Gene,Position,A,T,G,C,Coverage,Consensus
1-PB2,1,358,0,0,0,358,A
1-PB2,2,0,356,0,0,356,T
1-PB2,3,0,0,368,0,368,G
1-PB2,4,0,0,368,0,368,G
1-PB2,5,367,0,0,0,367,A
1-PB2,6,367,0,0,0,367,A
1-PB2,7,366,0,1,0,367,A
1-PB2,8,0,0,430,0,430,G
1-PB2,9,431,0,0,0,431,A
1-PB2,10,431,0,0,0,431,A
1-PB2,11,0,445,0,0,445,T
1-PB2,12,446,0,0,0,446,A
1-PB2,13,445,0,0,0,445,A
1-PB2,14,444,0,0,0,444,A
1-PB2,15,445,0,1,0,446,A
1-PB2,16,0,0,464,0,464,G
1-PB2,17,466,0,1,0,467,A
1-PB2,18,468,0,0,0,468,A
1-PB2,19,0,0,0,479,479,C
1-PB2,20,0,477,0,0,477,T
1-PB2,21,489,0,0,0,489,A
1-PB2,22,1,0,0,487,488,C
1-PB2,23,0,0,489,0,489,G
1-PB2,24,0,1,496,0,497,G
1-PB2,25,499,0,0,0,499,A
1-PB2,26,516,0,0,0,516,A
1-PB2,27,0,517,0,0,517,T
1-PB2,28,0,0,0,525,525,C
1-PB2,29,0,524,0,1,525,T
1-PB2,30,0,0,529,0,529,G
1-PB2,31,534,0,0,0,534,A
1-PB2,32,0,533,0,0,533,T
1-PB2,33,0,0,533,0,533,G
1-PB2,34,0,545,0,1,546,T
1-PB2,35,0,0,0,541,541,C
1-PB2,36,0,0,540,0,540,G
1-PB2,37,0,0,0,542,542,C
1-PB2,38,543,0,0,0,543,A
1-PB2,39,1,0,555,0,556,G
1-PB2,40,0,558,0,0,558,T
1-PB2,41,0,0,1,556,557,C
1-PB2,42,0,552,0,1,553,T
1-PB2,43,0,0,0,557,557,C
1-PB2,44,0,0,558,0,558,G
1-PB2,45,0,0,0,563,563,C
1-PB2,46,561,0,0,0,561,A
1-PB2,47,0,0,0,567,567,C
1-PB2,48,0,562,0,0,562,T
1-PB2,49,0,0,0,571,571,C
1-PB2,50,1,1,570,0,572,G
1-PB2,51,0,0,0,575,575,C
1-PB2,52,0,0,574,0,574,G
1-PB2,53,571,0,1,0,572,A
1-PB2,54,0,0,577,0,577,G
1-PB2,55,590,0,0,0,590,A
1-PB2,56,0,592,0,0,592,T
1-PB2,57,591,0,0,0,591,A
1-PB2,58,0,0,0,593,593,C
1-PB2,59,1,586,0,0,587,T
1-PB2,60,0,0,605,0,605,G
1-PB2,61,604,0,0,0,604,A
1-PB2,62,0,0,0,613,613,C
1-PB2,63,610,0,0,1,611,A
1-PB2,64,602,0,0,0,602,A
1-PB2,65,620,0,0,0,620,A
1-PB2,66,630,2,0,0,632,A
1-PB2,67,636,0,0,0,636,A
1-PB2,68,0,0,0,647,647,C
1-PB2,69,0,0,0,644,644,C
1-PB2,70,656,0,1,0,657,A
1-PB2,71,0,0,0,662,662,C
1-PB2,72,655,0,0,0,655,A
1-PB2,73,0,0,675,0,675,G
1-PB2,74,0,674,0,1,675,T
1-PB2,75,1,0,686,0,687,G
1-PB2,76,0,0,686,0,686,G
1-PB2,77,689,0,1,0,690,A
1-PB2,78,0,0,0,712,712,C
1-PB2,79,1,0,0,709,710,C
1-PB2,80,713,0,0,0,713,A
1-PB2,81,0,714,0,1,715,T
1-PB2,82,702,0,0,0,702,A
1-PB2,83,0,702,0,1,703,T
1-PB2,84,1,0,698,0,699,G
1-PB2,85,1,0,705,0,706,G
1-PB2,86,0,0,0,708,708,C
1-PB2,87,0,0,0,688,688,C
1-PB2,88,688,0,0,0,688,A
1-PB2,89,0,740,0,0,740,T
1-PB2,90,743,0,0,1,744,A
1-PB2,91,769,0,0,0,769,A
1-PB2,92,0,770,0,0,770,T
1-PB2,93,0,762,0,0,762,T
1-PB2,94,777,0,0,0,777,A
1-PB2,95,774,0,1,0,775,A
1-PB2,96,0,0,794,0,794,G
1-PB2,97,788,0,0,0,788,A
1-PB2,98,762,0,0,0,762,A
1-PB2,99,0,0,803,0,803,G
1-PB2,100,0,791,0,0,791,T
1-PB2,101,786,0,3,0,789,A
1-PB2,102,0,0,0,792,792,C
1-PB2,103,797,0,0,0,797,A
1-PB2,104,0,1,0,815,816,C
1-PB2,105,807,0,0,0,807,A
1-PB2,106,0,806,0,0,806,T
1-PB2,107,0,1,0,808,809,C
1-PB2,108,1,0,790,0,791,G
1-PB2,109,0,0,790,0,790,G
1-PB2,110,0,0,790,0,790,G
1-PB2,111,0,0,790,0,790,G
1-PB2,112,781,1,0,0,782,A
1-PB2,113,0,0,780,0,780,G
1-PB2,114,779,0,0,0,779,A
1-PB2,115,0,0,0,784,784,C
1-PB2,116,773,0,10,0,783,A
1-PB2,117,1,0,797,0,798,G
1-PB2,118,0,0,810,0,810,G
1-PB2,119,813,0,0,0,813,A
1-PB2,120,811,0,0,0,811,A
1-PB2,121,810,0,0,0,810,A
1-PB2,122,810,0,1,0,811,A
1-PB2,123,0,0,814,0,814,G
1-PB2,124,806,0,0,0,806,A
1-PB2,125,811,0,1,0,812,A
1-PB2,126,0,0,0,816,816,C
1-PB2,127,0,1,0,805,806,C
1-PB2,128,0,0,0,797,797,C
1-PB2,129,0,0,802,0,802,G
1-PB2,130,0,802,1,1,804,T
1-PB2,131,0,0,0,806,806,C
1-PB2,132,819,0,0,0,819,A
1-PB2,133,0,0,0,834,834,C
1-PB2,134,0,831,0,0,831,T
1-PB2,135,0,833,0,1,834,T
1-PB2,136,833,0,1,0,834,A
1-PB2,137,0,0,852,0,852,G
1-PB2,138,0,0,852,0,852,G
1-PB2,139,849,0,1,0,850,A
1-PB2,140,0,851,0,0,851,T
1-PB2,141,0,0,861,0,861,G
1-PB2,142,856,0,0,0,856,A
1-PB2,143,858,0,1,0,859,A
1-PB2,144,864,0,0,0,864,A
1-PB2,145,0,862,0,1,863,T
1-PB2,146,0,0,861,0,861,G
1-PB2,147,0,0,866,0,866,G
1-PB2,148,861,0,2,0,863,A
1-PB2,149,0,865,0,0,865,T
1-PB2,150,1,0,859,0,860,G
1-PB2,151,845,0,4,0,849,A
1-PB2,152,0,849,0,0,849,T
1-PB2,153,0,0,852,0,852,G
1-PB2,154,0,0,857,0,857,G
1-PB2,155,0,0,0,856,856,C
1-PB2,156,849,0,0,0,849,A
1-PB2,157,852,8,0,0,860,A
1-PB2,158,0,867,0,0,867,T
1-PB2,159,0,0,918,0,918,G
1-PB2,160,907,0,0,0,907,A
1-PB2,161,913,0,0,0,913,A
1-PB2,162,907,0,0,0,907,A
1-PB2,163,0,911,0,0,911,T
1-PB2,164,922,0,0,0,922,A
1-PB2,165,0,0,0,948,948,C
1-PB2,166,0,0,0,937,937,C
1-PB2,167,0,0,0,944,944,C
1-PB2,168,931,0,1,0,932,A
1-PB2,169,933,0,0,0,933,A
1-PB2,170,0,929,0,1,930,T
1-PB2,171,0,0,0,932,932,C
1-PB2,172,930,0,0,0,930,A
1-PB2,173,0,0,0,954,954,C
1-PB2,174,0,935,0,0,935,T
1-PB2,175,0,0,941,0,941,G
1-PB2,176,0,1,0,937,938,C
1-PB2,177,0,931,0,1,932,T
1-PB2,178,0,2,945,0,947,G
1-PB2,179,940,0,3,0,943,A
1-PB2,180,0,0,0,960,960,C
1-PB2,181,954,0,0,0,954,A
1-PB2,182,947,0,0,0,947,A
1-PB2,183,951,0,0,0,951,A
1-PB2,184,949,0,1,0,950,A
1-PB2,185,0,0,971,0,971,G
1-PB2,186,0,0,976,0,976,G
1-PB2,187,965,0,0,0,965,A
1-PB2,188,0,967,0,1,968,T
1-PB2,189,957,1,0,0,958,A
1-PB2,190,971,0,1,0,972,A
1-PB2,191,0,0,0,979,979,C
1-PB2,192,974,0,0,0,974,A
1-PB2,193,0,0,982,0,982,G
1-PB2,194,970,1,0,0,971,A
1-PB2,195,973,0,0,0,973,A
1-PB2,196,972,0,1,0,973,A
1-PB2,197,0,975,0,0,975,T
1-PB2,198,0,0,973,0,973,G
1-PB2,199,1,0,988,0,989,G
1-PB2,200,0,986,0,0,986,T
1-PB2,201,0,981,0,0,981,T
1-PB2,202,0,0,0,983,983,C
1-PB2,203,0,0,0,978,978,C
1-PB2,204,2,0,983,0,985,G
1-PB2,205,0,0,980,0,980,G
1-PB2,206,980,0,1,0,981,A
1-PB2,207,0,1,986,0,987,G
1-PB2,208,970,0,0,0,970,A
1-PB2,209,0,0,991,0,991,G
1-PB2,210,985,0,1,0,986,A
1-PB2,211,985,1,0,0,986,A
1-PB2,212,995,0,0,0,995,A
1-PB2,213,0,990,0,0,990,T
1-PB2,214,0,0,995,0,995,G
1-PB2,215,998,0,1,0,999,A
1-PB2,216,997,0,0,0,997,A
1-PB2,217,0,0,0,994,994,C
1-PB2,218,982,0,1,0,983,A
1-PB2,219,991,0,1,0,992,A
1-PB2,220,0,0,1011,0,1011,G
1-PB2,221,0,1,1019,0,1020,G
1-PB2,222,1024,0,1,0,1025,A
1-PB2,223,0,0,0,1016,1016,C
1-PB2,224,1014,0,0,0,1014,A
1-PB2,225,1013,1,0,0,1014,A
1-PB2,226,1079,0,1,0,1080,A
1-PB2,227,0,0,0,1092,1092,C
1-PB2,228,0,1078,0,1,1079,T
1-PB2,229,0,0,0,1109,1109,C
1-PB2,230,0,1084,0,0,1084,T
1-PB2,231,1093,0,1,0,1094,A
1-PB2,232,0,1091,0,0,1091,T
1-PB2,233,0,0,1097,0,1097,G
1-PB2,234,0,0,1122,0,1122,G
1-PB2,235,1057,0,2,0,1059,A
1-PB2,236,0,0,1075,0,1075,G
1-PB2,237,0,1075,0,0,1075,T
1-PB2,238,1070,0,0,0,1070,A
1-PB2,239,1069,0,0,0,1069,A
1-PB2,240,1067,0,0,1,1068,A
1-PB2,241,1068,0,1,0,1069,A
1-PB2,242,0,1065,0,0,1065,T
1-PB2,243,0,0,1067,0,1067,G
1-PB2,244,1031,2,1,0,1034,A
1-PB2,245,0,0,1048,0,1048,G
1-PB2,246,0,1028,0,1,1029,T
1-PB2,247,1,1,1031,0,1033,G
1-PB2,248,1040,0,0,0,1040,A
1-PB2,249,0,1044,0,0,1044,T
1-PB2,250,0,0,1048,0,1048,G
1-PB2,251,0,0,0,1043,1043,C
1-PB2,252,0,1034,0,1,1035,T
1-PB2,253,1,0,1098,0,1099,G
1-PB2,254,2,0,1099,0,1101,G
1-PB2,255,1112,0,0,1,1113,A
1-PB2,256,0,1108,0,0,1108,T
1-PB2,257,1,1,0,1107,1109,C
1-PB2,258,1116,0,1,0,1117,A
1-PB2,259,0,0,1157,0,1157,G
1-PB2,260,1151,0,1,0,1152,A
1-PB2,261,0,1156,0,0,1156,T
1-PB2,262,1115,0,0,0,1115,A
1-PB2,263,0,0,1150,0,1150,G
1-PB2,264,1134,0,1,0,1135,A
1-PB2,265,0,0,1153,0,1153,G
1-PB2,266,1,1131,0,0,1132,T
1-PB2,267,0,0,1128,0,1128,G
1-PB2,268,1107,0,2,0,1109,A
1-PB2,269,0,1123,0,1,1124,T
1-PB2,270,0,1,1138,0,1139,G
1-PB2,271,0,1,1162,0,1163,G
1-PB2,272,1,1138,0,1,1140,T
1-PB2,273,1134,0,1,0,1135,A
1-PB2,274,0,1111,0,0,1111,T
1-PB2,275,0,0,0,1114,1114,C
1-PB2,276,1144,0,1,0,1145,A
1-PB2,277,0,0,1,1168,1169,C
1-PB2,278,0,0,0,1163,1163,C
1-PB2,279,0,1141,0,3,1144,T
1-PB2,280,0,1126,1,0,1127,T
1-PB2,281,0,1133,0,0,1133,T
1-PB2,282,0,0,1155,0,1155,G
1-PB2,283,0,0,1162,0,1162,G
1-PB2,284,0,1,0,1176,1177,C
1-PB2,285,0,1159,0,0,1159,T
1-PB2,286,0,0,1155,0,1155,G
1-PB2,287,0,1156,0,0,1156,T
1-PB2,288,1162,0,1,0,1163,A
1-PB2,289,1164,1,0,0,1165,A
1-PB2,290,0,1,0,1162,1163,C
1-PB2,291,1146,0,0,0,1146,A
1-PB2,292,0,1146,0,0,1146,T
1-PB2,293,0,0,1131,0,1131,G
1-PB2,294,0,1,1165,0,1166,G
1-PB2,295,0,1157,0,2,1159,T
1-PB2,296,0,0,1156,0,1156,G
1-PB2,297,0,0,1176,0,1176,G
1-PB2,298,1172,0,0,0,1172,A
1-PB2,299,1184,0,0,0,1184,A
1-PB2,300,0,1181,0,0,1181,T
1-PB2,301,1174,0,0,1,1175,A
1-PB2,302,0,0,1197,0,1197,G
1-PB2,303,1189,0,0,0,1189,A
1-PB2,304,1191,0,0,0,1191,A
1-PB2,305,1187,0,0,0,1187,A
1-PB2,306,0,1156,0,0,1156,T
1-PB2,307,0,1,1151,0,1152,G
1-PB2,308,0,2,1148,0,1150,G
1-PB2,309,1150,0,3,0,1153,A
1-PB2,310,0,0,0,1157,1157,C
1-PB2,311,0,0,0,1137,1137,C
1-PB2,312,1,1,0,1135,1137,C
1-PB2,313,0,0,1149,0,1149,G
1-PB2,314,0,1154,0,2,1156,T
1-PB2,315,0,1,1177,0,1178,G
1-PB2,316,1180,1,1,0,1182,A
1-PB2,317,0,0,0,1182,1182,C
1-PB2,318,1178,0,0,0,1178,A
1-PB2,319,1179,0,0,0,1179,A
1-PB2,320,0,0,1213,0,1213,G
1-PB2,321,0,1215,0,0,1215,T
1-PB2,322,1209,0,0,0,1209,A
1-PB2,323,0,0,0,1198,1198,C
1-PB2,324,1,0,1185,0,1186,G
1-PB2,325,0,0,1215,0,1215,G
1-PB2,326,0,1213,0,0,1213,T
1-PB2,327,0,0,0,1229,1229,C
1-PB2,328,0,0,0,1230,1230,C
1-PB2,329,1210,0,1,1,1212,A
1-PB2,330,0,1211,0,0,1211,T
1-PB2,331,0,1211,0,0,1211,T
1-PB2,332,1263,0,1,0,1264,A
1-PB2,333,0,0,0,1261,1261,C
1-PB2,334,0,1,0,1233,1234,C
1-PB2,335,0,0,0,1233,1233,C
1-PB2,336,1215,0,0,0,1215,A
1-PB2,337,1226,0,0,0,1226,A
1-PB2,338,1219,0,1,0,1220,A
1-PB2,339,1216,0,0,0,1216,A
1-PB2,340,0,0,1222,0,1222,G
1-PB2,341,0,1150,0,1,1151,T
1-PB2,342,0,0,1162,0,1162,G
1-PB2,343,0,1165,1,0,1166,T
1-PB2,344,1165,0,2,0,1167,A
1-PB2,345,0,0,0,1166,1166,C
1-PB2,346,1160,1,0,0,1161,A
1-PB2,347,1161,0,0,0,1161,A
1-PB2,348,1132,0,1,0,1133,A
1-PB2,349,1145,0,0,0,1145,A
1-PB2,350,1,0,0,1141,1142,C
1-PB2,351,0,1144,0,0,1144,T
1-PB2,352,0,1154,0,0,1154,T
1-PB2,353,1154,0,0,0,1154,A
1-PB2,354,0,1153,0,0,1153,T
1-PB2,355,0,1149,0,1,1150,T
1-PB2,356,0,1150,0,0,1150,T
1-PB2,357,1,1,0,1149,1151,C
1-PB2,358,0,0,1144,0,1144,G
1-PB2,359,1139,3,2,0,1144,A
1-PB2,360,0,1,0,1144,1145,C
1-PB2,361,1141,0,0,0,1141,A
1-PB2,362,1139,0,0,0,1139,A
1-PB2,363,1140,0,1,1,1142,A
1-PB2,364,0,0,1159,0,1159,G
1-PB2,365,0,1160,0,1,1161,T
1-PB2,366,1,0,0,1161,1162,C
1-PB2,367,0,1,1161,0,1162,G
1-PB2,368,1154,0,0,0,1154,A
1-PB2,369,1155,1,0,0,1156,A
1-PB2,370,1155,0,1,1,1157,A
1-PB2,371,0,0,1218,0,1218,G
1-PB2,372,0,0,1218,0,1218,G
1-PB2,373,0,1212,0,0,1212,T
1-PB2,374,1,1208,0,0,1209,T
1-PB2,375,1208,0,0,0,1208,A
1-PB2,376,1208,1,0,0,1209,A
1-PB2,377,1211,0,0,0,1211,A
1-PB2,378,1216,0,0,0,1216,A
1-PB2,379,0,0,0,1222,1222,C
1-PB2,380,1174,0,0,0,1174,A
1-PB2,381,0,1173,0,0,1173,T
1-PB2,382,0,0,1166,0,1166,G
1-PB2,383,0,0,1168,0,1168,G
1-PB2,384,1166,0,0,0,1166,A
1-PB2,385,1173,0,1,0,1174,A
1-PB2,386,0,0,0,1208,1208,C
1-PB2,387,0,0,0,1212,1212,C
1-PB2,388,0,1202,0,0,1202,T
1-PB2,389,0,1206,0,0,1206,T
1-PB2,390,0,1204,0,1,1205,T
1-PB2,391,6,0,1193,0,1199,G
1-PB2,392,0,3,1205,0,1208,G
1-PB2,393,0,0,0,1208,1208,C
1-PB2,394,0,1,0,1195,1196,C
1-PB2,395,0,3,0,1191,1194,C
1-PB2,396,0,1157,0,1,1158,T
1-PB2,397,0,0,1172,0,1172,G
1-PB2,398,1,1171,0,1,1173,T
1-PB2,399,0,1172,0,0,1172,T
1-PB2,400,0,1,0,1173,1174,C
1-PB2,401,1161,0,0,0,1161,A
1-PB2,402,0,1155,0,0,1155,T
1-PB2,403,0,1159,1,1,1161,T
1-PB2,404,0,1157,0,0,1157,T
1-PB2,405,0,1160,0,0,1160,T
1-PB2,406,1145,0,0,0,1145,A
1-PB2,407,0,0,1146,0,1146,G
1-PB2,408,1145,0,0,0,1145,A
1-PB2,409,1142,0,1,0,1143,A
1-PB2,410,1139,0,0,0,1139,A
1-PB2,411,0,1137,0,0,1137,T
1-PB2,412,0,0,0,1137,1137,C
1-PB2,413,1137,0,0,0,1137,A
1-PB2,414,1149,0,0,1,1150,A
1-PB2,415,0,0,1159,0,1159,G
1-PB2,416,0,1150,0,0,1150,T
1-PB2,417,0,0,0,1154,1154,C
1-PB2,418,1160,0,3,0,1163,A
1-PB2,419,1164,0,0,0,1164,A
1-PB2,420,0,1,1161,0,1162,G
1-PB2,421,1162,0,1,0,1163,A
1-PB2,422,0,1169,0,0,1169,T
1-PB2,423,1195,0,1,0,1196,A
1-PB2,424,0,0,0,1190,1190,C
1-PB2,425,0,0,1189,0,1189,G
1-PB2,426,0,0,0,1208,1208,C
1-PB2,427,1199,0,0,0,1199,A
1-PB2,428,0,0,1213,0,1213,G
1-PB2,429,1214,0,0,0,1214,A
1-PB2,430,1217,0,3,0,1220,A
1-PB2,431,1,0,1250,0,1251,G
1-PB2,432,1211,0,1,0,1212,A
1-PB2,433,0,0,1225,0,1225,G
1-PB2,434,0,1217,0,0,1217,T
1-PB2,435,1209,0,0,0,1209,A
1-PB2,436,0,0,1218,0,1218,G
1-PB2,437,1215,1,0,0,1216,A
1-PB2,438,1,0,0,1276,1277,C
1-PB2,439,1256,0,0,0,1256,A
1-PB2,440,0,1238,1,0,1239,T
1-PB2,441,1228,0,1,0,1229,A
1-PB2,442,1228,0,0,0,1228,A
1-PB2,443,1238,1,0,0,1239,A
1-PB2,444,0,0,0,1239,1239,C
1-PB2,445,0,0,0,1216,1216,C
1-PB2,446,0,0,0,1211,1211,C
1-PB2,447,0,1137,0,0,1137,T
1-PB2,448,1,0,1146,0,1147,G
1-PB2,449,0,0,1160,0,1160,G
1-PB2,450,0,1152,0,1,1153,T
1-PB2,451,0,1,0,1145,1146,C
1-PB2,452,1174,0,1,0,1175,A
1-PB2,453,0,1171,0,0,1171,T
1-PB2,454,0,0,1181,0,1181,G
1-PB2,455,0,0,0,1181,1181,C
1-PB2,456,1170,1,2,0,1173,A
1-PB2,457,0,1,1178,0,1179,G
1-PB2,458,1155,0,0,0,1155,A
1-PB2,459,0,0,0,1174,1174,C
1-PB2,460,0,0,0,1165,1165,C
1-PB2,461,0,1140,0,1,1141,T
1-PB2,462,0,1,0,1152,1153,C
1-PB2,463,1135,0,0,0,1135,A
1-PB2,464,2,0,1149,0,1151,G
1-PB2,465,0,1152,0,1,1153,T
1-PB2,466,1,0,1144,0,1145,G
1-PB2,467,0,0,0,1141,1141,C
1-PB2,468,0,0,2,1123,1125,C
1-PB2,469,1125,0,1,0,1126,A
1-PB2,470,1129,0,0,0,1129,A
1-PB2,471,1119,0,1,0,1120,A
1-PB2,472,0,0,1124,0,1124,G
1-PB2,473,1077,0,2,0,1079,A
1-PB2,474,0,0,1091,0,1091,G
1-PB2,475,0,0,1085,0,1085,G
1-PB2,476,0,0,0,1087,1087,C
1-PB2,477,1090,0,0,0,1090,A
1-PB2,478,0,0,0,1094,1094,C
1-PB2,479,1092,0,1,0,1093,A
1-PB2,480,1116,0,1,0,1117,A
1-PB2,481,1,0,1127,0,1128,G
1-PB2,482,1151,0,1,0,1152,A
1-PB2,483,0,1139,0,0,1139,T
1-PB2,484,0,0,1142,0,1142,G
1-PB2,485,0,1138,0,0,1138,T
1-PB2,486,1139,0,1,0,1140,A
1-PB2,487,1139,0,0,0,1139,A
1-PB2,488,0,1143,0,1,1144,T
1-PB2,489,0,1087,0,0,1087,T
1-PB2,490,1084,0,0,0,1084,A
1-PB2,491,0,1035,0,3,1038,T
1-PB2,492,0,0,1042,0,1042,G
1-PB2,493,0,0,1039,0,1039,G
1-PB2,494,1030,0,0,0,1030,A
1-PB2,495,1015,0,0,0,1015,A
1-PB2,496,0,0,1023,0,1023,G
1-PB2,497,0,1021,0,0,1021,T
1-PB2,498,0,1020,0,0,1020,T
1-PB2,499,0,0,1027,0,1027,G
1-PB2,500,0,1023,0,1,1024,T
1-PB2,501,0,1020,0,0,1020,T
1-PB2,502,0,1016,0,0,1016,T
1-PB2,503,0,1018,0,0,1018,T
1-PB2,504,0,1019,0,0,1019,T
1-PB2,505,1,0,0,1018,1019,C
1-PB2,506,1,0,0,1012,1013,C
1-PB2,507,1,0,0,1017,1018,C
1-PB2,508,1008,0,0,0,1008,A
1-PB2,509,1020,0,0,0,1020,A
1-PB2,510,0,1015,1,0,1016,T
1-PB2,511,0,0,1022,0,1022,G
1-PB2,512,1026,0,0,1,1027,A
1-PB2,513,1017,0,0,1,1018,A
1-PB2,514,0,0,1022,0,1022,G
1-PB2,515,0,1016,0,0,1016,T
1-PB2,516,0,0,1012,0,1012,G
1-PB2,517,0,0,1020,0,1020,G
1-PB2,518,1,0,1015,0,1016,G
1-PB2,519,1014,0,3,0,1017,A
1-PB2,520,0,0,1011,0,1011,G
1-PB2,521,0,1,0,1020,1021,C
1-PB2,522,0,0,0,1021,1021,C
1-PB2,523,1018,0,0,0,1018,A
1-PB2,524,0,0,1050,0,1050,G
1-PB2,525,0,0,1054,0,1054,G
1-PB2,526,1058,0,1,0,1059,A
1-PB2,527,0,1059,0,0,1059,T
1-PB2,528,1062,0,0,0,1062,A
1-PB2,529,0,0,0,1062,1062,C
1-PB2,530,0,1051,0,2,1053,T
1-PB2,531,1054,0,0,0,1054,A
1-PB2,532,1058,0,0,0,1058,A
1-PB2,533,0,0,0,1060,1060,C
1-PB2,534,1032,1,0,0,1033,A
1-PB2,535,0,1017,0,0,1017,T
1-PB2,536,0,0,0,1025,1025,C
1-PB2,537,1001,0,1,0,1002,A
1-PB2,538,1,0,1013,0,1014,G
1-PB2,539,1010,0,0,0,1010,A
1-PB2,540,1008,0,0,0,1008,A
1-PB2,541,0,1017,0,0,1017,T
1-PB2,542,0,0,0,990,990,C
1-PB2,543,994,0,1,0,995,A
1-PB2,544,0,0,0,1010,1010,C
1-PB2,545,1012,0,0,0,1012,A
1-PB2,546,1018,0,0,0,1018,A
1-PB2,547,1,996,0,0,997,T
1-PB2,548,0,1003,0,0,1003,T
1-PB2,549,1012,0,0,0,1012,A
1-PB2,550,1021,1,0,0,1022,A
1-PB2,551,0,0,0,1024,1024,C
1-PB2,552,1014,0,0,0,1014,A
1-PB2,553,1003,0,0,0,1003,A
1-PB2,554,0,1026,1,0,1027,T
1-PB2,555,1016,0,0,0,1016,A
1-PB2,556,1017,0,0,0,1017,A
1-PB2,557,0,0,0,1020,1020,C
1-PB2,558,0,1009,0,0,1009,T
1-PB2,559,1009,0,0,0,1009,A
1-PB2,560,1006,0,0,0,1006,A
1-PB2,561,1008,0,1,0,1009,A
1-PB2,562,0,0,1008,0,1008,G
1-PB2,563,986,1,2,0,989,A
1-PB2,564,0,0,997,0,997,G
1-PB2,565,980,0,1,0,981,A
1-PB2,566,991,0,1,0,992,A
1-PB2,567,994,0,0,0,994,A
1-PB2,568,989,0,0,0,989,A
1-PB2,569,999,0,1,0,1000,A
1-PB2,570,998,0,0,0,998,A
1-PB2,571,0,0,1002,0,1002,G
1-PB2,572,1005,0,0,0,1005,A
1-PB2,573,997,0,0,0,997,A
1-PB2,574,0,0,998,0,998,G
1-PB2,575,999,0,0,0,999,A
1-PB2,576,1001,0,0,0,1001,A
1-PB2,577,0,0,0,1018,1018,C
1-PB2,578,0,991,1,2,994,T
1-PB2,579,2,0,0,1008,1010,C
1-PB2,580,0,2,0,1008,1010,C
1-PB2,581,0,0,1007,0,1007,G
1-PB2,582,995,0,2,0,997,A
1-PB2,583,0,0,1004,0,1004,G
1-PB2,584,995,0,1,0,996,A
1-PB2,585,0,997,0,0,997,T
1-PB2,586,0,988,0,0,988,T
1-PB2,587,1,0,986,0,987,G
1-PB2,588,0,0,0,992,992,C
1-PB2,589,987,0,0,0,987,A
1-PB2,590,987,0,2,0,989,A
1-PB2,591,987,0,0,0,987,A
1-PB2,592,995,0,0,0,995,A
1-PB2,593,0,994,0,0,994,T
1-PB2,594,0,987,0,0,987,T
1-PB2,595,0,979,0,0,979,T
1-PB2,596,0,0,0,977,977,C
1-PB2,597,0,958,0,0,958,T
1-PB2,598,1,0,0,1129,1130,C
1-PB2,599,1,0,0,1130,1131,C
1-PB2,600,0,0,0,1314,1314,C
1-PB2,601,0,1274,0,0,1274,T
1-PB2,602,0,1308,0,1,1309,T
1-PB2,603,0,0,1321,0,1321,G
1-PB2,604,1318,0,1,0,1319,A
1-PB2,605,0,1367,0,0,1367,T
1-PB2,606,0,0,1419,0,1419,G
1-PB2,607,1,0,1730,0,1731,G
1-PB2,608,0,1791,0,2,1793,T
1-PB2,609,0,1787,0,0,1787,T
1-PB2,610,0,0,2024,0,2024,G
1-PB2,611,0,0,0,2052,2052,C
1-PB2,612,2109,0,0,0,2109,A
1-PB2,613,0,2108,0,4,2112,T
1-PB2,614,2138,1,2,8,2149,A
1-PB2,615,0,1,0,2341,2342,C
1-PB2,616,2813,21,0,5,2839,A
1-PB2,617,0,2977,0,0,2977,T
1-PB2,618,0,0,3188,0,3188,G
1-PB2,619,0,3177,0,0,3177,T
1-PB2,620,0,3180,0,4,3184,T
1-PB2,621,3186,0,0,0,3186,A
1-PB2,622,1,1,3197,0,3199,G
1-PB2,623,3263,1,1,0,3265,A
1-PB2,624,0,1,3332,0,3333,G
1-PB2,625,3256,0,2,0,3258,A
1-PB2,626,0,2,3290,1,3293,G
1-PB2,627,3251,0,4,0,3255,A
1-PB2,628,1,0,3281,0,3282,G
1-PB2,629,3300,0,2,0,3302,A
1-PB2,630,3312,0,0,0,3312,A
1-PB2,631,0,6,0,3327,3333,C
1-PB2,632,1,3313,0,2,3316,T
1-PB2,633,0,3316,0,0,3316,T
1-PB2,634,0,0,3312,0,3312,G
1-PB2,635,0,3316,0,0,3316,T
1-PB2,636,3317,0,2,0,3319,A
1-PB2,637,0,0,0,3310,3310,C
1-PB2,638,2,0,3293,0,3295,G
1-PB2,639,3309,0,0,0,3309,A
1-PB2,640,3299,0,1,0,3300,A
1-PB2,641,3374,0,0,0,3374,A
1-PB2,642,3373,0,0,0,3373,A
1-PB2,643,3377,2,1,1,3381,A
1-PB2,644,0,4,0,3391,3395,C
1-PB2,645,3392,0,0,0,3392,A
1-PB2,646,3394,0,0,0,3394,A
1-PB2,647,1,1,3429,0,3431,G
1-PB2,648,3445,1,0,0,3446,A
1-PB2,649,1,3450,0,0,3451,T
1-PB2,650,0,3438,0,0,3438,T
1-PB2,651,0,3445,0,0,3445,T
1-PB2,652,0,0,2,3450,3452,C
1-PB2,653,0,3443,0,1,3444,T
1-PB2,654,1,0,0,3466,3467,C
1-PB2,655,0,0,0,3451,3451,C
1-PB2,656,0,0,0,3476,3476,C
1-PB2,657,3475,0,0,0,3475,A
1-PB2,658,1,0,3505,0,3506,G
1-PB2,659,1,3510,0,3,3514,T
1-PB2,660,0,3499,0,1,3500,T
1-PB2,661,0,0,3498,0,3498,G
1-PB2,662,1,2,0,3507,3510,C
1-PB2,663,1,3493,0,3,3497,T
1-PB2,664,0,1,3505,1,3507,G
1-PB2,665,1,0,3504,0,3505,G
1-PB2,666,0,1,0,3511,3512,C
1-PB2,667,0,0,3521,0,3521,G
1-PB2,668,1,0,3588,0,3589,G
1-PB2,669,3616,0,3,0,3619,A
1-PB2,670,3604,0,14,0,3618,A
1-PB2,671,0,0,0,3632,3632,C
1-PB2,672,3658,0,0,0,3658,A
1-PB2,673,3659,0,1,1,3661,A
1-PB2,674,0,0,3880,0,3880,G
1-PB2,675,0,0,0,3956,3956,C
1-PB2,676,3961,1,1,0,3963,A
1-PB2,677,0,0,5108,0,5108,G
1-PB2,678,1,5096,0,1,5098,T
1-PB2,679,5107,0,5,0,5112,A
1-PB2,680,2,5118,0,1,5121,T
1-PB2,681,5128,0,1,0,5129,A
1-PB2,682,0,5124,0,0,5124,T
1-PB2,683,5034,1,1,0,5036,A
1-PB2,684,0,0,0,5098,5098,C
1-PB2,685,4850,0,0,0,4850,A
1-PB2,686,0,4581,0,1,4582,T
1-PB2,687,0,4417,0,0,4417,T
1-PB2,688,1,0,4412,0,4413,G
1-PB2,689,4400,1,0,0,4401,A
1-PB2,690,4399,0,2,0,4401,A
1-PB2,691,0,0,4481,0,4481,G
1-PB2,692,0,4442,1,0,4443,T
1-PB2,693,0,4407,0,0,4407,T
1-PB2,694,0,4420,0,0,4420,T
1-PB2,695,0,4419,0,0,4419,T
1-PB2,696,4488,0,6,0,4494,A
1-PB2,697,1,1,0,4527,4529,C
1-PB2,698,4531,0,3,0,4534,A
1-PB2,699,2,4523,0,1,4526,T
1-PB2,700,0,4486,0,2,4488,T
1-PB2,701,1,4490,2,0,4493,T
1-PB2,702,0,1,4552,2,4555,G
1-PB2,703,4589,0,3,0,4592,A
1-PB2,704,0,1,0,4633,4634,C
1-PB2,705,2,4557,0,1,4560,T
1-PB2,706,1,1,0,4588,4590,C
1-PB2,707,4570,1,6,0,4577,A
1-PB2,708,137,0,4529,0,4666,G
1-PB2,709,0,0,4851,0,4851,G
1-PB2,710,0,0,4877,0,4877,G
1-PB2,711,4864,0,4,0,4868,A
1-PB2,712,4678,0,9,205,4892,A
1-PB2,713,0,0,0,4897,4897,C
1-PB2,714,1,0,4939,0,4940,G
1-PB2,715,1,4904,0,1,4906,T
1-PB2,716,0,0,4931,0,4931,G
1-PB2,717,1,4867,0,0,4868,T
1-PB2,718,0,4851,0,0,4851,T
1-PB2,719,2,1,4865,0,4868,G
1-PB2,720,1,1,4870,1,4873,G
1-PB2,721,1,1,4960,0,4962,G
1-PB2,722,4918,1,4,0,4923,A
1-PB2,723,4931,0,1,0,4932,A
1-PB2,724,0,0,0,5106,5106,C
1-PB2,725,5082,1,0,1,5084,A
1-PB2,726,5281,1,2,0,5284,A
1-PB2,727,5316,0,1,0,5317,A
1-PB2,728,1,5345,0,0,5346,T
1-PB2,729,0,1,5442,0,5443,G
1-PB2,730,0,5391,0,3,5394,T
1-PB2,731,5390,0,5,0,5395,A
1-PB2,732,0,2,0,5406,5408,C
1-PB2,733,5289,0,2,0,5291,A
1-PB2,734,0,0,0,5271,5271,C
1-PB2,735,0,5091,0,3,5094,T
1-PB2,736,0,1,0,5581,5582,C
1-PB2,737,0,1,0,5585,5586,C
1-PB2,738,5677,0,3,0,5680,A
1-PB2,739,1,1,5738,0,5740,G
1-PB2,740,0,1,5898,0,5899,G
1-PB2,741,2,5867,1,3,5873,T
1-PB2,742,1,0,5868,0,5869,G
1-PB2,743,0,0,5703,0,5703,G
1-PB2,744,5609,2,6,0,5617,A
1-PB2,745,2,1,5691,0,5694,G
1-PB2,746,2,0,5699,0,5701,G
1-PB2,747,5581,0,14,0,5595,A
1-PB2,748,0,0,5678,1,5679,G
1-PB2,749,3,5520,1,4,5528,T
1-PB2,750,0,0,5577,0,5577,G
1-PB2,751,5536,0,6,0,5542,A
1-PB2,752,1,0,5620,0,5621,G
1-PB2,753,0,1,5656,0,5657,G
1-PB2,754,5601,1,2,0,5604,A
1-PB2,755,5613,0,1,0,5614,A
1-PB2,756,0,5627,1,0,5628,T
1-PB2,757,0,1,5612,0,5613,G
1-PB2,758,5609,2,4,0,5615,A
1-PB2,759,0,2,0,5576,5578,C
1-PB2,760,0,0,5591,0,5591,G
1-PB2,761,5655,0,0,0,5655,A
1-PB2,762,0,5621,0,0,5621,T
1-PB2,763,1,0,5644,0,5645,G
1-PB2,764,0,5647,0,1,5648,T
1-PB2,765,1,5597,0,1,5599,T
1-PB2,766,1,2,5636,0,5639,G
1-PB2,767,5643,0,4,0,5647,A
1-PB2,768,0,0,0,5639,5639,C
1-PB2,769,1,3,0,5638,5642,C
1-PB2,770,5574,0,2,0,5576,A
1-PB2,771,5560,0,0,1,5561,A
1-PB2,772,5570,0,5,1,5576,A
1-PB2,773,1,0,5741,0,5742,G
1-PB2,774,1,2,0,5738,5741,C
1-PB2,775,0,0,0,5730,5730,C
1-PB2,776,0,5770,2,0,5772,T
1-PB2,777,5783,1,2,0,5786,A
1-PB2,778,5780,0,1,0,5781,A
1-PB2,779,0,5781,2,1,5784,T
1-PB2,780,0,5772,0,0,5772,T
1-PB2,781,5698,0,2,0,5700,A
1-PB2,782,1,5520,1,1,5523,T
1-PB2,783,1,5506,0,3,5510,T
1-PB2,784,0,1,5476,0,5477,G
1-PB2,785,1,6,0,5447,5454,C
1-PB2,786,1,0,5460,0,5461,G
1-PB2,787,2,1,5592,0,5595,G
1-PB2,788,0,4,0,5567,5571,C
1-PB2,789,1,0,0,5620,5621,C
1-PB2,790,5620,0,1,0,5621,A
1-PB2,791,0,0,5702,0,5702,G
1-PB2,792,881,0,4881,0,5762,G
1-PB2,793,5758,0,4,0,5762,A
1-PB2,794,5806,2,3,0,5811,A
1-PB2,795,0,0,0,5837,5837,C
1-PB2,796,5750,0,0,0,5750,A
1-PB2,797,0,5848,0,3,5851,T
1-PB2,798,5900,1,4,0,5905,A
1-PB2,799,1,0,5990,0,5991,G
1-PB2,800,0,5901,0,4,5905,T
1-PB2,801,5872,0,1,0,5873,A
1-PB2,802,5861,1,0,1,5863,A
1-PB2,803,0,0,5865,0,5865,G
1-PB2,804,5814,0,2,0,5816,A
1-PB2,805,5755,0,0,1,5756,A
1-PB2,806,0,0,5725,0,5725,G
1-PB2,807,5524,0,7,0,5531,A
1-PB2,808,0,0,5553,0,5553,G
1-PB2,809,2,1,0,5560,5563,C
1-PB2,810,1,1,0,5563,5565,C
1-PB2,811,4,0,5564,0,5568,G
1-PB2,812,2,0,0,5605,5607,C
1-PB2,813,5621,0,2,0,5623,A
1-PB2,814,2,0,5961,0,5963,G
1-PB2,815,0,5926,0,2,5928,T
1-PB2,816,5958,0,1,0,5959,A
1-PB2,817,2,5910,0,1,5913,T
1-PB2,818,0,1,0,5979,5980,C
1-PB2,819,5972,1,7,0,5980,A
1-PB2,820,1,0,5997,0,5998,G
1-PB2,821,0,0,0,5983,5983,C
1-PB2,822,5756,1,3,0,5760,A
1-PB2,823,0,0,5709,1,5710,G
1-PB2,824,5745,0,1,0,5746,A
1-PB2,825,0,5722,0,1,5723,T
1-PB2,826,1,1,0,5766,5768,C
1-PB2,827,1,1,0,5779,5781,C
1-PB2,828,5797,0,1,0,5798,A
1-PB2,829,1,0,0,5807,5808,C
1-PB2,830,2,5798,0,1,5801,T
1-PB2,831,5805,1,3,0,5809,A
1-PB2,832,3,0,5809,1,5813,G
1-PB2,833,0,0,0,5764,5764,C
1-PB2,834,5743,2,2,0,5747,A
1-PB2,835,1,5757,0,0,5758,T
1-PB2,836,0,0,1,5816,5817,C
1-PB2,837,2,5775,0,2,5779,T
1-PB2,838,0,5940,0,0,5940,T
1-PB2,839,0,5975,0,0,5975,T
1-PB2,840,5973,0,0,0,5973,A
1-PB2,841,0,5969,1,1,5971,T
1-PB2,842,0,5944,2,0,5946,T
1-PB2,843,2,0,5930,0,5932,G
1-PB2,844,1,1,5940,0,5942,G
1-PB2,845,5798,0,7,1,5806,A
1-PB2,846,2,0,5832,0,5834,G
1-PB2,847,5740,1,2,0,5743,A
1-PB2,848,0,5726,0,2,5728,T
1-PB2,849,2,0,5833,0,5835,G
1-PB2,850,0,5819,0,4,5823,T
1-PB2,851,2,1,5801,0,5804,G
1-PB2,852,2,3,0,5802,5807,C
1-PB2,853,0,2,0,5771,5773,C
1-PB2,854,5785,0,0,0,5785,A
1-PB2,855,0,3,0,5786,5789,C
1-PB2,856,5699,0,5,1,5705,A
1-PB2,857,0,1,5795,1,5797,G
1-PB2,858,0,3,0,5669,5672,C
1-PB2,859,5676,2,3,0,5681,A
1-PB2,860,0,0,1,5663,5664,C
1-PB2,861,5652,1,3,0,5656,A
1-PB2,862,1,0,0,5721,5722,C
1-PB2,863,5700,0,2,0,5702,A
1-PB2,864,5700,1,3,0,5704,A
1-PB2,865,5710,0,0,0,5710,A
1-PB2,866,2,5538,0,0,5540,T
1-PB2,867,0,5534,0,1,5535,T
1-PB2,868,0,0,5504,0,5504,G
1-PB2,869,2,2,5479,0,5483,G
1-PB2,870,2,6,0,5474,5482,C
1-PB2,871,18,0,5368,0,5386,G
1-PB2,872,4,3,5398,0,5405,G
1-PB2,873,0,0,5356,0,5356,G
1-PB2,874,4,0,5369,0,5373,G
1-PB2,875,1,2,0,5522,5525,C
1-PB2,876,5551,1,2,0,5554,A
1-PB2,877,5549,0,1,0,5550,A
1-PB2,878,5248,1,6,0,5255,A
1-PB2,879,3,0,5308,0,5311,G
1-PB2,880,5322,2,1,1,5326,A
1-PB2,881,0,5325,0,1,5326,T
1-PB2,882,1,1,5129,0,5131,G
1-PB2,883,1,0,5150,1,5152,G
1-PB2,884,0,5090,0,3,5093,T
1-PB2,885,2,0,5097,1,5100,G
1-PB2,886,2,0,5089,0,5091,G
1-PB2,887,5078,1,2,0,5081,A
1-PB2,888,0,3,0,5069,5072,C
1-PB2,889,4961,0,0,0,4961,A
1-PB2,890,1,5823,0,0,5824,T
1-PB2,891,0,5798,0,4,5802,T
1-PB2,892,0,2,0,5813,5815,C
1-PB2,893,0,5793,1,1,5795,T
1-PB2,894,0,5796,0,1,5797,T
1-PB2,895,5796,0,8,0,5804,A
1-PB2,896,1,0,5824,0,5825,G
1-PB2,897,5795,1,5,0,5801,A
1-PB2,898,1,0,0,5794,5795,C
1-PB2,899,4742,0,3,0,4745,A
1-PB2,900,1,0,4847,0,4848,G
1-PB2,901,4802,0,2,0,4804,A
1-PB2,902,4823,1,4,0,4828,A
1-PB2,903,0,1,0,4818,4819,C
1-PB2,904,0,0,0,4820,4820,C
1-PB2,905,1,0,1,4807,4809,C
1-PB2,906,0,1,4800,0,4801,G
1-PB2,907,4785,3,6,0,4794,A
1-PB2,908,0,1,0,4824,4825,C
1-PB2,909,0,4747,0,1,4748,T
1-PB2,910,0,1,4795,0,4796,G
1-PB2,911,4787,0,5,0,4792,A
1-PB2,912,4819,0,5,0,4824,A
1-PB2,913,0,0,4839,0,4839,G
1-PB2,914,4812,0,1,0,4813,A
1-PB2,915,4826,3,3,0,4832,A
1-PB2,916,1,0,0,4821,4822,C
1-PB2,917,4773,1,0,0,4774,A
1-PB2,918,4807,0,2,1,4810,A
1-PB2,919,2,0,4853,0,4855,G
1-PB2,920,0,3,0,4891,4894,C
1-PB2,921,0,4737,0,96,4833,T
1-PB2,922,0,0,4941,1,4942,G
1-PB2,923,1,4916,0,1,4918,T
1-PB2,924,0,0,4991,0,4991,G
1-PB2,925,0,1,5184,0,5185,G
1-PB2,926,5180,2,4,0,5186,A
1-PB2,927,0,5180,0,1,5181,T
1-PB2,928,5107,0,0,0,5107,A
1-PB2,929,0,5035,0,0,5035,T
1-PB2,930,5183,0,2,0,5185,A
1-PB2,931,0,5079,0,0,5079,T
1-PB2,932,0,0,5048,0,5048,G
1-PB2,933,0,4,2,4962,4968,C
1-PB2,934,4691,1,2,0,4694,A
1-PB2,935,4685,1,6,1,4693,A
1-PB2,936,1,0,4688,0,4689,G
1-PB2,937,1,0,4706,1,4708,G
1-PB2,938,0,2,0,4715,4717,C
1-PB2,939,0,4596,0,3,4599,T
1-PB2,940,2,0,4627,0,4629,G
1-PB2,941,1,0,0,4647,4648,C
1-PB2,942,4650,1,3,0,4654,A
1-PB2,943,4663,0,1,0,4664,A
1-PB2,944,0,4623,0,2,4625,T
1-PB2,945,0,1,4659,1,4661,G
1-PB2,946,1,0,4600,0,4601,G
1-PB2,947,0,0,4628,0,4628,G
1-PB2,948,4609,0,3,0,4612,A
1-PB2,949,1,4584,1,3,4589,T
1-PB2,950,0,4579,0,3,4582,T
1-PB2,951,0,0,4584,0,4584,G
1-PB2,952,4549,1,4,0,4554,A
1-PB2,953,0,0,4636,0,4636,G
1-PB2,954,4586,0,3,0,4589,A
1-PB2,955,4542,1,0,0,4543,A
1-PB2,956,0,4482,2,1,4485,T
1-PB2,957,1,0,0,4498,4499,C
1-PB2,958,4501,0,1,0,4502,A
1-PB2,959,2,0,4530,0,4532,G
1-PB2,960,1,1,0,4523,4525,C
1-PB2,961,1,4483,0,2,4486,T
1-PB2,962,0,2,2,4466,4470,C
1-PB2,963,4470,0,0,0,4470,A
1-PB2,964,1,4570,1,4,4576,T
1-PB2,965,0,1,0,4606,4607,C
1-PB2,966,0,2,0,4642,4644,C
1-PB2,967,5,4586,2,3,4596,T
1-PB2,968,1,4572,0,3,4576,T
1-PB2,969,1,1,0,4582,4584,C
1-PB2,970,4590,1,2,0,4593,A
1-PB2,971,0,0,4668,0,4668,G
1-PB2,972,0,0,1,4656,4657,C
1-PB2,973,0,4552,0,4,4556,T
1-PB2,974,0,4563,0,2,4565,T
1-PB2,975,0,4525,0,2,4527,T
1-PB2,976,0,2,4544,0,4546,G
1-PB2,977,3,1,4547,0,4551,G
1-PB2,978,0,4526,0,3,4529,T
1-PB2,979,1,1,4542,0,4544,G
1-PB2,980,1,0,4519,0,4520,G
1-PB2,981,2,0,4567,0,4569,G
1-PB2,982,3,4530,0,3,4536,T
1-PB2,983,0,4528,0,2,4530,T
1-PB2,984,0,4519,1,1,4521,T
1-PB2,985,4553,1,3,0,4557,A
1-PB2,986,0,0,0,4577,4577,C
1-PB2,987,4576,0,1,0,4577,A
1-PB2,988,0,4539,0,0,4539,T
1-PB2,989,0,4434,0,1,4435,T
1-PB2,990,0,4426,0,0,4426,T
1-PB2,991,4424,1,1,0,4426,A
1-PB2,992,4424,0,0,0,4424,A
1-PB2,993,4438,0,1,0,4439,A
1-PB2,994,4404,0,3,0,4407,A
1-PB2,995,1,0,4463,0,4464,G
1-PB2,996,4421,0,2,0,4423,A
1-PB2,997,4427,1,1,0,4429,A
1-PB2,998,0,1,0,4430,4431,C
1-PB2,999,4412,0,2,0,4414,A
1-PB2,1000,4422,0,3,0,4425,A
1-PB2,1001,1,0,4418,0,4419,G
1-PB2,1002,0,1,0,4428,4429,C
1-PB2,1003,1,1,4421,0,4423,G
1-PB2,1004,0,1,4438,0,4439,G
1-PB2,1005,2,0,4432,1,4435,G
1-PB2,1006,1,4424,1,3,4429,T
1-PB2,1007,1,0,1,4396,4398,C
1-PB2,1008,4437,0,0,0,4437,A
1-PB2,1009,1,4400,0,1,4402,T
1-PB2,1010,0,0,0,4421,4421,C
1-PB2,1011,4412,0,3,0,4415,A
1-PB2,1012,0,0,4546,1,4547,G
1-PB2,1013,1,4469,0,3,4473,T
1-PB2,1014,1,0,0,4482,4483,C
1-PB2,1015,4463,0,1,0,4464,A
1-PB2,1016,4487,0,0,0,4487,A
1-PB2,1017,4475,0,1,0,4476,A
1-PB2,1018,4478,0,1,0,4479,A
1-PB2,1019,4507,0,0,0,4507,A
1-PB2,1020,4513,1,3,0,4517,A
1-PB2,1021,0,1,4553,0,4554,G
1-PB2,1022,4511,1,2,0,4514,A
1-PB2,1023,4513,0,1,1,4515,A
1-PB2,1024,1,0,4506,1,4508,G
1-PB2,1025,4485,0,3,0,4488,A
1-PB2,1026,4387,1,3,1,4392,A
1-PB2,1027,0,1,4389,0,4390,G
1-PB2,1028,4358,0,8,1,4367,A
1-PB2,1029,0,2,4387,0,4389,G
1-PB2,1030,1,0,4504,0,4505,G
1-PB2,1031,0,4498,0,5,4503,T
1-PB2,1032,3,0,4616,0,4619,G
1-PB2,1033,1,1,0,4678,4680,C
1-PB2,1034,1,4651,0,6,4658,T
1-PB2,1035,0,4677,0,2,4679,T
1-PB2,1036,4667,2,1,1,4671,A
1-PB2,1037,0,0,0,4670,4670,C
1-PB2,1038,4604,0,3,0,4607,A
1-PB2,1039,0,0,4619,0,4619,G
1-PB2,1040,2,0,4583,1,4586,G
1-PB2,1041,0,2,0,4531,4533,C
1-PB2,1042,4480,0,0,0,4480,A
1-PB2,1043,4494,0,2,1,4497,A
1-PB2,1044,2,4614,0,1,4617,T
1-PB2,1045,1,0,0,4663,4664,C
1-PB2,1046,0,4605,1,7,4613,T
1-PB2,1047,2,2,0,4639,4643,C
1-PB2,1048,1,0,0,4629,4630,C
1-PB2,1049,4626,0,2,0,4628,A
1-PB2,1050,4619,0,0,1,4620,A
1-PB2,1051,4627,1,4,0,4632,A
1-PB2,1052,0,0,0,4656,4656,C
1-PB2,1053,4506,0,2,1,4509,A
1-PB2,1054,0,4439,1,2,4442,T
1-PB2,1055,2,4440,0,1,4443,T
1-PB2,1056,1,0,4552,0,4553,G
1-PB2,1057,4534,0,0,1,4535,A
1-PB2,1058,4622,0,4,0,4626,A
1-PB2,1059,4640,1,1,1,4643,A
1-PB2,1060,4647,0,2,0,4649,A
1-PB2,1061,0,4664,0,0,4664,T
1-PB2,1062,4660,0,1,0,4661,A
1-PB2,1063,4662,0,1,0,4663,A
1-PB2,1064,0,0,4788,0,4788,G
1-PB2,1065,4679,0,4,0,4683,A
1-PB2,1066,2,0,4919,0,4921,G
1-PB2,1067,0,4829,0,1,4830,T
1-PB2,1068,4875,1,1,0,4877,A
1-PB2,1069,0,0,0,4998,4998,C
1-PB2,1070,4941,0,0,0,4941,A
1-PB2,1071,2,4922,0,2,4926,T
1-PB2,1072,0,0,4950,0,4950,G
1-PB2,1073,4793,2,4,1,4800,A
1-PB2,1074,2,0,4890,0,4892,G
1-PB2,1075,1,6,4895,0,4902,G
1-PB2,1076,3,3,5139,0,5145,G
1-PB2,1077,2,1,5181,0,5184,G
1-PB2,1078,0,5091,0,1,5092,T
1-PB2,1079,5119,1,2,1,5123,A
1-PB2,1080,0,5108,0,0,5108,T
1-PB2,1081,3,1,5112,0,5116,G
1-PB2,1082,5101,0,4,0,5105,A
1-PB2,1083,0,0,5080,0,5080,G
1-PB2,1084,1,1,5008,0,5010,G
1-PB2,1085,4692,1,3,0,4696,A
1-PB2,1086,1,0,4833,0,4834,G
1-PB2,1087,2,4821,0,7,4830,T
1-PB2,1088,2,4998,1,4,5005,T
1-PB2,1089,2,0,0,5035,5037,C
1-PB2,1090,5050,4,0,0,5054,A
1-PB2,1091,0,1,0,5050,5051,C
1-PB2,1092,5025,0,2,0,5027,A
1-PB2,1093,5040,0,4,1,5045,A
1-PB2,1094,0,5039,0,3,5042,T
1-PB2,1095,1,2,4920,0,4923,G
1-PB2,1096,1,0,4956,1,4958,G
1-PB2,1097,0,4783,0,1,4784,T
1-PB2,1098,1,0,4800,0,4801,G
1-PB2,1099,2,2,4816,0,4820,G
1-PB2,1100,1,1,4809,0,4811,G
1-PB2,1101,1,1,4865,0,4867,G
1-PB2,1102,4838,2,3,0,4843,A
1-PB2,1103,4839,0,3,0,4842,A
1-PB2,1104,4829,0,4,0,4833,A
1-PB2,1105,4742,0,3,1,4746,A
1-PB2,1106,1,0,4837,0,4838,G
1-PB2,1107,4783,0,9,0,4792,A
1-PB2,1108,1,0,4827,0,4828,G
1-PB2,1109,0,0,2,4807,4809,C
1-PB2,1110,4798,0,0,0,4798,A
1-PB2,1111,4792,0,5,0,4797,A
1-PB2,1112,0,0,1,4974,4975,C
1-PB2,1113,4970,0,1,0,4971,A
1-PB2,1114,0,0,5077,0,5077,G
1-PB2,1115,1,2,0,5025,5028,C
1-PB2,1116,1,5004,0,0,5005,T
1-PB2,1117,5198,0,1,0,5199,A
1-PB2,1118,0,5192,1,1,5194,T
1-PB2,1119,5209,0,2,0,5211,A
1-PB2,1120,1,0,0,5211,5212,C
1-PB2,1121,0,4917,0,1,4918,T
1-PB2,1122,4937,0,0,0,4937,A
1-PB2,1123,4849,1,0,0,4850,A
1-PB2,1124,1,0,4866,0,4867,G
1-PB2,1125,4855,1,1,0,4857,A
1-PB2,1126,4685,0,1,1,4687,A
1-PB2,1127,4687,1,2,0,4690,A
1-PB2,1128,4661,0,4,0,4665,A
1-PB2,1129,1,0,4689,0,4690,G
1-PB2,1130,1,2,0,4670,4673,C
1-PB2,1131,4660,0,5,1,4666,A
1-PB2,1132,4666,0,0,0,4666,A
1-PB2,1133,0,0,0,4707,4707,C
1-PB2,1134,0,0,0,4713,4713,C
1-PB2,1135,4712,0,1,0,4713,A
1-PB2,1136,0,1,4717,1,4719,G
1-PB2,1137,4711,1,2,0,4714,A
1-PB2,1138,4701,0,1,0,4702,A
1-PB2,1139,1,0,4775,0,4776,G
1-PB2,1140,4752,0,2,0,4754,A
1-PB2,1141,0,4753,0,0,4753,T
1-PB2,1142,0,4683,1,0,4684,T
1-PB2,1143,1,1,4702,0,4704,G
1-PB2,1144,4669,0,4,1,4674,A
1-PB2,1145,1,4756,0,3,4760,T
1-PB2,1146,1,4750,0,0,4751,T
1-PB2,1147,0,1,0,4773,4774,C
1-PB2,1148,4778,0,4,0,4782,A
1-PB2,1149,1,1,4970,0,4972,G
1-PB2,1150,0,0,0,4998,4998,C
1-PB2,1151,2,4952,1,6,4961,T
1-PB2,1152,2,2,0,5019,5023,C
1-PB2,1153,4978,0,1,0,4979,A
1-PB2,1154,1,4971,0,2,4974,T
1-PB2,1155,4991,1,0,0,4992,A
1-PB2,1156,1,0,5026,0,5027,G
1-PB2,1157,1,4783,0,3,4787,T
1-PB2,1158,2,0,4775,0,4777,G
1-PB2,1159,4620,1,1,0,4622,A
1-PB2,1160,0,0,4726,0,4726,G
1-PB2,1161,1,4692,0,3,4696,T
1-PB2,1162,0,0,4686,1,4687,G
1-PB2,1163,0,1,4708,1,4710,G
1-PB2,1164,4702,0,3,1,4706,A
1-PB2,1165,4674,1,6,0,4681,A
1-PB2,1166,0,0,4723,0,4723,G
1-PB2,1167,4632,0,2,1,4635,A
1-PB2,1168,0,0,4690,0,4690,G
1-PB2,1169,4621,1,7,0,4629,A
1-PB2,1170,0,2,0,4626,4628,C
1-PB2,1171,1,0,4624,0,4625,G
1-PB2,1172,4574,0,3,0,4577,A
1-PB2,1173,4605,1,2,0,4608,A
1-PB2,1174,1,1,0,4610,4612,C
1-PB2,1175,4579,0,1,0,4580,A
1-PB2,1176,0,0,4884,0,4884,G
1-PB2,1177,0,4841,0,4,4845,T
1-PB2,1178,0,1,0,4847,4848,C
1-PB2,1179,4857,0,3,0,4860,A
1-PB2,1180,4845,0,4,0,4849,A
1-PB2,1181,0,4850,0,0,4850,T
1-PB2,1182,4834,0,1,0,4835,A
1-PB2,1183,2,0,4831,0,4833,G
1-PB2,1184,1,2,0,4811,4814,C
1-PB2,1185,0,1,0,4613,4614,C
1-PB2,1186,1,0,4578,0,4579,G
1-PB2,1187,4570,0,0,0,4570,A
1-PB2,1188,4576,0,1,0,4577,A
1-PB2,1189,1,1,4630,0,4632,G
1-PB2,1190,0,1,0,4713,4714,C
1-PB2,1191,4720,0,1,0,4721,A
1-PB2,1192,4716,1,0,0,4717,A
1-PB2,1193,0,4722,0,1,4723,T
1-PB2,1194,4737,0,0,0,4737,A
1-PB2,1195,4771,0,3,0,4774,A
1-PB2,1196,0,4752,0,0,4752,T
1-PB2,1197,0,1,0,4727,4728,C
1-PB2,1198,0,1,4706,0,4707,G
1-PB2,1199,3,4533,0,5,4541,T
1-PB2,1200,0,0,4514,0,4514,G
1-PB2,1201,0,1,4552,1,4554,G
1-PB2,1202,0,3,0,4532,4535,C
1-PB2,1203,0,0,0,4536,4536,C
1-PB2,1204,4508,1,0,0,4509,A
1-PB2,1205,0,4498,1,9,4508,T
1-PB2,1206,2,0,4504,0,4506,G
1-PB2,1207,1,0,4593,0,4594,G
1-PB2,1208,2,4556,2,5,4565,T
1-PB2,1209,1,0,4595,0,4596,G
1-PB2,1210,0,4433,1,1,4435,T
1-PB2,1211,0,4448,2,3,4453,T
1-PB2,1212,0,4466,0,2,4468,T
1-PB2,1213,0,4475,0,1,4476,T
1-PB2,1214,1,0,0,4563,4564,C
1-PB2,1215,4537,0,1,0,4538,A
1-PB2,1216,0,0,0,4792,4792,C
1-PB2,1217,4664,0,0,1,4665,A
1-PB2,1218,4693,0,2,0,4695,A
1-PB2,1219,0,0,4725,0,4725,G
1-PB2,1220,4639,1,2,0,4642,A
1-PB2,1221,295,0,4432,1,4728,G
1-PB2,1222,0,0,4748,0,4748,G
1-PB2,1223,4650,0,0,0,4650,A
1-PB2,1224,0,4680,0,2,4682,T
1-PB2,1225,1,4487,0,1,4489,T
1-PB2,1226,0,0,4477,0,4477,G
1-PB2,1227,0,1,1,4337,4339,C
1-PB2,1228,4378,1,3,0,4382,A
1-PB2,1229,0,4424,0,1,4425,T
1-PB2,1230,0,0,4611,0,4611,G
1-PB2,1231,4640,0,3,0,4643,A
1-PB2,1232,1,4679,0,0,4680,T
1-PB2,1233,4663,0,0,1,4664,A
1-PB2,1234,4659,1,0,0,4660,A
1-PB2,1235,4655,0,0,0,4655,A
1-PB2,1236,4673,0,10,0,4683,A
1-PB2,1237,2,0,4692,0,4694,G
1-PB2,1238,0,0,0,4815,4815,C
1-PB2,1239,4858,0,5,0,4863,A
1-PB2,1240,1,1,5048,1,5051,G
1-PB2,1241,1,5030,0,1,5032,T
1-PB2,1242,0,5047,0,2,5049,T
1-PB2,1243,5043,0,1,0,5044,A
1-PB2,1244,1,0,5081,0,5082,G
1-PB2,1245,5032,0,1,0,5033,A
1-PB2,1246,0,2,5050,0,5052,G
1-PB2,1247,5,2,5034,0,5041,G
1-PB2,1248,0,4791,0,2,4793,T
1-PB2,1249,2,2,4818,1,4823,G
1-PB2,1250,4836,0,3,2,4841,A
1-PB2,1251,0,0,1,4859,4860,C
1-PB2,1252,1,1,0,4879,4881,C
1-PB2,1253,1,4842,0,6,4849,T
1-PB2,1254,1,2,4863,0,4866,G
1-PB2,1255,4872,1,0,0,4873,A
1-PB2,1256,4876,0,0,0,4876,A
1-PB2,1257,1,4871,0,2,4874,T
1-PB2,1258,0,4882,0,2,4884,T
1-PB2,1259,0,4898,0,3,4901,T
1-PB2,1260,0,1,1,4878,4880,C
1-PB2,1261,1,0,4880,0,4881,G
1-PB2,1262,1,4865,1,6,4873,T
1-PB2,1263,0,1,0,4880,4881,C
1-PB2,1264,4852,1,0,1,4854,A
1-PB2,1265,4869,0,1,0,4870,A
1-PB2,1266,0,0,0,4864,4864,C
1-PB2,1267,4803,1,4,0,4808,A
1-PB2,1268,0,0,4901,0,4901,G
1-PB2,1269,4834,1,2,1,4838,A
1-PB2,1270,1,0,4860,0,4861,G
1-PB2,1271,2,1,0,4858,4861,C
1-PB2,1272,4853,0,2,0,4855,A
1-PB2,1273,4931,1,1,0,4933,A
1-PB2,1274,4922,1,0,0,4923,A
1-PB2,1275,0,4916,0,2,4918,T
1-PB2,1276,1,0,0,4930,4931,C
1-PB2,1277,4855,0,6,0,4861,A
1-PB2,1278,0,0,4864,0,4864,G
1-PB2,1279,0,3,0,4864,4867,C
1-PB2,1280,1,0,4880,0,4881,G
1-PB2,1281,0,0,5257,0,5257,G
1-PB2,1282,0,5223,1,4,5228,T
1-PB2,1283,0,5213,1,3,5217,T
1-PB2,1284,1,1,5229,1,5232,G
1-PB2,1285,5220,1,4,0,5225,A
1-PB2,1286,5289,0,6,1,5296,A
1-PB2,1287,1,1,0,5344,5346,C
1-PB2,1288,1,2,1,5322,5326,C
1-PB2,1289,3,0,0,5382,5385,C
1-PB2,1290,1,1,0,5136,5138,C
1-PB2,1291,5165,0,1,0,5166,A
1-PB2,1292,0,5195,0,3,5198,T
1-PB2,1293,0,0,5215,1,5216,G
1-PB2,1294,0,2,0,5243,5245,C
1-PB2,1295,5206,0,1,1,5208,A
1-PB2,1296,1,5178,0,3,5182,T
1-PB2,1297,1,0,0,5174,5175,C
1-PB2,1298,5106,0,3,1,5110,A
1-PB2,1299,1,0,5219,0,5220,G
1-PB2,1300,0,0,1,5238,5239,C
1-PB2,1301,0,5226,1,5,5232,T
1-PB2,1302,0,5224,1,3,5228,T
1-PB2,1303,0,5204,0,0,5204,T
1-PB2,1304,0,5217,0,0,5217,T
1-PB2,1305,5218,0,0,0,5218,A
1-PB2,1306,5202,0,2,0,5204,A
1-PB2,1307,0,1,5231,0,5232,G
1-PB2,1308,2,1,5181,0,5184,G
1-PB2,1309,0,2,1,5142,5145,C
1-PB2,1310,5112,0,0,0,5112,A
1-PB2,1311,0,4518,2,600,5120,T
1-PB2,1312,1,5155,0,1,5157,T
1-PB2,1313,1,5169,0,0,5170,T
1-PB2,1314,2,5170,1,3,5176,T
1-PB2,1315,0,0,0,5190,5190,C
1-PB2,1316,5173,0,4,0,5177,A
1-PB2,1317,0,0,5175,1,5176,G
1-PB2,1318,5164,0,0,0,5164,A
1-PB2,1319,5145,0,0,1,5146,A
1-PB2,1320,5117,0,1,1,5119,A
1-PB2,1321,0,0,5138,0,5138,G
1-PB2,1322,5218,0,2,0,5220,A
1-PB2,1323,1,5230,0,0,5231,T
1-PB2,1324,0,1,5228,0,5229,G
1-PB2,1325,0,3,0,5223,5226,C
1-PB2,1326,0,0,5250,0,5250,G
1-PB2,1327,5233,1,0,0,5234,A
1-PB2,1328,5241,0,2,0,5243,A
1-PB2,1329,5217,0,4,1,5222,A
1-PB2,1330,3,1,5251,0,5255,G
1-PB2,1331,0,5186,0,4,5190,T
1-PB2,1332,0,0,5189,0,5189,G
1-PB2,1333,0,1,0,5182,5183,C
1-PB2,1334,1,5154,1,25,5181,T
1-PB2,1335,0,5183,0,0,5183,T
1-PB2,1336,3,5186,1,0,5190,T
1-PB2,1337,0,5193,0,3,5196,T
1-PB2,1338,0,5189,0,2,5191,T
1-PB2,1339,0,1,0,5193,5194,C
1-PB2,1340,5196,1,1,0,5198,A
1-PB2,1341,5238,0,2,1,5241,A
1-PB2,1342,5207,0,0,0,5207,A
1-PB2,1343,5244,0,2,1,5247,A
1-PB2,1344,0,5259,1,1,5261,T
1-PB2,1345,1,5261,0,1,5263,T
1-PB2,1346,1,1,5281,0,5283,G
1-PB2,1347,1,0,5279,0,5280,G
1-PB2,1348,1,0,5268,1,5270,G
1-PB2,1349,1,1,5433,0,5435,G
1-PB2,1350,5399,2,3,0,5404,A
1-PB2,1351,1,1,5565,0,5567,G
1-PB2,1352,1,5548,1,1,5551,T
1-PB2,1353,1,5544,0,1,5546,T
1-PB2,1354,2,0,5578,0,5580,G
1-PB2,1355,5587,0,3,0,5590,A
1-PB2,1356,5610,1,4,0,5615,A
1-PB2,1357,0,3,0,5826,5829,C
1-PB2,1358,5748,0,2,0,5750,A
1-PB2,1359,0,0,0,5947,5947,C
1-PB2,1360,5862,1,1,0,5864,A
1-PB2,1361,0,5890,1,0,5891,T
1-PB2,1362,0,2,0,5897,5899,C
1-PB2,1363,1,0,5921,0,5922,G
1-PB2,1364,5951,0,7,1,5959,A
1-PB2,1365,2,0,0,5948,5950,C
1-PB2,1366,5759,0,1,0,5760,A
1-PB2,1367,0,0,6016,0,6016,G
1-PB2,1368,1,5841,0,2,5844,T
1-PB2,1369,0,0,5934,0,5934,G
1-PB2,1370,0,5897,0,2,5899,T
1-PB2,1371,0,0,5926,0,5926,G
1-PB2,1372,5919,0,5,0,5924,A
1-PB2,1373,1,5885,0,0,5886,T
1-PB2,1374,0,1,5919,0,5920,G
1-PB2,1375,1,1,5910,0,5912,G
1-PB2,1376,2,2,5837,1,5842,G
1-PB2,1377,5796,2,2,0,5800,A
1-PB2,1378,5781,0,1,0,5782,A
1-PB2,1379,1,5796,0,2,5799,T
1-PB2,1380,0,2,5886,1,5889,G
1-PB2,1381,5911,3,1,0,5915,A
1-PB2,1382,0,5901,1,0,5902,T
1-PB2,1383,0,5901,2,3,5906,T
1-PB2,1384,2,1,5858,0,5861,G
1-PB2,1385,0,0,6084,0,6084,G
1-PB2,1386,6076,0,9,0,6085,A
1-PB2,1387,0,0,6197,0,6197,G
1-PB2,1388,0,6133,0,0,6133,T
1-PB2,1389,6119,0,1,0,6120,A
1-PB2,1390,0,6129,0,2,6131,T
1-PB2,1391,1,6181,0,1,6183,T
1-PB2,1392,6275,1,3,0,6279,A
1-PB2,1393,0,1,0,6277,6278,C
1-PB2,1394,1,1,0,6143,6145,C
1-PB2,1395,6064,3,1,0,6068,A
1-PB2,1396,2,0,6131,0,6133,G
1-PB2,1397,6301,1,2,0,6304,A
1-PB2,1398,0,6271,1,2,6274,T
1-PB2,1399,6232,2,2,0,6236,A
1-PB2,1400,1,6164,0,4,6169,T
1-PB2,1401,0,2,6153,0,6155,G
1-PB2,1402,6175,1,3,0,6179,A
1-PB2,1403,0,0,0,6246,6246,C
1-PB2,1404,1,6192,0,2,6195,T
1-PB2,1405,2,1,0,6189,6192,C
1-PB2,1406,1,2,0,6127,6130,C
1-PB2,1407,6161,0,1,0,6162,A
1-PB2,1408,6196,0,3,0,6199,A
1-PB2,1409,0,0,6364,1,6365,G
1-PB2,1410,1,4,0,6320,6325,C
1-PB2,1411,6327,1,1,0,6329,A
1-PB2,1412,0,1,0,6317,6318,C
1-PB2,1413,6269,0,0,0,6269,A
1-PB2,1414,0,0,6295,0,6295,G
1-PB2,1415,6246,0,3,1,6250,A
1-PB2,1416,1,2,6376,0,6379,G
1-PB2,1417,6381,2,0,0,6383,A
1-PB2,1418,0,6228,0,4,6232,T
1-PB2,1419,3,0,6357,1,6361,G
1-PB2,1420,1,6308,0,8,6317,T
1-PB2,1421,6,0,0,6302,6308,C
1-PB2,1422,6329,0,4,1,6334,A
1-PB2,1423,6310,0,0,0,6310,A
1-PB2,1424,1,6306,1,0,6308,T
1-PB2,1425,0,5,6292,1,6298,G
1-PB2,1426,6173,1,4,1,6179,A
1-PB2,1427,0,0,6239,0,6239,G
1-PB2,1428,6157,1,7,0,6165,A
1-PB2,1429,0,1,6222,0,6223,G
1-PB2,1430,1,1,6574,0,6576,G
1-PB2,1431,6578,4,3,0,6585,A
1-PB2,1432,6604,1,3,0,6608,A
1-PB2,1433,1,6610,0,1,6612,T
1-PB2,1434,6609,0,3,0,6612,A
1-PB2,1435,6606,0,3,0,6609,A
1-PB2,1436,1,0,6601,0,6602,G
1-PB2,1437,6543,0,3,0,6546,A
1-PB2,1438,2,0,6577,0,6579,G
1-PB2,1439,1,6132,0,1,6134,T
1-PB2,1440,0,2,1,6174,6177,C
1-PB2,1441,6178,1,3,0,6182,A
1-PB2,1442,0,0,6241,0,6241,G
1-PB2,1443,0,1,0,6259,6260,C
1-PB2,1444,6249,1,0,0,6250,A
1-PB2,1445,6283,1,1,0,6285,A
1-PB2,1446,6258,0,1,1,6260,A
1-PB2,1447,6280,1,2,0,6283,A
1-PB2,1448,0,6280,2,0,6282,T
1-PB2,1449,1,2,6309,0,6312,G
1-PB2,1450,79,3,6187,0,6269,G
1-PB2,1451,0,2,6311,0,6313,G
1-PB2,1452,0,6184,1,3,6188,T
1-PB2,1453,1,0,6226,0,6227,G
1-PB2,1454,2,6181,0,6,6189,T
1-PB2,1455,0,2,6209,0,6211,G
1-PB2,1456,1,1,6317,0,6319,G
1-PB2,1457,6325,3,0,0,6328,A
1-PB2,1458,2,6286,0,1,6289,T
1-PB2,1459,1,2,6354,1,6358,G
1-PB2,1460,6297,1,1,0,6299,A
1-PB2,1461,6348,0,2,0,6350,A
1-PB2,1462,0,6350,0,0,6350,T
1-PB2,1463,6334,0,0,0,6334,A
1-PB2,1464,0,1,0,6937,6938,C
1-PB2,1465,1,6715,0,4,6720,T
1-PB2,1466,0,0,1,6883,6884,C
1-PB2,1467,0,0,2,6878,6880,C
1-PB2,1468,6869,1,5,0,6875,A
1-PB2,1469,1,0,7212,0,7213,G
1-PB2,1470,0,7147,0,1,7148,T
1-PB2,1471,7204,0,1,0,7205,A
1-PB2,1472,0,2,0,7219,7221,C
1-PB2,1473,6531,1,2,0,6534,A
1-PB2,1474,1,0,6578,1,6580,G
1-PB2,1475,6355,1,2,0,6358,A
1-PB2,1476,0,2,6428,0,6430,G
1-PB2,1477,6207,2,4,1,6214,A
1-PB2,1478,29,4,6019,1,6053,G
1-PB2,1479,0,1,6033,0,6034,G
1-PB2,1480,0,0,6060,0,6060,G
1-PB2,1481,0,5966,0,6,5972,T
1-PB2,1482,2,0,5977,0,5979,G
1-PB2,1483,1,1,6013,1,6016,G
1-PB2,1484,1,5960,0,2,5963,T
1-PB2,1485,0,2,6184,0,6186,G
1-PB2,1486,0,0,6191,0,6191,G
1-PB2,1487,1,6037,0,8,6046,T
1-PB2,1488,0,6047,0,1,6048,T
1-PB2,1489,5952,1,3,0,5956,A
1-PB2,1490,0,1,6020,0,6021,G
1-PB2,1491,0,0,0,6001,6001,C
1-PB2,1492,5991,1,1,1,5994,A
1-PB2,1493,0,5977,0,3,5980,T
1-PB2,1494,0,5636,0,1,5637,T
1-PB2,1495,0,4,5637,0,5641,G
1-PB2,1496,5617,0,2,0,5619,A
1-PB2,1497,0,5608,0,3,5611,T
1-PB2,1498,3,0,0,5643,5646,C
1-PB2,1499,3,1,5587,0,5591,G
1-PB2,1500,1,0,5759,0,5760,G
1-PB2,1501,0,5725,0,2,5727,T
1-PB2,1502,1,5721,1,2,5725,T
1-PB2,1503,0,5742,1,0,5743,T
1-PB2,1504,0,5735,1,0,5736,T
1-PB2,1505,0,5733,0,2,5735,T
1-PB2,1506,0,0,5750,1,5751,G
1-PB2,1507,5685,2,8,0,5695,A
1-PB2,1508,0,0,5751,0,5751,G
1-PB2,1509,5491,0,3,0,5494,A
1-PB2,1510,0,0,5550,0,5550,G
1-PB2,1511,2,5567,0,2,5571,T
1-PB2,1512,0,5546,1,3,5550,T
1-PB2,1513,1,0,0,5563,5564,C
1-PB2,1514,2,0,5570,0,5572,G
1-PB2,1515,5572,0,5,0,5577,A
1-PB2,1516,0,1,5574,0,5575,G
1-PB2,1517,5572,1,2,0,5575,A
1-PB2,1518,0,1,0,5559,5560,C
1-PB2,1519,2,2,0,5524,5528,C
1-PB2,1520,5486,0,2,0,5488,A
1-PB2,1521,5557,1,9,1,5568,A
1-PB2,1522,1,0,0,5571,5572,C
1-PB2,1523,0,2,5599,0,5601,G
1-PB2,1524,1,5562,1,0,5564,T
1-PB2,1525,0,2,5569,0,5571,G
1-PB2,1526,0,1,5572,0,5573,G
1-PB2,1527,3,0,5577,0,5580,G
1-PB2,1528,5519,0,3,0,5522,A
1-PB2,1529,5566,0,3,0,5569,A
1-PB2,1530,0,5380,1,2,5383,T
1-PB2,1531,2,0,5692,0,5694,G
1-PB2,1532,2,5665,0,3,5670,T
1-PB2,1533,5706,0,1,0,5707,A
1-PB2,1534,0,5718,0,1,5719,T
1-PB2,1535,0,5650,0,0,5650,T
1-PB2,1536,5743,0,1,0,5744,A
1-PB2,1537,1,5709,1,0,5711,T
1-PB2,1538,0,5643,0,1,5644,T
1-PB2,1539,5629,0,0,0,5629,A
1-PB2,1540,0,4862,0,6,4868,T
1-PB2,1541,0,0,0,5064,5064,C
1-PB2,1542,0,4939,1,10,4950,T
1-PB2,1543,1,0,0,4994,4995,C
1-PB2,1544,0,0,1,4990,4991,C
1-PB2,1545,0,4813,1,1,4815,T
1-PB2,1546,0,0,4837,0,4837,G
1-PB2,1547,4787,0,2,0,4789,A
1-PB2,1548,0,0,4807,0,4807,G
1-PB2,1549,3,0,4797,0,4800,G
1-PB2,1550,4243,1,6,0,4250,A
1-PB2,1551,0,0,4299,0,4299,G
1-PB2,1552,1,0,4280,0,4281,G
1-PB2,1553,0,4143,0,3,4146,T
1-PB2,1554,2,2,0,4155,4159,C
1-PB2,1555,4118,1,3,0,4122,A
1-PB2,1556,2,0,4186,0,4188,G
1-PB2,1557,0,4175,0,2,4177,T
1-PB2,1558,1,0,4173,0,4174,G
1-PB2,1559,4172,0,2,1,4175,A
1-PB2,1560,4028,0,3,0,4031,A
1-PB2,1561,4045,0,4,0,4049,A
1-PB2,1562,0,0,0,4051,4051,C
1-PB2,1563,4005,1,0,0,4006,A
1-PB2,1564,0,1,0,3992,3993,C
1-PB2,1565,3784,1,5,0,3790,A
1-PB2,1566,0,2,3806,0,3808,G
1-PB2,1567,1,1,3788,0,3790,G
1-PB2,1568,1,0,3815,0,3816,G
1-PB2,1569,3791,0,19,0,3810,A
1-PB2,1570,3777,0,1,0,3778,A
1-PB2,1571,0,0,0,3809,3809,C
1-PB2,1572,0,3741,1,1,3743,T
1-PB2,1573,1,0,3737,0,3738,G
1-PB2,1574,3696,1,5,0,3702,A
1-PB2,1575,0,0,3717,1,3718,G
1-PB2,1576,3616,1,1,0,3618,A
1-PB2,1577,1,0,3442,0,3443,G
1-PB2,1578,3429,0,2,0,3431,A
1-PB2,1579,0,1,0,3423,3424,C
1-PB2,1580,0,3276,0,2,3278,T
1-PB2,1581,0,2,3347,0,3349,G
1-PB2,1582,3314,0,5,0,3319,A
1-PB2,1583,0,1,0,3322,3323,C
1-PB2,1584,3300,1,1,0,3302,A
1-PB2,1585,3305,0,0,0,3305,A
1-PB2,1586,0,3299,0,0,3299,T
1-PB2,1587,3319,0,0,0,3319,A
1-PB2,1588,3330,1,1,0,3332,A
1-PB2,1589,0,1,0,3341,3342,C
1-PB2,1590,0,3067,0,0,3067,T
1-PB2,1591,0,3040,0,0,3040,T
1-PB2,1592,2994,0,0,0,2994,A
1-PB2,1593,0,3,0,2681,2684,C
1-PB2,1594,1,2676,0,1,2678,T
1-PB2,1595,1,1,1,2689,2692,C
1-PB2,1596,2691,0,0,0,2691,A
1-PB2,1597,0,2670,0,1,2671,T
1-PB2,1598,0,1,0,2624,2625,C
1-PB2,1599,1,0,2623,0,2624,G
1-PB2,1600,0,2634,1,1,2636,T
1-PB2,1601,0,1,0,2613,2614,C
1-PB2,1602,2,0,2613,0,2615,G
1-PB2,1603,2606,1,1,0,2608,A
1-PB2,1604,0,2594,0,2,2596,T
1-PB2,1605,1,0,2589,0,2590,G
1-PB2,1606,2562,0,1,1,2564,A
1-PB2,1607,0,2560,0,1,2561,T
1-PB2,1608,0,0,2555,0,2555,G
1-PB2,1609,0,2456,0,1,2457,T
1-PB2,1610,0,1,2439,0,2440,G
1-PB2,1611,0,0,2448,1,2449,G
1-PB2,1612,0,4,2439,0,2443,G
1-PB2,1613,2395,2,1,0,2398,A
1-PB2,1614,2,1,2394,0,2397,G
1-PB2,1615,2214,0,0,0,2214,A
1-PB2,1616,0,2165,0,0,2165,T
1-PB2,1617,0,2094,0,1,2095,T
1-PB2,1618,2041,0,48,0,2089,A
1-PB2,1619,2071,1,1,0,2073,A
1-PB2,1620,0,0,0,2040,2040,C
1-PB2,1621,0,1,1865,0,1866,G
1-PB2,1622,0,0,1900,0,1900,G
1-PB2,1623,0,1653,0,1,1654,T
1-PB2,1624,0,0,0,1644,1644,C
1-PB2,1625,0,0,0,1647,1647,C
1-PB2,1626,0,1575,0,3,1578,T
1-PB2,1627,2,0,1571,0,1573,G
1-PB2,1628,1566,0,0,0,1566,A
1-PB2,1629,1496,0,0,0,1496,A
1-PB2,1630,0,1502,0,0,1502,T
1-PB2,1631,0,0,0,1508,1508,C
1-PB2,1632,0,0,1507,0,1507,G
1-PB2,1633,0,0,1546,0,1546,G
1-PB2,1634,0,1538,0,1,1539,T
1-PB2,1635,0,1539,0,1,1540,T
1-PB2,1636,0,1532,0,0,1532,T
1-PB2,1637,0,1532,0,1,1533,T
1-PB2,1638,0,1,1610,0,1611,G
1-PB2,1639,1,0,1617,0,1618,G
1-PB2,1640,0,1621,0,0,1621,T
1-PB2,1641,0,0,0,1620,1620,C
1-PB2,1642,1584,0,0,0,1584,A
1-PB2,1643,1651,0,1,0,1652,A
1-PB2,1644,0,1654,1,0,1655,T
1-PB2,1645,1661,0,0,0,1661,A
1-PB2,1646,1,0,0,1708,1709,C
1-PB2,1647,0,0,0,1630,1630,C
1-PB2,1648,0,1618,6,1,1625,T
1-PB2,1649,1652,0,0,0,1652,A
1-PB2,1650,0,1645,0,0,1645,T
1-PB2,1651,0,1,0,1647,1648,C
1-PB2,1652,1597,0,2,0,1599,A
1-PB2,1653,1593,1,1,0,1595,A
1-PB2,1654,0,1596,0,0,1596,T
1-PB2,1655,0,0,1534,0,1534,G
1-PB2,1656,0,0,1525,0,1525,G
1-PB2,1657,1510,0,0,0,1510,A
1-PB2,1658,1,1472,0,1,1474,T
1-PB2,1659,0,0,0,1474,1474,C
1-PB2,1660,1474,0,0,0,1474,A
1-PB2,1661,0,1474,0,0,1474,T
1-PB2,1662,0,0,0,1478,1478,C
1-PB2,1663,1477,0,0,0,1477,A
1-PB2,1664,1,0,1483,0,1484,G
1-PB2,1665,1470,0,0,0,1470,A
1-PB2,1666,1471,0,0,0,1471,A
1-PB2,1667,1479,0,0,0,1479,A
1-PB2,1668,1,1473,0,0,1474,T
1-PB2,1669,0,1471,0,1,1472,T
1-PB2,1670,0,0,1466,0,1466,G
1-PB2,1671,1,0,1464,0,1465,G
1-PB2,1672,1,0,1467,0,1468,G
1-PB2,1673,1457,0,2,0,1459,A
1-PB2,1674,1451,0,0,1,1452,A
1-PB2,1675,0,0,1461,0,1461,G
1-PB2,1676,0,0,0,1455,1455,C
1-PB2,1677,0,1453,0,2,1455,T
1-PB2,1678,1460,0,1,0,1461,A
1-PB2,1679,1,1462,0,1,1464,T
1-PB2,1680,1,0,0,1466,1467,C
1-PB2,1681,1469,0,1,0,1470,A
1-PB2,1682,1482,0,0,0,1482,A
1-PB2,1683,1478,0,1,0,1479,A
1-PB2,1684,1490,0,0,0,1490,A
1-PB2,1685,0,1481,0,1,1482,T
1-PB2,1686,0,1484,0,0,1484,T
1-PB2,1687,1,0,0,1480,1481,C
1-PB2,1688,1476,0,0,0,1476,A
1-PB2,1689,1478,1,0,0,1479,A
1-PB2,1690,0,1483,0,0,1483,T
1-PB2,1691,1,0,1474,0,1475,G
1-PB2,1692,0,0,1485,0,1485,G
1-PB2,1693,0,1510,0,1,1511,T
1-PB2,1694,0,1,0,1524,1525,C
1-PB2,1695,2,1517,0,3,1522,T
1-PB2,1696,0,0,0,1530,1530,C
1-PB2,1697,1533,1,0,0,1534,A
1-PB2,1698,0,0,1539,0,1539,G
1-PB2,1699,1539,0,1,0,1540,A
1-PB2,1700,1543,0,0,1,1544,A
1-PB2,1701,0,1509,0,0,1509,T
1-PB2,1702,0,0,0,1469,1469,C
1-PB2,1703,43,0,0,1442,1485,C
1-PB2,1704,0,1466,0,6,1472,T
1-PB2,1705,0,0,1476,0,1476,G
1-PB2,1706,0,0,0,1469,1469,C
1-PB2,1707,1471,0,1,0,1472,A
1-PB2,1708,1496,2,0,0,1498,A
1-PB2,1709,0,1475,0,0,1475,T
1-PB2,1710,0,0,1511,0,1511,G
1-PB2,1711,0,1510,0,2,1512,T
1-PB2,1712,0,1463,0,0,1463,T
1-PB2,1713,1,0,1482,1,1484,G
1-PB2,1714,0,1482,0,0,1482,T
1-PB2,1715,1484,1,1,0,1486,A
1-PB2,1716,0,0,0,1476,1476,C
1-PB2,1717,1457,2,1,0,1460,A
1-PB2,1718,1475,0,1,0,1476,A
1-PB2,1719,0,0,0,1447,1447,C
1-PB2,1720,1413,0,0,0,1413,A
1-PB2,1721,1419,0,0,0,1419,A
1-PB2,1722,1380,0,0,0,1380,A
1-PB2,1723,1391,0,0,1,1392,A
1-PB2,1724,0,1389,0,1,1390,T
1-PB2,1725,1,0,1382,0,1383,G
1-PB2,1726,0,0,1394,0,1394,G
1-PB2,1727,1383,0,2,0,1385,A
1-PB2,1728,1394,0,1,0,1395,A
1-PB2,1729,0,1393,0,0,1393,T
1-PB2,1730,0,1383,0,0,1383,T
1-PB2,1731,0,1391,0,0,1391,T
1-PB2,1732,1,0,1382,0,1383,G
1-PB2,1733,1393,0,1,0,1394,A
1-PB2,1734,1394,0,0,0,1394,A
1-PB2,1735,1,0,0,1388,1389,C
1-PB2,1736,1,0,0,1377,1378,C
1-PB2,1737,1397,1,1,0,1399,A
1-PB2,1738,0,1399,0,0,1399,T
1-PB2,1739,0,1404,0,0,1404,T
1-PB2,1740,1,1397,1,0,1399,T
1-PB2,1741,0,0,0,1402,1402,C
1-PB2,1742,1399,0,0,0,1399,A
1-PB2,1743,1402,0,0,0,1402,A
1-PB2,1744,0,1397,0,0,1397,T
1-PB2,1745,1,1,0,1426,1428,C
1-PB2,1746,0,1400,0,2,1402,T
1-PB2,1747,0,1396,0,0,1396,T
1-PB2,1748,0,1406,0,0,1406,T
1-PB2,1749,1411,0,0,0,1411,A
1-PB2,1750,0,0,1411,0,1411,G
1-PB2,1751,0,1400,0,1,1401,T
1-PB2,1752,0,1,0,1436,1437,C
1-PB2,1753,0,46,0,1379,1425,C
1-PB2,1754,0,0,0,1405,1405,C
1-PB2,1755,1,1,0,1410,1412,C
1-PB2,1756,1411,0,0,0,1411,A
1-PB2,1757,1412,0,0,0,1412,A
1-PB2,1758,0,0,1432,0,1432,G
1-PB2,1759,0,0,1426,0,1426,G
1-PB2,1760,0,0,0,1426,1426,C
1-PB2,1761,0,0,0,1409,1409,C
1-PB2,1762,1411,0,0,1,1412,A
1-PB2,1763,0,1425,0,0,1425,T
1-PB2,1764,0,1427,0,1,1428,T
1-PB2,1765,1425,0,0,0,1425,A
1-PB2,1766,1,0,1428,0,1429,G
1-PB2,1767,1384,0,0,0,1384,A
1-PB2,1768,1442,0,1,0,1443,A
1-PB2,1769,0,0,1458,0,1458,G
1-PB2,1770,0,0,0,1463,1463,C
1-PB2,1771,1,1,0,1464,1466,C
1-PB2,1772,1446,0,0,0,1446,A
1-PB2,1773,1471,0,1,0,1472,A
1-PB2,1774,0,1477,0,0,1477,T
1-PB2,1775,1493,0,0,0,1493,A
1-PB2,1776,0,1,0,1486,1487,C
1-PB2,1777,1364,0,0,0,1364,A
1-PB2,1778,0,0,1371,0,1371,G
1-PB2,1779,0,1343,0,0,1343,T
1-PB2,1780,0,0,1353,0,1353,G
1-PB2,1781,0,0,1348,0,1348,G
1-PB2,1782,0,0,1347,0,1347,G
1-PB2,1783,0,1329,0,1,1330,T
1-PB2,1784,0,1331,1,0,1332,T
1-PB2,1785,0,1332,0,0,1332,T
1-PB2,1786,0,0,1346,0,1346,G
1-PB2,1787,0,1344,1,0,1345,T
1-PB2,1788,1,0,0,1332,1333,C
1-PB2,1789,1316,0,0,0,1316,A
1-PB2,1790,0,1,1320,0,1321,G
1-PB2,1791,1310,0,0,0,1310,A
1-PB2,1792,1312,0,0,0,1312,A
1-PB2,1793,0,0,0,1315,1315,C
1-PB2,1794,0,1266,0,2,1268,T
1-PB2,1795,0,0,0,1307,1307,C
1-PB2,1796,0,1307,0,1,1308,T
1-PB2,1797,1315,0,1,0,1316,A
1-PB2,1798,0,1316,0,0,1316,T
1-PB2,1799,0,1306,0,1,1307,T
1-PB2,1800,1,0,0,1308,1309,C
1-PB2,1801,0,1,0,1303,1304,C
1-PB2,1802,1293,0,0,0,1293,A
1-PB2,1803,1296,0,0,1,1297,A
1-PB2,1804,1,0,0,1302,1303,C
1-PB2,1805,1296,0,0,0,1296,A
1-PB2,1806,1301,0,0,0,1301,A
1-PB2,1807,1304,0,0,0,1304,A
1-PB2,1808,0,1307,0,0,1307,T
1-PB2,1809,0,0,1306,0,1306,G
1-PB2,1810,1284,0,3,0,1287,A
1-PB2,1811,0,0,1310,0,1310,G
1-PB2,1812,1302,0,1,0,1303,A
1-PB2,1813,0,0,1311,1,1312,G
1-PB2,1814,1313,0,2,0,1315,A
1-PB2,1815,0,0,0,1297,1297,C
1-PB2,1816,0,0,1319,1,1320,G
1-PB2,1817,0,1323,0,1,1324,T
1-PB2,1818,1348,0,0,0,1348,A
1-PB2,1819,0,1,0,1349,1350,C
1-PB2,1820,0,1329,0,0,1329,T
1-PB2,1821,0,1334,0,0,1334,T
1-PB2,1822,0,0,1323,0,1323,G
1-PB2,1823,0,0,1324,0,1324,G
1-PB2,1824,0,0,1333,0,1333,G
1-PB2,1825,1307,1,1,0,1309,A
1-PB2,1826,0,0,0,1319,1319,C
1-PB2,1827,1313,0,1,0,1314,A
1-PB2,1828,0,1315,0,0,1315,T
1-PB2,1829,0,1317,1,0,1318,T
1-PB2,1830,0,1321,0,1,1322,T
1-PB2,1831,1,0,1315,0,1316,G
1-PB2,1832,1321,0,2,0,1323,A
1-PB2,1833,0,0,0,1328,1328,C
1-PB2,1834,1320,1,0,0,1321,A
1-PB2,1835,0,0,0,1329,1329,C
1-PB2,1836,0,0,0,1301,1301,C
1-PB2,1837,1308,1,1,0,1310,A
1-PB2,1838,1,0,0,1318,1319,C
1-PB2,1839,0,0,0,1314,1314,C
1-PB2,1840,1,0,0,1319,1320,C
1-PB2,1841,1307,0,0,0,1307,A
1-PB2,1842,0,0,1332,0,1332,G
1-PB2,1843,1328,0,1,0,1329,A
1-PB2,1844,0,1390,0,0,1390,T
1-PB2,1845,1359,0,0,0,1359,A
1-PB2,1846,1344,0,0,0,1344,A
1-PB2,1847,0,1340,0,0,1340,T
1-PB2,1848,1336,0,0,1,1337,A
1-PB2,1849,1337,1,0,0,1338,A
1-PB2,1850,1316,0,0,0,1316,A
1-PB2,1851,0,0,1330,0,1330,G
1-PB2,1852,0,0,0,1312,1312,C
1-PB2,1853,0,1241,0,0,1241,T
1-PB2,1854,0,1236,0,0,1236,T
1-PB2,1855,0,0,0,1237,1237,C
1-PB2,1856,1,1230,0,0,1231,T
1-PB2,1857,0,1,0,1271,1272,C
1-PB2,1858,1,0,0,1273,1274,C
1-PB2,1859,0,0,1,1279,1280,C
1-PB2,1860,0,1281,0,0,1281,T
1-PB2,1861,0,1268,0,0,1268,T
1-PB2,1862,0,1266,0,3,1269,T
1-PB2,1863,0,1269,0,0,1269,T
1-PB2,1864,1,0,1271,0,1272,G
1-PB2,1865,0,2,0,1271,1273,C
1-PB2,1866,1244,0,3,0,1247,A
1-PB2,1867,0,0,1251,0,1251,G
1-PB2,1868,0,1,0,1242,1243,C
1-PB2,1869,0,1235,0,0,1235,T
1-PB2,1870,0,0,1243,0,1243,G
1-PB2,1871,0,0,0,1238,1238,C
1-PB2,1872,0,1222,0,0,1222,T
1-PB2,1873,0,0,0,1244,1244,C
1-PB2,1874,0,0,0,1256,1256,C
1-PB2,1875,1262,0,0,0,1262,A
1-PB2,1876,0,0,0,1261,1261,C
1-PB2,1877,1,0,0,1258,1259,C
1-PB2,1878,1256,0,0,0,1256,A
1-PB2,1879,1265,0,0,0,1265,A
1-PB2,1880,1265,0,0,0,1265,A
1-PB2,1881,0,0,1276,1,1277,G
1-PB2,1882,0,1,0,1272,1273,C
1-PB2,1883,1256,0,0,0,1256,A
1-PB2,1884,1256,0,0,0,1256,A
1-PB2,1885,1254,0,1,0,1255,A
1-PB2,1886,1,0,1270,0,1271,G
1-PB2,1887,0,1,0,1278,1279,C
1-PB2,1888,1263,0,0,0,1263,A
1-PB2,1889,0,0,1265,0,1265,G
1-PB2,1890,1251,0,0,0,1251,A
1-PB2,1891,1272,1,0,0,1273,A
1-PB2,1892,0,1272,0,1,1273,T
1-PB2,1893,0,0,1272,0,1272,G
1-PB2,1894,1,0,0,1273,1274,C
1-PB2,1895,1246,0,0,0,1246,A
1-PB2,1896,0,0,1266,0,1266,G
1-PB2,1897,0,1257,0,7,1264,T
1-PB2,1898,0,1315,0,0,1315,T
1-PB2,1899,0,0,0,1326,1326,C
1-PB2,1900,0,1297,0,0,1297,T
1-PB2,1901,0,0,0,1324,1324,C
1-PB2,1902,0,1327,0,0,1327,T
1-PB2,1903,0,1323,0,0,1323,T
1-PB2,1904,0,0,0,1329,1329,C
1-PB2,1905,1313,0,0,0,1313,A
1-PB2,1906,0,0,0,1314,1314,C
1-PB2,1907,0,1267,0,0,1267,T
1-PB2,1908,0,0,1285,0,1285,G
1-PB2,1909,1277,0,0,0,1277,A
1-PB2,1910,0,0,0,1333,1333,C
1-PB2,1911,1,1311,1,0,1313,T
1-PB2,1912,0,1,1338,0,1339,G
1-PB2,1913,0,1319,0,1,1320,T
1-PB2,1914,1,0,1334,0,1335,G
1-PB2,1915,1330,1,2,0,1333,A
1-PB2,1916,1348,0,0,0,1348,A
1-PB2,1917,0,1315,0,0,1315,T
1-PB2,1918,0,0,1319,0,1319,G
1-PB2,1919,0,1262,0,0,1262,T
1-PB2,1920,0,0,1270,0,1270,G
1-PB2,1921,1242,1,0,0,1243,A
1-PB2,1922,2,2,1252,0,1256,G
1-PB2,1923,0,1,1233,0,1234,G
1-PB2,1924,0,0,1235,0,1235,G
1-PB2,1925,0,0,1287,0,1287,G
1-PB2,1926,1275,0,1,0,1276,A
1-PB2,1927,0,1272,0,1,1273,T
1-PB2,1928,0,0,0,1281,1281,C
1-PB2,1929,1275,0,0,0,1275,A
1-PB2,1930,0,1,1301,0,1302,G
1-PB2,1931,0,0,1296,0,1296,G
1-PB2,1932,0,0,1304,0,1304,G
1-PB2,1933,1295,0,0,0,1295,A
1-PB2,1934,0,1216,0,0,1216,T
1-PB2,1935,0,1,1227,0,1228,G
1-PB2,1936,1220,0,0,0,1220,A
1-PB2,1937,0,0,1270,0,1270,G
1-PB2,1938,1265,0,0,0,1265,A
1-PB2,1939,1224,0,0,0,1224,A
1-PB2,1940,0,1240,0,1,1241,T
1-PB2,1941,1222,0,0,0,1222,A
1-PB2,1942,0,0,0,1254,1254,C
1-PB2,1943,0,1227,0,0,1227,T
1-PB2,1944,0,1228,0,0,1228,T
1-PB2,1945,0,0,1237,0,1237,G
1-PB2,1946,0,1199,0,0,1199,T
1-PB2,1947,1196,0,1,0,1197,A
1-PB2,1948,1190,0,0,0,1190,A
1-PB2,1949,0,0,1169,0,1169,G
1-PB2,1950,1,1,1176,0,1178,G
1-PB2,1951,0,0,1148,0,1148,G
1-PB2,1952,1,0,1151,0,1152,G
1-PB2,1953,0,0,0,1157,1157,C
1-PB2,1954,1150,0,0,0,1150,A
1-PB2,1955,1169,1,0,0,1170,A
1-PB2,1956,0,1173,0,0,1173,T
1-PB2,1957,0,1172,0,0,1172,T
1-PB2,1958,1,3,0,1205,1209,C
1-PB2,1959,0,1189,0,0,1189,T
1-PB2,1960,1,1,0,1213,1215,C
1-PB2,1961,0,0,0,1218,1218,C
1-PB2,1962,0,1205,0,1,1206,T
1-PB2,1963,0,0,1245,0,1245,G
1-PB2,1964,0,1207,0,0,1207,T
1-PB2,1965,1210,0,0,0,1210,A
1-PB2,1966,0,1212,0,0,1212,T
1-PB2,1967,0,1175,0,0,1175,T
1-PB2,1968,0,0,0,1189,1189,C
1-PB2,1969,1183,0,0,0,1183,A
1-PB2,1970,1196,0,0,0,1196,A
1-PB2,1971,0,0,0,1202,1202,C
1-PB2,1972,0,1174,0,0,1174,T
1-PB2,1973,1173,1,0,0,1174,A
1-PB2,1974,0,0,0,1223,1223,C
1-PB2,1975,1224,0,0,0,1224,A
1-PB2,1976,1219,1,1,0,1221,A
1-PB2,1977,0,0,0,1219,1219,C
1-PB2,1978,1198,0,0,0,1198,A
1-PB2,1979,1189,0,0,0,1189,A
1-PB2,1980,0,0,1186,0,1186,G
1-PB2,1981,1190,0,0,0,1190,A
1-PB2,1982,0,0,0,1192,1192,C
1-PB2,1983,1,0,0,1146,1147,C
1-PB2,1984,1141,0,0,0,1141,A
1-PB2,1985,0,0,0,1202,1202,C
1-PB2,1986,0,1198,0,0,1198,T
1-PB2,1987,1195,0,0,0,1195,A
1-PB2,1988,1188,0,0,0,1188,A
1-PB2,1989,1192,0,0,0,1192,A
1-PB2,1990,1183,0,2,0,1185,A
1-PB2,1991,0,0,1206,0,1206,G
1-PB2,1992,1175,0,0,0,1175,A
1-PB2,1993,0,0,0,1183,1183,C
1-PB2,1994,0,1143,0,0,1143,T
1-PB2,1995,1143,0,1,0,1144,A
1-PB2,1996,1147,0,0,0,1147,A
1-PB2,1997,0,0,0,1146,1146,C
1-PB2,1998,1136,0,0,0,1136,A
1-PB2,1999,1143,0,0,1,1144,A
1-PB2,2000,0,1117,0,0,1117,T
1-PB2,2001,0,1114,0,0,1114,T
1-PB2,2002,0,0,0,1125,1125,C
1-PB2,2003,0,1118,0,0,1118,T
1-PB2,2004,0,0,1,1123,1124,C
1-PB2,2005,1,0,1125,0,1126,G
1-PB2,2006,0,0,1129,0,1129,G
1-PB2,2007,1129,0,0,0,1129,A
1-PB2,2008,1128,1,0,0,1129,A
1-PB2,2009,1132,0,0,0,1132,A
1-PB2,2010,1136,0,1,1,1138,A
1-PB2,2011,0,0,1140,0,1140,G
1-PB2,2012,1138,0,0,0,1138,A
1-PB2,2013,0,1140,0,0,1140,T
1-PB2,2014,0,0,1139,0,1139,G
1-PB2,2015,0,1,0,1135,1136,C
1-PB2,2016,0,1,0,1136,1137,C
1-PB2,2017,1,0,1130,0,1131,G
1-PB2,2018,0,0,1133,0,1133,G
1-PB2,2019,1,0,0,1132,1133,C
1-PB2,2020,1139,0,0,0,1139,A
1-PB2,2021,0,0,0,1168,1168,C
1-PB2,2022,0,1163,0,0,1163,T
1-PB2,2023,0,1160,0,1,1161,T
1-PB2,2024,0,1163,0,0,1163,T
1-PB2,2025,1166,0,0,0,1166,A
1-PB2,2026,1175,0,0,0,1175,A
1-PB2,2027,0,1173,0,0,1173,T
1-PB2,2028,0,1170,0,0,1170,T
1-PB2,2029,1,0,1165,0,1166,G
1-PB2,2030,1123,0,0,0,1123,A
1-PB2,2031,1127,0,0,0,1127,A
1-PB2,2032,0,0,1128,0,1128,G
1-PB2,2033,1147,0,3,0,1150,A
1-PB2,2034,0,0,0,1149,1149,C
1-PB2,2035,0,0,0,1139,1139,C
1-PB2,2036,0,0,0,1147,1147,C
1-PB2,2037,1148,0,1,0,1149,A
1-PB2,2038,0,0,1187,0,1187,G
1-PB2,2039,1181,0,1,0,1182,A
1-PB2,2040,0,1183,0,0,1183,T
1-PB2,2041,0,0,1180,0,1180,G
1-PB2,2042,1152,0,0,0,1152,A
1-PB2,2043,1148,0,3,0,1151,A
1-PB2,2044,1151,0,1,0,1152,A
1-PB2,2045,0,0,1159,0,1159,G
1-PB2,2046,1,0,0,1161,1162,C
1-PB2,2047,1131,1,2,0,1134,A
1-PB2,2048,0,1,0,1153,1154,C
1-PB2,2049,1155,0,0,0,1155,A
1-PB2,2050,0,1155,0,0,1155,T
1-PB2,2051,0,0,0,1170,1170,C
1-PB2,2052,1,0,0,1170,1171,C
1-PB2,2053,0,0,1178,0,1178,G
1-PB2,2054,0,0,1180,0,1180,G
1-PB2,2055,1167,0,0,0,1167,A
1-PB2,2056,0,0,1185,0,1185,G
1-PB2,2057,0,1161,0,0,1161,T
1-PB2,2058,1,1,1163,0,1165,G
1-PB2,2059,0,0,1163,0,1163,G
1-PB2,2060,1144,1,0,0,1145,A
1-PB2,2061,0,0,1142,0,1142,G
1-PB2,2062,0,1124,1,0,1125,T
1-PB2,2063,0,0,0,1121,1121,C
1-PB2,2064,0,0,0,1114,1114,C
1-PB2,2065,1,0,1112,0,1113,G
1-PB2,2066,0,0,0,1110,1110,C
1-PB2,2067,0,0,0,1106,1106,C
1-PB2,2068,2,0,1139,0,1141,G
1-PB2,2069,0,1137,0,0,1137,T
1-PB2,2070,0,0,0,1152,1152,C
1-PB2,2071,0,1138,1,9,1148,T
1-PB2,2072,0,1149,0,0,1149,T
1-PB2,2073,17,0,1136,0,1153,G
1-PB2,2074,1141,0,1,0,1142,A
1-PB2,2075,0,0,1148,0,1148,G
1-PB2,2076,1134,0,0,0,1134,A
1-PB2,2077,0,0,1116,0,1116,G
1-PB2,2078,0,0,1112,0,1112,G
1-PB2,2079,0,0,1107,0,1107,G
1-PB2,2080,0,1092,0,1,1093,T
1-PB2,2081,0,1086,0,0,1086,T
1-PB2,2082,0,1109,0,0,1109,T
1-PB2,2083,0,0,0,1118,1118,C
1-PB2,2084,0,1103,0,0,1103,T
1-PB2,2085,1,0,0,1173,1174,C
1-PB2,2086,1163,0,1,0,1164,A
1-PB2,2087,0,1141,0,1,1142,T
1-PB2,2088,0,1137,0,1,1138,T
1-PB2,2089,1142,0,1,0,1143,A
1-PB2,2090,0,1143,0,0,1143,T
1-PB2,2091,1137,0,0,0,1137,A
1-PB2,2092,0,0,1154,0,1154,G
1-PB2,2093,0,0,1159,0,1159,G
1-PB2,2094,0,1090,0,0,1090,T
1-PB2,2095,1089,0,0,1,1090,A
1-PB2,2096,1079,0,1,0,1080,A
1-PB2,2097,0,0,1094,0,1094,G
1-PB2,2098,0,0,1101,0,1101,G
1-PB2,2099,1088,0,0,0,1088,A
1-PB2,2100,1075,0,0,0,1075,A
1-PB2,2101,0,2,1065,0,1067,G
1-PB2,2102,1051,0,1,1,1053,A
1-PB2,2103,0,0,0,1061,1061,C
1-PB2,2104,1050,0,0,0,1050,A
1-PB2,2105,0,1,1057,0,1058,G
1-PB2,2106,1048,0,2,0,1050,A
1-PB2,2107,1047,0,1,0,1048,A
1-PB2,2108,0,0,1057,0,1057,G
1-PB2,2109,1057,1,0,1,1059,A
1-PB2,2110,0,1055,0,0,1055,T
1-PB2,2111,1054,0,0,0,1054,A
1-PB2,2112,0,1,0,1047,1048,C
1-PB2,2113,0,0,1028,0,1028,G
1-PB2,2114,1,0,1059,0,1060,G
1-PB2,2115,1064,0,0,0,1064,A
1-PB2,2116,1,0,0,1058,1059,C
1-PB2,2117,0,0,0,1053,1053,C
1-PB2,2118,1039,0,0,0,1039,A
1-PB2,2119,0,0,1119,0,1119,G
1-PB2,2120,0,0,0,1115,1115,C
1-PB2,2121,1115,0,1,0,1116,A
1-PB2,2122,0,1117,0,0,1117,T
1-PB2,2123,0,1092,0,0,1092,T
1-PB2,2124,1095,0,0,0,1095,A
1-PB2,2125,1096,0,0,0,1096,A
1-PB2,2126,0,0,1102,0,1102,G
1-PB2,2127,0,0,0,1095,1095,C
1-PB2,2128,1026,0,0,0,1026,A
1-PB2,2129,0,1077,0,0,1077,T
1-PB2,2130,0,1,0,1075,1076,C
1-PB2,2131,1083,0,0,0,1083,A
1-PB2,2132,1084,0,0,0,1084,A
1-PB2,2133,0,1077,0,0,1077,T
1-PB2,2134,0,0,1078,0,1078,G
1-PB2,2135,1074,1,0,0,1075,A
1-PB2,2136,1075,0,0,0,1075,A
1-PB2,2137,0,1,0,1082,1083,C
1-PB2,2138,0,1003,0,0,1003,T
1-PB2,2139,0,0,1014,0,1014,G
1-PB2,2140,1007,1,1,0,1009,A
1-PB2,2141,1,0,1010,0,1011,G
1-PB2,2142,0,2,0,990,992,C
1-PB2,2143,999,0,0,0,999,A
1-PB2,2144,1030,0,0,0,1030,A
1-PB2,2145,0,0,0,1024,1024,C
1-PB2,2146,16,0,0,994,1010,C
1-PB2,2147,0,1006,0,2,1008,T
1-PB2,2148,1,996,0,1,998,T
1-PB2,2149,2,0,1001,1,1004,G
1-PB2,2150,0,1,0,993,994,C
1-PB2,2151,1001,0,0,0,1001,A
1-PB2,2152,1002,0,2,0,1004,A
1-PB2,2153,963,0,0,0,963,A
1-PB2,2154,949,0,0,0,949,A
1-PB2,2155,0,1,956,0,957,G
1-PB2,2156,0,1,952,0,953,G
1-PB2,2157,0,0,953,0,953,G
1-PB2,2158,1,0,957,0,958,G
1-PB2,2159,960,0,0,0,960,A
1-PB2,2160,960,1,0,0,961,A
1-PB2,2161,962,0,0,0,962,A
1-PB2,2162,981,0,0,0,981,A
1-PB2,2163,0,0,993,0,993,G
1-PB2,2164,0,0,989,0,989,G
1-PB2,2165,0,0,0,984,984,C
1-PB2,2166,0,973,0,0,973,T
1-PB2,2167,968,0,0,0,968,A
1-PB2,2168,966,0,0,0,966,A
1-PB2,2169,0,970,0,0,970,T
1-PB2,2170,1,0,991,0,992,G
1-PB2,2171,0,944,0,3,947,T
1-PB2,2172,1,0,937,0,938,G
1-PB2,2173,1,0,0,930,931,C
1-PB2,2174,0,928,0,1,929,T
1-PB2,2175,933,0,0,0,933,A
1-PB2,2176,934,0,0,0,934,A
1-PB2,2177,0,927,0,0,927,T
1-PB2,2178,0,1,0,920,921,C
1-PB2,2179,0,1,887,0,888,G
1-PB2,2180,0,0,896,0,896,G
1-PB2,2181,0,0,899,0,899,G
1-PB2,2182,0,0,0,895,895,C
1-PB2,2183,898,0,0,0,898,A
1-PB2,2184,886,0,1,0,887,A
1-PB2,2185,0,1,891,0,892,G
1-PB2,2186,0,0,894,0,894,G
1-PB2,2187,883,0,0,0,883,A
1-PB2,2188,0,0,898,0,898,G
1-PB2,2189,875,0,0,0,875,A
1-PB2,2190,0,0,0,872,872,C
1-PB2,2191,0,0,881,0,881,G
1-PB2,2192,0,869,0,0,869,T
1-PB2,2193,0,0,868,0,868,G
1-PB2,2194,0,0,886,0,886,G
1-PB2,2195,0,867,0,1,868,T
1-PB2,2196,0,0,871,0,871,G
1-PB2,2197,0,853,0,1,854,T
1-PB2,2198,0,848,0,1,849,T
1-PB2,2199,0,0,854,0,854,G
1-PB2,2200,0,0,851,0,851,G
1-PB2,2201,0,845,0,1,846,T
1-PB2,2202,829,0,0,0,829,A
1-PB2,2203,806,0,0,0,806,A
1-PB2,2204,0,778,0,0,778,T
1-PB2,2205,0,1,772,0,773,G
1-PB2,2206,762,0,0,0,762,A
1-PB2,2207,754,0,0,0,754,A
1-PB2,2208,756,0,0,0,756,A
1-PB2,2209,0,0,0,752,752,C
1-PB2,2210,0,0,745,0,745,G
1-PB2,2211,752,0,0,0,752,A
1-PB2,2212,754,0,0,0,754,A
1-PB2,2213,752,0,0,0,752,A
1-PB2,2214,751,0,0,0,751,A
1-PB2,2215,0,0,0,755,755,C
1-PB2,2216,0,0,749,0,749,G
1-PB2,2217,0,0,745,0,745,G
1-PB2,2218,0,0,746,0,746,G
1-PB2,2219,742,0,1,0,743,A
1-PB2,2220,0,0,0,744,744,C
1-PB2,2221,1,736,0,0,737,T
1-PB2,2222,0,0,0,768,768,C
1-PB2,2223,0,771,0,0,771,T
1-PB2,2224,770,0,0,0,770,A
1-PB2,2225,1,0,767,0,768,G
1-PB2,2226,1,0,0,753,754,C
1-PB2,2227,752,0,0,0,752,A
1-PB2,2228,0,744,0,1,745,T
1-PB2,2229,719,1,0,0,720,A
1-PB2,2230,0,0,0,730,730,C
1-PB2,2231,0,613,0,0,613,T
1-PB2,2232,0,614,0,0,614,T
1-PB2,2233,605,0,0,0,605,A
1-PB2,2234,0,0,0,606,606,C
1-PB2,2235,0,600,0,1,601,T
1-PB2,2236,0,0,598,0,598,G
1-PB2,2237,579,0,1,0,580,A
1-PB2,2238,0,0,0,581,581,C
1-PB2,2239,519,0,0,0,519,A
1-PB2,2240,0,0,524,0,524,G
1-PB2,2241,0,0,0,514,514,C
1-PB2,2242,0,0,0,519,519,C
1-PB2,2243,517,0,0,0,517,A
1-PB2,2244,0,0,516,0,516,G
1-PB2,2245,517,0,0,0,517,A
1-PB2,2246,0,0,0,516,516,C
1-PB2,2247,476,0,0,0,476,A
1-PB2,2248,0,0,476,0,476,G
1-PB2,2249,0,0,0,457,457,C
1-PB2,2250,0,2,455,0,457,G
1-PB2,2251,460,0,0,0,460,A
1-PB2,2252,0,0,0,454,454,C
1-PB2,2253,0,0,0,455,455,C
1-PB2,2254,453,0,0,0,453,A
1-PB2,2255,452,0,0,0,452,A
1-PB2,2256,448,1,1,0,450,A
1-PB2,2257,453,0,0,0,453,A
1-PB2,2258,0,0,451,0,451,G
1-PB2,2259,437,0,0,0,437,A
1-PB2,2260,435,0,0,0,435,A
1-PB2,2261,0,434,0,0,434,T
1-PB2,2262,0,433,0,0,433,T
1-PB2,2263,0,1,0,434,435,C
1-PB2,2264,0,0,430,0,430,G
1-PB2,2265,0,0,427,0,427,G
1-PB2,2266,427,0,0,0,427,A
1-PB2,2267,0,412,0,0,412,T
1-PB2,2268,0,0,413,0,413,G
1-PB2,2269,0,0,412,0,412,G
1-PB2,2270,0,0,0,410,410,C
1-PB2,2271,0,0,0,410,410,C
1-PB2,2272,409,0,0,0,409,A
1-PB2,2273,0,406,0,0,406,T
1-PB2,2274,0,0,0,403,403,C
1-PB2,2275,405,0,0,0,405,A
1-PB2,2276,408,0,0,0,408,A
1-PB2,2277,0,405,0,0,405,T
1-PB2,2278,0,370,0,0,370,T
1-PB2,2279,351,0,0,0,351,A
1-PB2,2280,350,0,0,0,350,A
2-PB1,1,578,0,0,0,578,A
2-PB1,2,0,579,0,0,579,T
2-PB1,3,0,0,586,0,586,G
2-PB1,4,0,0,628,0,628,G
2-PB1,5,726,0,0,0,726,A
2-PB1,6,1,770,0,0,771,T
2-PB1,7,0,0,773,0,773,G
2-PB1,8,0,777,0,0,777,T
2-PB1,9,0,1,0,841,842,C
2-PB1,10,852,0,0,0,852,A
2-PB1,11,870,0,1,0,871,A
2-PB1,12,0,874,0,0,874,T
2-PB1,13,0,0,0,888,888,C
2-PB1,14,0,0,0,952,952,C
2-PB1,15,0,0,970,0,970,G
2-PB1,16,1092,0,2,0,1094,A
2-PB1,17,0,0,0,1112,1112,C
2-PB1,18,0,1114,0,0,1114,T
2-PB1,19,0,0,0,1297,1297,C
2-PB1,20,0,1298,0,0,1298,T
2-PB1,21,1318,0,0,0,1318,A
2-PB1,22,0,0,0,1321,1321,C
2-PB1,23,0,1322,0,0,1322,T
2-PB1,24,0,0,1477,0,1477,G
2-PB1,25,0,1491,0,0,1491,T
2-PB1,26,0,1490,0,0,1490,T
2-PB1,27,0,0,0,1488,1488,C
2-PB1,28,0,0,0,1488,1488,C
2-PB1,29,0,1706,0,0,1706,T
2-PB1,30,1721,0,1,0,1722,A
2-PB1,31,1720,0,0,0,1720,A
2-PB1,32,1728,0,0,0,1728,A
2-PB1,33,0,1,1736,0,1737,G
2-PB1,34,0,0,1750,0,1750,G
2-PB1,35,0,1762,0,0,1762,T
2-PB1,36,0,1762,0,0,1762,T
2-PB1,37,0,0,0,1758,1758,C
2-PB1,38,0,0,0,1763,1763,C
2-PB1,39,1764,0,0,0,1764,A
2-PB1,40,1,0,1781,0,1782,G
2-PB1,41,0,0,0,1779,1779,C
2-PB1,42,2,0,1778,0,1780,G
2-PB1,43,0,0,0,1789,1789,C
2-PB1,44,1787,0,1,0,1788,A
2-PB1,45,1796,0,0,0,1796,A
2-PB1,46,1800,0,0,0,1800,A
2-PB1,47,1808,0,0,0,1808,A
2-PB1,48,0,1822,0,1,1823,T
2-PB1,49,1,0,1906,0,1907,G
2-PB1,50,1,0,0,1914,1915,C
2-PB1,51,0,0,0,1924,1924,C
2-PB1,52,1922,1,0,0,1923,A
2-PB1,53,0,1928,0,0,1928,T
2-PB1,54,2069,0,0,0,2069,A
2-PB1,55,2077,0,0,0,2077,A
2-PB1,56,0,0,2175,0,2175,G
2-PB1,57,0,0,0,2171,2171,C
2-PB1,58,2160,0,0,0,2160,A
2-PB1,59,0,1,0,2236,2237,C
2-PB1,60,2233,1,1,0,2235,A
2-PB1,61,2381,0,3,0,2384,A
2-PB1,62,0,0,0,2403,2403,C
2-PB1,63,2375,0,0,0,2375,A
2-PB1,64,0,2403,0,0,2403,T
2-PB1,65,0,2388,0,0,2388,T
2-PB1,66,0,0,0,3191,3191,C
2-PB1,67,0,0,0,3194,3194,C
2-PB1,68,0,1,0,3214,3215,C
2-PB1,69,0,3238,0,3,3241,T
2-PB1,70,0,3229,0,0,3229,T
2-PB1,71,3508,0,0,0,3508,A
2-PB1,72,0,3516,0,0,3516,T
2-PB1,73,3642,0,0,0,3642,A
2-PB1,74,0,0,0,3699,3699,C
2-PB1,75,0,3519,0,4,3523,T
2-PB1,76,0,0,3553,0,3553,G
2-PB1,77,0,0,3548,0,3548,G
2-PB1,78,3549,1,1,0,3551,A
2-PB1,79,2,0,3542,0,3544,G
2-PB1,80,3521,0,1,0,3522,A
2-PB1,81,0,1,0,3481,3482,C
2-PB1,82,1,0,0,3709,3710,C
2-PB1,83,2,0,0,3730,3732,C
2-PB1,84,1,3727,0,1,3729,T
2-PB1,85,0,0,0,4048,4048,C
2-PB1,86,0,0,0,4048,4048,C
2-PB1,87,4085,0,0,0,4085,A
2-PB1,88,0,4077,0,3,4080,T
2-PB1,89,4074,0,2,0,4076,A
2-PB1,90,0,1,0,4086,4087,C
2-PB1,91,4013,0,2,0,4015,A
2-PB1,92,1,0,4146,0,4147,G
2-PB1,93,0,0,0,4176,4176,C
2-PB1,94,0,0,0,4131,4131,C
2-PB1,95,4141,1,1,0,4143,A
2-PB1,96,0,4135,1,1,4137,T
2-PB1,97,2,1,4144,0,4147,G
2-PB1,98,0,3,4342,1,4346,G
2-PB1,99,4385,1,1,0,4387,A
2-PB1,100,4396,0,3,0,4399,A
2-PB1,101,0,0,0,4420,4420,C
2-PB1,102,4384,0,1,0,4385,A
2-PB1,103,12,0,4509,0,4521,G
2-PB1,104,1,0,4592,0,4593,G
2-PB1,105,4578,1,2,0,4581,A
2-PB1,106,4609,0,1,0,4610,A
2-PB1,107,1,0,0,4626,4627,C
2-PB1,108,4561,0,5,0,4566,A
2-PB1,109,0,2,5100,1,5103,G
2-PB1,110,0,1,5084,0,5085,G
2-PB1,111,0,0,5167,1,5168,G
2-PB1,112,0,5165,0,2,5167,T
2-PB1,113,5155,0,4,0,5159,A
2-PB1,114,0,0,0,5189,5189,C
2-PB1,115,5332,0,2,0,5334,A
2-PB1,116,2,1,0,5481,5484,C
2-PB1,117,1,2,1,5442,5446,C
2-PB1,118,5256,0,4,0,5260,A
2-PB1,119,2,5253,0,1,5256,T
2-PB1,120,1,1,5251,0,5253,G
2-PB1,121,0,1,5260,0,5261,G
2-PB1,122,5272,1,1,0,5274,A
2-PB1,123,0,2,0,5273,5275,C
2-PB1,124,5140,1,1,0,5142,A
2-PB1,125,0,1,0,5246,5247,C
2-PB1,126,5181,0,0,0,5181,A
2-PB1,127,0,1,5280,0,5281,G
2-PB1,128,0,5265,0,3,5268,T
2-PB1,129,0,1,0,5449,5450,C
2-PB1,130,5443,0,1,0,5444,A
2-PB1,131,5501,0,5,0,5506,A
2-PB1,132,0,1,0,5506,5507,C
2-PB1,133,5474,0,0,0,5474,A
2-PB1,134,7,2,5542,0,5551,G
2-PB1,135,5453,0,3,0,5456,A
2-PB1,136,5448,0,3,0,5451,A
2-PB1,137,0,0,0,5457,5457,C
2-PB1,138,5315,0,2,1,5318,A
2-PB1,139,0,1,0,5492,5493,C
2-PB1,140,5456,0,5,0,5461,A
2-PB1,141,1,0,0,5711,5712,C
2-PB1,142,1,0,0,5705,5706,C
2-PB1,143,5674,2,3,0,5679,A
2-PB1,144,5729,0,1,0,5730,A
2-PB1,145,0,5875,0,0,5875,T
2-PB1,146,6058,0,0,0,6058,A
2-PB1,147,0,6048,0,3,6051,T
2-PB1,148,0,5945,1,2,5948,T
2-PB1,149,1,1,0,5947,5949,C
2-PB1,150,5761,5,3,0,5769,A
2-PB1,151,0,0,5780,0,5780,G
2-PB1,152,5672,0,0,0,5672,A
2-PB1,153,0,0,5711,0,5711,G
2-PB1,154,5519,0,3,0,5522,A
2-PB1,155,2,1,5414,0,5417,G
2-PB1,156,2,2,5400,2,5406,G
2-PB1,157,2,3,5581,0,5586,G
2-PB1,158,0,0,5590,0,5590,G
2-PB1,159,1,0,5630,1,5632,G
2-PB1,160,5619,2,2,0,5623,A
2-PB1,161,5637,0,2,0,5639,A
2-PB1,162,0,0,5645,0,5645,G
2-PB1,163,1,5616,0,1,5618,T
2-PB1,164,3,0,5576,0,5579,G
2-PB1,165,1,0,5552,0,5553,G
2-PB1,166,5543,1,5,0,5549,A
2-PB1,167,1,2,0,5569,5572,C
2-PB1,168,0,0,5576,1,5577,G
2-PB1,169,5617,0,3,0,5620,A
2-PB1,170,1,1,0,5672,5674,C
2-PB1,171,5630,0,3,0,5633,A
2-PB1,172,5641,0,1,0,5642,A
2-PB1,173,5653,0,2,0,5655,A
2-PB1,174,0,5765,1,2,5768,T
2-PB1,175,5774,1,1,1,5777,A
2-PB1,176,0,1,0,5790,5791,C
2-PB1,177,5704,1,1,1,5707,A
2-PB1,178,1,0,5741,0,5742,G
2-PB1,179,5695,1,0,0,5696,A
2-PB1,180,5750,1,2,0,5753,A
2-PB1,181,5742,0,0,0,5742,A
2-PB1,182,0,1,0,5764,5765,C
2-PB1,183,0,5679,0,0,5679,T
2-PB1,184,0,0,5692,0,5692,G
2-PB1,185,1,2,5653,0,5656,G
2-PB1,186,1,2,5624,0,5627,G
2-PB1,187,5,2,5657,0,5664,G
2-PB1,188,0,1,0,5666,5667,C
2-PB1,189,5644,0,0,0,5644,A
2-PB1,190,1,0,0,5815,5816,C
2-PB1,191,0,0,1,5777,5778,C
2-PB1,192,2,0,1,5774,5777,C
2-PB1,193,2,1,0,5810,5813,C
2-PB1,194,5832,0,0,0,5832,A
2-PB1,195,5880,0,2,0,5882,A
2-PB1,196,0,0,0,5864,5864,C
2-PB1,197,2,5829,0,1,5832,T
2-PB1,198,0,0,0,5873,5873,C
2-PB1,199,5645,0,3,0,5648,A
2-PB1,200,5739,0,2,0,5741,A
2-PB1,201,0,2,1,5731,5734,C
2-PB1,202,1,0,0,5699,5700,C
2-PB1,203,5,0,0,5685,5690,C
2-PB1,204,5636,0,2,0,5638,A
2-PB1,205,5651,0,0,1,5652,A
2-PB1,206,0,5659,0,2,5661,T
2-PB1,207,2,5645,0,0,5647,T
2-PB1,208,0,0,5663,0,5663,G
2-PB1,209,5599,1,0,2,5602,A
2-PB1,210,1,5613,0,1,5615,T
2-PB1,211,2,0,5582,0,5584,G
2-PB1,212,3,1,5639,0,5643,G
2-PB1,213,5716,0,2,0,5718,A
2-PB1,214,2,0,0,5749,5751,C
2-PB1,215,1,0,1,5721,5723,C
2-PB1,216,5724,0,3,0,5727,A
2-PB1,217,1,2,1,5854,5858,C
2-PB1,218,0,5828,0,1,5829,T
2-PB1,219,5927,0,0,0,5927,A
2-PB1,220,1,1,0,5972,5974,C
2-PB1,221,0,1,0,5894,5895,C
2-PB1,222,1,5773,0,1,5775,T
2-PB1,223,0,1,5774,0,5775,G
2-PB1,224,5742,0,2,1,5745,A
2-PB1,225,2,1,5802,0,5805,G
2-PB1,226,0,1,5762,1,5764,G
2-PB1,227,5765,0,0,0,5765,A
2-PB1,228,0,5862,0,0,5862,T
2-PB1,229,5731,0,1,0,5732,A
2-PB1,230,5727,1,3,0,5731,A
2-PB1,231,0,5741,0,1,5742,T
2-PB1,232,586,1,5126,0,5713,G
2-PB1,233,5689,2,0,0,5691,A
2-PB1,234,5671,1,2,0,5674,A
2-PB1,235,0,1,0,5677,5678,C
2-PB1,236,1,0,0,5550,5551,C
2-PB1,237,5421,1,1,0,5423,A
2-PB1,238,5421,0,1,0,5422,A
2-PB1,239,2,0,5442,0,5444,G
2-PB1,240,0,5448,0,1,5449,T
2-PB1,241,0,1,5419,0,5420,G
2-PB1,242,0,1,5482,0,5483,G
2-PB1,243,5460,0,1,0,5461,A
2-PB1,244,0,5441,0,1,5442,T
2-PB1,245,5471,0,0,0,5471,A
2-PB1,246,0,5566,0,1,5567,T
2-PB1,247,1,3,5568,0,5572,G
2-PB1,248,1,1,1,5573,5576,C
2-PB1,249,5563,2,4,0,5569,A
2-PB1,250,0,1,0,5723,5724,C
2-PB1,251,5574,1,0,0,5575,A
2-PB1,252,5673,0,0,0,5673,A
2-PB1,253,5666,1,2,0,5669,A
2-PB1,254,1,0,0,5670,5671,C
2-PB1,255,5453,0,1,0,5454,A
2-PB1,256,1,1,5525,0,5527,G
2-PB1,257,5470,1,4,0,5475,A
2-PB1,258,0,0,0,5501,5501,C
2-PB1,259,0,5262,1,0,5263,T
2-PB1,260,0,0,5405,0,5405,G
2-PB1,261,1,5304,0,0,5305,T
2-PB1,262,1,0,5554,0,5555,G
2-PB1,263,0,5546,0,4,5550,T
2-PB1,264,1,0,0,5561,5562,C
2-PB1,265,0,0,0,5544,5544,C
2-PB1,266,2,5466,0,10,5478,T
2-PB1,267,1,2,5479,1,5483,G
2-PB1,268,0,0,5464,0,5464,G
2-PB1,269,5366,0,6,0,5372,A
2-PB1,270,0,0,5464,0,5464,G
2-PB1,271,2,0,5247,0,5249,G
2-PB1,272,0,2,0,5263,5265,C
2-PB1,273,0,5212,1,5,5218,T
2-PB1,274,5222,1,2,0,5225,A
2-PB1,275,1,5222,1,1,5225,T
2-PB1,276,0,0,5226,0,5226,G
2-PB1,277,0,1,5218,0,5219,G
2-PB1,278,2,3,0,5189,5194,C
2-PB1,279,1,1,0,5111,5113,C
2-PB1,280,0,5024,0,1,5025,T
2-PB1,281,1,5282,0,0,5283,T
2-PB1,282,1,0,0,5289,5290,C
2-PB1,283,1,0,0,5291,5292,C
2-PB1,284,3,5293,0,2,5298,T
2-PB1,285,1,5280,0,1,5282,T
2-PB1,286,0,2,5297,0,5299,G
2-PB1,287,5303,2,0,1,5306,A
2-PB1,288,5311,1,0,0,5312,A
2-PB1,289,0,1,5318,0,5319,G
2-PB1,290,5001,0,1,0,5002,A
2-PB1,291,5064,0,2,0,5066,A
2-PB1,292,1,5047,1,0,5049,T
2-PB1,293,0,1,0,5066,5067,C
2-PB1,294,1,1,0,5045,5047,C
2-PB1,295,2,1,0,5058,5061,C
2-PB1,296,5072,0,3,0,5075,A
2-PB1,297,0,0,1,5111,5112,C
2-PB1,298,0,1,0,5094,5095,C
2-PB1,299,1,1,0,5118,5120,C
2-PB1,300,5026,0,38,0,5064,A
2-PB1,301,0,0,5103,0,5103,G
2-PB1,302,2,0,5122,1,5125,G
2-PB1,303,2,5106,0,8,5116,T
2-PB1,304,5148,0,0,1,5149,A
2-PB1,305,0,5107,0,1,5108,T
2-PB1,306,0,0,0,5123,5123,C
2-PB1,307,0,5120,0,0,5120,T
2-PB1,308,3,5103,0,0,5106,T
2-PB1,309,0,5096,0,0,5096,T
2-PB1,310,1,1,5067,0,5069,G
2-PB1,311,5002,1,1,0,5004,A
2-PB1,312,0,1,5014,0,5015,G
2-PB1,313,4912,0,2,1,4915,A
2-PB1,314,4953,0,3,0,4956,A
2-PB1,315,1,1,0,4987,4989,C
2-PB1,316,1,4894,0,1,4896,T
2-PB1,317,0,1,0,4901,4902,C
2-PB1,318,4895,0,2,0,4897,A
2-PB1,319,0,4904,1,3,4908,T
2-PB1,320,0,0,4910,0,4910,G
2-PB1,321,1,1,0,5004,5006,C
2-PB1,322,1,1,1,5024,5027,C
2-PB1,323,2,4993,0,1,4996,T
2-PB1,324,0,4934,0,3,4937,T
2-PB1,325,1,0,4958,0,4959,G
2-PB1,326,4978,1,0,1,4980,A
2-PB1,327,4993,0,1,0,4994,A
2-PB1,328,4977,0,6,0,4983,A
2-PB1,329,0,0,1,5026,5027,C
2-PB1,330,4842,1,2,0,4845,A
2-PB1,331,4875,0,1,1,4877,A
2-PB1,332,0,4874,0,0,4874,T
2-PB1,333,0,0,4873,0,4873,G
2-PB1,334,1,0,4857,0,4858,G
2-PB1,335,4769,1,4,1,4775,A
2-PB1,336,4777,1,6,0,4784,A
2-PB1,337,0,0,4787,0,4787,G
2-PB1,338,0,2,0,4782,4784,C
2-PB1,339,5,1,0,4739,4745,C
2-PB1,340,1,0,4816,0,4817,G
2-PB1,341,2,4790,0,3,4795,T
2-PB1,342,0,4800,0,1,4801,T
2-PB1,343,1,1,0,4854,4856,C
2-PB1,344,4862,0,0,0,4862,A
2-PB1,345,4941,0,1,0,4942,A
2-PB1,346,0,13,0,4928,4941,C
2-PB1,347,4939,0,3,0,4942,A
2-PB1,348,1,0,4990,0,4991,G
2-PB1,349,4886,1,3,0,4890,A
2-PB1,350,1,1,0,4886,4888,C
2-PB1,351,4871,2,0,0,4873,A
2-PB1,352,4889,1,0,0,4890,A
2-PB1,353,1,2,4915,0,4918,G
2-PB1,354,0,0,4861,0,4861,G
2-PB1,355,1,0,4891,0,4892,G
2-PB1,356,0,4732,0,8,4740,T
2-PB1,357,2,0,4751,0,4753,G
2-PB1,358,1,1,4745,0,4747,G
2-PB1,359,4740,2,4,0,4746,A
2-PB1,360,1,1,0,4753,4755,C
2-PB1,361,4623,0,1,0,4624,A
2-PB1,362,4715,0,0,0,4715,A
2-PB1,363,4703,1,1,0,4705,A
2-PB1,364,0,1,1,4719,4721,C
2-PB1,365,0,4669,0,4,4673,T
2-PB1,366,4653,0,0,0,4653,A
2-PB1,367,4689,0,2,0,4691,A
2-PB1,368,0,2,0,4688,4690,C
2-PB1,369,1,0,0,4680,4681,C
2-PB1,370,0,0,0,4681,4681,C
2-PB1,371,4499,2,2,0,4503,A
2-PB1,372,4499,0,0,0,4499,A
2-PB1,373,0,0,4498,0,4498,G
2-PB1,374,1,1,4494,0,4496,G
2-PB1,375,0,4475,0,2,4477,T
2-PB1,376,2,1,0,4412,4415,C
2-PB1,377,2,1,4433,0,4436,G
2-PB1,378,0,0,0,4422,4422,C
2-PB1,379,1,1,0,4439,4441,C
2-PB1,380,4431,0,3,0,4434,A
2-PB1,381,4393,0,1,1,4395,A
2-PB1,382,4576,1,4,0,4581,A
2-PB1,383,0,0,1,4611,4612,C
2-PB1,384,0,4590,0,0,4590,T
2-PB1,385,0,4592,0,0,4592,T
2-PB1,386,4597,0,2,0,4599,A
2-PB1,387,1,4620,0,1,4622,T
2-PB1,388,2,0,4630,1,4633,G
2-PB1,389,4585,1,0,0,4586,A
2-PB1,390,0,4584,0,0,4584,T
2-PB1,391,2,4413,0,1,4416,T
2-PB1,392,0,1,4385,0,4386,G
2-PB1,393,1,0,4407,0,4408,G
2-PB1,394,4457,1,7,0,4465,A
2-PB1,395,0,1,0,4461,4462,C
2-PB1,396,4415,0,3,0,4418,A
2-PB1,397,0,4391,0,0,4391,T
2-PB1,398,0,4440,0,0,4440,T
2-PB1,399,4478,1,0,0,4479,A
2-PB1,400,4474,0,1,0,4475,A
2-PB1,401,4477,0,0,0,4477,A
2-PB1,402,0,1,1,4485,4487,C
2-PB1,403,4367,0,0,0,4367,A
2-PB1,404,0,0,4406,0,4406,G
2-PB1,405,4371,2,0,0,4373,A
2-PB1,406,4381,0,1,0,4382,A
2-PB1,407,4396,0,0,1,4397,A
2-PB1,408,0,4325,1,1,4327,T
2-PB1,409,1,0,0,4348,4349,C
2-PB1,410,4318,0,1,0,4319,A
2-PB1,411,4345,1,2,0,4348,A
2-PB1,412,1,0,0,4338,4339,C
2-PB1,413,0,2,0,4297,4299,C
2-PB1,414,1,0,4299,0,4300,G
2-PB1,415,1,0,4315,0,4316,G
2-PB1,416,0,3,0,4315,4318,C
2-PB1,417,4321,0,2,0,4323,A
2-PB1,418,0,0,4317,0,4317,G
2-PB1,419,1,2,0,4347,4350,C
2-PB1,420,4335,0,4,0,4339,A
2-PB1,421,4353,1,0,0,4354,A
2-PB1,422,0,0,1,4363,4364,C
2-PB1,423,1,4329,1,4,4335,T
2-PB1,424,1,0,4521,1,4523,G
2-PB1,425,0,0,0,4518,4518,C
2-PB1,426,4528,1,3,0,4532,A
2-PB1,427,1,4517,0,2,4520,T
2-PB1,428,0,4449,0,2,4451,T
2-PB1,429,4742,1,3,1,4747,A
2-PB1,430,0,0,4750,0,4750,G
2-PB1,431,0,0,0,4717,4717,C
2-PB1,432,2,1,0,4720,4723,C
2-PB1,433,4504,1,0,0,4505,A
2-PB1,434,4547,0,0,0,4547,A
2-PB1,435,1,0,0,4581,4582,C
2-PB1,436,4576,0,1,0,4577,A
2-PB1,437,0,1,0,4774,4775,C
2-PB1,438,0,0,1,4452,4453,C
2-PB1,439,4430,0,4,0,4434,A
2-PB1,440,2,4415,0,2,4419,T
2-PB1,441,4434,2,0,0,4436,A
2-PB1,442,0,1,4440,0,4441,G
2-PB1,443,4395,0,0,0,4395,A
2-PB1,444,4338,0,1,0,4339,A
2-PB1,445,0,0,4400,0,4400,G
2-PB1,446,1,4156,1,1,4159,T
2-PB1,447,0,4169,1,1,4171,T
2-PB1,448,0,4157,1,1,4159,T
2-PB1,449,0,4173,0,1,4174,T
2-PB1,450,0,4183,1,0,4184,T
2-PB1,451,4163,0,4,0,4167,A
2-PB1,452,0,0,4161,0,4161,G
2-PB1,453,4143,1,1,0,4145,A
2-PB1,454,0,4121,0,2,4123,T
2-PB1,455,1,0,0,4063,4064,C
2-PB1,456,0,1,4079,0,4080,G
2-PB1,457,4078,0,2,0,4080,A
2-PB1,458,4085,0,2,0,4087,A
2-PB1,459,0,0,0,4100,4100,C
2-PB1,460,1,2,4101,0,4104,G
2-PB1,461,0,1,4307,0,4308,G
2-PB1,462,4304,0,0,0,4304,A
2-PB1,463,2,4293,0,2,4297,T
2-PB1,464,1,4289,0,3,4293,T
2-PB1,465,4301,0,4,1,4306,A
2-PB1,466,4301,0,0,0,4301,A
2-PB1,467,0,0,0,4333,4333,C
2-PB1,468,4301,0,0,0,4301,A
2-PB1,469,1,2,4338,0,4341,G
2-PB1,470,1,0,0,4120,4121,C
2-PB1,471,0,4106,0,0,4106,T
2-PB1,472,4110,1,0,0,4111,A
2-PB1,473,4114,0,1,1,4116,A
2-PB1,474,0,4126,0,0,4126,T
2-PB1,475,0,0,4163,0,4163,G
2-PB1,476,4116,1,1,0,4118,A
2-PB1,477,4138,0,0,1,4139,A
2-PB1,478,0,4024,0,0,4024,T
2-PB1,479,0,0,0,4054,4054,C
2-PB1,480,4046,0,1,1,4048,A
2-PB1,481,0,0,4052,0,4052,G
2-PB1,482,0,2,4040,0,4042,G
2-PB1,483,4030,0,1,0,4031,A
2-PB1,484,3963,0,0,1,3964,A
2-PB1,485,0,0,4188,1,4189,G
2-PB1,486,1,0,4185,0,4186,G
2-PB1,487,1,1,0,4201,4203,C
2-PB1,488,2,4195,2,1,4200,T
2-PB1,489,4202,0,0,0,4202,A
2-PB1,490,4214,0,0,0,4214,A
2-PB1,491,1,4211,0,0,4212,T
2-PB1,492,4214,0,0,0,4214,A
2-PB1,493,0,0,4226,0,4226,G
2-PB1,494,3901,0,0,0,3901,A
2-PB1,495,0,3856,0,1,3857,T
2-PB1,496,0,3816,0,0,3816,T
2-PB1,497,0,3831,1,1,3833,T
2-PB1,498,1,1,0,3960,3962,C
2-PB1,499,0,0,0,3975,3975,C
2-PB1,500,2,3922,1,5,3930,T
2-PB1,501,0,1,0,3959,3960,C
2-PB1,502,3944,0,1,3,3948,A
2-PB1,503,3975,0,1,0,3976,A
2-PB1,504,0,2,3999,0,4001,G
2-PB1,505,0,0,4049,0,4049,G
2-PB1,506,4029,0,0,0,4029,A
2-PB1,507,0,3886,0,1,3887,T
2-PB1,508,0,0,3950,0,3950,G
2-PB1,509,2,3921,0,0,3923,T
2-PB1,510,0,0,3987,0,3987,G
2-PB1,511,3985,0,3,0,3988,A
2-PB1,512,0,3964,1,1,3966,T
2-PB1,513,1,1,3942,0,3944,G
2-PB1,514,0,0,3935,0,3935,G
2-PB1,515,3941,2,1,0,3944,A
2-PB1,516,3943,1,0,0,3944,A
2-PB1,517,0,3869,0,0,3869,T
2-PB1,518,0,0,0,3886,3886,C
2-PB1,519,3834,1,1,0,3836,A
2-PB1,520,3844,0,0,0,3844,A
2-PB1,521,0,3830,0,2,3832,T
2-PB1,522,1,1,3888,0,3890,G
2-PB1,523,0,0,3925,0,3925,G
2-PB1,524,3908,0,1,0,3909,A
2-PB1,525,2,3888,0,0,3890,T
2-PB1,526,3898,0,1,0,3899,A
2-PB1,527,3888,0,1,0,3889,A
2-PB1,528,3895,0,0,0,3895,A
2-PB1,529,2,1,3956,0,3959,G
2-PB1,530,3920,0,3,0,3923,A
2-PB1,531,0,1,3920,0,3921,G
2-PB1,532,0,0,3932,0,3932,G
2-PB1,533,3909,0,0,0,3909,A
2-PB1,534,3910,1,2,0,3913,A
2-PB1,535,3929,0,7,0,3936,A
2-PB1,536,2,3923,0,1,3926,T
2-PB1,537,1,0,4015,0,4016,G
2-PB1,538,0,1,4012,0,4013,G
2-PB1,539,3921,1,5,0,3927,A
2-PB1,540,0,0,3980,1,3981,G
2-PB1,541,3922,0,1,0,3923,A
2-PB1,542,0,4021,0,0,4021,T
2-PB1,543,4018,0,2,0,4020,A
2-PB1,544,4067,0,0,0,4067,A
2-PB1,545,1,1,0,4071,4073,C
2-PB1,546,3992,0,2,0,3994,A
2-PB1,547,4003,1,0,0,4004,A
2-PB1,548,0,1,0,4011,4012,C
2-PB1,549,3971,1,0,0,3972,A
2-PB1,550,0,1,0,3976,3977,C
2-PB1,551,3877,0,1,0,3878,A
2-PB1,552,1,0,0,3944,3945,C
2-PB1,553,0,3868,2,2,3872,T
2-PB1,554,0,3843,0,0,3843,T
2-PB1,555,0,3846,0,0,3846,T
2-PB1,556,0,0,0,3846,3846,C
2-PB1,557,3846,0,2,0,3848,A
2-PB1,558,3856,0,2,0,3858,A
2-PB1,559,3846,1,1,0,3848,A
2-PB1,560,0,0,3928,0,3928,G
2-PB1,561,3844,1,1,0,3846,A
2-PB1,562,3845,0,0,0,3845,A
2-PB1,563,3867,1,1,1,3870,A
2-PB1,564,3870,2,1,0,3873,A
2-PB1,565,3872,1,4,0,3877,A
2-PB1,566,1,0,3912,0,3913,G
2-PB1,567,0,0,3922,0,3922,G
2-PB1,568,3848,0,4,0,3852,A
2-PB1,569,0,0,3946,1,3947,G
2-PB1,570,3919,0,3,0,3922,A
2-PB1,571,0,1,4125,0,4126,G
2-PB1,572,0,4102,0,2,4104,T
2-PB1,573,4097,0,0,0,4097,A
2-PB1,574,4107,1,7,0,4115,A
2-PB1,575,0,2,4127,0,4129,G
2-PB1,576,1,2,4154,0,4157,G
2-PB1,577,2,0,4144,1,4147,G
2-PB1,578,4093,0,2,0,4095,A
2-PB1,579,0,0,1,4108,4109,C
2-PB1,580,3971,0,3,0,3974,A
2-PB1,581,3998,1,1,0,4000,A
2-PB1,582,1,0,0,3986,3987,C
2-PB1,583,3987,1,0,0,3988,A
2-PB1,584,1,3929,0,0,3930,T
2-PB1,585,1,3,3879,0,3883,G
2-PB1,586,3881,2,1,0,3884,A
2-PB1,587,0,0,0,3870,3870,C
2-PB1,588,1,1,0,3818,3820,C
2-PB1,589,3822,1,5,0,3828,A
2-PB1,590,3833,0,1,0,3834,A
2-PB1,591,0,0,3863,0,3863,G
2-PB1,592,3860,0,0,0,3860,A
2-PB1,593,3851,0,1,0,3852,A
2-PB1,594,3832,0,0,0,3832,A
2-PB1,595,3830,0,1,0,3831,A
2-PB1,596,0,3830,1,1,3832,T
2-PB1,597,1,0,3836,0,3837,G
2-PB1,598,0,0,3840,0,3840,G
2-PB1,599,1,3728,1,2,3732,T
2-PB1,600,0,2,0,3664,3666,C
2-PB1,601,3691,0,1,0,3692,A
2-PB1,602,1,0,0,4151,4152,C
2-PB1,603,4307,0,1,0,4308,A
2-PB1,604,0,0,1,4333,4334,C
2-PB1,605,4336,0,0,0,4336,A
2-PB1,606,4648,0,1,0,4649,A
2-PB1,607,4615,1,2,1,4619,A
2-PB1,608,2,1,5348,0,5351,G
2-PB1,609,5316,1,0,1,5318,A
2-PB1,610,5407,0,4,0,5411,A
2-PB1,611,3,0,0,5705,5708,C
2-PB1,612,5556,1,1,1,5559,A
2-PB1,613,5660,0,1,0,5661,A
2-PB1,614,0,5624,0,2,5626,T
2-PB1,615,5575,1,3,0,5579,A
2-PB1,616,2,5,5605,0,5612,G
2-PB1,617,0,3,5432,0,5435,G
2-PB1,618,1,1,5473,0,5475,G
2-PB1,619,5416,1,4,0,5421,A
2-PB1,620,5396,0,5,0,5401,A
2-PB1,621,0,1,5466,0,5467,G
2-PB1,622,5443,0,1,0,5444,A
2-PB1,623,5446,0,0,0,5446,A
2-PB1,624,5458,0,1,0,5459,A
2-PB1,625,5504,1,1,0,5506,A
2-PB1,626,5691,0,4,0,5695,A
2-PB1,627,5791,0,5,1,5797,A
2-PB1,628,1,1,0,6325,6327,C
2-PB1,629,6316,0,1,0,6317,A
2-PB1,630,6315,1,1,0,6317,A
2-PB1,631,6300,2,2,0,6304,A
2-PB1,632,3751,0,2614,0,6365,A
2-PB1,633,6395,0,1,0,6396,A
2-PB1,634,0,0,6822,0,6822,G
2-PB1,635,0,6768,0,1,6769,T
2-PB1,636,1,0,7903,0,7904,G
2-PB1,637,7818,2,3,0,7823,A
2-PB1,638,7823,0,4,0,7827,A
2-PB1,639,0,8003,0,2,8005,T
2-PB1,640,8034,0,0,0,8034,A
2-PB1,641,8069,2,4,0,8075,A
2-PB1,642,0,0,8113,0,8113,G
2-PB1,643,7903,1,8,2,7914,A
2-PB1,644,1,2,8010,0,8013,G
2-PB1,645,7773,1,6,0,7780,A
2-PB1,646,1,1,7878,0,7880,G
2-PB1,647,1,1,7861,0,7863,G
2-PB1,648,0,0,0,7864,7864,C
2-PB1,649,0,7844,0,3,7847,T
2-PB1,650,8166,3,9,0,8178,A
2-PB1,651,0,0,0,8860,8860,C
2-PB1,652,0,1,1,8865,8867,C
2-PB1,653,1,8953,0,3,8957,T
2-PB1,654,9436,1,2,0,9439,A
2-PB1,655,9428,0,1,2,9431,A
2-PB1,656,0,9456,0,1,9457,T
2-PB1,657,9438,0,1,1,9440,A
2-PB1,658,9411,1,3,1,9416,A
2-PB1,659,0,0,9488,0,9488,G
2-PB1,660,9237,2,4,0,9243,A
2-PB1,661,4,2,9377,1,9384,G
2-PB1,662,0,2,1,9473,9476,C
2-PB1,663,1,9352,0,2,9355,T
2-PB1,664,12,9351,0,0,9363,T
2-PB1,665,1,9370,0,4,9375,T
2-PB1,666,4,1,9362,1,9368,G
2-PB1,667,9568,0,14,0,9582,A
2-PB1,668,0,2,0,9640,9642,C
2-PB1,669,9616,1,4,0,9621,A
2-PB1,670,2,9585,0,4,9591,T
2-PB1,671,1,9539,0,1,9541,T
2-PB1,672,4,2,9721,0,9727,G
2-PB1,673,9717,0,10,0,9727,A
2-PB1,674,9763,1,6,0,9770,A
2-PB1,675,0,1,0,9809,9810,C
2-PB1,676,9729,0,4,1,9734,A
2-PB1,677,0,7,0,9751,9758,C
2-PB1,678,1,1,9708,0,9710,G
2-PB1,679,9719,3,8,2,9732,A
2-PB1,680,1,9738,0,5,9744,T
2-PB1,681,2,3,10049,0,10054,G
2-PB1,682,10075,2,5,1,10083,A
2-PB1,683,3,3,0,10148,10154,C
2-PB1,684,3,6,0,10122,10131,C
2-PB1,685,10147,1,3,0,10151,A
2-PB1,686,10303,4,1,0,10308,A
2-PB1,687,10299,1,10,0,10310,A
2-PB1,688,1,1,10655,0,10657,G
2-PB1,689,10772,0,4,0,10776,A
2-PB1,690,0,10647,0,3,10650,T
2-PB1,691,0,0,10663,0,10663,G
2-PB1,692,1,1,0,10601,10603,C
2-PB1,693,10595,1,4,1,10601,A
2-PB1,694,1,2,10692,0,10695,G
2-PB1,695,10529,5,8,0,10542,A
2-PB1,696,2,0,10611,0,10613,G
2-PB1,697,10225,2,14,1,10242,A
2-PB1,698,0,0,10280,0,10280,G
2-PB1,699,10170,1,14,0,10185,A
2-PB1,700,3,2,10238,0,10243,G
2-PB1,701,3,2,10208,0,10213,G
2-PB1,702,1,3,1,10219,10224,C
2-PB1,703,10152,0,2,1,10155,A
2-PB1,704,10185,1,2,0,10188,A
2-PB1,705,10260,2,4,0,10266,A
2-PB1,706,1,10291,0,0,10292,T
2-PB1,707,0,10261,2,4,10267,T
2-PB1,708,10300,3,2,2,10307,A
2-PB1,709,10276,2,1,0,10279,A
2-PB1,710,10282,0,3,1,10286,A
2-PB1,711,10334,2,2,1,10339,A
2-PB1,712,10334,1,2,1,10338,A
2-PB1,713,3,0,10382,0,10385,G
2-PB1,714,10263,0,4,1,10268,A
2-PB1,715,10240,1,15,0,10256,A
2-PB1,716,0,2,10525,0,10527,G
2-PB1,717,1,2,10776,0,10779,G
2-PB1,718,5,3,10817,0,10825,G
2-PB1,719,1,4,0,10901,10906,C
2-PB1,720,0,10873,0,5,10878,T
2-PB1,721,10959,0,1,0,10960,A
2-PB1,722,0,11154,1,6,11161,T
2-PB1,723,0,11172,1,2,11175,T
2-PB1,724,0,0,11214,0,11214,G
2-PB1,725,0,6,0,11147,11153,C
2-PB1,726,10819,2,13,0,10834,A
2-PB1,727,10836,2,13,0,10851,A
2-PB1,728,0,2,0,10844,10846,C
2-PB1,729,10859,1,1,0,10861,A
2-PB1,730,2,2,0,10861,10865,C
2-PB1,731,1,4,1,10555,10561,C
2-PB1,732,4,4,0,10581,10589,C
2-PB1,733,1,7,10528,1,10537,G
2-PB1,734,2,1,10560,1,10564,G
2-PB1,735,0,2,10566,0,10568,G
2-PB1,736,10615,1,10,1,10627,A
2-PB1,737,0,10605,0,4,10609,T
2-PB1,738,3,2,10645,1,10651,G
2-PB1,739,1,4,0,10615,10620,C
2-PB1,740,10809,0,3,1,10813,A
2-PB1,741,10999,4,5,1,11009,A
2-PB1,742,11136,0,1,0,11137,A
2-PB1,743,0,11136,0,2,11138,T
2-PB1,744,0,11151,0,5,11156,T
2-PB1,745,11044,2,1,0,11047,A
2-PB1,746,1,0,11053,0,11054,G
2-PB1,747,10932,2,10,0,10944,A
2-PB1,748,2,4,11047,0,11053,G
2-PB1,749,1,1,10816,0,10818,G
2-PB1,750,1,4,11157,1,11163,G
2-PB1,751,0,11081,0,8,11089,T
2-PB1,752,3,11086,0,2,11091,T
2-PB1,753,1,3,0,11143,11147,C
2-PB1,754,3,0,11270,0,11273,G
2-PB1,755,1,11253,0,8,11262,T
2-PB1,756,0,0,11279,0,11279,G
2-PB1,757,2,11241,0,3,11246,T
2-PB1,758,11165,2,2,0,11169,A
2-PB1,759,1,2,0,11151,11154,C
2-PB1,760,0,10519,1,5,10525,T
2-PB1,761,3,10575,0,0,10578,T
2-PB1,762,2,2,0,10496,10500,C
2-PB1,763,3,0,10423,0,10426,G
2-PB1,764,1,10387,0,4,10392,T
2-PB1,765,1,10357,0,12,10370,T
2-PB1,766,0,4,10376,0,10380,G
2-PB1,767,10325,2,1,1,10329,A
2-PB1,768,10326,1,7,0,10334,A
2-PB1,769,10465,0,8,1,10474,A
2-PB1,770,1,0,0,10546,10547,C
2-PB1,771,0,10429,0,1,10430,T
2-PB1,772,1,10378,2,0,10381,T
2-PB1,773,0,10406,1,0,10407,T
2-PB1,774,10603,1,8,0,10612,A
2-PB1,775,0,2,10625,0,10627,G
2-PB1,776,1,0,0,10635,10636,C
2-PB1,777,0,10650,0,3,10653,T
2-PB1,778,10536,1,5,3,10545,A
2-PB1,779,1,2,10525,0,10528,G
2-PB1,780,10504,0,3,0,10507,A
2-PB1,781,10494,1,13,0,10508,A
2-PB1,782,2,0,10547,0,10549,G
2-PB1,783,0,1,0,10376,10377,C
2-PB1,784,10351,1,1,0,10353,A
2-PB1,785,0,10305,0,3,10308,T
2-PB1,786,4,10303,1,2,10310,T
2-PB1,787,1,10321,0,4,10326,T
2-PB1,788,3,1,10338,1,10343,G
2-PB1,789,0,6,1,10308,10315,C
2-PB1,790,1,0,10319,2,10322,G
2-PB1,791,10298,4,1,1,10304,A
2-PB1,792,10229,1,2,0,10232,A
2-PB1,793,10258,1,1,0,10260,A
2-PB1,794,10637,1,6,0,10644,A
2-PB1,795,2,0,10849,0,10851,G
2-PB1,796,0,1,0,10888,10889,C
2-PB1,797,1,10867,0,3,10871,T
2-PB1,798,3,10873,0,2,10878,T
2-PB1,799,3,0,10885,0,10888,G
2-PB1,800,10866,1,7,1,10875,A
2-PB1,801,10881,0,6,0,10887,A
2-PB1,802,0,3,0,10934,10937,C
2-PB1,803,10568,0,2,0,10570,A
2-PB1,804,0,0,11619,0,11619,G
2-PB1,805,1,11531,0,0,11532,T
2-PB1,806,4,3,0,11538,11545,C
2-PB1,807,1,11541,0,4,11546,T
2-PB1,808,4,0,11551,1,11556,G
2-PB1,809,3,0,11585,1,11589,G
2-PB1,810,11574,0,5,0,11579,A
2-PB1,811,1,1,0,11610,11612,C
2-PB1,812,0,11221,0,4,11225,T
2-PB1,813,0,10444,0,1,10445,T
2-PB1,814,2,1,0,10419,10422,C
2-PB1,815,0,1,0,10424,10425,C
2-PB1,816,0,0,10498,0,10498,G
2-PB1,817,1,0,10556,0,10557,G
2-PB1,818,1,10447,1,2,10451,T
2-PB1,819,1,10460,0,1,10462,T
2-PB1,820,1,2,10431,0,10434,G
2-PB1,821,1,7,10514,1,10523,G
2-PB1,822,0,2,10622,0,10624,G
2-PB1,823,2,0,10622,0,10624,G
2-PB1,824,0,3,10684,0,10687,G
2-PB1,825,0,10566,0,4,10570,T
2-PB1,826,10550,0,2,0,10552,A
2-PB1,827,10632,0,1,0,10633,A
2-PB1,828,0,10647,2,2,10651,T
2-PB1,829,2,2,10674,0,10678,G
2-PB1,830,10563,3,3,1,10570,A
2-PB1,831,10456,1,5,1,10463,A
2-PB1,832,10465,0,6,0,10471,A
2-PB1,833,10449,2,3,2,10456,A
2-PB1,834,2,0,10463,0,10465,G
2-PB1,835,10361,2,5,0,10368,A
2-PB1,836,10281,0,7,1,10289,A
2-PB1,837,1,1,10351,1,10354,G
2-PB1,838,2,3,10325,0,10330,G
2-PB1,839,0,3,0,10316,10319,C
2-PB1,840,1,2,1,10296,10300,C
2-PB1,841,10333,0,4,1,10338,A
2-PB1,842,10339,1,7,0,10347,A
2-PB1,843,10341,0,3,0,10344,A
2-PB1,844,0,1,0,10360,10361,C
2-PB1,845,0,10318,0,5,10323,T
2-PB1,846,3,2,10517,1,10523,G
2-PB1,847,8,0,10528,1,10537,G
2-PB1,848,0,0,2,10529,10531,C
2-PB1,849,10567,1,4,0,10572,A
2-PB1,850,10558,1,2,0,10561,A
2-PB1,851,10574,1,1,0,10576,A
2-PB1,852,0,10605,0,1,10606,T
2-PB1,853,1,0,10647,0,10648,G
2-PB1,854,3,10559,0,2,10564,T
2-PB1,855,0,10256,0,17,10273,T
2-PB1,856,3,0,10307,0,10310,G
2-PB1,857,2,10259,0,7,10268,T
2-PB1,858,1,3,10284,0,10288,G
2-PB1,859,10286,2,6,1,10295,A
2-PB1,860,1,0,10361,0,10362,G
2-PB1,861,10347,0,1,0,10348,A
2-PB1,862,10272,1,0,0,10273,A
2-PB1,863,10270,0,0,0,10270,A
2-PB1,864,10314,1,1,0,10316,A
2-PB1,865,10378,2,7,1,10388,A
2-PB1,866,0,10369,0,4,10373,T
2-PB1,867,1,0,10365,0,10366,G
2-PB1,868,10340,1,3,2,10346,A
2-PB1,869,2,10209,1,1,10213,T
2-PB1,870,0,3,10342,0,10345,G
2-PB1,871,10329,4,15,1,10349,A
2-PB1,872,0,0,0,10559,10559,C
2-PB1,873,0,10525,0,4,10529,T
2-PB1,874,10486,0,1,0,10487,A
2-PB1,875,10643,0,4,0,10647,A
2-PB1,876,2,10651,0,0,10653,T
2-PB1,877,1,10762,0,1,10764,T
2-PB1,878,1,0,0,10868,10869,C
2-PB1,879,10836,2,10,1,10849,A
2-PB1,880,0,2,0,10909,10911,C
2-PB1,881,10758,2,3,0,10763,A
2-PB1,882,10784,0,15,0,10799,A
2-PB1,883,2,0,10833,0,10835,G
2-PB1,884,11073,1,21,1,11096,A
2-PB1,885,1,1,0,11076,11078,C
2-PB1,886,10993,1,3,1,10998,A
2-PB1,887,0,3,1,10981,10985,C
2-PB1,888,10841,1,6,2,10850,A
2-PB1,889,0,2,10943,0,10945,G
2-PB1,890,10829,0,15,1,10845,A
2-PB1,891,3,0,10919,1,10923,G
2-PB1,892,2,1,0,10880,10883,C
2-PB1,893,0,10567,1,29,10597,T
2-PB1,894,0,10741,0,4,10745,T
2-PB1,895,1,10732,0,2,10735,T
2-PB1,896,2,0,1,10799,10802,C
2-PB1,897,0,10788,0,2,10790,T
2-PB1,898,1,10720,0,3,10724,T
2-PB1,899,0,10711,1,11,10723,T
2-PB1,900,1,1,0,10726,10728,C
2-PB1,901,10727,1,8,0,10736,A
2-PB1,902,0,2,0,10840,10842,C
2-PB1,903,10673,2,2,0,10677,A
2-PB1,904,10736,3,4,0,10743,A
2-PB1,905,6,10855,0,3,10864,T
2-PB1,906,4,1,0,11060,11065,C
2-PB1,907,11096,1,41,0,11138,A
2-PB1,908,0,2,0,11227,11229,C
2-PB1,909,1,11120,0,5,11126,T
2-PB1,910,3,4,11217,1,11225,G
2-PB1,911,1,5,11144,0,11150,G
2-PB1,912,1,3,11663,0,11667,G
2-PB1,913,0,3,11657,0,11660,G
2-PB1,914,11471,2,9,1,11483,A
2-PB1,915,2,6,0,11046,11054,C
2-PB1,916,11242,1,2,0,11245,A
2-PB1,917,12141,0,8,0,12149,A
2-PB1,918,0,2,0,12290,12292,C
2-PB1,919,12246,1,16,1,12264,A
2-PB1,920,76,0,0,12166,12242,C
2-PB1,921,2,11609,0,5,11616,T
2-PB1,922,11671,0,4,2,11677,A
2-PB1,923,11644,1,5,0,11650,A
2-PB1,924,3,3,11802,0,11808,G
2-PB1,925,2,11681,0,4,11687,T
2-PB1,926,4,2,10836,1,10843,G
2-PB1,927,0,3,10740,0,10743,G
2-PB1,928,10731,0,5,0,10736,A
2-PB1,929,10751,1,3,0,10755,A
2-PB1,930,0,10731,0,2,10733,T
2-PB1,931,2,1,10741,0,10744,G
2-PB1,932,10725,0,1,0,10726,A
2-PB1,933,10524,2,1,0,10527,A
2-PB1,934,10624,1,4,0,10629,A
2-PB1,935,10715,0,3,0,10718,A
2-PB1,936,2,10654,0,3,10659,T
2-PB1,937,0,0,0,10679,10679,C
2-PB1,938,10680,1,4,2,10687,A
2-PB1,939,10676,2,1,1,10680,A
2-PB1,940,10661,1,5,2,10669,A
2-PB1,941,10671,0,4,3,10678,A
2-PB1,942,1,0,0,10735,10736,C
2-PB1,943,0,1,0,10686,10687,C
2-PB1,944,6,1,0,10665,10672,C
2-PB1,945,2,10603,0,9,10614,T
2-PB1,946,1,4,1,10681,10687,C
2-PB1,947,5,1,10674,0,10680,G
2-PB1,948,10689,1,1,2,10693,A
2-PB1,949,10674,0,2,0,10676,A
2-PB1,950,0,10700,0,1,10701,T
2-PB1,951,1,0,10766,0,10767,G
2-PB1,952,2,10669,2,6,10679,T
2-PB1,953,0,10683,0,6,10689,T
2-PB1,954,0,10676,0,0,10676,T
2-PB1,955,0,10664,0,2,10666,T
2-PB1,956,0,10694,0,1,10695,T
2-PB1,957,1,2,10694,0,10697,G
2-PB1,958,4,1,10642,0,10647,G
2-PB1,959,0,3,2,10618,10623,C
2-PB1,960,1,0,10566,0,10567,G
2-PB1,961,10535,0,1,1,10537,A
2-PB1,962,0,11005,1,4,11010,T
2-PB1,963,2,1,11495,1,11499,G
2-PB1,964,12139,3,2,0,12144,A
2-PB1,965,0,12212,0,2,12214,T
2-PB1,966,1,12233,2,4,12240,T
2-PB1,967,12328,5,5,1,12339,A
2-PB1,968,0,5,2,12333,12340,C
2-PB1,969,12402,1,4,0,12407,A
2-PB1,970,0,12381,1,1,12383,T
2-PB1,971,11820,2,9,0,11831,A
2-PB1,972,0,0,0,11964,11964,C
2-PB1,973,10903,0,5,0,10908,A
2-PB1,974,0,10875,1,8,10884,T
2-PB1,975,1,1,1,10888,10891,C
2-PB1,976,10837,2,5,0,10844,A
2-PB1,977,0,1,1,10880,10882,C
2-PB1,978,10830,0,1,0,10831,A
2-PB1,979,10827,1,2,0,10830,A
2-PB1,980,10813,1,7,0,10821,A
2-PB1,981,3,1,10382,1,10387,G
2-PB1,982,11070,0,2,0,11072,A
2-PB1,983,11095,0,5,0,11100,A
2-PB1,984,1,11077,0,4,11082,T
2-PB1,985,1,3,1,11093,11098,C
2-PB1,986,11135,1,5,1,11142,A
2-PB1,987,11193,1,5,0,11199,A
2-PB1,988,1,1,0,11235,11237,C
2-PB1,989,3,0,0,11223,11226,C
2-PB1,990,0,10633,0,9,10642,T
2-PB1,991,2,1,10748,0,10751,G
2-PB1,992,10686,2,4,0,10692,A
2-PB1,993,1,2,10758,0,10761,G
2-PB1,994,0,10686,1,4,10691,T
2-PB1,995,1,3,10535,2,10541,G
2-PB1,996,2,1,11193,1,11197,G
2-PB1,997,1,11117,0,4,11122,T
2-PB1,998,0,11102,0,10,11112,T
2-PB1,999,2,2,0,11156,11160,C
2-PB1,1000,11059,2,3,1,11065,A
2-PB1,1001,2,2,11334,0,11338,G
2-PB1,1002,11306,2,5,1,11314,A
2-PB1,1003,11349,2,4,0,11355,A
2-PB1,1004,11267,0,3,2,11272,A
2-PB1,1005,0,3,2,10578,10583,C
2-PB1,1006,10789,0,0,0,10789,A
2-PB1,1007,1,10728,1,3,10733,T
2-PB1,1008,2,2,0,10870,10874,C
2-PB1,1009,2,1,1,10880,10884,C
2-PB1,1010,1,10585,1,10,10597,T
2-PB1,1011,0,0,10632,0,10632,G
2-PB1,1012,10517,0,18,0,10535,A
2-PB1,1013,0,2,10677,0,10679,G
2-PB1,1014,0,1,2,10640,10643,C
2-PB1,1015,10353,0,2,0,10355,A
2-PB1,1016,3,10359,0,4,10366,T
2-PB1,1017,1,3,0,10279,10283,C
2-PB1,1018,5,1,10274,1,10281,G
2-PB1,1019,0,1,0,10628,10629,C
2-PB1,1020,10700,1,2,0,10703,A
2-PB1,1021,2,2,1,11128,11133,C
2-PB1,1022,4,3,0,11121,11128,C
2-PB1,1023,11157,0,4,0,11161,A
2-PB1,1024,11340,1,0,1,11342,A
2-PB1,1025,0,11333,0,3,11336,T
2-PB1,1026,11305,1,3,0,11309,A
2-PB1,1027,11302,1,0,1,11304,A
2-PB1,1028,0,10871,0,6,10877,T
2-PB1,1029,1,0,10935,0,10936,G
2-PB1,1030,3,10617,0,8,10628,T
2-PB1,1031,0,10491,1,11,10503,T
2-PB1,1032,2,0,1,10539,10542,C
2-PB1,1033,2,10430,3,8,10443,T
2-PB1,1034,1,1,0,10495,10497,C
2-PB1,1035,10505,0,1,0,10506,A
2-PB1,1036,10497,0,5,0,10502,A
2-PB1,1037,10519,0,4,0,10523,A
2-PB1,1038,1,0,0,10537,10538,C
2-PB1,1039,10494,2,1,0,10497,A
2-PB1,1040,10489,1,3,0,10493,A
2-PB1,1041,10444,0,4,2,10450,A
2-PB1,1042,10500,1,6,0,10507,A
2-PB1,1043,2,10664,0,2,10668,T
2-PB1,1044,1,1,10725,0,10727,G
2-PB1,1045,5,1,10678,0,10684,G
2-PB1,1046,2,2,1,10674,10679,C
2-PB1,1047,10650,1,9,0,10660,A
2-PB1,1048,10613,1,60,2,10676,A
2-PB1,1049,0,1,10805,0,10806,G
2-PB1,1050,10801,1,11,1,10814,A
2-PB1,1051,3,0,0,10876,10879,C
2-PB1,1052,1,10690,2,3,10696,T
2-PB1,1053,2,1,10978,0,10981,G
2-PB1,1054,1,0,10972,0,10973,G
2-PB1,1055,2,0,11049,0,11051,G
2-PB1,1056,10792,0,0,0,10792,A
2-PB1,1057,11058,1,3,0,11062,A
2-PB1,1058,11036,2,4,0,11042,A
2-PB1,1059,10987,0,17,0,11004,A
2-PB1,1060,2,1,11450,1,11454,G
2-PB1,1061,1,0,11428,0,11429,G
2-PB1,1062,11315,1,10,2,11328,A
2-PB1,1063,1,11271,0,2,11274,T
2-PB1,1064,11216,0,7,0,11223,A
2-PB1,1065,1,1,0,11245,11247,C
2-PB1,1066,11372,2,3,0,11377,A
2-PB1,1067,0,11353,0,4,11357,T
2-PB1,1068,3,0,11512,0,11515,G
2-PB1,1069,0,11189,0,14,11203,T
2-PB1,1070,2,11203,0,4,11209,T
2-PB1,1071,1,10,0,11171,11182,C
2-PB1,1072,6,0,11211,0,11217,G
2-PB1,1073,11175,1,5,1,11182,A
2-PB1,1074,0,1,11523,0,11524,G
2-PB1,1075,11309,2,6,0,11317,A
2-PB1,1076,1,2,11483,1,11487,G
2-PB1,1077,1,11370,1,1,11373,T
2-PB1,1078,11322,2,4,0,11328,A
2-PB1,1079,11362,1,6,0,11369,A
2-PB1,1080,2,0,11397,1,11400,G
2-PB1,1081,11344,2,8,1,11355,A
2-PB1,1082,3,2,11548,0,11553,G
2-PB1,1083,11220,0,4,2,11226,A
2-PB1,1084,11316,0,5,0,11321,A
2-PB1,1085,0,11186,0,3,11189,T
2-PB1,1086,1,4,11180,0,11185,G
2-PB1,1087,11182,1,3,0,11186,A
2-PB1,1088,11109,1,11,1,11122,A
2-PB1,1089,3,1,11171,0,11175,G
2-PB1,1090,3,3,1,11135,11142,C
2-PB1,1091,3,10921,0,9,10933,T
2-PB1,1092,1,2,0,11044,11047,C
2-PB1,1093,1,7,0,11019,11027,C
2-PB1,1094,3,3,11044,1,11051,G
2-PB1,1095,1,1,11056,0,11058,G
2-PB1,1096,11055,1,29,1,11086,A
2-PB1,1097,3,3,0,11311,11317,C
2-PB1,1098,11312,3,3,0,11318,A
2-PB1,1099,0,2,0,11486,11488,C
2-PB1,1100,11474,0,3,0,11477,A
2-PB1,1101,11480,0,4,0,11484,A
2-PB1,1102,11468,2,3,0,11473,A
2-PB1,1103,1,11498,0,2,11501,T
2-PB1,1104,11498,2,3,0,11503,A
2-PB1,1105,4,1,0,11472,11477,C
2-PB1,1106,1,4,0,11379,11384,C
2-PB1,1107,1,11124,0,9,11134,T
2-PB1,1108,2,1,11255,0,11258,G
2-PB1,1109,1,3,0,11272,11276,C
2-PB1,1110,11278,2,0,1,11281,A
2-PB1,1111,0,2,11292,0,11294,G
2-PB1,1112,11219,0,2,1,11222,A
2-PB1,1113,11206,0,1,0,11207,A
2-PB1,1114,11256,0,3,0,11259,A
2-PB1,1115,0,11244,0,4,11248,T
2-PB1,1116,0,0,11274,0,11274,G
2-PB1,1117,0,0,0,11218,11218,C
2-PB1,1118,2,11177,2,15,11196,T
2-PB1,1119,11346,2,9,0,11357,A
2-PB1,1120,0,0,11329,0,11329,G
2-PB1,1121,0,0,0,11341,11341,C
2-PB1,1122,11332,4,4,1,11341,A
2-PB1,1123,11302,1,5,0,11308,A
2-PB1,1124,1,0,11256,0,11257,G
2-PB1,1125,1,1,1,11242,11245,C
2-PB1,1126,11108,0,1,0,11109,A
2-PB1,1127,0,11367,1,1,11369,T
2-PB1,1128,0,11369,1,1,11371,T
2-PB1,1129,3,1,11798,0,11802,G
2-PB1,1130,11948,0,5,0,11953,A
2-PB1,1131,1,3,0,11907,11911,C
2-PB1,1132,1,3,1,11954,11959,C
2-PB1,1133,2,11600,0,14,11616,T
2-PB1,1134,0,1,11913,0,11914,G
2-PB1,1135,11925,3,2,0,11930,A
2-PB1,1136,11940,1,8,1,11950,A
2-PB1,1137,3,0,12169,1,12173,G
2-PB1,1138,0,11774,0,1,11775,T
2-PB1,1139,11852,0,0,0,11852,A
2-PB1,1140,2,11745,0,4,11751,T
2-PB1,1141,1,11726,1,5,11733,T
2-PB1,1142,0,11720,1,5,11726,T
2-PB1,1143,3,0,0,11593,11596,C
2-PB1,1144,11586,1,4,0,11591,A
2-PB1,1145,11583,3,0,0,11586,A
2-PB1,1146,1,11394,0,4,11399,T
2-PB1,1147,3,2,11458,1,11464,G
2-PB1,1148,11331,0,3,0,11334,A
2-PB1,1149,11374,0,2,2,11378,A
2-PB1,1150,4,11265,1,23,11293,T
2-PB1,1151,1,0,1,11407,11409,C
2-PB1,1152,11395,1,3,2,11401,A
2-PB1,1153,11431,4,6,0,11441,A
2-PB1,1154,0,2,0,11413,11415,C
2-PB1,1155,11380,1,5,1,11387,A
2-PB1,1156,11353,3,6,1,11363,A
2-PB1,1157,1,0,11361,0,11362,G
2-PB1,1158,1,2,11463,0,11466,G
2-PB1,1159,11408,3,5,1,11417,A
2-PB1,1160,11379,0,8,0,11387,A
2-PB1,1161,3,0,11426,0,11429,G
2-PB1,1162,11367,1,2,0,11370,A
2-PB1,1163,11382,1,1,1,11385,A
2-PB1,1164,11359,0,3,0,11362,A
2-PB1,1165,11372,2,6,1,11381,A
2-PB1,1166,0,11329,5,1,11335,T
2-PB1,1167,1,11217,0,2,11220,T
2-PB1,1168,2,0,11265,0,11267,G
2-PB1,1169,11204,2,10,0,11216,A
2-PB1,1170,2,0,11269,0,11271,G
2-PB1,1171,11245,2,0,2,11249,A
2-PB1,1172,11378,2,0,0,11380,A
2-PB1,1173,11595,0,1,0,11596,A
2-PB1,1174,11637,1,2,0,11640,A
2-PB1,1175,1,11634,1,0,11636,T
2-PB1,1176,11634,0,2,0,11636,A
2-PB1,1177,11610,2,13,1,11626,A
2-PB1,1178,3,3,11716,0,11722,G
2-PB1,1179,5,2,11707,1,11715,G
2-PB1,1180,4,3,0,11684,11691,C
2-PB1,1181,2,3,0,11604,11609,C
2-PB1,1182,3,11475,1,11,11490,T
2-PB1,1183,1,0,1,13285,13287,C
2-PB1,1184,1,13430,1,6,13438,T
2-PB1,1185,0,13507,1,2,13510,T
2-PB1,1186,0,0,0,13853,13853,C
2-PB1,1187,0,13764,0,3,13767,T
2-PB1,1188,13824,1,5,1,13831,A
2-PB1,1189,13816,1,0,0,13817,A
2-PB1,1190,1,13820,0,0,13821,T
2-PB1,1191,13867,0,6,1,13874,A
2-PB1,1192,0,0,13548,0,13548,G
2-PB1,1193,12263,2,3,0,12268,A
2-PB1,1194,0,12286,2,1,12289,T
2-PB1,1195,4,3,12059,0,12066,G
2-PB1,1196,5,0,12279,0,12284,G
2-PB1,1197,0,3,1,12254,12258,C
2-PB1,1198,12302,1,4,1,12308,A
2-PB1,1199,0,3,0,12348,12351,C
2-PB1,1200,12161,1,2,1,12165,A
2-PB1,1201,2,1,12688,0,12691,G
2-PB1,1202,0,1,0,12691,12692,C
2-PB1,1203,12718,2,2,0,12722,A
2-PB1,1204,3,13030,0,7,13040,T
2-PB1,1205,2,2,0,12923,12927,C
2-PB1,1206,13128,2,1,0,13131,A
2-PB1,1207,1,13106,0,5,13112,T
2-PB1,1208,3,13042,0,2,13047,T
2-PB1,1209,2,3,12996,1,13002,G
2-PB1,1210,12529,0,18,0,12547,A
2-PB1,1211,3,0,12978,0,12981,G
2-PB1,1212,5,1,0,12910,12916,C
2-PB1,1213,2,5,0,12742,12749,C
2-PB1,1214,3,4,0,12862,12869,C
2-PB1,1215,1,12663,1,10,12675,T
2-PB1,1216,1,4,12918,1,12924,G
2-PB1,1217,1,4,12959,2,12966,G
2-PB1,1218,414,0,12097,1,12512,G
2-PB1,1219,13139,0,5,1,13145,A
2-PB1,1220,1,13180,4,1,13186,T
2-PB1,1221,1,0,13448,1,13450,G
2-PB1,1222,13158,1,409,0,13568,A
2-PB1,1223,2,13599,1,24,13626,T
2-PB1,1224,0,0,13677,0,13677,G
2-PB1,1225,13460,0,11,1,13472,A
2-PB1,1226,0,13257,0,0,13257,T
2-PB1,1227,2,7,13194,1,13204,G
2-PB1,1228,0,3,13285,1,13289,G
2-PB1,1229,6,0,13344,0,13350,G
2-PB1,1230,1,2,1,13276,13280,C
2-PB1,1231,13253,1,6,0,13260,A
2-PB1,1232,0,13258,2,2,13262,T
2-PB1,1233,3,0,13655,0,13658,G
2-PB1,1234,3,13565,0,84,13652,T
2-PB1,1235,1,13673,1,12,13687,T
2-PB1,1236,1,1,1,13705,13708,C
2-PB1,1237,13606,1,6,0,13613,A
2-PB1,1238,13644,3,7,0,13654,A
2-PB1,1239,0,2,0,13656,13658,C
2-PB1,1240,13701,2,4,0,13707,A
2-PB1,1241,0,13704,0,0,13704,T
2-PB1,1242,0,0,13769,0,13769,G
2-PB1,1243,0,1,0,13775,13776,C
2-PB1,1244,0,13743,0,5,13748,T
2-PB1,1245,13859,1,4,0,13864,A
2-PB1,1246,13822,1,3,2,13828,A
2-PB1,1247,2,0,14110,0,14112,G
2-PB1,1248,0,14083,1,2,14086,T
2-PB1,1249,13979,1,8,0,13988,A
2-PB1,1250,0,5,0,14069,14074,C
2-PB1,1251,2,3,13939,0,13944,G
2-PB1,1252,3,1,14882,0,14886,G
2-PB1,1253,0,14814,3,1,14818,T
2-PB1,1254,1,14739,1,0,14741,T
2-PB1,1255,1,14722,0,4,14727,T
2-PB1,1256,0,14629,0,2,14631,T
2-PB1,1257,14652,0,10,0,14662,A
2-PB1,1258,0,1,14645,1,14647,G
2-PB1,1259,0,5,14605,0,14610,G
2-PB1,1260,14181,3,8,1,14193,A
2-PB1,1261,0,0,14091,0,14091,G
2-PB1,1262,2,14153,0,7,14162,T
2-PB1,1263,0,3,0,14197,14200,C
2-PB1,1264,1,14196,0,19,14216,T
2-PB1,1265,2,3,0,14229,14234,C
2-PB1,1266,6,3,14232,1,14242,G
2-PB1,1267,14704,2,3,1,14710,A
2-PB1,1268,1,14771,0,0,14772,T
2-PB1,1269,14824,2,1,0,14827,A
2-PB1,1270,1,6,0,14813,14820,C
2-PB1,1271,1,14458,0,27,14486,T
2-PB1,1272,3,0,14500,1,14504,G
2-PB1,1273,14473,4,1,2,14480,A
2-PB1,1274,14713,1,6,1,14721,A
2-PB1,1275,4,14709,0,3,14716,T
2-PB1,1276,2,1,0,14308,14311,C
2-PB1,1277,0,14246,1,10,14257,T
2-PB1,1278,1,14211,0,3,14215,T
2-PB1,1279,4,2,14252,1,14259,G
2-PB1,1280,1,2,14280,1,14284,G
2-PB1,1281,14199,3,34,2,14238,A
2-PB1,1282,0,5,0,14275,14280,C
2-PB1,1283,14002,0,3,0,14005,A
2-PB1,1284,14096,1,2,1,14100,A
2-PB1,1285,14161,2,2,1,14166,A
2-PB1,1286,14175,0,13,0,14188,A
2-PB1,1287,0,1,14534,0,14535,G
2-PB1,1288,14560,3,8,1,14572,A
2-PB1,1289,14549,1,5,1,14556,A
2-PB1,1290,14566,2,16,1,14585,A
2-PB1,1291,0,14554,2,5,14561,T
2-PB1,1292,14583,1,7,1,14592,A
2-PB1,1293,0,3,0,15094,15097,C
2-PB1,1294,14962,2,16,0,14980,A
2-PB1,1295,2,5,0,15043,15050,C
2-PB1,1296,2,6,0,14812,14820,C
2-PB1,1297,14754,0,3,0,14757,A
2-PB1,1298,15015,3,3,0,15021,A
2-PB1,1299,3,1,15546,0,15550,G
2-PB1,1300,15779,2,8,0,15789,A
2-PB1,1301,2,6,0,15934,15942,C
2-PB1,1302,15509,1,9,0,15519,A
2-PB1,1303,16030,3,10,1,16044,A
2-PB1,1304,1,4,0,16100,16105,C
2-PB1,1305,16305,0,2,0,16307,A
2-PB1,1306,0,16371,0,3,16374,T
2-PB1,1307,16173,0,3,0,16176,A
2-PB1,1308,0,2,0,16424,16426,C
2-PB1,1309,2,15749,1,2,15754,T
2-PB1,1310,0,0,15992,0,15992,G
2-PB1,1311,4,3,15986,1,15994,G
2-PB1,1312,2,15577,0,5,15584,T
2-PB1,1313,5,3,15519,0,15527,G
2-PB1,1314,0,4,15344,0,15348,G
2-PB1,1315,1,3,15392,0,15396,G
2-PB1,1316,15336,2,12,1,15351,A
2-PB1,1317,4,15087,12,7,15110,T
2-PB1,1318,4,2,15074,0,15080,G
2-PB1,1319,2,1,14936,0,14939,G
2-PB1,1320,14,2,15044,0,15060,G
2-PB1,1321,1,3,0,15217,15221,C
2-PB1,1322,3,15104,0,24,15131,T
2-PB1,1323,0,4,0,15297,15301,C
2-PB1,1324,5,4,3,15172,15184,C
2-PB1,1325,15196,2,4,0,15202,A
2-PB1,1326,15194,0,4,1,15199,A
2-PB1,1327,3,15114,0,3,15120,T
2-PB1,1328,4,1,6,15078,15089,C
2-PB1,1329,1,3,1,14967,14972,C
2-PB1,1330,1,14741,0,11,14753,T
2-PB1,1331,1,1,0,14760,14762,C
2-PB1,1332,3,4,1,14695,14703,C
2-PB1,1333,4,2,14712,0,14718,G
2-PB1,1334,14700,4,4,0,14708,A
2-PB1,1335,0,5,0,14711,14716,C
2-PB1,1336,6,1,14733,0,14740,G
2-PB1,1337,14820,0,4,0,14824,A
2-PB1,1338,3,14796,0,2,14801,T
2-PB1,1339,1,14794,0,1,14796,T
2-PB1,1340,1,14782,0,8,14791,T
2-PB1,1341,2,14815,0,3,14820,T
2-PB1,1342,6,2,14838,0,14846,G
2-PB1,1343,0,9,1,14921,14931,C
2-PB1,1344,4,4,1,14924,14933,C
2-PB1,1345,6,1,0,15415,15422,C
2-PB1,1346,2,15073,1,23,15099,T
2-PB1,1347,4,2,0,15709,15715,C
2-PB1,1348,15833,1,6,0,15840,A
2-PB1,1349,1,15900,1,6,15908,T
2-PB1,1350,15886,0,1,0,15887,A
2-PB1,1351,0,2,16051,1,16054,G
2-PB1,1352,1,15782,0,9,15792,T
2-PB1,1353,2,1,15893,0,15896,G
2-PB1,1354,15265,3,2,0,15270,A
2-PB1,1355,15287,1,2,0,15290,A
2-PB1,1356,3,14536,0,4,14543,T
2-PB1,1357,0,0,14524,1,14525,G
2-PB1,1358,4,7,0,14640,14651,C
2-PB1,1359,14709,3,6,0,14718,A
2-PB1,1360,1,5,0,14715,14721,C
2-PB1,1361,4,2,1,14570,14577,C
2-PB1,1362,14427,0,3,0,14430,A
2-PB1,1363,14391,0,3,0,14394,A
2-PB1,1364,14356,1,3,0,14360,A
2-PB1,1365,0,13878,0,4,13882,T
2-PB1,1366,2,3,0,14426,14431,C
2-PB1,1367,14425,1,7,1,14434,A
2-PB1,1368,1,14404,1,2,14408,T
2-PB1,1369,0,0,14438,0,14438,G
2-PB1,1370,14423,2,14,2,14441,A
2-PB1,1371,6,7,14576,1,14590,G
2-PB1,1372,2,3,14596,2,14603,G
2-PB1,1373,6,7,14667,0,14680,G
2-PB1,1374,14510,0,11,0,14521,A
2-PB1,1375,14710,1,8,1,14720,A
2-PB1,1376,0,14760,0,1,14761,T
2-PB1,1377,14810,0,8,0,14818,A
2-PB1,1378,1,2,0,14839,14842,C
2-PB1,1379,14843,2,7,0,14852,A
2-PB1,1380,14818,3,16,2,14839,A
2-PB1,1381,1,1,14799,0,14801,G
2-PB1,1382,1,1,0,14643,14645,C
2-PB1,1383,14523,2,2,0,14527,A
2-PB1,1384,0,1,14715,0,14716,G
2-PB1,1385,1,0,14698,0,14699,G
2-PB1,1386,14593,4,11,0,14608,A
2-PB1,1387,3,23,14718,2,14746,G
2-PB1,1388,2,14406,0,1,14409,T
2-PB1,1389,2,2,14678,1,14683,G
2-PB1,1390,0,2,14741,1,14744,G
2-PB1,1391,14684,1,6,1,14692,A
2-PB1,1392,1,14708,0,1,14710,T
2-PB1,1393,14316,3,1,1,14321,A
2-PB1,1394,3,5,14412,0,14420,G
2-PB1,1395,14610,0,3,2,14615,A
2-PB1,1396,0,14594,0,5,14599,T
2-PB1,1397,2,14493,0,1,14496,T
2-PB1,1398,5,2,0,14927,14934,C
2-PB1,1399,1,14799,1,5,14806,T
2-PB1,1400,14781,3,3,0,14787,A
2-PB1,1401,0,3,0,14792,14795,C
2-PB1,1402,14475,2,8,2,14487,A
2-PB1,1403,1,5,14447,1,14454,G
2-PB1,1404,4,3,14101,1,14109,G
2-PB1,1405,14276,4,9,3,14292,A
2-PB1,1406,3,4,0,14257,14264,C
2-PB1,1407,3,2,1,13733,13739,C
2-PB1,1408,5,13581,1,32,13619,T
2-PB1,1409,2,0,13677,0,13679,G
2-PB1,1410,1,2,0,13679,13682,C
2-PB1,1411,13684,1,4,0,13689,A
2-PB1,1412,13808,1,13,1,13823,A
2-PB1,1413,1,0,13862,0,13863,G
2-PB1,1414,1,13548,4,3,13556,T
2-PB1,1415,1,13546,2,3,13552,T
2-PB1,1416,13294,3,4,1,13302,A
2-PB1,1417,0,0,13362,0,13362,G
2-PB1,1418,3,13279,0,7,13289,T
2-PB1,1419,2,2,13275,0,13279,G
2-PB1,1420,2,2,13231,0,13235,G
2-PB1,1421,5,2,13290,1,13298,G
2-PB1,1422,13213,4,6,0,13223,A
2-PB1,1423,13293,1,1,0,13295,A
2-PB1,1424,4,13241,0,7,13252,T
2-PB1,1425,2,3,0,13296,13301,C
2-PB1,1426,13288,1,8,1,13298,A
2-PB1,1427,13340,0,3,1,13344,A
2-PB1,1428,3,4,0,13308,13315,C
2-PB1,1429,13283,1,7,1,13292,A
2-PB1,1430,1,12888,0,1,12890,T
2-PB1,1431,2,3,12891,1,12897,G
2-PB1,1432,12874,2,17,2,12895,A
2-PB1,1433,4,0,13071,0,13075,G
2-PB1,1434,1,1,0,12991,12993,C
2-PB1,1435,12967,0,4,0,12971,A
2-PB1,1436,12959,2,4,1,12966,A
2-PB1,1437,12979,2,2,0,12983,A
2-PB1,1438,13084,0,1,2,13087,A
2-PB1,1439,13079,1,5,0,13085,A
2-PB1,1440,2,0,13069,1,13072,G
2-PB1,1441,12887,0,2,0,12889,A
2-PB1,1442,12680,2,9,0,12691,A
2-PB1,1443,0,0,13354,0,13354,G
2-PB1,1444,2,13291,0,5,13298,T
2-PB1,1445,3,0,0,13320,13323,C
2-PB1,1446,2,2,0,13369,13373,C
2-PB1,1447,4,13259,0,1,13264,T
2-PB1,1448,13493,1,2,0,13496,A
2-PB1,1449,0,13458,0,0,13458,T
2-PB1,1450,13459,1,3,2,13465,A
2-PB1,1451,1,13481,0,0,13482,T
2-PB1,1452,13013,0,3,0,13016,A
2-PB1,1453,13017,2,0,0,13019,A
2-PB1,1454,12996,1,1,0,12998,A
2-PB1,1455,3,12962,0,2,12967,T
2-PB1,1456,12785,1,1,0,12787,A
2-PB1,1457,12752,1,1,0,12754,A
2-PB1,1458,12767,1,4,2,12774,A
2-PB1,1459,12805,1,10,2,12818,A
2-PB1,1460,1,3,0,12848,12852,C
2-PB1,1461,12011,4,5,0,12020,A
2-PB1,1462,1,29,12001,0,12031,G
2-PB1,1463,3,3,12004,1,12011,G
2-PB1,1464,2,3,12018,0,12023,G
2-PB1,1465,12015,2,7,0,12024,A
2-PB1,1466,2,3,0,12130,12135,C
2-PB1,1467,12055,0,2,0,12057,A
2-PB1,1468,0,12137,1,1,12139,T
2-PB1,1469,1,12130,0,12,12143,T
2-PB1,1470,2,12161,0,6,12169,T
2-PB1,1471,1,2,12192,0,12195,G
2-PB1,1472,12039,3,3,1,12046,A
2-PB1,1473,12074,2,3,0,12079,A
2-PB1,1474,3,12086,0,9,12098,T
2-PB1,1475,1,11775,1,8,11785,T
2-PB1,1476,3,1,1,11891,11896,C
2-PB1,1477,11778,2,3,0,11783,A
2-PB1,1478,0,2,0,11793,11795,C
2-PB1,1479,1,11768,0,4,11773,T
2-PB1,1480,11802,1,3,0,11806,A
2-PB1,1481,2,3,11803,0,11808,G
2-PB1,1482,0,0,0,11796,11796,C
2-PB1,1483,0,11729,0,17,11746,T
2-PB1,1484,1,11818,1,4,11824,T
2-PB1,1485,0,11756,0,3,11759,T
2-PB1,1486,6,11754,1,2,11763,T
2-PB1,1487,0,11750,0,4,11754,T
2-PB1,1488,3,11744,0,1,11748,T
2-PB1,1489,0,11720,0,1,11721,T
2-PB1,1490,11724,1,1,0,11726,A
2-PB1,1491,3,11650,1,0,11654,T
2-PB1,1492,0,3,0,11696,11699,C
2-PB1,1493,1,3,11795,0,11799,G
2-PB1,1494,12187,2,1,0,12190,A
2-PB1,1495,1,12225,2,3,12231,T
2-PB1,1496,12203,5,2,0,12210,A
2-PB1,1497,1,12378,0,3,12382,T
2-PB1,1498,4,2,12351,1,12358,G
2-PB1,1499,1,2,12472,1,12476,G
2-PB1,1500,12441,1,14,0,12456,A
2-PB1,1501,0,12380,3,4,12387,T
2-PB1,1502,1,12251,0,2,12254,T
2-PB1,1503,1,11858,0,1,11860,T
2-PB1,1504,1,0,11869,0,11870,G
2-PB1,1505,2,11817,0,3,11822,T
2-PB1,1506,2,1,11783,0,11786,G
2-PB1,1507,6,0,11779,1,11786,G
2-PB1,1508,6,3,0,11626,11635,C
2-PB1,1509,0,11653,1,7,11661,T
2-PB1,1510,11707,0,4,0,11711,A
2-PB1,1511,11817,1,2,0,11820,A
2-PB1,1512,0,11934,1,1,11936,T
2-PB1,1513,0,11911,0,4,11915,T
2-PB1,1514,0,11915,1,4,11920,T
2-PB1,1515,0,11913,0,2,11915,T
2-PB1,1516,11899,0,4,0,11903,A
2-PB1,1517,6,1,12025,0,12032,G
2-PB1,1518,1,3,0,11987,11991,C
2-PB1,1519,11983,0,2,0,11985,A
2-PB1,1520,2,11807,0,6,11815,T
2-PB1,1521,4,1,11640,0,11645,G
2-PB1,1522,1,3,11839,0,11843,G
2-PB1,1523,11738,2,7,3,11750,A
2-PB1,1524,2,0,11828,0,11830,G
2-PB1,1525,1,4,0,11756,11761,C
2-PB1,1526,1,11639,0,12,11652,T
2-PB1,1527,5,1,11765,0,11771,G
2-PB1,1528,4,2,1,11719,11726,C
2-PB1,1529,5,3,1,11692,11701,C
2-PB1,1530,4,1,0,11784,11789,C
2-PB1,1531,11415,1,5,1,11422,A
2-PB1,1532,0,0,12262,0,12262,G
2-PB1,1533,0,12218,1,9,12228,T
2-PB1,1534,0,12197,1,6,12204,T
2-PB1,1535,0,12245,0,4,12249,T
2-PB1,1536,2,12050,1,3,12056,T
2-PB1,1537,2,1,12002,0,12005,G
2-PB1,1538,5,0,12035,0,12040,G
2-PB1,1539,11890,1,8,2,11901,A
2-PB1,1540,1,0,11991,0,11992,G
2-PB1,1541,0,10714,0,0,10714,T
2-PB1,1542,2,0,11183,0,11185,G
2-PB1,1543,0,11157,0,3,11160,T
2-PB1,1544,3,0,0,11152,11155,C
2-PB1,1545,3,11167,0,10,11180,T
2-PB1,1546,1,3,11205,1,11210,G
2-PB1,1547,2,2,11343,0,11347,G
2-PB1,1548,11358,0,3,1,11362,A
2-PB1,1549,11380,1,4,0,11385,A
2-PB1,1550,0,11350,0,1,11351,T
2-PB1,1551,10311,0,2,0,10313,A
2-PB1,1552,10305,0,2,2,10309,A
2-PB1,1553,10301,1,4,0,10306,A
2-PB1,1554,1,1,0,10329,10331,C
2-PB1,1555,1,3,10219,0,10223,G
2-PB1,1556,9998,1,3,1,10003,A
2-PB1,1557,3,1,10017,0,10021,G
2-PB1,1558,2,9973,0,3,9978,T
2-PB1,1559,1,1,0,10036,10038,C
2-PB1,1560,9972,1,5,0,9978,A
2-PB1,1561,0,1,10106,0,10107,G
2-PB1,1562,0,1,0,10094,10095,C
2-PB1,1563,2,10055,2,6,10065,T
2-PB1,1564,1,1,10369,0,10371,G
2-PB1,1565,10255,1,4,0,10260,A
2-PB1,1566,2,10288,0,0,10290,T
2-PB1,1567,10282,0,7,1,10290,A
2-PB1,1568,0,10141,1,1,10143,T
2-PB1,1569,3,3,10166,0,10172,G
2-PB1,1570,9584,2,9,0,9595,A
2-PB1,1571,2,0,9743,0,9745,G
2-PB1,1572,0,19,1,9729,9749,C
2-PB1,1573,8981,1,1,0,8983,A
2-PB1,1574,0,8968,0,2,8970,T
2-PB1,1575,1,8928,1,4,8934,T
2-PB1,1576,1,1,9004,0,9006,G
2-PB1,1577,0,1,9274,0,9275,G
2-PB1,1578,8991,2,12,0,9005,A
2-PB1,1579,2,1,9051,0,9054,G
2-PB1,1580,0,8490,0,1,8491,T
2-PB1,1581,8461,0,2,0,8463,A
2-PB1,1582,8458,1,8,1,8468,A
2-PB1,1583,0,1,0,8497,8498,C
2-PB1,1584,8419,2,2,1,8424,A
2-PB1,1585,1,0,8552,0,8553,G
2-PB1,1586,0,7109,0,2,7111,T
2-PB1,1587,0,2,7184,1,7187,G
2-PB1,1588,7246,1,4,0,7251,A
2-PB1,1589,1,7226,1,1,7229,T
2-PB1,1590,7218,1,2,1,7222,A
2-PB1,1591,7205,0,4,0,7209,A
2-PB1,1592,6868,0,8,1,6877,A
2-PB1,1593,0,1,6960,1,6962,G
2-PB1,1594,6338,1,2,0,6341,A
2-PB1,1595,6326,0,3,0,6329,A
2-PB1,1596,0,1,0,6340,6341,C
2-PB1,1597,5995,0,4,1,6000,A
2-PB1,1598,6083,0,2,0,6085,A
2-PB1,1599,0,2,0,6092,6094,C
2-PB1,1600,6114,0,8,0,6122,A
2-PB1,1601,1,6095,11,1,6108,T
2-PB1,1602,1,2,5818,0,5821,G
2-PB1,1603,5810,1,5,1,5817,A
2-PB1,1604,0,5803,2,0,5805,T
2-PB1,1605,5671,0,3,1,5675,A
2-PB1,1606,5707,2,3,1,5713,A
2-PB1,1607,5563,1,6,0,5570,A
2-PB1,1608,0,2,0,5607,5609,C
2-PB1,1609,5156,2,0,1,5159,A
2-PB1,1610,5138,0,1,1,5140,A
2-PB1,1611,0,4952,1,0,4953,T
2-PB1,1612,1,2,4956,0,4959,G
2-PB1,1613,5041,3,7,0,5051,A
2-PB1,1614,0,3,0,5090,5093,C
2-PB1,1615,0,0,0,4935,4935,C
2-PB1,1616,1,4569,1,3,4574,T
2-PB1,1617,0,4338,0,5,4343,T
2-PB1,1618,0,0,4368,0,4368,G
2-PB1,1619,1,3,4434,0,4438,G
2-PB1,1620,4511,0,4,0,4515,A
2-PB1,1621,0,3,0,4649,4652,C
2-PB1,1622,1,1,0,4597,4599,C
2-PB1,1623,4556,0,5,0,4561,A
2-PB1,1624,1,0,4679,0,4680,G
2-PB1,1625,0,0,0,4686,4686,C
2-PB1,1626,4696,0,3,0,4699,A
2-PB1,1627,4694,0,2,1,4697,A
2-PB1,1628,0,2,0,4673,4675,C
2-PB1,1629,4610,0,3,1,4614,A
2-PB1,1630,1,0,4716,0,4717,G
2-PB1,1631,1,2,0,4706,4709,C
2-PB1,1632,0,1,0,4734,4735,C
2-PB1,1633,2,0,1,4707,4710,C
2-PB1,1634,4723,1,1,0,4725,A
2-PB1,1635,4714,0,0,0,4714,A
2-PB1,1636,4711,0,1,0,4712,A
2-PB1,1637,0,4729,0,0,4729,T
2-PB1,1638,0,0,4702,1,4703,G
2-PB1,1639,0,0,4676,0,4676,G
2-PB1,1640,0,1,0,4677,4678,C
2-PB1,1641,0,4628,0,3,4631,T
2-PB1,1642,0,1,0,4763,4764,C
2-PB1,1643,0,4730,0,5,4735,T
2-PB1,1644,2,0,0,4786,4788,C
2-PB1,1645,2,1,0,4810,4813,C
2-PB1,1646,4826,1,0,1,4828,A
2-PB1,1647,4896,0,0,1,4897,A
2-PB1,1648,1,4870,0,4,4875,T
2-PB1,1649,0,4843,0,0,4843,T
2-PB1,1650,0,1,4861,0,4862,G
2-PB1,1651,0,4760,0,3,4763,T
2-PB1,1652,1,4759,0,2,4762,T
2-PB1,1653,2,70,0,4692,4764,C
2-PB1,1654,4745,7,1,0,4753,A
2-PB1,1655,0,4741,1,2,4744,T
2-PB1,1656,0,0,1,4754,4755,C
2-PB1,1657,4764,1,0,0,4765,A
2-PB1,1658,4768,1,1,1,4771,A
2-PB1,1659,4751,2,7,0,4760,A
2-PB1,1660,0,0,4907,0,4907,G
2-PB1,1661,4897,0,1,0,4898,A
2-PB1,1662,1,4870,0,2,4873,T
2-PB1,1663,0,4891,1,2,4894,T
2-PB1,1664,4911,0,3,1,4915,A
2-PB1,1665,0,1,0,5021,5022,C
2-PB1,1666,4996,0,4,0,5000,A
2-PB1,1667,0,0,5055,0,5055,G
2-PB1,1668,5016,2,2,0,5020,A
2-PB1,1669,0,5060,0,0,5060,T
2-PB1,1670,5085,0,1,0,5086,A
2-PB1,1671,0,1,0,5385,5386,C
2-PB1,1672,5482,0,3,1,5486,A
2-PB1,1673,0,0,0,5898,5898,C
2-PB1,1674,5824,0,1,0,5825,A
2-PB1,1675,1,5885,0,2,5888,T
2-PB1,1676,5815,0,1,0,5816,A
2-PB1,1677,1,5796,0,0,5797,T
2-PB1,1678,5631,0,3,4,5638,A
2-PB1,1679,1,0,5657,0,5658,G
2-PB1,1680,1,1,5700,0,5702,G
2-PB1,1681,0,5423,0,2,5425,T
2-PB1,1682,1,3,5425,0,5429,G
2-PB1,1683,0,2,0,5543,5545,C
2-PB1,1684,1,0,0,5536,5537,C
2-PB1,1685,5597,0,2,0,5599,A
2-PB1,1686,2,5596,0,1,5599,T
2-PB1,1687,5612,0,1,0,5613,A
2-PB1,1688,0,0,5623,0,5623,G
2-PB1,1689,5353,1,5,1,5360,A
2-PB1,1690,2,3,5364,0,5369,G
2-PB1,1691,1,2,5250,0,5253,G
2-PB1,1692,2,0,5093,0,5095,G
2-PB1,1693,0,1,5178,0,5179,G
2-PB1,1694,5195,0,5,0,5200,A
2-PB1,1695,1,2,1,5225,5229,C
2-PB1,1696,5215,2,2,1,5220,A
2-PB1,1697,0,1,1,5357,5359,C
2-PB1,1698,5344,1,3,0,5348,A
2-PB1,1699,0,3,0,5347,5350,C
2-PB1,1700,5282,1,1,0,5284,A
2-PB1,1701,5280,0,4,0,5284,A
2-PB1,1702,5330,1,2,0,5333,A
2-PB1,1703,0,5351,0,0,5351,T
2-PB1,1704,0,1,0,5380,5381,C
2-PB1,1705,0,1,0,5371,5372,C
2-PB1,1706,5248,0,1,1,5250,A
2-PB1,1707,3,1,5258,0,5262,G
2-PB1,1708,5249,1,3,0,5253,A
2-PB1,1709,0,0,0,5308,5308,C
2-PB1,1710,1,1,5309,0,5311,G
2-PB1,1711,5238,0,3,0,5241,A
2-PB1,1712,1,11,5262,1,5275,G
2-PB1,1713,5286,0,1,0,5287,A
2-PB1,1714,5269,1,3,2,5275,A
2-PB1,1715,1,1,5301,0,5303,G
2-PB1,1716,5277,0,14,0,5291,A
2-PB1,1717,3,5255,1,6,5265,T
2-PB1,1718,1,0,0,5258,5259,C
2-PB1,1719,5281,1,3,0,5285,A
2-PB1,1720,0,5261,0,0,5261,T
2-PB1,1721,1,5256,0,0,5257,T
2-PB1,1722,0,1,4,5264,5269,C
2-PB1,1723,1,2,5278,0,5281,G
2-PB1,1724,5205,0,2,0,5207,A
2-PB1,1725,1,0,5242,0,5243,G
2-PB1,1726,5195,0,2,0,5197,A
2-PB1,1727,0,5365,0,0,5365,T
2-PB1,1728,5398,0,1,0,5399,A
2-PB1,1729,5408,1,0,0,5409,A
2-PB1,1730,5418,0,7,0,5425,A
2-PB1,1731,20,0,5414,0,5434,G
2-PB1,1732,5408,1,1,0,5410,A
2-PB1,1733,5270,1,6,0,5277,A
2-PB1,1734,2,0,5296,0,5298,G
2-PB1,1735,0,2,0,5319,5321,C
2-PB1,1736,1,5214,0,4,5219,T
2-PB1,1737,0,0,5245,0,5245,G
2-PB1,1738,0,5210,0,3,5213,T
2-PB1,1739,1,1,5189,1,5192,G
2-PB1,1740,2,1,5214,1,5218,G
2-PB1,1741,0,1,5270,0,5271,G
2-PB1,1742,5282,1,5,0,5288,A
2-PB1,1743,1,5232,1,2,5236,T
2-PB1,1744,0,2,0,5217,5219,C
2-PB1,1745,5208,0,1,1,5210,A
2-PB1,1746,5235,0,1,0,5236,A
2-PB1,1747,5254,0,3,0,5257,A
2-PB1,1748,0,0,0,5255,5255,C
2-PB1,1749,1,2,1,5219,5223,C
2-PB1,1750,3,0,0,5169,5172,C
2-PB1,1751,5170,1,3,1,5175,A
2-PB1,1752,5278,2,3,0,5283,A
2-PB1,1753,1,5252,0,1,5254,T
2-PB1,1754,1,1,0,5265,5267,C
2-PB1,1755,5215,0,1,0,5216,A
2-PB1,1756,5187,0,2,0,5189,A
2-PB1,1757,1,1,5260,0,5262,G
2-PB1,1758,1,1,5229,0,5231,G
2-PB1,1759,3,2,5234,0,5239,G
2-PB1,1760,3,1,0,5241,5245,C
2-PB1,1761,5169,0,6,0,5175,A
2-PB1,1762,0,1,5388,0,5389,G
2-PB1,1763,2,1,5431,3,5437,G
2-PB1,1764,5453,0,4,0,5457,A
2-PB1,1765,1,2,0,5505,5508,C
2-PB1,1766,0,5400,0,0,5400,T
2-PB1,1767,5514,2,1,1,5518,A
2-PB1,1768,0,5505,0,3,5508,T
2-PB1,1769,0,5508,0,0,5508,T
2-PB1,1770,1,1,5498,0,5500,G
2-PB1,1771,0,0,5510,0,5510,G
2-PB1,1772,0,5418,0,5,5423,T
2-PB1,1773,5422,0,1,1,5424,A
2-PB1,1774,0,5332,0,5,5337,T
2-PB1,1775,1,2,1,5346,5350,C
2-PB1,1776,5238,0,3,0,5241,A
2-PB1,1777,1,0,5320,0,5321,G
2-PB1,1778,5306,1,1,1,5309,A
2-PB1,1779,1,5268,0,0,5269,T
2-PB1,1780,1,1,5023,0,5025,G
2-PB1,1781,2,1,5009,0,5012,G
2-PB1,1782,1,4,4972,0,4977,G
2-PB1,1783,1,3,4993,0,4997,G
2-PB1,1784,0,2,5001,1,5004,G
2-PB1,1785,4998,3,2,1,5004,A
2-PB1,1786,0,1,1,4968,4970,C
2-PB1,1787,1,0,0,4962,4963,C
2-PB1,1788,4967,0,1,1,4969,A
2-PB1,1789,5393,0,2,0,5395,A
2-PB1,1790,5421,0,2,0,5423,A
2-PB1,1791,0,0,0,5575,5575,C
2-PB1,1792,0,5504,0,3,5507,T
2-PB1,1793,1,5488,0,1,5490,T
2-PB1,1794,5530,1,2,0,5533,A
2-PB1,1795,0,5529,0,1,5530,T
2-PB1,1796,5544,2,3,0,5549,A
2-PB1,1797,1,1,0,5553,5555,C
2-PB1,1798,5020,1,0,1,5022,A
2-PB1,1799,5038,1,1,0,5040,A
2-PB1,1800,1,4888,0,0,4889,T
2-PB1,1801,4967,0,1,0,4968,A
2-PB1,1802,0,4959,0,0,4959,T
2-PB1,1803,0,0,1,4936,4937,C
2-PB1,1804,0,1,0,4941,4942,C
2-PB1,1805,1,0,4924,0,4925,G
2-PB1,1806,0,2,4932,0,4934,G
2-PB1,1807,4941,0,4,0,4945,A
2-PB1,1808,4958,1,0,0,4959,A
2-PB1,1809,0,4951,1,1,4953,T
2-PB1,1810,0,0,0,5038,5038,C
2-PB1,1811,1,5022,0,6,5029,T
2-PB1,1812,1,5030,0,6,5037,T
2-PB1,1813,1,2,2,5034,5039,C
2-PB1,1814,4965,6,3,63,5037,A
2-PB1,1815,1,0,0,5051,5052,C
2-PB1,1816,5033,1,2,0,5036,A
2-PB1,1817,0,5462,1,0,5463,T
2-PB1,1818,0,0,0,5482,5482,C
2-PB1,1819,1,1,0,5457,5459,C
2-PB1,1820,1,16,0,5476,5493,C
2-PB1,1821,0,5476,0,11,5487,T
2-PB1,1822,0,0,5485,0,5485,G
2-PB1,1823,5476,0,0,0,5476,A
2-PB1,1824,5454,0,4,1,5459,A
2-PB1,1825,0,0,5468,0,5468,G
2-PB1,1826,0,5034,0,3,5037,T
2-PB1,1827,5,0,0,5041,5046,C
2-PB1,1828,2,4930,0,1,4933,T
2-PB1,1829,1,0,5144,0,5145,G
2-PB1,1830,0,3,0,5148,5151,C
2-PB1,1831,0,5133,3,5,5141,T
2-PB1,1832,0,5137,0,2,5139,T
2-PB1,1833,5140,0,1,0,5141,A
2-PB1,1834,5151,1,0,0,5152,A
2-PB1,1835,5169,0,2,0,5171,A
2-PB1,1836,3,1,5210,0,5214,G
2-PB1,1837,0,5125,0,0,5125,T
2-PB1,1838,1,1,5001,0,5003,G
2-PB1,1839,3,2,4980,0,4985,G
2-PB1,1840,4,1,5007,1,5013,G
2-PB1,1841,4985,0,6,0,4991,A
2-PB1,1842,0,1,5034,0,5035,G
2-PB1,1843,3,0,0,5014,5017,C
2-PB1,1844,0,4989,1,3,4993,T
2-PB1,1845,1,1,4999,0,5001,G
2-PB1,1846,4984,1,2,1,4988,A
2-PB1,1847,0,4997,0,2,4999,T
2-PB1,1848,1,1,5025,0,5027,G
2-PB1,1849,0,0,4997,0,4997,G
2-PB1,1850,4985,0,5,1,4991,A
2-PB1,1851,0,4988,0,0,4988,T
2-PB1,1852,3,0,4975,0,4978,G
2-PB1,1853,4942,2,5,0,4949,A
2-PB1,1854,0,0,5055,0,5055,G
2-PB1,1855,5029,1,8,1,5039,A
2-PB1,1856,5046,1,2,0,5049,A
2-PB1,1857,0,5016,1,2,5019,T
2-PB1,1858,0,4987,0,1,4988,T
2-PB1,1859,5006,0,0,0,5006,A
2-PB1,1860,1,5002,0,1,5004,T
2-PB1,1861,1,5,1,4987,4994,C
2-PB1,1862,1,0,5016,0,5017,G
2-PB1,1863,2,0,4962,0,4964,G
2-PB1,1864,0,1,4954,0,4955,G
2-PB1,1865,0,0,4952,0,4952,G
2-PB1,1866,4933,0,2,0,4935,A
2-PB1,1867,4949,0,6,0,4955,A
2-PB1,1868,0,1,4994,0,4995,G
2-PB1,1869,5052,1,8,1,5062,A
2-PB1,1870,0,1,0,5099,5100,C
2-PB1,1871,1,5027,0,1,5029,T
2-PB1,1872,0,5163,0,1,5164,T
2-PB1,1873,0,5174,1,3,5178,T
2-PB1,1874,0,0,5232,0,5232,G
2-PB1,1875,1,5226,0,5,5232,T
2-PB1,1876,5199,0,0,0,5199,A
2-PB1,1877,5177,0,7,1,5185,A
2-PB1,1878,1,5033,0,4,5038,T
2-PB1,1879,0,0,1,5082,5083,C
2-PB1,1880,2,0,0,5065,5067,C
2-PB1,1881,1,0,0,5047,5048,C
2-PB1,1882,3,2,0,5068,5073,C
2-PB1,1883,1,5050,0,4,5055,T
2-PB1,1884,1,2,5059,0,5062,G
2-PB1,1885,5052,1,0,0,5053,A
2-PB1,1886,5088,0,1,0,5089,A
2-PB1,1887,0,5074,0,3,5077,T
2-PB1,1888,0,0,0,5059,5059,C
2-PB1,1889,2,1,0,5037,5040,C
2-PB1,1890,3,0,0,5000,5003,C
2-PB1,1891,2,4971,1,3,4977,T
2-PB1,1892,0,4992,1,1,4994,T
2-PB1,1893,1,4964,0,4,4969,T
2-PB1,1894,1,0,4976,0,4977,G
2-PB1,1895,0,4968,0,3,4971,T
2-PB1,1896,2,0,0,4935,4937,C
2-PB1,1897,4873,0,11,0,4884,A
2-PB1,1898,1,1,4985,1,4988,G
2-PB1,1899,1,2,0,4982,4985,C
2-PB1,1900,1,0,0,4977,4978,C
2-PB1,1901,4982,0,1,0,4983,A
2-PB1,1902,1,4996,0,0,4997,T
2-PB1,1903,5008,1,1,0,5010,A
2-PB1,1904,5021,0,2,2,5025,A
2-PB1,1905,5021,0,5,0,5026,A
2-PB1,1906,0,0,5102,0,5102,G
2-PB1,1907,4977,0,0,1,4978,A
2-PB1,1908,4987,1,1,0,4989,A
2-PB1,1909,4997,0,1,0,4998,A
2-PB1,1910,0,4971,1,1,4973,T
2-PB1,1911,0,4954,1,0,4955,T
2-PB1,1912,0,2,4981,0,4983,G
2-PB1,1913,4919,0,4,1,4924,A
2-PB1,1914,0,0,5028,0,5028,G
2-PB1,1915,1,4976,0,2,4979,T
2-PB1,1916,0,1,0,5051,5052,C
2-PB1,1917,0,5033,0,4,5037,T
2-PB1,1918,2,0,5169,0,5171,G
2-PB1,1919,1,5161,1,1,5164,T
2-PB1,1920,5247,0,1,0,5248,A
2-PB1,1921,5237,0,2,0,5239,A
2-PB1,1922,5231,0,0,0,5231,A
2-PB1,1923,0,2,0,5260,5262,C
2-PB1,1924,5071,1,0,0,5072,A
2-PB1,1925,5240,0,0,1,5241,A
2-PB1,1926,1,5224,0,0,5225,T
2-PB1,1927,0,2,5208,0,5210,G
2-PB1,1928,0,1,0,5248,5249,C
2-PB1,1929,1,5158,1,7,5167,T
2-PB1,1930,0,0,5371,0,5371,G
2-PB1,1931,0,5358,0,1,5359,T
2-PB1,1932,5485,0,1,0,5486,A
2-PB1,1933,1,0,5494,0,5495,G
2-PB1,1934,2,5354,0,1,5357,T
2-PB1,1935,5305,0,4,0,5309,A
2-PB1,1936,5266,0,1,2,5269,A
2-PB1,1937,0,5218,0,2,5220,T
2-PB1,1938,0,2,5219,0,5221,G
2-PB1,1939,0,2,0,5123,5125,C
2-PB1,1940,0,0,1,5068,5069,C
2-PB1,1941,4990,0,5,0,4995,A
2-PB1,1942,0,0,5029,0,5029,G
2-PB1,1943,1,0,0,5166,5167,C
2-PB1,1944,2,22,0,5140,5164,C
2-PB1,1945,3,0,0,5168,5171,C
2-PB1,1946,5148,0,6,0,5154,A
2-PB1,1947,2,5149,0,4,5155,T
2-PB1,1948,4,1,5145,0,5150,G
2-PB1,1949,1,0,5158,0,5159,G
2-PB1,1950,0,5123,0,1,5124,T
2-PB1,1951,1,3,1,5081,5086,C
2-PB1,1952,1,5,0,4895,4901,C
2-PB1,1953,3,0,4994,0,4997,G
2-PB1,1954,2,0,5006,1,5009,G
2-PB1,1955,2,0,0,4985,4987,C
2-PB1,1956,3,0,0,4983,4986,C
2-PB1,1957,5012,2,0,0,5014,A
2-PB1,1958,5022,1,0,1,5024,A
2-PB1,1959,5034,0,0,0,5034,A
2-PB1,1960,5039,1,2,0,5042,A
2-PB1,1961,0,0,5169,0,5169,G
2-PB1,1962,0,4997,0,0,4997,T
2-PB1,1963,5032,1,0,0,5033,A
2-PB1,1964,0,5032,0,0,5032,T
2-PB1,1965,2,0,5026,1,5029,G
2-PB1,1966,0,1,5140,0,5141,G
2-PB1,1967,5092,1,1,0,5094,A
2-PB1,1968,5180,0,4,0,5184,A
2-PB1,1969,0,5153,0,2,5155,T
2-PB1,1970,5056,0,0,1,5057,A
2-PB1,1971,0,5037,0,3,5040,T
2-PB1,1972,1,1,4990,0,4992,G
2-PB1,1973,4997,0,1,0,4998,A
2-PB1,1974,0,4975,0,3,4978,T
2-PB1,1975,1,0,4817,0,4818,G
2-PB1,1976,1,1,0,4816,4818,C
2-PB1,1977,0,0,0,4759,4759,C
2-PB1,1978,1,0,4753,0,4754,G
2-PB1,1979,0,4726,0,4,4730,T
2-PB1,1980,0,4736,0,5,4741,T
2-PB1,1981,1,0,4754,0,4755,G
2-PB1,1982,0,4,0,4864,4868,C
2-PB1,1983,4874,1,1,0,4876,A
2-PB1,1984,4958,0,3,0,4961,A
2-PB1,1985,0,1,0,4974,4975,C
2-PB1,1986,0,4928,0,0,4928,T
2-PB1,1987,4970,0,1,0,4971,A
2-PB1,1988,0,0,0,4953,4953,C
2-PB1,1989,4949,0,5,0,4954,A
2-PB1,1990,0,0,0,4962,4962,C
2-PB1,1991,4775,0,1,0,4776,A
2-PB1,1992,0,2,0,5226,5228,C
2-PB1,1993,0,5069,0,3,5072,T
2-PB1,1994,4,1,0,5128,5133,C
2-PB1,1995,1,1,0,5135,5137,C
2-PB1,1996,1,5089,0,7,5097,T
2-PB1,1997,1,1,5092,0,5094,G
2-PB1,1998,0,1,5097,0,5098,G
2-PB1,1999,5059,0,2,0,5061,A
2-PB1,2000,0,5074,0,2,5076,T
2-PB1,2001,2,4520,0,2,4524,T
2-PB1,2002,0,0,0,4593,4593,C
2-PB1,2003,0,1,0,4546,4547,C
2-PB1,2004,4,2,0,4560,4566,C
2-PB1,2005,4595,0,1,0,4596,A
2-PB1,2006,4580,0,2,0,4582,A
2-PB1,2007,0,1,4587,0,4588,G
2-PB1,2008,4558,0,5,0,4563,A
2-PB1,2009,0,2,4568,0,4570,G
2-PB1,2010,2,1,4578,0,4581,G
2-PB1,2011,4481,1,3,0,4485,A
2-PB1,2012,4479,1,7,0,4487,A
2-PB1,2013,0,0,0,4486,4486,C
2-PB1,2014,0,0,1,4448,4449,C
2-PB1,2015,0,0,4544,0,4544,G
2-PB1,2016,0,0,0,4529,4529,C
2-PB1,2017,1,4492,0,0,4493,T
2-PB1,2018,0,0,0,4548,4548,C
2-PB1,2019,0,4517,2,1,4520,T
2-PB1,2020,4970,1,0,0,4971,A
2-PB1,2021,0,4960,1,8,4969,T
2-PB1,2022,0,4898,0,56,4954,T
2-PB1,2023,1,0,0,5000,5001,C
2-PB1,2024,0,4824,0,2,4826,T
2-PB1,2025,4837,0,1,0,4838,A
2-PB1,2026,4829,0,3,1,4833,A
2-PB1,2027,4846,0,1,0,4847,A
2-PB1,2028,0,1,0,4844,4845,C
2-PB1,2029,4395,2,0,0,4397,A
2-PB1,2030,0,1,0,4396,4397,C
2-PB1,2031,4315,0,1,0,4316,A
2-PB1,2032,4375,0,2,0,4377,A
2-PB1,2033,0,0,4403,0,4403,G
2-PB1,2034,1,3,0,4406,4410,C
2-PB1,2035,0,1,0,4410,4411,C
2-PB1,2036,4369,0,1,0,4370,A
2-PB1,2037,4378,0,1,0,4379,A
2-PB1,2038,4377,0,1,1,4379,A
2-PB1,2039,1,1,4426,0,4428,G
2-PB1,2040,1,2,4429,0,4432,G
2-PB1,2041,3,0,4356,0,4359,G
2-PB1,2042,1,1,4376,0,4378,G
2-PB1,2043,4336,0,2,0,4338,A
2-PB1,2044,4381,0,2,0,4383,A
2-PB1,2045,0,4385,0,1,4386,T
2-PB1,2046,2,4393,0,2,4397,T
2-PB1,2047,0,0,0,4429,4429,C
2-PB1,2048,2,4379,0,3,4384,T
2-PB1,2049,0,4365,0,6,4371,T
2-PB1,2050,0,0,4372,0,4372,G
2-PB1,2051,4351,1,5,0,4357,A
2-PB1,2052,0,0,4386,0,4386,G
2-PB1,2053,0,0,4383,0,4383,G
2-PB1,2054,4363,0,3,0,4366,A
2-PB1,2055,0,4347,0,0,4347,T
2-PB1,2056,1,0,4379,0,4380,G
2-PB1,2057,4373,0,1,0,4374,A
2-PB1,2058,4379,0,7,0,4386,A
2-PB1,2059,0,0,0,4401,4401,C
2-PB1,2060,4339,0,4,0,4343,A
2-PB1,2061,0,0,4440,0,4440,G
2-PB1,2062,4380,0,1,0,4381,A
2-PB1,2063,0,4382,0,3,4385,T
2-PB1,2064,0,0,4411,0,4411,G
2-PB1,2065,2,4499,0,3,4504,T
2-PB1,2066,4509,2,3,0,4514,A
2-PB1,2067,0,3,0,4491,4494,C
2-PB1,2068,0,3,0,4464,4467,C
2-PB1,2069,4410,2,2,0,4414,A
2-PB1,2070,0,0,4365,0,4365,G
2-PB1,2071,4293,0,4,1,4298,A
2-PB1,2072,4301,0,1,1,4303,A
2-PB1,2073,0,0,4345,0,4345,G
2-PB1,2074,1,4025,1,2,4029,T
2-PB1,2075,2,1,4040,2,4045,G
2-PB1,2076,0,2,0,4049,4051,C
2-PB1,2077,0,4045,0,5,4050,T
2-PB1,2078,3,1,4038,0,4042,G
2-PB1,2079,0,0,0,4032,4032,C
2-PB1,2080,4025,0,2,1,4028,A
2-PB1,2081,4042,1,1,0,4044,A
2-PB1,2082,0,0,0,3987,3987,C
2-PB1,2083,0,3968,1,0,3969,T
2-PB1,2084,0,3909,0,0,3909,T
2-PB1,2085,0,0,3912,0,3912,G
2-PB1,2086,0,3903,0,0,3903,T
2-PB1,2087,0,3894,0,1,3895,T
2-PB1,2088,0,2,0,3891,3893,C
2-PB1,2089,0,1,3891,0,3892,G
2-PB1,2090,3885,1,1,1,3888,A
2-PB1,2091,0,0,3894,0,3894,G
2-PB1,2092,3886,0,0,0,3886,A
2-PB1,2093,3884,2,1,0,3887,A
2-PB1,2094,3901,0,4,0,3905,A
2-PB1,2095,1,3890,0,0,3891,T
2-PB1,2096,0,3885,0,1,3886,T
2-PB1,2097,0,3895,0,0,3895,T
2-PB1,2098,1,3902,0,1,3904,T
2-PB1,2099,1,3891,0,2,3894,T
2-PB1,2100,0,0,0,3913,3913,C
2-PB1,2101,2,0,0,3906,3908,C
2-PB1,2102,1,0,0,3909,3910,C
2-PB1,2103,0,3895,0,4,3899,T
2-PB1,2104,3896,0,0,0,3896,A
2-PB1,2105,0,0,3949,0,3949,G
2-PB1,2106,0,3946,0,0,3946,T
2-PB1,2107,3987,0,1,0,3988,A
2-PB1,2108,0,0,4028,0,4028,G
2-PB1,2109,2,3975,0,4,3981,T
2-PB1,2110,1,4150,0,4,4155,T
2-PB1,2111,0,0,0,4184,4184,C
2-PB1,2112,4291,0,5,0,4296,A
2-PB1,2113,1,4291,2,1,4295,T
2-PB1,2114,4334,0,1,0,4335,A
2-PB1,2115,0,4346,0,0,4346,T
2-PB1,2116,4169,0,3,0,4172,A
2-PB1,2117,0,0,4144,0,4144,G
2-PB1,2118,0,0,4114,0,4114,G
2-PB1,2119,3714,0,2,0,3716,A
2-PB1,2120,0,1,3713,0,3714,G
2-PB1,2121,3485,0,4,0,3489,A
2-PB1,2122,0,2,0,3482,3484,C
2-PB1,2123,1,1,0,3367,3369,C
2-PB1,2124,1,1,3366,0,3368,G
2-PB1,2125,3346,1,0,0,3347,A
2-PB1,2126,0,3325,0,0,3325,T
2-PB1,2127,0,3329,0,2,3331,T
2-PB1,2128,0,2,3330,0,3332,G
2-PB1,2129,0,0,3329,0,3329,G
2-PB1,2130,3331,0,0,0,3331,A
2-PB1,2131,3341,0,1,0,3342,A
2-PB1,2132,0,3312,0,0,3312,T
2-PB1,2133,1,3338,0,0,3339,T
2-PB1,2134,0,3326,0,2,3328,T
2-PB1,2135,0,0,1,3332,3333,C
2-PB1,2136,1,3332,0,2,3335,T
2-PB1,2137,3314,0,9,0,3323,A
2-PB1,2138,2,1,3350,0,3353,G
2-PB1,2139,0,1,1,3337,3339,C
2-PB1,2140,3337,0,1,1,3339,A
2-PB1,2141,0,3299,24,1,3324,T
2-PB1,2142,0,0,3290,0,3290,G
2-PB1,2143,1,0,3407,0,3408,G
2-PB1,2144,0,3395,0,5,3400,T
2-PB1,2145,0,0,3394,1,3395,G
2-PB1,2146,0,2,3385,0,3387,G
2-PB1,2147,3355,0,4,0,3359,A
2-PB1,2148,1,0,3373,0,3374,G
2-PB1,2149,0,0,3376,0,3376,G
2-PB1,2150,0,2,0,3355,3357,C
2-PB1,2151,1,0,0,3327,3328,C
2-PB1,2152,3115,0,3,0,3118,A
2-PB1,2153,0,3120,0,0,3120,T
2-PB1,2154,0,0,3129,0,3129,G
2-PB1,2155,1,0,3162,0,3163,G
2-PB1,2156,0,3079,0,0,3079,T
2-PB1,2157,0,0,3127,0,3127,G
2-PB1,2158,0,3054,0,5,3059,T
2-PB1,2159,0,0,0,3039,3039,C
2-PB1,2160,0,3046,0,1,3047,T
2-PB1,2161,3001,0,0,0,3001,A
2-PB1,2162,1,1,2993,0,2995,G
2-PB1,2163,0,0,2904,0,2904,G
2-PB1,2164,3,0,2870,0,2873,G
2-PB1,2165,3,0,0,2802,2805,C
2-PB1,2166,1,0,0,2675,2676,C
2-PB1,2167,1,1,0,2633,2635,C
2-PB1,2168,0,0,2628,0,2628,G
2-PB1,2169,0,0,2632,0,2632,G
2-PB1,2170,2639,0,1,0,2640,A
2-PB1,2171,0,2629,0,0,2629,T
2-PB1,2172,0,2532,0,0,2532,T
2-PB1,2173,0,1,2515,0,2516,G
2-PB1,2174,2508,0,1,0,2509,A
2-PB1,2175,0,2517,0,2,2519,T
2-PB1,2176,1,0,2516,0,2517,G
2-PB1,2177,1,0,0,2480,2481,C
2-PB1,2178,1,0,0,2474,2475,C
2-PB1,2179,2453,0,2,0,2455,A
2-PB1,2180,0,0,2460,0,2460,G
2-PB1,2181,2455,1,0,0,2456,A
2-PB1,2182,2448,1,0,0,2449,A
2-PB1,2183,0,2445,2,0,2447,T
2-PB1,2184,0,2408,0,0,2408,T
2-PB1,2185,0,1,2410,0,2411,G
2-PB1,2186,2393,0,1,0,2394,A
2-PB1,2187,0,0,0,2389,2389,C
2-PB1,2188,0,2370,0,3,2373,T
2-PB1,2189,0,2349,0,2,2351,T
2-PB1,2190,0,0,0,2344,2344,C
2-PB1,2191,1,0,2348,0,2349,G
2-PB1,2192,2343,1,1,0,2345,A
2-PB1,2193,0,0,2300,0,2300,G
2-PB1,2194,0,2317,0,2,2319,T
2-PB1,2195,1,0,0,2325,2326,C
2-PB1,2196,0,2319,0,0,2319,T
2-PB1,2197,0,0,2334,0,2334,G
2-PB1,2198,0,1,2322,0,2323,G
2-PB1,2199,2324,0,1,0,2325,A
2-PB1,2200,2175,0,1,0,2176,A
2-PB1,2201,0,0,2185,0,2185,G
2-PB1,2202,0,0,2219,0,2219,G
2-PB1,2203,2218,0,0,0,2218,A
2-PB1,2204,0,2207,0,0,2207,T
2-PB1,2205,0,2218,0,0,2218,T
2-PB1,2206,2210,0,1,0,2211,A
2-PB1,2207,2209,0,3,0,2212,A
2-PB1,2208,1,0,2220,0,2221,G
2-PB1,2209,2208,0,4,0,2212,A
2-PB1,2210,2109,0,0,0,2109,A
2-PB1,2211,0,0,1960,0,1960,G
2-PB1,2212,0,2,1954,0,1956,G
2-PB1,2213,1954,0,0,0,1954,A
2-PB1,2214,1948,0,0,1,1949,A
2-PB1,2215,0,0,1948,0,1948,G
2-PB1,2216,1797,0,0,0,1797,A
2-PB1,2217,0,0,1811,0,1811,G
2-PB1,2218,0,1713,0,0,1713,T
2-PB1,2219,0,1702,0,0,1702,T
2-PB1,2220,1,0,0,1714,1715,C
2-PB1,2221,1,1674,0,0,1675,T
2-PB1,2222,0,0,0,1678,1678,C
2-PB1,2223,0,1660,0,0,1660,T
2-PB1,2224,0,0,1663,0,1663,G
2-PB1,2225,1612,0,2,0,1614,A
2-PB1,2226,0,0,1601,0,1601,G
2-PB1,2227,1582,1,0,0,1583,A
2-PB1,2228,0,1553,0,1,1554,T
2-PB1,2229,0,0,0,1480,1480,C
2-PB1,2230,1483,1,1,0,1485,A
2-PB1,2231,1,1475,0,0,1476,T
2-PB1,2232,0,0,1476,1,1477,G
2-PB1,2233,1458,0,2,0,1460,A
2-PB1,2234,2,0,1388,0,1390,G
2-PB1,2235,0,0,1397,0,1397,G
2-PB1,2236,1391,0,0,0,1391,A
2-PB1,2237,0,1394,0,1,1395,T
2-PB1,2238,0,0,0,1377,1377,C
2-PB1,2239,0,1326,0,0,1326,T
2-PB1,2240,0,0,1330,0,1330,G
2-PB1,2241,0,1317,0,1,1318,T
2-PB1,2242,0,1310,0,0,1310,T
2-PB1,2243,0,0,0,1293,1293,C
2-PB1,2244,2,0,0,1220,1222,C
2-PB1,2245,1226,0,1,0,1227,A
2-PB1,2246,0,1,0,1231,1232,C
2-PB1,2247,0,1,0,1147,1148,C
2-PB1,2248,1111,0,0,0,1111,A
2-PB1,2249,0,1022,0,1,1023,T
2-PB1,2250,0,1000,0,1,1001,T
2-PB1,2251,2,0,996,0,998,G
2-PB1,2252,997,0,0,0,997,A
2-PB1,2253,992,0,1,0,993,A
2-PB1,2254,1,0,989,0,990,G
2-PB1,2255,863,0,0,0,863,A
2-PB1,2256,858,0,1,0,859,A
2-PB1,2257,1,0,0,849,850,C
2-PB1,2258,0,826,0,0,826,T
2-PB1,2259,0,1,0,832,833,C
2-PB1,2260,795,0,1,0,796,A
2-PB1,2261,0,0,795,0,795,G
2-PB1,2262,792,0,1,0,793,A
2-PB1,2263,1,0,0,757,758,C
2-PB1,2264,0,0,731,0,731,G
2-PB1,2265,6,0,709,1,716,G
2-PB1,2266,0,1,0,710,711,C
2-PB1,2267,713,0,0,0,713,A
2-PB1,2268,710,0,0,0,710,A
2-PB1,2269,700,0,0,0,700,A
2-PB1,2270,697,0,0,0,697,A
2-PB1,2271,699,0,1,0,700,A
2-PB1,2272,0,685,0,0,685,T
2-PB1,2273,665,0,0,0,665,A
2-PB1,2274,659,0,0,0,659,A
3-PA,1,181,0,0,0,181,A
3-PA,2,0,182,0,0,182,T
3-PA,3,0,0,193,0,193,G
3-PA,4,0,0,196,0,196,G
3-PA,5,196,0,0,0,196,A
3-PA,6,199,0,0,0,199,A
3-PA,7,0,0,201,0,201,G
3-PA,8,213,0,0,0,213,A
3-PA,9,0,212,0,0,212,T
3-PA,10,0,214,0,0,214,T
3-PA,11,0,218,0,0,218,T
3-PA,12,0,218,0,0,218,T
3-PA,13,0,0,221,0,221,G
3-PA,14,0,220,0,0,220,T
3-PA,15,0,0,221,0,221,G
3-PA,16,0,0,0,228,228,C
3-PA,17,0,0,228,0,228,G
3-PA,18,252,0,0,0,252,A
3-PA,19,0,0,0,259,259,C
3-PA,20,257,0,0,0,257,A
3-PA,21,258,0,0,0,258,A
3-PA,22,0,274,0,0,274,T
3-PA,23,0,1,316,0,317,G
3-PA,24,0,0,0,325,325,C
3-PA,25,0,322,0,0,322,T
3-PA,26,1,323,0,0,324,T
3-PA,27,0,0,0,324,324,C
3-PA,28,329,0,0,0,329,A
3-PA,29,342,0,0,0,342,A
3-PA,30,0,0,0,359,359,C
3-PA,31,0,0,0,358,358,C
3-PA,32,0,0,0,360,360,C
3-PA,33,0,0,362,0,362,G
3-PA,34,362,0,0,0,362,A
3-PA,35,0,363,0,0,363,T
3-PA,36,0,0,368,0,368,G
3-PA,37,365,0,0,0,365,A
3-PA,38,0,379,0,0,379,T
3-PA,39,0,376,0,0,376,T
3-PA,40,0,0,384,0,384,G
3-PA,41,0,384,0,0,384,T
3-PA,42,0,0,0,383,383,C
3-PA,43,1,0,380,0,381,G
3-PA,44,385,0,0,0,385,A
3-PA,45,384,0,1,0,385,A
3-PA,46,0,0,0,388,388,C
3-PA,47,0,387,0,1,388,T
3-PA,48,0,388,0,0,388,T
3-PA,49,0,0,391,0,391,G
3-PA,50,0,0,0,395,395,C
3-PA,51,392,0,2,0,394,A
3-PA,52,0,0,396,0,396,G
3-PA,53,392,0,0,0,392,A
3-PA,54,392,0,0,0,392,A
3-PA,55,393,0,0,0,393,A
3-PA,56,400,0,1,0,401,A
3-PA,57,403,0,2,0,405,A
3-PA,58,0,0,416,0,416,G
3-PA,59,0,0,0,437,437,C
3-PA,60,434,0,0,0,434,A
3-PA,61,471,0,0,0,471,A
3-PA,62,0,473,0,0,473,T
3-PA,63,0,0,488,0,488,G
3-PA,64,493,0,0,0,493,A
3-PA,65,493,0,0,0,493,A
3-PA,66,504,0,0,0,504,A
3-PA,67,0,0,536,0,536,G
3-PA,68,564,1,2,0,567,A
3-PA,69,0,0,669,0,669,G
3-PA,70,0,662,0,0,662,T
3-PA,71,666,0,0,0,666,A
3-PA,72,0,666,0,0,666,T
3-PA,73,0,1,669,0,670,G
3-PA,74,0,1,675,0,676,G
3-PA,75,0,1,670,0,671,G
3-PA,76,0,0,671,0,671,G
3-PA,77,666,0,0,0,666,A
3-PA,78,0,0,663,0,663,G
3-PA,79,0,0,667,0,667,G
3-PA,80,668,0,0,0,668,A
3-PA,81,1,666,0,0,667,T
3-PA,82,0,0,0,684,684,C
3-PA,83,0,678,0,1,679,T
3-PA,84,0,0,677,0,677,G
3-PA,85,678,0,0,0,678,A
3-PA,86,674,0,0,0,674,A
3-PA,87,680,0,0,0,680,A
3-PA,88,679,0,0,0,679,A
3-PA,89,0,680,0,0,680,T
3-PA,90,0,679,0,1,680,T
3-PA,91,0,0,672,0,672,G
3-PA,92,678,0,0,0,678,A
3-PA,93,678,0,0,0,678,A
3-PA,94,677,0,2,0,679,A
3-PA,95,0,0,0,678,678,C
3-PA,96,0,0,0,673,673,C
3-PA,97,687,0,0,0,687,A
3-PA,98,678,0,8,0,686,A
3-PA,99,0,0,0,687,687,C
3-PA,100,686,0,0,0,686,A
3-PA,101,688,0,0,0,688,A
3-PA,102,689,0,1,0,690,A
3-PA,103,0,691,0,0,691,T
3-PA,104,0,698,0,0,698,T
3-PA,105,0,698,0,0,698,T
3-PA,106,0,0,692,0,692,G
3-PA,107,0,1,0,700,701,C
3-PA,108,697,0,1,0,698,A
3-PA,109,0,0,730,0,730,G
3-PA,110,0,0,0,735,735,C
3-PA,111,776,0,0,0,776,A
3-PA,112,789,0,0,0,789,A
3-PA,113,0,799,0,0,799,T
3-PA,114,813,0,0,0,813,A
3-PA,115,0,813,0,0,813,T
3-PA,116,0,0,820,0,820,G
3-PA,117,0,0,0,819,819,C
3-PA,118,815,1,0,0,816,A
3-PA,119,1,0,0,824,825,C
3-PA,120,0,807,0,1,808,T
3-PA,121,0,0,0,1011,1011,C
3-PA,122,1036,0,0,0,1036,A
3-PA,123,0,0,0,1054,1054,C
3-PA,124,0,1051,0,0,1051,T
3-PA,125,0,1051,0,0,1051,T
3-PA,126,0,0,1051,0,1051,G
3-PA,127,0,1,1065,0,1066,G
3-PA,128,1053,0,0,0,1053,A
3-PA,129,0,0,1082,0,1082,G
3-PA,130,0,0,1063,0,1063,G
3-PA,131,0,1010,1,1,1012,T
3-PA,132,0,0,1060,0,1060,G
3-PA,133,0,1063,0,0,1063,T
3-PA,134,1,0,1083,0,1084,G
3-PA,135,0,1085,0,1,1086,T
3-PA,136,0,1088,0,0,1088,T
3-PA,137,1,1084,0,0,1085,T
3-PA,138,0,0,0,1099,1099,C
3-PA,139,1094,0,0,0,1094,A
3-PA,140,0,1097,0,0,1097,T
3-PA,141,0,0,1125,0,1125,G
3-PA,142,0,1110,1,0,1111,T
3-PA,143,1113,0,0,0,1113,A
3-PA,144,0,1108,0,1,1109,T
3-PA,145,1,1110,0,0,1111,T
3-PA,146,0,0,0,1116,1116,C
3-PA,147,1103,0,2,0,1105,A
3-PA,148,0,0,1129,0,1129,G
3-PA,149,1131,0,0,0,1131,A
3-PA,150,0,1124,0,0,1124,T
3-PA,151,0,1119,0,0,1119,T
3-PA,152,0,1117,0,0,1117,T
3-PA,153,0,0,0,1118,1118,C
3-PA,154,0,0,0,1157,1157,C
3-PA,155,1158,0,0,0,1158,A
3-PA,156,0,1161,0,1,1162,T
3-PA,157,0,1147,0,0,1147,T
3-PA,158,0,1153,1,0,1154,T
3-PA,159,1,0,0,1158,1159,C
3-PA,160,1157,0,2,0,1159,A
3-PA,161,1,1195,0,3,1199,T
3-PA,162,0,0,0,1197,1197,C
3-PA,163,1189,0,1,0,1190,A
3-PA,164,1195,0,1,0,1196,A
3-PA,165,0,1197,0,0,1197,T
3-PA,166,1,0,1240,0,1241,G
3-PA,167,1245,0,0,0,1245,A
3-PA,168,1243,0,1,0,1244,A
3-PA,169,0,1,0,1241,1242,C
3-PA,170,1230,0,0,0,1230,A
3-PA,171,1244,0,1,0,1245,A
3-PA,172,0,0,1249,0,1249,G
3-PA,173,0,0,1244,0,1244,G
3-PA,174,0,0,0,1247,1247,C
3-PA,175,0,0,1237,0,1237,G
3-PA,176,1304,0,0,0,1304,A
3-PA,177,1303,0,0,0,1303,A
3-PA,178,0,1309,0,0,1309,T
3-PA,179,0,0,0,1340,1340,C
3-PA,180,1325,0,1,0,1326,A
3-PA,181,1335,0,0,0,1335,A
3-PA,182,0,1336,0,1,1337,T
3-PA,183,1336,0,0,0,1336,A
3-PA,184,0,0,1366,0,1366,G
3-PA,185,0,1349,0,0,1349,T
3-PA,186,1,0,1356,0,1357,G
3-PA,187,0,0,1359,0,1359,G
3-PA,188,1,1349,0,2,1352,T
3-PA,189,1345,0,0,0,1345,A
3-PA,190,0,0,1367,0,1367,G
3-PA,191,1365,0,0,0,1365,A
3-PA,192,1374,0,0,0,1374,A
3-PA,193,0,0,0,1371,1371,C
3-PA,194,0,1344,0,0,1344,T
3-PA,195,0,1345,0,0,1345,T
3-PA,196,0,0,1345,0,1345,G
3-PA,197,1344,0,1,0,1345,A
3-PA,198,0,0,0,1348,1348,C
3-PA,199,0,1,1335,0,1336,G
3-PA,200,1378,0,0,0,1378,A
3-PA,201,0,1392,0,0,1392,T
3-PA,202,0,0,0,1409,1409,C
3-PA,203,0,0,0,1423,1423,C
3-PA,204,1424,0,0,0,1424,A
3-PA,205,1428,0,0,0,1428,A
3-PA,206,1387,0,0,44,1431,A
3-PA,207,0,1429,0,0,1429,T
3-PA,208,0,0,1435,0,1435,G
3-PA,209,0,0,0,1424,1424,C
3-PA,210,1412,0,3,0,1415,A
3-PA,211,0,0,0,1468,1468,C
3-PA,212,0,1443,0,0,1443,T
3-PA,213,0,0,1699,0,1699,G
3-PA,214,0,1698,0,0,1698,T
3-PA,215,0,1694,0,0,1694,T
3-PA,216,1694,0,2,0,1696,A
3-PA,217,1692,0,0,0,1692,A
3-PA,218,1688,0,1,0,1689,A
3-PA,219,1,0,1698,1,1700,G
3-PA,220,0,1,1,1674,1676,C
3-PA,221,1635,0,1,0,1636,A
3-PA,222,0,0,0,1636,1636,C
3-PA,223,1548,0,1,0,1549,A
3-PA,224,0,0,1620,0,1620,G
3-PA,225,1612,1,1,0,1614,A
3-PA,226,0,1619,0,0,1619,T
3-PA,227,0,1619,0,1,1620,T
3-PA,228,0,1613,0,1,1614,T
3-PA,229,0,0,1619,0,1619,G
3-PA,230,1623,1,1,0,1625,A
3-PA,231,1630,0,1,0,1631,A
3-PA,232,1629,0,0,0,1629,A
3-PA,233,1,1583,1,0,1585,T
3-PA,234,1577,0,0,0,1577,A
3-PA,235,1598,0,0,0,1598,A
3-PA,236,0,1601,0,0,1601,T
3-PA,237,0,0,0,1603,1603,C
3-PA,238,0,0,1594,0,1594,G
3-PA,239,1592,1,1,0,1594,A
3-PA,240,1,0,1602,0,1603,G
3-PA,241,0,0,1621,0,1621,G
3-PA,242,0,0,1622,0,1622,G
3-PA,243,0,0,1620,1,1621,G
3-PA,244,1599,1,3,0,1603,A
3-PA,245,0,0,1616,0,1616,G
3-PA,246,1661,0,2,0,1663,A
3-PA,247,0,0,1678,0,1678,G
3-PA,248,1683,0,1,0,1684,A
3-PA,249,0,0,0,1686,1686,C
3-PA,250,1659,0,2,0,1661,A
3-PA,251,0,0,1711,0,1711,G
3-PA,252,1708,0,0,0,1708,A
3-PA,253,1735,0,1,0,1736,A
3-PA,254,0,0,0,1737,1737,C
3-PA,255,1679,1,0,0,1680,A
3-PA,256,1676,0,1,0,1677,A
3-PA,257,0,1679,0,0,1679,T
3-PA,258,0,25,1716,0,1741,G
3-PA,259,0,0,1752,0,1752,G
3-PA,260,0,0,0,1735,1735,C
3-PA,261,0,0,0,1739,1739,C
3-PA,262,0,1713,0,2,1715,T
3-PA,263,1,0,1779,0,1780,G
3-PA,264,0,0,1779,0,1779,G
3-PA,265,1777,0,0,0,1777,A
3-PA,266,0,0,0,1796,1796,C
3-PA,267,1719,0,2,0,1721,A
3-PA,268,1,0,1988,0,1989,G
3-PA,269,0,1981,0,1,1982,T
3-PA,270,2017,0,2,0,2019,A
3-PA,271,241,0,1775,0,2016,G
3-PA,272,1,1984,0,1,1986,T
3-PA,273,1992,0,1,0,1993,A
3-PA,274,1994,0,0,0,1994,A
3-PA,275,1987,0,0,0,1987,A
3-PA,276,0,0,0,2013,2013,C
3-PA,277,1812,0,0,0,1812,A
3-PA,278,0,0,1881,0,1881,G
3-PA,279,0,1853,0,0,1853,T
3-PA,280,1878,0,0,0,1878,A
3-PA,281,0,1871,0,1,1872,T
3-PA,282,0,0,0,1925,1925,C
3-PA,283,0,1921,0,2,1923,T
3-PA,284,0,0,1919,0,1919,G
3-PA,285,0,0,1,1921,1922,C
3-PA,286,1897,0,1,0,1898,A
3-PA,287,1892,2,0,0,1894,A
3-PA,288,0,1,0,1887,1888,C
3-PA,289,1890,0,0,0,1890,A
3-PA,290,0,0,0,1984,1984,C
3-PA,291,0,1949,0,0,1949,T
3-PA,292,1950,0,2,0,1952,A
3-PA,293,0,0,0,1949,1949,C
3-PA,294,0,1938,0,1,1939,T
3-PA,295,0,1,1944,0,1945,G
3-PA,296,0,1,1924,0,1925,G
3-PA,297,1906,0,3,0,1909,A
3-PA,298,0,0,1916,0,1916,G
3-PA,299,0,1,0,1870,1871,C
3-PA,300,0,1866,1,3,1870,T
3-PA,301,1,0,1868,0,1869,G
3-PA,302,1,0,1869,0,1870,G
3-PA,303,1859,0,0,0,1859,A
3-PA,304,1870,0,0,1,1871,A
3-PA,305,1859,0,1,0,1860,A
3-PA,306,1877,0,0,0,1877,A
3-PA,307,0,0,0,1878,1878,C
3-PA,308,0,0,0,1881,1881,C
3-PA,309,1,0,1878,0,1879,G
3-PA,310,1873,0,0,0,1873,A
3-PA,311,1871,0,0,0,1871,A
3-PA,312,1,0,1895,0,1896,G
3-PA,313,0,1892,0,0,1892,T
3-PA,314,0,1891,0,1,1892,T
3-PA,315,0,1893,0,1,1894,T
3-PA,316,1,1,0,1909,1911,C
3-PA,317,0,1902,0,1,1903,T
3-PA,318,1911,0,0,0,1911,A
3-PA,319,0,0,0,1906,1906,C
3-PA,320,0,1,0,1903,1904,C
3-PA,321,1891,0,1,0,1892,A
3-PA,322,0,0,1947,0,1947,G
3-PA,323,1945,0,1,0,1946,A
3-PA,324,0,1948,0,0,1948,T
3-PA,325,1,1949,0,0,1950,T
3-PA,326,0,1945,0,1,1946,T
3-PA,327,0,0,1965,0,1965,G
3-PA,328,0,1962,0,1,1963,T
3-PA,329,1965,0,1,0,1966,A
3-PA,330,1,1960,0,0,1961,T
3-PA,331,0,0,1928,0,1928,G
3-PA,332,2031,1,0,0,2032,A
3-PA,333,0,2036,0,0,2036,T
3-PA,334,0,2034,0,0,2034,T
3-PA,335,2038,1,2,0,2041,A
3-PA,336,0,0,0,2047,2047,C
3-PA,337,2055,2,1,0,2058,A
3-PA,338,2052,0,0,0,2052,A
3-PA,339,2,0,2063,0,2065,G
3-PA,340,0,0,2087,0,2087,G
3-PA,341,1949,0,0,0,1949,A
3-PA,342,0,0,1987,0,1987,G
3-PA,343,1990,0,1,0,1991,A
3-PA,344,1987,0,1,0,1988,A
3-PA,345,0,1,0,1984,1985,C
3-PA,346,1954,0,2,0,1956,A
3-PA,347,0,0,1966,0,1966,G
3-PA,348,1946,0,1,0,1947,A
3-PA,349,0,1917,0,0,1917,T
3-PA,350,0,1912,0,0,1912,T
3-PA,351,0,1,0,1899,1900,C
3-PA,352,1901,0,0,0,1901,A
3-PA,353,0,1895,1,0,1896,T
3-PA,354,0,1,0,1896,1897,C
3-PA,355,0,0,1898,0,1898,G
3-PA,356,1900,0,0,0,1900,A
3-PA,357,1896,0,0,0,1896,A
3-PA,358,1895,1,0,0,1896,A
3-PA,359,0,1895,0,0,1895,T
3-PA,360,0,1881,0,1,1882,T
3-PA,361,0,0,1883,0,1883,G
3-PA,362,0,0,1879,0,1879,G
3-PA,363,0,1863,0,1,1864,T
3-PA,364,0,0,1875,0,1875,G
3-PA,365,0,1873,0,6,1879,T
3-PA,366,0,0,1896,0,1896,G
3-PA,367,1896,0,2,0,1898,A
3-PA,368,0,2,0,1897,1899,C
3-PA,369,1902,0,0,0,1902,A
3-PA,370,1887,0,0,0,1887,A
3-PA,371,2,0,1920,0,1922,G
3-PA,372,0,0,1922,0,1922,G
3-PA,373,1900,1,3,0,1904,A
3-PA,374,0,0,1924,0,1924,G
3-PA,375,1869,0,8,0,1877,A
3-PA,376,0,0,1881,0,1881,G
3-PA,377,1864,2,2,0,1868,A
3-PA,378,1875,0,0,0,1875,A
3-PA,379,1,0,1936,0,1937,G
3-PA,380,0,1876,0,0,1876,T
3-PA,381,2,2,0,1900,1904,C
3-PA,382,1,0,0,1905,1906,C
3-PA,383,1913,1,2,0,1916,A
3-PA,384,0,0,0,1964,1964,C
3-PA,385,2007,0,0,0,2007,A
3-PA,386,1,2044,0,1,2046,T
3-PA,387,2077,1,0,0,2078,A
3-PA,388,0,2010,0,0,2010,T
3-PA,389,2000,0,0,0,2000,A
3-PA,390,0,1972,0,2,1974,T
3-PA,391,0,1965,0,0,1965,T
3-PA,392,2022,1,0,0,2023,A
3-PA,393,0,0,0,2007,2007,C
3-PA,394,1,0,0,1906,1907,C
3-PA,395,1,1866,0,0,1867,T
3-PA,396,0,1812,0,0,1812,T
3-PA,397,0,0,1835,0,1835,G
3-PA,398,1832,0,0,0,1832,A
3-PA,399,1833,0,0,0,1833,A
3-PA,400,1835,1,0,0,1836,A
3-PA,401,1749,0,2,0,1751,A
3-PA,402,0,0,1772,0,1772,G
3-PA,403,1,0,1776,0,1777,G
3-PA,404,1,0,0,1780,1781,C
3-PA,405,0,0,0,1782,1782,C
3-PA,406,1777,0,0,0,1777,A
3-PA,407,1781,0,0,0,1781,A
3-PA,408,0,1779,0,0,1779,T
3-PA,409,1782,0,0,0,1782,A
3-PA,410,1780,0,1,0,1781,A
3-PA,411,0,0,1814,0,1814,G
3-PA,412,1798,0,1,0,1799,A
3-PA,413,1,1793,0,0,1794,T
3-PA,414,0,1788,0,0,1788,T
3-PA,415,1792,0,0,0,1792,A
3-PA,416,1796,0,0,0,1796,A
3-PA,417,1800,0,0,0,1800,A
3-PA,418,0,1810,0,1,1811,T
3-PA,419,0,0,0,1813,1813,C
3-PA,420,0,1747,0,1,1748,T
3-PA,421,0,0,1768,0,1768,G
3-PA,422,1761,0,1,0,1762,A
3-PA,423,0,0,1789,0,1789,G
3-PA,424,1785,0,0,0,1785,A
3-PA,425,1792,0,1,0,1793,A
3-PA,426,0,0,0,1797,1797,C
3-PA,427,1784,0,1,0,1785,A
3-PA,428,0,1,0,1798,1799,C
3-PA,429,1791,1,1,0,1793,A
3-PA,430,0,0,0,1816,1816,C
3-PA,431,1800,1,2,0,1803,A
3-PA,432,0,0,0,1842,1842,C
3-PA,433,1831,0,1,0,1832,A
3-PA,434,0,1830,0,0,1830,T
3-PA,435,1,1821,0,2,1824,T
3-PA,436,0,0,0,1831,1831,C
3-PA,437,1820,1,1,0,1822,A
3-PA,438,2,1,0,1830,1833,C
3-PA,439,1815,0,1,0,1816,A
3-PA,440,0,1808,1,0,1809,T
3-PA,441,0,1716,0,0,1716,T
3-PA,442,0,1736,0,0,1736,T
3-PA,443,0,1730,0,1,1731,T
3-PA,444,0,0,0,1753,1753,C
3-PA,445,0,1729,1,2,1732,T
3-PA,446,0,0,0,1747,1747,C
3-PA,447,1737,0,0,0,1737,A
3-PA,448,0,1740,0,0,1740,T
3-PA,449,0,1747,0,0,1747,T
3-PA,450,0,0,0,1751,1751,C
3-PA,451,1718,0,0,0,1718,A
3-PA,452,0,1,0,1735,1736,C
3-PA,453,1,1707,1,0,1709,T
3-PA,454,1,0,1749,0,1750,G
3-PA,455,0,1,1746,0,1747,G
3-PA,456,0,2,1743,0,1745,G
3-PA,457,0,0,1756,0,1756,G
3-PA,458,1722,1,14,0,1737,A
3-PA,459,1,1,1744,0,1746,G
3-PA,460,1,2,1750,0,1753,G
3-PA,461,1739,1,1,0,1741,A
3-PA,462,1741,0,0,0,1741,A
3-PA,463,1714,0,1,0,1715,A
3-PA,464,0,1686,0,0,1686,T
3-PA,465,0,0,1678,0,1678,G
3-PA,466,0,0,1675,0,1675,G
3-PA,467,0,0,0,1675,1675,C
3-PA,468,0,0,0,1679,1679,C
3-PA,469,1675,0,0,0,1675,A
3-PA,470,0,1,0,1686,1687,C
3-PA,471,1688,0,0,0,1688,A
3-PA,472,1702,0,1,0,1703,A
3-PA,473,1694,0,3,0,1697,A
3-PA,474,0,0,1711,0,1711,G
3-PA,475,0,0,1712,0,1712,G
3-PA,476,0,0,0,1717,1717,C
3-PA,477,1717,0,2,0,1719,A
3-PA,478,0,0,1737,0,1737,G
3-PA,479,1723,0,0,0,1723,A
3-PA,480,0,0,0,1756,1756,C
3-PA,481,0,1745,0,3,1748,T
3-PA,482,1747,0,2,0,1749,A
3-PA,483,0,0,0,1736,1736,C
3-PA,484,1709,0,0,8,1717,A
3-PA,485,0,0,0,1735,1735,C
3-PA,486,0,1677,0,1,1678,T
3-PA,487,0,0,0,1691,1691,C
3-PA,488,0,1672,1,0,1673,T
3-PA,489,0,1,0,1650,1651,C
3-PA,490,0,0,1654,0,1654,G
3-PA,491,1652,0,0,0,1652,A
3-PA,492,0,1,0,1639,1640,C
3-PA,493,0,0,1649,0,1649,G
3-PA,494,1630,0,4,0,1634,A
3-PA,495,0,0,1646,0,1646,G
3-PA,496,0,1,1635,0,1636,G
3-PA,497,1638,0,0,0,1638,A
3-PA,498,1646,0,1,0,1647,A
3-PA,499,1642,0,1,0,1643,A
3-PA,500,0,0,1638,0,1638,G
3-PA,501,0,0,0,1641,1641,C
3-PA,502,1605,1,0,0,1606,A
3-PA,503,0,0,1639,0,1639,G
3-PA,504,0,1,1629,0,1630,G
3-PA,505,1,0,1640,0,1641,G
3-PA,506,0,0,0,1627,1627,C
3-PA,507,0,1621,0,1,1622,T
3-PA,508,1624,1,0,0,1625,A
3-PA,509,0,0,1672,0,1672,G
3-PA,510,0,0,1800,0,1800,G
3-PA,511,1805,1,0,0,1806,A
3-PA,512,0,1753,0,1,1754,T
3-PA,513,0,1727,0,0,1727,T
3-PA,514,1733,0,1,0,1734,A
3-PA,515,1747,0,0,0,1747,A
3-PA,516,0,0,1749,0,1749,G
3-PA,517,1757,0,0,0,1757,A
3-PA,518,1,0,0,1741,1742,C
3-PA,519,0,1,0,1576,1577,C
3-PA,520,1549,0,1,0,1550,A
3-PA,521,1,0,1557,0,1558,G
3-PA,522,0,0,1560,0,1560,G
3-PA,523,0,0,0,1572,1572,C
3-PA,524,0,1528,0,0,1528,T
3-PA,525,0,0,1561,0,1561,G
3-PA,526,0,1541,0,3,1544,T
3-PA,527,0,1547,0,1,1548,T
3-PA,528,0,1549,0,0,1549,T
3-PA,529,1551,1,0,0,1552,A
3-PA,530,0,0,0,1578,1578,C
3-PA,531,1,1,0,1548,1550,C
3-PA,532,1539,1,0,0,1540,A
3-PA,533,0,1539,0,1,1540,T
3-PA,534,1455,0,0,0,1455,A
3-PA,535,1455,0,0,0,1455,A
3-PA,536,1,0,1483,0,1484,G
3-PA,537,1478,0,0,0,1478,A
3-PA,538,0,0,0,1478,1478,C
3-PA,539,1427,0,1,0,1428,A
3-PA,540,1428,1,2,0,1431,A
3-PA,541,0,0,1449,0,1449,G
3-PA,542,1435,0,2,0,1437,A
3-PA,543,1436,0,1,0,1437,A
3-PA,544,1432,0,0,0,1432,A
3-PA,545,0,1390,0,0,1390,T
3-PA,546,0,0,1399,0,1399,G
3-PA,547,1,0,1398,1,1400,G
3-PA,548,1,1,0,1401,1403,C
3-PA,549,1,0,0,1405,1406,C
3-PA,550,1395,0,2,0,1397,A
3-PA,551,1430,0,0,0,1430,A
3-PA,552,0,0,0,1427,1427,C
3-PA,553,1420,0,0,0,1420,A
3-PA,554,0,0,1416,0,1416,G
3-PA,555,1374,0,1,0,1375,A
3-PA,556,1,1,1385,0,1387,G
3-PA,557,1,0,1376,0,1377,G
3-PA,558,1,0,0,1379,1380,C
3-PA,559,0,0,0,1386,1386,C
3-PA,560,0,1346,0,0,1346,T
3-PA,561,0,0,0,1370,1370,C
3-PA,562,0,1373,0,2,1375,T
3-PA,563,0,1,1377,0,1378,G
3-PA,564,0,0,1376,0,1376,G
3-PA,565,0,0,1370,1,1371,G
3-PA,566,1356,0,0,1,1357,A
3-PA,567,0,1290,0,0,1290,T
3-PA,568,0,1275,0,0,1275,T
3-PA,569,2,0,0,1512,1514,C
3-PA,570,0,0,0,1430,1430,C
3-PA,571,0,1390,0,6,1396,T
3-PA,572,0,1389,0,0,1389,T
3-PA,573,0,1390,0,0,1390,T
3-PA,574,1,1,1,1411,1414,C
3-PA,575,0,0,1415,0,1415,G
3-PA,576,0,1415,0,0,1415,T
3-PA,577,0,0,0,1407,1407,C
3-PA,578,1336,0,0,0,1336,A
3-PA,579,0,0,1579,0,1579,G
3-PA,580,0,1576,0,0,1576,T
3-PA,581,0,0,0,1575,1575,C
3-PA,582,0,1,0,1591,1592,C
3-PA,583,0,2,1599,1,1602,G
3-PA,584,1603,0,1,0,1604,A
3-PA,585,1599,0,1,0,1600,A
3-PA,586,1611,0,0,0,1611,A
3-PA,587,1,1,1651,0,1653,G
3-PA,588,1589,0,1,0,1590,A
3-PA,589,2,0,1623,0,1625,G
3-PA,590,0,1,1627,0,1628,G
3-PA,591,0,0,0,1636,1636,C
3-PA,592,0,0,1636,0,1636,G
3-PA,593,1641,0,0,0,1641,A
3-PA,594,1645,0,0,0,1645,A
3-PA,595,0,0,1661,0,1661,G
3-PA,596,1684,0,1,0,1685,A
3-PA,597,1679,1,3,0,1683,A
3-PA,598,1679,0,2,0,1681,A
3-PA,599,0,1,0,1700,1701,C
3-PA,600,1691,0,0,1,1692,A
3-PA,601,1699,1,1,0,1701,A
3-PA,602,0,1695,0,0,1695,T
3-PA,603,0,1699,0,0,1699,T
3-PA,604,0,1,1697,0,1698,G
3-PA,605,1685,1,1,0,1687,A
3-PA,606,1691,0,1,1,1693,A
3-PA,607,1,0,1693,0,1694,G
3-PA,608,1674,0,1,0,1675,A
3-PA,609,1680,0,0,0,1680,A
3-PA,610,1682,0,0,0,1682,A
3-PA,611,1661,0,21,0,1682,A
3-PA,612,1695,0,1,0,1696,A
3-PA,613,1,1696,0,0,1697,T
3-PA,614,0,1700,0,1,1701,T
3-PA,615,0,1701,0,1,1702,T
3-PA,616,0,0,1708,0,1708,G
3-PA,617,1706,0,0,0,1706,A
3-PA,618,1706,0,0,0,1706,A
3-PA,619,1709,0,0,2,1711,A
3-PA,620,1,1755,0,0,1756,T
3-PA,621,0,0,1,2072,2073,C
3-PA,622,2066,0,0,0,2066,A
3-PA,623,0,0,0,2139,2139,C
3-PA,624,2119,0,6,0,2125,A
3-PA,625,0,0,2217,0,2217,G
3-PA,626,0,1,2338,0,2339,G
3-PA,627,2412,0,2,0,2414,A
3-PA,628,2451,1,1,0,2453,A
3-PA,629,0,0,1,2482,2483,C
3-PA,630,0,2399,0,0,2399,T
3-PA,631,2657,0,0,0,2657,A
3-PA,632,0,2694,0,2,2696,T
3-PA,633,0,0,2839,0,2839,G
3-PA,634,0,0,0,2823,2823,C
3-PA,635,0,0,2789,0,2789,G
3-PA,636,0,2773,0,1,2774,T
3-PA,637,2743,1,2,0,2746,A
3-PA,638,0,0,2773,0,2773,G
3-PA,639,3,0,2770,0,2773,G
3-PA,640,0,0,0,2734,2734,C
3-PA,641,1,2705,1,0,2707,T
3-PA,642,0,2681,0,0,2681,T
3-PA,643,0,0,2679,0,2679,G
3-PA,644,0,0,0,2675,2675,C
3-PA,645,2,1,0,2672,2675,C
3-PA,646,0,0,2714,0,2714,G
3-PA,647,2718,1,0,0,2719,A
3-PA,648,0,2,0,2724,2726,C
3-PA,649,0,0,0,2725,2725,C
3-PA,650,2731,0,0,0,2731,A
3-PA,651,2746,0,0,0,2746,A
3-PA,652,2741,1,3,1,2746,A
3-PA,653,1,0,2832,0,2833,G
3-PA,654,1,2826,0,1,2828,T
3-PA,655,0,1,0,2841,2842,C
3-PA,656,0,2824,0,2,2826,T
3-PA,657,0,0,0,2845,2845,C
3-PA,658,0,0,2,2849,2851,C
3-PA,659,2,0,0,2870,2872,C
3-PA,660,2886,0,0,0,2886,A
3-PA,661,1,1,0,2890,2892,C
3-PA,662,0,0,0,2866,2866,C
3-PA,663,3,0,2884,0,2887,G
3-PA,664,2937,1,0,0,2938,A
3-PA,665,2950,0,1,0,2951,A
3-PA,666,0,1,0,2992,2993,C
3-PA,667,1,2975,0,1,2977,T
3-PA,668,0,3029,0,12,3041,T
3-PA,669,1,1,0,3097,3099,C
3-PA,670,0,3049,1,4,3054,T
3-PA,671,0,0,0,3089,3089,C
3-PA,672,0,0,0,3080,3080,C
3-PA,673,0,3062,0,2,3064,T
3-PA,674,0,0,3112,0,3112,G
3-PA,675,0,1,0,3104,3105,C
3-PA,676,0,1,0,3129,3130,C
3-PA,677,4,3087,0,3,3094,T
3-PA,678,0,3059,0,2,3061,T
3-PA,679,0,0,3079,0,3079,G
3-PA,680,3067,0,4,0,3071,A
3-PA,681,0,0,3133,0,3133,G
3-PA,682,3134,0,0,0,3134,A
3-PA,683,3162,0,0,0,3162,A
3-PA,684,0,3259,0,0,3259,T
3-PA,685,0,3260,0,0,3260,T
3-PA,686,1,3263,1,0,3265,T
3-PA,687,0,3274,0,0,3274,T
3-PA,688,3274,0,0,0,3274,A
3-PA,689,7,0,3276,0,3283,G
3-PA,690,3234,0,3,0,3237,A
3-PA,691,0,1,3382,0,3383,G
3-PA,692,0,0,0,3366,3366,C
3-PA,693,0,0,0,3370,3370,C
3-PA,694,0,3438,0,1,3439,T
3-PA,695,3604,0,1,0,3605,A
3-PA,696,0,3615,0,4,3619,T
3-PA,697,0,0,3645,0,3645,G
3-PA,698,0,3631,0,7,3638,T
3-PA,699,0,0,3659,0,3659,G
3-PA,700,0,0,3620,0,3620,G
3-PA,701,3584,1,2,0,3587,A
3-PA,702,0,3565,0,1,3566,T
3-PA,703,0,0,3520,0,3520,G
3-PA,704,0,1,3630,0,3631,G
3-PA,705,3650,0,1,0,3651,A
3-PA,706,0,3639,0,0,3639,T
3-PA,707,0,3633,1,1,3635,T
3-PA,708,0,0,0,3622,3622,C
3-PA,709,1,0,3624,0,3625,G
3-PA,710,3644,1,1,0,3646,A
3-PA,711,3649,0,3,0,3652,A
3-PA,712,0,0,0,3662,3662,C
3-PA,713,0,2,0,3545,3547,C
3-PA,714,2,0,3559,0,3561,G
3-PA,715,3550,2,2,0,3554,A
3-PA,716,3558,0,2,0,3560,A
3-PA,717,0,1,0,3612,3613,C
3-PA,718,0,0,3602,0,3602,G
3-PA,719,0,0,3714,1,3715,G
3-PA,720,2,1,1,3732,3736,C
3-PA,721,0,3713,0,2,3715,T
3-PA,722,2,0,3834,0,3836,G
3-PA,723,0,1,0,3861,3862,C
3-PA,724,3887,0,1,0,3888,A
3-PA,725,0,3878,0,0,3878,T
3-PA,726,0,3844,0,3,3847,T
3-PA,727,1,1,3844,1,3847,G
3-PA,728,3713,0,4,0,3717,A
3-PA,729,1,1,3784,0,3786,G
3-PA,730,1,1,3767,0,3769,G
3-PA,731,2,0,3730,0,3732,G
3-PA,732,0,1,0,3721,3722,C
3-PA,733,3695,1,1,0,3697,A
3-PA,734,3730,0,3,0,3733,A
3-PA,735,0,2,3753,0,3755,G
3-PA,736,0,0,0,3771,3771,C
3-PA,737,0,3757,0,0,3757,T
3-PA,738,0,3741,0,0,3741,T
3-PA,739,0,3771,0,2,3773,T
3-PA,740,0,0,0,3772,3772,C
3-PA,741,0,3764,0,5,3769,T
3-PA,742,2,0,0,3789,3791,C
3-PA,743,3778,0,0,0,3778,A
3-PA,744,3766,0,1,1,3768,A
3-PA,745,3749,0,2,0,3751,A
3-PA,746,0,3756,0,0,3756,T
3-PA,747,2,0,3930,0,3932,G
3-PA,748,0,3917,0,2,3919,T
3-PA,749,2,0,1,3969,3972,C
3-PA,750,0,1,0,3975,3976,C
3-PA,751,3965,1,1,0,3967,A
3-PA,752,3976,0,3,0,3979,A
3-PA,753,3981,0,1,0,3982,A
3-PA,754,1,0,4068,0,4069,G
3-PA,755,4029,0,4,0,4033,A
3-PA,756,3906,0,5,0,3911,A
3-PA,757,0,0,3946,0,3946,G
3-PA,758,0,3894,0,3,3897,T
3-PA,759,0,0,3897,0,3897,G
3-PA,760,3884,0,0,0,3884,A
3-PA,761,3878,1,1,0,3880,A
3-PA,762,1,3900,0,0,3901,T
3-PA,763,0,0,3896,0,3896,G
3-PA,764,0,1,0,3906,3907,C
3-PA,765,1,1,0,3908,3910,C
3-PA,766,1,2,0,3900,3903,C
3-PA,767,3915,1,0,0,3916,A
3-PA,768,3989,1,1,0,3991,A
3-PA,769,4020,0,0,0,4020,A
3-PA,770,0,4023,0,1,4024,T
3-PA,771,0,3992,0,4,3996,T
3-PA,772,2,0,3995,0,3997,G
3-PA,773,3978,1,1,1,3981,A
3-PA,774,3982,0,2,0,3984,A
3-PA,775,0,0,0,4006,4006,C
3-PA,776,0,1,0,3997,3998,C
3-PA,777,0,3937,1,1,3939,T
3-PA,778,2,4060,1,0,4063,T
3-PA,779,0,4076,0,1,4077,T
3-PA,780,1,4156,0,1,4158,T
3-PA,781,1,0,0,4168,4169,C
3-PA,782,0,4154,0,2,4156,T
3-PA,783,0,0,4172,0,4172,G
3-PA,784,4158,0,1,0,4159,A
3-PA,785,4221,2,4,0,4227,A
3-PA,786,0,1,4281,0,4282,G
3-PA,787,4195,1,1,0,4197,A
3-PA,788,1,1,0,4215,4217,C
3-PA,789,4163,1,1,0,4165,A
3-PA,790,4210,1,3,0,4214,A
3-PA,791,0,1,0,4765,4766,C
3-PA,792,4798,1,4,0,4803,A
3-PA,793,0,0,0,4799,4799,C
3-PA,794,0,1,0,4743,4744,C
3-PA,795,4733,0,2,0,4735,A
3-PA,796,4724,0,8,0,4732,A
3-PA,797,0,2,4757,1,4760,G
3-PA,798,4747,1,7,0,4755,A
3-PA,799,1,2,1,4756,4760,C
3-PA,800,1,0,0,4399,4400,C
3-PA,801,4389,1,0,0,4390,A
3-PA,802,4385,1,0,0,4386,A
3-PA,803,0,4381,0,0,4381,T
3-PA,804,1,0,1,4398,4400,C
3-PA,805,4372,1,1,0,4374,A
3-PA,806,4375,1,1,0,4377,A
3-PA,807,4369,0,3,1,4373,A
3-PA,808,0,0,0,4436,4436,C
3-PA,809,0,4356,0,0,4356,T
3-PA,810,2,4364,1,0,4367,T
3-PA,811,0,1,0,4389,4390,C
3-PA,812,1,0,0,4401,4402,C
3-PA,813,2,2,4439,0,4443,G
3-PA,814,4434,0,0,0,4434,A
3-PA,815,4439,0,2,2,4443,A
3-PA,816,0,4443,0,0,4443,T
3-PA,817,1,0,4409,0,4410,G
3-PA,818,0,2,4420,0,4422,G
3-PA,819,4398,2,6,0,4406,A
3-PA,820,3,1,0,4434,4438,C
3-PA,821,0,0,1,4425,4426,C
3-PA,822,1,4549,0,3,4553,T
3-PA,823,1,0,0,4693,4694,C
3-PA,824,1,1,0,4710,4712,C
3-PA,825,1,4704,0,2,4707,T
3-PA,826,0,4722,1,4,4727,T
3-PA,827,0,0,4971,0,4971,G
3-PA,828,0,4929,0,1,4930,T
3-PA,829,0,4910,0,2,4912,T
3-PA,830,4890,0,4,0,4894,A
3-PA,831,0,4754,1,1,4756,T
3-PA,832,0,0,0,4721,4721,C
3-PA,833,4631,0,0,0,4631,A
3-PA,834,1,1,4634,0,4636,G
3-PA,835,0,0,1,4628,4629,C
3-PA,836,1,0,4495,0,4496,G
3-PA,837,2,0,4673,0,4675,G
3-PA,838,1,4670,0,4,4675,T
3-PA,839,0,1,0,4690,4691,C
3-PA,840,1,0,0,4698,4699,C
3-PA,841,4717,1,3,0,4721,A
3-PA,842,4747,0,1,0,4748,A
3-PA,843,4750,0,0,0,4750,A
3-PA,844,0,4755,0,0,4755,T
3-PA,845,1,4733,0,1,4735,T
3-PA,846,0,1,0,4681,4682,C
3-PA,847,0,1,1,4634,4636,C
3-PA,848,0,4622,0,3,4625,T
3-PA,849,2,0,0,4645,4647,C
3-PA,850,0,2,0,4647,4649,C
3-PA,851,0,4634,0,6,4640,T
3-PA,852,0,0,4669,0,4669,G
3-PA,853,4653,2,0,0,4655,A
3-PA,854,3,4669,0,0,4672,T
3-PA,855,1,0,4623,1,4625,G
3-PA,856,1,1,4571,0,4573,G
3-PA,857,4537,1,6,1,4545,A
3-PA,858,0,4508,1,2,4511,T
3-PA,859,0,1,4531,0,4532,G
3-PA,860,1,1,0,4834,4836,C
3-PA,861,1,4787,0,4,4792,T
3-PA,862,0,4805,0,7,4812,T
3-PA,863,0,4814,0,1,4815,T
3-PA,864,4829,1,0,0,4830,A
3-PA,865,4848,0,0,1,4849,A
3-PA,866,4851,0,1,0,4852,A
3-PA,867,4871,0,2,0,4873,A
3-PA,868,0,4859,0,1,4860,T
3-PA,869,0,4443,0,0,4443,T
3-PA,870,1,0,4452,0,4453,G
3-PA,871,4411,0,8,0,4419,A
3-PA,872,1,0,4478,0,4479,G
3-PA,873,0,0,0,4470,4470,C
3-PA,874,4479,1,0,1,4481,A
3-PA,875,0,4577,0,1,4578,T
3-PA,876,2,4566,0,0,4568,T
3-PA,877,0,2,4551,0,4553,G
3-PA,878,4570,1,1,0,4572,A
3-PA,879,4544,0,6,1,4551,A
3-PA,880,2,1,4561,1,4565,G
3-PA,881,4500,0,1,0,4501,A
3-PA,882,0,1,0,4527,4528,C
3-PA,883,1,0,1,4524,4526,C
3-PA,884,2,0,0,4426,4428,C
3-PA,885,4421,0,1,0,4422,A
3-PA,886,4475,0,2,0,4477,A
3-PA,887,0,1,4568,0,4569,G
3-PA,888,0,4587,3,1,4591,T
3-PA,889,0,2,1,4612,4615,C
3-PA,890,4614,1,2,0,4617,A
3-PA,891,0,1,0,4624,4625,C
3-PA,892,1,0,4616,0,4617,G
3-PA,893,4672,0,1,0,4673,A
3-PA,894,4670,0,6,0,4676,A
3-PA,895,2,0,4882,0,4884,G
3-PA,896,0,0,4896,0,4896,G
3-PA,897,4840,0,5,0,4845,A
3-PA,898,2,0,4904,0,4906,G
3-PA,899,4898,0,4,0,4902,A
3-PA,900,4895,0,13,1,4909,A
3-PA,901,0,3,4917,0,4920,G
3-PA,902,2,1,4876,0,4879,G
3-PA,903,0,1,4872,0,4873,G
3-PA,904,4724,0,4,0,4728,A
3-PA,905,1,4709,0,3,4713,T
3-PA,906,0,0,0,4744,4744,C
3-PA,907,1,0,1,5154,5156,C
3-PA,908,1,1,0,5244,5246,C
3-PA,909,5303,1,0,0,5304,A
3-PA,910,0,5316,0,0,5316,T
3-PA,911,0,5324,0,2,5326,T
3-PA,912,5473,0,0,0,5473,A
3-PA,913,1,5457,0,1,5459,T
3-PA,914,5452,1,4,0,5457,A
3-PA,915,1,5436,0,0,5437,T
3-PA,916,3,1,4809,0,4813,G
3-PA,917,4792,0,1,0,4793,A
3-PA,918,1,4725,0,1,4727,T
3-PA,919,0,0,4763,1,4764,G
3-PA,920,0,1,2,4705,4708,C
3-PA,921,2,2,4691,0,4695,G
3-PA,922,4722,0,1,1,4724,A
3-PA,923,1,4701,0,2,4704,T
3-PA,924,2,1,0,4726,4729,C
3-PA,925,4728,0,1,0,4729,A
3-PA,926,4690,1,3,0,4694,A
3-PA,927,3,0,4728,0,4731,G
3-PA,928,2,4671,0,1,4674,T
3-PA,929,1,0,4703,1,4705,G
3-PA,930,0,1,0,4719,4720,C
3-PA,931,4705,2,3,0,4710,A
3-PA,932,0,4723,1,0,4724,T
3-PA,933,4703,1,0,1,4705,A
3-PA,934,4770,0,1,0,4771,A
3-PA,935,4762,0,0,0,4762,A
3-PA,936,4735,0,1,0,4736,A
3-PA,937,4729,0,1,1,4731,A
3-PA,938,0,0,0,4752,4752,C
3-PA,939,4668,1,0,0,4669,A
3-PA,940,0,4691,0,1,4692,T
3-PA,941,1,4686,0,2,4689,T
3-PA,942,0,1,1,4728,4730,C
3-PA,943,0,4666,0,1,4667,T
3-PA,944,1,4659,0,0,4660,T
3-PA,945,0,4658,0,1,4659,T
3-PA,946,1,1,4678,0,4680,G
3-PA,947,3,0,4696,0,4699,G
3-PA,948,4659,6,3,0,4668,A
3-PA,949,2,4659,0,6,4667,T
3-PA,950,1,0,4692,0,4693,G
3-PA,951,1,2,4803,0,4806,G
3-PA,952,4811,2,1,5,4819,A
3-PA,953,4819,0,1,0,4820,A
3-PA,954,4825,1,4,1,4831,A
3-PA,955,0,2,4874,0,4876,G
3-PA,956,4842,0,2,0,4844,A
3-PA,957,5261,1,59,0,5321,A
3-PA,958,0,3,1,5429,5433,C
3-PA,959,2,1,0,5443,5446,C
3-PA,960,1,5379,1,0,5381,T
3-PA,961,0,5483,1,0,5484,T
3-PA,962,5500,0,1,0,5501,A
3-PA,963,1,5496,0,0,5497,T
3-PA,964,5460,1,0,0,5461,A
3-PA,965,1,5538,0,1,5540,T
3-PA,966,4967,1,2,0,4970,A
3-PA,967,1,1,5008,0,5010,G
3-PA,968,2,4960,0,2,4964,T
3-PA,969,1,1,0,4954,4956,C
3-PA,970,4887,0,0,0,4887,A
3-PA,971,4904,0,1,0,4905,A
3-PA,972,4902,0,0,5,4907,A
3-PA,973,0,1,0,4935,4936,C
3-PA,974,0,1,0,4841,4842,C
3-PA,975,4759,2,3,0,4764,A
3-PA,976,0,2,0,4790,4792,C
3-PA,977,4793,0,2,0,4795,A
3-PA,978,0,3,0,4830,4833,C
3-PA,979,1,0,4834,1,4836,G
3-PA,980,4817,0,0,0,4817,A
3-PA,981,4823,0,0,2,4825,A
3-PA,982,4776,2,5,1,4784,A
3-PA,983,4784,0,6,0,4790,A
3-PA,984,0,3,4840,1,4844,G
3-PA,985,1,1,4779,0,4781,G
3-PA,986,0,0,4827,1,4828,G
3-PA,987,4813,0,5,0,4818,A
3-PA,988,4828,0,3,0,4831,A
3-PA,989,0,4832,0,0,4832,T
3-PA,990,4820,0,1,0,4821,A
3-PA,991,4830,1,0,0,4831,A
3-PA,992,4837,0,4,0,4841,A
3-PA,993,1,4822,0,0,4823,T
3-PA,994,0,4806,0,0,4806,T
3-PA,995,3,0,0,4844,4847,C
3-PA,996,4842,1,0,0,4843,A
3-PA,997,4868,0,1,0,4869,A
3-PA,998,4868,0,0,0,4868,A
3-PA,999,0,4851,0,0,4851,T
3-PA,1000,0,4880,0,0,4880,T
3-PA,1001,4918,1,0,0,4919,A
3-PA,1002,1,58,0,4848,4907,C
3-PA,1003,2,0,0,4920,4922,C
3-PA,1004,0,4876,0,4,4880,T
3-PA,1005,0,0,4910,0,4910,G
3-PA,1006,1,0,1,4933,4935,C
3-PA,1007,0,4926,0,0,4926,T
3-PA,1008,2,0,5021,0,5023,G
3-PA,1009,0,5001,0,0,5001,T
3-PA,1010,0,0,0,5016,5016,C
3-PA,1011,5022,1,4,0,5027,A
3-PA,1012,1,5008,0,1,5010,T
3-PA,1013,2,1,5009,1,5013,G
3-PA,1014,0,0,5034,0,5034,G
3-PA,1015,5012,1,2,0,5015,A
3-PA,1016,4996,1,5,0,5002,A
3-PA,1017,4883,0,3,0,4886,A
3-PA,1018,0,0,0,5096,5096,C
3-PA,1019,5093,0,0,0,5093,A
3-PA,1020,5098,0,2,0,5100,A
3-PA,1021,0,0,5147,0,5147,G
3-PA,1022,1,5136,0,0,5137,T
3-PA,1023,5099,0,2,2,5103,A
3-PA,1024,0,0,0,5103,5103,C
3-PA,1025,1,5019,0,1,5021,T
3-PA,1026,2,0,5076,0,5078,G
3-PA,1027,1,5036,1,6,5044,T
3-PA,1028,1,0,0,5056,5057,C
3-PA,1029,5032,3,8,0,5043,A
3-PA,1030,0,1,5115,1,5117,G
3-PA,1031,5102,0,1,0,5103,A
3-PA,1032,5102,0,0,0,5102,A
3-PA,1033,0,5237,0,0,5237,T
3-PA,1034,0,5162,0,1,5163,T
3-PA,1035,1,0,5157,0,5158,G
3-PA,1036,0,1,0,5159,5160,C
3-PA,1037,5124,2,11,0,5137,A
3-PA,1038,0,3,5165,0,5168,G
3-PA,1039,1,0,5128,0,5129,G
3-PA,1040,5164,2,4,1,5171,A
3-PA,1041,0,0,0,5211,5211,C
3-PA,1042,5088,0,2,1,5091,A
3-PA,1043,1,5147,0,1,5149,T
3-PA,1044,0,5151,0,0,5151,T
3-PA,1045,0,0,5183,1,5184,G
3-PA,1046,5199,0,1,0,5200,A
3-PA,1047,5180,0,5,0,5185,A
3-PA,1048,5180,0,3,0,5183,A
3-PA,1049,5173,1,0,0,5174,A
3-PA,1050,1,5116,0,2,5119,T
3-PA,1051,1,0,5196,0,5197,G
3-PA,1052,5000,2,152,0,5154,A
3-PA,1053,0,0,5193,0,5193,G
3-PA,1054,2,0,5216,0,5218,G
3-PA,1055,5160,0,1,0,5161,A
3-PA,1056,2,0,5190,0,5192,G
3-PA,1057,5168,0,1,0,5169,A
3-PA,1058,5158,0,5,0,5163,A
3-PA,1059,0,0,5159,1,5160,G
3-PA,1060,0,1,5108,0,5109,G
3-PA,1061,2,5366,0,1,5369,T
3-PA,1062,0,5382,0,3,5385,T
3-PA,1063,1,4,0,5361,5366,C
3-PA,1064,0,1,0,5377,5378,C
3-PA,1065,5376,0,4,0,5380,A
3-PA,1066,5369,0,1,0,5370,A
3-PA,1067,1,0,5447,0,5448,G
3-PA,1068,0,0,5495,1,5496,G
3-PA,1069,5389,2,3,0,5394,A
3-PA,1070,0,0,1,5431,5432,C
3-PA,1071,1,5422,0,1,5424,T
3-PA,1072,5430,0,1,0,5431,A
3-PA,1073,5426,0,6,0,5432,A
3-PA,1074,5425,0,5,1,5431,A
3-PA,1075,5425,0,2,0,5427,A
3-PA,1076,5410,0,2,0,5412,A
3-PA,1077,0,1,0,5318,5319,C
3-PA,1078,5264,0,0,1,5265,A
3-PA,1079,0,5224,0,1,5225,T
3-PA,1080,1,1,5269,1,5272,G
3-PA,1081,5285,0,10,0,5295,A
3-PA,1082,5294,0,2,1,5297,A
3-PA,1083,0,0,5337,1,5338,G
3-PA,1084,5326,1,0,0,5327,A
3-PA,1085,5336,1,1,1,5339,A
3-PA,1086,5307,0,2,0,5309,A
3-PA,1087,5306,2,10,1,5319,A
3-PA,1088,0,1,0,5329,5330,C
3-PA,1089,1,0,5307,0,5308,G
3-PA,1090,5336,1,3,0,5340,A
3-PA,1091,1,0,5346,0,5347,G
3-PA,1092,2,5290,1,1,5294,T
3-PA,1093,0,1,0,5432,5433,C
3-PA,1094,5432,0,4,0,5436,A
3-PA,1095,5526,2,3,0,5531,A
3-PA,1096,0,1,0,5540,5541,C
3-PA,1097,0,5524,0,0,5524,T
3-PA,1098,0,0,5617,0,5617,G
3-PA,1099,5564,1,3,0,5568,A
3-PA,1100,5594,0,8,0,5602,A
3-PA,1101,1,0,5618,0,5619,G
3-PA,1102,0,5441,0,2,5443,T
3-PA,1103,4,0,5453,0,5457,G
3-PA,1104,1,0,5399,0,5400,G
3-PA,1105,1,1,5431,0,5433,G
3-PA,1106,1,0,0,5431,5432,C
3-PA,1107,0,5340,1,8,5349,T
3-PA,1108,1,0,0,5406,5407,C
3-PA,1109,0,5371,1,0,5372,T
3-PA,1110,0,5393,0,0,5393,T
3-PA,1111,1,0,5498,0,5499,G
3-PA,1112,0,0,5519,0,5519,G
3-PA,1113,1,5490,0,2,5493,T
3-PA,1114,1,2,5472,1,5476,G
3-PA,1115,5449,0,0,0,5449,A
3-PA,1116,5489,1,2,0,5492,A
3-PA,1117,5462,0,0,0,5462,A
3-PA,1118,5485,0,2,1,5488,A
3-PA,1119,1,2,1,5523,5527,C
3-PA,1120,5342,0,1,0,5343,A
3-PA,1121,1,5338,0,4,5343,T
3-PA,1122,0,2,5308,0,5310,G
3-PA,1123,2,0,5428,1,5431,G
3-PA,1124,3,0,0,5433,5436,C
3-PA,1125,5447,0,4,1,5452,A
3-PA,1126,2,1,0,5473,5476,C
3-PA,1127,1,1,0,5491,5493,C
3-PA,1128,5563,0,4,0,5567,A
3-PA,1129,1,0,5641,0,5642,G
3-PA,1130,5593,0,4,0,5597,A
3-PA,1131,1,0,5676,0,5677,G
3-PA,1132,5642,1,2,0,5645,A
3-PA,1133,5663,2,3,0,5668,A
3-PA,1134,1,0,5712,0,5713,G
3-PA,1135,0,1,5673,1,5675,G
3-PA,1136,0,5642,0,1,5643,T
3-PA,1137,5547,1,0,1,5549,A
3-PA,1138,0,2,5531,0,5533,G
3-PA,1139,5542,0,2,0,5544,A
3-PA,1140,0,2,0,5607,5609,C
3-PA,1141,2,5529,0,3,5534,T
3-PA,1142,1,5610,0,2,5613,T
3-PA,1143,2,5621,1,1,5625,T
3-PA,1144,2,0,5639,1,5642,G
3-PA,1145,5622,0,6,1,5629,A
3-PA,1146,5637,0,0,0,5637,A
3-PA,1147,5617,0,4,0,5621,A
3-PA,1148,5599,0,4,0,5603,A
3-PA,1149,0,1,0,5791,5792,C
3-PA,1150,1,5719,0,5,5725,T
3-PA,1151,1,1,5822,0,5824,G
3-PA,1152,0,0,0,5797,5797,C
3-PA,1153,5801,1,18,0,5820,A
3-PA,1154,0,0,5821,0,5821,G
3-PA,1155,5770,4,3,1,5778,A
3-PA,1156,1,0,6087,0,6088,G
3-PA,1157,6104,2,1,0,6107,A
3-PA,1158,0,2,0,6076,6078,C
3-PA,1159,6057,2,4,1,6064,A
3-PA,1160,2,6013,0,1,6016,T
3-PA,1161,6017,0,3,0,6020,A
3-PA,1162,5963,0,41,2,6006,A
3-PA,1163,0,2,6010,0,6012,G
3-PA,1164,0,0,0,5996,5996,C
3-PA,1165,0,2,5893,0,5895,G
3-PA,1166,6035,0,0,0,6035,A
3-PA,1167,0,5978,0,3,5981,T
3-PA,1168,0,5990,0,3,5993,T
3-PA,1169,2,5983,0,3,5988,T
3-PA,1170,0,0,6025,0,6025,G
3-PA,1171,6053,2,3,0,6058,A
3-PA,1172,6055,3,2,0,6060,A
3-PA,1173,3,1,6096,0,6100,G
3-PA,1174,0,2,0,6273,6275,C
3-PA,1175,6188,0,1,0,6189,A
3-PA,1176,6686,0,4,1,6691,A
3-PA,1177,0,6699,0,1,6700,T
3-PA,1178,6735,1,1,1,6738,A
3-PA,1179,2,6758,0,4,6764,T
3-PA,1180,0,0,6830,0,6830,G
3-PA,1181,6907,2,6,0,6915,A
3-PA,1182,0,6896,1,3,6900,T
3-PA,1183,6672,1,2,0,6675,A
3-PA,1184,96,1,6613,0,6710,G
3-PA,1185,0,6425,0,0,6425,T
3-PA,1186,1,1,6436,0,6438,G
3-PA,1187,6435,1,10,0,6446,A
3-PA,1188,0,1,0,6403,6404,C
3-PA,1189,7,0,6367,0,6374,G
3-PA,1190,6406,2,0,0,6408,A
3-PA,1191,6412,3,5,2,6422,A
3-PA,1192,0,1,0,6504,6505,C
3-PA,1193,2,2,1,6508,6513,C
3-PA,1194,1,6480,0,5,6486,T
3-PA,1195,0,0,6727,0,6727,G
3-PA,1196,6696,1,3,1,6701,A
3-PA,1197,6736,0,3,1,6740,A
3-PA,1198,1,6717,2,0,6720,T
3-PA,1199,0,6671,1,0,6672,T
3-PA,1200,6675,3,3,0,6681,A
3-PA,1201,6602,1,3,3,6609,A
3-PA,1202,0,0,6657,0,6657,G
3-PA,1203,0,0,6661,0,6661,G
3-PA,1204,1,6518,0,7,6526,T
3-PA,1205,1,0,0,6516,6517,C
3-PA,1206,6537,0,2,0,6539,A
3-PA,1207,0,2,0,6820,6822,C
3-PA,1208,0,6818,0,8,6826,T
3-PA,1209,2,6843,0,2,6847,T
3-PA,1210,3,6856,0,3,6862,T
3-PA,1211,0,2,0,6829,6831,C
3-PA,1212,6833,1,4,0,6838,A
3-PA,1213,6841,1,8,0,6850,A
3-PA,1214,1,0,6959,0,6960,G
3-PA,1215,2,0,0,6952,6954,C
3-PA,1216,0,6805,0,1,6806,T
3-PA,1217,1,2,7001,0,7004,G
3-PA,1218,0,0,7026,0,7026,G
3-PA,1219,7123,1,4,0,7128,A
3-PA,1220,0,7222,0,2,7224,T
3-PA,1221,7228,0,4,0,7232,A
3-PA,1222,1,3,0,7270,7274,C
3-PA,1223,7149,0,6,0,7155,A
3-PA,1224,2,1,7265,0,7268,G
3-PA,1225,7205,0,4,1,7210,A
3-PA,1226,7125,1,1,0,7127,A
3-PA,1227,0,7057,2,2,7061,T
3-PA,1228,1,1,7150,0,7152,G
3-PA,1229,7069,0,6,0,7075,A
3-PA,1230,0,0,7244,0,7244,G
3-PA,1231,1,7185,1,4,7191,T
3-PA,1232,0,7142,0,3,7145,T
3-PA,1233,2,2,2,7262,7268,C
3-PA,1234,7333,0,1,0,7334,A
3-PA,1235,7351,0,5,0,7356,A
3-PA,1236,1,0,0,7368,7369,C
3-PA,1237,7245,0,2,0,7247,A
3-PA,1238,7236,0,4,1,7241,A
3-PA,1239,1,1,7212,0,7214,G
3-PA,1240,4,36,7243,0,7283,G
3-PA,1241,4,1,0,7318,7323,C
3-PA,1242,1,0,1,7293,7295,C
3-PA,1243,2,7182,1,3,7188,T
3-PA,1244,2,1,7279,0,7282,G
3-PA,1245,1,7233,0,2,7236,T
3-PA,1246,5,1,7300,0,7306,G
3-PA,1247,7294,1,9,0,7304,A
3-PA,1248,0,0,7305,0,7305,G
3-PA,1249,0,1,1,7226,7228,C
3-PA,1250,0,7161,1,3,7165,T
3-PA,1251,7380,0,1,0,7381,A
3-PA,1252,7378,2,2,0,7382,A
3-PA,1253,1,0,0,7423,7424,C
3-PA,1254,1,7359,0,4,7364,T
3-PA,1255,3,2,7371,12,7388,G
3-PA,1256,7336,1,2,0,7339,A
3-PA,1257,0,7354,0,0,7354,T
3-PA,1258,0,7337,0,1,7338,T
3-PA,1259,1,3,1,7353,7358,C
3-PA,1260,7525,4,3,0,7532,A
3-PA,1261,1,7,7723,0,7731,G
3-PA,1262,3,7688,0,4,7695,T
3-PA,1263,3,1,0,7715,7719,C
3-PA,1264,0,7664,0,4,7668,T
3-PA,1265,2,1,7991,1,7995,G
3-PA,1266,0,1,8021,0,8022,G
3-PA,1267,8024,1,4,0,8029,A
3-PA,1268,3,8028,0,3,8034,T
3-PA,1269,7680,0,2,0,7682,A
3-PA,1270,2,3,7677,0,7682,G
3-PA,1271,7573,0,5,0,7578,A
3-PA,1272,0,1,7624,0,7625,G
3-PA,1273,1,2,0,7586,7589,C
3-PA,1274,2,7417,0,2,7421,T
3-PA,1275,1,14,0,7457,7472,C
3-PA,1276,4,1,7507,1,7513,G
3-PA,1277,7514,0,1,1,7516,A
3-PA,1278,0,7500,0,4,7504,T
3-PA,1279,1,0,7489,0,7490,G
3-PA,1280,7636,3,1,0,7640,A
3-PA,1281,7634,0,1,0,7635,A
3-PA,1282,7677,0,1,0,7678,A
3-PA,1283,0,7643,1,2,7646,T
3-PA,1284,0,7625,0,3,7628,T
3-PA,1285,0,1,7745,0,7746,G
3-PA,1286,0,1,7737,0,7738,G
3-PA,1287,7703,1,11,0,7715,A
3-PA,1288,0,1,7743,0,7744,G
3-PA,1289,7607,0,1,2,7610,A
3-PA,1290,1,1,7691,0,7693,G
3-PA,1291,0,1,7760,1,7762,G
3-PA,1292,7828,0,1,0,7829,A
3-PA,1293,0,7,0,7840,7847,C
3-PA,1294,4,0,7777,0,7781,G
3-PA,1295,3,7772,0,3,7778,T
3-PA,1296,7840,1,3,0,7844,A
3-PA,1297,0,1,7913,0,7914,G
3-PA,1298,0,2,0,7991,7993,C
3-PA,1299,1,1,0,7886,7888,C
3-PA,1300,4,2,0,7848,7854,C
3-PA,1301,3,0,0,7873,7876,C
3-PA,1302,7902,0,0,0,7902,A
3-PA,1303,8259,0,0,0,8259,A
3-PA,1304,0,8223,1,7,8231,T
3-PA,1305,0,8189,1,2,8192,T
3-PA,1306,2,1,8184,0,8187,G
3-PA,1307,8018,1,4,0,8023,A
3-PA,1308,1,1,8069,0,8071,G
3-PA,1309,1,2,0,8040,8043,C
3-PA,1310,8015,3,2,0,8020,A
3-PA,1311,0,0,0,8235,8235,C
3-PA,1312,8008,0,2,0,8010,A
3-PA,1313,3,8293,0,10,8306,T
3-PA,1314,0,8316,0,3,8319,T
3-PA,1315,0,0,8328,0,8328,G
3-PA,1316,1,2,0,8304,8307,C
3-PA,1317,8298,1,2,1,8302,A
3-PA,1318,8296,2,7,0,8305,A
3-PA,1319,3,0,8316,0,8319,G
3-PA,1320,1,2,0,8240,8243,C
3-PA,1321,8272,2,1,0,8275,A
3-PA,1322,2,8066,2,1,8071,T
3-PA,1323,1,0,8085,1,8087,G
3-PA,1324,8048,0,4,0,8052,A
3-PA,1325,1,2,8105,0,8108,G
3-PA,1326,8088,1,2,0,8091,A
3-PA,1327,8103,1,1,0,8105,A
3-PA,1328,0,1,8077,0,8078,G
3-PA,1329,0,0,8107,0,8107,G
3-PA,1330,8107,2,3,0,8112,A
3-PA,1331,8116,0,1,0,8117,A
3-PA,1332,0,8138,0,5,8143,T
3-PA,1333,1,8151,0,0,8152,T
3-PA,1334,8162,0,0,0,8162,A
3-PA,1335,0,8191,0,0,8191,T
3-PA,1336,1,8183,1,1,8186,T
3-PA,1337,0,8206,1,1,8208,T
3-PA,1338,2,0,1,8151,8154,C
3-PA,1339,8131,0,4,0,8135,A
3-PA,1340,0,0,0,8382,8382,C
3-PA,1341,8317,1,4,0,8322,A
3-PA,1342,0,1,8422,1,8424,G
3-PA,1343,1,2,0,8401,8404,C
3-PA,1344,8375,2,2,1,8380,A
3-PA,1345,0,2,8466,0,8468,G
3-PA,1346,8394,1,0,0,8395,A
3-PA,1347,1,1,8475,0,8477,G
3-PA,1348,0,3,8519,0,8522,G
3-PA,1349,3,8318,0,0,8321,T
3-PA,1350,3,0,8482,0,8485,G
3-PA,1351,1,8410,0,13,8424,T
3-PA,1352,4,2,0,8416,8422,C
3-PA,1353,1,2,0,8535,8538,C
3-PA,1354,3,2,0,8524,8529,C
3-PA,1355,8636,0,2,0,8638,A
3-PA,1356,0,8712,2,6,8720,T
3-PA,1357,0,8656,1,4,8661,T
3-PA,1358,0,1,8720,1,8722,G
3-PA,1359,1,8608,1,1,8611,T
3-PA,1360,8521,0,2,0,8523,A
3-PA,1361,1,0,8517,0,8518,G
3-PA,1362,8222,3,8,2,8235,A
3-PA,1363,4,0,8283,1,8288,G
3-PA,1364,2,1,0,8152,8155,C
3-PA,1365,4,3,0,8041,8048,C
3-PA,1366,8201,1,3,1,8206,A
3-PA,1367,0,0,0,8226,8226,C
3-PA,1368,1,8161,0,1,8163,T
3-PA,1369,1,0,8170,1,8172,G
3-PA,1370,8139,0,1,0,8140,A
3-PA,1371,7994,0,5,0,7999,A
3-PA,1372,0,8271,0,0,8271,T
3-PA,1373,8351,3,0,0,8354,A
3-PA,1374,0,2,0,8488,8490,C
3-PA,1375,8243,1,3,1,8248,A
3-PA,1376,1,8278,0,4,8283,T
3-PA,1377,8214,1,0,0,8215,A
3-PA,1378,8261,1,2,0,8264,A
3-PA,1379,1,8255,0,2,8258,T
3-PA,1380,1,1,8141,0,8143,G
3-PA,1381,8078,2,2,0,8082,A
3-PA,1382,7965,0,2,0,7967,A
3-PA,1383,3,5,7979,1,7988,G
3-PA,1384,0,3,7969,0,7972,G
3-PA,1385,2,5,8065,1,8073,G
3-PA,1386,4,0,8066,0,8070,G
3-PA,1387,1,0,8162,0,8163,G
3-PA,1388,1,8009,0,1,8011,T
3-PA,1389,8065,0,0,0,8065,A
3-PA,1390,0,8106,0,2,8108,T
3-PA,1391,8234,1,3,0,8238,A
3-PA,1392,0,0,0,9078,9078,C
3-PA,1393,8778,0,1,0,8779,A
3-PA,1394,1,8570,0,2,8573,T
3-PA,1395,1,8452,0,2,8455,T
3-PA,1396,8366,1,0,0,8367,A
3-PA,1397,8552,1,4,0,8557,A
3-PA,1398,0,1,0,8556,8557,C
3-PA,1399,8413,3,5,0,8421,A
3-PA,1400,0,0,0,8427,8427,C
3-PA,1401,0,7360,0,5,7365,T
3-PA,1402,2,0,7662,0,7664,G
3-PA,1403,0,0,0,7645,7645,C
3-PA,1404,3,0,0,7614,7617,C
3-PA,1405,1,0,0,7665,7666,C
3-PA,1406,2,7387,2,4,7395,T
3-PA,1407,1,0,7664,0,7665,G
3-PA,1408,0,2,1,7672,7675,C
3-PA,1409,1,7613,0,5,7619,T
3-PA,1410,2,2,0,7899,7903,C
3-PA,1411,7653,0,1,0,7654,A
3-PA,1412,7730,1,2,0,7733,A
3-PA,1413,0,7738,0,2,7740,T
3-PA,1414,1,2,7709,0,7712,G
3-PA,1415,1,2,0,7717,7720,C
3-PA,1416,7532,1,1,0,7534,A
3-PA,1417,0,7487,1,6,7494,T
3-PA,1418,0,2,0,7494,7496,C
3-PA,1419,0,0,0,7543,7543,C
3-PA,1420,0,7187,0,5,7192,T
3-PA,1421,3,1,7365,0,7369,G
3-PA,1422,0,7330,0,7,7337,T
3-PA,1423,2,1,7320,1,7324,G
3-PA,1424,3,2,0,7322,7327,C
3-PA,1425,7192,0,1,1,7194,A
3-PA,1426,8,1,7229,0,7238,G
3-PA,1427,1,2,0,7220,7223,C
3-PA,1428,7112,1,5,0,7118,A
3-PA,1429,7128,0,1,0,7129,A
3-PA,1430,1,6786,1,0,6788,T
3-PA,1431,0,2,6788,0,6790,G
3-PA,1432,0,2,6785,1,6788,G
3-PA,1433,6782,0,8,1,6791,A
3-PA,1434,0,1,0,6780,6781,C
3-PA,1435,1,1,6681,0,6683,G
3-PA,1436,6758,0,2,1,6761,A
3-PA,1437,1,6756,0,2,6759,T
3-PA,1438,0,6749,0,2,6751,T
3-PA,1439,0,6742,0,2,6744,T
3-PA,1440,1,6736,0,0,6737,T
3-PA,1441,0,2,0,6751,6753,C
3-PA,1442,6746,0,4,0,6750,A
3-PA,1443,6780,0,5,0,6785,A
3-PA,1444,1,0,0,6799,6800,C
3-PA,1445,0,6624,1,1,6626,T
3-PA,1446,6616,1,1,0,6618,A
3-PA,1447,6615,1,0,0,6616,A
3-PA,1448,1,6638,1,0,6640,T
3-PA,1449,3,6600,1,8,6612,T
3-PA,1450,0,1,0,6661,6662,C
3-PA,1451,1,0,0,6621,6622,C
3-PA,1452,1,1,0,6625,6627,C
3-PA,1453,6614,1,1,0,6616,A
3-PA,1454,1,6712,0,0,6713,T
3-PA,1455,0,0,6727,0,6727,G
3-PA,1456,6693,1,2,1,6697,A
3-PA,1457,1,6684,0,0,6685,T
3-PA,1458,6649,0,1,0,6650,A
3-PA,1459,6627,1,11,1,6640,A
3-PA,1460,2,0,6636,0,6638,G
3-PA,1461,0,1,0,6624,6625,C
3-PA,1462,6598,0,4,0,6602,A
3-PA,1463,6364,0,1,0,6365,A
3-PA,1464,2,0,6455,1,6458,G
3-PA,1465,0,6396,1,2,6399,T
3-PA,1466,2,2,6381,0,6385,G
3-PA,1467,0,1,2,6366,6369,C
3-PA,1468,6326,0,4,1,6331,A
3-PA,1469,1,0,6381,0,6382,G
3-PA,1470,6324,0,0,1,6325,A
3-PA,1471,6351,0,0,0,6351,A
3-PA,1472,1,2,0,6341,6344,C
3-PA,1473,0,6125,3,5,6133,T
3-PA,1474,6178,0,1,1,6180,A
3-PA,1475,6210,1,1,1,6213,A
3-PA,1476,6114,0,3,0,6117,A
3-PA,1477,0,0,6121,0,6121,G
3-PA,1478,5814,0,1,1,5816,A
3-PA,1479,5572,34,3,0,5609,A
3-PA,1480,0,1,5615,0,5616,G
3-PA,1481,1,1,5613,0,5615,G
3-PA,1482,5621,0,1,0,5622,A
3-PA,1483,5428,0,3,1,5432,A
3-PA,1484,1,0,5372,0,5373,G
3-PA,1485,1,1,5372,0,5374,G
3-PA,1486,1,0,0,5368,5369,C
3-PA,1487,3,0,5358,0,5361,G
3-PA,1488,5371,1,0,0,5372,A
3-PA,1489,5380,0,0,0,5380,A
3-PA,1490,5361,0,0,0,5361,A
3-PA,1491,5362,2,0,0,5364,A
3-PA,1492,5371,1,6,0,5378,A
3-PA,1493,0,0,0,5370,5370,C
3-PA,1494,0,2,0,5342,5344,C
3-PA,1495,5319,0,0,0,5319,A
3-PA,1496,5375,0,0,0,5375,A
3-PA,1497,1,5374,1,2,5378,T
3-PA,1498,0,5383,0,4,5387,T
3-PA,1499,0,5393,0,1,5394,T
3-PA,1500,5423,1,0,1,5425,A
3-PA,1501,0,5400,0,2,5402,T
3-PA,1502,5396,0,3,0,5399,A
3-PA,1503,0,5373,0,4,5377,T
3-PA,1504,0,0,5307,0,5307,G
3-PA,1505,1,2,5209,0,5212,G
3-PA,1506,5208,0,0,0,5208,A
3-PA,1507,2,5173,0,2,5177,T
3-PA,1508,0,5116,0,0,5116,T
3-PA,1509,1,0,0,5090,5091,C
3-PA,1510,5123,0,2,0,5125,A
3-PA,1511,0,5156,1,5,5162,T
3-PA,1512,1,0,0,5178,5179,C
3-PA,1513,5148,0,2,0,5150,A
3-PA,1514,1,5057,0,2,5060,T
3-PA,1515,5023,1,1,1,5026,A
3-PA,1516,5016,1,3,0,5020,A
3-PA,1517,5027,0,1,0,5028,A
3-PA,1518,0,5,5021,0,5026,G
3-PA,1519,0,0,4907,0,4907,G
3-PA,1520,0,0,4834,0,4834,G
3-PA,1521,4761,1,1,1,4764,A
3-PA,1522,4712,2,6,1,4721,A
3-PA,1523,0,0,4735,0,4735,G
3-PA,1524,4610,0,93,0,4703,A
3-PA,1525,1,4680,0,3,4684,T
3-PA,1526,0,0,0,4674,4674,C
3-PA,1527,3,4545,1,6,4555,T
3-PA,1528,0,1,0,4679,4680,C
3-PA,1529,4667,0,1,0,4668,A
3-PA,1530,0,4657,0,0,4657,T
3-PA,1531,0,4650,0,0,4650,T
3-PA,1532,0,4570,1,1,4572,T
3-PA,1533,4540,0,2,0,4542,A
3-PA,1534,4553,0,0,0,4553,A
3-PA,1535,0,1,4552,0,4553,G
3-PA,1536,0,0,4611,0,4611,G
3-PA,1537,4242,1,0,0,4243,A
3-PA,1538,4250,0,0,0,4250,A
3-PA,1539,1,4229,10,3,4243,T
3-PA,1540,1,1,4267,1,4270,G
3-PA,1541,4378,0,7,0,4385,A
3-PA,1542,0,1,0,4380,4381,C
3-PA,1543,4354,0,7,0,4361,A
3-PA,1544,1,0,0,4363,4364,C
3-PA,1545,4198,0,1,0,4199,A
3-PA,1546,2,0,4208,0,4210,G
3-PA,1547,4177,0,1,0,4178,A
3-PA,1548,0,0,0,4118,4118,C
3-PA,1549,0,1,4049,0,4050,G
3-PA,1550,0,3680,0,3,3683,T
3-PA,1551,0,0,3692,0,3692,G
3-PA,1552,1,0,3713,0,3714,G
3-PA,1553,1,3723,0,0,3724,T
3-PA,1554,3707,0,1,0,3708,A
3-PA,1555,3620,0,1,0,3621,A
3-PA,1556,3627,0,0,0,3627,A
3-PA,1557,0,3623,0,1,3624,T
3-PA,1558,0,3528,0,1,3529,T
3-PA,1559,0,3529,0,0,3529,T
3-PA,1560,0,3458,0,0,3458,T
3-PA,1561,0,0,3454,0,3454,G
3-PA,1562,0,3374,0,2,3376,T
3-PA,1563,0,0,3379,0,3379,G
3-PA,1564,3350,0,6,0,3356,A
3-PA,1565,0,0,3364,0,3364,G
3-PA,1566,2,0,0,3339,3341,C
3-PA,1567,3349,0,0,0,3349,A
3-PA,1568,0,3347,0,4,3351,T
3-PA,1569,1,1,3346,0,3348,G
3-PA,1570,0,0,3361,0,3361,G
3-PA,1571,3364,0,0,0,3364,A
3-PA,1572,0,0,3365,0,3365,G
3-PA,1573,0,3279,0,5,3284,T
3-PA,1574,0,3217,0,5,3222,T
3-PA,1575,0,3232,0,4,3236,T
3-PA,1576,0,3226,0,2,3228,T
3-PA,1577,0,1,0,3229,3230,C
3-PA,1578,2,3202,0,11,3215,T
3-PA,1579,0,0,0,3218,3218,C
3-PA,1580,2,3089,0,1,3092,T
3-PA,1581,3,1,0,3076,3080,C
3-PA,1582,3077,0,3,0,3080,A
3-PA,1583,0,1,0,3071,3072,C
3-PA,1584,0,2986,0,1,2987,T
3-PA,1585,0,0,2990,0,2990,G
3-PA,1586,2983,0,0,0,2983,A
3-PA,1587,2,0,0,2960,2962,C
3-PA,1588,3,0,0,2923,2926,C
3-PA,1589,1,1,0,2874,2876,C
3-PA,1590,0,0,2854,0,2854,G
3-PA,1591,2815,0,2,0,2817,A
3-PA,1592,0,0,2837,0,2837,G
3-PA,1593,2838,1,0,0,2839,A
3-PA,1594,0,2,0,2759,2761,C
3-PA,1595,0,2667,0,4,2671,T
3-PA,1596,0,2494,0,1,2495,T
3-PA,1597,0,1,2481,0,2482,G
3-PA,1598,2449,1,4,0,2454,A
3-PA,1599,1,0,2487,0,2488,G
3-PA,1600,0,1,0,2473,2474,C
3-PA,1601,0,0,0,2349,2349,C
3-PA,1602,2339,0,2,0,2341,A
3-PA,1603,0,1,0,2326,2327,C
3-PA,1604,2332,0,0,0,2332,A
3-PA,1605,0,2323,0,0,2323,T
3-PA,1606,2294,0,0,0,2294,A
3-PA,1607,2283,0,2,0,2285,A
3-PA,1608,2277,1,0,0,2278,A
3-PA,1609,0,2261,0,0,2261,T
3-PA,1610,1,1,2247,0,2249,G
3-PA,1611,2,1,1958,0,1961,G
3-PA,1612,0,0,1900,0,1900,G
3-PA,1613,1837,0,0,0,1837,A
3-PA,1614,3,1,1823,0,1827,G
3-PA,1615,1788,0,1,0,1789,A
3-PA,1616,1753,1,0,0,1754,A
3-PA,1617,1746,0,2,0,1748,A
3-PA,1618,0,1744,0,0,1744,T
3-PA,1619,1714,1,0,0,1715,A
3-PA,1620,4,0,0,1702,1706,C
3-PA,1621,0,851,0,0,851,T
3-PA,1622,0,0,848,0,848,G
3-PA,1623,0,497,0,0,497,T
3-PA,1624,0,0,497,0,497,G
3-PA,1625,0,461,0,0,461,T
3-PA,1626,0,0,0,256,256,C
3-PA,1627,0,0,0,237,237,C
3-PA,1628,0,211,0,0,211,T
3-PA,1629,0,211,0,0,211,T
3-PA,1630,0,0,208,0,208,G
3-PA,1631,204,0,0,0,204,A
3-PA,1632,199,0,0,0,199,A
3-PA,1633,208,0,0,0,208,A
3-PA,1634,0,209,0,0,209,T
3-PA,1635,210,0,0,0,210,A
3-PA,1636,0,0,212,0,212,G
3-PA,1637,0,0,211,0,211,G
3-PA,1638,207,0,0,0,207,A
3-PA,1639,0,0,212,0,212,G
3-PA,1640,213,0,0,0,213,A
3-PA,1641,0,214,0,0,214,T
3-PA,1642,216,0,0,0,216,A
3-PA,1643,0,215,0,0,215,T
3-PA,1644,1,0,219,0,220,G
3-PA,1645,0,220,0,0,220,T
3-PA,1646,0,219,0,0,219,T
3-PA,1647,224,0,0,0,224,A
3-PA,1648,0,0,0,222,222,C
3-PA,1649,0,222,0,0,222,T
3-PA,1650,223,0,0,0,223,A
3-PA,1651,221,0,0,0,221,A
3-PA,1652,0,0,223,0,223,G
3-PA,1653,221,0,0,0,221,A
3-PA,1654,218,0,0,0,218,A
3-PA,1655,0,0,212,0,212,G
3-PA,1656,0,217,0,0,217,T
3-PA,1657,0,0,216,0,216,G
3-PA,1658,0,0,0,214,214,C
3-PA,1659,0,0,0,215,215,C
3-PA,1660,218,0,0,0,218,A
3-PA,1661,0,217,0,0,217,T
3-PA,1662,214,0,0,0,214,A
3-PA,1663,0,0,217,0,217,G
3-PA,1664,0,0,213,0,213,G
3-PA,1665,0,0,0,215,215,C
3-PA,1666,0,0,0,212,212,C
3-PA,1667,212,0,0,0,212,A
3-PA,1668,211,0,0,0,211,A
3-PA,1669,212,0,0,0,212,A
3-PA,1670,0,209,0,0,209,T
3-PA,1671,0,0,0,202,202,C
3-PA,1672,0,210,0,0,210,T
3-PA,1673,0,0,0,212,212,C
3-PA,1674,212,0,0,0,212,A
3-PA,1675,211,0,0,0,211,A
3-PA,1676,0,0,214,0,214,G
3-PA,1677,0,0,216,0,216,G
3-PA,1678,0,0,0,214,214,C
3-PA,1679,0,0,0,213,213,C
3-PA,1680,0,1,210,0,211,G
3-PA,1681,223,0,0,0,223,A
3-PA,1682,0,222,0,1,223,T
3-PA,1683,0,0,226,0,226,G
3-PA,1684,0,227,0,0,227,T
3-PA,1685,0,230,0,0,230,T
3-PA,1686,0,0,0,232,232,C
3-PA,1687,0,233,0,0,233,T
3-PA,1688,0,236,0,0,236,T
3-PA,1689,0,0,238,0,238,G
3-PA,1690,0,235,0,0,235,T
3-PA,1691,235,0,0,0,235,A
3-PA,1692,0,228,0,0,228,T
3-PA,1693,0,0,227,0,227,G
3-PA,1694,0,224,0,0,224,T
3-PA,1695,0,0,223,0,223,G
3-PA,1696,219,0,1,0,220,A
3-PA,1697,0,0,221,0,221,G
3-PA,1698,0,0,221,0,221,G
3-PA,1699,220,0,0,0,220,A
3-PA,1700,0,0,0,222,222,C
3-PA,1701,217,0,0,0,217,A
3-PA,1702,219,0,0,0,219,A
3-PA,1703,219,0,0,0,219,A
3-PA,1704,0,0,0,221,221,C
3-PA,1705,0,0,219,0,219,G
3-PA,1706,0,0,217,0,217,G
3-PA,1707,215,0,1,0,216,A
3-PA,1708,215,0,0,0,215,A
3-PA,1709,0,0,0,219,219,C
3-PA,1710,219,0,0,0,219,A
3-PA,1711,0,221,0,0,221,T
3-PA,1712,0,0,0,221,221,C
3-PA,1713,222,0,0,0,222,A
3-PA,1714,221,0,0,0,221,A
3-PA,1715,216,0,0,0,216,A
3-PA,1716,0,0,217,0,217,G
3-PA,1717,0,0,217,0,217,G
3-PA,1718,0,213,0,0,213,T
3-PA,1719,0,0,0,211,211,C
3-PA,1720,211,0,0,0,211,A
3-PA,1721,213,0,0,0,213,A
3-PA,1722,211,0,0,0,211,A
3-PA,1723,211,0,0,0,211,A
3-PA,1724,0,214,0,0,214,T
3-PA,1725,0,0,213,0,213,G
3-PA,1726,212,0,0,0,212,A
3-PA,1727,211,1,0,0,212,A
3-PA,1728,211,0,0,0,211,A
3-PA,1729,0,209,0,0,209,T
3-PA,1730,0,0,212,0,212,G
3-PA,1731,0,1,213,0,214,G
3-PA,1732,0,0,211,0,211,G
3-PA,1733,0,0,213,0,213,G
3-PA,1734,210,0,0,0,210,A
3-PA,1735,213,0,0,0,213,A
3-PA,1736,0,213,0,0,213,T
3-PA,1737,0,0,212,0,212,G
3-PA,1738,0,0,214,0,214,G
3-PA,1739,205,0,0,0,205,A
3-PA,1740,0,0,210,0,210,G
3-PA,1741,208,0,0,0,208,A
3-PA,1742,0,206,0,0,206,T
3-PA,1743,0,0,206,0,206,G
3-PA,1744,204,0,0,0,204,A
3-PA,1745,0,0,205,0,205,G
3-PA,1746,205,0,0,0,205,A
3-PA,1747,0,0,0,204,204,C
3-PA,1748,0,0,200,0,200,G
3-PA,1749,0,200,0,0,200,T
3-PA,1750,0,198,0,0,198,T
3-PA,1751,0,0,200,0,200,G
3-PA,1752,0,0,0,198,198,C
3-PA,1753,0,0,0,201,201,C
3-PA,1754,0,199,0,0,199,T
3-PA,1755,0,0,0,208,208,C
3-PA,1756,0,0,0,209,209,C
3-PA,1757,0,208,0,0,208,T
3-PA,1758,0,210,0,0,210,T
3-PA,1759,0,0,0,206,206,C
3-PA,1760,206,0,0,0,206,A
3-PA,1761,0,0,209,0,209,G
3-PA,1762,0,204,1,0,205,T
3-PA,1763,0,0,0,206,206,C
3-PA,1764,199,0,1,0,200,A
3-PA,1765,0,0,0,206,206,C
3-PA,1766,0,205,0,0,205,T
3-PA,1767,0,0,0,208,208,C
3-PA,1768,0,0,0,209,209,C
3-PA,1769,207,0,0,0,207,A
3-PA,1770,0,0,208,0,208,G
3-PA,1771,0,0,0,208,208,C
3-PA,1772,203,0,1,0,204,A
3-PA,1773,0,0,203,0,203,G
3-PA,1774,198,0,0,0,198,A
3-PA,1775,0,196,0,0,196,T
3-PA,1776,0,0,0,195,195,C
3-PA,1777,0,0,198,0,198,G
3-PA,1778,193,0,0,0,193,A
3-PA,1779,0,0,197,0,197,G
3-PA,1780,196,0,0,0,196,A
3-PA,1781,0,0,198,0,198,G
3-PA,1782,0,0,0,192,192,C
3-PA,1783,193,0,0,0,193,A
3-PA,1784,0,194,0,0,194,T
3-PA,1785,0,0,197,0,197,G
3-PA,1786,201,0,0,0,201,A
3-PA,1787,0,201,0,0,201,T
3-PA,1788,0,201,1,0,202,T
3-PA,1789,0,0,202,0,202,G
3-PA,1790,198,0,0,0,198,A
3-PA,1791,199,0,0,0,199,A
3-PA,1792,0,0,201,0,201,G
3-PA,1793,0,0,0,198,198,C
3-PA,1794,0,0,0,194,194,C
3-PA,1795,0,0,196,0,196,G
3-PA,1796,196,0,0,0,196,A
3-PA,1797,0,0,197,0,197,G
3-PA,1798,0,191,0,0,191,T
3-PA,1799,0,0,0,194,194,C
3-PA,1800,0,0,0,196,196,C
3-PA,1801,0,191,0,0,191,T
3-PA,1802,0,0,0,199,199,C
3-PA,1803,0,0,201,0,201,G
3-PA,1804,0,0,202,0,202,G
3-PA,1805,0,204,0,0,204,T
3-PA,1806,0,202,0,0,202,T
3-PA,1807,202,0,0,0,202,A
3-PA,1808,203,0,0,0,203,A
3-PA,1809,204,0,0,0,204,A
3-PA,1810,0,0,213,0,213,G
3-PA,1811,209,0,0,0,209,A
3-PA,1812,0,0,212,0,212,G
3-PA,1813,205,0,0,0,205,A
3-PA,1814,205,0,0,0,205,A
3-PA,1815,205,0,0,0,205,A
3-PA,1816,0,0,208,0,208,G
3-PA,1817,208,0,0,0,208,A
3-PA,1818,0,0,0,208,208,C
3-PA,1819,204,0,1,0,205,A
3-PA,1820,0,204,0,0,204,T
3-PA,1821,0,0,204,0,204,G
3-PA,1822,205,0,0,0,205,A
3-PA,1823,0,0,0,208,208,C
3-PA,1824,0,0,0,203,203,C
3-PA,1825,202,0,0,0,202,A
3-PA,1826,200,0,0,0,200,A
3-PA,1827,200,0,0,0,200,A
3-PA,1828,0,0,203,0,203,G
3-PA,1829,201,0,0,0,201,A
3-PA,1830,0,0,201,0,201,G
3-PA,1831,0,199,0,0,199,T
3-PA,1832,0,195,0,0,195,T
3-PA,1833,0,196,0,0,196,T
3-PA,1834,0,195,0,0,195,T
3-PA,1835,0,197,0,0,197,T
3-PA,1836,0,197,0,0,197,T
3-PA,1837,0,0,196,0,196,G
3-PA,1838,190,0,2,0,192,A
3-PA,1839,0,0,198,0,198,G
3-PA,1840,197,0,0,0,197,A
3-PA,1841,199,0,0,0,199,A
3-PA,1842,0,201,0,0,201,T
3-PA,1843,199,0,0,0,199,A
3-PA,1844,206,0,0,0,206,A
3-PA,1845,213,0,0,0,213,A
3-PA,1846,0,213,0,0,213,T
3-PA,1847,0,0,0,214,214,C
3-PA,1848,207,0,0,0,207,A
3-PA,1849,0,0,206,0,206,G
3-PA,1850,207,0,0,0,207,A
3-PA,1851,203,0,0,0,203,A
3-PA,1852,0,0,214,0,214,G
3-PA,1853,0,0,0,205,205,C
3-PA,1854,204,0,1,0,205,A
3-PA,1855,0,202,0,0,202,T
3-PA,1856,0,0,201,0,201,G
3-PA,1857,0,0,206,0,206,G
3-PA,1858,1,0,0,206,207,C
3-PA,1859,0,0,0,210,210,C
3-PA,1860,1,0,0,211,212,C
3-PA,1861,211,0,0,0,211,A
3-PA,1862,0,210,0,0,210,T
3-PA,1863,0,211,0,0,211,T
3-PA,1864,0,0,211,0,211,G
3-PA,1865,0,0,211,0,211,G
3-PA,1866,0,0,210,0,210,G
3-PA,1867,0,0,206,0,206,G
3-PA,1868,191,0,0,0,191,A
3-PA,1869,0,0,198,0,198,G
3-PA,1870,0,190,0,0,190,T
3-PA,1871,0,0,0,194,194,C
3-PA,1872,0,0,0,211,211,C
3-PA,1873,0,1,0,213,214,C
3-PA,1874,0,0,0,213,213,C
3-PA,1875,0,0,0,215,215,C
3-PA,1876,213,0,0,0,213,A
3-PA,1877,216,0,0,0,216,A
3-PA,1878,0,1,215,0,216,G
3-PA,1879,0,0,218,0,218,G
3-PA,1880,0,0,219,0,219,G
3-PA,1881,194,0,0,0,194,A
3-PA,1882,0,0,195,0,195,G
3-PA,1883,0,195,0,0,195,T
3-PA,1884,0,0,196,0,196,G
3-PA,1885,0,0,196,0,196,G
3-PA,1886,194,0,0,0,194,A
3-PA,1887,195,0,1,0,196,A
3-PA,1888,0,0,193,0,193,G
3-PA,1889,192,0,0,0,192,A
3-PA,1890,192,0,0,0,192,A
3-PA,1891,0,0,192,0,192,G
3-PA,1892,0,0,192,0,192,G
3-PA,1893,0,193,0,0,193,T
3-PA,1894,0,191,0,0,191,T
3-PA,1895,0,0,0,190,190,C
3-PA,1896,0,0,0,194,194,C
3-PA,1897,193,0,0,0,193,A
3-PA,1898,0,193,0,0,193,T
3-PA,1899,0,192,0,0,192,T
3-PA,1900,0,0,195,0,195,G
3-PA,1901,0,0,196,0,196,G
3-PA,1902,0,0,197,0,197,G
3-PA,1903,194,0,0,0,194,A
3-PA,1904,195,0,0,0,195,A
3-PA,1905,201,0,0,0,201,A
3-PA,1906,0,0,204,0,204,G
3-PA,1907,0,202,0,0,202,T
3-PA,1908,0,0,0,205,205,C
3-PA,1909,0,204,0,0,204,T
3-PA,1910,0,0,206,0,206,G
3-PA,1911,0,205,0,0,205,T
3-PA,1912,203,1,1,0,205,A
3-PA,1913,0,0,209,0,209,G
3-PA,1914,0,0,204,0,204,G
3-PA,1915,199,0,0,0,199,A
3-PA,1916,0,0,0,195,195,C
3-PA,1917,0,195,0,0,195,T
3-PA,1918,0,0,0,199,199,C
3-PA,1919,0,199,0,0,199,T
3-PA,1920,199,1,0,0,200,A
3-PA,1921,0,200,0,0,200,T
3-PA,1922,0,200,0,0,200,T
3-PA,1923,0,0,203,0,203,G
3-PA,1924,0,0,202,0,202,G
3-PA,1925,0,0,0,202,202,C
3-PA,1926,0,200,0,0,200,T
3-PA,1927,189,0,0,0,189,A
3-PA,1928,187,0,0,0,187,A
3-PA,1929,0,0,188,0,188,G
3-PA,1930,0,187,0,0,187,T
3-PA,1931,0,0,0,187,187,C
3-PA,1932,184,0,0,0,184,A
3-PA,1933,0,0,186,0,186,G
3-PA,1934,0,186,0,0,186,T
3-PA,1935,191,0,0,0,191,A
3-PA,1936,0,192,0,0,192,T
3-PA,1937,0,200,0,0,200,T
3-PA,1938,0,0,0,200,200,C
3-PA,1939,200,0,0,0,200,A
3-PA,1940,200,0,0,0,200,A
3-PA,1941,0,201,0,0,201,T
3-PA,1942,196,0,1,0,197,A
3-PA,1943,0,0,201,0,201,G
3-PA,1944,0,0,0,200,200,C
3-PA,1945,0,0,0,202,202,C
3-PA,1946,0,198,0,0,198,T
3-PA,1947,0,0,205,0,205,G
3-PA,1948,0,205,0,0,205,T
3-PA,1949,204,0,0,0,204,A
3-PA,1950,0,204,0,0,204,T
3-PA,1951,0,0,204,0,204,G
3-PA,1952,0,0,0,204,204,C
3-PA,1953,197,0,0,0,197,A
3-PA,1954,0,196,0,0,196,T
3-PA,1955,0,0,0,196,196,C
3-PA,1956,185,0,0,0,185,A
3-PA,1957,0,0,0,187,187,C
3-PA,1958,0,0,0,183,183,C
3-PA,1959,182,0,0,0,182,A
3-PA,1960,0,0,0,186,186,C
3-PA,1961,182,1,0,0,183,A
3-PA,1962,185,0,0,0,185,A
3-PA,1963,0,183,0,0,183,T
3-PA,1964,0,182,0,0,182,T
3-PA,1965,0,1,182,0,183,G
3-PA,1966,0,0,182,0,182,G
3-PA,1967,179,0,1,0,180,A
3-PA,1968,182,0,0,0,182,A
3-PA,1969,0,0,180,0,180,G
3-PA,1970,0,0,183,0,183,G
3-PA,1971,181,0,0,0,181,A
3-PA,1972,0,181,0,0,181,T
3-PA,1973,0,182,0,0,182,T
3-PA,1974,0,182,0,0,182,T
3-PA,1975,0,180,0,0,180,T
3-PA,1976,0,0,0,182,182,C
3-PA,1977,182,0,0,0,182,A
3-PA,1978,0,0,182,0,182,G
3-PA,1979,0,0,0,177,177,C
3-PA,1980,0,0,176,0,176,G
3-PA,1981,0,0,177,0,177,G
3-PA,1982,176,0,0,0,176,A
3-PA,1983,0,0,178,0,178,G
3-PA,1984,0,180,0,0,180,T
3-PA,1985,0,0,0,181,181,C
3-PA,1986,180,0,0,0,180,A
3-PA,1987,183,0,0,0,183,A
3-PA,1988,0,0,182,0,182,G
3-PA,1989,180,0,0,0,180,A
3-PA,1990,182,0,0,0,182,A
3-PA,1991,181,0,0,0,181,A
3-PA,1992,182,0,0,0,182,A
3-PA,1993,0,0,0,181,181,C
3-PA,1994,0,179,0,0,179,T
3-PA,1995,0,0,179,0,179,G
3-PA,1996,0,0,0,179,179,C
3-PA,1997,0,179,0,0,179,T
3-PA,1998,0,1,0,180,181,C
3-PA,1999,0,0,0,179,179,C
3-PA,2000,0,179,0,0,179,T
3-PA,2001,0,179,0,1,180,T
3-PA,2002,0,0,182,0,182,G
3-PA,2003,0,183,0,0,183,T
3-PA,2004,0,182,0,0,182,T
3-PA,2005,0,0,184,0,184,G
3-PA,2006,0,186,0,0,186,T
3-PA,2007,0,186,0,0,186,T
3-PA,2008,0,0,0,185,185,C
3-PA,2009,176,0,0,0,176,A
3-PA,2010,0,0,178,0,178,G
3-PA,2011,0,0,175,0,175,G
3-PA,2012,0,0,0,179,179,C
3-PA,2013,0,178,0,0,178,T
3-PA,2014,0,0,0,182,182,C
3-PA,2015,0,183,0,0,183,T
3-PA,2016,0,184,0,0,184,T
3-PA,2017,184,0,0,0,184,A
3-PA,2018,0,0,184,0,184,G
3-PA,2019,0,0,178,0,178,G
3-PA,2020,0,0,180,0,180,G
3-PA,2021,172,0,0,1,173,A
3-PA,2022,0,0,0,173,173,C
3-PA,2023,157,0,0,0,157,A
3-PA,2024,160,0,0,0,160,A
3-PA,2025,0,0,0,162,162,C
3-PA,2026,0,0,0,163,163,C
3-PA,2027,1,161,0,0,162,T
3-PA,2028,0,0,0,160,160,C
3-PA,2029,0,0,158,0,158,G
3-PA,2030,159,0,0,0,159,A
3-PA,2031,159,0,0,0,159,A
3-PA,2032,0,0,0,159,159,C
3-PA,2033,0,0,0,152,152,C
3-PA,2034,0,148,0,0,148,T
3-PA,2035,0,0,149,0,149,G
3-PA,2036,0,0,149,0,149,G
3-PA,2037,0,0,149,0,149,G
3-PA,2038,149,0,0,0,149,A
3-PA,2039,0,0,0,149,149,C
3-PA,2040,0,0,0,146,146,C
3-PA,2041,0,137,0,0,137,T
3-PA,2042,0,138,0,0,138,T
3-PA,2043,0,138,0,0,138,T
3-PA,2044,0,0,138,0,138,G
3-PA,2045,140,0,0,0,140,A
3-PA,2046,0,141,0,0,141,T
3-PA,2047,0,0,0,141,141,C
3-PA,2048,0,135,0,0,135,T
3-PA,2049,0,135,0,0,135,T
3-PA,2050,0,0,135,0,135,G
3-PA,2051,0,0,135,0,135,G
3-PA,2052,0,0,135,0,135,G
3-PA,2053,0,0,132,0,132,G
3-PA,2054,0,0,134,0,134,G
3-PA,2055,0,0,133,0,133,G
3-PA,2056,0,0,0,131,131,C
3-PA,2057,0,131,0,0,131,T
3-PA,2058,133,0,0,0,133,A
3-PA,2059,0,133,0,0,133,T
3-PA,2060,133,0,0,0,133,A
3-PA,2061,0,133,0,0,133,T
3-PA,2062,0,0,126,0,126,G
3-PA,2063,125,0,0,0,125,A
3-PA,2064,122,0,0,0,122,A
3-PA,2065,0,0,122,0,122,G
3-PA,2066,0,0,0,123,123,C
3-PA,2067,110,0,0,0,110,A
3-PA,2068,116,0,0,0,116,A
3-PA,2069,0,116,0,0,116,T
3-PA,2070,0,115,0,0,115,T
3-PA,2071,0,0,116,0,116,G
3-PA,2072,113,1,0,0,114,A
3-PA,2073,0,0,115,0,115,G
3-PA,2074,0,0,115,0,115,G
3-PA,2075,106,0,0,0,106,A
3-PA,2076,0,0,107,0,107,G
3-PA,2077,0,97,0,0,97,T
3-PA,2078,0,0,96,0,96,G
3-PA,2079,0,0,0,96,96,C
3-PA,2080,0,0,0,98,98,C
3-PA,2081,0,99,0,0,99,T
3-PA,2082,0,0,101,0,101,G
3-PA,2083,101,0,0,0,101,A
3-PA,2084,0,101,0,0,101,T
3-PA,2085,0,99,0,0,99,T
3-PA,2086,98,0,0,0,98,A
3-PA,2087,98,0,0,0,98,A
3-PA,2088,0,97,0,0,97,T
3-PA,2089,0,0,95,0,95,G
3-PA,2090,96,0,0,0,96,A
3-PA,2091,0,88,0,0,88,T
3-PA,2092,0,0,0,90,90,C
3-PA,2093,0,0,0,88,88,C
3-PA,2094,0,0,0,88,88,C
3-PA,2095,0,84,0,0,84,T
3-PA,2096,0,0,86,0,86,G
3-PA,2097,0,0,86,0,86,G
3-PA,2098,0,0,84,0,84,G
3-PA,2099,0,83,0,0,83,T
3-PA,2100,0,79,0,0,79,T
3-PA,2101,0,80,0,0,80,T
3-PA,2102,0,80,0,0,80,T
3-PA,2103,0,0,80,0,80,G
3-PA,2104,0,0,0,80,80,C
3-PA,2105,0,79,0,0,79,T
3-PA,2106,0,0,0,78,78,C
3-PA,2107,76,0,1,0,77,A
3-PA,2108,77,0,0,0,77,A
3-PA,2109,0,77,0,0,77,T
3-PA,2110,0,0,76,0,76,G
3-PA,2111,0,0,0,76,76,C
3-PA,2112,0,0,78,0,78,G
3-PA,2113,0,80,0,0,80,T
3-PA,2114,0,0,0,80,80,C
3-PA,2115,0,76,0,0,76,T
3-PA,2116,0,75,0,0,75,T
3-PA,2117,0,0,75,0,75,G
3-PA,2118,0,0,75,0,75,G
3-PA,2119,0,75,0,0,75,T
3-PA,2120,0,75,0,0,75,T
3-PA,2121,0,0,0,73,73,C
3-PA,2122,71,0,0,0,71,A
3-PA,2123,71,0,0,0,71,A
3-PA,2124,0,0,0,70,70,C
3-PA,2125,0,69,0,0,69,T
3-PA,2126,1,0,0,69,70,C
3-PA,2127,0,0,0,65,65,C
3-PA,2128,0,65,0,0,65,T
3-PA,2129,0,65,0,0,65,T
3-PA,2130,0,0,0,65,65,C
3-PA,2131,1,0,0,63,64,C
3-PA,2132,0,64,0,0,64,T
3-PA,2133,0,0,64,0,64,G
3-PA,2134,63,0,0,0,63,A
3-PA,2135,0,0,0,63,63,C
3-PA,2136,59,0,0,0,59,A
3-PA,2137,0,0,0,57,57,C
3-PA,2138,55,0,0,0,55,A
3-PA,2139,0,56,0,0,56,T
3-PA,2140,0,0,56,0,56,G
3-PA,2141,0,0,0,55,55,C
3-PA,2142,55,0,0,0,55,A
3-PA,2143,0,54,0,0,54,T
3-PA,2144,0,54,0,0,54,T
3-PA,2145,55,0,0,0,55,A
3-PA,2146,54,0,0,0,54,A
3-PA,2147,53,0,0,0,53,A
3-PA,2148,53,0,0,0,53,A
3-PA,2149,0,53,0,0,53,T
3-PA,2150,37,0,0,0,37,A
3-PA,2151,0,0,36,0,36,G
4-HA,1,692,0,0,0,692,A
4-HA,2,0,697,0,0,697,T
4-HA,3,0,0,709,0,709,G
4-HA,4,719,0,0,0,719,A
4-HA,5,723,0,0,0,723,A
4-HA,6,0,0,798,0,798,G
4-HA,7,795,0,0,0,795,A
4-HA,8,0,0,0,864,864,C
4-HA,9,0,866,0,0,866,T
4-HA,10,883,0,0,0,883,A
4-HA,11,0,922,0,1,923,T
4-HA,12,0,0,0,924,924,C
4-HA,13,926,0,0,0,926,A
4-HA,14,0,930,0,0,930,T
4-HA,15,0,930,0,0,930,T
4-HA,16,0,0,1027,1,1028,G
4-HA,17,0,0,0,1040,1040,C
4-HA,18,0,1038,0,1,1039,T
4-HA,19,1,1039,0,1,1041,T
4-HA,20,0,1041,0,0,1041,T
4-HA,21,0,1,1099,1,1101,G
4-HA,22,1101,0,0,0,1101,A
4-HA,23,0,0,1154,0,1154,G
4-HA,24,0,0,0,1162,1162,C
4-HA,25,0,1166,0,0,1166,T
4-HA,26,1249,0,1,0,1250,A
4-HA,27,1,0,0,1265,1266,C
4-HA,28,1290,0,0,0,1290,A
4-HA,29,0,1368,0,0,1368,T
4-HA,30,0,1366,0,0,1366,T
4-HA,31,0,0,0,1385,1385,C
4-HA,32,0,1375,0,0,1375,T
4-HA,33,1402,0,0,0,1402,A
4-HA,34,0,1414,0,0,1414,T
4-HA,35,0,0,1407,0,1407,G
4-HA,36,0,1391,0,5,1396,T
4-HA,37,0,0,0,1397,1397,C
4-HA,38,0,1392,0,1,1393,T
4-HA,39,0,0,1396,0,1396,G
4-HA,40,1,0,1391,1,1393,G
4-HA,41,0,1386,0,1,1387,T
4-HA,42,0,1388,0,2,1390,T
4-HA,43,0,1382,0,1,1383,T
4-HA,44,0,1393,0,0,1393,T
4-HA,45,1,0,0,1386,1387,C
4-HA,46,0,0,1389,1,1390,G
4-HA,47,0,0,0,1416,1416,C
4-HA,48,0,1407,0,1,1408,T
4-HA,49,0,0,0,1420,1420,C
4-HA,50,1422,0,0,0,1422,A
4-HA,51,1421,0,0,0,1421,A
4-HA,52,1425,0,0,0,1425,A
4-HA,53,1430,0,1,1,1432,A
4-HA,54,1428,0,1,0,1429,A
4-HA,55,0,4,0,1440,1444,C
4-HA,56,0,1439,0,0,1439,T
4-HA,57,1,1448,0,0,1449,T
4-HA,58,0,0,0,1445,1445,C
4-HA,59,1,0,0,1450,1451,C
4-HA,60,0,1452,0,0,1452,T
4-HA,61,0,0,1464,0,1464,G
4-HA,62,0,0,1462,0,1462,G
4-HA,63,1473,1,0,0,1474,A
4-HA,64,1495,0,0,0,1495,A
4-HA,65,1504,0,1,0,1505,A
4-HA,66,0,1520,0,0,1520,T
4-HA,67,0,0,1530,0,1530,G
4-HA,68,1528,0,2,0,1530,A
4-HA,69,0,1,0,1550,1551,C
4-HA,70,1550,0,1,0,1551,A
4-HA,71,1552,0,0,1,1553,A
4-HA,72,0,0,0,1596,1596,C
4-HA,73,1588,0,0,1,1589,A
4-HA,74,0,0,1595,0,1595,G
4-HA,75,0,0,0,1599,1599,C
4-HA,76,1592,0,0,0,1592,A
4-HA,77,0,0,0,1642,1642,C
4-HA,78,0,0,1636,0,1636,G
4-HA,79,0,2,1641,0,1643,G
4-HA,80,0,0,0,1647,1647,C
4-HA,81,1634,0,1,0,1635,A
4-HA,82,1658,1,1,0,1660,A
4-HA,83,0,0,0,1672,1672,C
4-HA,84,1,0,1694,0,1695,G
4-HA,85,0,2,0,1698,1700,C
4-HA,86,0,1681,0,1,1682,T
4-HA,87,1,0,1709,0,1710,G
4-HA,88,0,1704,0,0,1704,T
4-HA,89,1,1,1770,0,1772,G
4-HA,90,0,1,0,1795,1796,C
4-HA,91,67,0,0,1742,1809,C
4-HA,92,0,1800,0,0,1800,T
4-HA,93,0,1785,0,0,1785,T
4-HA,94,0,3,1791,0,1794,G
4-HA,95,2,0,1797,0,1799,G
4-HA,96,0,0,1824,0,1824,G
4-HA,97,1,1,0,1829,1831,C
4-HA,98,1813,0,1,0,1814,A
4-HA,99,0,0,0,1835,1835,C
4-HA,100,0,2,0,1803,1805,C
4-HA,101,2005,0,0,0,2005,A
4-HA,102,0,2012,0,0,2012,T
4-HA,103,0,0,2018,0,2018,G
4-HA,104,0,0,0,2026,2026,C
4-HA,105,1993,0,0,0,1993,A
4-HA,106,0,0,2162,0,2162,G
4-HA,107,1,2164,0,2,2167,T
4-HA,108,2185,0,0,0,2185,A
4-HA,109,1,1,0,2179,2181,C
4-HA,110,0,0,0,2108,2108,C
4-HA,111,2118,0,0,0,2118,A
4-HA,112,2122,0,0,0,2122,A
4-HA,113,2120,0,1,0,2121,A
4-HA,114,0,1,0,2134,2135,C
4-HA,115,0,2,2074,0,2076,G
4-HA,116,1,1,2119,0,2121,G
4-HA,117,2114,0,4,0,2118,A
4-HA,118,2127,0,0,0,2127,A
4-HA,119,0,0,0,2141,2141,C
4-HA,120,0,0,2142,0,2142,G
4-HA,121,2243,1,2,0,2246,A
4-HA,122,0,2244,0,1,2245,T
4-HA,123,2284,0,0,0,2284,A
4-HA,124,0,0,2289,0,2289,G
4-HA,125,0,2256,0,0,2256,T
4-HA,126,0,1,2253,0,2254,G
4-HA,127,2254,0,1,1,2256,A
4-HA,128,2245,1,1,0,2247,A
4-HA,129,1,1,2175,0,2177,G
4-HA,130,2199,0,1,0,2200,A
4-HA,131,0,1,0,2212,2213,C
4-HA,132,2243,0,0,0,2243,A
4-HA,133,2245,0,0,0,2245,A
4-HA,134,0,2248,0,2,2250,T
4-HA,135,0,1,0,2256,2257,C
4-HA,136,2259,0,2,0,2261,A
4-HA,137,0,0,0,2260,2260,C
4-HA,138,2229,0,3,0,2232,A
4-HA,139,2249,0,0,0,2249,A
4-HA,140,2248,0,0,0,2248,A
4-HA,141,0,2257,0,0,2257,T
4-HA,142,1,2,2253,0,2256,G
4-HA,143,2256,1,9,0,2266,A
4-HA,144,0,1,0,2264,2265,C
4-HA,145,0,0,0,2264,2264,C
4-HA,146,2271,1,0,0,2272,A
4-HA,147,2275,0,0,0,2275,A
4-HA,148,2276,0,0,1,2277,A
4-HA,149,0,2281,0,1,2282,T
4-HA,150,0,2284,0,0,2284,T
4-HA,151,1,1,2299,0,2301,G
4-HA,152,2289,0,0,0,2289,A
4-HA,153,2302,0,2,0,2304,A
4-HA,154,0,0,2317,0,2317,G
4-HA,155,0,2300,0,0,2300,T
4-HA,156,0,2384,1,0,2385,T
4-HA,157,2410,0,0,0,2410,A
4-HA,158,1,0,0,2418,2419,C
4-HA,159,0,2424,0,0,2424,T
4-HA,160,2424,0,0,0,2424,A
4-HA,161,2478,0,0,0,2478,A
4-HA,162,0,2482,0,0,2482,T
4-HA,163,0,0,2480,0,2480,G
4-HA,164,1,0,0,2587,2588,C
4-HA,165,0,2547,0,1,2548,T
4-HA,166,2567,0,1,0,2568,A
4-HA,167,0,0,0,2566,2566,C
4-HA,168,0,2550,0,1,2551,T
4-HA,169,1,30,2536,0,2567,G
4-HA,170,2523,0,4,0,2527,A
4-HA,171,0,0,2533,0,2533,G
4-HA,172,0,1,0,2534,2535,C
4-HA,173,0,2482,0,0,2482,T
4-HA,174,1,1,2569,0,2571,G
4-HA,175,0,0,2606,0,2606,G
4-HA,176,0,2603,0,1,2604,T
4-HA,177,0,2603,0,4,2607,T
4-HA,178,1,0,1,2600,2602,C
4-HA,179,2583,2,2,0,2587,A
4-HA,180,0,0,2595,0,2595,G
4-HA,181,2589,0,1,0,2590,A
4-HA,182,0,0,2671,0,2671,G
4-HA,183,0,2626,0,1,2627,T
4-HA,184,0,2583,0,0,2583,T
4-HA,185,0,0,0,2612,2612,C
4-HA,186,0,0,0,2619,2619,C
4-HA,187,1,2592,0,0,2593,T
4-HA,188,0,0,0,2637,2637,C
4-HA,189,2633,1,0,0,2634,A
4-HA,190,2644,0,0,0,2644,A
4-HA,191,0,0,0,2654,2654,C
4-HA,192,2568,0,2,0,2570,A
4-HA,193,0,0,2636,1,2637,G
4-HA,194,0,0,2642,0,2642,G
4-HA,195,1,2630,0,1,2632,T
4-HA,196,0,0,2637,0,2637,G
4-HA,197,2640,0,2,0,2642,A
4-HA,198,2647,0,1,0,2648,A
4-HA,199,2747,0,4,2,2753,A
4-HA,200,0,2739,1,1,2741,T
4-HA,201,2778,0,0,0,2778,A
4-HA,202,0,2733,0,0,2733,T
4-HA,203,0,0,2719,0,2719,G
4-HA,204,0,2,0,2732,2734,C
4-HA,205,0,1,2729,1,2731,G
4-HA,206,2728,0,2,0,2730,A
4-HA,207,0,0,0,2733,2733,C
4-HA,208,2673,0,0,0,2673,A
4-HA,209,1,0,2871,0,2872,G
4-HA,210,1,2859,0,0,2860,T
4-HA,211,0,0,0,2877,2877,C
4-HA,212,0,1,0,2882,2883,C
4-HA,213,1,2851,0,2,2854,T
4-HA,214,0,0,0,2920,2920,C
4-HA,215,2918,0,0,0,2918,A
4-HA,216,0,2917,0,3,2920,T
4-HA,217,0,1,1,2924,2926,C
4-HA,218,2780,0,2,2,2784,A
4-HA,219,0,0,2804,0,2804,G
4-HA,220,2775,0,8,0,2783,A
4-HA,221,0,2780,0,0,2780,T
4-HA,222,1,0,0,2813,2814,C
4-HA,223,0,0,0,2759,2759,C
4-HA,224,0,2751,0,1,2752,T
4-HA,225,0,2750,0,0,2750,T
4-HA,226,1,0,2753,0,2754,G
4-HA,227,2757,0,0,0,2757,A
4-HA,228,0,2745,0,0,2745,T
4-HA,229,1,0,2776,0,2777,G
4-HA,230,0,0,2790,0,2790,G
4-HA,231,2742,0,6,0,2748,A
4-HA,232,1,0,2766,0,2767,G
4-HA,233,2756,0,0,0,2756,A
4-HA,234,2768,0,2,0,2770,A
4-HA,235,2769,0,3,1,2773,A
4-HA,236,2761,0,1,0,2762,A
4-HA,237,0,0,0,2815,2815,C
4-HA,238,0,2783,1,0,2784,T
4-HA,239,0,0,2806,0,2806,G
4-HA,240,0,0,0,2800,2800,C
4-HA,241,2798,2,2,0,2802,A
4-HA,242,18,1,0,2888,2907,C
4-HA,243,2894,0,0,0,2894,A
4-HA,244,0,0,0,3287,3287,C
4-HA,245,1,3272,0,0,3273,T
4-HA,246,3303,0,0,0,3303,A
4-HA,247,3299,0,2,1,3302,A
4-HA,248,0,3307,0,0,3307,T
4-HA,249,3289,0,0,0,3289,A
4-HA,250,0,0,3307,0,3307,G
4-HA,251,3239,0,0,0,3239,A
4-HA,252,1,3161,0,0,3162,T
4-HA,253,0,0,2965,0,2965,G
4-HA,254,0,0,1,2986,2987,C
4-HA,255,1,2936,0,4,2941,T
4-HA,256,0,0,0,3179,3179,C
4-HA,257,0,3167,0,2,3169,T
4-HA,258,3250,0,1,0,3251,A
4-HA,259,0,3250,0,0,3250,T
4-HA,260,0,3221,0,1,3222,T
4-HA,261,0,3,3231,0,3234,G
4-HA,262,2,0,3225,0,3227,G
4-HA,263,0,2,3223,0,3225,G
4-HA,264,3163,0,2,0,3165,A
4-HA,265,0,1,3120,0,3121,G
4-HA,266,3030,1,1,0,3032,A
4-HA,267,0,0,0,3208,3208,C
4-HA,268,1,1,0,3217,3219,C
4-HA,269,0,0,1,3238,3239,C
4-HA,270,0,3203,0,1,3204,T
4-HA,271,0,0,0,3277,3277,C
4-HA,272,3255,1,4,0,3260,A
4-HA,273,4,0,3441,0,3445,G
4-HA,274,1,3437,0,1,3439,T
4-HA,275,0,3,3441,0,3444,G
4-HA,276,0,3318,0,1,3319,T
4-HA,277,1,0,3314,0,3315,G
4-HA,278,3299,3,0,1,3303,A
4-HA,279,0,3304,0,0,3304,T
4-HA,280,1,1,3295,0,3297,G
4-HA,281,0,2,3290,0,3292,G
4-HA,282,0,1,0,3218,3219,C
4-HA,283,0,3208,0,0,3208,T
4-HA,284,0,3204,0,0,3204,T
4-HA,285,1,1,0,3207,3209,C
4-HA,286,1,0,0,3214,3215,C
4-HA,287,3217,0,0,0,3217,A
4-HA,288,3228,1,0,0,3229,A
4-HA,289,3221,0,1,0,3222,A
4-HA,290,3242,1,0,0,3243,A
4-HA,291,0,3251,0,0,3251,T
4-HA,292,3242,0,1,0,3243,A
4-HA,293,3232,1,1,0,3234,A
4-HA,294,1,0,3256,0,3257,G
4-HA,295,3274,0,0,0,3274,A
4-HA,296,3284,0,1,0,3285,A
4-HA,297,3278,2,1,0,3281,A
4-HA,298,0,3286,0,1,3287,T
4-HA,299,1,0,3272,0,3273,G
4-HA,300,0,2,3259,0,3261,G
4-HA,301,2,1,3269,0,3272,G
4-HA,302,3257,0,7,0,3264,A
4-HA,303,0,0,0,3290,3290,C
4-HA,304,0,0,0,3288,3288,C
4-HA,305,0,3330,1,3,3334,T
4-HA,306,1,3332,0,2,3335,T
4-HA,307,0,3334,0,0,3334,T
4-HA,308,0,3340,0,3,3343,T
4-HA,309,1,3337,0,0,3338,T
4-HA,310,1,0,3351,0,3352,G
4-HA,311,1,3346,0,5,3352,T
4-HA,312,0,3334,0,2,3336,T
4-HA,313,3,1,3322,0,3326,G
4-HA,314,3296,0,1,0,3297,A
4-HA,315,3311,0,0,1,3312,A
4-HA,316,0,0,0,3310,3310,C
4-HA,317,0,0,3305,0,3305,G
4-HA,318,0,0,0,3353,3353,C
4-HA,319,3349,0,3,0,3352,A
4-HA,320,0,0,3373,0,3373,G
4-HA,321,0,1,0,3378,3379,C
4-HA,322,3371,0,0,2,3373,A
4-HA,323,3367,0,0,0,3367,A
4-HA,324,3364,1,2,1,3368,A
4-HA,325,1,1,3537,1,3540,G
4-HA,326,1,1,0,3535,3537,C
4-HA,327,0,0,0,3518,3518,C
4-HA,328,0,3501,0,2,3503,T
4-HA,329,3501,1,0,0,3502,A
4-HA,330,3,0,1,3540,3544,C
4-HA,331,3528,0,1,0,3529,A
4-HA,332,3,0,3534,0,3537,G
4-HA,333,3,0,0,3519,3522,C
4-HA,334,3416,1,1,0,3418,A
4-HA,335,3457,0,2,0,3459,A
4-HA,336,0,0,0,3591,3591,C
4-HA,337,0,3583,0,0,3583,T
4-HA,338,2,0,3582,0,3584,G
4-HA,339,1,3533,0,1,3535,T
4-HA,340,0,3530,0,0,3530,T
4-HA,341,3540,0,0,0,3540,A
4-HA,342,1,0,0,3726,3727,C
4-HA,343,0,0,0,3740,3740,C
4-HA,344,1,1,0,3812,3814,C
4-HA,345,1,3607,1,1,3610,T
4-HA,346,1,3613,0,1,3615,T
4-HA,347,3621,0,0,0,3621,A
4-HA,348,0,3615,1,0,3616,T
4-HA,349,0,0,3626,1,3627,G
4-HA,350,3601,0,1,0,3602,A
4-HA,351,0,3308,0,0,3308,T
4-HA,352,0,0,3347,0,3347,G
4-HA,353,2,3257,0,1,3260,T
4-HA,354,0,1,3259,0,3260,G
4-HA,355,1,1,0,3257,3259,C
4-HA,356,0,0,0,3255,3255,C
4-HA,357,1,0,3321,1,3323,G
4-HA,358,4,0,3375,0,3379,G
4-HA,359,3377,0,0,0,3377,A
4-HA,360,0,3380,1,1,3382,T
4-HA,361,0,3321,0,2,3323,T
4-HA,362,3348,0,3,0,3351,A
4-HA,363,1,3333,1,0,3335,T
4-HA,364,2,0,3343,0,3345,G
4-HA,365,0,1,0,3336,3337,C
4-HA,366,1,0,1,3301,3303,C
4-HA,367,2,3308,0,3,3313,T
4-HA,368,1,0,0,3464,3465,C
4-HA,369,1,1,0,3488,3490,C
4-HA,370,2,0,0,3504,3506,C
4-HA,371,0,3478,4,1,3483,T
4-HA,372,0,3495,0,0,3495,T
4-HA,373,3478,0,1,2,3481,A
4-HA,374,0,0,3580,0,3580,G
4-HA,375,0,0,3581,0,3581,G
4-HA,376,1,3512,0,2,3515,T
4-HA,377,0,1,0,3404,3405,C
4-HA,378,3355,0,1,0,3356,A
4-HA,379,0,1,0,3461,3462,C
4-HA,380,0,3456,0,1,3457,T
4-HA,381,3456,0,0,0,3456,A
4-HA,382,2,0,3460,0,3462,G
4-HA,383,0,3392,0,0,3392,T
4-HA,384,0,3372,0,0,3372,T
4-HA,385,2,0,3392,0,3394,G
4-HA,386,1,3,0,3393,3397,C
4-HA,387,0,1,0,3397,3398,C
4-HA,388,0,3337,1,1,3339,T
4-HA,389,3,0,0,3345,3348,C
4-HA,390,3456,1,2,0,3459,A
4-HA,391,0,3459,0,1,3460,T
4-HA,392,1,0,0,3462,3463,C
4-HA,393,0,2,0,3458,3460,C
4-HA,394,0,0,3427,0,3427,G
4-HA,395,3,3,3424,0,3430,G
4-HA,396,0,2,0,3437,3439,C
4-HA,397,3466,1,0,0,3467,A
4-HA,398,0,0,0,3519,3519,C
4-HA,399,3406,0,4,0,3410,A
4-HA,400,0,1,0,3424,3425,C
4-HA,401,0,3421,1,2,3424,T
4-HA,402,2,1,3440,0,3443,G
4-HA,403,0,0,3485,0,3485,G
4-HA,404,3448,0,0,0,3448,A
4-HA,405,1,0,3499,0,3500,G
4-HA,406,1,3448,0,1,3450,T
4-HA,407,1,3420,0,0,3421,T
4-HA,408,0,3428,1,8,3437,T
4-HA,409,3413,1,2,1,3417,A
4-HA,410,3415,2,2,0,3419,A
4-HA,411,0,1,0,3441,3442,C
4-HA,412,3370,1,1,0,3372,A
4-HA,413,3358,1,18,0,3377,A
4-HA,414,2,3342,0,4,3348,T
4-HA,415,0,0,3341,0,3341,G
4-HA,416,3337,1,0,0,3338,A
4-HA,417,3330,0,2,0,3332,A
4-HA,418,3339,1,3,1,3344,A
4-HA,419,0,0,3373,0,3373,G
4-HA,420,0,0,0,3392,3392,C
4-HA,421,1,3376,0,5,3382,T
4-HA,422,1,3377,0,1,3379,T
4-HA,423,0,1,0,3423,3424,C
4-HA,424,3428,0,2,0,3430,A
4-HA,425,3449,0,1,0,3450,A
4-HA,426,0,3439,1,1,3441,T
4-HA,427,1,3432,0,1,3434,T
4-HA,428,0,0,3510,0,3510,G
4-HA,429,0,1,3534,0,3535,G
4-HA,430,3519,0,5,0,3524,A
4-HA,431,0,0,0,3529,3529,C
4-HA,432,0,3482,0,2,3484,T
4-HA,433,1,0,3501,0,3502,G
4-HA,434,0,1,3520,0,3521,G
4-HA,435,3488,0,15,0,3503,A
4-HA,436,0,0,3521,0,3521,G
4-HA,437,0,3425,0,6,3431,T
4-HA,438,0,0,0,3375,3375,C
4-HA,439,3410,0,1,0,3411,A
4-HA,440,0,2,0,3421,3423,C
4-HA,441,0,3401,0,1,3402,T
4-HA,442,0,1,0,3417,3418,C
4-HA,443,3380,1,2,0,3383,A
4-HA,444,3408,1,0,1,3410,A
4-HA,445,3390,2,2,1,3395,A
4-HA,446,3404,0,0,1,3405,A
4-HA,447,0,0,0,3423,3423,C
4-HA,448,1,1,3365,1,3368,G
4-HA,449,2,0,3421,0,3423,G
4-HA,450,3429,0,3,0,3432,A
4-HA,451,3439,0,0,1,3440,A
4-HA,452,0,1,0,3447,3448,C
4-HA,453,3429,0,0,0,3429,A
4-HA,454,3434,0,11,0,3445,A
4-HA,455,1,1,3476,0,3478,G
4-HA,456,0,1,0,3477,3478,C
4-HA,457,0,3427,0,5,3432,T
4-HA,458,2,1,0,3471,3474,C
4-HA,459,0,3440,0,3,3443,T
4-HA,460,0,0,3461,0,3461,G
4-HA,461,2,0,0,3463,3465,C
4-HA,462,0,3451,0,3,3454,T
4-HA,463,1,3521,0,3,3525,T
4-HA,464,0,0,3569,1,3570,G
4-HA,465,0,1,0,3593,3594,C
4-HA,466,3595,0,1,0,3596,A
4-HA,467,0,3573,0,0,3573,T
4-HA,468,3577,1,0,0,3578,A
4-HA,469,3561,1,1,0,3563,A
4-HA,470,0,0,3572,0,3572,G
4-HA,471,1,2,3570,0,3573,G
4-HA,472,3376,1,3,0,3380,A
4-HA,473,1,1,3358,0,3360,G
4-HA,474,3315,0,3,1,3319,A
4-HA,475,0,3462,1,2,3465,T
4-HA,476,0,1,0,3511,3512,C
4-HA,477,0,3538,0,1,3539,T
4-HA,478,3540,0,0,1,3541,A
4-HA,479,3544,1,1,1,3547,A
4-HA,480,0,3536,0,0,3536,T
4-HA,481,3526,0,0,0,3526,A
4-HA,482,3482,0,0,0,3482,A
4-HA,483,0,0,0,3495,3495,C
4-HA,484,3324,0,0,0,3324,A
4-HA,485,1,0,3364,0,3365,G
4-HA,486,0,3287,0,0,3287,T
4-HA,487,1,3342,0,1,3344,T
4-HA,488,0,3344,0,1,3345,T
4-HA,489,1,1,0,3447,3449,C
4-HA,490,1,3448,1,0,3450,T
4-HA,491,0,3473,0,0,3473,T
4-HA,492,0,3472,0,0,3472,T
4-HA,493,3435,0,1,0,3436,A
4-HA,494,0,0,3441,0,3441,G
4-HA,495,0,3436,0,0,3436,T
4-HA,496,3427,1,1,0,3429,A
4-HA,497,1,0,3436,0,3437,G
4-HA,498,3352,0,0,0,3352,A
4-HA,499,0,3355,0,1,3356,T
4-HA,500,0,3345,0,0,3345,T
4-HA,501,0,0,3421,0,3421,G
4-HA,502,3411,0,0,0,3411,A
4-HA,503,3415,0,1,0,3416,A
4-HA,504,0,3418,0,0,3418,T
4-HA,505,1,3379,0,0,3380,T
4-HA,506,3,0,3431,0,3434,G
4-HA,507,0,0,3435,1,3436,G
4-HA,508,0,3440,0,2,3442,T
4-HA,509,1,3433,0,1,3435,T
4-HA,510,0,0,3372,0,3372,G
4-HA,511,3370,2,2,0,3374,A
4-HA,512,1,0,0,3365,3366,C
4-HA,513,0,1,0,3360,3361,C
4-HA,514,1,2,0,3355,3358,C
4-HA,515,3330,0,12,0,3342,A
4-HA,516,0,0,0,3385,3385,C
4-HA,517,1,3371,1,3,3376,T
4-HA,518,0,3382,0,1,3383,T
4-HA,519,3379,0,0,0,3379,A
4-HA,520,3374,0,0,0,3374,A
4-HA,521,3363,0,0,0,3363,A
4-HA,522,3398,0,1,0,3399,A
4-HA,523,0,3455,0,0,3455,T
4-HA,524,1,3426,0,0,3427,T
4-HA,525,1,0,1,3432,3434,C
4-HA,526,3417,0,2,0,3419,A
4-HA,527,3421,0,2,1,3424,A
4-HA,528,3426,0,0,0,3426,A
4-HA,529,1,3430,1,0,3432,T
4-HA,530,3513,0,0,1,3514,A
4-HA,531,1,1,0,3506,3508,C
4-HA,532,0,14,0,3433,3447,C
4-HA,533,0,0,0,3439,3439,C
4-HA,534,3418,1,1,1,3421,A
4-HA,535,2,0,3636,0,3638,G
4-HA,536,0,0,0,3653,3653,C
4-HA,537,3648,0,0,0,3648,A
4-HA,538,1,3640,0,0,3641,T
4-HA,539,1,3549,0,0,3550,T
4-HA,540,0,0,3681,0,3681,G
4-HA,541,3686,0,0,0,3686,A
4-HA,542,3688,1,2,0,3691,A
4-HA,543,0,2,0,3690,3692,C
4-HA,544,2,0,3558,0,3560,G
4-HA,545,0,3578,0,3,3581,T
4-HA,546,0,0,3594,0,3594,G
4-HA,547,3587,1,1,0,3589,A
4-HA,548,0,1,0,3586,3587,C
4-HA,549,0,3452,0,1,3453,T
4-HA,550,3551,0,0,0,3551,A
4-HA,551,0,3541,0,0,3541,T
4-HA,552,0,0,3577,0,3577,G
4-HA,553,0,2,0,3566,3568,C
4-HA,554,0,3,0,3499,3502,C
4-HA,555,3486,0,1,0,3487,A
4-HA,556,3487,0,0,0,3487,A
4-HA,557,3571,0,1,0,3572,A
4-HA,558,0,2,0,3580,3582,C
4-HA,559,3484,0,0,0,3484,A
4-HA,560,3489,0,0,0,3489,A
4-HA,561,1,3460,0,0,3461,T
4-HA,562,0,1,3459,0,3460,G
4-HA,563,3459,1,1,0,3461,A
4-HA,564,3463,0,3,0,3466,A
4-HA,565,1,1,0,3369,3371,C
4-HA,566,3388,1,0,0,3389,A
4-HA,567,3420,0,1,1,3422,A
4-HA,568,0,3415,1,0,3416,T
4-HA,569,0,3425,0,0,3425,T
4-HA,570,0,3423,0,1,3424,T
4-HA,571,1,3,3417,0,3421,G
4-HA,572,3416,3,3,0,3422,A
4-HA,573,0,1,0,3420,3421,C
4-HA,574,3414,1,0,0,3415,A
4-HA,575,3423,1,1,0,3425,A
4-HA,576,3477,0,0,0,3477,A
4-HA,577,0,3506,0,0,3506,T
4-HA,578,2,3481,0,0,3483,T
4-HA,579,1,0,3540,0,3541,G
4-HA,580,0,3529,0,1,3530,T
4-HA,581,3541,2,2,0,3545,A
4-HA,582,0,2,0,3619,3621,C
4-HA,583,3633,0,0,0,3633,A
4-HA,584,1,3703,0,0,3704,T
4-HA,585,0,3667,0,1,3668,T
4-HA,586,0,3648,0,1,3649,T
4-HA,587,1,2,3634,0,3637,G
4-HA,588,1,3,3610,0,3614,G
4-HA,589,0,2,3601,0,3603,G
4-HA,590,0,1,3608,0,3609,G
4-HA,591,2,0,3556,0,3558,G
4-HA,592,0,0,3647,1,3648,G
4-HA,593,2,3627,0,1,3630,T
4-HA,594,0,3631,0,1,3632,T
4-HA,595,0,2,0,3640,3642,C
4-HA,596,3648,0,7,0,3655,A
4-HA,597,0,3,0,3659,3662,C
4-HA,598,1,2,0,3652,3655,C
4-HA,599,3662,1,1,0,3664,A
4-HA,600,0,1,0,3695,3696,C
4-HA,601,0,1,0,3649,3650,C
4-HA,602,1,0,0,3612,3613,C
4-HA,603,1,1,3651,0,3653,G
4-HA,604,1,1,3808,0,3810,G
4-HA,605,0,1,3834,0,3835,G
4-HA,606,1,3814,0,0,3815,T
4-HA,607,3815,0,2,0,3817,A
4-HA,608,1,2,0,3796,3799,C
4-HA,609,1,0,3738,0,3739,G
4-HA,610,1,0,3780,1,3782,G
4-HA,611,3786,1,0,0,3787,A
4-HA,612,0,1,0,3781,3782,C
4-HA,613,3560,0,0,1,3561,A
4-HA,614,3558,0,0,0,3558,A
4-HA,615,0,3564,0,0,3564,T
4-HA,616,0,1,3623,0,3624,G
4-HA,617,3606,1,2,1,3610,A
4-HA,618,0,0,0,3606,3606,C
4-HA,619,2,1,0,3554,3557,C
4-HA,620,3569,0,0,2,3571,A
4-HA,621,3571,0,0,0,3571,A
4-HA,622,3656,1,0,1,3658,A
4-HA,623,0,3644,0,0,3644,T
4-HA,624,0,0,0,3704,3704,C
4-HA,625,0,3582,1,0,3583,T
4-HA,626,0,3568,0,1,3569,T
4-HA,627,0,2,0,3614,3616,C
4-HA,628,2,1,1,3648,3652,C
4-HA,629,0,3635,0,2,3637,T
4-HA,630,0,0,3659,0,3659,G
4-HA,631,1,3588,0,3,3592,T
4-HA,632,3625,0,0,0,3625,A
4-HA,633,0,3597,0,3,3600,T
4-HA,634,2,0,3584,0,3586,G
4-HA,635,0,1,1,3603,3605,C
4-HA,636,0,3588,0,0,3588,T
4-HA,637,1,0,0,3547,3548,C
4-HA,638,2,2,3513,0,3517,G
4-HA,639,3511,0,2,0,3513,A
4-HA,640,0,0,3536,0,3536,G
4-HA,641,0,1,0,3552,3553,C
4-HA,642,3565,1,0,0,3566,A
4-HA,643,0,3558,1,1,3560,T
4-HA,644,1,0,0,3546,3547,C
4-HA,645,3548,0,3,0,3551,A
4-HA,646,1,0,3579,0,3580,G
4-HA,647,1,2,3584,0,3587,G
4-HA,648,3573,0,0,1,3574,A
4-HA,649,3576,0,7,0,3583,A
4-HA,650,0,0,3667,0,3667,G
4-HA,651,3646,1,3,0,3650,A
4-HA,652,3709,0,2,0,3711,A
4-HA,653,2,3721,1,2,3726,T
4-HA,654,0,0,0,3732,3732,C
4-HA,655,3691,1,4,0,3696,A
4-HA,656,0,0,0,3703,3703,C
4-HA,657,3674,0,2,1,3677,A
4-HA,658,2,0,3764,0,3766,G
4-HA,659,0,3701,0,0,3701,T
4-HA,660,2,1,0,3734,3737,C
4-HA,661,1,3648,0,1,3650,T
4-HA,662,0,0,0,3768,3768,C
4-HA,663,0,3772,0,4,3776,T
4-HA,664,3815,0,1,1,3817,A
4-HA,665,0,0,0,3807,3807,C
4-HA,666,0,1,0,3813,3814,C
4-HA,667,3720,0,1,0,3721,A
4-HA,668,3719,1,0,0,3720,A
4-HA,669,3720,0,1,0,3721,A
4-HA,670,3718,2,2,0,3722,A
4-HA,671,0,0,3740,0,3740,G
4-HA,672,3633,0,1,0,3634,A
4-HA,673,3632,1,1,0,3634,A
4-HA,674,1,0,3653,0,3654,G
4-HA,675,0,4,0,3670,3674,C
4-HA,676,0,2,0,3671,3673,C
4-HA,677,3684,0,2,0,3686,A
4-HA,678,3678,13,1,2,3694,A
4-HA,679,0,0,0,3688,3688,C
4-HA,680,3672,0,2,0,3674,A
4-HA,681,3655,1,0,13,3669,A
4-HA,682,3711,0,0,0,3711,A
4-HA,683,1,0,0,3848,3849,C
4-HA,684,0,3806,1,2,3809,T
4-HA,685,2,0,3833,0,3835,G
4-HA,686,0,3822,0,0,3822,T
4-HA,687,3814,0,2,0,3816,A
4-HA,688,3832,0,0,0,3832,A
4-HA,689,0,3808,0,1,3809,T
4-HA,690,0,0,1,3842,3843,C
4-HA,691,1,0,0,3842,3843,C
4-HA,692,2,5,0,3753,3760,C
4-HA,693,0,0,3770,0,3770,G
4-HA,694,3740,2,0,0,3742,A
4-HA,695,3769,0,0,0,3769,A
4-HA,696,0,3766,0,1,3767,T
4-HA,697,3773,0,0,0,3773,A
4-HA,698,0,3754,0,3,3757,T
4-HA,699,0,0,0,3742,3742,C
4-HA,700,3,3,3725,0,3731,G
4-HA,701,0,1,3859,0,3860,G
4-HA,702,3864,0,2,0,3866,A
4-HA,703,0,3893,0,0,3893,T
4-HA,704,0,0,0,3898,3898,C
4-HA,705,0,3897,0,1,3898,T
4-HA,706,3895,0,2,0,3897,A
4-HA,707,0,1,3934,0,3935,G
4-HA,708,3947,0,4,0,3951,A
4-HA,709,1,1,0,3944,3946,C
4-HA,710,2,1,0,3812,3815,C
4-HA,711,1,1,0,3813,3815,C
4-HA,712,3780,1,2,1,3784,A
4-HA,713,0,1,4068,0,4069,G
4-HA,714,4059,0,2,0,4061,A
4-HA,715,2,0,4139,0,4141,G
4-HA,716,0,4099,1,1,4101,T
4-HA,717,4060,0,2,0,4062,A
4-HA,718,4062,1,7,0,4070,A
4-HA,719,1,0,4140,0,4141,G
4-HA,720,0,0,4185,0,4185,G
4-HA,721,4125,0,2,0,4127,A
4-HA,722,3795,0,2,0,3797,A
4-HA,723,1,3773,0,0,3774,T
4-HA,724,3799,1,0,0,3800,A
4-HA,725,1,3771,0,2,3774,T
4-HA,726,2,1,0,3820,3823,C
4-HA,727,1,0,0,3815,3816,C
4-HA,728,2,0,0,3750,3752,C
4-HA,729,1,3703,0,3,3707,T
4-HA,730,3724,0,0,0,3724,A
4-HA,731,2,1,3725,0,3728,G
4-HA,732,0,1,0,3733,3734,C
4-HA,733,3653,0,0,0,3653,A
4-HA,734,0,2,3737,0,3739,G
4-HA,735,3668,0,1,1,3670,A
4-HA,736,3687,0,0,1,3688,A
4-HA,737,0,3683,0,0,3683,T
4-HA,738,3668,0,1,0,3669,A
4-HA,739,3674,1,5,0,3680,A
4-HA,740,1,0,3691,0,3692,G
4-HA,741,0,0,0,3706,3706,C
4-HA,742,3700,0,0,1,3701,A
4-HA,743,0,3570,0,2,3572,T
4-HA,744,0,0,0,3815,3815,C
4-HA,745,0,3808,0,1,3809,T
4-HA,746,3819,0,1,0,3820,A
4-HA,747,0,3808,0,2,3810,T
4-HA,748,0,3799,1,0,3800,T
4-HA,749,0,2,3820,0,3822,G
4-HA,750,1,1,3813,0,3815,G
4-HA,751,3809,0,4,0,3813,A
4-HA,752,0,2,0,3818,3820,C
4-HA,753,3440,0,1,0,3441,A
4-HA,754,3539,0,1,0,3540,A
4-HA,755,1,3731,0,0,3732,T
4-HA,756,3769,1,1,0,3771,A
4-HA,757,0,0,3807,0,3807,G
4-HA,758,1,3756,0,1,3758,T
4-HA,759,3756,0,0,0,3756,A
4-HA,760,3748,0,0,0,3748,A
4-HA,761,3785,0,0,0,3785,A
4-HA,762,3808,0,1,1,3810,A
4-HA,763,1,1,0,3844,3846,C
4-HA,764,1,1,0,3626,3628,C
4-HA,765,2,0,3621,0,3623,G
4-HA,766,0,2,3640,0,3642,G
4-HA,767,0,0,3683,1,3684,G
4-HA,768,3683,0,2,0,3685,A
4-HA,769,1,2,3726,0,3729,G
4-HA,770,3781,0,5,0,3786,A
4-HA,771,0,1,0,3794,3795,C
4-HA,772,3785,1,2,6,3794,A
4-HA,773,1,3800,0,4,3805,T
4-HA,774,3809,0,4,1,3814,A
4-HA,775,0,1,0,3897,3898,C
4-HA,776,0,3844,1,1,3846,T
4-HA,777,0,3879,0,0,3879,T
4-HA,778,0,3887,1,2,3890,T
4-HA,779,0,3866,0,0,3866,T
4-HA,780,0,1,3929,0,3930,G
4-HA,781,3944,0,0,1,3945,A
4-HA,782,0,3941,0,3,3944,T
4-HA,783,0,4049,1,0,4050,T
4-HA,784,4021,0,0,0,4021,A
4-HA,785,4051,0,1,0,4052,A
4-HA,786,0,0,0,4125,4125,C
4-HA,787,4078,0,2,1,4081,A
4-HA,788,2,0,4243,0,4245,G
4-HA,789,1,1,0,4211,4213,C
4-HA,790,4230,0,0,0,4230,A
4-HA,791,0,0,0,4265,4265,C
4-HA,792,4199,2,0,1,4202,A
4-HA,793,0,2,4272,0,4274,G
4-HA,794,0,4,4260,0,4264,G
4-HA,795,2,2,4406,0,4410,G
4-HA,796,4362,1,1,0,4364,A
4-HA,797,4420,0,1,0,4421,A
4-HA,798,0,4420,0,0,4420,T
4-HA,799,1,1,0,4435,4437,C
4-HA,800,0,4462,0,1,4463,T
4-HA,801,4470,0,0,0,4470,A
4-HA,802,4433,0,3,0,4436,A
4-HA,803,1,4435,0,0,4436,T
4-HA,804,0,4265,0,1,4266,T
4-HA,805,0,0,4306,1,4307,G
4-HA,806,0,0,0,4470,4470,C
4-HA,807,1,4589,0,4,4594,T
4-HA,808,0,1,0,4733,4734,C
4-HA,809,1,0,0,4712,4713,C
4-HA,810,0,4674,0,3,4677,T
4-HA,811,4690,0,1,0,4691,A
4-HA,812,1,2,4710,0,4713,G
4-HA,813,0,5,4764,0,4769,G
4-HA,814,3,0,4839,1,4843,G
4-HA,815,0,0,4790,0,4790,G
4-HA,816,3,4680,0,0,4683,T
4-HA,817,0,4653,0,0,4653,T
4-HA,818,4663,0,1,0,4664,A
4-HA,819,0,1,0,4806,4807,C
4-HA,820,0,4786,0,1,4787,T
4-HA,821,2,4838,0,1,4841,T
4-HA,822,0,0,0,4838,4838,C
4-HA,823,4741,0,2,0,4743,A
4-HA,824,3,0,4730,0,4733,G
4-HA,825,4818,0,0,0,4818,A
4-HA,826,4867,0,1,0,4868,A
4-HA,827,0,4869,2,2,4873,T
4-HA,828,4763,0,0,0,4763,A
4-HA,829,0,3,0,4762,4765,C
4-HA,830,0,0,4735,0,4735,G
4-HA,831,4737,0,2,0,4739,A
4-HA,832,4720,1,0,0,4721,A
4-HA,833,2,0,4786,0,4788,G
4-HA,834,0,4754,1,4,4759,T
4-HA,835,1,1,4784,0,4786,G
4-HA,836,1,0,4788,0,4789,G
4-HA,837,2,1,4787,1,4791,G
4-HA,838,4796,0,2,0,4798,A
4-HA,839,4798,1,0,0,4799,A
4-HA,840,4804,0,3,0,4807,A
4-HA,841,4787,0,2,0,4789,A
4-HA,842,1,0,4913,0,4914,G
4-HA,843,1,1,0,4919,4921,C
4-HA,844,3,4850,2,2,4857,T
4-HA,845,2,0,0,4957,4959,C
4-HA,846,4964,0,1,0,4965,A
4-HA,847,5014,0,0,0,5014,A
4-HA,848,0,5005,0,1,5006,T
4-HA,849,5053,0,0,0,5053,A
4-HA,850,5054,0,0,0,5054,A
4-HA,851,1,4943,1,2,4947,T
4-HA,852,0,1,4948,0,4949,G
4-HA,853,4882,1,2,0,4885,A
4-HA,854,1,1,5073,0,5075,G
4-HA,855,5059,1,1,0,5061,A
4-HA,856,0,5030,1,2,5033,T
4-HA,857,0,1,0,5153,5154,C
4-HA,858,5140,0,0,1,5141,A
4-HA,859,2,1,5232,0,5235,G
4-HA,860,5243,1,1,0,5245,A
4-HA,861,0,5226,0,1,5227,T
4-HA,862,2,0,5218,0,5220,G
4-HA,863,0,1,0,5131,5132,C
4-HA,864,5137,2,6,0,5145,A
4-HA,865,0,2,1,5230,5233,C
4-HA,866,0,2,0,5156,5158,C
4-HA,867,1,0,0,5178,5179,C
4-HA,868,5090,0,1,0,5091,A
4-HA,869,0,5077,0,1,5078,T
4-HA,870,1,5077,0,2,5080,T
4-HA,871,3,0,5167,1,5171,G
4-HA,872,4,1,5155,0,5160,G
4-HA,873,1,0,0,5159,5160,C
4-HA,874,5074,0,0,0,5074,A
4-HA,875,5050,0,2,0,5052,A
4-HA,876,5150,0,1,1,5152,A
4-HA,877,0,5167,0,2,5169,T
4-HA,878,1,0,5177,0,5178,G
4-HA,879,0,1,0,5169,5170,C
4-HA,880,5083,1,5,0,5089,A
4-HA,881,5218,0,2,0,5220,A
4-HA,882,0,5214,1,0,5215,T
4-HA,883,1,5256,0,1,5258,T
4-HA,884,1,0,1,5280,5282,C
4-HA,885,1,5188,0,0,5189,T
4-HA,886,3,0,5254,0,5257,G
4-HA,887,5236,1,2,1,5240,A
4-HA,888,5258,3,1,0,5262,A
4-HA,889,2,5261,0,2,5265,T
4-HA,890,4,0,5176,0,5180,G
4-HA,891,0,1,0,5201,5202,C
4-HA,892,5182,0,5,0,5187,A
4-HA,893,2,5157,0,4,5163,T
4-HA,894,0,1,0,5172,5173,C
4-HA,895,5157,0,1,0,5158,A
4-HA,896,0,0,0,5364,5364,C
4-HA,897,1,5319,0,6,5326,T
4-HA,898,1,0,0,5355,5356,C
4-HA,899,0,1,10,5328,5339,C
4-HA,900,5398,1,1,0,5400,A
4-HA,901,5389,0,0,0,5389,A
4-HA,902,5376,0,0,0,5376,A
4-HA,903,0,5130,0,1,5131,T
4-HA,904,0,1,5179,0,5180,G
4-HA,905,0,0,5198,0,5198,G
4-HA,906,5133,0,72,0,5205,A
4-HA,907,5173,0,5,0,5178,A
4-HA,908,0,0,5190,0,5190,G
4-HA,909,0,1,0,5122,5123,C
4-HA,910,5107,0,1,0,5108,A
4-HA,911,0,5108,1,2,5111,T
4-HA,912,0,5092,0,0,5092,T
4-HA,913,2,0,1,5259,5262,C
4-HA,914,0,2,0,5227,5229,C
4-HA,915,1,0,0,5240,5241,C
4-HA,916,5231,1,1,0,5233,A
4-HA,917,5309,0,0,1,5310,A
4-HA,918,0,5364,0,3,5367,T
4-HA,919,3,2,5359,1,5365,G
4-HA,920,5354,1,5,1,5361,A
4-HA,921,0,1,0,5353,5354,C
4-HA,922,5213,0,1,1,5215,A
4-HA,923,5274,3,1,0,5278,A
4-HA,924,5266,0,2,0,5268,A
4-HA,925,0,1,0,5318,5319,C
4-HA,926,2,0,1,5214,5217,C
4-HA,927,5026,0,1,0,5027,A
4-HA,928,1,5005,0,4,5010,T
4-HA,929,0,5011,0,7,5018,T
4-HA,930,0,0,0,5042,5042,C
4-HA,931,3,2,0,5025,5030,C
4-HA,932,5043,0,0,0,5043,A
4-HA,933,5031,1,1,1,5034,A
4-HA,934,4992,1,1,0,4994,A
4-HA,935,5131,0,0,0,5131,A
4-HA,936,1,5101,0,0,5102,T
4-HA,937,1,0,5134,0,5135,G
4-HA,938,2,5125,0,1,5128,T
4-HA,939,5137,0,2,0,5139,A
4-HA,940,5137,0,3,1,5141,A
4-HA,941,5138,2,6,0,5146,A
4-HA,942,0,1,0,5170,5171,C
4-HA,943,5056,0,8,0,5064,A
4-HA,944,1,0,5158,0,5159,G
4-HA,945,3,3,5149,0,5155,G
4-HA,946,5234,2,4,0,5240,A
4-HA,947,1,5250,1,2,5254,T
4-HA,948,0,0,0,5288,5288,C
4-HA,949,5311,0,2,0,5313,A
4-HA,950,0,0,0,5497,5497,C
4-HA,951,5480,0,0,0,5480,A
4-HA,952,0,5627,0,0,5627,T
4-HA,953,5446,0,1,0,5447,A
4-HA,954,1,1,0,5397,5399,C
4-HA,955,2,2,5204,0,5208,G
4-HA,956,1,2,5224,0,5227,G
4-HA,957,3,0,5200,0,5203,G
4-HA,958,6,1,5212,0,5219,G
4-HA,959,2,0,0,5044,5046,C
4-HA,960,0,2,0,5029,5031,C
4-HA,961,0,4897,0,3,4900,T
4-HA,962,0,0,5268,0,5268,G
4-HA,963,2,5253,1,9,5265,T
4-HA,964,1,0,0,5300,5301,C
4-HA,965,1,3,0,5274,5278,C
4-HA,966,1,3,0,5275,5279,C
4-HA,967,5237,2,5,0,5244,A
4-HA,968,0,0,5291,0,5291,G
4-HA,969,5262,0,1,0,5263,A
4-HA,970,1,5259,0,0,5260,T
4-HA,971,4724,0,0,0,4724,A
4-HA,972,0,4616,0,2,4618,T
4-HA,973,0,0,4651,1,4652,G
4-HA,974,0,4634,0,1,4635,T
4-HA,975,0,4555,1,0,4556,T
4-HA,976,4589,0,6,0,4595,A
4-HA,977,4531,0,3,0,4534,A
4-HA,978,2,8,4579,0,4589,G
4-HA,979,1,2,0,4589,4592,C
4-HA,980,4454,0,0,0,4454,A
4-HA,981,4453,0,2,0,4455,A
4-HA,982,4419,0,1,1,4421,A
4-HA,983,4425,0,2,0,4427,A
4-HA,984,0,1,0,4425,4426,C
4-HA,985,4344,0,1,0,4345,A
4-HA,986,0,1,0,4376,4377,C
4-HA,987,1,4241,0,3,4245,T
4-HA,988,1,0,0,4300,4301,C
4-HA,989,2,4288,1,2,4293,T
4-HA,990,0,0,4316,0,4316,G
4-HA,991,4312,0,1,0,4313,A
4-HA,992,4295,1,1,0,4297,A
4-HA,993,4306,0,0,0,4306,A
4-HA,994,1,4245,1,2,4249,T
4-HA,995,0,4170,0,1,4171,T
4-HA,996,1,0,4205,0,4206,G
4-HA,997,8,0,4178,0,4186,G
4-HA,998,0,1,0,4190,4191,C
4-HA,999,4162,1,1,0,4164,A
4-HA,1000,4171,2,2,1,4176,A
4-HA,1001,0,0,0,4190,4190,C
4-HA,1002,4187,0,3,0,4190,A
4-HA,1003,0,0,4191,0,4191,G
4-HA,1004,0,0,4170,0,4170,G
4-HA,1005,4058,0,5,1,4064,A
4-HA,1006,4136,0,3,0,4139,A
4-HA,1007,0,4136,1,0,4137,T
4-HA,1008,0,1,4149,0,4150,G
4-HA,1009,0,2,0,4148,4150,C
4-HA,1010,0,0,4136,0,4136,G
4-HA,1011,4153,0,1,0,4154,A
4-HA,1012,4057,1,0,0,4058,A
4-HA,1013,4091,0,2,0,4093,A
4-HA,1014,0,4076,0,1,4077,T
4-HA,1015,1,0,4158,0,4159,G
4-HA,1016,2,4149,0,3,4154,T
4-HA,1017,4140,1,0,0,4141,A
4-HA,1018,1,1,0,4130,4132,C
4-HA,1019,0,1,0,4117,4118,C
4-HA,1020,4046,0,0,0,4046,A
4-HA,1021,0,1,4046,0,4047,G
4-HA,1022,3756,0,0,0,3756,A
4-HA,1023,2,0,3803,0,3805,G
4-HA,1024,3662,0,1,0,3663,A
4-HA,1025,3663,1,1,0,3665,A
4-HA,1026,3660,0,3,2,3665,A
4-HA,1027,0,2,0,3652,3654,C
4-HA,1028,3586,0,0,0,3586,A
4-HA,1029,3639,1,1,0,3641,A
4-HA,1030,3638,0,2,0,3640,A
4-HA,1031,0,0,0,3684,3684,C
4-HA,1032,0,3635,1,0,3636,T
4-HA,1033,3562,1,1,0,3564,A
4-HA,1034,0,3,3571,1,3575,G
4-HA,1035,3511,1,4,0,3516,A
4-HA,1036,0,1,3636,0,3637,G
4-HA,1037,0,0,3612,0,3612,G
4-HA,1038,1,0,0,3532,3533,C
4-HA,1039,3532,0,1,0,3533,A
4-HA,1040,1,3526,0,0,3527,T
4-HA,1041,3559,0,1,0,3560,A
4-HA,1042,0,3542,0,0,3542,T
4-HA,1043,1,3512,1,0,3514,T
4-HA,1044,0,3505,0,0,3505,T
4-HA,1045,0,2,3329,0,3331,G
4-HA,1046,0,0,3336,0,3336,G
4-HA,1047,0,5,0,3311,3316,C
4-HA,1048,0,0,3313,1,3314,G
4-HA,1049,0,0,0,3275,3275,C
4-HA,1050,3245,0,1,0,3246,A
4-HA,1051,3278,0,0,0,3278,A
4-HA,1052,0,3260,0,1,3261,T
4-HA,1053,1,1,0,3280,3282,C
4-HA,1054,0,1,3268,0,3269,G
4-HA,1055,1,2,0,3249,3252,C
4-HA,1056,6,4,3255,0,3265,G
4-HA,1057,0,0,3292,0,3292,G
4-HA,1058,1,0,3317,0,3318,G
4-HA,1059,0,3315,0,0,3315,T
4-HA,1060,0,3252,0,1,3253,T
4-HA,1061,0,3255,0,3,3258,T
4-HA,1062,0,0,0,3265,3265,C
4-HA,1063,3270,0,1,0,3271,A
4-HA,1064,1,3278,2,0,3281,T
4-HA,1065,3268,0,2,0,3270,A
4-HA,1066,3,1,3313,0,3317,G
4-HA,1067,3172,0,1,0,3173,A
4-HA,1068,3174,1,0,0,3175,A
4-HA,1069,3167,0,2,1,3170,A
4-HA,1070,3215,0,0,0,3215,A
4-HA,1071,0,3199,0,0,3199,T
4-HA,1072,0,1,3299,0,3300,G
4-HA,1073,0,0,3324,0,3324,G
4-HA,1074,0,3277,0,3,3280,T
4-HA,1075,0,3186,0,0,3186,T
4-HA,1076,1,2,3201,0,3204,G
4-HA,1077,2,1,3289,0,3292,G
4-HA,1078,0,0,3360,0,3360,G
4-HA,1079,3337,1,4,0,3342,A
4-HA,1080,1,4,3395,0,3400,G
4-HA,1081,1,1,3372,0,3374,G
4-HA,1082,2,0,3584,0,3586,G
4-HA,1083,3556,1,5,0,3562,A
4-HA,1084,3599,1,2,1,3603,A
4-HA,1085,1,3606,0,0,3607,T
4-HA,1086,0,0,3619,0,3619,G
4-HA,1087,0,0,3667,0,3667,G
4-HA,1088,0,3612,0,1,3613,T
4-HA,1089,1,1,3622,0,3624,G
4-HA,1090,0,1,3608,0,3609,G
4-HA,1091,3515,2,3,1,3521,A
4-HA,1092,0,3528,0,0,3528,T
4-HA,1093,1,0,3574,0,3575,G
4-HA,1094,0,0,3618,0,3618,G
4-HA,1095,0,3569,0,0,3569,T
4-HA,1096,0,3496,0,0,3496,T
4-HA,1097,0,1,3500,0,3501,G
4-HA,1098,0,0,3558,0,3558,G
4-HA,1099,1,3542,0,2,3545,T
4-HA,1100,3557,0,0,0,3557,A
4-HA,1101,0,0,0,3411,3411,C
4-HA,1102,0,0,3432,0,3432,G
4-HA,1103,0,0,3544,0,3544,G
4-HA,1104,2,3536,0,1,3539,T
4-HA,1105,1,3537,0,0,3538,T
4-HA,1106,0,3525,0,0,3525,T
4-HA,1107,0,4,0,3469,3473,C
4-HA,1108,3469,1,5,0,3475,A
4-HA,1109,2,0,3475,0,3477,G
4-HA,1110,1,1,3455,0,3457,G
4-HA,1111,0,1,0,3451,3452,C
4-HA,1112,3342,1,1,1,3345,A
4-HA,1113,1,3399,0,2,3402,T
4-HA,1114,0,1,1,3403,3405,C
4-HA,1115,3400,1,12,0,3413,A
4-HA,1116,3412,0,0,0,3412,A
4-HA,1117,3407,0,0,0,3407,A
4-HA,1118,3440,0,1,0,3441,A
4-HA,1119,0,3427,1,1,3429,T
4-HA,1120,1,3410,1,0,3412,T
4-HA,1121,0,0,0,3424,3424,C
4-HA,1122,1,3381,0,0,3382,T
4-HA,1123,0,1,3402,0,3403,G
4-HA,1124,3375,0,3,0,3378,A
4-HA,1125,0,1,3424,0,3425,G
4-HA,1126,1,0,3424,0,3425,G
4-HA,1127,0,0,3454,0,3454,G
4-HA,1128,3430,0,2,0,3432,A
4-HA,1129,3439,0,3,0,3442,A
4-HA,1130,0,0,3422,0,3422,G
4-HA,1131,3449,0,1,0,3450,A
4-HA,1132,0,0,3491,0,3491,G
4-HA,1133,1,0,3512,0,3513,G
4-HA,1134,3487,2,1,0,3490,A
4-HA,1135,0,0,0,3486,3486,C
4-HA,1136,3454,0,1,0,3455,A
4-HA,1137,3441,0,3,0,3444,A
4-HA,1138,0,0,3463,0,3463,G
4-HA,1139,0,0,0,3471,3471,C
4-HA,1140,3402,0,1,0,3403,A
4-HA,1141,0,1,3401,0,3402,G
4-HA,1142,0,1,0,3375,3376,C
4-HA,1143,3366,1,3,0,3370,A
4-HA,1144,0,1,3401,0,3402,G
4-HA,1145,3352,1,1,1,3355,A
4-HA,1146,0,3436,0,2,3438,T
4-HA,1147,0,0,0,3462,3462,C
4-HA,1148,0,3396,0,12,3408,T
4-HA,1149,0,0,0,3450,3450,C
4-HA,1150,3447,0,0,0,3447,A
4-HA,1151,3439,0,0,0,3439,A
4-HA,1152,3438,0,3,1,3442,A
4-HA,1153,3380,0,3,2,3385,A
4-HA,1154,0,1,3392,0,3393,G
4-HA,1155,0,1,0,3319,3320,C
4-HA,1156,3302,0,0,0,3302,A
4-HA,1157,0,0,0,3368,3368,C
4-HA,1158,2,3265,0,7,3274,T
4-HA,1159,0,1,0,3291,3292,C
4-HA,1160,3286,0,3,0,3289,A
4-HA,1161,3343,0,5,0,3348,A
4-HA,1162,0,1,3350,0,3351,G
4-HA,1163,1,2,0,3344,3347,C
4-HA,1164,3303,0,3,0,3306,A
4-HA,1165,2,1,3320,0,3323,G
4-HA,1166,0,0,0,3261,3261,C
4-HA,1167,3246,1,0,0,3247,A
4-HA,1168,3238,2,0,0,3240,A
4-HA,1169,0,3238,1,0,3239,T
4-HA,1170,0,0,0,3167,3167,C
4-HA,1171,0,1,3183,0,3184,G
4-HA,1172,3182,1,0,0,3183,A
4-HA,1173,0,3159,0,2,3161,T
4-HA,1174,1,2,0,3149,3152,C
4-HA,1175,3130,0,2,0,3132,A
4-HA,1176,3222,0,1,0,3223,A
4-HA,1177,3039,0,182,0,3221,A
4-HA,1178,0,3223,0,1,3224,T
4-HA,1179,0,0,0,3240,3240,C
4-HA,1180,3199,1,0,0,3200,A
4-HA,1181,3234,0,3,0,3237,A
4-HA,1182,0,3220,0,2,3222,T
4-HA,1183,1,0,3227,0,3228,G
4-HA,1184,0,2,3213,1,3216,G
4-HA,1185,1,0,3156,0,3157,G
4-HA,1186,3154,1,0,0,3155,A
4-HA,1187,3163,0,0,0,3163,A
4-HA,1188,0,0,3202,0,3202,G
4-HA,1189,0,0,0,3214,3214,C
4-HA,1190,1,3161,0,2,3164,T
4-HA,1191,1,0,3301,0,3302,G
4-HA,1192,3291,1,1,0,3293,A
4-HA,1193,3301,0,0,0,3301,A
4-HA,1194,0,3296,0,0,3296,T
4-HA,1195,3205,0,0,0,3205,A
4-HA,1196,0,0,3199,0,3199,G
4-HA,1197,2858,0,1,0,2859,A
4-HA,1198,0,2886,0,0,2886,T
4-HA,1199,1,2885,0,1,2887,T
4-HA,1200,0,0,2901,0,2901,G
4-HA,1201,2880,0,1,1,2882,A
4-HA,1202,1,2888,0,0,2889,T
4-HA,1203,0,0,0,2894,2894,C
4-HA,1204,2,0,2888,0,2890,G
4-HA,1205,0,2,2881,1,2884,G
4-HA,1206,2,0,2901,0,2903,G
4-HA,1207,2883,0,2,0,2885,A
4-HA,1208,2897,0,1,0,2898,A
4-HA,1209,2856,0,2,0,2858,A
4-HA,1210,2865,0,7,1,2873,A
4-HA,1211,0,1,0,2877,2878,C
4-HA,1212,0,2,0,2872,2874,C
4-HA,1213,2848,0,1,0,2849,A
4-HA,1214,2848,0,1,0,2849,A
4-HA,1215,1,1,0,2860,2862,C
4-HA,1216,1,0,2871,0,2872,G
4-HA,1217,2862,1,1,0,2864,A
4-HA,1218,35,0,2838,0,2873,G
4-HA,1219,2868,0,1,0,2869,A
4-HA,1220,2858,0,0,0,2858,A
4-HA,1221,2862,0,2,0,2864,A
4-HA,1222,0,2873,0,0,2873,T
4-HA,1223,0,2857,1,2,2860,T
4-HA,1224,0,1,1,2877,2879,C
4-HA,1225,1,0,0,2860,2861,C
4-HA,1226,2862,0,0,0,2862,A
4-HA,1227,0,2848,0,0,2848,T
4-HA,1228,0,0,0,2853,2853,C
4-HA,1229,2827,0,1,0,2828,A
4-HA,1230,0,2,2853,0,2855,G
4-HA,1231,2836,0,0,0,2836,A
4-HA,1232,1,2825,0,2,2828,T
4-HA,1233,0,2798,0,3,2801,T
4-HA,1234,1,2,2832,1,2836,G
4-HA,1235,2835,0,0,0,2835,A
4-HA,1236,2835,0,0,0,2835,A
4-HA,1237,2840,0,2,1,2843,A
4-HA,1238,2837,0,1,0,2838,A
4-HA,1239,2800,1,1,0,2802,A
4-HA,1240,0,0,2807,0,2807,G
4-HA,1241,2792,0,3,0,2795,A
4-HA,1242,2812,0,1,0,2813,A
4-HA,1243,0,2757,0,1,2758,T
4-HA,1244,0,2766,0,1,2767,T
4-HA,1245,0,0,0,2784,2784,C
4-HA,1246,0,2777,0,4,2781,T
4-HA,1247,0,0,0,2778,2778,C
4-HA,1248,2786,0,3,0,2789,A
4-HA,1249,0,1,2795,0,2796,G
4-HA,1250,2780,0,0,0,2780,A
4-HA,1251,2762,0,0,0,2762,A
4-HA,1252,0,0,2791,0,2791,G
4-HA,1253,2,2770,0,2,2774,T
4-HA,1254,0,0,1,2771,2772,C
4-HA,1255,0,0,2777,0,2777,G
4-HA,1256,2772,0,0,0,2772,A
4-HA,1257,2767,0,2,0,2769,A
4-HA,1258,2,1,2768,0,2771,G
4-HA,1259,1,0,2811,0,2812,G
4-HA,1260,0,0,2805,0,2805,G
4-HA,1261,2733,0,1,0,2734,A
4-HA,1262,1,2,2755,0,2758,G
4-HA,1263,2757,0,2,1,2760,A
4-HA,1264,2978,0,0,0,2978,A
4-HA,1265,0,2979,1,0,2980,T
4-HA,1266,1,2975,0,0,2976,T
4-HA,1267,0,0,0,2986,2986,C
4-HA,1268,2904,0,5,1,2910,A
4-HA,1269,1,0,2910,0,2911,G
4-HA,1270,1,0,2907,0,2908,G
4-HA,1271,2893,2,3,0,2898,A
4-HA,1272,0,0,0,2892,2892,C
4-HA,1273,0,0,0,2619,2619,C
4-HA,1274,0,2581,0,1,2582,T
4-HA,1275,1,2524,0,69,2594,T
4-HA,1276,0,1,2620,0,2621,G
4-HA,1277,2616,0,2,0,2618,A
4-HA,1278,0,0,2711,0,2711,G
4-HA,1279,2680,0,1,1,2682,A
4-HA,1280,2505,0,0,0,2505,A
4-HA,1281,2508,0,0,0,2508,A
4-HA,1282,0,2480,0,0,2480,T
4-HA,1283,2679,1,0,0,2680,A
4-HA,1284,0,2666,0,0,2666,T
4-HA,1285,2,0,2704,0,2706,G
4-HA,1286,0,2700,0,0,2700,T
4-HA,1287,0,2606,0,0,2606,T
4-HA,1288,0,1,2660,0,2661,G
4-HA,1289,2625,0,4,0,2629,A
4-HA,1290,0,2,2733,0,2735,G
4-HA,1291,2,1,2737,0,2740,G
4-HA,1292,2687,0,0,0,2687,A
4-HA,1293,0,0,0,2769,2769,C
4-HA,1294,2745,1,2,0,2748,A
4-HA,1295,1,1,0,2818,2820,C
4-HA,1296,2,1,0,2822,2825,C
4-HA,1297,2829,0,1,0,2830,A
4-HA,1298,2893,1,1,0,2895,A
4-HA,1299,2891,0,0,0,2891,A
4-HA,1300,2924,0,0,1,2925,A
4-HA,1301,0,2928,0,1,2929,T
4-HA,1302,2855,0,2,0,2857,A
4-HA,1303,0,0,2875,0,2875,G
4-HA,1304,2828,1,1,0,2830,A
4-HA,1305,0,2857,0,0,2857,T
4-HA,1306,0,0,0,2874,2874,C
4-HA,1307,0,2809,0,3,2812,T
4-HA,1308,1,0,0,2893,2894,C
4-HA,1309,0,2878,0,4,2882,T
4-HA,1310,1,0,2934,0,2935,G
4-HA,1311,0,1,3000,0,3001,G
4-HA,1312,3,2973,0,4,2980,T
4-HA,1313,0,1,0,2995,2996,C
4-HA,1314,3013,0,1,0,3014,A
4-HA,1315,0,3011,0,6,3017,T
4-HA,1316,3021,0,1,0,3022,A
4-HA,1317,0,1,0,3008,3009,C
4-HA,1318,2934,0,2,0,2936,A
4-HA,1319,2963,0,0,0,2963,A
4-HA,1320,0,1,0,2917,2918,C
4-HA,1321,0,0,2908,0,2908,G
4-HA,1322,0,4,0,2892,2896,C
4-HA,1323,1,1,2886,0,2888,G
4-HA,1324,1,0,2901,0,2902,G
4-HA,1325,2885,1,2,1,2889,A
4-HA,1326,0,2,2936,0,2938,G
4-HA,1327,0,0,0,2943,2943,C
4-HA,1328,0,2920,0,2,2922,T
4-HA,1329,0,2930,0,1,2931,T
4-HA,1330,0,0,0,2947,2947,C
4-HA,1331,1,2956,0,1,2958,T
4-HA,1332,0,2960,0,2,2962,T
4-HA,1333,1,0,2954,0,2955,G
4-HA,1334,0,2929,0,1,2930,T
4-HA,1335,2,2884,0,0,2886,T
4-HA,1336,0,0,2933,0,2933,G
4-HA,1337,0,0,0,2922,2922,C
4-HA,1338,1,0,0,2902,2903,C
4-HA,1339,0,1,0,2929,2930,C
4-HA,1340,1,2907,1,2,2911,T
4-HA,1341,0,0,2937,0,2937,G
4-HA,1342,0,1,2940,0,2941,G
4-HA,1343,2923,0,2,0,2925,A
4-HA,1344,1,1,2947,0,2949,G
4-HA,1345,2888,0,1,0,2889,A
4-HA,1346,2914,0,2,0,2916,A
4-HA,1347,1,0,0,2992,2993,C
4-HA,1348,1,1,0,2987,2989,C
4-HA,1349,2974,0,2,0,2976,A
4-HA,1350,3078,0,1,0,3079,A
4-HA,1351,1,0,0,3099,3100,C
4-HA,1352,3115,1,1,0,3117,A
4-HA,1353,0,3107,0,2,3109,T
4-HA,1354,3098,0,0,0,3098,A
4-HA,1355,0,62,0,3106,3168,C
4-HA,1356,3088,0,1,0,3089,A
4-HA,1357,3073,0,1,1,3075,A
4-HA,1358,2,3080,0,1,3083,T
4-HA,1359,0,2943,0,0,2943,T
4-HA,1360,0,0,2951,0,2951,G
4-HA,1361,2951,1,0,0,2952,A
4-HA,1362,0,2936,0,5,2941,T
4-HA,1363,1,0,0,2969,2970,C
4-HA,1364,1,2868,0,0,2869,T
4-HA,1365,2900,0,0,0,2900,A
4-HA,1366,2904,1,1,0,2906,A
4-HA,1367,0,0,0,2897,2897,C
4-HA,1368,0,2877,0,0,2877,T
4-HA,1369,1,0,2847,0,2848,G
4-HA,1370,2844,0,0,0,2844,A
4-HA,1371,0,0,1,2845,2846,C
4-HA,1372,1,2831,0,3,2835,T
4-HA,1373,0,0,0,2861,2861,C
4-HA,1374,2840,0,0,0,2840,A
4-HA,1375,1,0,2911,0,2912,G
4-HA,1376,2908,0,0,0,2908,A
4-HA,1377,2908,0,0,0,2908,A
4-HA,1378,2915,0,0,0,2915,A
4-HA,1379,0,2871,0,1,2872,T
4-HA,1380,0,0,2901,0,2901,G
4-HA,1381,2914,0,1,0,2915,A
4-HA,1382,2904,1,6,0,2911,A
4-HA,1383,0,0,0,2913,2913,C
4-HA,1384,2849,0,0,0,2849,A
4-HA,1385,2847,0,0,0,2847,A
4-HA,1386,2854,0,0,0,2854,A
4-HA,1387,0,0,0,2874,2874,C
4-HA,1388,0,2837,0,0,2837,T
4-HA,1389,0,0,2868,0,2868,G
4-HA,1390,0,2821,1,0,2822,T
4-HA,1391,0,2828,0,0,2828,T
4-HA,1392,0,2829,0,0,2829,T
4-HA,1393,0,1,2839,0,2840,G
4-HA,1394,2831,0,2,0,2833,A
4-HA,1395,2836,0,1,0,2837,A
4-HA,1396,2812,2,0,0,2814,A
4-HA,1397,2825,0,1,1,2827,A
4-HA,1398,2803,0,2,0,2805,A
4-HA,1399,2822,0,1,0,2823,A
4-HA,1400,0,0,0,2829,2829,C
4-HA,1401,2828,1,0,1,2830,A
4-HA,1402,2825,0,0,0,2825,A
4-HA,1403,2817,0,2,0,2819,A
4-HA,1404,0,0,2834,0,2834,G
4-HA,1405,2854,0,1,0,2855,A
4-HA,1406,2833,0,2,0,2835,A
4-HA,1407,1,0,2837,0,2838,G
4-HA,1408,0,7,0,2833,2840,C
4-HA,1409,2816,0,1,0,2817,A
4-HA,1410,2839,0,2,1,2842,A
4-HA,1411,1,2,0,2844,2847,C
4-HA,1412,0,2823,0,0,2823,T
4-HA,1413,1,0,2851,0,2852,G
4-HA,1414,2820,0,2,1,2823,A
4-HA,1415,0,2,2875,0,2877,G
4-HA,1416,2,0,2862,0,2864,G
4-HA,1417,0,0,2869,0,2869,G
4-HA,1418,2860,0,0,0,2860,A
4-HA,1419,2848,8,0,0,2856,A
4-HA,1420,2860,0,1,1,2862,A
4-HA,1421,2909,1,0,0,2910,A
4-HA,1422,0,2908,0,1,2909,T
4-HA,1423,0,13,2913,0,2926,G
4-HA,1424,0,1,1,2928,2930,C
4-HA,1425,1,2844,0,2,2847,T
4-HA,1426,0,0,2862,0,2862,G
4-HA,1427,2849,1,3,0,2853,A
4-HA,1428,1,0,3014,0,3015,G
4-HA,1429,0,1,3061,0,3062,G
4-HA,1430,3026,0,0,0,3026,A
4-HA,1431,0,3014,0,0,3014,T
4-HA,1432,2999,0,1,0,3000,A
4-HA,1433,0,2991,0,1,2992,T
4-HA,1434,0,0,3040,0,3040,G
4-HA,1435,0,0,3057,0,3057,G
4-HA,1436,3,0,3045,0,3048,G
4-HA,1437,0,0,0,2918,2918,C
4-HA,1438,2848,0,0,0,2848,A
4-HA,1439,2851,0,0,0,2851,A
4-HA,1440,1,2842,0,0,2843,T
4-HA,1441,1,0,2867,0,2868,G
4-HA,1442,0,0,2863,0,2863,G
4-HA,1443,1,2829,0,0,2830,T
4-HA,1444,0,2751,0,0,2751,T
4-HA,1445,0,0,2766,0,2766,G
4-HA,1446,0,2789,0,1,2790,T
4-HA,1447,0,2786,0,1,2787,T
4-HA,1448,0,2783,1,1,2785,T
4-HA,1449,0,0,1,2803,2804,C
4-HA,1450,2801,1,0,0,2802,A
4-HA,1451,2799,0,1,0,2800,A
4-HA,1452,2801,0,0,0,2801,A
4-HA,1453,2854,1,0,0,2855,A
4-HA,1454,0,2842,1,0,2843,T
4-HA,1455,2820,0,1,0,2821,A
4-HA,1456,0,2828,0,0,2828,T
4-HA,1457,2831,0,3,0,2834,A
4-HA,1458,1,1,0,2889,2891,C
4-HA,1459,0,1,0,2876,2877,C
4-HA,1460,2869,0,0,0,2869,A
4-HA,1461,0,1,0,2876,2877,C
4-HA,1462,2860,0,2,1,2863,A
4-HA,1463,2869,0,1,0,2870,A
4-HA,1464,2886,1,0,0,2887,A
4-HA,1465,0,2874,0,2,2876,T
4-HA,1466,0,0,2908,0,2908,G
4-HA,1467,0,2868,0,3,2871,T
4-HA,1468,0,0,2891,0,2891,G
4-HA,1469,2893,0,2,0,2895,A
4-HA,1470,0,0,0,2894,2894,C
4-HA,1471,2850,0,2,0,2852,A
4-HA,1472,2855,0,0,0,2855,A
4-HA,1473,1,2893,0,0,2894,T
4-HA,1474,0,0,2926,0,2926,G
4-HA,1475,2,2,0,2909,2913,C
4-HA,1476,0,0,0,2920,2920,C
4-HA,1477,0,2899,0,1,2900,T
4-HA,1478,2,0,3047,0,3049,G
4-HA,1479,0,0,0,3054,3054,C
4-HA,1480,3055,0,0,0,3055,A
4-HA,1481,1,3052,0,1,3054,T
4-HA,1482,2953,1,0,0,2954,A
4-HA,1483,1,0,2983,0,2984,G
4-HA,1484,0,0,2976,0,2976,G
4-HA,1485,2965,1,3,0,2969,A
4-HA,1486,0,2958,0,0,2958,T
4-HA,1487,1,2,0,2810,2813,C
4-HA,1488,2809,0,1,0,2810,A
4-HA,1489,2821,0,0,0,2821,A
4-HA,1490,0,2818,0,0,2818,T
4-HA,1491,0,1,0,2818,2819,C
4-HA,1492,2753,0,0,0,2753,A
4-HA,1493,0,0,2784,0,2784,G
4-HA,1494,2778,1,0,0,2779,A
4-HA,1495,2786,0,0,0,2786,A
4-HA,1496,2787,0,1,0,2788,A
4-HA,1497,0,2763,0,1,2764,T
4-HA,1498,2,1,2755,0,2758,G
4-HA,1499,81,1,2692,0,2774,G
4-HA,1500,2759,0,1,0,2760,A
4-HA,1501,2783,0,2,0,2785,A
4-HA,1502,0,0,0,2793,2793,C
4-HA,1503,0,2739,0,0,2739,T
4-HA,1504,0,2757,0,0,2757,T
4-HA,1505,2766,0,1,0,2767,A
4-HA,1506,0,2765,0,1,2766,T
4-HA,1507,0,2,2764,0,2766,G
4-HA,1508,2755,0,2,0,2757,A
4-HA,1509,0,1,0,2755,2756,C
4-HA,1510,0,0,0,2730,2730,C
4-HA,1511,2720,0,2,0,2722,A
4-HA,1512,0,0,0,2815,2815,C
4-HA,1513,0,1,2927,0,2928,G
4-HA,1514,3005,0,3,0,3008,A
4-HA,1515,1,3068,0,1,3070,T
4-HA,1516,0,0,3213,0,3213,G
4-HA,1517,0,3190,0,0,3190,T
4-HA,1518,3316,0,2,0,3318,A
4-HA,1519,0,3315,0,0,3315,T
4-HA,1520,3309,0,2,0,3311,A
4-HA,1521,0,0,0,3310,3310,C
4-HA,1522,2923,0,2,2,2927,A
4-HA,1523,1,2,2954,0,2957,G
4-HA,1524,2756,0,0,0,2756,A
4-HA,1525,0,0,2699,0,2699,G
4-HA,1526,2673,1,2,0,2676,A
4-HA,1527,0,2489,0,0,2489,T
4-HA,1528,1,0,2484,0,2485,G
4-HA,1529,2473,0,2,0,2475,A
4-HA,1530,2462,2,7,0,2471,A
4-HA,1531,0,0,2565,0,2565,G
4-HA,1532,0,0,0,2495,2495,C
4-HA,1533,2483,1,0,0,2484,A
4-HA,1534,0,2474,0,0,2474,T
4-HA,1535,0,2467,0,1,2468,T
4-HA,1536,2486,0,0,0,2486,A
4-HA,1537,2479,0,2,0,2481,A
4-HA,1538,2486,0,0,0,2486,A
4-HA,1539,0,1,0,2487,2488,C
4-HA,1540,2388,0,2,0,2390,A
4-HA,1541,2411,0,0,0,2411,A
4-HA,1542,0,0,0,2395,2395,C
4-HA,1543,1,0,0,2392,2393,C
4-HA,1544,0,0,2390,0,2390,G
4-HA,1545,0,0,2428,0,2428,G
4-HA,1546,0,2430,0,3,2433,T
4-HA,1547,1,2411,0,1,2413,T
4-HA,1548,1,0,0,2425,2426,C
4-HA,1549,1,0,0,2424,2425,C
4-HA,1550,2419,1,0,0,2420,A
4-HA,1551,0,0,2438,0,2438,G
4-HA,1552,2437,0,0,0,2437,A
4-HA,1553,0,2431,0,0,2431,T
4-HA,1554,0,0,0,2325,2325,C
4-HA,1555,2301,0,0,0,2301,A
4-HA,1556,2304,0,2,0,2306,A
4-HA,1557,0,0,2304,0,2304,G
4-HA,1558,2,0,2298,1,2301,G
4-HA,1559,0,0,2297,0,2297,G
4-HA,1560,2189,0,4,1,2194,A
4-HA,1561,0,0,2232,0,2232,G
4-HA,1562,0,2231,1,0,2232,T
4-HA,1563,1,2225,0,0,2226,T
4-HA,1564,0,0,2244,0,2244,G
4-HA,1565,2211,0,2,0,2213,A
4-HA,1566,0,0,2251,0,2251,G
4-HA,1567,0,0,0,2250,2250,C
4-HA,1568,1,2210,1,3,2215,T
4-HA,1569,1,0,2230,0,2231,G
4-HA,1570,2210,0,0,0,2210,A
4-HA,1571,2224,0,0,0,2224,A
4-HA,1572,0,0,2225,0,2225,G
4-HA,1573,0,2177,0,1,2178,T
4-HA,1574,0,0,0,2177,2177,C
4-HA,1575,2147,1,0,0,2148,A
4-HA,1576,0,1,2149,0,2150,G
4-HA,1577,1,2,2134,0,2137,G
4-HA,1578,2,0,2097,0,2099,G
4-HA,1579,0,2170,0,1,2171,T
4-HA,1580,2261,0,1,0,2262,A
4-HA,1581,0,1,0,2255,2256,C
4-HA,1582,2247,0,1,0,2248,A
4-HA,1583,2245,0,1,0,2246,A
4-HA,1584,2242,0,0,0,2242,A
4-HA,1585,0,0,2270,0,2270,G
4-HA,1586,2192,1,1,0,2194,A
4-HA,1587,0,2010,0,103,2113,T
4-HA,1588,0,2110,0,0,2110,T
4-HA,1589,1,0,2102,1,2104,G
4-HA,1590,0,0,2108,0,2108,G
4-HA,1591,2120,0,0,1,2121,A
4-HA,1592,0,2113,0,4,2117,T
4-HA,1593,0,0,0,2096,2096,C
4-HA,1594,0,0,0,2056,2056,C
4-HA,1595,0,2025,0,0,2025,T
4-HA,1596,2049,0,0,0,2049,A
4-HA,1597,0,2051,0,1,2052,T
4-HA,1598,0,0,2062,0,2062,G
4-HA,1599,0,0,2059,0,2059,G
4-HA,1600,2016,1,0,0,2017,A
4-HA,1601,0,2012,0,2,2014,T
4-HA,1602,0,1979,0,3,1982,T
4-HA,1603,0,1983,0,1,1984,T
4-HA,1604,1,0,0,1991,1992,C
4-HA,1605,0,0,0,1986,1986,C
4-HA,1606,0,1950,0,3,1953,T
4-HA,1607,0,1946,0,1,1947,T
4-HA,1608,0,1936,0,1,1937,T
4-HA,1609,0,0,1962,0,1962,G
4-HA,1610,0,0,0,1960,1960,C
4-HA,1611,1,0,0,1959,1960,C
4-HA,1612,1928,0,0,0,1928,A
4-HA,1613,0,1893,0,0,1893,T
4-HA,1614,1927,1,0,0,1928,A
4-HA,1615,0,1925,0,1,1926,T
4-HA,1616,0,0,0,1915,1915,C
4-HA,1617,1914,0,1,0,1915,A
4-HA,1618,0,1880,0,0,1880,T
4-HA,1619,0,0,1901,0,1901,G
4-HA,1620,0,1885,1,2,1888,T
4-HA,1621,0,1857,0,0,1857,T
4-HA,1622,0,1854,0,0,1854,T
4-HA,1623,0,1803,0,0,1803,T
4-HA,1624,0,1798,0,0,1798,T
4-HA,1625,0,1804,0,1,1805,T
4-HA,1626,0,0,1817,0,1817,G
4-HA,1627,0,1,0,1803,1804,C
4-HA,1628,0,1756,0,1,1757,T
4-HA,1629,1,1758,1,3,1763,T
4-HA,1630,0,1752,0,0,1752,T
4-HA,1631,0,0,1804,0,1804,G
4-HA,1632,0,1807,2,0,1809,T
4-HA,1633,0,0,1808,0,1808,G
4-HA,1634,0,1806,0,1,1807,T
4-HA,1635,0,1772,0,1,1773,T
4-HA,1636,1,1,1788,0,1790,G
4-HA,1637,0,0,0,1795,1795,C
4-HA,1638,0,1778,0,4,1782,T
4-HA,1639,0,1806,0,0,1806,T
4-HA,1640,0,1684,0,0,1684,T
4-HA,1641,0,0,1698,0,1698,G
4-HA,1642,0,1699,0,0,1699,T
4-HA,1643,0,1695,0,0,1695,T
4-HA,1644,0,0,1699,0,1699,G
4-HA,1645,0,0,1652,0,1652,G
4-HA,1646,0,0,1672,0,1672,G
4-HA,1647,2,0,1667,0,1669,G
4-HA,1648,0,1634,0,1,1635,T
4-HA,1649,0,1622,0,2,1624,T
4-HA,1650,0,3,0,1603,1606,C
4-HA,1651,1603,0,0,0,1603,A
4-HA,1652,0,1614,0,2,1616,T
4-HA,1653,0,0,0,1616,1616,C
4-HA,1654,1604,0,0,0,1604,A
4-HA,1655,0,1553,0,0,1553,T
4-HA,1656,0,0,1541,0,1541,G
4-HA,1657,0,1508,0,0,1508,T
4-HA,1658,1,0,1489,0,1490,G
4-HA,1659,0,0,1451,0,1451,G
4-HA,1660,0,0,1450,0,1450,G
4-HA,1661,0,0,0,1420,1420,C
4-HA,1662,0,0,0,1395,1395,C
4-HA,1663,1,1317,0,1,1319,T
4-HA,1664,4,0,1320,0,1324,G
4-HA,1665,0,0,0,1321,1321,C
4-HA,1666,1,0,0,1319,1320,C
4-HA,1667,1322,0,0,0,1322,A
4-HA,1668,1311,0,0,0,1311,A
4-HA,1669,1310,0,0,0,1310,A
4-HA,1670,1308,0,0,0,1308,A
4-HA,1671,1303,0,2,0,1305,A
4-HA,1672,0,0,1303,0,1303,G
4-HA,1673,0,0,1255,0,1255,G
4-HA,1674,0,0,0,1236,1236,C
4-HA,1675,1231,0,0,0,1231,A
4-HA,1676,1245,0,0,0,1245,A
4-HA,1677,0,0,0,1249,1249,C
4-HA,1678,1248,0,0,0,1248,A
4-HA,1679,0,1243,0,1,1244,T
4-HA,1680,0,1232,0,0,1232,T
4-HA,1681,1191,0,1,0,1192,A
4-HA,1682,0,0,1183,1,1184,G
4-HA,1683,0,0,1183,0,1183,G
4-HA,1684,0,1149,0,1,1150,T
4-HA,1685,0,0,1083,0,1083,G
4-HA,1686,0,1,0,1027,1028,C
4-HA,1687,1010,0,1,0,1011,A
4-HA,1688,1013,0,0,0,1013,A
4-HA,1689,0,0,0,1012,1012,C
4-HA,1690,1001,0,0,0,1001,A
4-HA,1691,0,985,0,0,985,T
4-HA,1692,0,905,0,1,906,T
4-HA,1693,0,908,0,0,908,T
4-HA,1694,0,0,907,0,907,G
4-HA,1695,0,1,1,894,896,C
4-HA,1696,892,1,0,0,893,A
4-HA,1697,0,837,0,0,837,T
4-HA,1698,0,807,0,0,807,T
4-HA,1699,0,782,0,0,782,T
4-HA,1700,0,0,782,0,782,G
4-HA,1701,734,0,0,0,734,A
5-NP,1,548,0,0,0,548,A
5-NP,2,0,548,0,0,548,T
5-NP,3,0,0,544,0,544,G
5-NP,4,1,0,547,0,548,G
5-NP,5,0,0,0,551,551,C
5-NP,6,0,0,561,0,561,G
5-NP,7,0,598,0,0,598,T
5-NP,8,0,0,0,605,605,C
5-NP,9,0,1,0,610,611,C
5-NP,10,0,0,0,611,611,C
5-NP,11,616,0,0,0,616,A
5-NP,12,612,0,1,0,613,A
5-NP,13,0,0,619,0,619,G
5-NP,14,0,0,643,0,643,G
5-NP,15,0,0,0,652,652,C
5-NP,16,650,0,2,0,652,A
5-NP,17,0,1,0,658,659,C
5-NP,18,1,1,1,654,657,C
5-NP,19,664,0,0,0,664,A
5-NP,20,667,0,0,0,667,A
5-NP,21,661,0,0,0,661,A
5-NP,22,0,1,0,668,669,C
5-NP,23,1,0,669,0,670,G
5-NP,24,0,0,745,0,745,G
5-NP,25,0,746,0,0,746,T
5-NP,26,0,0,0,821,821,C
5-NP,27,0,813,0,0,813,T
5-NP,28,0,833,0,0,833,T
5-NP,29,834,0,0,0,834,A
5-NP,30,0,834,0,0,834,T
5-NP,31,1,0,839,0,840,G
5-NP,32,839,0,0,0,839,A
5-NP,33,823,0,0,0,823,A
5-NP,34,0,0,0,827,827,C
5-NP,35,802,0,0,0,802,A
5-NP,36,0,0,887,0,887,G
5-NP,37,878,0,1,0,879,A
5-NP,38,0,882,0,0,882,T
5-NP,39,1,0,883,0,884,G
5-NP,40,0,1,884,0,885,G
5-NP,41,885,1,0,0,886,A
5-NP,42,898,0,0,1,899,A
5-NP,43,902,0,0,0,902,A
5-NP,44,0,0,0,935,935,C
5-NP,45,0,902,0,0,902,T
5-NP,46,0,0,915,0,915,G
5-NP,47,906,0,1,0,907,A
5-NP,48,0,908,0,0,908,T
5-NP,49,0,0,906,0,906,G
5-NP,50,0,0,907,0,907,G
5-NP,51,1,0,906,0,907,G
5-NP,52,0,1,912,0,913,G
5-NP,53,903,0,0,0,903,A
5-NP,54,1,900,0,0,901,T
5-NP,55,0,1,0,899,900,C
5-NP,56,0,0,912,0,912,G
5-NP,57,0,1,0,925,926,C
5-NP,58,0,0,0,928,928,C
5-NP,59,927,0,0,0,927,A
5-NP,60,0,0,938,1,939,G
5-NP,61,934,0,0,0,934,A
5-NP,62,957,0,0,0,957,A
5-NP,63,1,959,0,1,961,T
5-NP,64,0,0,959,0,959,G
5-NP,65,1,0,0,969,970,C
5-NP,66,965,0,0,0,965,A
5-NP,67,979,0,1,0,980,A
5-NP,68,0,0,1,981,982,C
5-NP,69,0,969,0,0,969,T
5-NP,70,1,0,985,0,986,G
5-NP,71,1005,0,0,0,1005,A
5-NP,72,0,0,1082,0,1082,G
5-NP,73,1079,0,0,0,1079,A
5-NP,74,1,1060,0,0,1061,T
5-NP,75,0,1065,0,1,1066,T
5-NP,76,1059,0,0,0,1059,A
5-NP,77,0,1,1059,0,1060,G
5-NP,78,1,1,1063,0,1065,G
5-NP,79,0,0,1059,0,1059,G
5-NP,80,0,0,0,1045,1045,C
5-NP,81,1025,0,0,0,1025,A
5-NP,82,1,1025,0,0,1026,T
5-NP,83,0,0,0,1030,1030,C
5-NP,84,0,0,0,1031,1031,C
5-NP,85,0,0,1049,0,1049,G
5-NP,86,0,1040,0,0,1040,T
5-NP,87,0,0,0,1042,1042,C
5-NP,88,0,0,1045,0,1045,G
5-NP,89,0,0,1049,0,1049,G
5-NP,90,0,0,1060,0,1060,G
5-NP,91,1051,0,0,0,1051,A
5-NP,92,1058,0,0,0,1058,A
5-NP,93,0,0,1069,0,1069,G
5-NP,94,1055,0,0,0,1055,A
5-NP,95,0,1069,0,0,1069,T
5-NP,96,0,0,1076,0,1076,G
5-NP,97,1072,0,1,0,1073,A
5-NP,98,2,1070,0,0,1072,T
5-NP,99,0,1066,0,0,1066,T
5-NP,100,0,0,1071,0,1071,G
5-NP,101,1075,0,0,0,1075,A
5-NP,102,0,1069,0,0,1069,T
5-NP,103,2,0,1074,0,1076,G
5-NP,104,0,0,1122,0,1122,G
5-NP,105,1112,1,1,0,1114,A
5-NP,106,1126,0,0,0,1126,A
5-NP,107,0,1121,0,0,1121,T
5-NP,108,0,1116,0,0,1116,T
5-NP,109,0,0,1129,0,1129,G
5-NP,110,0,0,1117,0,1117,G
5-NP,111,0,1,1119,0,1120,G
5-NP,112,1118,0,1,0,1119,A
5-NP,113,0,0,1089,0,1089,G
5-NP,114,1,0,1082,0,1083,G
5-NP,115,0,1143,0,1,1144,T
5-NP,116,0,1152,0,0,1152,T
5-NP,117,0,1,0,1152,1153,C
5-NP,118,0,1152,0,2,1154,T
5-NP,119,1184,0,0,0,1184,A
5-NP,120,1,0,0,1184,1185,C
5-NP,121,1223,0,0,0,1223,A
5-NP,122,0,1224,0,0,1224,T
5-NP,123,0,0,0,1187,1187,C
5-NP,124,0,0,0,1184,1184,C
5-NP,125,1187,0,0,0,1187,A
5-NP,126,1219,0,0,0,1219,A
5-NP,127,1216,0,1,0,1217,A
5-NP,128,0,1205,0,1,1206,T
5-NP,129,0,0,1211,0,1211,G
5-NP,130,0,1185,0,0,1185,T
5-NP,131,0,0,1199,0,1199,G
5-NP,132,0,0,0,1197,1197,C
5-NP,133,1196,0,0,0,1196,A
5-NP,134,1,0,0,1192,1193,C
5-NP,135,0,1167,0,0,1167,T
5-NP,136,2,0,1223,0,1225,G
5-NP,137,1248,1,1,0,1250,A
5-NP,138,1276,0,1,0,1277,A
5-NP,139,0,0,0,1295,1295,C
5-NP,140,1,1281,0,0,1282,T
5-NP,141,1,1290,0,0,1291,T
5-NP,142,1292,0,0,0,1292,A
5-NP,143,1284,0,0,0,1284,A
5-NP,144,1292,0,2,0,1294,A
5-NP,145,0,0,0,1297,1297,C
5-NP,146,0,1248,0,0,1248,T
5-NP,147,0,1,0,1265,1266,C
5-NP,148,1234,1,1,0,1236,A
5-NP,149,0,0,1269,0,1269,G
5-NP,150,0,1270,0,0,1270,T
5-NP,151,0,0,1279,0,1279,G
5-NP,152,1298,0,0,1,1299,A
5-NP,153,1,1301,0,0,1302,T
5-NP,154,0,0,0,1316,1316,C
5-NP,155,1325,0,0,0,1325,A
5-NP,156,0,1320,0,1,1321,T
5-NP,157,0,0,1319,0,1319,G
5-NP,158,1312,0,1,0,1313,A
5-NP,159,1310,0,0,0,1310,A
5-NP,160,0,0,1312,0,1312,G
5-NP,161,0,0,1290,0,1290,G
5-NP,162,0,1,1297,0,1298,G
5-NP,163,0,2,0,1286,1288,C
5-NP,164,0,0,1296,0,1296,G
5-NP,165,0,0,1308,0,1308,G
5-NP,166,0,1303,0,2,1305,T
5-NP,167,0,1307,0,0,1307,T
5-NP,168,1,1,1302,0,1304,G
5-NP,169,1451,1,0,0,1452,A
5-NP,170,0,1455,0,0,1455,T
5-NP,171,0,0,0,1452,1452,C
5-NP,172,1,0,0,1450,1451,C
5-NP,173,1451,0,0,0,1451,A
5-NP,174,0,0,1455,0,1455,G
5-NP,175,1449,0,0,0,1449,A
5-NP,176,1457,0,0,0,1457,A
5-NP,177,0,0,0,1461,1461,C
5-NP,178,1366,0,0,0,1366,A
5-NP,179,0,0,1388,0,1388,G
5-NP,180,0,0,0,1390,1390,C
5-NP,181,0,1383,0,0,1383,T
5-NP,182,0,1397,1,1,1399,T
5-NP,183,1,0,1403,0,1404,G
5-NP,184,1405,0,2,0,1407,A
5-NP,185,0,0,0,1416,1416,C
5-NP,186,1405,0,1,0,1406,A
5-NP,187,1419,0,0,0,1419,A
5-NP,188,0,1407,0,0,1407,T
5-NP,189,1406,1,0,0,1407,A
5-NP,190,0,1,1411,0,1412,G
5-NP,191,1402,1,0,0,1403,A
5-NP,192,0,0,1413,0,1413,G
5-NP,193,1401,0,0,0,1401,A
5-NP,194,1414,0,0,0,1414,A
5-NP,195,1422,0,0,0,1422,A
5-NP,196,1460,0,0,0,1460,A
5-NP,197,0,1455,0,2,1457,T
5-NP,198,1,0,1461,0,1462,G
5-NP,199,0,1,1456,0,1457,G
5-NP,200,0,1450,0,1,1451,T
5-NP,201,1416,0,1,0,1417,A
5-NP,202,0,0,0,1428,1428,C
5-NP,203,0,1431,0,0,1431,T
5-NP,204,0,1,0,1460,1461,C
5-NP,205,0,1419,0,2,1421,T
5-NP,206,0,0,0,1426,1426,C
5-NP,207,1,1421,0,1,1423,T
5-NP,208,0,0,1438,0,1438,G
5-NP,209,0,0,0,1431,1431,C
5-NP,210,0,1422,1,1,1424,T
5-NP,211,0,1419,0,0,1419,T
5-NP,212,0,1419,0,0,1419,T
5-NP,213,0,1389,0,1,1390,T
5-NP,214,0,0,1404,0,1404,G
5-NP,215,1400,0,1,1,1402,A
5-NP,216,0,1396,0,0,1396,T
5-NP,217,0,0,1400,0,1400,G
5-NP,218,1388,0,0,0,1388,A
5-NP,219,1390,0,0,0,1390,A
5-NP,220,1392,1,1,0,1394,A
5-NP,221,0,0,1393,0,1393,G
5-NP,222,1393,2,1,0,1396,A
5-NP,223,1389,0,0,0,1389,A
5-NP,224,0,0,1410,0,1410,G
5-NP,225,0,0,1469,0,1469,G
5-NP,226,1480,0,0,0,1480,A
5-NP,227,1496,0,0,0,1496,A
5-NP,228,0,1492,0,0,1492,T
5-NP,229,1493,0,0,0,1493,A
5-NP,230,1484,0,0,0,1484,A
5-NP,231,1501,0,1,0,1502,A
5-NP,232,1,1493,0,1,1495,T
5-NP,233,1495,0,0,0,1495,A
5-NP,234,0,0,0,1481,1481,C
5-NP,235,0,1,0,1451,1452,C
5-NP,236,0,1450,0,2,1452,T
5-NP,237,0,0,1467,0,1467,G
5-NP,238,0,0,1485,0,1485,G
5-NP,239,1486,0,1,0,1487,A
5-NP,240,1482,0,0,0,1482,A
5-NP,241,0,0,1503,0,1503,G
5-NP,242,1488,1,0,0,1489,A
5-NP,243,1482,0,0,0,1482,A
5-NP,244,0,0,0,1476,1476,C
5-NP,245,1475,0,4,1,1480,A
5-NP,246,0,1,0,1514,1515,C
5-NP,247,0,0,0,1502,1502,C
5-NP,248,0,0,0,1497,1497,C
5-NP,249,0,1,0,1499,1500,C
5-NP,250,1475,0,0,0,1475,A
5-NP,251,0,0,1477,0,1477,G
5-NP,252,0,0,0,1481,1481,C
5-NP,253,0,0,1481,0,1481,G
5-NP,254,0,1,0,1484,1485,C
5-NP,255,1,0,1466,0,1467,G
5-NP,256,1,2,1472,0,1475,G
5-NP,257,0,0,1473,0,1473,G
5-NP,258,0,0,1482,0,1482,G
5-NP,259,1474,0,0,0,1474,A
5-NP,260,1471,0,0,0,1471,A
5-NP,261,1479,1,0,0,1480,A
5-NP,262,0,0,1486,0,1486,G
5-NP,263,1469,0,2,0,1471,A
5-NP,264,1,1475,0,0,1476,T
5-NP,265,0,0,0,1479,1479,C
5-NP,266,1,0,0,1465,1466,C
5-NP,267,0,0,0,1472,1472,C
5-NP,268,1482,1,0,0,1483,A
5-NP,269,1489,0,1,0,1490,A
5-NP,270,0,1,1496,0,1497,G
5-NP,271,1486,0,2,1,1489,A
5-NP,272,1496,0,0,0,1496,A
5-NP,273,1498,0,0,0,1498,A
5-NP,274,1500,0,0,0,1500,A
5-NP,275,0,2,0,1509,1511,C
5-NP,276,0,1486,0,0,1486,T
5-NP,277,1,0,1485,0,1486,G
5-NP,278,0,1,1487,0,1488,G
5-NP,279,0,0,1481,0,1481,G
5-NP,280,0,0,1482,1,1483,G
5-NP,281,0,0,1499,0,1499,G
5-NP,282,0,0,1523,0,1523,G
5-NP,283,0,0,0,1654,1654,C
5-NP,284,2,0,0,1649,1651,C
5-NP,285,0,0,0,1663,1663,C
5-NP,286,1912,0,0,0,1912,A
5-NP,287,0,1911,0,0,1911,T
5-NP,288,2030,0,0,0,2030,A
5-NP,289,0,2031,0,0,2031,T
5-NP,290,2018,3,1,0,2022,A
5-NP,291,0,0,0,2037,2037,C
5-NP,292,1861,0,2,1,1864,A
5-NP,293,0,1,1913,0,1914,G
5-NP,294,0,0,1912,0,1912,G
5-NP,295,1731,0,1,2,1734,A
5-NP,296,0,0,1756,0,1756,G
5-NP,297,1661,0,0,0,1661,A
5-NP,298,0,0,1689,0,1689,G
5-NP,299,0,1676,0,0,1676,T
5-NP,300,1659,1,0,0,1660,A
5-NP,301,0,0,1668,0,1668,G
5-NP,302,1636,0,0,0,1636,A
5-NP,303,0,1635,0,1,1636,T
5-NP,304,0,1,1631,0,1632,G
5-NP,305,0,0,1635,0,1635,G
5-NP,306,1631,1,0,0,1632,A
5-NP,307,1628,0,0,0,1628,A
5-NP,308,1629,0,0,0,1629,A
5-NP,309,1636,1,0,0,1637,A
5-NP,310,0,1632,0,0,1632,T
5-NP,311,0,1,1648,0,1649,G
5-NP,312,0,1,1639,0,1640,G
5-NP,313,1630,0,2,0,1632,A
5-NP,314,0,1629,0,1,1630,T
5-NP,315,0,1,1634,0,1635,G
5-NP,316,1633,0,0,0,1633,A
5-NP,317,0,0,1641,0,1641,G
5-NP,318,1,0,1634,0,1635,G
5-NP,319,0,0,1656,0,1656,G
5-NP,320,1708,0,3,0,1711,A
5-NP,321,1722,0,0,0,1722,A
5-NP,322,0,0,0,1769,1769,C
5-NP,323,0,1764,0,0,1764,T
5-NP,324,0,0,0,1806,1806,C
5-NP,325,1,0,1838,0,1839,G
5-NP,326,0,1860,0,0,1860,T
5-NP,327,0,0,0,1903,1903,C
5-NP,328,0,0,0,2281,2281,C
5-NP,329,0,2275,0,0,2275,T
5-NP,330,1,2294,0,0,2295,T
5-NP,331,0,2300,0,0,2300,T
5-NP,332,2310,0,0,0,2310,A
5-NP,333,0,2311,0,4,2315,T
5-NP,334,1,0,2314,0,2315,G
5-NP,335,2300,42,4,0,2346,A
5-NP,336,1,1,0,2350,2352,C
5-NP,337,2314,0,0,0,2314,A
5-NP,338,2317,1,0,0,2318,A
5-NP,339,2342,0,0,0,2342,A
5-NP,340,0,0,2531,1,2532,G
5-NP,341,2521,0,0,0,2521,A
5-NP,342,2529,1,1,0,2531,A
5-NP,343,0,0,2795,0,2795,G
5-NP,344,2826,0,1,0,2827,A
5-NP,345,2844,0,0,0,2844,A
5-NP,346,2842,1,1,0,2844,A
5-NP,347,0,2830,0,17,2847,T
5-NP,348,2842,0,0,0,2842,A
5-NP,349,2814,0,3,0,2817,A
5-NP,350,0,2,2860,0,2862,G
5-NP,351,0,1,2858,0,2859,G
5-NP,352,0,0,0,2842,2842,C
5-NP,353,1,2,2841,1,2845,G
5-NP,354,2872,0,0,0,2872,A
5-NP,355,2918,0,1,0,2919,A
5-NP,356,1,2923,1,0,2925,T
5-NP,357,0,0,0,2937,2937,C
5-NP,358,2,2929,0,0,2931,T
5-NP,359,0,0,2944,0,2944,G
5-NP,360,0,0,2931,0,2931,G
5-NP,361,0,0,0,2958,2958,C
5-NP,362,1,0,2957,0,2958,G
5-NP,363,0,2,0,2960,2962,C
5-NP,364,1,0,0,2951,2952,C
5-NP,365,2970,1,0,0,2971,A
5-NP,366,3038,0,3,0,3041,A
5-NP,367,2,0,3162,0,3164,G
5-NP,368,0,12,0,3163,3175,C
5-NP,369,0,0,0,3266,3266,C
5-NP,370,3274,0,1,0,3275,A
5-NP,371,3356,0,0,0,3356,A
5-NP,372,0,0,0,3423,3423,C
5-NP,373,3435,1,0,0,3436,A
5-NP,374,3541,0,0,0,3541,A
5-NP,375,0,3544,0,0,3544,T
5-NP,376,2,0,3669,0,3671,G
5-NP,377,0,1,3670,0,3671,G
5-NP,378,0,3646,1,1,3648,T
5-NP,379,0,0,3650,0,3650,G
5-NP,380,3637,1,1,0,3639,A
5-NP,381,1,0,3800,0,3801,G
5-NP,382,1,0,3808,0,3809,G
5-NP,383,3861,0,0,0,3861,A
5-NP,384,0,4298,0,1,4299,T
5-NP,385,0,2,4353,0,4355,G
5-NP,386,0,0,0,4380,4380,C
5-NP,387,0,4386,0,4,4390,T
5-NP,388,4419,1,3,0,4423,A
5-NP,389,1,0,0,4504,4505,C
5-NP,390,4499,0,0,0,4499,A
5-NP,391,0,4484,1,2,4487,T
5-NP,392,0,0,0,4469,4469,C
5-NP,393,1,4305,0,2,4308,T
5-NP,394,0,1,4567,0,4568,G
5-NP,395,0,1,4695,0,4696,G
5-NP,396,1,4697,0,3,4701,T
5-NP,397,0,0,0,4705,4705,C
5-NP,398,0,4675,0,2,4677,T
5-NP,399,4752,0,3,0,4755,A
5-NP,400,4760,0,0,1,4761,A
5-NP,401,0,0,0,4808,4808,C
5-NP,402,1,4771,0,4,4776,T
5-NP,403,1,0,1,4887,4889,C
5-NP,404,4873,0,2,0,4875,A
5-NP,405,0,1,0,5135,5136,C
5-NP,406,5140,0,1,0,5141,A
5-NP,407,1,5170,0,1,5172,T
5-NP,408,5118,1,0,0,5119,A
5-NP,409,5134,1,3,0,5138,A
5-NP,410,0,5177,1,0,5178,T
5-NP,411,2,1,5260,0,5263,G
5-NP,412,5234,0,0,0,5234,A
5-NP,413,0,5206,0,1,5207,T
5-NP,414,0,5121,0,1,5122,T
5-NP,415,1,5122,0,0,5123,T
5-NP,416,0,3,5083,0,5086,G
5-NP,417,2,1,5106,0,5109,G
5-NP,418,0,3,0,5127,5130,C
5-NP,419,5117,0,0,1,5118,A
5-NP,420,1,5106,0,0,5107,T
5-NP,421,0,5091,0,1,5092,T
5-NP,422,4,1,0,5104,5109,C
5-NP,423,0,0,0,5122,5122,C
5-NP,424,5259,0,3,0,5262,A
5-NP,425,5261,0,3,0,5264,A
5-NP,426,0,5268,0,0,5268,T
5-NP,427,1,5272,0,1,5274,T
5-NP,428,0,5270,0,2,5272,T
5-NP,429,0,0,5320,0,5320,G
5-NP,430,5304,1,4,0,5309,A
5-NP,431,5328,0,0,0,5328,A
5-NP,432,1,5375,0,0,5376,T
5-NP,433,0,0,5310,0,5310,G
5-NP,434,5561,1,3,0,5565,A
5-NP,435,0,5584,0,3,5587,T
5-NP,436,1,1,5623,0,5625,G
5-NP,437,0,0,0,5821,5821,C
5-NP,438,5791,0,10,0,5801,A
5-NP,439,6142,1,2,2,6147,A
5-NP,440,0,3,0,6152,6155,C
5-NP,441,6235,0,0,0,6235,A
5-NP,442,0,6385,0,0,6385,T
5-NP,443,6269,0,2,0,6271,A
5-NP,444,0,1,0,6394,6395,C
5-NP,445,2,1,0,6382,6385,C
5-NP,446,6234,0,3,0,6237,A
5-NP,447,0,1,6315,0,6316,G
5-NP,448,6140,0,5,0,6145,A
5-NP,449,0,4,6386,1,6391,G
5-NP,450,2,0,6358,0,6360,G
5-NP,451,6275,5,8,0,6288,A
5-NP,452,1,3,0,6361,6365,C
5-NP,453,6303,0,1,1,6305,A
5-NP,454,6288,1,5,0,6294,A
5-NP,455,0,0,6326,0,6326,G
5-NP,456,6196,0,31,0,6227,A
5-NP,457,1,2,6280,0,6283,G
5-NP,458,0,1,0,6255,6256,C
5-NP,459,1,6174,0,8,6183,T
5-NP,460,1,0,0,6236,6237,C
5-NP,461,0,6190,0,3,6193,T
5-NP,462,2,6215,1,1,6219,T
5-NP,463,2,1,6241,0,6244,G
5-NP,464,0,6220,0,1,6221,T
5-NP,465,0,6206,0,1,6207,T
5-NP,466,1,2,1,6192,6196,C
5-NP,467,3,1,6186,0,6190,G
5-NP,468,6316,0,2,0,6318,A
5-NP,469,6316,2,1,0,6319,A
5-NP,470,0,1,0,6369,6370,C
5-NP,471,0,6347,0,7,6354,T
5-NP,472,0,1,6469,1,6471,G
5-NP,473,1,1,6502,0,6504,G
5-NP,474,6503,0,1,0,6504,A
5-NP,475,6506,0,2,3,6511,A
5-NP,476,0,6505,0,0,6505,T
5-NP,477,1,1,6461,0,6463,G
5-NP,478,1,0,6478,0,6479,G
5-NP,479,6519,1,11,0,6531,A
5-NP,480,1,6577,0,1,6579,T
5-NP,481,0,2,0,6569,6571,C
5-NP,482,0,0,1,6599,6600,C
5-NP,483,1,2,0,6638,6641,C
5-NP,484,6748,0,0,0,6748,A
5-NP,485,0,1,6845,0,6846,G
5-NP,486,6843,1,0,0,6844,A
5-NP,487,6836,0,0,0,6836,A
5-NP,488,2,6765,0,1,6768,T
5-NP,489,1,0,6887,0,6888,G
5-NP,490,1,6836,0,3,6840,T
5-NP,491,0,2,6875,0,6877,G
5-NP,492,0,2,0,6872,6874,C
5-NP,493,0,6827,1,3,6831,T
5-NP,494,1,1,0,7412,7414,C
5-NP,495,1,7351,0,3,7355,T
5-NP,496,1,1,0,7774,7776,C
5-NP,497,0,7731,0,22,7753,T
5-NP,498,1,0,7752,0,7753,G
5-NP,499,7808,2,2,0,7812,A
5-NP,500,0,7809,0,2,7811,T
5-NP,501,1,0,7800,1,7802,G
5-NP,502,0,1,0,7790,7791,C
5-NP,503,7468,0,11,0,7479,A
5-NP,504,1,2,7743,0,7746,G
5-NP,505,0,3,7586,0,7589,G
5-NP,506,3,2,7715,0,7720,G
5-NP,507,0,0,0,7696,7696,C
5-NP,508,0,7640,0,7,7647,T
5-NP,509,2,4,0,7718,7724,C
5-NP,510,2,2,7723,0,7727,G
5-NP,511,7844,1,2,0,7847,A
5-NP,512,0,1,0,7856,7857,C
5-NP,513,0,7686,0,5,7691,T
5-NP,514,0,0,1,8071,8072,C
5-NP,515,1,7992,0,2,7995,T
5-NP,516,4,1,1,9162,9168,C
5-NP,517,1,1,0,9184,9186,C
5-NP,518,5,1,0,9199,9205,C
5-NP,519,0,9181,1,1,9183,T
5-NP,520,9143,2,1,0,9146,A
5-NP,521,3,2,9147,0,9152,G
5-NP,522,9141,0,0,0,9141,A
5-NP,523,8868,2,3,0,8873,A
5-NP,524,1,4,8905,0,8910,G
5-NP,525,1,0,8759,0,8760,G
5-NP,526,0,8642,0,2,8644,T
5-NP,527,1,0,0,8633,8634,C
5-NP,528,1,2,0,8658,8661,C
5-NP,529,2,1,8667,0,8670,G
5-NP,530,1,1,8756,0,8758,G
5-NP,531,8683,1,10,0,8694,A
5-NP,532,0,1,8862,0,8863,G
5-NP,533,0,1,0,8882,8883,C
5-NP,534,0,8766,0,4,8770,T
5-NP,535,0,3,8782,0,8785,G
5-NP,536,0,1,2,8781,8784,C
5-NP,537,8768,0,12,1,8781,A
5-NP,538,1,2,8812,0,8815,G
5-NP,539,2,1,8839,0,8842,G
5-NP,540,0,8834,1,2,8837,T
5-NP,541,2,3,8729,0,8734,G
5-NP,542,0,5,0,8765,8770,C
5-NP,543,1,8763,1,12,8777,T
5-NP,544,3,0,8794,0,8797,G
5-NP,545,0,0,3,8778,8781,C
5-NP,546,8897,2,5,0,8904,A
5-NP,547,0,1,9071,0,9072,G
5-NP,548,0,8983,0,2,8985,T
5-NP,549,0,0,0,9033,9033,C
5-NP,550,9036,1,2,3,9042,A
5-NP,551,9048,1,5,0,9054,A
5-NP,552,9018,0,14,2,9034,A
5-NP,553,0,0,9127,0,9127,G
5-NP,554,0,1,9171,0,9172,G
5-NP,555,9079,2,2,0,9083,A
5-NP,556,9013,1,3,0,9017,A
5-NP,557,1,9004,0,1,9006,T
5-NP,558,1,2,0,8999,9002,C
5-NP,559,3,2,8997,2,9004,G
5-NP,560,2,1,9329,0,9332,G
5-NP,561,1,2,9343,0,9346,G
5-NP,562,9268,1,7,0,9276,A
5-NP,563,0,0,0,9302,9302,C
5-NP,564,9221,0,2,0,9223,A
5-NP,565,9424,1,6,0,9431,A
5-NP,566,0,9442,0,2,9444,T
5-NP,567,97,0,9419,0,9516,G
5-NP,568,2,1,9713,0,9716,G
5-NP,569,1,9667,1,7,9676,T
5-NP,570,1,0,9721,0,9722,G
5-NP,571,9704,0,4,0,9708,A
5-NP,572,0,9688,0,5,9693,T
5-NP,573,3,1,9698,2,9704,G
5-NP,574,1,1,9829,1,9832,G
5-NP,575,9764,1,8,2,9775,A
5-NP,576,9804,0,4,0,9808,A
5-NP,577,0,1,0,9801,9802,C
5-NP,578,0,9409,1,1,9411,T
5-NP,579,0,2,9981,1,9984,G
5-NP,580,9926,2,1,0,9929,A
5-NP,581,0,9908,1,4,9913,T
5-NP,582,0,1,0,9993,9994,C
5-NP,583,9762,1,0,0,9763,A
5-NP,584,2,1,9996,0,9999,G
5-NP,585,9887,1,4,3,9895,A
5-NP,586,9951,0,4,1,9956,A
5-NP,587,0,9972,1,1,9974,T
5-NP,588,2,2,9761,0,9765,G
5-NP,589,1,0,9952,1,9954,G
5-NP,590,2,9925,0,9,9936,T
5-NP,591,2,2,1,9924,9929,C
5-NP,592,9949,0,1,0,9950,A
5-NP,593,9859,1,6,1,9867,A
5-NP,594,9878,0,2,1,9881,A
5-NP,595,1,1,0,9896,9898,C
5-NP,596,1,7,9867,0,9875,G
5-NP,597,0,4,9889,1,9894,G
5-NP,598,1,6,9764,1,9772,G
5-NP,599,4,3,9827,0,9834,G
5-NP,600,2,0,9811,0,9813,G
5-NP,601,9810,2,6,1,9819,A
5-NP,602,2,9715,0,8,9725,T
5-NP,603,1,1,0,9758,9760,C
5-NP,604,9805,1,2,0,9808,A
5-NP,605,9825,0,5,0,9830,A
5-NP,606,0,3,0,9720,9723,C
5-NP,607,1,1,9679,0,9681,G
5-NP,608,9617,4,1,1,9623,A
5-NP,609,0,9619,0,1,9620,T
5-NP,610,0,2,1,9640,9643,C
5-NP,611,1,0,9661,0,9662,G
5-NP,612,9627,1,0,1,9629,A
5-NP,613,9624,0,3,0,9627,A
5-NP,614,9644,1,3,1,9649,A
5-NP,615,1,9798,0,1,9800,T
5-NP,616,1,9778,0,2,9781,T
5-NP,617,1,9773,1,4,9779,T
5-NP,618,2,9813,0,3,9818,T
5-NP,619,0,9840,2,1,9843,T
5-NP,620,3,1,9859,0,9863,G
5-NP,621,0,0,9882,0,9882,G
5-NP,622,9721,1,8,1,9731,A
5-NP,623,0,1,9855,0,9856,G
5-NP,624,9586,3,5,1,9595,A
5-NP,625,2,2,10173,0,10177,G
5-NP,626,3,0,10217,1,10221,G
5-NP,627,2,10156,4,10,10172,T
5-NP,628,1,0,10213,0,10214,G
5-NP,629,10167,2,13,0,10182,A
5-NP,630,3,1,10258,0,10262,G
5-NP,631,10204,3,4,1,10212,A
5-NP,632,10207,0,4,1,10212,A
5-NP,633,0,10172,0,2,10174,T
5-NP,634,1,4,9754,0,9759,G
5-NP,635,1,0,9634,0,9635,G
5-NP,636,3,0,9655,0,9658,G
5-NP,637,0,5,0,9609,9614,C
5-NP,638,3,0,9655,0,9658,G
5-NP,639,0,0,9717,1,9718,G
5-NP,640,9699,3,0,0,9702,A
5-NP,641,9714,0,4,0,9718,A
5-NP,642,9893,1,0,1,9895,A
5-NP,643,9917,0,9,3,9929,A
5-NP,644,0,0,0,10032,10032,C
5-NP,645,9975,1,9,1,9986,A
5-NP,646,9966,2,6,1,9975,A
5-NP,647,0,2,9991,1,9994,G
5-NP,648,9626,1,17,0,9644,A
5-NP,649,9697,2,2,3,9704,A
5-NP,650,0,0,10056,0,10056,G
5-NP,651,0,10034,0,6,10040,T
5-NP,652,1,0,10709,0,10710,G
5-NP,653,1,4,0,10647,10652,C
5-NP,654,0,10635,1,6,10642,T
5-NP,655,0,10711,0,2,10713,T
5-NP,656,10848,1,0,0,10849,A
5-NP,657,2,10848,1,0,10851,T
5-NP,658,2,1,10903,3,10909,G
5-NP,659,10589,0,13,1,10603,A
5-NP,660,2,4,10682,0,10688,G
5-NP,661,10017,2,2,0,10021,A
5-NP,662,0,2,10104,0,10106,G
5-NP,663,10056,1,4,0,10061,A
5-NP,664,10196,1,1,0,10198,A
5-NP,665,3,10108,0,3,10114,T
5-NP,666,2,0,10307,0,10309,G
5-NP,667,1,10237,0,10,10248,T
5-NP,668,3,1,10274,0,10278,G
5-NP,669,1,3,0,10274,10278,C
5-NP,670,10246,3,5,0,10254,A
5-NP,671,10265,1,10,0,10276,A
5-NP,672,0,1,0,10258,10259,C
5-NP,673,10159,0,1,0,10160,A
5-NP,674,1,10207,0,1,10209,T
5-NP,675,1,10079,2,4,10086,T
5-NP,676,0,1,0,10134,10135,C
5-NP,677,0,10077,0,1,10078,T
5-NP,678,1,10067,1,2,10071,T
5-NP,679,10094,2,1,0,10097,A
5-NP,680,10041,2,3,1,10047,A
5-NP,681,10063,0,3,0,10066,A
5-NP,682,1,1,10072,0,10074,G
5-NP,683,0,5,10049,0,10054,G
5-NP,684,10010,2,3,0,10015,A
5-NP,685,9991,1,2,1,9995,A
5-NP,686,9966,2,4,1,9973,A
5-NP,687,10174,0,1,0,10175,A
5-NP,688,2,10186,1,1,10190,T
5-NP,689,1,10160,0,4,10165,T
5-NP,690,2,10207,1,3,10213,T
5-NP,691,0,1,0,10210,10211,C
5-NP,692,10202,1,3,1,10207,A
5-NP,693,10203,0,3,0,10206,A
5-NP,694,10192,0,4,1,10197,A
5-NP,695,0,3,0,10334,10337,C
5-NP,696,10179,0,1,0,10180,A
5-NP,697,0,0,10428,0,10428,G
5-NP,698,1,2,0,10425,10428,C
5-NP,699,4,10403,0,3,10410,T
5-NP,700,3,0,10636,0,10639,G
5-NP,701,0,2,0,10619,10621,C
5-NP,702,10692,2,15,0,10709,A
5-NP,703,0,3,0,10728,10731,C
5-NP,704,10658,0,2,1,10661,A
5-NP,705,10714,2,9,0,10725,A
5-NP,706,10391,1,6,2,10400,A
5-NP,707,1,1,10949,0,10951,G
5-NP,708,10852,0,21,0,10873,A
5-NP,709,34,0,10985,1,11020,G
5-NP,710,1,2,0,11011,11014,C
5-NP,711,10998,2,0,1,11001,A
5-NP,712,11310,0,6,0,11316,A
5-NP,713,2,11315,1,4,11322,T
5-NP,714,0,4,11351,0,11355,G
5-NP,715,1,0,11398,0,11399,G
5-NP,716,3,10763,0,4,10770,T
5-NP,717,4,1,10777,1,10783,G
5-NP,718,1,3,10854,0,10858,G
5-NP,719,10849,0,6,1,10856,A
5-NP,720,4,10814,0,0,10818,T
5-NP,721,1,2,0,10515,10518,C
5-NP,722,10563,1,4,0,10568,A
5-NP,723,10674,0,4,0,10678,A
5-NP,724,1,2,10733,0,10736,G
5-NP,725,0,10642,0,1,10643,T
5-NP,726,2,1,10664,0,10667,G
5-NP,727,10433,2,4,0,10439,A
5-NP,728,0,3,10508,0,10511,G
5-NP,729,10451,2,11,4,10468,A
5-NP,730,3,1,10502,0,10506,G
5-NP,731,10407,1,2,0,10410,A
5-NP,732,10249,2,2,0,10253,A
5-NP,733,10304,1,18,1,10324,A
5-NP,734,2,2,10401,0,10405,G
5-NP,735,0,10361,1,0,10362,T
5-NP,736,1,1,0,10365,10367,C
5-NP,737,2,1,10328,0,10331,G
5-NP,738,3,1,10347,0,10351,G
5-NP,739,10374,2,3,0,10379,A
5-NP,740,10424,1,0,0,10425,A
5-NP,741,2,2,0,10470,10474,C
5-NP,742,0,1,0,10379,10380,C
5-NP,743,5,1,2,10390,10398,C
5-NP,744,10370,0,10,0,10380,A
5-NP,745,2,1,10433,0,10436,G
5-NP,746,1,0,10445,1,10447,G
5-NP,747,10380,2,2,0,10384,A
5-NP,748,10378,1,2,1,10382,A
5-NP,749,10202,1,150,2,10355,A
5-NP,750,1,1,0,10410,10412,C
5-NP,751,1,0,10411,0,10412,G
5-NP,752,1,1,0,10399,10401,C
5-NP,753,2,10345,1,13,10361,T
5-NP,754,2,1,10382,0,10385,G
5-NP,755,10304,1,5,0,10310,A
5-NP,756,2,1,10501,0,10504,G
5-NP,757,10508,2,1,0,10511,A
5-NP,758,0,10513,2,2,10517,T
5-NP,759,2,3,0,10407,10412,C
5-NP,760,0,3,10446,0,10449,G
5-NP,761,10438,3,1,0,10442,A
5-NP,762,10417,0,3,1,10421,A
5-NP,763,2,1,10469,0,10472,G
5-NP,764,10464,1,1,0,10466,A
5-NP,765,2,10345,1,2,10350,T
5-NP,766,0,2,0,10512,10514,C
5-NP,767,3,10482,2,8,10495,T
5-NP,768,1,2,1,10637,10641,C
5-NP,769,10655,0,3,0,10658,A
5-NP,770,0,10646,1,0,10647,T
5-NP,771,10694,0,0,0,10694,A
5-NP,772,1,10653,1,2,10657,T
5-NP,773,2,10585,0,2,10589,T
5-NP,774,2,10530,1,1,10534,T
5-NP,775,1,10368,0,2,10371,T
5-NP,776,0,10391,0,4,10395,T
5-NP,777,10429,1,4,0,10434,A
5-NP,778,0,0,10405,0,10405,G
5-NP,779,0,1,0,10420,10421,C
5-NP,780,10369,0,4,0,10373,A
5-NP,781,10341,1,1,0,10343,A
5-NP,782,1,1,10745,0,10747,G
5-NP,783,10705,0,2,2,10709,A
5-NP,784,1,10738,3,1,10743,T
5-NP,785,1,0,0,10846,10847,C
5-NP,786,0,10784,0,6,10790,T
5-NP,787,4,2,11201,1,11208,G
5-NP,788,0,1,0,11240,11241,C
5-NP,789,11236,1,4,0,11241,A
5-NP,790,3,11394,0,1,11398,T
5-NP,791,0,11010,1,5,11016,T
5-NP,792,1,4,11898,0,11903,G
5-NP,793,12137,1,4,0,12142,A
5-NP,794,2,12161,0,5,12168,T
5-NP,795,12215,1,0,0,12216,A
5-NP,796,0,11926,3,0,11929,T
5-NP,797,0,11808,1,4,11813,T
5-NP,798,0,0,11921,1,11922,G
5-NP,799,11749,3,6,2,11760,A
5-NP,800,2,2,11921,0,11925,G
5-NP,801,11227,1,7,0,11235,A
5-NP,802,1,4,11114,0,11119,G
5-NP,803,0,1,11314,0,11315,G
5-NP,804,11263,0,5,1,11269,A
5-NP,805,3,11260,1,3,11267,T
5-NP,806,3,1,0,11341,11345,C
5-NP,807,11286,1,7,0,11294,A
5-NP,808,1,1,11350,0,11352,G
5-NP,809,1,11289,0,1,11291,T
5-NP,810,0,11213,0,4,11217,T
5-NP,811,2,0,11211,0,11213,G
5-NP,812,1,2,0,11116,11119,C
5-NP,813,0,11061,0,10,11071,T
5-NP,814,3,1,0,11191,11195,C
5-NP,815,11214,2,6,0,11222,A
5-NP,816,1,2,1,11219,11223,C
5-NP,817,11213,1,3,0,11217,A
5-NP,818,11288,1,3,0,11292,A
5-NP,819,11310,0,2,4,11316,A
5-NP,820,2,11294,1,0,11297,T
5-NP,821,1,1,0,11334,11336,C
5-NP,822,1,11292,1,6,11300,T
5-NP,823,0,11269,1,2,11272,T
5-NP,824,3,2,11300,0,11305,G
5-NP,825,20,3,0,11270,11293,C
5-NP,826,3,3,0,11521,11527,C
5-NP,827,0,11483,0,7,11490,T
5-NP,828,11561,2,3,0,11566,A
5-NP,829,1,2,0,11578,11581,C
5-NP,830,0,1,0,11563,11564,C
5-NP,831,2,11490,0,5,11497,T
5-NP,832,1,2,11689,1,11693,G
5-NP,833,1,4,0,11676,11681,C
5-NP,834,1,2,1,11701,11705,C
5-NP,835,3,11524,0,3,11530,T
5-NP,836,1,0,11662,0,11663,G
5-NP,837,1,11584,2,4,11591,T
5-NP,838,1,3,11710,0,11714,G
5-NP,839,0,6,0,11788,11794,C
5-NP,840,2,1,12038,0,12041,G
5-NP,841,2,11831,0,4,11837,T
5-NP,842,11786,2,3,1,11792,A
5-NP,843,1,11809,0,2,11812,T
5-NP,844,4,0,11789,1,11794,G
5-NP,845,3,1,12398,0,12402,G
5-NP,846,12389,2,7,2,12400,A
5-NP,847,2,3,0,12207,12212,C
5-NP,848,1,1,0,12216,12218,C
5-NP,849,2,12030,1,8,12041,T
5-NP,850,3,0,12834,0,12837,G
5-NP,851,0,1,1,12859,12861,C
5-NP,852,12884,4,4,0,12892,A
5-NP,853,1,1,13231,1,13234,G
5-NP,854,1,12551,0,0,12552,T
5-NP,855,13194,2,1,0,13197,A
5-NP,856,2,13115,1,7,13125,T
5-NP,857,2,0,2,13095,13099,C
5-NP,858,2,2,0,13122,13126,C
5-NP,859,12427,0,4,0,12431,A
5-NP,860,2,2,12507,0,12511,G
5-NP,861,1,12413,0,3,12417,T
5-NP,862,2,4,12648,0,12654,G
5-NP,863,2,4,12623,1,12630,G
5-NP,864,4,1,12445,0,12450,G
5-NP,865,3,12432,1,7,12443,T
5-NP,866,12431,1,2,0,12434,A
5-NP,867,0,4,0,12406,12410,C
5-NP,868,2,213,12138,2,12355,G
5-NP,869,12295,3,6,0,12304,A
5-NP,870,1,1,0,12307,12309,C
5-NP,871,0,11953,0,4,11957,T
5-NP,872,5,11995,0,3,12003,T
5-NP,873,1,2,0,11931,11934,C
5-NP,874,5,2,11973,0,11980,G
5-NP,875,11959,2,11,0,11972,A
5-NP,876,11973,0,0,1,11974,A
5-NP,877,12003,0,2,1,12006,A
5-NP,878,12004,0,0,0,12004,A
5-NP,879,11959,1,8,1,11969,A
5-NP,880,1,1,12045,0,12047,G
5-NP,881,11970,0,11,0,11981,A
5-NP,882,0,3,12134,0,12137,G
5-NP,883,2,4,12259,0,12265,G
5-NP,884,2,2,12282,0,12286,G
5-NP,885,12299,0,14,0,12313,A
5-NP,886,2,12317,0,6,12325,T
5-NP,887,12406,1,2,0,12409,A
5-NP,888,0,12382,0,5,12387,T
5-NP,889,1,12458,1,2,12462,T
5-NP,890,3,0,0,12576,12579,C
5-NP,891,2,0,0,12480,12482,C
5-NP,892,0,12295,0,1,12296,T
5-NP,893,6,12289,0,2,12297,T
5-NP,894,2,3,12417,1,12423,G
5-NP,895,2,0,12498,0,12500,G
5-NP,896,2,12436,0,3,12441,T
5-NP,897,3,1,12363,0,12367,G
5-NP,898,2,0,12301,0,12303,G
5-NP,899,7,3,12972,1,12983,G
5-NP,900,12975,2,4,0,12981,A
5-NP,901,13008,1,1,3,13013,A
5-NP,902,1,13022,0,2,13025,T
5-NP,903,12790,2,3,0,12795,A
5-NP,904,1,3,12818,0,12822,G
5-NP,905,12708,1,17,1,12727,A
5-NP,906,1,4,1,12710,12716,C
5-NP,907,4,5,0,12593,12602,C
5-NP,908,3,0,0,12252,12255,C
5-NP,909,0,12386,0,19,12405,T
5-NP,910,0,12412,0,4,12416,T
5-NP,911,3,12408,0,4,12415,T
5-NP,912,3,2,0,12438,12443,C
5-NP,913,12401,0,1,0,12402,A
5-NP,914,12408,1,2,1,12412,A
5-NP,915,12377,3,4,1,12385,A
5-NP,916,1,2,0,12391,12394,C
5-NP,917,0,11984,1,2,11987,T
5-NP,918,11942,2,1,0,11945,A
5-NP,919,0,0,0,12130,12130,C
5-NP,920,0,12052,3,5,12060,T
5-NP,921,0,12030,1,3,12034,T
5-NP,922,1,0,0,12105,12106,C
5-NP,923,12067,0,1,0,12068,A
5-NP,924,12051,0,0,0,12051,A
5-NP,925,12010,1,3,0,12014,A
5-NP,926,12023,1,2,0,12026,A
5-NP,927,0,11904,2,2,11908,T
5-NP,928,11674,1,6,0,11681,A
5-NP,929,3,3,11923,1,11930,G
5-NP,930,1,4,0,11977,11982,C
5-NP,931,3,2,0,12207,12212,C
5-NP,932,12223,3,2,0,12228,A
5-NP,933,12268,1,1,0,12270,A
5-NP,934,12791,3,1,1,12796,A
5-NP,935,1,12828,0,0,12829,T
5-NP,936,12918,1,1,0,12920,A
5-NP,937,1,12907,0,2,12910,T
5-NP,938,12648,1,5,0,12654,A
5-NP,939,0,3,0,12692,12695,C
5-NP,940,12349,1,6,0,12356,A
5-NP,941,2,0,12756,0,12758,G
5-NP,942,1,3,0,12730,12734,C
5-NP,943,0,12214,3,6,12223,T
5-NP,944,1,12399,0,0,12400,T
5-NP,945,12467,2,1,0,12470,A
5-NP,946,12488,3,2,1,12494,A
5-NP,947,1,12470,0,1,12472,T
5-NP,948,1,0,0,12482,12483,C
5-NP,949,11965,2,7,0,11974,A
5-NP,950,2,1,12163,1,12167,G
5-NP,951,12154,2,5,0,12161,A
5-NP,952,1,2,15,12227,12245,C
5-NP,953,3,0,0,12131,12134,C
5-NP,954,1,11935,1,6,11943,T
5-NP,955,12076,1,1,1,12079,A
5-NP,956,12070,1,6,1,12078,A
5-NP,957,0,1,0,12153,12154,C
5-NP,958,2,0,12166,0,12168,G
5-NP,959,11831,1,1,0,11833,A
5-NP,960,1,2,11896,0,11899,G
5-NP,961,11775,2,7,3,11787,A
5-NP,962,11896,1,3,2,11902,A
5-NP,963,1,11878,0,2,11881,T
5-NP,964,1,1,2,11787,11791,C
5-NP,965,1,0,0,11794,11795,C
5-NP,966,11522,2,10,1,11535,A
5-NP,967,2,0,11642,1,11645,G
5-NP,968,2,2,0,11641,11645,C
5-NP,969,11779,2,3,0,11784,A
5-NP,970,1,2,0,11869,11872,C
5-NP,971,11750,1,3,0,11754,A
5-NP,972,0,1,0,11793,11794,C
5-NP,973,11763,2,7,0,11772,A
5-NP,974,11841,1,10,0,11852,A
5-NP,975,1,3,11906,0,11910,G
5-NP,976,11717,3,9,1,11730,A
5-NP,977,2,1,11828,0,11831,G
5-NP,978,1,11595,0,1,11597,T
5-NP,979,0,3,0,11580,11583,C
5-NP,980,11543,2,9,0,11554,A
5-NP,981,2,4,11588,0,11594,G
5-NP,982,0,3,0,11552,11555,C
5-NP,983,1,11422,1,8,11432,T
5-NP,984,0,2,11632,0,11634,G
5-NP,985,3,0,11667,0,11670,G
5-NP,986,4,11580,2,9,11595,T
5-NP,987,1,1,11701,0,11703,G
5-NP,988,2,11587,0,8,11597,T
5-NP,989,1,0,11594,1,11596,G
5-NP,990,2,2,11589,0,11593,G
5-NP,991,11501,2,6,1,11510,A
5-NP,992,0,11575,0,1,11576,T
5-NP,993,2,2,11051,1,11056,G
5-NP,994,3,1,11004,1,11009,G
5-NP,995,1,1,0,10969,10971,C
5-NP,996,10913,1,9,0,10923,A
5-NP,997,1,10900,0,5,10906,T
5-NP,998,1,3,10863,0,10867,G
5-NP,999,0,2,0,10977,10979,C
5-NP,1000,2,1,0,10997,11000,C
5-NP,1001,11080,1,0,0,11081,A
5-NP,1002,3,11030,2,8,11043,T
5-NP,1003,2,10848,0,3,10853,T
5-NP,1004,0,1,1,10928,10930,C
5-NP,1005,1,10795,0,3,10799,T
5-NP,1006,2,2,10789,0,10793,G
5-NP,1007,0,0,0,10777,10777,C
5-NP,1008,0,10440,0,14,10454,T
5-NP,1009,4,0,10588,0,10592,G
5-NP,1010,1,4,0,10399,10404,C
5-NP,1011,10422,0,1,0,10423,A
5-NP,1012,0,10446,0,0,10446,T
5-NP,1013,0,10338,0,1,10339,T
5-NP,1014,2,10325,1,5,10333,T
5-NP,1015,0,1,10344,0,10345,G
5-NP,1016,10317,1,7,0,10325,A
5-NP,1017,10318,2,12,0,10332,A
5-NP,1018,0,1,10473,0,10474,G
5-NP,1019,10495,1,1,1,10498,A
5-NP,1020,1,10437,0,2,10440,T
5-NP,1021,1,10427,0,1,10429,T
5-NP,1022,2,10442,0,1,10445,T
5-NP,1023,10462,0,4,0,10466,A
5-NP,1024,10465,1,5,1,10472,A
5-NP,1025,0,2,10489,0,10491,G
5-NP,1026,10429,0,4,1,10434,A
5-NP,1027,2,10438,0,0,10440,T
5-NP,1028,1,10153,0,3,10157,T
5-NP,1029,1,2,10256,0,10259,G
5-NP,1030,1,10254,0,6,10261,T
5-NP,1031,1,10235,0,4,10240,T
5-NP,1032,10243,0,1,1,10245,A
5-NP,1033,10283,0,4,1,10288,A
5-NP,1034,0,0,10329,0,10329,G
5-NP,1035,1,1,0,10385,10387,C
5-NP,1036,0,10166,0,17,10183,T
5-NP,1037,1,10221,1,1,10224,T
5-NP,1038,0,0,0,10259,10259,C
5-NP,1039,10255,0,8,0,10263,A
5-NP,1040,1,10223,2,5,10231,T
5-NP,1041,2,0,0,10262,10264,C
5-NP,1042,10103,0,6,0,10109,A
5-NP,1043,1,1,10114,0,10116,G
5-NP,1044,9957,1,9,0,9967,A
5-NP,1045,1,0,10015,0,10016,G
5-NP,1046,3,5,10056,0,10064,G
5-NP,1047,4,1,10046,1,10052,G
5-NP,1048,10047,3,13,0,10063,A
5-NP,1049,0,0,0,10073,10073,C
5-NP,1050,10090,2,3,0,10095,A
5-NP,1051,10124,2,1,1,10128,A
5-NP,1052,10134,1,2,0,10137,A
5-NP,1053,10190,0,10,0,10200,A
5-NP,1054,2,0,10243,0,10245,G
5-NP,1055,0,9926,2,5,9933,T
5-NP,1056,9879,1,6,0,9886,A
5-NP,1057,0,9830,1,5,9836,T
5-NP,1058,1,1,0,9854,9856,C
5-NP,1059,1,9729,1,6,9737,T
5-NP,1060,3,1,0,9882,9886,C
5-NP,1061,3,0,0,9816,9819,C
5-NP,1062,2,9737,0,1,9740,T
5-NP,1063,1,0,0,9739,9740,C
5-NP,1064,2,2,9713,0,9717,G
5-NP,1065,2,7,9802,0,9811,G
5-NP,1066,0,2,9801,0,9803,G
5-NP,1067,2,0,9772,0,9774,G
5-NP,1068,6,1,9775,0,9782,G
5-NP,1069,9601,1,1,0,9603,A
5-NP,1070,9616,0,1,0,9617,A
5-NP,1071,9635,0,5,1,9641,A
5-NP,1072,0,1,0,9813,9814,C
5-NP,1073,0,9745,0,1,9746,T
5-NP,1074,3,0,9862,0,9865,G
5-NP,1075,2,9768,0,4,9774,T
5-NP,1076,2,1,1,9803,9807,C
5-NP,1077,10012,1,1,0,10014,A
5-NP,1078,10130,0,0,1,10131,A
5-NP,1079,0,0,0,10189,10189,C
5-NP,1080,0,10162,0,2,10164,T
5-NP,1081,9992,2,2,0,9996,A
5-NP,1082,0,1,10054,0,10055,G
5-NP,1083,9821,2,8,0,9831,A
5-NP,1084,0,2,9861,0,9863,G
5-NP,1085,1,1,9858,0,9860,G
5-NP,1086,9450,2,5,0,9457,A
5-NP,1087,1,0,9706,0,9707,G
5-NP,1088,0,9571,1,3,9575,T
5-NP,1089,9599,0,3,0,9602,A
5-NP,1090,0,2,0,9590,9592,C
5-NP,1091,9453,0,2,1,9456,A
5-NP,1092,9445,2,4,1,9452,A
5-NP,1093,9361,0,2,0,9363,A
5-NP,1094,1,9254,0,1,9256,T
5-NP,1095,0,9169,0,2,9171,T
5-NP,1096,2,1,8932,0,8935,G
5-NP,1097,3,3,0,8873,8879,C
5-NP,1098,3,8817,1,12,8833,T
5-NP,1099,1,8812,1,4,8818,T
5-NP,1100,1,0,2,8840,8843,C
5-NP,1101,8841,1,3,0,8845,A
5-NP,1102,8911,2,1,0,8914,A
5-NP,1103,8897,1,3,0,8901,A
5-NP,1104,0,8925,0,0,8925,T
5-NP,1105,0,2,8923,0,8925,G
5-NP,1106,8731,0,9,8,8748,A
5-NP,1107,1,1,8817,0,8819,G
5-NP,1108,8817,1,8,0,8826,A
5-NP,1109,8819,0,3,1,8823,A
5-NP,1110,1,1,0,8860,8862,C
5-NP,1111,8774,2,3,0,8779,A
5-NP,1112,0,8783,0,0,8783,T
5-NP,1113,0,0,8990,0,8990,G
5-NP,1114,0,1,9082,0,9083,G
5-NP,1115,9067,0,3,1,9071,A
5-NP,1116,1,8922,2,1,8926,T
5-NP,1117,8854,1,1,0,8856,A
5-NP,1118,9527,1,3,0,9531,A
5-NP,1119,1,9281,1,0,9283,T
5-NP,1120,9266,2,2,1,9271,A
5-NP,1121,1,9235,0,2,9238,T
5-NP,1122,1,2,8617,1,8621,G
5-NP,1123,4,1,8430,0,8435,G
5-NP,1124,0,2,8399,0,8401,G
5-NP,1125,8388,0,2,0,8390,A
5-NP,1126,0,8368,0,1,8369,T
5-NP,1127,1,1,0,6851,6853,C
5-NP,1128,3,2,6848,0,6853,G
5-NP,1129,6838,2,4,0,6844,A
5-NP,1130,1,3,6842,0,6846,G
5-NP,1131,1,1,0,6821,6823,C
5-NP,1132,6754,4,1,0,6759,A
5-NP,1133,0,2,0,7178,7180,C
5-NP,1134,1,7058,0,4,7063,T
5-NP,1135,1,0,0,7182,7183,C
5-NP,1136,1,7164,0,7,7172,T
5-NP,1137,0,7095,1,1,7097,T
5-NP,1138,2,2,7092,0,7096,G
5-NP,1139,7070,1,1,1,7073,A
5-NP,1140,7096,0,5,0,7101,A
5-NP,1141,0,1,0,7101,7102,C
5-NP,1142,0,5898,0,2,5900,T
5-NP,1143,1,0,5929,0,5930,G
5-NP,1144,5751,1,4,0,5756,A
5-NP,1145,0,0,5793,0,5793,G
5-NP,1146,5783,0,0,0,5783,A
5-NP,1147,5775,0,1,0,5776,A
5-NP,1148,0,0,5903,0,5903,G
5-NP,1149,0,1,0,5864,5865,C
5-NP,1150,1,4,5845,0,5850,G
5-NP,1151,1,0,5836,0,5837,G
5-NP,1152,4833,1,858,0,5692,A
5-NP,1153,0,5785,0,1,5786,T
5-NP,1154,5743,0,0,0,5743,A
5-NP,1155,0,0,0,5744,5744,C
5-NP,1156,0,5191,0,1,5192,T
5-NP,1157,1,1,5142,0,5144,G
5-NP,1158,0,0,5060,0,5060,G
5-NP,1159,3,3,5087,0,5093,G
5-NP,1160,1,0,1,5056,5058,C
5-NP,1161,0,1,0,4902,4903,C
5-NP,1162,4944,3,0,0,4947,A
5-NP,1163,0,4953,0,0,4953,T
5-NP,1164,4949,0,3,0,4952,A
5-NP,1165,4953,2,3,0,4958,A
5-NP,1166,0,1,4919,0,4920,G
5-NP,1167,1,0,5035,0,5036,G
5-NP,1168,4946,0,5,2,4953,A
5-NP,1169,1,1,0,4944,4946,C
5-NP,1170,0,1,0,4956,4957,C
5-NP,1171,4939,0,3,0,4942,A
5-NP,1172,0,0,5024,0,5024,G
5-NP,1173,0,0,5028,0,5028,G
5-NP,1174,5001,0,2,0,5003,A
5-NP,1175,0,0,5040,0,5040,G
5-NP,1176,0,4811,0,1,4812,T
5-NP,1177,3,1,4809,0,4813,G
5-NP,1178,0,1,4883,0,4884,G
5-NP,1179,4868,0,1,0,4869,A
5-NP,1180,0,1,4887,0,4888,G
5-NP,1181,0,1,4823,0,4824,G
5-NP,1182,4801,0,1,0,4802,A
5-NP,1183,4797,0,2,1,4800,A
5-NP,1184,4817,0,4,3,4824,A
5-NP,1185,0,2,0,4867,4869,C
5-NP,1186,4838,2,1,0,4841,A
5-NP,1187,0,0,0,4953,4953,C
5-NP,1188,0,4859,0,0,4859,T
5-NP,1189,5003,0,0,0,5003,A
5-NP,1190,4999,0,0,0,4999,A
5-NP,1191,0,4979,0,1,4980,T
5-NP,1192,1,0,0,5038,5039,C
5-NP,1193,4969,0,0,0,4969,A
5-NP,1194,5007,1,5,0,5013,A
5-NP,1195,1,2,0,5018,5021,C
5-NP,1196,4863,0,0,0,4863,A
5-NP,1197,0,0,4885,0,4885,G
5-NP,1198,4677,0,3,0,4680,A
5-NP,1199,2,0,4725,0,4727,G
5-NP,1200,2,2,4724,0,4728,G
5-NP,1201,0,0,4696,0,4696,G
5-NP,1202,1,0,0,4686,4687,C
5-NP,1203,0,0,0,4654,4654,C
5-NP,1204,0,4577,0,2,4579,T
5-NP,1205,1,0,0,4627,4628,C
5-NP,1206,0,2,0,4625,4627,C
5-NP,1207,0,0,4637,0,4637,G
5-NP,1208,0,0,0,4623,4623,C
5-NP,1209,4546,1,4,0,4551,A
5-NP,1210,0,2,4729,0,4731,G
5-NP,1211,4,0,4715,0,4719,G
5-NP,1212,1,1,0,4731,4733,C
5-NP,1213,2,0,0,4742,4744,C
5-NP,1214,4677,0,0,0,4677,A
5-NP,1215,4689,0,2,1,4692,A
5-NP,1216,4712,0,1,0,4713,A
5-NP,1217,0,2,0,4753,4755,C
5-NP,1218,0,1,0,4771,4772,C
5-NP,1219,4372,0,1,0,4373,A
5-NP,1220,0,32,4426,0,4458,G
5-NP,1221,0,4404,0,1,4405,T
5-NP,1222,0,0,4445,0,4445,G
5-NP,1223,1,4421,0,2,4424,T
5-NP,1224,2,0,4400,0,4402,G
5-NP,1225,0,1,0,4414,4415,C
5-NP,1226,4367,0,0,0,4367,A
5-NP,1227,4424,0,3,0,4427,A
5-NP,1228,0,0,0,4421,4421,C
5-NP,1229,1,1,0,4378,4380,C
5-NP,1230,0,4303,0,3,4306,T
5-NP,1231,4297,0,0,0,4297,A
5-NP,1232,0,1,0,4298,4299,C
5-NP,1233,0,0,4295,0,4295,G
5-NP,1234,0,4250,0,2,4252,T
5-NP,1235,0,4293,0,3,4296,T
5-NP,1236,1,4231,0,3,4235,T
5-NP,1237,0,4190,0,2,4192,T
5-NP,1238,0,0,0,4202,4202,C
5-NP,1239,0,4114,0,0,4114,T
5-NP,1240,1,0,4238,0,4239,G
5-NP,1241,0,4224,0,2,4226,T
5-NP,1242,4225,0,4,0,4229,A
5-NP,1243,0,1,0,4240,4241,C
5-NP,1244,4168,0,1,0,4169,A
5-NP,1245,4165,0,2,0,4167,A
5-NP,1246,4172,0,3,0,4175,A
5-NP,1247,0,0,4195,0,4195,G
5-NP,1248,4166,0,1,0,4167,A
5-NP,1249,3987,1,0,0,3988,A
5-NP,1250,3986,1,1,0,3988,A
5-NP,1251,2,1,0,3994,3997,C
5-NP,1252,0,0,0,3930,3930,C
5-NP,1253,0,3896,0,2,3898,T
5-NP,1254,0,0,0,3903,3903,C
5-NP,1255,1,0,0,3903,3904,C
5-NP,1256,2,0,0,3893,3895,C
5-NP,1257,3890,0,0,0,3890,A
5-NP,1258,0,3895,0,0,3895,T
5-NP,1259,0,3906,0,1,3907,T
5-NP,1260,0,3891,0,4,3895,T
5-NP,1261,0,0,3893,0,3893,G
5-NP,1262,3855,0,18,0,3873,A
5-NP,1263,3873,0,0,1,3874,A
5-NP,1264,3884,1,0,0,3885,A
5-NP,1265,3851,0,2,0,3853,A
5-NP,1266,0,0,3937,0,3937,G
5-NP,1267,0,3894,0,2,3896,T
5-NP,1268,1,0,1,3901,3903,C
5-NP,1269,3906,0,2,0,3908,A
5-NP,1270,3917,0,1,0,3918,A
5-NP,1271,0,1,0,3914,3915,C
5-NP,1272,0,1,0,3965,3966,C
5-NP,1273,3963,0,0,0,3963,A
5-NP,1274,2,3948,0,2,3952,T
5-NP,1275,0,1,0,3936,3937,C
5-NP,1276,3894,0,5,0,3899,A
5-NP,1277,1,3923,0,1,3925,T
5-NP,1278,1,0,3932,0,3933,G
5-NP,1279,2,0,3920,0,3922,G
5-NP,1280,2,0,0,3925,3927,C
5-NP,1281,3811,1,2,0,3814,A
5-NP,1282,2,0,3817,0,3819,G
5-NP,1283,1,1,1,3770,3773,C
5-NP,1284,3791,0,0,1,3792,A
5-NP,1285,0,3770,0,0,3770,T
5-NP,1286,1,3714,0,5,3720,T
5-NP,1287,0,0,1,3738,3739,C
5-NP,1288,3719,0,2,0,3721,A
5-NP,1289,0,1,0,3763,3764,C
5-NP,1290,0,3747,0,4,3751,T
5-NP,1291,1,1,3795,0,3797,G
5-NP,1292,0,1,3809,0,3810,G
5-NP,1293,3794,2,3,0,3799,A
5-NP,1294,3805,0,0,0,3805,A
5-NP,1295,3820,0,1,0,3821,A
5-NP,1296,0,3778,1,1,3780,T
5-NP,1297,3783,1,1,0,3785,A
5-NP,1298,0,2,0,3771,3773,C
5-NP,1299,0,1,3701,1,3703,G
5-NP,1300,0,1,3697,1,3699,G
5-NP,1301,3532,0,2,0,3534,A
5-NP,1302,0,0,3600,0,3600,G
5-NP,1303,2,0,3592,0,3594,G
5-NP,1304,1,0,3607,0,3608,G
5-NP,1305,3606,1,1,0,3608,A
5-NP,1306,3593,1,2,0,3596,A
5-NP,1307,0,0,3619,0,3619,G
5-NP,1308,3612,0,0,0,3612,A
5-NP,1309,3614,0,0,0,3614,A
5-NP,1310,1,0,0,3678,3679,C
5-NP,1311,0,3582,0,0,3582,T
5-NP,1312,0,3631,0,4,3635,T
5-NP,1313,1,0,0,3615,3616,C
5-NP,1314,3609,0,6,0,3615,A
5-NP,1315,0,0,3641,0,3641,G
5-NP,1316,3613,0,1,0,3614,A
5-NP,1317,0,0,1,3622,3623,C
5-NP,1318,3575,0,0,0,3575,A
5-NP,1319,0,3471,0,0,3471,T
5-NP,1320,0,2,3473,0,3475,G
5-NP,1321,3409,1,7,0,3417,A
5-NP,1322,2,1,3465,1,3469,G
5-NP,1323,0,1,3474,0,3475,G
5-NP,1324,3,2,3460,0,3465,G
5-NP,1325,0,0,0,3462,3462,C
5-NP,1326,3430,0,4,0,3434,A
5-NP,1327,2,0,3440,0,3442,G
5-NP,1328,3435,0,0,0,3435,A
5-NP,1329,3464,0,1,0,3465,A
5-NP,1330,3469,0,1,0,3470,A
5-NP,1331,1,3433,0,0,3434,T
5-NP,1332,0,0,1,3457,3458,C
5-NP,1333,3456,2,0,0,3458,A
5-NP,1334,0,3437,1,1,3439,T
5-NP,1335,3452,0,1,0,3453,A
5-NP,1336,3420,1,2,0,3423,A
5-NP,1337,2,1,3490,0,3493,G
5-NP,1338,3423,0,1,0,3424,A
5-NP,1339,3472,0,2,0,3474,A
5-NP,1340,0,3395,0,0,3395,T
5-NP,1341,0,0,3417,0,3417,G
5-NP,1342,3414,0,2,0,3416,A
5-NP,1343,0,3405,0,0,3405,T
5-NP,1344,0,0,3405,0,3405,G
5-NP,1345,0,1,3416,0,3417,G
5-NP,1346,3321,0,3,0,3324,A
5-NP,1347,3302,4,0,1,3307,A
5-NP,1348,0,1,3227,1,3229,G
5-NP,1349,1,1,3341,0,3343,G
5-NP,1350,3,3272,0,3,3278,T
5-NP,1351,2,0,3284,0,3286,G
5-NP,1352,0,2,0,3272,3274,C
5-NP,1353,3289,0,2,0,3291,A
5-NP,1354,3287,0,1,0,3288,A
5-NP,1355,3288,0,1,0,3289,A
5-NP,1356,3334,1,1,0,3336,A
5-NP,1357,1,0,0,3346,3347,C
5-NP,1358,1,0,0,3303,3304,C
5-NP,1359,3243,0,0,0,3243,A
5-NP,1360,1,0,3271,1,3273,G
5-NP,1361,3276,0,1,1,3278,A
5-NP,1362,3265,0,0,0,3265,A
5-NP,1363,1,0,3281,0,3282,G
5-NP,1364,3251,0,1,1,3253,A
5-NP,1365,3160,0,1,0,3161,A
5-NP,1366,0,0,3207,0,3207,G
5-NP,1367,0,3167,0,2,3169,T
5-NP,1368,1,2,3182,0,3185,G
5-NP,1369,0,3145,0,4,3149,T
5-NP,1370,0,0,1,3154,3155,C
5-NP,1371,3179,0,0,0,3179,A
5-NP,1372,0,3215,0,1,3216,T
5-NP,1373,0,3211,1,0,3212,T
5-NP,1374,0,0,0,3234,3234,C
5-NP,1375,1,1,21,3138,3161,C
5-NP,1376,0,0,3168,1,3169,G
5-NP,1377,0,0,3177,0,3177,G
5-NP,1378,0,1,3163,1,3165,G
5-NP,1379,0,1,3166,0,3167,G
5-NP,1380,0,0,3170,1,3171,G
5-NP,1381,3037,0,4,0,3041,A
5-NP,1382,1,2,3066,0,3069,G
5-NP,1383,1,1,3053,0,3055,G
5-NP,1384,2,0,3039,1,3042,G
5-NP,1385,1,0,3070,0,3071,G
5-NP,1386,3044,0,0,0,3044,A
5-NP,1387,0,0,3068,0,3068,G
5-NP,1388,1,3029,2,1,3033,T
5-NP,1389,0,3016,0,0,3016,T
5-NP,1390,1,3029,0,1,3031,T
5-NP,1391,2,3017,0,3,3022,T
5-NP,1392,0,0,0,3026,3026,C
5-NP,1393,0,0,3012,0,3012,G
5-NP,1394,2996,3,3,0,3002,A
5-NP,1395,0,0,3167,0,3167,G
5-NP,1396,0,1,0,3142,3143,C
5-NP,1397,0,3154,0,4,3158,T
5-NP,1398,0,0,0,3194,3194,C
5-NP,1399,0,3185,0,1,3186,T
5-NP,1400,0,0,0,3214,3214,C
5-NP,1401,3215,0,0,3,3218,A
5-NP,1402,0,1,3272,0,3273,G
5-NP,1403,3275,0,1,0,3276,A
5-NP,1404,0,0,0,3280,3280,C
5-NP,1405,1,2,3264,0,3267,G
5-NP,1406,3192,1,1,0,3194,A
5-NP,1407,0,0,3216,0,3216,G
5-NP,1408,3194,1,1,0,3196,A
5-NP,1409,3190,0,0,1,3191,A
5-NP,1410,0,0,3202,0,3202,G
5-NP,1411,0,0,3159,0,3159,G
5-NP,1412,0,1,0,3167,3168,C
5-NP,1413,3155,0,1,0,3156,A
5-NP,1414,3148,2,11,0,3161,A
5-NP,1415,0,1,0,3159,3160,C
5-NP,1416,1,0,3168,0,3169,G
5-NP,1417,3170,0,1,0,3171,A
5-NP,1418,3192,0,1,0,3193,A
5-NP,1419,0,1,0,3174,3175,C
5-NP,1420,1,0,0,3170,3171,C
5-NP,1421,0,0,0,3138,3138,C
5-NP,1422,1,1,3155,0,3157,G
5-NP,1423,3166,0,1,0,3167,A
5-NP,1424,1,3173,0,0,3174,T
5-NP,1425,1,1,0,3127,3129,C
5-NP,1426,1,0,3139,0,3140,G
5-NP,1427,0,3107,0,0,3107,T
5-NP,1428,1,0,3113,0,3114,G
5-NP,1429,1,1,0,3092,3094,C
5-NP,1430,3,1,0,3102,3106,C
5-NP,1431,0,1,0,3112,3113,C
5-NP,1432,0,3071,0,5,3076,T
5-NP,1433,0,1,0,3349,3350,C
5-NP,1434,0,3349,0,3,3352,T
5-NP,1435,1,3353,0,1,3355,T
5-NP,1436,0,3360,0,0,3360,T
5-NP,1437,0,3327,0,1,3328,T
5-NP,1438,0,0,3372,0,3372,G
5-NP,1439,3341,1,2,1,3345,A
5-NP,1440,0,3323,0,0,3323,T
5-NP,1441,3311,0,1,0,3312,A
5-NP,1442,0,2803,0,1,2804,T
5-NP,1443,0,0,2902,0,2902,G
5-NP,1444,2872,1,1,0,2874,A
5-NP,1445,0,0,2949,0,2949,G
5-NP,1446,1,2935,1,0,2937,T
5-NP,1447,2863,0,1,0,2864,A
5-NP,1448,2873,0,1,0,2874,A
5-NP,1449,0,2871,0,0,2871,T
5-NP,1450,0,0,2872,0,2872,G
5-NP,1451,2858,2,0,0,2860,A
5-NP,1452,2548,1,6,0,2555,A
5-NP,1453,1,0,2570,0,2571,G
5-NP,1454,0,0,2412,0,2412,G
5-NP,1455,2407,0,0,0,2407,A
5-NP,1456,0,2420,0,0,2420,T
5-NP,1457,0,0,0,2415,2415,C
5-NP,1458,0,2395,0,0,2395,T
5-NP,1459,0,2387,0,0,2387,T
5-NP,1460,2392,1,0,0,2393,A
5-NP,1461,0,2383,0,2,2385,T
5-NP,1462,0,2360,0,1,2361,T
5-NP,1463,0,2330,0,0,2330,T
5-NP,1464,3,0,0,2280,2283,C
5-NP,1465,0,2185,0,2,2187,T
5-NP,1466,1,2183,0,0,2184,T
5-NP,1467,0,1,0,2184,2185,C
5-NP,1468,1,0,2165,0,2166,G
5-NP,1469,0,0,2170,0,2170,G
5-NP,1470,2150,1,2,0,2153,A
5-NP,1471,0,0,2166,0,2166,G
5-NP,1472,2159,0,0,0,2159,A
5-NP,1473,1,1,1,2125,2128,C
5-NP,1474,2036,0,0,0,2036,A
5-NP,1475,2038,0,0,0,2038,A
5-NP,1476,0,2035,0,2,2037,T
5-NP,1477,0,0,2033,0,2033,G
5-NP,1478,0,0,0,2032,2032,C
5-NP,1479,1954,0,1,0,1955,A
5-NP,1480,0,0,1956,0,1956,G
5-NP,1481,1941,0,1,0,1942,A
5-NP,1482,1816,0,1,0,1817,A
5-NP,1483,0,0,1816,0,1816,G
5-NP,1484,1283,0,0,0,1283,A
5-NP,1485,0,0,1285,0,1285,G
5-NP,1486,1,1186,0,0,1187,T
5-NP,1487,1176,0,0,0,1176,A
5-NP,1488,0,2,0,1174,1176,C
5-NP,1489,0,0,1089,0,1089,G
5-NP,1490,1084,0,0,0,1084,A
5-NP,1491,0,1,0,1068,1069,C
5-NP,1492,777,0,1,0,778,A
5-NP,1493,777,0,0,0,777,A
5-NP,1494,0,651,0,0,651,T
5-NP,1495,0,627,0,0,627,T
5-NP,1496,628,0,0,0,628,A
5-NP,1497,604,0,0,0,604,A
6-NA,1,80,0,0,0,80,A
6-NA,2,0,80,0,0,80,T
6-NA,3,0,0,80,0,80,G
6-NA,4,80,0,0,0,80,A
6-NA,5,88,0,0,0,88,A
6-NA,6,0,88,0,0,88,T
6-NA,7,0,0,0,88,88,C
6-NA,8,0,0,0,88,88,C
6-NA,9,88,0,0,0,88,A
6-NA,10,90,0,0,0,90,A
6-NA,11,89,0,0,0,89,A
6-NA,12,0,94,0,0,94,T
6-NA,13,0,0,0,94,94,C
6-NA,14,93,0,0,0,93,A
6-NA,15,96,0,0,0,96,A
6-NA,16,95,0,0,0,95,A
6-NA,17,113,0,0,0,113,A
6-NA,18,0,0,125,0,125,G
6-NA,19,130,0,0,0,130,A
6-NA,20,0,131,0,0,131,T
6-NA,21,134,0,0,0,134,A
6-NA,22,136,0,0,0,136,A
6-NA,23,0,137,0,0,137,T
6-NA,24,125,0,0,12,137,A
6-NA,25,138,0,0,0,138,A
6-NA,26,0,0,0,143,143,C
6-NA,27,0,0,143,0,143,G
6-NA,28,138,0,5,0,143,A
6-NA,29,0,142,0,0,142,T
6-NA,30,0,143,0,0,143,T
6-NA,31,0,0,143,0,143,G
6-NA,32,0,0,146,0,146,G
6-NA,33,0,0,0,147,147,C
6-NA,34,0,147,0,0,147,T
6-NA,35,0,0,0,159,159,C
6-NA,36,0,157,0,0,157,T
6-NA,37,0,0,160,0,160,G
6-NA,38,0,159,0,2,161,T
6-NA,39,0,160,0,0,160,T
6-NA,40,0,169,0,0,169,T
6-NA,41,0,0,0,169,169,C
6-NA,42,0,166,0,0,166,T
6-NA,43,0,0,0,166,166,C
6-NA,44,0,168,0,0,168,T
6-NA,45,0,0,0,173,173,C
6-NA,46,173,0,0,0,173,A
6-NA,47,0,0,0,184,184,C
6-NA,48,0,0,0,185,185,C
6-NA,49,184,0,0,0,184,A
6-NA,50,0,190,0,0,190,T
6-NA,51,0,194,0,0,194,T
6-NA,52,0,194,0,0,194,T
6-NA,53,0,0,0,204,204,C
6-NA,54,0,0,0,205,205,C
6-NA,55,206,0,0,0,206,A
6-NA,56,0,0,0,218,218,C
6-NA,57,219,0,0,0,219,A
6-NA,58,236,0,0,0,236,A
6-NA,59,0,236,0,0,236,T
6-NA,60,254,0,0,0,254,A
6-NA,61,0,253,0,0,253,T
6-NA,62,0,0,249,0,249,G
6-NA,63,0,0,0,250,250,C
6-NA,64,0,252,0,0,252,T
6-NA,65,0,256,0,0,256,T
6-NA,66,0,0,0,256,256,C
6-NA,67,0,254,0,0,254,T
6-NA,68,0,254,0,0,254,T
6-NA,69,0,0,0,253,253,C
6-NA,70,251,0,0,0,251,A
6-NA,71,0,251,0,2,253,T
6-NA,72,0,0,252,0,252,G
6-NA,73,0,0,0,251,251,C
6-NA,74,251,0,0,0,251,A
6-NA,75,254,0,0,0,254,A
6-NA,76,251,0,0,0,251,A
6-NA,77,1,260,0,0,261,T
6-NA,78,0,260,0,0,260,T
6-NA,79,0,0,260,0,260,G
6-NA,80,0,0,0,258,258,C
6-NA,81,0,0,0,259,259,C
6-NA,82,261,0,0,0,261,A
6-NA,83,0,265,0,0,265,T
6-NA,84,0,0,0,280,280,C
6-NA,85,0,281,0,0,281,T
6-NA,86,0,281,0,0,281,T
6-NA,87,0,0,292,0,292,G
6-NA,88,287,1,0,0,288,A
6-NA,89,0,293,0,0,293,T
6-NA,90,294,0,0,0,294,A
6-NA,91,294,0,0,0,294,A
6-NA,92,0,0,0,343,343,C
6-NA,93,0,337,0,0,337,T
6-NA,94,342,0,0,0,342,A
6-NA,95,0,0,0,357,357,C
6-NA,96,0,353,0,1,354,T
6-NA,97,0,0,359,0,359,G
6-NA,98,0,361,0,0,361,T
6-NA,99,360,0,0,0,360,A
6-NA,100,369,0,0,0,369,A
6-NA,101,0,0,0,355,355,C
6-NA,102,350,0,0,0,350,A
6-NA,103,0,350,0,0,350,T
6-NA,104,0,341,0,4,345,T
6-NA,105,0,0,344,0,344,G
6-NA,106,0,0,0,337,337,C
6-NA,107,343,0,0,1,344,A
6-NA,108,0,345,0,0,345,T
6-NA,109,0,346,0,0,346,T
6-NA,110,0,345,0,1,346,T
6-NA,111,0,0,0,344,344,C
6-NA,112,343,0,0,0,343,A
6-NA,113,349,0,0,0,349,A
6-NA,114,0,0,347,0,347,G
6-NA,115,0,0,0,352,352,C
6-NA,116,348,0,0,0,348,A
6-NA,117,366,0,0,0,366,A
6-NA,118,0,375,0,0,375,T
6-NA,119,375,0,0,0,375,A
6-NA,120,0,378,0,0,378,T
6-NA,121,0,0,390,0,390,G
6-NA,122,387,0,0,0,387,A
6-NA,123,391,0,0,0,391,A
6-NA,124,0,392,0,0,392,T
6-NA,125,0,394,0,0,394,T
6-NA,126,0,0,0,388,388,C
6-NA,127,380,0,2,0,382,A
6-NA,128,382,0,1,0,383,A
6-NA,129,0,0,0,389,389,C
6-NA,130,0,384,0,0,384,T
6-NA,131,0,0,0,388,388,C
6-NA,132,0,0,0,388,388,C
6-NA,133,0,1,0,409,410,C
6-NA,134,0,0,0,410,410,C
6-NA,135,1,0,0,411,412,C
6-NA,136,0,0,0,415,415,C
6-NA,137,0,0,0,416,416,C
6-NA,138,416,0,0,0,416,A
6-NA,139,416,0,0,0,416,A
6-NA,140,415,0,1,1,417,A
6-NA,141,0,0,0,426,426,C
6-NA,142,418,0,2,0,420,A
6-NA,143,425,0,1,0,426,A
6-NA,144,0,0,0,426,426,C
6-NA,145,0,0,0,422,422,C
6-NA,146,429,0,0,0,429,A
6-NA,147,429,0,0,0,429,A
6-NA,148,0,0,439,0,439,G
6-NA,149,0,437,0,0,437,T
6-NA,150,0,0,435,0,435,G
6-NA,151,442,0,0,0,442,A
6-NA,152,0,446,0,0,446,T
6-NA,153,0,0,446,0,446,G
6-NA,154,0,0,0,447,447,C
6-NA,155,0,438,0,1,439,T
6-NA,156,0,0,469,0,469,G
6-NA,157,0,468,0,0,468,T
6-NA,158,0,0,464,0,464,G
6-NA,159,0,466,0,0,466,T
6-NA,160,0,0,460,0,460,G
6-NA,161,466,0,0,0,466,A
6-NA,162,467,0,0,0,467,A
6-NA,163,0,0,0,468,468,C
6-NA,164,0,1,0,465,466,C
6-NA,165,457,0,0,0,457,A
6-NA,166,456,0,0,0,456,A
6-NA,167,0,0,0,478,478,C
6-NA,168,478,0,0,0,478,A
6-NA,169,481,0,1,0,482,A
6-NA,170,0,482,0,0,482,T
6-NA,171,481,0,0,0,481,A
6-NA,172,482,0,1,1,484,A
6-NA,173,0,483,0,0,483,T
6-NA,174,478,0,0,0,478,A
6-NA,175,0,0,483,0,483,G
6-NA,176,467,0,0,0,467,A
6-NA,177,468,0,0,0,468,A
6-NA,178,466,0,0,0,466,A
6-NA,179,0,0,465,0,465,G
6-NA,180,474,0,0,0,474,A
6-NA,181,477,0,0,0,477,A
6-NA,182,498,0,1,0,499,A
6-NA,183,1,0,0,501,502,C
6-NA,184,501,0,0,0,501,A
6-NA,185,0,506,0,1,507,T
6-NA,186,513,0,0,0,513,A
6-NA,187,517,0,0,0,517,A
6-NA,188,0,0,0,524,524,C
6-NA,189,514,0,0,0,514,A
6-NA,190,0,0,542,0,542,G
6-NA,191,533,0,0,0,533,A
6-NA,192,0,0,541,0,541,G
6-NA,193,539,0,1,0,540,A
6-NA,194,0,562,0,0,562,T
6-NA,195,557,0,0,0,557,A
6-NA,196,1,0,574,0,575,G
6-NA,197,0,566,1,0,567,T
6-NA,198,0,0,583,0,583,G
6-NA,199,0,578,0,1,579,T
6-NA,200,580,0,0,0,580,A
6-NA,201,0,577,0,1,578,T
6-NA,202,0,0,0,583,583,C
6-NA,203,0,571,0,1,572,T
6-NA,204,0,1,597,0,598,G
6-NA,205,597,0,0,0,597,A
6-NA,206,0,0,0,596,596,C
6-NA,207,0,0,0,590,590,C
6-NA,208,588,0,0,0,588,A
6-NA,209,587,0,1,0,588,A
6-NA,210,0,0,0,599,599,C
6-NA,211,599,0,0,0,599,A
6-NA,212,0,0,0,621,621,C
6-NA,213,0,0,0,614,614,C
6-NA,214,632,0,0,0,632,A
6-NA,215,0,0,0,652,652,C
6-NA,216,0,0,0,650,650,C
6-NA,217,646,0,0,0,646,A
6-NA,218,0,646,0,1,647,T
6-NA,219,640,1,0,0,641,A
6-NA,220,0,0,648,0,648,G
6-NA,221,636,0,0,0,636,A
6-NA,222,0,1,655,0,656,G
6-NA,223,638,0,1,1,640,A
6-NA,224,630,3,0,0,633,A
6-NA,225,0,0,638,0,638,G
6-NA,226,0,0,638,0,638,G
6-NA,227,636,0,0,0,636,A
6-NA,228,639,0,0,0,639,A
6-NA,229,637,0,0,0,637,A
6-NA,230,0,633,0,0,633,T
6-NA,231,626,0,0,0,626,A
6-NA,232,0,623,0,0,623,T
6-NA,233,0,0,628,0,628,G
6-NA,234,0,0,0,626,626,C
6-NA,235,0,1,0,620,621,C
6-NA,236,0,1,0,624,625,C
6-NA,237,0,0,0,628,628,C
6-NA,238,634,0,0,0,634,A
6-NA,239,647,0,0,0,647,A
6-NA,240,645,0,1,0,646,A
6-NA,241,0,0,0,650,650,C
6-NA,242,0,645,0,1,646,T
6-NA,243,637,0,2,1,640,A
6-NA,244,0,0,639,0,639,G
6-NA,245,0,0,0,641,641,C
6-NA,246,642,0,0,0,642,A
6-NA,247,0,0,654,0,654,G
6-NA,248,645,0,0,0,645,A
6-NA,249,665,1,0,0,666,A
6-NA,250,0,669,0,0,669,T
6-NA,251,670,0,0,0,670,A
6-NA,252,0,0,0,671,671,C
6-NA,253,668,0,0,0,668,A
6-NA,254,0,0,669,0,669,G
6-NA,255,666,0,0,0,666,A
6-NA,256,657,0,0,0,657,A
6-NA,257,659,0,0,0,659,A
6-NA,258,0,647,0,0,647,T
6-NA,259,0,642,0,0,642,T
6-NA,260,0,0,641,0,641,G
6-NA,261,0,0,642,0,642,G
6-NA,262,0,642,0,1,643,T
6-NA,263,0,0,0,646,646,C
6-NA,264,647,0,0,0,647,A
6-NA,265,645,0,1,0,646,A
6-NA,266,645,0,1,0,646,A
6-NA,267,638,0,0,0,638,A
6-NA,268,0,0,0,647,647,C
6-NA,269,0,0,0,650,650,C
6-NA,270,1,0,645,0,646,G
6-NA,271,0,0,0,651,651,C
6-NA,272,654,0,0,0,654,A
6-NA,273,655,0,1,0,656,A
6-NA,274,0,657,0,0,657,T
6-NA,275,0,0,659,0,659,G
6-NA,276,0,658,0,0,658,T
6-NA,277,0,0,651,0,651,G
6-NA,278,657,0,3,0,660,A
6-NA,279,0,1,0,663,664,C
6-NA,280,658,0,0,0,658,A
6-NA,281,0,668,0,0,668,T
6-NA,282,0,664,0,0,664,T
6-NA,283,665,0,0,0,665,A
6-NA,284,0,0,0,664,664,C
6-NA,285,661,0,1,0,662,A
6-NA,286,0,1,666,0,667,G
6-NA,287,0,0,664,0,664,G
6-NA,288,661,0,0,0,661,A
6-NA,289,0,658,0,0,658,T
6-NA,290,0,652,0,0,652,T
6-NA,291,0,651,0,0,651,T
6-NA,292,0,0,655,0,655,G
6-NA,293,0,0,0,651,651,C
6-NA,294,646,0,2,0,648,A
6-NA,295,0,0,0,652,652,C
6-NA,296,0,0,0,649,649,C
6-NA,297,0,650,0,0,650,T
6-NA,298,0,651,0,0,651,T
6-NA,299,0,655,1,0,656,T
6-NA,300,0,655,0,1,656,T
6-NA,301,0,672,0,0,672,T
6-NA,302,0,0,0,676,676,C
6-NA,303,0,675,0,0,675,T
6-NA,304,676,0,0,0,676,A
6-NA,305,671,0,0,0,671,A
6-NA,306,0,2,680,0,682,G
6-NA,307,0,1,680,0,681,G
6-NA,308,678,0,1,0,679,A
6-NA,309,0,1,0,683,684,C
6-NA,310,671,0,0,0,671,A
6-NA,311,674,0,1,0,675,A
6-NA,312,0,676,0,0,676,T
6-NA,313,2,678,0,0,680,T
6-NA,314,0,0,1,690,691,C
6-NA,315,0,4,679,0,683,G
6-NA,316,683,0,1,0,684,A
6-NA,317,0,680,0,0,680,T
6-NA,318,0,684,0,1,685,T
6-NA,319,683,0,0,0,683,A
6-NA,320,0,0,692,0,692,G
6-NA,321,0,0,695,0,695,G
6-NA,322,0,0,0,694,694,C
6-NA,323,0,682,0,0,682,T
6-NA,324,0,684,0,0,684,T
6-NA,325,0,681,0,0,681,T
6-NA,326,0,0,0,684,684,C
6-NA,327,0,0,0,686,686,C
6-NA,328,2,0,683,0,685,G
6-NA,329,0,0,0,683,683,C
6-NA,330,0,684,0,1,685,T
6-NA,331,0,0,711,0,711,G
6-NA,332,0,0,710,0,710,G
6-NA,333,0,713,0,0,713,T
6-NA,334,0,1,712,0,713,G
6-NA,335,0,0,711,0,711,G
6-NA,336,1,0,712,0,713,G
6-NA,337,0,0,721,0,721,G
6-NA,338,719,0,0,0,719,A
6-NA,339,0,1,0,725,726,C
6-NA,340,713,0,1,0,714,A
6-NA,341,0,711,0,0,711,T
6-NA,342,0,0,0,713,713,C
6-NA,343,0,713,0,0,713,T
6-NA,344,0,1,716,0,717,G
6-NA,345,0,0,722,0,722,G
6-NA,346,0,0,722,0,722,G
6-NA,347,0,722,0,0,722,T
6-NA,348,0,0,714,0,714,G
6-NA,349,707,0,0,0,707,A
6-NA,350,0,1,0,736,737,C
6-NA,351,738,0,0,0,738,A
6-NA,352,746,0,0,0,746,A
6-NA,353,1,0,749,0,750,G
6-NA,354,732,0,0,0,732,A
6-NA,355,0,0,738,0,738,G
6-NA,356,744,0,0,0,744,A
6-NA,357,767,0,0,0,767,A
6-NA,358,0,0,0,832,832,C
6-NA,359,1,0,0,851,852,C
6-NA,360,0,850,0,0,850,T
6-NA,361,0,848,0,0,848,T
6-NA,362,844,1,1,0,846,A
6-NA,363,0,847,0,1,848,T
6-NA,364,0,0,868,0,868,G
6-NA,365,0,863,0,2,865,T
6-NA,366,0,0,877,0,877,G
6-NA,367,0,851,0,0,851,T
6-NA,368,0,0,0,841,841,C
6-NA,369,844,0,1,0,845,A
6-NA,370,0,844,0,0,844,T
6-NA,371,0,0,842,0,842,G
6-NA,372,0,0,0,841,841,C
6-NA,373,0,0,837,0,837,G
6-NA,374,896,0,0,0,896,A
6-NA,375,0,888,0,2,890,T
6-NA,376,0,0,0,901,901,C
6-NA,377,0,0,0,908,908,C
6-NA,378,0,913,0,0,913,T
6-NA,379,0,0,924,0,924,G
6-NA,380,921,2,0,0,923,A
6-NA,381,0,0,0,924,924,C
6-NA,382,919,0,0,0,919,A
6-NA,383,886,0,1,0,887,A
6-NA,384,0,1,926,0,927,G
6-NA,385,0,917,0,0,917,T
6-NA,386,0,0,932,0,932,G
6-NA,387,1,924,0,0,925,T
6-NA,388,0,923,0,0,923,T
6-NA,389,926,0,0,0,926,A
6-NA,390,0,921,0,0,921,T
6-NA,391,0,0,0,941,941,C
6-NA,392,944,0,0,0,944,A
6-NA,393,935,0,0,0,935,A
6-NA,394,0,930,0,0,930,T
6-NA,395,0,923,0,1,924,T
6-NA,396,0,927,0,0,927,T
6-NA,397,0,0,922,0,922,G
6-NA,398,0,1,0,962,963,C
6-NA,399,0,1,0,965,966,C
6-NA,400,0,0,0,972,972,C
6-NA,401,0,963,0,2,965,T
6-NA,402,0,965,0,0,965,T
6-NA,403,0,0,978,0,978,G
6-NA,404,0,0,981,0,981,G
6-NA,405,985,0,0,0,985,A
6-NA,406,0,0,0,984,984,C
6-NA,407,955,0,1,0,956,A
6-NA,408,0,1,977,0,978,G
6-NA,409,0,1,974,0,975,G
6-NA,410,0,0,1021,0,1021,G
6-NA,411,1020,0,3,0,1023,A
6-NA,412,1020,0,0,0,1020,A
6-NA,413,0,0,0,1021,1021,C
6-NA,414,1015,0,1,0,1016,A
6-NA,415,1112,0,0,0,1112,A
6-NA,416,0,0,0,1123,1123,C
6-NA,417,1112,0,0,0,1112,A
6-NA,418,0,0,0,1126,1126,C
6-NA,419,0,1101,0,0,1101,T
6-NA,420,1111,0,1,0,1112,A
6-NA,421,1110,0,0,0,1110,A
6-NA,422,1113,0,0,0,1113,A
6-NA,423,0,0,0,1117,1117,C
6-NA,424,1046,0,0,0,1046,A
6-NA,425,1048,0,0,0,1048,A
6-NA,426,0,0,0,1043,1043,C
6-NA,427,1,0,1041,0,1042,G
6-NA,428,0,1040,0,1,1041,T
6-NA,429,2,0,1037,0,1039,G
6-NA,430,0,1,0,1039,1040,C
6-NA,431,1041,0,0,0,1041,A
6-NA,432,0,1039,0,1,1040,T
6-NA,433,0,1044,0,0,1044,T
6-NA,434,0,0,0,1047,1047,C
6-NA,435,1060,0,0,0,1060,A
6-NA,436,1058,0,0,0,1058,A
6-NA,437,1061,0,0,0,1061,A
6-NA,438,0,1066,0,0,1066,T
6-NA,439,2,0,1064,1,1067,G
6-NA,440,1081,0,2,0,1083,A
6-NA,441,0,0,0,1094,1094,C
6-NA,442,1092,0,1,0,1093,A
6-NA,443,0,0,0,1106,1106,C
6-NA,444,1093,0,1,0,1094,A
6-NA,445,0,0,1365,0,1365,G
6-NA,446,1,1357,0,0,1358,T
6-NA,447,1369,0,0,0,1369,A
6-NA,448,0,0,0,1370,1370,C
6-NA,449,0,1,1362,0,1363,G
6-NA,450,0,1414,0,9,1423,T
6-NA,451,0,0,1423,0,1423,G
6-NA,452,1421,0,0,0,1421,A
6-NA,453,0,1428,0,0,1428,T
6-NA,454,1275,0,0,0,1275,A
6-NA,455,0,0,1272,0,1272,G
6-NA,456,1,0,1270,0,1271,G
6-NA,457,1270,0,2,0,1272,A
6-NA,458,0,0,0,1290,1290,C
6-NA,459,1,0,0,1257,1258,C
6-NA,460,0,0,1,1262,1263,C
6-NA,461,0,0,0,1259,1259,C
6-NA,462,1,1261,0,2,1264,T
6-NA,463,0,1295,0,0,1295,T
6-NA,464,1305,0,0,0,1305,A
6-NA,465,0,1296,0,0,1296,T
6-NA,466,0,1,0,1297,1298,C
6-NA,467,0,0,1286,0,1286,G
6-NA,468,0,0,1287,0,1287,G
6-NA,469,1282,0,1,0,1283,A
6-NA,470,0,0,0,1298,1298,C
6-NA,471,0,1,0,1282,1283,C
6-NA,472,1,0,0,1355,1356,C
6-NA,473,0,1343,0,5,1348,T
6-NA,474,1373,0,0,0,1373,A
6-NA,475,0,1370,0,0,1370,T
6-NA,476,0,1373,0,0,1373,T
6-NA,477,2,0,1372,0,1374,G
6-NA,478,1367,0,1,0,1368,A
6-NA,479,1,1362,0,0,1363,T
6-NA,480,0,1,1363,1,1365,G
6-NA,481,1320,0,2,0,1322,A
6-NA,482,1326,0,0,0,1326,A
6-NA,483,0,1321,0,0,1321,T
6-NA,484,0,0,1348,0,1348,G
6-NA,485,1351,0,1,0,1352,A
6-NA,486,0,0,1375,0,1375,G
6-NA,487,1,1365,1,0,1367,T
6-NA,488,0,1372,0,0,1372,T
6-NA,489,1379,0,1,0,1380,A
6-NA,490,1,0,1379,0,1380,G
6-NA,491,0,0,1385,0,1385,G
6-NA,492,0,1380,0,2,1382,T
6-NA,493,0,1,1383,0,1384,G
6-NA,494,0,1364,0,4,1368,T
6-NA,495,0,1365,0,3,1368,T
6-NA,496,0,1,0,1375,1376,C
6-NA,497,0,3,0,1376,1379,C
6-NA,498,0,1369,0,0,1369,T
6-NA,499,0,1375,0,0,1375,T
6-NA,500,0,1366,0,1,1367,T
6-NA,501,0,1372,0,1,1373,T
6-NA,502,0,0,0,1378,1378,C
6-NA,503,1367,0,0,0,1367,A
6-NA,504,0,1396,0,0,1396,T
6-NA,505,0,0,0,1402,1402,C
6-NA,506,0,1386,0,1,1387,T
6-NA,507,0,1,1381,0,1382,G
6-NA,508,0,1,1377,0,1378,G
6-NA,509,0,2,1378,0,1380,G
6-NA,510,0,1,1391,0,1392,G
6-NA,511,1397,0,0,0,1397,A
6-NA,512,0,0,0,1405,1405,C
6-NA,513,0,1,0,1390,1391,C
6-NA,514,1407,0,0,0,1407,A
6-NA,515,1408,0,1,0,1409,A
6-NA,516,0,1,1411,0,1412,G
6-NA,517,0,0,0,1417,1417,C
6-NA,518,1412,0,0,0,1412,A
6-NA,519,1419,1,1,0,1421,A
6-NA,520,0,0,1424,0,1424,G
6-NA,521,1,1419,0,0,1420,T
6-NA,522,0,0,1436,0,1436,G
6-NA,523,0,1430,0,0,1430,T
6-NA,524,0,0,1470,1,1471,G
6-NA,525,1,0,0,1468,1469,C
6-NA,526,1465,0,0,0,1465,A
6-NA,527,0,1468,0,0,1468,T
6-NA,528,1444,0,0,0,1444,A
6-NA,529,1,1,1462,0,1464,G
6-NA,530,0,0,0,1464,1464,C
6-NA,531,1411,0,1,0,1412,A
6-NA,532,0,1399,0,1,1400,T
6-NA,533,0,0,1294,0,1294,G
6-NA,534,1,0,1463,0,1464,G
6-NA,535,0,1461,0,1,1462,T
6-NA,536,0,0,0,1437,1437,C
6-NA,537,0,0,0,1470,1470,C
6-NA,538,1391,0,0,0,1391,A
6-NA,539,0,0,1561,0,1561,G
6-NA,540,0,0,0,1577,1577,C
6-NA,541,0,1573,0,1,1574,T
6-NA,542,0,0,0,1585,1585,C
6-NA,543,1486,0,0,0,1486,A
6-NA,544,1562,0,2,0,1564,A
6-NA,545,1,0,1587,0,1588,G
6-NA,546,1,1580,0,0,1581,T
6-NA,547,0,1571,0,0,1571,T
6-NA,548,17,0,1571,0,1588,G
6-NA,549,0,1589,0,1,1590,T
6-NA,550,0,1,0,1590,1591,C
6-NA,551,1592,0,0,1,1593,A
6-NA,552,0,0,0,1629,1629,C
6-NA,553,0,0,1628,0,1628,G
6-NA,554,1719,0,0,0,1719,A
6-NA,555,0,1736,0,0,1736,T
6-NA,556,0,1,1833,0,1834,G
6-NA,557,0,0,1858,0,1858,G
6-NA,558,1858,0,1,0,1859,A
6-NA,559,1862,0,0,0,1862,A
6-NA,560,1912,0,0,1,1913,A
6-NA,561,1928,0,1,0,1929,A
6-NA,562,0,0,2006,0,2006,G
6-NA,563,0,0,0,2004,2004,C
6-NA,564,2003,0,0,0,2003,A
6-NA,565,0,2015,0,0,2015,T
6-NA,566,0,0,2064,0,2064,G
6-NA,567,0,1,2088,0,2089,G
6-NA,568,0,0,0,2152,2152,C
6-NA,569,0,2143,0,5,2148,T
6-NA,570,1,1,2169,0,2171,G
6-NA,571,0,1,0,2168,2169,C
6-NA,572,2188,0,1,0,2189,A
6-NA,573,0,2380,0,2,2382,T
6-NA,574,0,0,2396,0,2396,G
6-NA,575,0,2461,0,0,2461,T
6-NA,576,0,2559,0,1,2560,T
6-NA,577,0,2563,0,2,2565,T
6-NA,578,0,0,2925,0,2925,G
6-NA,579,1,2922,0,1,2924,T
6-NA,580,2924,0,0,0,2924,A
6-NA,581,0,2952,0,0,2952,T
6-NA,582,2915,0,0,0,2915,A
6-NA,583,2942,0,3,0,2945,A
6-NA,584,0,0,0,2948,2948,C
6-NA,585,1,0,2931,0,2932,G
6-NA,586,1,0,2962,0,2963,G
6-NA,587,1,1,2907,0,2909,G
6-NA,588,1,0,2937,0,2938,G
6-NA,589,1,0,2954,0,2955,G
6-NA,590,2923,1,2,0,2926,A
6-NA,591,0,2965,1,2,2968,T
6-NA,592,0,0,3005,0,3005,G
6-NA,593,3040,2,4,0,3046,A
6-NA,594,1,3060,0,0,3061,T
6-NA,595,3066,0,2,0,3068,A
6-NA,596,3112,0,0,0,3112,A
6-NA,597,3137,0,0,0,3137,A
6-NA,598,3130,1,2,1,3134,A
6-NA,599,3156,0,1,0,3157,A
6-NA,600,0,3161,0,0,3161,T
6-NA,601,0,0,3159,0,3159,G
6-NA,602,1,0,0,3149,3150,C
6-NA,603,3150,1,0,0,3151,A
6-NA,604,3165,0,6,0,3171,A
6-NA,605,0,0,0,3245,3245,C
6-NA,606,0,3251,0,1,3252,T
6-NA,607,0,0,3277,0,3277,G
6-NA,608,0,1,0,3266,3267,C
6-NA,609,1,3274,1,0,3276,T
6-NA,610,3284,0,1,0,3285,A
6-NA,611,1,0,3300,0,3301,G
6-NA,612,0,0,0,3345,3345,C
6-NA,613,0,3346,0,2,3348,T
6-NA,614,0,3334,0,1,3335,T
6-NA,615,1,0,0,3417,3418,C
6-NA,616,3458,1,1,0,3460,A
6-NA,617,1,3471,1,0,3473,T
6-NA,618,0,3484,0,2,3486,T
6-NA,619,0,3520,0,3,3523,T
6-NA,620,3556,1,0,0,3557,A
6-NA,621,0,1,0,3608,3609,C
6-NA,622,3597,0,1,0,3598,A
6-NA,623,3625,1,2,0,3628,A
6-NA,624,0,3623,0,0,3623,T
6-NA,625,0,0,3618,0,3618,G
6-NA,626,0,1,3609,1,3611,G
6-NA,627,0,0,3620,0,3620,G
6-NA,628,3605,1,1,0,3607,A
6-NA,629,0,0,3763,1,3764,G
6-NA,630,0,2,3836,1,3839,G
6-NA,631,0,0,0,4322,4322,C
6-NA,632,0,4318,1,4,4323,T
6-NA,633,0,4403,1,4,4408,T
6-NA,634,2,0,4471,0,4473,G
6-NA,635,0,4488,0,0,4488,T
6-NA,636,4608,0,3,0,4611,A
6-NA,637,4,0,4641,0,4645,G
6-NA,638,4560,3,1,1,4565,A
6-NA,639,0,4584,0,1,4585,T
6-NA,640,4272,0,0,1,4273,A
6-NA,641,0,0,4280,0,4280,G
6-NA,642,0,4245,0,2,4247,T
6-NA,643,4,1,4164,0,4169,G
6-NA,644,0,4517,0,1,4518,T
6-NA,645,1,4513,0,0,4514,T
6-NA,646,1,0,4604,0,4605,G
6-NA,647,1,4602,0,3,4606,T
6-NA,648,0,4606,1,2,4609,T
6-NA,649,1,4625,0,0,4626,T
6-NA,650,0,0,0,4541,4541,C
6-NA,651,4540,1,3,0,4544,A
6-NA,652,1,4532,0,0,4533,T
6-NA,653,1,0,4526,0,4527,G
6-NA,654,1,0,4951,0,4952,G
6-NA,655,0,4905,0,6,4911,T
6-NA,656,1,1,0,4905,4907,C
6-NA,657,0,0,0,4914,4914,C
6-NA,658,4950,0,1,0,4951,A
6-NA,659,5008,1,2,2,5013,A
6-NA,660,5009,0,2,1,5012,A
6-NA,661,0,1,5059,0,5060,G
6-NA,662,5040,0,0,0,5040,A
6-NA,663,4883,0,2,1,4886,A
6-NA,664,4904,0,2,0,4906,A
6-NA,665,0,4898,0,1,4899,T
6-NA,666,1,0,0,5154,5155,C
6-NA,667,1,1,0,5144,5146,C
6-NA,668,1,5130,0,2,5133,T
6-NA,669,0,0,0,5157,5157,C
6-NA,670,5130,0,5,1,5136,A
6-NA,671,2,1,5213,0,5216,G
6-NA,672,0,6,5201,0,5207,G
6-NA,673,5386,0,2,0,5388,A
6-NA,674,1,2,0,5402,5405,C
6-NA,675,0,3,0,5305,5308,C
6-NA,676,1,0,0,5301,5302,C
6-NA,677,5309,0,1,0,5310,A
6-NA,678,0,2,5332,0,5334,G
6-NA,679,0,0,5359,2,5361,G
6-NA,680,5321,1,14,0,5336,A
6-NA,681,2,0,5474,0,5476,G
6-NA,682,0,5395,0,3,5398,T
6-NA,683,2,4,0,5409,5415,C
6-NA,684,5406,0,11,1,5418,A
6-NA,685,1,0,5470,0,5471,G
6-NA,686,5432,0,5,0,5437,A
6-NA,687,5462,0,0,1,5463,A
6-NA,688,0,5435,0,1,5436,T
6-NA,689,2,0,5474,0,5476,G
6-NA,690,0,1,0,5476,5477,C
6-NA,691,3,0,5524,0,5527,G
6-NA,692,0,5496,0,2,5498,T
6-NA,693,0,5505,1,2,5508,T
6-NA,694,0,5467,0,0,5467,T
6-NA,695,0,1,5544,0,5545,G
6-NA,696,1,5573,0,0,5574,T
6-NA,697,5579,2,0,0,5581,A
6-NA,698,1,5549,0,4,5554,T
6-NA,699,0,1,0,5579,5580,C
6-NA,700,5587,0,0,0,5587,A
6-NA,701,5584,0,0,0,5584,A
6-NA,702,0,5591,0,1,5592,T
6-NA,703,0,1,5584,1,5586,G
6-NA,704,0,0,5601,0,5601,G
6-NA,705,5761,1,3,1,5766,A
6-NA,706,5778,0,10,0,5788,A
6-NA,707,0,0,0,5860,5860,C
6-NA,708,2,5922,1,8,5933,T
6-NA,709,1,5907,0,0,5908,T
6-NA,710,4,0,6191,0,6195,G
6-NA,711,2,6196,0,0,6198,T
6-NA,712,6195,2,0,0,6197,A
6-NA,713,0,2,0,6348,6350,C
6-NA,714,6183,0,2,0,6185,A
6-NA,715,3,0,6744,0,6747,G
6-NA,716,0,6688,0,3,6691,T
6-NA,717,7052,0,2,0,7054,A
6-NA,718,1,0,7094,0,7095,G
6-NA,719,0,6968,0,1,6969,T
6-NA,720,6955,0,1,0,6956,A
6-NA,721,6941,1,0,0,6942,A
6-NA,722,1,6933,0,2,6936,T
6-NA,723,0,2,6967,0,6969,G
6-NA,724,6807,0,1,0,6808,A
6-NA,725,0,0,0,6871,6871,C
6-NA,726,2,6680,0,5,6687,T
6-NA,727,0,2,6724,0,6726,G
6-NA,728,6681,0,6,0,6687,A
6-NA,729,0,6741,0,7,6748,T
6-NA,730,2,2,6742,0,6746,G
6-NA,731,1,0,6700,0,6701,G
6-NA,732,1,2,6692,0,6695,G
6-NA,733,6590,0,4,0,6594,A
6-NA,734,0,0,6613,0,6613,G
6-NA,735,4,6570,0,10,6584,T
6-NA,736,1,0,6617,1,6619,G
6-NA,737,0,0,0,6662,6662,C
6-NA,738,0,6654,1,3,6658,T
6-NA,739,1,6655,0,4,6660,T
6-NA,740,1,0,0,6660,6661,C
6-NA,741,6635,1,6,0,6642,A
6-NA,742,1,0,6694,0,6695,G
6-NA,743,2,0,6698,0,6700,G
6-NA,744,6668,0,0,0,6668,A
6-NA,745,6616,0,0,0,6616,A
6-NA,746,6557,0,1,0,6558,A
6-NA,747,6599,2,7,1,6609,A
6-NA,748,1,0,6641,0,6642,G
6-NA,749,0,1,0,6642,6643,C
6-NA,750,1,6607,0,2,6610,T
6-NA,751,0,1,6615,0,6616,G
6-NA,752,6592,1,7,0,6600,A
6-NA,753,1,6709,0,0,6710,T
6-NA,754,6739,1,1,0,6741,A
6-NA,755,0,1,0,7137,7138,C
6-NA,756,0,7098,0,0,7098,T
6-NA,757,7092,0,11,0,7103,A
6-NA,758,7099,0,0,0,7099,A
6-NA,759,7107,1,3,0,7111,A
6-NA,760,7364,2,1,1,7368,A
6-NA,761,0,7354,1,1,7356,T
6-NA,762,7356,1,2,0,7359,A
6-NA,763,0,0,0,7415,7415,C
6-NA,764,0,7063,0,1,7064,T
6-NA,765,7175,0,1,1,7177,A
6-NA,766,1,7108,0,9,7118,T
6-NA,767,0,7465,1,4,7470,T
6-NA,768,1,1,0,7543,7545,C
6-NA,769,7385,1,1,1,7388,A
6-NA,770,0,7371,0,1,7372,T
6-NA,771,0,7348,0,2,7350,T
6-NA,772,1,1,7411,0,7413,G
6-NA,773,7333,0,8,0,7341,A
6-NA,774,0,1,7384,0,7385,G
6-NA,775,2,2,7396,0,7400,G
6-NA,776,7059,0,1,0,7060,A
6-NA,777,3,1,7350,0,7354,G
6-NA,778,3,3,7353,1,7360,G
6-NA,779,3,2,7368,0,7373,G
6-NA,780,1,1,7383,0,7385,G
6-NA,781,7329,0,3,0,7332,A
6-NA,782,7322,2,8,0,7332,A
6-NA,783,7,0,7054,0,7061,G
6-NA,784,7114,0,10,0,7124,A
6-NA,785,0,7117,1,1,7119,T
6-NA,786,2,4,0,7178,7184,C
6-NA,787,1,0,7339,0,7340,G
6-NA,788,1,7331,0,1,7333,T
6-NA,789,1,7305,0,5,7311,T
6-NA,790,0,3,0,7335,7338,C
6-NA,791,7327,0,0,0,7327,A
6-NA,792,1,7803,2,2,7808,T
6-NA,793,7800,0,2,0,7802,A
6-NA,794,0,0,0,7847,7847,C
6-NA,795,0,7798,1,4,7803,T
6-NA,796,7653,0,0,0,7653,A
6-NA,797,3,0,7637,0,7640,G
6-NA,798,0,3,0,7634,7637,C
6-NA,799,7654,0,3,0,7657,A
6-NA,800,0,3,1,7678,7682,C
6-NA,801,7310,1,0,0,7311,A
6-NA,802,0,7430,0,3,7433,T
6-NA,803,0,7370,2,0,7372,T
6-NA,804,1,0,7925,0,7926,G
6-NA,805,0,7886,0,5,7891,T
6-NA,806,1,5,1,7876,7883,C
6-NA,807,7868,0,8,1,7877,A
6-NA,808,3,0,7888,0,7891,G
6-NA,809,1,1,7904,1,7907,G
6-NA,810,7854,0,0,0,7854,A
6-NA,811,7736,0,0,1,7737,A
6-NA,812,0,0,7853,0,7853,G
6-NA,813,0,7389,0,3,7392,T
6-NA,814,2,0,7414,0,7416,G
6-NA,815,0,2,0,7408,7410,C
6-NA,816,0,7381,0,2,7383,T
6-NA,817,1,0,0,7430,7431,C
6-NA,818,7396,1,7,0,7404,A
6-NA,819,3,0,7481,0,7484,G
6-NA,820,0,1,5,7494,7500,C
6-NA,821,7459,1,5,0,7465,A
6-NA,822,1,7470,0,1,7472,T
6-NA,823,7,0,7666,0,7673,G
6-NA,824,1,7678,0,4,7683,T
6-NA,825,1,0,0,7683,7684,C
6-NA,826,2,0,7673,0,7675,G
6-NA,827,7614,3,2,1,7620,A
6-NA,828,0,1,7613,1,7615,G
6-NA,829,1,1,7604,0,7606,G
6-NA,830,7484,1,0,0,7485,A
6-NA,831,1,0,7645,0,7646,G
6-NA,832,1,7366,0,4,7371,T
6-NA,833,2,1,7397,0,7400,G
6-NA,834,0,2,0,7476,7478,C
6-NA,835,1,7441,0,3,7445,T
6-NA,836,2,0,1,7469,7472,C
6-NA,837,2,7328,1,7,7338,T
6-NA,838,0,7436,0,2,7438,T
6-NA,839,5,2,7440,0,7447,G
6-NA,840,1,1,0,7452,7454,C
6-NA,841,0,7399,0,4,7403,T
6-NA,842,7422,1,2,0,7425,A
6-NA,843,1,7302,0,1,7304,T
6-NA,844,0,0,0,7384,7384,C
6-NA,845,4,1,0,7365,7370,C
6-NA,846,1,7393,0,4,7398,T
6-NA,847,1,1,0,7457,7459,C
6-NA,848,3,1,7454,1,7459,G
6-NA,849,7560,0,2,0,7562,A
6-NA,850,3,7568,0,6,7577,T
6-NA,851,7599,1,1,0,7601,A
6-NA,852,0,7578,1,4,7583,T
6-NA,853,0,1,5,7543,7549,C
6-NA,854,1,2,0,7536,7539,C
6-NA,855,1,7446,0,0,7447,T
6-NA,856,0,1,7480,0,7481,G
6-NA,857,0,1,7513,0,7514,G
6-NA,858,0,7627,0,4,7631,T
6-NA,859,0,0,7646,0,7646,G
6-NA,860,0,7592,0,6,7598,T
6-NA,861,1,0,0,7586,7587,C
6-NA,862,7580,0,8,0,7588,A
6-NA,863,2,1,7588,0,7591,G
6-NA,864,7568,4,4,0,7576,A
6-NA,865,1,7488,1,3,7493,T
6-NA,866,1,0,7492,0,7493,G
6-NA,867,0,7340,0,3,7343,T
6-NA,868,0,1,7333,5,7339,G
6-NA,869,1,7300,1,6,7308,T
6-NA,870,0,0,0,7348,7348,C
6-NA,871,4,7335,1,4,7344,T
6-NA,872,2,0,7363,0,7365,G
6-NA,873,0,1,0,7359,7360,C
6-NA,874,7349,0,3,1,7353,A
6-NA,875,0,1,7363,0,7364,G
6-NA,876,7118,1,3,0,7122,A
6-NA,877,1,1,7121,4,7127,G
6-NA,878,7122,0,6,1,7129,A
6-NA,879,1,0,0,7171,7172,C
6-NA,880,7170,0,1,0,7171,A
6-NA,881,7216,4,0,0,7220,A
6-NA,882,2,1,0,7245,7248,C
6-NA,883,0,7249,0,1,7250,T
6-NA,884,1,0,7246,0,7247,G
6-NA,885,0,1,7233,0,7234,G
6-NA,886,7202,3,5,0,7210,A
6-NA,887,7195,1,9,1,7206,A
6-NA,888,7015,3,6,0,7024,A
6-NA,889,2,3,7183,0,7188,G
6-NA,890,0,0,7143,1,7144,G
6-NA,891,1,4,0,7125,7130,C
6-NA,892,1,7087,0,11,7099,T
6-NA,893,2,1,0,7264,7267,C
6-NA,894,2,2,0,7334,7338,C
6-NA,895,7378,0,2,0,7380,A
6-NA,896,7369,0,1,1,7371,A
6-NA,897,0,7367,0,0,7367,T
6-NA,898,7071,1,5,0,7077,A
6-NA,899,2,0,7036,0,7038,G
6-NA,900,1,1,7023,0,7025,G
6-NA,901,4,2,0,7025,7031,C
6-NA,902,2,1,1,6858,6862,C
6-NA,903,0,1,0,6733,6734,C
6-NA,904,6788,0,1,0,6789,A
6-NA,905,4,6833,1,4,6842,T
6-NA,906,2,1,1,6859,6863,C
6-NA,907,1,1,6884,0,6886,G
6-NA,908,0,6825,0,3,6828,T
6-NA,909,6671,1,3,0,6675,A
6-NA,910,0,0,6874,0,6874,G
6-NA,911,6873,0,3,0,6876,A
6-NA,912,3,6893,0,0,6896,T
6-NA,913,6782,0,1,0,6783,A
6-NA,914,1,6691,0,3,6695,T
6-NA,915,6687,0,1,0,6688,A
6-NA,916,6676,0,1,0,6677,A
6-NA,917,6899,0,4,0,6903,A
6-NA,918,1,2,0,7123,7126,C
6-NA,919,6858,2,0,0,6860,A
6-NA,920,0,6841,1,1,6843,T
6-NA,921,6766,0,1,1,6768,A
6-NA,922,6766,1,3,0,6770,A
6-NA,923,6763,0,7,0,6770,A
6-NA,924,1,0,6853,1,6855,G
6-NA,925,1,0,6942,0,6943,G
6-NA,926,6651,1,4,0,6656,A
6-NA,927,0,6552,0,7,6559,T
6-NA,928,2,2,0,6599,6603,C
6-NA,929,6640,2,8,0,6650,A
6-NA,930,0,6653,1,3,6657,T
6-NA,931,6640,1,2,1,6644,A
6-NA,932,0,2,6721,0,6723,G
6-NA,933,1,1,0,6624,6626,C
6-NA,934,6477,1,0,1,6479,A
6-NA,935,1,6238,0,1,6240,T
6-NA,936,1,6269,0,1,6271,T
6-NA,937,0,0,6483,0,6483,G
6-NA,938,0,6491,0,1,6492,T
6-NA,939,0,6592,0,6,6598,T
6-NA,940,0,6584,0,5,6589,T
6-NA,941,1,0,0,6552,6553,C
6-NA,942,1,3,0,6601,6605,C
6-NA,943,6676,1,4,1,6682,A
6-NA,944,0,0,6778,0,6778,G
6-NA,945,0,6758,0,3,6761,T
6-NA,946,0,6492,0,2,6494,T
6-NA,947,6503,0,3,0,6506,A
6-NA,948,1,6414,0,3,6418,T
6-NA,949,1,0,6429,0,6430,G
6-NA,950,0,6364,0,4,6368,T
6-NA,951,1,0,6400,0,6401,G
6-NA,952,2,6211,1,3,6217,T
6-NA,953,2,0,6361,0,6363,G
6-NA,954,1,6343,1,3,6348,T
6-NA,955,0,6327,2,1,6330,T
6-NA,956,2,1,1,6322,6326,C
6-NA,957,6261,0,17,0,6278,A
6-NA,958,1,1,6356,0,6358,G
6-NA,959,1,1,6353,0,6355,G
6-NA,960,6291,0,4,0,6295,A
6-NA,961,2,0,0,6317,6319,C
6-NA,962,0,6054,1,2,6057,T
6-NA,963,0,6087,0,1,6088,T
6-NA,964,1,1,6343,0,6345,G
6-NA,965,0,6347,0,7,6354,T
6-NA,966,1,6334,1,3,6339,T
6-NA,967,1,0,6294,0,6295,G
6-NA,968,2,6,6294,0,6302,G
6-NA,969,6274,1,8,0,6283,A
6-NA,970,0,2,6343,0,6345,G
6-NA,971,6329,0,9,0,6338,A
6-NA,972,0,1,0,6420,6421,C
6-NA,973,6200,0,4,0,6204,A
6-NA,974,0,1,1,6235,6237,C
6-NA,975,6235,0,9,0,6244,A
6-NA,976,2,1,0,6320,6323,C
6-NA,977,2,3,0,6266,6271,C
6-NA,978,2,1,0,6282,6285,C
6-NA,979,6261,0,2,1,6264,A
6-NA,980,0,1,6306,0,6307,G
6-NA,981,6290,0,0,1,6291,A
6-NA,982,6327,0,1,0,6328,A
6-NA,983,6280,0,3,0,6283,A
6-NA,984,6242,0,2,1,6245,A
6-NA,985,6197,0,5,1,6203,A
6-NA,986,6225,1,1,0,6227,A
6-NA,987,0,5,0,6247,6252,C
6-NA,988,5,1,6239,0,6245,G
6-NA,989,6219,1,3,1,6224,A
6-NA,990,0,1,0,6220,6221,C
6-NA,991,6180,0,3,0,6183,A
6-NA,992,0,0,6252,0,6252,G
6-NA,993,2,0,0,6459,6461,C
6-NA,994,2,6411,0,11,6424,T
6-NA,995,3,1,1,6463,6468,C
6-NA,996,0,1,0,6489,6490,C
6-NA,997,6487,0,9,1,6497,A
6-NA,998,2,1,6559,0,6562,G
6-NA,999,0,0,0,6572,6572,C
6-NA,1000,6539,2,3,0,6544,A
6-NA,1001,1,2,6549,0,6552,G
6-NA,1002,0,6302,0,0,6302,T
6-NA,1003,6294,1,3,1,6299,A
6-NA,1004,2,1,6303,0,6306,G
6-NA,1005,0,0,1,6315,6316,C
6-NA,1006,2,0,0,6325,6327,C
6-NA,1007,6234,0,2,0,6236,A
6-NA,1008,0,6224,0,0,6224,T
6-NA,1009,1,6209,0,0,6210,T
6-NA,1010,0,1,6437,0,6438,G
6-NA,1011,0,6371,0,9,6380,T
6-NA,1012,1,6368,0,2,6371,T
6-NA,1013,4,6364,0,2,6370,T
6-NA,1014,3,1,6298,0,6302,G
6-NA,1015,1,1,6427,0,6429,G
6-NA,1016,6383,3,1,0,6387,A
6-NA,1017,1,6413,2,5,6421,T
6-NA,1018,0,4,0,6442,6446,C
6-NA,1019,0,0,0,6299,6299,C
6-NA,1020,10,6301,1,4,6316,T
6-NA,1021,6311,0,6,1,6318,A
6-NA,1022,6349,1,1,1,6352,A
6-NA,1023,0,0,0,6504,6504,C
6-NA,1024,6354,0,0,0,6354,A
6-NA,1025,6480,2,0,0,6482,A
6-NA,1026,0,6464,0,0,6464,T
6-NA,1027,0,1,6570,0,6571,G
6-NA,1028,6528,2,1,0,6531,A
6-NA,1029,6506,2,3,0,6511,A
6-NA,1030,1,0,6555,0,6556,G
6-NA,1031,6511,0,1,0,6512,A
6-NA,1032,6348,4,4,1,6357,A
6-NA,1033,0,0,6418,1,6419,G
6-NA,1034,4,1,6415,0,6420,G
6-NA,1035,0,6321,0,5,6326,T
6-NA,1036,1,0,6302,0,6303,G
6-NA,1037,2,0,6481,0,6483,G
6-NA,1038,1,6444,0,5,6450,T
6-NA,1039,2,0,0,6424,6426,C
6-NA,1040,6444,0,8,0,6452,A
6-NA,1041,1,6428,0,7,6436,T
6-NA,1042,3,2,6446,0,6451,G
6-NA,1043,0,3,6509,1,6513,G
6-NA,1044,6433,0,12,2,6447,A
6-NA,1045,0,0,6711,1,6712,G
6-NA,1046,0,6453,0,4,6457,T
6-NA,1047,0,1,6469,0,6470,G
6-NA,1048,6445,0,3,1,6449,A
6-NA,1049,6455,1,3,1,6460,A
6-NA,1050,6450,3,15,0,6468,A
6-NA,1051,0,1,6522,0,6523,G
6-NA,1052,2,0,6436,0,6438,G
6-NA,1053,0,1,0,6434,6435,C
6-NA,1054,1,6179,0,6,6186,T
6-NA,1055,5,1,6200,0,6206,G
6-NA,1056,0,1,6209,0,6210,G
6-NA,1057,1,1,6291,0,6293,G
6-NA,1058,2,1,0,6305,6308,C
6-NA,1059,1,1,0,6313,6315,C
6-NA,1060,1,6198,0,29,6228,T
6-NA,1061,1,6236,1,1,6239,T
6-NA,1062,2,6245,1,2,6250,T
6-NA,1063,0,4,6254,0,6258,G
6-NA,1064,6240,1,3,0,6244,A
6-NA,1065,1,6175,0,3,6179,T
6-NA,1066,0,0,6034,0,6034,G
6-NA,1067,5941,0,4,1,5946,A
6-NA,1068,0,5965,0,0,5965,T
6-NA,1069,0,0,6007,0,6007,G
6-NA,1070,1,2,6129,0,6132,G
6-NA,1071,6097,0,2,1,6100,A
6-NA,1072,6088,0,2,0,6090,A
6-NA,1073,6098,1,3,1,6103,A
6-NA,1074,0,6083,0,0,6083,T
6-NA,1075,1,0,6111,0,6112,G
6-NA,1076,6082,1,6,0,6089,A
6-NA,1077,0,1,0,6061,6062,C
6-NA,1078,0,0,6104,0,6104,G
6-NA,1079,1,5907,0,2,5910,T
6-NA,1080,0,1,5993,0,5994,G
6-NA,1081,0,5991,1,0,5992,T
6-NA,1082,0,0,6007,0,6007,G
6-NA,1083,1,1,6049,1,6052,G
6-NA,1084,5995,0,2,1,5998,A
6-NA,1085,0,6003,0,2,6005,T
6-NA,1086,2,2,6008,0,6012,G
6-NA,1087,1,0,5982,0,5983,G
6-NA,1088,1,1,6034,0,6036,G
6-NA,1089,5966,1,5,0,5972,A
6-NA,1090,5980,1,1,0,5982,A
6-NA,1091,1,1,6001,1,6004,G
6-NA,1092,5899,0,3,0,5902,A
6-NA,1093,5920,0,1,0,5921,A
6-NA,1094,0,3,0,5903,5906,C
6-NA,1095,1,1,5878,0,5880,G
6-NA,1096,5870,2,1,0,5873,A
6-NA,1097,1,5776,1,1,5779,T
6-NA,1098,1,0,0,5794,5795,C
6-NA,1099,5800,0,2,0,5802,A
6-NA,1100,1,0,5831,0,5832,G
6-NA,1101,1,0,0,5814,5815,C
6-NA,1102,1,1,5823,0,5825,G
6-NA,1103,5787,0,1,0,5788,A
6-NA,1104,1,0,5815,0,5816,G
6-NA,1105,5815,1,1,0,5817,A
6-NA,1106,5812,0,3,2,5817,A
6-NA,1107,0,0,5888,0,5888,G
6-NA,1108,0,5853,0,8,5861,T
6-NA,1109,1,1,1,5819,5822,C
6-NA,1110,5824,0,4,0,5828,A
6-NA,1111,0,1,0,6095,6096,C
6-NA,1112,2,1,6105,0,6108,G
6-NA,1113,0,0,0,6103,6103,C
6-NA,1114,1,6063,0,4,6068,T
6-NA,1115,0,6095,0,0,6095,T
6-NA,1116,6014,0,1,0,6015,A
6-NA,1117,0,7,6472,0,6479,G
6-NA,1118,1,3,6487,0,6491,G
6-NA,1119,0,0,6655,1,6656,G
6-NA,1120,2,6207,1,4,6214,T
6-NA,1121,6215,0,3,1,6219,A
6-NA,1122,0,6196,0,7,6203,T
6-NA,1123,1,1,6197,0,6199,G
6-NA,1124,6184,0,1,1,6186,A
6-NA,1125,6187,0,2,0,6189,A
6-NA,1126,5947,0,8,0,5955,A
6-NA,1127,0,0,0,5979,5979,C
6-NA,1128,0,0,0,5801,5801,C
6-NA,1129,2,5714,0,2,5718,T
6-NA,1130,0,5687,0,7,5694,T
6-NA,1131,1,3,0,5703,5707,C
6-NA,1132,5697,0,1,1,5699,A
6-NA,1133,5712,1,1,1,5715,A
6-NA,1134,5715,2,2,0,5719,A
6-NA,1135,1,0,5790,0,5791,G
6-NA,1136,4,5674,0,3,5681,T
6-NA,1137,0,1,1,5712,5714,C
6-NA,1138,5825,2,0,0,5827,A
6-NA,1139,0,5822,0,1,5823,T
6-NA,1140,3,5821,0,2,5826,T
6-NA,1141,1,0,5829,1,5831,G
6-NA,1142,5823,2,0,1,5826,A
6-NA,1143,5843,0,4,1,5848,A
6-NA,1144,1,1,6289,1,6292,G
6-NA,1145,0,1,6336,0,6337,G
6-NA,1146,0,0,1,6326,6327,C
6-NA,1147,0,6155,0,8,6163,T
6-NA,1148,1,0,6228,0,6229,G
6-NA,1149,3,2,6398,0,6403,G
6-NA,1150,1,6412,0,9,6422,T
6-NA,1151,2,1,0,6391,6394,C
6-NA,1152,1,6,0,6378,6385,C
6-NA,1153,6364,0,2,1,6367,A
6-NA,1154,6414,0,5,1,6420,A
6-NA,1155,0,0,0,6470,6470,C
6-NA,1156,1,3,0,6479,6483,C
6-NA,1157,2,2,0,6468,6472,C
6-NA,1158,0,6191,0,2,6193,T
6-NA,1159,6215,0,1,0,6216,A
6-NA,1160,6217,0,2,0,6219,A
6-NA,1161,1,0,6278,0,6279,G
6-NA,1162,0,6265,0,8,6273,T
6-NA,1163,0,0,0,6238,6238,C
6-NA,1164,1,0,0,6147,6148,C
6-NA,1165,6127,2,2,0,6131,A
6-NA,1166,6128,1,0,1,6130,A
6-NA,1167,6125,0,1,1,6127,A
6-NA,1168,1,6148,1,1,6151,T
6-NA,1169,0,6118,0,0,6118,T
6-NA,1170,0,0,6114,0,6114,G
6-NA,1171,0,2,0,6095,6097,C
6-NA,1172,6083,2,3,0,6088,A
6-NA,1173,1,0,6141,0,6142,G
6-NA,1174,6115,0,1,1,6117,A
6-NA,1175,3,6270,0,0,6273,T
6-NA,1176,6278,0,0,0,6278,A
6-NA,1177,6278,1,0,0,6279,A
6-NA,1178,6282,1,2,0,6285,A
6-NA,1179,0,6275,0,0,6275,T
6-NA,1180,6256,0,1,1,6258,A
6-NA,1181,0,0,6273,0,6273,G
6-NA,1182,1,1,6207,0,6209,G
6-NA,1183,1,1,0,6198,6200,C
6-NA,1184,6062,0,1,0,6063,A
6-NA,1185,6157,0,2,0,6159,A
6-NA,1186,1,0,6259,0,6260,G
6-NA,1187,1,6240,0,6,6247,T
6-NA,1188,2,0,0,6246,6248,C
6-NA,1189,6299,0,4,0,6303,A
6-NA,1190,0,6295,0,1,6296,T
6-NA,1191,6522,1,1,1,6525,A
6-NA,1192,0,0,6589,0,6589,G
6-NA,1193,0,6573,0,5,6578,T
6-NA,1194,1,6401,0,1,6403,T
6-NA,1195,1,1,6327,0,6329,G
6-NA,1196,6297,6,6,0,6309,A
6-NA,1197,0,3,0,6308,6311,C
6-NA,1198,6245,1,0,0,6246,A
6-NA,1199,1,0,6453,0,6454,G
6-NA,1200,6356,0,10,0,6366,A
6-NA,1201,1,1,6862,0,6864,G
6-NA,1202,1,0,6877,0,6878,G
6-NA,1203,2,6897,1,1,6901,T
6-NA,1204,6874,0,1,0,6875,A
6-NA,1205,6869,0,5,0,6874,A
6-NA,1206,0,6889,0,1,6890,T
6-NA,1207,6869,0,6,0,6875,A
6-NA,1208,6,1,6809,1,6817,G
6-NA,1209,3,1,6713,0,6717,G
6-NA,1210,1,6304,0,5,6310,T
6-NA,1211,1,2,0,6275,6278,C
6-NA,1212,2,4,0,6316,6322,C
6-NA,1213,0,1,6387,1,6389,G
6-NA,1214,3,0,6410,1,6414,G
6-NA,1215,1,6393,0,5,6399,T
6-NA,1216,0,6401,0,0,6401,T
6-NA,1217,6418,1,0,0,6419,A
6-NA,1218,1,6369,0,1,6371,T
6-NA,1219,1,6361,0,0,6362,T
6-NA,1220,0,3,0,6399,6402,C
6-NA,1221,1,6231,0,4,6236,T
6-NA,1222,1,3,6337,0,6341,G
6-NA,1223,1,0,6392,0,6393,G
6-NA,1224,0,6401,1,1,6403,T
6-NA,1225,6383,0,1,0,6384,A
6-NA,1226,0,6325,0,3,6328,T
6-NA,1227,0,6336,2,13,6351,T
6-NA,1228,5,6330,1,7,6343,T
6-NA,1229,0,6424,0,4,6428,T
6-NA,1230,2,0,1,6439,6442,C
6-NA,1231,0,6344,1,5,6350,T
6-NA,1232,0,0,0,6422,6422,C
6-NA,1233,1,6371,1,7,6380,T
6-NA,1234,1,1,6575,0,6577,G
6-NA,1235,0,6559,0,2,6561,T
6-NA,1236,1,6534,0,2,6537,T
6-NA,1237,1,1,6549,0,6551,G
6-NA,1238,6471,0,1,0,6472,A
6-NA,1239,6468,12,7,1,6488,A
6-NA,1240,1,0,6597,0,6598,G
6-NA,1241,3,1,6584,0,6588,G
6-NA,1242,0,3,0,6582,6585,C
6-NA,1243,6467,0,4,0,6471,A
6-NA,1244,6462,0,3,0,6465,A
6-NA,1245,6506,0,1,0,6507,A
6-NA,1246,6523,0,8,1,6532,A
6-NA,1247,0,0,6558,0,6558,G
6-NA,1248,0,2,0,6555,6557,C
6-NA,1249,0,6462,0,4,6466,T
6-NA,1250,4,1,6607,0,6612,G
6-NA,1251,0,2,0,6599,6601,C
6-NA,1252,6629,0,1,0,6630,A
6-NA,1253,2,6601,0,4,6607,T
6-NA,1254,0,1,0,6565,6566,C
6-NA,1255,6549,0,2,1,6552,A
6-NA,1256,6557,0,0,0,6557,A
6-NA,1257,1,6550,0,2,6553,T
6-NA,1258,1,2,0,6569,6572,C
6-NA,1259,0,1,6466,0,6467,G
6-NA,1260,1,2,6671,0,6674,G
6-NA,1261,0,6646,0,20,6666,T
6-NA,1262,2,0,6740,0,6742,G
6-NA,1263,0,0,0,6781,6781,C
6-NA,1264,1,6728,0,20,6749,T
6-NA,1265,1,6901,0,2,6904,T
6-NA,1266,1,6897,0,5,6903,T
6-NA,1267,0,6938,0,2,6940,T
6-NA,1268,7007,0,3,0,7010,A
6-NA,1269,1,6722,0,4,6727,T
6-NA,1270,0,0,6739,0,6739,G
6-NA,1271,0,6636,1,4,6641,T
6-NA,1272,1,0,6565,0,6566,G
6-NA,1273,1,1,6662,0,6664,G
6-NA,1274,6483,1,3,1,6488,A
6-NA,1275,0,0,6591,0,6591,G
6-NA,1276,0,6544,2,11,6557,T
6-NA,1277,1,6520,0,4,6525,T
6-NA,1278,0,1,6695,0,6696,G
6-NA,1279,6660,0,1,1,6662,A
6-NA,1280,2,6654,0,2,6658,T
6-NA,1281,0,6387,0,0,6387,T
6-NA,1282,6401,1,4,0,6406,A
6-NA,1283,0,1,6465,0,6466,G
6-NA,1284,0,1,6495,0,6496,G
6-NA,1285,2,1,6468,0,6471,G
6-NA,1286,0,1,6474,0,6475,G
6-NA,1287,6243,1,3,0,6247,A
6-NA,1288,6260,0,8,0,6268,A
6-NA,1289,2,0,6305,1,6308,G
6-NA,1290,6309,0,1,0,6310,A
6-NA,1291,6314,0,0,0,6314,A
6-NA,1292,6240,1,1,0,6242,A
6-NA,1293,6193,0,9,0,6202,A
6-NA,1294,0,2,6234,0,6236,G
6-NA,1295,6150,0,5,0,6155,A
6-NA,1296,0,1,6165,0,6166,G
6-NA,1297,2,1,6151,0,6154,G
6-NA,1298,6134,1,1,0,6136,A
6-NA,1299,6129,0,8,0,6137,A
6-NA,1300,6132,1,4,0,6137,A
6-NA,1301,0,0,0,6150,6150,C
6-NA,1302,6073,1,0,0,6074,A
6-NA,1303,1,1,6178,0,6180,G
6-NA,1304,6151,0,7,0,6158,A
6-NA,1305,6181,0,4,0,6185,A
6-NA,1306,3,1,6328,0,6332,G
6-NA,1307,0,6270,0,5,6275,T
6-NA,1308,2,0,0,6339,6341,C
6-NA,1309,0,6320,0,6,6326,T
6-NA,1310,0,6286,0,2,6288,T
6-NA,1311,0,0,6290,0,6290,G
6-NA,1312,0,6257,0,4,6261,T
6-NA,1313,0,2,6258,0,6260,G
6-NA,1314,0,1,6262,1,6264,G
6-NA,1315,6223,1,2,0,6226,A
6-NA,1316,0,2,0,6308,6310,C
6-NA,1317,2,0,0,6182,6184,C
6-NA,1318,3,6174,0,10,6187,T
6-NA,1319,2,2,0,6220,6224,C
6-NA,1320,6266,0,1,0,6267,A
6-NA,1321,6265,0,1,0,6266,A
6-NA,1322,6262,1,4,1,6268,A
6-NA,1323,0,3,0,6377,6380,C
6-NA,1324,6187,0,2,0,6189,A
6-NA,1325,1,0,6397,0,6398,G
6-NA,1326,0,6292,2,0,6294,T
6-NA,1327,6296,0,3,0,6299,A
6-NA,1328,1,6332,0,0,6333,T
6-NA,1329,0,6230,0,0,6230,T
6-NA,1330,0,0,6318,0,6318,G
6-NA,1331,2,6291,0,3,6296,T
6-NA,1332,1,6012,0,3,6016,T
6-NA,1333,1,0,6026,0,6027,G
6-NA,1334,2,5606,0,0,5608,T
6-NA,1335,1,0,5658,0,5659,G
6-NA,1336,1,5619,2,9,5631,T
6-NA,1337,0,5543,0,2,5545,T
6-NA,1338,0,5565,0,1,5566,T
6-NA,1339,0,5410,0,1,5411,T
6-NA,1340,0,0,5425,0,5425,G
6-NA,1341,1,5416,0,6,5423,T
6-NA,1342,2,1,5388,0,5391,G
6-NA,1343,1,0,5383,0,5384,G
6-NA,1344,0,0,0,5307,5307,C
6-NA,1345,5329,0,3,0,5332,A
6-NA,1346,1,0,0,5421,5422,C
6-NA,1347,1,1,0,5421,5423,C
6-NA,1348,2,5405,0,5,5412,T
6-NA,1349,0,1,0,5445,5446,C
6-NA,1350,5447,0,5,0,5452,A
6-NA,1351,1,18,5519,0,5538,G
6-NA,1352,1,0,5566,0,5567,G
6-NA,1353,0,5551,1,0,5552,T
6-NA,1354,5531,2,1,0,5534,A
6-NA,1355,0,4,0,5323,5327,C
6-NA,1356,5381,0,2,0,5383,A
6-NA,1357,0,5372,0,0,5372,T
6-NA,1358,5254,0,1,0,5255,A
6-NA,1359,0,5243,0,1,5244,T
6-NA,1360,1,2,4879,0,4882,G
6-NA,1361,1,2,4913,0,4916,G
6-NA,1362,4875,0,2,0,4877,A
6-NA,1363,4858,0,2,0,4860,A
6-NA,1364,1,1,1,4823,4826,C
6-NA,1365,4153,1,2,0,4156,A
6-NA,1366,1,0,4174,0,4175,G
6-NA,1367,2,0,4176,0,4178,G
6-NA,1368,0,0,1,4176,4177,C
6-NA,1369,0,4152,0,4,4156,T
6-NA,1370,0,2,0,3964,3966,C
6-NA,1371,3944,0,2,0,3946,A
6-NA,1372,0,3947,0,1,3948,T
6-NA,1373,1,0,3949,0,3950,G
6-NA,1374,1,0,3938,0,3939,G
6-NA,1375,0,1,0,3814,3815,C
6-NA,1376,1,1,0,3790,3792,C
6-NA,1377,0,3573,0,6,3579,T
6-NA,1378,1,0,3574,0,3575,G
6-NA,1379,3563,1,0,0,3564,A
6-NA,1380,0,3562,0,4,3566,T
6-NA,1381,0,3,3525,0,3528,G
6-NA,1382,1,1,3460,0,3462,G
6-NA,1383,1,0,3286,0,3287,G
6-NA,1384,1,0,3293,1,3295,G
6-NA,1385,0,0,0,3242,3242,C
6-NA,1386,1,0,3227,0,3228,G
6-NA,1387,2,1,3215,0,3218,G
6-NA,1388,3179,1,2,1,3183,A
6-NA,1389,0,0,0,3169,3169,C
6-NA,1390,0,1,0,3105,3106,C
6-NA,1391,1,3092,0,5,3098,T
6-NA,1392,2,2,0,3099,3103,C
6-NA,1393,3105,0,1,0,3106,A
6-NA,1394,3108,0,0,0,3108,A
6-NA,1395,1,3102,0,0,3103,T
6-NA,1396,1,0,0,2940,2941,C
6-NA,1397,0,2817,0,2,2819,T
6-NA,1398,2,1,1,2307,2311,C
6-NA,1399,2301,0,3,0,2304,A
6-NA,1400,0,2298,0,0,2298,T
6-NA,1401,0,1,2281,0,2282,G
6-NA,1402,1,0,0,2266,2267,C
6-NA,1403,0,0,0,2180,2180,C
6-NA,1404,1,1916,0,1,1918,T
6-NA,1405,1871,0,0,1,1872,A
6-NA,1406,1,1874,0,0,1875,T
6-NA,1407,1836,0,0,0,1836,A
6-NA,1408,0,1835,0,0,1835,T
6-NA,1409,1644,0,0,0,1644,A
6-NA,1410,1576,0,0,0,1576,A
7-M,1,127,0,0,0,127,A
7-M,2,0,128,0,0,128,T
7-M,3,0,0,129,0,129,G
7-M,4,128,0,1,0,129,A
7-M,5,0,0,143,0,143,G
7-M,6,0,0,0,153,153,C
7-M,7,0,0,0,158,158,C
7-M,8,0,212,0,0,212,T
7-M,9,0,212,0,0,212,T
7-M,10,0,0,0,213,213,C
7-M,11,0,213,0,0,213,T
7-M,12,220,0,0,0,220,A
7-M,13,221,0,0,0,221,A
7-M,14,0,5,0,215,220,C
7-M,15,0,0,0,221,221,C
7-M,16,0,0,220,0,220,G
7-M,17,217,0,0,0,217,A
7-M,18,0,0,226,0,226,G
7-M,19,0,0,233,0,233,G
7-M,20,0,235,0,0,235,T
7-M,21,0,0,0,235,235,C
7-M,22,0,0,237,0,237,G
7-M,23,246,0,0,0,246,A
7-M,24,245,0,0,0,245,A
7-M,25,247,0,0,0,247,A
7-M,26,0,0,0,278,278,C
7-M,27,0,0,277,0,277,G
7-M,28,0,279,0,0,279,T
7-M,29,285,0,0,0,285,A
7-M,30,0,283,0,0,283,T
7-M,31,0,0,293,0,293,G
7-M,32,0,296,0,0,296,T
7-M,33,0,324,0,0,324,T
7-M,34,0,0,0,344,344,C
7-M,35,0,343,0,0,343,T
7-M,36,0,0,0,363,363,C
7-M,37,0,360,0,0,360,T
7-M,38,0,0,0,391,391,C
7-M,39,0,388,0,0,388,T
7-M,40,386,0,0,0,386,A
7-M,41,0,390,0,0,390,T
7-M,42,0,0,0,392,392,C
7-M,43,0,0,396,0,396,G
7-M,44,0,397,0,0,397,T
7-M,45,0,396,0,0,396,T
7-M,46,0,0,0,399,399,C
7-M,47,1,0,0,410,411,C
7-M,48,413,0,0,0,413,A
7-M,49,0,415,0,0,415,T
7-M,50,0,1,0,413,414,C
7-M,51,412,0,0,0,412,A
7-M,52,0,0,421,0,421,G
7-M,53,0,0,417,0,417,G
7-M,54,0,3,0,416,419,C
7-M,55,0,2,0,416,418,C
7-M,56,0,0,0,417,417,C
7-M,57,0,0,0,432,432,C
7-M,58,0,0,0,435,435,C
7-M,59,0,425,0,0,425,T
7-M,60,0,0,0,435,435,C
7-M,61,431,0,0,0,431,A
7-M,62,432,0,0,0,432,A
7-M,63,439,0,0,0,439,A
7-M,64,0,0,446,0,446,G
7-M,65,0,0,1,442,443,C
7-M,66,0,2,0,434,436,C
7-M,67,0,0,436,0,436,G
7-M,68,438,1,0,0,439,A
7-M,69,1,0,436,0,437,G
7-M,70,440,0,0,0,440,A
7-M,71,0,433,0,0,433,T
7-M,72,0,0,0,438,438,C
7-M,73,1,0,444,0,445,G
7-M,74,0,0,0,449,449,C
7-M,75,1,0,445,0,446,G
7-M,76,0,0,0,449,449,C
7-M,77,447,0,0,0,447,A
7-M,78,0,0,451,0,451,G
7-M,79,444,0,0,0,444,A
7-M,80,0,0,494,0,494,G
7-M,81,494,0,0,0,494,A
7-M,82,0,0,0,506,506,C
7-M,83,0,507,0,0,507,T
7-M,84,1,504,0,0,505,T
7-M,85,0,1,503,0,504,G
7-M,86,511,0,0,0,511,A
7-M,87,513,1,1,0,515,A
7-M,88,0,0,514,0,514,G
7-M,89,490,0,0,0,490,A
7-M,90,0,496,0,0,496,T
7-M,91,0,0,496,0,496,G
7-M,92,0,496,0,0,496,T
7-M,93,0,0,0,497,497,C
7-M,94,0,493,0,1,494,T
7-M,95,0,494,0,0,494,T
7-M,96,0,495,0,0,495,T
7-M,97,0,0,499,0,499,G
7-M,98,1,0,0,494,495,C
7-M,99,0,491,0,0,491,T
7-M,100,0,0,495,0,495,G
7-M,101,0,0,494,0,494,G
7-M,102,0,0,506,0,506,G
7-M,103,501,0,0,0,501,A
7-M,104,505,0,0,0,505,A
7-M,105,508,0,0,0,508,A
7-M,106,507,0,0,0,507,A
7-M,107,517,0,0,1,518,A
7-M,108,0,0,0,521,521,C
7-M,109,516,0,1,0,517,A
7-M,110,0,1,0,519,520,C
7-M,111,517,1,0,0,518,A
7-M,112,0,0,535,0,535,G
7-M,113,532,0,0,0,532,A
7-M,114,0,551,0,0,551,T
7-M,115,0,0,0,554,554,C
7-M,116,0,547,0,0,547,T
7-M,117,0,544,0,1,545,T
7-M,118,0,0,548,0,548,G
7-M,119,536,0,3,0,539,A
7-M,120,0,1,547,0,548,G
7-M,121,0,0,547,0,547,G
7-M,122,0,0,0,552,552,C
7-M,123,0,542,0,1,543,T
7-M,124,0,0,0,606,606,C
7-M,125,0,600,0,0,600,T
7-M,126,0,0,0,612,612,C
7-M,127,610,0,1,0,611,A
7-M,128,0,613,0,0,613,T
7-M,129,0,0,612,0,612,G
7-M,130,0,0,615,0,615,G
7-M,131,613,0,0,0,613,A
7-M,132,611,0,0,0,611,A
7-M,133,0,580,0,1,581,T
7-M,134,1,0,615,0,616,G
7-M,135,0,0,645,0,645,G
7-M,136,0,0,0,647,647,C
7-M,137,0,643,0,1,644,T
7-M,138,646,0,0,0,646,A
7-M,139,637,0,0,1,638,A
7-M,140,650,0,1,0,651,A
7-M,141,0,0,664,0,664,G
7-M,142,664,0,0,0,664,A
7-M,143,0,0,0,655,655,C
7-M,144,628,0,0,0,628,A
7-M,145,628,0,0,0,628,A
7-M,146,0,0,643,0,643,G
7-M,147,643,0,0,0,643,A
7-M,148,0,1,0,642,643,C
7-M,149,0,0,0,632,632,C
7-M,150,631,0,0,0,631,A
7-M,151,647,0,1,0,648,A
7-M,152,0,646,0,0,646,T
7-M,153,0,647,0,0,647,T
7-M,154,1,0,0,654,655,C
7-M,155,0,642,0,0,642,T
7-M,156,0,0,641,0,641,G
7-M,157,0,638,0,1,639,T
7-M,158,1,0,0,638,639,C
7-M,159,645,0,0,0,645,A
7-M,160,0,0,0,670,670,C
7-M,161,0,0,0,671,671,C
7-M,162,0,664,0,0,664,T
7-M,163,0,0,0,674,674,C
7-M,164,0,670,0,0,670,T
7-M,165,0,0,701,0,701,G
7-M,166,699,0,1,0,700,A
7-M,167,0,0,0,704,704,C
7-M,168,0,701,0,1,702,T
7-M,169,684,0,0,0,684,A
7-M,170,682,0,0,0,682,A
7-M,171,0,0,687,0,687,G
7-M,172,0,0,686,0,686,G
7-M,173,0,0,685,0,685,G
7-M,174,0,0,693,0,693,G
7-M,175,702,0,0,0,702,A
7-M,176,0,713,0,0,713,T
7-M,177,0,706,0,0,706,T
7-M,178,0,709,0,0,709,T
7-M,179,0,710,0,0,710,T
7-M,180,0,0,712,0,712,G
7-M,181,0,0,715,0,715,G
7-M,182,0,0,717,0,717,G
7-M,183,0,0,716,0,716,G
7-M,184,0,701,0,0,701,T
7-M,185,0,700,0,1,701,T
7-M,186,0,701,0,0,701,T
7-M,187,0,0,730,0,730,G
7-M,188,0,735,0,0,735,T
7-M,189,0,0,742,0,742,G
7-M,190,0,746,0,0,746,T
7-M,191,0,740,1,0,741,T
7-M,192,0,0,0,743,743,C
7-M,193,742,0,1,0,743,A
7-M,194,0,0,0,766,766,C
7-M,195,0,0,759,0,759,G
7-M,196,0,0,0,760,760,C
7-M,197,0,749,0,2,751,T
7-M,198,0,0,0,782,782,C
7-M,199,782,0,0,0,782,A
7-M,200,0,0,0,790,790,C
7-M,201,0,1,0,790,791,C
7-M,202,0,0,794,0,794,G
7-M,203,0,801,0,1,802,T
7-M,204,0,1,802,0,803,G
7-M,205,0,0,0,806,806,C
7-M,206,0,0,0,801,801,C
7-M,207,0,0,1,804,805,C
7-M,208,804,0,0,0,804,A
7-M,209,0,0,814,0,814,G
7-M,210,0,813,0,0,813,T
7-M,211,0,1,806,0,807,G
7-M,212,815,0,2,0,817,A
7-M,213,0,0,824,0,824,G
7-M,214,0,0,0,819,819,C
7-M,215,0,0,817,0,817,G
7-M,216,808,0,1,1,810,A
7-M,217,0,0,830,0,830,G
7-M,218,0,0,824,0,824,G
7-M,219,822,0,0,0,822,A
7-M,220,0,0,0,841,841,C
7-M,221,0,834,0,1,835,T
7-M,222,0,0,842,0,842,G
7-M,223,0,0,0,836,836,C
7-M,224,838,0,1,0,839,A
7-M,225,0,0,857,0,857,G
7-M,226,0,0,0,854,854,C
7-M,227,0,0,864,0,864,G
7-M,228,0,868,0,1,869,T
7-M,229,864,0,0,0,864,A
7-M,230,0,0,863,0,863,G
7-M,231,855,0,1,0,856,A
7-M,232,0,0,0,864,864,C
7-M,233,0,0,869,0,869,G
7-M,234,0,1,0,864,865,C
7-M,235,0,847,0,3,850,T
7-M,236,0,852,0,0,852,T
7-M,237,0,849,0,0,849,T
7-M,238,0,0,883,0,883,G
7-M,239,0,882,0,3,885,T
7-M,240,0,0,0,883,883,C
7-M,241,0,0,0,885,885,C
7-M,242,879,0,0,0,879,A
7-M,243,878,0,0,0,878,A
7-M,244,878,0,0,0,878,A
7-M,245,877,0,0,0,877,A
7-M,246,0,875,0,1,876,T
7-M,247,0,0,872,0,872,G
7-M,248,0,1,0,871,872,C
7-M,249,0,0,0,881,881,C
7-M,250,0,0,0,887,887,C
7-M,251,0,883,1,0,884,T
7-M,252,0,0,0,927,927,C
7-M,253,922,1,0,0,923,A
7-M,254,931,0,0,0,931,A
7-M,255,0,936,0,0,936,T
7-M,256,0,0,944,0,944,G
7-M,257,0,0,954,0,954,G
7-M,258,0,0,963,0,963,G
7-M,259,961,0,0,0,961,A
7-M,260,957,0,0,0,957,A
7-M,261,0,934,0,0,934,T
7-M,262,0,1,931,0,932,G
7-M,263,0,0,928,0,928,G
7-M,264,910,0,1,0,911,A
7-M,265,0,0,919,0,919,G
7-M,266,897,1,4,0,902,A
7-M,267,1,0,0,886,887,C
7-M,268,1,0,0,927,928,C
7-M,269,1,0,0,935,936,C
7-M,270,945,0,1,0,946,A
7-M,271,943,0,0,0,943,A
7-M,272,944,0,0,0,944,A
7-M,273,0,949,0,0,949,T
7-M,274,972,0,0,0,972,A
7-M,275,972,0,0,0,972,A
7-M,276,0,0,0,953,953,C
7-M,277,943,0,0,0,943,A
7-M,278,0,939,1,0,940,T
7-M,279,1,0,957,0,958,G
7-M,280,0,0,956,1,957,G
7-M,281,956,0,0,0,956,A
7-M,282,0,0,0,954,954,C
7-M,283,931,0,0,0,931,A
7-M,284,934,1,1,0,936,A
7-M,285,934,1,0,0,935,A
7-M,286,0,0,950,0,950,G
7-M,287,0,16,0,972,988,C
7-M,288,971,0,0,0,971,A
7-M,289,0,0,992,0,992,G
7-M,290,0,985,0,0,985,T
7-M,291,0,986,0,0,986,T
7-M,292,997,0,0,0,997,A
7-M,293,1000,0,2,0,1002,A
7-M,294,1005,0,0,0,1005,A
7-M,295,0,0,0,1028,1028,C
7-M,296,0,1002,0,1,1003,T
7-M,297,0,0,1145,0,1145,G
7-M,298,0,1133,0,0,1133,T
7-M,299,1141,0,0,0,1141,A
7-M,300,0,1139,0,0,1139,T
7-M,301,1135,0,0,0,1135,A
7-M,302,0,0,1140,0,1140,G
7-M,303,0,0,1137,0,1137,G
7-M,304,1124,0,0,1,1125,A
7-M,305,1124,0,1,0,1125,A
7-M,306,1074,0,0,0,1074,A
7-M,307,0,1,0,1120,1121,C
7-M,308,0,1116,0,0,1116,T
7-M,309,0,1120,0,0,1120,T
7-M,310,1116,0,1,0,1117,A
7-M,311,1115,0,1,0,1116,A
7-M,312,0,1,1122,0,1123,G
7-M,313,1110,0,1,0,1111,A
7-M,314,0,0,1112,0,1112,G
7-M,315,0,0,1123,0,1123,G
7-M,316,0,0,1119,0,1119,G
7-M,317,1108,0,0,0,1108,A
7-M,318,0,0,1128,0,1128,G
7-M,319,1135,0,0,0,1135,A
7-M,320,0,1137,0,1,1138,T
7-M,321,1136,0,1,0,1137,A
7-M,322,1140,0,0,0,1140,A
7-M,323,0,0,0,1156,1156,C
7-M,324,0,1,1151,0,1152,G
7-M,325,0,1154,0,2,1156,T
7-M,326,0,1146,0,3,1149,T
7-M,327,1,0,0,1158,1159,C
7-M,328,0,0,0,1152,1152,C
7-M,329,1148,0,0,0,1148,A
7-M,330,0,1151,0,0,1151,T
7-M,331,0,0,1142,0,1142,G
7-M,332,0,0,1151,0,1151,G
7-M,333,0,0,1154,0,1154,G
7-M,334,0,0,1143,0,1143,G
7-M,335,0,0,0,1147,1147,C
7-M,336,0,1,0,1136,1137,C
7-M,337,1150,0,0,0,1150,A
7-M,338,1154,0,0,0,1154,A
7-M,339,1151,0,1,0,1152,A
7-M,340,0,0,1172,0,1172,G
7-M,341,1180,0,0,0,1180,A
7-M,342,1167,0,1,0,1168,A
7-M,343,1171,0,0,0,1171,A
7-M,344,1,1168,1,0,1170,T
7-M,345,1167,0,0,0,1167,A
7-M,346,0,0,1170,0,1170,G
7-M,347,0,0,0,1163,1163,C
7-M,348,0,1146,0,1,1147,T
7-M,349,0,0,0,1159,1159,C
7-M,350,0,1144,1,1,1146,T
7-M,351,0,0,0,1204,1204,C
7-M,352,1203,0,1,0,1204,A
7-M,353,2,0,1206,0,1208,G
7-M,354,0,1188,0,0,1188,T
7-M,355,0,1220,0,0,1220,T
7-M,356,1227,0,0,0,1227,A
7-M,357,0,1227,0,0,1227,T
7-M,358,0,1226,1,1,1228,T
7-M,359,0,0,0,1233,1233,C
7-M,360,0,1194,0,0,1194,T
7-M,361,0,0,1202,0,1202,G
7-M,362,0,1,0,1200,1201,C
7-M,363,0,1193,0,0,1193,T
7-M,364,0,0,1191,0,1191,G
7-M,365,0,0,1189,0,1189,G
7-M,366,1,1192,0,0,1193,T
7-M,367,1,0,1195,0,1196,G
7-M,368,0,0,0,1196,1196,C
7-M,369,1196,0,0,0,1196,A
7-M,370,0,0,0,1207,1207,C
7-M,371,0,1177,0,1,1178,T
7-M,372,0,1185,0,0,1185,T
7-M,373,0,0,1185,0,1185,G
7-M,374,1,0,0,1185,1186,C
7-M,375,0,0,0,1188,1188,C
7-M,376,1183,0,2,1,1186,A
7-M,377,0,0,1192,0,1192,G
7-M,378,0,1193,0,1,1194,T
7-M,379,0,1190,0,0,1190,T
7-M,380,0,0,1198,0,1198,G
7-M,381,0,0,0,1181,1181,C
7-M,382,1183,0,0,0,1183,A
7-M,383,1,1179,0,0,1180,T
7-M,384,0,0,1181,0,1181,G
7-M,385,0,0,1204,0,1204,G
7-M,386,0,0,1205,0,1205,G
7-M,387,1,0,0,1226,1227,C
7-M,388,0,0,0,1254,1254,C
7-M,389,0,1246,0,2,1248,T
7-M,390,0,0,0,1268,1268,C
7-M,391,1321,0,1,0,1322,A
7-M,392,1,1327,0,0,1328,T
7-M,393,1373,0,0,0,1373,A
7-M,394,0,1349,0,1,1350,T
7-M,395,1332,0,1,0,1333,A
7-M,396,0,0,0,1438,1438,C
7-M,397,1357,0,1,0,1358,A
7-M,398,1379,0,0,0,1379,A
7-M,399,0,1355,0,1,1356,T
7-M,400,1295,0,0,0,1295,A
7-M,401,0,0,1309,0,1309,G
7-M,402,0,0,1285,0,1285,G
7-M,403,1271,0,2,0,1273,A
7-M,404,0,1268,0,0,1268,T
7-M,405,0,0,1188,0,1188,G
7-M,406,0,0,1184,0,1184,G
7-M,407,1,0,1192,0,1193,G
7-M,408,0,0,1209,0,1209,G
7-M,409,0,0,1209,0,1209,G
7-M,410,1,0,0,1202,1203,C
7-M,411,0,1188,0,1,1189,T
7-M,412,0,0,1188,1,1189,G
7-M,413,0,1191,0,0,1191,T
7-M,414,1192,0,1,0,1193,A
7-M,415,1192,0,0,0,1192,A
7-M,416,1,0,0,1198,1199,C
7-M,417,0,1,0,1186,1187,C
7-M,418,1182,0,0,0,1182,A
7-M,419,0,0,0,1185,1185,C
7-M,420,1,1176,0,0,1177,T
7-M,421,0,0,1182,0,1182,G
7-M,422,1173,0,0,0,1173,A
7-M,423,1170,0,0,0,1170,A
7-M,424,1,0,1178,0,1179,G
7-M,425,0,1165,0,0,1165,T
7-M,426,0,0,1162,0,1162,G
7-M,427,0,0,1168,0,1168,G
7-M,428,0,0,0,1177,1177,C
7-M,429,1169,0,0,0,1169,A
7-M,430,0,1167,0,1,1168,T
7-M,431,0,1163,0,0,1163,T
7-M,432,0,1167,0,1,1168,T
7-M,433,0,0,1190,0,1190,G
7-M,434,1,0,1194,0,1195,G
7-M,435,0,1,0,1188,1189,C
7-M,436,0,0,0,1189,1189,C
7-M,437,0,1176,0,0,1176,T
7-M,438,0,0,1238,0,1238,G
7-M,439,0,0,1256,0,1256,G
7-M,440,0,1256,0,0,1256,T
7-M,441,1265,0,0,0,1265,A
7-M,442,0,1212,0,0,1212,T
7-M,443,0,0,1237,0,1237,G
7-M,444,0,1241,0,1,1242,T
7-M,445,0,0,1236,0,1236,G
7-M,446,0,0,0,1238,1238,C
7-M,447,1187,0,0,0,1187,A
7-M,448,1186,0,1,0,1187,A
7-M,449,0,0,0,1215,1215,C
7-M,450,1212,0,0,0,1212,A
7-M,451,0,1218,0,1,1219,T
7-M,452,0,0,1207,0,1207,G
7-M,453,0,1181,0,0,1181,T
7-M,454,1,0,1173,0,1174,G
7-M,455,1161,0,1,0,1162,A
7-M,456,0,0,1172,0,1172,G
7-M,457,0,0,0,1169,1169,C
7-M,458,1147,0,0,0,1147,A
7-M,459,0,0,1151,0,1151,G
7-M,460,1142,0,0,0,1142,A
7-M,461,1,1132,1,0,1134,T
7-M,462,0,1138,0,0,1138,T
7-M,463,0,0,1141,0,1141,G
7-M,464,0,0,0,1141,1141,C
7-M,465,0,1141,0,0,1141,T
7-M,466,0,0,1133,0,1133,G
7-M,467,1131,0,2,0,1133,A
7-M,468,0,0,0,1184,1184,C
7-M,469,0,1197,0,0,1197,T
7-M,470,0,0,0,1190,1190,C
7-M,471,0,0,0,1191,1191,C
7-M,472,0,0,0,1198,1198,C
7-M,473,1193,1,1,1,1196,A
7-M,474,1,0,1204,0,1205,G
7-M,475,0,0,0,1194,1194,C
7-M,476,1203,0,0,0,1203,A
7-M,477,0,0,0,1199,1199,C
7-M,478,1118,0,0,0,1118,A
7-M,479,1,0,1144,0,1145,G
7-M,480,0,0,1149,0,1149,G
7-M,481,0,1140,0,1,1141,T
7-M,482,0,0,0,1173,1173,C
7-M,483,0,1153,0,1,1154,T
7-M,484,0,0,0,1165,1165,C
7-M,485,1164,0,0,0,1164,A
7-M,486,0,1162,0,0,1162,T
7-M,487,1162,0,0,0,1162,A
7-M,488,0,1,1137,0,1138,G
7-M,489,0,0,1130,0,1130,G
7-M,490,0,1,0,1125,1126,C
7-M,491,1084,0,0,0,1084,A
7-M,492,0,0,1069,0,1069,G
7-M,493,1073,0,0,0,1073,A
7-M,494,0,1070,1,0,1071,T
7-M,495,0,0,1074,0,1074,G
7-M,496,0,0,1067,0,1067,G
7-M,497,0,1054,0,1,1055,T
7-M,498,0,0,1054,0,1054,G
7-M,499,0,0,1066,1,1067,G
7-M,500,1,0,0,1062,1063,C
7-M,501,1050,0,0,0,1050,A
7-M,502,1055,0,0,0,1055,A
7-M,503,0,0,0,1067,1067,C
7-M,504,1064,0,0,0,1064,A
7-M,505,1069,0,0,0,1069,A
7-M,506,0,0,0,1067,1067,C
7-M,507,0,0,0,1053,1053,C
7-M,508,1040,0,0,0,1040,A
7-M,509,1041,0,0,0,1041,A
7-M,510,0,1035,1,4,1040,T
7-M,511,0,0,0,1041,1041,C
7-M,512,0,0,0,1014,1014,C
7-M,513,1010,0,0,0,1010,A
7-M,514,0,1001,0,0,1001,T
7-M,515,0,1000,0,0,1000,T
7-M,516,1003,0,0,0,1003,A
7-M,517,1006,1,0,0,1007,A
7-M,518,0,1009,0,0,1009,T
7-M,519,1005,0,0,0,1005,A
7-M,520,995,1,1,0,997,A
7-M,521,981,0,0,0,981,A
7-M,522,991,0,0,0,991,A
7-M,523,0,0,0,1021,1021,C
7-M,524,1019,0,0,0,1019,A
7-M,525,0,1016,0,0,1016,T
7-M,526,0,0,1018,0,1018,G
7-M,527,1009,0,1,0,1010,A
7-M,528,1,0,1026,0,1027,G
7-M,529,1019,0,1,0,1020,A
7-M,530,1027,0,0,0,1027,A
7-M,531,0,0,0,1031,1031,C
7-M,532,994,0,0,0,994,A
7-M,533,0,0,1009,0,1009,G
7-M,534,990,0,2,0,992,A
7-M,535,994,0,0,0,994,A
7-M,536,0,998,0,0,998,T
7-M,537,1,1,989,0,991,G
7-M,538,0,0,993,0,993,G
7-M,539,0,987,0,0,987,T
7-M,540,0,974,0,0,974,T
7-M,541,0,985,1,1,987,T
7-M,542,0,987,0,0,987,T
7-M,543,1,1,990,0,992,G
7-M,544,2,0,991,0,993,G
7-M,545,0,1,1,988,990,C
7-M,546,973,0,0,1,974,A
7-M,547,985,0,0,0,985,A
7-M,548,0,0,1008,1,1009,G
7-M,549,0,0,0,1015,1015,C
7-M,550,1024,0,0,0,1024,A
7-M,551,0,0,0,1060,1060,C
7-M,552,0,1054,0,0,1054,T
7-M,553,1056,0,1,0,1057,A
7-M,554,0,0,0,1070,1070,C
7-M,555,1085,0,0,0,1085,A
7-M,556,0,0,1104,0,1104,G
7-M,557,0,0,0,1083,1083,C
7-M,558,0,1050,1,3,1054,T
7-M,559,1052,0,1,0,1053,A
7-M,560,1023,1,0,0,1024,A
7-M,561,0,0,1039,0,1039,G
7-M,562,0,0,1043,0,1043,G
7-M,563,0,0,0,1044,1044,C
7-M,564,0,993,0,0,993,T
7-M,565,985,0,0,0,985,A
7-M,566,0,985,0,0,985,T
7-M,567,0,0,990,0,990,G
7-M,568,0,0,1000,1,1001,G
7-M,569,980,1,0,0,981,A
7-M,570,0,0,985,0,985,G
7-M,571,0,0,0,956,956,C
7-M,572,952,0,0,0,952,A
7-M,573,951,0,0,0,951,A
7-M,574,945,0,0,1,946,A
7-M,575,0,964,0,0,964,T
7-M,576,1,0,960,0,961,G
7-M,577,0,0,956,0,956,G
7-M,578,1,0,0,951,952,C
7-M,579,0,943,0,0,943,T
7-M,580,0,0,951,0,951,G
7-M,581,1,0,971,0,972,G
7-M,582,972,0,0,0,972,A
7-M,583,0,960,0,1,961,T
7-M,584,0,1,1,959,961,C
7-M,585,965,0,0,0,965,A
7-M,586,977,0,0,0,977,A
7-M,587,0,2,980,0,982,G
7-M,588,0,973,0,0,973,T
7-M,589,0,1,971,0,972,G
7-M,590,939,0,0,0,939,A
7-M,591,0,0,948,0,948,G
7-M,592,0,0,0,954,954,C
7-M,593,938,0,0,0,938,A
7-M,594,0,0,939,0,939,G
7-M,595,0,0,936,0,936,G
7-M,596,0,0,0,928,928,C
7-M,597,0,0,928,0,928,G
7-M,598,0,0,936,0,936,G
7-M,599,0,0,0,938,938,C
7-M,600,0,0,940,0,940,G
7-M,601,0,0,934,0,934,G
7-M,602,934,0,0,0,934,A
7-M,603,0,0,948,1,949,G
7-M,604,0,0,956,0,956,G
7-M,605,0,1,0,957,958,C
7-M,606,0,0,0,961,961,C
7-M,607,955,0,1,0,956,A
7-M,608,0,959,0,0,959,T
7-M,609,1,0,963,0,964,G
7-M,610,1,0,964,0,965,G
7-M,611,949,0,1,0,950,A
7-M,612,0,0,954,0,954,G
7-M,613,919,0,0,0,919,A
7-M,614,0,934,0,0,934,T
7-M,615,0,926,0,0,926,T
7-M,616,0,0,932,0,932,G
7-M,617,0,1,0,934,935,C
7-M,618,0,921,0,0,921,T
7-M,619,926,0,0,0,926,A
7-M,620,0,0,926,0,926,G
7-M,621,2,916,0,1,919,T
7-M,622,1,0,0,922,923,C
7-M,623,900,0,0,0,900,A
7-M,624,0,0,921,0,921,G
7-M,625,0,0,913,0,913,G
7-M,626,0,0,0,909,909,C
7-M,627,0,0,0,912,912,C
7-M,628,905,1,0,0,906,A
7-M,629,0,0,916,0,916,G
7-M,630,0,0,916,0,916,G
7-M,631,1,0,0,920,921,C
7-M,632,912,0,0,0,912,A
7-M,633,0,0,912,0,912,G
7-M,634,912,0,0,0,912,A
7-M,635,0,909,0,0,909,T
7-M,636,0,0,913,0,913,G
7-M,637,17,0,921,0,938,G
7-M,638,0,919,0,0,919,T
7-M,639,0,0,919,0,919,G
7-M,640,0,0,0,924,924,C
7-M,641,917,0,0,0,917,A
7-M,642,0,0,928,0,928,G
7-M,643,0,0,920,0,920,G
7-M,644,0,0,0,920,920,C
7-M,645,928,0,0,0,928,A
7-M,646,907,0,0,0,907,A
7-M,647,0,904,0,0,904,T
7-M,648,0,0,907,0,907,G
7-M,649,908,0,0,0,908,A
7-M,650,0,1,908,0,909,G
7-M,651,872,1,1,0,874,A
7-M,652,1,0,886,0,887,G
7-M,653,0,0,0,881,881,C
7-M,654,0,1,0,889,890,C
7-M,655,890,0,2,0,892,A
7-M,656,0,892,0,0,892,T
7-M,657,0,892,0,0,892,T
7-M,658,0,0,895,0,895,G
7-M,659,1,0,882,0,883,G
7-M,660,0,0,898,0,898,G
7-M,661,894,0,1,0,895,A
7-M,662,0,0,0,890,890,C
7-M,663,0,862,0,1,863,T
7-M,664,0,1,0,858,859,C
7-M,665,865,0,0,0,865,A
7-M,666,0,897,0,1,898,T
7-M,667,0,0,0,903,903,C
7-M,668,0,0,0,900,900,C
7-M,669,0,894,0,1,895,T
7-M,670,890,0,0,0,890,A
7-M,671,1,0,900,0,901,G
7-M,672,0,966,0,1,967,T
7-M,673,0,949,0,3,952,T
7-M,674,0,0,0,950,950,C
7-M,675,0,0,0,917,917,C
7-M,676,913,0,0,0,913,A
7-M,677,0,0,927,0,927,G
7-M,678,0,930,0,0,930,T
7-M,679,925,0,0,0,925,A
7-M,680,0,0,0,925,925,C
7-M,681,0,793,1,2,796,T
7-M,682,0,1,837,0,838,G
7-M,683,0,0,859,0,859,G
7-M,684,0,857,0,0,857,T
7-M,685,0,2,0,854,856,C
7-M,686,0,833,1,2,836,T
7-M,687,841,0,0,0,841,A
7-M,688,838,0,1,0,839,A
7-M,689,0,1,840,0,841,G
7-M,690,832,0,0,0,832,A
7-M,691,0,0,806,0,806,G
7-M,692,753,0,1,0,754,A
7-M,693,0,749,0,1,750,T
7-M,694,0,0,751,0,751,G
7-M,695,751,0,1,0,752,A
7-M,696,0,749,1,0,750,T
7-M,697,1,0,0,750,751,C
7-M,698,0,732,1,0,733,T
7-M,699,0,734,0,0,734,T
7-M,700,0,0,0,738,738,C
7-M,701,0,734,1,0,735,T
7-M,702,0,734,0,0,734,T
7-M,703,0,0,736,0,736,G
7-M,704,733,0,0,0,733,A
7-M,705,726,0,1,0,727,A
7-M,706,727,0,0,0,727,A
7-M,707,729,0,0,0,729,A
7-M,708,0,727,0,0,727,T
7-M,709,0,730,0,0,730,T
7-M,710,2,731,0,0,733,T
7-M,711,1,0,730,0,731,G
7-M,712,0,0,0,732,732,C
7-M,713,728,0,1,0,729,A
7-M,714,0,0,732,0,732,G
7-M,715,727,0,1,0,728,A
7-M,716,0,0,0,753,753,C
7-M,717,0,0,0,756,756,C
7-M,718,0,755,0,0,755,T
7-M,719,765,1,0,0,766,A
7-M,720,0,762,0,0,762,T
7-M,721,0,0,0,770,770,C
7-M,722,765,0,1,0,766,A
7-M,723,0,0,766,0,766,G
7-M,724,762,0,0,0,762,A
7-M,725,735,0,0,0,735,A
7-M,726,737,0,0,0,737,A
7-M,727,0,1,0,734,735,C
7-M,728,0,0,735,0,735,G
7-M,729,722,0,0,1,723,A
7-M,730,730,0,0,0,730,A
7-M,731,0,728,0,0,728,T
7-M,732,0,0,730,0,730,G
7-M,733,0,0,748,0,748,G
7-M,734,0,0,745,0,745,G
7-M,735,0,0,737,0,737,G
7-M,736,0,0,747,0,747,G
7-M,737,0,733,1,0,734,T
7-M,738,25,0,708,0,733,G
7-M,739,0,2,0,729,731,C
7-M,740,730,0,1,0,731,A
7-M,741,0,0,733,0,733,G
7-M,742,722,0,0,0,722,A
7-M,743,0,722,0,0,722,T
7-M,744,0,0,714,0,714,G
7-M,745,0,0,0,710,710,C
7-M,746,711,0,0,0,711,A
7-M,747,710,0,1,0,711,A
7-M,748,0,0,0,711,711,C
7-M,749,0,1,712,0,713,G
7-M,750,723,0,0,0,723,A
7-M,751,0,723,0,0,723,T
7-M,752,0,719,0,2,721,T
7-M,753,0,0,0,730,730,C
7-M,754,718,1,0,0,719,A
7-M,755,712,1,0,0,713,A
7-M,756,0,0,715,0,715,G
7-M,757,0,697,0,0,697,T
7-M,758,0,0,692,0,692,G
7-M,759,689,0,0,0,689,A
7-M,760,0,0,0,689,689,C
7-M,761,0,0,0,689,689,C
7-M,762,0,0,0,682,682,C
7-M,763,0,0,686,0,686,G
7-M,764,0,0,0,685,685,C
7-M,765,0,686,0,0,686,T
7-M,766,0,687,0,0,687,T
7-M,767,0,0,693,0,693,G
7-M,768,0,696,0,0,696,T
7-M,769,0,695,0,2,697,T
7-M,770,0,0,699,0,699,G
7-M,771,0,676,0,1,677,T
7-M,772,0,670,0,0,670,T
7-M,773,0,1,666,0,667,G
7-M,774,1,2,0,665,668,C
7-M,775,0,0,0,663,663,C
7-M,776,0,0,661,0,661,G
7-M,777,0,0,0,660,660,C
7-M,778,0,0,664,0,664,G
7-M,779,662,0,0,0,662,A
7-M,780,666,1,0,0,667,A
7-M,781,0,672,0,0,672,T
7-M,782,671,0,1,0,672,A
7-M,783,0,684,0,0,684,T
7-M,784,0,0,0,687,687,C
7-M,785,688,0,1,0,689,A
7-M,786,0,685,0,0,685,T
7-M,787,0,683,0,0,683,T
7-M,788,0,0,682,0,682,G
7-M,789,0,0,686,0,686,G
7-M,790,0,0,687,0,687,G
7-M,791,678,0,0,0,678,A
7-M,792,0,670,0,0,670,T
7-M,793,0,0,0,648,648,C
7-M,794,0,647,0,0,647,T
7-M,795,0,648,0,0,648,T
7-M,796,0,0,655,0,655,G
7-M,797,0,0,0,653,653,C
7-M,798,657,0,0,0,657,A
7-M,799,0,0,0,656,656,C
7-M,800,0,641,0,0,641,T
7-M,801,0,645,0,0,645,T
7-M,802,0,0,642,0,642,G
7-M,803,645,0,0,0,645,A
7-M,804,0,644,0,0,644,T
7-M,805,627,0,1,0,628,A
7-M,806,0,629,0,0,629,T
7-M,807,0,619,0,0,619,T
7-M,808,1,0,626,0,627,G
7-M,809,0,623,0,1,624,T
7-M,810,0,0,624,0,624,G
7-M,811,0,0,626,0,626,G
7-M,812,612,0,0,0,612,A
7-M,813,0,612,0,1,613,T
7-M,814,0,609,1,0,610,T
7-M,815,0,0,0,607,607,C
7-M,816,0,604,0,2,606,T
7-M,817,0,605,0,0,605,T
7-M,818,0,0,606,0,606,G
7-M,819,602,0,0,0,602,A
7-M,820,0,597,0,1,598,T
7-M,821,0,0,0,596,596,C
7-M,822,0,0,595,0,595,G
7-M,823,0,592,0,2,594,T
7-M,824,0,0,0,596,596,C
7-M,825,0,594,0,3,597,T
7-M,826,0,595,0,0,595,T
7-M,827,0,593,0,0,593,T
7-M,828,0,597,0,0,597,T
7-M,829,0,598,0,0,598,T
7-M,830,0,599,0,0,599,T
7-M,831,1,591,0,1,593,T
7-M,832,0,0,0,593,593,C
7-M,833,595,0,0,0,595,A
7-M,834,594,0,0,0,594,A
7-M,835,595,0,0,0,595,A
7-M,836,1,593,0,0,594,T
7-M,837,0,0,600,0,600,G
7-M,838,0,0,0,599,599,C
7-M,839,0,0,601,0,601,G
7-M,840,0,620,0,1,621,T
7-M,841,0,0,0,622,622,C
7-M,842,0,624,0,0,624,T
7-M,843,626,0,0,0,626,A
7-M,844,0,624,0,0,624,T
7-M,845,0,1,0,620,621,C
7-M,846,0,0,622,0,622,G
7-M,847,618,0,0,0,618,A
7-M,848,0,2,0,614,616,C
7-M,849,0,594,0,0,594,T
7-M,850,0,0,0,615,615,C
7-M,851,0,610,0,1,611,T
7-M,852,0,608,0,1,609,T
7-M,853,0,0,0,612,612,C
7-M,854,609,0,0,0,609,A
7-M,855,612,0,0,0,612,A
7-M,856,611,0,0,0,611,A
7-M,857,0,0,0,609,609,C
7-M,858,605,0,0,0,605,A
7-M,859,0,0,0,570,570,C
7-M,860,0,0,559,0,559,G
7-M,861,0,0,599,0,599,G
7-M,862,0,0,0,603,603,C
7-M,863,0,0,0,599,599,C
7-M,864,0,600,1,0,601,T
7-M,865,0,602,0,0,602,T
7-M,866,606,0,0,0,606,A
7-M,867,610,0,0,0,610,A
7-M,868,608,0,0,0,608,A
7-M,869,607,0,0,0,607,A
7-M,870,0,0,600,0,600,G
7-M,871,502,0,1,0,503,A
7-M,872,0,0,499,0,499,G
7-M,873,4,0,494,0,498,G
7-M,874,0,0,0,498,498,C
7-M,875,1,0,0,497,498,C
7-M,876,0,0,0,501,501,C
7-M,877,0,495,0,0,495,T
7-M,878,0,502,0,0,502,T
7-M,879,0,0,0,503,503,C
7-M,880,0,503,0,0,503,T
7-M,881,507,0,0,0,507,A
7-M,882,0,0,0,505,505,C
7-M,883,0,0,506,0,506,G
7-M,884,0,0,509,0,509,G
7-M,885,494,0,0,0,494,A
7-M,886,495,0,0,0,495,A
7-M,887,0,0,499,0,499,G
7-M,888,0,1,502,0,503,G
7-M,889,501,0,0,0,501,A
7-M,890,0,0,504,0,504,G
7-M,891,0,500,0,1,501,T
7-M,892,513,0,0,0,513,A
7-M,893,1,0,0,507,508,C
7-M,894,0,0,0,509,509,C
7-M,895,0,504,0,1,505,T
7-M,896,0,1,501,0,502,G
7-M,897,486,0,0,0,486,A
7-M,898,0,0,507,0,507,G
7-M,899,0,485,0,0,485,T
7-M,900,0,0,0,483,483,C
7-M,901,0,476,0,0,476,T
7-M,902,477,0,0,0,477,A
7-M,903,0,475,0,0,475,T
7-M,904,0,0,477,0,477,G
7-M,905,468,0,0,0,468,A
7-M,906,0,0,468,0,468,G
7-M,907,0,0,425,0,425,G
7-M,908,0,0,424,0,424,G
7-M,909,420,0,0,0,420,A
7-M,910,417,0,0,0,417,A
7-M,911,0,0,421,0,421,G
7-M,912,417,0,0,0,417,A
7-M,913,419,0,0,0,419,A
7-M,914,0,416,0,0,416,T
7-M,915,408,0,1,0,409,A
7-M,916,1,408,0,0,409,T
7-M,917,0,4,0,398,402,C
7-M,918,0,0,402,0,402,G
7-M,919,400,0,0,1,401,A
7-M,920,396,0,0,0,396,A
7-M,921,396,0,0,0,396,A
7-M,922,0,0,391,0,391,G
7-M,923,0,0,403,0,403,G
7-M,924,397,0,0,0,397,A
7-M,925,396,0,0,0,396,A
7-M,926,0,0,0,397,397,C
7-M,927,391,0,0,1,392,A
7-M,928,0,0,393,0,393,G
7-M,929,0,0,0,393,393,C
7-M,930,391,0,0,0,391,A
7-M,931,0,0,388,0,388,G
7-M,932,362,0,0,0,362,A
7-M,933,367,0,0,0,367,A
7-M,934,0,363,0,0,363,T
7-M,935,0,0,355,0,355,G
7-M,936,0,0,0,355,355,C
7-M,937,0,328,0,1,329,T
7-M,938,0,0,330,0,330,G
7-M,939,0,327,0,1,328,T
7-M,940,0,0,328,0,328,G
7-M,941,0,0,329,0,329,G
7-M,942,320,0,1,0,321,A
7-M,943,0,316,0,0,316,T
7-M,944,0,0,303,0,303,G
7-M,945,0,0,0,291,291,C
7-M,946,0,257,0,0,257,T
7-M,947,0,0,255,0,255,G
7-M,948,254,0,0,0,254,A
7-M,949,0,0,0,256,256,C
7-M,950,0,0,254,0,254,G
7-M,951,247,0,0,0,247,A
7-M,952,0,0,0,249,249,C
7-M,953,244,0,0,0,244,A
7-M,954,0,0,244,0,244,G
7-M,955,0,242,0,0,242,T
7-M,956,0,0,0,239,239,C
7-M,957,239,0,1,0,240,A
7-M,958,0,237,0,0,237,T
7-M,959,0,239,0,0,239,T
7-M,960,0,239,0,0,239,T
7-M,961,0,233,0,0,233,T
7-M,962,0,0,233,0,233,G
7-M,963,0,222,0,0,222,T
7-M,964,0,0,0,221,221,C
7-M,965,210,0,0,0,210,A
7-M,966,0,0,211,0,211,G
7-M,967,0,0,0,213,213,C
7-M,968,213,0,0,0,213,A
7-M,969,0,212,0,0,212,T
7-M,970,204,0,0,0,204,A
7-M,971,1,0,203,0,204,G
7-M,972,200,0,0,0,200,A
7-M,973,0,0,199,0,199,G
7-M,974,0,190,0,0,190,T
7-M,975,0,139,0,0,139,T
7-M,976,0,0,140,0,140,G
7-M,977,0,0,139,0,139,G
7-M,978,137,0,0,0,137,A
7-M,979,0,0,139,0,139,G
7-M,980,0,85,0,0,85,T
7-M,981,80,0,0,0,80,A
7-M,982,78,0,0,0,78,A
8-NS,1,485,0,0,0,485,A
8-NS,2,0,485,0,0,485,T
8-NS,3,0,0,515,0,515,G
8-NS,4,0,0,544,0,544,G
8-NS,5,590,0,0,0,590,A
8-NS,6,0,1149,0,0,1149,T
8-NS,7,0,1156,0,0,1156,T
8-NS,8,0,0,0,1202,1202,C
8-NS,9,0,0,1,1198,1199,C
8-NS,10,1203,0,0,1,1204,A
8-NS,11,1220,0,1,0,1221,A
8-NS,12,0,0,0,1223,1223,C
8-NS,13,1225,0,0,0,1225,A
8-NS,14,0,1,0,1235,1236,C
8-NS,15,1,1235,0,1,1237,T
8-NS,16,0,0,1347,0,1347,G
8-NS,17,0,1352,0,0,1352,T
8-NS,18,2,0,1370,0,1372,G
8-NS,19,0,1370,0,1,1371,T
8-NS,20,0,0,0,1372,1372,C
8-NS,21,1375,0,2,0,1377,A
8-NS,22,1376,0,1,0,1377,A
8-NS,23,0,0,1397,0,1397,G
8-NS,24,0,1422,0,0,1422,T
8-NS,25,0,1416,0,0,1416,T
8-NS,26,0,1425,0,0,1425,T
8-NS,27,0,0,0,1431,1431,C
8-NS,28,0,0,0,1433,1433,C
8-NS,29,1434,0,0,0,1434,A
8-NS,30,0,0,1451,0,1451,G
8-NS,31,0,0,1460,0,1460,G
8-NS,32,0,1464,0,0,1464,T
8-NS,33,1465,1,1,0,1467,A
8-NS,34,0,1,1485,0,1486,G
8-NS,35,1478,0,1,0,1479,A
8-NS,36,0,1490,0,0,1490,T
8-NS,37,1,1484,0,0,1485,T
8-NS,38,1,0,1505,0,1506,G
8-NS,39,0,0,0,1509,1509,C
8-NS,40,0,1506,0,0,1506,T
8-NS,41,0,1515,0,1,1516,T
8-NS,42,0,1526,0,0,1526,T
8-NS,43,1,0,0,1558,1559,C
8-NS,44,0,1558,0,0,1558,T
8-NS,45,0,1549,0,0,1549,T
8-NS,46,0,1554,0,0,1554,T
8-NS,47,0,1,1559,0,1560,G
8-NS,48,2,0,1561,0,1563,G
8-NS,49,0,0,0,1566,1566,C
8-NS,50,1563,0,0,0,1563,A
8-NS,51,0,1567,0,0,1567,T
8-NS,52,1580,0,0,0,1580,A
8-NS,53,0,1611,0,0,1611,T
8-NS,54,0,0,0,1621,1621,C
8-NS,55,0,0,0,1621,1621,C
8-NS,56,0,0,1621,0,1621,G
8-NS,57,1,0,1629,0,1630,G
8-NS,58,1629,0,0,0,1629,A
8-NS,59,1633,0,0,0,1633,A
8-NS,60,1651,0,1,0,1652,A
8-NS,61,0,0,0,1680,1680,C
8-NS,62,1675,0,0,0,1675,A
8-NS,63,1671,0,2,0,1673,A
8-NS,64,0,0,1757,0,1757,G
8-NS,65,0,1759,0,0,1759,T
8-NS,66,0,1749,0,1,1750,T
8-NS,67,0,0,1762,0,1762,G
8-NS,68,0,1761,0,0,1761,T
8-NS,69,1753,0,1,0,1754,A
8-NS,70,0,0,1768,0,1768,G
8-NS,71,1848,0,3,0,1851,A
8-NS,72,0,0,0,1885,1885,C
8-NS,73,0,1,0,1851,1852,C
8-NS,74,1852,0,0,0,1852,A
8-NS,75,1857,0,0,0,1857,A
8-NS,76,0,0,2015,0,2015,G
8-NS,77,2012,0,1,0,2013,A
8-NS,78,2030,0,0,0,2030,A
8-NS,79,0,0,0,2038,2038,C
8-NS,80,0,1975,0,2,1977,T
8-NS,81,1,0,2002,0,2003,G
8-NS,82,1995,0,0,2,1997,A
8-NS,83,1,0,2044,0,2045,G
8-NS,84,0,2041,0,1,2042,T
8-NS,85,0,0,2009,0,2009,G
8-NS,86,2010,0,3,0,2013,A
8-NS,87,0,2009,0,0,2009,T
8-NS,88,0,0,2033,0,2033,G
8-NS,89,0,0,0,2068,2068,C
8-NS,90,0,0,0,2081,2081,C
8-NS,91,2,0,0,2084,2086,C
8-NS,92,0,2,0,2058,2060,C
8-NS,93,2066,0,0,0,2066,A
8-NS,94,0,2097,0,0,2097,T
8-NS,95,0,2116,0,0,2116,T
8-NS,96,0,0,1,2134,2135,C
8-NS,97,0,0,0,2118,2118,C
8-NS,98,0,2103,0,7,2110,T
8-NS,99,1,2093,0,0,2094,T
8-NS,100,2,0,2093,0,2095,G
8-NS,101,2086,1,0,0,2087,A
8-NS,102,0,2090,0,2,2092,T
8-NS,103,0,0,0,2078,2078,C
8-NS,104,0,1,2059,0,2060,G
8-NS,105,0,0,2085,0,2085,G
8-NS,106,0,0,0,2088,2088,C
8-NS,107,0,2070,0,1,2071,T
8-NS,108,0,2086,0,0,2086,T
8-NS,109,0,0,0,2085,2085,C
8-NS,110,1,0,2079,0,2080,G
8-NS,111,0,5,0,2089,2094,C
8-NS,112,0,1,0,2090,2091,C
8-NS,113,0,0,2107,0,2107,G
8-NS,114,2071,0,1,0,2072,A
8-NS,115,0,0,2174,0,2174,G
8-NS,116,2163,0,2,0,2165,A
8-NS,117,1,2166,0,0,2167,T
8-NS,118,0,0,0,2167,2167,C
8-NS,119,2167,0,0,0,2167,A
8-NS,120,0,0,2183,0,2183,G
8-NS,121,2176,0,1,0,2177,A
8-NS,122,1,0,2188,0,2189,G
8-NS,123,1,1,2206,0,2208,G
8-NS,124,0,2209,0,0,2209,T
8-NS,125,1,3,0,2351,2355,C
8-NS,126,0,0,0,2362,2362,C
8-NS,127,1,0,0,2369,2370,C
8-NS,128,1,2373,0,2,2376,T
8-NS,129,2388,0,0,0,2388,A
8-NS,130,2382,0,1,1,2384,A
8-NS,131,0,3,2450,0,2453,G
8-NS,132,2,0,2455,0,2457,G
8-NS,133,2,0,2419,0,2421,G
8-NS,134,0,0,2376,0,2376,G
8-NS,135,2358,0,0,0,2358,A
8-NS,136,2364,0,0,0,2364,A
8-NS,137,0,2,2380,0,2382,G
8-NS,138,2427,0,5,0,2432,A
8-NS,139,1,0,2472,0,2473,G
8-NS,140,0,1,2463,0,2464,G
8-NS,141,0,2,0,2459,2461,C
8-NS,142,2451,0,1,0,2452,A
8-NS,143,2455,0,5,0,2460,A
8-NS,144,0,2463,0,0,2463,T
8-NS,145,2484,1,0,0,2485,A
8-NS,146,0,0,0,2521,2521,C
8-NS,147,0,2439,0,3,2442,T
8-NS,148,0,1,0,2444,2445,C
8-NS,149,0,2409,1,1,2411,T
8-NS,150,0,2,0,2450,2452,C
8-NS,151,1,0,2481,0,2482,G
8-NS,152,1,0,2624,0,2625,G
8-NS,153,0,2620,0,0,2620,T
8-NS,154,0,0,0,2636,2636,C
8-NS,155,0,2612,0,1,2613,T
8-NS,156,2650,0,1,0,2651,A
8-NS,157,0,1,2648,0,2649,G
8-NS,158,2640,0,2,0,2642,A
8-NS,159,0,4,0,2704,2708,C
8-NS,160,2664,0,0,1,2665,A
8-NS,161,1,2591,0,0,2592,T
8-NS,162,0,0,0,2592,2592,C
8-NS,163,2594,0,0,0,2594,A
8-NS,164,2595,0,0,1,2596,A
8-NS,165,2575,0,2,0,2577,A
8-NS,166,0,0,2581,0,2581,G
8-NS,167,1,0,0,2583,2584,C
8-NS,168,2531,0,2,0,2533,A
8-NS,169,0,0,2556,1,2557,G
8-NS,170,0,2,0,2539,2541,C
8-NS,171,0,1,0,2555,2556,C
8-NS,172,2569,0,1,0,2570,A
8-NS,173,0,0,1,2597,2598,C
8-NS,174,1,0,0,2603,2604,C
8-NS,175,3,1,0,2601,2605,C
8-NS,176,2650,0,0,0,2650,A
8-NS,177,1,2666,0,1,2668,T
8-NS,178,0,0,2669,0,2669,G
8-NS,179,0,2671,0,0,2671,T
8-NS,180,0,2651,0,0,2651,T
8-NS,181,1,0,2655,1,2657,G
8-NS,182,0,0,2641,0,2641,G
8-NS,183,2628,0,0,0,2628,A
8-NS,184,2630,0,7,0,2637,A
8-NS,185,2583,0,3,0,2586,A
8-NS,186,0,0,2611,0,2611,G
8-NS,187,0,0,0,2612,2612,C
8-NS,188,2597,1,3,0,2601,A
8-NS,189,2596,1,0,0,2597,A
8-NS,190,2593,0,0,0,2593,A
8-NS,191,0,2634,0,0,2634,T
8-NS,192,1,2613,0,0,2614,T
8-NS,193,0,0,2672,0,2672,G
8-NS,194,0,2672,0,2,2674,T
8-NS,195,2663,0,1,0,2664,A
8-NS,196,0,0,2663,0,2663,G
8-NS,197,2660,1,0,0,2661,A
8-NS,198,2696,0,1,0,2697,A
8-NS,199,2700,0,0,0,2700,A
8-NS,200,2686,0,5,0,2691,A
8-NS,201,0,0,2703,0,2703,G
8-NS,202,2659,0,0,0,2659,A
8-NS,203,0,2648,0,2,2650,T
8-NS,204,2,2654,0,1,2657,T
8-NS,205,0,0,0,2670,2670,C
8-NS,206,0,2659,0,1,2660,T
8-NS,207,0,0,2662,0,2662,G
8-NS,208,2664,0,0,0,2664,A
8-NS,209,2656,1,0,0,2657,A
8-NS,210,2648,0,0,0,2648,A
8-NS,211,2,1,2656,0,2659,G
8-NS,212,2654,0,1,0,2655,A
8-NS,213,2663,0,0,0,2663,A
8-NS,214,0,1,2687,0,2688,G
8-NS,215,2708,0,2,0,2710,A
8-NS,216,2723,0,6,0,2729,A
8-NS,217,0,2735,0,0,2735,T
8-NS,218,0,0,0,2764,2764,C
8-NS,219,1,2765,0,1,2767,T
8-NS,220,0,0,2795,0,2795,G
8-NS,221,2785,0,1,1,2787,A
8-NS,222,0,2791,0,0,2791,T
8-NS,223,1,0,2759,0,2760,G
8-NS,224,2731,0,4,0,2735,A
8-NS,225,0,0,2731,0,2731,G
8-NS,226,1,0,2738,0,2739,G
8-NS,227,1,1,0,2741,2743,C
8-NS,228,2741,1,3,0,2745,A
8-NS,229,0,1,0,2847,2848,C
8-NS,230,0,2830,0,0,2830,T
8-NS,231,0,2851,0,1,2852,T
8-NS,232,2867,0,0,0,2867,A
8-NS,233,2877,0,1,0,2878,A
8-NS,234,2865,0,1,1,2867,A
8-NS,235,2860,0,7,0,2867,A
8-NS,236,0,2863,0,2,2865,T
8-NS,237,3,2,2861,1,2867,G
8-NS,238,2858,0,2,0,2860,A
8-NS,239,0,0,0,2862,2862,C
8-NS,240,0,0,0,2844,2844,C
8-NS,241,2844,0,0,0,2844,A
8-NS,242,0,2838,0,0,2838,T
8-NS,243,0,1,2934,0,2935,G
8-NS,244,0,0,2959,0,2959,G
8-NS,245,0,2987,0,0,2987,T
8-NS,246,0,1,0,3152,3153,C
8-NS,247,0,3125,0,4,3129,T
8-NS,248,2,1,0,3191,3194,C
8-NS,249,0,2,0,3190,3192,C
8-NS,250,3201,0,2,0,3203,A
8-NS,251,0,0,0,3232,3232,C
8-NS,252,3159,1,1,0,3161,A
8-NS,253,0,0,0,3174,3174,C
8-NS,254,0,0,0,3146,3146,C
8-NS,255,0,3003,1,1,3005,T
8-NS,256,1,0,3022,0,3023,G
8-NS,257,0,0,0,3013,3013,C
8-NS,258,0,2988,0,0,2988,T
8-NS,259,0,2995,0,0,2995,T
8-NS,260,0,1,0,2977,2978,C
8-NS,261,1,0,2992,0,2993,G
8-NS,262,0,0,0,2981,2981,C
8-NS,263,2,0,2978,0,2980,G
8-NS,264,3163,0,2,0,3165,A
8-NS,265,0,3163,0,0,3163,T
8-NS,266,3303,0,2,0,3305,A
8-NS,267,0,0,0,3310,3310,C
8-NS,268,3289,1,2,0,3292,A
8-NS,269,1,3402,0,2,3405,T
8-NS,270,3386,0,0,0,3386,A
8-NS,271,3399,0,0,1,3400,A
8-NS,272,0,1,0,3405,3406,C
8-NS,273,0,3270,0,0,3270,T
8-NS,274,0,0,3310,0,3310,G
8-NS,275,3226,0,4,0,3230,A
8-NS,276,0,1,0,3247,3248,C
8-NS,277,3234,0,0,0,3234,A
8-NS,278,0,3206,0,1,3207,T
8-NS,279,0,1,3207,0,3208,G
8-NS,280,3191,1,1,0,3193,A
8-NS,281,0,1,0,3310,3311,C
8-NS,282,0,3288,0,0,3288,T
8-NS,283,3361,0,1,0,3362,A
8-NS,284,0,3347,0,0,3347,T
8-NS,285,2,3318,0,0,3320,T
8-NS,286,0,2,3324,0,3326,G
8-NS,287,3297,1,2,0,3300,A
8-NS,288,0,0,3303,0,3303,G
8-NS,289,0,0,3286,0,3286,G
8-NS,290,3188,0,1,0,3189,A
8-NS,291,3201,1,1,1,3204,A
8-NS,292,1,3139,0,1,3141,T
8-NS,293,0,3133,0,1,3134,T
8-NS,294,0,0,3203,0,3203,G
8-NS,295,1,3189,0,5,3195,T
8-NS,296,1,0,0,3198,3199,C
8-NS,297,3197,2,4,0,3203,A
8-NS,298,3207,0,2,1,3210,A
8-NS,299,0,0,3217,0,3217,G
8-NS,300,3216,0,0,0,3216,A
8-NS,301,3218,1,1,0,3220,A
8-NS,302,3218,0,1,0,3219,A
8-NS,303,0,0,0,3204,3204,C
8-NS,304,1,3166,0,0,3167,T
8-NS,305,0,0,3220,0,3220,G
8-NS,306,1,0,3265,0,3266,G
8-NS,307,0,3269,0,0,3269,T
8-NS,308,0,3264,0,1,3265,T
8-NS,309,0,0,0,3236,3236,C
8-NS,310,3253,0,2,0,3255,A
8-NS,311,0,3303,0,1,3304,T
8-NS,312,2,3,3323,0,3328,G
8-NS,313,0,0,0,3358,3358,C
8-NS,314,0,3318,0,2,3320,T
8-NS,315,3280,0,4,0,3284,A
8-NS,316,3451,0,0,0,3451,A
8-NS,317,0,3477,0,1,3478,T
8-NS,318,1,0,3483,0,3484,G
8-NS,319,0,1,0,3475,3476,C
8-NS,320,3,3,0,3428,3434,C
8-NS,321,2,0,0,3430,3432,C
8-NS,322,3414,1,0,0,3415,A
8-NS,323,3433,0,3,1,3437,A
8-NS,324,0,0,3457,0,3457,G
8-NS,325,0,2,0,3464,3466,C
8-NS,326,3450,0,2,0,3452,A
8-NS,327,0,1,3477,0,3478,G
8-NS,328,3454,0,0,0,3454,A
8-NS,329,3472,0,0,0,3472,A
8-NS,330,3460,0,2,0,3462,A
8-NS,331,1,1,3531,0,3533,G
8-NS,332,0,3517,1,1,3519,T
8-NS,333,1,1,3505,0,3507,G
8-NS,334,0,0,3505,0,3505,G
8-NS,335,3503,1,1,0,3505,A
8-NS,336,3479,0,4,0,3483,A
8-NS,337,0,0,3484,0,3484,G
8-NS,338,0,0,3510,0,3510,G
8-NS,339,3510,0,2,0,3512,A
8-NS,340,0,0,0,3513,3513,C
8-NS,341,0,0,0,3507,3507,C
8-NS,342,0,3493,0,1,3494,T
8-NS,343,0,0,0,3560,3560,C
8-NS,344,0,3549,0,3,3552,T
8-NS,345,0,3566,0,1,3567,T
8-NS,346,0,3559,0,1,3560,T
8-NS,347,0,0,3553,0,3553,G
8-NS,348,0,1,0,3596,3597,C
8-NS,349,3568,0,2,1,3571,A
8-NS,350,0,3550,1,3,3554,T
8-NS,351,0,4,0,3573,3577,C
8-NS,352,3586,1,1,0,3588,A
8-NS,353,0,0,3717,0,3717,G
8-NS,354,3695,0,1,4,3700,A
8-NS,355,3719,1,3,0,3723,A
8-NS,356,1,3707,0,0,3708,T
8-NS,357,2,0,3649,0,3651,G
8-NS,358,15,0,3660,0,3675,G
8-NS,359,3679,0,2,1,3682,A
8-NS,360,0,1,0,3678,3679,C
8-NS,361,0,2,0,3611,3613,C
8-NS,362,3546,0,3,0,3549,A
8-NS,363,1,0,3592,0,3593,G
8-NS,364,8,0,3581,0,3589,G
8-NS,365,0,1,0,3606,3607,C
8-NS,366,3588,0,0,0,3588,A
8-NS,367,3585,1,0,0,3586,A
8-NS,368,1,3574,0,3,3578,T
8-NS,369,0,0,0,3580,3580,C
8-NS,370,3581,0,2,0,3583,A
8-NS,371,0,3565,0,1,3566,T
8-NS,372,0,0,3537,0,3537,G
8-NS,373,0,2,3550,0,3552,G
8-NS,374,3545,0,2,0,3547,A
8-NS,375,0,0,3598,0,3598,G
8-NS,376,3550,1,0,0,3551,A
8-NS,377,3559,0,1,0,3560,A
8-NS,378,3551,0,2,0,3553,A
8-NS,379,3549,0,0,0,3549,A
8-NS,380,3580,1,6,1,3588,A
8-NS,381,0,2,0,3604,3606,C
8-NS,382,3573,1,1,0,3575,A
8-NS,383,0,3557,0,0,3557,T
8-NS,384,1,1,0,3536,3538,C
8-NS,385,3523,0,1,0,3524,A
8-NS,386,1,3550,0,1,3552,T
8-NS,387,1,0,3575,0,3576,G
8-NS,388,1,3556,0,5,3562,T
8-NS,389,0,3539,1,0,3540,T
8-NS,390,0,0,3530,3,3533,G
8-NS,391,3509,1,0,0,3510,A
8-NS,392,3510,1,0,0,3511,A
8-NS,393,3503,0,3,0,3506,A
8-NS,394,1,0,3527,0,3528,G
8-NS,395,1,2,0,3511,3514,C
8-NS,396,0,4,3516,0,3520,G
8-NS,397,3506,0,1,0,3507,A
8-NS,398,3506,4,2,0,3512,A
8-NS,399,0,3504,0,0,3504,T
8-NS,400,0,3500,1,8,3509,T
8-NS,401,1,3518,0,1,3520,T
8-NS,402,1,1,0,3534,3536,C
8-NS,403,3496,0,1,0,3497,A
8-NS,404,0,0,3515,0,3515,G
8-NS,405,0,3504,0,2,3506,T
8-NS,406,0,0,3507,0,3507,G
8-NS,407,1,3485,0,4,3490,T
8-NS,408,0,0,3506,0,3506,G
8-NS,409,3536,1,1,0,3538,A
8-NS,410,0,3530,0,0,3530,T
8-NS,411,0,3527,0,0,3527,T
8-NS,412,0,3522,2,0,3524,T
8-NS,413,0,3524,0,3,3527,T
8-NS,414,0,3524,0,1,3525,T
8-NS,415,0,1,3509,0,3510,G
8-NS,416,3522,0,4,0,3526,A
8-NS,417,0,1,0,3514,3515,C
8-NS,418,0,3,0,3480,3483,C
8-NS,419,2,0,3506,0,3508,G
8-NS,420,3715,0,0,0,3715,A
8-NS,421,0,0,0,3787,3787,C
8-NS,422,1,3782,0,1,3784,T
8-NS,423,3803,1,3,0,3807,A
8-NS,424,0,0,3825,0,3825,G
8-NS,425,3810,0,12,0,3822,A
8-NS,426,0,0,3863,0,3863,G
8-NS,427,3849,1,1,0,3851,A
8-NS,428,1,0,0,3968,3969,C
8-NS,429,0,1,0,3790,3791,C
8-NS,430,3665,1,4,0,3670,A
8-NS,431,0,3907,0,2,3909,T
8-NS,432,3891,0,2,0,3893,A
8-NS,433,0,0,4253,0,4253,G
8-NS,434,0,4228,0,2,4230,T
8-NS,435,4208,0,0,0,4208,A
8-NS,436,0,4205,1,2,4208,T
8-NS,437,0,4089,1,1,4091,T
8-NS,438,4228,2,2,0,4232,A
8-NS,439,0,1,0,4221,4222,C
8-NS,440,1,4038,0,1,4040,T
8-NS,441,4030,0,1,0,4031,A
8-NS,442,3640,0,1,0,3641,A
8-NS,443,0,1,3718,0,3719,G
8-NS,444,1,1,3726,0,3728,G
8-NS,445,5,0,3739,0,3744,G
8-NS,446,0,0,0,3701,3701,C
8-NS,447,1,3608,1,3,3613,T
8-NS,448,1,3450,0,163,3614,T
8-NS,449,1,3665,1,2,3669,T
8-NS,450,0,0,0,3697,3697,C
8-NS,451,3726,1,0,0,3727,A
8-NS,452,0,8,0,3740,3748,C
8-NS,453,1,0,0,3642,3643,C
8-NS,454,2,0,3646,0,3648,G
8-NS,455,3618,0,0,1,3619,A
8-NS,456,3620,10,0,0,3630,A
8-NS,457,1,0,3640,0,3641,G
8-NS,458,3595,1,5,0,3601,A
8-NS,459,0,6,3626,0,3632,G
8-NS,460,0,0,3560,0,3560,G
8-NS,461,3,0,3580,0,3583,G
8-NS,462,3556,0,7,0,3563,A
8-NS,463,0,0,3580,0,3580,G
8-NS,464,1,1,1,3566,3569,C
8-NS,465,3572,1,2,0,3575,A
8-NS,466,3565,0,4,0,3569,A
8-NS,467,0,3565,0,0,3565,T
8-NS,468,0,3546,0,1,3547,T
8-NS,469,0,0,3557,0,3557,G
8-NS,470,1,3526,0,0,3527,T
8-NS,471,1,3521,0,2,3524,T
8-NS,472,0,0,3529,1,3530,G
8-NS,473,2,2,3526,0,3530,G
8-NS,474,0,0,0,3527,3527,C
8-NS,475,1,0,3527,0,3528,G
8-NS,476,3536,0,1,0,3537,A
8-NS,477,3537,0,0,0,3537,A
8-NS,478,3563,0,2,0,3565,A
8-NS,479,0,3568,0,1,3569,T
8-NS,480,1,0,1,3571,3573,C
8-NS,481,0,3546,1,2,3549,T
8-NS,482,0,1,0,3569,3570,C
8-NS,483,3583,1,2,0,3586,A
8-NS,484,1,0,0,3592,3593,C
8-NS,485,0,1,1,3594,3596,C
8-NS,486,3554,2,2,0,3558,A
8-NS,487,1,3537,0,3,3541,T
8-NS,488,1,3514,0,4,3519,T
8-NS,489,3,0,3531,0,3534,G
8-NS,490,3,2,0,3521,3526,C
8-NS,491,0,0,0,3526,3526,C
8-NS,492,0,3517,3,9,3529,T
8-NS,493,0,3521,0,3,3524,T
8-NS,494,0,2,0,3544,3546,C
8-NS,495,0,3533,0,0,3533,T
8-NS,496,0,3550,0,1,3551,T
8-NS,497,0,3596,0,2,3598,T
8-NS,498,0,3583,0,0,3583,T
8-NS,499,0,1,1,3589,3591,C
8-NS,500,0,0,0,3584,3584,C
8-NS,501,3567,2,2,0,3571,A
8-NS,502,1,0,3633,0,3634,G
8-NS,503,1,0,3605,0,3606,G
8-NS,504,3689,0,1,0,3690,A
8-NS,505,0,0,0,3681,3681,C
8-NS,506,3701,0,1,0,3702,A
8-NS,507,0,3722,0,2,3724,T
8-NS,508,3741,0,0,0,3741,A
8-NS,509,0,0,0,4021,4021,C
8-NS,510,1,4007,0,1,4009,T
8-NS,511,3988,0,1,0,3989,A
8-NS,512,0,3969,0,1,3970,T
8-NS,513,0,3827,1,1,3829,T
8-NS,514,0,1,3826,0,3827,G
8-NS,515,3635,2,5,0,3642,A
8-NS,516,0,1,3669,0,3670,G
8-NS,517,0,0,3650,0,3650,G
8-NS,518,3291,0,0,0,3291,A
8-NS,519,1,3306,0,0,3307,T
8-NS,520,0,0,3349,0,3349,G
8-NS,521,0,3215,1,120,3336,T
8-NS,522,0,1,0,3344,3345,C
8-NS,523,3351,0,1,0,3352,A
8-NS,524,3349,0,0,0,3349,A
8-NS,525,3345,0,2,0,3347,A
8-NS,526,3317,0,1,0,3318,A
8-NS,527,3344,1,0,0,3345,A
8-NS,528,0,3341,0,0,3341,T
8-NS,529,0,0,3343,0,3343,G
8-NS,530,0,1,0,3374,3375,C
8-NS,531,3376,0,0,0,3376,A
8-NS,532,3392,0,0,0,3392,A
8-NS,533,1,3406,0,1,3408,T
8-NS,534,1,3407,0,0,3408,T
8-NS,535,2,1,3395,1,3399,G
8-NS,536,0,4,3376,0,3380,G
8-NS,537,1,1,3386,0,3388,G
8-NS,538,0,1,3426,0,3427,G
8-NS,539,0,3347,0,5,3352,T
8-NS,540,0,1,0,3389,3390,C
8-NS,541,0,1,0,3391,3392,C
8-NS,542,1,3386,0,5,3392,T
8-NS,543,0,0,1,3425,3426,C
8-NS,544,3427,1,0,0,3428,A
8-NS,545,1,3441,0,0,3442,T
8-NS,546,2,1,0,3447,3450,C
8-NS,547,1,0,3414,0,3415,G
8-NS,548,0,0,3417,1,3418,G
8-NS,549,3343,1,2,0,3346,A
8-NS,550,0,1,3358,0,3359,G
8-NS,551,0,0,3387,0,3387,G
8-NS,552,3338,0,3,0,3341,A
8-NS,553,0,0,0,3385,3385,C
8-NS,554,1,3371,0,3,3375,T
8-NS,555,0,3360,0,4,3364,T
8-NS,556,3,0,3402,0,3405,G
8-NS,557,3386,0,2,0,3388,A
8-NS,558,3386,0,2,0,3388,A
8-NS,559,0,3372,1,0,3373,T
8-NS,560,0,1,3288,0,3289,G
8-NS,561,0,0,3356,0,3356,G
8-NS,562,3307,1,3,0,3311,A
8-NS,563,3330,0,3,0,3333,A
8-NS,564,0,3506,0,0,3506,T
8-NS,565,1,1,3538,0,3540,G
8-NS,566,3559,0,1,0,3560,A
8-NS,567,0,3564,0,0,3564,T
8-NS,568,3544,0,5,0,3549,A
8-NS,569,3568,0,0,0,3568,A
8-NS,570,0,0,0,3536,3536,C
8-NS,571,3460,0,2,0,3462,A
8-NS,572,0,0,0,3497,3497,C
8-NS,573,3176,1,0,0,3177,A
8-NS,574,0,0,3228,0,3228,G
8-NS,575,0,3209,0,3,3212,T
8-NS,576,1,3201,0,2,3204,T
8-NS,577,0,0,0,3208,3208,C
8-NS,578,0,1,3192,0,3193,G
8-NS,579,3179,0,0,0,3179,A
8-NS,580,0,1,3191,0,3192,G
8-NS,581,2,3133,0,1,3136,T
8-NS,582,0,0,0,3167,3167,C
8-NS,583,0,3079,0,4,3083,T
8-NS,584,0,0,0,3134,3134,C
8-NS,585,0,3145,0,0,3145,T
8-NS,586,3148,0,0,0,3148,A
8-NS,587,3148,0,1,0,3149,A
8-NS,588,3138,0,0,0,3138,A
8-NS,589,3163,0,1,0,3164,A
8-NS,590,3177,1,1,0,3179,A
8-NS,591,0,3141,0,0,3141,T
8-NS,592,0,1,0,3172,3173,C
8-NS,593,0,3135,0,2,3137,T
8-NS,594,3150,0,2,0,3152,A
8-NS,595,0,0,0,3150,3150,C
8-NS,596,3137,0,3,0,3140,A
8-NS,597,0,0,3157,1,3158,G
8-NS,598,3060,2,1,1,3064,A
8-NS,599,0,0,3087,0,3087,G
8-NS,600,3079,0,2,0,3081,A
8-NS,601,0,3033,0,0,3033,T
8-NS,602,0,3038,0,1,3039,T
8-NS,603,0,0,0,3039,3039,C
8-NS,604,0,0,3043,0,3043,G
8-NS,605,1,0,0,3042,3043,C
8-NS,606,1,3035,0,1,3037,T
8-NS,607,1,3042,0,1,3044,T
8-NS,608,1,2,3011,0,3014,G
8-NS,609,0,1,3038,0,3039,G
8-NS,610,3026,0,2,1,3029,A
8-NS,611,2,0,3037,0,3039,G
8-NS,612,3017,0,1,0,3018,A
8-NS,613,2988,2,4,0,2994,A
8-NS,614,0,0,3071,0,3071,G
8-NS,615,0,2,0,3079,3081,C
8-NS,616,3082,1,1,0,3084,A
8-NS,617,1,0,3140,0,3141,G
8-NS,618,1,3107,0,0,3108,T
8-NS,619,3123,0,0,0,3123,A
8-NS,620,3120,0,2,0,3122,A
8-NS,621,1,3105,0,1,3107,T
8-NS,622,0,0,3125,0,3125,G
8-NS,623,2949,0,0,0,2949,A
8-NS,624,0,1,3021,0,3022,G
8-NS,625,2989,0,2,0,2991,A
8-NS,626,2868,1,0,0,2869,A
8-NS,627,0,2860,0,0,2860,T
8-NS,628,0,1,2824,0,2825,G
8-NS,629,1,0,2835,0,2836,G
8-NS,630,0,0,2816,0,2816,G
8-NS,631,0,0,2810,0,2810,G
8-NS,632,1,0,2816,0,2817,G
8-NS,633,2741,2,2,0,2745,A
8-NS,634,0,0,0,2769,2769,C
8-NS,635,0,1,0,2778,2779,C
8-NS,636,0,2736,0,2,2738,T
8-NS,637,0,0,0,2762,2762,C
8-NS,638,0,0,0,2767,2767,C
8-NS,639,2783,0,1,0,2784,A
8-NS,640,1,0,0,2795,2796,C
8-NS,641,0,2755,1,2,2758,T
8-NS,642,0,2747,0,0,2747,T
8-NS,643,2672,0,1,0,2673,A
8-NS,644,0,0,123,2585,2708,C
8-NS,645,1,2697,0,2,2700,T
8-NS,646,0,0,0,2692,2692,C
8-NS,647,0,1,0,2665,2666,C
8-NS,648,2603,0,0,0,2603,A
8-NS,649,2595,1,0,0,2596,A
8-NS,650,2587,1,0,0,2588,A
8-NS,651,2593,0,0,1,2594,A
8-NS,652,0,3,0,2603,2606,C
8-NS,653,2477,0,0,0,2477,A
8-NS,654,1,0,2495,0,2496,G
8-NS,655,2471,1,2,0,2474,A
8-NS,656,2465,0,1,0,2466,A
8-NS,657,2481,0,4,0,2485,A
8-NS,658,0,0,0,2481,2481,C
8-NS,659,0,1,2490,0,2491,G
8-NS,660,1,1,2490,0,2492,G
8-NS,661,2,1,2492,0,2495,G
8-NS,662,2483,0,0,1,2484,A
8-NS,663,2463,1,1,0,2465,A
8-NS,664,2472,0,2,1,2475,A
8-NS,665,1,2463,0,0,2464,T
8-NS,666,0,1,2506,0,2507,G
8-NS,667,0,0,2506,0,2506,G
8-NS,668,0,2,0,2488,2490,C
8-NS,669,0,0,2501,0,2501,G
8-NS,670,2470,0,1,0,2471,A
8-NS,671,0,1,2485,0,2486,G
8-NS,672,2491,0,0,0,2491,A
8-NS,673,2483,0,0,0,2483,A
8-NS,674,0,0,0,2508,2508,C
8-NS,675,2463,0,1,0,2464,A
8-NS,676,0,1,2457,0,2458,G
8-NS,677,0,0,1,2453,2454,C
8-NS,678,0,2454,0,0,2454,T
8-NS,679,2448,0,1,0,2449,A
8-NS,680,0,1,2434,0,2435,G
8-NS,681,2,1,2443,2,2448,G
8-NS,682,1,2429,0,4,2434,T
8-NS,683,1,0,0,2393,2394,C
8-NS,684,2395,0,2,0,2397,A
8-NS,685,2397,0,1,0,2398,A
8-NS,686,2397,0,2,1,2400,A
8-NS,687,2428,0,0,0,2428,A
8-NS,688,0,1,2449,0,2450,G
8-NS,689,0,2356,0,1,2357,T
8-NS,690,0,2354,0,0,2354,T
8-NS,691,0,2346,1,0,2347,T
8-NS,692,0,0,2366,0,2366,G
8-NS,693,2359,1,1,0,2361,A
8-NS,694,2361,0,0,0,2361,A
8-NS,695,0,0,2382,0,2382,G
8-NS,696,2309,0,2,0,2311,A
8-NS,697,0,0,2328,0,2328,G
8-NS,698,2331,0,0,0,2331,A
8-NS,699,1,2335,0,0,2336,T
8-NS,700,2347,0,1,0,2348,A
8-NS,701,2328,0,2,0,2330,A
8-NS,702,0,0,2331,0,2331,G
8-NS,703,2154,1,3,0,2158,A
8-NS,704,0,2153,0,0,2153,T
8-NS,705,0,0,2171,1,2172,G
8-NS,706,0,1,2179,0,2180,G
8-NS,707,0,0,0,2163,2163,C
8-NS,708,1,2154,0,2,2157,T
8-NS,709,2168,0,2,0,2170,A
8-NS,710,2167,0,0,0,2167,A
8-NS,711,0,2169,0,0,2169,T
8-NS,712,0,2167,0,0,2167,T
8-NS,713,0,0,2179,0,2179,G
8-NS,714,2141,0,0,0,2141,A
8-NS,715,2140,0,1,0,2141,A
8-NS,716,0,0,2142,0,2142,G
8-NS,717,2149,0,0,0,2149,A
8-NS,718,2114,1,0,0,2115,A
8-NS,719,0,0,2158,0,2158,G
8-NS,720,1,2114,0,1,2116,T
8-NS,721,0,0,2122,0,2122,G
8-NS,722,2093,0,1,0,2094,A
8-NS,723,0,1,2105,0,2106,G
8-NS,724,2112,0,2,0,2114,A
8-NS,725,0,0,0,2101,2101,C
8-NS,726,2084,1,0,0,2085,A
8-NS,727,0,0,0,2084,2084,C
8-NS,728,1947,0,0,0,1947,A
8-NS,729,0,0,2027,0,2027,G
8-NS,730,2016,0,0,0,2016,A
8-NS,731,0,2007,0,0,2007,T
8-NS,732,0,1999,0,2,2001,T
8-NS,733,2007,0,0,0,2007,A
8-NS,734,2002,0,0,0,2002,A
8-NS,735,2005,0,0,0,2005,A
8-NS,736,1996,0,2,0,1998,A
8-NS,737,1996,0,0,1,1997,A
8-NS,738,0,0,0,1923,1923,C
8-NS,739,1816,0,1,0,1817,A
8-NS,740,1831,0,2,0,1833,A
8-NS,741,0,1,0,1832,1833,C
8-NS,742,0,1828,0,1,1829,T
8-NS,743,2,0,1849,0,1851,G
8-NS,744,1845,0,0,0,1845,A
8-NS,745,1851,0,0,0,1851,A
8-NS,746,1849,0,0,1,1850,A
8-NS,747,1823,0,1,0,1824,A
8-NS,748,0,1823,0,0,1823,T
8-NS,749,1804,0,1,0,1805,A
8-NS,750,0,0,1822,0,1822,G
8-NS,751,0,0,0,1824,1824,C
8-NS,752,0,1768,1,3,1772,T
8-NS,753,0,1772,0,0,1772,T
8-NS,754,0,1760,0,1,1761,T
8-NS,755,1,1,1770,1,1773,G
8-NS,756,1773,0,0,0,1773,A
8-NS,757,1769,1,3,0,1773,A
8-NS,758,0,0,0,1780,1780,C
8-NS,759,1710,0,0,0,1710,A
8-NS,760,1718,0,0,0,1718,A
8-NS,761,1723,1,0,0,1724,A
8-NS,762,0,1726,0,0,1726,T
8-NS,763,1722,0,0,0,1722,A
8-NS,764,1704,2,0,0,1706,A
8-NS,765,0,1,0,1714,1715,C
8-NS,766,1704,0,0,1,1705,A
8-NS,767,0,1679,0,0,1679,T
8-NS,768,0,1654,0,2,1656,T
8-NS,769,0,0,0,1641,1641,C
8-NS,770,1630,0,1,0,1631,A
8-NS,771,0,1619,0,3,1622,T
8-NS,772,1,0,1624,0,1625,G
8-NS,773,0,1,0,1584,1585,C
8-NS,774,1563,0,0,0,1563,A
8-NS,775,1562,0,0,0,1562,A
8-NS,776,0,0,1562,1,1563,G
8-NS,777,0,0,0,1581,1581,C
8-NS,778,1558,0,1,0,1559,A
8-NS,779,0,1565,0,0,1565,T
8-NS,780,0,1573,0,0,1573,T
8-NS,781,1573,0,2,1,1576,A
8-NS,782,0,0,0,1582,1582,C
8-NS,783,1559,0,3,0,1562,A
8-NS,784,1562,0,0,0,1562,A
8-NS,785,0,0,0,1538,1538,C
8-NS,786,0,1340,0,0,1340,T
8-NS,787,1188,0,0,0,1188,A
8-NS,788,0,0,0,1200,1200,C
8-NS,789,0,1202,0,0,1202,T
8-NS,790,0,0,1213,0,1213,G
8-NS,791,0,1151,0,0,1151,T
8-NS,792,0,1152,0,1,1153,T
8-NS,793,0,1144,0,7,1151,T
8-NS,794,0,0,1121,0,1121,G
8-NS,795,1119,0,2,0,1121,A
8-NS,796,1108,0,0,0,1108,A
8-NS,797,0,0,1109,0,1109,G
8-NS,798,0,1091,0,0,1091,T
8-NS,799,0,0,1017,0,1017,G
8-NS,800,0,0,1024,0,1024,G
8-NS,801,1024,0,1,0,1025,A
8-NS,802,1029,0,2,0,1031,A
8-NS,803,0,0,0,1027,1027,C
8-NS,804,994,0,0,0,994,A
8-NS,805,0,0,997,0,997,G
8-NS,806,0,0,975,0,975,G
8-NS,807,957,0,1,0,958,A
8-NS,808,0,0,966,0,966,G
8-NS,809,827,0,3,0,830,A
8-NS,810,0,835,0,0,835,T
8-NS,811,833,0,0,0,833,A
8-NS,812,826,0,1,0,827,A
8-NS,813,1,0,823,0,824,G
8-NS,814,716,0,0,0,716,A
8-NS,815,713,0,0,0,713,A
8-NS,816,0,0,0,705,705,C
8-NS,817,0,595,0,2,597,T
8-NS,818,0,593,0,0,593,T
8-NS,819,0,585,0,0,585,T
8-NS,820,1,0,0,591,592,C
8-NS,821,0,581,0,0,581,T
8-NS,822,0,0,0,582,582,C
8-NS,823,564,0,0,0,564,A
8-NS,824,0,561,0,0,561,T
8-NS,825,0,553,0,0,553,T
8-NS,826,3,549,1,0,553,T
8-NS,827,0,0,0,550,550,C
8-NS,828,533,3,1,0,537,A
8-NS,829,0,0,532,0,532,G
8-NS,830,0,0,0,534,534,C
8-NS,831,0,503,0,0,503,T
8-NS,832,0,497,0,0,497,T
8-NS,833,482,0,0,0,482,A
8-NS,834,0,476,1,0,477,T
8-NS,835,0,479,0,0,479,T
8-NS,836,0,477,0,0,477,T
8-NS,837,444,0,0,0,444,A
8-NS,838,432,0,1,0,433,A
8-NS,839,0,423,0,0,423,T
8-NS,840,2,1,418,0,421,G
8-NS,841,407,0,0,0,407,A
8-NS,842,0,365,0,0,365,T
8-NS,843,362,0,0,0,362,A
8-NS,844,363,0,0,0,363,A
8-NS,845,361,0,0,0,361,A
8-NS,846,361,0,1,0,362,A
8-NS,847,356,0,0,0,356,A
8-NS,848,356,0,0,0,356,A
8-NS,849,0,21,0,335,356,C
8-NS,850,294,0,0,0,294,A
8-NS,851,0,0,0,291,291,C
8-NS,852,0,0,0,283,283,C
8-NS,853,0,0,0,270,270,C
8-NS,854,0,235,0,0,235,T
8-NS,855,1,230,0,0,231,T
8-NS,856,0,0,228,0,228,G
8-NS,857,0,219,0,0,219,T
8-NS,858,0,214,0,0,214,T
8-NS,859,0,205,0,0,205,T
8-NS,860,0,0,0,62,62,C
8-NS,861,0,42,0,0,42,T
8-NS,862,39,0,0,0,39,A
8-NS,863,0,0,0,39,39,C
