Gene,Position,A,T,G,C,Coverage,Consensus
1-PB2,1,179,0,0,0,179,A
1-PB2,2,0,178,0,0,178,T
1-PB2,3,0,0,184,0,184,G
1-PB2,4,1,0,183,0,184,G
1-PB2,5,181,0,0,0,181,A
1-PB2,6,182,0,0,0,182,A
1-PB2,7,182,0,1,0,183,A
1-PB2,8,0,4,198,0,202,G
1-PB2,9,203,0,0,0,203,A
1-PB2,10,204,0,1,0,205,A
1-PB2,11,0,213,0,0,213,T
1-PB2,12,214,0,0,0,214,A
1-PB2,13,214,0,0,0,214,A
1-PB2,14,214,0,0,0,214,A
1-PB2,15,213,0,1,0,214,A
1-PB2,16,0,1,219,0,220,G
1-PB2,17,221,0,1,0,222,A
1-PB2,18,222,0,0,0,222,A
1-PB2,19,0,0,0,232,232,C
1-PB2,20,0,230,0,0,230,T
1-PB2,21,233,0,0,0,233,A
1-PB2,22,0,1,0,234,235,C
1-PB2,23,0,0,235,0,235,G
1-PB2,24,0,6,233,0,239,G
1-PB2,25,241,0,0,0,241,A
1-PB2,26,252,0,0,0,252,A
1-PB2,27,0,254,0,0,254,T
1-PB2,28,0,0,0,254,254,C
1-PB2,29,0,252,0,1,253,T
1-PB2,30,0,0,256,0,256,G
1-PB2,31,256,0,0,0,256,A
1-PB2,32,0,257,0,0,257,T
1-PB2,33,0,0,256,0,256,G
1-PB2,34,0,259,0,0,259,T
1-PB2,35,1,0,0,254,255,C
1-PB2,36,0,0,259,0,259,G
1-PB2,37,0,0,0,258,258,C
1-PB2,38,256,0,1,0,257,A
1-PB2,39,0,0,268,0,268,G
1-PB2,40,0,271,0,0,271,T
1-PB2,41,1,0,0,272,273,C
1-PB2,42,0,272,0,1,273,T
1-PB2,43,1,0,0,272,273,C
1-PB2,44,0,0,274,0,274,G
1-PB2,45,0,0,0,274,274,C
1-PB2,46,275,0,0,0,275,A
1-PB2,47,0,0,0,282,282,C
1-PB2,48,0,278,0,0,278,T
1-PB2,49,2,1,1,284,288,C
1-PB2,50,0,0,288,0,288,G
1-PB2,51,0,1,0,288,289,C
1-PB2,52,0,0,288,0,288,G
1-PB2,53,288,0,0,0,288,A
1-PB2,54,0,0,291,0,291,G
1-PB2,55,293,0,1,0,294,A
1-PB2,56,0,294,0,0,294,T
1-PB2,57,295,0,0,0,295,A
1-PB2,58,0,0,0,294,294,C
1-PB2,59,0,290,0,0,290,T
1-PB2,60,0,2,297,0,299,G
1-PB2,61,299,0,0,0,299,A
1-PB2,62,0,0,0,304,304,C
1-PB2,63,302,0,2,0,304,A
1-PB2,64,301,0,0,0,301,A
1-PB2,65,305,0,0,0,305,A
1-PB2,66,309,0,0,0,309,A
1-PB2,67,307,0,0,0,307,A
1-PB2,68,0,0,0,310,310,C
1-PB2,69,2,0,0,306,308,C
1-PB2,70,319,0,0,0,319,A
1-PB2,71,0,0,0,325,325,C
1-PB2,72,325,0,0,0,325,A
1-PB2,73,0,0,335,0,335,G
1-PB2,74,0,336,0,0,336,T
1-PB2,75,0,0,345,0,345,G
1-PB2,76,0,5,341,0,346,G
1-PB2,77,344,0,1,0,345,A
1-PB2,78,0,0,0,359,359,C
1-PB2,79,1,0,0,354,355,C
1-PB2,80,363,0,0,0,363,A
1-PB2,81,0,362,0,1,363,T
1-PB2,82,360,0,1,0,361,A
1-PB2,83,0,360,0,0,360,T
1-PB2,84,0,0,373,0,373,G
1-PB2,85,0,0,379,0,379,G
1-PB2,86,0,0,0,377,377,C
1-PB2,87,1,0,0,373,374,C
1-PB2,88,374,0,0,0,374,A
1-PB2,89,0,399,0,0,399,T
1-PB2,90,396,0,0,0,396,A
1-PB2,91,423,0,1,0,424,A
1-PB2,92,0,423,0,1,424,T
1-PB2,93,1,420,0,0,421,T
1-PB2,94,424,1,0,0,425,A
1-PB2,95,426,0,0,0,426,A
1-PB2,96,0,1,436,0,437,G
1-PB2,97,435,1,0,0,436,A
1-PB2,98,427,0,0,0,427,A
1-PB2,99,0,0,447,0,447,G
1-PB2,100,0,444,0,0,444,T
1-PB2,101,442,1,1,0,444,A
1-PB2,102,0,0,0,446,446,C
1-PB2,103,443,1,0,1,445,A
1-PB2,104,1,0,0,451,452,C
1-PB2,105,436,0,0,0,436,A
1-PB2,106,0,437,0,0,437,T
1-PB2,107,1,0,0,439,440,C
1-PB2,108,1,1,436,0,438,G
1-PB2,109,0,1,437,0,438,G
1-PB2,110,0,2,436,0,438,G
1-PB2,111,0,2,436,0,438,G
1-PB2,112,436,0,1,0,437,A
1-PB2,113,0,2,436,0,438,G
1-PB2,114,438,0,0,0,438,A
1-PB2,115,0,0,0,441,441,C
1-PB2,116,441,0,0,0,441,A
1-PB2,117,0,0,451,0,451,G
1-PB2,118,0,1,456,0,457,G
1-PB2,119,460,0,0,0,460,A
1-PB2,120,457,0,3,0,460,A
1-PB2,121,459,0,0,0,459,A
1-PB2,122,458,0,0,0,458,A
1-PB2,123,0,0,460,0,460,G
1-PB2,124,456,0,0,0,456,A
1-PB2,125,459,0,1,0,460,A
1-PB2,126,1,0,0,455,456,C
1-PB2,127,0,0,0,450,450,C
1-PB2,128,0,0,0,453,453,C
1-PB2,129,1,1,452,0,454,G
1-PB2,130,0,454,0,0,454,T
1-PB2,131,2,0,0,450,452,C
1-PB2,132,457,0,1,0,458,A
1-PB2,133,0,1,0,465,466,C
1-PB2,134,0,463,0,0,463,T
1-PB2,135,1,463,0,0,464,T
1-PB2,136,467,0,0,0,467,A
1-PB2,137,0,1,474,0,475,G
1-PB2,138,1,0,476,0,477,G
1-PB2,139,474,0,0,0,474,A
1-PB2,140,0,472,0,0,472,T
1-PB2,141,0,1,478,0,479,G
1-PB2,142,485,0,1,0,486,A
1-PB2,143,487,0,0,0,487,A
1-PB2,144,488,0,2,0,490,A
1-PB2,145,0,490,0,0,490,T
1-PB2,146,1,3,488,0,492,G
1-PB2,147,0,0,497,0,497,G
1-PB2,148,493,0,2,0,495,A
1-PB2,149,0,494,0,1,495,T
1-PB2,150,0,3,493,0,496,G
1-PB2,151,490,0,1,0,491,A
1-PB2,152,0,491,0,0,491,T
1-PB2,153,0,2,488,0,490,G
1-PB2,154,0,0,495,0,495,G
1-PB2,155,0,0,0,495,495,C
1-PB2,156,492,0,0,0,492,A
1-PB2,157,500,0,0,0,500,A
1-PB2,158,0,499,0,2,501,T
1-PB2,159,0,2,513,0,515,G
1-PB2,160,514,0,0,0,514,A
1-PB2,161,513,0,0,1,514,A
1-PB2,162,514,0,2,0,516,A
1-PB2,163,0,517,0,0,517,T
1-PB2,164,517,0,0,0,517,A
1-PB2,165,2,0,0,525,527,C
1-PB2,166,2,0,0,522,524,C
1-PB2,167,1,0,0,526,527,C
1-PB2,168,526,0,0,0,526,A
1-PB2,169,525,0,0,1,526,A
1-PB2,170,0,527,0,0,527,T
1-PB2,171,1,0,0,529,530,C
1-PB2,172,523,0,1,0,524,A
1-PB2,173,0,0,0,534,534,C
1-PB2,174,0,523,0,0,523,T
1-PB2,175,0,0,529,0,529,G
1-PB2,176,0,0,0,524,524,C
1-PB2,177,0,521,0,1,522,T
1-PB2,178,0,0,526,0,526,G
1-PB2,179,527,2,0,0,529,A
1-PB2,180,0,0,0,539,539,C
1-PB2,181,538,0,0,0,538,A
1-PB2,182,532,0,0,0,532,A
1-PB2,183,532,0,1,1,534,A
1-PB2,184,530,0,3,0,533,A
1-PB2,185,0,2,534,0,536,G
1-PB2,186,0,0,535,0,535,G
1-PB2,187,534,0,1,0,535,A
1-PB2,188,0,534,1,0,535,T
1-PB2,189,527,0,0,0,527,A
1-PB2,190,532,0,0,0,532,A
1-PB2,191,0,2,0,535,537,C
1-PB2,192,534,0,0,0,534,A
1-PB2,193,0,4,534,0,538,G
1-PB2,194,529,0,1,0,530,A
1-PB2,195,527,0,0,0,527,A
1-PB2,196,531,0,0,0,531,A
1-PB2,197,0,523,0,0,523,T
1-PB2,198,0,2,527,0,529,G
1-PB2,199,0,1,532,0,533,G
1-PB2,200,0,532,0,0,532,T
1-PB2,201,0,527,0,0,527,T
1-PB2,202,3,0,0,518,521,C
1-PB2,203,0,2,0,526,528,C
1-PB2,204,0,0,532,0,532,G
1-PB2,205,0,0,531,0,531,G
1-PB2,206,532,0,0,0,532,A
1-PB2,207,0,1,534,0,535,G
1-PB2,208,527,0,1,0,528,A
1-PB2,209,1,3,528,0,532,G
1-PB2,210,537,0,0,0,537,A
1-PB2,211,535,0,1,0,536,A
1-PB2,212,538,0,0,0,538,A
1-PB2,213,0,533,0,0,533,T
1-PB2,214,0,7,536,0,543,G
1-PB2,215,543,0,0,0,543,A
1-PB2,216,542,0,1,0,543,A
1-PB2,217,0,0,0,542,542,C
1-PB2,218,539,1,0,0,540,A
1-PB2,219,543,0,3,0,546,A
1-PB2,220,0,0,558,0,558,G
1-PB2,221,0,2,562,0,564,G
1-PB2,222,563,0,1,3,567,A
1-PB2,223,0,0,0,558,558,C
1-PB2,224,555,0,1,0,556,A
1-PB2,225,556,0,0,0,556,A
1-PB2,226,555,0,2,0,557,A
1-PB2,227,2,0,0,551,553,C
1-PB2,228,0,0,0,528,528,C
1-PB2,229,1,0,0,571,572,C
1-PB2,230,0,569,0,0,569,T
1-PB2,231,571,0,1,0,572,A
1-PB2,232,0,569,0,0,569,T
1-PB2,233,0,1,576,0,577,G
1-PB2,234,0,2,592,0,594,G
1-PB2,235,567,0,1,0,568,A
1-PB2,236,0,0,575,0,575,G
1-PB2,237,0,577,0,0,577,T
1-PB2,238,575,0,0,0,575,A
1-PB2,239,576,0,1,1,578,A
1-PB2,240,575,0,2,0,577,A
1-PB2,241,576,0,1,0,577,A
1-PB2,242,0,569,0,0,569,T
1-PB2,243,0,4,565,0,569,G
1-PB2,244,556,0,0,1,557,A
1-PB2,245,0,0,561,0,561,G
1-PB2,246,0,561,0,0,561,T
1-PB2,247,0,1,558,0,559,G
1-PB2,248,570,0,1,0,571,A
1-PB2,249,0,577,0,0,577,T
1-PB2,250,0,0,576,0,576,G
1-PB2,251,1,1,0,572,574,C
1-PB2,252,0,573,0,0,573,T
1-PB2,253,1,1,588,0,590,G
1-PB2,254,0,0,590,0,590,G
1-PB2,255,595,0,0,0,595,A
1-PB2,256,0,595,0,0,595,T
1-PB2,257,3,0,0,590,593,C
1-PB2,258,599,0,1,0,600,A
1-PB2,259,0,5,601,0,606,G
1-PB2,260,605,0,1,0,606,A
1-PB2,261,0,603,1,0,604,T
1-PB2,262,596,0,0,0,596,A
1-PB2,263,0,3,610,0,613,G
1-PB2,264,612,0,1,0,613,A
1-PB2,265,0,0,628,0,628,G
1-PB2,266,0,617,2,0,619,T
1-PB2,267,0,2,612,0,614,G
1-PB2,268,604,0,0,0,604,A
1-PB2,269,0,606,0,0,606,T
1-PB2,270,0,5,608,0,613,G
1-PB2,271,0,0,623,0,623,G
1-PB2,272,0,611,0,1,612,T
1-PB2,273,611,0,0,0,611,A
1-PB2,274,0,600,0,2,602,T
1-PB2,275,2,1,0,601,604,C
1-PB2,276,615,0,1,0,616,A
1-PB2,277,0,0,0,629,629,C
1-PB2,278,1,0,0,627,628,C
1-PB2,279,0,615,1,0,616,T
1-PB2,280,0,608,0,0,608,T
1-PB2,281,1,608,0,0,609,T
1-PB2,282,1,2,615,0,618,G
1-PB2,283,0,0,620,0,620,G
1-PB2,284,0,0,0,627,627,C
1-PB2,285,0,616,0,1,617,T
1-PB2,286,3,0,614,0,617,G
1-PB2,287,0,612,0,1,613,T
1-PB2,288,614,0,0,0,614,A
1-PB2,289,613,0,1,0,614,A
1-PB2,290,0,0,0,614,614,C
1-PB2,291,603,0,0,0,603,A
1-PB2,292,0,604,0,0,604,T
1-PB2,293,0,0,601,1,602,G
1-PB2,294,0,1,611,0,612,G
1-PB2,295,0,607,0,1,608,T
1-PB2,296,0,1,603,0,604,G
1-PB2,297,1,2,605,1,609,G
1-PB2,298,611,0,0,0,611,A
1-PB2,299,611,0,2,0,613,A
1-PB2,300,0,612,0,0,612,T
1-PB2,301,611,0,1,0,612,A
1-PB2,302,1,1,616,0,618,G
1-PB2,303,603,0,0,0,603,A
1-PB2,304,607,0,1,0,608,A
1-PB2,305,608,0,0,0,608,A
1-PB2,306,0,601,0,0,601,T
1-PB2,307,0,0,599,0,599,G
1-PB2,308,0,1,599,0,600,G
1-PB2,309,598,0,1,0,599,A
1-PB2,310,1,0,0,603,604,C
1-PB2,311,0,1,0,593,594,C
1-PB2,312,0,0,0,594,594,C
1-PB2,313,0,0,594,0,594,G
1-PB2,314,0,598,0,0,598,T
1-PB2,315,0,2,605,0,607,G
1-PB2,316,606,1,0,0,607,A
1-PB2,317,0,0,0,612,612,C
1-PB2,318,613,0,0,0,613,A
1-PB2,319,610,0,0,0,610,A
1-PB2,320,0,0,623,0,623,G
1-PB2,321,0,622,0,1,623,T
1-PB2,322,623,0,0,0,623,A
1-PB2,323,0,0,0,621,621,C
1-PB2,324,1,0,603,0,604,G
1-PB2,325,0,2,623,0,625,G
1-PB2,326,0,622,0,1,623,T
1-PB2,327,0,0,0,628,628,C
1-PB2,328,4,0,0,628,632,C
1-PB2,329,617,0,0,0,617,A
1-PB2,330,0,621,0,0,621,T
1-PB2,331,0,619,0,1,620,T
1-PB2,332,649,0,0,0,649,A
1-PB2,333,0,0,0,648,648,C
1-PB2,334,0,0,0,633,633,C
1-PB2,335,0,0,0,631,631,C
1-PB2,336,622,0,0,0,622,A
1-PB2,337,627,0,0,0,627,A
1-PB2,338,625,0,0,0,625,A
1-PB2,339,622,0,3,0,625,A
1-PB2,340,0,0,632,0,632,G
1-PB2,341,0,604,0,0,604,T
1-PB2,342,1,0,607,0,608,G
1-PB2,343,0,608,0,1,609,T
1-PB2,344,608,0,1,0,609,A
1-PB2,345,1,0,0,608,609,C
1-PB2,346,602,0,0,0,602,A
1-PB2,347,599,0,4,0,603,A
1-PB2,348,0,5,600,0,605,G
1-PB2,349,600,1,1,0,602,A
1-PB2,350,0,0,0,604,604,C
1-PB2,351,0,591,0,1,592,T
1-PB2,352,0,603,0,0,603,T
1-PB2,353,601,0,0,0,601,A
1-PB2,354,0,601,0,0,601,T
1-PB2,355,0,600,0,0,600,T
1-PB2,356,0,596,0,0,596,T
1-PB2,357,3,1,0,589,593,C
1-PB2,358,0,4,587,0,591,G
1-PB2,359,590,0,0,0,590,A
1-PB2,360,0,0,0,590,590,C
1-PB2,361,584,0,0,0,584,A
1-PB2,362,585,0,0,0,585,A
1-PB2,363,582,1,1,0,584,A
1-PB2,364,0,1,593,0,594,G
1-PB2,365,0,595,0,0,595,T
1-PB2,366,5,0,0,590,595,C
1-PB2,367,1,6,587,0,594,G
1-PB2,368,594,0,0,0,594,A
1-PB2,369,593,0,1,0,594,A
1-PB2,370,591,0,3,0,594,A
1-PB2,371,0,1,619,0,620,G
1-PB2,372,0,0,625,0,625,G
1-PB2,373,1,614,0,0,615,T
1-PB2,374,0,617,0,0,617,T
1-PB2,375,616,0,0,0,616,A
1-PB2,376,616,0,0,0,616,A
1-PB2,377,615,0,2,0,617,A
1-PB2,378,623,0,0,0,623,A
1-PB2,379,0,0,0,625,625,C
1-PB2,380,605,0,0,0,605,A
1-PB2,381,0,603,0,0,603,T
1-PB2,382,0,1,600,0,601,G
1-PB2,383,0,2,599,0,601,G
1-PB2,384,598,0,1,0,599,A
1-PB2,385,603,0,0,0,603,A
1-PB2,386,0,0,0,618,618,C
1-PB2,387,3,0,0,623,626,C
1-PB2,388,0,610,0,2,612,T
1-PB2,389,0,612,1,1,614,T
1-PB2,390,1,612,0,0,613,T
1-PB2,391,2,3,608,0,613,G
1-PB2,392,0,2,613,0,615,G
1-PB2,393,1,0,0,616,617,C
1-PB2,394,4,0,0,604,608,C
1-PB2,395,1,0,0,604,605,C
1-PB2,396,0,584,0,1,585,T
1-PB2,397,0,0,593,0,593,G
1-PB2,398,0,590,0,2,592,T
1-PB2,399,0,595,0,0,595,T
1-PB2,400,6,0,0,587,593,C
1-PB2,401,589,0,0,0,589,A
1-PB2,402,0,589,0,0,589,T
1-PB2,403,0,587,0,1,588,T
1-PB2,404,0,587,0,0,587,T
1-PB2,405,0,586,0,0,586,T
1-PB2,406,576,0,0,0,576,A
1-PB2,407,0,2,578,0,580,G
1-PB2,408,580,0,0,0,580,A
1-PB2,409,581,0,0,0,581,A
1-PB2,410,579,0,1,1,581,A
1-PB2,411,0,580,0,0,580,T
1-PB2,412,580,0,0,0,580,A
1-PB2,413,583,0,0,0,583,A
1-PB2,414,584,0,1,0,585,A
1-PB2,415,1,1,587,0,589,G
1-PB2,416,0,585,1,1,587,T
1-PB2,417,5,0,0,584,589,C
1-PB2,418,588,0,0,0,588,A
1-PB2,419,592,0,0,0,592,A
1-PB2,420,0,0,592,0,592,G
1-PB2,421,593,0,1,0,594,A
1-PB2,422,0,593,0,0,593,T
1-PB2,423,606,0,1,0,607,A
1-PB2,424,0,0,0,597,597,C
1-PB2,425,0,1,599,0,600,G
1-PB2,426,0,1,0,602,603,C
1-PB2,427,604,0,0,0,604,A
1-PB2,428,0,0,610,0,610,G
1-PB2,429,607,0,0,0,607,A
1-PB2,430,611,0,0,0,611,A
1-PB2,431,0,4,612,0,616,G
1-PB2,432,605,0,0,0,605,A
1-PB2,433,0,1,607,0,608,G
1-PB2,434,0,601,0,0,601,T
1-PB2,435,598,0,1,0,599,A
1-PB2,436,0,1,609,0,610,G
1-PB2,437,613,0,3,0,616,A
1-PB2,438,1,0,0,639,640,C
1-PB2,439,636,0,0,0,636,A
1-PB2,440,1,628,0,1,630,T
1-PB2,441,629,0,0,0,629,A
1-PB2,442,631,0,0,0,631,A
1-PB2,443,636,0,1,0,637,A
1-PB2,444,1,0,0,639,640,C
1-PB2,445,1,0,0,630,631,C
1-PB2,446,0,0,0,630,630,C
1-PB2,447,0,594,0,0,594,T
1-PB2,448,1,0,600,0,601,G
1-PB2,449,0,0,613,0,613,G
1-PB2,450,0,613,0,2,615,T
1-PB2,451,2,0,0,609,611,C
1-PB2,452,620,0,0,0,620,A
1-PB2,453,0,615,0,0,615,T
1-PB2,454,0,0,623,0,623,G
1-PB2,455,0,1,0,623,624,C
1-PB2,456,619,0,1,0,620,A
1-PB2,457,0,1,625,0,626,G
1-PB2,458,611,1,1,0,613,A
1-PB2,459,1,0,0,619,620,C
1-PB2,460,2,1,0,617,620,C
1-PB2,461,1,616,0,0,617,T
1-PB2,462,2,0,2,618,622,C
1-PB2,463,614,0,1,0,615,A
1-PB2,464,1,0,626,0,627,G
1-PB2,465,0,627,0,0,627,T
1-PB2,466,0,0,629,0,629,G
1-PB2,467,2,0,0,623,625,C
1-PB2,468,4,0,0,619,623,C
1-PB2,469,623,0,0,0,623,A
1-PB2,470,623,0,0,0,623,A
1-PB2,471,621,0,0,0,621,A
1-PB2,472,0,2,617,0,619,G
1-PB2,473,601,0,2,0,603,A
1-PB2,474,0,2,607,0,609,G
1-PB2,475,0,1,607,0,608,G
1-PB2,476,0,0,0,606,606,C
1-PB2,477,605,0,1,0,606,A
1-PB2,478,0,1,0,608,609,C
1-PB2,479,608,0,1,0,609,A
1-PB2,480,617,0,1,0,618,A
1-PB2,481,1,3,622,0,626,G
1-PB2,482,641,0,0,0,641,A
1-PB2,483,0,635,0,0,635,T
1-PB2,484,0,0,632,0,632,G
1-PB2,485,0,629,0,0,629,T
1-PB2,486,629,0,0,0,629,A
1-PB2,487,626,0,1,0,627,A
1-PB2,488,0,624,0,0,624,T
1-PB2,489,8,0,0,593,601,C
1-PB2,490,603,0,0,0,603,A
1-PB2,491,0,602,0,0,602,T
1-PB2,492,0,1,600,1,602,G
1-PB2,493,0,1,601,0,602,G
1-PB2,494,600,0,0,0,600,A
1-PB2,495,600,0,0,0,600,A
1-PB2,496,0,0,601,0,601,G
1-PB2,497,0,599,0,0,599,T
1-PB2,498,0,597,0,1,598,T
1-PB2,499,0,0,607,0,607,G
1-PB2,500,1,599,1,0,601,T
1-PB2,501,0,602,0,1,603,T
1-PB2,502,0,599,0,2,601,T
1-PB2,503,0,607,0,0,607,T
1-PB2,504,0,609,0,1,610,T
1-PB2,505,3,1,0,605,609,C
1-PB2,506,2,0,0,601,603,C
1-PB2,507,0,0,0,611,611,C
1-PB2,508,614,0,0,0,614,A
1-PB2,509,618,0,0,0,618,A
1-PB2,510,0,617,0,0,617,T
1-PB2,511,0,3,618,0,621,G
1-PB2,512,622,0,2,0,624,A
1-PB2,513,621,1,1,1,624,A
1-PB2,514,0,0,630,0,630,G
1-PB2,515,0,622,0,1,623,T
1-PB2,516,0,3,617,0,620,G
1-PB2,517,0,0,619,1,620,G
1-PB2,518,1,1,622,0,624,G
1-PB2,519,625,0,1,0,626,A
1-PB2,520,1,0,622,1,624,G
1-PB2,521,1,0,0,624,625,C
1-PB2,522,2,1,0,622,625,C
1-PB2,523,628,0,0,0,628,A
1-PB2,524,0,0,653,0,653,G
1-PB2,525,0,3,647,0,650,G
1-PB2,526,653,0,0,0,653,A
1-PB2,527,0,651,0,0,651,T
1-PB2,528,646,0,0,0,646,A
1-PB2,529,0,0,0,639,639,C
1-PB2,530,0,631,0,1,632,T
1-PB2,531,629,0,0,0,629,A
1-PB2,532,628,0,0,0,628,A
1-PB2,533,0,1,0,633,634,C
1-PB2,534,622,0,1,0,623,A
1-PB2,535,0,615,0,1,616,T
1-PB2,536,1,0,0,621,622,C
1-PB2,537,612,0,0,0,612,A
1-PB2,538,0,3,611,0,614,G
1-PB2,539,614,1,2,0,617,A
1-PB2,540,619,0,0,0,619,A
1-PB2,541,0,618,0,0,618,T
1-PB2,542,2,0,0,609,611,C
1-PB2,543,613,0,0,0,613,A
1-PB2,544,0,0,0,625,625,C
1-PB2,545,627,0,0,1,628,A
1-PB2,546,630,0,0,0,630,A
1-PB2,547,0,619,0,1,620,T
1-PB2,548,0,621,1,0,622,T
1-PB2,549,619,0,1,0,620,A
1-PB2,550,625,0,0,0,625,A
1-PB2,551,0,0,0,631,631,C
1-PB2,552,624,1,0,0,625,A
1-PB2,553,619,0,0,0,619,A
1-PB2,554,0,628,0,0,628,T
1-PB2,555,628,0,0,0,628,A
1-PB2,556,628,1,0,0,629,A
1-PB2,557,1,0,0,630,631,C
1-PB2,558,0,626,0,0,626,T
1-PB2,559,624,0,0,0,624,A
1-PB2,560,619,0,0,0,619,A
1-PB2,561,619,1,1,0,621,A
1-PB2,562,0,1,618,0,619,G
1-PB2,563,610,0,1,0,611,A
1-PB2,564,0,4,617,0,621,G
1-PB2,565,616,0,2,0,618,A
1-PB2,566,620,0,1,0,621,A
1-PB2,567,622,0,0,0,622,A
1-PB2,568,619,0,0,0,619,A
1-PB2,569,622,0,0,0,622,A
1-PB2,570,626,0,0,0,626,A
1-PB2,571,0,2,627,0,629,G
1-PB2,572,629,0,1,0,630,A
1-PB2,573,625,0,1,0,626,A
1-PB2,574,0,5,626,0,631,G
1-PB2,575,630,0,0,0,630,A
1-PB2,576,633,0,0,0,633,A
1-PB2,577,0,0,0,635,635,C
1-PB2,578,0,629,0,1,630,T
1-PB2,579,1,0,0,633,634,C
1-PB2,580,2,0,0,631,633,C
1-PB2,581,1,3,628,0,632,G
1-PB2,582,634,0,0,0,634,A
1-PB2,583,2,1,632,0,635,G
1-PB2,584,627,0,1,0,628,A
1-PB2,585,0,629,0,1,630,T
1-PB2,586,0,618,0,0,618,T
1-PB2,587,1,2,624,0,627,G
1-PB2,588,1,0,0,624,625,C
1-PB2,589,629,0,0,0,629,A
1-PB2,590,628,0,0,0,628,A
1-PB2,591,629,0,2,0,631,A
1-PB2,592,636,0,0,0,636,A
1-PB2,593,0,636,0,0,636,T
1-PB2,594,0,635,0,1,636,T
1-PB2,595,1,634,0,0,635,T
1-PB2,596,7,0,0,626,633,C
1-PB2,597,2,630,0,3,635,T
1-PB2,598,2,0,0,662,664,C
1-PB2,599,3,0,0,667,670,C
1-PB2,600,3,1,0,685,689,C
1-PB2,601,0,688,0,1,689,T
1-PB2,602,0,691,0,1,692,T
1-PB2,603,0,3,689,0,692,G
1-PB2,604,691,0,1,0,692,A
1-PB2,605,0,738,0,0,738,T
1-PB2,606,0,3,739,0,742,G
1-PB2,607,0,1,754,0,755,G
1-PB2,608,0,766,0,1,767,T
1-PB2,609,0,754,0,0,754,T
1-PB2,610,2,1,788,0,791,G
1-PB2,611,1,1,0,787,789,C
1-PB2,612,796,1,0,0,797,A
1-PB2,613,0,798,0,0,798,T
1-PB2,614,800,0,2,0,802,A
1-PB2,615,0,0,0,825,825,C
1-PB2,616,851,0,0,2,853,A
1-PB2,617,0,866,0,1,867,T
1-PB2,618,1,0,877,0,878,G
1-PB2,619,0,865,0,2,867,T
1-PB2,620,0,868,0,0,868,T
1-PB2,621,865,0,1,0,866,A
1-PB2,622,1,3,864,0,868,G
1-PB2,623,870,0,3,0,873,A
1-PB2,624,0,2,873,0,875,G
1-PB2,625,840,0,0,0,840,A
1-PB2,626,0,7,835,0,842,G
1-PB2,627,827,0,0,0,827,A
1-PB2,628,0,3,828,0,831,G
1-PB2,629,829,0,0,1,830,A
1-PB2,630,835,0,0,0,835,A
1-PB2,631,1,0,0,837,838,C
1-PB2,632,0,831,0,2,833,T
1-PB2,633,0,830,0,0,830,T
1-PB2,634,0,0,828,0,828,G
1-PB2,635,0,827,0,1,828,T
1-PB2,636,831,0,0,0,831,A
1-PB2,637,0,1,0,825,826,C
1-PB2,638,0,4,823,0,827,G
1-PB2,639,822,0,0,0,822,A
1-PB2,640,822,0,1,0,823,A
1-PB2,641,832,0,1,1,834,A
1-PB2,642,838,0,0,0,838,A
1-PB2,643,833,1,1,0,835,A
1-PB2,644,1,0,0,840,841,C
1-PB2,645,832,0,0,0,832,A
1-PB2,646,838,0,0,0,838,A
1-PB2,647,0,2,846,0,848,G
1-PB2,648,849,0,0,0,849,A
1-PB2,649,0,846,0,2,848,T
1-PB2,650,0,845,0,0,845,T
1-PB2,651,0,849,0,1,850,T
1-PB2,652,4,0,0,845,849,C
1-PB2,653,1,850,0,1,852,T
1-PB2,654,1,1,0,852,854,C
1-PB2,655,0,1,0,853,854,C
1-PB2,656,1,0,0,850,851,C
1-PB2,657,852,0,0,0,852,A
1-PB2,658,1,0,861,0,862,G
1-PB2,659,0,856,0,0,856,T
1-PB2,660,0,860,0,0,860,T
1-PB2,661,1,0,855,1,857,G
1-PB2,662,0,1,0,855,856,C
1-PB2,663,0,853,0,2,855,T
1-PB2,664,1,2,853,0,856,G
1-PB2,665,0,0,857,0,857,G
1-PB2,666,0,1,0,853,854,C
1-PB2,667,0,1,856,0,857,G
1-PB2,668,0,5,862,1,868,G
1-PB2,669,870,0,1,0,871,A
1-PB2,670,870,0,2,0,872,A
1-PB2,671,0,0,0,874,874,C
1-PB2,672,876,0,0,0,876,A
1-PB2,673,874,0,2,0,876,A
1-PB2,674,0,0,897,0,897,G
1-PB2,675,0,0,0,909,909,C
1-PB2,676,912,0,1,0,913,A
1-PB2,677,0,1,1029,0,1030,G
1-PB2,678,0,1025,0,0,1025,T
1-PB2,679,1026,0,2,0,1028,A
1-PB2,680,0,1026,0,2,1028,T
1-PB2,681,1032,0,0,0,1032,A
1-PB2,682,0,1032,0,0,1032,T
1-PB2,683,1015,1,0,0,1016,A
1-PB2,684,0,0,0,1026,1026,C
1-PB2,685,970,0,0,0,970,A
1-PB2,686,0,913,0,0,913,T
1-PB2,687,0,877,0,0,877,T
1-PB2,688,0,2,874,0,876,G
1-PB2,689,875,0,0,0,875,A
1-PB2,690,873,0,4,0,877,A
1-PB2,691,0,0,881,0,881,G
1-PB2,692,0,877,0,0,877,T
1-PB2,693,0,863,0,1,864,T
1-PB2,694,0,867,0,0,867,T
1-PB2,695,0,867,0,0,867,T
1-PB2,696,875,0,1,0,876,A
1-PB2,697,1,0,0,883,884,C
1-PB2,698,881,0,0,0,881,A
1-PB2,699,0,882,0,0,882,T
1-PB2,700,0,873,0,1,874,T
1-PB2,701,0,876,0,0,876,T
1-PB2,702,0,7,875,0,882,G
1-PB2,703,880,0,1,0,881,A
1-PB2,704,0,0,0,884,884,C
1-PB2,705,0,875,0,0,875,T
1-PB2,706,2,0,0,874,876,C
1-PB2,707,870,0,0,1,871,A
1-PB2,708,1,2,862,0,865,G
1-PB2,709,0,3,875,0,878,G
1-PB2,710,0,9,878,0,887,G
1-PB2,711,888,0,2,0,890,A
1-PB2,712,888,0,1,0,889,A
1-PB2,713,0,0,0,885,885,C
1-PB2,714,1,0,892,0,893,G
1-PB2,715,0,894,0,1,895,T
1-PB2,716,0,0,899,0,899,G
1-PB2,717,0,892,0,0,892,T
1-PB2,718,0,888,0,0,888,T
1-PB2,719,0,1,888,0,889,G
1-PB2,720,0,3,886,0,889,G
1-PB2,721,0,5,892,0,897,G
1-PB2,722,894,0,1,0,895,A
1-PB2,723,888,0,0,0,888,A
1-PB2,724,2,0,0,900,902,C
1-PB2,725,894,0,0,0,894,A
1-PB2,726,913,0,0,0,913,A
1-PB2,727,915,0,0,0,915,A
1-PB2,728,0,928,0,0,928,T
1-PB2,729,0,0,944,0,944,G
1-PB2,730,0,935,0,0,935,T
1-PB2,731,938,0,0,1,939,A
1-PB2,732,0,0,0,937,937,C
1-PB2,733,905,0,1,0,906,A
1-PB2,734,0,0,0,906,906,C
1-PB2,735,0,860,0,7,867,T
1-PB2,736,0,0,0,916,916,C
1-PB2,737,2,0,1,914,917,C
1-PB2,738,930,0,1,0,931,A
1-PB2,739,0,1,940,1,942,G
1-PB2,740,1,1,963,0,965,G
1-PB2,741,0,961,0,0,961,T
1-PB2,742,0,1,958,0,959,G
1-PB2,743,0,2,933,0,935,G
1-PB2,744,924,0,2,0,926,A
1-PB2,745,0,0,924,0,924,G
1-PB2,746,0,0,925,0,925,G
1-PB2,747,887,0,0,0,887,A
1-PB2,748,0,1,895,0,896,G
1-PB2,749,0,884,0,0,884,T
1-PB2,750,1,2,888,0,891,G
1-PB2,751,892,0,1,0,893,A
1-PB2,752,0,2,894,0,896,G
1-PB2,753,1,4,895,0,900,G
1-PB2,754,890,0,1,0,891,A
1-PB2,755,892,0,0,0,892,A
1-PB2,756,0,896,0,0,896,T
1-PB2,757,0,1,890,0,891,G
1-PB2,758,892,0,0,0,892,A
1-PB2,759,0,0,0,894,894,C
1-PB2,760,0,1,889,0,890,G
1-PB2,761,896,0,0,0,896,A
1-PB2,762,0,893,0,1,894,T
1-PB2,763,0,0,899,0,899,G
1-PB2,764,0,895,0,2,897,T
1-PB2,765,1,891,0,0,892,T
1-PB2,766,1,4,893,0,898,G
1-PB2,767,909,1,0,0,910,A
1-PB2,768,0,0,0,910,910,C
1-PB2,769,4,0,2,901,907,C
1-PB2,770,896,0,1,0,897,A
1-PB2,771,897,0,0,0,897,A
1-PB2,772,904,0,0,0,904,A
1-PB2,773,0,1,945,0,946,G
1-PB2,774,1,0,0,947,948,C
1-PB2,775,3,0,0,937,940,C
1-PB2,776,0,939,0,0,939,T
1-PB2,777,942,0,0,0,942,A
1-PB2,778,944,0,0,0,944,A
1-PB2,779,0,948,0,0,948,T
1-PB2,780,0,943,1,0,944,T
1-PB2,781,934,0,0,0,934,A
1-PB2,782,0,908,0,1,909,T
1-PB2,783,0,898,0,0,898,T
1-PB2,784,2,0,894,0,896,G
1-PB2,785,0,0,0,894,894,C
1-PB2,786,5,3,888,0,896,G
1-PB2,787,0,0,912,0,912,G
1-PB2,788,1,1,0,906,908,C
1-PB2,789,3,0,0,913,916,C
1-PB2,790,912,0,0,0,912,A
1-PB2,791,0,0,920,0,920,G
1-PB2,792,0,4,916,0,920,G
1-PB2,793,923,0,2,0,925,A
1-PB2,794,931,0,0,0,931,A
1-PB2,795,1,0,0,937,938,C
1-PB2,796,920,0,0,0,920,A
1-PB2,797,0,938,0,0,938,T
1-PB2,798,944,0,1,0,945,A
1-PB2,799,0,0,952,0,952,G
1-PB2,800,0,938,0,0,938,T
1-PB2,801,934,0,2,0,936,A
1-PB2,802,933,0,1,0,934,A
1-PB2,803,0,2,933,0,935,G
1-PB2,804,932,0,0,0,932,A
1-PB2,805,916,0,2,0,918,A
1-PB2,806,0,1,913,0,914,G
1-PB2,807,892,0,2,0,894,A
1-PB2,808,0,0,879,0,879,G
1-PB2,809,0,0,0,878,878,C
1-PB2,810,2,0,0,872,874,C
1-PB2,811,2,0,873,0,875,G
1-PB2,812,2,0,0,878,880,C
1-PB2,813,884,0,1,0,885,A
1-PB2,814,1,0,1017,0,1018,G
1-PB2,815,0,1017,0,1,1018,T
1-PB2,816,1015,0,0,0,1015,A
1-PB2,817,0,1015,0,0,1015,T
1-PB2,818,3,0,0,1016,1019,C
1-PB2,819,1014,0,1,0,1015,A
1-PB2,820,0,0,1016,0,1016,G
1-PB2,821,0,0,0,1014,1014,C
1-PB2,822,983,0,1,0,984,A
1-PB2,823,0,1,969,0,970,G
1-PB2,824,962,0,3,0,965,A
1-PB2,825,0,966,0,0,966,T
1-PB2,826,2,0,0,967,969,C
1-PB2,827,5,1,0,967,973,C
1-PB2,828,968,0,0,0,968,A
1-PB2,829,0,0,0,971,971,C
1-PB2,830,0,968,0,0,968,T
1-PB2,831,971,0,2,0,973,A
1-PB2,832,0,0,969,0,969,G
1-PB2,833,0,0,0,965,965,C
1-PB2,834,961,0,1,0,962,A
1-PB2,835,0,965,0,0,965,T
1-PB2,836,1,0,0,972,973,C
1-PB2,837,0,969,0,0,969,T
1-PB2,838,1,981,0,0,982,T
1-PB2,839,0,980,0,0,980,T
1-PB2,840,983,0,0,0,983,A
1-PB2,841,0,989,0,0,989,T
1-PB2,842,0,982,0,1,983,T
1-PB2,843,1,1,980,0,982,G
1-PB2,844,0,3,972,0,975,G
1-PB2,845,956,0,1,0,957,A
1-PB2,846,0,1,959,0,960,G
1-PB2,847,947,0,1,0,948,A
1-PB2,848,1,942,0,0,943,T
1-PB2,849,0,0,942,0,942,G
1-PB2,850,0,944,0,1,945,T
1-PB2,851,0,0,946,0,946,G
1-PB2,852,1,1,0,944,946,C
1-PB2,853,3,0,0,946,949,C
1-PB2,854,940,0,1,0,941,A
1-PB2,855,0,0,1,943,944,C
1-PB2,856,937,0,0,0,937,A
1-PB2,857,0,0,950,0,950,G
1-PB2,858,0,0,0,932,932,C
1-PB2,859,923,0,2,0,925,A
1-PB2,860,0,0,0,930,930,C
1-PB2,861,924,0,1,0,925,A
1-PB2,862,0,1,0,940,941,C
1-PB2,863,937,0,0,0,937,A
1-PB2,864,933,0,2,0,935,A
1-PB2,865,934,0,0,0,934,A
1-PB2,866,1,909,0,2,912,T
1-PB2,867,0,913,0,0,913,T
1-PB2,868,0,1,907,0,908,G
1-PB2,869,0,0,905,0,905,G
1-PB2,870,0,0,0,908,908,C
1-PB2,871,0,0,901,1,902,G
1-PB2,872,0,1,904,0,905,G
1-PB2,873,899,0,1,0,900,A
1-PB2,874,915,1,0,0,916,A
1-PB2,875,2,0,0,915,917,C
1-PB2,876,918,0,0,0,918,A
1-PB2,877,915,1,2,0,918,A
1-PB2,878,0,0,921,1,922,G
1-PB2,879,0,2,916,0,918,G
1-PB2,880,919,0,1,0,920,A
1-PB2,881,0,872,0,0,872,T
1-PB2,882,0,0,869,0,869,G
1-PB2,883,0,1,868,0,869,G
1-PB2,884,1,855,0,0,856,T
1-PB2,885,0,1,857,0,858,G
1-PB2,886,1,4,850,0,855,G
1-PB2,887,851,0,0,0,851,A
1-PB2,888,0,0,0,849,849,C
1-PB2,889,840,0,0,0,840,A
1-PB2,890,0,906,0,0,906,T
1-PB2,891,0,879,0,1,880,T
1-PB2,892,4,1,0,873,878,C
1-PB2,893,0,834,0,1,835,T
1-PB2,894,0,832,0,0,832,T
1-PB2,895,834,0,0,0,834,A
1-PB2,896,0,2,833,0,835,G
1-PB2,897,829,0,1,0,830,A
1-PB2,898,0,0,0,834,834,C
1-PB2,899,659,1,2,0,662,A
1-PB2,900,0,1,673,0,674,G
1-PB2,901,677,0,0,0,677,A
1-PB2,902,676,0,0,0,676,A
1-PB2,903,0,1,0,673,674,C
1-PB2,904,1,1,0,673,675,C
1-PB2,905,1,1,0,671,673,C
1-PB2,906,1,2,670,0,673,G
1-PB2,907,669,0,2,0,671,A
1-PB2,908,0,0,0,673,673,C
1-PB2,909,0,660,0,0,660,T
1-PB2,910,0,0,663,0,663,G
1-PB2,911,656,0,0,0,656,A
1-PB2,912,657,0,1,1,659,A
1-PB2,913,0,3,659,0,662,G
1-PB2,914,657,0,0,0,657,A
1-PB2,915,656,0,2,0,658,A
1-PB2,916,0,0,0,656,656,C
1-PB2,917,653,0,1,0,654,A
1-PB2,918,656,0,0,0,656,A
1-PB2,919,0,0,663,0,663,G
1-PB2,920,0,0,0,670,670,C
1-PB2,921,0,657,0,0,657,T
1-PB2,922,0,0,663,0,663,G
1-PB2,923,0,656,0,2,658,T
1-PB2,924,0,3,669,0,672,G
1-PB2,925,0,0,697,0,697,G
1-PB2,926,695,0,1,0,696,A
1-PB2,927,0,693,0,0,693,T
1-PB2,928,681,0,0,0,681,A
1-PB2,929,0,674,0,0,674,T
1-PB2,930,690,0,0,0,690,A
1-PB2,931,0,678,0,1,679,T
1-PB2,932,0,0,678,0,678,G
1-PB2,933,0,1,0,674,675,C
1-PB2,934,648,0,0,0,648,A
1-PB2,935,649,0,0,0,649,A
1-PB2,936,0,0,655,0,655,G
1-PB2,937,1,0,650,0,651,G
1-PB2,938,0,0,0,655,655,C
1-PB2,939,0,637,0,1,638,T
1-PB2,940,0,0,639,0,639,G
1-PB2,941,2,0,0,636,638,C
1-PB2,942,635,0,0,0,635,A
1-PB2,943,639,1,0,0,640,A
1-PB2,944,0,634,0,0,634,T
1-PB2,945,1,0,635,0,636,G
1-PB2,946,0,2,629,0,631,G
1-PB2,947,0,2,632,0,634,G
1-PB2,948,632,0,1,0,633,A
1-PB2,949,0,634,0,0,634,T
1-PB2,950,0,633,0,0,633,T
1-PB2,951,0,1,633,0,634,G
1-PB2,952,628,0,2,0,630,A
1-PB2,953,0,0,640,0,640,G
1-PB2,954,639,0,1,0,640,A
1-PB2,955,633,0,1,0,634,A
1-PB2,956,0,628,0,0,628,T
1-PB2,957,7,1,0,640,648,C
1-PB2,958,624,1,1,0,626,A
1-PB2,959,0,0,635,0,635,G
1-PB2,960,0,0,0,632,632,C
1-PB2,961,0,629,1,2,632,T
1-PB2,962,3,0,0,626,629,C
1-PB2,963,628,0,0,0,628,A
1-PB2,964,1,642,0,0,643,T
1-PB2,965,2,0,0,645,647,C
1-PB2,966,0,0,0,663,663,C
1-PB2,967,0,658,0,2,660,T
1-PB2,968,0,658,0,0,658,T
1-PB2,969,1,0,0,667,668,C
1-PB2,970,666,0,1,0,667,A
1-PB2,971,0,0,678,0,678,G
1-PB2,972,1,0,0,679,680,C
1-PB2,973,0,676,0,1,677,T
1-PB2,974,0,677,0,0,677,T
1-PB2,975,0,678,0,0,678,T
1-PB2,976,0,4,673,0,677,G
1-PB2,977,1,0,678,0,679,G
1-PB2,978,0,681,0,0,681,T
1-PB2,979,0,3,679,0,682,G
1-PB2,980,0,0,679,0,679,G
1-PB2,981,0,0,690,0,690,G
1-PB2,982,0,683,1,5,689,T
1-PB2,983,0,685,0,0,685,T
1-PB2,984,0,687,0,1,688,T
1-PB2,985,688,1,0,0,689,A
1-PB2,986,0,0,0,690,690,C
1-PB2,987,693,0,0,0,693,A
1-PB2,988,0,692,0,0,692,T
1-PB2,989,0,679,0,2,681,T
1-PB2,990,0,681,0,0,681,T
1-PB2,991,679,0,1,0,680,A
1-PB2,992,679,0,0,0,679,A
1-PB2,993,680,0,2,0,682,A
1-PB2,994,678,0,0,0,678,A
1-PB2,995,0,2,684,0,686,G
1-PB2,996,681,0,0,0,681,A
1-PB2,997,683,0,1,0,684,A
1-PB2,998,0,0,0,686,686,C
1-PB2,999,683,1,1,0,685,A
1-PB2,1000,684,0,1,0,685,A
1-PB2,1001,0,0,682,0,682,G
1-PB2,1002,1,0,0,679,680,C
1-PB2,1003,1,2,679,0,682,G
1-PB2,1004,0,0,687,0,687,G
1-PB2,1005,0,0,686,0,686,G
1-PB2,1006,0,684,0,0,684,T
1-PB2,1007,6,0,0,677,683,C
1-PB2,1008,685,0,0,0,685,A
1-PB2,1009,0,677,0,0,677,T
1-PB2,1010,1,0,0,678,679,C
1-PB2,1011,679,0,1,0,680,A
1-PB2,1012,0,0,689,1,690,G
1-PB2,1013,0,682,0,0,682,T
1-PB2,1014,4,0,0,684,688,C
1-PB2,1015,685,1,0,0,686,A
1-PB2,1016,689,0,0,0,689,A
1-PB2,1017,688,0,0,0,688,A
1-PB2,1018,686,0,0,0,686,A
1-PB2,1019,689,0,1,0,690,A
1-PB2,1020,692,0,1,0,693,A
1-PB2,1021,0,0,698,0,698,G
1-PB2,1022,698,0,0,0,698,A
1-PB2,1023,696,1,1,0,698,A
1-PB2,1024,0,0,697,0,697,G
1-PB2,1025,695,0,0,0,695,A
1-PB2,1026,636,0,2,0,638,A
1-PB2,1027,0,0,638,0,638,G
1-PB2,1028,634,0,0,0,634,A
1-PB2,1029,1,0,636,0,637,G
1-PB2,1030,1,1,651,0,653,G
1-PB2,1031,0,653,0,0,653,T
1-PB2,1032,0,2,661,0,663,G
1-PB2,1033,0,0,0,663,663,C
1-PB2,1034,0,664,0,1,665,T
1-PB2,1035,0,665,0,0,665,T
1-PB2,1036,665,0,0,0,665,A
1-PB2,1037,2,0,0,663,665,C
1-PB2,1038,656,0,0,0,656,A
1-PB2,1039,0,0,665,0,665,G
1-PB2,1040,0,0,670,0,670,G
1-PB2,1041,0,0,0,662,662,C
1-PB2,1042,653,0,0,0,653,A
1-PB2,1043,664,0,1,0,665,A
1-PB2,1044,0,671,0,1,672,T
1-PB2,1045,2,0,0,686,688,C
1-PB2,1046,0,683,0,2,685,T
1-PB2,1047,1,0,0,689,690,C
1-PB2,1048,0,0,0,693,693,C
1-PB2,1049,693,0,1,0,694,A
1-PB2,1050,694,0,0,0,694,A
1-PB2,1051,695,1,1,0,697,A
1-PB2,1052,0,0,0,697,697,C
1-PB2,1053,684,0,0,0,684,A
1-PB2,1054,0,673,0,1,674,T
1-PB2,1055,0,602,0,0,602,T
1-PB2,1056,0,1,601,0,602,G
1-PB2,1057,599,0,0,0,599,A
1-PB2,1058,0,1,597,0,598,G
1-PB2,1059,625,1,1,1,628,A
1-PB2,1060,626,1,0,1,628,A
1-PB2,1061,0,630,0,0,630,T
1-PB2,1062,631,0,0,0,631,A
1-PB2,1063,635,0,0,0,635,A
1-PB2,1064,0,2,642,0,644,G
1-PB2,1065,636,0,0,0,636,A
1-PB2,1066,0,0,649,0,649,G
1-PB2,1067,0,632,0,0,632,T
1-PB2,1068,630,2,1,0,633,A
1-PB2,1069,0,0,0,639,639,C
1-PB2,1070,636,0,1,0,637,A
1-PB2,1071,0,631,2,0,633,T
1-PB2,1072,0,1,627,1,629,G
1-PB2,1073,613,0,0,0,613,A
1-PB2,1074,0,1,615,0,616,G
1-PB2,1075,0,0,615,0,615,G
1-PB2,1076,0,0,633,0,633,G
1-PB2,1077,0,0,642,0,642,G
1-PB2,1078,0,632,0,0,632,T
1-PB2,1079,633,0,2,0,635,A
1-PB2,1080,0,627,0,1,628,T
1-PB2,1081,0,2,632,0,634,G
1-PB2,1082,630,0,1,0,631,A
1-PB2,1083,1,1,631,0,633,G
1-PB2,1084,0,3,622,0,625,G
1-PB2,1085,595,0,0,0,595,A
1-PB2,1086,0,0,606,0,606,G
1-PB2,1087,0,601,0,2,603,T
1-PB2,1088,0,615,0,1,616,T
1-PB2,1089,2,0,0,616,618,C
1-PB2,1090,619,1,0,0,620,A
1-PB2,1091,1,0,0,616,617,C
1-PB2,1092,618,0,0,0,618,A
1-PB2,1093,637,0,0,0,637,A
1-PB2,1094,0,636,0,0,636,T
1-PB2,1095,0,0,629,0,629,G
1-PB2,1096,0,0,636,0,636,G
1-PB2,1097,1,623,0,0,624,T
1-PB2,1098,0,0,625,1,626,G
1-PB2,1099,0,1,626,0,627,G
1-PB2,1100,0,0,626,0,626,G
1-PB2,1101,1,2,627,0,630,G
1-PB2,1102,627,0,0,0,627,A
1-PB2,1103,622,0,1,0,623,A
1-PB2,1104,620,0,0,0,620,A
1-PB2,1105,612,0,2,0,614,A
1-PB2,1106,0,1,621,0,622,G
1-PB2,1107,615,0,1,0,616,A
1-PB2,1108,0,1,617,0,618,G
1-PB2,1109,0,0,0,618,618,C
1-PB2,1110,613,0,2,0,615,A
1-PB2,1111,617,0,0,0,617,A
1-PB2,1112,0,2,0,629,631,C
1-PB2,1113,627,0,0,0,627,A
1-PB2,1114,0,0,634,0,634,G
1-PB2,1115,0,0,0,630,630,C
1-PB2,1116,0,624,0,2,626,T
1-PB2,1117,635,0,1,0,636,A
1-PB2,1118,0,634,0,0,634,T
1-PB2,1119,637,0,1,0,638,A
1-PB2,1120,0,0,0,637,637,C
1-PB2,1121,0,597,0,0,597,T
1-PB2,1122,603,0,0,0,603,A
1-PB2,1123,591,0,0,0,591,A
1-PB2,1124,0,4,593,0,597,G
1-PB2,1125,595,0,0,0,595,A
1-PB2,1126,585,0,0,0,585,A
1-PB2,1127,582,0,1,0,583,A
1-PB2,1128,579,0,2,0,581,A
1-PB2,1129,0,0,591,0,591,G
1-PB2,1130,0,1,0,585,586,C
1-PB2,1131,583,1,1,0,585,A
1-PB2,1132,586,0,0,0,586,A
1-PB2,1133,1,0,0,586,587,C
1-PB2,1134,1,0,0,586,587,C
1-PB2,1135,591,0,1,0,592,A
1-PB2,1136,0,1,591,0,592,G
1-PB2,1137,593,0,0,0,593,A
1-PB2,1138,589,0,0,0,589,A
1-PB2,1139,0,2,593,0,595,G
1-PB2,1140,593,0,1,0,594,A
1-PB2,1141,0,590,0,0,590,T
1-PB2,1142,0,587,0,0,587,T
1-PB2,1143,0,1,587,0,588,G
1-PB2,1144,0,1,608,0,609,G
1-PB2,1145,0,602,0,0,602,T
1-PB2,1146,1,594,0,0,595,T
1-PB2,1147,6,0,0,590,596,C
1-PB2,1148,594,0,1,0,595,A
1-PB2,1149,588,1,2,0,591,A
1-PB2,1150,0,0,0,618,618,C
1-PB2,1151,0,623,0,0,623,T
1-PB2,1152,3,0,0,624,627,C
1-PB2,1153,621,0,0,0,621,A
1-PB2,1154,0,625,0,0,625,T
1-PB2,1155,624,0,1,0,625,A
1-PB2,1156,1,0,628,0,629,G
1-PB2,1157,0,611,0,1,612,T
1-PB2,1158,0,4,612,0,616,G
1-PB2,1159,602,0,1,0,603,A
1-PB2,1160,0,0,607,1,608,G
1-PB2,1161,0,601,0,1,602,T
1-PB2,1162,0,2,600,0,602,G
1-PB2,1163,0,2,605,0,607,G
1-PB2,1164,606,0,0,0,606,A
1-PB2,1165,601,0,0,0,601,A
1-PB2,1166,0,4,603,0,607,G
1-PB2,1167,600,0,1,0,601,A
1-PB2,1168,0,2,602,0,604,G
1-PB2,1169,600,0,1,0,601,A
1-PB2,1170,0,0,0,601,601,C
1-PB2,1171,0,6,596,0,602,G
1-PB2,1172,590,0,2,0,592,A
1-PB2,1173,593,0,0,0,593,A
1-PB2,1174,0,0,0,596,596,C
1-PB2,1175,588,1,0,0,589,A
1-PB2,1176,0,0,616,0,616,G
1-PB2,1177,1,610,0,1,612,T
1-PB2,1178,1,0,0,610,611,C
1-PB2,1179,605,0,2,0,607,A
1-PB2,1180,610,0,0,0,610,A
1-PB2,1181,0,607,0,1,608,T
1-PB2,1182,606,0,0,0,606,A
1-PB2,1183,0,0,607,0,607,G
1-PB2,1184,0,0,0,603,603,C
1-PB2,1185,0,1,0,591,592,C
1-PB2,1186,1,1,585,0,587,G
1-PB2,1187,589,0,0,0,589,A
1-PB2,1188,591,1,0,0,592,A
1-PB2,1189,0,0,594,0,594,G
1-PB2,1190,0,0,0,609,609,C
1-PB2,1191,601,0,2,0,603,A
1-PB2,1192,609,0,0,0,609,A
1-PB2,1193,0,606,0,0,606,T
1-PB2,1194,606,0,1,0,607,A
1-PB2,1195,610,0,1,0,611,A
1-PB2,1196,0,608,0,2,610,T
1-PB2,1197,2,0,0,603,605,C
1-PB2,1198,0,0,605,0,605,G
1-PB2,1199,0,589,1,0,590,T
1-PB2,1200,0,3,589,0,592,G
1-PB2,1201,0,0,594,0,594,G
1-PB2,1202,0,0,0,593,593,C
1-PB2,1203,2,0,0,593,595,C
1-PB2,1204,590,0,0,0,590,A
1-PB2,1205,0,591,0,1,592,T
1-PB2,1206,0,2,586,0,588,G
1-PB2,1207,0,1,593,0,594,G
1-PB2,1208,2,588,1,0,591,T
1-PB2,1209,0,0,595,0,595,G
1-PB2,1210,0,580,0,1,581,T
1-PB2,1211,0,587,0,0,587,T
1-PB2,1212,0,587,0,0,587,T
1-PB2,1213,0,589,0,0,589,T
1-PB2,1214,3,0,0,598,601,C
1-PB2,1215,598,0,1,0,599,A
1-PB2,1216,0,3,0,627,630,C
1-PB2,1217,626,0,1,0,627,A
1-PB2,1218,637,1,1,0,639,A
1-PB2,1219,0,1,637,1,639,G
1-PB2,1220,638,0,0,0,638,A
1-PB2,1221,606,0,29,0,635,A
1-PB2,1222,0,2,644,0,646,G
1-PB2,1223,649,0,0,0,649,A
1-PB2,1224,0,651,0,0,651,T
1-PB2,1225,0,647,0,0,647,T
1-PB2,1226,0,1,643,0,644,G
1-PB2,1227,0,2,0,641,643,C
1-PB2,1228,651,0,0,0,651,A
1-PB2,1229,0,656,0,0,656,T
1-PB2,1230,0,3,681,0,684,G
1-PB2,1231,688,0,0,1,689,A
1-PB2,1232,0,695,0,0,695,T
1-PB2,1233,695,0,0,0,695,A
1-PB2,1234,695,0,0,0,695,A
1-PB2,1235,695,0,0,0,695,A
1-PB2,1236,699,0,0,0,699,A
1-PB2,1237,0,2,702,0,704,G
1-PB2,1238,1,1,0,723,725,C
1-PB2,1239,734,0,0,0,734,A
1-PB2,1240,0,0,766,0,766,G
1-PB2,1241,0,758,0,3,761,T
1-PB2,1242,0,764,0,0,764,T
1-PB2,1243,764,0,0,0,764,A
1-PB2,1244,0,2,777,0,779,G
1-PB2,1245,773,0,1,0,774,A
1-PB2,1246,0,0,777,0,777,G
1-PB2,1247,0,1,767,0,768,G
1-PB2,1248,0,743,1,0,744,T
1-PB2,1249,0,5,746,0,751,G
1-PB2,1250,753,0,1,0,754,A
1-PB2,1251,1,1,0,757,759,C
1-PB2,1252,1,0,0,764,765,C
1-PB2,1253,0,699,0,0,699,T
1-PB2,1254,0,5,698,0,703,G
1-PB2,1255,701,0,1,0,702,A
1-PB2,1256,702,0,0,0,702,A
1-PB2,1257,0,703,0,2,705,T
1-PB2,1258,0,701,0,0,701,T
1-PB2,1259,0,708,0,0,708,T
1-PB2,1260,6,0,0,701,707,C
1-PB2,1261,0,0,707,0,707,G
1-PB2,1262,0,705,0,1,706,T
1-PB2,1263,2,0,0,702,704,C
1-PB2,1264,703,0,0,0,703,A
1-PB2,1265,703,0,0,0,703,A
1-PB2,1266,0,0,0,705,705,C
1-PB2,1267,698,0,0,0,698,A
1-PB2,1268,0,2,710,1,713,G
1-PB2,1269,705,0,1,0,706,A
1-PB2,1270,0,0,709,0,709,G
1-PB2,1271,0,1,0,711,712,C
1-PB2,1272,712,0,0,0,712,A
1-PB2,1273,723,0,1,0,724,A
1-PB2,1274,724,0,0,0,724,A
1-PB2,1275,0,721,0,0,721,T
1-PB2,1276,3,0,0,722,725,C
1-PB2,1277,715,1,2,0,718,A
1-PB2,1278,0,1,717,0,718,G
1-PB2,1279,0,1,0,714,715,C
1-PB2,1280,0,3,713,0,716,G
1-PB2,1281,0,1,755,0,756,G
1-PB2,1282,0,745,0,0,745,T
1-PB2,1283,0,746,0,0,746,T
1-PB2,1284,0,0,747,0,747,G
1-PB2,1285,746,1,0,0,747,A
1-PB2,1286,752,0,1,0,753,A
1-PB2,1287,1,0,0,762,763,C
1-PB2,1288,5,0,0,754,759,C
1-PB2,1289,1,0,0,766,767,C
1-PB2,1290,0,0,0,755,755,C
1-PB2,1291,750,0,1,1,752,A
1-PB2,1292,0,758,0,1,759,T
1-PB2,1293,0,0,759,0,759,G
1-PB2,1294,0,0,0,760,760,C
1-PB2,1295,757,0,0,0,757,A
1-PB2,1296,0,750,0,1,751,T
1-PB2,1297,3,0,0,752,755,C
1-PB2,1298,748,0,0,0,748,A
1-PB2,1299,0,0,765,0,765,G
1-PB2,1300,0,0,0,769,769,C
1-PB2,1301,0,740,1,1,742,T
1-PB2,1302,0,745,0,0,745,T
1-PB2,1303,0,744,0,2,746,T
1-PB2,1304,0,746,0,0,746,T
1-PB2,1305,747,1,0,0,748,A
1-PB2,1306,744,1,1,0,746,A
1-PB2,1307,0,3,748,0,751,G
1-PB2,1308,0,0,746,0,746,G
1-PB2,1309,0,0,0,743,743,C
1-PB2,1310,741,0,0,1,742,A
1-PB2,1311,0,737,0,0,737,T
1-PB2,1312,0,746,0,1,747,T
1-PB2,1313,0,749,0,1,750,T
1-PB2,1314,0,754,0,1,755,T
1-PB2,1315,1,0,0,754,755,C
1-PB2,1316,752,0,0,1,753,A
1-PB2,1317,0,3,749,0,752,G
1-PB2,1318,753,1,0,0,754,A
1-PB2,1319,747,1,0,0,748,A
1-PB2,1320,751,0,2,0,753,A
1-PB2,1321,0,3,753,0,756,G
1-PB2,1322,761,0,0,0,761,A
1-PB2,1323,0,761,0,1,762,T
1-PB2,1324,0,1,760,0,761,G
1-PB2,1325,0,2,0,761,763,C
1-PB2,1326,0,1,761,0,762,G
1-PB2,1327,760,0,2,0,762,A
1-PB2,1328,761,0,0,0,761,A
1-PB2,1329,757,0,1,0,758,A
1-PB2,1330,1,1,759,0,761,G
1-PB2,1331,0,751,0,3,754,T
1-PB2,1332,1,1,751,0,753,G
1-PB2,1333,0,0,0,754,754,C
1-PB2,1334,0,749,0,3,752,T
1-PB2,1335,0,750,0,0,750,T
1-PB2,1336,0,751,0,1,752,T
1-PB2,1337,0,748,0,0,748,T
1-PB2,1338,1,750,0,0,751,T
1-PB2,1339,3,0,0,748,751,C
1-PB2,1340,751,0,0,0,751,A
1-PB2,1341,755,0,1,0,756,A
1-PB2,1342,753,0,0,0,753,A
1-PB2,1343,757,0,0,0,757,A
1-PB2,1344,0,754,0,0,754,T
1-PB2,1345,0,759,0,0,759,T
1-PB2,1346,0,2,757,0,759,G
1-PB2,1347,0,1,756,0,757,G
1-PB2,1348,0,1,757,0,758,G
1-PB2,1349,1,4,781,0,786,G
1-PB2,1350,770,0,1,0,771,A
1-PB2,1351,0,0,792,0,792,G
1-PB2,1352,0,790,0,1,791,T
1-PB2,1353,0,787,0,2,789,T
1-PB2,1354,0,3,789,1,793,G
1-PB2,1355,791,0,1,0,792,A
1-PB2,1356,796,0,0,0,796,A
1-PB2,1357,0,0,0,815,815,C
1-PB2,1358,808,1,0,0,809,A
1-PB2,1359,0,0,0,841,841,C
1-PB2,1360,819,0,0,0,819,A
1-PB2,1361,0,820,0,0,820,T
1-PB2,1362,4,1,0,822,827,C
1-PB2,1363,1,1,822,0,824,G
1-PB2,1364,828,0,2,0,830,A
1-PB2,1365,0,0,0,831,831,C
1-PB2,1366,817,0,0,0,817,A
1-PB2,1367,0,0,849,0,849,G
1-PB2,1368,1,830,0,2,833,T
1-PB2,1369,0,0,844,0,844,G
1-PB2,1370,1,836,1,4,842,T
1-PB2,1371,1,2,841,0,844,G
1-PB2,1372,846,0,0,0,846,A
1-PB2,1373,0,839,0,1,840,T
1-PB2,1374,0,1,838,0,839,G
1-PB2,1375,0,3,831,0,834,G
1-PB2,1376,0,3,826,0,829,G
1-PB2,1377,832,0,0,0,832,A
1-PB2,1378,827,0,1,0,828,A
1-PB2,1379,0,831,0,0,831,T
1-PB2,1380,0,2,837,0,839,G
1-PB2,1381,843,1,0,0,844,A
1-PB2,1382,0,839,0,0,839,T
1-PB2,1383,0,842,0,0,842,T
1-PB2,1384,0,0,838,0,838,G
1-PB2,1385,0,2,862,0,864,G
1-PB2,1386,843,0,3,0,846,A
1-PB2,1387,0,0,878,0,878,G
1-PB2,1388,0,865,1,1,867,T
1-PB2,1389,866,0,1,0,867,A
1-PB2,1390,0,871,1,0,872,T
1-PB2,1391,1,880,0,0,881,T
1-PB2,1392,890,0,0,0,890,A
1-PB2,1393,0,0,0,897,897,C
1-PB2,1394,1,0,0,889,890,C
1-PB2,1395,881,0,0,0,881,A
1-PB2,1396,0,3,888,0,891,G
1-PB2,1397,905,0,2,0,907,A
1-PB2,1398,0,903,0,0,903,T
1-PB2,1399,897,0,0,0,897,A
1-PB2,1400,0,885,0,0,885,T
1-PB2,1401,1,1,882,0,884,G
1-PB2,1402,869,0,11,1,881,A
1-PB2,1403,0,0,0,885,885,C
1-PB2,1404,0,876,0,3,879,T
1-PB2,1405,3,0,1,878,882,C
1-PB2,1406,1,0,0,876,877,C
1-PB2,1407,883,0,0,0,883,A
1-PB2,1408,886,0,2,0,888,A
1-PB2,1409,0,1,905,0,906,G
1-PB2,1410,0,0,0,895,895,C
1-PB2,1411,893,0,0,0,893,A
1-PB2,1412,2,0,0,898,900,C
1-PB2,1413,893,0,0,0,893,A
1-PB2,1414,0,1,900,0,901,G
1-PB2,1415,897,0,1,0,898,A
1-PB2,1416,0,0,904,0,904,G
1-PB2,1417,897,0,3,0,900,A
1-PB2,1418,0,888,0,1,889,T
1-PB2,1419,1,0,898,0,899,G
1-PB2,1420,0,893,0,1,894,T
1-PB2,1421,7,1,0,884,892,C
1-PB2,1422,890,0,4,0,894,A
1-PB2,1423,887,0,1,0,888,A
1-PB2,1424,0,889,0,0,889,T
1-PB2,1425,0,4,883,0,887,G
1-PB2,1426,873,0,1,0,874,A
1-PB2,1427,0,2,878,0,880,G
1-PB2,1428,867,0,3,1,871,A
1-PB2,1429,1,4,874,0,879,G
1-PB2,1430,2,1,936,0,939,G
1-PB2,1431,936,0,2,0,938,A
1-PB2,1432,937,0,0,0,937,A
1-PB2,1433,0,937,0,0,937,T
1-PB2,1434,928,1,2,0,931,A
1-PB2,1435,928,0,2,0,930,A
1-PB2,1436,0,2,927,0,929,G
1-PB2,1437,922,0,3,0,925,A
1-PB2,1438,0,0,931,0,931,G
1-PB2,1439,0,890,0,1,891,T
1-PB2,1440,2,0,0,888,890,C
1-PB2,1441,888,1,1,0,890,A
1-PB2,1442,0,0,908,0,908,G
1-PB2,1443,1,2,0,938,941,C
1-PB2,1444,945,0,0,0,945,A
1-PB2,1445,951,0,0,0,951,A
1-PB2,1446,949,0,0,0,949,A
1-PB2,1447,946,0,1,0,947,A
1-PB2,1448,0,943,0,0,943,T
1-PB2,1449,0,0,946,0,946,G
1-PB2,1450,2,2,939,0,943,G
1-PB2,1451,0,0,946,3,949,G
1-PB2,1452,0,943,0,0,943,T
1-PB2,1453,0,0,943,0,943,G
1-PB2,1454,0,939,0,1,940,T
1-PB2,1455,1,1,947,0,949,G
1-PB2,1456,0,2,965,0,967,G
1-PB2,1457,967,0,0,0,967,A
1-PB2,1458,0,959,0,1,960,T
1-PB2,1459,0,6,964,1,971,G
1-PB2,1460,971,0,0,0,971,A
1-PB2,1461,976,0,3,0,979,A
1-PB2,1462,0,977,0,0,977,T
1-PB2,1463,956,0,1,0,957,A
1-PB2,1464,0,0,0,1005,1005,C
1-PB2,1465,0,984,0,3,987,T
1-PB2,1466,6,0,0,1003,1009,C
1-PB2,1467,3,1,0,1005,1009,C
1-PB2,1468,1007,0,1,0,1008,A
1-PB2,1469,3,0,1044,0,1047,G
1-PB2,1470,0,1042,1,0,1043,T
1-PB2,1471,1054,0,0,0,1054,A
1-PB2,1472,1,1,0,1054,1056,C
1-PB2,1473,981,1,1,0,983,A
1-PB2,1474,0,1,989,0,990,G
1-PB2,1475,970,0,0,0,970,A
1-PB2,1476,1,1,977,0,979,G
1-PB2,1477,961,0,0,0,961,A
1-PB2,1478,0,2,948,0,950,G
1-PB2,1479,0,3,946,0,949,G
1-PB2,1480,0,0,946,0,946,G
1-PB2,1481,1,932,0,3,936,T
1-PB2,1482,1,1,934,0,936,G
1-PB2,1483,0,0,944,0,944,G
1-PB2,1484,0,938,0,2,940,T
1-PB2,1485,0,3,963,0,966,G
1-PB2,1486,0,2,968,0,970,G
1-PB2,1487,0,951,0,0,951,T
1-PB2,1488,0,949,1,1,951,T
1-PB2,1489,946,0,1,0,947,A
1-PB2,1490,0,2,954,0,956,G
1-PB2,1491,1,0,1,957,959,C
1-PB2,1492,961,0,0,0,961,A
1-PB2,1493,0,953,1,0,954,T
1-PB2,1494,0,916,0,0,916,T
1-PB2,1495,1,1,918,0,920,G
1-PB2,1496,918,0,1,1,920,A
1-PB2,1497,1,917,1,1,920,T
1-PB2,1498,7,1,0,913,921,C
1-PB2,1499,1,8,913,0,922,G
1-PB2,1500,1,1,939,0,941,G
1-PB2,1501,0,940,0,1,941,T
1-PB2,1502,0,933,0,2,935,T
1-PB2,1503,0,932,0,2,934,T
1-PB2,1504,0,934,0,0,934,T
1-PB2,1505,1,926,0,0,927,T
1-PB2,1506,0,1,928,0,929,G
1-PB2,1507,931,0,1,0,932,A
1-PB2,1508,0,3,929,0,932,G
1-PB2,1509,909,0,1,0,910,A
1-PB2,1510,0,0,921,0,921,G
1-PB2,1511,0,915,0,0,915,T
1-PB2,1512,1,912,1,0,914,T
1-PB2,1513,4,2,0,911,917,C
1-PB2,1514,0,2,923,0,925,G
1-PB2,1515,926,1,1,0,928,A
1-PB2,1516,0,5,926,0,931,G
1-PB2,1517,931,0,1,0,932,A
1-PB2,1518,0,0,0,928,928,C
1-PB2,1519,3,2,1,909,915,C
1-PB2,1520,908,0,1,0,909,A
1-PB2,1521,917,0,2,0,919,A
1-PB2,1522,0,2,0,921,923,C
1-PB2,1523,0,0,926,0,926,G
1-PB2,1524,0,922,0,0,922,T
1-PB2,1525,0,2,916,0,918,G
1-PB2,1526,1,0,928,0,929,G
1-PB2,1527,0,4,924,0,928,G
1-PB2,1528,920,0,1,0,921,A
1-PB2,1529,922,0,0,0,922,A
1-PB2,1530,0,906,0,0,906,T
1-PB2,1531,1,0,933,0,934,G
1-PB2,1532,0,923,1,1,925,T
1-PB2,1533,929,0,0,0,929,A
1-PB2,1534,0,927,0,2,929,T
1-PB2,1535,0,914,0,0,914,T
1-PB2,1536,934,0,0,0,934,A
1-PB2,1537,1,926,0,0,927,T
1-PB2,1538,0,925,0,0,925,T
1-PB2,1539,923,0,0,0,923,A
1-PB2,1540,0,850,0,1,851,T
1-PB2,1541,0,0,0,875,875,C
1-PB2,1542,0,862,0,2,864,T
1-PB2,1543,1,0,0,881,882,C
1-PB2,1544,0,0,0,883,883,C
1-PB2,1545,0,858,0,3,861,T
1-PB2,1546,0,0,864,0,864,G
1-PB2,1547,860,0,2,0,862,A
1-PB2,1548,0,0,864,0,864,G
1-PB2,1549,0,0,863,0,863,G
1-PB2,1550,800,0,1,0,801,A
1-PB2,1551,0,1,805,0,806,G
1-PB2,1552,1,1,800,0,802,G
1-PB2,1553,0,729,0,1,730,T
1-PB2,1554,6,0,0,724,730,C
1-PB2,1555,725,0,0,0,725,A
1-PB2,1556,0,0,733,0,733,G
1-PB2,1557,0,730,0,1,731,T
1-PB2,1558,0,3,727,0,730,G
1-PB2,1559,728,0,1,1,730,A
1-PB2,1560,726,0,1,0,727,A
1-PB2,1561,729,0,1,0,730,A
1-PB2,1562,1,1,1,731,734,C
1-PB2,1563,731,0,0,0,731,A
1-PB2,1564,0,0,0,732,732,C
1-PB2,1565,709,1,1,0,711,A
1-PB2,1566,1,0,712,0,713,G
1-PB2,1567,0,1,717,0,718,G
1-PB2,1568,0,1,725,0,726,G
1-PB2,1569,724,0,2,0,726,A
1-PB2,1570,722,0,1,0,723,A
1-PB2,1571,1,0,0,728,729,C
1-PB2,1572,0,727,0,1,728,T
1-PB2,1573,0,0,727,0,727,G
1-PB2,1574,720,0,0,0,720,A
1-PB2,1575,1,0,721,0,722,G
1-PB2,1576,719,0,3,0,722,A
1-PB2,1577,0,6,696,0,702,G
1-PB2,1578,703,0,5,0,708,A
1-PB2,1579,1,0,0,706,707,C
1-PB2,1580,1,688,0,0,689,T
1-PB2,1581,0,6,696,0,702,G
1-PB2,1582,700,0,1,0,701,A
1-PB2,1583,0,0,0,709,709,C
1-PB2,1584,710,0,0,0,710,A
1-PB2,1585,707,1,0,0,708,A
1-PB2,1586,0,711,0,0,711,T
1-PB2,1587,722,0,1,0,723,A
1-PB2,1588,723,0,0,0,723,A
1-PB2,1589,0,0,0,729,729,C
1-PB2,1590,0,707,0,0,707,T
1-PB2,1591,0,704,0,0,704,T
1-PB2,1592,701,0,0,0,701,A
1-PB2,1593,0,699,0,1,700,T
1-PB2,1594,0,698,0,0,698,T
1-PB2,1595,3,0,0,693,696,C
1-PB2,1596,672,0,0,2,674,A
1-PB2,1597,1,673,0,0,674,T
1-PB2,1598,1,1,0,660,662,C
1-PB2,1599,1,0,666,0,667,G
1-PB2,1600,0,672,0,0,672,T
1-PB2,1601,6,1,0,655,662,C
1-PB2,1602,0,1,661,0,662,G
1-PB2,1603,665,0,0,0,665,A
1-PB2,1604,0,667,0,0,667,T
1-PB2,1605,0,2,668,0,670,G
1-PB2,1606,667,0,1,0,668,A
1-PB2,1607,0,672,0,0,672,T
1-PB2,1608,1,0,668,0,669,G
1-PB2,1609,0,658,0,1,659,T
1-PB2,1610,0,2,654,0,656,G
1-PB2,1611,0,0,660,0,660,G
1-PB2,1612,0,4,654,0,658,G
1-PB2,1613,640,0,3,0,643,A
1-PB2,1614,0,1,648,0,649,G
1-PB2,1615,635,1,0,0,636,A
1-PB2,1616,0,630,0,1,631,T
1-PB2,1617,0,626,0,0,626,T
1-PB2,1618,620,0,1,0,621,A
1-PB2,1619,621,0,0,0,621,A
1-PB2,1620,0,0,0,618,618,C
1-PB2,1621,0,0,606,0,606,G
1-PB2,1622,2,0,616,0,618,G
1-PB2,1623,0,596,0,1,597,T
1-PB2,1624,3,0,0,590,593,C
1-PB2,1625,0,0,0,597,597,C
1-PB2,1626,0,545,0,2,547,T
1-PB2,1627,0,2,546,0,548,G
1-PB2,1628,550,0,0,0,550,A
1-PB2,1629,0,1,550,1,552,G
1-PB2,1630,0,549,0,1,550,T
1-PB2,1631,0,0,0,543,543,C
1-PB2,1632,1,1,540,0,542,G
1-PB2,1633,0,7,546,0,553,G
1-PB2,1634,0,550,0,0,550,T
1-PB2,1635,0,551,0,0,551,T
1-PB2,1636,0,549,0,1,550,T
1-PB2,1637,0,552,0,1,553,T
1-PB2,1638,0,0,559,0,559,G
1-PB2,1639,0,0,560,0,560,G
1-PB2,1640,0,556,0,0,556,T
1-PB2,1641,1,1,0,556,558,C
1-PB2,1642,546,0,0,0,546,A
1-PB2,1643,564,0,0,0,564,A
1-PB2,1644,0,567,0,0,567,T
1-PB2,1645,575,0,0,0,575,A
1-PB2,1646,0,0,0,583,583,C
1-PB2,1647,2,0,1,557,560,C
1-PB2,1648,0,553,5,2,560,T
1-PB2,1649,567,0,0,0,567,A
1-PB2,1650,0,565,0,1,566,T
1-PB2,1651,1,0,0,568,569,C
1-PB2,1652,556,1,0,0,557,A
1-PB2,1653,559,0,0,0,559,A
1-PB2,1654,0,553,0,0,553,T
1-PB2,1655,0,2,542,0,544,G
1-PB2,1656,0,1,544,0,545,G
1-PB2,1657,540,0,0,1,541,A
1-PB2,1658,2,532,0,0,534,T
1-PB2,1659,1,0,0,534,535,C
1-PB2,1660,535,0,2,0,537,A
1-PB2,1661,0,537,0,0,537,T
1-PB2,1662,0,0,0,540,540,C
1-PB2,1663,539,0,1,0,540,A
1-PB2,1664,0,1,544,0,545,G
1-PB2,1665,544,0,1,0,545,A
1-PB2,1666,548,0,0,0,548,A
1-PB2,1667,551,0,1,0,552,A
1-PB2,1668,1,551,0,1,553,T
1-PB2,1669,0,554,0,0,554,T
1-PB2,1670,0,4,548,0,552,G
1-PB2,1671,0,1,551,0,552,G
1-PB2,1672,0,1,550,0,551,G
1-PB2,1673,550,0,0,0,550,A
1-PB2,1674,549,0,0,0,549,A
1-PB2,1675,1,0,548,0,549,G
1-PB2,1676,0,0,0,548,548,C
1-PB2,1677,0,543,1,0,544,T
1-PB2,1678,0,0,550,0,550,G
1-PB2,1679,0,549,0,0,549,T
1-PB2,1680,1,0,0,546,547,C
1-PB2,1681,550,0,0,0,550,A
1-PB2,1682,553,0,0,0,553,A
1-PB2,1683,549,0,0,0,549,A
1-PB2,1684,550,0,1,2,553,A
1-PB2,1685,0,554,0,0,554,T
1-PB2,1686,0,541,0,0,541,T
1-PB2,1687,4,0,0,534,538,C
1-PB2,1688,533,0,0,0,533,A
1-PB2,1689,532,0,0,0,532,A
1-PB2,1690,0,536,0,0,536,T
1-PB2,1691,0,1,537,0,538,G
1-PB2,1692,2,0,539,0,541,G
1-PB2,1693,0,547,0,0,547,T
1-PB2,1694,3,0,0,545,548,C
1-PB2,1695,0,546,0,1,547,T
1-PB2,1696,2,0,0,547,549,C
1-PB2,1697,549,0,0,0,549,A
1-PB2,1698,0,1,548,0,549,G
1-PB2,1699,548,0,1,0,549,A
1-PB2,1700,554,0,0,0,554,A
1-PB2,1701,0,552,0,0,552,T
1-PB2,1702,2,0,0,536,538,C
1-PB2,1703,2,0,0,502,504,C
1-PB2,1704,0,505,0,1,506,T
1-PB2,1705,0,0,506,0,506,G
1-PB2,1706,0,0,0,507,507,C
1-PB2,1707,503,0,0,0,503,A
1-PB2,1708,512,0,1,0,513,A
1-PB2,1709,0,499,0,0,499,T
1-PB2,1710,0,1,510,0,511,G
1-PB2,1711,0,510,0,0,510,T
1-PB2,1712,0,498,0,0,498,T
1-PB2,1713,0,1,504,0,505,G
1-PB2,1714,0,503,0,1,504,T
1-PB2,1715,503,0,0,0,503,A
1-PB2,1716,0,1,0,501,502,C
1-PB2,1717,491,0,0,0,491,A
1-PB2,1718,496,0,2,0,498,A
1-PB2,1719,0,0,0,494,494,C
1-PB2,1720,487,0,0,0,487,A
1-PB2,1721,488,0,0,0,488,A
1-PB2,1722,477,0,0,0,477,A
1-PB2,1723,478,0,0,0,478,A
1-PB2,1724,0,479,0,0,479,T
1-PB2,1725,0,0,475,0,475,G
1-PB2,1726,1,1,481,0,483,G
1-PB2,1727,479,0,0,0,479,A
1-PB2,1728,481,0,0,0,481,A
1-PB2,1729,0,478,0,1,479,T
1-PB2,1730,0,483,0,0,483,T
1-PB2,1731,0,480,0,0,480,T
1-PB2,1732,0,2,480,0,482,G
1-PB2,1733,483,0,0,0,483,A
1-PB2,1734,483,0,0,0,483,A
1-PB2,1735,0,0,0,481,481,C
1-PB2,1736,4,0,0,446,450,C
1-PB2,1737,455,0,0,0,455,A
1-PB2,1738,0,461,0,0,461,T
1-PB2,1739,0,461,0,0,461,T
1-PB2,1740,0,457,0,0,457,T
1-PB2,1741,2,0,0,456,458,C
1-PB2,1742,458,0,1,0,459,A
1-PB2,1743,462,0,0,0,462,A
1-PB2,1744,0,461,0,0,461,T
1-PB2,1745,4,0,0,469,473,C
1-PB2,1746,0,461,0,1,462,T
1-PB2,1747,1,459,0,0,460,T
1-PB2,1748,0,464,0,0,464,T
1-PB2,1749,462,0,0,0,462,A
1-PB2,1750,0,0,461,0,461,G
1-PB2,1751,0,461,0,0,461,T
1-PB2,1752,4,0,0,471,475,C
1-PB2,1753,1,0,0,465,466,C
1-PB2,1754,1,0,0,473,474,C
1-PB2,1755,1,0,0,476,477,C
1-PB2,1756,473,0,0,0,473,A
1-PB2,1757,466,0,1,0,467,A
1-PB2,1758,1,1,486,0,488,G
1-PB2,1759,0,0,486,0,486,G
1-PB2,1760,0,0,0,484,484,C
1-PB2,1761,0,0,0,476,476,C
1-PB2,1762,475,0,1,0,476,A
1-PB2,1763,0,492,0,0,492,T
1-PB2,1764,0,493,0,0,493,T
1-PB2,1765,493,0,0,0,493,A
1-PB2,1766,0,0,492,0,492,G
1-PB2,1767,482,0,1,0,483,A
1-PB2,1768,500,0,1,0,501,A
1-PB2,1769,0,0,505,0,505,G
1-PB2,1770,0,0,0,508,508,C
1-PB2,1771,1,0,0,501,502,C
1-PB2,1772,503,0,0,0,503,A
1-PB2,1773,512,0,0,0,512,A
1-PB2,1774,0,514,0,0,514,T
1-PB2,1775,516,0,0,0,516,A
1-PB2,1776,1,0,0,516,517,C
1-PB2,1777,484,1,0,0,485,A
1-PB2,1778,1,0,486,0,487,G
1-PB2,1779,0,474,0,0,474,T
1-PB2,1780,0,2,474,0,476,G
1-PB2,1781,0,0,471,0,471,G
1-PB2,1782,0,1,476,0,477,G
1-PB2,1783,0,464,0,1,465,T
1-PB2,1784,0,462,1,2,465,T
1-PB2,1785,0,467,0,0,467,T
1-PB2,1786,1,1,466,1,469,G
1-PB2,1787,0,466,0,0,466,T
1-PB2,1788,1,0,0,464,465,C
1-PB2,1789,458,0,1,0,459,A
1-PB2,1790,0,3,458,0,461,G
1-PB2,1791,456,1,0,0,457,A
1-PB2,1792,455,2,1,0,458,A
1-PB2,1793,0,0,0,458,458,C
1-PB2,1794,0,446,0,0,446,T
1-PB2,1795,0,0,0,462,462,C
1-PB2,1796,0,463,0,0,463,T
1-PB2,1797,464,1,0,1,466,A
1-PB2,1798,0,464,0,0,464,T
1-PB2,1799,0,467,0,0,467,T
1-PB2,1800,2,0,0,460,462,C
1-PB2,1801,2,1,0,458,461,C
1-PB2,1802,454,0,1,0,455,A
1-PB2,1803,454,0,2,1,457,A
1-PB2,1804,0,0,0,459,459,C
1-PB2,1805,458,0,0,0,458,A
1-PB2,1806,456,0,0,1,457,A
1-PB2,1807,456,0,0,1,457,A
1-PB2,1808,0,459,0,0,459,T
1-PB2,1809,0,1,456,0,457,G
1-PB2,1810,453,1,0,0,454,A
1-PB2,1811,0,1,460,0,461,G
1-PB2,1812,456,0,2,0,458,A
1-PB2,1813,0,0,458,0,458,G
1-PB2,1814,458,0,0,0,458,A
1-PB2,1815,0,0,0,454,454,C
1-PB2,1816,3,0,453,0,456,G
1-PB2,1817,0,458,0,0,458,T
1-PB2,1818,464,0,0,0,464,A
1-PB2,1819,0,0,0,463,463,C
1-PB2,1820,0,456,0,0,456,T
1-PB2,1821,1,455,0,0,456,T
1-PB2,1822,0,0,455,0,455,G
1-PB2,1823,0,0,454,0,454,G
1-PB2,1824,0,2,453,0,455,G
1-PB2,1825,449,0,1,0,450,A
1-PB2,1826,0,1,0,457,458,C
1-PB2,1827,457,0,1,0,458,A
1-PB2,1828,0,457,0,0,457,T
1-PB2,1829,0,457,0,1,458,T
1-PB2,1830,0,456,0,0,456,T
1-PB2,1831,0,6,450,0,456,G
1-PB2,1832,461,0,0,0,461,A
1-PB2,1833,1,0,0,460,461,C
1-PB2,1834,459,0,1,0,460,A
1-PB2,1835,1,0,1,459,461,C
1-PB2,1836,0,0,0,451,451,C
1-PB2,1837,451,0,0,0,451,A
1-PB2,1838,1,0,0,458,459,C
1-PB2,1839,1,0,0,460,461,C
1-PB2,1840,2,1,0,458,461,C
1-PB2,1841,460,0,0,0,460,A
1-PB2,1842,0,0,464,0,464,G
1-PB2,1843,464,0,0,0,464,A
1-PB2,1844,0,488,0,0,488,T
1-PB2,1845,482,0,0,0,482,A
1-PB2,1846,479,1,0,0,480,A
1-PB2,1847,0,479,0,0,479,T
1-PB2,1848,479,0,0,0,479,A
1-PB2,1849,476,0,0,0,476,A
1-PB2,1850,474,0,1,0,475,A
1-PB2,1851,0,1,480,0,481,G
1-PB2,1852,1,0,0,486,487,C
1-PB2,1853,0,466,1,0,467,T
1-PB2,1854,0,465,0,0,465,T
1-PB2,1855,3,5,0,456,464,C
1-PB2,1856,0,463,0,0,463,T
1-PB2,1857,5,0,0,468,473,C
1-PB2,1858,1,0,0,472,473,C
1-PB2,1859,1,0,0,466,467,C
1-PB2,1860,1,2,0,460,463,C
1-PB2,1861,0,474,0,0,474,T
1-PB2,1862,1,477,0,0,478,T
1-PB2,1863,0,477,0,0,477,T
1-PB2,1864,0,0,477,0,477,G
1-PB2,1865,0,1,0,478,479,C
1-PB2,1866,470,0,2,0,472,A
1-PB2,1867,0,0,476,0,476,G
1-PB2,1868,0,0,0,473,473,C
1-PB2,1869,0,463,0,2,465,T
1-PB2,1870,0,0,465,0,465,G
1-PB2,1871,2,0,2,464,468,C
1-PB2,1872,0,465,0,1,466,T
1-PB2,1873,1,0,0,467,468,C
1-PB2,1874,1,0,0,468,469,C
1-PB2,1875,474,0,0,0,474,A
1-PB2,1876,1,0,0,472,473,C
1-PB2,1877,0,0,0,471,471,C
1-PB2,1878,463,0,1,0,464,A
1-PB2,1879,469,0,1,0,470,A
1-PB2,1880,469,0,1,0,470,A
1-PB2,1881,0,1,471,0,472,G
1-PB2,1882,0,0,0,472,472,C
1-PB2,1883,465,0,0,0,465,A
1-PB2,1884,465,0,0,0,465,A
1-PB2,1885,465,0,0,0,465,A
1-PB2,1886,0,1,469,0,470,G
1-PB2,1887,0,0,0,473,473,C
1-PB2,1888,469,0,0,0,469,A
1-PB2,1889,0,4,469,0,473,G
1-PB2,1890,465,0,0,0,465,A
1-PB2,1891,468,0,0,0,468,A
1-PB2,1892,0,467,0,0,467,T
1-PB2,1893,0,1,467,0,468,G
1-PB2,1894,1,0,0,469,470,C
1-PB2,1895,467,0,1,0,468,A
1-PB2,1896,0,0,476,1,477,G
1-PB2,1897,1,470,0,1,472,T
1-PB2,1898,0,486,0,0,486,T
1-PB2,1899,5,13,0,471,489,C
1-PB2,1900,0,479,0,0,479,T
1-PB2,1901,2,0,0,484,486,C
1-PB2,1902,0,486,0,0,486,T
1-PB2,1903,1,481,0,1,483,T
1-PB2,1904,1,0,0,484,485,C
1-PB2,1905,473,0,0,0,473,A
1-PB2,1906,0,0,0,471,471,C
1-PB2,1907,0,459,0,0,459,T
1-PB2,1908,0,1,465,0,466,G
1-PB2,1909,464,0,0,0,464,A
1-PB2,1910,0,0,0,474,474,C
1-PB2,1911,0,467,0,0,467,T
1-PB2,1912,0,0,469,0,469,G
1-PB2,1913,0,466,0,0,466,T
1-PB2,1914,0,2,469,0,471,G
1-PB2,1915,470,1,0,0,471,A
1-PB2,1916,482,0,0,0,482,A
1-PB2,1917,0,476,0,1,477,T
1-PB2,1918,1,0,475,0,476,G
1-PB2,1919,0,463,0,0,463,T
1-PB2,1920,454,0,1,0,455,A
1-PB2,1921,455,0,0,0,455,A
1-PB2,1922,0,1,455,0,456,G
1-PB2,1923,1,0,460,0,461,G
1-PB2,1924,0,0,456,0,456,G
1-PB2,1925,0,0,460,0,460,G
1-PB2,1926,458,0,0,0,458,A
1-PB2,1927,0,454,0,0,454,T
1-PB2,1928,2,0,0,454,456,C
1-PB2,1929,455,0,1,0,456,A
1-PB2,1930,0,2,456,0,458,G
1-PB2,1931,0,0,457,0,457,G
1-PB2,1932,0,1,455,0,456,G
1-PB2,1933,454,0,1,0,455,A
1-PB2,1934,0,445,0,0,445,T
1-PB2,1935,0,3,441,0,444,G
1-PB2,1936,440,0,0,0,440,A
1-PB2,1937,0,2,455,0,457,G
1-PB2,1938,455,1,0,0,456,A
1-PB2,1939,442,0,1,0,443,A
1-PB2,1940,0,452,0,0,452,T
1-PB2,1941,452,0,0,0,452,A
1-PB2,1942,0,0,0,457,457,C
1-PB2,1943,1,453,0,1,455,T
1-PB2,1944,0,454,0,0,454,T
1-PB2,1945,2,0,453,0,455,G
1-PB2,1946,0,440,0,0,440,T
1-PB2,1947,440,0,0,0,440,A
1-PB2,1948,438,0,0,0,438,A
1-PB2,1949,0,0,435,0,435,G
1-PB2,1950,0,0,434,0,434,G
1-PB2,1951,0,1,421,1,423,G
1-PB2,1952,0,0,428,0,428,G
1-PB2,1953,0,0,0,428,428,C
1-PB2,1954,429,0,0,0,429,A
1-PB2,1955,437,0,0,0,437,A
1-PB2,1956,0,438,0,0,438,T
1-PB2,1957,0,435,0,1,436,T
1-PB2,1958,2,0,0,438,440,C
1-PB2,1959,0,432,1,1,434,T
1-PB2,1960,2,0,0,436,438,C
1-PB2,1961,1,0,0,442,443,C
1-PB2,1962,0,437,0,1,438,T
1-PB2,1963,0,0,449,0,449,G
1-PB2,1964,0,443,0,0,443,T
1-PB2,1965,440,0,4,2,446,A
1-PB2,1966,0,446,0,0,446,T
1-PB2,1967,0,440,0,0,440,T
1-PB2,1968,0,0,0,448,448,C
1-PB2,1969,444,0,1,0,445,A
1-PB2,1970,451,0,0,0,451,A
1-PB2,1971,0,0,0,450,450,C
1-PB2,1972,0,444,0,0,444,T
1-PB2,1973,441,1,1,0,443,A
1-PB2,1974,0,0,0,455,455,C
1-PB2,1975,449,0,2,0,451,A
1-PB2,1976,448,0,2,0,450,A
1-PB2,1977,0,1,0,450,451,C
1-PB2,1978,444,0,1,0,445,A
1-PB2,1979,440,0,0,0,440,A
1-PB2,1980,0,0,440,0,440,G
1-PB2,1981,436,0,0,0,436,A
1-PB2,1982,0,1,0,435,436,C
1-PB2,1983,2,0,0,432,434,C
1-PB2,1984,435,0,0,0,435,A
1-PB2,1985,0,0,0,445,445,C
1-PB2,1986,0,443,0,0,443,T
1-PB2,1987,445,0,0,0,445,A
1-PB2,1988,443,0,0,0,443,A
1-PB2,1989,445,0,1,0,446,A
1-PB2,1990,442,0,2,0,444,A
1-PB2,1991,0,1,450,0,451,G
1-PB2,1992,443,0,2,0,445,A
1-PB2,1993,0,0,0,447,447,C
1-PB2,1994,0,432,0,0,432,T
1-PB2,1995,432,0,0,0,432,A
1-PB2,1996,431,0,1,0,432,A
1-PB2,1997,0,0,0,433,433,C
1-PB2,1998,432,0,0,0,432,A
1-PB2,1999,432,0,0,0,432,A
1-PB2,2000,0,424,1,0,425,T
1-PB2,2001,1,424,0,0,425,T
1-PB2,2002,3,0,0,427,430,C
1-PB2,2003,0,425,0,1,426,T
1-PB2,2004,3,0,0,428,431,C
1-PB2,2005,0,1,429,0,430,G
1-PB2,2006,0,1,430,0,431,G
1-PB2,2007,432,0,0,0,432,A
1-PB2,2008,432,0,0,0,432,A
1-PB2,2009,430,0,1,0,431,A
1-PB2,2010,432,0,0,0,432,A
1-PB2,2011,0,0,433,0,433,G
1-PB2,2012,434,0,0,0,434,A
1-PB2,2013,0,431,0,0,431,T
1-PB2,2014,0,0,431,0,431,G
1-PB2,2015,2,0,0,427,429,C
1-PB2,2016,1,0,0,427,428,C
1-PB2,2017,1,1,425,0,427,G
1-PB2,2018,0,0,427,0,427,G
1-PB2,2019,0,1,0,428,429,C
1-PB2,2020,428,0,0,0,428,A
1-PB2,2021,0,0,0,435,435,C
1-PB2,2022,0,431,0,0,431,T
1-PB2,2023,0,428,1,1,430,T
1-PB2,2024,0,431,0,0,431,T
1-PB2,2025,431,0,0,0,431,A
1-PB2,2026,432,0,0,0,432,A
1-PB2,2027,0,433,0,0,433,T
1-PB2,2028,0,432,0,0,432,T
1-PB2,2029,0,0,431,0,431,G
1-PB2,2030,423,0,0,0,423,A
1-PB2,2031,422,1,0,0,423,A
1-PB2,2032,0,0,424,0,424,G
1-PB2,2033,431,0,0,0,431,A
1-PB2,2034,0,0,0,430,430,C
1-PB2,2035,2,0,0,421,423,C
1-PB2,2036,1,0,0,422,423,C
1-PB2,2037,426,0,0,0,426,A
1-PB2,2038,0,0,437,0,437,G
1-PB2,2039,436,0,0,0,436,A
1-PB2,2040,1,435,0,0,436,T
1-PB2,2041,2,0,435,0,437,G
1-PB2,2042,431,0,0,0,431,A
1-PB2,2043,432,0,0,0,432,A
1-PB2,2044,433,0,0,0,433,A
1-PB2,2045,0,0,439,0,439,G
1-PB2,2046,0,0,0,438,438,C
1-PB2,2047,429,0,0,0,429,A
1-PB2,2048,1,1,0,427,429,C
1-PB2,2049,430,0,0,0,430,A
1-PB2,2050,0,432,0,0,432,T
1-PB2,2051,1,0,0,429,430,C
1-PB2,2052,0,0,0,431,431,C
1-PB2,2053,0,0,430,0,430,G
1-PB2,2054,0,0,434,0,434,G
1-PB2,2055,428,0,0,0,428,A
1-PB2,2056,0,0,432,0,432,G
1-PB2,2057,0,426,0,0,426,T
1-PB2,2058,1,0,428,0,429,G
1-PB2,2059,0,0,429,0,429,G
1-PB2,2060,421,0,1,0,422,A
1-PB2,2061,0,0,425,0,425,G
1-PB2,2062,0,414,0,1,415,T
1-PB2,2063,1,0,0,417,418,C
1-PB2,2064,2,1,0,413,416,C
1-PB2,2065,0,0,416,0,416,G
1-PB2,2066,0,0,0,415,415,C
1-PB2,2067,1,0,0,412,413,C
1-PB2,2068,1,0,426,0,427,G
1-PB2,2069,0,425,0,1,426,T
1-PB2,2070,2,0,0,426,428,C
1-PB2,2071,0,428,0,2,430,T
1-PB2,2072,0,429,0,1,430,T
1-PB2,2073,0,3,425,0,428,G
1-PB2,2074,425,0,0,0,425,A
1-PB2,2075,0,0,425,0,425,G
1-PB2,2076,423,0,0,0,423,A
1-PB2,2077,0,1,410,0,411,G
1-PB2,2078,0,0,411,1,412,G
1-PB2,2079,0,0,412,0,412,G
1-PB2,2080,0,404,1,0,405,T
1-PB2,2081,0,406,0,0,406,T
1-PB2,2082,0,410,0,0,410,T
1-PB2,2083,0,0,0,414,414,C
1-PB2,2084,0,412,0,0,412,T
1-PB2,2085,1,0,0,421,422,C
1-PB2,2086,419,0,0,1,420,A
1-PB2,2087,0,416,0,0,416,T
1-PB2,2088,0,413,0,0,413,T
1-PB2,2089,413,0,0,0,413,A
1-PB2,2090,0,415,0,0,415,T
1-PB2,2091,412,0,0,0,412,A
1-PB2,2092,0,0,414,0,414,G
1-PB2,2093,0,0,415,0,415,G
1-PB2,2094,0,397,0,0,397,T
1-PB2,2095,392,0,1,0,393,A
1-PB2,2096,389,0,0,0,389,A
1-PB2,2097,0,0,393,0,393,G
1-PB2,2098,0,1,393,0,394,G
1-PB2,2099,393,0,0,0,393,A
1-PB2,2100,394,0,1,1,396,A
1-PB2,2101,0,3,394,0,397,G
1-PB2,2102,388,0,1,0,389,A
1-PB2,2103,0,1,0,386,387,C
1-PB2,2104,383,0,2,0,385,A
1-PB2,2105,0,1,384,0,385,G
1-PB2,2106,377,0,2,0,379,A
1-PB2,2107,380,0,0,0,380,A
1-PB2,2108,0,0,380,0,380,G
1-PB2,2109,0,0,370,0,370,G
1-PB2,2110,0,384,0,0,384,T
1-PB2,2111,384,0,1,0,385,A
1-PB2,2112,0,1,0,384,385,C
1-PB2,2113,0,0,383,0,383,G
1-PB2,2114,0,4,387,0,391,G
1-PB2,2115,391,1,0,0,392,A
1-PB2,2116,0,0,0,390,390,C
1-PB2,2117,0,0,0,390,390,C
1-PB2,2118,370,0,1,0,371,A
1-PB2,2119,0,1,377,0,378,G
1-PB2,2120,0,0,0,377,377,C
1-PB2,2121,378,1,0,0,379,A
1-PB2,2122,0,374,0,2,376,T
1-PB2,2123,0,354,0,0,354,T
1-PB2,2124,355,0,0,0,355,A
1-PB2,2125,350,1,1,0,352,A
1-PB2,2126,0,0,353,0,353,G
1-PB2,2127,0,0,0,351,351,C
1-PB2,2128,333,1,0,0,334,A
1-PB2,2129,0,337,0,1,338,T
1-PB2,2130,5,0,0,331,336,C
1-PB2,2131,338,0,0,0,338,A
1-PB2,2132,338,0,0,0,338,A
1-PB2,2133,0,336,0,0,336,T
1-PB2,2134,0,2,336,0,338,G
1-PB2,2135,334,0,0,0,334,A
1-PB2,2136,334,0,0,0,334,A
1-PB2,2137,0,0,0,332,332,C
1-PB2,2138,0,315,0,0,315,T
1-PB2,2139,0,1,320,0,321,G
1-PB2,2140,317,0,0,0,317,A
1-PB2,2141,0,0,318,0,318,G
1-PB2,2142,0,317,0,0,317,T
1-PB2,2143,311,0,0,0,311,A
1-PB2,2144,311,1,0,0,312,A
1-PB2,2145,1,0,0,312,313,C
1-PB2,2146,0,0,0,299,299,C
1-PB2,2147,1,294,0,0,295,T
1-PB2,2148,0,281,0,0,281,T
1-PB2,2149,0,0,281,0,281,G
1-PB2,2150,0,0,0,283,283,C
1-PB2,2151,281,0,1,0,282,A
1-PB2,2152,283,0,0,0,283,A
1-PB2,2153,278,0,0,0,278,A
1-PB2,2154,277,0,1,0,278,A
1-PB2,2155,0,0,278,0,278,G
1-PB2,2156,0,0,280,0,280,G
1-PB2,2157,0,0,280,0,280,G
1-PB2,2158,0,0,284,0,284,G
1-PB2,2159,284,0,0,0,284,A
1-PB2,2160,284,0,2,0,286,A
1-PB2,2161,286,0,0,0,286,A
1-PB2,2162,287,0,0,0,287,A
1-PB2,2163,0,1,286,0,287,G
1-PB2,2164,0,0,286,0,286,G
1-PB2,2165,0,0,0,284,284,C
1-PB2,2166,0,276,0,2,278,T
1-PB2,2167,280,0,0,0,280,A
1-PB2,2168,280,0,0,0,280,A
1-PB2,2169,0,281,0,0,281,T
1-PB2,2170,0,0,283,0,283,G
1-PB2,2171,0,273,0,0,273,T
1-PB2,2172,0,0,269,0,269,G
1-PB2,2173,0,0,0,267,267,C
1-PB2,2174,0,266,0,0,266,T
1-PB2,2175,265,0,1,0,266,A
1-PB2,2176,265,0,0,0,265,A
1-PB2,2177,0,262,0,0,262,T
1-PB2,2178,1,0,0,262,263,C
1-PB2,2179,0,0,259,0,259,G
1-PB2,2180,0,0,263,0,263,G
1-PB2,2181,0,0,264,0,264,G
1-PB2,2182,0,0,0,262,262,C
1-PB2,2183,264,0,0,0,264,A
1-PB2,2184,261,0,0,0,261,A
1-PB2,2185,0,1,262,0,263,G
1-PB2,2186,0,0,262,0,262,G
1-PB2,2187,262,0,0,0,262,A
1-PB2,2188,0,2,262,0,264,G
1-PB2,2189,252,1,0,0,253,A
1-PB2,2190,0,0,0,251,251,C
1-PB2,2191,0,0,252,0,252,G
1-PB2,2192,0,250,0,1,251,T
1-PB2,2193,0,0,248,0,248,G
1-PB2,2194,0,1,248,0,249,G
1-PB2,2195,0,244,0,0,244,T
1-PB2,2196,0,0,245,1,246,G
1-PB2,2197,0,239,0,0,239,T
1-PB2,2198,0,237,0,0,237,T
1-PB2,2199,0,1,235,0,236,G
1-PB2,2200,0,0,234,0,234,G
1-PB2,2201,0,234,0,0,234,T
1-PB2,2202,231,0,0,0,231,A
1-PB2,2203,228,0,0,0,228,A
1-PB2,2204,0,220,0,0,220,T
1-PB2,2205,0,0,217,0,217,G
1-PB2,2206,215,0,1,0,216,A
1-PB2,2207,214,1,0,0,215,A
1-PB2,2208,214,0,1,0,215,A
1-PB2,2209,0,0,0,215,215,C
1-PB2,2210,0,3,212,0,215,G
1-PB2,2211,213,0,0,0,213,A
1-PB2,2212,213,0,0,0,213,A
1-PB2,2213,212,0,1,0,213,A
1-PB2,2214,213,0,0,0,213,A
1-PB2,2215,0,0,0,212,212,C
1-PB2,2216,0,0,209,0,209,G
1-PB2,2217,0,0,209,0,209,G
1-PB2,2218,0,0,209,0,209,G
1-PB2,2219,208,0,0,0,208,A
1-PB2,2220,0,1,0,207,208,C
1-PB2,2221,0,202,0,0,202,T
1-PB2,2222,2,0,0,205,207,C
1-PB2,2223,1,206,0,0,207,T
1-PB2,2224,207,0,0,0,207,A
1-PB2,2225,0,0,207,0,207,G
1-PB2,2226,0,1,0,201,202,C
1-PB2,2227,201,0,0,0,201,A
1-PB2,2228,0,198,0,0,198,T
1-PB2,2229,188,0,0,0,188,A
1-PB2,2230,0,0,0,190,190,C
1-PB2,2231,0,168,0,0,168,T
1-PB2,2232,0,168,0,0,168,T
1-PB2,2233,166,0,0,0,166,A
1-PB2,2234,0,0,0,166,166,C
1-PB2,2235,0,163,0,1,164,T
1-PB2,2236,0,0,163,0,163,G
1-PB2,2237,160,0,0,0,160,A
1-PB2,2238,0,0,0,161,161,C
1-PB2,2239,146,0,0,0,146,A
1-PB2,2240,0,0,146,0,146,G
1-PB2,2241,0,0,0,145,145,C
1-PB2,2242,0,0,0,143,143,C
1-PB2,2243,143,0,0,0,143,A
1-PB2,2244,0,0,143,0,143,G
1-PB2,2245,141,0,0,1,142,A
1-PB2,2246,0,0,0,142,142,C
1-PB2,2247,132,0,0,0,132,A
1-PB2,2248,0,0,132,0,132,G
1-PB2,2249,1,0,0,118,119,C
1-PB2,2250,0,2,117,0,119,G
1-PB2,2251,119,0,0,0,119,A
1-PB2,2252,0,0,0,119,119,C
1-PB2,2253,0,0,0,118,118,C
1-PB2,2254,118,0,0,0,118,A
1-PB2,2255,118,0,0,0,118,A
1-PB2,2256,118,0,0,0,118,A
1-PB2,2257,118,0,0,0,118,A
1-PB2,2258,0,0,117,0,117,G
1-PB2,2259,115,0,0,0,115,A
1-PB2,2260,115,0,0,0,115,A
1-PB2,2261,0,113,0,0,113,T
1-PB2,2262,0,114,0,0,114,T
1-PB2,2263,1,0,0,113,114,C
1-PB2,2264,0,0,113,0,113,G
1-PB2,2265,0,0,111,0,111,G
1-PB2,2266,112,0,0,0,112,A
1-PB2,2267,0,108,0,0,108,T
1-PB2,2268,0,0,106,0,106,G
1-PB2,2269,0,0,106,0,106,G
1-PB2,2270,0,0,0,105,105,C
1-PB2,2271,0,0,0,105,105,C
1-PB2,2272,105,0,0,0,105,A
1-PB2,2273,0,105,0,0,105,T
1-PB2,2274,2,0,0,103,105,C
1-PB2,2275,105,0,0,0,105,A
1-PB2,2276,104,0,0,0,104,A
1-PB2,2277,1,102,0,0,103,T
1-PB2,2278,0,97,0,0,97,T
1-PB2,2279,93,0,0,0,93,A
1-PB2,2280,93,0,0,0,93,A
2-PB1,1,265,0,0,0,265,A
2-PB1,2,0,265,0,0,265,T
2-PB1,3,0,0,266,0,266,G
2-PB1,4,0,1,291,0,292,G
2-PB1,5,321,0,0,0,321,A
2-PB1,6,0,363,0,0,363,T
2-PB1,7,1,0,362,0,363,G
2-PB1,8,0,364,0,0,364,T
2-PB1,9,1,1,0,392,394,C
2-PB1,10,396,0,1,0,397,A
2-PB1,11,411,0,0,0,411,A
2-PB1,12,0,414,0,0,414,T
2-PB1,13,1,0,0,423,424,C
2-PB1,14,1,0,0,438,439,C
2-PB1,15,1,6,444,0,451,G
2-PB1,16,502,1,0,0,503,A
2-PB1,17,0,0,0,508,508,C
2-PB1,18,0,506,1,0,507,T
2-PB1,19,1,0,0,567,568,C
2-PB1,20,0,568,0,0,568,T
2-PB1,21,569,1,0,0,570,A
2-PB1,22,1,0,0,570,571,C
2-PB1,23,0,572,0,0,572,T
2-PB1,24,1,0,638,0,639,G
2-PB1,25,0,643,0,0,643,T
2-PB1,26,0,643,0,2,645,T
2-PB1,27,2,0,0,643,645,C
2-PB1,28,3,0,0,640,643,C
2-PB1,29,0,749,0,0,749,T
2-PB1,30,761,0,0,0,761,A
2-PB1,31,764,0,0,0,764,A
2-PB1,32,767,0,0,0,767,A
2-PB1,33,1,2,767,0,770,G
2-PB1,34,0,0,776,0,776,G
2-PB1,35,0,774,1,2,777,T
2-PB1,36,0,777,0,0,777,T
2-PB1,37,2,1,0,775,778,C
2-PB1,38,2,0,1,778,781,C
2-PB1,39,784,0,2,0,786,A
2-PB1,40,0,0,797,0,797,G
2-PB1,41,0,0,0,798,798,C
2-PB1,42,0,0,799,0,799,G
2-PB1,43,1,1,0,800,802,C
2-PB1,44,803,0,1,0,804,A
2-PB1,45,805,0,0,0,805,A
2-PB1,46,807,0,0,0,807,A
2-PB1,47,816,0,0,0,816,A
2-PB1,48,0,819,1,0,820,T
2-PB1,49,0,1,868,0,869,G
2-PB1,50,0,0,0,872,872,C
2-PB1,51,2,0,0,869,871,C
2-PB1,52,874,0,1,0,875,A
2-PB1,53,0,874,0,0,874,T
2-PB1,54,917,0,1,0,918,A
2-PB1,55,920,0,1,1,922,A
2-PB1,56,0,1,967,0,968,G
2-PB1,57,0,0,0,969,969,C
2-PB1,58,965,0,0,0,965,A
2-PB1,59,0,2,0,1010,1012,C
2-PB1,60,1010,0,0,0,1010,A
2-PB1,61,1068,0,1,0,1069,A
2-PB1,62,0,0,0,1071,1071,C
2-PB1,63,1071,0,0,1,1072,A
2-PB1,64,0,1084,0,0,1084,T
2-PB1,65,0,1074,0,2,1076,T
2-PB1,66,2,0,0,1326,1328,C
2-PB1,67,2,0,0,1329,1331,C
2-PB1,68,3,0,0,1334,1337,C
2-PB1,69,0,1348,0,1,1349,T
2-PB1,70,0,1345,0,0,1345,T
2-PB1,71,1464,0,0,0,1464,A
2-PB1,72,1,1469,0,0,1470,T
2-PB1,73,1477,0,1,0,1478,A
2-PB1,74,0,0,0,1490,1490,C
2-PB1,75,0,1449,0,2,1451,T
2-PB1,76,0,0,1461,0,1461,G
2-PB1,77,0,4,1460,0,1464,G
2-PB1,78,1463,0,1,0,1464,A
2-PB1,79,0,14,1458,0,1472,G
2-PB1,80,1464,0,0,0,1464,A
2-PB1,81,0,1468,0,0,1468,T
2-PB1,82,3,0,0,1572,1575,C
2-PB1,83,1,0,0,1575,1576,C
2-PB1,84,0,1593,0,1,1594,T
2-PB1,85,4,1,0,1695,1700,C
2-PB1,86,2,0,0,1701,1703,C
2-PB1,87,1717,0,1,0,1718,A
2-PB1,88,1,1718,0,0,1719,T
2-PB1,89,1718,0,0,0,1718,A
2-PB1,90,2,0,0,1725,1727,C
2-PB1,91,1703,0,0,0,1703,A
2-PB1,92,0,0,1782,0,1782,G
2-PB1,93,0,0,0,1801,1801,C
2-PB1,94,2,1,1,1784,1788,C
2-PB1,95,1793,0,1,0,1794,A
2-PB1,96,1,1792,0,1,1794,T
2-PB1,97,1,1,1791,0,1793,G
2-PB1,98,1,10,1858,0,1869,G
2-PB1,99,1889,0,3,0,1892,A
2-PB1,100,1890,0,3,0,1893,A
2-PB1,101,0,0,0,1901,1901,C
2-PB1,102,1886,0,2,0,1888,A
2-PB1,103,0,1,1935,0,1936,G
2-PB1,104,1,15,1948,0,1964,G
2-PB1,105,1961,0,5,0,1966,A
2-PB1,106,1967,0,2,0,1969,A
2-PB1,107,0,1,0,1973,1974,C
2-PB1,108,1967,1,0,0,1968,A
2-PB1,109,0,3,2193,0,2196,G
2-PB1,110,0,14,2189,1,2204,G
2-PB1,111,1,2,2236,0,2239,G
2-PB1,112,0,2224,0,2,2226,T
2-PB1,113,2220,1,1,1,2223,A
2-PB1,114,0,1,1,2243,2245,C
2-PB1,115,2332,0,0,0,2332,A
2-PB1,116,1,1,0,2404,2406,C
2-PB1,117,3,1,0,2396,2400,C
2-PB1,118,2342,0,2,0,2344,A
2-PB1,119,0,2340,0,1,2341,T
2-PB1,120,0,9,2347,0,2356,G
2-PB1,121,1,15,2350,0,2366,G
2-PB1,122,2369,0,1,0,2370,A
2-PB1,123,2,1,0,2370,2373,C
2-PB1,124,2323,1,3,0,2327,A
2-PB1,125,2,2,0,2359,2363,C
2-PB1,126,2355,0,3,1,2359,A
2-PB1,127,0,1,2416,0,2417,G
2-PB1,128,1,2413,0,1,2415,T
2-PB1,129,12,2,0,2480,2494,C
2-PB1,130,2487,0,1,0,2488,A
2-PB1,131,2504,1,3,0,2508,A
2-PB1,132,1,0,0,2514,2515,C
2-PB1,133,2501,0,2,0,2503,A
2-PB1,134,0,14,2540,0,2554,G
2-PB1,135,2513,0,5,0,2518,A
2-PB1,136,2528,0,2,0,2530,A
2-PB1,137,1,0,0,2528,2529,C
2-PB1,138,2499,1,0,0,2500,A
2-PB1,139,0,2,0,2498,2500,C
2-PB1,140,2482,0,1,0,2483,A
2-PB1,141,1,2454,0,1,2456,T
2-PB1,142,11,1,0,2634,2646,C
2-PB1,143,2652,0,1,0,2653,A
2-PB1,144,2677,1,1,0,2679,A
2-PB1,145,0,2719,0,2,2721,T
2-PB1,146,2782,2,0,0,2784,A
2-PB1,147,0,2792,0,0,2792,T
2-PB1,148,0,2747,0,0,2747,T
2-PB1,149,13,0,1,2737,2751,C
2-PB1,150,2717,0,1,0,2718,A
2-PB1,151,1,7,2713,0,2721,G
2-PB1,152,2706,1,0,0,2707,A
2-PB1,153,0,3,2712,1,2716,G
2-PB1,154,2674,1,0,0,2675,A
2-PB1,155,3,2,2617,0,2622,G
2-PB1,156,1,3,2619,0,2623,G
2-PB1,157,2,11,2700,0,2713,G
2-PB1,158,0,4,2717,0,2721,G
2-PB1,159,4,6,2717,0,2727,G
2-PB1,160,2731,0,1,0,2732,A
2-PB1,161,2730,1,3,1,2735,A
2-PB1,162,0,0,2759,0,2759,G
2-PB1,163,0,2740,0,0,2740,T
2-PB1,164,2,17,2712,0,2731,G
2-PB1,165,0,5,2715,0,2720,G
2-PB1,166,2714,0,5,0,2719,A
2-PB1,167,1,0,0,2734,2735,C
2-PB1,168,0,25,2713,0,2738,G
2-PB1,169,2754,1,3,0,2758,A
2-PB1,170,0,2,1,2776,2779,C
2-PB1,171,2767,0,3,0,2770,A
2-PB1,172,2772,0,0,0,2772,A
2-PB1,173,2791,0,2,0,2793,A
2-PB1,174,0,2830,0,0,2830,T
2-PB1,175,2841,0,1,0,2842,A
2-PB1,176,2,0,0,2840,2842,C
2-PB1,177,2818,1,4,0,2823,A
2-PB1,178,0,12,2830,0,2842,G
2-PB1,179,2817,0,0,0,2817,A
2-PB1,180,2851,0,0,0,2851,A
2-PB1,181,2853,0,0,0,2853,A
2-PB1,182,1,0,0,2852,2853,C
2-PB1,183,0,2817,0,1,2818,T
2-PB1,184,0,2,2813,0,2815,G
2-PB1,185,0,3,2810,0,2813,G
2-PB1,186,0,5,2806,0,2811,G
2-PB1,187,3,1,2801,0,2805,G
2-PB1,188,1,1,0,2808,2810,C
2-PB1,189,2795,0,3,0,2798,A
2-PB1,190,3,2,0,2902,2907,C
2-PB1,191,3,1,1,2894,2899,C
2-PB1,192,4,0,0,2901,2905,C
2-PB1,193,4,3,0,2901,2908,C
2-PB1,194,2926,0,0,0,2926,A
2-PB1,195,2951,0,2,0,2953,A
2-PB1,196,0,1,0,2955,2956,C
2-PB1,197,0,2941,0,2,2943,T
2-PB1,198,15,1,1,2944,2961,C
2-PB1,199,2896,0,1,0,2897,A
2-PB1,200,2941,0,4,0,2945,A
2-PB1,201,1,2,0,2945,2948,C
2-PB1,202,3,1,0,2935,2939,C
2-PB1,203,5,0,0,2943,2948,C
2-PB1,204,2925,1,0,0,2926,A
2-PB1,205,2953,0,0,0,2953,A
2-PB1,206,0,2969,0,0,2969,T
2-PB1,207,0,2953,1,0,2954,T
2-PB1,208,0,13,2946,0,2959,G
2-PB1,209,2914,1,1,0,2916,A
2-PB1,210,0,2921,0,2,2923,T
2-PB1,211,1,2,2913,0,2916,G
2-PB1,212,2,5,2952,0,2959,G
2-PB1,213,2990,1,2,0,2993,A
2-PB1,214,1,0,0,3014,3015,C
2-PB1,215,12,0,0,2979,2991,C
2-PB1,216,2985,0,3,0,2988,A
2-PB1,217,1,1,0,3055,3057,C
2-PB1,218,0,3045,0,3,3048,T
2-PB1,219,3085,1,0,0,3086,A
2-PB1,220,3,1,0,3122,3126,C
2-PB1,221,6,0,1,3096,3103,C
2-PB1,222,0,3051,0,3,3054,T
2-PB1,223,1,6,3071,0,3078,G
2-PB1,224,3067,0,1,0,3068,A
2-PB1,225,1,6,3080,0,3087,G
2-PB1,226,0,15,3057,0,3072,G
2-PB1,227,3079,2,0,0,3081,A
2-PB1,228,0,3065,0,1,3066,T
2-PB1,229,3031,0,1,0,3032,A
2-PB1,230,3032,1,2,1,3036,A
2-PB1,231,0,3028,0,1,3029,T
2-PB1,232,2,20,3004,1,3027,G
2-PB1,233,3023,2,2,0,3027,A
2-PB1,234,3009,0,3,0,3012,A
2-PB1,235,2,0,0,3018,3020,C
2-PB1,236,19,0,0,2949,2968,C
2-PB1,237,2975,1,1,1,2978,A
2-PB1,238,2973,0,1,0,2974,A
2-PB1,239,0,3,2997,1,3001,G
2-PB1,240,0,3001,0,2,3003,T
2-PB1,241,0,8,2991,0,2999,G
2-PB1,242,0,12,3056,0,3068,G
2-PB1,243,3054,0,4,0,3058,A
2-PB1,244,0,3047,0,0,3047,T
2-PB1,245,3040,0,0,1,3041,A
2-PB1,246,1,3103,1,1,3106,T
2-PB1,247,1,2,3118,0,3121,G
2-PB1,248,4,2,0,3116,3122,C
2-PB1,249,3115,2,1,0,3118,A
2-PB1,250,1,3,0,3202,3206,C
2-PB1,251,3154,1,0,0,3155,A
2-PB1,252,3229,1,1,0,3231,A
2-PB1,253,3227,1,2,0,3230,A
2-PB1,254,3,2,0,3230,3235,C
2-PB1,255,3153,0,0,1,3154,A
2-PB1,256,0,14,3184,0,3198,G
2-PB1,257,3163,1,0,0,3164,A
2-PB1,258,1,0,0,3175,3176,C
2-PB1,259,0,3076,0,2,3078,T
2-PB1,260,0,0,3153,0,3153,G
2-PB1,261,0,3105,0,0,3105,T
2-PB1,262,3,2,3228,0,3233,G
2-PB1,263,1,3222,0,5,3228,T
2-PB1,264,17,1,1,3227,3246,C
2-PB1,265,9,1,1,3231,3242,C
2-PB1,266,0,3224,0,0,3224,T
2-PB1,267,0,6,3220,0,3226,G
2-PB1,268,0,5,3212,1,3218,G
2-PB1,269,3186,3,0,0,3189,A
2-PB1,270,0,6,3242,0,3248,G
2-PB1,271,1,1,3163,0,3165,G
2-PB1,272,1,1,0,3171,3173,C
2-PB1,273,1,3150,0,2,3153,T
2-PB1,274,3154,0,2,1,3157,A
2-PB1,275,1,3153,0,3,3157,T
2-PB1,276,2,3,3156,1,3162,G
2-PB1,277,2,1,3161,0,3164,G
2-PB1,278,1,1,0,3153,3155,C
2-PB1,279,6,0,0,3128,3134,C
2-PB1,280,0,3102,0,4,3106,T
2-PB1,281,1,3242,0,1,3244,T
2-PB1,282,6,2,0,3252,3260,C
2-PB1,283,9,0,0,3258,3267,C
2-PB1,284,0,3260,0,2,3262,T
2-PB1,285,0,3248,0,0,3248,T
2-PB1,286,1,8,3260,0,3269,G
2-PB1,287,3269,2,2,0,3273,A
2-PB1,288,3272,1,2,0,3275,A
2-PB1,289,0,19,3259,0,3278,G
2-PB1,290,3158,4,0,0,3162,A
2-PB1,291,3195,0,0,0,3195,A
2-PB1,292,0,3188,0,2,3190,T
2-PB1,293,24,1,1,3160,3186,C
2-PB1,294,1,1,0,3185,3187,C
2-PB1,295,11,0,0,3168,3179,C
2-PB1,296,3178,0,2,1,3181,A
2-PB1,297,3,1,1,3187,3192,C
2-PB1,298,3,1,0,3192,3196,C
2-PB1,299,8,0,0,3194,3202,C
2-PB1,300,3163,0,3,0,3166,A
2-PB1,301,1,4,3187,1,3193,G
2-PB1,302,0,0,3203,0,3203,G
2-PB1,303,1,3202,0,0,3203,T
2-PB1,304,3231,0,0,0,3231,A
2-PB1,305,0,3218,0,2,3220,T
2-PB1,306,5,0,0,3236,3241,C
2-PB1,307,0,3225,0,2,3227,T
2-PB1,308,0,3217,1,5,3223,T
2-PB1,309,0,3214,0,0,3214,T
2-PB1,310,1,13,3189,1,3204,G
2-PB1,311,3169,1,3,1,3174,A
2-PB1,312,0,15,3171,0,3186,G
2-PB1,313,3157,1,0,0,3158,A
2-PB1,314,3167,0,0,0,3167,A
2-PB1,315,5,0,0,3186,3191,C
2-PB1,316,1,3142,2,5,3150,T
2-PB1,317,19,0,0,3141,3160,C
2-PB1,318,3151,1,3,0,3155,A
2-PB1,319,2,3144,0,2,3148,T
2-PB1,320,0,2,3152,0,3154,G
2-PB1,321,3,1,0,3190,3194,C
2-PB1,322,10,0,0,3193,3203,C
2-PB1,323,0,3188,0,2,3190,T
2-PB1,324,0,3166,0,6,3172,T
2-PB1,325,0,16,3172,1,3189,G
2-PB1,326,3204,0,0,1,3205,A
2-PB1,327,3206,0,1,0,3207,A
2-PB1,328,3196,1,6,1,3204,A
2-PB1,329,0,0,0,3239,3239,C
2-PB1,330,3175,0,1,0,3176,A
2-PB1,331,3184,1,0,0,3185,A
2-PB1,332,0,3190,0,1,3191,T
2-PB1,333,0,2,3186,0,3188,G
2-PB1,334,0,8,3180,0,3188,G
2-PB1,335,3156,1,4,0,3161,A
2-PB1,336,3143,0,6,0,3149,A
2-PB1,337,0,2,3152,0,3154,G
2-PB1,338,4,0,0,3139,3143,C
2-PB1,339,5,0,0,3106,3111,C
2-PB1,340,0,2,3161,0,3163,G
2-PB1,341,1,3145,0,2,3148,T
2-PB1,342,1,3158,0,0,3159,T
2-PB1,343,16,1,0,3178,3195,C
2-PB1,344,3185,1,2,0,3188,A
2-PB1,345,3224,0,2,0,3226,A
2-PB1,346,2,2,0,3230,3234,C
2-PB1,347,3216,0,4,1,3221,A
2-PB1,348,1,13,3243,0,3257,G
2-PB1,349,3220,0,3,0,3223,A
2-PB1,350,2,2,0,3218,3222,C
2-PB1,351,3217,0,2,0,3219,A
2-PB1,352,3233,1,5,2,3241,A
2-PB1,353,2,3,3264,1,3270,G
2-PB1,354,0,4,3232,0,3236,G
2-PB1,355,4,2,3234,0,3240,G
2-PB1,356,0,3178,0,1,3179,T
2-PB1,357,1,11,3180,0,3192,G
2-PB1,358,0,11,3185,1,3197,G
2-PB1,359,3183,1,4,0,3188,A
2-PB1,360,3,0,0,3190,3193,C
2-PB1,361,3138,0,3,0,3141,A
2-PB1,362,3192,1,3,0,3196,A
2-PB1,363,3198,0,2,0,3200,A
2-PB1,364,2,0,0,3199,3201,C
2-PB1,365,0,3187,1,0,3188,T
2-PB1,366,3184,1,0,0,3185,A
2-PB1,367,3203,2,3,1,3209,A
2-PB1,368,2,0,1,3212,3215,C
2-PB1,369,9,1,0,3199,3209,C
2-PB1,370,8,0,0,3194,3202,C
2-PB1,371,3108,1,1,0,3110,A
2-PB1,372,3107,0,2,0,3109,A
2-PB1,373,0,6,3101,0,3107,G
2-PB1,374,0,2,3115,0,3117,G
2-PB1,375,0,3106,0,5,3111,T
2-PB1,376,22,0,1,3077,3100,C
2-PB1,377,6,0,3091,0,3097,G
2-PB1,378,2,2,1,3087,3092,C
2-PB1,379,4,0,1,3103,3108,C
2-PB1,380,3097,1,4,0,3102,A
2-PB1,381,0,14,3161,1,3176,G
2-PB1,382,3219,0,2,0,3221,A
2-PB1,383,0,1,1,3232,3234,C
2-PB1,384,0,3215,0,2,3217,T
2-PB1,385,0,3191,2,2,3195,T
2-PB1,386,3197,1,2,0,3200,A
2-PB1,387,2,3206,0,1,3209,T
2-PB1,388,1,18,3191,0,3210,G
2-PB1,389,3204,1,1,0,3206,A
2-PB1,390,0,3148,1,0,3149,T
2-PB1,391,2,3040,0,1,3043,T
2-PB1,392,2,13,3024,0,3039,G
2-PB1,393,2,14,3026,1,3043,G
2-PB1,394,3085,1,3,0,3089,A
2-PB1,395,1,0,1,3089,3091,C
2-PB1,396,3063,0,1,0,3064,A
2-PB1,397,0,3047,0,0,3047,T
2-PB1,398,0,3074,0,0,3074,T
2-PB1,399,3092,1,0,0,3093,A
2-PB1,400,3086,2,3,0,3091,A
2-PB1,401,3092,3,0,0,3095,A
2-PB1,402,2,0,0,3098,3100,C
2-PB1,403,3027,1,3,0,3031,A
2-PB1,404,0,9,3059,0,3068,G
2-PB1,405,3044,1,3,0,3048,A
2-PB1,406,3051,1,2,0,3054,A
2-PB1,407,3058,0,0,0,3058,A
2-PB1,408,0,3029,0,1,3030,T
2-PB1,409,26,1,0,3016,3043,C
2-PB1,410,3030,1,2,1,3034,A
2-PB1,411,3037,1,2,0,3040,A
2-PB1,412,0,0,0,3033,3033,C
2-PB1,413,5,2,0,3001,3008,C
2-PB1,414,2,4,3010,1,3017,G
2-PB1,415,2,0,3011,0,3013,G
2-PB1,416,2,0,0,3019,3021,C
2-PB1,417,3017,1,3,0,3021,A
2-PB1,418,1,2,3028,0,3031,G
2-PB1,419,3,0,2,3048,3053,C
2-PB1,420,3042,1,0,0,3043,A
2-PB1,421,3051,0,3,1,3055,A
2-PB1,422,0,2,0,3062,3064,C
2-PB1,423,1,3047,0,2,3050,T
2-PB1,424,0,4,3158,1,3163,G
2-PB1,425,2,1,0,3155,3158,C
2-PB1,426,3155,8,0,2,3165,A
2-PB1,427,0,3161,0,1,3162,T
2-PB1,428,0,3120,0,0,3120,T
2-PB1,429,3249,6,1,1,3257,A
2-PB1,430,2,1,3266,0,3269,G
2-PB1,431,1,0,0,3256,3257,C
2-PB1,432,9,2,0,3244,3255,C
2-PB1,433,3134,0,3,0,3137,A
2-PB1,434,3157,0,1,0,3158,A
2-PB1,435,0,2,0,3168,3170,C
2-PB1,436,3168,1,0,0,3169,A
2-PB1,437,2,0,0,3274,3276,C
2-PB1,438,11,0,0,3107,3118,C
2-PB1,439,3112,1,2,0,3115,A
2-PB1,440,1,3105,1,0,3107,T
2-PB1,441,3114,0,0,0,3114,A
2-PB1,442,0,10,3105,0,3115,G
2-PB1,443,3092,0,0,0,3092,A
2-PB1,444,3040,1,2,0,3043,A
2-PB1,445,0,0,3085,0,3085,G
2-PB1,446,1,2956,0,1,2958,T
2-PB1,447,0,2955,0,1,2956,T
2-PB1,448,0,2948,1,1,2950,T
2-PB1,449,1,2962,0,0,2963,T
2-PB1,450,0,2968,0,0,2968,T
2-PB1,451,2951,0,1,1,2953,A
2-PB1,452,0,9,2943,0,2952,G
2-PB1,453,2941,0,1,1,2943,A
2-PB1,454,1,2933,0,1,2935,T
2-PB1,455,17,0,0,2874,2891,C
2-PB1,456,0,30,2862,0,2892,G
2-PB1,457,2890,2,0,1,2893,A
2-PB1,458,2891,1,2,0,2894,A
2-PB1,459,0,4,0,2914,2918,C
2-PB1,460,0,3,2915,0,2918,G
2-PB1,461,0,10,3031,0,3041,G
2-PB1,462,3041,0,1,1,3043,A
2-PB1,463,0,3034,0,0,3034,T
2-PB1,464,0,3038,0,2,3040,T
2-PB1,465,3025,0,11,0,3036,A
2-PB1,466,3030,0,1,1,3032,A
2-PB1,467,3,0,0,3044,3047,C
2-PB1,468,3024,0,5,0,3029,A
2-PB1,469,0,0,3061,0,3061,G
2-PB1,470,1,0,1,2956,2958,C
2-PB1,471,0,2950,0,0,2950,T
2-PB1,472,2953,0,3,0,2956,A
2-PB1,473,2959,0,0,0,2959,A
2-PB1,474,0,2956,0,1,2957,T
2-PB1,475,0,20,2975,0,2995,G
2-PB1,476,2976,0,2,0,2978,A
2-PB1,477,2984,2,1,0,2987,A
2-PB1,478,0,2929,0,3,2932,T
2-PB1,479,17,1,0,2938,2956,C
2-PB1,480,2940,0,2,0,2942,A
2-PB1,481,1,3,2933,0,2937,G
2-PB1,482,2,6,2936,0,2944,G
2-PB1,483,2935,0,1,0,2936,A
2-PB1,484,2884,1,2,0,2887,A
2-PB1,485,0,3,3003,0,3006,G
2-PB1,486,1,0,3028,0,3029,G
2-PB1,487,0,1,0,3027,3028,C
2-PB1,488,0,3027,0,3,3030,T
2-PB1,489,3033,1,0,0,3034,A
2-PB1,490,3025,0,2,0,3027,A
2-PB1,491,0,3028,0,0,3028,T
2-PB1,492,3029,2,0,0,3031,A
2-PB1,493,1,12,3025,0,3038,G
2-PB1,494,2866,0,2,0,2868,A
2-PB1,495,0,2832,0,1,2833,T
2-PB1,496,1,2831,0,0,2832,T
2-PB1,497,0,2833,1,1,2835,T
2-PB1,498,15,1,0,2900,2916,C
2-PB1,499,6,1,0,2913,2920,C
2-PB1,500,0,2901,0,6,2907,T
2-PB1,501,8,1,0,2911,2920,C
2-PB1,502,2918,0,1,2,2921,A
2-PB1,503,2917,0,0,0,2917,A
2-PB1,504,3,7,2922,0,2932,G
2-PB1,505,0,7,2945,1,2953,G
2-PB1,506,2948,0,0,0,2948,A
2-PB1,507,0,2853,0,1,2854,T
2-PB1,508,0,1,2872,0,2873,G
2-PB1,509,2,2860,0,1,2863,T
2-PB1,510,3,8,2867,0,2878,G
2-PB1,511,2876,1,2,1,2880,A
2-PB1,512,0,2857,0,3,2860,T
2-PB1,513,1,4,2844,0,2849,G
2-PB1,514,2,15,2820,0,2837,G
2-PB1,515,2830,0,3,0,2833,A
2-PB1,516,2827,0,4,0,2831,A
2-PB1,517,2,2793,1,2,2798,T
2-PB1,518,22,1,0,2784,2807,C
2-PB1,519,2780,0,1,0,2781,A
2-PB1,520,2786,0,0,0,2786,A
2-PB1,521,0,2779,1,1,2781,T
2-PB1,522,3,8,2788,1,2800,G
2-PB1,523,2,6,2814,0,2822,G
2-PB1,524,2812,1,2,0,2815,A
2-PB1,525,1,2802,1,9,2813,T
2-PB1,526,2808,0,0,0,2808,A
2-PB1,527,2804,0,1,1,2806,A
2-PB1,528,2798,0,3,0,2801,A
2-PB1,529,2,3,2829,0,2834,G
2-PB1,530,2798,0,5,0,2803,A
2-PB1,531,1,4,2795,0,2800,G
2-PB1,532,2,12,2776,0,2790,G
2-PB1,533,2772,0,1,0,2773,A
2-PB1,534,2772,0,2,2,2776,A
2-PB1,535,2775,0,1,1,2777,A
2-PB1,536,0,2773,0,0,2773,T
2-PB1,537,1,4,2818,0,2823,G
2-PB1,538,1,14,2800,0,2815,G
2-PB1,539,2789,0,1,0,2790,A
2-PB1,540,0,3,2820,1,2824,G
2-PB1,541,2785,2,0,0,2787,A
2-PB1,542,1,2821,0,0,2822,T
2-PB1,543,2825,0,2,0,2827,A
2-PB1,544,2849,2,3,0,2854,A
2-PB1,545,1,2,0,2866,2869,C
2-PB1,546,2793,0,0,0,2793,A
2-PB1,547,2801,0,2,0,2803,A
2-PB1,548,1,0,0,2801,2802,C
2-PB1,549,2774,1,1,0,2776,A
2-PB1,550,0,0,0,2784,2784,C
2-PB1,551,2725,1,1,0,2727,A
2-PB1,552,1,0,0,2742,2743,C
2-PB1,553,2,2715,0,0,2717,T
2-PB1,554,1,2708,0,0,2709,T
2-PB1,555,0,2714,0,0,2714,T
2-PB1,556,18,0,0,2687,2705,C
2-PB1,557,2714,1,0,1,2716,A
2-PB1,558,2710,0,1,0,2711,A
2-PB1,559,2713,1,1,0,2715,A
2-PB1,560,0,5,2736,1,2742,G
2-PB1,561,2720,0,1,0,2721,A
2-PB1,562,2721,0,1,0,2722,A
2-PB1,563,2715,0,2,0,2717,A
2-PB1,564,2719,0,2,0,2721,A
2-PB1,565,2722,0,4,0,2726,A
2-PB1,566,0,0,2736,0,2736,G
2-PB1,567,0,5,2729,1,2735,G
2-PB1,568,2692,0,4,0,2696,A
2-PB1,569,1,15,2728,0,2744,G
2-PB1,570,2731,2,0,1,2734,A
2-PB1,571,0,0,2833,0,2833,G
2-PB1,572,0,2817,1,1,2819,T
2-PB1,573,2826,0,1,0,2827,A
2-PB1,574,2827,0,4,0,2831,A
2-PB1,575,0,4,2830,0,2834,G
2-PB1,576,1,5,2842,0,2848,G
2-PB1,577,4,14,2825,0,2843,G
2-PB1,578,2800,0,6,0,2806,A
2-PB1,579,1,1,0,2821,2823,C
2-PB1,580,2739,0,4,0,2743,A
2-PB1,581,2747,1,1,0,2749,A
2-PB1,582,3,0,0,2743,2746,C
2-PB1,583,2734,0,3,0,2737,A
2-PB1,584,0,2699,0,0,2699,T
2-PB1,585,0,30,2634,0,2664,G
2-PB1,586,2666,0,4,1,2671,A
2-PB1,587,3,1,0,2656,2660,C
2-PB1,588,11,0,0,2619,2630,C
2-PB1,589,2626,0,0,0,2626,A
2-PB1,590,2629,0,1,1,2631,A
2-PB1,591,1,8,2643,0,2652,G
2-PB1,592,2645,0,2,1,2648,A
2-PB1,593,2648,0,1,0,2649,A
2-PB1,594,2640,0,2,0,2642,A
2-PB1,595,2639,0,0,0,2639,A
2-PB1,596,0,2654,1,0,2655,T
2-PB1,597,2,11,2638,1,2652,G
2-PB1,598,3,2,2661,0,2666,G
2-PB1,599,1,2644,0,3,2648,T
2-PB1,600,40,1,1,2585,2627,C
2-PB1,601,2645,1,2,0,2648,A
2-PB1,602,0,2,0,2753,2755,C
2-PB1,603,2779,1,0,0,2780,A
2-PB1,604,5,0,0,2780,2785,C
2-PB1,605,2767,1,0,0,2768,A
2-PB1,606,2833,0,2,0,2835,A
2-PB1,607,2807,2,5,0,2814,A
2-PB1,608,0,8,2868,0,2876,G
2-PB1,609,160,8,2566,0,2734,G
2-PB1,610,2833,2,3,0,2838,A
2-PB1,611,1,0,0,2883,2884,C
2-PB1,612,2893,0,1,0,2894,A
2-PB1,613,2909,0,4,0,2913,A
2-PB1,614,0,2897,0,5,2902,T
2-PB1,615,2855,0,1,0,2856,A
2-PB1,616,2,6,2852,0,2860,G
2-PB1,617,0,10,2734,0,2744,G
2-PB1,618,0,3,2733,0,2736,G
2-PB1,619,2743,0,1,0,2744,A
2-PB1,620,2691,1,3,0,2695,A
2-PB1,621,0,7,2710,1,2718,G
2-PB1,622,2701,0,1,0,2702,A
2-PB1,623,2700,0,0,0,2700,A
2-PB1,624,2703,0,2,0,2705,A
2-PB1,625,2698,1,0,0,2699,A
2-PB1,626,2739,0,2,0,2741,A
2-PB1,627,2744,0,3,0,2747,A
2-PB1,628,3,0,0,2750,2753,C
2-PB1,629,2746,0,0,0,2746,A
2-PB1,630,2741,0,1,0,2742,A
2-PB1,631,2713,1,3,0,2717,A
2-PB1,632,0,6,2771,0,2777,G
2-PB1,633,2766,0,2,0,2768,A
2-PB1,634,1,1,2861,0,2863,G
2-PB1,635,1,2802,1,0,2804,T
2-PB1,636,0,20,3106,0,3126,G
2-PB1,637,3127,1,7,0,3135,A
2-PB1,638,3139,1,2,0,3142,A
2-PB1,639,1,3168,0,0,3169,T
2-PB1,640,3183,0,0,0,3183,A
2-PB1,641,3165,0,1,1,3167,A
2-PB1,642,0,9,3166,0,3175,G
2-PB1,643,3092,1,3,0,3096,A
2-PB1,644,0,7,3096,0,3103,G
2-PB1,645,2861,1,39,0,2901,A
2-PB1,646,2,10,2907,0,2919,G
2-PB1,647,0,5,2924,0,2929,G
2-PB1,648,5,0,0,2924,2929,C
2-PB1,649,1,2914,1,1,2917,T
2-PB1,650,2990,0,0,0,2990,A
2-PB1,651,3,0,1,3097,3101,C
2-PB1,652,8,0,1,3089,3098,C
2-PB1,653,1,3122,0,1,3124,T
2-PB1,654,3240,0,3,0,3243,A
2-PB1,655,3234,0,0,1,3235,A
2-PB1,656,1,3224,0,3,3228,T
2-PB1,657,3228,0,0,0,3228,A
2-PB1,658,3217,1,5,0,3223,A
2-PB1,659,0,10,3224,0,3234,G
2-PB1,660,3111,0,1,0,3112,A
2-PB1,661,0,2,3140,1,3143,G
2-PB1,662,0,1,0,3139,3140,C
2-PB1,663,0,3070,0,2,3072,T
2-PB1,664,1,3082,0,0,3083,T
2-PB1,665,2,3077,0,0,3079,T
2-PB1,666,2,28,3062,0,3092,G
2-PB1,667,3130,0,5,0,3135,A
2-PB1,668,1,2,0,3147,3150,C
2-PB1,669,3121,0,3,0,3124,A
2-PB1,670,0,3120,0,2,3122,T
2-PB1,671,0,3104,0,2,3106,T
2-PB1,672,0,20,3133,1,3154,G
2-PB1,673,3146,2,2,0,3150,A
2-PB1,674,3156,0,1,0,3157,A
2-PB1,675,0,1,0,3162,3163,C
2-PB1,676,3134,0,2,0,3136,A
2-PB1,677,1,2,0,3126,3129,C
2-PB1,678,1,7,3115,0,3123,G
2-PB1,679,3130,1,2,0,3133,A
2-PB1,680,0,3173,0,2,3175,T
2-PB1,681,0,38,3177,0,3215,G
2-PB1,682,3230,1,5,0,3236,A
2-PB1,683,1,0,0,3246,3247,C
2-PB1,684,9,0,0,3233,3242,C
2-PB1,685,3241,0,1,1,3243,A
2-PB1,686,3275,4,2,0,3281,A
2-PB1,687,3282,0,5,0,3287,A
2-PB1,688,0,8,3363,0,3371,G
2-PB1,689,3390,0,3,0,3393,A
2-PB1,690,0,3323,0,0,3323,T
2-PB1,691,1,2,3319,0,3322,G
2-PB1,692,4,3,0,3313,3320,C
2-PB1,693,3308,0,6,0,3314,A
2-PB1,694,0,4,3330,1,3335,G
2-PB1,695,3293,0,1,0,3294,A
2-PB1,696,2,9,3295,0,3306,G
2-PB1,697,3225,1,2,1,3229,A
2-PB1,698,0,4,3221,0,3225,G
2-PB1,699,3195,0,6,0,3201,A
2-PB1,700,2,7,3199,0,3208,G
2-PB1,701,0,1,3209,0,3210,G
2-PB1,702,3,1,0,3194,3198,C
2-PB1,703,3183,0,1,0,3184,A
2-PB1,704,3192,1,0,0,3193,A
2-PB1,705,3198,1,2,0,3201,A
2-PB1,706,0,3212,0,1,3213,T
2-PB1,707,0,3204,2,1,3207,T
2-PB1,708,3207,0,0,1,3208,A
2-PB1,709,3201,1,0,2,3204,A
2-PB1,710,3210,1,1,0,3212,A
2-PB1,711,3220,1,1,1,3223,A
2-PB1,712,3218,1,4,0,3223,A
2-PB1,713,0,4,3219,0,3223,G
2-PB1,714,3182,3,3,0,3188,A
2-PB1,715,3178,1,0,0,3179,A
2-PB1,716,0,7,3219,0,3226,G
2-PB1,717,0,10,3279,0,3289,G
2-PB1,718,2,4,3289,0,3295,G
2-PB1,719,2,0,0,3311,3313,C
2-PB1,720,0,3304,1,2,3307,T
2-PB1,721,3335,1,0,2,3338,A
2-PB1,722,0,3349,0,4,3353,T
2-PB1,723,0,3360,0,1,3361,T
2-PB1,724,1,6,3371,0,3378,G
2-PB1,725,5,6,0,3313,3324,C
2-PB1,726,3233,0,4,0,3237,A
2-PB1,727,3233,0,3,0,3236,A
2-PB1,728,1,1,1,3236,3239,C
2-PB1,729,3229,0,2,0,3231,A
2-PB1,730,0,0,0,3223,3223,C
2-PB1,731,4,0,1,3155,3160,C
2-PB1,732,2,0,0,3171,3173,C
2-PB1,733,2,7,3139,1,3149,G
2-PB1,734,1,3,3168,1,3173,G
2-PB1,735,0,8,3170,0,3178,G
2-PB1,736,3176,1,0,1,3178,A
2-PB1,737,0,3161,0,4,3165,T
2-PB1,738,3,1,3164,1,3169,G
2-PB1,739,1,1,0,3159,3161,C
2-PB1,740,3180,0,1,1,3182,A
2-PB1,741,3233,0,1,0,3234,A
2-PB1,742,3256,0,3,0,3259,A
2-PB1,743,0,3267,0,0,3267,T
2-PB1,744,0,3265,1,1,3267,T
2-PB1,745,3246,0,1,0,3247,A
2-PB1,746,1,5,3241,0,3247,G
2-PB1,747,3223,0,4,0,3227,A
2-PB1,748,0,10,3224,1,3235,G
2-PB1,749,2,16,3164,0,3182,G
2-PB1,750,1,1,3235,0,3237,G
2-PB1,751,0,3207,0,1,3208,T
2-PB1,752,1,3199,0,1,3201,T
2-PB1,753,12,1,0,3183,3196,C
2-PB1,754,3,1,3240,0,3244,G
2-PB1,755,0,3234,0,5,3239,T
2-PB1,756,2,1,3246,0,3249,G
2-PB1,757,1,3227,0,3,3231,T
2-PB1,758,3212,0,0,0,3212,A
2-PB1,759,0,0,0,3206,3206,C
2-PB1,760,1,3017,0,1,3019,T
2-PB1,761,0,3025,0,1,3026,T
2-PB1,762,7,17,0,2990,3014,C
2-PB1,763,1,0,2975,0,2976,G
2-PB1,764,0,2966,0,0,2966,T
2-PB1,765,0,2957,0,6,2963,T
2-PB1,766,2,18,2941,1,2962,G
2-PB1,767,2961,0,1,0,2962,A
2-PB1,768,2956,0,4,0,2960,A
2-PB1,769,2978,1,3,0,2982,A
2-PB1,770,2,0,0,2987,2989,C
2-PB1,771,0,2956,0,1,2957,T
2-PB1,772,0,2946,0,0,2946,T
2-PB1,773,0,2953,0,0,2953,T
2-PB1,774,2985,0,3,0,2988,A
2-PB1,775,1,0,2992,0,2993,G
2-PB1,776,1,1,0,2996,2998,C
2-PB1,777,1,2990,0,0,2991,T
2-PB1,778,2972,0,2,1,2975,A
2-PB1,779,0,12,2955,0,2967,G
2-PB1,780,2958,0,5,0,2963,A
2-PB1,781,2956,1,4,0,2961,A
2-PB1,782,1,3,2962,0,2966,G
2-PB1,783,1,2,0,2934,2937,C
2-PB1,784,2929,0,1,0,2930,A
2-PB1,785,0,2924,0,0,2924,T
2-PB1,786,1,2919,0,1,2921,T
2-PB1,787,0,2924,0,0,2924,T
2-PB1,788,2,0,2921,0,2923,G
2-PB1,789,5,1,0,2916,2922,C
2-PB1,790,2,11,2905,0,2918,G
2-PB1,791,2917,0,1,0,2918,A
2-PB1,792,2898,1,2,1,2902,A
2-PB1,793,2906,0,2,0,2908,A
2-PB1,794,2963,0,3,0,2966,A
2-PB1,795,0,0,2994,0,2994,G
2-PB1,796,4,0,0,2985,2989,C
2-PB1,797,1,2987,0,5,2993,T
2-PB1,798,1,2989,0,0,2990,T
2-PB1,799,1,26,2966,1,2994,G
2-PB1,800,2993,0,2,0,2995,A
2-PB1,801,2992,1,1,1,2995,A
2-PB1,802,0,1,0,3008,3009,C
2-PB1,803,2890,0,2,0,2892,A
2-PB1,804,1,1,3096,0,3098,G
2-PB1,805,0,3049,0,1,3050,T
2-PB1,806,21,0,0,3036,3057,C
2-PB1,807,0,3056,0,2,3058,T
2-PB1,808,2,7,3053,1,3063,G
2-PB1,809,0,10,3057,0,3067,G
2-PB1,810,3068,0,1,0,3069,A
2-PB1,811,0,0,0,3066,3066,C
2-PB1,812,0,2969,0,3,2972,T
2-PB1,813,1,2810,0,0,2811,T
2-PB1,814,7,0,0,2799,2806,C
2-PB1,815,5,3,0,2801,2809,C
2-PB1,816,2,5,2823,0,2830,G
2-PB1,817,1,0,2835,1,2837,G
2-PB1,818,0,2820,0,2,2822,T
2-PB1,819,1,2818,0,2,2821,T
2-PB1,820,2,4,2797,0,2803,G
2-PB1,821,3,5,2807,0,2815,G
2-PB1,822,1,5,2819,0,2825,G
2-PB1,823,1,12,2811,0,2824,G
2-PB1,824,0,1,2835,0,2836,G
2-PB1,825,0,2817,0,1,2818,T
2-PB1,826,2813,0,0,0,2813,A
2-PB1,827,2826,1,1,0,2828,A
2-PB1,828,0,2831,0,2,2833,T
2-PB1,829,1,19,2821,0,2841,G
2-PB1,830,2802,0,1,0,2803,A
2-PB1,831,2767,0,2,0,2769,A
2-PB1,832,2772,0,2,0,2774,A
2-PB1,833,2766,0,1,0,2767,A
2-PB1,834,0,5,2766,0,2771,G
2-PB1,835,2750,1,5,0,2756,A
2-PB1,836,2733,0,4,0,2737,A
2-PB1,837,0,4,2750,0,2754,G
2-PB1,838,1,1,2742,0,2744,G
2-PB1,839,2,1,0,2735,2738,C
2-PB1,840,7,2,0,2718,2727,C
2-PB1,841,2734,0,1,1,2736,A
2-PB1,842,2735,0,2,0,2737,A
2-PB1,843,2736,1,1,0,2738,A
2-PB1,844,2,0,0,2744,2746,C
2-PB1,845,0,2740,0,0,2740,T
2-PB1,846,3,4,2761,0,2768,G
2-PB1,847,4,0,2764,0,2768,G
2-PB1,848,2,4,1,2761,2768,C
2-PB1,849,2766,0,2,0,2768,A
2-PB1,850,2770,1,0,0,2771,A
2-PB1,851,2768,0,1,0,2769,A
2-PB1,852,1,2767,0,1,2769,T
2-PB1,853,1,0,2773,0,2774,G
2-PB1,854,0,2755,0,2,2757,T
2-PB1,855,1,2660,0,0,2661,T
2-PB1,856,2,0,2665,0,2667,G
2-PB1,857,2,2658,0,2,2662,T
2-PB1,858,0,13,2653,0,2666,G
2-PB1,859,2661,2,1,0,2664,A
2-PB1,860,1,14,2666,0,2681,G
2-PB1,861,2673,0,1,0,2674,A
2-PB1,862,2655,1,0,0,2656,A
2-PB1,863,2652,0,0,0,2652,A
2-PB1,864,2652,0,3,0,2655,A
2-PB1,865,2664,0,3,0,2667,A
2-PB1,866,1,2656,0,3,2660,T
2-PB1,867,0,11,2650,0,2661,G
2-PB1,868,2651,1,4,0,2656,A
2-PB1,869,1,2622,0,2,2625,T
2-PB1,870,2,25,2612,0,2639,G
2-PB1,871,2633,0,4,0,2637,A
2-PB1,872,2,1,0,2655,2658,C
2-PB1,873,1,2640,0,1,2642,T
2-PB1,874,2626,0,0,0,2626,A
2-PB1,875,2633,0,2,1,2636,A
2-PB1,876,0,2637,0,2,2639,T
2-PB1,877,0,2648,0,2,2650,T
2-PB1,878,29,2,0,2639,2670,C
2-PB1,879,2648,0,0,0,2648,A
2-PB1,880,1,0,0,2655,2656,C
2-PB1,881,2618,0,2,1,2621,A
2-PB1,882,2627,0,5,0,2632,A
2-PB1,883,0,14,2611,0,2625,G
2-PB1,884,2647,0,3,0,2650,A
2-PB1,885,4,0,1,2642,2647,C
2-PB1,886,2615,0,5,0,2620,A
2-PB1,887,0,3,0,2610,2613,C
2-PB1,888,2575,0,1,0,2576,A
2-PB1,889,0,3,2587,0,2590,G
2-PB1,890,2569,0,3,0,2572,A
2-PB1,891,0,3,2574,0,2577,G
2-PB1,892,0,0,0,2567,2567,C
2-PB1,893,1,2483,1,2,2487,T
2-PB1,894,0,2508,1,0,2509,T
2-PB1,895,0,2503,1,0,2504,T
2-PB1,896,11,0,2,2501,2514,C
2-PB1,897,1,2508,1,1,2511,T
2-PB1,898,0,2489,1,1,2491,T
2-PB1,899,0,2480,0,2,2482,T
2-PB1,900,14,2,0,2470,2486,C
2-PB1,901,2474,0,1,1,2476,A
2-PB1,902,1,1,0,2488,2490,C
2-PB1,903,2440,0,0,0,2440,A
2-PB1,904,2453,2,1,0,2456,A
2-PB1,905,0,2462,0,1,2463,T
2-PB1,906,13,1,0,2470,2484,C
2-PB1,907,2487,0,2,1,2490,A
2-PB1,908,1,0,0,2495,2496,C
2-PB1,909,0,2465,0,0,2465,T
2-PB1,910,1,5,2468,0,2474,G
2-PB1,911,0,5,2456,0,2461,G
2-PB1,912,0,3,2507,0,2510,G
2-PB1,913,0,12,2489,1,2502,G
2-PB1,914,2445,1,5,1,2452,A
2-PB1,915,1,2,0,2335,2338,C
2-PB1,916,2360,0,1,0,2361,A
2-PB1,917,2480,0,2,1,2483,A
2-PB1,918,1,0,0,2503,2504,C
2-PB1,919,2494,0,1,0,2495,A
2-PB1,920,1,0,0,2491,2492,C
2-PB1,921,0,2361,1,1,2363,T
2-PB1,922,2355,0,6,0,2361,A
2-PB1,923,2358,1,3,0,2362,A
2-PB1,924,0,1,2374,0,2375,G
2-PB1,925,1,2356,0,1,2358,T
2-PB1,926,1,7,2126,0,2134,G
2-PB1,927,1,8,2100,0,2109,G
2-PB1,928,2101,0,0,0,2101,A
2-PB1,929,2097,1,0,0,2098,A
2-PB1,930,0,2090,0,3,2093,T
2-PB1,931,1,17,2066,0,2084,G
2-PB1,932,2076,0,0,0,2076,A
2-PB1,933,2029,0,1,0,2030,A
2-PB1,934,2040,0,2,0,2042,A
2-PB1,935,2051,0,1,1,2053,A
2-PB1,936,0,2038,0,1,2039,T
2-PB1,937,24,1,0,2012,2037,C
2-PB1,938,2034,0,0,0,2034,A
2-PB1,939,2031,0,0,2,2033,A
2-PB1,940,2033,0,0,0,2033,A
2-PB1,941,2035,0,0,0,2035,A
2-PB1,942,2,0,0,2037,2039,C
2-PB1,943,6,0,0,1997,2003,C
2-PB1,944,8,0,0,1982,1990,C
2-PB1,945,0,1976,1,2,1979,T
2-PB1,946,4,0,0,1980,1984,C
2-PB1,947,2,11,1974,0,1987,G
2-PB1,948,1985,0,0,0,1985,A
2-PB1,949,1980,0,1,0,1981,A
2-PB1,950,0,1976,0,0,1976,T
2-PB1,951,0,0,1981,0,1981,G
2-PB1,952,0,1952,1,0,1953,T
2-PB1,953,1,1949,1,0,1951,T
2-PB1,954,0,1950,0,0,1950,T
2-PB1,955,0,1949,0,1,1950,T
2-PB1,956,0,1952,0,1,1953,T
2-PB1,957,1,4,1949,0,1954,G
2-PB1,958,0,0,1951,0,1951,G
2-PB1,959,0,1,0,1946,1947,C
2-PB1,960,1,10,1901,0,1912,G
2-PB1,961,1913,0,0,0,1913,A
2-PB1,962,0,1940,0,1,1941,T
2-PB1,963,1,13,1961,0,1975,G
2-PB1,964,2028,0,0,0,2028,A
2-PB1,965,0,2030,0,1,2031,T
2-PB1,966,0,2023,0,0,2023,T
2-PB1,967,2034,0,1,0,2035,A
2-PB1,968,2,0,0,2037,2039,C
2-PB1,969,2044,2,2,0,2048,A
2-PB1,970,0,2043,0,0,2043,T
2-PB1,971,1903,0,4,0,1907,A
2-PB1,972,1,0,0,1896,1897,C
2-PB1,973,1650,2,0,0,1652,A
2-PB1,974,0,1637,0,0,1637,T
2-PB1,975,6,1,0,1615,1622,C
2-PB1,976,1611,0,2,0,1613,A
2-PB1,977,4,0,0,1600,1604,C
2-PB1,978,1591,0,0,0,1591,A
2-PB1,979,1587,0,2,1,1590,A
2-PB1,980,1585,0,0,0,1585,A
2-PB1,981,1,5,1493,0,1499,G
2-PB1,982,1544,0,0,0,1544,A
2-PB1,983,1541,0,2,0,1543,A
2-PB1,984,0,1543,0,1,1544,T
2-PB1,985,18,0,0,1518,1536,C
2-PB1,986,1531,1,1,0,1533,A
2-PB1,987,1535,0,1,0,1536,A
2-PB1,988,1,0,0,1535,1536,C
2-PB1,989,1,0,0,1540,1541,C
2-PB1,990,0,1405,0,2,1407,T
2-PB1,991,0,7,1408,0,1415,G
2-PB1,992,1401,0,1,0,1402,A
2-PB1,993,1,1,1406,0,1408,G
2-PB1,994,0,1395,0,0,1395,T
2-PB1,995,0,2,1354,0,1356,G
2-PB1,996,0,1,1398,0,1399,G
2-PB1,997,0,1371,0,3,1374,T
2-PB1,998,1,1372,0,0,1373,T
2-PB1,999,10,0,0,1365,1375,C
2-PB1,1000,1333,0,2,0,1335,A
2-PB1,1001,1,6,1353,0,1360,G
2-PB1,1002,1361,0,0,0,1361,A
2-PB1,1003,1360,0,1,0,1361,A
2-PB1,1004,1338,0,2,0,1340,A
2-PB1,1005,0,0,0,1110,1110,C
2-PB1,1006,1091,0,0,0,1091,A
2-PB1,1007,0,1083,0,1,1084,T
2-PB1,1008,1,0,0,1090,1091,C
2-PB1,1009,0,1,0,1090,1091,C
2-PB1,1010,0,1005,0,0,1005,T
2-PB1,1011,1,5,1000,0,1006,G
2-PB1,1012,995,0,1,0,996,A
2-PB1,1013,0,0,1003,0,1003,G
2-PB1,1014,0,2,0,984,986,C
2-PB1,1015,933,0,0,0,933,A
2-PB1,1016,0,933,0,0,933,T
2-PB1,1017,3,0,0,921,924,C
2-PB1,1018,0,1,927,0,928,G
2-PB1,1019,0,0,0,958,958,C
2-PB1,1020,958,0,0,0,958,A
2-PB1,1021,0,0,0,983,983,C
2-PB1,1022,0,0,0,983,983,C
2-PB1,1023,979,0,1,0,980,A
2-PB1,1024,997,0,0,0,997,A
2-PB1,1025,0,996,0,0,996,T
2-PB1,1026,997,0,0,0,997,A
2-PB1,1027,994,0,2,0,996,A
2-PB1,1028,1,957,0,0,958,T
2-PB1,1029,0,0,968,0,968,G
2-PB1,1030,0,939,1,1,941,T
2-PB1,1031,0,932,0,2,934,T
2-PB1,1032,7,0,1,932,940,C
2-PB1,1033,0,930,0,1,931,T
2-PB1,1034,5,0,1,927,933,C
2-PB1,1035,934,0,0,0,934,A
2-PB1,1036,931,0,2,0,933,A
2-PB1,1037,932,0,2,0,934,A
2-PB1,1038,0,0,0,934,934,C
2-PB1,1039,930,0,1,0,931,A
2-PB1,1040,931,0,0,0,931,A
2-PB1,1041,927,0,0,0,927,A
2-PB1,1042,930,0,0,0,930,A
2-PB1,1043,0,928,0,2,930,T
2-PB1,1044,0,1,931,0,932,G
2-PB1,1045,2,1,929,0,932,G
2-PB1,1046,1,1,0,924,926,C
2-PB1,1047,933,0,0,0,933,A
2-PB1,1048,930,0,2,0,932,A
2-PB1,1049,0,5,930,0,935,G
2-PB1,1050,930,2,1,0,933,A
2-PB1,1051,1,928,0,0,929,T
2-PB1,1052,1,954,0,0,955,T
2-PB1,1053,0,2,959,0,961,G
2-PB1,1054,0,2,959,0,961,G
2-PB1,1055,1,2,966,0,969,G
2-PB1,1056,972,0,0,0,972,A
2-PB1,1057,966,1,0,0,967,A
2-PB1,1058,959,0,1,0,960,A
2-PB1,1059,948,1,1,0,950,A
2-PB1,1060,0,2,985,0,987,G
2-PB1,1061,1,4,979,0,984,G
2-PB1,1062,979,0,3,0,982,A
2-PB1,1063,0,975,0,1,976,T
2-PB1,1064,975,1,1,0,977,A
2-PB1,1065,1,1,1,974,977,C
2-PB1,1066,976,1,2,0,979,A
2-PB1,1067,0,979,0,0,979,T
2-PB1,1068,0,0,985,0,985,G
2-PB1,1069,0,962,0,1,963,T
2-PB1,1070,0,960,0,1,961,T
2-PB1,1071,3,3,0,955,961,C
2-PB1,1072,1,2,959,1,963,G
2-PB1,1073,967,0,1,0,968,A
2-PB1,1074,0,4,980,0,984,G
2-PB1,1075,972,0,0,0,972,A
2-PB1,1076,0,0,983,0,983,G
2-PB1,1077,0,976,0,2,978,T
2-PB1,1078,973,0,0,0,973,A
2-PB1,1079,973,0,2,1,976,A
2-PB1,1080,0,3,979,0,982,G
2-PB1,1081,984,0,2,0,986,A
2-PB1,1082,1,4,992,0,997,G
2-PB1,1083,963,1,0,0,964,A
2-PB1,1084,969,0,0,0,969,A
2-PB1,1085,0,962,0,0,962,T
2-PB1,1086,1,4,953,1,959,G
2-PB1,1087,956,0,1,0,957,A
2-PB1,1088,951,0,3,1,955,A
2-PB1,1089,1,0,956,0,957,G
2-PB1,1090,0,0,0,952,952,C
2-PB1,1091,0,933,0,0,933,T
2-PB1,1092,2,0,0,940,942,C
2-PB1,1093,2,0,0,940,942,C
2-PB1,1094,0,3,938,0,941,G
2-PB1,1095,1,6,935,0,942,G
2-PB1,1096,945,0,1,0,946,A
2-PB1,1097,0,2,0,965,967,C
2-PB1,1098,968,0,0,0,968,A
2-PB1,1099,0,0,0,969,969,C
2-PB1,1100,967,0,1,0,968,A
2-PB1,1101,970,0,1,0,971,A
2-PB1,1102,970,0,0,0,970,A
2-PB1,1103,0,976,0,0,976,T
2-PB1,1104,983,0,0,0,983,A
2-PB1,1105,3,0,0,976,979,C
2-PB1,1106,1,0,0,977,978,C
2-PB1,1107,0,958,0,2,960,T
2-PB1,1108,1,1,964,0,966,G
2-PB1,1109,0,0,0,970,970,C
2-PB1,1110,967,0,1,0,968,A
2-PB1,1111,0,3,969,0,972,G
2-PB1,1112,970,0,0,0,970,A
2-PB1,1113,969,0,0,0,969,A
2-PB1,1114,968,0,0,0,968,A
2-PB1,1115,0,966,0,1,967,T
2-PB1,1116,2,0,971,0,973,G
2-PB1,1117,1,0,0,968,969,C
2-PB1,1118,0,966,0,0,966,T
2-PB1,1119,978,0,1,0,979,A
2-PB1,1120,0,1,977,0,978,G
2-PB1,1121,0,0,0,976,976,C
2-PB1,1122,975,0,2,0,977,A
2-PB1,1123,970,0,0,0,970,A
2-PB1,1124,0,0,969,0,969,G
2-PB1,1125,0,0,0,970,970,C
2-PB1,1126,956,1,0,0,957,A
2-PB1,1127,0,982,0,0,982,T
2-PB1,1128,1,980,1,0,982,T
2-PB1,1129,1,6,1015,0,1022,G
2-PB1,1130,1028,0,2,0,1030,A
2-PB1,1131,0,0,0,1025,1025,C
2-PB1,1132,2,1,0,1021,1024,C
2-PB1,1133,0,1001,0,0,1001,T
2-PB1,1134,0,3,1020,0,1023,G
2-PB1,1135,1025,0,1,0,1026,A
2-PB1,1136,1026,0,0,0,1026,A
2-PB1,1137,4,0,1041,0,1045,G
2-PB1,1138,0,1019,0,0,1019,T
2-PB1,1139,1022,0,2,0,1024,A
2-PB1,1140,0,1020,0,0,1020,T
2-PB1,1141,1,1016,1,2,1020,T
2-PB1,1142,0,1019,0,0,1019,T
2-PB1,1143,6,1,0,998,1005,C
2-PB1,1144,1001,0,0,0,1001,A
2-PB1,1145,1000,0,1,1,1002,A
2-PB1,1146,0,985,0,1,986,T
2-PB1,1147,0,7,990,0,997,G
2-PB1,1148,996,1,1,0,998,A
2-PB1,1149,998,0,0,0,998,A
2-PB1,1150,0,992,0,0,992,T
2-PB1,1151,7,0,0,995,1002,C
2-PB1,1152,991,0,15,0,1006,A
2-PB1,1153,1008,0,0,0,1008,A
2-PB1,1154,0,0,0,1004,1004,C
2-PB1,1155,986,0,16,0,1002,A
2-PB1,1156,995,0,2,0,997,A
2-PB1,1157,0,0,995,0,995,G
2-PB1,1158,0,3,994,0,997,G
2-PB1,1159,997,1,0,0,998,A
2-PB1,1160,988,0,2,0,990,A
2-PB1,1161,0,3,991,1,995,G
2-PB1,1162,990,0,1,0,991,A
2-PB1,1163,993,0,0,0,993,A
2-PB1,1164,985,0,1,0,986,A
2-PB1,1165,988,1,2,0,991,A
2-PB1,1166,0,989,0,0,989,T
2-PB1,1167,0,982,0,0,982,T
2-PB1,1168,0,5,982,0,987,G
2-PB1,1169,986,0,0,0,986,A
2-PB1,1170,0,3,986,0,989,G
2-PB1,1171,988,0,0,0,988,A
2-PB1,1172,993,1,0,0,994,A
2-PB1,1173,1006,0,0,1,1007,A
2-PB1,1174,1008,0,0,0,1008,A
2-PB1,1175,0,1008,0,0,1008,T
2-PB1,1176,1004,0,2,0,1006,A
2-PB1,1177,1008,0,2,0,1010,A
2-PB1,1178,0,0,1016,0,1016,G
2-PB1,1179,0,1,1012,0,1013,G
2-PB1,1180,1,0,0,1004,1005,C
2-PB1,1181,0,0,0,1001,1001,C
2-PB1,1182,0,985,0,4,989,T
2-PB1,1183,1,0,0,1119,1120,C
2-PB1,1184,1,1122,0,7,1130,T
2-PB1,1185,0,1135,0,1,1136,T
2-PB1,1186,0,0,0,1157,1157,C
2-PB1,1187,0,1151,0,0,1151,T
2-PB1,1188,1154,0,0,0,1154,A
2-PB1,1189,1158,1,0,0,1159,A
2-PB1,1190,0,1158,0,2,1160,T
2-PB1,1191,1165,1,0,0,1166,A
2-PB1,1192,0,1,1145,0,1146,G
2-PB1,1193,1055,1,0,0,1056,A
2-PB1,1194,0,1050,0,0,1050,T
2-PB1,1195,0,2,1030,0,1032,G
2-PB1,1196,1,0,1041,0,1042,G
2-PB1,1197,0,1,0,1028,1029,C
2-PB1,1198,1038,0,2,0,1040,A
2-PB1,1199,0,1,0,1044,1045,C
2-PB1,1200,1031,1,1,0,1033,A
2-PB1,1201,0,0,1076,0,1076,G
2-PB1,1202,1,0,0,1071,1072,C
2-PB1,1203,1070,1,0,0,1071,A
2-PB1,1204,0,1093,0,0,1093,T
2-PB1,1205,7,0,0,1079,1086,C
2-PB1,1206,1098,0,1,0,1099,A
2-PB1,1207,0,1097,1,0,1098,T
2-PB1,1208,0,1090,0,0,1090,T
2-PB1,1209,0,2,1087,0,1089,G
2-PB1,1210,1046,0,3,0,1049,A
2-PB1,1211,0,1,1066,0,1067,G
2-PB1,1212,1,1,0,1071,1073,C
2-PB1,1213,2,0,0,1055,1057,C
2-PB1,1214,0,1,0,1082,1083,C
2-PB1,1215,1,1073,0,2,1076,T
2-PB1,1216,0,1,1218,0,1219,G
2-PB1,1217,1,1,1243,0,1245,G
2-PB1,1218,1242,1,3,0,1246,A
2-PB1,1219,1286,0,1,0,1287,A
2-PB1,1220,0,1256,1,1,1258,T
2-PB1,1221,1,11,1287,0,1299,G
2-PB1,1222,1332,0,3,0,1335,A
2-PB1,1223,0,1339,1,0,1340,T
2-PB1,1224,1,7,1335,0,1343,G
2-PB1,1225,1329,1,1,1,1332,A
2-PB1,1226,0,1309,0,0,1309,T
2-PB1,1227,0,4,1311,1,1316,G
2-PB1,1228,0,5,1332,0,1337,G
2-PB1,1229,0,1,1342,1,1344,G
2-PB1,1230,1,0,0,1328,1329,C
2-PB1,1231,1337,0,0,0,1337,A
2-PB1,1232,0,1344,0,2,1346,T
2-PB1,1233,3,0,1393,0,1396,G
2-PB1,1234,0,1399,0,1,1400,T
2-PB1,1235,0,1403,3,0,1406,T
2-PB1,1236,11,1,0,1392,1404,C
2-PB1,1237,1395,1,1,0,1397,A
2-PB1,1238,1407,1,3,0,1411,A
2-PB1,1239,0,0,0,1414,1414,C
2-PB1,1240,1428,0,2,0,1430,A
2-PB1,1241,0,1429,0,0,1429,T
2-PB1,1242,1,3,1466,0,1470,G
2-PB1,1243,0,1,0,1471,1472,C
2-PB1,1244,1,1472,0,0,1473,T
2-PB1,1245,1488,0,0,0,1488,A
2-PB1,1246,1487,1,1,0,1489,A
2-PB1,1247,0,0,1535,0,1535,G
2-PB1,1248,0,1530,0,1,1531,T
2-PB1,1249,1530,0,0,0,1530,A
2-PB1,1250,0,5,0,1537,1542,C
2-PB1,1251,0,6,1533,0,1539,G
2-PB1,1252,2,0,1648,0,1650,G
2-PB1,1253,0,1640,0,3,1643,T
2-PB1,1254,0,1634,1,0,1635,T
2-PB1,1255,0,1641,1,1,1643,T
2-PB1,1256,0,1630,1,0,1631,T
2-PB1,1257,1630,0,2,0,1632,A
2-PB1,1258,0,4,1625,0,1629,G
2-PB1,1259,2,5,1624,0,1631,G
2-PB1,1260,1600,1,2,0,1603,A
2-PB1,1261,0,1,1599,0,1600,G
2-PB1,1262,0,1626,0,1,1627,T
2-PB1,1263,7,0,0,1631,1638,C
2-PB1,1264,1,1635,0,0,1636,T
2-PB1,1265,4,0,0,1632,1636,C
2-PB1,1266,1,3,1629,0,1633,G
2-PB1,1267,1693,1,1,0,1695,A
2-PB1,1268,0,1703,0,0,1703,T
2-PB1,1269,1721,0,1,0,1722,A
2-PB1,1270,0,0,0,1722,1722,C
2-PB1,1271,0,1704,0,2,1706,T
2-PB1,1272,5,16,1690,0,1711,G
2-PB1,1273,1705,1,0,0,1706,A
2-PB1,1274,1739,0,2,0,1741,A
2-PB1,1275,1,1741,0,1,1743,T
2-PB1,1276,6,1,0,1697,1704,C
2-PB1,1277,0,1689,0,2,1691,T
2-PB1,1278,0,1679,0,1,1680,T
2-PB1,1279,4,10,1676,0,1690,G
2-PB1,1280,0,7,1688,0,1695,G
2-PB1,1281,1692,0,2,0,1694,A
2-PB1,1282,0,0,0,1699,1699,C
2-PB1,1283,1686,2,0,0,1688,A
2-PB1,1284,1699,0,0,1,1700,A
2-PB1,1285,1700,1,0,1,1702,A
2-PB1,1286,1713,0,0,0,1713,A
2-PB1,1287,0,4,1749,0,1753,G
2-PB1,1288,1751,0,2,0,1753,A
2-PB1,1289,1749,0,0,2,1751,A
2-PB1,1290,1753,0,2,0,1755,A
2-PB1,1291,0,1751,0,0,1751,T
2-PB1,1292,1752,0,3,0,1755,A
2-PB1,1293,1,2,0,1820,1823,C
2-PB1,1294,1803,1,4,0,1808,A
2-PB1,1295,1,0,0,1822,1823,C
2-PB1,1296,2,0,0,1798,1800,C
2-PB1,1297,1791,0,2,0,1793,A
2-PB1,1298,1822,1,2,0,1825,A
2-PB1,1299,0,9,1874,0,1883,G
2-PB1,1300,1901,0,3,0,1904,A
2-PB1,1301,0,2,0,1913,1915,C
2-PB1,1302,1883,0,1,0,1884,A
2-PB1,1303,1943,1,4,0,1948,A
2-PB1,1304,0,1,0,1955,1956,C
2-PB1,1305,1988,1,0,0,1989,A
2-PB1,1306,1,1993,0,0,1994,T
2-PB1,1307,1981,0,1,0,1982,A
2-PB1,1308,1,0,0,2016,2017,C
2-PB1,1309,1,1963,0,1,1965,T
2-PB1,1310,1,6,1993,0,2000,G
2-PB1,1311,2,0,1997,0,1999,G
2-PB1,1312,0,1955,0,5,1960,T
2-PB1,1313,1,6,1945,0,1952,G
2-PB1,1314,1,2,1940,1,1944,G
2-PB1,1315,1,5,1939,0,1945,G
2-PB1,1316,1949,0,0,0,1949,A
2-PB1,1317,0,1918,0,3,1921,T
2-PB1,1318,3,2,1914,0,1919,G
2-PB1,1319,0,0,1910,0,1910,G
2-PB1,1320,0,2,1930,0,1932,G
2-PB1,1321,0,1,0,1964,1965,C
2-PB1,1322,0,1957,0,3,1960,T
2-PB1,1323,4,0,0,1972,1976,C
2-PB1,1324,8,0,0,1959,1967,C
2-PB1,1325,1962,1,0,0,1963,A
2-PB1,1326,1967,0,0,0,1967,A
2-PB1,1327,0,1955,0,3,1958,T
2-PB1,1328,4,0,7,1938,1949,C
2-PB1,1329,5,0,0,1934,1939,C
2-PB1,1330,1,1924,0,1,1926,T
2-PB1,1331,2,0,0,1919,1921,C
2-PB1,1332,2,3,0,1910,1915,C
2-PB1,1333,3,8,1904,0,1915,G
2-PB1,1334,1913,0,0,0,1913,A
2-PB1,1335,0,1,0,1913,1914,C
2-PB1,1336,0,6,1916,0,1922,G
2-PB1,1337,1946,0,0,0,1946,A
2-PB1,1338,1,1941,0,3,1945,T
2-PB1,1339,0,1944,0,0,1944,T
2-PB1,1340,0,1941,0,2,1943,T
2-PB1,1341,0,1938,0,2,1940,T
2-PB1,1342,1,0,1946,1,1948,G
2-PB1,1343,3,2,0,1960,1965,C
2-PB1,1344,4,0,1,1962,1967,C
2-PB1,1345,3,0,0,2020,2023,C
2-PB1,1346,0,1988,0,5,1993,T
2-PB1,1347,3,1,0,2069,2073,C
2-PB1,1348,2084,1,1,0,2086,A
2-PB1,1349,1,2095,0,0,2096,T
2-PB1,1350,2095,0,3,0,2098,A
2-PB1,1351,0,0,2129,0,2129,G
2-PB1,1352,0,2106,0,2,2108,T
2-PB1,1353,1,12,2116,0,2129,G
2-PB1,1354,2067,1,2,0,2070,A
2-PB1,1355,2073,0,1,0,2074,A
2-PB1,1356,2,1995,0,2,1999,T
2-PB1,1357,1,2,2002,1,2006,G
2-PB1,1358,2,0,0,2032,2034,C
2-PB1,1359,2035,0,3,0,2038,A
2-PB1,1360,0,0,0,2031,2031,C
2-PB1,1361,10,1,0,2010,2021,C
2-PB1,1362,2009,0,0,0,2009,A
2-PB1,1363,2011,0,1,0,2012,A
2-PB1,1364,2010,0,1,0,2011,A
2-PB1,1365,0,1966,0,2,1968,T
2-PB1,1366,11,0,0,2014,2025,C
2-PB1,1367,2023,0,2,0,2025,A
2-PB1,1368,0,2025,0,2,2027,T
2-PB1,1369,0,4,2021,0,2025,G
2-PB1,1370,2030,1,3,0,2034,A
2-PB1,1371,0,7,2053,2,2062,G
2-PB1,1372,1,4,2070,0,2075,G
2-PB1,1373,1,5,2087,0,2093,G
2-PB1,1374,2087,0,4,1,2092,A
2-PB1,1375,2124,1,5,0,2130,A
2-PB1,1376,0,2134,0,0,2134,T
2-PB1,1377,2142,0,2,0,2144,A
2-PB1,1378,1,0,0,2149,2150,C
2-PB1,1379,2156,0,1,0,2157,A
2-PB1,1380,2149,0,3,0,2152,A
2-PB1,1381,0,1,2148,0,2149,G
2-PB1,1382,1,0,0,2142,2143,C
2-PB1,1383,2132,0,1,0,2133,A
2-PB1,1384,1,5,2156,0,2162,G
2-PB1,1385,0,7,2161,0,2168,G
2-PB1,1386,2164,0,4,0,2168,A
2-PB1,1387,0,3,2182,0,2185,G
2-PB1,1388,0,2154,0,0,2154,T
2-PB1,1389,2,7,2168,0,2177,G
2-PB1,1390,0,5,2181,0,2186,G
2-PB1,1391,2176,0,4,0,2180,A
2-PB1,1392,0,2182,0,0,2182,T
2-PB1,1393,2155,0,2,0,2157,A
2-PB1,1394,0,7,2168,0,2175,G
2-PB1,1395,2194,0,2,0,2196,A
2-PB1,1396,0,2193,0,2,2195,T
2-PB1,1397,1,2187,0,1,2189,T
2-PB1,1398,9,0,0,2243,2252,C
2-PB1,1399,0,2227,0,4,2231,T
2-PB1,1400,2228,0,0,0,2228,A
2-PB1,1401,0,5,0,2226,2231,C
2-PB1,1402,2199,2,1,0,2202,A
2-PB1,1403,0,4,2199,0,2203,G
2-PB1,1404,1,10,2161,0,2172,G
2-PB1,1405,2193,1,5,0,2199,A
2-PB1,1406,1,0,0,2189,2190,C
2-PB1,1407,5,0,0,2144,2149,C
2-PB1,1408,2,2109,0,2,2113,T
2-PB1,1409,1,2,2114,0,2117,G
2-PB1,1410,1,0,0,2111,2112,C
2-PB1,1411,2118,0,0,0,2118,A
2-PB1,1412,2140,0,2,0,2142,A
2-PB1,1413,0,0,2148,0,2148,G
2-PB1,1414,0,2111,0,2,2113,T
2-PB1,1415,0,2111,0,2,2113,T
2-PB1,1416,2088,0,2,0,2090,A
2-PB1,1417,1,1,2092,0,2094,G
2-PB1,1418,1,2078,0,1,2080,T
2-PB1,1419,1,2,2078,0,2081,G
2-PB1,1420,0,0,2077,0,2077,G
2-PB1,1421,0,12,2090,0,2102,G
2-PB1,1422,2087,0,1,0,2088,A
2-PB1,1423,2089,0,0,0,2089,A
2-PB1,1424,0,2084,0,2,2086,T
2-PB1,1425,10,2,0,2080,2092,C
2-PB1,1426,2090,0,2,0,2092,A
2-PB1,1427,2089,2,3,0,2094,A
2-PB1,1428,0,0,0,2096,2096,C
2-PB1,1429,2094,0,1,0,2095,A
2-PB1,1430,0,2046,0,0,2046,T
2-PB1,1431,0,8,2046,1,2055,G
2-PB1,1432,2056,0,3,0,2059,A
2-PB1,1433,0,0,2076,0,2076,G
2-PB1,1434,5,2,0,2065,2072,C
2-PB1,1435,2060,1,1,0,2062,A
2-PB1,1436,2057,0,3,0,2060,A
2-PB1,1437,2064,0,0,0,2064,A
2-PB1,1438,2083,0,1,0,2084,A
2-PB1,1439,2086,0,0,0,2086,A
2-PB1,1440,1,1,2083,0,2085,G
2-PB1,1441,2062,0,3,0,2065,A
2-PB1,1442,2049,0,5,1,2055,A
2-PB1,1443,0,0,2112,0,2112,G
2-PB1,1444,1,2135,0,0,2136,T
2-PB1,1445,10,0,0,2126,2136,C
2-PB1,1446,7,1,0,2138,2146,C
2-PB1,1447,0,2128,0,1,2129,T
2-PB1,1448,2155,0,1,0,2156,A
2-PB1,1449,0,2154,0,2,2156,T
2-PB1,1450,2159,0,0,0,2159,A
2-PB1,1451,1,2160,1,0,2162,T
2-PB1,1452,2122,0,0,0,2122,A
2-PB1,1453,2120,0,6,0,2126,A
2-PB1,1454,2121,0,1,0,2122,A
2-PB1,1455,1,2116,1,1,2119,T
2-PB1,1456,2095,0,1,0,2096,A
2-PB1,1457,2085,0,0,0,2085,A
2-PB1,1458,2094,0,2,0,2096,A
2-PB1,1459,2087,0,6,0,2093,A
2-PB1,1460,1,3,0,2091,2095,C
2-PB1,1461,1990,2,0,0,1992,A
2-PB1,1462,0,3,1988,0,1991,G
2-PB1,1463,1,4,1983,0,1988,G
2-PB1,1464,1,10,1977,0,1988,G
2-PB1,1465,1993,0,1,0,1994,A
2-PB1,1466,0,0,0,2001,2001,C
2-PB1,1467,1987,1,2,1,1991,A
2-PB1,1468,0,2014,0,0,2014,T
2-PB1,1469,0,2013,0,1,2014,T
2-PB1,1470,0,2012,0,2,2014,T
2-PB1,1471,2,11,2003,1,2017,G
2-PB1,1472,2008,0,2,0,2010,A
2-PB1,1473,2012,0,0,0,2012,A
2-PB1,1474,0,2014,0,3,2017,T
2-PB1,1475,0,1975,0,0,1975,T
2-PB1,1476,13,1,0,1974,1988,C
2-PB1,1477,1971,1,3,0,1975,A
2-PB1,1478,1,1,0,1967,1969,C
2-PB1,1479,2,1967,1,1,1971,T
2-PB1,1480,1969,0,1,0,1970,A
2-PB1,1481,1,1,1974,0,1976,G
2-PB1,1482,2,0,0,1971,1973,C
2-PB1,1483,0,1954,1,2,1957,T
2-PB1,1484,1,1975,0,1,1977,T
2-PB1,1485,0,1968,0,2,1970,T
2-PB1,1486,0,1970,1,1,1972,T
2-PB1,1487,0,1969,0,0,1969,T
2-PB1,1488,0,1969,0,1,1970,T
2-PB1,1489,1,1958,0,0,1959,T
2-PB1,1490,1949,0,2,0,1951,A
2-PB1,1491,0,1946,0,1,1947,T
2-PB1,1492,8,0,0,1941,1949,C
2-PB1,1493,1,4,1958,0,1963,G
2-PB1,1494,2004,0,1,0,2005,A
2-PB1,1495,1,2007,0,0,2008,T
2-PB1,1496,2013,0,0,0,2013,A
2-PB1,1497,0,2035,0,3,2038,T
2-PB1,1498,1,12,2022,0,2035,G
2-PB1,1499,0,4,2042,0,2046,G
2-PB1,1500,2046,2,1,0,2049,A
2-PB1,1501,1,2023,0,3,2027,T
2-PB1,1502,0,2009,0,1,2010,T
2-PB1,1503,0,1958,0,3,1961,T
2-PB1,1504,0,0,1959,0,1959,G
2-PB1,1505,1,1955,0,2,1958,T
2-PB1,1506,1,4,1939,0,1944,G
2-PB1,1507,1,1,1942,0,1944,G
2-PB1,1508,3,0,1,1930,1934,C
2-PB1,1509,0,1927,1,1,1929,T
2-PB1,1510,1934,0,1,0,1935,A
2-PB1,1511,1943,1,0,0,1944,A
2-PB1,1512,1,1968,0,0,1969,T
2-PB1,1513,0,1961,0,1,1962,T
2-PB1,1514,0,1962,0,0,1962,T
2-PB1,1515,0,1960,0,0,1960,T
2-PB1,1516,1958,0,4,0,1962,A
2-PB1,1517,0,2,1984,0,1986,G
2-PB1,1518,1,3,0,1980,1984,C
2-PB1,1519,1977,0,1,0,1978,A
2-PB1,1520,1,1944,0,3,1948,T
2-PB1,1521,3,11,1907,0,1921,G
2-PB1,1522,0,6,1949,0,1955,G
2-PB1,1523,1946,2,1,1,1950,A
2-PB1,1524,1,1,1950,0,1952,G
2-PB1,1525,0,1,0,1944,1945,C
2-PB1,1526,0,1933,0,0,1933,T
2-PB1,1527,1,1,1954,0,1956,G
2-PB1,1528,1,0,0,1943,1944,C
2-PB1,1529,1,0,0,1946,1947,C
2-PB1,1530,5,3,1,1947,1956,C
2-PB1,1531,1902,0,2,0,1904,A
2-PB1,1532,1,0,2011,0,2012,G
2-PB1,1533,0,2002,0,2,2004,T
2-PB1,1534,0,2006,0,2,2008,T
2-PB1,1535,1,2008,0,0,2009,T
2-PB1,1536,1,1982,0,0,1983,T
2-PB1,1537,0,3,1974,0,1977,G
2-PB1,1538,1,4,1975,0,1980,G
2-PB1,1539,1976,0,5,0,1981,A
2-PB1,1540,0,1,1982,0,1983,G
2-PB1,1541,2,1828,0,0,1830,T
2-PB1,1542,2,1,1912,0,1915,G
2-PB1,1543,0,1913,0,2,1915,T
2-PB1,1544,12,1,0,1904,1917,C
2-PB1,1545,1,1914,0,3,1918,T
2-PB1,1546,1,0,1931,0,1932,G
2-PB1,1547,0,9,1947,0,1956,G
2-PB1,1548,1956,0,0,0,1956,A
2-PB1,1549,1956,0,2,0,1958,A
2-PB1,1550,1,1955,0,0,1956,T
2-PB1,1551,1847,0,1,0,1848,A
2-PB1,1552,1842,0,4,0,1846,A
2-PB1,1553,1844,1,3,0,1848,A
2-PB1,1554,0,1,0,1853,1854,C
2-PB1,1555,2,9,1835,0,1846,G
2-PB1,1556,1823,0,0,0,1823,A
2-PB1,1557,0,0,1827,0,1827,G
2-PB1,1558,0,1823,0,1,1824,T
2-PB1,1559,8,0,1,1826,1835,C
2-PB1,1560,1830,0,1,1,1832,A
2-PB1,1561,0,1,1865,0,1866,G
2-PB1,1562,0,0,0,1868,1868,C
2-PB1,1563,0,1867,0,0,1867,T
2-PB1,1564,0,8,1912,1,1921,G
2-PB1,1565,1908,1,1,0,1910,A
2-PB1,1566,0,1914,0,2,1916,T
2-PB1,1567,1917,0,2,0,1919,A
2-PB1,1568,1,1877,0,1,1879,T
2-PB1,1569,0,11,1878,0,1889,G
2-PB1,1570,1811,0,3,0,1814,A
2-PB1,1571,2,0,1845,0,1847,G
2-PB1,1572,1,0,4,1844,1849,C
2-PB1,1573,1763,0,0,0,1763,A
2-PB1,1574,0,1756,0,2,1758,T
2-PB1,1575,0,1756,0,1,1757,T
2-PB1,1576,1,0,1762,1,1764,G
2-PB1,1577,0,7,1826,0,1833,G
2-PB1,1578,1804,1,2,0,1807,A
2-PB1,1579,2,1,1813,0,1816,G
2-PB1,1580,0,1769,0,0,1769,T
2-PB1,1581,1761,0,2,0,1763,A
2-PB1,1582,1761,0,3,0,1764,A
2-PB1,1583,0,0,0,1781,1781,C
2-PB1,1584,1764,0,1,0,1765,A
2-PB1,1585,0,1,1805,0,1806,G
2-PB1,1586,0,1648,0,1,1649,T
2-PB1,1587,1,9,1658,0,1668,G
2-PB1,1588,1688,0,1,0,1689,A
2-PB1,1589,0,1683,0,4,1687,T
2-PB1,1590,1686,0,0,0,1686,A
2-PB1,1591,1688,0,0,0,1688,A
2-PB1,1592,1652,0,1,0,1653,A
2-PB1,1593,0,8,1674,0,1682,G
2-PB1,1594,1625,0,0,0,1625,A
2-PB1,1595,1625,0,1,0,1626,A
2-PB1,1596,1,1,0,1629,1631,C
2-PB1,1597,1587,2,2,0,1591,A
2-PB1,1598,1606,0,1,0,1607,A
2-PB1,1599,2,0,0,1622,1624,C
2-PB1,1600,1643,0,1,0,1644,A
2-PB1,1601,0,1645,0,1,1646,T
2-PB1,1602,1,7,1611,0,1619,G
2-PB1,1603,1629,0,0,0,1629,A
2-PB1,1604,0,1622,0,1,1623,T
2-PB1,1605,1604,0,1,0,1605,A
2-PB1,1606,1613,0,2,0,1615,A
2-PB1,1607,1619,0,4,0,1623,A
2-PB1,1608,0,1,0,1629,1630,C
2-PB1,1609,1586,0,1,0,1587,A
2-PB1,1610,1584,0,0,0,1584,A
2-PB1,1611,0,1562,0,1,1563,T
2-PB1,1612,0,10,1553,0,1563,G
2-PB1,1613,1588,0,3,0,1591,A
2-PB1,1614,0,0,0,1612,1612,C
2-PB1,1615,1,1,0,1589,1591,C
2-PB1,1616,0,1546,1,0,1547,T
2-PB1,1617,0,1497,0,1,1498,T
2-PB1,1618,0,7,1498,0,1505,G
2-PB1,1619,0,13,1500,0,1513,G
2-PB1,1620,1521,0,4,0,1525,A
2-PB1,1621,1,1,0,1519,1521,C
2-PB1,1622,2,0,0,1497,1499,C
2-PB1,1623,1483,1,2,1,1487,A
2-PB1,1624,1,2,1495,0,1498,G
2-PB1,1625,0,1,0,1501,1502,C
2-PB1,1626,1506,0,1,0,1507,A
2-PB1,1627,1507,0,1,0,1508,A
2-PB1,1628,0,0,0,1502,1502,C
2-PB1,1629,1488,0,4,0,1492,A
2-PB1,1630,0,0,1532,0,1532,G
2-PB1,1631,1,2,0,1523,1526,C
2-PB1,1632,4,2,0,1524,1530,C
2-PB1,1633,4,0,0,1516,1520,C
2-PB1,1634,1515,1,2,0,1518,A
2-PB1,1635,1515,0,1,0,1516,A
2-PB1,1636,1518,0,0,0,1518,A
2-PB1,1637,0,1520,0,0,1520,T
2-PB1,1638,1,1,1507,0,1509,G
2-PB1,1639,0,0,1497,0,1497,G
2-PB1,1640,1,0,0,1495,1496,C
2-PB1,1641,0,1487,0,3,1490,T
2-PB1,1642,5,0,0,1521,1526,C
2-PB1,1643,1,1520,0,5,1526,T
2-PB1,1644,3,0,0,1536,1539,C
2-PB1,1645,0,0,0,1543,1543,C
2-PB1,1646,1547,0,0,0,1547,A
2-PB1,1647,1550,0,0,0,1550,A
2-PB1,1648,0,1544,1,1,1546,T
2-PB1,1649,1,1531,0,1,1533,T
2-PB1,1650,2,0,1537,0,1539,G
2-PB1,1651,0,1490,0,3,1493,T
2-PB1,1652,0,1485,0,2,1487,T
2-PB1,1653,14,2,0,1482,1498,C
2-PB1,1654,1489,0,0,0,1489,A
2-PB1,1655,0,1490,0,2,1492,T
2-PB1,1656,1,0,0,1491,1492,C
2-PB1,1657,1496,0,0,0,1496,A
2-PB1,1658,1499,0,0,0,1499,A
2-PB1,1659,1493,1,5,0,1499,A
2-PB1,1660,0,4,1530,0,1534,G
2-PB1,1661,1540,0,0,0,1540,A
2-PB1,1662,0,1536,0,1,1537,T
2-PB1,1663,0,1540,0,0,1540,T
2-PB1,1664,1542,0,4,0,1546,A
2-PB1,1665,1,1,0,1575,1577,C
2-PB1,1666,1570,0,2,0,1572,A
2-PB1,1667,0,3,1594,0,1597,G
2-PB1,1668,1583,0,2,0,1585,A
2-PB1,1669,0,1610,0,0,1610,T
2-PB1,1670,1617,0,2,0,1619,A
2-PB1,1671,2,3,0,1706,1711,C
2-PB1,1672,1738,1,1,0,1740,A
2-PB1,1673,0,2,0,1841,1843,C
2-PB1,1674,1811,1,1,0,1813,A
2-PB1,1675,0,1819,0,1,1820,T
2-PB1,1676,1800,1,0,0,1801,A
2-PB1,1677,0,1802,0,0,1802,T
2-PB1,1678,1766,1,5,0,1772,A
2-PB1,1679,0,7,1767,0,1774,G
2-PB1,1680,2,2,1737,0,1741,G
2-PB1,1681,1,1661,0,1,1663,T
2-PB1,1682,2,1,1638,0,1641,G
2-PB1,1683,1,0,1,1694,1696,C
2-PB1,1684,7,0,1,1680,1688,C
2-PB1,1685,1704,1,1,0,1706,A
2-PB1,1686,0,1706,0,1,1707,T
2-PB1,1687,1717,0,0,0,1717,A
2-PB1,1688,0,3,1714,0,1717,G
2-PB1,1689,1677,1,1,0,1679,A
2-PB1,1690,0,2,1684,0,1686,G
2-PB1,1691,0,12,1673,1,1686,G
2-PB1,1692,1624,0,3,1,1628,A
2-PB1,1693,0,6,1632,0,1638,G
2-PB1,1694,1624,2,6,0,1632,A
2-PB1,1695,1,1,0,1630,1632,C
2-PB1,1696,1622,1,4,0,1627,A
2-PB1,1697,1,0,0,1655,1656,C
2-PB1,1698,1655,0,0,0,1655,A
2-PB1,1699,0,0,0,1654,1654,C
2-PB1,1700,1634,0,1,0,1635,A
2-PB1,1701,1641,0,1,0,1642,A
2-PB1,1702,1651,0,3,2,1656,A
2-PB1,1703,1,1655,0,0,1656,T
2-PB1,1704,8,1,0,1645,1654,C
2-PB1,1705,3,0,0,1644,1647,C
2-PB1,1706,1622,0,2,0,1624,A
2-PB1,1707,0,7,1615,0,1622,G
2-PB1,1708,1622,0,1,0,1623,A
2-PB1,1709,0,0,0,1634,1634,C
2-PB1,1710,1,9,1621,0,1631,G
2-PB1,1711,1626,2,2,0,1630,A
2-PB1,1712,0,5,1622,1,1628,G
2-PB1,1713,1626,0,1,0,1627,A
2-PB1,1714,1627,0,3,1,1631,A
2-PB1,1715,1,2,1636,0,1639,G
2-PB1,1716,1630,0,4,0,1634,A
2-PB1,1717,0,1624,1,2,1627,T
2-PB1,1718,9,0,0,1614,1623,C
2-PB1,1719,1623,0,0,1,1624,A
2-PB1,1720,0,1616,1,1,1618,T
2-PB1,1721,0,1617,0,1,1618,T
2-PB1,1722,3,1,0,1615,1619,C
2-PB1,1723,1,9,1615,0,1625,G
2-PB1,1724,1605,1,1,0,1607,A
2-PB1,1725,0,3,1612,0,1615,G
2-PB1,1726,1599,1,2,1,1603,A
2-PB1,1727,0,1660,0,1,1661,T
2-PB1,1728,1668,0,0,0,1668,A
2-PB1,1729,1672,0,2,0,1674,A
2-PB1,1730,1668,0,5,0,1673,A
2-PB1,1731,2,5,1671,0,1678,G
2-PB1,1732,1680,0,0,0,1680,A
2-PB1,1733,1636,1,1,0,1638,A
2-PB1,1734,1,1,1651,0,1653,G
2-PB1,1735,1,1,0,1653,1655,C
2-PB1,1736,0,1638,0,0,1638,T
2-PB1,1737,4,0,1643,0,1647,G
2-PB1,1738,1,1640,0,1,1642,T
2-PB1,1739,1,3,1629,0,1633,G
2-PB1,1740,0,7,1636,0,1643,G
2-PB1,1741,0,12,1641,2,1655,G
2-PB1,1742,1659,1,2,0,1662,A
2-PB1,1743,0,1648,0,2,1650,T
2-PB1,1744,12,2,0,1632,1646,C
2-PB1,1745,1643,0,2,0,1645,A
2-PB1,1746,1657,0,2,0,1659,A
2-PB1,1747,1667,0,2,0,1669,A
2-PB1,1748,0,0,0,1656,1656,C
2-PB1,1749,5,1,0,1654,1660,C
2-PB1,1750,2,1,0,1640,1643,C
2-PB1,1751,1636,0,0,0,1636,A
2-PB1,1752,1666,0,2,0,1668,A
2-PB1,1753,0,1658,0,1,1659,T
2-PB1,1754,7,1,0,1655,1663,C
2-PB1,1755,1658,0,0,0,1658,A
2-PB1,1756,1645,0,1,0,1646,A
2-PB1,1757,1,4,1655,0,1660,G
2-PB1,1758,0,6,1658,0,1664,G
2-PB1,1759,1,0,1653,0,1654,G
2-PB1,1760,2,1,0,1653,1656,C
2-PB1,1761,1618,0,3,0,1621,A
2-PB1,1762,1,3,1667,0,1671,G
2-PB1,1763,0,5,1676,0,1681,G
2-PB1,1764,1687,1,2,0,1690,A
2-PB1,1765,1,0,0,1704,1705,C
2-PB1,1766,0,1671,0,0,1671,T
2-PB1,1767,1699,0,1,0,1700,A
2-PB1,1768,0,1694,1,0,1695,T
2-PB1,1769,0,1695,0,1,1696,T
2-PB1,1770,2,4,1697,0,1703,G
2-PB1,1771,2,1,1695,1,1699,G
2-PB1,1772,0,1677,0,4,1681,T
2-PB1,1773,1683,0,0,0,1683,A
2-PB1,1774,1,1665,0,2,1668,T
2-PB1,1775,3,2,0,1665,1670,C
2-PB1,1776,1636,1,0,0,1637,A
2-PB1,1777,0,5,1647,0,1652,G
2-PB1,1778,1652,3,0,0,1655,A
2-PB1,1779,0,1635,0,0,1635,T
2-PB1,1780,1,1,1555,0,1557,G
2-PB1,1781,0,2,1551,0,1553,G
2-PB1,1782,1,6,1545,0,1552,G
2-PB1,1783,0,6,1550,1,1557,G
2-PB1,1784,0,6,1562,0,1568,G
2-PB1,1785,1556,0,6,0,1562,A
2-PB1,1786,0,1,0,1559,1560,C
2-PB1,1787,5,0,0,1544,1549,C
2-PB1,1788,1551,0,1,0,1552,A
2-PB1,1789,1669,0,0,0,1669,A
2-PB1,1790,1672,0,3,0,1675,A
2-PB1,1791,0,2,0,1717,1719,C
2-PB1,1792,0,1705,0,0,1705,T
2-PB1,1793,1,1696,0,0,1697,T
2-PB1,1794,1700,0,2,0,1702,A
2-PB1,1795,0,1698,0,1,1699,T
2-PB1,1796,1700,1,1,0,1702,A
2-PB1,1797,0,0,0,1704,1704,C
2-PB1,1798,1568,0,0,0,1568,A
2-PB1,1799,1571,0,0,0,1571,A
2-PB1,1800,0,1543,0,0,1543,T
2-PB1,1801,1564,0,1,1,1566,A
2-PB1,1802,2,1557,0,0,1559,T
2-PB1,1803,3,0,0,1554,1557,C
2-PB1,1804,2,3,1,1551,1557,C
2-PB1,1805,0,2,1553,0,1555,G
2-PB1,1806,0,4,1550,0,1554,G
2-PB1,1807,1558,0,1,0,1559,A
2-PB1,1808,1558,1,0,1,1560,A
2-PB1,1809,0,1561,0,0,1561,T
2-PB1,1810,5,0,1,1556,1562,C
2-PB1,1811,0,1549,0,1,1550,T
2-PB1,1812,0,1557,0,1,1558,T
2-PB1,1813,6,1,0,1553,1560,C
2-PB1,1814,1559,0,1,0,1560,A
2-PB1,1815,0,1,0,1565,1566,C
2-PB1,1816,1559,0,1,0,1560,A
2-PB1,1817,0,1692,0,2,1694,T
2-PB1,1818,1,3,0,1695,1699,C
2-PB1,1819,6,0,0,1684,1690,C
2-PB1,1820,6,2,0,1688,1696,C
2-PB1,1821,1,1689,1,7,1698,T
2-PB1,1822,1,3,1695,1,1700,G
2-PB1,1823,1697,0,2,0,1699,A
2-PB1,1824,1693,0,1,0,1694,A
2-PB1,1825,2,1,1695,0,1698,G
2-PB1,1826,0,1587,0,3,1590,T
2-PB1,1827,9,0,0,1588,1597,C
2-PB1,1828,0,1570,0,0,1570,T
2-PB1,1829,0,0,1597,0,1597,G
2-PB1,1830,0,0,0,1600,1600,C
2-PB1,1831,0,1591,0,4,1595,T
2-PB1,1832,0,1592,1,1,1594,T
2-PB1,1833,1593,1,0,0,1594,A
2-PB1,1834,1590,1,1,0,1592,A
2-PB1,1835,1589,0,0,0,1589,A
2-PB1,1836,1542,0,5,1,1548,A
2-PB1,1837,0,1564,0,0,1564,T
2-PB1,1838,3,2,1560,0,1565,G
2-PB1,1839,2,4,1554,0,1560,G
2-PB1,1840,0,8,1555,0,1563,G
2-PB1,1841,1558,0,2,0,1560,A
2-PB1,1842,0,1,1563,0,1564,G
2-PB1,1843,1,0,0,1562,1563,C
2-PB1,1844,0,1549,0,3,1552,T
2-PB1,1845,0,3,1552,0,1555,G
2-PB1,1846,1548,1,1,0,1550,A
2-PB1,1847,1,1552,0,0,1553,T
2-PB1,1848,1,5,1554,0,1560,G
2-PB1,1849,0,3,1558,0,1561,G
2-PB1,1850,1555,2,3,0,1560,A
2-PB1,1851,0,1554,0,1,1555,T
2-PB1,1852,1,6,1550,0,1557,G
2-PB1,1853,1552,2,0,0,1554,A
2-PB1,1854,1,10,1566,0,1577,G
2-PB1,1855,1570,0,3,0,1573,A
2-PB1,1856,1573,0,2,0,1575,A
2-PB1,1857,0,1564,0,0,1564,T
2-PB1,1858,0,1557,0,0,1557,T
2-PB1,1859,1565,0,1,0,1566,A
2-PB1,1860,1,1566,0,0,1567,T
2-PB1,1861,5,2,0,1562,1569,C
2-PB1,1862,2,5,1567,0,1574,G
2-PB1,1863,3,3,1559,1,1566,G
2-PB1,1864,1,4,1549,0,1554,G
2-PB1,1865,0,5,1546,1,1552,G
2-PB1,1866,1555,0,0,0,1555,A
2-PB1,1867,1555,0,3,0,1558,A
2-PB1,1868,0,7,1559,0,1566,G
2-PB1,1869,1574,1,2,0,1577,A
2-PB1,1870,0,0,0,1591,1591,C
2-PB1,1871,0,1563,0,1,1564,T
2-PB1,1872,0,1584,0,5,1589,T
2-PB1,1873,1,1588,0,0,1589,T
2-PB1,1874,0,1,1615,0,1616,G
2-PB1,1875,0,1614,0,0,1614,T
2-PB1,1876,1604,0,0,0,1604,A
2-PB1,1877,1600,1,1,0,1602,A
2-PB1,1878,0,1575,0,2,1577,T
2-PB1,1879,9,1,0,1570,1580,C
2-PB1,1880,6,0,1,1558,1565,C
2-PB1,1881,4,0,0,1562,1566,C
2-PB1,1882,1,1,0,1578,1580,C
2-PB1,1883,0,1565,0,1,1566,T
2-PB1,1884,0,7,1561,0,1568,G
2-PB1,1885,1565,0,0,1,1566,A
2-PB1,1886,1572,0,1,0,1573,A
2-PB1,1887,1,1570,0,4,1575,T
2-PB1,1888,6,0,1,1549,1556,C
2-PB1,1889,4,0,0,1539,1543,C
2-PB1,1890,4,1,0,1530,1535,C
2-PB1,1891,0,1536,0,1,1537,T
2-PB1,1892,0,1538,0,1,1539,T
2-PB1,1893,0,1532,0,1,1533,T
2-PB1,1894,5,1,1527,0,1533,G
2-PB1,1895,0,1524,2,3,1529,T
2-PB1,1896,19,0,0,1507,1526,C
2-PB1,1897,1504,1,3,2,1510,A
2-PB1,1898,0,3,1532,0,1535,G
2-PB1,1899,0,0,0,1534,1534,C
2-PB1,1900,4,1,0,1526,1531,C
2-PB1,1901,1525,2,3,0,1530,A
2-PB1,1902,0,1532,0,1,1533,T
2-PB1,1903,1531,0,0,1,1532,A
2-PB1,1904,1539,0,0,0,1539,A
2-PB1,1905,1539,0,3,0,1542,A
2-PB1,1906,0,3,1557,0,1560,G
2-PB1,1907,1525,1,1,1,1528,A
2-PB1,1908,1530,0,1,0,1531,A
2-PB1,1909,1524,2,2,2,1530,A
2-PB1,1910,0,1527,1,0,1528,T
2-PB1,1911,0,1528,0,1,1529,T
2-PB1,1912,1,10,1516,0,1527,G
2-PB1,1913,1516,0,2,0,1518,A
2-PB1,1914,0,0,1538,0,1538,G
2-PB1,1915,0,1522,0,4,1526,T
2-PB1,1916,5,0,0,1537,1542,C
2-PB1,1917,1,1531,0,5,1537,T
2-PB1,1918,0,1,1562,0,1563,G
2-PB1,1919,0,1558,0,3,1561,T
2-PB1,1920,1586,0,0,0,1586,A
2-PB1,1921,1583,1,0,0,1584,A
2-PB1,1922,1583,0,3,0,1586,A
2-PB1,1923,3,1,0,1595,1599,C
2-PB1,1924,1555,0,0,0,1555,A
2-PB1,1925,1584,0,2,0,1586,A
2-PB1,1926,0,1584,0,0,1584,T
2-PB1,1927,2,1,1573,0,1576,G
2-PB1,1928,0,0,0,1591,1591,C
2-PB1,1929,1,1559,0,0,1560,T
2-PB1,1930,0,1,1616,1,1618,G
2-PB1,1931,0,1622,0,1,1623,T
2-PB1,1932,1642,0,1,0,1643,A
2-PB1,1933,2,0,1641,0,1643,G
2-PB1,1934,0,1593,0,1,1594,T
2-PB1,1935,1592,0,0,0,1592,A
2-PB1,1936,1574,0,1,0,1575,A
2-PB1,1937,0,1564,0,0,1564,T
2-PB1,1938,2,2,1553,0,1557,G
2-PB1,1939,1,1,1,1538,1541,C
2-PB1,1940,6,0,0,1517,1523,C
2-PB1,1941,1493,2,4,1,1500,A
2-PB1,1942,1,2,1519,0,1522,G
2-PB1,1943,1,0,1,1548,1550,C
2-PB1,1944,2,0,0,1557,1559,C
2-PB1,1945,3,2,1,1551,1557,C
2-PB1,1946,1545,1,1,0,1547,A
2-PB1,1947,1,1541,0,3,1545,T
2-PB1,1948,0,7,1541,0,1548,G
2-PB1,1949,1,2,1559,0,1562,G
2-PB1,1950,0,1548,0,2,1550,T
2-PB1,1951,9,0,0,1516,1525,C
2-PB1,1952,2,0,0,1496,1498,C
2-PB1,1953,1,1494,0,2,1497,T
2-PB1,1954,0,0,1520,0,1520,G
2-PB1,1955,1,0,0,1517,1518,C
2-PB1,1956,5,0,0,1511,1516,C
2-PB1,1957,1515,1,0,0,1516,A
2-PB1,1958,1496,0,0,0,1496,A
2-PB1,1959,1502,0,0,0,1502,A
2-PB1,1960,1501,0,0,0,1501,A
2-PB1,1961,0,0,1530,0,1530,G
2-PB1,1962,0,1505,0,0,1505,T
2-PB1,1963,1499,0,0,0,1499,A
2-PB1,1964,0,1498,0,0,1498,T
2-PB1,1965,3,2,1498,0,1503,G
2-PB1,1966,1,7,1519,0,1527,G
2-PB1,1967,1516,0,0,0,1516,A
2-PB1,1968,1545,0,2,0,1547,A
2-PB1,1969,0,1541,0,0,1541,T
2-PB1,1970,1525,1,0,0,1526,A
2-PB1,1971,0,1520,0,1,1521,T
2-PB1,1972,1,4,1504,0,1509,G
2-PB1,1973,1509,0,1,0,1510,A
2-PB1,1974,0,1505,0,0,1505,T
2-PB1,1975,1,0,1464,0,1465,G
2-PB1,1976,1,1,0,1463,1465,C
2-PB1,1977,4,0,0,1444,1448,C
2-PB1,1978,3,1,1447,0,1451,G
2-PB1,1979,0,1441,0,3,1444,T
2-PB1,1980,0,1443,0,2,1445,T
2-PB1,1981,1,0,1446,0,1447,G
2-PB1,1982,1,1,0,1480,1482,C
2-PB1,1983,1479,0,0,0,1479,A
2-PB1,1984,1500,0,4,0,1504,A
2-PB1,1985,2,0,0,1512,1514,C
2-PB1,1986,0,1494,0,1,1495,T
2-PB1,1987,1509,0,0,0,1509,A
2-PB1,1988,2,0,0,1506,1508,C
2-PB1,1989,1502,0,0,0,1502,A
2-PB1,1990,3,0,0,1500,1503,C
2-PB1,1991,1453,0,0,0,1453,A
2-PB1,1992,0,0,0,1543,1543,C
2-PB1,1993,0,1512,0,2,1514,T
2-PB1,1994,2,2,0,1513,1517,C
2-PB1,1995,1,0,0,1512,1513,C
2-PB1,1996,1,1497,1,1,1500,T
2-PB1,1997,0,5,1493,0,1498,G
2-PB1,1998,0,1,1496,0,1497,G
2-PB1,1999,1501,0,0,0,1501,A
2-PB1,2000,0,1491,0,3,1494,T
2-PB1,2001,0,1399,0,1,1400,T
2-PB1,2002,6,1,0,1418,1425,C
2-PB1,2003,2,0,0,1412,1414,C
2-PB1,2004,4,0,0,1418,1422,C
2-PB1,2005,1422,1,0,0,1423,A
2-PB1,2006,1412,1,4,0,1417,A
2-PB1,2007,0,2,1420,0,1422,G
2-PB1,2008,1413,0,1,0,1414,A
2-PB1,2009,0,2,1414,0,1416,G
2-PB1,2010,0,9,1406,0,1415,G
2-PB1,2011,1382,0,0,0,1382,A
2-PB1,2012,1381,0,4,0,1385,A
2-PB1,2013,1,0,0,1386,1387,C
2-PB1,2014,2,0,0,1375,1377,C
2-PB1,2015,1,1,1392,1,1395,G
2-PB1,2016,1,0,0,1388,1389,C
2-PB1,2017,0,1384,0,0,1384,T
2-PB1,2018,7,0,0,1383,1390,C
2-PB1,2019,0,1379,0,2,1381,T
2-PB1,2020,1469,0,0,0,1469,A
2-PB1,2021,1,1466,0,1,1468,T
2-PB1,2022,0,1468,0,0,1468,T
2-PB1,2023,8,0,0,1467,1475,C
2-PB1,2024,0,1426,0,0,1426,T
2-PB1,2025,1426,0,1,0,1427,A
2-PB1,2026,1426,0,0,0,1426,A
2-PB1,2027,1418,0,3,0,1421,A
2-PB1,2028,1,0,0,1428,1429,C
2-PB1,2029,1343,0,1,0,1344,A
2-PB1,2030,0,4,0,1342,1346,C
2-PB1,2031,1323,1,0,0,1324,A
2-PB1,2032,1333,1,4,0,1338,A
2-PB1,2033,0,0,1346,0,1346,G
2-PB1,2034,0,1,1,1342,1344,C
2-PB1,2035,3,1,0,1342,1346,C
2-PB1,2036,1335,0,0,0,1335,A
2-PB1,2037,1333,0,1,0,1334,A
2-PB1,2038,1329,0,2,0,1331,A
2-PB1,2039,5,1,1340,1,1347,G
2-PB1,2040,0,1,1345,0,1346,G
2-PB1,2041,0,4,1316,0,1320,G
2-PB1,2042,1,8,1308,0,1317,G
2-PB1,2043,1305,1,0,0,1306,A
2-PB1,2044,1309,0,1,1,1311,A
2-PB1,2045,0,1310,0,0,1310,T
2-PB1,2046,0,1312,0,2,1314,T
2-PB1,2047,6,0,0,1314,1320,C
2-PB1,2048,2,1301,0,1,1304,T
2-PB1,2049,0,1300,0,0,1300,T
2-PB1,2050,0,3,1296,0,1299,G
2-PB1,2051,1303,1,1,0,1305,A
2-PB1,2052,0,2,1307,0,1309,G
2-PB1,2053,0,6,1295,0,1301,G
2-PB1,2054,1295,1,0,0,1296,A
2-PB1,2055,0,1290,0,0,1290,T
2-PB1,2056,2,13,1282,0,1297,G
2-PB1,2057,1288,0,0,0,1288,A
2-PB1,2058,1289,0,2,0,1291,A
2-PB1,2059,0,0,0,1300,1300,C
2-PB1,2060,1285,0,0,1,1286,A
2-PB1,2061,1,2,1301,0,1304,G
2-PB1,2062,1288,0,2,0,1290,A
2-PB1,2063,0,1291,0,0,1291,T
2-PB1,2064,0,0,1296,0,1296,G
2-PB1,2065,0,1314,0,2,1316,T
2-PB1,2066,1311,0,3,0,1314,A
2-PB1,2067,0,2,0,1315,1317,C
2-PB1,2068,4,2,0,1302,1308,C
2-PB1,2069,1293,0,0,0,1293,A
2-PB1,2070,0,3,1277,0,1280,G
2-PB1,2071,1261,0,2,0,1263,A
2-PB1,2072,1258,0,1,0,1259,A
2-PB1,2073,0,0,1267,0,1267,G
2-PB1,2074,0,1202,0,2,1204,T
2-PB1,2075,0,0,1206,0,1206,G
2-PB1,2076,0,0,0,1206,1206,C
2-PB1,2077,0,1200,0,1,1201,T
2-PB1,2078,0,0,1204,0,1204,G
2-PB1,2079,0,0,0,1203,1203,C
2-PB1,2080,1202,0,1,0,1203,A
2-PB1,2081,1203,1,0,0,1204,A
2-PB1,2082,1,0,0,1190,1191,C
2-PB1,2083,0,1182,0,2,1184,T
2-PB1,2084,0,1168,0,0,1168,T
2-PB1,2085,0,0,1168,0,1168,G
2-PB1,2086,0,1162,0,1,1163,T
2-PB1,2087,0,1164,0,0,1164,T
2-PB1,2088,12,0,0,1147,1159,C
2-PB1,2089,1,4,1152,0,1157,G
2-PB1,2090,1155,0,1,0,1156,A
2-PB1,2091,0,4,1153,0,1157,G
2-PB1,2092,1158,0,0,0,1158,A
2-PB1,2093,1156,0,0,0,1156,A
2-PB1,2094,1160,0,0,0,1160,A
2-PB1,2095,1,1156,1,0,1158,T
2-PB1,2096,0,1163,0,0,1163,T
2-PB1,2097,0,1161,0,0,1161,T
2-PB1,2098,0,1161,1,0,1162,T
2-PB1,2099,1,1157,0,1,1159,T
2-PB1,2100,8,1,0,1154,1163,C
2-PB1,2101,4,0,0,1165,1169,C
2-PB1,2102,5,1,0,1168,1174,C
2-PB1,2103,0,1175,0,0,1175,T
2-PB1,2104,1172,1,0,0,1173,A
2-PB1,2105,0,1,1181,0,1182,G
2-PB1,2106,0,1182,0,0,1182,T
2-PB1,2107,1186,0,3,0,1189,A
2-PB1,2108,0,0,1196,0,1196,G
2-PB1,2109,0,1173,0,1,1174,T
2-PB1,2110,0,1218,0,2,1220,T
2-PB1,2111,14,0,0,1216,1230,C
2-PB1,2112,1251,2,1,0,1254,A
2-PB1,2113,1,1253,0,0,1254,T
2-PB1,2114,1244,1,0,0,1245,A
2-PB1,2115,0,1249,0,0,1249,T
2-PB1,2116,1209,0,0,0,1209,A
2-PB1,2117,0,2,1202,0,1204,G
2-PB1,2118,0,5,1197,0,1202,G
2-PB1,2119,1085,0,2,0,1087,A
2-PB1,2120,0,1,1086,0,1087,G
2-PB1,2121,1023,0,3,1,1027,A
2-PB1,2122,0,0,0,1026,1026,C
2-PB1,2123,3,0,0,989,992,C
2-PB1,2124,1,5,986,0,992,G
2-PB1,2125,986,0,0,0,986,A
2-PB1,2126,0,975,1,0,976,T
2-PB1,2127,0,977,0,0,977,T
2-PB1,2128,0,1,978,0,979,G
2-PB1,2129,1,3,973,0,977,G
2-PB1,2130,977,0,0,0,977,A
2-PB1,2131,972,0,0,0,972,A
2-PB1,2132,1,970,0,0,971,T
2-PB1,2133,0,974,0,0,974,T
2-PB1,2134,0,970,0,1,971,T
2-PB1,2135,8,1,0,967,976,C
2-PB1,2136,0,974,0,0,974,T
2-PB1,2137,962,0,5,0,967,A
2-PB1,2138,0,0,977,0,977,G
2-PB1,2139,1,0,0,971,972,C
2-PB1,2140,971,0,1,0,972,A
2-PB1,2141,0,966,0,2,968,T
2-PB1,2142,0,3,952,0,955,G
2-PB1,2143,0,0,976,0,976,G
2-PB1,2144,1,974,0,0,975,T
2-PB1,2145,0,0,974,1,975,G
2-PB1,2146,0,2,969,0,971,G
2-PB1,2147,957,0,3,0,960,A
2-PB1,2148,1,1,968,0,970,G
2-PB1,2149,0,0,972,1,973,G
2-PB1,2150,1,0,0,964,965,C
2-PB1,2151,1,0,0,950,951,C
2-PB1,2152,891,1,2,0,894,A
2-PB1,2153,0,887,1,2,890,T
2-PB1,2154,0,2,895,0,897,G
2-PB1,2155,0,1,897,0,898,G
2-PB1,2156,0,879,0,0,879,T
2-PB1,2157,1,0,883,0,884,G
2-PB1,2158,0,861,0,3,864,T
2-PB1,2159,1,1,0,856,858,C
2-PB1,2160,0,854,1,2,857,T
2-PB1,2161,850,0,0,0,850,A
2-PB1,2162,2,1,847,0,850,G
2-PB1,2163,0,1,829,0,830,G
2-PB1,2164,1,0,819,0,820,G
2-PB1,2165,0,1,0,807,808,C
2-PB1,2166,2,2,0,772,776,C
2-PB1,2167,1,0,0,759,760,C
2-PB1,2168,4,1,753,0,758,G
2-PB1,2169,0,1,761,0,762,G
2-PB1,2170,762,0,0,0,762,A
2-PB1,2171,0,758,0,0,758,T
2-PB1,2172,0,740,0,0,740,T
2-PB1,2173,0,1,723,0,724,G
2-PB1,2174,722,0,0,0,722,A
2-PB1,2175,0,720,0,1,721,T
2-PB1,2176,0,0,723,1,724,G
2-PB1,2177,0,0,0,719,719,C
2-PB1,2178,2,1,0,710,713,C
2-PB1,2179,709,0,0,0,709,A
2-PB1,2180,0,1,709,0,710,G
2-PB1,2181,709,0,0,0,709,A
2-PB1,2182,711,0,1,0,712,A
2-PB1,2183,0,707,0,2,709,T
2-PB1,2184,0,699,0,0,699,T
2-PB1,2185,1,5,693,0,699,G
2-PB1,2186,697,0,2,0,699,A
2-PB1,2187,0,1,0,697,698,C
2-PB1,2188,0,694,0,1,695,T
2-PB1,2189,0,687,0,1,688,T
2-PB1,2190,1,0,0,685,686,C
2-PB1,2191,0,2,684,0,686,G
2-PB1,2192,684,0,1,0,685,A
2-PB1,2193,1,0,672,0,673,G
2-PB1,2194,0,682,0,0,682,T
2-PB1,2195,2,0,0,681,683,C
2-PB1,2196,0,681,0,2,683,T
2-PB1,2197,0,0,682,0,682,G
2-PB1,2198,0,1,681,0,682,G
2-PB1,2199,679,0,0,0,679,A
2-PB1,2200,637,0,1,0,638,A
2-PB1,2201,0,1,639,0,640,G
2-PB1,2202,1,1,649,0,651,G
2-PB1,2203,648,0,0,0,648,A
2-PB1,2204,0,638,0,1,639,T
2-PB1,2205,0,641,0,0,641,T
2-PB1,2206,640,0,0,0,640,A
2-PB1,2207,640,0,1,0,641,A
2-PB1,2208,0,0,641,0,641,G
2-PB1,2209,632,0,0,0,632,A
2-PB1,2210,603,0,1,0,604,A
2-PB1,2211,2,0,570,0,572,G
2-PB1,2212,0,0,561,0,561,G
2-PB1,2213,559,0,1,0,560,A
2-PB1,2214,560,0,0,0,560,A
2-PB1,2215,0,2,559,0,561,G
2-PB1,2216,513,0,0,0,513,A
2-PB1,2217,0,0,512,0,512,G
2-PB1,2218,0,492,0,0,492,T
2-PB1,2219,0,489,0,1,490,T
2-PB1,2220,1,0,0,490,491,C
2-PB1,2221,0,478,0,1,479,T
2-PB1,2222,2,0,0,476,478,C
2-PB1,2223,0,476,0,1,477,T
2-PB1,2224,0,0,473,0,473,G
2-PB1,2225,457,0,0,0,457,A
2-PB1,2226,0,3,450,0,453,G
2-PB1,2227,447,1,0,0,448,A
2-PB1,2228,0,434,0,1,435,T
2-PB1,2229,4,1,1,412,418,C
2-PB1,2230,420,0,1,0,421,A
2-PB1,2231,0,420,0,1,421,T
2-PB1,2232,1,0,420,0,421,G
2-PB1,2233,421,0,0,0,421,A
2-PB1,2234,417,0,0,0,417,A
2-PB1,2235,1,2,410,0,413,G
2-PB1,2236,404,0,0,0,404,A
2-PB1,2237,0,398,0,0,398,T
2-PB1,2238,4,1,0,384,389,C
2-PB1,2239,0,364,0,0,364,T
2-PB1,2240,0,0,369,0,369,G
2-PB1,2241,0,366,0,0,366,T
2-PB1,2242,0,363,0,1,364,T
2-PB1,2243,4,0,0,360,364,C
2-PB1,2244,0,1,0,347,348,C
2-PB1,2245,346,0,0,0,346,A
2-PB1,2246,0,0,0,346,346,C
2-PB1,2247,4,0,0,329,333,C
2-PB1,2248,327,0,0,0,327,A
2-PB1,2249,0,312,0,0,312,T
2-PB1,2250,0,306,0,0,306,T
2-PB1,2251,1,1,303,0,305,G
2-PB1,2252,301,0,1,0,302,A
2-PB1,2253,296,0,0,0,296,A
2-PB1,2254,0,2,294,0,296,G
2-PB1,2255,249,0,0,0,249,A
2-PB1,2256,249,0,1,0,250,A
2-PB1,2257,0,0,0,248,248,C
2-PB1,2258,0,238,0,0,238,T
2-PB1,2259,1,0,0,236,237,C
2-PB1,2260,228,0,0,0,228,A
2-PB1,2261,0,0,227,0,227,G
2-PB1,2262,224,0,3,0,227,A
2-PB1,2263,0,0,0,219,219,C
2-PB1,2264,0,0,215,0,215,G
2-PB1,2265,1,0,201,0,202,G
2-PB1,2266,0,1,0,197,198,C
2-PB1,2267,198,0,0,0,198,A
2-PB1,2268,196,0,0,0,196,A
2-PB1,2269,195,0,0,0,195,A
2-PB1,2270,193,0,1,0,194,A
2-PB1,2271,193,0,0,0,193,A
2-PB1,2272,0,186,0,0,186,T
2-PB1,2273,180,0,0,0,180,A
2-PB1,2274,182,0,0,0,182,A
3-PA,1,85,0,0,0,85,A
3-PA,2,0,86,0,0,86,T
3-PA,3,0,0,93,0,93,G
3-PA,4,0,1,94,0,95,G
3-PA,5,95,0,0,0,95,A
3-PA,6,96,0,0,0,96,A
3-PA,7,0,0,101,0,101,G
3-PA,8,104,0,0,0,104,A
3-PA,9,0,103,0,0,103,T
3-PA,10,0,104,0,0,104,T
3-PA,11,0,106,0,0,106,T
3-PA,12,0,106,0,0,106,T
3-PA,13,0,0,112,0,112,G
3-PA,14,0,111,1,0,112,T
3-PA,15,0,0,112,0,112,G
3-PA,16,0,0,0,115,115,C
3-PA,17,0,2,113,0,115,G
3-PA,18,122,0,0,0,122,A
3-PA,19,0,0,0,124,124,C
3-PA,20,124,0,0,0,124,A
3-PA,21,124,0,0,0,124,A
3-PA,22,0,127,0,0,127,T
3-PA,23,0,0,153,0,153,G
3-PA,24,0,0,0,156,156,C
3-PA,25,0,156,0,0,156,T
3-PA,26,0,157,0,0,157,T
3-PA,27,1,0,0,157,158,C
3-PA,28,162,0,0,0,162,A
3-PA,29,171,0,0,0,171,A
3-PA,30,0,0,0,181,181,C
3-PA,31,0,0,0,182,182,C
3-PA,32,0,0,0,181,181,C
3-PA,33,0,0,181,0,181,G
3-PA,34,184,0,0,0,184,A
3-PA,35,0,184,0,0,184,T
3-PA,36,0,0,184,0,184,G
3-PA,37,186,0,0,0,186,A
3-PA,38,0,193,0,0,193,T
3-PA,39,0,196,0,0,196,T
3-PA,40,0,0,201,0,201,G
3-PA,41,0,200,0,0,200,T
3-PA,42,2,1,0,195,198,C
3-PA,43,0,6,194,0,200,G
3-PA,44,200,0,0,0,200,A
3-PA,45,201,0,0,0,201,A
3-PA,46,0,0,0,204,204,C
3-PA,47,0,205,0,0,205,T
3-PA,48,0,205,0,0,205,T
3-PA,49,0,0,204,0,204,G
3-PA,50,0,0,0,207,207,C
3-PA,51,209,0,0,0,209,A
3-PA,52,0,0,210,0,210,G
3-PA,53,210,0,0,0,210,A
3-PA,54,210,0,0,0,210,A
3-PA,55,211,0,0,0,211,A
3-PA,56,211,0,0,0,211,A
3-PA,57,212,0,1,0,213,A
3-PA,58,0,0,221,0,221,G
3-PA,59,0,0,0,230,230,C
3-PA,60,231,0,0,0,231,A
3-PA,61,250,0,0,0,250,A
3-PA,62,0,250,0,0,250,T
3-PA,63,0,1,254,0,255,G
3-PA,64,263,0,1,0,264,A
3-PA,65,264,0,0,0,264,A
3-PA,66,267,0,0,0,267,A
3-PA,67,0,2,274,0,276,G
3-PA,68,285,0,1,0,286,A
3-PA,69,0,0,336,0,336,G
3-PA,70,0,335,0,0,335,T
3-PA,71,336,0,0,0,336,A
3-PA,72,0,335,0,0,335,T
3-PA,73,0,2,335,0,337,G
3-PA,74,0,0,339,0,339,G
3-PA,75,0,2,336,0,338,G
3-PA,76,0,0,338,0,338,G
3-PA,77,333,0,1,0,334,A
3-PA,78,0,2,336,0,338,G
3-PA,79,0,1,347,0,348,G
3-PA,80,348,0,0,0,348,A
3-PA,81,0,346,0,1,347,T
3-PA,82,2,0,0,346,348,C
3-PA,83,0,342,0,3,345,T
3-PA,84,0,0,345,0,345,G
3-PA,85,346,0,0,0,346,A
3-PA,86,346,0,0,0,346,A
3-PA,87,346,0,0,0,346,A
3-PA,88,344,0,0,0,344,A
3-PA,89,0,344,0,1,345,T
3-PA,90,0,345,0,0,345,T
3-PA,91,0,3,341,0,344,G
3-PA,92,345,0,0,0,345,A
3-PA,93,345,0,0,0,345,A
3-PA,94,345,0,0,0,345,A
3-PA,95,0,0,0,347,347,C
3-PA,96,347,0,0,0,347,A
3-PA,97,347,0,0,0,347,A
3-PA,98,348,0,0,0,348,A
3-PA,99,0,0,0,351,351,C
3-PA,100,351,0,0,0,351,A
3-PA,101,357,0,0,0,357,A
3-PA,102,359,0,0,0,359,A
3-PA,103,0,357,0,1,358,T
3-PA,104,0,360,0,0,360,T
3-PA,105,0,363,0,0,363,T
3-PA,106,0,0,364,0,364,G
3-PA,107,0,1,0,365,366,C
3-PA,108,366,0,1,0,367,A
3-PA,109,0,0,379,0,379,G
3-PA,110,0,0,0,380,380,C
3-PA,111,404,0,0,0,404,A
3-PA,112,412,0,0,0,412,A
3-PA,113,0,418,0,0,418,T
3-PA,114,425,0,0,0,425,A
3-PA,115,0,425,0,0,425,T
3-PA,116,0,0,431,0,431,G
3-PA,117,0,0,0,434,434,C
3-PA,118,432,1,0,0,433,A
3-PA,119,0,1,0,439,440,C
3-PA,120,0,437,0,0,437,T
3-PA,121,3,1,0,512,516,C
3-PA,122,524,0,0,0,524,A
3-PA,123,0,1,0,536,537,C
3-PA,124,0,536,0,1,537,T
3-PA,125,0,535,0,0,535,T
3-PA,126,0,1,534,0,535,G
3-PA,127,0,1,542,0,543,G
3-PA,128,535,0,2,0,537,A
3-PA,129,0,1,546,0,547,G
3-PA,130,1,0,540,0,541,G
3-PA,131,0,523,0,0,523,T
3-PA,132,0,0,551,0,551,G
3-PA,133,0,556,0,0,556,T
3-PA,134,0,0,567,0,567,G
3-PA,135,0,566,0,0,566,T
3-PA,136,0,565,0,0,565,T
3-PA,137,0,568,0,0,568,T
3-PA,138,3,0,0,572,575,C
3-PA,139,575,0,0,0,575,A
3-PA,140,0,570,0,2,572,T
3-PA,141,0,1,586,0,587,G
3-PA,142,1,580,0,0,581,T
3-PA,143,590,0,0,0,590,A
3-PA,144,0,589,0,0,589,T
3-PA,145,0,589,0,0,589,T
3-PA,146,4,0,0,585,589,C
3-PA,147,587,0,0,0,587,A
3-PA,148,0,0,594,0,594,G
3-PA,149,595,0,1,0,596,A
3-PA,150,0,599,0,0,599,T
3-PA,151,0,600,0,0,600,T
3-PA,152,0,600,0,0,600,T
3-PA,153,4,1,0,593,598,C
3-PA,154,3,1,0,627,631,C
3-PA,155,631,0,0,0,631,A
3-PA,156,0,632,0,0,632,T
3-PA,157,0,630,0,0,630,T
3-PA,158,0,630,0,0,630,T
3-PA,159,5,0,0,627,632,C
3-PA,160,617,0,17,0,634,A
3-PA,161,0,647,0,1,648,T
3-PA,162,2,0,0,647,649,C
3-PA,163,649,0,1,0,650,A
3-PA,164,650,0,0,1,651,A
3-PA,165,0,651,0,0,651,T
3-PA,166,0,7,664,0,671,G
3-PA,167,672,0,0,0,672,A
3-PA,168,670,0,1,0,671,A
3-PA,169,0,0,0,672,672,C
3-PA,170,660,1,0,0,661,A
3-PA,171,663,0,0,0,663,A
3-PA,172,0,3,671,0,674,G
3-PA,173,0,1,671,0,672,G
3-PA,174,1,1,0,674,676,C
3-PA,175,0,8,664,0,672,G
3-PA,176,710,0,0,0,710,A
3-PA,177,709,0,0,0,709,A
3-PA,178,0,711,0,0,711,T
3-PA,179,6,0,0,713,719,C
3-PA,180,720,0,1,0,721,A
3-PA,181,725,0,0,0,725,A
3-PA,182,0,727,0,0,727,T
3-PA,183,726,0,0,0,726,A
3-PA,184,0,0,755,0,755,G
3-PA,185,1,761,0,2,764,T
3-PA,186,0,3,771,0,774,G
3-PA,187,0,1,772,0,773,G
3-PA,188,0,770,0,0,770,T
3-PA,189,671,0,100,0,771,A
3-PA,190,0,5,771,0,776,G
3-PA,191,773,0,0,0,773,A
3-PA,192,775,1,1,0,777,A
3-PA,193,0,0,1,776,777,C
3-PA,194,0,759,0,0,759,T
3-PA,195,0,759,0,1,760,T
3-PA,196,0,3,760,0,763,G
3-PA,197,761,0,0,0,761,A
3-PA,198,0,0,0,760,760,C
3-PA,199,0,4,756,0,760,G
3-PA,200,789,0,0,0,789,A
3-PA,201,0,792,0,0,792,T
3-PA,202,4,0,0,797,801,C
3-PA,203,1,1,0,805,807,C
3-PA,204,807,0,0,0,807,A
3-PA,205,806,0,1,0,807,A
3-PA,206,807,0,1,0,808,A
3-PA,207,0,809,0,1,810,T
3-PA,208,1,2,809,0,812,G
3-PA,209,1,0,0,807,808,C
3-PA,210,798,0,0,0,798,A
3-PA,211,0,0,0,817,817,C
3-PA,212,0,810,0,2,812,T
3-PA,213,0,1,888,0,889,G
3-PA,214,0,889,0,0,889,T
3-PA,215,0,886,0,0,886,T
3-PA,216,886,0,1,0,887,A
3-PA,217,888,0,0,0,888,A
3-PA,218,887,0,1,0,888,A
3-PA,219,0,0,892,0,892,G
3-PA,220,0,0,0,881,881,C
3-PA,221,866,0,1,0,867,A
3-PA,222,0,1,0,861,862,C
3-PA,223,824,0,0,0,824,A
3-PA,224,0,3,881,0,884,G
3-PA,225,883,0,0,0,883,A
3-PA,226,1,882,0,0,883,T
3-PA,227,0,882,0,0,882,T
3-PA,228,0,880,0,0,880,T
3-PA,229,0,4,883,0,887,G
3-PA,230,885,0,0,0,885,A
3-PA,231,885,0,0,0,885,A
3-PA,232,886,0,0,1,887,A
3-PA,233,0,874,0,0,874,T
3-PA,234,872,0,0,0,872,A
3-PA,235,884,1,1,0,886,A
3-PA,236,1,882,0,0,883,T
3-PA,237,4,0,0,878,882,C
3-PA,238,2,1,882,0,885,G
3-PA,239,882,0,0,0,882,A
3-PA,240,0,1,883,0,884,G
3-PA,241,1,4,882,0,887,G
3-PA,242,0,3,884,0,887,G
3-PA,243,0,2,885,0,887,G
3-PA,244,869,0,3,1,873,A
3-PA,245,0,5,873,0,878,G
3-PA,246,898,0,3,1,902,A
3-PA,247,0,5,901,0,906,G
3-PA,248,902,0,3,0,905,A
3-PA,249,0,1,0,905,906,C
3-PA,250,891,0,4,0,895,A
3-PA,251,1,12,899,0,912,G
3-PA,252,913,0,0,0,913,A
3-PA,253,928,0,2,0,930,A
3-PA,254,0,0,0,932,932,C
3-PA,255,903,0,0,0,903,A
3-PA,256,905,0,0,0,905,A
3-PA,257,0,901,0,1,902,T
3-PA,258,0,1,924,0,925,G
3-PA,259,0,1,933,1,935,G
3-PA,260,2,1,0,908,911,C
3-PA,261,1,0,0,916,917,C
3-PA,262,0,916,0,0,916,T
3-PA,263,1,3,932,0,936,G
3-PA,264,0,7,929,0,936,G
3-PA,265,939,0,1,0,940,A
3-PA,266,1,1,0,947,949,C
3-PA,267,915,0,0,0,915,A
3-PA,268,0,0,1005,1,1006,G
3-PA,269,0,994,0,2,996,T
3-PA,270,1009,0,0,0,1009,A
3-PA,271,0,1,1011,0,1012,G
3-PA,272,0,991,0,1,992,T
3-PA,273,992,0,1,0,993,A
3-PA,274,990,0,0,0,990,A
3-PA,275,992,0,0,0,992,A
3-PA,276,0,0,0,1009,1009,C
3-PA,277,943,0,0,0,943,A
3-PA,278,0,0,958,0,958,G
3-PA,279,0,951,0,0,951,T
3-PA,280,961,0,0,0,961,A
3-PA,281,0,958,0,2,960,T
3-PA,282,2,0,0,972,974,C
3-PA,283,0,972,0,0,972,T
3-PA,284,1,0,971,0,972,G
3-PA,285,1,0,0,972,973,C
3-PA,286,964,0,1,0,965,A
3-PA,287,962,0,1,0,963,A
3-PA,288,2,1,0,964,967,C
3-PA,289,962,0,2,0,964,A
3-PA,290,1,0,0,994,995,C
3-PA,291,0,985,0,2,987,T
3-PA,292,989,0,0,0,989,A
3-PA,293,1,0,0,987,988,C
3-PA,294,0,982,0,1,983,T
3-PA,295,0,2,985,0,987,G
3-PA,296,0,3,988,0,991,G
3-PA,297,988,0,3,0,991,A
3-PA,298,0,1,989,0,990,G
3-PA,299,1,0,0,964,965,C
3-PA,300,0,964,0,0,964,T
3-PA,301,0,5,958,0,963,G
3-PA,302,0,2,956,1,959,G
3-PA,303,0,3,948,0,951,G
3-PA,304,959,0,1,0,960,A
3-PA,305,960,0,0,1,961,A
3-PA,306,963,0,0,0,963,A
3-PA,307,2,1,0,963,966,C
3-PA,308,9,0,0,952,961,C
3-PA,309,3,4,957,0,964,G
3-PA,310,964,0,0,0,964,A
3-PA,311,960,0,1,0,961,A
3-PA,312,0,0,966,0,966,G
3-PA,313,0,960,0,0,960,T
3-PA,314,0,962,0,0,962,T
3-PA,315,0,963,0,0,963,T
3-PA,316,6,0,0,957,963,C
3-PA,317,0,964,0,0,964,T
3-PA,318,964,0,0,0,964,A
3-PA,319,0,0,0,958,958,C
3-PA,320,4,0,0,958,962,C
3-PA,321,957,0,0,0,957,A
3-PA,322,0,3,983,0,986,G
3-PA,323,987,0,0,0,987,A
3-PA,324,0,981,0,0,981,T
3-PA,325,0,984,0,0,984,T
3-PA,326,0,978,0,1,979,T
3-PA,327,0,0,985,0,985,G
3-PA,328,1,983,0,1,985,T
3-PA,329,983,1,1,0,985,A
3-PA,330,0,985,0,2,987,T
3-PA,331,0,7,964,0,971,G
3-PA,332,1012,0,2,0,1014,A
3-PA,333,1,1011,0,0,1012,T
3-PA,334,1,1010,0,2,1013,T
3-PA,335,1011,0,1,0,1012,A
3-PA,336,1,0,0,1014,1015,C
3-PA,337,1013,0,0,0,1013,A
3-PA,338,1013,1,0,0,1014,A
3-PA,339,0,2,1011,0,1013,G
3-PA,340,0,5,1015,0,1020,G
3-PA,341,967,0,1,0,968,A
3-PA,342,0,4,974,1,979,G
3-PA,343,975,1,0,0,976,A
3-PA,344,973,0,3,0,976,A
3-PA,345,0,0,0,978,978,C
3-PA,346,955,0,2,1,958,A
3-PA,347,0,0,961,0,961,G
3-PA,348,960,0,0,0,960,A
3-PA,349,0,940,0,2,942,T
3-PA,350,0,945,0,1,946,T
3-PA,351,13,1,0,927,941,C
3-PA,352,938,0,1,1,940,A
3-PA,353,0,938,1,0,939,T
3-PA,354,3,0,0,936,939,C
3-PA,355,1,4,932,1,938,G
3-PA,356,940,0,0,0,940,A
3-PA,357,941,0,0,0,941,A
3-PA,358,942,0,0,0,942,A
3-PA,359,0,940,0,1,941,T
3-PA,360,0,942,0,0,942,T
3-PA,361,0,1,944,0,945,G
3-PA,362,0,2,941,0,943,G
3-PA,363,0,2,939,0,941,G
3-PA,364,0,0,950,0,950,G
3-PA,365,0,935,0,1,936,T
3-PA,366,1,4,947,0,952,G
3-PA,367,952,0,0,0,952,A
3-PA,368,1,0,0,957,958,C
3-PA,369,955,1,2,0,958,A
3-PA,370,956,0,0,0,956,A
3-PA,371,1,1,965,0,967,G
3-PA,372,0,5,966,1,972,G
3-PA,373,961,0,1,1,963,A
3-PA,374,0,2,956,0,958,G
3-PA,375,948,0,0,0,948,A
3-PA,376,0,5,948,0,953,G
3-PA,377,945,0,2,0,947,A
3-PA,378,945,0,4,0,949,A
3-PA,379,2,0,984,0,986,G
3-PA,380,1,968,0,1,970,T
3-PA,381,2,0,0,973,975,C
3-PA,382,7,0,0,965,972,C
3-PA,383,976,0,2,0,978,A
3-PA,384,0,1,0,994,995,C
3-PA,385,1010,0,0,0,1010,A
3-PA,386,0,1027,0,0,1027,T
3-PA,387,1058,0,0,0,1058,A
3-PA,388,0,1024,0,0,1024,T
3-PA,389,1016,3,0,0,1019,A
3-PA,390,0,1014,0,0,1014,T
3-PA,391,0,1010,0,0,1010,T
3-PA,392,1054,0,1,0,1055,A
3-PA,393,1,0,1,1050,1052,C
3-PA,394,2,0,0,1018,1020,C
3-PA,395,0,1001,0,1,1002,T
3-PA,396,0,971,0,0,971,T
3-PA,397,1,6,965,0,972,G
3-PA,398,965,0,1,0,966,A
3-PA,399,0,1,920,0,921,G
3-PA,400,928,0,2,0,930,A
3-PA,401,933,0,0,0,933,A
3-PA,402,0,6,940,0,946,G
3-PA,403,0,1,949,0,950,G
3-PA,404,1,0,0,947,948,C
3-PA,405,2,0,0,945,947,C
3-PA,406,944,0,0,0,944,A
3-PA,407,945,0,1,0,946,A
3-PA,408,0,946,0,0,946,T
3-PA,409,945,0,0,0,945,A
3-PA,410,939,0,0,0,939,A
3-PA,411,2,5,959,0,966,G
3-PA,412,962,0,0,0,962,A
3-PA,413,1,957,0,2,960,T
3-PA,414,0,955,0,0,955,T
3-PA,415,956,0,0,0,956,A
3-PA,416,958,0,0,0,958,A
3-PA,417,961,0,0,0,961,A
3-PA,418,0,963,0,0,963,T
3-PA,419,1,0,0,965,966,C
3-PA,420,0,950,0,0,950,T
3-PA,421,0,3,950,0,953,G
3-PA,422,952,0,1,0,953,A
3-PA,423,1,7,952,0,960,G
3-PA,424,962,0,0,0,962,A
3-PA,425,965,0,0,0,965,A
3-PA,426,1,0,0,962,963,C
3-PA,427,955,0,1,1,957,A
3-PA,428,0,0,1,963,964,C
3-PA,429,962,0,0,1,963,A
3-PA,430,0,0,0,967,967,C
3-PA,431,961,0,1,0,962,A
3-PA,432,0,1,0,971,972,C
3-PA,433,970,1,0,0,971,A
3-PA,434,0,972,0,1,973,T
3-PA,435,0,971,0,0,971,T
3-PA,436,3,0,0,976,979,C
3-PA,437,973,0,0,0,973,A
3-PA,438,1,0,0,978,979,C
3-PA,439,968,0,0,1,969,A
3-PA,440,0,970,0,1,971,T
3-PA,441,0,930,0,0,930,T
3-PA,442,0,947,0,0,947,T
3-PA,443,0,941,0,3,944,T
3-PA,444,5,0,0,946,951,C
3-PA,445,0,947,0,1,948,T
3-PA,446,4,0,0,949,953,C
3-PA,447,949,0,0,0,949,A
3-PA,448,0,948,0,1,949,T
3-PA,449,0,955,0,2,957,T
3-PA,450,7,1,0,946,954,C
3-PA,451,954,0,1,0,955,A
3-PA,452,0,0,0,968,968,C
3-PA,453,0,961,0,0,961,T
3-PA,454,1,2,955,0,958,G
3-PA,455,1,4,956,0,961,G
3-PA,456,927,1,2,0,930,A
3-PA,457,0,3,954,0,957,G
3-PA,458,955,0,1,0,956,A
3-PA,459,0,1,962,0,963,G
3-PA,460,1,2,965,0,968,G
3-PA,461,953,0,3,0,956,A
3-PA,462,957,1,1,0,959,A
3-PA,463,950,0,1,0,951,A
3-PA,464,0,947,0,0,947,T
3-PA,465,2,3,944,0,949,G
3-PA,466,0,0,944,0,944,G
3-PA,467,2,1,0,940,943,C
3-PA,468,1,0,0,942,943,C
3-PA,469,938,0,0,0,938,A
3-PA,470,0,0,0,942,942,C
3-PA,471,939,0,1,0,940,A
3-PA,472,944,2,0,0,946,A
3-PA,473,942,0,3,0,945,A
3-PA,474,0,3,954,0,957,G
3-PA,475,1,1,956,0,958,G
3-PA,476,0,0,0,959,959,C
3-PA,477,955,0,1,0,956,A
3-PA,478,0,3,966,1,970,G
3-PA,479,967,0,1,0,968,A
3-PA,480,0,0,0,977,977,C
3-PA,481,0,972,0,0,972,T
3-PA,482,974,0,2,0,976,A
3-PA,483,0,0,0,970,970,C
3-PA,484,955,0,0,1,956,A
3-PA,485,0,0,0,965,965,C
3-PA,486,0,938,1,1,940,T
3-PA,487,4,0,0,938,942,C
3-PA,488,0,939,0,0,939,T
3-PA,489,1,0,0,929,930,C
3-PA,490,0,1,931,0,932,G
3-PA,491,927,0,2,0,929,A
3-PA,492,0,1,0,926,927,C
3-PA,493,1,3,927,0,931,G
3-PA,494,926,0,1,0,927,A
3-PA,495,0,19,917,0,936,G
3-PA,496,0,1,931,0,932,G
3-PA,497,931,0,1,0,932,A
3-PA,498,933,0,0,0,933,A
3-PA,499,931,0,1,1,933,A
3-PA,500,0,0,932,0,932,G
3-PA,501,0,0,0,932,932,C
3-PA,502,912,0,0,1,913,A
3-PA,503,0,2,925,0,927,G
3-PA,504,0,0,925,0,925,G
3-PA,505,0,0,929,0,929,G
3-PA,506,0,0,0,928,928,C
3-PA,507,0,917,0,0,917,T
3-PA,508,920,0,1,0,921,A
3-PA,509,1,1,937,0,939,G
3-PA,510,1,3,989,0,993,G
3-PA,511,994,0,0,0,994,A
3-PA,512,0,970,0,1,971,T
3-PA,513,0,959,0,0,959,T
3-PA,514,955,0,0,0,955,A
3-PA,515,959,0,1,0,960,A
3-PA,516,0,5,964,0,969,G
3-PA,517,965,0,0,0,965,A
3-PA,518,1,0,0,961,962,C
3-PA,519,1,0,0,895,896,C
3-PA,520,885,1,0,1,887,A
3-PA,521,0,1,896,0,897,G
3-PA,522,0,2,900,0,902,G
3-PA,523,1,0,0,904,905,C
3-PA,524,0,884,0,2,886,T
3-PA,525,0,1,909,0,910,G
3-PA,526,1,901,0,1,903,T
3-PA,527,0,904,0,0,904,T
3-PA,528,0,904,0,1,905,T
3-PA,529,904,0,0,0,904,A
3-PA,530,0,0,1,922,923,C
3-PA,531,7,0,0,902,909,C
3-PA,532,903,0,0,1,904,A
3-PA,533,0,901,0,1,902,T
3-PA,534,862,0,0,0,862,A
3-PA,535,862,0,0,0,862,A
3-PA,536,1,4,875,0,880,G
3-PA,537,877,0,0,1,878,A
3-PA,538,0,0,0,876,876,C
3-PA,539,845,0,0,0,845,A
3-PA,540,843,0,2,0,845,A
3-PA,541,1,4,850,0,855,G
3-PA,542,854,0,0,0,854,A
3-PA,543,852,0,2,0,854,A
3-PA,544,853,0,0,0,853,A
3-PA,545,0,834,0,0,834,T
3-PA,546,0,0,851,0,851,G
3-PA,547,0,1,853,0,854,G
3-PA,548,0,0,0,850,850,C
3-PA,549,1,0,0,853,854,C
3-PA,550,854,0,0,0,854,A
3-PA,551,871,0,1,0,872,A
3-PA,552,0,0,0,873,873,C
3-PA,553,868,0,0,0,868,A
3-PA,554,2,0,864,0,866,G
3-PA,555,845,0,2,0,847,A
3-PA,556,0,3,869,0,872,G
3-PA,557,0,0,882,0,882,G
3-PA,558,0,1,0,875,876,C
3-PA,559,1,0,0,876,877,C
3-PA,560,0,853,0,0,853,T
3-PA,561,849,1,2,0,852,A
3-PA,562,0,863,0,0,863,T
3-PA,563,0,0,864,0,864,G
3-PA,564,0,1,863,0,864,G
3-PA,565,0,5,823,0,828,G
3-PA,566,814,0,0,0,814,A
3-PA,567,0,809,0,2,811,T
3-PA,568,1,795,0,1,797,T
3-PA,569,1,0,0,863,864,C
3-PA,570,0,0,0,857,857,C
3-PA,571,0,820,1,1,822,T
3-PA,572,0,820,0,2,822,T
3-PA,573,0,821,0,0,821,T
3-PA,574,5,1,0,821,827,C
3-PA,575,1,0,828,0,829,G
3-PA,576,0,828,0,0,828,T
3-PA,577,3,0,0,823,826,C
3-PA,578,801,0,0,0,801,A
3-PA,579,1,0,878,0,879,G
3-PA,580,0,879,0,1,880,T
3-PA,581,6,0,0,874,880,C
3-PA,582,3,0,0,880,883,C
3-PA,583,0,4,883,0,887,G
3-PA,584,884,0,0,1,885,A
3-PA,585,882,0,0,0,882,A
3-PA,586,884,0,2,0,886,A
3-PA,587,1,2,900,0,903,G
3-PA,588,876,0,0,0,876,A
3-PA,589,1,1,885,1,888,G
3-PA,590,0,0,888,0,888,G
3-PA,591,0,0,0,890,890,C
3-PA,592,2,3,887,0,892,G
3-PA,593,891,0,2,0,893,A
3-PA,594,889,0,4,0,893,A
3-PA,595,0,6,900,0,906,G
3-PA,596,904,0,0,1,905,A
3-PA,597,903,0,0,0,903,A
3-PA,598,904,0,1,0,905,A
3-PA,599,0,0,1,911,912,C
3-PA,600,906,0,1,0,907,A
3-PA,601,905,0,1,0,906,A
3-PA,602,0,902,0,0,902,T
3-PA,603,0,905,0,0,905,T
3-PA,604,0,0,906,0,906,G
3-PA,605,899,0,0,0,899,A
3-PA,606,898,0,2,0,900,A
3-PA,607,0,3,900,0,903,G
3-PA,608,895,0,0,0,895,A
3-PA,609,891,1,1,0,893,A
3-PA,610,892,0,0,0,892,A
3-PA,611,895,0,0,0,895,A
3-PA,612,902,0,0,0,902,A
3-PA,613,0,897,0,0,897,T
3-PA,614,0,903,0,0,903,T
3-PA,615,0,900,1,0,901,T
3-PA,616,0,4,897,0,901,G
3-PA,617,899,0,0,0,899,A
3-PA,618,901,0,0,0,901,A
3-PA,619,904,1,1,0,906,A
3-PA,620,1,918,0,0,919,T
3-PA,621,7,1,0,991,999,C
3-PA,622,995,0,1,0,996,A
3-PA,623,0,0,0,1009,1009,C
3-PA,624,1008,0,0,0,1008,A
3-PA,625,2,2,1020,0,1024,G
3-PA,626,0,10,1040,0,1050,G
3-PA,627,1061,1,1,0,1063,A
3-PA,628,1083,0,2,0,1085,A
3-PA,629,0,3,0,1088,1091,C
3-PA,630,0,1061,0,0,1061,T
3-PA,631,1144,0,0,0,1144,A
3-PA,632,1,1145,0,1,1147,T
3-PA,633,0,1,1187,0,1188,G
3-PA,634,0,2,0,1182,1184,C
3-PA,635,0,0,1168,0,1168,G
3-PA,636,1,1155,0,1,1157,T
3-PA,637,1140,1,1,0,1142,A
3-PA,638,0,2,1156,0,1158,G
3-PA,639,0,1,1156,0,1157,G
3-PA,640,0,0,0,1139,1139,C
3-PA,641,0,1126,0,2,1128,T
3-PA,642,0,1108,0,1,1109,T
3-PA,643,0,0,1113,0,1113,G
3-PA,644,1,0,0,1111,1112,C
3-PA,645,3,3,0,1108,1114,C
3-PA,646,1,6,1119,0,1126,G
3-PA,647,1127,0,0,0,1127,A
3-PA,648,1,0,0,1144,1145,C
3-PA,649,4,0,0,1146,1150,C
3-PA,650,1144,0,1,0,1145,A
3-PA,651,1150,0,0,0,1150,A
3-PA,652,1143,1,4,0,1148,A
3-PA,653,2,1,1168,0,1171,G
3-PA,654,0,1171,0,0,1171,T
3-PA,655,10,0,0,1158,1168,C
3-PA,656,0,1162,0,0,1162,T
3-PA,657,5,1,1,1162,1169,C
3-PA,658,0,1,0,1178,1179,C
3-PA,659,3,0,0,1176,1179,C
3-PA,660,1178,0,0,0,1178,A
3-PA,661,0,0,0,1182,1182,C
3-PA,662,2,0,0,1168,1170,C
3-PA,663,0,7,1174,0,1181,G
3-PA,664,1194,1,0,2,1197,A
3-PA,665,1195,0,0,0,1195,A
3-PA,666,0,0,0,1206,1206,C
3-PA,667,0,1191,0,4,1195,T
3-PA,668,0,1197,0,3,1200,T
3-PA,669,3,2,0,1211,1216,C
3-PA,670,0,1213,0,2,1215,T
3-PA,671,6,0,0,1211,1217,C
3-PA,672,2,1,1,1211,1215,C
3-PA,673,1,1194,0,3,1198,T
3-PA,674,0,1,1210,0,1211,G
3-PA,675,1,0,0,1201,1202,C
3-PA,676,3,0,0,1205,1208,C
3-PA,677,0,1203,0,1,1204,T
3-PA,678,1,1195,0,0,1196,T
3-PA,679,2,5,1202,0,1209,G
3-PA,680,1205,0,0,0,1205,A
3-PA,681,1,2,1216,0,1219,G
3-PA,682,1217,1,0,0,1218,A
3-PA,683,1233,0,0,0,1233,A
3-PA,684,0,1254,0,1,1255,T
3-PA,685,0,1270,0,0,1270,T
3-PA,686,0,1267,0,1,1268,T
3-PA,687,0,1271,0,0,1271,T
3-PA,688,1267,0,1,0,1268,A
3-PA,689,2,2,1271,1,1276,G
3-PA,690,1258,0,3,0,1261,A
3-PA,691,0,0,1292,0,1292,G
3-PA,692,0,0,0,1293,1293,C
3-PA,693,1,1,0,1299,1301,C
3-PA,694,0,1304,0,1,1305,T
3-PA,695,1345,1,0,0,1346,A
3-PA,696,0,1352,0,0,1352,T
3-PA,697,0,0,1364,0,1364,G
3-PA,698,0,1356,0,1,1357,T
3-PA,699,1,2,1348,1,1352,G
3-PA,700,0,3,1337,1,1341,G
3-PA,701,1333,1,1,0,1335,A
3-PA,702,0,1313,0,12,1325,T
3-PA,703,1,3,1303,0,1307,G
3-PA,704,0,4,1333,0,1337,G
3-PA,705,1335,0,1,0,1336,A
3-PA,706,0,1331,0,0,1331,T
3-PA,707,1,1327,0,0,1328,T
3-PA,708,10,0,0,1311,1321,C
3-PA,709,0,11,1317,0,1328,G
3-PA,710,1328,1,3,0,1332,A
3-PA,711,1338,0,1,0,1339,A
3-PA,712,2,0,0,1339,1341,C
3-PA,713,6,0,0,1299,1305,C
3-PA,714,0,12,1299,0,1311,G
3-PA,715,1310,0,0,0,1310,A
3-PA,716,1307,0,3,0,1310,A
3-PA,717,0,2,0,1314,1316,C
3-PA,718,0,5,1308,0,1313,G
3-PA,719,0,1,1348,0,1349,G
3-PA,720,2,0,0,1347,1349,C
3-PA,721,1,1345,0,1,1347,T
3-PA,722,0,0,1373,0,1373,G
3-PA,723,0,1,0,1374,1375,C
3-PA,724,1385,1,0,0,1386,A
3-PA,725,0,1385,0,1,1386,T
3-PA,726,0,1374,0,0,1374,T
3-PA,727,0,1,1377,0,1378,G
3-PA,728,1326,0,3,0,1329,A
3-PA,729,0,2,1355,0,1357,G
3-PA,730,0,3,1354,0,1357,G
3-PA,731,1,0,1339,0,1340,G
3-PA,732,1,0,0,1332,1333,C
3-PA,733,1323,0,0,0,1323,A
3-PA,734,1324,0,2,0,1326,A
3-PA,735,0,1,1337,1,1339,G
3-PA,736,0,0,0,1345,1345,C
3-PA,737,0,1328,0,2,1330,T
3-PA,738,0,1324,0,0,1324,T
3-PA,739,0,1325,0,0,1325,T
3-PA,740,6,0,0,1322,1328,C
3-PA,741,0,1327,0,3,1330,T
3-PA,742,1,0,1,1332,1334,C
3-PA,743,1332,0,0,0,1332,A
3-PA,744,1323,1,0,0,1324,A
3-PA,745,1322,0,0,0,1322,A
3-PA,746,0,1318,0,0,1318,T
3-PA,747,0,0,1369,0,1369,G
3-PA,748,0,1364,0,0,1364,T
3-PA,749,4,1,0,1380,1385,C
3-PA,750,8,1,0,1371,1380,C
3-PA,751,1378,0,0,0,1378,A
3-PA,752,1381,0,0,0,1381,A
3-PA,753,1379,0,3,0,1382,A
3-PA,754,1,1,1402,0,1404,G
3-PA,755,1399,0,1,0,1400,A
3-PA,756,1361,0,0,0,1361,A
3-PA,757,0,1,1372,0,1373,G
3-PA,758,0,1347,0,2,1349,T
3-PA,759,0,15,1335,0,1350,G
3-PA,760,1344,0,1,0,1345,A
3-PA,761,1343,0,2,0,1345,A
3-PA,762,0,1347,0,0,1347,T
3-PA,763,0,2,1345,1,1348,G
3-PA,764,2,2,0,1339,1343,C
3-PA,765,4,0,1,1333,1338,C
3-PA,766,8,0,1,1336,1345,C
3-PA,767,1351,0,1,0,1352,A
3-PA,768,1370,0,0,0,1370,A
3-PA,769,1376,0,0,0,1376,A
3-PA,770,0,1380,0,0,1380,T
3-PA,771,0,1376,0,1,1377,T
3-PA,772,1,6,1373,0,1380,G
3-PA,773,1376,2,1,0,1379,A
3-PA,774,1396,0,0,1,1397,A
3-PA,775,3,1,0,1403,1407,C
3-PA,776,8,0,0,1391,1399,C
3-PA,777,0,1371,1,3,1375,T
3-PA,778,0,1414,0,1,1415,T
3-PA,779,0,1421,0,0,1421,T
3-PA,780,0,1437,0,0,1437,T
3-PA,781,3,0,0,1440,1443,C
3-PA,782,0,1435,0,1,1436,T
3-PA,783,2,2,1438,0,1442,G
3-PA,784,1440,1,0,0,1441,A
3-PA,785,1454,0,2,0,1456,A
3-PA,786,0,7,1463,0,1470,G
3-PA,787,1448,0,0,0,1448,A
3-PA,788,1,0,0,1451,1452,C
3-PA,789,1417,0,1,0,1418,A
3-PA,790,1429,0,0,0,1429,A
3-PA,791,0,0,0,1529,1529,C
3-PA,792,1527,2,1,0,1530,A
3-PA,793,0,1,0,1530,1531,C
3-PA,794,6,0,0,1513,1519,C
3-PA,795,1512,0,1,0,1513,A
3-PA,796,1510,0,3,1,1514,A
3-PA,797,0,5,1517,0,1522,G
3-PA,798,1520,1,2,0,1523,A
3-PA,799,1,0,1,1521,1523,C
3-PA,800,2,0,0,1442,1444,C
3-PA,801,1428,1,0,0,1429,A
3-PA,802,1435,0,0,0,1435,A
3-PA,803,1,1430,0,0,1431,T
3-PA,804,6,0,0,1431,1437,C
3-PA,805,1424,0,0,0,1424,A
3-PA,806,1422,0,2,0,1424,A
3-PA,807,1419,1,3,0,1423,A
3-PA,808,0,0,0,1435,1435,C
3-PA,809,0,1419,0,0,1419,T
3-PA,810,0,1425,0,1,1426,T
3-PA,811,2,0,0,1428,1430,C
3-PA,812,7,0,0,1422,1429,C
3-PA,813,2,4,1432,0,1438,G
3-PA,814,1440,0,0,0,1440,A
3-PA,815,1444,0,0,0,1444,A
3-PA,816,1,1442,0,0,1443,T
3-PA,817,0,2,1433,0,1435,G
3-PA,818,0,8,1428,0,1436,G
3-PA,819,1442,0,2,0,1444,A
3-PA,820,0,0,0,1446,1446,C
3-PA,821,4,1,0,1431,1436,C
3-PA,822,1,1465,0,1,1467,T
3-PA,823,6,0,0,1499,1505,C
3-PA,824,1,1,0,1503,1505,C
3-PA,825,0,1502,0,1,1503,T
3-PA,826,1,1508,0,1,1510,T
3-PA,827,0,1,1573,0,1574,G
3-PA,828,0,1546,0,4,1550,T
3-PA,829,0,1541,0,1,1542,T
3-PA,830,1540,1,0,0,1541,A
3-PA,831,1,1486,0,2,1489,T
3-PA,832,6,0,0,1472,1478,C
3-PA,833,1442,0,1,1,1444,A
3-PA,834,0,0,1439,0,1439,G
3-PA,835,0,0,0,1448,1448,C
3-PA,836,0,7,1401,0,1408,G
3-PA,837,0,1,1456,0,1457,G
3-PA,838,0,1452,0,2,1454,T
3-PA,839,4,1,0,1449,1454,C
3-PA,840,3,1,1,1451,1456,C
3-PA,841,1461,0,0,1,1462,A
3-PA,842,1476,0,0,0,1476,A
3-PA,843,1475,0,2,0,1477,A
3-PA,844,1,1478,0,0,1479,T
3-PA,845,0,1476,0,0,1476,T
3-PA,846,9,0,0,1455,1464,C
3-PA,847,5,0,0,1441,1446,C
3-PA,848,0,1437,0,2,1439,T
3-PA,849,2,0,0,1442,1444,C
3-PA,850,1,0,0,1446,1447,C
3-PA,851,0,1437,0,3,1440,T
3-PA,852,2,3,1445,0,1450,G
3-PA,853,1445,1,1,0,1447,A
3-PA,854,1,1441,0,0,1442,T
3-PA,855,1,5,1427,0,1433,G
3-PA,856,0,2,1413,0,1415,G
3-PA,857,1411,0,3,0,1414,A
3-PA,858,0,1398,0,0,1398,T
3-PA,859,0,0,1405,0,1405,G
3-PA,860,0,1,0,1449,1450,C
3-PA,861,0,1433,0,2,1435,T
3-PA,862,0,1435,0,8,1443,T
3-PA,863,0,1439,0,0,1439,T
3-PA,864,1443,0,1,0,1444,A
3-PA,865,1448,0,0,1,1449,A
3-PA,866,1446,0,1,0,1447,A
3-PA,867,1454,0,1,0,1455,A
3-PA,868,0,1453,0,0,1453,T
3-PA,869,0,1354,0,0,1354,T
3-PA,870,0,9,1343,0,1352,G
3-PA,871,1344,0,4,0,1348,A
3-PA,872,0,0,1364,0,1364,G
3-PA,873,2,0,0,1363,1365,C
3-PA,874,1357,0,1,0,1358,A
3-PA,875,0,1376,0,0,1376,T
3-PA,876,0,1371,0,0,1371,T
3-PA,877,1,3,1364,0,1368,G
3-PA,878,1369,0,2,0,1371,A
3-PA,879,1355,0,3,0,1358,A
3-PA,880,0,5,1357,0,1362,G
3-PA,881,1322,1,3,1,1327,A
3-PA,882,0,1,0,1330,1331,C
3-PA,883,2,0,0,1321,1323,C
3-PA,884,6,2,0,1284,1292,C
3-PA,885,1280,0,3,0,1283,A
3-PA,886,1282,0,2,0,1284,A
3-PA,887,0,0,1293,0,1293,G
3-PA,888,0,1292,4,0,1296,T
3-PA,889,5,1,0,1285,1291,C
3-PA,890,1292,0,1,0,1293,A
3-PA,891,0,1,0,1285,1286,C
3-PA,892,0,0,1286,0,1286,G
3-PA,893,1300,0,0,0,1300,A
3-PA,894,1305,0,1,0,1306,A
3-PA,895,1,2,1341,0,1344,G
3-PA,896,0,7,1337,0,1344,G
3-PA,897,1335,0,3,0,1338,A
3-PA,898,0,2,1349,0,1351,G
3-PA,899,1351,0,2,0,1353,A
3-PA,900,1349,1,3,0,1353,A
3-PA,901,1,3,1357,0,1361,G
3-PA,902,0,3,1341,0,1344,G
3-PA,903,0,2,1343,0,1345,G
3-PA,904,1307,0,3,0,1310,A
3-PA,905,0,1311,0,1,1312,T
3-PA,906,7,0,0,1306,1313,C
3-PA,907,1,0,0,1440,1441,C
3-PA,908,3,1,0,1447,1451,C
3-PA,909,1468,0,0,0,1468,A
3-PA,910,1,1462,0,3,1466,T
3-PA,911,0,1471,0,1,1472,T
3-PA,912,1489,0,5,0,1494,A
3-PA,913,0,1497,0,1,1498,T
3-PA,914,1494,0,0,0,1494,A
3-PA,915,0,1491,0,1,1492,T
3-PA,916,0,5,1323,0,1328,G
3-PA,917,1324,0,0,0,1324,A
3-PA,918,0,1312,0,0,1312,T
3-PA,919,0,0,1320,1,1321,G
3-PA,920,0,1,0,1307,1308,C
3-PA,921,0,8,1292,0,1300,G
3-PA,922,1308,0,1,0,1309,A
3-PA,923,0,1305,0,1,1306,T
3-PA,924,13,0,0,1297,1310,C
3-PA,925,1305,0,1,0,1306,A
3-PA,926,1304,0,3,0,1307,A
3-PA,927,2,0,1309,0,1311,G
3-PA,928,1,1305,0,2,1308,T
3-PA,929,4,2,1315,0,1321,G
3-PA,930,0,2,0,1322,1324,C
3-PA,931,1326,0,0,0,1326,A
3-PA,932,0,1328,0,2,1330,T
3-PA,933,1325,0,1,0,1326,A
3-PA,934,1341,1,1,0,1343,A
3-PA,935,1339,0,0,0,1339,A
3-PA,936,1336,0,1,0,1337,A
3-PA,937,1341,0,1,0,1342,A
3-PA,938,0,1,0,1346,1347,C
3-PA,939,1339,0,0,0,1339,A
3-PA,940,0,1344,0,2,1346,T
3-PA,941,0,1346,0,1,1347,T
3-PA,942,4,0,0,1348,1352,C
3-PA,943,0,1290,0,1,1291,T
3-PA,944,1,1288,0,2,1291,T
3-PA,945,0,1291,0,2,1293,T
3-PA,946,0,7,1286,0,1293,G
3-PA,947,0,3,1288,0,1291,G
3-PA,948,1292,1,0,0,1293,A
3-PA,949,0,1289,0,2,1291,T
3-PA,950,1,3,1296,0,1300,G
3-PA,951,0,5,1331,0,1336,G
3-PA,952,1339,1,2,0,1342,A
3-PA,953,1340,0,1,0,1341,A
3-PA,954,1344,0,1,0,1345,A
3-PA,955,0,4,1362,0,1366,G
3-PA,956,1359,0,1,0,1360,A
3-PA,957,1477,0,5,0,1482,A
3-PA,958,2,0,0,1502,1504,C
3-PA,959,2,0,0,1507,1509,C
3-PA,960,1,1497,0,0,1498,T
3-PA,961,0,1523,0,1,1524,T
3-PA,962,1526,0,0,0,1526,A
3-PA,963,0,1526,0,1,1527,T
3-PA,964,1516,0,1,0,1517,A
3-PA,965,0,1535,1,0,1536,T
3-PA,966,1428,0,0,0,1428,A
3-PA,967,2,1,1438,0,1441,G
3-PA,968,0,1421,0,8,1429,T
3-PA,969,6,0,0,1425,1431,C
3-PA,970,1403,0,1,0,1404,A
3-PA,971,1414,1,0,0,1415,A
3-PA,972,1414,0,2,1,1417,A
3-PA,973,0,0,0,1424,1424,C
3-PA,974,2,0,0,1409,1411,C
3-PA,975,1394,0,0,0,1394,A
3-PA,976,1,0,0,1403,1404,C
3-PA,977,1402,0,5,0,1407,A
3-PA,978,0,1,1,1409,1411,C
3-PA,979,4,4,1408,1,1417,G
3-PA,980,1412,0,1,0,1413,A
3-PA,981,1415,0,1,1,1417,A
3-PA,982,1407,0,1,0,1408,A
3-PA,983,1407,1,2,0,1410,A
3-PA,984,1,3,1411,0,1415,G
3-PA,985,0,3,1396,0,1399,G
3-PA,986,0,1,1407,1,1409,G
3-PA,987,1407,0,2,0,1409,A
3-PA,988,1406,0,2,0,1408,A
3-PA,989,0,1408,0,0,1408,T
3-PA,990,1403,0,0,0,1403,A
3-PA,991,1402,0,0,0,1402,A
3-PA,992,1406,0,0,0,1406,A
3-PA,993,0,1393,0,1,1394,T
3-PA,994,0,1388,0,0,1388,T
3-PA,995,10,0,0,1387,1397,C
3-PA,996,1397,0,0,0,1397,A
3-PA,997,1404,0,0,0,1404,A
3-PA,998,1400,1,0,0,1401,A
3-PA,999,0,1393,0,1,1394,T
3-PA,1000,0,1406,0,0,1406,T
3-PA,1001,1412,0,1,0,1413,A
3-PA,1002,1,1,0,1403,1405,C
3-PA,1003,1,0,0,1416,1417,C
3-PA,1004,0,1350,0,0,1350,T
3-PA,1005,0,2,1361,1,1364,G
3-PA,1006,1,0,0,1365,1366,C
3-PA,1007,0,1366,0,0,1366,T
3-PA,1008,3,1,1380,0,1384,G
3-PA,1009,0,1387,0,0,1387,T
3-PA,1010,3,1,0,1384,1388,C
3-PA,1011,1388,1,0,1,1390,A
3-PA,1012,1,1383,0,4,1388,T
3-PA,1013,0,0,1387,0,1387,G
3-PA,1014,1,7,1391,0,1399,G
3-PA,1015,1400,0,1,0,1401,A
3-PA,1016,1425,0,1,0,1426,A
3-PA,1017,1,0,1419,0,1420,G
3-PA,1018,0,2,0,1412,1414,C
3-PA,1019,1409,1,2,0,1412,A
3-PA,1020,1411,1,5,0,1417,A
3-PA,1021,0,1,1433,0,1434,G
3-PA,1022,1,1429,1,0,1431,T
3-PA,1023,1425,0,1,0,1426,A
3-PA,1024,0,0,0,1426,1426,C
3-PA,1025,1,1412,0,0,1413,T
3-PA,1026,2,2,1424,0,1428,G
3-PA,1027,1,1422,0,2,1425,T
3-PA,1028,4,1,0,1423,1428,C
3-PA,1029,1422,1,0,0,1423,A
3-PA,1030,5,6,1431,0,1442,G
3-PA,1031,1439,1,1,0,1441,A
3-PA,1032,1448,0,0,0,1448,A
3-PA,1033,0,1455,0,1,1456,T
3-PA,1034,0,1442,0,1,1443,T
3-PA,1035,1,0,1438,2,1441,G
3-PA,1036,2,2,0,1429,1433,C
3-PA,1037,1427,1,2,0,1430,A
3-PA,1038,0,3,1432,0,1435,G
3-PA,1039,0,4,1410,0,1414,G
3-PA,1040,1415,0,0,0,1415,A
3-PA,1041,2,0,0,1408,1410,C
3-PA,1042,5,1,1388,1,1395,G
3-PA,1043,0,1431,0,0,1431,T
3-PA,1044,1,1428,0,1,1430,T
3-PA,1045,0,4,1437,1,1442,G
3-PA,1046,1445,0,1,1,1447,A
3-PA,1047,1447,1,0,0,1448,A
3-PA,1048,1443,0,2,0,1445,A
3-PA,1049,1441,1,9,0,1451,A
3-PA,1050,0,1444,0,1,1445,T
3-PA,1051,0,4,1453,0,1457,G
3-PA,1052,1450,0,5,0,1455,A
3-PA,1053,0,2,1457,0,1459,G
3-PA,1054,0,5,1457,1,1463,G
3-PA,1055,1451,1,0,0,1452,A
3-PA,1056,0,3,1454,0,1457,G
3-PA,1057,1468,0,2,0,1470,A
3-PA,1058,1465,0,3,0,1468,A
3-PA,1059,0,2,1465,0,1467,G
3-PA,1060,0,1,1454,0,1455,G
3-PA,1061,0,1527,0,1,1528,T
3-PA,1062,0,1531,1,1,1533,T
3-PA,1063,6,1,0,1527,1534,C
3-PA,1064,5,0,1,1528,1534,C
3-PA,1065,1535,0,0,0,1535,A
3-PA,1066,1533,1,0,0,1534,A
3-PA,1067,1,2,1546,0,1549,G
3-PA,1068,0,6,1565,0,1571,G
3-PA,1069,1545,0,2,0,1547,A
3-PA,1070,1,1,1,1553,1556,C
3-PA,1071,0,1555,0,0,1555,T
3-PA,1072,1553,0,0,0,1553,A
3-PA,1073,1555,1,0,0,1556,A
3-PA,1074,1556,0,1,1,1558,A
3-PA,1075,1553,1,5,0,1559,A
3-PA,1076,1549,0,2,1,1552,A
3-PA,1077,0,1,0,1543,1544,C
3-PA,1078,1539,0,0,0,1539,A
3-PA,1079,0,1534,0,0,1534,T
3-PA,1080,1,7,1534,0,1542,G
3-PA,1081,1550,0,0,0,1550,A
3-PA,1082,1548,0,3,0,1551,A
3-PA,1083,1,5,1557,0,1563,G
3-PA,1084,1566,0,0,0,1566,A
3-PA,1085,1569,0,1,0,1570,A
3-PA,1086,1560,0,1,0,1561,A
3-PA,1087,1561,0,3,0,1564,A
3-PA,1088,0,1,0,1567,1568,C
3-PA,1089,1,4,1554,0,1559,G
3-PA,1090,1567,0,3,0,1570,A
3-PA,1091,0,1,1570,1,1572,G
3-PA,1092,0,1560,1,1,1562,T
3-PA,1093,11,0,1,1579,1591,C
3-PA,1094,1598,0,0,0,1598,A
3-PA,1095,1632,0,0,0,1632,A
3-PA,1096,0,0,0,1633,1633,C
3-PA,1097,0,1620,0,2,1622,T
3-PA,1098,3,5,1637,0,1645,G
3-PA,1099,1645,1,2,0,1648,A
3-PA,1100,1639,0,7,0,1646,A
3-PA,1101,1,0,1647,0,1648,G
3-PA,1102,1,1612,1,3,1617,T
3-PA,1103,2,6,1612,0,1620,G
3-PA,1104,0,3,1605,0,1608,G
3-PA,1105,1,0,1611,0,1612,G
3-PA,1106,2,0,0,1606,1608,C
3-PA,1107,0,1604,0,1,1605,T
3-PA,1108,5,0,0,1612,1617,C
3-PA,1109,0,1606,0,2,1608,T
3-PA,1110,0,1616,0,1,1617,T
3-PA,1111,0,1,1643,0,1644,G
3-PA,1112,1,2,1650,0,1653,G
3-PA,1113,1,1642,0,0,1643,T
3-PA,1114,1,10,1629,1,1641,G
3-PA,1115,1635,0,0,0,1635,A
3-PA,1116,1648,0,4,0,1652,A
3-PA,1117,1649,0,0,0,1649,A
3-PA,1118,1657,0,1,0,1658,A
3-PA,1119,0,0,0,1676,1676,C
3-PA,1120,1642,0,1,0,1643,A
3-PA,1121,1,1642,0,2,1645,T
3-PA,1122,2,7,1632,0,1641,G
3-PA,1123,3,3,1665,0,1671,G
3-PA,1124,1,1,0,1669,1671,C
3-PA,1125,1671,0,2,2,1675,A
3-PA,1126,1,1,0,1687,1689,C
3-PA,1127,2,2,0,1691,1695,C
3-PA,1128,1726,0,3,0,1729,A
3-PA,1129,1,4,1760,0,1765,G
3-PA,1130,1758,1,1,0,1760,A
3-PA,1131,3,1,1772,0,1776,G
3-PA,1132,1779,0,3,0,1782,A
3-PA,1133,1795,1,2,0,1798,A
3-PA,1134,0,9,1806,1,1816,G
3-PA,1135,0,0,1815,0,1815,G
3-PA,1136,1,1810,0,0,1811,T
3-PA,1137,1819,0,2,0,1821,A
3-PA,1138,0,13,1810,0,1823,G
3-PA,1139,1823,0,3,0,1826,A
3-PA,1140,0,1,0,1837,1838,C
3-PA,1141,1,1821,0,2,1824,T
3-PA,1142,0,1827,0,3,1830,T
3-PA,1143,0,1822,0,1,1823,T
3-PA,1144,1,9,1824,0,1834,G
3-PA,1145,1817,1,13,0,1831,A
3-PA,1146,1831,0,2,0,1833,A
3-PA,1147,1836,0,1,0,1837,A
3-PA,1148,1824,0,1,1,1826,A
3-PA,1149,0,0,0,1863,1863,C
3-PA,1150,0,1846,0,0,1846,T
3-PA,1151,1,0,1853,1,1855,G
3-PA,1152,2,3,0,1854,1859,C
3-PA,1153,1851,0,4,0,1855,A
3-PA,1154,0,6,1853,0,1859,G
3-PA,1155,1854,0,2,1,1857,A
3-PA,1156,0,4,1931,0,1935,G
3-PA,1157,1940,0,7,0,1947,A
3-PA,1158,1,1,0,1929,1931,C
3-PA,1159,1933,1,2,0,1936,A
3-PA,1160,0,1921,0,0,1921,T
3-PA,1161,1925,0,1,0,1926,A
3-PA,1162,1922,0,1,0,1923,A
3-PA,1163,0,0,1924,0,1924,G
3-PA,1164,1,1,0,1922,1924,C
3-PA,1165,1,13,1872,0,1886,G
3-PA,1166,1923,0,1,0,1924,A
3-PA,1167,0,1904,0,1,1905,T
3-PA,1168,0,1908,0,0,1908,T
3-PA,1169,0,1908,1,1,1910,T
3-PA,1170,0,5,1902,0,1907,G
3-PA,1171,1912,0,0,0,1912,A
3-PA,1172,1905,1,3,0,1909,A
3-PA,1173,3,1,1923,0,1927,G
3-PA,1174,3,0,0,1958,1961,C
3-PA,1175,1934,1,0,1,1936,A
3-PA,1176,2078,0,1,1,2080,A
3-PA,1177,0,2088,0,0,2088,T
3-PA,1178,2081,1,3,0,2085,A
3-PA,1179,0,2092,0,0,2092,T
3-PA,1180,0,9,2090,0,2099,G
3-PA,1181,2115,1,2,0,2118,A
3-PA,1182,0,2106,1,0,2107,T
3-PA,1183,2046,0,1,0,2047,A
3-PA,1184,0,1,2055,0,2056,G
3-PA,1185,0,1957,0,1,1958,T
3-PA,1186,1,6,1958,0,1965,G
3-PA,1187,1963,0,1,0,1964,A
3-PA,1188,0,1,0,1958,1959,C
3-PA,1189,0,12,1943,0,1955,G
3-PA,1190,1954,0,1,0,1955,A
3-PA,1191,1959,0,3,0,1962,A
3-PA,1192,2,1,0,1988,1991,C
3-PA,1193,5,0,0,1981,1986,C
3-PA,1194,1,1979,0,2,1982,T
3-PA,1195,0,10,2051,1,2062,G
3-PA,1196,2055,0,0,0,2055,A
3-PA,1197,2058,1,0,0,2059,A
3-PA,1198,0,2064,0,0,2064,T
3-PA,1199,0,2051,1,0,2052,T
3-PA,1200,2047,1,0,0,2048,A
3-PA,1201,2025,0,2,0,2027,A
3-PA,1202,1,5,2033,0,2039,G
3-PA,1203,0,0,2046,0,2046,G
3-PA,1204,0,1969,0,4,1973,T
3-PA,1205,14,0,0,1959,1973,C
3-PA,1206,1971,0,3,0,1974,A
3-PA,1207,0,0,0,2073,2073,C
3-PA,1208,0,2070,0,3,2073,T
3-PA,1209,0,2078,0,2,2080,T
3-PA,1210,0,2083,0,1,2084,T
3-PA,1211,9,1,0,2065,2075,C
3-PA,1212,2069,0,4,0,2073,A
3-PA,1213,2067,0,5,1,2073,A
3-PA,1214,0,0,2120,0,2120,G
3-PA,1215,0,0,0,2126,2126,C
3-PA,1216,0,2084,0,3,2087,T
3-PA,1217,0,2,2132,0,2134,G
3-PA,1218,1,7,2134,0,2142,G
3-PA,1219,2176,0,1,0,2177,A
3-PA,1220,1,2204,0,0,2205,T
3-PA,1221,2204,0,1,1,2206,A
3-PA,1222,1,0,0,2223,2224,C
3-PA,1223,2174,1,3,2,2180,A
3-PA,1224,0,3,2211,0,2214,G
3-PA,1225,2206,0,2,0,2208,A
3-PA,1226,2182,0,2,2,2186,A
3-PA,1227,0,2160,0,0,2160,T
3-PA,1228,1,11,2175,0,2187,G
3-PA,1229,2163,0,2,0,2165,A
3-PA,1230,0,1,2217,0,2218,G
3-PA,1231,0,2203,0,5,2208,T
3-PA,1232,0,2202,0,2,2204,T
3-PA,1233,18,1,0,2215,2234,C
3-PA,1234,2239,1,0,0,2240,A
3-PA,1235,2237,0,0,6,2243,A
3-PA,1236,0,2,0,2243,2245,C
3-PA,1237,2218,0,1,0,2219,A
3-PA,1238,2214,0,3,0,2217,A
3-PA,1239,1,3,2231,0,2235,G
3-PA,1240,1,0,2261,0,2262,G
3-PA,1241,1,0,0,2280,2281,C
3-PA,1242,1,0,0,2262,2263,C
3-PA,1243,1,2223,1,3,2228,T
3-PA,1244,0,0,2247,0,2247,G
3-PA,1245,1,2243,0,2,2246,T
3-PA,1246,0,8,2263,0,2271,G
3-PA,1247,2272,1,2,0,2275,A
3-PA,1248,0,1,2280,0,2281,G
3-PA,1249,1,0,0,2272,2273,C
3-PA,1250,0,2252,0,3,2255,T
3-PA,1251,2293,0,1,0,2294,A
3-PA,1252,2295,1,1,0,2297,A
3-PA,1253,1,0,0,2301,2302,C
3-PA,1254,2,2283,0,0,2285,T
3-PA,1255,0,12,2277,0,2289,G
3-PA,1256,2282,1,0,0,2283,A
3-PA,1257,2,2278,0,1,2281,T
3-PA,1258,0,2284,0,1,2285,T
3-PA,1259,10,1,0,2279,2290,C
3-PA,1260,2338,0,2,0,2340,A
3-PA,1261,3,1,2395,0,2399,G
3-PA,1262,0,2386,0,5,2391,T
3-PA,1263,7,0,0,2385,2392,C
3-PA,1264,2,2374,1,2,2379,T
3-PA,1265,0,2,2461,0,2463,G
3-PA,1266,1,9,2455,1,2466,G
3-PA,1267,2466,1,2,0,2469,A
3-PA,1268,0,2468,0,3,2471,T
3-PA,1269,2381,0,0,1,2382,A
3-PA,1270,0,3,2378,1,2382,G
3-PA,1271,2360,0,5,0,2365,A
3-PA,1272,0,1,2388,0,2389,G
3-PA,1273,1,1,1,2385,2388,C
3-PA,1274,0,2349,0,4,2353,T
3-PA,1275,12,4,0,2341,2357,C
3-PA,1276,0,10,2358,0,2368,G
3-PA,1277,2368,0,3,0,2371,A
3-PA,1278,0,2368,0,1,2369,T
3-PA,1279,0,9,2362,0,2371,G
3-PA,1280,2400,0,1,0,2401,A
3-PA,1281,2395,0,4,0,2399,A
3-PA,1282,2399,0,4,0,2403,A
3-PA,1283,0,2406,0,0,2406,T
3-PA,1284,1,2388,0,1,2390,T
3-PA,1285,0,1,2407,0,2408,G
3-PA,1286,0,11,2399,1,2411,G
3-PA,1287,2397,0,4,0,2401,A
3-PA,1288,0,2,2408,0,2410,G
3-PA,1289,2388,0,0,0,2388,A
3-PA,1290,1,5,2412,0,2418,G
3-PA,1291,0,7,2424,0,2431,G
3-PA,1292,2449,0,3,0,2452,A
3-PA,1293,1,0,1,2456,2458,C
3-PA,1294,0,1,2442,1,2444,G
3-PA,1295,0,2442,0,2,2444,T
3-PA,1296,2444,0,5,0,2449,A
3-PA,1297,0,0,2487,0,2487,G
3-PA,1298,1,2,0,2495,2498,C
3-PA,1299,8,1,0,2473,2482,C
3-PA,1300,3,0,0,2474,2477,C
3-PA,1301,2,0,0,2405,2407,C
3-PA,1302,2416,0,0,1,2417,A
3-PA,1303,2480,0,1,2,2483,A
3-PA,1304,0,2478,0,1,2479,T
3-PA,1305,0,2456,0,0,2456,T
3-PA,1306,1,9,2446,1,2457,G
3-PA,1307,2413,1,3,0,2417,A
3-PA,1308,1,3,2428,0,2432,G
3-PA,1309,3,2,0,2420,2425,C
3-PA,1310,2407,0,1,1,2409,A
3-PA,1311,1,1,1,2453,2456,C
3-PA,1312,2395,0,0,0,2395,A
3-PA,1313,1,2460,1,2,2464,T
3-PA,1314,2,2462,0,0,2464,T
3-PA,1315,3,1,2461,0,2465,G
3-PA,1316,6,0,0,2453,2459,C
3-PA,1317,2446,1,0,1,2448,A
3-PA,1318,2447,0,1,0,2448,A
3-PA,1319,0,1,2444,0,2445,G
3-PA,1320,0,1,0,2426,2427,C
3-PA,1321,2423,0,1,0,2424,A
3-PA,1322,0,2355,0,3,2358,T
3-PA,1323,3,10,2348,0,2361,G
3-PA,1324,2344,0,6,0,2350,A
3-PA,1325,0,4,2354,0,2358,G
3-PA,1326,2358,1,2,0,2361,A
3-PA,1327,2357,0,0,0,2357,A
3-PA,1328,2,3,2350,0,2355,G
3-PA,1329,4,7,2341,0,2352,G
3-PA,1330,2348,0,0,0,2348,A
3-PA,1331,2347,0,2,0,2349,A
3-PA,1332,0,2349,0,0,2349,T
3-PA,1333,0,2347,0,1,2348,T
3-PA,1334,2431,1,0,0,2432,A
3-PA,1335,3,2439,0,0,2442,T
3-PA,1336,1,2435,0,1,2437,T
3-PA,1337,2,2431,0,2,2435,T
3-PA,1338,8,1,0,2414,2423,C
3-PA,1339,2414,0,2,0,2416,A
3-PA,1340,0,0,0,2465,2465,C
3-PA,1341,2457,0,1,0,2458,A
3-PA,1342,1,1,2478,0,2480,G
3-PA,1343,0,2,0,2466,2468,C
3-PA,1344,2454,1,2,1,2458,A
3-PA,1345,0,4,2470,0,2474,G
3-PA,1346,2457,0,5,0,2462,A
3-PA,1347,1,7,2473,0,2481,G
3-PA,1348,1,0,2484,1,2486,G
3-PA,1349,2,2422,0,4,2428,T
3-PA,1350,4,0,2457,0,2461,G
3-PA,1351,0,2437,0,3,2440,T
3-PA,1352,10,0,1,2433,2444,C
3-PA,1353,5,1,0,2449,2455,C
3-PA,1354,5,2,0,2446,2453,C
3-PA,1355,2450,0,0,0,2450,A
3-PA,1356,1,2455,0,2,2458,T
3-PA,1357,0,2444,0,1,2445,T
3-PA,1358,2,1,2453,0,2456,G
3-PA,1359,0,2421,0,0,2421,T
3-PA,1360,2387,0,0,0,2387,A
3-PA,1361,2,3,2372,0,2377,G
3-PA,1362,2331,0,3,0,2334,A
3-PA,1363,0,3,2346,0,2349,G
3-PA,1364,1,2,0,2307,2310,C
3-PA,1365,5,0,0,2285,2290,C
3-PA,1366,2323,0,4,0,2327,A
3-PA,1367,0,1,2,2329,2332,C
3-PA,1368,2,2311,0,2,2315,T
3-PA,1369,1,11,2302,0,2314,G
3-PA,1370,2308,0,0,0,2308,A
3-PA,1371,2274,0,3,0,2277,A
3-PA,1372,1,2318,1,1,2321,T
3-PA,1373,2339,0,0,0,2339,A
3-PA,1374,1,2,0,2364,2367,C
3-PA,1375,2317,0,0,0,2317,A
3-PA,1376,0,2332,0,1,2333,T
3-PA,1377,2328,0,2,0,2330,A
3-PA,1378,2352,1,3,0,2356,A
3-PA,1379,1,2348,0,1,2350,T
3-PA,1380,0,2,2317,0,2319,G
3-PA,1381,2305,1,1,0,2307,A
3-PA,1382,2265,0,3,0,2268,A
3-PA,1383,1,2,2266,0,2269,G
3-PA,1384,1,1,2239,2,2243,G
3-PA,1385,0,5,2242,2,2249,G
3-PA,1386,3,6,2234,1,2244,G
3-PA,1387,0,0,2246,0,2246,G
3-PA,1388,1,2136,0,1,2138,T
3-PA,1389,2,1,2129,0,2132,G
3-PA,1390,1,2203,0,1,2205,T
3-PA,1391,2368,0,0,0,2368,A
3-PA,1392,0,0,0,2536,2536,C
3-PA,1393,2491,1,3,0,2495,A
3-PA,1394,0,2480,0,2,2482,T
3-PA,1395,0,2457,0,3,2460,T
3-PA,1396,2443,0,1,0,2444,A
3-PA,1397,2493,0,3,0,2496,A
3-PA,1398,0,0,0,2485,2485,C
3-PA,1399,2420,0,0,0,2420,A
3-PA,1400,1,0,0,2426,2427,C
3-PA,1401,1,2247,0,0,2248,T
3-PA,1402,1,1,2334,0,2336,G
3-PA,1403,2,1,0,2326,2329,C
3-PA,1404,5,1,1,2322,2329,C
3-PA,1405,4,0,0,2332,2336,C
3-PA,1406,0,2287,0,0,2287,T
3-PA,1407,1,1,2375,0,2377,G
3-PA,1408,1,0,0,2377,2378,C
3-PA,1409,0,2375,0,2,2377,T
3-PA,1410,11,1,1,2406,2419,C
3-PA,1411,2362,0,0,1,2363,A
3-PA,1412,2386,0,1,0,2387,A
3-PA,1413,0,2385,0,1,2386,T
3-PA,1414,1,2,2381,0,2384,G
3-PA,1415,1,1,0,2381,2383,C
3-PA,1416,2319,0,1,0,2320,A
3-PA,1417,0,2317,1,4,2322,T
3-PA,1418,4,0,0,2310,2314,C
3-PA,1419,5,0,0,2329,2334,C
3-PA,1420,0,2253,0,2,2255,T
3-PA,1421,2,1,2298,0,2301,G
3-PA,1422,0,2294,0,0,2294,T
3-PA,1423,0,2,2287,0,2289,G
3-PA,1424,1,0,0,2291,2292,C
3-PA,1425,2270,0,1,0,2271,A
3-PA,1426,1,2,2298,0,2301,G
3-PA,1427,1,0,0,2298,2299,C
3-PA,1428,2269,0,0,1,2270,A
3-PA,1429,2269,0,0,0,2269,A
3-PA,1430,0,2216,0,0,2216,T
3-PA,1431,0,10,2226,1,2237,G
3-PA,1432,0,2,2234,0,2236,G
3-PA,1433,2237,0,3,0,2240,A
3-PA,1434,2,0,0,2230,2232,C
3-PA,1435,3,13,2207,0,2223,G
3-PA,1436,2259,0,0,0,2259,A
3-PA,1437,2,2254,0,0,2256,T
3-PA,1438,0,2252,0,1,2253,T
3-PA,1439,0,2247,0,0,2247,T
3-PA,1440,0,2243,1,3,2247,T
3-PA,1441,4,0,0,2245,2249,C
3-PA,1442,2253,0,1,0,2254,A
3-PA,1443,2260,0,3,0,2263,A
3-PA,1444,1,1,0,2260,2262,C
3-PA,1445,0,2247,0,0,2247,T
3-PA,1446,2243,0,0,1,2244,A
3-PA,1447,2238,0,0,0,2238,A
3-PA,1448,1,2254,0,0,2255,T
3-PA,1449,0,2250,0,2,2252,T
3-PA,1450,13,1,0,2243,2257,C
3-PA,1451,2,5,0,2244,2251,C
3-PA,1452,4,6,0,2232,2242,C
3-PA,1453,2242,0,2,0,2244,A
3-PA,1454,0,2264,0,2,2266,T
3-PA,1455,0,5,2263,0,2268,G
3-PA,1456,2266,0,2,0,2268,A
3-PA,1457,0,2258,0,0,2258,T
3-PA,1458,2252,0,1,1,2254,A
3-PA,1459,2267,0,4,0,2271,A
3-PA,1460,1,4,2264,0,2269,G
3-PA,1461,2,1,0,2260,2263,C
3-PA,1462,2256,0,0,1,2257,A
3-PA,1463,2218,2,1,0,2221,A
3-PA,1464,0,1,2409,0,2410,G
3-PA,1465,0,2390,0,4,2394,T
3-PA,1466,1,1,2387,0,2389,G
3-PA,1467,2,0,0,2386,2388,C
3-PA,1468,2365,0,2,0,2367,A
3-PA,1469,6,5,2384,0,2395,G
3-PA,1470,2387,0,2,0,2389,A
3-PA,1471,2416,0,2,0,2418,A
3-PA,1472,0,2,0,2424,2426,C
3-PA,1473,0,2358,0,0,2358,T
3-PA,1474,2378,0,0,0,2378,A
3-PA,1475,2371,1,3,0,2375,A
3-PA,1476,2374,0,3,0,2377,A
3-PA,1477,1,2,2375,0,2378,G
3-PA,1478,2287,0,3,0,2290,A
3-PA,1479,2,4,2287,0,2293,G
3-PA,1480,0,1,2240,0,2241,G
3-PA,1481,2,0,2229,0,2231,G
3-PA,1482,2216,0,7,0,2223,A
3-PA,1483,2196,0,3,0,2199,A
3-PA,1484,0,2,2200,0,2202,G
3-PA,1485,0,0,2198,0,2198,G
3-PA,1486,1,0,0,2192,2193,C
3-PA,1487,1,8,2188,0,2197,G
3-PA,1488,2188,0,0,0,2188,A
3-PA,1489,2191,0,0,0,2191,A
3-PA,1490,2196,0,2,0,2198,A
3-PA,1491,2193,0,3,0,2196,A
3-PA,1492,2186,2,1,0,2189,A
3-PA,1493,2,0,0,2203,2205,C
3-PA,1494,2,1,0,2209,2212,C
3-PA,1495,2210,0,0,0,2210,A
3-PA,1496,2241,0,0,0,2241,A
3-PA,1497,0,2233,0,0,2233,T
3-PA,1498,0,2234,0,0,2234,T
3-PA,1499,0,2244,1,0,2245,T
3-PA,1500,2253,0,0,0,2253,A
3-PA,1501,0,2242,0,1,2243,T
3-PA,1502,2218,2,18,1,2239,A
3-PA,1503,0,2235,0,2,2237,T
3-PA,1504,0,2,2209,1,2212,G
3-PA,1505,0,11,2199,0,2210,G
3-PA,1506,2204,0,0,0,2204,A
3-PA,1507,0,2196,0,1,2197,T
3-PA,1508,1,2184,2,1,2188,T
3-PA,1509,10,0,0,2184,2194,C
3-PA,1510,2202,0,2,0,2204,A
3-PA,1511,2,2212,0,0,2214,T
3-PA,1512,3,3,0,2207,2213,C
3-PA,1513,2196,0,2,0,2198,A
3-PA,1514,0,2189,0,0,2189,T
3-PA,1515,2176,0,1,0,2177,A
3-PA,1516,2175,0,1,0,2176,A
3-PA,1517,2170,0,2,1,2173,A
3-PA,1518,0,3,2168,0,2171,G
3-PA,1519,0,1,2127,0,2128,G
3-PA,1520,1,2,2112,0,2115,G
3-PA,1521,2101,0,0,0,2101,A
3-PA,1522,2081,0,2,0,2083,A
3-PA,1523,0,4,2093,0,2097,G
3-PA,1524,2092,0,2,0,2094,A
3-PA,1525,1,2089,0,2,2092,T
3-PA,1526,0,1,0,2087,2088,C
3-PA,1527,0,2054,0,1,2055,T
3-PA,1528,10,1,0,2080,2091,C
3-PA,1529,2086,0,0,0,2086,A
3-PA,1530,0,2076,0,4,2080,T
3-PA,1531,1,2077,0,0,2078,T
3-PA,1532,0,2069,0,0,2069,T
3-PA,1533,2064,0,0,0,2064,A
3-PA,1534,2062,2,1,0,2065,A
3-PA,1535,0,0,2064,0,2064,G
3-PA,1536,0,5,2078,0,2083,G
3-PA,1537,1981,0,0,0,1981,A
3-PA,1538,1983,0,1,0,1984,A
3-PA,1539,0,1979,0,1,1980,T
3-PA,1540,0,7,1991,0,1998,G
3-PA,1541,2029,0,4,0,2033,A
3-PA,1542,1,2,0,2029,2032,C
3-PA,1543,2016,1,2,0,2019,A
3-PA,1544,1,0,0,2022,2023,C
3-PA,1545,1977,0,0,0,1977,A
3-PA,1546,0,2,2003,0,2005,G
3-PA,1547,1994,0,3,0,1997,A
3-PA,1548,1,1,0,1980,1982,C
3-PA,1549,0,0,1975,0,1975,G
3-PA,1550,0,1864,0,3,1867,T
3-PA,1551,0,2,1880,0,1882,G
3-PA,1552,0,0,1891,0,1891,G
3-PA,1553,0,1892,0,1,1893,T
3-PA,1554,1889,0,0,0,1889,A
3-PA,1555,1871,0,1,0,1872,A
3-PA,1556,1876,1,0,0,1877,A
3-PA,1557,0,1870,0,0,1870,T
3-PA,1558,0,1853,0,1,1854,T
3-PA,1559,1,1854,0,1,1856,T
3-PA,1560,0,1841,1,0,1842,T
3-PA,1561,0,1,1843,0,1844,G
3-PA,1562,1,1798,0,2,1801,T
3-PA,1563,1,12,1783,0,1796,G
3-PA,1564,1785,2,2,0,1789,A
3-PA,1565,0,0,1795,0,1795,G
3-PA,1566,1,1,0,1784,1786,C
3-PA,1567,1787,1,1,0,1789,A
3-PA,1568,1,1788,1,0,1790,T
3-PA,1569,0,5,1785,0,1790,G
3-PA,1570,0,3,1803,0,1806,G
3-PA,1571,1803,1,2,1,1807,A
3-PA,1572,0,0,1809,0,1809,G
3-PA,1573,0,1794,0,1,1795,T
3-PA,1574,0,1776,0,2,1778,T
3-PA,1575,0,1780,0,2,1782,T
3-PA,1576,1,1780,1,1,1783,T
3-PA,1577,4,0,0,1775,1779,C
3-PA,1578,1,1765,1,4,1771,T
3-PA,1579,9,1,1,1758,1769,C
3-PA,1580,0,1716,1,5,1722,T
3-PA,1581,3,1,0,1711,1715,C
3-PA,1582,1710,0,1,1,1712,A
3-PA,1583,0,0,0,1711,1711,C
3-PA,1584,0,1686,0,0,1686,T
3-PA,1585,0,5,1677,0,1682,G
3-PA,1586,1682,0,1,0,1683,A
3-PA,1587,0,0,0,1696,1696,C
3-PA,1588,2,1,0,1682,1685,C
3-PA,1589,1,2,1,1662,1666,C
3-PA,1590,0,2,1664,1,1667,G
3-PA,1591,1658,0,5,0,1663,A
3-PA,1592,2,6,1662,0,1670,G
3-PA,1593,1664,0,1,0,1665,A
3-PA,1594,0,0,0,1655,1655,C
3-PA,1595,1,1633,0,0,1634,T
3-PA,1596,0,1588,0,0,1588,T
3-PA,1597,1,6,1579,0,1586,G
3-PA,1598,1583,0,3,0,1586,A
3-PA,1599,0,0,1588,0,1588,G
3-PA,1600,0,0,0,1584,1584,C
3-PA,1601,4,0,1,1526,1531,C
3-PA,1602,1560,0,2,0,1562,A
3-PA,1603,0,0,0,1561,1561,C
3-PA,1604,1565,0,2,0,1567,A
3-PA,1605,0,1568,0,0,1568,T
3-PA,1606,1562,0,0,0,1562,A
3-PA,1607,1555,1,0,0,1556,A
3-PA,1608,1549,0,1,0,1550,A
3-PA,1609,0,1547,0,0,1547,T
3-PA,1610,1,2,1538,0,1541,G
3-PA,1611,0,0,1489,0,1489,G
3-PA,1612,0,3,1491,1,1495,G
3-PA,1613,1475,0,2,1,1478,A
3-PA,1614,1,4,1455,0,1460,G
3-PA,1615,1452,0,2,0,1454,A
3-PA,1616,1446,2,0,0,1448,A
3-PA,1617,1451,0,0,0,1451,A
3-PA,1618,1,1452,0,0,1453,T
3-PA,1619,1449,0,0,0,1449,A
3-PA,1620,1,1,0,1455,1457,C
3-PA,1621,0,882,0,1,883,T
3-PA,1622,1,0,880,0,881,G
3-PA,1623,0,770,0,1,771,T
3-PA,1624,1,0,789,0,790,G
3-PA,1625,0,784,0,0,784,T
3-PA,1626,3,0,0,749,752,C
3-PA,1627,2,0,0,742,744,C
3-PA,1628,0,728,0,1,729,T
3-PA,1629,0,729,2,0,731,T
3-PA,1630,1,2,727,0,730,G
3-PA,1631,728,0,1,0,729,A
3-PA,1632,0,2,737,0,739,G
3-PA,1633,722,0,1,0,723,A
3-PA,1634,0,723,0,0,723,T
3-PA,1635,717,0,1,0,718,A
3-PA,1636,0,1,730,0,731,G
3-PA,1637,0,2,735,0,737,G
3-PA,1638,721,2,2,0,725,A
3-PA,1639,0,0,729,0,729,G
3-PA,1640,723,0,0,0,723,A
3-PA,1641,0,718,0,0,718,T
3-PA,1642,715,0,1,0,716,A
3-PA,1643,1,717,0,0,718,T
3-PA,1644,0,0,728,0,728,G
3-PA,1645,0,713,0,0,713,T
3-PA,1646,0,708,0,0,708,T
3-PA,1647,718,0,0,0,718,A
3-PA,1648,0,0,0,717,717,C
3-PA,1649,0,708,0,0,708,T
3-PA,1650,709,0,0,0,709,A
3-PA,1651,703,0,0,0,703,A
3-PA,1652,0,0,711,0,711,G
3-PA,1653,706,0,1,0,707,A
3-PA,1654,692,0,1,0,693,A
3-PA,1655,0,0,681,0,681,G
3-PA,1656,0,682,0,0,682,T
3-PA,1657,0,0,694,0,694,G
3-PA,1658,1,0,0,696,697,C
3-PA,1659,2,0,0,693,695,C
3-PA,1660,694,0,0,1,695,A
3-PA,1661,0,694,0,0,694,T
3-PA,1662,686,1,0,0,687,A
3-PA,1663,0,0,691,0,691,G
3-PA,1664,1,0,690,0,691,G
3-PA,1665,0,1,0,697,698,C
3-PA,1666,0,0,0,690,690,C
3-PA,1667,688,0,0,0,688,A
3-PA,1668,688,0,1,0,689,A
3-PA,1669,691,0,0,0,691,A
3-PA,1670,0,694,0,0,694,T
3-PA,1671,0,699,0,0,699,T
3-PA,1672,0,698,0,0,698,T
3-PA,1673,1,0,0,685,686,C
3-PA,1674,620,0,0,0,620,A
3-PA,1675,648,0,0,0,648,A
3-PA,1676,0,0,663,0,663,G
3-PA,1677,0,0,677,0,677,G
3-PA,1678,2,0,0,672,674,C
3-PA,1679,1,0,0,668,669,C
3-PA,1680,671,0,1,0,672,A
3-PA,1681,700,0,0,0,700,A
3-PA,1682,1,699,0,1,701,T
3-PA,1683,0,0,736,0,736,G
3-PA,1684,0,732,0,0,732,T
3-PA,1685,0,772,0,1,773,T
3-PA,1686,3,0,0,780,783,C
3-PA,1687,1,773,0,0,774,T
3-PA,1688,0,773,0,0,773,T
3-PA,1689,726,0,0,0,726,A
3-PA,1690,0,736,0,0,736,T
3-PA,1691,739,0,0,0,739,A
3-PA,1692,0,744,0,1,745,T
3-PA,1693,1,0,744,0,745,G
3-PA,1694,0,710,0,0,710,T
3-PA,1695,0,3,709,0,712,G
3-PA,1696,696,0,0,0,696,A
3-PA,1697,0,0,698,0,698,G
3-PA,1698,0,1,697,0,698,G
3-PA,1699,701,0,0,0,701,A
3-PA,1700,1,1,0,695,697,C
3-PA,1701,690,0,0,0,690,A
3-PA,1702,689,0,0,0,689,A
3-PA,1703,691,1,0,0,692,A
3-PA,1704,0,1,0,691,692,C
3-PA,1705,0,0,691,0,691,G
3-PA,1706,0,3,694,1,698,G
3-PA,1707,688,0,1,0,689,A
3-PA,1708,694,0,0,0,694,A
3-PA,1709,1,0,0,694,695,C
3-PA,1710,696,0,0,0,696,A
3-PA,1711,0,698,0,0,698,T
3-PA,1712,1,0,0,697,698,C
3-PA,1713,695,0,0,0,695,A
3-PA,1714,694,0,0,0,694,A
3-PA,1715,687,0,1,0,688,A
3-PA,1716,0,0,697,0,697,G
3-PA,1717,0,0,700,0,700,G
3-PA,1718,0,694,0,1,695,T
3-PA,1719,2,1,0,692,695,C
3-PA,1720,693,0,0,0,693,A
3-PA,1721,693,0,1,0,694,A
3-PA,1722,698,0,0,0,698,A
3-PA,1723,698,0,0,0,698,A
3-PA,1724,0,702,0,0,702,T
3-PA,1725,0,2,702,0,704,G
3-PA,1726,694,0,2,0,696,A
3-PA,1727,696,0,0,0,696,A
3-PA,1728,697,0,1,0,698,A
3-PA,1729,0,701,0,0,701,T
3-PA,1730,0,0,704,0,704,G
3-PA,1731,2,2,700,0,704,G
3-PA,1732,0,2,701,0,703,G
3-PA,1733,0,1,709,0,710,G
3-PA,1734,698,0,0,0,698,A
3-PA,1735,700,0,1,0,701,A
3-PA,1736,0,702,0,0,702,T
3-PA,1737,0,2,708,0,710,G
3-PA,1738,0,4,707,0,711,G
3-PA,1739,697,0,1,0,698,A
3-PA,1740,0,2,704,0,706,G
3-PA,1741,699,0,0,0,699,A
3-PA,1742,0,696,0,0,696,T
3-PA,1743,0,3,694,0,697,G
3-PA,1744,692,0,1,0,693,A
3-PA,1745,0,0,696,0,696,G
3-PA,1746,694,0,1,0,695,A
3-PA,1747,0,0,0,690,690,C
3-PA,1748,1,1,684,0,686,G
3-PA,1749,0,681,0,1,682,T
3-PA,1750,0,683,0,0,683,T
3-PA,1751,1,0,685,0,686,G
3-PA,1752,0,0,0,684,684,C
3-PA,1753,3,0,0,684,687,C
3-PA,1754,1,680,0,2,683,T
3-PA,1755,1,0,0,702,703,C
3-PA,1756,2,0,0,700,702,C
3-PA,1757,0,703,0,0,703,T
3-PA,1758,0,708,0,0,708,T
3-PA,1759,2,0,0,708,710,C
3-PA,1760,704,0,1,0,705,A
3-PA,1761,0,0,710,0,710,G
3-PA,1762,0,699,3,3,705,T
3-PA,1763,2,0,0,715,717,C
3-PA,1764,704,0,0,0,704,A
3-PA,1765,0,0,0,731,731,C
3-PA,1766,0,731,0,0,731,T
3-PA,1767,1,0,0,735,736,C
3-PA,1768,1,1,0,732,734,C
3-PA,1769,729,0,0,0,729,A
3-PA,1770,0,0,727,0,727,G
3-PA,1771,0,0,0,726,726,C
3-PA,1772,715,1,0,0,716,A
3-PA,1773,0,1,721,0,722,G
3-PA,1774,703,0,0,1,704,A
3-PA,1775,0,709,0,0,709,T
3-PA,1776,3,0,0,697,700,C
3-PA,1777,0,2,698,0,700,G
3-PA,1778,692,1,3,0,696,A
3-PA,1779,0,2,695,1,698,G
3-PA,1780,698,0,0,0,698,A
3-PA,1781,0,0,702,0,702,G
3-PA,1782,0,1,0,693,694,C
3-PA,1783,691,0,0,1,692,A
3-PA,1784,0,692,0,1,693,T
3-PA,1785,0,3,706,0,709,G
3-PA,1786,716,0,0,0,716,A
3-PA,1787,0,711,0,1,712,T
3-PA,1788,0,710,0,0,710,T
3-PA,1789,0,3,709,0,712,G
3-PA,1790,702,0,2,0,704,A
3-PA,1791,709,0,0,0,709,A
3-PA,1792,2,0,710,0,712,G
3-PA,1793,1,0,0,711,712,C
3-PA,1794,0,1,0,701,702,C
3-PA,1795,4,2,699,0,705,G
3-PA,1796,702,0,2,0,704,A
3-PA,1797,0,0,707,0,707,G
3-PA,1798,1,702,0,0,703,T
3-PA,1799,3,1,0,701,705,C
3-PA,1800,1,0,0,701,702,C
3-PA,1801,0,705,0,0,705,T
3-PA,1802,0,0,0,707,707,C
3-PA,1803,1,1,711,0,713,G
3-PA,1804,0,0,731,0,731,G
3-PA,1805,0,727,0,1,728,T
3-PA,1806,0,728,0,0,728,T
3-PA,1807,729,0,1,0,730,A
3-PA,1808,730,0,0,0,730,A
3-PA,1809,733,0,1,0,734,A
3-PA,1810,0,1,744,0,745,G
3-PA,1811,737,0,0,0,737,A
3-PA,1812,1,3,736,0,740,G
3-PA,1813,717,0,0,0,717,A
3-PA,1814,718,0,1,0,719,A
3-PA,1815,722,0,1,0,723,A
3-PA,1816,2,1,728,0,731,G
3-PA,1817,729,0,0,0,729,A
3-PA,1818,1,0,0,728,729,C
3-PA,1819,718,0,1,0,719,A
3-PA,1820,0,713,0,1,714,T
3-PA,1821,0,1,711,1,713,G
3-PA,1822,718,0,1,0,719,A
3-PA,1823,0,0,0,716,716,C
3-PA,1824,1,0,0,712,713,C
3-PA,1825,706,1,0,0,707,A
3-PA,1826,705,0,1,0,706,A
3-PA,1827,702,0,0,0,702,A
3-PA,1828,0,1,701,0,702,G
3-PA,1829,696,0,1,1,698,A
3-PA,1830,0,0,701,0,701,G
3-PA,1831,0,691,0,0,691,T
3-PA,1832,0,693,0,0,693,T
3-PA,1833,0,692,1,0,693,T
3-PA,1834,0,693,0,0,693,T
3-PA,1835,0,689,1,0,690,T
3-PA,1836,0,691,1,0,692,T
3-PA,1837,0,4,691,0,695,G
3-PA,1838,693,0,0,0,693,A
3-PA,1839,0,4,692,0,696,G
3-PA,1840,694,0,0,0,694,A
3-PA,1841,692,1,0,0,693,A
3-PA,1842,0,692,0,2,694,T
3-PA,1843,693,1,0,0,694,A
3-PA,1844,713,0,0,0,713,A
3-PA,1845,714,1,0,0,715,A
3-PA,1846,0,712,0,1,713,T
3-PA,1847,6,0,0,707,713,C
3-PA,1848,708,0,0,0,708,A
3-PA,1849,0,1,710,0,711,G
3-PA,1850,710,1,0,0,711,A
3-PA,1851,711,0,1,0,712,A
3-PA,1852,0,1,717,0,718,G
3-PA,1853,1,0,0,699,700,C
3-PA,1854,697,0,1,0,698,A
3-PA,1855,0,685,0,0,685,T
3-PA,1856,0,1,678,1,680,G
3-PA,1857,0,0,688,0,688,G
3-PA,1858,1,1,0,677,679,C
3-PA,1859,0,1,0,684,685,C
3-PA,1860,1,0,0,686,687,C
3-PA,1861,684,1,0,0,685,A
3-PA,1862,0,686,0,0,686,T
3-PA,1863,0,688,0,0,688,T
3-PA,1864,0,0,689,0,689,G
3-PA,1865,0,0,691,0,691,G
3-PA,1866,0,1,681,0,682,G
3-PA,1867,0,0,681,0,681,G
3-PA,1868,657,0,2,0,659,A
3-PA,1869,0,0,669,0,669,G
3-PA,1870,0,649,0,3,652,T
3-PA,1871,2,0,0,661,663,C
3-PA,1872,1,0,0,686,687,C
3-PA,1873,0,0,0,687,687,C
3-PA,1874,1,0,0,685,686,C
3-PA,1875,0,1,0,685,686,C
3-PA,1876,681,0,1,1,683,A
3-PA,1877,685,0,0,0,685,A
3-PA,1878,0,2,689,0,691,G
3-PA,1879,0,0,668,0,668,G
3-PA,1880,0,2,671,0,673,G
3-PA,1881,630,0,0,0,630,A
3-PA,1882,1,2,635,0,638,G
3-PA,1883,0,638,0,0,638,T
3-PA,1884,0,1,637,0,638,G
3-PA,1885,0,2,638,0,640,G
3-PA,1886,638,1,0,2,641,A
3-PA,1887,637,0,0,0,637,A
3-PA,1888,0,0,639,0,639,G
3-PA,1889,634,0,0,1,635,A
3-PA,1890,634,0,1,1,636,A
3-PA,1891,0,1,632,0,633,G
3-PA,1892,1,0,631,0,632,G
3-PA,1893,0,631,0,0,631,T
3-PA,1894,0,622,1,0,623,T
3-PA,1895,1,0,0,636,637,C
3-PA,1896,2,0,0,622,624,C
3-PA,1897,624,0,0,0,624,A
3-PA,1898,0,624,0,0,624,T
3-PA,1899,0,621,0,0,621,T
3-PA,1900,0,1,626,0,627,G
3-PA,1901,3,1,620,0,624,G
3-PA,1902,0,1,621,0,622,G
3-PA,1903,622,0,0,0,622,A
3-PA,1904,624,0,0,1,625,A
3-PA,1905,621,0,4,0,625,A
3-PA,1906,0,0,637,0,637,G
3-PA,1907,0,634,0,1,635,T
3-PA,1908,3,0,0,636,639,C
3-PA,1909,0,632,0,0,632,T
3-PA,1910,0,1,630,1,632,G
3-PA,1911,0,632,0,1,633,T
3-PA,1912,631,0,0,0,631,A
3-PA,1913,0,1,635,0,636,G
3-PA,1914,0,2,621,0,623,G
3-PA,1915,606,0,1,0,607,A
3-PA,1916,2,0,0,607,609,C
3-PA,1917,0,595,0,0,595,T
3-PA,1918,0,0,0,625,625,C
3-PA,1919,0,624,0,0,624,T
3-PA,1920,624,0,0,0,624,A
3-PA,1921,0,623,0,0,623,T
3-PA,1922,0,622,0,0,622,T
3-PA,1923,0,2,626,0,628,G
3-PA,1924,0,0,621,0,621,G
3-PA,1925,0,0,0,618,618,C
3-PA,1926,0,611,0,0,611,T
3-PA,1927,585,0,0,0,585,A
3-PA,1928,590,0,0,0,590,A
3-PA,1929,0,0,594,0,594,G
3-PA,1930,0,596,0,0,596,T
3-PA,1931,3,0,0,591,594,C
3-PA,1932,586,1,0,0,587,A
3-PA,1933,0,0,602,0,602,G
3-PA,1934,0,599,0,1,600,T
3-PA,1935,613,0,1,0,614,A
3-PA,1936,0,618,0,0,618,T
3-PA,1937,0,620,0,1,621,T
3-PA,1938,1,0,1,620,622,C
3-PA,1939,618,0,0,0,618,A
3-PA,1940,618,0,0,0,618,A
3-PA,1941,0,616,0,0,616,T
3-PA,1942,591,1,0,0,592,A
3-PA,1943,0,0,596,0,596,G
3-PA,1944,2,0,0,595,597,C
3-PA,1945,0,0,0,600,600,C
3-PA,1946,0,584,0,1,585,T
3-PA,1947,0,0,603,0,603,G
3-PA,1948,1,600,1,1,603,T
3-PA,1949,607,0,0,0,607,A
3-PA,1950,0,608,0,0,608,T
3-PA,1951,0,0,592,0,592,G
3-PA,1952,1,0,0,594,595,C
3-PA,1953,583,0,0,0,583,A
3-PA,1954,0,583,0,1,584,T
3-PA,1955,0,1,0,583,584,C
3-PA,1956,570,0,0,0,570,A
3-PA,1957,0,0,0,573,573,C
3-PA,1958,0,1,0,568,569,C
3-PA,1959,570,1,0,1,572,A
3-PA,1960,0,1,0,575,576,C
3-PA,1961,568,0,0,2,570,A
3-PA,1962,569,1,0,0,570,A
3-PA,1963,1,565,0,3,569,T
3-PA,1964,0,570,0,0,570,T
3-PA,1965,1,2,566,0,569,G
3-PA,1966,0,0,560,0,560,G
3-PA,1967,554,0,1,0,555,A
3-PA,1968,556,1,0,0,557,A
3-PA,1969,0,0,564,0,564,G
3-PA,1970,0,2,566,0,568,G
3-PA,1971,565,0,0,0,565,A
3-PA,1972,0,562,0,1,563,T
3-PA,1973,0,561,2,0,563,T
3-PA,1974,0,562,0,0,562,T
3-PA,1975,0,557,0,1,558,T
3-PA,1976,0,0,0,562,562,C
3-PA,1977,561,0,0,0,561,A
3-PA,1978,1,0,560,0,561,G
3-PA,1979,0,0,0,557,557,C
3-PA,1980,1,0,551,0,552,G
3-PA,1981,0,1,556,0,557,G
3-PA,1982,556,0,1,0,557,A
3-PA,1983,0,0,565,0,565,G
3-PA,1984,0,562,0,2,564,T
3-PA,1985,2,0,0,568,570,C
3-PA,1986,570,0,2,0,572,A
3-PA,1987,571,0,2,0,573,A
3-PA,1988,0,2,569,0,571,G
3-PA,1989,571,0,1,0,572,A
3-PA,1990,568,1,0,0,569,A
3-PA,1991,566,0,1,0,567,A
3-PA,1992,560,0,0,0,560,A
3-PA,1993,0,0,0,560,560,C
3-PA,1994,0,550,0,1,551,T
3-PA,1995,0,0,552,0,552,G
3-PA,1996,0,1,0,547,548,C
3-PA,1997,2,549,0,1,552,T
3-PA,1998,1,0,0,550,551,C
3-PA,1999,0,0,0,545,545,C
3-PA,2000,0,545,0,0,545,T
3-PA,2001,0,544,0,0,544,T
3-PA,2002,0,0,546,0,546,G
3-PA,2003,0,545,0,0,545,T
3-PA,2004,0,534,0,1,535,T
3-PA,2005,1,0,543,0,544,G
3-PA,2006,0,543,0,0,543,T
3-PA,2007,0,535,0,0,535,T
3-PA,2008,1,0,0,536,537,C
3-PA,2009,520,0,0,0,520,A
3-PA,2010,0,1,528,0,529,G
3-PA,2011,1,1,523,0,525,G
3-PA,2012,1,0,0,530,531,C
3-PA,2013,0,526,0,0,526,T
3-PA,2014,2,0,0,535,537,C
3-PA,2015,0,533,0,0,533,T
3-PA,2016,0,529,0,0,529,T
3-PA,2017,529,0,1,0,530,A
3-PA,2018,0,0,529,0,529,G
3-PA,2019,0,2,519,0,521,G
3-PA,2020,0,0,522,0,522,G
3-PA,2021,516,0,0,0,516,A
3-PA,2022,0,1,0,516,517,C
3-PA,2023,477,0,0,0,477,A
3-PA,2024,481,0,0,0,481,A
3-PA,2025,0,0,0,496,496,C
3-PA,2026,0,0,0,496,496,C
3-PA,2027,0,497,0,0,497,T
3-PA,2028,0,0,0,493,493,C
3-PA,2029,0,1,491,0,492,G
3-PA,2030,492,0,0,0,492,A
3-PA,2031,492,1,0,0,493,A
3-PA,2032,0,0,0,492,492,C
3-PA,2033,0,0,0,482,482,C
3-PA,2034,0,466,0,1,467,T
3-PA,2035,0,1,464,0,465,G
3-PA,2036,0,1,466,0,467,G
3-PA,2037,0,1,464,0,465,G
3-PA,2038,469,0,0,0,469,A
3-PA,2039,0,0,0,471,471,C
3-PA,2040,1,0,0,468,469,C
3-PA,2041,0,450,0,2,452,T
3-PA,2042,0,451,0,0,451,T
3-PA,2043,0,452,0,0,452,T
3-PA,2044,0,0,453,0,453,G
3-PA,2045,453,0,0,0,453,A
3-PA,2046,0,452,0,0,452,T
3-PA,2047,3,0,0,450,453,C
3-PA,2048,0,440,0,0,440,T
3-PA,2049,0,436,0,0,436,T
3-PA,2050,0,0,433,0,433,G
3-PA,2051,0,0,435,0,435,G
3-PA,2052,0,0,435,0,435,G
3-PA,2053,0,1,436,0,437,G
3-PA,2054,0,0,431,0,431,G
3-PA,2055,0,0,428,0,428,G
3-PA,2056,0,0,0,428,428,C
3-PA,2057,0,426,0,0,426,T
3-PA,2058,441,0,0,0,441,A
3-PA,2059,0,441,0,0,441,T
3-PA,2060,442,0,0,0,442,A
3-PA,2061,0,440,0,0,440,T
3-PA,2062,1,1,422,0,424,G
3-PA,2063,422,0,0,0,422,A
3-PA,2064,418,0,0,0,418,A
3-PA,2065,0,2,416,0,418,G
3-PA,2066,0,0,0,424,424,C
3-PA,2067,404,0,0,0,404,A
3-PA,2068,410,0,0,0,410,A
3-PA,2069,0,409,0,0,409,T
3-PA,2070,0,410,0,0,410,T
3-PA,2071,0,1,411,0,412,G
3-PA,2072,409,0,0,0,409,A
3-PA,2073,0,0,409,0,409,G
3-PA,2074,0,0,405,0,405,G
3-PA,2075,391,0,0,0,391,A
3-PA,2076,0,0,393,0,393,G
3-PA,2077,0,370,0,0,370,T
3-PA,2078,0,0,371,0,371,G
3-PA,2079,1,0,0,369,370,C
3-PA,2080,0,1,0,370,371,C
3-PA,2081,0,371,0,0,371,T
3-PA,2082,0,6,369,0,375,G
3-PA,2083,375,0,0,0,375,A
3-PA,2084,0,373,0,0,373,T
3-PA,2085,0,367,0,0,367,T
3-PA,2086,365,0,0,0,365,A
3-PA,2087,363,0,0,0,363,A
3-PA,2088,0,362,0,0,362,T
3-PA,2089,1,1,358,0,360,G
3-PA,2090,357,0,1,0,358,A
3-PA,2091,0,349,0,0,349,T
3-PA,2092,3,0,0,346,349,C
3-PA,2093,0,0,0,341,341,C
3-PA,2094,0,0,0,341,341,C
3-PA,2095,1,337,0,0,338,T
3-PA,2096,0,1,340,0,341,G
3-PA,2097,0,1,340,0,341,G
3-PA,2098,0,0,343,0,343,G
3-PA,2099,0,337,0,0,337,T
3-PA,2100,0,321,1,0,322,T
3-PA,2101,0,322,0,0,322,T
3-PA,2102,0,319,0,0,319,T
3-PA,2103,1,0,316,0,317,G
3-PA,2104,1,0,0,317,318,C
3-PA,2105,0,311,0,0,311,T
3-PA,2106,0,1,0,309,310,C
3-PA,2107,302,0,0,0,302,A
3-PA,2108,301,0,0,0,301,A
3-PA,2109,0,301,0,0,301,T
3-PA,2110,1,0,299,0,300,G
3-PA,2111,0,0,0,296,296,C
3-PA,2112,0,0,293,0,293,G
3-PA,2113,1,294,0,0,295,T
3-PA,2114,0,0,0,294,294,C
3-PA,2115,0,291,0,1,292,T
3-PA,2116,0,293,0,0,293,T
3-PA,2117,0,0,290,0,290,G
3-PA,2118,0,0,288,0,288,G
3-PA,2119,0,283,1,1,285,T
3-PA,2120,0,281,0,1,282,T
3-PA,2121,2,0,1,277,280,C
3-PA,2122,274,0,0,0,274,A
3-PA,2123,273,0,2,0,275,A
3-PA,2124,0,0,0,273,273,C
3-PA,2125,0,271,0,0,271,T
3-PA,2126,1,0,0,266,267,C
3-PA,2127,2,0,0,254,256,C
3-PA,2128,0,255,0,0,255,T
3-PA,2129,0,254,0,0,254,T
3-PA,2130,1,0,0,254,255,C
3-PA,2131,0,0,0,252,252,C
3-PA,2132,0,244,0,0,244,T
3-PA,2133,0,2,241,0,243,G
3-PA,2134,243,0,0,0,243,A
3-PA,2135,0,0,0,240,240,C
3-PA,2136,236,0,0,0,236,A
3-PA,2137,0,0,0,230,230,C
3-PA,2138,228,0,0,0,228,A
3-PA,2139,0,225,0,0,225,T
3-PA,2140,0,1,223,0,224,G
3-PA,2141,0,0,0,224,224,C
3-PA,2142,214,0,0,0,214,A
3-PA,2143,0,214,0,0,214,T
3-PA,2144,0,211,0,0,211,T
3-PA,2145,200,0,0,0,200,A
3-PA,2146,199,0,1,0,200,A
3-PA,2147,198,0,0,0,198,A
3-PA,2148,197,0,0,0,197,A
3-PA,2149,0,196,0,0,196,T
3-PA,2150,164,0,0,0,164,A
3-PA,2151,0,0,164,0,164,G
4-HA,1,297,0,0,0,297,A
4-HA,2,0,306,0,0,306,T
4-HA,3,0,0,313,0,313,G
4-HA,4,314,0,1,0,315,A
4-HA,5,322,0,0,0,322,A
4-HA,6,0,4,332,0,336,G
4-HA,7,336,0,0,0,336,A
4-HA,8,0,0,0,373,373,C
4-HA,9,0,372,0,0,372,T
4-HA,10,382,0,1,0,383,A
4-HA,11,0,401,0,0,401,T
4-HA,12,2,0,0,404,406,C
4-HA,13,407,0,0,0,407,A
4-HA,14,1,405,0,0,406,T
4-HA,15,0,407,0,0,407,T
4-HA,16,0,0,439,0,439,G
4-HA,17,0,0,0,439,439,C
4-HA,18,0,441,0,0,441,T
4-HA,19,0,441,0,1,442,T
4-HA,20,0,442,0,1,443,T
4-HA,21,0,4,461,0,465,G
4-HA,22,464,1,0,1,466,A
4-HA,23,0,0,479,0,479,G
4-HA,24,0,0,0,483,483,C
4-HA,25,0,483,0,0,483,T
4-HA,26,524,0,0,0,524,A
4-HA,27,0,0,0,534,534,C
4-HA,28,546,0,0,0,546,A
4-HA,29,0,575,0,0,575,T
4-HA,30,0,571,1,0,572,T
4-HA,31,1,0,0,578,579,C
4-HA,32,0,576,0,2,578,T
4-HA,33,589,0,0,0,589,A
4-HA,34,0,593,0,0,593,T
4-HA,35,0,0,599,1,600,G
4-HA,36,0,600,0,0,600,T
4-HA,37,4,0,0,595,599,C
4-HA,38,0,596,0,1,597,T
4-HA,39,0,1,600,0,601,G
4-HA,40,0,0,603,0,603,G
4-HA,41,0,601,0,0,601,T
4-HA,42,0,600,0,0,600,T
4-HA,43,0,599,0,0,599,T
4-HA,44,0,600,0,1,601,T
4-HA,45,3,0,0,596,599,C
4-HA,46,0,1,597,0,598,G
4-HA,47,0,1,0,609,610,C
4-HA,48,0,608,0,0,608,T
4-HA,49,5,0,0,611,616,C
4-HA,50,613,0,0,0,613,A
4-HA,51,620,0,0,0,620,A
4-HA,52,617,0,0,0,617,A
4-HA,53,615,0,1,0,616,A
4-HA,54,616,0,0,0,616,A
4-HA,55,0,0,0,626,626,C
4-HA,56,0,623,0,0,623,T
4-HA,57,0,622,0,0,622,T
4-HA,58,2,0,0,621,623,C
4-HA,59,1,0,0,623,624,C
4-HA,60,0,623,0,0,623,T
4-HA,61,0,0,631,0,631,G
4-HA,62,0,0,633,0,633,G
4-HA,63,636,0,0,0,636,A
4-HA,64,644,1,0,0,645,A
4-HA,65,647,0,0,0,647,A
4-HA,66,0,654,0,0,654,T
4-HA,67,0,9,647,0,656,G
4-HA,68,655,0,2,0,657,A
4-HA,69,0,0,0,669,669,C
4-HA,70,668,0,0,0,668,A
4-HA,71,669,0,0,0,669,A
4-HA,72,0,0,0,684,684,C
4-HA,73,680,0,1,0,681,A
4-HA,74,0,1,684,0,685,G
4-HA,75,0,0,0,684,684,C
4-HA,76,683,0,0,0,683,A
4-HA,77,0,0,0,701,701,C
4-HA,78,1,2,694,0,697,G
4-HA,79,0,0,698,0,698,G
4-HA,80,0,0,0,701,701,C
4-HA,81,699,0,0,0,699,A
4-HA,82,708,0,0,0,708,A
4-HA,83,1,0,0,718,719,C
4-HA,84,1,0,727,0,728,G
4-HA,85,0,0,0,731,731,C
4-HA,86,0,718,0,2,720,T
4-HA,87,1,0,730,0,731,G
4-HA,88,0,727,0,0,727,T
4-HA,89,0,1,755,0,756,G
4-HA,90,1,0,0,767,768,C
4-HA,91,1,0,0,772,773,C
4-HA,92,0,771,0,1,772,T
4-HA,93,0,766,0,0,766,T
4-HA,94,0,3,766,0,769,G
4-HA,95,0,4,765,0,769,G
4-HA,96,1,0,780,0,781,G
4-HA,97,1,0,0,788,789,C
4-HA,98,783,0,0,0,783,A
4-HA,99,0,0,0,791,791,C
4-HA,100,3,0,0,779,782,C
4-HA,101,850,0,1,1,852,A
4-HA,102,0,853,0,0,853,T
4-HA,103,0,0,857,0,857,G
4-HA,104,1,0,0,858,859,C
4-HA,105,837,0,1,1,839,A
4-HA,106,0,0,904,0,904,G
4-HA,107,0,902,0,1,903,T
4-HA,108,910,0,1,0,911,A
4-HA,109,0,0,0,913,913,C
4-HA,110,6,0,0,886,892,C
4-HA,111,902,0,0,0,902,A
4-HA,112,898,0,0,0,898,A
4-HA,113,899,0,1,0,900,A
4-HA,114,0,1,0,904,905,C
4-HA,115,2,3,884,0,889,G
4-HA,116,0,6,899,0,905,G
4-HA,117,900,1,0,0,901,A
4-HA,118,904,0,0,0,904,A
4-HA,119,0,0,0,905,905,C
4-HA,120,0,3,899,0,902,G
4-HA,121,0,0,897,0,897,G
4-HA,122,0,940,0,0,940,T
4-HA,123,954,0,0,0,954,A
4-HA,124,0,0,953,0,953,G
4-HA,125,0,945,0,0,945,T
4-HA,126,0,5,942,0,947,G
4-HA,127,941,0,1,1,943,A
4-HA,128,943,0,2,0,945,A
4-HA,129,943,0,1,0,944,A
4-HA,130,925,0,0,0,925,A
4-HA,131,0,0,0,951,951,C
4-HA,132,952,0,0,0,952,A
4-HA,133,956,0,0,1,957,A
4-HA,134,0,956,0,0,956,T
4-HA,135,8,0,0,945,953,C
4-HA,136,956,0,0,1,957,A
4-HA,137,0,0,0,963,963,C
4-HA,138,0,4,961,0,965,G
4-HA,139,965,0,0,0,965,A
4-HA,140,960,0,0,0,960,A
4-HA,141,0,962,0,0,962,T
4-HA,142,0,11,953,0,964,G
4-HA,143,973,0,2,0,975,A
4-HA,144,0,0,0,972,972,C
4-HA,145,1,0,1,968,970,C
4-HA,146,985,0,0,0,985,A
4-HA,147,987,0,1,0,988,A
4-HA,148,990,0,1,0,991,A
4-HA,149,0,997,0,0,997,T
4-HA,150,0,996,0,0,996,T
4-HA,151,0,4,995,1,1000,G
4-HA,152,995,0,1,1,997,A
4-HA,153,997,0,3,0,1000,A
4-HA,154,0,0,1006,0,1006,G
4-HA,155,0,999,0,0,999,T
4-HA,156,0,1018,0,0,1018,T
4-HA,157,1024,0,0,0,1024,A
4-HA,158,0,0,0,1029,1029,C
4-HA,159,1,1027,0,0,1028,T
4-HA,160,1028,0,1,0,1029,A
4-HA,161,1045,0,0,0,1045,A
4-HA,162,0,1047,0,0,1047,T
4-HA,163,0,0,1047,0,1047,G
4-HA,164,1,0,0,1102,1103,C
4-HA,165,0,1093,0,0,1093,T
4-HA,166,1104,1,0,0,1105,A
4-HA,167,1,0,0,1101,1102,C
4-HA,168,0,1096,0,0,1096,T
4-HA,169,1,4,1103,0,1108,G
4-HA,170,1098,1,0,0,1099,A
4-HA,171,0,0,1098,0,1098,G
4-HA,172,0,0,0,1097,1097,C
4-HA,173,0,1080,0,1,1081,T
4-HA,174,0,5,1115,0,1120,G
4-HA,175,0,0,1149,0,1149,G
4-HA,176,0,1151,0,1,1152,T
4-HA,177,1,1150,0,0,1151,T
4-HA,178,6,0,0,1146,1152,C
4-HA,179,1145,0,0,0,1145,A
4-HA,180,1,7,1150,0,1158,G
4-HA,181,1152,0,3,0,1155,A
4-HA,182,0,0,1187,0,1187,G
4-HA,183,1,1174,0,0,1175,T
4-HA,184,0,1160,0,2,1162,T
4-HA,185,2,0,0,1164,1166,C
4-HA,186,1,0,0,1171,1172,C
4-HA,187,0,1168,0,2,1170,T
4-HA,188,3,0,0,1176,1179,C
4-HA,189,1171,0,1,0,1172,A
4-HA,190,1175,0,0,1,1176,A
4-HA,191,1,1,0,1183,1185,C
4-HA,192,1160,0,2,0,1162,A
4-HA,193,0,2,1174,0,1176,G
4-HA,194,0,0,1179,0,1179,G
4-HA,195,0,1176,0,0,1176,T
4-HA,196,0,12,1166,0,1178,G
4-HA,197,1179,0,2,0,1181,A
4-HA,198,1186,0,0,0,1186,A
4-HA,199,1217,0,3,0,1220,A
4-HA,200,0,1213,0,0,1213,T
4-HA,201,1221,0,1,0,1222,A
4-HA,202,1,1210,0,0,1211,T
4-HA,203,0,1,1207,0,1208,G
4-HA,204,0,1,0,1212,1213,C
4-HA,205,1,7,1208,0,1216,G
4-HA,206,1215,0,0,0,1215,A
4-HA,207,3,0,0,1210,1213,C
4-HA,208,1195,0,0,0,1195,A
4-HA,209,2,0,1254,0,1256,G
4-HA,210,0,1253,0,1,1254,T
4-HA,211,7,0,0,1261,1268,C
4-HA,212,3,2,0,1267,1272,C
4-HA,213,0,1267,0,1,1268,T
4-HA,214,3,0,0,1286,1289,C
4-HA,215,1292,0,1,0,1293,A
4-HA,216,0,1291,0,1,1292,T
4-HA,217,2,2,1,1290,1295,C
4-HA,218,1243,0,1,0,1244,A
4-HA,219,1,6,1249,0,1256,G
4-HA,220,1241,0,0,0,1241,A
4-HA,221,0,1238,0,1,1239,T
4-HA,222,6,0,0,1240,1246,C
4-HA,223,3,1,0,1228,1232,C
4-HA,224,2,1225,0,0,1227,T
4-HA,225,1,1226,0,0,1227,T
4-HA,226,3,2,1216,0,1221,G
4-HA,227,1227,0,0,0,1227,A
4-HA,228,0,1224,0,0,1224,T
4-HA,229,0,0,1233,0,1233,G
4-HA,230,1,4,1227,0,1232,G
4-HA,231,1231,0,2,0,1233,A
4-HA,232,1227,0,0,0,1227,A
4-HA,233,1228,0,1,0,1229,A
4-HA,234,1243,0,0,0,1243,A
4-HA,235,1244,0,1,0,1245,A
4-HA,236,1243,0,1,0,1244,A
4-HA,237,0,1,0,1247,1248,C
4-HA,238,0,1240,0,1,1241,T
4-HA,239,0,1,1242,0,1243,G
4-HA,240,1,1,0,1242,1244,C
4-HA,241,1242,0,2,1,1245,A
4-HA,242,2,1,0,1268,1271,C
4-HA,243,1268,0,0,0,1268,A
4-HA,244,0,0,1,1398,1399,C
4-HA,245,1,1390,0,0,1391,T
4-HA,246,1428,0,1,0,1429,A
4-HA,247,1428,0,1,0,1429,A
4-HA,248,0,1434,0,0,1434,T
4-HA,249,1429,0,0,0,1429,A
4-HA,250,0,3,1426,0,1429,G
4-HA,251,1402,0,3,0,1405,A
4-HA,252,0,1384,0,0,1384,T
4-HA,253,0,1,1323,0,1324,G
4-HA,254,1,0,0,1329,1330,C
4-HA,255,0,1318,0,0,1318,T
4-HA,256,7,0,0,1389,1396,C
4-HA,257,0,1394,0,2,1396,T
4-HA,258,1422,0,1,0,1423,A
4-HA,259,0,1423,0,0,1423,T
4-HA,260,0,1419,0,0,1419,T
4-HA,261,1,1,1425,0,1427,G
4-HA,262,0,1,1407,0,1408,G
4-HA,263,0,3,1407,0,1410,G
4-HA,264,1390,0,1,0,1391,A
4-HA,265,0,9,1362,0,1371,G
4-HA,266,1342,0,2,0,1344,A
4-HA,267,0,0,0,1410,1410,C
4-HA,268,3,1,0,1422,1426,C
4-HA,269,2,0,0,1427,1429,C
4-HA,270,1,1422,0,1,1424,T
4-HA,271,2,1,0,1474,1477,C
4-HA,272,1471,0,0,0,1471,A
4-HA,273,1,1,1535,1,1538,G
4-HA,274,0,1537,0,0,1537,T
4-HA,275,0,19,1533,0,1552,G
4-HA,276,0,1499,0,2,1501,T
4-HA,277,0,9,1487,0,1496,G
4-HA,278,1470,17,4,0,1491,A
4-HA,279,0,1493,0,0,1493,T
4-HA,280,1,3,1480,0,1484,G
4-HA,281,3,1,1478,0,1482,G
4-HA,282,3,0,0,1461,1464,C
4-HA,283,1,1452,0,2,1455,T
4-HA,284,0,1451,0,0,1451,T
4-HA,285,0,0,0,1455,1455,C
4-HA,286,1,4,0,1447,1452,C
4-HA,287,1457,0,0,0,1457,A
4-HA,288,1462,0,1,0,1463,A
4-HA,289,1459,0,0,0,1459,A
4-HA,290,1462,0,0,0,1462,A
4-HA,291,0,1464,0,0,1464,T
4-HA,292,1454,0,3,1,1458,A
4-HA,293,1458,0,3,0,1461,A
4-HA,294,1,2,1473,0,1476,G
4-HA,295,1477,0,0,0,1477,A
4-HA,296,1480,0,0,0,1480,A
4-HA,297,1477,0,1,0,1478,A
4-HA,298,0,1481,0,0,1481,T
4-HA,299,2,3,1472,0,1477,G
4-HA,300,0,0,1475,0,1475,G
4-HA,301,0,7,1464,0,1471,G
4-HA,302,1472,0,1,0,1473,A
4-HA,303,2,1,1,1477,1481,C
4-HA,304,1,0,0,1475,1476,C
4-HA,305,0,1495,0,2,1497,T
4-HA,306,1,1492,0,0,1493,T
4-HA,307,0,1488,0,1,1489,T
4-HA,308,0,1501,0,0,1501,T
4-HA,309,1,1501,0,0,1502,T
4-HA,310,0,0,1508,1,1509,G
4-HA,311,0,1508,0,1,1509,T
4-HA,312,0,1499,0,1,1500,T
4-HA,313,11,12,1478,0,1501,G
4-HA,314,1491,0,0,0,1491,A
4-HA,315,1492,0,2,0,1494,A
4-HA,316,1,0,0,1500,1501,C
4-HA,317,1,0,1488,0,1489,G
4-HA,318,0,0,0,1518,1518,C
4-HA,319,1513,0,0,0,1513,A
4-HA,320,1,1,1520,0,1522,G
4-HA,321,3,0,0,1520,1523,C
4-HA,322,1522,0,1,0,1523,A
4-HA,323,1523,1,3,0,1527,A
4-HA,324,1524,0,2,0,1526,A
4-HA,325,1,0,1576,0,1577,G
4-HA,326,1,0,0,1581,1582,C
4-HA,327,1,0,0,1578,1579,C
4-HA,328,1,1579,0,1,1581,T
4-HA,329,1580,0,1,0,1581,A
4-HA,330,1,1,0,1585,1587,C
4-HA,331,1586,1,0,0,1587,A
4-HA,332,1,1,1586,0,1588,G
4-HA,333,2,0,0,1574,1576,C
4-HA,334,1544,0,0,0,1544,A
4-HA,335,1556,0,2,0,1558,A
4-HA,336,1,2,0,1628,1631,C
4-HA,337,0,1620,0,0,1620,T
4-HA,338,0,0,1637,0,1637,G
4-HA,339,0,1620,0,2,1622,T
4-HA,340,0,1624,0,1,1625,T
4-HA,341,1622,0,1,0,1623,A
4-HA,342,3,0,0,1731,1734,C
4-HA,343,2,0,0,1736,1738,C
4-HA,344,4,0,0,1752,1756,C
4-HA,345,2,1686,1,0,1689,T
4-HA,346,0,1675,0,0,1675,T
4-HA,347,1681,0,1,0,1682,A
4-HA,348,0,1682,0,0,1682,T
4-HA,349,1,8,1668,1,1678,G
4-HA,350,1671,1,2,0,1674,A
4-HA,351,1,1581,0,1,1583,T
4-HA,352,0,0,1599,0,1599,G
4-HA,353,1,1553,0,1,1555,T
4-HA,354,1,1,1557,0,1559,G
4-HA,355,1,0,0,1555,1556,C
4-HA,356,3,2,0,1554,1559,C
4-HA,357,3,5,1618,0,1626,G
4-HA,358,0,6,1646,0,1652,G
4-HA,359,1647,0,0,0,1647,A
4-HA,360,0,1652,1,1,1654,T
4-HA,361,0,1624,0,0,1624,T
4-HA,362,1636,0,0,0,1636,A
4-HA,363,0,1634,0,2,1636,T
4-HA,364,1,0,1637,0,1638,G
4-HA,365,1,2,0,1635,1638,C
4-HA,366,8,2,0,1617,1627,C
4-HA,367,1,1634,0,2,1637,T
4-HA,368,4,0,0,1682,1686,C
4-HA,369,0,0,0,1699,1699,C
4-HA,370,3,2,0,1688,1693,C
4-HA,371,0,1690,0,1,1691,T
4-HA,372,0,1693,1,0,1694,T
4-HA,373,1694,0,0,0,1694,A
4-HA,374,1,4,1727,0,1732,G
4-HA,375,2,0,1733,1,1736,G
4-HA,376,0,1717,0,0,1717,T
4-HA,377,7,0,0,1681,1688,C
4-HA,378,1666,1,0,0,1667,A
4-HA,379,0,0,0,1702,1702,C
4-HA,380,0,1704,1,0,1705,T
4-HA,381,1702,0,1,1,1704,A
4-HA,382,0,0,1704,0,1704,G
4-HA,383,0,1683,0,1,1684,T
4-HA,384,0,1677,0,0,1677,T
4-HA,385,0,0,1692,1,1693,G
4-HA,386,0,1,0,1691,1692,C
4-HA,387,5,4,0,1683,1692,C
4-HA,388,0,1673,0,2,1675,T
4-HA,389,6,1,0,1672,1679,C
4-HA,390,1733,0,0,0,1733,A
4-HA,391,0,1731,0,1,1732,T
4-HA,392,6,1,0,1727,1734,C
4-HA,393,3,0,0,1725,1728,C
4-HA,394,4,7,1701,0,1712,G
4-HA,395,1,1,1720,0,1722,G
4-HA,396,0,0,0,1727,1727,C
4-HA,397,1740,0,2,0,1742,A
4-HA,398,2,0,0,1789,1791,C
4-HA,399,1762,0,2,0,1764,A
4-HA,400,1,0,0,1774,1775,C
4-HA,401,0,1772,0,1,1773,T
4-HA,402,2,3,1789,0,1794,G
4-HA,403,0,3,1801,1,1805,G
4-HA,404,1794,0,4,0,1798,A
4-HA,405,0,0,1813,0,1813,G
4-HA,406,0,1800,0,0,1800,T
4-HA,407,0,1783,0,1,1784,T
4-HA,408,0,1790,0,0,1790,T
4-HA,409,1775,0,1,0,1776,A
4-HA,410,1773,0,5,0,1778,A
4-HA,411,0,1,0,1799,1800,C
4-HA,412,1756,1,2,0,1759,A
4-HA,413,1761,0,2,0,1763,A
4-HA,414,0,1752,0,1,1753,T
4-HA,415,0,6,1747,1,1754,G
4-HA,416,1755,0,2,0,1757,A
4-HA,417,1746,4,0,0,1750,A
4-HA,418,1742,0,5,0,1747,A
4-HA,419,0,0,1761,1,1762,G
4-HA,420,0,2,1,1773,1776,C
4-HA,421,0,1768,0,2,1770,T
4-HA,422,0,1763,0,1,1764,T
4-HA,423,9,0,0,1775,1784,C
4-HA,424,1788,1,0,1,1790,A
4-HA,425,1791,0,3,0,1794,A
4-HA,426,0,1787,1,2,1790,T
4-HA,427,0,1784,0,1,1785,T
4-HA,428,2,8,1795,1,1806,G
4-HA,429,0,2,1825,0,1827,G
4-HA,430,1821,1,1,0,1823,A
4-HA,431,0,0,0,1825,1825,C
4-HA,432,0,1808,0,1,1809,T
4-HA,433,2,3,1810,0,1815,G
4-HA,434,3,7,1809,0,1819,G
4-HA,435,1811,0,3,0,1814,A
4-HA,436,0,0,1820,0,1820,G
4-HA,437,0,1791,0,3,1794,T
4-HA,438,9,0,0,1757,1766,C
4-HA,439,1784,0,0,0,1784,A
4-HA,440,0,0,0,1790,1790,C
4-HA,441,2,1785,0,1,1788,T
4-HA,442,10,0,0,1779,1789,C
4-HA,443,1777,0,1,0,1778,A
4-HA,444,1785,0,1,0,1786,A
4-HA,445,1781,0,2,0,1783,A
4-HA,446,1777,0,1,1,1779,A
4-HA,447,1,1,0,1787,1789,C
4-HA,448,1,2,1770,0,1773,G
4-HA,449,1,10,1791,0,1802,G
4-HA,450,1797,0,3,0,1800,A
4-HA,451,1796,1,2,0,1799,A
4-HA,452,0,3,0,1802,1805,C
4-HA,453,1797,0,1,2,1800,A
4-HA,454,1810,0,2,0,1812,A
4-HA,455,1,1,1842,0,1844,G
4-HA,456,1,0,0,1834,1835,C
4-HA,457,0,1821,1,5,1827,T
4-HA,458,2,0,0,1832,1834,C
4-HA,459,1,1817,0,0,1818,T
4-HA,460,1,0,1820,0,1821,G
4-HA,461,0,0,0,1817,1817,C
4-HA,462,0,1813,0,2,1815,T
4-HA,463,0,1832,0,0,1832,T
4-HA,464,1,0,1865,0,1866,G
4-HA,465,2,0,0,1875,1877,C
4-HA,466,1880,0,1,0,1881,A
4-HA,467,0,1866,0,0,1866,T
4-HA,468,1859,2,0,0,1861,A
4-HA,469,1854,1,1,0,1856,A
4-HA,470,0,3,1854,0,1857,G
4-HA,471,0,8,1851,0,1859,G
4-HA,472,1796,1,2,1,1800,A
4-HA,473,1,3,1783,0,1787,G
4-HA,474,1772,1,0,0,1773,A
4-HA,475,0,1810,0,1,1811,T
4-HA,476,1,0,0,1820,1821,C
4-HA,477,1,1816,0,0,1817,T
4-HA,478,1818,0,0,0,1818,A
4-HA,479,1814,0,0,0,1814,A
4-HA,480,1802,2,0,0,1804,A
4-HA,481,1810,0,0,0,1810,A
4-HA,482,1814,1,0,0,1815,A
4-HA,483,1,0,0,1816,1817,C
4-HA,484,1753,0,0,0,1753,A
4-HA,485,0,1,1767,0,1768,G
4-HA,486,0,1751,0,1,1752,T
4-HA,487,0,1773,0,0,1773,T
4-HA,488,0,1775,2,0,1777,T
4-HA,489,7,0,0,1805,1812,C
4-HA,490,0,1809,0,2,1811,T
4-HA,491,0,1816,3,1,1820,T
4-HA,492,1,1819,0,0,1820,T
4-HA,493,1812,0,7,0,1819,A
4-HA,494,1,0,1822,0,1823,G
4-HA,495,0,1819,0,0,1819,T
4-HA,496,1810,0,2,0,1812,A
4-HA,497,1,1,1822,0,1824,G
4-HA,498,1790,0,0,0,1790,A
4-HA,499,0,1791,0,2,1793,T
4-HA,500,0,1786,0,1,1787,T
4-HA,501,0,12,1807,0,1819,G
4-HA,502,1823,1,0,0,1824,A
4-HA,503,1820,0,1,0,1821,A
4-HA,504,0,1815,0,5,1820,T
4-HA,505,0,1806,0,0,1806,T
4-HA,506,1,2,1816,0,1819,G
4-HA,507,1,0,1820,0,1821,G
4-HA,508,0,1820,0,1,1821,T
4-HA,509,0,1815,0,1,1816,T
4-HA,510,1,7,1781,0,1789,G
4-HA,511,1786,0,2,0,1788,A
4-HA,512,1,0,0,1790,1791,C
4-HA,513,6,0,0,1780,1786,C
4-HA,514,1,0,0,1814,1815,C
4-HA,515,1816,1,0,0,1817,A
4-HA,516,1,0,0,1822,1823,C
4-HA,517,0,1831,0,0,1831,T
4-HA,518,0,1833,0,0,1833,T
4-HA,519,1826,0,2,1,1829,A
4-HA,520,1822,0,1,0,1823,A
4-HA,521,1825,0,3,0,1828,A
4-HA,522,0,1,0,1788,1789,C
4-HA,523,0,1833,0,1,1834,T
4-HA,524,0,1836,0,3,1839,T
4-HA,525,5,0,0,1856,1861,C
4-HA,526,1857,0,0,0,1857,A
4-HA,527,1863,0,0,0,1863,A
4-HA,528,1861,0,0,0,1861,A
4-HA,529,0,1856,0,0,1856,T
4-HA,530,1876,0,0,0,1876,A
4-HA,531,0,0,0,1872,1872,C
4-HA,532,3,1,0,1836,1840,C
4-HA,533,0,2,0,1836,1838,C
4-HA,534,1829,0,0,0,1829,A
4-HA,535,2,0,1902,0,1904,G
4-HA,536,0,1,0,1911,1912,C
4-HA,537,1903,1,0,0,1904,A
4-HA,538,1,1896,0,1,1898,T
4-HA,539,0,1876,0,0,1876,T
4-HA,540,0,11,1921,0,1932,G
4-HA,541,1931,0,4,0,1935,A
4-HA,542,1930,0,3,0,1933,A
4-HA,543,0,0,0,1934,1934,C
4-HA,544,2,3,1889,0,1894,G
4-HA,545,1,1891,0,2,1894,T
4-HA,546,1,12,1885,0,1898,G
4-HA,547,1893,3,2,0,1898,A
4-HA,548,0,0,0,1899,1899,C
4-HA,549,2,1832,0,0,1834,T
4-HA,550,1860,1,1,0,1862,A
4-HA,551,0,1850,0,4,1854,T
4-HA,552,1,1,1884,0,1886,G
4-HA,553,2,1,0,1887,1890,C
4-HA,554,5,1,0,1855,1861,C
4-HA,555,1848,0,1,0,1849,A
4-HA,556,1845,1,1,0,1847,A
4-HA,557,1871,0,0,0,1871,A
4-HA,558,0,0,0,1879,1879,C
4-HA,559,1835,1,0,0,1836,A
4-HA,560,1838,0,0,0,1838,A
4-HA,561,0,1816,0,2,1818,T
4-HA,562,1,21,1802,0,1824,G
4-HA,563,1820,3,2,0,1825,A
4-HA,564,1822,0,1,0,1823,A
4-HA,565,0,0,0,1780,1780,C
4-HA,566,1792,1,1,0,1794,A
4-HA,567,1828,0,2,0,1830,A
4-HA,568,0,1820,1,0,1821,T
4-HA,569,0,1826,0,0,1826,T
4-HA,570,1,1828,0,1,1830,T
4-HA,571,1,17,1806,0,1824,G
4-HA,572,1833,2,1,0,1836,A
4-HA,573,0,0,0,1834,1834,C
4-HA,574,1832,0,0,0,1832,A
4-HA,575,1835,0,1,0,1836,A
4-HA,576,1852,0,1,0,1853,A
4-HA,577,0,1865,0,0,1865,T
4-HA,578,0,1837,0,1,1838,T
4-HA,579,1,1,1854,0,1856,G
4-HA,580,1,1856,0,0,1857,T
4-HA,581,1860,0,1,0,1861,A
4-HA,582,1,0,0,1895,1896,C
4-HA,583,1903,0,1,0,1904,A
4-HA,584,1,1931,0,0,1932,T
4-HA,585,0,1909,0,0,1909,T
4-HA,586,0,1897,0,1,1898,T
4-HA,587,1,3,1884,1,1889,G
4-HA,588,0,0,1887,0,1887,G
4-HA,589,1,4,1874,0,1879,G
4-HA,590,1,4,1883,0,1888,G
4-HA,591,0,6,1855,0,1861,G
4-HA,592,1,1,1900,0,1902,G
4-HA,593,0,1871,0,2,1873,T
4-HA,594,0,1892,0,1,1893,T
4-HA,595,9,0,0,1881,1890,C
4-HA,596,1889,1,3,0,1893,A
4-HA,597,0,1,0,1899,1900,C
4-HA,598,4,4,0,1899,1907,C
4-HA,599,1905,0,1,0,1906,A
4-HA,600,0,1,0,1916,1917,C
4-HA,601,2,1,0,1897,1900,C
4-HA,602,2,0,0,1894,1896,C
4-HA,603,0,0,1896,0,1896,G
4-HA,604,0,1,1932,0,1933,G
4-HA,605,3,0,1934,1,1938,G
4-HA,606,0,1931,0,0,1931,T
4-HA,607,1929,0,1,0,1930,A
4-HA,608,2,3,0,1916,1921,C
4-HA,609,0,2,1900,0,1902,G
4-HA,610,1,4,1923,0,1928,G
4-HA,611,1928,0,1,0,1929,A
4-HA,612,0,0,0,1923,1923,C
4-HA,613,1862,0,1,0,1863,A
4-HA,614,1864,0,0,0,1864,A
4-HA,615,1850,1,6,0,1857,A
4-HA,616,1,4,1905,0,1910,G
4-HA,617,1905,0,2,0,1907,A
4-HA,618,1,1,0,1907,1909,C
4-HA,619,8,1,0,1871,1880,C
4-HA,620,1888,0,1,0,1889,A
4-HA,621,1884,0,2,0,1886,A
4-HA,622,1919,0,0,1,1920,A
4-HA,623,0,1919,0,2,1921,T
4-HA,624,6,0,0,1926,1932,C
4-HA,625,0,1753,0,3,1756,T
4-HA,626,1,1747,0,1,1749,T
4-HA,627,7,0,1,1754,1762,C
4-HA,628,3,0,0,1762,1765,C
4-HA,629,0,1760,0,2,1762,T
4-HA,630,1,0,1763,0,1764,G
4-HA,631,0,1728,0,2,1730,T
4-HA,632,1742,0,0,1,1743,A
4-HA,633,0,1723,0,1,1724,T
4-HA,634,3,3,1725,0,1731,G
4-HA,635,1,0,0,1737,1738,C
4-HA,636,1,1724,0,4,1729,T
4-HA,637,10,4,0,1709,1723,C
4-HA,638,1719,0,3,0,1722,A
4-HA,639,1719,0,1,0,1720,A
4-HA,640,1,1,1724,0,1726,G
4-HA,641,1,2,0,1723,1726,C
4-HA,642,1730,0,0,0,1730,A
4-HA,643,0,1715,0,0,1715,T
4-HA,644,2,0,0,1704,1706,C
4-HA,645,1703,0,0,0,1703,A
4-HA,646,0,7,1717,0,1724,G
4-HA,647,0,6,1723,0,1729,G
4-HA,648,1728,1,0,0,1729,A
4-HA,649,1711,0,2,0,1713,A
4-HA,650,1,11,1808,0,1820,G
4-HA,651,1819,0,0,0,1819,A
4-HA,652,1837,0,0,0,1837,A
4-HA,653,0,1849,0,1,1850,T
4-HA,654,9,1,0,1838,1848,C
4-HA,655,1829,1,1,1,1832,A
4-HA,656,0,1,0,1832,1833,C
4-HA,657,1830,0,0,0,1830,A
4-HA,658,0,0,1864,0,1864,G
4-HA,659,0,1824,0,1,1825,T
4-HA,660,6,0,0,1809,1815,C
4-HA,661,0,1800,1,1,1802,T
4-HA,662,5,0,0,1838,1843,C
4-HA,663,1,1840,0,1,1842,T
4-HA,664,1861,0,2,2,1865,A
4-HA,665,2,1,0,1856,1859,C
4-HA,666,8,0,0,1848,1856,C
4-HA,667,1825,0,0,0,1825,A
4-HA,668,1833,0,1,0,1834,A
4-HA,669,1828,2,2,1,1833,A
4-HA,670,1830,0,0,0,1830,A
4-HA,671,0,5,1879,0,1884,G
4-HA,672,1840,0,1,0,1841,A
4-HA,673,1833,0,2,1,1836,A
4-HA,674,5,1,1835,1,1842,G
4-HA,675,2,0,0,1834,1836,C
4-HA,676,2,2,0,1847,1851,C
4-HA,677,1856,1,2,0,1859,A
4-HA,678,1827,34,0,1,1862,A
4-HA,679,0,0,0,1864,1864,C
4-HA,680,1860,1,0,2,1863,A
4-HA,681,1824,0,1,35,1860,A
4-HA,682,1856,0,2,0,1858,A
4-HA,683,0,0,0,1900,1900,C
4-HA,684,1,1889,0,0,1890,T
4-HA,685,2,1,1899,0,1902,G
4-HA,686,1,1892,0,2,1895,T
4-HA,687,1886,0,2,0,1888,A
4-HA,688,1895,0,0,0,1895,A
4-HA,689,0,1884,0,2,1886,T
4-HA,690,4,0,0,1895,1899,C
4-HA,691,3,0,0,1896,1899,C
4-HA,692,4,0,0,1861,1865,C
4-HA,693,1,5,1867,1,1874,G
4-HA,694,1869,0,0,0,1869,A
4-HA,695,1879,0,0,0,1879,A
4-HA,696,0,1883,0,1,1884,T
4-HA,697,1885,0,0,0,1885,A
4-HA,698,0,1880,1,0,1881,T
4-HA,699,8,0,0,1857,1865,C
4-HA,700,4,4,1855,0,1863,G
4-HA,701,0,4,1895,1,1900,G
4-HA,702,1912,0,0,0,1912,A
4-HA,703,0,1921,0,1,1922,T
4-HA,704,5,0,0,1917,1922,C
4-HA,705,0,1919,0,4,1923,T
4-HA,706,1915,0,1,0,1916,A
4-HA,707,0,8,1920,1,1929,G
4-HA,708,1931,0,0,1,1932,A
4-HA,709,2,0,0,1927,1929,C
4-HA,710,5,1,0,1877,1883,C
4-HA,711,2,2,0,1875,1879,C
4-HA,712,1871,1,1,0,1873,A
4-HA,713,0,6,1966,1,1973,G
4-HA,714,1967,0,4,0,1971,A
4-HA,715,1,1,1992,0,1994,G
4-HA,716,0,1982,0,0,1982,T
4-HA,717,1962,0,2,0,1964,A
4-HA,718,1960,0,3,0,1963,A
4-HA,719,0,4,1987,0,1991,G
4-HA,720,0,13,1996,0,2009,G
4-HA,721,1999,0,2,1,2002,A
4-HA,722,1853,0,2,1,1856,A
4-HA,723,0,1850,0,4,1854,T
4-HA,724,1872,0,0,0,1872,A
4-HA,725,0,1866,0,0,1866,T
4-HA,726,7,0,0,1870,1877,C
4-HA,727,8,1,0,1871,1880,C
4-HA,728,5,0,0,1842,1847,C
4-HA,729,0,1825,0,0,1825,T
4-HA,730,1831,1,0,0,1832,A
4-HA,731,0,2,1836,0,1838,G
4-HA,732,2,1,0,1835,1838,C
4-HA,733,1803,0,1,0,1804,A
4-HA,734,0,5,1852,0,1857,G
4-HA,735,1828,0,1,0,1829,A
4-HA,736,1834,0,0,0,1834,A
4-HA,737,0,1832,0,3,1835,T
4-HA,738,1827,0,0,0,1827,A
4-HA,739,1827,0,5,0,1832,A
4-HA,740,0,2,1826,0,1828,G
4-HA,741,3,2,0,1832,1837,C
4-HA,742,1837,0,0,0,1837,A
4-HA,743,0,1797,0,2,1799,T
4-HA,744,6,0,0,1857,1863,C
4-HA,745,1,1856,0,1,1858,T
4-HA,746,1867,3,0,0,1870,A
4-HA,747,1,1865,0,2,1868,T
4-HA,748,0,1855,0,1,1856,T
4-HA,749,4,5,1859,0,1868,G
4-HA,750,1,4,1853,0,1858,G
4-HA,751,1854,0,2,0,1856,A
4-HA,752,1,1,0,1854,1856,C
4-HA,753,1769,2,0,1,1772,A
4-HA,754,1805,0,0,0,1805,A
4-HA,755,0,1865,0,0,1865,T
4-HA,756,1878,0,0,0,1878,A
4-HA,757,1,0,1889,0,1890,G
4-HA,758,0,1876,1,0,1877,T
4-HA,759,1874,0,0,0,1874,A
4-HA,760,1878,0,2,0,1880,A
4-HA,761,1899,0,1,0,1900,A
4-HA,762,1907,1,1,0,1909,A
4-HA,763,0,1,0,1913,1914,C
4-HA,764,4,1,0,1830,1835,C
4-HA,765,45,2,1787,0,1834,G
4-HA,766,0,5,1825,0,1830,G
4-HA,767,0,5,1840,0,1845,G
4-HA,768,1848,0,1,0,1849,A
4-HA,769,0,7,1857,0,1864,G
4-HA,770,1858,0,3,0,1861,A
4-HA,771,0,0,0,1853,1853,C
4-HA,772,1851,0,0,2,1853,A
4-HA,773,0,1855,1,2,1858,T
4-HA,774,1860,0,0,0,1860,A
4-HA,775,1,0,0,1877,1878,C
4-HA,776,0,1884,1,1,1886,T
4-HA,777,1,1878,0,2,1881,T
4-HA,778,0,1888,1,0,1889,T
4-HA,779,0,1874,0,0,1874,T
4-HA,780,0,11,1873,0,1884,G
4-HA,781,1886,0,0,4,1890,A
4-HA,782,0,1884,1,1,1886,T
4-HA,783,0,1919,0,2,1921,T
4-HA,784,1906,0,0,0,1906,A
4-HA,785,1914,1,0,0,1915,A
4-HA,786,1,2,0,1924,1927,C
4-HA,787,1909,0,1,0,1910,A
4-HA,788,3,3,1959,2,1967,G
4-HA,789,2,3,0,1952,1957,C
4-HA,790,1955,0,1,0,1956,A
4-HA,791,0,4,0,1959,1963,C
4-HA,792,1936,0,1,0,1937,A
4-HA,793,1,4,1960,0,1965,G
4-HA,794,2,5,1947,0,1954,G
4-HA,795,0,11,1978,1,1990,G
4-HA,796,1982,0,0,0,1982,A
4-HA,797,1982,0,2,0,1984,A
4-HA,798,0,1979,0,5,1984,T
4-HA,799,8,0,0,1980,1988,C
4-HA,800,0,1993,0,1,1994,T
4-HA,801,2003,0,1,0,2004,A
4-HA,802,2001,0,0,0,2001,A
4-HA,803,0,1997,0,0,1997,T
4-HA,804,0,1943,0,1,1944,T
4-HA,805,0,0,1955,0,1955,G
4-HA,806,1,1,0,1981,1983,C
4-HA,807,0,2031,0,5,2036,T
4-HA,808,11,0,0,2054,2065,C
4-HA,809,1,2,0,2064,2067,C
4-HA,810,0,2059,0,1,2060,T
4-HA,811,2069,0,1,0,2070,A
4-HA,812,1,2,2070,0,2073,G
4-HA,813,0,6,2081,0,2087,G
4-HA,814,0,9,2089,0,2098,G
4-HA,815,0,1,2071,0,2072,G
4-HA,816,0,2015,0,2,2017,T
4-HA,817,0,1993,0,1,1994,T
4-HA,818,1998,0,0,0,1998,A
4-HA,819,0,0,0,2017,2017,C
4-HA,820,2,1998,0,1,2001,T
4-HA,821,0,2010,0,2,2012,T
4-HA,822,8,1,0,2003,2012,C
4-HA,823,1995,0,0,0,1995,A
4-HA,824,1998,1,1,0,2000,A
4-HA,825,2008,0,0,0,2008,A
4-HA,826,2011,0,2,0,2013,A
4-HA,827,0,2013,0,0,2013,T
4-HA,828,1993,0,0,0,1993,A
4-HA,829,1,0,0,1989,1990,C
4-HA,830,1,5,1982,0,1988,G
4-HA,831,1987,0,2,0,1989,A
4-HA,832,1991,0,1,0,1992,A
4-HA,833,0,1,2002,0,2003,G
4-HA,834,0,2002,0,0,2002,T
4-HA,835,1,2,2002,0,2005,G
4-HA,836,2,4,1992,0,1998,G
4-HA,837,3,12,1991,0,2006,G
4-HA,838,1998,1,1,0,2000,A
4-HA,839,2000,1,2,2,2005,A
4-HA,840,2005,1,0,0,2006,A
4-HA,841,1988,0,3,0,1991,A
4-HA,842,0,2,2024,0,2026,G
4-HA,843,4,2,0,2007,2013,C
4-HA,844,0,1994,0,0,1994,T
4-HA,845,8,0,0,2011,2019,C
4-HA,846,1996,0,0,0,1996,A
4-HA,847,2010,0,0,0,2010,A
4-HA,848,0,2011,0,0,2011,T
4-HA,849,2021,0,1,0,2022,A
4-HA,850,2019,0,0,0,2019,A
4-HA,851,0,1988,0,0,1988,T
4-HA,852,0,8,1983,0,1991,G
4-HA,853,1975,0,0,0,1975,A
4-HA,854,4,8,2004,0,2016,G
4-HA,855,2014,0,2,0,2016,A
4-HA,856,0,1996,0,0,1996,T
4-HA,857,8,3,0,2011,2022,C
4-HA,858,2000,1,1,0,2002,A
4-HA,859,0,3,2032,0,2035,G
4-HA,860,2031,1,3,0,2035,A
4-HA,861,0,2024,0,2,2026,T
4-HA,862,1,2,2025,0,2028,G
4-HA,863,1,5,0,1985,1991,C
4-HA,864,1989,0,5,0,1994,A
4-HA,865,0,1,0,2032,2033,C
4-HA,866,1,3,0,1996,2000,C
4-HA,867,6,0,0,2005,2011,C
4-HA,868,1974,0,0,0,1974,A
4-HA,869,0,1957,0,0,1957,T
4-HA,870,0,1954,0,3,1957,T
4-HA,871,1,4,1975,0,1980,G
4-HA,872,0,2,1970,0,1972,G
4-HA,873,1,0,0,1971,1972,C
4-HA,874,1924,1,2,0,1927,A
4-HA,875,1923,0,0,0,1923,A
4-HA,876,1944,0,1,0,1945,A
4-HA,877,1,1941,0,3,1945,T
4-HA,878,1,1,1941,1,1944,G
4-HA,879,0,0,0,1946,1946,C
4-HA,880,1920,0,1,0,1921,A
4-HA,881,1950,0,0,0,1950,A
4-HA,882,0,1945,0,1,1946,T
4-HA,883,0,1955,0,1,1956,T
4-HA,884,3,1,0,1968,1972,C
4-HA,885,0,1932,0,2,1934,T
4-HA,886,0,6,1952,0,1958,G
4-HA,887,1954,1,0,0,1955,A
4-HA,888,1959,0,0,0,1959,A
4-HA,889,0,1953,0,1,1954,T
4-HA,890,1,2,1945,0,1948,G
4-HA,891,3,1,0,1946,1950,C
4-HA,892,1945,0,1,0,1946,A
4-HA,893,0,1941,0,0,1941,T
4-HA,894,7,0,0,1932,1939,C
4-HA,895,1938,0,2,0,1940,A
4-HA,896,1,0,0,2004,2005,C
4-HA,897,0,1985,0,3,1988,T
4-HA,898,4,0,0,1986,1990,C
4-HA,899,2,2,0,1976,1980,C
4-HA,900,1990,0,1,0,1991,A
4-HA,901,1989,0,2,0,1991,A
4-HA,902,1991,1,0,0,1992,A
4-HA,903,0,1913,0,1,1914,T
4-HA,904,1,1,1930,0,1932,G
4-HA,905,0,3,1936,0,1939,G
4-HA,906,1940,0,0,0,1940,A
4-HA,907,1936,1,0,0,1937,A
4-HA,908,0,1,1935,1,1937,G
4-HA,909,1,0,0,1918,1919,C
4-HA,910,1866,0,0,0,1866,A
4-HA,911,0,1867,0,1,1868,T
4-HA,912,0,1862,0,2,1864,T
4-HA,913,6,0,0,1901,1907,C
4-HA,914,3,1,2,1884,1890,C
4-HA,915,1,0,0,1896,1897,C
4-HA,916,1886,1,1,0,1888,A
4-HA,917,1902,0,2,4,1908,A
4-HA,918,0,1924,0,1,1925,T
4-HA,919,0,15,1907,0,1922,G
4-HA,920,1921,0,1,0,1922,A
4-HA,921,1,1,0,1922,1924,C
4-HA,922,1854,0,0,0,1854,A
4-HA,923,1855,0,0,1,1856,A
4-HA,924,1850,0,4,0,1854,A
4-HA,925,1,1,0,1867,1869,C
4-HA,926,7,0,0,1807,1814,C
4-HA,927,1748,0,0,0,1748,A
4-HA,928,0,1749,1,3,1753,T
4-HA,929,0,1751,0,1,1752,T
4-HA,930,2,0,0,1752,1754,C
4-HA,931,3,1,0,1754,1758,C
4-HA,932,1747,0,1,0,1748,A
4-HA,933,1749,0,0,1,1750,A
4-HA,934,1744,0,0,0,1744,A
4-HA,935,1769,0,0,0,1769,A
4-HA,936,1,1768,0,0,1769,T
4-HA,937,1,0,1769,0,1770,G
4-HA,938,0,1766,0,0,1766,T
4-HA,939,1769,0,0,0,1769,A
4-HA,940,1765,1,0,0,1766,A
4-HA,941,1770,0,1,0,1771,A
4-HA,942,1,1,0,1774,1776,C
4-HA,943,1742,1,2,0,1745,A
4-HA,944,1,2,1758,0,1761,G
4-HA,945,0,9,1756,0,1765,G
4-HA,946,1769,0,3,0,1772,A
4-HA,947,0,1774,0,1,1775,T
4-HA,948,8,0,1,1769,1778,C
4-HA,949,1780,0,1,0,1781,A
4-HA,950,0,0,0,1823,1823,C
4-HA,951,1817,0,1,0,1818,A
4-HA,952,0,1851,0,1,1852,T
4-HA,953,1801,0,1,0,1802,A
4-HA,954,0,0,1,1781,1782,C
4-HA,955,0,1,1731,1,1733,G
4-HA,956,0,3,1743,0,1746,G
4-HA,957,0,4,1715,0,1719,G
4-HA,958,0,0,1713,0,1713,G
4-HA,959,3,0,0,1672,1675,C
4-HA,960,0,1,0,1663,1664,C
4-HA,961,0,1615,0,0,1615,T
4-HA,962,0,2,1715,0,1717,G
4-HA,963,2,1708,0,3,1713,T
4-HA,964,8,0,0,1717,1725,C
4-HA,965,7,1,0,1704,1712,C
4-HA,966,6,1,0,1704,1711,C
4-HA,967,1697,0,3,0,1700,A
4-HA,968,1,3,1705,0,1709,G
4-HA,969,1700,0,2,0,1702,A
4-HA,970,0,1702,0,0,1702,T
4-HA,971,1538,0,0,0,1538,A
4-HA,972,0,1529,0,1,1530,T
4-HA,973,0,1,1524,0,1525,G
4-HA,974,2,1517,0,2,1521,T
4-HA,975,0,1485,6,0,1491,T
4-HA,976,1504,0,0,0,1504,A
4-HA,977,1482,0,3,0,1485,A
4-HA,978,1,17,1487,0,1505,G
4-HA,979,2,1,0,1506,1509,C
4-HA,980,1469,0,0,0,1469,A
4-HA,981,1467,0,0,0,1467,A
4-HA,982,1459,0,1,0,1460,A
4-HA,983,1461,0,2,0,1463,A
4-HA,984,0,1,0,1463,1464,C
4-HA,985,1446,0,0,0,1446,A
4-HA,986,1,0,0,1453,1454,C
4-HA,987,0,1412,0,1,1413,T
4-HA,988,6,0,0,1419,1425,C
4-HA,989,0,1427,0,0,1427,T
4-HA,990,2,3,1433,0,1438,G
4-HA,991,1436,0,0,0,1436,A
4-HA,992,1430,1,0,1,1432,A
4-HA,993,1431,0,1,0,1432,A
4-HA,994,0,1420,0,1,1421,T
4-HA,995,0,1380,0,2,1382,T
4-HA,996,0,2,1395,0,1397,G
4-HA,997,0,1,1388,1,1390,G
4-HA,998,0,2,1,1389,1392,C
4-HA,999,1368,0,1,0,1369,A
4-HA,1000,1375,0,0,0,1375,A
4-HA,1001,1,0,0,1375,1376,C
4-HA,1002,1366,0,2,0,1368,A
4-HA,1003,1,3,1370,0,1374,G
4-HA,1004,0,0,1364,0,1364,G
4-HA,1005,1,6,1346,0,1353,G
4-HA,1006,1347,0,1,0,1348,A
4-HA,1007,1,1343,0,0,1344,T
4-HA,1008,0,0,1348,0,1348,G
4-HA,1009,0,0,0,1345,1345,C
4-HA,1010,0,5,1340,0,1345,G
4-HA,1011,1360,0,1,1,1362,A
4-HA,1012,1326,0,1,0,1327,A
4-HA,1013,1328,0,0,0,1328,A
4-HA,1014,0,1299,0,1,1300,T
4-HA,1015,2,0,1311,1,1314,G
4-HA,1016,0,1312,0,0,1312,T
4-HA,1017,1306,0,1,0,1307,A
4-HA,1018,2,2,0,1304,1308,C
4-HA,1019,4,0,0,1289,1293,C
4-HA,1020,1267,0,0,1,1268,A
4-HA,1021,0,3,1270,0,1273,G
4-HA,1022,1243,0,1,0,1244,A
4-HA,1023,0,3,1258,0,1261,G
4-HA,1024,1238,0,0,0,1238,A
4-HA,1025,1237,0,1,0,1238,A
4-HA,1026,1239,0,3,0,1242,A
4-HA,1027,1,0,0,1245,1246,C
4-HA,1028,1242,1,1,0,1244,A
4-HA,1029,1264,0,1,0,1265,A
4-HA,1030,1255,0,2,0,1257,A
4-HA,1031,0,0,0,1268,1268,C
4-HA,1032,0,1247,0,1,1248,T
4-HA,1033,1233,1,0,0,1234,A
4-HA,1034,0,2,1236,0,1238,G
4-HA,1035,1224,1,1,0,1226,A
4-HA,1036,0,0,1243,0,1243,G
4-HA,1037,1,2,1242,0,1245,G
4-HA,1038,0,1,0,1219,1220,C
4-HA,1039,1218,0,0,0,1218,A
4-HA,1040,0,1210,0,0,1210,T
4-HA,1041,1224,0,0,0,1224,A
4-HA,1042,0,1217,0,0,1217,T
4-HA,1043,1,1215,0,2,1218,T
4-HA,1044,0,1208,0,2,1210,T
4-HA,1045,1,1,1157,0,1159,G
4-HA,1046,0,2,1158,0,1160,G
4-HA,1047,1,0,0,1158,1159,C
4-HA,1048,1,3,1156,0,1160,G
4-HA,1049,0,0,0,1144,1144,C
4-HA,1050,1127,1,0,0,1128,A
4-HA,1051,1133,0,1,0,1134,A
4-HA,1052,0,1138,0,0,1138,T
4-HA,1053,1,1,0,1131,1133,C
4-HA,1054,4,0,1134,0,1138,G
4-HA,1055,0,2,0,1129,1131,C
4-HA,1056,1,2,1128,0,1131,G
4-HA,1057,0,2,1136,0,1138,G
4-HA,1058,0,1,1135,0,1136,G
4-HA,1059,0,1133,0,0,1133,T
4-HA,1060,0,1116,0,2,1118,T
4-HA,1061,0,1109,0,2,1111,T
4-HA,1062,6,0,0,1100,1106,C
4-HA,1063,1116,0,0,0,1116,A
4-HA,1064,0,1116,0,0,1116,T
4-HA,1065,1106,0,2,0,1108,A
4-HA,1066,0,4,1104,0,1108,G
4-HA,1067,1060,1,0,0,1061,A
4-HA,1068,1059,0,0,0,1059,A
4-HA,1069,1064,0,0,0,1064,A
4-HA,1070,1060,0,0,0,1060,A
4-HA,1071,0,1056,0,0,1056,T
4-HA,1072,1,0,1062,0,1063,G
4-HA,1073,0,0,1064,0,1064,G
4-HA,1074,0,1046,0,1,1047,T
4-HA,1075,1,1011,0,1,1013,T
4-HA,1076,0,1,1009,0,1010,G
4-HA,1077,1,3,998,0,1002,G
4-HA,1078,0,0,1001,0,1001,G
4-HA,1079,985,0,1,0,986,A
4-HA,1080,0,1,995,0,996,G
4-HA,1081,1,1,970,0,972,G
4-HA,1082,2,6,967,0,975,G
4-HA,1083,971,0,0,0,971,A
4-HA,1084,971,0,1,2,974,A
4-HA,1085,0,976,0,1,977,T
4-HA,1086,1,1,973,0,975,G
4-HA,1087,1,0,985,0,986,G
4-HA,1088,0,976,0,0,976,T
4-HA,1089,0,6,964,0,970,G
4-HA,1090,0,1,967,0,968,G
4-HA,1091,952,0,0,0,952,A
4-HA,1092,0,954,0,0,954,T
4-HA,1093,1,2,958,0,961,G
4-HA,1094,0,0,973,0,973,G
4-HA,1095,0,939,0,0,939,T
4-HA,1096,1,914,0,0,915,T
4-HA,1097,2,2,913,0,917,G
4-HA,1098,2,1,918,0,921,G
4-HA,1099,2,920,0,0,922,T
4-HA,1100,923,0,0,0,923,A
4-HA,1101,0,2,0,870,872,C
4-HA,1102,0,4,876,1,881,G
4-HA,1103,0,0,903,0,903,G
4-HA,1104,1,899,0,3,903,T
4-HA,1105,0,902,0,0,902,T
4-HA,1106,0,902,0,1,903,T
4-HA,1107,0,1,0,884,885,C
4-HA,1108,879,1,2,0,882,A
4-HA,1109,0,4,878,0,882,G
4-HA,1110,1,0,877,1,879,G
4-HA,1111,1,1,0,872,874,C
4-HA,1112,845,0,0,0,845,A
4-HA,1113,8,846,0,0,854,T
4-HA,1114,3,1,0,851,855,C
4-HA,1115,855,0,1,0,856,A
4-HA,1116,852,0,2,0,854,A
4-HA,1117,844,1,0,0,845,A
4-HA,1118,852,0,0,0,852,A
4-HA,1119,0,850,0,0,850,T
4-HA,1120,1,849,0,0,850,T
4-HA,1121,0,1,0,851,852,C
4-HA,1122,0,834,0,1,835,T
4-HA,1123,0,1,834,1,836,G
4-HA,1124,832,0,4,0,836,A
4-HA,1125,0,3,839,0,842,G
4-HA,1126,0,0,842,1,843,G
4-HA,1127,2,0,848,0,850,G
4-HA,1128,844,0,2,0,846,A
4-HA,1129,847,0,0,0,847,A
4-HA,1130,0,1,842,0,843,G
4-HA,1131,848,0,1,0,849,A
4-HA,1132,0,3,853,0,856,G
4-HA,1133,0,4,858,0,862,G
4-HA,1134,857,0,1,0,858,A
4-HA,1135,0,0,1,856,857,C
4-HA,1136,850,0,2,0,852,A
4-HA,1137,853,0,2,0,855,A
4-HA,1138,0,0,855,0,855,G
4-HA,1139,0,2,0,856,858,C
4-HA,1140,835,0,1,0,836,A
4-HA,1141,0,0,836,0,836,G
4-HA,1142,0,0,0,837,837,C
4-HA,1143,829,0,0,0,829,A
4-HA,1144,0,3,844,0,847,G
4-HA,1145,841,0,0,0,841,A
4-HA,1146,0,858,0,1,859,T
4-HA,1147,3,0,0,860,863,C
4-HA,1148,0,857,0,1,858,T
4-HA,1149,4,1,0,865,870,C
4-HA,1150,868,1,1,0,870,A
4-HA,1151,867,0,0,2,869,A
4-HA,1152,870,0,0,0,870,A
4-HA,1153,856,0,0,0,856,A
4-HA,1154,1,0,860,0,861,G
4-HA,1155,0,0,0,838,838,C
4-HA,1156,831,0,0,0,831,A
4-HA,1157,0,0,0,850,850,C
4-HA,1158,0,845,0,1,846,T
4-HA,1159,2,0,0,843,845,C
4-HA,1160,843,0,3,0,846,A
4-HA,1161,854,2,0,0,856,A
4-HA,1162,0,0,855,0,855,G
4-HA,1163,2,1,0,850,853,C
4-HA,1164,846,0,0,0,846,A
4-HA,1165,0,1,850,0,851,G
4-HA,1166,0,0,0,837,837,C
4-HA,1167,835,0,0,0,835,A
4-HA,1168,833,0,0,0,833,A
4-HA,1169,0,831,0,1,832,T
4-HA,1170,5,1,0,813,819,C
4-HA,1171,2,4,808,0,814,G
4-HA,1172,812,0,0,0,812,A
4-HA,1173,0,809,0,2,811,T
4-HA,1174,7,0,0,799,806,C
4-HA,1175,807,0,0,0,807,A
4-HA,1176,818,0,1,0,819,A
4-HA,1177,818,0,0,0,818,A
4-HA,1178,0,817,0,1,818,T
4-HA,1179,4,0,0,820,824,C
4-HA,1180,808,0,0,0,808,A
4-HA,1181,817,0,1,0,818,A
4-HA,1182,0,818,0,0,818,T
4-HA,1183,1,1,815,0,817,G
4-HA,1184,1,1,812,0,814,G
4-HA,1185,0,3,793,0,796,G
4-HA,1186,803,0,1,0,804,A
4-HA,1187,802,0,1,0,803,A
4-HA,1188,0,1,813,1,815,G
4-HA,1189,0,0,0,813,813,C
4-HA,1190,1,800,0,1,802,T
4-HA,1191,1,2,821,0,824,G
4-HA,1192,821,0,1,0,822,A
4-HA,1193,823,0,1,0,824,A
4-HA,1194,0,824,0,0,824,T
4-HA,1195,807,1,2,0,810,A
4-HA,1196,0,3,804,1,808,G
4-HA,1197,736,0,2,0,738,A
4-HA,1198,0,741,0,1,742,T
4-HA,1199,0,743,0,0,743,T
4-HA,1200,0,5,741,0,746,G
4-HA,1201,743,0,0,0,743,A
4-HA,1202,0,742,1,0,743,T
4-HA,1203,6,0,0,738,744,C
4-HA,1204,1,0,746,0,747,G
4-HA,1205,0,3,745,0,748,G
4-HA,1206,0,2,752,0,754,G
4-HA,1207,753,0,0,0,753,A
4-HA,1208,749,0,1,0,750,A
4-HA,1209,746,0,0,0,746,A
4-HA,1210,749,0,0,0,749,A
4-HA,1211,0,0,0,752,752,C
4-HA,1212,2,0,0,753,755,C
4-HA,1213,742,1,0,0,743,A
4-HA,1214,741,0,3,0,744,A
4-HA,1215,0,0,1,746,747,C
4-HA,1216,0,2,754,0,756,G
4-HA,1217,749,0,1,0,750,A
4-HA,1218,0,4,746,0,750,G
4-HA,1219,742,0,1,6,749,A
4-HA,1220,750,0,2,0,752,A
4-HA,1221,750,0,0,0,750,A
4-HA,1222,1,748,0,0,749,T
4-HA,1223,0,752,0,0,752,T
4-HA,1224,6,0,0,745,751,C
4-HA,1225,0,0,0,745,745,C
4-HA,1226,745,0,0,0,745,A
4-HA,1227,0,743,0,0,743,T
4-HA,1228,4,1,0,736,741,C
4-HA,1229,739,0,0,0,739,A
4-HA,1230,0,0,751,0,751,G
4-HA,1231,750,0,0,0,750,A
4-HA,1232,0,750,0,0,750,T
4-HA,1233,0,748,0,0,748,T
4-HA,1234,1,1,749,0,751,G
4-HA,1235,752,0,0,0,752,A
4-HA,1236,751,0,0,0,751,A
4-HA,1237,751,0,1,0,752,A
4-HA,1238,751,0,0,0,751,A
4-HA,1239,739,0,2,0,741,A
4-HA,1240,0,2,741,0,743,G
4-HA,1241,722,0,0,0,722,A
4-HA,1242,721,0,0,0,721,A
4-HA,1243,1,705,0,0,706,T
4-HA,1244,0,693,1,1,695,T
4-HA,1245,1,0,0,701,702,C
4-HA,1246,0,700,0,0,700,T
4-HA,1247,3,0,0,697,700,C
4-HA,1248,701,0,0,0,701,A
4-HA,1249,1,0,701,0,702,G
4-HA,1250,698,0,1,0,699,A
4-HA,1251,695,0,1,0,696,A
4-HA,1252,0,0,708,0,708,G
4-HA,1253,0,707,0,1,708,T
4-HA,1254,4,1,0,697,702,C
4-HA,1255,2,0,702,0,704,G
4-HA,1256,700,0,3,0,703,A
4-HA,1257,703,0,0,0,703,A
4-HA,1258,0,2,699,0,701,G
4-HA,1259,1,2,697,1,701,G
4-HA,1260,0,1,701,0,702,G
4-HA,1261,670,0,0,0,670,A
4-HA,1262,0,1,678,0,679,G
4-HA,1263,669,0,2,0,671,A
4-HA,1264,701,0,0,0,701,A
4-HA,1265,0,701,0,0,701,T
4-HA,1266,0,704,0,0,704,T
4-HA,1267,5,0,0,700,705,C
4-HA,1268,682,1,3,0,686,A
4-HA,1269,2,1,684,0,687,G
4-HA,1270,0,3,681,0,684,G
4-HA,1271,681,0,0,0,681,A
4-HA,1272,0,0,0,689,689,C
4-HA,1273,0,0,0,648,648,C
4-HA,1274,0,641,0,0,641,T
4-HA,1275,0,618,0,24,642,T
4-HA,1276,0,1,646,0,647,G
4-HA,1277,641,0,5,0,646,A
4-HA,1278,0,0,656,0,656,G
4-HA,1279,649,0,0,0,649,A
4-HA,1280,612,1,1,0,614,A
4-HA,1281,612,0,0,0,612,A
4-HA,1282,0,603,0,0,603,T
4-HA,1283,616,1,0,0,617,A
4-HA,1284,1,614,0,0,615,T
4-HA,1285,0,2,612,0,614,G
4-HA,1286,0,613,0,1,614,T
4-HA,1287,1,604,0,0,605,T
4-HA,1288,0,0,603,0,603,G
4-HA,1289,595,0,1,0,596,A
4-HA,1290,1,4,593,0,598,G
4-HA,1291,0,4,594,0,598,G
4-HA,1292,591,0,0,0,591,A
4-HA,1293,0,1,0,610,611,C
4-HA,1294,605,0,1,0,606,A
4-HA,1295,0,0,0,604,604,C
4-HA,1296,0,602,0,1,603,T
4-HA,1297,641,0,1,0,642,A
4-HA,1298,655,0,0,0,655,A
4-HA,1299,654,1,1,0,656,A
4-HA,1300,666,0,0,0,666,A
4-HA,1301,0,666,0,0,666,T
4-HA,1302,639,0,0,0,639,A
4-HA,1303,0,1,644,0,645,G
4-HA,1304,627,0,2,0,629,A
4-HA,1305,0,638,0,1,639,T
4-HA,1306,2,1,0,634,637,C
4-HA,1307,0,626,0,2,628,T
4-HA,1308,3,0,0,635,638,C
4-HA,1309,0,642,0,0,642,T
4-HA,1310,1,1,653,0,655,G
4-HA,1311,1,0,665,0,666,G
4-HA,1312,0,659,0,0,659,T
4-HA,1313,2,0,0,670,672,C
4-HA,1314,676,0,0,0,676,A
4-HA,1315,0,677,0,0,677,T
4-HA,1316,679,1,0,0,680,A
4-HA,1317,0,0,0,675,675,C
4-HA,1318,660,0,1,0,661,A
4-HA,1319,662,0,0,0,662,A
4-HA,1320,0,1,0,658,659,C
4-HA,1321,1,0,657,0,658,G
4-HA,1322,0,1,0,655,656,C
4-HA,1323,1,0,654,0,655,G
4-HA,1324,1,1,653,0,655,G
4-HA,1325,654,1,0,0,655,A
4-HA,1326,0,0,661,0,661,G
4-HA,1327,1,0,0,656,657,C
4-HA,1328,0,651,0,2,653,T
4-HA,1329,1,648,0,3,652,T
4-HA,1330,1,0,0,655,656,C
4-HA,1331,0,657,0,2,659,T
4-HA,1332,0,658,0,1,659,T
4-HA,1333,1,0,659,0,660,G
4-HA,1334,0,657,0,0,657,T
4-HA,1335,0,651,0,0,651,T
4-HA,1336,2,1,656,0,659,G
4-HA,1337,3,0,0,654,657,C
4-HA,1338,1,1,0,647,649,C
4-HA,1339,1,0,0,650,651,C
4-HA,1340,0,651,0,1,652,T
4-HA,1341,0,1,658,0,659,G
4-HA,1342,0,1,660,0,661,G
4-HA,1343,660,0,1,0,661,A
4-HA,1344,0,3,660,0,663,G
4-HA,1345,642,1,1,1,645,A
4-HA,1346,648,1,0,1,650,A
4-HA,1347,2,1,0,655,658,C
4-HA,1348,6,0,0,648,654,C
4-HA,1349,654,0,0,0,654,A
4-HA,1350,677,0,0,0,677,A
4-HA,1351,0,1,0,675,676,C
4-HA,1352,681,0,0,0,681,A
4-HA,1353,0,681,0,0,681,T
4-HA,1354,678,0,1,0,679,A
4-HA,1355,0,0,0,692,692,C
4-HA,1356,670,0,2,0,672,A
4-HA,1357,682,0,0,0,682,A
4-HA,1358,0,680,1,0,681,T
4-HA,1359,0,661,0,0,661,T
4-HA,1360,0,4,659,0,663,G
4-HA,1361,667,0,0,0,667,A
4-HA,1362,0,663,0,1,664,T
4-HA,1363,2,1,0,664,667,C
4-HA,1364,1,653,0,0,654,T
4-HA,1365,660,1,0,0,661,A
4-HA,1366,661,0,0,0,661,A
4-HA,1367,1,0,0,658,659,C
4-HA,1368,0,653,0,1,654,T
4-HA,1369,0,4,643,0,647,G
4-HA,1370,650,0,0,0,650,A
4-HA,1371,0,0,0,651,651,C
4-HA,1372,0,654,0,1,655,T
4-HA,1373,4,1,0,651,656,C
4-HA,1374,645,0,0,1,646,A
4-HA,1375,0,2,658,0,660,G
4-HA,1376,660,0,0,0,660,A
4-HA,1377,659,0,1,0,660,A
4-HA,1378,661,0,0,0,661,A
4-HA,1379,0,654,0,0,654,T
4-HA,1380,0,5,654,0,659,G
4-HA,1381,655,0,1,1,657,A
4-HA,1382,656,0,0,0,656,A
4-HA,1383,0,0,0,655,655,C
4-HA,1384,645,0,0,0,645,A
4-HA,1385,642,0,0,0,642,A
4-HA,1386,642,0,0,0,642,A
4-HA,1387,0,0,0,649,649,C
4-HA,1388,0,640,0,0,640,T
4-HA,1389,0,0,640,0,640,G
4-HA,1390,0,635,0,0,635,T
4-HA,1391,1,631,1,1,634,T
4-HA,1392,0,633,0,1,634,T
4-HA,1393,0,3,631,0,634,G
4-HA,1394,636,0,0,0,636,A
4-HA,1395,637,0,0,0,637,A
4-HA,1396,637,0,0,0,637,A
4-HA,1397,636,0,0,1,637,A
4-HA,1398,636,0,1,0,637,A
4-HA,1399,638,0,0,0,638,A
4-HA,1400,0,1,0,641,642,C
4-HA,1401,642,0,0,0,642,A
4-HA,1402,642,0,0,0,642,A
4-HA,1403,642,0,0,0,642,A
4-HA,1404,1,0,644,0,645,G
4-HA,1405,644,0,0,0,644,A
4-HA,1406,643,0,0,0,643,A
4-HA,1407,0,0,646,0,646,G
4-HA,1408,0,0,0,642,642,C
4-HA,1409,643,0,0,0,643,A
4-HA,1410,651,0,0,0,651,A
4-HA,1411,0,0,0,647,647,C
4-HA,1412,0,646,0,0,646,T
4-HA,1413,1,0,649,0,650,G
4-HA,1414,643,0,0,0,643,A
4-HA,1415,0,1,650,0,651,G
4-HA,1416,0,2,651,0,653,G
4-HA,1417,0,2,646,0,648,G
4-HA,1418,648,0,0,0,648,A
4-HA,1419,649,0,0,0,649,A
4-HA,1420,647,0,2,0,649,A
4-HA,1421,653,0,0,0,653,A
4-HA,1422,0,650,0,0,650,T
4-HA,1423,1,0,655,0,656,G
4-HA,1424,0,0,0,655,655,C
4-HA,1425,0,651,0,0,651,T
4-HA,1426,0,0,651,1,652,G
4-HA,1427,648,0,1,0,649,A
4-HA,1428,0,0,682,0,682,G
4-HA,1429,0,1,683,0,684,G
4-HA,1430,675,0,0,0,675,A
4-HA,1431,0,670,0,0,670,T
4-HA,1432,666,0,0,0,666,A
4-HA,1433,0,663,0,0,663,T
4-HA,1434,0,1,671,0,672,G
4-HA,1435,0,2,668,0,670,G
4-HA,1436,0,0,673,0,673,G
4-HA,1437,0,0,0,648,648,C
4-HA,1438,638,0,0,0,638,A
4-HA,1439,639,0,0,0,639,A
4-HA,1440,0,637,0,0,637,T
4-HA,1441,1,1,637,0,639,G
4-HA,1442,0,0,643,0,643,G
4-HA,1443,0,622,0,0,622,T
4-HA,1444,0,601,0,0,601,T
4-HA,1445,0,2,605,0,607,G
4-HA,1446,0,612,0,0,612,T
4-HA,1447,0,611,1,0,612,T
4-HA,1448,0,618,0,0,618,T
4-HA,1449,3,0,0,617,620,C
4-HA,1450,611,0,0,0,611,A
4-HA,1451,613,0,1,0,614,A
4-HA,1452,613,0,1,0,614,A
4-HA,1453,625,0,0,0,625,A
4-HA,1454,0,624,0,0,624,T
4-HA,1455,616,0,0,0,616,A
4-HA,1456,0,619,0,0,619,T
4-HA,1457,617,0,0,0,617,A
4-HA,1458,0,0,0,623,623,C
4-HA,1459,0,0,0,618,618,C
4-HA,1460,619,0,0,0,619,A
4-HA,1461,0,1,0,620,621,C
4-HA,1462,619,0,0,0,619,A
4-HA,1463,622,0,0,0,622,A
4-HA,1464,624,0,0,0,624,A
4-HA,1465,0,625,0,1,626,T
4-HA,1466,0,0,626,0,626,G
4-HA,1467,0,618,0,2,620,T
4-HA,1468,0,3,624,0,627,G
4-HA,1469,628,0,0,0,628,A
4-HA,1470,0,0,0,627,627,C
4-HA,1471,620,0,0,0,620,A
4-HA,1472,618,0,0,0,618,A
4-HA,1473,0,624,0,1,625,T
4-HA,1474,0,0,628,0,628,G
4-HA,1475,2,0,0,622,624,C
4-HA,1476,0,0,0,627,627,C
4-HA,1477,0,622,0,0,622,T
4-HA,1478,0,1,649,0,650,G
4-HA,1479,1,0,0,651,652,C
4-HA,1480,648,0,0,0,648,A
4-HA,1481,0,653,0,0,653,T
4-HA,1482,615,0,2,0,617,A
4-HA,1483,0,0,622,0,622,G
4-HA,1484,2,3,612,0,617,G
4-HA,1485,615,0,0,0,615,A
4-HA,1486,0,612,1,0,613,T
4-HA,1487,1,0,1,586,588,C
4-HA,1488,587,0,1,0,588,A
4-HA,1489,589,0,2,0,591,A
4-HA,1490,0,590,0,0,590,T
4-HA,1491,2,1,0,587,590,C
4-HA,1492,577,0,0,0,577,A
4-HA,1493,0,2,579,0,581,G
4-HA,1494,580,0,0,0,580,A
4-HA,1495,581,0,0,0,581,A
4-HA,1496,580,0,1,0,581,A
4-HA,1497,0,581,0,0,581,T
4-HA,1498,0,4,571,1,576,G
4-HA,1499,0,2,574,0,576,G
4-HA,1500,577,0,0,0,577,A
4-HA,1501,579,0,0,0,579,A
4-HA,1502,0,0,0,572,572,C
4-HA,1503,0,566,0,0,566,T
4-HA,1504,0,568,0,0,568,T
4-HA,1505,571,0,0,0,571,A
4-HA,1506,0,572,0,0,572,T
4-HA,1507,0,1,572,0,573,G
4-HA,1508,568,0,0,0,568,A
4-HA,1509,0,0,0,569,569,C
4-HA,1510,5,0,0,555,560,C
4-HA,1511,557,0,1,0,558,A
4-HA,1512,0,0,0,568,568,C
4-HA,1513,0,0,578,0,578,G
4-HA,1514,585,1,0,0,586,A
4-HA,1515,0,597,0,0,597,T
4-HA,1516,0,0,612,0,612,G
4-HA,1517,0,609,0,0,609,T
4-HA,1518,632,0,0,0,632,A
4-HA,1519,0,632,0,1,633,T
4-HA,1520,626,0,2,0,628,A
4-HA,1521,0,0,0,628,628,C
4-HA,1522,569,0,0,0,569,A
4-HA,1523,0,1,573,0,574,G
4-HA,1524,531,0,0,0,531,A
4-HA,1525,0,1,513,0,514,G
4-HA,1526,509,0,1,0,510,A
4-HA,1527,0,481,0,1,482,T
4-HA,1528,0,1,482,0,483,G
4-HA,1529,481,0,1,0,482,A
4-HA,1530,479,0,1,0,480,A
4-HA,1531,0,0,490,0,490,G
4-HA,1532,0,0,0,472,472,C
4-HA,1533,467,0,0,0,467,A
4-HA,1534,1,464,0,0,465,T
4-HA,1535,0,463,0,0,463,T
4-HA,1536,466,0,0,0,466,A
4-HA,1537,465,0,0,0,465,A
4-HA,1538,466,0,0,0,466,A
4-HA,1539,0,1,0,465,466,C
4-HA,1540,447,0,0,0,447,A
4-HA,1541,451,0,0,0,451,A
4-HA,1542,2,0,0,448,450,C
4-HA,1543,1,0,0,448,449,C
4-HA,1544,1,1,447,0,449,G
4-HA,1545,0,0,453,0,453,G
4-HA,1546,0,451,0,0,451,T
4-HA,1547,0,450,0,0,450,T
4-HA,1548,0,440,0,0,440,T
4-HA,1549,2,0,0,438,440,C
4-HA,1550,440,0,0,1,441,A
4-HA,1551,0,0,449,0,449,G
4-HA,1552,446,1,0,0,447,A
4-HA,1553,0,444,0,1,445,T
4-HA,1554,2,1,0,432,435,C
4-HA,1555,432,0,0,0,432,A
4-HA,1556,431,0,2,0,433,A
4-HA,1557,0,0,432,0,432,G
4-HA,1558,0,2,429,0,431,G
4-HA,1559,0,3,427,0,430,G
4-HA,1560,404,0,0,0,404,A
4-HA,1561,0,0,406,0,406,G
4-HA,1562,0,407,0,0,407,T
4-HA,1563,1,406,0,0,407,T
4-HA,1564,0,3,408,0,411,G
4-HA,1565,405,0,1,0,406,A
4-HA,1566,0,1,408,0,409,G
4-HA,1567,0,1,0,405,406,C
4-HA,1568,0,405,0,0,405,T
4-HA,1569,0,1,403,0,404,G
4-HA,1570,406,0,0,0,406,A
4-HA,1571,405,0,0,0,405,A
4-HA,1572,0,0,407,0,407,G
4-HA,1573,0,395,0,1,396,T
4-HA,1574,5,0,0,391,396,C
4-HA,1575,387,0,1,0,388,A
4-HA,1576,0,1,386,0,387,G
4-HA,1577,0,0,385,0,385,G
4-HA,1578,0,0,380,0,380,G
4-HA,1579,0,390,0,0,390,T
4-HA,1580,388,2,0,0,390,A
4-HA,1581,0,0,0,388,388,C
4-HA,1582,386,0,1,0,387,A
4-HA,1583,388,0,0,0,388,A
4-HA,1584,386,0,1,0,387,A
4-HA,1585,0,0,400,0,400,G
4-HA,1586,391,0,0,0,391,A
4-HA,1587,0,379,0,0,379,T
4-HA,1588,0,372,0,0,372,T
4-HA,1589,0,0,367,0,367,G
4-HA,1590,0,0,373,0,373,G
4-HA,1591,371,0,0,0,371,A
4-HA,1592,0,372,0,0,372,T
4-HA,1593,1,0,0,372,373,C
4-HA,1594,0,0,0,361,361,C
4-HA,1595,0,354,0,1,355,T
4-HA,1596,356,0,0,0,356,A
4-HA,1597,0,355,0,0,355,T
4-HA,1598,0,2,356,0,358,G
4-HA,1599,0,0,359,0,359,G
4-HA,1600,350,0,0,0,350,A
4-HA,1601,0,347,0,1,348,T
4-HA,1602,0,345,0,1,346,T
4-HA,1603,0,346,0,0,346,T
4-HA,1604,0,0,0,349,349,C
4-HA,1605,0,0,0,344,344,C
4-HA,1606,1,326,0,0,327,T
4-HA,1607,0,327,0,1,328,T
4-HA,1608,0,326,0,0,326,T
4-HA,1609,0,0,326,0,326,G
4-HA,1610,1,0,0,324,325,C
4-HA,1611,1,0,0,326,327,C
4-HA,1612,317,0,0,0,317,A
4-HA,1613,1,313,0,0,314,T
4-HA,1614,317,0,0,0,317,A
4-HA,1615,0,317,0,0,317,T
4-HA,1616,0,0,0,316,316,C
4-HA,1617,315,0,0,0,315,A
4-HA,1618,0,310,0,0,310,T
4-HA,1619,0,0,310,0,310,G
4-HA,1620,0,310,0,0,310,T
4-HA,1621,0,307,0,0,307,T
4-HA,1622,0,304,0,0,304,T
4-HA,1623,0,297,0,0,297,T
4-HA,1624,0,295,0,2,297,T
4-HA,1625,0,297,0,0,297,T
4-HA,1626,0,0,297,0,297,G
4-HA,1627,0,0,0,296,296,C
4-HA,1628,0,284,0,0,284,T
4-HA,1629,0,286,0,0,286,T
4-HA,1630,0,285,0,0,285,T
4-HA,1631,0,0,289,0,289,G
4-HA,1632,0,287,0,2,289,T
4-HA,1633,0,0,289,0,289,G
4-HA,1634,0,289,0,0,289,T
4-HA,1635,0,279,0,0,279,T
4-HA,1636,0,0,283,0,283,G
4-HA,1637,0,0,0,283,283,C
4-HA,1638,0,278,1,0,279,T
4-HA,1639,0,280,0,1,281,T
4-HA,1640,0,262,0,0,262,T
4-HA,1641,0,0,263,0,263,G
4-HA,1642,0,263,0,0,263,T
4-HA,1643,0,263,0,0,263,T
4-HA,1644,0,0,262,0,262,G
4-HA,1645,0,0,256,0,256,G
4-HA,1646,1,1,256,0,258,G
4-HA,1647,0,0,257,0,257,G
4-HA,1648,0,250,0,0,250,T
4-HA,1649,0,249,0,0,249,T
4-HA,1650,0,0,0,246,246,C
4-HA,1651,245,0,0,0,245,A
4-HA,1652,0,247,0,0,247,T
4-HA,1653,2,0,0,246,248,C
4-HA,1654,247,0,0,0,247,A
4-HA,1655,0,239,0,0,239,T
4-HA,1656,1,0,236,0,237,G
4-HA,1657,0,232,0,0,232,T
4-HA,1658,0,0,233,0,233,G
4-HA,1659,0,1,227,0,228,G
4-HA,1660,0,0,226,0,226,G
4-HA,1661,0,0,0,219,219,C
4-HA,1662,0,0,0,215,215,C
4-HA,1663,0,204,0,0,204,T
4-HA,1664,0,0,205,0,205,G
4-HA,1665,0,0,0,203,203,C
4-HA,1666,0,0,0,205,205,C
4-HA,1667,204,0,0,0,204,A
4-HA,1668,202,0,0,0,202,A
4-HA,1669,202,0,0,0,202,A
4-HA,1670,203,0,0,0,203,A
4-HA,1671,201,0,1,0,202,A
4-HA,1672,0,0,202,0,202,G
4-HA,1673,0,1,197,0,198,G
4-HA,1674,0,0,0,198,198,C
4-HA,1675,195,0,0,0,195,A
4-HA,1676,195,0,0,0,195,A
4-HA,1677,1,0,0,195,196,C
4-HA,1678,195,0,0,0,195,A
4-HA,1679,0,193,0,0,193,T
4-HA,1680,0,192,0,0,192,T
4-HA,1681,186,0,0,1,187,A
4-HA,1682,0,0,186,0,186,G
4-HA,1683,0,0,186,0,186,G
4-HA,1684,0,180,0,1,181,T
4-HA,1685,0,0,163,0,163,G
4-HA,1686,0,0,0,158,158,C
4-HA,1687,152,0,0,0,152,A
4-HA,1688,153,0,0,0,153,A
4-HA,1689,0,0,0,153,153,C
4-HA,1690,151,0,0,0,151,A
4-HA,1691,0,146,0,0,146,T
4-HA,1692,0,141,0,0,141,T
4-HA,1693,0,139,1,0,140,T
4-HA,1694,0,0,140,0,140,G
4-HA,1695,0,0,0,139,139,C
4-HA,1696,137,0,0,0,137,A
4-HA,1697,0,127,0,0,127,T
4-HA,1698,0,122,0,0,122,T
4-HA,1699,0,115,0,0,115,T
4-HA,1700,0,0,115,0,115,G
4-HA,1701,112,0,0,0,112,A
5-NP,1,640,0,0,0,640,A
5-NP,2,0,641,0,0,641,T
5-NP,3,0,0,640,0,640,G
5-NP,4,0,0,645,0,645,G
5-NP,5,1,0,0,645,646,C
5-NP,6,0,1,658,0,659,G
5-NP,7,0,691,0,0,691,T
5-NP,8,1,0,0,703,704,C
5-NP,9,1,0,0,709,710,C
5-NP,10,1,0,0,710,711,C
5-NP,11,714,0,1,0,715,A
5-NP,12,713,0,1,0,714,A
5-NP,13,0,2,721,0,723,G
5-NP,14,0,0,741,0,741,G
5-NP,15,0,0,0,751,751,C
5-NP,16,751,1,0,0,752,A
5-NP,17,0,0,0,761,761,C
5-NP,18,0,1,0,762,763,C
5-NP,19,767,0,0,0,767,A
5-NP,20,769,0,0,0,769,A
5-NP,21,768,0,1,0,769,A
5-NP,22,1,2,0,768,771,C
5-NP,23,0,2,774,0,776,G
5-NP,24,0,0,871,0,871,G
5-NP,25,0,870,0,1,871,T
5-NP,26,5,0,0,952,957,C
5-NP,27,0,954,0,1,955,T
5-NP,28,0,969,0,1,970,T
5-NP,29,971,1,0,0,972,A
5-NP,30,0,970,0,0,970,T
5-NP,31,1,15,961,0,977,G
5-NP,32,977,1,1,0,979,A
5-NP,33,957,0,2,0,959,A
5-NP,34,0,0,0,967,967,C
5-NP,35,945,0,0,0,945,A
5-NP,36,0,5,1029,0,1034,G
5-NP,37,1036,0,0,0,1036,A
5-NP,38,1,1036,0,1,1038,T
5-NP,39,0,3,1038,0,1041,G
5-NP,40,0,2,1045,0,1047,G
5-NP,41,1041,0,4,0,1045,A
5-NP,42,1054,0,0,0,1054,A
5-NP,43,1055,0,1,0,1056,A
5-NP,44,0,0,0,1094,1094,C
5-NP,45,0,1077,0,0,1077,T
5-NP,46,0,2,1085,0,1087,G
5-NP,47,1085,0,1,0,1086,A
5-NP,48,0,1085,1,1,1087,T
5-NP,49,0,1,1090,0,1091,G
5-NP,50,0,2,1095,1,1098,G
5-NP,51,0,7,1091,0,1098,G
5-NP,52,0,7,1096,0,1103,G
5-NP,53,1091,0,1,0,1092,A
5-NP,54,0,1095,0,0,1095,T
5-NP,55,4,0,0,1102,1106,C
5-NP,56,2,1,1104,0,1107,G
5-NP,57,1,0,0,1118,1119,C
5-NP,58,4,0,0,1121,1125,C
5-NP,59,1117,0,1,0,1118,A
5-NP,60,0,4,1136,0,1140,G
5-NP,61,1135,0,0,0,1135,A
5-NP,62,1153,1,0,0,1154,A
5-NP,63,0,1159,0,0,1159,T
5-NP,64,1,0,1155,0,1156,G
5-NP,65,0,0,0,1165,1165,C
5-NP,66,1162,1,0,0,1163,A
5-NP,67,1180,0,0,0,1180,A
5-NP,68,0,1,0,1178,1179,C
5-NP,69,1,1174,0,1,1176,T
5-NP,70,0,5,1183,0,1188,G
5-NP,71,1194,0,3,0,1197,A
5-NP,72,0,6,1257,0,1263,G
5-NP,73,1257,0,0,0,1257,A
5-NP,74,1,1250,0,1,1252,T
5-NP,75,0,1254,0,1,1255,T
5-NP,76,1250,0,0,0,1250,A
5-NP,77,0,1,1255,0,1256,G
5-NP,78,1,5,1250,0,1256,G
5-NP,79,1,0,1256,0,1257,G
5-NP,80,3,2,0,1233,1238,C
5-NP,81,1219,1,0,0,1220,A
5-NP,82,0,1226,0,0,1226,T
5-NP,83,2,0,0,1226,1228,C
5-NP,84,2,0,1,1229,1232,C
5-NP,85,1,0,1239,0,1240,G
5-NP,86,0,1236,0,0,1236,T
5-NP,87,3,0,0,1235,1238,C
5-NP,88,0,4,1242,0,1246,G
5-NP,89,0,3,1251,0,1254,G
5-NP,90,1,6,1255,0,1262,G
5-NP,91,1255,2,0,0,1257,A
5-NP,92,1256,0,1,0,1257,A
5-NP,93,1,3,1269,0,1273,G
5-NP,94,1267,0,0,0,1267,A
5-NP,95,0,1279,1,1,1281,T
5-NP,96,1,10,1273,0,1284,G
5-NP,97,1291,1,1,0,1293,A
5-NP,98,0,1298,0,0,1298,T
5-NP,99,0,1292,0,3,1295,T
5-NP,100,0,2,1297,0,1299,G
5-NP,101,1291,1,0,0,1292,A
5-NP,102,0,1287,0,4,1291,T
5-NP,103,0,2,1285,0,1287,G
5-NP,104,0,1,1278,0,1279,G
5-NP,105,0,4,1260,0,1264,G
5-NP,106,1339,0,0,0,1339,A
5-NP,107,0,1338,0,2,1340,T
5-NP,108,0,1343,0,1,1344,T
5-NP,109,1,2,1359,0,1362,G
5-NP,110,0,2,1354,1,1357,G
5-NP,111,0,4,1354,0,1358,G
5-NP,112,1361,0,1,0,1362,A
5-NP,113,0,5,1350,0,1355,G
5-NP,114,1341,0,1,0,1342,A
5-NP,115,0,1370,0,1,1371,T
5-NP,116,1,1363,0,1,1365,T
5-NP,117,6,0,0,1370,1376,C
5-NP,118,0,1375,0,1,1376,T
5-NP,119,1395,1,2,0,1398,A
5-NP,120,1,0,0,1401,1402,C
5-NP,121,1431,0,1,0,1432,A
5-NP,122,1,1433,0,0,1434,T
5-NP,123,3,0,0,1426,1429,C
5-NP,124,2,0,0,1424,1426,C
5-NP,125,1429,0,0,1,1430,A
5-NP,126,1447,0,0,0,1447,A
5-NP,127,1453,0,1,0,1454,A
5-NP,128,0,1449,0,0,1449,T
5-NP,129,1,0,1452,0,1453,G
5-NP,130,0,1427,0,0,1427,T
5-NP,131,0,1,1441,0,1442,G
5-NP,132,0,2,0,1443,1445,C
5-NP,133,1435,0,2,1,1438,A
5-NP,134,0,0,0,1443,1443,C
5-NP,135,0,1417,0,0,1417,T
5-NP,136,0,9,1477,0,1486,G
5-NP,137,1505,0,0,0,1505,A
5-NP,138,1510,1,5,0,1516,A
5-NP,139,0,0,0,1531,1531,C
5-NP,140,0,1512,0,1,1513,T
5-NP,141,1,1515,0,2,1518,T
5-NP,142,1520,0,0,0,1520,A
5-NP,143,1515,0,1,0,1516,A
5-NP,144,2,0,1477,0,1479,G
5-NP,145,1,2,0,1495,1498,C
5-NP,146,0,1490,0,1,1491,T
5-NP,147,7,1,0,1507,1515,C
5-NP,148,1514,0,0,0,1514,A
5-NP,149,0,0,1573,0,1573,G
5-NP,150,0,1570,0,0,1570,T
5-NP,151,1,12,1572,1,1586,G
5-NP,152,1595,0,4,0,1599,A
5-NP,153,0,1597,0,1,1598,T
5-NP,154,5,0,0,1623,1628,C
5-NP,155,1631,1,1,0,1633,A
5-NP,156,0,1627,0,1,1628,T
5-NP,157,1,2,1623,0,1626,G
5-NP,158,1613,0,0,0,1613,A
5-NP,159,1603,0,2,1,1606,A
5-NP,160,1,1,1602,1,1605,G
5-NP,161,0,4,1584,0,1588,G
5-NP,162,1,2,1585,0,1588,G
5-NP,163,0,3,0,1576,1579,C
5-NP,164,1,3,1578,0,1582,G
5-NP,165,0,2,1584,0,1586,G
5-NP,166,0,1589,0,0,1589,T
5-NP,167,0,1592,0,0,1592,T
5-NP,168,0,6,1595,0,1601,G
5-NP,169,1743,1,2,0,1746,A
5-NP,170,0,1743,0,0,1743,T
5-NP,171,9,0,0,1733,1742,C
5-NP,172,7,1,0,1736,1744,C
5-NP,173,1741,0,1,0,1742,A
5-NP,174,0,14,1734,0,1748,G
5-NP,175,1746,0,0,0,1746,A
5-NP,176,1744,0,1,0,1745,A
5-NP,177,0,2,0,1757,1759,C
5-NP,178,1678,0,0,0,1678,A
5-NP,179,0,1,1698,1,1700,G
5-NP,180,0,0,0,1700,1700,C
5-NP,181,0,1696,0,2,1698,T
5-NP,182,1,1700,0,1,1702,T
5-NP,183,0,8,1696,0,1704,G
5-NP,184,1718,1,1,0,1720,A
5-NP,185,0,0,0,1731,1731,C
5-NP,186,1720,0,1,0,1721,A
5-NP,187,1721,1,0,0,1722,A
5-NP,188,0,1699,1,0,1700,T
5-NP,189,1700,0,2,0,1702,A
5-NP,190,0,10,1709,0,1719,G
5-NP,191,1708,0,3,1,1712,A
5-NP,192,0,5,1723,0,1728,G
5-NP,193,1717,1,1,0,1719,A
5-NP,194,1746,0,0,0,1746,A
5-NP,195,1743,0,0,0,1743,A
5-NP,196,1760,1,0,0,1761,A
5-NP,197,0,1761,0,0,1761,T
5-NP,198,1,4,1762,0,1767,G
5-NP,199,1,0,1766,0,1767,G
5-NP,200,0,1759,0,0,1759,T
5-NP,201,1728,0,1,0,1729,A
5-NP,202,0,1,0,1746,1747,C
5-NP,203,0,1750,0,2,1752,T
5-NP,204,6,0,0,1775,1781,C
5-NP,205,0,1748,0,3,1751,T
5-NP,206,2,0,0,1785,1787,C
5-NP,207,0,1783,0,1,1784,T
5-NP,208,0,2,1791,0,1793,G
5-NP,209,0,0,0,1791,1791,C
5-NP,210,0,1783,2,1,1786,T
5-NP,211,0,1783,0,5,1788,T
5-NP,212,0,1781,0,2,1783,T
5-NP,213,0,1763,0,2,1765,T
5-NP,214,0,7,1770,0,1777,G
5-NP,215,1754,2,1,13,1770,A
5-NP,216,1,1770,0,0,1771,T
5-NP,217,0,5,1761,1,1767,G
5-NP,218,1754,1,0,0,1755,A
5-NP,219,1757,0,0,0,1757,A
5-NP,220,1754,0,2,0,1756,A
5-NP,221,0,2,1759,0,1761,G
5-NP,222,1762,0,0,1,1763,A
5-NP,223,1762,0,2,0,1764,A
5-NP,224,0,1,1779,0,1780,G
5-NP,225,0,6,1822,1,1829,G
5-NP,226,1834,0,1,1,1836,A
5-NP,227,1848,0,1,0,1849,A
5-NP,228,0,1845,1,0,1846,T
5-NP,229,1848,0,0,0,1848,A
5-NP,230,1844,0,0,0,1844,A
5-NP,231,1858,0,2,0,1860,A
5-NP,232,0,1860,0,0,1860,T
5-NP,233,1852,0,0,0,1852,A
5-NP,234,0,0,0,1839,1839,C
5-NP,235,2,1,1,1818,1822,C
5-NP,236,0,1822,0,1,1823,T
5-NP,237,0,4,1827,0,1831,G
5-NP,238,0,0,1850,0,1850,G
5-NP,239,1852,0,0,0,1852,A
5-NP,240,1832,1,1,0,1834,A
5-NP,241,0,9,1858,0,1867,G
5-NP,242,1853,0,1,0,1854,A
5-NP,243,1850,1,2,0,1853,A
5-NP,244,0,0,0,1848,1848,C
5-NP,245,1840,0,2,0,1842,A
5-NP,246,0,1,0,1888,1889,C
5-NP,247,6,0,0,1859,1865,C
5-NP,248,1,0,0,1864,1865,C
5-NP,249,1,0,0,1862,1863,C
5-NP,250,1844,1,0,0,1845,A
5-NP,251,1,0,1848,0,1849,G
5-NP,252,2,3,0,1839,1844,C
5-NP,253,2,1,1847,0,1850,G
5-NP,254,0,1,0,1845,1846,C
5-NP,255,2,1,1821,0,1824,G
5-NP,256,2,2,1831,0,1835,G
5-NP,257,0,9,1830,0,1839,G
5-NP,258,2,2,1847,0,1851,G
5-NP,259,1853,0,0,0,1853,A
5-NP,260,1844,0,0,0,1844,A
5-NP,261,1837,0,3,0,1840,A
5-NP,262,0,2,1844,0,1846,G
5-NP,263,1840,0,1,0,1841,A
5-NP,264,0,1830,1,1,1832,T
5-NP,265,6,0,1,1824,1831,C
5-NP,266,5,1,0,1823,1829,C
5-NP,267,6,0,0,1831,1837,C
5-NP,268,1842,0,0,0,1842,A
5-NP,269,1837,0,1,0,1838,A
5-NP,270,0,10,1842,0,1852,G
5-NP,271,1847,0,0,0,1847,A
5-NP,272,1851,1,4,0,1856,A
5-NP,273,1853,0,1,0,1854,A
5-NP,274,1853,0,1,0,1854,A
5-NP,275,1,0,0,1862,1863,C
5-NP,276,0,1838,1,1,1840,T
5-NP,277,0,3,1835,0,1838,G
5-NP,278,0,3,1836,0,1839,G
5-NP,279,4,3,1836,0,1843,G
5-NP,280,1,7,1836,0,1844,G
5-NP,281,2,0,1833,0,1835,G
5-NP,282,0,0,1864,0,1864,G
5-NP,283,0,2,0,1980,1982,C
5-NP,284,5,1,0,1972,1978,C
5-NP,285,3,0,0,1993,1996,C
5-NP,286,2205,0,0,2,2207,A
5-NP,287,0,2212,0,1,2213,T
5-NP,288,2314,1,1,0,2316,A
5-NP,289,0,2317,0,0,2317,T
5-NP,290,2294,0,1,0,2295,A
5-NP,291,2,0,0,2311,2313,C
5-NP,292,2131,0,0,0,2131,A
5-NP,293,1,1,2167,0,2169,G
5-NP,294,1,3,2162,0,2166,G
5-NP,295,1969,0,2,0,1971,A
5-NP,296,1,7,1979,1,1988,G
5-NP,297,1912,0,2,0,1914,A
5-NP,298,0,1,1939,0,1940,G
5-NP,299,1,1935,0,0,1936,T
5-NP,300,1922,0,0,0,1922,A
5-NP,301,0,1,1926,0,1927,G
5-NP,302,1893,0,3,0,1896,A
5-NP,303,1,1894,0,1,1896,T
5-NP,304,1,3,1890,0,1894,G
5-NP,305,1,3,1897,0,1901,G
5-NP,306,1895,0,0,0,1895,A
5-NP,307,1883,0,0,0,1883,A
5-NP,308,1880,0,0,0,1880,A
5-NP,309,1889,0,1,0,1890,A
5-NP,310,1,1889,0,0,1890,T
5-NP,311,1,1,1893,0,1895,G
5-NP,312,0,2,1898,0,1900,G
5-NP,313,1898,0,1,0,1899,A
5-NP,314,0,1883,0,0,1883,T
5-NP,315,1,6,1883,0,1890,G
5-NP,316,1892,0,1,0,1893,A
5-NP,317,1,3,1897,0,1901,G
5-NP,318,0,4,1894,0,1898,G
5-NP,319,3,8,1889,0,1900,G
5-NP,320,1910,1,2,0,1913,A
5-NP,321,1912,0,1,0,1913,A
5-NP,322,0,0,0,1930,1930,C
5-NP,323,0,1923,0,1,1924,T
5-NP,324,9,0,0,1940,1949,C
5-NP,325,1,0,1961,0,1962,G
5-NP,326,0,1974,0,0,1974,T
5-NP,327,9,0,1,1967,1977,C
5-NP,328,3,1,0,2103,2107,C
5-NP,329,0,2096,0,1,2097,T
5-NP,330,0,2105,0,2,2107,T
5-NP,331,0,2104,0,3,2107,T
5-NP,332,2113,0,0,0,2113,A
5-NP,333,0,2106,0,0,2106,T
5-NP,334,1,8,2094,0,2103,G
5-NP,335,2105,0,2,0,2107,A
5-NP,336,0,2,0,2098,2100,C
5-NP,337,2058,0,0,0,2058,A
5-NP,338,2065,1,0,0,2066,A
5-NP,339,2078,1,0,0,2079,A
5-NP,340,0,0,2156,0,2156,G
5-NP,341,2154,0,1,1,2156,A
5-NP,342,2156,0,0,1,2157,A
5-NP,343,0,8,2223,0,2231,G
5-NP,344,2237,0,0,0,2237,A
5-NP,345,2242,1,1,0,2244,A
5-NP,346,2240,0,0,0,2240,A
5-NP,347,1,2242,0,2,2245,T
5-NP,348,2238,0,0,0,2238,A
5-NP,349,2222,0,1,1,2224,A
5-NP,350,2,4,2238,0,2244,G
5-NP,351,0,0,2236,0,2236,G
5-NP,352,1,1,0,2216,2218,C
5-NP,353,1,11,2198,0,2210,G
5-NP,354,2215,0,3,0,2218,A
5-NP,355,2244,0,2,0,2246,A
5-NP,356,0,2244,0,1,2245,T
5-NP,357,8,0,0,2243,2251,C
5-NP,358,2,2240,0,2,2244,T
5-NP,359,0,2,2234,0,2236,G
5-NP,360,0,1,2235,0,2236,G
5-NP,361,1,1,0,2239,2241,C
5-NP,362,2,1,2244,1,2248,G
5-NP,363,3,0,0,2242,2245,C
5-NP,364,4,0,0,2233,2237,C
5-NP,365,2251,1,1,0,2253,A
5-NP,366,2263,3,1,1,2268,A
5-NP,367,0,1,2323,0,2324,G
5-NP,368,1,0,0,2329,2330,C
5-NP,369,8,0,0,2346,2354,C
5-NP,370,2358,0,4,0,2362,A
5-NP,371,2390,3,1,0,2394,A
5-NP,372,1,2,0,2411,2414,C
5-NP,373,2421,0,1,0,2422,A
5-NP,374,2460,0,0,0,2460,A
5-NP,375,0,2445,0,1,2446,T
5-NP,376,1,5,2471,0,2477,G
5-NP,377,1,1,2468,0,2470,G
5-NP,378,0,2431,0,3,2434,T
5-NP,379,0,8,2431,0,2439,G
5-NP,380,2429,0,0,0,2429,A
5-NP,381,2,5,2464,0,2471,G
5-NP,382,1,1,2467,0,2469,G
5-NP,383,2484,0,1,0,2485,A
5-NP,384,0,2635,0,3,2638,T
5-NP,385,1,3,2641,0,2645,G
5-NP,386,1,2,0,2649,2652,C
5-NP,387,0,2648,0,3,2651,T
5-NP,388,2659,2,2,0,2663,A
5-NP,389,3,0,0,2700,2703,C
5-NP,390,2689,0,2,0,2691,A
5-NP,391,1,2685,0,1,2687,T
5-NP,392,3,0,0,2668,2671,C
5-NP,393,3,2551,0,2,2556,T
5-NP,394,0,4,2651,0,2655,G
5-NP,395,0,3,2694,0,2697,G
5-NP,396,1,2695,0,3,2699,T
5-NP,397,10,5,1,2685,2701,C
5-NP,398,1,2655,0,1,2657,T
5-NP,399,2683,0,1,0,2684,A
5-NP,400,2689,0,0,0,2689,A
5-NP,401,0,0,0,2697,2697,C
5-NP,402,0,2700,0,3,2703,T
5-NP,403,14,1,0,2691,2706,C
5-NP,404,2678,0,0,1,2679,A
5-NP,405,1,1,0,2799,2801,C
5-NP,406,2804,0,1,0,2805,A
5-NP,407,0,2809,0,0,2809,T
5-NP,408,2780,0,1,0,2781,A
5-NP,409,2796,0,2,0,2798,A
5-NP,410,0,2797,0,1,2798,T
5-NP,411,0,24,2797,0,2821,G
5-NP,412,2807,0,0,0,2807,A
5-NP,413,0,2790,0,2,2792,T
5-NP,414,1,2730,0,0,2731,T
5-NP,415,2,2735,0,1,2738,T
5-NP,416,1,8,2717,1,2727,G
5-NP,417,3,2,2741,0,2746,G
5-NP,418,1,1,1,2739,2742,C
5-NP,419,2727,1,0,0,2728,A
5-NP,420,0,2716,0,1,2717,T
5-NP,421,1,2716,0,2,2719,T
5-NP,422,11,1,0,2709,2721,C
5-NP,423,3,2,0,2715,2720,C
5-NP,424,2773,0,0,0,2773,A
5-NP,425,2778,0,1,1,2780,A
5-NP,426,0,2770,0,0,2770,T
5-NP,427,1,2772,0,2,2775,T
5-NP,428,0,2771,0,2,2773,T
5-NP,429,0,17,2780,0,2797,G
5-NP,430,2789,1,3,0,2793,A
5-NP,431,2796,1,2,0,2799,A
5-NP,432,1,2802,0,1,2804,T
5-NP,433,0,8,2767,0,2775,G
5-NP,434,2880,0,0,0,2880,A
5-NP,435,0,2883,0,2,2885,T
5-NP,436,0,5,2896,0,2901,G
5-NP,437,2,2,1,2955,2960,C
5-NP,438,2943,0,3,0,2946,A
5-NP,439,3061,0,5,1,3067,A
5-NP,440,2,1,0,3063,3066,C
5-NP,441,3104,1,1,0,3106,A
5-NP,442,0,3173,0,0,3173,T
5-NP,443,3114,0,3,2,3119,A
5-NP,444,1,0,0,3161,3162,C
5-NP,445,8,1,1,3147,3157,C
5-NP,446,3097,1,3,0,3101,A
5-NP,447,0,6,3129,0,3135,G
5-NP,448,3057,0,4,0,3061,A
5-NP,449,3,9,3111,0,3123,G
5-NP,450,6,13,3098,0,3117,G
5-NP,451,3073,1,6,0,3080,A
5-NP,452,0,3,0,3098,3101,C
5-NP,453,3059,0,1,1,3061,A
5-NP,454,3058,0,2,0,3060,A
5-NP,455,1,6,3068,0,3075,G
5-NP,456,3040,2,4,1,3047,A
5-NP,457,1,2,3060,1,3064,G
5-NP,458,0,3,0,3048,3051,C
5-NP,459,0,3020,0,6,3026,T
5-NP,460,8,0,0,3032,3040,C
5-NP,461,1,3028,0,2,3031,T
5-NP,462,0,3045,0,1,3046,T
5-NP,463,0,4,3057,0,3061,G
5-NP,464,1,3044,0,1,3046,T
5-NP,465,0,3044,0,1,3045,T
5-NP,466,27,1,0,2998,3026,C
5-NP,467,2,21,3002,0,3025,G
5-NP,468,3064,1,1,1,3067,A
5-NP,469,3063,2,3,0,3068,A
5-NP,470,2,1,0,3080,3083,C
5-NP,471,0,3066,0,3,3069,T
5-NP,472,0,3,3131,0,3134,G
5-NP,473,2,9,3130,1,3142,G
5-NP,474,3147,2,2,0,3151,A
5-NP,475,3150,1,3,0,3154,A
5-NP,476,1,3143,0,0,3144,T
5-NP,477,1,12,3131,1,3145,G
5-NP,478,2,10,3142,0,3154,G
5-NP,479,3169,1,5,0,3175,A
5-NP,480,0,3191,0,4,3195,T
5-NP,481,16,3,0,3191,3210,C
5-NP,482,6,2,1,3210,3219,C
5-NP,483,11,1,0,3215,3227,C
5-NP,484,3254,1,1,0,3256,A
5-NP,485,2,16,3264,0,3282,G
5-NP,486,3268,0,0,0,3268,A
5-NP,487,3270,0,0,0,3270,A
5-NP,488,0,3239,0,0,3239,T
5-NP,489,0,1,3272,0,3273,G
5-NP,490,1,3253,0,2,3256,T
5-NP,491,3,6,3260,0,3269,G
5-NP,492,2,0,0,3263,3265,C
5-NP,493,0,3240,0,4,3244,T
5-NP,494,13,0,0,3381,3394,C
5-NP,495,0,3371,0,2,3373,T
5-NP,496,12,3,1,3475,3491,C
5-NP,497,1,3478,0,2,3481,T
5-NP,498,1,19,3460,0,3480,G
5-NP,499,3493,2,0,0,3495,A
5-NP,500,1,3494,0,0,3495,T
5-NP,501,1,3,3489,0,3493,G
5-NP,502,1,1,0,3489,3491,C
5-NP,503,3382,1,3,0,3386,A
5-NP,504,1,5,3459,0,3465,G
5-NP,505,2,7,3373,0,3382,G
5-NP,506,3,0,3414,1,3418,G
5-NP,507,0,0,1,3413,3414,C
5-NP,508,1,3399,0,3,3403,T
5-NP,509,17,6,0,3393,3416,C
5-NP,510,9,23,3389,0,3421,G
5-NP,511,3454,0,4,0,3458,A
5-NP,512,1,0,0,3460,3461,C
5-NP,513,1,3390,0,10,3401,T
5-NP,514,9,0,0,3516,3525,C
5-NP,515,0,3511,3,3,3517,T
5-NP,516,12,1,0,3886,3899,C
5-NP,517,8,2,0,3893,3903,C
5-NP,518,7,1,0,3887,3895,C
5-NP,519,0,3897,0,2,3899,T
5-NP,520,3876,0,3,3,3882,A
5-NP,521,1,10,3874,0,3885,G
5-NP,522,3869,1,2,1,3873,A
5-NP,523,3766,0,2,1,3769,A
5-NP,524,2,16,3756,0,3774,G
5-NP,525,0,5,3674,0,3679,G
5-NP,526,0,3636,0,1,3637,T
5-NP,527,9,2,0,3621,3632,C
5-NP,528,13,6,0,3608,3627,C
5-NP,529,5,9,3606,0,3620,G
5-NP,530,1,11,3640,0,3652,G
5-NP,531,3643,0,3,0,3646,A
5-NP,532,0,0,3679,0,3679,G
5-NP,533,1,0,1,3688,3690,C
5-NP,534,1,3628,0,4,3633,T
5-NP,535,4,1,3643,0,3648,G
5-NP,536,1,1,0,3644,3646,C
5-NP,537,3644,2,6,0,3652,A
5-NP,538,3,8,3649,0,3660,G
5-NP,539,0,0,3673,0,3673,G
5-NP,540,0,3670,0,2,3672,T
5-NP,541,0,2,3636,0,3638,G
5-NP,542,1,0,0,3637,3638,C
5-NP,543,0,3623,0,2,3625,T
5-NP,544,2,3,3623,0,3628,G
5-NP,545,1,1,0,3627,3629,C
5-NP,546,3675,0,1,0,3676,A
5-NP,547,2,2,3742,0,3746,G
5-NP,548,0,3700,0,2,3702,T
5-NP,549,32,2,0,3670,3704,C
5-NP,550,3705,0,1,0,3706,A
5-NP,551,3708,1,0,0,3709,A
5-NP,552,3694,0,11,0,3705,A
5-NP,553,1,7,3721,0,3729,G
5-NP,554,0,20,3726,0,3746,G
5-NP,555,3735,1,2,0,3738,A
5-NP,556,3700,2,1,2,3705,A
5-NP,557,0,3695,0,2,3697,T
5-NP,558,16,1,0,3678,3695,C
5-NP,559,2,8,3687,0,3697,G
5-NP,560,1,9,3793,0,3803,G
5-NP,561,2,13,3791,0,3806,G
5-NP,562,3780,3,2,0,3785,A
5-NP,563,2,0,0,3785,3787,C
5-NP,564,3732,0,5,0,3737,A
5-NP,565,3809,0,2,1,3812,A
5-NP,566,0,3816,0,2,3818,T
5-NP,567,2,7,3825,2,3836,G
5-NP,568,1,3,3870,0,3874,G
5-NP,569,1,3783,0,2,3786,T
5-NP,570,1,14,3782,0,3797,G
5-NP,571,3788,1,0,0,3789,A
5-NP,572,0,3777,0,1,3778,T
5-NP,573,2,12,3760,0,3774,G
5-NP,574,1,20,3848,0,3869,G
5-NP,575,3865,1,2,0,3868,A
5-NP,576,3856,1,5,0,3862,A
5-NP,577,1,0,0,3850,3851,C
5-NP,578,1,3807,0,0,3808,T
5-NP,579,3785,1,2,1,3789,A
5-NP,580,3959,1,0,0,3960,A
5-NP,581,0,3964,0,1,3965,T
5-NP,582,17,0,0,3959,3976,C
5-NP,583,3831,1,1,0,3833,A
5-NP,584,0,16,3882,0,3898,G
5-NP,585,3884,1,2,1,3888,A
5-NP,586,3888,0,2,0,3890,A
5-NP,587,0,3889,0,0,3889,T
5-NP,588,3,19,3825,1,3848,G
5-NP,589,1,0,3911,0,3912,G
5-NP,590,0,3906,2,4,3912,T
5-NP,591,24,0,1,3881,3906,C
5-NP,592,3926,0,0,0,3926,A
5-NP,593,3901,0,0,1,3902,A
5-NP,594,3902,0,1,1,3904,A
5-NP,595,1,2,0,3912,3915,C
5-NP,596,3,6,3896,2,3907,G
5-NP,597,0,4,3929,0,3933,G
5-NP,598,0,15,3879,0,3894,G
5-NP,599,1,12,3892,1,3906,G
5-NP,600,1,18,3901,0,3920,G
5-NP,601,3924,1,5,0,3930,A
5-NP,602,1,3903,0,4,3908,T
5-NP,603,19,0,0,3889,3908,C
5-NP,604,3904,0,5,2,3911,A
5-NP,605,3914,0,0,0,3914,A
5-NP,606,2,1,0,3884,3887,C
5-NP,607,1,24,3833,0,3858,G
5-NP,608,3853,1,0,0,3854,A
5-NP,609,1,3843,0,2,3846,T
5-NP,610,26,3,0,3821,3850,C
5-NP,611,0,15,3842,0,3857,G
5-NP,612,3852,0,2,0,3854,A
5-NP,613,3853,0,0,0,3853,A
5-NP,614,3858,0,0,1,3859,A
5-NP,615,0,3894,1,1,3896,T
5-NP,616,0,3897,0,2,3899,T
5-NP,617,0,3885,0,2,3887,T
5-NP,618,1,3902,0,0,3903,T
5-NP,619,1,3902,0,3,3906,T
5-NP,620,1,8,3909,0,3918,G
5-NP,621,1,11,3891,0,3903,G
5-NP,622,3883,0,8,0,3891,A
5-NP,623,1,6,3903,1,3911,G
5-NP,624,3859,1,3,0,3863,A
5-NP,625,0,11,3987,0,3998,G
5-NP,626,0,4,4010,0,4014,G
5-NP,627,0,4005,1,4,4010,T
5-NP,628,6,21,3994,0,4021,G
5-NP,629,4028,0,3,0,4031,A
5-NP,630,1,19,4032,0,4052,G
5-NP,631,4041,0,6,0,4047,A
5-NP,632,4034,0,1,1,4036,A
5-NP,633,1,4019,0,5,4025,T
5-NP,634,3,16,3898,0,3917,G
5-NP,635,2,10,3879,2,3893,G
5-NP,636,3847,0,9,0,3856,A
5-NP,637,1,3,1,3855,3860,C
5-NP,638,1,9,3854,0,3864,G
5-NP,639,0,15,3926,0,3941,G
5-NP,640,3942,0,2,2,3946,A
5-NP,641,3946,0,1,1,3948,A
5-NP,642,3987,0,2,0,3989,A
5-NP,643,3989,3,5,0,3997,A
5-NP,644,1,1,1,4021,4024,C
5-NP,645,4013,1,1,0,4015,A
5-NP,646,4010,0,2,0,4012,A
5-NP,647,0,12,3998,0,4010,G
5-NP,648,3897,0,7,1,3905,A
5-NP,649,3924,1,3,0,3928,A
5-NP,650,0,2,4022,0,4024,G
5-NP,651,0,4013,1,0,4014,T
5-NP,652,1,1,4194,0,4196,G
5-NP,653,2,1,0,4169,4172,C
5-NP,654,0,4185,0,6,4191,T
5-NP,655,0,4195,0,2,4197,T
5-NP,656,4247,0,1,0,4248,A
5-NP,657,1,4244,1,2,4248,T
5-NP,658,2,20,4237,0,4259,G
5-NP,659,4162,0,5,0,4167,A
5-NP,660,0,22,4164,0,4186,G
5-NP,661,3974,2,4,0,3980,A
5-NP,662,0,11,3989,0,4000,G
5-NP,663,3982,1,0,1,3984,A
5-NP,664,4016,0,0,0,4016,A
5-NP,665,1,3983,0,0,3984,T
5-NP,666,2,0,4039,0,4041,G
5-NP,667,2,4014,0,3,4019,T
5-NP,668,2,2,4023,2,4029,G
5-NP,669,1,1,0,4024,4026,C
5-NP,670,4005,1,1,0,4007,A
5-NP,671,4014,0,4,0,4018,A
5-NP,672,0,0,0,4015,4015,C
5-NP,673,3974,1,3,0,3978,A
5-NP,674,0,3998,0,0,3998,T
5-NP,675,2,3942,0,5,3949,T
5-NP,676,16,1,0,3944,3961,C
5-NP,677,1,3937,0,2,3940,T
5-NP,678,0,3936,0,0,3936,T
5-NP,679,3940,1,0,0,3941,A
5-NP,680,3927,0,1,0,3928,A
5-NP,681,3921,0,5,0,3926,A
5-NP,682,0,8,3915,0,3923,G
5-NP,683,0,18,3898,0,3916,G
5-NP,684,3910,0,2,0,3912,A
5-NP,685,3911,0,4,0,3915,A
5-NP,686,3914,0,1,0,3915,A
5-NP,687,3971,0,2,1,3974,A
5-NP,688,0,3965,0,1,3966,T
5-NP,689,1,3967,0,0,3968,T
5-NP,690,1,3979,0,0,3980,T
5-NP,691,15,1,1,3971,3988,C
5-NP,692,3989,1,1,0,3991,A
5-NP,693,3990,0,2,0,3992,A
5-NP,694,3987,0,3,0,3990,A
5-NP,695,0,2,0,4039,4041,C
5-NP,696,3996,1,1,0,3998,A
5-NP,697,2,1,4051,0,4054,G
5-NP,698,0,1,0,4054,4055,C
5-NP,699,1,4047,0,3,4051,T
5-NP,700,0,5,4116,0,4121,G
5-NP,701,3,0,0,4112,4115,C
5-NP,702,4145,0,3,0,4148,A
5-NP,703,3,2,0,4149,4154,C
5-NP,704,4112,1,0,0,4113,A
5-NP,705,4110,1,9,0,4120,A
5-NP,706,4025,1,7,1,4034,A
5-NP,707,0,19,4147,0,4166,G
5-NP,708,4146,0,7,0,4153,A
5-NP,709,0,1,4173,0,4174,G
5-NP,710,2,0,1,4154,4157,C
5-NP,711,4152,0,1,0,4153,A
5-NP,712,4265,0,1,1,4267,A
5-NP,713,0,4269,0,1,4270,T
5-NP,714,1,9,4271,0,4281,G
5-NP,715,4,0,4297,0,4301,G
5-NP,716,0,4169,0,0,4169,T
5-NP,717,4,12,4147,0,4163,G
5-NP,718,1,18,4171,0,4190,G
5-NP,719,4197,0,1,0,4198,A
5-NP,720,3,4193,0,1,4197,T
5-NP,721,15,1,0,4094,4110,C
5-NP,722,4107,0,3,0,4110,A
5-NP,723,4136,0,3,0,4139,A
5-NP,724,2,1,4143,0,4146,G
5-NP,725,2,4104,0,3,4109,T
5-NP,726,0,24,4094,1,4119,G
5-NP,727,4055,2,10,0,4067,A
5-NP,728,3,22,4061,0,4086,G
5-NP,729,4075,0,5,0,4080,A
5-NP,730,0,17,4062,0,4079,G
5-NP,731,4046,0,3,0,4049,A
5-NP,732,3973,0,2,0,3975,A
5-NP,733,3983,1,3,0,3987,A
5-NP,734,1,0,4018,0,4019,G
5-NP,735,0,4004,0,0,4004,T
5-NP,736,32,0,2,3964,3998,C
5-NP,737,2,8,3982,0,3992,G
5-NP,738,1,26,3976,0,4003,G
5-NP,739,4000,1,3,1,4005,A
5-NP,740,4019,0,1,2,4022,A
5-NP,741,2,0,0,3998,4000,C
5-NP,742,8,2,0,3978,3988,C
5-NP,743,13,3,0,3993,4009,C
5-NP,744,3981,0,2,0,3983,A
5-NP,745,0,5,3995,0,4000,G
5-NP,746,1,15,3992,1,4009,G
5-NP,747,4002,0,3,0,4005,A
5-NP,748,4000,0,0,1,4001,A
5-NP,749,3987,0,2,0,3989,A
5-NP,750,1,2,0,4004,4007,C
5-NP,751,0,1,4001,1,4003,G
5-NP,752,3,0,0,3989,3992,C
5-NP,753,2,3982,0,5,3989,T
5-NP,754,4,11,3981,0,3996,G
5-NP,755,3983,0,1,0,3984,A
5-NP,756,2,21,4030,0,4053,G
5-NP,757,4090,0,1,1,4092,A
5-NP,758,2,4091,0,0,4093,T
5-NP,759,29,1,0,3998,4028,C
5-NP,760,0,8,4019,2,4029,G
5-NP,761,4024,0,3,0,4027,A
5-NP,762,4025,0,3,1,4029,A
5-NP,763,3,11,4001,1,4016,G
5-NP,764,4003,1,2,0,4006,A
5-NP,765,2,2,0,3873,3877,C
5-NP,766,10,1,0,4009,4020,C
5-NP,767,0,4016,0,12,4028,T
5-NP,768,17,1,0,4043,4061,C
5-NP,769,4065,1,0,0,4066,A
5-NP,770,1,4065,0,0,4066,T
5-NP,771,4077,0,0,0,4077,A
5-NP,772,3,4068,0,0,4071,T
5-NP,773,1,4045,1,3,4050,T
5-NP,774,0,3962,0,1,3963,T
5-NP,775,0,3933,0,0,3933,T
5-NP,776,0,3942,1,0,3943,T
5-NP,777,3945,0,1,0,3946,A
5-NP,778,2,1,3939,0,3942,G
5-NP,779,1,1,1,3941,3944,C
5-NP,780,3921,2,2,0,3925,A
5-NP,781,3914,0,2,0,3916,A
5-NP,782,4,17,4016,1,4038,G
5-NP,783,4010,0,32,0,4042,A
5-NP,784,1,4040,0,0,4041,T
5-NP,785,3,0,0,4054,4057,C
5-NP,786,1,4046,0,0,4047,T
5-NP,787,1,2,4150,0,4153,G
5-NP,788,0,1,0,4161,4162,C
5-NP,789,4164,0,0,0,4164,A
5-NP,790,1,4203,0,0,4204,T
5-NP,791,0,4064,0,2,4066,T
5-NP,792,1,13,4266,0,4280,G
5-NP,793,4352,0,2,0,4354,A
5-NP,794,0,4336,0,3,4339,T
5-NP,795,4347,0,0,0,4347,A
5-NP,796,1,4267,0,0,4268,T
5-NP,797,0,4222,0,1,4223,T
5-NP,798,2,16,4231,2,4251,G
5-NP,799,4196,0,2,0,4198,A
5-NP,800,0,7,4233,0,4240,G
5-NP,801,4010,0,4,0,4014,A
5-NP,802,0,9,3948,0,3957,G
5-NP,803,1,15,3981,0,3997,G
5-NP,804,3986,1,4,0,3991,A
5-NP,805,1,3983,0,2,3986,T
5-NP,806,26,1,0,3965,3992,C
5-NP,807,3962,1,2,0,3965,A
5-NP,808,0,1,3987,0,3988,G
5-NP,809,0,3968,0,1,3969,T
5-NP,810,0,3938,0,2,3940,T
5-NP,811,1,1,3941,1,3944,G
5-NP,812,2,0,0,3912,3914,C
5-NP,813,0,3899,0,9,3908,T
5-NP,814,34,0,1,3897,3932,C
5-NP,815,3935,0,0,0,3935,A
5-NP,816,0,2,0,3942,3944,C
5-NP,817,3930,1,1,0,3932,A
5-NP,818,3963,0,0,0,3963,A
5-NP,819,3964,1,0,0,3965,A
5-NP,820,0,3960,0,1,3961,T
5-NP,821,13,0,0,3954,3967,C
5-NP,822,1,3951,1,1,3954,T
5-NP,823,1,3946,0,3,3950,T
5-NP,824,0,3,3958,0,3961,G
5-NP,825,1,1,0,3955,3957,C
5-NP,826,16,0,0,3984,4000,C
5-NP,827,1,3966,0,2,3969,T
5-NP,828,3982,3,1,0,3986,A
5-NP,829,2,1,0,3977,3980,C
5-NP,830,12,0,1,3956,3969,C
5-NP,831,1,3944,1,6,3952,T
5-NP,832,1,1,3983,0,3985,G
5-NP,833,2,2,0,3959,3963,C
5-NP,834,5,0,1,3956,3962,C
5-NP,835,1,3901,0,1,3903,T
5-NP,836,3,2,3958,0,3963,G
5-NP,837,1,3933,0,3,3937,T
5-NP,838,3,1,3973,1,3978,G
5-NP,839,7,0,0,3983,3990,C
5-NP,840,1,5,4036,0,4042,G
5-NP,841,1,3986,0,3,3990,T
5-NP,842,3976,1,1,0,3978,A
5-NP,843,2,3980,1,1,3984,T
5-NP,844,2,11,3969,0,3982,G
5-NP,845,1,22,4086,0,4109,G
5-NP,846,4092,2,6,0,4100,A
5-NP,847,7,1,0,4020,4028,C
5-NP,848,8,1,0,3977,3986,C
5-NP,849,1,3902,0,2,3905,T
5-NP,850,1,2,4056,0,4059,G
5-NP,851,3,1,0,4051,4055,C
5-NP,852,4065,1,2,0,4068,A
5-NP,853,3,1,4133,0,4137,G
5-NP,854,0,3956,0,0,3956,T
5-NP,855,4063,1,0,2,4066,A
5-NP,856,2,4051,1,4,4058,T
5-NP,857,11,0,1,4030,4042,C
5-NP,858,3,1,0,4056,4060,C
5-NP,859,3857,0,0,0,3857,A
5-NP,860,0,1,3872,0,3873,G
5-NP,861,2,3845,0,3,3850,T
5-NP,862,1,13,3877,0,3891,G
5-NP,863,1,10,3860,0,3871,G
5-NP,864,0,2,3798,0,3800,G
5-NP,865,0,3788,0,0,3788,T
5-NP,866,3781,0,1,0,3782,A
5-NP,867,1,2,1,3767,3771,C
5-NP,868,1,31,3728,0,3760,G
5-NP,869,3746,0,1,0,3747,A
5-NP,870,2,0,1,3756,3759,C
5-NP,871,0,3631,0,0,3631,T
5-NP,872,0,3637,0,0,3637,T
5-NP,873,11,0,0,3615,3626,C
5-NP,874,1,17,3616,1,3635,G
5-NP,875,3629,1,0,0,3630,A
5-NP,876,3628,0,0,0,3628,A
5-NP,877,3636,0,4,0,3640,A
5-NP,878,3637,0,3,0,3640,A
5-NP,879,3615,2,6,0,3623,A
5-NP,880,0,3,3641,0,3644,G
5-NP,881,3627,1,7,0,3635,A
5-NP,882,1,9,3648,0,3658,G
5-NP,883,2,13,3656,0,3671,G
5-NP,884,3,14,3663,0,3680,G
5-NP,885,3685,0,1,0,3686,A
5-NP,886,1,3672,0,4,3677,T
5-NP,887,3688,0,1,0,3689,A
5-NP,888,1,3682,0,1,3684,T
5-NP,889,0,3691,0,1,3692,T
5-NP,890,20,0,0,3703,3723,C
5-NP,891,4,0,0,3674,3678,C
5-NP,892,0,3633,0,0,3633,T
5-NP,893,0,3626,0,1,3627,T
5-NP,894,0,5,3641,0,3646,G
5-NP,895,0,1,3664,0,3665,G
5-NP,896,0,3641,0,4,3645,T
5-NP,897,3,11,3617,0,3631,G
5-NP,898,3,3,3603,0,3609,G
5-NP,899,1,15,3720,0,3736,G
5-NP,900,3728,0,2,0,3730,A
5-NP,901,3727,0,1,0,3728,A
5-NP,902,0,3733,0,0,3733,T
5-NP,903,3668,0,2,0,3670,A
5-NP,904,0,6,3665,0,3671,G
5-NP,905,3644,0,5,0,3649,A
5-NP,906,3,1,0,3642,3646,C
5-NP,907,17,2,0,3581,3600,C
5-NP,908,9,2,0,3456,3467,C
5-NP,909,0,3487,0,5,3492,T
5-NP,910,0,3490,0,2,3492,T
5-NP,911,0,3492,0,2,3494,T
5-NP,912,19,1,0,3477,3497,C
5-NP,913,3481,1,1,0,3483,A
5-NP,914,3487,0,1,0,3488,A
5-NP,915,3476,0,5,0,3481,A
5-NP,916,1,1,0,3482,3484,C
5-NP,917,0,3372,0,2,3374,T
5-NP,918,3345,0,2,0,3347,A
5-NP,919,3,0,0,3384,3387,C
5-NP,920,1,3351,0,5,3357,T
5-NP,921,0,3367,0,2,3369,T
5-NP,922,6,1,0,3372,3379,C
5-NP,923,3362,1,1,1,3365,A
5-NP,924,3357,1,1,0,3359,A
5-NP,925,3343,1,0,0,3344,A
5-NP,926,3343,1,0,0,3344,A
5-NP,927,0,3325,0,0,3325,T
5-NP,928,3245,1,1,0,3247,A
5-NP,929,1,2,3279,1,3283,G
5-NP,930,1,3,1,3290,3295,C
5-NP,931,10,2,0,3323,3335,C
5-NP,932,3338,0,1,0,3339,A
5-NP,933,3352,0,1,0,3353,A
5-NP,934,3450,1,2,0,3453,A
5-NP,935,0,3463,0,1,3464,T
5-NP,936,3487,1,0,0,3488,A
5-NP,937,0,3480,0,3,3483,T
5-NP,938,3399,0,2,0,3401,A
5-NP,939,2,2,0,3400,3404,C
5-NP,940,3275,0,4,0,3279,A
5-NP,941,0,0,3344,0,3344,G
5-NP,942,1,0,1,3331,3333,C
5-NP,943,0,3198,0,2,3200,T
5-NP,944,0,3226,0,0,3226,T
5-NP,945,3225,1,0,0,3226,A
5-NP,946,3224,0,0,0,3224,A
5-NP,947,0,3220,0,1,3221,T
5-NP,948,19,0,0,3205,3224,C
5-NP,949,3045,0,2,0,3047,A
5-NP,950,0,16,3046,0,3062,G
5-NP,951,3057,2,4,0,3063,A
5-NP,952,0,2,0,3076,3078,C
5-NP,953,6,0,0,3044,3050,C
5-NP,954,0,3008,0,0,3008,T
5-NP,955,3022,0,3,0,3025,A
5-NP,956,3027,0,2,0,3029,A
5-NP,957,7,0,0,3045,3052,C
5-NP,958,1,11,3038,0,3050,G
5-NP,959,2948,0,3,0,2951,A
5-NP,960,0,10,2946,0,2956,G
5-NP,961,2916,0,1,0,2917,A
5-NP,962,2950,0,1,0,2951,A
5-NP,963,0,2940,0,1,2941,T
5-NP,964,6,1,1,2898,2906,C
5-NP,965,4,0,0,2902,2906,C
5-NP,966,2822,0,2,1,2825,A
5-NP,967,3,1,2834,0,2838,G
5-NP,968,1,3,0,2838,2842,C
5-NP,969,2839,1,10,0,2850,A
5-NP,970,1,2,0,2852,2855,C
5-NP,971,2794,1,0,0,2795,A
5-NP,972,1,0,0,2804,2805,C
5-NP,973,2793,1,1,0,2795,A
5-NP,974,2810,1,3,0,2814,A
5-NP,975,0,6,2818,0,2824,G
5-NP,976,2766,0,2,0,2768,A
5-NP,977,1,1,2769,0,2771,G
5-NP,978,1,2699,0,4,2704,T
5-NP,979,17,1,0,2659,2677,C
5-NP,980,2663,0,3,0,2666,A
5-NP,981,4,1,2656,1,2662,G
5-NP,982,0,0,0,2666,2666,C
5-NP,983,0,2612,1,2,2615,T
5-NP,984,2,5,2613,0,2620,G
5-NP,985,0,0,2630,0,2630,G
5-NP,986,1,2607,1,1,2610,T
5-NP,987,1,1,2621,0,2623,G
5-NP,988,0,2585,0,2,2587,T
5-NP,989,1,4,2567,0,2572,G
5-NP,990,0,2,2562,0,2564,G
5-NP,991,2545,0,1,0,2546,A
5-NP,992,0,2542,0,1,2543,T
5-NP,993,1,9,2390,0,2400,G
5-NP,994,3,0,2364,0,2367,G
5-NP,995,1,0,0,2345,2346,C
5-NP,996,2302,0,1,0,2303,A
5-NP,997,0,2297,2,0,2299,T
5-NP,998,3,4,2276,0,2283,G
5-NP,999,0,1,0,2303,2304,C
5-NP,1000,13,2,0,2292,2307,C
5-NP,1001,2286,0,1,0,2287,A
5-NP,1002,0,2276,0,0,2276,T
5-NP,1003,1,2203,0,0,2204,T
5-NP,1004,14,0,0,2193,2207,C
5-NP,1005,1,2148,0,1,2150,T
5-NP,1006,1,1,2144,0,2146,G
5-NP,1007,0,0,0,2132,2132,C
5-NP,1008,0,1992,0,6,1998,T
5-NP,1009,0,3,2011,0,2014,G
5-NP,1010,1,2,0,1955,1958,C
5-NP,1011,1954,0,0,0,1954,A
5-NP,1012,0,1964,0,0,1964,T
5-NP,1013,0,1923,0,2,1925,T
5-NP,1014,0,1922,0,1,1923,T
5-NP,1015,0,10,1913,0,1923,G
5-NP,1016,1917,0,1,0,1918,A
5-NP,1017,1922,0,2,0,1924,A
5-NP,1018,1,8,1927,1,1937,G
5-NP,1019,1931,0,0,0,1931,A
5-NP,1020,0,1928,0,0,1928,T
5-NP,1021,1,1919,0,0,1920,T
5-NP,1022,0,1921,0,2,1923,T
5-NP,1023,1925,0,0,0,1925,A
5-NP,1024,1915,1,3,0,1919,A
5-NP,1025,0,2,1920,0,1922,G
5-NP,1026,1916,0,0,0,1916,A
5-NP,1027,0,1906,0,1,1907,T
5-NP,1028,0,1867,0,0,1867,T
5-NP,1029,0,1,1881,0,1882,G
5-NP,1030,0,1875,0,4,1879,T
5-NP,1031,0,1871,0,2,1873,T
5-NP,1032,1877,0,0,0,1877,A
5-NP,1033,1876,0,1,0,1877,A
5-NP,1034,0,0,1883,0,1883,G
5-NP,1035,0,1,0,1884,1885,C
5-NP,1036,0,1832,0,3,1835,T
5-NP,1037,0,1826,0,2,1828,T
5-NP,1038,12,0,1,1822,1835,C
5-NP,1039,1834,0,0,0,1834,A
5-NP,1040,2,1829,1,0,1832,T
5-NP,1041,6,0,0,1825,1831,C
5-NP,1042,1801,0,0,0,1801,A
5-NP,1043,0,3,1794,0,1797,G
5-NP,1044,1773,0,1,0,1774,A
5-NP,1045,4,5,1776,1,1786,G
5-NP,1046,1,4,1786,0,1791,G
5-NP,1047,1,11,1759,1,1772,G
5-NP,1048,1775,0,3,0,1778,A
5-NP,1049,0,0,0,1778,1778,C
5-NP,1050,1771,0,0,1,1772,A
5-NP,1051,1777,0,0,0,1777,A
5-NP,1052,1780,2,0,0,1782,A
5-NP,1053,1787,0,3,0,1790,A
5-NP,1054,0,0,1795,0,1795,G
5-NP,1055,0,1744,0,2,1746,T
5-NP,1056,1739,0,2,0,1741,A
5-NP,1057,0,1728,0,1,1729,T
5-NP,1058,5,0,0,1724,1729,C
5-NP,1059,0,1708,0,3,1711,T
5-NP,1060,10,0,0,1699,1709,C
5-NP,1061,2,0,0,1686,1688,C
5-NP,1062,0,1671,0,0,1671,T
5-NP,1063,4,0,0,1663,1667,C
5-NP,1064,1,1,1666,0,1668,G
5-NP,1065,2,1,1675,0,1678,G
5-NP,1066,0,7,1672,1,1680,G
5-NP,1067,1,2,1668,0,1671,G
5-NP,1068,0,5,1671,0,1676,G
5-NP,1069,1644,0,0,0,1644,A
5-NP,1070,1641,0,1,0,1642,A
5-NP,1071,1646,1,2,0,1649,A
5-NP,1072,0,1,0,1659,1660,C
5-NP,1073,0,1644,1,1,1646,T
5-NP,1074,1,1,1657,0,1659,G
5-NP,1075,0,1641,0,0,1641,T
5-NP,1076,19,0,0,1624,1643,C
5-NP,1077,1658,0,1,0,1659,A
5-NP,1078,1658,1,2,0,1661,A
5-NP,1079,0,0,0,1664,1664,C
5-NP,1080,0,1660,0,0,1660,T
5-NP,1081,1618,0,1,0,1619,A
5-NP,1082,0,3,1622,0,1625,G
5-NP,1083,1585,0,1,1,1587,A
5-NP,1084,0,2,1589,0,1591,G
5-NP,1085,1,6,1580,0,1587,G
5-NP,1086,1509,0,1,0,1510,A
5-NP,1087,0,1,1547,0,1548,G
5-NP,1088,0,1523,0,2,1525,T
5-NP,1089,1521,0,2,0,1523,A
5-NP,1090,3,0,0,1519,1522,C
5-NP,1091,1502,1,1,0,1504,A
5-NP,1092,1505,0,0,0,1505,A
5-NP,1093,1481,0,0,0,1481,A
5-NP,1094,0,1466,0,0,1466,T
5-NP,1095,0,1450,1,0,1451,T
5-NP,1096,0,0,1402,0,1402,G
5-NP,1097,1,0,0,1381,1382,C
5-NP,1098,0,1369,0,2,1371,T
5-NP,1099,0,1368,0,1,1369,T
5-NP,1100,4,0,0,1363,1367,C
5-NP,1101,1370,0,0,0,1370,A
5-NP,1102,1369,0,0,0,1369,A
5-NP,1103,1370,0,0,0,1370,A
5-NP,1104,0,1369,0,1,1370,T
5-NP,1105,0,9,1359,0,1368,G
5-NP,1106,1337,0,1,0,1338,A
5-NP,1107,1,7,1329,0,1337,G
5-NP,1108,1340,0,1,0,1341,A
5-NP,1109,1342,0,0,0,1342,A
5-NP,1110,1,1,0,1333,1335,C
5-NP,1111,1321,1,0,0,1322,A
5-NP,1112,0,1319,0,0,1319,T
5-NP,1113,0,1,1322,0,1323,G
5-NP,1114,0,2,1316,0,1318,G
5-NP,1115,1319,0,0,0,1319,A
5-NP,1116,0,1283,0,0,1283,T
5-NP,1117,1266,0,1,0,1267,A
5-NP,1118,1293,0,0,0,1293,A
5-NP,1119,0,1258,0,0,1258,T
5-NP,1120,1253,0,2,0,1255,A
5-NP,1121,1,1249,0,1,1251,T
5-NP,1122,3,6,1128,0,1137,G
5-NP,1123,2,2,1099,0,1103,G
5-NP,1124,0,2,1096,1,1099,G
5-NP,1125,1094,0,0,0,1094,A
5-NP,1126,0,1094,0,0,1094,T
5-NP,1127,3,0,0,820,823,C
5-NP,1128,1,3,818,0,822,G
5-NP,1129,816,1,1,0,818,A
5-NP,1130,0,0,819,0,819,G
5-NP,1131,0,0,0,815,815,C
5-NP,1132,795,0,0,0,795,A
5-NP,1133,1,0,0,809,810,C
5-NP,1134,0,789,0,0,789,T
5-NP,1135,5,0,0,791,796,C
5-NP,1136,0,786,1,0,787,T
5-NP,1137,0,776,0,0,776,T
5-NP,1138,1,3,777,0,781,G
5-NP,1139,772,0,0,0,772,A
5-NP,1140,771,0,0,0,771,A
5-NP,1141,0,0,0,766,766,C
5-NP,1142,0,559,0,0,559,T
5-NP,1143,0,1,563,0,564,G
5-NP,1144,523,0,0,0,523,A
5-NP,1145,0,1,520,0,521,G
5-NP,1146,524,0,0,0,524,A
5-NP,1147,506,0,0,0,506,A
5-NP,1148,0,1,508,0,509,G
5-NP,1149,0,0,0,496,496,C
5-NP,1150,1,2,489,0,492,G
5-NP,1151,0,0,492,0,492,G
5-NP,1152,0,1,469,0,470,G
5-NP,1153,0,454,0,1,455,T
5-NP,1154,439,0,0,0,439,A
5-NP,1155,0,0,0,436,436,C
5-NP,1156,0,302,0,0,302,T
5-NP,1157,0,0,293,0,293,G
5-NP,1158,0,0,276,0,276,G
5-NP,1159,1,0,264,0,265,G
5-NP,1160,0,1,0,250,251,C
5-NP,1161,0,0,0,217,217,C
5-NP,1162,218,0,0,0,218,A
5-NP,1163,0,219,0,0,219,T
5-NP,1164,218,0,0,0,218,A
5-NP,1165,214,0,1,0,215,A
5-NP,1166,0,0,211,0,211,G
5-NP,1167,0,0,211,0,211,G
5-NP,1168,210,0,0,0,210,A
5-NP,1169,0,0,0,208,208,C
5-NP,1170,0,0,0,211,211,C
5-NP,1171,210,0,0,0,210,A
5-NP,1172,0,0,216,0,216,G
5-NP,1173,0,0,217,0,217,G
5-NP,1174,216,0,0,0,216,A
5-NP,1175,0,0,218,0,218,G
5-NP,1176,0,203,0,0,203,T
5-NP,1177,0,1,202,0,203,G
5-NP,1178,0,0,207,0,207,G
5-NP,1179,205,0,0,0,205,A
5-NP,1180,0,1,204,0,205,G
5-NP,1181,0,1,203,0,204,G
5-NP,1182,202,0,0,0,202,A
5-NP,1183,203,0,0,0,203,A
5-NP,1184,204,0,0,0,204,A
5-NP,1185,0,0,0,205,205,C
5-NP,1186,204,0,0,0,204,A
5-NP,1187,0,0,0,205,205,C
5-NP,1188,0,206,0,0,206,T
5-NP,1189,212,0,0,0,212,A
5-NP,1190,212,1,0,0,213,A
5-NP,1191,0,210,0,0,210,T
5-NP,1192,0,0,0,213,213,C
5-NP,1193,210,0,0,0,210,A
5-NP,1194,211,1,0,0,212,A
5-NP,1195,1,0,0,211,212,C
5-NP,1196,210,0,1,0,211,A
5-NP,1197,0,0,211,0,211,G
5-NP,1198,203,0,0,0,203,A
5-NP,1199,0,0,203,0,203,G
5-NP,1200,0,1,203,0,204,G
5-NP,1201,0,0,201,0,201,G
5-NP,1202,0,0,0,201,201,C
5-NP,1203,0,0,0,201,201,C
5-NP,1204,0,194,0,1,195,T
5-NP,1205,1,0,0,197,198,C
5-NP,1206,0,0,0,199,199,C
5-NP,1207,0,0,198,0,198,G
5-NP,1208,0,0,0,196,196,C
5-NP,1209,195,0,0,0,195,A
5-NP,1210,0,1,201,0,202,G
5-NP,1211,0,0,201,0,201,G
5-NP,1212,0,0,0,202,202,C
5-NP,1213,1,0,0,201,202,C
5-NP,1214,201,0,1,0,202,A
5-NP,1215,204,0,0,0,204,A
5-NP,1216,204,0,0,0,204,A
5-NP,1217,0,0,0,206,206,C
5-NP,1218,1,0,0,205,206,C
5-NP,1219,178,0,0,0,178,A
5-NP,1220,0,0,181,0,181,G
5-NP,1221,0,181,0,0,181,T
5-NP,1222,0,0,186,0,186,G
5-NP,1223,0,182,0,0,182,T
5-NP,1224,0,0,182,0,182,G
5-NP,1225,0,0,0,183,183,C
5-NP,1226,180,0,0,0,180,A
5-NP,1227,183,0,0,0,183,A
5-NP,1228,1,0,0,182,183,C
5-NP,1229,1,0,0,179,180,C
5-NP,1230,0,176,0,1,177,T
5-NP,1231,178,0,0,0,178,A
5-NP,1232,0,0,0,177,177,C
5-NP,1233,0,0,178,0,178,G
5-NP,1234,0,176,0,0,176,T
5-NP,1235,0,175,0,0,175,T
5-NP,1236,0,173,0,0,173,T
5-NP,1237,0,171,0,1,172,T
5-NP,1238,1,0,0,171,172,C
5-NP,1239,1,167,0,0,168,T
5-NP,1240,0,0,173,0,173,G
5-NP,1241,0,172,0,0,172,T
5-NP,1242,172,0,0,0,172,A
5-NP,1243,0,0,0,172,172,C
5-NP,1244,166,0,0,0,166,A
5-NP,1245,166,0,0,0,166,A
5-NP,1246,165,0,0,0,165,A
5-NP,1247,0,0,166,0,166,G
5-NP,1248,166,0,0,0,166,A
5-NP,1249,163,0,0,0,163,A
5-NP,1250,162,0,0,0,162,A
5-NP,1251,0,0,0,162,162,C
5-NP,1252,0,0,0,162,162,C
5-NP,1253,0,160,0,0,160,T
5-NP,1254,1,0,0,158,159,C
5-NP,1255,1,0,0,159,160,C
5-NP,1256,1,0,0,159,160,C
5-NP,1257,160,0,0,0,160,A
5-NP,1258,0,164,0,0,164,T
5-NP,1259,0,164,0,0,164,T
5-NP,1260,0,164,0,0,164,T
5-NP,1261,0,1,163,0,164,G
5-NP,1262,163,0,1,0,164,A
5-NP,1263,163,0,0,0,163,A
5-NP,1264,163,0,0,0,163,A
5-NP,1265,163,0,0,0,163,A
5-NP,1266,0,0,163,0,163,G
5-NP,1267,0,160,0,0,160,T
5-NP,1268,2,0,0,159,161,C
5-NP,1269,160,0,0,0,160,A
5-NP,1270,164,0,0,0,164,A
5-NP,1271,0,0,0,167,167,C
5-NP,1272,0,0,0,168,168,C
5-NP,1273,167,0,0,0,167,A
5-NP,1274,0,168,0,0,168,T
5-NP,1275,1,0,0,166,167,C
5-NP,1276,165,0,0,0,165,A
5-NP,1277,0,166,0,0,166,T
5-NP,1278,0,0,166,0,166,G
5-NP,1279,0,0,165,0,165,G
5-NP,1280,0,0,0,163,163,C
5-NP,1281,154,0,0,0,154,A
5-NP,1282,0,0,154,0,154,G
5-NP,1283,0,0,0,154,154,C
5-NP,1284,153,0,0,0,153,A
5-NP,1285,0,153,0,0,153,T
5-NP,1286,0,152,0,0,152,T
5-NP,1287,1,0,0,152,153,C
5-NP,1288,153,0,0,0,153,A
5-NP,1289,0,0,0,156,156,C
5-NP,1290,0,155,0,0,155,T
5-NP,1291,0,0,159,0,159,G
5-NP,1292,0,0,160,0,160,G
5-NP,1293,161,0,0,0,161,A
5-NP,1294,162,0,0,0,162,A
5-NP,1295,161,0,0,0,161,A
5-NP,1296,0,161,0,0,161,T
5-NP,1297,162,0,0,0,162,A
5-NP,1298,0,0,0,162,162,C
5-NP,1299,0,0,160,0,160,G
5-NP,1300,0,1,160,0,161,G
5-NP,1301,153,0,0,0,153,A
5-NP,1302,0,1,155,0,156,G
5-NP,1303,0,0,155,0,155,G
5-NP,1304,0,0,154,0,154,G
5-NP,1305,154,0,0,0,154,A
5-NP,1306,151,0,1,0,152,A
5-NP,1307,0,1,154,0,155,G
5-NP,1308,154,0,0,0,154,A
5-NP,1309,154,0,0,0,154,A
5-NP,1310,1,0,0,152,153,C
5-NP,1311,0,151,0,0,151,T
5-NP,1312,0,152,0,0,152,T
5-NP,1313,1,0,0,151,152,C
5-NP,1314,151,0,0,0,151,A
5-NP,1315,0,0,152,0,152,G
5-NP,1316,152,0,0,0,152,A
5-NP,1317,1,0,0,152,153,C
5-NP,1318,152,0,0,0,152,A
5-NP,1319,0,151,0,0,151,T
5-NP,1320,0,0,151,0,151,G
5-NP,1321,147,0,0,0,147,A
5-NP,1322,0,1,147,0,148,G
5-NP,1323,1,1,146,0,148,G
5-NP,1324,0,0,148,0,148,G
5-NP,1325,0,0,0,148,148,C
5-NP,1326,146,0,0,0,146,A
5-NP,1327,0,1,145,0,146,G
5-NP,1328,146,0,0,0,146,A
5-NP,1329,146,0,0,0,146,A
5-NP,1330,145,0,1,0,146,A
5-NP,1331,0,146,0,0,146,T
5-NP,1332,4,0,0,143,147,C
5-NP,1333,147,0,0,0,147,A
5-NP,1334,0,146,0,0,146,T
5-NP,1335,145,0,0,0,145,A
5-NP,1336,144,0,0,0,144,A
5-NP,1337,0,2,144,0,146,G
5-NP,1338,142,0,0,0,142,A
5-NP,1339,144,0,0,0,144,A
5-NP,1340,0,144,0,0,144,T
5-NP,1341,0,1,142,0,143,G
5-NP,1342,143,0,0,0,143,A
5-NP,1343,0,142,0,0,142,T
5-NP,1344,0,0,143,0,143,G
5-NP,1345,0,0,142,0,142,G
5-NP,1346,141,0,1,0,142,A
5-NP,1347,142,0,0,0,142,A
5-NP,1348,138,0,0,0,138,A
5-NP,1349,0,0,141,0,141,G
5-NP,1350,0,140,0,0,140,T
5-NP,1351,0,0,141,0,141,G
5-NP,1352,0,0,0,141,141,C
5-NP,1353,139,0,0,1,140,A
5-NP,1354,140,0,0,0,140,A
5-NP,1355,139,0,0,0,139,A
5-NP,1356,141,0,0,0,141,A
5-NP,1357,0,0,0,141,141,C
5-NP,1358,1,0,0,140,141,C
5-NP,1359,138,0,1,0,139,A
5-NP,1360,0,1,141,0,142,G
5-NP,1361,141,0,1,0,142,A
5-NP,1362,141,0,0,0,141,A
5-NP,1363,0,1,142,0,143,G
5-NP,1364,141,0,0,0,141,A
5-NP,1365,134,0,0,0,134,A
5-NP,1366,0,0,137,0,137,G
5-NP,1367,0,133,0,0,133,T
5-NP,1368,0,0,134,0,134,G
5-NP,1369,0,132,0,0,132,T
5-NP,1370,0,0,0,133,133,C
5-NP,1371,133,0,0,0,133,A
5-NP,1372,0,135,0,0,135,T
5-NP,1373,0,135,0,0,135,T
5-NP,1374,0,0,0,135,135,C
5-NP,1375,0,0,0,134,134,C
5-NP,1376,1,0,131,0,132,G
5-NP,1377,0,0,134,0,134,G
5-NP,1378,0,0,134,0,134,G
5-NP,1379,0,0,134,0,134,G
5-NP,1380,0,0,134,0,134,G
5-NP,1381,130,0,0,0,130,A
5-NP,1382,0,1,131,0,132,G
5-NP,1383,0,0,132,0,132,G
5-NP,1384,0,1,130,0,131,G
5-NP,1385,0,0,131,0,131,G
5-NP,1386,130,0,0,0,130,A
5-NP,1387,0,0,130,0,130,G
5-NP,1388,0,130,0,0,130,T
5-NP,1389,0,0,0,128,128,C
5-NP,1390,0,128,0,0,128,T
5-NP,1391,0,129,0,0,129,T
5-NP,1392,0,0,0,129,129,C
5-NP,1393,0,2,127,0,129,G
5-NP,1394,127,1,0,0,128,A
5-NP,1395,0,0,132,0,132,G
5-NP,1396,0,0,0,126,126,C
5-NP,1397,0,127,0,0,127,T
5-NP,1398,0,0,0,124,124,C
5-NP,1399,0,124,0,0,124,T
5-NP,1400,1,0,0,124,125,C
5-NP,1401,125,0,0,0,125,A
5-NP,1402,0,0,128,0,128,G
5-NP,1403,128,0,0,0,128,A
5-NP,1404,0,0,0,126,126,C
5-NP,1405,0,1,124,0,125,G
5-NP,1406,125,0,0,0,125,A
5-NP,1407,0,0,124,0,124,G
5-NP,1408,124,0,0,0,124,A
5-NP,1409,124,0,0,0,124,A
5-NP,1410,0,0,123,0,123,G
5-NP,1411,0,0,125,0,125,G
5-NP,1412,0,0,0,126,126,C
5-NP,1413,126,0,0,0,126,A
5-NP,1414,125,0,0,0,125,A
5-NP,1415,0,0,0,126,126,C
5-NP,1416,0,0,128,0,128,G
5-NP,1417,128,0,0,0,128,A
5-NP,1418,129,0,0,0,129,A
5-NP,1419,0,0,0,128,128,C
5-NP,1420,0,0,0,127,127,C
5-NP,1421,1,0,0,123,124,C
5-NP,1422,0,0,124,0,124,G
5-NP,1423,124,0,0,0,124,A
5-NP,1424,0,124,0,0,124,T
5-NP,1425,2,0,0,120,122,C
5-NP,1426,0,0,123,0,123,G
5-NP,1427,0,119,0,1,120,T
5-NP,1428,0,0,120,0,120,G
5-NP,1429,0,0,0,120,120,C
5-NP,1430,1,1,0,117,119,C
5-NP,1431,0,0,0,120,120,C
5-NP,1432,1,115,0,1,117,T
5-NP,1433,0,0,0,122,122,C
5-NP,1434,0,121,0,0,121,T
5-NP,1435,0,117,3,0,120,T
5-NP,1436,0,121,0,0,121,T
5-NP,1437,0,119,0,0,119,T
5-NP,1438,1,0,119,0,120,G
5-NP,1439,119,0,0,0,119,A
5-NP,1440,0,117,0,0,117,T
5-NP,1441,111,0,0,0,111,A
5-NP,1442,0,94,0,1,95,T
5-NP,1443,0,0,95,0,95,G
5-NP,1444,95,0,0,0,95,A
5-NP,1445,0,0,96,0,96,G
5-NP,1446,0,96,0,0,96,T
5-NP,1447,93,0,0,0,93,A
5-NP,1448,93,0,0,0,93,A
5-NP,1449,0,93,0,0,93,T
5-NP,1450,0,0,93,0,93,G
5-NP,1451,93,0,0,0,93,A
5-NP,1452,84,0,0,0,84,A
5-NP,1453,0,0,82,0,82,G
5-NP,1454,0,0,81,0,81,G
5-NP,1455,77,0,1,0,78,A
5-NP,1456,0,78,0,0,78,T
5-NP,1457,0,0,0,77,77,C
5-NP,1458,0,76,0,1,77,T
5-NP,1459,0,76,0,0,76,T
5-NP,1460,76,0,0,0,76,A
5-NP,1461,0,75,0,0,75,T
5-NP,1462,0,76,0,0,76,T
5-NP,1463,0,76,0,0,76,T
5-NP,1464,0,0,0,73,73,C
5-NP,1465,0,72,0,0,72,T
5-NP,1466,0,72,0,0,72,T
5-NP,1467,0,0,0,72,72,C
5-NP,1468,0,0,71,0,71,G
5-NP,1469,1,0,70,0,71,G
5-NP,1470,70,0,0,0,70,A
5-NP,1471,0,0,71,0,71,G
5-NP,1472,71,0,0,0,71,A
5-NP,1473,1,0,0,70,71,C
5-NP,1474,70,0,0,0,70,A
5-NP,1475,70,0,0,0,70,A
5-NP,1476,0,70,0,0,70,T
5-NP,1477,0,0,70,0,70,G
5-NP,1478,0,0,0,70,70,C
5-NP,1479,69,0,0,0,69,A
5-NP,1480,0,0,69,0,69,G
5-NP,1481,67,0,0,2,69,A
5-NP,1482,64,0,0,0,64,A
5-NP,1483,0,0,63,0,63,G
5-NP,1484,47,0,0,0,47,A
5-NP,1485,0,0,45,0,45,G
5-NP,1486,0,40,0,0,40,T
5-NP,1487,39,0,0,0,39,A
5-NP,1488,0,38,0,0,38,T
5-NP,1489,0,0,38,0,38,G
5-NP,1490,38,0,0,0,38,A
5-NP,1491,0,0,0,38,38,C
5-NP,1492,29,0,0,0,29,A
5-NP,1493,29,0,0,0,29,A
5-NP,1494,0,23,0,0,23,T
5-NP,1495,0,23,0,0,23,T
5-NP,1496,22,0,0,0,22,A
5-NP,1497,21,0,0,0,21,A
6-NA,1,152,0,0,0,152,A
6-NA,2,0,157,0,0,157,T
6-NA,3,0,0,161,0,161,G
6-NA,4,161,0,2,0,163,A
6-NA,5,174,0,0,0,174,A
6-NA,6,0,174,0,0,174,T
6-NA,7,0,3,0,171,174,C
6-NA,8,0,0,0,175,175,C
6-NA,9,175,0,0,0,175,A
6-NA,10,182,3,0,0,185,A
6-NA,11,184,0,0,0,184,A
6-NA,12,0,191,0,0,191,T
6-NA,13,0,0,0,193,193,C
6-NA,14,191,1,0,0,192,A
6-NA,15,194,0,0,0,194,A
6-NA,16,194,0,0,0,194,A
6-NA,17,201,0,0,0,201,A
6-NA,18,0,1,224,0,225,G
6-NA,19,229,1,0,0,230,A
6-NA,20,0,234,0,0,234,T
6-NA,21,234,0,0,0,234,A
6-NA,22,237,0,0,0,237,A
6-NA,23,0,238,0,0,238,T
6-NA,24,241,0,0,0,241,A
6-NA,25,248,0,0,0,248,A
6-NA,26,0,0,0,259,259,C
6-NA,27,0,3,263,0,266,G
6-NA,28,265,0,0,0,265,A
6-NA,29,0,266,0,0,266,T
6-NA,30,0,264,1,0,265,T
6-NA,31,0,0,265,0,265,G
6-NA,32,0,0,277,0,277,G
6-NA,33,0,0,1,280,281,C
6-NA,34,0,281,0,1,282,T
6-NA,35,0,0,0,296,296,C
6-NA,36,0,296,0,0,296,T
6-NA,37,1,0,311,0,312,G
6-NA,38,0,311,0,1,312,T
6-NA,39,1,308,0,2,311,T
6-NA,40,0,325,0,0,325,T
6-NA,41,1,0,0,333,334,C
6-NA,42,1,332,0,1,334,T
6-NA,43,2,0,0,333,335,C
6-NA,44,0,337,0,0,337,T
6-NA,45,1,1,0,344,346,C
6-NA,46,346,0,0,0,346,A
6-NA,47,0,0,0,361,361,C
6-NA,48,0,0,0,361,361,C
6-NA,49,362,0,0,0,362,A
6-NA,50,0,370,0,0,370,T
6-NA,51,0,382,0,0,382,T
6-NA,52,0,388,0,0,388,T
6-NA,53,2,0,0,392,394,C
6-NA,54,0,1,0,393,394,C
6-NA,55,396,0,1,0,397,A
6-NA,56,0,0,0,410,410,C
6-NA,57,408,0,0,0,408,A
6-NA,58,438,0,0,0,438,A
6-NA,59,0,438,0,0,438,T
6-NA,60,463,0,0,0,463,A
6-NA,61,0,465,0,0,465,T
6-NA,62,0,0,477,0,477,G
6-NA,63,0,0,0,476,476,C
6-NA,64,0,470,0,2,472,T
6-NA,65,0,478,0,0,478,T
6-NA,66,1,0,0,478,479,C
6-NA,67,0,478,0,1,479,T
6-NA,68,1,477,0,0,478,T
6-NA,69,1,1,0,473,475,C
6-NA,70,475,0,0,0,475,A
6-NA,71,0,478,0,1,479,T
6-NA,72,0,0,481,0,481,G
6-NA,73,1,0,0,485,486,C
6-NA,74,486,0,0,0,486,A
6-NA,75,486,0,1,0,487,A
6-NA,76,492,0,0,0,492,A
6-NA,77,0,503,0,0,503,T
6-NA,78,0,502,1,0,503,T
6-NA,79,0,1,510,0,511,G
6-NA,80,0,1,0,512,513,C
6-NA,81,3,0,0,511,514,C
6-NA,82,520,0,0,0,520,A
6-NA,83,0,519,0,0,519,T
6-NA,84,2,0,0,553,555,C
6-NA,85,0,559,0,0,559,T
6-NA,86,0,559,0,0,559,T
6-NA,87,1,2,579,0,582,G
6-NA,88,584,0,0,0,584,A
6-NA,89,0,589,0,0,589,T
6-NA,90,589,0,0,0,589,A
6-NA,91,593,0,0,0,593,A
6-NA,92,0,0,0,668,668,C
6-NA,93,0,660,0,1,661,T
6-NA,94,663,0,0,0,663,A
6-NA,95,0,0,1,687,688,C
6-NA,96,0,680,0,2,682,T
6-NA,97,0,0,695,0,695,G
6-NA,98,0,695,0,0,695,T
6-NA,99,697,0,0,0,697,A
6-NA,100,701,0,1,0,702,A
6-NA,101,0,1,0,696,697,C
6-NA,102,694,0,0,0,694,A
6-NA,103,1,713,0,2,716,T
6-NA,104,0,708,0,1,709,T
6-NA,105,0,3,713,0,716,G
6-NA,106,1,1,0,705,707,C
6-NA,107,710,0,0,0,710,A
6-NA,108,0,713,1,0,714,T
6-NA,109,0,710,0,1,711,T
6-NA,110,0,712,1,0,713,T
6-NA,111,1,1,0,711,713,C
6-NA,112,712,0,0,0,712,A
6-NA,113,722,0,0,0,722,A
6-NA,114,0,0,726,0,726,G
6-NA,115,0,1,0,730,731,C
6-NA,116,721,0,0,0,721,A
6-NA,117,749,0,0,0,749,A
6-NA,118,0,755,0,0,755,T
6-NA,119,758,0,1,0,759,A
6-NA,120,1,755,0,0,756,T
6-NA,121,1,4,768,0,773,G
6-NA,122,770,0,0,0,770,A
6-NA,123,786,1,0,0,787,A
6-NA,124,1,794,0,0,795,T
6-NA,125,0,797,0,0,797,T
6-NA,126,5,0,0,788,793,C
6-NA,127,792,2,0,0,794,A
6-NA,128,797,7,1,0,805,A
6-NA,129,1,0,0,806,807,C
6-NA,130,0,800,0,0,800,T
6-NA,131,6,0,1,799,806,C
6-NA,132,0,0,1,804,805,C
6-NA,133,3,1,0,818,822,C
6-NA,134,0,0,0,823,823,C
6-NA,135,3,1,0,819,823,C
6-NA,136,0,0,0,838,838,C
6-NA,137,3,0,1,839,843,C
6-NA,138,844,0,0,0,844,A
6-NA,139,844,0,2,1,847,A
6-NA,140,850,0,0,1,851,A
6-NA,141,0,1,0,868,869,C
6-NA,142,856,0,0,0,856,A
6-NA,143,867,0,1,0,868,A
6-NA,144,3,1,0,865,869,C
6-NA,145,1,0,0,870,871,C
6-NA,146,888,1,0,0,889,A
6-NA,147,896,1,0,0,897,A
6-NA,148,1,0,910,0,911,G
6-NA,149,0,913,0,0,913,T
6-NA,150,0,5,900,1,906,G
6-NA,151,922,0,1,0,923,A
6-NA,152,0,914,0,0,914,T
6-NA,153,0,0,917,0,917,G
6-NA,154,0,0,0,917,917,C
6-NA,155,0,907,0,1,908,T
6-NA,156,2,1,956,0,959,G
6-NA,157,0,953,0,1,954,T
6-NA,158,1,1,960,0,962,G
6-NA,159,1,970,1,1,973,T
6-NA,160,0,6,960,0,966,G
6-NA,161,967,0,2,0,969,A
6-NA,162,971,1,0,0,972,A
6-NA,163,10,1,0,963,974,C
6-NA,164,3,0,0,971,974,C
6-NA,165,951,0,1,0,952,A
6-NA,166,956,1,1,0,958,A
6-NA,167,0,0,0,996,996,C
6-NA,168,998,0,0,0,998,A
6-NA,169,1011,0,0,0,1011,A
6-NA,170,0,1011,0,1,1012,T
6-NA,171,1008,1,0,0,1009,A
6-NA,172,1010,0,0,0,1010,A
6-NA,173,0,1007,0,1,1008,T
6-NA,174,1004,0,0,0,1004,A
6-NA,175,0,1,1005,0,1006,G
6-NA,176,991,0,1,0,992,A
6-NA,177,994,0,2,0,996,A
6-NA,178,1005,0,1,0,1006,A
6-NA,179,0,1,1010,0,1011,G
6-NA,180,1017,0,6,0,1023,A
6-NA,181,1022,0,0,1,1023,A
6-NA,182,1051,0,4,0,1055,A
6-NA,183,1,1,0,1060,1062,C
6-NA,184,1061,0,1,0,1062,A
6-NA,185,0,1075,0,0,1075,T
6-NA,186,1090,0,0,0,1090,A
6-NA,187,1092,0,0,1,1093,A
6-NA,188,0,0,0,1102,1102,C
6-NA,189,1088,0,0,0,1088,A
6-NA,190,0,3,1139,0,1142,G
6-NA,191,1129,0,0,0,1129,A
6-NA,192,0,2,1129,0,1131,G
6-NA,193,1117,0,15,0,1132,A
6-NA,194,0,1178,0,1,1179,T
6-NA,195,1164,0,2,0,1166,A
6-NA,196,1,0,1190,0,1191,G
6-NA,197,1,1175,0,0,1176,T
6-NA,198,1,2,1206,0,1209,G
6-NA,199,1,1202,0,1,1204,T
6-NA,200,1206,0,0,0,1206,A
6-NA,201,1,1201,1,0,1203,T
6-NA,202,2,0,0,1201,1203,C
6-NA,203,0,1186,0,3,1189,T
6-NA,204,0,4,1219,0,1223,G
6-NA,205,1213,1,2,0,1216,A
6-NA,206,0,0,0,1207,1207,C
6-NA,207,5,0,0,1208,1213,C
6-NA,208,1209,0,0,0,1209,A
6-NA,209,1211,0,1,0,1212,A
6-NA,210,0,2,0,1230,1232,C
6-NA,211,1228,1,1,0,1230,A
6-NA,212,1,2,0,1275,1278,C
6-NA,213,2,0,0,1268,1270,C
6-NA,214,1293,0,1,0,1294,A
6-NA,215,1,0,2,1338,1341,C
6-NA,216,5,1,0,1327,1333,C
6-NA,217,1350,0,0,0,1350,A
6-NA,218,0,1348,0,0,1348,T
6-NA,219,1339,0,1,0,1340,A
6-NA,220,0,4,1341,0,1345,G
6-NA,221,1323,0,0,0,1323,A
6-NA,222,0,1,1344,0,1345,G
6-NA,223,1318,0,0,0,1318,A
6-NA,224,1297,0,0,0,1297,A
6-NA,225,1,2,1305,0,1308,G
6-NA,226,0,6,1305,0,1311,G
6-NA,227,1306,1,1,0,1308,A
6-NA,228,1312,0,0,0,1312,A
6-NA,229,1309,0,1,0,1310,A
6-NA,230,1,1309,0,0,1310,T
6-NA,231,1301,0,1,0,1302,A
6-NA,232,0,1295,0,1,1296,T
6-NA,233,0,0,1291,0,1291,G
6-NA,234,1,2,0,1291,1294,C
6-NA,235,1,0,0,1283,1284,C
6-NA,236,3,0,0,1289,1292,C
6-NA,237,1,1,0,1299,1301,C
6-NA,238,1304,0,0,0,1304,A
6-NA,239,1325,0,0,0,1325,A
6-NA,240,1330,0,0,0,1330,A
6-NA,241,0,1,0,1334,1335,C
6-NA,242,0,1331,0,2,1333,T
6-NA,243,1329,1,2,0,1332,A
6-NA,244,0,0,1336,0,1336,G
6-NA,245,1,2,0,1331,1334,C
6-NA,246,1331,0,2,0,1333,A
6-NA,247,0,3,1355,1,1359,G
6-NA,248,1350,0,0,0,1350,A
6-NA,249,1384,0,1,0,1385,A
6-NA,250,0,1387,0,0,1387,T
6-NA,251,1386,0,0,0,1386,A
6-NA,252,0,1,0,1385,1386,C
6-NA,253,1376,0,3,0,1379,A
6-NA,254,1,5,1377,0,1383,G
6-NA,255,1386,0,1,0,1387,A
6-NA,256,1374,0,1,0,1375,A
6-NA,257,1373,1,0,0,1374,A
6-NA,258,1,1347,0,0,1348,T
6-NA,259,0,1342,0,0,1342,T
6-NA,260,0,5,1342,0,1347,G
6-NA,261,0,2,1343,0,1345,G
6-NA,262,0,1351,0,2,1353,T
6-NA,263,9,0,0,1338,1347,C
6-NA,264,1344,0,1,0,1345,A
6-NA,265,1348,0,0,1,1349,A
6-NA,266,1343,0,1,0,1344,A
6-NA,267,0,0,1358,0,1358,G
6-NA,268,1,3,0,1352,1356,C
6-NA,269,0,2,0,1347,1349,C
6-NA,270,2,2,1351,0,1355,G
6-NA,271,0,0,0,1359,1359,C
6-NA,272,1366,1,0,0,1367,A
6-NA,273,1382,0,1,0,1383,A
6-NA,274,0,1379,0,1,1380,T
6-NA,275,1,0,1393,0,1394,G
6-NA,276,0,1396,0,0,1396,T
6-NA,277,1,11,1380,0,1392,G
6-NA,278,1413,0,4,0,1417,A
6-NA,279,0,0,0,1440,1440,C
6-NA,280,1476,0,1,0,1477,A
6-NA,281,0,1488,1,0,1489,T
6-NA,282,0,1484,0,1,1485,T
6-NA,283,1489,0,0,0,1489,A
6-NA,284,2,0,1,1482,1485,C
6-NA,285,1473,0,1,0,1474,A
6-NA,286,0,3,1471,0,1474,G
6-NA,287,1,7,1453,0,1461,G
6-NA,288,0,1,1423,0,1424,G
6-NA,289,0,1447,0,0,1447,T
6-NA,290,0,1449,0,2,1451,T
6-NA,291,0,1451,0,1,1452,T
6-NA,292,1,1,1454,0,1456,G
6-NA,293,1,0,0,1450,1451,C
6-NA,294,1457,0,0,0,1457,A
6-NA,295,1,1,0,1456,1458,C
6-NA,296,2,0,1,1444,1447,C
6-NA,297,1,1426,0,1,1428,T
6-NA,298,1,1428,0,0,1429,T
6-NA,299,0,1454,0,2,1456,T
6-NA,300,0,1459,0,0,1459,T
6-NA,301,1,1472,0,2,1475,T
6-NA,302,3,0,0,1481,1484,C
6-NA,303,0,1482,0,1,1483,T
6-NA,304,1479,0,1,0,1480,A
6-NA,305,1476,0,0,0,1476,A
6-NA,306,1,1,1495,0,1497,G
6-NA,307,1,15,1472,0,1488,G
6-NA,308,1488,2,0,0,1490,A
6-NA,309,0,1,0,1496,1497,C
6-NA,310,1486,0,1,0,1487,A
6-NA,311,1489,0,0,0,1489,A
6-NA,312,0,1485,0,0,1485,T
6-NA,313,0,1489,0,0,1489,T
6-NA,314,8,0,0,1504,1512,C
6-NA,315,5,13,1490,0,1508,G
6-NA,316,1505,0,0,0,1505,A
6-NA,317,0,1503,0,0,1503,T
6-NA,318,0,1495,0,0,1495,T
6-NA,319,1496,0,2,0,1498,A
6-NA,320,1,1,1507,0,1509,G
6-NA,321,1,2,1510,0,1513,G
6-NA,322,0,2,0,1514,1516,C
6-NA,323,0,1481,0,1,1482,T
6-NA,324,0,1493,0,2,1495,T
6-NA,325,0,1497,0,0,1497,T
6-NA,326,2,0,0,1497,1499,C
6-NA,327,3,4,0,1489,1496,C
6-NA,328,0,1,1498,0,1499,G
6-NA,329,0,2,0,1494,1496,C
6-NA,330,0,1490,0,3,1493,T
6-NA,331,2,2,1525,0,1529,G
6-NA,332,1,1,1526,0,1528,G
6-NA,333,0,1531,0,0,1531,T
6-NA,334,0,2,1531,0,1533,G
6-NA,335,0,4,1527,0,1531,G
6-NA,336,0,4,1527,0,1531,G
6-NA,337,1,4,1535,0,1540,G
6-NA,338,1540,1,3,0,1544,A
6-NA,339,2,0,0,1559,1561,C
6-NA,340,1543,0,0,0,1543,A
6-NA,341,1,1538,0,0,1539,T
6-NA,342,1,0,0,1547,1548,C
6-NA,343,1,1540,0,1,1542,T
6-NA,344,1,4,1546,0,1551,G
6-NA,345,0,4,1548,0,1552,G
6-NA,346,0,2,1566,0,1568,G
6-NA,347,0,1560,0,1,1561,T
6-NA,348,1,16,1525,0,1542,G
6-NA,349,1543,1,0,0,1544,A
6-NA,350,2,0,0,1565,1567,C
6-NA,351,1570,0,0,0,1570,A
6-NA,352,1578,0,0,0,1578,A
6-NA,353,0,6,1582,0,1588,G
6-NA,354,1575,0,2,0,1577,A
6-NA,355,0,5,1581,1,1587,G
6-NA,356,1588,0,0,0,1588,A
6-NA,357,1623,0,1,0,1624,A
6-NA,358,0,1,0,1709,1710,C
6-NA,359,7,0,1,1702,1710,C
6-NA,360,2,1705,0,3,1710,T
6-NA,361,0,1703,0,0,1703,T
6-NA,362,1706,0,0,0,1706,A
6-NA,363,0,1702,0,0,1702,T
6-NA,364,0,0,1730,0,1730,G
6-NA,365,0,1721,0,3,1724,T
6-NA,366,3,0,1733,0,1736,G
6-NA,367,0,1690,0,1,1691,T
6-NA,368,22,0,0,1649,1671,C
6-NA,369,1685,1,1,1,1688,A
6-NA,370,0,1696,0,0,1696,T
6-NA,371,1,2,1689,0,1692,G
6-NA,372,1,0,0,1692,1693,C
6-NA,373,1,6,1677,0,1684,G
6-NA,374,1759,1,0,0,1760,A
6-NA,375,0,1776,0,0,1776,T
6-NA,376,10,0,0,1781,1791,C
6-NA,377,3,0,3,1788,1794,C
6-NA,378,2,1777,0,1,1780,T
6-NA,379,2,13,1774,0,1789,G
6-NA,380,1790,0,0,0,1790,A
6-NA,381,0,1,0,1789,1790,C
6-NA,382,1779,1,1,1,1782,A
6-NA,383,1738,2,4,0,1744,A
6-NA,384,1,1,1787,0,1789,G
6-NA,385,0,1785,0,0,1785,T
6-NA,386,1,2,1796,0,1799,G
6-NA,387,0,1769,0,1,1770,T
6-NA,388,1,1766,0,3,1770,T
6-NA,389,1770,0,1,0,1771,A
6-NA,390,1,1767,0,3,1771,T
6-NA,391,4,0,0,1782,1786,C
6-NA,392,1778,0,0,0,1778,A
6-NA,393,1773,0,1,0,1774,A
6-NA,394,0,1763,0,2,1765,T
6-NA,395,0,1757,0,1,1758,T
6-NA,396,0,1752,1,2,1755,T
6-NA,397,1,4,1761,0,1766,G
6-NA,398,1,4,1,1800,1806,C
6-NA,399,9,1,1,1799,1810,C
6-NA,400,2,0,0,1799,1801,C
6-NA,401,0,1800,0,3,1803,T
6-NA,402,0,1797,0,1,1798,T
6-NA,403,2,9,1813,0,1824,G
6-NA,404,0,3,1823,0,1826,G
6-NA,405,1830,0,1,0,1831,A
6-NA,406,0,1,0,1836,1837,C
6-NA,407,1785,2,1,0,1788,A
6-NA,408,1,16,1802,0,1819,G
6-NA,409,1,1,1821,0,1823,G
6-NA,410,15,4,1847,0,1866,G
6-NA,411,1883,0,4,0,1887,A
6-NA,412,1870,0,1,0,1871,A
6-NA,413,0,0,0,1876,1876,C
6-NA,414,1741,0,0,0,1741,A
6-NA,415,1864,0,0,0,1864,A
6-NA,416,1,1,0,1871,1873,C
6-NA,417,1849,1,1,0,1851,A
6-NA,418,0,0,0,1891,1891,C
6-NA,419,0,1845,0,1,1846,T
6-NA,420,1862,0,2,0,1864,A
6-NA,421,1837,0,0,0,1837,A
6-NA,422,1845,0,3,0,1848,A
6-NA,423,1,1,0,1850,1852,C
6-NA,424,1751,0,0,0,1751,A
6-NA,425,1769,1,0,0,1770,A
6-NA,426,0,0,0,1752,1752,C
6-NA,427,3,1,1707,0,1711,G
6-NA,428,0,1689,0,0,1689,T
6-NA,429,1676,0,0,0,1676,A
6-NA,430,0,0,0,1723,1723,C
6-NA,431,1724,0,0,0,1724,A
6-NA,432,1,1720,0,2,1723,T
6-NA,433,0,1729,0,1,1730,T
6-NA,434,5,1,0,1771,1777,C
6-NA,435,1804,0,0,0,1804,A
6-NA,436,1805,0,2,0,1807,A
6-NA,437,1809,0,0,0,1809,A
6-NA,438,0,1807,0,0,1807,T
6-NA,439,1802,0,0,0,1802,A
6-NA,440,1864,0,1,0,1865,A
6-NA,441,0,1,0,1872,1873,C
6-NA,442,1874,0,1,0,1875,A
6-NA,443,0,1,0,1899,1900,C
6-NA,444,1837,0,0,0,1837,A
6-NA,445,0,0,2075,0,2075,G
6-NA,446,0,2067,0,1,2068,T
6-NA,447,2101,0,1,0,2102,A
6-NA,448,0,2,0,2109,2111,C
6-NA,449,3,1,2107,0,2111,G
6-NA,450,0,2168,0,3,2171,T
6-NA,451,0,10,2169,0,2179,G
6-NA,452,2190,0,4,0,2194,A
6-NA,453,0,2201,0,0,2201,T
6-NA,454,2041,0,5,0,2046,A
6-NA,455,0,4,2045,0,2049,G
6-NA,456,0,6,2029,1,2036,G
6-NA,457,2031,0,5,1,2037,A
6-NA,458,1,3,1,2059,2064,C
6-NA,459,5,0,0,2018,2023,C
6-NA,460,3,2,0,2036,2041,C
6-NA,461,4,1,0,2033,2038,C
6-NA,462,0,2048,0,2,2050,T
6-NA,463,0,2068,0,0,2068,T
6-NA,464,2072,1,0,0,2073,A
6-NA,465,0,2077,0,0,2077,T
6-NA,466,2,1,0,2076,2079,C
6-NA,467,1,5,2057,0,2063,G
6-NA,468,2,7,2048,0,2057,G
6-NA,469,2046,0,2,0,2048,A
6-NA,470,1,1,0,2058,2060,C
6-NA,471,5,0,0,2045,2050,C
6-NA,472,1,0,0,2128,2129,C
6-NA,473,0,2124,0,3,2127,T
6-NA,474,2152,1,0,0,2153,A
6-NA,475,0,2154,0,0,2154,T
6-NA,476,0,2156,0,1,2157,T
6-NA,477,1,1,2159,0,2161,G
6-NA,478,2155,1,2,1,2159,A
6-NA,479,0,2149,0,1,2150,T
6-NA,480,1,10,2145,1,2157,G
6-NA,481,2091,1,1,0,2093,A
6-NA,482,2091,1,1,0,2093,A
6-NA,483,0,2077,0,0,2077,T
6-NA,484,0,16,2094,0,2110,G
6-NA,485,2135,0,0,0,2135,A
6-NA,486,0,1,2155,0,2156,G
6-NA,487,0,2155,0,0,2155,T
6-NA,488,0,2156,0,1,2157,T
6-NA,489,2169,0,0,0,2169,A
6-NA,490,0,5,2165,0,2170,G
6-NA,491,0,3,2170,0,2173,G
6-NA,492,1,2169,0,2,2172,T
6-NA,493,0,0,2175,0,2175,G
6-NA,494,1,2150,0,5,2156,T
6-NA,495,2,2141,1,2,2146,T
6-NA,496,10,2,0,2155,2167,C
6-NA,497,4,1,0,2173,2178,C
6-NA,498,0,2172,0,4,2176,T
6-NA,499,0,2177,0,0,2177,T
6-NA,500,1,2168,0,3,2172,T
6-NA,501,0,2166,0,3,2169,T
6-NA,502,13,0,0,2164,2177,C
6-NA,503,2174,1,0,0,2175,A
6-NA,504,1,2233,0,0,2234,T
6-NA,505,5,0,0,2232,2237,C
6-NA,506,0,2206,0,0,2206,T
6-NA,507,1,5,2197,0,2203,G
6-NA,508,1,6,2185,0,2192,G
6-NA,509,1,7,2194,0,2202,G
6-NA,510,1,13,2208,0,2222,G
6-NA,511,2206,1,5,0,2212,A
6-NA,512,1,2,0,2225,2228,C
6-NA,513,7,1,0,2146,2154,C
6-NA,514,2178,0,0,1,2179,A
6-NA,515,2176,0,5,0,2181,A
6-NA,516,3,1,2188,0,2192,G
6-NA,517,2,1,0,2200,2203,C
6-NA,518,2193,0,1,0,2194,A
6-NA,519,2213,0,1,0,2214,A
6-NA,520,1,4,2228,0,2233,G
6-NA,521,0,2214,0,0,2214,T
6-NA,522,2,0,2285,0,2287,G
6-NA,523,0,2273,0,2,2275,T
6-NA,524,1,3,2337,0,2341,G
6-NA,525,1,1,0,2342,2344,C
6-NA,526,2334,0,3,0,2337,A
6-NA,527,0,2354,0,0,2354,T
6-NA,528,2309,0,0,1,2310,A
6-NA,529,2,0,2362,0,2364,G
6-NA,530,2,1,0,2360,2363,C
6-NA,531,2310,1,2,0,2313,A
6-NA,532,1,2308,0,2,2311,T
6-NA,533,0,4,2242,0,2246,G
6-NA,534,0,1,2413,1,2415,G
6-NA,535,0,2405,0,6,2411,T
6-NA,536,10,1,1,2389,2401,C
6-NA,537,2,0,0,2418,2420,C
6-NA,538,2403,0,5,2,2410,A
6-NA,539,1,1,2495,0,2497,G
6-NA,540,1,1,0,2503,2505,C
6-NA,541,1,2499,1,4,2505,T
6-NA,542,7,0,0,2499,2506,C
6-NA,543,2457,0,0,0,2457,A
6-NA,544,2506,0,0,0,2506,A
6-NA,545,0,0,2509,0,2509,G
6-NA,546,2,2647,0,0,2649,T
6-NA,547,0,2638,0,2,2640,T
6-NA,548,2,1,2647,0,2650,G
6-NA,549,0,2640,0,3,2643,T
6-NA,550,23,0,0,2622,2645,C
6-NA,551,2640,0,5,0,2645,A
6-NA,552,2,2,2,2661,2667,C
6-NA,553,2,6,2654,0,2662,G
6-NA,554,2712,1,1,0,2714,A
6-NA,555,1,2719,0,2,2722,T
6-NA,556,1,7,2773,0,2781,G
6-NA,557,0,10,2789,0,2799,G
6-NA,558,2796,0,2,0,2798,A
6-NA,559,2802,0,1,0,2803,A
6-NA,560,2828,0,0,1,2829,A
6-NA,561,2831,0,7,0,2838,A
6-NA,562,1,3,2900,0,2904,G
6-NA,563,2,0,0,2894,2896,C
6-NA,564,2874,0,9,0,2883,A
6-NA,565,1,2894,0,2,2897,T
6-NA,566,1,6,2922,0,2929,G
6-NA,567,1,3,2940,0,2944,G
6-NA,568,1,0,0,2965,2966,C
6-NA,569,0,2934,1,2,2937,T
6-NA,570,2,1,2959,2,2964,G
6-NA,571,1,4,0,2935,2940,C
6-NA,572,2954,1,1,0,2956,A
6-NA,573,1,3058,0,1,3060,T
6-NA,574,0,2,3075,0,3077,G
6-NA,575,1,3080,1,4,3086,T
6-NA,576,0,3124,1,4,3129,T
6-NA,577,0,3116,0,1,3117,T
6-NA,578,1,0,3216,0,3217,G
6-NA,579,0,3213,0,3,3216,T
6-NA,580,3220,0,1,0,3221,A
6-NA,581,1,3239,0,0,3240,T
6-NA,582,3200,0,1,0,3201,A
6-NA,583,3210,0,1,0,3211,A
6-NA,584,1,0,0,3209,3210,C
6-NA,585,2,9,3190,3,3204,G
6-NA,586,1,3,3200,0,3204,G
6-NA,587,1,12,3175,0,3188,G
6-NA,588,3125,1,14,0,3140,A
6-NA,589,1,8,3181,0,3190,G
6-NA,590,3195,2,1,0,3198,A
6-NA,591,0,3226,0,2,3228,T
6-NA,592,0,19,3218,1,3238,G
6-NA,593,3251,3,3,0,3257,A
6-NA,594,0,3269,0,1,3270,T
6-NA,595,3258,0,2,0,3260,A
6-NA,596,3361,1,4,0,3366,A
6-NA,597,3397,1,0,0,3398,A
6-NA,598,3384,0,0,1,3385,A
6-NA,599,3402,0,2,0,3404,A
6-NA,600,1,3391,0,0,3392,T
6-NA,601,1,3,3396,0,3400,G
6-NA,602,1,1,1,3393,3396,C
6-NA,603,3390,1,1,0,3392,A
6-NA,604,3415,0,3,0,3418,A
6-NA,605,2,1,0,3449,3452,C
6-NA,606,1,3444,0,3,3448,T
6-NA,607,0,2,3473,0,3475,G
6-NA,608,2,0,0,3464,3466,C
6-NA,609,0,3465,1,2,3468,T
6-NA,610,3474,0,2,0,3476,A
6-NA,611,1,0,3482,0,3483,G
6-NA,612,2,1,0,3514,3517,C
6-NA,613,1,3504,0,6,3511,T
6-NA,614,1,3499,0,3,3503,T
6-NA,615,17,0,0,3529,3546,C
6-NA,616,3565,1,2,0,3568,A
6-NA,617,0,3575,0,3,3578,T
6-NA,618,0,3579,0,2,3581,T
6-NA,619,0,3599,0,0,3599,T
6-NA,620,3617,0,2,1,3620,A
6-NA,621,1,1,1,3652,3655,C
6-NA,622,3635,1,4,1,3641,A
6-NA,623,3664,1,2,1,3668,A
6-NA,624,2,3650,0,1,3653,T
6-NA,625,0,8,3643,0,3651,G
6-NA,626,13,9,3628,1,3651,G
6-NA,627,0,10,3629,0,3639,G
6-NA,628,3633,1,5,1,3640,A
6-NA,629,2,6,3712,0,3720,G
6-NA,630,4,2,3734,0,3740,G
6-NA,631,2,1,0,3996,3999,C
6-NA,632,1,3996,1,5,4003,T
6-NA,633,2,4046,0,3,4051,T
6-NA,634,1,2,4085,0,4088,G
6-NA,635,1,4089,0,1,4091,T
6-NA,636,4160,0,1,0,4161,A
6-NA,637,1,5,4182,0,4188,G
6-NA,638,4139,0,1,0,4140,A
6-NA,639,1,4176,0,5,4182,T
6-NA,640,3940,1,3,0,3944,A
6-NA,641,0,1,3950,0,3951,G
6-NA,642,0,3786,0,3,3789,T
6-NA,643,1,0,3716,0,3717,G
6-NA,644,0,3884,1,5,3890,T
6-NA,645,0,3891,1,0,3892,T
6-NA,646,9,0,3987,0,3996,G
6-NA,647,4,3972,1,8,3985,T
6-NA,648,0,3974,0,1,3975,T
6-NA,649,1,3960,0,11,3972,T
6-NA,650,17,3,3,3908,3931,C
6-NA,651,3926,1,4,9,3940,A
6-NA,652,0,3926,0,2,3928,T
6-NA,653,2,17,3908,0,3927,G
6-NA,654,1,7,4147,0,4155,G
6-NA,655,1,4019,0,10,4030,T
6-NA,656,19,1,1,3980,4001,C
6-NA,657,10,5,0,3982,3997,C
6-NA,658,4017,0,1,0,4018,A
6-NA,659,4054,0,0,0,4054,A
6-NA,660,4041,2,5,1,4049,A
6-NA,661,1,18,4056,0,4075,G
6-NA,662,4069,0,0,0,4069,A
6-NA,663,3973,0,4,0,3977,A
6-NA,664,3975,2,5,0,3982,A
6-NA,665,0,3993,0,2,3995,T
6-NA,666,17,1,0,4080,4098,C
6-NA,667,5,0,0,4086,4091,C
6-NA,668,0,4073,0,6,4079,T
6-NA,669,5,0,0,4089,4094,C
6-NA,670,4072,1,5,1,4079,A
6-NA,671,2,4,4114,0,4120,G
6-NA,672,1,18,4095,0,4114,G
6-NA,673,4182,0,6,0,4188,A
6-NA,674,2,1,0,4181,4184,C
6-NA,675,5,1,0,4121,4127,C
6-NA,676,5,2,0,4126,4133,C
6-NA,677,4126,0,1,2,4129,A
6-NA,678,1,7,4126,1,4135,G
6-NA,679,3,13,4137,0,4153,G
6-NA,680,4113,2,8,0,4123,A
6-NA,681,0,0,4192,1,4193,G
6-NA,682,1,4138,0,1,4140,T
6-NA,683,13,0,0,4139,4152,C
6-NA,684,4143,1,6,0,4150,A
6-NA,685,2,14,4175,0,4191,G
6-NA,686,4166,0,2,0,4168,A
6-NA,687,4169,0,2,0,4171,A
6-NA,688,0,4144,0,3,4147,T
6-NA,689,1,1,4163,1,4166,G
6-NA,690,5,3,0,4151,4159,C
6-NA,691,0,1,4189,0,4190,G
6-NA,692,1,4161,2,3,4167,T
6-NA,693,1,4174,0,4,4179,T
6-NA,694,0,4145,0,1,4146,T
6-NA,695,10,0,4190,0,4200,G
6-NA,696,3,4204,0,1,4208,T
6-NA,697,4212,0,2,0,4214,A
6-NA,698,1,4198,0,3,4202,T
6-NA,699,18,1,1,4183,4203,C
6-NA,700,4186,0,1,0,4187,A
6-NA,701,4185,1,2,1,4189,A
6-NA,702,0,4191,0,0,4191,T
6-NA,703,2,15,4173,0,4190,G
6-NA,704,2,23,4175,0,4200,G
6-NA,705,4260,0,6,0,4266,A
6-NA,706,4260,1,4,1,4266,A
6-NA,707,2,0,1,4318,4321,C
6-NA,708,0,4330,0,2,4332,T
6-NA,709,1,4320,0,2,4323,T
6-NA,710,2,2,4437,0,4441,G
6-NA,711,1,4445,0,0,4446,T
6-NA,712,4440,0,3,0,4443,A
6-NA,713,0,2,1,4497,4500,C
6-NA,714,4361,2,3,0,4366,A
6-NA,715,1,1,4649,0,4651,G
6-NA,716,0,4633,0,0,4633,T
6-NA,717,4802,0,3,0,4805,A
6-NA,718,1,0,4835,0,4836,G
6-NA,719,1,4757,0,6,4764,T
6-NA,720,4767,1,1,0,4769,A
6-NA,721,4768,1,1,0,4770,A
6-NA,722,0,4783,0,2,4785,T
6-NA,723,2,39,4762,1,4804,G
6-NA,724,4692,0,4,0,4696,A
6-NA,725,0,0,1,4740,4741,C
6-NA,726,0,4617,1,3,4621,T
6-NA,727,0,11,4640,0,4651,G
6-NA,728,4635,0,4,0,4639,A
6-NA,729,0,4643,2,1,4646,T
6-NA,730,5,12,4638,0,4655,G
6-NA,731,2,17,4617,1,4637,G
6-NA,732,2,13,4624,1,4640,G
6-NA,733,4571,0,6,0,4577,A
6-NA,734,1,0,4587,1,4589,G
6-NA,735,0,4559,0,2,4561,T
6-NA,736,2,4,4576,0,4582,G
6-NA,737,2,1,0,4610,4613,C
6-NA,738,2,4596,0,1,4599,T
6-NA,739,1,4589,0,3,4593,T
6-NA,740,9,1,0,4596,4606,C
6-NA,741,4592,1,6,0,4599,A
6-NA,742,1,8,4636,0,4645,G
6-NA,743,3,14,4627,0,4644,G
6-NA,744,4636,2,2,1,4641,A
6-NA,745,4609,0,1,1,4611,A
6-NA,746,4576,0,3,1,4580,A
6-NA,747,4595,4,7,0,4606,A
6-NA,748,0,1,4620,0,4621,G
6-NA,749,0,1,4,4609,4614,C
6-NA,750,0,4585,0,0,4585,T
6-NA,751,1,16,4558,0,4575,G
6-NA,752,4578,1,1,0,4580,A
6-NA,753,0,4616,0,2,4618,T
6-NA,754,4632,2,3,0,4637,A
6-NA,755,1,3,0,4829,4833,C
6-NA,756,1,4798,2,1,4802,T
6-NA,757,4806,0,1,0,4807,A
6-NA,758,4814,2,1,0,4817,A
6-NA,759,4817,0,3,1,4821,A
6-NA,760,4933,3,2,0,4938,A
6-NA,761,0,4937,0,2,4939,T
6-NA,762,4933,0,3,0,4936,A
6-NA,763,5,3,1,4950,4959,C
6-NA,764,0,4774,0,1,4775,T
6-NA,765,4849,0,0,0,4849,A
6-NA,766,0,4819,0,4,4823,T
6-NA,767,0,4990,1,0,4991,T
6-NA,768,25,1,1,4991,5018,C
6-NA,769,4906,0,2,0,4908,A
6-NA,770,0,4903,1,0,4904,T
6-NA,771,0,4879,1,4,4884,T
6-NA,772,0,11,4898,0,4909,G
6-NA,773,4876,0,6,0,4882,A
6-NA,774,2,4,4881,0,4887,G
6-NA,775,1,11,4862,0,4874,G
6-NA,776,4678,1,13,0,4692,A
6-NA,777,0,6,4760,0,4766,G
6-NA,778,0,17,4760,0,4777,G
6-NA,779,2,8,4768,0,4778,G
6-NA,780,3,14,4772,4,4793,G
6-NA,781,4774,0,3,1,4778,A
6-NA,782,4771,0,6,0,4777,A
6-NA,783,4773,1,4,0,4778,A
6-NA,784,4786,0,3,1,4790,A
6-NA,785,0,4790,0,1,4791,T
6-NA,786,25,2,0,4727,4754,C
6-NA,787,1,0,4786,0,4787,G
6-NA,788,0,4758,0,4,4762,T
6-NA,789,3,4756,0,6,4765,T
6-NA,790,38,2,0,4731,4771,C
6-NA,791,4743,1,0,0,4744,A
6-NA,792,0,5021,0,2,5023,T
6-NA,793,5017,1,1,1,5020,A
6-NA,794,2,3,0,5048,5053,C
6-NA,795,0,5030,0,2,5032,T
6-NA,796,5021,2,6,0,5029,A
6-NA,797,0,5,5026,0,5031,G
6-NA,798,3,2,0,5017,5022,C
6-NA,799,5010,0,6,0,5016,A
6-NA,800,0,1,0,5044,5045,C
6-NA,801,4861,0,1,0,4862,A
6-NA,802,0,5639,0,1,5640,T
6-NA,803,0,5600,0,4,5604,T
6-NA,804,3,3,5906,0,5912,G
6-NA,805,1,5897,0,4,5902,T
6-NA,806,44,2,0,5854,5900,C
6-NA,807,5893,1,3,0,5897,A
6-NA,808,5,9,5907,0,5921,G
6-NA,809,3,14,5918,0,5935,G
6-NA,810,5915,0,1,1,5917,A
6-NA,811,5830,1,5,0,5836,A
6-NA,812,0,1,5891,0,5892,G
6-NA,813,1,5601,0,8,5610,T
6-NA,814,2,2,5633,0,5637,G
6-NA,815,3,2,1,5620,5626,C
6-NA,816,2,5618,0,3,5623,T
6-NA,817,24,3,1,5612,5640,C
6-NA,818,5581,3,5,1,5590,A
6-NA,819,2,3,5608,0,5613,G
6-NA,820,4,3,1,5602,5610,C
6-NA,821,5565,0,6,0,5571,A
6-NA,822,1,5567,0,2,5570,T
6-NA,823,7,1,5611,0,5619,G
6-NA,824,2,5617,0,4,5623,T
6-NA,825,31,2,0,5595,5628,C
6-NA,826,7,8,5614,0,5629,G
6-NA,827,5597,1,3,0,5601,A
6-NA,828,4,11,5574,0,5589,G
6-NA,829,2,24,5556,0,5582,G
6-NA,830,5569,1,0,0,5570,A
6-NA,831,5433,1,13,0,5447,A
6-NA,832,2,5515,0,2,5519,T
6-NA,833,3,3,5528,0,5534,G
6-NA,834,1,0,0,5586,5587,C
6-NA,835,3,5555,0,11,5569,T
6-NA,836,19,1,0,5582,5602,C
6-NA,837,4,1,0,5606,5611,C
6-NA,838,1,5593,0,3,5597,T
6-NA,839,1,1,5622,0,5624,G
6-NA,840,2,3,0,5593,5598,C
6-NA,841,1,5583,0,9,5593,T
6-NA,842,5623,1,2,0,5626,A
6-NA,843,1,5544,0,5,5550,T
6-NA,844,13,2,0,5580,5595,C
6-NA,845,9,4,1,5566,5580,C
6-NA,846,1,5565,0,9,5575,T
6-NA,847,7,4,1,5586,5598,C
6-NA,848,2,14,5571,0,5587,G
6-NA,849,5649,0,2,0,5651,A
6-NA,850,2,5638,0,16,5656,T
6-NA,851,5628,1,3,0,5632,A
6-NA,852,1,5635,0,3,5639,T
6-NA,853,22,1,11,5584,5618,C
6-NA,854,8,2,0,5606,5616,C
6-NA,855,1,5532,0,6,5539,T
6-NA,856,2,6,5557,1,5566,G
6-NA,857,1,0,5580,0,5581,G
6-NA,858,4,5591,1,4,5600,T
6-NA,859,1,0,5610,0,5611,G
6-NA,860,0,5565,0,6,5571,T
6-NA,861,55,2,0,5513,5570,C
6-NA,862,5568,1,2,0,5571,A
6-NA,863,0,11,5564,0,5575,G
6-NA,864,5573,1,1,0,5575,A
6-NA,865,1,5524,0,5,5530,T
6-NA,866,1,1,5539,0,5541,G
6-NA,867,1,5408,0,1,5410,T
6-NA,868,2,1,5416,1,5420,G
6-NA,869,1,5403,0,3,5407,T
6-NA,870,25,1,0,5589,5615,C
6-NA,871,3,5698,0,14,5715,T
6-NA,872,2,1,5790,3,5796,G
6-NA,873,2,1,0,5785,5788,C
6-NA,874,5791,0,4,0,5795,A
6-NA,875,3333,4,2417,0,5754,A
6-NA,876,5718,2,6,2,5728,A
6-NA,877,0,17,5730,1,5748,G
6-NA,878,5751,0,2,0,5753,A
6-NA,879,4,2,0,5746,5752,C
6-NA,880,5257,0,3,0,5260,A
6-NA,881,5267,1,2,0,5270,A
6-NA,882,2,0,0,5436,5438,C
6-NA,883,0,5424,0,2,5426,T
6-NA,884,3,7,5436,0,5446,G
6-NA,885,2,6,5431,0,5439,G
6-NA,886,5405,0,7,1,5413,A
6-NA,887,5398,1,7,1,5407,A
6-NA,888,5371,0,9,1,5381,A
6-NA,889,2,8,5347,1,5358,G
6-NA,890,1,8,5311,0,5320,G
6-NA,891,5183,1,4,0,5188,A
6-NA,892,0,5301,0,3,5304,T
6-NA,893,22,1,0,5298,5321,C
6-NA,894,8,1,0,5404,5413,C
6-NA,895,5418,2,2,1,5423,A
6-NA,896,5421,0,7,0,5428,A
6-NA,897,0,5422,0,2,5424,T
6-NA,898,5288,0,1,1,5290,A
6-NA,899,3,10,5261,0,5274,G
6-NA,900,1,5,5243,0,5249,G
6-NA,901,7,1,0,5256,5264,C
6-NA,902,10,2,0,5231,5243,C
6-NA,903,20,0,0,5111,5131,C
6-NA,904,5161,0,2,0,5163,A
6-NA,905,1,5188,1,5,5195,T
6-NA,906,13,1,1,5180,5195,C
6-NA,907,4,3,5200,0,5207,G
6-NA,908,1,5185,0,4,5190,T
6-NA,909,5120,0,6,0,5126,A
6-NA,910,0,8,5213,0,5221,G
6-NA,911,5221,0,4,0,5225,A
6-NA,912,0,5230,0,3,5233,T
6-NA,913,5183,0,0,0,5183,A
6-NA,914,0,5141,1,1,5143,T
6-NA,915,5145,1,2,2,5150,A
6-NA,916,5145,0,2,0,5147,A
6-NA,917,5208,1,6,0,5215,A
6-NA,918,3,1,0,5274,5278,C
6-NA,919,5148,1,3,0,5152,A
6-NA,920,0,5139,0,1,5140,T
6-NA,921,5098,1,1,0,5100,A
6-NA,922,5097,1,3,0,5101,A
6-NA,923,5085,2,8,0,5095,A
6-NA,924,1,7,5138,0,5146,G
6-NA,925,0,19,5175,0,5194,G
6-NA,926,5045,1,3,1,5050,A
6-NA,927,0,5058,0,3,5061,T
6-NA,928,16,2,0,5056,5074,C
6-NA,929,5087,0,4,0,5091,A
6-NA,930,0,5089,1,4,5094,T
6-NA,931,5088,0,3,0,5091,A
6-NA,932,1,2,5118,0,5121,G
6-NA,933,3,0,1,5068,5072,C
6-NA,934,4955,0,2,1,4958,A
6-NA,935,1,4664,5,8,4678,T
6-NA,936,1,4695,0,0,4696,T
6-NA,937,3,1,4683,0,4687,G
6-NA,938,1,4688,1,5,4695,T
6-NA,939,26,4,0,4577,4607,C
6-NA,940,1,4825,0,1,4827,T
6-NA,941,14,0,0,4879,4893,C
6-NA,942,7,2,0,4901,4910,C
6-NA,943,4952,1,3,2,4958,A
6-NA,944,2,2,5005,0,5009,G
6-NA,945,0,4990,0,3,4993,T
6-NA,946,0,4774,1,4,4779,T
6-NA,947,4784,0,2,0,4786,A
6-NA,948,0,4670,0,1,4671,T
6-NA,949,2,0,4678,0,4680,G
6-NA,950,1,4512,2,6,4521,T
6-NA,951,2,0,4521,0,4523,G
6-NA,952,0,4394,0,6,4400,T
6-NA,953,4,0,4425,0,4429,G
6-NA,954,1,4414,0,5,4420,T
6-NA,955,1,4403,0,1,4405,T
6-NA,956,31,1,0,4370,4402,C
6-NA,957,4371,1,4,0,4376,A
6-NA,958,1,5,4379,2,4387,G
6-NA,959,1,22,4365,0,4388,G
6-NA,960,4365,2,2,0,4369,A
6-NA,961,5,2,0,4376,4383,C
6-NA,962,0,4225,1,2,4228,T
6-NA,963,1,4236,1,0,4238,T
6-NA,964,4,2,4334,1,4341,G
6-NA,965,2,4352,0,2,4356,T
6-NA,966,1,4361,0,7,4369,T
6-NA,967,1,6,4325,0,4332,G
6-NA,968,0,14,4284,18,4316,G
6-NA,969,4310,1,3,0,4314,A
6-NA,970,1,14,4317,0,4332,G
6-NA,971,4326,2,3,3,4334,A
6-NA,972,1,1,0,4360,4362,C
6-NA,973,4277,0,3,0,4280,A
6-NA,974,1,1,1,4291,4294,C
6-NA,975,4274,2,9,1,4286,A
6-NA,976,3,8,0,4283,4294,C
6-NA,977,9,1,0,4253,4263,C
6-NA,978,6,0,0,4294,4300,C
6-NA,979,4283,0,1,0,4284,A
6-NA,980,0,19,4276,0,4295,G
6-NA,981,4284,0,5,0,4289,A
6-NA,982,4304,0,2,0,4306,A
6-NA,983,4286,1,1,0,4288,A
6-NA,984,4289,0,1,1,4291,A
6-NA,985,4263,3,7,0,4273,A
6-NA,986,4284,2,1,1,4288,A
6-NA,987,3,4,0,4274,4281,C
6-NA,988,4,34,4243,0,4281,G
6-NA,989,4266,1,4,0,4271,A
6-NA,990,3,1,0,4272,4276,C
6-NA,991,4254,0,5,2,4261,A
6-NA,992,1,0,4303,0,4304,G
6-NA,993,1,2,0,4453,4456,C
6-NA,994,1,4438,0,9,4448,T
6-NA,995,14,0,0,4447,4461,C
6-NA,996,10,3,1,4452,4466,C
6-NA,997,4467,0,6,0,4473,A
6-NA,998,5,0,4469,0,4474,G
6-NA,999,3,4,0,4462,4469,C
6-NA,1000,4438,4,1,1,4444,A
6-NA,1001,0,1,4451,0,4452,G
6-NA,1002,0,4238,0,2,4240,T
6-NA,1003,5,5,4223,0,4233,G
6-NA,1004,0,2,4278,1,4281,G
6-NA,1005,4,2,1,4274,4281,C
6-NA,1006,5,3,0,4290,4298,C
6-NA,1007,4254,2,1,0,4257,A
6-NA,1008,0,4260,0,2,4262,T
6-NA,1009,1,4193,0,6,4200,T
6-NA,1010,1,2,4270,0,4273,G
6-NA,1011,0,4243,0,9,4252,T
6-NA,1012,0,4269,1,2,4272,T
6-NA,1013,3,4266,0,1,4270,T
6-NA,1014,2,12,4233,0,4247,G
6-NA,1015,0,11,4255,0,4266,G
6-NA,1016,4253,0,1,0,4254,A
6-NA,1017,0,4288,0,0,4288,T
6-NA,1018,17,0,0,4254,4271,C
6-NA,1019,2,0,1,4255,4258,C
6-NA,1020,4,4221,1,3,4229,T
6-NA,1021,4218,1,23,0,4242,A
6-NA,1022,4245,0,1,0,4246,A
6-NA,1023,1,0,0,4303,4304,C
6-NA,1024,4223,0,1,0,4224,A
6-NA,1025,4261,1,0,0,4262,A
6-NA,1026,2,4230,0,0,4232,T
6-NA,1027,1,2,4226,2,4231,G
6-NA,1028,4192,6,7,2,4207,A
6-NA,1029,4,2,4100,0,4106,G
6-NA,1030,1,4,4181,1,4187,G
6-NA,1031,4170,3,4,0,4177,A
6-NA,1032,4191,0,2,0,4193,A
6-NA,1033,1,8,4205,0,4214,G
6-NA,1034,4,3,4231,1,4239,G
6-NA,1035,0,4194,0,6,4200,T
6-NA,1036,1,11,4178,0,4190,G
6-NA,1037,1,1,4264,0,4266,G
6-NA,1038,2,4187,1,24,4214,T
6-NA,1039,40,0,0,4175,4215,C
6-NA,1040,4222,0,3,0,4225,A
6-NA,1041,1,4189,1,6,4197,T
6-NA,1042,3,6,4166,1,4176,G
6-NA,1043,1,8,4149,1,4159,G
6-NA,1044,0,10,4060,0,4070,G
6-NA,1045,1,0,4220,0,4221,G
6-NA,1046,0,4215,1,4,4220,T
6-NA,1047,2,13,4207,0,4222,G
6-NA,1048,4211,1,5,0,4217,A
6-NA,1049,4211,0,1,1,4213,A
6-NA,1050,4212,0,7,0,4219,A
6-NA,1051,0,3,4235,2,4240,G
6-NA,1052,1,0,4210,0,4211,G
6-NA,1053,1,0,0,4182,4183,C
6-NA,1054,0,4092,0,4,4096,T
6-NA,1055,4,6,4083,1,4094,G
6-NA,1056,0,5,4096,0,4101,G
6-NA,1057,3,2,4131,0,4136,G
6-NA,1058,2,1,1,4129,4133,C
6-NA,1059,9,0,0,4133,4142,C
6-NA,1060,1,4107,1,1,4110,T
6-NA,1061,2,4113,0,4,4119,T
6-NA,1062,0,4114,0,1,4115,T
6-NA,1063,0,10,4125,1,4136,G
6-NA,1064,4124,0,4,0,4128,A
6-NA,1065,1,4106,1,4,4112,T
6-NA,1066,1,11,4038,0,4050,G
6-NA,1067,4014,0,3,0,4017,A
6-NA,1068,2,4029,0,1,4032,T
6-NA,1069,1,2,4021,2,4026,G
6-NA,1070,5,7,4071,0,4083,G
6-NA,1071,4080,0,2,0,4082,A
6-NA,1072,4067,1,3,0,4071,A
6-NA,1073,4073,3,3,0,4079,A
6-NA,1074,1,4080,1,2,4084,T
6-NA,1075,3,13,4072,0,4088,G
6-NA,1076,4076,0,4,0,4080,A
6-NA,1077,4,2,0,4054,4060,C
6-NA,1078,3,1,4069,0,4073,G
6-NA,1079,1,4011,1,7,4020,T
6-NA,1080,1,0,4048,0,4049,G
6-NA,1081,0,4035,0,3,4038,T
6-NA,1082,4,6,4030,1,4041,G
6-NA,1083,2,5,4060,0,4067,G
6-NA,1084,4042,0,3,0,4045,A
6-NA,1085,0,4048,1,2,4051,T
6-NA,1086,2,9,4030,0,4041,G
6-NA,1087,1,2,4025,0,4028,G
6-NA,1088,0,12,4031,1,4044,G
6-NA,1089,4006,1,5,0,4012,A
6-NA,1090,4011,0,4,0,4015,A
6-NA,1091,2,13,4002,0,4017,G
6-NA,1092,3990,0,2,0,3992,A
6-NA,1093,3988,0,4,0,3992,A
6-NA,1094,3,2,0,3982,3987,C
6-NA,1095,2,18,3953,1,3974,G
6-NA,1096,3970,0,2,0,3972,A
6-NA,1097,0,3931,1,3,3935,T
6-NA,1098,10,0,0,3933,3943,C
6-NA,1099,3940,1,3,1,3945,A
6-NA,1100,0,2,3949,0,3951,G
6-NA,1101,0,2,0,3946,3948,C
6-NA,1102,0,18,3936,0,3954,G
6-NA,1103,3939,1,0,0,3940,A
6-NA,1104,1,6,3939,1,3947,G
6-NA,1105,3945,0,2,0,3947,A
6-NA,1106,3945,0,5,0,3950,A
6-NA,1107,1,1,3941,0,3943,G
6-NA,1108,0,3925,0,6,3931,T
6-NA,1109,30,3,0,3875,3908,C
6-NA,1110,3836,0,2,0,3838,A
6-NA,1111,0,2,0,3827,3829,C
6-NA,1112,1,2,3834,0,3837,G
6-NA,1113,0,3830,2,2,3834,T
6-NA,1114,1,3931,0,1,3933,T
6-NA,1115,0,3946,0,0,3946,T
6-NA,1116,3944,0,5,0,3949,A
6-NA,1117,4,4,3987,0,3995,G
6-NA,1118,1,15,3968,0,3984,G
6-NA,1119,0,1,4035,1,4037,G
6-NA,1120,0,3892,0,5,3897,T
6-NA,1121,3879,0,7,1,3887,A
6-NA,1122,1,3875,0,3,3879,T
6-NA,1123,0,20,3856,1,3877,G
6-NA,1124,3871,0,6,0,3877,A
6-NA,1125,3867,1,1,0,3869,A
6-NA,1126,3823,1,2,0,3826,A
6-NA,1127,0,1,0,3775,3776,C
6-NA,1128,7,0,0,3547,3554,C
6-NA,1129,1,2781,0,2,2784,T
6-NA,1130,1,2765,0,4,2770,T
6-NA,1131,11,1,1,2758,2771,C
6-NA,1132,2771,0,1,0,2772,A
6-NA,1133,2781,0,1,0,2782,A
6-NA,1134,2775,0,1,0,2776,A
6-NA,1135,0,2,2799,0,2801,G
6-NA,1136,1,2738,0,3,2742,T
6-NA,1137,33,3,0,2712,2748,C
6-NA,1138,2779,0,2,0,2781,A
6-NA,1139,0,2784,0,1,2785,T
6-NA,1140,0,2777,0,3,2780,T
6-NA,1141,0,5,2784,0,2789,G
6-NA,1142,2774,1,2,0,2777,A
6-NA,1143,2784,0,1,0,2785,A
6-NA,1144,1,6,2784,0,2791,G
6-NA,1145,1,2,2776,0,2779,G
6-NA,1146,0,1,0,2775,2776,C
6-NA,1147,0,2706,0,3,2709,T
6-NA,1148,1,1,2742,0,2744,G
6-NA,1149,0,2,2801,0,2803,G
6-NA,1150,0,2799,0,4,2803,T
6-NA,1151,11,0,0,2789,2800,C
6-NA,1152,8,2,0,2780,2790,C
6-NA,1153,2783,0,2,0,2785,A
6-NA,1154,2799,0,3,0,2802,A
6-NA,1155,3,0,0,2814,2817,C
6-NA,1156,5,0,0,2715,2720,C
6-NA,1157,7,0,0,2686,2693,C
6-NA,1158,0,2558,0,3,2561,T
6-NA,1159,2564,0,0,1,2565,A
6-NA,1160,2563,0,4,1,2568,A
6-NA,1161,1,1,2597,0,2599,G
6-NA,1162,0,2578,0,3,2581,T
6-NA,1163,15,3,0,2541,2559,C
6-NA,1164,6,0,0,2532,2538,C
6-NA,1165,2532,0,2,0,2534,A
6-NA,1166,2534,0,1,0,2535,A
6-NA,1167,2528,0,1,0,2529,A
6-NA,1168,1,2531,0,1,2533,T
6-NA,1169,0,2525,0,0,2525,T
6-NA,1170,1,1,2508,0,2510,G
6-NA,1171,3,0,0,2492,2495,C
6-NA,1172,2488,1,3,0,2492,A
6-NA,1173,0,3,2499,0,2502,G
6-NA,1174,2497,0,1,1,2499,A
6-NA,1175,0,2569,1,0,2570,T
6-NA,1176,2565,0,2,0,2567,A
6-NA,1177,2560,0,1,1,2562,A
6-NA,1178,2567,0,4,0,2571,A
6-NA,1179,1,2559,0,0,2560,T
6-NA,1180,2548,0,3,0,2551,A
6-NA,1181,0,2,2548,0,2550,G
6-NA,1182,0,1,2531,0,2532,G
6-NA,1183,1,1,0,2531,2533,C
6-NA,1184,2468,0,2,0,2470,A
6-NA,1185,2494,0,6,0,2500,A
6-NA,1186,0,0,2523,0,2523,G
6-NA,1187,0,2520,0,1,2521,T
6-NA,1188,35,0,0,2477,2512,C
6-NA,1189,2526,1,3,0,2530,A
6-NA,1190,2,2531,1,2,2536,T
6-NA,1191,2531,0,2,0,2533,A
6-NA,1192,1,0,2541,0,2542,G
6-NA,1193,0,2532,2,3,2537,T
6-NA,1194,0,2448,0,2,2450,T
6-NA,1195,1,16,2407,0,2424,G
6-NA,1196,2409,0,3,0,2412,A
6-NA,1197,0,0,0,2409,2409,C
6-NA,1198,2383,1,2,0,2386,A
6-NA,1199,0,1,2418,0,2419,G
6-NA,1200,2398,1,4,0,2403,A
6-NA,1201,1,1,2502,0,2504,G
6-NA,1202,4,2,2502,0,2508,G
6-NA,1203,0,2496,0,0,2496,T
6-NA,1204,2486,0,1,0,2487,A
6-NA,1205,2480,0,2,0,2482,A
6-NA,1206,1,2488,0,1,2490,T
6-NA,1207,2477,2,0,0,2479,A
6-NA,1208,0,6,2418,0,2424,G
6-NA,1209,0,0,2368,0,2368,G
6-NA,1210,0,2214,0,2,2216,T
6-NA,1211,8,1,0,2189,2198,C
6-NA,1212,9,4,0,2197,2210,C
6-NA,1213,0,4,2210,0,2214,G
6-NA,1214,0,1,2222,0,2223,G
6-NA,1215,0,2216,2,0,2218,T
6-NA,1216,0,2209,0,0,2209,T
6-NA,1217,2190,0,0,0,2190,A
6-NA,1218,1,2163,2,2,2168,T
6-NA,1219,0,2169,0,0,2169,T
6-NA,1220,12,0,0,2160,2172,C
6-NA,1221,0,2100,0,2,2102,T
6-NA,1222,1,7,2111,0,2119,G
6-NA,1223,2,2,2111,1,2116,G
6-NA,1224,0,2116,1,1,2118,T
6-NA,1225,2115,0,1,0,2116,A
6-NA,1226,0,2095,1,2,2098,T
6-NA,1227,1,2086,0,3,2090,T
6-NA,1228,0,2087,1,4,2092,T
6-NA,1229,1,2090,1,5,2097,T
6-NA,1230,10,1,1,2087,2099,C
6-NA,1231,1,2058,2,4,2065,T
6-NA,1232,4,0,0,2065,2069,C
6-NA,1233,0,2055,1,2,2058,T
6-NA,1234,0,0,2102,0,2102,G
6-NA,1235,0,2101,1,1,2103,T
6-NA,1236,0,2077,1,2,2080,T
6-NA,1237,0,4,2075,0,2079,G
6-NA,1238,2059,0,4,0,2063,A
6-NA,1239,2060,0,5,3,2068,A
6-NA,1240,0,6,2081,0,2087,G
6-NA,1241,0,1,2081,0,2082,G
6-NA,1242,4,0,0,2079,2083,C
6-NA,1243,2036,0,3,0,2039,A
6-NA,1244,2034,0,4,0,2038,A
6-NA,1245,2046,0,2,0,2048,A
6-NA,1246,2048,0,2,0,2050,A
6-NA,1247,0,2,2053,0,2055,G
6-NA,1248,2,0,0,2054,2056,C
6-NA,1249,0,2011,1,4,2016,T
6-NA,1250,1,1,2046,0,2048,G
6-NA,1251,2,2,0,2040,2044,C
6-NA,1252,2047,0,2,0,2049,A
6-NA,1253,1,2040,1,1,2043,T
6-NA,1254,8,0,0,2023,2031,C
6-NA,1255,2031,0,0,0,2031,A
6-NA,1256,2029,0,1,0,2030,A
6-NA,1257,0,2023,0,0,2023,T
6-NA,1258,2,3,0,2023,2028,C
6-NA,1259,0,1,1997,0,1998,G
6-NA,1260,0,0,2037,0,2037,G
6-NA,1261,0,2035,0,1,2036,T
6-NA,1262,2,1,2042,0,2045,G
6-NA,1263,1,0,0,2057,2058,C
6-NA,1264,0,2043,0,4,2047,T
6-NA,1265,1,2076,1,1,2079,T
6-NA,1266,0,2073,0,3,2076,T
6-NA,1267,0,2081,0,0,2081,T
6-NA,1268,2094,0,0,0,2094,A
6-NA,1269,0,2014,0,3,2017,T
6-NA,1270,1,1,2017,0,2019,G
6-NA,1271,0,1992,0,1,1993,T
6-NA,1272,0,4,1971,0,1975,G
6-NA,1273,0,8,1988,0,1996,G
6-NA,1274,1947,0,2,0,1949,A
6-NA,1275,1,0,1985,1,1987,G
6-NA,1276,0,1973,0,0,1973,T
6-NA,1277,0,1963,0,2,1965,T
6-NA,1278,1,8,1969,0,1978,G
6-NA,1279,1970,0,2,0,1972,A
6-NA,1280,0,1969,0,5,1974,T
6-NA,1281,1970,0,3,0,1973,A
6-NA,1282,1917,0,2,0,1919,A
6-NA,1283,1,4,1926,1,1932,G
6-NA,1284,0,3,1886,0,1889,G
6-NA,1285,0,2,1883,0,1885,G
6-NA,1286,1,7,1871,0,1879,G
6-NA,1287,1853,0,1,0,1854,A
6-NA,1288,1853,0,1,0,1854,A
6-NA,1289,1,9,1854,0,1864,G
6-NA,1290,1858,0,0,0,1858,A
6-NA,1291,1857,1,2,0,1860,A
6-NA,1292,1831,1,1,0,1833,A
6-NA,1293,1802,0,3,0,1805,A
6-NA,1294,0,2,1806,1,1809,G
6-NA,1295,1774,0,3,0,1777,A
6-NA,1296,0,3,1771,0,1774,G
6-NA,1297,1,7,1768,0,1776,G
6-NA,1298,1751,0,0,0,1751,A
6-NA,1299,1746,0,1,0,1747,A
6-NA,1300,1754,0,0,0,1754,A
6-NA,1301,0,1,0,1763,1764,C
6-NA,1302,0,1751,0,2,1753,T
6-NA,1303,1,5,1760,0,1766,G
6-NA,1304,1758,0,1,0,1759,A
6-NA,1305,1752,0,3,0,1755,A
6-NA,1306,0,0,1766,0,1766,G
6-NA,1307,0,1755,0,1,1756,T
6-NA,1308,13,0,0,1754,1767,C
6-NA,1309,0,1756,0,1,1757,T
6-NA,1310,0,1740,0,2,1742,T
6-NA,1311,1,1,1742,0,1744,G
6-NA,1312,1,1729,0,3,1733,T
6-NA,1313,2,6,1726,0,1734,G
6-NA,1314,0,5,1728,0,1733,G
6-NA,1315,1706,0,5,0,1711,A
6-NA,1316,1,3,0,1722,1726,C
6-NA,1317,2,0,1,1685,1688,C
6-NA,1318,0,1676,0,5,1681,T
6-NA,1319,5,0,0,1680,1685,C
6-NA,1320,1693,0,2,2,1697,A
6-NA,1321,1696,0,1,0,1697,A
6-NA,1322,1694,1,3,0,1698,A
6-NA,1323,0,0,0,1713,1713,C
6-NA,1324,1667,1,1,0,1669,A
6-NA,1325,0,3,1698,0,1701,G
6-NA,1326,0,1671,0,1,1672,T
6-NA,1327,1672,0,0,1,1673,A
6-NA,1328,0,1671,0,1,1672,T
6-NA,1329,0,1647,0,1,1648,T
6-NA,1330,1,1,1660,0,1662,G
6-NA,1331,1,1652,0,4,1657,T
6-NA,1332,0,1585,0,3,1588,T
6-NA,1333,0,0,1592,0,1592,G
6-NA,1334,0,1475,0,1,1476,T
6-NA,1335,1,1,1484,0,1486,G
6-NA,1336,0,1477,2,0,1479,T
6-NA,1337,0,1463,0,1,1464,T
6-NA,1338,0,1463,0,2,1465,T
6-NA,1339,0,1417,0,0,1417,T
6-NA,1340,3,0,1420,0,1423,G
6-NA,1341,0,1417,1,1,1419,T
6-NA,1342,1,2,1410,1,1414,G
6-NA,1343,1,3,1412,0,1416,G
6-NA,1344,1,0,0,1396,1397,C
6-NA,1345,1393,0,0,0,1393,A
6-NA,1346,0,1,0,1402,1403,C
6-NA,1347,4,0,0,1402,1406,C
6-NA,1348,0,1405,0,1,1406,T
6-NA,1349,8,0,0,1402,1410,C
6-NA,1350,1404,1,1,0,1406,A
6-NA,1351,0,2,1417,0,1419,G
6-NA,1352,0,0,1423,0,1423,G
6-NA,1353,0,1417,0,1,1418,T
6-NA,1354,1413,0,1,0,1414,A
6-NA,1355,2,0,0,1352,1354,C
6-NA,1356,1333,0,1,0,1334,A
6-NA,1357,0,1325,0,1,1326,T
6-NA,1358,1293,1,0,0,1294,A
6-NA,1359,0,1293,0,0,1293,T
6-NA,1360,0,3,1201,0,1204,G
6-NA,1361,0,3,1201,0,1204,G
6-NA,1362,1187,0,0,0,1187,A
6-NA,1363,1182,0,1,0,1183,A
6-NA,1364,0,0,0,1170,1170,C
6-NA,1365,961,0,2,0,963,A
6-NA,1366,0,0,969,0,969,G
6-NA,1367,0,1,961,0,962,G
6-NA,1368,0,0,0,958,958,C
6-NA,1369,0,954,0,3,957,T
6-NA,1370,5,0,0,899,904,C
6-NA,1371,900,0,1,0,901,A
6-NA,1372,0,897,0,1,898,T
6-NA,1373,0,0,902,0,902,G
6-NA,1374,0,0,898,0,898,G
6-NA,1375,2,1,0,863,866,C
6-NA,1376,2,1,0,857,860,C
6-NA,1377,0,794,0,2,796,T
6-NA,1378,0,1,795,0,796,G
6-NA,1379,791,0,1,0,792,A
6-NA,1380,0,792,0,0,792,T
6-NA,1381,0,1,774,0,775,G
6-NA,1382,0,2,757,0,759,G
6-NA,1383,0,0,708,0,708,G
6-NA,1384,0,0,706,0,706,G
6-NA,1385,0,0,0,695,695,C
6-NA,1386,1,0,692,0,693,G
6-NA,1387,0,2,684,0,686,G
6-NA,1388,676,0,0,0,676,A
6-NA,1389,1,0,0,673,674,C
6-NA,1390,672,0,0,0,672,A
6-NA,1391,0,662,0,0,662,T
6-NA,1392,3,0,0,640,643,C
6-NA,1393,640,0,2,0,642,A
6-NA,1394,642,0,0,0,642,A
6-NA,1395,1,638,0,0,639,T
6-NA,1396,1,1,0,621,623,C
6-NA,1397,0,604,0,1,605,T
6-NA,1398,3,0,0,507,510,C
6-NA,1399,507,0,0,0,507,A
6-NA,1400,0,503,0,1,504,T
6-NA,1401,0,0,501,0,501,G
6-NA,1402,0,1,0,495,496,C
6-NA,1403,2,0,0,476,478,C
6-NA,1404,0,429,0,0,429,T
6-NA,1405,423,0,1,0,424,A
6-NA,1406,0,423,0,0,423,T
6-NA,1407,416,0,0,0,416,A
6-NA,1408,0,416,0,0,416,T
6-NA,1409,375,0,0,0,375,A
6-NA,1410,357,0,0,0,357,A
7-M,1,47,0,0,0,47,A
7-M,2,0,47,0,0,47,T
7-M,3,0,0,48,0,48,G
7-M,4,48,0,0,0,48,A
7-M,5,0,0,54,0,54,G
7-M,6,0,0,0,59,59,C
7-M,7,0,0,0,67,67,C
7-M,8,0,79,0,0,79,T
7-M,9,0,77,0,0,77,T
7-M,10,0,0,0,80,80,C
7-M,11,0,80,0,0,80,T
7-M,12,81,0,0,0,81,A
7-M,13,81,0,0,0,81,A
7-M,14,0,0,0,81,81,C
7-M,15,1,0,0,80,81,C
7-M,16,0,0,81,0,81,G
7-M,17,82,0,0,0,82,A
7-M,18,0,1,82,0,83,G
7-M,19,0,0,86,0,86,G
7-M,20,0,86,0,0,86,T
7-M,21,0,0,0,86,86,C
7-M,22,0,0,86,0,86,G
7-M,23,91,0,0,0,91,A
7-M,24,93,0,0,0,93,A
7-M,25,94,0,0,0,94,A
7-M,26,0,0,0,113,113,C
7-M,27,0,1,116,0,117,G
7-M,28,0,117,0,0,117,T
7-M,29,118,0,0,0,118,A
7-M,30,0,119,0,0,119,T
7-M,31,0,0,120,0,120,G
7-M,32,0,119,0,0,119,T
7-M,33,0,132,0,0,132,T
7-M,34,0,0,0,141,141,C
7-M,35,0,140,0,0,140,T
7-M,36,1,0,0,144,145,C
7-M,37,0,146,0,0,146,T
7-M,38,0,0,0,151,151,C
7-M,39,0,151,0,1,152,T
7-M,40,150,0,0,0,150,A
7-M,41,0,152,0,0,152,T
7-M,42,0,0,0,155,155,C
7-M,43,0,0,160,0,160,G
7-M,44,0,162,0,0,162,T
7-M,45,0,160,0,0,160,T
7-M,46,0,0,0,164,164,C
7-M,47,0,0,0,171,171,C
7-M,48,174,0,0,0,174,A
7-M,49,0,174,0,1,175,T
7-M,50,0,0,0,175,175,C
7-M,51,174,0,1,0,175,A
7-M,52,0,0,178,0,178,G
7-M,53,0,1,177,0,178,G
7-M,54,0,0,0,176,176,C
7-M,55,1,0,0,179,180,C
7-M,56,0,0,0,180,180,C
7-M,57,0,1,0,194,195,C
7-M,58,0,0,0,195,195,C
7-M,59,0,196,1,1,198,T
7-M,60,0,0,0,199,199,C
7-M,61,198,1,0,0,199,A
7-M,62,199,0,0,0,199,A
7-M,63,199,0,1,0,200,A
7-M,64,0,0,202,0,202,G
7-M,65,0,0,0,201,201,C
7-M,66,0,0,0,199,199,C
7-M,67,0,1,199,0,200,G
7-M,68,201,0,0,0,201,A
7-M,69,0,4,197,0,201,G
7-M,70,201,0,0,0,201,A
7-M,71,0,201,0,0,201,T
7-M,72,1,0,0,200,201,C
7-M,73,0,0,203,0,203,G
7-M,74,1,0,0,202,203,C
7-M,75,0,0,204,0,204,G
7-M,76,1,0,0,203,204,C
7-M,77,203,1,0,0,204,A
7-M,78,0,1,203,0,204,G
7-M,79,204,0,0,0,204,A
7-M,80,0,1,217,0,218,G
7-M,81,219,0,0,0,219,A
7-M,82,0,0,0,221,221,C
7-M,83,0,223,0,0,223,T
7-M,84,0,222,0,0,222,T
7-M,85,0,0,225,0,225,G
7-M,86,223,0,1,0,224,A
7-M,87,221,0,1,0,222,A
7-M,88,0,1,223,0,224,G
7-M,89,223,0,0,0,223,A
7-M,90,0,225,0,1,226,T
7-M,91,0,0,228,0,228,G
7-M,92,0,222,0,1,223,T
7-M,93,1,0,0,222,223,C
7-M,94,0,223,0,0,223,T
7-M,95,0,222,0,0,222,T
7-M,96,0,223,0,0,223,T
7-M,97,0,0,224,0,224,G
7-M,98,0,0,0,222,222,C
7-M,99,0,225,0,0,225,T
7-M,100,0,0,225,0,225,G
7-M,101,0,2,226,0,228,G
7-M,102,0,1,230,0,231,G
7-M,103,230,0,1,0,231,A
7-M,104,230,1,0,0,231,A
7-M,105,229,0,2,0,231,A
7-M,106,228,0,0,0,228,A
7-M,107,232,0,0,0,232,A
7-M,108,0,0,0,233,233,C
7-M,109,233,0,1,0,234,A
7-M,110,0,0,0,235,235,C
7-M,111,231,0,0,0,231,A
7-M,112,0,2,239,0,241,G
7-M,113,240,0,0,0,240,A
7-M,114,0,247,0,0,247,T
7-M,115,1,0,0,248,249,C
7-M,116,0,246,0,0,246,T
7-M,117,0,247,0,0,247,T
7-M,118,0,3,242,0,245,G
7-M,119,246,0,0,0,246,A
7-M,120,0,0,248,0,248,G
7-M,121,0,0,247,0,247,G
7-M,122,0,0,0,248,248,C
7-M,123,0,247,0,0,247,T
7-M,124,1,0,0,276,277,C
7-M,125,0,275,0,0,275,T
7-M,126,0,1,0,277,278,C
7-M,127,277,1,0,0,278,A
7-M,128,1,279,0,0,280,T
7-M,129,0,2,280,0,282,G
7-M,130,0,0,283,0,283,G
7-M,131,280,0,0,0,280,A
7-M,132,279,0,3,0,282,A
7-M,133,0,281,0,0,281,T
7-M,134,0,0,287,0,287,G
7-M,135,0,0,297,0,297,G
7-M,136,0,0,0,297,297,C
7-M,137,0,296,0,0,296,T
7-M,138,296,0,1,0,297,A
7-M,139,296,0,0,0,296,A
7-M,140,299,0,1,0,300,A
7-M,141,0,0,299,0,299,G
7-M,142,299,0,0,0,299,A
7-M,143,0,0,0,297,297,C
7-M,144,293,0,1,0,294,A
7-M,145,293,0,0,0,293,A
7-M,146,0,0,299,0,299,G
7-M,147,300,0,1,0,301,A
7-M,148,0,0,0,302,302,C
7-M,149,2,0,0,298,300,C
7-M,150,296,0,1,0,297,A
7-M,151,301,0,0,0,301,A
7-M,152,0,301,0,0,301,T
7-M,153,1,299,0,0,300,T
7-M,154,2,1,0,303,306,C
7-M,155,0,303,0,0,303,T
7-M,156,0,0,302,0,302,G
7-M,157,0,303,0,1,304,T
7-M,158,3,0,0,301,304,C
7-M,159,303,0,0,0,303,A
7-M,160,0,1,0,306,307,C
7-M,161,3,0,1,304,308,C
7-M,162,0,307,0,0,307,T
7-M,163,0,0,0,308,308,C
7-M,164,0,307,0,0,307,T
7-M,165,0,2,315,0,317,G
7-M,166,317,1,0,0,318,A
7-M,167,0,0,0,317,317,C
7-M,168,0,317,0,0,317,T
7-M,169,315,0,0,0,315,A
7-M,170,315,0,1,0,316,A
7-M,171,0,1,319,0,320,G
7-M,172,1,0,317,0,318,G
7-M,173,0,1,321,0,322,G
7-M,174,0,3,313,1,317,G
7-M,175,324,0,0,0,324,A
7-M,176,0,322,0,1,323,T
7-M,177,0,323,0,0,323,T
7-M,178,0,325,0,0,325,T
7-M,179,0,322,0,0,322,T
7-M,180,0,1,320,0,321,G
7-M,181,0,1,321,0,322,G
7-M,182,0,2,318,0,320,G
7-M,183,0,0,324,0,324,G
7-M,184,0,318,0,0,318,T
7-M,185,0,314,0,2,316,T
7-M,186,0,318,0,0,318,T
7-M,187,0,0,325,0,325,G
7-M,188,0,327,0,0,327,T
7-M,189,0,0,330,0,330,G
7-M,190,0,329,0,0,329,T
7-M,191,0,328,0,1,329,T
7-M,192,3,0,0,326,329,C
7-M,193,332,0,0,0,332,A
7-M,194,1,0,1,335,337,C
7-M,195,1,0,335,0,336,G
7-M,196,0,0,0,333,333,C
7-M,197,0,322,0,0,322,T
7-M,198,3,0,0,325,328,C
7-M,199,328,0,0,0,328,A
7-M,200,0,0,0,335,335,C
7-M,201,1,0,0,330,331,C
7-M,202,0,0,331,0,331,G
7-M,203,0,329,0,1,330,T
7-M,204,0,0,331,0,331,G
7-M,205,0,0,0,331,331,C
7-M,206,1,0,0,330,331,C
7-M,207,0,0,0,331,331,C
7-M,208,331,0,0,0,331,A
7-M,209,0,0,339,0,339,G
7-M,210,0,330,0,1,331,T
7-M,211,1,3,329,0,333,G
7-M,212,331,0,2,0,333,A
7-M,213,0,0,335,0,335,G
7-M,214,0,0,0,331,331,C
7-M,215,0,0,335,0,335,G
7-M,216,330,0,0,0,330,A
7-M,217,0,1,332,0,333,G
7-M,218,0,1,333,0,334,G
7-M,219,328,0,0,0,328,A
7-M,220,0,0,0,340,340,C
7-M,221,0,335,0,0,335,T
7-M,222,0,0,336,0,336,G
7-M,223,0,1,0,335,336,C
7-M,224,335,0,0,1,336,A
7-M,225,0,0,341,0,341,G
7-M,226,0,1,0,343,344,C
7-M,227,1,0,347,0,348,G
7-M,228,0,345,0,0,345,T
7-M,229,345,0,1,0,346,A
7-M,230,0,0,347,0,347,G
7-M,231,347,0,0,0,347,A
7-M,232,0,0,0,348,348,C
7-M,233,0,0,351,0,351,G
7-M,234,0,0,0,348,348,C
7-M,235,0,341,0,0,341,T
7-M,236,0,340,0,0,340,T
7-M,237,0,338,0,0,338,T
7-M,238,0,0,345,0,345,G
7-M,239,0,345,0,0,345,T
7-M,240,1,0,0,345,346,C
7-M,241,4,1,0,343,348,C
7-M,242,344,0,0,0,344,A
7-M,243,344,0,0,0,344,A
7-M,244,346,0,0,0,346,A
7-M,245,344,0,0,0,344,A
7-M,246,0,345,0,0,345,T
7-M,247,0,0,337,0,337,G
7-M,248,0,0,0,335,335,C
7-M,249,0,0,0,337,337,C
7-M,250,1,0,0,344,345,C
7-M,251,0,343,0,1,344,T
7-M,252,0,0,0,356,356,C
7-M,253,355,0,0,0,355,A
7-M,254,356,0,0,1,357,A
7-M,255,0,358,0,0,358,T
7-M,256,0,0,363,0,363,G
7-M,257,0,0,364,0,364,G
7-M,258,0,3,361,0,364,G
7-M,259,358,0,0,0,358,A
7-M,260,359,0,0,0,359,A
7-M,261,0,346,0,0,346,T
7-M,262,0,1,346,0,347,G
7-M,263,0,1,346,0,347,G
7-M,264,340,0,1,0,341,A
7-M,265,0,1,340,0,341,G
7-M,266,336,0,1,0,337,A
7-M,267,0,0,0,332,332,C
7-M,268,0,1,0,339,340,C
7-M,269,2,0,0,341,343,C
7-M,270,345,0,1,0,346,A
7-M,271,346,0,0,0,346,A
7-M,272,345,0,0,0,345,A
7-M,273,0,345,0,0,345,T
7-M,274,347,0,0,0,347,A
7-M,275,352,0,0,0,352,A
7-M,276,0,0,0,345,345,C
7-M,277,342,0,1,0,343,A
7-M,278,0,344,0,1,345,T
7-M,279,0,3,348,0,351,G
7-M,280,0,1,348,0,349,G
7-M,281,350,0,1,0,351,A
7-M,282,0,0,0,349,349,C
7-M,283,343,1,0,0,344,A
7-M,284,349,0,0,0,349,A
7-M,285,348,0,0,0,348,A
7-M,286,0,0,357,0,357,G
7-M,287,0,0,0,367,367,C
7-M,288,361,0,1,0,362,A
7-M,289,0,0,386,0,386,G
7-M,290,0,386,0,0,386,T
7-M,291,0,385,0,0,385,T
7-M,292,389,0,0,0,389,A
7-M,293,388,0,0,0,388,A
7-M,294,230,0,153,0,383,A
7-M,295,0,0,0,393,393,C
7-M,296,0,386,0,0,386,T
7-M,297,1,0,418,0,419,G
7-M,298,0,409,0,0,409,T
7-M,299,407,0,0,0,407,A
7-M,300,0,408,0,0,408,T
7-M,301,403,0,0,0,403,A
7-M,302,0,0,403,0,403,G
7-M,303,0,2,403,0,405,G
7-M,304,402,0,0,0,402,A
7-M,305,403,0,0,0,403,A
7-M,306,386,0,0,0,386,A
7-M,307,0,0,0,383,383,C
7-M,308,0,384,0,0,384,T
7-M,309,0,386,0,0,386,T
7-M,310,388,0,0,0,388,A
7-M,311,387,0,1,0,388,A
7-M,312,0,0,389,0,389,G
7-M,313,384,0,0,0,384,A
7-M,314,0,1,381,0,382,G
7-M,315,364,0,1,0,365,A
7-M,316,0,0,377,0,377,G
7-M,317,383,0,0,0,383,A
7-M,318,0,1,384,0,385,G
7-M,319,387,0,1,0,388,A
7-M,320,0,387,0,0,387,T
7-M,321,384,0,1,0,385,A
7-M,322,387,0,1,0,388,A
7-M,323,0,0,0,390,390,C
7-M,324,0,0,393,0,393,G
7-M,325,0,385,0,0,385,T
7-M,326,1,383,0,1,385,T
7-M,327,3,0,0,388,391,C
7-M,328,0,0,0,387,387,C
7-M,329,390,0,0,0,390,A
7-M,330,0,389,0,0,389,T
7-M,331,0,1,387,0,388,G
7-M,332,1,1,385,0,387,G
7-M,333,0,1,387,0,388,G
7-M,334,0,0,385,0,385,G
7-M,335,0,0,0,385,385,C
7-M,336,0,0,0,384,384,C
7-M,337,386,0,0,0,386,A
7-M,338,391,0,0,0,391,A
7-M,339,390,0,0,0,390,A
7-M,340,0,2,394,0,396,G
7-M,341,396,0,0,0,396,A
7-M,342,395,0,0,0,395,A
7-M,343,397,0,0,0,397,A
7-M,344,0,396,0,1,397,T
7-M,345,394,0,2,0,396,A
7-M,346,0,1,393,0,394,G
7-M,347,0,0,0,394,394,C
7-M,348,0,388,0,0,388,T
7-M,349,1,0,0,386,387,C
7-M,350,0,383,0,2,385,T
7-M,351,2,0,0,396,398,C
7-M,352,399,0,0,0,399,A
7-M,353,0,0,398,0,398,G
7-M,354,0,389,0,4,393,T
7-M,355,0,397,0,0,397,T
7-M,356,399,0,0,0,399,A
7-M,357,0,400,0,0,400,T
7-M,358,0,399,0,0,399,T
7-M,359,0,0,0,402,402,C
7-M,360,0,389,0,1,390,T
7-M,361,0,0,391,0,391,G
7-M,362,0,0,0,393,393,C
7-M,363,0,392,0,1,393,T
7-M,364,1,0,392,0,393,G
7-M,365,0,1,388,1,390,G
7-M,366,1,388,0,0,389,T
7-M,367,0,0,388,0,388,G
7-M,368,0,0,0,387,387,C
7-M,369,390,0,0,0,390,A
7-M,370,0,0,0,390,390,C
7-M,371,1,385,0,0,386,T
7-M,372,0,392,0,0,392,T
7-M,373,1,0,387,0,388,G
7-M,374,0,1,0,391,392,C
7-M,375,0,1,0,390,391,C
7-M,376,394,0,0,0,394,A
7-M,377,0,0,404,0,404,G
7-M,378,0,403,0,0,403,T
7-M,379,0,398,0,0,398,T
7-M,380,0,0,398,0,398,G
7-M,381,0,389,0,1,390,T
7-M,382,398,0,1,0,399,A
7-M,383,0,399,0,0,399,T
7-M,384,0,0,400,0,400,G
7-M,385,0,1,403,0,404,G
7-M,386,0,0,402,0,402,G
7-M,387,0,0,0,405,405,C
7-M,388,0,1,0,414,415,C
7-M,389,0,408,0,0,408,T
7-M,390,0,1,0,416,417,C
7-M,391,432,0,0,0,432,A
7-M,392,0,434,0,0,434,T
7-M,393,445,0,0,0,445,A
7-M,394,0,442,0,0,442,T
7-M,395,440,0,0,0,440,A
7-M,396,0,1,0,466,467,C
7-M,397,446,0,0,0,446,A
7-M,398,449,0,0,0,449,A
7-M,399,0,443,0,0,443,T
7-M,400,431,0,0,0,431,A
7-M,401,0,0,439,0,439,G
7-M,402,0,2,435,0,437,G
7-M,403,438,0,0,0,438,A
7-M,404,0,438,0,0,438,T
7-M,405,0,0,414,1,415,G
7-M,406,0,0,413,0,413,G
7-M,407,1,0,411,0,412,G
7-M,408,1,1,416,0,418,G
7-M,409,0,0,422,0,422,G
7-M,410,0,0,0,421,421,C
7-M,411,0,419,0,0,419,T
7-M,412,0,0,425,0,425,G
7-M,413,0,423,0,1,424,T
7-M,414,426,0,0,0,426,A
7-M,415,426,0,0,0,426,A
7-M,416,0,0,0,427,427,C
7-M,417,1,0,0,419,420,C
7-M,418,418,0,0,0,418,A
7-M,419,0,0,0,417,417,C
7-M,420,1,414,0,1,416,T
7-M,421,0,0,420,0,420,G
7-M,422,419,0,0,0,419,A
7-M,423,421,0,0,0,421,A
7-M,424,0,1,420,0,421,G
7-M,425,0,416,0,2,418,T
7-M,426,0,1,418,0,419,G
7-M,427,0,1,419,0,420,G
7-M,428,0,0,0,420,420,C
7-M,429,422,0,0,0,422,A
7-M,430,0,422,0,1,423,T
7-M,431,0,421,0,1,422,T
7-M,432,0,422,0,0,422,T
7-M,433,0,3,427,0,430,G
7-M,434,0,0,430,0,430,G
7-M,435,1,1,0,430,432,C
7-M,436,0,0,0,430,430,C
7-M,437,0,423,0,1,424,T
7-M,438,0,0,438,0,438,G
7-M,439,0,1,437,0,438,G
7-M,440,0,439,0,0,439,T
7-M,441,441,0,0,0,441,A
7-M,442,0,426,0,0,426,T
7-M,443,0,0,436,0,436,G
7-M,444,0,434,0,0,434,T
7-M,445,0,0,433,1,434,G
7-M,446,0,0,0,438,438,C
7-M,447,421,0,1,0,422,A
7-M,448,422,0,0,1,423,A
7-M,449,0,0,0,429,429,C
7-M,450,432,0,0,0,432,A
7-M,451,0,433,0,0,433,T
7-M,452,0,0,427,0,427,G
7-M,453,0,417,0,0,417,T
7-M,454,0,5,414,0,419,G
7-M,455,416,0,0,0,416,A
7-M,456,1,0,418,0,419,G
7-M,457,1,0,0,418,419,C
7-M,458,412,0,1,0,413,A
7-M,459,0,1,418,0,419,G
7-M,460,415,0,0,0,415,A
7-M,461,0,414,0,2,416,T
7-M,462,0,416,0,1,417,T
7-M,463,1,0,413,0,414,G
7-M,464,0,0,0,417,417,C
7-M,465,0,416,0,2,418,T
7-M,466,0,1,415,0,416,G
7-M,467,413,1,0,0,414,A
7-M,468,0,0,0,427,427,C
7-M,469,0,424,0,0,424,T
7-M,470,1,0,0,425,426,C
7-M,471,3,0,0,422,425,C
7-M,472,0,0,0,424,424,C
7-M,473,427,0,0,0,427,A
7-M,474,0,0,430,0,430,G
7-M,475,0,0,0,426,426,C
7-M,476,431,0,0,0,431,A
7-M,477,0,0,0,430,430,C
7-M,478,399,0,0,0,399,A
7-M,479,0,0,402,0,402,G
7-M,480,0,1,402,0,403,G
7-M,481,0,401,0,0,401,T
7-M,482,1,0,0,409,410,C
7-M,483,0,402,0,1,403,T
7-M,484,2,0,0,404,406,C
7-M,485,402,0,0,0,402,A
7-M,486,0,404,0,0,404,T
7-M,487,400,0,0,0,400,A
7-M,488,0,1,393,0,394,G
7-M,489,0,1,391,1,393,G
7-M,490,0,0,0,393,393,C
7-M,491,373,0,0,0,373,A
7-M,492,0,0,369,0,369,G
7-M,493,372,0,0,0,372,A
7-M,494,0,373,0,0,373,T
7-M,495,1,2,370,0,373,G
7-M,496,0,0,371,0,371,G
7-M,497,0,368,0,0,368,T
7-M,498,1,3,374,0,378,G
7-M,499,0,0,377,0,377,G
7-M,500,0,0,0,381,381,C
7-M,501,378,1,0,0,379,A
7-M,502,377,1,0,0,378,A
7-M,503,1,0,0,379,380,C
7-M,504,384,0,0,0,384,A
7-M,505,383,0,1,0,384,A
7-M,506,0,0,0,386,386,C
7-M,507,0,0,0,380,380,C
7-M,508,376,0,0,0,376,A
7-M,509,378,0,0,0,378,A
7-M,510,0,377,0,1,378,T
7-M,511,0,0,0,376,376,C
7-M,512,2,0,0,372,374,C
7-M,513,366,1,5,0,372,A
7-M,514,0,374,0,0,374,T
7-M,515,0,374,0,0,374,T
7-M,516,375,0,0,0,375,A
7-M,517,374,0,0,0,374,A
7-M,518,0,374,0,0,374,T
7-M,519,367,0,2,0,369,A
7-M,520,368,0,0,0,368,A
7-M,521,365,0,1,0,366,A
7-M,522,366,1,0,0,367,A
7-M,523,0,0,0,377,377,C
7-M,524,377,0,0,0,377,A
7-M,525,0,373,0,0,373,T
7-M,526,0,0,373,0,373,G
7-M,527,370,0,1,0,371,A
7-M,528,0,2,374,0,376,G
7-M,529,373,1,0,0,374,A
7-M,530,379,0,0,0,379,A
7-M,531,0,0,0,380,380,C
7-M,532,365,0,0,1,366,A
7-M,533,0,0,373,0,373,G
7-M,534,373,1,0,0,374,A
7-M,535,374,0,0,0,374,A
7-M,536,0,370,0,0,370,T
7-M,537,0,1,367,0,368,G
7-M,538,0,0,371,0,371,G
7-M,539,0,371,0,1,372,T
7-M,540,0,360,0,1,361,T
7-M,541,0,372,0,1,373,T
7-M,542,0,373,0,0,373,T
7-M,543,0,1,374,0,375,G
7-M,544,0,0,377,0,377,G
7-M,545,1,0,0,377,378,C
7-M,546,0,0,0,375,375,C
7-M,547,372,0,0,0,372,A
7-M,548,1,0,384,0,385,G
7-M,549,0,2,0,381,383,C
7-M,550,386,0,0,0,386,A
7-M,551,0,0,0,388,388,C
7-M,552,0,385,0,0,385,T
7-M,553,388,0,1,0,389,A
7-M,554,0,0,1,391,392,C
7-M,555,399,0,0,0,399,A
7-M,556,0,0,406,0,406,G
7-M,557,0,0,0,391,391,C
7-M,558,0,388,0,0,388,T
7-M,559,388,0,0,0,388,A
7-M,560,386,0,1,0,387,A
7-M,561,0,1,390,0,391,G
7-M,562,0,0,395,0,395,G
7-M,563,1,0,0,394,395,C
7-M,564,0,375,0,0,375,T
7-M,565,378,0,0,0,378,A
7-M,566,1,377,0,0,378,T
7-M,567,0,0,378,0,378,G
7-M,568,0,1,377,0,378,G
7-M,569,369,0,0,0,369,A
7-M,570,0,0,371,1,372,G
7-M,571,0,0,0,367,367,C
7-M,572,364,0,0,0,364,A
7-M,573,363,0,1,0,364,A
7-M,574,362,0,0,0,362,A
7-M,575,1,364,0,1,366,T
7-M,576,0,1,366,0,367,G
7-M,577,0,0,366,0,366,G
7-M,578,0,1,0,361,362,C
7-M,579,0,358,0,0,358,T
7-M,580,0,0,362,0,362,G
7-M,581,0,0,368,0,368,G
7-M,582,369,0,0,0,369,A
7-M,583,1,362,0,2,365,T
7-M,584,1,0,0,361,362,C
7-M,585,363,0,0,0,363,A
7-M,586,368,0,0,0,368,A
7-M,587,0,0,370,0,370,G
7-M,588,0,369,0,0,369,T
7-M,589,0,3,365,1,369,G
7-M,590,366,0,0,0,366,A
7-M,591,360,0,0,0,360,A
7-M,592,0,0,0,361,361,C
7-M,593,362,0,1,0,363,A
7-M,594,0,1,366,0,367,G
7-M,595,0,0,363,0,363,G
7-M,596,1,0,0,358,359,C
7-M,597,358,0,0,0,358,A
7-M,598,0,0,358,1,359,G
7-M,599,0,2,0,357,359,C
7-M,600,0,0,357,0,357,G
7-M,601,0,1,358,0,359,G
7-M,602,356,0,0,0,356,A
7-M,603,0,1,359,0,360,G
7-M,604,0,0,362,0,362,G
7-M,605,0,0,0,367,367,C
7-M,606,1,0,0,368,369,C
7-M,607,365,0,0,0,365,A
7-M,608,0,364,0,0,364,T
7-M,609,0,0,365,0,365,G
7-M,610,0,0,365,0,365,G
7-M,611,363,0,0,0,363,A
7-M,612,0,0,362,0,362,G
7-M,613,358,0,1,0,359,A
7-M,614,0,365,0,0,365,T
7-M,615,0,364,0,1,365,T
7-M,616,0,0,366,0,366,G
7-M,617,2,0,0,363,365,C
7-M,618,0,362,0,1,363,T
7-M,619,365,0,0,0,365,A
7-M,620,0,0,363,1,364,G
7-M,621,0,362,0,0,362,T
7-M,622,0,0,0,361,361,C
7-M,623,357,0,1,0,358,A
7-M,624,0,0,364,0,364,G
7-M,625,1,0,361,0,362,G
7-M,626,1,0,0,358,359,C
7-M,627,0,1,0,357,358,C
7-M,628,359,1,0,0,360,A
7-M,629,0,0,368,0,368,G
7-M,630,0,0,368,0,368,G
7-M,631,0,0,0,366,366,C
7-M,632,370,0,0,0,370,A
7-M,633,0,0,370,0,370,G
7-M,634,364,0,0,0,364,A
7-M,635,0,363,0,1,364,T
7-M,636,1,0,364,1,366,G
7-M,637,0,0,372,0,372,G
7-M,638,1,368,0,0,369,T
7-M,639,0,0,366,0,366,G
7-M,640,0,0,0,365,365,C
7-M,641,366,0,0,0,366,A
7-M,642,0,0,370,0,370,G
7-M,643,0,0,370,0,370,G
7-M,644,0,0,0,375,375,C
7-M,645,373,0,0,0,373,A
7-M,646,372,0,1,0,373,A
7-M,647,0,375,0,0,375,T
7-M,648,0,1,377,0,378,G
7-M,649,372,0,0,0,372,A
7-M,650,0,0,375,0,375,G
7-M,651,363,0,1,0,364,A
7-M,652,0,0,364,0,364,G
7-M,653,1,0,0,369,370,C
7-M,654,1,1,0,375,377,C
7-M,655,375,0,1,0,376,A
7-M,656,1,377,0,0,378,T
7-M,657,0,377,0,1,378,T
7-M,658,0,0,378,0,378,G
7-M,659,0,0,374,0,374,G
7-M,660,0,3,375,0,378,G
7-M,661,379,0,0,0,379,A
7-M,662,0,0,0,386,386,C
7-M,663,0,370,0,0,370,T
7-M,664,3,0,0,375,378,C
7-M,665,379,0,0,0,379,A
7-M,666,0,397,0,0,397,T
7-M,667,0,1,0,394,395,C
7-M,668,0,1,0,393,394,C
7-M,669,0,393,0,0,393,T
7-M,670,389,1,1,0,391,A
7-M,671,0,0,389,0,389,G
7-M,672,0,404,0,0,404,T
7-M,673,0,399,0,0,399,T
7-M,674,1,0,0,396,397,C
7-M,675,1,0,0,386,387,C
7-M,676,387,0,0,0,387,A
7-M,677,0,0,394,0,394,G
7-M,678,0,394,0,0,394,T
7-M,679,394,0,1,0,395,A
7-M,680,0,0,0,395,395,C
7-M,681,0,379,0,0,379,T
7-M,682,1,1,389,0,391,G
7-M,683,0,0,392,0,392,G
7-M,684,0,390,0,1,391,T
7-M,685,0,377,0,0,377,T
7-M,686,0,386,0,0,386,T
7-M,687,385,0,0,0,385,A
7-M,688,384,0,1,0,385,A
7-M,689,0,0,386,0,386,G
7-M,690,382,0,1,0,383,A
7-M,691,0,1,379,0,380,G
7-M,692,370,0,2,0,372,A
7-M,693,0,361,0,10,371,T
7-M,694,1,3,366,0,370,G
7-M,695,370,0,0,0,370,A
7-M,696,0,367,0,0,367,T
7-M,697,1,0,0,368,369,C
7-M,698,1,354,0,0,355,T
7-M,699,0,356,0,0,356,T
7-M,700,0,0,0,357,357,C
7-M,701,0,356,0,0,356,T
7-M,702,0,356,0,0,356,T
7-M,703,0,2,352,0,354,G
7-M,704,355,0,0,0,355,A
7-M,705,354,0,0,0,354,A
7-M,706,355,0,0,0,355,A
7-M,707,357,0,0,0,357,A
7-M,708,0,361,0,0,361,T
7-M,709,0,365,0,0,365,T
7-M,710,0,364,0,0,364,T
7-M,711,0,0,364,0,364,G
7-M,712,0,0,0,365,365,C
7-M,713,364,0,1,0,365,A
7-M,714,0,0,363,0,363,G
7-M,715,365,0,0,0,365,A
7-M,716,0,0,0,368,368,C
7-M,717,1,0,0,363,364,C
7-M,718,0,361,0,1,362,T
7-M,719,366,0,2,0,368,A
7-M,720,0,367,0,0,367,T
7-M,721,0,0,0,368,368,C
7-M,722,368,0,0,0,368,A
7-M,723,0,1,366,0,367,G
7-M,724,365,0,0,0,365,A
7-M,725,360,0,0,0,360,A
7-M,726,361,0,1,0,362,A
7-M,727,0,0,0,364,364,C
7-M,728,1,1,359,0,361,G
7-M,729,362,0,1,0,363,A
7-M,730,360,0,0,0,360,A
7-M,731,0,364,0,0,364,T
7-M,732,0,0,363,0,363,G
7-M,733,0,0,362,0,362,G
7-M,734,0,1,360,0,361,G
7-M,735,1,0,360,0,361,G
7-M,736,0,0,367,0,367,G
7-M,737,0,353,0,0,353,T
7-M,738,0,0,354,0,354,G
7-M,739,0,2,0,352,354,C
7-M,740,354,0,0,0,354,A
7-M,741,0,0,355,0,355,G
7-M,742,355,0,0,0,355,A
7-M,743,0,352,0,1,353,T
7-M,744,0,1,349,0,350,G
7-M,745,0,0,0,343,343,C
7-M,746,342,0,1,0,343,A
7-M,747,342,0,0,0,342,A
7-M,748,1,0,0,343,344,C
7-M,749,0,0,342,0,342,G
7-M,750,337,1,0,0,338,A
7-M,751,0,336,1,0,337,T
7-M,752,0,340,0,0,340,T
7-M,753,2,0,1,341,344,C
7-M,754,311,0,1,0,312,A
7-M,755,310,0,0,0,310,A
7-M,756,0,0,310,0,310,G
7-M,757,0,305,0,0,305,T
7-M,758,0,0,300,0,300,G
7-M,759,296,0,0,0,296,A
7-M,760,0,1,0,296,297,C
7-M,761,1,0,0,296,297,C
7-M,762,1,0,0,295,296,C
7-M,763,1,1,294,0,296,G
7-M,764,0,0,0,299,299,C
7-M,765,0,297,0,0,297,T
7-M,766,0,298,0,0,298,T
7-M,767,0,0,302,0,302,G
7-M,768,0,302,0,0,302,T
7-M,769,0,301,0,0,301,T
7-M,770,1,0,298,0,299,G
7-M,771,0,297,0,0,297,T
7-M,772,0,295,0,0,295,T
7-M,773,0,0,296,0,296,G
7-M,774,1,1,0,292,294,C
7-M,775,0,0,0,294,294,C
7-M,776,2,0,292,0,294,G
7-M,777,0,1,0,292,293,C
7-M,778,0,2,292,0,294,G
7-M,779,294,0,0,0,294,A
7-M,780,293,0,1,0,294,A
7-M,781,0,295,0,0,295,T
7-M,782,295,0,0,0,295,A
7-M,783,0,299,0,0,299,T
7-M,784,3,0,0,299,302,C
7-M,785,303,0,0,0,303,A
7-M,786,0,304,0,0,304,T
7-M,787,0,303,0,1,304,T
7-M,788,0,1,303,0,304,G
7-M,789,0,0,301,0,301,G
7-M,790,0,2,296,0,298,G
7-M,791,301,0,1,0,302,A
7-M,792,0,301,0,0,301,T
7-M,793,0,0,0,295,295,C
7-M,794,0,295,1,1,297,T
7-M,795,0,297,0,0,297,T
7-M,796,0,1,299,0,300,G
7-M,797,0,0,0,300,300,C
7-M,798,302,0,0,0,302,A
7-M,799,0,0,0,302,302,C
7-M,800,0,299,0,0,299,T
7-M,801,0,302,0,0,302,T
7-M,802,0,2,300,0,302,G
7-M,803,304,0,0,0,304,A
7-M,804,0,305,0,0,305,T
7-M,805,297,0,0,0,297,A
7-M,806,0,294,0,0,294,T
7-M,807,0,293,0,0,293,T
7-M,808,0,0,296,0,296,G
7-M,809,0,294,0,1,295,T
7-M,810,0,2,290,1,293,G
7-M,811,0,1,290,0,291,G
7-M,812,283,0,0,0,283,A
7-M,813,0,282,0,0,282,T
7-M,814,0,283,0,0,283,T
7-M,815,0,0,0,281,281,C
7-M,816,0,282,0,0,282,T
7-M,817,0,281,0,0,281,T
7-M,818,0,1,281,0,282,G
7-M,819,280,0,0,0,280,A
7-M,820,0,279,0,0,279,T
7-M,821,0,0,0,273,273,C
7-M,822,0,0,272,0,272,G
7-M,823,0,271,0,0,271,T
7-M,824,1,0,0,269,270,C
7-M,825,0,270,0,0,270,T
7-M,826,0,272,0,0,272,T
7-M,827,0,272,0,0,272,T
7-M,828,0,273,0,0,273,T
7-M,829,0,272,0,1,273,T
7-M,830,0,272,0,0,272,T
7-M,831,0,273,0,0,273,T
7-M,832,3,0,0,270,273,C
7-M,833,275,0,0,0,275,A
7-M,834,275,0,0,0,275,A
7-M,835,275,0,0,0,275,A
7-M,836,0,275,0,0,275,T
7-M,837,0,0,274,0,274,G
7-M,838,0,0,0,273,273,C
7-M,839,0,0,272,0,272,G
7-M,840,0,275,0,1,276,T
7-M,841,1,0,0,275,276,C
7-M,842,0,277,0,0,277,T
7-M,843,278,0,0,0,278,A
7-M,844,0,278,0,0,278,T
7-M,845,0,0,0,274,274,C
7-M,846,0,0,273,0,273,G
7-M,847,270,0,0,0,270,A
7-M,848,0,0,0,271,271,C
7-M,849,0,261,0,1,262,T
7-M,850,0,0,0,269,269,C
7-M,851,0,261,0,0,261,T
7-M,852,0,262,0,1,263,T
7-M,853,0,0,0,262,262,C
7-M,854,261,0,0,0,261,A
7-M,855,260,0,0,0,260,A
7-M,856,259,0,1,0,260,A
7-M,857,0,0,0,259,259,C
7-M,858,257,0,0,0,257,A
7-M,859,1,0,0,248,249,C
7-M,860,0,2,240,0,242,G
7-M,861,0,0,246,0,246,G
7-M,862,0,0,0,250,250,C
7-M,863,0,0,0,252,252,C
7-M,864,0,251,0,0,251,T
7-M,865,0,251,0,0,251,T
7-M,866,250,0,0,0,250,A
7-M,867,250,0,0,0,250,A
7-M,868,249,0,0,0,249,A
7-M,869,248,1,0,0,249,A
7-M,870,0,0,244,0,244,G
7-M,871,208,0,0,0,208,A
7-M,872,0,0,211,0,211,G
7-M,873,0,0,208,0,208,G
7-M,874,0,0,0,209,209,C
7-M,875,1,0,0,206,207,C
7-M,876,0,1,0,211,212,C
7-M,877,0,209,0,0,209,T
7-M,878,0,208,0,1,209,T
7-M,879,0,0,0,208,208,C
7-M,880,0,210,0,0,210,T
7-M,881,210,0,0,0,210,A
7-M,882,0,0,0,209,209,C
7-M,883,0,0,207,0,207,G
7-M,884,0,0,208,0,208,G
7-M,885,201,0,0,0,201,A
7-M,886,201,0,0,0,201,A
7-M,887,0,0,199,0,199,G
7-M,888,0,0,198,0,198,G
7-M,889,197,0,0,0,197,A
7-M,890,0,1,197,0,198,G
7-M,891,0,197,0,0,197,T
7-M,892,196,0,0,0,196,A
7-M,893,0,0,0,195,195,C
7-M,894,1,0,0,194,195,C
7-M,895,0,192,0,1,193,T
7-M,896,0,1,191,0,192,G
7-M,897,185,0,0,0,185,A
7-M,898,0,0,186,0,186,G
7-M,899,0,175,0,0,175,T
7-M,900,1,0,0,176,177,C
7-M,901,0,173,0,0,173,T
7-M,902,173,0,0,0,173,A
7-M,903,0,173,0,0,173,T
7-M,904,0,0,173,0,173,G
7-M,905,173,0,0,0,173,A
7-M,906,0,1,169,0,170,G
7-M,907,0,0,160,0,160,G
7-M,908,0,0,159,0,159,G
7-M,909,158,0,0,0,158,A
7-M,910,158,0,0,0,158,A
7-M,911,0,0,159,0,159,G
7-M,912,156,0,0,0,156,A
7-M,913,157,0,0,0,157,A
7-M,914,0,158,0,0,158,T
7-M,915,155,0,0,0,155,A
7-M,916,1,154,0,0,155,T
7-M,917,0,2,0,150,152,C
7-M,918,0,0,152,0,152,G
7-M,919,151,0,0,0,151,A
7-M,920,148,0,0,0,148,A
7-M,921,149,0,0,0,149,A
7-M,922,0,0,150,0,150,G
7-M,923,0,0,151,0,151,G
7-M,924,148,1,0,0,149,A
7-M,925,148,0,0,0,148,A
7-M,926,0,0,0,150,150,C
7-M,927,144,0,0,0,144,A
7-M,928,0,0,145,0,145,G
7-M,929,0,0,0,146,146,C
7-M,930,145,0,1,0,146,A
7-M,931,0,0,146,0,146,G
7-M,932,140,0,0,0,140,A
7-M,933,139,0,0,0,139,A
7-M,934,0,139,0,0,139,T
7-M,935,0,0,136,0,136,G
7-M,936,0,0,0,136,136,C
7-M,937,0,129,0,0,129,T
7-M,938,0,0,130,0,130,G
7-M,939,0,128,0,0,128,T
7-M,940,0,2,128,0,130,G
7-M,941,0,0,130,0,130,G
7-M,942,126,0,0,0,126,A
7-M,943,0,126,0,0,126,T
7-M,944,0,0,120,0,120,G
7-M,945,1,0,0,115,116,C
7-M,946,0,102,0,0,102,T
7-M,947,0,0,99,0,99,G
7-M,948,98,0,0,0,98,A
7-M,949,0,0,0,98,98,C
7-M,950,0,1,96,0,97,G
7-M,951,95,0,0,0,95,A
7-M,952,0,0,0,95,95,C
7-M,953,91,0,0,0,91,A
7-M,954,0,0,91,0,91,G
7-M,955,0,90,0,0,90,T
7-M,956,1,0,1,88,90,C
7-M,957,90,0,0,0,90,A
7-M,958,0,90,0,0,90,T
7-M,959,0,89,0,0,89,T
7-M,960,0,89,0,0,89,T
7-M,961,0,87,0,0,87,T
7-M,962,0,0,87,0,87,G
7-M,963,0,79,0,1,80,T
7-M,964,3,0,0,77,80,C
7-M,965,76,0,0,0,76,A
7-M,966,0,0,76,0,76,G
7-M,967,0,0,0,76,76,C
7-M,968,76,0,0,0,76,A
7-M,969,0,76,0,0,76,T
7-M,970,74,0,0,0,74,A
7-M,971,0,0,74,0,74,G
7-M,972,73,0,0,0,73,A
7-M,973,0,0,73,0,73,G
7-M,974,0,71,0,0,71,T
7-M,975,0,48,0,0,48,T
7-M,976,1,0,47,0,48,G
7-M,977,0,0,48,0,48,G
7-M,978,48,0,0,0,48,A
7-M,979,0,0,48,0,48,G
7-M,980,0,39,0,0,39,T
7-M,981,35,0,0,0,35,A
7-M,982,34,0,0,0,34,A
8-NS,1,139,0,0,0,139,A
8-NS,2,0,138,0,0,138,T
8-NS,3,0,0,144,0,144,G
8-NS,4,0,0,152,0,152,G
8-NS,5,164,0,0,0,164,A
8-NS,6,0,290,0,0,290,T
8-NS,7,0,291,0,0,291,T
8-NS,8,0,0,0,302,302,C
8-NS,9,0,0,0,302,302,C
8-NS,10,302,0,0,0,302,A
8-NS,11,304,0,1,0,305,A
8-NS,12,0,0,0,305,305,C
8-NS,13,306,0,0,0,306,A
8-NS,14,0,0,0,309,309,C
8-NS,15,0,310,0,0,310,T
8-NS,16,0,0,335,1,336,G
8-NS,17,0,336,0,0,336,T
8-NS,18,0,0,336,0,336,G
8-NS,19,0,337,0,1,338,T
8-NS,20,3,0,0,335,338,C
8-NS,21,337,0,0,0,337,A
8-NS,22,339,0,0,0,339,A
8-NS,23,1,0,341,0,342,G
8-NS,24,0,352,0,0,352,T
8-NS,25,0,349,1,0,350,T
8-NS,26,1,357,0,0,358,T
8-NS,27,4,0,0,353,357,C
8-NS,28,0,0,0,358,358,C
8-NS,29,360,0,0,0,360,A
8-NS,30,0,0,360,0,360,G
8-NS,31,0,0,361,0,361,G
8-NS,32,0,360,0,0,360,T
8-NS,33,360,0,0,0,360,A
8-NS,34,0,0,367,0,367,G
8-NS,35,366,0,1,0,367,A
8-NS,36,0,372,0,1,373,T
8-NS,37,0,372,0,1,373,T
8-NS,38,0,0,374,0,374,G
8-NS,39,0,1,0,377,378,C
8-NS,40,0,378,0,0,378,T
8-NS,41,0,381,0,1,382,T
8-NS,42,0,381,0,0,381,T
8-NS,43,0,0,0,389,389,C
8-NS,44,0,385,0,1,386,T
8-NS,45,0,387,0,0,387,T
8-NS,46,0,390,0,0,390,T
8-NS,47,0,1,387,0,388,G
8-NS,48,0,0,390,0,390,G
8-NS,49,0,0,0,391,391,C
8-NS,50,392,0,0,0,392,A
8-NS,51,0,391,0,1,392,T
8-NS,52,395,0,0,0,395,A
8-NS,53,0,425,0,0,425,T
8-NS,54,1,0,0,425,426,C
8-NS,55,1,1,0,423,425,C
8-NS,56,1,0,418,0,419,G
8-NS,57,0,420,0,0,420,T
8-NS,58,427,0,0,0,427,A
8-NS,59,427,0,1,0,428,A
8-NS,60,429,0,0,0,429,A
8-NS,61,0,0,0,429,429,C
8-NS,62,423,0,0,0,423,A
8-NS,63,426,0,1,0,427,A
8-NS,64,0,1,449,0,450,G
8-NS,65,0,451,0,0,451,T
8-NS,66,0,449,0,1,450,T
8-NS,67,0,0,452,0,452,G
8-NS,68,0,450,0,1,451,T
8-NS,69,442,0,0,0,442,A
8-NS,70,0,2,439,0,441,G
8-NS,71,463,0,0,0,463,A
8-NS,72,0,0,0,475,475,C
8-NS,73,1,1,0,469,471,C
8-NS,74,471,0,0,0,471,A
8-NS,75,469,0,1,0,470,A
8-NS,76,0,1,509,0,510,G
8-NS,77,510,0,0,0,510,A
8-NS,78,515,0,0,0,515,A
8-NS,79,0,0,0,513,513,C
8-NS,80,0,502,0,0,502,T
8-NS,81,0,4,507,0,511,G
8-NS,82,511,0,0,0,511,A
8-NS,83,0,0,522,0,522,G
8-NS,84,0,521,0,0,521,T
8-NS,85,0,2,512,0,514,G
8-NS,86,521,0,0,0,521,A
8-NS,87,0,520,0,0,520,T
8-NS,88,0,0,533,0,533,G
8-NS,89,0,0,0,546,546,C
8-NS,90,2,0,0,542,544,C
8-NS,91,2,0,0,548,550,C
8-NS,92,2,0,0,544,546,C
8-NS,93,546,0,0,0,546,A
8-NS,94,0,556,0,0,556,T
8-NS,95,0,560,0,1,561,T
8-NS,96,1,0,0,569,570,C
8-NS,97,0,0,0,571,571,C
8-NS,98,0,566,0,2,568,T
8-NS,99,0,568,0,0,568,T
8-NS,100,0,8,558,0,566,G
8-NS,101,567,0,0,0,567,A
8-NS,102,1,567,0,0,568,T
8-NS,103,1,0,0,567,568,C
8-NS,104,0,2,567,0,569,G
8-NS,105,0,0,571,0,571,G
8-NS,106,0,0,0,572,572,C
8-NS,107,0,569,0,0,569,T
8-NS,108,0,572,0,0,572,T
8-NS,109,1,0,0,570,571,C
8-NS,110,0,0,571,0,571,G
8-NS,111,0,1,0,573,574,C
8-NS,112,0,0,0,573,573,C
8-NS,113,0,3,572,0,575,G
8-NS,114,569,0,0,0,569,A
8-NS,115,0,4,590,0,594,G
8-NS,116,593,1,0,0,594,A
8-NS,117,1,596,0,0,597,T
8-NS,118,1,1,0,595,597,C
8-NS,119,593,0,0,2,595,A
8-NS,120,0,1,597,0,598,G
8-NS,121,593,1,0,1,595,A
8-NS,122,1,1,595,0,597,G
8-NS,123,0,2,602,0,604,G
8-NS,124,0,606,0,1,607,T
8-NS,125,0,0,0,658,658,C
8-NS,126,1,0,0,657,658,C
8-NS,127,1,0,0,662,663,C
8-NS,128,0,661,0,2,663,T
8-NS,129,667,0,0,0,667,A
8-NS,130,663,0,1,0,664,A
8-NS,131,0,1,670,0,671,G
8-NS,132,0,1,674,1,676,G
8-NS,133,0,2,672,0,674,G
8-NS,134,0,0,661,0,661,G
8-NS,135,664,0,0,0,664,A
8-NS,136,663,0,2,0,665,A
8-NS,137,0,1,672,0,673,G
8-NS,138,694,0,0,0,694,A
8-NS,139,0,1,700,0,701,G
8-NS,140,0,0,704,0,704,G
8-NS,141,0,1,0,703,704,C
8-NS,142,699,0,1,0,700,A
8-NS,143,703,0,3,0,706,A
8-NS,144,0,708,0,0,708,T
8-NS,145,712,0,0,0,712,A
8-NS,146,1,0,0,717,718,C
8-NS,147,0,705,0,1,706,T
8-NS,148,0,0,0,708,708,C
8-NS,149,1,702,0,2,705,T
8-NS,150,4,3,0,702,709,C
8-NS,151,0,0,715,0,715,G
8-NS,152,0,0,750,0,750,G
8-NS,153,0,752,0,0,752,T
8-NS,154,7,0,0,745,752,C
8-NS,155,0,745,0,1,746,T
8-NS,156,748,0,0,0,748,A
8-NS,157,0,0,751,1,752,G
8-NS,158,756,0,0,0,756,A
8-NS,159,0,1,0,773,774,C
8-NS,160,768,0,0,0,768,A
8-NS,161,0,752,0,1,753,T
8-NS,162,3,2,0,750,755,C
8-NS,163,755,1,0,0,756,A
8-NS,164,756,0,0,0,756,A
8-NS,165,751,0,1,0,752,A
8-NS,166,1,2,751,0,754,G
8-NS,167,0,0,0,755,755,C
8-NS,168,746,0,0,0,746,A
8-NS,169,1,0,751,0,752,G
8-NS,170,0,0,1,755,756,C
8-NS,171,1,0,0,757,758,C
8-NS,172,755,0,0,0,755,A
8-NS,173,1,0,0,778,779,C
8-NS,174,1,0,0,776,777,C
8-NS,175,3,0,0,775,778,C
8-NS,176,785,1,0,0,786,A
8-NS,177,1,790,0,0,791,T
8-NS,178,0,1,792,0,793,G
8-NS,179,0,787,0,1,788,T
8-NS,180,0,786,0,0,786,T
8-NS,181,1,2,784,0,787,G
8-NS,182,1,1,783,0,785,G
8-NS,183,783,0,1,0,784,A
8-NS,184,782,0,0,0,782,A
8-NS,185,778,0,2,0,780,A
8-NS,186,0,0,784,0,784,G
8-NS,187,0,1,0,782,783,C
8-NS,188,781,1,0,0,782,A
8-NS,189,781,0,0,0,781,A
8-NS,190,776,0,0,0,776,A
8-NS,191,0,784,0,0,784,T
8-NS,192,0,784,0,1,785,T
8-NS,193,0,0,796,0,796,G
8-NS,194,0,796,0,1,797,T
8-NS,195,786,1,3,0,790,A
8-NS,196,0,1,791,0,792,G
8-NS,197,793,0,0,0,793,A
8-NS,198,793,0,0,0,793,A
8-NS,199,793,0,0,0,793,A
8-NS,200,784,0,0,0,784,A
8-NS,201,3,6,779,0,788,G
8-NS,202,759,0,0,0,759,A
8-NS,203,0,759,1,0,760,T
8-NS,204,0,759,0,0,759,T
8-NS,205,7,0,0,754,761,C
8-NS,206,0,763,0,0,763,T
8-NS,207,0,1,763,0,764,G
8-NS,208,761,0,0,0,761,A
8-NS,209,757,1,0,0,758,A
8-NS,210,761,0,0,0,761,A
8-NS,211,0,2,760,0,762,G
8-NS,212,761,1,0,0,762,A
8-NS,213,768,0,0,0,768,A
8-NS,214,0,9,764,0,773,G
8-NS,215,769,0,1,0,770,A
8-NS,216,773,0,0,0,773,A
8-NS,217,1,777,0,0,778,T
8-NS,218,0,0,0,785,785,C
8-NS,219,0,781,0,0,781,T
8-NS,220,1,3,781,0,785,G
8-NS,221,781,0,1,1,783,A
8-NS,222,0,783,0,0,783,T
8-NS,223,1,1,778,0,780,G
8-NS,224,759,1,1,0,761,A
8-NS,225,0,3,760,0,763,G
8-NS,226,0,0,760,0,760,G
8-NS,227,1,0,1,754,756,C
8-NS,228,760,0,1,0,761,A
8-NS,229,0,0,1,784,785,C
8-NS,230,0,779,1,0,780,T
8-NS,231,0,785,1,0,786,T
8-NS,232,790,0,0,0,790,A
8-NS,233,794,0,0,0,794,A
8-NS,234,794,0,0,0,794,A
8-NS,235,791,0,0,0,791,A
8-NS,236,0,797,0,0,797,T
8-NS,237,0,14,783,0,797,G
8-NS,238,758,0,24,0,782,A
8-NS,239,0,0,0,787,787,C
8-NS,240,4,2,1,775,782,C
8-NS,241,782,0,0,0,782,A
8-NS,242,0,781,1,0,782,T
8-NS,243,0,2,795,1,798,G
8-NS,244,0,0,809,0,809,G
8-NS,245,0,803,1,1,805,T
8-NS,246,3,0,0,831,834,C
8-NS,247,0,832,0,0,832,T
8-NS,248,0,1,0,845,846,C
8-NS,249,2,0,0,847,849,C
8-NS,250,847,1,0,0,848,A
8-NS,251,2,1,0,845,848,C
8-NS,252,841,0,0,0,841,A
8-NS,253,0,1,0,896,897,C
8-NS,254,0,0,0,894,894,C
8-NS,255,0,860,0,1,861,T
8-NS,256,4,0,865,0,869,G
8-NS,257,3,0,0,864,867,C
8-NS,258,0,861,0,1,862,T
8-NS,259,0,865,0,2,867,T
8-NS,260,3,9,0,850,862,C
8-NS,261,0,0,861,0,861,G
8-NS,262,3,1,0,861,865,C
8-NS,263,1,4,856,0,861,G
8-NS,264,902,0,0,0,902,A
8-NS,265,0,898,0,1,899,T
8-NS,266,913,0,0,0,913,A
8-NS,267,1,0,0,918,919,C
8-NS,268,914,0,1,0,915,A
8-NS,269,0,937,0,2,939,T
8-NS,270,929,0,1,0,930,A
8-NS,271,936,0,1,1,938,A
8-NS,272,2,0,0,938,940,C
8-NS,273,0,910,0,1,911,T
8-NS,274,0,9,916,0,925,G
8-NS,275,910,0,0,0,910,A
8-NS,276,2,0,0,917,919,C
8-NS,277,917,0,0,0,917,A
8-NS,278,0,912,0,0,912,T
8-NS,279,0,5,910,0,915,G
8-NS,280,917,0,0,0,917,A
8-NS,281,1,0,0,938,939,C
8-NS,282,0,927,0,0,927,T
8-NS,283,926,0,0,0,926,A
8-NS,284,0,928,0,0,928,T
8-NS,285,0,923,0,0,923,T
8-NS,286,0,5,921,0,926,G
8-NS,287,919,0,0,0,919,A
8-NS,288,0,2,914,0,916,G
8-NS,289,0,8,913,0,921,G
8-NS,290,897,0,0,0,897,A
8-NS,291,899,0,1,0,900,A
8-NS,292,0,894,0,1,895,T
8-NS,293,1,893,0,0,894,T
8-NS,294,2,0,912,0,914,G
8-NS,295,1,912,0,0,913,T
8-NS,296,9,0,0,909,918,C
8-NS,297,916,0,1,0,917,A
8-NS,298,917,0,1,0,918,A
8-NS,299,0,3,915,0,918,G
8-NS,300,915,0,0,0,915,A
8-NS,301,918,0,0,1,919,A
8-NS,302,918,0,1,0,919,A
8-NS,303,0,0,0,918,918,C
8-NS,304,0,904,0,0,904,T
8-NS,305,0,3,924,0,927,G
8-NS,306,0,0,939,0,939,G
8-NS,307,1,936,0,3,940,T
8-NS,308,0,936,0,2,938,T
8-NS,309,7,0,0,928,935,C
8-NS,310,937,1,1,0,939,A
8-NS,311,0,950,0,0,950,T
8-NS,312,0,2,956,0,958,G
8-NS,313,0,0,0,959,959,C
8-NS,314,0,954,0,0,954,T
8-NS,315,942,0,4,0,946,A
8-NS,316,971,0,1,0,972,A
8-NS,317,0,979,0,1,980,T
8-NS,318,0,1,979,0,980,G
8-NS,319,2,1,0,971,974,C
8-NS,320,3,0,0,963,966,C
8-NS,321,4,0,0,952,956,C
8-NS,322,946,0,2,0,948,A
8-NS,323,949,0,0,0,949,A
8-NS,324,0,1,953,0,954,G
8-NS,325,0,0,0,956,956,C
8-NS,326,952,0,0,0,952,A
8-NS,327,0,4,965,0,969,G
8-NS,328,965,0,1,0,966,A
8-NS,329,968,0,0,0,968,A
8-NS,330,967,0,1,0,968,A
8-NS,331,957,0,0,0,957,A
8-NS,332,0,969,0,0,969,T
8-NS,333,0,1,973,0,974,G
8-NS,334,0,3,974,0,977,G
8-NS,335,974,0,1,0,975,A
8-NS,336,964,0,1,0,965,A
8-NS,337,0,1,963,0,964,G
8-NS,338,0,7,959,0,966,G
8-NS,339,962,0,0,0,962,A
8-NS,340,0,0,0,967,967,C
8-NS,341,3,0,1,958,962,C
8-NS,342,1,963,0,0,964,T
8-NS,343,0,0,0,979,979,C
8-NS,344,0,973,0,2,975,T
8-NS,345,0,976,0,1,977,T
8-NS,346,0,973,0,0,973,T
8-NS,347,1,1,974,0,976,G
8-NS,348,0,1,0,985,986,C
8-NS,349,979,0,1,0,980,A
8-NS,350,0,979,0,1,980,T
8-NS,351,4,3,0,971,978,C
8-NS,352,978,0,0,0,978,A
8-NS,353,0,2,1001,0,1003,G
8-NS,354,997,0,0,3,1000,A
8-NS,355,999,0,1,0,1000,A
8-NS,356,0,997,0,4,1001,T
8-NS,357,1,2,987,1,991,G
8-NS,358,8,4,989,1,1002,G
8-NS,359,993,1,1,0,995,A
8-NS,360,0,0,0,996,996,C
8-NS,361,4,0,0,958,962,C
8-NS,362,947,0,0,0,947,A
8-NS,363,0,2,951,0,953,G
8-NS,364,1,1,950,0,952,G
8-NS,365,1,0,0,954,955,C
8-NS,366,949,0,0,0,949,A
8-NS,367,955,0,2,0,957,A
8-NS,368,0,955,0,0,955,T
8-NS,369,4,0,0,947,951,C
8-NS,370,952,0,0,0,952,A
8-NS,371,0,942,0,0,942,T
8-NS,372,2,1,935,0,938,G
8-NS,373,0,3,938,0,941,G
8-NS,374,939,2,0,0,941,A
8-NS,375,0,3,945,0,948,G
8-NS,376,942,0,0,0,942,A
8-NS,377,944,0,1,0,945,A
8-NS,378,945,0,2,0,947,A
8-NS,379,944,1,1,0,946,A
8-NS,380,945,0,1,0,946,A
8-NS,381,0,1,0,951,952,C
8-NS,382,952,0,0,0,952,A
8-NS,383,0,952,0,0,952,T
8-NS,384,4,0,0,935,939,C
8-NS,385,942,0,0,0,942,A
8-NS,386,0,945,0,1,946,T
8-NS,387,1,0,948,0,949,G
8-NS,388,0,943,0,1,944,T
8-NS,389,0,933,0,1,934,T
8-NS,390,0,4,930,0,934,G
8-NS,391,932,0,0,0,932,A
8-NS,392,941,0,1,1,943,A
8-NS,393,941,0,1,0,942,A
8-NS,394,0,1,945,0,946,G
8-NS,395,0,0,0,929,929,C
8-NS,396,0,6,920,0,926,G
8-NS,397,926,0,0,0,926,A
8-NS,398,927,0,0,0,927,A
8-NS,399,0,927,0,0,927,T
8-NS,400,0,914,0,14,928,T
8-NS,401,0,922,0,1,923,T
8-NS,402,2,2,1,924,929,C
8-NS,403,899,0,1,0,900,A
8-NS,404,0,1,899,0,900,G
8-NS,405,0,910,0,2,912,T
8-NS,406,0,0,913,0,913,G
8-NS,407,0,907,0,2,909,T
8-NS,408,0,7,914,0,921,G
8-NS,409,926,0,0,0,926,A
8-NS,410,0,927,0,0,927,T
8-NS,411,0,928,0,1,929,T
8-NS,412,0,926,0,1,927,T
8-NS,413,0,924,0,0,924,T
8-NS,414,0,921,0,1,922,T
8-NS,415,0,5,901,0,906,G
8-NS,416,905,0,1,0,906,A
8-NS,417,0,2,0,900,902,C
8-NS,418,4,0,0,887,891,C
8-NS,419,0,2,891,0,893,G
8-NS,420,941,0,1,0,942,A
8-NS,421,0,0,0,958,958,C
8-NS,422,0,959,0,1,960,T
8-NS,423,967,0,0,0,967,A
8-NS,424,0,3,965,0,968,G
8-NS,425,968,0,1,0,969,A
8-NS,426,0,7,976,0,983,G
8-NS,427,980,0,0,0,980,A
8-NS,428,0,0,0,1007,1007,C
8-NS,429,1,2,0,971,974,C
8-NS,430,955,0,0,0,955,A
8-NS,431,0,993,0,0,993,T
8-NS,432,985,0,2,0,987,A
8-NS,433,0,3,1062,0,1065,G
8-NS,434,1,1057,0,0,1058,T
8-NS,435,1055,0,0,0,1055,A
8-NS,436,0,1056,0,0,1056,T
8-NS,437,0,1027,0,0,1027,T
8-NS,438,1055,0,0,0,1055,A
8-NS,439,0,1,0,1051,1052,C
8-NS,440,0,1000,1,0,1001,T
8-NS,441,998,0,0,0,998,A
8-NS,442,916,2,0,1,919,A
8-NS,443,0,1,919,0,920,G
8-NS,444,0,3,911,0,914,G
8-NS,445,0,0,912,0,912,G
8-NS,446,0,0,0,895,895,C
8-NS,447,0,876,0,1,877,T
8-NS,448,0,867,0,2,869,T
8-NS,449,0,880,0,1,881,T
8-NS,450,3,0,0,882,885,C
8-NS,451,896,0,1,0,897,A
8-NS,452,1,1,0,894,896,C
8-NS,453,2,1,0,886,889,C
8-NS,454,0,2,885,0,887,G
8-NS,455,883,1,0,0,884,A
8-NS,456,887,1,0,0,888,A
8-NS,457,0,6,884,0,890,G
8-NS,458,888,0,1,0,889,A
8-NS,459,0,1,887,0,888,G
8-NS,460,0,2,875,0,877,G
8-NS,461,0,6,872,0,878,G
8-NS,462,881,0,0,0,881,A
8-NS,463,0,1,877,0,878,G
8-NS,464,0,1,0,875,876,C
8-NS,465,872,1,1,0,874,A
8-NS,466,873,0,0,0,873,A
8-NS,467,0,874,0,0,874,T
8-NS,468,0,873,0,0,873,T
8-NS,469,0,1,874,0,875,G
8-NS,470,2,864,0,0,866,T
8-NS,471,0,864,1,1,866,T
8-NS,472,1,2,864,0,867,G
8-NS,473,0,1,864,0,865,G
8-NS,474,1,0,0,865,866,C
8-NS,475,0,4,866,0,870,G
8-NS,476,869,0,1,0,870,A
8-NS,477,874,0,0,0,874,A
8-NS,478,875,0,1,0,876,A
8-NS,479,0,880,0,0,880,T
8-NS,480,2,0,0,879,881,C
8-NS,481,0,877,0,0,877,T
8-NS,482,3,0,0,876,879,C
8-NS,483,880,0,1,0,881,A
8-NS,484,0,0,0,882,882,C
8-NS,485,2,0,0,875,877,C
8-NS,486,865,0,0,0,865,A
8-NS,487,0,862,0,2,864,T
8-NS,488,0,826,0,0,826,T
8-NS,489,1,0,829,0,830,G
8-NS,490,1,1,0,820,822,C
8-NS,491,2,0,0,825,827,C
8-NS,492,0,825,0,1,826,T
8-NS,493,0,827,1,0,828,T
8-NS,494,2,1,0,829,832,C
8-NS,495,0,827,0,0,827,T
8-NS,496,0,831,0,0,831,T
8-NS,497,0,836,0,1,837,T
8-NS,498,0,837,0,1,838,T
8-NS,499,2,1,0,834,837,C
8-NS,500,0,1,0,836,837,C
8-NS,501,839,0,0,0,839,A
8-NS,502,0,1,846,0,847,G
8-NS,503,0,4,839,0,843,G
8-NS,504,863,0,0,0,863,A
8-NS,505,0,0,1,864,865,C
8-NS,506,877,0,0,0,877,A
8-NS,507,0,878,0,2,880,T
8-NS,508,879,0,2,0,881,A
8-NS,509,1,0,0,960,961,C
8-NS,510,0,959,0,1,960,T
8-NS,511,953,0,0,0,953,A
8-NS,512,0,950,0,1,951,T
8-NS,513,0,930,0,1,931,T
8-NS,514,0,3,926,0,929,G
8-NS,515,902,0,1,0,903,A
8-NS,516,0,1,898,0,899,G
8-NS,517,0,1,901,0,902,G
8-NS,518,815,1,1,0,817,A
8-NS,519,0,822,0,0,822,T
8-NS,520,0,1,837,0,838,G
8-NS,521,0,834,0,0,834,T
8-NS,522,6,1,0,832,839,C
8-NS,523,843,0,0,0,843,A
8-NS,524,841,0,0,0,841,A
8-NS,525,839,0,0,0,839,A
8-NS,526,836,0,0,0,836,A
8-NS,527,841,0,0,0,841,A
8-NS,528,0,840,0,0,840,T
8-NS,529,0,1,836,0,837,G
8-NS,530,0,0,0,842,842,C
8-NS,531,842,0,0,0,842,A
8-NS,532,845,0,0,1,846,A
8-NS,533,0,848,0,1,849,T
8-NS,534,0,846,0,0,846,T
8-NS,535,0,1,849,0,850,G
8-NS,536,0,2,841,0,843,G
8-NS,537,0,0,842,0,842,G
8-NS,538,0,0,849,0,849,G
8-NS,539,0,821,0,3,824,T
8-NS,540,1,0,0,837,838,C
8-NS,541,4,1,0,833,838,C
8-NS,542,0,834,0,2,836,T
8-NS,543,0,0,0,843,843,C
8-NS,544,830,0,12,0,842,A
8-NS,545,0,849,0,0,849,T
8-NS,546,2,2,0,845,849,C
8-NS,547,0,1,841,0,842,G
8-NS,548,0,3,840,0,843,G
8-NS,549,824,0,1,0,825,A
8-NS,550,0,1,826,0,827,G
8-NS,551,0,5,824,0,829,G
8-NS,552,817,0,0,0,817,A
8-NS,553,0,0,0,830,830,C
8-NS,554,0,827,0,1,828,T
8-NS,555,1,823,0,1,825,T
8-NS,556,0,7,826,0,833,G
8-NS,557,827,0,1,0,828,A
8-NS,558,828,0,1,0,829,A
8-NS,559,1,828,0,0,829,T
8-NS,560,0,2,815,0,817,G
8-NS,561,0,2,826,0,828,G
8-NS,562,810,0,3,0,813,A
8-NS,563,825,0,0,0,825,A
8-NS,564,1,854,0,0,855,T
8-NS,565,0,2,859,0,861,G
8-NS,566,862,0,0,0,862,A
8-NS,567,0,862,0,0,862,T
8-NS,568,857,0,1,0,858,A
8-NS,569,865,0,2,0,867,A
8-NS,570,0,0,0,860,860,C
8-NS,571,848,0,0,0,848,A
8-NS,572,0,0,0,855,855,C
8-NS,573,795,0,0,0,795,A
8-NS,574,0,0,804,0,804,G
8-NS,575,0,794,0,1,795,T
8-NS,576,0,792,0,1,793,T
8-NS,577,1,1,0,791,793,C
8-NS,578,0,1,788,0,789,G
8-NS,579,786,0,1,0,787,A
8-NS,580,0,0,789,0,789,G
8-NS,581,0,781,0,5,786,T
8-NS,582,3,0,0,786,789,C
8-NS,583,1,778,0,1,780,T
8-NS,584,0,0,0,786,786,C
8-NS,585,0,784,0,2,786,T
8-NS,586,785,0,0,0,785,A
8-NS,587,785,0,1,0,786,A
8-NS,588,787,0,0,0,787,A
8-NS,589,791,1,0,0,792,A
8-NS,590,790,0,2,0,792,A
8-NS,591,0,790,0,0,790,T
8-NS,592,1,0,0,795,796,C
8-NS,593,0,790,0,0,790,T
8-NS,594,793,0,0,0,793,A
8-NS,595,0,0,0,790,790,C
8-NS,596,791,0,0,0,791,A
8-NS,597,0,2,791,0,793,G
8-NS,598,775,0,0,0,775,A
8-NS,599,1,3,781,0,785,G
8-NS,600,792,1,0,0,793,A
8-NS,601,0,784,0,1,785,T
8-NS,602,0,786,0,1,787,T
8-NS,603,2,2,0,782,786,C
8-NS,604,0,1,783,1,785,G
8-NS,605,0,1,0,788,789,C
8-NS,606,0,787,0,1,788,T
8-NS,607,0,789,0,0,789,T
8-NS,608,1,1,767,0,769,G
8-NS,609,0,3,770,1,774,G
8-NS,610,771,0,0,0,771,A
8-NS,611,0,4,770,0,774,G
8-NS,612,770,0,4,0,774,A
8-NS,613,768,0,0,0,768,A
8-NS,614,0,0,775,0,775,G
8-NS,615,0,0,0,771,771,C
8-NS,616,767,1,1,0,769,A
8-NS,617,0,0,785,0,785,G
8-NS,618,1,767,0,0,768,T
8-NS,619,773,0,1,0,774,A
8-NS,620,776,0,0,1,777,A
8-NS,621,0,777,0,0,777,T
8-NS,622,0,6,770,0,776,G
8-NS,623,743,0,0,0,743,A
8-NS,624,1,5,750,0,756,G
8-NS,625,752,0,0,0,752,A
8-NS,626,730,0,0,0,730,A
8-NS,627,0,724,0,0,724,T
8-NS,628,0,1,716,0,717,G
8-NS,629,0,0,721,0,721,G
8-NS,630,0,0,715,0,715,G
8-NS,631,0,0,709,0,709,G
8-NS,632,3,0,707,0,710,G
8-NS,633,678,0,0,0,678,A
8-NS,634,0,660,0,0,660,T
8-NS,635,2,0,0,671,673,C
8-NS,636,0,673,0,0,673,T
8-NS,637,0,0,0,672,672,C
8-NS,638,0,1,0,672,673,C
8-NS,639,672,0,0,0,672,A
8-NS,640,0,0,0,670,670,C
8-NS,641,0,663,0,0,663,T
8-NS,642,0,663,0,0,663,T
8-NS,643,657,0,0,0,657,A
8-NS,644,0,0,0,660,660,C
8-NS,645,0,655,0,1,656,T
8-NS,646,0,3,0,652,655,C
8-NS,647,0,0,0,650,650,C
8-NS,648,654,0,0,1,655,A
8-NS,649,660,0,2,0,662,A
8-NS,650,660,0,0,0,660,A
8-NS,651,657,0,0,0,657,A
8-NS,652,0,1,0,658,659,C
8-NS,653,635,0,1,0,636,A
8-NS,654,0,3,641,0,644,G
8-NS,655,641,0,0,0,641,A
8-NS,656,644,0,1,0,645,A
8-NS,657,643,0,1,1,645,A
8-NS,658,0,0,0,643,643,C
8-NS,659,0,0,645,0,645,G
8-NS,660,0,2,643,0,645,G
8-NS,661,0,1,645,0,646,G
8-NS,662,648,0,0,0,648,A
8-NS,663,644,0,0,0,644,A
8-NS,664,645,0,1,0,646,A
8-NS,665,0,646,0,0,646,T
8-NS,666,0,1,642,0,643,G
8-NS,667,0,0,640,0,640,G
8-NS,668,0,1,0,636,637,C
8-NS,669,0,1,636,0,637,G
8-NS,670,630,0,1,0,631,A
8-NS,671,0,4,628,0,632,G
8-NS,672,633,0,0,0,633,A
8-NS,673,634,0,1,0,635,A
8-NS,674,0,0,0,638,638,C
8-NS,675,622,0,0,0,622,A
8-NS,676,0,0,624,0,624,G
8-NS,677,0,0,0,625,625,C
8-NS,678,0,625,0,0,625,T
8-NS,679,621,0,3,0,624,A
8-NS,680,0,1,626,0,627,G
8-NS,681,0,1,626,0,627,G
8-NS,682,0,625,0,0,625,T
8-NS,683,1,0,0,617,618,C
8-NS,684,615,0,1,0,616,A
8-NS,685,612,0,0,0,612,A
8-NS,686,610,0,2,0,612,A
8-NS,687,618,0,0,0,618,A
8-NS,688,0,0,617,0,617,G
8-NS,689,0,601,0,1,602,T
8-NS,690,0,600,0,0,600,T
8-NS,691,0,602,0,0,602,T
8-NS,692,0,1,605,0,606,G
8-NS,693,606,0,0,0,606,A
8-NS,694,605,0,0,0,605,A
8-NS,695,0,2,604,0,606,G
8-NS,696,594,0,1,0,595,A
8-NS,697,0,0,598,0,598,G
8-NS,698,594,0,0,0,594,A
8-NS,699,0,595,0,0,595,T
8-NS,700,595,0,0,1,596,A
8-NS,701,593,0,0,0,593,A
8-NS,702,0,1,591,0,592,G
8-NS,703,555,0,2,0,557,A
8-NS,704,1,558,0,0,559,T
8-NS,705,0,0,558,1,559,G
8-NS,706,0,0,562,0,562,G
8-NS,707,0,0,0,558,558,C
8-NS,708,0,550,1,0,551,T
8-NS,709,551,0,0,0,551,A
8-NS,710,551,0,1,0,552,A
8-NS,711,0,557,0,0,557,T
8-NS,712,0,556,0,0,556,T
8-NS,713,0,1,554,0,555,G
8-NS,714,545,0,0,0,545,A
8-NS,715,545,0,0,0,545,A
8-NS,716,0,0,545,0,545,G
8-NS,717,544,0,1,0,545,A
8-NS,718,540,0,2,0,542,A
8-NS,719,0,0,546,0,546,G
8-NS,720,0,538,0,0,538,T
8-NS,721,0,4,538,0,542,G
8-NS,722,532,1,1,0,534,A
8-NS,723,0,4,530,0,534,G
8-NS,724,536,0,1,0,537,A
8-NS,725,1,0,0,531,532,C
8-NS,726,531,0,1,0,532,A
8-NS,727,0,0,0,530,530,C
8-NS,728,496,0,0,0,496,A
8-NS,729,1,1,504,0,506,G
8-NS,730,506,0,0,0,506,A
8-NS,731,0,506,0,0,506,T
8-NS,732,0,499,0,2,501,T
8-NS,733,500,0,0,0,500,A
8-NS,734,499,0,0,0,499,A
8-NS,735,501,0,0,0,501,A
8-NS,736,500,0,0,0,500,A
8-NS,737,500,0,0,1,501,A
8-NS,738,0,0,0,483,483,C
8-NS,739,468,0,0,0,468,A
8-NS,740,469,0,0,0,469,A
8-NS,741,1,0,0,467,468,C
8-NS,742,0,466,0,0,466,T
8-NS,743,0,0,467,0,467,G
8-NS,744,465,0,1,0,466,A
8-NS,745,466,0,0,0,466,A
8-NS,746,465,0,0,0,465,A
8-NS,747,461,0,0,0,461,A
8-NS,748,1,458,0,0,459,T
8-NS,749,450,0,0,0,450,A
8-NS,750,0,0,453,0,453,G
8-NS,751,0,0,0,452,452,C
8-NS,752,0,447,0,1,448,T
8-NS,753,0,447,0,0,447,T
8-NS,754,0,438,0,0,438,T
8-NS,755,0,4,436,0,440,G
8-NS,756,439,0,0,0,439,A
8-NS,757,438,0,3,0,441,A
8-NS,758,0,1,0,439,440,C
8-NS,759,424,0,0,0,424,A
8-NS,760,428,0,0,0,428,A
8-NS,761,427,1,1,0,429,A
8-NS,762,0,429,0,0,429,T
8-NS,763,428,0,0,0,428,A
8-NS,764,422,0,0,0,422,A
8-NS,765,0,0,0,418,418,C
8-NS,766,416,0,1,0,417,A
8-NS,767,0,409,0,0,409,T
8-NS,768,0,398,0,0,398,T
8-NS,769,1,0,0,392,393,C
8-NS,770,393,0,2,0,395,A
8-NS,771,0,390,0,0,390,T
8-NS,772,0,0,393,0,393,G
8-NS,773,0,0,0,387,387,C
8-NS,774,381,0,0,0,381,A
8-NS,775,378,0,0,0,378,A
8-NS,776,0,1,375,0,376,G
8-NS,777,0,0,0,381,381,C
8-NS,778,371,0,0,0,371,A
8-NS,779,0,367,0,0,367,T
8-NS,780,0,367,0,0,367,T
8-NS,781,367,0,0,0,367,A
8-NS,782,0,2,0,367,369,C
8-NS,783,365,0,0,0,365,A
8-NS,784,361,0,0,0,361,A
8-NS,785,0,0,0,359,359,C
8-NS,786,0,307,0,0,307,T
8-NS,787,2,0,307,0,309,G
8-NS,788,0,0,0,304,304,C
8-NS,789,0,287,0,0,287,T
8-NS,790,0,0,291,0,291,G
8-NS,791,0,286,0,0,286,T
8-NS,792,0,287,0,0,287,T
8-NS,793,0,287,0,0,287,T
8-NS,794,0,1,281,0,282,G
8-NS,795,276,0,6,0,282,A
8-NS,796,274,0,0,0,274,A
8-NS,797,1,0,272,0,273,G
8-NS,798,0,270,0,1,271,T
8-NS,799,0,0,255,0,255,G
8-NS,800,0,0,255,0,255,G
8-NS,801,250,0,0,0,250,A
8-NS,802,250,0,0,0,250,A
8-NS,803,0,0,0,249,249,C
8-NS,804,244,0,0,0,244,A
8-NS,805,0,1,245,0,246,G
8-NS,806,0,1,241,0,242,G
8-NS,807,234,0,0,0,234,A
8-NS,808,0,0,241,0,241,G
8-NS,809,204,0,1,0,205,A
8-NS,810,0,205,0,0,205,T
8-NS,811,203,0,0,0,203,A
8-NS,812,202,0,0,0,202,A
8-NS,813,0,1,200,0,201,G
8-NS,814,179,0,0,0,179,A
8-NS,815,178,0,0,0,178,A
8-NS,816,0,0,0,175,175,C
8-NS,817,0,148,0,0,148,T
8-NS,818,0,147,0,0,147,T
8-NS,819,0,148,0,1,149,T
8-NS,820,2,0,0,147,149,C
8-NS,821,1,134,0,1,136,T
8-NS,822,0,0,0,135,135,C
8-NS,823,133,0,0,0,133,A
8-NS,824,0,131,0,0,131,T
8-NS,825,0,129,0,0,129,T
8-NS,826,2,125,0,0,127,T
8-NS,827,0,0,0,126,126,C
8-NS,828,120,2,0,0,122,A
8-NS,829,0,0,122,0,122,G
8-NS,830,0,0,0,121,121,C
8-NS,831,0,118,0,0,118,T
8-NS,832,0,117,0,0,117,T
8-NS,833,111,0,0,0,111,A
8-NS,834,0,111,0,0,111,T
8-NS,835,0,111,0,0,111,T
8-NS,836,0,111,0,0,111,T
8-NS,837,108,0,0,0,108,A
8-NS,838,104,0,0,0,104,A
8-NS,839,0,100,0,0,100,T
8-NS,840,0,0,98,1,99,G
8-NS,841,94,0,0,0,94,A
8-NS,842,0,92,0,0,92,T
8-NS,843,87,0,0,0,87,A
8-NS,844,86,0,0,0,86,A
8-NS,845,86,0,0,0,86,A
8-NS,846,87,0,0,0,87,A
8-NS,847,85,0,0,0,85,A
8-NS,848,85,0,0,0,85,A
8-NS,849,0,0,0,85,85,C
8-NS,850,79,0,0,0,79,A
8-NS,851,0,0,0,79,79,C
8-NS,852,0,0,0,78,78,C
8-NS,853,0,0,0,74,74,C
8-NS,854,0,71,0,0,71,T
8-NS,855,0,71,0,0,71,T
8-NS,856,0,0,71,0,71,G
8-NS,857,0,70,0,0,70,T
8-NS,858,0,71,0,0,71,T
8-NS,859,0,69,0,0,69,T
8-NS,860,0,0,0,37,37,C
8-NS,861,0,28,0,0,28,T
8-NS,862,24,0,0,0,24,A
8-NS,863,0,0,0,24,24,C
