Gene,Position,A,T,G,C,Coverage,Consensus
1-PB2,1,111,0,0,0,111,A
1-PB2,2,0,110,0,0,110,T
1-PB2,3,0,0,113,0,113,G
1-PB2,4,0,0,112,1,113,G
1-PB2,5,114,0,0,0,114,A
1-PB2,6,111,0,0,0,111,A
1-PB2,7,112,0,0,0,112,A
1-PB2,8,0,0,111,0,111,G
1-PB2,9,110,0,1,0,111,A
1-PB2,10,0,0,110,0,110,G
1-PB2,11,0,133,0,0,133,T
1-PB2,12,132,0,0,0,132,A
1-PB2,13,134,0,0,0,134,A
1-PB2,14,132,0,0,0,132,A
1-PB2,15,133,0,0,0,133,A
1-PB2,16,0,0,132,0,132,G
1-PB2,17,134,0,0,0,134,A
1-PB2,18,135,0,1,0,136,A
1-PB2,19,0,0,0,139,139,C
1-PB2,20,0,141,0,0,141,T
1-PB2,21,140,0,0,0,140,A
1-PB2,22,0,0,0,142,142,C
1-PB2,23,0,0,138,0,138,G
1-PB2,24,0,0,140,0,140,G
1-PB2,25,140,0,0,0,140,A
1-PB2,26,150,0,0,0,150,A
1-PB2,27,0,150,0,0,150,T
1-PB2,28,0,0,0,149,149,C
1-PB2,29,0,153,0,0,153,T
1-PB2,30,0,0,151,0,151,G
1-PB2,31,154,0,0,0,154,A
1-PB2,32,0,154,0,0,154,T
1-PB2,33,0,0,153,0,153,G
1-PB2,34,0,156,0,0,156,T
1-PB2,35,0,0,0,155,155,C
1-PB2,36,0,0,154,0,154,G
1-PB2,37,0,0,0,155,155,C
1-PB2,38,153,0,0,0,153,A
1-PB2,39,0,0,170,0,170,G
1-PB2,40,0,172,0,0,172,T
1-PB2,41,0,0,0,170,170,C
1-PB2,42,0,168,0,0,168,T
1-PB2,43,0,0,0,168,168,C
1-PB2,44,0,0,164,0,164,G
1-PB2,45,0,0,0,166,166,C
1-PB2,46,169,0,0,0,169,A
1-PB2,47,0,0,0,171,171,C
1-PB2,48,0,168,0,1,169,T
1-PB2,49,0,0,0,176,176,C
1-PB2,50,0,0,173,0,173,G
1-PB2,51,0,1,0,173,174,C
1-PB2,52,0,1,170,0,171,G
1-PB2,53,173,0,0,0,173,A
1-PB2,54,0,0,177,0,177,G
1-PB2,55,187,0,0,0,187,A
1-PB2,56,0,183,0,0,183,T
1-PB2,57,186,0,0,0,186,A
1-PB2,58,0,0,0,188,188,C
1-PB2,59,0,183,0,0,183,T
1-PB2,60,0,0,188,0,188,G
1-PB2,61,188,0,0,0,188,A
1-PB2,62,0,0,0,189,189,C
1-PB2,63,192,0,0,0,192,A
1-PB2,64,194,0,0,0,194,A
1-PB2,65,197,0,0,0,197,A
1-PB2,66,198,0,0,0,198,A
1-PB2,67,199,0,0,0,199,A
1-PB2,68,0,0,0,201,201,C
1-PB2,69,0,0,0,200,200,C
1-PB2,70,203,0,0,0,203,A
1-PB2,71,0,0,0,205,205,C
1-PB2,72,206,0,0,0,206,A
1-PB2,73,0,0,208,0,208,G
1-PB2,74,0,207,0,0,207,T
1-PB2,75,0,0,212,0,212,G
1-PB2,76,0,0,216,0,216,G
1-PB2,77,218,0,0,0,218,A
1-PB2,78,0,0,0,228,228,C
1-PB2,79,1,0,0,229,230,C
1-PB2,80,239,0,0,0,239,A
1-PB2,81,0,234,0,1,235,T
1-PB2,82,233,0,1,0,234,A
1-PB2,83,0,234,0,0,234,T
1-PB2,84,0,0,236,0,236,G
1-PB2,85,1,0,228,0,229,G
1-PB2,86,0,0,0,234,234,C
1-PB2,87,0,0,0,225,225,C
1-PB2,88,231,0,0,0,231,A
1-PB2,89,0,253,0,0,253,T
1-PB2,90,253,0,0,0,253,A
1-PB2,91,261,0,0,0,261,A
1-PB2,92,0,265,0,0,265,T
1-PB2,93,0,268,0,0,268,T
1-PB2,94,266,0,0,0,266,A
1-PB2,95,263,0,0,0,263,A
1-PB2,96,0,0,276,0,276,G
1-PB2,97,272,0,0,0,272,A
1-PB2,98,266,0,0,0,266,A
1-PB2,99,0,0,280,0,280,G
1-PB2,100,0,266,0,0,266,T
1-PB2,101,269,0,0,0,269,A
1-PB2,102,0,0,0,272,272,C
1-PB2,103,264,0,0,0,264,A
1-PB2,104,0,0,0,278,278,C
1-PB2,105,273,0,0,0,273,A
1-PB2,106,0,277,0,0,277,T
1-PB2,107,0,0,0,274,274,C
1-PB2,108,1,0,270,0,271,G
1-PB2,109,0,0,267,0,267,G
1-PB2,110,0,0,269,0,269,G
1-PB2,111,0,1,265,0,266,G
1-PB2,112,266,0,1,0,267,A
1-PB2,113,0,0,270,0,270,G
1-PB2,114,271,0,1,0,272,A
1-PB2,115,0,0,0,276,276,C
1-PB2,116,280,0,0,0,280,A
1-PB2,117,0,2,276,0,278,G
1-PB2,118,0,0,288,0,288,G
1-PB2,119,289,0,0,0,289,A
1-PB2,120,287,0,2,0,289,A
1-PB2,121,290,0,0,0,290,A
1-PB2,122,290,0,0,0,290,A
1-PB2,123,0,0,288,0,288,G
1-PB2,124,281,0,0,0,281,A
1-PB2,125,288,0,1,0,289,A
1-PB2,126,0,0,0,288,288,C
1-PB2,127,0,0,0,287,287,C
1-PB2,128,1,0,0,290,291,C
1-PB2,129,0,0,291,0,291,G
1-PB2,130,0,287,0,1,288,T
1-PB2,131,0,0,0,295,295,C
1-PB2,132,290,0,0,0,290,A
1-PB2,133,0,0,0,306,306,C
1-PB2,134,0,305,0,0,305,T
1-PB2,135,0,303,0,0,303,T
1-PB2,136,299,0,1,0,300,A
1-PB2,137,0,0,307,0,307,G
1-PB2,138,2,0,302,0,304,G
1-PB2,139,301,0,0,0,301,A
1-PB2,140,1,302,0,0,303,T
1-PB2,141,0,0,310,0,310,G
1-PB2,142,308,0,0,0,308,A
1-PB2,143,311,0,0,0,311,A
1-PB2,144,310,0,0,0,310,A
1-PB2,145,0,314,0,0,314,T
1-PB2,146,0,1,309,0,310,G
1-PB2,147,0,0,312,0,312,G
1-PB2,148,307,0,1,0,308,A
1-PB2,149,0,309,0,0,309,T
1-PB2,150,0,0,305,0,305,G
1-PB2,151,300,0,0,0,300,A
1-PB2,152,0,308,0,0,308,T
1-PB2,153,0,2,300,0,302,G
1-PB2,154,0,2,302,0,304,G
1-PB2,155,0,0,0,310,310,C
1-PB2,156,304,0,1,0,305,A
1-PB2,157,310,0,0,0,310,A
1-PB2,158,0,312,0,0,312,T
1-PB2,159,0,1,320,0,321,G
1-PB2,160,318,0,0,0,318,A
1-PB2,161,318,0,0,0,318,A
1-PB2,162,319,0,0,0,319,A
1-PB2,163,0,318,0,0,318,T
1-PB2,164,320,0,0,0,320,A
1-PB2,165,0,0,0,321,321,C
1-PB2,166,0,1,0,314,315,C
1-PB2,167,0,0,0,320,320,C
1-PB2,168,316,0,0,0,316,A
1-PB2,169,312,0,0,0,312,A
1-PB2,170,0,317,0,0,317,T
1-PB2,171,0,0,0,319,319,C
1-PB2,172,316,0,0,0,316,A
1-PB2,173,0,0,0,321,321,C
1-PB2,174,0,317,0,0,317,T
1-PB2,175,2,0,318,0,320,G
1-PB2,176,0,0,0,317,317,C
1-PB2,177,0,319,0,1,320,T
1-PB2,178,0,0,317,0,317,G
1-PB2,179,319,0,1,0,320,A
1-PB2,180,0,0,0,323,323,C
1-PB2,181,324,0,0,0,324,A
1-PB2,182,312,0,0,0,312,A
1-PB2,183,315,0,1,0,316,A
1-PB2,184,309,0,1,0,310,A
1-PB2,185,0,0,317,0,317,G
1-PB2,186,0,0,313,0,313,G
1-PB2,187,311,0,0,0,311,A
1-PB2,188,0,315,0,0,315,T
1-PB2,189,314,0,0,0,314,A
1-PB2,190,318,0,0,0,318,A
1-PB2,191,0,0,0,317,317,C
1-PB2,192,317,0,0,0,317,A
1-PB2,193,0,0,319,0,319,G
1-PB2,194,312,0,0,0,312,A
1-PB2,195,315,0,0,0,315,A
1-PB2,196,314,0,0,0,314,A
1-PB2,197,0,313,0,0,313,T
1-PB2,198,0,1,312,0,313,G
1-PB2,199,312,0,0,0,312,A
1-PB2,200,0,315,0,0,315,T
1-PB2,201,0,314,0,0,314,T
1-PB2,202,1,0,0,319,320,C
1-PB2,203,0,0,0,319,319,C
1-PB2,204,318,0,0,0,318,A
1-PB2,205,0,1,314,0,315,G
1-PB2,206,315,0,0,0,315,A
1-PB2,207,0,0,317,0,317,G
1-PB2,208,312,0,0,0,312,A
1-PB2,209,0,0,317,0,317,G
1-PB2,210,318,0,0,0,318,A
1-PB2,211,318,0,0,0,318,A
1-PB2,212,321,0,0,0,321,A
1-PB2,213,0,318,0,0,318,T
1-PB2,214,0,0,320,0,320,G
1-PB2,215,325,0,0,0,325,A
1-PB2,216,326,0,0,0,326,A
1-PB2,217,0,0,0,322,322,C
1-PB2,218,315,0,1,0,316,A
1-PB2,219,321,0,0,0,321,A
1-PB2,220,0,0,325,0,325,G
1-PB2,221,0,0,326,0,326,G
1-PB2,222,330,0,0,0,330,A
1-PB2,223,0,0,0,328,328,C
1-PB2,224,326,0,0,0,326,A
1-PB2,225,327,0,1,0,328,A
1-PB2,226,342,0,0,0,342,A
1-PB2,227,0,0,0,344,344,C
1-PB2,228,0,340,0,0,340,T
1-PB2,229,2,0,0,341,343,C
1-PB2,230,0,330,0,0,330,T
1-PB2,231,332,0,0,0,332,A
1-PB2,232,0,335,0,0,335,T
1-PB2,233,0,0,337,0,337,G
1-PB2,234,0,0,340,0,340,G
1-PB2,235,324,0,0,0,324,A
1-PB2,236,0,0,326,0,326,G
1-PB2,237,0,324,0,1,325,T
1-PB2,238,326,0,0,0,326,A
1-PB2,239,324,0,0,0,324,A
1-PB2,240,323,0,0,0,323,A
1-PB2,241,320,0,0,0,320,A
1-PB2,242,0,321,0,0,321,T
1-PB2,243,0,0,320,0,320,G
1-PB2,244,316,0,0,0,316,A
1-PB2,245,0,0,317,0,317,G
1-PB2,246,0,313,0,0,313,T
1-PB2,247,1,0,312,0,313,G
1-PB2,248,319,0,0,0,319,A
1-PB2,249,0,326,0,0,326,T
1-PB2,250,0,0,325,0,325,G
1-PB2,251,0,0,0,322,322,C
1-PB2,252,0,324,0,0,324,T
1-PB2,253,0,0,339,0,339,G
1-PB2,254,0,0,336,1,337,G
1-PB2,255,343,0,0,0,343,A
1-PB2,256,0,337,0,0,337,T
1-PB2,257,0,0,0,342,342,C
1-PB2,258,347,0,0,0,347,A
1-PB2,259,0,0,354,0,354,G
1-PB2,260,354,0,0,0,354,A
1-PB2,261,0,358,0,0,358,T
1-PB2,262,346,0,0,0,346,A
1-PB2,263,0,0,352,0,352,G
1-PB2,264,349,0,1,0,350,A
1-PB2,265,0,1,354,0,355,G
1-PB2,266,0,348,0,1,349,T
1-PB2,267,0,1,343,0,344,G
1-PB2,268,345,0,0,0,345,A
1-PB2,269,0,338,0,0,338,T
1-PB2,270,1,1,343,0,345,G
1-PB2,271,0,0,348,0,348,G
1-PB2,272,0,341,0,0,341,T
1-PB2,273,343,0,0,0,343,A
1-PB2,274,0,331,0,0,331,T
1-PB2,275,0,0,0,334,334,C
1-PB2,276,335,0,0,0,335,A
1-PB2,277,0,0,0,351,351,C
1-PB2,278,3,1,0,356,360,C
1-PB2,279,0,348,0,0,348,T
1-PB2,280,0,349,0,0,349,T
1-PB2,281,0,349,0,0,349,T
1-PB2,282,0,0,353,0,353,G
1-PB2,283,0,0,352,0,352,G
1-PB2,284,0,0,0,353,353,C
1-PB2,285,0,355,0,0,355,T
1-PB2,286,0,0,351,0,351,G
1-PB2,287,0,355,0,0,355,T
1-PB2,288,355,0,0,0,355,A
1-PB2,289,357,0,0,0,357,A
1-PB2,290,1,0,0,349,350,C
1-PB2,291,352,0,0,0,352,A
1-PB2,292,0,354,0,0,354,T
1-PB2,293,0,0,351,0,351,G
1-PB2,294,0,0,358,0,358,G
1-PB2,295,0,353,0,0,353,T
1-PB2,296,0,0,355,0,355,G
1-PB2,297,0,1,356,0,357,G
1-PB2,298,357,0,0,0,357,A
1-PB2,299,364,0,0,0,364,A
1-PB2,300,0,360,0,0,360,T
1-PB2,301,362,0,0,0,362,A
1-PB2,302,0,0,370,0,370,G
1-PB2,303,372,0,0,0,372,A
1-PB2,304,371,0,0,0,371,A
1-PB2,305,372,1,0,0,373,A
1-PB2,306,0,363,0,0,363,T
1-PB2,307,0,0,361,0,361,G
1-PB2,308,0,1,351,0,352,G
1-PB2,309,358,0,1,0,359,A
1-PB2,310,0,0,0,360,360,C
1-PB2,311,0,0,0,350,350,C
1-PB2,312,2,0,0,356,358,C
1-PB2,313,0,0,359,0,359,G
1-PB2,314,0,360,0,0,360,T
1-PB2,315,1,0,365,1,367,G
1-PB2,316,373,0,1,0,374,A
1-PB2,317,0,0,0,377,377,C
1-PB2,318,374,0,2,0,376,A
1-PB2,319,375,0,0,0,375,A
1-PB2,320,0,0,385,0,385,G
1-PB2,321,0,389,0,0,389,T
1-PB2,322,388,0,0,0,388,A
1-PB2,323,0,0,0,383,383,C
1-PB2,324,0,0,374,0,374,G
1-PB2,325,0,0,380,0,380,G
1-PB2,326,0,380,0,0,380,T
1-PB2,327,2,0,0,381,383,C
1-PB2,328,0,0,0,382,382,C
1-PB2,329,376,0,0,0,376,A
1-PB2,330,0,375,0,0,375,T
1-PB2,331,0,381,0,0,381,T
1-PB2,332,387,0,0,0,387,A
1-PB2,333,0,0,0,388,388,C
1-PB2,334,1,0,0,381,382,C
1-PB2,335,1,0,0,381,382,C
1-PB2,336,379,0,0,0,379,A
1-PB2,337,379,0,0,0,379,A
1-PB2,338,386,0,0,0,386,A
1-PB2,339,377,0,0,0,377,A
1-PB2,340,0,0,387,0,387,G
1-PB2,341,0,361,0,0,361,T
1-PB2,342,0,0,369,0,369,G
1-PB2,343,0,367,0,3,370,T
1-PB2,344,370,0,0,0,370,A
1-PB2,345,0,0,0,369,369,C
1-PB2,346,368,0,0,0,368,A
1-PB2,347,369,0,0,0,369,A
1-PB2,348,0,0,374,0,374,G
1-PB2,349,367,0,0,0,367,A
1-PB2,350,0,0,0,377,377,C
1-PB2,351,0,375,0,0,375,T
1-PB2,352,0,376,0,1,377,T
1-PB2,353,377,0,0,0,377,A
1-PB2,354,0,379,0,0,379,T
1-PB2,355,0,377,0,0,377,T
1-PB2,356,0,372,0,0,372,T
1-PB2,357,0,0,0,373,373,C
1-PB2,358,0,0,368,0,368,G
1-PB2,359,369,0,0,0,369,A
1-PB2,360,0,0,0,368,368,C
1-PB2,361,371,0,0,0,371,A
1-PB2,362,368,0,0,0,368,A
1-PB2,363,369,0,0,0,369,A
1-PB2,364,0,0,373,0,373,G
1-PB2,365,0,367,0,0,367,T
1-PB2,366,0,0,0,374,374,C
1-PB2,367,0,1,367,0,368,G
1-PB2,368,371,0,0,0,371,A
1-PB2,369,371,0,0,0,371,A
1-PB2,370,373,0,1,0,374,A
1-PB2,371,0,0,377,0,377,G
1-PB2,372,0,0,375,0,375,G
1-PB2,373,0,379,0,0,379,T
1-PB2,374,0,379,0,0,379,T
1-PB2,375,380,0,0,0,380,A
1-PB2,376,382,0,0,0,382,A
1-PB2,377,379,0,0,0,379,A
1-PB2,378,384,0,0,0,384,A
1-PB2,379,0,0,0,386,386,C
1-PB2,380,378,0,0,0,378,A
1-PB2,381,0,372,0,0,372,T
1-PB2,382,0,1,373,0,374,G
1-PB2,383,0,2,372,0,374,G
1-PB2,384,373,0,1,0,374,A
1-PB2,385,371,0,0,0,371,A
1-PB2,386,0,0,0,384,384,C
1-PB2,387,1,0,0,387,388,C
1-PB2,388,0,387,0,1,388,T
1-PB2,389,0,382,0,1,383,T
1-PB2,390,0,385,0,0,385,T
1-PB2,391,0,0,384,0,384,G
1-PB2,392,0,0,384,0,384,G
1-PB2,393,0,0,0,379,379,C
1-PB2,394,0,0,0,383,383,C
1-PB2,395,0,0,0,383,383,C
1-PB2,396,0,369,0,1,370,T
1-PB2,397,0,0,373,0,373,G
1-PB2,398,0,373,0,0,373,T
1-PB2,399,0,373,0,0,373,T
1-PB2,400,1,0,0,375,376,C
1-PB2,401,368,0,0,0,368,A
1-PB2,402,0,371,0,1,372,T
1-PB2,403,0,373,0,0,373,T
1-PB2,404,0,376,0,0,376,T
1-PB2,405,0,370,0,1,371,T
1-PB2,406,367,0,0,0,367,A
1-PB2,407,0,1,364,0,365,G
1-PB2,408,362,0,0,0,362,A
1-PB2,409,363,0,0,0,363,A
1-PB2,410,368,0,0,0,368,A
1-PB2,411,0,362,0,0,362,T
1-PB2,412,0,0,0,364,364,C
1-PB2,413,364,0,0,0,364,A
1-PB2,414,369,0,0,0,369,A
1-PB2,415,0,0,367,0,367,G
1-PB2,416,0,361,0,0,361,T
1-PB2,417,0,0,0,368,368,C
1-PB2,418,367,0,0,0,367,A
1-PB2,419,359,0,1,0,360,A
1-PB2,420,0,0,367,0,367,G
1-PB2,421,368,0,0,0,368,A
1-PB2,422,0,366,0,0,366,T
1-PB2,423,358,0,2,0,360,A
1-PB2,424,0,0,0,358,358,C
1-PB2,425,0,0,359,0,359,G
1-PB2,426,0,0,0,360,360,C
1-PB2,427,356,0,0,0,356,A
1-PB2,428,0,1,360,0,361,G
1-PB2,429,358,0,0,0,358,A
1-PB2,430,362,0,1,0,363,A
1-PB2,431,0,0,366,0,366,G
1-PB2,432,363,0,0,0,363,A
1-PB2,433,0,1,366,0,367,G
1-PB2,434,0,362,0,1,363,T
1-PB2,435,358,0,2,0,360,A
1-PB2,436,0,2,369,0,371,G
1-PB2,437,366,0,0,0,366,A
1-PB2,438,0,0,0,377,377,C
1-PB2,439,371,1,1,0,373,A
1-PB2,440,0,369,0,0,369,T
1-PB2,441,369,0,0,0,369,A
1-PB2,442,367,0,0,0,367,A
1-PB2,443,370,0,0,0,370,A
1-PB2,444,0,0,0,378,378,C
1-PB2,445,0,0,0,373,373,C
1-PB2,446,0,0,0,368,368,C
1-PB2,447,0,340,0,0,340,T
1-PB2,448,0,0,341,0,341,G
1-PB2,449,1,0,342,0,343,G
1-PB2,450,0,339,0,0,339,T
1-PB2,451,0,0,0,339,339,C
1-PB2,452,341,0,0,0,341,A
1-PB2,453,0,339,0,0,339,T
1-PB2,454,0,0,345,0,345,G
1-PB2,455,0,0,0,342,342,C
1-PB2,456,343,0,0,0,343,A
1-PB2,457,0,0,343,0,343,G
1-PB2,458,333,0,0,0,333,A
1-PB2,459,0,0,0,341,341,C
1-PB2,460,1,0,0,334,335,C
1-PB2,461,0,333,0,0,333,T
1-PB2,462,0,0,0,339,339,C
1-PB2,463,338,0,0,0,338,A
1-PB2,464,0,0,340,0,340,G
1-PB2,465,0,347,1,0,348,T
1-PB2,466,0,0,349,0,349,G
1-PB2,467,0,1,0,351,352,C
1-PB2,468,0,0,0,349,349,C
1-PB2,469,345,0,0,0,345,A
1-PB2,470,346,0,0,0,346,A
1-PB2,471,349,0,0,0,349,A
1-PB2,472,0,0,346,0,346,G
1-PB2,473,333,0,0,0,333,A
1-PB2,474,0,0,335,0,335,G
1-PB2,475,0,0,328,0,328,G
1-PB2,476,0,0,0,332,332,C
1-PB2,477,335,0,1,0,336,A
1-PB2,478,0,0,0,334,334,C
1-PB2,479,336,0,0,0,336,A
1-PB2,480,342,0,0,0,342,A
1-PB2,481,0,0,346,0,346,G
1-PB2,482,348,0,1,0,349,A
1-PB2,483,0,350,0,0,350,T
1-PB2,484,0,0,348,0,348,G
1-PB2,485,0,346,0,0,346,T
1-PB2,486,349,0,0,0,349,A
1-PB2,487,347,0,0,0,347,A
1-PB2,488,0,349,0,0,349,T
1-PB2,489,0,340,0,0,340,T
1-PB2,490,332,0,0,0,332,A
1-PB2,491,0,328,0,0,328,T
1-PB2,492,0,2,327,0,329,G
1-PB2,493,0,0,326,0,326,G
1-PB2,494,322,0,0,0,322,A
1-PB2,495,315,0,0,0,315,A
1-PB2,496,0,0,314,0,314,G
1-PB2,497,0,312,0,0,312,T
1-PB2,498,0,315,0,0,315,T
1-PB2,499,0,0,319,0,319,G
1-PB2,500,0,318,0,0,318,T
1-PB2,501,0,312,0,0,312,T
1-PB2,502,0,316,0,0,316,T
1-PB2,503,0,316,0,0,316,T
1-PB2,504,0,307,0,0,307,T
1-PB2,505,0,0,0,312,312,C
1-PB2,506,0,0,0,311,311,C
1-PB2,507,1,0,0,312,313,C
1-PB2,508,312,0,0,0,312,A
1-PB2,509,314,0,0,0,314,A
1-PB2,510,0,314,0,0,314,T
1-PB2,511,0,0,316,0,316,G
1-PB2,512,315,0,0,0,315,A
1-PB2,513,314,0,0,0,314,A
1-PB2,514,0,0,315,0,315,G
1-PB2,515,0,311,0,0,311,T
1-PB2,516,0,1,309,0,310,G
1-PB2,517,0,0,309,0,309,G
1-PB2,518,0,1,309,0,310,G
1-PB2,519,312,0,0,0,312,A
1-PB2,520,0,0,313,0,313,G
1-PB2,521,0,0,0,308,308,C
1-PB2,522,0,0,0,311,311,C
1-PB2,523,313,0,0,0,313,A
1-PB2,524,0,0,316,0,316,G
1-PB2,525,0,0,315,0,315,G
1-PB2,526,324,0,0,0,324,A
1-PB2,527,0,320,0,0,320,T
1-PB2,528,322,0,0,0,322,A
1-PB2,529,0,0,0,325,325,C
1-PB2,530,0,319,0,0,319,T
1-PB2,531,320,0,0,0,320,A
1-PB2,532,321,0,0,0,321,A
1-PB2,533,0,0,0,319,319,C
1-PB2,534,314,0,0,0,314,A
1-PB2,535,0,306,0,1,307,T
1-PB2,536,0,0,0,313,313,C
1-PB2,537,305,0,0,0,305,A
1-PB2,538,0,1,309,0,310,G
1-PB2,539,310,0,0,0,310,A
1-PB2,540,306,0,0,0,306,A
1-PB2,541,0,300,0,1,301,T
1-PB2,542,1,0,0,298,299,C
1-PB2,543,300,0,0,0,300,A
1-PB2,544,0,0,0,305,305,C
1-PB2,545,305,0,0,0,305,A
1-PB2,546,310,0,0,0,310,A
1-PB2,547,0,301,1,0,302,T
1-PB2,548,0,308,0,0,308,T
1-PB2,549,310,0,0,0,310,A
1-PB2,550,313,0,0,0,313,A
1-PB2,551,1,0,0,309,310,C
1-PB2,552,308,0,0,0,308,A
1-PB2,553,305,0,0,0,305,A
1-PB2,554,0,304,0,0,304,T
1-PB2,555,301,0,1,0,302,A
1-PB2,556,303,0,0,0,303,A
1-PB2,557,0,0,0,300,300,C
1-PB2,558,0,297,0,0,297,T
1-PB2,559,300,0,0,0,300,A
1-PB2,560,300,0,0,0,300,A
1-PB2,561,299,0,1,0,300,A
1-PB2,562,0,0,299,0,299,G
1-PB2,563,289,0,0,0,289,A
1-PB2,564,0,1,294,0,295,G
1-PB2,565,297,0,0,0,297,A
1-PB2,566,296,0,0,0,296,A
1-PB2,567,297,0,0,0,297,A
1-PB2,568,296,0,0,0,296,A
1-PB2,569,296,0,1,0,297,A
1-PB2,570,295,0,0,1,296,A
1-PB2,571,0,1,297,0,298,G
1-PB2,572,297,0,0,0,297,A
1-PB2,573,298,0,0,0,298,A
1-PB2,574,0,0,297,0,297,G
1-PB2,575,297,0,0,0,297,A
1-PB2,576,297,0,0,0,297,A
1-PB2,577,0,0,0,301,301,C
1-PB2,578,0,294,0,0,294,T
1-PB2,579,0,0,0,299,299,C
1-PB2,580,1,0,0,298,299,C
1-PB2,581,0,0,303,0,303,G
1-PB2,582,302,0,0,0,302,A
1-PB2,583,0,1,299,0,300,G
1-PB2,584,297,0,0,0,297,A
1-PB2,585,0,300,0,0,300,T
1-PB2,586,0,301,0,1,302,T
1-PB2,587,0,0,302,0,302,G
1-PB2,588,1,0,0,302,303,C
1-PB2,589,304,0,0,0,304,A
1-PB2,590,300,0,0,0,300,A
1-PB2,591,303,0,0,0,303,A
1-PB2,592,302,0,0,0,302,A
1-PB2,593,0,298,0,0,298,T
1-PB2,594,0,299,0,0,299,T
1-PB2,595,0,296,0,1,297,T
1-PB2,596,0,0,0,299,299,C
1-PB2,597,0,296,0,0,296,T
1-PB2,598,0,0,0,349,349,C
1-PB2,599,0,0,0,356,356,C
1-PB2,600,0,0,0,445,445,C
1-PB2,601,0,446,0,1,447,T
1-PB2,602,0,464,0,0,464,T
1-PB2,603,0,2,468,0,470,G
1-PB2,604,471,0,0,0,471,A
1-PB2,605,0,505,0,0,505,T
1-PB2,606,1,1,522,0,524,G
1-PB2,607,0,0,646,1,647,G
1-PB2,608,0,695,0,0,695,T
1-PB2,609,0,696,0,0,696,T
1-PB2,610,0,0,810,0,810,G
1-PB2,611,0,0,0,820,820,C
1-PB2,612,852,0,1,0,853,A
1-PB2,613,0,855,0,0,855,T
1-PB2,614,868,0,0,1,869,A
1-PB2,615,0,0,0,933,933,C
1-PB2,616,1119,0,0,1,1120,A
1-PB2,617,0,1173,0,2,1175,T
1-PB2,618,0,0,1241,0,1241,G
1-PB2,619,0,1238,0,0,1238,T
1-PB2,620,0,1236,0,0,1236,T
1-PB2,621,1241,0,1,0,1242,A
1-PB2,622,1,1,1239,0,1241,G
1-PB2,623,1259,0,0,0,1259,A
1-PB2,624,0,1,1284,0,1285,G
1-PB2,625,1266,0,1,0,1267,A
1-PB2,626,0,1,1267,0,1268,G
1-PB2,627,1256,0,1,0,1257,A
1-PB2,628,0,2,1267,0,1269,G
1-PB2,629,1261,0,0,0,1261,A
1-PB2,630,1271,0,0,0,1271,A
1-PB2,631,0,0,0,1295,1295,C
1-PB2,632,0,1286,0,0,1286,T
1-PB2,633,0,1298,0,0,1298,T
1-PB2,634,0,0,1290,0,1290,G
1-PB2,635,0,1300,0,0,1300,T
1-PB2,636,1300,0,0,0,1300,A
1-PB2,637,0,0,0,1302,1302,C
1-PB2,638,10,3,1282,1,1296,G
1-PB2,639,1290,0,1,0,1291,A
1-PB2,640,1300,0,0,0,1300,A
1-PB2,641,1318,0,0,0,1318,A
1-PB2,642,1314,0,1,0,1315,A
1-PB2,643,1317,0,0,1,1318,A
1-PB2,644,0,0,0,1330,1330,C
1-PB2,645,1331,0,0,0,1331,A
1-PB2,646,1336,0,1,0,1337,A
1-PB2,647,0,4,1335,0,1339,G
1-PB2,648,1343,0,1,0,1344,A
1-PB2,649,0,1348,0,1,1349,T
1-PB2,650,0,1349,0,1,1350,T
1-PB2,651,0,1352,2,0,1354,T
1-PB2,652,0,0,0,1362,1362,C
1-PB2,653,0,1367,0,0,1367,T
1-PB2,654,2,5,0,1362,1369,C
1-PB2,655,1,0,0,1365,1366,C
1-PB2,656,1,0,0,1370,1371,C
1-PB2,657,1373,0,2,0,1375,A
1-PB2,658,0,0,1378,0,1378,G
1-PB2,659,0,1386,0,1,1387,T
1-PB2,660,0,1387,0,0,1387,T
1-PB2,661,4,1,1379,0,1384,G
1-PB2,662,1,1,0,1373,1375,C
1-PB2,663,0,1388,0,1,1389,T
1-PB2,664,1,0,1391,0,1392,G
1-PB2,665,0,0,1383,0,1383,G
1-PB2,666,1,1,0,1388,1390,C
1-PB2,667,2,2,1399,0,1403,G
1-PB2,668,0,0,1408,0,1408,G
1-PB2,669,1419,0,0,0,1419,A
1-PB2,670,1419,0,1,0,1420,A
1-PB2,671,0,0,0,1420,1420,C
1-PB2,672,1435,0,0,0,1435,A
1-PB2,673,1428,0,2,0,1430,A
1-PB2,674,0,1,1503,0,1504,G
1-PB2,675,0,0,0,1547,1547,C
1-PB2,676,1552,0,0,0,1552,A
1-PB2,677,0,0,1974,0,1974,G
1-PB2,678,1,1962,0,0,1963,T
1-PB2,679,1984,0,0,0,1984,A
1-PB2,680,0,1992,1,0,1993,T
1-PB2,681,1995,0,0,0,1995,A
1-PB2,682,0,1995,0,0,1995,T
1-PB2,683,1977,0,0,0,1977,A
1-PB2,684,1,0,0,2004,2005,C
1-PB2,685,1916,0,0,0,1916,A
1-PB2,686,0,1825,0,0,1825,T
1-PB2,687,0,1782,0,1,1783,T
1-PB2,688,0,4,1770,1,1775,G
1-PB2,689,1768,2,1,1,1772,A
1-PB2,690,1772,0,0,0,1772,A
1-PB2,691,0,0,1797,0,1797,G
1-PB2,692,0,1799,0,0,1799,T
1-PB2,693,0,1791,0,0,1791,T
1-PB2,694,0,1791,0,2,1793,T
1-PB2,695,0,1799,0,0,1799,T
1-PB2,696,1808,0,0,0,1808,A
1-PB2,697,0,0,0,1810,1810,C
1-PB2,698,1822,0,0,1,1823,A
1-PB2,699,0,1827,0,0,1827,T
1-PB2,700,0,1811,0,0,1811,T
1-PB2,701,0,1825,0,0,1825,T
1-PB2,702,0,3,1853,0,1856,G
1-PB2,703,1844,0,2,0,1846,A
1-PB2,704,0,1,0,1878,1879,C
1-PB2,705,1,1855,0,5,1861,T
1-PB2,706,0,0,1,1860,1861,C
1-PB2,707,1863,0,0,0,1863,A
1-PB2,708,3,2,1849,0,1854,G
1-PB2,709,0,2,1902,0,1904,G
1-PB2,710,0,1,1917,0,1918,G
1-PB2,711,1906,0,4,0,1910,A
1-PB2,712,1916,0,0,0,1916,A
1-PB2,713,0,1,0,1930,1931,C
1-PB2,714,0,1,1940,0,1941,G
1-PB2,715,0,1923,0,1,1924,T
1-PB2,716,1,1,1952,0,1954,G
1-PB2,717,0,1918,0,0,1918,T
1-PB2,718,0,1931,0,1,1932,T
1-PB2,719,0,2,1933,0,1935,G
1-PB2,720,1,1,1925,0,1927,G
1-PB2,721,0,4,1941,0,1945,G
1-PB2,722,1926,0,1,0,1927,A
1-PB2,723,1925,0,1,0,1926,A
1-PB2,724,0,1,0,1965,1966,C
1-PB2,725,1955,0,0,0,1955,A
1-PB2,726,2030,0,0,0,2030,A
1-PB2,727,2038,0,0,0,2038,A
1-PB2,728,0,2054,0,0,2054,T
1-PB2,729,0,0,2080,0,2080,G
1-PB2,730,0,2070,0,1,2071,T
1-PB2,731,2063,0,0,0,2063,A
1-PB2,732,0,1,0,2070,2071,C
1-PB2,733,2040,0,2,0,2042,A
1-PB2,734,0,0,0,2048,2048,C
1-PB2,735,0,1973,0,3,1976,T
1-PB2,736,1,0,0,2150,2151,C
1-PB2,737,0,1,0,2151,2152,C
1-PB2,738,2187,0,3,0,2190,A
1-PB2,739,0,1,2199,0,2200,G
1-PB2,740,0,0,2241,0,2241,G
1-PB2,741,0,2205,0,1,2206,T
1-PB2,742,0,1,2243,0,2244,G
1-PB2,743,0,3,2178,0,2181,G
1-PB2,744,2125,0,1,0,2126,A
1-PB2,745,1,3,2172,0,2176,G
1-PB2,746,0,1,2177,0,2178,G
1-PB2,747,2135,1,1,0,2137,A
1-PB2,748,0,1,2171,0,2172,G
1-PB2,749,0,2110,0,0,2110,T
1-PB2,750,1,3,2142,0,2146,G
1-PB2,751,2135,0,2,0,2137,A
1-PB2,752,0,2,2154,0,2156,G
1-PB2,753,1,2,2157,0,2160,G
1-PB2,754,2138,1,2,0,2141,A
1-PB2,755,2137,0,1,0,2138,A
1-PB2,756,0,2159,0,0,2159,T
1-PB2,757,0,1,2151,0,2152,G
1-PB2,758,2133,0,7,0,2140,A
1-PB2,759,0,1,0,2137,2138,C
1-PB2,760,0,0,2140,0,2140,G
1-PB2,761,2143,0,0,0,2143,A
1-PB2,762,0,2125,1,1,2127,T
1-PB2,763,1,0,2148,0,2149,G
1-PB2,764,0,2146,0,1,2147,T
1-PB2,765,1,2136,0,0,2137,T
1-PB2,766,0,6,2131,0,2137,G
1-PB2,767,2133,1,3,0,2137,A
1-PB2,768,1,0,0,2139,2140,C
1-PB2,769,2,1,0,2126,2129,C
1-PB2,770,2125,1,2,0,2128,A
1-PB2,771,2120,0,0,0,2120,A
1-PB2,772,2117,0,1,0,2118,A
1-PB2,773,0,0,2160,0,2160,G
1-PB2,774,0,0,0,2158,2158,C
1-PB2,775,1,0,0,2162,2163,C
1-PB2,776,0,2206,0,1,2207,T
1-PB2,777,2198,0,0,0,2198,A
1-PB2,778,2205,0,0,0,2205,A
1-PB2,779,0,2210,0,1,2211,T
1-PB2,780,0,2213,0,0,2213,T
1-PB2,781,2193,0,1,0,2194,A
1-PB2,782,0,2137,0,0,2137,T
1-PB2,783,0,2128,0,0,2128,T
1-PB2,784,0,0,2128,0,2128,G
1-PB2,785,0,1,0,2118,2119,C
1-PB2,786,0,1,2113,0,2114,G
1-PB2,787,1,1,2149,0,2151,G
1-PB2,788,0,0,0,2150,2150,C
1-PB2,789,2,1,0,2186,2189,C
1-PB2,790,2190,0,1,0,2191,A
1-PB2,791,0,0,2221,0,2221,G
1-PB2,792,0,7,2225,0,2232,G
1-PB2,793,2230,0,0,0,2230,A
1-PB2,794,2246,0,3,0,2249,A
1-PB2,795,0,0,0,2253,2253,C
1-PB2,796,2233,0,1,0,2234,A
1-PB2,797,0,2278,0,0,2278,T
1-PB2,798,2324,0,2,0,2326,A
1-PB2,799,0,2,2338,0,2340,G
1-PB2,800,0,2312,0,0,2312,T
1-PB2,801,2304,0,2,0,2306,A
1-PB2,802,2301,0,1,0,2302,A
1-PB2,803,0,0,2310,0,2310,G
1-PB2,804,2291,0,1,0,2292,A
1-PB2,805,2265,0,1,0,2266,A
1-PB2,806,0,4,2244,0,2248,G
1-PB2,807,2177,0,2,0,2179,A
1-PB2,808,0,0,2188,0,2188,G
1-PB2,809,1,0,0,2166,2167,C
1-PB2,810,2,0,0,2188,2190,C
1-PB2,811,0,0,2194,0,2194,G
1-PB2,812,1,1,0,2199,2201,C
1-PB2,813,2220,0,0,0,2220,A
1-PB2,814,7,0,2383,0,2390,G
1-PB2,815,0,2362,0,4,2366,T
1-PB2,816,2402,0,1,0,2403,A
1-PB2,817,0,2369,0,1,2370,T
1-PB2,818,2,0,1,2405,2408,C
1-PB2,819,2391,0,9,0,2400,A
1-PB2,820,0,1,2385,0,2386,G
1-PB2,821,0,0,0,2394,2394,C
1-PB2,822,2310,0,2,0,2312,A
1-PB2,823,0,4,2273,0,2277,G
1-PB2,824,2265,1,3,0,2269,A
1-PB2,825,0,2266,0,0,2266,T
1-PB2,826,2,1,0,2266,2269,C
1-PB2,827,4,0,0,2277,2281,C
1-PB2,828,2274,0,0,0,2274,A
1-PB2,829,0,0,0,2297,2297,C
1-PB2,830,0,2301,0,1,2302,T
1-PB2,831,2310,0,1,0,2311,A
1-PB2,832,0,0,2299,0,2299,G
1-PB2,833,0,0,0,2266,2266,C
1-PB2,834,2261,0,0,0,2261,A
1-PB2,835,0,2268,0,1,2269,T
1-PB2,836,4,0,0,2296,2300,C
1-PB2,837,0,2300,0,1,2301,T
1-PB2,838,0,2368,0,0,2368,T
1-PB2,839,0,2385,0,0,2385,T
1-PB2,840,2377,0,1,0,2378,A
1-PB2,841,0,2372,0,1,2373,T
1-PB2,842,0,2370,0,0,2370,T
1-PB2,843,0,2,2365,0,2367,G
1-PB2,844,2,2,2355,0,2359,G
1-PB2,845,2314,0,1,0,2315,A
1-PB2,846,0,2,2318,0,2320,G
1-PB2,847,2300,0,1,0,2301,A
1-PB2,848,0,2278,0,1,2279,T
1-PB2,849,0,0,2330,0,2330,G
1-PB2,850,0,2315,0,0,2315,T
1-PB2,851,3,0,2320,0,2323,G
1-PB2,852,3,1,0,2318,2322,C
1-PB2,853,8,1,0,2308,2317,C
1-PB2,854,2313,0,2,0,2315,A
1-PB2,855,1,0,0,2315,2316,C
1-PB2,856,2296,0,0,0,2296,A
1-PB2,857,0,0,2327,0,2327,G
1-PB2,858,1,0,0,2258,2259,C
1-PB2,859,2258,0,0,0,2258,A
1-PB2,860,0,0,0,2266,2266,C
1-PB2,861,2251,0,1,0,2252,A
1-PB2,862,1,0,0,2286,2287,C
1-PB2,863,2280,0,1,0,2281,A
1-PB2,864,2274,0,1,0,2275,A
1-PB2,865,2268,0,2,0,2270,A
1-PB2,866,0,2210,0,0,2210,T
1-PB2,867,0,2207,0,0,2207,T
1-PB2,868,0,0,2201,0,2201,G
1-PB2,869,0,0,2179,0,2179,G
1-PB2,870,0,0,0,2198,2198,C
1-PB2,871,13,1,2170,0,2184,G
1-PB2,872,0,5,2219,0,2224,G
1-PB2,873,0,5,2204,0,2209,G
1-PB2,874,2176,0,3,0,2179,A
1-PB2,875,1,0,0,2186,2187,C
1-PB2,876,2217,0,0,0,2217,A
1-PB2,877,2239,0,4,0,2243,A
1-PB2,878,0,1,2191,0,2192,G
1-PB2,879,0,0,2256,0,2256,G
1-PB2,880,2187,0,0,0,2187,A
1-PB2,881,0,2144,0,0,2144,T
1-PB2,882,2,2,2131,0,2135,G
1-PB2,883,1,1,2178,0,2180,G
1-PB2,884,0,2051,0,0,2051,T
1-PB2,885,0,3,2155,0,2158,G
1-PB2,886,0,5,2156,0,2161,G
1-PB2,887,2048,0,0,0,2048,A
1-PB2,888,1,1,0,2076,2078,C
1-PB2,889,2084,0,0,0,2084,A
1-PB2,890,0,2410,0,1,2411,T
1-PB2,891,1,2423,0,0,2424,T
1-PB2,892,0,2,0,2401,2403,C
1-PB2,893,1,2393,0,0,2394,T
1-PB2,894,0,2410,0,0,2410,T
1-PB2,895,2400,2,0,1,2403,A
1-PB2,896,0,4,2398,0,2402,G
1-PB2,897,2388,1,1,2,2392,A
1-PB2,898,0,0,0,2379,2379,C
1-PB2,899,2029,0,1,0,2030,A
1-PB2,900,0,2,2059,0,2061,G
1-PB2,901,2036,2,0,0,2038,A
1-PB2,902,2036,1,1,0,2038,A
1-PB2,903,1,0,0,1966,1967,C
1-PB2,904,3,1,0,2027,2031,C
1-PB2,905,2,0,0,2071,2073,C
1-PB2,906,1,4,2025,0,2030,G
1-PB2,907,2027,0,3,0,2030,A
1-PB2,908,0,1,0,2055,2056,C
1-PB2,909,0,2039,0,1,2040,T
1-PB2,910,0,3,2061,0,2064,G
1-PB2,911,2036,0,3,1,2040,A
1-PB2,912,2078,0,4,1,2083,A
1-PB2,913,1,6,2057,0,2064,G
1-PB2,914,2052,0,1,1,2054,A
1-PB2,915,2069,1,0,0,2070,A
1-PB2,916,1,1,0,2031,2033,C
1-PB2,917,2045,0,2,1,2048,A
1-PB2,918,2067,0,2,0,2069,A
1-PB2,919,0,0,2063,0,2063,G
1-PB2,920,0,1,0,2075,2076,C
1-PB2,921,0,2054,0,1,2055,T
1-PB2,922,0,0,2110,0,2110,G
1-PB2,923,0,2080,0,0,2080,T
1-PB2,924,0,3,2159,0,2162,G
1-PB2,925,0,2,2254,1,2257,G
1-PB2,926,2217,0,1,0,2218,A
1-PB2,927,0,2228,0,1,2229,T
1-PB2,928,2213,0,1,0,2214,A
1-PB2,929,0,2173,0,1,2174,T
1-PB2,930,2266,0,0,0,2266,A
1-PB2,931,0,2220,0,0,2220,T
1-PB2,932,3,1,2183,1,2188,G
1-PB2,933,0,0,0,2170,2170,C
1-PB2,934,2075,0,0,0,2075,A
1-PB2,935,2094,0,0,0,2094,A
1-PB2,936,0,0,2073,0,2073,G
1-PB2,937,0,0,2094,0,2094,G
1-PB2,938,1,0,0,2073,2074,C
1-PB2,939,0,2046,0,0,2046,T
1-PB2,940,1,0,2056,0,2057,G
1-PB2,941,0,1,0,2038,2039,C
1-PB2,942,2055,0,0,0,2055,A
1-PB2,943,2072,0,0,0,2072,A
1-PB2,944,0,2034,1,1,2036,T
1-PB2,945,1,0,2043,0,2044,G
1-PB2,946,0,1,2049,0,2050,G
1-PB2,947,1,5,2065,0,2071,G
1-PB2,948,2027,0,2,1,2030,A
1-PB2,949,0,2024,0,2,2026,T
1-PB2,950,0,2035,1,1,2037,T
1-PB2,951,0,5,2025,0,2030,G
1-PB2,952,2023,0,4,0,2027,A
1-PB2,953,1,1,2051,0,2053,G
1-PB2,954,2033,0,1,0,2034,A
1-PB2,955,2007,0,0,0,2007,A
1-PB2,956,0,1959,0,0,1959,T
1-PB2,957,7,0,0,1985,1992,C
1-PB2,958,1992,0,0,0,1992,A
1-PB2,959,0,0,1988,0,1988,G
1-PB2,960,0,0,0,1980,1980,C
1-PB2,961,0,1951,0,9,1960,T
1-PB2,962,4,0,0,1977,1981,C
1-PB2,963,1970,1,0,0,1971,A
1-PB2,964,0,2013,0,1,2014,T
1-PB2,965,4,1,0,2019,2024,C
1-PB2,966,4,0,0,2039,2043,C
1-PB2,967,0,2017,0,3,2020,T
1-PB2,968,0,2014,1,2,2017,T
1-PB2,969,1,1,0,2008,2010,C
1-PB2,970,2012,0,1,0,2013,A
1-PB2,971,0,0,2039,0,2039,G
1-PB2,972,0,1,0,2021,2022,C
1-PB2,973,0,2002,0,2,2004,T
1-PB2,974,0,2019,0,0,2019,T
1-PB2,975,0,2005,0,0,2005,T
1-PB2,976,1,4,2005,0,2010,G
1-PB2,977,1,0,2008,0,2009,G
1-PB2,978,0,1949,0,2,1951,T
1-PB2,979,0,4,2020,0,2024,G
1-PB2,980,1,0,2014,0,2015,G
1-PB2,981,0,0,2038,0,2038,G
1-PB2,982,0,1984,0,1,1985,T
1-PB2,983,0,2016,0,2,2018,T
1-PB2,984,0,2019,0,1,2020,T
1-PB2,985,2036,0,1,0,2037,A
1-PB2,986,0,0,0,2041,2041,C
1-PB2,987,2049,0,0,0,2049,A
1-PB2,988,0,2033,0,0,2033,T
1-PB2,989,0,1981,0,0,1981,T
1-PB2,990,0,1990,0,0,1990,T
1-PB2,991,1978,0,1,0,1979,A
1-PB2,992,1973,0,0,0,1973,A
1-PB2,993,1991,0,1,0,1992,A
1-PB2,994,1965,0,3,0,1968,A
1-PB2,995,0,2,1970,0,1972,G
1-PB2,996,1961,0,2,0,1963,A
1-PB2,997,1963,0,2,0,1965,A
1-PB2,998,0,0,0,1956,1956,C
1-PB2,999,1964,0,0,0,1964,A
1-PB2,1000,1963,0,2,0,1965,A
1-PB2,1001,0,1,1941,0,1942,G
1-PB2,1002,1,0,0,1955,1956,C
1-PB2,1003,0,1,1947,0,1948,G
1-PB2,1004,0,3,1950,0,1953,G
1-PB2,1005,0,0,1968,0,1968,G
1-PB2,1006,0,1915,2,5,1922,T
1-PB2,1007,3,2,0,1943,1948,C
1-PB2,1008,1958,0,2,1,1961,A
1-PB2,1009,0,1928,0,0,1928,T
1-PB2,1010,1,0,0,1973,1974,C
1-PB2,1011,1962,0,1,0,1963,A
1-PB2,1012,0,1,1995,0,1996,G
1-PB2,1013,0,1939,0,1,1940,T
1-PB2,1014,4,0,0,1953,1957,C
1-PB2,1015,1937,1,1,0,1939,A
1-PB2,1016,1980,0,0,0,1980,A
1-PB2,1017,1988,0,0,0,1988,A
1-PB2,1018,1988,0,1,0,1989,A
1-PB2,1019,1995,0,0,0,1995,A
1-PB2,1020,1988,0,1,1,1990,A
1-PB2,1021,0,1,1992,0,1993,G
1-PB2,1022,1990,0,0,0,1990,A
1-PB2,1023,1988,1,0,0,1989,A
1-PB2,1024,1,0,1985,1,1987,G
1-PB2,1025,1969,0,0,0,1969,A
1-PB2,1026,1934,1,6,0,1941,A
1-PB2,1027,2,1,1937,0,1940,G
1-PB2,1028,1934,0,2,0,1936,A
1-PB2,1029,0,3,1923,0,1926,G
1-PB2,1030,0,0,1943,0,1943,G
1-PB2,1031,1,1916,0,1,1918,T
1-PB2,1032,1,1,2006,0,2008,G
1-PB2,1033,0,2,1,2023,2026,C
1-PB2,1034,0,2040,0,1,2041,T
1-PB2,1035,0,2050,0,1,2051,T
1-PB2,1036,2050,0,0,0,2050,A
1-PB2,1037,1,0,0,2036,2037,C
1-PB2,1038,2011,0,0,0,2011,A
1-PB2,1039,2,2,2011,0,2015,G
1-PB2,1040,2,0,1999,0,2001,G
1-PB2,1041,1,0,0,1956,1957,C
1-PB2,1042,1956,0,0,0,1956,A
1-PB2,1043,1949,0,1,0,1950,A
1-PB2,1044,0,1983,0,1,1984,T
1-PB2,1045,4,0,0,1998,2002,C
1-PB2,1046,0,1980,0,1,1981,T
1-PB2,1047,0,0,0,1993,1993,C
1-PB2,1048,2,0,0,1996,1998,C
1-PB2,1049,2007,0,0,0,2007,A
1-PB2,1050,1991,0,3,9,2003,A
1-PB2,1051,2002,1,1,1,2005,A
1-PB2,1052,13,0,1,1997,2011,C
1-PB2,1053,1954,0,1,0,1955,A
1-PB2,1054,1,1938,2,3,1944,T
1-PB2,1055,0,1934,0,0,1934,T
1-PB2,1056,0,5,1977,0,1982,G
1-PB2,1057,1971,0,1,1,1973,A
1-PB2,1058,2003,1,1,0,2005,A
1-PB2,1059,2005,0,0,0,2005,A
1-PB2,1060,2004,0,0,0,2004,A
1-PB2,1061,0,1998,1,0,1999,T
1-PB2,1062,2013,0,0,0,2013,A
1-PB2,1063,2008,0,2,0,2010,A
1-PB2,1064,0,3,2047,0,2050,G
1-PB2,1065,1999,0,1,0,2000,A
1-PB2,1066,0,1,2072,0,2073,G
1-PB2,1067,0,2035,1,0,2036,T
1-PB2,1068,2066,0,1,0,2067,A
1-PB2,1069,0,2,0,2113,2115,C
1-PB2,1070,2094,0,0,0,2094,A
1-PB2,1071,0,2096,0,1,2097,T
1-PB2,1072,0,1,2104,0,2105,G
1-PB2,1073,2049,0,5,0,2054,A
1-PB2,1074,1,2,2060,1,2064,G
1-PB2,1075,0,3,2086,0,2089,G
1-PB2,1076,0,0,2203,0,2203,G
1-PB2,1077,0,0,2208,0,2208,G
1-PB2,1078,0,2147,0,1,2148,T
1-PB2,1079,2193,0,2,0,2195,A
1-PB2,1080,0,2177,0,1,2178,T
1-PB2,1081,2,2,2193,0,2197,G
1-PB2,1082,2193,0,2,0,2195,A
1-PB2,1083,1,1,2169,0,2171,G
1-PB2,1084,0,1,2139,2,2142,G
1-PB2,1085,2000,0,1,0,2001,A
1-PB2,1086,0,0,2046,0,2046,G
1-PB2,1087,0,2078,0,0,2078,T
1-PB2,1088,1,2135,0,3,2139,T
1-PB2,1089,7,0,0,2149,2156,C
1-PB2,1090,2144,0,1,0,2145,A
1-PB2,1091,1,1,1,2174,2177,C
1-PB2,1092,2163,0,0,0,2163,A
1-PB2,1093,2152,0,0,0,2152,A
1-PB2,1094,0,2155,0,0,2155,T
1-PB2,1095,0,3,2116,0,2119,G
1-PB2,1096,1,1,2127,0,2129,G
1-PB2,1097,0,2043,0,1,2044,T
1-PB2,1098,1,0,2091,0,2092,G
1-PB2,1099,0,2,2071,0,2073,G
1-PB2,1100,9,7,2055,0,2071,G
1-PB2,1101,0,5,2096,1,2102,G
1-PB2,1102,2066,0,0,0,2066,A
1-PB2,1103,2101,0,3,0,2104,A
1-PB2,1104,2090,0,1,0,2091,A
1-PB2,1105,2044,0,3,0,2047,A
1-PB2,1106,0,0,2078,1,2079,G
1-PB2,1107,2050,0,1,0,2051,A
1-PB2,1108,0,1,2065,0,2066,G
1-PB2,1109,1,0,0,2063,2064,C
1-PB2,1110,2071,0,1,0,2072,A
1-PB2,1111,2060,0,3,0,2063,A
1-PB2,1112,1,0,0,2136,2137,C
1-PB2,1113,2136,0,0,0,2136,A
1-PB2,1114,1,0,2180,0,2181,G
1-PB2,1115,0,0,0,2165,2165,C
1-PB2,1116,0,2160,0,2,2162,T
1-PB2,1117,2230,0,0,0,2230,A
1-PB2,1118,2,2231,0,0,2233,T
1-PB2,1119,2236,0,1,0,2237,A
1-PB2,1120,0,0,0,2241,2241,C
1-PB2,1121,0,2138,0,1,2139,T
1-PB2,1122,2143,0,0,0,2143,A
1-PB2,1123,2101,0,1,0,2102,A
1-PB2,1124,1,3,2100,0,2104,G
1-PB2,1125,2106,0,0,0,2106,A
1-PB2,1126,2024,0,1,0,2025,A
1-PB2,1127,2026,0,2,0,2028,A
1-PB2,1128,2005,0,4,0,2009,A
1-PB2,1129,0,1,2009,0,2010,G
1-PB2,1130,1,1,0,1986,1988,C
1-PB2,1131,2002,0,1,0,2003,A
1-PB2,1132,1995,0,2,0,1997,A
1-PB2,1133,0,1,0,1998,1999,C
1-PB2,1134,1,2,0,1993,1996,C
1-PB2,1135,2001,1,0,0,2002,A
1-PB2,1136,0,2,2021,0,2023,G
1-PB2,1137,2014,0,0,0,2014,A
1-PB2,1138,2018,0,3,0,2021,A
1-PB2,1139,0,5,2033,0,2038,G
1-PB2,1140,2014,1,1,0,2016,A
1-PB2,1141,0,2021,0,0,2021,T
1-PB2,1142,0,2010,0,0,2010,T
1-PB2,1143,3,1,2006,0,2010,G
1-PB2,1144,0,0,2053,0,2053,G
1-PB2,1145,0,2035,1,4,2040,T
1-PB2,1146,1,2020,0,1,2022,T
1-PB2,1147,5,0,0,2049,2054,C
1-PB2,1148,2079,0,0,0,2079,A
1-PB2,1149,0,0,2152,0,2152,G
1-PB2,1150,1,1,0,2167,2169,C
1-PB2,1151,0,2155,0,2,2157,T
1-PB2,1152,2,0,0,2168,2170,C
1-PB2,1153,2159,0,0,0,2159,A
1-PB2,1154,0,2165,0,1,2166,T
1-PB2,1155,2168,0,2,0,2170,A
1-PB2,1156,0,0,2176,0,2176,G
1-PB2,1157,0,2044,0,1,2045,T
1-PB2,1158,0,1,2060,0,2061,G
1-PB2,1159,1991,0,0,0,1991,A
1-PB2,1160,0,0,2015,1,2016,G
1-PB2,1161,0,1999,0,0,1999,T
1-PB2,1162,1,3,2013,0,2017,G
1-PB2,1163,0,1,2017,0,2018,G
1-PB2,1164,2005,0,0,0,2005,A
1-PB2,1165,2004,0,3,0,2007,A
1-PB2,1166,2,3,2015,0,2020,G
1-PB2,1167,1976,0,0,0,1976,A
1-PB2,1168,1,2,1987,0,1990,G
1-PB2,1169,1983,1,2,0,1986,A
1-PB2,1170,0,0,0,1990,1990,C
1-PB2,1171,0,0,1993,0,1993,G
1-PB2,1172,1960,0,1,1,1962,A
1-PB2,1173,1982,0,2,1,1985,A
1-PB2,1174,0,0,0,1986,1986,C
1-PB2,1175,1983,1,0,0,1984,A
1-PB2,1176,0,1,2099,0,2100,G
1-PB2,1177,1,2070,0,6,2077,T
1-PB2,1178,1,0,0,2087,2088,C
1-PB2,1179,2113,0,1,0,2114,A
1-PB2,1180,2093,1,1,0,2095,A
1-PB2,1181,0,2093,0,0,2093,T
1-PB2,1182,2093,0,0,0,2093,A
1-PB2,1183,0,2,2074,0,2076,G
1-PB2,1184,0,0,0,2049,2049,C
1-PB2,1185,1,2,0,1995,1998,C
1-PB2,1186,0,2,2009,0,2011,G
1-PB2,1187,1986,1,0,0,1987,A
1-PB2,1188,1983,0,1,0,1984,A
1-PB2,1189,1,0,1995,0,1996,G
1-PB2,1190,2,0,0,2034,2036,C
1-PB2,1191,2055,0,1,0,2056,A
1-PB2,1192,2055,0,3,0,2058,A
1-PB2,1193,0,2052,0,1,2053,T
1-PB2,1194,2080,0,0,0,2080,A
1-PB2,1195,2088,0,2,0,2090,A
1-PB2,1196,0,2097,0,0,2097,T
1-PB2,1197,1,1,0,2078,2080,C
1-PB2,1198,2,0,2062,0,2064,G
1-PB2,1199,0,2001,0,2,2003,T
1-PB2,1200,0,3,2012,0,2015,G
1-PB2,1201,0,0,2012,0,2012,G
1-PB2,1202,0,0,0,2005,2005,C
1-PB2,1203,4,1,0,2022,2027,C
1-PB2,1204,1996,0,0,2,1998,A
1-PB2,1205,0,2019,0,0,2019,T
1-PB2,1206,7,0,2033,0,2040,G
1-PB2,1207,2,1,2063,0,2066,G
1-PB2,1208,0,2004,0,1,2005,T
1-PB2,1209,0,0,2062,0,2062,G
1-PB2,1210,0,2006,0,0,2006,T
1-PB2,1211,0,2018,1,2,2021,T
1-PB2,1212,0,2035,0,1,2036,T
1-PB2,1213,0,2027,0,3,2030,T
1-PB2,1214,3,0,0,2055,2058,C
1-PB2,1215,2060,0,0,1,2061,A
1-PB2,1216,2,1,0,2133,2136,C
1-PB2,1217,2111,0,0,0,2111,A
1-PB2,1218,2118,0,0,0,2118,A
1-PB2,1219,0,2,2134,0,2136,G
1-PB2,1220,2090,0,1,0,2091,A
1-PB2,1221,95,4,2038,0,2137,G
1-PB2,1222,0,2,2122,0,2124,G
1-PB2,1223,2111,0,0,0,2111,A
1-PB2,1224,0,2120,0,0,2120,T
1-PB2,1225,0,2102,0,1,2103,T
1-PB2,1226,0,0,2094,0,2094,G
1-PB2,1227,0,2,0,2058,2060,C
1-PB2,1228,2086,0,1,0,2087,A
1-PB2,1229,0,2100,0,0,2100,T
1-PB2,1230,0,3,2185,0,2188,G
1-PB2,1231,2180,0,0,0,2180,A
1-PB2,1232,0,2220,1,0,2221,T
1-PB2,1233,2204,0,0,0,2204,A
1-PB2,1234,2201,0,0,0,2201,A
1-PB2,1235,2190,0,2,0,2192,A
1-PB2,1236,2193,0,2,0,2195,A
1-PB2,1237,1,0,2182,0,2183,G
1-PB2,1238,0,0,0,2241,2241,C
1-PB2,1239,2255,0,0,0,2255,A
1-PB2,1240,1,0,2332,0,2333,G
1-PB2,1241,0,2326,0,1,2327,T
1-PB2,1242,0,2322,0,0,2322,T
1-PB2,1243,2327,0,0,0,2327,A
1-PB2,1244,1,1,2335,0,2337,G
1-PB2,1245,2322,0,2,0,2324,A
1-PB2,1246,0,2,2312,1,2315,G
1-PB2,1247,0,0,2305,0,2305,G
1-PB2,1248,1,2175,0,2,2178,T
1-PB2,1249,0,8,2228,0,2236,G
1-PB2,1250,2217,0,0,0,2217,A
1-PB2,1251,0,1,0,2243,2244,C
1-PB2,1252,4,0,0,2254,2258,C
1-PB2,1253,0,2256,0,2,2258,T
1-PB2,1254,0,4,2267,0,2271,G
1-PB2,1255,2242,0,0,20,2262,A
1-PB2,1256,2257,0,0,0,2257,A
1-PB2,1257,0,2254,0,0,2254,T
1-PB2,1258,1,2288,0,1,2290,T
1-PB2,1259,0,2298,0,1,2299,T
1-PB2,1260,2,0,0,2295,2297,C
1-PB2,1261,2,0,2296,0,2298,G
1-PB2,1262,0,2289,0,3,2292,T
1-PB2,1263,1,0,0,2290,2291,C
1-PB2,1264,2293,0,1,0,2294,A
1-PB2,1265,2289,0,0,0,2289,A
1-PB2,1266,0,0,0,2294,2294,C
1-PB2,1267,2256,0,0,0,2256,A
1-PB2,1268,1,5,2292,0,2298,G
1-PB2,1269,2271,0,3,0,2274,A
1-PB2,1270,0,0,2280,0,2280,G
1-PB2,1271,0,0,1,2269,2270,C
1-PB2,1272,2289,0,2,0,2291,A
1-PB2,1273,2345,1,0,0,2346,A
1-PB2,1274,2340,0,0,0,2340,A
1-PB2,1275,0,2326,0,0,2326,T
1-PB2,1276,3,1,0,2336,2340,C
1-PB2,1277,2340,0,1,0,2341,A
1-PB2,1278,1,3,2313,0,2317,G
1-PB2,1279,2257,0,4,1,2262,A
1-PB2,1280,0,3,2308,0,2311,G
1-PB2,1281,0,2,2368,0,2370,G
1-PB2,1282,0,2377,0,2,2379,T
1-PB2,1283,0,2371,0,0,2371,T
1-PB2,1284,0,4,2359,0,2363,G
1-PB2,1285,2374,0,2,0,2376,A
1-PB2,1286,2379,0,5,0,2384,A
1-PB2,1287,1,2,0,2399,2402,C
1-PB2,1288,5,1,0,2382,2388,C
1-PB2,1289,4,0,0,2390,2394,C
1-PB2,1290,3,0,0,2345,2348,C
1-PB2,1291,2366,0,2,0,2368,A
1-PB2,1292,0,2364,0,1,2365,T
1-PB2,1293,2,1,2366,0,2369,G
1-PB2,1294,0,1,0,2377,2378,C
1-PB2,1295,2377,0,2,0,2379,A
1-PB2,1296,1,2344,0,2,2347,T
1-PB2,1297,1,0,0,2338,2339,C
1-PB2,1298,2321,0,2,0,2323,A
1-PB2,1299,0,0,2361,0,2361,G
1-PB2,1300,0,0,0,2360,2360,C
1-PB2,1301,0,2369,0,6,2375,T
1-PB2,1302,0,2383,0,1,2384,T
1-PB2,1303,0,2376,0,0,2376,T
1-PB2,1304,0,2377,0,0,2377,T
1-PB2,1305,2379,0,0,0,2379,A
1-PB2,1306,2364,0,3,0,2367,A
1-PB2,1307,0,1,2365,0,2366,G
1-PB2,1308,1,2,2327,0,2330,G
1-PB2,1309,1,1,0,2318,2320,C
1-PB2,1310,2334,0,0,1,2335,A
1-PB2,1311,0,2335,0,0,2335,T
1-PB2,1312,0,2342,0,1,2343,T
1-PB2,1313,0,2334,1,1,2336,T
1-PB2,1314,0,2343,0,1,2344,T
1-PB2,1315,4,0,0,2354,2358,C
1-PB2,1316,2350,0,1,0,2351,A
1-PB2,1317,0,3,2351,0,2354,G
1-PB2,1318,2341,0,1,1,2343,A
1-PB2,1319,2346,0,1,0,2347,A
1-PB2,1320,2335,1,3,1,2340,A
1-PB2,1321,0,0,2352,1,2353,G
1-PB2,1322,2348,0,5,0,2353,A
1-PB2,1323,0,2342,0,0,2342,T
1-PB2,1324,1,1,2350,0,2352,G
1-PB2,1325,1,2,0,2335,2338,C
1-PB2,1326,0,2,2362,0,2364,G
1-PB2,1327,2342,0,1,0,2343,A
1-PB2,1328,2345,0,0,0,2345,A
1-PB2,1329,2348,0,0,0,2348,A
1-PB2,1330,0,0,2356,0,2356,G
1-PB2,1331,0,2305,0,0,2305,T
1-PB2,1332,1,0,2315,0,2316,G
1-PB2,1333,0,0,0,2284,2284,C
1-PB2,1334,0,2307,0,2,2309,T
1-PB2,1335,0,2319,1,0,2320,T
1-PB2,1336,0,2328,0,1,2329,T
1-PB2,1337,0,2322,0,1,2323,T
1-PB2,1338,2,2303,0,1,2306,T
1-PB2,1339,4,0,0,2319,2323,C
1-PB2,1340,2325,0,1,0,2326,A
1-PB2,1341,2337,0,1,0,2338,A
1-PB2,1342,2327,0,1,0,2328,A
1-PB2,1343,2331,0,0,0,2331,A
1-PB2,1344,0,2332,0,0,2332,T
1-PB2,1345,0,2359,0,0,2359,T
1-PB2,1346,1,2,2346,0,2349,G
1-PB2,1347,0,2,2327,0,2329,G
1-PB2,1348,1,1,2334,0,2336,G
1-PB2,1349,1,2,2359,0,2362,G
1-PB2,1350,2337,0,1,0,2338,A
1-PB2,1351,0,1,2391,0,2392,G
1-PB2,1352,0,2385,0,0,2385,T
1-PB2,1353,0,2391,0,0,2391,T
1-PB2,1354,3,7,2385,0,2395,G
1-PB2,1355,2395,0,1,0,2396,A
1-PB2,1356,2395,0,2,0,2397,A
1-PB2,1357,0,0,0,2473,2473,C
1-PB2,1358,2434,0,0,0,2434,A
1-PB2,1359,1,0,0,2512,2513,C
1-PB2,1360,2466,0,0,0,2466,A
1-PB2,1361,1,2443,0,14,2458,T
1-PB2,1362,0,2436,0,0,2436,T
1-PB2,1363,0,5,2480,0,2485,G
1-PB2,1364,2468,0,2,0,2470,A
1-PB2,1365,0,0,0,2473,2473,C
1-PB2,1366,2370,0,1,0,2371,A
1-PB2,1367,0,0,2425,0,2425,G
1-PB2,1368,0,2326,0,0,2326,T
1-PB2,1369,1,1,2381,0,2383,G
1-PB2,1370,0,2349,0,1,2350,T
1-PB2,1371,0,1,2369,0,2370,G
1-PB2,1372,2344,12,2,0,2358,A
1-PB2,1373,0,2333,0,2,2335,T
1-PB2,1374,0,2,2349,0,2351,G
1-PB2,1375,0,2,2330,0,2332,G
1-PB2,1376,0,3,2312,1,2316,G
1-PB2,1377,2302,0,4,0,2306,A
1-PB2,1378,2291,0,1,0,2292,A
1-PB2,1379,0,2304,0,0,2304,T
1-PB2,1380,0,3,2306,0,2309,G
1-PB2,1381,2307,0,0,0,2307,A
1-PB2,1382,0,2271,0,0,2271,T
1-PB2,1383,0,2285,0,1,2286,T
1-PB2,1384,0,1,2273,0,2274,G
1-PB2,1385,0,2,2319,0,2321,G
1-PB2,1386,2264,0,3,0,2267,A
1-PB2,1387,0,1,2297,0,2298,G
1-PB2,1388,0,2249,0,1,2250,T
1-PB2,1389,2264,2,0,0,2266,A
1-PB2,1390,0,2278,0,1,2279,T
1-PB2,1391,0,2305,0,0,2305,T
1-PB2,1392,2321,0,0,0,2321,A
1-PB2,1393,0,0,0,2316,2316,C
1-PB2,1394,0,1,0,2280,2281,C
1-PB2,1395,2278,0,1,0,2279,A
1-PB2,1396,0,1,2276,0,2277,G
1-PB2,1397,2294,0,1,0,2295,A
1-PB2,1398,0,2284,0,0,2284,T
1-PB2,1399,2263,0,0,0,2263,A
1-PB2,1400,0,2226,0,1,2227,T
1-PB2,1401,0,3,2199,1,2203,G
1-PB2,1402,2204,0,0,0,2204,A
1-PB2,1403,0,1,0,2201,2202,C
1-PB2,1404,0,2148,0,14,2162,T
1-PB2,1405,1,0,0,2138,2139,C
1-PB2,1406,2,0,0,2154,2156,C
1-PB2,1407,2191,0,1,0,2192,A
1-PB2,1408,2190,0,3,0,2193,A
1-PB2,1409,0,1,2244,0,2245,G
1-PB2,1410,1,1,0,2218,2220,C
1-PB2,1411,2208,1,3,0,2212,A
1-PB2,1412,1,2,0,2217,2220,C
1-PB2,1413,2198,0,0,0,2198,A
1-PB2,1414,0,1,2205,0,2206,G
1-PB2,1415,2190,0,2,0,2192,A
1-PB2,1416,0,1,2213,0,2214,G
1-PB2,1417,2227,0,0,0,2227,A
1-PB2,1418,0,2169,0,4,2173,T
1-PB2,1419,1,1,2213,0,2215,G
1-PB2,1420,0,2176,0,0,2176,T
1-PB2,1421,6,2,0,2165,2173,C
1-PB2,1422,2182,0,0,0,2182,A
1-PB2,1423,2171,0,1,0,2172,A
1-PB2,1424,0,2161,0,1,2162,T
1-PB2,1425,0,1,2157,0,2158,G
1-PB2,1426,2142,0,0,0,2142,A
1-PB2,1427,0,3,2148,0,2151,G
1-PB2,1428,2106,0,4,0,2110,A
1-PB2,1429,0,1,2111,0,2112,G
1-PB2,1430,0,1,2205,1,2207,G
1-PB2,1431,2183,0,20,0,2203,A
1-PB2,1432,2208,0,1,0,2209,A
1-PB2,1433,0,2208,1,1,2210,T
1-PB2,1434,2219,0,1,0,2220,A
1-PB2,1435,2220,0,0,0,2220,A
1-PB2,1436,0,3,2217,0,2220,G
1-PB2,1437,2196,1,4,0,2201,A
1-PB2,1438,0,0,2207,0,2207,G
1-PB2,1439,0,2053,0,0,2053,T
1-PB2,1440,4,0,0,2057,2061,C
1-PB2,1441,2068,0,1,0,2069,A
1-PB2,1442,1,0,2069,0,2070,G
1-PB2,1443,2,0,0,2071,2073,C
1-PB2,1444,2087,0,0,0,2087,A
1-PB2,1445,2106,0,1,0,2107,A
1-PB2,1446,2091,1,0,0,2092,A
1-PB2,1447,2087,0,0,0,2087,A
1-PB2,1448,0,2082,0,1,2083,T
1-PB2,1449,0,0,2097,0,2097,G
1-PB2,1450,0,0,2090,0,2090,G
1-PB2,1451,2,0,2100,0,2102,G
1-PB2,1452,0,2041,0,15,2056,T
1-PB2,1453,0,0,2081,0,2081,G
1-PB2,1454,0,2059,0,0,2059,T
1-PB2,1455,1,0,2056,0,2057,G
1-PB2,1456,0,1,2109,0,2110,G
1-PB2,1457,2104,0,0,0,2104,A
1-PB2,1458,0,2081,0,2,2083,T
1-PB2,1459,1,3,2104,0,2108,G
1-PB2,1460,2095,0,2,0,2097,A
1-PB2,1461,2103,0,2,0,2105,A
1-PB2,1462,1,2095,0,0,2096,T
1-PB2,1463,2062,0,0,0,2062,A
1-PB2,1464,0,0,0,2190,2190,C
1-PB2,1465,0,2121,0,5,2126,T
1-PB2,1466,2,0,0,2145,2147,C
1-PB2,1467,3,0,0,2169,2172,C
1-PB2,1468,2170,0,4,0,2174,A
1-PB2,1469,0,0,2245,0,2245,G
1-PB2,1470,0,2223,0,1,2224,T
1-PB2,1471,2239,0,0,0,2239,A
1-PB2,1472,1,1,0,2227,2229,C
1-PB2,1473,2040,0,0,0,2040,A
1-PB2,1474,0,1,2060,0,2061,G
1-PB2,1475,1982,0,1,0,1983,A
1-PB2,1476,0,0,1994,0,1994,G
1-PB2,1477,1938,0,0,0,1938,A
1-PB2,1478,0,0,1884,0,1884,G
1-PB2,1479,0,0,1871,0,1871,G
1-PB2,1480,14,0,1852,0,1866,G
1-PB2,1481,0,1804,0,0,1804,T
1-PB2,1482,0,0,1832,0,1832,G
1-PB2,1483,0,0,1833,0,1833,G
1-PB2,1484,0,1807,0,2,1809,T
1-PB2,1485,1,1,1849,2,1853,G
1-PB2,1486,1,0,1860,0,1861,G
1-PB2,1487,0,1814,0,1,1815,T
1-PB2,1488,0,1824,0,1,1825,T
1-PB2,1489,1795,0,1,0,1796,A
1-PB2,1490,1,0,1792,0,1793,G
1-PB2,1491,0,0,0,1789,1789,C
1-PB2,1492,1789,0,0,0,1789,A
1-PB2,1493,0,1787,0,0,1787,T
1-PB2,1494,0,1685,0,0,1685,T
1-PB2,1495,0,2,1675,0,1677,G
1-PB2,1496,1674,0,0,1,1675,A
1-PB2,1497,0,1656,0,0,1656,T
1-PB2,1498,0,0,0,1673,1673,C
1-PB2,1499,1,1,1675,0,1677,G
1-PB2,1500,0,0,1707,0,1707,G
1-PB2,1501,0,1683,0,0,1683,T
1-PB2,1502,0,1678,0,2,1680,T
1-PB2,1503,0,1701,0,1,1702,T
1-PB2,1504,1,1694,1,0,1696,T
1-PB2,1505,0,1690,1,0,1691,T
1-PB2,1506,0,1,1705,0,1706,G
1-PB2,1507,1697,1,2,0,1700,A
1-PB2,1508,0,3,1696,0,1699,G
1-PB2,1509,1624,0,0,0,1624,A
1-PB2,1510,1,0,1635,1,1637,G
1-PB2,1511,0,1638,0,0,1638,T
1-PB2,1512,0,1624,0,0,1624,T
1-PB2,1513,6,0,1,1630,1637,C
1-PB2,1514,0,1,1635,0,1636,G
1-PB2,1515,1646,0,0,0,1646,A
1-PB2,1516,0,2,1632,0,1634,G
1-PB2,1517,1619,0,7,0,1626,A
1-PB2,1518,0,0,0,1622,1622,C
1-PB2,1519,1,0,0,1615,1616,C
1-PB2,1520,1609,0,0,0,1609,A
1-PB2,1521,1609,0,0,0,1609,A
1-PB2,1522,0,0,0,1622,1622,C
1-PB2,1523,0,0,1631,0,1631,G
1-PB2,1524,0,1611,0,0,1611,T
1-PB2,1525,0,1,1609,0,1610,G
1-PB2,1526,0,0,1616,0,1616,G
1-PB2,1527,1,0,1614,0,1615,G
1-PB2,1528,1599,0,2,0,1601,A
1-PB2,1529,1600,0,0,0,1600,A
1-PB2,1530,0,1544,0,0,1544,T
1-PB2,1531,0,0,1616,0,1616,G
1-PB2,1532,0,1608,0,0,1608,T
1-PB2,1533,1610,0,0,0,1610,A
1-PB2,1534,0,1605,0,1,1606,T
1-PB2,1535,1,1582,1,1,1585,T
1-PB2,1536,1611,0,0,0,1611,A
1-PB2,1537,0,1595,0,0,1595,T
1-PB2,1538,0,1566,0,1,1567,T
1-PB2,1539,1572,0,0,0,1572,A
1-PB2,1540,0,1382,0,1,1383,T
1-PB2,1541,0,0,0,1427,1427,C
1-PB2,1542,0,1383,1,2,1386,T
1-PB2,1543,5,0,0,1392,1397,C
1-PB2,1544,2,0,0,1399,1401,C
1-PB2,1545,0,1366,1,1,1368,T
1-PB2,1546,0,1,1366,0,1367,G
1-PB2,1547,1364,0,1,0,1365,A
1-PB2,1548,0,0,1367,0,1367,G
1-PB2,1549,0,0,1351,0,1351,G
1-PB2,1550,1216,0,1,0,1217,A
1-PB2,1551,0,3,1218,0,1221,G
1-PB2,1552,0,1,1215,0,1216,G
1-PB2,1553,0,1126,0,1,1127,T
1-PB2,1554,1,0,0,1132,1133,C
1-PB2,1555,1131,1,0,0,1132,A
1-PB2,1556,0,0,1146,0,1146,G
1-PB2,1557,0,1144,0,2,1146,T
1-PB2,1558,0,1,1139,0,1140,G
1-PB2,1559,1135,0,0,0,1135,A
1-PB2,1560,1074,0,1,0,1075,A
1-PB2,1561,1082,0,1,0,1083,A
1-PB2,1562,0,1,0,1073,1074,C
1-PB2,1563,1058,0,0,0,1058,A
1-PB2,1564,0,0,0,1061,1061,C
1-PB2,1565,1006,0,0,0,1006,A
1-PB2,1566,1,0,1007,0,1008,G
1-PB2,1567,0,0,1003,0,1003,G
1-PB2,1568,0,1,1007,0,1008,G
1-PB2,1569,1007,0,0,0,1007,A
1-PB2,1570,977,0,2,0,979,A
1-PB2,1571,0,0,0,988,988,C
1-PB2,1572,0,981,0,0,981,T
1-PB2,1573,1,1,979,0,981,G
1-PB2,1574,963,0,1,0,964,A
1-PB2,1575,1,0,962,0,963,G
1-PB2,1576,946,0,0,0,946,A
1-PB2,1577,1,0,875,0,876,G
1-PB2,1578,871,0,2,0,873,A
1-PB2,1579,0,0,0,863,863,C
1-PB2,1580,0,822,0,1,823,T
1-PB2,1581,0,2,833,0,835,G
1-PB2,1582,829,0,1,0,830,A
1-PB2,1583,0,0,0,832,832,C
1-PB2,1584,832,0,1,0,833,A
1-PB2,1585,828,1,0,0,829,A
1-PB2,1586,1,826,0,0,827,T
1-PB2,1587,825,0,0,0,825,A
1-PB2,1588,814,0,0,0,814,A
1-PB2,1589,0,1,0,822,823,C
1-PB2,1590,0,753,0,1,754,T
1-PB2,1591,0,746,0,0,746,T
1-PB2,1592,727,0,0,0,727,A
1-PB2,1593,0,720,0,2,722,T
1-PB2,1594,0,721,0,0,721,T
1-PB2,1595,0,0,0,714,714,C
1-PB2,1596,649,0,0,0,649,A
1-PB2,1597,0,636,0,0,636,T
1-PB2,1598,0,0,0,598,598,C
1-PB2,1599,2,0,600,0,602,G
1-PB2,1600,0,600,0,0,600,T
1-PB2,1601,0,0,0,587,587,C
1-PB2,1602,6,6,576,0,588,G
1-PB2,1603,587,0,0,0,587,A
1-PB2,1604,0,584,0,0,584,T
1-PB2,1605,0,0,588,0,588,G
1-PB2,1606,582,0,0,0,582,A
1-PB2,1607,0,574,0,0,574,T
1-PB2,1608,0,0,566,0,566,G
1-PB2,1609,0,521,0,0,521,T
1-PB2,1610,1,0,522,0,523,G
1-PB2,1611,0,0,522,0,522,G
1-PB2,1612,0,0,519,0,519,G
1-PB2,1613,500,0,0,0,500,A
1-PB2,1614,1,1,488,0,490,G
1-PB2,1615,433,0,0,0,433,A
1-PB2,1616,0,403,0,0,403,T
1-PB2,1617,0,376,0,0,376,T
1-PB2,1618,372,0,1,0,373,A
1-PB2,1619,369,0,0,0,369,A
1-PB2,1620,0,1,0,359,360,C
1-PB2,1621,0,0,321,0,321,G
1-PB2,1622,0,0,314,0,314,G
1-PB2,1623,0,234,0,0,234,T
1-PB2,1624,0,0,0,228,228,C
1-PB2,1625,0,0,0,234,234,C
1-PB2,1626,0,198,0,0,198,T
1-PB2,1627,0,0,199,0,199,G
1-PB2,1628,197,0,0,0,197,A
1-PB2,1629,0,0,205,0,205,G
1-PB2,1630,0,198,0,0,198,T
1-PB2,1631,0,0,0,194,194,C
1-PB2,1632,0,0,193,0,193,G
1-PB2,1633,0,0,198,0,198,G
1-PB2,1634,0,197,0,0,197,T
1-PB2,1635,0,199,0,0,199,T
1-PB2,1636,0,199,0,0,199,T
1-PB2,1637,0,199,0,0,199,T
1-PB2,1638,0,0,203,0,203,G
1-PB2,1639,0,0,200,0,200,G
1-PB2,1640,0,205,0,0,205,T
1-PB2,1641,1,0,0,206,207,C
1-PB2,1642,200,0,0,0,200,A
1-PB2,1643,206,0,0,0,206,A
1-PB2,1644,0,209,0,0,209,T
1-PB2,1645,202,0,0,0,202,A
1-PB2,1646,0,0,0,213,213,C
1-PB2,1647,2,0,0,207,209,C
1-PB2,1648,0,208,0,0,208,T
1-PB2,1649,215,0,0,0,215,A
1-PB2,1650,0,216,0,0,216,T
1-PB2,1651,0,0,0,218,218,C
1-PB2,1652,210,0,0,0,210,A
1-PB2,1653,208,0,0,0,208,A
1-PB2,1654,0,208,0,0,208,T
1-PB2,1655,0,1,205,0,206,G
1-PB2,1656,0,0,206,0,206,G
1-PB2,1657,206,0,0,0,206,A
1-PB2,1658,0,206,0,0,206,T
1-PB2,1659,2,0,0,204,206,C
1-PB2,1660,202,0,0,0,202,A
1-PB2,1661,0,202,0,0,202,T
1-PB2,1662,0,0,0,202,202,C
1-PB2,1663,201,0,0,0,201,A
1-PB2,1664,0,0,207,0,207,G
1-PB2,1665,208,0,0,0,208,A
1-PB2,1666,208,0,0,0,208,A
1-PB2,1667,207,0,0,0,207,A
1-PB2,1668,0,202,0,0,202,T
1-PB2,1669,0,208,0,0,208,T
1-PB2,1670,0,0,204,0,204,G
1-PB2,1671,0,0,205,0,205,G
1-PB2,1672,0,0,203,0,203,G
1-PB2,1673,202,0,0,0,202,A
1-PB2,1674,203,0,0,0,203,A
1-PB2,1675,0,0,199,0,199,G
1-PB2,1676,0,0,0,198,198,C
1-PB2,1677,0,200,0,0,200,T
1-PB2,1678,0,0,205,0,205,G
1-PB2,1679,0,203,0,0,203,T
1-PB2,1680,1,0,0,202,203,C
1-PB2,1681,204,0,0,0,204,A
1-PB2,1682,204,0,0,0,204,A
1-PB2,1683,206,0,0,0,206,A
1-PB2,1684,203,0,0,0,203,A
1-PB2,1685,0,206,0,0,206,T
1-PB2,1686,0,206,0,0,206,T
1-PB2,1687,4,0,0,199,203,C
1-PB2,1688,201,0,0,0,201,A
1-PB2,1689,201,0,0,0,201,A
1-PB2,1690,0,200,0,0,200,T
1-PB2,1691,0,1,198,0,199,G
1-PB2,1692,0,0,201,0,201,G
1-PB2,1693,0,207,0,0,207,T
1-PB2,1694,1,0,0,205,206,C
1-PB2,1695,0,206,0,0,206,T
1-PB2,1696,0,1,0,207,208,C
1-PB2,1697,210,0,0,0,210,A
1-PB2,1698,0,0,210,0,210,G
1-PB2,1699,208,0,0,0,208,A
1-PB2,1700,212,0,0,0,212,A
1-PB2,1701,0,209,0,0,209,T
1-PB2,1702,1,0,0,201,202,C
1-PB2,1703,0,0,0,202,202,C
1-PB2,1704,0,202,0,0,202,T
1-PB2,1705,0,0,204,0,204,G
1-PB2,1706,0,0,0,205,205,C
1-PB2,1707,206,0,0,0,206,A
1-PB2,1708,210,0,0,0,210,A
1-PB2,1709,1,206,0,0,207,T
1-PB2,1710,0,1,211,0,212,G
1-PB2,1711,0,212,0,0,212,T
1-PB2,1712,0,203,0,1,204,T
1-PB2,1713,0,0,210,0,210,G
1-PB2,1714,0,205,0,0,205,T
1-PB2,1715,205,0,0,0,205,A
1-PB2,1716,0,1,0,204,205,C
1-PB2,1717,198,0,0,0,198,A
1-PB2,1718,196,0,0,0,196,A
1-PB2,1719,0,0,0,198,198,C
1-PB2,1720,198,0,0,0,198,A
1-PB2,1721,198,0,0,0,198,A
1-PB2,1722,196,0,0,0,196,A
1-PB2,1723,193,0,0,0,193,A
1-PB2,1724,0,196,0,0,196,T
1-PB2,1725,0,0,198,0,198,G
1-PB2,1726,0,0,192,0,192,G
1-PB2,1727,198,0,0,0,198,A
1-PB2,1728,201,0,0,0,201,A
1-PB2,1729,0,198,0,0,198,T
1-PB2,1730,0,201,0,0,201,T
1-PB2,1731,0,200,0,0,200,T
1-PB2,1732,0,0,201,0,201,G
1-PB2,1733,200,0,0,0,200,A
1-PB2,1734,200,0,0,0,200,A
1-PB2,1735,0,0,0,199,199,C
1-PB2,1736,0,0,0,201,201,C
1-PB2,1737,204,0,0,0,204,A
1-PB2,1738,0,204,0,0,204,T
1-PB2,1739,0,205,0,0,205,T
1-PB2,1740,0,205,0,0,205,T
1-PB2,1741,0,0,0,206,206,C
1-PB2,1742,204,0,0,0,204,A
1-PB2,1743,207,0,0,0,207,A
1-PB2,1744,0,207,1,0,208,T
1-PB2,1745,0,0,0,214,214,C
1-PB2,1746,0,206,0,0,206,T
1-PB2,1747,0,203,0,0,203,T
1-PB2,1748,0,205,0,0,205,T
1-PB2,1749,171,0,33,0,204,A
1-PB2,1750,0,0,206,0,206,G
1-PB2,1751,0,207,0,0,207,T
1-PB2,1752,0,0,0,209,209,C
1-PB2,1753,0,0,0,215,215,C
1-PB2,1754,0,0,0,211,211,C
1-PB2,1755,1,0,0,210,211,C
1-PB2,1756,211,0,0,0,211,A
1-PB2,1757,211,0,1,0,212,A
1-PB2,1758,0,0,207,0,207,G
1-PB2,1759,0,0,207,0,207,G
1-PB2,1760,0,0,0,207,207,C
1-PB2,1761,1,0,0,208,209,C
1-PB2,1762,211,0,0,0,211,A
1-PB2,1763,0,214,0,0,214,T
1-PB2,1764,0,213,0,0,213,T
1-PB2,1765,213,0,0,0,213,A
1-PB2,1766,0,0,215,0,215,G
1-PB2,1767,207,0,0,0,207,A
1-PB2,1768,213,0,0,0,213,A
1-PB2,1769,0,0,212,0,212,G
1-PB2,1770,0,0,0,210,210,C
1-PB2,1771,0,0,0,217,217,C
1-PB2,1772,214,0,0,0,214,A
1-PB2,1773,217,0,0,0,217,A
1-PB2,1774,0,220,0,0,220,T
1-PB2,1775,218,0,0,0,218,A
1-PB2,1776,0,0,0,222,222,C
1-PB2,1777,209,0,0,0,209,A
1-PB2,1778,0,0,205,0,205,G
1-PB2,1779,0,201,0,0,201,T
1-PB2,1780,0,0,206,0,206,G
1-PB2,1781,0,0,205,0,205,G
1-PB2,1782,0,0,207,0,207,G
1-PB2,1783,0,202,0,0,202,T
1-PB2,1784,0,207,0,0,207,T
1-PB2,1785,0,201,0,0,201,T
1-PB2,1786,0,0,205,0,205,G
1-PB2,1787,0,205,0,0,205,T
1-PB2,1788,0,0,0,205,205,C
1-PB2,1789,201,0,0,0,201,A
1-PB2,1790,0,0,203,0,203,G
1-PB2,1791,202,0,0,0,202,A
1-PB2,1792,199,0,1,0,200,A
1-PB2,1793,0,0,0,203,203,C
1-PB2,1794,0,189,0,0,189,T
1-PB2,1795,2,0,0,198,200,C
1-PB2,1796,0,200,0,0,200,T
1-PB2,1797,198,0,0,0,198,A
1-PB2,1798,0,198,0,0,198,T
1-PB2,1799,0,195,0,0,195,T
1-PB2,1800,0,0,0,198,198,C
1-PB2,1801,0,0,0,199,199,C
1-PB2,1802,198,0,1,0,199,A
1-PB2,1803,200,0,0,0,200,A
1-PB2,1804,0,0,0,200,200,C
1-PB2,1805,199,0,0,0,199,A
1-PB2,1806,199,0,0,0,199,A
1-PB2,1807,200,0,1,0,201,A
1-PB2,1808,0,200,0,0,200,T
1-PB2,1809,0,0,201,0,201,G
1-PB2,1810,203,0,0,0,203,A
1-PB2,1811,0,1,204,0,205,G
1-PB2,1812,204,0,0,0,204,A
1-PB2,1813,0,0,204,0,204,G
1-PB2,1814,198,0,1,0,199,A
1-PB2,1815,0,0,0,206,206,C
1-PB2,1816,0,0,202,0,202,G
1-PB2,1817,0,203,0,0,203,T
1-PB2,1818,208,0,0,0,208,A
1-PB2,1819,0,0,0,207,207,C
1-PB2,1820,0,208,0,0,208,T
1-PB2,1821,0,207,0,0,207,T
1-PB2,1822,1,0,205,0,206,G
1-PB2,1823,0,0,206,0,206,G
1-PB2,1824,1,1,203,0,205,G
1-PB2,1825,204,0,0,0,204,A
1-PB2,1826,1,0,0,203,204,C
1-PB2,1827,203,0,0,0,203,A
1-PB2,1828,0,204,0,0,204,T
1-PB2,1829,0,205,0,0,205,T
1-PB2,1830,0,204,0,0,204,T
1-PB2,1831,0,1,203,0,204,G
1-PB2,1832,204,0,0,0,204,A
1-PB2,1833,0,0,0,205,205,C
1-PB2,1834,199,0,0,0,199,A
1-PB2,1835,0,0,0,204,204,C
1-PB2,1836,0,0,0,195,195,C
1-PB2,1837,197,0,0,0,197,A
1-PB2,1838,0,0,0,202,202,C
1-PB2,1839,2,0,0,201,203,C
1-PB2,1840,0,0,0,199,199,C
1-PB2,1841,206,0,0,0,206,A
1-PB2,1842,0,0,204,0,204,G
1-PB2,1843,202,0,0,0,202,A
1-PB2,1844,0,211,0,0,211,T
1-PB2,1845,206,0,0,0,206,A
1-PB2,1846,207,0,0,0,207,A
1-PB2,1847,0,206,0,0,206,T
1-PB2,1848,206,0,0,0,206,A
1-PB2,1849,201,0,0,0,201,A
1-PB2,1850,202,0,0,0,202,A
1-PB2,1851,0,0,205,0,205,G
1-PB2,1852,0,0,0,200,200,C
1-PB2,1853,0,198,0,0,198,T
1-PB2,1854,0,199,0,0,199,T
1-PB2,1855,1,0,0,201,202,C
1-PB2,1856,0,199,0,0,199,T
1-PB2,1857,1,0,0,203,204,C
1-PB2,1858,0,0,0,207,207,C
1-PB2,1859,1,0,0,204,205,C
1-PB2,1860,0,208,0,1,209,T
1-PB2,1861,0,208,0,0,208,T
1-PB2,1862,0,209,0,0,209,T
1-PB2,1863,0,213,0,0,213,T
1-PB2,1864,0,0,210,0,210,G
1-PB2,1865,0,1,0,211,212,C
1-PB2,1866,205,0,1,0,206,A
1-PB2,1867,1,0,204,0,205,G
1-PB2,1868,0,0,0,206,206,C
1-PB2,1869,0,204,0,1,205,T
1-PB2,1870,0,0,204,0,204,G
1-PB2,1871,0,4,0,198,202,C
1-PB2,1872,0,204,0,0,204,T
1-PB2,1873,0,0,0,204,204,C
1-PB2,1874,0,0,0,207,207,C
1-PB2,1875,206,0,0,0,206,A
1-PB2,1876,0,0,0,207,207,C
1-PB2,1877,0,0,0,208,208,C
1-PB2,1878,209,0,0,0,209,A
1-PB2,1879,211,0,0,0,211,A
1-PB2,1880,208,0,0,0,208,A
1-PB2,1881,0,0,209,0,209,G
1-PB2,1882,1,0,0,207,208,C
1-PB2,1883,206,0,0,0,206,A
1-PB2,1884,204,0,2,0,206,A
1-PB2,1885,208,0,0,0,208,A
1-PB2,1886,0,0,210,0,210,G
1-PB2,1887,0,0,0,208,208,C
1-PB2,1888,208,0,0,0,208,A
1-PB2,1889,0,0,213,0,213,G
1-PB2,1890,212,0,1,0,213,A
1-PB2,1891,216,0,0,0,216,A
1-PB2,1892,0,213,0,0,213,T
1-PB2,1893,0,0,215,0,215,G
1-PB2,1894,0,0,0,213,213,C
1-PB2,1895,209,0,0,0,209,A
1-PB2,1896,0,0,212,0,212,G
1-PB2,1897,0,210,0,0,210,T
1-PB2,1898,0,220,0,0,220,T
1-PB2,1899,1,0,0,219,220,C
1-PB2,1900,0,216,0,1,217,T
1-PB2,1901,0,0,0,220,220,C
1-PB2,1902,0,222,0,0,222,T
1-PB2,1903,0,215,1,0,216,T
1-PB2,1904,0,0,0,220,220,C
1-PB2,1905,215,0,0,0,215,A
1-PB2,1906,0,0,0,219,219,C
1-PB2,1907,0,206,0,0,206,T
1-PB2,1908,0,1,207,0,208,G
1-PB2,1909,210,0,0,0,210,A
1-PB2,1910,0,0,0,216,216,C
1-PB2,1911,0,211,0,0,211,T
1-PB2,1912,0,0,213,0,213,G
1-PB2,1913,1,205,0,0,206,T
1-PB2,1914,0,1,208,0,209,G
1-PB2,1915,208,0,0,0,208,A
1-PB2,1916,208,0,0,0,208,A
1-PB2,1917,0,210,0,0,210,T
1-PB2,1918,0,1,207,0,208,G
1-PB2,1919,0,201,0,0,201,T
1-PB2,1920,0,198,0,0,198,T
1-PB2,1921,201,0,0,0,201,A
1-PB2,1922,0,1,198,0,199,G
1-PB2,1923,5,0,191,0,196,G
1-PB2,1924,0,0,199,0,199,G
1-PB2,1925,0,0,194,0,194,G
1-PB2,1926,197,0,0,0,197,A
1-PB2,1927,0,199,0,0,199,T
1-PB2,1928,0,0,0,200,200,C
1-PB2,1929,199,0,0,0,199,A
1-PB2,1930,0,0,203,0,203,G
1-PB2,1931,0,1,201,0,202,G
1-PB2,1932,0,0,201,0,201,G
1-PB2,1933,200,0,0,0,200,A
1-PB2,1934,0,197,0,0,197,T
1-PB2,1935,0,0,202,0,202,G
1-PB2,1936,197,0,1,0,198,A
1-PB2,1937,0,0,202,0,202,G
1-PB2,1938,202,0,0,0,202,A
1-PB2,1939,199,0,0,0,199,A
1-PB2,1940,0,196,0,0,196,T
1-PB2,1941,193,0,0,0,193,A
1-PB2,1942,0,0,0,202,202,C
1-PB2,1943,0,200,0,0,200,T
1-PB2,1944,0,202,0,0,202,T
1-PB2,1945,1,0,203,0,204,G
1-PB2,1946,0,189,0,0,189,T
1-PB2,1947,190,0,0,0,190,A
1-PB2,1948,187,0,0,0,187,A
1-PB2,1949,0,0,185,0,185,G
1-PB2,1950,0,0,185,0,185,G
1-PB2,1951,0,0,177,0,177,G
1-PB2,1952,0,0,181,0,181,G
1-PB2,1953,0,0,0,184,184,C
1-PB2,1954,182,0,0,0,182,A
1-PB2,1955,193,0,0,0,193,A
1-PB2,1956,0,188,0,1,189,T
1-PB2,1957,0,189,0,0,189,T
1-PB2,1958,1,0,0,190,191,C
1-PB2,1959,0,185,0,0,185,T
1-PB2,1960,0,0,0,192,192,C
1-PB2,1961,0,0,0,195,195,C
1-PB2,1962,0,193,0,1,194,T
1-PB2,1963,0,0,199,0,199,G
1-PB2,1964,0,198,0,0,198,T
1-PB2,1965,200,0,0,1,201,A
1-PB2,1966,0,203,0,0,203,T
1-PB2,1967,0,202,0,0,202,T
1-PB2,1968,1,0,0,204,205,C
1-PB2,1969,201,0,0,0,201,A
1-PB2,1970,200,0,0,0,200,A
1-PB2,1971,0,0,0,202,202,C
1-PB2,1972,0,197,0,0,197,T
1-PB2,1973,196,0,0,0,196,A
1-PB2,1974,0,0,0,205,205,C
1-PB2,1975,202,0,0,0,202,A
1-PB2,1976,203,0,0,0,203,A
1-PB2,1977,0,0,0,204,204,C
1-PB2,1978,203,0,0,0,203,A
1-PB2,1979,199,0,1,0,200,A
1-PB2,1980,0,0,197,0,197,G
1-PB2,1981,195,0,0,0,195,A
1-PB2,1982,0,0,0,194,194,C
1-PB2,1983,0,0,0,190,190,C
1-PB2,1984,190,0,0,0,190,A
1-PB2,1985,0,0,0,192,192,C
1-PB2,1986,0,192,0,0,192,T
1-PB2,1987,191,0,1,0,192,A
1-PB2,1988,191,0,0,0,191,A
1-PB2,1989,192,0,0,0,192,A
1-PB2,1990,189,0,0,0,189,A
1-PB2,1991,0,0,193,0,193,G
1-PB2,1992,187,0,0,0,187,A
1-PB2,1993,0,0,0,193,193,C
1-PB2,1994,0,190,0,0,190,T
1-PB2,1995,187,0,0,0,187,A
1-PB2,1996,188,0,0,0,188,A
1-PB2,1997,0,0,0,188,188,C
1-PB2,1998,187,0,0,0,187,A
1-PB2,1999,188,0,0,0,188,A
1-PB2,2000,0,188,0,0,188,T
1-PB2,2001,0,188,0,0,188,T
1-PB2,2002,1,0,0,189,190,C
1-PB2,2003,0,185,0,0,185,T
1-PB2,2004,0,0,0,187,187,C
1-PB2,2005,0,0,187,0,187,G
1-PB2,2006,0,0,188,0,188,G
1-PB2,2007,188,0,0,0,188,A
1-PB2,2008,184,0,0,0,184,A
1-PB2,2009,187,0,0,0,187,A
1-PB2,2010,188,0,0,0,188,A
1-PB2,2011,0,0,183,0,183,G
1-PB2,2012,186,0,0,0,186,A
1-PB2,2013,0,187,0,0,187,T
1-PB2,2014,0,0,185,0,185,G
1-PB2,2015,0,0,0,185,185,C
1-PB2,2016,0,0,0,187,187,C
1-PB2,2017,0,0,183,0,183,G
1-PB2,2018,0,0,182,0,182,G
1-PB2,2019,0,0,0,190,190,C
1-PB2,2020,185,0,0,0,185,A
1-PB2,2021,0,0,0,196,196,C
1-PB2,2022,0,191,0,0,191,T
1-PB2,2023,0,189,0,0,189,T
1-PB2,2024,0,196,0,0,196,T
1-PB2,2025,196,0,0,0,196,A
1-PB2,2026,194,0,0,0,194,A
1-PB2,2027,1,194,0,0,195,T
1-PB2,2028,179,0,0,0,179,A
1-PB2,2029,0,0,182,0,182,G
1-PB2,2030,182,0,1,0,183,A
1-PB2,2031,185,0,0,0,185,A
1-PB2,2032,0,1,180,0,181,G
1-PB2,2033,178,0,0,0,178,A
1-PB2,2034,0,0,0,182,182,C
1-PB2,2035,0,0,0,182,182,C
1-PB2,2036,0,0,0,182,182,C
1-PB2,2037,183,0,0,0,183,A
1-PB2,2038,0,0,184,0,184,G
1-PB2,2039,185,0,0,0,185,A
1-PB2,2040,0,186,0,0,186,T
1-PB2,2041,0,2,185,0,187,G
1-PB2,2042,182,1,0,0,183,A
1-PB2,2043,182,0,0,0,182,A
1-PB2,2044,185,0,0,0,185,A
1-PB2,2045,0,0,183,0,183,G
1-PB2,2046,0,0,0,183,183,C
1-PB2,2047,187,0,0,0,187,A
1-PB2,2048,0,0,0,184,184,C
1-PB2,2049,184,0,0,0,184,A
1-PB2,2050,0,183,0,0,183,T
1-PB2,2051,1,0,0,184,185,C
1-PB2,2052,0,0,0,188,188,C
1-PB2,2053,0,0,189,0,189,G
1-PB2,2054,0,0,189,0,189,G
1-PB2,2055,184,0,0,0,184,A
1-PB2,2056,0,0,192,0,192,G
1-PB2,2057,0,189,0,0,189,T
1-PB2,2058,0,0,187,0,187,G
1-PB2,2059,0,0,183,0,183,G
1-PB2,2060,187,0,0,0,187,A
1-PB2,2061,0,0,185,0,185,G
1-PB2,2062,0,185,0,0,185,T
1-PB2,2063,0,0,0,182,182,C
1-PB2,2064,0,0,0,183,183,C
1-PB2,2065,2,1,179,0,182,G
1-PB2,2066,0,0,0,182,182,C
1-PB2,2067,0,0,0,183,183,C
1-PB2,2068,2,0,194,0,196,G
1-PB2,2069,0,189,0,1,190,T
1-PB2,2070,0,0,0,193,193,C
1-PB2,2071,0,188,0,0,188,T
1-PB2,2072,0,192,0,0,192,T
1-PB2,2073,0,0,195,0,195,G
1-PB2,2074,190,0,0,0,190,A
1-PB2,2075,0,0,194,0,194,G
1-PB2,2076,192,0,0,0,192,A
1-PB2,2077,0,0,186,0,186,G
1-PB2,2078,0,1,186,0,187,G
1-PB2,2079,0,0,185,0,185,G
1-PB2,2080,0,181,0,1,182,T
1-PB2,2081,0,180,0,0,180,T
1-PB2,2082,0,183,0,0,183,T
1-PB2,2083,0,0,0,183,183,C
1-PB2,2084,0,179,0,0,179,T
1-PB2,2085,0,0,0,188,188,C
1-PB2,2086,189,0,0,0,189,A
1-PB2,2087,0,191,0,0,191,T
1-PB2,2088,0,192,0,0,192,T
1-PB2,2089,192,0,0,0,192,A
1-PB2,2090,0,193,0,0,193,T
1-PB2,2091,189,0,0,0,189,A
1-PB2,2092,0,0,197,0,197,G
1-PB2,2093,0,0,195,0,195,G
1-PB2,2094,0,183,0,1,184,T
1-PB2,2095,182,0,0,0,182,A
1-PB2,2096,182,0,0,0,182,A
1-PB2,2097,0,0,178,0,178,G
1-PB2,2098,0,0,182,0,182,G
1-PB2,2099,180,0,0,0,180,A
1-PB2,2100,179,0,0,0,179,A
1-PB2,2101,0,0,178,0,178,G
1-PB2,2102,175,0,1,0,176,A
1-PB2,2103,0,0,0,176,176,C
1-PB2,2104,171,0,0,0,171,A
1-PB2,2105,0,0,171,0,171,G
1-PB2,2106,170,0,0,0,170,A
1-PB2,2107,172,0,0,0,172,A
1-PB2,2108,0,0,174,0,174,G
1-PB2,2109,174,0,0,0,174,A
1-PB2,2110,0,168,0,0,168,T
1-PB2,2111,167,0,0,0,167,A
1-PB2,2112,0,1,0,171,172,C
1-PB2,2113,0,0,169,0,169,G
1-PB2,2114,0,0,171,0,171,G
1-PB2,2115,167,0,0,0,167,A
1-PB2,2116,0,0,0,165,165,C
1-PB2,2117,0,0,0,173,173,C
1-PB2,2118,167,0,0,0,167,A
1-PB2,2119,0,0,174,0,174,G
1-PB2,2120,0,0,1,170,171,C
1-PB2,2121,177,0,0,0,177,A
1-PB2,2122,0,176,0,0,176,T
1-PB2,2123,0,172,0,0,172,T
1-PB2,2124,172,0,0,0,172,A
1-PB2,2125,171,0,0,0,171,A
1-PB2,2126,1,0,168,0,169,G
1-PB2,2127,0,0,0,168,168,C
1-PB2,2128,159,0,0,0,159,A
1-PB2,2129,0,164,0,0,164,T
1-PB2,2130,0,1,0,164,165,C
1-PB2,2131,165,0,0,0,165,A
1-PB2,2132,164,0,0,0,164,A
1-PB2,2133,1,161,0,0,162,T
1-PB2,2134,0,0,163,0,163,G
1-PB2,2135,163,0,0,0,163,A
1-PB2,2136,165,0,0,0,165,A
1-PB2,2137,0,0,0,165,165,C
1-PB2,2138,0,154,0,0,154,T
1-PB2,2139,0,0,160,0,160,G
1-PB2,2140,157,0,0,0,157,A
1-PB2,2141,0,0,158,0,158,G
1-PB2,2142,0,158,0,0,158,T
1-PB2,2143,156,0,0,0,156,A
1-PB2,2144,156,0,0,0,156,A
1-PB2,2145,0,0,0,156,156,C
1-PB2,2146,0,0,0,149,149,C
1-PB2,2147,0,153,0,0,153,T
1-PB2,2148,0,153,0,0,153,T
1-PB2,2149,0,0,151,0,151,G
1-PB2,2150,0,0,0,149,149,C
1-PB2,2151,147,0,0,0,147,A
1-PB2,2152,151,0,0,0,151,A
1-PB2,2153,149,0,0,0,149,A
1-PB2,2154,147,0,0,0,147,A
1-PB2,2155,0,0,147,0,147,G
1-PB2,2156,0,0,147,0,147,G
1-PB2,2157,0,0,145,0,145,G
1-PB2,2158,0,0,147,0,147,G
1-PB2,2159,147,0,0,0,147,A
1-PB2,2160,149,0,0,0,149,A
1-PB2,2161,148,0,0,0,148,A
1-PB2,2162,148,0,0,0,148,A
1-PB2,2163,0,0,146,0,146,G
1-PB2,2164,0,0,145,0,145,G
1-PB2,2165,0,0,0,142,142,C
1-PB2,2166,0,143,0,0,143,T
1-PB2,2167,146,0,0,0,146,A
1-PB2,2168,145,0,0,0,145,A
1-PB2,2169,0,145,0,0,145,T
1-PB2,2170,0,0,149,0,149,G
1-PB2,2171,0,135,0,3,138,T
1-PB2,2172,0,0,141,0,141,G
1-PB2,2173,0,0,0,143,143,C
1-PB2,2174,0,139,0,0,139,T
1-PB2,2175,139,0,0,0,139,A
1-PB2,2176,137,0,0,0,137,A
1-PB2,2177,0,140,0,0,140,T
1-PB2,2178,0,0,0,138,138,C
1-PB2,2179,0,1,136,0,137,G
1-PB2,2180,0,0,135,0,135,G
1-PB2,2181,1,0,136,0,137,G
1-PB2,2182,0,0,0,135,135,C
1-PB2,2183,139,0,0,0,139,A
1-PB2,2184,138,0,0,0,138,A
1-PB2,2185,0,0,135,0,135,G
1-PB2,2186,0,1,135,0,136,G
1-PB2,2187,137,0,0,0,137,A
1-PB2,2188,0,0,137,0,137,G
1-PB2,2189,133,0,0,0,133,A
1-PB2,2190,0,0,0,137,137,C
1-PB2,2191,0,0,134,0,134,G
1-PB2,2192,0,133,0,0,133,T
1-PB2,2193,0,0,132,0,132,G
1-PB2,2194,0,0,137,0,137,G
1-PB2,2195,0,133,0,0,133,T
1-PB2,2196,0,0,135,0,135,G
1-PB2,2197,0,129,0,0,129,T
1-PB2,2198,0,124,0,0,124,T
1-PB2,2199,0,0,124,0,124,G
1-PB2,2200,0,0,125,0,125,G
1-PB2,2201,0,125,0,0,125,T
1-PB2,2202,125,0,0,0,125,A
1-PB2,2203,122,0,0,0,122,A
1-PB2,2204,0,117,0,0,117,T
1-PB2,2205,0,0,119,0,119,G
1-PB2,2206,117,0,0,0,117,A
1-PB2,2207,113,0,0,0,113,A
1-PB2,2208,113,0,0,0,113,A
1-PB2,2209,0,0,0,114,114,C
1-PB2,2210,0,0,114,0,114,G
1-PB2,2211,111,0,0,0,111,A
1-PB2,2212,115,0,0,0,115,A
1-PB2,2213,112,0,0,0,112,A
1-PB2,2214,113,0,0,0,113,A
1-PB2,2215,0,0,0,110,110,C
1-PB2,2216,0,0,111,0,111,G
1-PB2,2217,0,0,110,0,110,G
1-PB2,2218,0,0,108,0,108,G
1-PB2,2219,109,0,0,0,109,A
1-PB2,2220,0,0,0,108,108,C
1-PB2,2221,0,110,0,0,110,T
1-PB2,2222,0,0,0,114,114,C
1-PB2,2223,0,112,0,0,112,T
1-PB2,2224,114,0,0,0,114,A
1-PB2,2225,0,0,113,0,113,G
1-PB2,2226,0,0,0,110,110,C
1-PB2,2227,110,0,0,0,110,A
1-PB2,2228,0,110,0,0,110,T
1-PB2,2229,106,0,0,0,106,A
1-PB2,2230,0,0,0,105,105,C
1-PB2,2231,0,98,0,0,98,T
1-PB2,2232,0,96,0,0,96,T
1-PB2,2233,90,0,0,0,90,A
1-PB2,2234,0,0,0,88,88,C
1-PB2,2235,0,91,0,0,91,T
1-PB2,2236,0,0,92,0,92,G
1-PB2,2237,88,0,0,0,88,A
1-PB2,2238,0,0,0,89,89,C
1-PB2,2239,81,0,0,0,81,A
1-PB2,2240,0,0,80,0,80,G
1-PB2,2241,0,0,0,79,79,C
1-PB2,2242,0,0,0,78,78,C
1-PB2,2243,79,0,0,0,79,A
1-PB2,2244,0,0,80,0,80,G
1-PB2,2245,78,0,0,0,78,A
1-PB2,2246,0,0,0,77,77,C
1-PB2,2247,75,0,0,0,75,A
1-PB2,2248,0,0,73,0,73,G
1-PB2,2249,0,0,0,73,73,C
1-PB2,2250,0,0,73,0,73,G
1-PB2,2251,73,0,0,0,73,A
1-PB2,2252,0,0,0,72,72,C
1-PB2,2253,1,0,0,70,71,C
1-PB2,2254,74,0,0,0,74,A
1-PB2,2255,73,0,0,0,73,A
1-PB2,2256,73,0,0,0,73,A
1-PB2,2257,72,0,0,0,72,A
1-PB2,2258,0,0,70,0,70,G
1-PB2,2259,72,0,0,0,72,A
1-PB2,2260,72,0,0,0,72,A
1-PB2,2261,0,68,0,0,68,T
1-PB2,2262,0,70,0,0,70,T
1-PB2,2263,0,0,0,69,69,C
1-PB2,2264,0,1,67,0,68,G
1-PB2,2265,0,0,68,0,68,G
1-PB2,2266,66,0,0,0,66,A
1-PB2,2267,0,60,0,0,60,T
1-PB2,2268,0,0,63,0,63,G
1-PB2,2269,0,0,63,0,63,G
1-PB2,2270,0,0,0,62,62,C
1-PB2,2271,0,0,0,63,63,C
1-PB2,2272,63,0,0,0,63,A
1-PB2,2273,0,62,0,0,62,T
1-PB2,2274,0,0,0,59,59,C
1-PB2,2275,63,0,0,0,63,A
1-PB2,2276,62,0,0,0,62,A
1-PB2,2277,0,62,0,0,62,T
1-PB2,2278,0,52,0,0,52,T
1-PB2,2279,51,0,0,0,51,A
1-PB2,2280,49,0,0,0,49,A
2-PB1,1,248,0,0,0,248,A
2-PB1,2,0,248,0,0,248,T
2-PB1,3,0,0,256,0,256,G
2-PB1,4,0,1,269,0,270,G
2-PB1,5,300,0,0,0,300,A
2-PB1,6,0,318,0,0,318,T
2-PB1,7,0,1,316,0,317,G
2-PB1,8,0,313,0,1,314,T
2-PB1,9,0,0,0,348,348,C
2-PB1,10,358,0,0,0,358,A
2-PB1,11,366,0,0,0,366,A
2-PB1,12,0,367,0,0,367,T
2-PB1,13,0,0,0,369,369,C
2-PB1,14,0,1,0,385,386,C
2-PB1,15,0,2,391,0,393,G
2-PB1,16,438,0,0,0,438,A
2-PB1,17,1,0,0,454,455,C
2-PB1,18,0,452,0,0,452,T
2-PB1,19,1,0,0,519,520,C
2-PB1,20,0,518,0,1,519,T
2-PB1,21,530,0,0,0,530,A
2-PB1,22,0,0,0,530,530,C
2-PB1,23,0,531,0,0,531,T
2-PB1,24,0,0,605,0,605,G
2-PB1,25,0,610,0,0,610,T
2-PB1,26,0,609,0,0,609,T
2-PB1,27,0,0,0,601,601,C
2-PB1,28,0,0,0,608,608,C
2-PB1,29,0,704,0,0,704,T
2-PB1,30,710,0,4,0,714,A
2-PB1,31,720,0,0,0,720,A
2-PB1,32,721,0,0,0,721,A
2-PB1,33,0,0,722,0,722,G
2-PB1,34,0,1,721,0,722,G
2-PB1,35,0,717,0,2,719,T
2-PB1,36,0,727,0,0,727,T
2-PB1,37,1,0,0,724,725,C
2-PB1,38,0,0,0,734,734,C
2-PB1,39,737,0,1,0,738,A
2-PB1,40,0,0,740,0,740,G
2-PB1,41,0,0,0,745,745,C
2-PB1,42,0,0,740,0,740,G
2-PB1,43,0,0,0,753,753,C
2-PB1,44,754,0,0,0,754,A
2-PB1,45,756,0,0,0,756,A
2-PB1,46,751,0,0,0,751,A
2-PB1,47,763,0,0,0,763,A
2-PB1,48,0,766,0,0,766,T
2-PB1,49,0,0,792,0,792,G
2-PB1,50,0,0,0,807,807,C
2-PB1,51,1,0,0,808,809,C
2-PB1,52,808,0,0,0,808,A
2-PB1,53,0,813,0,0,813,T
2-PB1,54,878,0,0,0,878,A
2-PB1,55,877,0,2,0,879,A
2-PB1,56,0,0,912,0,912,G
2-PB1,57,1,0,0,909,910,C
2-PB1,58,908,0,0,0,908,A
2-PB1,59,0,0,0,948,948,C
2-PB1,60,948,0,1,0,949,A
2-PB1,61,1002,0,2,0,1004,A
2-PB1,62,0,0,0,1009,1009,C
2-PB1,63,1010,0,0,0,1010,A
2-PB1,64,0,1026,0,0,1026,T
2-PB1,65,0,1019,0,0,1019,T
2-PB1,66,0,1,0,1260,1261,C
2-PB1,67,0,0,0,1252,1252,C
2-PB1,68,0,0,0,1268,1268,C
2-PB1,69,0,1274,0,1,1275,T
2-PB1,70,0,1278,0,0,1278,T
2-PB1,71,1396,0,0,0,1396,A
2-PB1,72,0,1410,0,0,1410,T
2-PB1,73,1417,0,0,0,1417,A
2-PB1,74,1,0,0,1422,1423,C
2-PB1,75,0,1377,0,1,1378,T
2-PB1,76,0,1,1387,0,1388,G
2-PB1,77,0,1,1374,0,1375,G
2-PB1,78,1366,0,1,0,1367,A
2-PB1,79,0,5,1375,0,1380,G
2-PB1,80,1369,0,1,0,1370,A
2-PB1,81,0,1372,0,0,1372,T
2-PB1,82,1,0,1,1447,1449,C
2-PB1,83,1,0,0,1469,1470,C
2-PB1,84,0,1481,0,1,1482,T
2-PB1,85,1,0,0,1593,1594,C
2-PB1,86,1,0,0,1597,1598,C
2-PB1,87,1616,0,0,0,1616,A
2-PB1,88,0,1616,1,1,1618,T
2-PB1,89,1618,1,1,0,1620,A
2-PB1,90,1,0,0,1627,1628,C
2-PB1,91,1588,0,3,0,1591,A
2-PB1,92,0,0,1650,0,1650,G
2-PB1,93,0,1,0,1653,1654,C
2-PB1,94,1,0,0,1646,1647,C
2-PB1,95,1639,0,0,0,1639,A
2-PB1,96,0,1661,0,1,1662,T
2-PB1,97,1,3,1660,0,1664,G
2-PB1,98,0,3,1727,0,1730,G
2-PB1,99,1726,2,0,0,1728,A
2-PB1,100,1755,0,1,0,1756,A
2-PB1,101,0,0,0,1748,1748,C
2-PB1,102,1732,0,4,0,1736,A
2-PB1,103,0,3,1777,0,1780,G
2-PB1,104,0,5,1787,0,1792,G
2-PB1,105,1794,0,1,0,1795,A
2-PB1,106,1816,0,0,0,1816,A
2-PB1,107,0,0,0,1830,1830,C
2-PB1,108,1804,0,1,0,1805,A
2-PB1,109,1,1,2030,0,2032,G
2-PB1,110,0,1,2010,0,2011,G
2-PB1,111,0,0,2072,0,2072,G
2-PB1,112,0,2047,0,3,2050,T
2-PB1,113,2071,0,0,0,2071,A
2-PB1,114,0,1,0,2080,2081,C
2-PB1,115,2157,0,1,0,2158,A
2-PB1,116,0,0,0,2235,2235,C
2-PB1,117,1,0,0,2218,2219,C
2-PB1,118,2142,0,1,0,2143,A
2-PB1,119,0,2130,0,2,2132,T
2-PB1,120,0,1,2131,0,2132,G
2-PB1,121,0,2,2125,0,2127,G
2-PB1,122,2137,0,1,1,2139,A
2-PB1,123,0,0,0,2148,2148,C
2-PB1,124,2092,2,1,0,2095,A
2-PB1,125,2,0,0,2140,2142,C
2-PB1,126,2137,0,6,0,2143,A
2-PB1,127,0,0,2182,0,2182,G
2-PB1,128,0,2185,0,0,2185,T
2-PB1,129,0,0,0,2258,2258,C
2-PB1,130,2251,0,4,0,2255,A
2-PB1,131,2275,0,2,0,2277,A
2-PB1,132,0,0,0,2278,2278,C
2-PB1,133,2260,0,1,0,2261,A
2-PB1,134,1,4,2270,0,2275,G
2-PB1,135,2247,0,2,0,2249,A
2-PB1,136,2239,0,2,0,2241,A
2-PB1,137,0,1,0,2261,2262,C
2-PB1,138,2227,0,1,0,2228,A
2-PB1,139,0,0,0,2233,2233,C
2-PB1,140,2207,1,2,0,2210,A
2-PB1,141,0,2195,0,0,2195,T
2-PB1,142,4,0,0,2361,2365,C
2-PB1,143,2368,1,2,0,2371,A
2-PB1,144,2387,0,0,0,2387,A
2-PB1,145,0,2432,0,0,2432,T
2-PB1,146,2506,0,0,0,2506,A
2-PB1,147,0,2507,0,1,2508,T
2-PB1,148,0,2459,0,0,2459,T
2-PB1,149,1,1,1,2462,2465,C
2-PB1,150,2428,0,2,0,2430,A
2-PB1,151,0,2,2433,0,2435,G
2-PB1,152,2397,0,0,1,2398,A
2-PB1,153,0,0,2405,1,2406,G
2-PB1,154,2357,0,1,0,2358,A
2-PB1,155,2,4,2314,0,2320,G
2-PB1,156,0,0,2310,0,2310,G
2-PB1,157,0,2,2383,1,2386,G
2-PB1,158,0,2,2383,1,2386,G
2-PB1,159,0,3,2391,0,2394,G
2-PB1,160,2395,1,4,0,2400,A
2-PB1,161,2408,0,2,0,2410,A
2-PB1,162,0,0,2428,0,2428,G
2-PB1,163,0,2384,0,1,2385,T
2-PB1,164,1,4,2399,0,2404,G
2-PB1,165,0,1,2393,0,2394,G
2-PB1,166,2398,0,4,0,2402,A
2-PB1,167,1,0,0,2425,2426,C
2-PB1,168,0,4,2420,0,2424,G
2-PB1,169,2437,0,5,0,2442,A
2-PB1,170,0,0,0,2465,2465,C
2-PB1,171,2461,0,0,0,2461,A
2-PB1,172,2460,0,2,0,2462,A
2-PB1,173,2463,0,1,1,2465,A
2-PB1,174,0,2514,0,0,2514,T
2-PB1,175,2527,0,0,0,2527,A
2-PB1,176,0,1,0,2529,2530,C
2-PB1,177,2494,0,1,0,2495,A
2-PB1,178,0,4,2493,0,2497,G
2-PB1,179,2494,0,0,0,2494,A
2-PB1,180,2515,0,0,0,2515,A
2-PB1,181,2514,0,0,0,2514,A
2-PB1,182,0,0,0,2523,2523,C
2-PB1,183,0,2478,0,0,2478,T
2-PB1,184,0,1,2461,0,2462,G
2-PB1,185,1,0,2432,0,2433,G
2-PB1,186,1,5,2409,0,2415,G
2-PB1,187,3,1,2402,0,2406,G
2-PB1,188,0,0,0,2461,2461,C
2-PB1,189,2454,1,1,0,2456,A
2-PB1,190,0,0,0,2571,2571,C
2-PB1,191,0,1,0,2556,2557,C
2-PB1,192,4,1,0,2564,2569,C
2-PB1,193,3,0,0,2577,2580,C
2-PB1,194,2592,0,0,0,2592,A
2-PB1,195,2611,1,0,0,2612,A
2-PB1,196,0,0,0,2607,2607,C
2-PB1,197,0,2589,0,2,2591,T
2-PB1,198,3,0,0,2601,2604,C
2-PB1,199,2529,0,1,0,2530,A
2-PB1,200,2563,0,1,0,2564,A
2-PB1,201,0,0,0,2561,2561,C
2-PB1,202,0,0,0,2544,2544,C
2-PB1,203,3,0,0,2559,2562,C
2-PB1,204,2552,0,0,0,2552,A
2-PB1,205,2557,0,2,0,2559,A
2-PB1,206,0,2570,0,0,2570,T
2-PB1,207,0,2569,0,1,2570,T
2-PB1,208,1,2,2572,0,2575,G
2-PB1,209,2555,0,0,0,2555,A
2-PB1,210,0,2553,0,1,2554,T
2-PB1,211,0,9,2534,0,2543,G
2-PB1,212,1,5,2559,0,2565,G
2-PB1,213,2608,0,4,0,2612,A
2-PB1,214,2,1,0,2627,2630,C
2-PB1,215,2,0,0,2600,2602,C
2-PB1,216,2600,0,0,0,2600,A
2-PB1,217,1,0,0,2667,2668,C
2-PB1,218,0,2670,0,0,2670,T
2-PB1,219,2707,0,2,0,2709,A
2-PB1,220,2,0,0,2760,2762,C
2-PB1,221,2,0,0,2723,2725,C
2-PB1,222,0,2694,0,1,2695,T
2-PB1,223,0,1,2710,0,2711,G
2-PB1,224,2691,1,2,0,2694,A
2-PB1,225,0,3,2720,0,2723,G
2-PB1,226,0,3,2704,0,2707,G
2-PB1,227,2707,0,0,0,2707,A
2-PB1,228,0,2668,0,0,2668,T
2-PB1,229,2630,0,0,0,2630,A
2-PB1,230,2628,0,4,0,2632,A
2-PB1,231,0,2623,0,0,2623,T
2-PB1,232,0,8,2606,0,2614,G
2-PB1,233,2617,0,1,0,2618,A
2-PB1,234,2603,0,1,0,2604,A
2-PB1,235,2,1,1,2602,2606,C
2-PB1,236,6,0,0,2561,2567,C
2-PB1,237,2585,0,0,0,2585,A
2-PB1,238,2561,1,2,0,2564,A
2-PB1,239,0,0,2598,0,2598,G
2-PB1,240,0,2563,0,0,2563,T
2-PB1,241,1,1,2573,0,2575,G
2-PB1,242,0,6,2605,0,2611,G
2-PB1,243,2615,0,2,0,2617,A
2-PB1,244,0,2617,0,0,2617,T
2-PB1,245,2622,0,1,0,2623,A
2-PB1,246,0,2661,0,1,2662,T
2-PB1,247,1,2,2668,0,2671,G
2-PB1,248,1,0,0,2674,2675,C
2-PB1,249,2674,0,3,0,2677,A
2-PB1,250,0,0,0,2767,2767,C
2-PB1,251,2722,0,1,0,2723,A
2-PB1,252,2757,0,1,0,2758,A
2-PB1,253,2742,0,1,1,2744,A
2-PB1,254,2,1,0,2752,2755,C
2-PB1,255,2688,0,0,0,2688,A
2-PB1,256,0,2,2689,0,2691,G
2-PB1,257,2685,0,1,0,2686,A
2-PB1,258,2,0,0,2707,2709,C
2-PB1,259,0,2632,0,0,2632,T
2-PB1,260,3,0,2662,0,2665,G
2-PB1,261,0,2608,0,0,2608,T
2-PB1,262,0,0,2740,0,2740,G
2-PB1,263,0,2737,0,1,2738,T
2-PB1,264,3,0,0,2753,2756,C
2-PB1,265,1,0,0,2749,2750,C
2-PB1,266,0,2742,0,3,2745,T
2-PB1,267,0,1,2741,0,2742,G
2-PB1,268,0,1,2721,0,2722,G
2-PB1,269,2680,0,1,1,2682,A
2-PB1,270,0,1,2734,0,2735,G
2-PB1,271,0,0,2646,0,2646,G
2-PB1,272,2,0,0,2654,2656,C
2-PB1,273,0,2651,0,1,2652,T
2-PB1,274,2660,0,0,0,2660,A
2-PB1,275,0,2640,0,1,2641,T
2-PB1,276,0,0,2657,0,2657,G
2-PB1,277,0,2,2616,0,2618,G
2-PB1,278,0,0,0,2612,2612,C
2-PB1,279,4,0,0,2586,2590,C
2-PB1,280,0,2572,0,8,2580,T
2-PB1,281,0,2704,1,0,2705,T
2-PB1,282,1,0,0,2692,2693,C
2-PB1,283,3,0,0,2705,2708,C
2-PB1,284,0,2720,0,1,2721,T
2-PB1,285,0,2710,0,1,2711,T
2-PB1,286,0,5,2724,0,2729,G
2-PB1,287,2702,0,3,0,2705,A
2-PB1,288,2711,0,2,0,2713,A
2-PB1,289,1,5,2705,0,2711,G
2-PB1,290,2617,0,2,0,2619,A
2-PB1,291,2647,0,1,0,2648,A
2-PB1,292,0,2624,0,0,2624,T
2-PB1,293,3,1,0,2631,2635,C
2-PB1,294,0,13,0,2618,2631,C
2-PB1,295,2,0,0,2624,2626,C
2-PB1,296,2611,0,2,0,2613,A
2-PB1,297,0,0,0,2640,2640,C
2-PB1,298,2,0,0,2650,2652,C
2-PB1,299,3,0,0,2645,2648,C
2-PB1,300,2632,1,2,0,2635,A
2-PB1,301,0,1,2651,0,2652,G
2-PB1,302,0,1,2642,0,2643,G
2-PB1,303,0,2595,0,2,2597,T
2-PB1,304,2645,0,1,0,2646,A
2-PB1,305,0,2635,0,0,2635,T
2-PB1,306,2,1,0,2646,2649,C
2-PB1,307,0,2637,0,0,2637,T
2-PB1,308,0,2648,0,0,2648,T
2-PB1,309,0,2641,0,1,2642,T
2-PB1,310,2,5,2616,0,2623,G
2-PB1,311,2591,0,3,0,2594,A
2-PB1,312,1,1,2601,0,2603,G
2-PB1,313,2546,0,4,0,2550,A
2-PB1,314,2566,0,1,0,2567,A
2-PB1,315,1,0,0,2602,2603,C
2-PB1,316,0,2550,0,5,2555,T
2-PB1,317,2,1,0,2575,2578,C
2-PB1,318,2577,0,1,0,2578,A
2-PB1,319,0,2570,0,0,2570,T
2-PB1,320,0,1,2584,0,2585,G
2-PB1,321,0,1,0,2595,2596,C
2-PB1,322,4,0,0,2607,2611,C
2-PB1,323,0,2583,0,2,2585,T
2-PB1,324,0,2577,0,1,2578,T
2-PB1,325,0,2,2586,0,2588,G
2-PB1,326,2592,0,0,0,2592,A
2-PB1,327,2595,0,1,0,2596,A
2-PB1,328,2622,0,2,0,2624,A
2-PB1,329,1,0,0,2643,2644,C
2-PB1,330,2567,1,0,0,2568,A
2-PB1,331,2568,0,0,0,2568,A
2-PB1,332,0,2581,0,1,2582,T
2-PB1,333,0,0,2570,0,2570,G
2-PB1,334,0,2,2564,0,2566,G
2-PB1,335,2519,1,1,0,2521,A
2-PB1,336,2516,0,2,0,2518,A
2-PB1,337,0,0,2501,1,2502,G
2-PB1,338,0,0,0,2504,2504,C
2-PB1,339,1,1,0,2498,2500,C
2-PB1,340,1,0,2524,0,2525,G
2-PB1,341,0,2494,0,2,2496,T
2-PB1,342,1,2514,0,0,2515,T
2-PB1,343,5,0,0,2546,2551,C
2-PB1,344,2557,0,0,0,2557,A
2-PB1,345,2592,0,3,0,2595,A
2-PB1,346,1,0,0,2603,2604,C
2-PB1,347,2605,2,3,0,2610,A
2-PB1,348,0,2,2620,0,2622,G
2-PB1,349,2572,0,6,0,2578,A
2-PB1,350,0,8,0,2587,2595,C
2-PB1,351,2598,0,0,0,2598,A
2-PB1,352,2615,0,2,0,2617,A
2-PB1,353,0,1,2627,0,2628,G
2-PB1,354,2,3,2595,0,2600,G
2-PB1,355,0,0,2594,0,2594,G
2-PB1,356,0,2461,0,0,2461,T
2-PB1,357,0,5,2526,0,2531,G
2-PB1,358,0,2,2530,0,2532,G
2-PB1,359,2546,0,4,0,2550,A
2-PB1,360,0,0,0,2551,2551,C
2-PB1,361,2532,0,0,0,2532,A
2-PB1,362,2541,0,1,0,2542,A
2-PB1,363,2525,0,2,0,2527,A
2-PB1,364,1,0,0,2534,2535,C
2-PB1,365,0,2525,0,0,2525,T
2-PB1,366,2537,0,0,0,2537,A
2-PB1,367,2502,0,0,0,2502,A
2-PB1,368,1,0,0,2551,2552,C
2-PB1,369,2,0,0,2536,2538,C
2-PB1,370,3,0,0,2554,2557,C
2-PB1,371,2479,0,0,0,2479,A
2-PB1,372,2476,0,0,0,2476,A
2-PB1,373,0,3,2469,0,2472,G
2-PB1,374,0,1,2467,0,2468,G
2-PB1,375,0,2423,0,1,2424,T
2-PB1,376,1,0,0,2451,2452,C
2-PB1,377,3,0,2434,0,2437,G
2-PB1,378,1,1,0,2441,2443,C
2-PB1,379,2,0,0,2446,2448,C
2-PB1,380,2461,0,2,0,2463,A
2-PB1,381,0,2,2490,0,2492,G
2-PB1,382,2520,0,0,0,2520,A
2-PB1,383,0,0,0,2544,2544,C
2-PB1,384,1,2539,0,0,2540,T
2-PB1,385,0,2521,0,0,2521,T
2-PB1,386,2520,0,0,0,2520,A
2-PB1,387,0,2535,0,1,2536,T
2-PB1,388,1,4,2525,0,2530,G
2-PB1,389,2536,0,0,0,2536,A
2-PB1,390,0,2462,0,1,2463,T
2-PB1,391,0,2377,0,0,2377,T
2-PB1,392,0,2,2367,0,2369,G
2-PB1,393,0,3,2369,0,2372,G
2-PB1,394,2397,1,1,0,2399,A
2-PB1,395,0,0,0,2409,2409,C
2-PB1,396,2399,1,1,0,2401,A
2-PB1,397,0,2358,0,0,2358,T
2-PB1,398,1,2381,0,1,2383,T
2-PB1,399,2416,1,0,0,2417,A
2-PB1,400,2402,0,0,0,2402,A
2-PB1,401,2397,0,1,0,2398,A
2-PB1,402,0,2,0,2406,2408,C
2-PB1,403,2360,0,2,0,2362,A
2-PB1,404,0,4,2365,0,2369,G
2-PB1,405,2360,0,0,1,2361,A
2-PB1,406,2365,0,0,0,2365,A
2-PB1,407,2352,0,1,0,2353,A
2-PB1,408,0,2276,0,0,2276,T
2-PB1,409,6,0,0,2325,2331,C
2-PB1,410,2320,0,0,0,2320,A
2-PB1,411,2308,0,1,0,2309,A
2-PB1,412,0,1,0,2317,2318,C
2-PB1,413,1,0,0,2312,2313,C
2-PB1,414,0,4,2293,0,2297,G
2-PB1,415,1,2,2291,0,2294,G
2-PB1,416,0,0,0,2316,2316,C
2-PB1,417,2329,0,2,1,2332,A
2-PB1,418,0,1,2316,0,2317,G
2-PB1,419,0,1,0,2341,2342,C
2-PB1,420,2338,0,3,0,2341,A
2-PB1,421,2346,0,0,0,2346,A
2-PB1,422,0,0,0,2346,2346,C
2-PB1,423,0,2308,0,1,2309,T
2-PB1,424,2,0,2416,0,2418,G
2-PB1,425,0,0,0,2426,2426,C
2-PB1,426,2431,1,1,0,2433,A
2-PB1,427,0,2423,0,0,2423,T
2-PB1,428,0,2395,0,0,2395,T
2-PB1,429,2569,1,1,0,2571,A
2-PB1,430,1,0,2546,0,2547,G
2-PB1,431,0,1,0,2531,2532,C
2-PB1,432,1,1,0,2544,2546,C
2-PB1,433,2443,0,1,0,2444,A
2-PB1,434,2458,0,1,0,2459,A
2-PB1,435,1,0,0,2474,2475,C
2-PB1,436,2473,0,0,0,2473,A
2-PB1,437,0,0,0,2522,2522,C
2-PB1,438,4,0,0,2334,2338,C
2-PB1,439,2342,0,1,0,2343,A
2-PB1,440,0,2333,0,0,2333,T
2-PB1,441,2347,0,1,0,2348,A
2-PB1,442,0,0,2331,0,2331,G
2-PB1,443,2319,0,0,0,2319,A
2-PB1,444,2286,0,0,0,2286,A
2-PB1,445,1,1,2310,0,2312,G
2-PB1,446,0,2213,0,0,2213,T
2-PB1,447,0,2234,0,1,2235,T
2-PB1,448,0,2251,0,0,2251,T
2-PB1,449,0,2259,0,0,2259,T
2-PB1,450,0,2258,0,0,2258,T
2-PB1,451,2258,0,1,0,2259,A
2-PB1,452,0,5,2238,0,2243,G
2-PB1,453,2238,0,0,0,2238,A
2-PB1,454,0,2196,0,0,2196,T
2-PB1,455,4,1,0,2193,2198,C
2-PB1,456,8,4,2191,0,2203,G
2-PB1,457,2185,0,0,0,2185,A
2-PB1,458,2205,0,0,0,2205,A
2-PB1,459,1,1,0,2210,2212,C
2-PB1,460,1,3,2209,0,2213,G
2-PB1,461,0,5,2319,0,2324,G
2-PB1,462,2311,3,0,0,2314,A
2-PB1,463,0,2315,1,0,2316,T
2-PB1,464,0,2323,0,0,2323,T
2-PB1,465,2322,0,3,0,2325,A
2-PB1,466,2314,0,0,0,2314,A
2-PB1,467,1,0,1,2311,2313,C
2-PB1,468,2311,0,5,1,2317,A
2-PB1,469,0,0,2305,0,2305,G
2-PB1,470,1,0,0,2216,2217,C
2-PB1,471,0,2206,0,2,2208,T
2-PB1,472,2224,0,0,1,2225,A
2-PB1,473,2222,0,0,0,2222,A
2-PB1,474,0,2222,0,0,2222,T
2-PB1,475,0,7,2238,0,2245,G
2-PB1,476,2228,0,0,0,2228,A
2-PB1,477,2234,0,0,0,2234,A
2-PB1,478,0,2168,0,1,2169,T
2-PB1,479,3,0,0,2170,2173,C
2-PB1,480,2172,0,0,1,2173,A
2-PB1,481,0,2,2165,0,2167,G
2-PB1,482,0,2,2168,0,2170,G
2-PB1,483,2160,0,0,0,2160,A
2-PB1,484,2134,0,1,0,2135,A
2-PB1,485,0,2,2208,0,2210,G
2-PB1,486,1,1,2193,0,2195,G
2-PB1,487,2,0,0,2208,2210,C
2-PB1,488,0,2230,0,0,2230,T
2-PB1,489,2236,0,0,0,2236,A
2-PB1,490,2219,0,2,0,2221,A
2-PB1,491,0,2236,0,0,2236,T
2-PB1,492,2242,0,0,0,2242,A
2-PB1,493,13,5,2225,0,2243,G
2-PB1,494,2111,0,0,0,2111,A
2-PB1,495,0,2088,0,0,2088,T
2-PB1,496,0,2069,1,1,2071,T
2-PB1,497,0,2054,0,1,2055,T
2-PB1,498,1,0,0,2129,2130,C
2-PB1,499,4,1,0,2132,2137,C
2-PB1,500,1,2112,0,0,2113,T
2-PB1,501,3,1,0,2171,2175,C
2-PB1,502,2178,0,0,1,2179,A
2-PB1,503,2176,0,0,0,2176,A
2-PB1,504,0,2,2175,0,2177,G
2-PB1,505,0,1,2186,0,2187,G
2-PB1,506,2201,0,0,0,2201,A
2-PB1,507,0,2118,0,2,2120,T
2-PB1,508,1,0,2143,0,2144,G
2-PB1,509,1,2112,0,3,2116,T
2-PB1,510,0,5,2154,0,2159,G
2-PB1,511,2158,0,1,0,2159,A
2-PB1,512,0,2145,0,0,2145,T
2-PB1,513,0,4,2123,0,2127,G
2-PB1,514,0,4,2113,0,2117,G
2-PB1,515,2106,0,3,0,2109,A
2-PB1,516,2120,0,1,0,2121,A
2-PB1,517,1,2085,0,1,2087,T
2-PB1,518,8,0,0,2102,2110,C
2-PB1,519,2088,0,0,0,2088,A
2-PB1,520,2077,2,0,0,2079,A
2-PB1,521,0,2091,0,2,2093,T
2-PB1,522,1,3,2119,0,2123,G
2-PB1,523,0,2,2134,0,2136,G
2-PB1,524,2119,0,2,0,2121,A
2-PB1,525,0,2128,0,0,2128,T
2-PB1,526,2131,0,0,0,2131,A
2-PB1,527,2124,0,1,0,2125,A
2-PB1,528,2129,0,1,1,2131,A
2-PB1,529,0,2,2156,0,2158,G
2-PB1,530,2128,1,3,0,2132,A
2-PB1,531,0,3,2105,1,2109,G
2-PB1,532,1,2,2089,0,2092,G
2-PB1,533,2077,0,0,0,2077,A
2-PB1,534,2092,0,0,0,2092,A
2-PB1,535,2086,0,5,0,2091,A
2-PB1,536,1,2079,0,0,2080,T
2-PB1,537,1,3,2108,0,2112,G
2-PB1,538,0,1,2103,0,2104,G
2-PB1,539,2089,0,4,0,2093,A
2-PB1,540,0,2,2094,0,2096,G
2-PB1,541,2087,0,0,0,2087,A
2-PB1,542,0,2132,0,0,2132,T
2-PB1,543,2132,0,0,0,2132,A
2-PB1,544,2154,0,2,0,2156,A
2-PB1,545,0,1,0,2174,2175,C
2-PB1,546,2126,1,0,0,2127,A
2-PB1,547,2134,1,3,0,2138,A
2-PB1,548,0,0,0,2131,2131,C
2-PB1,549,2107,0,1,0,2108,A
2-PB1,550,0,0,0,2105,2105,C
2-PB1,551,2054,0,2,0,2056,A
2-PB1,552,0,0,0,2085,2085,C
2-PB1,553,0,2063,0,2,2065,T
2-PB1,554,0,2061,0,0,2061,T
2-PB1,555,1,2060,1,0,2062,T
2-PB1,556,3,0,0,2062,2065,C
2-PB1,557,2075,0,0,0,2075,A
2-PB1,558,2080,0,0,0,2080,A
2-PB1,559,2079,0,0,0,2079,A
2-PB1,560,0,2,2093,0,2095,G
2-PB1,561,2062,0,0,0,2062,A
2-PB1,562,2068,0,0,0,2068,A
2-PB1,563,2070,0,0,0,2070,A
2-PB1,564,2073,0,1,0,2074,A
2-PB1,565,2075,1,1,0,2077,A
2-PB1,566,1,0,2076,0,2077,G
2-PB1,567,0,0,2072,0,2072,G
2-PB1,568,2039,0,2,0,2041,A
2-PB1,569,0,0,2088,0,2088,G
2-PB1,570,2070,1,4,0,2075,A
2-PB1,571,0,0,2145,0,2145,G
2-PB1,572,0,2131,0,0,2131,T
2-PB1,573,2168,0,1,0,2169,A
2-PB1,574,2163,0,1,0,2164,A
2-PB1,575,0,0,2156,0,2156,G
2-PB1,576,2,5,2149,0,2156,G
2-PB1,577,0,3,2167,0,2170,G
2-PB1,578,2145,0,5,0,2150,A
2-PB1,579,2,2,0,2152,2156,C
2-PB1,580,2088,1,1,0,2090,A
2-PB1,581,2105,0,0,0,2105,A
2-PB1,582,0,1,0,2096,2097,C
2-PB1,583,2093,0,1,0,2094,A
2-PB1,584,0,2067,0,0,2067,T
2-PB1,585,0,8,2053,0,2061,G
2-PB1,586,2026,0,9,0,2035,A
2-PB1,587,0,0,0,2033,2033,C
2-PB1,588,2,1,0,2029,2032,C
2-PB1,589,2041,0,0,0,2041,A
2-PB1,590,2045,0,0,0,2045,A
2-PB1,591,0,6,2050,0,2056,G
2-PB1,592,2052,0,0,0,2052,A
2-PB1,593,2055,0,0,0,2055,A
2-PB1,594,2041,0,0,0,2041,A
2-PB1,595,2029,0,0,0,2029,A
2-PB1,596,0,2017,0,0,2017,T
2-PB1,597,0,1,2016,0,2017,G
2-PB1,598,0,0,2017,0,2017,G
2-PB1,599,0,1954,0,2,1956,T
2-PB1,600,4,0,0,1959,1963,C
2-PB1,601,1976,0,2,0,1978,A
2-PB1,602,1,1,1,2163,2166,C
2-PB1,603,2219,0,0,0,2219,A
2-PB1,604,0,0,0,2238,2238,C
2-PB1,605,2236,0,3,0,2239,A
2-PB1,606,2359,0,0,0,2359,A
2-PB1,607,2342,0,0,0,2342,A
2-PB1,608,2,4,2532,0,2538,G
2-PB1,609,2530,1,0,0,2531,A
2-PB1,610,2569,0,2,0,2571,A
2-PB1,611,0,0,0,2650,2650,C
2-PB1,612,2590,1,0,0,2591,A
2-PB1,613,2612,0,0,0,2612,A
2-PB1,614,0,2599,0,0,2599,T
2-PB1,615,2585,0,1,0,2586,A
2-PB1,616,1,2,2582,0,2585,G
2-PB1,617,1,4,2500,1,2506,G
2-PB1,618,0,3,2502,1,2506,G
2-PB1,619,2495,1,2,0,2498,A
2-PB1,620,2472,0,7,0,2479,A
2-PB1,621,0,7,2515,1,2523,G
2-PB1,622,2498,0,0,0,2498,A
2-PB1,623,2513,0,0,0,2513,A
2-PB1,624,2521,0,2,0,2523,A
2-PB1,625,2548,0,0,0,2548,A
2-PB1,626,2606,0,0,0,2606,A
2-PB1,627,2614,0,2,0,2616,A
2-PB1,628,0,0,0,2615,2615,C
2-PB1,629,2614,0,0,1,2615,A
2-PB1,630,2614,0,0,0,2614,A
2-PB1,631,2600,0,2,0,2602,A
2-PB1,632,0,2,2643,0,2645,G
2-PB1,633,2650,0,2,0,2652,A
2-PB1,634,0,0,2775,0,2775,G
2-PB1,635,0,2717,0,0,2717,T
2-PB1,636,0,3,3257,0,3260,G
2-PB1,637,3262,8,6,0,3276,A
2-PB1,638,3275,0,1,0,3276,A
2-PB1,639,0,3360,0,0,3360,T
2-PB1,640,3393,0,0,0,3393,A
2-PB1,641,3397,0,0,0,3397,A
2-PB1,642,1,2,3404,1,3408,G
2-PB1,643,3346,1,7,1,3355,A
2-PB1,644,0,1,3349,0,3350,G
2-PB1,645,3178,1,3,0,3182,A
2-PB1,646,10,1,3178,0,3189,G
2-PB1,647,1,1,3182,0,3184,G
2-PB1,648,0,0,0,3189,3189,C
2-PB1,649,0,3181,0,1,3182,T
2-PB1,650,3317,0,1,0,3318,A
2-PB1,651,0,2,0,3512,3514,C
2-PB1,652,7,1,0,3531,3539,C
2-PB1,653,1,3586,0,3,3590,T
2-PB1,654,3743,0,1,0,3744,A
2-PB1,655,3733,1,1,0,3735,A
2-PB1,656,0,3755,0,0,3755,T
2-PB1,657,3744,1,0,0,3745,A
2-PB1,658,3746,0,1,1,3748,A
2-PB1,659,0,2,3737,0,3739,G
2-PB1,660,3640,0,5,0,3645,A
2-PB1,661,0,0,3662,0,3662,G
2-PB1,662,0,0,0,3677,3677,C
2-PB1,663,0,3663,0,5,3668,T
2-PB1,664,1,3674,0,0,3675,T
2-PB1,665,0,3700,0,0,3700,T
2-PB1,666,0,4,3674,0,3678,G
2-PB1,667,3794,0,2,0,3796,A
2-PB1,668,1,0,0,3796,3797,C
2-PB1,669,3801,0,2,0,3803,A
2-PB1,670,1,3788,0,3,3792,T
2-PB1,671,0,3779,0,1,3780,T
2-PB1,672,1,19,3829,0,3849,G
2-PB1,673,3824,0,3,1,3828,A
2-PB1,674,3854,0,4,0,3858,A
2-PB1,675,0,0,0,3865,3865,C
2-PB1,676,3872,0,3,0,3875,A
2-PB1,677,2,2,0,3863,3867,C
2-PB1,678,1,5,3860,0,3866,G
2-PB1,679,3855,1,4,1,3861,A
2-PB1,680,0,3862,0,1,3863,T
2-PB1,681,1,4,3942,0,3947,G
2-PB1,682,3932,2,6,1,3941,A
2-PB1,683,1,0,0,3955,3956,C
2-PB1,684,6,0,0,3961,3967,C
2-PB1,685,3986,0,1,0,3987,A
2-PB1,686,4041,1,0,0,4042,A
2-PB1,687,4030,0,7,0,4037,A
2-PB1,688,0,1,4149,0,4150,G
2-PB1,689,4193,0,1,0,4194,A
2-PB1,690,0,4121,0,2,4123,T
2-PB1,691,1,1,4148,0,4150,G
2-PB1,692,2,0,0,4096,4098,C
2-PB1,693,4113,0,6,0,4119,A
2-PB1,694,9,0,4133,1,4143,G
2-PB1,695,4087,0,6,0,4093,A
2-PB1,696,0,4,4127,0,4131,G
2-PB1,697,3978,0,1,0,3979,A
2-PB1,698,0,5,3990,2,3997,G
2-PB1,699,3946,2,8,1,3957,A
2-PB1,700,1,6,3959,0,3966,G
2-PB1,701,1,3,3936,1,3941,G
2-PB1,702,1,0,0,3941,3942,C
2-PB1,703,3962,0,1,0,3963,A
2-PB1,704,3970,0,1,0,3971,A
2-PB1,705,3982,1,0,0,3983,A
2-PB1,706,0,4016,0,1,4017,T
2-PB1,707,0,4021,0,1,4022,T
2-PB1,708,4034,2,1,0,4037,A
2-PB1,709,4030,0,0,0,4030,A
2-PB1,710,4038,0,1,0,4039,A
2-PB1,711,4058,0,0,0,4058,A
2-PB1,712,4050,0,0,0,4050,A
2-PB1,713,0,3,4064,0,4067,G
2-PB1,714,4022,0,0,0,4022,A
2-PB1,715,4011,1,3,0,4015,A
2-PB1,716,0,2,4085,0,4087,G
2-PB1,717,1,3,4132,0,4136,G
2-PB1,718,1,0,4135,0,4136,G
2-PB1,719,2,1,0,4204,4207,C
2-PB1,720,0,4230,2,0,4232,T
2-PB1,721,4259,0,1,0,4260,A
2-PB1,722,1,4306,0,2,4309,T
2-PB1,723,0,4324,0,3,4327,T
2-PB1,724,1,1,4350,0,4352,G
2-PB1,725,4,0,1,4323,4328,C
2-PB1,726,4241,0,6,0,4247,A
2-PB1,727,4258,0,1,1,4260,A
2-PB1,728,1,0,0,4250,4251,C
2-PB1,729,4237,0,2,1,4240,A
2-PB1,730,1,0,0,4255,4256,C
2-PB1,731,3,1,0,4131,4135,C
2-PB1,732,1,2,1,4146,4150,C
2-PB1,733,2,5,4147,1,4155,G
2-PB1,734,0,3,4159,0,4162,G
2-PB1,735,1,4,4153,0,4158,G
2-PB1,736,4163,0,1,0,4164,A
2-PB1,737,1,4162,0,1,4164,T
2-PB1,738,0,3,4190,0,4193,G
2-PB1,739,0,0,0,4156,4156,C
2-PB1,740,4225,1,0,1,4227,A
2-PB1,741,4288,1,3,1,4293,A
2-PB1,742,4331,0,0,0,4331,A
2-PB1,743,0,4346,0,1,4347,T
2-PB1,744,0,4330,0,0,4330,T
2-PB1,745,4314,0,1,0,4315,A
2-PB1,746,0,1,4307,0,4308,G
2-PB1,747,4260,0,5,0,4265,A
2-PB1,748,0,2,4304,0,4306,G
2-PB1,749,0,4,4234,0,4238,G
2-PB1,750,2,1,4357,0,4360,G
2-PB1,751,0,4299,0,4,4303,T
2-PB1,752,1,4338,0,2,4341,T
2-PB1,753,7,0,0,4369,4376,C
2-PB1,754,1,0,4456,0,4457,G
2-PB1,755,1,4423,0,9,4433,T
2-PB1,756,0,2,4456,1,4459,G
2-PB1,757,0,4446,0,4,4450,T
2-PB1,758,4393,0,0,0,4393,A
2-PB1,759,0,0,1,4389,4390,C
2-PB1,760,0,4132,0,0,4132,T
2-PB1,761,0,4164,0,0,4164,T
2-PB1,762,3,1,0,4153,4157,C
2-PB1,763,1,0,4136,0,4137,G
2-PB1,764,0,4141,0,0,4141,T
2-PB1,765,0,4129,0,3,4132,T
2-PB1,766,1,5,4111,0,4117,G
2-PB1,767,4095,0,0,0,4095,A
2-PB1,768,4083,0,2,0,4085,A
2-PB1,769,4122,0,3,0,4125,A
2-PB1,770,3,1,0,4145,4149,C
2-PB1,771,0,4118,0,2,4120,T
2-PB1,772,0,4104,0,0,4104,T
2-PB1,773,0,4113,0,1,4114,T
2-PB1,774,4196,1,3,0,4200,A
2-PB1,775,0,1,4198,0,4199,G
2-PB1,776,0,1,0,4196,4197,C
2-PB1,777,0,4218,0,1,4219,T
2-PB1,778,4149,1,1,0,4151,A
2-PB1,779,0,4,4162,0,4166,G
2-PB1,780,4152,0,1,0,4153,A
2-PB1,781,4150,0,4,1,4155,A
2-PB1,782,1,2,4155,0,4158,G
2-PB1,783,2,0,0,4079,4081,C
2-PB1,784,4094,0,1,0,4095,A
2-PB1,785,0,4065,0,0,4065,T
2-PB1,786,1,4072,0,1,4074,T
2-PB1,787,0,4084,0,0,4084,T
2-PB1,788,1,0,4091,0,4092,G
2-PB1,789,1,1,0,4063,4065,C
2-PB1,790,3,11,4074,0,4088,G
2-PB1,791,4068,0,1,0,4069,A
2-PB1,792,4057,0,0,0,4057,A
2-PB1,793,4068,0,1,0,4069,A
2-PB1,794,4164,0,2,0,4166,A
2-PB1,795,2,1,4203,0,4206,G
2-PB1,796,2,0,0,4215,4217,C
2-PB1,797,0,4221,0,2,4223,T
2-PB1,798,0,4228,0,1,4229,T
2-PB1,799,0,13,4199,0,4212,G
2-PB1,800,4199,1,2,0,4202,A
2-PB1,801,4202,0,2,1,4205,A
2-PB1,802,0,0,0,4246,4246,C
2-PB1,803,4128,0,3,0,4131,A
2-PB1,804,0,1,4578,0,4579,G
2-PB1,805,0,4511,0,0,4511,T
2-PB1,806,3,1,0,4524,4528,C
2-PB1,807,0,4551,1,8,4560,T
2-PB1,808,1,2,4562,0,4565,G
2-PB1,809,0,8,4538,0,4546,G
2-PB1,810,4548,1,4,0,4553,A
2-PB1,811,1,1,0,4590,4592,C
2-PB1,812,0,4407,0,2,4409,T
2-PB1,813,0,4136,0,1,4137,T
2-PB1,814,5,1,0,4086,4092,C
2-PB1,815,2,2,0,4097,4101,C
2-PB1,816,2,3,4145,0,4150,G
2-PB1,817,0,0,4144,0,4144,G
2-PB1,818,0,4092,0,3,4095,T
2-PB1,819,1,4144,1,0,4146,T
2-PB1,820,4,2,4092,0,4098,G
2-PB1,821,0,5,4108,1,4114,G
2-PB1,822,1,4,4142,0,4147,G
2-PB1,823,17,6,4108,0,4131,G
2-PB1,824,1,1,4180,0,4182,G
2-PB1,825,1,4118,0,3,4122,T
2-PB1,826,4146,0,1,0,4147,A
2-PB1,827,4186,0,3,1,4190,A
2-PB1,828,0,4208,0,2,4210,T
2-PB1,829,0,13,4212,0,4225,G
2-PB1,830,4171,1,1,1,4174,A
2-PB1,831,4137,1,4,1,4143,A
2-PB1,832,4144,1,2,0,4147,A
2-PB1,833,4138,0,2,0,4140,A
2-PB1,834,1,2,4123,0,4126,G
2-PB1,835,4084,0,0,0,4084,A
2-PB1,836,4061,0,9,2,4072,A
2-PB1,837,0,3,4054,0,4057,G
2-PB1,838,2,4,4036,0,4042,G
2-PB1,839,1,1,0,4048,4050,C
2-PB1,840,3,0,0,4053,4056,C
2-PB1,841,4069,0,1,1,4071,A
2-PB1,842,4085,0,0,0,4085,A
2-PB1,843,4060,0,2,0,4062,A
2-PB1,844,0,1,1,4082,4084,C
2-PB1,845,0,4076,0,2,4078,T
2-PB1,846,3,5,4110,0,4118,G
2-PB1,847,6,1,4085,0,4092,G
2-PB1,848,0,2,1,4130,4133,C
2-PB1,849,4130,0,2,0,4132,A
2-PB1,850,4130,2,0,0,4132,A
2-PB1,851,4135,0,2,0,4137,A
2-PB1,852,0,4144,1,1,4146,T
2-PB1,853,1,1,4153,0,4155,G
2-PB1,854,0,4125,0,1,4126,T
2-PB1,855,0,4027,0,1,4028,T
2-PB1,856,0,1,4031,0,4032,G
2-PB1,857,0,3993,0,2,3995,T
2-PB1,858,1,5,4025,0,4031,G
2-PB1,859,4026,0,6,0,4032,A
2-PB1,860,0,14,4011,0,4025,G
2-PB1,861,4011,0,1,0,4012,A
2-PB1,862,4004,1,1,0,4006,A
2-PB1,863,4007,1,1,0,4009,A
2-PB1,864,4003,0,0,0,4003,A
2-PB1,865,4033,0,2,1,4036,A
2-PB1,866,0,4005,0,0,4005,T
2-PB1,867,0,8,4014,0,4022,G
2-PB1,868,3994,0,8,0,4002,A
2-PB1,869,0,3963,0,0,3963,T
2-PB1,870,1,7,4000,0,4008,G
2-PB1,871,3989,1,4,1,3995,A
2-PB1,872,0,0,0,4033,4033,C
2-PB1,873,1,4035,0,0,4036,T
2-PB1,874,4053,0,1,0,4054,A
2-PB1,875,4086,0,3,0,4089,A
2-PB1,876,0,4074,0,0,4074,T
2-PB1,877,1,4089,0,3,4093,T
2-PB1,878,14,2,0,4114,4130,C
2-PB1,879,4118,0,2,0,4120,A
2-PB1,880,0,2,0,4149,4151,C
2-PB1,881,4103,0,2,0,4105,A
2-PB1,882,4119,0,1,0,4120,A
2-PB1,883,1,4,4116,0,4121,G
2-PB1,884,4179,0,9,0,4188,A
2-PB1,885,1,0,0,4174,4175,C
2-PB1,886,4128,0,3,0,4131,A
2-PB1,887,1,2,0,4118,4121,C
2-PB1,888,4087,0,0,1,4088,A
2-PB1,889,0,7,4100,0,4107,G
2-PB1,890,4061,0,7,0,4068,A
2-PB1,891,13,0,4045,0,4058,G
2-PB1,892,1,1,0,4052,4054,C
2-PB1,893,0,3947,0,4,3951,T
2-PB1,894,22,3980,0,2,4004,T
2-PB1,895,0,3989,0,1,3990,T
2-PB1,896,8,1,0,4020,4029,C
2-PB1,897,0,4025,0,4,4029,T
2-PB1,898,1,4009,0,1,4011,T
2-PB1,899,0,3996,0,5,4001,T
2-PB1,900,9,2,0,4021,4032,C
2-PB1,901,3987,1,6,0,3994,A
2-PB1,902,3,1,0,4037,4041,C
2-PB1,903,4005,0,0,0,4005,A
2-PB1,904,3996,0,0,0,3996,A
2-PB1,905,1,4043,0,1,4045,T
2-PB1,906,11,0,13,4100,4124,C
2-PB1,907,4120,0,1,0,4121,A
2-PB1,908,2,1,0,4171,4174,C
2-PB1,909,0,4140,0,2,4142,T
2-PB1,910,1,2,4167,0,4170,G
2-PB1,911,0,3,4124,0,4127,G
2-PB1,912,2,5,4239,0,4246,G
2-PB1,913,1,2,4203,1,4207,G
2-PB1,914,4146,1,7,0,4154,A
2-PB1,915,1,1,0,3983,3985,C
2-PB1,916,4052,0,0,0,4052,A
2-PB1,917,4296,1,3,1,4301,A
2-PB1,918,0,1,1,4319,4321,C
2-PB1,919,4306,0,1,1,4308,A
2-PB1,920,1,0,0,4309,4310,C
2-PB1,921,1,4139,0,1,4141,T
2-PB1,922,4177,0,1,1,4179,A
2-PB1,923,4159,1,3,2,4165,A
2-PB1,924,0,0,4187,0,4187,G
2-PB1,925,0,4129,0,1,4130,T
2-PB1,926,2,6,3889,0,3897,G
2-PB1,927,0,7,3863,0,3870,G
2-PB1,928,3858,1,3,0,3862,A
2-PB1,929,3869,1,6,0,3876,A
2-PB1,930,0,3881,0,1,3882,T
2-PB1,931,0,8,3851,0,3859,G
2-PB1,932,3872,0,1,0,3873,A
2-PB1,933,3806,0,0,1,3807,A
2-PB1,934,3852,0,3,2,3857,A
2-PB1,935,3837,1,0,0,3838,A
2-PB1,936,0,3804,0,0,3804,T
2-PB1,937,20,0,0,3805,3825,C
2-PB1,938,3829,0,0,0,3829,A
2-PB1,939,3808,0,2,0,3810,A
2-PB1,940,3807,0,2,1,3810,A
2-PB1,941,3759,0,3,0,3762,A
2-PB1,942,0,0,1,3823,3824,C
2-PB1,943,4,2,0,3781,3787,C
2-PB1,944,6,0,0,3794,3800,C
2-PB1,945,1,3743,0,1,3745,T
2-PB1,946,1,1,0,3798,3800,C
2-PB1,947,1,9,3803,0,3813,G
2-PB1,948,3799,1,0,0,3800,A
2-PB1,949,3795,0,2,0,3797,A
2-PB1,950,0,3815,0,1,3816,T
2-PB1,951,0,0,3825,0,3825,G
2-PB1,952,0,3766,0,0,3766,T
2-PB1,953,0,3747,0,4,3751,T
2-PB1,954,0,3773,0,1,3774,T
2-PB1,955,0,3766,0,1,3767,T
2-PB1,956,0,3783,0,0,3783,T
2-PB1,957,0,2,3752,0,3754,G
2-PB1,958,0,4,3706,0,3710,G
2-PB1,959,1,2,0,3722,3725,C
2-PB1,960,0,2,3668,1,3671,G
2-PB1,961,3671,0,1,2,3674,A
2-PB1,962,0,3780,0,0,3780,T
2-PB1,963,0,8,3915,0,3923,G
2-PB1,964,4132,0,1,1,4134,A
2-PB1,965,0,4137,0,2,4139,T
2-PB1,966,0,4160,0,1,4161,T
2-PB1,967,4188,1,0,1,4190,A
2-PB1,968,1,0,0,4212,4213,C
2-PB1,969,4219,0,2,0,4221,A
2-PB1,970,0,4190,0,3,4193,T
2-PB1,971,3979,0,1,0,3980,A
2-PB1,972,2,2,0,4004,4008,C
2-PB1,973,3604,0,0,0,3604,A
2-PB1,974,0,3579,0,0,3579,T
2-PB1,975,3,1,0,3574,3578,C
2-PB1,976,3564,0,1,1,3566,A
2-PB1,977,0,1,0,3595,3596,C
2-PB1,978,3593,0,2,1,3596,A
2-PB1,979,3598,0,1,1,3600,A
2-PB1,980,3593,0,1,1,3595,A
2-PB1,981,0,5,3463,0,3468,G
2-PB1,982,3632,0,1,0,3633,A
2-PB1,983,3652,1,1,0,3654,A
2-PB1,984,0,3608,0,1,3609,T
2-PB1,985,5,0,2,3639,3646,C
2-PB1,986,3664,0,2,0,3666,A
2-PB1,987,3647,0,2,0,3649,A
2-PB1,988,1,2,0,3658,3661,C
2-PB1,989,2,0,0,3661,3663,C
2-PB1,990,0,3511,0,1,3512,T
2-PB1,991,0,3,3552,0,3555,G
2-PB1,992,3518,1,2,0,3521,A
2-PB1,993,0,0,3532,0,3532,G
2-PB1,994,0,3510,1,1,3512,T
2-PB1,995,1,6,3445,0,3452,G
2-PB1,996,0,1,3644,0,3645,G
2-PB1,997,0,3640,0,5,3645,T
2-PB1,998,0,3619,1,2,3622,T
2-PB1,999,1,0,1,3654,3656,C
2-PB1,1000,3620,1,1,0,3622,A
2-PB1,1001,0,6,3675,0,3681,G
2-PB1,1002,3669,0,1,0,3670,A
2-PB1,1003,3681,0,2,1,3684,A
2-PB1,1004,3648,1,2,0,3651,A
2-PB1,1005,1,0,0,3322,3323,C
2-PB1,1006,3364,0,0,0,3364,A
2-PB1,1007,0,3322,0,2,3324,T
2-PB1,1008,2,3,1,3360,3366,C
2-PB1,1009,4,1,0,3384,3389,C
2-PB1,1010,0,3285,0,1,3286,T
2-PB1,1011,0,4,3284,0,3288,G
2-PB1,1012,3254,0,3,0,3257,A
2-PB1,1013,0,1,3287,0,3288,G
2-PB1,1014,1,1,0,3245,3247,C
2-PB1,1015,3180,0,0,0,3180,A
2-PB1,1016,0,3159,0,1,3160,T
2-PB1,1017,2,0,0,3136,3138,C
2-PB1,1018,1,0,3138,0,3139,G
2-PB1,1019,0,0,1,3246,3247,C
2-PB1,1020,3266,0,2,0,3268,A
2-PB1,1021,1,0,0,3354,3355,C
2-PB1,1022,4,0,0,3333,3337,C
2-PB1,1023,3372,0,4,0,3376,A
2-PB1,1024,3425,0,0,1,3426,A
2-PB1,1025,0,3425,0,0,3425,T
2-PB1,1026,3427,0,0,0,3427,A
2-PB1,1027,3415,1,0,0,3416,A
2-PB1,1028,1,3293,1,2,3297,T
2-PB1,1029,0,1,3298,0,3299,G
2-PB1,1030,0,3218,0,5,3223,T
2-PB1,1031,0,3187,0,3,3190,T
2-PB1,1032,8,1,0,3212,3221,C
2-PB1,1033,0,3198,0,6,3204,T
2-PB1,1034,6,0,1,3199,3206,C
2-PB1,1035,3218,1,0,1,3220,A
2-PB1,1036,3205,0,1,0,3206,A
2-PB1,1037,3200,0,0,0,3200,A
2-PB1,1038,1,0,0,3228,3229,C
2-PB1,1039,3224,0,0,0,3224,A
2-PB1,1040,3218,0,1,0,3219,A
2-PB1,1041,3199,0,1,0,3200,A
2-PB1,1042,3216,0,2,0,3218,A
2-PB1,1043,0,3254,1,0,3255,T
2-PB1,1044,1,8,3262,0,3271,G
2-PB1,1045,2,0,3229,0,3231,G
2-PB1,1046,1,0,0,3249,3250,C
2-PB1,1047,3239,0,5,0,3244,A
2-PB1,1048,3260,0,1,2,3263,A
2-PB1,1049,0,5,3276,0,3281,G
2-PB1,1050,3262,0,0,0,3262,A
2-PB1,1051,0,0,0,3286,3286,C
2-PB1,1052,0,3264,0,1,3265,T
2-PB1,1053,0,3,3302,0,3305,G
2-PB1,1054,1,3,3272,0,3276,G
2-PB1,1055,0,5,3308,0,3313,G
2-PB1,1056,3325,0,0,0,3325,A
2-PB1,1057,3328,0,0,0,3328,A
2-PB1,1058,3300,0,1,0,3301,A
2-PB1,1059,3276,0,4,2,3282,A
2-PB1,1060,0,1,3377,2,3380,G
2-PB1,1061,2,5,3362,0,3369,G
2-PB1,1062,3357,0,4,0,3361,A
2-PB1,1063,0,3354,0,2,3356,T
2-PB1,1064,3339,1,2,0,3342,A
2-PB1,1065,0,1,0,3355,3356,C
2-PB1,1066,3380,0,0,0,3380,A
2-PB1,1067,0,3363,0,1,3364,T
2-PB1,1068,0,0,3404,0,3404,G
2-PB1,1069,0,3321,0,2,3323,T
2-PB1,1070,0,3313,0,0,3313,T
2-PB1,1071,5,0,0,3305,3310,C
2-PB1,1072,0,3,3337,0,3340,G
2-PB1,1073,3302,0,2,0,3304,A
2-PB1,1074,1,4,3397,0,3402,G
2-PB1,1075,3345,0,2,0,3347,A
2-PB1,1076,1,1,3393,0,3395,G
2-PB1,1077,0,3336,0,0,3336,T
2-PB1,1078,3366,0,0,0,3366,A
2-PB1,1079,3365,0,6,1,3372,A
2-PB1,1080,1,2,3382,1,3386,G
2-PB1,1081,3367,0,2,2,3371,A
2-PB1,1082,0,3,3430,0,3433,G
2-PB1,1083,3319,0,1,0,3320,A
2-PB1,1084,3364,0,2,0,3366,A
2-PB1,1085,1,3330,1,1,3333,T
2-PB1,1086,0,5,3321,0,3326,G
2-PB1,1087,3324,0,4,0,3328,A
2-PB1,1088,3293,0,5,0,3298,A
2-PB1,1089,23,0,3268,0,3291,G
2-PB1,1090,0,0,0,3283,3283,C
2-PB1,1091,0,3209,0,0,3209,T
2-PB1,1092,2,1,0,3270,3273,C
2-PB1,1093,2,3,0,3263,3268,C
2-PB1,1094,2,0,3281,0,3283,G
2-PB1,1095,1,5,3260,1,3267,G
2-PB1,1096,3293,0,2,0,3295,A
2-PB1,1097,0,17,0,3320,3337,C
2-PB1,1098,3347,0,2,0,3349,A
2-PB1,1099,0,1,0,3400,3401,C
2-PB1,1100,3398,0,2,0,3400,A
2-PB1,1101,3391,0,1,0,3392,A
2-PB1,1102,3386,0,4,0,3390,A
2-PB1,1103,0,3394,0,0,3394,T
2-PB1,1104,3381,0,1,0,3382,A
2-PB1,1105,0,0,0,3394,3394,C
2-PB1,1106,2,0,0,3352,3354,C
2-PB1,1107,2,3319,1,4,3326,T
2-PB1,1108,0,1,3355,0,3356,G
2-PB1,1109,1,2,0,3363,3366,C
2-PB1,1110,3365,0,1,0,3366,A
2-PB1,1111,1,1,3366,0,3368,G
2-PB1,1112,3358,1,0,0,3359,A
2-PB1,1113,3346,0,1,0,3347,A
2-PB1,1114,3355,0,0,0,3355,A
2-PB1,1115,0,3349,0,2,3351,T
2-PB1,1116,0,0,3357,0,3357,G
2-PB1,1117,1,1,0,3344,3346,C
2-PB1,1118,0,3361,0,2,3363,T
2-PB1,1119,3397,0,0,0,3397,A
2-PB1,1120,0,0,3384,0,3384,G
2-PB1,1121,1,0,0,3390,3391,C
2-PB1,1122,3410,0,0,0,3410,A
2-PB1,1123,3387,0,2,0,3389,A
2-PB1,1124,0,0,3362,0,3362,G
2-PB1,1125,1,1,0,3355,3357,C
2-PB1,1126,3343,0,2,0,3345,A
2-PB1,1127,1,3401,0,1,3403,T
2-PB1,1128,0,3412,0,1,3413,T
2-PB1,1129,0,5,3519,0,3524,G
2-PB1,1130,3549,0,1,0,3550,A
2-PB1,1131,0,0,0,3528,3528,C
2-PB1,1132,4,0,0,3555,3559,C
2-PB1,1133,3,3489,1,9,3502,T
2-PB1,1134,2,3,3570,0,3575,G
2-PB1,1135,3577,1,0,1,3579,A
2-PB1,1136,3582,0,3,0,3585,A
2-PB1,1137,0,0,3623,0,3623,G
2-PB1,1138,0,3481,0,0,3481,T
2-PB1,1139,3519,1,0,1,3521,A
2-PB1,1140,0,3491,1,0,3492,T
2-PB1,1141,0,3498,0,6,3504,T
2-PB1,1142,0,3466,0,2,3468,T
2-PB1,1143,10,0,0,3458,3468,C
2-PB1,1144,3463,0,2,0,3465,A
2-PB1,1145,3460,1,0,1,3462,A
2-PB1,1146,0,3388,0,1,3389,T
2-PB1,1147,0,11,3413,0,3424,G
2-PB1,1148,3404,0,1,0,3405,A
2-PB1,1149,3396,0,1,1,3398,A
2-PB1,1150,0,3376,0,0,3376,T
2-PB1,1151,9,1,0,3397,3407,C
2-PB1,1152,3418,0,1,0,3419,A
2-PB1,1153,3412,0,1,0,3413,A
2-PB1,1154,1,1,0,3420,3422,C
2-PB1,1155,3412,0,2,0,3414,A
2-PB1,1156,3389,0,1,0,3390,A
2-PB1,1157,3,2,3398,0,3403,G
2-PB1,1158,0,7,3409,0,3416,G
2-PB1,1159,3416,0,0,0,3416,A
2-PB1,1160,3400,0,6,0,3406,A
2-PB1,1161,0,4,3404,0,3408,G
2-PB1,1162,3404,0,0,0,3404,A
2-PB1,1163,3415,0,0,0,3415,A
2-PB1,1164,3406,0,0,0,3406,A
2-PB1,1165,3404,0,1,0,3405,A
2-PB1,1166,0,3396,2,1,3399,T
2-PB1,1167,1,3374,1,1,3377,T
2-PB1,1168,0,4,3389,1,3394,G
2-PB1,1169,3380,0,2,0,3382,A
2-PB1,1170,0,1,3380,0,3381,G
2-PB1,1171,3378,0,0,0,3378,A
2-PB1,1172,3410,1,0,0,3411,A
2-PB1,1173,3448,0,0,0,3448,A
2-PB1,1174,3453,0,0,0,3453,A
2-PB1,1175,0,3438,1,1,3440,T
2-PB1,1176,3451,0,0,0,3451,A
2-PB1,1177,3444,0,6,0,3450,A
2-PB1,1178,1,0,3429,0,3430,G
2-PB1,1179,0,2,3409,0,3411,G
2-PB1,1180,0,3,0,3405,3408,C
2-PB1,1181,2,0,0,3419,3421,C
2-PB1,1182,0,3374,0,3,3377,T
2-PB1,1183,3,0,0,3801,3804,C
2-PB1,1184,0,3868,1,3,3872,T
2-PB1,1185,0,3860,0,0,3860,T
2-PB1,1186,4,0,1,3938,3943,C
2-PB1,1187,0,3945,1,0,3946,T
2-PB1,1188,3969,0,0,1,3970,A
2-PB1,1189,3965,0,1,0,3966,A
2-PB1,1190,0,3956,0,0,3956,T
2-PB1,1191,4025,0,1,0,4026,A
2-PB1,1192,0,3,3905,0,3908,G
2-PB1,1193,3583,0,3,0,3586,A
2-PB1,1194,2,3582,0,1,3585,T
2-PB1,1195,1,6,3498,0,3505,G
2-PB1,1196,2,0,3537,0,3539,G
2-PB1,1197,1,0,0,3555,3556,C
2-PB1,1198,3564,0,2,0,3566,A
2-PB1,1199,1,0,0,3597,3598,C
2-PB1,1200,3518,0,7,0,3525,A
2-PB1,1201,0,3,3653,0,3656,G
2-PB1,1202,1,1,0,3643,3645,C
2-PB1,1203,3660,0,3,0,3663,A
2-PB1,1204,1,3769,0,5,3775,T
2-PB1,1205,7,1,1,3719,3728,C
2-PB1,1206,3760,0,0,0,3760,A
2-PB1,1207,1,3744,0,1,3746,T
2-PB1,1208,0,3730,2,0,3732,T
2-PB1,1209,0,4,3719,0,3723,G
2-PB1,1210,3579,0,2,0,3581,A
2-PB1,1211,0,0,3690,0,3690,G
2-PB1,1212,1,0,0,3656,3657,C
2-PB1,1213,4,2,0,3601,3607,C
2-PB1,1214,3,3,0,3658,3664,C
2-PB1,1215,1,3668,0,3,3672,T
2-PB1,1216,0,2,3823,0,3825,G
2-PB1,1217,0,6,3872,0,3878,G
2-PB1,1218,3842,0,2,0,3844,A
2-PB1,1219,3954,1,0,0,3955,A
2-PB1,1220,0,3853,0,0,3853,T
2-PB1,1221,1,10,3942,0,3953,G
2-PB1,1222,3949,3,6,0,3958,A
2-PB1,1223,0,3983,0,2,3985,T
2-PB1,1224,1,3,3990,0,3994,G
2-PB1,1225,3938,1,3,0,3942,A
2-PB1,1226,0,3900,2,1,3903,T
2-PB1,1227,1,3,3900,0,3904,G
2-PB1,1228,0,5,3903,1,3909,G
2-PB1,1229,1,3,3924,0,3928,G
2-PB1,1230,2,1,1,3883,3887,C
2-PB1,1231,3927,1,1,0,3929,A
2-PB1,1232,1,3973,0,0,3974,T
2-PB1,1233,0,2,4053,0,4055,G
2-PB1,1234,0,4047,0,6,4053,T
2-PB1,1235,0,4062,0,1,4063,T
2-PB1,1236,13,0,0,4050,4063,C
2-PB1,1237,4044,0,0,0,4044,A
2-PB1,1238,4046,2,5,0,4053,A
2-PB1,1239,3,0,0,4053,4056,C
2-PB1,1240,4081,0,2,0,4083,A
2-PB1,1241,0,4068,0,1,4069,T
2-PB1,1242,2,2,4053,0,4057,G
2-PB1,1243,0,1,0,4041,4042,C
2-PB1,1244,0,4070,0,2,4072,T
2-PB1,1245,4097,0,3,0,4100,A
2-PB1,1246,4089,1,1,0,4091,A
2-PB1,1247,0,0,4159,0,4159,G
2-PB1,1248,0,4126,1,0,4127,T
2-PB1,1249,4133,1,0,0,4134,A
2-PB1,1250,0,3,0,4158,4161,C
2-PB1,1251,2,4,4151,0,4157,G
2-PB1,1252,1,1,4352,0,4354,G
2-PB1,1253,0,4294,0,1,4295,T
2-PB1,1254,0,4320,1,0,4321,T
2-PB1,1255,0,4336,1,0,4337,T
2-PB1,1256,1,4310,0,1,4312,T
2-PB1,1257,4324,0,7,0,4331,A
2-PB1,1258,2,1,4297,0,4300,G
2-PB1,1259,0,8,4268,0,4276,G
2-PB1,1260,4174,1,4,0,4179,A
2-PB1,1261,0,1,4133,0,4134,G
2-PB1,1262,1,4175,0,1,4177,T
2-PB1,1263,4,0,1,4178,4183,C
2-PB1,1264,0,4186,0,4,4190,T
2-PB1,1265,7,1,0,4212,4220,C
2-PB1,1266,47,4,4192,0,4243,G
2-PB1,1267,4348,1,2,0,4351,A
2-PB1,1268,1,4385,0,1,4387,T
2-PB1,1269,4365,0,1,0,4366,A
2-PB1,1270,1,0,0,4364,4365,C
2-PB1,1271,0,4302,0,7,4309,T
2-PB1,1272,1,4,4300,0,4305,G
2-PB1,1273,4276,0,1,0,4277,A
2-PB1,1274,4331,0,1,0,4332,A
2-PB1,1275,0,4319,0,2,4321,T
2-PB1,1276,8,0,0,4237,4245,C
2-PB1,1277,0,4250,0,2,4252,T
2-PB1,1278,0,4215,0,2,4217,T
2-PB1,1279,1,4,4244,0,4249,G
2-PB1,1280,6,3,4204,0,4213,G
2-PB1,1281,4202,0,5,0,4207,A
2-PB1,1282,1,0,0,4234,4235,C
2-PB1,1283,4174,0,0,0,4174,A
2-PB1,1284,4200,0,0,0,4200,A
2-PB1,1285,4192,0,0,0,4192,A
2-PB1,1286,4188,0,8,0,4196,A
2-PB1,1287,0,5,4259,0,4264,G
2-PB1,1288,4273,0,3,0,4276,A
2-PB1,1289,4278,0,0,0,4278,A
2-PB1,1290,4291,1,5,0,4297,A
2-PB1,1291,0,4284,0,1,4285,T
2-PB1,1292,4274,0,2,0,4276,A
2-PB1,1293,1,0,0,4404,4405,C
2-PB1,1294,4324,0,3,0,4327,A
2-PB1,1295,0,2,0,4370,4372,C
2-PB1,1296,4,0,0,4353,4357,C
2-PB1,1297,4353,0,0,0,4353,A
2-PB1,1298,4391,0,2,0,4393,A
2-PB1,1299,0,5,4478,0,4483,G
2-PB1,1300,4512,0,8,0,4520,A
2-PB1,1301,1,1,0,4608,4610,C
2-PB1,1302,4482,0,2,0,4484,A
2-PB1,1303,4601,0,1,1,4603,A
2-PB1,1304,1,3,0,4629,4633,C
2-PB1,1305,4692,1,2,0,4695,A
2-PB1,1306,0,4688,0,2,4690,T
2-PB1,1307,4660,0,0,0,4660,A
2-PB1,1308,0,0,0,4754,4754,C
2-PB1,1309,0,4557,0,4,4561,T
2-PB1,1310,1,4,4656,0,4661,G
2-PB1,1311,0,3,4621,0,4624,G
2-PB1,1312,0,4466,0,2,4468,T
2-PB1,1313,2,3,4510,0,4515,G
2-PB1,1314,1,1,4459,1,4462,G
2-PB1,1315,0,2,4488,0,4490,G
2-PB1,1316,4475,0,13,0,4488,A
2-PB1,1317,1,4384,0,4,4389,T
2-PB1,1318,3,2,4374,1,4380,G
2-PB1,1319,1,2,4343,0,4346,G
2-PB1,1320,0,1,4368,0,4369,G
2-PB1,1321,2,1,0,4394,4397,C
2-PB1,1322,0,4385,0,7,4392,T
2-PB1,1323,5,1,0,4443,4449,C
2-PB1,1324,6,2,0,4444,4452,C
2-PB1,1325,4466,0,0,0,4466,A
2-PB1,1326,4437,0,0,0,4437,A
2-PB1,1327,1,4392,1,1,4395,T
2-PB1,1328,4,0,0,4367,4371,C
2-PB1,1329,1,0,0,4356,4357,C
2-PB1,1330,0,4285,0,3,4288,T
2-PB1,1331,2,1,0,4279,4282,C
2-PB1,1332,5,0,0,4281,4286,C
2-PB1,1333,2,1,4304,0,4307,G
2-PB1,1334,4303,0,2,0,4305,A
2-PB1,1335,1,22,0,4283,4306,C
2-PB1,1336,2,12,4317,0,4331,G
2-PB1,1337,4325,0,0,1,4326,A
2-PB1,1338,0,4319,0,0,4319,T
2-PB1,1339,0,4333,1,0,4334,T
2-PB1,1340,0,4322,0,4,4326,T
2-PB1,1341,0,4330,0,1,4331,T
2-PB1,1342,2,1,4351,0,4354,G
2-PB1,1343,1,1,0,4311,4313,C
2-PB1,1344,7,2,0,4328,4337,C
2-PB1,1345,2,3,0,4474,4479,C
2-PB1,1346,0,4433,0,3,4436,T
2-PB1,1347,3,0,1,4640,4644,C
2-PB1,1348,4689,0,1,0,4690,A
2-PB1,1349,0,4714,0,1,4715,T
2-PB1,1350,4724,0,0,0,4724,A
2-PB1,1351,1,1,4776,0,4778,G
2-PB1,1352,2,4679,0,0,4681,T
2-PB1,1353,2,10,4724,0,4736,G
2-PB1,1354,4577,0,2,1,4580,A
2-PB1,1355,4574,0,3,1,4578,A
2-PB1,1356,1,4324,1,5,4331,T
2-PB1,1357,0,5,4326,0,4331,G
2-PB1,1358,1,0,0,4352,4353,C
2-PB1,1359,4310,0,4,0,4314,A
2-PB1,1360,3,1,0,4342,4346,C
2-PB1,1361,4,1,0,4315,4320,C
2-PB1,1362,4299,0,0,0,4299,A
2-PB1,1363,4293,0,1,0,4294,A
2-PB1,1364,4272,0,2,0,4274,A
2-PB1,1365,0,4142,0,1,4143,T
2-PB1,1366,4,2,0,4303,4309,C
2-PB1,1367,4290,0,4,0,4294,A
2-PB1,1368,0,4297,1,1,4299,T
2-PB1,1369,1,1,4305,1,4308,G
2-PB1,1370,4298,0,6,0,4304,A
2-PB1,1371,2,2,4332,0,4336,G
2-PB1,1372,1,4,4317,0,4322,G
2-PB1,1373,1,4,4351,0,4356,G
2-PB1,1374,4335,1,6,0,4342,A
2-PB1,1375,4393,1,1,0,4395,A
2-PB1,1376,0,4401,0,1,4402,T
2-PB1,1377,4404,1,1,0,4406,A
2-PB1,1378,0,0,0,4423,4423,C
2-PB1,1379,4462,0,1,0,4463,A
2-PB1,1380,4429,0,6,0,4435,A
2-PB1,1381,3,1,4411,0,4415,G
2-PB1,1382,1,1,0,4387,4389,C
2-PB1,1383,4351,0,2,0,4353,A
2-PB1,1384,4,3,4388,0,4395,G
2-PB1,1385,0,3,4352,0,4355,G
2-PB1,1386,4312,0,6,0,4318,A
2-PB1,1387,2,8,4361,0,4371,G
2-PB1,1388,0,4270,0,2,4272,T
2-PB1,1389,0,2,4360,1,4363,G
2-PB1,1390,0,3,4370,0,4373,G
2-PB1,1391,4360,0,5,0,4365,A
2-PB1,1392,0,4349,1,3,4353,T
2-PB1,1393,4306,0,0,0,4306,A
2-PB1,1394,0,8,4309,0,4317,G
2-PB1,1395,4346,1,1,0,4348,A
2-PB1,1396,0,4331,0,1,4332,T
2-PB1,1397,0,4307,0,1,4308,T
2-PB1,1398,7,0,0,4405,4412,C
2-PB1,1399,1,4429,0,0,4430,T
2-PB1,1400,4429,0,0,0,4429,A
2-PB1,1401,1,0,0,4422,4423,C
2-PB1,1402,4320,2,3,0,4325,A
2-PB1,1403,2,6,4307,0,4315,G
2-PB1,1404,2,4,4196,0,4202,G
2-PB1,1405,4268,0,0,0,4268,A
2-PB1,1406,1,1,0,4250,4252,C
2-PB1,1407,1,1,0,4146,4148,C
2-PB1,1408,5,4123,0,7,4135,T
2-PB1,1409,0,1,4139,1,4141,G
2-PB1,1410,0,1,0,4129,4130,C
2-PB1,1411,4162,0,1,0,4163,A
2-PB1,1412,4169,0,5,0,4174,A
2-PB1,1413,0,0,4187,0,4187,G
2-PB1,1414,0,4093,0,3,4096,T
2-PB1,1415,0,4124,0,1,4125,T
2-PB1,1416,4076,0,0,0,4076,A
2-PB1,1417,0,0,4074,0,4074,G
2-PB1,1418,2,4019,0,1,4022,T
2-PB1,1419,0,3,4015,0,4018,G
2-PB1,1420,0,2,4002,0,4004,G
2-PB1,1421,2,9,4024,0,4035,G
2-PB1,1422,4017,0,3,0,4020,A
2-PB1,1423,4039,0,0,1,4040,A
2-PB1,1424,1,4005,1,1,4008,T
2-PB1,1425,5,1,0,4034,4040,C
2-PB1,1426,4025,1,7,0,4033,A
2-PB1,1427,4038,0,4,0,4042,A
2-PB1,1428,3,1,0,4033,4037,C
2-PB1,1429,4024,0,0,0,4024,A
2-PB1,1430,0,3930,1,0,3931,T
2-PB1,1431,0,9,3944,0,3953,G
2-PB1,1432,3940,0,2,0,3942,A
2-PB1,1433,0,1,3956,0,3957,G
2-PB1,1434,0,3,0,3930,3933,C
2-PB1,1435,3933,0,0,0,3933,A
2-PB1,1436,3936,1,5,0,3942,A
2-PB1,1437,3947,0,0,0,3947,A
2-PB1,1438,3979,0,1,2,3982,A
2-PB1,1439,3973,0,3,0,3976,A
2-PB1,1440,1,3,3955,0,3959,G
2-PB1,1441,3918,0,2,0,3920,A
2-PB1,1442,3878,0,5,1,3884,A
2-PB1,1443,0,0,4011,0,4011,G
2-PB1,1444,2,3967,0,2,3971,T
2-PB1,1445,4,1,0,3996,4001,C
2-PB1,1446,3,1,0,4025,4029,C
2-PB1,1447,0,4019,0,4,4023,T
2-PB1,1448,4092,0,0,1,4093,A
2-PB1,1449,0,4078,2,0,4080,T
2-PB1,1450,4100,0,0,0,4100,A
2-PB1,1451,1,4083,0,1,4085,T
2-PB1,1452,3985,0,2,0,3987,A
2-PB1,1453,3993,0,0,0,3993,A
2-PB1,1454,3971,0,1,0,3972,A
2-PB1,1455,1,3954,0,1,3956,T
2-PB1,1456,3934,0,0,0,3934,A
2-PB1,1457,3932,0,0,0,3932,A
2-PB1,1458,3928,0,0,0,3928,A
2-PB1,1459,3927,1,0,0,3928,A
2-PB1,1460,1,2,0,3937,3940,C
2-PB1,1461,3729,0,2,0,3731,A
2-PB1,1462,2,5,3733,0,3740,G
2-PB1,1463,1,6,3702,0,3709,G
2-PB1,1464,1,7,3713,0,3721,G
2-PB1,1465,3703,0,1,0,3704,A
2-PB1,1466,1,1,0,3749,3751,C
2-PB1,1467,3726,0,0,0,3726,A
2-PB1,1468,0,3735,0,1,3736,T
2-PB1,1469,0,3748,0,3,3751,T
2-PB1,1470,0,3757,1,1,3759,T
2-PB1,1471,2,9,3739,0,3750,G
2-PB1,1472,3704,0,1,0,3705,A
2-PB1,1473,3709,1,2,1,3713,A
2-PB1,1474,0,3698,0,1,3699,T
2-PB1,1475,0,3621,0,0,3621,T
2-PB1,1476,6,1,0,3633,3640,C
2-PB1,1477,3595,1,0,0,3596,A
2-PB1,1478,1,1,0,3607,3609,C
2-PB1,1479,0,3627,0,1,3628,T
2-PB1,1480,3633,0,2,0,3635,A
2-PB1,1481,0,0,3607,0,3607,G
2-PB1,1482,1,0,1,3615,3617,C
2-PB1,1483,0,3547,0,12,3559,T
2-PB1,1484,0,3631,0,2,3633,T
2-PB1,1485,0,3597,0,3,3600,T
2-PB1,1486,1,3619,0,0,3620,T
2-PB1,1487,0,3617,0,1,3618,T
2-PB1,1488,0,3612,0,1,3613,T
2-PB1,1489,0,3597,0,0,3597,T
2-PB1,1490,3569,1,0,1,3571,A
2-PB1,1491,0,3525,0,8,3533,T
2-PB1,1492,9,2,0,3570,3581,C
2-PB1,1493,0,7,3604,0,3611,G
2-PB1,1494,3731,0,0,0,3731,A
2-PB1,1495,1,3723,0,1,3725,T
2-PB1,1496,3737,0,1,0,3738,A
2-PB1,1497,0,3766,0,3,3769,T
2-PB1,1498,0,15,3726,0,3741,G
2-PB1,1499,1,2,3767,0,3770,G
2-PB1,1500,3768,0,0,0,3768,A
2-PB1,1501,0,3710,0,0,3710,T
2-PB1,1502,0,3704,0,1,3705,T
2-PB1,1503,0,3561,0,1,3562,T
2-PB1,1504,14,0,3573,0,3587,G
2-PB1,1505,1,3557,0,0,3558,T
2-PB1,1506,0,3,3559,0,3562,G
2-PB1,1507,1,0,3530,1,3532,G
2-PB1,1508,1,1,0,3478,3480,C
2-PB1,1509,0,3528,0,2,3530,T
2-PB1,1510,3537,0,1,1,3539,A
2-PB1,1511,3561,0,0,0,3561,A
2-PB1,1512,0,3562,0,0,3562,T
2-PB1,1513,1,3573,0,1,3575,T
2-PB1,1514,0,3585,1,0,3586,T
2-PB1,1515,0,3594,0,0,3594,T
2-PB1,1516,3586,0,2,0,3588,A
2-PB1,1517,0,1,3597,0,3598,G
2-PB1,1518,1,1,0,3601,3603,C
2-PB1,1519,3582,0,2,0,3584,A
2-PB1,1520,2,3544,0,2,3548,T
2-PB1,1521,1,3,3484,2,3490,G
2-PB1,1522,0,1,3543,0,3544,G
2-PB1,1523,3509,0,3,0,3512,A
2-PB1,1524,0,1,3510,0,3511,G
2-PB1,1525,0,0,0,3489,3489,C
2-PB1,1526,1,3474,0,1,3476,T
2-PB1,1527,2,0,3483,1,3486,G
2-PB1,1528,0,0,0,3421,3421,C
2-PB1,1529,3,1,1,3425,3430,C
2-PB1,1530,5,0,0,3491,3496,C
2-PB1,1531,3378,0,1,0,3379,A
2-PB1,1532,2,0,3558,0,3560,G
2-PB1,1533,0,3544,0,1,3545,T
2-PB1,1534,0,3549,0,0,3549,T
2-PB1,1535,0,3541,0,0,3541,T
2-PB1,1536,0,3501,1,1,3503,T
2-PB1,1537,0,3,3497,0,3500,G
2-PB1,1538,1,2,3478,0,3481,G
2-PB1,1539,3497,1,7,0,3505,A
2-PB1,1540,0,2,3502,0,3504,G
2-PB1,1541,0,3217,0,0,3217,T
2-PB1,1542,3193,0,1,0,3194,A
2-PB1,1543,0,3252,0,1,3253,T
2-PB1,1544,3,1,0,3278,3282,C
2-PB1,1545,0,3290,1,1,3292,T
2-PB1,1546,1,3,3293,0,3297,G
2-PB1,1547,2,3,3328,0,3333,G
2-PB1,1548,3346,0,0,0,3346,A
2-PB1,1549,3340,0,10,0,3350,A
2-PB1,1550,1,3315,0,0,3316,T
2-PB1,1551,3198,0,3,0,3201,A
2-PB1,1552,3185,0,1,0,3186,A
2-PB1,1553,3176,0,1,0,3177,A
2-PB1,1554,2,0,0,3190,3192,C
2-PB1,1555,1,4,3135,0,3140,G
2-PB1,1556,3090,0,0,0,3090,A
2-PB1,1557,1,0,3074,0,3075,G
2-PB1,1558,1,3047,0,3,3051,T
2-PB1,1559,14,2,0,3065,3081,C
2-PB1,1560,3077,0,2,0,3079,A
2-PB1,1561,1,0,3099,0,3100,G
2-PB1,1562,1,1,0,3090,3092,C
2-PB1,1563,0,3091,0,3,3094,T
2-PB1,1564,3,1,3152,0,3156,G
2-PB1,1565,3127,0,2,0,3129,A
2-PB1,1566,0,3130,0,2,3132,T
2-PB1,1567,3136,0,1,0,3137,A
2-PB1,1568,0,3087,0,0,3087,T
2-PB1,1569,1,1,3128,0,3130,G
2-PB1,1570,2947,0,3,0,2950,A
2-PB1,1571,1,0,2954,0,2955,G
2-PB1,1572,0,2709,1,0,2710,T
2-PB1,1573,2829,0,0,0,2829,A
2-PB1,1574,1,2812,0,1,2814,T
2-PB1,1575,1,2817,0,0,2818,T
2-PB1,1576,1,1,2834,0,2836,G
2-PB1,1577,0,2,2874,0,2876,G
2-PB1,1578,2745,0,3,0,2748,A
2-PB1,1579,0,0,2751,0,2751,G
2-PB1,1580,0,2486,0,1,2487,T
2-PB1,1581,2505,0,0,0,2505,A
2-PB1,1582,2500,0,2,0,2502,A
2-PB1,1583,1,0,0,2507,2508,C
2-PB1,1584,2510,0,1,0,2511,A
2-PB1,1585,0,1,2541,0,2542,G
2-PB1,1586,0,2223,0,0,2223,T
2-PB1,1587,2,0,2252,1,2255,G
2-PB1,1588,2253,0,3,0,2256,A
2-PB1,1589,0,2264,0,1,2265,T
2-PB1,1590,2260,0,2,0,2262,A
2-PB1,1591,2251,0,0,0,2251,A
2-PB1,1592,2168,0,1,0,2169,A
2-PB1,1593,33,2,2138,0,2173,G
2-PB1,1594,2042,0,1,0,2043,A
2-PB1,1595,2034,0,1,0,2035,A
2-PB1,1596,0,0,0,2052,2052,C
2-PB1,1597,1952,1,0,0,1953,A
2-PB1,1598,1961,0,0,0,1961,A
2-PB1,1599,1,0,0,1968,1969,C
2-PB1,1600,1973,0,2,0,1975,A
2-PB1,1601,0,1967,5,2,1974,T
2-PB1,1602,0,0,1933,0,1933,G
2-PB1,1603,1940,0,0,0,1940,A
2-PB1,1604,1,1927,0,0,1928,T
2-PB1,1605,1902,0,0,0,1902,A
2-PB1,1606,1901,0,1,0,1902,A
2-PB1,1607,1864,0,0,0,1864,A
2-PB1,1608,1,1,0,1861,1863,C
2-PB1,1609,1780,0,2,0,1782,A
2-PB1,1610,1771,0,0,0,1771,A
2-PB1,1611,0,1706,0,0,1706,T
2-PB1,1612,1,4,1708,0,1713,G
2-PB1,1613,1731,0,6,0,1737,A
2-PB1,1614,0,0,0,1764,1764,C
2-PB1,1615,0,0,0,1711,1711,C
2-PB1,1616,0,1615,1,0,1616,T
2-PB1,1617,0,1570,0,0,1570,T
2-PB1,1618,1,1,1571,1,1574,G
2-PB1,1619,0,2,1581,0,1583,G
2-PB1,1620,1602,0,1,0,1603,A
2-PB1,1621,1,0,0,1590,1591,C
2-PB1,1622,0,0,0,1570,1570,C
2-PB1,1623,1562,0,1,0,1563,A
2-PB1,1624,1,0,1573,0,1574,G
2-PB1,1625,0,1,1,1577,1579,C
2-PB1,1626,1583,0,0,0,1583,A
2-PB1,1627,1581,0,2,0,1583,A
2-PB1,1628,0,0,0,1577,1577,C
2-PB1,1629,1568,0,4,0,1572,A
2-PB1,1630,11,0,1579,0,1590,G
2-PB1,1631,0,0,0,1581,1581,C
2-PB1,1632,0,0,0,1609,1609,C
2-PB1,1633,2,1,0,1610,1613,C
2-PB1,1634,1621,0,0,0,1621,A
2-PB1,1635,1609,0,3,0,1612,A
2-PB1,1636,1616,0,0,0,1616,A
2-PB1,1637,0,1602,0,0,1602,T
2-PB1,1638,0,0,1599,0,1599,G
2-PB1,1639,0,0,1553,0,1553,G
2-PB1,1640,0,0,0,1574,1574,C
2-PB1,1641,0,1554,0,0,1554,T
2-PB1,1642,2,1,0,1602,1605,C
2-PB1,1643,0,1590,0,2,1592,T
2-PB1,1644,1,0,0,1617,1618,C
2-PB1,1645,0,0,0,1628,1628,C
2-PB1,1646,1651,0,0,0,1651,A
2-PB1,1647,1640,1,2,0,1643,A
2-PB1,1648,0,1629,0,0,1629,T
2-PB1,1649,0,1617,0,0,1617,T
2-PB1,1650,0,0,1634,0,1634,G
2-PB1,1651,0,1577,0,4,1581,T
2-PB1,1652,0,1587,0,2,1589,T
2-PB1,1653,7,9,0,1570,1586,C
2-PB1,1654,1589,0,1,0,1590,A
2-PB1,1655,0,1562,0,2,1564,T
2-PB1,1656,2,0,0,1583,1585,C
2-PB1,1657,1586,0,0,0,1586,A
2-PB1,1658,1598,0,0,0,1598,A
2-PB1,1659,1584,0,0,0,1584,A
2-PB1,1660,0,1,1604,0,1605,G
2-PB1,1661,1600,0,0,0,1600,A
2-PB1,1662,0,1602,0,0,1602,T
2-PB1,1663,0,1615,0,1,1616,T
2-PB1,1664,1616,0,2,0,1618,A
2-PB1,1665,0,0,0,1643,1643,C
2-PB1,1666,1634,0,1,0,1635,A
2-PB1,1667,1,0,1656,0,1657,G
2-PB1,1668,1644,0,3,0,1647,A
2-PB1,1669,0,1670,0,1,1671,T
2-PB1,1670,1685,0,0,0,1685,A
2-PB1,1671,0,1,0,1793,1794,C
2-PB1,1672,1827,2,1,1,1831,A
2-PB1,1673,0,1,0,1962,1963,C
2-PB1,1674,1957,0,0,0,1957,A
2-PB1,1675,0,1974,0,0,1974,T
2-PB1,1676,1969,0,0,0,1969,A
2-PB1,1677,0,1954,0,1,1955,T
2-PB1,1678,1904,1,1,1,1907,A
2-PB1,1679,0,0,1894,0,1894,G
2-PB1,1680,0,0,1868,0,1868,G
2-PB1,1681,0,1777,0,2,1779,T
2-PB1,1682,0,0,1743,0,1743,G
2-PB1,1683,2,0,0,1814,1816,C
2-PB1,1684,2,0,0,1833,1835,C
2-PB1,1685,1847,1,1,0,1849,A
2-PB1,1686,0,1867,0,0,1867,T
2-PB1,1687,1876,0,0,0,1876,A
2-PB1,1688,0,3,1868,0,1871,G
2-PB1,1689,1838,0,4,0,1842,A
2-PB1,1690,0,1,1855,0,1856,G
2-PB1,1691,0,3,1841,0,1844,G
2-PB1,1692,1772,1,3,0,1776,A
2-PB1,1693,0,3,1779,0,1782,G
2-PB1,1694,1773,0,1,1,1775,A
2-PB1,1695,0,1,0,1780,1781,C
2-PB1,1696,1780,0,2,1,1783,A
2-PB1,1697,1,1,0,1793,1795,C
2-PB1,1698,1785,0,1,0,1786,A
2-PB1,1699,0,1,0,1800,1801,C
2-PB1,1700,1793,0,0,0,1793,A
2-PB1,1701,1804,0,0,0,1804,A
2-PB1,1702,1805,0,0,0,1805,A
2-PB1,1703,0,1801,0,1,1802,T
2-PB1,1704,0,0,0,1811,1811,C
2-PB1,1705,0,0,0,1810,1810,C
2-PB1,1706,1790,0,2,0,1792,A
2-PB1,1707,0,2,1799,0,1801,G
2-PB1,1708,1783,0,1,0,1784,A
2-PB1,1709,0,1,0,1805,1806,C
2-PB1,1710,0,3,1800,0,1803,G
2-PB1,1711,1775,0,1,0,1776,A
2-PB1,1712,0,1,1797,0,1798,G
2-PB1,1713,1792,0,1,0,1793,A
2-PB1,1714,1801,0,2,0,1803,A
2-PB1,1715,11,0,1793,0,1804,G
2-PB1,1716,1797,0,1,0,1798,A
2-PB1,1717,0,1793,0,1,1794,T
2-PB1,1718,2,1,0,1777,1780,C
2-PB1,1719,1789,0,0,0,1789,A
2-PB1,1720,0,1772,0,0,1772,T
2-PB1,1721,0,1772,0,0,1772,T
2-PB1,1722,3,1,1,1771,1776,C
2-PB1,1723,0,2,1778,0,1780,G
2-PB1,1724,1758,0,1,0,1759,A
2-PB1,1725,0,0,1768,0,1768,G
2-PB1,1726,1751,0,0,0,1751,A
2-PB1,1727,0,1826,0,0,1826,T
2-PB1,1728,1830,0,0,1,1831,A
2-PB1,1729,1833,0,0,0,1833,A
2-PB1,1730,1829,0,3,1,1833,A
2-PB1,1731,0,0,1841,0,1841,G
2-PB1,1732,1840,0,0,0,1840,A
2-PB1,1733,1781,1,2,0,1784,A
2-PB1,1734,1,1,1782,0,1784,G
2-PB1,1735,0,0,0,1786,1786,C
2-PB1,1736,0,1760,0,0,1760,T
2-PB1,1737,0,0,1770,0,1770,G
2-PB1,1738,0,1744,0,3,1747,T
2-PB1,1739,1,3,1744,0,1748,G
2-PB1,1740,0,0,1744,0,1744,G
2-PB1,1741,0,3,1757,0,1760,G
2-PB1,1742,1767,0,2,0,1769,A
2-PB1,1743,0,1760,0,4,1764,T
2-PB1,1744,3,0,0,1748,1751,C
2-PB1,1745,1759,0,0,0,1759,A
2-PB1,1746,1763,0,3,0,1766,A
2-PB1,1747,1752,1,1,0,1754,A
2-PB1,1748,0,0,0,1763,1763,C
2-PB1,1749,3,0,0,1756,1759,C
2-PB1,1750,2,1,0,1760,1763,C
2-PB1,1751,1758,0,2,0,1760,A
2-PB1,1752,1795,0,0,0,1795,A
2-PB1,1753,0,1774,0,0,1774,T
2-PB1,1754,4,0,0,1798,1802,C
2-PB1,1755,1785,0,0,0,1785,A
2-PB1,1756,1754,0,5,0,1759,A
2-PB1,1757,0,0,1773,0,1773,G
2-PB1,1758,0,0,1742,0,1742,G
2-PB1,1759,0,0,1755,0,1755,G
2-PB1,1760,0,0,0,1763,1763,C
2-PB1,1761,1726,0,1,0,1727,A
2-PB1,1762,5,1,1752,0,1758,G
2-PB1,1763,0,0,1785,2,1787,G
2-PB1,1764,1782,0,1,0,1783,A
2-PB1,1765,0,0,0,1814,1814,C
2-PB1,1766,0,1774,0,1,1775,T
2-PB1,1767,1819,1,0,1,1821,A
2-PB1,1768,0,1797,0,2,1799,T
2-PB1,1769,0,1805,0,0,1805,T
2-PB1,1770,2,1,1816,0,1819,G
2-PB1,1771,0,0,1824,1,1825,G
2-PB1,1772,0,1793,0,3,1796,T
2-PB1,1773,1814,0,2,0,1816,A
2-PB1,1774,0,1797,0,0,1797,T
2-PB1,1775,1,1,0,1797,1799,C
2-PB1,1776,1767,0,1,0,1768,A
2-PB1,1777,1,0,1790,0,1791,G
2-PB1,1778,1779,0,2,0,1781,A
2-PB1,1779,0,1769,0,0,1769,T
2-PB1,1780,1,1,1702,0,1704,G
2-PB1,1781,0,3,1689,0,1692,G
2-PB1,1782,0,2,1682,0,1684,G
2-PB1,1783,0,0,1683,0,1683,G
2-PB1,1784,0,1,1689,0,1690,G
2-PB1,1785,1689,0,1,1,1691,A
2-PB1,1786,2,2,0,1674,1678,C
2-PB1,1787,1,0,1,1671,1673,C
2-PB1,1788,1675,1,0,0,1676,A
2-PB1,1789,1789,0,0,0,1789,A
2-PB1,1790,1785,1,0,1,1787,A
2-PB1,1791,0,2,0,1840,1842,C
2-PB1,1792,0,1831,0,0,1831,T
2-PB1,1793,0,1829,0,1,1830,T
2-PB1,1794,1821,0,0,0,1821,A
2-PB1,1795,0,1827,0,0,1827,T
2-PB1,1796,1821,2,0,0,1823,A
2-PB1,1797,0,2,0,1828,1830,C
2-PB1,1798,1718,0,0,0,1718,A
2-PB1,1799,1721,0,0,0,1721,A
2-PB1,1800,0,1687,0,0,1687,T
2-PB1,1801,1720,0,0,0,1720,A
2-PB1,1802,0,1711,0,0,1711,T
2-PB1,1803,0,0,0,1710,1710,C
2-PB1,1804,2,0,0,1697,1699,C
2-PB1,1805,0,1,1727,0,1728,G
2-PB1,1806,1,2,1707,0,1710,G
2-PB1,1807,1720,0,1,0,1721,A
2-PB1,1808,1717,0,0,0,1717,A
2-PB1,1809,0,1726,0,0,1726,T
2-PB1,1810,1,0,0,1736,1737,C
2-PB1,1811,0,1730,2,4,1736,T
2-PB1,1812,0,1753,0,1,1754,T
2-PB1,1813,4,1,0,1739,1744,C
2-PB1,1814,1739,0,0,0,1739,A
2-PB1,1815,0,0,0,1749,1749,C
2-PB1,1816,1741,0,0,0,1741,A
2-PB1,1817,0,1882,0,1,1883,T
2-PB1,1818,1,0,0,1897,1898,C
2-PB1,1819,2,1,0,1880,1883,C
2-PB1,1820,1,0,0,1911,1912,C
2-PB1,1821,0,1907,0,2,1909,T
2-PB1,1822,0,1,1910,0,1911,G
2-PB1,1823,1897,0,0,0,1897,A
2-PB1,1824,1897,0,0,0,1897,A
2-PB1,1825,0,1,1903,0,1904,G
2-PB1,1826,0,1777,0,1,1778,T
2-PB1,1827,1,0,0,1780,1781,C
2-PB1,1828,0,1764,0,3,1767,T
2-PB1,1829,0,0,1823,0,1823,G
2-PB1,1830,0,0,0,1829,1829,C
2-PB1,1831,0,1841,0,2,1843,T
2-PB1,1832,1,1837,0,0,1838,T
2-PB1,1833,1836,0,0,0,1836,A
2-PB1,1834,1832,0,0,1,1833,A
2-PB1,1835,1834,0,0,1,1835,A
2-PB1,1836,0,0,1848,0,1848,G
2-PB1,1837,0,1782,0,0,1782,T
2-PB1,1838,0,4,1791,0,1795,G
2-PB1,1839,0,2,1769,0,1771,G
2-PB1,1840,0,0,1786,0,1786,G
2-PB1,1841,1772,0,3,0,1775,A
2-PB1,1842,0,1,1787,0,1788,G
2-PB1,1843,1,0,0,1769,1770,C
2-PB1,1844,0,1780,0,0,1780,T
2-PB1,1845,0,0,1788,0,1788,G
2-PB1,1846,1757,0,1,0,1758,A
2-PB1,1847,0,1777,0,1,1778,T
2-PB1,1848,1,4,1779,0,1784,G
2-PB1,1849,0,2,1784,0,1786,G
2-PB1,1850,1771,0,0,1,1772,A
2-PB1,1851,0,1767,0,1,1768,T
2-PB1,1852,1,3,1768,0,1772,G
2-PB1,1853,1748,0,3,0,1751,A
2-PB1,1854,1,2,1787,0,1790,G
2-PB1,1855,1787,0,1,0,1788,A
2-PB1,1856,1793,0,1,0,1794,A
2-PB1,1857,0,1780,0,0,1780,T
2-PB1,1858,0,1764,0,0,1764,T
2-PB1,1859,1772,0,1,0,1773,A
2-PB1,1860,0,1758,1,0,1759,T
2-PB1,1861,3,1,0,1771,1775,C
2-PB1,1862,1,1,1778,0,1780,G
2-PB1,1863,0,4,1754,0,1758,G
2-PB1,1864,0,2,1766,0,1768,G
2-PB1,1865,0,1,1762,0,1763,G
2-PB1,1866,1754,0,0,0,1754,A
2-PB1,1867,1766,0,0,0,1766,A
2-PB1,1868,0,6,1769,0,1775,G
2-PB1,1869,1776,0,1,0,1777,A
2-PB1,1870,0,0,0,1800,1800,C
2-PB1,1871,1,1779,0,6,1786,T
2-PB1,1872,0,1829,0,0,1829,T
2-PB1,1873,0,1830,0,0,1830,T
2-PB1,1874,0,0,1843,0,1843,G
2-PB1,1875,0,1836,1,0,1837,T
2-PB1,1876,1844,0,0,0,1844,A
2-PB1,1877,1824,0,1,0,1825,A
2-PB1,1878,1,1780,1,0,1782,T
2-PB1,1879,1,0,0,1825,1826,C
2-PB1,1880,1,0,1,1809,1811,C
2-PB1,1881,0,0,0,1796,1796,C
2-PB1,1882,1,1,0,1809,1811,C
2-PB1,1883,0,1807,0,0,1807,T
2-PB1,1884,0,1,1829,0,1830,G
2-PB1,1885,1803,0,0,0,1803,A
2-PB1,1886,1805,0,0,0,1805,A
2-PB1,1887,0,1816,0,4,1820,T
2-PB1,1888,2,1,0,1794,1797,C
2-PB1,1889,0,0,0,1791,1791,C
2-PB1,1890,0,0,0,1767,1767,C
2-PB1,1891,0,1790,0,5,1795,T
2-PB1,1892,0,1802,0,0,1802,T
2-PB1,1893,0,1796,0,0,1796,T
2-PB1,1894,0,0,1798,0,1798,G
2-PB1,1895,0,1780,0,1,1781,T
2-PB1,1896,2,0,0,1787,1789,C
2-PB1,1897,1755,0,1,0,1756,A
2-PB1,1898,0,2,1787,0,1789,G
2-PB1,1899,1,0,0,1767,1768,C
2-PB1,1900,1,0,0,1786,1787,C
2-PB1,1901,1790,0,1,0,1791,A
2-PB1,1902,0,1810,0,0,1810,T
2-PB1,1903,1797,0,1,0,1798,A
2-PB1,1904,1807,0,1,0,1808,A
2-PB1,1905,1799,0,2,0,1801,A
2-PB1,1906,0,1,1820,0,1821,G
2-PB1,1907,1751,0,0,0,1751,A
2-PB1,1908,1752,0,1,0,1753,A
2-PB1,1909,1756,0,2,0,1758,A
2-PB1,1910,0,1759,0,0,1759,T
2-PB1,1911,1,1761,0,1,1763,T
2-PB1,1912,0,4,1754,0,1758,G
2-PB1,1913,1754,0,0,0,1754,A
2-PB1,1914,1701,0,12,0,1713,A
2-PB1,1915,0,1782,0,1,1783,T
2-PB1,1916,2,0,0,1787,1789,C
2-PB1,1917,0,1792,0,1,1793,T
2-PB1,1918,0,1,1834,0,1835,G
2-PB1,1919,0,1838,0,1,1839,T
2-PB1,1920,1868,0,0,0,1868,A
2-PB1,1921,1861,0,1,0,1862,A
2-PB1,1922,1852,1,0,0,1853,A
2-PB1,1923,0,1,0,1856,1857,C
2-PB1,1924,1797,0,0,0,1797,A
2-PB1,1925,1848,0,0,0,1848,A
2-PB1,1926,1,1831,0,0,1832,T
2-PB1,1927,1,0,1824,0,1825,G
2-PB1,1928,0,0,0,1853,1853,C
2-PB1,1929,0,1824,0,0,1824,T
2-PB1,1930,0,1,1898,0,1899,G
2-PB1,1931,0,1895,1,1,1897,T
2-PB1,1932,1926,0,0,0,1926,A
2-PB1,1933,22,0,1904,0,1926,G
2-PB1,1934,0,1882,0,1,1883,T
2-PB1,1935,1872,0,0,0,1872,A
2-PB1,1936,1867,0,0,0,1867,A
2-PB1,1937,0,1829,0,0,1829,T
2-PB1,1938,1,0,1819,0,1820,G
2-PB1,1939,0,1,0,1790,1791,C
2-PB1,1940,0,1,0,1776,1777,C
2-PB1,1941,1741,0,1,0,1742,A
2-PB1,1942,0,0,1757,0,1757,G
2-PB1,1943,0,0,0,1796,1796,C
2-PB1,1944,0,0,0,1797,1797,C
2-PB1,1945,1,0,0,1798,1799,C
2-PB1,1946,1796,1,1,0,1798,A
2-PB1,1947,1,1795,1,1,1798,T
2-PB1,1948,1,1,1794,0,1796,G
2-PB1,1949,3,0,1797,0,1800,G
2-PB1,1950,1,1777,0,1,1779,T
2-PB1,1951,2,0,0,1750,1752,C
2-PB1,1952,0,1,0,1712,1713,C
2-PB1,1953,3,0,1744,0,1747,G
2-PB1,1954,8,1,1743,0,1752,G
2-PB1,1955,1,0,0,1720,1721,C
2-PB1,1956,2,2,0,1741,1745,C
2-PB1,1957,1758,0,0,0,1758,A
2-PB1,1958,1751,0,0,0,1751,A
2-PB1,1959,1767,0,0,0,1767,A
2-PB1,1960,1773,0,0,0,1773,A
2-PB1,1961,0,0,1797,0,1797,G
2-PB1,1962,1,1734,1,0,1736,T
2-PB1,1963,1753,0,1,0,1754,A
2-PB1,1964,0,1748,0,0,1748,T
2-PB1,1965,1,2,1752,0,1755,G
2-PB1,1966,1,2,1788,0,1791,G
2-PB1,1967,1782,1,1,0,1784,A
2-PB1,1968,1799,1,0,1,1801,A
2-PB1,1969,0,1796,0,0,1796,T
2-PB1,1970,1765,0,1,0,1766,A
2-PB1,1971,0,1761,0,0,1761,T
2-PB1,1972,1,2,1736,0,1739,G
2-PB1,1973,1745,0,0,0,1745,A
2-PB1,1974,0,1733,2,1,1736,T
2-PB1,1975,0,0,1685,0,1685,G
2-PB1,1976,0,1,0,1675,1676,C
2-PB1,1977,2,1,0,1663,1666,C
2-PB1,1978,0,0,1671,0,1671,G
2-PB1,1979,0,1669,1,0,1670,T
2-PB1,1980,1,1670,1,0,1672,T
2-PB1,1981,0,0,1675,0,1675,G
2-PB1,1982,1,0,0,1697,1698,C
2-PB1,1983,1704,0,2,0,1706,A
2-PB1,1984,1734,0,2,0,1736,A
2-PB1,1985,0,0,0,1732,1732,C
2-PB1,1986,0,1719,0,0,1719,T
2-PB1,1987,1738,1,1,0,1740,A
2-PB1,1988,0,0,0,1734,1734,C
2-PB1,1989,1720,0,1,0,1721,A
2-PB1,1990,0,0,0,1729,1729,C
2-PB1,1991,1656,0,0,0,1656,A
2-PB1,1992,0,0,0,1837,1837,C
2-PB1,1993,0,1771,1,1,1773,T
2-PB1,1994,0,0,0,1792,1792,C
2-PB1,1995,1,0,0,1804,1805,C
2-PB1,1996,0,1778,0,2,1780,T
2-PB1,1997,1,1,1783,0,1785,G
2-PB1,1998,0,2,1776,0,1778,G
2-PB1,1999,1786,0,0,0,1786,A
2-PB1,2000,0,1792,0,0,1792,T
2-PB1,2001,0,1615,0,0,1615,T
2-PB1,2002,5,0,1,1621,1627,C
2-PB1,2003,1,0,0,1615,1616,C
2-PB1,2004,3,0,0,1643,1646,C
2-PB1,2005,1653,0,0,0,1653,A
2-PB1,2006,1654,0,0,0,1654,A
2-PB1,2007,0,0,1663,0,1663,G
2-PB1,2008,1657,0,0,0,1657,A
2-PB1,2009,1,0,1654,0,1655,G
2-PB1,2010,0,1,1642,0,1643,G
2-PB1,2011,1638,0,2,0,1640,A
2-PB1,2012,1632,1,0,0,1633,A
2-PB1,2013,0,2,0,1618,1620,C
2-PB1,2014,1,0,0,1617,1618,C
2-PB1,2015,0,0,1642,0,1642,G
2-PB1,2016,0,0,0,1636,1636,C
2-PB1,2017,0,1635,0,2,1637,T
2-PB1,2018,2,0,0,1644,1646,C
2-PB1,2019,0,1640,0,1,1641,T
2-PB1,2020,1773,0,0,0,1773,A
2-PB1,2021,1,1769,0,3,1773,T
2-PB1,2022,0,1775,0,1,1776,T
2-PB1,2023,2,0,0,1796,1798,C
2-PB1,2024,0,1738,0,1,1739,T
2-PB1,2025,1741,0,1,0,1742,A
2-PB1,2026,1737,0,1,0,1738,A
2-PB1,2027,1737,0,1,0,1738,A
2-PB1,2028,0,0,0,1736,1736,C
2-PB1,2029,1581,0,1,0,1582,A
2-PB1,2030,0,0,0,1595,1595,C
2-PB1,2031,1560,0,0,0,1560,A
2-PB1,2032,1573,0,2,0,1575,A
2-PB1,2033,1,0,1570,0,1571,G
2-PB1,2034,1,0,0,1567,1568,C
2-PB1,2035,1,0,0,1587,1588,C
2-PB1,2036,1571,0,1,0,1572,A
2-PB1,2037,1569,0,1,0,1570,A
2-PB1,2038,1573,0,2,0,1575,A
2-PB1,2039,0,0,1595,0,1595,G
2-PB1,2040,0,0,1583,0,1583,G
2-PB1,2041,0,2,1557,0,1559,G
2-PB1,2042,17,0,1551,0,1568,G
2-PB1,2043,1566,0,1,0,1567,A
2-PB1,2044,1573,0,1,0,1574,A
2-PB1,2045,0,1566,0,0,1566,T
2-PB1,2046,0,1563,0,1,1564,T
2-PB1,2047,2,0,1,1570,1573,C
2-PB1,2048,0,1563,0,1,1564,T
2-PB1,2049,0,1566,0,1,1567,T
2-PB1,2050,1,1,1568,0,1570,G
2-PB1,2051,1571,0,4,0,1575,A
2-PB1,2052,0,2,1570,0,1572,G
2-PB1,2053,0,1,1573,0,1574,G
2-PB1,2054,1575,0,1,0,1576,A
2-PB1,2055,1,1567,0,0,1568,T
2-PB1,2056,0,7,1566,0,1573,G
2-PB1,2057,1573,0,3,0,1576,A
2-PB1,2058,1565,0,1,1,1567,A
2-PB1,2059,0,0,0,1579,1579,C
2-PB1,2060,1569,0,0,0,1569,A
2-PB1,2061,1,1,1591,0,1593,G
2-PB1,2062,1591,0,0,0,1591,A
2-PB1,2063,0,1580,0,1,1581,T
2-PB1,2064,0,1,1596,0,1597,G
2-PB1,2065,0,1624,0,0,1624,T
2-PB1,2066,1615,0,0,0,1615,A
2-PB1,2067,0,1,0,1615,1616,C
2-PB1,2068,2,0,0,1605,1607,C
2-PB1,2069,1594,0,1,0,1595,A
2-PB1,2070,0,2,1577,0,1579,G
2-PB1,2071,1550,0,0,0,1550,A
2-PB1,2072,1550,0,1,0,1551,A
2-PB1,2073,0,0,1563,0,1563,G
2-PB1,2074,0,1462,0,0,1462,T
2-PB1,2075,1,0,1458,0,1459,G
2-PB1,2076,0,0,0,1463,1463,C
2-PB1,2077,0,1479,0,1,1480,T
2-PB1,2078,1,0,1478,0,1479,G
2-PB1,2079,0,0,0,1462,1462,C
2-PB1,2080,1470,0,0,0,1470,A
2-PB1,2081,1472,0,0,0,1472,A
2-PB1,2082,0,0,0,1459,1459,C
2-PB1,2083,0,1459,0,0,1459,T
2-PB1,2084,0,1443,1,0,1444,T
2-PB1,2085,0,0,1446,0,1446,G
2-PB1,2086,0,1440,0,0,1440,T
2-PB1,2087,0,1435,0,0,1435,T
2-PB1,2088,5,0,0,1442,1447,C
2-PB1,2089,1,5,1437,0,1443,G
2-PB1,2090,1441,0,1,0,1442,A
2-PB1,2091,1,2,1442,0,1445,G
2-PB1,2092,1441,0,1,0,1442,A
2-PB1,2093,1449,0,0,0,1449,A
2-PB1,2094,1443,0,0,0,1443,A
2-PB1,2095,0,1438,0,0,1438,T
2-PB1,2096,0,1441,0,0,1441,T
2-PB1,2097,0,1440,0,0,1440,T
2-PB1,2098,0,1440,0,0,1440,T
2-PB1,2099,0,1437,0,0,1437,T
2-PB1,2100,6,0,0,1419,1425,C
2-PB1,2101,2,1,0,1428,1431,C
2-PB1,2102,2,0,0,1435,1437,C
2-PB1,2103,0,1435,0,2,1437,T
2-PB1,2104,1436,0,1,0,1437,A
2-PB1,2105,0,0,1445,0,1445,G
2-PB1,2106,0,1436,0,0,1436,T
2-PB1,2107,1462,0,0,0,1462,A
2-PB1,2108,0,1,1465,0,1466,G
2-PB1,2109,0,1440,0,2,1442,T
2-PB1,2110,1,1505,0,0,1506,T
2-PB1,2111,6,0,0,1513,1519,C
2-PB1,2112,1548,0,1,0,1549,A
2-PB1,2113,0,1548,0,1,1549,T
2-PB1,2114,1555,0,1,0,1556,A
2-PB1,2115,0,1552,0,0,1552,T
2-PB1,2116,1500,0,0,0,1500,A
2-PB1,2117,0,0,1483,0,1483,G
2-PB1,2118,0,2,1475,0,1477,G
2-PB1,2119,1315,0,1,0,1316,A
2-PB1,2120,0,2,1325,0,1327,G
2-PB1,2121,1230,0,2,0,1232,A
2-PB1,2122,0,0,0,1226,1226,C
2-PB1,2123,1,1,0,1171,1173,C
2-PB1,2124,0,1,1187,0,1188,G
2-PB1,2125,1178,0,0,0,1178,A
2-PB1,2126,0,1181,0,0,1181,T
2-PB1,2127,0,1188,1,0,1189,T
2-PB1,2128,0,2,1177,0,1179,G
2-PB1,2129,0,0,1178,0,1178,G
2-PB1,2130,1185,0,0,0,1185,A
2-PB1,2131,1179,0,1,0,1180,A
2-PB1,2132,0,1169,0,0,1169,T
2-PB1,2133,0,1172,0,0,1172,T
2-PB1,2134,0,1168,0,0,1168,T
2-PB1,2135,5,0,0,1172,1177,C
2-PB1,2136,0,1177,0,2,1179,T
2-PB1,2137,1170,0,0,0,1170,A
2-PB1,2138,0,0,1176,0,1176,G
2-PB1,2139,1,0,1,1162,1164,C
2-PB1,2140,1172,0,0,0,1172,A
2-PB1,2141,0,1168,0,0,1168,T
2-PB1,2142,14,1,1139,0,1154,G
2-PB1,2143,0,0,1191,0,1191,G
2-PB1,2144,0,1182,0,1,1183,T
2-PB1,2145,0,1,1177,0,1178,G
2-PB1,2146,0,1,1177,0,1178,G
2-PB1,2147,1154,0,3,0,1157,A
2-PB1,2148,0,0,1164,0,1164,G
2-PB1,2149,0,0,1148,0,1148,G
2-PB1,2150,0,0,0,1103,1103,C
2-PB1,2151,0,0,0,1130,1130,C
2-PB1,2152,1055,0,0,0,1055,A
2-PB1,2153,0,1048,0,0,1048,T
2-PB1,2154,3,1,1052,0,1056,G
2-PB1,2155,0,0,1061,0,1061,G
2-PB1,2156,0,1035,0,1,1036,T
2-PB1,2157,0,2,1056,0,1058,G
2-PB1,2158,0,1035,0,1,1036,T
2-PB1,2159,4,0,0,1011,1015,C
2-PB1,2160,0,1026,0,0,1026,T
2-PB1,2161,1024,0,0,0,1024,A
2-PB1,2162,0,1,1016,0,1017,G
2-PB1,2163,0,1,981,0,982,G
2-PB1,2164,0,1,974,0,975,G
2-PB1,2165,0,0,0,933,933,C
2-PB1,2166,1,1,0,887,889,C
2-PB1,2167,2,0,0,893,895,C
2-PB1,2168,0,0,903,0,903,G
2-PB1,2169,0,2,910,0,912,G
2-PB1,2170,913,0,0,0,913,A
2-PB1,2171,0,898,0,0,898,T
2-PB1,2172,0,871,0,0,871,T
2-PB1,2173,0,1,864,0,865,G
2-PB1,2174,861,0,0,0,861,A
2-PB1,2175,0,859,0,0,859,T
2-PB1,2176,0,0,864,1,865,G
2-PB1,2177,0,4,0,844,848,C
2-PB1,2178,0,0,0,853,853,C
2-PB1,2179,845,1,0,0,846,A
2-PB1,2180,1,1,845,0,847,G
2-PB1,2181,855,0,0,0,855,A
2-PB1,2182,855,0,0,0,855,A
2-PB1,2183,1,849,0,1,851,T
2-PB1,2184,0,830,0,0,830,T
2-PB1,2185,0,2,827,0,829,G
2-PB1,2186,817,0,0,0,817,A
2-PB1,2187,0,0,0,821,821,C
2-PB1,2188,0,815,0,0,815,T
2-PB1,2189,0,803,0,1,804,T
2-PB1,2190,2,4,0,811,817,C
2-PB1,2191,1,2,821,0,824,G
2-PB1,2192,821,0,0,0,821,A
2-PB1,2193,0,0,807,0,807,G
2-PB1,2194,0,807,0,0,807,T
2-PB1,2195,2,0,0,805,807,C
2-PB1,2196,0,813,0,0,813,T
2-PB1,2197,0,0,813,0,813,G
2-PB1,2198,0,0,812,0,812,G
2-PB1,2199,815,0,0,0,815,A
2-PB1,2200,753,0,0,0,753,A
2-PB1,2201,0,0,755,0,755,G
2-PB1,2202,0,0,765,0,765,G
2-PB1,2203,772,0,0,0,772,A
2-PB1,2204,0,756,0,0,756,T
2-PB1,2205,0,768,0,0,768,T
2-PB1,2206,766,0,0,0,766,A
2-PB1,2207,763,0,0,0,763,A
2-PB1,2208,0,1,763,0,764,G
2-PB1,2209,759,0,0,0,759,A
2-PB1,2210,719,0,2,0,721,A
2-PB1,2211,0,1,664,0,665,G
2-PB1,2212,0,2,660,0,662,G
2-PB1,2213,668,0,0,0,668,A
2-PB1,2214,662,0,1,0,663,A
2-PB1,2215,0,0,663,0,663,G
2-PB1,2216,623,0,0,0,623,A
2-PB1,2217,0,0,617,0,617,G
2-PB1,2218,0,583,0,1,584,T
2-PB1,2219,0,577,0,0,577,T
2-PB1,2220,1,0,1,591,593,C
2-PB1,2221,0,578,0,3,581,T
2-PB1,2222,1,0,0,583,584,C
2-PB1,2223,0,580,0,0,580,T
2-PB1,2224,0,0,584,0,584,G
2-PB1,2225,567,0,0,0,567,A
2-PB1,2226,1,0,559,0,560,G
2-PB1,2227,553,0,1,0,554,A
2-PB1,2228,0,532,0,0,532,T
2-PB1,2229,0,0,0,506,506,C
2-PB1,2230,511,0,0,0,511,A
2-PB1,2231,0,506,0,2,508,T
2-PB1,2232,0,1,509,0,510,G
2-PB1,2233,508,0,0,0,508,A
2-PB1,2234,505,0,1,0,506,A
2-PB1,2235,0,0,501,0,501,G
2-PB1,2236,494,0,0,0,494,A
2-PB1,2237,0,488,0,0,488,T
2-PB1,2238,0,0,0,488,488,C
2-PB1,2239,0,464,0,0,464,T
2-PB1,2240,0,0,460,0,460,G
2-PB1,2241,0,459,0,1,460,T
2-PB1,2242,0,456,0,4,460,T
2-PB1,2243,1,1,0,455,457,C
2-PB1,2244,1,0,0,437,438,C
2-PB1,2245,438,0,0,0,438,A
2-PB1,2246,0,0,0,436,436,C
2-PB1,2247,1,0,0,412,413,C
2-PB1,2248,400,0,0,0,400,A
2-PB1,2249,0,378,0,1,379,T
2-PB1,2250,0,375,0,0,375,T
2-PB1,2251,0,0,373,0,373,G
2-PB1,2252,373,0,0,0,373,A
2-PB1,2253,368,0,0,0,368,A
2-PB1,2254,0,0,367,0,367,G
2-PB1,2255,326,0,0,0,326,A
2-PB1,2256,323,0,0,0,323,A
2-PB1,2257,0,0,0,319,319,C
2-PB1,2258,0,309,0,0,309,T
2-PB1,2259,0,0,0,307,307,C
2-PB1,2260,303,0,0,0,303,A
2-PB1,2261,0,0,301,0,301,G
2-PB1,2262,301,0,0,0,301,A
2-PB1,2263,0,0,0,285,285,C
2-PB1,2264,0,0,284,0,284,G
2-PB1,2265,0,0,275,0,275,G
2-PB1,2266,0,0,0,271,271,C
2-PB1,2267,273,0,0,0,273,A
2-PB1,2268,273,0,0,0,273,A
2-PB1,2269,269,0,0,0,269,A
2-PB1,2270,269,0,0,0,269,A
2-PB1,2271,261,0,8,0,269,A
2-PB1,2272,0,266,0,0,266,T
2-PB1,2273,262,0,0,0,262,A
2-PB1,2274,258,0,0,0,258,A
3-PA,1,19,0,0,0,19,A
3-PA,2,0,21,0,0,21,T
3-PA,3,0,0,21,0,21,G
3-PA,4,0,0,20,0,20,G
3-PA,5,21,0,0,0,21,A
3-PA,6,21,0,0,0,21,A
3-PA,7,0,0,20,0,20,G
3-PA,8,22,0,0,0,22,A
3-PA,9,0,22,0,0,22,T
3-PA,10,0,22,0,0,22,T
3-PA,11,0,25,0,0,25,T
3-PA,12,0,25,0,0,25,T
3-PA,13,0,0,26,0,26,G
3-PA,14,0,24,0,0,24,T
3-PA,15,0,0,26,0,26,G
3-PA,16,0,0,0,26,26,C
3-PA,17,0,0,27,0,27,G
3-PA,18,28,0,0,0,28,A
3-PA,19,0,0,0,28,28,C
3-PA,20,28,0,0,0,28,A
3-PA,21,28,0,0,0,28,A
3-PA,22,0,30,0,0,30,T
3-PA,23,0,0,34,0,34,G
3-PA,24,0,0,0,39,39,C
3-PA,25,0,38,0,0,38,T
3-PA,26,0,39,0,0,39,T
3-PA,27,0,0,0,39,39,C
3-PA,28,38,0,0,0,38,A
3-PA,29,42,0,0,0,42,A
3-PA,30,0,0,0,45,45,C
3-PA,31,0,0,0,43,43,C
3-PA,32,0,0,0,45,45,C
3-PA,33,45,0,0,0,45,A
3-PA,34,46,0,0,0,46,A
3-PA,35,0,46,0,0,46,T
3-PA,36,0,0,46,0,46,G
3-PA,37,46,0,0,0,46,A
3-PA,38,0,47,0,0,47,T
3-PA,39,0,47,0,0,47,T
3-PA,40,0,0,45,0,45,G
3-PA,41,0,45,0,0,45,T
3-PA,42,0,0,0,47,47,C
3-PA,43,0,1,46,0,47,G
3-PA,44,46,0,0,0,46,A
3-PA,45,47,0,0,0,47,A
3-PA,46,0,0,0,46,46,C
3-PA,47,0,46,0,0,46,T
3-PA,48,0,47,0,0,47,T
3-PA,49,0,0,47,0,47,G
3-PA,50,0,0,0,46,46,C
3-PA,51,46,0,0,0,46,A
3-PA,52,0,0,47,0,47,G
3-PA,53,46,0,0,0,46,A
3-PA,54,47,0,0,0,47,A
3-PA,55,47,0,0,0,47,A
3-PA,56,47,0,0,0,47,A
3-PA,57,46,0,0,0,46,A
3-PA,58,0,0,45,0,45,G
3-PA,59,0,0,0,47,47,C
3-PA,60,47,0,0,0,47,A
3-PA,61,49,0,0,0,49,A
3-PA,62,0,49,0,0,49,T
3-PA,63,0,0,49,0,49,G
3-PA,64,49,0,0,0,49,A
3-PA,65,50,0,0,0,50,A
3-PA,66,48,0,0,0,48,A
3-PA,67,0,0,52,0,52,G
3-PA,68,53,0,0,0,53,A
3-PA,69,0,0,63,0,63,G
3-PA,70,0,60,0,0,60,T
3-PA,71,63,0,0,0,63,A
3-PA,72,0,60,0,0,60,T
3-PA,73,0,0,58,0,58,G
3-PA,74,0,0,60,0,60,G
3-PA,75,0,0,61,0,61,G
3-PA,76,0,0,61,0,61,G
3-PA,77,58,0,0,0,58,A
3-PA,78,0,0,56,0,56,G
3-PA,79,0,0,57,0,57,G
3-PA,80,55,0,1,0,56,A
3-PA,81,0,58,0,0,58,T
3-PA,82,0,0,0,57,57,C
3-PA,83,0,58,0,0,58,T
3-PA,84,0,0,59,0,59,G
3-PA,85,58,0,0,0,58,A
3-PA,86,59,0,0,0,59,A
3-PA,87,58,0,0,0,58,A
3-PA,88,59,0,0,0,59,A
3-PA,89,0,59,0,0,59,T
3-PA,90,0,58,0,0,58,T
3-PA,91,0,0,58,0,58,G
3-PA,92,58,0,0,0,58,A
3-PA,93,58,0,0,0,58,A
3-PA,94,58,0,0,0,58,A
3-PA,95,0,0,0,58,58,C
3-PA,96,58,0,0,0,58,A
3-PA,97,58,0,0,0,58,A
3-PA,98,58,0,0,0,58,A
3-PA,99,0,0,0,58,58,C
3-PA,100,58,0,0,0,58,A
3-PA,101,59,0,0,0,59,A
3-PA,102,58,0,0,0,58,A
3-PA,103,0,59,0,0,59,T
3-PA,104,0,59,0,0,59,T
3-PA,105,0,58,0,0,58,T
3-PA,106,0,0,59,0,59,G
3-PA,107,0,0,0,56,56,C
3-PA,108,58,0,0,0,58,A
3-PA,109,0,0,61,0,61,G
3-PA,110,0,0,0,60,60,C
3-PA,111,63,0,0,0,63,A
3-PA,112,64,0,0,0,64,A
3-PA,113,0,64,0,0,64,T
3-PA,114,64,0,0,0,64,A
3-PA,115,0,64,0,0,64,T
3-PA,116,0,0,66,0,66,G
3-PA,117,0,0,0,65,65,C
3-PA,118,61,0,0,0,61,A
3-PA,119,0,0,0,62,62,C
3-PA,120,0,63,0,0,63,T
3-PA,121,0,0,0,85,85,C
3-PA,122,84,0,0,0,84,A
3-PA,123,0,0,0,87,87,C
3-PA,124,0,90,0,0,90,T
3-PA,125,0,89,0,0,89,T
3-PA,126,1,0,86,0,87,G
3-PA,127,0,0,90,0,90,G
3-PA,128,87,0,0,0,87,A
3-PA,129,0,0,92,0,92,G
3-PA,130,0,0,89,0,89,G
3-PA,131,0,84,0,1,85,T
3-PA,132,0,0,91,0,91,G
3-PA,133,0,88,0,0,88,T
3-PA,134,0,0,89,0,89,G
3-PA,135,0,89,0,0,89,T
3-PA,136,0,89,0,0,89,T
3-PA,137,0,91,0,0,91,T
3-PA,138,1,0,0,90,91,C
3-PA,139,89,0,0,0,89,A
3-PA,140,0,90,0,0,90,T
3-PA,141,1,0,92,0,93,G
3-PA,142,0,92,0,0,92,T
3-PA,143,91,0,0,0,91,A
3-PA,144,0,90,0,0,90,T
3-PA,145,0,92,0,0,92,T
3-PA,146,0,0,0,92,92,C
3-PA,147,90,0,0,0,90,A
3-PA,148,0,0,94,0,94,G
3-PA,149,93,0,0,0,93,A
3-PA,150,0,93,0,0,93,T
3-PA,151,0,95,0,0,95,T
3-PA,152,0,94,0,0,94,T
3-PA,153,0,0,0,93,93,C
3-PA,154,0,0,0,97,97,C
3-PA,155,98,0,0,0,98,A
3-PA,156,0,99,0,0,99,T
3-PA,157,0,97,0,0,97,T
3-PA,158,0,98,0,0,98,T
3-PA,159,0,0,0,96,96,C
3-PA,160,99,0,0,0,99,A
3-PA,161,0,99,0,0,99,T
3-PA,162,0,0,0,98,98,C
3-PA,163,102,0,0,0,102,A
3-PA,164,102,0,0,0,102,A
3-PA,165,0,101,0,0,101,T
3-PA,166,0,0,102,0,102,G
3-PA,167,104,0,0,0,104,A
3-PA,168,104,0,0,0,104,A
3-PA,169,0,0,0,103,103,C
3-PA,170,101,0,0,0,101,A
3-PA,171,100,0,0,0,100,A
3-PA,172,0,0,101,0,101,G
3-PA,173,1,0,100,0,101,G
3-PA,174,0,0,0,102,102,C
3-PA,175,0,0,101,0,101,G
3-PA,176,105,0,0,0,105,A
3-PA,177,105,0,0,0,105,A
3-PA,178,0,104,0,0,104,T
3-PA,179,0,0,0,110,110,C
3-PA,180,110,0,0,0,110,A
3-PA,181,108,0,0,0,108,A
3-PA,182,0,111,0,0,111,T
3-PA,183,108,0,0,0,108,A
3-PA,184,0,0,110,0,110,G
3-PA,185,0,105,0,0,105,T
3-PA,186,0,0,107,0,107,G
3-PA,187,0,0,105,0,105,G
3-PA,188,0,104,0,0,104,T
3-PA,189,107,0,0,0,107,A
3-PA,190,0,1,107,0,108,G
3-PA,191,110,0,0,0,110,A
3-PA,192,109,0,0,0,109,A
3-PA,193,0,0,0,108,108,C
3-PA,194,0,107,0,0,107,T
3-PA,195,0,108,0,0,108,T
3-PA,196,0,0,108,0,108,G
3-PA,197,107,0,0,0,107,A
3-PA,198,0,0,0,107,107,C
3-PA,199,0,0,107,0,107,G
3-PA,200,109,0,0,0,109,A
3-PA,201,0,108,0,0,108,T
3-PA,202,0,0,0,109,109,C
3-PA,203,1,0,0,109,110,C
3-PA,204,111,0,0,0,111,A
3-PA,205,113,0,0,0,113,A
3-PA,206,111,0,0,0,111,A
3-PA,207,0,115,0,0,115,T
3-PA,208,0,0,114,0,114,G
3-PA,209,0,0,0,113,113,C
3-PA,210,112,0,0,0,112,A
3-PA,211,0,0,0,116,116,C
3-PA,212,0,116,0,0,116,T
3-PA,213,0,0,135,0,135,G
3-PA,214,0,132,0,1,133,T
3-PA,215,0,131,0,0,131,T
3-PA,216,133,0,0,0,133,A
3-PA,217,133,0,0,0,133,A
3-PA,218,133,0,0,0,133,A
3-PA,219,0,0,131,0,131,G
3-PA,220,0,0,0,132,132,C
3-PA,221,131,0,0,0,131,A
3-PA,222,0,0,0,129,129,C
3-PA,223,122,0,0,0,122,A
3-PA,224,0,0,126,0,126,G
3-PA,225,126,0,0,0,126,A
3-PA,226,0,127,0,0,127,T
3-PA,227,0,125,0,0,125,T
3-PA,228,0,126,0,0,126,T
3-PA,229,0,0,124,0,124,G
3-PA,230,125,0,0,0,125,A
3-PA,231,126,0,0,1,127,A
3-PA,232,127,0,0,0,127,A
3-PA,233,0,127,0,0,127,T
3-PA,234,127,0,0,0,127,A
3-PA,235,127,0,0,0,127,A
3-PA,236,0,127,0,0,127,T
3-PA,237,0,0,0,127,127,C
3-PA,238,0,0,128,0,128,G
3-PA,239,124,0,0,0,124,A
3-PA,240,0,0,129,0,129,G
3-PA,241,0,0,128,0,128,G
3-PA,242,0,0,126,0,126,G
3-PA,243,0,0,127,0,127,G
3-PA,244,124,0,0,0,124,A
3-PA,245,0,0,129,0,129,G
3-PA,246,129,0,0,0,129,A
3-PA,247,0,0,129,0,129,G
3-PA,248,128,0,0,0,128,A
3-PA,249,0,0,0,131,131,C
3-PA,250,128,0,0,0,128,A
3-PA,251,0,0,132,0,132,G
3-PA,252,130,0,1,0,131,A
3-PA,253,135,0,0,0,135,A
3-PA,254,0,0,0,135,135,C
3-PA,255,133,0,0,0,133,A
3-PA,256,128,0,0,0,128,A
3-PA,257,0,131,0,0,131,T
3-PA,258,0,0,136,0,136,G
3-PA,259,0,0,134,0,134,G
3-PA,260,0,0,0,134,134,C
3-PA,261,0,0,0,136,136,C
3-PA,262,0,135,0,0,135,T
3-PA,263,0,0,139,0,139,G
3-PA,264,0,0,139,0,139,G
3-PA,265,138,0,0,0,138,A
3-PA,266,0,0,0,140,140,C
3-PA,267,131,0,0,0,131,A
3-PA,268,0,0,158,0,158,G
3-PA,269,0,159,0,0,159,T
3-PA,270,161,0,0,0,161,A
3-PA,271,0,0,160,0,160,G
3-PA,272,0,155,0,0,155,T
3-PA,273,158,0,1,0,159,A
3-PA,274,158,0,0,0,158,A
3-PA,275,156,0,0,0,156,A
3-PA,276,0,0,0,160,160,C
3-PA,277,147,0,0,0,147,A
3-PA,278,0,0,152,0,152,G
3-PA,279,1,146,0,0,147,T
3-PA,280,148,0,0,0,148,A
3-PA,281,0,149,0,0,149,T
3-PA,282,0,0,0,151,151,C
3-PA,283,0,150,0,0,150,T
3-PA,284,0,0,151,0,151,G
3-PA,285,0,0,0,150,150,C
3-PA,286,153,0,0,0,153,A
3-PA,287,150,0,0,0,150,A
3-PA,288,0,1,0,151,152,C
3-PA,289,150,0,0,0,150,A
3-PA,290,0,0,0,156,156,C
3-PA,291,0,156,0,0,156,T
3-PA,292,154,0,0,0,154,A
3-PA,293,0,0,0,154,154,C
3-PA,294,0,155,0,0,155,T
3-PA,295,0,0,156,0,156,G
3-PA,296,0,0,152,0,152,G
3-PA,297,148,0,1,0,149,A
3-PA,298,0,0,150,0,150,G
3-PA,299,0,0,0,146,146,C
3-PA,300,0,148,0,0,148,T
3-PA,301,0,0,151,0,151,G
3-PA,302,0,0,148,0,148,G
3-PA,303,148,0,0,0,148,A
3-PA,304,150,0,0,0,150,A
3-PA,305,147,0,0,0,147,A
3-PA,306,146,0,0,0,146,A
3-PA,307,0,0,0,147,147,C
3-PA,308,0,1,0,147,148,C
3-PA,309,0,0,151,0,151,G
3-PA,310,148,0,0,0,148,A
3-PA,311,150,0,0,0,150,A
3-PA,312,0,0,154,0,154,G
3-PA,313,0,155,0,0,155,T
3-PA,314,0,157,0,1,158,T
3-PA,315,0,156,0,0,156,T
3-PA,316,1,0,0,154,155,C
3-PA,317,0,160,0,0,160,T
3-PA,318,159,0,0,0,159,A
3-PA,319,0,0,0,157,157,C
3-PA,320,0,0,0,154,154,C
3-PA,321,155,0,0,0,155,A
3-PA,322,0,0,154,0,154,G
3-PA,323,153,0,1,0,154,A
3-PA,324,0,0,0,146,146,C
3-PA,325,0,156,0,0,156,T
3-PA,326,0,157,0,0,157,T
3-PA,327,0,0,160,0,160,G
3-PA,328,0,160,0,0,160,T
3-PA,329,161,0,0,0,161,A
3-PA,330,0,160,0,0,160,T
3-PA,331,0,0,164,0,164,G
3-PA,332,165,0,0,0,165,A
3-PA,333,0,162,0,0,162,T
3-PA,334,0,167,0,0,167,T
3-PA,335,167,0,0,0,167,A
3-PA,336,0,0,0,168,168,C
3-PA,337,168,0,0,0,168,A
3-PA,338,166,0,0,0,166,A
3-PA,339,0,0,167,0,167,G
3-PA,340,0,0,165,0,165,G
3-PA,341,159,0,0,0,159,A
3-PA,342,0,0,163,0,163,G
3-PA,343,162,0,0,0,162,A
3-PA,344,164,0,0,0,164,A
3-PA,345,0,0,0,164,164,C
3-PA,346,158,0,1,0,159,A
3-PA,347,0,0,158,0,158,G
3-PA,348,158,0,0,0,158,A
3-PA,349,0,159,0,0,159,T
3-PA,350,0,157,0,0,157,T
3-PA,351,0,0,0,158,158,C
3-PA,352,159,0,0,0,159,A
3-PA,353,0,157,0,0,157,T
3-PA,354,0,0,0,158,158,C
3-PA,355,0,1,157,0,158,G
3-PA,356,158,0,0,0,158,A
3-PA,357,158,0,0,0,158,A
3-PA,358,158,0,0,0,158,A
3-PA,359,0,160,0,0,160,T
3-PA,360,0,160,0,0,160,T
3-PA,361,0,0,159,0,159,G
3-PA,362,0,0,160,0,160,G
3-PA,363,0,0,158,0,158,G
3-PA,364,0,0,157,0,157,G
3-PA,365,0,154,0,0,154,T
3-PA,366,0,0,159,0,159,G
3-PA,367,159,0,0,0,159,A
3-PA,368,0,0,0,162,162,C
3-PA,369,163,0,1,0,164,A
3-PA,370,162,0,0,0,162,A
3-PA,371,1,0,163,0,164,G
3-PA,372,0,0,165,0,165,G
3-PA,373,163,0,0,0,163,A
3-PA,374,0,0,163,0,163,G
3-PA,375,160,0,1,0,161,A
3-PA,376,0,0,163,0,163,G
3-PA,377,162,0,1,0,163,A
3-PA,378,162,0,0,0,162,A
3-PA,379,0,0,170,0,170,G
3-PA,380,0,170,0,0,170,T
3-PA,381,0,0,0,169,169,C
3-PA,382,1,0,0,174,175,C
3-PA,383,173,0,0,0,173,A
3-PA,384,0,0,0,178,178,C
3-PA,385,180,0,0,0,180,A
3-PA,386,0,185,0,0,185,T
3-PA,387,187,0,0,0,187,A
3-PA,388,0,181,0,0,181,T
3-PA,389,179,0,0,0,179,A
3-PA,390,0,175,0,0,175,T
3-PA,391,0,176,0,0,176,T
3-PA,392,177,0,0,1,178,A
3-PA,393,0,0,0,182,182,C
3-PA,394,0,0,0,174,174,C
3-PA,395,0,171,0,0,171,T
3-PA,396,0,172,0,0,172,T
3-PA,397,0,0,175,0,175,G
3-PA,398,175,0,0,0,175,A
3-PA,399,173,0,0,0,173,A
3-PA,400,173,0,0,0,173,A
3-PA,401,169,0,0,0,169,A
3-PA,402,0,0,167,0,167,G
3-PA,403,0,0,167,0,167,G
3-PA,404,0,0,0,169,169,C
3-PA,405,0,0,0,171,171,C
3-PA,406,171,0,0,0,171,A
3-PA,407,164,0,0,3,167,A
3-PA,408,0,168,0,0,168,T
3-PA,409,170,0,0,0,170,A
3-PA,410,168,0,1,0,169,A
3-PA,411,0,1,169,0,170,G
3-PA,412,168,0,0,0,168,A
3-PA,413,0,167,0,0,167,T
3-PA,414,0,168,0,0,168,T
3-PA,415,169,0,0,0,169,A
3-PA,416,169,0,0,0,169,A
3-PA,417,167,0,0,0,167,A
3-PA,418,0,168,0,0,168,T
3-PA,419,0,0,0,168,168,C
3-PA,420,0,165,0,0,165,T
3-PA,421,0,1,165,0,166,G
3-PA,422,153,0,12,0,165,A
3-PA,423,0,0,168,0,168,G
3-PA,424,170,0,0,0,170,A
3-PA,425,174,0,0,0,174,A
3-PA,426,0,0,0,173,173,C
3-PA,427,169,0,0,0,169,A
3-PA,428,0,0,0,173,173,C
3-PA,429,172,0,0,0,172,A
3-PA,430,0,0,0,174,174,C
3-PA,431,170,0,1,0,171,A
3-PA,432,0,0,0,182,182,C
3-PA,433,179,0,0,0,179,A
3-PA,434,0,177,0,0,177,T
3-PA,435,0,176,0,0,176,T
3-PA,436,0,0,0,179,179,C
3-PA,437,178,0,0,0,178,A
3-PA,438,0,0,0,182,182,C
3-PA,439,182,0,0,0,182,A
3-PA,440,0,181,0,0,181,T
3-PA,441,0,174,0,0,174,T
3-PA,442,0,178,0,0,178,T
3-PA,443,0,177,0,0,177,T
3-PA,444,1,0,0,177,178,C
3-PA,445,0,175,0,0,175,T
3-PA,446,0,0,0,178,178,C
3-PA,447,177,0,0,0,177,A
3-PA,448,0,178,0,0,178,T
3-PA,449,0,179,0,0,179,T
3-PA,450,0,0,0,181,181,C
3-PA,451,182,0,0,0,182,A
3-PA,452,0,0,0,179,179,C
3-PA,453,0,171,0,0,171,T
3-PA,454,1,0,178,0,179,G
3-PA,455,0,0,173,0,173,G
3-PA,456,0,0,178,0,178,G
3-PA,457,0,0,179,0,179,G
3-PA,458,178,0,0,0,178,A
3-PA,459,0,0,181,0,181,G
3-PA,460,0,0,184,0,184,G
3-PA,461,179,0,0,0,179,A
3-PA,462,183,0,0,0,183,A
3-PA,463,178,0,0,0,178,A
3-PA,464,0,170,0,0,170,T
3-PA,465,0,0,172,0,172,G
3-PA,466,0,0,168,0,168,G
3-PA,467,0,0,0,169,169,C
3-PA,468,0,1,0,167,168,C
3-PA,469,171,0,0,0,171,A
3-PA,470,0,0,0,171,171,C
3-PA,471,173,0,0,0,173,A
3-PA,472,172,0,0,0,172,A
3-PA,473,172,0,0,0,172,A
3-PA,474,2,0,171,0,173,G
3-PA,475,0,0,170,0,170,G
3-PA,476,0,0,0,174,174,C
3-PA,477,170,0,0,1,171,A
3-PA,478,0,1,175,0,176,G
3-PA,479,171,0,1,0,172,A
3-PA,480,0,0,0,182,182,C
3-PA,481,0,181,0,0,181,T
3-PA,482,182,0,0,0,182,A
3-PA,483,0,0,0,178,178,C
3-PA,484,175,0,0,0,175,A
3-PA,485,0,0,0,177,177,C
3-PA,486,0,167,0,0,167,T
3-PA,487,0,0,0,177,177,C
3-PA,488,0,176,0,0,176,T
3-PA,489,0,0,0,174,174,C
3-PA,490,0,0,175,0,175,G
3-PA,491,171,0,0,0,171,A
3-PA,492,0,0,0,174,174,C
3-PA,493,0,0,176,0,176,G
3-PA,494,175,0,0,0,175,A
3-PA,495,0,0,177,0,177,G
3-PA,496,0,0,176,0,176,G
3-PA,497,175,0,0,0,175,A
3-PA,498,179,0,0,0,179,A
3-PA,499,179,0,1,0,180,A
3-PA,500,0,0,179,0,179,G
3-PA,501,0,0,0,178,178,C
3-PA,502,178,0,0,0,178,A
3-PA,503,0,0,178,0,178,G
3-PA,504,0,0,178,0,178,G
3-PA,505,0,0,179,0,179,G
3-PA,506,0,0,0,179,179,C
3-PA,507,0,182,0,0,182,T
3-PA,508,179,0,0,0,179,A
3-PA,509,0,0,185,0,185,G
3-PA,510,0,2,193,0,195,G
3-PA,511,195,0,0,0,195,A
3-PA,512,0,189,0,0,189,T
3-PA,513,0,188,0,0,188,T
3-PA,514,186,0,0,0,186,A
3-PA,515,190,0,0,0,190,A
3-PA,516,0,0,192,0,192,G
3-PA,517,193,0,0,0,193,A
3-PA,518,0,0,0,193,193,C
3-PA,519,0,0,0,187,187,C
3-PA,520,187,0,0,0,187,A
3-PA,521,0,0,186,0,186,G
3-PA,522,0,0,185,0,185,G
3-PA,523,0,0,0,186,186,C
3-PA,524,0,185,0,0,185,T
3-PA,525,0,1,188,0,189,G
3-PA,526,0,187,0,0,187,T
3-PA,527,0,186,0,0,186,T
3-PA,528,0,187,0,0,187,T
3-PA,529,186,0,0,0,186,A
3-PA,530,0,0,0,187,187,C
3-PA,531,0,0,0,185,185,C
3-PA,532,181,0,0,0,181,A
3-PA,533,0,182,0,0,182,T
3-PA,534,174,0,0,0,174,A
3-PA,535,174,0,0,0,174,A
3-PA,536,0,0,178,0,178,G
3-PA,537,178,0,0,0,178,A
3-PA,538,0,0,0,177,177,C
3-PA,539,173,0,1,0,174,A
3-PA,540,175,0,0,0,175,A
3-PA,541,0,0,177,0,177,G
3-PA,542,175,0,0,0,175,A
3-PA,543,174,0,0,0,174,A
3-PA,544,171,0,0,0,171,A
3-PA,545,0,161,0,0,161,T
3-PA,546,0,1,167,0,168,G
3-PA,547,0,0,168,0,168,G
3-PA,548,0,0,0,169,169,C
3-PA,549,0,0,0,170,170,C
3-PA,550,167,0,0,0,167,A
3-PA,551,168,0,0,0,168,A
3-PA,552,0,160,0,0,160,T
3-PA,553,169,0,0,0,169,A
3-PA,554,0,0,167,0,167,G
3-PA,555,166,0,0,0,166,A
3-PA,556,0,1,167,0,168,G
3-PA,557,0,0,168,0,168,G
3-PA,558,0,0,0,166,166,C
3-PA,559,1,0,0,166,167,C
3-PA,560,0,165,0,0,165,T
3-PA,561,0,0,0,163,163,C
3-PA,562,0,165,0,0,165,T
3-PA,563,0,0,166,0,166,G
3-PA,564,0,0,169,0,169,G
3-PA,565,0,0,165,0,165,G
3-PA,566,163,0,0,0,163,A
3-PA,567,0,157,0,0,157,T
3-PA,568,0,157,0,0,157,T
3-PA,569,0,0,0,188,188,C
3-PA,570,0,0,0,185,185,C
3-PA,571,0,188,0,0,188,T
3-PA,572,0,185,0,0,185,T
3-PA,573,0,183,0,0,183,T
3-PA,574,0,0,0,191,191,C
3-PA,575,0,0,192,0,192,G
3-PA,576,0,191,0,0,191,T
3-PA,577,0,0,0,191,191,C
3-PA,578,194,0,0,0,194,A
3-PA,579,0,0,241,0,241,G
3-PA,580,0,244,0,0,244,T
3-PA,581,0,0,0,241,241,C
3-PA,582,0,0,0,251,251,C
3-PA,583,0,1,250,1,252,G
3-PA,584,245,0,0,0,245,A
3-PA,585,251,0,0,0,251,A
3-PA,586,252,0,1,0,253,A
3-PA,587,0,1,277,0,278,G
3-PA,588,262,0,0,0,262,A
3-PA,589,0,0,273,0,273,G
3-PA,590,0,0,266,0,266,G
3-PA,591,1,0,0,273,274,C
3-PA,592,0,1,271,0,272,G
3-PA,593,274,0,0,0,274,A
3-PA,594,277,0,0,0,277,A
3-PA,595,0,0,282,0,282,G
3-PA,596,283,0,0,0,283,A
3-PA,597,283,1,0,0,284,A
3-PA,598,284,0,0,0,284,A
3-PA,599,0,0,0,290,290,C
3-PA,600,288,0,0,0,288,A
3-PA,601,290,0,0,0,290,A
3-PA,602,0,290,0,0,290,T
3-PA,603,0,290,0,0,290,T
3-PA,604,0,0,285,0,285,G
3-PA,605,288,0,0,0,288,A
3-PA,606,287,0,2,0,289,A
3-PA,607,0,0,287,0,287,G
3-PA,608,290,0,0,0,290,A
3-PA,609,289,0,0,0,289,A
3-PA,610,291,0,0,0,291,A
3-PA,611,289,0,0,0,289,A
3-PA,612,290,0,0,0,290,A
3-PA,613,0,292,0,0,292,T
3-PA,614,0,296,0,0,296,T
3-PA,615,0,294,0,0,294,T
3-PA,616,0,2,293,0,295,G
3-PA,617,293,0,0,0,293,A
3-PA,618,290,0,0,0,290,A
3-PA,619,296,0,0,0,296,A
3-PA,620,0,299,0,0,299,T
3-PA,621,0,0,0,341,341,C
3-PA,622,337,0,0,0,337,A
3-PA,623,0,0,0,348,348,C
3-PA,624,343,1,0,0,344,A
3-PA,625,0,1,347,0,348,G
3-PA,626,0,1,367,0,368,G
3-PA,627,376,0,0,0,376,A
3-PA,628,378,0,0,0,378,A
3-PA,629,0,0,0,387,387,C
3-PA,630,0,374,0,0,374,T
3-PA,631,417,0,0,0,417,A
3-PA,632,0,421,0,0,421,T
3-PA,633,1,0,439,0,440,G
3-PA,634,0,0,0,444,444,C
3-PA,635,0,0,443,0,443,G
3-PA,636,0,443,0,0,443,T
3-PA,637,440,0,0,0,440,A
3-PA,638,0,0,440,0,440,G
3-PA,639,1,0,431,0,432,G
3-PA,640,0,0,0,432,432,C
3-PA,641,0,424,0,0,424,T
3-PA,642,0,424,0,0,424,T
3-PA,643,0,0,417,0,417,G
3-PA,644,0,0,0,424,424,C
3-PA,645,0,0,0,422,422,C
3-PA,646,0,1,433,0,434,G
3-PA,647,433,0,1,0,434,A
3-PA,648,0,0,0,443,443,C
3-PA,649,2,0,0,439,441,C
3-PA,650,441,0,0,0,441,A
3-PA,651,445,0,0,0,445,A
3-PA,652,441,0,0,0,441,A
3-PA,653,0,0,447,0,447,G
3-PA,654,1,443,0,0,444,T
3-PA,655,0,0,0,451,451,C
3-PA,656,0,445,0,0,445,T
3-PA,657,1,1,0,452,454,C
3-PA,658,0,0,0,452,452,C
3-PA,659,0,1,0,456,457,C
3-PA,660,454,0,0,0,454,A
3-PA,661,0,0,0,463,463,C
3-PA,662,0,0,0,467,467,C
3-PA,663,0,0,466,0,466,G
3-PA,664,459,0,0,0,459,A
3-PA,665,467,0,0,0,467,A
3-PA,666,0,0,0,467,467,C
3-PA,667,0,461,0,0,461,T
3-PA,668,1,473,0,0,474,T
3-PA,669,1,0,0,484,485,C
3-PA,670,0,480,0,0,480,T
3-PA,671,0,0,0,489,489,C
3-PA,672,0,0,0,483,483,C
3-PA,673,0,484,0,0,484,T
3-PA,674,0,0,488,0,488,G
3-PA,675,0,0,0,483,483,C
3-PA,676,0,0,0,487,487,C
3-PA,677,0,485,0,0,485,T
3-PA,678,0,481,0,0,481,T
3-PA,679,0,1,485,0,486,G
3-PA,680,481,0,0,0,481,A
3-PA,681,0,1,491,0,492,G
3-PA,682,492,0,0,0,492,A
3-PA,683,495,0,0,0,495,A
3-PA,684,0,504,0,0,504,T
3-PA,685,0,504,0,0,504,T
3-PA,686,0,504,0,0,504,T
3-PA,687,0,504,0,0,504,T
3-PA,688,504,0,0,0,504,A
3-PA,689,0,0,500,0,500,G
3-PA,690,495,0,1,0,496,A
3-PA,691,0,0,515,0,515,G
3-PA,692,0,0,0,516,516,C
3-PA,693,0,1,0,525,526,C
3-PA,694,0,540,0,0,540,T
3-PA,695,563,0,0,0,563,A
3-PA,696,0,565,0,0,565,T
3-PA,697,2,0,568,0,570,G
3-PA,698,0,571,0,0,571,T
3-PA,699,0,0,577,0,577,G
3-PA,700,0,2,566,0,568,G
3-PA,701,565,0,1,0,566,A
3-PA,702,0,566,0,0,566,T
3-PA,703,1,1,550,0,552,G
3-PA,704,1,2,563,0,566,G
3-PA,705,559,0,0,0,559,A
3-PA,706,0,552,0,0,552,T
3-PA,707,0,557,0,0,557,T
3-PA,708,2,0,0,552,554,C
3-PA,709,0,2,552,0,554,G
3-PA,710,564,0,0,0,564,A
3-PA,711,563,0,0,0,563,A
3-PA,712,0,0,0,561,561,C
3-PA,713,0,1,0,550,551,C
3-PA,714,0,2,554,0,556,G
3-PA,715,552,0,0,0,552,A
3-PA,716,555,0,0,0,555,A
3-PA,717,0,0,0,563,563,C
3-PA,718,0,0,558,0,558,G
3-PA,719,2,0,570,0,572,G
3-PA,720,0,0,0,573,573,C
3-PA,721,0,568,0,1,569,T
3-PA,722,0,0,583,0,583,G
3-PA,723,1,0,0,592,593,C
3-PA,724,596,0,0,0,596,A
3-PA,725,0,600,0,0,600,T
3-PA,726,0,588,0,0,588,T
3-PA,727,0,0,588,0,588,G
3-PA,728,566,0,0,1,567,A
3-PA,729,0,1,574,0,575,G
3-PA,730,0,0,577,0,577,G
3-PA,731,1,0,565,1,567,G
3-PA,732,0,0,0,567,567,C
3-PA,733,568,0,0,0,568,A
3-PA,734,571,0,1,0,572,A
3-PA,735,1,0,575,0,576,G
3-PA,736,0,0,0,578,578,C
3-PA,737,0,582,0,0,582,T
3-PA,738,0,584,0,0,584,T
3-PA,739,0,586,0,0,586,T
3-PA,740,0,0,0,586,586,C
3-PA,741,0,585,0,0,585,T
3-PA,742,2,0,0,583,585,C
3-PA,743,590,0,0,0,590,A
3-PA,744,589,0,0,0,589,A
3-PA,745,587,1,0,0,588,A
3-PA,746,0,585,0,0,585,T
3-PA,747,0,0,610,0,610,G
3-PA,748,0,598,0,0,598,T
3-PA,749,0,0,0,610,610,C
3-PA,750,0,0,0,612,612,C
3-PA,751,612,0,1,0,613,A
3-PA,752,614,0,0,0,614,A
3-PA,753,611,0,0,0,611,A
3-PA,754,0,1,629,0,630,G
3-PA,755,631,0,0,0,631,A
3-PA,756,620,0,2,0,622,A
3-PA,757,0,1,635,0,636,G
3-PA,758,0,625,0,0,625,T
3-PA,759,0,2,624,0,626,G
3-PA,760,624,0,1,0,625,A
3-PA,761,623,0,1,0,624,A
3-PA,762,0,624,0,0,624,T
3-PA,763,0,1,620,0,621,G
3-PA,764,0,0,0,621,621,C
3-PA,765,0,0,0,628,628,C
3-PA,766,0,0,0,625,625,C
3-PA,767,625,0,0,0,625,A
3-PA,768,634,0,0,0,634,A
3-PA,769,636,0,0,0,636,A
3-PA,770,0,636,0,0,636,T
3-PA,771,0,637,0,0,637,T
3-PA,772,0,2,627,0,629,G
3-PA,773,626,0,0,0,626,A
3-PA,774,632,0,0,0,632,A
3-PA,775,0,0,0,632,632,C
3-PA,776,1,0,0,635,636,C
3-PA,777,0,629,0,0,629,T
3-PA,778,0,644,0,0,644,T
3-PA,779,1,648,0,0,649,T
3-PA,780,0,663,0,0,663,T
3-PA,781,1,0,0,664,665,C
3-PA,782,0,666,0,0,666,T
3-PA,783,0,0,667,0,667,G
3-PA,784,658,0,0,0,658,A
3-PA,785,671,0,0,0,671,A
3-PA,786,0,0,675,0,675,G
3-PA,787,661,0,1,0,662,A
3-PA,788,0,1,0,665,666,C
3-PA,789,647,0,1,0,648,A
3-PA,790,652,0,1,0,653,A
3-PA,791,0,0,0,749,749,C
3-PA,792,744,0,0,0,744,A
3-PA,793,0,0,0,753,753,C
3-PA,794,0,0,0,747,747,C
3-PA,795,746,0,0,0,746,A
3-PA,796,747,0,3,0,750,A
3-PA,797,0,1,741,0,742,G
3-PA,798,740,0,0,0,740,A
3-PA,799,0,0,0,742,742,C
3-PA,800,0,0,0,694,694,C
3-PA,801,692,0,0,0,692,A
3-PA,802,693,0,0,0,693,A
3-PA,803,0,694,0,1,695,T
3-PA,804,3,0,0,693,696,C
3-PA,805,696,0,1,0,697,A
3-PA,806,692,0,0,0,692,A
3-PA,807,690,0,0,0,690,A
3-PA,808,0,0,0,702,702,C
3-PA,809,0,694,0,1,695,T
3-PA,810,1,690,0,0,691,T
3-PA,811,0,0,0,693,693,C
3-PA,812,0,0,0,702,702,C
3-PA,813,0,1,699,0,700,G
3-PA,814,700,0,0,0,700,A
3-PA,815,704,0,0,0,704,A
3-PA,816,0,701,0,0,701,T
3-PA,817,0,1,696,0,697,G
3-PA,818,0,1,696,0,697,G
3-PA,819,697,0,1,0,698,A
3-PA,820,1,0,0,704,705,C
3-PA,821,0,0,0,701,701,C
3-PA,822,0,721,0,0,721,T
3-PA,823,1,0,0,732,733,C
3-PA,824,1,0,0,723,724,C
3-PA,825,0,728,0,0,728,T
3-PA,826,0,734,0,1,735,T
3-PA,827,0,0,769,0,769,G
3-PA,828,0,762,0,1,763,T
3-PA,829,0,761,0,0,761,T
3-PA,830,754,0,0,1,755,A
3-PA,831,0,745,0,0,745,T
3-PA,832,0,0,0,741,741,C
3-PA,833,725,0,0,0,725,A
3-PA,834,0,0,723,0,723,G
3-PA,835,0,1,0,725,726,C
3-PA,836,0,0,699,0,699,G
3-PA,837,0,0,707,0,707,G
3-PA,838,0,700,0,0,700,T
3-PA,839,0,0,0,714,714,C
3-PA,840,0,0,0,714,714,C
3-PA,841,720,0,0,0,720,A
3-PA,842,726,0,0,0,726,A
3-PA,843,726,0,0,0,726,A
3-PA,844,0,726,0,0,726,T
3-PA,845,0,723,0,0,723,T
3-PA,846,2,0,0,715,717,C
3-PA,847,0,0,0,709,709,C
3-PA,848,0,703,0,0,703,T
3-PA,849,2,1,0,714,717,C
3-PA,850,1,0,0,720,721,C
3-PA,851,0,711,0,0,711,T
3-PA,852,0,0,721,0,721,G
3-PA,853,712,0,0,0,712,A
3-PA,854,0,715,0,0,715,T
3-PA,855,0,4,704,1,709,G
3-PA,856,0,0,707,0,707,G
3-PA,857,698,1,1,0,700,A
3-PA,858,0,690,0,0,690,T
3-PA,859,2,0,696,0,698,G
3-PA,860,0,0,0,749,749,C
3-PA,861,0,738,0,0,738,T
3-PA,862,0,744,0,2,746,T
3-PA,863,0,748,0,0,748,T
3-PA,864,743,0,0,0,743,A
3-PA,865,742,0,0,0,742,A
3-PA,866,744,0,2,0,746,A
3-PA,867,754,0,0,0,754,A
3-PA,868,0,750,0,0,750,T
3-PA,869,0,692,0,0,692,T
3-PA,870,3,2,687,0,692,G
3-PA,871,680,0,1,0,681,A
3-PA,872,0,0,696,0,696,G
3-PA,873,0,0,0,701,701,C
3-PA,874,700,0,1,0,701,A
3-PA,875,0,718,0,0,718,T
3-PA,876,0,721,0,0,721,T
3-PA,877,0,1,719,0,720,G
3-PA,878,718,0,0,0,718,A
3-PA,879,717,0,0,0,717,A
3-PA,880,7,3,708,0,718,G
3-PA,881,703,0,0,0,703,A
3-PA,882,0,0,0,706,706,C
3-PA,883,0,2,0,706,708,C
3-PA,884,0,0,0,693,693,C
3-PA,885,700,0,0,0,700,A
3-PA,886,696,0,0,0,696,A
3-PA,887,0,0,702,0,702,G
3-PA,888,0,702,0,0,702,T
3-PA,889,0,0,0,707,707,C
3-PA,890,712,0,0,0,712,A
3-PA,891,0,0,0,716,716,C
3-PA,892,0,1,713,0,714,G
3-PA,893,720,0,0,0,720,A
3-PA,894,728,0,1,0,729,A
3-PA,895,0,0,752,0,752,G
3-PA,896,13,0,738,0,751,G
3-PA,897,749,0,1,0,750,A
3-PA,898,1,0,754,0,755,G
3-PA,899,760,0,0,0,760,A
3-PA,900,760,0,1,0,761,A
3-PA,901,0,0,762,0,762,G
3-PA,902,0,2,745,0,747,G
3-PA,903,1,0,748,0,749,G
3-PA,904,721,0,0,0,721,A
3-PA,905,0,723,0,1,724,T
3-PA,906,1,1,0,726,728,C
3-PA,907,0,2,0,771,773,C
3-PA,908,1,0,0,791,792,C
3-PA,909,814,0,0,0,814,A
3-PA,910,0,818,0,0,818,T
3-PA,911,0,831,0,0,831,T
3-PA,912,841,0,0,0,841,A
3-PA,913,0,843,0,0,843,T
3-PA,914,836,0,0,0,836,A
3-PA,915,0,823,0,0,823,T
3-PA,916,0,0,761,0,761,G
3-PA,917,759,0,0,0,759,A
3-PA,918,1,742,0,0,743,T
3-PA,919,0,0,748,0,748,G
3-PA,920,1,0,0,747,748,C
3-PA,921,0,1,748,0,749,G
3-PA,922,742,1,0,0,743,A
3-PA,923,0,756,0,0,756,T
3-PA,924,1,0,0,748,749,C
3-PA,925,758,0,0,0,758,A
3-PA,926,753,0,0,0,753,A
3-PA,927,0,1,760,0,761,G
3-PA,928,0,739,0,1,740,T
3-PA,929,0,1,741,0,742,G
3-PA,930,0,0,0,749,749,C
3-PA,931,753,0,1,0,754,A
3-PA,932,1,749,0,1,751,T
3-PA,933,748,0,3,0,751,A
3-PA,934,761,0,0,0,761,A
3-PA,935,759,0,0,0,759,A
3-PA,936,756,0,1,0,757,A
3-PA,937,758,1,0,0,759,A
3-PA,938,1,0,0,759,760,C
3-PA,939,752,0,0,0,752,A
3-PA,940,0,749,0,0,749,T
3-PA,941,0,757,0,0,757,T
3-PA,942,0,0,0,757,757,C
3-PA,943,0,748,0,5,753,T
3-PA,944,0,750,0,0,750,T
3-PA,945,0,748,0,0,748,T
3-PA,946,0,0,753,0,753,G
3-PA,947,0,0,750,0,750,G
3-PA,948,757,0,1,0,758,A
3-PA,949,0,752,0,0,752,T
3-PA,950,0,0,756,0,756,G
3-PA,951,0,1,763,0,764,G
3-PA,952,762,0,0,0,762,A
3-PA,953,767,0,1,0,768,A
3-PA,954,765,0,0,0,765,A
3-PA,955,0,0,766,0,766,G
3-PA,956,748,0,14,0,762,A
3-PA,957,829,0,1,0,830,A
3-PA,958,0,0,0,835,835,C
3-PA,959,0,0,0,846,846,C
3-PA,960,0,833,0,0,833,T
3-PA,961,0,845,0,0,845,T
3-PA,962,854,0,2,0,856,A
3-PA,963,0,855,0,0,855,T
3-PA,964,848,0,1,0,849,A
3-PA,965,0,859,0,0,859,T
3-PA,966,809,0,0,0,809,A
3-PA,967,0,1,799,0,800,G
3-PA,968,0,791,0,0,791,T
3-PA,969,2,0,1,787,790,C
3-PA,970,788,0,0,0,788,A
3-PA,971,788,0,0,0,788,A
3-PA,972,786,0,0,0,786,A
3-PA,973,0,0,0,797,797,C
3-PA,974,1,0,0,787,788,C
3-PA,975,775,0,0,0,775,A
3-PA,976,0,0,0,786,786,C
3-PA,977,781,0,0,0,781,A
3-PA,978,1,0,0,788,789,C
3-PA,979,1,1,792,0,794,G
3-PA,980,784,0,0,0,784,A
3-PA,981,778,0,0,0,778,A
3-PA,982,778,0,0,0,778,A
3-PA,983,782,0,0,0,782,A
3-PA,984,0,1,784,0,785,G
3-PA,985,0,0,771,0,771,G
3-PA,986,0,0,776,0,776,G
3-PA,987,1,0,769,0,770,G
3-PA,988,781,0,0,1,782,A
3-PA,989,0,782,0,0,782,T
3-PA,990,782,0,0,0,782,A
3-PA,991,784,0,0,0,784,A
3-PA,992,787,0,0,0,787,A
3-PA,993,0,791,0,0,791,T
3-PA,994,0,784,0,0,784,T
3-PA,995,4,0,0,791,795,C
3-PA,996,794,0,0,0,794,A
3-PA,997,792,0,0,0,792,A
3-PA,998,799,0,0,0,799,A
3-PA,999,0,790,0,1,791,T
3-PA,1000,0,791,0,0,791,T
3-PA,1001,776,0,0,0,776,A
3-PA,1002,0,0,0,782,782,C
3-PA,1003,0,0,0,780,780,C
3-PA,1004,0,761,0,0,761,T
3-PA,1005,0,0,773,0,773,G
3-PA,1006,0,0,0,774,774,C
3-PA,1007,0,772,0,0,772,T
3-PA,1008,1,0,796,0,797,G
3-PA,1009,0,787,0,3,790,T
3-PA,1010,2,0,0,791,793,C
3-PA,1011,795,0,1,0,796,A
3-PA,1012,0,796,0,1,797,T
3-PA,1013,0,0,797,0,797,G
3-PA,1014,0,0,792,0,792,G
3-PA,1015,794,0,0,0,794,A
3-PA,1016,811,0,0,0,811,A
3-PA,1017,0,0,808,0,808,G
3-PA,1018,0,0,0,811,811,C
3-PA,1019,806,0,0,0,806,A
3-PA,1020,812,0,2,0,814,A
3-PA,1021,1,0,817,0,818,G
3-PA,1022,0,809,0,1,810,T
3-PA,1023,814,0,0,0,814,A
3-PA,1024,0,0,0,815,815,C
3-PA,1025,0,797,0,1,798,T
3-PA,1026,0,0,809,0,809,G
3-PA,1027,0,792,0,3,795,T
3-PA,1028,2,0,0,804,806,C
3-PA,1029,805,0,0,0,805,A
3-PA,1030,0,3,808,0,811,G
3-PA,1031,806,0,0,0,806,A
3-PA,1032,806,0,0,1,807,A
3-PA,1033,0,817,0,0,817,T
3-PA,1034,0,817,0,0,817,T
3-PA,1035,1,0,805,0,806,G
3-PA,1036,0,0,0,801,801,C
3-PA,1037,805,0,3,0,808,A
3-PA,1038,0,0,810,0,810,G
3-PA,1039,0,1,801,0,802,G
3-PA,1040,816,0,0,0,816,A
3-PA,1041,0,1,0,804,805,C
3-PA,1042,793,0,0,0,793,A
3-PA,1043,0,788,0,0,788,T
3-PA,1044,0,794,0,0,794,T
3-PA,1045,0,3,804,0,807,G
3-PA,1046,799,0,0,0,799,A
3-PA,1047,793,0,0,0,793,A
3-PA,1048,800,0,1,0,801,A
3-PA,1049,798,0,0,0,798,A
3-PA,1050,0,791,0,0,791,T
3-PA,1051,2,1,802,0,805,G
3-PA,1052,790,0,2,0,792,A
3-PA,1053,0,0,806,0,806,G
3-PA,1054,0,1,799,0,800,G
3-PA,1055,795,0,0,0,795,A
3-PA,1056,0,0,799,0,799,G
3-PA,1057,799,0,0,0,799,A
3-PA,1058,800,0,0,0,800,A
3-PA,1059,0,0,799,0,799,G
3-PA,1060,0,0,780,0,780,G
3-PA,1061,0,802,0,6,808,T
3-PA,1062,0,815,0,0,815,T
3-PA,1063,0,0,0,819,819,C
3-PA,1064,0,0,0,828,828,C
3-PA,1065,823,0,1,0,824,A
3-PA,1066,824,0,0,0,824,A
3-PA,1067,0,0,832,0,832,G
3-PA,1068,0,1,819,0,820,G
3-PA,1069,813,0,0,0,813,A
3-PA,1070,0,0,0,817,817,C
3-PA,1071,0,821,0,0,821,T
3-PA,1072,824,0,0,1,825,A
3-PA,1073,822,0,0,0,822,A
3-PA,1074,823,0,0,0,823,A
3-PA,1075,824,0,0,0,824,A
3-PA,1076,815,0,0,0,815,A
3-PA,1077,0,0,0,809,809,C
3-PA,1078,800,0,0,0,800,A
3-PA,1079,0,791,0,0,791,T
3-PA,1080,1,0,810,0,811,G
3-PA,1081,809,0,1,0,810,A
3-PA,1082,814,0,0,0,814,A
3-PA,1083,0,1,818,0,819,G
3-PA,1084,822,0,0,0,822,A
3-PA,1085,822,0,0,0,822,A
3-PA,1086,820,0,1,0,821,A
3-PA,1087,815,0,0,0,815,A
3-PA,1088,0,1,0,823,824,C
3-PA,1089,0,0,817,0,817,G
3-PA,1090,821,0,1,0,822,A
3-PA,1091,0,0,813,0,813,G
3-PA,1092,1,799,0,0,800,T
3-PA,1093,1,0,0,836,837,C
3-PA,1094,837,0,1,0,838,A
3-PA,1095,838,0,0,0,838,A
3-PA,1096,1,0,0,848,849,C
3-PA,1097,0,846,0,0,846,T
3-PA,1098,0,1,869,0,870,G
3-PA,1099,854,0,1,0,855,A
3-PA,1100,855,0,2,0,857,A
3-PA,1101,0,1,855,0,856,G
3-PA,1102,0,829,0,0,829,T
3-PA,1103,0,3,835,0,838,G
3-PA,1104,0,0,837,0,837,G
3-PA,1105,0,0,839,0,839,G
3-PA,1106,0,0,0,842,842,C
3-PA,1107,0,834,0,0,834,T
3-PA,1108,1,0,0,849,850,C
3-PA,1109,0,839,0,0,839,T
3-PA,1110,0,846,0,0,846,T
3-PA,1111,0,3,860,0,863,G
3-PA,1112,0,0,862,0,862,G
3-PA,1113,0,845,0,1,846,T
3-PA,1114,0,2,853,0,855,G
3-PA,1115,848,1,0,0,849,A
3-PA,1116,854,0,0,0,854,A
3-PA,1117,845,0,1,0,846,A
3-PA,1118,861,0,0,0,861,A
3-PA,1119,0,0,0,864,864,C
3-PA,1120,853,0,0,0,853,A
3-PA,1121,0,846,0,0,846,T
3-PA,1122,0,2,845,0,847,G
3-PA,1123,0,0,848,0,848,G
3-PA,1124,0,0,0,842,842,C
3-PA,1125,849,0,1,0,850,A
3-PA,1126,0,0,0,857,857,C
3-PA,1127,2,0,0,852,854,C
3-PA,1128,878,0,0,0,878,A
3-PA,1129,0,0,883,0,883,G
3-PA,1130,879,0,0,0,879,A
3-PA,1131,3,0,883,0,886,G
3-PA,1132,885,0,0,0,885,A
3-PA,1133,889,0,3,0,892,A
3-PA,1134,0,1,887,0,888,G
3-PA,1135,0,0,884,0,884,G
3-PA,1136,0,858,0,1,859,T
3-PA,1137,878,0,3,0,881,A
3-PA,1138,0,4,884,0,888,G
3-PA,1139,880,0,2,0,882,A
3-PA,1140,0,0,0,893,893,C
3-PA,1141,0,878,0,0,878,T
3-PA,1142,0,886,0,0,886,T
3-PA,1143,0,892,0,0,892,T
3-PA,1144,0,2,888,0,890,G
3-PA,1145,887,0,1,0,888,A
3-PA,1146,888,0,0,0,888,A
3-PA,1147,886,0,0,0,886,A
3-PA,1148,887,0,0,0,887,A
3-PA,1149,0,0,0,910,910,C
3-PA,1150,0,891,0,0,891,T
3-PA,1151,1,0,904,0,905,G
3-PA,1152,0,1,0,895,896,C
3-PA,1153,907,0,1,0,908,A
3-PA,1154,1,0,902,0,903,G
3-PA,1155,889,0,0,0,889,A
3-PA,1156,0,0,930,0,930,G
3-PA,1157,939,1,2,0,942,A
3-PA,1158,0,0,0,922,922,C
3-PA,1159,925,0,2,0,927,A
3-PA,1160,0,916,0,0,916,T
3-PA,1161,918,0,1,0,919,A
3-PA,1162,925,0,1,0,926,A
3-PA,1163,0,0,917,0,917,G
3-PA,1164,0,0,0,917,917,C
3-PA,1165,19,0,883,0,902,G
3-PA,1166,906,0,1,0,907,A
3-PA,1167,0,902,1,0,903,T
3-PA,1168,0,902,0,0,902,T
3-PA,1169,0,908,0,0,908,T
3-PA,1170,1,0,905,0,906,G
3-PA,1171,908,0,0,0,908,A
3-PA,1172,911,0,0,0,911,A
3-PA,1173,0,0,916,0,916,G
3-PA,1174,0,0,0,942,942,C
3-PA,1175,939,0,0,0,939,A
3-PA,1176,1002,0,0,0,1002,A
3-PA,1177,0,1001,0,0,1001,T
3-PA,1178,1007,0,1,0,1008,A
3-PA,1179,0,1013,0,0,1013,T
3-PA,1180,1,0,1014,2,1017,G
3-PA,1181,1027,0,1,0,1028,A
3-PA,1182,0,1020,0,0,1020,T
3-PA,1183,990,0,0,0,990,A
3-PA,1184,1,0,990,0,991,G
3-PA,1185,0,952,0,1,953,T
3-PA,1186,0,3,956,0,959,G
3-PA,1187,952,0,2,0,954,A
3-PA,1188,0,0,0,945,945,C
3-PA,1189,0,3,937,0,940,G
3-PA,1190,933,0,0,0,933,A
3-PA,1191,932,0,0,0,932,A
3-PA,1192,0,0,1,937,938,C
3-PA,1193,1,0,0,947,948,C
3-PA,1194,0,946,0,0,946,T
3-PA,1195,0,1,970,0,971,G
3-PA,1196,969,0,1,0,970,A
3-PA,1197,976,0,0,0,976,A
3-PA,1198,0,971,0,1,972,T
3-PA,1199,0,962,0,0,962,T
3-PA,1200,966,0,0,0,966,A
3-PA,1201,953,0,1,0,954,A
3-PA,1202,0,0,955,0,955,G
3-PA,1203,0,1,944,0,945,G
3-PA,1204,0,922,0,3,925,T
3-PA,1205,4,0,0,921,925,C
3-PA,1206,917,0,0,0,917,A
3-PA,1207,0,0,0,965,965,C
3-PA,1208,0,965,0,0,965,T
3-PA,1209,0,967,0,0,967,T
3-PA,1210,0,962,1,0,963,T
3-PA,1211,3,1,0,958,962,C
3-PA,1212,964,0,0,0,964,A
3-PA,1213,953,1,0,0,954,A
3-PA,1214,0,0,962,0,962,G
3-PA,1215,0,0,0,963,963,C
3-PA,1216,0,951,0,0,951,T
3-PA,1217,13,1,968,0,982,G
3-PA,1218,0,2,978,0,980,G
3-PA,1219,996,1,0,0,997,A
3-PA,1220,0,1001,0,2,1003,T
3-PA,1221,1008,1,0,0,1009,A
3-PA,1222,2,0,0,1007,1009,C
3-PA,1223,980,0,0,0,980,A
3-PA,1224,1,2,981,0,984,G
3-PA,1225,979,0,0,0,979,A
3-PA,1226,957,0,0,0,957,A
3-PA,1227,0,945,0,0,945,T
3-PA,1228,0,0,969,0,969,G
3-PA,1229,954,0,2,0,956,A
3-PA,1230,0,0,974,0,974,G
3-PA,1231,0,968,0,0,968,T
3-PA,1232,0,957,0,0,957,T
3-PA,1233,2,1,0,967,970,C
3-PA,1234,975,0,1,0,976,A
3-PA,1235,974,0,0,0,974,A
3-PA,1236,0,0,0,979,979,C
3-PA,1237,972,0,0,0,972,A
3-PA,1238,969,0,1,0,970,A
3-PA,1239,0,1,955,0,956,G
3-PA,1240,0,2,948,0,950,G
3-PA,1241,0,0,0,956,956,C
3-PA,1242,3,0,0,946,949,C
3-PA,1243,0,949,0,0,949,T
3-PA,1244,0,0,969,0,969,G
3-PA,1245,0,960,0,1,961,T
3-PA,1246,0,5,974,0,979,G
3-PA,1247,974,0,2,0,976,A
3-PA,1248,0,0,971,0,971,G
3-PA,1249,1,1,0,965,967,C
3-PA,1250,0,956,0,0,956,T
3-PA,1251,981,0,1,0,982,A
3-PA,1252,976,0,0,0,976,A
3-PA,1253,0,0,0,983,983,C
3-PA,1254,0,973,0,1,974,T
3-PA,1255,1,2,975,0,978,G
3-PA,1256,964,0,4,0,968,A
3-PA,1257,1,972,0,0,973,T
3-PA,1258,0,978,0,1,979,T
3-PA,1259,2,0,1,976,979,C
3-PA,1260,987,0,0,0,987,A
3-PA,1261,0,0,1010,0,1010,G
3-PA,1262,0,991,0,0,991,T
3-PA,1263,1,0,0,1007,1008,C
3-PA,1264,0,994,0,0,994,T
3-PA,1265,0,0,1054,0,1054,G
3-PA,1266,0,0,1052,0,1052,G
3-PA,1267,1057,0,0,0,1057,A
3-PA,1268,0,1068,0,0,1068,T
3-PA,1269,1004,0,1,0,1005,A
3-PA,1270,0,0,999,0,999,G
3-PA,1271,992,0,2,0,994,A
3-PA,1272,0,0,998,0,998,G
3-PA,1273,0,0,0,995,995,C
3-PA,1274,0,962,0,0,962,T
3-PA,1275,0,973,0,0,973,T
3-PA,1276,0,2,975,0,977,G
3-PA,1277,974,0,0,0,974,A
3-PA,1278,0,980,0,0,980,T
3-PA,1279,1,3,971,0,975,G
3-PA,1280,972,0,0,0,972,A
3-PA,1281,972,0,1,0,973,A
3-PA,1282,979,0,0,0,979,A
3-PA,1283,0,969,0,0,969,T
3-PA,1284,0,979,0,0,979,T
3-PA,1285,0,2,981,0,983,G
3-PA,1286,0,1,978,0,979,G
3-PA,1287,986,0,2,0,988,A
3-PA,1288,1,0,984,0,985,G
3-PA,1289,974,0,1,0,975,A
3-PA,1290,0,1,983,0,984,G
3-PA,1291,2,0,981,0,983,G
3-PA,1292,988,0,2,0,990,A
3-PA,1293,0,0,0,1010,1010,C
3-PA,1294,0,0,1003,0,1003,G
3-PA,1295,0,1001,0,0,1001,T
3-PA,1296,1007,0,1,0,1008,A
3-PA,1297,0,0,997,0,997,G
3-PA,1298,0,1,0,1004,1005,C
3-PA,1299,1,0,0,980,981,C
3-PA,1300,0,1,0,992,993,C
3-PA,1301,0,1,0,1001,1002,C
3-PA,1302,1010,0,0,0,1010,A
3-PA,1303,1044,0,1,0,1045,A
3-PA,1304,0,1047,0,0,1047,T
3-PA,1305,0,1047,0,0,1047,T
3-PA,1306,0,0,1043,0,1043,G
3-PA,1307,1026,0,0,0,1026,A
3-PA,1308,1,0,1026,0,1027,G
3-PA,1309,0,0,0,1023,1023,C
3-PA,1310,1026,0,2,0,1028,A
3-PA,1311,1,1,0,1045,1047,C
3-PA,1312,1011,0,0,1,1012,A
3-PA,1313,0,1044,0,0,1044,T
3-PA,1314,0,1041,0,1,1042,T
3-PA,1315,0,1,1039,0,1040,G
3-PA,1316,0,0,0,1035,1035,C
3-PA,1317,1035,0,0,0,1035,A
3-PA,1318,1037,0,0,0,1037,A
3-PA,1319,0,0,1034,0,1034,G
3-PA,1320,0,0,0,1017,1017,C
3-PA,1321,1020,0,0,0,1020,A
3-PA,1322,0,996,0,1,997,T
3-PA,1323,0,1,1000,0,1001,G
3-PA,1324,984,0,1,0,985,A
3-PA,1325,0,0,992,0,992,G
3-PA,1326,991,0,0,0,991,A
3-PA,1327,995,0,0,0,995,A
3-PA,1328,0,2,975,0,977,G
3-PA,1329,0,0,981,0,981,G
3-PA,1330,977,0,0,0,977,A
3-PA,1331,980,0,0,0,980,A
3-PA,1332,1,981,0,0,982,T
3-PA,1333,0,979,0,0,979,T
3-PA,1334,987,0,0,0,987,A
3-PA,1335,0,992,0,0,992,T
3-PA,1336,0,984,1,0,985,T
3-PA,1337,1,979,0,1,981,T
3-PA,1338,0,0,0,982,982,C
3-PA,1339,978,0,1,0,979,A
3-PA,1340,0,0,0,1019,1019,C
3-PA,1341,1014,0,0,0,1014,A
3-PA,1342,1,1,1020,0,1022,G
3-PA,1343,0,0,0,1018,1018,C
3-PA,1344,1006,0,0,0,1006,A
3-PA,1345,0,0,1021,0,1021,G
3-PA,1346,1014,0,0,0,1014,A
3-PA,1347,0,1,1020,0,1021,G
3-PA,1348,0,0,1013,0,1013,G
3-PA,1349,1,985,0,0,986,T
3-PA,1350,1,0,1006,0,1007,G
3-PA,1351,0,999,0,4,1003,T
3-PA,1352,1,0,0,999,1000,C
3-PA,1353,0,0,0,1011,1011,C
3-PA,1354,2,0,0,1002,1004,C
3-PA,1355,1019,1,1,0,1021,A
3-PA,1356,0,1021,0,0,1021,T
3-PA,1357,0,1022,0,0,1022,T
3-PA,1358,1,0,1024,0,1025,G
3-PA,1359,0,1021,0,0,1021,T
3-PA,1360,1000,0,0,0,1000,A
3-PA,1361,0,0,997,0,997,G
3-PA,1362,965,1,0,0,966,A
3-PA,1363,0,0,976,0,976,G
3-PA,1364,0,0,0,954,954,C
3-PA,1365,0,0,0,944,944,C
3-PA,1366,955,0,1,0,956,A
3-PA,1367,0,0,0,974,974,C
3-PA,1368,0,961,0,0,961,T
3-PA,1369,0,2,961,0,963,G
3-PA,1370,958,0,0,0,958,A
3-PA,1371,937,0,1,0,938,A
3-PA,1372,0,970,0,0,970,T
3-PA,1373,975,1,0,0,976,A
3-PA,1374,0,0,0,990,990,C
3-PA,1375,963,0,0,0,963,A
3-PA,1376,0,959,1,0,960,T
3-PA,1377,948,0,0,0,948,A
3-PA,1378,940,0,0,0,940,A
3-PA,1379,0,939,0,0,939,T
3-PA,1380,0,1,930,0,931,G
3-PA,1381,922,0,1,0,923,A
3-PA,1382,907,0,0,0,907,A
3-PA,1383,0,0,914,2,916,G
3-PA,1384,0,2,898,0,900,G
3-PA,1385,0,0,913,0,913,G
3-PA,1386,0,2,912,0,914,G
3-PA,1387,12,0,915,0,927,G
3-PA,1388,0,914,0,0,914,T
3-PA,1389,926,0,0,0,926,A
3-PA,1390,0,911,0,15,926,T
3-PA,1391,938,0,0,0,938,A
3-PA,1392,0,0,0,1022,1022,C
3-PA,1393,992,0,0,0,992,A
3-PA,1394,0,968,1,0,969,T
3-PA,1395,0,962,0,0,962,T
3-PA,1396,952,0,0,0,952,A
3-PA,1397,961,0,6,0,967,A
3-PA,1398,0,0,0,967,967,C
3-PA,1399,945,0,1,0,946,A
3-PA,1400,0,0,0,952,952,C
3-PA,1401,0,838,0,0,838,T
3-PA,1402,0,0,862,0,862,G
3-PA,1403,1,0,0,853,854,C
3-PA,1404,2,0,0,854,856,C
3-PA,1405,2,0,0,855,857,C
3-PA,1406,0,836,0,0,836,T
3-PA,1407,0,0,856,0,856,G
3-PA,1408,0,0,0,856,856,C
3-PA,1409,0,854,0,0,854,T
3-PA,1410,0,0,0,880,880,C
3-PA,1411,845,0,0,0,845,A
3-PA,1412,845,0,0,0,845,A
3-PA,1413,0,844,0,0,844,T
3-PA,1414,0,0,844,0,844,G
3-PA,1415,1,0,0,838,839,C
3-PA,1416,848,0,0,0,848,A
3-PA,1417,0,835,0,0,835,T
3-PA,1418,2,0,0,840,842,C
3-PA,1419,0,1,0,846,847,C
3-PA,1420,0,820,0,0,820,T
3-PA,1421,0,0,837,0,837,G
3-PA,1422,0,836,0,0,836,T
3-PA,1423,1,0,834,0,835,G
3-PA,1424,0,0,0,831,831,C
3-PA,1425,815,0,2,0,817,A
3-PA,1426,0,0,824,0,824,G
3-PA,1427,0,0,0,815,815,C
3-PA,1428,812,0,0,0,812,A
3-PA,1429,810,0,0,0,810,A
3-PA,1430,0,771,0,0,771,T
3-PA,1431,5,3,766,0,774,G
3-PA,1432,0,1,769,0,770,G
3-PA,1433,772,0,1,0,773,A
3-PA,1434,0,0,0,769,769,C
3-PA,1435,0,1,758,0,759,G
3-PA,1436,761,0,1,0,762,A
3-PA,1437,0,763,0,0,763,T
3-PA,1438,0,763,0,0,763,T
3-PA,1439,0,760,0,0,760,T
3-PA,1440,0,752,0,0,752,T
3-PA,1441,2,0,0,755,757,C
3-PA,1442,757,0,1,0,758,A
3-PA,1443,757,0,0,0,757,A
3-PA,1444,1,0,0,757,758,C
3-PA,1445,0,749,0,0,749,T
3-PA,1446,749,0,0,0,749,A
3-PA,1447,745,0,0,0,745,A
3-PA,1448,0,748,0,0,748,T
3-PA,1449,0,732,0,0,732,T
3-PA,1450,1,0,1,743,745,C
3-PA,1451,2,0,0,741,743,C
3-PA,1452,0,1,0,739,740,C
3-PA,1453,740,0,0,0,740,A
3-PA,1454,0,751,0,2,753,T
3-PA,1455,0,1,747,0,748,G
3-PA,1456,749,0,1,0,750,A
3-PA,1457,0,737,0,0,737,T
3-PA,1458,734,0,0,0,734,A
3-PA,1459,718,0,17,0,735,A
3-PA,1460,0,0,734,0,734,G
3-PA,1461,0,0,0,731,731,C
3-PA,1462,721,0,0,0,721,A
3-PA,1463,703,0,3,0,706,A
3-PA,1464,0,0,710,0,710,G
3-PA,1465,0,706,0,0,706,T
3-PA,1466,0,0,707,0,707,G
3-PA,1467,0,0,0,704,704,C
3-PA,1468,698,0,1,0,699,A
3-PA,1469,0,0,712,0,712,G
3-PA,1470,711,0,0,0,711,A
3-PA,1471,716,0,2,0,718,A
3-PA,1472,0,0,0,716,716,C
3-PA,1473,0,701,0,0,701,T
3-PA,1474,706,0,0,0,706,A
3-PA,1475,703,0,0,0,703,A
3-PA,1476,699,0,0,0,699,A
3-PA,1477,0,0,704,0,704,G
3-PA,1478,665,0,0,0,665,A
3-PA,1479,0,6,656,0,662,G
3-PA,1480,0,1,630,0,631,G
3-PA,1481,1,0,630,0,631,G
3-PA,1482,629,0,1,0,630,A
3-PA,1483,617,0,0,1,618,A
3-PA,1484,0,1,616,0,617,G
3-PA,1485,0,0,614,0,614,G
3-PA,1486,6,0,0,608,614,C
3-PA,1487,1,0,613,0,614,G
3-PA,1488,614,0,1,0,615,A
3-PA,1489,611,0,1,0,612,A
3-PA,1490,613,0,0,0,613,A
3-PA,1491,608,1,1,0,610,A
3-PA,1492,609,0,1,0,610,A
3-PA,1493,0,0,0,607,607,C
3-PA,1494,0,2,0,604,606,C
3-PA,1495,608,0,0,0,608,A
3-PA,1496,613,0,0,0,613,A
3-PA,1497,0,613,0,0,613,T
3-PA,1498,0,608,0,1,609,T
3-PA,1499,0,613,0,0,613,T
3-PA,1500,622,0,0,1,623,A
3-PA,1501,1,620,0,0,621,T
3-PA,1502,620,0,0,0,620,A
3-PA,1503,0,612,0,0,612,T
3-PA,1504,0,2,604,0,606,G
3-PA,1505,0,0,597,0,597,G
3-PA,1506,593,0,0,0,593,A
3-PA,1507,0,587,0,1,588,T
3-PA,1508,0,580,0,0,580,T
3-PA,1509,2,0,0,579,581,C
3-PA,1510,579,0,1,0,580,A
3-PA,1511,0,586,0,0,586,T
3-PA,1512,1,0,0,584,585,C
3-PA,1513,585,0,0,0,585,A
3-PA,1514,0,575,1,1,577,T
3-PA,1515,572,0,0,0,572,A
3-PA,1516,571,0,0,0,571,A
3-PA,1517,567,0,1,0,568,A
3-PA,1518,0,0,569,0,569,G
3-PA,1519,0,0,555,0,555,G
3-PA,1520,0,0,551,0,551,G
3-PA,1521,546,0,0,0,546,A
3-PA,1522,540,0,0,0,540,A
3-PA,1523,0,1,542,0,543,G
3-PA,1524,531,0,1,0,532,A
3-PA,1525,0,525,0,0,525,T
3-PA,1526,0,0,0,531,531,C
3-PA,1527,0,521,0,0,521,T
3-PA,1528,0,0,0,521,521,C
3-PA,1529,516,0,0,0,516,A
3-PA,1530,0,513,0,0,513,T
3-PA,1531,0,520,0,0,520,T
3-PA,1532,0,513,0,0,513,T
3-PA,1533,511,0,0,0,511,A
3-PA,1534,511,0,0,0,511,A
3-PA,1535,1,0,506,0,507,G
3-PA,1536,482,0,1,0,483,A
3-PA,1537,486,0,0,0,486,A
3-PA,1538,487,0,0,0,487,A
3-PA,1539,0,483,0,0,483,T
3-PA,1540,0,1,493,0,494,G
3-PA,1541,500,0,0,0,500,A
3-PA,1542,0,0,0,498,498,C
3-PA,1543,496,0,1,0,497,A
3-PA,1544,0,4,0,493,497,C
3-PA,1545,484,0,0,0,484,A
3-PA,1546,0,0,488,0,488,G
3-PA,1547,483,0,0,0,483,A
3-PA,1548,0,0,0,479,479,C
3-PA,1549,1,0,470,0,471,G
3-PA,1550,0,431,0,0,431,T
3-PA,1551,0,0,426,0,426,G
3-PA,1552,1,0,430,0,431,G
3-PA,1553,0,434,0,0,434,T
3-PA,1554,437,0,0,0,437,A
3-PA,1555,422,0,0,0,422,A
3-PA,1556,423,0,0,0,423,A
3-PA,1557,0,420,0,0,420,T
3-PA,1558,0,415,0,0,415,T
3-PA,1559,0,412,0,0,412,T
3-PA,1560,0,407,0,1,408,T
3-PA,1561,0,0,408,0,408,G
3-PA,1562,0,398,0,0,398,T
3-PA,1563,0,1,396,0,397,G
3-PA,1564,392,0,0,0,392,A
3-PA,1565,0,0,384,0,384,G
3-PA,1566,0,0,0,381,381,C
3-PA,1567,377,0,0,0,377,A
3-PA,1568,0,384,0,0,384,T
3-PA,1569,0,0,384,0,384,G
3-PA,1570,0,0,386,0,386,G
3-PA,1571,382,0,0,0,382,A
3-PA,1572,0,0,387,0,387,G
3-PA,1573,0,380,0,0,380,T
3-PA,1574,0,368,0,2,370,T
3-PA,1575,0,369,0,1,370,T
3-PA,1576,0,369,0,0,369,T
3-PA,1577,2,0,0,366,368,C
3-PA,1578,0,367,0,1,368,T
3-PA,1579,1,0,0,364,365,C
3-PA,1580,0,350,0,0,350,T
3-PA,1581,0,0,0,349,349,C
3-PA,1582,352,0,0,0,352,A
3-PA,1583,0,0,0,357,357,C
3-PA,1584,0,344,0,0,344,T
3-PA,1585,0,0,346,0,346,G
3-PA,1586,342,0,0,0,342,A
3-PA,1587,1,0,0,334,335,C
3-PA,1588,0,0,0,333,333,C
3-PA,1589,0,1,0,326,327,C
3-PA,1590,0,0,324,0,324,G
3-PA,1591,324,0,0,0,324,A
3-PA,1592,0,0,324,0,324,G
3-PA,1593,321,0,0,0,321,A
3-PA,1594,0,0,0,311,311,C
3-PA,1595,0,301,0,0,301,T
3-PA,1596,0,283,0,0,283,T
3-PA,1597,0,0,281,0,281,G
3-PA,1598,281,0,0,0,281,A
3-PA,1599,0,0,274,0,274,G
3-PA,1600,0,0,0,275,275,C
3-PA,1601,1,0,0,269,270,C
3-PA,1602,260,0,0,0,260,A
3-PA,1603,0,0,0,261,261,C
3-PA,1604,262,0,0,0,262,A
3-PA,1605,0,262,0,0,262,T
3-PA,1606,261,0,0,0,261,A
3-PA,1607,258,0,0,0,258,A
3-PA,1608,256,0,0,0,256,A
3-PA,1609,0,241,1,0,242,T
3-PA,1610,0,1,241,0,242,G
3-PA,1611,0,0,221,0,221,G
3-PA,1612,0,0,217,0,217,G
3-PA,1613,209,0,0,0,209,A
3-PA,1614,0,0,208,0,208,G
3-PA,1615,203,0,0,0,203,A
3-PA,1616,196,0,0,0,196,A
3-PA,1617,197,0,0,0,197,A
3-PA,1618,0,190,0,0,190,T
3-PA,1619,189,0,0,0,189,A
3-PA,1620,0,0,0,184,184,C
3-PA,1621,0,100,0,0,100,T
3-PA,1622,0,0,102,0,102,G
3-PA,1623,0,53,0,0,53,T
3-PA,1624,0,0,55,0,55,G
3-PA,1625,0,52,0,0,52,T
3-PA,1626,0,0,0,16,16,C
3-PA,1627,0,0,0,17,17,C
3-PA,1628,0,16,0,0,16,T
3-PA,1629,0,17,0,0,17,T
3-PA,1630,0,0,17,0,17,G
3-PA,1631,16,0,0,0,16,A
3-PA,1632,0,0,17,0,17,G
3-PA,1633,16,0,0,0,16,A
3-PA,1634,0,16,0,0,16,T
3-PA,1635,15,0,0,0,15,A
3-PA,1636,0,0,15,0,15,G
3-PA,1637,0,0,15,0,15,G
3-PA,1638,15,0,0,0,15,A
3-PA,1639,0,0,15,0,15,G
3-PA,1640,15,0,0,0,15,A
3-PA,1641,0,15,0,0,15,T
3-PA,1642,16,0,0,0,16,A
3-PA,1643,0,16,0,0,16,T
3-PA,1644,0,0,17,0,17,G
3-PA,1645,0,18,0,0,18,T
3-PA,1646,0,18,0,0,18,T
3-PA,1647,18,0,0,0,18,A
3-PA,1648,0,0,0,18,18,C
3-PA,1649,0,18,0,0,18,T
3-PA,1650,18,0,0,0,18,A
3-PA,1651,17,0,0,0,17,A
3-PA,1652,0,0,18,0,18,G
3-PA,1653,18,0,0,0,18,A
3-PA,1654,18,0,0,0,18,A
3-PA,1655,0,0,17,0,17,G
3-PA,1656,0,17,0,0,17,T
3-PA,1657,0,0,18,0,18,G
3-PA,1658,0,0,0,17,17,C
3-PA,1659,0,0,0,18,18,C
3-PA,1660,18,0,0,0,18,A
3-PA,1661,0,18,0,0,18,T
3-PA,1662,18,0,0,0,18,A
3-PA,1663,0,0,18,0,18,G
3-PA,1664,0,0,18,0,18,G
3-PA,1665,0,0,0,18,18,C
3-PA,1666,0,0,0,18,18,C
3-PA,1667,18,0,0,0,18,A
3-PA,1668,18,0,0,0,18,A
3-PA,1669,17,0,0,0,17,A
3-PA,1670,0,18,0,0,18,T
3-PA,1671,0,18,0,0,18,T
3-PA,1672,0,18,0,0,18,T
3-PA,1673,0,0,0,18,18,C
3-PA,1674,17,0,0,0,17,A
3-PA,1675,17,0,0,0,17,A
3-PA,1676,0,0,16,0,16,G
3-PA,1677,0,0,17,0,17,G
3-PA,1678,0,0,0,16,16,C
3-PA,1679,0,0,0,15,15,C
3-PA,1680,0,0,12,0,12,G
3-PA,1681,12,0,0,0,12,A
3-PA,1682,0,12,0,0,12,T
3-PA,1683,0,0,14,0,14,G
3-PA,1684,0,14,0,0,14,T
3-PA,1685,0,14,0,0,14,T
3-PA,1686,0,0,0,13,13,C
3-PA,1687,0,15,0,0,15,T
3-PA,1688,0,14,0,0,14,T
3-PA,1689,0,0,15,0,15,G
3-PA,1690,0,15,0,0,15,T
3-PA,1691,15,0,0,0,15,A
3-PA,1692,0,15,0,0,15,T
3-PA,1693,0,0,14,0,14,G
3-PA,1694,0,14,0,0,14,T
3-PA,1695,0,0,14,0,14,G
3-PA,1696,14,0,0,0,14,A
3-PA,1697,0,0,14,0,14,G
3-PA,1698,0,0,14,0,14,G
3-PA,1699,14,0,0,0,14,A
3-PA,1700,0,0,0,14,14,C
3-PA,1701,13,0,0,0,13,A
3-PA,1702,14,0,0,0,14,A
3-PA,1703,14,0,0,0,14,A
3-PA,1704,0,0,0,14,14,C
3-PA,1705,0,0,14,0,14,G
3-PA,1706,0,0,14,0,14,G
3-PA,1707,13,0,0,0,13,A
3-PA,1708,14,0,0,0,14,A
3-PA,1709,0,0,0,14,14,C
3-PA,1710,15,0,0,0,15,A
3-PA,1711,0,15,0,0,15,T
3-PA,1712,0,0,0,15,15,C
3-PA,1713,15,0,0,0,15,A
3-PA,1714,15,0,0,0,15,A
3-PA,1715,15,0,0,0,15,A
3-PA,1716,0,0,16,0,16,G
3-PA,1717,0,0,16,0,16,G
3-PA,1718,0,16,0,0,16,T
3-PA,1719,0,0,0,16,16,C
3-PA,1720,16,0,0,0,16,A
3-PA,1721,16,0,0,0,16,A
3-PA,1722,15,0,0,0,15,A
3-PA,1723,16,0,0,0,16,A
3-PA,1724,0,16,0,0,16,T
3-PA,1725,0,0,16,0,16,G
3-PA,1726,16,0,0,0,16,A
3-PA,1727,16,0,0,0,16,A
3-PA,1728,16,0,0,0,16,A
3-PA,1729,0,16,0,0,16,T
3-PA,1730,0,0,16,0,16,G
3-PA,1731,0,0,16,0,16,G
3-PA,1732,0,0,16,0,16,G
3-PA,1733,0,0,16,0,16,G
3-PA,1734,16,0,0,0,16,A
3-PA,1735,16,0,0,0,16,A
3-PA,1736,0,16,0,0,16,T
3-PA,1737,0,0,15,0,15,G
3-PA,1738,0,0,16,0,16,G
3-PA,1739,16,0,0,0,16,A
3-PA,1740,0,0,16,0,16,G
3-PA,1741,15,0,0,0,15,A
3-PA,1742,0,15,0,0,15,T
3-PA,1743,0,0,15,0,15,G
3-PA,1744,15,0,0,0,15,A
3-PA,1745,0,0,15,0,15,G
3-PA,1746,15,0,0,0,15,A
3-PA,1747,0,0,0,14,14,C
3-PA,1748,0,0,14,0,14,G
3-PA,1749,0,14,0,0,14,T
3-PA,1750,0,14,0,0,14,T
3-PA,1751,0,0,15,0,15,G
3-PA,1752,0,0,0,15,15,C
3-PA,1753,0,0,0,15,15,C
3-PA,1754,0,14,0,0,14,T
3-PA,1755,0,0,0,17,17,C
3-PA,1756,0,0,0,16,16,C
3-PA,1757,0,17,0,0,17,T
3-PA,1758,0,17,0,0,17,T
3-PA,1759,0,0,0,17,17,C
3-PA,1760,17,0,0,0,17,A
3-PA,1761,0,0,17,0,17,G
3-PA,1762,0,16,0,0,16,T
3-PA,1763,0,0,0,16,16,C
3-PA,1764,16,0,0,0,16,A
3-PA,1765,0,0,0,15,15,C
3-PA,1766,0,16,0,0,16,T
3-PA,1767,0,15,0,0,15,T
3-PA,1768,0,0,0,15,15,C
3-PA,1769,16,0,0,0,16,A
3-PA,1770,0,0,16,0,16,G
3-PA,1771,0,0,0,16,16,C
3-PA,1772,16,0,0,0,16,A
3-PA,1773,0,0,15,0,15,G
3-PA,1774,14,0,0,0,14,A
3-PA,1775,0,15,0,0,15,T
3-PA,1776,0,0,0,15,15,C
3-PA,1777,0,0,15,0,15,G
3-PA,1778,15,0,0,0,15,A
3-PA,1779,0,0,14,0,14,G
3-PA,1780,15,0,0,0,15,A
3-PA,1781,0,0,15,0,15,G
3-PA,1782,0,0,0,15,15,C
3-PA,1783,15,0,0,0,15,A
3-PA,1784,0,15,0,0,15,T
3-PA,1785,0,0,15,0,15,G
3-PA,1786,15,0,0,0,15,A
3-PA,1787,0,14,0,0,14,T
3-PA,1788,0,15,0,0,15,T
3-PA,1789,0,0,15,0,15,G
3-PA,1790,15,0,0,0,15,A
3-PA,1791,16,0,0,0,16,A
3-PA,1792,0,0,15,0,15,G
3-PA,1793,0,0,0,15,15,C
3-PA,1794,0,0,0,16,16,C
3-PA,1795,0,0,16,0,16,G
3-PA,1796,15,0,0,0,15,A
3-PA,1797,0,0,16,0,16,G
3-PA,1798,0,15,0,1,16,T
3-PA,1799,0,0,0,16,16,C
3-PA,1800,0,0,0,16,16,C
3-PA,1801,0,16,0,0,16,T
3-PA,1802,0,0,0,16,16,C
3-PA,1803,0,0,16,0,16,G
3-PA,1804,0,0,16,0,16,G
3-PA,1805,0,16,0,0,16,T
3-PA,1806,0,16,0,0,16,T
3-PA,1807,16,0,0,0,16,A
3-PA,1808,17,0,0,0,17,A
3-PA,1809,17,0,0,0,17,A
3-PA,1810,0,0,17,0,17,G
3-PA,1811,17,0,0,0,17,A
3-PA,1812,0,0,17,0,17,G
3-PA,1813,17,0,0,0,17,A
3-PA,1814,17,0,0,0,17,A
3-PA,1815,17,0,0,0,17,A
3-PA,1816,0,0,17,0,17,G
3-PA,1817,17,0,0,0,17,A
3-PA,1818,0,0,0,17,17,C
3-PA,1819,17,0,0,0,17,A
3-PA,1820,0,17,0,0,17,T
3-PA,1821,0,0,17,0,17,G
3-PA,1822,16,0,0,0,16,A
3-PA,1823,0,0,0,17,17,C
3-PA,1824,0,0,0,17,17,C
3-PA,1825,17,0,0,0,17,A
3-PA,1826,17,0,0,0,17,A
3-PA,1827,17,0,0,0,17,A
3-PA,1828,0,0,17,0,17,G
3-PA,1829,16,0,0,0,16,A
3-PA,1830,0,0,17,0,17,G
3-PA,1831,0,17,0,0,17,T
3-PA,1832,0,17,0,0,17,T
3-PA,1833,0,17,0,0,17,T
3-PA,1834,0,17,0,0,17,T
3-PA,1835,0,17,0,0,17,T
3-PA,1836,0,17,0,0,17,T
3-PA,1837,0,0,15,0,15,G
3-PA,1838,17,0,0,0,17,A
3-PA,1839,0,0,18,0,18,G
3-PA,1840,18,0,0,0,18,A
3-PA,1841,18,0,0,0,18,A
3-PA,1842,0,18,0,0,18,T
3-PA,1843,16,0,0,0,16,A
3-PA,1844,17,0,0,0,17,A
3-PA,1845,1,0,16,0,17,G
3-PA,1846,0,21,0,0,21,T
3-PA,1847,0,0,0,20,20,C
3-PA,1848,21,0,0,0,21,A
3-PA,1849,0,0,21,0,21,G
3-PA,1850,21,0,0,0,21,A
3-PA,1851,22,0,0,0,22,A
3-PA,1852,0,0,21,0,21,G
3-PA,1853,0,0,0,22,22,C
3-PA,1854,21,0,0,0,21,A
3-PA,1855,0,21,0,0,21,T
3-PA,1856,0,0,20,0,20,G
3-PA,1857,0,0,21,0,21,G
3-PA,1858,0,0,0,19,19,C
3-PA,1859,0,0,0,22,22,C
3-PA,1860,1,0,0,22,23,C
3-PA,1861,23,0,0,0,23,A
3-PA,1862,0,20,0,0,20,T
3-PA,1863,0,23,0,0,23,T
3-PA,1864,0,0,21,0,21,G
3-PA,1865,0,0,21,0,21,G
3-PA,1866,0,0,22,0,22,G
3-PA,1867,0,0,21,0,21,G
3-PA,1868,20,0,0,0,20,A
3-PA,1869,0,0,20,0,20,G
3-PA,1870,0,21,0,0,21,T
3-PA,1871,0,0,0,22,22,C
3-PA,1872,0,0,0,23,23,C
3-PA,1873,0,0,0,23,23,C
3-PA,1874,0,0,0,23,23,C
3-PA,1875,0,0,0,23,23,C
3-PA,1876,23,0,0,0,23,A
3-PA,1877,23,0,0,0,23,A
3-PA,1878,0,0,23,0,23,G
3-PA,1879,0,0,22,0,22,G
3-PA,1880,0,0,22,0,22,G
3-PA,1881,21,0,0,0,21,A
3-PA,1882,0,0,21,0,21,G
3-PA,1883,0,20,0,0,20,T
3-PA,1884,0,0,20,0,20,G
3-PA,1885,0,0,21,0,21,G
3-PA,1886,21,0,0,0,21,A
3-PA,1887,21,0,0,0,21,A
3-PA,1888,0,0,22,0,22,G
3-PA,1889,22,0,0,0,22,A
3-PA,1890,22,0,0,0,22,A
3-PA,1891,0,0,22,0,22,G
3-PA,1892,0,0,22,0,22,G
3-PA,1893,0,21,0,0,21,T
3-PA,1894,0,22,0,0,22,T
3-PA,1895,0,0,0,21,21,C
3-PA,1896,0,0,0,23,23,C
3-PA,1897,23,0,0,0,23,A
3-PA,1898,0,23,0,0,23,T
3-PA,1899,0,23,0,0,23,T
3-PA,1900,0,0,23,0,23,G
3-PA,1901,0,0,22,0,22,G
3-PA,1902,0,0,23,0,23,G
3-PA,1903,23,0,0,0,23,A
3-PA,1904,22,0,0,0,22,A
3-PA,1905,23,0,0,0,23,A
3-PA,1906,0,0,23,0,23,G
3-PA,1907,0,23,0,0,23,T
3-PA,1908,0,0,0,24,24,C
3-PA,1909,0,24,0,0,24,T
3-PA,1910,0,0,25,0,25,G
3-PA,1911,0,25,0,0,25,T
3-PA,1912,24,0,0,0,24,A
3-PA,1913,0,0,24,0,24,G
3-PA,1914,0,0,24,0,24,G
3-PA,1915,23,0,0,0,23,A
3-PA,1916,0,0,0,24,24,C
3-PA,1917,0,24,0,0,24,T
3-PA,1918,0,0,0,24,24,C
3-PA,1919,0,23,0,0,23,T
3-PA,1920,24,0,0,0,24,A
3-PA,1921,0,24,0,0,24,T
3-PA,1922,0,22,0,0,22,T
3-PA,1923,0,0,23,0,23,G
3-PA,1924,0,0,21,0,21,G
3-PA,1925,0,0,0,23,23,C
3-PA,1926,0,23,0,0,23,T
3-PA,1927,19,0,0,0,19,A
3-PA,1928,19,0,0,0,19,A
3-PA,1929,0,0,20,0,20,G
3-PA,1930,0,20,0,0,20,T
3-PA,1931,0,0,0,20,20,C
3-PA,1932,17,0,0,0,17,A
3-PA,1933,0,0,19,0,19,G
3-PA,1934,0,19,0,0,19,T
3-PA,1935,20,0,0,0,20,A
3-PA,1936,0,18,0,0,18,T
3-PA,1937,0,19,0,0,19,T
3-PA,1938,0,0,0,20,20,C
3-PA,1939,21,0,0,0,21,A
3-PA,1940,21,0,0,0,21,A
3-PA,1941,0,20,0,0,20,T
3-PA,1942,22,0,0,0,22,A
3-PA,1943,0,0,22,0,22,G
3-PA,1944,0,0,0,23,23,C
3-PA,1945,0,0,0,24,24,C
3-PA,1946,0,24,0,0,24,T
3-PA,1947,0,0,25,0,25,G
3-PA,1948,0,24,0,1,25,T
3-PA,1949,26,0,0,0,26,A
3-PA,1950,0,26,0,0,26,T
3-PA,1951,0,0,26,0,26,G
3-PA,1952,0,0,0,26,26,C
3-PA,1953,26,0,0,0,26,A
3-PA,1954,0,26,0,0,26,T
3-PA,1955,0,0,0,25,25,C
3-PA,1956,24,0,0,0,24,A
3-PA,1957,0,0,0,24,24,C
3-PA,1958,1,0,0,23,24,C
3-PA,1959,23,0,0,0,23,A
3-PA,1960,0,0,0,25,25,C
3-PA,1961,26,0,0,0,26,A
3-PA,1962,26,0,0,0,26,A
3-PA,1963,0,25,0,0,25,T
3-PA,1964,0,24,0,0,24,T
3-PA,1965,0,0,24,0,24,G
3-PA,1966,1,0,24,0,25,G
3-PA,1967,24,0,1,0,25,A
3-PA,1968,25,0,0,0,25,A
3-PA,1969,0,0,25,0,25,G
3-PA,1970,0,0,26,0,26,G
3-PA,1971,25,0,0,0,25,A
3-PA,1972,0,25,0,0,25,T
3-PA,1973,0,25,0,0,25,T
3-PA,1974,0,24,0,0,24,T
3-PA,1975,0,25,0,0,25,T
3-PA,1976,0,0,0,25,25,C
3-PA,1977,25,0,0,0,25,A
3-PA,1978,0,0,24,0,24,G
3-PA,1979,0,0,0,25,25,C
3-PA,1980,0,0,25,0,25,G
3-PA,1981,0,0,25,0,25,G
3-PA,1982,25,0,0,0,25,A
3-PA,1983,0,0,24,0,24,G
3-PA,1984,0,25,0,0,25,T
3-PA,1985,0,0,0,25,25,C
3-PA,1986,25,0,0,0,25,A
3-PA,1987,25,0,0,0,25,A
3-PA,1988,0,0,25,0,25,G
3-PA,1989,24,0,0,0,24,A
3-PA,1990,23,0,0,0,23,A
3-PA,1991,24,0,0,0,24,A
3-PA,1992,24,0,0,0,24,A
3-PA,1993,0,0,0,24,24,C
3-PA,1994,0,23,0,0,23,T
3-PA,1995,0,0,23,0,23,G
3-PA,1996,0,0,0,22,22,C
3-PA,1997,0,23,0,0,23,T
3-PA,1998,0,0,0,23,23,C
3-PA,1999,0,0,0,23,23,C
3-PA,2000,0,23,0,0,23,T
3-PA,2001,0,23,0,0,23,T
3-PA,2002,0,0,22,0,22,G
3-PA,2003,0,22,0,0,22,T
3-PA,2004,0,21,0,0,21,T
3-PA,2005,0,0,21,0,21,G
3-PA,2006,0,20,0,0,20,T
3-PA,2007,0,19,0,0,19,T
3-PA,2008,0,0,0,20,20,C
3-PA,2009,17,0,0,0,17,A
3-PA,2010,0,0,18,0,18,G
3-PA,2011,0,0,18,0,18,G
3-PA,2012,0,0,0,17,17,C
3-PA,2013,0,18,0,0,18,T
3-PA,2014,0,0,0,18,18,C
3-PA,2015,0,18,0,0,18,T
3-PA,2016,0,18,0,0,18,T
3-PA,2017,18,0,0,0,18,A
3-PA,2018,0,0,17,0,17,G
3-PA,2019,0,0,18,0,18,G
3-PA,2020,0,0,18,0,18,G
3-PA,2021,17,0,0,0,17,A
3-PA,2022,0,0,0,16,16,C
3-PA,2023,16,0,0,0,16,A
3-PA,2024,16,0,0,0,16,A
3-PA,2025,0,0,0,15,15,C
3-PA,2026,0,0,0,15,15,C
3-PA,2027,0,14,0,0,14,T
3-PA,2028,0,0,0,15,15,C
3-PA,2029,0,0,15,0,15,G
3-PA,2030,15,0,0,0,15,A
3-PA,2031,15,0,0,0,15,A
3-PA,2032,0,0,0,14,14,C
3-PA,2033,0,0,0,13,13,C
3-PA,2034,0,14,0,0,14,T
3-PA,2035,0,0,14,0,14,G
3-PA,2036,0,0,14,0,14,G
3-PA,2037,0,0,13,0,13,G
3-PA,2038,13,0,0,0,13,A
3-PA,2039,0,0,0,13,13,C
3-PA,2040,0,0,0,13,13,C
3-PA,2041,0,13,0,0,13,T
3-PA,2042,0,13,0,0,13,T
3-PA,2043,0,13,0,0,13,T
3-PA,2044,0,0,13,0,13,G
3-PA,2045,13,0,0,0,13,A
3-PA,2046,0,12,0,0,12,T
3-PA,2047,0,0,0,13,13,C
3-PA,2048,0,12,0,0,12,T
3-PA,2049,0,12,0,0,12,T
3-PA,2050,0,0,12,0,12,G
3-PA,2051,0,0,12,0,12,G
3-PA,2052,0,0,11,0,11,G
3-PA,2053,0,0,12,0,12,G
3-PA,2054,0,0,12,0,12,G
3-PA,2055,0,0,11,0,11,G
3-PA,2056,0,0,0,11,11,C
3-PA,2057,0,12,0,0,12,T
3-PA,2058,13,0,0,0,13,A
3-PA,2059,0,13,0,0,13,T
3-PA,2060,13,0,0,0,13,A
3-PA,2061,0,13,0,0,13,T
3-PA,2062,0,0,11,0,11,G
3-PA,2063,10,0,0,0,10,A
3-PA,2064,10,0,0,0,10,A
3-PA,2065,0,0,10,0,10,G
3-PA,2066,0,0,0,10,10,C
3-PA,2067,9,0,0,0,9,A
3-PA,2068,11,0,0,0,11,A
3-PA,2069,0,11,0,0,11,T
3-PA,2070,0,10,0,0,10,T
3-PA,2071,0,0,11,0,11,G
3-PA,2072,11,0,0,0,11,A
3-PA,2073,0,0,11,0,11,G
3-PA,2074,0,0,10,0,10,G
3-PA,2075,10,0,0,0,10,A
3-PA,2076,0,0,10,0,10,G
3-PA,2077,0,9,0,0,9,T
3-PA,2078,0,0,8,0,8,G
3-PA,2079,0,0,0,8,8,C
3-PA,2080,0,0,0,9,9,C
3-PA,2081,0,9,0,0,9,T
3-PA,2082,0,0,9,0,9,G
3-PA,2083,8,0,0,0,8,A
3-PA,2084,0,9,0,0,9,T
3-PA,2085,0,8,0,0,8,T
3-PA,2086,9,0,0,0,9,A
3-PA,2087,9,0,0,0,9,A
3-PA,2088,0,9,0,0,9,T
3-PA,2089,0,0,9,0,9,G
3-PA,2090,9,0,0,0,9,A
3-PA,2091,0,9,0,0,9,T
3-PA,2092,0,0,0,9,9,C
3-PA,2093,0,0,0,9,9,C
3-PA,2094,0,0,0,8,8,C
3-PA,2095,0,9,0,0,9,T
3-PA,2096,0,0,9,0,9,G
3-PA,2097,0,0,8,0,8,G
3-PA,2098,0,0,8,0,8,G
3-PA,2099,0,9,0,0,9,T
3-PA,2100,0,8,0,0,8,T
3-PA,2101,0,7,0,0,7,T
3-PA,2102,0,8,0,0,8,T
3-PA,2103,0,0,8,0,8,G
3-PA,2104,0,0,0,8,8,C
3-PA,2105,0,8,0,0,8,T
3-PA,2106,0,0,0,8,8,C
3-PA,2107,8,0,0,0,8,A
3-PA,2108,8,0,0,0,8,A
3-PA,2109,0,8,0,0,8,T
3-PA,2110,0,0,8,0,8,G
3-PA,2111,0,0,0,8,8,C
3-PA,2112,0,0,7,0,7,G
3-PA,2113,0,7,0,0,7,T
3-PA,2114,0,0,0,7,7,C
3-PA,2115,0,7,0,0,7,T
3-PA,2116,0,7,0,0,7,T
3-PA,2117,0,0,7,0,7,G
3-PA,2118,0,0,7,0,7,G
3-PA,2119,0,7,0,0,7,T
3-PA,2120,0,7,0,0,7,T
3-PA,2121,0,0,0,7,7,C
3-PA,2122,7,0,0,0,7,A
3-PA,2123,7,0,0,0,7,A
3-PA,2124,0,0,0,7,7,C
3-PA,2125,0,7,0,0,7,T
3-PA,2126,0,0,0,7,7,C
3-PA,2127,0,0,0,7,7,C
3-PA,2128,0,7,0,0,7,T
3-PA,2129,0,7,0,0,7,T
3-PA,2130,0,0,0,7,7,C
3-PA,2131,0,0,0,7,7,C
3-PA,2132,0,7,0,0,7,T
3-PA,2133,0,0,7,0,7,G
3-PA,2134,7,0,0,0,7,A
3-PA,2135,0,0,0,7,7,C
3-PA,2136,6,0,0,0,6,A
3-PA,2137,0,0,0,6,6,C
3-PA,2138,6,0,0,0,6,A
3-PA,2139,0,6,0,0,6,T
3-PA,2140,0,0,6,0,6,G
3-PA,2141,0,0,0,6,6,C
3-PA,2142,6,0,0,0,6,A
3-PA,2143,0,5,0,0,5,T
3-PA,2144,0,5,0,0,5,T
3-PA,2145,5,0,0,0,5,A
3-PA,2146,5,0,0,0,5,A
3-PA,2147,5,0,0,0,5,A
3-PA,2148,5,0,0,0,5,A
3-PA,2149,0,5,0,0,5,T
3-PA,2150,5,0,0,0,5,A
3-PA,2151,0,0,5,0,5,G
4-HA,1,18,0,0,0,18,A
4-HA,2,0,18,0,0,18,T
4-HA,3,0,0,18,0,18,G
4-HA,4,18,0,0,0,18,A
4-HA,5,18,0,0,0,18,A
4-HA,6,0,0,18,0,18,G
4-HA,7,17,0,0,0,17,A
4-HA,8,0,0,0,19,19,C
4-HA,9,0,19,0,0,19,T
4-HA,10,20,0,0,0,20,A
4-HA,11,0,21,0,0,21,T
4-HA,12,0,0,0,21,21,C
4-HA,13,20,0,0,0,20,A
4-HA,14,0,21,0,0,21,T
4-HA,15,0,21,0,0,21,T
4-HA,16,0,0,24,0,24,G
4-HA,17,0,0,0,24,24,C
4-HA,18,0,24,0,0,24,T
4-HA,19,0,24,0,0,24,T
4-HA,20,0,24,0,0,24,T
4-HA,21,0,0,27,0,27,G
4-HA,22,25,0,0,0,25,A
4-HA,23,0,0,26,0,26,G
4-HA,24,0,0,0,26,26,C
4-HA,25,0,28,0,0,28,T
4-HA,26,30,0,0,0,30,A
4-HA,27,0,0,0,30,30,C
4-HA,28,30,0,0,0,30,A
4-HA,29,0,31,0,0,31,T
4-HA,30,0,33,0,0,33,T
4-HA,31,0,0,0,34,34,C
4-HA,32,0,35,0,0,35,T
4-HA,33,35,0,0,0,35,A
4-HA,34,0,34,0,0,34,T
4-HA,35,0,0,35,0,35,G
4-HA,36,0,34,0,0,34,T
4-HA,37,0,0,0,34,34,C
4-HA,38,0,33,0,0,33,T
4-HA,39,0,0,33,0,33,G
4-HA,40,0,0,32,0,32,G
4-HA,41,0,33,0,0,33,T
4-HA,42,0,33,0,0,33,T
4-HA,43,0,33,0,0,33,T
4-HA,44,0,32,0,0,32,T
4-HA,45,0,0,0,32,32,C
4-HA,46,0,0,33,0,33,G
4-HA,47,0,0,0,32,32,C
4-HA,48,0,32,0,0,32,T
4-HA,49,0,0,0,33,33,C
4-HA,50,33,0,0,0,33,A
4-HA,51,33,0,0,0,33,A
4-HA,52,32,0,0,0,32,A
4-HA,53,30,0,0,0,30,A
4-HA,54,33,0,0,0,33,A
4-HA,55,0,0,0,33,33,C
4-HA,56,0,33,0,0,33,T
4-HA,57,0,33,0,0,33,T
4-HA,58,0,0,0,34,34,C
4-HA,59,0,0,0,34,34,C
4-HA,60,0,34,0,0,34,T
4-HA,61,0,0,34,0,34,G
4-HA,62,34,0,0,0,34,A
4-HA,63,35,0,0,0,35,A
4-HA,64,36,0,0,0,36,A
4-HA,65,37,0,0,0,37,A
4-HA,66,0,36,0,0,36,T
4-HA,67,0,2,34,0,36,G
4-HA,68,36,0,0,0,36,A
4-HA,69,0,0,0,38,38,C
4-HA,70,38,0,0,0,38,A
4-HA,71,38,0,0,0,38,A
4-HA,72,0,0,0,38,38,C
4-HA,73,38,0,0,0,38,A
4-HA,74,0,0,37,0,37,G
4-HA,75,0,0,0,38,38,C
4-HA,76,37,0,0,0,37,A
4-HA,77,0,0,0,37,37,C
4-HA,78,0,0,38,0,38,G
4-HA,79,0,0,37,0,37,G
4-HA,80,0,0,0,38,38,C
4-HA,81,38,0,0,0,38,A
4-HA,82,37,0,0,0,37,A
4-HA,83,0,0,0,37,37,C
4-HA,84,0,0,40,0,40,G
4-HA,85,0,0,0,41,41,C
4-HA,86,0,41,0,0,41,T
4-HA,87,0,0,39,0,39,G
4-HA,88,0,42,0,0,42,T
4-HA,89,0,0,43,0,43,G
4-HA,90,0,0,0,43,43,C
4-HA,91,0,0,0,44,44,C
4-HA,92,0,44,0,0,44,T
4-HA,93,0,46,0,0,46,T
4-HA,94,0,0,45,0,45,G
4-HA,95,0,0,43,0,43,G
4-HA,96,0,0,47,0,47,G
4-HA,97,0,0,0,46,46,C
4-HA,98,44,0,0,0,44,A
4-HA,99,0,0,0,41,41,C
4-HA,100,0,0,0,44,44,C
4-HA,101,47,0,0,0,47,A
4-HA,102,0,48,0,0,48,T
4-HA,103,0,0,48,0,48,G
4-HA,104,0,0,0,50,50,C
4-HA,105,47,0,0,0,47,A
4-HA,106,0,0,51,0,51,G
4-HA,107,0,52,0,0,52,T
4-HA,108,51,0,0,0,51,A
4-HA,109,0,0,0,50,50,C
4-HA,110,0,0,0,48,48,C
4-HA,111,49,0,0,0,49,A
4-HA,112,49,0,0,0,49,A
4-HA,113,49,0,0,0,49,A
4-HA,114,0,0,0,48,48,C
4-HA,115,0,0,46,0,46,G
4-HA,116,0,0,48,0,48,G
4-HA,117,49,0,0,0,49,A
4-HA,118,48,0,0,0,48,A
4-HA,119,0,0,0,49,49,C
4-HA,120,47,0,0,0,47,A
4-HA,121,46,0,0,0,46,A
4-HA,122,0,48,0,0,48,T
4-HA,123,49,0,0,0,49,A
4-HA,124,0,0,51,0,51,G
4-HA,125,0,50,0,0,50,T
4-HA,126,0,0,51,0,51,G
4-HA,127,51,0,0,0,51,A
4-HA,128,51,0,0,0,51,A
4-HA,129,51,0,0,0,51,A
4-HA,130,51,0,0,0,51,A
4-HA,131,0,0,0,52,52,C
4-HA,132,52,0,0,0,52,A
4-HA,133,51,0,0,0,51,A
4-HA,134,0,52,0,0,52,T
4-HA,135,0,0,0,52,52,C
4-HA,136,52,0,0,0,52,A
4-HA,137,0,0,0,52,52,C
4-HA,138,0,0,53,0,53,G
4-HA,139,53,0,0,0,53,A
4-HA,140,52,0,0,0,52,A
4-HA,141,0,52,0,0,52,T
4-HA,142,0,1,50,0,51,G
4-HA,143,53,0,0,0,53,A
4-HA,144,0,0,0,53,53,C
4-HA,145,0,0,0,53,53,C
4-HA,146,54,0,0,0,54,A
4-HA,147,55,0,0,0,55,A
4-HA,148,54,0,1,0,55,A
4-HA,149,0,55,0,0,55,T
4-HA,150,0,55,0,0,55,T
4-HA,151,0,0,54,0,54,G
4-HA,152,56,0,0,0,56,A
4-HA,153,56,0,0,0,56,A
4-HA,154,0,0,56,0,56,G
4-HA,155,0,55,0,0,55,T
4-HA,156,0,60,0,0,60,T
4-HA,157,60,0,0,0,60,A
4-HA,158,0,0,0,60,60,C
4-HA,159,0,60,0,0,60,T
4-HA,160,61,0,0,0,61,A
4-HA,161,62,0,0,0,62,A
4-HA,162,0,62,0,0,62,T
4-HA,163,0,0,62,0,62,G
4-HA,164,0,0,0,64,64,C
4-HA,165,0,62,0,0,62,T
4-HA,166,62,0,0,0,62,A
4-HA,167,0,0,0,62,62,C
4-HA,168,0,61,0,0,61,T
4-HA,169,0,0,61,0,61,G
4-HA,170,63,0,0,0,63,A
4-HA,171,0,0,63,0,63,G
4-HA,172,0,0,0,61,61,C
4-HA,173,0,61,0,0,61,T
4-HA,174,0,0,66,0,66,G
4-HA,175,0,1,66,0,67,G
4-HA,176,1,65,0,0,66,T
4-HA,177,0,66,0,0,66,T
4-HA,178,0,0,0,65,65,C
4-HA,179,66,0,0,0,66,A
4-HA,180,0,0,66,0,66,G
4-HA,181,67,0,0,0,67,A
4-HA,182,0,0,67,0,67,G
4-HA,183,0,66,0,0,66,T
4-HA,184,0,62,0,0,62,T
4-HA,185,0,0,0,65,65,C
4-HA,186,0,0,0,65,65,C
4-HA,187,0,66,0,0,66,T
4-HA,188,0,0,0,65,65,C
4-HA,189,66,0,0,0,66,A
4-HA,190,66,0,0,0,66,A
4-HA,191,0,0,0,65,65,C
4-HA,192,65,0,0,0,65,A
4-HA,193,0,0,67,0,67,G
4-HA,194,0,0,67,0,67,G
4-HA,195,0,66,0,0,66,T
4-HA,196,0,0,66,0,66,G
4-HA,197,66,0,0,0,66,A
4-HA,198,66,0,0,0,66,A
4-HA,199,70,0,0,0,70,A
4-HA,200,0,68,0,0,68,T
4-HA,201,69,0,0,0,69,A
4-HA,202,0,68,0,0,68,T
4-HA,203,0,0,69,0,69,G
4-HA,204,0,0,0,70,70,C
4-HA,205,0,0,69,0,69,G
4-HA,206,70,0,0,0,70,A
4-HA,207,0,0,0,70,70,C
4-HA,208,69,0,0,0,69,A
4-HA,209,0,0,73,0,73,G
4-HA,210,0,73,0,0,73,T
4-HA,211,0,0,0,76,76,C
4-HA,212,0,0,0,75,75,C
4-HA,213,0,75,0,0,75,T
4-HA,214,0,0,0,75,75,C
4-HA,215,74,0,0,0,74,A
4-HA,216,0,74,0,0,74,T
4-HA,217,0,0,0,74,74,C
4-HA,218,72,0,0,0,72,A
4-HA,219,0,0,72,0,72,G
4-HA,220,72,0,0,0,72,A
4-HA,221,0,72,0,0,72,T
4-HA,222,0,0,0,70,70,C
4-HA,223,0,0,0,69,69,C
4-HA,224,0,70,0,0,70,T
4-HA,225,0,70,0,0,70,T
4-HA,226,0,0,70,0,70,G
4-HA,227,69,0,0,0,69,A
4-HA,228,0,72,0,0,72,T
4-HA,229,0,0,72,0,72,G
4-HA,230,0,0,72,0,72,G
4-HA,231,71,0,0,0,71,A
4-HA,232,0,0,71,0,71,G
4-HA,233,71,0,0,0,71,A
4-HA,234,0,0,69,0,69,G
4-HA,235,68,0,0,0,68,A
4-HA,236,70,0,0,0,70,A
4-HA,237,0,0,0,72,72,C
4-HA,238,0,71,0,0,71,T
4-HA,239,0,0,72,0,72,G
4-HA,240,0,0,0,72,72,C
4-HA,241,72,0,0,0,72,A
4-HA,242,0,0,0,72,72,C
4-HA,243,70,0,0,0,70,A
4-HA,244,0,0,0,77,77,C
4-HA,245,0,76,0,0,76,T
4-HA,246,79,0,0,0,79,A
4-HA,247,80,0,0,0,80,A
4-HA,248,0,84,0,0,84,T
4-HA,249,84,0,0,0,84,A
4-HA,250,0,0,84,0,84,G
4-HA,251,84,0,0,0,84,A
4-HA,252,0,80,0,0,80,T
4-HA,253,0,0,76,0,76,G
4-HA,254,0,0,0,77,77,C
4-HA,255,0,78,0,0,78,T
4-HA,256,0,0,0,84,84,C
4-HA,257,0,84,0,0,84,T
4-HA,258,86,0,0,0,86,A
4-HA,259,0,86,0,0,86,T
4-HA,260,0,87,0,0,87,T
4-HA,261,0,0,93,0,93,G
4-HA,262,0,0,99,0,99,G
4-HA,263,0,2,102,0,104,G
4-HA,264,107,0,0,0,107,A
4-HA,265,0,1,112,0,113,G
4-HA,266,113,0,1,0,114,A
4-HA,267,0,0,2,241,243,C
4-HA,268,0,0,0,268,268,C
4-HA,269,0,0,0,285,285,C
4-HA,270,0,289,0,0,289,T
4-HA,271,0,0,0,308,308,C
4-HA,272,307,0,0,0,307,A
4-HA,273,98,0,280,0,378,G
4-HA,274,0,372,0,0,372,T
4-HA,275,0,0,400,0,400,G
4-HA,276,0,395,0,1,396,T
4-HA,277,0,2,398,0,400,G
4-HA,278,394,0,1,0,395,A
4-HA,279,0,399,0,0,399,T
4-HA,280,0,0,394,0,394,G
4-HA,281,0,1,392,0,393,G
4-HA,282,0,0,0,406,406,C
4-HA,283,0,404,0,0,404,T
4-HA,284,0,409,0,0,409,T
4-HA,285,0,0,0,414,414,C
4-HA,286,0,0,0,409,409,C
4-HA,287,417,0,0,0,417,A
4-HA,288,414,0,0,0,414,A
4-HA,289,414,0,0,0,414,A
4-HA,290,413,0,0,0,413,A
4-HA,291,0,422,0,0,422,T
4-HA,292,418,0,0,0,418,A
4-HA,293,421,0,0,0,421,A
4-HA,294,0,0,427,0,427,G
4-HA,295,432,0,0,0,432,A
4-HA,296,434,0,0,0,434,A
4-HA,297,430,0,0,0,430,A
4-HA,298,0,435,0,0,435,T
4-HA,299,0,0,431,1,432,G
4-HA,300,0,0,429,0,429,G
4-HA,301,0,1,426,0,427,G
4-HA,302,418,0,2,0,420,A
4-HA,303,0,0,0,440,440,C
4-HA,304,0,0,0,442,442,C
4-HA,305,0,460,0,0,460,T
4-HA,306,0,458,0,0,458,T
4-HA,307,0,455,0,0,455,T
4-HA,308,0,456,0,0,456,T
4-HA,309,0,465,0,0,465,T
4-HA,310,1,0,467,0,468,G
4-HA,311,0,470,0,0,470,T
4-HA,312,0,462,0,0,462,T
4-HA,313,0,1,462,0,463,G
4-HA,314,462,0,2,0,464,A
4-HA,315,468,0,0,0,468,A
4-HA,316,0,0,0,467,467,C
4-HA,317,1,0,470,0,471,G
4-HA,318,0,0,0,486,486,C
4-HA,319,488,0,0,0,488,A
4-HA,320,1,0,491,0,492,G
4-HA,321,0,0,0,499,499,C
4-HA,322,498,0,1,0,499,A
4-HA,323,495,0,0,0,495,A
4-HA,324,495,0,2,0,497,A
4-HA,325,0,0,539,0,539,G
4-HA,326,0,1,0,537,538,C
4-HA,327,0,0,0,543,543,C
4-HA,328,0,542,0,0,542,T
4-HA,329,543,0,0,0,543,A
4-HA,330,0,0,0,546,546,C
4-HA,331,545,0,1,0,546,A
4-HA,332,0,1,539,0,540,G
4-HA,333,0,0,0,546,546,C
4-HA,334,536,0,0,0,536,A
4-HA,335,547,0,0,0,547,A
4-HA,336,0,0,0,582,582,C
4-HA,337,0,588,0,0,588,T
4-HA,338,0,0,587,0,587,G
4-HA,339,0,582,0,0,582,T
4-HA,340,0,584,0,0,584,T
4-HA,341,584,0,2,0,586,A
4-HA,342,0,0,0,650,650,C
4-HA,343,1,0,0,653,654,C
4-HA,344,1,0,0,680,681,C
4-HA,345,0,671,0,0,671,T
4-HA,346,0,670,1,0,671,T
4-HA,347,669,0,0,1,670,A
4-HA,348,0,667,0,0,667,T
4-HA,349,0,1,664,0,665,G
4-HA,350,661,0,1,0,662,A
4-HA,351,0,633,0,0,633,T
4-HA,352,0,1,648,0,649,G
4-HA,353,0,641,0,0,641,T
4-HA,354,1,1,636,0,638,G
4-HA,355,0,1,0,633,634,C
4-HA,356,0,1,0,635,636,C
4-HA,357,0,1,649,0,650,G
4-HA,358,0,0,657,0,657,G
4-HA,359,657,0,0,0,657,A
4-HA,360,0,665,0,0,665,T
4-HA,361,0,658,0,0,658,T
4-HA,362,667,0,0,0,667,A
4-HA,363,0,663,0,0,663,T
4-HA,364,0,0,668,0,668,G
4-HA,365,0,0,0,667,667,C
4-HA,366,0,0,0,663,663,C
4-HA,367,0,669,0,0,669,T
4-HA,368,0,0,0,726,726,C
4-HA,369,0,0,0,727,727,C
4-HA,370,0,0,0,731,731,C
4-HA,371,0,736,0,0,736,T
4-HA,372,0,729,0,0,729,T
4-HA,373,720,0,1,0,721,A
4-HA,374,0,2,745,0,747,G
4-HA,375,0,0,750,0,750,G
4-HA,376,0,743,0,1,744,T
4-HA,377,1,0,0,733,734,C
4-HA,378,722,0,0,0,722,A
4-HA,379,0,0,0,736,736,C
4-HA,380,0,737,0,0,737,T
4-HA,381,738,0,1,0,739,A
4-HA,382,0,3,736,0,739,G
4-HA,383,0,730,1,1,732,T
4-HA,384,0,733,0,0,733,T
4-HA,385,0,0,748,0,748,G
4-HA,386,1,0,0,749,750,C
4-HA,387,1,1,0,746,748,C
4-HA,388,1,740,0,0,741,T
4-HA,389,1,0,0,750,751,C
4-HA,390,788,0,0,0,788,A
4-HA,391,0,791,0,0,791,T
4-HA,392,1,0,0,796,797,C
4-HA,393,0,0,0,797,797,C
4-HA,394,0,3,789,0,792,G
4-HA,395,1,1,786,0,788,G
4-HA,396,0,0,0,799,799,C
4-HA,397,805,0,1,0,806,A
4-HA,398,0,0,1,823,824,C
4-HA,399,814,0,0,0,814,A
4-HA,400,0,0,0,825,825,C
4-HA,401,0,824,0,0,824,T
4-HA,402,1,0,820,0,821,G
4-HA,403,0,1,815,0,816,G
4-HA,404,824,0,0,1,825,A
4-HA,405,0,1,856,0,857,G
4-HA,406,0,843,0,1,844,T
4-HA,407,0,852,0,0,852,T
4-HA,408,0,844,0,14,858,T
4-HA,409,846,0,2,0,848,A
4-HA,410,852,0,0,0,852,A
4-HA,411,0,1,0,857,858,C
4-HA,412,844,0,0,0,844,A
4-HA,413,833,0,1,1,835,A
4-HA,414,835,1,1,1,838,A
4-HA,415,0,1,842,0,843,G
4-HA,416,837,0,0,0,837,A
4-HA,417,842,0,0,0,842,A
4-HA,418,841,0,0,1,842,A
4-HA,419,0,1,841,0,842,G
4-HA,420,0,0,0,853,853,C
4-HA,421,0,845,0,0,845,T
4-HA,422,0,846,0,0,846,T
4-HA,423,1,0,0,856,857,C
4-HA,424,861,0,0,0,861,A
4-HA,425,858,0,0,0,858,A
4-HA,426,0,861,0,0,861,T
4-HA,427,0,856,0,0,856,T
4-HA,428,0,1,879,0,880,G
4-HA,429,0,1,895,0,896,G
4-HA,430,899,0,1,1,901,A
4-HA,431,0,0,0,908,908,C
4-HA,432,0,902,0,1,903,T
4-HA,433,0,1,905,0,906,G
4-HA,434,0,2,901,0,903,G
4-HA,435,896,0,7,1,904,A
4-HA,436,0,2,911,0,913,G
4-HA,437,0,896,0,1,897,T
4-HA,438,1,0,0,882,883,C
4-HA,439,888,0,0,1,889,A
4-HA,440,0,0,0,896,896,C
4-HA,441,0,894,0,0,894,T
4-HA,442,4,0,0,896,900,C
4-HA,443,901,0,0,0,901,A
4-HA,444,906,0,2,1,909,A
4-HA,445,901,0,1,1,903,A
4-HA,446,904,0,0,0,904,A
4-HA,447,0,0,0,907,907,C
4-HA,448,1,1,900,0,902,G
4-HA,449,0,2,918,0,920,G
4-HA,450,916,0,0,0,916,A
4-HA,451,919,0,0,0,919,A
4-HA,452,0,0,0,919,919,C
4-HA,453,917,0,0,1,918,A
4-HA,454,925,0,3,0,928,A
4-HA,455,0,1,919,0,920,G
4-HA,456,0,0,0,931,931,C
4-HA,457,0,923,0,1,924,T
4-HA,458,1,10,0,921,932,C
4-HA,459,0,934,0,0,934,T
4-HA,460,0,1,935,0,936,G
4-HA,461,1,0,0,930,931,C
4-HA,462,0,936,0,0,936,T
4-HA,463,0,959,0,0,959,T
4-HA,464,1,0,981,0,982,G
4-HA,465,0,1,0,985,986,C
4-HA,466,980,1,0,0,981,A
4-HA,467,0,981,0,0,981,T
4-HA,468,978,0,0,0,978,A
4-HA,469,973,0,0,0,973,A
4-HA,470,0,0,971,0,971,G
4-HA,471,0,0,979,0,979,G
4-HA,472,941,0,2,0,943,A
4-HA,473,0,3,943,0,946,G
4-HA,474,933,0,1,0,934,A
4-HA,475,0,974,0,0,974,T
4-HA,476,0,0,0,988,988,C
4-HA,477,1,996,0,0,997,T
4-HA,478,999,0,0,0,999,A
4-HA,479,994,0,0,0,994,A
4-HA,480,1,998,0,0,999,T
4-HA,481,1004,0,0,0,1004,A
4-HA,482,992,0,1,0,993,A
4-HA,483,0,0,0,994,994,C
4-HA,484,948,0,1,0,949,A
4-HA,485,0,1,954,0,955,G
4-HA,486,0,940,0,0,940,T
4-HA,487,0,959,0,0,959,T
4-HA,488,0,965,0,0,965,T
4-HA,489,0,0,0,987,987,C
4-HA,490,0,992,0,0,992,T
4-HA,491,0,993,0,2,995,T
4-HA,492,0,989,0,1,990,T
4-HA,493,986,0,0,0,986,A
4-HA,494,0,0,989,0,989,G
4-HA,495,0,983,0,0,983,T
4-HA,496,990,0,0,0,990,A
4-HA,497,0,0,985,0,985,G
4-HA,498,977,1,1,0,979,A
4-HA,499,0,985,0,0,985,T
4-HA,500,0,984,0,0,984,T
4-HA,501,0,5,998,0,1003,G
4-HA,502,1003,0,0,0,1003,A
4-HA,503,1002,0,0,0,1002,A
4-HA,504,0,1002,0,0,1002,T
4-HA,505,0,998,0,0,998,T
4-HA,506,0,3,1031,0,1034,G
4-HA,507,0,0,1030,0,1030,G
4-HA,508,0,1031,0,1,1032,T
4-HA,509,0,1027,0,2,1029,T
4-HA,510,0,1,1012,0,1013,G
4-HA,511,1020,0,0,0,1020,A
4-HA,512,0,0,0,1026,1026,C
4-HA,513,0,1,0,1012,1013,C
4-HA,514,1,2,0,1016,1019,C
4-HA,515,1009,0,0,0,1009,A
4-HA,516,0,0,0,1004,1004,C
4-HA,517,0,1002,0,0,1002,T
4-HA,518,5,1,0,997,1003,C
4-HA,519,1013,0,0,0,1013,A
4-HA,520,1009,0,0,0,1009,A
4-HA,521,1015,0,0,0,1015,A
4-HA,522,1009,0,0,1,1010,A
4-HA,523,0,1030,0,0,1030,T
4-HA,524,0,1022,0,0,1022,T
4-HA,525,6,0,0,1028,1034,C
4-HA,526,1029,0,0,0,1029,A
4-HA,527,1027,1,0,0,1028,A
4-HA,528,1028,0,0,0,1028,A
4-HA,529,0,1030,0,0,1030,T
4-HA,530,1036,0,0,0,1036,A
4-HA,531,0,0,0,1033,1033,C
4-HA,532,0,0,0,1022,1022,C
4-HA,533,0,1,0,1024,1025,C
4-HA,534,1029,0,0,0,1029,A
4-HA,535,0,2,1068,0,1070,G
4-HA,536,0,0,0,1090,1090,C
4-HA,537,1093,0,0,0,1093,A
4-HA,538,0,1091,0,1,1092,T
4-HA,539,0,1081,0,0,1081,T
4-HA,540,0,4,1129,0,1133,G
4-HA,541,1122,0,1,0,1123,A
4-HA,542,1130,0,1,1,1132,A
4-HA,543,0,1071,0,1,1072,T
4-HA,544,0,1,1077,0,1078,G
4-HA,545,0,1088,0,0,1088,T
4-HA,546,0,2,1099,0,1101,G
4-HA,547,1103,0,3,0,1106,A
4-HA,548,0,0,0,1101,1101,C
4-HA,549,0,1052,0,2,1054,T
4-HA,550,1085,0,0,0,1085,A
4-HA,551,0,1076,0,1,1077,T
4-HA,552,0,1,1082,0,1083,G
4-HA,553,0,0,1,1074,1075,C
4-HA,554,1,0,0,1083,1084,C
4-HA,555,1067,0,2,0,1069,A
4-HA,556,1072,0,0,0,1072,A
4-HA,557,1085,0,1,6,1092,A
4-HA,558,1,0,0,1099,1100,C
4-HA,559,1057,1,0,0,1058,A
4-HA,560,1063,0,0,0,1063,A
4-HA,561,0,1057,0,0,1057,T
4-HA,562,0,4,1050,0,1054,G
4-HA,563,1061,0,0,0,1061,A
4-HA,564,1055,0,0,0,1055,A
4-HA,565,0,0,0,1052,1052,C
4-HA,566,1052,0,0,0,1052,A
4-HA,567,1056,0,0,0,1056,A
4-HA,568,0,1058,0,0,1058,T
4-HA,569,0,1052,0,0,1052,T
4-HA,570,0,1057,0,0,1057,T
4-HA,571,0,1,1052,0,1053,G
4-HA,572,1055,0,0,1,1056,A
4-HA,573,0,0,0,1057,1057,C
4-HA,574,1056,1,1,0,1058,A
4-HA,575,1059,0,1,0,1060,A
4-HA,576,1068,0,0,1,1069,A
4-HA,577,0,1074,0,2,1076,T
4-HA,578,0,1072,0,0,1072,T
4-HA,579,0,0,1082,0,1082,G
4-HA,580,0,1084,0,1,1085,T
4-HA,581,1078,0,0,1,1079,A
4-HA,582,0,0,0,1112,1112,C
4-HA,583,1104,0,0,1,1105,A
4-HA,584,0,1129,0,0,1129,T
4-HA,585,0,1105,0,0,1105,T
4-HA,586,0,1106,0,0,1106,T
4-HA,587,0,0,1092,0,1092,G
4-HA,588,1,1,1094,0,1096,G
4-HA,589,0,1,1095,0,1096,G
4-HA,590,0,1,1091,0,1092,G
4-HA,591,0,0,1084,0,1084,G
4-HA,592,0,0,1123,0,1123,G
4-HA,593,0,1112,0,1,1113,T
4-HA,594,1,1118,0,3,1122,T
4-HA,595,1,0,0,1116,1117,C
4-HA,596,1117,0,0,0,1117,A
4-HA,597,0,0,0,1118,1118,C
4-HA,598,1,0,0,1112,1113,C
4-HA,599,1101,0,2,0,1103,A
4-HA,600,0,0,0,1124,1124,C
4-HA,601,0,0,0,1107,1107,C
4-HA,602,0,0,0,1099,1099,C
4-HA,603,1,0,1104,0,1105,G
4-HA,604,0,0,1148,0,1148,G
4-HA,605,0,0,1155,0,1155,G
4-HA,606,0,1143,0,0,1143,T
4-HA,607,1154,0,0,0,1154,A
4-HA,608,0,0,0,1139,1139,C
4-HA,609,1,0,1127,0,1128,G
4-HA,610,0,3,1139,0,1142,G
4-HA,611,1149,0,0,0,1149,A
4-HA,612,0,1,0,1148,1149,C
4-HA,613,1102,0,0,2,1104,A
4-HA,614,1096,0,0,0,1096,A
4-HA,615,0,1094,0,0,1094,T
4-HA,616,0,4,1098,0,1102,G
4-HA,617,1099,0,0,0,1099,A
4-HA,618,1,0,0,1102,1103,C
4-HA,619,2,0,0,1102,1104,C
4-HA,620,1104,0,0,0,1104,A
4-HA,621,1107,0,0,0,1107,A
4-HA,622,1127,0,0,0,1127,A
4-HA,623,0,1111,0,0,1111,T
4-HA,624,2,0,0,1136,1138,C
4-HA,625,0,1084,0,1,1085,T
4-HA,626,0,1081,0,0,1081,T
4-HA,627,1,0,0,1098,1099,C
4-HA,628,1,1,0,1105,1107,C
4-HA,629,0,1108,0,0,1108,T
4-HA,630,0,0,1111,0,1111,G
4-HA,631,0,1090,0,2,1092,T
4-HA,632,1099,0,0,0,1099,A
4-HA,633,0,1092,0,2,1094,T
4-HA,634,0,0,1104,0,1104,G
4-HA,635,0,0,0,1104,1104,C
4-HA,636,0,1090,0,1,1091,T
4-HA,637,3,2,0,1092,1097,C
4-HA,638,1101,0,3,1,1105,A
4-HA,639,1094,0,0,0,1094,A
4-HA,640,0,0,1093,0,1093,G
4-HA,641,1,0,0,1092,1093,C
4-HA,642,1097,0,0,0,1097,A
4-HA,643,0,1079,0,0,1079,T
4-HA,644,1,0,0,1084,1085,C
4-HA,645,1082,1,0,0,1083,A
4-HA,646,0,1,1082,0,1083,G
4-HA,647,0,0,1086,0,1086,G
4-HA,648,1084,0,1,0,1085,A
4-HA,649,1075,0,1,0,1076,A
4-HA,650,0,2,1082,0,1084,G
4-HA,651,1078,0,0,0,1078,A
4-HA,652,1095,0,0,0,1095,A
4-HA,653,0,1103,0,0,1103,T
4-HA,654,6,0,0,1103,1109,C
4-HA,655,1101,0,3,0,1104,A
4-HA,656,1,0,0,1102,1103,C
4-HA,657,1096,0,0,0,1096,A
4-HA,658,0,0,1124,0,1124,G
4-HA,659,0,1089,1,1,1091,T
4-HA,660,1,0,0,1107,1108,C
4-HA,661,0,1093,0,0,1093,T
4-HA,662,0,0,0,1102,1102,C
4-HA,663,0,1103,0,1,1104,T
4-HA,664,1126,0,0,0,1126,A
4-HA,665,0,0,0,1122,1122,C
4-HA,666,1,1,0,1123,1125,C
4-HA,667,1102,0,7,0,1109,A
4-HA,668,1099,0,0,0,1099,A
4-HA,669,1107,0,0,0,1107,A
4-HA,670,1101,0,2,0,1103,A
4-HA,671,0,0,1099,0,1099,G
4-HA,672,1072,0,0,0,1072,A
4-HA,673,1066,0,0,0,1066,A
4-HA,674,0,0,1078,0,1078,G
4-HA,675,3,0,0,1076,1079,C
4-HA,676,1,0,0,1096,1097,C
4-HA,677,1095,0,0,0,1095,A
4-HA,678,1098,0,1,0,1099,A
4-HA,679,0,0,0,1102,1102,C
4-HA,680,1091,0,0,0,1091,A
4-HA,681,0,1,1059,0,1060,G
4-HA,682,1077,0,1,0,1078,A
4-HA,683,0,0,0,1108,1108,C
4-HA,684,0,1106,0,0,1106,T
4-HA,685,0,0,1115,0,1115,G
4-HA,686,1,1108,0,3,1112,T
4-HA,687,1116,0,0,0,1116,A
4-HA,688,1115,0,1,0,1116,A
4-HA,689,0,1115,0,0,1115,T
4-HA,690,1,0,0,1104,1105,C
4-HA,691,3,1,0,1102,1106,C
4-HA,692,1,0,0,1090,1091,C
4-HA,693,1,54,1036,0,1091,G
4-HA,694,1085,0,0,0,1085,A
4-HA,695,1084,0,0,0,1084,A
4-HA,696,0,1095,0,0,1095,T
4-HA,697,1095,1,0,0,1096,A
4-HA,698,0,1068,0,0,1068,T
4-HA,699,0,0,0,1056,1056,C
4-HA,700,0,0,1055,0,1055,G
4-HA,701,1,0,1075,0,1076,G
4-HA,702,1075,0,1,0,1076,A
4-HA,703,0,1075,0,4,1079,T
4-HA,704,1,0,0,1080,1081,C
4-HA,705,1,1078,0,0,1079,T
4-HA,706,1082,0,0,0,1082,A
4-HA,707,0,0,1084,0,1084,G
4-HA,708,1085,0,0,0,1085,A
4-HA,709,0,0,0,1091,1091,C
4-HA,710,0,0,0,1052,1052,C
4-HA,711,2,0,0,1056,1058,C
4-HA,712,1050,0,0,0,1050,A
4-HA,713,0,0,1115,0,1115,G
4-HA,714,1115,1,1,0,1117,A
4-HA,715,1,0,1132,0,1133,G
4-HA,716,0,1127,0,0,1127,T
4-HA,717,1123,0,0,0,1123,A
4-HA,718,1120,0,1,0,1121,A
4-HA,719,0,0,1137,0,1137,G
4-HA,720,0,1,1145,0,1146,G
4-HA,721,1126,0,0,0,1126,A
4-HA,722,1052,0,0,0,1052,A
4-HA,723,0,1041,0,0,1041,T
4-HA,724,1044,0,0,0,1044,A
4-HA,725,0,1025,0,0,1025,T
4-HA,726,1,0,0,1051,1052,C
4-HA,727,0,0,0,1058,1058,C
4-HA,728,1,0,0,1033,1034,C
4-HA,729,0,1029,0,1,1030,T
4-HA,730,1034,0,0,0,1034,A
4-HA,731,0,1,1026,0,1027,G
4-HA,732,1,0,0,1029,1030,C
4-HA,733,1000,0,0,0,1000,A
4-HA,734,1,1,1030,0,1032,G
4-HA,735,1015,0,0,0,1015,A
4-HA,736,1021,0,0,0,1021,A
4-HA,737,0,1011,0,1,1012,T
4-HA,738,1019,0,0,0,1019,A
4-HA,739,1018,0,0,0,1018,A
4-HA,740,0,2,1011,0,1013,G
4-HA,741,1,0,0,1015,1016,C
4-HA,742,1018,0,0,0,1018,A
4-HA,743,0,984,0,1,985,T
4-HA,744,0,0,0,1055,1055,C
4-HA,745,0,1046,0,1,1047,T
4-HA,746,1057,0,0,0,1057,A
4-HA,747,0,1058,0,1,1059,T
4-HA,748,0,1052,0,0,1052,T
4-HA,749,0,2,1059,0,1061,G
4-HA,750,0,0,1054,0,1054,G
4-HA,751,1042,0,3,0,1045,A
4-HA,752,2,1,0,1049,1052,C
4-HA,753,982,0,0,0,982,A
4-HA,754,1000,0,0,0,1000,A
4-HA,755,0,1076,0,0,1076,T
4-HA,756,1110,0,0,0,1110,A
4-HA,757,1,0,1134,0,1135,G
4-HA,758,0,1126,0,0,1126,T
4-HA,759,1134,0,0,0,1134,A
4-HA,760,1148,0,0,0,1148,A
4-HA,761,1199,0,0,0,1199,A
4-HA,762,1229,0,0,0,1229,A
4-HA,763,1,0,0,1258,1259,C
4-HA,764,0,0,0,1212,1212,C
4-HA,765,2,0,1214,0,1216,G
4-HA,766,2,2,1246,0,1250,G
4-HA,767,0,1,1280,0,1281,G
4-HA,768,1304,0,0,0,1304,A
4-HA,769,0,1,1320,0,1321,G
4-HA,770,1377,1,2,0,1380,A
4-HA,771,1,1,0,1387,1389,C
4-HA,772,1389,0,1,2,1392,A
4-HA,773,0,1389,0,1,1390,T
4-HA,774,1407,0,0,0,1407,A
4-HA,775,1,1,0,1459,1461,C
4-HA,776,0,1456,0,2,1458,T
4-HA,777,0,1496,0,0,1496,T
4-HA,778,0,1500,0,1,1501,T
4-HA,779,0,1499,0,0,1499,T
4-HA,780,0,7,1509,0,1516,G
4-HA,781,1528,0,1,0,1529,A
4-HA,782,0,1542,2,1,1545,T
4-HA,783,0,1639,0,0,1639,T
4-HA,784,1622,0,0,0,1622,A
4-HA,785,1629,0,5,0,1634,A
4-HA,786,0,1,0,1688,1689,C
4-HA,787,1681,0,0,0,1681,A
4-HA,788,1,0,1813,0,1814,G
4-HA,789,0,0,0,1805,1805,C
4-HA,790,1817,0,0,0,1817,A
4-HA,791,0,0,0,1835,1835,C
4-HA,792,1824,0,4,0,1828,A
4-HA,793,0,5,1862,0,1867,G
4-HA,794,0,2,1857,0,1859,G
4-HA,795,0,2,1982,1,1985,G
4-HA,796,1975,0,1,0,1976,A
4-HA,797,2036,0,3,0,2039,A
4-HA,798,0,2054,1,2,2057,T
4-HA,799,4,0,0,2057,2061,C
4-HA,800,0,2095,0,1,2096,T
4-HA,801,2100,0,0,0,2100,A
4-HA,802,2085,0,1,0,2086,A
4-HA,803,0,2079,0,0,2079,T
4-HA,804,0,2040,0,0,2040,T
4-HA,805,0,2,2087,0,2089,G
4-HA,806,0,0,0,2198,2198,C
4-HA,807,0,2347,0,1,2348,T
4-HA,808,4,0,0,2440,2444,C
4-HA,809,0,0,0,2466,2466,C
4-HA,810,0,2467,1,0,2468,T
4-HA,811,2466,0,0,0,2466,A
4-HA,812,0,0,2475,0,2475,G
4-HA,813,32,1,2491,0,2524,G
4-HA,814,1,0,2531,0,2532,G
4-HA,815,0,0,2534,0,2534,G
4-HA,816,0,2480,0,0,2480,T
4-HA,817,0,2495,0,1,2496,T
4-HA,818,2484,0,3,0,2487,A
4-HA,819,2,0,0,2558,2560,C
4-HA,820,0,2550,1,3,2554,T
4-HA,821,1,2612,1,0,2614,T
4-HA,822,4,0,1,2604,2609,C
4-HA,823,2597,1,1,0,2599,A
4-HA,824,2590,0,0,0,2590,A
4-HA,825,2608,0,0,0,2608,A
4-HA,826,2673,0,0,0,2673,A
4-HA,827,0,2677,0,0,2677,T
4-HA,828,2647,0,1,0,2648,A
4-HA,829,0,0,0,2637,2637,C
4-HA,830,2625,1,2,0,2628,A
4-HA,831,2644,0,1,0,2645,A
4-HA,832,2642,0,3,0,2645,A
4-HA,833,0,0,2707,0,2707,G
4-HA,834,0,2685,0,0,2685,T
4-HA,835,0,4,2693,0,2697,G
4-HA,836,0,2,2695,0,2697,G
4-HA,837,0,5,2705,0,2710,G
4-HA,838,2716,0,1,0,2717,A
4-HA,839,2732,1,1,0,2734,A
4-HA,840,2734,0,0,0,2734,A
4-HA,841,2723,0,2,0,2725,A
4-HA,842,1,3,2790,0,2794,G
4-HA,843,0,0,0,2782,2782,C
4-HA,844,0,2781,0,0,2781,T
4-HA,845,4,0,0,2831,2835,C
4-HA,846,2854,0,0,0,2854,A
4-HA,847,2891,0,0,0,2891,A
4-HA,848,0,2897,0,1,2898,T
4-HA,849,2944,0,0,0,2944,A
4-HA,850,2943,0,0,3,2946,A
4-HA,851,0,2905,0,1,2906,T
4-HA,852,0,9,2928,0,2937,G
4-HA,853,2917,0,2,1,2920,A
4-HA,854,22,3,3017,0,3042,G
4-HA,855,3040,0,3,0,3043,A
4-HA,856,0,3018,1,1,3020,T
4-HA,857,6,1,0,3113,3120,C
4-HA,858,3107,0,0,0,3107,A
4-HA,859,0,1,3185,0,3186,G
4-HA,860,3165,1,2,0,3168,A
4-HA,861,0,3177,0,0,3177,T
4-HA,862,1,0,3168,0,3169,G
4-HA,863,1,0,0,3120,3121,C
4-HA,864,3140,0,3,0,3143,A
4-HA,865,0,1,0,3224,3225,C
4-HA,866,4,0,0,3178,3182,C
4-HA,867,3,0,0,3213,3216,C
4-HA,868,3180,0,0,0,3180,A
4-HA,869,1,3169,0,1,3171,T
4-HA,870,0,3177,0,3,3180,T
4-HA,871,1,6,3202,0,3209,G
4-HA,872,0,1,3184,1,3186,G
4-HA,873,1,1,0,3203,3205,C
4-HA,874,3163,0,5,1,3169,A
4-HA,875,3159,0,0,0,3159,A
4-HA,876,3207,0,0,8,3215,A
4-HA,877,0,3220,0,2,3222,T
4-HA,878,0,0,3224,1,3225,G
4-HA,879,2,2,0,3224,3228,C
4-HA,880,3199,0,0,0,3199,A
4-HA,881,3305,0,1,0,3306,A
4-HA,882,2,3297,0,1,3300,T
4-HA,883,0,3309,0,0,3309,T
4-HA,884,6,1,0,3335,3342,C
4-HA,885,0,3267,0,0,3267,T
4-HA,886,1,3,3308,0,3312,G
4-HA,887,3308,0,1,2,3311,A
4-HA,888,3328,0,0,0,3328,A
4-HA,889,0,3317,0,0,3317,T
4-HA,890,1,2,3292,0,3295,G
4-HA,891,2,1,0,3315,3318,C
4-HA,892,3312,2,1,1,3316,A
4-HA,893,0,3316,0,0,3316,T
4-HA,894,5,0,0,3302,3307,C
4-HA,895,3305,1,0,0,3306,A
4-HA,896,0,0,0,3506,3506,C
4-HA,897,0,3475,0,5,3480,T
4-HA,898,5,0,0,3507,3512,C
4-HA,899,3,2,0,3491,3496,C
4-HA,900,3550,0,0,1,3551,A
4-HA,901,3527,0,0,0,3527,A
4-HA,902,3522,0,0,0,3522,A
4-HA,903,0,3421,1,0,3422,T
4-HA,904,0,5,3447,0,3452,G
4-HA,905,0,2,3437,0,3439,G
4-HA,906,3448,0,2,0,3450,A
4-HA,907,3444,0,4,0,3448,A
4-HA,908,0,0,3469,0,3469,G
4-HA,909,0,2,0,3435,3437,C
4-HA,910,3447,0,2,0,3449,A
4-HA,911,0,3465,0,0,3465,T
4-HA,912,1,3455,0,1,3457,T
4-HA,913,5,2,0,3588,3595,C
4-HA,914,0,1,0,3583,3584,C
4-HA,915,3,1,0,3604,3608,C
4-HA,916,3598,0,1,0,3599,A
4-HA,917,3656,0,1,5,3662,A
4-HA,918,0,3715,0,4,3719,T
4-HA,919,0,13,3694,0,3707,G
4-HA,920,3700,0,19,0,3719,A
4-HA,921,0,0,0,3718,3718,C
4-HA,922,3664,0,1,0,3665,A
4-HA,923,3664,0,0,1,3665,A
4-HA,924,3633,0,3,1,3637,A
4-HA,925,1,0,0,3677,3678,C
4-HA,926,8,1,0,3632,3641,C
4-HA,927,3579,0,1,0,3580,A
4-HA,928,0,3572,0,1,3573,T
4-HA,929,0,3574,0,2,3576,T
4-HA,930,5,1,0,3584,3590,C
4-HA,931,4,5,0,3593,3602,C
4-HA,932,3608,0,1,0,3609,A
4-HA,933,3601,0,0,0,3601,A
4-HA,934,3595,0,0,0,3595,A
4-HA,935,3626,0,1,0,3627,A
4-HA,936,0,3624,0,0,3624,T
4-HA,937,1,1,3610,0,3612,G
4-HA,938,0,3595,0,1,3596,T
4-HA,939,2,3603,0,0,3605,T
4-HA,940,3681,1,1,0,3683,A
4-HA,941,3680,0,0,0,3680,A
4-HA,942,1,1,0,3695,3697,C
4-HA,943,3673,0,0,0,3673,A
4-HA,944,1,4,3687,0,3692,G
4-HA,945,1,5,3710,0,3716,G
4-HA,946,3826,0,2,0,3828,A
4-HA,947,0,3822,0,0,3822,T
4-HA,948,10,1,0,3874,3885,C
4-HA,949,3910,0,4,0,3914,A
4-HA,950,11,2,1,4083,4097,C
4-HA,951,4113,0,1,0,4114,A
4-HA,952,0,4254,0,0,4254,T
4-HA,953,4184,0,1,0,4185,A
4-HA,954,1,2,0,4140,4143,C
4-HA,955,1,2,3986,0,3989,G
4-HA,956,3,4,3961,0,3968,G
4-HA,957,2,3,3903,0,3908,G
4-HA,958,0,4,3931,0,3935,G
4-HA,959,1,2,0,3847,3850,C
4-HA,960,0,0,0,3883,3883,C
4-HA,961,3,3803,0,6,3812,T
4-HA,962,1,2,4195,0,4198,G
4-HA,963,0,4186,0,7,4193,T
4-HA,964,3,0,0,4233,4236,C
4-HA,965,1,1,0,4232,4234,C
4-HA,966,1,0,0,4266,4267,C
4-HA,967,4259,0,2,0,4261,A
4-HA,968,0,6,4271,0,4277,G
4-HA,969,4279,0,1,0,4280,A
4-HA,970,0,4288,0,0,4288,T
4-HA,971,4030,0,0,0,4030,A
4-HA,972,0,3956,0,2,3958,T
4-HA,973,0,2,4008,0,4010,G
4-HA,974,1,3989,0,0,3990,T
4-HA,975,0,3961,0,1,3962,T
4-HA,976,4019,0,1,0,4020,A
4-HA,977,3976,0,5,1,3982,A
4-HA,978,1,3,4050,0,4054,G
4-HA,979,1,1,0,4029,4031,C
4-HA,980,4021,0,1,0,4022,A
4-HA,981,3934,0,72,0,4006,A
4-HA,982,3979,0,0,0,3979,A
4-HA,983,3971,0,4,0,3975,A
4-HA,984,2,0,0,4012,4014,C
4-HA,985,3947,0,1,0,3948,A
4-HA,986,1,0,0,3996,3997,C
4-HA,987,0,3938,0,2,3940,T
4-HA,988,7,1,1,3971,3980,C
4-HA,989,2,3983,0,2,3987,T
4-HA,990,0,7,4000,0,4007,G
4-HA,991,4000,0,0,0,4000,A
4-HA,992,3988,0,0,0,3988,A
4-HA,993,3991,0,1,0,3992,A
4-HA,994,0,3967,0,0,3967,T
4-HA,995,0,3960,0,1,3961,T
4-HA,996,0,5,3982,0,3987,G
4-HA,997,2,1,3951,0,3954,G
4-HA,998,1,2,0,4001,4004,C
4-HA,999,3981,0,3,0,3984,A
4-HA,1000,4001,0,0,0,4001,A
4-HA,1001,0,0,0,4006,4006,C
4-HA,1002,3987,0,2,0,3989,A
4-HA,1003,0,2,4025,0,4027,G
4-HA,1004,0,4,3980,0,3984,G
4-HA,1005,0,4,3979,0,3983,G
4-HA,1006,3966,0,7,0,3973,A
4-HA,1007,1,3986,0,1,3988,T
4-HA,1008,0,0,4022,0,4022,G
4-HA,1009,0,2,0,4009,4011,C
4-HA,1010,3,10,4044,0,4057,G
4-HA,1011,4064,0,1,0,4065,A
4-HA,1012,4044,0,1,0,4045,A
4-HA,1013,4077,0,3,0,4080,A
4-HA,1014,0,4046,0,1,4047,T
4-HA,1015,0,3,4144,0,4147,G
4-HA,1016,0,4141,0,2,4143,T
4-HA,1017,4116,0,3,0,4119,A
4-HA,1018,5,2,0,4115,4122,C
4-HA,1019,2,0,1,4114,4117,C
4-HA,1020,4081,0,2,0,4083,A
4-HA,1021,1,2,4056,0,4059,G
4-HA,1022,4011,0,0,0,4011,A
4-HA,1023,0,4,4044,0,4048,G
4-HA,1024,4013,0,3,0,4016,A
4-HA,1025,4020,0,1,0,4021,A
4-HA,1026,4004,0,7,0,4011,A
4-HA,1027,0,1,0,4013,4014,C
4-HA,1028,4022,0,1,0,4023,A
4-HA,1029,4059,0,1,0,4060,A
4-HA,1030,4040,0,4,0,4044,A
4-HA,1031,0,1,0,4113,4114,C
4-HA,1032,0,4082,1,0,4083,T
4-HA,1033,4051,0,0,0,4051,A
4-HA,1034,0,3,4063,0,4066,G
4-HA,1035,4009,0,3,0,4012,A
4-HA,1036,0,1,4102,0,4103,G
4-HA,1037,1,1,4052,0,4054,G
4-HA,1038,1,1,0,4019,4021,C
4-HA,1039,4033,0,2,0,4035,A
4-HA,1040,0,4063,0,2,4065,T
4-HA,1041,4089,0,0,0,4089,A
4-HA,1042,0,4082,1,0,4083,T
4-HA,1043,0,4058,0,1,4059,T
4-HA,1044,0,4075,0,1,4076,T
4-HA,1045,0,2,3984,0,3986,G
4-HA,1046,2,0,3992,0,3994,G
4-HA,1047,0,2,0,3947,3949,C
4-HA,1048,3,0,3981,0,3984,G
4-HA,1049,1,2,0,3923,3926,C
4-HA,1050,3920,0,1,0,3921,A
4-HA,1051,3951,0,0,0,3951,A
4-HA,1052,0,3947,0,0,3947,T
4-HA,1053,4,1,0,3978,3983,C
4-HA,1054,3,0,3982,0,3985,G
4-HA,1055,1,10,0,3947,3958,C
4-HA,1056,1,4,3991,0,3996,G
4-HA,1057,1,4,4001,0,4006,G
4-HA,1058,18,1,4008,0,4027,G
4-HA,1059,0,3980,0,1,3981,T
4-HA,1060,0,3982,0,2,3984,T
4-HA,1061,0,3979,0,1,3980,T
4-HA,1062,5,0,0,4009,4014,C
4-HA,1063,4015,0,1,1,4017,A
4-HA,1064,1,4034,1,1,4037,T
4-HA,1065,4038,0,1,0,4039,A
4-HA,1066,25,7,4021,0,4053,G
4-HA,1067,3985,0,0,0,3985,A
4-HA,1068,4018,0,0,0,4018,A
4-HA,1069,3984,0,0,0,3984,A
4-HA,1070,4000,0,1,0,4001,A
4-HA,1071,0,3988,0,0,3988,T
4-HA,1072,1,8,4041,0,4050,G
4-HA,1073,0,0,4057,1,4058,G
4-HA,1074,0,3993,0,0,3993,T
4-HA,1075,0,3999,0,1,4000,T
4-HA,1076,1,3,3978,0,3982,G
4-HA,1077,30,3,3971,0,4004,G
4-HA,1078,1,0,4014,0,4015,G
4-HA,1079,3970,1,7,0,3978,A
4-HA,1080,2,4,4034,0,4040,G
4-HA,1081,1,4,3983,0,3988,G
4-HA,1082,1,5,4053,0,4059,G
4-HA,1083,4034,0,3,0,4037,A
4-HA,1084,4095,0,1,0,4096,A
4-HA,1085,0,4100,0,0,4100,T
4-HA,1086,1,6,4132,0,4139,G
4-HA,1087,0,0,4216,0,4216,G
4-HA,1088,0,3994,2,116,4112,T
4-HA,1089,0,3,4159,0,4162,G
4-HA,1090,0,2,4155,0,4157,G
4-HA,1091,4008,2,8,0,4018,A
4-HA,1092,0,4059,0,0,4059,T
4-HA,1093,2,4,4111,0,4117,G
4-HA,1094,0,0,4173,0,4173,G
4-HA,1095,0,4050,0,1,4051,T
4-HA,1096,0,3986,0,3,3989,T
4-HA,1097,1,10,3977,0,3988,G
4-HA,1098,1,0,4057,0,4058,G
4-HA,1099,0,3980,0,3,3983,T
4-HA,1100,4034,0,1,0,4035,A
4-HA,1101,2,1,0,3848,3851,C
4-HA,1102,0,4,3907,0,3911,G
4-HA,1103,1,1,4067,0,4069,G
4-HA,1104,0,4048,1,2,4051,T
4-HA,1105,0,4033,0,0,4033,T
4-HA,1106,0,4028,0,2,4030,T
4-HA,1107,8,1,0,3965,3974,C
4-HA,1108,3975,0,3,1,3979,A
4-HA,1109,0,1,3965,0,3966,G
4-HA,1110,3,4,3931,0,3938,G
4-HA,1111,2,1,0,3927,3930,C
4-HA,1112,3787,0,0,0,3787,A
4-HA,1113,0,3791,1,2,3794,T
4-HA,1114,7,0,0,3811,3818,C
4-HA,1115,3820,1,0,0,3821,A
4-HA,1116,3823,0,0,0,3823,A
4-HA,1117,3830,0,0,0,3830,A
4-HA,1118,3842,1,0,0,3843,A
4-HA,1119,0,3826,1,1,3828,T
4-HA,1120,0,3831,1,0,3832,T
4-HA,1121,17,1,0,3823,3841,C
4-HA,1122,0,3836,0,2,3838,T
4-HA,1123,1,1,3835,0,3837,G
4-HA,1124,3796,1,1,0,3798,A
4-HA,1125,3786,0,5,0,3791,A
4-HA,1126,0,4,3831,0,3835,G
4-HA,1127,0,2,3883,0,3885,G
4-HA,1128,3873,0,0,0,3873,A
4-HA,1129,3886,0,2,0,3888,A
4-HA,1130,0,1,3858,1,3860,G
4-HA,1131,3886,1,5,0,3892,A
4-HA,1132,0,4,3924,2,3930,G
4-HA,1133,1,3,3941,0,3945,G
4-HA,1134,3927,1,6,0,3934,A
4-HA,1135,1,2,0,3924,3927,C
4-HA,1136,3903,1,7,0,3911,A
4-HA,1137,3903,0,3,0,3906,A
4-HA,1138,2,0,3891,0,3893,G
4-HA,1139,0,3,2,3909,3914,C
4-HA,1140,3880,0,5,0,3885,A
4-HA,1141,0,2,3866,0,3868,G
4-HA,1142,1,3,0,3849,3853,C
4-HA,1143,3845,0,4,0,3849,A
4-HA,1144,2,4,3896,0,3902,G
4-HA,1145,3843,0,3,0,3846,A
4-HA,1146,1,3951,0,1,3953,T
4-HA,1147,4,0,0,3961,3965,C
4-HA,1148,0,3944,0,5,3949,T
4-HA,1149,5,0,0,4011,4016,C
4-HA,1150,4021,0,0,0,4021,A
4-HA,1151,4026,0,2,0,4028,A
4-HA,1152,3994,0,0,0,3994,A
4-HA,1153,3930,0,3,1,3934,A
4-HA,1154,0,1,3918,0,3919,G
4-HA,1155,2,2,0,3812,3816,C
4-HA,1156,3792,0,2,0,3794,A
4-HA,1157,1,3,0,3881,3885,C
4-HA,1158,0,3854,0,1,3855,T
4-HA,1159,5,0,0,3875,3880,C
4-HA,1160,3892,0,0,0,3892,A
4-HA,1161,3990,0,2,0,3992,A
4-HA,1162,3,1,3979,0,3983,G
4-HA,1163,0,1,0,3972,3973,C
4-HA,1164,3967,0,4,1,3972,A
4-HA,1165,0,1,3942,0,3943,G
4-HA,1166,1,0,0,3871,3872,C
4-HA,1167,3885,0,2,0,3887,A
4-HA,1168,3873,0,0,0,3873,A
4-HA,1169,0,3810,0,0,3810,T
4-HA,1170,7,0,0,3752,3759,C
4-HA,1171,0,3,3789,0,3792,G
4-HA,1172,3773,0,1,0,3774,A
4-HA,1173,0,3744,0,1,3745,T
4-HA,1174,5,1,1,3755,3762,C
4-HA,1175,3770,0,0,0,3770,A
4-HA,1176,3859,0,3,0,3862,A
4-HA,1177,3853,0,0,0,3853,A
4-HA,1178,1,3814,1,1,3817,T
4-HA,1179,11,1,0,3851,3863,C
4-HA,1180,3812,1,0,0,3813,A
4-HA,1181,3823,1,3,0,3827,A
4-HA,1182,0,3840,0,0,3840,T
4-HA,1183,1,5,3843,0,3849,G
4-HA,1184,1,3,3800,0,3804,G
4-HA,1185,0,3,3762,0,3765,G
4-HA,1186,3775,0,5,0,3780,A
4-HA,1187,3771,0,2,0,3773,A
4-HA,1188,0,0,3843,0,3843,G
4-HA,1189,0,1,0,3826,3827,C
4-HA,1190,0,3826,1,6,3833,T
4-HA,1191,1,8,3988,0,3997,G
4-HA,1192,3994,1,0,0,3995,A
4-HA,1193,3993,1,4,0,3998,A
4-HA,1194,0,4002,0,1,4003,T
4-HA,1195,3913,0,0,0,3913,A
4-HA,1196,1,6,3903,0,3910,G
4-HA,1197,3606,1,2,0,3609,A
4-HA,1198,0,3619,1,0,3620,T
4-HA,1199,0,3649,0,1,3650,T
4-HA,1200,0,8,3642,0,3650,G
4-HA,1201,3631,1,0,0,3632,A
4-HA,1202,0,3610,1,1,3612,T
4-HA,1203,3,2,0,3642,3647,C
4-HA,1204,1,7,3637,0,3645,G
4-HA,1205,1,4,3623,1,3629,G
4-HA,1206,1,4,3650,0,3655,G
4-HA,1207,3649,0,2,0,3651,A
4-HA,1208,3653,1,0,1,3655,A
4-HA,1209,3628,0,2,0,3630,A
4-HA,1210,3614,1,0,1,3616,A
4-HA,1211,1,0,0,3632,3633,C
4-HA,1212,7,1,0,3622,3630,C
4-HA,1213,3619,1,2,1,3623,A
4-HA,1214,3608,0,0,0,3608,A
4-HA,1215,2,1,0,3603,3606,C
4-HA,1216,1,7,3623,0,3631,G
4-HA,1217,3614,1,0,0,3615,A
4-HA,1218,2,10,3615,0,3627,G
4-HA,1219,3632,0,2,1,3635,A
4-HA,1220,3618,0,1,1,3620,A
4-HA,1221,3640,0,1,2,3643,A
4-HA,1222,0,3621,0,2,3623,T
4-HA,1223,0,3594,0,4,3598,T
4-HA,1224,13,2,0,3615,3630,C
4-HA,1225,7,2,0,3625,3634,C
4-HA,1226,3656,0,0,1,3657,A
4-HA,1227,1,3599,0,0,3600,T
4-HA,1228,4,1,1,3627,3633,C
4-HA,1229,3630,1,1,0,3632,A
4-HA,1230,0,5,3647,0,3652,G
4-HA,1231,3608,0,2,1,3611,A
4-HA,1232,1,3600,0,1,3602,T
4-HA,1233,0,3604,0,1,3605,T
4-HA,1234,0,3,3645,0,3648,G
4-HA,1235,3639,0,0,0,3639,A
4-HA,1236,3657,0,1,0,3658,A
4-HA,1237,3652,0,1,2,3655,A
4-HA,1238,3662,0,2,0,3664,A
4-HA,1239,3624,0,6,0,3630,A
4-HA,1240,1,5,3608,0,3614,G
4-HA,1241,3619,0,1,0,3620,A
4-HA,1242,3633,1,4,1,3639,A
4-HA,1243,0,3564,0,1,3565,T
4-HA,1244,0,3569,0,1,3570,T
4-HA,1245,8,0,0,3585,3593,C
4-HA,1246,0,3599,0,3,3602,T
4-HA,1247,7,1,0,3574,3582,C
4-HA,1248,3597,0,1,0,3598,A
4-HA,1249,0,1,3595,0,3596,G
4-HA,1250,3569,0,1,0,3570,A
4-HA,1251,3573,0,1,0,3574,A
4-HA,1252,0,1,3605,0,3606,G
4-HA,1253,1,3506,0,2,3509,T
4-HA,1254,3,1,0,3573,3577,C
4-HA,1255,18,3,3566,0,3587,G
4-HA,1256,3561,0,3,0,3564,A
4-HA,1257,3574,0,8,1,3583,A
4-HA,1258,0,2,3583,0,3585,G
4-HA,1259,0,2,3604,0,3606,G
4-HA,1260,1,3,3604,0,3608,G
4-HA,1261,3522,0,4,0,3526,A
4-HA,1262,0,4,3539,0,3543,G
4-HA,1263,3557,0,2,1,3560,A
4-HA,1264,3790,0,0,0,3790,A
4-HA,1265,0,3767,0,0,3767,T
4-HA,1266,0,3770,0,0,3770,T
4-HA,1267,5,0,0,3779,3784,C
4-HA,1268,3705,0,5,0,3710,A
4-HA,1269,2,4,3734,1,3741,G
4-HA,1270,0,6,3715,1,3722,G
4-HA,1271,3669,0,3,0,3672,A
4-HA,1272,3,0,0,3676,3679,C
4-HA,1273,5,1,0,3459,3465,C
4-HA,1274,0,3418,1,5,3424,T
4-HA,1275,1,3404,0,62,3467,T
4-HA,1276,0,5,3484,1,3490,G
4-HA,1277,3480,0,2,0,3482,A
4-HA,1278,0,5,3529,0,3534,G
4-HA,1279,3519,1,1,0,3521,A
4-HA,1280,3413,0,0,0,3413,A
4-HA,1281,3380,0,2,0,3382,A
4-HA,1282,0,3340,0,0,3340,T
4-HA,1283,3464,0,1,0,3465,A
4-HA,1284,0,3436,0,1,3437,T
4-HA,1285,0,1,3468,0,3469,G
4-HA,1286,0,3440,0,9,3449,T
4-HA,1287,0,3363,0,2,3365,T
4-HA,1288,1,2,3379,0,3382,G
4-HA,1289,3340,0,2,0,3342,A
4-HA,1290,1,6,3363,0,3370,G
4-HA,1291,0,3,3359,0,3362,G
4-HA,1292,3276,0,20,0,3296,A
4-HA,1293,2,1,0,3381,3384,C
4-HA,1294,3313,0,3,0,3316,A
4-HA,1295,2,0,2,3475,3479,C
4-HA,1296,2,1,0,3496,3499,C
4-HA,1297,3490,0,0,25,3515,A
4-HA,1298,3592,1,2,0,3595,A
4-HA,1299,3455,0,0,121,3576,A
4-HA,1300,3598,0,1,0,3599,A
4-HA,1301,0,3582,0,0,3582,T
4-HA,1302,3470,0,2,0,3472,A
4-HA,1303,0,2,3482,0,3484,G
4-HA,1304,3347,0,2,0,3349,A
4-HA,1305,0,3358,0,2,3360,T
4-HA,1306,1,1,0,3376,3378,C
4-HA,1307,0,3295,0,2,3297,T
4-HA,1308,3,0,1,3398,3402,C
4-HA,1309,0,3404,0,1,3405,T
4-HA,1310,0,0,3504,0,3504,G
4-HA,1311,0,0,3586,0,3586,G
4-HA,1312,0,3577,0,4,3581,T
4-HA,1313,6,0,1,3606,3613,C
4-HA,1314,3634,0,2,1,3637,A
4-HA,1315,0,3650,0,4,3654,T
4-HA,1316,3636,0,2,2,3640,A
4-HA,1317,2,1,0,3646,3649,C
4-HA,1318,3547,0,1,1,3549,A
4-HA,1319,3567,0,3,2,3572,A
4-HA,1320,1,2,0,3445,3448,C
4-HA,1321,0,2,3419,0,3421,G
4-HA,1322,1,3,0,3440,3444,C
4-HA,1323,2,1,3422,0,3425,G
4-HA,1324,0,2,3412,0,3414,G
4-HA,1325,3415,0,0,1,3416,A
4-HA,1326,1,0,3474,0,3475,G
4-HA,1327,2,1,0,3459,3462,C
4-HA,1328,0,3447,0,9,3456,T
4-HA,1329,0,3479,0,6,3485,T
4-HA,1330,4,1,0,3480,3485,C
4-HA,1331,0,3527,0,6,3533,T
4-HA,1332,0,3543,0,0,3543,T
4-HA,1333,1,0,3523,0,3524,G
4-HA,1334,0,3501,1,2,3504,T
4-HA,1335,0,3455,0,3,3458,T
4-HA,1336,1,0,3500,0,3501,G
4-HA,1337,0,0,0,3466,3466,C
4-HA,1338,4,1,0,3485,3490,C
4-HA,1339,4,0,0,3522,3526,C
4-HA,1340,0,3521,2,3,3526,T
4-HA,1341,0,2,3565,0,3567,G
4-HA,1342,1,5,3555,0,3561,G
4-HA,1343,3539,1,6,0,3546,A
4-HA,1344,2,7,3566,0,3575,G
4-HA,1345,3510,0,4,0,3514,A
4-HA,1346,3517,0,4,0,3521,A
4-HA,1347,2,1,1,3575,3579,C
4-HA,1348,6,0,0,3580,3586,C
4-HA,1349,3578,0,2,0,3580,A
4-HA,1350,3753,0,2,0,3755,A
4-HA,1351,0,2,1,3765,3768,C
4-HA,1352,3790,0,0,0,3790,A
4-HA,1353,0,3770,1,1,3772,T
4-HA,1354,3763,3,1,0,3767,A
4-HA,1355,0,0,0,3845,3845,C
4-HA,1356,3778,1,1,0,3780,A
4-HA,1357,3762,0,1,0,3763,A
4-HA,1358,0,3720,0,4,3724,T
4-HA,1359,2,3575,0,2,3579,T
4-HA,1360,0,7,3617,0,3624,G
4-HA,1361,3628,0,2,0,3630,A
4-HA,1362,0,3595,0,7,3602,T
4-HA,1363,6,0,0,3646,3652,C
4-HA,1364,0,3603,0,3,3606,T
4-HA,1365,3621,0,2,0,3623,A
4-HA,1366,3635,1,0,0,3636,A
4-HA,1367,0,0,0,3622,3622,C
4-HA,1368,0,3590,1,4,3595,T
4-HA,1369,0,8,3580,0,3588,G
4-HA,1370,3570,0,3,0,3573,A
4-HA,1371,0,1,0,3581,3582,C
4-HA,1372,0,3555,1,2,3558,T
4-HA,1373,2,0,1,3583,3586,C
4-HA,1374,3563,0,1,1,3565,A
4-HA,1375,0,5,3627,0,3632,G
4-HA,1376,3628,1,0,0,3629,A
4-HA,1377,3636,0,0,0,3636,A
4-HA,1378,3637,0,0,1,3638,A
4-HA,1379,0,3591,0,0,3591,T
4-HA,1380,3,15,3616,0,3634,G
4-HA,1381,3633,0,2,1,3636,A
4-HA,1382,3641,0,5,0,3646,A
4-HA,1383,0,0,0,3652,3652,C
4-HA,1384,3586,0,1,0,3587,A
4-HA,1385,3615,1,1,0,3617,A
4-HA,1386,3624,0,0,0,3624,A
4-HA,1387,1,0,0,3652,3653,C
4-HA,1388,0,3599,0,0,3599,T
4-HA,1389,0,418,3197,0,3615,G
4-HA,1390,0,3594,0,1,3595,T
4-HA,1391,1,3597,0,3,3601,T
4-HA,1392,0,3616,0,5,3621,T
4-HA,1393,0,11,3612,0,3623,G
4-HA,1394,3579,0,1,0,3580,A
4-HA,1395,3577,0,0,0,3577,A
4-HA,1396,3568,0,3,0,3571,A
4-HA,1397,3564,0,0,0,3564,A
4-HA,1398,3520,1,1,0,3522,A
4-HA,1399,3539,0,3,1,3543,A
4-HA,1400,0,1,0,3572,3573,C
4-HA,1401,3565,0,1,0,3566,A
4-HA,1402,3566,0,0,1,3567,A
4-HA,1403,3563,1,3,0,3567,A
4-HA,1404,0,2,3554,0,3556,G
4-HA,1405,3576,1,7,0,3584,A
4-HA,1406,3578,0,5,0,3583,A
4-HA,1407,0,1,3555,0,3556,G
4-HA,1408,0,4,0,3553,3557,C
4-HA,1409,3577,0,4,0,3581,A
4-HA,1410,3592,1,0,0,3593,A
4-HA,1411,1,0,0,3576,3577,C
4-HA,1412,0,3540,0,0,3540,T
4-HA,1413,0,1,3607,1,3609,G
4-HA,1414,3556,0,2,1,3559,A
4-HA,1415,0,3,3576,0,3579,G
4-HA,1416,0,4,3578,0,3582,G
4-HA,1417,2,6,3584,0,3592,G
4-HA,1418,3627,0,3,0,3630,A
4-HA,1419,3604,1,0,0,3605,A
4-HA,1420,3575,0,4,0,3579,A
4-HA,1421,3609,0,1,1,3611,A
4-HA,1422,0,3595,0,0,3595,T
4-HA,1423,0,0,3604,0,3604,G
4-HA,1424,0,3,1,3586,3590,C
4-HA,1425,0,3583,0,1,3584,T
4-HA,1426,0,3,3584,0,3587,G
4-HA,1427,3588,0,3,0,3591,A
4-HA,1428,0,2,3794,0,3796,G
4-HA,1429,1,5,3826,0,3832,G
4-HA,1430,3792,0,2,0,3794,A
4-HA,1431,0,3767,0,0,3767,T
4-HA,1432,3742,0,6,0,3748,A
4-HA,1433,0,3732,0,1,3733,T
4-HA,1434,2,2,3759,0,3763,G
4-HA,1435,1,5,3787,0,3793,G
4-HA,1436,1,0,3780,0,3781,G
4-HA,1437,1,1,0,3600,3602,C
4-HA,1438,3521,0,1,0,3522,A
4-HA,1439,3511,1,1,0,3513,A
4-HA,1440,0,3513,0,0,3513,T
4-HA,1441,0,6,3520,0,3526,G
4-HA,1442,1,3,3519,0,3523,G
4-HA,1443,0,3459,0,1,3460,T
4-HA,1444,0,3399,0,0,3399,T
4-HA,1445,0,1,3427,0,3428,G
4-HA,1446,0,3415,0,5,3420,T
4-HA,1447,0,3422,0,5,3427,T
4-HA,1448,0,3442,0,0,3442,T
4-HA,1449,8,1,0,3454,3463,C
4-HA,1450,3460,0,2,0,3462,A
4-HA,1451,3479,0,0,0,3479,A
4-HA,1452,3474,0,1,0,3475,A
4-HA,1453,3515,0,0,0,3515,A
4-HA,1454,0,3490,0,1,3491,T
4-HA,1455,3459,0,1,1,3461,A
4-HA,1456,0,3465,0,0,3465,T
4-HA,1457,3441,0,2,0,3443,A
4-HA,1458,2,8,0,3476,3486,C
4-HA,1459,2,1,0,3469,3472,C
4-HA,1460,3474,0,2,0,3476,A
4-HA,1461,1,0,0,3507,3508,C
4-HA,1462,3533,0,0,0,3533,A
4-HA,1463,3532,1,1,0,3534,A
4-HA,1464,3531,0,1,1,3533,A
4-HA,1465,0,3517,0,0,3517,T
4-HA,1466,0,0,3549,0,3549,G
4-HA,1467,0,3473,0,2,3475,T
4-HA,1468,1,14,3524,0,3539,G
4-HA,1469,3546,0,3,0,3549,A
4-HA,1470,1,1,0,3547,3549,C
4-HA,1471,3510,0,1,0,3511,A
4-HA,1472,3500,0,0,0,3500,A
4-HA,1473,0,3522,0,0,3522,T
4-HA,1474,2,0,3556,0,3558,G
4-HA,1475,2,2,0,3493,3497,C
4-HA,1476,3,0,0,3528,3531,C
4-HA,1477,1,3538,0,9,3548,T
4-HA,1478,0,1,3720,0,3721,G
4-HA,1479,4,0,0,3694,3698,C
4-HA,1480,3757,0,0,0,3757,A
4-HA,1481,0,3750,0,0,3750,T
4-HA,1482,3614,0,2,0,3616,A
4-HA,1483,0,2,3626,0,3628,G
4-HA,1484,2,5,3604,0,3611,G
4-HA,1485,3581,0,0,0,3581,A
4-HA,1486,0,3545,0,3,3548,T
4-HA,1487,3,0,1,3384,3388,C
4-HA,1488,3394,0,0,0,3394,A
4-HA,1489,3409,0,1,1,3411,A
4-HA,1490,1,3398,1,4,3404,T
4-HA,1491,7,1,0,3405,3413,C
4-HA,1492,3352,1,1,0,3354,A
4-HA,1493,1,4,3362,0,3367,G
4-HA,1494,3360,0,1,0,3361,A
4-HA,1495,3373,0,0,0,3373,A
4-HA,1496,3357,1,1,0,3359,A
4-HA,1497,0,3342,0,0,3342,T
4-HA,1498,2,7,3322,0,3331,G
4-HA,1499,1,13,3311,0,3325,G
4-HA,1500,3315,0,2,0,3317,A
4-HA,1501,3344,0,1,0,3345,A
4-HA,1502,1,0,0,3348,3349,C
4-HA,1503,1,3308,0,1,3310,T
4-HA,1504,0,3333,0,2,3335,T
4-HA,1505,3344,0,0,0,3344,A
4-HA,1506,0,3308,1,15,3324,T
4-HA,1507,2,7,3327,0,3336,G
4-HA,1508,3315,0,3,0,3318,A
4-HA,1509,0,0,0,3316,3316,C
4-HA,1510,5,1,0,3271,3277,C
4-HA,1511,3260,0,0,0,3260,A
4-HA,1512,0,2,0,3343,3345,C
4-HA,1513,1,3,3450,1,3455,G
4-HA,1514,3539,0,0,0,3539,A
4-HA,1515,0,3566,0,2,3568,T
4-HA,1516,1,1,3744,0,3746,G
4-HA,1517,0,3710,0,3,3713,T
4-HA,1518,3869,0,4,0,3873,A
4-HA,1519,0,3855,0,2,3857,T
4-HA,1520,3835,0,4,0,3839,A
4-HA,1521,1,0,0,3830,3831,C
4-HA,1522,3458,0,0,0,3458,A
4-HA,1523,1,4,3493,0,3498,G
4-HA,1524,3276,1,0,1,3278,A
4-HA,1525,1,4,3180,0,3185,G
4-HA,1526,3151,0,3,0,3154,A
4-HA,1527,0,2926,0,0,2926,T
4-HA,1528,0,4,2908,1,2913,G
4-HA,1529,2910,0,1,0,2911,A
4-HA,1530,2904,0,6,0,2910,A
4-HA,1531,0,3,2969,0,2972,G
4-HA,1532,0,0,0,2925,2925,C
4-HA,1533,2930,0,0,0,2930,A
4-HA,1534,0,2930,0,2,2932,T
4-HA,1535,0,2924,0,1,2925,T
4-HA,1536,2936,0,0,0,2936,A
4-HA,1537,2935,0,0,0,2935,A
4-HA,1538,2931,1,1,0,2933,A
4-HA,1539,0,1,0,2937,2938,C
4-HA,1540,2822,0,0,0,2822,A
4-HA,1541,2813,0,1,0,2814,A
4-HA,1542,0,0,0,2817,2817,C
4-HA,1543,1,0,0,2821,2822,C
4-HA,1544,1,3,2808,0,2812,G
4-HA,1545,1,0,2879,0,2880,G
4-HA,1546,0,2867,0,5,2872,T
4-HA,1547,0,2851,1,1,2853,T
4-HA,1548,3,1,0,2869,2873,C
4-HA,1549,2,1,0,2886,2889,C
4-HA,1550,2871,1,1,0,2873,A
4-HA,1551,0,4,2905,1,2910,G
4-HA,1552,2904,0,0,0,2904,A
4-HA,1553,0,2874,0,1,2875,T
4-HA,1554,6,3,0,2764,2773,C
4-HA,1555,2730,1,1,0,2732,A
4-HA,1556,2735,0,5,0,2740,A
4-HA,1557,0,2,2751,0,2753,G
4-HA,1558,0,2,2733,0,2735,G
4-HA,1559,0,1,2724,0,2725,G
4-HA,1560,2618,1,2,0,2621,A
4-HA,1561,0,1,2662,0,2663,G
4-HA,1562,0,2652,0,2,2654,T
4-HA,1563,0,2659,0,0,2659,T
4-HA,1564,0,2,2682,0,2684,G
4-HA,1565,2660,0,2,0,2662,A
4-HA,1566,0,0,2671,0,2671,G
4-HA,1567,2,0,0,2640,2642,C
4-HA,1568,0,2632,1,3,2636,T
4-HA,1569,0,0,2640,0,2640,G
4-HA,1570,2640,0,0,0,2640,A
4-HA,1571,2650,0,4,0,2654,A
4-HA,1572,0,0,2647,0,2647,G
4-HA,1573,0,2566,0,0,2566,T
4-HA,1574,3,0,0,2572,2575,C
4-HA,1575,2480,0,29,0,2509,A
4-HA,1576,0,0,2519,0,2519,G
4-HA,1577,0,2,2511,0,2513,G
4-HA,1578,1,0,2451,0,2452,G
4-HA,1579,0,2507,0,2,2509,T
4-HA,1580,2568,0,1,0,2569,A
4-HA,1581,0,0,0,2575,2575,C
4-HA,1582,2566,0,0,0,2566,A
4-HA,1583,2564,0,0,0,2564,A
4-HA,1584,2577,0,0,0,2577,A
4-HA,1585,0,3,2571,0,2574,G
4-HA,1586,2507,0,1,0,2508,A
4-HA,1587,0,2355,0,47,2402,T
4-HA,1588,1,2402,0,0,2403,T
4-HA,1589,0,2,2386,0,2388,G
4-HA,1590,0,1,2385,0,2386,G
4-HA,1591,2377,0,2,0,2379,A
4-HA,1592,0,2369,1,1,2371,T
4-HA,1593,1,0,0,2380,2381,C
4-HA,1594,2,1,0,2360,2363,C
4-HA,1595,0,2340,0,1,2341,T
4-HA,1596,2362,0,0,0,2362,A
4-HA,1597,0,2365,0,1,2366,T
4-HA,1598,2,2,2342,0,2346,G
4-HA,1599,0,2,2358,0,2360,G
4-HA,1600,2291,1,0,0,2292,A
4-HA,1601,0,2298,0,2,2300,T
4-HA,1602,0,2278,0,0,2278,T
4-HA,1603,0,2254,0,0,2254,T
4-HA,1604,3,0,0,2245,2248,C
4-HA,1605,2,0,0,2259,2261,C
4-HA,1606,0,2230,1,2,2233,T
4-HA,1607,0,2238,0,0,2238,T
4-HA,1608,0,2219,1,2,2222,T
4-HA,1609,0,1,2246,0,2247,G
4-HA,1610,1,0,0,2232,2233,C
4-HA,1611,3,0,0,2241,2244,C
4-HA,1612,2219,0,1,0,2220,A
4-HA,1613,0,2206,0,2,2208,T
4-HA,1614,2232,0,0,0,2232,A
4-HA,1615,0,2203,0,4,2207,T
4-HA,1616,10,0,0,2203,2213,C
4-HA,1617,2205,0,0,1,2206,A
4-HA,1618,0,2170,1,0,2171,T
4-HA,1619,1,0,2190,0,2191,G
4-HA,1620,1,2165,0,2,2168,T
4-HA,1621,0,2152,0,1,2153,T
4-HA,1622,0,2149,0,1,2150,T
4-HA,1623,0,2106,1,0,2107,T
4-HA,1624,0,2099,0,1,2100,T
4-HA,1625,0,2099,0,1,2100,T
4-HA,1626,2,0,2117,0,2119,G
4-HA,1627,0,0,0,2092,2092,C
4-HA,1628,0,2055,0,3,2058,T
4-HA,1629,0,2076,0,2,2078,T
4-HA,1630,0,2073,0,0,2073,T
4-HA,1631,0,2,2123,0,2125,G
4-HA,1632,1,2119,0,3,2123,T
4-HA,1633,1,2,2117,0,2120,G
4-HA,1634,0,2121,0,2,2123,T
4-HA,1635,0,2076,0,1,2077,T
4-HA,1636,3,1,2073,0,2077,G
4-HA,1637,0,0,0,2053,2053,C
4-HA,1638,0,2037,0,4,2041,T
4-HA,1639,0,2085,0,2,2087,T
4-HA,1640,0,1949,0,0,1949,T
4-HA,1641,0,1,1970,0,1971,G
4-HA,1642,0,1954,0,0,1954,T
4-HA,1643,0,1958,0,2,1960,T
4-HA,1644,1,0,1960,0,1961,G
4-HA,1645,0,2,1896,0,1898,G
4-HA,1646,1,1,1876,0,1878,G
4-HA,1647,0,1,1895,0,1896,G
4-HA,1648,0,1833,0,4,1837,T
4-HA,1649,0,1827,0,0,1827,T
4-HA,1650,8,0,0,1789,1797,C
4-HA,1651,1781,0,0,0,1781,A
4-HA,1652,0,1762,0,1,1763,T
4-HA,1653,3,11,0,1771,1785,C
4-HA,1654,1777,0,1,0,1778,A
4-HA,1655,0,1729,0,1,1730,T
4-HA,1656,0,0,1711,0,1711,G
4-HA,1657,0,1665,0,1,1666,T
4-HA,1658,0,1,1632,0,1633,G
4-HA,1659,0,2,1571,0,1573,G
4-HA,1660,1,0,1565,0,1566,G
4-HA,1661,1,0,0,1510,1511,C
4-HA,1662,0,0,0,1481,1481,C
4-HA,1663,1,1416,0,0,1417,T
4-HA,1664,1,0,1416,0,1417,G
4-HA,1665,0,1,0,1402,1403,C
4-HA,1666,4,0,0,1417,1421,C
4-HA,1667,1416,0,0,0,1416,A
4-HA,1668,1406,0,0,0,1406,A
4-HA,1669,1406,0,0,0,1406,A
4-HA,1670,1412,0,0,0,1412,A
4-HA,1671,1405,0,2,0,1407,A
4-HA,1672,0,1,1393,0,1394,G
4-HA,1673,2,1,1333,1,1337,G
4-HA,1674,0,0,0,1307,1307,C
4-HA,1675,1309,0,0,0,1309,A
4-HA,1676,1317,0,1,0,1318,A
4-HA,1677,0,0,0,1318,1318,C
4-HA,1678,1323,0,0,0,1323,A
4-HA,1679,0,1310,0,1,1311,T
4-HA,1680,0,1303,0,0,1303,T
4-HA,1681,1250,0,0,0,1250,A
4-HA,1682,1,2,1243,0,1246,G
4-HA,1683,0,0,1234,0,1234,G
4-HA,1684,0,1196,0,0,1196,T
4-HA,1685,0,0,1118,0,1118,G
4-HA,1686,0,1,0,1072,1073,C
4-HA,1687,1069,0,0,0,1069,A
4-HA,1688,1064,0,1,0,1065,A
4-HA,1689,0,1,0,1060,1061,C
4-HA,1690,1050,0,0,0,1050,A
4-HA,1691,1,1027,0,1,1029,T
4-HA,1692,0,979,0,1,980,T
4-HA,1693,0,980,0,1,981,T
4-HA,1694,0,1,980,0,981,G
4-HA,1695,1,0,0,959,960,C
4-HA,1696,959,0,0,0,959,A
4-HA,1697,0,903,0,1,904,T
4-HA,1698,0,884,0,1,885,T
4-HA,1699,0,860,0,0,860,T
4-HA,1700,0,0,857,0,857,G
4-HA,1701,813,0,0,0,813,A
5-NP,1,227,0,0,0,227,A
5-NP,2,0,228,0,0,228,T
5-NP,3,0,0,228,0,228,G
5-NP,4,0,0,223,0,223,G
5-NP,5,0,0,0,225,225,C
5-NP,6,0,0,236,0,236,G
5-NP,7,0,242,0,0,242,T
5-NP,8,0,0,0,244,244,C
5-NP,9,0,0,0,248,248,C
5-NP,10,0,0,0,250,250,C
5-NP,11,251,0,0,0,251,A
5-NP,12,249,0,0,0,249,A
5-NP,13,0,1,255,0,256,G
5-NP,14,0,0,262,0,262,G
5-NP,15,0,0,0,263,263,C
5-NP,16,265,0,0,0,265,A
5-NP,17,0,0,0,270,270,C
5-NP,18,0,0,0,266,266,C
5-NP,19,271,0,0,0,271,A
5-NP,20,269,0,0,0,269,A
5-NP,21,264,0,0,0,264,A
5-NP,22,0,0,0,271,271,C
5-NP,23,0,0,271,0,271,G
5-NP,24,0,0,304,0,304,G
5-NP,25,0,305,0,0,305,T
5-NP,26,0,0,0,325,325,C
5-NP,27,0,326,0,0,326,T
5-NP,28,0,330,0,0,330,T
5-NP,29,330,0,0,0,330,A
5-NP,30,0,331,0,1,332,T
5-NP,31,0,1,332,0,333,G
5-NP,32,330,0,0,0,330,A
5-NP,33,324,0,0,0,324,A
5-NP,34,0,0,0,324,324,C
5-NP,35,315,0,0,0,315,A
5-NP,36,0,0,344,0,344,G
5-NP,37,337,0,1,0,338,A
5-NP,38,0,349,0,0,349,T
5-NP,39,6,0,341,0,347,G
5-NP,40,0,0,347,0,347,G
5-NP,41,347,0,0,0,347,A
5-NP,42,345,0,0,0,345,A
5-NP,43,347,0,1,0,348,A
5-NP,44,0,0,0,364,364,C
5-NP,45,0,356,0,0,356,T
5-NP,46,1,0,360,0,361,G
5-NP,47,354,0,1,0,355,A
5-NP,48,1,360,0,0,361,T
5-NP,49,0,0,360,0,360,G
5-NP,50,0,2,360,0,362,G
5-NP,51,0,0,362,0,362,G
5-NP,52,0,4,357,0,361,G
5-NP,53,355,0,1,0,356,A
5-NP,54,0,358,0,0,358,T
5-NP,55,0,0,0,365,365,C
5-NP,56,0,0,361,0,361,G
5-NP,57,0,0,0,369,369,C
5-NP,58,0,0,0,376,376,C
5-NP,59,372,0,0,1,373,A
5-NP,60,0,0,379,0,379,G
5-NP,61,377,0,0,0,377,A
5-NP,62,384,0,0,0,384,A
5-NP,63,0,390,0,0,390,T
5-NP,64,0,0,382,0,382,G
5-NP,65,0,0,0,387,387,C
5-NP,66,387,0,0,0,387,A
5-NP,67,391,0,1,0,392,A
5-NP,68,0,0,0,393,393,C
5-NP,69,0,390,0,0,390,T
5-NP,70,0,1,399,0,400,G
5-NP,71,392,0,1,0,393,A
5-NP,72,0,0,432,0,432,G
5-NP,73,428,0,0,0,428,A
5-NP,74,0,428,0,0,428,T
5-NP,75,0,432,0,0,432,T
5-NP,76,426,0,0,0,426,A
5-NP,77,0,0,422,0,422,G
5-NP,78,0,0,426,0,426,G
5-NP,79,2,0,419,0,421,G
5-NP,80,0,0,0,421,421,C
5-NP,81,420,0,0,0,420,A
5-NP,82,0,417,0,1,418,T
5-NP,83,0,0,0,416,416,C
5-NP,84,0,0,0,420,420,C
5-NP,85,0,0,416,0,416,G
5-NP,86,0,421,0,0,421,T
5-NP,87,0,0,0,424,424,C
5-NP,88,0,0,426,0,426,G
5-NP,89,0,0,428,0,428,G
5-NP,90,0,0,434,0,434,G
5-NP,91,431,0,0,0,431,A
5-NP,92,429,0,0,1,430,A
5-NP,93,0,1,432,0,433,G
5-NP,94,425,0,1,0,426,A
5-NP,95,0,425,0,0,425,T
5-NP,96,0,0,431,0,431,G
5-NP,97,428,0,0,0,428,A
5-NP,98,0,434,1,0,435,T
5-NP,99,0,435,0,0,435,T
5-NP,100,0,0,435,0,435,G
5-NP,101,427,0,0,0,427,A
5-NP,102,0,429,0,0,429,T
5-NP,103,0,0,427,0,427,G
5-NP,104,0,0,425,0,425,G
5-NP,105,0,1,422,0,423,G
5-NP,106,448,0,0,0,448,A
5-NP,107,0,453,0,0,453,T
5-NP,108,0,454,0,3,457,T
5-NP,109,1,0,454,0,455,G
5-NP,110,0,0,456,0,456,G
5-NP,111,0,0,453,0,453,G
5-NP,112,460,0,1,0,461,A
5-NP,113,0,0,453,0,453,G
5-NP,114,456,0,0,0,456,A
5-NP,115,0,464,0,0,464,T
5-NP,116,0,465,0,0,465,T
5-NP,117,0,0,0,466,466,C
5-NP,118,0,465,0,0,465,T
5-NP,119,472,0,0,0,472,A
5-NP,120,0,0,0,476,476,C
5-NP,121,489,0,0,0,489,A
5-NP,122,0,484,0,0,484,T
5-NP,123,1,0,0,480,481,C
5-NP,124,2,0,0,492,494,C
5-NP,125,492,0,0,0,492,A
5-NP,126,499,0,0,0,499,A
5-NP,127,501,0,0,0,501,A
5-NP,128,1,499,0,0,500,T
5-NP,129,0,1,497,0,498,G
5-NP,130,0,489,0,1,490,T
5-NP,131,0,1,487,0,488,G
5-NP,132,2,0,0,492,494,C
5-NP,133,498,0,0,0,498,A
5-NP,134,0,0,0,492,492,C
5-NP,135,0,487,0,1,488,T
5-NP,136,0,1,502,0,503,G
5-NP,137,509,0,0,0,509,A
5-NP,138,518,0,0,0,518,A
5-NP,139,0,0,0,532,532,C
5-NP,140,0,530,0,0,530,T
5-NP,141,0,528,0,4,532,T
5-NP,142,531,0,0,0,531,A
5-NP,143,528,0,0,0,528,A
5-NP,144,531,0,0,0,531,A
5-NP,145,0,0,0,533,533,C
5-NP,146,1,509,0,0,510,T
5-NP,147,0,0,0,515,515,C
5-NP,148,507,0,1,0,508,A
5-NP,149,0,0,521,0,521,G
5-NP,150,0,520,0,1,521,T
5-NP,151,0,0,528,0,528,G
5-NP,152,530,0,0,0,530,A
5-NP,153,0,532,0,0,532,T
5-NP,154,2,0,0,534,536,C
5-NP,155,547,0,0,0,547,A
5-NP,156,0,548,0,0,548,T
5-NP,157,0,1,544,0,545,G
5-NP,158,534,0,1,0,535,A
5-NP,159,530,0,1,0,531,A
5-NP,160,0,1,533,0,534,G
5-NP,161,0,0,525,0,525,G
5-NP,162,0,0,525,0,525,G
5-NP,163,0,0,0,525,525,C
5-NP,164,0,0,532,0,532,G
5-NP,165,0,0,535,0,535,G
5-NP,166,0,528,0,0,528,T
5-NP,167,0,534,0,0,534,T
5-NP,168,0,0,536,0,536,G
5-NP,169,617,0,0,0,617,A
5-NP,170,0,617,0,1,618,T
5-NP,171,0,0,0,616,616,C
5-NP,172,1,0,0,616,617,C
5-NP,173,610,0,0,0,610,A
5-NP,174,0,1,615,0,616,G
5-NP,175,615,0,0,0,615,A
5-NP,176,611,0,2,0,613,A
5-NP,177,0,0,0,613,613,C
5-NP,178,566,0,0,0,566,A
5-NP,179,0,0,578,0,578,G
5-NP,180,0,0,0,574,574,C
5-NP,181,0,573,0,0,573,T
5-NP,182,0,578,0,0,578,T
5-NP,183,0,0,579,0,579,G
5-NP,184,579,0,0,0,579,A
5-NP,185,0,0,0,584,584,C
5-NP,186,582,0,0,0,582,A
5-NP,187,581,0,0,0,581,A
5-NP,188,0,574,0,0,574,T
5-NP,189,570,0,0,0,570,A
5-NP,190,0,1,570,0,571,G
5-NP,191,567,0,0,1,568,A
5-NP,192,0,3,567,0,570,G
5-NP,193,557,0,0,0,557,A
5-NP,194,567,0,0,0,567,A
5-NP,195,564,0,0,0,564,A
5-NP,196,583,0,0,0,583,A
5-NP,197,0,582,0,0,582,T
5-NP,198,0,0,585,0,585,G
5-NP,199,0,0,582,0,582,G
5-NP,200,0,566,0,0,566,T
5-NP,201,564,0,0,0,564,A
5-NP,202,1,0,0,570,571,C
5-NP,203,0,569,0,0,569,T
5-NP,204,0,0,0,590,590,C
5-NP,205,0,573,1,0,574,T
5-NP,206,1,0,0,576,577,C
5-NP,207,0,576,0,0,576,T
5-NP,208,0,0,587,0,587,G
5-NP,209,0,0,0,583,583,C
5-NP,210,0,581,0,0,581,T
5-NP,211,0,581,0,0,581,T
5-NP,212,0,584,0,0,584,T
5-NP,213,0,572,0,0,572,T
5-NP,214,0,0,574,0,574,G
5-NP,215,563,0,0,1,564,A
5-NP,216,0,571,0,0,571,T
5-NP,217,0,0,572,0,572,G
5-NP,218,564,1,0,0,565,A
5-NP,219,566,0,0,0,566,A
5-NP,220,570,0,0,0,570,A
5-NP,221,0,1,564,0,565,G
5-NP,222,566,0,0,0,566,A
5-NP,223,566,0,0,0,566,A
5-NP,224,0,0,567,0,567,G
5-NP,225,0,0,582,0,582,G
5-NP,226,589,0,0,0,589,A
5-NP,227,591,0,0,0,591,A
5-NP,228,0,592,0,0,592,T
5-NP,229,595,0,0,0,595,A
5-NP,230,590,0,0,0,590,A
5-NP,231,592,0,0,0,592,A
5-NP,232,0,590,0,0,590,T
5-NP,233,583,0,0,0,583,A
5-NP,234,0,0,0,588,588,C
5-NP,235,1,0,0,590,591,C
5-NP,236,0,592,0,0,592,T
5-NP,237,0,0,590,0,590,G
5-NP,238,0,0,601,0,601,G
5-NP,239,601,0,0,0,601,A
5-NP,240,601,0,0,0,601,A
5-NP,241,0,3,603,0,606,G
5-NP,242,599,0,0,0,599,A
5-NP,243,601,0,0,0,601,A
5-NP,244,0,1,0,599,600,C
5-NP,245,583,1,1,0,585,A
5-NP,246,0,0,0,636,636,C
5-NP,247,0,0,0,619,619,C
5-NP,248,1,0,0,627,628,C
5-NP,249,1,0,0,629,630,C
5-NP,250,627,0,0,0,627,A
5-NP,251,0,0,623,0,623,G
5-NP,252,1,1,0,622,624,C
5-NP,253,594,0,0,0,594,A
5-NP,254,0,0,0,603,603,C
5-NP,255,1,1,600,0,602,G
5-NP,256,0,0,608,0,608,G
5-NP,257,0,0,608,1,609,G
5-NP,258,0,1,606,0,607,G
5-NP,259,610,0,0,0,610,A
5-NP,260,615,0,0,0,615,A
5-NP,261,606,0,2,0,608,A
5-NP,262,1,0,612,0,613,G
5-NP,263,609,0,0,0,609,A
5-NP,264,0,599,0,0,599,T
5-NP,265,1,0,0,601,602,C
5-NP,266,1,0,0,601,602,C
5-NP,267,0,0,0,607,607,C
5-NP,268,608,0,0,0,608,A
5-NP,269,610,0,0,0,610,A
5-NP,270,1,1,610,0,612,G
5-NP,271,602,0,0,0,602,A
5-NP,272,617,0,0,0,617,A
5-NP,273,612,0,0,0,612,A
5-NP,274,610,0,0,0,610,A
5-NP,275,1,0,0,617,618,C
5-NP,276,0,611,0,0,611,T
5-NP,277,0,0,613,0,613,G
5-NP,278,0,0,606,0,606,G
5-NP,279,0,0,613,0,613,G
5-NP,280,0,1,602,0,603,G
5-NP,281,0,1,603,0,604,G
5-NP,282,0,0,613,0,613,G
5-NP,283,0,1,0,644,645,C
5-NP,284,1,0,0,643,644,C
5-NP,285,0,0,1,658,659,C
5-NP,286,754,0,0,0,754,A
5-NP,287,0,750,0,0,750,T
5-NP,288,786,0,0,0,786,A
5-NP,289,0,786,0,0,786,T
5-NP,290,771,0,0,0,771,A
5-NP,291,1,0,0,781,782,C
5-NP,292,721,0,0,0,721,A
5-NP,293,0,0,736,0,736,G
5-NP,294,0,0,726,0,726,G
5-NP,295,640,1,0,0,641,A
5-NP,296,0,3,658,0,661,G
5-NP,297,628,0,0,0,628,A
5-NP,298,0,0,638,0,638,G
5-NP,299,0,623,0,0,623,T
5-NP,300,632,0,0,0,632,A
5-NP,301,5,0,635,0,640,G
5-NP,302,630,0,0,0,630,A
5-NP,303,0,624,0,0,624,T
5-NP,304,0,1,634,0,635,G
5-NP,305,0,1,636,0,637,G
5-NP,306,630,0,0,0,630,A
5-NP,307,624,0,0,0,624,A
5-NP,308,625,0,0,0,625,A
5-NP,309,620,0,0,0,620,A
5-NP,310,0,624,0,0,624,T
5-NP,311,0,0,628,0,628,G
5-NP,312,0,1,625,0,626,G
5-NP,313,622,0,0,0,622,A
5-NP,314,0,622,0,0,622,T
5-NP,315,0,0,627,0,627,G
5-NP,316,625,1,0,0,626,A
5-NP,317,1,0,628,0,629,G
5-NP,318,0,0,627,0,627,G
5-NP,319,0,0,631,0,631,G
5-NP,320,662,0,0,0,662,A
5-NP,321,674,0,0,0,674,A
5-NP,322,0,0,0,718,718,C
5-NP,323,0,702,0,0,702,T
5-NP,324,0,0,0,739,739,C
5-NP,325,1,0,767,0,768,G
5-NP,326,0,765,0,0,765,T
5-NP,327,0,0,0,784,784,C
5-NP,328,0,0,0,975,975,C
5-NP,329,0,987,0,2,989,T
5-NP,330,0,990,0,1,991,T
5-NP,331,0,998,0,0,998,T
5-NP,332,1012,0,0,0,1012,A
5-NP,333,0,1021,0,0,1021,T
5-NP,334,0,3,1019,0,1022,G
5-NP,335,1026,0,1,0,1027,A
5-NP,336,0,1,0,1029,1030,C
5-NP,337,1022,0,1,0,1023,A
5-NP,338,1013,0,0,0,1013,A
5-NP,339,1024,0,0,0,1024,A
5-NP,340,0,0,1114,0,1114,G
5-NP,341,1106,0,0,0,1106,A
5-NP,342,1115,0,1,0,1116,A
5-NP,343,0,0,1235,0,1235,G
5-NP,344,1255,1,1,0,1257,A
5-NP,345,1264,0,0,0,1264,A
5-NP,346,1270,0,0,0,1270,A
5-NP,347,0,1268,0,0,1268,T
5-NP,348,1272,0,1,0,1273,A
5-NP,349,1264,0,2,1,1267,A
5-NP,350,0,0,1301,0,1301,G
5-NP,351,0,0,1288,0,1288,G
5-NP,352,0,0,0,1301,1301,C
5-NP,353,0,4,1293,0,1297,G
5-NP,354,1308,0,0,0,1308,A
5-NP,355,1318,0,1,0,1319,A
5-NP,356,0,1322,0,0,1322,T
5-NP,357,5,0,0,1324,1329,C
5-NP,358,0,1330,0,0,1330,T
5-NP,359,0,1,1329,0,1330,G
5-NP,360,0,0,1326,0,1326,G
5-NP,361,1,2,0,1325,1328,C
5-NP,362,0,0,1339,0,1339,G
5-NP,363,3,0,0,1331,1334,C
5-NP,364,1,0,0,1347,1348,C
5-NP,365,1355,0,1,0,1356,A
5-NP,366,1368,0,1,0,1369,A
5-NP,367,0,1,1430,0,1431,G
5-NP,368,2,0,0,1430,1432,C
5-NP,369,2,0,0,1474,1476,C
5-NP,370,1475,0,4,0,1479,A
5-NP,371,1513,1,1,0,1515,A
5-NP,372,0,0,0,1543,1543,C
5-NP,373,1547,0,0,0,1547,A
5-NP,374,1595,0,1,0,1596,A
5-NP,375,0,1594,0,0,1594,T
5-NP,376,0,1,1669,0,1670,G
5-NP,377,0,0,1669,0,1669,G
5-NP,378,0,1648,0,0,1648,T
5-NP,379,0,2,1663,0,1665,G
5-NP,380,1648,0,2,1,1651,A
5-NP,381,0,0,1712,0,1712,G
5-NP,382,0,1,1710,0,1711,G
5-NP,383,1750,0,6,0,1756,A
5-NP,384,0,1966,0,1,1967,T
5-NP,385,0,1,1996,0,1997,G
5-NP,386,1,2,0,2005,2008,C
5-NP,387,0,2029,0,3,2032,T
5-NP,388,2056,0,0,0,2056,A
5-NP,389,0,0,0,2104,2104,C
5-NP,390,2090,0,0,0,2090,A
5-NP,391,0,2084,0,3,2087,T
5-NP,392,0,0,0,2085,2085,C
5-NP,393,0,2008,0,1,2009,T
5-NP,394,0,0,2121,1,2122,G
5-NP,395,0,0,2168,0,2168,G
5-NP,396,0,2147,0,9,2156,T
5-NP,397,1,0,0,2173,2174,C
5-NP,398,0,2172,0,0,2172,T
5-NP,399,2208,0,1,0,2209,A
5-NP,400,2205,0,0,0,2205,A
5-NP,401,0,0,0,2236,2236,C
5-NP,402,0,2239,0,0,2239,T
5-NP,403,4,0,0,2257,2261,C
5-NP,404,2234,2,1,0,2237,A
5-NP,405,1,0,0,2340,2341,C
5-NP,406,2351,0,1,0,2352,A
5-NP,407,0,2355,0,0,2355,T
5-NP,408,2343,0,0,0,2343,A
5-NP,409,2356,0,0,0,2356,A
5-NP,410,0,2361,0,1,2362,T
5-NP,411,0,8,2389,0,2397,G
5-NP,412,2368,0,6,0,2374,A
5-NP,413,1,2376,0,0,2377,T
5-NP,414,0,2341,0,1,2342,T
5-NP,415,0,2356,0,2,2358,T
5-NP,416,0,3,2335,1,2339,G
5-NP,417,1,0,2332,0,2333,G
5-NP,418,1,0,0,2347,2348,C
5-NP,419,2338,0,0,0,2338,A
5-NP,420,0,2367,0,1,2368,T
5-NP,421,1,2356,0,3,2360,T
5-NP,422,3,0,0,2348,2351,C
5-NP,423,4,1,0,2372,2377,C
5-NP,424,2428,0,0,0,2428,A
5-NP,425,2418,0,1,0,2419,A
5-NP,426,0,2431,1,0,2432,T
5-NP,427,0,2433,0,1,2434,T
5-NP,428,0,2442,0,1,2443,T
5-NP,429,0,8,2453,0,2461,G
5-NP,430,2441,1,4,0,2446,A
5-NP,431,2458,0,2,0,2460,A
5-NP,432,0,2476,0,0,2476,T
5-NP,433,0,5,2455,0,2460,G
5-NP,434,2583,0,4,0,2587,A
5-NP,435,0,2604,0,1,2605,T
5-NP,436,0,0,2623,0,2623,G
5-NP,437,0,0,0,2707,2707,C
5-NP,438,2689,0,2,0,2691,A
5-NP,439,2837,0,2,0,2839,A
5-NP,440,0,1,0,2843,2844,C
5-NP,441,2884,0,0,0,2884,A
5-NP,442,0,2962,0,1,2963,T
5-NP,443,2904,0,6,0,2910,A
5-NP,444,1,0,0,2966,2967,C
5-NP,445,1,1,0,2954,2956,C
5-NP,446,2916,0,1,0,2917,A
5-NP,447,0,1,2969,0,2970,G
5-NP,448,2887,0,5,0,2892,A
5-NP,449,0,4,2969,0,2973,G
5-NP,450,0,5,2935,0,2940,G
5-NP,451,2934,0,0,2,2936,A
5-NP,452,1,0,0,2986,2987,C
5-NP,453,2960,1,1,0,2962,A
5-NP,454,2953,1,8,0,2962,A
5-NP,455,0,2,2964,0,2966,G
5-NP,456,2921,0,10,1,2932,A
5-NP,457,0,0,2950,0,2950,G
5-NP,458,0,1,0,2932,2933,C
5-NP,459,0,2935,0,6,2941,T
5-NP,460,3,0,0,2959,2962,C
5-NP,461,0,2942,0,3,2945,T
5-NP,462,0,2960,0,1,2961,T
5-NP,463,1,1,2970,0,2972,G
5-NP,464,1,2958,0,2,2961,T
5-NP,465,0,2961,0,1,2962,T
5-NP,466,3,0,0,2966,2969,C
5-NP,467,0,4,2958,0,2962,G
5-NP,468,3013,0,1,1,3015,A
5-NP,469,3011,1,4,0,3016,A
5-NP,470,1,0,0,3059,3060,C
5-NP,471,0,3046,0,3,3049,T
5-NP,472,0,0,3113,1,3114,G
5-NP,473,2,5,3100,0,3107,G
5-NP,474,3117,0,2,0,3119,A
5-NP,475,3121,0,4,0,3125,A
5-NP,476,0,3129,0,0,3129,T
5-NP,477,0,4,3102,1,3107,G
5-NP,478,0,8,3100,0,3108,G
5-NP,479,3143,1,3,0,3147,A
5-NP,480,0,3186,0,3,3189,T
5-NP,481,2,0,0,3197,3199,C
5-NP,482,0,0,0,3200,3200,C
5-NP,483,2,0,1,3233,3236,C
5-NP,484,3276,0,1,0,3277,A
5-NP,485,1,4,3332,0,3337,G
5-NP,486,3334,1,5,0,3340,A
5-NP,487,3351,0,0,1,3352,A
5-NP,488,0,3318,0,2,3320,T
5-NP,489,21,0,3349,0,3370,G
5-NP,490,0,3320,0,4,3324,T
5-NP,491,1,1,3351,0,3353,G
5-NP,492,0,0,0,3367,3367,C
5-NP,493,0,3354,0,6,3360,T
5-NP,494,6,1,0,3596,3603,C
5-NP,495,0,3577,0,2,3579,T
5-NP,496,5,1,0,3751,3757,C
5-NP,497,0,3768,0,3,3771,T
5-NP,498,0,5,3768,0,3773,G
5-NP,499,3780,0,7,0,3787,A
5-NP,500,0,3793,0,1,3794,T
5-NP,501,2,0,3788,0,3790,G
5-NP,502,0,0,0,3798,3798,C
5-NP,503,3672,1,5,0,3678,A
5-NP,504,2,1,3766,0,3769,G
5-NP,505,0,2,3650,1,3653,G
5-NP,506,2,0,3705,0,3707,G
5-NP,507,2,1,0,3693,3696,C
5-NP,508,0,3699,0,3,3702,T
5-NP,509,1,1,0,3733,3735,C
5-NP,510,0,4,3735,0,3739,G
5-NP,511,3787,0,1,2,3790,A
5-NP,512,0,1,1,3803,3805,C
5-NP,513,0,3735,0,4,3739,T
5-NP,514,4,0,0,3975,3979,C
5-NP,515,0,3953,0,3,3956,T
5-NP,516,1,1,0,4550,4552,C
5-NP,517,2,2,0,4549,4553,C
5-NP,518,2,0,0,4602,4604,C
5-NP,519,0,4632,0,3,4635,T
5-NP,520,4609,0,2,0,4611,A
5-NP,521,0,1,4587,0,4588,G
5-NP,522,4584,0,0,0,4584,A
5-NP,523,4449,0,1,0,4450,A
5-NP,524,0,2,4451,0,4453,G
5-NP,525,7,1,4353,0,4361,G
5-NP,526,1,4236,0,0,4237,T
5-NP,527,6,0,0,4283,4289,C
5-NP,528,4,1,0,4300,4305,C
5-NP,529,5,1,4299,0,4305,G
5-NP,530,0,1,4315,0,4316,G
5-NP,531,4302,0,2,0,4304,A
5-NP,532,0,1,4396,0,4397,G
5-NP,533,0,1,0,4417,4418,C
5-NP,534,0,4350,1,5,4356,T
5-NP,535,1,0,4384,1,4386,G
5-NP,536,0,2,0,4376,4378,C
5-NP,537,4380,0,4,1,4385,A
5-NP,538,0,5,4409,0,4414,G
5-NP,539,1,0,4396,0,4397,G
5-NP,540,0,4291,1,1,4293,T
5-NP,541,0,1,4363,0,4364,G
5-NP,542,0,1,0,4372,4373,C
5-NP,543,1,4373,0,8,4382,T
5-NP,544,2,1,4405,0,4408,G
5-NP,545,1,2,0,4412,4415,C
5-NP,546,4459,1,5,0,4465,A
5-NP,547,1,2,4553,0,4556,G
5-NP,548,0,4489,0,1,4490,T
5-NP,549,10,0,0,4509,4519,C
5-NP,550,4543,0,0,0,4543,A
5-NP,551,4526,0,2,0,4528,A
5-NP,552,4540,0,10,1,4551,A
5-NP,553,1,4,4559,0,4564,G
5-NP,554,0,9,4545,0,4554,G
5-NP,555,4553,0,1,0,4554,A
5-NP,556,4517,0,3,0,4520,A
5-NP,557,0,4510,0,14,4524,T
5-NP,558,8,2,0,4531,4541,C
5-NP,559,1,13,4512,0,4526,G
5-NP,560,0,4,4589,2,4595,G
5-NP,561,0,8,4622,0,4630,G
5-NP,562,4586,2,3,0,4591,A
5-NP,563,0,2,0,4659,4661,C
5-NP,564,4607,0,1,0,4608,A
5-NP,565,4678,0,7,0,4685,A
5-NP,566,0,4743,0,0,4743,T
5-NP,567,0,3,4802,0,4805,G
5-NP,568,2,0,4887,0,4889,G
5-NP,569,0,4783,0,4,4787,T
5-NP,570,0,6,4890,0,4896,G
5-NP,571,4830,2,9,0,4841,A
5-NP,572,1,4872,0,0,4873,T
5-NP,573,1,7,4880,0,4888,G
5-NP,574,0,10,4905,0,4915,G
5-NP,575,4808,0,5,0,4813,A
5-NP,576,4879,0,4,0,4883,A
5-NP,577,0,0,0,4897,4897,C
5-NP,578,0,4745,0,0,4745,T
5-NP,579,0,8,5011,0,5019,G
5-NP,580,4926,0,4,0,4930,A
5-NP,581,0,4985,0,3,4988,T
5-NP,582,4,0,0,5023,5027,C
5-NP,583,4975,0,1,0,4976,A
5-NP,584,0,5,5092,0,5097,G
5-NP,585,5025,0,0,0,5025,A
5-NP,586,5046,0,2,0,5048,A
5-NP,587,0,5086,0,1,5087,T
5-NP,588,0,7,4958,0,4965,G
5-NP,589,1,0,4982,0,4983,G
5-NP,590,1,4949,0,5,4955,T
5-NP,591,3,2,0,4995,5000,C
5-NP,592,5005,0,0,0,5005,A
5-NP,593,4938,0,0,0,4938,A
5-NP,594,4956,0,5,0,4961,A
5-NP,595,1,1,0,4980,4982,C
5-NP,596,0,4,4977,0,4981,G
5-NP,597,1,6,4962,0,4969,G
5-NP,598,0,2,4924,0,4926,G
5-NP,599,0,9,4946,0,4955,G
5-NP,600,4918,0,7,0,4925,A
5-NP,601,4932,1,17,0,4950,A
5-NP,602,0,4933,0,2,4935,T
5-NP,603,11,0,0,4976,4987,C
5-NP,604,4982,0,1,0,4983,A
5-NP,605,4974,0,3,0,4977,A
5-NP,606,0,1,0,4955,4956,C
5-NP,607,2,7,4926,0,4935,G
5-NP,608,4880,1,3,0,4884,A
5-NP,609,0,4859,0,0,4859,T
5-NP,610,9,4,0,4885,4898,C
5-NP,611,0,6,4918,0,4924,G
5-NP,612,4832,0,0,0,4832,A
5-NP,613,4881,0,1,0,4882,A
5-NP,614,4896,0,2,0,4898,A
5-NP,615,0,4970,0,1,4971,T
5-NP,616,1,4967,0,0,4968,T
5-NP,617,0,4975,0,1,4976,T
5-NP,618,0,4960,0,12,4972,T
5-NP,619,1,4999,0,0,5000,T
5-NP,620,2,3,5009,0,5014,G
5-NP,621,1,5,4980,0,4986,G
5-NP,622,4896,0,6,0,4902,A
5-NP,623,0,1,4996,0,4997,G
5-NP,624,4893,0,3,0,4896,A
5-NP,625,0,2,5204,0,5206,G
5-NP,626,2,2,5217,0,5221,G
5-NP,627,0,5095,0,5,5100,T
5-NP,628,1,10,5224,2,5237,G
5-NP,629,5219,0,6,0,5225,A
5-NP,630,1,9,5259,0,5269,G
5-NP,631,5235,0,2,0,5237,A
5-NP,632,5244,0,1,0,5245,A
5-NP,633,0,5210,0,1,5211,T
5-NP,634,0,4,5047,0,5051,G
5-NP,635,1,5,4970,1,4977,G
5-NP,636,4,2,4952,0,4958,G
5-NP,637,2,5,0,4933,4940,C
5-NP,638,3,6,4978,0,4987,G
5-NP,639,2,5,5017,0,5024,G
5-NP,640,4992,1,0,0,4993,A
5-NP,641,4995,0,1,0,4996,A
5-NP,642,5098,0,0,1,5099,A
5-NP,643,5114,0,6,2,5122,A
5-NP,644,1,1,1,5172,5175,C
5-NP,645,5151,0,1,0,5152,A
5-NP,646,5149,0,2,0,5151,A
5-NP,647,0,4,5138,0,5142,G
5-NP,648,5008,0,1,0,5009,A
5-NP,649,5041,0,0,0,5041,A
5-NP,650,0,1,5141,0,5142,G
5-NP,651,0,5095,0,0,5095,T
5-NP,652,2,1,5367,0,5370,G
5-NP,653,2,0,0,5334,5336,C
5-NP,654,0,5362,0,3,5365,T
5-NP,655,0,5425,0,3,5428,T
5-NP,656,5490,0,1,0,5491,A
5-NP,657,0,5484,0,0,5484,T
5-NP,658,0,4,5519,0,5523,G
5-NP,659,5376,0,4,1,5381,A
5-NP,660,0,9,5397,0,5406,G
5-NP,661,5126,0,10,1,5137,A
5-NP,662,0,9,5177,0,5186,G
5-NP,663,5164,1,2,0,5167,A
5-NP,664,5213,0,0,0,5213,A
5-NP,665,0,5169,0,0,5169,T
5-NP,666,0,0,5257,0,5257,G
5-NP,667,0,5186,1,3,5190,T
5-NP,668,3,3,5226,0,5232,G
5-NP,669,1,4,0,5222,5227,C
5-NP,670,5226,0,1,1,5228,A
5-NP,671,5200,0,8,0,5208,A
5-NP,672,0,1,0,5203,5204,C
5-NP,673,5161,0,0,0,5161,A
5-NP,674,0,5193,0,3,5196,T
5-NP,675,1,5110,0,2,5113,T
5-NP,676,6,2,0,5114,5122,C
5-NP,677,0,5117,0,0,5117,T
5-NP,678,0,5135,0,0,5135,T
5-NP,679,5118,1,0,0,5119,A
5-NP,680,5097,0,0,0,5097,A
5-NP,681,5099,1,2,0,5102,A
5-NP,682,0,2,5108,1,5111,G
5-NP,683,1,9,5070,1,5081,G
5-NP,684,5082,1,2,0,5085,A
5-NP,685,5075,0,0,0,5075,A
5-NP,686,5066,0,0,0,5066,A
5-NP,687,5155,0,0,0,5155,A
5-NP,688,1,5138,0,2,5141,T
5-NP,689,0,5118,0,1,5119,T
5-NP,690,1,5120,0,1,5122,T
5-NP,691,14,0,0,5137,5151,C
5-NP,692,5169,0,2,0,5171,A
5-NP,693,5152,0,3,1,5156,A
5-NP,694,5144,0,5,0,5149,A
5-NP,695,0,1,0,5235,5236,C
5-NP,696,5158,0,2,1,5161,A
5-NP,697,0,0,5247,0,5247,G
5-NP,698,0,2,0,5237,5239,C
5-NP,699,1,5192,0,4,5197,T
5-NP,700,3,2,5309,1,5315,G
5-NP,701,2,1,0,5301,5304,C
5-NP,702,5344,1,1,1,5347,A
5-NP,703,3,3,0,5346,5352,C
5-NP,704,5339,0,1,0,5340,A
5-NP,705,5348,2,0,0,5350,A
5-NP,706,5214,0,3,0,5217,A
5-NP,707,0,9,5395,0,5404,G
5-NP,708,5376,0,9,0,5385,A
5-NP,709,5,2,5375,0,5382,G
5-NP,710,1,2,0,5367,5370,C
5-NP,711,5373,0,4,0,5377,A
5-NP,712,5539,0,3,1,5543,A
5-NP,713,0,5527,1,3,5531,T
5-NP,714,1,5,5578,0,5584,G
5-NP,715,1,0,5590,0,5591,G
5-NP,716,0,5415,0,5,5420,T
5-NP,717,0,2,5470,0,5472,G
5-NP,718,0,9,5491,0,5500,G
5-NP,719,5451,1,16,1,5469,A
5-NP,720,0,5454,1,3,5458,T
5-NP,721,9,0,0,5350,5359,C
5-NP,722,5397,0,1,0,5398,A
5-NP,723,5433,1,2,2,5438,A
5-NP,724,0,0,5464,0,5464,G
5-NP,725,0,5382,0,0,5382,T
5-NP,726,1,7,5426,0,5434,G
5-NP,727,5358,1,12,0,5371,A
5-NP,728,0,5,5379,0,5384,G
5-NP,729,5391,0,3,0,5394,A
5-NP,730,0,3,5381,0,5384,G
5-NP,731,5357,0,4,0,5361,A
5-NP,732,5252,0,0,0,5252,A
5-NP,733,5272,2,11,0,5285,A
5-NP,734,0,1,5291,1,5293,G
5-NP,735,0,5206,0,1,5207,T
5-NP,736,10,4,0,5271,5285,C
5-NP,737,42,2,5212,0,5256,G
5-NP,738,2,7,5247,0,5256,G
5-NP,739,5272,0,3,0,5275,A
5-NP,740,5264,1,0,1,5266,A
5-NP,741,0,0,0,5316,5316,C
5-NP,742,2,0,0,5284,5286,C
5-NP,743,10,0,0,5267,5277,C
5-NP,744,5280,1,9,0,5290,A
5-NP,745,0,7,5314,0,5321,G
5-NP,746,0,8,5260,0,5268,G
5-NP,747,5280,0,3,2,5285,A
5-NP,748,5292,0,0,1,5293,A
5-NP,749,5240,1,5,2,5248,A
5-NP,750,1,11,0,5271,5283,C
5-NP,751,3,2,5229,0,5234,G
5-NP,752,1,4,0,5250,5255,C
5-NP,753,0,5208,0,8,5216,T
5-NP,754,2,11,5252,0,5265,G
5-NP,755,5217,0,5,0,5222,A
5-NP,756,0,10,5316,0,5326,G
5-NP,757,5326,0,3,1,5330,A
5-NP,758,0,5294,1,1,5296,T
5-NP,759,8,2,0,5255,5265,C
5-NP,760,2,2,5298,0,5302,G
5-NP,761,5268,2,0,1,5271,A
5-NP,762,5272,0,1,0,5273,A
5-NP,763,0,3,5262,0,5265,G
5-NP,764,5262,0,2,0,5264,A
5-NP,765,0,5256,0,2,5258,T
5-NP,766,14,0,0,5235,5249,C
5-NP,767,0,5276,0,2,5278,T
5-NP,768,10,0,1,5287,5298,C
5-NP,769,5314,0,0,5,5319,A
5-NP,770,1,5319,0,1,5321,T
5-NP,771,5344,0,0,0,5344,A
5-NP,772,1,5313,0,0,5314,T
5-NP,773,0,5289,0,0,5289,T
5-NP,774,1,5292,0,0,5293,T
5-NP,775,1,5231,0,0,5232,T
5-NP,776,0,5241,1,1,5243,T
5-NP,777,5293,1,1,1,5296,A
5-NP,778,0,2,5233,0,5235,G
5-NP,779,1,1,0,5237,5239,C
5-NP,780,5256,0,3,2,5261,A
5-NP,781,5213,0,1,0,5214,A
5-NP,782,0,4,5405,0,5409,G
5-NP,783,5361,0,3,0,5364,A
5-NP,784,0,5377,0,2,5379,T
5-NP,785,4,1,0,5444,5449,C
5-NP,786,1,5396,0,10,5407,T
5-NP,787,3,1,5580,0,5584,G
5-NP,788,1,1,1,5609,5612,C
5-NP,789,5619,1,6,0,5626,A
5-NP,790,0,5689,0,0,5689,T
5-NP,791,0,5494,0,2,5496,T
5-NP,792,17,4,5859,0,5880,G
5-NP,793,5988,0,0,0,5988,A
5-NP,794,0,5977,0,4,5981,T
5-NP,795,6019,0,0,0,6019,A
5-NP,796,0,5884,0,0,5884,T
5-NP,797,0,5832,1,1,5834,T
5-NP,798,0,13,5875,0,5888,G
5-NP,799,5781,0,4,2,5787,A
5-NP,800,1,2,5842,0,5845,G
5-NP,801,5525,0,3,0,5528,A
5-NP,802,0,4,5460,1,5465,G
5-NP,803,1,6,5500,0,5507,G
5-NP,804,5476,0,8,1,5485,A
5-NP,805,0,5434,0,2,5436,T
5-NP,806,5,1,0,5499,5505,C
5-NP,807,5480,0,2,0,5482,A
5-NP,808,1,1,5511,0,5513,G
5-NP,809,0,5493,1,3,5497,T
5-NP,810,1,5452,0,1,5454,T
5-NP,811,2,0,5443,0,5445,G
5-NP,812,2,0,0,5383,5385,C
5-NP,813,0,5371,0,3,5374,T
5-NP,814,12,2,0,5406,5420,C
5-NP,815,5415,3,3,1,5422,A
5-NP,816,2,1,0,5457,5460,C
5-NP,817,5477,0,0,0,5477,A
5-NP,818,5513,0,1,0,5514,A
5-NP,819,5459,0,0,0,5459,A
5-NP,820,0,5399,0,1,5400,T
5-NP,821,10,0,0,5463,5473,C
5-NP,822,0,5433,0,2,5435,T
5-NP,823,0,5412,0,2,5414,T
5-NP,824,0,0,5456,0,5456,G
5-NP,825,2,3,1,5406,5412,C
5-NP,826,7,0,0,5469,5476,C
5-NP,827,1,5496,0,2,5499,T
5-NP,828,5437,0,0,0,5437,A
5-NP,829,3,0,0,5528,5531,C
5-NP,830,4,0,0,5529,5533,C
5-NP,831,0,5506,0,1,5507,T
5-NP,832,0,1,5593,0,5594,G
5-NP,833,1,1,0,5500,5502,C
5-NP,834,2,2,1,5546,5551,C
5-NP,835,0,5454,0,4,5458,T
5-NP,836,1,1,5582,0,5584,G
5-NP,837,0,5448,0,3,5451,T
5-NP,838,3,1,5623,0,5627,G
5-NP,839,15,3,1,5597,5616,C
5-NP,840,0,1,5757,1,5759,G
5-NP,841,1,5656,0,0,5657,T
5-NP,842,5652,0,1,0,5653,A
5-NP,843,0,5660,0,2,5662,T
5-NP,844,1,7,5640,0,5648,G
5-NP,845,1,9,5839,0,5849,G
5-NP,846,5807,0,16,0,5823,A
5-NP,847,2,1,0,5698,5701,C
5-NP,848,3,8,0,5720,5731,C
5-NP,849,0,5606,0,27,5633,T
5-NP,850,0,2,5890,1,5893,G
5-NP,851,1,3,0,5896,5900,C
5-NP,852,5959,1,3,1,5964,A
5-NP,853,0,2,6032,0,6034,G
5-NP,854,0,5734,0,1,5735,T
5-NP,855,5966,0,1,0,5967,A
5-NP,856,0,5905,0,4,5909,T
5-NP,857,4,0,0,5867,5871,C
5-NP,858,3,2,0,5914,5919,C
5-NP,859,5677,0,0,0,5677,A
5-NP,860,1,1,5714,0,5716,G
5-NP,861,0,5648,0,0,5648,T
5-NP,862,0,6,5746,0,5752,G
5-NP,863,0,4,5711,0,5715,G
5-NP,864,0,0,5612,0,5612,G
5-NP,865,0,5581,0,3,5584,T
5-NP,866,5625,0,3,0,5628,A
5-NP,867,0,0,0,5606,5606,C
5-NP,868,0,10,5574,0,5584,G
5-NP,869,5522,1,6,0,5529,A
5-NP,870,0,0,0,5569,5569,C
5-NP,871,0,5390,1,0,5391,T
5-NP,872,1,5404,1,2,5408,T
5-NP,873,6,1,0,5431,5438,C
5-NP,874,9,8,5420,0,5437,G
5-NP,875,5415,1,2,0,5418,A
5-NP,876,5433,0,1,0,5434,A
5-NP,877,5461,0,0,0,5461,A
5-NP,878,5451,0,0,0,5451,A
5-NP,879,5412,0,2,0,5414,A
5-NP,880,0,2,5434,0,5436,G
5-NP,881,5396,0,10,0,5406,A
5-NP,882,33,6,5433,0,5472,G
5-NP,883,0,4,5502,0,5506,G
5-NP,884,0,8,5520,0,5528,G
5-NP,885,5511,0,6,1,5518,A
5-NP,886,0,5528,0,0,5528,T
5-NP,887,5584,0,0,0,5584,A
5-NP,888,0,5564,1,3,5568,T
5-NP,889,0,5555,0,1,5556,T
5-NP,890,8,1,0,5613,5622,C
5-NP,891,4,1,0,5602,5607,C
5-NP,892,0,5530,0,3,5533,T
5-NP,893,0,5551,0,0,5551,T
5-NP,894,0,2,5613,1,5616,G
5-NP,895,2,1,5656,0,5659,G
5-NP,896,0,5582,0,1,5583,T
5-NP,897,2,3,5610,0,5615,G
5-NP,898,3,6,5575,0,5584,G
5-NP,899,3,8,5896,0,5907,G
5-NP,900,5885,0,1,0,5886,A
5-NP,901,5860,0,1,34,5895,A
5-NP,902,0,5907,0,0,5907,T
5-NP,903,5827,0,0,0,5827,A
5-NP,904,1,6,5790,0,5797,G
5-NP,905,5692,0,9,0,5701,A
5-NP,906,0,0,0,5679,5679,C
5-NP,907,6,2,0,5613,5621,C
5-NP,908,5,2,0,5487,5494,C
5-NP,909,1,5547,0,6,5554,T
5-NP,910,2,5543,1,0,5546,T
5-NP,911,0,5552,0,2,5554,T
5-NP,912,5,1,0,5556,5562,C
5-NP,913,5564,0,0,0,5564,A
5-NP,914,5554,0,1,1,5556,A
5-NP,915,5539,1,0,0,5540,A
5-NP,916,0,1,0,5542,5543,C
5-NP,917,0,5384,0,0,5384,T
5-NP,918,5369,0,1,0,5370,A
5-NP,919,0,0,0,5429,5429,C
5-NP,920,0,5397,0,6,5403,T
5-NP,921,1,5362,0,2,5365,T
5-NP,922,3,0,0,5434,5437,C
5-NP,923,5428,0,0,1,5429,A
5-NP,924,5440,1,0,0,5441,A
5-NP,925,5414,0,1,1,5416,A
5-NP,926,5396,0,3,0,5399,A
5-NP,927,0,5357,0,1,5358,T
5-NP,928,5281,0,3,0,5284,A
5-NP,929,0,1,5331,0,5332,G
5-NP,930,1,1,0,5382,5384,C
5-NP,931,2,1,0,5438,5441,C
5-NP,932,5467,1,1,0,5469,A
5-NP,933,5470,1,1,0,5472,A
5-NP,934,5657,0,2,16,5675,A
5-NP,935,0,5688,0,0,5688,T
5-NP,936,5735,0,4,0,5739,A
5-NP,937,0,5718,0,2,5720,T
5-NP,938,5616,1,1,0,5618,A
5-NP,939,1,0,0,5632,5633,C
5-NP,940,5492,0,3,0,5495,A
5-NP,941,1,1,5632,0,5634,G
5-NP,942,1,1,0,5609,5611,C
5-NP,943,0,5449,0,9,5458,T
5-NP,944,1,5559,0,0,5560,T
5-NP,945,5594,2,0,0,5596,A
5-NP,946,5610,0,0,1,5611,A
5-NP,947,0,5568,1,1,5570,T
5-NP,948,12,48,1,5542,5603,C
5-NP,949,5413,0,7,0,5420,A
5-NP,950,0,10,5473,0,5483,G
5-NP,951,5466,0,3,0,5469,A
5-NP,952,1,0,0,5514,5515,C
5-NP,953,4,1,0,5462,5467,C
5-NP,954,0,5413,1,3,5417,T
5-NP,955,5484,0,2,0,5486,A
5-NP,956,5472,0,2,0,5474,A
5-NP,957,0,0,0,5504,5504,C
5-NP,958,1,8,5498,0,5507,G
5-NP,959,5387,0,4,0,5391,A
5-NP,960,0,8,5412,1,5421,G
5-NP,961,5362,0,7,0,5369,A
5-NP,962,5411,1,4,0,5416,A
5-NP,963,1,5393,0,1,5395,T
5-NP,964,8,0,3,5325,5336,C
5-NP,965,3,1,0,5384,5388,C
5-NP,966,5303,0,13,0,5316,A
5-NP,967,0,2,5322,0,5324,G
5-NP,968,1,0,0,5320,5321,C
5-NP,969,5393,0,1,0,5394,A
5-NP,970,1,1,0,5423,5425,C
5-NP,971,5361,0,3,0,5364,A
5-NP,972,0,1,0,5389,5390,C
5-NP,973,5391,0,3,0,5394,A
5-NP,974,5405,0,5,0,5410,A
5-NP,975,0,8,5405,0,5413,G
5-NP,976,5365,0,6,0,5371,A
5-NP,977,1,1,5375,1,5378,G
5-NP,978,0,5248,0,2,5250,T
5-NP,979,5,0,0,5252,5257,C
5-NP,980,5268,1,12,0,5281,A
5-NP,981,3,0,5262,0,5265,G
5-NP,982,2,1,0,5233,5236,C
5-NP,983,0,5244,1,2,5247,T
5-NP,984,2,3,5296,0,5301,G
5-NP,985,0,1,5364,0,5365,G
5-NP,986,1,5290,0,1,5292,T
5-NP,987,2,0,5363,0,5365,G
5-NP,988,0,5292,0,3,5295,T
5-NP,989,12,9,5304,0,5325,G
5-NP,990,1,4,5270,0,5275,G
5-NP,991,5262,0,7,0,5269,A
5-NP,992,1,5284,1,4,5290,T
5-NP,993,2,3,5103,0,5108,G
5-NP,994,1,0,5057,0,5058,G
5-NP,995,1,0,0,5069,5070,C
5-NP,996,5033,0,1,0,5034,A
5-NP,997,0,5029,0,2,5031,T
5-NP,998,2,0,5007,0,5009,G
5-NP,999,0,1,0,4981,4982,C
5-NP,1000,3,1,0,5047,5051,C
5-NP,1001,5084,0,1,0,5085,A
5-NP,1002,0,5050,0,5,5055,T
5-NP,1003,0,4982,1,1,4984,T
5-NP,1004,8,0,1,5012,5021,C
5-NP,1005,0,4995,0,0,4995,T
5-NP,1006,0,3,4964,0,4967,G
5-NP,1007,1,0,0,4959,4960,C
5-NP,1008,0,4855,0,7,4862,T
5-NP,1009,2,0,4895,0,4897,G
5-NP,1010,0,0,1,4849,4850,C
5-NP,1011,4873,0,1,0,4874,A
5-NP,1012,0,4861,1,0,4862,T
5-NP,1013,0,4825,0,0,4825,T
5-NP,1014,1,4835,1,1,4838,T
5-NP,1015,0,7,4829,1,4837,G
5-NP,1016,4807,0,2,0,4809,A
5-NP,1017,4818,0,7,0,4825,A
5-NP,1018,1,5,4822,0,4828,G
5-NP,1019,4848,0,0,0,4848,A
5-NP,1020,0,4821,2,1,4824,T
5-NP,1021,1,4836,0,0,4837,T
5-NP,1022,0,4835,0,0,4835,T
5-NP,1023,4837,0,0,0,4837,A
5-NP,1024,4851,0,2,0,4853,A
5-NP,1025,0,9,4832,0,4841,G
5-NP,1026,4843,0,1,0,4844,A
5-NP,1027,1,4850,0,0,4851,T
5-NP,1028,0,4818,1,1,4820,T
5-NP,1029,0,1,4851,0,4852,G
5-NP,1030,0,4845,2,3,4850,T
5-NP,1031,1,4851,1,1,4854,T
5-NP,1032,4577,0,291,0,4868,A
5-NP,1033,4859,0,0,0,4859,A
5-NP,1034,0,1,4841,0,4842,G
5-NP,1035,1,1,0,4864,4866,C
5-NP,1036,0,4716,0,14,4730,T
5-NP,1037,1,4693,2,3,4699,T
5-NP,1038,10,0,0,4715,4725,C
5-NP,1039,4709,0,2,0,4711,A
5-NP,1040,0,4654,1,4,4659,T
5-NP,1041,6,0,0,4690,4696,C
5-NP,1042,4645,0,1,9,4655,A
5-NP,1043,0,1,4649,0,4650,G
5-NP,1044,4574,0,5,0,4579,A
5-NP,1045,0,0,4568,0,4568,G
5-NP,1046,2,3,4553,0,4558,G
5-NP,1047,0,8,4526,0,4534,G
5-NP,1048,4523,0,9,0,4532,A
5-NP,1049,0,1,0,4541,4542,C
5-NP,1050,4577,0,2,0,4579,A
5-NP,1051,4584,0,2,1,4587,A
5-NP,1052,4578,1,2,0,4581,A
5-NP,1053,4599,1,5,0,4605,A
5-NP,1054,2,1,4629,0,4632,G
5-NP,1055,0,4482,0,2,4484,T
5-NP,1056,4471,0,1,0,4472,A
5-NP,1057,0,4396,1,10,4407,T
5-NP,1058,5,0,0,4412,4417,C
5-NP,1059,0,4342,0,4,4346,T
5-NP,1060,2,0,0,4408,4410,C
5-NP,1061,5,0,0,4381,4386,C
5-NP,1062,1,4333,0,0,4334,T
5-NP,1063,2,0,0,4382,4384,C
5-NP,1064,4,1,4373,0,4378,G
5-NP,1065,1,4,4400,0,4405,G
5-NP,1066,0,3,4381,0,4384,G
5-NP,1067,1,1,4361,0,4363,G
5-NP,1068,0,4,4370,0,4374,G
5-NP,1069,4306,1,2,0,4309,A
5-NP,1070,4300,0,0,1,4301,A
5-NP,1071,4271,0,9,1,4281,A
5-NP,1072,1,13,0,4315,4329,C
5-NP,1073,0,4268,0,2,4270,T
5-NP,1074,1,0,4318,0,4319,G
5-NP,1075,1,4255,1,5,4262,T
5-NP,1076,7,1,0,4284,4292,C
5-NP,1077,4371,0,1,0,4372,A
5-NP,1078,4376,0,2,0,4378,A
5-NP,1079,0,0,0,4393,4393,C
5-NP,1080,0,4395,0,1,4396,T
5-NP,1081,4306,0,0,0,4306,A
5-NP,1082,2,0,4319,1,4322,G
5-NP,1083,4241,0,1,1,4243,A
5-NP,1084,1,0,4266,0,4267,G
5-NP,1085,0,1,4256,0,4257,G
5-NP,1086,4070,0,4,0,4074,A
5-NP,1087,2,1,4151,0,4154,G
5-NP,1088,0,4090,0,4,4094,T
5-NP,1089,4081,0,2,0,4083,A
5-NP,1090,1,0,0,4088,4089,C
5-NP,1091,4047,1,1,0,4049,A
5-NP,1092,4026,1,2,0,4029,A
5-NP,1093,4014,1,3,0,4018,A
5-NP,1094,0,3965,0,0,3965,T
5-NP,1095,0,3940,0,0,3940,T
5-NP,1096,0,1,3823,0,3824,G
5-NP,1097,0,0,0,3754,3754,C
5-NP,1098,2,3739,2,3,3746,T
5-NP,1099,0,3743,0,1,3744,T
5-NP,1100,1,1,0,3758,3760,C
5-NP,1101,3774,0,1,0,3775,A
5-NP,1102,3781,0,0,0,3781,A
5-NP,1103,3782,0,0,0,3782,A
5-NP,1104,1,3778,1,1,3781,T
5-NP,1105,1,2,3791,0,3794,G
5-NP,1106,3713,0,5,0,3718,A
5-NP,1107,1,6,3724,0,3731,G
5-NP,1108,3725,0,8,0,3733,A
5-NP,1109,3733,0,2,0,3735,A
5-NP,1110,2,1,0,3728,3731,C
5-NP,1111,3691,0,3,0,3694,A
5-NP,1112,1,3691,0,3,3695,T
5-NP,1113,1,7,3754,0,3762,G
5-NP,1114,2,3,3773,0,3778,G
5-NP,1115,3755,1,1,0,3757,A
5-NP,1116,0,3694,0,1,3695,T
5-NP,1117,3656,0,1,0,3657,A
5-NP,1118,3875,0,1,0,3876,A
5-NP,1119,0,3789,1,0,3790,T
5-NP,1120,3791,0,1,0,3792,A
5-NP,1121,0,3751,0,0,3751,T
5-NP,1122,2,2,3502,0,3506,G
5-NP,1123,1,2,3420,1,3424,G
5-NP,1124,0,2,3417,0,3419,G
5-NP,1125,3393,0,2,0,3395,A
5-NP,1126,0,3363,0,1,3364,T
5-NP,1127,3,1,0,2701,2705,C
5-NP,1128,0,1,2721,0,2722,G
5-NP,1129,2708,0,1,0,2709,A
5-NP,1130,1,0,2706,0,2707,G
5-NP,1131,0,0,0,2688,2688,C
5-NP,1132,2661,0,1,0,2662,A
5-NP,1133,1,1,0,2784,2786,C
5-NP,1134,0,2741,1,2,2744,T
5-NP,1135,3,1,0,2781,2785,C
5-NP,1136,0,2783,0,2,2785,T
5-NP,1137,0,2742,1,0,2743,T
5-NP,1138,2,6,2741,0,2749,G
5-NP,1139,2746,0,0,0,2746,A
5-NP,1140,2743,2,0,0,2745,A
5-NP,1141,0,0,0,2747,2747,C
5-NP,1142,0,2169,0,0,2169,T
5-NP,1143,0,2,2183,0,2185,G
5-NP,1144,2108,0,4,0,2112,A
5-NP,1145,0,1,2126,0,2127,G
5-NP,1146,2127,0,1,0,2128,A
5-NP,1147,2123,0,0,0,2123,A
5-NP,1148,2,2,2128,0,2132,G
5-NP,1149,2,0,1,2069,2072,C
5-NP,1150,157,1,1922,0,2080,G
5-NP,1151,0,1,2090,0,2091,G
5-NP,1152,0,1,2094,0,2095,G
5-NP,1153,0,2068,0,1,2069,T
5-NP,1154,2029,0,0,0,2029,A
5-NP,1155,0,0,0,2024,2024,C
5-NP,1156,0,1703,0,0,1703,T
5-NP,1157,0,2,1721,0,1723,G
5-NP,1158,0,0,1676,0,1676,G
5-NP,1159,2,1,1682,0,1685,G
5-NP,1160,1,0,0,1658,1659,C
5-NP,1161,0,1,0,1585,1586,C
5-NP,1162,1606,1,0,0,1607,A
5-NP,1163,0,1615,0,1,1616,T
5-NP,1164,1608,0,9,0,1617,A
5-NP,1165,1617,1,0,0,1618,A
5-NP,1166,0,0,1604,0,1604,G
5-NP,1167,0,0,1636,0,1636,G
5-NP,1168,1572,0,13,0,1585,A
5-NP,1169,0,2,0,1588,1590,C
5-NP,1170,0,0,0,1607,1607,C
5-NP,1171,1595,0,1,0,1596,A
5-NP,1172,0,0,1617,0,1617,G
5-NP,1173,0,4,1622,0,1626,G
5-NP,1174,1609,0,0,0,1609,A
5-NP,1175,0,0,1638,0,1638,G
5-NP,1176,0,1550,0,1,1551,T
5-NP,1177,0,0,1559,0,1559,G
5-NP,1178,1,1,1574,0,1576,G
5-NP,1179,1562,1,1,0,1564,A
5-NP,1180,0,0,1589,0,1589,G
5-NP,1181,0,1,1557,0,1558,G
5-NP,1182,1551,0,0,0,1551,A
5-NP,1183,1556,0,0,0,1556,A
5-NP,1184,1558,0,1,0,1559,A
5-NP,1185,0,0,0,1561,1561,C
5-NP,1186,1561,0,0,0,1561,A
5-NP,1187,0,0,0,1600,1600,C
5-NP,1188,0,1582,0,0,1582,T
5-NP,1189,1625,0,0,0,1625,A
5-NP,1190,1627,0,0,1,1628,A
5-NP,1191,0,1611,0,0,1611,T
5-NP,1192,4,0,0,1637,1641,C
5-NP,1193,1622,0,2,0,1624,A
5-NP,1194,1648,0,0,1,1649,A
5-NP,1195,0,0,0,1654,1654,C
5-NP,1196,1612,0,0,0,1612,A
5-NP,1197,0,3,1608,0,1611,G
5-NP,1198,1557,0,2,0,1559,A
5-NP,1199,1,2,1558,0,1561,G
5-NP,1200,0,1,1563,0,1564,G
5-NP,1201,0,0,1548,0,1548,G
5-NP,1202,0,0,13,1514,1527,C
5-NP,1203,1,0,0,1534,1535,C
5-NP,1204,0,1511,0,2,1513,T
5-NP,1205,1,0,0,1533,1534,C
5-NP,1206,2,0,0,1538,1540,C
5-NP,1207,1,1,1540,1,1543,G
5-NP,1208,0,0,0,1526,1526,C
5-NP,1209,1523,0,0,0,1523,A
5-NP,1210,0,2,1580,0,1582,G
5-NP,1211,1,0,1552,0,1553,G
5-NP,1212,0,0,0,1567,1567,C
5-NP,1213,2,0,0,1568,1570,C
5-NP,1214,1567,0,0,0,1567,A
5-NP,1215,1569,0,0,0,1569,A
5-NP,1216,1572,0,0,0,1572,A
5-NP,1217,0,0,0,1578,1578,C
5-NP,1218,0,0,0,1602,1602,C
5-NP,1219,1491,0,0,0,1491,A
5-NP,1220,1,0,1516,0,1517,G
5-NP,1221,0,1485,0,0,1485,T
5-NP,1222,0,0,1517,0,1517,G
5-NP,1223,1,1493,0,2,1496,T
5-NP,1224,0,1,1507,0,1508,G
5-NP,1225,0,0,0,1499,1499,C
5-NP,1226,1497,0,0,0,1497,A
5-NP,1227,1510,0,3,0,1513,A
5-NP,1228,0,1,0,1519,1520,C
5-NP,1229,3,0,0,1500,1503,C
5-NP,1230,0,1485,1,1,1487,T
5-NP,1231,1482,0,0,0,1482,A
5-NP,1232,0,0,0,1489,1489,C
5-NP,1233,0,1,1484,0,1485,G
5-NP,1234,0,1477,0,0,1477,T
5-NP,1235,0,1473,0,2,1475,T
5-NP,1236,0,1449,0,0,1449,T
5-NP,1237,0,1447,0,0,1447,T
5-NP,1238,3,0,0,1440,1443,C
5-NP,1239,0,1412,0,0,1412,T
5-NP,1240,1,0,1457,0,1458,G
5-NP,1241,0,1449,0,1,1450,T
5-NP,1242,1446,0,0,0,1446,A
5-NP,1243,3,0,0,1461,1464,C
5-NP,1244,1452,0,0,0,1452,A
5-NP,1245,1456,0,0,0,1456,A
5-NP,1246,1460,0,1,0,1461,A
5-NP,1247,1,1,1454,0,1456,G
5-NP,1248,1452,0,0,0,1452,A
5-NP,1249,1405,0,0,0,1405,A
5-NP,1250,1397,0,3,0,1400,A
5-NP,1251,1,0,0,1399,1400,C
5-NP,1252,0,0,0,1369,1369,C
5-NP,1253,0,1337,0,5,1342,T
5-NP,1254,0,0,0,1360,1360,C
5-NP,1255,0,0,0,1357,1357,C
5-NP,1256,0,0,0,1367,1367,C
5-NP,1257,1367,0,0,0,1367,A
5-NP,1258,1,1357,0,0,1358,T
5-NP,1259,0,1372,0,0,1372,T
5-NP,1260,0,1373,0,2,1375,T
5-NP,1261,0,4,1363,0,1367,G
5-NP,1262,1366,0,0,0,1366,A
5-NP,1263,1365,0,1,0,1366,A
5-NP,1264,1373,0,0,0,1373,A
5-NP,1265,1367,0,0,0,1367,A
5-NP,1266,1,0,1383,0,1384,G
5-NP,1267,0,1358,0,0,1358,T
5-NP,1268,6,1,0,1366,1373,C
5-NP,1269,1385,0,1,0,1386,A
5-NP,1270,1376,0,0,0,1376,A
5-NP,1271,0,1,0,1388,1389,C
5-NP,1272,1,1,0,1402,1404,C
5-NP,1273,1403,0,0,0,1403,A
5-NP,1274,0,1383,0,0,1383,T
5-NP,1275,1,1,0,1392,1394,C
5-NP,1276,1386,0,2,0,1388,A
5-NP,1277,0,1390,0,1,1391,T
5-NP,1278,0,2,1390,1,1393,G
5-NP,1279,0,0,1380,0,1380,G
5-NP,1280,0,0,0,1393,1393,C
5-NP,1281,1365,0,3,0,1368,A
5-NP,1282,1,1,1359,0,1361,G
5-NP,1283,2,0,0,1355,1357,C
5-NP,1284,1366,0,0,0,1366,A
5-NP,1285,0,1364,0,1,1365,T
5-NP,1286,0,1356,0,0,1356,T
5-NP,1287,3,0,0,1364,1367,C
5-NP,1288,1353,0,1,0,1354,A
5-NP,1289,0,0,0,1366,1366,C
5-NP,1290,0,1349,0,0,1349,T
5-NP,1291,1,1,1346,0,1348,G
5-NP,1292,1,3,1336,0,1340,G
5-NP,1293,1333,0,0,0,1333,A
5-NP,1294,1344,0,0,0,1344,A
5-NP,1295,1339,0,0,0,1339,A
5-NP,1296,1,1328,0,0,1329,T
5-NP,1297,1330,0,0,0,1330,A
5-NP,1298,0,0,0,1327,1327,C
5-NP,1299,0,2,1302,0,1304,G
5-NP,1300,0,0,1304,0,1304,G
5-NP,1301,1263,0,1,0,1264,A
5-NP,1302,0,3,1275,0,1278,G
5-NP,1303,0,2,1269,0,1271,G
5-NP,1304,0,0,1279,0,1279,G
5-NP,1305,1280,0,1,0,1281,A
5-NP,1306,1285,0,0,0,1285,A
5-NP,1307,0,3,1282,0,1285,G
5-NP,1308,1287,0,0,0,1287,A
5-NP,1309,1275,0,0,0,1275,A
5-NP,1310,1,0,0,1294,1295,C
5-NP,1311,0,1276,0,2,1278,T
5-NP,1312,0,1281,0,1,1282,T
5-NP,1313,1,0,0,1282,1283,C
5-NP,1314,1285,0,1,0,1286,A
5-NP,1315,0,0,1286,0,1286,G
5-NP,1316,1282,0,0,0,1282,A
5-NP,1317,0,0,0,1296,1296,C
5-NP,1318,1277,0,1,0,1278,A
5-NP,1319,0,1243,0,1,1244,T
5-NP,1320,1,0,1248,0,1249,G
5-NP,1321,1225,0,0,0,1225,A
5-NP,1322,0,4,1228,0,1232,G
5-NP,1323,0,1,1227,0,1228,G
5-NP,1324,0,1,1223,0,1224,G
5-NP,1325,0,0,0,1229,1229,C
5-NP,1326,1217,1,2,0,1220,A
5-NP,1327,0,1,1219,0,1220,G
5-NP,1328,1219,0,0,0,1219,A
5-NP,1329,1226,0,0,0,1226,A
5-NP,1330,1225,0,0,0,1225,A
5-NP,1331,0,1209,0,1,1210,T
5-NP,1332,0,0,0,1219,1219,C
5-NP,1333,1189,0,1,0,1190,A
5-NP,1334,0,1205,0,0,1205,T
5-NP,1335,1211,0,0,0,1211,A
5-NP,1336,1195,0,0,0,1195,A
5-NP,1337,0,1,1217,0,1218,G
5-NP,1338,1196,0,1,0,1197,A
5-NP,1339,1231,0,0,0,1231,A
5-NP,1340,0,1189,0,0,1189,T
5-NP,1341,0,0,1208,0,1208,G
5-NP,1342,1193,0,2,0,1195,A
5-NP,1343,0,1195,0,0,1195,T
5-NP,1344,0,4,1193,0,1197,G
5-NP,1345,0,0,1201,0,1201,G
5-NP,1346,1160,0,0,0,1160,A
5-NP,1347,1155,0,1,0,1156,A
5-NP,1348,0,2,1125,0,1127,G
5-NP,1349,0,0,1132,0,1132,G
5-NP,1350,0,1116,0,2,1118,T
5-NP,1351,1,0,1118,0,1119,G
5-NP,1352,0,0,0,1113,1113,C
5-NP,1353,1118,0,0,0,1118,A
5-NP,1354,1117,0,0,0,1117,A
5-NP,1355,1113,0,0,0,1113,A
5-NP,1356,1118,0,1,0,1119,A
5-NP,1357,1,0,0,1130,1131,C
5-NP,1358,0,0,1,1112,1113,C
5-NP,1359,1091,0,0,0,1091,A
5-NP,1360,0,0,1106,0,1106,G
5-NP,1361,1100,0,1,0,1101,A
5-NP,1362,1095,1,0,0,1096,A
5-NP,1363,0,2,1095,0,1097,G
5-NP,1364,1090,0,0,0,1090,A
5-NP,1365,1058,0,1,0,1059,A
5-NP,1366,0,0,1071,0,1071,G
5-NP,1367,0,1033,0,0,1033,T
5-NP,1368,0,1,1055,0,1056,G
5-NP,1369,0,1029,0,3,1032,T
5-NP,1370,1,0,0,1040,1041,C
5-NP,1371,1050,0,0,0,1050,A
5-NP,1372,1,1045,0,0,1046,T
5-NP,1373,0,1041,0,0,1041,T
5-NP,1374,2,0,0,1065,1067,C
5-NP,1375,1,0,0,1041,1042,C
5-NP,1376,1,0,1040,0,1041,G
5-NP,1377,0,2,1044,0,1046,G
5-NP,1378,0,1,1038,0,1039,G
5-NP,1379,0,0,1035,0,1035,G
5-NP,1380,0,0,1048,0,1048,G
5-NP,1381,980,0,1,0,981,A
5-NP,1382,0,1,993,0,994,G
5-NP,1383,2,0,997,0,999,G
5-NP,1384,0,0,989,0,989,G
5-NP,1385,0,0,994,0,994,G
5-NP,1386,989,0,2,0,991,A
5-NP,1387,0,0,989,0,989,G
5-NP,1388,0,976,0,0,976,T
5-NP,1389,0,972,0,1,973,T
5-NP,1390,0,986,0,0,986,T
5-NP,1391,0,971,0,0,971,T
5-NP,1392,1,0,0,977,978,C
5-NP,1393,0,1,982,0,983,G
5-NP,1394,960,2,0,0,962,A
5-NP,1395,0,0,978,0,978,G
5-NP,1396,0,0,0,970,970,C
5-NP,1397,0,971,0,1,972,T
5-NP,1398,0,0,0,979,979,C
5-NP,1399,0,972,1,0,973,T
5-NP,1400,3,0,0,975,978,C
5-NP,1401,995,0,0,0,995,A
5-NP,1402,0,2,999,0,1001,G
5-NP,1403,995,0,1,0,996,A
5-NP,1404,0,0,0,974,974,C
5-NP,1405,0,0,989,1,990,G
5-NP,1406,963,0,1,0,964,A
5-NP,1407,0,0,970,0,970,G
5-NP,1408,959,0,1,0,960,A
5-NP,1409,961,0,0,0,961,A
5-NP,1410,0,1,964,0,965,G
5-NP,1411,1,0,935,0,936,G
5-NP,1412,1,0,0,935,936,C
5-NP,1413,944,0,0,0,944,A
5-NP,1414,945,0,1,0,946,A
5-NP,1415,0,1,0,941,942,C
5-NP,1416,7,0,928,0,935,G
5-NP,1417,935,0,0,0,935,A
5-NP,1418,927,0,1,0,928,A
5-NP,1419,0,0,0,931,931,C
5-NP,1420,0,0,0,905,905,C
5-NP,1421,1,0,0,919,920,C
5-NP,1422,0,0,931,0,931,G
5-NP,1423,918,0,1,0,919,A
5-NP,1424,0,908,0,0,908,T
5-NP,1425,1,0,0,898,899,C
5-NP,1426,0,0,904,0,904,G
5-NP,1427,0,894,0,0,894,T
5-NP,1428,0,0,886,0,886,G
5-NP,1429,1,0,0,868,869,C
5-NP,1430,0,7,0,861,868,C
5-NP,1431,0,0,0,884,884,C
5-NP,1432,0,863,0,1,864,T
5-NP,1433,2,0,0,913,915,C
5-NP,1434,0,910,0,0,910,T
5-NP,1435,0,911,0,0,911,T
5-NP,1436,0,910,0,0,910,T
5-NP,1437,0,911,0,0,911,T
5-NP,1438,16,0,900,0,916,G
5-NP,1439,922,0,1,0,923,A
5-NP,1440,0,903,0,0,903,T
5-NP,1441,901,0,0,0,901,A
5-NP,1442,1,756,0,0,757,T
5-NP,1443,7,0,773,0,780,G
5-NP,1444,772,0,0,0,772,A
5-NP,1445,0,0,783,0,783,G
5-NP,1446,0,781,0,0,781,T
5-NP,1447,757,0,0,0,757,A
5-NP,1448,753,0,0,0,753,A
5-NP,1449,0,750,0,1,751,T
5-NP,1450,0,1,745,0,746,G
5-NP,1451,757,0,0,0,757,A
5-NP,1452,679,0,0,0,679,A
5-NP,1453,5,0,663,0,668,G
5-NP,1454,0,0,634,0,634,G
5-NP,1455,629,0,1,0,630,A
5-NP,1456,1,620,0,1,622,T
5-NP,1457,0,0,0,618,618,C
5-NP,1458,0,618,0,0,618,T
5-NP,1459,0,618,0,0,618,T
5-NP,1460,625,0,0,0,625,A
5-NP,1461,0,620,0,0,620,T
5-NP,1462,0,614,0,0,614,T
5-NP,1463,0,597,0,0,597,T
5-NP,1464,1,1,0,593,595,C
5-NP,1465,0,570,0,0,570,T
5-NP,1466,0,563,0,0,563,T
5-NP,1467,0,0,0,574,574,C
5-NP,1468,0,0,560,0,560,G
5-NP,1469,0,0,568,0,568,G
5-NP,1470,564,0,1,0,565,A
5-NP,1471,0,0,567,0,567,G
5-NP,1472,563,0,0,0,563,A
5-NP,1473,1,1,0,546,548,C
5-NP,1474,530,0,0,0,530,A
5-NP,1475,530,0,1,0,531,A
5-NP,1476,0,527,0,0,527,T
5-NP,1477,0,0,533,0,533,G
5-NP,1478,0,1,0,521,522,C
5-NP,1479,515,0,1,0,516,A
5-NP,1480,0,0,512,0,512,G
5-NP,1481,517,0,0,0,517,A
5-NP,1482,484,0,1,0,485,A
5-NP,1483,0,0,486,0,486,G
5-NP,1484,309,0,0,0,309,A
5-NP,1485,0,0,305,0,305,G
5-NP,1486,0,272,0,0,272,T
5-NP,1487,273,0,0,0,273,A
5-NP,1488,1,0,0,272,273,C
5-NP,1489,0,0,247,0,247,G
5-NP,1490,248,0,0,0,248,A
5-NP,1491,0,0,0,237,237,C
5-NP,1492,169,0,0,0,169,A
5-NP,1493,168,0,0,0,168,A
5-NP,1494,0,135,0,0,135,T
5-NP,1495,0,136,0,0,136,T
5-NP,1496,133,0,0,0,133,A
5-NP,1497,128,0,0,0,128,A
6-NA,1,7,0,0,0,7,A
6-NA,2,0,6,0,0,6,T
6-NA,3,0,0,7,0,7,G
6-NA,4,6,0,0,0,6,A
6-NA,5,7,0,0,0,7,A
6-NA,6,0,6,0,0,6,T
6-NA,7,0,0,0,8,8,C
6-NA,8,0,0,0,8,8,C
6-NA,9,7,0,0,0,7,A
6-NA,10,8,0,0,0,8,A
6-NA,11,8,0,0,0,8,A
6-NA,12,0,8,0,0,8,T
6-NA,13,0,0,0,8,8,C
6-NA,14,8,0,0,0,8,A
6-NA,15,8,0,0,0,8,A
6-NA,16,8,0,0,0,8,A
6-NA,17,10,0,0,0,10,A
6-NA,18,0,0,10,0,10,G
6-NA,19,10,0,0,0,10,A
6-NA,20,0,10,0,0,10,T
6-NA,21,11,0,0,0,11,A
6-NA,22,11,0,0,0,11,A
6-NA,23,0,10,0,0,10,T
6-NA,24,10,0,0,0,10,A
6-NA,25,11,0,0,0,11,A
6-NA,26,0,0,0,11,11,C
6-NA,27,0,0,12,0,12,G
6-NA,28,12,0,0,0,12,A
6-NA,29,0,12,0,0,12,T
6-NA,30,0,12,0,0,12,T
6-NA,31,0,0,12,0,12,G
6-NA,32,0,0,13,0,13,G
6-NA,33,0,0,0,13,13,C
6-NA,34,0,13,0,0,13,T
6-NA,35,0,0,0,13,13,C
6-NA,36,0,13,0,0,13,T
6-NA,37,0,0,13,0,13,G
6-NA,38,0,12,0,0,12,T
6-NA,39,0,13,0,0,13,T
6-NA,40,0,13,0,0,13,T
6-NA,41,0,0,0,14,14,C
6-NA,42,0,14,0,0,14,T
6-NA,43,0,0,0,13,13,C
6-NA,44,0,14,0,0,14,T
6-NA,45,0,0,0,14,14,C
6-NA,46,13,0,0,0,13,A
6-NA,47,0,0,0,15,15,C
6-NA,48,0,0,0,14,14,C
6-NA,49,15,0,0,0,15,A
6-NA,50,0,16,0,0,16,T
6-NA,51,0,17,0,0,17,T
6-NA,52,0,17,0,0,17,T
6-NA,53,0,0,0,17,17,C
6-NA,54,0,0,0,18,18,C
6-NA,55,18,0,0,0,18,A
6-NA,56,0,0,0,18,18,C
6-NA,57,18,0,0,0,18,A
6-NA,58,19,0,0,0,19,A
6-NA,59,0,18,0,0,18,T
6-NA,60,20,0,0,0,20,A
6-NA,61,0,21,0,0,21,T
6-NA,62,0,0,21,0,21,G
6-NA,63,0,0,0,22,22,C
6-NA,64,0,22,0,0,22,T
6-NA,65,0,23,0,0,23,T
6-NA,66,0,0,0,23,23,C
6-NA,67,0,23,0,0,23,T
6-NA,68,0,22,0,0,22,T
6-NA,69,0,0,0,22,22,C
6-NA,70,21,0,1,0,22,A
6-NA,71,0,23,0,0,23,T
6-NA,72,0,0,21,0,21,G
6-NA,73,0,0,0,22,22,C
6-NA,74,23,0,0,0,23,A
6-NA,75,24,0,0,0,24,A
6-NA,76,24,0,0,0,24,A
6-NA,77,0,24,0,0,24,T
6-NA,78,0,24,0,0,24,T
6-NA,79,0,0,23,0,23,G
6-NA,80,0,0,0,23,23,C
6-NA,81,0,0,0,24,24,C
6-NA,82,24,0,0,0,24,A
6-NA,83,0,24,0,0,24,T
6-NA,84,0,0,0,26,26,C
6-NA,85,0,26,0,0,26,T
6-NA,86,0,26,0,0,26,T
6-NA,87,0,0,28,0,28,G
6-NA,88,27,0,0,0,27,A
6-NA,89,0,26,0,0,26,T
6-NA,90,28,0,0,0,28,A
6-NA,91,27,0,0,0,27,A
6-NA,92,0,0,0,32,32,C
6-NA,93,0,32,0,0,32,T
6-NA,94,33,0,0,0,33,A
6-NA,95,0,0,0,34,34,C
6-NA,96,0,32,0,0,32,T
6-NA,97,0,0,33,0,33,G
6-NA,98,0,31,0,0,31,T
6-NA,99,33,0,0,0,33,A
6-NA,100,33,0,0,0,33,A
6-NA,101,0,0,0,33,33,C
6-NA,102,31,0,1,0,32,A
6-NA,103,0,32,0,0,32,T
6-NA,104,0,30,0,0,30,T
6-NA,105,0,0,30,0,30,G
6-NA,106,0,0,0,29,29,C
6-NA,107,29,0,0,0,29,A
6-NA,108,0,31,0,0,31,T
6-NA,109,0,31,0,0,31,T
6-NA,110,0,31,0,0,31,T
6-NA,111,0,0,0,29,29,C
6-NA,112,31,0,0,0,31,A
6-NA,113,30,0,0,0,30,A
6-NA,114,0,0,31,0,31,G
6-NA,115,0,0,0,32,32,C
6-NA,116,32,0,0,0,32,A
6-NA,117,32,0,0,0,32,A
6-NA,118,0,32,0,0,32,T
6-NA,119,32,0,0,0,32,A
6-NA,120,0,32,0,0,32,T
6-NA,121,0,0,33,0,33,G
6-NA,122,33,0,0,0,33,A
6-NA,123,33,0,0,0,33,A
6-NA,124,0,33,0,0,33,T
6-NA,125,0,33,0,0,33,T
6-NA,126,0,0,0,33,33,C
6-NA,127,32,0,0,0,32,A
6-NA,128,31,0,0,0,31,A
6-NA,129,0,0,0,33,33,C
6-NA,130,0,30,0,0,30,T
6-NA,131,0,0,0,33,33,C
6-NA,132,0,0,0,32,32,C
6-NA,133,0,0,0,33,33,C
6-NA,134,0,0,0,32,32,C
6-NA,135,0,0,0,32,32,C
6-NA,136,0,0,0,32,32,C
6-NA,137,0,0,0,33,33,C
6-NA,138,33,0,0,0,33,A
6-NA,139,33,0,0,0,33,A
6-NA,140,32,0,0,0,32,A
6-NA,141,0,0,0,33,33,C
6-NA,142,32,0,0,0,32,A
6-NA,143,32,0,0,0,32,A
6-NA,144,0,0,0,32,32,C
6-NA,145,0,0,0,32,32,C
6-NA,146,34,0,0,0,34,A
6-NA,147,35,0,0,0,35,A
6-NA,148,0,0,35,0,35,G
6-NA,149,0,35,0,0,35,T
6-NA,150,0,0,36,0,36,G
6-NA,151,38,0,0,0,38,A
6-NA,152,0,38,0,0,38,T
6-NA,153,0,0,37,0,37,G
6-NA,154,0,0,0,38,38,C
6-NA,155,0,35,0,0,35,T
6-NA,156,0,0,41,0,41,G
6-NA,157,0,40,0,0,40,T
6-NA,158,0,0,41,0,41,G
6-NA,159,0,40,0,0,40,T
6-NA,160,0,0,39,0,39,G
6-NA,161,39,0,0,0,39,A
6-NA,162,39,0,0,0,39,A
6-NA,163,0,0,0,40,40,C
6-NA,164,0,0,0,41,41,C
6-NA,165,41,0,0,0,41,A
6-NA,166,42,0,0,0,42,A
6-NA,167,0,0,0,42,42,C
6-NA,168,44,0,0,0,44,A
6-NA,169,44,0,0,0,44,A
6-NA,170,0,45,0,0,45,T
6-NA,171,45,0,0,0,45,A
6-NA,172,45,0,0,0,45,A
6-NA,173,0,45,0,0,45,T
6-NA,174,45,0,0,0,45,A
6-NA,175,0,0,45,0,45,G
6-NA,176,44,0,0,0,44,A
6-NA,177,45,0,0,0,45,A
6-NA,178,43,0,0,0,43,A
6-NA,179,0,0,44,0,44,G
6-NA,180,43,0,0,0,43,A
6-NA,181,44,0,0,0,44,A
6-NA,182,44,0,0,0,44,A
6-NA,183,0,0,0,45,45,C
6-NA,184,46,0,0,0,46,A
6-NA,185,0,45,0,0,45,T
6-NA,186,46,0,0,0,46,A
6-NA,187,47,0,0,0,47,A
6-NA,188,0,0,0,46,46,C
6-NA,189,47,0,0,0,47,A
6-NA,190,0,0,49,0,49,G
6-NA,191,50,0,0,0,50,A
6-NA,192,0,0,49,0,49,G
6-NA,193,50,0,0,0,50,A
6-NA,194,0,51,0,0,51,T
6-NA,195,53,0,0,0,53,A
6-NA,196,0,0,53,0,53,G
6-NA,197,0,50,0,0,50,T
6-NA,198,0,0,54,0,54,G
6-NA,199,0,50,0,0,50,T
6-NA,200,52,0,0,0,52,A
6-NA,201,0,52,0,0,52,T
6-NA,202,0,0,0,52,52,C
6-NA,203,0,50,0,0,50,T
6-NA,204,0,0,53,0,53,G
6-NA,205,51,0,0,0,51,A
6-NA,206,0,0,0,54,54,C
6-NA,207,0,0,0,53,53,C
6-NA,208,55,0,0,0,55,A
6-NA,209,55,0,0,0,55,A
6-NA,210,0,0,0,55,55,C
6-NA,211,57,0,0,0,57,A
6-NA,212,0,0,0,56,56,C
6-NA,213,0,0,0,58,58,C
6-NA,214,59,0,1,0,60,A
6-NA,215,0,0,0,62,62,C
6-NA,216,0,0,0,63,63,C
6-NA,217,64,0,0,0,64,A
6-NA,218,0,62,0,0,62,T
6-NA,219,61,0,0,0,61,A
6-NA,220,0,0,62,0,62,G
6-NA,221,60,0,0,0,60,A
6-NA,222,0,0,61,0,61,G
6-NA,223,61,0,0,0,61,A
6-NA,224,60,0,0,0,60,A
6-NA,225,0,0,59,0,59,G
6-NA,226,0,1,58,0,59,G
6-NA,227,59,0,0,0,59,A
6-NA,228,58,0,0,0,58,A
6-NA,229,58,0,0,0,58,A
6-NA,230,0,61,0,0,61,T
6-NA,231,60,0,0,0,60,A
6-NA,232,0,60,0,0,60,T
6-NA,233,0,0,59,0,59,G
6-NA,234,0,0,0,59,59,C
6-NA,235,0,0,0,58,58,C
6-NA,236,1,0,0,57,58,C
6-NA,237,0,0,0,58,58,C
6-NA,238,59,0,0,0,59,A
6-NA,239,60,0,0,0,60,A
6-NA,240,58,0,0,0,58,A
6-NA,241,0,59,0,0,59,T
6-NA,242,0,59,0,0,59,T
6-NA,243,59,0,0,0,59,A
6-NA,244,0,0,59,0,59,G
6-NA,245,0,0,0,58,58,C
6-NA,246,59,0,0,0,59,A
6-NA,247,0,0,60,0,60,G
6-NA,248,57,0,0,0,57,A
6-NA,249,61,0,0,0,61,A
6-NA,250,0,61,0,0,61,T
6-NA,251,61,0,0,0,61,A
6-NA,252,0,0,0,62,62,C
6-NA,253,62,0,0,0,62,A
6-NA,254,0,0,62,0,62,G
6-NA,255,62,0,0,0,62,A
6-NA,256,62,0,0,0,62,A
6-NA,257,61,0,0,0,61,A
6-NA,258,0,61,0,0,61,T
6-NA,259,0,60,0,0,60,T
6-NA,260,0,0,61,0,61,G
6-NA,261,0,0,60,0,60,G
6-NA,262,0,60,0,0,60,T
6-NA,263,0,0,0,61,61,C
6-NA,264,62,0,0,0,62,A
6-NA,265,62,0,0,0,62,A
6-NA,266,62,0,0,0,62,A
6-NA,267,60,0,0,0,60,A
6-NA,268,0,0,0,62,62,C
6-NA,269,1,0,0,60,61,C
6-NA,270,0,0,62,0,62,G
6-NA,271,0,0,0,62,62,C
6-NA,272,62,0,0,0,62,A
6-NA,273,62,0,0,0,62,A
6-NA,274,0,63,0,0,63,T
6-NA,275,0,0,63,0,63,G
6-NA,276,0,0,0,62,62,C
6-NA,277,0,0,62,0,62,G
6-NA,278,64,0,0,0,64,A
6-NA,279,0,1,0,63,64,C
6-NA,280,64,0,0,0,64,A
6-NA,281,0,65,0,0,65,T
6-NA,282,0,65,0,0,65,T
6-NA,283,65,0,0,0,65,A
6-NA,284,0,1,0,64,65,C
6-NA,285,64,0,0,0,64,A
6-NA,286,1,0,63,0,64,G
6-NA,287,0,0,61,0,61,G
6-NA,288,62,0,0,0,62,A
6-NA,289,0,62,0,0,62,T
6-NA,290,0,61,0,0,61,T
6-NA,291,0,61,0,0,61,T
6-NA,292,0,0,60,0,60,G
6-NA,293,0,0,0,61,61,C
6-NA,294,60,0,0,0,60,A
6-NA,295,0,0,0,59,59,C
6-NA,296,0,0,0,57,57,C
6-NA,297,0,58,0,0,58,T
6-NA,298,0,59,0,0,59,T
6-NA,299,0,61,0,0,61,T
6-NA,300,0,60,0,0,60,T
6-NA,301,0,63,0,0,63,T
6-NA,302,0,0,0,63,63,C
6-NA,303,0,65,0,0,65,T
6-NA,304,65,0,0,0,65,A
6-NA,305,65,0,0,0,65,A
6-NA,306,0,0,65,0,65,G
6-NA,307,0,0,63,0,63,G
6-NA,308,63,0,0,0,63,A
6-NA,309,0,0,0,64,64,C
6-NA,310,65,0,0,0,65,A
6-NA,311,64,0,0,0,64,A
6-NA,312,0,63,0,0,63,T
6-NA,313,0,63,0,0,63,T
6-NA,314,0,0,0,66,66,C
6-NA,315,0,0,68,0,68,G
6-NA,316,66,0,0,0,66,A
6-NA,317,0,67,0,0,67,T
6-NA,318,0,68,0,0,68,T
6-NA,319,66,0,0,0,66,A
6-NA,320,0,0,67,0,67,G
6-NA,321,1,0,68,0,69,G
6-NA,322,0,0,0,68,68,C
6-NA,323,0,68,0,0,68,T
6-NA,324,0,69,0,0,69,T
6-NA,325,0,70,0,0,70,T
6-NA,326,0,0,0,69,69,C
6-NA,327,0,0,0,70,70,C
6-NA,328,0,0,69,0,69,G
6-NA,329,0,0,0,67,67,C
6-NA,330,0,66,0,0,66,T
6-NA,331,0,1,67,0,68,G
6-NA,332,0,0,68,0,68,G
6-NA,333,0,63,0,0,63,T
6-NA,334,0,0,69,0,69,G
6-NA,335,0,0,68,0,68,G
6-NA,336,1,0,65,0,66,G
6-NA,337,0,0,68,0,68,G
6-NA,338,67,0,2,0,69,A
6-NA,339,0,0,0,69,69,C
6-NA,340,67,0,0,0,67,A
6-NA,341,0,66,0,0,66,T
6-NA,342,0,0,0,67,67,C
6-NA,343,0,67,0,0,67,T
6-NA,344,0,0,66,0,66,G
6-NA,345,0,0,66,0,66,G
6-NA,346,0,0,66,0,66,G
6-NA,347,0,66,0,0,66,T
6-NA,348,0,0,66,0,66,G
6-NA,349,64,0,0,0,64,A
6-NA,350,0,0,0,89,89,C
6-NA,351,89,0,1,0,90,A
6-NA,352,189,0,0,0,189,A
6-NA,353,0,0,228,0,228,G
6-NA,354,229,0,0,0,229,A
6-NA,355,0,0,326,0,326,G
6-NA,356,406,0,0,0,406,A
6-NA,357,593,0,0,0,593,A
6-NA,358,0,0,0,1235,1235,C
6-NA,359,1,0,0,1518,1519,C
6-NA,360,0,1539,0,0,1539,T
6-NA,361,1,1583,0,0,1584,T
6-NA,362,1581,0,0,0,1581,A
6-NA,363,1,1600,0,0,1601,T
6-NA,364,0,1,1844,0,1845,G
6-NA,365,0,1877,0,1,1878,T
6-NA,366,0,1,2014,0,2015,G
6-NA,367,0,2033,0,1,2034,T
6-NA,368,2,0,0,2038,2040,C
6-NA,369,2052,0,0,52,2104,A
6-NA,370,0,2114,0,0,2114,T
6-NA,371,1,0,2106,0,2107,G
6-NA,372,0,0,0,2110,2110,C
6-NA,373,1,3,2107,0,2111,G
6-NA,374,2727,0,0,0,2727,A
6-NA,375,0,2749,0,0,2749,T
6-NA,376,0,0,0,2874,2874,C
6-NA,377,0,0,0,2883,2883,C
6-NA,378,0,2992,0,3,2995,T
6-NA,379,0,3,3022,2,3027,G
6-NA,380,3047,0,5,0,3052,A
6-NA,381,1,0,0,3077,3078,C
6-NA,382,3076,0,0,0,3076,A
6-NA,383,3095,0,0,0,3095,A
6-NA,384,2,2,3297,0,3301,G
6-NA,385,0,3288,0,1,3289,T
6-NA,386,0,0,3384,0,3384,G
6-NA,387,1,3396,0,4,3401,T
6-NA,388,0,3421,0,1,3422,T
6-NA,389,3412,0,2,1,3415,A
6-NA,390,0,3428,0,0,3428,T
6-NA,391,4,0,0,3511,3515,C
6-NA,392,3523,0,1,0,3524,A
6-NA,393,3512,1,0,0,3513,A
6-NA,394,0,3533,0,1,3534,T
6-NA,395,0,3530,0,2,3532,T
6-NA,396,0,3527,0,0,3527,T
6-NA,397,2,2,3535,0,3539,G
6-NA,398,3,5,0,3851,3859,C
6-NA,399,2,0,0,3856,3858,C
6-NA,400,3,0,0,3881,3884,C
6-NA,401,0,3893,0,4,3897,T
6-NA,402,0,3910,0,0,3910,T
6-NA,403,1,2,3981,0,3984,G
6-NA,404,0,4,3992,0,3996,G
6-NA,405,4028,0,9,0,4037,A
6-NA,406,2,0,0,4044,4046,C
6-NA,407,4001,2,2,0,4005,A
6-NA,408,2,4,4155,0,4161,G
6-NA,409,2,5,4126,0,4133,G
6-NA,410,0,7,4359,1,4367,G
6-NA,411,4341,0,5,0,4346,A
6-NA,412,4386,1,6,0,4393,A
6-NA,413,0,0,0,4433,4433,C
6-NA,414,4403,0,0,0,4403,A
6-NA,415,4954,0,6,0,4960,A
6-NA,416,3,0,0,5030,5033,C
6-NA,417,5030,1,1,0,5032,A
6-NA,418,0,0,0,5133,5133,C
6-NA,419,0,5087,0,1,5088,T
6-NA,420,5151,0,1,0,5152,A
6-NA,421,5146,0,3,0,5149,A
6-NA,422,5141,0,3,0,5144,A
6-NA,423,1,2,0,5180,5183,C
6-NA,424,5051,0,0,0,5051,A
6-NA,425,5045,0,2,0,5047,A
6-NA,426,1,0,0,5049,5050,C
6-NA,427,4,1,5042,0,5047,G
6-NA,428,0,4970,1,3,4974,T
6-NA,429,1,0,5030,0,5031,G
6-NA,430,1,0,0,5056,5057,C
6-NA,431,5092,0,1,1,5094,A
6-NA,432,0,5137,0,2,5139,T
6-NA,433,0,5138,0,13,5151,T
6-NA,434,3,0,1,5228,5232,C
6-NA,435,5336,0,1,0,5337,A
6-NA,436,5335,1,5,0,5341,A
6-NA,437,5356,0,1,0,5357,A
6-NA,438,0,5387,1,2,5390,T
6-NA,439,0,15,5357,1,5373,G
6-NA,440,5453,0,10,1,5464,A
6-NA,441,1,1,0,5514,5516,C
6-NA,442,5466,0,7,1,5474,A
6-NA,443,2,2,0,5611,5615,C
6-NA,444,5532,0,5,1,5538,A
6-NA,445,0,1,7043,1,7045,G
6-NA,446,0,7068,0,0,7068,T
6-NA,447,7202,1,2,1,7206,A
6-NA,448,1,2,2,7217,7222,C
6-NA,449,3,3,7247,0,7253,G
6-NA,450,1,7464,0,8,7473,T
6-NA,451,0,10,7532,0,7542,G
6-NA,452,7522,0,5,1,7528,A
6-NA,453,0,7637,0,0,7637,T
6-NA,454,6976,0,6,2,6984,A
6-NA,455,1,7,6918,0,6926,G
6-NA,456,1,5,6811,2,6819,G
6-NA,457,6923,0,11,1,6935,A
6-NA,458,2,1,0,7036,7039,C
6-NA,459,4,1,0,6958,6963,C
6-NA,460,1,0,0,7063,7064,C
6-NA,461,1,1,0,7105,7107,C
6-NA,462,1,7182,1,2,7186,T
6-NA,463,0,7348,1,1,7350,T
6-NA,464,7395,0,0,2,7397,A
6-NA,465,0,7392,0,1,7393,T
6-NA,466,5,2,0,7387,7394,C
6-NA,467,3,4,7261,0,7268,G
6-NA,468,58,10,7119,0,7187,G
6-NA,469,7245,0,5,1,7251,A
6-NA,470,3,1,0,7371,7375,C
6-NA,471,12,2,0,7307,7321,C
6-NA,472,3,2,0,7747,7752,C
6-NA,473,0,7713,0,3,7716,T
6-NA,474,7861,0,2,1,7864,A
6-NA,475,1,7884,0,2,7887,T
6-NA,476,0,7921,0,1,7922,T
6-NA,477,1,12,7941,0,7954,G
6-NA,478,7890,1,2,5,7898,A
6-NA,479,0,7908,0,3,7911,T
6-NA,480,2,10,7940,0,7952,G
6-NA,481,7686,1,6,1,7694,A
6-NA,482,7719,1,4,1,7725,A
6-NA,483,54,7713,0,1,7768,T
6-NA,484,3,13,7865,0,7881,G
6-NA,485,7867,1,3,2,7873,A
6-NA,486,2,0,8094,0,8096,G
6-NA,487,2,8026,1,1,8030,T
6-NA,488,0,8133,0,0,8133,T
6-NA,489,8107,0,1,0,8108,A
6-NA,490,0,5,8119,0,8124,G
6-NA,491,0,1,8121,0,8122,G
6-NA,492,2,8030,0,3,8035,T
6-NA,493,2,5,8073,0,8080,G
6-NA,494,1,7994,1,8,8004,T
6-NA,495,1,7941,0,9,7951,T
6-NA,496,15,3,0,8090,8108,C
6-NA,497,0,0,0,8141,8141,C
6-NA,498,0,8165,0,15,8180,T
6-NA,499,0,8193,1,4,8198,T
6-NA,500,0,8198,0,3,8201,T
6-NA,501,1,8166,0,1,8168,T
6-NA,502,10,1,1,8202,8214,C
6-NA,503,8130,2,42,0,8174,A
6-NA,504,1,8458,0,1,8460,T
6-NA,505,3,1,0,8471,8475,C
6-NA,506,1,8401,0,3,8405,T
6-NA,507,2,96,8212,1,8311,G
6-NA,508,2,5,8234,0,8241,G
6-NA,509,4,11,8143,0,8158,G
6-NA,510,2,3,8336,0,8341,G
6-NA,511,8364,0,11,0,8375,A
6-NA,512,0,2,0,8461,8463,C
6-NA,513,7,2,0,8360,8369,C
6-NA,514,8466,2,9,0,8477,A
6-NA,515,8488,0,8,0,8496,A
6-NA,516,0,6,8471,1,8478,G
6-NA,517,0,4,0,8516,8520,C
6-NA,518,8538,0,3,0,8541,A
6-NA,519,8614,0,8,0,8622,A
6-NA,520,8,1,8684,0,8693,G
6-NA,521,1,8589,0,1,8591,T
6-NA,522,1,6,8888,0,8895,G
6-NA,523,0,8804,0,3,8807,T
6-NA,524,4,8,9087,0,9099,G
6-NA,525,4,2,0,9069,9075,C
6-NA,526,9080,1,4,0,9085,A
6-NA,527,1,9243,0,0,9244,T
6-NA,528,9064,0,3,0,9067,A
6-NA,529,3,0,9308,0,9311,G
6-NA,530,6,2,0,9273,9281,C
6-NA,531,9114,0,4,0,9118,A
6-NA,532,0,9098,0,5,9103,T
6-NA,533,1,12,8872,2,8887,G
6-NA,534,1,1,9299,1,9302,G
6-NA,535,0,9316,0,22,9338,T
6-NA,536,13,5,0,9237,9255,C
6-NA,537,3,2,0,9255,9260,C
6-NA,538,9186,0,5,1,9192,A
6-NA,539,3,2,9301,0,9306,G
6-NA,540,0,2,0,9289,9291,C
6-NA,541,0,9340,0,9,9349,T
6-NA,542,11,1,0,9349,9361,C
6-NA,543,9142,0,1,1,9144,A
6-NA,544,9136,1,5,0,9142,A
6-NA,545,1,2,9171,0,9174,G
6-NA,546,1,9180,0,1,9182,T
6-NA,547,1,9190,0,10,9201,T
6-NA,548,4,1,9145,0,9150,G
6-NA,549,0,9143,0,6,9149,T
6-NA,550,22,0,0,9112,9134,C
6-NA,551,9142,0,8,1,9151,A
6-NA,552,2,4,1,9203,9210,C
6-NA,553,2,9,9194,0,9205,G
6-NA,554,9203,0,1,0,9204,A
6-NA,555,0,9291,0,3,9294,T
6-NA,556,2,12,9401,1,9416,G
6-NA,557,0,8,9380,0,9388,G
6-NA,558,9374,2,13,0,9389,A
6-NA,559,9433,0,7,0,9440,A
6-NA,560,9483,1,3,0,9487,A
6-NA,561,9486,0,12,0,9498,A
6-NA,562,0,4,9537,1,9542,G
6-NA,563,3,4,0,9527,9534,C
6-NA,564,9437,0,89,0,9526,A
6-NA,565,1,9489,0,1,9491,T
6-NA,566,3,4,9502,1,9510,G
6-NA,567,1,2,9439,0,9442,G
6-NA,568,1,2,1,9595,9599,C
6-NA,569,1,9516,0,13,9530,T
6-NA,570,4,2,9567,0,9573,G
6-NA,571,4,3,0,9511,9518,C
6-NA,572,9527,0,3,0,9530,A
6-NA,573,0,9828,0,5,9833,T
6-NA,574,0,4,9861,0,9865,G
6-NA,575,1,9867,0,4,9872,T
6-NA,576,1,10080,1,3,10085,T
6-NA,577,0,10076,0,4,10080,T
6-NA,578,5,1,10434,0,10440,G
6-NA,579,0,10282,0,30,10312,T
6-NA,580,10406,0,5,0,10411,A
6-NA,581,1,10421,1,2,10425,T
6-NA,582,10252,0,6,0,10258,A
6-NA,583,10266,0,3,0,10269,A
6-NA,584,5,2,0,10152,10159,C
6-NA,585,2,7,10054,0,10063,G
6-NA,586,3,5,10058,0,10066,G
6-NA,587,2,9,9851,0,9862,G
6-NA,588,4,6,9853,0,9863,G
6-NA,589,0,6,9889,1,9896,G
6-NA,590,9780,2,11,0,9793,A
6-NA,591,0,9871,1,2,9874,T
6-NA,592,1,22,9888,0,9911,G
6-NA,593,9926,2,8,3,9939,A
6-NA,594,0,9976,0,2,9978,T
6-NA,595,9985,0,3,0,9988,A
6-NA,596,10100,1,2,0,10103,A
6-NA,597,10095,0,1,0,10096,A
6-NA,598,10073,0,3,2,10078,A
6-NA,599,10058,2,4,0,10064,A
6-NA,600,0,10062,0,1,10063,T
6-NA,601,0,2,10038,1,10041,G
6-NA,602,4,3,0,10031,10038,C
6-NA,603,10038,1,6,0,10045,A
6-NA,604,10075,2,8,1,10086,A
6-NA,605,1,0,1,10144,10146,C
6-NA,606,2,10098,0,3,10103,T
6-NA,607,1,3,10105,0,10109,G
6-NA,608,2,5,0,10095,10102,C
6-NA,609,0,10156,0,6,10162,T
6-NA,610,10129,0,12,0,10141,A
6-NA,611,0,0,10139,0,10139,G
6-NA,612,1,0,0,10194,10195,C
6-NA,613,1,10212,0,22,10235,T
6-NA,614,0,10167,2,8,10177,T
6-NA,615,22,0,0,10253,10275,C
6-NA,616,10282,0,2,0,10284,A
6-NA,617,0,10297,0,0,10297,T
6-NA,618,0,10329,1,2,10332,T
6-NA,619,0,10390,0,4,10394,T
6-NA,620,10407,4,0,1,10412,A
6-NA,621,3,3,0,10467,10473,C
6-NA,622,10368,0,1,0,10369,A
6-NA,623,10408,0,8,0,10416,A
6-NA,624,0,10347,0,1,10348,T
6-NA,625,4,10,10295,1,10310,G
6-NA,626,3,6,10208,0,10217,G
6-NA,627,1,13,10230,0,10244,G
6-NA,628,10141,0,18,0,10159,A
6-NA,629,3,3,10397,0,10403,G
6-NA,630,1,0,10432,0,10433,G
6-NA,631,3,3,1,10842,10849,C
6-NA,632,0,10982,0,40,11022,T
6-NA,633,1,11132,0,4,11137,T
6-NA,634,3,1,11204,0,11208,G
6-NA,635,2,11158,0,0,11160,T
6-NA,636,11265,0,4,61,11330,A
6-NA,637,3,6,11389,0,11398,G
6-NA,638,11090,0,8,0,11098,A
6-NA,639,2,11120,0,0,11122,T
6-NA,640,10136,0,0,1,10137,A
6-NA,641,0,1,10171,0,10172,G
6-NA,642,0,9952,0,6,9958,T
6-NA,643,1,0,9864,0,9865,G
6-NA,644,0,10178,1,6,10185,T
6-NA,645,1,10247,0,2,10250,T
6-NA,646,1,1,10430,0,10432,G
6-NA,647,0,10372,0,12,10384,T
6-NA,648,0,10389,0,3,10392,T
6-NA,649,1,10396,1,14,10412,T
6-NA,650,24,89,1,10156,10270,C
6-NA,651,10230,0,12,0,10242,A
6-NA,652,1,10178,0,2,10181,T
6-NA,653,1,11,10128,0,10140,G
6-NA,654,3,0,10664,0,10667,G
6-NA,655,1,10571,0,11,10583,T
6-NA,656,16,3,0,10552,10571,C
6-NA,657,12,1,2,10601,10616,C
6-NA,658,10682,2,2,0,10686,A
6-NA,659,10714,1,1,0,10716,A
6-NA,660,10763,0,5,0,10768,A
6-NA,661,3,11,10758,0,10772,G
6-NA,662,10744,0,10,1,10755,A
6-NA,663,10346,0,5,0,10351,A
6-NA,664,10324,0,6,0,10330,A
6-NA,665,4,10256,1,2,10263,T
6-NA,666,11,3,0,10567,10581,C
6-NA,667,14,2,0,10565,10581,C
6-NA,668,0,10533,1,8,10542,T
6-NA,669,6,2,0,10596,10604,C
6-NA,670,10589,0,15,1,10605,A
6-NA,671,1,6,10618,0,10625,G
6-NA,672,0,5,10563,1,10569,G
6-NA,673,10810,1,10,0,10821,A
6-NA,674,1,5,0,10799,10805,C
6-NA,675,7,3,1,10514,10525,C
6-NA,676,9,2,1,10585,10597,C
6-NA,677,10599,1,11,0,10611,A
6-NA,678,1,1,10696,0,10698,G
6-NA,679,0,7,10706,1,10714,G
6-NA,680,10624,0,7,0,10631,A
6-NA,681,0,3,10809,0,10812,G
6-NA,682,1,10536,1,9,10547,T
6-NA,683,15,0,2,10571,10588,C
6-NA,684,10616,1,10,1,10628,A
6-NA,685,3,13,10694,0,10710,G
6-NA,686,10634,0,7,0,10641,A
6-NA,687,10605,0,2,1,10608,A
6-NA,688,0,10567,0,4,10571,T
6-NA,689,2,1,10651,1,10655,G
6-NA,690,2,6,0,10569,10577,C
6-NA,691,4,3,10686,0,10693,G
6-NA,692,0,10590,0,7,10597,T
6-NA,693,0,10653,0,5,10658,T
6-NA,694,1,10610,0,2,10613,T
6-NA,695,3,3,10679,0,10685,G
6-NA,696,0,10690,0,7,10697,T
6-NA,697,10709,1,2,1,10713,A
6-NA,698,3,10583,0,5,10591,T
6-NA,699,17,3,0,10615,10635,C
6-NA,700,10623,2,3,1,10629,A
6-NA,701,10591,2,2,0,10595,A
6-NA,702,0,10583,1,2,10586,T
6-NA,703,0,11,10581,0,10592,G
6-NA,704,3,16,10581,0,10600,G
6-NA,705,10765,0,3,0,10768,A
6-NA,706,10731,0,10,0,10741,A
6-NA,707,3,6,0,10840,10849,C
6-NA,708,1,10932,0,5,10938,T
6-NA,709,1,10923,0,7,10931,T
6-NA,710,1,1,11188,1,11191,G
6-NA,711,2,11187,0,9,11198,T
6-NA,712,11169,1,13,0,11183,A
6-NA,713,2,3,0,11307,11312,C
6-NA,714,11048,0,7,1,11056,A
6-NA,715,1,1,11710,0,11712,G
6-NA,716,0,11592,0,2,11594,T
6-NA,717,11998,0,5,0,12003,A
6-NA,718,1,2,12073,1,12077,G
6-NA,719,1,11784,0,1,11786,T
6-NA,720,11781,1,1,0,11783,A
6-NA,721,11741,0,0,0,11741,A
6-NA,722,0,11609,1,0,11610,T
6-NA,723,0,15,11664,0,11679,G
6-NA,724,11261,3,6,0,11270,A
6-NA,725,1,1,0,11389,11391,C
6-NA,726,0,11032,0,4,11036,T
6-NA,727,1,3,11098,0,11102,G
6-NA,728,10914,0,43,0,10957,A
6-NA,729,0,11080,0,7,11087,T
6-NA,730,2,10,11065,1,11078,G
6-NA,731,57,6,10877,0,10940,G
6-NA,732,1,20,10931,0,10952,G
6-NA,733,10689,1,12,0,10702,A
6-NA,734,3,3,10772,0,10778,G
6-NA,735,0,10666,1,6,10673,T
6-NA,736,1,2,10687,0,10690,G
6-NA,737,4,1,0,10621,10626,C
6-NA,738,0,10627,0,1,10628,T
6-NA,739,2,10567,0,5,10574,T
6-NA,740,12,2,0,10620,10634,C
6-NA,741,10,9,10564,1,10584,G
6-NA,742,2,4,10641,1,10648,G
6-NA,743,3,16,10659,1,10679,G
6-NA,744,10611,1,5,0,10617,A
6-NA,745,10590,0,0,1,10591,A
6-NA,746,10529,0,3,0,10532,A
6-NA,747,10624,0,7,0,10631,A
6-NA,748,1,3,10634,0,10638,G
6-NA,749,1,0,0,10604,10605,C
6-NA,750,1,10616,0,3,10620,T
6-NA,751,116,6,10493,0,10615,G
6-NA,752,10555,1,7,0,10563,A
6-NA,753,0,10702,0,1,10703,T
6-NA,754,10709,0,37,0,10746,A
6-NA,755,0,1,0,11265,11266,C
6-NA,756,0,11211,0,2,11213,T
6-NA,757,11198,1,8,0,11207,A
6-NA,758,11193,0,1,0,11194,A
6-NA,759,11175,1,1,0,11177,A
6-NA,760,11302,0,56,0,11358,A
6-NA,761,1,11381,0,0,11382,T
6-NA,762,11186,0,4,0,11190,A
6-NA,763,4,0,0,11324,11328,C
6-NA,764,1,10853,1,6,10861,T
6-NA,765,11013,0,3,0,11016,A
6-NA,766,1,10854,2,11,10868,T
6-NA,767,1,11724,0,8,11733,T
6-NA,768,16,0,1,11895,11912,C
6-NA,769,11765,0,0,0,11765,A
6-NA,770,1,11721,1,2,11725,T
6-NA,771,1,11757,0,0,11758,T
6-NA,772,11519,0,3,1,11523,A
6-NA,773,11543,0,5,1,11549,A
6-NA,774,3,4,11610,0,11617,G
6-NA,775,1,3,11580,0,11584,G
6-NA,776,10733,1,8,0,10742,A
6-NA,777,3,10,10934,0,10947,G
6-NA,778,1,6,10883,1,10891,G
6-NA,779,1,5,10863,0,10869,G
6-NA,780,8,15,10898,0,10921,G
6-NA,781,10870,2,10,0,10882,A
6-NA,782,10971,1,5,0,10977,A
6-NA,783,10881,0,0,0,10881,A
6-NA,784,10846,0,4,1,10851,A
6-NA,785,0,10766,0,1,10767,T
6-NA,786,23,3,0,10800,10826,C
6-NA,787,2,0,10959,0,10961,G
6-NA,788,0,10883,0,2,10885,T
6-NA,789,1,10844,0,19,10864,T
6-NA,790,38,9,1,10871,10919,C
6-NA,791,10936,0,3,0,10939,A
6-NA,792,0,11733,1,2,11736,T
6-NA,793,11649,0,7,0,11656,A
6-NA,794,0,1,0,11800,11801,C
6-NA,795,0,11760,1,7,11768,T
6-NA,796,11763,0,4,0,11767,A
6-NA,797,2,6,11633,2,11643,G
6-NA,798,3,0,0,11687,11690,C
6-NA,799,11652,2,7,0,11661,A
6-NA,800,3,3,0,11734,11740,C
6-NA,801,11181,0,1,0,11182,A
6-NA,802,0,11385,1,1,11387,T
6-NA,803,1,11298,0,1,11300,T
6-NA,804,3,1,12160,2,12166,G
6-NA,805,1,12081,0,12,12094,T
6-NA,806,16,1,1,12093,12111,C
6-NA,807,12099,2,13,1,12115,A
6-NA,808,1,6,12148,0,12155,G
6-NA,809,1,10,12087,0,12098,G
6-NA,810,12050,1,5,0,12056,A
6-NA,811,11858,0,4,0,11862,A
6-NA,812,3,4,11963,0,11970,G
6-NA,813,1,11276,0,2,11279,T
6-NA,814,2,3,11368,0,11373,G
6-NA,815,4,2,0,11327,11333,C
6-NA,816,1,11375,0,6,11382,T
6-NA,817,9,2,1,11457,11469,C
6-NA,818,11486,0,6,1,11493,A
6-NA,819,4,4,11466,0,11474,G
6-NA,820,3,0,3,11499,11505,C
6-NA,821,11489,0,5,2,11496,A
6-NA,822,0,11516,1,1,11518,T
6-NA,823,7,2,11890,0,11899,G
6-NA,824,0,11848,0,5,11853,T
6-NA,825,17,2,0,11893,11912,C
6-NA,826,3,7,11882,0,11892,G
6-NA,827,11769,2,2,1,11774,A
6-NA,828,0,8,11758,0,11766,G
6-NA,829,2,6,11730,0,11738,G
6-NA,830,11613,0,8,2,11623,A
6-NA,831,1,1,11741,0,11743,G
6-NA,832,0,11375,0,20,11395,T
6-NA,833,3,3,11386,0,11392,G
6-NA,834,4,4,0,11582,11590,C
6-NA,835,1,11532,0,16,11549,T
6-NA,836,11,0,0,11646,11657,C
6-NA,837,9,1,1,11727,11738,C
6-NA,838,2,11757,1,5,11765,T
6-NA,839,3,2,11768,0,11773,G
6-NA,840,2,1,0,11651,11654,C
6-NA,841,2,11584,0,6,11592,T
6-NA,842,11668,1,2,2,11673,A
6-NA,843,1,11401,1,5,11408,T
6-NA,844,15,0,0,11503,11518,C
6-NA,845,8,2,1,11466,11477,C
6-NA,846,2,11367,0,4,11373,T
6-NA,847,8,2,0,11571,11581,C
6-NA,848,4,12,11567,1,11584,G
6-NA,849,11623,0,3,1,11627,A
6-NA,850,1,11648,0,18,11667,T
6-NA,851,11640,0,0,1,11641,A
6-NA,852,1,11633,0,3,11637,T
6-NA,853,11,0,8,11626,11645,C
6-NA,854,8,1,0,11626,11635,C
6-NA,855,0,11597,1,7,11605,T
6-NA,856,7,5,11612,0,11624,G
6-NA,857,37,1,11554,0,11592,G
6-NA,858,0,11716,0,17,11733,T
6-NA,859,1,3,11830,0,11834,G
6-NA,860,1,11769,0,21,11791,T
6-NA,861,41,1,0,11756,11798,C
6-NA,862,11789,2,4,1,11796,A
6-NA,863,1,12,11768,1,11782,G
6-NA,864,11737,2,4,0,11743,A
6-NA,865,0,11640,0,7,11647,T
6-NA,866,4,1,11686,0,11691,G
6-NA,867,1,11501,0,5,11507,T
6-NA,868,1,3,11532,2,11538,G
6-NA,869,0,11504,1,19,11524,T
6-NA,870,17,2,0,11590,11609,C
6-NA,871,4,11557,1,12,11574,T
6-NA,872,8,3,11565,0,11576,G
6-NA,873,1,4,0,11565,11570,C
6-NA,874,11577,1,11,0,11589,A
6-NA,875,0,8,11595,0,11603,G
6-NA,876,11297,1,12,0,11310,A
6-NA,877,1,18,11333,2,11354,G
6-NA,878,11289,1,2,0,11292,A
6-NA,879,0,3,1,11410,11414,C
6-NA,880,11435,1,4,0,11440,A
6-NA,881,11452,3,4,0,11459,A
6-NA,882,1,13,51,11474,11539,C
6-NA,883,1,11525,0,7,11533,T
6-NA,884,4,3,11517,0,11524,G
6-NA,885,1,4,11448,0,11453,G
6-NA,886,11438,2,8,0,11448,A
6-NA,887,11394,0,7,0,11401,A
6-NA,888,11121,0,10,0,11131,A
6-NA,889,1,5,11276,0,11282,G
6-NA,890,1,4,11158,0,11163,G
6-NA,891,4,1,0,11213,11218,C
6-NA,892,1,11067,0,26,11094,T
6-NA,893,12,1,0,11365,11378,C
6-NA,894,10,2,0,11557,11569,C
6-NA,895,11642,2,3,0,11647,A
6-NA,896,11607,0,4,0,11611,A
6-NA,897,0,11620,0,1,11621,T
6-NA,898,11205,1,4,1,11211,A
6-NA,899,2,10,11093,0,11105,G
6-NA,900,0,2,11038,0,11040,G
6-NA,901,2,6,0,11023,11031,C
6-NA,902,8,0,0,10800,10808,C
6-NA,903,6,2,1,10700,10709,C
6-NA,904,10836,0,3,0,10839,A
6-NA,905,1,10973,0,7,10981,T
6-NA,906,10,4,1,11043,11058,C
6-NA,907,6,1,11126,0,11133,G
6-NA,908,0,11041,0,2,11043,T
6-NA,909,10768,1,5,0,10774,A
6-NA,910,1,3,11033,0,11037,G
6-NA,911,11004,2,5,0,11011,A
6-NA,912,0,11081,2,3,11086,T
6-NA,913,10831,1,1,0,10833,A
6-NA,914,0,10698,0,3,10701,T
6-NA,915,10691,1,2,0,10694,A
6-NA,916,10662,2,5,1,10670,A
6-NA,917,10884,1,4,1,10890,A
6-NA,918,4,2,0,11180,11186,C
6-NA,919,10927,2,3,0,10932,A
6-NA,920,0,10884,0,1,10885,T
6-NA,921,10828,0,3,0,10831,A
6-NA,922,10818,0,3,0,10821,A
6-NA,923,10794,0,3,0,10797,A
6-NA,924,0,9,10838,2,10849,G
6-NA,925,1,17,10968,0,10986,G
6-NA,926,10606,0,19,1,10626,A
6-NA,927,0,10561,0,4,10565,T
6-NA,928,11,1,0,10635,10647,C
6-NA,929,10680,0,125,1,10806,A
6-NA,930,1,10811,0,3,10815,T
6-NA,931,10811,0,5,1,10817,A
6-NA,932,2,2,10817,0,10821,G
6-NA,933,3,1,0,10707,10711,C
6-NA,934,10521,1,0,0,10522,A
6-NA,935,0,10162,0,2,10164,T
6-NA,936,1,10227,0,0,10228,T
6-NA,937,0,0,10568,0,10568,G
6-NA,938,2,10526,0,6,10534,T
6-NA,939,0,10679,1,10,10690,T
6-NA,940,0,10602,0,12,10614,T
6-NA,941,10,1,2,10608,10621,C
6-NA,942,2,7,1,10706,10716,C
6-NA,943,10857,0,2,2,10861,A
6-NA,944,0,1,11012,1,11014,G
6-NA,945,0,10960,0,24,10984,T
6-NA,946,1,10701,0,2,10704,T
6-NA,947,10725,0,2,0,10727,A
6-NA,948,0,10579,0,0,10579,T
6-NA,949,3,1,10635,1,10640,G
6-NA,950,1,10523,0,8,10532,T
6-NA,951,4,2,10627,0,10633,G
6-NA,952,1,10318,0,4,10323,T
6-NA,953,3,3,10652,0,10658,G
6-NA,954,0,10630,0,14,10644,T
6-NA,955,0,10556,0,3,10559,T
6-NA,956,19,2,0,10579,10600,C
6-NA,957,10509,1,15,0,10525,A
6-NA,958,1,12,10554,0,10567,G
6-NA,959,2,18,10513,0,10533,G
6-NA,960,10445,0,3,0,10448,A
6-NA,961,2,1,0,10520,10523,C
6-NA,962,0,10265,0,8,10273,T
6-NA,963,1,10307,0,2,10310,T
6-NA,964,1,2,10748,0,10751,G
6-NA,965,3,10706,0,4,10713,T
6-NA,966,0,10741,0,11,10752,T
6-NA,967,4,7,10655,0,10666,G
6-NA,968,2,14,10633,0,10649,G
6-NA,969,10558,0,21,0,10579,A
6-NA,970,3,19,10677,0,10699,G
6-NA,971,10643,1,13,0,10657,A
6-NA,972,1,2,0,10590,10593,C
6-NA,973,10240,1,13,0,10254,A
6-NA,974,2,3,0,10281,10286,C
6-NA,975,10252,0,10,0,10262,A
6-NA,976,3,2,0,10406,10411,C
6-NA,977,5,1,0,10283,10289,C
6-NA,978,3,5,0,10346,10354,C
6-NA,979,10380,0,9,0,10389,A
6-NA,980,2,17,10407,0,10426,G
6-NA,981,10401,1,1,0,10403,A
6-NA,982,10508,0,1,0,10509,A
6-NA,983,10439,1,3,0,10443,A
6-NA,984,10422,0,2,0,10424,A
6-NA,985,10311,0,4,0,10315,A
6-NA,986,10323,0,3,1,10327,A
6-NA,987,3,6,0,10377,10386,C
6-NA,988,1,33,10313,0,10347,G
6-NA,989,10294,0,9,0,10303,A
6-NA,990,2,2,0,10296,10300,C
6-NA,991,10293,0,9,0,10302,A
6-NA,992,2,1,10390,0,10393,G
6-NA,993,4,0,0,10680,10684,C
6-NA,994,2,10543,3,12,10560,T
6-NA,995,13,4,0,10642,10659,C
6-NA,996,8,3,0,10716,10727,C
6-NA,997,10764,0,13,0,10777,A
6-NA,998,1,0,10868,0,10869,G
6-NA,999,3,2,0,10884,10889,C
6-NA,1000,10802,0,2,0,10804,A
6-NA,1001,3,1,10840,0,10844,G
6-NA,1002,0,10343,0,1,10344,T
6-NA,1003,10301,1,7,0,10309,A
6-NA,1004,2,3,10310,0,10315,G
6-NA,1005,3,1,1,10267,10272,C
6-NA,1006,14,4,1,10302,10321,C
6-NA,1007,10224,2,0,0,10226,A
6-NA,1008,1,10217,0,1,10219,T
6-NA,1009,0,10253,0,4,10257,T
6-NA,1010,3,1,10528,0,10532,G
6-NA,1011,0,10432,0,7,10439,T
6-NA,1012,3,10411,1,5,10420,T
6-NA,1013,2,10386,0,1,10389,T
6-NA,1014,1,13,10280,0,10294,G
6-NA,1015,3,8,10386,0,10397,G
6-NA,1016,10316,0,4,0,10320,A
6-NA,1017,0,10340,0,9,10349,T
6-NA,1018,14,0,0,10331,10345,C
6-NA,1019,9,1,0,10223,10233,C
6-NA,1020,2,10330,0,6,10338,T
6-NA,1021,10342,2,8,0,10352,A
6-NA,1022,10343,2,8,0,10353,A
6-NA,1023,2,1,0,10496,10499,C
6-NA,1024,10242,0,2,0,10244,A
6-NA,1025,10383,2,5,0,10390,A
6-NA,1026,1,10362,0,1,10364,T
6-NA,1027,0,5,10473,1,10479,G
6-NA,1028,10432,0,4,0,10436,A
6-NA,1029,10365,1,15,0,10381,A
6-NA,1030,1,4,10420,0,10425,G
6-NA,1031,10357,1,9,0,10367,A
6-NA,1032,10102,3,3,0,10108,A
6-NA,1033,3,4,10146,0,10153,G
6-NA,1034,3,2,10102,0,10107,G
6-NA,1035,0,9841,2,9,9852,T
6-NA,1036,1,6,9913,0,9920,G
6-NA,1037,2,1,10208,0,10211,G
6-NA,1038,1,10053,1,8,10063,T
6-NA,1039,21,0,1,10051,10073,C
6-NA,1040,10100,0,2,0,10102,A
6-NA,1041,0,10094,0,6,10100,T
6-NA,1042,1,3,10131,0,10135,G
6-NA,1043,2,10,10195,0,10207,G
6-NA,1044,10037,2,16,0,10055,A
6-NA,1045,3,1,10449,0,10453,G
6-NA,1046,0,9979,0,6,9985,T
6-NA,1047,2,10,10001,1,10014,G
6-NA,1048,9932,0,4,0,9936,A
6-NA,1049,9959,0,6,0,9965,A
6-NA,1050,9978,2,19,0,9999,A
6-NA,1051,2,5,9982,0,9989,G
6-NA,1052,1,6,9843,0,9850,G
6-NA,1053,1,1,0,9826,9828,C
6-NA,1054,1,9535,0,15,9551,T
6-NA,1055,2,4,9586,1,9593,G
6-NA,1056,1,5,9534,0,9540,G
6-NA,1057,2,1,9625,0,9628,G
6-NA,1058,4,2,0,9522,9528,C
6-NA,1059,5,1,0,9638,9644,C
6-NA,1060,2,9502,0,36,9540,T
6-NA,1061,1,9583,0,5,9589,T
6-NA,1062,0,9627,0,0,9627,T
6-NA,1063,0,18,9673,0,9691,G
6-NA,1064,9624,0,6,0,9630,A
6-NA,1065,0,9559,0,4,9563,T
6-NA,1066,2,8,9377,0,9387,G
6-NA,1067,9253,1,4,2,9260,A
6-NA,1068,2,9263,0,4,9269,T
6-NA,1069,2,9,9281,0,9292,G
6-NA,1070,2,13,9433,1,9449,G
6-NA,1071,9396,0,2,0,9398,A
6-NA,1072,9386,0,2,2,9390,A
6-NA,1073,9395,0,4,0,9399,A
6-NA,1074,0,9325,1,1,9327,T
6-NA,1075,0,7,9424,1,9432,G
6-NA,1076,9367,0,5,0,9372,A
6-NA,1077,7,2,1,9316,9326,C
6-NA,1078,2,2,9406,0,9410,G
6-NA,1079,0,9141,1,3,9145,T
6-NA,1080,3,2,9220,0,9225,G
6-NA,1081,0,9169,1,5,9175,T
6-NA,1082,2,9,9180,0,9191,G
6-NA,1083,1,6,9229,0,9236,G
6-NA,1084,9150,0,3,0,9153,A
6-NA,1085,0,9158,0,5,9163,T
6-NA,1086,1,5,9121,0,9127,G
6-NA,1087,4,3,9069,2,9078,G
6-NA,1088,24,0,9145,0,9169,G
6-NA,1089,9072,0,3,0,9075,A
6-NA,1090,9063,0,6,0,9069,A
6-NA,1091,1,15,9023,0,9039,G
6-NA,1092,8914,0,3,0,8917,A
6-NA,1093,8896,1,6,0,8903,A
6-NA,1094,0,3,1,8850,8854,C
6-NA,1095,5,9,8794,0,8808,G
6-NA,1096,8772,0,1,0,8773,A
6-NA,1097,1,8567,0,3,8571,T
6-NA,1098,14,2,1,8633,8650,C
6-NA,1099,8648,0,7,0,8655,A
6-NA,1100,2,1,8647,0,8650,G
6-NA,1101,2,3,0,8603,8608,C
6-NA,1102,2,2,8650,0,8654,G
6-NA,1103,8598,0,3,0,8601,A
6-NA,1104,1,5,8614,0,8620,G
6-NA,1105,8619,1,3,0,8623,A
6-NA,1106,8606,0,41,0,8647,A
6-NA,1107,0,0,8706,0,8706,G
6-NA,1108,1,8493,1,14,8509,T
6-NA,1109,11,1,1,8489,8502,C
6-NA,1110,8461,1,4,0,8466,A
6-NA,1111,1,3,0,8730,8734,C
6-NA,1112,1,2,8713,0,8716,G
6-NA,1113,2,1,0,8704,8707,C
6-NA,1114,0,8668,0,8,8676,T
6-NA,1115,0,8702,0,1,8703,T
6-NA,1116,8572,0,6,0,8578,A
6-NA,1117,4,7,8722,1,8734,G
6-NA,1118,0,5,8687,0,8692,G
6-NA,1119,1,0,8889,0,8890,G
6-NA,1120,1,8177,1,4,8183,T
6-NA,1121,8220,1,2,0,8223,A
6-NA,1122,0,8173,0,6,8179,T
6-NA,1123,5,14,8163,0,8182,G
6-NA,1124,8162,0,14,0,8176,A
6-NA,1125,8155,0,3,0,8158,A
6-NA,1126,7568,0,4,1,7573,A
6-NA,1127,2,0,0,7657,7659,C
6-NA,1128,8,0,0,7462,7470,C
6-NA,1129,1,7309,0,9,7319,T
6-NA,1130,0,7300,1,4,7305,T
6-NA,1131,4,2,0,7295,7301,C
6-NA,1132,7336,0,0,0,7336,A
6-NA,1133,7355,0,1,0,7356,A
6-NA,1134,7331,0,3,0,7334,A
6-NA,1135,1,2,7350,0,7353,G
6-NA,1136,1,7137,0,5,7143,T
6-NA,1137,27,0,0,7186,7213,C
6-NA,1138,7343,1,3,0,7347,A
6-NA,1139,0,7340,0,3,7343,T
6-NA,1140,0,7350,0,15,7365,T
6-NA,1141,2,1,7363,0,7366,G
6-NA,1142,7342,1,1,0,7344,A
6-NA,1143,7340,0,11,0,7351,A
6-NA,1144,1,0,7257,0,7258,G
6-NA,1145,1,2,7216,0,7219,G
6-NA,1146,1,1,0,7177,7179,C
6-NA,1147,0,6817,0,4,6821,T
6-NA,1148,1,4,6871,0,6876,G
6-NA,1149,0,3,7015,0,7018,G
6-NA,1150,0,6956,0,10,6966,T
6-NA,1151,6,0,0,6945,6951,C
6-NA,1152,5,3,0,6904,6912,C
6-NA,1153,6903,0,2,0,6905,A
6-NA,1154,6870,0,1,0,6871,A
6-NA,1155,1,0,0,6866,6867,C
6-NA,1156,3,3,0,6808,6814,C
6-NA,1157,3,1,0,6763,6767,C
6-NA,1158,4,3,2,6408,6417,C
6-NA,1159,6469,0,3,0,6472,A
6-NA,1160,6484,0,2,0,6486,A
6-NA,1161,2,0,6531,2,6535,G
6-NA,1162,1,6381,0,9,6391,T
6-NA,1163,5,1,1,6473,6480,C
6-NA,1164,8,2,1,6366,6377,C
6-NA,1165,6385,0,1,0,6386,A
6-NA,1166,6354,1,0,0,6355,A
6-NA,1167,6382,0,3,0,6385,A
6-NA,1168,1,6354,0,1,6356,T
6-NA,1169,1,6331,0,0,6332,T
6-NA,1170,0,2,6291,1,6294,G
6-NA,1171,1,1,0,6221,6223,C
6-NA,1172,6247,0,5,0,6252,A
6-NA,1173,25,7,6235,0,6267,G
6-NA,1174,6246,0,2,0,6248,A
6-NA,1175,0,6347,0,0,6347,T
6-NA,1176,6362,0,0,0,6362,A
6-NA,1177,6329,0,0,0,6329,A
6-NA,1178,6321,0,3,0,6324,A
6-NA,1179,1,6264,1,0,6266,T
6-NA,1180,6217,0,4,1,6222,A
6-NA,1181,1,6,6200,0,6207,G
6-NA,1182,0,2,6122,0,6124,G
6-NA,1183,2,1,0,6105,6108,C
6-NA,1184,5850,0,31,0,5881,A
6-NA,1185,5891,0,5,0,5896,A
6-NA,1186,1,0,5933,1,5935,G
6-NA,1187,0,5882,1,2,5885,T
6-NA,1188,23,0,0,5864,5887,C
6-NA,1189,5893,0,6,0,5899,A
6-NA,1190,0,5869,0,4,5873,T
6-NA,1191,5895,0,4,1,5900,A
6-NA,1192,1,2,5889,0,5892,G
6-NA,1193,3,5884,0,1,5888,T
6-NA,1194,0,5548,0,0,5548,T
6-NA,1195,1,4,5407,0,5412,G
6-NA,1196,5348,1,4,0,5353,A
6-NA,1197,1,0,0,5345,5346,C
6-NA,1198,5218,0,1,0,5219,A
6-NA,1199,1,1,5272,0,5274,G
6-NA,1200,5148,1,4,0,5153,A
6-NA,1201,2,3,5261,0,5266,G
6-NA,1202,1,2,5254,0,5257,G
6-NA,1203,1,5131,0,2,5134,T
6-NA,1204,5154,1,3,0,5158,A
6-NA,1205,5147,0,0,1,5148,A
6-NA,1206,0,5108,0,0,5108,T
6-NA,1207,5099,0,4,0,5103,A
6-NA,1208,1,2,4790,0,4793,G
6-NA,1209,0,0,4462,0,4462,G
6-NA,1210,0,3384,1,0,3385,T
6-NA,1211,8,0,0,3343,3351,C
6-NA,1212,5,0,1,3314,3320,C
6-NA,1213,2,2,3322,0,3326,G
6-NA,1214,2,2,3334,0,3338,G
6-NA,1215,0,3332,1,2,3335,T
6-NA,1216,0,3299,1,0,3300,T
6-NA,1217,3176,0,3,0,3179,A
6-NA,1218,0,2985,0,1,2986,T
6-NA,1219,0,2970,1,1,2972,T
6-NA,1220,5,0,0,2979,2984,C
6-NA,1221,0,2639,1,2,2642,T
6-NA,1222,0,1,2595,0,2596,G
6-NA,1223,2,1,2572,0,2575,G
6-NA,1224,1,2542,0,0,2543,T
6-NA,1225,2549,0,0,0,2549,A
6-NA,1226,0,2461,0,0,2461,T
6-NA,1227,0,2470,0,2,2472,T
6-NA,1228,0,2471,0,1,2472,T
6-NA,1229,0,2478,0,3,2481,T
6-NA,1230,4,0,0,2480,2484,C
6-NA,1231,0,2442,1,2,2445,T
6-NA,1232,3,0,0,2477,2480,C
6-NA,1233,0,2466,0,0,2466,T
6-NA,1234,0,0,2517,0,2517,G
6-NA,1235,0,2507,0,6,2513,T
6-NA,1236,0,2492,0,2,2494,T
6-NA,1237,0,5,2495,0,2500,G
6-NA,1238,2475,0,2,0,2477,A
6-NA,1239,2467,2,9,0,2478,A
6-NA,1240,4,1,2504,0,2509,G
6-NA,1241,0,2,2492,0,2494,G
6-NA,1242,0,2,0,2486,2488,C
6-NA,1243,2467,0,1,0,2468,A
6-NA,1244,2464,0,3,0,2467,A
6-NA,1245,2468,0,0,0,2468,A
6-NA,1246,2471,1,3,0,2475,A
6-NA,1247,0,1,2457,0,2458,G
6-NA,1248,0,0,0,2459,2459,C
6-NA,1249,0,2429,0,2,2431,T
6-NA,1250,1,1,2481,0,2483,G
6-NA,1251,1,1,0,2467,2469,C
6-NA,1252,2486,1,0,0,2487,A
6-NA,1253,1,2441,1,5,2448,T
6-NA,1254,6,0,0,2434,2440,C
6-NA,1255,2445,0,1,0,2446,A
6-NA,1256,2440,0,0,0,2440,A
6-NA,1257,0,2415,0,0,2415,T
6-NA,1258,3,0,0,2442,2445,C
6-NA,1259,2,0,2406,1,2409,G
6-NA,1260,1,1,2452,0,2454,G
6-NA,1261,0,2441,0,0,2441,T
6-NA,1262,0,0,2457,0,2457,G
6-NA,1263,3,0,0,2463,2466,C
6-NA,1264,0,2455,0,3,2458,T
6-NA,1265,0,2500,0,0,2500,T
6-NA,1266,1,2510,0,0,2511,T
6-NA,1267,0,2512,0,0,2512,T
6-NA,1268,2540,0,1,0,2541,A
6-NA,1269,1,2429,0,4,2434,T
6-NA,1270,0,0,2434,0,2434,G
6-NA,1271,0,2382,0,0,2382,T
6-NA,1272,3,1,2364,0,2368,G
6-NA,1273,0,1,2409,0,2410,G
6-NA,1274,2341,0,0,0,2341,A
6-NA,1275,0,0,2388,0,2388,G
6-NA,1276,0,2363,1,3,2367,T
6-NA,1277,0,2357,0,2,2359,T
6-NA,1278,0,8,2381,0,2389,G
6-NA,1279,2384,1,1,0,2386,A
6-NA,1280,0,2378,0,2,2380,T
6-NA,1281,2375,0,0,0,2375,A
6-NA,1282,2288,0,0,0,2288,A
6-NA,1283,0,4,2300,0,2304,G
6-NA,1284,0,2,2251,1,2254,G
6-NA,1285,0,1,2254,0,2255,G
6-NA,1286,0,2,2249,0,2251,G
6-NA,1287,2208,0,2,0,2210,A
6-NA,1288,2197,0,2,0,2199,A
6-NA,1289,0,1,2216,0,2217,G
6-NA,1290,2209,0,0,0,2209,A
6-NA,1291,2208,1,0,0,2209,A
6-NA,1292,2186,0,1,0,2187,A
6-NA,1293,2142,0,8,0,2150,A
6-NA,1294,0,0,2155,0,2155,G
6-NA,1295,2118,0,3,0,2121,A
6-NA,1296,0,1,2119,0,2120,G
6-NA,1297,1,0,2109,0,2110,G
6-NA,1298,2094,0,1,0,2095,A
6-NA,1299,2090,1,1,0,2092,A
6-NA,1300,2088,1,1,0,2090,A
6-NA,1301,0,0,0,2108,2108,C
6-NA,1302,0,2085,0,0,2085,T
6-NA,1303,0,1,2090,0,2091,G
6-NA,1304,2089,0,1,0,2090,A
6-NA,1305,2095,0,0,0,2095,A
6-NA,1306,1,1,2091,0,2093,G
6-NA,1307,0,2049,0,0,2049,T
6-NA,1308,3,1,0,2085,2089,C
6-NA,1309,0,2073,1,2,2076,T
6-NA,1310,0,2084,0,0,2084,T
6-NA,1311,0,1,2091,0,2092,G
6-NA,1312,1,2075,0,2,2078,T
6-NA,1313,1,5,2072,0,2078,G
6-NA,1314,0,1,2066,0,2067,G
6-NA,1315,2019,0,2,0,2021,A
6-NA,1316,1,0,0,2004,2005,C
6-NA,1317,1928,0,0,0,1928,A
6-NA,1318,0,1913,0,0,1913,T
6-NA,1319,1,0,0,1924,1925,C
6-NA,1320,1,1,1932,0,1934,G
6-NA,1321,1977,0,1,0,1978,A
6-NA,1322,1973,0,1,0,1974,A
6-NA,1323,1,0,0,1990,1991,C
6-NA,1324,1971,0,0,0,1971,A
6-NA,1325,2,0,2046,0,2048,G
6-NA,1326,0,2041,0,0,2041,T
6-NA,1327,2038,0,1,0,2039,A
6-NA,1328,0,2036,0,0,2036,T
6-NA,1329,0,1953,0,0,1953,T
6-NA,1330,0,0,1984,0,1984,G
6-NA,1331,0,1966,0,0,1966,T
6-NA,1332,0,1927,0,0,1927,T
6-NA,1333,0,1,1927,0,1928,G
6-NA,1334,0,1709,0,1,1710,T
6-NA,1335,0,0,1732,0,1732,G
6-NA,1336,0,1709,0,2,1711,T
6-NA,1337,0,1685,0,0,1685,T
6-NA,1338,0,1695,0,1,1696,T
6-NA,1339,0,1667,1,0,1668,T
6-NA,1340,0,0,1674,0,1674,G
6-NA,1341,0,1670,0,0,1670,T
6-NA,1342,0,2,1653,1,1656,G
6-NA,1343,2,0,1637,0,1639,G
6-NA,1344,0,0,0,1610,1610,C
6-NA,1345,1604,1,2,1,1608,A
6-NA,1346,0,0,0,1637,1637,C
6-NA,1347,1,0,0,1630,1631,C
6-NA,1348,0,1622,1,3,1626,T
6-NA,1349,3,1,0,1637,1641,C
6-NA,1350,1652,0,2,0,1654,A
6-NA,1351,1,1,1655,0,1657,G
6-NA,1352,0,0,1654,0,1654,G
6-NA,1353,0,1641,0,0,1641,T
6-NA,1354,1645,0,0,0,1645,A
6-NA,1355,2,0,0,1566,1568,C
6-NA,1356,1566,0,1,0,1567,A
6-NA,1357,0,1564,0,0,1564,T
6-NA,1358,1535,0,0,0,1535,A
6-NA,1359,0,1528,0,0,1528,T
6-NA,1360,0,4,1423,0,1427,G
6-NA,1361,0,4,1430,0,1434,G
6-NA,1362,1430,0,0,0,1430,A
6-NA,1363,1403,0,0,0,1403,A
6-NA,1364,0,1,0,1389,1390,C
6-NA,1365,1188,0,0,0,1188,A
6-NA,1366,0,0,1193,0,1193,G
6-NA,1367,0,0,1175,0,1175,G
6-NA,1368,0,0,0,1151,1151,C
6-NA,1369,0,1159,0,4,1163,T
6-NA,1370,2,1,0,1118,1121,C
6-NA,1371,1119,0,0,0,1119,A
6-NA,1372,0,1115,0,0,1115,T
6-NA,1373,0,1,1111,0,1112,G
6-NA,1374,0,0,1110,0,1110,G
6-NA,1375,0,0,0,1072,1072,C
6-NA,1376,0,1,0,1069,1070,C
6-NA,1377,0,1018,0,0,1018,T
6-NA,1378,0,0,1022,0,1022,G
6-NA,1379,1015,0,1,0,1016,A
6-NA,1380,0,1011,0,0,1011,T
6-NA,1381,0,1,999,0,1000,G
6-NA,1382,0,0,978,0,978,G
6-NA,1383,0,0,931,0,931,G
6-NA,1384,0,0,922,0,922,G
6-NA,1385,0,0,0,903,903,C
6-NA,1386,0,1,920,0,921,G
6-NA,1387,0,0,912,0,912,G
6-NA,1388,902,0,1,0,903,A
6-NA,1389,2,0,0,889,891,C
6-NA,1390,901,0,0,0,901,A
6-NA,1391,0,878,1,0,879,T
6-NA,1392,3,0,0,863,866,C
6-NA,1393,807,0,68,0,875,A
6-NA,1394,868,0,0,0,868,A
6-NA,1395,1,861,0,0,862,T
6-NA,1396,0,0,0,837,837,C
6-NA,1397,0,804,0,0,804,T
6-NA,1398,1,0,0,649,650,C
6-NA,1399,646,0,0,0,646,A
6-NA,1400,0,630,0,0,630,T
6-NA,1401,0,0,633,0,633,G
6-NA,1402,1,0,0,622,623,C
6-NA,1403,1,1,0,597,599,C
6-NA,1404,0,525,0,0,525,T
6-NA,1405,519,0,0,0,519,A
6-NA,1406,0,514,0,3,517,T
6-NA,1407,515,0,0,0,515,A
6-NA,1408,0,509,0,0,509,T
6-NA,1409,480,0,0,0,480,A
6-NA,1410,466,0,0,0,466,A
7-M,1,44,0,0,0,44,A
7-M,2,0,45,0,0,45,T
7-M,3,0,0,45,0,45,G
7-M,4,46,0,0,0,46,A
7-M,5,0,0,53,0,53,G
7-M,6,0,0,0,55,55,C
7-M,7,0,0,0,58,58,C
7-M,8,0,78,0,0,78,T
7-M,9,0,78,0,0,78,T
7-M,10,0,0,0,78,78,C
7-M,11,0,78,0,0,78,T
7-M,12,82,0,0,0,82,A
7-M,13,82,0,0,0,82,A
7-M,14,0,0,0,82,82,C
7-M,15,0,0,0,81,81,C
7-M,16,0,0,81,0,81,G
7-M,17,81,0,0,0,81,A
7-M,18,0,1,84,0,85,G
7-M,19,0,0,86,0,86,G
7-M,20,0,84,0,0,84,T
7-M,21,0,0,0,88,88,C
7-M,22,0,0,87,0,87,G
7-M,23,87,0,0,0,87,A
7-M,24,86,0,0,0,86,A
7-M,25,90,0,0,0,90,A
7-M,26,0,0,0,96,96,C
7-M,27,0,0,96,0,96,G
7-M,28,0,99,0,0,99,T
7-M,29,97,0,0,0,97,A
7-M,30,0,101,0,0,101,T
7-M,31,0,0,98,0,98,G
7-M,32,0,101,0,0,101,T
7-M,33,0,108,0,0,108,T
7-M,34,0,0,0,112,112,C
7-M,35,0,112,0,0,112,T
7-M,36,0,0,0,117,117,C
7-M,37,0,118,0,0,118,T
7-M,38,0,0,0,119,119,C
7-M,39,0,122,0,0,122,T
7-M,40,120,0,0,0,120,A
7-M,41,0,120,0,0,120,T
7-M,42,0,0,0,120,120,C
7-M,43,0,1,119,0,120,G
7-M,44,0,124,0,0,124,T
7-M,45,0,124,0,0,124,T
7-M,46,0,0,0,127,127,C
7-M,47,1,0,0,130,131,C
7-M,48,130,0,0,0,130,A
7-M,49,0,132,0,0,132,T
7-M,50,0,0,0,131,131,C
7-M,51,132,0,0,0,132,A
7-M,52,0,0,130,0,130,G
7-M,53,0,0,127,0,127,G
7-M,54,0,0,0,132,132,C
7-M,55,0,0,0,136,136,C
7-M,56,0,0,0,131,131,C
7-M,57,0,0,0,135,135,C
7-M,58,0,0,0,136,136,C
7-M,59,0,136,0,0,136,T
7-M,60,0,0,0,136,136,C
7-M,61,136,0,0,0,136,A
7-M,62,137,0,0,0,137,A
7-M,63,140,0,0,0,140,A
7-M,64,0,0,142,0,142,G
7-M,65,0,0,0,143,143,C
7-M,66,0,0,0,141,141,C
7-M,67,0,1,143,0,144,G
7-M,68,139,0,0,0,139,A
7-M,69,0,1,142,0,143,G
7-M,70,145,0,0,0,145,A
7-M,71,0,144,0,0,144,T
7-M,72,0,0,0,143,143,C
7-M,73,0,0,143,0,143,G
7-M,74,0,1,0,143,144,C
7-M,75,0,0,142,0,142,G
7-M,76,0,0,0,144,144,C
7-M,77,144,0,0,0,144,A
7-M,78,0,0,146,0,146,G
7-M,79,139,0,0,0,139,A
7-M,80,0,1,151,0,152,G
7-M,81,145,0,0,0,145,A
7-M,82,0,0,0,153,153,C
7-M,83,0,156,0,0,156,T
7-M,84,0,153,0,0,153,T
7-M,85,0,0,154,0,154,G
7-M,86,155,0,0,0,155,A
7-M,87,158,0,0,0,158,A
7-M,88,0,1,160,0,161,G
7-M,89,156,0,0,0,156,A
7-M,90,5,155,0,0,160,T
7-M,91,0,0,156,0,156,G
7-M,92,0,150,0,0,150,T
7-M,93,0,0,0,155,155,C
7-M,94,0,155,0,0,155,T
7-M,95,0,153,0,0,153,T
7-M,96,0,153,0,0,153,T
7-M,97,0,0,155,0,155,G
7-M,98,0,0,0,153,153,C
7-M,99,0,156,0,0,156,T
7-M,100,0,0,155,0,155,G
7-M,101,0,0,154,0,154,G
7-M,102,0,0,157,0,157,G
7-M,103,155,0,0,0,155,A
7-M,104,159,0,0,0,159,A
7-M,105,158,0,0,0,158,A
7-M,106,159,0,0,0,159,A
7-M,107,159,0,0,0,159,A
7-M,108,0,0,0,162,162,C
7-M,109,160,0,0,0,160,A
7-M,110,0,0,0,162,162,C
7-M,111,162,0,0,0,162,A
7-M,112,0,0,167,0,167,G
7-M,113,165,0,0,0,165,A
7-M,114,0,172,0,0,172,T
7-M,115,1,0,0,174,175,C
7-M,116,0,174,0,0,174,T
7-M,117,0,172,0,0,172,T
7-M,118,0,0,172,0,172,G
7-M,119,169,0,0,0,169,A
7-M,120,0,0,173,0,173,G
7-M,121,0,0,172,0,172,G
7-M,122,0,0,0,173,173,C
7-M,123,0,169,0,0,169,T
7-M,124,0,0,0,194,194,C
7-M,125,0,194,0,0,194,T
7-M,126,0,0,0,197,197,C
7-M,127,193,0,1,0,194,A
7-M,128,0,197,0,0,197,T
7-M,129,0,1,198,0,199,G
7-M,130,0,0,196,0,196,G
7-M,131,195,0,0,0,195,A
7-M,132,196,0,0,0,196,A
7-M,133,0,192,0,0,192,T
7-M,134,0,0,199,0,199,G
7-M,135,0,0,209,0,209,G
7-M,136,1,0,0,211,212,C
7-M,137,0,213,0,0,213,T
7-M,138,210,0,0,0,210,A
7-M,139,213,0,0,0,213,A
7-M,140,211,0,0,0,211,A
7-M,141,0,0,218,0,218,G
7-M,142,216,0,0,0,216,A
7-M,143,0,0,0,218,218,C
7-M,144,212,0,0,0,212,A
7-M,145,212,0,1,0,213,A
7-M,146,0,0,215,0,215,G
7-M,147,214,0,0,0,214,A
7-M,148,0,1,0,215,216,C
7-M,149,0,0,0,215,215,C
7-M,150,216,0,0,0,216,A
7-M,151,216,0,0,0,216,A
7-M,152,0,219,0,0,219,T
7-M,153,0,219,0,1,220,T
7-M,154,0,0,0,221,221,C
7-M,155,0,220,0,0,220,T
7-M,156,0,0,222,0,222,G
7-M,157,0,220,0,2,222,T
7-M,158,0,0,0,222,222,C
7-M,159,218,0,0,0,218,A
7-M,160,0,0,0,226,226,C
7-M,161,0,0,0,228,228,C
7-M,162,0,224,0,0,224,T
7-M,163,0,0,0,222,222,C
7-M,164,0,227,0,0,227,T
7-M,165,0,0,226,0,226,G
7-M,166,225,0,1,0,226,A
7-M,167,0,0,0,229,229,C
7-M,168,0,226,0,0,226,T
7-M,169,226,0,0,0,226,A
7-M,170,223,0,0,0,223,A
7-M,171,0,1,225,0,226,G
7-M,172,0,0,222,0,222,G
7-M,173,0,0,225,0,225,G
7-M,174,6,0,221,0,227,G
7-M,175,230,1,0,0,231,A
7-M,176,0,233,0,0,233,T
7-M,177,0,234,0,0,234,T
7-M,178,0,235,0,0,235,T
7-M,179,0,234,0,0,234,T
7-M,180,0,0,234,0,234,G
7-M,181,0,0,236,0,236,G
7-M,182,1,0,237,0,238,G
7-M,183,0,0,236,0,236,G
7-M,184,0,228,0,0,228,T
7-M,185,0,229,0,1,230,T
7-M,186,0,231,1,0,232,T
7-M,187,0,0,241,0,241,G
7-M,188,0,237,0,0,237,T
7-M,189,0,0,238,0,238,G
7-M,190,0,241,0,0,241,T
7-M,191,0,239,0,0,239,T
7-M,192,3,0,0,241,244,C
7-M,193,244,0,0,0,244,A
7-M,194,0,0,0,256,256,C
7-M,195,0,0,252,0,252,G
7-M,196,0,0,0,253,253,C
7-M,197,0,247,0,1,248,T
7-M,198,1,0,0,262,263,C
7-M,199,262,0,0,0,262,A
7-M,200,0,0,0,265,265,C
7-M,201,0,0,0,263,263,C
7-M,202,0,0,267,0,267,G
7-M,203,0,255,0,0,255,T
7-M,204,0,0,261,0,261,G
7-M,205,1,0,0,258,259,C
7-M,206,0,0,0,256,256,C
7-M,207,0,0,0,262,262,C
7-M,208,261,0,0,0,261,A
7-M,209,0,0,264,0,264,G
7-M,210,0,259,0,0,259,T
7-M,211,0,0,260,0,260,G
7-M,212,263,0,0,0,263,A
7-M,213,0,0,258,0,258,G
7-M,214,0,0,0,260,260,C
7-M,215,0,0,261,0,261,G
7-M,216,262,0,0,0,262,A
7-M,217,0,0,262,0,262,G
7-M,218,0,0,265,0,265,G
7-M,219,262,0,0,0,262,A
7-M,220,0,0,0,263,263,C
7-M,221,0,259,0,0,259,T
7-M,222,0,0,263,0,263,G
7-M,223,0,0,0,264,264,C
7-M,224,261,0,0,0,261,A
7-M,225,0,0,265,0,265,G
7-M,226,0,0,0,263,263,C
7-M,227,0,0,262,0,262,G
7-M,228,0,262,0,0,262,T
7-M,229,262,0,0,0,262,A
7-M,230,0,0,263,0,263,G
7-M,231,259,0,0,0,259,A
7-M,232,0,0,0,262,262,C
7-M,233,0,0,259,0,259,G
7-M,234,0,0,0,256,256,C
7-M,235,0,255,0,0,255,T
7-M,236,0,252,0,0,252,T
7-M,237,0,256,0,0,256,T
7-M,238,0,0,260,0,260,G
7-M,239,0,259,0,0,259,T
7-M,240,0,0,0,260,260,C
7-M,241,0,0,0,257,257,C
7-M,242,261,0,0,0,261,A
7-M,243,258,0,0,0,258,A
7-M,244,261,0,0,0,261,A
7-M,245,259,0,1,0,260,A
7-M,246,0,257,0,1,258,T
7-M,247,0,0,258,0,258,G
7-M,248,0,0,0,257,257,C
7-M,249,1,0,0,250,251,C
7-M,250,0,0,0,261,261,C
7-M,251,0,262,0,0,262,T
7-M,252,0,0,0,274,274,C
7-M,253,276,0,0,0,276,A
7-M,254,280,0,0,0,280,A
7-M,255,0,284,0,0,284,T
7-M,256,0,0,284,0,284,G
7-M,257,0,0,286,0,286,G
7-M,258,0,1,283,0,284,G
7-M,259,286,0,1,0,287,A
7-M,260,285,0,0,0,285,A
7-M,261,0,271,4,1,276,T
7-M,262,0,0,277,0,277,G
7-M,263,0,1,279,0,280,G
7-M,264,272,0,1,0,273,A
7-M,265,0,0,277,0,277,G
7-M,266,273,0,0,0,273,A
7-M,267,0,0,0,269,269,C
7-M,268,0,0,0,281,281,C
7-M,269,0,0,0,283,283,C
7-M,270,292,0,0,0,292,A
7-M,271,292,0,0,0,292,A
7-M,272,290,0,0,0,290,A
7-M,273,0,293,0,0,293,T
7-M,274,301,0,0,0,301,A
7-M,275,299,0,0,0,299,A
7-M,276,0,0,0,290,290,C
7-M,277,287,0,0,0,287,A
7-M,278,0,288,0,0,288,T
7-M,279,0,1,296,0,297,G
7-M,280,1,0,299,0,300,G
7-M,281,296,1,0,0,297,A
7-M,282,0,0,0,297,297,C
7-M,283,292,0,0,0,292,A
7-M,284,295,0,0,0,295,A
7-M,285,294,0,0,0,294,A
7-M,286,0,0,301,0,301,G
7-M,287,0,1,0,306,307,C
7-M,288,301,0,0,0,301,A
7-M,289,0,0,310,0,310,G
7-M,290,0,309,0,0,309,T
7-M,291,0,307,0,0,307,T
7-M,292,313,0,0,0,313,A
7-M,293,310,0,0,0,310,A
7-M,294,309,0,0,0,309,A
7-M,295,0,0,0,312,312,C
7-M,296,0,304,0,0,304,T
7-M,297,0,0,327,0,327,G
7-M,298,0,320,0,0,320,T
7-M,299,325,0,0,0,325,A
7-M,300,0,326,0,0,326,T
7-M,301,322,0,0,0,322,A
7-M,302,0,1,320,0,321,G
7-M,303,300,0,0,0,300,A
7-M,304,304,0,1,0,305,A
7-M,305,305,0,0,0,305,A
7-M,306,303,0,0,0,303,A
7-M,307,0,0,0,307,307,C
7-M,308,0,302,0,0,302,T
7-M,309,0,309,0,0,309,T
7-M,310,304,0,0,0,304,A
7-M,311,305,0,0,0,305,A
7-M,312,0,0,306,0,306,G
7-M,313,305,0,0,0,305,A
7-M,314,0,1,308,0,309,G
7-M,315,0,0,309,0,309,G
7-M,316,0,0,312,0,312,G
7-M,317,312,0,0,0,312,A
7-M,318,0,1,308,0,309,G
7-M,319,311,0,0,0,311,A
7-M,320,0,312,0,0,312,T
7-M,321,317,0,0,0,317,A
7-M,322,316,0,0,0,316,A
7-M,323,0,0,0,313,313,C
7-M,324,0,0,314,0,314,G
7-M,325,0,307,0,0,307,T
7-M,326,0,305,0,0,305,T
7-M,327,1,0,0,312,313,C
7-M,328,0,0,0,310,310,C
7-M,329,310,0,0,0,310,A
7-M,330,0,312,0,0,312,T
7-M,331,0,0,307,0,307,G
7-M,332,0,0,310,0,310,G
7-M,333,0,0,307,0,307,G
7-M,334,0,0,309,0,309,G
7-M,335,0,0,0,306,306,C
7-M,336,0,0,0,303,303,C
7-M,337,306,0,0,0,306,A
7-M,338,312,0,0,0,312,A
7-M,339,313,0,0,0,313,A
7-M,340,0,0,314,0,314,G
7-M,341,317,0,0,0,317,A
7-M,342,316,0,0,0,316,A
7-M,343,315,0,0,0,315,A
7-M,344,0,316,0,0,316,T
7-M,345,312,0,0,0,312,A
7-M,346,0,0,313,0,313,G
7-M,347,0,0,0,312,312,C
7-M,348,0,305,0,1,306,T
7-M,349,0,0,0,307,307,C
7-M,350,0,305,0,0,305,T
7-M,351,0,0,0,316,316,C
7-M,352,313,0,1,0,314,A
7-M,353,0,0,314,0,314,G
7-M,354,0,312,0,0,312,T
7-M,355,0,318,0,0,318,T
7-M,356,320,0,0,0,320,A
7-M,357,0,321,0,0,321,T
7-M,358,0,316,0,0,316,T
7-M,359,2,0,0,317,319,C
7-M,360,0,312,0,0,312,T
7-M,361,0,0,315,0,315,G
7-M,362,0,0,0,312,312,C
7-M,363,0,312,0,1,313,T
7-M,364,0,2,311,0,313,G
7-M,365,0,0,314,0,314,G
7-M,366,0,315,0,0,315,T
7-M,367,0,0,310,0,310,G
7-M,368,0,0,0,312,312,C
7-M,369,310,0,2,0,312,A
7-M,370,0,0,0,321,321,C
7-M,371,0,314,0,0,314,T
7-M,372,1,322,0,1,324,T
7-M,373,0,0,325,0,325,G
7-M,374,0,0,0,318,318,C
7-M,375,0,0,0,325,325,C
7-M,376,328,0,0,0,328,A
7-M,377,0,0,329,0,329,G
7-M,378,0,326,0,2,328,T
7-M,379,0,322,0,1,323,T
7-M,380,0,0,326,0,326,G
7-M,381,0,0,0,323,323,C
7-M,382,321,0,0,0,321,A
7-M,383,0,319,0,0,319,T
7-M,384,0,0,323,0,323,G
7-M,385,0,0,323,0,323,G
7-M,386,0,0,330,0,330,G
7-M,387,0,0,0,326,326,C
7-M,388,0,0,0,336,336,C
7-M,389,0,344,0,1,345,T
7-M,390,1,0,0,342,343,C
7-M,391,361,0,0,0,361,A
7-M,392,0,363,0,0,363,T
7-M,393,369,0,0,0,369,A
7-M,394,0,370,0,0,370,T
7-M,395,363,0,0,0,363,A
7-M,396,0,0,0,390,390,C
7-M,397,373,0,0,0,373,A
7-M,398,380,0,0,0,380,A
7-M,399,0,370,0,0,370,T
7-M,400,351,0,0,0,351,A
7-M,401,0,0,357,0,357,G
7-M,402,0,0,349,0,349,G
7-M,403,346,0,0,0,346,A
7-M,404,0,348,0,0,348,T
7-M,405,0,0,329,0,329,G
7-M,406,0,0,326,0,326,G
7-M,407,0,2,324,0,326,G
7-M,408,0,2,322,0,324,G
7-M,409,0,0,323,0,323,G
7-M,410,0,0,0,320,320,C
7-M,411,0,319,0,1,320,T
7-M,412,0,0,324,0,324,G
7-M,413,0,325,0,0,325,T
7-M,414,320,0,0,0,320,A
7-M,415,321,0,0,0,321,A
7-M,416,0,0,0,322,322,C
7-M,417,0,0,0,317,317,C
7-M,418,314,0,0,0,314,A
7-M,419,0,0,0,313,313,C
7-M,420,0,315,0,0,315,T
7-M,421,0,0,317,0,317,G
7-M,422,312,0,0,0,312,A
7-M,423,311,0,0,0,311,A
7-M,424,0,0,311,0,311,G
7-M,425,0,309,0,0,309,T
7-M,426,0,0,309,0,309,G
7-M,427,0,0,302,0,302,G
7-M,428,0,1,0,308,309,C
7-M,429,310,0,0,0,310,A
7-M,430,0,305,0,1,306,T
7-M,431,0,306,0,0,306,T
7-M,432,0,307,0,0,307,T
7-M,433,0,2,317,0,319,G
7-M,434,0,0,316,0,316,G
7-M,435,0,2,0,309,311,C
7-M,436,0,0,0,316,316,C
7-M,437,0,317,0,0,317,T
7-M,438,0,0,333,0,333,G
7-M,439,0,0,335,0,335,G
7-M,440,0,340,0,0,340,T
7-M,441,341,0,0,0,341,A
7-M,442,0,320,0,0,320,T
7-M,443,0,0,328,0,328,G
7-M,444,0,326,0,0,326,T
7-M,445,0,0,326,0,326,G
7-M,446,0,0,0,328,328,C
7-M,447,319,0,0,0,319,A
7-M,448,318,0,0,0,318,A
7-M,449,0,0,0,322,322,C
7-M,450,322,0,0,0,322,A
7-M,451,0,324,0,0,324,T
7-M,452,0,0,313,0,313,G
7-M,453,0,306,0,0,306,T
7-M,454,0,0,307,0,307,G
7-M,455,303,0,1,0,304,A
7-M,456,0,0,304,0,304,G
7-M,457,0,0,0,306,306,C
7-M,458,294,0,1,0,295,A
7-M,459,0,0,297,0,297,G
7-M,460,294,0,0,0,294,A
7-M,461,0,295,0,0,295,T
7-M,462,0,294,0,0,294,T
7-M,463,0,0,297,0,297,G
7-M,464,0,0,0,295,295,C
7-M,465,0,292,0,1,293,T
7-M,466,0,0,292,0,292,G
7-M,467,293,0,0,0,293,A
7-M,468,0,0,0,306,306,C
7-M,469,0,308,0,0,308,T
7-M,470,0,0,0,304,304,C
7-M,471,0,0,0,305,305,C
7-M,472,0,1,0,307,308,C
7-M,473,307,0,0,0,307,A
7-M,474,0,1,308,0,309,G
7-M,475,0,0,0,305,305,C
7-M,476,308,0,0,0,308,A
7-M,477,0,0,0,310,310,C
7-M,478,276,0,1,0,277,A
7-M,479,0,0,279,0,279,G
7-M,480,0,0,279,0,279,G
7-M,481,0,278,0,0,278,T
7-M,482,1,0,0,287,288,C
7-M,483,0,281,0,0,281,T
7-M,484,0,0,0,286,286,C
7-M,485,287,0,0,0,287,A
7-M,486,0,283,0,1,284,T
7-M,487,288,0,0,0,288,A
7-M,488,0,0,282,0,282,G
7-M,489,0,0,278,0,278,G
7-M,490,0,0,0,277,277,C
7-M,491,274,0,0,0,274,A
7-M,492,0,0,268,0,268,G
7-M,493,274,0,0,0,274,A
7-M,494,0,271,0,1,272,T
7-M,495,0,0,277,0,277,G
7-M,496,0,0,274,0,274,G
7-M,497,0,272,0,0,272,T
7-M,498,1,0,274,0,275,G
7-M,499,0,0,272,0,272,G
7-M,500,0,0,0,273,273,C
7-M,501,276,0,0,0,276,A
7-M,502,272,0,0,0,272,A
7-M,503,0,0,0,275,275,C
7-M,504,276,0,0,0,276,A
7-M,505,278,0,0,0,278,A
7-M,506,1,0,0,272,273,C
7-M,507,1,0,0,272,273,C
7-M,508,265,0,0,0,265,A
7-M,509,270,0,0,0,270,A
7-M,510,0,268,0,0,268,T
7-M,511,1,0,0,269,270,C
7-M,512,0,0,0,265,265,C
7-M,513,261,0,0,0,261,A
7-M,514,0,261,0,0,261,T
7-M,515,0,263,0,0,263,T
7-M,516,261,0,0,0,261,A
7-M,517,264,0,0,0,264,A
7-M,518,0,264,0,0,264,T
7-M,519,262,0,0,0,262,A
7-M,520,257,0,0,0,257,A
7-M,521,256,0,0,0,256,A
7-M,522,256,0,1,0,257,A
7-M,523,0,0,0,262,262,C
7-M,524,262,0,0,0,262,A
7-M,525,0,261,0,0,261,T
7-M,526,0,3,257,0,260,G
7-M,527,261,0,0,0,261,A
7-M,528,0,0,263,0,263,G
7-M,529,257,1,1,0,259,A
7-M,530,262,0,0,0,262,A
7-M,531,0,0,0,262,262,C
7-M,532,244,0,0,1,245,A
7-M,533,0,1,250,0,251,G
7-M,534,244,0,0,0,244,A
7-M,535,250,0,1,0,251,A
7-M,536,0,251,0,0,251,T
7-M,537,0,0,244,0,244,G
7-M,538,0,0,245,0,245,G
7-M,539,0,248,0,1,249,T
7-M,540,0,237,0,0,237,T
7-M,541,0,246,0,0,246,T
7-M,542,0,244,0,0,244,T
7-M,543,0,0,245,0,245,G
7-M,544,0,0,244,0,244,G
7-M,545,0,0,0,242,242,C
7-M,546,1,0,0,244,245,C
7-M,547,231,0,0,0,231,A
7-M,548,0,0,238,0,238,G
7-M,549,0,0,0,248,248,C
7-M,550,248,0,1,0,249,A
7-M,551,0,0,0,255,255,C
7-M,552,0,252,0,0,252,T
7-M,553,254,0,0,0,254,A
7-M,554,0,0,0,258,258,C
7-M,555,262,0,0,0,262,A
7-M,556,0,0,274,0,274,G
7-M,557,0,0,0,262,262,C
7-M,558,0,265,0,0,265,T
7-M,559,265,0,0,0,265,A
7-M,560,260,0,0,0,260,A
7-M,561,0,0,267,0,267,G
7-M,562,1,0,264,0,265,G
7-M,563,1,0,0,267,268,C
7-M,564,0,254,0,0,254,T
7-M,565,255,0,0,0,255,A
7-M,566,0,255,0,1,256,T
7-M,567,0,0,257,0,257,G
7-M,568,0,0,254,0,254,G
7-M,569,250,0,0,0,250,A
7-M,570,0,0,248,0,248,G
7-M,571,0,0,0,242,242,C
7-M,572,240,0,0,0,240,A
7-M,573,239,0,0,0,239,A
7-M,574,236,0,1,0,237,A
7-M,575,0,242,0,0,242,T
7-M,576,0,0,241,0,241,G
7-M,577,0,0,238,0,238,G
7-M,578,0,0,0,239,239,C
7-M,579,0,237,0,1,238,T
7-M,580,0,0,239,0,239,G
7-M,581,0,0,240,0,240,G
7-M,582,239,0,0,0,239,A
7-M,583,0,240,0,0,240,T
7-M,584,1,0,0,239,240,C
7-M,585,240,0,0,0,240,A
7-M,586,246,0,0,0,246,A
7-M,587,0,0,249,0,249,G
7-M,588,0,246,0,0,246,T
7-M,589,0,0,248,0,248,G
7-M,590,236,0,1,0,237,A
7-M,591,4,0,235,0,239,G
7-M,592,0,0,0,238,238,C
7-M,593,238,0,0,0,238,A
7-M,594,0,0,243,0,243,G
7-M,595,0,0,239,0,239,G
7-M,596,0,0,0,241,241,C
7-M,597,239,0,0,0,239,A
7-M,598,0,0,243,0,243,G
7-M,599,0,0,0,241,241,C
7-M,600,0,0,239,0,239,G
7-M,601,0,0,236,0,236,G
7-M,602,238,0,1,0,239,A
7-M,603,0,0,239,0,239,G
7-M,604,0,0,250,0,250,G
7-M,605,0,0,0,245,245,C
7-M,606,0,0,0,251,251,C
7-M,607,247,0,0,0,247,A
7-M,608,0,250,0,0,250,T
7-M,609,0,0,251,0,251,G
7-M,610,0,0,249,1,250,G
7-M,611,247,0,0,0,247,A
7-M,612,0,0,246,0,246,G
7-M,613,240,0,0,0,240,A
7-M,614,0,255,0,0,255,T
7-M,615,0,258,0,0,258,T
7-M,616,0,0,256,0,256,G
7-M,617,0,0,0,257,257,C
7-M,618,0,259,0,0,259,T
7-M,619,259,0,0,0,259,A
7-M,620,0,0,262,0,262,G
7-M,621,0,257,0,0,257,T
7-M,622,1,0,0,257,258,C
7-M,623,255,0,0,0,255,A
7-M,624,0,0,257,0,257,G
7-M,625,1,0,253,0,254,G
7-M,626,0,0,0,254,254,C
7-M,627,0,0,0,252,252,C
7-M,628,253,0,1,0,254,A
7-M,629,0,1,258,0,259,G
7-M,630,0,0,259,0,259,G
7-M,631,0,0,0,259,259,C
7-M,632,260,0,0,0,260,A
7-M,633,0,0,259,0,259,G
7-M,634,255,0,3,0,258,A
7-M,635,0,255,0,0,255,T
7-M,636,0,0,261,0,261,G
7-M,637,0,0,270,0,270,G
7-M,638,0,271,0,0,271,T
7-M,639,1,0,271,0,272,G
7-M,640,0,0,0,270,270,C
7-M,641,269,0,1,0,270,A
7-M,642,0,0,277,0,277,G
7-M,643,0,2,276,0,278,G
7-M,644,0,0,0,279,279,C
7-M,645,277,0,0,0,277,A
7-M,646,271,0,0,0,271,A
7-M,647,0,270,0,0,270,T
7-M,648,0,1,270,0,271,G
7-M,649,268,0,0,0,268,A
7-M,650,0,0,268,0,268,G
7-M,651,256,0,0,0,256,A
7-M,652,0,0,263,0,263,G
7-M,653,0,0,0,267,267,C
7-M,654,0,0,0,270,270,C
7-M,655,273,0,0,0,273,A
7-M,656,0,274,0,0,274,T
7-M,657,0,274,0,0,274,T
7-M,658,0,0,275,0,275,G
7-M,659,0,0,271,0,271,G
7-M,660,0,0,267,0,267,G
7-M,661,271,0,0,0,271,A
7-M,662,0,0,0,270,270,C
7-M,663,0,259,0,0,259,T
7-M,664,0,0,0,265,265,C
7-M,665,261,0,0,0,261,A
7-M,666,0,267,0,0,267,T
7-M,667,0,0,0,272,272,C
7-M,668,0,0,0,271,271,C
7-M,669,0,267,0,0,267,T
7-M,670,270,0,0,0,270,A
7-M,671,1,0,269,0,270,G
7-M,672,0,290,0,0,290,T
7-M,673,0,285,0,0,285,T
7-M,674,1,0,0,284,285,C
7-M,675,0,0,0,282,282,C
7-M,676,277,0,0,0,277,A
7-M,677,0,0,282,0,282,G
7-M,678,0,281,0,0,281,T
7-M,679,284,0,0,0,284,A
7-M,680,0,0,0,280,280,C
7-M,681,0,252,0,0,252,T
7-M,682,0,0,257,0,257,G
7-M,683,0,0,264,0,264,G
7-M,684,0,261,0,0,261,T
7-M,685,0,0,0,263,263,C
7-M,686,0,262,0,0,262,T
7-M,687,264,0,0,0,264,A
7-M,688,263,0,0,0,263,A
7-M,689,0,0,267,0,267,G
7-M,690,262,0,0,0,262,A
7-M,691,0,0,256,0,256,G
7-M,692,244,0,0,0,244,A
7-M,693,0,244,0,0,244,T
7-M,694,0,0,246,0,246,G
7-M,695,246,0,0,0,246,A
7-M,696,0,239,0,0,239,T
7-M,697,1,0,0,245,246,C
7-M,698,0,238,0,0,238,T
7-M,699,0,243,0,0,243,T
7-M,700,1,0,0,242,243,C
7-M,701,0,243,1,0,244,T
7-M,702,0,243,0,0,243,T
7-M,703,0,2,243,0,245,G
7-M,704,243,0,0,0,243,A
7-M,705,244,0,0,0,244,A
7-M,706,246,0,0,0,246,A
7-M,707,244,0,0,0,244,A
7-M,708,0,242,0,0,242,T
7-M,709,0,244,0,0,244,T
7-M,710,0,248,0,0,248,T
7-M,711,0,1,245,0,246,G
7-M,712,0,0,0,244,244,C
7-M,713,247,0,1,0,248,A
7-M,714,0,0,248,0,248,G
7-M,715,244,0,0,0,244,A
7-M,716,0,0,0,253,253,C
7-M,717,0,0,0,251,251,C
7-M,718,0,251,0,0,251,T
7-M,719,256,0,0,0,256,A
7-M,720,0,255,0,0,255,T
7-M,721,1,0,0,256,257,C
7-M,722,254,0,0,0,254,A
7-M,723,0,0,255,0,255,G
7-M,724,254,0,0,0,254,A
7-M,725,248,0,0,0,248,A
7-M,726,251,0,0,0,251,A
7-M,727,0,0,0,255,255,C
7-M,728,0,0,255,0,255,G
7-M,729,251,0,0,0,251,A
7-M,730,250,0,0,0,250,A
7-M,731,0,254,0,0,254,T
7-M,732,0,0,253,0,253,G
7-M,733,0,0,254,0,254,G
7-M,734,0,1,250,0,251,G
7-M,735,243,0,0,0,243,A
7-M,736,0,0,254,0,254,G
7-M,737,0,253,0,0,253,T
7-M,738,0,0,254,0,254,G
7-M,739,0,0,0,254,254,C
7-M,740,253,0,0,0,253,A
7-M,741,0,0,255,0,255,G
7-M,742,250,0,0,0,250,A
7-M,743,0,249,0,0,249,T
7-M,744,1,0,245,0,246,G
7-M,745,0,0,0,241,241,C
7-M,746,239,0,0,0,239,A
7-M,747,239,0,0,0,239,A
7-M,748,0,0,0,242,242,C
7-M,749,0,0,241,0,241,G
7-M,750,238,0,0,0,238,A
7-M,751,0,240,0,0,240,T
7-M,752,0,240,0,0,240,T
7-M,753,1,0,0,243,244,C
7-M,754,243,0,0,0,243,A
7-M,755,242,0,0,0,242,A
7-M,756,0,0,242,0,242,G
7-M,757,0,238,0,0,238,T
7-M,758,0,1,239,0,240,G
7-M,759,231,0,2,0,233,A
7-M,760,0,1,0,229,230,C
7-M,761,1,0,0,233,234,C
7-M,762,0,0,0,240,240,C
7-M,763,0,1,238,0,239,G
7-M,764,0,0,0,241,241,C
7-M,765,0,243,0,0,243,T
7-M,766,0,244,0,0,244,T
7-M,767,0,0,245,0,245,G
7-M,768,0,244,0,0,244,T
7-M,769,0,241,0,0,241,T
7-M,770,0,0,241,0,241,G
7-M,771,0,236,0,0,236,T
7-M,772,0,238,0,0,238,T
7-M,773,0,0,235,0,235,G
7-M,774,0,0,2,229,231,C
7-M,775,0,0,0,235,235,C
7-M,776,0,0,234,0,234,G
7-M,777,0,0,0,233,233,C
7-M,778,0,2,236,0,238,G
7-M,779,239,0,0,0,239,A
7-M,780,235,0,0,0,235,A
7-M,781,0,241,0,0,241,T
7-M,782,240,0,0,0,240,A
7-M,783,0,244,0,0,244,T
7-M,784,1,0,0,249,250,C
7-M,785,248,0,0,0,248,A
7-M,786,0,248,0,0,248,T
7-M,787,0,243,0,0,243,T
7-M,788,0,0,245,0,245,G
7-M,789,0,0,244,0,244,G
7-M,790,0,1,241,0,242,G
7-M,791,242,0,0,0,242,A
7-M,792,0,232,0,0,232,T
7-M,793,0,0,0,224,224,C
7-M,794,0,225,0,0,225,T
7-M,795,0,225,0,0,225,T
7-M,796,0,0,227,0,227,G
7-M,797,0,0,0,227,227,C
7-M,798,224,0,0,0,224,A
7-M,799,0,0,0,227,227,C
7-M,800,0,222,0,0,222,T
7-M,801,0,221,0,1,222,T
7-M,802,0,1,219,0,220,G
7-M,803,229,0,0,0,229,A
7-M,804,0,228,0,0,228,T
7-M,805,222,0,0,0,222,A
7-M,806,0,222,0,0,222,T
7-M,807,0,219,0,0,219,T
7-M,808,0,0,219,1,220,G
7-M,809,0,219,0,0,219,T
7-M,810,0,0,215,0,215,G
7-M,811,0,0,215,0,215,G
7-M,812,209,0,0,0,209,A
7-M,813,0,209,0,0,209,T
7-M,814,0,209,0,1,210,T
7-M,815,0,1,0,206,207,C
7-M,816,0,206,0,2,208,T
7-M,817,0,205,0,0,205,T
7-M,818,0,0,205,0,205,G
7-M,819,203,0,0,0,203,A
7-M,820,0,204,0,0,204,T
7-M,821,0,0,0,199,199,C
7-M,822,0,0,197,0,197,G
7-M,823,0,197,0,0,197,T
7-M,824,0,0,0,198,198,C
7-M,825,0,196,0,0,196,T
7-M,826,0,201,0,0,201,T
7-M,827,0,201,0,0,201,T
7-M,828,0,198,0,0,198,T
7-M,829,0,201,0,0,201,T
7-M,830,0,199,0,0,199,T
7-M,831,0,199,0,0,199,T
7-M,832,1,3,0,194,198,C
7-M,833,197,0,0,0,197,A
7-M,834,200,0,0,0,200,A
7-M,835,199,0,0,0,199,A
7-M,836,0,196,0,0,196,T
7-M,837,0,0,194,0,194,G
7-M,838,0,0,0,197,197,C
7-M,839,0,0,198,0,198,G
7-M,840,0,203,0,0,203,T
7-M,841,0,0,0,201,201,C
7-M,842,0,202,0,1,203,T
7-M,843,203,0,0,0,203,A
7-M,844,0,201,0,0,201,T
7-M,845,1,0,0,200,201,C
7-M,846,0,0,203,0,203,G
7-M,847,198,0,0,0,198,A
7-M,848,0,0,0,199,199,C
7-M,849,0,194,0,0,194,T
7-M,850,0,0,0,200,200,C
7-M,851,0,200,0,0,200,T
7-M,852,0,197,0,1,198,T
7-M,853,0,0,0,196,196,C
7-M,854,197,0,0,0,197,A
7-M,855,196,0,0,0,196,A
7-M,856,197,0,0,0,197,A
7-M,857,0,0,0,197,197,C
7-M,858,196,0,0,0,196,A
7-M,859,0,1,0,187,188,C
7-M,860,1,0,184,0,185,G
7-M,861,0,0,192,0,192,G
7-M,862,1,0,0,189,190,C
7-M,863,0,0,0,195,195,C
7-M,864,0,193,0,0,193,T
7-M,865,0,195,0,0,195,T
7-M,866,197,0,0,0,197,A
7-M,867,199,0,0,0,199,A
7-M,868,199,0,0,0,199,A
7-M,869,197,0,0,0,197,A
7-M,870,0,0,189,0,189,G
7-M,871,167,0,0,0,167,A
7-M,872,0,0,165,0,165,G
7-M,873,2,0,163,0,165,G
7-M,874,0,0,0,160,160,C
7-M,875,0,0,0,158,158,C
7-M,876,0,0,0,161,161,C
7-M,877,1,163,0,0,164,T
7-M,878,0,162,0,0,162,T
7-M,879,0,0,0,166,166,C
7-M,880,0,167,0,0,167,T
7-M,881,166,0,2,0,168,A
7-M,882,0,0,0,165,165,C
7-M,883,0,0,166,0,166,G
7-M,884,0,0,165,0,165,G
7-M,885,162,0,0,0,162,A
7-M,886,162,0,0,0,162,A
7-M,887,0,0,159,0,159,G
7-M,888,0,0,158,0,158,G
7-M,889,155,0,0,0,155,A
7-M,890,0,0,156,0,156,G
7-M,891,0,153,0,0,153,T
7-M,892,154,0,0,0,154,A
7-M,893,0,0,0,152,152,C
7-M,894,0,0,0,154,154,C
7-M,895,0,154,0,0,154,T
7-M,896,1,0,149,0,150,G
7-M,897,152,0,0,0,152,A
7-M,898,0,0,159,0,159,G
7-M,899,0,153,0,0,153,T
7-M,900,0,0,0,154,154,C
7-M,901,0,155,0,0,155,T
7-M,902,154,0,0,0,154,A
7-M,903,0,156,0,0,156,T
7-M,904,0,0,155,0,155,G
7-M,905,154,0,0,0,154,A
7-M,906,0,0,152,0,152,G
7-M,907,0,0,147,0,147,G
7-M,908,0,0,145,0,145,G
7-M,909,141,0,1,0,142,A
7-M,910,142,0,0,0,142,A
7-M,911,0,0,142,0,142,G
7-M,912,140,1,0,0,141,A
7-M,913,144,0,0,0,144,A
7-M,914,0,142,0,0,142,T
7-M,915,143,0,0,0,143,A
7-M,916,0,135,0,1,136,T
7-M,917,0,2,0,139,141,C
7-M,918,0,0,141,0,141,G
7-M,919,139,0,0,1,140,A
7-M,920,141,0,0,0,141,A
7-M,921,141,0,0,0,141,A
7-M,922,0,0,136,0,136,G
7-M,923,0,0,137,0,137,G
7-M,924,134,0,0,0,134,A
7-M,925,136,0,0,0,136,A
7-M,926,0,0,0,132,132,C
7-M,927,129,0,0,0,129,A
7-M,928,0,0,132,0,132,G
7-M,929,0,0,0,131,131,C
7-M,930,129,0,0,0,129,A
7-M,931,0,1,129,0,130,G
7-M,932,118,0,0,0,118,A
7-M,933,117,0,0,0,117,A
7-M,934,0,116,0,0,116,T
7-M,935,0,0,114,0,114,G
7-M,936,0,0,0,113,113,C
7-M,937,0,102,0,0,102,T
7-M,938,0,0,104,0,104,G
7-M,939,0,103,0,0,103,T
7-M,940,0,0,102,0,102,G
7-M,941,0,0,100,0,100,G
7-M,942,98,0,0,0,98,A
7-M,943,0,97,0,0,97,T
7-M,944,0,0,93,0,93,G
7-M,945,0,0,0,91,91,C
7-M,946,0,83,0,0,83,T
7-M,947,0,0,80,0,80,G
7-M,948,80,0,0,0,80,A
7-M,949,0,0,0,79,79,C
7-M,950,0,0,79,0,79,G
7-M,951,78,0,0,0,78,A
7-M,952,0,0,0,79,79,C
7-M,953,73,0,0,0,73,A
7-M,954,0,0,73,0,73,G
7-M,955,0,73,0,0,73,T
7-M,956,0,0,0,69,69,C
7-M,957,70,0,0,0,70,A
7-M,958,0,70,0,0,70,T
7-M,959,0,70,0,0,70,T
7-M,960,0,70,0,0,70,T
7-M,961,0,67,0,0,67,T
7-M,962,0,0,66,0,66,G
7-M,963,0,62,0,0,62,T
7-M,964,0,0,0,63,63,C
7-M,965,63,0,0,0,63,A
7-M,966,0,0,63,0,63,G
7-M,967,0,0,0,63,63,C
7-M,968,62,0,0,0,62,A
7-M,969,0,63,0,0,63,T
7-M,970,60,0,0,0,60,A
7-M,971,0,0,60,0,60,G
7-M,972,58,0,0,0,58,A
7-M,973,0,0,56,0,56,G
7-M,974,0,54,0,0,54,T
7-M,975,0,34,0,0,34,T
7-M,976,0,0,33,0,33,G
7-M,977,0,0,33,0,33,G
7-M,978,32,0,0,0,32,A
7-M,979,0,0,32,0,32,G
7-M,980,0,19,0,0,19,T
7-M,981,17,0,0,0,17,A
7-M,982,16,0,0,0,16,A
8-NS,1,695,0,0,0,695,A
8-NS,2,0,702,0,0,702,T
8-NS,3,0,0,744,0,744,G
8-NS,4,0,2,793,0,795,G
8-NS,5,842,0,0,0,842,A
8-NS,6,0,1797,0,0,1797,T
8-NS,7,0,1817,0,1,1818,T
8-NS,8,1,0,0,1857,1858,C
8-NS,9,0,0,0,1865,1865,C
8-NS,10,1876,0,0,0,1876,A
8-NS,11,1896,0,2,0,1898,A
8-NS,12,0,0,0,1898,1898,C
8-NS,13,1902,0,0,0,1902,A
8-NS,14,0,1,0,1920,1921,C
8-NS,15,0,1917,0,1,1918,T
8-NS,16,0,0,2134,0,2134,G
8-NS,17,0,2145,0,0,2145,T
8-NS,18,0,0,2161,0,2161,G
8-NS,19,1,2173,0,1,2175,T
8-NS,20,2,0,0,2177,2179,C
8-NS,21,2181,0,1,0,2182,A
8-NS,22,2187,0,0,0,2187,A
8-NS,23,0,0,2216,0,2216,G
8-NS,24,0,2280,0,0,2280,T
8-NS,25,0,2283,0,0,2283,T
8-NS,26,0,2304,0,0,2304,T
8-NS,27,0,1,0,2297,2298,C
8-NS,28,1,0,0,2308,2309,C
8-NS,29,2302,0,1,0,2303,A
8-NS,30,2,2,2337,0,2341,G
8-NS,31,0,1,2335,0,2336,G
8-NS,32,0,2278,0,1,2279,T
8-NS,33,2357,0,1,0,2358,A
8-NS,34,0,3,2374,0,2377,G
8-NS,35,2371,0,0,0,2371,A
8-NS,36,0,2399,0,1,2400,T
8-NS,37,0,2411,0,1,2412,T
8-NS,38,0,0,2418,0,2418,G
8-NS,39,1,2,0,2398,2401,C
8-NS,40,0,2421,0,11,2432,T
8-NS,41,0,2462,0,1,2463,T
8-NS,42,0,2482,0,1,2483,T
8-NS,43,2,0,0,2521,2523,C
8-NS,44,0,2519,0,1,2520,T
8-NS,45,0,2505,0,1,2506,T
8-NS,46,0,2517,0,2,2519,T
8-NS,47,1,1,2527,0,2529,G
8-NS,48,1,1,2467,0,2469,G
8-NS,49,1,2,0,2520,2523,C
8-NS,50,2492,0,2,0,2494,A
8-NS,51,0,2503,0,0,2503,T
8-NS,52,2564,0,0,0,2564,A
8-NS,53,0,2622,0,2,2624,T
8-NS,54,1,1,0,2634,2636,C
8-NS,55,0,0,0,2634,2634,C
8-NS,56,1,1,2621,2,2625,G
8-NS,57,1,1,2632,0,2634,G
8-NS,58,2639,0,1,0,2640,A
8-NS,59,2664,0,1,0,2665,A
8-NS,60,2654,0,0,23,2677,A
8-NS,61,1,0,0,2702,2703,C
8-NS,62,2697,0,1,0,2698,A
8-NS,63,2667,1,3,0,2671,A
8-NS,64,0,0,2801,0,2801,G
8-NS,65,0,2811,0,0,2811,T
8-NS,66,0,2812,0,1,2813,T
8-NS,67,0,0,2821,0,2821,G
8-NS,68,0,2824,0,1,2825,T
8-NS,69,2821,1,2,0,2824,A
8-NS,70,1,23,2804,1,2829,G
8-NS,71,2985,0,4,1,2990,A
8-NS,72,0,0,0,3031,3031,C
8-NS,73,2,1,0,2988,2991,C
8-NS,74,2998,0,0,0,2998,A
8-NS,75,2997,0,9,0,3006,A
8-NS,76,0,7,3136,0,3143,G
8-NS,77,3130,0,1,0,3131,A
8-NS,78,3174,0,0,0,3174,A
8-NS,79,0,3,0,3187,3190,C
8-NS,80,0,3104,0,1,3105,T
8-NS,81,2,2,3151,0,3155,G
8-NS,82,3109,1,0,0,3110,A
8-NS,83,1,0,3232,0,3233,G
8-NS,84,0,3230,0,2,3232,T
8-NS,85,0,1,3159,0,3160,G
8-NS,86,3167,1,1,1,3170,A
8-NS,87,19,3154,0,1,3174,T
8-NS,88,0,0,3199,0,3199,G
8-NS,89,1,0,0,3259,3260,C
8-NS,90,4,1,0,3249,3254,C
8-NS,91,2,1,0,3269,3272,C
8-NS,92,1,6,0,3268,3275,C
8-NS,93,3292,0,0,0,3292,A
8-NS,94,0,3353,0,3,3356,T
8-NS,95,0,3410,0,1,3411,T
8-NS,96,2,0,0,3413,3415,C
8-NS,97,2,1,0,3397,3400,C
8-NS,98,0,3395,0,4,3399,T
8-NS,99,0,3396,0,0,3396,T
8-NS,100,1,6,3376,0,3383,G
8-NS,101,3322,2,0,0,3324,A
8-NS,102,0,3358,0,0,3358,T
8-NS,103,2,0,0,3366,3368,C
8-NS,104,1,2,3310,0,3313,G
8-NS,105,1,0,3338,0,3339,G
8-NS,106,0,1,0,3373,3374,C
8-NS,107,0,3369,0,1,3370,T
8-NS,108,0,3351,0,23,3374,T
8-NS,109,1,2,0,3388,3391,C
8-NS,110,0,1,3376,0,3377,G
8-NS,111,0,0,0,3391,3391,C
8-NS,112,0,1,0,3397,3398,C
8-NS,113,0,3,3404,0,3407,G
8-NS,114,3319,0,1,0,3320,A
8-NS,115,1,5,3476,0,3482,G
8-NS,116,3474,1,1,0,3476,A
8-NS,117,0,3509,1,0,3510,T
8-NS,118,4,0,0,3511,3515,C
8-NS,119,3496,0,1,1,3498,A
8-NS,120,0,1,3517,0,3518,G
8-NS,121,3470,2,5,0,3477,A
8-NS,122,1,4,3487,0,3492,G
8-NS,123,0,1,3519,0,3520,G
8-NS,124,0,3569,0,2,3571,T
8-NS,125,1,0,0,3747,3748,C
8-NS,126,0,0,0,3780,3780,C
8-NS,127,1,1,0,3830,3832,C
8-NS,128,0,3839,0,0,3839,T
8-NS,129,3819,0,1,0,3820,A
8-NS,130,3799,0,3,1,3803,A
8-NS,131,1,3,3859,0,3863,G
8-NS,132,0,2,3827,0,3829,G
8-NS,133,0,1,3784,0,3785,G
8-NS,134,1,0,3697,0,3698,G
8-NS,135,3667,1,2,0,3670,A
8-NS,136,3696,0,8,0,3704,A
8-NS,137,0,1,3723,0,3724,G
8-NS,138,3771,0,4,0,3775,A
8-NS,139,1,1,3817,0,3819,G
8-NS,140,2,0,3788,1,3791,G
8-NS,141,1,0,0,3846,3847,C
8-NS,142,3828,1,2,2,3833,A
8-NS,143,3830,1,0,0,3831,A
8-NS,144,0,3859,0,0,3859,T
8-NS,145,3873,0,1,0,3874,A
8-NS,146,2,0,0,3940,3942,C
8-NS,147,0,3843,0,2,3845,T
8-NS,148,4,0,0,3841,3845,C
8-NS,149,0,3799,0,1,3800,T
8-NS,150,2,1,0,3865,3868,C
8-NS,151,0,1,3904,0,3905,G
8-NS,152,1,1,4138,0,4140,G
8-NS,153,0,4133,0,1,4134,T
8-NS,154,5,1,0,4188,4194,C
8-NS,155,0,4169,0,3,4172,T
8-NS,156,4218,0,1,0,4219,A
8-NS,157,1,4,4199,1,4205,G
8-NS,158,4206,0,1,0,4207,A
8-NS,159,0,1,0,4311,4312,C
8-NS,160,4232,0,0,0,4232,A
8-NS,161,0,4150,0,1,4151,T
8-NS,162,2,1,0,4133,4136,C
8-NS,163,4143,0,1,0,4144,A
8-NS,164,4114,0,1,1,4116,A
8-NS,165,4085,0,1,5,4091,A
8-NS,166,0,2,4090,0,4092,G
8-NS,167,0,3,0,4120,4123,C
8-NS,168,4050,1,2,0,4053,A
8-NS,169,0,0,4061,0,4061,G
8-NS,170,0,1,0,4050,4051,C
8-NS,171,6,3,1,4072,4082,C
8-NS,172,4100,0,0,0,4100,A
8-NS,173,0,0,0,4149,4149,C
8-NS,174,1,0,0,4141,4142,C
8-NS,175,1,0,0,4170,4171,C
8-NS,176,4182,21,0,1,4204,A
8-NS,177,0,4222,0,1,4223,T
8-NS,178,0,1,4248,0,4249,G
8-NS,179,1,4213,0,3,4217,T
8-NS,180,1,4225,0,3,4229,T
8-NS,181,0,3,4189,0,4192,G
8-NS,182,0,9,4126,1,4136,G
8-NS,183,4083,0,0,0,4083,A
8-NS,184,4119,0,10,0,4129,A
8-NS,185,4065,0,3,1,4069,A
8-NS,186,2,0,4084,0,4086,G
8-NS,187,2,1,0,4091,4094,C
8-NS,188,4119,0,1,0,4120,A
8-NS,189,4063,0,42,0,4105,A
8-NS,190,4098,0,0,0,4098,A
8-NS,191,1,4147,0,0,4148,T
8-NS,192,0,4150,0,1,4151,T
8-NS,193,0,3,4231,0,4234,G
8-NS,194,0,4206,0,2,4208,T
8-NS,195,4186,0,1,1,4188,A
8-NS,196,0,10,4178,0,4188,G
8-NS,197,4185,0,1,1,4187,A
8-NS,198,4194,0,0,0,4194,A
8-NS,199,4189,0,2,0,4191,A
8-NS,200,4179,0,2,0,4181,A
8-NS,201,2,2,4189,0,4193,G
8-NS,202,4137,0,0,0,4137,A
8-NS,203,1,4139,1,0,4141,T
8-NS,204,0,4154,0,2,4156,T
8-NS,205,7,2,0,4163,4172,C
8-NS,206,0,4180,0,0,4180,T
8-NS,207,0,1,4177,0,4178,G
8-NS,208,4169,0,2,0,4171,A
8-NS,209,4179,0,2,0,4181,A
8-NS,210,4164,0,4,1,4169,A
8-NS,211,0,7,4176,0,4183,G
8-NS,212,4176,0,2,1,4179,A
8-NS,213,4173,0,1,1,4175,A
8-NS,214,1,11,4189,0,4201,G
8-NS,215,4203,1,15,0,4219,A
8-NS,216,4241,0,1,0,4242,A
8-NS,217,0,4241,0,0,4241,T
8-NS,218,5,0,0,4300,4305,C
8-NS,219,0,4313,0,0,4313,T
8-NS,220,0,3,4323,0,4326,G
8-NS,221,4306,0,1,0,4307,A
8-NS,222,0,4321,0,1,4322,T
8-NS,223,1,2,4281,3,4287,G
8-NS,224,4237,0,4,0,4241,A
8-NS,225,0,3,4216,0,4219,G
8-NS,226,2,3,4201,0,4206,G
8-NS,227,1,1,0,4219,4221,C
8-NS,228,4222,0,1,0,4223,A
8-NS,229,0,0,0,4345,4345,C
8-NS,230,0,4330,0,2,4332,T
8-NS,231,0,4372,0,0,4372,T
8-NS,232,4397,0,0,1,4398,A
8-NS,233,4412,0,0,0,4412,A
8-NS,234,4393,0,0,0,4393,A
8-NS,235,4388,1,3,0,4392,A
8-NS,236,0,4386,0,1,4387,T
8-NS,237,1,7,4367,0,4375,G
8-NS,238,4382,0,2,0,4384,A
8-NS,239,1,0,0,4397,4398,C
8-NS,240,7,0,0,4353,4360,C
8-NS,241,4377,0,1,0,4378,A
8-NS,242,0,4354,0,1,4355,T
8-NS,243,0,5,4485,1,4491,G
8-NS,244,24,0,4483,0,4507,G
8-NS,245,0,4515,0,3,4518,T
8-NS,246,8,1,0,4762,4771,C
8-NS,247,0,4738,0,3,4741,T
8-NS,248,4,1,0,4788,4793,C
8-NS,249,2,3,0,4775,4780,C
8-NS,250,4783,0,2,0,4785,A
8-NS,251,1,1,0,4871,4873,C
8-NS,252,4732,0,2,0,4734,A
8-NS,253,3,0,0,4754,4757,C
8-NS,254,4,0,1,4712,4717,C
8-NS,255,0,4487,0,5,4492,T
8-NS,256,0,1,4517,0,4518,G
8-NS,257,0,1,0,4494,4495,C
8-NS,258,0,4441,0,5,4446,T
8-NS,259,0,4476,0,0,4476,T
8-NS,260,3,0,0,4485,4488,C
8-NS,261,2,1,4476,0,4479,G
8-NS,262,1,4,0,4499,4504,C
8-NS,263,6,10,4499,0,4515,G
8-NS,264,4654,1,3,0,4658,A
8-NS,265,0,4696,0,2,4698,T
8-NS,266,4826,1,3,0,4830,A
8-NS,267,0,0,0,4856,4856,C
8-NS,268,4838,0,1,0,4839,A
8-NS,269,0,4971,0,3,4974,T
8-NS,270,4939,0,1,0,4940,A
8-NS,271,4962,0,1,0,4963,A
8-NS,272,0,1,0,4945,4946,C
8-NS,273,0,4818,1,2,4821,T
8-NS,274,0,8,4870,0,4878,G
8-NS,275,4784,0,4,0,4788,A
8-NS,276,2,2,0,4820,4824,C
8-NS,277,4818,1,3,0,4822,A
8-NS,278,0,4746,0,2,4748,T
8-NS,279,1,9,4720,0,4730,G
8-NS,280,4720,0,1,1,4722,A
8-NS,281,2,0,1,4841,4844,C
8-NS,282,0,4834,2,2,4838,T
8-NS,283,4910,0,1,0,4911,A
8-NS,284,0,4871,0,3,4874,T
8-NS,285,0,4875,0,1,4876,T
8-NS,286,1,1,4876,0,4878,G
8-NS,287,4836,2,7,1,4846,A
8-NS,288,1,6,4803,0,4810,G
8-NS,289,0,8,4788,0,4796,G
8-NS,290,4693,0,0,0,4693,A
8-NS,291,4710,0,2,2,4714,A
8-NS,292,0,4640,0,1,4641,T
8-NS,293,1,4664,0,0,4665,T
8-NS,294,0,1,4714,0,4715,G
8-NS,295,0,4711,0,7,4718,T
8-NS,296,9,1,0,4731,4741,C
8-NS,297,4727,1,3,0,4731,A
8-NS,298,4721,0,1,0,4722,A
8-NS,299,0,12,4704,0,4716,G
8-NS,300,4734,0,0,0,4734,A
8-NS,301,4722,1,1,0,4724,A
8-NS,302,4726,2,8,0,4736,A
8-NS,303,1,0,0,4743,4744,C
8-NS,304,0,4677,0,0,4677,T
8-NS,305,3,1,4767,0,4771,G
8-NS,306,1,2,4828,0,4831,G
8-NS,307,1,4816,0,2,4819,T
8-NS,308,1,4813,0,7,4821,T
8-NS,309,9,0,0,4795,4804,C
8-NS,310,4833,0,1,0,4834,A
8-NS,311,0,4906,0,4,4910,T
8-NS,312,1,8,4932,0,4941,G
8-NS,313,1,0,0,4969,4970,C
8-NS,314,0,4905,0,5,4910,T
8-NS,315,4800,0,7,0,4807,A
8-NS,316,4819,0,0,0,4819,A
8-NS,317,0,4857,0,1,4858,T
8-NS,318,0,3,4855,0,4858,G
8-NS,319,1,2,0,4834,4837,C
8-NS,320,3,1,0,4753,4757,C
8-NS,321,2,0,1,4757,4760,C
8-NS,322,4760,0,2,0,4762,A
8-NS,323,4803,0,1,0,4804,A
8-NS,324,2,2,4817,0,4821,G
8-NS,325,3,4,1,4828,4836,C
8-NS,326,4825,0,2,0,4827,A
8-NS,327,3,8,4817,0,4828,G
8-NS,328,4804,0,4,0,4808,A
8-NS,329,4827,0,1,1,4829,A
8-NS,330,4804,0,6,0,4810,A
8-NS,331,1,0,4887,0,4888,G
8-NS,332,0,4817,0,2,4819,T
8-NS,333,3,3,4826,0,4832,G
8-NS,334,0,3,4822,0,4825,G
8-NS,335,4833,0,5,0,4838,A
8-NS,336,4801,0,14,0,4815,A
8-NS,337,1,4,4796,1,4802,G
8-NS,338,0,1,4806,0,4807,G
8-NS,339,4786,0,2,0,4788,A
8-NS,340,2,0,0,4756,4758,C
8-NS,341,4,1,0,4750,4755,C
8-NS,342,0,4777,1,0,4778,T
8-NS,343,4,1,0,4842,4847,C
8-NS,344,0,4834,0,4,4838,T
8-NS,345,1,4829,0,54,4884,T
8-NS,346,0,4889,0,2,4891,T
8-NS,347,0,2,4860,0,4862,G
8-NS,348,1,0,0,4921,4922,C
8-NS,349,4889,0,1,0,4890,A
8-NS,350,0,4855,1,2,4858,T
8-NS,351,3,2,0,4863,4868,C
8-NS,352,4960,0,0,0,4960,A
8-NS,353,0,4,5127,1,5132,G
8-NS,354,5093,0,5,0,5098,A
8-NS,355,5099,0,2,0,5101,A
8-NS,356,1,5073,0,0,5074,T
8-NS,357,2,6,5035,0,5043,G
8-NS,358,3,1,5078,0,5082,G
8-NS,359,5065,0,2,0,5067,A
8-NS,360,0,2,0,5045,5047,C
8-NS,361,2,0,0,4925,4927,C
8-NS,362,4860,0,5,0,4865,A
8-NS,363,0,6,4932,0,4938,G
8-NS,364,3,0,4879,0,4882,G
8-NS,365,0,1,0,4920,4921,C
8-NS,366,4902,0,0,1,4903,A
8-NS,367,4895,0,3,1,4899,A
8-NS,368,1,4884,0,2,4887,T
8-NS,369,11,4,0,4901,4916,C
8-NS,370,4924,0,3,0,4927,A
8-NS,371,1,4873,0,0,4874,T
8-NS,372,0,3,4816,0,4819,G
8-NS,373,0,6,4814,0,4820,G
8-NS,374,4754,1,3,0,4758,A
8-NS,375,0,7,4836,0,4843,G
8-NS,376,4736,0,0,0,4736,A
8-NS,377,4790,0,0,0,4790,A
8-NS,378,4785,0,2,0,4787,A
8-NS,379,4780,1,0,0,4781,A
8-NS,380,4785,0,3,0,4788,A
8-NS,381,3,0,0,4827,4830,C
8-NS,382,4801,0,1,0,4802,A
8-NS,383,0,4751,0,0,4751,T
8-NS,384,3,0,0,4756,4759,C
8-NS,385,4756,0,2,0,4758,A
8-NS,386,1,4765,0,1,4767,T
8-NS,387,0,1,4787,0,4788,G
8-NS,388,0,4755,0,7,4762,T
8-NS,389,0,4754,0,2,4756,T
8-NS,390,1,9,4730,1,4741,G
8-NS,391,4707,0,6,0,4713,A
8-NS,392,4729,0,2,0,4731,A
8-NS,393,4702,0,5,0,4707,A
8-NS,394,8,0,4723,0,4731,G
8-NS,395,1,1,0,4665,4667,C
8-NS,396,0,17,4663,0,4680,G
8-NS,397,4697,0,4,0,4701,A
8-NS,398,4705,0,0,0,4705,A
8-NS,399,1,4645,0,3,4649,T
8-NS,400,0,4689,0,0,4689,T
8-NS,401,0,4681,0,1,4682,T
8-NS,402,2,3,0,4700,4705,C
8-NS,403,4656,0,5,0,4661,A
8-NS,404,2,0,4690,0,4692,G
8-NS,405,0,4657,1,2,4660,T
8-NS,406,2,1,4667,0,4670,G
8-NS,407,1,4613,0,18,4632,T
8-NS,408,0,15,4660,0,4675,G
8-NS,409,4685,0,0,0,4685,A
8-NS,410,0,4663,0,0,4663,T
8-NS,411,0,4675,0,2,4677,T
8-NS,412,0,4655,0,1,4656,T
8-NS,413,0,4636,0,0,4636,T
8-NS,414,0,4669,0,0,4669,T
8-NS,415,3,14,4659,0,4676,G
8-NS,416,4629,0,1,0,4630,A
8-NS,417,1,4557,0,1,4559,T
8-NS,418,9,1,0,4621,4631,C
8-NS,419,0,5,4673,0,4678,G
8-NS,420,5038,0,2,0,5040,A
8-NS,421,1,31,0,5054,5086,C
8-NS,422,0,5116,0,1,5117,T
8-NS,423,5144,0,11,0,5155,A
8-NS,424,0,6,5143,0,5149,G
8-NS,425,5097,0,11,0,5108,A
8-NS,426,1,5,5157,0,5163,G
8-NS,427,5094,0,4,0,5098,A
8-NS,428,4,1,1,5249,5255,C
8-NS,429,6,3,0,4961,4970,C
8-NS,430,4896,0,2,0,4898,A
8-NS,431,0,5141,1,1,5143,T
8-NS,432,4926,0,202,0,5128,A
8-NS,433,1,1,5501,0,5503,G
8-NS,434,0,5462,0,4,5466,T
8-NS,435,5458,0,0,0,5458,A
8-NS,436,0,5441,0,1,5442,T
8-NS,437,1,5245,0,0,5246,T
8-NS,438,5331,0,36,0,5367,A
8-NS,439,0,1,0,5357,5358,C
8-NS,440,0,5174,0,1,5175,T
8-NS,441,5159,0,1,0,5160,A
8-NS,442,4679,2,2,1,4684,A
8-NS,443,2,3,4700,0,4705,G
8-NS,444,0,4,4651,0,4655,G
8-NS,445,1,0,4649,0,4650,G
8-NS,446,1,5,0,4613,4619,C
8-NS,447,1,4541,0,5,4547,T
8-NS,448,0,4537,0,10,4547,T
8-NS,449,1,4631,0,3,4635,T
8-NS,450,5,0,0,4663,4668,C
8-NS,451,4699,0,4,0,4703,A
8-NS,452,1,2,0,4732,4735,C
8-NS,453,3,4,0,4704,4711,C
8-NS,454,4,0,4733,0,4737,G
8-NS,455,4657,0,0,0,4657,A
8-NS,456,4689,0,3,0,4692,A
8-NS,457,0,2,4705,0,4707,G
8-NS,458,4649,0,4,0,4653,A
8-NS,459,1,2,4664,0,4667,G
8-NS,460,1,2,4577,0,4580,G
8-NS,461,1,9,4627,0,4637,G
8-NS,462,4599,0,9,0,4608,A
8-NS,463,1,2,4640,0,4643,G
8-NS,464,2,0,0,4600,4602,C
8-NS,465,4651,1,2,0,4654,A
8-NS,466,4639,0,2,0,4641,A
8-NS,467,1,4644,0,2,4647,T
8-NS,468,0,4627,0,1,4628,T
8-NS,469,0,0,4630,0,4630,G
8-NS,470,0,4521,0,51,4572,T
8-NS,471,0,4580,0,1,4581,T
8-NS,472,0,1,4564,0,4565,G
8-NS,473,1,3,4517,0,4521,G
8-NS,474,0,3,0,4549,4552,C
8-NS,475,0,7,4573,0,4580,G
8-NS,476,4564,0,0,0,4564,A
8-NS,477,4613,0,0,0,4613,A
8-NS,478,4610,0,0,0,4610,A
8-NS,479,2,4630,0,2,4634,T
8-NS,480,13,0,0,4609,4622,C
8-NS,481,0,4596,0,4,4600,T
8-NS,482,6,0,0,4626,4632,C
8-NS,483,4621,1,6,0,4628,A
8-NS,484,2,0,1,4614,4617,C
8-NS,485,9,0,0,4636,4645,C
8-NS,486,4635,1,0,1,4637,A
8-NS,487,0,4608,0,5,4613,T
8-NS,488,0,4574,0,3,4577,T
8-NS,489,1,1,4587,0,4589,G
8-NS,490,2,1,0,4540,4543,C
8-NS,491,8,0,0,4526,4534,C
8-NS,492,1,4580,0,7,4588,T
8-NS,493,0,4552,0,5,4557,T
8-NS,494,0,0,0,4577,4577,C
8-NS,495,0,4580,0,1,4581,T
8-NS,496,1,4588,0,2,4591,T
8-NS,497,0,4702,0,1,4703,T
8-NS,498,0,4666,0,1,4667,T
8-NS,499,5,1,0,4670,4676,C
8-NS,500,7,1,0,4666,4674,C
8-NS,501,4672,1,10,0,4683,A
8-NS,502,1,1,4716,0,4718,G
8-NS,503,0,6,4679,0,4685,G
8-NS,504,4783,0,2,0,4785,A
8-NS,505,0,1,0,4802,4803,C
8-NS,506,4798,0,3,0,4801,A
8-NS,507,0,4820,1,1,4822,T
8-NS,508,4815,0,3,0,4818,A
8-NS,509,0,0,0,5186,5186,C
8-NS,510,1,5172,0,1,5174,T
8-NS,511,5166,0,2,0,5168,A
8-NS,512,0,5114,0,2,5116,T
8-NS,513,0,4968,0,1,4969,T
8-NS,514,1,2,4983,0,4986,G
8-NS,515,4764,2,4,0,4770,A
8-NS,516,0,5,4750,0,4755,G
8-NS,517,0,3,4722,0,4725,G
8-NS,518,4292,0,1,0,4293,A
8-NS,519,0,4336,0,0,4336,T
8-NS,520,0,0,4301,0,4301,G
8-NS,521,0,4242,1,4,4247,T
8-NS,522,18,1,0,4275,4294,C
8-NS,523,4306,0,2,0,4308,A
8-NS,524,4291,0,0,0,4291,A
8-NS,525,4288,1,1,0,4290,A
8-NS,526,4282,3,1,0,4286,A
8-NS,527,4306,0,0,0,4306,A
8-NS,528,0,4300,0,2,4302,T
8-NS,529,1,2,4291,0,4294,G
8-NS,530,2,1,0,4322,4325,C
8-NS,531,4337,0,0,0,4337,A
8-NS,532,4332,1,0,0,4333,A
8-NS,533,0,4356,0,2,4358,T
8-NS,534,0,4386,0,1,4387,T
8-NS,535,1,2,4366,0,4369,G
8-NS,536,0,1,4304,0,4305,G
8-NS,537,0,3,4290,0,4293,G
8-NS,538,1,0,4328,0,4329,G
8-NS,539,1,4277,1,2,4281,T
8-NS,540,2,1,0,4312,4315,C
8-NS,541,7,0,0,4313,4320,C
8-NS,542,1,4314,0,9,4324,T
8-NS,543,1,0,1,4390,4392,C
8-NS,544,4373,0,0,0,4373,A
8-NS,545,0,4371,0,0,4371,T
8-NS,546,2,3,0,4395,4400,C
8-NS,547,1,2,4348,0,4351,G
8-NS,548,0,1,4345,0,4346,G
8-NS,549,4265,0,4,0,4269,A
8-NS,550,0,7,4263,0,4270,G
8-NS,551,0,2,4283,0,4285,G
8-NS,552,4207,0,4,0,4211,A
8-NS,553,0,0,0,4239,4239,C
8-NS,554,1,4269,1,4,4275,T
8-NS,555,1,4277,0,0,4278,T
8-NS,556,3,7,4297,0,4307,G
8-NS,557,4258,1,0,0,4259,A
8-NS,558,4286,1,1,0,4288,A
8-NS,559,1,4270,1,1,4273,T
8-NS,560,2,7,4171,0,4180,G
8-NS,561,0,4,4252,0,4256,G
8-NS,562,4172,0,3,0,4175,A
8-NS,563,4209,1,1,0,4211,A
8-NS,564,0,4442,0,1,4443,T
8-NS,565,58,7,4387,0,4452,G
8-NS,566,4481,0,1,0,4482,A
8-NS,567,0,4473,0,0,4473,T
8-NS,568,4483,0,3,0,4486,A
8-NS,569,4501,0,2,1,4504,A
8-NS,570,1,3,0,4427,4431,C
8-NS,571,4346,0,1,0,4347,A
8-NS,572,1,1,0,4394,4396,C
8-NS,573,4003,0,1,0,4004,A
8-NS,574,0,0,4064,0,4064,G
8-NS,575,0,4029,0,5,4034,T
8-NS,576,0,3984,0,3,3987,T
8-NS,577,10,2,0,4000,4012,C
8-NS,578,2,9,3994,0,4005,G
8-NS,579,3995,0,1,0,3996,A
8-NS,580,1,2,3997,0,4000,G
8-NS,581,0,3959,0,3,3962,T
8-NS,582,4,0,0,3970,3974,C
8-NS,583,0,3892,0,6,3898,T
8-NS,584,3,1,0,3908,3912,C
8-NS,585,0,3948,0,0,3948,T
8-NS,586,3960,0,1,0,3961,A
8-NS,587,3948,1,0,0,3949,A
8-NS,588,3947,0,0,0,3947,A
8-NS,589,3983,1,0,0,3984,A
8-NS,590,3972,0,0,0,3972,A
8-NS,591,0,3915,0,1,3916,T
8-NS,592,7,0,0,3964,3971,C
8-NS,593,0,3948,0,4,3952,T
8-NS,594,3961,0,0,0,3961,A
8-NS,595,0,1,0,3972,3973,C
8-NS,596,3968,0,1,0,3969,A
8-NS,597,1,3,3958,0,3962,G
8-NS,598,3881,0,2,0,3883,A
8-NS,599,1,10,3877,0,3888,G
8-NS,600,3855,0,1,0,3856,A
8-NS,601,0,3817,0,3,3820,T
8-NS,602,0,3810,0,1,3811,T
8-NS,603,13,1,0,3797,3811,C
8-NS,604,1,2,3826,0,3829,G
8-NS,605,1,1,0,3817,3819,C
8-NS,606,0,3792,0,4,3796,T
8-NS,607,0,3828,0,0,3828,T
8-NS,608,1,4,3808,0,3813,G
8-NS,609,0,2,3833,0,3835,G
8-NS,610,3849,1,0,0,3850,A
8-NS,611,1,8,3839,0,3848,G
8-NS,612,3831,0,2,0,3833,A
8-NS,613,3783,0,4,0,3787,A
8-NS,614,0,0,3835,0,3835,G
8-NS,615,1,0,0,3837,3838,C
8-NS,616,3851,2,3,0,3856,A
8-NS,617,1,0,3910,0,3911,G
8-NS,618,0,3874,0,0,3874,T
8-NS,619,3937,0,1,0,3938,A
8-NS,620,3932,1,0,0,3933,A
8-NS,621,1,3926,0,0,3927,T
8-NS,622,0,7,3944,0,3951,G
8-NS,623,3804,0,5,0,3809,A
8-NS,624,0,5,3966,0,3971,G
8-NS,625,3937,0,2,0,3939,A
8-NS,626,3802,0,0,0,3802,A
8-NS,627,0,3776,0,0,3776,T
8-NS,628,3624,0,0,0,3624,A
8-NS,629,3,0,3655,0,3658,G
8-NS,630,0,2,3625,0,3627,G
8-NS,631,0,4,3604,0,3608,G
8-NS,632,2,2,3628,0,3632,G
8-NS,633,3433,0,4,0,3437,A
8-NS,634,2,1,0,3465,3468,C
8-NS,635,8,0,0,3454,3462,C
8-NS,636,1,3379,0,9,3389,T
8-NS,637,0,0,1,3430,3431,C
8-NS,638,4,0,1,3457,3462,C
8-NS,639,3462,1,0,0,3463,A
8-NS,640,1,0,1,3482,3484,C
8-NS,641,0,3413,0,2,3415,T
8-NS,642,0,3400,0,0,3400,T
8-NS,643,3286,2,0,0,3288,A
8-NS,644,0,0,0,3331,3331,C
8-NS,645,1,3291,0,5,3297,T
8-NS,646,3,0,0,3270,3273,C
8-NS,647,0,0,0,3239,3239,C
8-NS,648,3245,0,3,0,3248,A
8-NS,649,3249,0,0,0,3249,A
8-NS,650,3256,0,1,0,3257,A
8-NS,651,3242,0,1,0,3243,A
8-NS,652,0,2,0,3256,3258,C
8-NS,653,3164,0,1,0,3165,A
8-NS,654,1,2,3162,0,3165,G
8-NS,655,3153,0,0,0,3153,A
8-NS,656,3139,0,2,0,3141,A
8-NS,657,3137,0,1,0,3138,A
8-NS,658,1,3,0,3140,3144,C
8-NS,659,1,0,3127,0,3128,G
8-NS,660,1,1,3111,0,3113,G
8-NS,661,1,7,3132,0,3140,G
8-NS,662,3141,0,2,0,3143,A
8-NS,663,3127,0,1,0,3128,A
8-NS,664,3126,0,3,0,3129,A
8-NS,665,0,3102,0,1,3103,T
8-NS,666,0,3,3140,0,3143,G
8-NS,667,1,1,3137,0,3139,G
8-NS,668,0,1,0,3120,3121,C
8-NS,669,0,3,3143,0,3146,G
8-NS,670,3135,0,0,0,3135,A
8-NS,671,0,4,3127,1,3132,G
8-NS,672,3151,0,1,0,3152,A
8-NS,673,3149,0,2,0,3151,A
8-NS,674,0,0,0,3152,3152,C
8-NS,675,3074,0,4,0,3078,A
8-NS,676,1,0,3067,1,3069,G
8-NS,677,3,0,0,3035,3038,C
8-NS,678,0,3059,0,2,3061,T
8-NS,679,3065,0,1,0,3066,A
8-NS,680,0,0,3032,0,3032,G
8-NS,681,0,0,3033,0,3033,G
8-NS,682,1,2962,0,21,2984,T
8-NS,683,2,1,0,2953,2956,C
8-NS,684,2976,0,0,0,2976,A
8-NS,685,2979,0,0,0,2979,A
8-NS,686,2969,0,1,0,2970,A
8-NS,687,3000,0,0,0,3000,A
8-NS,688,0,1,2985,0,2986,G
8-NS,689,0,2886,0,3,2889,T
8-NS,690,1,2912,0,1,2914,T
8-NS,691,1,2927,0,1,2929,T
8-NS,692,1,6,2929,0,2936,G
8-NS,693,2934,2,2,0,2938,A
8-NS,694,2940,0,1,0,2941,A
8-NS,695,2,2,2963,0,2967,G
8-NS,696,2898,0,0,0,2898,A
8-NS,697,0,1,2913,0,2914,G
8-NS,698,2923,0,0,0,2923,A
8-NS,699,0,2932,1,1,2934,T
8-NS,700,2939,0,0,0,2939,A
8-NS,701,2918,0,1,0,2919,A
8-NS,702,0,2,2917,0,2919,G
8-NS,703,2717,1,2,0,2720,A
8-NS,704,2,2686,0,2,2690,T
8-NS,705,0,3,2712,0,2715,G
8-NS,706,13,1,2694,0,2708,G
8-NS,707,0,0,0,2682,2682,C
8-NS,708,0,2709,0,0,2709,T
8-NS,709,2711,1,2,0,2714,A
8-NS,710,2712,0,0,0,2712,A
8-NS,711,0,2721,0,0,2721,T
8-NS,712,0,2710,0,0,2710,T
8-NS,713,0,2,2724,0,2726,G
8-NS,714,2684,0,2,0,2686,A
8-NS,715,2680,1,2,0,2683,A
8-NS,716,2,4,2678,0,2684,G
8-NS,717,2683,1,3,0,2687,A
8-NS,718,2632,0,2,0,2634,A
8-NS,719,0,0,2687,0,2687,G
8-NS,720,0,2625,0,2,2627,T
8-NS,721,0,1,2636,0,2637,G
8-NS,722,2594,1,2,0,2597,A
8-NS,723,0,3,2600,0,2603,G
8-NS,724,2600,0,8,0,2608,A
8-NS,725,1,2,0,2586,2589,C
8-NS,726,2569,0,3,0,2572,A
8-NS,727,1,2,0,2564,2567,C
8-NS,728,2367,1,1,0,2369,A
8-NS,729,1,2,2433,0,2436,G
8-NS,730,2434,0,1,0,2435,A
8-NS,731,0,2394,0,2,2396,T
8-NS,732,0,2400,0,1,2401,T
8-NS,733,2409,0,0,0,2409,A
8-NS,734,2398,0,0,0,2398,A
8-NS,735,2398,0,0,0,2398,A
8-NS,736,2378,0,1,0,2379,A
8-NS,737,2382,0,1,0,2383,A
8-NS,738,1,0,0,2311,2312,C
8-NS,739,2213,0,0,0,2213,A
8-NS,740,2212,0,2,0,2214,A
8-NS,741,1,0,0,2225,2226,C
8-NS,742,0,2198,0,1,2199,T
8-NS,743,0,3,2213,0,2216,G
8-NS,744,2217,1,0,0,2218,A
8-NS,745,2232,0,0,0,2232,A
8-NS,746,2222,0,0,0,2222,A
8-NS,747,2204,1,0,0,2205,A
8-NS,748,0,2194,0,1,2195,T
8-NS,749,2157,0,2,0,2159,A
8-NS,750,1,0,2154,0,2155,G
8-NS,751,0,1,0,2167,2168,C
8-NS,752,1,2120,0,0,2121,T
8-NS,753,0,2132,0,1,2133,T
8-NS,754,0,2118,0,0,2118,T
8-NS,755,0,4,2129,0,2133,G
8-NS,756,2127,0,1,0,2128,A
8-NS,757,2130,0,2,0,2132,A
8-NS,758,2,0,0,2137,2139,C
8-NS,759,2089,0,1,0,2090,A
8-NS,760,2116,0,0,0,2116,A
8-NS,761,2114,0,0,0,2114,A
8-NS,762,0,2098,0,0,2098,T
8-NS,763,2110,0,0,0,2110,A
8-NS,764,2074,0,1,0,2075,A
8-NS,765,1,1,0,2069,2071,C
8-NS,766,2060,0,0,0,2060,A
8-NS,767,0,2013,0,0,2013,T
8-NS,768,0,1967,0,1,1968,T
8-NS,769,5,0,0,1977,1982,C
8-NS,770,1960,0,2,0,1962,A
8-NS,771,0,1943,0,5,1948,T
8-NS,772,1,0,1942,0,1943,G
8-NS,773,1,0,0,1919,1920,C
8-NS,774,1914,0,1,1,1916,A
8-NS,775,1893,0,3,0,1896,A
8-NS,776,1,0,1888,0,1889,G
8-NS,777,2,0,0,1928,1930,C
8-NS,778,1910,2,0,1,1913,A
8-NS,779,0,1901,1,2,1904,T
8-NS,780,0,1894,0,0,1894,T
8-NS,781,1899,0,0,0,1899,A
8-NS,782,0,0,0,1885,1885,C
8-NS,783,1841,0,0,0,1841,A
8-NS,784,0,0,1607,0,1607,G
8-NS,785,0,0,0,1610,1610,C
8-NS,786,0,1604,0,3,1607,T
8-NS,787,0,0,1621,0,1621,G
8-NS,788,0,0,0,1567,1567,C
8-NS,789,0,1574,0,0,1574,T
8-NS,790,0,0,1576,0,1576,G
8-NS,791,0,1553,1,0,1554,T
8-NS,792,0,1546,4,0,1550,T
8-NS,793,1,1561,0,0,1562,T
8-NS,794,1,3,1540,0,1544,G
8-NS,795,1557,0,1,0,1558,A
8-NS,796,1524,0,1,0,1525,A
8-NS,797,0,0,1523,0,1523,G
8-NS,798,0,1485,0,2,1487,T
8-NS,799,1,2,1405,0,1408,G
8-NS,800,0,2,1411,0,1413,G
8-NS,801,1417,0,0,0,1417,A
8-NS,802,1407,0,2,0,1409,A
8-NS,803,0,0,0,1407,1407,C
8-NS,804,1389,0,2,0,1391,A
8-NS,805,0,0,1388,0,1388,G
8-NS,806,0,3,1369,0,1372,G
8-NS,807,1360,0,1,0,1361,A
8-NS,808,0,3,1357,0,1360,G
8-NS,809,1108,0,13,0,1121,A
8-NS,810,0,1116,0,0,1116,T
8-NS,811,1123,0,0,0,1123,A
8-NS,812,1114,0,0,0,1114,A
8-NS,813,1,2,1108,0,1111,G
8-NS,814,987,0,0,0,987,A
8-NS,815,968,1,0,0,969,A
8-NS,816,1,0,0,954,955,C
8-NS,817,0,831,1,0,832,T
8-NS,818,0,815,0,3,818,T
8-NS,819,0,816,0,2,818,T
8-NS,820,1,0,0,823,824,C
8-NS,821,0,807,0,1,808,T
8-NS,822,2,0,0,800,802,C
8-NS,823,773,0,0,0,773,A
8-NS,824,0,759,0,0,759,T
8-NS,825,0,744,0,0,744,T
8-NS,826,1,745,0,0,746,T
8-NS,827,2,0,0,734,736,C
8-NS,828,715,1,0,0,716,A
8-NS,829,0,0,710,0,710,G
8-NS,830,0,0,0,705,705,C
8-NS,831,0,669,1,0,670,T
8-NS,832,0,666,0,0,666,T
8-NS,833,648,0,0,0,648,A
8-NS,834,0,640,0,0,640,T
8-NS,835,0,643,0,1,644,T
8-NS,836,0,629,0,0,629,T
8-NS,837,614,0,0,0,614,A
8-NS,838,595,0,0,0,595,A
8-NS,839,0,577,0,0,577,T
8-NS,840,0,3,569,0,572,G
8-NS,841,550,0,0,0,550,A
8-NS,842,0,493,0,0,493,T
8-NS,843,490,0,0,0,490,A
8-NS,844,483,0,0,0,483,A
8-NS,845,488,0,0,0,488,A
8-NS,846,484,0,0,0,484,A
8-NS,847,472,0,1,0,473,A
8-NS,848,469,0,0,0,469,A
8-NS,849,0,0,0,468,468,C
8-NS,850,395,0,0,0,395,A
8-NS,851,0,0,0,412,412,C
8-NS,852,3,0,0,389,392,C
8-NS,853,0,0,0,388,388,C
8-NS,854,0,362,0,0,362,T
8-NS,855,0,348,0,1,349,T
8-NS,856,0,0,354,0,354,G
8-NS,857,0,341,0,0,341,T
8-NS,858,0,335,0,0,335,T
8-NS,859,1,319,0,0,320,T
8-NS,860,0,0,0,137,137,C
8-NS,861,0,112,0,0,112,T
8-NS,862,85,0,0,0,85,A
8-NS,863,0,0,0,84,84,C
