Gene,Position,A,T,G,C,Coverage,Consensus
1-PB2,1,325,0,0,0,325,A
1-PB2,2,0,329,0,0,329,T
1-PB2,3,0,0,338,0,338,G
1-PB2,4,0,1,337,0,338,G
1-PB2,5,334,0,0,0,334,A
1-PB2,6,339,0,0,0,339,A
1-PB2,7,335,0,1,0,336,A
1-PB2,8,0,1,373,0,374,G
1-PB2,9,374,0,0,0,374,A
1-PB2,10,375,0,0,0,375,A
1-PB2,11,0,388,0,0,388,T
1-PB2,12,389,0,0,0,389,A
1-PB2,13,388,0,0,0,388,A
1-PB2,14,390,0,0,0,390,A
1-PB2,15,391,0,1,0,392,A
1-PB2,16,0,0,406,0,406,G
1-PB2,17,405,0,1,0,406,A
1-PB2,18,407,0,0,0,407,A
1-PB2,19,0,0,0,422,422,C
1-PB2,20,0,424,0,0,424,T
1-PB2,21,426,0,0,0,426,A
1-PB2,22,0,0,0,431,431,C
1-PB2,23,0,0,427,0,427,G
1-PB2,24,0,0,439,0,439,G
1-PB2,25,438,0,0,0,438,A
1-PB2,26,447,0,0,0,447,A
1-PB2,27,0,452,0,0,452,T
1-PB2,28,1,0,0,453,454,C
1-PB2,29,0,454,0,0,454,T
1-PB2,30,0,1,457,0,458,G
1-PB2,31,452,0,0,0,452,A
1-PB2,32,0,460,0,0,460,T
1-PB2,33,0,0,460,0,460,G
1-PB2,34,0,468,0,0,468,T
1-PB2,35,0,0,0,465,465,C
1-PB2,36,0,0,466,0,466,G
1-PB2,37,0,0,0,467,467,C
1-PB2,38,466,0,0,0,466,A
1-PB2,39,0,0,493,0,493,G
1-PB2,40,0,491,0,1,492,T
1-PB2,41,0,0,0,497,497,C
1-PB2,42,0,497,0,0,497,T
1-PB2,43,2,0,0,497,499,C
1-PB2,44,0,0,498,0,498,G
1-PB2,45,0,0,0,498,498,C
1-PB2,46,503,0,0,0,503,A
1-PB2,47,0,0,0,504,504,C
1-PB2,48,0,497,0,2,499,T
1-PB2,49,1,0,0,519,520,C
1-PB2,50,0,1,518,0,519,G
1-PB2,51,0,1,0,520,521,C
1-PB2,52,0,1,523,0,524,G
1-PB2,53,520,0,0,0,520,A
1-PB2,54,0,0,530,0,530,G
1-PB2,55,543,0,0,0,543,A
1-PB2,56,0,537,0,0,537,T
1-PB2,57,536,0,0,0,536,A
1-PB2,58,1,0,0,535,536,C
1-PB2,59,0,531,0,0,531,T
1-PB2,60,0,0,551,0,551,G
1-PB2,61,550,0,1,0,551,A
1-PB2,62,0,0,0,554,554,C
1-PB2,63,559,0,0,0,559,A
1-PB2,64,557,0,0,0,557,A
1-PB2,65,555,0,0,0,555,A
1-PB2,66,566,0,0,0,566,A
1-PB2,67,566,0,0,0,566,A
1-PB2,68,1,0,0,579,580,C
1-PB2,69,1,0,0,576,577,C
1-PB2,70,591,1,0,0,592,A
1-PB2,71,0,0,0,605,605,C
1-PB2,72,603,0,0,0,603,A
1-PB2,73,0,0,631,0,631,G
1-PB2,74,0,630,0,0,630,T
1-PB2,75,0,2,652,0,654,G
1-PB2,76,0,0,659,0,659,G
1-PB2,77,660,0,0,0,660,A
1-PB2,78,0,0,0,689,689,C
1-PB2,79,1,0,0,690,691,C
1-PB2,80,701,0,1,0,702,A
1-PB2,81,0,705,0,0,705,T
1-PB2,82,695,0,0,0,695,A
1-PB2,83,0,692,0,0,692,T
1-PB2,84,0,1,691,0,692,G
1-PB2,85,0,0,700,0,700,G
1-PB2,86,0,0,0,697,697,C
1-PB2,87,1,1,0,679,681,C
1-PB2,88,682,0,0,0,682,A
1-PB2,89,0,738,0,0,738,T
1-PB2,90,737,0,0,0,737,A
1-PB2,91,770,0,0,0,770,A
1-PB2,92,0,778,0,0,778,T
1-PB2,93,0,774,1,1,776,T
1-PB2,94,784,0,0,0,784,A
1-PB2,95,782,0,0,0,782,A
1-PB2,96,0,3,795,0,798,G
1-PB2,97,798,0,0,0,798,A
1-PB2,98,787,0,0,0,787,A
1-PB2,99,0,1,817,0,818,G
1-PB2,100,0,809,0,0,809,T
1-PB2,101,813,0,1,0,814,A
1-PB2,102,0,1,0,815,816,C
1-PB2,103,820,0,0,0,820,A
1-PB2,104,0,0,0,852,852,C
1-PB2,105,846,0,0,0,846,A
1-PB2,106,1,842,0,0,843,T
1-PB2,107,1,0,0,853,854,C
1-PB2,108,0,1,843,0,844,G
1-PB2,109,1,1,838,0,840,G
1-PB2,110,0,0,840,0,840,G
1-PB2,111,0,2,840,0,842,G
1-PB2,112,838,0,1,0,839,A
1-PB2,113,0,1,843,0,844,G
1-PB2,114,840,0,0,0,840,A
1-PB2,115,0,0,0,853,853,C
1-PB2,116,854,0,1,0,855,A
1-PB2,117,0,1,866,0,867,G
1-PB2,118,1,5,874,0,880,G
1-PB2,119,880,0,2,0,882,A
1-PB2,120,886,0,0,0,886,A
1-PB2,121,883,0,1,0,884,A
1-PB2,122,879,0,1,0,880,A
1-PB2,123,0,1,883,0,884,G
1-PB2,124,876,0,0,1,877,A
1-PB2,125,887,0,2,0,889,A
1-PB2,126,0,0,0,879,879,C
1-PB2,127,0,0,0,875,875,C
1-PB2,128,3,0,0,876,879,C
1-PB2,129,1,0,884,0,885,G
1-PB2,130,0,874,0,1,875,T
1-PB2,131,0,0,0,882,882,C
1-PB2,132,884,0,0,0,884,A
1-PB2,133,0,0,0,899,899,C
1-PB2,134,0,904,0,0,904,T
1-PB2,135,0,904,0,0,904,T
1-PB2,136,900,0,1,0,901,A
1-PB2,137,0,2,919,0,921,G
1-PB2,138,0,0,926,0,926,G
1-PB2,139,923,0,1,0,924,A
1-PB2,140,0,923,0,1,924,T
1-PB2,141,0,3,931,0,934,G
1-PB2,142,945,0,0,0,945,A
1-PB2,143,944,0,1,0,945,A
1-PB2,144,948,0,0,0,948,A
1-PB2,145,0,948,0,0,948,T
1-PB2,146,0,2,950,0,952,G
1-PB2,147,0,0,956,0,956,G
1-PB2,148,954,0,4,0,958,A
1-PB2,149,0,961,0,1,962,T
1-PB2,150,0,0,959,0,959,G
1-PB2,151,942,0,1,0,943,A
1-PB2,152,0,941,0,0,941,T
1-PB2,153,0,1,942,0,943,G
1-PB2,154,1,0,941,0,942,G
1-PB2,155,1,0,0,951,952,C
1-PB2,156,943,0,0,0,943,A
1-PB2,157,955,0,1,0,956,A
1-PB2,158,0,964,0,1,965,T
1-PB2,159,0,0,999,0,999,G
1-PB2,160,996,0,0,0,996,A
1-PB2,161,998,0,0,0,998,A
1-PB2,162,1000,0,1,0,1001,A
1-PB2,163,0,1001,0,0,1001,T
1-PB2,164,1009,0,0,0,1009,A
1-PB2,165,0,0,0,1030,1030,C
1-PB2,166,0,0,0,1019,1019,C
1-PB2,167,1,0,0,1027,1028,C
1-PB2,168,1022,0,0,0,1022,A
1-PB2,169,1017,0,0,0,1017,A
1-PB2,170,0,1017,0,0,1017,T
1-PB2,171,3,0,0,1015,1018,C
1-PB2,172,1015,0,0,0,1015,A
1-PB2,173,0,0,0,1045,1045,C
1-PB2,174,0,1029,0,0,1029,T
1-PB2,175,4,0,1020,0,1024,G
1-PB2,176,0,0,0,1023,1023,C
1-PB2,177,0,1017,0,3,1020,T
1-PB2,178,0,3,1032,0,1035,G
1-PB2,179,1029,0,2,1,1032,A
1-PB2,180,2,0,0,1036,1038,C
1-PB2,181,1031,0,0,0,1031,A
1-PB2,182,1016,0,0,0,1016,A
1-PB2,183,1021,0,2,0,1023,A
1-PB2,184,1019,0,0,0,1019,A
1-PB2,185,0,2,1033,0,1035,G
1-PB2,186,0,2,1035,0,1037,G
1-PB2,187,1020,0,1,0,1021,A
1-PB2,188,0,1024,0,0,1024,T
1-PB2,189,1019,0,0,0,1019,A
1-PB2,190,1031,0,1,0,1032,A
1-PB2,191,1,0,0,1048,1049,C
1-PB2,192,1046,0,0,0,1046,A
1-PB2,193,0,0,1046,0,1046,G
1-PB2,194,1041,0,0,0,1041,A
1-PB2,195,1042,0,0,0,1042,A
1-PB2,196,1038,0,0,0,1038,A
1-PB2,197,0,1040,0,0,1040,T
1-PB2,198,1,2,1035,0,1038,G
1-PB2,199,2,0,1047,0,1049,G
1-PB2,200,0,1046,0,0,1046,T
1-PB2,201,0,1039,0,0,1039,T
1-PB2,202,4,0,0,1036,1040,C
1-PB2,203,3,3,0,1036,1042,C
1-PB2,204,1,1,1042,0,1044,G
1-PB2,205,0,2,1046,0,1048,G
1-PB2,206,1038,0,1,0,1039,A
1-PB2,207,0,2,1042,0,1044,G
1-PB2,208,1014,0,0,0,1014,A
1-PB2,209,2,0,1046,0,1048,G
1-PB2,210,1043,0,0,0,1043,A
1-PB2,211,1046,0,0,0,1046,A
1-PB2,212,1053,0,1,1,1055,A
1-PB2,213,0,1048,0,0,1048,T
1-PB2,214,1,5,1043,0,1049,G
1-PB2,215,1054,1,0,0,1055,A
1-PB2,216,1049,0,3,0,1052,A
1-PB2,217,0,0,0,1053,1053,C
1-PB2,218,1032,0,2,0,1034,A
1-PB2,219,1032,1,2,0,1035,A
1-PB2,220,0,4,1048,0,1052,G
1-PB2,221,0,1,1055,0,1056,G
1-PB2,222,1057,0,1,1,1059,A
1-PB2,223,2,0,1,1057,1060,C
1-PB2,224,1069,0,1,0,1070,A
1-PB2,225,1069,0,1,0,1070,A
1-PB2,226,1106,1,1,0,1108,A
1-PB2,227,0,4,0,1123,1127,C
1-PB2,228,0,1109,0,1,1110,T
1-PB2,229,1,0,0,1145,1146,C
1-PB2,230,0,1128,0,0,1128,T
1-PB2,231,1133,0,0,0,1133,A
1-PB2,232,0,1132,0,0,1132,T
1-PB2,233,0,1,1137,0,1138,G
1-PB2,234,0,5,1150,0,1155,G
1-PB2,235,1101,0,1,0,1102,A
1-PB2,236,2,0,1118,0,1120,G
1-PB2,237,0,1109,0,4,1113,T
1-PB2,238,1115,0,0,0,1115,A
1-PB2,239,1116,0,0,0,1116,A
1-PB2,240,1112,0,0,0,1112,A
1-PB2,241,1106,0,2,0,1108,A
1-PB2,242,0,1108,0,0,1108,T
1-PB2,243,0,3,1102,0,1105,G
1-PB2,244,1093,0,0,0,1093,A
1-PB2,245,1,0,1101,0,1102,G
1-PB2,246,1,1089,0,1,1091,T
1-PB2,247,0,2,1087,0,1089,G
1-PB2,248,1121,0,2,0,1123,A
1-PB2,249,0,1127,0,0,1127,T
1-PB2,250,0,0,1130,0,1130,G
1-PB2,251,0,0,0,1127,1127,C
1-PB2,252,0,1124,0,1,1125,T
1-PB2,253,0,1,1171,1,1173,G
1-PB2,254,0,1,1170,0,1171,G
1-PB2,255,1183,0,1,0,1184,A
1-PB2,256,0,1182,0,1,1183,T
1-PB2,257,2,0,0,1185,1187,C
1-PB2,258,1188,0,0,0,1188,A
1-PB2,259,0,3,1224,0,1227,G
1-PB2,260,1230,0,0,0,1230,A
1-PB2,261,0,1228,0,1,1229,T
1-PB2,262,1191,0,0,0,1191,A
1-PB2,263,0,1,1221,0,1222,G
1-PB2,264,1209,0,1,0,1210,A
1-PB2,265,0,1,1231,0,1232,G
1-PB2,266,0,1207,0,0,1207,T
1-PB2,267,0,1,1200,0,1201,G
1-PB2,268,1185,1,1,0,1187,A
1-PB2,269,0,1184,0,0,1184,T
1-PB2,270,0,1,1209,0,1210,G
1-PB2,271,0,1,1239,0,1240,G
1-PB2,272,0,1218,0,0,1218,T
1-PB2,273,1216,0,0,0,1216,A
1-PB2,274,2,1190,0,0,1192,T
1-PB2,275,2,0,0,1196,1198,C
1-PB2,276,1219,0,0,0,1219,A
1-PB2,277,1,0,0,1249,1250,C
1-PB2,278,4,0,0,1239,1243,C
1-PB2,279,1,1220,0,0,1221,T
1-PB2,280,0,1213,0,0,1213,T
1-PB2,281,0,1210,0,0,1210,T
1-PB2,282,0,4,1224,0,1228,G
1-PB2,283,0,0,1224,0,1224,G
1-PB2,284,0,1,0,1245,1246,C
1-PB2,285,0,1231,0,1,1232,T
1-PB2,286,1,0,1236,0,1237,G
1-PB2,287,0,1237,0,0,1237,T
1-PB2,288,1237,0,0,0,1237,A
1-PB2,289,1244,0,0,0,1244,A
1-PB2,290,0,0,0,1238,1238,C
1-PB2,291,1226,0,0,0,1226,A
1-PB2,292,0,1225,0,1,1226,T
1-PB2,293,0,2,1196,0,1198,G
1-PB2,294,2,0,1227,0,1229,G
1-PB2,295,0,1222,0,0,1222,T
1-PB2,296,3,2,1215,0,1220,G
1-PB2,297,0,3,1241,0,1244,G
1-PB2,298,1241,0,0,0,1241,A
1-PB2,299,1246,0,1,0,1247,A
1-PB2,300,0,1252,0,0,1252,T
1-PB2,301,1244,0,0,0,1244,A
1-PB2,302,0,1,1277,0,1278,G
1-PB2,303,1253,0,0,0,1253,A
1-PB2,304,1259,0,0,0,1259,A
1-PB2,305,1252,0,6,0,1258,A
1-PB2,306,0,1223,0,0,1223,T
1-PB2,307,0,2,1223,0,1225,G
1-PB2,308,0,3,1222,0,1225,G
1-PB2,309,1226,1,1,0,1228,A
1-PB2,310,0,0,0,1228,1228,C
1-PB2,311,1,0,0,1213,1214,C
1-PB2,312,3,5,0,1196,1204,C
1-PB2,313,1,0,1217,0,1218,G
1-PB2,314,0,1212,0,0,1212,T
1-PB2,315,0,5,1230,0,1235,G
1-PB2,316,1241,0,2,0,1243,A
1-PB2,317,1,0,0,1247,1248,C
1-PB2,318,1245,0,0,0,1245,A
1-PB2,319,1237,0,1,0,1238,A
1-PB2,320,0,1,1268,0,1269,G
1-PB2,321,0,1263,0,0,1263,T
1-PB2,322,1263,0,0,0,1263,A
1-PB2,323,1,1,0,1252,1254,C
1-PB2,324,0,1,1226,0,1227,G
1-PB2,325,0,0,1253,0,1253,G
1-PB2,326,1,1246,0,0,1247,T
1-PB2,327,8,0,0,1248,1256,C
1-PB2,328,2,0,0,1251,1253,C
1-PB2,329,1233,0,0,0,1233,A
1-PB2,330,0,1238,0,1,1239,T
1-PB2,331,0,1242,1,1,1244,T
1-PB2,332,1292,0,0,0,1292,A
1-PB2,333,0,0,0,1297,1297,C
1-PB2,334,0,0,0,1262,1262,C
1-PB2,335,6,0,0,1253,1259,C
1-PB2,336,1246,0,0,0,1246,A
1-PB2,337,1248,0,0,0,1248,A
1-PB2,338,1251,0,0,0,1251,A
1-PB2,339,1248,0,0,0,1248,A
1-PB2,340,4,0,1254,0,1258,G
1-PB2,341,0,1207,0,0,1207,T
1-PB2,342,0,0,1239,0,1239,G
1-PB2,343,0,1236,1,0,1237,T
1-PB2,344,1237,1,0,0,1238,A
1-PB2,345,0,0,0,1242,1242,C
1-PB2,346,1233,0,1,0,1234,A
1-PB2,347,1231,0,0,1,1232,A
1-PB2,348,0,5,1243,0,1248,G
1-PB2,349,1239,1,4,0,1244,A
1-PB2,350,0,0,0,1247,1247,C
1-PB2,351,0,1228,0,1,1229,T
1-PB2,352,0,1240,0,0,1240,T
1-PB2,353,1236,0,0,0,1236,A
1-PB2,354,0,1238,0,0,1238,T
1-PB2,355,0,1235,0,0,1235,T
1-PB2,356,0,1232,0,0,1232,T
1-PB2,357,2,0,0,1225,1227,C
1-PB2,358,1,1,1224,0,1226,G
1-PB2,359,1222,0,0,0,1222,A
1-PB2,360,0,1,0,1222,1223,C
1-PB2,361,1215,0,0,0,1215,A
1-PB2,362,1216,0,0,0,1216,A
1-PB2,363,1211,1,2,0,1214,A
1-PB2,364,1,0,1225,0,1226,G
1-PB2,365,0,1213,0,0,1213,T
1-PB2,366,4,0,0,1220,1224,C
1-PB2,367,1,4,1228,0,1233,G
1-PB2,368,1222,0,1,0,1223,A
1-PB2,369,1224,0,0,0,1224,A
1-PB2,370,1233,0,1,0,1234,A
1-PB2,371,0,0,1262,0,1262,G
1-PB2,372,0,0,1264,0,1264,G
1-PB2,373,0,1247,0,0,1247,T
1-PB2,374,1,1255,0,0,1256,T
1-PB2,375,1253,0,0,0,1253,A
1-PB2,376,1257,0,0,0,1257,A
1-PB2,377,1252,0,0,0,1252,A
1-PB2,378,1257,0,0,0,1257,A
1-PB2,379,0,1,0,1268,1269,C
1-PB2,380,1233,0,1,0,1234,A
1-PB2,381,0,1224,0,0,1224,T
1-PB2,382,0,1,1224,0,1225,G
1-PB2,383,0,4,1222,1,1227,G
1-PB2,384,1219,0,0,0,1219,A
1-PB2,385,1221,0,0,0,1221,A
1-PB2,386,0,0,0,1262,1262,C
1-PB2,387,3,0,1,1266,1270,C
1-PB2,388,0,1264,0,1,1265,T
1-PB2,389,0,1259,0,0,1259,T
1-PB2,390,0,1267,0,1,1268,T
1-PB2,391,1,5,1259,0,1265,G
1-PB2,392,0,1,1269,0,1270,G
1-PB2,393,0,0,0,1261,1261,C
1-PB2,394,3,0,0,1271,1274,C
1-PB2,395,0,3,0,1265,1268,C
1-PB2,396,0,1223,0,3,1226,T
1-PB2,397,0,0,1251,0,1251,G
1-PB2,398,0,1242,0,1,1243,T
1-PB2,399,0,1245,0,1,1246,T
1-PB2,400,5,1,0,1240,1246,C
1-PB2,401,1237,0,0,0,1237,A
1-PB2,402,1,1234,0,0,1235,T
1-PB2,403,0,1237,0,0,1237,T
1-PB2,404,0,1242,0,0,1242,T
1-PB2,405,0,1243,0,0,1243,T
1-PB2,406,1225,0,0,0,1225,A
1-PB2,407,0,4,1218,0,1222,G
1-PB2,408,1215,0,0,0,1215,A
1-PB2,409,1221,0,0,0,1221,A
1-PB2,410,1217,0,0,0,1217,A
1-PB2,411,0,1202,0,0,1202,T
1-PB2,412,3,0,0,1215,1218,C
1-PB2,413,1214,0,0,1,1215,A
1-PB2,414,1224,0,0,0,1224,A
1-PB2,415,0,0,1226,0,1226,G
1-PB2,416,0,1222,0,0,1222,T
1-PB2,417,3,1,0,1235,1239,C
1-PB2,418,1242,0,0,0,1242,A
1-PB2,419,1242,0,3,0,1245,A
1-PB2,420,2,2,1244,0,1248,G
1-PB2,421,1246,0,0,0,1246,A
1-PB2,422,0,1246,0,0,1246,T
1-PB2,423,1259,0,0,0,1259,A
1-PB2,424,1,1,0,1266,1268,C
1-PB2,425,0,1,1272,1,1274,G
1-PB2,426,0,0,0,1271,1271,C
1-PB2,427,1257,0,1,0,1258,A
1-PB2,428,0,0,1271,0,1271,G
1-PB2,429,1266,0,0,1,1267,A
1-PB2,430,1272,0,0,0,1272,A
1-PB2,431,1,1,1294,1,1297,G
1-PB2,432,1283,0,3,0,1286,A
1-PB2,433,0,0,1294,0,1294,G
1-PB2,434,0,1284,1,0,1285,T
1-PB2,435,1272,0,0,0,1272,A
1-PB2,436,0,2,1287,0,1289,G
1-PB2,437,1290,0,0,0,1290,A
1-PB2,438,0,0,0,1335,1335,C
1-PB2,439,1312,0,2,0,1314,A
1-PB2,440,0,1305,0,0,1305,T
1-PB2,441,1304,0,0,0,1304,A
1-PB2,442,1301,0,0,0,1301,A
1-PB2,443,1310,0,0,0,1310,A
1-PB2,444,1,0,0,1317,1318,C
1-PB2,445,5,1,0,1304,1310,C
1-PB2,446,1,0,0,1298,1299,C
1-PB2,447,0,1241,1,0,1242,T
1-PB2,448,0,4,1254,0,1258,G
1-PB2,449,0,0,1276,0,1276,G
1-PB2,450,0,1275,0,0,1275,T
1-PB2,451,8,1,0,1264,1273,C
1-PB2,452,1284,0,0,0,1284,A
1-PB2,453,0,1279,0,0,1279,T
1-PB2,454,0,2,1283,0,1285,G
1-PB2,455,0,1,2,1275,1278,C
1-PB2,456,1275,0,1,0,1276,A
1-PB2,457,0,2,1281,0,1283,G
1-PB2,458,1248,0,1,0,1249,A
1-PB2,459,1,2,0,1280,1283,C
1-PB2,460,3,0,0,1278,1281,C
1-PB2,461,1,1250,1,2,1254,T
1-PB2,462,2,0,0,1261,1263,C
1-PB2,463,1248,0,1,0,1249,A
1-PB2,464,0,0,1270,0,1270,G
1-PB2,465,0,1269,0,4,1273,T
1-PB2,466,1,1,1267,0,1269,G
1-PB2,467,0,0,0,1263,1263,C
1-PB2,468,5,0,1,1246,1252,C
1-PB2,469,1255,0,0,0,1255,A
1-PB2,470,1250,0,0,0,1250,A
1-PB2,471,1247,0,0,0,1247,A
1-PB2,472,0,0,1254,0,1254,G
1-PB2,473,1219,0,0,0,1219,A
1-PB2,474,1,0,1219,0,1220,G
1-PB2,475,1,0,1219,0,1220,G
1-PB2,476,1,1,0,1215,1217,C
1-PB2,477,1219,1,0,0,1220,A
1-PB2,478,1,0,0,1222,1223,C
1-PB2,479,1213,0,0,0,1213,A
1-PB2,480,1244,0,0,0,1244,A
1-PB2,481,0,0,1247,0,1247,G
1-PB2,482,1257,0,0,0,1257,A
1-PB2,483,0,1260,0,0,1260,T
1-PB2,484,0,0,1269,0,1269,G
1-PB2,485,0,1272,0,1,1273,T
1-PB2,486,1276,0,1,0,1277,A
1-PB2,487,1278,0,1,0,1279,A
1-PB2,488,0,1282,0,0,1282,T
1-PB2,489,0,1236,0,0,1236,T
1-PB2,490,1227,0,0,0,1227,A
1-PB2,491,0,1192,1,0,1193,T
1-PB2,492,0,2,1191,0,1193,G
1-PB2,493,0,2,1190,0,1192,G
1-PB2,494,1183,0,0,0,1183,A
1-PB2,495,1173,0,1,0,1174,A
1-PB2,496,0,0,1178,0,1178,G
1-PB2,497,0,1165,0,0,1165,T
1-PB2,498,0,1176,0,0,1176,T
1-PB2,499,0,0,1180,0,1180,G
1-PB2,500,0,1168,0,0,1168,T
1-PB2,501,0,1172,0,0,1172,T
1-PB2,502,1,1177,0,1,1179,T
1-PB2,503,0,1173,0,0,1173,T
1-PB2,504,0,1175,0,0,1175,T
1-PB2,505,2,0,0,1171,1173,C
1-PB2,506,2,0,0,1175,1177,C
1-PB2,507,2,2,0,1171,1175,C
1-PB2,508,1167,0,0,0,1167,A
1-PB2,509,1172,0,0,0,1172,A
1-PB2,510,0,1179,0,0,1179,T
1-PB2,511,0,4,1186,0,1190,G
1-PB2,512,1189,0,0,0,1189,A
1-PB2,513,1179,0,1,0,1180,A
1-PB2,514,0,0,1188,0,1188,G
1-PB2,515,0,1179,0,1,1180,T
1-PB2,516,2,2,1169,0,1173,G
1-PB2,517,0,0,1172,0,1172,G
1-PB2,518,0,6,1154,0,1160,G
1-PB2,519,1170,0,5,0,1175,A
1-PB2,520,0,0,1170,0,1170,G
1-PB2,521,1,0,0,1161,1162,C
1-PB2,522,0,0,0,1179,1179,C
1-PB2,523,1173,0,0,0,1173,A
1-PB2,524,0,0,1207,0,1207,G
1-PB2,525,0,2,1215,0,1217,G
1-PB2,526,1222,0,0,0,1222,A
1-PB2,527,0,1212,0,4,1216,T
1-PB2,528,1217,0,0,0,1217,A
1-PB2,529,3,0,0,1213,1216,C
1-PB2,530,0,1207,0,0,1207,T
1-PB2,531,1207,0,0,0,1207,A
1-PB2,532,1200,0,0,0,1200,A
1-PB2,533,0,0,0,1203,1203,C
1-PB2,534,1174,0,0,0,1174,A
1-PB2,535,0,1158,0,1,1159,T
1-PB2,536,2,0,0,1161,1163,C
1-PB2,537,1144,0,0,0,1144,A
1-PB2,538,1,1,1154,0,1156,G
1-PB2,539,1145,0,0,0,1145,A
1-PB2,540,1151,0,0,0,1151,A
1-PB2,541,0,1145,0,0,1145,T
1-PB2,542,2,1,0,1125,1128,C
1-PB2,543,1124,0,3,0,1127,A
1-PB2,544,3,1,0,1152,1156,C
1-PB2,545,1151,0,0,1,1152,A
1-PB2,546,1166,0,1,0,1167,A
1-PB2,547,1,1149,0,0,1150,T
1-PB2,548,0,1154,0,0,1154,T
1-PB2,549,1160,0,0,0,1160,A
1-PB2,550,1165,0,0,0,1165,A
1-PB2,551,0,0,0,1167,1167,C
1-PB2,552,1158,0,1,0,1159,A
1-PB2,553,1137,0,0,0,1137,A
1-PB2,554,0,1141,0,0,1141,T
1-PB2,555,1140,0,0,0,1140,A
1-PB2,556,1143,0,0,0,1143,A
1-PB2,557,1,0,0,1147,1148,C
1-PB2,558,0,1148,0,0,1148,T
1-PB2,559,1141,0,0,0,1141,A
1-PB2,560,1132,0,0,0,1132,A
1-PB2,561,1131,1,0,0,1132,A
1-PB2,562,0,4,1131,0,1135,G
1-PB2,563,1112,0,1,0,1113,A
1-PB2,564,0,2,1121,0,1123,G
1-PB2,565,1111,0,0,0,1111,A
1-PB2,566,1115,0,0,0,1115,A
1-PB2,567,1118,0,0,1,1119,A
1-PB2,568,1116,0,0,0,1116,A
1-PB2,569,1122,0,0,0,1122,A
1-PB2,570,1123,0,0,0,1123,A
1-PB2,571,0,0,1121,0,1121,G
1-PB2,572,1119,1,0,0,1120,A
1-PB2,573,1117,0,1,0,1118,A
1-PB2,574,0,1,1116,0,1117,G
1-PB2,575,1122,0,0,0,1122,A
1-PB2,576,1121,0,0,0,1121,A
1-PB2,577,0,0,0,1142,1142,C
1-PB2,578,0,1115,0,0,1115,T
1-PB2,579,2,0,0,1138,1140,C
1-PB2,580,0,0,0,1138,1138,C
1-PB2,581,1,3,1138,0,1142,G
1-PB2,582,1141,0,1,0,1142,A
1-PB2,583,0,1,1140,0,1141,G
1-PB2,584,1136,0,0,0,1136,A
1-PB2,585,0,1131,0,0,1131,T
1-PB2,586,0,1120,0,0,1120,T
1-PB2,587,0,0,1124,0,1124,G
1-PB2,588,0,0,0,1127,1127,C
1-PB2,589,1124,0,0,0,1124,A
1-PB2,590,1127,0,0,0,1127,A
1-PB2,591,1127,0,0,0,1127,A
1-PB2,592,1131,0,0,0,1131,A
1-PB2,593,0,1128,0,0,1128,T
1-PB2,594,0,1117,0,0,1117,T
1-PB2,595,0,1119,0,1,1120,T
1-PB2,596,0,0,0,1124,1124,C
1-PB2,597,0,1115,0,1,1116,T
1-PB2,598,0,0,0,1240,1240,C
1-PB2,599,2,0,0,1241,1243,C
1-PB2,600,5,0,0,1448,1453,C
1-PB2,601,1,1433,0,1,1435,T
1-PB2,602,1,1471,0,0,1472,T
1-PB2,603,0,3,1494,1,1498,G
1-PB2,604,1497,0,0,0,1497,A
1-PB2,605,1,1545,0,0,1546,T
1-PB2,606,2,8,1590,0,1600,G
1-PB2,607,0,0,1881,0,1881,G
1-PB2,608,0,1940,0,3,1943,T
1-PB2,609,0,1937,0,1,1938,T
1-PB2,610,0,0,2208,0,2208,G
1-PB2,611,1,5,0,2220,2226,C
1-PB2,612,2312,0,0,1,2313,A
1-PB2,613,0,2318,0,1,2319,T
1-PB2,614,2356,0,0,8,2364,A
1-PB2,615,2,1,0,2516,2519,C
1-PB2,616,2951,0,0,8,2959,A
1-PB2,617,0,3062,0,2,3064,T
1-PB2,618,0,1,3272,0,3273,G
1-PB2,619,3,3272,0,2,3277,T
1-PB2,620,0,3270,0,1,3271,T
1-PB2,621,3282,0,2,1,3285,A
1-PB2,622,0,11,3282,0,3293,G
1-PB2,623,3331,0,15,0,3346,A
1-PB2,624,0,16,3375,0,3391,G
1-PB2,625,3323,0,1,0,3324,A
1-PB2,626,0,5,3335,0,3340,G
1-PB2,627,3315,0,3,0,3318,A
1-PB2,628,10,16,3315,0,3341,G
1-PB2,629,3347,0,3,1,3351,A
1-PB2,630,3356,0,2,0,3358,A
1-PB2,631,2,1,0,3403,3406,C
1-PB2,632,0,3382,1,3,3386,T
1-PB2,633,0,3394,1,1,3396,T
1-PB2,634,1,2,3404,0,3407,G
1-PB2,635,0,3406,0,0,3406,T
1-PB2,636,3405,0,1,0,3406,A
1-PB2,637,0,0,0,3408,3408,C
1-PB2,638,6,5,3390,0,3401,G
1-PB2,639,3396,1,1,0,3398,A
1-PB2,640,3401,0,0,0,3401,A
1-PB2,641,3459,0,0,1,3460,A
1-PB2,642,3463,0,0,1,3464,A
1-PB2,643,3496,0,4,0,3500,A
1-PB2,644,0,0,0,3513,3513,C
1-PB2,645,3511,0,1,0,3512,A
1-PB2,646,3526,2,2,0,3530,A
1-PB2,647,1,2,3533,0,3536,G
1-PB2,648,3543,0,4,0,3547,A
1-PB2,649,0,3555,1,3,3559,T
1-PB2,650,0,3537,0,3,3540,T
1-PB2,651,12,1,0,3518,3531,C
1-PB2,652,9,1,0,3568,3578,C
1-PB2,653,0,3631,0,7,3638,T
1-PB2,654,8,0,0,3634,3642,C
1-PB2,655,10,2,0,3615,3627,C
1-PB2,656,6,0,0,3647,3653,C
1-PB2,657,3655,1,2,0,3658,A
1-PB2,658,4,0,3700,0,3704,G
1-PB2,659,0,3701,0,1,3702,T
1-PB2,660,0,3682,0,0,3682,T
1-PB2,661,0,1,3683,0,3684,G
1-PB2,662,3,1,0,3667,3671,C
1-PB2,663,0,3673,0,0,3673,T
1-PB2,664,2,6,3678,0,3686,G
1-PB2,665,1,0,3655,0,3656,G
1-PB2,666,1,8,1,3671,3681,C
1-PB2,667,0,5,3681,0,3686,G
1-PB2,668,0,8,3732,0,3740,G
1-PB2,669,3757,1,4,0,3762,A
1-PB2,670,3755,1,5,0,3761,A
1-PB2,671,1,0,0,3768,3769,C
1-PB2,672,3795,1,0,0,3796,A
1-PB2,673,3796,1,2,0,3799,A
1-PB2,674,0,3,4024,0,4027,G
1-PB2,675,0,2,0,4118,4120,C
1-PB2,676,4149,0,2,0,4151,A
1-PB2,677,7,0,5267,1,5275,G
1-PB2,678,0,5251,0,2,5253,T
1-PB2,679,5288,1,1,0,5290,A
1-PB2,680,1,5306,0,2,5309,T
1-PB2,681,5318,0,3,0,5321,A
1-PB2,682,0,5321,0,6,5327,T
1-PB2,683,5264,0,4,0,5268,A
1-PB2,684,0,0,0,5319,5319,C
1-PB2,685,5106,1,2,0,5109,A
1-PB2,686,0,4898,0,1,4899,T
1-PB2,687,0,4748,0,0,4748,T
1-PB2,688,0,12,4729,0,4741,G
1-PB2,689,4749,0,1,0,4750,A
1-PB2,690,4740,0,1,1,4742,A
1-PB2,691,0,1,4813,0,4814,G
1-PB2,692,0,4789,0,6,4795,T
1-PB2,693,0,4779,1,1,4781,T
1-PB2,694,0,4776,1,6,4783,T
1-PB2,695,0,4795,0,1,4796,T
1-PB2,696,4851,0,2,0,4853,A
1-PB2,697,0,1,0,4899,4900,C
1-PB2,698,4897,0,0,0,4897,A
1-PB2,699,0,4895,0,2,4897,T
1-PB2,700,1,4859,0,1,4861,T
1-PB2,701,1,4867,0,2,4870,T
1-PB2,702,0,28,4885,1,4914,G
1-PB2,703,4921,0,2,0,4923,A
1-PB2,704,0,0,0,4974,4974,C
1-PB2,705,0,4922,0,5,4927,T
1-PB2,706,12,0,0,4915,4927,C
1-PB2,707,4911,0,3,1,4915,A
1-PB2,708,2,9,4878,0,4889,G
1-PB2,709,10,9,4971,0,4990,G
1-PB2,710,3,15,5005,1,5024,G
1-PB2,711,5008,0,5,0,5013,A
1-PB2,712,5027,0,6,1,5034,A
1-PB2,713,1,2,0,5037,5040,C
1-PB2,714,1,2,5087,0,5090,G
1-PB2,715,0,5080,0,1,5081,T
1-PB2,716,1,1,5130,0,5132,G
1-PB2,717,0,5076,0,2,5078,T
1-PB2,718,1,5094,0,0,5095,T
1-PB2,719,1,15,5093,0,5109,G
1-PB2,720,1,8,5085,0,5094,G
1-PB2,721,0,14,5149,0,5163,G
1-PB2,722,5133,0,5,0,5138,A
1-PB2,723,5120,1,2,0,5123,A
1-PB2,724,2,0,0,5239,5241,C
1-PB2,725,5224,0,0,0,5224,A
1-PB2,726,5377,0,0,0,5377,A
1-PB2,727,5392,0,2,0,5394,A
1-PB2,728,0,5448,0,2,5450,T
1-PB2,729,2,1,5521,0,5524,G
1-PB2,730,1,5460,0,3,5464,T
1-PB2,731,5470,0,3,0,5473,A
1-PB2,732,1,8,0,5492,5501,C
1-PB2,733,5356,2,7,1,5366,A
1-PB2,734,1,1,0,5377,5379,C
1-PB2,735,0,5183,0,9,5192,T
1-PB2,736,5,0,0,5628,5633,C
1-PB2,737,4,2,0,5642,5648,C
1-PB2,738,5736,2,5,0,5743,A
1-PB2,739,0,11,5789,0,5800,G
1-PB2,740,3,1,5930,0,5934,G
1-PB2,741,1,5875,0,2,5878,T
1-PB2,742,1,13,5907,0,5921,G
1-PB2,743,0,3,5763,0,5766,G
1-PB2,744,5674,1,3,0,5678,A
1-PB2,745,4,4,5742,0,5750,G
1-PB2,746,1,17,5722,1,5741,G
1-PB2,747,5635,0,9,0,5644,A
1-PB2,748,0,2,5747,0,5749,G
1-PB2,749,0,5587,0,3,5590,T
1-PB2,750,2,12,5649,0,5663,G
1-PB2,751,5637,0,9,0,5646,A
1-PB2,752,0,8,5656,0,5664,G
1-PB2,753,1,11,5695,0,5707,G
1-PB2,754,5646,1,3,0,5650,A
1-PB2,755,5683,0,2,0,5685,A
1-PB2,756,0,5687,0,0,5687,T
1-PB2,757,2,9,5660,0,5671,G
1-PB2,758,5636,0,8,0,5644,A
1-PB2,759,0,2,0,5630,5632,C
1-PB2,760,1,7,5640,0,5648,G
1-PB2,761,5682,0,2,0,5684,A
1-PB2,762,2,5641,0,9,5652,T
1-PB2,763,0,0,5706,0,5706,G
1-PB2,764,1,5684,0,1,5686,T
1-PB2,765,0,5659,0,2,5661,T
1-PB2,766,0,29,5681,0,5710,G
1-PB2,767,5700,0,7,0,5707,A
1-PB2,768,0,1,1,5715,5717,C
1-PB2,769,15,1,0,5710,5726,C
1-PB2,770,5669,0,3,0,5672,A
1-PB2,771,5670,0,4,0,5674,A
1-PB2,772,5665,0,7,0,5672,A
1-PB2,773,0,1,5814,0,5815,G
1-PB2,774,2,1,0,5806,5809,C
1-PB2,775,6,0,0,5805,5811,C
1-PB2,776,0,5858,0,6,5864,T
1-PB2,777,5859,0,10,0,5869,A
1-PB2,778,5866,1,5,0,5872,A
1-PB2,779,1,5895,0,2,5898,T
1-PB2,780,0,5884,0,3,5887,T
1-PB2,781,5823,0,1,0,5824,A
1-PB2,782,1,5695,0,0,5696,T
1-PB2,783,0,5682,0,0,5682,T
1-PB2,784,10,3,5652,1,5666,G
1-PB2,785,1,2,0,5608,5611,C
1-PB2,786,3,10,5605,0,5618,G
1-PB2,787,2,2,5721,1,5726,G
1-PB2,788,3,2,2,5700,5707,C
1-PB2,789,4,1,0,5764,5769,C
1-PB2,790,5768,1,4,0,5773,A
1-PB2,791,0,10,5844,0,5854,G
1-PB2,792,0,19,5899,0,5918,G
1-PB2,793,5898,1,4,0,5903,A
1-PB2,794,5939,1,12,0,5952,A
1-PB2,795,1,1,0,5994,5996,C
1-PB2,796,5916,0,4,0,5920,A
1-PB2,797,0,6008,0,2,6010,T
1-PB2,798,6090,1,4,1,6096,A
1-PB2,799,1,2,6159,0,6162,G
1-PB2,800,0,6054,0,1,6055,T
1-PB2,801,6012,0,8,0,6020,A
1-PB2,802,5994,2,0,0,5996,A
1-PB2,803,1,10,6020,0,6031,G
1-PB2,804,5974,0,4,0,5978,A
1-PB2,805,5887,0,6,0,5893,A
1-PB2,806,0,12,5868,0,5880,G
1-PB2,807,5700,0,5,0,5705,A
1-PB2,808,2,0,5728,0,5730,G
1-PB2,809,2,1,0,5729,5732,C
1-PB2,810,6,3,0,5716,5725,C
1-PB2,811,2,1,5730,0,5733,G
1-PB2,812,2,2,0,5765,5769,C
1-PB2,813,5798,0,2,0,5800,A
1-PB2,814,2,1,6185,0,6188,G
1-PB2,815,0,6133,2,5,6140,T
1-PB2,816,6180,0,1,0,6181,A
1-PB2,817,0,6162,0,1,6163,T
1-PB2,818,9,0,0,6216,6225,C
1-PB2,819,6209,1,6,0,6216,A
1-PB2,820,2,2,6216,0,6220,G
1-PB2,821,1,1,0,6216,6218,C
1-PB2,822,6013,0,1,0,6014,A
1-PB2,823,0,7,5914,0,5921,G
1-PB2,824,5938,0,3,0,5941,A
1-PB2,825,0,5938,1,4,5943,T
1-PB2,826,7,1,0,5954,5962,C
1-PB2,827,17,3,1,5935,5956,C
1-PB2,828,5944,1,4,0,5949,A
1-PB2,829,2,0,0,5988,5990,C
1-PB2,830,0,5991,0,1,5992,T
1-PB2,831,5992,0,3,0,5995,A
1-PB2,832,2,1,5970,0,5973,G
1-PB2,833,1,2,0,5951,5954,C
1-PB2,834,5937,0,1,0,5938,A
1-PB2,835,0,5965,0,0,5965,T
1-PB2,836,4,1,0,6023,6028,C
1-PB2,837,0,6010,0,4,6014,T
1-PB2,838,0,6164,0,2,6166,T
1-PB2,839,0,6208,0,0,6208,T
1-PB2,840,6193,0,9,0,6202,A
1-PB2,841,1,6195,0,0,6196,T
1-PB2,842,0,6172,0,2,6174,T
1-PB2,843,1,32,6134,0,6167,G
1-PB2,844,0,16,6140,0,6156,G
1-PB2,845,6029,0,6,0,6035,A
1-PB2,846,3,4,6048,0,6055,G
1-PB2,847,5988,0,4,0,5992,A
1-PB2,848,0,5953,0,2,5955,T
1-PB2,849,0,1,6109,0,6110,G
1-PB2,850,1,6083,0,6,6090,T
1-PB2,851,2,1,6112,0,6115,G
1-PB2,852,2,5,0,6088,6095,C
1-PB2,853,16,1,1,6073,6091,C
1-PB2,854,6068,0,3,0,6071,A
1-PB2,855,2,2,0,6087,6091,C
1-PB2,856,5984,0,5,0,5989,A
1-PB2,857,0,0,6098,0,6098,G
1-PB2,858,3,2,0,5961,5966,C
1-PB2,859,5947,0,1,0,5948,A
1-PB2,860,0,1,0,5958,5959,C
1-PB2,861,5928,0,4,1,5933,A
1-PB2,862,1,3,0,5995,5999,C
1-PB2,863,5985,0,1,0,5986,A
1-PB2,864,5982,1,6,0,5989,A
1-PB2,865,5963,1,2,0,5966,A
1-PB2,866,0,5836,0,0,5836,T
1-PB2,867,0,5837,0,0,5837,T
1-PB2,868,2,16,5804,0,5822,G
1-PB2,869,1,0,5784,0,5785,G
1-PB2,870,2,4,0,5791,5797,C
1-PB2,871,1,5,5778,0,5784,G
1-PB2,872,0,12,5894,0,5906,G
1-PB2,873,1,7,5911,0,5919,G
1-PB2,874,5782,0,2,0,5784,A
1-PB2,875,0,1,1,5871,5873,C
1-PB2,876,5855,0,3,2,5860,A
1-PB2,877,5949,0,5,0,5954,A
1-PB2,878,0,20,5886,1,5907,G
1-PB2,879,2,10,6045,0,6057,G
1-PB2,880,5822,0,7,0,5829,A
1-PB2,881,0,5748,0,1,5749,T
1-PB2,882,0,14,5675,0,5689,G
1-PB2,883,0,3,5814,0,5817,G
1-PB2,884,0,5454,0,2,5456,T
1-PB2,885,4,8,5734,1,5747,G
1-PB2,886,1,10,5722,0,5733,G
1-PB2,887,5462,0,3,0,5465,A
1-PB2,888,0,1,1,5570,5572,C
1-PB2,889,5530,2,1,0,5533,A
1-PB2,890,0,6411,0,1,6412,T
1-PB2,891,1,6424,0,6,6431,T
1-PB2,892,16,0,1,6367,6384,C
1-PB2,893,0,6387,0,1,6388,T
1-PB2,894,0,6435,0,2,6437,T
1-PB2,895,6356,2,6,0,6364,A
1-PB2,896,0,11,6385,0,6396,G
1-PB2,897,6386,0,5,0,6391,A
1-PB2,898,2,6,0,6366,6374,C
1-PB2,899,5516,0,4,0,5520,A
1-PB2,900,1,11,5546,0,5558,G
1-PB2,901,5505,0,3,0,5508,A
1-PB2,902,5561,0,2,0,5563,A
1-PB2,903,1,1,0,5379,5381,C
1-PB2,904,14,0,0,5555,5569,C
1-PB2,905,12,2,1,5593,5608,C
1-PB2,906,6,21,5491,0,5518,G
1-PB2,907,5451,1,5,1,5458,A
1-PB2,908,1,38,0,5541,5580,C
1-PB2,909,0,5549,0,4,5553,T
1-PB2,910,2,10,5593,0,5605,G
1-PB2,911,5518,0,4,0,5522,A
1-PB2,912,5623,0,24,0,5647,A
1-PB2,913,1,22,5626,0,5649,G
1-PB2,914,5618,0,4,0,5622,A
1-PB2,915,5662,0,4,0,5666,A
1-PB2,916,1,0,0,5593,5594,C
1-PB2,917,5595,0,7,0,5602,A
1-PB2,918,5669,0,5,0,5674,A
1-PB2,919,0,1,5645,0,5646,G
1-PB2,920,2,2,1,5681,5686,C
1-PB2,921,0,5697,1,2,5700,T
1-PB2,922,0,0,5827,0,5827,G
1-PB2,923,1,5753,0,2,5756,T
1-PB2,924,2,10,5921,0,5933,G
1-PB2,925,1,7,6151,0,6159,G
1-PB2,926,6025,1,5,0,6031,A
1-PB2,927,0,6087,0,3,6090,T
1-PB2,928,6119,1,6,0,6126,A
1-PB2,929,0,6056,0,1,6057,T
1-PB2,930,6257,0,5,1,6263,A
1-PB2,931,1,6099,0,9,6109,T
1-PB2,932,3,4,6080,0,6087,G
1-PB2,933,0,4,0,5990,5994,C
1-PB2,934,5770,0,2,0,5772,A
1-PB2,935,5777,0,5,0,5782,A
1-PB2,936,0,4,5747,1,5752,G
1-PB2,937,16,6,5802,0,5824,G
1-PB2,938,0,2,0,5781,5783,C
1-PB2,939,1,5690,0,5,5696,T
1-PB2,940,1,1,5744,0,5746,G
1-PB2,941,1,2,0,5760,5763,C
1-PB2,942,5767,1,3,0,5771,A
1-PB2,943,5791,0,6,0,5797,A
1-PB2,944,0,5750,0,1,5751,T
1-PB2,945,15,13,5762,0,5790,G
1-PB2,946,0,10,5753,1,5764,G
1-PB2,947,2,7,5790,0,5799,G
1-PB2,948,5655,0,5,7,5667,A
1-PB2,949,0,5705,0,1,5706,T
1-PB2,950,0,5747,0,1,5748,T
1-PB2,951,1,9,5726,0,5736,G
1-PB2,952,5710,0,8,1,5719,A
1-PB2,953,2,12,5790,0,5804,G
1-PB2,954,5739,0,1,0,5740,A
1-PB2,955,5723,0,4,0,5727,A
1-PB2,956,0,5592,0,1,5593,T
1-PB2,957,17,3,0,5652,5672,C
1-PB2,958,5678,0,5,0,5683,A
1-PB2,959,2,0,5697,0,5699,G
1-PB2,960,0,0,0,5704,5704,C
1-PB2,961,4,5650,0,4,5658,T
1-PB2,962,40,0,0,5676,5716,C
1-PB2,963,5656,0,1,0,5657,A
1-PB2,964,0,5786,0,5,5791,T
1-PB2,965,9,0,0,5807,5816,C
1-PB2,966,9,2,0,5876,5887,C
1-PB2,967,0,5802,0,13,5815,T
1-PB2,968,1,5804,1,6,5812,T
1-PB2,969,9,2,1,5796,5808,C
1-PB2,970,5795,0,3,2,5800,A
1-PB2,971,3,2,5908,0,5913,G
1-PB2,972,1,17,0,5876,5894,C
1-PB2,973,0,5803,0,3,5806,T
1-PB2,974,0,5841,0,1,5842,T
1-PB2,975,0,5805,1,2,5808,T
1-PB2,976,0,12,5798,0,5810,G
1-PB2,977,6,1,5806,0,5813,G
1-PB2,978,0,5700,0,7,5707,T
1-PB2,979,2,18,5803,1,5824,G
1-PB2,980,0,10,5798,0,5808,G
1-PB2,981,2,2,5869,0,5873,G
1-PB2,982,1,5756,0,7,5764,T
1-PB2,983,1,5831,2,6,5840,T
1-PB2,984,0,5853,0,0,5853,T
1-PB2,985,5844,0,4,0,5848,A
1-PB2,986,7,3,0,5888,5898,C
1-PB2,987,5905,0,3,0,5908,A
1-PB2,988,0,5872,0,4,5876,T
1-PB2,989,0,5770,0,2,5772,T
1-PB2,990,0,5762,0,0,5762,T
1-PB2,991,5764,1,1,0,5766,A
1-PB2,992,5762,1,2,1,5766,A
1-PB2,993,5764,0,4,1,5769,A
1-PB2,994,5729,1,11,1,5742,A
1-PB2,995,2,16,5758,1,5777,G
1-PB2,996,5736,2,3,0,5741,A
1-PB2,997,5742,0,2,1,5745,A
1-PB2,998,1,1,0,5761,5763,C
1-PB2,999,5749,1,9,1,5760,A
1-PB2,1000,5742,0,6,1,5749,A
1-PB2,1001,0,2,5719,0,5721,G
1-PB2,1002,0,6,0,5746,5752,C
1-PB2,1003,4,15,5734,0,5753,G
1-PB2,1004,2,11,5725,1,5739,G
1-PB2,1005,2,1,5754,0,5757,G
1-PB2,1006,0,5709,0,5,5714,T
1-PB2,1007,24,0,0,5711,5735,C
1-PB2,1008,5760,1,2,1,5764,A
1-PB2,1009,0,5705,0,3,5708,T
1-PB2,1010,12,2,1,5748,5763,C
1-PB2,1011,5741,1,4,1,5747,A
1-PB2,1012,1,0,5834,0,5835,G
1-PB2,1013,1,5712,0,6,5719,T
1-PB2,1014,31,1,0,5737,5769,C
1-PB2,1015,5763,0,4,1,5768,A
1-PB2,1016,5800,0,1,0,5801,A
1-PB2,1017,5806,0,1,1,5808,A
1-PB2,1018,5806,0,0,0,5806,A
1-PB2,1019,5825,0,0,1,5826,A
1-PB2,1020,5808,2,32,0,5842,A
1-PB2,1021,4,10,5838,0,5852,G
1-PB2,1022,5831,0,9,0,5840,A
1-PB2,1023,5828,0,7,0,5835,A
1-PB2,1024,2,5,5823,0,5830,G
1-PB2,1025,5801,2,2,0,5805,A
1-PB2,1026,5623,0,24,0,5647,A
1-PB2,1027,1,7,5631,0,5639,G
1-PB2,1028,5618,1,10,0,5629,A
1-PB2,1029,0,7,5626,0,5633,G
1-PB2,1030,12,1,5748,0,5761,G
1-PB2,1031,0,5705,1,4,5710,T
1-PB2,1032,9,2,5838,0,5849,G
1-PB2,1033,7,0,0,5882,5889,C
1-PB2,1034,1,5891,0,10,5902,T
1-PB2,1035,0,5944,1,1,5946,T
1-PB2,1036,5938,0,2,0,5940,A
1-PB2,1037,2,1,0,5940,5943,C
1-PB2,1038,5901,0,6,5,5912,A
1-PB2,1039,1,6,5913,0,5920,G
1-PB2,1040,2,1,5887,0,5890,G
1-PB2,1041,15,1,0,5760,5776,C
1-PB2,1042,5722,0,2,0,5724,A
1-PB2,1043,5718,1,2,0,5721,A
1-PB2,1044,0,5834,0,5,5839,T
1-PB2,1045,13,1,0,5896,5910,C
1-PB2,1046,0,5849,0,8,5857,T
1-PB2,1047,14,0,0,5874,5888,C
1-PB2,1048,7,1,1,5855,5864,C
1-PB2,1049,5895,0,1,0,5896,A
1-PB2,1050,5882,0,4,0,5886,A
1-PB2,1051,5884,1,16,0,5901,A
1-PB2,1052,1,1,0,5907,5909,C
1-PB2,1053,5751,0,2,0,5753,A
1-PB2,1054,0,5702,0,1,5703,T
1-PB2,1055,0,5684,0,2,5686,T
1-PB2,1056,1,13,5749,0,5763,G
1-PB2,1057,5759,0,4,0,5763,A
1-PB2,1058,5837,0,8,0,5845,A
1-PB2,1059,5847,0,2,0,5849,A
1-PB2,1060,5836,0,2,1,5839,A
1-PB2,1061,0,5860,0,1,5861,T
1-PB2,1062,5874,0,0,0,5874,A
1-PB2,1063,5869,0,8,0,5877,A
1-PB2,1064,1,14,5970,0,5985,G
1-PB2,1065,5876,0,3,0,5879,A
1-PB2,1066,0,0,6071,0,6071,G
1-PB2,1067,0,5957,0,3,5960,T
1-PB2,1068,6037,0,2,0,6039,A
1-PB2,1069,0,1,0,6193,6194,C
1-PB2,1070,6162,2,4,1,6169,A
1-PB2,1071,1,6130,1,0,6132,T
1-PB2,1072,40,10,6115,0,6165,G
1-PB2,1073,5987,1,9,0,5997,A
1-PB2,1074,2,12,6084,0,6098,G
1-PB2,1075,0,19,6074,1,6094,G
1-PB2,1076,0,11,6385,1,6397,G
1-PB2,1077,6,3,6408,0,6417,G
1-PB2,1078,1,6191,2,1,6195,T
1-PB2,1079,6318,0,4,0,6322,A
1-PB2,1080,0,6284,0,2,6286,T
1-PB2,1081,4,2,6296,0,6302,G
1-PB2,1082,6285,1,9,0,6295,A
1-PB2,1083,1,10,6245,1,6257,G
1-PB2,1084,2,19,6146,0,6167,G
1-PB2,1085,5834,0,4,0,5838,A
1-PB2,1086,1,0,5956,0,5957,G
1-PB2,1087,2,5971,0,3,5976,T
1-PB2,1088,0,6199,0,7,6206,T
1-PB2,1089,24,2,1,6225,6252,C
1-PB2,1090,6225,2,6,1,6234,A
1-PB2,1091,1,3,0,6262,6266,C
1-PB2,1092,6264,0,0,0,6264,A
1-PB2,1093,6260,1,4,0,6265,A
1-PB2,1094,0,6258,0,1,6259,T
1-PB2,1095,11,15,6107,0,6133,G
1-PB2,1096,16,2,6144,1,6163,G
1-PB2,1097,0,5969,0,3,5972,T
1-PB2,1098,1,10,6029,0,6040,G
1-PB2,1099,2,11,5986,1,6000,G
1-PB2,1100,3,9,6012,1,6025,G
1-PB2,1101,4,14,6066,1,6085,G
1-PB2,1102,6030,1,1,0,6032,A
1-PB2,1103,6053,0,6,0,6059,A
1-PB2,1104,6020,0,4,0,6024,A
1-PB2,1105,5856,1,31,1,5889,A
1-PB2,1106,1,16,5941,1,5959,G
1-PB2,1107,5908,0,8,0,5916,A
1-PB2,1108,1,3,5932,0,5936,G
1-PB2,1109,3,1,0,5916,5920,C
1-PB2,1110,5890,0,2,0,5892,A
1-PB2,1111,5890,0,8,0,5898,A
1-PB2,1112,2,1,0,6078,6081,C
1-PB2,1113,6087,0,2,1,6090,A
1-PB2,1114,2,0,6206,0,6208,G
1-PB2,1115,1,1,0,6137,6139,C
1-PB2,1116,0,6128,1,4,6133,T
1-PB2,1117,6353,1,2,1,6357,A
1-PB2,1118,0,6345,0,2,6347,T
1-PB2,1119,6382,1,0,0,6383,A
1-PB2,1120,2,0,0,6378,6380,C
1-PB2,1121,0,6050,0,2,6052,T
1-PB2,1122,6084,0,0,1,6085,A
1-PB2,1123,5966,1,2,0,5969,A
1-PB2,1124,0,11,5970,0,5981,G
1-PB2,1125,5972,0,0,0,5972,A
1-PB2,1126,5799,0,2,0,5801,A
1-PB2,1127,5788,1,1,0,5790,A
1-PB2,1128,5761,0,4,0,5765,A
1-PB2,1129,0,3,5766,0,5769,G
1-PB2,1130,1,4,0,5752,5757,C
1-PB2,1131,5771,0,1,0,5772,A
1-PB2,1132,5755,2,8,0,5765,A
1-PB2,1133,3,1,1,5789,5794,C
1-PB2,1134,5,1,0,5799,5805,C
1-PB2,1135,5801,0,3,0,5804,A
1-PB2,1136,1,6,5831,0,5838,G
1-PB2,1137,5809,0,7,0,5816,A
1-PB2,1138,5774,0,10,0,5784,A
1-PB2,1139,0,14,5865,0,5879,G
1-PB2,1140,5849,0,8,0,5857,A
1-PB2,1141,0,5824,0,2,5826,T
1-PB2,1142,0,5831,1,1,5833,T
1-PB2,1143,2,17,5816,0,5835,G
1-PB2,1144,1,1,5922,2,5926,G
1-PB2,1145,0,5880,0,3,5883,T
1-PB2,1146,0,5830,0,4,5834,T
1-PB2,1147,22,0,0,5863,5885,C
1-PB2,1148,6008,0,4,1,6013,A
1-PB2,1149,0,2,6221,0,6223,G
1-PB2,1150,1,0,0,6271,6272,C
1-PB2,1151,0,6257,1,13,6271,T
1-PB2,1152,24,0,1,6288,6313,C
1-PB2,1153,6249,1,5,0,6255,A
1-PB2,1154,0,6280,0,3,6283,T
1-PB2,1155,6287,1,4,0,6292,A
1-PB2,1156,7,2,6325,0,6334,G
1-PB2,1157,2,5993,1,9,6005,T
1-PB2,1158,1,17,6009,1,6028,G
1-PB2,1159,5835,0,6,0,5841,A
1-PB2,1160,0,0,5934,0,5934,G
1-PB2,1161,0,5862,0,5,5867,T
1-PB2,1162,1,7,5866,1,5875,G
1-PB2,1163,1,5,5911,0,5917,G
1-PB2,1164,5889,0,3,0,5892,A
1-PB2,1165,5862,1,16,0,5879,A
1-PB2,1166,0,13,5878,0,5891,G
1-PB2,1167,5785,0,8,0,5793,A
1-PB2,1168,1,8,5834,0,5843,G
1-PB2,1169,5791,0,6,0,5797,A
1-PB2,1170,1,2,0,5778,5781,C
1-PB2,1171,2,23,5781,0,5806,G
1-PB2,1172,5718,0,6,0,5724,A
1-PB2,1173,5749,0,5,0,5754,A
1-PB2,1174,0,0,1,5764,5765,C
1-PB2,1175,5732,0,6,0,5738,A
1-PB2,1176,1,1,6018,0,6020,G
1-PB2,1177,0,5966,0,8,5974,T
1-PB2,1178,22,1,1,5975,5999,C
1-PB2,1179,6002,1,4,0,6007,A
1-PB2,1180,5970,0,5,0,5975,A
1-PB2,1181,0,5974,0,1,5975,T
1-PB2,1182,5971,0,2,0,5973,A
1-PB2,1183,1,3,5949,0,5953,G
1-PB2,1184,5,1,0,5923,5929,C
1-PB2,1185,6,5,0,5711,5722,C
1-PB2,1186,3,5,5686,0,5694,G
1-PB2,1187,5674,0,3,0,5677,A
1-PB2,1188,5683,0,3,1,5687,A
1-PB2,1189,0,1,5725,1,5727,G
1-PB2,1190,5,2,0,5832,5839,C
1-PB2,1191,5844,0,1,1,5846,A
1-PB2,1192,5833,0,4,0,5837,A
1-PB2,1193,0,5837,0,1,5838,T
1-PB2,1194,5881,0,0,0,5881,A
1-PB2,1195,5922,1,2,0,5925,A
1-PB2,1196,1,5885,0,3,5889,T
1-PB2,1197,10,15,0,5863,5888,C
1-PB2,1198,5,0,5852,0,5857,G
1-PB2,1199,0,5654,0,4,5658,T
1-PB2,1200,3,12,5654,1,5670,G
1-PB2,1201,2,1,5692,0,5695,G
1-PB2,1202,4,3,0,5684,5691,C
1-PB2,1203,13,1,0,5693,5707,C
1-PB2,1204,5651,0,2,1,5654,A
1-PB2,1205,0,5651,0,5,5656,T
1-PB2,1206,9,13,5661,1,5684,G
1-PB2,1207,1,1,5746,0,5748,G
1-PB2,1208,3,5596,0,3,5602,T
1-PB2,1209,4,0,5718,0,5722,G
1-PB2,1210,0,5450,2,5,5457,T
1-PB2,1211,0,5524,0,6,5530,T
1-PB2,1212,0,5529,0,3,5532,T
1-PB2,1213,2,5547,0,9,5558,T
1-PB2,1214,17,13,0,5593,5623,C
1-PB2,1215,5603,0,8,0,5611,A
1-PB2,1216,0,2,1,5840,5843,C
1-PB2,1217,5757,0,0,1,5758,A
1-PB2,1218,5767,0,11,0,5778,A
1-PB2,1219,1,10,5803,2,5816,G
1-PB2,1220,5721,0,4,0,5725,A
1-PB2,1221,219,11,5583,0,5813,G
1-PB2,1222,1,10,5821,0,5832,G
1-PB2,1223,5760,0,5,0,5765,A
1-PB2,1224,1,5752,0,6,5759,T
1-PB2,1225,0,5700,0,1,5701,T
1-PB2,1226,1,2,5708,0,5711,G
1-PB2,1227,3,3,0,5578,5584,C
1-PB2,1228,5630,0,6,0,5636,A
1-PB2,1229,0,5672,1,0,5673,T
1-PB2,1230,0,11,5853,0,5864,G
1-PB2,1231,5889,1,5,0,5895,A
1-PB2,1232,0,5930,0,1,5931,T
1-PB2,1233,5906,1,0,0,5907,A
1-PB2,1234,5897,0,0,0,5897,A
1-PB2,1235,5890,0,1,1,5892,A
1-PB2,1236,5874,0,25,0,5899,A
1-PB2,1237,1,1,5886,0,5888,G
1-PB2,1238,1,0,0,6017,6018,C
1-PB2,1239,6044,0,3,0,6047,A
1-PB2,1240,2,1,6210,0,6213,G
1-PB2,1241,0,6180,1,3,6184,T
1-PB2,1242,0,6200,0,2,6202,T
1-PB2,1243,6218,1,4,0,6223,A
1-PB2,1244,1,10,6226,0,6237,G
1-PB2,1245,6193,1,9,0,6203,A
1-PB2,1246,0,11,6188,0,6199,G
1-PB2,1247,2,0,6136,0,6138,G
1-PB2,1248,1,5841,0,6,5848,T
1-PB2,1249,1,34,5899,0,5934,G
1-PB2,1250,5919,0,15,1,5935,A
1-PB2,1251,0,5,0,5970,5975,C
1-PB2,1252,10,0,0,6001,6011,C
1-PB2,1253,0,5948,0,8,5956,T
1-PB2,1254,2,13,5967,0,5982,G
1-PB2,1255,5946,1,0,1,5948,A
1-PB2,1256,5945,0,5,1,5951,A
1-PB2,1257,1,5970,1,1,5973,T
1-PB2,1258,2,6000,0,2,6004,T
1-PB2,1259,1,6025,0,3,6029,T
1-PB2,1260,8,3,0,6018,6029,C
1-PB2,1261,3,0,6023,0,6026,G
1-PB2,1262,0,5999,0,9,6008,T
1-PB2,1263,12,6,0,6013,6031,C
1-PB2,1264,6028,0,1,0,6029,A
1-PB2,1265,6018,0,1,0,6019,A
1-PB2,1266,1,2,0,6023,6026,C
1-PB2,1267,5945,0,0,1,5946,A
1-PB2,1268,0,12,6041,0,6053,G
1-PB2,1269,5988,0,11,0,5999,A
1-PB2,1270,0,0,6023,0,6023,G
1-PB2,1271,3,4,0,6015,6022,C
1-PB2,1272,6024,0,1,0,6025,A
1-PB2,1273,6116,0,3,0,6119,A
1-PB2,1274,6085,0,1,0,6086,A
1-PB2,1275,0,6051,0,0,6051,T
1-PB2,1276,18,0,0,6078,6096,C
1-PB2,1277,6020,0,5,0,6025,A
1-PB2,1278,0,1,6000,1,6002,G
1-PB2,1279,3,2,1,6013,6019,C
1-PB2,1280,2,3,6027,0,6032,G
1-PB2,1281,1,1,6321,0,6323,G
1-PB2,1282,1,6235,1,8,6245,T
1-PB2,1283,1,6272,1,6,6280,T
1-PB2,1284,1,19,6252,1,6273,G
1-PB2,1285,6275,2,7,0,6284,A
1-PB2,1286,6334,0,7,0,6341,A
1-PB2,1287,0,1,0,6370,6371,C
1-PB2,1288,14,4,1,6334,6353,C
1-PB2,1289,14,1,0,6383,6398,C
1-PB2,1290,20,1,0,6166,6187,C
1-PB2,1291,6220,0,6,0,6226,A
1-PB2,1292,0,6231,0,3,6234,T
1-PB2,1293,1,3,6232,1,6237,G
1-PB2,1294,1,4,0,6250,6255,C
1-PB2,1295,6214,0,2,0,6216,A
1-PB2,1296,0,6165,0,5,6170,T
1-PB2,1297,13,1,1,6162,6177,C
1-PB2,1298,6121,0,6,0,6127,A
1-PB2,1299,0,0,6211,0,6211,G
1-PB2,1300,2,1,0,6210,6213,C
1-PB2,1301,0,6183,0,13,6196,T
1-PB2,1302,1,6204,0,5,6210,T
1-PB2,1303,0,6180,0,1,6181,T
1-PB2,1304,0,6181,0,1,6182,T
1-PB2,1305,6194,1,0,0,6195,A
1-PB2,1306,6195,0,5,0,6200,A
1-PB2,1307,2,9,6185,0,6196,G
1-PB2,1308,2,0,6127,0,6129,G
1-PB2,1309,2,0,0,6082,6084,C
1-PB2,1310,6097,0,1,0,6098,A
1-PB2,1311,0,6113,1,2,6116,T
1-PB2,1312,0,6142,1,4,6147,T
1-PB2,1313,0,6139,0,5,6144,T
1-PB2,1314,0,6143,1,12,6156,T
1-PB2,1315,8,2,0,6169,6179,C
1-PB2,1316,6147,1,13,1,6162,A
1-PB2,1317,5,2,6158,0,6165,G
1-PB2,1318,6154,1,3,1,6159,A
1-PB2,1319,6150,0,2,0,6152,A
1-PB2,1320,6104,0,9,0,6113,A
1-PB2,1321,0,7,6116,1,6124,G
1-PB2,1322,6157,0,5,0,6162,A
1-PB2,1323,0,6148,0,0,6148,T
1-PB2,1324,1,1,6159,0,6161,G
1-PB2,1325,1,5,1,6159,6166,C
1-PB2,1326,6,11,6180,0,6197,G
1-PB2,1327,6134,1,4,0,6139,A
1-PB2,1328,6181,1,1,0,6183,A
1-PB2,1329,6167,0,14,0,6181,A
1-PB2,1330,1,1,6204,0,6206,G
1-PB2,1331,0,6089,1,4,6094,T
1-PB2,1332,3,1,6099,0,6103,G
1-PB2,1333,4,6,0,6032,6042,C
1-PB2,1334,1,6091,0,16,6108,T
1-PB2,1335,1,6102,0,1,6104,T
1-PB2,1336,0,6120,0,5,6125,T
1-PB2,1337,0,6119,1,0,6120,T
1-PB2,1338,0,6064,0,6,6070,T
1-PB2,1339,23,0,0,6091,6114,C
1-PB2,1340,6111,0,4,0,6115,A
1-PB2,1341,6131,0,2,0,6133,A
1-PB2,1342,6126,0,0,0,6126,A
1-PB2,1343,6149,0,1,0,6150,A
1-PB2,1344,0,6124,0,0,6124,T
1-PB2,1345,0,6157,0,2,6159,T
1-PB2,1346,2,18,6117,0,6137,G
1-PB2,1347,12,17,6091,0,6120,G
1-PB2,1348,1,11,6113,0,6125,G
1-PB2,1349,1,13,6192,0,6206,G
1-PB2,1350,6155,0,1,1,6157,A
1-PB2,1351,2,2,6268,0,6272,G
1-PB2,1352,1,6257,0,5,6263,T
1-PB2,1353,0,6258,1,3,6262,T
1-PB2,1354,4,23,6246,2,6275,G
1-PB2,1355,6268,0,5,0,6273,A
1-PB2,1356,6257,1,19,0,6277,A
1-PB2,1357,2,3,0,6441,6446,C
1-PB2,1358,6316,1,4,0,6321,A
1-PB2,1359,0,1,0,6517,6518,C
1-PB2,1360,6376,0,9,0,6385,A
1-PB2,1361,0,6393,1,2,6396,T
1-PB2,1362,8,6,0,6430,6444,C
1-PB2,1363,10,28,6397,0,6435,G
1-PB2,1364,6422,0,6,0,6428,A
1-PB2,1365,1,0,0,6419,6420,C
1-PB2,1366,6211,1,3,0,6215,A
1-PB2,1367,15,3,6399,0,6417,G
1-PB2,1368,1,6212,0,7,6220,T
1-PB2,1369,0,1,6345,0,6346,G
1-PB2,1370,0,6293,2,9,6304,T
1-PB2,1371,1,5,6334,0,6340,G
1-PB2,1372,6320,0,7,0,6327,A
1-PB2,1373,1,6265,1,3,6270,T
1-PB2,1374,0,13,6281,0,6294,G
1-PB2,1375,0,11,6275,0,6286,G
1-PB2,1376,0,19,6169,0,6188,G
1-PB2,1377,6108,2,10,0,6120,A
1-PB2,1378,6059,0,2,0,6061,A
1-PB2,1379,0,6049,0,2,6051,T
1-PB2,1380,0,15,6099,0,6114,G
1-PB2,1381,6114,0,1,0,6115,A
1-PB2,1382,0,6086,1,1,6088,T
1-PB2,1383,10,6082,0,0,6092,T
1-PB2,1384,1,11,6041,0,6053,G
1-PB2,1385,0,7,6210,0,6217,G
1-PB2,1386,6162,0,10,0,6172,A
1-PB2,1387,0,2,6247,2,6251,G
1-PB2,1388,0,6167,0,1,6168,T
1-PB2,1389,6135,0,1,0,6136,A
1-PB2,1390,0,6127,0,14,6141,T
1-PB2,1391,0,6180,1,2,6183,T
1-PB2,1392,6201,0,17,0,6218,A
1-PB2,1393,2,0,1,6242,6245,C
1-PB2,1394,14,2,0,6133,6149,C
1-PB2,1395,6070,0,10,0,6080,A
1-PB2,1396,0,2,6089,0,6091,G
1-PB2,1397,6187,0,0,0,6187,A
1-PB2,1398,0,6142,1,3,6146,T
1-PB2,1399,6094,0,2,0,6096,A
1-PB2,1400,0,6015,1,2,6018,T
1-PB2,1401,0,18,5942,0,5960,G
1-PB2,1402,5953,1,6,0,5960,A
1-PB2,1403,0,1,0,5991,5992,C
1-PB2,1404,0,5930,0,10,5940,T
1-PB2,1405,7,0,0,5906,5913,C
1-PB2,1406,7,2,0,5857,5866,C
1-PB2,1407,5900,0,8,0,5908,A
1-PB2,1408,5929,3,10,0,5942,A
1-PB2,1409,2,1,6064,0,6067,G
1-PB2,1410,1,2,0,6058,6061,C
1-PB2,1411,6025,1,5,0,6031,A
1-PB2,1412,0,2,0,6035,6037,C
1-PB2,1413,5996,2,7,0,6005,A
1-PB2,1414,2,4,6016,0,6022,G
1-PB2,1415,5969,0,4,0,5973,A
1-PB2,1416,1,7,6023,0,6031,G
1-PB2,1417,6032,1,0,0,6033,A
1-PB2,1418,0,5847,0,12,5859,T
1-PB2,1419,0,1,5956,0,5957,G
1-PB2,1420,0,5895,0,10,5905,T
1-PB2,1421,19,2,2,5915,5938,C
1-PB2,1422,5947,0,8,0,5955,A
1-PB2,1423,5934,0,0,2,5936,A
1-PB2,1424,1,5914,0,2,5917,T
1-PB2,1425,0,11,5909,0,5920,G
1-PB2,1426,5833,1,8,0,5842,A
1-PB2,1427,0,3,5848,0,5851,G
1-PB2,1428,5763,0,9,0,5772,A
1-PB2,1429,4,5,5770,1,5780,G
1-PB2,1430,2,18,6019,0,6039,G
1-PB2,1431,6044,1,2,0,6047,A
1-PB2,1432,6059,0,2,0,6061,A
1-PB2,1433,0,6057,0,0,6057,T
1-PB2,1434,6040,0,5,1,6046,A
1-PB2,1435,6052,1,4,0,6057,A
1-PB2,1436,0,13,6038,0,6051,G
1-PB2,1437,5997,0,5,0,6002,A
1-PB2,1438,1,0,6022,0,6023,G
1-PB2,1439,0,5635,1,7,5643,T
1-PB2,1440,24,0,0,5664,5688,C
1-PB2,1441,5686,0,8,0,5694,A
1-PB2,1442,1,1,5718,0,5720,G
1-PB2,1443,1,1,0,5737,5739,C
1-PB2,1444,5740,1,3,0,5744,A
1-PB2,1445,5763,0,0,0,5763,A
1-PB2,1446,5735,0,6,0,5741,A
1-PB2,1447,5738,0,3,0,5741,A
1-PB2,1448,0,5737,1,3,5741,T
1-PB2,1449,1,18,5724,1,5744,G
1-PB2,1450,1,1,5741,0,5743,G
1-PB2,1451,0,2,5771,1,5774,G
1-PB2,1452,1,5679,0,6,5686,T
1-PB2,1453,1,1,5719,0,5721,G
1-PB2,1454,0,5666,1,9,5676,T
1-PB2,1455,0,7,5690,0,5697,G
1-PB2,1456,1,7,5776,0,5784,G
1-PB2,1457,5771,1,2,0,5774,A
1-PB2,1458,0,5736,0,0,5736,T
1-PB2,1459,2,16,5791,2,5811,G
1-PB2,1460,5754,0,3,1,5758,A
1-PB2,1461,5788,0,4,0,5792,A
1-PB2,1462,0,5747,0,15,5762,T
1-PB2,1463,5700,0,0,0,5700,A
1-PB2,1464,2,1,1,6009,6013,C
1-PB2,1465,0,5830,0,8,5838,T
1-PB2,1466,19,2,0,5905,5926,C
1-PB2,1467,5,3,1,5945,5954,C
1-PB2,1468,5898,0,4,0,5902,A
1-PB2,1469,1,0,6133,0,6134,G
1-PB2,1470,0,6064,0,21,6085,T
1-PB2,1471,6110,0,3,0,6113,A
1-PB2,1472,2,2,0,6142,6146,C
1-PB2,1473,5547,0,6,0,5553,A
1-PB2,1474,0,10,5569,1,5580,G
1-PB2,1475,5420,0,4,0,5424,A
1-PB2,1476,1,7,5459,0,5467,G
1-PB2,1477,5305,0,9,1,5315,A
1-PB2,1478,0,8,5127,0,5135,G
1-PB2,1479,0,5,5103,0,5108,G
1-PB2,1480,0,3,5106,0,5109,G
1-PB2,1481,0,4966,0,4,4970,T
1-PB2,1482,2,8,4988,1,4999,G
1-PB2,1483,2,2,5014,0,5018,G
1-PB2,1484,0,4948,3,4,4955,T
1-PB2,1485,1,9,5095,0,5105,G
1-PB2,1486,1,1,5110,0,5112,G
1-PB2,1487,0,5002,0,7,5009,T
1-PB2,1488,0,5001,0,7,5008,T
1-PB2,1489,4928,0,2,0,4930,A
1-PB2,1490,5,2,4938,0,4945,G
1-PB2,1491,1,2,0,4947,4950,C
1-PB2,1492,4920,0,0,0,4920,A
1-PB2,1493,0,4918,0,3,4921,T
1-PB2,1494,1,4632,1,0,4634,T
1-PB2,1495,0,17,4622,1,4640,G
1-PB2,1496,4608,0,0,0,4608,A
1-PB2,1497,0,4611,1,3,4615,T
1-PB2,1498,14,2,0,4614,4630,C
1-PB2,1499,6,5,4580,0,4591,G
1-PB2,1500,3,0,4669,0,4672,G
1-PB2,1501,0,4631,0,3,4634,T
1-PB2,1502,0,4651,1,4,4656,T
1-PB2,1503,0,4639,2,2,4643,T
1-PB2,1504,0,4651,0,1,4652,T
1-PB2,1505,0,4643,1,1,4645,T
1-PB2,1506,0,14,4647,0,4661,G
1-PB2,1507,4641,0,10,0,4651,A
1-PB2,1508,1,7,4650,0,4658,G
1-PB2,1509,4459,1,10,0,4470,A
1-PB2,1510,1,3,4514,0,4518,G
1-PB2,1511,0,4496,0,3,4499,T
1-PB2,1512,1,4474,0,3,4478,T
1-PB2,1513,17,2,0,4484,4503,C
1-PB2,1514,3,5,4514,0,4522,G
1-PB2,1515,4511,0,11,0,4522,A
1-PB2,1516,0,13,4506,0,4519,G
1-PB2,1517,4476,0,10,1,4487,A
1-PB2,1518,4,0,0,4486,4490,C
1-PB2,1519,13,1,1,4452,4467,C
1-PB2,1520,4413,0,2,0,4415,A
1-PB2,1521,4449,0,3,0,4452,A
1-PB2,1522,0,2,0,4461,4463,C
1-PB2,1523,3,0,4471,0,4474,G
1-PB2,1524,1,4429,0,1,4431,T
1-PB2,1525,2,7,4420,0,4429,G
1-PB2,1526,4,2,4442,0,4448,G
1-PB2,1527,1,9,4434,0,4444,G
1-PB2,1528,4373,0,10,0,4383,A
1-PB2,1529,4386,0,0,0,4386,A
1-PB2,1530,0,4227,1,2,4230,T
1-PB2,1531,1,1,4345,0,4347,G
1-PB2,1532,0,4330,0,1,4331,T
1-PB2,1533,4325,0,1,0,4326,A
1-PB2,1534,0,4339,0,5,4344,T
1-PB2,1535,0,4274,0,2,4276,T
1-PB2,1536,4327,0,0,0,4327,A
1-PB2,1537,0,4281,1,0,4282,T
1-PB2,1538,0,4213,0,7,4220,T
1-PB2,1539,4184,0,2,0,4186,A
1-PB2,1540,0,3699,0,9,3708,T
1-PB2,1541,7,1,0,3830,3838,C
1-PB2,1542,0,3762,0,5,3767,T
1-PB2,1543,12,0,0,3768,3780,C
1-PB2,1544,8,1,0,3777,3786,C
1-PB2,1545,0,3658,0,3,3661,T
1-PB2,1546,3,3,3680,1,3687,G
1-PB2,1547,3655,0,2,0,3657,A
1-PB2,1548,0,0,3658,2,3660,G
1-PB2,1549,1,6,3636,0,3643,G
1-PB2,1550,3205,1,4,0,3210,A
1-PB2,1551,0,5,3247,0,3252,G
1-PB2,1552,0,0,3225,0,3225,G
1-PB2,1553,0,3075,0,4,3079,T
1-PB2,1554,13,0,1,3091,3105,C
1-PB2,1555,3052,0,5,0,3057,A
1-PB2,1556,7,1,3092,0,3100,G
1-PB2,1557,0,3074,0,4,3078,T
1-PB2,1558,1,3,3081,0,3085,G
1-PB2,1559,3063,0,5,0,3068,A
1-PB2,1560,2947,0,2,0,2949,A
1-PB2,1561,2941,0,7,1,2949,A
1-PB2,1562,2,0,0,2954,2956,C
1-PB2,1563,2911,0,1,0,2912,A
1-PB2,1564,3,1,0,2924,2928,C
1-PB2,1565,2786,2,4,0,2792,A
1-PB2,1566,0,1,2803,0,2804,G
1-PB2,1567,2,5,2780,0,2787,G
1-PB2,1568,1,9,2812,0,2822,G
1-PB2,1569,2799,0,0,0,2799,A
1-PB2,1570,2760,0,5,0,2765,A
1-PB2,1571,0,0,0,2778,2778,C
1-PB2,1572,0,2708,0,1,2709,T
1-PB2,1573,1,4,2709,0,2714,G
1-PB2,1574,2687,1,10,0,2698,A
1-PB2,1575,0,5,2701,0,2706,G
1-PB2,1576,2637,0,4,0,2641,A
1-PB2,1577,2,6,2453,0,2461,G
1-PB2,1578,2425,0,3,0,2428,A
1-PB2,1579,0,4,0,2425,2429,C
1-PB2,1580,0,2315,0,0,2315,T
1-PB2,1581,1,12,2341,0,2354,G
1-PB2,1582,2323,0,6,0,2329,A
1-PB2,1583,1,0,0,2348,2349,C
1-PB2,1584,2326,0,1,0,2327,A
1-PB2,1585,2319,1,1,0,2321,A
1-PB2,1586,0,2313,0,0,2313,T
1-PB2,1587,2309,0,0,0,2309,A
1-PB2,1588,2297,1,2,0,2300,A
1-PB2,1589,1,0,0,2313,2314,C
1-PB2,1590,0,2123,0,3,2126,T
1-PB2,1591,0,2104,0,1,2105,T
1-PB2,1592,2079,0,0,0,2079,A
1-PB2,1593,0,2076,0,0,2076,T
1-PB2,1594,0,2066,0,1,2067,T
1-PB2,1595,3,0,0,2055,2058,C
1-PB2,1596,1881,0,0,0,1881,A
1-PB2,1597,0,1871,1,1,1873,T
1-PB2,1598,4,2,0,1768,1774,C
1-PB2,1599,2,0,1775,0,1777,G
1-PB2,1600,0,1767,0,1,1768,T
1-PB2,1601,3,0,0,1737,1740,C
1-PB2,1602,3,1,1743,0,1747,G
1-PB2,1603,1747,0,0,0,1747,A
1-PB2,1604,0,1741,0,1,1742,T
1-PB2,1605,1,1,1727,0,1729,G
1-PB2,1606,1711,0,3,0,1714,A
1-PB2,1607,0,1704,0,1,1705,T
1-PB2,1608,0,0,1700,0,1700,G
1-PB2,1609,0,1609,9,0,1618,T
1-PB2,1610,6,3,1607,0,1616,G
1-PB2,1611,0,0,1614,0,1614,G
1-PB2,1612,0,5,1607,0,1612,G
1-PB2,1613,1543,0,1,0,1544,A
1-PB2,1614,0,2,1516,0,1518,G
1-PB2,1615,1353,0,0,0,1353,A
1-PB2,1616,0,1295,0,0,1295,T
1-PB2,1617,0,1256,0,0,1256,T
1-PB2,1618,1246,0,0,0,1246,A
1-PB2,1619,1236,0,1,0,1237,A
1-PB2,1620,0,2,0,1216,1218,C
1-PB2,1621,3,2,1074,0,1079,G
1-PB2,1622,0,1,1045,0,1046,G
1-PB2,1623,0,815,0,0,815,T
1-PB2,1624,3,0,0,798,801,C
1-PB2,1625,1,0,0,796,797,C
1-PB2,1626,0,708,0,1,709,T
1-PB2,1627,0,2,714,0,716,G
1-PB2,1628,713,0,0,0,713,A
1-PB2,1629,0,0,719,0,719,G
1-PB2,1630,0,712,0,2,714,T
1-PB2,1631,1,0,0,679,680,C
1-PB2,1632,1,2,680,1,684,G
1-PB2,1633,0,0,688,0,688,G
1-PB2,1634,0,686,0,0,686,T
1-PB2,1635,0,686,0,0,686,T
1-PB2,1636,0,685,0,1,686,T
1-PB2,1637,0,687,0,0,687,T
1-PB2,1638,1,2,696,0,699,G
1-PB2,1639,0,0,703,0,703,G
1-PB2,1640,0,696,0,1,697,T
1-PB2,1641,1,0,0,703,704,C
1-PB2,1642,693,0,0,0,693,A
1-PB2,1643,721,0,0,0,721,A
1-PB2,1644,0,720,0,0,720,T
1-PB2,1645,716,0,0,0,716,A
1-PB2,1646,0,0,0,731,731,C
1-PB2,1647,1,0,0,709,710,C
1-PB2,1648,0,712,0,0,712,T
1-PB2,1649,715,0,0,1,716,A
1-PB2,1650,1,720,0,0,721,T
1-PB2,1651,1,1,0,720,722,C
1-PB2,1652,703,0,0,0,703,A
1-PB2,1653,699,0,1,0,700,A
1-PB2,1654,0,700,0,0,700,T
1-PB2,1655,0,0,687,0,687,G
1-PB2,1656,1,0,685,0,686,G
1-PB2,1657,674,0,0,0,674,A
1-PB2,1658,0,672,0,0,672,T
1-PB2,1659,1,0,0,662,663,C
1-PB2,1660,670,0,0,0,670,A
1-PB2,1661,0,669,0,0,669,T
1-PB2,1662,0,0,0,675,675,C
1-PB2,1663,677,0,0,0,677,A
1-PB2,1664,0,1,677,0,678,G
1-PB2,1665,675,0,0,0,675,A
1-PB2,1666,681,0,0,0,681,A
1-PB2,1667,679,0,0,0,679,A
1-PB2,1668,0,682,0,0,682,T
1-PB2,1669,1,679,0,0,680,T
1-PB2,1670,0,4,671,0,675,G
1-PB2,1671,0,1,671,0,672,G
1-PB2,1672,2,0,675,0,677,G
1-PB2,1673,672,0,0,0,672,A
1-PB2,1674,666,0,1,0,667,A
1-PB2,1675,0,0,665,0,665,G
1-PB2,1676,2,0,0,663,665,C
1-PB2,1677,0,670,0,0,670,T
1-PB2,1678,0,0,682,0,682,G
1-PB2,1679,0,678,0,0,678,T
1-PB2,1680,5,0,0,673,678,C
1-PB2,1681,683,0,0,0,683,A
1-PB2,1682,682,0,0,0,682,A
1-PB2,1683,684,0,0,0,684,A
1-PB2,1684,687,0,0,0,687,A
1-PB2,1685,0,687,0,0,687,T
1-PB2,1686,0,686,0,0,686,T
1-PB2,1687,0,0,0,685,685,C
1-PB2,1688,679,0,1,0,680,A
1-PB2,1689,680,0,0,0,680,A
1-PB2,1690,0,681,0,0,681,T
1-PB2,1691,0,2,678,0,680,G
1-PB2,1692,1,0,686,0,687,G
1-PB2,1693,0,694,0,0,694,T
1-PB2,1694,3,1,0,700,704,C
1-PB2,1695,0,699,0,0,699,T
1-PB2,1696,4,1,0,694,699,C
1-PB2,1697,699,0,0,0,699,A
1-PB2,1698,0,0,703,0,703,G
1-PB2,1699,704,0,0,0,704,A
1-PB2,1700,711,0,1,0,712,A
1-PB2,1701,0,688,0,0,688,T
1-PB2,1702,3,0,0,670,673,C
1-PB2,1703,0,0,0,689,689,C
1-PB2,1704,0,685,0,0,685,T
1-PB2,1705,1,0,686,0,687,G
1-PB2,1706,1,0,0,686,687,C
1-PB2,1707,684,0,0,0,684,A
1-PB2,1708,698,0,0,0,698,A
1-PB2,1709,0,684,0,0,684,T
1-PB2,1710,0,0,709,0,709,G
1-PB2,1711,0,713,0,0,713,T
1-PB2,1712,0,699,0,0,699,T
1-PB2,1713,1,0,705,0,706,G
1-PB2,1714,0,705,0,1,706,T
1-PB2,1715,703,0,0,0,703,A
1-PB2,1716,1,1,0,703,705,C
1-PB2,1717,690,0,1,0,691,A
1-PB2,1718,699,0,0,0,699,A
1-PB2,1719,0,0,0,690,690,C
1-PB2,1720,674,0,0,0,674,A
1-PB2,1721,671,0,0,0,671,A
1-PB2,1722,655,0,0,0,655,A
1-PB2,1723,656,0,0,0,656,A
1-PB2,1724,0,656,0,0,656,T
1-PB2,1725,0,2,652,0,654,G
1-PB2,1726,0,1,654,0,655,G
1-PB2,1727,655,0,0,0,655,A
1-PB2,1728,657,0,0,0,657,A
1-PB2,1729,0,658,0,0,658,T
1-PB2,1730,0,656,0,0,656,T
1-PB2,1731,0,654,0,0,654,T
1-PB2,1732,1,2,647,0,650,G
1-PB2,1733,656,0,2,0,658,A
1-PB2,1734,659,0,0,0,659,A
1-PB2,1735,0,0,0,660,660,C
1-PB2,1736,1,2,0,650,653,C
1-PB2,1737,664,0,0,0,664,A
1-PB2,1738,0,673,0,0,673,T
1-PB2,1739,0,673,0,0,673,T
1-PB2,1740,0,671,0,0,671,T
1-PB2,1741,2,0,0,669,671,C
1-PB2,1742,672,0,0,0,672,A
1-PB2,1743,666,0,0,0,666,A
1-PB2,1744,0,665,1,0,666,T
1-PB2,1745,0,0,0,682,682,C
1-PB2,1746,0,674,0,0,674,T
1-PB2,1747,0,670,0,0,670,T
1-PB2,1748,0,673,1,0,674,T
1-PB2,1749,669,0,0,0,669,A
1-PB2,1750,0,0,669,0,669,G
1-PB2,1751,0,672,0,0,672,T
1-PB2,1752,1,0,0,691,692,C
1-PB2,1753,2,0,0,686,688,C
1-PB2,1754,0,0,0,681,681,C
1-PB2,1755,1,0,0,685,686,C
1-PB2,1756,683,0,0,0,683,A
1-PB2,1757,680,0,0,0,680,A
1-PB2,1758,0,2,693,0,695,G
1-PB2,1759,0,0,684,0,684,G
1-PB2,1760,0,0,0,684,684,C
1-PB2,1761,3,0,0,680,683,C
1-PB2,1762,680,0,0,0,680,A
1-PB2,1763,0,683,0,1,684,T
1-PB2,1764,0,685,0,0,685,T
1-PB2,1765,683,0,0,0,683,A
1-PB2,1766,0,3,683,0,686,G
1-PB2,1767,667,0,0,0,667,A
1-PB2,1768,689,0,2,0,691,A
1-PB2,1769,0,0,701,0,701,G
1-PB2,1770,0,0,0,699,699,C
1-PB2,1771,1,0,0,707,708,C
1-PB2,1772,705,0,0,0,705,A
1-PB2,1773,712,0,1,0,713,A
1-PB2,1774,0,717,0,0,717,T
1-PB2,1775,719,0,0,0,719,A
1-PB2,1776,0,0,0,726,726,C
1-PB2,1777,651,0,0,0,651,A
1-PB2,1778,0,1,653,0,654,G
1-PB2,1779,0,633,0,0,633,T
1-PB2,1780,0,1,642,0,643,G
1-PB2,1781,0,1,637,0,638,G
1-PB2,1782,0,0,639,0,639,G
1-PB2,1783,0,623,0,0,623,T
1-PB2,1784,0,618,0,0,618,T
1-PB2,1785,0,629,0,0,629,T
1-PB2,1786,0,0,642,0,642,G
1-PB2,1787,0,643,0,0,643,T
1-PB2,1788,4,0,0,637,641,C
1-PB2,1789,638,0,0,1,639,A
1-PB2,1790,0,1,633,0,634,G
1-PB2,1791,632,1,0,0,633,A
1-PB2,1792,631,0,0,0,631,A
1-PB2,1793,0,0,0,636,636,C
1-PB2,1794,0,620,0,1,621,T
1-PB2,1795,0,0,0,652,652,C
1-PB2,1796,0,656,0,0,656,T
1-PB2,1797,661,0,0,0,661,A
1-PB2,1798,0,663,0,0,663,T
1-PB2,1799,0,656,0,0,656,T
1-PB2,1800,0,0,0,656,656,C
1-PB2,1801,1,0,0,652,653,C
1-PB2,1802,650,0,0,0,650,A
1-PB2,1803,649,0,0,0,649,A
1-PB2,1804,0,0,0,657,657,C
1-PB2,1805,649,0,0,0,649,A
1-PB2,1806,649,0,0,0,649,A
1-PB2,1807,647,0,0,0,647,A
1-PB2,1808,0,649,0,0,649,T
1-PB2,1809,0,4,652,0,656,G
1-PB2,1810,646,0,0,0,646,A
1-PB2,1811,0,0,646,0,646,G
1-PB2,1812,649,0,0,0,649,A
1-PB2,1813,1,1,646,0,648,G
1-PB2,1814,649,0,1,0,650,A
1-PB2,1815,0,1,0,646,647,C
1-PB2,1816,0,0,650,0,650,G
1-PB2,1817,0,655,0,0,655,T
1-PB2,1818,655,0,1,0,656,A
1-PB2,1819,0,0,0,665,665,C
1-PB2,1820,0,650,0,0,650,T
1-PB2,1821,0,659,2,0,661,T
1-PB2,1822,0,2,653,1,656,G
1-PB2,1823,0,0,652,0,652,G
1-PB2,1824,0,0,652,0,652,G
1-PB2,1825,639,0,0,0,639,A
1-PB2,1826,0,0,0,647,647,C
1-PB2,1827,644,0,0,0,644,A
1-PB2,1828,0,644,0,0,644,T
1-PB2,1829,0,644,0,0,644,T
1-PB2,1830,0,647,0,0,647,T
1-PB2,1831,0,2,644,0,646,G
1-PB2,1832,645,0,2,0,647,A
1-PB2,1833,0,0,0,648,648,C
1-PB2,1834,642,0,1,0,643,A
1-PB2,1835,0,0,0,647,647,C
1-PB2,1836,2,0,0,641,643,C
1-PB2,1837,645,0,1,0,646,A
1-PB2,1838,0,0,0,651,651,C
1-PB2,1839,0,0,0,654,654,C
1-PB2,1840,0,0,0,653,653,C
1-PB2,1841,652,0,0,0,652,A
1-PB2,1842,0,0,668,0,668,G
1-PB2,1843,671,0,0,0,671,A
1-PB2,1844,0,691,0,0,691,T
1-PB2,1845,683,0,0,0,683,A
1-PB2,1846,679,0,0,0,679,A
1-PB2,1847,0,678,0,0,678,T
1-PB2,1848,676,0,0,0,676,A
1-PB2,1849,677,0,0,0,677,A
1-PB2,1850,674,0,0,0,674,A
1-PB2,1851,0,0,679,0,679,G
1-PB2,1852,0,0,0,668,668,C
1-PB2,1853,0,635,0,0,635,T
1-PB2,1854,0,637,0,0,637,T
1-PB2,1855,0,0,0,639,639,C
1-PB2,1856,0,630,0,0,630,T
1-PB2,1857,1,0,0,653,654,C
1-PB2,1858,1,0,0,652,653,C
1-PB2,1859,1,0,0,659,660,C
1-PB2,1860,0,651,0,1,652,T
1-PB2,1861,1,653,0,0,654,T
1-PB2,1862,0,650,0,0,650,T
1-PB2,1863,0,657,0,0,657,T
1-PB2,1864,1,0,654,0,655,G
1-PB2,1865,0,0,0,659,659,C
1-PB2,1866,651,0,1,0,652,A
1-PB2,1867,0,0,648,0,648,G
1-PB2,1868,0,0,0,644,644,C
1-PB2,1869,0,639,0,1,640,T
1-PB2,1870,0,1,643,0,644,G
1-PB2,1871,0,0,0,646,646,C
1-PB2,1872,0,638,0,0,638,T
1-PB2,1873,4,0,0,637,641,C
1-PB2,1874,3,0,0,658,661,C
1-PB2,1875,653,0,0,0,653,A
1-PB2,1876,0,0,0,665,665,C
1-PB2,1877,0,0,0,660,660,C
1-PB2,1878,655,0,1,0,656,A
1-PB2,1879,658,0,0,0,658,A
1-PB2,1880,654,1,0,0,655,A
1-PB2,1881,0,0,658,0,658,G
1-PB2,1882,1,0,0,660,661,C
1-PB2,1883,655,0,0,0,655,A
1-PB2,1884,657,0,0,0,657,A
1-PB2,1885,651,0,0,0,651,A
1-PB2,1886,0,0,658,0,658,G
1-PB2,1887,0,0,0,657,657,C
1-PB2,1888,661,0,0,0,661,A
1-PB2,1889,0,1,664,0,665,G
1-PB2,1890,658,0,0,0,658,A
1-PB2,1891,666,0,0,0,666,A
1-PB2,1892,0,670,0,0,670,T
1-PB2,1893,0,0,662,0,662,G
1-PB2,1894,1,0,1,662,664,C
1-PB2,1895,653,0,0,0,653,A
1-PB2,1896,0,0,666,0,666,G
1-PB2,1897,0,660,0,0,660,T
1-PB2,1898,0,687,0,1,688,T
1-PB2,1899,3,0,0,686,689,C
1-PB2,1900,0,686,0,0,686,T
1-PB2,1901,1,0,0,700,701,C
1-PB2,1902,0,704,0,0,704,T
1-PB2,1903,0,698,0,0,698,T
1-PB2,1904,2,0,0,704,706,C
1-PB2,1905,698,0,0,0,698,A
1-PB2,1906,0,0,0,697,697,C
1-PB2,1907,0,673,0,0,673,T
1-PB2,1908,0,1,685,0,686,G
1-PB2,1909,674,0,1,0,675,A
1-PB2,1910,0,0,0,693,693,C
1-PB2,1911,0,687,0,1,688,T
1-PB2,1912,0,0,697,0,697,G
1-PB2,1913,0,688,0,0,688,T
1-PB2,1914,0,1,698,0,699,G
1-PB2,1915,696,0,0,0,696,A
1-PB2,1916,693,0,0,0,693,A
1-PB2,1917,0,682,0,0,682,T
1-PB2,1918,0,0,680,1,681,G
1-PB2,1919,0,663,0,0,663,T
1-PB2,1920,0,1,664,0,665,G
1-PB2,1921,653,0,1,1,655,A
1-PB2,1922,0,3,653,0,656,G
1-PB2,1923,0,5,644,0,649,G
1-PB2,1924,0,4,643,0,647,G
1-PB2,1925,0,1,666,1,668,G
1-PB2,1926,667,1,0,0,668,A
1-PB2,1927,0,668,0,1,669,T
1-PB2,1928,4,0,0,669,673,C
1-PB2,1929,667,0,1,0,668,A
1-PB2,1930,1,1,675,0,677,G
1-PB2,1931,1,1,671,0,673,G
1-PB2,1932,0,1,684,1,686,G
1-PB2,1933,675,0,0,0,675,A
1-PB2,1934,0,646,0,0,646,T
1-PB2,1935,0,0,647,0,647,G
1-PB2,1936,636,0,0,0,636,A
1-PB2,1937,0,1,665,0,666,G
1-PB2,1938,658,0,0,0,658,A
1-PB2,1939,653,0,0,0,653,A
1-PB2,1940,0,662,0,0,662,T
1-PB2,1941,652,1,0,0,653,A
1-PB2,1942,0,0,0,673,673,C
1-PB2,1943,0,665,0,1,666,T
1-PB2,1944,0,659,0,2,661,T
1-PB2,1945,1,0,664,0,665,G
1-PB2,1946,0,631,0,0,631,T
1-PB2,1947,632,0,1,0,633,A
1-PB2,1948,633,0,0,0,633,A
1-PB2,1949,0,1,623,0,624,G
1-PB2,1950,0,3,628,0,631,G
1-PB2,1951,1,2,614,0,617,G
1-PB2,1952,0,0,621,0,621,G
1-PB2,1953,0,0,0,625,625,C
1-PB2,1954,624,0,0,0,624,A
1-PB2,1955,639,0,0,0,639,A
1-PB2,1956,0,643,0,0,643,T
1-PB2,1957,0,641,0,0,641,T
1-PB2,1958,2,0,0,650,652,C
1-PB2,1959,0,644,0,0,644,T
1-PB2,1960,4,0,0,650,654,C
1-PB2,1961,0,0,0,658,658,C
1-PB2,1962,0,654,0,1,655,T
1-PB2,1963,0,0,665,0,665,G
1-PB2,1964,0,648,0,0,648,T
1-PB2,1965,651,0,0,0,651,A
1-PB2,1966,0,650,0,0,650,T
1-PB2,1967,0,641,0,0,641,T
1-PB2,1968,0,0,0,647,647,C
1-PB2,1969,639,1,0,0,640,A
1-PB2,1970,649,0,0,0,649,A
1-PB2,1971,0,1,0,650,651,C
1-PB2,1972,0,642,0,0,642,T
1-PB2,1973,643,0,0,0,643,A
1-PB2,1974,0,0,0,672,672,C
1-PB2,1975,669,0,0,0,669,A
1-PB2,1976,665,0,0,0,665,A
1-PB2,1977,0,0,0,667,667,C
1-PB2,1978,660,0,0,0,660,A
1-PB2,1979,659,0,0,0,659,A
1-PB2,1980,1,4,658,0,663,G
1-PB2,1981,662,0,0,0,662,A
1-PB2,1982,0,0,0,660,660,C
1-PB2,1983,7,0,0,637,644,C
1-PB2,1984,641,0,0,0,641,A
1-PB2,1985,1,0,0,679,680,C
1-PB2,1986,0,677,0,0,677,T
1-PB2,1987,672,0,0,0,672,A
1-PB2,1988,675,0,0,0,675,A
1-PB2,1989,670,0,0,0,670,A
1-PB2,1990,672,0,0,0,672,A
1-PB2,1991,0,2,675,0,677,G
1-PB2,1992,672,0,0,0,672,A
1-PB2,1993,0,0,0,679,679,C
1-PB2,1994,0,658,0,0,658,T
1-PB2,1995,658,0,0,0,658,A
1-PB2,1996,656,0,1,0,657,A
1-PB2,1997,0,0,0,655,655,C
1-PB2,1998,654,0,0,0,654,A
1-PB2,1999,653,0,0,0,653,A
1-PB2,2000,0,649,0,0,649,T
1-PB2,2001,0,646,0,0,646,T
1-PB2,2002,1,0,0,650,651,C
1-PB2,2003,0,644,0,1,645,T
1-PB2,2004,3,0,0,650,653,C
1-PB2,2005,0,0,654,0,654,G
1-PB2,2006,0,0,658,0,658,G
1-PB2,2007,649,0,3,0,652,A
1-PB2,2008,654,0,0,0,654,A
1-PB2,2009,652,0,0,0,652,A
1-PB2,2010,656,0,0,0,656,A
1-PB2,2011,0,3,651,0,654,G
1-PB2,2012,653,0,0,0,653,A
1-PB2,2013,0,657,0,0,657,T
1-PB2,2014,0,0,653,0,653,G
1-PB2,2015,0,1,0,650,651,C
1-PB2,2016,2,0,0,652,654,C
1-PB2,2017,0,0,653,0,653,G
1-PB2,2018,0,0,647,0,647,G
1-PB2,2019,0,1,0,649,650,C
1-PB2,2020,645,0,0,0,645,A
1-PB2,2021,0,0,0,660,660,C
1-PB2,2022,0,663,0,1,664,T
1-PB2,2023,0,663,0,0,663,T
1-PB2,2024,0,664,0,1,665,T
1-PB2,2025,662,0,0,0,662,A
1-PB2,2026,667,0,1,1,669,A
1-PB2,2027,0,673,0,0,673,T
1-PB2,2028,0,665,0,0,665,T
1-PB2,2029,0,0,665,1,666,G
1-PB2,2030,639,1,0,0,640,A
1-PB2,2031,641,0,0,0,641,A
1-PB2,2032,0,1,644,0,645,G
1-PB2,2033,647,0,1,0,648,A
1-PB2,2034,1,0,0,652,653,C
1-PB2,2035,1,0,0,651,652,C
1-PB2,2036,0,0,0,653,653,C
1-PB2,2037,655,0,0,0,655,A
1-PB2,2038,0,1,667,0,668,G
1-PB2,2039,664,0,0,0,664,A
1-PB2,2040,0,666,0,0,666,T
1-PB2,2041,0,3,660,0,663,G
1-PB2,2042,656,0,0,0,656,A
1-PB2,2043,658,0,0,0,658,A
1-PB2,2044,657,0,1,0,658,A
1-PB2,2045,0,0,661,0,661,G
1-PB2,2046,0,0,0,662,662,C
1-PB2,2047,645,0,0,0,645,A
1-PB2,2048,0,0,2,646,648,C
1-PB2,2049,654,0,0,0,654,A
1-PB2,2050,0,638,0,0,638,T
1-PB2,2051,4,0,0,650,654,C
1-PB2,2052,1,1,0,653,655,C
1-PB2,2053,0,2,658,0,660,G
1-PB2,2054,0,0,662,0,662,G
1-PB2,2055,659,0,0,0,659,A
1-PB2,2056,0,0,665,0,665,G
1-PB2,2057,0,649,0,0,649,T
1-PB2,2058,0,1,654,0,655,G
1-PB2,2059,0,1,651,0,652,G
1-PB2,2060,640,0,0,0,640,A
1-PB2,2061,0,0,642,0,642,G
1-PB2,2062,0,633,0,0,633,T
1-PB2,2063,3,0,0,623,626,C
1-PB2,2064,2,0,0,622,624,C
1-PB2,2065,0,0,621,0,621,G
1-PB2,2066,1,0,0,622,623,C
1-PB2,2067,2,2,0,619,623,C
1-PB2,2068,1,0,637,0,638,G
1-PB2,2069,0,629,0,0,629,T
1-PB2,2070,0,1,0,637,638,C
1-PB2,2071,0,636,0,1,637,T
1-PB2,2072,0,639,0,0,639,T
1-PB2,2073,0,1,641,0,642,G
1-PB2,2074,631,0,0,0,631,A
1-PB2,2075,0,0,633,0,633,G
1-PB2,2076,630,0,0,0,630,A
1-PB2,2077,0,1,617,0,618,G
1-PB2,2078,1,1,610,0,612,G
1-PB2,2079,2,0,610,0,612,G
1-PB2,2080,0,607,0,0,607,T
1-PB2,2081,0,600,0,1,601,T
1-PB2,2082,0,609,0,0,609,T
1-PB2,2083,2,0,0,610,612,C
1-PB2,2084,0,613,0,1,614,T
1-PB2,2085,1,0,0,618,619,C
1-PB2,2086,614,0,0,0,614,A
1-PB2,2087,0,606,0,0,606,T
1-PB2,2088,0,1,0,596,597,C
1-PB2,2089,596,0,0,0,596,A
1-PB2,2090,0,604,0,1,605,T
1-PB2,2091,604,0,0,0,604,A
1-PB2,2092,0,1,609,0,610,G
1-PB2,2093,0,0,615,0,615,G
1-PB2,2094,0,595,0,0,595,T
1-PB2,2095,602,0,0,0,602,A
1-PB2,2096,594,0,0,0,594,A
1-PB2,2097,0,0,602,0,602,G
1-PB2,2098,0,1,601,0,602,G
1-PB2,2099,597,0,0,0,597,A
1-PB2,2100,586,0,1,0,587,A
1-PB2,2101,0,1,583,0,584,G
1-PB2,2102,573,0,0,0,573,A
1-PB2,2103,0,1,0,578,579,C
1-PB2,2104,572,0,0,0,572,A
1-PB2,2105,0,1,569,0,570,G
1-PB2,2106,571,0,0,0,571,A
1-PB2,2107,558,0,0,0,558,A
1-PB2,2108,0,0,558,0,558,G
1-PB2,2109,551,0,0,0,551,A
1-PB2,2110,0,551,0,0,551,T
1-PB2,2111,542,0,0,0,542,A
1-PB2,2112,0,0,0,542,542,C
1-PB2,2113,0,0,540,0,540,G
1-PB2,2114,0,2,546,0,548,G
1-PB2,2115,547,0,0,0,547,A
1-PB2,2116,0,0,0,537,537,C
1-PB2,2117,0,0,0,546,546,C
1-PB2,2118,537,0,0,0,537,A
1-PB2,2119,1,0,546,0,547,G
1-PB2,2120,0,1,0,545,546,C
1-PB2,2121,550,0,0,0,550,A
1-PB2,2122,0,552,0,0,552,T
1-PB2,2123,0,525,0,0,525,T
1-PB2,2124,524,0,0,0,524,A
1-PB2,2125,528,0,0,0,528,A
1-PB2,2126,0,0,527,0,527,G
1-PB2,2127,0,0,0,525,525,C
1-PB2,2128,492,0,0,0,492,A
1-PB2,2129,0,507,0,0,507,T
1-PB2,2130,2,0,0,506,508,C
1-PB2,2131,508,0,0,0,508,A
1-PB2,2132,511,0,0,0,511,A
1-PB2,2133,0,506,0,0,506,T
1-PB2,2134,0,1,506,0,507,G
1-PB2,2135,498,0,0,0,498,A
1-PB2,2136,495,0,0,0,495,A
1-PB2,2137,0,0,0,500,500,C
1-PB2,2138,0,468,0,0,468,T
1-PB2,2139,0,0,479,0,479,G
1-PB2,2140,473,0,0,0,473,A
1-PB2,2141,0,0,476,0,476,G
1-PB2,2142,0,470,0,1,471,T
1-PB2,2143,471,0,0,0,471,A
1-PB2,2144,466,0,0,0,466,A
1-PB2,2145,0,0,0,463,463,C
1-PB2,2146,2,0,0,449,451,C
1-PB2,2147,0,449,0,0,449,T
1-PB2,2148,0,427,0,0,427,T
1-PB2,2149,0,0,424,0,424,G
1-PB2,2150,0,0,0,423,423,C
1-PB2,2151,430,0,0,0,430,A
1-PB2,2152,428,0,0,0,428,A
1-PB2,2153,425,0,0,0,425,A
1-PB2,2154,415,0,0,0,415,A
1-PB2,2155,0,0,418,0,418,G
1-PB2,2156,0,2,414,0,416,G
1-PB2,2157,0,0,418,0,418,G
1-PB2,2158,0,2,417,0,419,G
1-PB2,2159,418,0,0,0,418,A
1-PB2,2160,418,0,0,0,418,A
1-PB2,2161,417,0,0,0,417,A
1-PB2,2162,421,0,0,0,421,A
1-PB2,2163,0,1,421,0,422,G
1-PB2,2164,0,0,415,0,415,G
1-PB2,2165,0,0,0,417,417,C
1-PB2,2166,0,423,0,0,423,T
1-PB2,2167,421,0,0,0,421,A
1-PB2,2168,420,0,0,0,420,A
1-PB2,2169,0,414,0,0,414,T
1-PB2,2170,0,0,424,0,424,G
1-PB2,2171,0,412,0,1,413,T
1-PB2,2172,0,1,402,0,403,G
1-PB2,2173,0,0,0,394,394,C
1-PB2,2174,0,391,0,1,392,T
1-PB2,2175,396,0,0,0,396,A
1-PB2,2176,396,0,0,0,396,A
1-PB2,2177,0,387,0,0,387,T
1-PB2,2178,0,0,0,392,392,C
1-PB2,2179,1,1,369,0,371,G
1-PB2,2180,0,0,375,0,375,G
1-PB2,2181,0,0,376,0,376,G
1-PB2,2182,0,0,0,378,378,C
1-PB2,2183,379,0,0,0,379,A
1-PB2,2184,376,0,0,0,376,A
1-PB2,2185,0,2,374,0,376,G
1-PB2,2186,0,1,377,0,378,G
1-PB2,2187,376,0,0,0,376,A
1-PB2,2188,0,0,371,0,371,G
1-PB2,2189,355,0,1,0,356,A
1-PB2,2190,0,1,0,362,363,C
1-PB2,2191,1,0,360,0,361,G
1-PB2,2192,0,357,0,0,357,T
1-PB2,2193,0,0,355,0,355,G
1-PB2,2194,0,0,365,0,365,G
1-PB2,2195,0,349,0,0,349,T
1-PB2,2196,0,0,350,0,350,G
1-PB2,2197,0,344,0,0,344,T
1-PB2,2198,0,344,0,0,344,T
1-PB2,2199,0,2,340,0,342,G
1-PB2,2200,0,0,340,0,340,G
1-PB2,2201,0,341,0,0,341,T
1-PB2,2202,332,0,0,0,332,A
1-PB2,2203,326,0,0,0,326,A
1-PB2,2204,0,317,0,0,317,T
1-PB2,2205,0,1,316,0,317,G
1-PB2,2206,316,0,0,0,316,A
1-PB2,2207,310,0,1,0,311,A
1-PB2,2208,308,0,0,0,308,A
1-PB2,2209,0,0,0,313,313,C
1-PB2,2210,0,0,313,0,313,G
1-PB2,2211,310,0,0,0,310,A
1-PB2,2212,309,0,0,0,309,A
1-PB2,2213,310,0,0,0,310,A
1-PB2,2214,305,0,0,0,305,A
1-PB2,2215,0,0,0,312,312,C
1-PB2,2216,0,0,309,0,309,G
1-PB2,2217,0,0,302,0,302,G
1-PB2,2218,0,0,309,0,309,G
1-PB2,2219,308,0,0,0,308,A
1-PB2,2220,0,0,0,308,308,C
1-PB2,2221,0,303,0,0,303,T
1-PB2,2222,0,0,0,307,307,C
1-PB2,2223,0,309,0,0,309,T
1-PB2,2224,314,0,0,0,314,A
1-PB2,2225,0,0,311,0,311,G
1-PB2,2226,0,0,0,305,305,C
1-PB2,2227,309,0,0,0,309,A
1-PB2,2228,0,303,0,1,304,T
1-PB2,2229,293,0,0,0,293,A
1-PB2,2230,0,0,0,300,300,C
1-PB2,2231,0,269,0,1,270,T
1-PB2,2232,0,271,0,1,272,T
1-PB2,2233,259,0,0,0,259,A
1-PB2,2234,1,0,0,260,261,C
1-PB2,2235,0,255,0,0,255,T
1-PB2,2236,0,1,250,0,251,G
1-PB2,2237,245,0,0,0,245,A
1-PB2,2238,0,0,0,249,249,C
1-PB2,2239,229,0,0,0,229,A
1-PB2,2240,0,0,231,0,231,G
1-PB2,2241,0,0,0,230,230,C
1-PB2,2242,0,0,0,229,229,C
1-PB2,2243,228,0,0,0,228,A
1-PB2,2244,0,0,229,0,229,G
1-PB2,2245,228,0,0,0,228,A
1-PB2,2246,0,0,0,227,227,C
1-PB2,2247,213,0,0,0,213,A
1-PB2,2248,0,0,211,0,211,G
1-PB2,2249,0,0,0,199,199,C
1-PB2,2250,0,3,199,0,202,G
1-PB2,2251,196,0,0,0,196,A
1-PB2,2252,0,0,0,200,200,C
1-PB2,2253,0,0,0,201,201,C
1-PB2,2254,203,0,0,0,203,A
1-PB2,2255,202,0,0,0,202,A
1-PB2,2256,202,0,0,0,202,A
1-PB2,2257,201,0,0,0,201,A
1-PB2,2258,0,0,199,0,199,G
1-PB2,2259,196,0,0,0,196,A
1-PB2,2260,194,0,0,0,194,A
1-PB2,2261,0,189,0,0,189,T
1-PB2,2262,0,190,0,0,190,T
1-PB2,2263,2,0,1,189,192,C
1-PB2,2264,0,1,191,0,192,G
1-PB2,2265,0,0,191,0,191,G
1-PB2,2266,191,0,1,0,192,A
1-PB2,2267,0,183,0,0,183,T
1-PB2,2268,0,0,182,0,182,G
1-PB2,2269,0,0,182,0,182,G
1-PB2,2270,0,0,0,178,178,C
1-PB2,2271,1,0,0,179,180,C
1-PB2,2272,180,0,0,0,180,A
1-PB2,2273,0,179,0,0,179,T
1-PB2,2274,0,0,0,181,181,C
1-PB2,2275,177,0,0,0,177,A
1-PB2,2276,178,0,0,0,178,A
1-PB2,2277,0,176,0,0,176,T
1-PB2,2278,0,155,0,0,155,T
1-PB2,2279,150,0,0,0,150,A
1-PB2,2280,150,0,0,0,150,A
2-PB1,1,175,0,0,0,175,A
2-PB1,2,0,175,0,0,175,T
2-PB1,3,0,0,178,0,178,G
2-PB1,4,0,0,195,0,195,G
2-PB1,5,224,0,0,0,224,A
2-PB1,6,0,243,0,0,243,T
2-PB1,7,0,0,246,0,246,G
2-PB1,8,0,247,0,0,247,T
2-PB1,9,0,0,0,259,259,C
2-PB1,10,262,0,0,0,262,A
2-PB1,11,274,0,0,0,274,A
2-PB1,12,0,277,0,0,277,T
2-PB1,13,0,0,0,281,281,C
2-PB1,14,0,0,0,299,299,C
2-PB1,15,0,4,300,0,304,G
2-PB1,16,337,0,0,0,337,A
2-PB1,17,0,0,0,339,339,C
2-PB1,18,0,339,0,0,339,T
2-PB1,19,0,0,0,389,389,C
2-PB1,20,0,390,0,0,390,T
2-PB1,21,397,0,0,1,398,A
2-PB1,22,0,0,0,397,397,C
2-PB1,23,0,398,0,0,398,T
2-PB1,24,0,0,450,0,450,G
2-PB1,25,0,449,0,0,449,T
2-PB1,26,0,450,0,0,450,T
2-PB1,27,0,0,0,443,443,C
2-PB1,28,0,0,0,450,450,C
2-PB1,29,0,535,0,0,535,T
2-PB1,30,541,0,0,0,541,A
2-PB1,31,542,0,0,0,542,A
2-PB1,32,537,0,2,0,539,A
2-PB1,33,0,4,548,0,552,G
2-PB1,34,0,0,556,0,556,G
2-PB1,35,0,550,0,0,550,T
2-PB1,36,0,558,0,0,558,T
2-PB1,37,2,0,0,557,559,C
2-PB1,38,0,1,0,558,559,C
2-PB1,39,558,0,0,0,558,A
2-PB1,40,2,1,563,0,566,G
2-PB1,41,1,0,0,563,564,C
2-PB1,42,0,0,568,0,568,G
2-PB1,43,0,0,0,570,570,C
2-PB1,44,572,0,0,0,572,A
2-PB1,45,571,0,0,0,571,A
2-PB1,46,569,0,0,0,569,A
2-PB1,47,576,0,0,0,576,A
2-PB1,48,0,574,0,0,574,T
2-PB1,49,0,0,595,0,595,G
2-PB1,50,0,0,0,604,604,C
2-PB1,51,2,0,0,606,608,C
2-PB1,52,602,0,0,0,602,A
2-PB1,53,0,608,0,0,608,T
2-PB1,54,648,0,0,1,649,A
2-PB1,55,646,0,0,0,646,A
2-PB1,56,0,0,679,0,679,G
2-PB1,57,1,0,0,681,682,C
2-PB1,58,682,1,0,0,683,A
2-PB1,59,0,0,0,700,700,C
2-PB1,60,694,0,1,0,695,A
2-PB1,61,725,1,2,0,728,A
2-PB1,62,0,0,0,728,728,C
2-PB1,63,730,0,0,0,730,A
2-PB1,64,0,738,0,0,738,T
2-PB1,65,0,739,0,0,739,T
2-PB1,66,0,0,0,889,889,C
2-PB1,67,0,1,0,892,893,C
2-PB1,68,1,0,0,903,904,C
2-PB1,69,0,909,0,2,911,T
2-PB1,70,0,911,0,0,911,T
2-PB1,71,989,0,0,0,989,A
2-PB1,72,0,998,0,0,998,T
2-PB1,73,997,0,0,0,997,A
2-PB1,74,0,0,0,1009,1009,C
2-PB1,75,0,968,0,0,968,T
2-PB1,76,0,3,982,0,985,G
2-PB1,77,0,2,975,0,977,G
2-PB1,78,977,1,0,0,978,A
2-PB1,79,0,2,983,0,985,G
2-PB1,80,972,0,0,0,972,A
2-PB1,81,1,976,0,0,977,T
2-PB1,82,1,0,0,1050,1051,C
2-PB1,83,0,0,0,1053,1053,C
2-PB1,84,0,1051,0,2,1053,T
2-PB1,85,0,0,0,1127,1127,C
2-PB1,86,1,0,0,1126,1127,C
2-PB1,87,1143,0,0,0,1143,A
2-PB1,88,0,1147,0,0,1147,T
2-PB1,89,1139,0,1,0,1140,A
2-PB1,90,0,1,0,1148,1149,C
2-PB1,91,1127,0,1,0,1128,A
2-PB1,92,0,0,1189,0,1189,G
2-PB1,93,0,0,0,1201,1201,C
2-PB1,94,3,0,0,1187,1190,C
2-PB1,95,1189,0,0,0,1189,A
2-PB1,96,0,1196,0,0,1196,T
2-PB1,97,0,1,1195,0,1196,G
2-PB1,98,0,2,1256,0,1258,G
2-PB1,99,1251,0,0,0,1251,A
2-PB1,100,1267,0,0,0,1267,A
2-PB1,101,0,0,0,1270,1270,C
2-PB1,102,1252,0,1,0,1253,A
2-PB1,103,0,1,1274,0,1275,G
2-PB1,104,0,3,1307,0,1310,G
2-PB1,105,1302,0,0,0,1302,A
2-PB1,106,1310,0,0,0,1310,A
2-PB1,107,0,0,2,1312,1314,C
2-PB1,108,1308,0,2,0,1310,A
2-PB1,109,0,0,1463,0,1463,G
2-PB1,110,0,4,1449,0,1453,G
2-PB1,111,0,0,1475,0,1475,G
2-PB1,112,0,1462,0,1,1463,T
2-PB1,113,1475,0,1,0,1476,A
2-PB1,114,0,2,0,1488,1490,C
2-PB1,115,1553,0,1,0,1554,A
2-PB1,116,1,0,0,1613,1614,C
2-PB1,117,1,0,0,1596,1597,C
2-PB1,118,1553,0,1,0,1554,A
2-PB1,119,1,1545,0,0,1546,T
2-PB1,120,0,4,1538,0,1542,G
2-PB1,121,0,5,1533,0,1538,G
2-PB1,122,1540,1,1,0,1542,A
2-PB1,123,0,0,0,1553,1553,C
2-PB1,124,1521,0,1,0,1522,A
2-PB1,125,1,0,0,1544,1545,C
2-PB1,126,1534,0,1,0,1535,A
2-PB1,127,0,0,1565,0,1565,G
2-PB1,128,0,1557,0,0,1557,T
2-PB1,129,7,0,0,1608,1615,C
2-PB1,130,1608,0,2,0,1610,A
2-PB1,131,1618,0,0,0,1618,A
2-PB1,132,0,0,0,1627,1627,C
2-PB1,133,1622,0,0,0,1622,A
2-PB1,134,0,4,1639,0,1643,G
2-PB1,135,1611,0,0,0,1611,A
2-PB1,136,1623,0,3,0,1626,A
2-PB1,137,2,0,0,1632,1634,C
2-PB1,138,1602,0,0,0,1602,A
2-PB1,139,0,1,0,1651,1652,C
2-PB1,140,1637,0,2,0,1639,A
2-PB1,141,0,0,0,1712,1712,C
2-PB1,142,2,0,0,1705,1707,C
2-PB1,143,1711,0,0,0,1711,A
2-PB1,144,1715,0,0,0,1715,A
2-PB1,145,0,1756,0,0,1756,T
2-PB1,146,1804,0,0,0,1804,A
2-PB1,147,0,1805,0,0,1805,T
2-PB1,148,0,1787,0,0,1787,T
2-PB1,149,5,0,0,1788,1793,C
2-PB1,150,1752,0,0,0,1752,A
2-PB1,151,1,5,1754,0,1760,G
2-PB1,152,1740,0,2,0,1742,A
2-PB1,153,1,3,1739,0,1743,G
2-PB1,154,1705,0,0,0,1705,A
2-PB1,155,1,4,1676,0,1681,G
2-PB1,156,0,5,1675,0,1680,G
2-PB1,157,0,3,1734,0,1737,G
2-PB1,158,0,1,1735,1,1737,G
2-PB1,159,0,2,1751,0,1753,G
2-PB1,160,1753,0,1,0,1754,A
2-PB1,161,1756,0,1,0,1757,A
2-PB1,162,0,0,1769,1,1770,G
2-PB1,163,0,1736,0,0,1736,T
2-PB1,164,2,4,1743,0,1749,G
2-PB1,165,0,2,1735,0,1737,G
2-PB1,166,1740,0,2,0,1742,A
2-PB1,167,0,1,0,1749,1750,C
2-PB1,168,0,11,1740,0,1751,G
2-PB1,169,1752,0,4,0,1756,A
2-PB1,170,0,1,0,1778,1779,C
2-PB1,171,1768,0,0,0,1768,A
2-PB1,172,1773,0,2,0,1775,A
2-PB1,173,1779,0,1,0,1780,A
2-PB1,174,0,1807,0,0,1807,T
2-PB1,175,1817,0,0,0,1817,A
2-PB1,176,1,1,0,1811,1813,C
2-PB1,177,1799,0,1,0,1800,A
2-PB1,178,0,0,1812,0,1812,G
2-PB1,179,1793,0,0,0,1793,A
2-PB1,180,1820,0,0,0,1820,A
2-PB1,181,1813,0,0,0,1813,A
2-PB1,182,0,0,0,1823,1823,C
2-PB1,183,0,1791,0,0,1791,T
2-PB1,184,0,1,1796,0,1797,G
2-PB1,185,0,3,1778,0,1781,G
2-PB1,186,0,5,1751,0,1756,G
2-PB1,187,0,0,1764,1,1765,G
2-PB1,188,0,0,0,1786,1786,C
2-PB1,189,1784,0,0,0,1784,A
2-PB1,190,1,0,0,1854,1855,C
2-PB1,191,3,0,0,1847,1850,C
2-PB1,192,5,1,0,1844,1850,C
2-PB1,193,5,1,0,1851,1857,C
2-PB1,194,1858,0,1,0,1859,A
2-PB1,195,1874,0,0,0,1874,A
2-PB1,196,1,0,0,1871,1872,C
2-PB1,197,0,1861,0,0,1861,T
2-PB1,198,8,1,0,1863,1872,C
2-PB1,199,1804,0,0,0,1804,A
2-PB1,200,1825,0,0,0,1825,A
2-PB1,201,0,0,0,1836,1836,C
2-PB1,202,3,0,0,1826,1829,C
2-PB1,203,4,0,0,1822,1826,C
2-PB1,204,1827,0,0,0,1827,A
2-PB1,205,1830,0,0,0,1830,A
2-PB1,206,0,1841,0,0,1841,T
2-PB1,207,0,1841,0,0,1841,T
2-PB1,208,0,4,1842,0,1846,G
2-PB1,209,1831,0,0,0,1831,A
2-PB1,210,0,1823,0,0,1823,T
2-PB1,211,0,4,1818,0,1822,G
2-PB1,212,0,4,1850,0,1854,G
2-PB1,213,1875,0,1,0,1876,A
2-PB1,214,1,0,0,1881,1882,C
2-PB1,215,1,0,0,1865,1866,C
2-PB1,216,1866,0,0,0,1866,A
2-PB1,217,2,0,0,1924,1926,C
2-PB1,218,0,1924,0,0,1924,T
2-PB1,219,1942,1,0,0,1943,A
2-PB1,220,0,0,0,1976,1976,C
2-PB1,221,1,0,0,1950,1951,C
2-PB1,222,0,1934,0,0,1934,T
2-PB1,223,0,3,1936,0,1939,G
2-PB1,224,1932,0,0,0,1932,A
2-PB1,225,0,3,1948,0,1951,G
2-PB1,226,0,3,1951,0,1954,G
2-PB1,227,1956,0,2,0,1958,A
2-PB1,228,0,1941,0,0,1941,T
2-PB1,229,1910,0,0,0,1910,A
2-PB1,230,1909,0,1,0,1910,A
2-PB1,231,0,1918,0,0,1918,T
2-PB1,232,1,10,1902,1,1914,G
2-PB1,233,1902,1,0,0,1903,A
2-PB1,234,1902,0,0,0,1902,A
2-PB1,235,0,0,0,1904,1904,C
2-PB1,236,4,0,0,1867,1871,C
2-PB1,237,1870,0,1,0,1871,A
2-PB1,238,1868,0,0,0,1868,A
2-PB1,239,3,1,1875,0,1879,G
2-PB1,240,1,1853,0,0,1854,T
2-PB1,241,0,4,1863,0,1867,G
2-PB1,242,0,3,1888,0,1891,G
2-PB1,243,1889,0,2,0,1891,A
2-PB1,244,0,1883,0,0,1883,T
2-PB1,245,1899,0,0,0,1899,A
2-PB1,246,1,1929,0,0,1930,T
2-PB1,247,0,0,1936,0,1936,G
2-PB1,248,1,0,0,1937,1938,C
2-PB1,249,1930,0,1,0,1931,A
2-PB1,250,0,0,0,1982,1982,C
2-PB1,251,1960,0,0,0,1960,A
2-PB1,252,2002,0,0,0,2002,A
2-PB1,253,1986,0,0,0,1986,A
2-PB1,254,0,0,0,2004,2004,C
2-PB1,255,1968,0,0,0,1968,A
2-PB1,256,0,3,1994,0,1997,G
2-PB1,257,1982,1,1,0,1984,A
2-PB1,258,0,0,0,1979,1979,C
2-PB1,259,0,1936,0,0,1936,T
2-PB1,260,0,0,1978,0,1978,G
2-PB1,261,0,1951,0,1,1952,T
2-PB1,262,1,0,2036,0,2037,G
2-PB1,263,1,2026,0,0,2027,T
2-PB1,264,7,0,0,2038,2045,C
2-PB1,265,5,10,0,2026,2041,C
2-PB1,266,0,2033,0,1,2034,T
2-PB1,267,0,1,2030,0,2031,G
2-PB1,268,0,3,2020,0,2023,G
2-PB1,269,1977,0,7,0,1984,A
2-PB1,270,0,2,2014,0,2016,G
2-PB1,271,1,0,1967,0,1968,G
2-PB1,272,1,0,0,1976,1977,C
2-PB1,273,0,1961,0,0,1961,T
2-PB1,274,1972,0,0,0,1972,A
2-PB1,275,0,1970,0,0,1970,T
2-PB1,276,0,1,1974,0,1975,G
2-PB1,277,0,1,1961,0,1962,G
2-PB1,278,0,0,0,1960,1960,C
2-PB1,279,3,0,0,1932,1935,C
2-PB1,280,0,1923,0,1,1924,T
2-PB1,281,0,2024,0,0,2024,T
2-PB1,282,2,0,0,2018,2020,C
2-PB1,283,5,0,0,2022,2027,C
2-PB1,284,1,2028,0,1,2030,T
2-PB1,285,0,2031,0,0,2031,T
2-PB1,286,0,3,2045,0,2048,G
2-PB1,287,2042,0,0,0,2042,A
2-PB1,288,2053,0,0,0,2053,A
2-PB1,289,0,6,2049,0,2055,G
2-PB1,290,1961,0,0,0,1961,A
2-PB1,291,1973,0,0,0,1973,A
2-PB1,292,0,1966,0,0,1966,T
2-PB1,293,4,0,0,1970,1974,C
2-PB1,294,1,1,0,1976,1978,C
2-PB1,295,6,0,0,1963,1969,C
2-PB1,296,1968,0,4,0,1972,A
2-PB1,297,1,1,0,1991,1993,C
2-PB1,298,2,0,0,1994,1996,C
2-PB1,299,5,0,0,1996,2001,C
2-PB1,300,1975,0,0,0,1975,A
2-PB1,301,1,1,1986,0,1988,G
2-PB1,302,0,0,1993,0,1993,G
2-PB1,303,0,1951,0,1,1952,T
2-PB1,304,1994,0,0,0,1994,A
2-PB1,305,0,1983,0,0,1983,T
2-PB1,306,2,0,0,1994,1996,C
2-PB1,307,0,1973,1,1,1975,T
2-PB1,308,0,1991,0,3,1994,T
2-PB1,309,0,1989,0,0,1989,T
2-PB1,310,0,3,1983,0,1986,G
2-PB1,311,1969,0,0,0,1969,A
2-PB1,312,0,5,1966,0,1971,G
2-PB1,313,1949,0,1,0,1950,A
2-PB1,314,1952,0,1,0,1953,A
2-PB1,315,0,1,4,1950,1955,C
2-PB1,316,0,1925,0,1,1926,T
2-PB1,317,8,0,0,1939,1947,C
2-PB1,318,1939,0,2,0,1941,A
2-PB1,319,0,1938,0,0,1938,T
2-PB1,320,1,2,1945,0,1948,G
2-PB1,321,2,0,0,1976,1978,C
2-PB1,322,3,0,0,1975,1978,C
2-PB1,323,0,1976,0,0,1976,T
2-PB1,324,0,1959,0,1,1960,T
2-PB1,325,0,4,1958,0,1962,G
2-PB1,326,1980,0,0,0,1980,A
2-PB1,327,1978,0,0,0,1978,A
2-PB1,328,1980,0,0,0,1980,A
2-PB1,329,0,0,0,1997,1997,C
2-PB1,330,1959,0,0,0,1959,A
2-PB1,331,1967,0,0,0,1967,A
2-PB1,332,0,1970,0,4,1974,T
2-PB1,333,0,1,1971,0,1972,G
2-PB1,334,0,4,1960,0,1964,G
2-PB1,335,1946,0,0,0,1946,A
2-PB1,336,1947,0,1,0,1948,A
2-PB1,337,0,0,1937,0,1937,G
2-PB1,338,0,1,0,1936,1937,C
2-PB1,339,7,0,0,1926,1933,C
2-PB1,340,5,0,1947,0,1952,G
2-PB1,341,0,1940,0,1,1941,T
2-PB1,342,0,1929,0,1,1930,T
2-PB1,343,7,0,0,1953,1960,C
2-PB1,344,1959,0,0,0,1959,A
2-PB1,345,1996,0,1,0,1997,A
2-PB1,346,0,0,0,2003,2003,C
2-PB1,347,1998,0,0,0,1998,A
2-PB1,348,0,6,1999,0,2005,G
2-PB1,349,1975,0,3,0,1978,A
2-PB1,350,0,0,0,1990,1990,C
2-PB1,351,1988,0,0,0,1988,A
2-PB1,352,1984,0,2,0,1986,A
2-PB1,353,0,8,1997,0,2005,G
2-PB1,354,0,3,1973,0,1976,G
2-PB1,355,0,0,1977,0,1977,G
2-PB1,356,0,1917,0,1,1918,T
2-PB1,357,0,2,1958,0,1960,G
2-PB1,358,0,6,1949,0,1955,G
2-PB1,359,1954,0,6,0,1960,A
2-PB1,360,0,0,0,1971,1971,C
2-PB1,361,1951,0,0,0,1951,A
2-PB1,362,1977,0,0,0,1977,A
2-PB1,363,1975,0,0,0,1975,A
2-PB1,364,0,0,0,1978,1978,C
2-PB1,365,0,1963,0,0,1963,T
2-PB1,366,1980,0,0,0,1980,A
2-PB1,367,1973,0,0,0,1973,A
2-PB1,368,0,5,0,1986,1991,C
2-PB1,369,5,1,0,1990,1996,C
2-PB1,370,4,0,0,1988,1992,C
2-PB1,371,1941,0,0,0,1941,A
2-PB1,372,1937,0,0,0,1937,A
2-PB1,373,2,3,1925,0,1930,G
2-PB1,374,0,3,1943,0,1946,G
2-PB1,375,0,1916,0,1,1917,T
2-PB1,376,7,0,0,1911,1918,C
2-PB1,377,0,0,1915,0,1915,G
2-PB1,378,0,1,0,1912,1913,C
2-PB1,379,3,1,1,1914,1919,C
2-PB1,380,1921,0,0,0,1921,A
2-PB1,381,0,3,1955,0,1958,G
2-PB1,382,1995,0,0,0,1995,A
2-PB1,383,1,0,0,1988,1989,C
2-PB1,384,0,1955,0,7,1962,T
2-PB1,385,0,1960,0,0,1960,T
2-PB1,386,1959,0,0,0,1959,A
2-PB1,387,0,1972,0,2,1974,T
2-PB1,388,1,3,1966,0,1970,G
2-PB1,389,1964,1,0,0,1965,A
2-PB1,390,1,1934,0,0,1935,T
2-PB1,391,1,1869,1,0,1871,T
2-PB1,392,1,2,1872,1,1876,G
2-PB1,393,1,5,1865,0,1871,G
2-PB1,394,1894,0,3,0,1897,A
2-PB1,395,1,0,0,1900,1901,C
2-PB1,396,1877,0,0,0,1877,A
2-PB1,397,0,1852,0,10,1862,T
2-PB1,398,0,1885,0,0,1885,T
2-PB1,399,1900,0,1,0,1901,A
2-PB1,400,1895,0,0,0,1895,A
2-PB1,401,1893,0,3,0,1896,A
2-PB1,402,1,0,0,1899,1900,C
2-PB1,403,1855,1,1,0,1857,A
2-PB1,404,0,3,1865,0,1868,G
2-PB1,405,1858,0,0,0,1858,A
2-PB1,406,1864,0,0,0,1864,A
2-PB1,407,1868,0,0,0,1868,A
2-PB1,408,0,1831,0,0,1831,T
2-PB1,409,5,0,0,1843,1848,C
2-PB1,410,1853,0,0,0,1853,A
2-PB1,411,1853,0,1,0,1854,A
2-PB1,412,0,0,0,1861,1861,C
2-PB1,413,5,2,0,1830,1837,C
2-PB1,414,1,2,1829,0,1832,G
2-PB1,415,0,0,1827,0,1827,G
2-PB1,416,0,0,0,1845,1845,C
2-PB1,417,1840,0,1,0,1841,A
2-PB1,418,0,0,1838,0,1838,G
2-PB1,419,0,0,0,1861,1861,C
2-PB1,420,1864,0,0,0,1864,A
2-PB1,421,1866,0,1,0,1867,A
2-PB1,422,0,0,0,1877,1877,C
2-PB1,423,0,1855,0,1,1856,T
2-PB1,424,1,0,1929,0,1930,G
2-PB1,425,3,0,0,1921,1924,C
2-PB1,426,1925,1,1,0,1927,A
2-PB1,427,0,1906,0,9,1915,T
2-PB1,428,0,1896,1,1,1898,T
2-PB1,429,2012,0,0,1,2013,A
2-PB1,430,0,0,2010,0,2010,G
2-PB1,431,0,1,0,1995,1996,C
2-PB1,432,6,1,0,1996,2003,C
2-PB1,433,1916,0,0,0,1916,A
2-PB1,434,1923,0,2,0,1925,A
2-PB1,435,1,0,0,1937,1938,C
2-PB1,436,1938,0,0,0,1938,A
2-PB1,437,0,0,0,2003,2003,C
2-PB1,438,10,1,0,1832,1843,C
2-PB1,439,1849,0,1,0,1850,A
2-PB1,440,0,1841,0,0,1841,T
2-PB1,441,1854,0,0,0,1854,A
2-PB1,442,0,2,1850,0,1852,G
2-PB1,443,1842,0,0,0,1842,A
2-PB1,444,1813,0,0,0,1813,A
2-PB1,445,0,0,1828,0,1828,G
2-PB1,446,0,1760,0,0,1760,T
2-PB1,447,0,1771,0,0,1771,T
2-PB1,448,0,1772,0,0,1772,T
2-PB1,449,0,1780,0,0,1780,T
2-PB1,450,0,1778,0,0,1778,T
2-PB1,451,1778,0,1,1,1780,A
2-PB1,452,0,4,1771,0,1775,G
2-PB1,453,1776,0,0,0,1776,A
2-PB1,454,0,1758,0,0,1758,T
2-PB1,455,4,0,0,1742,1746,C
2-PB1,456,11,6,1734,0,1751,G
2-PB1,457,1738,0,0,0,1738,A
2-PB1,458,1744,0,1,0,1745,A
2-PB1,459,1,0,0,1761,1762,C
2-PB1,460,2,2,1757,0,1761,G
2-PB1,461,0,2,1840,0,1842,G
2-PB1,462,1842,0,0,0,1842,A
2-PB1,463,0,1831,0,0,1831,T
2-PB1,464,0,1845,0,0,1845,T
2-PB1,465,1836,0,0,0,1836,A
2-PB1,466,1832,0,1,0,1833,A
2-PB1,467,0,0,0,1842,1842,C
2-PB1,468,1832,0,0,0,1832,A
2-PB1,469,0,0,1839,0,1839,G
2-PB1,470,0,0,0,1754,1754,C
2-PB1,471,0,1746,0,0,1746,T
2-PB1,472,1757,0,1,0,1758,A
2-PB1,473,1750,0,1,0,1751,A
2-PB1,474,0,1757,0,0,1757,T
2-PB1,475,0,3,1771,0,1774,G
2-PB1,476,1766,0,0,0,1766,A
2-PB1,477,1768,0,0,0,1768,A
2-PB1,478,0,1730,0,0,1730,T
2-PB1,479,3,0,0,1734,1737,C
2-PB1,480,1727,0,0,0,1727,A
2-PB1,481,0,2,1728,0,1730,G
2-PB1,482,0,2,1720,0,1722,G
2-PB1,483,1724,0,0,0,1724,A
2-PB1,484,1701,0,0,0,1701,A
2-PB1,485,0,3,1774,0,1777,G
2-PB1,486,0,2,1784,0,1786,G
2-PB1,487,0,0,0,1792,1792,C
2-PB1,488,0,1795,0,1,1796,T
2-PB1,489,1794,0,0,0,1794,A
2-PB1,490,1797,0,1,0,1798,A
2-PB1,491,0,1802,0,0,1802,T
2-PB1,492,1801,0,0,0,1801,A
2-PB1,493,0,8,1802,0,1810,G
2-PB1,494,1701,0,0,0,1701,A
2-PB1,495,0,1682,0,0,1682,T
2-PB1,496,0,1692,0,2,1694,T
2-PB1,497,0,1672,0,2,1674,T
2-PB1,498,5,1,0,1717,1723,C
2-PB1,499,1,0,0,1733,1734,C
2-PB1,500,0,1731,0,1,1732,T
2-PB1,501,3,1,0,1739,1743,C
2-PB1,502,1746,0,0,0,1746,A
2-PB1,503,1749,0,1,0,1750,A
2-PB1,504,0,1,1751,0,1752,G
2-PB1,505,4,3,1772,0,1779,G
2-PB1,506,1776,0,0,0,1776,A
2-PB1,507,0,1707,0,0,1707,T
2-PB1,508,0,0,1743,0,1743,G
2-PB1,509,0,1717,0,0,1717,T
2-PB1,510,2,1,1742,0,1745,G
2-PB1,511,1742,0,3,0,1745,A
2-PB1,512,1,1737,0,1,1739,T
2-PB1,513,0,0,1738,0,1738,G
2-PB1,514,0,7,1735,0,1742,G
2-PB1,515,1737,0,0,0,1737,A
2-PB1,516,1737,0,1,0,1738,A
2-PB1,517,0,1701,0,0,1701,T
2-PB1,518,4,0,0,1713,1717,C
2-PB1,519,1701,0,0,0,1701,A
2-PB1,520,1698,0,0,0,1698,A
2-PB1,521,0,1706,0,0,1706,T
2-PB1,522,0,7,1736,0,1743,G
2-PB1,523,0,2,1742,0,1744,G
2-PB1,524,1731,1,2,0,1734,A
2-PB1,525,0,1734,0,0,1734,T
2-PB1,526,1731,0,0,0,1731,A
2-PB1,527,1725,1,0,0,1726,A
2-PB1,528,1726,0,0,0,1726,A
2-PB1,529,1,1,1746,0,1748,G
2-PB1,530,1734,0,0,0,1734,A
2-PB1,531,0,2,1724,0,1726,G
2-PB1,532,0,4,1711,0,1715,G
2-PB1,533,1710,0,1,0,1711,A
2-PB1,534,1714,0,1,0,1715,A
2-PB1,535,1715,1,4,0,1720,A
2-PB1,536,1,1710,0,0,1711,T
2-PB1,537,0,2,1747,0,1749,G
2-PB1,538,0,1,1739,0,1740,G
2-PB1,539,1711,0,0,0,1711,A
2-PB1,540,0,3,1727,0,1730,G
2-PB1,541,1711,2,0,0,1713,A
2-PB1,542,0,1762,1,0,1763,T
2-PB1,543,1759,0,0,0,1759,A
2-PB1,544,1760,0,0,0,1760,A
2-PB1,545,0,0,0,1776,1776,C
2-PB1,546,1742,0,0,0,1742,A
2-PB1,547,1743,0,0,0,1743,A
2-PB1,548,1,0,0,1747,1748,C
2-PB1,549,1725,0,0,0,1725,A
2-PB1,550,0,0,0,1729,1729,C
2-PB1,551,1694,0,0,0,1694,A
2-PB1,552,0,0,0,1719,1719,C
2-PB1,553,0,1690,0,1,1691,T
2-PB1,554,0,1690,0,0,1690,T
2-PB1,555,0,1690,0,0,1690,T
2-PB1,556,3,0,0,1695,1698,C
2-PB1,557,1703,0,0,0,1703,A
2-PB1,558,1695,0,1,0,1696,A
2-PB1,559,1704,0,0,0,1704,A
2-PB1,560,0,0,1732,0,1732,G
2-PB1,561,1705,0,0,0,1705,A
2-PB1,562,1709,0,0,0,1709,A
2-PB1,563,1716,0,1,0,1717,A
2-PB1,564,1718,0,0,0,1718,A
2-PB1,565,1713,0,0,0,1713,A
2-PB1,566,8,2,1710,0,1720,G
2-PB1,567,1,2,1723,0,1726,G
2-PB1,568,1692,0,0,0,1692,A
2-PB1,569,1,1,1726,0,1728,G
2-PB1,570,1720,0,0,0,1720,A
2-PB1,571,1,0,1783,0,1784,G
2-PB1,572,0,1755,0,0,1755,T
2-PB1,573,1769,0,0,0,1769,A
2-PB1,574,1776,0,3,0,1779,A
2-PB1,575,3,1,1783,0,1787,G
2-PB1,576,0,5,1793,0,1798,G
2-PB1,577,1,5,1797,0,1803,G
2-PB1,578,1775,0,2,0,1777,A
2-PB1,579,0,0,0,1808,1808,C
2-PB1,580,1763,0,0,0,1763,A
2-PB1,581,1764,0,0,0,1764,A
2-PB1,582,0,0,0,1764,1764,C
2-PB1,583,1756,0,0,0,1756,A
2-PB1,584,0,1724,0,0,1724,T
2-PB1,585,0,12,1703,0,1715,G
2-PB1,586,1702,0,1,0,1703,A
2-PB1,587,0,0,0,1703,1703,C
2-PB1,588,2,0,0,1706,1708,C
2-PB1,589,1714,0,0,0,1714,A
2-PB1,590,1718,0,0,0,1718,A
2-PB1,591,0,2,1730,0,1732,G
2-PB1,592,1730,0,0,0,1730,A
2-PB1,593,1731,0,0,0,1731,A
2-PB1,594,1728,1,0,0,1729,A
2-PB1,595,1723,0,1,0,1724,A
2-PB1,596,0,1728,0,0,1728,T
2-PB1,597,0,4,1728,0,1732,G
2-PB1,598,0,1,1733,0,1734,G
2-PB1,599,0,1711,0,4,1715,T
2-PB1,600,8,1,0,1697,1706,C
2-PB1,601,1724,0,0,0,1724,A
2-PB1,602,0,1,0,1979,1980,C
2-PB1,603,2061,0,1,0,2062,A
2-PB1,604,0,0,0,2080,2080,C
2-PB1,605,2073,0,0,0,2073,A
2-PB1,606,2217,0,0,0,2217,A
2-PB1,607,2211,0,0,0,2211,A
2-PB1,608,1,12,2481,0,2494,G
2-PB1,609,2478,0,1,0,2479,A
2-PB1,610,2521,0,2,0,2523,A
2-PB1,611,0,0,0,2657,2657,C
2-PB1,612,2601,0,0,0,2601,A
2-PB1,613,2632,0,0,0,2632,A
2-PB1,614,0,2623,0,0,2623,T
2-PB1,615,2608,0,2,0,2610,A
2-PB1,616,0,7,2617,0,2624,G
2-PB1,617,1,3,2571,0,2575,G
2-PB1,618,0,6,2574,0,2580,G
2-PB1,619,2569,1,1,0,2571,A
2-PB1,620,2564,0,0,0,2564,A
2-PB1,621,1,2,2615,0,2618,G
2-PB1,622,2605,0,1,0,2606,A
2-PB1,623,2618,0,0,0,2618,A
2-PB1,624,2647,0,1,0,2648,A
2-PB1,625,2671,0,1,1,2673,A
2-PB1,626,2786,0,1,1,2788,A
2-PB1,627,2785,0,0,8,2793,A
2-PB1,628,0,2,0,2802,2804,C
2-PB1,629,2799,0,0,0,2799,A
2-PB1,630,2804,0,0,0,2804,A
2-PB1,631,2800,0,0,0,2800,A
2-PB1,632,1,12,2851,0,2864,G
2-PB1,633,2870,0,3,0,2873,A
2-PB1,634,0,0,3059,0,3059,G
2-PB1,635,0,3011,0,1,3012,T
2-PB1,636,1,12,3735,0,3748,G
2-PB1,637,3754,0,5,0,3759,A
2-PB1,638,3773,0,3,0,3776,A
2-PB1,639,0,3844,0,0,3844,T
2-PB1,640,3870,0,3,0,3873,A
2-PB1,641,3874,0,6,0,3880,A
2-PB1,642,1,10,3876,0,3887,G
2-PB1,643,3835,0,5,0,3840,A
2-PB1,644,0,12,3833,0,3845,G
2-PB1,645,3730,0,3,0,3733,A
2-PB1,646,4,8,3767,0,3779,G
2-PB1,647,0,0,3740,0,3740,G
2-PB1,648,0,1,0,3776,3777,C
2-PB1,649,0,3779,0,2,3781,T
2-PB1,650,3897,2,2,0,3901,A
2-PB1,651,0,1,0,4213,4214,C
2-PB1,652,15,0,0,4212,4227,C
2-PB1,653,1,4268,0,2,4271,T
2-PB1,654,4492,0,1,0,4493,A
2-PB1,655,4487,0,0,0,4487,A
2-PB1,656,0,4489,0,0,4489,T
2-PB1,657,4486,0,0,0,4486,A
2-PB1,658,4461,0,3,1,4465,A
2-PB1,659,0,12,4478,0,4490,G
2-PB1,660,4370,0,5,0,4375,A
2-PB1,661,0,2,4423,0,4425,G
2-PB1,662,1,0,0,4457,4458,C
2-PB1,663,0,4394,0,5,4399,T
2-PB1,664,1,4428,0,1,4430,T
2-PB1,665,0,4443,0,0,4443,T
2-PB1,666,6,18,4413,0,4437,G
2-PB1,667,4502,0,2,0,4504,A
2-PB1,668,1,1,0,4539,4541,C
2-PB1,669,4548,0,3,0,4551,A
2-PB1,670,1,4537,1,2,4541,T
2-PB1,671,1,4529,0,4,4534,T
2-PB1,672,1,22,4631,0,4654,G
2-PB1,673,4647,1,3,1,4652,A
2-PB1,674,4645,0,4,0,4649,A
2-PB1,675,1,1,0,4690,4692,C
2-PB1,676,4645,2,2,0,4649,A
2-PB1,677,2,6,0,4650,4658,C
2-PB1,678,0,10,4649,0,4659,G
2-PB1,679,4658,0,6,0,4664,A
2-PB1,680,0,4682,0,1,4683,T
2-PB1,681,0,29,4766,1,4796,G
2-PB1,682,4800,0,6,0,4806,A
2-PB1,683,1,1,0,4838,4840,C
2-PB1,684,13,0,1,4832,4846,C
2-PB1,685,4838,0,4,1,4843,A
2-PB1,686,4906,0,3,0,4909,A
2-PB1,687,4904,1,11,0,4916,A
2-PB1,688,0,2,5084,0,5086,G
2-PB1,689,5141,1,2,0,5144,A
2-PB1,690,0,5074,0,3,5077,T
2-PB1,691,0,1,5122,0,5123,G
2-PB1,692,2,3,1,5096,5102,C
2-PB1,693,5092,3,9,0,5104,A
2-PB1,694,0,6,5146,0,5152,G
2-PB1,695,5067,0,0,0,5067,A
2-PB1,696,6,8,5094,0,5108,G
2-PB1,697,4962,1,3,0,4966,A
2-PB1,698,0,6,4963,0,4969,G
2-PB1,699,4932,1,6,1,4940,A
2-PB1,700,0,9,4926,0,4935,G
2-PB1,701,2,0,4915,0,4917,G
2-PB1,702,1,2,0,4931,4934,C
2-PB1,703,4928,0,9,0,4937,A
2-PB1,704,4947,0,0,0,4947,A
2-PB1,705,4970,0,2,0,4972,A
2-PB1,706,0,5009,0,1,5010,T
2-PB1,707,1,5002,0,0,5003,T
2-PB1,708,5006,2,0,0,5008,A
2-PB1,709,4999,0,2,0,5001,A
2-PB1,710,5011,0,0,0,5011,A
2-PB1,711,5040,0,3,0,5043,A
2-PB1,712,5034,1,4,0,5039,A
2-PB1,713,1,11,5024,0,5036,G
2-PB1,714,4999,0,2,0,5001,A
2-PB1,715,4994,0,2,0,4996,A
2-PB1,716,1,14,5055,0,5070,G
2-PB1,717,0,11,5193,0,5204,G
2-PB1,718,1,3,5214,0,5218,G
2-PB1,719,1,0,0,5277,5278,C
2-PB1,720,0,5258,0,3,5261,T
2-PB1,721,5335,0,3,0,5338,A
2-PB1,722,1,5396,0,4,5401,T
2-PB1,723,0,5412,0,3,5415,T
2-PB1,724,2,1,5422,0,5425,G
2-PB1,725,2,2,0,5394,5398,C
2-PB1,726,5263,1,6,0,5270,A
2-PB1,727,5273,0,3,0,5276,A
2-PB1,728,0,2,0,5272,5274,C
2-PB1,729,5264,0,7,0,5271,A
2-PB1,730,1,1,0,5319,5321,C
2-PB1,731,12,3,0,5195,5210,C
2-PB1,732,14,19,0,5181,5214,C
2-PB1,733,3,14,5167,0,5184,G
2-PB1,734,1,5,5201,0,5207,G
2-PB1,735,2,7,5205,0,5214,G
2-PB1,736,5219,1,12,0,5232,A
2-PB1,737,0,5188,0,2,5190,T
2-PB1,738,0,1,5235,0,5236,G
2-PB1,739,3,0,4,5212,5219,C
2-PB1,740,5313,0,1,0,5314,A
2-PB1,741,5410,0,2,0,5412,A
2-PB1,742,5477,0,0,0,5477,A
2-PB1,743,0,5479,0,0,5479,T
2-PB1,744,0,5472,0,1,5473,T
2-PB1,745,5416,0,4,1,5421,A
2-PB1,746,0,8,5420,0,5428,G
2-PB1,747,5389,2,7,0,5398,A
2-PB1,748,0,16,5403,0,5419,G
2-PB1,749,1,15,5359,0,5375,G
2-PB1,750,1,2,5508,0,5511,G
2-PB1,751,1,5464,0,2,5467,T
2-PB1,752,0,5513,1,2,5516,T
2-PB1,753,18,6,0,5526,5550,C
2-PB1,754,4,0,5599,0,5603,G
2-PB1,755,0,5578,0,13,5591,T
2-PB1,756,0,0,5612,0,5612,G
2-PB1,757,0,5592,0,2,5594,T
2-PB1,758,5576,0,1,0,5577,A
2-PB1,759,0,1,0,5582,5583,C
2-PB1,760,0,5301,0,2,5303,T
2-PB1,761,1,5328,0,1,5330,T
2-PB1,762,3,0,0,5339,5342,C
2-PB1,763,5,0,5293,0,5298,G
2-PB1,764,0,5287,0,3,5290,T
2-PB1,765,0,5279,0,5,5284,T
2-PB1,766,2,8,5268,0,5278,G
2-PB1,767,5253,0,1,0,5254,A
2-PB1,768,5274,0,4,0,5278,A
2-PB1,769,5296,0,3,2,5301,A
2-PB1,770,0,0,0,5344,5344,C
2-PB1,771,0,5312,0,2,5314,T
2-PB1,772,1,5302,0,2,5305,T
2-PB1,773,0,5297,0,2,5299,T
2-PB1,774,5402,0,2,0,5404,A
2-PB1,775,13,1,5409,0,5423,G
2-PB1,776,2,3,0,5429,5434,C
2-PB1,777,0,5445,0,1,5446,T
2-PB1,778,5372,1,5,0,5378,A
2-PB1,779,1,7,5373,0,5381,G
2-PB1,780,5376,0,5,0,5381,A
2-PB1,781,5362,0,5,0,5367,A
2-PB1,782,1,1,5403,1,5406,G
2-PB1,783,0,1,0,5304,5305,C
2-PB1,784,5304,0,0,0,5304,A
2-PB1,785,0,5292,0,0,5292,T
2-PB1,786,1,5283,0,4,5288,T
2-PB1,787,0,5295,0,0,5295,T
2-PB1,788,1,2,5290,0,5293,G
2-PB1,789,1,2,0,5292,5295,C
2-PB1,790,0,14,5290,0,5304,G
2-PB1,791,5273,1,5,0,5279,A
2-PB1,792,5281,0,1,0,5282,A
2-PB1,793,5295,0,0,0,5295,A
2-PB1,794,5463,0,5,0,5468,A
2-PB1,795,0,1,5540,0,5541,G
2-PB1,796,0,0,0,5564,5564,C
2-PB1,797,0,5557,0,4,5561,T
2-PB1,798,1,5545,0,1,5547,T
2-PB1,799,1,18,5549,0,5568,G
2-PB1,800,5553,1,5,0,5559,A
2-PB1,801,5542,0,14,0,5556,A
2-PB1,802,0,0,0,5595,5595,C
2-PB1,803,5499,0,1,0,5500,A
2-PB1,804,0,0,6033,0,6033,G
2-PB1,805,0,5980,0,2,5982,T
2-PB1,806,19,1,0,5983,6003,C
2-PB1,807,2,6005,1,12,6020,T
2-PB1,808,1,8,6013,0,6022,G
2-PB1,809,0,14,6049,0,6063,G
2-PB1,810,6040,0,1,0,6041,A
2-PB1,811,2,0,0,6108,6110,C
2-PB1,812,0,5947,0,8,5955,T
2-PB1,813,1,5639,0,5,5645,T
2-PB1,814,6,2,0,5620,5628,C
2-PB1,815,5,3,0,5610,5618,C
2-PB1,816,5567,0,3,0,5570,A
2-PB1,817,1,1,5686,0,5688,G
2-PB1,818,0,5649,0,1,5650,T
2-PB1,819,0,5692,0,0,5692,T
2-PB1,820,1,15,5631,0,5647,G
2-PB1,821,1,15,5625,0,5641,G
2-PB1,822,0,11,5666,0,5677,G
2-PB1,823,1,6,5678,0,5685,G
2-PB1,824,3,1,5700,0,5704,G
2-PB1,825,0,5609,0,4,5613,T
2-PB1,826,5653,0,1,0,5654,A
2-PB1,827,5675,1,4,0,5680,A
2-PB1,828,1,5698,0,1,5700,T
2-PB1,829,1,13,5700,1,5715,G
2-PB1,830,5667,1,2,0,5670,A
2-PB1,831,5642,0,2,0,5644,A
2-PB1,832,5650,0,1,0,5651,A
2-PB1,833,5624,0,4,1,5629,A
2-PB1,834,19,4,5606,0,5629,G
2-PB1,835,5567,0,7,0,5574,A
2-PB1,836,5534,0,8,0,5542,A
2-PB1,837,0,9,5547,0,5556,G
2-PB1,838,0,2,5528,0,5530,G
2-PB1,839,4,1,0,5522,5527,C
2-PB1,840,10,11,0,5525,5546,C
2-PB1,841,5561,1,3,0,5565,A
2-PB1,842,5564,0,1,0,5565,A
2-PB1,843,5561,0,2,0,5563,A
2-PB1,844,2,1,0,5589,5592,C
2-PB1,845,0,5569,0,1,5570,T
2-PB1,846,0,9,5671,0,5680,G
2-PB1,847,3,0,5649,0,5652,G
2-PB1,848,2,1,0,5683,5686,C
2-PB1,849,5685,0,3,0,5688,A
2-PB1,850,5679,0,1,0,5680,A
2-PB1,851,5673,0,1,0,5674,A
2-PB1,852,0,5692,1,1,5694,T
2-PB1,853,1,1,5722,0,5724,G
2-PB1,854,0,5683,0,3,5686,T
2-PB1,855,0,5572,0,0,5572,T
2-PB1,856,4,1,5573,0,5578,G
2-PB1,857,2,5523,0,5,5530,T
2-PB1,858,0,12,5556,1,5569,G
2-PB1,859,5557,0,10,0,5567,A
2-PB1,860,8,4,5583,0,5595,G
2-PB1,861,5588,0,7,0,5595,A
2-PB1,862,5559,0,0,0,5559,A
2-PB1,863,5566,0,2,0,5568,A
2-PB1,864,5578,0,1,1,5580,A
2-PB1,865,5599,0,7,0,5606,A
2-PB1,866,0,5577,0,3,5580,T
2-PB1,867,4,4,5575,1,5584,G
2-PB1,868,5567,2,6,1,5576,A
2-PB1,869,0,5520,1,1,5522,T
2-PB1,870,0,17,5566,0,5583,G
2-PB1,871,5568,1,7,1,5577,A
2-PB1,872,0,22,0,5614,5636,C
2-PB1,873,1,5632,0,2,5635,T
2-PB1,874,5634,0,0,0,5634,A
2-PB1,875,5690,2,3,1,5696,A
2-PB1,876,2,5685,0,0,5687,T
2-PB1,877,0,5741,1,1,5743,T
2-PB1,878,21,2,0,5771,5794,C
2-PB1,879,5768,0,5,0,5773,A
2-PB1,880,1,0,1,5799,5801,C
2-PB1,881,5736,0,4,0,5740,A
2-PB1,882,5737,0,10,0,5747,A
2-PB1,883,0,11,5745,0,5756,G
2-PB1,884,5811,0,5,0,5816,A
2-PB1,885,2,2,0,5816,5820,C
2-PB1,886,5772,2,3,1,5778,A
2-PB1,887,1,2,0,5772,5775,C
2-PB1,888,5723,3,6,0,5732,A
2-PB1,889,0,10,5755,0,5765,G
2-PB1,890,5722,0,5,0,5727,A
2-PB1,891,1,0,5743,0,5744,G
2-PB1,892,0,2,0,5705,5707,C
2-PB1,893,0,5598,0,8,5606,T
2-PB1,894,0,5695,0,1,5696,T
2-PB1,895,1,5667,0,0,5668,T
2-PB1,896,5,0,0,5720,5725,C
2-PB1,897,0,5702,0,9,5711,T
2-PB1,898,0,5706,0,2,5708,T
2-PB1,899,0,5703,0,8,5711,T
2-PB1,900,11,1,0,5708,5720,C
2-PB1,901,5684,0,0,0,5684,A
2-PB1,902,1,2,1,5736,5740,C
2-PB1,903,5682,1,2,0,5685,A
2-PB1,904,5711,0,1,0,5712,A
2-PB1,905,0,5770,0,0,5770,T
2-PB1,906,15,1,1,5868,5885,C
2-PB1,907,5892,0,0,0,5892,A
2-PB1,908,1,2,0,5966,5969,C
2-PB1,909,0,5894,0,3,5897,T
2-PB1,910,1,12,5958,0,5971,G
2-PB1,911,5,15,5900,0,5920,G
2-PB1,912,2,16,6106,0,6124,G
2-PB1,913,0,12,6082,1,6095,G
2-PB1,914,5991,2,4,0,5997,A
2-PB1,915,1,2,0,5772,5775,C
2-PB1,916,5847,0,2,0,5849,A
2-PB1,917,6248,1,4,0,6253,A
2-PB1,918,0,1,0,6307,6308,C
2-PB1,919,6300,1,5,0,6306,A
2-PB1,920,0,0,0,6323,6323,C
2-PB1,921,0,6113,0,4,6117,T
2-PB1,922,6153,0,3,0,6156,A
2-PB1,923,6127,0,6,1,6134,A
2-PB1,924,1,0,6167,0,6168,G
2-PB1,925,1,6097,0,5,6103,T
2-PB1,926,2,12,5718,0,5732,G
2-PB1,927,1,10,5688,0,5699,G
2-PB1,928,5666,2,3,0,5671,A
2-PB1,929,5680,0,5,0,5685,A
2-PB1,930,0,5684,0,4,5688,T
2-PB1,931,26,10,5649,0,5685,G
2-PB1,932,5676,0,4,0,5680,A
2-PB1,933,5624,0,2,0,5626,A
2-PB1,934,5678,0,4,0,5682,A
2-PB1,935,5704,1,3,0,5708,A
2-PB1,936,0,5657,0,1,5658,T
2-PB1,937,18,3,0,5665,5686,C
2-PB1,938,5677,1,6,0,5684,A
2-PB1,939,5676,0,4,0,5680,A
2-PB1,940,5646,1,6,1,5654,A
2-PB1,941,5634,1,1,0,5636,A
2-PB1,942,0,0,0,5692,5692,C
2-PB1,943,5,0,0,5643,5648,C
2-PB1,944,18,2,0,5642,5662,C
2-PB1,945,0,5623,0,5,5628,T
2-PB1,946,12,1,0,5649,5662,C
2-PB1,947,1,12,5664,0,5677,G
2-PB1,948,5648,1,0,0,5649,A
2-PB1,949,5658,0,0,0,5658,A
2-PB1,950,0,5669,0,2,5671,T
2-PB1,951,3,0,5710,0,5713,G
2-PB1,952,0,5652,2,3,5657,T
2-PB1,953,0,5602,0,1,5603,T
2-PB1,954,1,5648,1,8,5658,T
2-PB1,955,0,5649,0,0,5649,T
2-PB1,956,0,5650,0,2,5652,T
2-PB1,957,0,11,5626,0,5637,G
2-PB1,958,0,4,5593,0,5597,G
2-PB1,959,6,2,0,5609,5617,C
2-PB1,960,2,4,5586,0,5592,G
2-PB1,961,5570,0,3,0,5573,A
2-PB1,962,0,5737,0,1,5738,T
2-PB1,963,2,12,5963,0,5977,G
2-PB1,964,6238,0,0,0,6238,A
2-PB1,965,1,6245,0,3,6249,T
2-PB1,966,0,6264,0,4,6268,T
2-PB1,967,6268,1,15,0,6284,A
2-PB1,968,1,6,1,6317,6325,C
2-PB1,969,6363,0,2,0,6365,A
2-PB1,970,2,6337,0,2,6341,T
2-PB1,971,6038,0,4,0,6042,A
2-PB1,972,0,1,0,6121,6122,C
2-PB1,973,5667,0,0,0,5667,A
2-PB1,974,0,5643,2,2,5647,T
2-PB1,975,6,0,0,5651,5657,C
2-PB1,976,5601,1,16,1,5619,A
2-PB1,977,0,1,0,5623,5624,C
2-PB1,978,5617,0,0,0,5617,A
2-PB1,979,5622,0,0,0,5622,A
2-PB1,980,5610,0,1,1,5612,A
2-PB1,981,0,13,5427,0,5440,G
2-PB1,982,5682,0,2,0,5684,A
2-PB1,983,5706,0,0,0,5706,A
2-PB1,984,0,5660,0,7,5667,T
2-PB1,985,14,1,0,5705,5720,C
2-PB1,986,5747,1,8,0,5756,A
2-PB1,987,5753,0,1,0,5754,A
2-PB1,988,3,3,0,5798,5804,C
2-PB1,989,8,1,0,5790,5799,C
2-PB1,990,0,5564,0,1,5565,T
2-PB1,991,1,17,5601,0,5619,G
2-PB1,992,5604,1,5,1,5611,A
2-PB1,993,0,0,5615,1,5616,G
2-PB1,994,1,5567,1,3,5572,T
2-PB1,995,1,15,5458,0,5474,G
2-PB1,996,2,1,5822,0,5825,G
2-PB1,997,0,5781,1,3,5785,T
2-PB1,998,2,5783,0,8,5793,T
2-PB1,999,20,6,1,5798,5825,C
2-PB1,1000,5778,1,2,0,5781,A
2-PB1,1001,6,11,5849,0,5866,G
2-PB1,1002,5850,0,8,0,5858,A
2-PB1,1003,5863,0,5,0,5868,A
2-PB1,1004,5824,0,11,0,5835,A
2-PB1,1005,0,1,0,5512,5513,C
2-PB1,1006,5592,0,0,0,5592,A
2-PB1,1007,0,5505,0,3,5508,T
2-PB1,1008,10,0,0,5615,5625,C
2-PB1,1009,7,0,1,5642,5650,C
2-PB1,1010,0,5506,1,8,5515,T
2-PB1,1011,0,13,5519,1,5533,G
2-PB1,1012,5485,0,3,0,5488,A
2-PB1,1013,1,4,5503,0,5508,G
2-PB1,1014,1,2,0,5499,5502,C
2-PB1,1015,5361,0,2,0,5363,A
2-PB1,1016,0,5347,0,3,5350,T
2-PB1,1017,7,3,0,5321,5331,C
2-PB1,1018,3,4,5323,0,5330,G
2-PB1,1019,1,1,0,5504,5506,C
2-PB1,1020,5523,0,4,0,5527,A
2-PB1,1021,1,1,0,5681,5683,C
2-PB1,1022,20,4,0,5681,5705,C
2-PB1,1023,5729,1,3,0,5733,A
2-PB1,1024,5809,0,1,0,5810,A
2-PB1,1025,0,5803,0,2,5805,T
2-PB1,1026,5802,0,0,1,5803,A
2-PB1,1027,5791,0,1,1,5793,A
2-PB1,1028,0,5581,1,1,5583,T
2-PB1,1029,2,0,5610,1,5613,G
2-PB1,1030,0,5455,0,4,5459,T
2-PB1,1031,1,5392,0,9,5402,T
2-PB1,1032,11,2,0,5433,5446,C
2-PB1,1033,0,5409,0,14,5423,T
2-PB1,1034,11,2,0,5437,5450,C
2-PB1,1035,5449,0,1,0,5450,A
2-PB1,1036,5453,0,1,0,5454,A
2-PB1,1037,5432,0,6,1,5439,A
2-PB1,1038,1,2,0,5465,5468,C
2-PB1,1039,5456,0,0,0,5456,A
2-PB1,1040,5453,0,0,0,5453,A
2-PB1,1041,5419,0,2,0,5421,A
2-PB1,1042,5450,0,4,0,5454,A
2-PB1,1043,0,5504,1,4,5509,T
2-PB1,1044,2,17,5501,0,5520,G
2-PB1,1045,3,2,5499,0,5504,G
2-PB1,1046,0,4,0,5504,5508,C
2-PB1,1047,5501,0,6,0,5507,A
2-PB1,1048,5504,0,3,2,5509,A
2-PB1,1049,1,11,5556,0,5568,G
2-PB1,1050,5541,1,9,0,5551,A
2-PB1,1051,2,0,0,5564,5566,C
2-PB1,1052,0,5494,0,3,5497,T
2-PB1,1053,0,11,5558,0,5569,G
2-PB1,1054,2,5,5556,0,5563,G
2-PB1,1055,0,5,5616,0,5621,G
2-PB1,1056,5608,1,7,9,5625,A
2-PB1,1057,5601,1,4,0,5606,A
2-PB1,1058,5562,0,1,0,5563,A
2-PB1,1059,5524,0,8,0,5532,A
2-PB1,1060,1,14,5686,1,5702,G
2-PB1,1061,0,7,5693,0,5700,G
2-PB1,1062,5659,0,9,0,5668,A
2-PB1,1063,0,5635,0,4,5639,T
2-PB1,1064,5625,0,2,0,5627,A
2-PB1,1065,1,1,0,5647,5649,C
2-PB1,1066,5696,0,3,0,5699,A
2-PB1,1067,1,5652,1,1,5655,T
2-PB1,1068,0,2,5693,0,5695,G
2-PB1,1069,2,5568,0,7,5577,T
2-PB1,1070,1,5561,0,2,5564,T
2-PB1,1071,10,0,0,5559,5569,C
2-PB1,1072,1,17,5556,0,5574,G
2-PB1,1073,5563,0,10,0,5573,A
2-PB1,1074,0,9,5709,0,5718,G
2-PB1,1075,5608,0,5,0,5613,A
2-PB1,1076,2,3,5683,0,5688,G
2-PB1,1077,0,5583,0,33,5616,T
2-PB1,1078,5623,0,2,0,5625,A
2-PB1,1079,5638,0,13,0,5651,A
2-PB1,1080,1,13,5653,0,5667,G
2-PB1,1081,5648,1,7,0,5656,A
2-PB1,1082,0,10,5721,0,5731,G
2-PB1,1083,5589,0,6,0,5595,A
2-PB1,1084,5627,1,3,0,5631,A
2-PB1,1085,0,5584,0,2,5586,T
2-PB1,1086,2,11,5554,0,5567,G
2-PB1,1087,5555,1,11,0,5567,A
2-PB1,1088,5509,0,4,1,5514,A
2-PB1,1089,4,2,5529,0,5535,G
2-PB1,1090,2,1,0,5518,5521,C
2-PB1,1091,0,5424,0,4,5428,T
2-PB1,1092,19,0,0,5458,5477,C
2-PB1,1093,7,2,0,5456,5465,C
2-PB1,1094,6,6,5494,0,5506,G
2-PB1,1095,0,8,5473,0,5481,G
2-PB1,1096,5488,0,10,0,5498,A
2-PB1,1097,3,2,0,5602,5607,C
2-PB1,1098,5590,3,5,0,5598,A
2-PB1,1099,3,0,0,5685,5688,C
2-PB1,1100,5685,0,2,0,5687,A
2-PB1,1101,5666,0,27,0,5693,A
2-PB1,1102,5664,1,11,0,5676,A
2-PB1,1103,0,5688,0,3,5691,T
2-PB1,1104,5660,0,0,0,5660,A
2-PB1,1105,1,1,0,5688,5690,C
2-PB1,1106,6,1,0,5655,5662,C
2-PB1,1107,1,5578,0,7,5586,T
2-PB1,1108,2,0,5613,0,5615,G
2-PB1,1109,1,0,0,5635,5636,C
2-PB1,1110,5645,0,2,0,5647,A
2-PB1,1111,2,4,5649,0,5655,G
2-PB1,1112,5623,1,1,0,5625,A
2-PB1,1113,5614,0,2,0,5616,A
2-PB1,1114,5630,0,5,0,5635,A
2-PB1,1115,0,5594,0,0,5594,T
2-PB1,1116,9,1,5618,0,5628,G
2-PB1,1117,2,2,0,5590,5594,C
2-PB1,1118,0,5602,0,4,5606,T
2-PB1,1119,5684,1,3,0,5688,A
2-PB1,1120,0,0,5673,0,5673,G
2-PB1,1121,1,2,0,5661,5664,C
2-PB1,1122,5671,1,2,1,5675,A
2-PB1,1123,5655,0,5,1,5661,A
2-PB1,1124,0,3,5616,0,5619,G
2-PB1,1125,3,0,0,5611,5614,C
2-PB1,1126,5547,2,1,0,5550,A
2-PB1,1127,0,5647,0,11,5658,T
2-PB1,1128,1,5677,0,4,5682,T
2-PB1,1129,3,20,5848,0,5871,G
2-PB1,1130,5879,1,8,0,5888,A
2-PB1,1131,0,1,0,5869,5870,C
2-PB1,1132,6,1,0,5899,5906,C
2-PB1,1133,1,5752,0,6,5759,T
2-PB1,1134,1,4,5857,0,5862,G
2-PB1,1135,5865,1,2,0,5868,A
2-PB1,1136,5879,0,4,1,5884,A
2-PB1,1137,4,0,5979,0,5983,G
2-PB1,1138,0,5755,0,3,5758,T
2-PB1,1139,5817,0,2,0,5819,A
2-PB1,1140,1,5771,0,3,5775,T
2-PB1,1141,0,5766,0,8,5774,T
2-PB1,1142,1,5779,0,3,5783,T
2-PB1,1143,17,1,0,5715,5733,C
2-PB1,1144,5713,0,1,0,5714,A
2-PB1,1145,5715,0,3,0,5718,A
2-PB1,1146,1,5630,0,1,5632,T
2-PB1,1147,2,23,5617,0,5642,G
2-PB1,1148,5593,2,4,0,5599,A
2-PB1,1149,5604,0,3,1,5608,A
2-PB1,1150,1,5568,0,4,5573,T
2-PB1,1151,9,0,1,5620,5630,C
2-PB1,1152,5630,0,4,0,5634,A
2-PB1,1153,5642,0,3,0,5645,A
2-PB1,1154,0,0,0,5646,5646,C
2-PB1,1155,5628,0,3,0,5631,A
2-PB1,1156,5619,0,4,0,5623,A
2-PB1,1157,0,9,5615,0,5624,G
2-PB1,1158,1,7,5663,0,5671,G
2-PB1,1159,5640,2,4,0,5646,A
2-PB1,1160,5620,1,6,3,5630,A
2-PB1,1161,2,8,5633,0,5643,G
2-PB1,1162,5608,0,7,9,5624,A
2-PB1,1163,5632,0,2,0,5634,A
2-PB1,1164,5633,0,1,0,5634,A
2-PB1,1165,5630,0,3,0,5633,A
2-PB1,1166,1,5612,1,0,5614,T
2-PB1,1167,2,5570,0,0,5572,T
2-PB1,1168,4,12,5568,0,5584,G
2-PB1,1169,5564,0,8,0,5572,A
2-PB1,1170,2,7,5581,0,5590,G
2-PB1,1171,5565,0,3,0,5568,A
2-PB1,1172,5635,0,1,0,5636,A
2-PB1,1173,5720,0,1,0,5721,A
2-PB1,1174,5723,0,1,0,5724,A
2-PB1,1175,0,5714,0,0,5714,T
2-PB1,1176,5728,0,1,0,5729,A
2-PB1,1177,5720,0,10,0,5730,A
2-PB1,1178,0,12,5752,0,5764,G
2-PB1,1179,4,2,5737,0,5743,G
2-PB1,1180,5,0,1,5696,5702,C
2-PB1,1181,10,1,0,5705,5716,C
2-PB1,1182,1,5612,0,35,5648,T
2-PB1,1183,12,3,0,6331,6346,C
2-PB1,1184,0,6431,0,7,6438,T
2-PB1,1185,0,6450,0,5,6455,T
2-PB1,1186,10,0,0,6574,6584,C
2-PB1,1187,0,6552,1,8,6561,T
2-PB1,1188,6580,0,0,0,6580,A
2-PB1,1189,6583,0,5,1,6589,A
2-PB1,1190,1,6574,0,0,6575,T
2-PB1,1191,6634,0,3,0,6637,A
2-PB1,1192,0,4,6472,0,6476,G
2-PB1,1193,5937,0,5,0,5942,A
2-PB1,1194,1,5930,0,5,5936,T
2-PB1,1195,3,22,5812,0,5837,G
2-PB1,1196,4,0,5904,0,5908,G
2-PB1,1197,1,3,0,5903,5907,C
2-PB1,1198,5907,1,5,0,5913,A
2-PB1,1199,0,2,0,5928,5930,C
2-PB1,1200,5817,0,8,0,5825,A
2-PB1,1201,5,2,6050,0,6057,G
2-PB1,1202,3,0,0,6047,6050,C
2-PB1,1203,6056,1,11,0,6068,A
2-PB1,1204,0,6181,0,8,6189,T
2-PB1,1205,12,1,0,6109,6122,C
2-PB1,1206,6170,1,1,0,6172,A
2-PB1,1207,0,6156,0,3,6159,T
2-PB1,1208,0,6116,0,1,6117,T
2-PB1,1209,1,17,6104,0,6122,G
2-PB1,1210,5923,2,12,1,5938,A
2-PB1,1211,2,0,6082,1,6085,G
2-PB1,1212,1,1,0,6053,6055,C
2-PB1,1213,4,0,1,5956,5961,C
2-PB1,1214,9,1,0,6064,6074,C
2-PB1,1215,1,6045,0,7,6053,T
2-PB1,1216,2,13,6331,0,6346,G
2-PB1,1217,0,14,6417,0,6431,G
2-PB1,1218,6404,0,8,0,6412,A
2-PB1,1219,6557,0,3,0,6560,A
2-PB1,1220,0,6367,0,2,6369,T
2-PB1,1221,0,8,6517,0,6525,G
2-PB1,1222,6589,0,7,0,6596,A
2-PB1,1223,0,6615,0,2,6617,T
2-PB1,1224,0,11,6640,0,6651,G
2-PB1,1225,6569,0,10,0,6579,A
2-PB1,1226,0,6494,0,2,6496,T
2-PB1,1227,4,12,6486,0,6502,G
2-PB1,1228,2,15,6538,1,6556,G
2-PB1,1229,7,1,6553,0,6561,G
2-PB1,1230,1,0,0,6528,6529,C
2-PB1,1231,6528,0,13,0,6541,A
2-PB1,1232,0,6563,0,4,6567,T
2-PB1,1233,2,1,6765,0,6768,G
2-PB1,1234,1,6760,1,6,6768,T
2-PB1,1235,1,6801,0,3,6805,T
2-PB1,1236,26,2,1,6829,6858,C
2-PB1,1237,6806,0,1,0,6807,A
2-PB1,1238,6807,0,10,0,6817,A
2-PB1,1239,0,0,0,6818,6818,C
2-PB1,1240,6760,68,12,0,6840,A
2-PB1,1241,0,6834,0,5,6839,T
2-PB1,1242,5,2,6860,0,6867,G
2-PB1,1243,2,3,0,6850,6855,C
2-PB1,1244,0,6877,0,0,6877,T
2-PB1,1245,6922,0,3,1,6926,A
2-PB1,1246,6915,0,1,0,6916,A
2-PB1,1247,4,1,7022,0,7027,G
2-PB1,1248,1,6985,0,10,6996,T
2-PB1,1249,6959,0,0,0,6959,A
2-PB1,1250,2,13,0,7007,7022,C
2-PB1,1251,1,14,6975,1,6991,G
2-PB1,1252,2,2,7462,0,7466,G
2-PB1,1253,0,7355,0,5,7360,T
2-PB1,1254,0,7397,0,1,7398,T
2-PB1,1255,0,7401,0,4,7405,T
2-PB1,1256,0,7367,0,0,7367,T
2-PB1,1257,7388,1,8,0,7397,A
2-PB1,1258,3,7,7367,0,7377,G
2-PB1,1259,0,13,7331,0,7344,G
2-PB1,1260,7201,1,9,0,7211,A
2-PB1,1261,1,0,7142,0,7143,G
2-PB1,1262,0,7176,0,7,7183,T
2-PB1,1263,17,3,0,7184,7204,C
2-PB1,1264,1,7175,0,9,7185,T
2-PB1,1265,15,0,1,7204,7220,C
2-PB1,1266,3,15,7233,0,7251,G
2-PB1,1267,7432,0,4,0,7436,A
2-PB1,1268,0,7476,0,2,7478,T
2-PB1,1269,7505,1,0,0,7506,A
2-PB1,1270,0,2,0,7507,7509,C
2-PB1,1271,0,7374,1,15,7390,T
2-PB1,1272,1,20,7400,0,7421,G
2-PB1,1273,7383,0,3,0,7386,A
2-PB1,1274,7484,0,2,0,7486,A
2-PB1,1275,0,7482,0,6,7488,T
2-PB1,1276,10,0,0,7325,7335,C
2-PB1,1277,0,7333,0,4,7337,T
2-PB1,1278,2,7305,0,2,7309,T
2-PB1,1279,1,13,7323,0,7337,G
2-PB1,1280,3,26,7283,2,7314,G
2-PB1,1281,7264,0,8,0,7272,A
2-PB1,1282,0,0,0,7328,7328,C
2-PB1,1283,7236,0,1,0,7237,A
2-PB1,1284,7283,0,2,0,7285,A
2-PB1,1285,7281,0,4,1,7286,A
2-PB1,1286,7316,1,5,0,7322,A
2-PB1,1287,2,8,7428,0,7438,G
2-PB1,1288,7433,0,7,0,7440,A
2-PB1,1289,7443,2,2,1,7448,A
2-PB1,1290,7450,0,10,0,7460,A
2-PB1,1291,0,7434,0,4,7438,T
2-PB1,1292,7448,0,15,0,7463,A
2-PB1,1293,2,2,0,7668,7672,C
2-PB1,1294,7576,0,8,0,7584,A
2-PB1,1295,0,0,0,7671,7671,C
2-PB1,1296,13,1,0,7578,7592,C
2-PB1,1297,7563,0,2,1,7566,A
2-PB1,1298,7640,0,12,2,7654,A
2-PB1,1299,1,17,7843,0,7861,G
2-PB1,1300,7898,2,6,0,7906,A
2-PB1,1301,1,4,0,8043,8048,C
2-PB1,1302,7879,0,6,0,7885,A
2-PB1,1303,8091,0,7,1,8099,A
2-PB1,1304,2,0,0,8107,8109,C
2-PB1,1305,8238,1,10,0,8249,A
2-PB1,1306,0,8252,0,1,8253,T
2-PB1,1307,8202,1,4,0,8207,A
2-PB1,1308,3,1,0,8352,8356,C
2-PB1,1309,0,8042,0,2,8044,T
2-PB1,1310,2,19,8165,0,8186,G
2-PB1,1311,2,4,8141,0,8147,G
2-PB1,1312,0,7949,0,4,7953,T
2-PB1,1313,1,17,7957,0,7975,G
2-PB1,1314,1,8,7865,0,7874,G
2-PB1,1315,0,6,7910,0,7916,G
2-PB1,1316,7890,2,11,1,7904,A
2-PB1,1317,1,7766,0,3,7770,T
2-PB1,1318,1,12,7765,0,7778,G
2-PB1,1319,1,12,7699,0,7712,G
2-PB1,1320,1,5,7748,0,7754,G
2-PB1,1321,3,18,0,7821,7842,C
2-PB1,1322,0,7798,1,10,7809,T
2-PB1,1323,13,0,0,7872,7885,C
2-PB1,1324,8,3,0,7877,7888,C
2-PB1,1325,7879,0,1,0,7880,A
2-PB1,1326,7873,0,1,0,7874,A
2-PB1,1327,1,7837,0,1,7839,T
2-PB1,1328,13,0,0,7777,7790,C
2-PB1,1329,13,1,0,7743,7757,C
2-PB1,1330,0,7681,1,7,7689,T
2-PB1,1331,9,0,0,7668,7677,C
2-PB1,1332,6,4,0,7654,7664,C
2-PB1,1333,2,13,7678,0,7693,G
2-PB1,1334,7651,0,3,0,7654,A
2-PB1,1335,1,10,0,7667,7678,C
2-PB1,1336,2,26,7661,0,7689,G
2-PB1,1337,7704,0,0,0,7704,A
2-PB1,1338,0,7681,0,4,7685,T
2-PB1,1339,0,7686,0,1,7687,T
2-PB1,1340,0,7684,0,7,7691,T
2-PB1,1341,0,7688,0,2,7690,T
2-PB1,1342,1,1,7717,0,7719,G
2-PB1,1343,2,5,0,7702,7709,C
2-PB1,1344,19,3,0,7659,7681,C
2-PB1,1345,21,1,1,7933,7956,C
2-PB1,1346,14,7834,0,20,7868,T
2-PB1,1347,9,0,0,8212,8221,C
2-PB1,1348,8284,0,0,0,8284,A
2-PB1,1349,1,8329,0,0,8330,T
2-PB1,1350,8328,0,4,0,8332,A
2-PB1,1351,39,1,8365,0,8405,G
2-PB1,1352,0,8230,0,3,8233,T
2-PB1,1353,1,23,8316,0,8340,G
2-PB1,1354,8013,0,2,2,8017,A
2-PB1,1355,8033,0,6,1,8040,A
2-PB1,1356,0,7626,1,0,7627,T
2-PB1,1357,2,1,7608,0,7611,G
2-PB1,1358,1,2,0,7685,7688,C
2-PB1,1359,7628,1,6,0,7635,A
2-PB1,1360,0,2,0,7683,7685,C
2-PB1,1361,21,0,0,7628,7649,C
2-PB1,1362,7584,0,0,0,7584,A
2-PB1,1363,7576,0,1,0,7577,A
2-PB1,1364,7546,0,1,0,7547,A
2-PB1,1365,0,7363,0,4,7367,T
2-PB1,1366,22,1,0,7608,7631,C
2-PB1,1367,7611,0,2,0,7613,A
2-PB1,1368,0,7631,0,7,7638,T
2-PB1,1369,0,15,7621,0,7636,G
2-PB1,1370,7629,2,26,0,7657,A
2-PB1,1371,0,20,7659,0,7679,G
2-PB1,1372,0,10,7631,1,7642,G
2-PB1,1373,1,12,7661,0,7674,G
2-PB1,1374,7619,0,10,0,7629,A
2-PB1,1375,7745,1,4,0,7750,A
2-PB1,1376,1,7776,0,4,7781,T
2-PB1,1377,7779,0,4,0,7783,A
2-PB1,1378,2,1,1,7810,7814,C
2-PB1,1379,7850,1,2,0,7853,A
2-PB1,1380,7805,0,16,0,7821,A
2-PB1,1381,0,1,7762,0,7763,G
2-PB1,1382,2,4,0,7714,7720,C
2-PB1,1383,7654,0,4,0,7658,A
2-PB1,1384,23,8,7691,0,7722,G
2-PB1,1385,8,17,7706,0,7731,G
2-PB1,1386,7669,0,6,1,7676,A
2-PB1,1387,0,12,7727,0,7739,G
2-PB1,1388,1,7600,0,4,7605,T
2-PB1,1389,2,12,7676,0,7690,G
2-PB1,1390,0,8,7694,0,7702,G
2-PB1,1391,7697,1,8,0,7706,A
2-PB1,1392,0,7694,0,2,7696,T
2-PB1,1393,7628,0,3,0,7631,A
2-PB1,1394,0,7,7697,0,7704,G
2-PB1,1395,7796,1,0,0,7797,A
2-PB1,1396,0,7787,1,3,7791,T
2-PB1,1397,0,7764,0,2,7766,T
2-PB1,1398,26,2,0,7965,7993,C
2-PB1,1399,0,7963,0,4,7967,T
2-PB1,1400,7960,1,0,0,7961,A
2-PB1,1401,2,6,0,7962,7970,C
2-PB1,1402,7808,0,8,1,7817,A
2-PB1,1403,24,9,7770,1,7804,G
2-PB1,1404,1,18,7642,0,7661,G
2-PB1,1405,7727,0,5,0,7732,A
2-PB1,1406,3,2,0,7708,7713,C
2-PB1,1407,14,1,0,7559,7574,C
2-PB1,1408,5,7504,1,16,7526,T
2-PB1,1409,1,1,7553,0,7555,G
2-PB1,1410,3,0,1,7560,7564,C
2-PB1,1411,7583,0,5,0,7588,A
2-PB1,1412,7606,0,6,0,7612,A
2-PB1,1413,0,0,7645,0,7645,G
2-PB1,1414,1,7504,0,4,7509,T
2-PB1,1415,0,7513,0,1,7514,T
2-PB1,1416,7417,0,0,0,7417,A
2-PB1,1417,1,1,7437,0,7439,G
2-PB1,1418,0,7343,1,8,7352,T
2-PB1,1419,1,19,7360,0,7380,G
2-PB1,1420,2,11,7338,0,7351,G
2-PB1,1421,0,13,7368,0,7381,G
2-PB1,1422,7365,2,6,0,7373,A
2-PB1,1423,7402,0,14,0,7416,A
2-PB1,1424,0,7380,1,7,7388,T
2-PB1,1425,25,0,0,7387,7412,C
2-PB1,1426,7410,0,6,0,7416,A
2-PB1,1427,7417,0,11,0,7428,A
2-PB1,1428,0,2,0,7405,7407,C
2-PB1,1429,7390,0,3,0,7393,A
2-PB1,1430,0,7213,0,0,7213,T
2-PB1,1431,0,20,7208,0,7228,G
2-PB1,1432,7219,2,9,0,7230,A
2-PB1,1433,1,0,7289,0,7290,G
2-PB1,1434,4,1,0,7245,7250,C
2-PB1,1435,7229,1,3,0,7233,A
2-PB1,1436,7248,1,5,0,7254,A
2-PB1,1437,7256,0,3,0,7259,A
2-PB1,1438,7319,0,2,0,7321,A
2-PB1,1439,7324,1,3,0,7328,A
2-PB1,1440,2,9,7303,0,7314,G
2-PB1,1441,7209,0,0,0,7209,A
2-PB1,1442,7132,1,8,0,7141,A
2-PB1,1443,3,0,7361,0,7364,G
2-PB1,1444,1,7312,0,5,7318,T
2-PB1,1445,18,2,1,7330,7351,C
2-PB1,1446,13,1,0,7357,7371,C
2-PB1,1447,1,7349,0,4,7354,T
2-PB1,1448,7492,0,1,0,7493,A
2-PB1,1449,0,7477,0,0,7477,T
2-PB1,1450,7486,0,2,0,7488,A
2-PB1,1451,1,7476,0,0,7477,T
2-PB1,1452,7288,0,19,0,7307,A
2-PB1,1453,7317,0,2,0,7319,A
2-PB1,1454,7299,0,0,0,7299,A
2-PB1,1455,1,7289,0,1,7291,T
2-PB1,1456,7214,0,0,0,7214,A
2-PB1,1457,7165,0,3,0,7168,A
2-PB1,1458,7182,0,3,0,7185,A
2-PB1,1459,7171,0,5,1,7177,A
2-PB1,1460,1,2,0,7197,7200,C
2-PB1,1461,6826,1,2,0,6829,A
2-PB1,1462,2,10,6818,0,6830,G
2-PB1,1463,0,9,6822,0,6831,G
2-PB1,1464,0,19,6818,0,6837,G
2-PB1,1465,6814,1,8,1,6824,A
2-PB1,1466,1,3,0,6874,6878,C
2-PB1,1467,6819,1,3,2,6825,A
2-PB1,1468,1,6863,2,2,6868,T
2-PB1,1469,0,6871,0,8,6879,T
2-PB1,1470,0,6876,1,2,6879,T
2-PB1,1471,1,13,6861,0,6875,G
2-PB1,1472,6789,1,0,0,6790,A
2-PB1,1473,6834,0,1,0,6835,A
2-PB1,1474,0,6830,0,2,6832,T
2-PB1,1475,1,6665,0,3,6669,T
2-PB1,1476,26,1,0,6661,6688,C
2-PB1,1477,6596,1,2,0,6599,A
2-PB1,1478,0,3,1,6625,6629,C
2-PB1,1479,0,6625,0,1,6626,T
2-PB1,1480,6640,0,0,0,6640,A
2-PB1,1481,0,3,6623,0,6626,G
2-PB1,1482,0,1,0,6612,6613,C
2-PB1,1483,0,6544,0,11,6555,T
2-PB1,1484,0,6647,0,1,6648,T
2-PB1,1485,0,6637,0,4,6641,T
2-PB1,1486,2,6647,0,1,6650,T
2-PB1,1487,0,6632,0,3,6635,T
2-PB1,1488,0,6629,0,1,6630,T
2-PB1,1489,0,6612,0,1,6613,T
2-PB1,1490,6588,0,0,0,6588,A
2-PB1,1491,1,6548,0,1,6550,T
2-PB1,1492,7,0,0,6600,6607,C
2-PB1,1493,4,8,6629,0,6641,G
2-PB1,1494,6896,0,0,0,6896,A
2-PB1,1495,0,6913,0,0,6913,T
2-PB1,1496,6927,1,2,0,6930,A
2-PB1,1497,0,6952,0,8,6960,T
2-PB1,1498,2,22,6926,0,6950,G
2-PB1,1499,16,16,6954,0,6986,G
2-PB1,1500,6971,0,6,0,6977,A
2-PB1,1501,1,6903,0,6,6910,T
2-PB1,1502,1,6847,0,0,6848,T
2-PB1,1503,0,6586,0,14,6600,T
2-PB1,1504,0,1,6622,0,6623,G
2-PB1,1505,0,6536,0,4,6540,T
2-PB1,1506,1,9,6545,0,6555,G
2-PB1,1507,7,1,6529,0,6537,G
2-PB1,1508,2,4,0,6397,6403,C
2-PB1,1509,0,6475,1,5,6481,T
2-PB1,1510,6519,0,0,0,6519,A
2-PB1,1511,6563,0,2,0,6565,A
2-PB1,1512,0,6610,0,0,6610,T
2-PB1,1513,0,6633,0,0,6633,T
2-PB1,1514,0,6628,0,0,6628,T
2-PB1,1515,1,6636,0,0,6637,T
2-PB1,1516,6630,0,4,0,6634,A
2-PB1,1517,0,0,6680,0,6680,G
2-PB1,1518,2,1,0,6683,6686,C
2-PB1,1519,6649,0,6,0,6655,A
2-PB1,1520,0,6581,0,3,6584,T
2-PB1,1521,4,10,6500,0,6514,G
2-PB1,1522,1,13,6577,0,6591,G
2-PB1,1523,6564,0,10,0,6574,A
2-PB1,1524,1,1,6571,0,6573,G
2-PB1,1525,2,2,0,6547,6551,C
2-PB1,1526,0,6491,1,8,6500,T
2-PB1,1527,4,2,6523,0,6529,G
2-PB1,1528,1,4,1,6449,6455,C
2-PB1,1529,17,0,0,6463,6480,C
2-PB1,1530,13,4,1,6518,6536,C
2-PB1,1531,6345,0,8,0,6353,A
2-PB1,1532,0,1,6679,0,6680,G
2-PB1,1533,0,6645,1,5,6651,T
2-PB1,1534,0,6648,0,15,6663,T
2-PB1,1535,0,6665,0,1,6666,T
2-PB1,1536,0,6568,0,4,6572,T
2-PB1,1537,2,11,6552,0,6565,G
2-PB1,1538,0,9,6541,0,6550,G
2-PB1,1539,6500,0,8,0,6508,A
2-PB1,1540,0,0,6543,0,6543,G
2-PB1,1541,0,5965,1,1,5967,T
2-PB1,1542,1,0,6247,0,6248,G
2-PB1,1543,0,6187,1,4,6192,T
2-PB1,1544,23,2,0,6200,6225,C
2-PB1,1545,0,6235,2,7,6244,T
2-PB1,1546,1,11,6249,0,6261,G
2-PB1,1547,2,11,6313,0,6326,G
2-PB1,1548,6339,0,6,1,6346,A
2-PB1,1549,6351,0,3,1,6355,A
2-PB1,1550,1,6307,0,0,6308,T
2-PB1,1551,5801,0,1,0,5802,A
2-PB1,1552,5788,0,3,0,5791,A
2-PB1,1553,5776,0,5,0,5781,A
2-PB1,1554,2,3,0,5800,5805,C
2-PB1,1555,1,15,5719,0,5735,G
2-PB1,1556,5639,1,3,0,5643,A
2-PB1,1557,0,0,5612,0,5612,G
2-PB1,1558,2,5581,0,1,5584,T
2-PB1,1559,31,0,0,5605,5636,C
2-PB1,1560,5633,0,3,1,5637,A
2-PB1,1561,1,0,5676,0,5677,G
2-PB1,1562,0,3,0,5662,5665,C
2-PB1,1563,0,5678,0,6,5684,T
2-PB1,1564,0,6,5824,0,5830,G
2-PB1,1565,5784,0,2,0,5786,A
2-PB1,1566,0,5780,0,0,5780,T
2-PB1,1567,5787,1,2,0,5790,A
2-PB1,1568,0,5706,0,1,5707,T
2-PB1,1569,6,10,5717,0,5733,G
2-PB1,1570,5479,0,7,0,5486,A
2-PB1,1571,12,0,5546,0,5558,G
2-PB1,1572,2,3,0,5534,5539,C
2-PB1,1573,5186,0,1,0,5187,A
2-PB1,1574,1,5176,0,1,5178,T
2-PB1,1575,1,5171,0,3,5175,T
2-PB1,1576,1,3,5216,0,5220,G
2-PB1,1577,0,13,5372,0,5385,G
2-PB1,1578,5279,0,8,0,5287,A
2-PB1,1579,1,0,5289,0,5290,G
2-PB1,1580,0,5084,0,3,5087,T
2-PB1,1581,5065,0,2,0,5067,A
2-PB1,1582,5059,0,4,2,5065,A
2-PB1,1583,1,0,0,5102,5103,C
2-PB1,1584,5033,1,2,0,5036,A
2-PB1,1585,2,0,5086,1,5089,G
2-PB1,1586,0,4441,1,11,4453,T
2-PB1,1587,0,9,4485,0,4494,G
2-PB1,1588,4524,0,6,0,4530,A
2-PB1,1589,0,4525,0,6,4531,T
2-PB1,1590,4505,0,2,0,4507,A
2-PB1,1591,4492,0,1,0,4493,A
2-PB1,1592,4355,0,5,0,4360,A
2-PB1,1593,0,9,4400,0,4409,G
2-PB1,1594,4149,0,1,0,4150,A
2-PB1,1595,4128,1,3,0,4132,A
2-PB1,1596,0,0,0,4147,4147,C
2-PB1,1597,3973,0,3,0,3976,A
2-PB1,1598,4005,0,3,0,4008,A
2-PB1,1599,1,1,0,4018,4020,C
2-PB1,1600,4040,0,7,0,4047,A
2-PB1,1601,0,4004,19,2,4025,T
2-PB1,1602,1,13,3925,0,3939,G
2-PB1,1603,3947,0,2,0,3949,A
2-PB1,1604,0,3937,0,0,3937,T
2-PB1,1605,3868,0,1,0,3869,A
2-PB1,1606,3899,1,1,0,3901,A
2-PB1,1607,3842,0,1,0,3843,A
2-PB1,1608,0,0,0,3859,3859,C
2-PB1,1609,3648,1,1,0,3650,A
2-PB1,1610,3634,0,0,0,3634,A
2-PB1,1611,1,3519,0,1,3521,T
2-PB1,1612,1,17,3510,0,3528,G
2-PB1,1613,3575,0,1,1,3577,A
2-PB1,1614,1,0,0,3642,3643,C
2-PB1,1615,13,1,0,3541,3555,C
2-PB1,1616,2,3380,1,3,3386,T
2-PB1,1617,1,3266,0,0,3267,T
2-PB1,1618,2,5,3262,0,3269,G
2-PB1,1619,0,12,3283,0,3295,G
2-PB1,1620,3327,0,1,0,3328,A
2-PB1,1621,1,1,0,3321,3323,C
2-PB1,1622,3,1,0,3266,3270,C
2-PB1,1623,3237,0,0,0,3237,A
2-PB1,1624,1,0,3275,0,3276,G
2-PB1,1625,0,1,0,3279,3280,C
2-PB1,1626,3292,0,0,0,3292,A
2-PB1,1627,3284,0,1,0,3285,A
2-PB1,1628,0,1,20,3247,3268,C
2-PB1,1629,3241,0,2,0,3243,A
2-PB1,1630,1,0,3304,0,3305,G
2-PB1,1631,0,3,0,3300,3303,C
2-PB1,1632,7,1,0,3314,3322,C
2-PB1,1633,12,0,0,3299,3311,C
2-PB1,1634,3316,0,0,0,3316,A
2-PB1,1635,3313,0,0,0,3313,A
2-PB1,1636,3311,1,0,0,3312,A
2-PB1,1637,2,3296,0,0,3298,T
2-PB1,1638,1,7,3290,0,3298,G
2-PB1,1639,0,0,3239,0,3239,G
2-PB1,1640,2,1,0,3258,3261,C
2-PB1,1641,1,3237,0,3,3241,T
2-PB1,1642,4,0,0,3333,3337,C
2-PB1,1643,0,3320,0,3,3323,T
2-PB1,1644,11,0,0,3317,3328,C
2-PB1,1645,2,0,0,3357,3359,C
2-PB1,1646,3363,1,0,0,3364,A
2-PB1,1647,3361,0,1,0,3362,A
2-PB1,1648,0,3336,0,1,3337,T
2-PB1,1649,0,3305,0,2,3307,T
2-PB1,1650,0,1,3318,0,3319,G
2-PB1,1651,0,3259,0,1,3260,T
2-PB1,1652,0,3248,1,1,3250,T
2-PB1,1653,12,7,0,3245,3264,C
2-PB1,1654,3271,0,0,0,3271,A
2-PB1,1655,1,3258,0,1,3260,T
2-PB1,1656,3,0,0,3268,3271,C
2-PB1,1657,3274,0,0,0,3274,A
2-PB1,1658,3278,0,1,0,3279,A
2-PB1,1659,3273,0,0,0,3273,A
2-PB1,1660,0,4,3346,0,3350,G
2-PB1,1661,3336,0,0,0,3336,A
2-PB1,1662,1,3337,0,0,3338,T
2-PB1,1663,1,3351,0,2,3354,T
2-PB1,1664,3349,0,2,0,3351,A
2-PB1,1665,0,1,0,3419,3420,C
2-PB1,1666,3408,0,5,0,3413,A
2-PB1,1667,0,5,3448,0,3453,G
2-PB1,1668,3440,0,2,0,3442,A
2-PB1,1669,0,3514,1,1,3516,T
2-PB1,1670,3512,0,6,0,3518,A
2-PB1,1671,0,1,0,3735,3736,C
2-PB1,1672,3791,0,3,1,3795,A
2-PB1,1673,0,3,0,4067,4070,C
2-PB1,1674,4019,0,1,0,4020,A
2-PB1,1675,0,4046,0,0,4046,T
2-PB1,1676,4020,0,1,0,4021,A
2-PB1,1677,1,4009,0,1,4011,T
2-PB1,1678,3905,0,2,0,3907,A
2-PB1,1679,1,8,3887,0,3896,G
2-PB1,1680,2,0,3837,1,3840,G
2-PB1,1681,0,3673,0,3,3676,T
2-PB1,1682,3,1,3619,0,3623,G
2-PB1,1683,1,0,0,3748,3749,C
2-PB1,1684,6,4,0,3752,3762,C
2-PB1,1685,3828,0,0,0,3828,A
2-PB1,1686,0,3836,0,0,3836,T
2-PB1,1687,3837,0,0,0,3837,A
2-PB1,1688,0,4,3849,0,3853,G
2-PB1,1689,3734,0,10,0,3744,A
2-PB1,1690,0,6,3766,0,3772,G
2-PB1,1691,0,10,3742,1,3753,G
2-PB1,1692,3610,0,3,0,3613,A
2-PB1,1693,2,5,3633,0,3640,G
2-PB1,1694,3598,0,5,1,3604,A
2-PB1,1695,1,0,0,3610,3611,C
2-PB1,1696,3614,0,4,0,3618,A
2-PB1,1697,0,1,0,3657,3658,C
2-PB1,1698,3647,0,2,0,3649,A
2-PB1,1699,0,0,0,3651,3651,C
2-PB1,1700,3637,0,0,0,3637,A
2-PB1,1701,3659,0,0,0,3659,A
2-PB1,1702,3671,0,1,0,3672,A
2-PB1,1703,0,3678,0,2,3680,T
2-PB1,1704,3,0,0,3668,3671,C
2-PB1,1705,6,1,1,3668,3676,C
2-PB1,1706,3643,0,4,0,3647,A
2-PB1,1707,0,12,3639,0,3651,G
2-PB1,1708,3641,0,15,0,3656,A
2-PB1,1709,1,4,0,3679,3684,C
2-PB1,1710,8,20,3654,1,3683,G
2-PB1,1711,3641,1,0,0,3642,A
2-PB1,1712,0,5,3646,0,3651,G
2-PB1,1713,3651,0,1,0,3652,A
2-PB1,1714,3663,0,2,0,3665,A
2-PB1,1715,0,8,3670,0,3678,G
2-PB1,1716,3662,0,2,0,3664,A
2-PB1,1717,0,3660,0,1,3661,T
2-PB1,1718,10,1,0,3630,3641,C
2-PB1,1719,3651,0,2,0,3653,A
2-PB1,1720,0,3626,0,0,3626,T
2-PB1,1721,0,3621,0,0,3621,T
2-PB1,1722,8,1,0,3635,3644,C
2-PB1,1723,0,8,3634,0,3642,G
2-PB1,1724,3623,0,2,0,3625,A
2-PB1,1725,0,5,3621,0,3626,G
2-PB1,1726,3596,1,1,0,3598,A
2-PB1,1727,0,3715,0,1,3716,T
2-PB1,1728,3743,0,0,0,3743,A
2-PB1,1729,3748,0,1,0,3749,A
2-PB1,1730,3724,0,5,0,3729,A
2-PB1,1731,2,2,3745,0,3749,G
2-PB1,1732,3735,0,2,0,3737,A
2-PB1,1733,3641,0,2,0,3643,A
2-PB1,1734,5,0,3658,0,3663,G
2-PB1,1735,0,14,0,3640,3654,C
2-PB1,1736,0,3629,0,0,3629,T
2-PB1,1737,1,1,3657,0,3659,G
2-PB1,1738,0,3615,0,0,3615,T
2-PB1,1739,0,11,3610,0,3621,G
2-PB1,1740,2,6,3601,0,3609,G
2-PB1,1741,2,7,3645,0,3654,G
2-PB1,1742,3665,0,1,0,3666,A
2-PB1,1743,0,3640,0,1,3641,T
2-PB1,1744,15,0,0,3614,3629,C
2-PB1,1745,3643,0,1,0,3644,A
2-PB1,1746,3649,0,0,0,3649,A
2-PB1,1747,3665,0,2,0,3667,A
2-PB1,1748,3,1,0,3665,3669,C
2-PB1,1749,9,0,0,3635,3644,C
2-PB1,1750,8,0,0,3617,3625,C
2-PB1,1751,3630,0,0,0,3630,A
2-PB1,1752,3678,0,1,0,3679,A
2-PB1,1753,0,3663,0,0,3663,T
2-PB1,1754,9,0,0,3685,3694,C
2-PB1,1755,3654,0,0,0,3654,A
2-PB1,1756,3615,0,1,0,3616,A
2-PB1,1757,1,9,3659,0,3669,G
2-PB1,1758,0,8,3626,0,3634,G
2-PB1,1759,0,0,3639,0,3639,G
2-PB1,1760,1,1,0,3652,3654,C
2-PB1,1761,3586,0,2,0,3588,A
2-PB1,1762,0,8,3689,0,3697,G
2-PB1,1763,0,2,3726,0,3728,G
2-PB1,1764,3744,0,2,0,3746,A
2-PB1,1765,0,0,0,3810,3810,C
2-PB1,1766,0,3742,0,0,3742,T
2-PB1,1767,3841,0,0,0,3841,A
2-PB1,1768,0,3818,0,0,3818,T
2-PB1,1769,0,3818,0,0,3818,T
2-PB1,1770,1,12,3826,0,3839,G
2-PB1,1771,0,3,3850,0,3853,G
2-PB1,1772,0,3779,0,1,3780,T
2-PB1,1773,3793,0,0,0,3793,A
2-PB1,1774,0,3756,0,1,3757,T
2-PB1,1775,1,1,0,3752,3754,C
2-PB1,1776,3679,0,1,0,3680,A
2-PB1,1777,0,2,3722,0,3724,G
2-PB1,1778,3708,0,2,0,3710,A
2-PB1,1779,0,3696,0,0,3696,T
2-PB1,1780,0,3,3566,1,3570,G
2-PB1,1781,1,4,3551,0,3556,G
2-PB1,1782,7,2,3527,0,3536,G
2-PB1,1783,0,8,3550,0,3558,G
2-PB1,1784,0,16,3540,0,3556,G
2-PB1,1785,3529,0,2,0,3531,A
2-PB1,1786,0,1,0,3507,3508,C
2-PB1,1787,6,1,0,3492,3499,C
2-PB1,1788,3515,0,1,0,3516,A
2-PB1,1789,3764,0,7,0,3771,A
2-PB1,1790,3782,0,0,1,3783,A
2-PB1,1791,0,0,0,3885,3885,C
2-PB1,1792,0,3845,0,2,3847,T
2-PB1,1793,0,3864,0,0,3864,T
2-PB1,1794,3872,0,0,0,3872,A
2-PB1,1795,0,3867,0,0,3867,T
2-PB1,1796,3872,0,1,0,3873,A
2-PB1,1797,0,24,0,3866,3890,C
2-PB1,1798,3618,0,1,0,3619,A
2-PB1,1799,3622,0,1,0,3623,A
2-PB1,1800,0,3569,0,0,3569,T
2-PB1,1801,3620,0,0,0,3620,A
2-PB1,1802,0,3607,0,1,3608,T
2-PB1,1803,5,0,0,3596,3601,C
2-PB1,1804,3,5,0,3596,3604,C
2-PB1,1805,18,4,3596,0,3618,G
2-PB1,1806,1,12,3604,0,3617,G
2-PB1,1807,3611,1,1,0,3613,A
2-PB1,1808,3602,0,0,0,3602,A
2-PB1,1809,0,3596,0,9,3605,T
2-PB1,1810,3,0,0,3591,3594,C
2-PB1,1811,0,3587,0,3,3590,T
2-PB1,1812,1,3592,0,3,3596,T
2-PB1,1813,4,1,0,3605,3610,C
2-PB1,1814,3596,0,2,0,3598,A
2-PB1,1815,1,0,0,3620,3621,C
2-PB1,1816,3600,0,1,0,3601,A
2-PB1,1817,0,3850,0,0,3850,T
2-PB1,1818,0,0,0,3856,3856,C
2-PB1,1819,4,17,1,3833,3855,C
2-PB1,1820,15,1,0,3876,3892,C
2-PB1,1821,1,3886,0,4,3891,T
2-PB1,1822,7,9,3881,0,3897,G
2-PB1,1823,3875,0,0,0,3875,A
2-PB1,1824,3862,0,2,0,3864,A
2-PB1,1825,0,0,3885,0,3885,G
2-PB1,1826,0,3672,0,1,3673,T
2-PB1,1827,7,0,0,3676,3683,C
2-PB1,1828,0,3628,0,3,3631,T
2-PB1,1829,3,1,3724,0,3728,G
2-PB1,1830,2,2,0,3734,3738,C
2-PB1,1831,0,3743,1,4,3748,T
2-PB1,1832,0,3755,0,0,3755,T
2-PB1,1833,3750,0,0,0,3750,A
2-PB1,1834,3751,1,1,0,3753,A
2-PB1,1835,3749,0,0,0,3749,A
2-PB1,1836,0,2,3780,0,3782,G
2-PB1,1837,0,3735,0,1,3736,T
2-PB1,1838,2,9,3668,0,3679,G
2-PB1,1839,0,4,3657,0,3661,G
2-PB1,1840,0,8,3659,1,3668,G
2-PB1,1841,3657,0,2,0,3659,A
2-PB1,1842,0,1,3689,0,3690,G
2-PB1,1843,0,0,0,3673,3673,C
2-PB1,1844,0,3668,0,3,3671,T
2-PB1,1845,1,4,3691,0,3696,G
2-PB1,1846,3655,0,2,0,3657,A
2-PB1,1847,0,3677,0,0,3677,T
2-PB1,1848,0,6,3694,0,3700,G
2-PB1,1849,0,7,3676,0,3683,G
2-PB1,1850,3670,0,3,0,3673,A
2-PB1,1851,0,3669,0,1,3670,T
2-PB1,1852,0,6,3668,0,3674,G
2-PB1,1853,3639,0,5,0,3644,A
2-PB1,1854,7,12,3672,0,3691,G
2-PB1,1855,3694,0,2,0,3696,A
2-PB1,1856,3700,0,0,0,3700,A
2-PB1,1857,0,3680,0,0,3680,T
2-PB1,1858,0,3664,0,1,3665,T
2-PB1,1859,3681,0,0,0,3681,A
2-PB1,1860,0,3663,0,0,3663,T
2-PB1,1861,6,0,0,3669,3675,C
2-PB1,1862,3,5,3689,0,3697,G
2-PB1,1863,0,5,3641,0,3646,G
2-PB1,1864,0,1,3648,0,3649,G
2-PB1,1865,0,3,3636,0,3639,G
2-PB1,1866,3646,0,1,0,3647,A
2-PB1,1867,3647,0,4,0,3651,A
2-PB1,1868,1,5,3659,0,3665,G
2-PB1,1869,3674,0,3,0,3677,A
2-PB1,1870,0,0,0,3705,3705,C
2-PB1,1871,0,3668,0,1,3669,T
2-PB1,1872,0,3747,0,0,3747,T
2-PB1,1873,0,3752,0,2,3754,T
2-PB1,1874,1,0,3784,0,3785,G
2-PB1,1875,0,3780,0,0,3780,T
2-PB1,1876,3770,0,1,0,3771,A
2-PB1,1877,3756,0,2,0,3758,A
2-PB1,1878,0,3694,0,2,3696,T
2-PB1,1879,7,2,0,3714,3723,C
2-PB1,1880,8,1,0,3698,3707,C
2-PB1,1881,11,0,0,3681,3692,C
2-PB1,1882,10,2,1,3706,3719,C
2-PB1,1883,0,3703,0,1,3704,T
2-PB1,1884,0,9,3704,0,3713,G
2-PB1,1885,3691,0,1,0,3692,A
2-PB1,1886,3710,1,0,0,3711,A
2-PB1,1887,0,3720,0,3,3723,T
2-PB1,1888,3,0,0,3710,3713,C
2-PB1,1889,5,0,0,3687,3692,C
2-PB1,1890,10,0,0,3651,3661,C
2-PB1,1891,0,3653,0,4,3657,T
2-PB1,1892,13,3672,0,1,3686,T
2-PB1,1893,2,3665,0,1,3668,T
2-PB1,1894,1,0,3672,0,3673,G
2-PB1,1895,1,3632,1,3,3637,T
2-PB1,1896,9,0,0,3623,3632,C
2-PB1,1897,3592,0,4,0,3596,A
2-PB1,1898,2,0,3644,0,3646,G
2-PB1,1899,1,2,0,3621,3624,C
2-PB1,1900,1,0,0,3642,3643,C
2-PB1,1901,3649,0,0,0,3649,A
2-PB1,1902,0,3667,0,0,3667,T
2-PB1,1903,3664,0,3,0,3667,A
2-PB1,1904,3677,0,0,0,3677,A
2-PB1,1905,3674,0,3,0,3677,A
2-PB1,1906,1,13,3703,0,3717,G
2-PB1,1907,3619,1,0,0,3620,A
2-PB1,1908,3637,0,2,0,3639,A
2-PB1,1909,3630,0,2,1,3633,A
2-PB1,1910,0,3620,0,1,3621,T
2-PB1,1911,0,3607,0,1,3608,T
2-PB1,1912,15,8,3599,0,3622,G
2-PB1,1913,3599,1,0,0,3600,A
2-PB1,1914,6,2,3639,0,3647,G
2-PB1,1915,0,3633,0,0,3633,T
2-PB1,1916,11,0,0,3667,3678,C
2-PB1,1917,0,3660,0,4,3664,T
2-PB1,1918,3,0,3721,0,3724,G
2-PB1,1919,1,3715,0,5,3721,T
2-PB1,1920,3785,0,0,0,3785,A
2-PB1,1921,3780,0,2,0,3782,A
2-PB1,1922,3767,0,2,0,3769,A
2-PB1,1923,0,1,0,3785,3786,C
2-PB1,1924,3705,0,0,0,3705,A
2-PB1,1925,3767,1,0,0,3768,A
2-PB1,1926,0,3742,0,0,3742,T
2-PB1,1927,0,2,3720,0,3722,G
2-PB1,1928,2,0,0,3761,3763,C
2-PB1,1929,1,3714,0,4,3719,T
2-PB1,1930,1,2,3832,0,3835,G
2-PB1,1931,0,3824,0,0,3824,T
2-PB1,1932,3864,1,3,0,3868,A
2-PB1,1933,1,0,3879,0,3880,G
2-PB1,1934,2,3777,0,0,3779,T
2-PB1,1935,3778,0,0,0,3778,A
2-PB1,1936,3742,1,1,0,3744,A
2-PB1,1937,0,3711,0,2,3713,T
2-PB1,1938,0,3,3706,0,3709,G
2-PB1,1939,0,2,0,3646,3648,C
2-PB1,1940,9,0,1,3620,3630,C
2-PB1,1941,3577,0,3,0,3580,A
2-PB1,1942,1,1,3600,0,3602,G
2-PB1,1943,0,0,0,3656,3656,C
2-PB1,1944,9,0,0,3637,3646,C
2-PB1,1945,11,0,0,3642,3653,C
2-PB1,1946,3639,0,1,0,3640,A
2-PB1,1947,0,3637,0,2,3639,T
2-PB1,1948,0,6,3636,0,3642,G
2-PB1,1949,2,1,3646,0,3649,G
2-PB1,1950,0,3602,0,3,3605,T
2-PB1,1951,13,0,0,3574,3587,C
2-PB1,1952,6,4,0,3474,3484,C
2-PB1,1953,0,8,3513,0,3521,G
2-PB1,1954,18,0,3507,0,3525,G
2-PB1,1955,1,0,0,3503,3504,C
2-PB1,1956,6,1,0,3523,3530,C
2-PB1,1957,3532,0,1,0,3533,A
2-PB1,1958,3543,0,1,0,3544,A
2-PB1,1959,3560,0,1,0,3561,A
2-PB1,1960,3556,1,1,0,3558,A
2-PB1,1961,0,0,3612,0,3612,G
2-PB1,1962,0,3504,0,1,3505,T
2-PB1,1963,3541,0,0,0,3541,A
2-PB1,1964,0,3528,1,2,3531,T
2-PB1,1965,2,4,3526,0,3532,G
2-PB1,1966,1,11,3580,0,3592,G
2-PB1,1967,3576,0,0,0,3576,A
2-PB1,1968,3620,0,4,0,3624,A
2-PB1,1969,0,3599,0,1,3600,T
2-PB1,1970,3555,0,1,0,3556,A
2-PB1,1971,1,3538,0,4,3543,T
2-PB1,1972,0,4,3508,0,3512,G
2-PB1,1973,3506,0,4,0,3510,A
2-PB1,1974,0,3487,0,0,3487,T
2-PB1,1975,1,0,3384,0,3385,G
2-PB1,1976,1,1,0,3385,3387,C
2-PB1,1977,7,1,0,3367,3375,C
2-PB1,1978,1,0,3382,0,3383,G
2-PB1,1979,0,3380,0,1,3381,T
2-PB1,1980,0,3366,0,17,3383,T
2-PB1,1981,11,1,3387,0,3399,G
2-PB1,1982,1,0,0,3456,3457,C
2-PB1,1983,3456,1,0,0,3457,A
2-PB1,1984,3491,0,0,0,3491,A
2-PB1,1985,3,0,0,3511,3514,C
2-PB1,1986,0,3458,0,0,3458,T
2-PB1,1987,3456,1,2,0,3459,A
2-PB1,1988,1,3,0,3462,3466,C
2-PB1,1989,3436,0,1,0,3437,A
2-PB1,1990,0,0,0,3461,3461,C
2-PB1,1991,3312,0,1,0,3313,A
2-PB1,1992,0,3,0,3583,3586,C
2-PB1,1993,0,3471,0,1,3472,T
2-PB1,1994,8,0,0,3501,3509,C
2-PB1,1995,6,0,0,3512,3518,C
2-PB1,1996,1,3485,0,2,3488,T
2-PB1,1997,0,7,3497,0,3504,G
2-PB1,1998,1,8,3487,0,3496,G
2-PB1,1999,3490,0,1,0,3491,A
2-PB1,2000,15,3466,0,0,3481,T
2-PB1,2001,0,3126,0,2,3128,T
2-PB1,2002,6,0,0,3155,3161,C
2-PB1,2003,5,2,0,3139,3146,C
2-PB1,2004,10,1,0,3160,3171,C
2-PB1,2005,3186,0,1,0,3187,A
2-PB1,2006,3176,0,0,0,3176,A
2-PB1,2007,0,6,3184,1,3191,G
2-PB1,2008,3167,0,0,1,3168,A
2-PB1,2009,0,7,3160,0,3167,G
2-PB1,2010,0,9,3160,0,3169,G
2-PB1,2011,3124,1,1,0,3126,A
2-PB1,2012,3121,0,2,0,3123,A
2-PB1,2013,0,0,0,3111,3111,C
2-PB1,2014,4,2,0,3060,3066,C
2-PB1,2015,3,2,3119,0,3124,G
2-PB1,2016,2,0,0,3105,3107,C
2-PB1,2017,0,3106,1,1,3108,T
2-PB1,2018,11,1,0,3110,3122,C
2-PB1,2019,0,3110,0,1,3111,T
2-PB1,2020,3331,0,0,0,3331,A
2-PB1,2021,0,3320,1,1,3322,T
2-PB1,2022,0,3322,0,3,3325,T
2-PB1,2023,7,0,0,3338,3345,C
2-PB1,2024,0,3213,0,3,3216,T
2-PB1,2025,3227,0,1,0,3228,A
2-PB1,2026,3223,0,0,0,3223,A
2-PB1,2027,3221,0,1,0,3222,A
2-PB1,2028,0,0,0,3232,3232,C
2-PB1,2029,2948,0,0,0,2948,A
2-PB1,2030,0,0,0,2973,2973,C
2-PB1,2031,2933,0,1,0,2934,A
2-PB1,2032,2952,0,4,0,2956,A
2-PB1,2033,0,2,2952,0,2954,G
2-PB1,2034,0,0,0,2952,2952,C
2-PB1,2035,3,0,0,2954,2957,C
2-PB1,2036,2933,0,0,0,2933,A
2-PB1,2037,2941,0,0,0,2941,A
2-PB1,2038,2939,0,1,0,2940,A
2-PB1,2039,6,3,2959,0,2968,G
2-PB1,2040,0,6,2958,0,2964,G
2-PB1,2041,0,4,2898,0,2902,G
2-PB1,2042,1,4,2913,0,2918,G
2-PB1,2043,2901,0,1,0,2902,A
2-PB1,2044,2917,0,1,0,2918,A
2-PB1,2045,0,2922,0,0,2922,T
2-PB1,2046,0,2910,1,2,2913,T
2-PB1,2047,3,0,0,2928,2931,C
2-PB1,2048,0,2910,0,3,2913,T
2-PB1,2049,0,2909,0,0,2909,T
2-PB1,2050,1,6,2908,0,2915,G
2-PB1,2051,2902,0,2,0,2904,A
2-PB1,2052,3,5,2897,0,2905,G
2-PB1,2053,1,4,2902,0,2907,G
2-PB1,2054,2893,0,0,1,2894,A
2-PB1,2055,0,2876,0,1,2877,T
2-PB1,2056,0,21,2865,0,2886,G
2-PB1,2057,2888,0,2,0,2890,A
2-PB1,2058,2887,0,4,0,2891,A
2-PB1,2059,0,2,0,2905,2907,C
2-PB1,2060,2861,0,0,0,2861,A
2-PB1,2061,0,2,2910,0,2912,G
2-PB1,2062,2901,0,0,1,2902,A
2-PB1,2063,0,2896,0,1,2897,T
2-PB1,2064,0,0,2915,0,2915,G
2-PB1,2065,0,2928,0,0,2928,T
2-PB1,2066,2925,1,1,0,2927,A
2-PB1,2067,0,0,0,2929,2929,C
2-PB1,2068,4,2,0,2907,2913,C
2-PB1,2069,2886,0,0,0,2886,A
2-PB1,2070,0,2,2861,0,2863,G
2-PB1,2071,2832,0,1,0,2833,A
2-PB1,2072,2828,0,0,0,2828,A
2-PB1,2073,0,0,2836,0,2836,G
2-PB1,2074,0,2645,0,0,2645,T
2-PB1,2075,2,1,2656,0,2659,G
2-PB1,2076,1,2,0,2638,2641,C
2-PB1,2077,0,2646,0,4,2650,T
2-PB1,2078,3,0,2647,0,2650,G
2-PB1,2079,2,0,0,2628,2630,C
2-PB1,2080,2638,0,1,0,2639,A
2-PB1,2081,2634,0,1,0,2635,A
2-PB1,2082,0,0,0,2603,2603,C
2-PB1,2083,0,2603,0,1,2604,T
2-PB1,2084,1,2562,0,0,2563,T
2-PB1,2085,0,0,2567,0,2567,G
2-PB1,2086,0,2559,0,0,2559,T
2-PB1,2087,0,2553,0,1,2554,T
2-PB1,2088,4,0,0,2554,2558,C
2-PB1,2089,0,10,2549,1,2560,G
2-PB1,2090,2556,0,2,0,2558,A
2-PB1,2091,0,3,2555,0,2558,G
2-PB1,2092,2557,0,0,0,2557,A
2-PB1,2093,2561,0,1,0,2562,A
2-PB1,2094,2556,0,0,0,2556,A
2-PB1,2095,0,2540,0,0,2540,T
2-PB1,2096,0,2552,1,0,2553,T
2-PB1,2097,0,2550,0,0,2550,T
2-PB1,2098,0,2547,0,0,2547,T
2-PB1,2099,1,2540,0,0,2541,T
2-PB1,2100,3,1,0,2551,2555,C
2-PB1,2101,3,0,0,2554,2557,C
2-PB1,2102,1,0,0,2591,2592,C
2-PB1,2103,0,2586,0,2,2588,T
2-PB1,2104,2588,0,0,0,2588,A
2-PB1,2105,0,0,2600,0,2600,G
2-PB1,2106,0,2591,0,0,2591,T
2-PB1,2107,2621,0,1,0,2622,A
2-PB1,2108,10,1,2626,0,2637,G
2-PB1,2109,1,2604,1,1,2607,T
2-PB1,2110,0,2683,0,2,2685,T
2-PB1,2111,14,0,0,2694,2708,C
2-PB1,2112,2755,0,1,1,2757,A
2-PB1,2113,0,2759,0,0,2759,T
2-PB1,2114,2751,0,1,0,2752,A
2-PB1,2115,0,2753,0,0,2753,T
2-PB1,2116,2658,0,1,0,2659,A
2-PB1,2117,0,0,2643,0,2643,G
2-PB1,2118,2,2,2617,0,2621,G
2-PB1,2119,2357,0,2,1,2360,A
2-PB1,2120,0,3,2356,0,2359,G
2-PB1,2121,2225,0,4,0,2229,A
2-PB1,2122,1,0,0,2221,2222,C
2-PB1,2123,6,2,0,2135,2143,C
2-PB1,2124,2,5,2133,0,2140,G
2-PB1,2125,2133,0,0,0,2133,A
2-PB1,2126,0,2118,0,0,2118,T
2-PB1,2127,0,2129,0,0,2129,T
2-PB1,2128,0,2,2121,0,2123,G
2-PB1,2129,0,6,2115,0,2121,G
2-PB1,2130,2127,1,0,0,2128,A
2-PB1,2131,2129,0,0,0,2129,A
2-PB1,2132,0,2117,0,1,2118,T
2-PB1,2133,0,2145,0,0,2145,T
2-PB1,2134,0,2141,1,0,2142,T
2-PB1,2135,4,0,0,2149,2153,C
2-PB1,2136,0,2166,0,0,2166,T
2-PB1,2137,2149,0,2,0,2151,A
2-PB1,2138,1,0,2153,0,2154,G
2-PB1,2139,0,2026,0,2,2028,T
2-PB1,2140,2053,0,1,0,2054,A
2-PB1,2141,0,2050,0,0,2050,T
2-PB1,2142,1,5,2059,0,2065,G
2-PB1,2143,0,0,2101,0,2101,G
2-PB1,2144,0,2063,1,2,2066,T
2-PB1,2145,0,3,2064,0,2067,G
2-PB1,2146,0,2,2061,0,2063,G
2-PB1,2147,2000,0,2,0,2002,A
2-PB1,2148,0,0,2011,0,2011,G
2-PB1,2149,1,0,1984,0,1985,G
2-PB1,2150,0,1,0,1964,1965,C
2-PB1,2151,5,0,0,1937,1942,C
2-PB1,2152,1863,0,0,0,1863,A
2-PB1,2153,1,1862,0,2,1865,T
2-PB1,2154,1,3,1883,0,1887,G
2-PB1,2155,3,0,1895,0,1898,G
2-PB1,2156,1,1853,0,1,1855,T
2-PB1,2157,0,0,1884,0,1884,G
2-PB1,2158,0,1835,0,2,1837,T
2-PB1,2159,4,0,0,1818,1822,C
2-PB1,2160,0,1829,0,1,1830,T
2-PB1,2161,1805,0,0,0,1805,A
2-PB1,2162,0,0,1803,0,1803,G
2-PB1,2163,0,5,1759,0,1764,G
2-PB1,2164,0,0,1743,0,1743,G
2-PB1,2165,2,0,0,1677,1679,C
2-PB1,2166,3,0,0,1618,1621,C
2-PB1,2167,4,1,0,1585,1590,C
2-PB1,2168,1,2,1592,0,1595,G
2-PB1,2169,0,1,1603,1,1605,G
2-PB1,2170,1597,0,1,0,1598,A
2-PB1,2171,0,1589,0,0,1589,T
2-PB1,2172,0,1538,0,0,1538,T
2-PB1,2173,1,0,1526,0,1527,G
2-PB1,2174,1516,0,1,1,1518,A
2-PB1,2175,0,1529,0,0,1529,T
2-PB1,2176,0,1,1521,0,1522,G
2-PB1,2177,1,1,0,1507,1509,C
2-PB1,2178,3,0,0,1500,1503,C
2-PB1,2179,1495,0,0,0,1495,A
2-PB1,2180,5,1,1495,0,1501,G
2-PB1,2181,1505,0,1,0,1506,A
2-PB1,2182,1507,0,0,0,1507,A
2-PB1,2183,1,1494,0,0,1495,T
2-PB1,2184,0,1456,0,0,1456,T
2-PB1,2185,1,2,1454,1,1458,G
2-PB1,2186,1445,0,0,0,1445,A
2-PB1,2187,1,1,0,1447,1449,C
2-PB1,2188,0,1442,1,1,1444,T
2-PB1,2189,0,1420,0,0,1420,T
2-PB1,2190,1,1,0,1421,1423,C
2-PB1,2191,0,0,1420,0,1420,G
2-PB1,2192,1422,0,0,0,1422,A
2-PB1,2193,2,0,1391,0,1393,G
2-PB1,2194,0,1411,0,1,1412,T
2-PB1,2195,7,0,0,1413,1420,C
2-PB1,2196,0,1420,0,2,1422,T
2-PB1,2197,0,0,1417,0,1417,G
2-PB1,2198,0,0,1419,0,1419,G
2-PB1,2199,1412,0,1,0,1413,A
2-PB1,2200,1307,0,0,0,1307,A
2-PB1,2201,0,1,1325,0,1326,G
2-PB1,2202,1,0,1336,0,1337,G
2-PB1,2203,1334,0,0,0,1334,A
2-PB1,2204,0,1328,0,0,1328,T
2-PB1,2205,0,1337,0,0,1337,T
2-PB1,2206,1331,1,0,0,1332,A
2-PB1,2207,1325,0,0,0,1325,A
2-PB1,2208,0,1,1336,0,1337,G
2-PB1,2209,1333,0,1,0,1334,A
2-PB1,2210,1263,0,0,0,1263,A
2-PB1,2211,0,0,1162,0,1162,G
2-PB1,2212,1,5,1164,0,1170,G
2-PB1,2213,1168,1,0,0,1169,A
2-PB1,2214,1167,0,0,0,1167,A
2-PB1,2215,0,2,1167,0,1169,G
2-PB1,2216,1104,0,0,0,1104,A
2-PB1,2217,0,0,1109,0,1109,G
2-PB1,2218,0,1058,0,0,1058,T
2-PB1,2219,0,1058,0,0,1058,T
2-PB1,2220,6,0,0,1058,1064,C
2-PB1,2221,0,1043,0,0,1043,T
2-PB1,2222,3,0,0,1041,1044,C
2-PB1,2223,0,1039,0,0,1039,T
2-PB1,2224,0,3,1034,0,1037,G
2-PB1,2225,1007,0,1,0,1008,A
2-PB1,2226,0,2,991,0,993,G
2-PB1,2227,987,0,1,0,988,A
2-PB1,2228,0,969,0,1,970,T
2-PB1,2229,1,0,0,917,918,C
2-PB1,2230,917,1,1,0,919,A
2-PB1,2231,0,918,0,1,919,T
2-PB1,2232,0,0,921,0,921,G
2-PB1,2233,911,0,2,0,913,A
2-PB1,2234,909,0,0,0,909,A
2-PB1,2235,0,2,884,0,886,G
2-PB1,2236,866,0,0,0,866,A
2-PB1,2237,0,853,0,4,857,T
2-PB1,2238,1,0,0,839,840,C
2-PB1,2239,0,784,0,0,784,T
2-PB1,2240,0,0,786,0,786,G
2-PB1,2241,1,782,0,2,785,T
2-PB1,2242,0,778,0,1,779,T
2-PB1,2243,6,0,0,762,768,C
2-PB1,2244,1,0,0,738,739,C
2-PB1,2245,724,0,0,0,724,A
2-PB1,2246,0,0,0,731,731,C
2-PB1,2247,1,0,0,706,707,C
2-PB1,2248,693,0,0,0,693,A
2-PB1,2249,0,662,0,1,663,T
2-PB1,2250,0,644,0,0,644,T
2-PB1,2251,0,1,640,0,641,G
2-PB1,2252,638,0,0,0,638,A
2-PB1,2253,638,0,0,0,638,A
2-PB1,2254,0,5,626,0,631,G
2-PB1,2255,558,0,0,0,558,A
2-PB1,2256,555,0,0,0,555,A
2-PB1,2257,0,0,0,553,553,C
2-PB1,2258,0,527,0,0,527,T
2-PB1,2259,0,0,0,525,525,C
2-PB1,2260,496,0,2,0,498,A
2-PB1,2261,0,0,499,0,499,G
2-PB1,2262,495,0,1,0,496,A
2-PB1,2263,0,0,0,469,469,C
2-PB1,2264,1,2,455,0,458,G
2-PB1,2265,1,0,442,0,443,G
2-PB1,2266,0,0,0,439,439,C
2-PB1,2267,443,0,0,0,443,A
2-PB1,2268,441,0,0,0,441,A
2-PB1,2269,434,0,0,0,434,A
2-PB1,2270,432,0,0,0,432,A
2-PB1,2271,432,0,0,0,432,A
2-PB1,2272,0,423,0,0,423,T
2-PB1,2273,408,0,0,0,408,A
2-PB1,2274,404,0,0,0,404,A
3-PA,1,48,0,0,0,48,A
3-PA,2,0,48,0,0,48,T
3-PA,3,0,0,52,0,52,G
3-PA,4,0,1,50,0,51,G
3-PA,5,51,0,0,0,51,A
3-PA,6,51,0,0,0,51,A
3-PA,7,0,0,53,0,53,G
3-PA,8,55,0,0,0,55,A
3-PA,9,0,55,0,0,55,T
3-PA,10,0,55,0,0,55,T
3-PA,11,0,56,0,0,56,T
3-PA,12,0,56,0,0,56,T
3-PA,13,0,0,58,0,58,G
3-PA,14,0,58,0,0,58,T
3-PA,15,0,0,58,0,58,G
3-PA,16,0,0,0,64,64,C
3-PA,17,0,1,63,0,64,G
3-PA,18,70,0,0,0,70,A
3-PA,19,0,0,0,71,71,C
3-PA,20,72,0,0,0,72,A
3-PA,21,72,0,0,0,72,A
3-PA,22,0,76,0,0,76,T
3-PA,23,0,0,80,0,80,G
3-PA,24,0,0,0,79,79,C
3-PA,25,0,81,0,0,81,T
3-PA,26,0,82,0,0,82,T
3-PA,27,0,0,0,82,82,C
3-PA,28,82,0,0,0,82,A
3-PA,29,83,0,0,0,83,A
3-PA,30,0,1,0,88,89,C
3-PA,31,0,0,0,89,89,C
3-PA,32,0,0,0,90,90,C
3-PA,33,0,0,92,0,92,G
3-PA,34,92,0,0,0,92,A
3-PA,35,0,93,0,0,93,T
3-PA,36,0,0,94,0,94,G
3-PA,37,93,0,0,0,93,A
3-PA,38,0,100,0,0,100,T
3-PA,39,0,102,0,0,102,T
3-PA,40,0,0,103,0,103,G
3-PA,41,0,102,0,0,102,T
3-PA,42,0,0,0,103,103,C
3-PA,43,0,0,103,0,103,G
3-PA,44,99,0,0,0,99,A
3-PA,45,102,0,0,0,102,A
3-PA,46,0,0,0,102,102,C
3-PA,47,0,103,0,0,103,T
3-PA,48,0,103,0,0,103,T
3-PA,49,0,0,104,0,104,G
3-PA,50,0,0,0,105,105,C
3-PA,51,105,0,0,0,105,A
3-PA,52,0,1,103,0,104,G
3-PA,53,101,0,1,0,102,A
3-PA,54,102,0,0,0,102,A
3-PA,55,102,0,0,0,102,A
3-PA,56,102,0,0,0,102,A
3-PA,57,103,0,0,0,103,A
3-PA,58,0,0,103,0,103,G
3-PA,59,0,0,0,109,109,C
3-PA,60,110,0,0,0,110,A
3-PA,61,113,0,0,0,113,A
3-PA,62,0,114,0,0,114,T
3-PA,63,0,5,113,0,118,G
3-PA,64,125,0,0,0,125,A
3-PA,65,125,0,0,0,125,A
3-PA,66,125,0,0,0,125,A
3-PA,67,0,0,130,0,130,G
3-PA,68,137,0,0,0,137,A
3-PA,69,0,0,164,0,164,G
3-PA,70,0,166,0,0,166,T
3-PA,71,168,0,0,0,168,A
3-PA,72,1,164,0,0,165,T
3-PA,73,0,0,167,0,167,G
3-PA,74,0,1,169,0,170,G
3-PA,75,0,2,168,0,170,G
3-PA,76,0,0,167,0,167,G
3-PA,77,162,1,0,0,163,A
3-PA,78,0,0,164,0,164,G
3-PA,79,0,0,168,0,168,G
3-PA,80,168,0,1,0,169,A
3-PA,81,0,175,0,0,175,T
3-PA,82,0,0,0,175,175,C
3-PA,83,0,172,0,1,173,T
3-PA,84,0,1,173,0,174,G
3-PA,85,173,0,0,0,173,A
3-PA,86,172,0,0,0,172,A
3-PA,87,173,0,0,0,173,A
3-PA,88,172,0,0,0,172,A
3-PA,89,0,173,0,0,173,T
3-PA,90,0,170,0,0,170,T
3-PA,91,0,0,171,0,171,G
3-PA,92,170,0,0,1,171,A
3-PA,93,171,0,0,0,171,A
3-PA,94,172,0,0,0,172,A
3-PA,95,0,0,0,173,173,C
3-PA,96,171,0,0,0,171,A
3-PA,97,174,0,0,0,174,A
3-PA,98,171,0,2,0,173,A
3-PA,99,0,0,0,175,175,C
3-PA,100,174,0,0,0,174,A
3-PA,101,174,0,0,0,174,A
3-PA,102,176,0,0,0,176,A
3-PA,103,0,175,0,0,175,T
3-PA,104,0,176,0,0,176,T
3-PA,105,0,177,0,0,177,T
3-PA,106,0,1,178,0,179,G
3-PA,107,1,0,0,178,179,C
3-PA,108,180,0,0,0,180,A
3-PA,109,0,0,190,0,190,G
3-PA,110,0,0,0,191,191,C
3-PA,111,207,0,0,0,207,A
3-PA,112,209,0,0,0,209,A
3-PA,113,0,211,0,0,211,T
3-PA,114,218,0,1,0,219,A
3-PA,115,0,221,0,0,221,T
3-PA,116,0,0,225,0,225,G
3-PA,117,0,0,0,225,225,C
3-PA,118,225,0,0,0,225,A
3-PA,119,0,0,0,228,228,C
3-PA,120,0,224,0,0,224,T
3-PA,121,1,0,0,259,260,C
3-PA,122,269,0,0,0,269,A
3-PA,123,0,0,0,276,276,C
3-PA,124,1,272,0,0,273,T
3-PA,125,0,277,0,0,277,T
3-PA,126,0,0,274,0,274,G
3-PA,127,0,1,276,0,277,G
3-PA,128,273,0,1,0,274,A
3-PA,129,0,0,285,0,285,G
3-PA,130,0,0,285,0,285,G
3-PA,131,0,271,0,0,271,T
3-PA,132,0,0,281,0,281,G
3-PA,133,0,282,0,0,282,T
3-PA,134,0,0,291,0,291,G
3-PA,135,0,292,0,0,292,T
3-PA,136,0,287,0,0,287,T
3-PA,137,0,289,0,0,289,T
3-PA,138,1,0,0,288,289,C
3-PA,139,292,0,0,0,292,A
3-PA,140,0,292,0,0,292,T
3-PA,141,0,0,299,0,299,G
3-PA,142,0,300,0,0,300,T
3-PA,143,299,0,0,0,299,A
3-PA,144,0,300,0,0,300,T
3-PA,145,0,298,0,0,298,T
3-PA,146,0,1,0,296,297,C
3-PA,147,297,0,0,0,297,A
3-PA,148,0,1,301,0,302,G
3-PA,149,300,0,0,0,300,A
3-PA,150,0,299,0,0,299,T
3-PA,151,0,300,0,0,300,T
3-PA,152,0,298,0,1,299,T
3-PA,153,1,0,0,298,299,C
3-PA,154,0,0,0,303,303,C
3-PA,155,302,0,0,0,302,A
3-PA,156,0,303,0,0,303,T
3-PA,157,0,301,0,0,301,T
3-PA,158,0,302,0,0,302,T
3-PA,159,2,0,0,302,304,C
3-PA,160,301,0,1,0,302,A
3-PA,161,0,310,0,0,310,T
3-PA,162,0,1,0,310,311,C
3-PA,163,310,0,0,0,310,A
3-PA,164,309,0,0,0,309,A
3-PA,165,0,310,0,0,310,T
3-PA,166,1,2,324,0,327,G
3-PA,167,327,0,0,0,327,A
3-PA,168,326,0,0,0,326,A
3-PA,169,0,0,0,327,327,C
3-PA,170,324,0,0,0,324,A
3-PA,171,322,0,0,0,322,A
3-PA,172,0,1,324,0,325,G
3-PA,173,0,0,321,0,321,G
3-PA,174,0,0,0,327,327,C
3-PA,175,0,2,320,0,322,G
3-PA,176,342,0,0,0,342,A
3-PA,177,345,0,0,0,345,A
3-PA,178,0,346,0,0,346,T
3-PA,179,0,0,0,350,350,C
3-PA,180,350,0,0,0,350,A
3-PA,181,348,0,0,0,348,A
3-PA,182,0,352,0,0,352,T
3-PA,183,352,0,0,0,352,A
3-PA,184,1,0,360,0,361,G
3-PA,185,0,361,0,0,361,T
3-PA,186,0,1,361,0,362,G
3-PA,187,0,0,364,0,364,G
3-PA,188,0,361,0,0,361,T
3-PA,189,360,0,0,0,360,A
3-PA,190,0,2,368,0,370,G
3-PA,191,370,0,0,0,370,A
3-PA,192,369,0,0,0,369,A
3-PA,193,0,0,0,366,366,C
3-PA,194,0,360,0,0,360,T
3-PA,195,0,361,0,0,361,T
3-PA,196,0,0,360,0,360,G
3-PA,197,361,0,0,0,361,A
3-PA,198,0,0,0,360,360,C
3-PA,199,0,3,355,0,358,G
3-PA,200,362,0,0,0,362,A
3-PA,201,0,363,0,0,363,T
3-PA,202,0,0,0,369,369,C
3-PA,203,0,0,0,376,376,C
3-PA,204,377,0,0,0,377,A
3-PA,205,378,0,0,0,378,A
3-PA,206,378,0,0,0,378,A
3-PA,207,0,379,0,0,379,T
3-PA,208,1,0,377,0,378,G
3-PA,209,0,0,0,378,378,C
3-PA,210,375,0,1,0,376,A
3-PA,211,0,0,0,385,385,C
3-PA,212,0,380,0,0,380,T
3-PA,213,0,0,439,0,439,G
3-PA,214,0,436,0,0,436,T
3-PA,215,0,440,0,0,440,T
3-PA,216,439,0,0,0,439,A
3-PA,217,438,0,0,0,438,A
3-PA,218,440,0,1,0,441,A
3-PA,219,0,0,445,0,445,G
3-PA,220,0,1,0,432,433,C
3-PA,221,424,0,0,0,424,A
3-PA,222,0,0,0,424,424,C
3-PA,223,400,0,0,0,400,A
3-PA,224,0,0,421,0,421,G
3-PA,225,420,0,0,0,420,A
3-PA,226,0,419,0,0,419,T
3-PA,227,0,421,0,0,421,T
3-PA,228,0,418,0,0,418,T
3-PA,229,0,1,420,0,421,G
3-PA,230,419,0,0,0,419,A
3-PA,231,424,0,0,0,424,A
3-PA,232,429,0,0,0,429,A
3-PA,233,0,420,0,1,421,T
3-PA,234,421,0,0,0,421,A
3-PA,235,427,0,0,0,427,A
3-PA,236,0,427,0,0,427,T
3-PA,237,1,0,0,427,428,C
3-PA,238,0,2,426,0,428,G
3-PA,239,424,0,0,0,424,A
3-PA,240,0,1,428,0,429,G
3-PA,241,0,1,427,0,428,G
3-PA,242,1,0,432,0,433,G
3-PA,243,0,1,434,0,435,G
3-PA,244,429,0,0,0,429,A
3-PA,245,0,0,435,0,435,G
3-PA,246,437,0,0,0,437,A
3-PA,247,0,2,440,0,442,G
3-PA,248,442,0,0,0,442,A
3-PA,249,0,0,0,443,443,C
3-PA,250,430,0,1,0,431,A
3-PA,251,1,3,430,0,434,G
3-PA,252,437,0,0,0,437,A
3-PA,253,442,0,0,0,442,A
3-PA,254,0,0,0,444,444,C
3-PA,255,431,0,1,0,432,A
3-PA,256,431,0,0,0,431,A
3-PA,257,0,426,0,0,426,T
3-PA,258,0,1,442,0,443,G
3-PA,259,0,0,442,0,442,G
3-PA,260,0,0,0,444,444,C
3-PA,261,1,1,0,441,443,C
3-PA,262,0,442,0,0,442,T
3-PA,263,0,1,453,0,454,G
3-PA,264,0,1,449,0,450,G
3-PA,265,452,0,1,0,453,A
3-PA,266,0,0,0,458,458,C
3-PA,267,434,0,1,0,435,A
3-PA,268,0,0,506,0,506,G
3-PA,269,0,507,0,0,507,T
3-PA,270,514,0,1,0,515,A
3-PA,271,0,0,513,0,513,G
3-PA,272,0,501,0,1,502,T
3-PA,273,506,0,0,0,506,A
3-PA,274,507,0,0,0,507,A
3-PA,275,504,0,0,0,504,A
3-PA,276,0,0,0,506,506,C
3-PA,277,475,0,0,0,475,A
3-PA,278,0,0,486,0,486,G
3-PA,279,0,482,0,0,482,T
3-PA,280,487,0,0,0,487,A
3-PA,281,0,486,0,0,486,T
3-PA,282,0,0,0,492,492,C
3-PA,283,0,493,0,0,493,T
3-PA,284,0,0,493,0,493,G
3-PA,285,0,0,0,495,495,C
3-PA,286,488,0,0,0,488,A
3-PA,287,489,0,1,0,490,A
3-PA,288,0,0,0,493,493,C
3-PA,289,487,0,0,0,487,A
3-PA,290,0,0,0,504,504,C
3-PA,291,0,497,0,2,499,T
3-PA,292,500,0,0,0,500,A
3-PA,293,0,0,0,501,501,C
3-PA,294,0,501,0,0,501,T
3-PA,295,0,0,500,0,500,G
3-PA,296,0,2,494,0,496,G
3-PA,297,493,0,0,0,493,A
3-PA,298,0,1,497,0,498,G
3-PA,299,0,0,0,486,486,C
3-PA,300,0,486,0,1,487,T
3-PA,301,0,1,486,1,488,G
3-PA,302,0,2,486,0,488,G
3-PA,303,484,0,0,0,484,A
3-PA,304,487,0,0,0,487,A
3-PA,305,488,0,0,0,488,A
3-PA,306,490,0,0,0,490,A
3-PA,307,0,0,0,484,484,C
3-PA,308,1,0,0,488,489,C
3-PA,309,0,0,487,0,487,G
3-PA,310,484,0,0,0,484,A
3-PA,311,484,0,0,0,484,A
3-PA,312,1,0,492,0,493,G
3-PA,313,0,487,0,1,488,T
3-PA,314,0,492,0,0,492,T
3-PA,315,0,490,0,0,490,T
3-PA,316,1,0,0,490,491,C
3-PA,317,0,488,0,2,490,T
3-PA,318,493,0,0,0,493,A
3-PA,319,0,0,0,492,492,C
3-PA,320,0,0,0,491,491,C
3-PA,321,489,0,0,0,489,A
3-PA,322,0,0,498,0,498,G
3-PA,323,498,0,0,0,498,A
3-PA,324,0,494,0,0,494,T
3-PA,325,1,500,0,0,501,T
3-PA,326,0,501,0,0,501,T
3-PA,327,0,0,505,0,505,G
3-PA,328,0,506,0,0,506,T
3-PA,329,505,0,0,0,505,A
3-PA,330,0,504,0,0,504,T
3-PA,331,0,2,497,0,499,G
3-PA,332,518,0,0,0,518,A
3-PA,333,0,516,0,0,516,T
3-PA,334,0,512,0,0,512,T
3-PA,335,515,0,0,0,515,A
3-PA,336,0,0,0,513,513,C
3-PA,337,517,0,0,0,517,A
3-PA,338,518,0,0,0,518,A
3-PA,339,0,0,522,0,522,G
3-PA,340,0,0,526,0,526,G
3-PA,341,504,0,0,0,504,A
3-PA,342,0,2,508,0,510,G
3-PA,343,508,0,0,0,508,A
3-PA,344,510,0,0,0,510,A
3-PA,345,0,0,0,514,514,C
3-PA,346,507,0,0,0,507,A
3-PA,347,0,2,505,0,507,G
3-PA,348,502,0,1,0,503,A
3-PA,349,0,500,0,0,500,T
3-PA,350,0,500,0,0,500,T
3-PA,351,3,0,0,485,488,C
3-PA,352,491,0,0,0,491,A
3-PA,353,0,489,0,0,489,T
3-PA,354,0,1,0,489,490,C
3-PA,355,0,1,493,0,494,G
3-PA,356,501,0,0,0,501,A
3-PA,357,505,0,0,0,505,A
3-PA,358,497,0,0,0,497,A
3-PA,359,0,502,0,0,502,T
3-PA,360,0,504,0,0,504,T
3-PA,361,0,0,501,0,501,G
3-PA,362,0,2,499,0,501,G
3-PA,363,0,0,501,0,501,G
3-PA,364,0,0,505,0,505,G
3-PA,365,0,496,0,0,496,T
3-PA,366,0,1,502,0,503,G
3-PA,367,501,1,0,0,502,A
3-PA,368,0,0,0,510,510,C
3-PA,369,511,0,0,0,511,A
3-PA,370,508,0,0,0,508,A
3-PA,371,0,0,513,0,513,G
3-PA,372,0,2,511,0,513,G
3-PA,373,503,0,1,0,504,A
3-PA,374,0,1,504,0,505,G
3-PA,375,500,0,0,0,500,A
3-PA,376,0,1,500,0,501,G
3-PA,377,492,0,0,0,492,A
3-PA,378,496,0,1,0,497,A
3-PA,379,0,0,507,0,507,G
3-PA,380,0,497,0,1,498,T
3-PA,381,2,0,0,502,504,C
3-PA,382,3,0,0,503,506,C
3-PA,383,508,0,0,0,508,A
3-PA,384,0,0,0,525,525,C
3-PA,385,538,0,0,0,538,A
3-PA,386,0,550,0,0,550,T
3-PA,387,555,0,0,0,555,A
3-PA,388,0,532,0,0,532,T
3-PA,389,530,0,0,0,530,A
3-PA,390,0,525,0,0,525,T
3-PA,391,0,520,0,0,520,T
3-PA,392,540,0,0,0,540,A
3-PA,393,0,0,0,537,537,C
3-PA,394,2,0,0,508,510,C
3-PA,395,0,501,0,0,501,T
3-PA,396,0,487,0,1,488,T
3-PA,397,0,5,485,0,490,G
3-PA,398,484,0,0,0,484,A
3-PA,399,487,0,1,0,488,A
3-PA,400,490,0,0,0,490,A
3-PA,401,471,0,0,0,471,A
3-PA,402,0,1,471,0,472,G
3-PA,403,0,0,474,0,474,G
3-PA,404,0,0,0,475,475,C
3-PA,405,1,0,0,478,479,C
3-PA,406,480,0,0,0,480,A
3-PA,407,478,0,0,0,478,A
3-PA,408,0,478,0,0,478,T
3-PA,409,478,0,0,0,478,A
3-PA,410,477,0,0,0,477,A
3-PA,411,0,0,481,0,481,G
3-PA,412,477,0,0,0,477,A
3-PA,413,0,475,0,0,475,T
3-PA,414,0,476,0,0,476,T
3-PA,415,474,0,0,0,474,A
3-PA,416,479,0,0,0,479,A
3-PA,417,478,0,0,0,478,A
3-PA,418,0,472,0,0,472,T
3-PA,419,0,0,0,478,478,C
3-PA,420,0,466,0,0,466,T
3-PA,421,0,0,474,0,474,G
3-PA,422,475,0,0,0,475,A
3-PA,423,0,2,476,0,478,G
3-PA,424,478,0,0,0,478,A
3-PA,425,477,0,0,0,477,A
3-PA,426,0,1,0,480,481,C
3-PA,427,479,0,0,1,480,A
3-PA,428,0,0,0,480,480,C
3-PA,429,477,0,0,0,477,A
3-PA,430,0,0,0,482,482,C
3-PA,431,479,0,0,0,479,A
3-PA,432,0,0,0,496,496,C
3-PA,433,486,0,0,0,486,A
3-PA,434,0,486,0,0,486,T
3-PA,435,0,481,0,0,481,T
3-PA,436,0,0,0,489,489,C
3-PA,437,486,0,0,0,486,A
3-PA,438,0,0,0,490,490,C
3-PA,439,483,0,0,0,483,A
3-PA,440,0,483,0,1,484,T
3-PA,441,0,469,0,1,470,T
3-PA,442,0,472,0,1,473,T
3-PA,443,0,471,0,0,471,T
3-PA,444,1,0,0,478,479,C
3-PA,445,0,477,0,0,477,T
3-PA,446,0,0,0,478,478,C
3-PA,447,480,0,0,0,480,A
3-PA,448,0,481,0,0,481,T
3-PA,449,0,481,0,0,481,T
3-PA,450,1,0,0,480,481,C
3-PA,451,471,0,1,0,472,A
3-PA,452,0,0,0,482,482,C
3-PA,453,0,479,0,0,479,T
3-PA,454,0,0,491,0,491,G
3-PA,455,0,0,484,0,484,G
3-PA,456,0,0,487,0,487,G
3-PA,457,0,1,483,0,484,G
3-PA,458,482,0,2,0,484,A
3-PA,459,0,2,481,0,483,G
3-PA,460,0,1,484,0,485,G
3-PA,461,479,0,0,0,479,A
3-PA,462,479,1,0,0,480,A
3-PA,463,469,0,2,0,471,A
3-PA,464,0,464,0,0,464,T
3-PA,465,0,0,464,0,464,G
3-PA,466,0,0,453,0,453,G
3-PA,467,1,0,0,463,464,C
3-PA,468,0,0,0,471,471,C
3-PA,469,471,0,0,0,471,A
3-PA,470,0,0,0,471,471,C
3-PA,471,474,0,0,0,474,A
3-PA,472,473,0,0,0,473,A
3-PA,473,474,0,0,0,474,A
3-PA,474,0,1,467,0,468,G
3-PA,475,0,1,471,0,472,G
3-PA,476,1,0,0,472,473,C
3-PA,477,478,0,0,0,478,A
3-PA,478,0,1,483,0,484,G
3-PA,479,481,0,1,0,482,A
3-PA,480,0,0,0,486,486,C
3-PA,481,0,483,0,1,484,T
3-PA,482,482,0,0,0,482,A
3-PA,483,0,0,0,477,477,C
3-PA,484,478,0,0,0,478,A
3-PA,485,0,0,0,481,481,C
3-PA,486,0,476,0,0,476,T
3-PA,487,1,0,0,480,481,C
3-PA,488,0,468,0,1,469,T
3-PA,489,0,0,0,471,471,C
3-PA,490,1,1,467,0,469,G
3-PA,491,470,0,0,0,470,A
3-PA,492,1,0,0,469,470,C
3-PA,493,0,0,473,0,473,G
3-PA,494,470,0,1,0,471,A
3-PA,495,0,4,469,0,473,G
3-PA,496,0,0,469,0,469,G
3-PA,497,469,0,0,0,469,A
3-PA,498,469,0,0,1,470,A
3-PA,499,477,0,0,0,477,A
3-PA,500,0,0,472,0,472,G
3-PA,501,0,0,0,470,470,C
3-PA,502,469,0,0,0,469,A
3-PA,503,0,0,480,0,480,G
3-PA,504,0,1,480,0,481,G
3-PA,505,0,0,478,0,478,G
3-PA,506,0,0,0,479,479,C
3-PA,507,1,472,0,0,473,T
3-PA,508,474,0,0,0,474,A
3-PA,509,0,3,476,0,479,G
3-PA,510,0,1,492,0,493,G
3-PA,511,494,0,0,0,494,A
3-PA,512,0,481,0,0,481,T
3-PA,513,0,472,0,0,472,T
3-PA,514,473,0,0,0,473,A
3-PA,515,487,0,0,0,487,A
3-PA,516,1,0,489,0,490,G
3-PA,517,482,0,2,0,484,A
3-PA,518,0,0,0,486,486,C
3-PA,519,1,0,0,450,451,C
3-PA,520,453,0,0,0,453,A
3-PA,521,0,0,457,0,457,G
3-PA,522,0,0,453,0,453,G
3-PA,523,0,0,0,450,450,C
3-PA,524,0,420,0,0,420,T
3-PA,525,0,0,431,0,431,G
3-PA,526,0,428,0,0,428,T
3-PA,527,0,420,0,1,421,T
3-PA,528,2,0,0,407,409,C
3-PA,529,411,0,0,0,411,A
3-PA,530,0,0,0,430,430,C
3-PA,531,0,0,0,431,431,C
3-PA,532,432,0,0,0,432,A
3-PA,533,0,431,0,2,433,T
3-PA,534,412,0,0,0,412,A
3-PA,535,413,0,1,0,414,A
3-PA,536,1,0,414,0,415,G
3-PA,537,411,0,0,0,411,A
3-PA,538,0,0,0,411,411,C
3-PA,539,392,0,0,0,392,A
3-PA,540,390,0,1,0,391,A
3-PA,541,0,1,396,0,397,G
3-PA,542,396,0,0,0,396,A
3-PA,543,397,0,0,0,397,A
3-PA,544,390,0,1,0,391,A
3-PA,545,0,387,0,0,387,T
3-PA,546,0,0,398,0,398,G
3-PA,547,0,1,395,0,396,G
3-PA,548,0,0,0,395,395,C
3-PA,549,0,393,0,0,393,T
3-PA,550,393,0,1,0,394,A
3-PA,551,400,0,0,0,400,A
3-PA,552,0,0,0,403,403,C
3-PA,553,398,0,0,0,398,A
3-PA,554,0,0,397,0,397,G
3-PA,555,382,0,1,0,383,A
3-PA,556,0,0,378,0,378,G
3-PA,557,0,0,378,0,378,G
3-PA,558,1,0,1,382,384,C
3-PA,559,0,0,0,385,385,C
3-PA,560,0,382,0,0,382,T
3-PA,561,0,0,0,391,391,C
3-PA,562,0,392,0,1,393,T
3-PA,563,0,0,393,0,393,G
3-PA,564,0,1,393,0,394,G
3-PA,565,0,2,386,0,388,G
3-PA,566,385,0,0,0,385,A
3-PA,567,0,364,0,0,364,T
3-PA,568,0,352,0,1,353,T
3-PA,569,2,0,0,464,466,C
3-PA,570,0,0,0,457,457,C
3-PA,571,0,450,0,0,450,T
3-PA,572,0,451,0,0,451,T
3-PA,573,0,455,0,0,455,T
3-PA,574,1,1,0,470,472,C
3-PA,575,1,0,471,2,474,G
3-PA,576,0,471,0,1,472,T
3-PA,577,2,0,0,475,477,C
3-PA,578,469,0,0,0,469,A
3-PA,579,0,0,645,0,645,G
3-PA,580,0,645,0,0,645,T
3-PA,581,0,0,0,643,643,C
3-PA,582,0,5,0,650,655,C
3-PA,583,1,3,662,1,667,G
3-PA,584,667,0,0,0,667,A
3-PA,585,673,0,0,0,673,A
3-PA,586,667,0,2,0,669,A
3-PA,587,0,1,702,0,703,G
3-PA,588,684,0,0,0,684,A
3-PA,589,0,1,703,0,704,G
3-PA,590,0,1,703,0,704,G
3-PA,591,0,2,0,707,709,C
3-PA,592,3,0,711,0,714,G
3-PA,593,707,0,1,0,708,A
3-PA,594,722,0,0,0,722,A
3-PA,595,0,7,724,0,731,G
3-PA,596,741,0,1,0,742,A
3-PA,597,744,0,0,0,744,A
3-PA,598,739,0,2,0,741,A
3-PA,599,0,0,0,753,753,C
3-PA,600,753,0,1,0,754,A
3-PA,601,761,0,0,0,761,A
3-PA,602,0,755,0,0,755,T
3-PA,603,0,755,0,0,755,T
3-PA,604,0,2,758,0,760,G
3-PA,605,759,0,0,0,759,A
3-PA,606,762,0,0,0,762,A
3-PA,607,1,0,761,0,762,G
3-PA,608,759,0,0,1,760,A
3-PA,609,761,0,1,0,762,A
3-PA,610,760,0,0,0,760,A
3-PA,611,765,0,1,0,766,A
3-PA,612,767,0,1,0,768,A
3-PA,613,0,773,0,1,774,T
3-PA,614,0,774,0,0,774,T
3-PA,615,0,779,0,0,779,T
3-PA,616,1,2,775,0,778,G
3-PA,617,776,0,0,0,776,A
3-PA,618,778,0,0,0,778,A
3-PA,619,783,0,1,0,784,A
3-PA,620,0,805,0,0,805,T
3-PA,621,3,0,0,958,961,C
3-PA,622,960,0,0,0,960,A
3-PA,623,0,0,0,989,989,C
3-PA,624,989,0,0,0,989,A
3-PA,625,0,1,1013,0,1014,G
3-PA,626,0,7,1065,0,1072,G
3-PA,627,1101,0,0,0,1101,A
3-PA,628,1138,1,0,0,1139,A
3-PA,629,0,0,0,1159,1159,C
3-PA,630,0,1127,0,0,1127,T
3-PA,631,1279,0,0,0,1279,A
3-PA,632,0,1309,0,0,1309,T
3-PA,633,1,0,1378,1,1380,G
3-PA,634,0,0,0,1378,1378,C
3-PA,635,2,0,1372,0,1374,G
3-PA,636,0,1356,0,0,1356,T
3-PA,637,1354,0,1,0,1355,A
3-PA,638,0,0,1375,0,1375,G
3-PA,639,0,0,1371,0,1371,G
3-PA,640,0,0,0,1358,1358,C
3-PA,641,0,1350,0,1,1351,T
3-PA,642,0,1339,0,0,1339,T
3-PA,643,1,0,1338,0,1339,G
3-PA,644,0,2,0,1342,1344,C
3-PA,645,5,0,0,1344,1349,C
3-PA,646,3,6,1360,0,1369,G
3-PA,647,1368,0,0,0,1368,A
3-PA,648,1,0,0,1379,1380,C
3-PA,649,6,0,0,1382,1388,C
3-PA,650,1393,0,0,0,1393,A
3-PA,651,1396,0,0,0,1396,A
3-PA,652,1399,0,0,0,1399,A
3-PA,653,0,0,1444,0,1444,G
3-PA,654,0,1436,0,1,1437,T
3-PA,655,3,0,0,1452,1455,C
3-PA,656,0,1443,0,1,1444,T
3-PA,657,2,1,0,1463,1466,C
3-PA,658,1,1,0,1472,1474,C
3-PA,659,5,0,0,1481,1486,C
3-PA,660,1483,0,0,0,1483,A
3-PA,661,0,1,0,1501,1502,C
3-PA,662,4,1,0,1482,1487,C
3-PA,663,0,7,1492,0,1499,G
3-PA,664,1533,0,0,0,1533,A
3-PA,665,1531,0,1,0,1532,A
3-PA,666,0,0,0,1558,1558,C
3-PA,667,0,1545,0,2,1547,T
3-PA,668,0,1600,0,1,1601,T
3-PA,669,1,1,0,1616,1618,C
3-PA,670,0,1616,0,1,1617,T
3-PA,671,2,1,0,1615,1618,C
3-PA,672,3,0,0,1614,1617,C
3-PA,673,0,1610,0,1,1611,T
3-PA,674,0,0,1643,0,1643,G
3-PA,675,0,1,0,1648,1649,C
3-PA,676,2,0,0,1652,1654,C
3-PA,677,0,1637,0,2,1639,T
3-PA,678,0,1645,0,0,1645,T
3-PA,679,0,2,1647,0,1649,G
3-PA,680,1647,0,1,0,1648,A
3-PA,681,0,1,1680,0,1681,G
3-PA,682,1678,0,0,0,1678,A
3-PA,683,1722,0,0,0,1722,A
3-PA,684,0,1764,0,0,1764,T
3-PA,685,0,1772,0,0,1772,T
3-PA,686,0,1779,0,0,1779,T
3-PA,687,8,1767,0,0,1775,T
3-PA,688,1776,0,1,0,1777,A
3-PA,689,1,3,1760,0,1764,G
3-PA,690,1760,0,2,0,1762,A
3-PA,691,0,1,1851,0,1852,G
3-PA,692,0,1,0,1842,1843,C
3-PA,693,2,0,0,1864,1866,C
3-PA,694,0,1922,0,3,1925,T
3-PA,695,2013,0,0,0,2013,A
3-PA,696,0,2021,0,0,2021,T
3-PA,697,1,1,2037,0,2039,G
3-PA,698,0,2024,0,0,2024,T
3-PA,699,3,4,2046,0,2053,G
3-PA,700,0,3,2029,0,2032,G
3-PA,701,2025,0,1,0,2026,A
3-PA,702,0,2008,0,1,2009,T
3-PA,703,0,6,1995,0,2001,G
3-PA,704,0,8,2082,0,2090,G
3-PA,705,2079,0,0,0,2079,A
3-PA,706,0,2082,0,0,2082,T
3-PA,707,0,2085,0,0,2085,T
3-PA,708,3,0,0,2062,2065,C
3-PA,709,15,5,2067,0,2087,G
3-PA,710,2090,0,1,0,2091,A
3-PA,711,2092,0,3,0,2095,A
3-PA,712,0,0,0,2112,2112,C
3-PA,713,4,1,0,2044,2049,C
3-PA,714,1,10,2045,0,2056,G
3-PA,715,2041,0,1,0,2042,A
3-PA,716,2051,0,3,1,2055,A
3-PA,717,1,4,0,2081,2086,C
3-PA,718,0,4,2068,0,2072,G
3-PA,719,0,0,2124,1,2125,G
3-PA,720,0,0,0,2142,2142,C
3-PA,721,0,2120,0,3,2123,T
3-PA,722,1,1,2205,1,2208,G
3-PA,723,0,6,0,2219,2225,C
3-PA,724,2250,0,2,0,2252,A
3-PA,725,0,2251,0,0,2251,T
3-PA,726,0,2235,0,2,2237,T
3-PA,727,0,4,2232,1,2237,G
3-PA,728,2176,0,3,0,2179,A
3-PA,729,0,10,2203,0,2213,G
3-PA,730,0,3,2208,0,2211,G
3-PA,731,0,2,2180,0,2182,G
3-PA,732,0,0,0,2179,2179,C
3-PA,733,2174,0,0,0,2174,A
3-PA,734,2189,0,1,0,2190,A
3-PA,735,4,0,2201,0,2205,G
3-PA,736,1,0,0,2216,2217,C
3-PA,737,0,2218,0,2,2220,T
3-PA,738,0,2212,0,0,2212,T
3-PA,739,0,2220,0,2,2222,T
3-PA,740,10,0,0,2211,2221,C
3-PA,741,1,2230,0,1,2232,T
3-PA,742,5,0,0,2234,2239,C
3-PA,743,2236,0,0,0,2236,A
3-PA,744,2219,1,0,0,2220,A
3-PA,745,2209,0,0,0,2209,A
3-PA,746,0,2217,0,0,2217,T
3-PA,747,1,0,2287,0,2288,G
3-PA,748,0,2272,0,2,2274,T
3-PA,749,3,0,0,2301,2304,C
3-PA,750,6,0,0,2298,2304,C
3-PA,751,2307,0,0,0,2307,A
3-PA,752,2312,0,1,0,2313,A
3-PA,753,2308,0,1,0,2309,A
3-PA,754,0,1,2357,0,2358,G
3-PA,755,2344,0,1,0,2345,A
3-PA,756,2288,0,2,0,2290,A
3-PA,757,0,0,2313,0,2313,G
3-PA,758,0,2278,0,0,2278,T
3-PA,759,0,6,2287,1,2294,G
3-PA,760,2283,0,0,0,2283,A
3-PA,761,2274,1,2,0,2277,A
3-PA,762,0,2284,0,0,2284,T
3-PA,763,0,1,2259,0,2260,G
3-PA,764,2,1,0,2272,2275,C
3-PA,765,3,1,0,2281,2285,C
3-PA,766,9,0,0,2267,2276,C
3-PA,767,2283,0,0,0,2283,A
3-PA,768,2316,0,0,0,2316,A
3-PA,769,2326,0,0,0,2326,A
3-PA,770,0,2330,0,0,2330,T
3-PA,771,0,2325,0,0,2325,T
3-PA,772,0,5,2319,0,2324,G
3-PA,773,2322,0,0,0,2322,A
3-PA,774,2319,0,2,0,2321,A
3-PA,775,1,1,0,2331,2333,C
3-PA,776,2,0,0,2323,2325,C
3-PA,777,0,2293,0,3,2296,T
3-PA,778,0,2364,0,0,2364,T
3-PA,779,0,2374,0,0,2374,T
3-PA,780,0,2422,0,1,2423,T
3-PA,781,4,0,2,2424,2430,C
3-PA,782,0,2429,0,0,2429,T
3-PA,783,2,3,2435,0,2440,G
3-PA,784,2427,0,1,0,2428,A
3-PA,785,2450,0,2,0,2452,A
3-PA,786,0,4,2468,0,2472,G
3-PA,787,2443,1,1,1,2446,A
3-PA,788,0,1,0,2458,2459,C
3-PA,789,2418,0,1,0,2419,A
3-PA,790,2433,0,4,0,2437,A
3-PA,791,0,0,0,2709,2709,C
3-PA,792,2709,0,1,0,2710,A
3-PA,793,1,0,0,2712,2713,C
3-PA,794,5,0,0,2690,2695,C
3-PA,795,2689,1,2,0,2692,A
3-PA,796,2693,0,2,0,2695,A
3-PA,797,0,10,2691,0,2701,G
3-PA,798,2688,0,4,0,2692,A
3-PA,799,2,0,1,2687,2690,C
3-PA,800,10,0,0,2516,2526,C
3-PA,801,2531,1,1,0,2533,A
3-PA,802,2529,1,0,1,2531,A
3-PA,803,0,2531,0,2,2533,T
3-PA,804,11,0,0,2525,2536,C
3-PA,805,2532,0,6,0,2538,A
3-PA,806,2516,0,0,0,2516,A
3-PA,807,2518,0,0,0,2518,A
3-PA,808,0,0,0,2551,2551,C
3-PA,809,0,2516,0,0,2516,T
3-PA,810,2,2534,0,0,2536,T
3-PA,811,6,0,0,2537,2543,C
3-PA,812,4,2,1,2544,2551,C
3-PA,813,11,4,2549,0,2564,G
3-PA,814,2552,0,0,0,2552,A
3-PA,815,2563,0,0,0,2563,A
3-PA,816,0,2575,0,0,2575,T
3-PA,817,0,3,2542,0,2545,G
3-PA,818,0,5,2542,0,2547,G
3-PA,819,2543,0,2,0,2545,A
3-PA,820,1,2,0,2570,2573,C
3-PA,821,2,0,1,2569,2572,C
3-PA,822,0,2662,0,2,2664,T
3-PA,823,4,0,0,2744,2748,C
3-PA,824,3,1,1,2746,2751,C
3-PA,825,0,2742,0,0,2742,T
3-PA,826,0,2763,0,0,2763,T
3-PA,827,0,1,2890,0,2891,G
3-PA,828,1,2866,1,2,2870,T
3-PA,829,0,2873,1,1,2875,T
3-PA,830,2862,0,0,0,2862,A
3-PA,831,0,2785,0,0,2785,T
3-PA,832,1,2,0,2769,2772,C
3-PA,833,2721,0,1,0,2722,A
3-PA,834,0,0,2710,0,2710,G
3-PA,835,1,3,0,2696,2700,C
3-PA,836,1,3,2609,0,2613,G
3-PA,837,0,1,2701,0,2702,G
3-PA,838,0,2690,0,1,2691,T
3-PA,839,4,0,0,2723,2727,C
3-PA,840,12,0,0,2705,2717,C
3-PA,841,2735,0,0,0,2735,A
3-PA,842,2748,0,1,0,2749,A
3-PA,843,2750,0,1,0,2751,A
3-PA,844,0,2753,0,0,2753,T
3-PA,845,0,2737,0,0,2737,T
3-PA,846,7,1,0,2719,2727,C
3-PA,847,5,0,0,2707,2712,C
3-PA,848,0,2688,0,2,2690,T
3-PA,849,5,1,0,2712,2718,C
3-PA,850,0,0,0,2733,2733,C
3-PA,851,0,2708,0,0,2708,T
3-PA,852,0,2,2729,1,2732,G
3-PA,853,2709,0,0,0,2709,A
3-PA,854,0,2714,1,0,2715,T
3-PA,855,3,4,2696,0,2703,G
3-PA,856,0,3,2662,0,2665,G
3-PA,857,2650,1,3,0,2654,A
3-PA,858,1,2634,0,0,2635,T
3-PA,859,0,1,2639,0,2640,G
3-PA,860,2,0,0,2787,2789,C
3-PA,861,0,2782,0,0,2782,T
3-PA,862,0,2799,0,5,2804,T
3-PA,863,0,2810,0,0,2810,T
3-PA,864,2812,0,4,0,2816,A
3-PA,865,2816,0,1,0,2817,A
3-PA,866,2814,0,0,0,2814,A
3-PA,867,2828,0,1,0,2829,A
3-PA,868,0,2829,0,2,2831,T
3-PA,869,0,2643,0,0,2643,T
3-PA,870,0,13,2628,0,2641,G
3-PA,871,2612,1,2,0,2615,A
3-PA,872,0,2,2659,0,2661,G
3-PA,873,1,1,0,2657,2659,C
3-PA,874,2657,0,0,0,2657,A
3-PA,875,0,2724,0,2,2726,T
3-PA,876,0,2718,0,0,2718,T
3-PA,877,1,4,2700,0,2705,G
3-PA,878,2713,0,5,0,2718,A
3-PA,879,2709,0,11,0,2720,A
3-PA,880,0,10,2698,0,2708,G
3-PA,881,2677,0,2,0,2679,A
3-PA,882,1,3,0,2708,2712,C
3-PA,883,4,1,0,2679,2684,C
3-PA,884,10,0,0,2665,2675,C
3-PA,885,2661,0,1,0,2662,A
3-PA,886,2672,0,2,0,2674,A
3-PA,887,0,2,2689,1,2692,G
3-PA,888,0,2678,2,11,2691,T
3-PA,889,18,1,0,2684,2703,C
3-PA,890,2697,0,1,0,2698,A
3-PA,891,0,4,0,2695,2699,C
3-PA,892,1,2,2697,0,2700,G
3-PA,893,2731,1,0,0,2732,A
3-PA,894,2739,0,1,0,2740,A
3-PA,895,0,7,2826,0,2833,G
3-PA,896,1,6,2815,0,2822,G
3-PA,897,2808,0,1,0,2809,A
3-PA,898,0,9,2830,0,2839,G
3-PA,899,2833,0,0,0,2833,A
3-PA,900,2826,0,6,0,2832,A
3-PA,901,1,10,2818,1,2830,G
3-PA,902,1,1,2774,0,2776,G
3-PA,903,0,3,2802,0,2805,G
3-PA,904,2726,0,2,0,2728,A
3-PA,905,0,2725,0,0,2725,T
3-PA,906,3,1,0,2739,2743,C
3-PA,907,8,1,0,2924,2933,C
3-PA,908,9,1,0,2952,2962,C
3-PA,909,3005,1,1,0,3007,A
3-PA,910,0,3013,8,0,3021,T
3-PA,911,0,3039,0,1,3040,T
3-PA,912,3125,0,0,0,3125,A
3-PA,913,0,3115,0,0,3115,T
3-PA,914,3088,0,18,0,3106,A
3-PA,915,1,3092,0,0,3093,T
3-PA,916,0,7,2756,0,2763,G
3-PA,917,2762,0,0,0,2762,A
3-PA,918,1,2719,0,0,2720,T
3-PA,919,1,3,2748,0,2752,G
3-PA,920,4,1,0,2718,2723,C
3-PA,921,3,7,2717,0,2727,G
3-PA,922,2733,0,1,0,2734,A
3-PA,923,1,2738,0,1,2740,T
3-PA,924,10,0,0,2741,2751,C
3-PA,925,2741,0,1,0,2742,A
3-PA,926,2711,0,3,0,2714,A
3-PA,927,1,0,2739,0,2740,G
3-PA,928,0,2704,0,1,2705,T
3-PA,929,1,1,2729,0,2731,G
3-PA,930,2,1,0,2744,2747,C
3-PA,931,2748,2,2,0,2752,A
3-PA,932,0,2760,0,0,2760,T
3-PA,933,2758,0,0,0,2758,A
3-PA,934,2784,1,0,1,2786,A
3-PA,935,2784,0,0,0,2784,A
3-PA,936,2774,0,2,0,2776,A
3-PA,937,2775,1,0,0,2776,A
3-PA,938,0,1,0,2787,2788,C
3-PA,939,2754,0,1,0,2755,A
3-PA,940,0,2757,0,0,2757,T
3-PA,941,0,2764,0,1,2765,T
3-PA,942,5,0,0,2774,2779,C
3-PA,943,0,2750,0,1,2751,T
3-PA,944,0,2731,0,1,2732,T
3-PA,945,0,2747,0,0,2747,T
3-PA,946,0,2,2742,0,2744,G
3-PA,947,1,4,2734,0,2739,G
3-PA,948,2719,1,6,0,2726,A
3-PA,949,0,2719,0,0,2719,T
3-PA,950,1,5,2732,0,2738,G
3-PA,951,1,2,2776,0,2779,G
3-PA,952,2784,0,2,0,2786,A
3-PA,953,2790,0,1,0,2791,A
3-PA,954,2794,0,4,0,2798,A
3-PA,955,1,13,2803,0,2817,G
3-PA,956,2802,0,0,0,2802,A
3-PA,957,3079,0,7,0,3086,A
3-PA,958,1,0,0,3148,3149,C
3-PA,959,6,1,0,3161,3168,C
3-PA,960,0,3152,0,1,3153,T
3-PA,961,0,3215,0,0,3215,T
3-PA,962,3233,0,1,0,3234,A
3-PA,963,1,3227,0,0,3228,T
3-PA,964,3200,0,1,0,3201,A
3-PA,965,0,3244,0,0,3244,T
3-PA,966,2983,0,2,0,2985,A
3-PA,967,0,1,3000,0,3001,G
3-PA,968,0,2971,0,2,2973,T
3-PA,969,11,1,0,2964,2976,C
3-PA,970,2945,0,1,0,2946,A
3-PA,971,2942,0,0,0,2942,A
3-PA,972,2948,0,3,0,2951,A
3-PA,973,0,1,0,2963,2964,C
3-PA,974,5,1,0,2914,2920,C
3-PA,975,2879,0,6,0,2885,A
3-PA,976,0,0,0,2931,2931,C
3-PA,977,2920,0,13,0,2933,A
3-PA,978,0,2,0,2934,2936,C
3-PA,979,0,6,2945,1,2952,G
3-PA,980,2923,0,0,0,2923,A
3-PA,981,2940,0,0,0,2940,A
3-PA,982,2935,0,2,0,2937,A
3-PA,983,2920,0,3,1,2924,A
3-PA,984,0,7,2951,0,2958,G
3-PA,985,0,0,2934,0,2934,G
3-PA,986,0,9,2940,0,2949,G
3-PA,987,2946,0,5,0,2951,A
3-PA,988,2957,0,3,0,2960,A
3-PA,989,0,2960,0,2,2962,T
3-PA,990,2955,0,0,0,2955,A
3-PA,991,2947,0,0,1,2948,A
3-PA,992,2958,0,0,0,2958,A
3-PA,993,0,2952,0,1,2953,T
3-PA,994,1,2944,0,0,2945,T
3-PA,995,12,2,0,2946,2960,C
3-PA,996,2965,0,0,0,2965,A
3-PA,997,2977,0,1,0,2978,A
3-PA,998,2973,0,0,0,2973,A
3-PA,999,0,2978,0,0,2978,T
3-PA,1000,0,2989,0,2,2991,T
3-PA,1001,2983,0,1,0,2984,A
3-PA,1002,1,0,0,2990,2991,C
3-PA,1003,4,0,0,2990,2994,C
3-PA,1004,0,2947,0,1,2948,T
3-PA,1005,1,1,2978,0,2980,G
3-PA,1006,1,0,0,2986,2987,C
3-PA,1007,1,2986,0,1,2988,T
3-PA,1008,11,2,3031,0,3044,G
3-PA,1009,1,3004,0,7,3012,T
3-PA,1010,9,1,0,3040,3050,C
3-PA,1011,3059,0,3,0,3062,A
3-PA,1012,0,3056,0,0,3056,T
3-PA,1013,1,1,3046,0,3048,G
3-PA,1014,0,4,3018,1,3023,G
3-PA,1015,3023,0,1,0,3024,A
3-PA,1016,3089,0,2,0,3091,A
3-PA,1017,0,2,3064,0,3066,G
3-PA,1018,0,2,1,3062,3065,C
3-PA,1019,3068,0,0,0,3068,A
3-PA,1020,3082,0,0,0,3082,A
3-PA,1021,0,0,3097,1,3098,G
3-PA,1022,0,3079,0,1,3080,T
3-PA,1023,3063,0,20,0,3083,A
3-PA,1024,0,2,0,3093,3095,C
3-PA,1025,0,3027,0,1,3028,T
3-PA,1026,0,0,3060,0,3060,G
3-PA,1027,0,3023,0,4,3027,T
3-PA,1028,8,0,0,3041,3049,C
3-PA,1029,3038,0,4,0,3042,A
3-PA,1030,0,11,3056,0,3067,G
3-PA,1031,3061,0,0,0,3061,A
3-PA,1032,3065,0,1,0,3066,A
3-PA,1033,0,3127,0,0,3127,T
3-PA,1034,0,3103,0,2,3105,T
3-PA,1035,1,2,3086,0,3089,G
3-PA,1036,0,2,0,3085,3087,C
3-PA,1037,3087,0,6,1,3094,A
3-PA,1038,1,6,3108,0,3115,G
3-PA,1039,0,3,3084,0,3087,G
3-PA,1040,3103,0,0,0,3103,A
3-PA,1041,0,1,0,3142,3143,C
3-PA,1042,3085,0,1,1,3087,A
3-PA,1043,2,3104,0,2,3108,T
3-PA,1044,0,3116,0,0,3116,T
3-PA,1045,0,5,3121,0,3126,G
3-PA,1046,3114,0,4,0,3118,A
3-PA,1047,3130,0,0,0,3130,A
3-PA,1048,3118,0,2,0,3120,A
3-PA,1049,3102,0,0,0,3102,A
3-PA,1050,0,3087,0,0,3087,T
3-PA,1051,0,2,3104,0,3106,G
3-PA,1052,3064,1,12,0,3077,A
3-PA,1053,0,8,3093,0,3101,G
3-PA,1054,0,9,3099,0,3108,G
3-PA,1055,3070,0,1,0,3071,A
3-PA,1056,2,2,3108,0,3112,G
3-PA,1057,3110,0,2,0,3112,A
3-PA,1058,3112,1,3,0,3116,A
3-PA,1059,0,4,3128,0,3132,G
3-PA,1060,3128,0,0,0,3128,A
3-PA,1061,1,3130,1,0,3132,T
3-PA,1062,0,3116,0,0,3116,T
3-PA,1063,6,0,0,3117,3123,C
3-PA,1064,7,0,0,3124,3131,C
3-PA,1065,3126,0,2,0,3128,A
3-PA,1066,3116,1,2,0,3119,A
3-PA,1067,2,5,3125,0,3132,G
3-PA,1068,0,5,3180,0,3185,G
3-PA,1069,3167,0,0,0,3167,A
3-PA,1070,3,0,0,3194,3197,C
3-PA,1071,0,3196,0,0,3196,T
3-PA,1072,3194,0,1,0,3195,A
3-PA,1073,3207,0,0,0,3207,A
3-PA,1074,3193,0,0,1,3194,A
3-PA,1075,3199,0,1,0,3200,A
3-PA,1076,3183,0,1,1,3185,A
3-PA,1077,1,1,0,3155,3157,C
3-PA,1078,3146,0,0,0,3146,A
3-PA,1079,0,3118,0,0,3118,T
3-PA,1080,0,5,3131,0,3136,G
3-PA,1081,3120,0,14,0,3134,A
3-PA,1082,3132,0,1,0,3133,A
3-PA,1083,0,5,3171,0,3176,G
3-PA,1084,3159,0,0,0,3159,A
3-PA,1085,3168,0,1,0,3169,A
3-PA,1086,3142,0,0,0,3142,A
3-PA,1087,3129,0,2,0,3131,A
3-PA,1088,0,2,0,3151,3153,C
3-PA,1089,2,5,3127,0,3134,G
3-PA,1090,3131,0,6,1,3138,A
3-PA,1091,2,1,3142,0,3145,G
3-PA,1092,0,3129,0,0,3129,T
3-PA,1093,17,2,0,3182,3201,C
3-PA,1094,3236,0,1,0,3237,A
3-PA,1095,3273,0,3,0,3276,A
3-PA,1096,0,2,1,3278,3281,C
3-PA,1097,0,3271,0,2,3273,T
3-PA,1098,0,8,3316,0,3324,G
3-PA,1099,3305,2,1,0,3308,A
3-PA,1100,3324,0,1,0,3325,A
3-PA,1101,0,0,3319,0,3319,G
3-PA,1102,0,3215,0,0,3215,T
3-PA,1103,0,6,3242,0,3248,G
3-PA,1104,1,4,3233,0,3238,G
3-PA,1105,1,2,3245,0,3248,G
3-PA,1106,2,0,0,3260,3262,C
3-PA,1107,0,3237,0,2,3239,T
3-PA,1108,6,1,0,3254,3261,C
3-PA,1109,1,3244,0,1,3246,T
3-PA,1110,0,3279,0,0,3279,T
3-PA,1111,0,3,3339,0,3342,G
3-PA,1112,0,1,3361,0,3362,G
3-PA,1113,0,3325,0,1,3326,T
3-PA,1114,0,3,3343,0,3346,G
3-PA,1115,3331,1,0,0,3332,A
3-PA,1116,3336,1,11,0,3348,A
3-PA,1117,3339,0,0,0,3339,A
3-PA,1118,3352,1,0,1,3354,A
3-PA,1119,0,1,0,3366,3367,C
3-PA,1120,3295,0,3,0,3298,A
3-PA,1121,0,3283,0,2,3285,T
3-PA,1122,0,8,3271,0,3279,G
3-PA,1123,1,2,3304,0,3307,G
3-PA,1124,2,1,0,3334,3337,C
3-PA,1125,3320,0,2,0,3322,A
3-PA,1126,1,1,0,3327,3329,C
3-PA,1127,4,0,0,3323,3327,C
3-PA,1128,3375,0,1,0,3376,A
3-PA,1129,0,7,3425,0,3432,G
3-PA,1130,3403,0,2,0,3405,A
3-PA,1131,3,1,3444,0,3448,G
3-PA,1132,3431,0,1,0,3432,A
3-PA,1133,3418,0,1,0,3419,A
3-PA,1134,0,8,3438,1,3447,G
3-PA,1135,0,0,3427,0,3427,G
3-PA,1136,0,3377,0,2,3379,T
3-PA,1137,3393,1,0,0,3394,A
3-PA,1138,0,7,3389,0,3396,G
3-PA,1139,3390,0,1,0,3391,A
3-PA,1140,1,0,0,3429,3430,C
3-PA,1141,0,3400,0,1,3401,T
3-PA,1142,0,3390,1,0,3391,T
3-PA,1143,0,3397,0,2,3399,T
3-PA,1144,1,8,3406,0,3415,G
3-PA,1145,3409,0,5,0,3414,A
3-PA,1146,3416,0,2,0,3418,A
3-PA,1147,3415,0,0,0,3415,A
3-PA,1148,3396,0,1,0,3397,A
3-PA,1149,0,0,0,3477,3477,C
3-PA,1150,0,3448,0,1,3449,T
3-PA,1151,0,1,3518,0,3519,G
3-PA,1152,0,1,0,3502,3503,C
3-PA,1153,3515,1,1,0,3517,A
3-PA,1154,0,2,3515,0,3517,G
3-PA,1155,3501,0,2,0,3503,A
3-PA,1156,3,4,3680,1,3688,G
3-PA,1157,3672,0,4,0,3676,A
3-PA,1158,0,2,0,3626,3628,C
3-PA,1159,3626,0,3,0,3629,A
3-PA,1160,0,3588,0,1,3589,T
3-PA,1161,3590,0,1,0,3591,A
3-PA,1162,2,2,3458,1,3463,G
3-PA,1163,1,1,3462,0,3464,G
3-PA,1164,2,1,0,3473,3476,C
3-PA,1165,5,9,3477,0,3491,G
3-PA,1166,3533,0,1,0,3534,A
3-PA,1167,0,3529,0,0,3529,T
3-PA,1168,0,3528,0,1,3529,T
3-PA,1169,0,3529,0,0,3529,T
3-PA,1170,0,8,3524,0,3532,G
3-PA,1171,3535,0,2,0,3537,A
3-PA,1172,3526,1,2,1,3530,A
3-PA,1173,1,2,3544,0,3547,G
3-PA,1174,0,2,0,3608,3610,C
3-PA,1175,3574,0,1,0,3575,A
3-PA,1176,3808,0,0,0,3808,A
3-PA,1177,0,3809,1,1,3811,T
3-PA,1178,3842,0,2,0,3844,A
3-PA,1179,0,3852,0,0,3852,T
3-PA,1180,0,8,3880,0,3888,G
3-PA,1181,3912,0,0,0,3912,A
3-PA,1182,1,3901,0,0,3902,T
3-PA,1183,3783,0,0,0,3783,A
3-PA,1184,1,1,3776,0,3778,G
3-PA,1185,0,3627,0,1,3628,T
3-PA,1186,0,7,3633,0,3640,G
3-PA,1187,3645,0,2,1,3648,A
3-PA,1188,1,2,0,3603,3606,C
3-PA,1189,44,7,3556,0,3607,G
3-PA,1190,3620,1,1,0,3622,A
3-PA,1191,3616,0,3,0,3619,A
3-PA,1192,2,0,0,3647,3649,C
3-PA,1193,7,1,0,3657,3665,C
3-PA,1194,1,3635,0,4,3640,T
3-PA,1195,1,12,3739,0,3752,G
3-PA,1196,3731,0,0,0,3731,A
3-PA,1197,3738,0,0,0,3738,A
3-PA,1198,0,3743,1,0,3744,T
3-PA,1199,1,3721,0,0,3722,T
3-PA,1200,3706,0,1,0,3707,A
3-PA,1201,3649,0,2,0,3651,A
3-PA,1202,0,4,3668,0,3672,G
3-PA,1203,9,2,3653,0,3664,G
3-PA,1204,0,3581,1,2,3584,T
3-PA,1205,12,0,0,3575,3587,C
3-PA,1206,3580,0,0,0,3580,A
3-PA,1207,0,1,0,3745,3746,C
3-PA,1208,0,3755,0,4,3759,T
3-PA,1209,1,3757,0,3,3761,T
3-PA,1210,0,3758,0,1,3759,T
3-PA,1211,8,1,0,3748,3757,C
3-PA,1212,3760,0,1,0,3761,A
3-PA,1213,3757,0,0,0,3757,A
3-PA,1214,0,1,3813,0,3814,G
3-PA,1215,0,0,0,3795,3795,C
3-PA,1216,0,3744,0,1,3745,T
3-PA,1217,1,4,3830,0,3835,G
3-PA,1218,1,5,3831,0,3837,G
3-PA,1219,3881,0,3,0,3884,A
3-PA,1220,0,3929,0,0,3929,T
3-PA,1221,3902,0,16,0,3918,A
3-PA,1222,0,2,0,3946,3948,C
3-PA,1223,3863,24,3,0,3890,A
3-PA,1224,1,7,3926,2,3936,G
3-PA,1225,3914,0,1,0,3915,A
3-PA,1226,3858,0,0,0,3858,A
3-PA,1227,0,3792,0,1,3793,T
3-PA,1228,0,13,3821,0,3834,G
3-PA,1229,3814,0,1,0,3815,A
3-PA,1230,0,1,3862,1,3864,G
3-PA,1231,0,3821,0,3,3824,T
3-PA,1232,1,3826,0,0,3827,T
3-PA,1233,17,0,1,3905,3923,C
3-PA,1234,3935,0,0,0,3935,A
3-PA,1235,3936,0,3,0,3939,A
3-PA,1236,0,1,1,3928,3930,C
3-PA,1237,3874,0,2,0,3876,A
3-PA,1238,3873,0,2,0,3875,A
3-PA,1239,0,8,3854,0,3862,G
3-PA,1240,1,2,3860,0,3863,G
3-PA,1241,0,2,0,3879,3881,C
3-PA,1242,4,0,0,3901,3905,C
3-PA,1243,0,3878,0,4,3882,T
3-PA,1244,0,0,3938,0,3938,G
3-PA,1245,0,3916,0,0,3916,T
3-PA,1246,1,17,3950,1,3969,G
3-PA,1247,3955,0,4,0,3959,A
3-PA,1248,1,0,3952,0,3953,G
3-PA,1249,4,0,0,3926,3930,C
3-PA,1250,0,3910,0,2,3912,T
3-PA,1251,3983,0,2,0,3985,A
3-PA,1252,3977,1,1,0,3979,A
3-PA,1253,1,0,0,4003,4004,C
3-PA,1254,0,3960,0,1,3961,T
3-PA,1255,2,10,3969,0,3981,G
3-PA,1256,3950,1,7,0,3958,A
3-PA,1257,0,3958,0,2,3960,T
3-PA,1258,0,3945,0,2,3947,T
3-PA,1259,11,0,0,3968,3979,C
3-PA,1260,4070,0,0,0,4070,A
3-PA,1261,0,1,4145,0,4146,G
3-PA,1262,1,4118,0,5,4124,T
3-PA,1263,15,0,0,4121,4136,C
3-PA,1264,0,4118,0,5,4123,T
3-PA,1265,1,5,4241,0,4247,G
3-PA,1266,0,6,4242,0,4248,G
3-PA,1267,4263,0,0,0,4263,A
3-PA,1268,0,4276,0,0,4276,T
3-PA,1269,4011,0,0,0,4011,A
3-PA,1270,1,10,3968,0,3979,G
3-PA,1271,3925,0,0,0,3925,A
3-PA,1272,1,0,3933,1,3935,G
3-PA,1273,1,2,0,3912,3915,C
3-PA,1274,0,3839,0,3,3842,T
3-PA,1275,16,0,0,3858,3874,C
3-PA,1276,2,3,3878,0,3883,G
3-PA,1277,3878,0,1,0,3879,A
3-PA,1278,0,3883,0,0,3883,T
3-PA,1279,0,10,3865,0,3875,G
3-PA,1280,3915,0,2,0,3917,A
3-PA,1281,3919,0,0,0,3919,A
3-PA,1282,3932,1,1,0,3934,A
3-PA,1283,0,3905,0,0,3905,T
3-PA,1284,0,3906,0,0,3906,T
3-PA,1285,2,9,3899,0,3910,G
3-PA,1286,9,8,3871,0,3888,G
3-PA,1287,2,3,3830,0,3835,G
3-PA,1288,2,4,3872,0,3878,G
3-PA,1289,3880,0,2,0,3882,A
3-PA,1290,0,10,3895,0,3905,G
3-PA,1291,0,6,3928,0,3934,G
3-PA,1292,3982,0,0,0,3982,A
3-PA,1293,1,2,0,3999,4002,C
3-PA,1294,2,2,3974,0,3978,G
3-PA,1295,0,3960,0,0,3960,T
3-PA,1296,3974,0,2,0,3976,A
3-PA,1297,0,1,3993,0,3994,G
3-PA,1298,3,2,0,4006,4011,C
3-PA,1299,4,0,0,3955,3959,C
3-PA,1300,8,0,0,3926,3934,C
3-PA,1301,6,0,0,3939,3945,C
3-PA,1302,3952,0,1,0,3953,A
3-PA,1303,4084,0,2,0,4086,A
3-PA,1304,0,4073,0,1,4074,T
3-PA,1305,0,4057,0,0,4057,T
3-PA,1306,0,10,4044,0,4054,G
3-PA,1307,3963,0,2,0,3965,A
3-PA,1308,1,0,3978,0,3979,G
3-PA,1309,2,1,0,3961,3964,C
3-PA,1310,3924,1,9,0,3934,A
3-PA,1311,0,0,0,4034,4034,C
3-PA,1312,3911,1,0,0,3912,A
3-PA,1313,0,4035,0,1,4036,T
3-PA,1314,0,4047,0,1,4048,T
3-PA,1315,0,0,4047,0,4047,G
3-PA,1316,0,0,0,4007,4007,C
3-PA,1317,4023,0,1,0,4024,A
3-PA,1318,4033,1,3,0,4037,A
3-PA,1319,1,1,4048,0,4050,G
3-PA,1320,2,1,0,3997,4000,C
3-PA,1321,3999,0,1,0,4000,A
3-PA,1322,1,3904,0,1,3906,T
3-PA,1323,1,14,3896,0,3911,G
3-PA,1324,3896,1,2,0,3899,A
3-PA,1325,0,0,3904,1,3905,G
3-PA,1326,3909,0,2,0,3911,A
3-PA,1327,3903,0,3,0,3906,A
3-PA,1328,1,10,3883,0,3894,G
3-PA,1329,0,10,3877,1,3888,G
3-PA,1330,3881,0,2,0,3883,A
3-PA,1331,3875,0,10,0,3885,A
3-PA,1332,0,3898,0,3,3901,T
3-PA,1333,0,3899,0,1,3900,T
3-PA,1334,3903,0,1,0,3904,A
3-PA,1335,0,3907,1,0,3908,T
3-PA,1336,0,3909,1,0,3910,T
3-PA,1337,0,3907,0,0,3907,T
3-PA,1338,8,0,0,3864,3872,C
3-PA,1339,3859,1,5,0,3865,A
3-PA,1340,0,1,1,3957,3959,C
3-PA,1341,3939,1,3,0,3943,A
3-PA,1342,0,0,3976,0,3976,G
3-PA,1343,1,1,0,3964,3966,C
3-PA,1344,3958,1,1,0,3960,A
3-PA,1345,0,4,3995,0,3999,G
3-PA,1346,3971,0,4,0,3975,A
3-PA,1347,0,2,3999,0,4001,G
3-PA,1348,10,1,3992,0,4003,G
3-PA,1349,0,3887,1,5,3893,T
3-PA,1350,2,1,3976,0,3979,G
3-PA,1351,1,3922,0,5,3928,T
3-PA,1352,10,0,0,3935,3945,C
3-PA,1353,6,1,0,3980,3987,C
3-PA,1354,13,4,1,3943,3961,C
3-PA,1355,4001,0,1,0,4002,A
3-PA,1356,0,4023,0,1,4024,T
3-PA,1357,0,4020,0,0,4020,T
3-PA,1358,0,0,4041,0,4041,G
3-PA,1359,1,3950,0,0,3951,T
3-PA,1360,3898,0,1,0,3899,A
3-PA,1361,0,9,3884,0,3893,G
3-PA,1362,3764,0,9,0,3773,A
3-PA,1363,1,0,3787,0,3788,G
3-PA,1364,1,1,0,3723,3725,C
3-PA,1365,12,0,0,3674,3686,C
3-PA,1366,3733,0,3,0,3736,A
3-PA,1367,0,0,0,3753,3753,C
3-PA,1368,0,3734,0,0,3734,T
3-PA,1369,0,5,3737,0,3742,G
3-PA,1370,3725,1,0,0,3726,A
3-PA,1371,3661,0,2,0,3663,A
3-PA,1372,0,3755,0,0,3755,T
3-PA,1373,3788,0,1,0,3789,A
3-PA,1374,1,2,0,3827,3830,C
3-PA,1375,3710,0,2,0,3712,A
3-PA,1376,0,3723,0,3,3726,T
3-PA,1377,3684,0,0,0,3684,A
3-PA,1378,3687,0,0,0,3687,A
3-PA,1379,0,3687,0,0,3687,T
3-PA,1380,0,7,3611,0,3618,G
3-PA,1381,3596,0,1,0,3597,A
3-PA,1382,3505,1,1,0,3507,A
3-PA,1383,0,5,3504,0,3509,G
3-PA,1384,0,11,3487,0,3498,G
3-PA,1385,0,8,3526,0,3534,G
3-PA,1386,1,6,3534,0,3541,G
3-PA,1387,0,0,3571,0,3571,G
3-PA,1388,0,3519,0,1,3520,T
3-PA,1389,3542,0,0,0,3542,A
3-PA,1390,0,3561,1,0,3562,T
3-PA,1391,3592,0,0,0,3592,A
3-PA,1392,3,0,0,3887,3890,C
3-PA,1393,3758,0,0,0,3758,A
3-PA,1394,0,3682,0,2,3684,T
3-PA,1395,0,3647,0,0,3647,T
3-PA,1396,3594,0,0,0,3594,A
3-PA,1397,3643,0,1,0,3644,A
3-PA,1398,0,0,0,3636,3636,C
3-PA,1399,3549,1,0,0,3550,A
3-PA,1400,0,1,0,3563,3564,C
3-PA,1401,0,3185,0,1,3186,T
3-PA,1402,0,0,3289,0,3289,G
3-PA,1403,0,1,0,3271,3272,C
3-PA,1404,10,0,0,3255,3265,C
3-PA,1405,4,2,0,3273,3279,C
3-PA,1406,0,3177,0,0,3177,T
3-PA,1407,1,0,3280,0,3281,G
3-PA,1408,0,0,0,3284,3284,C
3-PA,1409,0,3276,0,3,3279,T
3-PA,1410,10,0,0,3363,3373,C
3-PA,1411,3247,0,1,0,3248,A
3-PA,1412,3273,0,1,0,3274,A
3-PA,1413,0,3273,0,0,3273,T
3-PA,1414,0,0,3269,0,3269,G
3-PA,1415,0,0,0,3247,3247,C
3-PA,1416,3159,0,0,0,3159,A
3-PA,1417,0,3144,0,4,3148,T
3-PA,1418,3,17,0,3127,3147,C
3-PA,1419,3,1,0,3195,3199,C
3-PA,1420,0,3085,0,1,3086,T
3-PA,1421,1,0,3152,0,3153,G
3-PA,1422,0,3130,0,0,3130,T
3-PA,1423,2,0,3121,0,3123,G
3-PA,1424,2,1,0,3116,3119,C
3-PA,1425,3054,1,1,0,3056,A
3-PA,1426,1,1,3078,0,3080,G
3-PA,1427,2,1,0,3070,3073,C
3-PA,1428,3023,0,0,0,3023,A
3-PA,1429,3021,2,0,0,3023,A
3-PA,1430,0,2876,0,0,2876,T
3-PA,1431,0,3,2876,1,2880,G
3-PA,1432,0,6,2868,0,2874,G
3-PA,1433,2874,0,1,0,2875,A
3-PA,1434,0,2,0,2861,2863,C
3-PA,1435,1,9,2819,0,2829,G
3-PA,1436,2862,0,0,0,2862,A
3-PA,1437,0,2869,0,1,2870,T
3-PA,1438,0,2859,0,0,2859,T
3-PA,1439,0,2856,0,0,2856,T
3-PA,1440,0,2854,0,1,2855,T
3-PA,1441,10,0,0,2853,2863,C
3-PA,1442,2865,0,0,0,2865,A
3-PA,1443,2873,0,0,0,2873,A
3-PA,1444,1,0,0,2873,2874,C
3-PA,1445,0,2831,0,0,2831,T
3-PA,1446,2817,0,11,0,2828,A
3-PA,1447,2826,1,0,0,2827,A
3-PA,1448,0,2828,0,0,2828,T
3-PA,1449,1,2808,0,12,2821,T
3-PA,1450,5,0,0,2833,2838,C
3-PA,1451,4,6,0,2811,2821,C
3-PA,1452,12,0,1,2796,2809,C
3-PA,1453,2806,0,2,0,2808,A
3-PA,1454,0,2845,0,0,2845,T
3-PA,1455,7,1,2841,0,2849,G
3-PA,1456,2845,0,0,0,2845,A
3-PA,1457,0,2829,0,0,2829,T
3-PA,1458,2820,0,0,0,2820,A
3-PA,1459,2822,0,0,0,2822,A
3-PA,1460,1,1,2816,0,2818,G
3-PA,1461,1,0,0,2806,2807,C
3-PA,1462,2787,0,0,0,2787,A
3-PA,1463,2685,0,2,0,2687,A
3-PA,1464,4,0,2715,0,2719,G
3-PA,1465,0,2692,0,1,2693,T
3-PA,1466,2,0,2696,0,2698,G
3-PA,1467,2,1,0,2688,2691,C
3-PA,1468,2661,0,3,0,2664,A
3-PA,1469,1,7,2695,0,2703,G
3-PA,1470,2698,0,0,0,2698,A
3-PA,1471,2729,0,1,0,2730,A
3-PA,1472,1,0,0,2731,2732,C
3-PA,1473,0,2648,0,2,2650,T
3-PA,1474,2668,1,1,0,2670,A
3-PA,1475,2659,0,7,0,2666,A
3-PA,1476,2661,0,1,0,2662,A
3-PA,1477,1,1,2669,0,2671,G
3-PA,1478,2557,0,2,0,2559,A
3-PA,1479,0,2,2550,0,2552,G
3-PA,1480,0,5,2458,0,2463,G
3-PA,1481,0,3,2458,0,2461,G
3-PA,1482,2443,0,2,0,2445,A
3-PA,1483,2370,0,1,0,2371,A
3-PA,1484,1,2,2363,0,2366,G
3-PA,1485,0,3,2354,0,2357,G
3-PA,1486,1,2,0,2355,2358,C
3-PA,1487,5,3,2350,0,2358,G
3-PA,1488,2354,0,0,0,2354,A
3-PA,1489,2358,0,0,0,2358,A
3-PA,1490,2354,0,2,0,2356,A
3-PA,1491,2356,0,0,0,2356,A
3-PA,1492,2359,0,3,0,2362,A
3-PA,1493,0,1,0,2359,2360,C
3-PA,1494,8,0,0,2335,2343,C
3-PA,1495,2345,0,0,0,2345,A
3-PA,1496,2366,0,0,0,2366,A
3-PA,1497,0,2358,0,1,2359,T
3-PA,1498,0,2358,0,0,2358,T
3-PA,1499,0,2373,0,1,2374,T
3-PA,1500,2393,0,0,0,2393,A
3-PA,1501,0,2383,0,0,2383,T
3-PA,1502,2386,0,1,0,2387,A
3-PA,1503,0,2367,1,3,2371,T
3-PA,1504,0,4,2350,0,2354,G
3-PA,1505,1,3,2313,0,2317,G
3-PA,1506,2320,0,1,0,2321,A
3-PA,1507,0,2315,0,2,2317,T
3-PA,1508,0,2289,0,0,2289,T
3-PA,1509,6,1,0,2272,2279,C
3-PA,1510,2289,0,1,0,2290,A
3-PA,1511,0,2302,0,2,2304,T
3-PA,1512,2,0,0,2317,2319,C
3-PA,1513,2301,0,0,0,2301,A
3-PA,1514,0,2283,0,0,2283,T
3-PA,1515,2263,0,1,0,2264,A
3-PA,1516,2257,1,0,0,2258,A
3-PA,1517,2261,0,2,0,2263,A
3-PA,1518,0,4,2249,0,2253,G
3-PA,1519,0,0,2205,0,2205,G
3-PA,1520,0,2,2172,0,2174,G
3-PA,1521,2147,0,2,0,2149,A
3-PA,1522,2117,0,2,0,2119,A
3-PA,1523,0,1,2127,0,2128,G
3-PA,1524,2106,0,0,0,2106,A
3-PA,1525,0,2099,0,1,2100,T
3-PA,1526,4,0,0,2100,2104,C
3-PA,1527,0,2053,0,8,2061,T
3-PA,1528,9,0,0,2098,2107,C
3-PA,1529,2098,0,0,0,2098,A
3-PA,1530,0,2096,0,0,2096,T
3-PA,1531,1,2093,0,1,2095,T
3-PA,1532,0,2054,0,1,2055,T
3-PA,1533,2042,0,0,0,2042,A
3-PA,1534,2037,1,0,0,2038,A
3-PA,1535,0,5,2032,0,2037,G
3-PA,1536,0,5,2050,0,2055,G
3-PA,1537,1931,0,4,0,1935,A
3-PA,1538,1943,0,0,0,1943,A
3-PA,1539,0,1937,0,0,1937,T
3-PA,1540,0,7,1937,0,1944,G
3-PA,1541,1997,0,2,0,1999,A
3-PA,1542,1,0,0,1993,1994,C
3-PA,1543,1979,1,0,0,1980,A
3-PA,1544,0,2,0,1976,1978,C
3-PA,1545,1901,0,3,0,1904,A
3-PA,1546,0,3,1916,0,1919,G
3-PA,1547,1909,0,1,0,1910,A
3-PA,1548,1,0,0,1864,1865,C
3-PA,1549,1,0,1842,0,1843,G
3-PA,1550,0,1668,0,0,1668,T
3-PA,1551,0,5,1659,0,1664,G
3-PA,1552,0,1,1675,0,1676,G
3-PA,1553,0,1676,0,1,1677,T
3-PA,1554,1675,0,0,0,1675,A
3-PA,1555,1631,0,1,0,1632,A
3-PA,1556,1629,0,0,1,1630,A
3-PA,1557,0,1623,0,0,1623,T
3-PA,1558,0,1605,0,0,1605,T
3-PA,1559,0,1588,0,1,1589,T
3-PA,1560,0,1569,0,1,1570,T
3-PA,1561,0,1,1564,0,1565,G
3-PA,1562,0,1554,0,1,1555,T
3-PA,1563,0,8,1541,0,1549,G
3-PA,1564,1543,0,0,0,1543,A
3-PA,1565,1,0,1536,0,1537,G
3-PA,1566,1,0,0,1520,1521,C
3-PA,1567,1520,0,0,1,1521,A
3-PA,1568,0,1520,0,0,1520,T
3-PA,1569,0,0,1520,0,1520,G
3-PA,1570,0,0,1532,0,1532,G
3-PA,1571,1530,0,0,0,1530,A
3-PA,1572,1,0,1529,0,1530,G
3-PA,1573,0,1496,1,0,1497,T
3-PA,1574,0,1474,0,1,1475,T
3-PA,1575,0,1486,0,0,1486,T
3-PA,1576,1,1477,0,3,1481,T
3-PA,1577,2,0,0,1489,1491,C
3-PA,1578,0,1479,0,1,1480,T
3-PA,1579,6,0,0,1479,1485,C
3-PA,1580,1,1413,1,3,1418,T
3-PA,1581,6,0,0,1406,1412,C
3-PA,1582,1401,0,0,0,1401,A
3-PA,1583,1,0,0,1402,1403,C
3-PA,1584,0,1345,0,2,1347,T
3-PA,1585,0,5,1337,0,1342,G
3-PA,1586,1323,0,0,0,1323,A
3-PA,1587,1,0,0,1324,1325,C
3-PA,1588,4,0,0,1309,1313,C
3-PA,1589,4,1,0,1292,1297,C
3-PA,1590,1,4,1288,0,1293,G
3-PA,1591,1290,0,0,0,1290,A
3-PA,1592,0,6,1282,0,1288,G
3-PA,1593,1286,0,0,0,1286,A
3-PA,1594,1,0,0,1246,1247,C
3-PA,1595,0,1215,0,1,1216,T
3-PA,1596,0,1119,0,0,1119,T
3-PA,1597,0,0,1120,0,1120,G
3-PA,1598,1108,0,1,0,1109,A
3-PA,1599,1,0,1121,0,1122,G
3-PA,1600,0,0,0,1105,1105,C
3-PA,1601,2,1,0,1048,1051,C
3-PA,1602,1032,1,0,0,1033,A
3-PA,1603,0,0,0,1038,1038,C
3-PA,1604,1033,0,0,0,1033,A
3-PA,1605,0,1035,0,0,1035,T
3-PA,1606,1023,0,0,0,1023,A
3-PA,1607,1007,0,0,0,1007,A
3-PA,1608,1003,0,0,0,1003,A
3-PA,1609,0,988,0,0,988,T
3-PA,1610,0,2,981,0,983,G
3-PA,1611,0,3,858,0,861,G
3-PA,1612,0,1,842,0,843,G
3-PA,1613,815,0,0,0,815,A
3-PA,1614,0,0,807,0,807,G
3-PA,1615,787,1,1,0,789,A
3-PA,1616,758,0,0,0,758,A
3-PA,1617,759,0,0,0,759,A
3-PA,1618,0,745,0,0,745,T
3-PA,1619,726,0,0,0,726,A
3-PA,1620,1,0,0,731,732,C
3-PA,1621,0,362,0,0,362,T
3-PA,1622,0,0,354,0,354,G
3-PA,1623,0,168,0,0,168,T
3-PA,1624,0,0,163,0,163,G
3-PA,1625,0,141,0,0,141,T
3-PA,1626,0,0,0,40,40,C
3-PA,1627,0,0,0,28,28,C
3-PA,1628,0,15,0,0,15,T
3-PA,1629,0,14,0,0,14,T
3-PA,1630,0,0,14,0,14,G
3-PA,1631,14,0,0,0,14,A
3-PA,1632,0,0,14,0,14,G
3-PA,1633,14,0,0,0,14,A
3-PA,1634,0,14,0,0,14,T
3-PA,1635,14,0,0,0,14,A
3-PA,1636,0,0,14,0,14,G
3-PA,1637,0,0,14,0,14,G
3-PA,1638,14,0,0,0,14,A
3-PA,1639,0,0,14,0,14,G
3-PA,1640,14,0,0,0,14,A
3-PA,1641,0,14,0,0,14,T
3-PA,1642,14,0,0,0,14,A
3-PA,1643,0,14,0,0,14,T
3-PA,1644,0,0,14,0,14,G
3-PA,1645,0,13,0,0,13,T
3-PA,1646,0,13,0,0,13,T
3-PA,1647,14,0,0,0,14,A
3-PA,1648,0,0,0,14,14,C
3-PA,1649,0,14,0,0,14,T
3-PA,1650,14,0,0,0,14,A
3-PA,1651,14,0,0,0,14,A
3-PA,1652,0,0,14,0,14,G
3-PA,1653,14,0,0,0,14,A
3-PA,1654,14,0,0,0,14,A
3-PA,1655,0,0,14,0,14,G
3-PA,1656,0,14,0,0,14,T
3-PA,1657,0,0,14,0,14,G
3-PA,1658,0,0,0,14,14,C
3-PA,1659,0,0,0,14,14,C
3-PA,1660,14,0,0,0,14,A
3-PA,1661,0,14,0,0,14,T
3-PA,1662,14,0,0,0,14,A
3-PA,1663,0,0,14,0,14,G
3-PA,1664,0,0,14,0,14,G
3-PA,1665,0,0,0,14,14,C
3-PA,1666,0,0,0,14,14,C
3-PA,1667,14,0,0,0,14,A
3-PA,1668,14,0,0,0,14,A
3-PA,1669,14,0,0,0,14,A
3-PA,1670,0,14,0,0,14,T
3-PA,1671,0,14,0,0,14,T
3-PA,1672,0,14,0,0,14,T
3-PA,1673,0,0,0,14,14,C
3-PA,1674,14,0,0,0,14,A
3-PA,1675,14,0,0,0,14,A
3-PA,1676,0,0,14,0,14,G
3-PA,1677,0,0,15,0,15,G
3-PA,1678,0,0,0,15,15,C
3-PA,1679,0,0,0,15,15,C
3-PA,1680,0,15,0,0,15,T
3-PA,1681,23,0,0,0,23,A
3-PA,1682,0,24,0,0,24,T
3-PA,1683,0,0,25,0,25,G
3-PA,1684,0,25,0,0,25,T
3-PA,1685,0,25,0,0,25,T
3-PA,1686,0,0,0,25,25,C
3-PA,1687,0,25,0,0,25,T
3-PA,1688,0,25,0,0,25,T
3-PA,1689,0,0,25,0,25,G
3-PA,1690,0,24,0,0,24,T
3-PA,1691,24,0,0,0,24,A
3-PA,1692,0,23,0,0,23,T
3-PA,1693,0,0,23,0,23,G
3-PA,1694,0,23,0,0,23,T
3-PA,1695,0,0,22,0,22,G
3-PA,1696,22,0,0,0,22,A
3-PA,1697,0,0,22,0,22,G
3-PA,1698,0,1,21,0,22,G
3-PA,1699,22,0,0,0,22,A
3-PA,1700,0,0,0,22,22,C
3-PA,1701,22,0,0,0,22,A
3-PA,1702,21,0,0,0,21,A
3-PA,1703,22,0,0,0,22,A
3-PA,1704,0,0,0,22,22,C
3-PA,1705,0,0,22,0,22,G
3-PA,1706,0,0,22,0,22,G
3-PA,1707,22,0,0,0,22,A
3-PA,1708,22,0,0,0,22,A
3-PA,1709,0,0,0,23,23,C
3-PA,1710,24,0,0,0,24,A
3-PA,1711,0,24,0,0,24,T
3-PA,1712,0,0,0,24,24,C
3-PA,1713,23,0,0,0,23,A
3-PA,1714,24,0,0,0,24,A
3-PA,1715,25,0,0,0,25,A
3-PA,1716,0,0,26,0,26,G
3-PA,1717,0,0,26,0,26,G
3-PA,1718,0,26,0,0,26,T
3-PA,1719,0,0,0,26,26,C
3-PA,1720,26,0,0,0,26,A
3-PA,1721,26,0,0,0,26,A
3-PA,1722,25,0,0,0,25,A
3-PA,1723,26,0,0,0,26,A
3-PA,1724,0,26,0,0,26,T
3-PA,1725,0,0,26,0,26,G
3-PA,1726,26,0,0,0,26,A
3-PA,1727,26,0,0,0,26,A
3-PA,1728,26,0,0,0,26,A
3-PA,1729,0,26,0,0,26,T
3-PA,1730,0,0,26,0,26,G
3-PA,1731,0,0,25,0,25,G
3-PA,1732,0,0,26,0,26,G
3-PA,1733,0,0,26,0,26,G
3-PA,1734,25,0,0,0,25,A
3-PA,1735,25,0,0,0,25,A
3-PA,1736,0,25,0,0,25,T
3-PA,1737,0,0,25,0,25,G
3-PA,1738,0,0,25,0,25,G
3-PA,1739,25,0,0,0,25,A
3-PA,1740,0,0,25,0,25,G
3-PA,1741,25,0,0,0,25,A
3-PA,1742,0,25,0,0,25,T
3-PA,1743,0,0,25,0,25,G
3-PA,1744,25,0,0,0,25,A
3-PA,1745,0,0,25,0,25,G
3-PA,1746,25,0,0,0,25,A
3-PA,1747,0,0,0,25,25,C
3-PA,1748,0,1,25,0,26,G
3-PA,1749,0,26,0,0,26,T
3-PA,1750,0,26,0,0,26,T
3-PA,1751,0,0,27,0,27,G
3-PA,1752,0,0,0,27,27,C
3-PA,1753,0,0,0,27,27,C
3-PA,1754,0,27,0,0,27,T
3-PA,1755,0,0,0,27,27,C
3-PA,1756,0,0,0,27,27,C
3-PA,1757,0,27,0,0,27,T
3-PA,1758,0,27,0,0,27,T
3-PA,1759,0,0,0,27,27,C
3-PA,1760,27,0,0,0,27,A
3-PA,1761,0,0,27,0,27,G
3-PA,1762,0,27,0,0,27,T
3-PA,1763,0,0,0,27,27,C
3-PA,1764,27,0,0,0,27,A
3-PA,1765,0,0,0,28,28,C
3-PA,1766,0,28,0,0,28,T
3-PA,1767,0,0,0,28,28,C
3-PA,1768,0,0,0,28,28,C
3-PA,1769,27,0,0,1,28,A
3-PA,1770,0,0,28,0,28,G
3-PA,1771,0,0,0,28,28,C
3-PA,1772,27,0,0,0,27,A
3-PA,1773,0,0,29,0,29,G
3-PA,1774,29,0,0,0,29,A
3-PA,1775,0,29,0,0,29,T
3-PA,1776,0,0,0,29,29,C
3-PA,1777,0,0,30,0,30,G
3-PA,1778,29,0,0,0,29,A
3-PA,1779,0,0,30,0,30,G
3-PA,1780,30,0,0,0,30,A
3-PA,1781,0,0,30,0,30,G
3-PA,1782,0,0,0,30,30,C
3-PA,1783,30,0,0,0,30,A
3-PA,1784,0,30,0,0,30,T
3-PA,1785,0,0,30,0,30,G
3-PA,1786,31,0,0,0,31,A
3-PA,1787,0,32,0,0,32,T
3-PA,1788,0,32,0,0,32,T
3-PA,1789,0,0,32,0,32,G
3-PA,1790,32,0,0,0,32,A
3-PA,1791,32,0,0,0,32,A
3-PA,1792,0,0,32,0,32,G
3-PA,1793,0,0,0,32,32,C
3-PA,1794,0,0,0,31,31,C
3-PA,1795,0,0,32,0,32,G
3-PA,1796,32,0,0,0,32,A
3-PA,1797,0,0,33,0,33,G
3-PA,1798,0,33,0,0,33,T
3-PA,1799,0,0,0,33,33,C
3-PA,1800,0,0,0,33,33,C
3-PA,1801,0,33,0,0,33,T
3-PA,1802,0,0,0,33,33,C
3-PA,1803,0,0,33,0,33,G
3-PA,1804,0,0,35,0,35,G
3-PA,1805,0,35,0,0,35,T
3-PA,1806,0,34,0,0,34,T
3-PA,1807,34,0,0,0,34,A
3-PA,1808,34,0,0,0,34,A
3-PA,1809,34,0,0,0,34,A
3-PA,1810,0,0,34,0,34,G
3-PA,1811,32,0,0,0,32,A
3-PA,1812,0,0,33,0,33,G
3-PA,1813,30,0,0,0,30,A
3-PA,1814,31,0,0,0,31,A
3-PA,1815,30,0,0,0,30,A
3-PA,1816,0,0,31,0,31,G
3-PA,1817,30,0,0,0,30,A
3-PA,1818,0,0,0,31,31,C
3-PA,1819,30,0,0,0,30,A
3-PA,1820,1,31,0,0,32,T
3-PA,1821,0,0,32,0,32,G
3-PA,1822,32,0,0,0,32,A
3-PA,1823,0,0,0,32,32,C
3-PA,1824,0,0,0,32,32,C
3-PA,1825,32,0,0,0,32,A
3-PA,1826,32,0,0,0,32,A
3-PA,1827,32,0,0,0,32,A
3-PA,1828,0,0,34,0,34,G
3-PA,1829,35,0,0,0,35,A
3-PA,1830,0,0,35,0,35,G
3-PA,1831,0,33,0,0,33,T
3-PA,1832,0,32,0,0,32,T
3-PA,1833,0,32,0,0,32,T
3-PA,1834,0,32,0,0,32,T
3-PA,1835,0,32,0,0,32,T
3-PA,1836,0,32,0,0,32,T
3-PA,1837,0,1,31,0,32,G
3-PA,1838,32,0,0,0,32,A
3-PA,1839,0,0,32,0,32,G
3-PA,1840,31,0,0,0,31,A
3-PA,1841,31,0,0,0,31,A
3-PA,1842,0,32,0,0,32,T
3-PA,1843,31,0,0,0,31,A
3-PA,1844,32,0,0,0,32,A
3-PA,1845,32,0,0,0,32,A
3-PA,1846,0,32,0,0,32,T
3-PA,1847,0,0,0,33,33,C
3-PA,1848,33,0,0,0,33,A
3-PA,1849,0,0,33,0,33,G
3-PA,1850,33,0,0,0,33,A
3-PA,1851,33,0,0,0,33,A
3-PA,1852,0,0,32,0,32,G
3-PA,1853,0,0,0,33,33,C
3-PA,1854,33,0,0,0,33,A
3-PA,1855,0,33,0,0,33,T
3-PA,1856,0,0,33,0,33,G
3-PA,1857,0,0,34,0,34,G
3-PA,1858,0,0,0,33,33,C
3-PA,1859,0,0,0,36,36,C
3-PA,1860,0,1,0,35,36,C
3-PA,1861,34,0,0,0,34,A
3-PA,1862,0,35,0,0,35,T
3-PA,1863,0,35,0,0,35,T
3-PA,1864,0,0,36,0,36,G
3-PA,1865,0,0,36,0,36,G
3-PA,1866,0,0,36,0,36,G
3-PA,1867,0,0,36,0,36,G
3-PA,1868,33,0,0,0,33,A
3-PA,1869,0,0,33,0,33,G
3-PA,1870,0,33,0,0,33,T
3-PA,1871,0,0,0,34,34,C
3-PA,1872,0,0,0,35,35,C
3-PA,1873,0,0,0,35,35,C
3-PA,1874,0,0,0,35,35,C
3-PA,1875,0,0,0,35,35,C
3-PA,1876,35,0,0,0,35,A
3-PA,1877,33,0,2,0,35,A
3-PA,1878,0,0,35,0,35,G
3-PA,1879,0,0,34,0,34,G
3-PA,1880,0,0,34,0,34,G
3-PA,1881,29,0,0,0,29,A
3-PA,1882,0,0,29,0,29,G
3-PA,1883,0,29,0,0,29,T
3-PA,1884,0,0,29,0,29,G
3-PA,1885,0,0,29,0,29,G
3-PA,1886,29,0,0,0,29,A
3-PA,1887,30,0,0,0,30,A
3-PA,1888,0,0,30,0,30,G
3-PA,1889,27,0,0,0,27,A
3-PA,1890,27,0,0,0,27,A
3-PA,1891,0,0,26,0,26,G
3-PA,1892,0,0,26,0,26,G
3-PA,1893,0,25,0,0,25,T
3-PA,1894,0,25,0,0,25,T
3-PA,1895,0,0,0,25,25,C
3-PA,1896,0,0,0,25,25,C
3-PA,1897,25,0,0,0,25,A
3-PA,1898,0,25,0,0,25,T
3-PA,1899,0,24,0,0,24,T
3-PA,1900,0,0,25,0,25,G
3-PA,1901,0,0,23,0,23,G
3-PA,1902,0,0,23,0,23,G
3-PA,1903,22,0,0,0,22,A
3-PA,1904,23,0,0,0,23,A
3-PA,1905,23,0,0,0,23,A
3-PA,1906,0,0,24,0,24,G
3-PA,1907,0,24,0,0,24,T
3-PA,1908,0,0,0,23,23,C
3-PA,1909,0,24,0,0,24,T
3-PA,1910,0,0,24,0,24,G
3-PA,1911,0,24,0,0,24,T
3-PA,1912,24,0,0,0,24,A
3-PA,1913,0,0,24,0,24,G
3-PA,1914,0,0,25,0,25,G
3-PA,1915,25,0,0,0,25,A
3-PA,1916,0,0,0,25,25,C
3-PA,1917,0,24,0,0,24,T
3-PA,1918,0,0,0,28,28,C
3-PA,1919,0,28,0,0,28,T
3-PA,1920,28,0,0,0,28,A
3-PA,1921,0,26,0,0,26,T
3-PA,1922,0,28,0,0,28,T
3-PA,1923,0,0,27,0,27,G
3-PA,1924,0,0,27,0,27,G
3-PA,1925,0,0,0,27,27,C
3-PA,1926,0,26,0,0,26,T
3-PA,1927,27,0,0,0,27,A
3-PA,1928,26,0,0,0,26,A
3-PA,1929,0,0,27,0,27,G
3-PA,1930,0,28,0,0,28,T
3-PA,1931,0,0,0,28,28,C
3-PA,1932,28,0,0,0,28,A
3-PA,1933,0,0,28,0,28,G
3-PA,1934,0,28,0,0,28,T
3-PA,1935,29,0,0,0,29,A
3-PA,1936,0,29,0,0,29,T
3-PA,1937,0,29,0,0,29,T
3-PA,1938,0,0,0,29,29,C
3-PA,1939,26,0,0,0,26,A
3-PA,1940,28,0,0,0,28,A
3-PA,1941,0,28,0,0,28,T
3-PA,1942,27,0,0,0,27,A
3-PA,1943,0,0,27,0,27,G
3-PA,1944,0,0,0,27,27,C
3-PA,1945,0,0,0,27,27,C
3-PA,1946,0,24,0,0,24,T
3-PA,1947,0,0,24,0,24,G
3-PA,1948,0,23,0,0,23,T
3-PA,1949,23,0,0,0,23,A
3-PA,1950,0,26,0,0,26,T
3-PA,1951,0,0,25,0,25,G
3-PA,1952,0,0,0,27,27,C
3-PA,1953,25,0,0,0,25,A
3-PA,1954,0,25,0,0,25,T
3-PA,1955,0,0,0,26,26,C
3-PA,1956,25,0,0,0,25,A
3-PA,1957,0,0,0,26,26,C
3-PA,1958,1,0,0,25,26,C
3-PA,1959,25,0,0,0,25,A
3-PA,1960,0,0,0,25,25,C
3-PA,1961,26,0,0,0,26,A
3-PA,1962,26,0,0,0,26,A
3-PA,1963,0,25,0,0,25,T
3-PA,1964,0,25,0,0,25,T
3-PA,1965,0,0,25,0,25,G
3-PA,1966,0,0,23,0,23,G
3-PA,1967,23,0,0,0,23,A
3-PA,1968,24,0,0,0,24,A
3-PA,1969,0,0,24,0,24,G
3-PA,1970,0,0,25,0,25,G
3-PA,1971,24,0,0,0,24,A
3-PA,1972,0,25,0,0,25,T
3-PA,1973,0,25,0,0,25,T
3-PA,1974,0,25,0,0,25,T
3-PA,1975,0,25,0,0,25,T
3-PA,1976,0,0,0,25,25,C
3-PA,1977,25,0,0,0,25,A
3-PA,1978,0,0,25,0,25,G
3-PA,1979,0,0,0,25,25,C
3-PA,1980,0,0,24,0,24,G
3-PA,1981,0,0,24,0,24,G
3-PA,1982,24,0,0,0,24,A
3-PA,1983,0,0,25,0,25,G
3-PA,1984,0,25,0,0,25,T
3-PA,1985,0,0,0,25,25,C
3-PA,1986,25,0,0,0,25,A
3-PA,1987,25,0,0,0,25,A
3-PA,1988,0,0,25,0,25,G
3-PA,1989,25,0,0,0,25,A
3-PA,1990,25,0,0,0,25,A
3-PA,1991,24,0,0,0,24,A
3-PA,1992,24,0,0,0,24,A
3-PA,1993,0,0,0,24,24,C
3-PA,1994,0,24,0,0,24,T
3-PA,1995,0,0,24,0,24,G
3-PA,1996,0,0,0,23,23,C
3-PA,1997,0,23,0,0,23,T
3-PA,1998,0,0,0,23,23,C
3-PA,1999,0,0,0,23,23,C
3-PA,2000,0,23,0,0,23,T
3-PA,2001,0,24,0,0,24,T
3-PA,2002,0,0,24,0,24,G
3-PA,2003,0,23,0,1,24,T
3-PA,2004,0,24,0,0,24,T
3-PA,2005,0,0,24,0,24,G
3-PA,2006,0,24,0,0,24,T
3-PA,2007,0,24,0,0,24,T
3-PA,2008,0,0,0,24,24,C
3-PA,2009,23,0,0,0,23,A
3-PA,2010,0,0,23,0,23,G
3-PA,2011,0,0,22,0,22,G
3-PA,2012,0,0,0,23,23,C
3-PA,2013,0,23,0,0,23,T
3-PA,2014,0,0,0,23,23,C
3-PA,2015,0,22,0,0,22,T
3-PA,2016,0,22,0,0,22,T
3-PA,2017,21,0,0,0,21,A
3-PA,2018,0,0,21,0,21,G
3-PA,2019,0,0,21,0,21,G
3-PA,2020,0,0,21,0,21,G
3-PA,2021,20,0,0,0,20,A
3-PA,2022,0,0,0,20,20,C
3-PA,2023,19,0,0,0,19,A
3-PA,2024,18,0,0,0,18,A
3-PA,2025,0,0,0,19,19,C
3-PA,2026,0,0,0,19,19,C
3-PA,2027,0,19,0,0,19,T
3-PA,2028,1,0,0,18,19,C
3-PA,2029,0,0,19,0,19,G
3-PA,2030,19,0,0,0,19,A
3-PA,2031,19,0,0,0,19,A
3-PA,2032,0,0,0,21,21,C
3-PA,2033,0,0,0,19,19,C
3-PA,2034,0,19,0,0,19,T
3-PA,2035,0,0,20,0,20,G
3-PA,2036,0,0,19,0,19,G
3-PA,2037,0,0,20,0,20,G
3-PA,2038,20,0,0,0,20,A
3-PA,2039,0,0,0,20,20,C
3-PA,2040,0,0,0,19,19,C
3-PA,2041,0,19,0,0,19,T
3-PA,2042,0,20,0,0,20,T
3-PA,2043,0,20,0,0,20,T
3-PA,2044,0,0,20,0,20,G
3-PA,2045,19,0,0,0,19,A
3-PA,2046,0,18,0,0,18,T
3-PA,2047,0,0,0,18,18,C
3-PA,2048,0,17,0,0,17,T
3-PA,2049,0,17,0,0,17,T
3-PA,2050,0,0,17,0,17,G
3-PA,2051,0,0,17,0,17,G
3-PA,2052,0,0,17,0,17,G
3-PA,2053,0,0,17,0,17,G
3-PA,2054,0,0,12,0,12,G
3-PA,2055,0,0,15,0,15,G
3-PA,2056,0,0,0,14,14,C
3-PA,2057,0,15,0,0,15,T
3-PA,2058,15,0,0,0,15,A
3-PA,2059,0,15,0,0,15,T
3-PA,2060,14,0,0,0,14,A
3-PA,2061,0,14,0,0,14,T
3-PA,2062,0,0,14,0,14,G
3-PA,2063,14,0,0,0,14,A
3-PA,2064,13,0,0,0,13,A
3-PA,2065,0,0,14,0,14,G
3-PA,2066,0,0,0,14,14,C
3-PA,2067,13,0,0,0,13,A
3-PA,2068,13,0,0,0,13,A
3-PA,2069,0,13,0,0,13,T
3-PA,2070,0,13,0,0,13,T
3-PA,2071,0,0,13,0,13,G
3-PA,2072,13,0,0,0,13,A
3-PA,2073,0,0,13,0,13,G
3-PA,2074,0,0,13,0,13,G
3-PA,2075,12,0,0,0,12,A
3-PA,2076,0,0,11,0,11,G
3-PA,2077,0,12,0,0,12,T
3-PA,2078,0,0,12,0,12,G
3-PA,2079,0,1,0,11,12,C
3-PA,2080,0,0,0,11,11,C
3-PA,2081,0,12,0,0,12,T
3-PA,2082,0,0,12,0,12,G
3-PA,2083,11,0,0,0,11,A
3-PA,2084,0,12,0,0,12,T
3-PA,2085,0,11,0,0,11,T
3-PA,2086,11,0,0,0,11,A
3-PA,2087,11,0,0,0,11,A
3-PA,2088,0,11,0,0,11,T
3-PA,2089,0,0,11,0,11,G
3-PA,2090,10,0,0,0,10,A
3-PA,2091,0,10,0,0,10,T
3-PA,2092,0,0,0,10,10,C
3-PA,2093,0,0,0,9,9,C
3-PA,2094,0,0,0,10,10,C
3-PA,2095,0,10,0,0,10,T
3-PA,2096,0,0,10,0,10,G
3-PA,2097,0,0,10,0,10,G
3-PA,2098,0,0,10,0,10,G
3-PA,2099,0,10,0,0,10,T
3-PA,2100,0,10,0,0,10,T
3-PA,2101,0,10,0,0,10,T
3-PA,2102,0,10,0,0,10,T
3-PA,2103,0,0,10,0,10,G
3-PA,2104,0,0,0,7,7,C
3-PA,2105,0,10,0,0,10,T
3-PA,2106,0,0,0,10,10,C
3-PA,2107,10,0,0,0,10,A
3-PA,2108,10,0,0,0,10,A
3-PA,2109,0,10,0,0,10,T
3-PA,2110,0,0,10,0,10,G
3-PA,2111,0,0,0,9,9,C
3-PA,2112,0,0,10,0,10,G
3-PA,2113,0,9,0,0,9,T
3-PA,2114,0,0,0,9,9,C
3-PA,2115,0,10,0,0,10,T
3-PA,2116,0,10,0,0,10,T
3-PA,2117,0,0,10,0,10,G
3-PA,2118,0,0,10,0,10,G
3-PA,2119,0,9,0,0,9,T
3-PA,2120,0,10,0,0,10,T
3-PA,2121,1,0,0,8,9,C
3-PA,2122,10,0,0,0,10,A
3-PA,2123,10,0,0,0,10,A
3-PA,2124,0,0,0,10,10,C
3-PA,2125,0,10,0,0,10,T
3-PA,2126,0,0,0,10,10,C
3-PA,2127,0,0,0,9,9,C
3-PA,2128,0,9,0,0,9,T
3-PA,2129,0,9,0,0,9,T
3-PA,2130,0,0,0,9,9,C
3-PA,2131,0,0,0,9,9,C
3-PA,2132,0,8,0,0,8,T
3-PA,2133,0,0,8,0,8,G
3-PA,2134,8,0,0,0,8,A
3-PA,2135,0,0,0,8,8,C
3-PA,2136,8,0,0,0,8,A
3-PA,2137,0,0,0,8,8,C
3-PA,2138,8,0,0,0,8,A
3-PA,2139,0,8,0,0,8,T
3-PA,2140,0,0,8,0,8,G
3-PA,2141,0,0,0,8,8,C
3-PA,2142,8,0,0,0,8,A
3-PA,2143,0,8,0,0,8,T
3-PA,2144,0,8,0,0,8,T
3-PA,2145,8,0,0,0,8,A
3-PA,2146,8,0,0,0,8,A
3-PA,2147,8,0,0,0,8,A
3-PA,2148,8,0,0,0,8,A
3-PA,2149,0,8,0,0,8,T
3-PA,2150,8,0,0,0,8,A
3-PA,2151,0,0,8,0,8,G
4-HA,1,74,0,0,0,74,A
4-HA,2,0,74,0,0,74,T
4-HA,3,0,0,74,0,74,G
4-HA,4,74,0,0,0,74,A
4-HA,5,76,0,1,0,77,A
4-HA,6,0,0,84,0,84,G
4-HA,7,83,0,0,0,83,A
4-HA,8,0,0,0,89,89,C
4-HA,9,0,91,0,0,91,T
4-HA,10,91,0,0,0,91,A
4-HA,11,0,98,0,0,98,T
4-HA,12,0,0,0,99,99,C
4-HA,13,97,0,0,0,97,A
4-HA,14,0,98,0,0,98,T
4-HA,15,0,100,0,0,100,T
4-HA,16,0,0,111,0,111,G
4-HA,17,0,0,0,110,110,C
4-HA,18,0,111,0,0,111,T
4-HA,19,0,110,0,1,111,T
4-HA,20,0,111,0,0,111,T
4-HA,21,0,1,117,0,118,G
4-HA,22,120,0,0,0,120,A
4-HA,23,0,0,121,0,121,G
4-HA,24,0,0,0,123,123,C
4-HA,25,0,122,0,0,122,T
4-HA,26,134,0,0,0,134,A
4-HA,27,0,0,0,134,134,C
4-HA,28,135,0,0,0,135,A
4-HA,29,0,147,0,0,147,T
4-HA,30,0,147,0,0,147,T
4-HA,31,0,0,0,151,151,C
4-HA,32,0,149,0,0,149,T
4-HA,33,150,0,0,0,150,A
4-HA,34,0,150,0,0,150,T
4-HA,35,0,0,151,0,151,G
4-HA,36,0,151,0,0,151,T
4-HA,37,0,0,0,152,152,C
4-HA,38,0,151,0,0,151,T
4-HA,39,0,0,149,0,149,G
4-HA,40,0,0,150,0,150,G
4-HA,41,0,148,0,0,148,T
4-HA,42,0,149,0,0,149,T
4-HA,43,0,151,0,0,151,T
4-HA,44,0,151,0,0,151,T
4-HA,45,0,0,0,147,147,C
4-HA,46,0,0,146,0,146,G
4-HA,47,0,0,0,151,151,C
4-HA,48,0,149,0,0,149,T
4-HA,49,0,0,0,149,149,C
4-HA,50,149,0,0,0,149,A
4-HA,51,149,0,0,0,149,A
4-HA,52,150,0,0,0,150,A
4-HA,53,147,0,1,0,148,A
4-HA,54,151,0,0,0,151,A
4-HA,55,0,0,0,153,153,C
4-HA,56,0,152,0,0,152,T
4-HA,57,0,156,0,0,156,T
4-HA,58,0,0,0,153,153,C
4-HA,59,0,0,0,155,155,C
4-HA,60,0,154,0,0,154,T
4-HA,61,0,0,161,0,161,G
4-HA,62,0,0,160,0,160,G
4-HA,63,159,0,0,0,159,A
4-HA,64,163,0,0,0,163,A
4-HA,65,161,0,0,0,161,A
4-HA,66,0,168,0,0,168,T
4-HA,67,0,1,164,0,165,G
4-HA,68,165,0,0,0,165,A
4-HA,69,0,0,0,169,169,C
4-HA,70,170,0,0,0,170,A
4-HA,71,170,0,0,0,170,A
4-HA,72,0,0,0,169,169,C
4-HA,73,170,0,0,0,170,A
4-HA,74,0,0,171,0,171,G
4-HA,75,0,0,0,172,172,C
4-HA,76,170,0,0,0,170,A
4-HA,77,0,0,0,177,177,C
4-HA,78,0,0,174,0,174,G
4-HA,79,0,0,173,0,173,G
4-HA,80,0,0,0,180,180,C
4-HA,81,178,0,0,0,178,A
4-HA,82,179,0,0,0,179,A
4-HA,83,0,0,0,176,176,C
4-HA,84,0,0,177,0,177,G
4-HA,85,0,0,0,179,179,C
4-HA,86,0,177,0,0,177,T
4-HA,87,0,0,182,0,182,G
4-HA,88,0,180,0,0,180,T
4-HA,89,0,0,188,0,188,G
4-HA,90,0,0,0,192,192,C
4-HA,91,0,0,0,195,195,C
4-HA,92,0,194,0,0,194,T
4-HA,93,0,194,0,0,194,T
4-HA,94,0,2,191,0,193,G
4-HA,95,0,0,191,0,191,G
4-HA,96,0,0,192,0,192,G
4-HA,97,0,0,0,197,197,C
4-HA,98,198,0,0,0,198,A
4-HA,99,0,0,0,200,200,C
4-HA,100,1,0,0,196,197,C
4-HA,101,207,0,0,0,207,A
4-HA,102,0,207,0,0,207,T
4-HA,103,0,0,203,0,203,G
4-HA,104,0,1,0,204,205,C
4-HA,105,202,0,0,0,202,A
4-HA,106,0,0,219,0,219,G
4-HA,107,0,221,0,0,221,T
4-HA,108,222,0,0,0,222,A
4-HA,109,0,0,0,223,223,C
4-HA,110,1,0,0,216,217,C
4-HA,111,219,0,0,0,219,A
4-HA,112,217,0,0,0,217,A
4-HA,113,218,0,0,0,218,A
4-HA,114,2,0,0,217,219,C
4-HA,115,0,0,217,0,217,G
4-HA,116,0,0,228,0,228,G
4-HA,117,222,0,1,0,223,A
4-HA,118,226,0,1,0,227,A
4-HA,119,0,0,0,227,227,C
4-HA,120,223,0,0,0,223,A
4-HA,121,229,0,0,0,229,A
4-HA,122,0,224,0,0,224,T
4-HA,123,231,0,0,0,231,A
4-HA,124,0,0,231,0,231,G
4-HA,125,0,223,0,0,223,T
4-HA,126,0,1,221,0,222,G
4-HA,127,225,0,0,0,225,A
4-HA,128,230,0,0,0,230,A
4-HA,129,230,0,0,0,230,A
4-HA,130,225,0,0,0,225,A
4-HA,131,0,0,0,228,228,C
4-HA,132,228,0,0,0,228,A
4-HA,133,227,0,0,0,227,A
4-HA,134,0,231,0,0,231,T
4-HA,135,1,0,0,228,229,C
4-HA,136,230,0,0,0,230,A
4-HA,137,0,0,0,229,229,C
4-HA,138,0,1,229,0,230,G
4-HA,139,230,0,0,0,230,A
4-HA,140,230,0,1,0,231,A
4-HA,141,0,229,0,0,229,T
4-HA,142,0,2,225,0,227,G
4-HA,143,231,0,0,0,231,A
4-HA,144,0,0,0,230,230,C
4-HA,145,0,0,0,230,230,C
4-HA,146,235,0,0,0,235,A
4-HA,147,234,0,0,0,234,A
4-HA,148,233,0,0,0,233,A
4-HA,149,0,233,0,0,233,T
4-HA,150,0,232,0,0,232,T
4-HA,151,0,0,234,0,234,G
4-HA,152,232,0,0,0,232,A
4-HA,153,233,0,0,0,233,A
4-HA,154,0,0,235,0,235,G
4-HA,155,0,237,0,0,237,T
4-HA,156,0,246,0,0,246,T
4-HA,157,247,0,1,0,248,A
4-HA,158,0,0,0,249,249,C
4-HA,159,0,250,0,0,250,T
4-HA,160,251,0,0,0,251,A
4-HA,161,256,0,0,0,256,A
4-HA,162,0,255,0,0,255,T
4-HA,163,0,1,254,0,255,G
4-HA,164,0,0,0,259,259,C
4-HA,165,0,258,0,0,258,T
4-HA,166,258,0,0,0,258,A
4-HA,167,0,0,0,257,257,C
4-HA,168,0,256,0,0,256,T
4-HA,169,0,0,257,0,257,G
4-HA,170,254,0,0,0,254,A
4-HA,171,0,0,254,0,254,G
4-HA,172,0,0,0,254,254,C
4-HA,173,0,251,0,0,251,T
4-HA,174,0,0,255,0,255,G
4-HA,175,1,0,252,0,253,G
4-HA,176,1,256,0,0,257,T
4-HA,177,0,256,0,0,256,T
4-HA,178,3,0,0,253,256,C
4-HA,179,256,0,0,0,256,A
4-HA,180,0,1,255,0,256,G
4-HA,181,252,0,0,0,252,A
4-HA,182,0,0,259,0,259,G
4-HA,183,0,259,0,1,260,T
4-HA,184,0,256,0,0,256,T
4-HA,185,0,0,0,262,262,C
4-HA,186,0,0,0,261,261,C
4-HA,187,0,262,0,0,262,T
4-HA,188,1,0,0,263,264,C
4-HA,189,264,0,0,0,264,A
4-HA,190,263,0,0,0,263,A
4-HA,191,0,0,0,267,267,C
4-HA,192,263,0,0,0,263,A
4-HA,193,0,1,268,0,269,G
4-HA,194,0,0,267,0,267,G
4-HA,195,0,266,0,0,266,T
4-HA,196,0,2,265,0,267,G
4-HA,197,268,0,1,0,269,A
4-HA,198,269,0,0,0,269,A
4-HA,199,280,0,0,0,280,A
4-HA,200,0,278,0,0,278,T
4-HA,201,286,0,0,0,286,A
4-HA,202,0,280,0,0,280,T
4-HA,203,0,0,279,0,279,G
4-HA,204,0,0,0,281,281,C
4-HA,205,0,2,278,1,281,G
4-HA,206,280,0,0,0,280,A
4-HA,207,0,0,0,282,282,C
4-HA,208,278,0,1,0,279,A
4-HA,209,0,0,287,0,287,G
4-HA,210,0,289,0,0,289,T
4-HA,211,2,0,0,287,289,C
4-HA,212,0,3,0,288,291,C
4-HA,213,0,292,0,0,292,T
4-HA,214,1,0,0,293,294,C
4-HA,215,292,0,0,0,292,A
4-HA,216,0,294,0,0,294,T
4-HA,217,0,0,0,294,294,C
4-HA,218,283,0,0,0,283,A
4-HA,219,0,0,282,0,282,G
4-HA,220,281,0,0,0,281,A
4-HA,221,0,282,0,0,282,T
4-HA,222,1,0,0,283,284,C
4-HA,223,1,0,0,278,279,C
4-HA,224,0,281,0,0,281,T
4-HA,225,0,281,0,0,281,T
4-HA,226,0,0,281,0,281,G
4-HA,227,281,0,0,0,281,A
4-HA,228,0,281,0,0,281,T
4-HA,229,0,0,280,0,280,G
4-HA,230,0,1,276,0,277,G
4-HA,231,275,0,0,0,275,A
4-HA,232,0,0,277,0,277,G
4-HA,233,278,0,0,0,278,A
4-HA,234,278,0,0,0,278,A
4-HA,235,275,0,1,0,276,A
4-HA,236,278,0,0,0,278,A
4-HA,237,0,0,0,280,280,C
4-HA,238,0,276,0,0,276,T
4-HA,239,0,1,277,0,278,G
4-HA,240,0,0,0,277,277,C
4-HA,241,274,0,0,0,274,A
4-HA,242,0,0,0,289,289,C
4-HA,243,289,0,0,0,289,A
4-HA,244,0,0,0,315,315,C
4-HA,245,0,318,0,0,318,T
4-HA,246,319,0,0,0,319,A
4-HA,247,315,0,1,0,316,A
4-HA,248,0,319,0,0,319,T
4-HA,249,319,0,0,0,319,A
4-HA,250,0,0,319,0,319,G
4-HA,251,314,1,0,0,315,A
4-HA,252,0,314,0,0,314,T
4-HA,253,0,0,293,0,293,G
4-HA,254,0,0,0,294,294,C
4-HA,255,0,287,0,1,288,T
4-HA,256,0,0,0,307,307,C
4-HA,257,0,308,0,0,308,T
4-HA,258,314,0,0,0,314,A
4-HA,259,0,315,0,0,315,T
4-HA,260,0,311,0,0,311,T
4-HA,261,0,2,311,1,314,G
4-HA,262,0,0,316,0,316,G
4-HA,263,0,0,322,0,322,G
4-HA,264,316,0,0,0,316,A
4-HA,265,0,0,316,0,316,G
4-HA,266,312,0,0,0,312,A
4-HA,267,0,0,0,381,381,C
4-HA,268,0,0,0,397,397,C
4-HA,269,0,0,0,404,404,C
4-HA,270,0,407,0,0,407,T
4-HA,271,2,1,0,423,426,C
4-HA,272,423,0,0,0,423,A
4-HA,273,0,0,480,0,480,G
4-HA,274,3,470,0,0,473,T
4-HA,275,0,0,492,0,492,G
4-HA,276,0,481,0,0,481,T
4-HA,277,0,0,484,0,484,G
4-HA,278,479,0,0,0,479,A
4-HA,279,0,482,0,0,482,T
4-HA,280,0,3,477,0,480,G
4-HA,281,0,0,481,0,481,G
4-HA,282,0,0,0,473,473,C
4-HA,283,0,473,0,1,474,T
4-HA,284,0,476,0,0,476,T
4-HA,285,1,0,0,472,473,C
4-HA,286,0,0,0,476,476,C
4-HA,287,480,0,0,0,480,A
4-HA,288,481,0,0,0,481,A
4-HA,289,483,0,0,0,483,A
4-HA,290,483,0,0,0,483,A
4-HA,291,1,483,0,0,484,T
4-HA,292,482,1,0,0,483,A
4-HA,293,482,0,0,0,482,A
4-HA,294,0,2,485,0,487,G
4-HA,295,489,0,0,0,489,A
4-HA,296,488,0,1,0,489,A
4-HA,297,490,0,0,0,490,A
4-HA,298,0,490,0,0,490,T
4-HA,299,0,2,490,0,492,G
4-HA,300,0,2,488,0,490,G
4-HA,301,0,1,487,0,488,G
4-HA,302,486,0,0,0,486,A
4-HA,303,1,0,0,492,493,C
4-HA,304,0,0,0,493,493,C
4-HA,305,0,509,0,0,509,T
4-HA,306,0,510,0,0,510,T
4-HA,307,0,508,0,0,508,T
4-HA,308,0,515,0,0,515,T
4-HA,309,0,514,0,0,514,T
4-HA,310,0,0,517,0,517,G
4-HA,311,0,515,0,1,516,T
4-HA,312,0,513,0,1,514,T
4-HA,313,0,1,513,0,514,G
4-HA,314,511,0,0,0,511,A
4-HA,315,511,0,0,0,511,A
4-HA,316,0,0,0,515,515,C
4-HA,317,0,0,507,0,507,G
4-HA,318,0,1,0,516,517,C
4-HA,319,517,1,0,0,518,A
4-HA,320,0,0,524,0,524,G
4-HA,321,0,0,0,525,525,C
4-HA,322,524,0,0,0,524,A
4-HA,323,527,0,1,0,528,A
4-HA,324,528,0,0,0,528,A
4-HA,325,0,0,560,0,560,G
4-HA,326,1,0,0,556,557,C
4-HA,327,1,0,0,554,555,C
4-HA,328,0,558,0,0,558,T
4-HA,329,561,0,0,0,561,A
4-HA,330,0,0,0,571,571,C
4-HA,331,573,0,0,0,573,A
4-HA,332,0,0,577,0,577,G
4-HA,333,1,1,0,569,571,C
4-HA,334,560,0,0,0,560,A
4-HA,335,562,0,0,0,562,A
4-HA,336,0,0,0,587,587,C
4-HA,337,0,587,0,0,587,T
4-HA,338,0,0,596,0,596,G
4-HA,339,0,588,0,0,588,T
4-HA,340,0,586,0,0,586,T
4-HA,341,589,0,1,0,590,A
4-HA,342,0,0,0,657,657,C
4-HA,343,0,0,0,663,663,C
4-HA,344,2,0,0,675,677,C
4-HA,345,0,647,0,1,648,T
4-HA,346,0,643,0,0,643,T
4-HA,347,645,0,0,0,645,A
4-HA,348,0,642,0,0,642,T
4-HA,349,0,0,643,0,643,G
4-HA,350,640,0,1,0,641,A
4-HA,351,0,613,0,0,613,T
4-HA,352,0,0,626,0,626,G
4-HA,353,0,615,0,0,615,T
4-HA,354,0,0,617,0,617,G
4-HA,355,0,0,0,616,616,C
4-HA,356,0,0,0,618,618,C
4-HA,357,0,0,638,0,638,G
4-HA,358,0,2,646,0,648,G
4-HA,359,646,0,0,0,646,A
4-HA,360,0,654,0,0,654,T
4-HA,361,0,643,0,0,643,T
4-HA,362,648,0,0,0,648,A
4-HA,363,0,645,0,1,646,T
4-HA,364,0,0,650,0,650,G
4-HA,365,0,1,0,651,652,C
4-HA,366,1,0,0,645,646,C
4-HA,367,0,648,0,0,648,T
4-HA,368,0,0,0,692,692,C
4-HA,369,0,1,0,696,697,C
4-HA,370,1,0,0,697,698,C
4-HA,371,0,693,0,0,693,T
4-HA,372,0,699,0,0,699,T
4-HA,373,694,0,0,0,694,A
4-HA,374,0,2,710,0,712,G
4-HA,375,0,0,713,0,713,G
4-HA,376,0,698,0,0,698,T
4-HA,377,1,1,0,684,686,C
4-HA,378,673,0,0,0,673,A
4-HA,379,0,0,0,693,693,C
4-HA,380,0,695,0,0,695,T
4-HA,381,700,0,0,0,700,A
4-HA,382,1,0,695,0,696,G
4-HA,383,0,684,0,1,685,T
4-HA,384,0,681,0,0,681,T
4-HA,385,0,1,693,0,694,G
4-HA,386,0,0,0,694,694,C
4-HA,387,4,0,0,688,692,C
4-HA,388,0,681,0,1,682,T
4-HA,389,0,0,0,686,686,C
4-HA,390,718,0,1,0,719,A
4-HA,391,0,714,0,0,714,T
4-HA,392,1,0,0,712,713,C
4-HA,393,2,0,0,712,714,C
4-HA,394,0,1,715,0,716,G
4-HA,395,3,0,713,0,716,G
4-HA,396,0,0,0,719,719,C
4-HA,397,725,0,0,0,725,A
4-HA,398,0,0,0,742,742,C
4-HA,399,722,0,0,0,722,A
4-HA,400,0,0,0,727,727,C
4-HA,401,0,727,0,0,727,T
4-HA,402,1,1,728,0,730,G
4-HA,403,0,1,744,0,745,G
4-HA,404,725,0,0,0,725,A
4-HA,405,0,1,748,0,749,G
4-HA,406,0,743,0,0,743,T
4-HA,407,0,743,0,0,743,T
4-HA,408,0,746,0,5,751,T
4-HA,409,747,0,0,0,747,A
4-HA,410,749,0,0,0,749,A
4-HA,411,0,0,0,756,756,C
4-HA,412,741,0,3,0,744,A
4-HA,413,740,0,1,0,741,A
4-HA,414,0,733,0,1,734,T
4-HA,415,0,3,733,0,736,G
4-HA,416,734,0,0,0,734,A
4-HA,417,734,0,0,0,734,A
4-HA,418,736,0,1,0,737,A
4-HA,419,0,0,741,0,741,G
4-HA,420,0,0,0,746,746,C
4-HA,421,0,749,0,0,749,T
4-HA,422,0,747,0,0,747,T
4-HA,423,0,0,0,763,763,C
4-HA,424,762,0,0,0,762,A
4-HA,425,759,0,0,0,759,A
4-HA,426,0,761,0,0,761,T
4-HA,427,0,759,0,0,759,T
4-HA,428,0,3,764,0,767,G
4-HA,429,0,3,780,0,783,G
4-HA,430,786,0,0,0,786,A
4-HA,431,0,0,0,792,792,C
4-HA,432,0,788,0,1,789,T
4-HA,433,0,1,793,0,794,G
4-HA,434,0,2,788,0,790,G
4-HA,435,786,1,3,0,790,A
4-HA,436,0,1,796,0,797,G
4-HA,437,0,780,0,0,780,T
4-HA,438,0,0,0,773,773,C
4-HA,439,787,0,0,0,787,A
4-HA,440,0,0,0,796,796,C
4-HA,441,0,795,0,1,796,T
4-HA,442,3,0,0,792,795,C
4-HA,443,788,0,0,0,788,A
4-HA,444,799,0,0,0,799,A
4-HA,445,802,0,0,0,802,A
4-HA,446,795,0,0,0,795,A
4-HA,447,0,791,0,0,791,T
4-HA,448,0,2,791,0,793,G
4-HA,449,0,3,798,0,801,G
4-HA,450,802,0,2,0,804,A
4-HA,451,807,0,0,0,807,A
4-HA,452,0,0,0,807,807,C
4-HA,453,800,0,0,0,800,A
4-HA,454,807,0,0,0,807,A
4-HA,455,0,0,809,0,809,G
4-HA,456,0,0,0,812,812,C
4-HA,457,0,801,0,0,801,T
4-HA,458,4,0,0,814,818,C
4-HA,459,0,814,0,0,814,T
4-HA,460,0,1,813,0,814,G
4-HA,461,0,0,0,817,817,C
4-HA,462,0,814,0,0,814,T
4-HA,463,0,836,0,0,836,T
4-HA,464,0,0,859,0,859,G
4-HA,465,0,0,0,870,870,C
4-HA,466,869,0,0,0,869,A
4-HA,467,0,857,0,4,861,T
4-HA,468,864,0,0,0,864,A
4-HA,469,859,0,0,0,859,A
4-HA,470,0,3,854,0,857,G
4-HA,471,0,1,854,0,855,G
4-HA,472,821,0,1,0,822,A
4-HA,473,0,4,816,0,820,G
4-HA,474,816,0,0,0,816,A
4-HA,475,0,846,0,1,847,T
4-HA,476,2,0,0,856,858,C
4-HA,477,0,861,0,2,863,T
4-HA,478,867,0,0,0,867,A
4-HA,479,863,1,1,0,865,A
4-HA,480,0,863,0,0,863,T
4-HA,481,863,0,0,0,863,A
4-HA,482,853,1,0,0,854,A
4-HA,483,0,1,0,863,864,C
4-HA,484,829,0,2,0,831,A
4-HA,485,0,0,837,0,837,G
4-HA,486,0,829,0,0,829,T
4-HA,487,0,844,0,0,844,T
4-HA,488,0,847,0,0,847,T
4-HA,489,1,0,0,862,863,C
4-HA,490,0,861,0,0,861,T
4-HA,491,0,867,0,0,867,T
4-HA,492,0,863,0,0,863,T
4-HA,493,861,0,0,0,861,A
4-HA,494,0,0,864,0,864,G
4-HA,495,0,862,0,0,862,T
4-HA,496,862,1,0,0,863,A
4-HA,497,0,0,876,0,876,G
4-HA,498,864,0,0,0,864,A
4-HA,499,0,862,0,0,862,T
4-HA,500,0,859,0,0,859,T
4-HA,501,856,0,0,0,856,A
4-HA,502,863,1,0,0,864,A
4-HA,503,868,0,0,0,868,A
4-HA,504,0,874,0,0,874,T
4-HA,505,0,867,0,0,867,T
4-HA,506,0,3,866,0,869,G
4-HA,507,0,0,863,0,863,G
4-HA,508,1,863,0,0,864,T
4-HA,509,0,866,0,1,867,T
4-HA,510,0,3,858,0,861,G
4-HA,511,864,0,0,0,864,A
4-HA,512,0,1,0,859,860,C
4-HA,513,3,0,0,855,858,C
4-HA,514,0,0,0,860,860,C
4-HA,515,861,0,0,0,861,A
4-HA,516,0,0,0,870,870,C
4-HA,517,0,871,0,0,871,T
4-HA,518,0,877,0,0,877,T
4-HA,519,876,0,0,0,876,A
4-HA,520,869,0,0,0,869,A
4-HA,521,869,0,0,0,869,A
4-HA,522,871,0,0,0,871,A
4-HA,523,0,883,0,0,883,T
4-HA,524,0,881,0,0,881,T
4-HA,525,4,0,0,887,891,C
4-HA,526,889,1,0,0,890,A
4-HA,527,887,0,1,0,888,A
4-HA,528,888,0,0,0,888,A
4-HA,529,0,890,0,0,890,T
4-HA,530,901,0,0,0,901,A
4-HA,531,1,0,0,909,910,C
4-HA,532,1,0,0,892,893,C
4-HA,533,2,0,0,892,894,C
4-HA,534,893,0,0,0,893,A
4-HA,535,4,0,928,0,932,G
4-HA,536,0,0,0,938,938,C
4-HA,537,934,0,0,0,934,A
4-HA,538,0,935,0,0,935,T
4-HA,539,0,915,0,0,915,T
4-HA,540,0,2,939,0,941,G
4-HA,541,939,0,0,0,939,A
4-HA,542,945,0,0,0,945,A
4-HA,543,0,0,0,945,945,C
4-HA,544,0,0,924,0,924,G
4-HA,545,0,932,0,0,932,T
4-HA,546,1,3,930,1,935,G
4-HA,547,935,0,0,0,935,A
4-HA,548,0,0,0,937,937,C
4-HA,549,0,924,0,0,924,T
4-HA,550,947,0,0,0,947,A
4-HA,551,0,947,0,0,947,T
4-HA,552,0,0,949,0,949,G
4-HA,553,1,0,0,947,948,C
4-HA,554,3,0,0,939,942,C
4-HA,555,935,0,0,0,935,A
4-HA,556,938,0,0,0,938,A
4-HA,557,955,0,0,0,955,A
4-HA,558,0,0,0,964,964,C
4-HA,559,938,0,0,0,938,A
4-HA,560,940,0,0,0,940,A
4-HA,561,1,932,0,1,934,T
4-HA,562,1,5,926,0,932,G
4-HA,563,935,0,0,0,935,A
4-HA,564,937,0,0,0,937,A
4-HA,565,0,0,0,925,925,C
4-HA,566,930,0,0,0,930,A
4-HA,567,933,0,1,0,934,A
4-HA,568,0,933,0,0,933,T
4-HA,569,0,934,0,0,934,T
4-HA,570,0,936,0,0,936,T
4-HA,571,1,6,928,0,935,G
4-HA,572,935,0,2,0,937,A
4-HA,573,0,0,0,933,933,C
4-HA,574,948,0,0,0,948,A
4-HA,575,950,0,0,0,950,A
4-HA,576,957,0,0,0,957,A
4-HA,577,0,964,0,0,964,T
4-HA,578,0,955,0,0,955,T
4-HA,579,0,1,963,0,964,G
4-HA,580,0,962,0,1,963,T
4-HA,581,961,0,1,0,962,A
4-HA,582,1,0,0,987,988,C
4-HA,583,990,0,0,0,990,A
4-HA,584,0,1008,0,0,1008,T
4-HA,585,0,995,0,0,995,T
4-HA,586,0,987,0,0,987,T
4-HA,587,0,3,984,0,987,G
4-HA,588,0,1,983,0,984,G
4-HA,589,0,3,986,0,989,G
4-HA,590,0,3,980,0,983,G
4-HA,591,0,3,973,0,976,G
4-HA,592,0,1,997,0,998,G
4-HA,593,0,974,2,1,977,T
4-HA,594,0,979,0,1,980,T
4-HA,595,3,0,0,979,982,C
4-HA,596,984,1,1,0,986,A
4-HA,597,0,0,0,994,994,C
4-HA,598,1,0,0,993,994,C
4-HA,599,986,0,1,0,987,A
4-HA,600,1,0,0,993,994,C
4-HA,601,1,0,0,980,981,C
4-HA,602,3,1,0,974,978,C
4-HA,603,0,4,977,0,981,G
4-HA,604,0,2,1017,0,1019,G
4-HA,605,0,0,1022,0,1022,G
4-HA,606,0,1004,0,0,1004,T
4-HA,607,1019,0,0,0,1019,A
4-HA,608,0,0,0,1010,1010,C
4-HA,609,1,2,998,0,1001,G
4-HA,610,0,2,1012,0,1014,G
4-HA,611,1019,0,0,0,1019,A
4-HA,612,0,0,0,1033,1033,C
4-HA,613,987,0,0,0,987,A
4-HA,614,984,0,0,0,984,A
4-HA,615,0,979,0,1,980,T
4-HA,616,0,2,994,0,996,G
4-HA,617,999,0,0,0,999,A
4-HA,618,0,0,0,1002,1002,C
4-HA,619,1,0,0,985,986,C
4-HA,620,988,0,0,0,988,A
4-HA,621,992,0,0,0,992,A
4-HA,622,1016,0,0,0,1016,A
4-HA,623,0,1002,0,0,1002,T
4-HA,624,4,0,0,1015,1019,C
4-HA,625,0,978,0,0,978,T
4-HA,626,0,971,0,0,971,T
4-HA,627,1,1,0,981,983,C
4-HA,628,0,0,0,995,995,C
4-HA,629,0,978,0,0,978,T
4-HA,630,0,0,995,0,995,G
4-HA,631,0,978,0,0,978,T
4-HA,632,996,0,0,0,996,A
4-HA,633,0,990,0,0,990,T
4-HA,634,1,0,992,0,993,G
4-HA,635,0,1,0,992,993,C
4-HA,636,0,976,0,4,980,T
4-HA,637,1,6,0,982,989,C
4-HA,638,990,0,4,0,994,A
4-HA,639,991,0,1,0,992,A
4-HA,640,0,1,996,0,997,G
4-HA,641,1,0,0,997,998,C
4-HA,642,1003,0,0,0,1003,A
4-HA,643,0,993,0,0,993,T
4-HA,644,4,0,0,997,1001,C
4-HA,645,1000,0,0,0,1000,A
4-HA,646,0,2,1003,0,1005,G
4-HA,647,0,1,999,0,1000,G
4-HA,648,1009,0,1,0,1010,A
4-HA,649,997,0,0,0,997,A
4-HA,650,0,1,1024,0,1025,G
4-HA,651,1029,0,0,0,1029,A
4-HA,652,1045,0,0,0,1045,A
4-HA,653,0,1045,0,0,1045,T
4-HA,654,1,0,0,1047,1048,C
4-HA,655,1037,0,1,0,1038,A
4-HA,656,0,0,0,1041,1041,C
4-HA,657,1039,0,0,0,1039,A
4-HA,658,0,0,1046,0,1046,G
4-HA,659,0,1026,0,0,1026,T
4-HA,660,3,0,0,1046,1049,C
4-HA,661,0,1037,0,0,1037,T
4-HA,662,1,1,1,1059,1062,C
4-HA,663,0,1063,0,0,1063,T
4-HA,664,1071,0,2,0,1073,A
4-HA,665,1,0,0,1074,1075,C
4-HA,666,1,0,0,1078,1079,C
4-HA,667,1062,0,0,0,1062,A
4-HA,668,1062,0,1,0,1063,A
4-HA,669,1055,0,0,0,1055,A
4-HA,670,1049,0,3,0,1052,A
4-HA,671,0,0,1049,0,1049,G
4-HA,672,1024,0,0,0,1024,A
4-HA,673,1016,0,0,0,1016,A
4-HA,674,1,0,1020,0,1021,G
4-HA,675,1,0,0,1020,1021,C
4-HA,676,0,1,0,1027,1028,C
4-HA,677,1028,0,2,0,1030,A
4-HA,678,1028,0,1,0,1029,A
4-HA,679,0,0,0,1032,1032,C
4-HA,680,1031,0,0,0,1031,A
4-HA,681,1035,0,0,0,1035,A
4-HA,682,1034,0,0,0,1034,A
4-HA,683,0,0,0,1067,1067,C
4-HA,684,0,1057,0,1,1058,T
4-HA,685,1,0,1070,0,1071,G
4-HA,686,0,1062,0,0,1062,T
4-HA,687,1069,0,0,0,1069,A
4-HA,688,1075,0,0,0,1075,A
4-HA,689,0,1064,0,0,1064,T
4-HA,690,1,2,0,1059,1062,C
4-HA,691,0,1,0,1062,1063,C
4-HA,692,4,1,0,1054,1059,C
4-HA,693,1,6,1051,0,1058,G
4-HA,694,1049,0,0,0,1049,A
4-HA,695,1059,0,0,0,1059,A
4-HA,696,0,1053,0,1,1054,T
4-HA,697,1058,0,0,0,1058,A
4-HA,698,0,1045,0,0,1045,T
4-HA,699,1,0,0,1050,1051,C
4-HA,700,2,0,1037,0,1039,G
4-HA,701,0,1,1074,0,1075,G
4-HA,702,1079,0,0,0,1079,A
4-HA,703,0,1087,0,1,1088,T
4-HA,704,1,0,0,1086,1087,C
4-HA,705,0,1092,0,1,1093,T
4-HA,706,1085,0,0,0,1085,A
4-HA,707,0,2,1091,0,1093,G
4-HA,708,1098,0,3,0,1101,A
4-HA,709,0,0,0,1102,1102,C
4-HA,710,1,0,0,1056,1057,C
4-HA,711,1,1,0,1063,1065,C
4-HA,712,1061,0,0,0,1061,A
4-HA,713,0,4,1119,0,1123,G
4-HA,714,1118,0,1,0,1119,A
4-HA,715,0,2,1129,0,1131,G
4-HA,716,0,1124,0,0,1124,T
4-HA,717,1122,0,0,0,1122,A
4-HA,718,1124,0,1,0,1125,A
4-HA,719,1,1,1134,0,1136,G
4-HA,720,0,2,1135,0,1137,G
4-HA,721,1126,0,0,0,1126,A
4-HA,722,1040,0,1,0,1041,A
4-HA,723,0,1031,1,1,1033,T
4-HA,724,1039,0,1,0,1040,A
4-HA,725,0,1037,0,0,1037,T
4-HA,726,0,0,0,1042,1042,C
4-HA,727,2,0,0,1039,1041,C
4-HA,728,2,0,0,1016,1018,C
4-HA,729,0,1008,0,1,1009,T
4-HA,730,1018,0,0,0,1018,A
4-HA,731,0,0,1016,0,1016,G
4-HA,732,0,0,0,1018,1018,C
4-HA,733,1005,0,0,0,1005,A
4-HA,734,0,1,1030,0,1031,G
4-HA,735,1018,0,0,0,1018,A
4-HA,736,1020,0,0,0,1020,A
4-HA,737,0,1018,0,1,1019,T
4-HA,738,1021,0,0,0,1021,A
4-HA,739,1018,0,0,0,1018,A
4-HA,740,0,0,1013,0,1013,G
4-HA,741,0,0,0,1021,1021,C
4-HA,742,1018,1,0,0,1019,A
4-HA,743,0,990,0,0,990,T
4-HA,744,0,0,0,1052,1052,C
4-HA,745,0,1049,0,0,1049,T
4-HA,746,1057,1,0,0,1058,A
4-HA,747,0,1058,0,0,1058,T
4-HA,748,0,1048,0,0,1048,T
4-HA,749,0,3,1043,0,1046,G
4-HA,750,0,4,1039,0,1043,G
4-HA,751,1049,0,0,0,1049,A
4-HA,752,0,0,0,1041,1041,C
4-HA,753,994,0,0,0,994,A
4-HA,754,1011,0,0,0,1011,A
4-HA,755,0,1042,0,0,1042,T
4-HA,756,1067,0,0,0,1067,A
4-HA,757,0,0,1086,0,1086,G
4-HA,758,0,1079,0,1,1080,T
4-HA,759,1080,0,1,0,1081,A
4-HA,760,1092,0,0,0,1092,A
4-HA,761,1123,0,0,0,1123,A
4-HA,762,1126,0,0,0,1126,A
4-HA,763,0,0,0,1140,1140,C
4-HA,764,3,2,0,1088,1093,C
4-HA,765,0,4,1092,0,1096,G
4-HA,766,0,2,1098,0,1100,G
4-HA,767,0,2,1122,0,1124,G
4-HA,768,1126,0,0,0,1126,A
4-HA,769,1,4,1136,0,1141,G
4-HA,770,1164,0,1,1,1166,A
4-HA,771,0,0,0,1168,1168,C
4-HA,772,1167,0,0,1,1168,A
4-HA,773,0,1172,0,0,1172,T
4-HA,774,1173,0,0,0,1173,A
4-HA,775,0,0,0,1209,1209,C
4-HA,776,0,1192,0,1,1193,T
4-HA,777,0,1211,0,0,1211,T
4-HA,778,0,1223,0,0,1223,T
4-HA,779,0,1226,0,0,1226,T
4-HA,780,0,4,1246,0,1250,G
4-HA,781,1255,0,0,0,1255,A
4-HA,782,0,1257,0,0,1257,T
4-HA,783,0,1312,0,0,1312,T
4-HA,784,1306,0,0,0,1306,A
4-HA,785,1322,0,0,0,1322,A
4-HA,786,0,0,0,1349,1349,C
4-HA,787,1344,0,1,0,1345,A
4-HA,788,0,0,1419,0,1419,G
4-HA,789,1,0,0,1419,1420,C
4-HA,790,1418,0,0,0,1418,A
4-HA,791,1,1,0,1439,1441,C
4-HA,792,1433,0,0,0,1433,A
4-HA,793,0,2,1458,0,1460,G
4-HA,794,0,5,1450,0,1455,G
4-HA,795,4,3,1508,0,1515,G
4-HA,796,1507,0,1,0,1508,A
4-HA,797,1524,0,1,0,1525,A
4-HA,798,0,1527,0,0,1527,T
4-HA,799,4,0,0,1521,1525,C
4-HA,800,0,1535,0,0,1535,T
4-HA,801,1547,0,1,0,1548,A
4-HA,802,1545,0,0,0,1545,A
4-HA,803,0,1538,0,0,1538,T
4-HA,804,0,1505,0,0,1505,T
4-HA,805,0,1,1526,0,1527,G
4-HA,806,1,1,0,1590,1592,C
4-HA,807,0,1657,0,0,1657,T
4-HA,808,3,1,0,1710,1714,C
4-HA,809,3,1,0,1712,1716,C
4-HA,810,0,1716,0,1,1717,T
4-HA,811,1716,0,0,0,1716,A
4-HA,812,1,5,1717,0,1723,G
4-HA,813,0,3,1733,0,1736,G
4-HA,814,1,4,1742,0,1747,G
4-HA,815,2,0,1730,0,1732,G
4-HA,816,0,1691,0,0,1691,T
4-HA,817,0,1692,0,1,1693,T
4-HA,818,1699,0,0,0,1699,A
4-HA,819,0,0,0,1735,1735,C
4-HA,820,0,1733,0,0,1733,T
4-HA,821,0,1745,0,1,1746,T
4-HA,822,1,1,0,1750,1752,C
4-HA,823,1745,0,0,0,1745,A
4-HA,824,1748,0,1,0,1749,A
4-HA,825,1755,0,1,0,1756,A
4-HA,826,1770,0,1,0,1771,A
4-HA,827,0,1760,0,0,1760,T
4-HA,828,1753,0,0,0,1753,A
4-HA,829,0,3,0,1749,1752,C
4-HA,830,0,3,1752,0,1755,G
4-HA,831,1751,0,0,0,1751,A
4-HA,832,1759,0,0,0,1759,A
4-HA,833,3,1,1784,0,1788,G
4-HA,834,0,1767,0,0,1767,T
4-HA,835,0,6,1800,0,1806,G
4-HA,836,1,3,1793,0,1797,G
4-HA,837,0,5,1805,0,1810,G
4-HA,838,1815,0,1,0,1816,A
4-HA,839,1817,0,0,0,1817,A
4-HA,840,1812,0,1,0,1813,A
4-HA,841,1806,0,2,0,1808,A
4-HA,842,0,2,1847,0,1849,G
4-HA,843,0,0,0,1839,1839,C
4-HA,844,0,1830,0,0,1830,T
4-HA,845,6,1,0,1864,1871,C
4-HA,846,1875,0,1,0,1876,A
4-HA,847,1892,0,0,0,1892,A
4-HA,848,0,1888,0,0,1888,T
4-HA,849,1906,0,0,0,1906,A
4-HA,850,1898,0,0,0,1898,A
4-HA,851,0,1876,0,0,1876,T
4-HA,852,0,7,1880,0,1887,G
4-HA,853,1874,0,0,0,1874,A
4-HA,854,0,2,1960,0,1962,G
4-HA,855,1959,0,1,0,1960,A
4-HA,856,0,1944,0,0,1944,T
4-HA,857,5,0,0,1988,1993,C
4-HA,858,1976,1,0,0,1977,A
4-HA,859,0,0,2024,0,2024,G
4-HA,860,2028,0,1,0,2029,A
4-HA,861,0,2014,0,1,2015,T
4-HA,862,0,0,2005,0,2005,G
4-HA,863,1,1,0,1980,1982,C
4-HA,864,1986,0,0,0,1986,A
4-HA,865,0,1,0,2039,2040,C
4-HA,866,1,0,0,2015,2016,C
4-HA,867,5,1,0,2027,2033,C
4-HA,868,1999,1,0,0,2000,A
4-HA,869,0,1994,0,0,1994,T
4-HA,870,0,1993,0,2,1995,T
4-HA,871,0,4,2015,0,2019,G
4-HA,872,0,4,2004,0,2008,G
4-HA,873,1,0,0,2019,2020,C
4-HA,874,1984,0,0,0,1984,A
4-HA,875,1982,0,1,0,1983,A
4-HA,876,2028,0,0,0,2028,A
4-HA,877,0,2030,0,1,2031,T
4-HA,878,0,0,2034,0,2034,G
4-HA,879,0,1,0,2032,2033,C
4-HA,880,2005,1,1,0,2007,A
4-HA,881,2081,0,0,0,2081,A
4-HA,882,0,2076,0,0,2076,T
4-HA,883,0,2091,0,0,2091,T
4-HA,884,4,0,0,2095,2099,C
4-HA,885,0,2055,0,1,2056,T
4-HA,886,0,2,2091,0,2093,G
4-HA,887,2096,0,0,0,2096,A
4-HA,888,2102,0,0,0,2102,A
4-HA,889,0,2104,0,0,2104,T
4-HA,890,1,1,2088,0,2090,G
4-HA,891,0,0,0,2109,2109,C
4-HA,892,2100,0,0,0,2100,A
4-HA,893,0,2099,0,1,2100,T
4-HA,894,1,0,0,2099,2100,C
4-HA,895,2085,0,2,0,2087,A
4-HA,896,2,0,0,2191,2193,C
4-HA,897,0,2177,0,2,2179,T
4-HA,898,4,0,0,2184,2188,C
4-HA,899,6,0,0,2182,2188,C
4-HA,900,2210,0,0,0,2210,A
4-HA,901,2190,0,1,0,2191,A
4-HA,902,2197,0,0,0,2197,A
4-HA,903,1,2117,0,0,2118,T
4-HA,904,1,2,2129,0,2132,G
4-HA,905,0,0,2138,0,2138,G
4-HA,906,2146,0,3,0,2149,A
4-HA,907,2149,0,2,0,2151,A
4-HA,908,0,1,2149,0,2150,G
4-HA,909,3,1,0,2133,2137,C
4-HA,910,2138,0,1,0,2139,A
4-HA,911,0,2146,0,0,2146,T
4-HA,912,0,2138,0,0,2138,T
4-HA,913,5,0,0,2228,2233,C
4-HA,914,2,10,0,2197,2209,C
4-HA,915,4,1,0,2221,2226,C
4-HA,916,2227,0,0,0,2227,A
4-HA,917,2267,0,0,1,2268,A
4-HA,918,0,2311,0,0,2311,T
4-HA,919,0,9,2298,1,2308,G
4-HA,920,2310,0,0,0,2310,A
4-HA,921,0,0,0,2316,2316,C
4-HA,922,2264,0,0,0,2264,A
4-HA,923,2267,1,1,0,2269,A
4-HA,924,2251,0,1,0,2252,A
4-HA,925,1,0,0,2272,2273,C
4-HA,926,4,2,0,2226,2232,C
4-HA,927,2212,0,0,0,2212,A
4-HA,928,0,2211,0,1,2212,T
4-HA,929,1,2202,0,1,2204,T
4-HA,930,7,1,0,2205,2213,C
4-HA,931,4,1,1,2209,2215,C
4-HA,932,2217,0,0,0,2217,A
4-HA,933,2210,0,0,1,2211,A
4-HA,934,2212,0,0,0,2212,A
4-HA,935,2354,1,0,0,2355,A
4-HA,936,0,2346,0,0,2346,T
4-HA,937,0,1,2355,0,2356,G
4-HA,938,0,2347,0,0,2347,T
4-HA,939,2073,0,295,0,2368,A
4-HA,940,2374,1,0,0,2375,A
4-HA,941,2371,0,0,1,2372,A
4-HA,942,0,0,0,2383,2383,C
4-HA,943,2347,0,0,0,2347,A
4-HA,944,0,1,2321,0,2322,G
4-HA,945,0,5,2312,0,2317,G
4-HA,946,2349,0,3,0,2352,A
4-HA,947,0,2347,0,2,2349,T
4-HA,948,9,2,0,2372,2383,C
4-HA,949,2401,0,0,0,2401,A
4-HA,950,1,0,0,2468,2469,C
4-HA,951,2487,0,1,0,2488,A
4-HA,952,1,2552,0,0,2553,T
4-HA,953,2494,1,1,0,2496,A
4-HA,954,0,3,0,2472,2475,C
4-HA,955,0,4,2413,0,2417,G
4-HA,956,2,1,2389,0,2392,G
4-HA,957,1,7,2375,1,2384,G
4-HA,958,0,0,2401,0,2401,G
4-HA,959,1,0,0,2362,2363,C
4-HA,960,2,0,0,2363,2365,C
4-HA,961,0,2315,0,0,2315,T
4-HA,962,1,0,2533,0,2534,G
4-HA,963,0,2511,0,1,2512,T
4-HA,964,3,1,0,2549,2553,C
4-HA,965,6,0,0,2552,2558,C
4-HA,966,6,0,0,2561,2567,C
4-HA,967,2560,1,2,0,2563,A
4-HA,968,0,1,2582,0,2583,G
4-HA,969,2585,0,0,0,2585,A
4-HA,970,0,2581,0,0,2581,T
4-HA,971,2414,0,1,0,2415,A
4-HA,972,0,2384,0,1,2385,T
4-HA,973,1,0,2409,0,2410,G
4-HA,974,0,2394,0,1,2395,T
4-HA,975,0,2362,0,0,2362,T
4-HA,976,2396,0,0,0,2396,A
4-HA,977,2364,0,0,0,2364,A
4-HA,978,4,8,2380,0,2392,G
4-HA,979,1,0,0,2392,2393,C
4-HA,980,2349,0,0,0,2349,A
4-HA,981,2357,0,0,0,2357,A
4-HA,982,2332,0,3,0,2335,A
4-HA,983,2336,0,5,0,2341,A
4-HA,984,1,0,0,2346,2347,C
4-HA,985,2340,0,0,0,2340,A
4-HA,986,0,1,0,2350,2351,C
4-HA,987,0,2324,0,0,2324,T
4-HA,988,9,1,0,2324,2334,C
4-HA,989,0,2336,0,7,2343,T
4-HA,990,2,2,2366,0,2370,G
4-HA,991,2362,0,0,0,2362,A
4-HA,992,2359,0,2,0,2361,A
4-HA,993,2363,0,1,0,2364,A
4-HA,994,0,2351,0,0,2351,T
4-HA,995,0,2328,0,0,2328,T
4-HA,996,1,5,2345,0,2351,G
4-HA,997,0,1,2340,0,2341,G
4-HA,998,0,0,0,2349,2349,C
4-HA,999,2341,1,2,0,2344,A
4-HA,1000,2343,0,0,0,2343,A
4-HA,1001,0,0,0,2351,2351,C
4-HA,1002,2343,0,4,0,2347,A
4-HA,1003,0,5,2371,0,2376,G
4-HA,1004,0,6,2361,0,2367,G
4-HA,1005,0,4,2362,0,2366,G
4-HA,1006,2364,0,2,0,2366,A
4-HA,1007,0,2352,0,0,2352,T
4-HA,1008,0,2,2366,0,2368,G
4-HA,1009,1,5,1,2354,2361,C
4-HA,1010,0,3,2373,1,2377,G
4-HA,1011,2390,0,0,0,2390,A
4-HA,1012,2362,0,3,0,2365,A
4-HA,1013,2387,0,0,0,2387,A
4-HA,1014,0,2349,0,0,2349,T
4-HA,1015,0,1,2398,0,2399,G
4-HA,1016,0,2375,0,2,2377,T
4-HA,1017,2371,1,3,0,2375,A
4-HA,1018,1,0,0,2367,2368,C
4-HA,1019,6,0,0,2359,2365,C
4-HA,1020,2340,1,0,0,2341,A
4-HA,1021,0,2,2343,0,2345,G
4-HA,1022,2301,0,0,0,2301,A
4-HA,1023,0,3,2315,0,2318,G
4-HA,1024,2280,1,0,0,2281,A
4-HA,1025,2275,0,1,0,2276,A
4-HA,1026,2274,0,2,0,2276,A
4-HA,1027,1,0,0,2276,2277,C
4-HA,1028,2274,0,0,0,2274,A
4-HA,1029,2302,0,1,0,2303,A
4-HA,1030,2291,0,1,0,2292,A
4-HA,1031,1,0,0,2318,2319,C
4-HA,1032,0,2295,0,6,2301,T
4-HA,1033,2281,0,0,0,2281,A
4-HA,1034,0,6,2273,0,2279,G
4-HA,1035,2269,0,1,0,2270,A
4-HA,1036,0,6,2327,0,2333,G
4-HA,1037,4,0,2304,0,2308,G
4-HA,1038,1,0,0,2263,2264,C
4-HA,1039,2281,0,1,0,2282,A
4-HA,1040,0,2294,0,1,2295,T
4-HA,1041,2324,0,0,0,2324,A
4-HA,1042,0,2307,0,0,2307,T
4-HA,1043,0,2306,0,1,2307,T
4-HA,1044,0,2306,0,0,2306,T
4-HA,1045,10,5,2238,0,2253,G
4-HA,1046,1,0,2246,0,2247,G
4-HA,1047,1,0,0,2230,2231,C
4-HA,1048,3,0,2248,0,2251,G
4-HA,1049,1,0,0,2220,2221,C
4-HA,1050,2208,0,0,0,2208,A
4-HA,1051,2223,0,0,0,2223,A
4-HA,1052,0,2211,0,0,2211,T
4-HA,1053,3,1,0,2233,2237,C
4-HA,1054,0,0,2228,1,2229,G
4-HA,1055,0,1,0,2224,2225,C
4-HA,1056,0,7,2224,0,2231,G
4-HA,1057,1,3,2239,0,2243,G
4-HA,1058,0,1,2252,0,2253,G
4-HA,1059,0,2225,0,2,2227,T
4-HA,1060,0,2223,0,0,2223,T
4-HA,1061,0,2228,1,4,2233,T
4-HA,1062,5,0,0,2233,2238,C
4-HA,1063,2244,0,0,0,2244,A
4-HA,1064,0,2245,0,2,2247,T
4-HA,1065,2246,0,0,0,2246,A
4-HA,1066,0,0,2264,0,2264,G
4-HA,1067,2214,0,1,1,2216,A
4-HA,1068,2227,0,0,0,2227,A
4-HA,1069,2213,0,1,0,2214,A
4-HA,1070,2228,0,1,0,2229,A
4-HA,1071,0,2225,0,1,2226,T
4-HA,1072,0,5,2256,0,2261,G
4-HA,1073,0,1,2279,0,2280,G
4-HA,1074,0,2254,0,1,2255,T
4-HA,1075,0,2224,0,0,2224,T
4-HA,1076,1,3,2220,0,2224,G
4-HA,1077,3,4,2225,0,2232,G
4-HA,1078,1,3,2233,0,2237,G
4-HA,1079,2210,0,2,0,2212,A
4-HA,1080,2,4,2227,0,2233,G
4-HA,1081,0,2,2219,0,2221,G
4-HA,1082,0,2,2242,0,2244,G
4-HA,1083,2230,0,1,0,2231,A
4-HA,1084,2259,0,2,0,2261,A
4-HA,1085,0,2259,0,0,2259,T
4-HA,1086,1,3,2265,0,2269,G
4-HA,1087,2,0,2302,0,2304,G
4-HA,1088,0,2258,0,0,2258,T
4-HA,1089,3,4,2275,0,2282,G
4-HA,1090,0,0,2263,0,2263,G
4-HA,1091,2214,0,2,0,2216,A
4-HA,1092,0,2228,0,0,2228,T
4-HA,1093,11,3,2268,0,2282,G
4-HA,1094,2,1,2305,0,2308,G
4-HA,1095,0,2258,0,2,2260,T
4-HA,1096,1,2217,0,1,2219,T
4-HA,1097,0,5,2212,1,2218,G
4-HA,1098,1,0,2240,1,2242,G
4-HA,1099,1,2214,0,0,2215,T
4-HA,1100,2230,0,0,0,2230,A
4-HA,1101,0,0,0,2130,2130,C
4-HA,1102,0,4,2149,0,2153,G
4-HA,1103,1,1,2230,0,2232,G
4-HA,1104,0,2233,0,0,2233,T
4-HA,1105,0,2237,0,0,2237,T
4-HA,1106,0,2223,0,0,2223,T
4-HA,1107,7,0,0,2195,2202,C
4-HA,1108,2190,0,4,1,2195,A
4-HA,1109,0,2,2190,0,2192,G
4-HA,1110,1,0,2184,0,2185,G
4-HA,1111,1,0,0,2180,2181,C
4-HA,1112,2115,0,1,1,2117,A
4-HA,1113,2,2126,0,2,2130,T
4-HA,1114,2,0,0,2145,2147,C
4-HA,1115,2150,0,2,0,2152,A
4-HA,1116,2139,7,0,0,2146,A
4-HA,1117,2153,1,2,0,2156,A
4-HA,1118,2165,0,0,0,2165,A
4-HA,1119,0,2159,0,0,2159,T
4-HA,1120,1,2152,0,0,2153,T
4-HA,1121,3,0,0,2164,2167,C
4-HA,1122,0,2154,0,0,2154,T
4-HA,1123,0,1,2158,0,2159,G
4-HA,1124,2136,1,2,0,2139,A
4-HA,1125,0,7,2146,0,2153,G
4-HA,1126,1,3,2142,0,2146,G
4-HA,1127,1,4,2166,0,2171,G
4-HA,1128,2161,0,1,0,2162,A
4-HA,1129,2163,0,1,3,2167,A
4-HA,1130,2,2,2149,0,2153,G
4-HA,1131,2174,0,1,0,2175,A
4-HA,1132,1,1,2186,0,2188,G
4-HA,1133,0,2,2201,0,2203,G
4-HA,1134,2197,0,3,0,2200,A
4-HA,1135,1,0,0,2200,2201,C
4-HA,1136,2195,0,1,0,2196,A
4-HA,1137,2195,0,2,0,2197,A
4-HA,1138,0,1,2197,0,2198,G
4-HA,1139,2,0,0,2188,2190,C
4-HA,1140,2173,0,0,0,2173,A
4-HA,1141,0,2,2166,1,2169,G
4-HA,1142,1,0,0,2154,2155,C
4-HA,1143,2158,0,1,0,2159,A
4-HA,1144,1,2,2180,0,2183,G
4-HA,1145,2160,0,0,0,2160,A
4-HA,1146,0,2222,0,0,2222,T
4-HA,1147,1,0,0,2250,2251,C
4-HA,1148,1,2217,0,4,2222,T
4-HA,1149,4,0,0,2249,2253,C
4-HA,1150,2256,0,0,0,2256,A
4-HA,1151,2252,0,0,0,2252,A
4-HA,1152,2252,0,1,0,2253,A
4-HA,1153,2196,0,17,0,2213,A
4-HA,1154,0,0,2219,0,2219,G
4-HA,1155,1,0,0,2184,2185,C
4-HA,1156,2182,0,0,0,2182,A
4-HA,1157,0,0,0,2229,2229,C
4-HA,1158,0,2206,0,1,2207,T
4-HA,1159,5,1,0,2209,2215,C
4-HA,1160,2221,0,0,0,2221,A
4-HA,1161,2269,0,2,0,2271,A
4-HA,1162,2,0,2267,0,2269,G
4-HA,1163,3,0,0,2258,2261,C
4-HA,1164,2252,0,1,0,2253,A
4-HA,1165,0,1,2245,0,2246,G
4-HA,1166,0,0,0,2224,2224,C
4-HA,1167,2215,0,0,0,2215,A
4-HA,1168,2220,0,0,0,2220,A
4-HA,1169,1,2192,0,0,2193,T
4-HA,1170,7,1,0,2158,2166,C
4-HA,1171,3,10,2165,0,2178,G
4-HA,1172,2163,0,0,0,2163,A
4-HA,1173,0,2154,0,2,2156,T
4-HA,1174,6,0,0,2146,2152,C
4-HA,1175,2154,0,0,0,2154,A
4-HA,1176,2203,0,0,0,2203,A
4-HA,1177,2200,0,0,0,2200,A
4-HA,1178,0,2188,0,0,2188,T
4-HA,1179,7,0,0,2209,2216,C
4-HA,1180,2183,0,1,0,2184,A
4-HA,1181,2201,0,0,0,2201,A
4-HA,1182,1,2197,0,1,2199,T
4-HA,1183,0,9,2189,0,2198,G
4-HA,1184,0,0,2196,0,2196,G
4-HA,1185,0,3,2159,0,2162,G
4-HA,1186,2164,0,0,0,2164,A
4-HA,1187,2166,0,1,0,2167,A
4-HA,1188,0,1,2195,0,2196,G
4-HA,1189,0,0,1,2194,2195,C
4-HA,1190,0,2196,1,0,2197,T
4-HA,1191,0,7,2296,0,2303,G
4-HA,1192,2297,0,1,0,2298,A
4-HA,1193,2299,0,1,0,2300,A
4-HA,1194,0,2294,0,1,2295,T
4-HA,1195,2247,0,0,0,2247,A
4-HA,1196,0,2,2239,0,2241,G
4-HA,1197,2101,0,1,0,2102,A
4-HA,1198,0,2096,0,0,2096,T
4-HA,1199,0,2117,0,0,2117,T
4-HA,1200,0,10,2108,0,2118,G
4-HA,1201,2112,0,0,0,2112,A
4-HA,1202,1,2096,0,0,2097,T
4-HA,1203,4,1,0,2101,2106,C
4-HA,1204,2,2,2106,0,2110,G
4-HA,1205,12,1,2086,0,2099,G
4-HA,1206,0,2,2112,0,2114,G
4-HA,1207,2110,0,2,0,2112,A
4-HA,1208,2115,0,0,0,2115,A
4-HA,1209,2079,0,1,0,2080,A
4-HA,1210,2080,0,1,0,2081,A
4-HA,1211,2,0,0,2088,2090,C
4-HA,1212,6,0,0,2084,2090,C
4-HA,1213,2079,0,0,0,2079,A
4-HA,1214,2064,0,1,0,2065,A
4-HA,1215,1,1,0,2070,2072,C
4-HA,1216,3,6,2077,0,2086,G
4-HA,1217,2076,0,0,0,2076,A
4-HA,1218,0,2,2072,1,2075,G
4-HA,1219,2068,1,0,0,2069,A
4-HA,1220,2061,0,0,0,2061,A
4-HA,1221,2064,0,0,0,2064,A
4-HA,1222,0,2052,0,0,2052,T
4-HA,1223,1,2045,0,1,2047,T
4-HA,1224,7,0,0,2070,2077,C
4-HA,1225,2,0,0,2071,2073,C
4-HA,1226,2070,0,1,0,2071,A
4-HA,1227,0,2052,1,1,2054,T
4-HA,1228,1,0,1,2065,2067,C
4-HA,1229,2045,0,0,0,2045,A
4-HA,1230,0,0,2063,0,2063,G
4-HA,1231,2033,1,0,0,2034,A
4-HA,1232,1,2033,0,2,2036,T
4-HA,1233,0,2036,0,1,2037,T
4-HA,1234,0,3,2050,0,2053,G
4-HA,1235,2051,0,0,0,2051,A
4-HA,1236,2049,0,1,0,2050,A
4-HA,1237,2051,0,2,0,2053,A
4-HA,1238,2059,0,0,0,2059,A
4-HA,1239,2030,0,0,0,2030,A
4-HA,1240,0,3,2017,0,2020,G
4-HA,1241,2012,0,0,1,2013,A
4-HA,1242,2019,0,0,0,2019,A
4-HA,1243,1,1961,0,3,1965,T
4-HA,1244,0,1972,0,1,1973,T
4-HA,1245,2,0,0,1983,1985,C
4-HA,1246,0,1985,0,2,1987,T
4-HA,1247,6,0,0,1980,1986,C
4-HA,1248,1982,0,0,0,1982,A
4-HA,1249,0,0,1986,0,1986,G
4-HA,1250,1966,0,1,0,1967,A
4-HA,1251,1957,0,0,0,1957,A
4-HA,1252,0,0,1980,0,1980,G
4-HA,1253,0,1934,0,0,1934,T
4-HA,1254,6,1,0,1951,1958,C
4-HA,1255,0,1,1965,0,1966,G
4-HA,1256,1957,0,1,0,1958,A
4-HA,1257,1959,1,3,0,1963,A
4-HA,1258,0,4,1959,0,1963,G
4-HA,1259,1,2,1969,0,1972,G
4-HA,1260,10,3,1953,0,1966,G
4-HA,1261,1930,0,3,0,1933,A
4-HA,1262,0,4,1936,0,1940,G
4-HA,1263,1941,0,0,0,1941,A
4-HA,1264,2043,0,0,0,2043,A
4-HA,1265,0,2028,1,0,2029,T
4-HA,1266,0,2029,0,1,2030,T
4-HA,1267,5,0,0,2032,2037,C
4-HA,1268,1993,1,3,1,1998,A
4-HA,1269,1,3,1991,0,1995,G
4-HA,1270,0,6,1984,0,1990,G
4-HA,1271,1975,0,1,0,1976,A
4-HA,1272,0,0,0,1982,1982,C
4-HA,1273,4,1,0,1812,1817,C
4-HA,1274,0,1809,0,0,1809,T
4-HA,1275,0,1765,0,48,1813,T
4-HA,1276,0,7,1823,0,1830,G
4-HA,1277,1818,0,1,0,1819,A
4-HA,1278,0,3,1863,0,1866,G
4-HA,1279,1838,0,1,0,1839,A
4-HA,1280,1744,0,0,0,1744,A
4-HA,1281,1734,0,1,0,1735,A
4-HA,1282,0,1706,0,0,1706,T
4-HA,1283,1748,1,0,0,1749,A
4-HA,1284,0,1725,0,0,1725,T
4-HA,1285,0,2,1743,0,1745,G
4-HA,1286,0,1735,0,0,1735,T
4-HA,1287,0,1689,0,0,1689,T
4-HA,1288,0,4,1681,0,1685,G
4-HA,1289,1670,1,1,0,1672,A
4-HA,1290,1,1,1694,0,1696,G
4-HA,1291,0,8,1670,0,1678,G
4-HA,1292,1650,0,1,0,1651,A
4-HA,1293,0,0,0,1690,1690,C
4-HA,1294,1657,0,1,1,1659,A
4-HA,1295,0,1,0,1711,1712,C
4-HA,1296,3,1,0,1713,1717,C
4-HA,1297,1724,0,0,0,1724,A
4-HA,1298,1763,0,0,0,1763,A
4-HA,1299,1761,0,0,0,1761,A
4-HA,1300,1781,0,0,0,1781,A
4-HA,1301,0,1771,1,0,1772,T
4-HA,1302,1722,0,1,0,1723,A
4-HA,1303,0,2,1722,0,1724,G
4-HA,1304,1685,0,1,0,1686,A
4-HA,1305,0,1704,0,1,1705,T
4-HA,1306,2,0,0,1713,1715,C
4-HA,1307,0,1672,0,0,1672,T
4-HA,1308,1,0,0,1709,1710,C
4-HA,1309,0,1706,0,1,1707,T
4-HA,1310,0,4,1733,0,1737,G
4-HA,1311,1,2,1767,0,1770,G
4-HA,1312,0,1756,0,2,1758,T
4-HA,1313,5,0,0,1779,1784,C
4-HA,1314,1786,0,0,0,1786,A
4-HA,1315,0,1799,0,0,1799,T
4-HA,1316,1794,0,0,1,1795,A
4-HA,1317,0,0,0,1794,1794,C
4-HA,1318,1736,0,0,0,1736,A
4-HA,1319,1746,0,0,0,1746,A
4-HA,1320,0,2,0,1695,1697,C
4-HA,1321,0,1,1688,0,1689,G
4-HA,1322,0,1,0,1688,1689,C
4-HA,1323,0,1,1675,0,1676,G
4-HA,1324,0,5,1672,0,1677,G
4-HA,1325,1665,0,6,0,1671,A
4-HA,1326,0,0,1697,0,1697,G
4-HA,1327,0,0,0,1693,1693,C
4-HA,1328,0,1676,0,1,1677,T
4-HA,1329,1,1686,0,2,1689,T
4-HA,1330,1,0,0,1693,1694,C
4-HA,1331,0,1694,0,1,1695,T
4-HA,1332,0,1696,1,0,1697,T
4-HA,1333,10,0,1676,0,1686,G
4-HA,1334,0,1678,0,4,1682,T
4-HA,1335,0,1648,0,0,1648,T
4-HA,1336,0,1,1670,1,1672,G
4-HA,1337,0,1,0,1668,1669,C
4-HA,1338,3,0,0,1661,1664,C
4-HA,1339,3,2,0,1670,1675,C
4-HA,1340,0,1669,0,5,1674,T
4-HA,1341,1,4,1693,0,1698,G
4-HA,1342,1,6,1687,0,1694,G
4-HA,1343,1693,0,0,0,1693,A
4-HA,1344,0,6,1700,0,1706,G
4-HA,1345,1674,0,0,0,1674,A
4-HA,1346,1678,0,6,0,1684,A
4-HA,1347,0,1,0,1709,1710,C
4-HA,1348,2,0,1,1711,1714,C
4-HA,1349,1708,1,1,0,1710,A
4-HA,1350,1802,0,0,0,1802,A
4-HA,1351,2,0,0,1825,1827,C
4-HA,1352,1833,0,0,0,1833,A
4-HA,1353,0,1826,0,1,1827,T
4-HA,1354,1818,0,0,0,1818,A
4-HA,1355,0,1,0,1844,1845,C
4-HA,1356,1801,0,0,0,1801,A
4-HA,1357,1802,0,1,0,1803,A
4-HA,1358,0,1799,0,0,1799,T
4-HA,1359,0,1733,0,0,1733,T
4-HA,1360,0,10,1739,0,1749,G
4-HA,1361,1752,0,1,0,1753,A
4-HA,1362,0,1749,0,2,1751,T
4-HA,1363,2,0,0,1758,1760,C
4-HA,1364,0,1720,0,0,1720,T
4-HA,1365,1734,0,0,0,1734,A
4-HA,1366,1727,1,1,0,1729,A
4-HA,1367,0,0,0,1733,1733,C
4-HA,1368,0,1719,0,0,1719,T
4-HA,1369,0,7,1708,0,1715,G
4-HA,1370,1714,0,2,0,1716,A
4-HA,1371,1,0,0,1712,1713,C
4-HA,1372,0,1704,0,3,1707,T
4-HA,1373,2,0,1,1712,1715,C
4-HA,1374,1702,0,0,0,1702,A
4-HA,1375,0,4,1739,0,1743,G
4-HA,1376,1736,0,1,0,1737,A
4-HA,1377,1738,0,0,0,1738,A
4-HA,1378,1741,0,0,0,1741,A
4-HA,1379,0,1724,0,0,1724,T
4-HA,1380,0,8,1733,0,1741,G
4-HA,1381,1736,0,0,0,1736,A
4-HA,1382,1742,1,0,0,1743,A
4-HA,1383,0,0,0,1744,1744,C
4-HA,1384,1714,0,0,0,1714,A
4-HA,1385,1718,0,0,0,1718,A
4-HA,1386,1713,0,0,0,1713,A
4-HA,1387,1,0,0,1715,1716,C
4-HA,1388,0,1696,0,0,1696,T
4-HA,1389,0,11,1693,0,1704,G
4-HA,1390,0,1682,0,0,1682,T
4-HA,1391,0,1691,0,0,1691,T
4-HA,1392,0,1695,0,0,1695,T
4-HA,1393,0,7,1687,0,1694,G
4-HA,1394,1687,0,0,0,1687,A
4-HA,1395,1694,0,0,0,1694,A
4-HA,1396,1687,0,0,0,1687,A
4-HA,1397,1685,0,0,0,1685,A
4-HA,1398,1673,0,0,0,1673,A
4-HA,1399,1666,1,12,1,1680,A
4-HA,1400,0,0,0,1681,1681,C
4-HA,1401,1686,0,0,0,1686,A
4-HA,1402,1688,0,1,0,1689,A
4-HA,1403,1689,0,0,0,1689,A
4-HA,1404,0,2,1686,0,1688,G
4-HA,1405,1695,0,3,0,1698,A
4-HA,1406,1675,0,2,0,1677,A
4-HA,1407,0,0,1691,0,1691,G
4-HA,1408,0,0,0,1693,1693,C
4-HA,1409,1700,0,0,0,1700,A
4-HA,1410,1702,0,0,0,1702,A
4-HA,1411,0,0,0,1691,1691,C
4-HA,1412,0,1687,0,0,1687,T
4-HA,1413,0,4,1701,0,1705,G
4-HA,1414,1688,1,0,0,1689,A
4-HA,1415,0,4,1707,0,1711,G
4-HA,1416,0,3,1716,0,1719,G
4-HA,1417,0,2,1719,0,1721,G
4-HA,1418,1724,0,2,0,1726,A
4-HA,1419,1710,0,0,0,1710,A
4-HA,1420,1704,0,0,0,1704,A
4-HA,1421,1718,0,0,0,1718,A
4-HA,1422,0,1712,0,1,1713,T
4-HA,1423,1,2,1722,0,1725,G
4-HA,1424,0,1,0,1726,1727,C
4-HA,1425,0,1700,0,0,1700,T
4-HA,1426,1,6,1707,0,1714,G
4-HA,1427,1709,0,0,0,1709,A
4-HA,1428,0,3,1773,0,1776,G
4-HA,1429,1,2,1815,0,1818,G
4-HA,1430,1787,0,0,0,1787,A
4-HA,1431,0,1783,0,0,1783,T
4-HA,1432,1769,0,0,0,1769,A
4-HA,1433,1,1758,0,1,1760,T
4-HA,1434,1,6,1778,0,1785,G
4-HA,1435,0,3,1797,0,1800,G
4-HA,1436,1,0,1787,0,1788,G
4-HA,1437,0,0,0,1707,1707,C
4-HA,1438,1663,0,0,0,1663,A
4-HA,1439,1660,0,0,0,1660,A
4-HA,1440,0,1652,0,0,1652,T
4-HA,1441,0,3,1669,0,1672,G
4-HA,1442,0,0,1665,0,1665,G
4-HA,1443,0,1638,0,0,1638,T
4-HA,1444,0,1605,0,0,1605,T
4-HA,1445,7,0,1614,0,1621,G
4-HA,1446,0,1645,0,1,1646,T
4-HA,1447,0,1643,0,0,1643,T
4-HA,1448,0,1646,0,1,1647,T
4-HA,1449,3,0,0,1644,1647,C
4-HA,1450,1649,0,1,0,1650,A
4-HA,1451,1650,0,0,0,1650,A
4-HA,1452,1653,0,0,0,1653,A
4-HA,1453,1680,0,0,0,1680,A
4-HA,1454,0,1662,0,0,1662,T
4-HA,1455,1642,0,0,0,1642,A
4-HA,1456,0,1647,0,0,1647,T
4-HA,1457,1634,0,0,0,1634,A
4-HA,1458,1,0,0,1654,1655,C
4-HA,1459,3,0,0,1640,1643,C
4-HA,1460,1644,0,0,0,1644,A
4-HA,1461,0,0,0,1656,1656,C
4-HA,1462,1660,0,0,0,1660,A
4-HA,1463,1666,0,0,0,1666,A
4-HA,1464,1646,0,12,0,1658,A
4-HA,1465,0,1660,0,0,1660,T
4-HA,1466,0,0,1669,0,1669,G
4-HA,1467,0,1636,0,1,1637,T
4-HA,1468,1,2,1660,0,1663,G
4-HA,1469,1659,0,2,0,1661,A
4-HA,1470,0,0,0,1664,1664,C
4-HA,1471,1641,0,0,0,1641,A
4-HA,1472,1638,0,0,0,1638,A
4-HA,1473,0,1645,1,9,1655,T
4-HA,1474,1,0,1676,0,1677,G
4-HA,1475,1,1,0,1649,1651,C
4-HA,1476,3,0,0,1668,1671,C
4-HA,1477,0,1667,0,0,1667,T
4-HA,1478,0,0,1749,0,1749,G
4-HA,1479,0,0,0,1748,1748,C
4-HA,1480,1748,0,0,0,1748,A
4-HA,1481,0,1751,0,0,1751,T
4-HA,1482,1676,0,2,0,1678,A
4-HA,1483,0,3,1671,0,1674,G
4-HA,1484,2,5,1660,0,1667,G
4-HA,1485,1659,1,1,0,1661,A
4-HA,1486,0,1653,0,0,1653,T
4-HA,1487,5,0,0,1556,1561,C
4-HA,1488,1558,1,0,0,1559,A
4-HA,1489,1561,0,0,0,1561,A
4-HA,1490,0,1554,0,1,1555,T
4-HA,1491,1,0,0,1561,1562,C
4-HA,1492,1542,0,0,0,1542,A
4-HA,1493,0,4,1539,0,1543,G
4-HA,1494,1547,0,0,0,1547,A
4-HA,1495,1550,0,0,0,1550,A
4-HA,1496,1544,0,1,0,1545,A
4-HA,1497,0,1531,0,0,1531,T
4-HA,1498,0,3,1521,0,1524,G
4-HA,1499,0,4,1526,0,1530,G
4-HA,1500,1526,0,1,0,1527,A
4-HA,1501,1537,0,1,0,1538,A
4-HA,1502,1,0,0,1547,1548,C
4-HA,1503,0,1532,0,2,1534,T
4-HA,1504,0,1542,0,0,1542,T
4-HA,1505,1541,0,0,0,1541,A
4-HA,1506,0,1536,0,0,1536,T
4-HA,1507,0,8,1533,0,1541,G
4-HA,1508,1528,0,2,0,1530,A
4-HA,1509,1,1,0,1528,1530,C
4-HA,1510,3,0,0,1513,1516,C
4-HA,1511,1517,0,0,0,1517,A
4-HA,1512,0,0,0,1557,1557,C
4-HA,1513,0,2,1610,0,1612,G
4-HA,1514,1643,0,0,0,1643,A
4-HA,1515,0,1646,0,0,1646,T
4-HA,1516,0,0,1696,0,1696,G
4-HA,1517,0,1675,0,0,1675,T
4-HA,1518,1744,0,0,0,1744,A
4-HA,1519,0,1749,0,1,1750,T
4-HA,1520,1745,0,0,0,1745,A
4-HA,1521,0,0,0,1737,1737,C
4-HA,1522,1566,0,0,0,1566,A
4-HA,1523,0,3,1577,0,1580,G
4-HA,1524,1479,0,0,0,1479,A
4-HA,1525,0,1,1433,0,1434,G
4-HA,1526,1429,0,0,0,1429,A
4-HA,1527,0,1304,1,0,1305,T
4-HA,1528,1,5,1299,0,1305,G
4-HA,1529,1299,0,1,0,1300,A
4-HA,1530,1294,0,4,0,1298,A
4-HA,1531,9,0,1319,0,1328,G
4-HA,1532,1,0,0,1298,1299,C
4-HA,1533,1294,0,0,0,1294,A
4-HA,1534,0,1293,0,1,1294,T
4-HA,1535,0,1283,0,1,1284,T
4-HA,1536,1293,0,0,0,1293,A
4-HA,1537,1289,0,0,0,1289,A
4-HA,1538,1291,0,0,1,1292,A
4-HA,1539,0,0,0,1295,1295,C
4-HA,1540,1243,0,0,0,1243,A
4-HA,1541,1238,0,0,0,1238,A
4-HA,1542,0,0,0,1243,1243,C
4-HA,1543,4,0,0,1239,1243,C
4-HA,1544,2,1,1233,0,1236,G
4-HA,1545,0,0,1260,0,1260,G
4-HA,1546,0,1265,0,0,1265,T
4-HA,1547,0,1252,0,0,1252,T
4-HA,1548,4,0,0,1256,1260,C
4-HA,1549,1,0,0,1263,1264,C
4-HA,1550,1254,0,1,0,1255,A
4-HA,1551,0,0,1266,0,1266,G
4-HA,1552,1265,0,1,0,1266,A
4-HA,1553,0,1258,0,0,1258,T
4-HA,1554,5,0,0,1211,1216,C
4-HA,1555,1199,0,1,0,1200,A
4-HA,1556,1204,0,1,0,1205,A
4-HA,1557,0,3,1205,0,1208,G
4-HA,1558,0,1,1197,0,1198,G
4-HA,1559,2,2,1193,0,1197,G
4-HA,1560,1154,0,0,0,1154,A
4-HA,1561,0,0,1163,0,1163,G
4-HA,1562,0,1166,0,0,1166,T
4-HA,1563,0,1164,0,0,1164,T
4-HA,1564,0,4,1172,0,1176,G
4-HA,1565,1169,0,1,0,1170,A
4-HA,1566,0,0,1175,0,1175,G
4-HA,1567,0,0,0,1174,1174,C
4-HA,1568,0,1159,0,4,1163,T
4-HA,1569,0,0,1164,0,1164,G
4-HA,1570,1160,0,0,0,1160,A
4-HA,1571,1161,0,2,0,1163,A
4-HA,1572,0,0,1167,0,1167,G
4-HA,1573,0,1133,0,0,1133,T
4-HA,1574,3,0,0,1136,1139,C
4-HA,1575,1122,0,0,0,1122,A
4-HA,1576,0,1,1123,0,1124,G
4-HA,1577,0,3,1113,0,1116,G
4-HA,1578,0,0,1089,0,1089,G
4-HA,1579,0,1135,0,1,1136,T
4-HA,1580,1136,0,0,0,1136,A
4-HA,1581,0,0,0,1143,1143,C
4-HA,1582,1143,0,0,0,1143,A
4-HA,1583,1141,0,0,0,1141,A
4-HA,1584,1138,0,0,0,1138,A
4-HA,1585,8,0,1143,0,1151,G
4-HA,1586,1116,0,0,0,1116,A
4-HA,1587,0,1074,0,6,1080,T
4-HA,1588,0,1062,0,1,1063,T
4-HA,1589,6,2,1054,0,1062,G
4-HA,1590,0,1,1060,0,1061,G
4-HA,1591,1053,0,0,0,1053,A
4-HA,1592,0,1061,0,0,1061,T
4-HA,1593,2,0,0,1045,1047,C
4-HA,1594,0,0,0,1029,1029,C
4-HA,1595,0,1031,0,1,1032,T
4-HA,1596,1042,0,0,0,1042,A
4-HA,1597,0,1038,0,0,1038,T
4-HA,1598,0,2,1037,0,1039,G
4-HA,1599,0,1,1036,0,1037,G
4-HA,1600,1012,0,0,0,1012,A
4-HA,1601,0,1017,0,0,1017,T
4-HA,1602,0,995,0,1,996,T
4-HA,1603,0,996,0,0,996,T
4-HA,1604,3,0,0,990,993,C
4-HA,1605,2,0,0,993,995,C
4-HA,1606,0,975,0,0,975,T
4-HA,1607,0,976,0,0,976,T
4-HA,1608,0,965,0,0,965,T
4-HA,1609,2,0,966,0,968,G
4-HA,1610,1,0,0,965,966,C
4-HA,1611,3,0,0,968,971,C
4-HA,1612,954,0,1,0,955,A
4-HA,1613,0,947,0,2,949,T
4-HA,1614,965,0,0,0,965,A
4-HA,1615,0,962,0,0,962,T
4-HA,1616,2,0,0,951,953,C
4-HA,1617,958,0,0,0,958,A
4-HA,1618,0,937,0,0,937,T
4-HA,1619,0,0,945,0,945,G
4-HA,1620,0,931,0,0,931,T
4-HA,1621,0,919,0,0,919,T
4-HA,1622,0,918,0,0,918,T
4-HA,1623,0,882,0,0,882,T
4-HA,1624,0,880,0,0,880,T
4-HA,1625,0,877,0,0,877,T
4-HA,1626,5,0,878,0,883,G
4-HA,1627,0,0,0,870,870,C
4-HA,1628,0,855,0,0,855,T
4-HA,1629,0,861,0,0,861,T
4-HA,1630,0,854,0,0,854,T
4-HA,1631,0,0,868,0,868,G
4-HA,1632,0,864,0,1,865,T
4-HA,1633,0,0,871,0,871,G
4-HA,1634,0,873,0,0,873,T
4-HA,1635,0,864,0,0,864,T
4-HA,1636,0,0,867,0,867,G
4-HA,1637,0,0,0,859,859,C
4-HA,1638,0,845,1,3,849,T
4-HA,1639,0,860,0,1,861,T
4-HA,1640,0,818,0,0,818,T
4-HA,1641,1,1,822,0,824,G
4-HA,1642,0,820,0,0,820,T
4-HA,1643,0,813,0,1,814,T
4-HA,1644,0,0,824,0,824,G
4-HA,1645,0,1,794,0,795,G
4-HA,1646,0,0,793,0,793,G
4-HA,1647,0,0,801,0,801,G
4-HA,1648,0,781,0,1,782,T
4-HA,1649,0,766,0,0,766,T
4-HA,1650,6,1,0,748,755,C
4-HA,1651,742,0,0,0,742,A
4-HA,1652,0,737,0,0,737,T
4-HA,1653,4,0,0,749,753,C
4-HA,1654,753,0,0,0,753,A
4-HA,1655,0,724,0,0,724,T
4-HA,1656,0,0,717,0,717,G
4-HA,1657,0,705,0,1,706,T
4-HA,1658,0,2,700,0,702,G
4-HA,1659,0,0,680,0,680,G
4-HA,1660,2,0,671,0,673,G
4-HA,1661,0,1,0,655,656,C
4-HA,1662,2,0,0,646,648,C
4-HA,1663,0,620,0,1,621,T
4-HA,1664,0,0,619,0,619,G
4-HA,1665,0,0,0,614,614,C
4-HA,1666,2,0,0,616,618,C
4-HA,1667,622,0,0,0,622,A
4-HA,1668,614,0,0,0,614,A
4-HA,1669,614,0,0,0,614,A
4-HA,1670,612,0,0,0,612,A
4-HA,1671,613,0,0,0,613,A
4-HA,1672,0,1,611,0,612,G
4-HA,1673,0,1,585,0,586,G
4-HA,1674,0,0,0,570,570,C
4-HA,1675,572,0,0,0,572,A
4-HA,1676,577,0,0,0,577,A
4-HA,1677,0,0,0,579,579,C
4-HA,1678,579,0,0,0,579,A
4-HA,1679,0,576,0,0,576,T
4-HA,1680,0,574,0,0,574,T
4-HA,1681,547,0,1,0,548,A
4-HA,1682,0,1,546,0,547,G
4-HA,1683,0,0,542,0,542,G
4-HA,1684,0,528,0,1,529,T
4-HA,1685,0,0,494,0,494,G
4-HA,1686,0,0,3,469,472,C
4-HA,1687,468,0,0,0,468,A
4-HA,1688,461,0,0,0,461,A
4-HA,1689,0,0,0,467,467,C
4-HA,1690,464,0,0,0,464,A
4-HA,1691,0,450,0,0,450,T
4-HA,1692,0,418,0,0,418,T
4-HA,1693,0,418,0,0,418,T
4-HA,1694,0,0,420,0,420,G
4-HA,1695,1,0,3,408,412,C
4-HA,1696,408,0,0,0,408,A
4-HA,1697,0,375,0,0,375,T
4-HA,1698,0,365,0,0,365,T
4-HA,1699,0,357,0,0,357,T
4-HA,1700,0,0,357,0,357,G
4-HA,1701,336,0,0,0,336,A
5-NP,1,71,0,0,0,71,A
5-NP,2,0,72,0,0,72,T
5-NP,3,0,0,73,0,73,G
5-NP,4,0,0,72,0,72,G
5-NP,5,0,0,0,73,73,C
5-NP,6,0,0,72,0,72,G
5-NP,7,0,77,0,0,77,T
5-NP,8,0,0,0,79,79,C
5-NP,9,0,0,0,81,81,C
5-NP,10,0,0,0,82,82,C
5-NP,11,79,0,0,0,79,A
5-NP,12,80,0,0,0,80,A
5-NP,13,0,0,79,0,79,G
5-NP,14,0,0,82,0,82,G
5-NP,15,0,0,0,84,84,C
5-NP,16,85,0,0,0,85,A
5-NP,17,0,0,0,87,87,C
5-NP,18,0,0,0,86,86,C
5-NP,19,85,0,0,0,85,A
5-NP,20,86,0,0,0,86,A
5-NP,21,87,0,0,0,87,A
5-NP,22,0,0,0,86,86,C
5-NP,23,0,0,88,0,88,G
5-NP,24,0,0,92,0,92,G
5-NP,25,0,92,0,0,92,T
5-NP,26,1,0,0,100,101,C
5-NP,27,0,102,0,0,102,T
5-NP,28,0,105,0,0,105,T
5-NP,29,105,0,0,0,105,A
5-NP,30,0,104,0,0,104,T
5-NP,31,0,0,106,0,106,G
5-NP,32,106,0,0,0,106,A
5-NP,33,105,1,0,0,106,A
5-NP,34,1,0,0,106,107,C
5-NP,35,105,0,0,0,105,A
5-NP,36,0,0,110,0,110,G
5-NP,37,107,0,0,0,107,A
5-NP,38,0,109,0,0,109,T
5-NP,39,0,0,109,0,109,G
5-NP,40,0,0,107,0,107,G
5-NP,41,111,0,0,0,111,A
5-NP,42,112,0,0,0,112,A
5-NP,43,113,0,0,0,113,A
5-NP,44,0,0,0,112,112,C
5-NP,45,0,112,0,0,112,T
5-NP,46,0,0,112,0,112,G
5-NP,47,110,0,0,0,110,A
5-NP,48,0,113,0,0,113,T
5-NP,49,0,0,111,0,111,G
5-NP,50,0,0,111,0,111,G
5-NP,51,1,0,112,0,113,G
5-NP,52,0,0,112,0,112,G
5-NP,53,111,0,0,0,111,A
5-NP,54,0,111,0,0,111,T
5-NP,55,0,0,0,112,112,C
5-NP,56,0,0,113,0,113,G
5-NP,57,0,0,0,112,112,C
5-NP,58,0,0,0,114,114,C
5-NP,59,113,0,0,0,113,A
5-NP,60,0,1,114,0,115,G
5-NP,61,117,0,0,0,117,A
5-NP,62,120,0,0,0,120,A
5-NP,63,0,120,0,0,120,T
5-NP,64,0,0,119,0,119,G
5-NP,65,0,0,0,122,122,C
5-NP,66,122,0,0,0,122,A
5-NP,67,122,0,0,0,122,A
5-NP,68,0,0,0,121,121,C
5-NP,69,0,121,0,0,121,T
5-NP,70,0,0,123,0,123,G
5-NP,71,125,0,0,0,125,A
5-NP,72,0,1,133,0,134,G
5-NP,73,133,0,0,0,133,A
5-NP,74,0,131,0,0,131,T
5-NP,75,0,132,0,0,132,T
5-NP,76,125,1,3,0,129,A
5-NP,77,0,0,129,0,129,G
5-NP,78,0,3,126,0,129,G
5-NP,79,0,0,129,0,129,G
5-NP,80,0,0,0,131,131,C
5-NP,81,128,0,0,0,128,A
5-NP,82,0,129,0,0,129,T
5-NP,83,0,0,0,127,127,C
5-NP,84,0,0,0,128,128,C
5-NP,85,0,0,132,0,132,G
5-NP,86,0,129,0,0,129,T
5-NP,87,1,0,0,132,133,C
5-NP,88,0,0,130,0,130,G
5-NP,89,1,0,132,0,133,G
5-NP,90,0,0,133,0,133,G
5-NP,91,131,0,0,0,131,A
5-NP,92,136,0,0,0,136,A
5-NP,93,0,0,138,0,138,G
5-NP,94,133,0,0,0,133,A
5-NP,95,0,135,0,0,135,T
5-NP,96,0,0,136,0,136,G
5-NP,97,135,0,0,0,135,A
5-NP,98,0,135,0,0,135,T
5-NP,99,0,137,0,0,137,T
5-NP,100,0,0,136,0,136,G
5-NP,101,137,0,0,0,137,A
5-NP,102,0,134,0,1,135,T
5-NP,103,0,0,135,0,135,G
5-NP,104,0,0,135,0,135,G
5-NP,105,137,0,0,0,137,A
5-NP,106,138,0,0,0,138,A
5-NP,107,0,136,0,0,136,T
5-NP,108,0,137,0,0,137,T
5-NP,109,0,0,135,0,135,G
5-NP,110,0,0,135,0,135,G
5-NP,111,1,1,135,0,137,G
5-NP,112,133,0,0,0,133,A
5-NP,113,0,1,138,0,139,G
5-NP,114,136,0,0,0,136,A
5-NP,115,0,140,0,0,140,T
5-NP,116,0,140,0,0,140,T
5-NP,117,1,0,0,138,139,C
5-NP,118,0,139,0,0,139,T
5-NP,119,139,0,0,0,139,A
5-NP,120,0,0,0,139,139,C
5-NP,121,141,0,0,0,141,A
5-NP,122,0,142,0,0,142,T
5-NP,123,0,0,0,143,143,C
5-NP,124,0,0,0,143,143,C
5-NP,125,143,0,0,0,143,A
5-NP,126,147,0,0,0,147,A
5-NP,127,148,0,0,0,148,A
5-NP,128,0,146,0,0,146,T
5-NP,129,0,0,151,0,151,G
5-NP,130,0,145,0,0,145,T
5-NP,131,0,0,149,0,149,G
5-NP,132,0,0,0,146,146,C
5-NP,133,150,0,0,0,150,A
5-NP,134,0,0,0,150,150,C
5-NP,135,0,149,0,0,149,T
5-NP,136,0,1,158,0,159,G
5-NP,137,160,0,0,0,160,A
5-NP,138,163,0,0,0,163,A
5-NP,139,0,0,0,164,164,C
5-NP,140,0,161,0,0,161,T
5-NP,141,0,162,0,0,162,T
5-NP,142,160,0,0,0,160,A
5-NP,143,161,0,0,0,161,A
5-NP,144,162,0,0,0,162,A
5-NP,145,0,0,0,163,163,C
5-NP,146,0,156,0,0,156,T
5-NP,147,0,0,0,158,158,C
5-NP,148,156,0,0,0,156,A
5-NP,149,0,1,159,0,160,G
5-NP,150,0,160,0,0,160,T
5-NP,151,0,1,162,0,163,G
5-NP,152,165,0,0,0,165,A
5-NP,153,0,168,0,0,168,T
5-NP,154,0,0,0,171,171,C
5-NP,155,171,0,0,0,171,A
5-NP,156,0,172,0,0,172,T
5-NP,157,0,0,171,0,171,G
5-NP,158,171,0,1,0,172,A
5-NP,159,172,0,0,0,172,A
5-NP,160,0,0,171,0,171,G
5-NP,161,0,0,165,0,165,G
5-NP,162,0,0,171,0,171,G
5-NP,163,0,0,0,171,171,C
5-NP,164,0,0,172,0,172,G
5-NP,165,0,0,172,0,172,G
5-NP,166,0,170,0,0,170,T
5-NP,167,0,171,0,2,173,T
5-NP,168,0,1,171,0,172,G
5-NP,169,182,0,0,0,182,A
5-NP,170,0,183,0,0,183,T
5-NP,171,2,0,0,182,184,C
5-NP,172,0,0,0,182,182,C
5-NP,173,184,0,0,0,184,A
5-NP,174,0,2,183,0,185,G
5-NP,175,184,0,0,0,184,A
5-NP,176,183,0,0,0,183,A
5-NP,177,0,0,0,186,186,C
5-NP,178,177,0,0,0,177,A
5-NP,179,0,0,182,0,182,G
5-NP,180,0,0,0,181,181,C
5-NP,181,0,182,0,0,182,T
5-NP,182,0,185,0,0,185,T
5-NP,183,0,2,182,0,184,G
5-NP,184,186,0,0,0,186,A
5-NP,185,0,0,0,185,185,C
5-NP,186,183,0,0,0,183,A
5-NP,187,184,0,0,0,184,A
5-NP,188,0,182,0,0,182,T
5-NP,189,186,0,0,0,186,A
5-NP,190,0,0,186,0,186,G
5-NP,191,183,0,0,0,183,A
5-NP,192,0,0,184,0,184,G
5-NP,193,184,0,0,0,184,A
5-NP,194,183,0,0,0,183,A
5-NP,195,184,0,0,0,184,A
5-NP,196,189,0,0,0,189,A
5-NP,197,0,188,0,0,188,T
5-NP,198,0,0,185,0,185,G
5-NP,199,0,0,184,0,184,G
5-NP,200,0,187,0,0,187,T
5-NP,201,181,0,0,0,181,A
5-NP,202,0,0,0,183,183,C
5-NP,203,0,184,0,0,184,T
5-NP,204,0,0,0,190,190,C
5-NP,205,0,181,0,0,181,T
5-NP,206,0,0,0,182,182,C
5-NP,207,0,183,0,0,183,T
5-NP,208,0,0,181,0,181,G
5-NP,209,0,0,0,178,178,C
5-NP,210,0,179,0,0,179,T
5-NP,211,0,179,0,0,179,T
5-NP,212,0,178,0,1,179,T
5-NP,213,0,178,0,1,179,T
5-NP,214,0,0,180,0,180,G
5-NP,215,177,0,1,0,178,A
5-NP,216,0,179,0,0,179,T
5-NP,217,0,1,177,0,178,G
5-NP,218,178,0,0,0,178,A
5-NP,219,178,0,0,0,178,A
5-NP,220,177,0,0,0,177,A
5-NP,221,0,0,178,0,178,G
5-NP,222,180,0,0,0,180,A
5-NP,223,179,0,0,0,179,A
5-NP,224,0,0,179,0,179,G
5-NP,225,0,0,182,0,182,G
5-NP,226,182,0,0,0,182,A
5-NP,227,185,0,0,0,185,A
5-NP,228,0,185,0,0,185,T
5-NP,229,186,0,0,0,186,A
5-NP,230,187,0,0,0,187,A
5-NP,231,188,0,0,0,188,A
5-NP,232,0,184,0,0,184,T
5-NP,233,182,0,0,0,182,A
5-NP,234,0,0,0,185,185,C
5-NP,235,0,0,0,183,183,C
5-NP,236,0,183,0,0,183,T
5-NP,237,0,0,184,0,184,G
5-NP,238,0,0,187,0,187,G
5-NP,239,186,0,0,0,186,A
5-NP,240,188,0,0,0,188,A
5-NP,241,0,0,185,0,185,G
5-NP,242,184,0,0,0,184,A
5-NP,243,183,0,0,0,183,A
5-NP,244,1,0,0,180,181,C
5-NP,245,181,0,0,0,181,A
5-NP,246,0,0,0,188,188,C
5-NP,247,0,0,0,189,189,C
5-NP,248,0,1,0,187,188,C
5-NP,249,0,1,0,188,189,C
5-NP,250,186,0,0,0,186,A
5-NP,251,0,0,186,0,186,G
5-NP,252,0,0,0,184,184,C
5-NP,253,3,0,180,0,183,G
5-NP,254,0,1,0,183,184,C
5-NP,255,1,0,180,0,181,G
5-NP,256,0,1,183,0,184,G
5-NP,257,0,0,186,0,186,G
5-NP,258,0,0,187,0,187,G
5-NP,259,188,0,0,0,188,A
5-NP,260,188,0,0,0,188,A
5-NP,261,186,0,0,0,186,A
5-NP,262,0,0,189,0,189,G
5-NP,263,188,0,0,0,188,A
5-NP,264,0,182,0,0,182,T
5-NP,265,1,0,0,182,183,C
5-NP,266,1,0,0,183,184,C
5-NP,267,0,0,0,187,187,C
5-NP,268,185,0,0,0,185,A
5-NP,269,187,0,0,0,187,A
5-NP,270,0,0,185,0,185,G
5-NP,271,184,0,0,0,184,A
5-NP,272,186,0,0,0,186,A
5-NP,273,187,0,0,0,187,A
5-NP,274,182,0,0,0,182,A
5-NP,275,0,0,0,184,184,C
5-NP,276,0,184,0,0,184,T
5-NP,277,0,0,184,0,184,G
5-NP,278,0,1,184,0,185,G
5-NP,279,0,0,182,0,182,G
5-NP,280,0,1,179,0,180,G
5-NP,281,0,0,182,0,182,G
5-NP,282,0,0,184,0,184,G
5-NP,283,0,0,0,191,191,C
5-NP,284,0,0,1,194,195,C
5-NP,285,1,0,0,192,193,C
5-NP,286,219,0,0,0,219,A
5-NP,287,0,220,0,0,220,T
5-NP,288,225,0,0,0,225,A
5-NP,289,0,224,0,1,225,T
5-NP,290,221,0,0,0,221,A
5-NP,291,0,0,0,223,223,C
5-NP,292,212,0,0,0,212,A
5-NP,293,0,0,213,0,213,G
5-NP,294,0,0,217,0,217,G
5-NP,295,185,0,0,0,185,A
5-NP,296,0,1,187,0,188,G
5-NP,297,185,0,0,0,185,A
5-NP,298,0,0,188,0,188,G
5-NP,299,0,186,0,0,186,T
5-NP,300,187,0,0,0,187,A
5-NP,301,0,0,189,0,189,G
5-NP,302,187,1,0,0,188,A
5-NP,303,0,188,0,0,188,T
5-NP,304,0,0,186,0,186,G
5-NP,305,0,0,188,0,188,G
5-NP,306,186,0,0,0,186,A
5-NP,307,186,0,0,0,186,A
5-NP,308,186,0,0,0,186,A
5-NP,309,184,0,0,0,184,A
5-NP,310,0,187,0,0,187,T
5-NP,311,0,1,187,0,188,G
5-NP,312,0,1,186,0,187,G
5-NP,313,186,0,0,0,186,A
5-NP,314,0,185,0,0,185,T
5-NP,315,0,0,181,0,181,G
5-NP,316,183,0,0,0,183,A
5-NP,317,0,0,183,0,183,G
5-NP,318,0,0,182,0,182,G
5-NP,319,0,1,184,0,185,G
5-NP,320,200,0,0,0,200,A
5-NP,321,204,0,0,0,204,A
5-NP,322,0,0,0,232,232,C
5-NP,323,0,230,0,0,230,T
5-NP,324,0,0,0,269,269,C
5-NP,325,0,0,294,0,294,G
5-NP,326,0,307,0,0,307,T
5-NP,327,0,0,0,314,314,C
5-NP,328,1,0,0,483,484,C
5-NP,329,0,489,0,0,489,T
5-NP,330,0,501,0,0,501,T
5-NP,331,0,502,0,0,502,T
5-NP,332,506,0,0,0,506,A
5-NP,333,0,508,0,0,508,T
5-NP,334,0,5,504,0,509,G
5-NP,335,521,0,0,0,521,A
5-NP,336,0,0,0,521,521,C
5-NP,337,518,0,0,0,518,A
5-NP,338,518,0,0,0,518,A
5-NP,339,529,0,0,0,529,A
5-NP,340,0,0,622,0,622,G
5-NP,341,623,0,1,0,624,A
5-NP,342,625,0,1,0,626,A
5-NP,343,0,0,708,0,708,G
5-NP,344,727,0,0,0,727,A
5-NP,345,736,0,1,0,737,A
5-NP,346,737,0,0,0,737,A
5-NP,347,0,735,0,0,735,T
5-NP,348,740,0,0,0,740,A
5-NP,349,746,0,1,0,747,A
5-NP,350,0,1,772,0,773,G
5-NP,351,0,1,764,0,765,G
5-NP,352,0,3,0,766,769,C
5-NP,353,0,5,769,0,774,G
5-NP,354,784,0,1,0,785,A
5-NP,355,807,0,0,0,807,A
5-NP,356,0,817,0,0,817,T
5-NP,357,1,1,0,817,819,C
5-NP,358,0,820,0,0,820,T
5-NP,359,0,0,820,0,820,G
5-NP,360,0,3,820,0,823,G
5-NP,361,0,0,0,826,826,C
5-NP,362,0,0,834,0,834,G
5-NP,363,0,0,0,837,837,C
5-NP,364,1,0,0,840,841,C
5-NP,365,848,0,0,0,848,A
5-NP,366,893,0,0,0,893,A
5-NP,367,0,0,927,0,927,G
5-NP,368,0,0,0,938,938,C
5-NP,369,0,0,0,966,966,C
5-NP,370,966,0,0,1,967,A
5-NP,371,1006,0,0,0,1006,A
5-NP,372,0,0,0,1030,1030,C
5-NP,373,1035,0,0,0,1035,A
5-NP,374,1099,0,0,0,1099,A
5-NP,375,0,1099,0,0,1099,T
5-NP,376,0,4,1163,0,1167,G
5-NP,377,0,0,1168,0,1168,G
5-NP,378,0,1161,0,0,1161,T
5-NP,379,0,3,1174,0,1177,G
5-NP,380,1175,0,0,0,1175,A
5-NP,381,0,2,1248,0,1250,G
5-NP,382,0,4,1245,0,1249,G
5-NP,383,1285,0,0,0,1285,A
5-NP,384,0,1511,0,0,1511,T
5-NP,385,0,0,1560,0,1560,G
5-NP,386,1,0,0,1572,1573,C
5-NP,387,0,1575,0,1,1576,T
5-NP,388,1597,0,0,0,1597,A
5-NP,389,1,0,0,1643,1644,C
5-NP,390,1657,0,1,0,1658,A
5-NP,391,0,1658,0,0,1658,T
5-NP,392,1,0,1,1651,1653,C
5-NP,393,0,1610,0,0,1610,T
5-NP,394,1,3,1707,0,1711,G
5-NP,395,1,0,1768,0,1769,G
5-NP,396,1,1761,0,0,1762,T
5-NP,397,4,0,0,1770,1774,C
5-NP,398,0,1773,0,0,1773,T
5-NP,399,1833,0,0,0,1833,A
5-NP,400,1832,0,0,0,1832,A
5-NP,401,0,0,0,1855,1855,C
5-NP,402,0,1862,0,1,1863,T
5-NP,403,6,0,0,1899,1905,C
5-NP,404,1896,0,1,0,1897,A
5-NP,405,1,1,0,2016,2018,C
5-NP,406,2019,0,0,0,2019,A
5-NP,407,0,2037,0,1,2038,T
5-NP,408,2027,0,1,0,2028,A
5-NP,409,2038,1,1,0,2040,A
5-NP,410,0,2056,0,0,2056,T
5-NP,411,0,9,2084,0,2093,G
5-NP,412,2083,0,0,0,2083,A
5-NP,413,0,2067,0,0,2067,T
5-NP,414,0,2054,0,0,2054,T
5-NP,415,0,2063,0,0,2063,T
5-NP,416,1,5,2041,0,2047,G
5-NP,417,1,2,2043,0,2046,G
5-NP,418,0,1,0,2052,2053,C
5-NP,419,2051,0,0,0,2051,A
5-NP,420,0,2060,0,0,2060,T
5-NP,421,0,2053,0,1,2054,T
5-NP,422,9,0,0,2053,2062,C
5-NP,423,2,0,1,2081,2084,C
5-NP,424,2133,0,0,0,2133,A
5-NP,425,2130,0,0,0,2130,A
5-NP,426,0,2134,0,0,2134,T
5-NP,427,0,2133,0,0,2133,T
5-NP,428,0,2137,0,0,2137,T
5-NP,429,0,8,2152,0,2160,G
5-NP,430,2159,0,2,0,2161,A
5-NP,431,2164,0,0,0,2164,A
5-NP,432,0,2188,0,0,2188,T
5-NP,433,0,6,2173,0,2179,G
5-NP,434,2271,0,0,0,2271,A
5-NP,435,0,2286,0,0,2286,T
5-NP,436,2,0,2303,1,2306,G
5-NP,437,0,0,0,2407,2407,C
5-NP,438,2398,0,1,0,2399,A
5-NP,439,2545,0,1,0,2546,A
5-NP,440,2,0,0,2553,2555,C
5-NP,441,2609,0,0,0,2609,A
5-NP,442,0,2685,0,0,2685,T
5-NP,443,2640,0,0,0,2640,A
5-NP,444,1,0,0,2695,2696,C
5-NP,445,4,1,0,2692,2697,C
5-NP,446,2654,0,2,0,2656,A
5-NP,447,0,2,2688,0,2690,G
5-NP,448,2637,0,2,0,2639,A
5-NP,449,0,9,2718,1,2728,G
5-NP,450,0,9,2707,0,2716,G
5-NP,451,2708,0,1,0,2709,A
5-NP,452,0,1,0,2747,2748,C
5-NP,453,2718,0,0,0,2718,A
5-NP,454,2716,0,4,0,2720,A
5-NP,455,2,6,2722,0,2730,G
5-NP,456,2687,0,4,0,2691,A
5-NP,457,0,2,2710,0,2712,G
5-NP,458,0,0,0,2723,2723,C
5-NP,459,1,2718,0,3,2722,T
5-NP,460,8,0,0,2731,2739,C
5-NP,461,0,2743,0,0,2743,T
5-NP,462,1,2759,0,0,2760,T
5-NP,463,0,2,2759,0,2761,G
5-NP,464,0,2758,0,0,2758,T
5-NP,465,0,2758,0,1,2759,T
5-NP,466,5,1,0,2745,2751,C
5-NP,467,0,14,2730,0,2744,G
5-NP,468,2795,0,1,0,2796,A
5-NP,469,2802,0,0,0,2802,A
5-NP,470,1,0,0,2837,2838,C
5-NP,471,0,2826,0,3,2829,T
5-NP,472,0,6,2856,0,2862,G
5-NP,473,0,4,2865,0,2869,G
5-NP,474,2859,0,20,0,2879,A
5-NP,475,2878,0,0,0,2878,A
5-NP,476,0,2866,0,1,2867,T
5-NP,477,0,6,2886,0,2892,G
5-NP,478,0,5,2890,0,2895,G
5-NP,479,2929,0,2,0,2931,A
5-NP,480,0,2969,0,0,2969,T
5-NP,481,8,0,0,2992,3000,C
5-NP,482,0,0,1,3023,3024,C
5-NP,483,6,0,0,3048,3054,C
5-NP,484,3091,0,1,0,3092,A
5-NP,485,1,6,3152,0,3159,G
5-NP,486,3174,0,1,0,3175,A
5-NP,487,3179,0,0,0,3179,A
5-NP,488,0,3153,0,0,3153,T
5-NP,489,2,0,3213,0,3215,G
5-NP,490,2,3183,0,1,3186,T
5-NP,491,1,1,3224,0,3226,G
5-NP,492,1,0,0,3240,3241,C
5-NP,493,0,3225,0,0,3225,T
5-NP,494,7,0,0,3502,3509,C
5-NP,495,0,3498,0,0,3498,T
5-NP,496,6,0,0,3703,3709,C
5-NP,497,0,3695,0,1,3696,T
5-NP,498,0,6,3719,0,3725,G
5-NP,499,3756,1,1,0,3758,A
5-NP,500,0,3759,0,0,3759,T
5-NP,501,2,1,3756,0,3759,G
5-NP,502,1,0,13,3744,3758,C
5-NP,503,3651,1,14,1,3667,A
5-NP,504,0,4,3776,0,3780,G
5-NP,505,1,4,3690,0,3695,G
5-NP,506,1,1,3740,1,3743,G
5-NP,507,1,2,1,3733,3737,C
5-NP,508,0,3729,0,2,3731,T
5-NP,509,8,4,0,3766,3778,C
5-NP,510,1,14,3777,0,3792,G
5-NP,511,3831,0,2,0,3833,A
5-NP,512,1,1,0,3849,3851,C
5-NP,513,1,3821,0,0,3822,T
5-NP,514,10,0,0,4044,4054,C
5-NP,515,1,4041,0,1,4043,T
5-NP,516,12,2,0,4669,4683,C
5-NP,517,6,0,0,4703,4709,C
5-NP,518,14,0,0,4696,4710,C
5-NP,519,0,4722,0,2,4724,T
5-NP,520,4689,1,1,0,4691,A
5-NP,521,0,4,4685,0,4689,G
5-NP,522,4679,1,0,1,4681,A
5-NP,523,4593,0,2,0,4595,A
5-NP,524,0,12,4581,0,4593,G
5-NP,525,1,1,4559,0,4561,G
5-NP,526,0,4474,0,2,4476,T
5-NP,527,5,1,0,4528,4534,C
5-NP,528,3,3,0,4527,4533,C
5-NP,529,2,6,4524,0,4532,G
5-NP,530,1,12,4541,0,4554,G
5-NP,531,4546,0,0,0,4546,A
5-NP,532,0,0,4641,0,4641,G
5-NP,533,0,0,0,4652,4652,C
5-NP,534,0,4589,0,5,4594,T
5-NP,535,2,1,4628,1,4632,G
5-NP,536,0,3,1,4638,4642,C
5-NP,537,4642,1,5,0,4648,A
5-NP,538,0,4,4661,1,4666,G
5-NP,539,1,4,4668,0,4673,G
5-NP,540,0,4585,0,13,4598,T
5-NP,541,0,3,4636,0,4639,G
5-NP,542,1,0,0,4662,4663,C
5-NP,543,0,4670,0,2,4672,T
5-NP,544,2,3,4692,0,4697,G
5-NP,545,0,1,0,4674,4675,C
5-NP,546,4733,0,2,0,4735,A
5-NP,547,0,2,4851,0,4853,G
5-NP,548,0,4807,0,1,4808,T
5-NP,549,25,1,0,4808,4834,C
5-NP,550,4831,0,1,0,4832,A
5-NP,551,4852,0,1,0,4853,A
5-NP,552,4842,1,4,0,4847,A
5-NP,553,1,10,4851,0,4862,G
5-NP,554,0,15,4865,0,4880,G
5-NP,555,4873,0,1,0,4874,A
5-NP,556,4849,0,1,0,4850,A
5-NP,557,1,4866,0,0,4867,T
5-NP,558,7,2,0,4871,4880,C
5-NP,559,4,13,4847,0,4864,G
5-NP,560,1,9,4977,0,4987,G
5-NP,561,1,13,4989,0,5003,G
5-NP,562,4964,0,2,0,4966,A
5-NP,563,0,0,0,5013,5013,C
5-NP,564,4954,0,1,0,4955,A
5-NP,565,5088,0,1,0,5089,A
5-NP,566,0,5145,0,0,5145,T
5-NP,567,0,7,5157,0,5164,G
5-NP,568,0,2,5287,0,5289,G
5-NP,569,2,5201,1,22,5226,T
5-NP,570,0,7,5314,0,5321,G
5-NP,571,5301,1,2,0,5304,A
5-NP,572,0,5308,0,3,5311,T
5-NP,573,2,14,5310,0,5326,G
5-NP,574,0,24,5342,0,5366,G
5-NP,575,5318,0,7,0,5325,A
5-NP,576,5352,0,2,0,5354,A
5-NP,577,0,0,0,5365,5365,C
5-NP,578,1,5233,0,0,5234,T
5-NP,579,0,17,5513,0,5530,G
5-NP,580,5462,0,0,0,5462,A
5-NP,581,0,5507,0,1,5508,T
5-NP,582,16,2,0,5516,5534,C
5-NP,583,5466,0,0,0,5466,A
5-NP,584,0,11,5654,0,5665,G
5-NP,585,5603,0,0,0,5603,A
5-NP,586,5632,0,0,0,5632,A
5-NP,587,1,5657,0,0,5658,T
5-NP,588,7,10,5530,0,5547,G
5-NP,589,1,0,5628,0,5629,G
5-NP,590,1,5599,0,4,5604,T
5-NP,591,25,1,0,5613,5639,C
5-NP,592,5649,0,0,0,5649,A
5-NP,593,5607,0,0,0,5607,A
5-NP,594,5622,0,2,0,5624,A
5-NP,595,1,1,0,5632,5634,C
5-NP,596,2,9,5627,0,5638,G
5-NP,597,0,14,5629,0,5643,G
5-NP,598,2,17,5577,1,5597,G
5-NP,599,0,9,5622,0,5631,G
5-NP,600,3,5,5631,0,5639,G
5-NP,601,5625,0,2,0,5627,A
5-NP,602,0,5579,0,3,5582,T
5-NP,603,9,0,0,5609,5618,C
5-NP,604,5616,1,4,1,5622,A
5-NP,605,5609,1,3,0,5613,A
5-NP,606,1,3,0,5599,5603,C
5-NP,607,5,8,5571,0,5584,G
5-NP,608,5541,0,0,0,5541,A
5-NP,609,1,5514,0,0,5515,T
5-NP,610,8,1,1,5555,5565,C
5-NP,611,1,6,5573,0,5580,G
5-NP,612,5528,1,2,0,5531,A
5-NP,613,5565,0,2,0,5567,A
5-NP,614,5556,0,3,0,5559,A
5-NP,615,1,5636,0,22,5659,T
5-NP,616,0,5643,0,22,5665,T
5-NP,617,0,5662,0,0,5662,T
5-NP,618,0,5665,0,2,5667,T
5-NP,619,1,5674,1,9,5685,T
5-NP,620,4,5,5677,1,5687,G
5-NP,621,0,21,5652,0,5673,G
5-NP,622,5603,0,17,0,5620,A
5-NP,623,0,6,5675,0,5681,G
5-NP,624,5589,0,1,0,5590,A
5-NP,625,0,4,5866,0,5870,G
5-NP,626,22,2,5880,1,5905,G
5-NP,627,1,5741,0,31,5773,T
5-NP,628,0,17,5912,0,5929,G
5-NP,629,5886,0,7,0,5893,A
5-NP,630,28,13,5915,0,5956,G
5-NP,631,5916,0,6,0,5922,A
5-NP,632,5908,1,0,0,5909,A
5-NP,633,0,5905,0,1,5906,T
5-NP,634,1,24,5687,0,5712,G
5-NP,635,0,4,5647,0,5651,G
5-NP,636,3,2,5624,0,5629,G
5-NP,637,1,5,0,5609,5615,C
5-NP,638,0,6,5651,0,5657,G
5-NP,639,0,7,5683,0,5690,G
5-NP,640,5675,0,0,0,5675,A
5-NP,641,5672,0,0,0,5672,A
5-NP,642,5786,0,1,1,5788,A
5-NP,643,5801,0,2,5,5808,A
5-NP,644,0,1,0,5852,5853,C
5-NP,645,5850,0,2,0,5852,A
5-NP,646,5843,0,1,0,5844,A
5-NP,647,0,8,5839,0,5847,G
5-NP,648,5694,0,1,0,5695,A
5-NP,649,5714,0,1,0,5715,A
5-NP,650,0,1,5859,0,5860,G
5-NP,651,1,5790,0,0,5791,T
5-NP,652,0,0,6172,1,6173,G
5-NP,653,3,1,0,6116,6120,C
5-NP,654,0,6155,0,4,6159,T
5-NP,655,0,6172,0,22,6194,T
5-NP,656,6268,0,1,0,6269,A
5-NP,657,0,6268,2,0,6270,T
5-NP,658,2,11,6300,0,6313,G
5-NP,659,6134,0,52,0,6186,A
5-NP,660,1,17,6199,0,6217,G
5-NP,661,5926,0,5,1,5932,A
5-NP,662,0,15,5954,0,5969,G
5-NP,663,5962,1,0,0,5963,A
5-NP,664,6025,1,1,0,6027,A
5-NP,665,0,5982,0,0,5982,T
5-NP,666,3,2,6057,0,6062,G
5-NP,667,0,5972,0,24,5996,T
5-NP,668,2,5,6050,0,6057,G
5-NP,669,2,1,0,6059,6062,C
5-NP,670,6037,0,2,0,6039,A
5-NP,671,6050,0,5,0,6055,A
5-NP,672,0,2,0,6036,6038,C
5-NP,673,5979,1,1,0,5981,A
5-NP,674,0,6011,0,1,6012,T
5-NP,675,0,5968,0,0,5968,T
5-NP,676,12,0,0,5967,5979,C
5-NP,677,0,5942,0,23,5965,T
5-NP,678,0,5970,0,0,5970,T
5-NP,679,5967,1,0,1,5969,A
5-NP,680,5940,0,0,0,5940,A
5-NP,681,5942,0,1,1,5944,A
5-NP,682,1,10,5941,0,5952,G
5-NP,683,0,7,5915,0,5922,G
5-NP,684,5901,0,0,0,5901,A
5-NP,685,5898,0,0,0,5898,A
5-NP,686,5899,0,2,1,5902,A
5-NP,687,5978,1,1,0,5980,A
5-NP,688,0,5949,0,21,5970,T
5-NP,689,1,5963,0,1,5965,T
5-NP,690,0,5964,0,3,5967,T
5-NP,691,8,8,0,5968,5984,C
5-NP,692,5991,0,0,0,5991,A
5-NP,693,5985,1,3,0,5989,A
5-NP,694,5974,1,3,0,5978,A
5-NP,695,0,0,0,6044,6044,C
5-NP,696,5955,1,0,0,5956,A
5-NP,697,0,1,6060,0,6061,G
5-NP,698,1,0,0,6051,6052,C
5-NP,699,0,6031,0,4,6035,T
5-NP,700,1,1,6142,0,6144,G
5-NP,701,2,0,0,6151,6153,C
5-NP,702,6182,1,2,0,6185,A
5-NP,703,2,0,0,6190,6192,C
5-NP,704,6145,0,3,1,6149,A
5-NP,705,6177,0,1,0,6178,A
5-NP,706,6058,0,0,0,6058,A
5-NP,707,1,19,6295,0,6315,G
5-NP,708,6278,0,7,0,6285,A
5-NP,709,20,3,6313,0,6336,G
5-NP,710,2,1,0,6329,6332,C
5-NP,711,6316,0,2,0,6318,A
5-NP,712,6504,0,5,0,6509,A
5-NP,713,0,6520,0,1,6521,T
5-NP,714,1,20,6519,0,6540,G
5-NP,715,9,4,6545,0,6558,G
5-NP,716,0,6334,0,4,6338,T
5-NP,717,2,18,6379,0,6399,G
5-NP,718,15,15,6421,0,6451,G
5-NP,719,6414,0,4,1,6419,A
5-NP,720,1,6407,0,1,6409,T
5-NP,721,17,2,0,6267,6286,C
5-NP,722,6291,1,4,0,6296,A
5-NP,723,6353,1,0,2,6356,A
5-NP,724,1,0,6404,0,6405,G
5-NP,725,1,6348,0,0,6349,T
5-NP,726,1,12,6369,0,6382,G
5-NP,727,6287,0,8,0,6295,A
5-NP,728,0,18,6283,1,6302,G
5-NP,729,6305,0,4,1,6310,A
5-NP,730,1,7,6302,0,6310,G
5-NP,731,6274,0,2,0,6276,A
5-NP,732,6158,1,2,0,6161,A
5-NP,733,6160,0,23,0,6183,A
5-NP,734,0,0,6209,0,6209,G
5-NP,735,1,6142,0,0,6143,T
5-NP,736,20,1,0,6152,6173,C
5-NP,737,1,8,6144,0,6153,G
5-NP,738,2,17,6156,0,6175,G
5-NP,739,6189,0,1,0,6190,A
5-NP,740,6184,1,1,0,6186,A
5-NP,741,3,1,0,6247,6251,C
5-NP,742,7,0,1,6193,6201,C
5-NP,743,15,0,0,6212,6227,C
5-NP,744,6202,0,3,1,6206,A
5-NP,745,1,8,6250,0,6259,G
5-NP,746,0,9,6226,0,6235,G
5-NP,747,6238,0,0,0,6238,A
5-NP,748,6228,0,1,0,6229,A
5-NP,749,6184,0,3,1,6188,A
5-NP,750,0,3,0,6212,6215,C
5-NP,751,1,3,6195,0,6199,G
5-NP,752,1,0,0,6198,6199,C
5-NP,753,0,6158,0,22,6180,T
5-NP,754,1,10,6193,0,6204,G
5-NP,755,6179,0,5,1,6185,A
5-NP,756,1,12,6273,0,6286,G
5-NP,757,6287,0,2,0,6289,A
5-NP,758,0,6255,0,1,6256,T
5-NP,759,10,1,0,6211,6222,C
5-NP,760,5,10,6227,0,6242,G
5-NP,761,6216,0,1,0,6217,A
5-NP,762,6220,0,2,0,6222,A
5-NP,763,0,8,6213,0,6221,G
5-NP,764,6223,1,1,1,6226,A
5-NP,765,0,6190,0,0,6190,T
5-NP,766,8,0,0,6249,6257,C
5-NP,767,0,6250,0,2,6252,T
5-NP,768,22,1,0,6279,6302,C
5-NP,769,6323,0,1,0,6324,A
5-NP,770,1,6299,0,18,6318,T
5-NP,771,6306,1,1,1,6309,A
5-NP,772,0,6321,0,0,6321,T
5-NP,773,0,6281,0,2,6283,T
5-NP,774,0,6268,0,1,6269,T
5-NP,775,0,6194,0,0,6194,T
5-NP,776,0,6161,0,20,6181,T
5-NP,777,6208,0,3,1,6212,A
5-NP,778,0,5,6187,0,6192,G
5-NP,779,2,1,0,6216,6219,C
5-NP,780,6198,1,1,0,6200,A
5-NP,781,6155,0,0,1,6156,A
5-NP,782,0,11,6364,0,6375,G
5-NP,783,6359,0,0,0,6359,A
5-NP,784,1,6343,0,0,6344,T
5-NP,785,1,1,0,6425,6427,C
5-NP,786,2,6355,0,6,6363,T
5-NP,787,4,3,6577,0,6584,G
5-NP,788,2,0,0,6599,6601,C
5-NP,789,6604,0,2,0,6606,A
5-NP,790,0,6645,0,16,6661,T
5-NP,791,0,6453,1,17,6471,T
5-NP,792,1,10,6887,0,6898,G
5-NP,793,7029,1,1,0,7031,A
5-NP,794,2,7064,0,2,7068,T
5-NP,795,7056,0,0,0,7056,A
5-NP,796,0,6922,0,2,6924,T
5-NP,797,1,6881,0,0,6882,T
5-NP,798,36,12,6883,0,6931,G
5-NP,799,6839,0,1,0,6840,A
5-NP,800,0,9,6903,0,6912,G
5-NP,801,6567,0,17,0,6584,A
5-NP,802,0,11,6489,0,6500,G
5-NP,803,1,21,6554,1,6577,G
5-NP,804,6526,1,1,1,6529,A
5-NP,805,1,6477,0,1,6479,T
5-NP,806,20,2,2,6532,6556,C
5-NP,807,6514,1,1,1,6517,A
5-NP,808,1,0,6568,0,6569,G
5-NP,809,0,6523,1,1,6525,T
5-NP,810,2,6489,1,1,6493,T
5-NP,811,0,0,6507,0,6507,G
5-NP,812,2,2,0,6432,6436,C
5-NP,813,0,6392,0,24,6416,T
5-NP,814,31,1,1,6426,6459,C
5-NP,815,6477,0,1,0,6478,A
5-NP,816,3,1,0,6472,6476,C
5-NP,817,6487,0,1,0,6488,A
5-NP,818,6521,0,0,0,6521,A
5-NP,819,6498,0,0,1,6499,A
5-NP,820,0,6462,0,21,6483,T
5-NP,821,14,0,0,6502,6516,C
5-NP,822,0,6500,1,1,6502,T
5-NP,823,1,6483,1,4,6489,T
5-NP,824,2,4,6512,0,6518,G
5-NP,825,2,2,0,6487,6491,C
5-NP,826,12,1,0,6586,6599,C
5-NP,827,0,6586,0,21,6607,T
5-NP,828,6534,0,0,5,6539,A
5-NP,829,1,0,0,6647,6648,C
5-NP,830,6,0,1,6654,6661,C
5-NP,831,0,6627,0,3,6630,T
5-NP,832,13,2,6714,0,6729,G
5-NP,833,0,0,0,6671,6671,C
5-NP,834,10,0,0,6706,6716,C
5-NP,835,0,6582,1,4,6587,T
5-NP,836,1,1,6694,0,6696,G
5-NP,837,0,6642,0,0,6642,T
5-NP,838,2,3,6778,0,6783,G
5-NP,839,5,3,0,6780,6788,C
5-NP,840,3,0,6906,0,6909,G
5-NP,841,1,6746,0,27,6774,T
5-NP,842,6761,0,0,0,6761,A
5-NP,843,0,6767,1,1,6769,T
5-NP,844,1,14,6756,0,6771,G
5-NP,845,0,19,7022,0,7041,G
5-NP,846,6985,0,3,0,6988,A
5-NP,847,1,0,0,6886,6887,C
5-NP,848,5,1,0,6916,6922,C
5-NP,849,1,6792,0,38,6831,T
5-NP,850,0,0,7173,0,7173,G
5-NP,851,2,1,0,7179,7182,C
5-NP,852,7190,1,3,0,7194,A
5-NP,853,1,1,7324,0,7326,G
5-NP,854,1,6979,0,2,6982,T
5-NP,855,7318,0,1,0,7319,A
5-NP,856,1,7264,0,4,7269,T
5-NP,857,7,2,0,7248,7257,C
5-NP,858,9,2,0,7287,7298,C
5-NP,859,6957,0,1,0,6958,A
5-NP,860,5,0,6990,0,6995,G
5-NP,861,1,6936,1,2,6940,T
5-NP,862,0,16,7038,0,7054,G
5-NP,863,0,9,7003,0,7012,G
5-NP,864,1,3,6921,0,6925,G
5-NP,865,14,6847,0,28,6889,T
5-NP,866,6872,2,3,0,6877,A
5-NP,867,3,3,0,6885,6891,C
5-NP,868,30,42,6802,0,6874,G
5-NP,869,6829,0,8,0,6837,A
5-NP,870,1,0,0,6841,6842,C
5-NP,871,0,6640,0,27,6667,T
5-NP,872,0,6665,0,24,6689,T
5-NP,873,6,2,0,6705,6713,C
5-NP,874,1,12,6716,1,6730,G
5-NP,875,6690,0,8,0,6698,A
5-NP,876,6715,0,0,1,6716,A
5-NP,877,6760,0,1,2,6763,A
5-NP,878,6726,1,2,0,6729,A
5-NP,879,6719,0,1,0,6720,A
5-NP,880,1,6,6738,0,6745,G
5-NP,881,6717,0,9,0,6726,A
5-NP,882,0,17,6768,0,6785,G
5-NP,883,0,12,6849,1,6862,G
5-NP,884,1,12,6853,0,6866,G
5-NP,885,6878,1,0,0,6879,A
5-NP,886,0,6849,0,28,6877,T
5-NP,887,6955,0,1,0,6956,A
5-NP,888,1,6974,0,1,6976,T
5-NP,889,0,6953,0,0,6953,T
5-NP,890,11,0,0,7059,7070,C
5-NP,891,11,1,0,7012,7024,C
5-NP,892,0,6938,0,2,6940,T
5-NP,893,0,6942,0,1,6943,T
5-NP,894,3,11,7047,0,7061,G
5-NP,895,0,2,7086,0,7088,G
5-NP,896,0,6995,0,3,6998,T
5-NP,897,0,7,6971,1,6979,G
5-NP,898,0,14,6885,0,6899,G
5-NP,899,2,13,6800,0,6815,G
5-NP,900,7,7,6629,0,6643,G
5-NP,901,7056,1,5,0,7062,A
5-NP,902,0,7080,0,1,7081,T
5-NP,903,7083,0,2,0,7085,A
5-NP,904,0,11,7066,0,7077,G
5-NP,905,7017,0,9,0,7026,A
5-NP,906,0,1,0,7051,7052,C
5-NP,907,13,1,0,6930,6944,C
5-NP,908,12,1,0,6830,6843,C
5-NP,909,0,6880,0,39,6919,T
5-NP,910,0,6875,0,25,6900,T
5-NP,911,0,6913,0,3,6916,T
5-NP,912,17,1,0,6913,6931,C
5-NP,913,6895,1,3,0,6899,A
5-NP,914,6911,0,5,0,6916,A
5-NP,915,6877,0,5,0,6882,A
5-NP,916,0,0,0,6895,6895,C
5-NP,917,1,6743,0,0,6744,T
5-NP,918,6727,0,0,0,6727,A
5-NP,919,1,2,0,6819,6822,C
5-NP,920,0,6798,0,2,6800,T
5-NP,921,0,6772,0,0,6772,T
5-NP,922,16,0,0,6816,6832,C
5-NP,923,6824,2,1,0,6827,A
5-NP,924,6821,0,1,0,6822,A
5-NP,925,6803,1,2,1,6807,A
5-NP,926,6804,0,0,0,6804,A
5-NP,927,0,6735,0,4,6739,T
5-NP,928,6636,0,5,0,6641,A
5-NP,929,1,3,6705,0,6709,G
5-NP,930,1,2,0,6731,6734,C
5-NP,931,17,2,0,6786,6805,C
5-NP,932,6819,0,2,0,6821,A
5-NP,933,6842,0,0,0,6842,A
5-NP,934,7058,1,1,0,7060,A
5-NP,935,0,7045,0,28,7073,T
5-NP,936,7109,0,0,0,7109,A
5-NP,937,0,7065,0,28,7093,T
5-NP,938,6961,0,8,0,6969,A
5-NP,939,1,4,0,6981,6986,C
5-NP,940,6842,0,4,0,6846,A
5-NP,941,1,2,7012,0,7015,G
5-NP,942,2,0,0,6981,6983,C
5-NP,943,1,6757,1,29,6788,T
5-NP,944,0,6829,0,24,6853,T
5-NP,945,6915,2,0,0,6917,A
5-NP,946,6926,0,0,0,6926,A
5-NP,947,1,6905,0,0,6906,T
5-NP,948,21,0,0,6894,6915,C
5-NP,949,6709,2,2,0,6713,A
5-NP,950,0,13,6811,1,6825,G
5-NP,951,6786,0,4,0,6790,A
5-NP,952,2,0,0,6870,6872,C
5-NP,953,11,0,0,6802,6813,C
5-NP,954,0,6723,0,31,6754,T
5-NP,955,6821,0,2,0,6823,A
5-NP,956,6800,1,2,0,6803,A
5-NP,957,4,1,0,6840,6845,C
5-NP,958,0,20,6832,0,6852,G
5-NP,959,6705,0,0,0,6705,A
5-NP,960,1,15,6688,0,6704,G
5-NP,961,6645,0,2,0,6647,A
5-NP,962,6728,0,0,0,6728,A
5-NP,963,0,6698,0,0,6698,T
5-NP,964,11,1,3,6642,6657,C
5-NP,965,9,1,0,6665,6675,C
5-NP,966,6577,1,3,0,6581,A
5-NP,967,2,4,6599,1,6606,G
5-NP,968,2,1,0,6606,6609,C
5-NP,969,6659,0,3,0,6662,A
5-NP,970,4,2,0,6704,6710,C
5-NP,971,6585,2,3,0,6590,A
5-NP,972,1,2,0,6637,6640,C
5-NP,973,6621,0,6,0,6627,A
5-NP,974,6638,1,6,0,6645,A
5-NP,975,0,8,6661,0,6669,G
5-NP,976,6597,0,2,0,6599,A
5-NP,977,0,1,6600,0,6601,G
5-NP,978,1,6484,0,2,6487,T
5-NP,979,19,0,0,6464,6483,C
5-NP,980,6466,0,5,0,6471,A
5-NP,981,1,2,6453,0,6456,G
5-NP,982,2,5,0,6432,6439,C
5-NP,983,0,6378,0,31,6409,T
5-NP,984,5,10,6516,0,6531,G
5-NP,985,2,0,6570,0,6572,G
5-NP,986,0,6519,0,0,6519,T
5-NP,987,17,1,6588,0,6606,G
5-NP,988,0,6517,0,2,6519,T
5-NP,989,0,12,6514,1,6527,G
5-NP,990,3,5,6508,0,6516,G
5-NP,991,6487,0,1,0,6488,A
5-NP,992,0,6505,0,1,6506,T
5-NP,993,0,22,6254,0,6276,G
5-NP,994,1,2,6241,0,6244,G
5-NP,995,3,1,0,6231,6235,C
5-NP,996,6213,1,8,0,6222,A
5-NP,997,0,6213,1,3,6217,T
5-NP,998,0,4,6192,0,6196,G
5-NP,999,1,1,0,6225,6227,C
5-NP,1000,17,1,0,6224,6242,C
5-NP,1001,6274,0,1,0,6275,A
5-NP,1002,0,6249,0,0,6249,T
5-NP,1003,0,6199,0,1,6200,T
5-NP,1004,11,1,1,6219,6232,C
5-NP,1005,2,6155,0,0,6157,T
5-NP,1006,3,4,6143,1,6151,G
5-NP,1007,4,0,0,6139,6143,C
5-NP,1008,0,6016,0,5,6021,T
5-NP,1009,0,2,6051,0,6053,G
5-NP,1010,2,2,0,5988,5992,C
5-NP,1011,5996,0,0,0,5996,A
5-NP,1012,0,5968,0,22,5990,T
5-NP,1013,0,5941,0,1,5942,T
5-NP,1014,0,5939,0,0,5939,T
5-NP,1015,0,5,5926,0,5931,G
5-NP,1016,5933,0,0,0,5933,A
5-NP,1017,5919,1,4,0,5924,A
5-NP,1018,1,11,5987,0,5999,G
5-NP,1019,5955,1,1,0,5957,A
5-NP,1020,0,5906,0,12,5918,T
5-NP,1021,0,5915,0,7,5922,T
5-NP,1022,0,5922,0,6,5928,T
5-NP,1023,5924,0,3,0,5927,A
5-NP,1024,5934,0,1,0,5935,A
5-NP,1025,7,1,5929,0,5937,G
5-NP,1026,5913,0,1,0,5914,A
5-NP,1027,1,5894,1,0,5896,T
5-NP,1028,0,5799,1,0,5800,T
5-NP,1029,0,2,5838,0,5840,G
5-NP,1030,1,5806,3,15,5825,T
5-NP,1031,1,5821,1,10,5833,T
5-NP,1032,5847,1,1,0,5849,A
5-NP,1033,5852,0,1,1,5854,A
5-NP,1034,2,2,5840,0,5844,G
5-NP,1035,0,0,0,5866,5866,C
5-NP,1036,0,5737,0,8,5745,T
5-NP,1037,3,5780,1,1,5785,T
5-NP,1038,15,2,0,5791,5808,C
5-NP,1039,5795,1,3,0,5799,A
5-NP,1040,0,5767,0,0,5767,T
5-NP,1041,10,1,1,5791,5803,C
5-NP,1042,5696,0,2,23,5721,A
5-NP,1043,0,3,5711,0,5714,G
5-NP,1044,5629,0,5,0,5634,A
5-NP,1045,1,9,5640,0,5650,G
5-NP,1046,1,13,5622,0,5636,G
5-NP,1047,1,9,5587,0,5597,G
5-NP,1048,5578,0,5,1,5584,A
5-NP,1049,2,0,1,5594,5597,C
5-NP,1050,5607,0,1,0,5608,A
5-NP,1051,5624,0,0,0,5624,A
5-NP,1052,5643,1,0,0,5644,A
5-NP,1053,5643,0,3,0,5646,A
5-NP,1054,0,1,5671,0,5672,G
5-NP,1055,1,5519,1,16,5537,T
5-NP,1056,5491,0,1,0,5492,A
5-NP,1057,1,5445,1,3,5450,T
5-NP,1058,5,4,0,5468,5477,C
5-NP,1059,10,5400,0,1,5411,T
5-NP,1060,9,1,0,5445,5455,C
5-NP,1061,11,0,0,5401,5412,C
5-NP,1062,0,5335,1,1,5337,T
5-NP,1063,9,1,0,5364,5374,C
5-NP,1064,1,10,5362,0,5373,G
5-NP,1065,1,15,5384,0,5400,G
5-NP,1066,1,12,5375,0,5388,G
5-NP,1067,0,9,5357,0,5366,G
5-NP,1068,0,10,5358,0,5368,G
5-NP,1069,5264,1,1,0,5266,A
5-NP,1070,5282,0,3,0,5285,A
5-NP,1071,5273,1,3,0,5277,A
5-NP,1072,0,0,0,5312,5312,C
5-NP,1073,1,5267,0,1,5269,T
5-NP,1074,1,0,5329,0,5330,G
5-NP,1075,0,5279,0,1,5280,T
5-NP,1076,30,1,0,5264,5295,C
5-NP,1077,5385,0,6,0,5391,A
5-NP,1078,5391,0,1,0,5392,A
5-NP,1079,2,1,0,5426,5429,C
5-NP,1080,0,5410,1,8,5419,T
5-NP,1081,5317,1,1,0,5319,A
5-NP,1082,0,7,5337,0,5344,G
5-NP,1083,5242,0,3,0,5245,A
5-NP,1084,0,7,5234,0,5241,G
5-NP,1085,0,14,5251,0,5265,G
5-NP,1086,5008,1,0,0,5009,A
5-NP,1087,0,0,5132,0,5132,G
5-NP,1088,0,5043,1,10,5054,T
5-NP,1089,5073,0,1,0,5074,A
5-NP,1090,2,0,0,5071,5073,C
5-NP,1091,5008,3,0,0,5011,A
5-NP,1092,5009,0,1,1,5011,A
5-NP,1093,4966,0,1,0,4967,A
5-NP,1094,0,4902,0,9,4911,T
5-NP,1095,0,4893,0,0,4893,T
5-NP,1096,0,2,4745,0,4747,G
5-NP,1097,1,0,0,4700,4701,C
5-NP,1098,0,4678,1,6,4685,T
5-NP,1099,0,4685,0,1,4686,T
5-NP,1100,10,1,1,4681,4693,C
5-NP,1101,4715,0,0,1,4716,A
5-NP,1102,4723,0,0,0,4723,A
5-NP,1103,4721,0,0,0,4721,A
5-NP,1104,0,4724,0,0,4724,T
5-NP,1105,0,18,4716,0,4734,G
5-NP,1106,4653,0,4,0,4657,A
5-NP,1107,0,20,4676,0,4696,G
5-NP,1108,4675,0,8,0,4683,A
5-NP,1109,4688,0,1,0,4689,A
5-NP,1110,3,3,0,4699,4705,C
5-NP,1111,4656,0,0,0,4656,A
5-NP,1112,1,4649,0,0,4650,T
5-NP,1113,14,2,4716,0,4732,G
5-NP,1114,1,6,4737,0,4744,G
5-NP,1115,4733,0,2,0,4735,A
5-NP,1116,0,4655,0,4,4659,T
5-NP,1117,4592,0,2,0,4594,A
5-NP,1118,4892,0,1,2,4895,A
5-NP,1119,0,4804,0,4,4808,T
5-NP,1120,4788,0,1,0,4789,A
5-NP,1121,0,4746,0,0,4746,T
5-NP,1122,1,13,4480,1,4495,G
5-NP,1123,1,7,4404,1,4413,G
5-NP,1124,1,5,4383,0,4389,G
5-NP,1125,4352,0,1,1,4354,A
5-NP,1126,2,4347,0,0,4349,T
5-NP,1127,8,0,0,3524,3532,C
5-NP,1128,3,16,3524,1,3544,G
5-NP,1129,3511,1,0,0,3512,A
5-NP,1130,1,0,3520,0,3521,G
5-NP,1131,1,0,0,3504,3505,C
5-NP,1132,3463,0,1,0,3464,A
5-NP,1133,0,0,0,3638,3638,C
5-NP,1134,1,3582,0,1,3584,T
5-NP,1135,7,1,0,3619,3627,C
5-NP,1136,0,3627,0,1,3628,T
5-NP,1137,0,3590,0,0,3590,T
5-NP,1138,1,12,3579,0,3592,G
5-NP,1139,3559,1,0,0,3560,A
5-NP,1140,3576,0,0,0,3576,A
5-NP,1141,1,1,0,3577,3579,C
5-NP,1142,0,3013,0,1,3014,T
5-NP,1143,0,9,3021,1,3031,G
5-NP,1144,2938,0,0,0,2938,A
5-NP,1145,1,0,2970,0,2971,G
5-NP,1146,3009,0,1,0,3010,A
5-NP,1147,3043,0,2,0,3045,A
5-NP,1148,0,1,3048,0,3049,G
5-NP,1149,1,2,0,2991,2994,C
5-NP,1150,604,7,2373,1,2985,G
5-NP,1151,0,2,3029,0,3031,G
5-NP,1152,6,0,3052,0,3058,G
5-NP,1153,0,3026,0,0,3026,T
5-NP,1154,2955,0,0,0,2955,A
5-NP,1155,1,0,0,2963,2964,C
5-NP,1156,0,2562,0,0,2562,T
5-NP,1157,0,2,2572,0,2574,G
5-NP,1158,1,1,2529,0,2531,G
5-NP,1159,2,3,2555,0,2560,G
5-NP,1160,1,0,0,2510,2511,C
5-NP,1161,5,1,0,2418,2424,C
5-NP,1162,2474,1,1,0,2476,A
5-NP,1163,0,2500,0,0,2500,T
5-NP,1164,2481,0,0,0,2481,A
5-NP,1165,2477,1,0,0,2478,A
5-NP,1166,0,3,2461,1,2465,G
5-NP,1167,1,7,2514,0,2522,G
5-NP,1168,2477,0,1,1,2479,A
5-NP,1169,0,1,0,2485,2486,C
5-NP,1170,5,0,1,2480,2486,C
5-NP,1171,2467,1,1,0,2469,A
5-NP,1172,0,2,2520,0,2522,G
5-NP,1173,0,5,2526,1,2532,G
5-NP,1174,2509,0,0,0,2509,A
5-NP,1175,0,1,2527,0,2528,G
5-NP,1176,0,2412,0,1,2413,T
5-NP,1177,1,6,2429,0,2436,G
5-NP,1178,0,6,2454,0,2460,G
5-NP,1179,2451,0,1,0,2452,A
5-NP,1180,0,3,2474,0,2477,G
5-NP,1181,0,4,2421,0,2425,G
5-NP,1182,2416,0,1,0,2417,A
5-NP,1183,2410,0,0,0,2410,A
5-NP,1184,2402,0,0,0,2402,A
5-NP,1185,1,0,0,2423,2424,C
5-NP,1186,2413,0,0,0,2413,A
5-NP,1187,1,0,0,2465,2466,C
5-NP,1188,0,2414,0,0,2414,T
5-NP,1189,2483,0,1,0,2484,A
5-NP,1190,2476,0,0,0,2476,A
5-NP,1191,0,2485,0,0,2485,T
5-NP,1192,10,0,0,2496,2506,C
5-NP,1193,2484,0,0,0,2484,A
5-NP,1194,2480,0,25,0,2505,A
5-NP,1195,2,0,0,2522,2524,C
5-NP,1196,2472,0,0,0,2472,A
5-NP,1197,0,3,2467,0,2470,G
5-NP,1198,2389,0,1,0,2390,A
5-NP,1199,0,3,2407,0,2410,G
5-NP,1200,0,0,2425,0,2425,G
5-NP,1201,0,0,2400,0,2400,G
5-NP,1202,1,0,0,2382,2383,C
5-NP,1203,1,3,0,2386,2390,C
5-NP,1204,1,2378,0,0,2379,T
5-NP,1205,4,0,0,2401,2405,C
5-NP,1206,2,0,0,2404,2406,C
5-NP,1207,1,0,2407,1,2409,G
5-NP,1208,2,0,0,2410,2412,C
5-NP,1209,2389,0,0,0,2389,A
5-NP,1210,0,0,2430,0,2430,G
5-NP,1211,0,2,2432,0,2434,G
5-NP,1212,0,1,0,2440,2441,C
5-NP,1213,5,0,0,2444,2449,C
5-NP,1214,2420,0,0,0,2420,A
5-NP,1215,2432,0,0,0,2432,A
5-NP,1216,2432,0,1,0,2433,A
5-NP,1217,1,0,0,2460,2461,C
5-NP,1218,6,0,0,2458,2464,C
5-NP,1219,2339,0,0,0,2339,A
5-NP,1220,0,0,2374,0,2374,G
5-NP,1221,0,2348,0,0,2348,T
5-NP,1222,1,0,2381,0,2382,G
5-NP,1223,0,2356,0,2,2358,T
5-NP,1224,0,1,2357,0,2358,G
5-NP,1225,0,1,0,2358,2359,C
5-NP,1226,2332,0,0,0,2332,A
5-NP,1227,2367,0,1,0,2368,A
5-NP,1228,0,0,0,2370,2370,C
5-NP,1229,4,0,0,2348,2352,C
5-NP,1230,0,2351,1,2,2354,T
5-NP,1231,2346,0,0,0,2346,A
5-NP,1232,0,1,0,2344,2345,C
5-NP,1233,0,0,2350,0,2350,G
5-NP,1234,0,2322,1,1,2324,T
5-NP,1235,0,2355,0,0,2355,T
5-NP,1236,0,2309,0,0,2309,T
5-NP,1237,0,2295,0,0,2295,T
5-NP,1238,8,0,0,2290,2298,C
5-NP,1239,0,2272,1,0,2273,T
5-NP,1240,0,0,2335,0,2335,G
5-NP,1241,1,2323,0,1,2325,T
5-NP,1242,2333,0,0,0,2333,A
5-NP,1243,1,0,0,2345,2346,C
5-NP,1244,2312,0,0,0,2312,A
5-NP,1245,2316,0,0,0,2316,A
5-NP,1246,2309,0,2,0,2311,A
5-NP,1247,0,4,2326,0,2330,G
5-NP,1248,2321,0,0,0,2321,A
5-NP,1249,2246,0,2,0,2248,A
5-NP,1250,2229,0,6,0,2235,A
5-NP,1251,0,0,0,2244,2244,C
5-NP,1252,8,1,0,2213,2222,C
5-NP,1253,0,2202,0,4,2206,T
5-NP,1254,1,0,0,2214,2215,C
5-NP,1255,3,0,0,2214,2217,C
5-NP,1256,6,0,0,2202,2208,C
5-NP,1257,2201,0,0,0,2201,A
5-NP,1258,0,2214,0,0,2214,T
5-NP,1259,0,2222,0,1,2223,T
5-NP,1260,0,2223,0,1,2224,T
5-NP,1261,0,5,2215,0,2220,G
5-NP,1262,2221,0,0,0,2221,A
5-NP,1263,2222,0,0,0,2222,A
5-NP,1264,2214,0,2,0,2216,A
5-NP,1265,2217,0,0,0,2217,A
5-NP,1266,0,1,2235,0,2236,G
5-NP,1267,0,2207,0,1,2208,T
5-NP,1268,12,0,0,2215,2227,C
5-NP,1269,2231,0,2,0,2233,A
5-NP,1270,2229,0,2,0,2231,A
5-NP,1271,2,1,0,2234,2237,C
5-NP,1272,6,7,0,2251,2264,C
5-NP,1273,2262,0,0,0,2262,A
5-NP,1274,0,2256,0,1,2257,T
5-NP,1275,2,0,0,2260,2262,C
5-NP,1276,2240,0,1,1,2242,A
5-NP,1277,0,2254,0,0,2254,T
5-NP,1278,1,4,2255,0,2260,G
5-NP,1279,0,0,2260,0,2260,G
5-NP,1280,1,1,2,2255,2259,C
5-NP,1281,2223,0,6,0,2229,A
5-NP,1282,1,0,2235,0,2236,G
5-NP,1283,0,0,0,2211,2211,C
5-NP,1284,2221,1,0,0,2222,A
5-NP,1285,0,2216,0,0,2216,T
5-NP,1286,0,2206,0,0,2206,T
5-NP,1287,5,0,0,2212,2217,C
5-NP,1288,2201,0,0,0,2201,A
5-NP,1289,1,0,0,2217,2218,C
5-NP,1290,0,2215,1,1,2217,T
5-NP,1291,0,3,2216,0,2219,G
5-NP,1292,0,2,2252,0,2254,G
5-NP,1293,2225,0,0,0,2225,A
5-NP,1294,2230,0,0,0,2230,A
5-NP,1295,2222,0,1,0,2223,A
5-NP,1296,0,2211,0,0,2211,T
5-NP,1297,2213,0,1,0,2214,A
5-NP,1298,1,0,0,2211,2212,C
5-NP,1299,1,0,2179,0,2180,G
5-NP,1300,0,2,2180,0,2182,G
5-NP,1301,2123,0,1,1,2125,A
5-NP,1302,0,8,2137,0,2145,G
5-NP,1303,0,2,2143,0,2145,G
5-NP,1304,1,4,2152,0,2157,G
5-NP,1305,2160,0,0,0,2160,A
5-NP,1306,2151,0,3,0,2154,A
5-NP,1307,0,14,2149,0,2163,G
5-NP,1308,2158,0,0,0,2158,A
5-NP,1309,2148,1,0,0,2149,A
5-NP,1310,0,0,0,2179,2179,C
5-NP,1311,0,2156,0,1,2157,T
5-NP,1312,0,2159,0,0,2159,T
5-NP,1313,2,0,0,2162,2164,C
5-NP,1314,2168,0,1,0,2169,A
5-NP,1315,0,5,2167,0,2172,G
5-NP,1316,2157,0,1,0,2158,A
5-NP,1317,1,0,0,2164,2165,C
5-NP,1318,2146,0,0,0,2146,A
5-NP,1319,0,2100,1,2,2103,T
5-NP,1320,0,4,2105,0,2109,G
5-NP,1321,2076,0,0,0,2076,A
5-NP,1322,0,4,2097,0,2101,G
5-NP,1323,1,4,2099,0,2104,G
5-NP,1324,0,0,2085,0,2085,G
5-NP,1325,0,1,0,2089,2090,C
5-NP,1326,2074,0,1,0,2075,A
5-NP,1327,0,2,2076,0,2078,G
5-NP,1328,2075,1,0,0,2076,A
5-NP,1329,2084,1,0,1,2086,A
5-NP,1330,2081,0,0,0,2081,A
5-NP,1331,0,2059,0,0,2059,T
5-NP,1332,9,0,0,2056,2065,C
5-NP,1333,2060,0,1,0,2061,A
5-NP,1334,0,2052,0,0,2052,T
5-NP,1335,2064,0,0,0,2064,A
5-NP,1336,2054,0,0,0,2054,A
5-NP,1337,0,5,2084,0,2089,G
5-NP,1338,2052,0,1,0,2053,A
5-NP,1339,2080,0,0,0,2080,A
5-NP,1340,0,2042,0,0,2042,T
5-NP,1341,4,4,2040,0,2048,G
5-NP,1342,2040,0,2,0,2042,A
5-NP,1343,1,2042,0,0,2043,T
5-NP,1344,0,4,2044,0,2048,G
5-NP,1345,1,5,2036,0,2042,G
5-NP,1346,1992,0,2,0,1994,A
5-NP,1347,1980,0,0,1,1981,A
5-NP,1348,0,3,1937,0,1940,G
5-NP,1349,0,1,1964,0,1965,G
5-NP,1350,0,1935,0,0,1935,T
5-NP,1351,1,1,1936,0,1938,G
5-NP,1352,1,0,0,1927,1928,C
5-NP,1353,1947,0,0,0,1947,A
5-NP,1354,1938,0,1,0,1939,A
5-NP,1355,1943,0,0,0,1943,A
5-NP,1356,1956,0,1,0,1957,A
5-NP,1357,0,1,0,1960,1961,C
5-NP,1358,4,0,0,1944,1948,C
5-NP,1359,1916,0,1,0,1917,A
5-NP,1360,0,0,1934,0,1934,G
5-NP,1361,1933,0,0,0,1933,A
5-NP,1362,1925,0,1,0,1926,A
5-NP,1363,0,2,1928,0,1930,G
5-NP,1364,1910,0,0,0,1910,A
5-NP,1365,1864,0,1,0,1865,A
5-NP,1366,1,0,1897,0,1898,G
5-NP,1367,1,1874,0,0,1875,T
5-NP,1368,0,1,1894,0,1895,G
5-NP,1369,0,1855,0,3,1858,T
5-NP,1370,10,1,0,1855,1866,C
5-NP,1371,1871,0,0,1,1872,A
5-NP,1372,1,1888,0,0,1889,T
5-NP,1373,0,1878,0,0,1878,T
5-NP,1374,6,0,0,1882,1888,C
5-NP,1375,4,0,0,1856,1860,C
5-NP,1376,1,2,1860,0,1863,G
5-NP,1377,1831,0,0,0,1831,A
5-NP,1378,0,3,1851,0,1854,G
5-NP,1379,3,2,1860,0,1865,G
5-NP,1380,0,2,1860,0,1862,G
5-NP,1381,1789,0,2,0,1791,A
5-NP,1382,0,4,1789,0,1793,G
5-NP,1383,0,2,1786,0,1788,G
5-NP,1384,1,5,1768,0,1774,G
5-NP,1385,1,2,1788,0,1791,G
5-NP,1386,1783,1,1,0,1785,A
5-NP,1387,0,0,1797,0,1797,G
5-NP,1388,0,1770,0,0,1770,T
5-NP,1389,0,1762,0,0,1762,T
5-NP,1390,0,1764,0,0,1764,T
5-NP,1391,0,1752,0,0,1752,T
5-NP,1392,1,1,0,1760,1762,C
5-NP,1393,0,7,1756,0,1763,G
5-NP,1394,1742,0,1,0,1743,A
5-NP,1395,0,0,1758,0,1758,G
5-NP,1396,1,0,0,1741,1742,C
5-NP,1397,0,1744,0,2,1746,T
5-NP,1398,2,0,0,1760,1762,C
5-NP,1399,1,1750,0,1,1752,T
5-NP,1400,4,0,0,1759,1763,C
5-NP,1401,1759,0,4,0,1763,A
5-NP,1402,0,1,1780,0,1781,G
5-NP,1403,1769,0,0,0,1769,A
5-NP,1404,0,0,0,1762,1762,C
5-NP,1405,1,8,1755,0,1764,G
5-NP,1406,1728,0,0,0,1728,A
5-NP,1407,0,2,1734,0,1736,G
5-NP,1408,1716,0,0,0,1716,A
5-NP,1409,1710,0,0,0,1710,A
5-NP,1410,0,2,1709,0,1711,G
5-NP,1411,0,0,1686,0,1686,G
5-NP,1412,0,0,0,1697,1697,C
5-NP,1413,1689,0,1,0,1690,A
5-NP,1414,1683,0,3,0,1686,A
5-NP,1415,1,1,0,1670,1672,C
5-NP,1416,1,6,1673,0,1680,G
5-NP,1417,1683,0,0,0,1683,A
5-NP,1418,1657,0,0,0,1657,A
5-NP,1419,1,1,0,1662,1664,C
5-NP,1420,2,0,0,1638,1640,C
5-NP,1421,3,0,0,1622,1625,C
5-NP,1422,1,2,1638,0,1641,G
5-NP,1423,1635,0,1,0,1636,A
5-NP,1424,0,1645,0,0,1645,T
5-NP,1425,4,1,0,1601,1606,C
5-NP,1426,3,0,1604,0,1607,G
5-NP,1427,0,1603,0,0,1603,T
5-NP,1428,0,1,1585,0,1586,G
5-NP,1429,2,0,0,1569,1571,C
5-NP,1430,3,0,0,1566,1569,C
5-NP,1431,7,10,0,1577,1594,C
5-NP,1432,0,1558,0,1,1559,T
5-NP,1433,4,0,0,1622,1626,C
5-NP,1434,1,1618,0,0,1619,T
5-NP,1435,0,1619,1,0,1620,T
5-NP,1436,0,1628,0,0,1628,T
5-NP,1437,0,1608,0,0,1608,T
5-NP,1438,13,3,1601,0,1617,G
5-NP,1439,1607,1,0,0,1608,A
5-NP,1440,0,1584,0,0,1584,T
5-NP,1441,1580,0,0,0,1580,A
5-NP,1442,1,1332,0,0,1333,T
5-NP,1443,0,0,1361,0,1361,G
5-NP,1444,1342,0,0,0,1342,A
5-NP,1445,0,0,1357,0,1357,G
5-NP,1446,1,1347,0,0,1348,T
5-NP,1447,1296,0,0,0,1296,A
5-NP,1448,1303,0,0,0,1303,A
5-NP,1449,0,1293,0,0,1293,T
5-NP,1450,0,1,1296,0,1297,G
5-NP,1451,1289,0,0,0,1289,A
5-NP,1452,1138,0,0,0,1138,A
5-NP,1453,0,2,1133,0,1135,G
5-NP,1454,0,2,1050,0,1052,G
5-NP,1455,1035,0,0,0,1035,A
5-NP,1456,0,1041,0,0,1041,T
5-NP,1457,2,0,0,1023,1025,C
5-NP,1458,0,1022,0,0,1022,T
5-NP,1459,0,1012,0,7,1019,T
5-NP,1460,1021,0,0,0,1021,A
5-NP,1461,0,1018,0,0,1018,T
5-NP,1462,1,1005,0,0,1006,T
5-NP,1463,0,997,0,0,997,T
5-NP,1464,1,0,0,980,981,C
5-NP,1465,0,947,1,1,949,T
5-NP,1466,0,942,0,0,942,T
5-NP,1467,1,1,0,945,947,C
5-NP,1468,0,0,941,0,941,G
5-NP,1469,0,2,944,0,946,G
5-NP,1470,947,0,0,0,947,A
5-NP,1471,0,4,943,0,947,G
5-NP,1472,937,0,0,0,937,A
5-NP,1473,0,0,0,938,938,C
5-NP,1474,876,0,0,0,876,A
5-NP,1475,875,0,0,0,875,A
5-NP,1476,0,878,0,0,878,T
5-NP,1477,0,0,877,0,877,G
5-NP,1478,0,0,0,872,872,C
5-NP,1479,849,0,0,0,849,A
5-NP,1480,0,0,852,0,852,G
5-NP,1481,840,0,0,0,840,A
5-NP,1482,787,0,0,0,787,A
5-NP,1483,0,0,783,0,783,G
5-NP,1484,547,0,0,0,547,A
5-NP,1485,0,0,548,0,548,G
5-NP,1486,0,501,0,0,501,T
5-NP,1487,493,0,0,0,493,A
5-NP,1488,0,0,0,499,499,C
5-NP,1489,0,0,470,0,470,G
5-NP,1490,467,0,0,0,467,A
5-NP,1491,0,0,0,464,464,C
5-NP,1492,328,0,0,0,328,A
5-NP,1493,328,0,0,0,328,A
5-NP,1494,0,269,0,0,269,T
5-NP,1495,0,254,0,0,254,T
5-NP,1496,255,0,0,0,255,A
5-NP,1497,245,0,0,0,245,A
6-NA,1,1,0,0,0,1,A
6-NA,2,0,1,0,0,1,T
6-NA,3,0,0,1,0,1,G
6-NA,4,1,0,0,0,1,A
6-NA,5,3,0,0,0,3,A
6-NA,6,0,3,0,0,3,T
6-NA,7,0,0,0,3,3,C
6-NA,8,0,0,0,3,3,C
6-NA,9,3,0,0,0,3,A
6-NA,10,3,0,0,0,3,A
6-NA,11,3,0,0,0,3,A
6-NA,12,0,3,0,0,3,T
6-NA,13,0,0,0,3,3,C
6-NA,14,3,0,0,0,3,A
6-NA,15,3,0,0,0,3,A
6-NA,16,2,0,0,0,2,A
6-NA,17,3,0,0,0,3,A
6-NA,18,0,0,3,0,3,G
6-NA,19,3,0,0,0,3,A
6-NA,20,0,4,0,0,4,T
6-NA,21,5,0,0,0,5,A
6-NA,22,5,0,0,0,5,A
6-NA,23,0,5,0,0,5,T
6-NA,24,5,0,0,0,5,A
6-NA,25,5,0,0,0,5,A
6-NA,26,0,0,0,6,6,C
6-NA,27,0,0,6,0,6,G
6-NA,28,6,0,0,0,6,A
6-NA,29,0,6,0,0,6,T
6-NA,30,0,6,0,0,6,T
6-NA,31,0,0,6,0,6,G
6-NA,32,0,0,7,0,7,G
6-NA,33,0,0,0,7,7,C
6-NA,34,0,7,0,0,7,T
6-NA,35,0,0,0,7,7,C
6-NA,36,0,7,0,0,7,T
6-NA,37,0,0,10,0,10,G
6-NA,38,0,10,0,0,10,T
6-NA,39,0,10,0,0,10,T
6-NA,40,0,10,0,0,10,T
6-NA,41,0,0,0,10,10,C
6-NA,42,0,10,0,0,10,T
6-NA,43,0,0,0,10,10,C
6-NA,44,0,10,0,0,10,T
6-NA,45,0,0,0,10,10,C
6-NA,46,10,0,0,0,10,A
6-NA,47,0,0,0,10,10,C
6-NA,48,1,0,0,9,10,C
6-NA,49,10,0,0,0,10,A
6-NA,50,0,11,0,0,11,T
6-NA,51,0,11,0,0,11,T
6-NA,52,0,11,0,0,11,T
6-NA,53,0,0,0,11,11,C
6-NA,54,0,0,0,11,11,C
6-NA,55,11,0,0,0,11,A
6-NA,56,0,0,0,14,14,C
6-NA,57,14,0,0,0,14,A
6-NA,58,15,0,0,0,15,A
6-NA,59,0,14,0,0,14,T
6-NA,60,17,0,0,0,17,A
6-NA,61,0,17,0,0,17,T
6-NA,62,0,0,17,0,17,G
6-NA,63,0,0,0,17,17,C
6-NA,64,0,17,0,0,17,T
6-NA,65,0,16,0,0,16,T
6-NA,66,0,0,0,16,16,C
6-NA,67,0,15,0,0,15,T
6-NA,68,0,16,0,0,16,T
6-NA,69,0,0,0,16,16,C
6-NA,70,16,0,0,0,16,A
6-NA,71,0,16,0,0,16,T
6-NA,72,0,0,16,0,16,G
6-NA,73,0,0,0,16,16,C
6-NA,74,16,0,0,0,16,A
6-NA,75,16,0,0,0,16,A
6-NA,76,16,0,0,0,16,A
6-NA,77,0,17,0,0,17,T
6-NA,78,0,17,0,0,17,T
6-NA,79,0,0,17,0,17,G
6-NA,80,0,0,0,17,17,C
6-NA,81,0,0,0,17,17,C
6-NA,82,17,0,0,0,17,A
6-NA,83,0,17,0,0,17,T
6-NA,84,0,0,0,18,18,C
6-NA,85,0,18,0,0,18,T
6-NA,86,0,18,0,0,18,T
6-NA,87,0,0,18,0,18,G
6-NA,88,18,0,0,0,18,A
6-NA,89,0,18,0,0,18,T
6-NA,90,18,0,0,0,18,A
6-NA,91,18,0,0,0,18,A
6-NA,92,0,0,0,22,22,C
6-NA,93,0,21,0,0,21,T
6-NA,94,22,0,0,0,22,A
6-NA,95,0,0,0,24,24,C
6-NA,96,0,24,0,0,24,T
6-NA,97,0,0,24,0,24,G
6-NA,98,0,24,0,0,24,T
6-NA,99,24,0,0,0,24,A
6-NA,100,24,0,0,0,24,A
6-NA,101,0,0,0,23,23,C
6-NA,102,23,0,0,0,23,A
6-NA,103,0,23,0,0,23,T
6-NA,104,0,22,0,0,22,T
6-NA,105,0,0,22,0,22,G
6-NA,106,0,0,0,22,22,C
6-NA,107,22,0,0,0,22,A
6-NA,108,0,22,0,0,22,T
6-NA,109,0,22,0,0,22,T
6-NA,110,0,22,0,0,22,T
6-NA,111,0,0,0,22,22,C
6-NA,112,22,0,0,0,22,A
6-NA,113,22,0,0,0,22,A
6-NA,114,0,0,22,0,22,G
6-NA,115,0,0,0,22,22,C
6-NA,116,21,0,0,0,21,A
6-NA,117,22,0,0,0,22,A
6-NA,118,0,22,0,0,22,T
6-NA,119,22,0,0,0,22,A
6-NA,120,0,22,0,0,22,T
6-NA,121,0,0,24,0,24,G
6-NA,122,24,0,0,0,24,A
6-NA,123,24,0,0,0,24,A
6-NA,124,0,24,0,0,24,T
6-NA,125,0,24,0,0,24,T
6-NA,126,0,0,0,24,24,C
6-NA,127,24,0,0,0,24,A
6-NA,128,24,0,0,0,24,A
6-NA,129,0,0,0,24,24,C
6-NA,130,0,23,0,0,23,T
6-NA,131,0,0,0,21,21,C
6-NA,132,0,0,0,22,22,C
6-NA,133,0,0,0,25,25,C
6-NA,134,0,0,0,24,24,C
6-NA,135,0,0,0,25,25,C
6-NA,136,0,0,0,25,25,C
6-NA,137,0,0,0,24,24,C
6-NA,138,24,0,0,0,24,A
6-NA,139,24,0,0,0,24,A
6-NA,140,24,0,0,0,24,A
6-NA,141,0,0,0,26,26,C
6-NA,142,24,0,0,0,24,A
6-NA,143,25,0,0,0,25,A
6-NA,144,0,0,0,22,22,C
6-NA,145,0,0,0,24,24,C
6-NA,146,25,0,0,0,25,A
6-NA,147,23,0,0,0,23,A
6-NA,148,0,0,25,0,25,G
6-NA,149,0,24,0,0,24,T
6-NA,150,0,0,25,0,25,G
6-NA,151,25,0,0,0,25,A
6-NA,152,0,26,0,0,26,T
6-NA,153,0,0,26,0,26,G
6-NA,154,0,0,0,27,27,C
6-NA,155,0,27,0,0,27,T
6-NA,156,0,0,29,0,29,G
6-NA,157,0,29,0,0,29,T
6-NA,158,0,0,29,0,29,G
6-NA,159,0,28,0,0,28,T
6-NA,160,0,1,26,0,27,G
6-NA,161,27,0,0,0,27,A
6-NA,162,26,0,0,0,26,A
6-NA,163,0,0,0,27,27,C
6-NA,164,0,0,0,27,27,C
6-NA,165,26,0,0,0,26,A
6-NA,166,26,0,0,0,26,A
6-NA,167,0,0,0,28,28,C
6-NA,168,27,0,0,0,27,A
6-NA,169,28,0,0,0,28,A
6-NA,170,0,29,0,0,29,T
6-NA,171,29,0,0,0,29,A
6-NA,172,29,0,0,0,29,A
6-NA,173,0,29,0,0,29,T
6-NA,174,28,0,0,0,28,A
6-NA,175,0,0,28,0,28,G
6-NA,176,25,0,0,0,25,A
6-NA,177,26,0,0,0,26,A
6-NA,178,25,0,0,0,25,A
6-NA,179,0,0,25,0,25,G
6-NA,180,26,0,1,0,27,A
6-NA,181,28,0,0,0,28,A
6-NA,182,29,0,0,0,29,A
6-NA,183,0,0,0,29,29,C
6-NA,184,29,0,0,0,29,A
6-NA,185,0,28,0,0,28,T
6-NA,186,30,0,0,0,30,A
6-NA,187,30,0,0,0,30,A
6-NA,188,0,0,0,30,30,C
6-NA,189,30,0,0,0,30,A
6-NA,190,0,0,31,0,31,G
6-NA,191,29,0,0,0,29,A
6-NA,192,0,0,30,0,30,G
6-NA,193,31,0,0,0,31,A
6-NA,194,0,31,0,0,31,T
6-NA,195,31,0,0,0,31,A
6-NA,196,0,0,32,0,32,G
6-NA,197,0,30,0,0,30,T
6-NA,198,0,0,36,0,36,G
6-NA,199,0,36,0,0,36,T
6-NA,200,38,0,0,0,38,A
6-NA,201,0,38,0,0,38,T
6-NA,202,0,0,0,37,37,C
6-NA,203,0,38,0,0,38,T
6-NA,204,0,1,37,0,38,G
6-NA,205,37,0,0,0,37,A
6-NA,206,0,0,0,37,37,C
6-NA,207,0,0,0,37,37,C
6-NA,208,37,0,0,0,37,A
6-NA,209,37,0,0,0,37,A
6-NA,210,0,0,0,37,37,C
6-NA,211,37,0,0,0,37,A
6-NA,212,0,0,0,39,39,C
6-NA,213,0,0,0,39,39,C
6-NA,214,41,0,0,0,41,A
6-NA,215,0,0,0,41,41,C
6-NA,216,1,0,0,40,41,C
6-NA,217,40,0,0,0,40,A
6-NA,218,0,41,0,0,41,T
6-NA,219,39,0,0,0,39,A
6-NA,220,0,0,40,0,40,G
6-NA,221,38,0,0,0,38,A
6-NA,222,0,0,39,0,39,G
6-NA,223,40,0,0,0,40,A
6-NA,224,39,0,0,0,39,A
6-NA,225,0,1,38,0,39,G
6-NA,226,0,0,39,0,39,G
6-NA,227,39,0,0,0,39,A
6-NA,228,39,0,0,0,39,A
6-NA,229,39,0,0,0,39,A
6-NA,230,0,39,0,0,39,T
6-NA,231,38,0,0,0,38,A
6-NA,232,0,38,0,0,38,T
6-NA,233,0,0,38,0,38,G
6-NA,234,0,0,0,38,38,C
6-NA,235,0,0,0,38,38,C
6-NA,236,0,0,0,38,38,C
6-NA,237,1,0,0,37,38,C
6-NA,238,38,0,0,0,38,A
6-NA,239,41,0,0,0,41,A
6-NA,240,42,0,0,0,42,A
6-NA,241,0,0,0,42,42,C
6-NA,242,0,42,0,0,42,T
6-NA,243,41,0,0,0,41,A
6-NA,244,0,0,42,0,42,G
6-NA,245,0,0,0,42,42,C
6-NA,246,41,0,0,0,41,A
6-NA,247,0,0,41,0,41,G
6-NA,248,41,0,0,0,41,A
6-NA,249,42,0,0,0,42,A
6-NA,250,0,41,0,0,41,T
6-NA,251,42,0,0,0,42,A
6-NA,252,0,0,0,42,42,C
6-NA,253,41,0,0,0,41,A
6-NA,254,0,0,41,0,41,G
6-NA,255,41,0,0,0,41,A
6-NA,256,39,0,0,0,39,A
6-NA,257,39,0,0,0,39,A
6-NA,258,0,40,0,0,40,T
6-NA,259,0,40,0,0,40,T
6-NA,260,0,0,39,0,39,G
6-NA,261,0,0,38,0,38,G
6-NA,262,0,40,0,0,40,T
6-NA,263,0,0,0,39,39,C
6-NA,264,40,0,0,0,40,A
6-NA,265,40,0,0,0,40,A
6-NA,266,41,0,0,0,41,A
6-NA,267,0,0,41,0,41,G
6-NA,268,0,0,0,42,42,C
6-NA,269,0,0,0,41,41,C
6-NA,270,0,0,42,0,42,G
6-NA,271,0,0,0,43,43,C
6-NA,272,43,0,0,0,43,A
6-NA,273,44,0,0,0,44,A
6-NA,274,0,43,0,0,43,T
6-NA,275,0,0,43,0,43,G
6-NA,276,0,43,0,0,43,T
6-NA,277,0,0,44,0,44,G
6-NA,278,44,0,0,0,44,A
6-NA,279,0,0,0,44,44,C
6-NA,280,44,0,0,0,44,A
6-NA,281,0,45,0,0,45,T
6-NA,282,0,45,0,0,45,T
6-NA,283,45,0,0,0,45,A
6-NA,284,0,0,0,45,45,C
6-NA,285,45,0,0,0,45,A
6-NA,286,0,0,45,0,45,G
6-NA,287,0,0,44,0,44,G
6-NA,288,44,0,0,0,44,A
6-NA,289,0,44,0,0,44,T
6-NA,290,0,44,0,0,44,T
6-NA,291,0,43,0,0,43,T
6-NA,292,0,0,43,0,43,G
6-NA,293,0,0,0,44,44,C
6-NA,294,44,0,0,0,44,A
6-NA,295,1,0,0,44,45,C
6-NA,296,0,0,0,45,45,C
6-NA,297,0,44,0,0,44,T
6-NA,298,0,45,0,0,45,T
6-NA,299,0,45,0,0,45,T
6-NA,300,0,43,0,0,43,T
6-NA,301,0,45,0,0,45,T
6-NA,302,0,0,0,45,45,C
6-NA,303,0,45,0,0,45,T
6-NA,304,45,0,0,0,45,A
6-NA,305,45,0,0,0,45,A
6-NA,306,0,0,44,0,44,G
6-NA,307,0,0,46,0,46,G
6-NA,308,46,0,0,0,46,A
6-NA,309,0,0,0,47,47,C
6-NA,310,47,0,0,0,47,A
6-NA,311,47,0,0,0,47,A
6-NA,312,0,47,0,0,47,T
6-NA,313,0,46,0,0,46,T
6-NA,314,0,0,0,48,48,C
6-NA,315,0,0,47,0,47,G
6-NA,316,47,0,0,0,47,A
6-NA,317,0,47,0,0,47,T
6-NA,318,0,47,0,0,47,T
6-NA,319,47,0,0,0,47,A
6-NA,320,0,0,47,0,47,G
6-NA,321,0,0,49,0,49,G
6-NA,322,0,0,0,48,48,C
6-NA,323,0,47,0,0,47,T
6-NA,324,0,46,0,0,46,T
6-NA,325,0,47,0,0,47,T
6-NA,326,0,0,0,47,47,C
6-NA,327,0,0,0,47,47,C
6-NA,328,0,0,47,0,47,G
6-NA,329,0,0,0,47,47,C
6-NA,330,0,47,0,0,47,T
6-NA,331,0,0,47,0,47,G
6-NA,332,0,0,48,0,48,G
6-NA,333,0,48,0,0,48,T
6-NA,334,0,0,48,0,48,G
6-NA,335,0,0,47,0,47,G
6-NA,336,0,0,48,0,48,G
6-NA,337,0,0,48,0,48,G
6-NA,338,48,0,0,0,48,A
6-NA,339,0,0,0,51,51,C
6-NA,340,49,0,0,0,49,A
6-NA,341,0,50,0,0,50,T
6-NA,342,0,0,0,50,50,C
6-NA,343,0,49,0,0,49,T
6-NA,344,0,1,49,0,50,G
6-NA,345,0,1,50,0,51,G
6-NA,346,0,0,51,0,51,G
6-NA,347,0,53,0,0,53,T
6-NA,348,0,1,52,0,53,G
6-NA,349,53,0,0,0,53,A
6-NA,350,0,0,0,59,59,C
6-NA,351,60,0,0,0,60,A
6-NA,352,71,0,0,0,71,A
6-NA,353,0,0,75,0,75,G
6-NA,354,74,0,0,0,74,A
6-NA,355,0,0,87,0,87,G
6-NA,356,94,0,0,1,95,A
6-NA,357,118,0,0,0,118,A
6-NA,358,0,0,0,188,188,C
6-NA,359,0,1,0,212,213,C
6-NA,360,1,212,0,0,213,T
6-NA,361,0,215,0,0,215,T
6-NA,362,216,0,0,0,216,A
6-NA,363,0,218,0,0,218,T
6-NA,364,0,1,247,0,248,G
6-NA,365,0,248,0,0,248,T
6-NA,366,0,0,255,0,255,G
6-NA,367,0,255,0,0,255,T
6-NA,368,1,0,0,254,255,C
6-NA,369,262,0,0,0,262,A
6-NA,370,0,263,0,0,263,T
6-NA,371,0,0,261,0,261,G
6-NA,372,0,0,0,264,264,C
6-NA,373,0,0,268,0,268,G
6-NA,374,324,0,0,0,324,A
6-NA,375,0,323,0,0,323,T
6-NA,376,0,0,0,335,335,C
6-NA,377,1,0,0,333,334,C
6-NA,378,0,351,0,0,351,T
6-NA,379,0,0,358,0,358,G
6-NA,380,353,0,0,0,353,A
6-NA,381,0,0,0,355,355,C
6-NA,382,359,0,0,0,359,A
6-NA,383,352,0,0,0,352,A
6-NA,384,0,0,374,0,374,G
6-NA,385,0,374,0,0,374,T
6-NA,386,0,0,381,0,381,G
6-NA,387,0,383,0,0,383,T
6-NA,388,0,384,0,0,384,T
6-NA,389,386,0,0,0,386,A
6-NA,390,0,385,0,0,385,T
6-NA,391,1,1,0,400,402,C
6-NA,392,401,0,0,0,401,A
6-NA,393,401,0,0,0,401,A
6-NA,394,0,400,2,0,402,T
6-NA,395,0,399,0,0,399,T
6-NA,396,0,399,0,0,399,T
6-NA,397,1,0,401,0,402,G
6-NA,398,0,0,0,433,433,C
6-NA,399,1,0,0,430,431,C
6-NA,400,2,0,0,440,442,C
6-NA,401,0,438,0,1,439,T
6-NA,402,0,437,0,0,437,T
6-NA,403,0,0,447,0,447,G
6-NA,404,0,0,450,0,450,G
6-NA,405,453,0,0,0,453,A
6-NA,406,0,0,0,458,458,C
6-NA,407,443,0,0,0,443,A
6-NA,408,0,1,465,0,466,G
6-NA,409,0,1,462,0,463,G
6-NA,410,0,2,483,0,485,G
6-NA,411,487,0,0,0,487,A
6-NA,412,486,0,0,0,486,A
6-NA,413,0,0,0,489,489,C
6-NA,414,492,0,0,0,492,A
6-NA,415,566,0,0,0,566,A
6-NA,416,0,0,0,577,577,C
6-NA,417,570,0,2,0,572,A
6-NA,418,0,0,0,579,579,C
6-NA,419,0,572,0,0,572,T
6-NA,420,580,0,0,0,580,A
6-NA,421,579,0,0,0,579,A
6-NA,422,577,0,0,0,577,A
6-NA,423,0,1,0,576,577,C
6-NA,424,556,0,0,0,556,A
6-NA,425,559,0,0,0,559,A
6-NA,426,0,0,0,559,559,C
6-NA,427,0,0,556,0,556,G
6-NA,428,0,556,0,0,556,T
6-NA,429,2,1,555,0,558,G
6-NA,430,0,0,0,561,561,C
6-NA,431,561,0,0,0,561,A
6-NA,432,0,567,0,0,567,T
6-NA,433,0,568,0,0,568,T
6-NA,434,1,0,0,580,581,C
6-NA,435,593,0,0,0,593,A
6-NA,436,600,0,0,0,600,A
6-NA,437,601,0,0,0,601,A
6-NA,438,1,602,0,0,603,T
6-NA,439,0,4,598,0,602,G
6-NA,440,612,0,0,0,612,A
6-NA,441,0,0,0,618,618,C
6-NA,442,612,0,2,0,614,A
6-NA,443,0,1,0,627,628,C
6-NA,444,619,0,1,0,620,A
6-NA,445,0,1,801,0,802,G
6-NA,446,1,796,0,0,797,T
6-NA,447,819,0,0,0,819,A
6-NA,448,1,0,0,822,823,C
6-NA,449,0,0,820,0,820,G
6-NA,450,0,831,0,0,831,T
6-NA,451,0,4,841,0,845,G
6-NA,452,838,0,0,0,838,A
6-NA,453,0,842,0,0,842,T
6-NA,454,791,0,2,0,793,A
6-NA,455,0,1,792,0,793,G
6-NA,456,0,0,785,0,785,G
6-NA,457,787,0,0,0,787,A
6-NA,458,0,0,0,800,800,C
6-NA,459,2,0,0,783,785,C
6-NA,460,1,0,0,798,799,C
6-NA,461,5,0,0,796,801,C
6-NA,462,0,800,0,2,802,T
6-NA,463,0,813,0,0,813,T
6-NA,464,813,0,1,0,814,A
6-NA,465,0,810,0,0,810,T
6-NA,466,1,2,0,809,812,C
6-NA,467,0,1,804,0,805,G
6-NA,468,0,5,797,0,802,G
6-NA,469,800,0,0,0,800,A
6-NA,470,0,0,0,811,811,C
6-NA,471,1,0,0,801,802,C
6-NA,472,2,0,0,835,837,C
6-NA,473,0,836,0,1,837,T
6-NA,474,851,0,0,0,851,A
6-NA,475,0,851,0,0,851,T
6-NA,476,0,848,0,0,848,T
6-NA,477,0,4,849,0,853,G
6-NA,478,846,0,2,0,848,A
6-NA,479,0,853,0,0,853,T
6-NA,480,0,2,848,0,850,G
6-NA,481,825,0,0,0,825,A
6-NA,482,837,0,0,0,837,A
6-NA,483,0,828,0,0,828,T
6-NA,484,4,2,836,0,842,G
6-NA,485,869,0,0,0,869,A
6-NA,486,1,0,874,0,875,G
6-NA,487,0,869,0,0,869,T
6-NA,488,0,881,0,0,881,T
6-NA,489,879,0,0,1,880,A
6-NA,490,0,1,876,0,877,G
6-NA,491,0,0,881,0,881,G
6-NA,492,1,870,0,0,871,T
6-NA,493,0,0,864,0,864,G
6-NA,494,0,862,0,1,863,T
6-NA,495,0,863,0,0,863,T
6-NA,496,3,0,0,866,869,C
6-NA,497,2,0,0,872,874,C
6-NA,498,0,867,0,2,869,T
6-NA,499,0,871,0,1,872,T
6-NA,500,0,874,0,0,874,T
6-NA,501,0,876,0,1,877,T
6-NA,502,3,2,0,879,884,C
6-NA,503,879,0,0,0,879,A
6-NA,504,0,896,0,0,896,T
6-NA,505,1,0,0,902,903,C
6-NA,506,0,895,0,0,895,T
6-NA,507,0,2,892,0,894,G
6-NA,508,0,0,885,0,885,G
6-NA,509,0,3,877,0,880,G
6-NA,510,0,1,890,0,891,G
6-NA,511,893,0,0,0,893,A
6-NA,512,0,0,0,901,901,C
6-NA,513,1,1,0,895,897,C
6-NA,514,919,0,0,0,919,A
6-NA,515,925,0,0,0,925,A
6-NA,516,0,0,922,0,922,G
6-NA,517,1,2,0,930,933,C
6-NA,518,940,0,0,0,940,A
6-NA,519,935,0,23,0,958,A
6-NA,520,0,0,970,0,970,G
6-NA,521,0,953,0,0,953,T
6-NA,522,0,0,983,0,983,G
6-NA,523,0,968,0,1,969,T
6-NA,524,2,0,1002,0,1004,G
6-NA,525,1,1,1,1001,1004,C
6-NA,526,997,0,0,0,997,A
6-NA,527,0,1010,0,0,1010,T
6-NA,528,988,0,1,0,989,A
6-NA,529,0,0,1006,0,1006,G
6-NA,530,0,1,0,1015,1016,C
6-NA,531,1000,0,1,0,1001,A
6-NA,532,1,1002,0,0,1003,T
6-NA,533,0,1,964,0,965,G
6-NA,534,0,0,1077,0,1077,G
6-NA,535,0,1083,0,1,1084,T
6-NA,536,5,0,1,1074,1080,C
6-NA,537,0,0,0,1115,1115,C
6-NA,538,1130,1,0,0,1131,A
6-NA,539,0,0,1244,1,1245,G
6-NA,540,1,0,0,1257,1258,C
6-NA,541,0,1255,0,0,1255,T
6-NA,542,5,1,0,1261,1267,C
6-NA,543,1249,0,1,0,1250,A
6-NA,544,1286,0,0,0,1286,A
6-NA,545,0,1,1293,0,1294,G
6-NA,546,0,1298,0,0,1298,T
6-NA,547,0,1304,0,0,1304,T
6-NA,548,1,0,1318,0,1319,G
6-NA,549,0,1322,0,0,1322,T
6-NA,550,6,0,1,1316,1323,C
6-NA,551,1324,0,0,0,1324,A
6-NA,552,1,2,0,1342,1345,C
6-NA,553,0,3,1343,0,1346,G
6-NA,554,1403,0,1,0,1404,A
6-NA,555,0,1418,0,0,1418,T
6-NA,556,0,1,1468,0,1469,G
6-NA,557,1,3,1489,0,1493,G
6-NA,558,1497,0,1,0,1498,A
6-NA,559,1506,0,1,0,1507,A
6-NA,560,1531,0,0,0,1531,A
6-NA,561,1542,0,1,0,1543,A
6-NA,562,0,0,1568,0,1568,G
6-NA,563,0,0,0,1571,1571,C
6-NA,564,1573,0,2,0,1575,A
6-NA,565,1,1576,0,2,1579,T
6-NA,566,0,5,1622,0,1627,G
6-NA,567,0,0,1639,0,1639,G
6-NA,568,0,0,0,1685,1685,C
6-NA,569,0,1678,0,0,1678,T
6-NA,570,0,1,1709,0,1710,G
6-NA,571,0,4,0,1705,1709,C
6-NA,572,1709,0,2,0,1711,A
6-NA,573,0,1849,0,0,1849,T
6-NA,574,1,0,1867,0,1868,G
6-NA,575,0,1929,0,1,1930,T
6-NA,576,0,2011,0,3,2014,T
6-NA,577,0,2020,0,1,2021,T
6-NA,578,13,0,2203,0,2216,G
6-NA,579,0,2205,0,2,2207,T
6-NA,580,2230,0,0,0,2230,A
6-NA,581,0,2256,0,0,2256,T
6-NA,582,2258,0,1,0,2259,A
6-NA,583,2273,0,3,0,2276,A
6-NA,584,0,1,0,2259,2260,C
6-NA,585,3,4,2245,0,2252,G
6-NA,586,1,6,2253,1,2261,G
6-NA,587,0,7,2219,0,2226,G
6-NA,588,0,6,2242,0,2248,G
6-NA,589,1,5,2247,0,2253,G
6-NA,590,2230,0,3,0,2233,A
6-NA,591,2,2260,0,0,2262,T
6-NA,592,0,6,2265,0,2271,G
6-NA,593,2292,0,2,0,2294,A
6-NA,594,0,2314,0,0,2314,T
6-NA,595,2307,0,1,0,2308,A
6-NA,596,2341,0,1,0,2342,A
6-NA,597,2366,0,0,0,2366,A
6-NA,598,2357,0,0,0,2357,A
6-NA,599,2372,0,0,0,2372,A
6-NA,600,0,2380,0,1,2381,T
6-NA,601,0,0,2370,0,2370,G
6-NA,602,0,2,0,2376,2378,C
6-NA,603,2376,0,0,0,2376,A
6-NA,604,2395,0,0,0,2395,A
6-NA,605,0,0,0,2440,2440,C
6-NA,606,0,2429,0,3,2432,T
6-NA,607,0,1,2446,0,2447,G
6-NA,608,0,0,0,2437,2437,C
6-NA,609,0,2442,0,1,2443,T
6-NA,610,2452,0,1,0,2453,A
6-NA,611,0,1,2451,0,2452,G
6-NA,612,0,0,0,2501,2501,C
6-NA,613,0,2507,0,3,2510,T
6-NA,614,1,2498,0,0,2499,T
6-NA,615,5,0,0,2539,2544,C
6-NA,616,2562,0,1,0,2563,A
6-NA,617,0,2571,0,0,2571,T
6-NA,618,0,2577,0,0,2577,T
6-NA,619,0,2605,0,0,2605,T
6-NA,620,2618,0,0,0,2618,A
6-NA,621,0,0,0,2672,2672,C
6-NA,622,2652,0,0,0,2652,A
6-NA,623,2678,1,2,0,2681,A
6-NA,624,0,2669,0,0,2669,T
6-NA,625,0,8,2666,1,2675,G
6-NA,626,1,3,2660,0,2664,G
6-NA,627,0,3,2655,0,2658,G
6-NA,628,2642,0,3,0,2645,A
6-NA,629,1,7,2748,0,2756,G
6-NA,630,0,0,2793,0,2793,G
6-NA,631,0,0,0,3103,3103,C
6-NA,632,0,3129,0,2,3131,T
6-NA,633,0,3173,0,0,3173,T
6-NA,634,1,0,3212,0,3213,G
6-NA,635,1,3204,0,0,3205,T
6-NA,636,3301,0,2,1,3304,A
6-NA,637,3,2,3319,0,3324,G
6-NA,638,3273,0,2,0,3275,A
6-NA,639,0,3296,0,0,3296,T
6-NA,640,3098,0,0,0,3098,A
6-NA,641,0,2,3095,0,3097,G
6-NA,642,0,3056,0,1,3057,T
6-NA,643,0,3,3012,0,3015,G
6-NA,644,0,3210,0,0,3210,T
6-NA,645,0,3215,0,0,3215,T
6-NA,646,2,0,3268,1,3271,G
6-NA,647,0,3249,0,3,3252,T
6-NA,648,0,3268,0,1,3269,T
6-NA,649,0,3271,0,1,3272,T
6-NA,650,7,0,0,3225,3232,C
6-NA,651,3226,1,0,0,3227,A
6-NA,652,0,3208,0,2,3210,T
6-NA,653,0,10,3208,0,3218,G
6-NA,654,1,1,3455,0,3457,G
6-NA,655,0,3450,0,0,3450,T
6-NA,656,11,1,0,3448,3460,C
6-NA,657,9,2,0,3447,3458,C
6-NA,658,3475,0,0,0,3475,A
6-NA,659,3506,0,0,1,3507,A
6-NA,660,3516,0,0,0,3516,A
6-NA,661,0,10,3529,0,3539,G
6-NA,662,3517,0,1,0,3518,A
6-NA,663,3424,0,0,0,3424,A
6-NA,664,3435,0,0,0,3435,A
6-NA,665,0,3441,0,0,3441,T
6-NA,666,7,0,0,3558,3565,C
6-NA,667,5,1,0,3574,3580,C
6-NA,668,1,3568,0,1,3570,T
6-NA,669,6,1,0,3571,3578,C
6-NA,670,3568,1,7,0,3576,A
6-NA,671,8,8,3589,0,3605,G
6-NA,672,1,13,3570,0,3584,G
6-NA,673,3694,0,2,0,3696,A
6-NA,674,1,1,0,3707,3709,C
6-NA,675,4,0,0,3645,3649,C
6-NA,676,5,0,0,3663,3668,C
6-NA,677,3662,0,0,0,3662,A
6-NA,678,2,1,3675,0,3678,G
6-NA,679,4,7,3693,0,3704,G
6-NA,680,3674,0,2,0,3676,A
6-NA,681,0,0,3750,0,3750,G
6-NA,682,0,3689,0,2,3691,T
6-NA,683,17,0,0,3690,3707,C
6-NA,684,3716,0,2,0,3718,A
6-NA,685,22,11,3711,0,3744,G
6-NA,686,3732,0,0,0,3732,A
6-NA,687,3730,0,0,0,3730,A
6-NA,688,0,3727,0,0,3727,T
6-NA,689,1,1,3746,1,3749,G
6-NA,690,1,2,1,3730,3734,C
6-NA,691,1,2,3775,0,3778,G
6-NA,692,0,3749,0,3,3752,T
6-NA,693,0,3765,0,0,3765,T
6-NA,694,0,3748,0,0,3748,T
6-NA,695,4,0,3783,0,3787,G
6-NA,696,0,3783,0,1,3784,T
6-NA,697,3801,0,0,0,3801,A
6-NA,698,0,3788,0,2,3790,T
6-NA,699,9,1,0,3798,3808,C
6-NA,700,3784,0,1,0,3785,A
6-NA,701,3780,0,0,0,3780,A
6-NA,702,0,3785,0,1,3786,T
6-NA,703,0,5,3775,0,3780,G
6-NA,704,0,12,3776,0,3788,G
6-NA,705,3891,0,0,0,3891,A
6-NA,706,3895,0,3,0,3898,A
6-NA,707,1,0,0,3936,3937,C
6-NA,708,0,3961,0,1,3962,T
6-NA,709,0,3955,0,0,3955,T
6-NA,710,0,2,4114,0,4116,G
6-NA,711,1,4105,0,1,4107,T
6-NA,712,4103,0,3,1,4107,A
6-NA,713,1,0,1,4201,4203,C
6-NA,714,4095,0,1,0,4096,A
6-NA,715,0,2,4441,0,4443,G
6-NA,716,0,4415,0,1,4416,T
6-NA,717,4633,0,1,0,4634,A
6-NA,718,0,2,4664,0,4666,G
6-NA,719,0,4572,0,2,4574,T
6-NA,720,4577,0,1,0,4578,A
6-NA,721,4579,0,0,0,4579,A
6-NA,722,1,4581,0,1,4583,T
6-NA,723,2,23,4590,0,4615,G
6-NA,724,4503,1,2,0,4506,A
6-NA,725,2,0,0,4572,4574,C
6-NA,726,0,4455,0,1,4456,T
6-NA,727,1,5,4473,0,4479,G
6-NA,728,4447,0,1,0,4448,A
6-NA,729,0,4493,0,0,4493,T
6-NA,730,0,15,4473,1,4489,G
6-NA,731,0,12,4446,1,4459,G
6-NA,732,0,3,4490,0,4493,G
6-NA,733,4419,0,6,0,4425,A
6-NA,734,0,0,4440,1,4441,G
6-NA,735,8,4429,0,6,4443,T
6-NA,736,13,3,4450,0,4466,G
6-NA,737,1,1,0,4737,4739,C
6-NA,738,0,4747,0,1,4748,T
6-NA,739,0,4740,0,1,4741,T
6-NA,740,6,1,0,4735,4742,C
6-NA,741,4746,0,4,0,4750,A
6-NA,742,1,7,4777,0,4785,G
6-NA,743,0,11,4742,0,4753,G
6-NA,744,4726,1,1,0,4728,A
6-NA,745,3,3,4533,0,4539,G
6-NA,746,4536,0,0,1,4537,A
6-NA,747,4577,0,3,1,4581,A
6-NA,748,1,1,4598,0,4600,G
6-NA,749,0,0,0,4604,4604,C
6-NA,750,0,4604,0,1,4605,T
6-NA,751,1,9,4599,0,4609,G
6-NA,752,4574,1,4,0,4579,A
6-NA,753,0,4659,0,2,4661,T
6-NA,754,4662,0,1,0,4663,A
6-NA,755,1,1,0,4868,4870,C
6-NA,756,0,4854,0,3,4857,T
6-NA,757,4847,0,0,0,4847,A
6-NA,758,4857,1,0,0,4858,A
6-NA,759,4856,1,1,0,4858,A
6-NA,760,4984,0,0,1,4985,A
6-NA,761,0,4988,0,1,4989,T
6-NA,762,4970,12,1,1,4984,A
6-NA,763,1,1,0,5011,5013,C
6-NA,764,0,4909,0,3,4912,T
6-NA,765,4967,0,0,1,4968,A
6-NA,766,0,4944,0,12,4956,T
6-NA,767,0,5173,0,1,5174,T
6-NA,768,14,0,0,5193,5207,C
6-NA,769,5097,0,0,0,5097,A
6-NA,770,0,5111,0,1,5112,T
6-NA,771,0,5099,0,1,5100,T
6-NA,772,1,8,5120,1,5130,G
6-NA,773,5066,0,5,0,5071,A
6-NA,774,6,8,5076,0,5090,G
6-NA,775,0,3,5078,0,5081,G
6-NA,776,4921,2,2,0,4925,A
6-NA,777,0,6,4992,0,4998,G
6-NA,778,0,11,4974,0,4985,G
6-NA,779,1,13,4984,0,4998,G
6-NA,780,2,10,4982,0,4994,G
6-NA,781,4944,1,33,0,4978,A
6-NA,782,5010,0,2,0,5012,A
6-NA,783,5004,0,0,0,5004,A
6-NA,784,4987,0,2,0,4989,A
6-NA,785,0,4983,0,0,4983,T
6-NA,786,14,0,0,4949,4963,C
6-NA,787,5,0,5023,0,5028,G
6-NA,788,0,5005,0,0,5005,T
6-NA,789,0,5001,0,2,5003,T
6-NA,790,21,0,0,5002,5023,C
6-NA,791,5012,1,0,0,5013,A
6-NA,792,1,5368,0,0,5369,T
6-NA,793,5355,0,1,0,5356,A
6-NA,794,0,1,0,5408,5409,C
6-NA,795,0,5381,1,1,5383,T
6-NA,796,5422,0,2,0,5424,A
6-NA,797,1,1,5414,0,5416,G
6-NA,798,0,2,0,5410,5412,C
6-NA,799,5412,2,1,0,5415,A
6-NA,800,1,1,0,5409,5411,C
6-NA,801,5242,0,2,0,5244,A
6-NA,802,0,5335,0,2,5337,T
6-NA,803,0,5315,0,0,5315,T
6-NA,804,1,3,5692,0,5696,G
6-NA,805,1,5670,0,4,5675,T
6-NA,806,18,0,0,5656,5674,C
6-NA,807,5667,0,9,1,5677,A
6-NA,808,2,10,5670,0,5682,G
6-NA,809,1,14,5664,0,5679,G
6-NA,810,5679,0,1,0,5680,A
6-NA,811,5600,0,2,0,5602,A
6-NA,812,0,2,5670,0,5672,G
6-NA,813,0,5434,0,0,5434,T
6-NA,814,3,1,5472,0,5476,G
6-NA,815,0,1,0,5483,5484,C
6-NA,816,0,5483,0,3,5486,T
6-NA,817,14,0,0,5505,5519,C
6-NA,818,5485,1,4,0,5490,A
6-NA,819,4,1,5508,0,5513,G
6-NA,820,1,0,1,5524,5526,C
6-NA,821,5526,1,2,0,5529,A
6-NA,822,0,5532,0,0,5532,T
6-NA,823,2,0,5710,0,5712,G
6-NA,824,0,5681,0,2,5683,T
6-NA,825,16,3,2,5682,5703,C
6-NA,826,2,6,5695,0,5703,G
6-NA,827,5646,0,1,0,5647,A
6-NA,828,1,9,5651,0,5661,G
6-NA,829,0,6,5650,1,5657,G
6-NA,830,5603,0,4,0,5607,A
6-NA,831,1,0,5702,0,5703,G
6-NA,832,0,5538,0,4,5542,T
6-NA,833,22,1,5554,0,5577,G
6-NA,834,0,1,0,5680,5681,C
6-NA,835,1,5665,0,2,5668,T
6-NA,836,21,2,0,5676,5699,C
6-NA,837,5,1,1,5697,5704,C
6-NA,838,0,5730,0,1,5731,T
6-NA,839,2,0,5748,0,5750,G
6-NA,840,0,2,0,5697,5699,C
6-NA,841,1,5693,1,1,5696,T
6-NA,842,5735,0,1,0,5736,A
6-NA,843,0,5633,0,1,5634,T
6-NA,844,6,1,1,5662,5670,C
6-NA,845,6,3,0,5661,5670,C
6-NA,846,2,5637,0,6,5645,T
6-NA,847,5,3,1,5709,5718,C
6-NA,848,3,10,5694,1,5708,G
6-NA,849,5753,0,0,0,5753,A
6-NA,850,0,5769,0,3,5772,T
6-NA,851,5774,0,2,0,5776,A
6-NA,852,0,5768,0,3,5771,T
6-NA,853,9,1,3,5754,5767,C
6-NA,854,11,2,0,5744,5757,C
6-NA,855,0,5721,0,5,5726,T
6-NA,856,2,7,5730,0,5739,G
6-NA,857,2,2,5732,0,5736,G
6-NA,858,0,5821,0,1,5822,T
6-NA,859,2,1,5849,1,5853,G
6-NA,860,0,5805,0,5,5810,T
6-NA,861,21,0,0,5793,5814,C
6-NA,862,5797,1,6,0,5804,A
6-NA,863,3,7,5798,0,5808,G
6-NA,864,5790,0,2,1,5793,A
6-NA,865,0,5765,0,2,5767,T
6-NA,866,0,1,5773,1,5775,G
6-NA,867,0,5686,0,4,5690,T
6-NA,868,1,0,5704,0,5705,G
6-NA,869,0,5696,0,5,5701,T
6-NA,870,19,1,0,5712,5732,C
6-NA,871,7,5717,0,6,5730,T
6-NA,872,1,0,5725,0,5726,G
6-NA,873,2,1,1,5715,5719,C
6-NA,874,5721,0,0,2,5723,A
6-NA,875,1,4,5723,0,5728,G
6-NA,876,5592,1,2,0,5595,A
6-NA,877,0,7,5607,0,5614,G
6-NA,878,5596,0,1,0,5597,A
6-NA,879,0,0,0,5655,5655,C
6-NA,880,5661,0,1,0,5662,A
6-NA,881,5664,1,1,0,5666,A
6-NA,882,0,2,0,5692,5694,C
6-NA,883,0,5683,1,3,5687,T
6-NA,884,2,3,5671,0,5676,G
6-NA,885,0,11,5649,0,5660,G
6-NA,886,5654,0,4,0,5658,A
6-NA,887,5641,0,3,0,5644,A
6-NA,888,5521,0,4,1,5526,A
6-NA,889,0,12,5621,0,5633,G
6-NA,890,0,2,5578,0,5580,G
6-NA,891,4,0,1,5583,5588,C
6-NA,892,0,5533,0,10,5543,T
6-NA,893,8,0,1,5680,5689,C
6-NA,894,7,2,0,5735,5744,C
6-NA,895,5794,0,0,0,5794,A
6-NA,896,5779,0,0,0,5779,A
6-NA,897,0,5735,0,40,5775,T
6-NA,898,5572,0,4,1,5577,A
6-NA,899,1,6,5550,1,5558,G
6-NA,900,3,2,5563,1,5569,G
6-NA,901,3,1,0,5536,5540,C
6-NA,902,7,1,1,5416,5425,C
6-NA,903,16,1,0,5364,5381,C
6-NA,904,5431,0,1,0,5432,A
6-NA,905,0,5497,0,2,5499,T
6-NA,906,9,0,0,5517,5526,C
6-NA,907,13,0,5535,0,5548,G
6-NA,908,0,5504,0,2,5506,T
6-NA,909,5406,0,1,0,5407,A
6-NA,910,1,2,5531,0,5534,G
6-NA,911,5543,0,4,0,5547,A
6-NA,912,1,5558,0,0,5559,T
6-NA,913,5462,0,0,0,5462,A
6-NA,914,0,5424,0,1,5425,T
6-NA,915,5407,0,1,1,5409,A
6-NA,916,5391,0,3,0,5394,A
6-NA,917,5487,0,2,1,5490,A
6-NA,918,1,2,0,5619,5622,C
6-NA,919,5475,0,2,0,5477,A
6-NA,920,1,5463,0,2,5466,T
6-NA,921,5421,0,2,0,5423,A
6-NA,922,5440,0,0,0,5440,A
6-NA,923,5425,0,7,0,5432,A
6-NA,924,0,7,5463,0,5470,G
6-NA,925,1,8,5514,0,5523,G
6-NA,926,5328,0,1,1,5330,A
6-NA,927,1,5307,0,3,5311,T
6-NA,928,12,1,0,5325,5338,C
6-NA,929,5381,0,2,0,5383,A
6-NA,930,1,5372,0,0,5373,T
6-NA,931,5378,0,2,0,5380,A
6-NA,932,17,3,5387,0,5407,G
6-NA,933,3,0,1,5354,5358,C
6-NA,934,5259,1,3,0,5263,A
6-NA,935,1,5111,0,0,5112,T
6-NA,936,0,5135,0,0,5135,T
6-NA,937,3,2,5273,0,5278,G
6-NA,938,0,5256,0,4,5260,T
6-NA,939,0,5337,0,3,5340,T
6-NA,940,0,5316,0,1,5317,T
6-NA,941,9,1,0,5298,5308,C
6-NA,942,5,1,1,5323,5330,C
6-NA,943,5369,1,5,0,5375,A
6-NA,944,0,0,5446,0,5446,G
6-NA,945,0,5427,0,3,5430,T
6-NA,946,0,5284,0,0,5284,T
6-NA,947,5292,0,0,0,5292,A
6-NA,948,0,5221,0,3,5224,T
6-NA,949,2,1,5242,0,5245,G
6-NA,950,0,5193,0,1,5194,T
6-NA,951,4,0,5212,0,5216,G
6-NA,952,0,5070,0,3,5073,T
6-NA,953,2,0,5210,0,5212,G
6-NA,954,0,5200,0,5,5205,T
6-NA,955,0,5179,0,1,5180,T
6-NA,956,23,1,0,5160,5184,C
6-NA,957,5150,0,2,1,5153,A
6-NA,958,0,5,5184,1,5190,G
6-NA,959,0,18,5157,0,5175,G
6-NA,960,5120,1,3,0,5124,A
6-NA,961,0,1,0,5164,5165,C
6-NA,962,1,5033,0,3,5037,T
6-NA,963,0,5060,0,2,5062,T
6-NA,964,2,1,5219,0,5222,G
6-NA,965,0,5217,0,3,5220,T
6-NA,966,0,5234,1,2,5237,T
6-NA,967,1,5,5186,0,5192,G
6-NA,968,3,8,5164,0,5175,G
6-NA,969,5153,1,7,0,5161,A
6-NA,970,0,17,5171,0,5188,G
6-NA,971,5161,0,7,0,5168,A
6-NA,972,1,1,1,5143,5146,C
6-NA,973,4953,0,3,0,4956,A
6-NA,974,2,1,0,4960,4963,C
6-NA,975,4960,1,7,0,4968,A
6-NA,976,1,1,0,4996,4998,C
6-NA,977,8,1,0,4953,4962,C
6-NA,978,5,1,0,4974,4980,C
6-NA,979,4994,1,3,1,4999,A
6-NA,980,0,7,5019,0,5026,G
6-NA,981,5007,0,1,0,5008,A
6-NA,982,5062,0,0,0,5062,A
6-NA,983,5034,0,0,0,5034,A
6-NA,984,5026,0,1,0,5027,A
6-NA,985,4991,0,2,0,4993,A
6-NA,986,4979,0,1,18,4998,A
6-NA,987,2,5,0,5004,5011,C
6-NA,988,2,18,4977,1,4998,G
6-NA,989,4974,0,9,0,4983,A
6-NA,990,0,4,0,4975,4979,C
6-NA,991,4962,0,3,0,4965,A
6-NA,992,1,1,5008,0,5010,G
6-NA,993,1,0,0,5171,5172,C
6-NA,994,0,5122,0,5,5127,T
6-NA,995,13,0,0,5149,5162,C
6-NA,996,8,2,0,5188,5198,C
6-NA,997,5211,1,7,0,5219,A
6-NA,998,2,0,5264,0,5266,G
6-NA,999,1,0,0,5248,5249,C
6-NA,1000,5226,0,1,1,5228,A
6-NA,1001,0,1,5249,0,5250,G
6-NA,1002,0,5022,0,0,5022,T
6-NA,1003,5028,2,4,0,5034,A
6-NA,1004,4,1,5039,0,5044,G
6-NA,1005,1,4,0,5012,5017,C
6-NA,1006,3,1,0,5042,5046,C
6-NA,1007,4985,1,0,0,4986,A
6-NA,1008,0,4970,0,2,4972,T
6-NA,1009,1,4989,0,1,4991,T
6-NA,1010,0,2,5130,0,5132,G
6-NA,1011,0,5087,0,2,5089,T
6-NA,1012,0,5081,0,2,5083,T
6-NA,1013,1,5081,0,1,5083,T
6-NA,1014,0,7,5042,0,5049,G
6-NA,1015,0,5,5095,0,5100,G
6-NA,1016,5074,0,0,0,5074,A
6-NA,1017,0,5099,1,1,5101,T
6-NA,1018,12,1,0,5091,5104,C
6-NA,1019,12,0,0,5024,5036,C
6-NA,1020,2,5061,0,2,5065,T
6-NA,1021,5066,0,8,0,5074,A
6-NA,1022,5074,0,4,0,5078,A
6-NA,1023,1,0,0,5173,5174,C
6-NA,1024,5062,0,1,0,5063,A
6-NA,1025,5135,0,1,0,5136,A
6-NA,1026,0,5147,1,0,5148,T
6-NA,1027,0,11,5176,0,5187,G
6-NA,1028,5178,0,1,0,5179,A
6-NA,1029,5126,0,6,0,5132,A
6-NA,1030,0,9,5166,0,5175,G
6-NA,1031,5143,2,1,0,5146,A
6-NA,1032,5012,0,5,0,5017,A
6-NA,1033,1,6,5040,0,5047,G
6-NA,1034,2,3,5033,1,5039,G
6-NA,1035,0,4915,0,2,4917,T
6-NA,1036,3,12,4980,0,4995,G
6-NA,1037,0,3,5130,0,5133,G
6-NA,1038,1,5082,0,3,5086,T
6-NA,1039,26,0,0,5062,5088,C
6-NA,1040,5103,0,0,0,5103,A
6-NA,1041,0,5078,0,3,5081,T
6-NA,1042,1,11,5060,0,5072,G
6-NA,1043,2,11,5097,0,5110,G
6-NA,1044,5062,0,4,0,5066,A
6-NA,1045,0,0,5255,0,5255,G
6-NA,1046,0,5033,1,2,5036,T
6-NA,1047,1,6,5055,0,5062,G
6-NA,1048,5022,0,15,0,5037,A
6-NA,1049,5045,0,0,0,5045,A
6-NA,1050,5034,0,6,3,5043,A
6-NA,1051,1,10,5076,0,5087,G
6-NA,1052,1,5,5002,0,5008,G
6-NA,1053,0,2,0,5017,5019,C
6-NA,1054,0,4855,0,9,4864,T
6-NA,1055,4,7,4877,0,4888,G
6-NA,1056,2,5,4858,0,4865,G
6-NA,1057,1,1,4909,0,4911,G
6-NA,1058,1,1,0,4909,4911,C
6-NA,1059,5,1,0,4931,4937,C
6-NA,1060,0,4883,2,7,4892,T
6-NA,1061,0,4901,0,3,4904,T
6-NA,1062,0,4906,0,1,4907,T
6-NA,1063,29,4,4888,0,4921,G
6-NA,1064,4907,0,6,0,4913,A
6-NA,1065,0,4885,0,2,4887,T
6-NA,1066,0,6,4819,0,4825,G
6-NA,1067,4755,1,1,0,4757,A
6-NA,1068,0,4758,0,1,4759,T
6-NA,1069,1,4,4781,0,4786,G
6-NA,1070,0,9,4846,0,4855,G
6-NA,1071,4821,0,1,0,4822,A
6-NA,1072,4805,0,5,0,4810,A
6-NA,1073,4811,0,1,0,4812,A
6-NA,1074,0,4797,0,0,4797,T
6-NA,1075,0,6,4828,0,4834,G
6-NA,1076,4794,0,8,0,4802,A
6-NA,1077,0,8,0,4795,4803,C
6-NA,1078,16,7,4828,0,4851,G
6-NA,1079,1,4716,0,3,4720,T
6-NA,1080,0,1,4777,0,4778,G
6-NA,1081,1,4757,0,1,4759,T
6-NA,1082,1,9,4768,0,4778,G
6-NA,1083,13,2,4799,0,4814,G
6-NA,1084,4741,0,1,0,4742,A
6-NA,1085,0,4750,0,0,4750,T
6-NA,1086,1,12,4734,1,4748,G
6-NA,1087,1,10,4732,1,4744,G
6-NA,1088,0,5,4771,0,4776,G
6-NA,1089,4714,0,2,0,4716,A
6-NA,1090,4709,0,3,0,4712,A
6-NA,1091,0,11,4711,0,4722,G
6-NA,1092,4646,0,0,0,4646,A
6-NA,1093,4633,0,0,0,4633,A
6-NA,1094,2,0,0,4638,4640,C
6-NA,1095,0,13,4599,0,4612,G
6-NA,1096,4590,0,0,0,4590,A
6-NA,1097,0,4524,0,1,4525,T
6-NA,1098,10,0,0,4536,4546,C
6-NA,1099,4534,0,0,0,4534,A
6-NA,1100,0,2,4539,0,4541,G
6-NA,1101,0,1,1,4533,4535,C
6-NA,1102,2,11,4533,0,4546,G
6-NA,1103,4504,1,0,0,4505,A
6-NA,1104,1,5,4533,0,4539,G
6-NA,1105,4520,0,1,0,4521,A
6-NA,1106,4518,0,2,0,4520,A
6-NA,1107,10,0,4549,0,4559,G
6-NA,1108,0,4500,0,3,4503,T
6-NA,1109,15,1,0,4478,4494,C
6-NA,1110,4466,0,20,0,4486,A
6-NA,1111,0,2,0,4609,4611,C
6-NA,1112,2,0,4617,0,4619,G
6-NA,1113,2,0,0,4620,4622,C
6-NA,1114,0,4601,0,2,4603,T
6-NA,1115,0,4607,0,0,4607,T
6-NA,1116,4542,0,0,0,4542,A
6-NA,1117,1,12,4666,0,4679,G
6-NA,1118,2,7,4661,0,4670,G
6-NA,1119,0,0,4776,0,4776,G
6-NA,1120,0,4474,0,3,4477,T
6-NA,1121,4508,1,1,0,4510,A
6-NA,1122,0,4499,0,0,4499,T
6-NA,1123,1,11,4479,0,4491,G
6-NA,1124,4488,0,2,0,4490,A
6-NA,1125,4478,0,2,0,4480,A
6-NA,1126,4279,1,2,0,4282,A
6-NA,1127,0,1,0,4313,4314,C
6-NA,1128,5,0,0,4219,4224,C
6-NA,1129,0,4163,0,3,4166,T
6-NA,1130,0,4148,0,8,4156,T
6-NA,1131,1,2,0,4152,4155,C
6-NA,1132,4167,0,1,0,4168,A
6-NA,1133,4170,0,0,0,4170,A
6-NA,1134,4165,2,0,1,4168,A
6-NA,1135,1,3,4205,0,4209,G
6-NA,1136,2,4114,0,8,4124,T
6-NA,1137,16,2,0,4142,4160,C
6-NA,1138,4239,2,0,0,4241,A
6-NA,1139,0,4247,0,1,4248,T
6-NA,1140,0,4255,0,2,4257,T
6-NA,1141,2,4,4261,1,4268,G
6-NA,1142,4244,1,2,0,4247,A
6-NA,1143,4264,1,6,1,4272,A
6-NA,1144,0,6,4403,0,4409,G
6-NA,1145,0,1,4410,0,4411,G
6-NA,1146,0,0,0,4412,4412,C
6-NA,1147,0,4280,0,5,4285,T
6-NA,1148,1,4,4307,1,4313,G
6-NA,1149,2,1,4395,0,4398,G
6-NA,1150,0,4383,0,6,4389,T
6-NA,1151,8,0,0,4371,4379,C
6-NA,1152,9,2,0,4345,4356,C
6-NA,1153,4351,0,0,0,4351,A
6-NA,1154,4357,0,2,0,4359,A
6-NA,1155,1,0,0,4397,4398,C
6-NA,1156,12,0,0,4375,4387,C
6-NA,1157,14,0,0,4384,4398,C
6-NA,1158,0,4242,0,1,4243,T
6-NA,1159,4235,0,0,0,4235,A
6-NA,1160,4241,0,2,0,4243,A
6-NA,1161,1,1,4270,0,4272,G
6-NA,1162,0,4225,0,4,4229,T
6-NA,1163,14,0,0,4223,4237,C
6-NA,1164,8,0,0,4180,4188,C
6-NA,1165,4183,0,1,0,4184,A
6-NA,1166,4176,0,1,0,4177,A
6-NA,1167,4184,0,0,0,4184,A
6-NA,1168,0,4173,0,0,4173,T
6-NA,1169,0,4179,0,1,4180,T
6-NA,1170,0,0,4157,0,4157,G
6-NA,1171,0,1,0,4143,4144,C
6-NA,1172,4143,1,4,0,4148,A
6-NA,1173,0,4,4169,0,4173,G
6-NA,1174,4169,0,0,0,4169,A
6-NA,1175,0,4262,0,1,4263,T
6-NA,1176,4267,0,0,0,4267,A
6-NA,1177,4264,0,0,0,4264,A
6-NA,1178,4265,0,2,0,4267,A
6-NA,1179,0,4242,0,1,4243,T
6-NA,1180,4234,1,2,0,4237,A
6-NA,1181,0,7,4226,0,4233,G
6-NA,1182,2,1,4196,0,4199,G
6-NA,1183,2,0,0,4195,4197,C
6-NA,1184,4092,0,2,0,4094,A
6-NA,1185,4132,0,3,0,4135,A
6-NA,1186,1,1,4175,0,4177,G
6-NA,1187,0,4157,1,7,4165,T
6-NA,1188,24,0,0,4148,4172,C
6-NA,1189,4184,2,0,0,4186,A
6-NA,1190,0,4194,0,0,4194,T
6-NA,1191,4225,0,4,0,4229,A
6-NA,1192,0,2,4256,0,4258,G
6-NA,1193,0,4246,0,0,4246,T
6-NA,1194,0,4124,0,1,4125,T
6-NA,1195,0,13,4088,0,4101,G
6-NA,1196,4079,0,6,0,4085,A
6-NA,1197,2,1,0,4076,4079,C
6-NA,1198,4035,0,1,0,4036,A
6-NA,1199,0,6,4077,0,4083,G
6-NA,1200,4020,1,3,0,4024,A
6-NA,1201,1,2,4192,0,4195,G
6-NA,1202,1,0,4211,0,4212,G
6-NA,1203,2,4194,0,2,4198,T
6-NA,1204,4196,0,2,0,4198,A
6-NA,1205,4191,0,2,0,4193,A
6-NA,1206,0,4189,0,0,4189,T
6-NA,1207,4185,0,2,0,4187,A
6-NA,1208,2,7,4092,0,4101,G
6-NA,1209,0,1,4029,0,4030,G
6-NA,1210,0,3729,0,2,3731,T
6-NA,1211,12,0,0,3700,3712,C
6-NA,1212,7,2,0,3709,3718,C
6-NA,1213,4,8,3723,0,3735,G
6-NA,1214,1,0,3747,0,3748,G
6-NA,1215,0,3748,1,0,3749,T
6-NA,1216,0,3745,0,0,3745,T
6-NA,1217,3733,0,0,0,3733,A
6-NA,1218,0,3677,0,0,3677,T
6-NA,1219,0,3680,0,0,3680,T
6-NA,1220,7,0,1,3686,3694,C
6-NA,1221,0,3582,0,3,3585,T
6-NA,1222,1,5,3602,0,3608,G
6-NA,1223,1,0,3622,0,3623,G
6-NA,1224,0,3619,0,4,3623,T
6-NA,1225,3628,1,0,0,3629,A
6-NA,1226,0,3573,0,2,3575,T
6-NA,1227,0,3576,0,7,3583,T
6-NA,1228,0,3583,0,0,3583,T
6-NA,1229,1,3583,0,3,3587,T
6-NA,1230,5,0,0,3601,3606,C
6-NA,1231,0,3541,0,4,3545,T
6-NA,1232,5,0,0,3574,3579,C
6-NA,1233,0,3556,1,1,3558,T
6-NA,1234,0,1,3635,0,3636,G
6-NA,1235,0,3635,0,0,3635,T
6-NA,1236,0,3591,0,2,3593,T
6-NA,1237,0,2,3603,0,3605,G
6-NA,1238,3578,1,2,0,3581,A
6-NA,1239,3565,0,15,0,3580,A
6-NA,1240,0,3,3599,0,3602,G
6-NA,1241,2,2,3566,0,3570,G
6-NA,1242,1,2,0,3573,3576,C
6-NA,1243,3516,0,2,0,3518,A
6-NA,1244,3525,0,4,0,3529,A
6-NA,1245,3544,0,1,0,3545,A
6-NA,1246,3539,1,3,0,3543,A
6-NA,1247,0,2,3531,0,3533,G
6-NA,1248,1,0,0,3530,3531,C
6-NA,1249,0,3458,1,6,3465,T
6-NA,1250,1,3,3511,0,3515,G
6-NA,1251,0,0,0,3513,3513,C
6-NA,1252,3524,0,0,0,3524,A
6-NA,1253,0,3494,0,0,3494,T
6-NA,1254,8,0,0,3464,3472,C
6-NA,1255,3470,0,1,0,3471,A
6-NA,1256,3465,0,0,0,3465,A
6-NA,1257,0,3438,0,0,3438,T
6-NA,1258,8,3,0,3461,3472,C
6-NA,1259,2,6,3407,0,3415,G
6-NA,1260,1,1,3485,0,3487,G
6-NA,1261,0,3462,0,2,3464,T
6-NA,1262,5,0,3489,0,3494,G
6-NA,1263,3,0,0,3497,3500,C
6-NA,1264,0,3487,0,8,3495,T
6-NA,1265,0,3537,0,0,3537,T
6-NA,1266,0,3538,0,2,3540,T
6-NA,1267,0,3557,0,2,3559,T
6-NA,1268,3582,0,0,0,3582,A
6-NA,1269,0,3437,0,1,3438,T
6-NA,1270,1,0,3449,0,3450,G
6-NA,1271,1,3401,0,2,3404,T
6-NA,1272,1,7,3350,0,3358,G
6-NA,1273,0,5,3416,0,3421,G
6-NA,1274,3329,0,0,0,3329,A
6-NA,1275,1,0,3375,0,3376,G
6-NA,1276,0,3367,0,1,3368,T
6-NA,1277,0,3372,0,3,3375,T
6-NA,1278,23,10,3387,0,3420,G
6-NA,1279,3407,0,5,0,3412,A
6-NA,1280,1,3418,0,0,3419,T
6-NA,1281,3392,0,1,0,3393,A
6-NA,1282,3255,0,6,0,3261,A
6-NA,1283,1,0,3312,0,3313,G
6-NA,1284,0,12,3239,0,3251,G
6-NA,1285,0,0,3240,0,3240,G
6-NA,1286,0,5,3225,0,3230,G
6-NA,1287,3167,0,2,0,3169,A
6-NA,1288,3162,0,4,2,3168,A
6-NA,1289,1,3,3177,0,3181,G
6-NA,1290,3184,0,0,0,3184,A
6-NA,1291,3184,0,0,0,3184,A
6-NA,1292,3137,0,0,0,3137,A
6-NA,1293,3082,0,6,1,3089,A
6-NA,1294,1,2,3100,0,3103,G
6-NA,1295,3061,0,5,0,3066,A
6-NA,1296,0,3,3061,0,3064,G
6-NA,1297,1,9,3053,0,3063,G
6-NA,1298,3017,1,1,0,3019,A
6-NA,1299,3022,0,4,0,3026,A
6-NA,1300,3022,1,0,0,3023,A
6-NA,1301,0,0,0,3043,3043,C
6-NA,1302,0,3026,0,2,3028,T
6-NA,1303,0,5,3042,0,3047,G
6-NA,1304,3040,0,0,0,3040,A
6-NA,1305,3024,0,1,0,3025,A
6-NA,1306,0,0,3050,0,3050,G
6-NA,1307,1,3007,0,2,3010,T
6-NA,1308,10,1,1,3041,3053,C
6-NA,1309,0,3031,0,5,3036,T
6-NA,1310,0,3026,0,1,3027,T
6-NA,1311,1,0,3032,0,3033,G
6-NA,1312,1,3015,0,3,3019,T
6-NA,1313,0,5,3001,0,3006,G
6-NA,1314,0,12,3003,0,3015,G
6-NA,1315,2957,0,1,0,2958,A
6-NA,1316,1,0,0,2983,2984,C
6-NA,1317,6,0,0,2921,2927,C
6-NA,1318,0,2930,1,2,2933,T
6-NA,1319,8,0,0,2920,2928,C
6-NA,1320,2952,0,2,0,2954,A
6-NA,1321,2949,0,0,0,2949,A
6-NA,1322,2936,0,2,0,2938,A
6-NA,1323,0,1,0,2983,2984,C
6-NA,1324,2897,0,0,0,2897,A
6-NA,1325,0,1,2949,0,2950,G
6-NA,1326,0,2888,0,1,2889,T
6-NA,1327,2903,0,0,0,2903,A
6-NA,1328,0,2892,1,0,2893,T
6-NA,1329,0,2847,0,0,2847,T
6-NA,1330,2,0,2864,0,2866,G
6-NA,1331,0,2852,0,6,2858,T
6-NA,1332,0,2722,0,1,2723,T
6-NA,1333,0,0,2730,0,2730,G
6-NA,1334,0,2547,0,1,2548,T
6-NA,1335,0,0,2563,0,2563,G
6-NA,1336,0,2538,0,0,2538,T
6-NA,1337,1,2509,0,0,2510,T
6-NA,1338,0,2514,1,1,2516,T
6-NA,1339,0,2455,0,0,2455,T
6-NA,1340,1,0,2466,0,2467,G
6-NA,1341,0,2465,0,2,2467,T
6-NA,1342,2,10,2438,0,2450,G
6-NA,1343,2,1,2438,0,2441,G
6-NA,1344,0,0,0,2393,2393,C
6-NA,1345,2381,0,3,0,2384,A
6-NA,1346,3,0,0,2421,2424,C
6-NA,1347,2,0,0,2418,2420,C
6-NA,1348,0,2403,0,1,2404,T
6-NA,1349,4,0,0,2432,2436,C
6-NA,1350,2434,1,1,0,2436,A
6-NA,1351,20,3,2424,0,2447,G
6-NA,1352,1,1,2448,0,2450,G
6-NA,1353,0,2435,0,1,2436,T
6-NA,1354,2412,2,1,0,2415,A
6-NA,1355,0,0,0,2321,2321,C
6-NA,1356,2298,0,0,0,2298,A
6-NA,1357,0,2296,0,1,2297,T
6-NA,1358,2229,0,7,0,2236,A
6-NA,1359,0,2216,0,2,2218,T
6-NA,1360,0,3,2090,0,2093,G
6-NA,1361,0,7,2097,0,2104,G
6-NA,1362,2073,0,0,0,2073,A
6-NA,1363,2052,0,0,0,2052,A
6-NA,1364,0,0,0,2037,2037,C
6-NA,1365,1721,0,0,0,1721,A
6-NA,1366,0,0,1729,0,1729,G
6-NA,1367,0,0,1716,0,1716,G
6-NA,1368,0,0,0,1723,1723,C
6-NA,1369,0,1722,0,2,1724,T
6-NA,1370,3,0,0,1626,1629,C
6-NA,1371,1622,1,0,0,1623,A
6-NA,1372,0,1619,0,2,1621,T
6-NA,1373,0,1,1620,0,1621,G
6-NA,1374,0,0,1622,0,1622,G
6-NA,1375,0,1,0,1577,1578,C
6-NA,1376,5,0,0,1571,1576,C
6-NA,1377,1,1483,0,1,1485,T
6-NA,1378,0,2,1486,0,1488,G
6-NA,1379,1486,0,0,0,1486,A
6-NA,1380,0,1476,0,2,1478,T
6-NA,1381,0,1,1460,0,1461,G
6-NA,1382,0,2,1424,0,1426,G
6-NA,1383,0,1,1345,0,1346,G
6-NA,1384,0,1,1339,0,1340,G
6-NA,1385,1,0,0,1307,1308,C
6-NA,1386,1,0,1302,0,1303,G
6-NA,1387,0,4,1294,0,1298,G
6-NA,1388,1261,1,1,0,1263,A
6-NA,1389,1,0,0,1264,1265,C
6-NA,1390,1269,0,0,0,1269,A
6-NA,1391,0,1247,0,0,1247,T
6-NA,1392,4,0,0,1214,1218,C
6-NA,1393,1215,0,0,0,1215,A
6-NA,1394,1216,0,0,0,1216,A
6-NA,1395,0,1210,0,0,1210,T
6-NA,1396,3,0,0,1174,1177,C
6-NA,1397,1,1137,0,0,1138,T
6-NA,1398,5,0,0,998,1003,C
6-NA,1399,996,0,0,0,996,A
6-NA,1400,0,981,0,1,982,T
6-NA,1401,0,0,980,0,980,G
6-NA,1402,0,0,0,965,965,C
6-NA,1403,2,0,0,923,925,C
6-NA,1404,0,841,0,1,842,T
6-NA,1405,834,0,0,0,834,A
6-NA,1406,0,833,0,0,833,T
6-NA,1407,823,0,0,0,823,A
6-NA,1408,0,819,0,0,819,T
6-NA,1409,754,0,0,0,754,A
6-NA,1410,726,0,0,0,726,A
7-M,1,127,0,0,0,127,A
7-M,2,0,129,0,0,129,T
7-M,3,0,0,126,0,126,G
7-M,4,130,0,0,0,130,A
7-M,5,0,0,138,0,138,G
7-M,6,0,0,0,140,140,C
7-M,7,0,0,0,148,148,C
7-M,8,0,202,0,0,202,T
7-M,9,0,204,0,0,204,T
7-M,10,0,0,0,203,203,C
7-M,11,0,202,0,0,202,T
7-M,12,211,0,0,0,211,A
7-M,13,210,0,0,0,210,A
7-M,14,0,0,0,213,213,C
7-M,15,0,0,0,213,213,C
7-M,16,0,2,211,0,213,G
7-M,17,206,0,0,0,206,A
7-M,18,0,2,212,0,214,G
7-M,19,0,0,219,0,219,G
7-M,20,0,216,0,1,217,T
7-M,21,2,0,0,217,219,C
7-M,22,0,0,223,0,223,G
7-M,23,225,0,0,0,225,A
7-M,24,225,0,1,0,226,A
7-M,25,228,0,0,0,228,A
7-M,26,0,0,0,255,255,C
7-M,27,1,0,260,0,261,G
7-M,28,0,263,0,0,263,T
7-M,29,265,0,0,0,265,A
7-M,30,0,271,0,0,271,T
7-M,31,0,0,276,0,276,G
7-M,32,0,274,0,0,274,T
7-M,33,0,309,0,0,309,T
7-M,34,2,0,0,320,322,C
7-M,35,0,320,0,0,320,T
7-M,36,0,0,0,342,342,C
7-M,37,0,344,0,0,344,T
7-M,38,0,0,0,358,358,C
7-M,39,0,360,0,0,360,T
7-M,40,363,0,0,0,363,A
7-M,41,0,363,0,0,363,T
7-M,42,0,0,0,365,365,C
7-M,43,0,0,367,0,367,G
7-M,44,0,370,0,0,370,T
7-M,45,0,365,0,0,365,T
7-M,46,1,0,0,383,384,C
7-M,47,0,0,0,406,406,C
7-M,48,410,0,0,0,410,A
7-M,49,0,405,0,0,405,T
7-M,50,1,0,0,410,411,C
7-M,51,415,0,0,0,415,A
7-M,52,0,0,412,0,412,G
7-M,53,1,0,410,0,411,G
7-M,54,0,0,0,414,414,C
7-M,55,0,0,0,415,415,C
7-M,56,0,0,0,415,415,C
7-M,57,0,0,0,436,436,C
7-M,58,0,0,0,445,445,C
7-M,59,0,445,0,0,445,T
7-M,60,0,0,0,443,443,C
7-M,61,443,0,0,0,443,A
7-M,62,440,0,0,0,440,A
7-M,63,451,0,0,0,451,A
7-M,64,0,0,454,0,454,G
7-M,65,0,0,0,457,457,C
7-M,66,0,0,0,454,454,C
7-M,67,0,0,454,0,454,G
7-M,68,448,0,0,0,448,A
7-M,69,0,0,450,0,450,G
7-M,70,450,0,0,0,450,A
7-M,71,0,456,0,1,457,T
7-M,72,0,1,0,455,456,C
7-M,73,0,0,461,0,461,G
7-M,74,0,0,0,463,463,C
7-M,75,1,0,460,0,461,G
7-M,76,1,0,0,461,462,C
7-M,77,463,0,0,0,463,A
7-M,78,0,1,463,0,464,G
7-M,79,458,0,0,0,458,A
7-M,80,0,2,503,0,505,G
7-M,81,505,0,0,0,505,A
7-M,82,0,1,0,512,513,C
7-M,83,0,512,0,0,512,T
7-M,84,0,508,4,0,512,T
7-M,85,0,0,515,0,515,G
7-M,86,511,0,1,0,512,A
7-M,87,517,0,0,0,517,A
7-M,88,0,0,516,0,516,G
7-M,89,506,0,0,0,506,A
7-M,90,0,511,0,0,511,T
7-M,91,2,0,514,0,516,G
7-M,92,0,517,0,0,517,T
7-M,93,47,0,0,471,518,C
7-M,94,0,514,0,0,514,T
7-M,95,0,513,0,0,513,T
7-M,96,0,516,0,1,517,T
7-M,97,0,0,512,0,512,G
7-M,98,1,0,0,515,516,C
7-M,99,0,519,0,0,519,T
7-M,100,0,1,519,0,520,G
7-M,101,0,1,516,0,517,G
7-M,102,0,2,523,0,525,G
7-M,103,524,0,0,0,524,A
7-M,104,528,0,0,0,528,A
7-M,105,531,0,0,0,531,A
7-M,106,530,0,0,0,530,A
7-M,107,530,0,1,0,531,A
7-M,108,0,0,0,534,534,C
7-M,109,532,0,0,0,532,A
7-M,110,0,0,0,533,533,C
7-M,111,528,0,0,0,528,A
7-M,112,0,1,544,0,545,G
7-M,113,547,0,0,0,547,A
7-M,114,0,560,0,0,560,T
7-M,115,1,0,0,569,570,C
7-M,116,0,564,0,1,565,T
7-M,117,0,569,0,0,569,T
7-M,118,0,3,564,0,567,G
7-M,119,564,0,1,0,565,A
7-M,120,0,1,561,0,562,G
7-M,121,0,0,558,0,558,G
7-M,122,1,0,0,571,572,C
7-M,123,0,573,0,0,573,T
7-M,124,1,0,0,633,634,C
7-M,125,0,631,0,0,631,T
7-M,126,2,0,0,640,642,C
7-M,127,642,0,0,0,642,A
7-M,128,0,640,1,1,642,T
7-M,129,0,1,641,0,642,G
7-M,130,1,1,642,0,644,G
7-M,131,638,0,0,0,638,A
7-M,132,641,0,0,0,641,A
7-M,133,0,625,0,0,625,T
7-M,134,0,1,652,0,653,G
7-M,135,0,1,678,0,679,G
7-M,136,0,0,0,684,684,C
7-M,137,0,684,0,0,684,T
7-M,138,684,0,0,0,684,A
7-M,139,681,0,0,0,681,A
7-M,140,693,0,2,0,695,A
7-M,141,0,0,694,0,694,G
7-M,142,693,0,0,0,693,A
7-M,143,0,0,0,692,692,C
7-M,144,659,0,1,0,660,A
7-M,145,662,0,1,0,663,A
7-M,146,0,6,666,0,672,G
7-M,147,676,0,0,0,676,A
7-M,148,0,0,0,676,676,C
7-M,149,1,0,0,671,672,C
7-M,150,671,0,0,0,671,A
7-M,151,684,0,0,0,684,A
7-M,152,0,685,0,0,685,T
7-M,153,0,687,0,1,688,T
7-M,154,0,0,0,697,697,C
7-M,155,0,686,1,0,687,T
7-M,156,1,0,688,0,689,G
7-M,157,0,689,0,0,689,T
7-M,158,3,0,0,690,693,C
7-M,159,693,0,1,0,694,A
7-M,160,0,0,0,713,713,C
7-M,161,1,0,0,714,715,C
7-M,162,0,710,0,0,710,T
7-M,163,0,0,0,711,711,C
7-M,164,0,709,0,0,709,T
7-M,165,1,4,740,0,745,G
7-M,166,748,0,0,0,748,A
7-M,167,0,0,0,752,752,C
7-M,168,0,750,0,0,750,T
7-M,169,734,0,0,0,734,A
7-M,170,731,0,0,0,731,A
7-M,171,6,0,728,0,734,G
7-M,172,0,1,729,0,730,G
7-M,173,0,4,728,0,732,G
7-M,174,0,2,732,0,734,G
7-M,175,736,0,0,0,736,A
7-M,176,0,743,0,0,743,T
7-M,177,0,740,0,0,740,T
7-M,178,0,740,0,0,740,T
7-M,179,0,741,0,0,741,T
7-M,180,0,1,747,0,748,G
7-M,181,0,0,745,0,745,G
7-M,182,0,1,741,0,742,G
7-M,183,0,0,746,0,746,G
7-M,184,0,732,0,0,732,T
7-M,185,0,735,0,0,735,T
7-M,186,0,740,0,0,740,T
7-M,187,0,0,758,0,758,G
7-M,188,0,752,0,0,752,T
7-M,189,0,0,764,0,764,G
7-M,190,0,761,0,0,761,T
7-M,191,0,760,0,0,760,T
7-M,192,1,0,0,770,771,C
7-M,193,770,0,0,0,770,A
7-M,194,0,0,0,790,790,C
7-M,195,0,1,780,0,781,G
7-M,196,0,0,0,792,792,C
7-M,197,0,772,0,2,774,T
7-M,198,4,0,0,780,784,C
7-M,199,789,0,2,0,791,A
7-M,200,0,0,0,806,806,C
7-M,201,2,1,0,798,801,C
7-M,202,0,0,813,0,813,G
7-M,203,0,809,0,0,809,T
7-M,204,1,0,811,0,812,G
7-M,205,0,0,0,811,811,C
7-M,206,3,0,0,813,816,C
7-M,207,2,0,0,820,822,C
7-M,208,812,0,0,0,812,A
7-M,209,0,0,818,0,818,G
7-M,210,0,812,0,0,812,T
7-M,211,0,4,815,0,819,G
7-M,212,826,0,1,0,827,A
7-M,213,2,0,821,0,823,G
7-M,214,1,1,0,819,821,C
7-M,215,0,3,827,0,830,G
7-M,216,817,0,0,0,817,A
7-M,217,0,3,824,0,827,G
7-M,218,0,2,825,0,827,G
7-M,219,833,0,0,0,833,A
7-M,220,0,0,0,850,850,C
7-M,221,0,841,0,1,842,T
7-M,222,0,0,846,0,846,G
7-M,223,0,0,0,832,832,C
7-M,224,840,0,0,0,840,A
7-M,225,0,1,856,0,857,G
7-M,226,0,0,0,851,851,C
7-M,227,0,0,858,0,858,G
7-M,228,0,855,0,0,855,T
7-M,229,842,0,0,0,842,A
7-M,230,1,0,842,0,843,G
7-M,231,843,0,0,0,843,A
7-M,232,0,0,0,839,839,C
7-M,233,2,2,842,0,846,G
7-M,234,0,1,0,838,839,C
7-M,235,0,825,0,1,826,T
7-M,236,0,824,0,0,824,T
7-M,237,0,816,0,0,816,T
7-M,238,0,0,841,0,841,G
7-M,239,0,839,0,0,839,T
7-M,240,1,0,0,840,841,C
7-M,241,3,0,0,842,845,C
7-M,242,847,0,1,0,848,A
7-M,243,845,0,0,0,845,A
7-M,244,847,0,0,0,847,A
7-M,245,842,0,1,0,843,A
7-M,246,0,842,0,0,842,T
7-M,247,0,1,838,1,840,G
7-M,248,1,0,0,830,831,C
7-M,249,5,0,0,828,833,C
7-M,250,5,0,0,836,841,C
7-M,251,0,839,0,1,840,T
7-M,252,0,0,0,871,871,C
7-M,253,876,0,1,0,877,A
7-M,254,880,0,0,0,880,A
7-M,255,0,884,0,0,884,T
7-M,256,0,0,885,0,885,G
7-M,257,0,3,889,0,892,G
7-M,258,2,0,899,0,901,G
7-M,259,902,0,0,0,902,A
7-M,260,903,0,0,0,903,A
7-M,261,0,889,0,0,889,T
7-M,262,1,0,886,0,887,G
7-M,263,1,2,883,0,886,G
7-M,264,871,0,0,0,871,A
7-M,265,0,2,873,0,875,G
7-M,266,862,0,1,0,863,A
7-M,267,0,4,0,853,857,C
7-M,268,1,0,0,886,887,C
7-M,269,0,0,0,893,893,C
7-M,270,901,0,0,0,901,A
7-M,271,905,0,0,0,905,A
7-M,272,901,0,0,0,901,A
7-M,273,0,910,0,0,910,T
7-M,274,930,0,0,0,930,A
7-M,275,934,0,0,0,934,A
7-M,276,0,0,0,911,911,C
7-M,277,901,0,0,0,901,A
7-M,278,0,894,0,1,895,T
7-M,279,0,3,912,0,915,G
7-M,280,0,3,909,0,912,G
7-M,281,913,1,0,0,914,A
7-M,282,0,0,0,919,919,C
7-M,283,895,0,0,0,895,A
7-M,284,897,0,0,0,897,A
7-M,285,895,0,0,0,895,A
7-M,286,0,2,899,0,901,G
7-M,287,0,0,0,925,925,C
7-M,288,906,0,0,0,906,A
7-M,289,0,0,926,0,926,G
7-M,290,0,925,0,0,925,T
7-M,291,0,925,0,0,925,T
7-M,292,937,0,0,0,937,A
7-M,293,921,1,0,0,922,A
7-M,294,928,0,0,0,928,A
7-M,295,1,0,0,938,939,C
7-M,296,0,909,0,1,910,T
7-M,297,0,0,1006,0,1006,G
7-M,298,0,996,0,0,996,T
7-M,299,999,0,0,0,999,A
7-M,300,2,1000,0,0,1002,T
7-M,301,1003,0,0,0,1003,A
7-M,302,0,0,1010,0,1010,G
7-M,303,0,2,1002,0,1004,G
7-M,304,984,0,1,0,985,A
7-M,305,989,0,0,0,989,A
7-M,306,911,0,1,0,912,A
7-M,307,0,0,0,926,926,C
7-M,308,0,926,0,0,926,T
7-M,309,0,934,0,0,934,T
7-M,310,933,0,0,0,933,A
7-M,311,931,0,0,0,931,A
7-M,312,0,1,933,0,934,G
7-M,313,923,0,1,0,924,A
7-M,314,0,2,922,0,924,G
7-M,315,1,1,920,0,922,G
7-M,316,0,3,917,0,920,G
7-M,317,916,0,0,0,916,A
7-M,318,0,1,930,0,931,G
7-M,319,931,0,2,0,933,A
7-M,320,0,938,0,0,938,T
7-M,321,933,0,0,0,933,A
7-M,322,940,0,0,0,940,A
7-M,323,0,0,0,947,947,C
7-M,324,0,0,938,0,938,G
7-M,325,0,943,0,2,945,T
7-M,326,0,935,0,0,935,T
7-M,327,4,0,1,940,945,C
7-M,328,3,0,0,931,934,C
7-M,329,933,0,1,0,934,A
7-M,330,0,938,0,0,938,T
7-M,331,0,4,930,0,934,G
7-M,332,0,0,929,0,929,G
7-M,333,1,1,929,0,931,G
7-M,334,0,0,929,0,929,G
7-M,335,0,0,0,931,931,C
7-M,336,0,0,0,930,930,C
7-M,337,935,0,0,0,935,A
7-M,338,945,0,0,0,945,A
7-M,339,950,0,3,1,954,A
7-M,340,0,1,957,1,959,G
7-M,341,964,0,4,0,968,A
7-M,342,958,0,0,0,958,A
7-M,343,959,0,1,0,960,A
7-M,344,1,958,0,0,959,T
7-M,345,955,0,0,0,955,A
7-M,346,0,0,957,0,957,G
7-M,347,0,0,0,953,953,C
7-M,348,0,939,0,1,940,T
7-M,349,3,0,0,939,942,C
7-M,350,0,931,0,1,932,T
7-M,351,1,0,0,964,965,C
7-M,352,970,0,0,0,970,A
7-M,353,0,0,966,0,966,G
7-M,354,0,959,0,1,960,T
7-M,355,0,977,0,1,978,T
7-M,356,983,0,0,0,983,A
7-M,357,0,976,0,0,976,T
7-M,358,0,977,0,0,977,T
7-M,359,5,0,0,983,988,C
7-M,360,0,938,0,0,938,T
7-M,361,0,0,948,0,948,G
7-M,362,2,0,0,937,939,C
7-M,363,0,943,0,0,943,T
7-M,364,2,0,934,0,936,G
7-M,365,1,0,935,0,936,G
7-M,366,0,928,0,0,928,T
7-M,367,0,0,940,0,940,G
7-M,368,0,1,0,932,933,C
7-M,369,934,0,0,0,934,A
7-M,370,0,0,0,943,943,C
7-M,371,0,919,0,0,919,T
7-M,372,1,944,0,0,945,T
7-M,373,1,0,950,0,951,G
7-M,374,0,0,0,948,948,C
7-M,375,5,0,0,939,944,C
7-M,376,945,1,0,0,946,A
7-M,377,2,0,946,0,948,G
7-M,378,0,941,0,0,941,T
7-M,379,0,945,0,1,946,T
7-M,380,0,1,960,0,961,G
7-M,381,0,0,0,955,955,C
7-M,382,952,0,0,0,952,A
7-M,383,0,944,0,1,945,T
7-M,384,0,6,942,0,948,G
7-M,385,0,1,964,0,965,G
7-M,386,1,1,964,0,966,G
7-M,387,1,0,0,969,970,C
7-M,388,1,0,0,994,995,C
7-M,389,0,1004,0,0,1004,T
7-M,390,2,0,0,1012,1014,C
7-M,391,1067,0,0,0,1067,A
7-M,392,1,1073,0,0,1074,T
7-M,393,1103,0,0,0,1103,A
7-M,394,0,1091,0,0,1091,T
7-M,395,1072,0,0,0,1072,A
7-M,396,0,2,0,1135,1137,C
7-M,397,1095,0,0,0,1095,A
7-M,398,1100,0,0,0,1100,A
7-M,399,0,1089,0,0,1089,T
7-M,400,1034,0,0,0,1034,A
7-M,401,0,2,1056,0,1058,G
7-M,402,0,0,1051,0,1051,G
7-M,403,1042,0,1,0,1043,A
7-M,404,0,1040,1,2,1043,T
7-M,405,0,0,980,0,980,G
7-M,406,0,0,979,0,979,G
7-M,407,0,2,976,0,978,G
7-M,408,0,1,981,0,982,G
7-M,409,0,0,979,0,979,G
7-M,410,0,0,0,976,976,C
7-M,411,0,965,0,0,965,T
7-M,412,1,0,966,0,967,G
7-M,413,0,970,0,0,970,T
7-M,414,973,0,0,0,973,A
7-M,415,966,0,0,0,966,A
7-M,416,0,0,0,970,970,C
7-M,417,0,0,0,957,957,C
7-M,418,949,0,0,0,949,A
7-M,419,0,0,0,956,956,C
7-M,420,0,956,0,0,956,T
7-M,421,0,0,959,0,959,G
7-M,422,958,0,0,0,958,A
7-M,423,950,0,0,0,950,A
7-M,424,0,0,955,0,955,G
7-M,425,0,937,0,1,938,T
7-M,426,0,3,930,0,933,G
7-M,427,0,0,940,0,940,G
7-M,428,0,0,0,941,941,C
7-M,429,942,0,0,0,942,A
7-M,430,0,929,0,0,929,T
7-M,431,0,930,0,0,930,T
7-M,432,0,936,0,0,936,T
7-M,433,0,4,952,0,956,G
7-M,434,1,0,954,0,955,G
7-M,435,1,0,0,953,954,C
7-M,436,2,1,0,953,956,C
7-M,437,1,951,0,0,952,T
7-M,438,0,0,1000,0,1000,G
7-M,439,0,0,1007,0,1007,G
7-M,440,0,1005,0,0,1005,T
7-M,441,1017,0,0,0,1017,A
7-M,442,0,978,0,0,978,T
7-M,443,0,0,999,0,999,G
7-M,444,0,1002,0,2,1004,T
7-M,445,1,1,999,0,1001,G
7-M,446,0,0,0,1004,1004,C
7-M,447,980,0,0,0,980,A
7-M,448,975,0,0,1,976,A
7-M,449,0,0,0,979,979,C
7-M,450,974,0,0,0,974,A
7-M,451,0,978,0,0,978,T
7-M,452,0,0,965,0,965,G
7-M,453,0,944,0,0,944,T
7-M,454,0,4,940,0,944,G
7-M,455,946,0,0,0,946,A
7-M,456,1,1,943,0,945,G
7-M,457,0,0,0,942,942,C
7-M,458,922,0,0,0,922,A
7-M,459,0,0,931,0,931,G
7-M,460,926,0,0,0,926,A
7-M,461,0,927,0,1,928,T
7-M,462,0,928,0,0,928,T
7-M,463,1,0,924,0,925,G
7-M,464,0,0,0,924,924,C
7-M,465,0,921,0,1,922,T
7-M,466,0,5,915,0,920,G
7-M,467,916,0,0,0,916,A
7-M,468,0,0,0,995,995,C
7-M,469,0,993,0,1,994,T
7-M,470,2,0,0,997,999,C
7-M,471,4,0,0,992,996,C
7-M,472,2,0,0,1004,1006,C
7-M,473,1003,0,1,0,1004,A
7-M,474,1,0,1021,0,1022,G
7-M,475,0,0,0,1015,1015,C
7-M,476,1015,0,1,0,1016,A
7-M,477,0,1,0,1006,1007,C
7-M,478,949,0,0,0,949,A
7-M,479,0,0,969,0,969,G
7-M,480,1,0,968,0,969,G
7-M,481,0,956,0,1,957,T
7-M,482,4,1,0,966,971,C
7-M,483,0,959,0,0,959,T
7-M,484,2,0,0,960,962,C
7-M,485,967,0,0,0,967,A
7-M,486,0,966,0,0,966,T
7-M,487,961,0,0,0,961,A
7-M,488,0,2,954,0,956,G
7-M,489,0,0,951,0,951,G
7-M,490,1,0,0,944,945,C
7-M,491,933,0,0,0,933,A
7-M,492,927,0,0,0,927,A
7-M,493,922,0,0,1,923,A
7-M,494,0,929,0,0,929,T
7-M,495,0,2,934,0,936,G
7-M,496,0,0,926,0,926,G
7-M,497,0,913,0,2,915,T
7-M,498,0,2,925,0,927,G
7-M,499,0,1,918,0,919,G
7-M,500,0,0,0,926,926,C
7-M,501,934,0,0,0,934,A
7-M,502,931,0,0,0,931,A
7-M,503,0,0,0,933,933,C
7-M,504,940,0,0,0,940,A
7-M,505,939,0,1,0,940,A
7-M,506,1,0,0,944,945,C
7-M,507,3,0,0,936,939,C
7-M,508,930,0,0,0,930,A
7-M,509,933,0,0,0,933,A
7-M,510,0,931,0,1,932,T
7-M,511,0,0,0,940,940,C
7-M,512,2,0,0,930,932,C
7-M,513,923,0,0,0,923,A
7-M,514,0,930,0,0,930,T
7-M,515,0,934,0,0,934,T
7-M,516,937,0,0,0,937,A
7-M,517,936,1,0,0,937,A
7-M,518,0,939,0,0,939,T
7-M,519,930,0,0,0,930,A
7-M,520,928,0,1,0,929,A
7-M,521,878,0,33,0,911,A
7-M,522,917,0,0,0,917,A
7-M,523,0,0,0,936,936,C
7-M,524,935,0,1,0,936,A
7-M,525,0,935,0,0,935,T
7-M,526,0,2,929,0,931,G
7-M,527,925,0,1,0,926,A
7-M,528,0,4,929,0,933,G
7-M,529,929,0,1,0,930,A
7-M,530,928,0,0,0,928,A
7-M,531,0,0,0,935,935,C
7-M,532,904,0,0,0,904,A
7-M,533,3,1,906,0,910,G
7-M,534,906,0,0,0,906,A
7-M,535,905,0,0,0,905,A
7-M,536,0,900,0,0,900,T
7-M,537,0,5,894,0,899,G
7-M,538,1,1,889,0,891,G
7-M,539,0,892,1,0,893,T
7-M,540,0,875,0,0,875,T
7-M,541,0,887,0,0,887,T
7-M,542,0,886,0,0,886,T
7-M,543,1,2,889,0,892,G
7-M,544,0,0,893,0,893,G
7-M,545,1,0,0,892,893,C
7-M,546,1,0,0,890,891,C
7-M,547,881,0,0,0,881,A
7-M,548,1,0,918,0,919,G
7-M,549,0,0,0,915,915,C
7-M,550,927,0,0,0,927,A
7-M,551,0,0,0,948,948,C
7-M,552,0,934,0,0,934,T
7-M,553,930,0,0,0,930,A
7-M,554,0,0,0,945,945,C
7-M,555,947,0,1,0,948,A
7-M,556,0,1,952,0,953,G
7-M,557,0,0,0,919,919,C
7-M,558,0,917,0,0,917,T
7-M,559,912,0,0,0,912,A
7-M,560,899,0,2,0,901,A
7-M,561,0,4,902,0,906,G
7-M,562,0,1,905,0,906,G
7-M,563,0,0,0,898,898,C
7-M,564,0,857,0,0,857,T
7-M,565,862,0,1,0,863,A
7-M,566,0,859,0,1,860,T
7-M,567,1,1,865,0,867,G
7-M,568,0,4,871,0,875,G
7-M,569,854,0,1,0,855,A
7-M,570,1,0,863,0,864,G
7-M,571,0,0,0,841,841,C
7-M,572,845,0,0,0,845,A
7-M,573,836,0,0,0,836,A
7-M,574,836,0,1,2,839,A
7-M,575,0,848,0,0,848,T
7-M,576,0,1,848,0,849,G
7-M,577,0,0,840,0,840,G
7-M,578,0,0,0,839,839,C
7-M,579,0,831,0,0,831,T
7-M,580,0,1,831,0,832,G
7-M,581,0,0,841,0,841,G
7-M,582,837,0,0,0,837,A
7-M,583,0,836,0,0,836,T
7-M,584,0,0,0,836,836,C
7-M,585,829,0,2,0,831,A
7-M,586,837,1,1,0,839,A
7-M,587,0,0,846,0,846,G
7-M,588,0,835,0,0,835,T
7-M,589,0,3,839,0,842,G
7-M,590,805,0,1,1,807,A
7-M,591,0,1,814,0,815,G
7-M,592,1,0,0,813,814,C
7-M,593,809,0,0,0,809,A
7-M,594,0,0,817,0,817,G
7-M,595,0,0,802,0,802,G
7-M,596,1,0,0,810,811,C
7-M,597,807,0,0,0,807,A
7-M,598,0,0,810,0,810,G
7-M,599,1,0,0,814,815,C
7-M,600,0,0,812,0,812,G
7-M,601,0,2,811,0,813,G
7-M,602,814,0,1,0,815,A
7-M,603,0,0,815,0,815,G
7-M,604,0,0,826,0,826,G
7-M,605,0,0,0,823,823,C
7-M,606,2,0,0,829,831,C
7-M,607,825,0,0,0,825,A
7-M,608,0,831,0,0,831,T
7-M,609,0,2,830,0,832,G
7-M,610,0,3,832,0,835,G
7-M,611,835,0,0,0,835,A
7-M,612,2,0,838,0,840,G
7-M,613,824,0,0,0,824,A
7-M,614,0,852,0,0,852,T
7-M,615,0,851,0,0,851,T
7-M,616,0,0,846,0,846,G
7-M,617,0,0,0,844,844,C
7-M,618,0,845,0,0,845,T
7-M,619,849,0,0,0,849,A
7-M,620,0,0,848,0,848,G
7-M,621,0,839,0,0,839,T
7-M,622,7,0,0,839,846,C
7-M,623,824,0,0,0,824,A
7-M,624,0,1,834,0,835,G
7-M,625,0,1,831,0,832,G
7-M,626,0,0,0,828,828,C
7-M,627,1,0,0,830,831,C
7-M,628,828,0,0,0,828,A
7-M,629,7,0,836,0,843,G
7-M,630,5,0,839,0,844,G
7-M,631,0,0,0,833,833,C
7-M,632,835,0,0,0,835,A
7-M,633,0,1,832,0,833,G
7-M,634,817,0,2,0,819,A
7-M,635,0,816,0,0,816,T
7-M,636,0,3,823,0,826,G
7-M,637,0,0,858,0,858,G
7-M,638,0,845,0,0,845,T
7-M,639,0,0,848,0,848,G
7-M,640,0,0,0,838,838,C
7-M,641,837,0,0,0,837,A
7-M,642,0,2,850,0,852,G
7-M,643,0,0,848,0,848,G
7-M,644,0,0,0,860,860,C
7-M,645,858,0,0,0,858,A
7-M,646,832,0,0,0,832,A
7-M,647,0,822,0,0,822,T
7-M,648,0,2,821,0,823,G
7-M,649,821,0,0,0,821,A
7-M,650,0,1,823,0,824,G
7-M,651,791,0,1,0,792,A
7-M,652,0,0,802,0,802,G
7-M,653,0,0,0,799,799,C
7-M,654,3,1,0,813,817,C
7-M,655,815,0,0,0,815,A
7-M,656,0,811,0,0,811,T
7-M,657,0,813,0,0,813,T
7-M,658,0,2,809,0,811,G
7-M,659,0,2,808,0,810,G
7-M,660,0,3,812,0,815,G
7-M,661,814,0,0,0,814,A
7-M,662,0,0,0,815,815,C
7-M,663,0,779,0,0,779,T
7-M,664,2,0,0,779,781,C
7-M,665,789,0,0,0,789,A
7-M,666,0,817,0,0,817,T
7-M,667,2,0,0,814,816,C
7-M,668,0,0,0,817,817,C
7-M,669,0,816,0,0,816,T
7-M,670,820,0,0,0,820,A
7-M,671,0,0,826,0,826,G
7-M,672,1,910,0,0,911,T
7-M,673,0,908,0,0,908,T
7-M,674,0,0,0,894,894,C
7-M,675,0,0,0,863,863,C
7-M,676,859,0,0,0,859,A
7-M,677,0,0,878,0,878,G
7-M,678,0,875,0,0,875,T
7-M,679,876,0,0,0,876,A
7-M,680,0,0,0,869,869,C
7-M,681,0,766,0,0,766,T
7-M,682,0,2,789,0,791,G
7-M,683,1,0,805,0,806,G
7-M,684,0,806,0,1,807,T
7-M,685,1,0,0,808,809,C
7-M,686,0,794,0,0,794,T
7-M,687,794,0,1,0,795,A
7-M,688,796,0,1,0,797,A
7-M,689,0,2,803,0,805,G
7-M,690,795,0,1,0,796,A
7-M,691,0,0,785,0,785,G
7-M,692,748,0,0,0,748,A
7-M,693,0,738,0,1,739,T
7-M,694,0,3,739,0,742,G
7-M,695,744,1,0,0,745,A
7-M,696,0,741,0,0,741,T
7-M,697,3,0,0,739,742,C
7-M,698,0,730,0,1,731,T
7-M,699,0,738,0,0,738,T
7-M,700,0,0,0,739,739,C
7-M,701,0,733,1,0,734,T
7-M,702,0,737,0,0,737,T
7-M,703,0,2,734,0,736,G
7-M,704,732,0,0,0,732,A
7-M,705,737,0,0,0,737,A
7-M,706,730,0,0,0,730,A
7-M,707,731,0,1,0,732,A
7-M,708,0,734,0,0,734,T
7-M,709,0,741,0,0,741,T
7-M,710,0,742,0,1,743,T
7-M,711,0,0,742,0,742,G
7-M,712,0,1,0,741,742,C
7-M,713,744,0,1,0,745,A
7-M,714,0,2,743,0,745,G
7-M,715,745,0,0,0,745,A
7-M,716,0,0,0,762,762,C
7-M,717,1,0,0,760,761,C
7-M,718,0,755,0,0,755,T
7-M,719,764,0,2,0,766,A
7-M,720,0,760,0,1,761,T
7-M,721,2,0,0,764,766,C
7-M,722,763,0,0,0,763,A
7-M,723,0,2,764,0,766,G
7-M,724,762,0,0,0,762,A
7-M,725,746,0,0,0,746,A
7-M,726,741,0,1,0,742,A
7-M,727,0,1,0,746,747,C
7-M,728,0,0,753,0,753,G
7-M,729,746,0,0,0,746,A
7-M,730,748,0,0,0,748,A
7-M,731,0,750,0,0,750,T
7-M,732,3,1,746,0,750,G
7-M,733,0,0,745,0,745,G
7-M,734,1,4,742,0,747,G
7-M,735,0,0,739,0,739,G
7-M,736,0,0,744,0,744,G
7-M,737,0,726,0,0,726,T
7-M,738,0,0,722,0,722,G
7-M,739,0,0,0,726,726,C
7-M,740,725,0,0,0,725,A
7-M,741,0,1,731,0,732,G
7-M,742,719,0,0,0,719,A
7-M,743,0,717,0,0,717,T
7-M,744,0,1,715,0,716,G
7-M,745,0,0,0,706,706,C
7-M,746,701,0,0,0,701,A
7-M,747,701,0,0,0,701,A
7-M,748,0,0,0,700,700,C
7-M,749,0,2,703,0,705,G
7-M,750,704,0,0,0,704,A
7-M,751,0,702,0,0,702,T
7-M,752,0,699,0,0,699,T
7-M,753,1,0,0,705,706,C
7-M,754,689,0,0,0,689,A
7-M,755,686,0,0,0,686,A
7-M,756,0,0,686,0,686,G
7-M,757,0,672,0,0,672,T
7-M,758,0,3,669,1,673,G
7-M,759,663,0,0,0,663,A
7-M,760,0,1,0,662,663,C
7-M,761,1,0,0,658,659,C
7-M,762,2,0,0,657,659,C
7-M,763,0,0,662,0,662,G
7-M,764,0,0,0,660,660,C
7-M,765,0,665,0,0,665,T
7-M,766,0,670,0,0,670,T
7-M,767,0,0,665,0,665,G
7-M,768,0,660,0,0,660,T
7-M,769,0,660,0,0,660,T
7-M,770,1,0,657,0,658,G
7-M,771,0,643,0,0,643,T
7-M,772,0,635,0,0,635,T
7-M,773,0,0,636,0,636,G
7-M,774,0,0,0,621,621,C
7-M,775,0,0,0,630,630,C
7-M,776,1,1,638,0,640,G
7-M,777,0,0,0,636,636,C
7-M,778,0,2,643,0,645,G
7-M,779,643,0,1,0,644,A
7-M,780,644,0,0,0,644,A
7-M,781,0,651,0,0,651,T
7-M,782,650,0,1,0,651,A
7-M,783,0,656,0,0,656,T
7-M,784,2,0,0,659,661,C
7-M,785,662,0,0,0,662,A
7-M,786,0,660,0,0,660,T
7-M,787,0,658,0,0,658,T
7-M,788,0,1,655,0,656,G
7-M,789,0,2,653,0,655,G
7-M,790,0,0,652,0,652,G
7-M,791,650,0,0,0,650,A
7-M,792,0,649,0,0,649,T
7-M,793,1,0,0,633,634,C
7-M,794,0,636,0,0,636,T
7-M,795,0,634,0,0,634,T
7-M,796,0,1,639,0,640,G
7-M,797,1,0,0,637,638,C
7-M,798,631,0,0,0,631,A
7-M,799,0,0,0,641,641,C
7-M,800,0,637,0,0,637,T
7-M,801,0,638,0,1,639,T
7-M,802,0,1,641,0,642,G
7-M,803,646,0,0,0,646,A
7-M,804,1,652,0,0,653,T
7-M,805,636,0,0,0,636,A
7-M,806,0,637,0,0,637,T
7-M,807,0,629,0,1,630,T
7-M,808,0,0,634,0,634,G
7-M,809,0,628,0,0,628,T
7-M,810,0,0,626,0,626,G
7-M,811,0,0,627,0,627,G
7-M,812,614,0,0,0,614,A
7-M,813,0,619,0,0,619,T
7-M,814,0,611,0,0,611,T
7-M,815,2,0,0,607,609,C
7-M,816,0,608,0,0,608,T
7-M,817,0,602,0,0,602,T
7-M,818,0,2,604,0,606,G
7-M,819,594,0,0,0,594,A
7-M,820,0,597,0,0,597,T
7-M,821,5,0,0,587,592,C
7-M,822,0,0,590,0,590,G
7-M,823,1,588,0,0,589,T
7-M,824,0,0,0,587,587,C
7-M,825,0,586,0,0,586,T
7-M,826,0,592,0,0,592,T
7-M,827,0,590,0,1,591,T
7-M,828,0,590,0,0,590,T
7-M,829,0,591,0,0,591,T
7-M,830,0,589,0,0,589,T
7-M,831,0,590,0,1,591,T
7-M,832,2,0,0,587,589,C
7-M,833,590,0,0,0,590,A
7-M,834,591,0,0,0,591,A
7-M,835,588,0,1,0,589,A
7-M,836,0,587,0,0,587,T
7-M,837,0,0,588,0,588,G
7-M,838,0,0,0,586,586,C
7-M,839,0,0,588,0,588,G
7-M,840,0,601,0,1,602,T
7-M,841,0,0,0,604,604,C
7-M,842,0,599,0,1,600,T
7-M,843,601,0,0,0,601,A
7-M,844,0,601,0,0,601,T
7-M,845,1,0,0,598,599,C
7-M,846,0,2,592,0,594,G
7-M,847,585,0,0,0,585,A
7-M,848,0,0,0,586,586,C
7-M,849,0,564,0,1,565,T
7-M,850,0,0,0,579,579,C
7-M,851,0,576,0,0,576,T
7-M,852,0,577,0,0,577,T
7-M,853,1,0,0,577,578,C
7-M,854,579,0,1,0,580,A
7-M,855,580,0,0,0,580,A
7-M,856,574,0,0,0,574,A
7-M,857,0,0,2,576,578,C
7-M,858,567,0,0,0,567,A
7-M,859,1,0,0,545,546,C
7-M,860,0,2,534,0,536,G
7-M,861,0,0,557,0,557,G
7-M,862,0,1,0,549,550,C
7-M,863,2,0,0,553,555,C
7-M,864,0,556,0,0,556,T
7-M,865,0,556,0,0,556,T
7-M,866,560,0,0,0,560,A
7-M,867,560,0,0,0,560,A
7-M,868,559,0,0,0,559,A
7-M,869,560,0,0,0,560,A
7-M,870,0,0,549,0,549,G
7-M,871,488,0,0,0,488,A
7-M,872,0,1,486,0,487,G
7-M,873,0,0,479,0,479,G
7-M,874,1,0,0,483,484,C
7-M,875,2,0,0,471,473,C
7-M,876,1,0,0,475,476,C
7-M,877,1,479,0,0,480,T
7-M,878,0,476,0,0,476,T
7-M,879,1,0,0,478,479,C
7-M,880,0,482,0,0,482,T
7-M,881,480,0,0,0,480,A
7-M,882,0,1,0,481,482,C
7-M,883,0,0,476,0,476,G
7-M,884,0,0,477,0,477,G
7-M,885,466,0,0,0,466,A
7-M,886,470,0,0,0,470,A
7-M,887,0,1,465,0,466,G
7-M,888,0,1,464,0,465,G
7-M,889,455,0,0,0,455,A
7-M,890,0,0,456,0,456,G
7-M,891,0,457,0,0,457,T
7-M,892,457,0,0,0,457,A
7-M,893,0,0,0,456,456,C
7-M,894,0,0,0,457,457,C
7-M,895,0,455,0,0,455,T
7-M,896,0,0,455,0,455,G
7-M,897,438,0,0,0,438,A
7-M,898,0,0,445,0,445,G
7-M,899,0,439,0,0,439,T
7-M,900,1,0,0,435,436,C
7-M,901,0,423,0,0,423,T
7-M,902,421,0,0,0,421,A
7-M,903,0,421,0,0,421,T
7-M,904,0,1,420,0,421,G
7-M,905,411,0,1,0,412,A
7-M,906,0,2,411,0,413,G
7-M,907,0,2,371,0,373,G
7-M,908,0,0,375,0,375,G
7-M,909,376,0,0,0,376,A
7-M,910,369,0,0,0,369,A
7-M,911,0,0,372,0,372,G
7-M,912,366,0,0,0,366,A
7-M,913,364,0,0,0,364,A
7-M,914,0,362,0,0,362,T
7-M,915,357,0,0,0,357,A
7-M,916,0,356,0,0,356,T
7-M,917,1,2,0,346,349,C
7-M,918,0,0,348,0,348,G
7-M,919,348,0,0,0,348,A
7-M,920,342,0,0,0,342,A
7-M,921,339,0,0,0,339,A
7-M,922,0,0,334,0,334,G
7-M,923,0,1,336,0,337,G
7-M,924,336,0,0,0,336,A
7-M,925,334,0,1,0,335,A
7-M,926,0,0,0,333,333,C
7-M,927,326,0,0,0,326,A
7-M,928,0,1,325,0,326,G
7-M,929,0,0,0,325,325,C
7-M,930,325,0,0,0,325,A
7-M,931,0,0,324,0,324,G
7-M,932,306,0,0,0,306,A
7-M,933,305,0,0,0,305,A
7-M,934,0,307,0,0,307,T
7-M,935,0,0,294,0,294,G
7-M,936,0,0,0,296,296,C
7-M,937,0,276,0,1,277,T
7-M,938,0,0,278,0,278,G
7-M,939,0,274,0,0,274,T
7-M,940,0,0,273,0,273,G
7-M,941,0,0,267,0,267,G
7-M,942,264,0,0,0,264,A
7-M,943,0,263,0,1,264,T
7-M,944,0,0,246,0,246,G
7-M,945,0,0,0,235,235,C
7-M,946,0,220,0,0,220,T
7-M,947,0,0,213,0,213,G
7-M,948,213,0,0,0,213,A
7-M,949,0,1,0,212,213,C
7-M,950,0,1,206,0,207,G
7-M,951,205,0,0,0,205,A
7-M,952,0,0,0,209,209,C
7-M,953,195,0,0,0,195,A
7-M,954,0,0,197,0,197,G
7-M,955,0,195,0,0,195,T
7-M,956,0,0,0,188,188,C
7-M,957,189,0,0,0,189,A
7-M,958,0,181,0,0,181,T
7-M,959,0,182,0,0,182,T
7-M,960,0,186,0,0,186,T
7-M,961,0,186,0,0,186,T
7-M,962,0,0,185,0,185,G
7-M,963,0,175,0,1,176,T
7-M,964,2,0,0,173,175,C
7-M,965,164,0,0,0,164,A
7-M,966,0,0,162,0,162,G
7-M,967,1,0,0,163,164,C
7-M,968,163,0,0,0,163,A
7-M,969,0,163,0,0,163,T
7-M,970,150,0,0,0,150,A
7-M,971,0,1,149,0,150,G
7-M,972,145,0,0,0,145,A
7-M,973,0,0,145,0,145,G
7-M,974,0,142,0,0,142,T
7-M,975,0,97,0,0,97,T
7-M,976,0,0,96,0,96,G
7-M,977,0,0,95,0,95,G
7-M,978,94,1,0,0,95,A
7-M,979,0,0,94,0,94,G
7-M,980,0,59,0,0,59,T
7-M,981,56,0,0,0,56,A
7-M,982,54,0,0,0,54,A
8-NS,1,786,0,0,0,786,A
8-NS,2,0,786,0,0,786,T
8-NS,3,0,0,862,0,862,G
8-NS,4,0,2,934,0,936,G
8-NS,5,1021,0,0,0,1021,A
8-NS,6,0,1986,0,0,1986,T
8-NS,7,0,1995,0,2,1997,T
8-NS,8,2,1,0,2050,2053,C
8-NS,9,0,0,0,2071,2071,C
8-NS,10,2080,0,3,0,2083,A
8-NS,11,2091,0,0,0,2091,A
8-NS,12,0,1,0,2099,2100,C
8-NS,13,2100,1,0,0,2101,A
8-NS,14,0,1,0,2119,2120,C
8-NS,15,0,2132,0,0,2132,T
8-NS,16,0,0,2396,0,2396,G
8-NS,17,0,2390,0,0,2390,T
8-NS,18,0,0,2423,0,2423,G
8-NS,19,0,2422,0,6,2428,T
8-NS,20,12,0,0,2415,2427,C
8-NS,21,2433,0,3,0,2436,A
8-NS,22,2431,0,1,0,2432,A
8-NS,23,1,0,2485,0,2486,G
8-NS,24,0,2544,0,0,2544,T
8-NS,25,0,2552,0,0,2552,T
8-NS,26,0,2560,0,0,2560,T
8-NS,27,3,0,0,2556,2559,C
8-NS,28,2,1,0,2580,2583,C
8-NS,29,2569,5,2,1,2577,A
8-NS,30,0,3,2601,0,2604,G
8-NS,31,0,2,2626,0,2628,G
8-NS,32,0,2569,0,1,2570,T
8-NS,33,2623,0,1,1,2625,A
8-NS,34,0,6,2659,0,2665,G
8-NS,35,2655,0,1,1,2657,A
8-NS,36,0,2674,0,2,2676,T
8-NS,37,1,2688,0,1,2690,T
8-NS,38,3,1,2719,0,2723,G
8-NS,39,1,1,0,2706,2708,C
8-NS,40,0,2715,0,8,2723,T
8-NS,41,0,2764,0,1,2765,T
8-NS,42,0,2776,0,7,2783,T
8-NS,43,3,0,0,2818,2821,C
8-NS,44,0,2817,0,2,2819,T
8-NS,45,0,2825,0,1,2826,T
8-NS,46,0,2821,0,0,2821,T
8-NS,47,1,12,2827,0,2840,G
8-NS,48,0,0,2811,0,2811,G
8-NS,49,2,1,0,2823,2826,C
8-NS,50,2836,0,1,0,2837,A
8-NS,51,0,2843,0,0,2843,T
8-NS,52,2862,0,1,0,2863,A
8-NS,53,1,2950,0,0,2951,T
8-NS,54,5,0,0,2951,2956,C
8-NS,55,3,2,0,2950,2955,C
8-NS,56,3,4,2942,1,2950,G
8-NS,57,0,3,2958,0,2961,G
8-NS,58,2956,1,0,0,2957,A
8-NS,59,2966,0,2,0,2968,A
8-NS,60,2974,0,1,0,2975,A
8-NS,61,1,1,0,3014,3016,C
8-NS,62,3018,1,0,0,3019,A
8-NS,63,3018,0,1,0,3019,A
8-NS,64,3,3,3164,0,3170,G
8-NS,65,1,3170,1,2,3174,T
8-NS,66,0,3186,0,1,3187,T
8-NS,67,0,0,3195,0,3195,G
8-NS,68,0,3194,0,3,3197,T
8-NS,69,3188,1,4,0,3193,A
8-NS,70,0,13,3197,1,3211,G
8-NS,71,3378,0,2,0,3380,A
8-NS,72,0,3,0,3420,3423,C
8-NS,73,5,0,0,3383,3388,C
8-NS,74,3388,2,2,0,3392,A
8-NS,75,3396,0,3,0,3399,A
8-NS,76,0,11,3599,0,3610,G
8-NS,77,3586,1,3,0,3590,A
8-NS,78,3638,0,1,0,3639,A
8-NS,79,0,0,0,3637,3637,C
8-NS,80,0,3562,0,0,3562,T
8-NS,81,0,9,3604,0,3613,G
8-NS,82,3571,0,6,0,3577,A
8-NS,83,0,1,3687,0,3688,G
8-NS,84,1,3675,0,0,3676,T
8-NS,85,1,4,3612,0,3617,G
8-NS,86,3632,0,5,0,3637,A
8-NS,87,1,3641,0,1,3643,T
8-NS,88,0,2,3695,0,3697,G
8-NS,89,2,0,0,3744,3746,C
8-NS,90,2,3,0,3758,3763,C
8-NS,91,11,1,0,3766,3778,C
8-NS,92,10,0,0,3756,3766,C
8-NS,93,3777,0,2,0,3779,A
8-NS,94,0,3856,0,1,3857,T
8-NS,95,0,3950,0,1,3951,T
8-NS,96,4,1,0,3954,3959,C
8-NS,97,4,0,0,3945,3949,C
8-NS,98,0,3936,0,6,3942,T
8-NS,99,0,3923,0,4,3927,T
8-NS,100,1,17,3902,2,3922,G
8-NS,101,3882,1,0,0,3883,A
8-NS,102,0,3914,0,1,3915,T
8-NS,103,11,1,0,3902,3914,C
8-NS,104,1,6,3851,1,3859,G
8-NS,105,0,0,3893,0,3893,G
8-NS,106,1,0,0,3917,3918,C
8-NS,107,0,3900,0,5,3905,T
8-NS,108,0,3924,0,0,3924,T
8-NS,109,6,1,0,3926,3933,C
8-NS,110,1,2,3940,0,3943,G
8-NS,111,0,0,0,3944,3944,C
8-NS,112,3,0,1,3950,3954,C
8-NS,113,0,5,3955,0,3960,G
8-NS,114,3911,0,1,0,3912,A
8-NS,115,0,6,4080,1,4087,G
8-NS,116,4084,1,2,0,4087,A
8-NS,117,0,4107,0,0,4107,T
8-NS,118,12,1,0,4106,4119,C
8-NS,119,4084,0,9,0,4093,A
8-NS,120,0,3,4106,0,4109,G
8-NS,121,4101,0,4,1,4106,A
8-NS,122,1,5,4108,0,4114,G
8-NS,123,3,2,4165,0,4170,G
8-NS,124,0,4172,0,8,4180,T
8-NS,125,17,1,0,4413,4431,C
8-NS,126,6,3,0,4434,4443,C
8-NS,127,11,0,0,4477,4488,C
8-NS,128,0,4502,0,1,4503,T
8-NS,129,4504,0,0,0,4504,A
8-NS,130,4480,0,1,0,4481,A
8-NS,131,0,8,4556,0,4564,G
8-NS,132,0,9,4534,0,4543,G
8-NS,133,1,5,4502,0,4508,G
8-NS,134,0,5,4403,0,4408,G
8-NS,135,4379,1,1,0,4381,A
8-NS,136,4389,0,5,0,4394,A
8-NS,137,1,3,4429,0,4433,G
8-NS,138,4514,0,7,0,4521,A
8-NS,139,17,4,4537,0,4558,G
8-NS,140,2,3,4521,0,4526,G
8-NS,141,0,2,0,4559,4561,C
8-NS,142,4571,1,1,0,4573,A
8-NS,143,4566,2,3,0,4571,A
8-NS,144,0,4592,0,0,4592,T
8-NS,145,4638,0,1,0,4639,A
8-NS,146,0,0,0,4715,4715,C
8-NS,147,1,4618,0,7,4626,T
8-NS,148,5,0,0,4624,4629,C
8-NS,149,1,4557,0,4,4562,T
8-NS,150,8,9,0,4593,4610,C
8-NS,151,2,6,4661,1,4670,G
8-NS,152,0,0,4903,0,4903,G
8-NS,153,0,4868,0,3,4871,T
8-NS,154,13,0,0,4910,4923,C
8-NS,155,0,4891,0,3,4894,T
8-NS,156,4923,0,2,0,4925,A
8-NS,157,1,15,4906,0,4922,G
8-NS,158,4914,0,3,0,4917,A
8-NS,159,1,1,0,5058,5060,C
8-NS,160,4963,0,1,1,4965,A
8-NS,161,0,4890,0,0,4890,T
8-NS,162,10,1,0,4886,4897,C
8-NS,163,4899,0,0,0,4899,A
8-NS,164,4890,0,1,0,4891,A
8-NS,165,4864,0,1,0,4865,A
8-NS,166,4780,0,6,0,4786,A
8-NS,167,1,1,0,4850,4852,C
8-NS,168,4857,1,1,0,4859,A
8-NS,169,2,1,4851,0,4854,G
8-NS,170,3,3,0,4847,4853,C
8-NS,171,5,2,18,4836,4861,C
8-NS,172,4879,0,4,0,4883,A
8-NS,173,3,0,0,4949,4952,C
8-NS,174,7,0,0,4948,4955,C
8-NS,175,21,0,0,4958,4979,C
8-NS,176,5032,0,1,0,5033,A
8-NS,177,0,5053,0,2,5055,T
8-NS,178,0,4,5067,0,5071,G
8-NS,179,0,5044,0,9,5053,T
8-NS,180,0,5052,2,5,5059,T
8-NS,181,2,8,5050,1,5061,G
8-NS,182,0,6,5008,0,5014,G
8-NS,183,4958,1,4,0,4963,A
8-NS,184,4999,0,1,0,5000,A
8-NS,185,4944,0,4,0,4948,A
8-NS,186,1,2,4972,1,4976,G
8-NS,187,2,0,1,4960,4963,C
8-NS,188,4962,0,1,0,4963,A
8-NS,189,4972,1,4,0,4977,A
8-NS,190,4941,0,1,0,4942,A
8-NS,191,0,5008,0,2,5010,T
8-NS,192,1,5014,0,0,5015,T
8-NS,193,1,1,5090,0,5092,G
8-NS,194,0,5069,0,3,5072,T
8-NS,195,5063,0,3,0,5066,A
8-NS,196,0,6,5050,0,5056,G
8-NS,197,5039,2,1,0,5042,A
8-NS,198,5055,0,1,0,5056,A
8-NS,199,5058,0,2,0,5060,A
8-NS,200,5024,0,5,1,5030,A
8-NS,201,0,5,5038,0,5043,G
8-NS,202,4974,0,1,0,4975,A
8-NS,203,0,4969,0,1,4970,T
8-NS,204,0,4982,0,2,4984,T
8-NS,205,8,1,0,4977,4986,C
8-NS,206,1,5000,0,0,5001,T
8-NS,207,0,5,5003,0,5008,G
8-NS,208,5016,0,1,0,5017,A
8-NS,209,4999,0,1,0,5000,A
8-NS,210,4983,0,5,1,4989,A
8-NS,211,0,7,5019,0,5026,G
8-NS,212,5012,0,1,0,5013,A
8-NS,213,5023,0,2,0,5025,A
8-NS,214,1,13,5056,1,5071,G
8-NS,215,5088,0,5,2,5095,A
8-NS,216,5116,0,3,3,5122,A
8-NS,217,0,5113,0,0,5113,T
8-NS,218,7,0,0,5174,5181,C
8-NS,219,0,5162,0,1,5163,T
8-NS,220,0,12,5165,0,5177,G
8-NS,221,5167,1,4,0,5172,A
8-NS,222,0,5177,0,0,5177,T
8-NS,223,1,9,5143,0,5153,G
8-NS,224,5092,0,4,2,5098,A
8-NS,225,25,13,5038,0,5076,G
8-NS,226,1,3,5064,0,5068,G
8-NS,227,2,2,0,5062,5066,C
8-NS,228,5077,0,4,0,5081,A
8-NS,229,2,1,0,5212,5215,C
8-NS,230,1,5187,1,2,5191,T
8-NS,231,0,5229,0,3,5232,T
8-NS,232,5262,0,1,0,5263,A
8-NS,233,5279,0,1,0,5280,A
8-NS,234,5265,1,2,0,5268,A
8-NS,235,5248,0,4,0,5252,A
8-NS,236,0,5247,0,0,5247,T
8-NS,237,0,30,5224,0,5254,G
8-NS,238,5262,0,3,2,5267,A
8-NS,239,1,0,0,5277,5278,C
8-NS,240,9,3,1,5243,5256,C
8-NS,241,5268,2,2,0,5272,A
8-NS,242,0,5232,0,7,5239,T
8-NS,243,1,8,5348,0,5357,G
8-NS,244,0,3,5417,0,5420,G
8-NS,245,0,5412,0,8,5420,T
8-NS,246,13,0,0,5663,5676,C
8-NS,247,0,5631,1,8,5640,T
8-NS,248,7,0,0,5734,5741,C
8-NS,249,5,0,0,5747,5752,C
8-NS,250,5760,0,5,0,5765,A
8-NS,251,2,2,0,5813,5817,C
8-NS,252,5676,0,2,0,5678,A
8-NS,253,2,1,0,5703,5706,C
8-NS,254,4,0,0,5667,5671,C
8-NS,255,0,5425,0,6,5431,T
8-NS,256,0,4,5462,0,5466,G
8-NS,257,0,2,0,5410,5412,C
8-NS,258,0,5378,1,2,5381,T
8-NS,259,0,5414,0,2,5416,T
8-NS,260,11,15,0,5379,5405,C
8-NS,261,1,1,5422,0,5424,G
8-NS,262,1,3,0,5411,5415,C
8-NS,263,0,9,5430,0,5439,G
8-NS,264,5659,1,2,0,5662,A
8-NS,265,0,5666,0,2,5668,T
8-NS,266,5833,1,2,0,5836,A
8-NS,267,2,1,0,5859,5862,C
8-NS,268,5837,2,1,0,5840,A
8-NS,269,0,5968,0,0,5968,T
8-NS,270,5927,0,0,0,5927,A
8-NS,271,5945,1,2,0,5948,A
8-NS,272,4,0,0,5945,5949,C
8-NS,273,0,5783,1,1,5785,T
8-NS,274,0,20,5838,0,5858,G
8-NS,275,5733,0,6,0,5739,A
8-NS,276,1,30,0,5771,5802,C
8-NS,277,5790,0,5,1,5796,A
8-NS,278,2,5764,0,0,5766,T
8-NS,279,2,18,5747,0,5767,G
8-NS,280,5741,0,4,0,5745,A
8-NS,281,0,1,0,5932,5933,C
8-NS,282,0,5914,0,3,5917,T
8-NS,283,6008,1,1,0,6010,A
8-NS,284,0,5971,1,2,5974,T
8-NS,285,0,5945,0,7,5952,T
8-NS,286,0,5,5956,1,5962,G
8-NS,287,5921,1,8,0,5930,A
8-NS,288,0,11,5898,1,5910,G
8-NS,289,1,13,5884,0,5898,G
8-NS,290,5754,1,1,0,5756,A
8-NS,291,5793,0,1,0,5794,A
8-NS,292,0,5678,0,2,5680,T
8-NS,293,0,5687,0,3,5690,T
8-NS,294,0,0,5784,1,5785,G
8-NS,295,2,5766,0,3,5771,T
8-NS,296,16,1,1,5781,5799,C
8-NS,297,5791,1,1,1,5794,A
8-NS,298,5792,0,2,0,5794,A
8-NS,299,1,11,5785,0,5797,G
8-NS,300,5814,0,0,0,5814,A
8-NS,301,5791,0,3,0,5794,A
8-NS,302,5793,0,3,0,5796,A
8-NS,303,2,0,0,5791,5793,C
8-NS,304,0,5723,0,1,5724,T
8-NS,305,0,12,5783,0,5795,G
8-NS,306,0,0,5851,0,5851,G
8-NS,307,0,5846,0,0,5846,T
8-NS,308,0,5836,0,3,5839,T
8-NS,309,18,2,1,5804,5825,C
8-NS,310,5844,0,5,0,5849,A
8-NS,311,1,5924,0,5,5930,T
8-NS,312,2,1,5967,0,5970,G
8-NS,313,0,0,1,5999,6000,C
8-NS,314,0,5952,0,6,5958,T
8-NS,315,5846,1,21,0,5868,A
8-NS,316,5919,0,2,0,5921,A
8-NS,317,1,5970,0,1,5972,T
8-NS,318,4,1,5964,0,5969,G
8-NS,319,2,1,0,5945,5948,C
8-NS,320,7,1,0,5858,5866,C
8-NS,321,24,0,0,5835,5859,C
8-NS,322,5857,0,1,0,5858,A
8-NS,323,5906,0,2,0,5908,A
8-NS,324,1,2,5914,0,5917,G
8-NS,325,2,1,0,5929,5932,C
8-NS,326,5908,0,4,0,5912,A
8-NS,327,1,5,5925,0,5931,G
8-NS,328,5896,0,2,0,5898,A
8-NS,329,5922,0,3,0,5925,A
8-NS,330,5907,0,8,0,5915,A
8-NS,331,3,1,6010,0,6014,G
8-NS,332,0,5923,1,3,5927,T
8-NS,333,3,10,5919,0,5932,G
8-NS,334,0,8,5915,0,5923,G
8-NS,335,5922,0,6,0,5928,A
8-NS,336,5889,0,6,0,5895,A
8-NS,337,0,13,5859,0,5872,G
8-NS,338,1,11,5889,0,5901,G
8-NS,339,5875,0,4,0,5879,A
8-NS,340,4,0,0,5854,5858,C
8-NS,341,10,2,0,5851,5863,C
8-NS,342,0,5879,1,2,5882,T
8-NS,343,12,0,0,5943,5955,C
8-NS,344,0,5978,1,5,5984,T
8-NS,345,0,6002,1,1,6004,T
8-NS,346,1,6014,1,3,6019,T
8-NS,347,0,0,6016,0,6016,G
8-NS,348,2,3,0,6094,6099,C
8-NS,349,6060,0,2,0,6062,A
8-NS,350,2,6048,1,2,6053,T
8-NS,351,10,5,0,6050,6065,C
8-NS,352,6108,1,0,0,6109,A
8-NS,353,1,5,6334,1,6341,G
8-NS,354,6299,0,0,4,6303,A
8-NS,355,6308,0,3,0,6311,A
8-NS,356,0,6284,2,1,6287,T
8-NS,357,11,14,6192,0,6217,G
8-NS,358,17,12,6249,0,6278,G
8-NS,359,6243,3,4,0,6250,A
8-NS,360,2,1,0,6253,6256,C
8-NS,361,11,1,0,6116,6128,C
8-NS,362,6017,2,10,0,6029,A
8-NS,363,1,10,6066,0,6077,G
8-NS,364,0,2,6047,0,6049,G
8-NS,365,3,2,0,6063,6068,C
8-NS,366,6027,0,3,0,6030,A
8-NS,367,6051,0,4,0,6055,A
8-NS,368,0,6021,0,2,6023,T
8-NS,369,19,0,0,6019,6038,C
8-NS,370,6043,0,2,0,6045,A
8-NS,371,0,6023,1,3,6027,T
8-NS,372,2,7,5949,1,5959,G
8-NS,373,0,13,5961,0,5974,G
8-NS,374,5921,0,12,0,5933,A
8-NS,375,0,17,5976,0,5993,G
8-NS,376,5918,1,1,0,5920,A
8-NS,377,5927,2,0,0,5929,A
8-NS,378,5936,1,4,0,5941,A
8-NS,379,5933,0,2,0,5935,A
8-NS,380,5966,0,5,1,5972,A
8-NS,381,0,0,0,6005,6005,C
8-NS,382,5973,0,3,0,5976,A
8-NS,383,0,5938,0,5,5943,T
8-NS,384,10,0,0,5923,5933,C
8-NS,385,5908,0,5,0,5913,A
8-NS,386,0,5944,1,2,5947,T
8-NS,387,2,1,5942,0,5945,G
8-NS,388,5,5911,2,9,5927,T
8-NS,389,0,5882,1,31,5914,T
8-NS,390,1,7,5886,1,5895,G
8-NS,391,5873,1,3,0,5877,A
8-NS,392,5868,1,6,0,5875,A
8-NS,393,5873,0,5,0,5878,A
8-NS,394,0,1,5869,0,5870,G
8-NS,395,3,5,0,5828,5836,C
8-NS,396,0,16,5838,1,5855,G
8-NS,397,5843,0,0,0,5843,A
8-NS,398,5835,1,0,2,5838,A
8-NS,399,0,5825,2,2,5829,T
8-NS,400,0,5817,1,6,5824,T
8-NS,401,0,5833,1,0,5834,T
8-NS,402,11,0,0,5855,5866,C
8-NS,403,5795,1,5,0,5801,A
8-NS,404,1,1,5815,0,5817,G
8-NS,405,0,5794,0,6,5800,T
8-NS,406,5,4,5789,0,5798,G
8-NS,407,1,5767,0,6,5774,T
8-NS,408,0,21,5785,0,5806,G
8-NS,409,5844,0,0,0,5844,A
8-NS,410,0,5833,0,1,5834,T
8-NS,411,0,5825,3,2,5830,T
8-NS,412,0,5820,1,0,5821,T
8-NS,413,1,5782,0,2,5785,T
8-NS,414,0,5806,1,3,5810,T
8-NS,415,0,33,5765,0,5798,G
8-NS,416,5765,0,13,0,5778,A
8-NS,417,2,1,1,5783,5787,C
8-NS,418,9,22,0,5690,5721,C
8-NS,419,3,12,5759,0,5774,G
8-NS,420,6107,0,1,0,6108,A
8-NS,421,1,0,1,6218,6220,C
8-NS,422,0,6229,1,1,6231,T
8-NS,423,6267,1,0,0,6268,A
8-NS,424,0,9,6258,0,6267,G
8-NS,425,6240,0,11,0,6251,A
8-NS,426,0,21,6275,0,6296,G
8-NS,427,6269,0,7,0,6276,A
8-NS,428,2,0,0,6466,6468,C
8-NS,429,14,0,0,6169,6183,C
8-NS,430,6023,2,2,1,6028,A
8-NS,431,0,6347,0,0,6347,T
8-NS,432,6305,0,2,0,6307,A
8-NS,433,35,3,6680,0,6718,G
8-NS,434,4,6655,0,1,6660,T
8-NS,435,6629,0,1,0,6630,A
8-NS,436,1,6629,6,2,6638,T
8-NS,437,0,6442,0,2,6444,T
8-NS,438,6600,0,1,0,6601,A
8-NS,439,0,1,0,6634,6635,C
8-NS,440,0,6350,0,4,6354,T
8-NS,441,6337,0,1,0,6338,A
8-NS,442,5784,0,5,0,5789,A
8-NS,443,1,22,5777,0,5800,G
8-NS,444,0,6,5767,0,5773,G
8-NS,445,0,1,5762,0,5763,G
8-NS,446,1,1,0,5700,5702,C
8-NS,447,0,5594,0,4,5598,T
8-NS,448,0,5586,2,2,5590,T
8-NS,449,0,5685,1,5,5691,T
8-NS,450,10,2,1,5707,5720,C
8-NS,451,5775,0,2,0,5777,A
8-NS,452,0,3,0,5806,5809,C
8-NS,453,4,3,0,5748,5755,C
8-NS,454,5,6,5771,0,5782,G
8-NS,455,5733,0,2,0,5735,A
8-NS,456,5745,3,1,0,5749,A
8-NS,457,1,4,5762,0,5767,G
8-NS,458,5679,0,4,0,5683,A
8-NS,459,0,12,5687,0,5699,G
8-NS,460,1,4,5599,0,5604,G
8-NS,461,3,26,5600,0,5629,G
8-NS,462,5619,0,10,0,5629,A
8-NS,463,1,1,5637,0,5639,G
8-NS,464,0,0,1,5599,5600,C
8-NS,465,5625,0,1,1,5627,A
8-NS,466,5626,0,1,0,5627,A
8-NS,467,0,5609,0,2,5611,T
8-NS,468,1,5591,0,1,5593,T
8-NS,469,14,0,5577,0,5591,G
8-NS,470,0,5518,0,0,5518,T
8-NS,471,0,5522,0,2,5524,T
8-NS,472,3,12,5501,1,5517,G
8-NS,473,0,1,5499,0,5500,G
8-NS,474,1,1,0,5486,5488,C
8-NS,475,1,15,5511,0,5527,G
8-NS,476,5532,2,0,0,5534,A
8-NS,477,5573,0,1,0,5574,A
8-NS,478,5575,0,0,1,5576,A
8-NS,479,0,5585,0,1,5586,T
8-NS,480,12,0,1,5573,5586,C
8-NS,481,0,5542,0,7,5549,T
8-NS,482,18,0,0,5561,5579,C
8-NS,483,5573,1,7,0,5581,A
8-NS,484,0,1,1,5596,5598,C
8-NS,485,11,0,1,5594,5606,C
8-NS,486,5565,0,2,0,5567,A
8-NS,487,0,5548,0,5,5553,T
8-NS,488,0,5487,0,0,5487,T
8-NS,489,1,3,5500,0,5504,G
8-NS,490,1,0,0,5456,5457,C
8-NS,491,7,14,0,5453,5474,C
8-NS,492,0,5461,0,6,5467,T
8-NS,493,1,5442,0,3,5446,T
8-NS,494,3,2,0,5474,5479,C
8-NS,495,1,5484,0,5,5490,T
8-NS,496,0,5489,1,2,5492,T
8-NS,497,0,5587,1,2,5590,T
8-NS,498,1,5562,0,1,5564,T
8-NS,499,9,1,0,5562,5572,C
8-NS,500,7,2,1,5556,5566,C
8-NS,501,5547,2,8,0,5557,A
8-NS,502,1,4,5613,0,5618,G
8-NS,503,0,11,5574,0,5585,G
8-NS,504,5702,0,2,0,5704,A
8-NS,505,1,1,0,5695,5697,C
8-NS,506,5720,0,5,1,5726,A
8-NS,507,0,5733,0,2,5735,T
8-NS,508,5717,0,5,0,5722,A
8-NS,509,2,0,0,6170,6172,C
8-NS,510,1,6158,0,2,6161,T
8-NS,511,6121,0,5,0,6126,A
8-NS,512,1,6091,0,2,6094,T
8-NS,513,0,5907,0,4,5911,T
8-NS,514,0,9,5905,0,5914,G
8-NS,515,5667,0,3,0,5670,A
8-NS,516,0,11,5675,0,5686,G
8-NS,517,0,7,5631,0,5638,G
8-NS,518,5142,0,0,0,5142,A
8-NS,519,0,5159,1,0,5160,T
8-NS,520,1,1,5146,0,5148,G
8-NS,521,1,5079,0,7,5087,T
8-NS,522,11,1,0,5123,5135,C
8-NS,523,5156,1,3,0,5160,A
8-NS,524,5158,1,1,0,5160,A
8-NS,525,5157,0,0,0,5157,A
8-NS,526,5132,1,1,0,5134,A
8-NS,527,5171,0,0,0,5171,A
8-NS,528,0,5144,0,2,5146,T
8-NS,529,1,0,5135,0,5136,G
8-NS,530,4,2,0,5142,5148,C
8-NS,531,5154,1,0,0,5155,A
8-NS,532,5155,0,1,0,5156,A
8-NS,533,0,5191,0,1,5192,T
8-NS,534,0,5187,0,2,5189,T
8-NS,535,0,6,5171,0,5177,G
8-NS,536,1,6,5113,0,5120,G
8-NS,537,17,7,5082,1,5107,G
8-NS,538,2,0,5177,0,5179,G
8-NS,539,1,5087,0,6,5094,T
8-NS,540,13,1,0,5115,5129,C
8-NS,541,7,3,0,5132,5142,C
8-NS,542,1,5128,0,9,5138,T
8-NS,543,10,1,0,5170,5181,C
8-NS,544,5182,0,0,0,5182,A
8-NS,545,0,5165,0,1,5166,T
8-NS,546,5,8,0,5167,5180,C
8-NS,547,4,5,5117,0,5126,G
8-NS,548,0,1,5131,0,5132,G
8-NS,549,5034,1,6,0,5041,A
8-NS,550,7,5,5027,0,5039,G
8-NS,551,2,14,5066,0,5082,G
8-NS,552,4984,2,4,0,4990,A
8-NS,553,0,0,0,5051,5051,C
8-NS,554,1,5038,2,1,5042,T
8-NS,555,0,5038,1,1,5040,T
8-NS,556,2,14,5061,0,5077,G
8-NS,557,5045,0,1,0,5046,A
8-NS,558,5044,0,2,0,5046,A
8-NS,559,0,5034,0,1,5035,T
8-NS,560,2,8,4938,0,4948,G
8-NS,561,0,10,5004,0,5014,G
8-NS,562,4936,0,3,0,4939,A
8-NS,563,4986,0,7,0,4993,A
8-NS,564,0,5156,2,1,5159,T
8-NS,565,0,8,5193,0,5201,G
8-NS,566,5233,0,3,0,5236,A
8-NS,567,1,5239,0,2,5242,T
8-NS,568,5219,0,2,0,5221,A
8-NS,569,5255,0,2,0,5257,A
8-NS,570,2,3,0,5177,5182,C
8-NS,571,5089,0,1,0,5090,A
8-NS,572,1,1,0,5122,5124,C
8-NS,573,4688,0,2,0,4690,A
8-NS,574,2,0,4760,0,4762,G
8-NS,575,0,4711,0,4,4715,T
8-NS,576,0,4669,2,2,4673,T
8-NS,577,12,0,0,4698,4710,C
8-NS,578,0,1,4678,1,4680,G
8-NS,579,4663,1,1,0,4665,A
8-NS,580,0,1,4674,0,4675,G
8-NS,581,1,4605,0,2,4608,T
8-NS,582,15,1,0,4641,4657,C
8-NS,583,1,4554,0,6,4561,T
8-NS,584,11,0,0,4580,4591,C
8-NS,585,1,4610,0,4,4615,T
8-NS,586,4596,0,19,0,4615,A
8-NS,587,4616,0,0,0,4616,A
8-NS,588,4603,1,0,0,4604,A
8-NS,589,4670,0,0,0,4670,A
8-NS,590,4660,0,1,0,4661,A
8-NS,591,0,4578,0,0,4578,T
8-NS,592,7,2,0,4625,4634,C
8-NS,593,0,4595,0,3,4598,T
8-NS,594,4612,0,0,0,4612,A
8-NS,595,0,0,0,4612,4612,C
8-NS,596,4592,0,2,1,4595,A
8-NS,597,0,5,4599,0,4604,G
8-NS,598,4487,0,23,0,4510,A
8-NS,599,1,9,4513,0,4523,G
8-NS,600,4526,0,3,0,4529,A
8-NS,601,1,4473,0,2,4476,T
8-NS,602,0,4463,1,2,4466,T
8-NS,603,13,1,0,4462,4476,C
8-NS,604,1,0,4493,0,4494,G
8-NS,605,0,0,0,4476,4476,C
8-NS,606,0,4455,0,2,4457,T
8-NS,607,0,4478,0,2,4480,T
8-NS,608,1,4,4455,2,4462,G
8-NS,609,2,14,4473,0,4489,G
8-NS,610,4488,0,7,0,4495,A
8-NS,611,0,4,4481,0,4485,G
8-NS,612,4460,0,2,2,4464,A
8-NS,613,4432,0,2,0,4434,A
8-NS,614,0,0,4516,0,4516,G
8-NS,615,1,1,0,4522,4524,C
8-NS,616,4528,0,3,0,4531,A
8-NS,617,20,0,4593,0,4613,G
8-NS,618,0,4575,0,0,4575,T
8-NS,619,4592,1,0,0,4593,A
8-NS,620,4590,0,1,0,4591,A
8-NS,621,0,4577,1,1,4579,T
8-NS,622,1,7,4608,0,4616,G
8-NS,623,4418,3,1,0,4422,A
8-NS,624,1,6,4480,0,4487,G
8-NS,625,4457,0,1,0,4458,A
8-NS,626,4289,1,0,0,4290,A
8-NS,627,0,4263,0,2,4265,T
8-NS,628,0,4,4217,0,4221,G
8-NS,629,0,12,4191,0,4203,G
8-NS,630,1,2,4197,1,4201,G
8-NS,631,1,4,4148,0,4153,G
8-NS,632,1,7,4182,0,4190,G
8-NS,633,4060,0,8,0,4068,A
8-NS,634,1,5,0,4117,4123,C
8-NS,635,13,0,0,4121,4134,C
8-NS,636,0,4026,0,5,4031,T
8-NS,637,6,0,0,4058,4064,C
8-NS,638,4,1,0,4072,4077,C
8-NS,639,4090,0,2,0,4092,A
8-NS,640,1,1,0,4097,4099,C
8-NS,641,0,3997,1,4,4002,T
8-NS,642,0,3992,0,1,3993,T
8-NS,643,3864,1,0,0,3865,A
8-NS,644,1,0,0,3907,3908,C
8-NS,645,0,3854,0,5,3859,T
8-NS,646,15,2,1,3827,3845,C
8-NS,647,4,0,0,3819,3823,C
8-NS,648,3815,0,0,0,3815,A
8-NS,649,3824,0,0,0,3824,A
8-NS,650,3807,0,1,0,3808,A
8-NS,651,3822,0,1,0,3823,A
8-NS,652,2,1,0,3832,3835,C
8-NS,653,3748,0,0,0,3748,A
8-NS,654,0,5,3750,0,3755,G
8-NS,655,3737,0,0,0,3737,A
8-NS,656,3743,0,2,0,3745,A
8-NS,657,3729,0,2,0,3731,A
8-NS,658,0,4,0,3731,3735,C
8-NS,659,1,7,3718,0,3726,G
8-NS,660,1,3,3723,0,3727,G
8-NS,661,0,6,3725,0,3731,G
8-NS,662,3733,0,2,0,3735,A
8-NS,663,3723,0,0,0,3723,A
8-NS,664,3720,0,5,0,3725,A
8-NS,665,0,3715,1,1,3717,T
8-NS,666,1,11,3736,1,3749,G
8-NS,667,2,0,3726,0,3728,G
8-NS,668,4,2,0,3695,3701,C
8-NS,669,5,4,3720,0,3729,G
8-NS,670,3720,0,3,0,3723,A
8-NS,671,0,11,3727,0,3738,G
8-NS,672,3736,0,2,0,3738,A
8-NS,673,3731,0,1,0,3732,A
8-NS,674,1,0,0,3746,3747,C
8-NS,675,3670,0,4,0,3674,A
8-NS,676,0,1,3656,0,3657,G
8-NS,677,0,0,0,3644,3644,C
8-NS,678,0,3660,0,3,3663,T
8-NS,679,3647,0,0,1,3648,A
8-NS,680,0,5,3624,0,3629,G
8-NS,681,0,1,3628,0,3629,G
8-NS,682,0,3593,0,1,3594,T
8-NS,683,14,0,0,3540,3554,C
8-NS,684,3550,0,1,0,3551,A
8-NS,685,3535,0,6,0,3541,A
8-NS,686,3544,0,0,0,3544,A
8-NS,687,3592,0,0,0,3592,A
8-NS,688,0,0,3584,0,3584,G
8-NS,689,0,3508,0,0,3508,T
8-NS,690,0,3506,0,0,3506,T
8-NS,691,1,3508,0,1,3510,T
8-NS,692,0,8,3508,0,3516,G
8-NS,693,3518,2,2,0,3522,A
8-NS,694,3525,0,0,0,3525,A
8-NS,695,0,8,3542,0,3550,G
8-NS,696,3485,1,1,0,3487,A
8-NS,697,1,0,3503,1,3505,G
8-NS,698,3493,0,5,0,3498,A
8-NS,699,0,3509,0,1,3510,T
8-NS,700,3511,0,1,0,3512,A
8-NS,701,3493,0,3,0,3496,A
8-NS,702,1,4,3474,0,3479,G
8-NS,703,3245,0,0,0,3245,A
8-NS,704,0,3231,0,0,3231,T
8-NS,705,4,5,3271,0,3280,G
8-NS,706,1,1,3262,0,3264,G
8-NS,707,1,0,0,3258,3259,C
8-NS,708,0,3254,0,3,3257,T
8-NS,709,3262,0,0,0,3262,A
8-NS,710,3244,0,1,0,3245,A
8-NS,711,0,3258,0,1,3259,T
8-NS,712,0,3244,0,3,3247,T
8-NS,713,0,3,3261,0,3264,G
8-NS,714,3210,0,0,0,3210,A
8-NS,715,3205,0,0,0,3205,A
8-NS,716,0,2,3199,0,3201,G
8-NS,717,3206,0,1,0,3207,A
8-NS,718,3157,0,0,0,3157,A
8-NS,719,0,0,3204,0,3204,G
8-NS,720,1,3122,0,2,3125,T
8-NS,721,0,12,3125,0,3137,G
8-NS,722,3098,0,6,1,3105,A
8-NS,723,15,9,3079,0,3103,G
8-NS,724,3098,1,6,0,3105,A
8-NS,725,0,2,0,3081,3083,C
8-NS,726,3039,0,3,0,3042,A
8-NS,727,0,3,0,3051,3054,C
8-NS,728,2822,1,2,0,2825,A
8-NS,729,0,3,2901,0,2904,G
8-NS,730,2894,0,2,0,2896,A
8-NS,731,0,2855,0,1,2856,T
8-NS,732,0,2868,0,0,2868,T
8-NS,733,2867,1,0,0,2868,A
8-NS,734,2870,0,0,0,2870,A
8-NS,735,2865,0,0,0,2865,A
8-NS,736,2851,0,1,0,2852,A
8-NS,737,2844,0,0,1,2845,A
8-NS,738,0,0,0,2735,2735,C
8-NS,739,2599,0,1,0,2600,A
8-NS,740,2611,0,0,0,2611,A
8-NS,741,0,0,0,2621,2621,C
8-NS,742,0,2598,0,1,2599,T
8-NS,743,0,4,2620,0,2624,G
8-NS,744,2615,0,2,0,2617,A
8-NS,745,2625,0,0,0,2625,A
8-NS,746,2619,0,0,0,2619,A
8-NS,747,2592,0,1,0,2593,A
8-NS,748,0,2576,1,1,2578,T
8-NS,749,2552,0,0,0,2552,A
8-NS,750,0,0,2552,1,2553,G
8-NS,751,1,0,0,2549,2550,C
8-NS,752,0,2502,0,2,2504,T
8-NS,753,0,2506,0,2,2508,T
8-NS,754,0,2488,0,2,2490,T
8-NS,755,0,15,2485,0,2500,G
8-NS,756,2499,0,2,0,2501,A
8-NS,757,2503,0,2,0,2505,A
8-NS,758,0,1,0,2512,2513,C
8-NS,759,2444,0,0,0,2444,A
8-NS,760,2455,0,0,0,2455,A
8-NS,761,2458,1,0,0,2459,A
8-NS,762,0,2448,2,2,2452,T
8-NS,763,2456,0,1,0,2457,A
8-NS,764,2412,0,0,0,2412,A
8-NS,765,0,0,0,2412,2412,C
8-NS,766,2407,0,1,0,2408,A
8-NS,767,0,2361,0,0,2361,T
8-NS,768,0,2302,0,2,2304,T
8-NS,769,10,0,0,2278,2288,C
8-NS,770,2270,0,0,0,2270,A
8-NS,771,0,2249,0,3,2252,T
8-NS,772,6,2,2237,0,2245,G
8-NS,773,0,0,0,2207,2207,C
8-NS,774,2180,0,0,0,2180,A
8-NS,775,2165,0,1,0,2166,A
8-NS,776,1,0,2162,0,2163,G
8-NS,777,0,0,0,2208,2208,C
8-NS,778,2182,0,0,0,2182,A
8-NS,779,0,2177,0,4,2181,T
8-NS,780,0,2173,0,3,2176,T
8-NS,781,2173,0,2,0,2175,A
8-NS,782,0,1,0,2174,2175,C
8-NS,783,2166,0,0,0,2166,A
8-NS,784,2124,0,3,0,2127,A
8-NS,785,2,0,0,2128,2130,C
8-NS,786,0,1817,1,0,1818,T
8-NS,787,0,0,1827,1,1828,G
8-NS,788,0,0,0,1796,1796,C
8-NS,789,0,1760,1,2,1763,T
8-NS,790,0,0,1779,0,1779,G
8-NS,791,0,1754,0,1,1755,T
8-NS,792,0,1751,0,1,1752,T
8-NS,793,0,1756,0,1,1757,T
8-NS,794,1,1,1726,0,1728,G
8-NS,795,1734,0,0,0,1734,A
8-NS,796,1689,0,2,0,1691,A
8-NS,797,0,0,1692,0,1692,G
8-NS,798,0,1672,0,2,1674,T
8-NS,799,0,4,1588,0,1592,G
8-NS,800,0,4,1605,0,1609,G
8-NS,801,1602,1,0,0,1603,A
8-NS,802,1605,0,0,0,1605,A
8-NS,803,0,0,0,1595,1595,C
8-NS,804,1542,0,2,0,1544,A
8-NS,805,1,2,1549,0,1552,G
8-NS,806,0,6,1525,0,1531,G
8-NS,807,1505,0,2,0,1507,A
8-NS,808,0,2,1510,0,1512,G
8-NS,809,1278,0,0,0,1278,A
8-NS,810,0,1275,0,0,1275,T
8-NS,811,1266,0,0,0,1266,A
8-NS,812,1249,0,0,0,1249,A
8-NS,813,1,3,1244,0,1248,G
8-NS,814,1111,0,0,0,1111,A
8-NS,815,1103,0,0,0,1103,A
8-NS,816,0,1,0,1089,1090,C
8-NS,817,0,932,0,2,934,T
8-NS,818,0,921,0,0,921,T
8-NS,819,0,918,0,0,918,T
8-NS,820,2,0,0,917,919,C
8-NS,821,0,902,0,1,903,T
8-NS,822,2,0,0,889,891,C
8-NS,823,872,0,0,0,872,A
8-NS,824,0,865,0,0,865,T
8-NS,825,0,850,0,0,850,T
8-NS,826,1,845,0,0,846,T
8-NS,827,2,0,0,845,847,C
8-NS,828,798,1,1,0,800,A
8-NS,829,1,0,795,0,796,G
8-NS,830,1,0,0,795,796,C
8-NS,831,0,749,0,0,749,T
8-NS,832,0,745,0,0,745,T
8-NS,833,727,0,0,0,727,A
8-NS,834,0,725,0,0,725,T
8-NS,835,0,721,0,0,721,T
8-NS,836,0,713,0,0,713,T
8-NS,837,687,0,0,0,687,A
8-NS,838,681,0,0,0,681,A
8-NS,839,0,658,0,0,658,T
8-NS,840,0,0,662,0,662,G
8-NS,841,637,0,0,0,637,A
8-NS,842,0,576,0,0,576,T
8-NS,843,562,0,0,0,562,A
8-NS,844,563,0,1,0,564,A
8-NS,845,564,0,0,0,564,A
8-NS,846,561,0,1,0,562,A
8-NS,847,553,0,0,0,553,A
8-NS,848,548,0,0,0,548,A
8-NS,849,0,0,0,546,546,C
8-NS,850,433,1,0,0,434,A
8-NS,851,0,0,0,453,453,C
8-NS,852,4,0,0,426,430,C
8-NS,853,2,0,1,416,419,C
8-NS,854,0,392,0,0,392,T
8-NS,855,0,378,0,0,378,T
8-NS,856,1,0,378,0,379,G
8-NS,857,0,358,0,0,358,T
8-NS,858,0,359,0,0,359,T
8-NS,859,0,349,0,0,349,T
8-NS,860,0,0,0,132,132,C
8-NS,861,0,94,0,0,94,T
8-NS,862,78,0,0,0,78,A
8-NS,863,0,0,0,78,78,C
