Gene,Position,A,T,G,C,Coverage,Consensus
1-PB2,1,379,0,0,0,379,A
1-PB2,2,0,383,0,0,383,T
1-PB2,3,0,0,392,0,392,G
1-PB2,4,0,0,394,0,394,G
1-PB2,5,391,0,0,0,391,A
1-PB2,6,388,0,0,0,388,A
1-PB2,7,392,0,0,0,392,A
1-PB2,8,0,3,435,0,438,G
1-PB2,9,428,0,0,0,428,A
1-PB2,10,439,0,0,1,440,A
1-PB2,11,0,447,0,0,447,T
1-PB2,12,443,0,0,0,443,A
1-PB2,13,448,0,0,0,448,A
1-PB2,14,445,0,1,0,446,A
1-PB2,15,451,0,0,0,451,A
1-PB2,16,0,1,461,0,462,G
1-PB2,17,463,0,1,0,464,A
1-PB2,18,465,0,0,0,465,A
1-PB2,19,0,0,0,480,480,C
1-PB2,20,0,484,0,0,484,T
1-PB2,21,486,0,0,0,486,A
1-PB2,22,0,0,0,485,485,C
1-PB2,23,1,1,485,0,487,G
1-PB2,24,0,1,498,0,499,G
1-PB2,25,497,0,0,0,497,A
1-PB2,26,512,0,1,0,513,A
1-PB2,27,0,509,0,0,509,T
1-PB2,28,1,0,0,511,512,C
1-PB2,29,0,518,0,0,518,T
1-PB2,30,0,3,516,0,519,G
1-PB2,31,515,0,1,0,516,A
1-PB2,32,0,524,0,0,524,T
1-PB2,33,0,0,529,0,529,G
1-PB2,34,0,529,0,2,531,T
1-PB2,35,2,0,0,528,530,C
1-PB2,36,1,0,527,0,528,G
1-PB2,37,1,0,0,527,528,C
1-PB2,38,532,0,0,0,532,A
1-PB2,39,0,0,555,0,555,G
1-PB2,40,0,551,0,1,552,T
1-PB2,41,1,0,0,557,558,C
1-PB2,42,0,557,0,1,558,T
1-PB2,43,3,0,0,555,558,C
1-PB2,44,0,0,560,0,560,G
1-PB2,45,0,0,0,555,555,C
1-PB2,46,557,0,0,0,557,A
1-PB2,47,0,0,0,569,569,C
1-PB2,48,0,565,0,1,566,T
1-PB2,49,1,0,0,579,580,C
1-PB2,50,0,0,580,0,580,G
1-PB2,51,1,0,0,584,585,C
1-PB2,52,0,0,581,0,581,G
1-PB2,53,581,0,0,0,581,A
1-PB2,54,0,0,584,0,584,G
1-PB2,55,608,0,1,0,609,A
1-PB2,56,0,609,0,0,609,T
1-PB2,57,614,0,1,0,615,A
1-PB2,58,0,0,0,610,610,C
1-PB2,59,0,605,0,0,605,T
1-PB2,60,1,4,616,0,621,G
1-PB2,61,619,0,0,0,619,A
1-PB2,62,1,0,0,628,629,C
1-PB2,63,625,0,1,0,626,A
1-PB2,64,622,0,0,0,622,A
1-PB2,65,640,0,0,0,640,A
1-PB2,66,647,0,0,0,647,A
1-PB2,67,641,0,5,0,646,A
1-PB2,68,0,2,0,650,652,C
1-PB2,69,2,0,0,652,654,C
1-PB2,70,683,0,0,0,683,A
1-PB2,71,0,0,0,692,692,C
1-PB2,72,692,0,0,0,692,A
1-PB2,73,0,0,717,0,717,G
1-PB2,74,0,702,0,1,703,T
1-PB2,75,0,1,741,0,742,G
1-PB2,76,0,5,736,0,741,G
1-PB2,77,743,0,2,0,745,A
1-PB2,78,0,0,0,782,782,C
1-PB2,79,3,0,0,784,787,C
1-PB2,80,801,0,0,0,801,A
1-PB2,81,0,799,0,0,799,T
1-PB2,82,790,0,0,0,790,A
1-PB2,83,0,784,0,1,785,T
1-PB2,84,0,0,796,0,796,G
1-PB2,85,0,0,792,0,792,G
1-PB2,86,1,0,0,793,794,C
1-PB2,87,1,0,0,790,791,C
1-PB2,88,786,0,1,0,787,A
1-PB2,89,0,854,0,0,854,T
1-PB2,90,844,0,1,0,845,A
1-PB2,91,893,0,0,0,893,A
1-PB2,92,0,896,0,0,896,T
1-PB2,93,0,893,0,0,893,T
1-PB2,94,897,0,0,0,897,A
1-PB2,95,896,0,1,0,897,A
1-PB2,96,0,1,923,1,925,G
1-PB2,97,918,0,1,0,919,A
1-PB2,98,904,0,1,0,905,A
1-PB2,99,0,0,948,0,948,G
1-PB2,100,0,945,0,2,947,T
1-PB2,101,956,1,0,0,957,A
1-PB2,102,1,0,0,954,955,C
1-PB2,103,958,0,0,0,958,A
1-PB2,104,1,1,0,971,973,C
1-PB2,105,971,0,0,0,971,A
1-PB2,106,0,974,0,0,974,T
1-PB2,107,2,0,0,981,983,C
1-PB2,108,0,1,970,0,971,G
1-PB2,109,0,3,960,0,963,G
1-PB2,110,0,1,967,0,968,G
1-PB2,111,0,2,962,0,964,G
1-PB2,112,964,0,1,0,965,A
1-PB2,113,0,2,968,0,970,G
1-PB2,114,965,0,2,0,967,A
1-PB2,115,0,0,0,986,986,C
1-PB2,116,984,0,2,0,986,A
1-PB2,117,0,3,993,0,996,G
1-PB2,118,0,3,1001,0,1004,G
1-PB2,119,1012,0,0,0,1012,A
1-PB2,120,1008,1,2,0,1011,A
1-PB2,121,1011,0,2,0,1013,A
1-PB2,122,1010,0,0,0,1010,A
1-PB2,123,0,0,1015,0,1015,G
1-PB2,124,1011,0,2,0,1013,A
1-PB2,125,1017,0,1,0,1018,A
1-PB2,126,2,0,0,1018,1020,C
1-PB2,127,1,0,0,1007,1008,C
1-PB2,128,2,0,0,1014,1016,C
1-PB2,129,0,0,1014,0,1014,G
1-PB2,130,0,1015,0,1,1016,T
1-PB2,131,0,0,0,1018,1018,C
1-PB2,132,1026,0,1,0,1027,A
1-PB2,133,0,0,0,1046,1046,C
1-PB2,134,0,1041,0,0,1041,T
1-PB2,135,0,1040,0,0,1040,T
1-PB2,136,1039,0,0,0,1039,A
1-PB2,137,0,0,1066,0,1066,G
1-PB2,138,0,0,1067,0,1067,G
1-PB2,139,1062,0,3,0,1065,A
1-PB2,140,0,1064,0,1,1065,T
1-PB2,141,0,4,1064,0,1068,G
1-PB2,142,1076,0,0,0,1076,A
1-PB2,143,1076,0,0,0,1076,A
1-PB2,144,1082,0,2,0,1084,A
1-PB2,145,0,1085,0,0,1085,T
1-PB2,146,1,1,1078,0,1080,G
1-PB2,147,0,4,1089,0,1093,G
1-PB2,148,1090,0,2,0,1092,A
1-PB2,149,0,1093,1,0,1094,T
1-PB2,150,0,0,1090,0,1090,G
1-PB2,151,1079,0,2,0,1081,A
1-PB2,152,0,1088,0,0,1088,T
1-PB2,153,0,3,1089,0,1092,G
1-PB2,154,1,0,1084,0,1085,G
1-PB2,155,0,1,0,1097,1098,C
1-PB2,156,1092,0,0,0,1092,A
1-PB2,157,1103,0,0,0,1103,A
1-PB2,158,0,1106,0,0,1106,T
1-PB2,159,0,3,1147,0,1150,G
1-PB2,160,1148,0,2,0,1150,A
1-PB2,161,1144,0,1,0,1145,A
1-PB2,162,1154,0,1,0,1155,A
1-PB2,163,1,1154,0,0,1155,T
1-PB2,164,1168,0,1,0,1169,A
1-PB2,165,0,0,0,1183,1183,C
1-PB2,166,6,0,0,1179,1185,C
1-PB2,167,0,1,0,1188,1189,C
1-PB2,168,1180,1,2,0,1183,A
1-PB2,169,1182,0,0,0,1182,A
1-PB2,170,0,1177,0,0,1177,T
1-PB2,171,4,0,0,1176,1180,C
1-PB2,172,1179,0,2,0,1181,A
1-PB2,173,0,0,0,1200,1200,C
1-PB2,174,0,1184,0,1,1185,T
1-PB2,175,2,1,1190,0,1193,G
1-PB2,176,0,1,1,1184,1186,C
1-PB2,177,0,1184,0,0,1184,T
1-PB2,178,0,5,1190,1,1196,G
1-PB2,179,1190,0,1,0,1191,A
1-PB2,180,0,0,0,1206,1206,C
1-PB2,181,1201,0,0,0,1201,A
1-PB2,182,1187,0,0,0,1187,A
1-PB2,183,1191,0,1,0,1192,A
1-PB2,184,1187,0,3,0,1190,A
1-PB2,185,0,1,1207,0,1208,G
1-PB2,186,0,2,1204,0,1206,G
1-PB2,187,1205,0,1,0,1206,A
1-PB2,188,0,1217,0,0,1217,T
1-PB2,189,1207,0,1,0,1208,A
1-PB2,190,1220,0,0,0,1220,A
1-PB2,191,0,0,0,1230,1230,C
1-PB2,192,1223,0,1,0,1224,A
1-PB2,193,0,2,1225,0,1227,G
1-PB2,194,1214,0,1,0,1215,A
1-PB2,195,1216,0,2,0,1218,A
1-PB2,196,1213,0,0,0,1213,A
1-PB2,197,0,1213,0,0,1213,T
1-PB2,198,0,1,1209,1,1211,G
1-PB2,199,0,0,1223,0,1223,G
1-PB2,200,0,1205,0,0,1205,T
1-PB2,201,0,1208,0,1,1209,T
1-PB2,202,1,0,0,1206,1207,C
1-PB2,203,1,1,0,1205,1207,C
1-PB2,204,0,0,1210,0,1210,G
1-PB2,205,0,2,1201,0,1203,G
1-PB2,206,1204,0,2,0,1206,A
1-PB2,207,3,1,1214,0,1218,G
1-PB2,208,1203,0,2,0,1205,A
1-PB2,209,0,3,1224,0,1227,G
1-PB2,210,1224,0,3,0,1227,A
1-PB2,211,1225,0,0,0,1225,A
1-PB2,212,1228,0,1,0,1229,A
1-PB2,213,0,1223,0,0,1223,T
1-PB2,214,0,5,1228,0,1233,G
1-PB2,215,1238,0,0,0,1238,A
1-PB2,216,1237,0,1,0,1238,A
1-PB2,217,0,1,0,1239,1240,C
1-PB2,218,1230,0,0,0,1230,A
1-PB2,219,1235,0,3,0,1238,A
1-PB2,220,0,1,1254,0,1255,G
1-PB2,221,0,5,1265,0,1270,G
1-PB2,222,1268,0,2,0,1270,A
1-PB2,223,1,0,0,1263,1264,C
1-PB2,224,1264,0,1,0,1265,A
1-PB2,225,1267,0,1,0,1268,A
1-PB2,226,1303,0,1,0,1304,A
1-PB2,227,0,0,0,1326,1326,C
1-PB2,228,0,1318,0,0,1318,T
1-PB2,229,3,0,0,1331,1334,C
1-PB2,230,0,1326,0,0,1326,T
1-PB2,231,1326,0,1,0,1327,A
1-PB2,232,1,1328,0,1,1330,T
1-PB2,233,0,0,1331,0,1331,G
1-PB2,234,0,5,1347,0,1352,G
1-PB2,235,1327,0,0,0,1327,A
1-PB2,236,0,0,1341,0,1341,G
1-PB2,237,0,1332,0,1,1333,T
1-PB2,238,1334,0,0,0,1334,A
1-PB2,239,1336,0,1,0,1337,A
1-PB2,240,1329,0,0,0,1329,A
1-PB2,241,1334,1,1,0,1336,A
1-PB2,242,0,1326,0,0,1326,T
1-PB2,243,0,2,1312,1,1315,G
1-PB2,244,1299,0,1,0,1300,A
1-PB2,245,0,1,1306,0,1307,G
1-PB2,246,0,1286,0,1,1287,T
1-PB2,247,0,2,1291,0,1293,G
1-PB2,248,1313,0,1,0,1314,A
1-PB2,249,0,1323,0,1,1324,T
1-PB2,250,1,1,1327,0,1329,G
1-PB2,251,2,0,0,1318,1320,C
1-PB2,252,0,1319,0,0,1319,T
1-PB2,253,0,4,1363,0,1367,G
1-PB2,254,1,1,1375,0,1377,G
1-PB2,255,1374,0,0,1,1375,A
1-PB2,256,0,1371,0,0,1371,T
1-PB2,257,5,1,0,1373,1379,C
1-PB2,258,1385,0,1,0,1386,A
1-PB2,259,0,0,1423,0,1423,G
1-PB2,260,1414,0,1,0,1415,A
1-PB2,261,0,1421,0,0,1421,T
1-PB2,262,1380,4,2,0,1386,A
1-PB2,263,4,5,1398,0,1407,G
1-PB2,264,1393,0,3,1,1397,A
1-PB2,265,0,0,1410,0,1410,G
1-PB2,266,0,1382,0,1,1383,T
1-PB2,267,0,1,1384,0,1385,G
1-PB2,268,1358,0,3,0,1361,A
1-PB2,269,0,1356,0,0,1356,T
1-PB2,270,0,3,1385,0,1388,G
1-PB2,271,0,1,1405,0,1406,G
1-PB2,272,0,1376,0,0,1376,T
1-PB2,273,1383,0,0,1,1384,A
1-PB2,274,0,1373,0,2,1375,T
1-PB2,275,4,0,0,1374,1378,C
1-PB2,276,1378,0,2,0,1380,A
1-PB2,277,2,0,0,1419,1421,C
1-PB2,278,5,0,1,1416,1422,C
1-PB2,279,0,1398,0,0,1398,T
1-PB2,280,0,1389,0,1,1390,T
1-PB2,281,0,1390,0,0,1390,T
1-PB2,282,1,3,1409,0,1413,G
1-PB2,283,0,2,1401,0,1403,G
1-PB2,284,0,0,0,1425,1425,C
1-PB2,285,0,1402,0,1,1403,T
1-PB2,286,0,1,1411,0,1412,G
1-PB2,287,0,1411,0,1,1412,T
1-PB2,288,1411,0,0,0,1411,A
1-PB2,289,1422,0,0,0,1422,A
1-PB2,290,0,0,0,1423,1423,C
1-PB2,291,1393,0,1,0,1394,A
1-PB2,292,0,1395,0,0,1395,T
1-PB2,293,0,3,1384,0,1387,G
1-PB2,294,0,0,1409,0,1409,G
1-PB2,295,0,1389,0,1,1390,T
1-PB2,296,0,2,1399,0,1401,G
1-PB2,297,0,6,1417,0,1423,G
1-PB2,298,1409,1,1,0,1411,A
1-PB2,299,1426,0,1,0,1427,A
1-PB2,300,0,1419,0,3,1422,T
1-PB2,301,1420,0,1,0,1421,A
1-PB2,302,2,5,1436,0,1443,G
1-PB2,303,1431,0,1,0,1432,A
1-PB2,304,1440,0,0,0,1440,A
1-PB2,305,1433,0,1,0,1434,A
1-PB2,306,0,1390,0,0,1390,T
1-PB2,307,0,5,1392,0,1397,G
1-PB2,308,0,1,1388,0,1389,G
1-PB2,309,1388,0,2,0,1390,A
1-PB2,310,0,0,0,1389,1389,C
1-PB2,311,0,0,0,1377,1377,C
1-PB2,312,2,0,0,1369,1371,C
1-PB2,313,0,0,1383,0,1383,G
1-PB2,314,0,1369,0,0,1369,T
1-PB2,315,0,3,1375,0,1378,G
1-PB2,316,0,0,1360,0,1360,G
1-PB2,317,1,1,0,1405,1407,C
1-PB2,318,1417,0,0,0,1417,A
1-PB2,319,1413,1,0,0,1414,A
1-PB2,320,5,2,1442,0,1449,G
1-PB2,321,0,1444,0,0,1444,T
1-PB2,322,1440,0,0,0,1440,A
1-PB2,323,1,1,0,1443,1445,C
1-PB2,324,6,2,1406,0,1414,G
1-PB2,325,1,0,1448,0,1449,G
1-PB2,326,0,1437,0,6,1443,T
1-PB2,327,4,0,0,1451,1455,C
1-PB2,328,2,0,1,1460,1463,C
1-PB2,329,1445,0,0,0,1445,A
1-PB2,330,0,1441,0,3,1444,T
1-PB2,331,0,1450,0,0,1450,T
1-PB2,332,1503,0,0,0,1503,A
1-PB2,333,0,0,1,1494,1495,C
1-PB2,334,4,1,0,1451,1456,C
1-PB2,335,2,1,0,1459,1462,C
1-PB2,336,1461,0,0,0,1461,A
1-PB2,337,1474,0,1,0,1475,A
1-PB2,338,1473,0,0,0,1473,A
1-PB2,339,1459,0,2,0,1461,A
1-PB2,340,0,1,1489,0,1490,G
1-PB2,341,0,1424,1,1,1426,T
1-PB2,342,0,0,1463,0,1463,G
1-PB2,343,0,1452,0,0,1452,T
1-PB2,344,1449,0,1,0,1450,A
1-PB2,345,2,0,0,1457,1459,C
1-PB2,346,1448,0,0,0,1448,A
1-PB2,347,1452,0,0,0,1452,A
1-PB2,348,0,1,1455,0,1456,G
1-PB2,349,1432,0,5,0,1437,A
1-PB2,350,1,0,0,1438,1439,C
1-PB2,351,0,1422,0,1,1423,T
1-PB2,352,0,1439,0,0,1439,T
1-PB2,353,1425,0,1,1,1427,A
1-PB2,354,0,1429,0,0,1429,T
1-PB2,355,0,1432,0,0,1432,T
1-PB2,356,0,1424,0,1,1425,T
1-PB2,357,3,2,0,1407,1412,C
1-PB2,358,0,5,1413,0,1418,G
1-PB2,359,1395,1,2,0,1398,A
1-PB2,360,0,0,0,1412,1412,C
1-PB2,361,1408,0,0,0,1408,A
1-PB2,362,1403,0,0,0,1403,A
1-PB2,363,1398,0,0,1,1399,A
1-PB2,364,0,0,1418,0,1418,G
1-PB2,365,0,1399,0,3,1402,T
1-PB2,366,3,2,0,1424,1429,C
1-PB2,367,0,2,1420,0,1422,G
1-PB2,368,1407,0,1,0,1408,A
1-PB2,369,1417,0,1,0,1418,A
1-PB2,370,1418,0,1,0,1419,A
1-PB2,371,0,2,1469,0,1471,G
1-PB2,372,0,1,1469,0,1470,G
1-PB2,373,0,1452,0,2,1454,T
1-PB2,374,0,1464,0,0,1464,T
1-PB2,375,1466,0,1,0,1467,A
1-PB2,376,1463,0,0,0,1463,A
1-PB2,377,1468,0,0,0,1468,A
1-PB2,378,1476,0,0,0,1476,A
1-PB2,379,2,0,0,1489,1491,C
1-PB2,380,1465,0,0,0,1465,A
1-PB2,381,0,1453,0,1,1454,T
1-PB2,382,1,4,1448,0,1453,G
1-PB2,383,2,1,1446,0,1449,G
1-PB2,384,1452,0,0,0,1452,A
1-PB2,385,1453,0,1,0,1454,A
1-PB2,386,0,2,0,1486,1488,C
1-PB2,387,4,0,0,1485,1489,C
1-PB2,388,0,1476,0,1,1477,T
1-PB2,389,0,1473,0,4,1477,T
1-PB2,390,0,1482,0,0,1482,T
1-PB2,391,0,4,1483,0,1487,G
1-PB2,392,0,0,1474,0,1474,G
1-PB2,393,0,1,0,1466,1467,C
1-PB2,394,3,0,0,1457,1460,C
1-PB2,395,3,0,0,1460,1463,C
1-PB2,396,0,1429,0,2,1431,T
1-PB2,397,2,0,1441,0,1443,G
1-PB2,398,0,1443,0,1,1444,T
1-PB2,399,0,1431,0,0,1431,T
1-PB2,400,4,0,0,1440,1444,C
1-PB2,401,1,3,1426,0,1430,G
1-PB2,402,0,1428,1,1,1430,T
1-PB2,403,0,1428,0,1,1429,T
1-PB2,404,0,1436,0,2,1438,T
1-PB2,405,0,1442,0,1,1443,T
1-PB2,406,1435,0,0,0,1435,A
1-PB2,407,0,5,1427,0,1432,G
1-PB2,408,1427,0,0,0,1427,A
1-PB2,409,1439,0,0,0,1439,A
1-PB2,410,1430,0,1,0,1431,A
1-PB2,411,0,1407,0,1,1408,T
1-PB2,412,5,0,0,1421,1426,C
1-PB2,413,1422,0,0,0,1422,A
1-PB2,414,1426,0,1,0,1427,A
1-PB2,415,1,0,1437,0,1438,G
1-PB2,416,0,1435,0,0,1435,T
1-PB2,417,4,0,0,1436,1440,C
1-PB2,418,1446,0,1,0,1447,A
1-PB2,419,1456,1,1,0,1458,A
1-PB2,420,0,3,1455,0,1458,G
1-PB2,421,1453,0,2,0,1455,A
1-PB2,422,0,1452,0,0,1452,T
1-PB2,423,1476,0,0,0,1476,A
1-PB2,424,2,5,0,1467,1474,C
1-PB2,425,1,0,1470,0,1471,G
1-PB2,426,0,0,0,1485,1485,C
1-PB2,427,1482,0,1,0,1483,A
1-PB2,428,0,2,1492,0,1494,G
1-PB2,429,1484,0,0,0,1484,A
1-PB2,430,1491,0,1,0,1492,A
1-PB2,431,0,3,1526,0,1529,G
1-PB2,432,1486,1,3,0,1490,A
1-PB2,433,0,1,1499,0,1500,G
1-PB2,434,0,1492,0,0,1492,T
1-PB2,435,1487,0,3,0,1490,A
1-PB2,436,1,3,1502,0,1506,G
1-PB2,437,1500,0,2,0,1502,A
1-PB2,438,0,0,0,1546,1546,C
1-PB2,439,1523,0,0,0,1523,A
1-PB2,440,0,1507,0,0,1507,T
1-PB2,441,1499,0,0,0,1499,A
1-PB2,442,1499,0,2,0,1501,A
1-PB2,443,1505,0,1,0,1506,A
1-PB2,444,1,0,0,1513,1514,C
1-PB2,445,3,0,0,1484,1487,C
1-PB2,446,0,4,0,1485,1489,C
1-PB2,447,0,1418,0,0,1418,T
1-PB2,448,0,5,1421,0,1426,G
1-PB2,449,0,0,1449,0,1449,G
1-PB2,450,0,1442,0,4,1446,T
1-PB2,451,9,0,1,1437,1447,C
1-PB2,452,1459,1,0,0,1460,A
1-PB2,453,0,1451,0,0,1451,T
1-PB2,454,0,1,1462,0,1463,G
1-PB2,455,0,0,0,1453,1453,C
1-PB2,456,1445,0,1,0,1446,A
1-PB2,457,0,4,1450,0,1454,G
1-PB2,458,1422,0,0,0,1422,A
1-PB2,459,1,0,0,1446,1447,C
1-PB2,460,1,0,0,1441,1442,C
1-PB2,461,0,1417,4,2,1423,T
1-PB2,462,1,1,1,1425,1428,C
1-PB2,463,1411,0,2,0,1413,A
1-PB2,464,0,1,1445,0,1446,G
1-PB2,465,0,1436,1,1,1438,T
1-PB2,466,1,3,1428,0,1432,G
1-PB2,467,3,0,0,1432,1435,C
1-PB2,468,3,0,0,1414,1417,C
1-PB2,469,1414,0,0,0,1414,A
1-PB2,470,1409,0,2,0,1411,A
1-PB2,471,1409,0,2,0,1411,A
1-PB2,472,0,2,1403,0,1405,G
1-PB2,473,1362,0,4,0,1366,A
1-PB2,474,0,2,1380,0,1382,G
1-PB2,475,0,0,1363,0,1363,G
1-PB2,476,0,0,0,1376,1376,C
1-PB2,477,1367,0,0,0,1367,A
1-PB2,478,1,0,0,1379,1380,C
1-PB2,479,1376,0,2,0,1378,A
1-PB2,480,1389,0,4,0,1393,A
1-PB2,481,0,0,1418,0,1418,G
1-PB2,482,1428,0,1,0,1429,A
1-PB2,483,0,1418,0,1,1419,T
1-PB2,484,0,0,1424,0,1424,G
1-PB2,485,0,1422,0,1,1423,T
1-PB2,486,1437,0,0,0,1437,A
1-PB2,487,1437,0,0,0,1437,A
1-PB2,488,0,1437,1,0,1438,T
1-PB2,489,0,1399,0,0,1399,T
1-PB2,490,1400,0,2,0,1402,A
1-PB2,491,0,1384,0,0,1384,T
1-PB2,492,0,1,1381,0,1382,G
1-PB2,493,1,0,1373,0,1374,G
1-PB2,494,1372,0,0,0,1372,A
1-PB2,495,1361,0,1,0,1362,A
1-PB2,496,0,0,1361,0,1361,G
1-PB2,497,0,1358,0,2,1360,T
1-PB2,498,0,1356,0,1,1357,T
1-PB2,499,1,0,1372,0,1373,G
1-PB2,500,0,1361,0,1,1362,T
1-PB2,501,0,1354,0,0,1354,T
1-PB2,502,0,1358,0,2,1360,T
1-PB2,503,0,1360,0,0,1360,T
1-PB2,504,0,1357,0,5,1362,T
1-PB2,505,5,0,0,1346,1351,C
1-PB2,506,1,0,0,1355,1356,C
1-PB2,507,4,0,0,1357,1361,C
1-PB2,508,1360,1,2,0,1363,A
1-PB2,509,1360,0,0,0,1360,A
1-PB2,510,1,0,0,1354,1355,C
1-PB2,511,0,2,1368,0,1370,G
1-PB2,512,1366,0,0,0,1366,A
1-PB2,513,1367,1,1,0,1369,A
1-PB2,514,1,0,1387,0,1388,G
1-PB2,515,0,1367,0,0,1367,T
1-PB2,516,0,3,1366,0,1369,G
1-PB2,517,1,0,1369,0,1370,G
1-PB2,518,0,3,1360,0,1363,G
1-PB2,519,1364,0,1,0,1365,A
1-PB2,520,1,0,1372,0,1373,G
1-PB2,521,0,0,0,1363,1363,C
1-PB2,522,0,1,1,1379,1381,C
1-PB2,523,1378,0,4,0,1382,A
1-PB2,524,1,3,1406,0,1410,G
1-PB2,525,0,2,1411,0,1413,G
1-PB2,526,1408,0,5,0,1413,A
1-PB2,527,0,1412,0,0,1412,T
1-PB2,528,1421,0,0,0,1421,A
1-PB2,529,1,0,0,1412,1413,C
1-PB2,530,0,1420,0,1,1421,T
1-PB2,531,1413,0,0,0,1413,A
1-PB2,532,1401,0,1,0,1402,A
1-PB2,533,0,0,0,1399,1399,C
1-PB2,534,1380,1,1,0,1382,A
1-PB2,535,0,1365,0,0,1365,T
1-PB2,536,1,0,0,1373,1374,C
1-PB2,537,1358,1,1,0,1360,A
1-PB2,538,0,2,1372,0,1374,G
1-PB2,539,1367,0,0,0,1367,A
1-PB2,540,1365,0,0,0,1365,A
1-PB2,541,0,1364,0,1,1365,T
1-PB2,542,7,1,0,1347,1355,C
1-PB2,543,1356,1,1,0,1358,A
1-PB2,544,1,0,0,1367,1368,C
1-PB2,545,1376,0,0,0,1376,A
1-PB2,546,1375,0,0,0,1375,A
1-PB2,547,0,1356,0,0,1356,T
1-PB2,548,0,1366,0,0,1366,T
1-PB2,549,1365,0,0,0,1365,A
1-PB2,550,1375,0,0,0,1375,A
1-PB2,551,0,1,0,1385,1386,C
1-PB2,552,1377,0,0,0,1377,A
1-PB2,553,1364,0,0,0,1364,A
1-PB2,554,0,1381,0,0,1381,T
1-PB2,555,1379,0,1,0,1380,A
1-PB2,556,1371,0,4,0,1375,A
1-PB2,557,0,1,0,1379,1380,C
1-PB2,558,0,1364,0,0,1364,T
1-PB2,559,1362,0,0,0,1362,A
1-PB2,560,1342,0,0,0,1342,A
1-PB2,561,0,3,1316,0,1319,G
1-PB2,562,0,3,1323,0,1326,G
1-PB2,563,1319,0,4,0,1323,A
1-PB2,564,2,5,1325,0,1332,G
1-PB2,565,1323,0,0,0,1323,A
1-PB2,566,1323,1,1,0,1325,A
1-PB2,567,1325,0,2,0,1327,A
1-PB2,568,1323,0,0,0,1323,A
1-PB2,569,1329,0,0,0,1329,A
1-PB2,570,1327,0,0,0,1327,A
1-PB2,571,0,3,1323,0,1326,G
1-PB2,572,1322,0,1,0,1323,A
1-PB2,573,1312,1,4,0,1317,A
1-PB2,574,0,3,1315,0,1318,G
1-PB2,575,1321,0,2,0,1323,A
1-PB2,576,1311,0,2,0,1313,A
1-PB2,577,0,0,0,1318,1318,C
1-PB2,578,0,1285,0,1,1286,T
1-PB2,579,5,1,0,1299,1305,C
1-PB2,580,1,0,0,1312,1313,C
1-PB2,581,1,4,1314,0,1319,G
1-PB2,582,1311,0,1,0,1312,A
1-PB2,583,0,0,1313,0,1313,G
1-PB2,584,1310,0,0,0,1310,A
1-PB2,585,0,1299,0,1,1300,T
1-PB2,586,0,1297,0,0,1297,T
1-PB2,587,0,0,1291,0,1291,G
1-PB2,588,0,0,0,1292,1292,C
1-PB2,589,1298,0,1,0,1299,A
1-PB2,590,1306,0,0,0,1306,A
1-PB2,591,1303,0,0,0,1303,A
1-PB2,592,1312,0,0,0,1312,A
1-PB2,593,0,1295,0,0,1295,T
1-PB2,594,0,1297,0,1,1298,T
1-PB2,595,0,1293,0,2,1295,T
1-PB2,596,2,0,0,1303,1305,C
1-PB2,597,0,1284,0,2,1286,T
1-PB2,598,5,0,0,1368,1373,C
1-PB2,599,3,0,0,1365,1368,C
1-PB2,600,5,0,0,1490,1495,C
1-PB2,601,0,1489,0,2,1491,T
1-PB2,602,1,1523,1,1,1526,T
1-PB2,603,1,4,1523,0,1528,G
1-PB2,604,1529,1,1,0,1531,A
1-PB2,605,0,1550,0,0,1550,T
1-PB2,606,0,7,1578,0,1585,G
1-PB2,607,0,2,1768,0,1770,G
1-PB2,608,0,1797,0,1,1798,T
1-PB2,609,0,1790,0,0,1790,T
1-PB2,610,1,0,1936,0,1937,G
1-PB2,611,0,3,1,1967,1971,C
1-PB2,612,1999,0,0,0,1999,A
1-PB2,613,0,2003,0,0,2003,T
1-PB2,614,2034,0,1,3,2038,A
1-PB2,615,2,0,0,2117,2119,C
1-PB2,616,2394,0,0,6,2400,A
1-PB2,617,0,2456,0,2,2458,T
1-PB2,618,0,0,2580,0,2580,G
1-PB2,619,0,2557,0,0,2557,T
1-PB2,620,0,2562,0,1,2563,T
1-PB2,621,2572,0,0,0,2572,A
1-PB2,622,0,6,2556,0,2562,G
1-PB2,623,2603,0,1,0,2604,A
1-PB2,624,0,8,2612,0,2620,G
1-PB2,625,2556,1,4,0,2561,A
1-PB2,626,0,4,2568,0,2572,G
1-PB2,627,2513,1,3,0,2517,A
1-PB2,628,1,11,2536,0,2548,G
1-PB2,629,2549,1,5,0,2555,A
1-PB2,630,2562,0,1,0,2563,A
1-PB2,631,1,0,0,2577,2578,C
1-PB2,632,1,2568,0,2,2571,T
1-PB2,633,0,2556,0,5,2561,T
1-PB2,634,0,2,2573,0,2575,G
1-PB2,635,1,2560,0,1,2562,T
1-PB2,636,2580,0,3,0,2583,A
1-PB2,637,0,3,0,2564,2567,C
1-PB2,638,1,6,2560,0,2567,G
1-PB2,639,2558,0,0,0,2558,A
1-PB2,640,2564,0,0,0,2564,A
1-PB2,641,2612,0,0,0,2612,A
1-PB2,642,2619,0,3,0,2622,A
1-PB2,643,2615,0,7,3,2625,A
1-PB2,644,0,1,0,2630,2631,C
1-PB2,645,2631,0,0,0,2631,A
1-PB2,646,2623,0,1,0,2624,A
1-PB2,647,0,3,2651,0,2654,G
1-PB2,648,2650,0,2,0,2652,A
1-PB2,649,0,2653,0,2,2655,T
1-PB2,650,0,2652,0,3,2655,T
1-PB2,651,0,2653,0,1,2654,T
1-PB2,652,12,0,0,2653,2665,C
1-PB2,653,0,2665,0,7,2672,T
1-PB2,654,9,0,0,2673,2682,C
1-PB2,655,2,0,0,2677,2679,C
1-PB2,656,4,0,0,2690,2694,C
1-PB2,657,2693,0,0,0,2693,A
1-PB2,658,2688,0,1,0,2689,A
1-PB2,659,0,2711,0,0,2711,T
1-PB2,660,0,2722,0,0,2722,T
1-PB2,661,0,1,2715,0,2716,G
1-PB2,662,6,0,0,2712,2718,C
1-PB2,663,0,2709,1,8,2718,T
1-PB2,664,2,3,2710,0,2715,G
1-PB2,665,1,1,2710,0,2712,G
1-PB2,666,0,4,0,2712,2716,C
1-PB2,667,0,3,2726,1,2730,G
1-PB2,668,0,7,2757,0,2764,G
1-PB2,669,2767,0,0,0,2767,A
1-PB2,670,2770,0,5,0,2775,A
1-PB2,671,0,1,0,2781,2782,C
1-PB2,672,2795,1,3,0,2799,A
1-PB2,673,2801,0,2,0,2803,A
1-PB2,674,0,0,2912,0,2912,G
1-PB2,675,0,0,0,2960,2960,C
1-PB2,676,2994,0,2,0,2996,A
1-PB2,677,0,1,3664,0,3665,G
1-PB2,678,2,3639,0,1,3642,T
1-PB2,679,3672,0,1,0,3673,A
1-PB2,680,1,3676,1,1,3679,T
1-PB2,681,3706,0,0,0,3706,A
1-PB2,682,1,3699,1,0,3701,T
1-PB2,683,3644,1,0,0,3645,A
1-PB2,684,0,3,0,3693,3696,C
1-PB2,685,3555,1,0,0,3556,A
1-PB2,686,0,3402,0,2,3404,T
1-PB2,687,0,3301,0,0,3301,T
1-PB2,688,0,12,3290,0,3302,G
1-PB2,689,3294,0,0,0,3294,A
1-PB2,690,3281,0,2,0,3283,A
1-PB2,691,0,0,3335,0,3335,G
1-PB2,692,1,3296,0,3,3300,T
1-PB2,693,0,3299,0,1,3300,T
1-PB2,694,0,3298,0,1,3299,T
1-PB2,695,0,3302,0,1,3303,T
1-PB2,696,3326,0,6,0,3332,A
1-PB2,697,0,1,0,3353,3354,C
1-PB2,698,3345,0,1,1,3347,A
1-PB2,699,0,3339,0,1,3340,T
1-PB2,700,0,3314,0,0,3314,T
1-PB2,701,0,3319,0,0,3319,T
1-PB2,702,1,16,3317,0,3334,G
1-PB2,703,3347,0,4,0,3351,A
1-PB2,704,0,0,0,3361,3361,C
1-PB2,705,0,3341,0,3,3344,T
1-PB2,706,5,1,0,3335,3341,C
1-PB2,707,3332,0,3,0,3335,A
1-PB2,708,1,9,3326,1,3337,G
1-PB2,709,1,3,3391,0,3395,G
1-PB2,710,0,10,3388,0,3398,G
1-PB2,711,3403,1,5,0,3409,A
1-PB2,712,3400,0,6,2,3408,A
1-PB2,713,1,2,0,3411,3414,C
1-PB2,714,1,7,3449,0,3457,G
1-PB2,715,0,3430,0,2,3432,T
1-PB2,716,1,0,3472,0,3473,G
1-PB2,717,2,3426,0,3,3431,T
1-PB2,718,0,3436,0,2,3438,T
1-PB2,719,0,8,3419,0,3427,G
1-PB2,720,1,6,3426,0,3433,G
1-PB2,721,0,8,3461,0,3469,G
1-PB2,722,3455,0,2,0,3457,A
1-PB2,723,3444,0,4,0,3448,A
1-PB2,724,1,4,0,3533,3538,C
1-PB2,725,3538,0,0,0,3538,A
1-PB2,726,3645,0,0,0,3645,A
1-PB2,727,3649,0,5,0,3654,A
1-PB2,728,0,3678,0,1,3679,T
1-PB2,729,2,1,3719,0,3722,G
1-PB2,730,0,3681,0,2,3683,T
1-PB2,731,3684,0,3,0,3687,A
1-PB2,732,1,1,0,3704,3706,C
1-PB2,733,3626,1,1,0,3628,A
1-PB2,734,0,0,0,3644,3644,C
1-PB2,735,0,3530,0,7,3537,T
1-PB2,736,11,1,0,3772,3784,C
1-PB2,737,5,0,1,3791,3797,C
1-PB2,738,3842,1,7,0,3850,A
1-PB2,739,0,5,3903,0,3908,G
1-PB2,740,0,2,3986,0,3988,G
1-PB2,741,0,3941,0,4,3945,T
1-PB2,742,1,3,3995,0,3999,G
1-PB2,743,1,5,3897,0,3903,G
1-PB2,744,3839,1,8,0,3848,A
1-PB2,745,0,11,3880,1,3892,G
1-PB2,746,0,7,3894,0,3901,G
1-PB2,747,3835,1,4,0,3840,A
1-PB2,748,0,0,3894,0,3894,G
1-PB2,749,0,3785,0,3,3788,T
1-PB2,750,0,9,3822,0,3831,G
1-PB2,751,3827,1,3,0,3831,A
1-PB2,752,0,8,3833,0,3841,G
1-PB2,753,0,8,3855,0,3863,G
1-PB2,754,3834,1,3,0,3838,A
1-PB2,755,3844,0,4,1,3849,A
1-PB2,756,0,3855,0,0,3855,T
1-PB2,757,0,12,3837,0,3849,G
1-PB2,758,3837,1,5,0,3843,A
1-PB2,759,0,1,0,3833,3834,C
1-PB2,760,2,8,3829,0,3839,G
1-PB2,761,3844,0,1,0,3845,A
1-PB2,762,0,3842,0,1,3843,T
1-PB2,763,0,1,3883,0,3884,G
1-PB2,764,1,3864,0,6,3871,T
1-PB2,765,0,3847,0,0,3847,T
1-PB2,766,0,13,3869,1,3883,G
1-PB2,767,3868,0,3,0,3871,A
1-PB2,768,0,0,0,3879,3879,C
1-PB2,769,8,1,1,3852,3862,C
1-PB2,770,3840,0,2,1,3843,A
1-PB2,771,3858,0,0,0,3858,A
1-PB2,772,3853,0,3,0,3856,A
1-PB2,773,0,3,3948,0,3951,G
1-PB2,774,0,0,0,3953,3953,C
1-PB2,775,6,1,0,3940,3947,C
1-PB2,776,0,3965,1,3,3969,T
1-PB2,777,3982,0,2,0,3984,A
1-PB2,778,3968,0,2,0,3970,A
1-PB2,779,0,3976,0,0,3976,T
1-PB2,780,0,3983,0,0,3983,T
1-PB2,781,3926,0,0,0,3926,A
1-PB2,782,0,3844,0,1,3845,T
1-PB2,783,0,3830,0,0,3830,T
1-PB2,784,1,1,3826,0,3828,G
1-PB2,785,1,1,0,3811,3813,C
1-PB2,786,1,2,3814,0,3817,G
1-PB2,787,0,2,3865,0,3867,G
1-PB2,788,1,1,0,3855,3857,C
1-PB2,789,6,2,0,3878,3886,C
1-PB2,790,3879,1,2,0,3882,A
1-PB2,791,0,8,3934,0,3942,G
1-PB2,792,3,10,3971,0,3984,G
1-PB2,793,3962,0,5,0,3967,A
1-PB2,794,3995,1,5,0,4001,A
1-PB2,795,1,1,1,4016,4019,C
1-PB2,796,3980,0,0,0,3980,A
1-PB2,797,0,4028,0,0,4028,T
1-PB2,798,4084,0,2,0,4086,A
1-PB2,799,1,1,4106,0,4108,G
1-PB2,800,0,4053,0,2,4055,T
1-PB2,801,4030,0,1,0,4031,A
1-PB2,802,4023,0,1,0,4024,A
1-PB2,803,0,5,4037,0,4042,G
1-PB2,804,4005,3,2,0,4010,A
1-PB2,805,3965,0,1,0,3966,A
1-PB2,806,0,10,3949,0,3959,G
1-PB2,807,3819,0,10,0,3829,A
1-PB2,808,1,0,3834,0,3835,G
1-PB2,809,3,1,0,3816,3820,C
1-PB2,810,4,3,0,3844,3851,C
1-PB2,811,4,1,3835,0,3840,G
1-PB2,812,0,3,0,3875,3878,C
1-PB2,813,3884,0,2,0,3886,A
1-PB2,814,2,3,4099,0,4104,G
1-PB2,815,0,4073,0,2,4075,T
1-PB2,816,4102,0,5,0,4107,A
1-PB2,817,0,4076,0,2,4078,T
1-PB2,818,5,0,1,4111,4117,C
1-PB2,819,4117,0,2,0,4119,A
1-PB2,820,1,2,4110,0,4113,G
1-PB2,821,1,1,0,4112,4114,C
1-PB2,822,3952,0,4,0,3956,A
1-PB2,823,1,4,3863,0,3868,G
1-PB2,824,3887,0,2,0,3889,A
1-PB2,825,0,3874,0,1,3875,T
1-PB2,826,3,1,0,3892,3896,C
1-PB2,827,7,1,0,3906,3914,C
1-PB2,828,3908,0,3,0,3911,A
1-PB2,829,2,1,0,3933,3936,C
1-PB2,830,0,3921,0,2,3923,T
1-PB2,831,3937,1,3,0,3941,A
1-PB2,832,1,2,3921,0,3924,G
1-PB2,833,1,1,0,3895,3897,C
1-PB2,834,3884,0,3,0,3887,A
1-PB2,835,1,3883,1,5,3890,T
1-PB2,836,3,0,0,3948,3951,C
1-PB2,837,0,3932,0,3,3935,T
1-PB2,838,1,4025,0,0,4026,T
1-PB2,839,0,4040,0,0,4040,T
1-PB2,840,4033,0,0,0,4033,A
1-PB2,841,0,4026,0,1,4027,T
1-PB2,842,0,4021,0,0,4021,T
1-PB2,843,0,6,4013,0,4019,G
1-PB2,844,0,8,3997,0,4005,G
1-PB2,845,3912,0,3,0,3915,A
1-PB2,846,1,10,3919,0,3930,G
1-PB2,847,3901,1,0,0,3902,A
1-PB2,848,0,3877,0,1,3878,T
1-PB2,849,0,2,3930,0,3932,G
1-PB2,850,1,3925,0,3,3929,T
1-PB2,851,1,1,3929,1,3932,G
1-PB2,852,1,0,0,3932,3933,C
1-PB2,853,8,0,0,3916,3924,C
1-PB2,854,3911,2,2,5,3920,A
1-PB2,855,0,4,0,3930,3934,C
1-PB2,856,3884,0,4,1,3889,A
1-PB2,857,1,0,3925,0,3926,G
1-PB2,858,0,4,0,3846,3850,C
1-PB2,859,3842,0,7,0,3849,A
1-PB2,860,1,1,0,3855,3857,C
1-PB2,861,3845,0,4,1,3850,A
1-PB2,862,3,0,0,3875,3878,C
1-PB2,863,3872,0,1,1,3874,A
1-PB2,864,3888,0,1,0,3889,A
1-PB2,865,3871,0,1,0,3872,A
1-PB2,866,0,3789,0,0,3789,T
1-PB2,867,0,3798,0,0,3798,T
1-PB2,868,0,13,3768,1,3782,G
1-PB2,869,1,0,3752,0,3753,G
1-PB2,870,1,3,0,3752,3756,C
1-PB2,871,1,8,3738,0,3747,G
1-PB2,872,0,10,3798,0,3808,G
1-PB2,873,0,17,3792,0,3809,G
1-PB2,874,3728,0,3,0,3731,A
1-PB2,875,2,1,0,3757,3760,C
1-PB2,876,3778,0,1,0,3779,A
1-PB2,877,3825,1,5,0,3831,A
1-PB2,878,0,7,3779,0,3786,G
1-PB2,879,1,3,3867,1,3872,G
1-PB2,880,3741,1,5,0,3747,A
1-PB2,881,0,3719,0,2,3721,T
1-PB2,882,2,11,3654,1,3668,G
1-PB2,883,1,1,3734,0,3736,G
1-PB2,884,0,3539,0,2,3541,T
1-PB2,885,0,9,3666,0,3675,G
1-PB2,886,0,10,3653,0,3663,G
1-PB2,887,3507,0,6,0,3513,A
1-PB2,888,2,2,0,3540,3544,C
1-PB2,889,3550,0,2,0,3552,A
1-PB2,890,0,3987,0,1,3988,T
1-PB2,891,0,3992,0,3,3995,T
1-PB2,892,7,3,0,3928,3938,C
1-PB2,893,0,3948,0,3,3951,T
1-PB2,894,0,3997,0,0,3997,T
1-PB2,895,3943,0,1,0,3944,A
1-PB2,896,0,7,3978,0,3985,G
1-PB2,897,3955,0,5,1,3961,A
1-PB2,898,2,1,0,3973,3976,C
1-PB2,899,3427,0,4,0,3431,A
1-PB2,900,0,7,3443,0,3450,G
1-PB2,901,3437,0,1,0,3438,A
1-PB2,902,3433,0,2,0,3435,A
1-PB2,903,1,3,0,3345,3349,C
1-PB2,904,3,1,0,3444,3448,C
1-PB2,905,6,2,0,3476,3484,C
1-PB2,906,0,7,3426,1,3434,G
1-PB2,907,3428,1,2,0,3431,A
1-PB2,908,7,0,0,3461,3468,C
1-PB2,909,1,3436,0,2,3439,T
1-PB2,910,3,8,3490,0,3501,G
1-PB2,911,3460,0,5,1,3466,A
1-PB2,912,3527,0,5,1,3533,A
1-PB2,913,1,9,3515,0,3525,G
1-PB2,914,3476,0,7,0,3483,A
1-PB2,915,3505,0,6,0,3511,A
1-PB2,916,0,0,0,3479,3479,C
1-PB2,917,3453,3,4,0,3460,A
1-PB2,918,0,0,3370,0,3370,G
1-PB2,919,0,1,3508,0,3509,G
1-PB2,920,1,0,0,3516,3517,C
1-PB2,921,1,3546,0,2,3549,T
1-PB2,922,0,2,3629,0,3631,G
1-PB2,923,0,3542,0,6,3548,T
1-PB2,924,1,6,3658,2,3667,G
1-PB2,925,4,4,3809,0,3817,G
1-PB2,926,3703,1,7,0,3711,A
1-PB2,927,1,3703,0,1,3705,T
1-PB2,928,3726,1,1,1,3729,A
1-PB2,929,0,3704,0,2,3706,T
1-PB2,930,3808,2,4,0,3814,A
1-PB2,931,0,3743,0,0,3743,T
1-PB2,932,1,0,3730,1,3732,G
1-PB2,933,3,3,0,3647,3653,C
1-PB2,934,3513,0,3,0,3516,A
1-PB2,935,3524,1,4,0,3529,A
1-PB2,936,1,3,3517,0,3521,G
1-PB2,937,0,1,3552,0,3553,G
1-PB2,938,7,2,0,3508,3517,C
1-PB2,939,0,3496,0,3,3499,T
1-PB2,940,2,0,3528,0,3530,G
1-PB2,941,1,0,0,3518,3519,C
1-PB2,942,3545,0,1,0,3546,A
1-PB2,943,3553,0,4,0,3557,A
1-PB2,944,0,3514,0,0,3514,T
1-PB2,945,0,5,3537,0,3542,G
1-PB2,946,0,4,3509,0,3513,G
1-PB2,947,0,6,3529,0,3535,G
1-PB2,948,3461,0,3,0,3464,A
1-PB2,949,0,3478,0,1,3479,T
1-PB2,950,0,3508,0,1,3509,T
1-PB2,951,0,4,3495,0,3499,G
1-PB2,952,3479,1,3,1,3484,A
1-PB2,953,1,6,3543,0,3550,G
1-PB2,954,3512,0,4,1,3517,A
1-PB2,955,3501,0,2,0,3503,A
1-PB2,956,1,3424,0,2,3427,T
1-PB2,957,8,1,0,3474,3483,C
1-PB2,958,3493,1,3,0,3497,A
1-PB2,959,0,0,3504,0,3504,G
1-PB2,960,1,0,0,3484,3485,C
1-PB2,961,0,3450,1,7,3458,T
1-PB2,962,9,2,0,3484,3495,C
1-PB2,963,3459,0,1,0,3460,A
1-PB2,964,0,3536,0,1,3537,T
1-PB2,965,4,2,0,3541,3547,C
1-PB2,966,6,1,0,3594,3601,C
1-PB2,967,0,3549,0,3,3552,T
1-PB2,968,1,3535,0,14,3550,T
1-PB2,969,5,2,0,3546,3553,C
1-PB2,970,3561,0,3,0,3564,A
1-PB2,971,1,2,3590,0,3593,G
1-PB2,972,0,0,0,3572,3572,C
1-PB2,973,0,3507,0,5,3512,T
1-PB2,974,0,3537,0,0,3537,T
1-PB2,975,0,3540,0,2,3542,T
1-PB2,976,1,5,3525,0,3531,G
1-PB2,977,1,2,3552,0,3555,G
1-PB2,978,0,3473,1,2,3476,T
1-PB2,979,3,5,3560,0,3568,G
1-PB2,980,1,5,3532,0,3538,G
1-PB2,981,0,1,3570,0,3571,G
1-PB2,982,0,3481,1,3,3485,T
1-PB2,983,0,3551,0,3,3554,T
1-PB2,984,0,3564,0,1,3565,T
1-PB2,985,3559,0,0,0,3559,A
1-PB2,986,2,2,0,3585,3589,C
1-PB2,987,3593,0,0,0,3593,A
1-PB2,988,0,3577,0,1,3578,T
1-PB2,989,0,3533,1,0,3534,T
1-PB2,990,0,3539,0,4,3543,T
1-PB2,991,3514,0,11,0,3525,A
1-PB2,992,3533,0,0,0,3533,A
1-PB2,993,3530,0,0,0,3530,A
1-PB2,994,3524,0,7,0,3531,A
1-PB2,995,0,10,3522,1,3533,G
1-PB2,996,3515,0,1,0,3516,A
1-PB2,997,3521,0,3,0,3524,A
1-PB2,998,1,0,0,3526,3527,C
1-PB2,999,3512,0,6,0,3518,A
1-PB2,1000,3507,0,2,0,3509,A
1-PB2,1001,0,1,3494,0,3495,G
1-PB2,1002,3,1,1,3496,3501,C
1-PB2,1003,0,13,3490,0,3503,G
1-PB2,1004,1,8,3480,0,3489,G
1-PB2,1005,1,0,3509,0,3510,G
1-PB2,1006,3,3463,0,9,3475,T
1-PB2,1007,9,0,1,3488,3498,C
1-PB2,1008,3520,0,4,0,3524,A
1-PB2,1009,0,3465,0,3,3468,T
1-PB2,1010,6,0,0,3525,3531,C
1-PB2,1011,3507,0,3,0,3510,A
1-PB2,1012,3,1,3566,0,3570,G
1-PB2,1013,0,3492,0,4,3496,T
1-PB2,1014,7,0,0,3507,3514,C
1-PB2,1015,3526,0,0,0,3526,A
1-PB2,1016,3528,0,1,0,3529,A
1-PB2,1017,3531,0,4,0,3535,A
1-PB2,1018,3524,0,2,0,3526,A
1-PB2,1019,3519,0,4,0,3523,A
1-PB2,1020,6,6,3448,0,3460,G
1-PB2,1021,0,7,3517,0,3524,G
1-PB2,1022,3509,0,2,1,3512,A
1-PB2,1023,3530,0,2,0,3532,A
1-PB2,1024,0,7,3520,1,3528,G
1-PB2,1025,3511,0,1,0,3512,A
1-PB2,1026,3427,0,6,0,3433,A
1-PB2,1027,0,3,3428,0,3431,G
1-PB2,1028,3407,0,6,0,3413,A
1-PB2,1029,1,6,3407,0,3414,G
1-PB2,1030,0,2,3467,0,3469,G
1-PB2,1031,0,3432,0,5,3437,T
1-PB2,1032,2,4,3525,0,3531,G
1-PB2,1033,5,1,0,3553,3559,C
1-PB2,1034,0,3581,1,7,3589,T
1-PB2,1035,0,3589,0,2,3591,T
1-PB2,1036,3587,0,0,0,3587,A
1-PB2,1037,1,1,0,3593,3595,C
1-PB2,1038,3566,0,2,0,3568,A
1-PB2,1039,0,2,3587,0,3589,G
1-PB2,1040,1,2,3563,0,3566,G
1-PB2,1041,0,3,0,3492,3495,C
1-PB2,1042,3485,0,2,1,3488,A
1-PB2,1043,3490,0,2,0,3492,A
1-PB2,1044,0,3536,0,4,3540,T
1-PB2,1045,2,2,0,3575,3579,C
1-PB2,1046,2,3553,0,5,3560,T
1-PB2,1047,12,0,0,3558,3570,C
1-PB2,1048,4,0,0,3556,3560,C
1-PB2,1049,3566,0,5,1,3572,A
1-PB2,1050,3575,0,2,0,3577,A
1-PB2,1051,3581,0,3,0,3584,A
1-PB2,1052,1,0,0,3607,3608,C
1-PB2,1053,3524,0,0,0,3524,A
1-PB2,1054,0,3488,0,1,3489,T
1-PB2,1055,0,3482,0,4,3486,T
1-PB2,1056,0,5,3523,0,3528,G
1-PB2,1057,3516,0,1,1,3518,A
1-PB2,1058,3566,0,4,1,3571,A
1-PB2,1059,3584,0,6,0,3590,A
1-PB2,1060,3579,0,0,0,3579,A
1-PB2,1061,0,3584,0,0,3584,T
1-PB2,1062,3589,0,0,0,3589,A
1-PB2,1063,3584,1,7,1,3593,A
1-PB2,1064,0,6,3655,0,3661,G
1-PB2,1065,3607,0,3,0,3610,A
1-PB2,1066,2,4,3733,0,3739,G
1-PB2,1067,0,3662,0,1,3663,T
1-PB2,1068,3714,0,4,0,3718,A
1-PB2,1069,7,1,0,3770,3778,C
1-PB2,1070,3750,0,4,0,3754,A
1-PB2,1071,0,3745,0,3,3748,T
1-PB2,1072,0,5,3759,0,3764,G
1-PB2,1073,3666,0,4,1,3671,A
1-PB2,1074,0,10,3697,0,3707,G
1-PB2,1075,1,12,3681,0,3694,G
1-PB2,1076,0,11,3830,0,3841,G
1-PB2,1077,0,4,3845,0,3849,G
1-PB2,1078,0,3763,0,3,3766,T
1-PB2,1079,3814,0,0,0,3814,A
1-PB2,1080,0,3787,0,2,3789,T
1-PB2,1081,1,4,3805,1,3811,G
1-PB2,1082,3798,0,5,0,3803,A
1-PB2,1083,4,6,3791,0,3801,G
1-PB2,1084,0,5,3756,0,3761,G
1-PB2,1085,3539,2,2,0,3543,A
1-PB2,1086,0,1,3633,0,3634,G
1-PB2,1087,0,3644,0,2,3646,T
1-PB2,1088,1,3710,0,6,3717,T
1-PB2,1089,11,1,1,3733,3746,C
1-PB2,1090,3744,0,6,2,3752,A
1-PB2,1091,0,0,0,3763,3763,C
1-PB2,1092,3757,0,0,0,3757,A
1-PB2,1093,3744,0,7,0,3751,A
1-PB2,1094,0,3755,0,0,3755,T
1-PB2,1095,0,11,3665,0,3676,G
1-PB2,1096,1,1,3686,0,3688,G
1-PB2,1097,0,3578,0,2,3580,T
1-PB2,1098,0,8,3619,1,3628,G
1-PB2,1099,0,8,3591,0,3599,G
1-PB2,1100,0,3,3601,0,3604,G
1-PB2,1101,0,5,3649,0,3654,G
1-PB2,1102,3637,0,3,0,3640,A
1-PB2,1103,3641,0,7,0,3648,A
1-PB2,1104,3639,0,4,1,3644,A
1-PB2,1105,3530,0,25,0,3555,A
1-PB2,1106,0,7,3599,0,3606,G
1-PB2,1107,3566,0,5,0,3571,A
1-PB2,1108,0,1,3591,0,3592,G
1-PB2,1109,1,1,0,3570,3572,C
1-PB2,1110,3552,0,0,0,3552,A
1-PB2,1111,3554,0,4,0,3558,A
1-PB2,1112,2,3,0,3664,3669,C
1-PB2,1113,3668,0,1,0,3669,A
1-PB2,1114,0,2,3744,0,3746,G
1-PB2,1115,0,2,0,3709,3711,C
1-PB2,1116,0,3700,1,10,3711,T
1-PB2,1117,3783,0,2,0,3785,A
1-PB2,1118,0,3789,0,3,3792,T
1-PB2,1119,3806,0,1,0,3807,A
1-PB2,1120,1,2,0,3809,3812,C
1-PB2,1121,0,3656,0,1,3657,T
1-PB2,1122,3684,0,2,0,3686,A
1-PB2,1123,3612,0,3,2,3617,A
1-PB2,1124,0,6,3627,0,3633,G
1-PB2,1125,3616,1,2,0,3619,A
1-PB2,1126,3540,0,1,0,3541,A
1-PB2,1127,3530,0,2,0,3532,A
1-PB2,1128,3518,0,4,0,3522,A
1-PB2,1129,3,2,3525,0,3530,G
1-PB2,1130,0,2,0,3496,3498,C
1-PB2,1131,3513,1,1,0,3515,A
1-PB2,1132,3511,1,2,0,3514,A
1-PB2,1133,1,0,0,3543,3544,C
1-PB2,1134,2,0,0,3548,3550,C
1-PB2,1135,3555,0,1,0,3556,A
1-PB2,1136,0,5,3577,0,3582,G
1-PB2,1137,3571,0,0,0,3571,A
1-PB2,1138,3563,0,3,0,3566,A
1-PB2,1139,1,6,3623,0,3630,G
1-PB2,1140,3591,0,4,0,3595,A
1-PB2,1141,0,3597,0,1,3598,T
1-PB2,1142,0,3559,7,2,3568,T
1-PB2,1143,0,7,3578,0,3585,G
1-PB2,1144,2,1,3620,0,3623,G
1-PB2,1145,0,3599,0,9,3608,T
1-PB2,1146,0,3572,0,0,3572,T
1-PB2,1147,15,2,1,3586,3604,C
1-PB2,1148,3644,0,3,0,3647,A
1-PB2,1149,2,2,3774,0,3778,G
1-PB2,1150,1,0,0,3801,3802,C
1-PB2,1151,0,3789,0,3,3792,T
1-PB2,1152,14,0,0,3810,3824,C
1-PB2,1153,3797,0,4,0,3801,A
1-PB2,1154,1,3822,0,0,3823,T
1-PB2,1155,3812,1,2,0,3815,A
1-PB2,1156,0,0,3842,0,3842,G
1-PB2,1157,1,3604,0,2,3607,T
1-PB2,1158,1,9,3656,0,3666,G
1-PB2,1159,3548,0,4,0,3552,A
1-PB2,1160,1,1,3608,0,3610,G
1-PB2,1161,0,3568,0,5,3573,T
1-PB2,1162,3,2,3580,0,3585,G
1-PB2,1163,2,9,3580,0,3591,G
1-PB2,1164,3601,0,1,0,3602,A
1-PB2,1165,3586,0,5,0,3591,A
1-PB2,1166,0,6,3608,0,3614,G
1-PB2,1167,3561,0,2,1,3564,A
1-PB2,1168,1,4,3586,0,3591,G
1-PB2,1169,3529,0,12,0,3541,A
1-PB2,1170,0,6,0,3549,3555,C
1-PB2,1171,1,18,3539,0,3558,G
1-PB2,1172,3521,1,2,0,3524,A
1-PB2,1173,3519,0,5,0,3524,A
1-PB2,1174,0,0,0,3535,3535,C
1-PB2,1175,3508,0,2,1,3511,A
1-PB2,1176,0,4,3676,0,3680,G
1-PB2,1177,0,3626,0,4,3630,T
1-PB2,1178,18,0,1,3626,3645,C
1-PB2,1179,3681,0,3,0,3684,A
1-PB2,1180,3649,0,7,0,3656,A
1-PB2,1181,1,3647,0,0,3648,T
1-PB2,1182,3656,0,4,0,3660,A
1-PB2,1183,0,2,3643,0,3645,G
1-PB2,1184,1,3,1,3597,3602,C
1-PB2,1185,3,2,0,3484,3489,C
1-PB2,1186,1,4,3474,0,3479,G
1-PB2,1187,3476,0,1,0,3477,A
1-PB2,1188,3471,0,7,0,3478,A
1-PB2,1189,2,1,3483,3,3489,G
1-PB2,1190,3,0,2,3603,3608,C
1-PB2,1191,3635,0,1,0,3636,A
1-PB2,1192,3621,0,0,0,3621,A
1-PB2,1193,0,3629,0,0,3629,T
1-PB2,1194,3637,0,3,0,3640,A
1-PB2,1195,3662,0,1,0,3663,A
1-PB2,1196,1,3642,0,1,3644,T
1-PB2,1197,4,5,0,3631,3640,C
1-PB2,1198,3,0,3624,0,3627,G
1-PB2,1199,0,3545,0,2,3547,T
1-PB2,1200,0,7,3544,0,3551,G
1-PB2,1201,3,4,3559,0,3566,G
1-PB2,1202,0,2,0,3543,3545,C
1-PB2,1203,5,4,1,3577,3587,C
1-PB2,1204,3547,1,2,0,3550,A
1-PB2,1205,0,3571,0,0,3571,T
1-PB2,1206,2,11,3573,0,3586,G
1-PB2,1207,1,3,3644,0,3648,G
1-PB2,1208,0,3532,0,4,3536,T
1-PB2,1209,1,1,3655,0,3657,G
1-PB2,1210,1,3542,1,4,3548,T
1-PB2,1211,3,3602,0,3,3608,T
1-PB2,1212,0,3614,0,3,3617,T
1-PB2,1213,0,3615,0,5,3620,T
1-PB2,1214,9,1,0,3676,3686,C
1-PB2,1215,3705,0,2,0,3707,A
1-PB2,1216,0,1,0,3782,3783,C
1-PB2,1217,3727,0,1,0,3728,A
1-PB2,1218,3719,0,4,0,3723,A
1-PB2,1219,0,4,3753,0,3757,G
1-PB2,1220,3693,0,0,0,3693,A
1-PB2,1221,93,10,3653,0,3756,G
1-PB2,1222,0,8,3764,0,3772,G
1-PB2,1223,3731,0,3,0,3734,A
1-PB2,1224,0,3771,0,0,3771,T
1-PB2,1225,0,3735,0,2,3737,T
1-PB2,1226,0,1,3731,0,3732,G
1-PB2,1227,2,0,1,3687,3690,C
1-PB2,1228,3715,0,1,0,3716,A
1-PB2,1229,0,3741,0,3,3744,T
1-PB2,1230,0,6,3816,0,3822,G
1-PB2,1231,3839,0,4,0,3843,A
1-PB2,1232,0,3862,0,0,3862,T
1-PB2,1233,3846,0,0,0,3846,A
1-PB2,1234,3846,0,2,0,3848,A
1-PB2,1235,3835,0,2,0,3837,A
1-PB2,1236,3835,0,5,0,3840,A
1-PB2,1237,1,1,3822,0,3824,G
1-PB2,1238,0,2,0,3881,3883,C
1-PB2,1239,3893,0,1,0,3894,A
1-PB2,1240,0,3,4042,0,4045,G
1-PB2,1241,0,4019,0,5,4024,T
1-PB2,1242,1,4047,0,0,4048,T
1-PB2,1243,4036,0,3,0,4039,A
1-PB2,1244,0,2,4055,0,4057,G
1-PB2,1245,4007,0,4,0,4011,A
1-PB2,1246,1,8,4028,0,4037,G
1-PB2,1247,0,1,4012,0,4013,G
1-PB2,1248,1,3773,0,4,3778,T
1-PB2,1249,0,18,3797,0,3815,G
1-PB2,1250,3811,0,3,0,3814,A
1-PB2,1251,0,3760,0,9,3769,T
1-PB2,1252,7,0,0,3852,3859,C
1-PB2,1253,0,3862,1,5,3868,T
1-PB2,1254,0,10,3872,0,3882,G
1-PB2,1255,3875,0,0,0,3875,A
1-PB2,1256,3867,0,0,0,3867,A
1-PB2,1257,0,3887,0,0,3887,T
1-PB2,1258,0,3906,1,2,3909,T
1-PB2,1259,1,3915,0,1,3917,T
1-PB2,1260,6,2,0,3909,3917,C
1-PB2,1261,2,0,3922,0,3924,G
1-PB2,1262,0,3902,0,5,3907,T
1-PB2,1263,8,0,0,3899,3907,C
1-PB2,1264,3914,0,0,0,3914,A
1-PB2,1265,3911,0,1,0,3912,A
1-PB2,1266,0,0,0,3919,3919,C
1-PB2,1267,3879,0,1,0,3880,A
1-PB2,1268,1,6,3913,0,3920,G
1-PB2,1269,3880,0,10,0,3890,A
1-PB2,1270,0,1,3891,0,3892,G
1-PB2,1271,2,2,0,3904,3908,C
1-PB2,1272,3925,0,0,2,3927,A
1-PB2,1273,3966,0,3,0,3969,A
1-PB2,1274,3949,0,1,1,3951,A
1-PB2,1275,0,3935,0,8,3943,T
1-PB2,1276,7,0,0,3931,3938,C
1-PB2,1277,3910,0,3,0,3913,A
1-PB2,1278,1,2,3895,0,3898,G
1-PB2,1279,1,3,0,3914,3918,C
1-PB2,1280,2,10,3915,0,3927,G
1-PB2,1281,0,3,4090,0,4093,G
1-PB2,1282,0,4016,0,0,4016,T
1-PB2,1283,0,4048,0,3,4051,T
1-PB2,1284,3,9,4036,0,4048,G
1-PB2,1285,4053,0,3,0,4056,A
1-PB2,1286,4082,0,6,0,4088,A
1-PB2,1287,0,0,0,4088,4088,C
1-PB2,1288,5,0,0,4055,4060,C
1-PB2,1289,9,3,0,4083,4095,C
1-PB2,1290,12,1,0,4001,4014,C
1-PB2,1291,4012,0,6,6,4024,A
1-PB2,1292,0,4034,0,2,4036,T
1-PB2,1293,0,2,4062,0,4064,G
1-PB2,1294,2,0,0,4083,4085,C
1-PB2,1295,4047,1,1,0,4049,A
1-PB2,1296,8,3998,0,5,4011,T
1-PB2,1297,8,0,0,4000,4008,C
1-PB2,1298,3982,1,2,0,3985,A
1-PB2,1299,0,1,4016,0,4017,G
1-PB2,1300,0,1,0,4033,4034,C
1-PB2,1301,0,4036,0,7,4043,T
1-PB2,1302,0,4037,0,1,4038,T
1-PB2,1303,0,4038,0,1,4039,T
1-PB2,1304,0,4046,0,0,4046,T
1-PB2,1305,4047,0,0,0,4047,A
1-PB2,1306,4025,0,7,1,4033,A
1-PB2,1307,1,11,4012,0,4024,G
1-PB2,1308,1,2,3969,0,3972,G
1-PB2,1309,1,3,0,3968,3972,C
1-PB2,1310,3962,1,7,0,3970,A
1-PB2,1311,0,3963,0,5,3968,T
1-PB2,1312,1,3979,0,5,3985,T
1-PB2,1313,0,3995,2,2,3999,T
1-PB2,1314,0,3984,0,16,4000,T
1-PB2,1315,5,0,1,4001,4007,C
1-PB2,1316,4003,0,4,0,4007,A
1-PB2,1317,0,2,3995,1,3998,G
1-PB2,1318,3987,0,4,2,3993,A
1-PB2,1319,4008,0,2,0,4010,A
1-PB2,1320,3990,1,2,0,3993,A
1-PB2,1321,0,4,4002,0,4006,G
1-PB2,1322,4006,2,6,0,4014,A
1-PB2,1323,1,4005,1,3,4010,T
1-PB2,1324,0,2,4026,0,4028,G
1-PB2,1325,3,6,1,4012,4022,C
1-PB2,1326,0,7,4037,0,4044,G
1-PB2,1327,4005,0,5,0,4010,A
1-PB2,1328,4028,1,0,0,4029,A
1-PB2,1329,4020,0,2,0,4022,A
1-PB2,1330,2,0,4032,0,4034,G
1-PB2,1331,0,3950,0,2,3952,T
1-PB2,1332,3,1,3968,0,3972,G
1-PB2,1333,0,0,0,3917,3917,C
1-PB2,1334,0,3958,0,9,3967,T
1-PB2,1335,0,3965,0,0,3965,T
1-PB2,1336,0,3984,0,1,3985,T
1-PB2,1337,0,3985,0,0,3985,T
1-PB2,1338,0,3971,0,1,3972,T
1-PB2,1339,8,1,0,3972,3981,C
1-PB2,1340,3970,2,2,0,3974,A
1-PB2,1341,3979,0,2,0,3981,A
1-PB2,1342,3980,1,1,0,3982,A
1-PB2,1343,3987,0,0,0,3987,A
1-PB2,1344,0,3970,0,0,3970,T
1-PB2,1345,0,3992,0,1,3993,T
1-PB2,1346,0,9,3983,0,3992,G
1-PB2,1347,1,10,3947,0,3958,G
1-PB2,1348,0,3,3972,0,3975,G
1-PB2,1349,1,9,4012,0,4022,G
1-PB2,1350,4000,2,1,0,4003,A
1-PB2,1351,0,0,4061,0,4061,G
1-PB2,1352,1,4049,0,4,4054,T
1-PB2,1353,1,4058,0,1,4060,T
1-PB2,1354,2,15,4052,3,4072,G
1-PB2,1355,4062,0,6,0,4068,A
1-PB2,1356,4067,0,6,1,4074,A
1-PB2,1357,1,2,0,4156,4159,C
1-PB2,1358,4077,0,7,0,4084,A
1-PB2,1359,2,1,0,4203,4206,C
1-PB2,1360,4140,0,2,0,4142,A
1-PB2,1361,0,4120,0,4,4124,T
1-PB2,1362,4,0,0,4167,4171,C
1-PB2,1363,0,11,4154,1,4166,G
1-PB2,1364,4165,0,2,0,4167,A
1-PB2,1365,1,3,0,4151,4155,C
1-PB2,1366,4050,0,4,0,4054,A
1-PB2,1367,1,2,4170,0,4173,G
1-PB2,1368,0,4040,0,7,4047,T
1-PB2,1369,2,1,4120,0,4123,G
1-PB2,1370,0,4104,0,4,4108,T
1-PB2,1371,2,6,4104,0,4112,G
1-PB2,1372,4100,0,8,0,4108,A
1-PB2,1373,0,4081,0,1,4082,T
1-PB2,1374,0,6,4084,0,4090,G
1-PB2,1375,1,6,4073,0,4080,G
1-PB2,1376,1,10,4014,0,4025,G
1-PB2,1377,3976,0,5,0,3981,A
1-PB2,1378,3956,0,3,0,3959,A
1-PB2,1379,0,3970,0,1,3971,T
1-PB2,1380,1,9,3980,0,3990,G
1-PB2,1381,3990,2,2,0,3994,A
1-PB2,1382,0,3968,0,3,3971,T
1-PB2,1383,0,3977,0,1,3978,T
1-PB2,1384,0,9,3956,0,3965,G
1-PB2,1385,1,11,4003,1,4016,G
1-PB2,1386,4002,1,7,0,4010,A
1-PB2,1387,1,1,4035,0,4037,G
1-PB2,1388,0,3984,0,2,3986,T
1-PB2,1389,3994,0,0,0,3994,A
1-PB2,1390,0,3972,0,5,3977,T
1-PB2,1391,0,4018,0,1,4019,T
1-PB2,1392,4031,2,6,0,4039,A
1-PB2,1393,2,2,0,4049,4053,C
1-PB2,1394,6,0,0,3990,3996,C
1-PB2,1395,3962,1,5,0,3968,A
1-PB2,1396,0,2,3987,0,3989,G
1-PB2,1397,4036,0,2,0,4038,A
1-PB2,1398,0,4007,1,0,4008,T
1-PB2,1399,3985,0,0,0,3985,A
1-PB2,1400,0,3951,1,7,3959,T
1-PB2,1401,0,15,3912,0,3927,G
1-PB2,1402,3922,0,11,0,3933,A
1-PB2,1403,0,0,0,3948,3948,C
1-PB2,1404,0,3923,0,0,3923,T
1-PB2,1405,12,0,0,3874,3886,C
1-PB2,1406,5,0,0,3848,3853,C
1-PB2,1407,3904,0,8,0,3912,A
1-PB2,1408,3923,0,6,0,3929,A
1-PB2,1409,2,3,4012,1,4018,G
1-PB2,1410,2,1,0,3982,3985,C
1-PB2,1411,3962,1,4,0,3967,A
1-PB2,1412,2,1,0,3977,3980,C
1-PB2,1413,3961,0,4,0,3965,A
1-PB2,1414,1,5,3964,0,3970,G
1-PB2,1415,3935,0,3,0,3938,A
1-PB2,1416,0,3,3987,0,3990,G
1-PB2,1417,3978,2,3,0,3983,A
1-PB2,1418,0,3881,0,3,3884,T
1-PB2,1419,0,0,3961,0,3961,G
1-PB2,1420,1,3890,0,8,3899,T
1-PB2,1421,11,0,0,3899,3910,C
1-PB2,1422,3931,0,3,0,3934,A
1-PB2,1423,3916,0,1,0,3917,A
1-PB2,1424,0,3898,0,2,3900,T
1-PB2,1425,1,15,3890,0,3906,G
1-PB2,1426,3858,0,7,0,3865,A
1-PB2,1427,2,3,3880,0,3885,G
1-PB2,1428,3829,0,6,1,3836,A
1-PB2,1429,0,6,3825,0,3831,G
1-PB2,1430,2,7,3964,1,3974,G
1-PB2,1431,3965,0,8,0,3973,A
1-PB2,1432,3970,0,5,1,3976,A
1-PB2,1433,0,3962,0,3,3965,T
1-PB2,1434,3976,0,3,0,3979,A
1-PB2,1435,3966,0,3,0,3969,A
1-PB2,1436,0,13,3976,0,3989,G
1-PB2,1437,3954,0,3,0,3957,A
1-PB2,1438,0,0,3949,0,3949,G
1-PB2,1439,0,3734,0,1,3735,T
1-PB2,1440,11,1,0,3763,3775,C
1-PB2,1441,3779,0,7,0,3786,A
1-PB2,1442,2,0,3797,0,3799,G
1-PB2,1443,1,1,0,3808,3810,C
1-PB2,1444,3817,0,0,1,3818,A
1-PB2,1445,3823,1,1,0,3825,A
1-PB2,1446,3827,0,1,0,3828,A
1-PB2,1447,3818,0,2,1,3821,A
1-PB2,1448,0,3794,0,1,3795,T
1-PB2,1449,0,12,3805,0,3817,G
1-PB2,1450,1,7,3804,0,3812,G
1-PB2,1451,0,2,3830,0,3832,G
1-PB2,1452,0,3781,0,3,3784,T
1-PB2,1453,4,0,3791,0,3795,G
1-PB2,1454,0,3769,0,2,3771,T
1-PB2,1455,1,9,3782,0,3792,G
1-PB2,1456,0,7,3846,0,3853,G
1-PB2,1457,3837,0,1,0,3838,A
1-PB2,1458,0,3835,0,2,3837,T
1-PB2,1459,2,14,3840,0,3856,G
1-PB2,1460,3812,1,6,0,3819,A
1-PB2,1461,3833,1,3,0,3837,A
1-PB2,1462,0,3817,0,0,3817,T
1-PB2,1463,3765,0,2,0,3767,A
1-PB2,1464,0,2,0,3961,3963,C
1-PB2,1465,0,3845,1,4,3850,T
1-PB2,1466,6,0,0,3880,3886,C
1-PB2,1467,3,3,1,3915,3922,C
1-PB2,1468,3878,0,3,0,3881,A
1-PB2,1469,3,1,3998,0,4002,G
1-PB2,1470,0,3979,1,2,3982,T
1-PB2,1471,3987,0,0,0,3987,A
1-PB2,1472,2,0,0,3986,3988,C
1-PB2,1473,3673,0,1,0,3674,A
1-PB2,1474,0,5,3699,0,3704,G
1-PB2,1475,3599,0,5,0,3604,A
1-PB2,1476,0,4,3621,0,3625,G
1-PB2,1477,3504,0,3,0,3507,A
1-PB2,1478,0,10,3400,0,3410,G
1-PB2,1479,0,7,3377,0,3384,G
1-PB2,1480,0,0,3389,0,3389,G
1-PB2,1481,0,3325,0,2,3327,T
1-PB2,1482,1,4,3318,1,3324,G
1-PB2,1483,2,1,3347,0,3350,G
1-PB2,1484,0,3297,0,1,3298,T
1-PB2,1485,1,7,3323,0,3331,G
1-PB2,1486,2,0,3325,0,3327,G
1-PB2,1487,0,3294,0,2,3296,T
1-PB2,1488,8,3,1,3245,3257,C
1-PB2,1489,3255,0,2,0,3257,A
1-PB2,1490,0,1,3258,0,3259,G
1-PB2,1491,2,0,0,3278,3280,C
1-PB2,1492,3261,1,2,0,3264,A
1-PB2,1493,0,3261,0,3,3264,T
1-PB2,1494,0,3133,0,1,3134,T
1-PB2,1495,0,6,3116,1,3123,G
1-PB2,1496,3113,0,2,0,3115,A
1-PB2,1497,0,3090,0,5,3095,T
1-PB2,1498,16,0,0,3112,3128,C
1-PB2,1499,0,12,3081,0,3093,G
1-PB2,1500,3077,0,3,0,3080,A
1-PB2,1501,0,3076,0,0,3076,T
1-PB2,1502,0,3119,0,3,3122,T
1-PB2,1503,0,3121,0,1,3122,T
1-PB2,1504,0,3107,1,1,3109,T
1-PB2,1505,0,3100,0,2,3102,T
1-PB2,1506,0,5,3096,0,3101,G
1-PB2,1507,3095,0,2,0,3097,A
1-PB2,1508,2,8,3089,0,3099,G
1-PB2,1509,3038,0,1,0,3039,A
1-PB2,1510,1,1,3055,0,3057,G
1-PB2,1511,0,3055,0,7,3062,T
1-PB2,1512,1,3039,0,0,3040,T
1-PB2,1513,14,1,0,3047,3062,C
1-PB2,1514,0,5,3072,0,3077,G
1-PB2,1515,3069,1,8,0,3078,A
1-PB2,1516,0,8,3072,0,3080,G
1-PB2,1517,3043,0,2,0,3045,A
1-PB2,1518,1,1,0,3051,3053,C
1-PB2,1519,7,0,0,3026,3033,C
1-PB2,1520,3006,0,7,0,3013,A
1-PB2,1521,3024,0,2,0,3026,A
1-PB2,1522,3,0,0,3031,3034,C
1-PB2,1523,1,1,3058,0,3060,G
1-PB2,1524,0,3026,0,0,3026,T
1-PB2,1525,0,5,3021,0,3026,G
1-PB2,1526,0,1,3032,0,3033,G
1-PB2,1527,0,3,3098,0,3101,G
1-PB2,1528,3067,0,5,1,3073,A
1-PB2,1529,3082,0,2,0,3084,A
1-PB2,1530,1,2994,0,1,2996,T
1-PB2,1531,1196,0,1839,1,3036,G
1-PB2,1532,0,3050,1,3,3054,T
1-PB2,1533,3077,0,1,0,3078,A
1-PB2,1534,0,3073,0,1,3074,T
1-PB2,1535,0,3018,0,1,3019,T
1-PB2,1536,2851,0,0,0,2851,A
1-PB2,1537,0,2738,0,1,2739,T
1-PB2,1538,0,2714,0,3,2717,T
1-PB2,1539,2701,0,1,0,2702,A
1-PB2,1540,0,2399,0,3,2402,T
1-PB2,1541,2,0,0,2457,2459,C
1-PB2,1542,0,2384,0,3,2387,T
1-PB2,1543,6,0,0,2384,2390,C
1-PB2,1544,5,1,0,2392,2398,C
1-PB2,1545,0,2319,0,3,2322,T
1-PB2,1546,2,2,2330,0,2334,G
1-PB2,1547,2321,0,1,0,2322,A
1-PB2,1548,0,2,2307,0,2309,G
1-PB2,1549,0,2,2302,0,2304,G
1-PB2,1550,2042,0,3,0,2045,A
1-PB2,1551,0,3,2048,0,2051,G
1-PB2,1552,0,0,2037,0,2037,G
1-PB2,1553,0,1954,0,4,1958,T
1-PB2,1554,3,1,0,1964,1968,C
1-PB2,1555,1942,0,0,0,1942,A
1-PB2,1556,0,0,1966,0,1966,G
1-PB2,1557,0,1953,0,1,1954,T
1-PB2,1558,0,1,1945,0,1946,G
1-PB2,1559,1938,0,0,0,1938,A
1-PB2,1560,1832,0,3,0,1835,A
1-PB2,1561,2,0,1796,0,1798,G
1-PB2,1562,0,0,0,1800,1800,C
1-PB2,1563,1820,0,1,0,1821,A
1-PB2,1564,3,0,0,1808,1811,C
1-PB2,1565,1713,0,6,0,1719,A
1-PB2,1566,0,1,1729,0,1730,G
1-PB2,1567,0,4,1728,0,1732,G
1-PB2,1568,0,2,1747,0,1749,G
1-PB2,1569,1729,0,2,0,1731,A
1-PB2,1570,1694,0,1,0,1695,A
1-PB2,1571,1,0,0,1696,1697,C
1-PB2,1572,0,1667,0,1,1668,T
1-PB2,1573,0,5,1658,1,1664,G
1-PB2,1574,1636,0,6,0,1642,A
1-PB2,1575,1,7,1634,0,1642,G
1-PB2,1576,1589,0,0,0,1589,A
1-PB2,1577,0,5,1486,0,1491,G
1-PB2,1578,1487,0,1,0,1488,A
1-PB2,1579,1,1,0,1481,1483,C
1-PB2,1580,0,1424,0,0,1424,T
1-PB2,1581,1,3,1441,0,1445,G
1-PB2,1582,1428,0,1,0,1429,A
1-PB2,1583,2,0,1,1433,1436,C
1-PB2,1584,1428,0,1,0,1429,A
1-PB2,1585,1434,0,1,0,1435,A
1-PB2,1586,0,1419,0,0,1419,T
1-PB2,1587,1412,0,0,0,1412,A
1-PB2,1588,1415,0,0,0,1415,A
1-PB2,1589,2,0,0,1416,1418,C
1-PB2,1590,0,1315,0,4,1319,T
1-PB2,1591,0,1303,0,0,1303,T
1-PB2,1592,1293,0,0,0,1293,A
1-PB2,1593,0,1288,0,1,1289,T
1-PB2,1594,0,1280,0,0,1280,T
1-PB2,1595,3,0,0,1282,1285,C
1-PB2,1596,1181,0,2,0,1183,A
1-PB2,1597,0,1168,1,0,1169,T
1-PB2,1598,2,1,0,1134,1137,C
1-PB2,1599,2,1,1146,0,1149,G
1-PB2,1600,0,1148,0,0,1148,T
1-PB2,1601,4,0,0,1132,1136,C
1-PB2,1602,0,0,1138,0,1138,G
1-PB2,1603,1132,0,0,0,1132,A
1-PB2,1604,0,1131,0,0,1131,T
1-PB2,1605,0,2,1128,0,1130,G
1-PB2,1606,1125,1,1,0,1127,A
1-PB2,1607,0,1125,0,0,1125,T
1-PB2,1608,4,1,1115,0,1120,G
1-PB2,1609,0,1055,0,0,1055,T
1-PB2,1610,2,0,1055,0,1057,G
1-PB2,1611,0,0,1056,0,1056,G
1-PB2,1612,1,2,1046,0,1049,G
1-PB2,1613,1008,0,0,0,1008,A
1-PB2,1614,0,1,1005,0,1006,G
1-PB2,1615,923,0,0,0,923,A
1-PB2,1616,0,888,0,0,888,T
1-PB2,1617,0,865,0,1,866,T
1-PB2,1618,861,0,0,0,861,A
1-PB2,1619,851,0,2,0,853,A
1-PB2,1620,0,2,0,833,835,C
1-PB2,1621,1,3,764,0,768,G
1-PB2,1622,0,0,771,0,771,G
1-PB2,1623,0,640,0,0,640,T
1-PB2,1624,0,0,0,637,637,C
1-PB2,1625,1,0,0,632,633,C
1-PB2,1626,0,579,0,3,582,T
1-PB2,1627,0,1,590,0,591,G
1-PB2,1628,586,0,0,0,586,A
1-PB2,1629,0,1,588,0,589,G
1-PB2,1630,0,580,0,0,580,T
1-PB2,1631,3,1,0,568,572,C
1-PB2,1632,0,1,569,0,570,G
1-PB2,1633,0,0,578,0,578,G
1-PB2,1634,0,578,0,0,578,T
1-PB2,1635,0,576,0,0,576,T
1-PB2,1636,0,574,0,0,574,T
1-PB2,1637,0,575,0,0,575,T
1-PB2,1638,1,2,588,0,591,G
1-PB2,1639,0,0,598,0,598,G
1-PB2,1640,0,591,0,1,592,T
1-PB2,1641,4,0,0,593,597,C
1-PB2,1642,584,0,0,0,584,A
1-PB2,1643,604,0,0,0,604,A
1-PB2,1644,0,613,0,0,613,T
1-PB2,1645,604,0,0,0,604,A
1-PB2,1646,1,0,0,612,613,C
1-PB2,1647,1,0,0,603,604,C
1-PB2,1648,0,600,0,2,602,T
1-PB2,1649,605,0,0,0,605,A
1-PB2,1650,0,609,0,0,609,T
1-PB2,1651,1,0,0,611,612,C
1-PB2,1652,604,0,0,0,604,A
1-PB2,1653,601,0,0,0,601,A
1-PB2,1654,0,602,0,1,603,T
1-PB2,1655,2,0,582,0,584,G
1-PB2,1656,0,0,585,0,585,G
1-PB2,1657,582,0,0,0,582,A
1-PB2,1658,0,575,0,0,575,T
1-PB2,1659,2,0,0,573,575,C
1-PB2,1660,574,0,0,0,574,A
1-PB2,1661,1,574,0,0,575,T
1-PB2,1662,0,0,0,577,577,C
1-PB2,1663,579,0,0,0,579,A
1-PB2,1664,0,2,583,0,585,G
1-PB2,1665,584,0,0,0,584,A
1-PB2,1666,587,0,0,0,587,A
1-PB2,1667,589,0,1,0,590,A
1-PB2,1668,0,582,0,0,582,T
1-PB2,1669,0,588,0,1,589,T
1-PB2,1670,0,3,585,0,588,G
1-PB2,1671,1,1,579,0,581,G
1-PB2,1672,0,0,582,0,582,G
1-PB2,1673,580,0,0,0,580,A
1-PB2,1674,576,0,1,0,577,A
1-PB2,1675,0,0,575,0,575,G
1-PB2,1676,1,0,0,574,575,C
1-PB2,1677,0,576,0,0,576,T
1-PB2,1678,0,0,584,0,584,G
1-PB2,1679,0,574,0,1,575,T
1-PB2,1680,2,0,0,579,581,C
1-PB2,1681,582,0,0,0,582,A
1-PB2,1682,591,0,0,0,591,A
1-PB2,1683,589,0,0,0,589,A
1-PB2,1684,588,0,0,0,588,A
1-PB2,1685,0,585,0,1,586,T
1-PB2,1686,0,1,0,579,580,C
1-PB2,1687,0,0,0,592,592,C
1-PB2,1688,593,0,0,0,593,A
1-PB2,1689,591,0,1,0,592,A
1-PB2,1690,0,586,0,0,586,T
1-PB2,1691,0,0,588,0,588,G
1-PB2,1692,0,0,590,0,590,G
1-PB2,1693,0,589,0,0,589,T
1-PB2,1694,1,0,0,587,588,C
1-PB2,1695,1,592,0,1,594,T
1-PB2,1696,2,0,0,589,591,C
1-PB2,1697,596,0,0,0,596,A
1-PB2,1698,0,0,595,0,595,G
1-PB2,1699,597,0,1,0,598,A
1-PB2,1700,591,0,0,0,591,A
1-PB2,1701,0,586,0,0,586,T
1-PB2,1702,3,0,0,566,569,C
1-PB2,1703,0,0,0,581,581,C
1-PB2,1704,0,576,1,0,577,T
1-PB2,1705,0,1,575,0,576,G
1-PB2,1706,0,0,0,575,575,C
1-PB2,1707,572,0,0,0,572,A
1-PB2,1708,580,0,0,0,580,A
1-PB2,1709,0,575,0,0,575,T
1-PB2,1710,0,0,589,0,589,G
1-PB2,1711,0,593,0,1,594,T
1-PB2,1712,0,584,0,0,584,T
1-PB2,1713,0,0,581,0,581,G
1-PB2,1714,0,582,1,1,584,T
1-PB2,1715,579,0,0,0,579,A
1-PB2,1716,0,0,0,578,578,C
1-PB2,1717,570,0,1,0,571,A
1-PB2,1718,571,1,1,0,573,A
1-PB2,1719,0,0,0,565,565,C
1-PB2,1720,559,0,0,0,559,A
1-PB2,1721,558,0,0,0,558,A
1-PB2,1722,554,0,0,0,554,A
1-PB2,1723,554,0,0,0,554,A
1-PB2,1724,0,551,0,0,551,T
1-PB2,1725,0,0,550,0,550,G
1-PB2,1726,0,3,545,0,548,G
1-PB2,1727,544,0,0,0,544,A
1-PB2,1728,549,0,0,0,549,A
1-PB2,1729,1,547,0,0,548,T
1-PB2,1730,0,544,0,0,544,T
1-PB2,1731,0,547,0,0,547,T
1-PB2,1732,0,2,540,0,542,G
1-PB2,1733,547,0,1,0,548,A
1-PB2,1734,546,0,1,0,547,A
1-PB2,1735,1,0,0,542,543,C
1-PB2,1736,3,0,0,542,545,C
1-PB2,1737,548,0,0,0,548,A
1-PB2,1738,0,557,0,1,558,T
1-PB2,1739,0,555,0,0,555,T
1-PB2,1740,0,552,0,0,552,T
1-PB2,1741,1,0,0,552,553,C
1-PB2,1742,555,0,0,0,555,A
1-PB2,1743,554,0,0,0,554,A
1-PB2,1744,0,551,0,5,556,T
1-PB2,1745,0,0,0,563,563,C
1-PB2,1746,0,549,0,0,549,T
1-PB2,1747,0,549,0,0,549,T
1-PB2,1748,0,551,0,0,551,T
1-PB2,1749,552,0,0,0,552,A
1-PB2,1750,0,0,552,0,552,G
1-PB2,1751,0,551,0,0,551,T
1-PB2,1752,2,2,0,551,555,C
1-PB2,1753,1,0,0,550,551,C
1-PB2,1754,1,0,0,545,546,C
1-PB2,1755,0,0,0,541,541,C
1-PB2,1756,541,0,0,0,541,A
1-PB2,1757,535,0,0,0,535,A
1-PB2,1758,0,0,553,0,553,G
1-PB2,1759,0,0,543,0,543,G
1-PB2,1760,1,0,0,550,551,C
1-PB2,1761,1,0,0,545,546,C
1-PB2,1762,549,0,0,0,549,A
1-PB2,1763,0,556,0,0,556,T
1-PB2,1764,0,549,0,0,549,T
1-PB2,1765,555,0,0,0,555,A
1-PB2,1766,0,1,552,0,553,G
1-PB2,1767,544,0,0,0,544,A
1-PB2,1768,548,1,2,0,551,A
1-PB2,1769,0,0,562,0,562,G
1-PB2,1770,0,1,0,557,558,C
1-PB2,1771,1,1,0,564,566,C
1-PB2,1772,558,0,0,0,558,A
1-PB2,1773,564,0,0,0,564,A
1-PB2,1774,0,564,0,0,564,T
1-PB2,1775,573,0,0,0,573,A
1-PB2,1776,0,0,0,585,585,C
1-PB2,1777,550,0,0,0,550,A
1-PB2,1778,1,2,547,0,550,G
1-PB2,1779,0,540,0,0,540,T
1-PB2,1780,0,1,549,0,550,G
1-PB2,1781,0,1,547,0,548,G
1-PB2,1782,1,1,541,0,543,G
1-PB2,1783,0,541,0,0,541,T
1-PB2,1784,0,534,0,0,534,T
1-PB2,1785,0,542,0,0,542,T
1-PB2,1786,0,0,541,0,541,G
1-PB2,1787,0,533,0,1,534,T
1-PB2,1788,2,0,0,538,540,C
1-PB2,1789,536,0,0,0,536,A
1-PB2,1790,0,0,531,0,531,G
1-PB2,1791,528,0,0,0,528,A
1-PB2,1792,528,0,0,0,528,A
1-PB2,1793,0,0,0,530,530,C
1-PB2,1794,0,518,0,0,518,T
1-PB2,1795,2,0,0,526,528,C
1-PB2,1796,0,529,0,0,529,T
1-PB2,1797,528,0,0,0,528,A
1-PB2,1798,0,531,0,1,532,T
1-PB2,1799,0,527,0,0,527,T
1-PB2,1800,0,519,0,0,519,T
1-PB2,1801,1,0,0,523,524,C
1-PB2,1802,527,0,1,0,528,A
1-PB2,1803,532,0,0,0,532,A
1-PB2,1804,0,0,0,531,531,C
1-PB2,1805,523,0,0,0,523,A
1-PB2,1806,521,0,0,0,521,A
1-PB2,1807,523,0,0,0,523,A
1-PB2,1808,0,520,0,0,520,T
1-PB2,1809,0,1,528,0,529,G
1-PB2,1810,518,0,0,0,518,A
1-PB2,1811,0,0,529,0,529,G
1-PB2,1812,524,0,0,0,524,A
1-PB2,1813,0,1,530,0,531,G
1-PB2,1814,523,0,1,0,524,A
1-PB2,1815,0,0,0,523,523,C
1-PB2,1816,0,0,537,0,537,G
1-PB2,1817,0,532,0,0,532,T
1-PB2,1818,534,0,0,0,534,A
1-PB2,1819,0,0,0,538,538,C
1-PB2,1820,0,534,0,0,534,T
1-PB2,1821,0,538,0,0,538,T
1-PB2,1822,0,1,534,0,535,G
1-PB2,1823,0,0,535,0,535,G
1-PB2,1824,0,1,532,0,533,G
1-PB2,1825,526,1,0,0,527,A
1-PB2,1826,0,0,0,533,533,C
1-PB2,1827,531,0,0,0,531,A
1-PB2,1828,0,536,0,0,536,T
1-PB2,1829,0,534,0,0,534,T
1-PB2,1830,0,540,0,0,540,T
1-PB2,1831,0,4,533,0,537,G
1-PB2,1832,543,0,1,0,544,A
1-PB2,1833,0,0,0,540,540,C
1-PB2,1834,539,0,0,0,539,A
1-PB2,1835,0,0,0,546,546,C
1-PB2,1836,1,0,0,536,537,C
1-PB2,1837,535,0,0,0,535,A
1-PB2,1838,1,0,0,537,538,C
1-PB2,1839,0,0,0,543,543,C
1-PB2,1840,2,1,0,542,545,C
1-PB2,1841,544,0,0,0,544,A
1-PB2,1842,1,0,555,0,556,G
1-PB2,1843,551,0,3,0,554,A
1-PB2,1844,0,567,0,0,567,T
1-PB2,1845,565,0,0,0,565,A
1-PB2,1846,557,1,1,0,559,A
1-PB2,1847,0,558,0,0,558,T
1-PB2,1848,559,0,1,0,560,A
1-PB2,1849,557,0,0,1,558,A
1-PB2,1850,550,0,0,0,550,A
1-PB2,1851,0,0,551,0,551,G
1-PB2,1852,0,0,0,543,543,C
1-PB2,1853,0,529,0,2,531,T
1-PB2,1854,1,526,0,0,527,T
1-PB2,1855,0,0,0,526,526,C
1-PB2,1856,0,521,1,1,523,T
1-PB2,1857,1,0,0,541,542,C
1-PB2,1858,0,0,0,542,542,C
1-PB2,1859,1,0,0,548,549,C
1-PB2,1860,0,549,0,0,549,T
1-PB2,1861,0,545,0,2,547,T
1-PB2,1862,0,549,0,0,549,T
1-PB2,1863,0,549,0,0,549,T
1-PB2,1864,0,0,550,0,550,G
1-PB2,1865,0,0,0,550,550,C
1-PB2,1866,543,0,0,0,543,A
1-PB2,1867,0,0,544,0,544,G
1-PB2,1868,0,0,0,537,537,C
1-PB2,1869,0,539,0,0,539,T
1-PB2,1870,0,0,537,0,537,G
1-PB2,1871,0,0,1,535,536,C
1-PB2,1872,0,532,0,2,534,T
1-PB2,1873,1,0,0,539,540,C
1-PB2,1874,0,0,1,546,547,C
1-PB2,1875,547,0,1,0,548,A
1-PB2,1876,0,0,0,553,553,C
1-PB2,1877,0,1,0,553,554,C
1-PB2,1878,551,0,0,0,551,A
1-PB2,1879,554,0,0,0,554,A
1-PB2,1880,547,0,0,0,547,A
1-PB2,1881,0,2,553,0,555,G
1-PB2,1882,0,0,0,551,551,C
1-PB2,1883,544,0,0,0,544,A
1-PB2,1884,543,0,2,0,545,A
1-PB2,1885,543,0,1,0,544,A
1-PB2,1886,0,0,546,0,546,G
1-PB2,1887,0,0,0,543,543,C
1-PB2,1888,539,0,0,0,539,A
1-PB2,1889,0,3,544,0,547,G
1-PB2,1890,539,0,0,0,539,A
1-PB2,1891,547,0,0,0,547,A
1-PB2,1892,0,545,0,0,545,T
1-PB2,1893,0,0,544,0,544,G
1-PB2,1894,0,0,0,544,544,C
1-PB2,1895,538,1,0,0,539,A
1-PB2,1896,541,0,0,0,541,A
1-PB2,1897,0,541,0,0,541,T
1-PB2,1898,0,558,0,1,559,T
1-PB2,1899,3,0,0,558,561,C
1-PB2,1900,0,554,0,1,555,T
1-PB2,1901,2,0,0,558,560,C
1-PB2,1902,0,558,0,1,559,T
1-PB2,1903,0,555,0,1,556,T
1-PB2,1904,2,0,0,557,559,C
1-PB2,1905,555,0,0,0,555,A
1-PB2,1906,0,0,0,555,555,C
1-PB2,1907,0,537,0,0,537,T
1-PB2,1908,0,2,544,0,546,G
1-PB2,1909,534,0,0,0,534,A
1-PB2,1910,0,0,0,564,564,C
1-PB2,1911,0,558,0,0,558,T
1-PB2,1912,0,0,565,0,565,G
1-PB2,1913,0,559,0,0,559,T
1-PB2,1914,0,0,560,0,560,G
1-PB2,1915,556,0,0,0,556,A
1-PB2,1916,560,0,0,0,560,A
1-PB2,1917,0,554,0,0,554,T
1-PB2,1918,0,1,555,1,557,G
1-PB2,1919,0,538,0,1,539,T
1-PB2,1920,0,1,549,0,550,G
1-PB2,1921,537,0,1,0,538,A
1-PB2,1922,0,1,542,0,543,G
1-PB2,1923,0,2,530,1,533,G
1-PB2,1924,0,2,532,0,534,G
1-PB2,1925,0,1,552,0,553,G
1-PB2,1926,554,0,1,0,555,A
1-PB2,1927,0,554,0,0,554,T
1-PB2,1928,2,0,0,553,555,C
1-PB2,1929,555,0,0,0,555,A
1-PB2,1930,0,1,559,0,560,G
1-PB2,1931,0,2,560,0,562,G
1-PB2,1932,0,1,561,0,562,G
1-PB2,1933,567,0,0,0,567,A
1-PB2,1934,0,533,0,0,533,T
1-PB2,1935,0,2,534,0,536,G
1-PB2,1936,529,0,0,0,529,A
1-PB2,1937,0,2,551,0,553,G
1-PB2,1938,552,0,0,0,552,A
1-PB2,1939,533,0,0,0,533,A
1-PB2,1940,0,527,0,0,527,T
1-PB2,1941,527,0,0,0,527,A
1-PB2,1942,0,0,0,530,530,C
1-PB2,1943,0,520,0,2,522,T
1-PB2,1944,2,1,0,509,512,C
1-PB2,1945,0,1,523,0,524,G
1-PB2,1946,0,521,0,2,523,T
1-PB2,1947,521,0,0,0,521,A
1-PB2,1948,521,0,0,0,521,A
1-PB2,1949,0,1,515,0,516,G
1-PB2,1950,0,1,516,0,517,G
1-PB2,1951,0,0,510,0,510,G
1-PB2,1952,1,0,515,0,516,G
1-PB2,1953,0,0,0,520,520,C
1-PB2,1954,522,0,0,0,522,A
1-PB2,1955,535,0,0,0,535,A
1-PB2,1956,0,540,0,0,540,T
1-PB2,1957,0,539,0,0,539,T
1-PB2,1958,3,0,0,547,550,C
1-PB2,1959,0,542,0,1,543,T
1-PB2,1960,2,0,0,550,552,C
1-PB2,1961,2,0,0,551,553,C
1-PB2,1962,0,547,0,0,547,T
1-PB2,1963,0,0,564,0,564,G
1-PB2,1964,0,545,0,1,546,T
1-PB2,1965,551,0,0,0,551,A
1-PB2,1966,0,554,0,0,554,T
1-PB2,1967,0,541,0,0,541,T
1-PB2,1968,1,0,0,549,550,C
1-PB2,1969,546,0,0,0,546,A
1-PB2,1970,552,0,0,0,552,A
1-PB2,1971,0,0,0,553,553,C
1-PB2,1972,0,543,0,0,543,T
1-PB2,1973,540,0,2,0,542,A
1-PB2,1974,0,0,0,565,565,C
1-PB2,1975,564,0,0,0,564,A
1-PB2,1976,562,1,0,0,563,A
1-PB2,1977,0,0,1,566,567,C
1-PB2,1978,562,0,0,0,562,A
1-PB2,1979,561,0,0,0,561,A
1-PB2,1980,0,0,559,0,559,G
1-PB2,1981,557,0,0,0,557,A
1-PB2,1982,0,0,0,559,559,C
1-PB2,1983,2,0,0,553,555,C
1-PB2,1984,559,0,0,0,559,A
1-PB2,1985,0,0,0,574,574,C
1-PB2,1986,0,569,0,0,569,T
1-PB2,1987,573,0,0,0,573,A
1-PB2,1988,566,0,0,0,566,A
1-PB2,1989,572,0,0,0,572,A
1-PB2,1990,569,1,2,0,572,A
1-PB2,1991,0,2,576,0,578,G
1-PB2,1992,567,0,0,0,567,A
1-PB2,1993,0,0,0,576,576,C
1-PB2,1994,0,567,0,0,567,T
1-PB2,1995,566,0,0,0,566,A
1-PB2,1996,562,0,0,0,562,A
1-PB2,1997,0,1,0,562,563,C
1-PB2,1998,560,0,0,0,560,A
1-PB2,1999,560,0,0,0,560,A
1-PB2,2000,0,542,0,0,542,T
1-PB2,2001,0,538,0,0,538,T
1-PB2,2002,1,0,0,548,549,C
1-PB2,2003,0,540,0,0,540,T
1-PB2,2004,0,0,0,555,555,C
1-PB2,2005,0,2,550,0,552,G
1-PB2,2006,0,1,549,0,550,G
1-PB2,2007,554,0,0,0,554,A
1-PB2,2008,551,0,0,0,551,A
1-PB2,2009,550,0,0,0,550,A
1-PB2,2010,545,0,5,0,550,A
1-PB2,2011,0,1,553,0,554,G
1-PB2,2012,554,0,0,0,554,A
1-PB2,2013,0,548,0,0,548,T
1-PB2,2014,0,1,555,0,556,G
1-PB2,2015,0,0,0,550,550,C
1-PB2,2016,0,0,0,556,556,C
1-PB2,2017,0,1,557,0,558,G
1-PB2,2018,0,0,551,0,551,G
1-PB2,2019,0,0,0,554,554,C
1-PB2,2020,551,0,1,0,552,A
1-PB2,2021,0,0,0,563,563,C
1-PB2,2022,0,566,0,0,566,T
1-PB2,2023,0,566,0,0,566,T
1-PB2,2024,0,570,0,0,570,T
1-PB2,2025,569,0,0,0,569,A
1-PB2,2026,568,0,0,0,568,A
1-PB2,2027,0,567,0,0,567,T
1-PB2,2028,1,568,0,0,569,T
1-PB2,2029,0,0,571,0,571,G
1-PB2,2030,554,0,0,0,554,A
1-PB2,2031,554,0,0,0,554,A
1-PB2,2032,1,0,548,0,549,G
1-PB2,2033,547,0,2,0,549,A
1-PB2,2034,0,1,0,549,550,C
1-PB2,2035,0,0,0,550,550,C
1-PB2,2036,2,0,0,551,553,C
1-PB2,2037,552,0,0,0,552,A
1-PB2,2038,0,0,558,0,558,G
1-PB2,2039,557,0,0,1,558,A
1-PB2,2040,1,560,0,0,561,T
1-PB2,2041,0,1,556,0,557,G
1-PB2,2042,546,0,0,0,546,A
1-PB2,2043,550,0,0,0,550,A
1-PB2,2044,545,0,2,0,547,A
1-PB2,2045,0,0,548,0,548,G
1-PB2,2046,0,0,0,542,542,C
1-PB2,2047,531,0,0,0,531,A
1-PB2,2048,1,1,0,533,535,C
1-PB2,2049,536,0,2,0,538,A
1-PB2,2050,0,525,0,0,525,T
1-PB2,2051,1,0,0,542,543,C
1-PB2,2052,2,0,0,539,541,C
1-PB2,2053,1,1,540,0,542,G
1-PB2,2054,0,2,541,0,543,G
1-PB2,2055,532,0,0,0,532,A
1-PB2,2056,0,0,540,0,540,G
1-PB2,2057,0,529,0,0,529,T
1-PB2,2058,0,0,532,0,532,G
1-PB2,2059,1,0,525,0,526,G
1-PB2,2060,516,0,2,0,518,A
1-PB2,2061,0,0,518,0,518,G
1-PB2,2062,0,504,0,0,504,T
1-PB2,2063,0,0,0,506,506,C
1-PB2,2064,1,0,0,502,503,C
1-PB2,2065,0,1,505,0,506,G
1-PB2,2066,3,0,0,500,503,C
1-PB2,2067,0,0,0,505,505,C
1-PB2,2068,0,0,505,0,505,G
1-PB2,2069,0,502,0,0,502,T
1-PB2,2070,0,501,0,0,501,T
1-PB2,2071,0,508,0,0,508,T
1-PB2,2072,0,509,0,0,509,T
1-PB2,2073,0,0,510,0,510,G
1-PB2,2074,506,0,2,0,508,A
1-PB2,2075,0,1,507,0,508,G
1-PB2,2076,506,0,3,0,509,A
1-PB2,2077,0,1,502,0,503,G
1-PB2,2078,0,1,503,0,504,G
1-PB2,2079,0,0,509,0,509,G
1-PB2,2080,0,504,0,1,505,T
1-PB2,2081,0,511,0,0,511,T
1-PB2,2082,1,508,0,0,509,T
1-PB2,2083,1,0,0,511,512,C
1-PB2,2084,0,509,0,2,511,T
1-PB2,2085,0,0,0,523,523,C
1-PB2,2086,521,0,0,0,521,A
1-PB2,2087,0,521,0,0,521,T
1-PB2,2088,0,517,0,0,517,T
1-PB2,2089,516,0,0,0,516,A
1-PB2,2090,0,513,0,0,513,T
1-PB2,2091,503,0,0,0,503,A
1-PB2,2092,0,1,503,0,504,G
1-PB2,2093,0,1,502,0,503,G
1-PB2,2094,0,478,0,0,478,T
1-PB2,2095,484,0,0,0,484,A
1-PB2,2096,475,0,0,0,475,A
1-PB2,2097,0,1,476,0,477,G
1-PB2,2098,0,0,478,0,478,G
1-PB2,2099,478,0,0,0,478,A
1-PB2,2100,470,0,1,0,471,A
1-PB2,2101,0,0,474,0,474,G
1-PB2,2102,469,0,0,0,469,A
1-PB2,2103,0,0,0,474,474,C
1-PB2,2104,468,0,1,0,469,A
1-PB2,2105,0,0,469,0,469,G
1-PB2,2106,471,0,0,0,471,A
1-PB2,2107,462,0,0,0,462,A
1-PB2,2108,0,0,466,0,466,G
1-PB2,2109,461,0,1,0,462,A
1-PB2,2110,0,462,0,0,462,T
1-PB2,2111,458,0,0,0,458,A
1-PB2,2112,0,0,0,456,456,C
1-PB2,2113,0,2,455,0,457,G
1-PB2,2114,0,1,454,0,455,G
1-PB2,2115,450,0,0,0,450,A
1-PB2,2116,1,0,0,444,445,C
1-PB2,2117,1,0,0,445,446,C
1-PB2,2118,441,0,0,0,441,A
1-PB2,2119,0,0,443,0,443,G
1-PB2,2120,0,0,0,440,440,C
1-PB2,2121,446,0,0,0,446,A
1-PB2,2122,0,442,0,1,443,T
1-PB2,2123,0,432,0,0,432,T
1-PB2,2124,432,0,0,0,432,A
1-PB2,2125,433,0,0,0,433,A
1-PB2,2126,0,0,432,0,432,G
1-PB2,2127,0,1,0,428,429,C
1-PB2,2128,405,0,1,0,406,A
1-PB2,2129,0,413,0,0,413,T
1-PB2,2130,3,0,0,409,412,C
1-PB2,2131,416,0,0,0,416,A
1-PB2,2132,416,0,0,0,416,A
1-PB2,2133,0,412,0,0,412,T
1-PB2,2134,0,1,414,0,415,G
1-PB2,2135,404,0,0,0,404,A
1-PB2,2136,402,0,0,0,402,A
1-PB2,2137,0,0,0,409,409,C
1-PB2,2138,0,387,0,0,387,T
1-PB2,2139,0,0,390,0,390,G
1-PB2,2140,391,0,0,0,391,A
1-PB2,2141,0,0,393,0,393,G
1-PB2,2142,1,389,0,0,390,T
1-PB2,2143,387,0,0,0,387,A
1-PB2,2144,381,0,0,0,381,A
1-PB2,2145,0,0,0,384,384,C
1-PB2,2146,2,0,0,373,375,C
1-PB2,2147,0,366,0,0,366,T
1-PB2,2148,0,355,0,1,356,T
1-PB2,2149,0,0,357,0,357,G
1-PB2,2150,0,0,0,357,357,C
1-PB2,2151,357,0,0,0,357,A
1-PB2,2152,357,0,0,0,357,A
1-PB2,2153,352,0,0,0,352,A
1-PB2,2154,344,0,0,0,344,A
1-PB2,2155,0,1,342,0,343,G
1-PB2,2156,0,1,343,0,344,G
1-PB2,2157,0,1,342,0,343,G
1-PB2,2158,0,1,345,0,346,G
1-PB2,2159,344,0,0,0,344,A
1-PB2,2160,346,0,0,0,346,A
1-PB2,2161,343,0,0,0,343,A
1-PB2,2162,342,0,2,0,344,A
1-PB2,2163,0,0,347,0,347,G
1-PB2,2164,1,0,344,0,345,G
1-PB2,2165,0,0,0,336,336,C
1-PB2,2166,0,338,0,0,338,T
1-PB2,2167,341,0,0,0,341,A
1-PB2,2168,341,0,0,0,341,A
1-PB2,2169,0,340,0,0,340,T
1-PB2,2170,0,0,341,0,341,G
1-PB2,2171,0,323,0,0,323,T
1-PB2,2172,1,0,323,0,324,G
1-PB2,2173,0,0,0,322,322,C
1-PB2,2174,0,319,0,0,319,T
1-PB2,2175,323,0,0,0,323,A
1-PB2,2176,317,0,0,0,317,A
1-PB2,2177,0,314,0,0,314,T
1-PB2,2178,0,2,0,315,317,C
1-PB2,2179,0,0,314,0,314,G
1-PB2,2180,0,0,311,0,311,G
1-PB2,2181,0,0,314,0,314,G
1-PB2,2182,1,0,0,316,317,C
1-PB2,2183,317,0,0,0,317,A
1-PB2,2184,316,0,0,0,316,A
1-PB2,2185,0,0,315,0,315,G
1-PB2,2186,0,0,319,0,319,G
1-PB2,2187,312,0,0,0,312,A
1-PB2,2188,1,1,312,0,314,G
1-PB2,2189,307,0,0,0,307,A
1-PB2,2190,0,0,0,307,307,C
1-PB2,2191,0,0,310,0,310,G
1-PB2,2192,0,306,0,0,306,T
1-PB2,2193,0,0,301,0,301,G
1-PB2,2194,1,0,300,0,301,G
1-PB2,2195,0,291,0,0,291,T
1-PB2,2196,1,0,292,0,293,G
1-PB2,2197,0,289,0,0,289,T
1-PB2,2198,0,290,0,0,290,T
1-PB2,2199,0,1,287,0,288,G
1-PB2,2200,1,0,282,0,283,G
1-PB2,2201,0,282,0,0,282,T
1-PB2,2202,284,0,0,0,284,A
1-PB2,2203,268,0,0,0,268,A
1-PB2,2204,0,259,0,0,259,T
1-PB2,2205,0,0,258,0,258,G
1-PB2,2206,257,0,0,0,257,A
1-PB2,2207,256,0,0,0,256,A
1-PB2,2208,256,0,0,0,256,A
1-PB2,2209,0,0,0,253,253,C
1-PB2,2210,0,1,252,0,253,G
1-PB2,2211,252,0,0,0,252,A
1-PB2,2212,251,0,0,0,251,A
1-PB2,2213,249,0,0,0,249,A
1-PB2,2214,248,0,0,0,248,A
1-PB2,2215,0,0,0,251,251,C
1-PB2,2216,0,1,248,0,249,G
1-PB2,2217,1,0,244,0,245,G
1-PB2,2218,0,2,246,0,248,G
1-PB2,2219,247,0,0,0,247,A
1-PB2,2220,0,0,0,246,246,C
1-PB2,2221,1,244,0,0,245,T
1-PB2,2222,0,0,0,248,248,C
1-PB2,2223,0,248,0,1,249,T
1-PB2,2224,249,0,0,0,249,A
1-PB2,2225,0,0,247,0,247,G
1-PB2,2226,0,0,0,240,240,C
1-PB2,2227,242,0,0,0,242,A
1-PB2,2228,0,236,0,0,236,T
1-PB2,2229,224,0,0,0,224,A
1-PB2,2230,0,0,0,226,226,C
1-PB2,2231,0,193,0,0,193,T
1-PB2,2232,0,194,0,0,194,T
1-PB2,2233,185,0,0,0,185,A
1-PB2,2234,0,0,0,186,186,C
1-PB2,2235,0,185,0,0,185,T
1-PB2,2236,0,0,184,0,184,G
1-PB2,2237,185,0,0,0,185,A
1-PB2,2238,0,0,0,183,183,C
1-PB2,2239,172,0,0,0,172,A
1-PB2,2240,0,0,173,0,173,G
1-PB2,2241,0,0,0,168,168,C
1-PB2,2242,0,0,0,174,174,C
1-PB2,2243,170,0,0,0,170,A
1-PB2,2244,0,0,167,0,167,G
1-PB2,2245,170,0,0,0,170,A
1-PB2,2246,0,0,0,170,170,C
1-PB2,2247,160,0,0,0,160,A
1-PB2,2248,0,0,161,0,161,G
1-PB2,2249,0,1,0,142,143,C
1-PB2,2250,0,0,144,0,144,G
1-PB2,2251,144,0,0,0,144,A
1-PB2,2252,0,0,0,142,142,C
1-PB2,2253,1,0,0,143,144,C
1-PB2,2254,147,0,0,0,147,A
1-PB2,2255,144,0,0,0,144,A
1-PB2,2256,147,0,0,0,147,A
1-PB2,2257,147,0,0,0,147,A
1-PB2,2258,0,0,143,0,143,G
1-PB2,2259,137,0,0,0,137,A
1-PB2,2260,139,0,0,0,139,A
1-PB2,2261,0,135,0,0,135,T
1-PB2,2262,0,135,0,0,135,T
1-PB2,2263,0,1,0,136,137,C
1-PB2,2264,0,0,131,0,131,G
1-PB2,2265,0,0,132,0,132,G
1-PB2,2266,132,0,0,0,132,A
1-PB2,2267,0,130,0,0,130,T
1-PB2,2268,0,0,124,0,124,G
1-PB2,2269,0,0,126,0,126,G
1-PB2,2270,0,0,0,118,118,C
1-PB2,2271,0,0,0,125,125,C
1-PB2,2272,125,0,0,0,125,A
1-PB2,2273,0,124,0,0,124,T
1-PB2,2274,0,0,0,123,123,C
1-PB2,2275,123,0,0,0,123,A
1-PB2,2276,125,0,0,0,125,A
1-PB2,2277,0,120,0,0,120,T
1-PB2,2278,0,101,0,0,101,T
1-PB2,2279,94,0,0,0,94,A
1-PB2,2280,94,0,0,0,94,A
2-PB1,1,46,0,0,0,46,A
2-PB1,2,0,44,0,0,44,T
2-PB1,3,0,0,48,0,48,G
2-PB1,4,0,1,49,0,50,G
2-PB1,5,52,0,0,0,52,A
2-PB1,6,0,56,0,0,56,T
2-PB1,7,0,0,57,0,57,G
2-PB1,8,0,57,0,0,57,T
2-PB1,9,0,0,0,62,62,C
2-PB1,10,63,0,0,0,63,A
2-PB1,11,67,0,0,0,67,A
2-PB1,12,0,66,0,0,66,T
2-PB1,13,0,0,0,67,67,C
2-PB1,14,0,0,0,73,73,C
2-PB1,15,0,0,72,0,72,G
2-PB1,16,79,0,0,0,79,A
2-PB1,17,0,0,0,84,84,C
2-PB1,18,0,83,0,0,83,T
2-PB1,19,0,0,0,96,96,C
2-PB1,20,0,96,0,0,96,T
2-PB1,21,97,0,0,0,97,A
2-PB1,22,0,0,0,98,98,C
2-PB1,23,0,97,0,0,97,T
2-PB1,24,0,0,111,0,111,G
2-PB1,25,0,112,0,0,112,T
2-PB1,26,0,113,0,0,113,T
2-PB1,27,0,0,0,111,111,C
2-PB1,28,0,1,0,112,113,C
2-PB1,29,0,129,0,0,129,T
2-PB1,30,132,0,0,0,132,A
2-PB1,31,132,0,0,0,132,A
2-PB1,32,132,0,0,0,132,A
2-PB1,33,0,0,132,0,132,G
2-PB1,34,0,0,132,0,132,G
2-PB1,35,0,129,0,0,129,T
2-PB1,36,0,132,0,0,132,T
2-PB1,37,0,0,0,131,131,C
2-PB1,38,0,0,0,131,131,C
2-PB1,39,132,0,1,0,133,A
2-PB1,40,0,0,134,0,134,G
2-PB1,41,0,0,0,133,133,C
2-PB1,42,0,0,135,0,135,G
2-PB1,43,0,0,0,136,136,C
2-PB1,44,136,0,0,0,136,A
2-PB1,45,139,0,0,0,139,A
2-PB1,46,139,0,0,0,139,A
2-PB1,47,138,0,0,0,138,A
2-PB1,48,0,140,0,0,140,T
2-PB1,49,0,0,142,0,142,G
2-PB1,50,0,0,0,145,145,C
2-PB1,51,0,0,0,145,145,C
2-PB1,52,145,0,0,0,145,A
2-PB1,53,0,146,0,0,146,T
2-PB1,54,156,0,0,0,156,A
2-PB1,55,153,0,0,0,153,A
2-PB1,56,0,0,164,0,164,G
2-PB1,57,1,0,0,163,164,C
2-PB1,58,163,0,0,0,163,A
2-PB1,59,0,0,0,176,176,C
2-PB1,60,175,0,0,0,175,A
2-PB1,61,184,0,0,0,184,A
2-PB1,62,0,0,0,183,183,C
2-PB1,63,183,0,0,0,183,A
2-PB1,64,0,187,0,0,187,T
2-PB1,65,0,189,0,0,189,T
2-PB1,66,0,0,0,238,238,C
2-PB1,67,0,0,0,240,240,C
2-PB1,68,1,0,0,242,243,C
2-PB1,69,0,246,0,0,246,T
2-PB1,70,0,247,0,0,247,T
2-PB1,71,270,0,0,0,270,A
2-PB1,72,0,273,0,0,273,T
2-PB1,73,275,0,0,0,275,A
2-PB1,74,0,0,0,278,278,C
2-PB1,75,0,269,0,0,269,T
2-PB1,76,0,0,271,0,271,G
2-PB1,77,0,0,268,0,268,G
2-PB1,78,269,0,0,0,269,A
2-PB1,79,0,1,267,0,268,G
2-PB1,80,269,0,0,0,269,A
2-PB1,81,0,272,0,0,272,T
2-PB1,82,3,0,0,302,305,C
2-PB1,83,0,0,0,308,308,C
2-PB1,84,0,308,0,0,308,T
2-PB1,85,1,0,0,334,335,C
2-PB1,86,2,0,0,336,338,C
2-PB1,87,340,0,0,0,340,A
2-PB1,88,0,342,0,0,342,T
2-PB1,89,341,0,0,0,341,A
2-PB1,90,0,1,0,341,342,C
2-PB1,91,342,0,0,0,342,A
2-PB1,92,0,0,354,0,354,G
2-PB1,93,0,0,0,360,360,C
2-PB1,94,1,0,0,359,360,C
2-PB1,95,359,0,0,0,359,A
2-PB1,96,0,360,0,0,360,T
2-PB1,97,0,4,354,0,358,G
2-PB1,98,0,1,380,0,381,G
2-PB1,99,387,0,0,0,387,A
2-PB1,100,387,0,0,0,387,A
2-PB1,101,1,0,0,387,388,C
2-PB1,102,384,0,0,0,384,A
2-PB1,103,0,3,387,0,390,G
2-PB1,104,0,3,391,0,394,G
2-PB1,105,396,1,1,0,398,A
2-PB1,106,403,0,0,0,403,A
2-PB1,107,0,0,0,413,413,C
2-PB1,108,409,0,0,0,409,A
2-PB1,109,0,0,449,0,449,G
2-PB1,110,0,2,442,0,444,G
2-PB1,111,1,0,443,0,444,G
2-PB1,112,0,442,0,0,442,T
2-PB1,113,451,0,0,0,451,A
2-PB1,114,0,0,0,452,452,C
2-PB1,115,474,0,1,0,475,A
2-PB1,116,0,0,0,491,491,C
2-PB1,117,1,0,0,488,489,C
2-PB1,118,478,0,0,0,478,A
2-PB1,119,0,474,0,0,474,T
2-PB1,120,0,2,476,0,478,G
2-PB1,121,0,3,475,0,478,G
2-PB1,122,478,0,0,0,478,A
2-PB1,123,0,1,0,482,483,C
2-PB1,124,472,0,1,0,473,A
2-PB1,125,2,0,0,490,492,C
2-PB1,126,490,0,0,0,490,A
2-PB1,127,0,0,510,0,510,G
2-PB1,128,0,511,0,0,511,T
2-PB1,129,3,0,0,515,518,C
2-PB1,130,516,0,0,0,516,A
2-PB1,131,518,0,0,0,518,A
2-PB1,132,0,0,0,518,518,C
2-PB1,133,519,0,0,0,519,A
2-PB1,134,0,0,524,0,524,G
2-PB1,135,514,0,2,0,516,A
2-PB1,136,519,0,0,0,519,A
2-PB1,137,0,0,0,520,520,C
2-PB1,138,508,0,0,0,508,A
2-PB1,139,0,0,0,520,520,C
2-PB1,140,513,0,1,0,514,A
2-PB1,141,0,0,0,529,529,C
2-PB1,142,0,0,0,537,537,C
2-PB1,143,534,0,0,0,534,A
2-PB1,144,535,0,0,0,535,A
2-PB1,145,0,535,0,0,535,T
2-PB1,146,546,0,0,0,546,A
2-PB1,147,0,545,0,0,545,T
2-PB1,148,0,543,0,0,543,T
2-PB1,149,0,0,0,544,544,C
2-PB1,150,538,0,0,1,539,A
2-PB1,151,0,1,542,0,543,G
2-PB1,152,538,0,0,0,538,A
2-PB1,153,0,1,547,0,548,G
2-PB1,154,542,0,0,0,542,A
2-PB1,155,535,0,1,0,536,A
2-PB1,156,2,1,535,0,538,G
2-PB1,157,0,2,537,0,539,G
2-PB1,158,0,1,541,0,542,G
2-PB1,159,0,0,548,0,548,G
2-PB1,160,544,0,0,0,544,A
2-PB1,161,543,0,0,0,543,A
2-PB1,162,0,0,549,0,549,G
2-PB1,163,0,545,0,2,547,T
2-PB1,164,0,1,545,0,546,G
2-PB1,165,0,0,547,0,547,G
2-PB1,166,546,0,1,0,547,A
2-PB1,167,0,0,0,555,555,C
2-PB1,168,1,2,548,0,551,G
2-PB1,169,561,0,0,0,561,A
2-PB1,170,0,1,0,564,565,C
2-PB1,171,569,0,0,0,569,A
2-PB1,172,568,0,0,0,568,A
2-PB1,173,568,0,0,0,568,A
2-PB1,174,0,579,0,0,579,T
2-PB1,175,583,0,0,0,583,A
2-PB1,176,1,0,0,581,582,C
2-PB1,177,575,0,0,0,575,A
2-PB1,178,0,1,576,0,577,G
2-PB1,179,574,0,0,0,574,A
2-PB1,180,580,1,0,0,581,A
2-PB1,181,584,0,0,0,584,A
2-PB1,182,0,0,0,588,588,C
2-PB1,183,0,580,0,0,580,T
2-PB1,184,0,0,579,0,579,G
2-PB1,185,1,0,569,0,570,G
2-PB1,186,0,4,563,0,567,G
2-PB1,187,0,1,564,0,565,G
2-PB1,188,0,0,0,577,577,C
2-PB1,189,577,0,0,0,577,A
2-PB1,190,0,0,0,590,590,C
2-PB1,191,1,0,0,587,588,C
2-PB1,192,0,0,0,589,589,C
2-PB1,193,2,0,0,594,596,C
2-PB1,194,596,0,0,0,596,A
2-PB1,195,600,0,0,0,600,A
2-PB1,196,0,0,0,600,600,C
2-PB1,197,0,596,0,1,597,T
2-PB1,198,3,0,0,599,602,C
2-PB1,199,583,0,0,0,583,A
2-PB1,200,590,0,0,0,590,A
2-PB1,201,1,0,0,591,592,C
2-PB1,202,1,0,0,586,587,C
2-PB1,203,0,0,0,583,583,C
2-PB1,204,582,0,0,0,582,A
2-PB1,205,580,0,0,0,580,A
2-PB1,206,0,579,0,0,579,T
2-PB1,207,0,576,0,0,576,T
2-PB1,208,0,4,577,0,581,G
2-PB1,209,579,0,0,0,579,A
2-PB1,210,0,572,0,0,572,T
2-PB1,211,0,1,572,0,573,G
2-PB1,212,0,2,564,0,566,G
2-PB1,213,577,0,0,0,577,A
2-PB1,214,0,0,0,582,582,C
2-PB1,215,1,0,0,567,568,C
2-PB1,216,575,0,0,0,575,A
2-PB1,217,0,0,0,586,586,C
2-PB1,218,0,583,0,0,583,T
2-PB1,219,592,0,1,0,593,A
2-PB1,220,1,0,0,596,597,C
2-PB1,221,0,0,0,595,595,C
2-PB1,222,0,589,0,0,589,T
2-PB1,223,0,0,593,0,593,G
2-PB1,224,586,0,1,0,587,A
2-PB1,225,0,5,584,0,589,G
2-PB1,226,0,3,585,0,588,G
2-PB1,227,583,0,0,0,583,A
2-PB1,228,0,0,0,569,569,C
2-PB1,229,583,0,0,0,583,A
2-PB1,230,581,0,0,0,581,A
2-PB1,231,0,582,0,0,582,T
2-PB1,232,0,3,582,0,585,G
2-PB1,233,582,0,1,0,583,A
2-PB1,234,582,0,0,0,582,A
2-PB1,235,1,0,0,583,584,C
2-PB1,236,1,0,0,580,581,C
2-PB1,237,574,0,1,0,575,A
2-PB1,238,575,0,0,0,575,A
2-PB1,239,1,0,581,0,582,G
2-PB1,240,0,567,0,0,567,T
2-PB1,241,0,2,571,0,573,G
2-PB1,242,0,1,581,0,582,G
2-PB1,243,586,0,3,0,589,A
2-PB1,244,0,585,0,1,586,T
2-PB1,245,589,0,0,0,589,A
2-PB1,246,0,596,0,0,596,T
2-PB1,247,0,0,598,0,598,G
2-PB1,248,0,0,0,596,596,C
2-PB1,249,593,0,0,0,593,A
2-PB1,250,0,0,0,605,605,C
2-PB1,251,593,0,0,0,593,A
2-PB1,252,600,0,0,0,600,A
2-PB1,253,597,0,0,0,597,A
2-PB1,254,0,0,0,603,603,C
2-PB1,255,588,0,0,0,588,A
2-PB1,256,0,2,589,0,591,G
2-PB1,257,588,0,1,0,589,A
2-PB1,258,0,0,0,592,592,C
2-PB1,259,0,581,0,0,581,T
2-PB1,260,0,1,587,0,588,G
2-PB1,261,0,576,0,1,577,T
2-PB1,262,0,0,603,0,603,G
2-PB1,263,0,599,0,0,599,T
2-PB1,264,4,0,0,601,605,C
2-PB1,265,0,0,0,604,604,C
2-PB1,266,0,604,0,1,605,T
2-PB1,267,0,0,600,0,600,G
2-PB1,268,0,0,597,0,597,G
2-PB1,269,583,0,1,0,584,A
2-PB1,270,0,1,599,0,600,G
2-PB1,271,0,0,581,0,581,G
2-PB1,272,1,0,0,582,583,C
2-PB1,273,0,583,0,1,584,T
2-PB1,274,586,0,0,0,586,A
2-PB1,275,0,585,0,0,585,T
2-PB1,276,1,0,583,0,584,G
2-PB1,277,0,0,575,0,575,G
2-PB1,278,0,1,0,574,575,C
2-PB1,279,2,0,0,569,571,C
2-PB1,280,0,566,0,1,567,T
2-PB1,281,0,605,0,0,605,T
2-PB1,282,0,0,0,601,601,C
2-PB1,283,2,0,0,602,604,C
2-PB1,284,0,598,0,0,598,T
2-PB1,285,0,600,0,0,600,T
2-PB1,286,0,0,604,0,604,G
2-PB1,287,596,0,0,0,596,A
2-PB1,288,602,0,0,0,602,A
2-PB1,289,1,2,599,0,602,G
2-PB1,290,587,0,0,0,587,A
2-PB1,291,590,0,0,0,590,A
2-PB1,292,0,583,1,0,584,T
2-PB1,293,1,0,0,590,591,C
2-PB1,294,1,0,0,583,584,C
2-PB1,295,1,0,0,587,588,C
2-PB1,296,581,0,0,0,581,A
2-PB1,297,2,0,0,585,587,C
2-PB1,298,0,0,0,594,594,C
2-PB1,299,2,1,0,588,591,C
2-PB1,300,589,0,1,0,590,A
2-PB1,301,0,0,595,0,595,G
2-PB1,302,0,0,592,0,592,G
2-PB1,303,0,583,0,3,586,T
2-PB1,304,596,1,0,0,597,A
2-PB1,305,0,593,0,0,593,T
2-PB1,306,0,0,0,596,596,C
2-PB1,307,0,589,0,0,589,T
2-PB1,308,0,584,0,0,584,T
2-PB1,309,0,590,0,0,590,T
2-PB1,310,0,3,589,0,592,G
2-PB1,311,580,1,1,0,582,A
2-PB1,312,0,1,584,0,585,G
2-PB1,313,586,0,0,0,586,A
2-PB1,314,583,0,1,0,584,A
2-PB1,315,0,0,0,585,585,C
2-PB1,316,0,572,0,1,573,T
2-PB1,317,1,0,0,576,577,C
2-PB1,318,579,0,1,0,580,A
2-PB1,319,0,579,0,0,579,T
2-PB1,320,0,0,579,0,579,G
2-PB1,321,0,0,0,587,587,C
2-PB1,322,2,0,0,584,586,C
2-PB1,323,0,582,0,0,582,T
2-PB1,324,0,576,0,1,577,T
2-PB1,325,0,2,580,1,583,G
2-PB1,326,585,0,0,0,585,A
2-PB1,327,584,0,0,0,584,A
2-PB1,328,583,0,0,0,583,A
2-PB1,329,0,0,0,587,587,C
2-PB1,330,574,0,0,0,574,A
2-PB1,331,575,0,0,0,575,A
2-PB1,332,0,574,0,0,574,T
2-PB1,333,0,3,572,0,575,G
2-PB1,334,0,1,573,0,574,G
2-PB1,335,560,0,1,0,561,A
2-PB1,336,556,0,1,0,557,A
2-PB1,337,1,1,557,0,559,G
2-PB1,338,0,1,0,561,562,C
2-PB1,339,1,0,0,560,561,C
2-PB1,340,0,0,562,0,562,G
2-PB1,341,0,555,0,0,555,T
2-PB1,342,0,551,0,1,552,T
2-PB1,343,0,0,0,567,567,C
2-PB1,344,565,0,0,0,565,A
2-PB1,345,574,0,0,0,574,A
2-PB1,346,0,0,0,576,576,C
2-PB1,347,578,0,1,0,579,A
2-PB1,348,0,0,580,0,580,G
2-PB1,349,573,1,2,0,576,A
2-PB1,350,0,0,0,577,577,C
2-PB1,351,577,0,0,0,577,A
2-PB1,352,579,0,0,0,579,A
2-PB1,353,0,0,585,0,585,G
2-PB1,354,0,2,574,0,576,G
2-PB1,355,0,0,575,0,575,G
2-PB1,356,0,550,0,0,550,T
2-PB1,357,1,0,562,0,563,G
2-PB1,358,0,0,565,0,565,G
2-PB1,359,572,0,0,0,572,A
2-PB1,360,0,0,0,575,575,C
2-PB1,361,566,0,0,0,566,A
2-PB1,362,571,0,0,0,571,A
2-PB1,363,569,0,1,0,570,A
2-PB1,364,0,0,0,565,565,C
2-PB1,365,0,567,0,0,567,T
2-PB1,366,570,0,0,0,570,A
2-PB1,367,566,0,0,0,566,A
2-PB1,368,0,0,0,573,573,C
2-PB1,369,1,0,0,569,570,C
2-PB1,370,2,0,0,571,573,C
2-PB1,371,558,0,0,0,558,A
2-PB1,372,555,0,0,0,555,A
2-PB1,373,0,1,556,0,557,G
2-PB1,374,0,0,556,0,556,G
2-PB1,375,0,546,0,2,548,T
2-PB1,376,1,0,0,555,556,C
2-PB1,377,0,1,548,0,549,G
2-PB1,378,0,0,0,549,549,C
2-PB1,379,1,0,0,555,556,C
2-PB1,380,558,0,0,0,558,A
2-PB1,381,0,1,565,0,566,G
2-PB1,382,572,0,0,0,572,A
2-PB1,383,0,0,0,574,574,C
2-PB1,384,0,570,0,0,570,T
2-PB1,385,0,573,0,1,574,T
2-PB1,386,572,0,0,1,573,A
2-PB1,387,0,580,0,0,580,T
2-PB1,388,0,1,579,0,580,G
2-PB1,389,575,0,0,0,575,A
2-PB1,390,0,558,0,0,558,T
2-PB1,391,0,542,0,0,542,T
2-PB1,392,0,3,539,0,542,G
2-PB1,393,0,0,538,0,538,G
2-PB1,394,539,0,3,0,542,A
2-PB1,395,0,0,0,546,546,C
2-PB1,396,544,0,0,0,544,A
2-PB1,397,0,536,0,0,536,T
2-PB1,398,0,542,0,0,542,T
2-PB1,399,547,0,0,0,547,A
2-PB1,400,549,0,0,0,549,A
2-PB1,401,547,0,0,0,547,A
2-PB1,402,0,0,0,548,548,C
2-PB1,403,537,1,0,0,538,A
2-PB1,404,0,0,539,0,539,G
2-PB1,405,538,0,0,0,538,A
2-PB1,406,541,0,0,0,541,A
2-PB1,407,542,0,0,0,542,A
2-PB1,408,0,526,0,0,526,T
2-PB1,409,0,0,0,538,538,C
2-PB1,410,534,0,0,0,534,A
2-PB1,411,538,0,0,0,538,A
2-PB1,412,0,0,0,536,536,C
2-PB1,413,2,0,0,529,531,C
2-PB1,414,0,0,532,0,532,G
2-PB1,415,0,0,531,0,531,G
2-PB1,416,0,0,0,527,527,C
2-PB1,417,0,1,528,0,529,G
2-PB1,418,0,0,529,0,529,G
2-PB1,419,0,0,0,535,535,C
2-PB1,420,534,0,0,0,534,A
2-PB1,421,534,0,0,0,534,A
2-PB1,422,0,0,0,537,537,C
2-PB1,423,0,530,0,1,531,T
2-PB1,424,0,0,545,0,545,G
2-PB1,425,0,0,0,545,545,C
2-PB1,426,545,1,1,0,547,A
2-PB1,427,0,544,0,0,544,T
2-PB1,428,0,546,0,0,546,T
2-PB1,429,579,1,0,0,580,A
2-PB1,430,0,0,580,0,580,G
2-PB1,431,0,0,0,572,572,C
2-PB1,432,1,0,0,572,573,C
2-PB1,433,561,0,0,0,561,A
2-PB1,434,562,0,0,0,562,A
2-PB1,435,0,0,0,566,566,C
2-PB1,436,566,0,0,0,566,A
2-PB1,437,0,0,0,584,584,C
2-PB1,438,0,0,0,539,539,C
2-PB1,439,540,0,1,0,541,A
2-PB1,440,0,537,0,0,537,T
2-PB1,441,540,0,0,0,540,A
2-PB1,442,0,2,537,0,539,G
2-PB1,443,533,0,0,0,533,A
2-PB1,444,530,0,0,0,530,A
2-PB1,445,0,0,531,0,531,G
2-PB1,446,0,509,0,0,509,T
2-PB1,447,0,503,0,1,504,T
2-PB1,448,0,508,0,1,509,T
2-PB1,449,0,509,0,0,509,T
2-PB1,450,0,508,0,0,508,T
2-PB1,451,508,0,0,0,508,A
2-PB1,452,0,1,508,0,509,G
2-PB1,453,501,0,0,0,501,A
2-PB1,454,0,503,0,0,503,T
2-PB1,455,1,0,0,499,500,C
2-PB1,456,0,0,506,0,506,G
2-PB1,457,504,0,0,0,504,A
2-PB1,458,504,0,0,0,504,A
2-PB1,459,0,497,0,0,497,T
2-PB1,460,0,1,502,0,503,G
2-PB1,461,0,2,522,0,524,G
2-PB1,462,524,0,0,0,524,A
2-PB1,463,0,521,0,2,523,T
2-PB1,464,0,525,0,0,525,T
2-PB1,465,521,0,0,0,521,A
2-PB1,466,519,0,0,0,519,A
2-PB1,467,0,0,0,523,523,C
2-PB1,468,522,0,0,0,522,A
2-PB1,469,0,0,521,0,521,G
2-PB1,470,0,0,0,509,509,C
2-PB1,471,0,513,0,0,513,T
2-PB1,472,509,0,0,0,509,A
2-PB1,473,511,0,0,0,511,A
2-PB1,474,0,511,0,0,511,T
2-PB1,475,0,0,515,0,515,G
2-PB1,476,513,0,0,0,513,A
2-PB1,477,509,0,1,0,510,A
2-PB1,478,0,507,0,0,507,T
2-PB1,479,3,0,0,507,510,C
2-PB1,480,509,0,0,0,509,A
2-PB1,481,0,0,503,0,503,G
2-PB1,482,0,0,499,0,499,G
2-PB1,483,502,0,0,0,502,A
2-PB1,484,497,1,1,0,499,A
2-PB1,485,0,1,523,0,524,G
2-PB1,486,0,0,521,0,521,G
2-PB1,487,0,0,0,529,529,C
2-PB1,488,0,531,0,0,531,T
2-PB1,489,528,0,1,0,529,A
2-PB1,490,525,0,0,0,525,A
2-PB1,491,0,530,0,0,530,T
2-PB1,492,529,0,0,0,529,A
2-PB1,493,0,0,527,0,527,G
2-PB1,494,508,0,0,0,508,A
2-PB1,495,0,499,0,0,499,T
2-PB1,496,0,497,0,1,498,T
2-PB1,497,0,492,0,0,492,T
2-PB1,498,1,0,0,506,507,C
2-PB1,499,0,0,0,509,509,C
2-PB1,500,0,502,0,0,502,T
2-PB1,501,0,0,0,509,509,C
2-PB1,502,509,0,0,0,509,A
2-PB1,503,511,0,0,0,511,A
2-PB1,504,0,0,509,0,509,G
2-PB1,505,0,1,512,0,513,G
2-PB1,506,512,0,0,0,512,A
2-PB1,507,0,496,0,0,496,T
2-PB1,508,0,0,500,0,500,G
2-PB1,509,0,495,0,1,496,T
2-PB1,510,0,2,499,0,501,G
2-PB1,511,501,0,0,0,501,A
2-PB1,512,0,496,0,0,496,T
2-PB1,513,0,0,493,0,493,G
2-PB1,514,0,3,476,0,479,G
2-PB1,515,483,0,0,0,483,A
2-PB1,516,483,0,0,0,483,A
2-PB1,517,0,471,0,0,471,T
2-PB1,518,1,0,0,470,471,C
2-PB1,519,467,0,0,0,467,A
2-PB1,520,465,0,0,0,465,A
2-PB1,521,0,463,0,0,463,T
2-PB1,522,0,3,463,0,466,G
2-PB1,523,459,0,0,0,459,A
2-PB1,524,474,0,0,0,474,A
2-PB1,525,0,472,0,0,472,T
2-PB1,526,476,0,0,0,476,A
2-PB1,527,473,0,0,0,473,A
2-PB1,528,474,0,0,0,474,A
2-PB1,529,0,0,477,0,477,G
2-PB1,530,475,0,0,0,475,A
2-PB1,531,0,2,469,0,471,G
2-PB1,532,0,1,474,0,475,G
2-PB1,533,465,1,0,0,466,A
2-PB1,534,466,0,0,0,466,A
2-PB1,535,464,0,0,0,464,A
2-PB1,536,0,466,0,0,466,T
2-PB1,537,0,1,469,0,470,G
2-PB1,538,0,1,473,0,474,G
2-PB1,539,472,0,0,0,472,A
2-PB1,540,0,0,471,0,471,G
2-PB1,541,460,1,1,0,462,A
2-PB1,542,0,470,0,0,470,T
2-PB1,543,470,0,0,0,470,A
2-PB1,544,470,0,0,0,470,A
2-PB1,545,0,0,0,473,473,C
2-PB1,546,459,0,0,0,459,A
2-PB1,547,461,0,0,0,461,A
2-PB1,548,0,0,0,456,456,C
2-PB1,549,457,0,0,0,457,A
2-PB1,550,0,0,0,455,455,C
2-PB1,551,450,0,0,0,450,A
2-PB1,552,0,0,0,449,449,C
2-PB1,553,0,441,0,0,441,T
2-PB1,554,0,439,0,0,439,T
2-PB1,555,0,441,0,1,442,T
2-PB1,556,2,0,0,442,444,C
2-PB1,557,445,0,0,0,445,A
2-PB1,558,446,0,0,0,446,A
2-PB1,559,449,0,0,0,449,A
2-PB1,560,0,1,450,0,451,G
2-PB1,561,444,0,0,0,444,A
2-PB1,562,447,0,0,0,447,A
2-PB1,563,448,0,0,0,448,A
2-PB1,564,446,0,1,0,447,A
2-PB1,565,449,0,2,0,451,A
2-PB1,566,0,0,450,0,450,G
2-PB1,567,0,1,448,0,449,G
2-PB1,568,443,0,1,0,444,A
2-PB1,569,0,1,455,1,457,G
2-PB1,570,453,0,0,0,453,A
2-PB1,571,0,0,461,0,461,G
2-PB1,572,0,463,0,0,463,T
2-PB1,573,466,0,0,0,466,A
2-PB1,574,471,0,0,0,471,A
2-PB1,575,0,2,465,0,467,G
2-PB1,576,0,0,472,0,472,G
2-PB1,577,0,0,467,0,467,G
2-PB1,578,456,0,2,0,458,A
2-PB1,579,0,0,0,461,461,C
2-PB1,580,458,0,0,0,458,A
2-PB1,581,457,1,0,0,458,A
2-PB1,582,0,0,0,457,457,C
2-PB1,583,457,0,0,0,457,A
2-PB1,584,0,450,0,0,450,T
2-PB1,585,0,1,445,0,446,G
2-PB1,586,448,0,1,0,449,A
2-PB1,587,0,0,0,445,445,C
2-PB1,588,1,0,0,448,449,C
2-PB1,589,448,0,0,0,448,A
2-PB1,590,446,0,0,0,446,A
2-PB1,591,0,1,452,0,453,G
2-PB1,592,452,0,0,0,452,A
2-PB1,593,448,0,0,0,448,A
2-PB1,594,448,0,0,0,448,A
2-PB1,595,447,0,1,0,448,A
2-PB1,596,0,446,0,0,446,T
2-PB1,597,0,2,450,0,452,G
2-PB1,598,1,0,449,0,450,G
2-PB1,599,0,447,0,0,447,T
2-PB1,600,442,0,0,0,442,A
2-PB1,601,449,0,0,0,449,A
2-PB1,602,0,1,0,535,536,C
2-PB1,603,569,0,0,0,569,A
2-PB1,604,0,0,0,583,583,C
2-PB1,605,583,0,0,0,583,A
2-PB1,606,637,0,0,0,637,A
2-PB1,607,640,0,0,0,640,A
2-PB1,608,0,2,766,0,768,G
2-PB1,609,762,0,0,0,762,A
2-PB1,610,779,0,0,0,779,A
2-PB1,611,0,0,0,852,852,C
2-PB1,612,835,0,0,0,835,A
2-PB1,613,853,0,0,0,853,A
2-PB1,614,0,852,0,0,852,T
2-PB1,615,849,0,1,0,850,A
2-PB1,616,3,5,851,0,859,G
2-PB1,617,0,2,828,0,830,G
2-PB1,618,1,1,835,0,837,G
2-PB1,619,834,0,0,0,834,A
2-PB1,620,848,0,1,0,849,A
2-PB1,621,0,0,865,0,865,G
2-PB1,622,864,0,1,0,865,A
2-PB1,623,863,0,0,0,863,A
2-PB1,624,873,0,0,0,873,A
2-PB1,625,876,0,3,0,879,A
2-PB1,626,890,0,2,0,892,A
2-PB1,627,896,0,0,0,896,A
2-PB1,628,0,1,0,898,899,C
2-PB1,629,897,0,0,0,897,A
2-PB1,630,900,0,0,0,900,A
2-PB1,631,899,0,0,0,899,A
2-PB1,632,0,2,973,0,975,G
2-PB1,633,968,0,0,0,968,A
2-PB1,634,0,0,989,0,989,G
2-PB1,635,0,980,0,0,980,T
2-PB1,636,0,976,1,0,977,T
2-PB1,637,1278,0,1,0,1279,A
2-PB1,638,1278,0,1,0,1279,A
2-PB1,639,0,1319,0,0,1319,T
2-PB1,640,1317,0,0,0,1317,A
2-PB1,641,1300,0,2,0,1302,A
2-PB1,642,0,2,1308,0,1310,G
2-PB1,643,1271,0,4,0,1275,A
2-PB1,644,0,4,1282,0,1286,G
2-PB1,645,1288,0,1,0,1289,A
2-PB1,646,0,2,1305,0,1307,G
2-PB1,647,1,1,1295,0,1297,G
2-PB1,648,1,0,0,1314,1315,C
2-PB1,649,0,1320,0,0,1320,T
2-PB1,650,1391,0,1,0,1392,A
2-PB1,651,1,1,0,1510,1512,C
2-PB1,652,3,1,0,1526,1530,C
2-PB1,653,0,1538,0,0,1538,T
2-PB1,654,1636,0,0,0,1636,A
2-PB1,655,1635,1,0,0,1636,A
2-PB1,656,0,1651,0,1,1652,T
2-PB1,657,1643,0,0,0,1643,A
2-PB1,658,1633,0,1,1,1635,A
2-PB1,659,1,2,1666,0,1669,G
2-PB1,660,1631,0,1,2,1634,A
2-PB1,661,0,0,1664,0,1664,G
2-PB1,662,0,0,0,1685,1685,C
2-PB1,663,56,1608,0,0,1664,T
2-PB1,664,0,1681,0,0,1681,T
2-PB1,665,0,1695,0,0,1695,T
2-PB1,666,0,7,1682,0,1689,G
2-PB1,667,1738,0,0,0,1738,A
2-PB1,668,0,0,0,1749,1749,C
2-PB1,669,1752,0,0,0,1752,A
2-PB1,670,0,1753,0,1,1754,T
2-PB1,671,0,1737,0,0,1737,T
2-PB1,672,0,8,1778,1,1787,G
2-PB1,673,1788,0,0,0,1788,A
2-PB1,674,1794,0,4,0,1798,A
2-PB1,675,0,0,0,1804,1804,C
2-PB1,676,1801,0,0,0,1801,A
2-PB1,677,1,1,0,1811,1813,C
2-PB1,678,0,3,1802,0,1805,G
2-PB1,679,1797,0,0,0,1797,A
2-PB1,680,0,1821,0,0,1821,T
2-PB1,681,2,7,1881,0,1890,G
2-PB1,682,1892,0,2,1,1895,A
2-PB1,683,0,0,0,1912,1912,C
2-PB1,684,5,0,0,1925,1930,C
2-PB1,685,1935,0,1,0,1936,A
2-PB1,686,1965,0,2,0,1967,A
2-PB1,687,1969,0,3,1,1973,A
2-PB1,688,0,6,2031,0,2037,G
2-PB1,689,2055,1,3,0,2059,A
2-PB1,690,0,2048,0,1,2049,T
2-PB1,691,0,1,2061,0,2062,G
2-PB1,692,1,0,0,2054,2055,C
2-PB1,693,2055,0,7,1,2063,A
2-PB1,694,0,2,2080,0,2082,G
2-PB1,695,2054,0,0,0,2054,A
2-PB1,696,0,3,2062,0,2065,G
2-PB1,697,2023,0,2,0,2025,A
2-PB1,698,0,2,2037,0,2039,G
2-PB1,699,2021,2,2,0,2025,A
2-PB1,700,0,4,2023,0,2027,G
2-PB1,701,1,1,2027,0,2029,G
2-PB1,702,0,0,0,2038,2038,C
2-PB1,703,2040,0,1,0,2041,A
2-PB1,704,2052,0,1,0,2053,A
2-PB1,705,2054,0,0,1,2055,A
2-PB1,706,0,2072,0,0,2072,T
2-PB1,707,0,2074,0,0,2074,T
2-PB1,708,2073,0,1,0,2074,A
2-PB1,709,2060,1,0,1,2062,A
2-PB1,710,2071,0,0,0,2071,A
2-PB1,711,2078,0,2,0,2080,A
2-PB1,712,2071,0,0,0,2071,A
2-PB1,713,1,2,2080,0,2083,G
2-PB1,714,2074,0,0,0,2074,A
2-PB1,715,2065,0,1,0,2066,A
2-PB1,716,0,4,2108,1,2113,G
2-PB1,717,0,2,2164,0,2166,G
2-PB1,718,0,0,2142,0,2142,G
2-PB1,719,0,0,0,2185,2185,C
2-PB1,720,0,2196,0,1,2197,T
2-PB1,721,2223,0,0,0,2223,A
2-PB1,722,0,2253,0,3,2256,T
2-PB1,723,0,2257,0,1,2258,T
2-PB1,724,0,0,2268,0,2268,G
2-PB1,725,0,4,0,2271,2275,C
2-PB1,726,2228,1,3,0,2232,A
2-PB1,727,2239,0,1,0,2240,A
2-PB1,728,2,1,0,2244,2247,C
2-PB1,729,2252,0,1,0,2253,A
2-PB1,730,0,0,0,2262,2262,C
2-PB1,731,4,0,0,2235,2239,C
2-PB1,732,4,0,0,2241,2245,C
2-PB1,733,0,1,2240,0,2241,G
2-PB1,734,0,3,2246,0,2249,G
2-PB1,735,0,4,2251,0,2255,G
2-PB1,736,2266,1,1,0,2268,A
2-PB1,737,0,2256,0,2,2258,T
2-PB1,738,0,0,2285,0,2285,G
2-PB1,739,2,0,0,2290,2292,C
2-PB1,740,2321,0,8,0,2329,A
2-PB1,741,2378,0,0,0,2378,A
2-PB1,742,2398,0,0,0,2398,A
2-PB1,743,0,2405,0,0,2405,T
2-PB1,744,0,2411,0,0,2411,T
2-PB1,745,2393,0,2,0,2395,A
2-PB1,746,0,5,2387,0,2392,G
2-PB1,747,2376,0,8,0,2384,A
2-PB1,748,0,8,2390,0,2398,G
2-PB1,749,1,5,2353,0,2359,G
2-PB1,750,0,2,2430,0,2432,G
2-PB1,751,0,2390,0,1,2391,T
2-PB1,752,0,2415,0,7,2422,T
2-PB1,753,12,1,0,2424,2437,C
2-PB1,754,1,0,2484,0,2485,G
2-PB1,755,0,2457,0,6,2463,T
2-PB1,756,0,2,2486,0,2488,G
2-PB1,757,0,2467,0,2,2469,T
2-PB1,758,2462,0,0,0,2462,A
2-PB1,759,0,0,0,2461,2461,C
2-PB1,760,0,2396,0,0,2396,T
2-PB1,761,0,2408,0,1,2409,T
2-PB1,762,3,1,0,2400,2404,C
2-PB1,763,1,1,2405,0,2407,G
2-PB1,764,0,2399,1,0,2400,T
2-PB1,765,0,2396,0,5,2401,T
2-PB1,766,1,6,2391,1,2399,G
2-PB1,767,2393,0,0,1,2394,A
2-PB1,768,2400,0,2,0,2402,A
2-PB1,769,2425,0,0,0,2425,A
2-PB1,770,2,0,0,2436,2438,C
2-PB1,771,0,2432,0,2,2434,T
2-PB1,772,0,2417,0,0,2417,T
2-PB1,773,0,2431,0,1,2432,T
2-PB1,774,2469,0,3,0,2472,A
2-PB1,775,0,0,2478,0,2478,G
2-PB1,776,0,1,0,2481,2482,C
2-PB1,777,0,2489,0,2,2491,T
2-PB1,778,2474,0,2,0,2476,A
2-PB1,779,0,4,2472,0,2476,G
2-PB1,780,2462,0,2,0,2464,A
2-PB1,781,2467,0,2,0,2469,A
2-PB1,782,1,3,2465,0,2469,G
2-PB1,783,1,0,0,2430,2431,C
2-PB1,784,2439,0,1,0,2440,A
2-PB1,785,0,2449,0,0,2449,T
2-PB1,786,0,2450,0,1,2451,T
2-PB1,787,0,2454,0,0,2454,T
2-PB1,788,0,1,2451,0,2452,G
2-PB1,789,1,3,0,2448,2452,C
2-PB1,790,1,8,2453,0,2462,G
2-PB1,791,2443,0,1,0,2444,A
2-PB1,792,2442,0,0,0,2442,A
2-PB1,793,2449,0,0,0,2449,A
2-PB1,794,2525,0,2,0,2527,A
2-PB1,795,1,1,2566,0,2568,G
2-PB1,796,1,1,0,2563,2565,C
2-PB1,797,0,2577,0,4,2581,T
2-PB1,798,0,2575,0,0,2575,T
2-PB1,799,1,12,2564,0,2577,G
2-PB1,800,2567,0,7,0,2574,A
2-PB1,801,2557,1,3,0,2561,A
2-PB1,802,0,0,2,2596,2598,C
2-PB1,803,2560,0,1,0,2561,A
2-PB1,804,0,0,2815,0,2815,G
2-PB1,805,0,2787,1,1,2789,T
2-PB1,806,5,1,1,2801,2808,C
2-PB1,807,0,2818,0,2,2820,T
2-PB1,808,3,10,2799,0,2812,G
2-PB1,809,0,8,2798,0,2806,G
2-PB1,810,2816,1,2,0,2819,A
2-PB1,811,1,2,0,2835,2838,C
2-PB1,812,0,2784,0,3,2787,T
2-PB1,813,0,2669,0,0,2669,T
2-PB1,814,1,1,0,2673,2675,C
2-PB1,815,4,0,2,2668,2674,C
2-PB1,816,4,2,2698,0,2704,G
2-PB1,817,1,0,2705,0,2706,G
2-PB1,818,0,2676,0,0,2676,T
2-PB1,819,0,2705,0,1,2706,T
2-PB1,820,1,4,2695,0,2700,G
2-PB1,821,0,5,2711,0,2716,G
2-PB1,822,0,6,2718,0,2724,G
2-PB1,823,3,5,2723,0,2731,G
2-PB1,824,2,1,2745,0,2748,G
2-PB1,825,0,2704,0,1,2705,T
2-PB1,826,2714,0,0,0,2714,A
2-PB1,827,2728,0,2,0,2730,A
2-PB1,828,0,2750,0,1,2751,T
2-PB1,829,1,6,2753,0,2760,G
2-PB1,830,2733,0,1,0,2734,A
2-PB1,831,2725,0,1,1,2727,A
2-PB1,832,2731,0,1,0,2732,A
2-PB1,833,2720,1,1,0,2722,A
2-PB1,834,2,5,2707,0,2714,G
2-PB1,835,2701,0,1,0,2702,A
2-PB1,836,2682,0,6,0,2688,A
2-PB1,837,0,4,2697,0,2701,G
2-PB1,838,1,3,2679,0,2683,G
2-PB1,839,1,0,0,2700,2701,C
2-PB1,840,3,0,0,2716,2719,C
2-PB1,841,2719,0,1,0,2720,A
2-PB1,842,2718,0,0,0,2718,A
2-PB1,843,2717,0,1,0,2718,A
2-PB1,844,1,0,0,2724,2725,C
2-PB1,845,0,2727,0,1,2728,T
2-PB1,846,0,3,2756,0,2759,G
2-PB1,847,1,0,2744,0,2745,G
2-PB1,848,0,0,0,2760,2760,C
2-PB1,849,2773,0,2,0,2775,A
2-PB1,850,2772,0,1,0,2773,A
2-PB1,851,2767,0,0,0,2767,A
2-PB1,852,0,2771,0,1,2772,T
2-PB1,853,0,0,2781,0,2781,G
2-PB1,854,0,2768,0,0,2768,T
2-PB1,855,0,2723,0,0,2723,T
2-PB1,856,1,0,2719,0,2720,G
2-PB1,857,0,2693,0,2,2695,T
2-PB1,858,0,8,2710,0,2718,G
2-PB1,859,2720,0,0,0,2720,A
2-PB1,860,0,7,2730,0,2737,G
2-PB1,861,2730,0,2,0,2732,A
2-PB1,862,2717,0,1,0,2718,A
2-PB1,863,2715,0,4,1,2720,A
2-PB1,864,2732,0,2,0,2734,A
2-PB1,865,2740,0,2,0,2742,A
2-PB1,866,0,2737,0,1,2738,T
2-PB1,867,0,9,2734,1,2744,G
2-PB1,868,2730,0,0,0,2730,A
2-PB1,869,0,2711,0,0,2711,T
2-PB1,870,1,8,2723,1,2733,G
2-PB1,871,2726,0,4,1,2731,A
2-PB1,872,2,1,0,2768,2771,C
2-PB1,873,0,2765,0,2,2767,T
2-PB1,874,2762,0,1,0,2763,A
2-PB1,875,2808,0,0,0,2808,A
2-PB1,876,0,2781,0,1,2782,T
2-PB1,877,0,2801,0,1,2802,T
2-PB1,878,7,0,0,2822,2829,C
2-PB1,879,2836,0,2,1,2839,A
2-PB1,880,0,1,0,2859,2860,C
2-PB1,881,2836,0,2,0,2838,A
2-PB1,882,2828,0,7,0,2835,A
2-PB1,883,0,4,2837,0,2841,G
2-PB1,884,2908,0,2,1,2911,A
2-PB1,885,1,1,0,2903,2905,C
2-PB1,886,2884,0,5,0,2889,A
2-PB1,887,0,4,0,2885,2889,C
2-PB1,888,2865,0,2,0,2867,A
2-PB1,889,0,6,2878,0,2884,G
2-PB1,890,2858,0,5,0,2863,A
2-PB1,891,0,1,2885,0,2886,G
2-PB1,892,2,0,0,2859,2861,C
2-PB1,893,0,2822,0,2,2824,T
2-PB1,894,0,2872,0,3,2875,T
2-PB1,895,1,2848,0,1,2850,T
2-PB1,896,2,1,0,2864,2867,C
2-PB1,897,0,2874,0,4,2878,T
2-PB1,898,0,2853,0,1,2854,T
2-PB1,899,0,2869,2,2,2873,T
2-PB1,900,7,1,0,2852,2860,C
2-PB1,901,2843,0,2,0,2845,A
2-PB1,902,4,0,0,2879,2883,C
2-PB1,903,2860,0,0,0,2860,A
2-PB1,904,2859,0,0,0,2859,A
2-PB1,905,0,2906,0,0,2906,T
2-PB1,906,9,1,0,2935,2945,C
2-PB1,907,2941,0,1,0,2942,A
2-PB1,908,2,0,0,2998,3000,C
2-PB1,909,0,2983,0,0,2983,T
2-PB1,910,1,3,2976,0,2980,G
2-PB1,911,0,9,2954,0,2963,G
2-PB1,912,2834,0,11,0,2845,A
2-PB1,913,0,7,2848,0,2855,G
2-PB1,914,2857,0,3,0,2860,A
2-PB1,915,0,0,0,2850,2850,C
2-PB1,916,2985,0,3,1,2989,A
2-PB1,917,3093,0,3,0,3096,A
2-PB1,918,2,2,0,3147,3151,C
2-PB1,919,3117,1,3,0,3121,A
2-PB1,920,1,0,0,3143,3144,C
2-PB1,921,0,3083,1,0,3084,T
2-PB1,922,3099,0,0,0,3099,A
2-PB1,923,3092,0,8,0,3100,A
2-PB1,924,1,0,3118,0,3119,G
2-PB1,925,1,3079,1,2,3083,T
2-PB1,926,0,5,2999,0,3004,G
2-PB1,927,1,4,2986,0,2991,G
2-PB1,928,2973,0,4,0,2977,A
2-PB1,929,2991,0,5,0,2996,A
2-PB1,930,0,3001,0,1,3002,T
2-PB1,931,1,7,2981,0,2989,G
2-PB1,932,2984,1,0,0,2985,A
2-PB1,933,2969,1,5,0,2975,A
2-PB1,934,2994,0,3,0,2997,A
2-PB1,935,3007,0,2,0,3009,A
2-PB1,936,0,2983,0,0,2983,T
2-PB1,937,16,1,0,2995,3012,C
2-PB1,938,3007,0,0,0,3007,A
2-PB1,939,2985,1,2,0,2988,A
2-PB1,940,2980,0,1,0,2981,A
2-PB1,941,2976,0,2,0,2978,A
2-PB1,942,1,1,0,3005,3007,C
2-PB1,943,10,1,0,2974,2985,C
2-PB1,944,5,0,0,2992,2997,C
2-PB1,945,0,2968,1,2,2971,T
2-PB1,946,5,0,0,2981,2986,C
2-PB1,947,0,12,2986,0,2998,G
2-PB1,948,2985,0,0,0,2985,A
2-PB1,949,2989,0,0,0,2989,A
2-PB1,950,0,3000,0,0,3000,T
2-PB1,951,0,1,3010,0,3011,G
2-PB1,952,0,2967,0,3,2970,T
2-PB1,953,0,2956,0,1,2957,T
2-PB1,954,0,2983,0,2,2985,T
2-PB1,955,0,2988,0,0,2988,T
2-PB1,956,0,2988,0,0,2988,T
2-PB1,957,1,1,2984,0,2986,G
2-PB1,958,0,1,2946,0,2947,G
2-PB1,959,2,1,0,2958,2961,C
2-PB1,960,2,5,2984,0,2991,G
2-PB1,961,2978,0,1,0,2979,A
2-PB1,962,0,3056,0,0,3056,T
2-PB1,963,0,13,3177,0,3190,G
2-PB1,964,3359,0,3,1,3363,A
2-PB1,965,0,3371,1,3,3375,T
2-PB1,966,0,3392,0,0,3392,T
2-PB1,967,3399,0,6,1,3406,A
2-PB1,968,1,2,0,3409,3412,C
2-PB1,969,3437,0,3,0,3440,A
2-PB1,970,0,3415,0,2,3417,T
2-PB1,971,3294,0,1,1,3296,A
2-PB1,972,1,1,0,3338,3340,C
2-PB1,973,3145,0,1,0,3146,A
2-PB1,974,1,3130,0,0,3131,T
2-PB1,975,4,0,1,3107,3112,C
2-PB1,976,3117,0,0,0,3117,A
2-PB1,977,2,1,0,3115,3118,C
2-PB1,978,3112,0,3,1,3116,A
2-PB1,979,3118,1,0,1,3120,A
2-PB1,980,3107,0,1,3,3111,A
2-PB1,981,2,12,3030,1,3045,G
2-PB1,982,3217,0,7,1,3225,A
2-PB1,983,3228,0,1,0,3229,A
2-PB1,984,0,3196,0,6,3202,T
2-PB1,985,7,7,0,3241,3255,C
2-PB1,986,3280,0,4,0,3284,A
2-PB1,987,3272,1,1,1,3275,A
2-PB1,988,3,1,0,3288,3292,C
2-PB1,989,6,0,0,3293,3299,C
2-PB1,990,0,3204,0,1,3205,T
2-PB1,991,0,15,3208,0,3223,G
2-PB1,992,3207,2,1,0,3210,A
2-PB1,993,0,1,3228,0,3229,G
2-PB1,994,0,3193,0,3,3196,T
2-PB1,995,2,10,3151,1,3164,G
2-PB1,996,0,1,3316,0,3317,G
2-PB1,997,0,3308,0,3,3311,T
2-PB1,998,0,3307,0,1,3308,T
2-PB1,999,9,1,1,3316,3327,C
2-PB1,1000,3309,0,0,0,3309,A
2-PB1,1001,0,3,3361,1,3365,G
2-PB1,1002,3356,0,3,1,3360,A
2-PB1,1003,3363,0,3,0,3366,A
2-PB1,1004,3342,0,5,1,3348,A
2-PB1,1005,0,0,0,3244,3244,C
2-PB1,1006,3270,0,4,0,3274,A
2-PB1,1007,1,3246,0,3,3250,T
2-PB1,1008,8,1,0,3294,3303,C
2-PB1,1009,4,0,1,3307,3312,C
2-PB1,1010,0,3260,0,7,3267,T
2-PB1,1011,1,10,3268,0,3279,G
2-PB1,1012,3253,0,7,1,3261,A
2-PB1,1013,0,1,3564,0,3565,G
2-PB1,1014,1,0,0,3555,3556,C
2-PB1,1015,3483,0,1,0,3484,A
2-PB1,1016,0,3467,1,1,3469,T
2-PB1,1017,2,1429,0,1997,3428,C
2-PB1,1018,1,2,3431,1,3435,G
2-PB1,1019,2,2,1,3484,3489,C
2-PB1,1020,3519,0,3,0,3522,A
2-PB1,1021,1,0,0,3580,3581,C
2-PB1,1022,7,2,1,3420,3430,C
2-PB1,1023,3424,0,2,0,3426,A
2-PB1,1024,3460,0,1,0,3461,A
2-PB1,1025,0,3465,0,1,3466,T
2-PB1,1026,3465,0,0,0,3465,A
2-PB1,1027,3455,0,2,0,3457,A
2-PB1,1028,1,3380,0,0,3381,T
2-PB1,1029,0,1,3390,0,3391,G
2-PB1,1030,0,3298,0,3,3301,T
2-PB1,1031,0,3266,0,1,3267,T
2-PB1,1032,12,1,0,3289,3302,C
2-PB1,1033,0,3294,0,2,3296,T
2-PB1,1034,5,0,0,3308,3313,C
2-PB1,1035,3319,0,0,0,3319,A
2-PB1,1036,3305,0,2,1,3308,A
2-PB1,1037,3310,0,0,0,3310,A
2-PB1,1038,2,0,0,3318,3320,C
2-PB1,1039,3312,0,0,0,3312,A
2-PB1,1040,3318,0,2,0,3320,A
2-PB1,1041,3285,0,2,0,3287,A
2-PB1,1042,3311,0,4,0,3315,A
2-PB1,1043,0,3328,1,1,3330,T
2-PB1,1044,0,6,3331,1,3338,G
2-PB1,1045,0,1,3321,0,3322,G
2-PB1,1046,1,0,0,3346,3347,C
2-PB1,1047,3325,0,4,0,3329,A
2-PB1,1048,3332,0,4,0,3336,A
2-PB1,1049,0,7,3335,0,3342,G
2-PB1,1050,3328,0,5,0,3333,A
2-PB1,1051,1,1,0,3357,3359,C
2-PB1,1052,0,3324,0,0,3324,T
2-PB1,1053,2,3,3352,0,3357,G
2-PB1,1054,3,6,3342,0,3351,G
2-PB1,1055,0,8,3364,0,3372,G
2-PB1,1056,3368,0,3,0,3371,A
2-PB1,1057,3383,0,0,0,3383,A
2-PB1,1058,3374,0,0,0,3374,A
2-PB1,1059,3332,1,22,0,3355,A
2-PB1,1060,0,7,3427,0,3434,G
2-PB1,1061,0,2,3424,0,3426,G
2-PB1,1062,3406,1,4,0,3411,A
2-PB1,1063,0,3403,0,0,3403,T
2-PB1,1064,3392,1,3,0,3396,A
2-PB1,1065,0,1,0,3397,3398,C
2-PB1,1066,3425,1,1,0,3427,A
2-PB1,1067,0,3400,0,0,3400,T
2-PB1,1068,0,3,3448,0,3451,G
2-PB1,1069,0,3380,0,8,3388,T
2-PB1,1070,1,3377,0,1,3379,T
2-PB1,1071,17,0,0,3387,3404,C
2-PB1,1072,2,10,3396,0,3408,G
2-PB1,1073,3378,0,4,0,3382,A
2-PB1,1074,0,10,3465,0,3475,G
2-PB1,1075,3425,0,1,0,3426,A
2-PB1,1076,0,0,3458,0,3458,G
2-PB1,1077,0,3412,0,1,3413,T
2-PB1,1078,3438,0,0,0,3438,A
2-PB1,1079,3430,0,3,0,3433,A
2-PB1,1080,0,5,3432,0,3437,G
2-PB1,1081,3427,1,1,0,3429,A
2-PB1,1082,0,12,3459,0,3471,G
2-PB1,1083,3406,0,4,0,3410,A
2-PB1,1084,3423,0,3,0,3426,A
2-PB1,1085,0,3396,0,3,3399,T
2-PB1,1086,0,10,3396,0,3406,G
2-PB1,1087,3402,0,4,0,3406,A
2-PB1,1088,3400,0,1,0,3401,A
2-PB1,1089,3331,0,6,0,3337,A
2-PB1,1090,1,0,0,3368,3369,C
2-PB1,1091,0,3315,0,0,3315,T
2-PB1,1092,6,0,0,3337,3343,C
2-PB1,1093,6,2,0,3333,3341,C
2-PB1,1094,1,5,3344,0,3350,G
2-PB1,1095,1,7,3333,0,3341,G
2-PB1,1096,3343,1,3,0,3347,A
2-PB1,1097,0,0,0,3408,3408,C
2-PB1,1098,3408,0,2,0,3410,A
2-PB1,1099,0,0,0,3454,3454,C
2-PB1,1100,3451,0,1,0,3452,A
2-PB1,1101,3440,0,6,0,3446,A
2-PB1,1102,3445,0,3,0,3448,A
2-PB1,1103,0,3449,0,0,3449,T
2-PB1,1104,3441,2,1,0,3444,A
2-PB1,1105,2,1,0,3464,3467,C
2-PB1,1106,6,0,1,3426,3433,C
2-PB1,1107,1,3385,1,3,3390,T
2-PB1,1108,0,0,3418,0,3418,G
2-PB1,1109,0,1,0,3432,3433,C
2-PB1,1110,3436,0,2,0,3438,A
2-PB1,1111,2,4,3432,0,3438,G
2-PB1,1112,3431,0,1,0,3432,A
2-PB1,1113,3432,1,0,0,3433,A
2-PB1,1114,3442,0,2,0,3444,A
2-PB1,1115,0,3430,0,1,3431,T
2-PB1,1116,3,2,3437,0,3442,G
2-PB1,1117,20,0,0,3404,3424,C
2-PB1,1118,1,3432,0,5,3438,T
2-PB1,1119,3472,1,4,0,3477,A
2-PB1,1120,0,0,3465,1,3466,G
2-PB1,1121,1,4,0,3463,3468,C
2-PB1,1122,3481,1,1,0,3483,A
2-PB1,1123,3477,0,4,0,3481,A
2-PB1,1124,0,0,3462,0,3462,G
2-PB1,1125,1,1,0,3456,3458,C
2-PB1,1126,3423,0,0,0,3423,A
2-PB1,1127,0,3468,0,1,3469,T
2-PB1,1128,1,3476,0,1,3478,T
2-PB1,1129,0,7,3559,0,3566,G
2-PB1,1130,3585,0,2,0,3587,A
2-PB1,1131,2,1,1,3574,3578,C
2-PB1,1132,5,0,0,3601,3606,C
2-PB1,1133,0,3553,0,1,3554,T
2-PB1,1134,0,1,3612,0,3613,G
2-PB1,1135,3613,0,1,0,3614,A
2-PB1,1136,3624,1,7,0,3632,A
2-PB1,1137,0,2,3656,0,3658,G
2-PB1,1138,0,3530,0,1,3531,T
2-PB1,1139,3575,0,2,0,3577,A
2-PB1,1140,0,3560,0,2,3562,T
2-PB1,1141,0,3552,0,4,3556,T
2-PB1,1142,0,3544,0,4,3548,T
2-PB1,1143,6,1,1,3533,3541,C
2-PB1,1144,3528,0,1,2,3531,A
2-PB1,1145,3528,1,1,1,3531,A
2-PB1,1146,1,3501,0,1,3503,T
2-PB1,1147,0,14,3492,0,3506,G
2-PB1,1148,3477,1,1,0,3479,A
2-PB1,1149,3479,1,2,0,3482,A
2-PB1,1150,0,3458,0,1,3459,T
2-PB1,1151,9,1,0,3498,3508,C
2-PB1,1152,3501,0,2,1,3504,A
2-PB1,1153,3489,0,1,0,3490,A
2-PB1,1154,0,1,0,3502,3503,C
2-PB1,1155,3501,0,3,0,3504,A
2-PB1,1156,3486,1,1,0,3488,A
2-PB1,1157,1,5,3481,0,3487,G
2-PB1,1158,0,4,3500,0,3504,G
2-PB1,1159,3487,0,2,0,3489,A
2-PB1,1160,3485,0,5,0,3490,A
2-PB1,1161,0,2,3494,0,3496,G
2-PB1,1162,3476,0,3,0,3479,A
2-PB1,1163,3485,0,1,0,3486,A
2-PB1,1164,3492,0,1,1,3494,A
2-PB1,1165,3490,0,0,0,3490,A
2-PB1,1166,1,3466,0,0,3467,T
2-PB1,1167,0,3460,0,0,3460,T
2-PB1,1168,0,12,3462,0,3474,G
2-PB1,1169,3453,1,1,0,3455,A
2-PB1,1170,4,10,3452,0,3466,G
2-PB1,1171,3464,0,0,0,3464,A
2-PB1,1172,3492,1,2,0,3495,A
2-PB1,1173,3534,0,0,0,3534,A
2-PB1,1174,3547,0,0,0,3547,A
2-PB1,1175,0,3540,0,0,3540,T
2-PB1,1176,3550,0,1,0,3551,A
2-PB1,1177,3555,0,9,0,3564,A
2-PB1,1178,0,4,3550,0,3554,G
2-PB1,1179,1,0,3530,0,3531,G
2-PB1,1180,2,0,0,3489,3491,C
2-PB1,1181,5,1,0,3510,3516,C
2-PB1,1182,0,3477,0,11,3488,T
2-PB1,1183,3,1,0,3915,3919,C
2-PB1,1184,1,3942,1,4,3948,T
2-PB1,1185,0,3959,0,1,3960,T
2-PB1,1186,4,1,1,4042,4048,C
2-PB1,1187,0,4024,0,6,4030,T
2-PB1,1188,4055,0,2,0,4057,A
2-PB1,1189,4054,0,2,0,4056,A
2-PB1,1190,0,4047,0,0,4047,T
2-PB1,1191,4067,0,0,0,4067,A
2-PB1,1192,0,5,3964,0,3969,G
2-PB1,1193,3689,0,1,0,3690,A
2-PB1,1194,0,3676,0,3,3679,T
2-PB1,1195,1,11,3617,0,3629,G
2-PB1,1196,0,1,3658,0,3659,G
2-PB1,1197,0,3,0,3672,3675,C
2-PB1,1198,3679,0,2,0,3681,A
2-PB1,1199,1,0,0,3687,3688,C
2-PB1,1200,3652,0,5,0,3657,A
2-PB1,1201,1,1,3780,0,3782,G
2-PB1,1202,2,1,0,3766,3769,C
2-PB1,1203,3790,0,0,0,3790,A
2-PB1,1204,0,3857,0,2,3859,T
2-PB1,1205,8,0,0,3822,3830,C
2-PB1,1206,3876,0,0,0,3876,A
2-PB1,1207,1,3876,0,1,3878,T
2-PB1,1208,0,3855,0,1,3856,T
2-PB1,1209,0,6,3839,0,3845,G
2-PB1,1210,3701,0,4,1,3706,A
2-PB1,1211,0,2,3797,0,3799,G
2-PB1,1212,0,0,1,3788,3789,C
2-PB1,1213,10,0,0,3725,3735,C
2-PB1,1214,7,3,1,3789,3800,C
2-PB1,1215,0,3775,1,3,3779,T
2-PB1,1216,1,8,4099,0,4108,G
2-PB1,1217,1,2,4145,0,4148,G
2-PB1,1218,417,5,3610,0,4032,G
2-PB1,1219,4297,3,2,0,4302,A
2-PB1,1220,0,4332,0,0,4332,T
2-PB1,1221,0,8,4493,0,4501,G
2-PB1,1222,4584,0,1,1,4586,A
2-PB1,1223,0,4688,0,2,4690,T
2-PB1,1224,1,10,4684,2,4697,G
2-PB1,1225,4641,0,6,1,4648,A
2-PB1,1226,0,4603,0,1,4604,T
2-PB1,1227,6,11,4590,1,4608,G
2-PB1,1228,3,7,4644,0,4654,G
2-PB1,1229,4,1,4651,1,4657,G
2-PB1,1230,0,1,0,4645,4646,C
2-PB1,1231,4662,1,6,0,4669,A
2-PB1,1232,0,4690,0,2,4692,T
2-PB1,1233,0,0,4849,0,4849,G
2-PB1,1234,1,4847,0,9,4857,T
2-PB1,1235,1,4876,0,1,4878,T
2-PB1,1236,14,0,0,4891,4905,C
2-PB1,1237,4895,0,3,0,4898,A
2-PB1,1238,4883,3,1,0,4887,A
2-PB1,1239,2,1,0,4905,4908,C
2-PB1,1240,4944,0,3,0,4947,A
2-PB1,1241,0,4948,0,2,4950,T
2-PB1,1242,0,3,5025,0,5028,G
2-PB1,1243,1,2,0,5010,5013,C
2-PB1,1244,0,5020,0,2,5022,T
2-PB1,1245,5097,0,0,0,5097,A
2-PB1,1246,5070,0,5,0,5075,A
2-PB1,1247,2,3,5162,0,5167,G
2-PB1,1248,0,5115,0,24,5139,T
2-PB1,1249,5124,0,1,0,5125,A
2-PB1,1250,2,7,0,5192,5201,C
2-PB1,1251,3,11,5201,0,5215,G
2-PB1,1252,0,1,5594,0,5595,G
2-PB1,1253,0,5542,0,8,5550,T
2-PB1,1254,1,5552,0,1,5554,T
2-PB1,1255,0,5555,0,0,5555,T
2-PB1,1256,0,5568,0,1,5569,T
2-PB1,1257,5580,2,4,0,5586,A
2-PB1,1258,0,10,5541,0,5551,G
2-PB1,1259,0,11,5519,1,5531,G
2-PB1,1260,5463,1,4,0,5468,A
2-PB1,1261,3,4,5440,0,5447,G
2-PB1,1262,0,5470,0,0,5470,T
2-PB1,1263,7,0,0,5505,5512,C
2-PB1,1264,1,5507,0,2,5510,T
2-PB1,1265,8,0,0,5546,5554,C
2-PB1,1266,2,24,5532,1,5559,G
2-PB1,1267,5687,0,2,0,5689,A
2-PB1,1268,0,5740,0,2,5742,T
2-PB1,1269,5753,0,3,0,5756,A
2-PB1,1270,3,1,0,5760,5764,C
2-PB1,1271,1,5715,1,6,5723,T
2-PB1,1272,1,12,5726,0,5739,G
2-PB1,1273,5714,1,0,1,5716,A
2-PB1,1274,5764,0,2,9,5775,A
2-PB1,1275,0,5793,0,3,5796,T
2-PB1,1276,14,0,0,5684,5698,C
2-PB1,1277,0,5703,0,4,5707,T
2-PB1,1278,0,5704,0,2,5706,T
2-PB1,1279,2,10,5694,0,5706,G
2-PB1,1280,2,15,5666,0,5683,G
2-PB1,1281,5649,0,8,0,5657,A
2-PB1,1282,1,1,0,5707,5709,C
2-PB1,1283,5646,0,1,0,5647,A
2-PB1,1284,5696,0,1,0,5697,A
2-PB1,1285,5702,0,1,1,5704,A
2-PB1,1286,5689,0,30,0,5719,A
2-PB1,1287,1,9,5830,0,5840,G
2-PB1,1288,5829,0,6,0,5835,A
2-PB1,1289,5860,0,3,0,5863,A
2-PB1,1290,5866,2,2,0,5870,A
2-PB1,1291,0,5850,0,2,5852,T
2-PB1,1292,5859,0,7,0,5866,A
2-PB1,1293,0,9,0,6066,6075,C
2-PB1,1294,6008,0,7,0,6015,A
2-PB1,1295,1,2,0,6075,6078,C
2-PB1,1296,15,1,0,6012,6028,C
2-PB1,1297,6006,0,2,0,6008,A
2-PB1,1298,6091,0,2,0,6093,A
2-PB1,1299,1,20,6280,0,6301,G
2-PB1,1300,6356,0,7,0,6363,A
2-PB1,1301,3,0,1,6444,6448,C
2-PB1,1302,6345,0,3,0,6348,A
2-PB1,1303,6527,0,11,0,6538,A
2-PB1,1304,4,1,0,6574,6579,C
2-PB1,1305,6691,0,5,1,6697,A
2-PB1,1306,0,6704,0,0,6704,T
2-PB1,1307,6638,1,4,0,6643,A
2-PB1,1308,3,1,0,6760,6764,C
2-PB1,1309,0,6585,1,2,6588,T
2-PB1,1310,1,11,6709,0,6721,G
2-PB1,1311,5,4,6656,0,6665,G
2-PB1,1312,0,6537,1,5,6543,T
2-PB1,1313,1,9,6564,0,6574,G
2-PB1,1314,4,11,6489,1,6505,G
2-PB1,1315,0,9,6562,0,6571,G
2-PB1,1316,6510,0,4,0,6514,A
2-PB1,1317,1,6449,0,2,6452,T
2-PB1,1318,3,13,6450,0,6466,G
2-PB1,1319,0,6,6420,0,6426,G
2-PB1,1320,6,1,6478,1,6486,G
2-PB1,1321,5,4,0,6547,6556,C
2-PB1,1322,0,6513,1,12,6526,T
2-PB1,1323,11,5,0,6602,6618,C
2-PB1,1324,7,0,0,6620,6627,C
2-PB1,1325,6627,0,1,0,6628,A
2-PB1,1326,6601,0,2,1,6604,A
2-PB1,1327,0,6589,0,2,6591,T
2-PB1,1328,10,1,3,6560,6574,C
2-PB1,1329,11,0,0,6504,6515,C
2-PB1,1330,0,6498,1,6,6505,T
2-PB1,1331,12,1,0,6484,6497,C
2-PB1,1332,3,8,0,6485,6496,C
2-PB1,1333,4,9,6499,1,6513,G
2-PB1,1334,6483,0,3,0,6486,A
2-PB1,1335,0,3,0,6509,6512,C
2-PB1,1336,1,20,6515,0,6536,G
2-PB1,1337,6527,0,0,0,6527,A
2-PB1,1338,0,6544,0,2,6546,T
2-PB1,1339,0,6545,0,2,6547,T
2-PB1,1340,2,6548,1,2,6553,T
2-PB1,1341,0,6565,0,1,6566,T
2-PB1,1342,2,2,6586,0,6590,G
2-PB1,1343,4,3,0,6604,6611,C
2-PB1,1344,15,3,0,6566,6584,C
2-PB1,1345,17,1,0,6812,6830,C
2-PB1,1346,0,6769,0,7,6776,T
2-PB1,1347,13,0,0,7017,7030,C
2-PB1,1348,7064,0,0,0,7064,A
2-PB1,1349,0,7096,1,6,7103,T
2-PB1,1350,7110,0,4,0,7114,A
2-PB1,1351,1,5,7210,0,7216,G
2-PB1,1352,1,7111,0,2,7114,T
2-PB1,1353,3,23,7169,1,7196,G
2-PB1,1354,6992,0,3,0,6995,A
2-PB1,1355,6994,1,3,0,6998,A
2-PB1,1356,0,6768,0,1,6769,T
2-PB1,1357,0,3,6783,2,6788,G
2-PB1,1358,2,2,1,6802,6807,C
2-PB1,1359,6805,1,3,0,6809,A
2-PB1,1360,5,7,1,6844,6857,C
2-PB1,1361,18,3,0,6802,6823,C
2-PB1,1362,6800,0,1,1,6802,A
2-PB1,1363,6786,0,1,0,6787,A
2-PB1,1364,6771,0,0,1,6772,A
2-PB1,1365,1,6619,1,2,6623,T
2-PB1,1366,25,0,0,6864,6889,C
2-PB1,1367,6869,1,5,0,6875,A
2-PB1,1368,1,6887,2,4,6894,T
2-PB1,1369,5,13,6879,2,6899,G
2-PB1,1370,6900,1,9,2,6912,A
2-PB1,1371,0,14,6934,0,6948,G
2-PB1,1372,1,15,6920,0,6936,G
2-PB1,1373,0,17,6961,1,6979,G
2-PB1,1374,6933,0,7,0,6940,A
2-PB1,1375,7061,0,5,1,7067,A
2-PB1,1376,0,7099,0,6,7105,T
2-PB1,1377,7086,2,5,0,7093,A
2-PB1,1378,2,3,0,7111,7116,C
2-PB1,1379,7177,0,6,0,7183,A
2-PB1,1380,7167,0,11,0,7178,A
2-PB1,1381,0,1,7115,0,7116,G
2-PB1,1382,1,1,1,7081,7084,C
2-PB1,1383,7040,1,2,1,7044,A
2-PB1,1384,2,9,7121,0,7132,G
2-PB1,1385,1,19,7109,0,7129,G
2-PB1,1386,7049,1,5,1,7056,A
2-PB1,1387,0,8,7135,0,7143,G
2-PB1,1388,0,7015,0,1,7016,T
2-PB1,1389,3,16,7124,0,7143,G
2-PB1,1390,5,11,7149,0,7165,G
2-PB1,1391,7150,1,7,0,7158,A
2-PB1,1392,1,7161,0,1,7163,T
2-PB1,1393,7134,0,2,0,7136,A
2-PB1,1394,2,12,7181,0,7195,G
2-PB1,1395,7244,0,5,0,7249,A
2-PB1,1396,0,7277,0,4,7281,T
2-PB1,1397,0,7249,0,2,7251,T
2-PB1,1398,24,3,0,7445,7472,C
2-PB1,1399,1,7438,0,2,7441,T
2-PB1,1400,7435,0,5,0,7440,A
2-PB1,1401,0,1,0,7459,7460,C
2-PB1,1402,7324,0,4,3,7331,A
2-PB1,1403,2,12,7322,1,7337,G
2-PB1,1404,0,26,7175,0,7201,G
2-PB1,1405,7258,1,5,0,7264,A
2-PB1,1406,2,1,0,7282,7285,C
2-PB1,1407,5,2,0,7187,7194,C
2-PB1,1408,3,7116,1,16,7136,T
2-PB1,1409,4,2,7144,0,7150,G
2-PB1,1410,4,4,1,7136,7145,C
2-PB1,1411,7169,0,1,1,7171,A
2-PB1,1412,7202,1,13,0,7216,A
2-PB1,1413,17,2,7232,0,7251,G
2-PB1,1414,0,7131,0,4,7135,T
2-PB1,1415,0,7167,0,1,7168,T
2-PB1,1416,7082,0,2,14,7098,A
2-PB1,1417,1,1,7109,1,7112,G
2-PB1,1418,1,7029,0,5,7035,T
2-PB1,1419,0,7,7040,0,7047,G
2-PB1,1420,3,13,7022,0,7038,G
2-PB1,1421,15,18,7050,0,7083,G
2-PB1,1422,7045,0,6,0,7051,A
2-PB1,1423,7058,0,5,0,7063,A
2-PB1,1424,0,7074,1,4,7079,T
2-PB1,1425,18,0,0,7085,7103,C
2-PB1,1426,7107,0,4,0,7111,A
2-PB1,1427,7101,0,5,0,7106,A
2-PB1,1428,2,3,0,7091,7096,C
2-PB1,1429,7088,0,2,0,7090,A
2-PB1,1430,1,6971,0,1,6973,T
2-PB1,1431,1,25,6968,0,6994,G
2-PB1,1432,6981,0,7,0,6988,A
2-PB1,1433,1,4,7019,0,7024,G
2-PB1,1434,2,1,1,7007,7011,C
2-PB1,1435,7012,0,0,0,7012,A
2-PB1,1436,7026,0,3,1,7030,A
2-PB1,1437,7016,0,1,0,7017,A
2-PB1,1438,7065,0,3,1,7069,A
2-PB1,1439,7066,0,1,0,7067,A
2-PB1,1440,3,7,7038,0,7048,G
2-PB1,1441,7003,0,5,0,7008,A
2-PB1,1442,6944,1,19,0,6964,A
2-PB1,1443,1,1,7173,0,7175,G
2-PB1,1444,0,7133,0,10,7143,T
2-PB1,1445,17,0,0,7143,7160,C
2-PB1,1446,18,1,0,7184,7203,C
2-PB1,1447,1,7173,0,6,7180,T
2-PB1,1448,7284,0,1,1,7286,A
2-PB1,1449,1,7269,0,3,7273,T
2-PB1,1450,7279,0,1,1,7281,A
2-PB1,1451,1,7279,0,0,7280,T
2-PB1,1452,7151,1,2,1,7155,A
2-PB1,1453,7171,0,17,1,7189,A
2-PB1,1454,7160,0,0,0,7160,A
2-PB1,1455,0,7142,1,3,7146,T
2-PB1,1456,7104,0,0,0,7104,A
2-PB1,1457,7083,0,4,0,7087,A
2-PB1,1458,7107,0,0,0,7107,A
2-PB1,1459,7087,0,7,0,7094,A
2-PB1,1460,0,0,0,7115,7115,C
2-PB1,1461,6868,1,2,0,6871,A
2-PB1,1462,1,9,6874,0,6884,G
2-PB1,1463,0,22,6841,0,6863,G
2-PB1,1464,0,22,6835,2,6859,G
2-PB1,1465,6807,1,7,0,6815,A
2-PB1,1466,1,1,0,6917,6919,C
2-PB1,1467,6851,1,1,0,6853,A
2-PB1,1468,0,6894,0,1,6895,T
2-PB1,1469,1,6879,2,7,6889,T
2-PB1,1470,0,6903,0,2,6905,T
2-PB1,1471,0,24,6878,0,6902,G
2-PB1,1472,6820,0,2,0,6822,A
2-PB1,1473,6869,1,0,0,6870,A
2-PB1,1474,0,6858,1,1,6860,T
2-PB1,1475,0,6737,1,4,6742,T
2-PB1,1476,25,2,1,6749,6777,C
2-PB1,1477,6700,0,1,1,6702,A
2-PB1,1478,5,0,0,6750,6755,C
2-PB1,1479,0,6761,0,2,6763,T
2-PB1,1480,6764,0,2,0,6766,A
2-PB1,1481,2,2,6718,0,6722,G
2-PB1,1482,1,3,0,6717,6721,C
2-PB1,1483,1,6650,0,17,6668,T
2-PB1,1484,1,6751,0,2,6754,T
2-PB1,1485,0,6720,0,1,6721,T
2-PB1,1486,1,6753,0,2,6756,T
2-PB1,1487,0,6736,0,3,6739,T
2-PB1,1488,0,6750,0,1,6751,T
2-PB1,1489,0,6723,0,0,6723,T
2-PB1,1490,6704,2,3,0,6709,A
2-PB1,1491,0,6687,0,0,6687,T
2-PB1,1492,11,1,1,6713,6726,C
2-PB1,1493,2,9,6729,1,6741,G
2-PB1,1494,6903,0,0,0,6903,A
2-PB1,1495,1,6912,0,2,6915,T
2-PB1,1496,6933,0,1,0,6934,A
2-PB1,1497,0,6982,0,4,6986,T
2-PB1,1498,2,16,6930,0,6948,G
2-PB1,1499,0,12,6975,0,6987,G
2-PB1,1500,6979,2,2,0,6983,A
2-PB1,1501,0,6914,0,8,6922,T
2-PB1,1502,1,6891,0,0,6892,T
2-PB1,1503,1,6693,0,0,6694,T
2-PB1,1504,0,2,6730,0,6732,G
2-PB1,1505,0,6658,0,2,6660,T
2-PB1,1506,1,9,6671,0,6681,G
2-PB1,1507,4,3,6629,0,6636,G
2-PB1,1508,3,2,1,6523,6529,C
2-PB1,1509,0,6629,0,4,6633,T
2-PB1,1510,6670,0,0,0,6670,A
2-PB1,1511,6708,0,0,0,6708,A
2-PB1,1512,1,6721,0,2,6724,T
2-PB1,1513,0,6758,0,1,6759,T
2-PB1,1514,0,6765,0,0,6765,T
2-PB1,1515,0,6779,0,0,6779,T
2-PB1,1516,6775,0,6,0,6781,A
2-PB1,1517,0,1,6788,1,6790,G
2-PB1,1518,1,2,0,6793,6796,C
2-PB1,1519,6782,0,3,0,6785,A
2-PB1,1520,0,6727,0,7,6734,T
2-PB1,1521,2,8,6669,0,6679,G
2-PB1,1522,3,14,6720,5,6742,G
2-PB1,1523,6710,0,4,0,6714,A
2-PB1,1524,1,4,6689,0,6694,G
2-PB1,1525,0,1,0,6660,6661,C
2-PB1,1526,0,6634,0,4,6638,T
2-PB1,1527,2,3,6675,1,6681,G
2-PB1,1528,2,1,0,6604,6607,C
2-PB1,1529,18,2,0,6567,6587,C
2-PB1,1530,16,4,0,6691,6711,C
2-PB1,1531,6593,0,3,1,6597,A
2-PB1,1532,0,0,6986,0,6986,G
2-PB1,1533,0,6977,0,3,6980,T
2-PB1,1534,0,6983,0,3,6986,T
2-PB1,1535,0,6983,0,2,6985,T
2-PB1,1536,0,6934,0,2,6936,T
2-PB1,1537,1,6,6899,0,6906,G
2-PB1,1538,4,14,6880,0,6898,G
2-PB1,1539,6858,1,7,0,6866,A
2-PB1,1540,2,0,6880,0,6882,G
2-PB1,1541,0,6431,0,2,6433,T
2-PB1,1542,0,1,6707,0,6708,G
2-PB1,1543,0,6614,0,9,6623,T
2-PB1,1544,21,2,0,6662,6685,C
2-PB1,1545,0,6694,1,6,6701,T
2-PB1,1546,3,10,6713,0,6726,G
2-PB1,1547,1,13,6812,0,6826,G
2-PB1,1548,6827,0,26,0,6853,A
2-PB1,1549,6865,1,7,0,6873,A
2-PB1,1550,1,6844,0,3,6848,T
2-PB1,1551,6453,0,2,0,6455,A
2-PB1,1552,6444,0,4,0,6448,A
2-PB1,1553,6425,0,7,0,6432,A
2-PB1,1554,1,4,0,6444,6449,C
2-PB1,1555,1,14,6359,0,6374,G
2-PB1,1556,6309,0,1,0,6310,A
2-PB1,1557,0,0,6290,0,6290,G
2-PB1,1558,1,6274,0,3,6278,T
2-PB1,1559,31,1,1,6293,6326,C
2-PB1,1560,6342,0,7,0,6349,A
2-PB1,1561,1,2,6412,0,6415,G
2-PB1,1562,1,0,0,6394,6395,C
2-PB1,1563,0,6427,1,3,6431,T
2-PB1,1564,2,14,6640,0,6656,G
2-PB1,1565,6576,2,5,1,6584,A
2-PB1,1566,0,6607,0,3,6610,T
2-PB1,1567,6614,1,7,0,6622,A
2-PB1,1568,0,6515,0,0,6515,T
2-PB1,1569,0,21,6527,0,6548,G
2-PB1,1570,6331,1,6,0,6338,A
2-PB1,1571,1,2,6425,0,6428,G
2-PB1,1572,0,2,1,6446,6449,C
2-PB1,1573,6203,1,1,0,6205,A
2-PB1,1574,0,6205,0,1,6206,T
2-PB1,1575,1,6226,0,0,6227,T
2-PB1,1576,3,7,6303,0,6313,G
2-PB1,1577,1,17,6470,0,6488,G
2-PB1,1578,6391,0,17,0,6408,A
2-PB1,1579,0,3,6430,0,6433,G
2-PB1,1580,0,6260,0,3,6263,T
2-PB1,1581,6279,0,2,0,6281,A
2-PB1,1582,6273,0,4,0,6277,A
2-PB1,1583,2,0,0,6314,6316,C
2-PB1,1584,6275,0,6,0,6281,A
2-PB1,1585,1,0,6364,0,6365,G
2-PB1,1586,1,5835,1,1,5838,T
2-PB1,1587,1,16,5907,1,5925,G
2-PB1,1588,5975,0,8,0,5983,A
2-PB1,1589,0,6009,0,2,6011,T
2-PB1,1590,5986,0,2,1,5989,A
2-PB1,1591,5982,0,1,2,5985,A
2-PB1,1592,5868,2,10,0,5880,A
2-PB1,1593,1,19,5911,0,5931,G
2-PB1,1594,5747,0,4,0,5751,A
2-PB1,1595,5749,1,3,0,5753,A
2-PB1,1596,5,0,0,5788,5793,C
2-PB1,1597,5658,1,2,0,5661,A
2-PB1,1598,5689,2,5,0,5696,A
2-PB1,1599,1,2,0,5740,5743,C
2-PB1,1600,5782,0,10,0,5792,A
2-PB1,1601,0,5760,10,1,5771,T
2-PB1,1602,1,14,5689,0,5704,G
2-PB1,1603,5699,0,5,1,5705,A
2-PB1,1604,1,5700,0,0,5701,T
2-PB1,1605,5662,0,4,0,5666,A
2-PB1,1606,5682,1,3,1,5687,A
2-PB1,1607,5672,0,6,1,5679,A
2-PB1,1608,1,3,0,5713,5717,C
2-PB1,1609,5577,2,3,0,5582,A
2-PB1,1610,5561,1,1,0,5563,A
2-PB1,1611,0,5469,0,1,5470,T
2-PB1,1612,0,26,5460,2,5488,G
2-PB1,1613,5548,0,7,0,5555,A
2-PB1,1614,1,0,0,5633,5634,C
2-PB1,1615,10,2,0,5568,5580,C
2-PB1,1616,0,5457,0,3,5460,T
2-PB1,1617,0,5367,0,1,5368,T
2-PB1,1618,0,9,5386,0,5395,G
2-PB1,1619,0,19,5395,1,5415,G
2-PB1,1620,5460,0,5,0,5465,A
2-PB1,1621,2,1,0,5443,5446,C
2-PB1,1622,10,2,0,5371,5383,C
2-PB1,1623,5344,0,3,0,5347,A
2-PB1,1624,4,3,5395,0,5402,G
2-PB1,1625,4,2,0,5396,5402,C
2-PB1,1626,5415,0,5,0,5420,A
2-PB1,1627,5408,0,2,1,5411,A
2-PB1,1628,1,0,0,5393,5394,C
2-PB1,1629,5351,0,6,0,5357,A
2-PB1,1630,1,2,5420,0,5423,G
2-PB1,1631,0,0,0,5409,5409,C
2-PB1,1632,10,4,0,5443,5457,C
2-PB1,1633,8,1,0,5439,5448,C
2-PB1,1634,5466,1,0,1,5468,A
2-PB1,1635,5470,0,1,0,5471,A
2-PB1,1636,5448,0,4,1,5453,A
2-PB1,1637,0,5418,0,2,5420,T
2-PB1,1638,2,13,5413,0,5428,G
2-PB1,1639,1,2,5306,0,5309,G
2-PB1,1640,2,1,0,5344,5347,C
2-PB1,1641,12,5255,0,10,5277,T
2-PB1,1642,8,3,0,5396,5407,C
2-PB1,1643,0,5358,0,13,5371,T
2-PB1,1644,13,1,1,5432,5447,C
2-PB1,1645,9,3,1,5472,5485,C
2-PB1,1646,5512,0,0,0,5512,A
2-PB1,1647,5510,1,0,0,5511,A
2-PB1,1648,0,5453,1,0,5454,T
2-PB1,1649,0,5452,0,2,5454,T
2-PB1,1650,1,2,5466,0,5469,G
2-PB1,1651,1,5326,0,5,5332,T
2-PB1,1652,0,5336,0,7,5343,T
2-PB1,1653,22,8,0,5367,5397,C
2-PB1,1654,5392,0,1,0,5393,A
2-PB1,1655,1,5357,1,4,5363,T
2-PB1,1656,6,2,0,5398,5406,C
2-PB1,1657,5424,0,2,0,5426,A
2-PB1,1658,5419,1,0,1,5421,A
2-PB1,1659,5407,0,5,0,5412,A
2-PB1,1660,0,9,5485,0,5494,G
2-PB1,1661,5477,1,2,2,5482,A
2-PB1,1662,1,5471,1,1,5474,T
2-PB1,1663,1,5494,0,2,5497,T
2-PB1,1664,5499,0,5,0,5504,A
2-PB1,1665,0,2,0,5574,5576,C
2-PB1,1666,5566,0,8,0,5574,A
2-PB1,1667,0,6,5635,0,5641,G
2-PB1,1668,5608,0,4,1,5613,A
2-PB1,1669,1,5859,1,1,5862,T
2-PB1,1670,5900,0,3,0,5903,A
2-PB1,1671,4,4,0,6179,6187,C
2-PB1,1672,6249,1,12,1,6263,A
2-PB1,1673,3,5,0,6363,6371,C
2-PB1,1674,6296,0,3,0,6299,A
2-PB1,1675,0,6282,0,1,6283,T
2-PB1,1676,6213,0,2,0,6215,A
2-PB1,1677,2,4,0,5730,5736,C
2-PB1,1678,5805,2,1,0,5808,A
2-PB1,1679,1,12,5819,0,5832,G
2-PB1,1680,0,3,5882,0,5885,G
2-PB1,1681,0,5671,0,4,5675,T
2-PB1,1682,2,2,5777,0,5781,G
2-PB1,1683,4,1,0,5919,5924,C
2-PB1,1684,17,1,1,5957,5976,C
2-PB1,1685,6019,2,7,0,6028,A
2-PB1,1686,0,6046,0,0,6046,T
2-PB1,1687,6027,0,2,0,6029,A
2-PB1,1688,0,10,6042,0,6052,G
2-PB1,1689,5903,2,2,0,5907,A
2-PB1,1690,0,9,5931,0,5940,G
2-PB1,1691,1,8,5874,1,5884,G
2-PB1,1692,5682,0,2,0,5684,A
2-PB1,1693,0,20,5713,0,5733,G
2-PB1,1694,5650,1,15,1,5667,A
2-PB1,1695,1,2,0,5727,5730,C
2-PB1,1696,5711,2,7,1,5721,A
2-PB1,1697,2,2,0,5778,5782,C
2-PB1,1698,5766,1,9,0,5776,A
2-PB1,1699,19,3,0,5788,5810,C
2-PB1,1700,5773,0,2,0,5775,A
2-PB1,1701,5782,0,0,0,5782,A
2-PB1,1702,5779,0,2,0,5781,A
2-PB1,1703,1,5748,0,2,5751,T
2-PB1,1704,11,0,0,5769,5780,C
2-PB1,1705,14,2,0,5773,5789,C
2-PB1,1706,5759,0,2,0,5761,A
2-PB1,1707,0,7,5751,0,5758,G
2-PB1,1708,5744,0,3,0,5747,A
2-PB1,1709,2,1,0,5799,5802,C
2-PB1,1710,1,17,5758,1,5777,G
2-PB1,1711,5735,0,5,0,5740,A
2-PB1,1712,1,3,5755,0,5759,G
2-PB1,1713,5763,1,3,0,5767,A
2-PB1,1714,5779,0,6,0,5785,A
2-PB1,1715,2,14,5794,0,5810,G
2-PB1,1716,5745,0,3,0,5748,A
2-PB1,1717,1,5744,2,5,5752,T
2-PB1,1718,15,1,1,5699,5716,C
2-PB1,1719,5737,0,3,0,5740,A
2-PB1,1720,1,5714,0,2,5717,T
2-PB1,1721,0,5704,0,0,5704,T
2-PB1,1722,16,3,0,5702,5721,C
2-PB1,1723,3,12,5721,0,5736,G
2-PB1,1724,5768,0,3,0,5771,A
2-PB1,1725,1,0,5764,0,5765,G
2-PB1,1726,1,0,0,5786,5787,C
2-PB1,1727,0,5805,0,5,5810,T
2-PB1,1728,5842,0,1,0,5843,A
2-PB1,1729,5854,1,1,0,5856,A
2-PB1,1730,5855,0,6,1,5862,A
2-PB1,1731,5,10,5844,0,5859,G
2-PB1,1732,5830,0,0,1,5831,A
2-PB1,1733,5719,1,6,0,5726,A
2-PB1,1734,0,2,5740,1,5743,G
2-PB1,1735,1,0,0,5738,5739,C
2-PB1,1736,1,5713,1,4,5719,T
2-PB1,1737,0,2,5728,0,5730,G
2-PB1,1738,1,5670,0,3,5674,T
2-PB1,1739,3,8,5688,0,5699,G
2-PB1,1740,2,13,5658,0,5673,G
2-PB1,1741,1,8,5711,0,5720,G
2-PB1,1742,5739,0,6,0,5745,A
2-PB1,1743,1,5705,0,1,5707,T
2-PB1,1744,14,0,1,5670,5685,C
2-PB1,1745,5716,0,1,0,5717,A
2-PB1,1746,5708,1,3,1,5713,A
2-PB1,1747,5737,0,1,0,5738,A
2-PB1,1748,2,4,0,5763,5769,C
2-PB1,1749,8,2,1,5733,5744,C
2-PB1,1750,11,4,0,5723,5738,C
2-PB1,1751,5746,0,2,0,5748,A
2-PB1,1752,5844,0,2,0,5846,A
2-PB1,1753,0,5780,0,3,5783,T
2-PB1,1754,13,1,0,5831,5845,C
2-PB1,1755,5804,1,0,0,5805,A
2-PB1,1756,5769,0,5,1,5775,A
2-PB1,1757,0,23,5834,0,5857,G
2-PB1,1758,0,8,5793,0,5801,G
2-PB1,1759,1,3,5767,0,5771,G
2-PB1,1760,3,3,0,5810,5816,C
2-PB1,1761,5739,1,6,0,5746,A
2-PB1,1762,0,7,5885,0,5892,G
2-PB1,1763,1,13,5921,1,5936,G
2-PB1,1764,5965,1,6,0,5972,A
2-PB1,1765,0,1,0,6082,6083,C
2-PB1,1766,0,5987,0,1,5988,T
2-PB1,1767,6207,1,2,0,6210,A
2-PB1,1768,0,6153,1,4,6158,T
2-PB1,1769,0,6168,0,1,6169,T
2-PB1,1770,0,11,6201,0,6212,G
2-PB1,1771,2,2,6263,0,6267,G
2-PB1,1772,0,6180,0,4,6184,T
2-PB1,1773,6241,0,1,1,6243,A
2-PB1,1774,0,6151,0,4,6155,T
2-PB1,1775,15,2,0,6190,6207,C
2-PB1,1776,6055,0,2,0,6057,A
2-PB1,1777,1,10,6134,0,6145,G
2-PB1,1778,6095,2,4,0,6101,A
2-PB1,1779,0,6088,0,0,6088,T
2-PB1,1780,1,12,5923,0,5936,G
2-PB1,1781,3,9,5892,0,5904,G
2-PB1,1782,4,12,5873,1,5890,G
2-PB1,1783,3,15,5835,1,5854,G
2-PB1,1784,1,13,5791,0,5805,G
2-PB1,1785,6,2,5730,0,5738,G
2-PB1,1786,1,1,0,5821,5823,C
2-PB1,1787,14,0,1,5863,5878,C
2-PB1,1788,5906,0,4,0,5910,A
2-PB1,1789,6384,0,0,0,6384,A
2-PB1,1790,6381,1,2,1,6385,A
2-PB1,1791,0,1,0,6707,6708,C
2-PB1,1792,0,6674,0,4,6678,T
2-PB1,1793,0,6669,1,0,6670,T
2-PB1,1794,6727,0,0,0,6727,A
2-PB1,1795,0,6708,0,1,6709,T
2-PB1,1796,6708,0,2,0,6710,A
2-PB1,1797,2,3,1,6741,6747,C
2-PB1,1798,6363,0,0,0,6363,A
2-PB1,1799,6363,1,3,0,6367,A
2-PB1,1800,0,6176,0,0,6176,T
2-PB1,1801,6276,1,1,0,6278,A
2-PB1,1802,0,6262,0,2,6264,T
2-PB1,1803,5,0,0,6251,6256,C
2-PB1,1804,13,3,0,6232,6248,C
2-PB1,1805,2,13,6263,0,6278,G
2-PB1,1806,2,14,6268,1,6285,G
2-PB1,1807,6283,0,1,0,6284,A
2-PB1,1808,6298,0,0,0,6298,A
2-PB1,1809,0,6286,0,2,6288,T
2-PB1,1810,10,1,0,6329,6340,C
2-PB1,1811,0,6337,0,8,6345,T
2-PB1,1812,0,6345,0,4,6349,T
2-PB1,1813,9,2,0,6338,6349,C
2-PB1,1814,6322,2,5,0,6329,A
2-PB1,1815,0,0,0,6380,6380,C
2-PB1,1816,6343,0,2,0,6345,A
2-PB1,1817,0,6719,0,14,6733,T
2-PB1,1818,10,0,0,6738,6748,C
2-PB1,1819,8,2,0,6754,6764,C
2-PB1,1820,13,1,0,6800,6814,C
2-PB1,1821,2,6792,0,13,6807,T
2-PB1,1822,0,9,6821,0,6830,G
2-PB1,1823,6801,1,1,0,6803,A
2-PB1,1824,6800,0,4,1,6805,A
2-PB1,1825,0,1,6835,0,6836,G
2-PB1,1826,0,6483,1,3,6487,T
2-PB1,1827,12,0,0,6536,6548,C
2-PB1,1828,0,6470,0,3,6473,T
2-PB1,1829,1,5,6586,21,6613,G
2-PB1,1830,0,0,1,6587,6588,C
2-PB1,1831,2,6577,3,30,6612,T
2-PB1,1832,2,6616,0,1,6619,T
2-PB1,1833,6601,1,2,0,6604,A
2-PB1,1834,6603,1,1,1,6606,A
2-PB1,1835,6601,1,6,1,6609,A
2-PB1,1836,1,0,6644,0,6645,G
2-PB1,1837,1,6522,0,1,6524,T
2-PB1,1838,2,13,6443,1,6459,G
2-PB1,1839,1,4,6427,0,6432,G
2-PB1,1840,9,16,6419,1,6445,G
2-PB1,1841,6395,0,8,1,6404,A
2-PB1,1842,0,0,6468,0,6468,G
2-PB1,1843,5,1,0,6426,6432,C
2-PB1,1844,0,6431,0,3,6434,T
2-PB1,1845,1,11,6439,0,6451,G
2-PB1,1846,6394,1,8,0,6403,A
2-PB1,1847,0,6434,0,2,6436,T
2-PB1,1848,1,12,6450,0,6463,G
2-PB1,1849,1,8,6441,0,6450,G
2-PB1,1850,6418,0,1,0,6419,A
2-PB1,1851,0,6414,0,3,6417,T
2-PB1,1852,3,23,6399,0,6425,G
2-PB1,1853,6378,0,3,0,6381,A
2-PB1,1854,2,21,6461,0,6484,G
2-PB1,1855,6471,0,3,0,6474,A
2-PB1,1856,6495,0,4,0,6499,A
2-PB1,1857,0,6474,0,1,6475,T
2-PB1,1858,2,6442,0,1,6445,T
2-PB1,1859,6450,0,0,1,6451,A
2-PB1,1860,0,6414,0,1,6415,T
2-PB1,1861,10,3,0,6438,6451,C
2-PB1,1862,3,5,6441,0,6449,G
2-PB1,1863,1,8,6384,0,6393,G
2-PB1,1864,3,13,6377,0,6393,G
2-PB1,1865,3,7,6393,1,6404,G
2-PB1,1866,6373,1,3,1,6378,A
2-PB1,1867,6429,0,11,0,6440,A
2-PB1,1868,1,20,6434,0,6455,G
2-PB1,1869,6419,0,8,0,6427,A
2-PB1,1870,5,2,0,6504,6511,C
2-PB1,1871,0,6447,2,1,6450,T
2-PB1,1872,0,6561,0,2,6563,T
2-PB1,1873,0,6588,0,6,6594,T
2-PB1,1874,3,2,6617,0,6622,G
2-PB1,1875,0,6605,0,3,6608,T
2-PB1,1876,6610,0,1,0,6611,A
2-PB1,1877,6572,1,4,0,6577,A
2-PB1,1878,0,6467,0,5,6472,T
2-PB1,1879,16,2,0,6475,6493,C
2-PB1,1880,6,0,0,6444,6450,C
2-PB1,1881,17,0,0,6395,6412,C
2-PB1,1882,12,1,0,6444,6457,C
2-PB1,1883,0,6447,0,6,6453,T
2-PB1,1884,0,12,6469,1,6482,G
2-PB1,1885,6439,0,4,0,6443,A
2-PB1,1886,6468,0,2,0,6470,A
2-PB1,1887,1,6456,0,5,6462,T
2-PB1,1888,12,0,0,6449,6461,C
2-PB1,1889,7,1,0,6424,6432,C
2-PB1,1890,14,5,0,6368,6387,C
2-PB1,1891,5,6397,0,10,6412,T
2-PB1,1892,1,6445,0,3,6449,T
2-PB1,1893,0,6426,0,1,6427,T
2-PB1,1894,0,2,6439,0,6441,G
2-PB1,1895,0,6361,1,7,6369,T
2-PB1,1896,17,1,0,6369,6387,C
2-PB1,1897,6317,0,6,0,6323,A
2-PB1,1898,2,0,6398,0,6400,G
2-PB1,1899,0,2,0,6342,6344,C
2-PB1,1900,10,3,0,6377,6390,C
2-PB1,1901,6419,1,2,0,6422,A
2-PB1,1902,0,6442,0,2,6444,T
2-PB1,1903,6426,0,0,0,6426,A
2-PB1,1904,6443,0,1,0,6444,A
2-PB1,1905,6435,0,9,0,6444,A
2-PB1,1906,1,9,6515,2,6527,G
2-PB1,1907,6402,0,1,0,6403,A
2-PB1,1908,6416,0,2,1,6419,A
2-PB1,1909,6421,0,1,0,6422,A
2-PB1,1910,0,6357,0,0,6357,T
2-PB1,1911,1,6380,1,1,6383,T
2-PB1,1912,2,18,6381,0,6401,G
2-PB1,1913,6338,1,5,2,6346,A
2-PB1,1914,0,1,6494,0,6495,G
2-PB1,1915,0,6474,0,4,6478,T
2-PB1,1916,22,1,1,6492,6516,C
2-PB1,1917,0,6498,0,2,6500,T
2-PB1,1918,6,3,6598,0,6607,G
2-PB1,1919,1,6571,0,5,6577,T
2-PB1,1920,6673,0,3,0,6676,A
2-PB1,1921,6643,0,6,0,6649,A
2-PB1,1922,6628,1,0,0,6629,A
2-PB1,1923,2,3,0,6663,6668,C
2-PB1,1924,6425,0,0,0,6425,A
2-PB1,1925,6554,0,4,0,6558,A
2-PB1,1926,0,6515,0,1,6516,T
2-PB1,1927,3,4,6466,0,6473,G
2-PB1,1928,1,1,0,6444,6446,C
2-PB1,1929,6331,2,6,0,6339,A
2-PB1,1930,0,2,6674,0,6676,G
2-PB1,1931,0,6650,0,1,6651,T
2-PB1,1932,6748,1,3,0,6752,A
2-PB1,1933,2,3,6732,0,6737,G
2-PB1,1934,0,6572,0,2,6574,T
2-PB1,1935,6583,1,0,0,6584,A
2-PB1,1936,6564,0,1,0,6565,A
2-PB1,1937,0,6483,0,0,6483,T
2-PB1,1938,0,1,6485,0,6486,G
2-PB1,1939,1,3,0,6386,6390,C
2-PB1,1940,12,2,0,6133,6147,C
2-PB1,1941,4,6,6074,0,6084,G
2-PB1,1942,2,0,6112,0,6114,G
2-PB1,1943,0,5,0,6199,6204,C
2-PB1,1944,8,1,0,6164,6173,C
2-PB1,1945,15,0,0,6234,6249,C
2-PB1,1946,6245,0,7,2,6254,A
2-PB1,1947,1,6239,0,3,6243,T
2-PB1,1948,0,8,6256,0,6264,G
2-PB1,1949,2,1,6221,0,6224,G
2-PB1,1950,0,6130,0,3,6133,T
2-PB1,1951,16,1,0,6142,6159,C
2-PB1,1952,9,6,0,6018,6033,C
2-PB1,1953,5,5,6111,0,6121,G
2-PB1,1954,5,3,6102,0,6110,G
2-PB1,1955,2,1,0,6031,6034,C
2-PB1,1956,11,0,0,6061,6072,C
2-PB1,1957,6130,0,2,0,6132,A
2-PB1,1958,6110,0,2,0,6112,A
2-PB1,1959,6112,1,1,0,6114,A
2-PB1,1960,6123,0,11,1,6135,A
2-PB1,1961,0,2,6230,0,6232,G
2-PB1,1962,0,6035,1,1,6037,T
2-PB1,1963,6125,0,1,0,6126,A
2-PB1,1964,0,6101,1,2,6104,T
2-PB1,1965,1,10,6113,0,6124,G
2-PB1,1966,0,10,6193,1,6204,G
2-PB1,1967,6160,0,0,0,6160,A
2-PB1,1968,6223,0,0,0,6223,A
2-PB1,1969,0,6187,1,2,6190,T
2-PB1,1970,6133,0,4,0,6137,A
2-PB1,1971,0,6107,3,1,6111,T
2-PB1,1972,1,18,6049,0,6068,G
2-PB1,1973,6050,0,8,1,6059,A
2-PB1,1974,0,6032,0,2,6034,T
2-PB1,1975,19,1,5885,0,5905,G
2-PB1,1976,1,1,0,5871,5873,C
2-PB1,1977,8,0,0,5861,5869,C
2-PB1,1978,5,1,5870,0,5876,G
2-PB1,1979,1,5844,0,14,5859,T
2-PB1,1980,1,5863,0,2,5866,T
2-PB1,1981,1,2,5863,1,5867,G
2-PB1,1982,5,0,0,5960,5965,C
2-PB1,1983,5970,0,5,0,5975,A
2-PB1,1984,6020,1,4,0,6025,A
2-PB1,1985,3,1,0,6057,6061,C
2-PB1,1986,0,5990,0,1,5991,T
2-PB1,1987,6028,0,0,0,6028,A
2-PB1,1988,2,1,0,6023,6026,C
2-PB1,1989,5989,0,3,0,5992,A
2-PB1,1990,1,1,0,6024,6026,C
2-PB1,1991,5787,0,6,0,5793,A
2-PB1,1992,3,1,0,6206,6210,C
2-PB1,1993,0,5975,1,4,5980,T
2-PB1,1994,22,12,0,6061,6095,C
2-PB1,1995,33,0,1,6079,6113,C
2-PB1,1996,0,6014,0,8,6022,T
2-PB1,1997,2,8,6046,0,6056,G
2-PB1,1998,1,13,6043,0,6057,G
2-PB1,1999,6042,0,0,0,6042,A
2-PB1,2000,0,6022,0,0,6022,T
2-PB1,2001,0,5405,0,7,5412,T
2-PB1,2002,4,1,2,5499,5506,C
2-PB1,2003,3,0,1,5472,5476,C
2-PB1,2004,10,0,0,5497,5507,C
2-PB1,2005,5533,1,3,1,5538,A
2-PB1,2006,5527,0,1,1,5529,A
2-PB1,2007,1,5,5543,0,5549,G
2-PB1,2008,5509,0,3,1,5513,A
2-PB1,2009,0,4,5506,0,5510,G
2-PB1,2010,0,10,5515,0,5525,G
2-PB1,2011,5434,0,3,0,5437,A
2-PB1,2012,5433,0,9,0,5442,A
2-PB1,2013,3,1,1,5437,5442,C
2-PB1,2014,12,2,1,5384,5399,C
2-PB1,2015,5,0,5449,0,5454,G
2-PB1,2016,6,0,0,5434,5440,C
2-PB1,2017,0,5440,0,7,5447,T
2-PB1,2018,12,0,0,5457,5469,C
2-PB1,2019,0,5437,0,1,5438,T
2-PB1,2020,5724,0,0,1,5725,A
2-PB1,2021,0,5699,0,7,5706,T
2-PB1,2022,0,5669,2,2,5673,T
2-PB1,2023,14,1,0,5721,5736,C
2-PB1,2024,0,5536,0,5,5541,T
2-PB1,2025,5571,0,1,1,5573,A
2-PB1,2026,5560,0,1,1,5562,A
2-PB1,2027,5549,0,4,0,5553,A
2-PB1,2028,1,3,0,5562,5566,C
2-PB1,2029,5153,2,0,0,5155,A
2-PB1,2030,0,1,1,5176,5178,C
2-PB1,2031,5111,0,4,0,5115,A
2-PB1,2032,5149,0,4,0,5153,A
2-PB1,2033,0,1,5150,0,5151,G
2-PB1,2034,1,1,0,5131,5133,C
2-PB1,2035,13,1,1,5143,5158,C
2-PB1,2036,5130,0,5,0,5135,A
2-PB1,2037,5126,0,1,0,5127,A
2-PB1,2038,5110,1,8,0,5119,A
2-PB1,2039,0,6,5141,0,5147,G
2-PB1,2040,0,11,5118,0,5129,G
2-PB1,2041,5,7,5041,0,5053,G
2-PB1,2042,0,7,5057,0,5064,G
2-PB1,2043,5033,0,5,1,5039,A
2-PB1,2044,5046,0,2,0,5048,A
2-PB1,2045,0,5057,0,0,5057,T
2-PB1,2046,0,5059,0,2,5061,T
2-PB1,2047,10,5,0,5051,5066,C
2-PB1,2048,2,5019,0,2,5023,T
2-PB1,2049,0,5030,0,0,5030,T
2-PB1,2050,0,4,5023,0,5027,G
2-PB1,2051,5013,0,8,0,5021,A
2-PB1,2052,0,4,5029,0,5033,G
2-PB1,2053,0,7,5019,0,5026,G
2-PB1,2054,5022,2,0,0,5024,A
2-PB1,2055,2,4991,0,2,4995,T
2-PB1,2056,0,19,4991,1,5011,G
2-PB1,2057,5002,0,5,0,5007,A
2-PB1,2058,4995,1,12,0,5008,A
2-PB1,2059,1,2,0,5025,5028,C
2-PB1,2060,4986,1,2,0,4989,A
2-PB1,2061,0,4,5035,0,5039,G
2-PB1,2062,5018,0,5,0,5023,A
2-PB1,2063,2,5003,0,1,5006,T
2-PB1,2064,2,2,5012,0,5016,G
2-PB1,2065,0,5038,0,5,5043,T
2-PB1,2066,5039,1,7,0,5047,A
2-PB1,2067,4,1,0,5022,5027,C
2-PB1,2068,12,0,0,4991,5003,C
2-PB1,2069,4978,0,1,0,4979,A
2-PB1,2070,0,4,4917,0,4921,G
2-PB1,2071,4848,0,2,0,4850,A
2-PB1,2072,4840,0,7,0,4847,A
2-PB1,2073,0,3,4869,0,4872,G
2-PB1,2074,0,4603,0,1,4604,T
2-PB1,2075,1,0,4632,0,4633,G
2-PB1,2076,2,0,0,4592,4594,C
2-PB1,2077,2,4599,1,5,4607,T
2-PB1,2078,3,1,4619,0,4623,G
2-PB1,2079,0,1,0,4592,4593,C
2-PB1,2080,4585,0,4,0,4589,A
2-PB1,2081,4571,0,6,0,4577,A
2-PB1,2082,1,0,0,4524,4525,C
2-PB1,2083,0,4499,0,5,4504,T
2-PB1,2084,0,4481,0,0,4481,T
2-PB1,2085,2,0,4466,0,4468,G
2-PB1,2086,0,4447,0,0,4447,T
2-PB1,2087,0,4437,0,3,4440,T
2-PB1,2088,15,2,1,4432,4450,C
2-PB1,2089,1,18,4440,1,4460,G
2-PB1,2090,4453,0,2,0,4455,A
2-PB1,2091,0,4,4455,0,4459,G
2-PB1,2092,4443,0,0,0,4443,A
2-PB1,2093,4456,0,1,0,4457,A
2-PB1,2094,4451,0,0,0,4451,A
2-PB1,2095,0,4424,0,0,4424,T
2-PB1,2096,0,4445,0,1,4446,T
2-PB1,2097,0,4441,0,0,4441,T
2-PB1,2098,0,4444,0,1,4445,T
2-PB1,2099,0,4427,0,0,4427,T
2-PB1,2100,9,3,0,4414,4426,C
2-PB1,2101,14,0,0,4416,4430,C
2-PB1,2102,9,1,0,4442,4452,C
2-PB1,2103,0,4444,2,1,4447,T
2-PB1,2104,4466,0,1,0,4467,A
2-PB1,2105,0,4,4468,0,4472,G
2-PB1,2106,0,4466,1,1,4468,T
2-PB1,2107,4501,0,1,0,4502,A
2-PB1,2108,1,1,4527,0,4529,G
2-PB1,2109,1,4436,0,2,4439,T
2-PB1,2110,0,4519,0,17,4536,T
2-PB1,2111,20,0,0,4543,4563,C
2-PB1,2112,4614,0,2,0,4616,A
2-PB1,2113,0,4610,0,0,4610,T
2-PB1,2114,4588,0,1,0,4589,A
2-PB1,2115,0,4577,0,4,4581,T
2-PB1,2116,4421,0,5,0,4426,A
2-PB1,2117,2,6,4378,0,4386,G
2-PB1,2118,0,8,4351,0,4359,G
2-PB1,2119,3969,0,3,0,3972,A
2-PB1,2120,1,10,3958,0,3969,G
2-PB1,2121,3743,0,2,0,3745,A
2-PB1,2122,1,2,0,3744,3747,C
2-PB1,2123,8,2,0,3620,3630,C
2-PB1,2124,1,4,3628,0,3633,G
2-PB1,2125,3611,2,0,0,3613,A
2-PB1,2126,0,3595,0,0,3595,T
2-PB1,2127,0,3607,0,2,3609,T
2-PB1,2128,2,7,3589,0,3598,G
2-PB1,2129,1,8,3596,0,3605,G
2-PB1,2130,3596,0,2,0,3598,A
2-PB1,2131,3605,0,1,0,3606,A
2-PB1,2132,0,3577,0,0,3577,T
2-PB1,2133,0,3589,0,2,3591,T
2-PB1,2134,0,3570,0,1,3571,T
2-PB1,2135,6,0,0,3576,3582,C
2-PB1,2136,1,3585,0,5,3591,T
2-PB1,2137,3579,0,2,0,3581,A
2-PB1,2138,3,0,3568,0,3571,G
2-PB1,2139,2,1,0,3556,3559,C
2-PB1,2140,3553,0,1,0,3554,A
2-PB1,2141,0,3520,0,4,3524,T
2-PB1,2142,1,6,3474,0,3481,G
2-PB1,2143,0,2,3555,0,3557,G
2-PB1,2144,0,3536,0,0,3536,T
2-PB1,2145,0,3,3534,0,3537,G
2-PB1,2146,1,2,3515,8,3526,G
2-PB1,2147,3454,0,7,0,3461,A
2-PB1,2148,2,0,3479,0,3481,G
2-PB1,2149,2,0,3460,1,3463,G
2-PB1,2150,1,0,0,3323,3324,C
2-PB1,2151,7,1,0,3361,3369,C
2-PB1,2152,3175,0,2,0,3177,A
2-PB1,2153,0,3182,0,2,3184,T
2-PB1,2154,0,7,3183,0,3190,G
2-PB1,2155,1,3,3211,0,3215,G
2-PB1,2156,1,3106,0,2,3109,T
2-PB1,2157,1,1,3113,0,3115,G
2-PB1,2158,0,3027,0,0,3027,T
2-PB1,2159,10,1,0,2999,3010,C
2-PB1,2160,0,3024,0,1,3025,T
2-PB1,2161,2986,1,3,0,2990,A
2-PB1,2162,0,2,2978,0,2980,G
2-PB1,2163,0,1,2885,0,2886,G
2-PB1,2164,2,2,2828,0,2832,G
2-PB1,2165,1,1,0,2758,2760,C
2-PB1,2166,1,0,1,2617,2619,C
2-PB1,2167,2,2,1,2592,2597,C
2-PB1,2168,2,2,2594,0,2598,G
2-PB1,2169,0,5,2609,0,2614,G
2-PB1,2170,2609,0,0,0,2609,A
2-PB1,2171,0,2588,0,0,2588,T
2-PB1,2172,0,2504,0,0,2504,T
2-PB1,2173,0,1,2478,0,2479,G
2-PB1,2174,2461,0,0,0,2461,A
2-PB1,2175,1,2472,0,1,2474,T
2-PB1,2176,2,0,2456,0,2458,G
2-PB1,2177,0,3,0,2423,2426,C
2-PB1,2178,5,1,0,2425,2431,C
2-PB1,2179,2422,0,0,0,2422,A
2-PB1,2180,1,5,2421,0,2427,G
2-PB1,2181,2427,1,0,0,2428,A
2-PB1,2182,2429,0,0,0,2429,A
2-PB1,2183,0,2404,1,2,2407,T
2-PB1,2184,0,2357,0,6,2363,T
2-PB1,2185,0,6,2359,0,2365,G
2-PB1,2186,2339,0,0,0,2339,A
2-PB1,2187,0,0,0,2341,2341,C
2-PB1,2188,0,2325,0,2,2327,T
2-PB1,2189,1,2269,0,0,2270,T
2-PB1,2190,4,0,0,2284,2288,C
2-PB1,2191,2,6,2286,0,2294,G
2-PB1,2192,2279,0,1,1,2281,A
2-PB1,2193,0,0,2246,0,2246,G
2-PB1,2194,0,2248,0,1,2249,T
2-PB1,2195,9,0,0,2243,2252,C
2-PB1,2196,0,2272,0,2,2274,T
2-PB1,2197,0,1,2254,0,2255,G
2-PB1,2198,1,1,2265,0,2267,G
2-PB1,2199,2261,0,0,0,2261,A
2-PB1,2200,2096,0,1,0,2097,A
2-PB1,2201,0,2,2100,0,2102,G
2-PB1,2202,0,6,2117,0,2123,G
2-PB1,2203,2120,0,2,0,2122,A
2-PB1,2204,0,2089,0,0,2089,T
2-PB1,2205,0,2066,0,32,2098,T
2-PB1,2206,2087,0,1,1,2089,A
2-PB1,2207,2084,0,2,0,2086,A
2-PB1,2208,0,2,2087,0,2089,G
2-PB1,2209,2077,0,3,0,2080,A
2-PB1,2210,1934,0,2,0,1936,A
2-PB1,2211,2,1,1788,0,1791,G
2-PB1,2212,0,4,1773,0,1777,G
2-PB1,2213,1772,0,1,0,1773,A
2-PB1,2214,1768,0,3,0,1771,A
2-PB1,2215,1,6,1764,0,1771,G
2-PB1,2216,1657,0,0,0,1657,A
2-PB1,2217,0,1,1662,0,1663,G
2-PB1,2218,0,1589,0,3,1592,T
2-PB1,2219,0,1566,0,2,1568,T
2-PB1,2220,2,2,1,1579,1584,C
2-PB1,2221,0,1530,0,1,1531,T
2-PB1,2222,6,0,0,1533,1539,C
2-PB1,2223,0,1541,0,1,1542,T
2-PB1,2224,0,6,1531,0,1537,G
2-PB1,2225,1486,0,2,0,1488,A
2-PB1,2226,1,2,1469,0,1472,G
2-PB1,2227,1448,0,0,0,1448,A
2-PB1,2228,0,1409,0,0,1409,T
2-PB1,2229,2,0,0,1322,1324,C
2-PB1,2230,1328,0,3,0,1331,A
2-PB1,2231,1,1310,0,2,1313,T
2-PB1,2232,0,2,1318,0,1320,G
2-PB1,2233,1306,0,0,0,1306,A
2-PB1,2234,1308,0,2,0,1310,A
2-PB1,2235,1,2,1280,0,1283,G
2-PB1,2236,1253,0,0,0,1253,A
2-PB1,2237,0,1230,0,3,1233,T
2-PB1,2238,3,1,0,1220,1224,C
2-PB1,2239,0,1145,0,1,1146,T
2-PB1,2240,0,0,1158,0,1158,G
2-PB1,2241,0,1151,0,1,1152,T
2-PB1,2242,0,1139,0,1,1140,T
2-PB1,2243,5,0,1,1120,1126,C
2-PB1,2244,2,0,0,1078,1080,C
2-PB1,2245,1063,0,2,0,1065,A
2-PB1,2246,0,0,0,1071,1071,C
2-PB1,2247,3,1,0,1007,1011,C
2-PB1,2248,992,0,0,0,992,A
2-PB1,2249,0,931,0,2,933,T
2-PB1,2250,0,901,0,0,901,T
2-PB1,2251,0,1,902,0,903,G
2-PB1,2252,892,0,2,0,894,A
2-PB1,2253,886,0,0,0,886,A
2-PB1,2254,0,0,887,0,887,G
2-PB1,2255,758,0,1,0,759,A
2-PB1,2256,757,0,2,0,759,A
2-PB1,2257,0,1,0,747,748,C
2-PB1,2258,0,710,1,1,712,T
2-PB1,2259,2,0,0,709,711,C
2-PB1,2260,671,0,2,0,673,A
2-PB1,2261,0,0,678,0,678,G
2-PB1,2262,672,0,0,0,672,A
2-PB1,2263,1,1,0,640,642,C
2-PB1,2264,0,0,628,0,628,G
2-PB1,2265,0,0,616,0,616,G
2-PB1,2266,0,0,0,605,605,C
2-PB1,2267,611,1,1,0,613,A
2-PB1,2268,608,0,0,0,608,A
2-PB1,2269,602,0,1,0,603,A
2-PB1,2270,599,0,1,0,600,A
2-PB1,2271,601,0,0,0,601,A
2-PB1,2272,0,588,0,0,588,T
2-PB1,2273,563,0,0,0,563,A
2-PB1,2274,564,0,0,0,564,A
3-PA,1,39,0,0,0,39,A
3-PA,2,0,38,0,0,38,T
3-PA,3,0,0,42,0,42,G
3-PA,4,0,0,40,0,40,G
3-PA,5,42,0,0,0,42,A
3-PA,6,41,0,0,0,41,A
3-PA,7,0,0,43,0,43,G
3-PA,8,42,0,0,0,42,A
3-PA,9,0,44,0,0,44,T
3-PA,10,0,44,0,0,44,T
3-PA,11,0,45,0,0,45,T
3-PA,12,0,45,0,0,45,T
3-PA,13,0,0,47,0,47,G
3-PA,14,0,46,0,0,46,T
3-PA,15,0,0,47,0,47,G
3-PA,16,0,0,0,48,48,C
3-PA,17,0,0,49,0,49,G
3-PA,18,57,0,0,0,57,A
3-PA,19,0,0,0,58,58,C
3-PA,20,57,0,0,0,57,A
3-PA,21,58,0,0,0,58,A
3-PA,22,0,61,0,0,61,T
3-PA,23,0,0,64,0,64,G
3-PA,24,0,0,0,69,69,C
3-PA,25,0,69,0,0,69,T
3-PA,26,0,69,0,0,69,T
3-PA,27,0,2,0,66,68,C
3-PA,28,71,0,0,0,71,A
3-PA,29,74,0,0,0,74,A
3-PA,30,0,0,0,74,74,C
3-PA,31,0,0,0,73,73,C
3-PA,32,0,0,0,73,73,C
3-PA,33,0,0,73,0,73,G
3-PA,34,73,0,0,0,73,A
3-PA,35,0,74,0,0,74,T
3-PA,36,0,0,73,0,73,G
3-PA,37,76,0,0,0,76,A
3-PA,38,0,80,0,0,80,T
3-PA,39,0,80,0,0,80,T
3-PA,40,0,0,81,0,81,G
3-PA,41,0,81,0,0,81,T
3-PA,42,0,80,0,0,80,T
3-PA,43,0,0,81,0,81,G
3-PA,44,81,0,0,0,81,A
3-PA,45,80,0,1,0,81,A
3-PA,46,0,0,0,81,81,C
3-PA,47,0,82,0,0,82,T
3-PA,48,0,82,0,0,82,T
3-PA,49,0,0,83,0,83,G
3-PA,50,0,0,0,82,82,C
3-PA,51,82,0,0,0,82,A
3-PA,52,0,0,84,0,84,G
3-PA,53,83,0,0,0,83,A
3-PA,54,84,0,0,0,84,A
3-PA,55,83,0,0,0,83,A
3-PA,56,83,0,0,0,83,A
3-PA,57,85,0,0,0,85,A
3-PA,58,0,0,83,0,83,G
3-PA,59,0,0,0,90,90,C
3-PA,60,91,0,0,0,91,A
3-PA,61,97,0,0,0,97,A
3-PA,62,0,98,0,0,98,T
3-PA,63,0,0,99,0,99,G
3-PA,64,102,0,0,0,102,A
3-PA,65,101,0,0,0,101,A
3-PA,66,101,0,0,0,101,A
3-PA,67,0,0,109,0,109,G
3-PA,68,108,0,0,0,108,A
3-PA,69,0,1,127,0,128,G
3-PA,70,0,126,0,0,126,T
3-PA,71,124,0,0,0,124,A
3-PA,72,0,125,0,0,125,T
3-PA,73,0,0,126,0,126,G
3-PA,74,0,0,124,0,124,G
3-PA,75,0,0,128,0,128,G
3-PA,76,0,0,125,0,125,G
3-PA,77,125,0,0,0,125,A
3-PA,78,0,1,124,0,125,G
3-PA,79,0,0,125,0,125,G
3-PA,80,124,0,0,0,124,A
3-PA,81,0,121,0,0,121,T
3-PA,82,0,126,0,0,126,T
3-PA,83,0,125,0,0,125,T
3-PA,84,0,0,126,0,126,G
3-PA,85,124,1,0,0,125,A
3-PA,86,126,0,0,0,126,A
3-PA,87,126,0,0,0,126,A
3-PA,88,125,0,0,0,125,A
3-PA,89,0,126,0,0,126,T
3-PA,90,0,124,0,0,124,T
3-PA,91,0,2,124,0,126,G
3-PA,92,123,0,0,0,123,A
3-PA,93,125,0,0,0,125,A
3-PA,94,125,0,0,0,125,A
3-PA,95,0,0,0,128,128,C
3-PA,96,127,0,0,0,127,A
3-PA,97,128,0,0,0,128,A
3-PA,98,127,0,0,0,127,A
3-PA,99,0,0,0,130,130,C
3-PA,100,131,0,0,0,131,A
3-PA,101,135,0,0,0,135,A
3-PA,102,135,0,0,0,135,A
3-PA,103,0,138,0,0,138,T
3-PA,104,0,138,0,0,138,T
3-PA,105,0,136,0,0,136,T
3-PA,106,0,0,137,0,137,G
3-PA,107,0,0,0,139,139,C
3-PA,108,140,0,0,0,140,A
3-PA,109,1,0,140,0,141,G
3-PA,110,0,0,0,143,143,C
3-PA,111,153,0,0,0,153,A
3-PA,112,154,0,0,0,154,A
3-PA,113,0,155,0,0,155,T
3-PA,114,161,0,0,0,161,A
3-PA,115,0,163,0,0,163,T
3-PA,116,0,0,164,0,164,G
3-PA,117,0,0,0,166,166,C
3-PA,118,167,0,0,0,167,A
3-PA,119,0,0,0,167,167,C
3-PA,120,0,167,0,0,167,T
3-PA,121,0,0,0,196,196,C
3-PA,122,201,0,0,0,201,A
3-PA,123,0,0,0,206,206,C
3-PA,124,0,207,0,0,207,T
3-PA,125,0,205,0,0,205,T
3-PA,126,0,0,206,0,206,G
3-PA,127,0,0,206,0,206,G
3-PA,128,202,0,0,0,202,A
3-PA,129,0,0,212,0,212,G
3-PA,130,0,0,210,0,210,G
3-PA,131,0,203,0,0,203,T
3-PA,132,0,0,211,0,211,G
3-PA,133,0,212,0,0,212,T
3-PA,134,0,0,215,0,215,G
3-PA,135,0,218,0,0,218,T
3-PA,136,0,218,0,0,218,T
3-PA,137,0,217,0,1,218,T
3-PA,138,1,0,0,219,220,C
3-PA,139,219,0,0,0,219,A
3-PA,140,0,218,0,0,218,T
3-PA,141,0,0,220,0,220,G
3-PA,142,0,216,0,0,216,T
3-PA,143,220,0,0,0,220,A
3-PA,144,0,220,0,0,220,T
3-PA,145,0,220,0,1,221,T
3-PA,146,1,0,0,218,219,C
3-PA,147,216,1,1,0,218,A
3-PA,148,1,1,220,0,222,G
3-PA,149,221,0,0,0,221,A
3-PA,150,0,223,0,0,223,T
3-PA,151,0,224,0,0,224,T
3-PA,152,0,220,0,1,221,T
3-PA,153,0,0,0,221,221,C
3-PA,154,0,0,0,222,222,C
3-PA,155,222,0,0,0,222,A
3-PA,156,0,224,0,0,224,T
3-PA,157,0,225,0,0,225,T
3-PA,158,0,225,0,0,225,T
3-PA,159,0,0,0,229,229,C
3-PA,160,228,0,1,0,229,A
3-PA,161,0,236,0,0,236,T
3-PA,162,0,0,0,235,235,C
3-PA,163,236,0,0,0,236,A
3-PA,164,235,0,0,0,235,A
3-PA,165,0,235,0,0,235,T
3-PA,166,0,0,243,0,243,G
3-PA,167,245,0,0,0,245,A
3-PA,168,242,0,2,0,244,A
3-PA,169,0,0,0,245,245,C
3-PA,170,241,0,1,0,242,A
3-PA,171,247,0,0,0,247,A
3-PA,172,0,0,241,0,241,G
3-PA,173,0,0,248,0,248,G
3-PA,174,0,0,0,245,245,C
3-PA,175,0,1,241,0,242,G
3-PA,176,249,0,1,0,250,A
3-PA,177,251,0,1,0,252,A
3-PA,178,0,249,0,0,249,T
3-PA,179,0,0,0,253,253,C
3-PA,180,259,0,0,0,259,A
3-PA,181,257,0,0,0,257,A
3-PA,182,0,259,0,0,259,T
3-PA,183,257,0,0,0,257,A
3-PA,184,1,0,264,0,265,G
3-PA,185,0,263,0,0,263,T
3-PA,186,1,0,265,0,266,G
3-PA,187,0,0,266,0,266,G
3-PA,188,0,262,0,0,262,T
3-PA,189,265,0,1,0,266,A
3-PA,190,0,2,267,0,269,G
3-PA,191,270,0,0,0,270,A
3-PA,192,269,0,0,0,269,A
3-PA,193,0,1,0,266,267,C
3-PA,194,0,263,0,0,263,T
3-PA,195,0,263,0,0,263,T
3-PA,196,0,1,263,0,264,G
3-PA,197,264,0,0,0,264,A
3-PA,198,0,0,0,266,266,C
3-PA,199,0,0,265,0,265,G
3-PA,200,266,0,0,0,266,A
3-PA,201,0,272,0,0,272,T
3-PA,202,1,0,0,275,276,C
3-PA,203,0,0,0,278,278,C
3-PA,204,277,0,0,0,277,A
3-PA,205,275,0,0,0,275,A
3-PA,206,280,0,0,0,280,A
3-PA,207,0,277,0,0,277,T
3-PA,208,0,0,275,0,275,G
3-PA,209,0,0,0,277,277,C
3-PA,210,277,0,0,0,277,A
3-PA,211,0,0,0,281,281,C
3-PA,212,1,279,0,0,280,T
3-PA,213,0,0,322,0,322,G
3-PA,214,0,326,0,0,326,T
3-PA,215,0,327,0,0,327,T
3-PA,216,328,0,1,0,329,A
3-PA,217,326,0,0,0,326,A
3-PA,218,329,0,0,0,329,A
3-PA,219,0,0,331,0,331,G
3-PA,220,0,0,0,327,327,C
3-PA,221,323,0,0,0,323,A
3-PA,222,0,0,0,326,326,C
3-PA,223,308,0,0,0,308,A
3-PA,224,0,0,318,0,318,G
3-PA,225,318,0,0,0,318,A
3-PA,226,0,319,0,0,319,T
3-PA,227,0,322,0,0,322,T
3-PA,228,0,321,0,0,321,T
3-PA,229,0,3,321,0,324,G
3-PA,230,324,1,0,0,325,A
3-PA,231,325,0,0,0,325,A
3-PA,232,324,0,0,0,324,A
3-PA,233,0,321,0,0,321,T
3-PA,234,324,0,0,0,324,A
3-PA,235,328,0,1,0,329,A
3-PA,236,0,326,0,0,326,T
3-PA,237,0,0,0,327,327,C
3-PA,238,0,1,327,0,328,G
3-PA,239,323,0,0,0,323,A
3-PA,240,0,2,325,0,327,G
3-PA,241,0,0,331,0,331,G
3-PA,242,0,0,331,0,331,G
3-PA,243,0,1,330,0,331,G
3-PA,244,329,0,0,0,329,A
3-PA,245,0,0,336,0,336,G
3-PA,246,350,0,0,0,350,A
3-PA,247,0,0,351,0,351,G
3-PA,248,348,0,0,0,348,A
3-PA,249,0,0,0,347,347,C
3-PA,250,347,0,1,0,348,A
3-PA,251,0,1,350,0,351,G
3-PA,252,351,0,1,0,352,A
3-PA,253,355,0,1,0,356,A
3-PA,254,0,0,0,356,356,C
3-PA,255,345,0,0,0,345,A
3-PA,256,346,0,0,0,346,A
3-PA,257,0,348,0,0,348,T
3-PA,258,0,1,353,0,354,G
3-PA,259,0,0,358,0,358,G
3-PA,260,0,0,0,353,353,C
3-PA,261,0,0,0,351,351,C
3-PA,262,0,353,0,0,353,T
3-PA,263,0,1,358,0,359,G
3-PA,264,0,1,360,0,361,G
3-PA,265,362,0,0,0,362,A
3-PA,266,0,0,1,368,369,C
3-PA,267,358,0,1,0,359,A
3-PA,268,0,0,413,0,413,G
3-PA,269,0,412,0,0,412,T
3-PA,270,415,0,1,0,416,A
3-PA,271,0,0,418,0,418,G
3-PA,272,0,406,0,0,406,T
3-PA,273,408,0,0,0,408,A
3-PA,274,406,1,0,0,407,A
3-PA,275,410,0,2,0,412,A
3-PA,276,0,2,0,413,415,C
3-PA,277,388,0,0,0,388,A
3-PA,278,1,0,392,0,393,G
3-PA,279,0,391,0,0,391,T
3-PA,280,394,0,0,0,394,A
3-PA,281,0,391,0,0,391,T
3-PA,282,1,0,0,394,395,C
3-PA,283,0,397,0,0,397,T
3-PA,284,0,0,398,0,398,G
3-PA,285,0,0,0,399,399,C
3-PA,286,398,0,0,0,398,A
3-PA,287,404,0,0,0,404,A
3-PA,288,0,0,0,400,400,C
3-PA,289,400,0,0,0,400,A
3-PA,290,0,0,0,417,417,C
3-PA,291,0,412,0,0,412,T
3-PA,292,417,0,0,0,417,A
3-PA,293,0,0,0,414,414,C
3-PA,294,0,415,0,0,415,T
3-PA,295,0,0,412,0,412,G
3-PA,296,0,0,411,0,411,G
3-PA,297,407,1,0,0,408,A
3-PA,298,0,0,417,0,417,G
3-PA,299,0,0,0,400,400,C
3-PA,300,0,407,0,0,407,T
3-PA,301,0,2,402,0,404,G
3-PA,302,0,1,399,0,400,G
3-PA,303,407,0,0,0,407,A
3-PA,304,406,0,0,0,406,A
3-PA,305,406,0,1,0,407,A
3-PA,306,408,0,1,0,409,A
3-PA,307,0,0,0,409,409,C
3-PA,308,0,0,0,410,410,C
3-PA,309,0,1,409,0,410,G
3-PA,310,411,0,0,0,411,A
3-PA,311,409,0,0,0,409,A
3-PA,312,0,0,415,0,415,G
3-PA,313,0,414,0,0,414,T
3-PA,314,0,415,0,0,415,T
3-PA,315,0,411,0,1,412,T
3-PA,316,4,0,0,409,413,C
3-PA,317,0,414,0,0,414,T
3-PA,318,412,0,0,0,412,A
3-PA,319,1,0,0,412,413,C
3-PA,320,0,0,0,412,412,C
3-PA,321,411,0,0,0,411,A
3-PA,322,1,0,415,0,416,G
3-PA,323,419,0,0,0,419,A
3-PA,324,0,417,0,0,417,T
3-PA,325,0,418,0,0,418,T
3-PA,326,0,416,0,0,416,T
3-PA,327,0,1,417,0,418,G
3-PA,328,0,415,0,0,415,T
3-PA,329,416,0,0,0,416,A
3-PA,330,0,415,0,0,415,T
3-PA,331,0,1,413,0,414,G
3-PA,332,432,0,0,0,432,A
3-PA,333,0,431,0,0,431,T
3-PA,334,0,433,0,0,433,T
3-PA,335,432,0,0,0,432,A
3-PA,336,0,0,0,429,429,C
3-PA,337,430,0,0,0,430,A
3-PA,338,429,0,0,0,429,A
3-PA,339,0,0,433,0,433,G
3-PA,340,0,1,434,0,435,G
3-PA,341,420,0,0,0,420,A
3-PA,342,0,2,416,0,418,G
3-PA,343,420,0,1,0,421,A
3-PA,344,419,0,0,0,419,A
3-PA,345,0,0,0,420,420,C
3-PA,346,415,0,0,0,415,A
3-PA,347,0,1,416,0,417,G
3-PA,348,415,0,0,0,415,A
3-PA,349,0,409,0,0,409,T
3-PA,350,0,408,0,0,408,T
3-PA,351,0,0,0,399,399,C
3-PA,352,402,0,0,0,402,A
3-PA,353,0,401,0,0,401,T
3-PA,354,1,1,0,397,399,C
3-PA,355,0,2,402,0,404,G
3-PA,356,405,0,0,0,405,A
3-PA,357,401,0,0,0,401,A
3-PA,358,403,0,0,0,403,A
3-PA,359,0,401,0,0,401,T
3-PA,360,0,405,0,0,405,T
3-PA,361,0,0,402,0,402,G
3-PA,362,0,0,399,0,399,G
3-PA,363,0,1,394,0,395,G
3-PA,364,0,1,397,0,398,G
3-PA,365,0,398,0,1,399,T
3-PA,366,0,2,405,0,407,G
3-PA,367,408,0,0,0,408,A
3-PA,368,0,0,0,411,411,C
3-PA,369,415,0,0,0,415,A
3-PA,370,413,0,0,0,413,A
3-PA,371,0,0,415,0,415,G
3-PA,372,409,0,0,0,409,A
3-PA,373,414,0,0,0,414,A
3-PA,374,0,1,413,0,414,G
3-PA,375,414,0,1,0,415,A
3-PA,376,0,0,415,0,415,G
3-PA,377,401,0,1,0,402,A
3-PA,378,403,0,1,0,404,A
3-PA,379,0,0,413,0,413,G
3-PA,380,0,404,0,0,404,T
3-PA,381,0,0,0,409,409,C
3-PA,382,2,0,0,405,407,C
3-PA,383,408,0,0,0,408,A
3-PA,384,0,0,0,424,424,C
3-PA,385,429,0,0,0,429,A
3-PA,386,0,433,0,0,433,T
3-PA,387,438,0,0,0,438,A
3-PA,388,0,427,0,0,427,T
3-PA,389,424,1,0,0,425,A
3-PA,390,0,416,0,2,418,T
3-PA,391,0,411,0,0,411,T
3-PA,392,415,0,0,0,415,A
3-PA,393,0,0,1,409,410,C
3-PA,394,0,0,0,398,398,C
3-PA,395,0,392,0,0,392,T
3-PA,396,0,383,0,0,383,T
3-PA,397,0,0,387,0,387,G
3-PA,398,387,0,0,0,387,A
3-PA,399,389,0,0,0,389,A
3-PA,400,388,0,0,0,388,A
3-PA,401,384,0,2,0,386,A
3-PA,402,0,0,392,0,392,G
3-PA,403,0,0,391,0,391,G
3-PA,404,0,0,0,393,393,C
3-PA,405,391,0,0,0,391,A
3-PA,406,395,0,0,0,395,A
3-PA,407,394,0,0,0,394,A
3-PA,408,0,396,0,0,396,T
3-PA,409,394,0,1,0,395,A
3-PA,410,395,0,0,0,395,A
3-PA,411,0,2,395,0,397,G
3-PA,412,399,0,1,0,400,A
3-PA,413,0,398,0,0,398,T
3-PA,414,0,399,0,0,399,T
3-PA,415,395,0,0,0,395,A
3-PA,416,400,0,0,0,400,A
3-PA,417,396,0,0,0,396,A
3-PA,418,0,396,0,0,396,T
3-PA,419,0,0,0,403,403,C
3-PA,420,0,387,0,0,387,T
3-PA,421,0,1,392,0,393,G
3-PA,422,394,0,0,0,394,A
3-PA,423,0,0,393,0,393,G
3-PA,424,393,0,0,0,393,A
3-PA,425,395,0,0,0,395,A
3-PA,426,0,0,0,399,399,C
3-PA,427,392,0,2,0,394,A
3-PA,428,0,1,0,395,396,C
3-PA,429,398,0,0,0,398,A
3-PA,430,0,0,0,402,402,C
3-PA,431,397,0,0,0,397,A
3-PA,432,0,0,0,409,409,C
3-PA,433,404,0,0,0,404,A
3-PA,434,0,407,0,3,410,T
3-PA,435,0,407,0,0,407,T
3-PA,436,2,0,0,405,407,C
3-PA,437,403,0,0,0,403,A
3-PA,438,0,0,0,405,405,C
3-PA,439,404,0,0,0,404,A
3-PA,440,0,403,0,0,403,T
3-PA,441,0,391,0,0,391,T
3-PA,442,0,397,0,0,397,T
3-PA,443,0,393,0,0,393,T
3-PA,444,0,0,0,396,396,C
3-PA,445,0,391,0,0,391,T
3-PA,446,1,0,0,390,391,C
3-PA,447,393,0,0,0,393,A
3-PA,448,0,392,0,0,392,T
3-PA,449,0,391,0,0,391,T
3-PA,450,0,1,0,391,392,C
3-PA,451,386,0,0,0,386,A
3-PA,452,0,0,0,390,390,C
3-PA,453,0,391,0,0,391,T
3-PA,454,0,0,395,0,395,G
3-PA,455,0,0,388,0,388,G
3-PA,456,382,0,0,0,382,A
3-PA,457,0,0,394,0,394,G
3-PA,458,395,0,0,0,395,A
3-PA,459,0,0,401,0,401,G
3-PA,460,0,0,396,0,396,G
3-PA,461,389,0,2,0,391,A
3-PA,462,393,0,0,0,393,A
3-PA,463,383,0,0,0,383,A
3-PA,464,0,379,0,0,379,T
3-PA,465,0,0,382,0,382,G
3-PA,466,1,0,374,0,375,G
3-PA,467,0,0,0,378,378,C
3-PA,468,1,0,0,382,383,C
3-PA,469,382,0,0,0,382,A
3-PA,470,0,0,0,380,380,C
3-PA,471,384,0,0,0,384,A
3-PA,472,385,0,0,0,385,A
3-PA,473,386,0,0,0,386,A
3-PA,474,0,0,384,0,384,G
3-PA,475,1,0,385,0,386,G
3-PA,476,0,0,0,391,391,C
3-PA,477,386,0,1,0,387,A
3-PA,478,0,1,395,0,396,G
3-PA,479,396,0,0,0,396,A
3-PA,480,0,0,0,394,394,C
3-PA,481,0,395,0,0,395,T
3-PA,482,392,0,2,0,394,A
3-PA,483,0,0,0,394,394,C
3-PA,484,381,0,1,0,382,A
3-PA,485,0,0,0,390,390,C
3-PA,486,0,373,0,1,374,T
3-PA,487,0,0,0,375,375,C
3-PA,488,0,368,0,0,368,T
3-PA,489,1,0,0,366,367,C
3-PA,490,0,1,366,0,367,G
3-PA,491,362,0,0,0,362,A
3-PA,492,0,0,0,366,366,C
3-PA,493,0,1,371,0,372,G
3-PA,494,365,0,0,0,365,A
3-PA,495,0,2,365,0,367,G
3-PA,496,0,0,369,0,369,G
3-PA,497,368,0,0,0,368,A
3-PA,498,369,0,0,0,369,A
3-PA,499,362,0,0,0,362,A
3-PA,500,0,0,370,0,370,G
3-PA,501,0,0,0,365,365,C
3-PA,502,367,0,0,0,367,A
3-PA,503,0,0,365,0,365,G
3-PA,504,360,0,2,0,362,A
3-PA,505,0,0,365,0,365,G
3-PA,506,0,0,0,369,369,C
3-PA,507,0,367,0,0,367,T
3-PA,508,368,0,0,0,368,A
3-PA,509,0,0,368,0,368,G
3-PA,510,0,1,380,0,381,G
3-PA,511,379,0,0,0,379,A
3-PA,512,0,379,0,0,379,T
3-PA,513,0,381,0,0,381,T
3-PA,514,376,0,0,0,376,A
3-PA,515,376,0,0,0,376,A
3-PA,516,0,0,381,0,381,G
3-PA,517,372,0,1,0,373,A
3-PA,518,0,0,0,376,376,C
3-PA,519,0,0,0,359,359,C
3-PA,520,359,0,0,0,359,A
3-PA,521,0,1,360,0,361,G
3-PA,522,0,1,358,0,359,G
3-PA,523,0,0,0,359,359,C
3-PA,524,0,350,0,0,350,T
3-PA,525,0,0,369,0,369,G
3-PA,526,0,363,0,0,363,T
3-PA,527,0,364,0,1,365,T
3-PA,528,0,363,0,1,364,T
3-PA,529,359,0,0,0,359,A
3-PA,530,0,0,0,360,360,C
3-PA,531,1,0,0,354,355,C
3-PA,532,358,0,0,0,358,A
3-PA,533,0,356,0,0,356,T
3-PA,534,330,0,0,0,330,A
3-PA,535,336,0,0,0,336,A
3-PA,536,0,2,334,0,336,G
3-PA,537,334,0,0,0,334,A
3-PA,538,0,0,0,337,337,C
3-PA,539,321,0,1,0,322,A
3-PA,540,325,0,0,0,325,A
3-PA,541,0,1,326,0,327,G
3-PA,542,324,0,0,0,324,A
3-PA,543,328,0,0,0,328,A
3-PA,544,325,0,0,0,325,A
3-PA,545,0,310,0,0,310,T
3-PA,546,0,0,314,0,314,G
3-PA,547,1,0,313,0,314,G
3-PA,548,0,0,0,311,311,C
3-PA,549,0,0,0,313,313,C
3-PA,550,312,0,0,0,312,A
3-PA,551,315,0,0,1,316,A
3-PA,552,0,0,0,316,316,C
3-PA,553,314,0,0,0,314,A
3-PA,554,0,1,315,0,316,G
3-PA,555,304,0,0,0,304,A
3-PA,556,0,0,297,0,297,G
3-PA,557,0,0,295,0,295,G
3-PA,558,0,0,0,294,294,C
3-PA,559,1,0,0,295,296,C
3-PA,560,0,292,0,0,292,T
3-PA,561,0,0,0,297,297,C
3-PA,562,0,295,0,0,295,T
3-PA,563,0,0,298,0,298,G
3-PA,564,0,0,295,0,295,G
3-PA,565,0,0,294,0,294,G
3-PA,566,291,0,0,0,291,A
3-PA,567,0,282,0,0,282,T
3-PA,568,0,279,0,1,280,T
3-PA,569,2,0,0,368,370,C
3-PA,570,0,0,0,376,376,C
3-PA,571,0,376,0,0,376,T
3-PA,572,0,376,0,0,376,T
3-PA,573,0,382,0,1,383,T
3-PA,574,3,1,0,389,393,C
3-PA,575,0,0,396,0,396,G
3-PA,576,0,390,0,0,390,T
3-PA,577,1,0,0,392,393,C
3-PA,578,384,0,0,0,384,A
3-PA,579,0,0,496,0,496,G
3-PA,580,0,496,0,0,496,T
3-PA,581,1,0,0,506,507,C
3-PA,582,0,0,0,506,506,C
3-PA,583,0,2,509,0,511,G
3-PA,584,506,1,0,2,509,A
3-PA,585,506,0,0,0,506,A
3-PA,586,513,0,2,0,515,A
3-PA,587,0,1,533,0,534,G
3-PA,588,512,0,2,0,514,A
3-PA,589,0,2,528,0,530,G
3-PA,590,0,0,530,0,530,G
3-PA,591,0,0,0,534,534,C
3-PA,592,0,0,537,0,537,G
3-PA,593,535,0,0,0,535,A
3-PA,594,543,0,2,0,545,A
3-PA,595,1,2,547,0,550,G
3-PA,596,555,0,0,0,555,A
3-PA,597,556,0,0,0,556,A
3-PA,598,552,0,0,0,552,A
3-PA,599,0,0,0,563,563,C
3-PA,600,560,0,0,0,560,A
3-PA,601,563,0,0,0,563,A
3-PA,602,0,563,0,0,563,T
3-PA,603,0,565,0,0,565,T
3-PA,604,0,0,565,0,565,G
3-PA,605,565,0,0,0,565,A
3-PA,606,567,0,0,0,567,A
3-PA,607,0,2,565,0,567,G
3-PA,608,568,0,0,0,568,A
3-PA,609,571,0,0,0,571,A
3-PA,610,573,0,0,0,573,A
3-PA,611,575,0,0,0,575,A
3-PA,612,580,0,0,0,580,A
3-PA,613,0,579,0,0,579,T
3-PA,614,0,588,0,0,588,T
3-PA,615,0,588,1,1,590,T
3-PA,616,0,2,581,0,583,G
3-PA,617,580,0,1,0,581,A
3-PA,618,586,0,0,0,586,A
3-PA,619,591,0,0,0,591,A
3-PA,620,0,616,0,0,616,T
3-PA,621,2,0,0,693,695,C
3-PA,622,694,0,0,0,694,A
3-PA,623,0,0,0,716,716,C
3-PA,624,715,0,0,0,715,A
3-PA,625,2,1,747,0,750,G
3-PA,626,0,8,772,0,780,G
3-PA,627,810,0,2,0,812,A
3-PA,628,832,0,0,0,832,A
3-PA,629,0,0,0,839,839,C
3-PA,630,0,819,0,0,819,T
3-PA,631,926,0,1,0,927,A
3-PA,632,0,949,0,0,949,T
3-PA,633,1,0,994,0,995,G
3-PA,634,1,0,0,992,993,C
3-PA,635,0,0,988,0,988,G
3-PA,636,0,978,0,0,978,T
3-PA,637,980,0,0,0,980,A
3-PA,638,0,3,987,0,990,G
3-PA,639,0,2,984,1,987,G
3-PA,640,0,0,0,996,996,C
3-PA,641,0,989,0,1,990,T
3-PA,642,0,981,0,1,982,T
3-PA,643,0,0,974,0,974,G
3-PA,644,1,0,0,977,978,C
3-PA,645,5,0,0,980,985,C
3-PA,646,1,5,992,0,998,G
3-PA,647,1001,0,0,0,1001,A
3-PA,648,2,3,0,1012,1017,C
3-PA,649,2,0,0,1016,1018,C
3-PA,650,1016,0,2,0,1018,A
3-PA,651,1025,0,3,0,1028,A
3-PA,652,1017,0,2,1,1020,A
3-PA,653,0,0,1058,0,1058,G
3-PA,654,0,1054,0,2,1056,T
3-PA,655,3,0,0,1066,1069,C
3-PA,656,0,1057,0,3,1060,T
3-PA,657,1,0,0,1070,1071,C
3-PA,658,1,0,0,1075,1076,C
3-PA,659,5,0,0,1085,1090,C
3-PA,660,1088,0,0,0,1088,A
3-PA,661,1,1,0,1101,1103,C
3-PA,662,0,3,0,1103,1106,C
3-PA,663,2,9,1097,0,1108,G
3-PA,664,1118,0,1,0,1119,A
3-PA,665,1125,1,0,0,1126,A
3-PA,666,0,0,0,1152,1152,C
3-PA,667,0,1146,0,1,1147,T
3-PA,668,0,1170,0,0,1170,T
3-PA,669,0,0,0,1196,1196,C
3-PA,670,1,1181,0,0,1182,T
3-PA,671,5,0,0,1183,1188,C
3-PA,672,2,0,0,1182,1184,C
3-PA,673,0,1180,0,1,1181,T
3-PA,674,0,0,1193,0,1193,G
3-PA,675,0,0,0,1205,1205,C
3-PA,676,3,0,0,1200,1203,C
3-PA,677,0,1197,0,0,1197,T
3-PA,678,0,1194,0,0,1194,T
3-PA,679,0,3,1190,0,1193,G
3-PA,680,1195,0,4,0,1199,A
3-PA,681,0,7,1218,0,1225,G
3-PA,682,1218,0,1,0,1219,A
3-PA,683,1234,0,0,0,1234,A
3-PA,684,1,1277,0,0,1278,T
3-PA,685,0,1286,1,0,1287,T
3-PA,686,1,1288,0,0,1289,T
3-PA,687,0,1292,0,0,1292,T
3-PA,688,1290,0,1,0,1291,A
3-PA,689,1,3,1285,0,1289,G
3-PA,690,1281,0,0,0,1281,A
3-PA,691,0,0,1327,0,1327,G
3-PA,692,0,0,0,1334,1334,C
3-PA,693,4,0,0,1350,1354,C
3-PA,694,0,1418,0,0,1418,T
3-PA,695,1450,0,1,0,1451,A
3-PA,696,0,1461,0,1,1462,T
3-PA,697,0,0,1464,0,1464,G
3-PA,698,0,1460,0,1,1461,T
3-PA,699,4,9,1453,0,1466,G
3-PA,700,0,4,1433,0,1437,G
3-PA,701,1434,0,3,0,1437,A
3-PA,702,1,2,0,1407,1410,C
3-PA,703,0,7,1396,0,1403,G
3-PA,704,0,1,1501,0,1502,G
3-PA,705,1489,1,2,0,1492,A
3-PA,706,0,1510,0,0,1510,T
3-PA,707,0,1519,0,2,1521,T
3-PA,708,4,2,0,1512,1518,C
3-PA,709,0,7,1515,0,1522,G
3-PA,710,1514,0,0,0,1514,A
3-PA,711,1526,0,0,0,1526,A
3-PA,712,0,1,0,1537,1538,C
3-PA,713,2,0,0,1502,1504,C
3-PA,714,0,3,1515,0,1518,G
3-PA,715,1501,0,0,0,1501,A
3-PA,716,1514,0,3,0,1517,A
3-PA,717,0,3,0,1530,1533,C
3-PA,718,0,5,1517,0,1522,G
3-PA,719,0,0,1570,0,1570,G
3-PA,720,0,3,0,1576,1579,C
3-PA,721,0,1581,0,0,1581,T
3-PA,722,0,0,1642,0,1642,G
3-PA,723,1,0,0,1644,1645,C
3-PA,724,1672,0,1,0,1673,A
3-PA,725,0,1673,0,0,1673,T
3-PA,726,0,1664,0,1,1665,T
3-PA,727,0,4,1657,0,1661,G
3-PA,728,1618,0,1,0,1619,A
3-PA,729,0,5,1647,0,1652,G
3-PA,730,0,3,1644,0,1647,G
3-PA,731,0,1,1648,1,1650,G
3-PA,732,0,0,0,1647,1647,C
3-PA,733,1636,0,0,0,1636,A
3-PA,734,1653,0,2,0,1655,A
3-PA,735,0,2,1666,0,1668,G
3-PA,736,1,1,0,1677,1679,C
3-PA,737,0,1682,0,3,1685,T
3-PA,738,0,1675,0,0,1675,T
3-PA,739,0,1680,0,1,1681,T
3-PA,740,2,0,1,1677,1680,C
3-PA,741,1,1692,0,1,1694,T
3-PA,742,7,0,0,1696,1703,C
3-PA,743,1707,0,0,0,1707,A
3-PA,744,1697,0,2,0,1699,A
3-PA,745,1688,0,1,0,1689,A
3-PA,746,0,1700,0,0,1700,T
3-PA,747,2,0,1776,0,1778,G
3-PA,748,0,1761,0,3,1764,T
3-PA,749,7,0,0,1787,1794,C
3-PA,750,1,0,0,1800,1801,C
3-PA,751,1803,0,0,0,1803,A
3-PA,752,1792,0,1,0,1793,A
3-PA,753,1813,0,1,0,1814,A
3-PA,754,0,2,1846,0,1848,G
3-PA,755,1838,0,3,0,1841,A
3-PA,756,1807,0,5,0,1812,A
3-PA,757,0,1,1834,0,1835,G
3-PA,758,0,1817,0,0,1817,T
3-PA,759,2,8,1819,0,1829,G
3-PA,760,1816,0,1,0,1817,A
3-PA,761,1812,0,1,0,1813,A
3-PA,762,0,1811,0,1,1812,T
3-PA,763,0,2,1810,1,1813,G
3-PA,764,1,0,0,1830,1831,C
3-PA,765,0,0,0,1829,1829,C
3-PA,766,3,0,0,1831,1834,C
3-PA,767,1846,0,0,0,1846,A
3-PA,768,1872,0,0,0,1872,A
3-PA,769,1889,0,0,0,1889,A
3-PA,770,0,1879,0,0,1879,T
3-PA,771,0,1878,0,0,1878,T
3-PA,772,7,12,1861,0,1880,G
3-PA,773,1866,0,2,0,1868,A
3-PA,774,1872,0,1,0,1873,A
3-PA,775,1,0,0,1889,1890,C
3-PA,776,3,1,0,1893,1897,C
3-PA,777,0,1885,0,1,1886,T
3-PA,778,1,1932,0,0,1933,T
3-PA,779,0,1936,0,0,1936,T
3-PA,780,0,1991,0,0,1991,T
3-PA,781,6,0,0,1991,1997,C
3-PA,782,0,1996,0,0,1996,T
3-PA,783,0,5,1991,0,1996,G
3-PA,784,1985,0,1,0,1986,A
3-PA,785,2013,0,2,0,2015,A
3-PA,786,0,3,2023,0,2026,G
3-PA,787,2013,0,1,0,2014,A
3-PA,788,0,3,0,2022,2025,C
3-PA,789,1997,0,3,0,2000,A
3-PA,790,2010,0,4,0,2014,A
3-PA,791,0,0,0,2220,2220,C
3-PA,792,2214,0,3,0,2217,A
3-PA,793,1,0,0,2226,2227,C
3-PA,794,2,0,0,2219,2221,C
3-PA,795,2215,0,0,1,2216,A
3-PA,796,2214,0,1,1,2216,A
3-PA,797,0,5,2217,0,2222,G
3-PA,798,2217,0,2,0,2219,A
3-PA,799,0,0,0,2230,2230,C
3-PA,800,3,0,0,2115,2118,C
3-PA,801,2126,0,0,0,2126,A
3-PA,802,2142,0,0,0,2142,A
3-PA,803,1,2142,0,0,2143,T
3-PA,804,6,0,0,2139,2145,C
3-PA,805,2141,0,0,1,2142,A
3-PA,806,2125,0,0,1,2126,A
3-PA,807,2121,0,1,0,2122,A
3-PA,808,0,0,0,2154,2154,C
3-PA,809,0,2127,0,0,2127,T
3-PA,810,0,2156,0,1,2157,T
3-PA,811,2,0,0,2166,2168,C
3-PA,812,3,1,0,2169,2173,C
3-PA,813,2,6,2179,0,2187,G
3-PA,814,2194,0,0,1,2195,A
3-PA,815,2199,0,1,1,2201,A
3-PA,816,0,2195,1,0,2196,T
3-PA,817,1,3,2159,0,2163,G
3-PA,818,0,7,2177,0,2184,G
3-PA,819,2196,0,4,0,2200,A
3-PA,820,1,1,0,2232,2234,C
3-PA,821,3,0,0,2223,2226,C
3-PA,822,0,2237,0,5,2242,T
3-PA,823,1,0,0,2263,2264,C
3-PA,824,2,1,0,2259,2262,C
3-PA,825,2224,1,0,0,2225,A
3-PA,826,1,2307,0,1,2309,T
3-PA,827,1,1,2437,1,2440,G
3-PA,828,0,2429,0,1,2430,T
3-PA,829,0,2422,1,0,2423,T
3-PA,830,2417,0,2,0,2419,A
3-PA,831,1,2369,1,0,2371,T
3-PA,832,6,1,0,2378,2385,C
3-PA,833,2343,0,3,0,2346,A
3-PA,834,0,2,2326,1,2329,G
3-PA,835,0,2,0,2325,2327,C
3-PA,836,1,3,2278,0,2282,G
3-PA,837,1,0,2334,0,2335,G
3-PA,838,0,2308,0,1,2309,T
3-PA,839,10,0,0,2329,2339,C
3-PA,840,11,0,0,2336,2347,C
3-PA,841,2374,0,0,0,2374,A
3-PA,842,2377,0,0,0,2377,A
3-PA,843,2376,0,0,1,2377,A
3-PA,844,0,2371,0,0,2371,T
3-PA,845,1,2372,0,0,2373,T
3-PA,846,3,2,0,2364,2369,C
3-PA,847,0,0,0,2351,2351,C
3-PA,848,0,2342,0,1,2343,T
3-PA,849,6,0,0,2356,2362,C
3-PA,850,4,0,0,2363,2367,C
3-PA,851,0,2357,0,0,2357,T
3-PA,852,0,3,2373,0,2376,G
3-PA,853,2360,1,0,0,2361,A
3-PA,854,0,2382,0,0,2382,T
3-PA,855,0,4,2366,0,2370,G
3-PA,856,0,1,2342,0,2343,G
3-PA,857,2312,0,2,0,2314,A
3-PA,858,0,2325,0,0,2325,T
3-PA,859,2,2,2329,0,2333,G
3-PA,860,0,0,0,2458,2458,C
3-PA,861,0,2458,0,2,2460,T
3-PA,862,0,2461,0,3,2464,T
3-PA,863,0,2472,0,0,2472,T
3-PA,864,2467,0,2,0,2469,A
3-PA,865,2475,0,0,0,2475,A
3-PA,866,2477,0,0,0,2477,A
3-PA,867,2481,1,1,1,2484,A
3-PA,868,0,2475,0,0,2475,T
3-PA,869,0,2371,1,0,2372,T
3-PA,870,2,8,2359,1,2370,G
3-PA,871,2348,1,5,0,2354,A
3-PA,872,2,1,2376,0,2379,G
3-PA,873,0,0,0,2374,2374,C
3-PA,874,2383,1,0,0,2384,A
3-PA,875,0,2424,0,0,2424,T
3-PA,876,0,2422,0,0,2422,T
3-PA,877,0,0,2405,0,2405,G
3-PA,878,2418,0,1,0,2419,A
3-PA,879,2412,1,5,0,2418,A
3-PA,880,0,5,2417,0,2422,G
3-PA,881,2392,0,1,0,2393,A
3-PA,882,1,0,0,2414,2415,C
3-PA,883,6,0,1,2399,2406,C
3-PA,884,4,0,0,2389,2393,C
3-PA,885,2395,0,0,0,2395,A
3-PA,886,2422,0,2,0,2424,A
3-PA,887,1,0,2441,0,2442,G
3-PA,888,0,2430,3,0,2433,T
3-PA,889,10,0,0,2453,2463,C
3-PA,890,2446,0,1,0,2447,A
3-PA,891,3,1,0,2455,2459,C
3-PA,892,0,2,2470,0,2472,G
3-PA,893,2483,0,0,0,2483,A
3-PA,894,2482,1,3,0,2486,A
3-PA,895,1,4,2542,0,2547,G
3-PA,896,0,2,2559,0,2561,G
3-PA,897,2527,0,4,0,2531,A
3-PA,898,0,2,2566,1,2569,G
3-PA,899,2557,0,4,0,2561,A
3-PA,900,2552,0,5,0,2557,A
3-PA,901,1,9,2548,0,2558,G
3-PA,902,1,4,2510,0,2515,G
3-PA,903,2,6,2530,0,2538,G
3-PA,904,2466,0,1,0,2467,A
3-PA,905,0,2497,0,0,2497,T
3-PA,906,2,0,0,2498,2500,C
3-PA,907,2,0,0,2752,2754,C
3-PA,908,8,0,0,2808,2816,C
3-PA,909,2845,0,1,0,2846,A
3-PA,910,0,2845,1,2,2848,T
3-PA,911,0,2880,1,1,2882,T
3-PA,912,2939,0,0,0,2939,A
3-PA,913,0,2937,0,0,2937,T
3-PA,914,2937,0,0,0,2937,A
3-PA,915,0,2912,0,2,2914,T
3-PA,916,0,7,2655,0,2662,G
3-PA,917,2641,0,2,0,2643,A
3-PA,918,0,2620,1,2,2623,T
3-PA,919,0,0,2642,0,2642,G
3-PA,920,0,1,1,2611,2613,C
3-PA,921,2,7,2597,0,2606,G
3-PA,922,2626,0,1,0,2627,A
3-PA,923,0,2640,0,0,2640,T
3-PA,924,10,1,0,2692,2703,C
3-PA,925,2691,0,0,0,2691,A
3-PA,926,2669,0,2,0,2671,A
3-PA,927,2,279,2404,0,2685,G
3-PA,928,1,2683,0,3,2687,T
3-PA,929,7,1,2691,0,2699,G
3-PA,930,3,2,0,2708,2713,C
3-PA,931,2704,0,5,0,2709,A
3-PA,932,0,2715,0,0,2715,T
3-PA,933,2701,0,0,0,2701,A
3-PA,934,2735,0,0,0,2735,A
3-PA,935,2725,0,0,0,2725,A
3-PA,936,2705,0,3,0,2708,A
3-PA,937,2702,1,1,0,2704,A
3-PA,938,1,0,0,2716,2717,C
3-PA,939,2685,1,1,0,2687,A
3-PA,940,0,2688,0,0,2688,T
3-PA,941,0,2697,0,0,2697,T
3-PA,942,3,0,0,2701,2704,C
3-PA,943,0,2681,0,3,2684,T
3-PA,944,1,2682,0,1,2684,T
3-PA,945,1,2680,0,1,2682,T
3-PA,946,1,7,2675,0,2683,G
3-PA,947,1,3,2696,0,2700,G
3-PA,948,2690,0,5,1,2696,A
3-PA,949,0,2707,0,0,2707,T
3-PA,950,1,4,2718,0,2723,G
3-PA,951,1,2,2746,0,2749,G
3-PA,952,2747,0,2,1,2750,A
3-PA,953,2756,1,0,0,2757,A
3-PA,954,2762,1,1,0,2764,A
3-PA,955,0,4,2744,0,2748,G
3-PA,956,2724,1,2,0,2727,A
3-PA,957,0,0,2680,0,2680,G
3-PA,958,1,1,0,2927,2929,C
3-PA,959,2,2,0,2967,2971,C
3-PA,960,0,2990,0,7,2997,T
3-PA,961,0,3039,0,9,3048,T
3-PA,962,3077,0,1,0,3078,A
3-PA,963,1,3085,0,0,3086,T
3-PA,964,3069,0,1,0,3070,A
3-PA,965,0,3105,0,0,3105,T
3-PA,966,2862,0,1,0,2863,A
3-PA,967,0,1,2894,0,2895,G
3-PA,968,1,2844,0,3,2848,T
3-PA,969,5,0,1,2845,2851,C
3-PA,970,2829,0,1,0,2830,A
3-PA,971,2815,0,1,0,2816,A
3-PA,972,2819,0,2,0,2821,A
3-PA,973,3,0,1,2827,2831,C
3-PA,974,3,0,0,2826,2829,C
3-PA,975,2810,0,1,1,2812,A
3-PA,976,1,0,0,2793,2794,C
3-PA,977,2786,0,1,0,2787,A
3-PA,978,1,2781,1,1,2784,T
3-PA,979,1,8,2850,0,2859,G
3-PA,980,2830,1,0,1,2832,A
3-PA,981,2860,0,2,1,2863,A
3-PA,982,2845,1,3,0,2849,A
3-PA,983,2841,0,6,0,2847,A
3-PA,984,0,2,2849,0,2851,G
3-PA,985,0,5,2809,0,2814,G
3-PA,986,0,6,2830,0,2836,G
3-PA,987,2837,0,2,0,2839,A
3-PA,988,2855,2,2,0,2859,A
3-PA,989,0,2860,1,0,2861,T
3-PA,990,2863,0,0,0,2863,A
3-PA,991,2854,0,0,0,2854,A
3-PA,992,2855,0,0,0,2855,A
3-PA,993,0,2852,0,1,2853,T
3-PA,994,0,2842,0,1,2843,T
3-PA,995,13,0,1,2858,2872,C
3-PA,996,2872,1,2,0,2875,A
3-PA,997,2874,0,0,0,2874,A
3-PA,998,2878,0,0,0,2878,A
3-PA,999,0,2872,1,0,2873,T
3-PA,1000,0,2889,0,0,2889,T
3-PA,1001,2873,1,1,0,2875,A
3-PA,1002,2,0,0,2879,2881,C
3-PA,1003,2,0,0,2896,2898,C
3-PA,1004,0,2871,0,2,2873,T
3-PA,1005,0,0,2917,0,2917,G
3-PA,1006,0,0,0,2917,2917,C
3-PA,1007,0,2921,0,2,2923,T
3-PA,1008,0,0,2969,0,2969,G
3-PA,1009,1,2950,0,4,2955,T
3-PA,1010,5,2,0,2974,2981,C
3-PA,1011,2994,1,1,0,2996,A
3-PA,1012,0,2996,0,1,2997,T
3-PA,1013,0,5,2980,1,2986,G
3-PA,1014,0,7,2954,0,2961,G
3-PA,1015,2969,0,1,0,2970,A
3-PA,1016,3029,0,5,1,3035,A
3-PA,1017,0,2,3019,0,3021,G
3-PA,1018,4,1,0,3028,3033,C
3-PA,1019,3021,0,0,0,3021,A
3-PA,1020,3027,0,7,0,3034,A
3-PA,1021,1,1,3046,0,3048,G
3-PA,1022,1,3040,1,0,3042,T
3-PA,1023,3057,0,0,0,3057,A
3-PA,1024,4,0,0,3054,3058,C
3-PA,1025,0,3003,0,3,3006,T
3-PA,1026,1,1,3043,1,3046,G
3-PA,1027,1,3017,1,1,3020,T
3-PA,1028,18,0,0,3013,3031,C
3-PA,1029,3041,0,2,0,3043,A
3-PA,1030,2,10,3054,0,3066,G
3-PA,1031,3050,0,0,0,3050,A
3-PA,1032,3059,1,1,0,3061,A
3-PA,1033,0,3087,0,4,3091,T
3-PA,1034,0,3085,0,1,3086,T
3-PA,1035,0,2,3084,0,3086,G
3-PA,1036,0,2,1,3065,3068,C
3-PA,1037,3067,1,6,0,3074,A
3-PA,1038,1,4,3073,0,3078,G
3-PA,1039,1,8,3050,0,3059,G
3-PA,1040,3073,0,5,0,3078,A
3-PA,1041,1,1,0,3091,3093,C
3-PA,1042,3037,0,1,0,3038,A
3-PA,1043,1,3069,0,0,3070,T
3-PA,1044,0,3079,0,3,3082,T
3-PA,1045,0,1,3090,0,3091,G
3-PA,1046,3097,0,0,0,3097,A
3-PA,1047,3099,0,1,0,3100,A
3-PA,1048,3083,0,0,0,3083,A
3-PA,1049,3087,0,0,0,3087,A
3-PA,1050,0,3029,0,28,3057,T
3-PA,1051,0,9,3066,0,3075,G
3-PA,1052,3042,2,7,0,3051,A
3-PA,1053,0,0,3067,0,3067,G
3-PA,1054,1,7,3062,1,3071,G
3-PA,1055,3050,0,1,0,3051,A
3-PA,1056,0,4,3082,0,3086,G
3-PA,1057,3074,1,2,0,3077,A
3-PA,1058,3083,0,6,0,3089,A
3-PA,1059,0,6,3106,0,3112,G
3-PA,1060,3099,0,6,0,3105,A
3-PA,1061,0,3095,0,2,3097,T
3-PA,1062,0,3089,0,2,3091,T
3-PA,1063,5,0,1,3097,3103,C
3-PA,1064,3,0,0,3100,3103,C
3-PA,1065,3106,0,1,0,3107,A
3-PA,1066,3082,0,1,0,3083,A
3-PA,1067,1,6,3097,0,3104,G
3-PA,1068,1,9,3097,0,3107,G
3-PA,1069,3112,0,4,0,3116,A
3-PA,1070,1,1,1,3140,3143,C
3-PA,1071,0,3132,0,13,3145,T
3-PA,1072,3143,0,0,0,3143,A
3-PA,1073,3144,0,2,0,3146,A
3-PA,1074,3145,0,0,0,3145,A
3-PA,1075,3145,0,4,0,3149,A
3-PA,1076,3121,0,0,17,3138,A
3-PA,1077,1,0,0,3108,3109,C
3-PA,1078,3102,0,0,0,3102,A
3-PA,1079,0,3087,0,1,3088,T
3-PA,1080,3,3,3110,0,3116,G
3-PA,1081,3108,0,3,0,3111,A
3-PA,1082,3117,1,3,0,3121,A
3-PA,1083,0,6,3131,0,3137,G
3-PA,1084,3129,0,0,0,3129,A
3-PA,1085,3147,0,0,0,3147,A
3-PA,1086,3112,0,3,0,3115,A
3-PA,1087,3113,1,1,0,3115,A
3-PA,1088,0,0,0,3121,3121,C
3-PA,1089,0,7,3110,0,3117,G
3-PA,1090,3119,0,3,0,3122,A
3-PA,1091,1,0,3114,0,3115,G
3-PA,1092,0,3089,0,1,3090,T
3-PA,1093,14,0,0,3132,3146,C
3-PA,1094,3168,0,2,0,3170,A
3-PA,1095,3186,1,3,0,3190,A
3-PA,1096,0,0,0,3194,3194,C
3-PA,1097,1,3197,0,0,3198,T
3-PA,1098,0,7,3243,0,3250,G
3-PA,1099,3236,1,5,0,3242,A
3-PA,1100,3231,1,7,0,3239,A
3-PA,1101,1,0,3250,0,3251,G
3-PA,1102,1,3147,0,2,3150,T
3-PA,1103,3,5,3173,0,3181,G
3-PA,1104,0,7,3143,1,3151,G
3-PA,1105,4,1,3163,0,3168,G
3-PA,1106,2,1,0,3163,3166,C
3-PA,1107,0,3162,0,3,3165,T
3-PA,1108,10,0,0,3159,3169,C
3-PA,1109,0,3160,0,0,3160,T
3-PA,1110,0,3165,0,1,3166,T
3-PA,1111,0,8,3204,0,3212,G
3-PA,1112,1,0,3216,0,3217,G
3-PA,1113,0,3172,0,2,3174,T
3-PA,1114,1,9,3189,0,3199,G
3-PA,1115,3180,0,2,0,3182,A
3-PA,1116,3213,0,0,0,3213,A
3-PA,1117,3185,1,2,0,3188,A
3-PA,1118,3197,0,0,0,3197,A
3-PA,1119,1,0,0,3212,3213,C
3-PA,1120,3163,0,0,0,3163,A
3-PA,1121,0,3159,0,3,3162,T
3-PA,1122,0,5,3133,0,3138,G
3-PA,1123,1,0,3170,0,3171,G
3-PA,1124,2,1,0,3186,3189,C
3-PA,1125,3190,1,3,0,3194,A
3-PA,1126,1,0,0,3179,3180,C
3-PA,1127,6,1,0,3186,3193,C
3-PA,1128,3249,0,1,0,3250,A
3-PA,1129,0,4,3264,0,3268,G
3-PA,1130,3246,0,1,0,3247,A
3-PA,1131,2,1,3285,0,3288,G
3-PA,1132,3271,0,1,1,3273,A
3-PA,1133,3246,0,3,0,3249,A
3-PA,1134,0,7,3273,1,3281,G
3-PA,1135,0,0,3261,0,3261,G
3-PA,1136,0,3171,1,9,3181,T
3-PA,1137,3206,0,5,1,3212,A
3-PA,1138,0,9,3221,0,3230,G
3-PA,1139,3176,0,10,0,3186,A
3-PA,1140,1,0,0,3220,3221,C
3-PA,1141,0,3182,0,2,3184,T
3-PA,1142,0,3169,0,3,3172,T
3-PA,1143,0,3183,0,0,3183,T
3-PA,1144,0,8,3191,1,3200,G
3-PA,1145,3190,0,3,0,3193,A
3-PA,1146,3204,0,3,1,3208,A
3-PA,1147,3188,0,4,0,3192,A
3-PA,1148,3173,0,1,0,3174,A
3-PA,1149,0,0,1,3232,3233,C
3-PA,1150,1,3206,0,1,3208,T
3-PA,1151,0,1,3239,0,3240,G
3-PA,1152,2,1,0,3239,3242,C
3-PA,1153,3252,1,3,0,3256,A
3-PA,1154,1,2,3250,0,3253,G
3-PA,1155,3233,1,2,0,3236,A
3-PA,1156,0,8,3351,0,3359,G
3-PA,1157,3348,1,3,0,3352,A
3-PA,1158,1,1,0,3317,3319,C
3-PA,1159,3327,0,0,0,3327,A
3-PA,1160,0,3276,0,0,3276,T
3-PA,1161,3307,0,3,0,3310,A
3-PA,1162,3285,0,3,1,3289,A
3-PA,1163,1,1,3293,0,3295,G
3-PA,1164,0,5,0,3275,3280,C
3-PA,1165,0,10,3227,0,3237,G
3-PA,1166,3282,0,2,2,3286,A
3-PA,1167,0,3270,0,1,3271,T
3-PA,1168,0,3255,0,0,3255,T
3-PA,1169,0,3268,0,1,3269,T
3-PA,1170,1,3,3290,0,3294,G
3-PA,1171,3299,1,4,1,3305,A
3-PA,1172,3294,1,3,0,3298,A
3-PA,1173,1,1,3303,0,3305,G
3-PA,1174,1,2,0,3362,3365,C
3-PA,1175,3347,0,0,0,3347,A
3-PA,1176,3527,1,3,2,3533,A
3-PA,1177,1,3523,0,1,3525,T
3-PA,1178,3535,0,2,0,3537,A
3-PA,1179,0,3535,0,6,3541,T
3-PA,1180,1,8,3551,0,3560,G
3-PA,1181,3593,0,3,1,3597,A
3-PA,1182,2,3585,0,0,3587,T
3-PA,1183,3489,1,1,0,3491,A
3-PA,1184,0,1,3491,0,3492,G
3-PA,1185,0,3364,0,1,3365,T
3-PA,1186,0,8,3367,0,3375,G
3-PA,1187,3356,0,5,0,3361,A
3-PA,1188,0,3,0,3352,3355,C
3-PA,1189,2,9,3330,1,3342,G
3-PA,1190,3368,0,0,0,3368,A
3-PA,1191,3338,0,4,0,3342,A
3-PA,1192,1,0,0,3373,3374,C
3-PA,1193,3,0,0,3379,3382,C
3-PA,1194,0,3378,0,6,3384,T
3-PA,1195,2,11,3487,0,3500,G
3-PA,1196,3482,0,3,0,3485,A
3-PA,1197,3491,2,2,0,3495,A
3-PA,1198,0,3478,0,0,3478,T
3-PA,1199,0,3483,0,0,3483,T
3-PA,1200,3468,0,0,0,3468,A
3-PA,1201,3427,0,1,0,3428,A
3-PA,1202,1,10,3422,1,3434,G
3-PA,1203,1,2,3421,0,3424,G
3-PA,1204,0,3353,0,10,3363,T
3-PA,1205,10,0,0,3360,3370,C
3-PA,1206,3345,0,3,0,3348,A
3-PA,1207,0,1,0,3454,3455,C
3-PA,1208,8,3435,0,3,3446,T
3-PA,1209,0,3459,0,1,3460,T
3-PA,1210,0,3446,0,1,3447,T
3-PA,1211,1,0,0,3455,3456,C
3-PA,1212,3442,0,6,0,3448,A
3-PA,1213,3452,0,2,0,3454,A
3-PA,1214,0,0,3503,0,3503,G
3-PA,1215,1,1,0,3489,3491,C
3-PA,1216,0,3427,0,0,3427,T
3-PA,1217,0,3,3519,0,3522,G
3-PA,1218,1,4,3525,1,3531,G
3-PA,1219,3567,0,7,0,3574,A
3-PA,1220,1,3589,0,3,3593,T
3-PA,1221,3601,0,1,0,3602,A
3-PA,1222,0,1,0,3618,3619,C
3-PA,1223,3574,0,4,2,3580,A
3-PA,1224,2,2,3612,0,3616,G
3-PA,1225,3597,0,3,0,3600,A
3-PA,1226,3551,0,1,0,3552,A
3-PA,1227,0,3507,0,0,3507,T
3-PA,1228,1,8,3502,0,3511,G
3-PA,1229,3476,1,8,0,3485,A
3-PA,1230,0,1,3520,0,3521,G
3-PA,1231,0,3494,0,1,3495,T
3-PA,1232,0,3474,0,17,3491,T
3-PA,1233,19,1,0,3526,3546,C
3-PA,1234,3567,0,2,0,3569,A
3-PA,1235,3566,0,2,0,3568,A
3-PA,1236,2,5,0,3552,3559,C
3-PA,1237,3524,0,1,0,3525,A
3-PA,1238,3514,0,1,0,3515,A
3-PA,1239,13,4,3491,0,3508,G
3-PA,1240,1,3,3498,0,3502,G
3-PA,1241,0,0,0,3496,3496,C
3-PA,1242,5,1,0,3505,3511,C
3-PA,1243,0,3490,0,5,3495,T
3-PA,1244,2,1,3525,0,3528,G
3-PA,1245,0,3506,0,2,3508,T
3-PA,1246,1,7,3542,0,3550,G
3-PA,1247,3547,0,2,0,3549,A
3-PA,1248,0,0,3544,0,3544,G
3-PA,1249,0,1,0,3501,3502,C
3-PA,1250,0,3490,0,2,3492,T
3-PA,1251,3557,0,5,1,3563,A
3-PA,1252,3565,0,3,0,3568,A
3-PA,1253,1,0,0,3567,3568,C
3-PA,1254,0,3536,0,1,3537,T
3-PA,1255,3,7,3530,1,3541,G
3-PA,1256,3517,1,1,0,3519,A
3-PA,1257,1,3500,0,1,3502,T
3-PA,1258,0,3515,0,1,3516,T
3-PA,1259,11,1,1,3519,3532,C
3-PA,1260,3607,1,1,0,3609,A
3-PA,1261,0,2,3688,0,3690,G
3-PA,1262,0,3655,0,4,3659,T
3-PA,1263,6,1,0,3654,3661,C
3-PA,1264,0,3657,0,2,3659,T
3-PA,1265,0,7,3757,0,3764,G
3-PA,1266,2,7,3767,0,3776,G
3-PA,1267,3770,0,6,0,3776,A
3-PA,1268,0,3774,0,1,3775,T
3-PA,1269,3603,1,1,0,3605,A
3-PA,1270,1,4,3574,0,3579,G
3-PA,1271,3530,0,4,0,3534,A
3-PA,1272,0,3,3531,0,3534,G
3-PA,1273,1,0,0,3518,3519,C
3-PA,1274,0,3444,0,2,3446,T
3-PA,1275,6,3,0,3454,3463,C
3-PA,1276,1,6,3464,0,3471,G
3-PA,1277,3461,8,0,0,3469,A
3-PA,1278,0,3478,0,1,3479,T
3-PA,1279,1,7,3466,0,3474,G
3-PA,1280,3516,0,1,0,3517,A
3-PA,1281,3511,0,6,0,3517,A
3-PA,1282,3528,0,0,0,3528,A
3-PA,1283,0,3490,0,0,3490,T
3-PA,1284,0,3514,0,0,3514,T
3-PA,1285,0,7,3529,0,3536,G
3-PA,1286,1,10,3518,1,3530,G
3-PA,1287,3536,0,3,0,3539,A
3-PA,1288,1,4,3536,0,3541,G
3-PA,1289,3485,0,6,0,3491,A
3-PA,1290,0,8,3511,0,3519,G
3-PA,1291,0,5,3531,0,3536,G
3-PA,1292,3543,0,3,1,3547,A
3-PA,1293,1,2,0,3573,3576,C
3-PA,1294,3,0,3540,0,3543,G
3-PA,1295,0,3532,0,1,3533,T
3-PA,1296,3532,0,3,0,3535,A
3-PA,1297,0,0,3571,0,3571,G
3-PA,1298,0,1,0,3581,3582,C
3-PA,1299,10,1,0,3532,3543,C
3-PA,1300,3,0,0,3505,3508,C
3-PA,1301,8,0,1,3529,3538,C
3-PA,1302,3547,0,0,0,3547,A
3-PA,1303,3650,0,0,0,3650,A
3-PA,1304,0,3622,0,1,3623,T
3-PA,1305,0,3621,0,0,3621,T
3-PA,1306,2,15,3596,1,3614,G
3-PA,1307,3527,0,2,0,3529,A
3-PA,1308,0,0,3538,0,3538,G
3-PA,1309,2,0,0,3531,3533,C
3-PA,1310,3525,0,3,0,3528,A
3-PA,1311,1,3,0,3582,3586,C
3-PA,1312,3493,0,1,0,3494,A
3-PA,1313,1,3560,0,0,3561,T
3-PA,1314,0,3552,0,2,3554,T
3-PA,1315,2,0,3567,0,3569,G
3-PA,1316,2,2,0,3566,3570,C
3-PA,1317,3558,0,1,0,3559,A
3-PA,1318,3546,0,9,0,3555,A
3-PA,1319,2,0,3554,1,3557,G
3-PA,1320,1,3369,0,2,3372,T
3-PA,1321,3407,0,15,0,3422,A
3-PA,1322,0,3421,0,3,3424,T
3-PA,1323,0,14,3407,0,3421,G
3-PA,1324,3391,0,2,0,3393,A
3-PA,1325,1,6,3405,1,3413,G
3-PA,1326,3406,0,4,0,3410,A
3-PA,1327,3400,1,0,0,3401,A
3-PA,1328,0,3,3354,0,3357,G
3-PA,1329,0,10,3370,0,3380,G
3-PA,1330,3390,0,3,0,3393,A
3-PA,1331,3388,0,1,0,3389,A
3-PA,1332,0,3390,0,1,3391,T
3-PA,1333,0,3395,0,0,3395,T
3-PA,1334,3411,0,0,0,3411,A
3-PA,1335,1,3405,0,1,3407,T
3-PA,1336,0,3396,0,0,3396,T
3-PA,1337,1,3398,0,3,3402,T
3-PA,1338,5,0,0,3382,3387,C
3-PA,1339,3366,0,2,0,3368,A
3-PA,1340,0,0,1,3431,3432,C
3-PA,1341,3411,1,1,0,3413,A
3-PA,1342,1,2,3445,1,3449,G
3-PA,1343,0,1,0,3434,3435,C
3-PA,1344,3428,0,2,0,3430,A
3-PA,1345,0,3,3456,0,3459,G
3-PA,1346,3430,0,3,0,3433,A
3-PA,1347,0,3,3435,0,3438,G
3-PA,1348,1,1,3444,0,3446,G
3-PA,1349,0,3344,0,3,3347,T
3-PA,1350,0,2,3418,0,3420,G
3-PA,1351,0,3371,0,4,3375,T
3-PA,1352,5,1,0,3366,3372,C
3-PA,1353,5,0,0,3397,3402,C
3-PA,1354,8,0,1,3411,3420,C
3-PA,1355,3454,0,2,0,3456,A
3-PA,1356,1,3462,0,4,3467,T
3-PA,1357,0,3466,0,0,3466,T
3-PA,1358,1,0,3496,0,3497,G
3-PA,1359,0,3443,0,2,3445,T
3-PA,1360,3397,0,3,0,3400,A
3-PA,1361,1,5,3383,0,3389,G
3-PA,1362,3303,0,6,0,3309,A
3-PA,1363,3,2,3304,0,3309,G
3-PA,1364,2,0,0,3268,3270,C
3-PA,1365,2,0,0,3256,3258,C
3-PA,1366,3304,0,3,0,3307,A
3-PA,1367,1,0,0,3315,3316,C
3-PA,1368,0,3310,0,1,3311,T
3-PA,1369,0,4,3302,0,3306,G
3-PA,1370,3289,0,0,0,3289,A
3-PA,1371,3246,0,1,0,3247,A
3-PA,1372,0,3319,0,0,3319,T
3-PA,1373,3354,1,1,0,3356,A
3-PA,1374,0,0,0,3386,3386,C
3-PA,1375,3310,0,3,0,3313,A
3-PA,1376,0,3328,0,0,3328,T
3-PA,1377,3298,0,0,0,3298,A
3-PA,1378,3297,0,0,0,3297,A
3-PA,1379,0,3269,1,1,3271,T
3-PA,1380,1,4,3251,0,3256,G
3-PA,1381,3238,0,1,0,3239,A
3-PA,1382,3190,0,1,0,3191,A
3-PA,1383,0,7,3189,0,3196,G
3-PA,1384,1,10,3161,0,3172,G
3-PA,1385,0,7,3182,0,3189,G
3-PA,1386,0,6,3183,0,3189,G
3-PA,1387,1,3,3222,0,3226,G
3-PA,1388,0,3160,1,1,3162,T
3-PA,1389,3180,0,1,0,3181,A
3-PA,1390,1,3195,1,3,3200,T
3-PA,1391,3217,0,3,0,3220,A
3-PA,1392,1,0,0,3408,3409,C
3-PA,1393,3301,0,0,0,3301,A
3-PA,1394,1,3210,1,3,3215,T
3-PA,1395,0,3190,1,0,3191,T
3-PA,1396,3150,0,2,0,3152,A
3-PA,1397,3196,0,3,0,3199,A
3-PA,1398,1,0,0,3192,3193,C
3-PA,1399,3129,0,0,0,3129,A
3-PA,1400,0,0,0,3142,3142,C
3-PA,1401,0,2779,1,2,2782,T
3-PA,1402,3,0,2844,0,2847,G
3-PA,1403,1,0,0,2810,2811,C
3-PA,1404,5,0,0,2819,2824,C
3-PA,1405,7,1,0,2826,2834,C
3-PA,1406,0,2747,0,1,2748,T
3-PA,1407,1,1,2826,0,2828,G
3-PA,1408,0,0,1,2825,2826,C
3-PA,1409,0,2820,1,4,2825,T
3-PA,1410,13,3,0,2878,2894,C
3-PA,1411,2791,0,0,0,2791,A
3-PA,1412,2815,0,0,0,2815,A
3-PA,1413,0,2806,1,2,2809,T
3-PA,1414,0,0,2803,0,2803,G
3-PA,1415,1,0,0,2798,2799,C
3-PA,1416,2722,0,1,0,2723,A
3-PA,1417,1,2678,1,16,2696,T
3-PA,1418,6,0,0,2701,2707,C
3-PA,1419,3,1,0,2724,2728,C
3-PA,1420,0,2616,1,1,2618,T
3-PA,1421,0,0,2680,0,2680,G
3-PA,1422,0,2666,1,2,2669,T
3-PA,1423,2,2,2660,0,2664,G
3-PA,1424,1,2,0,2655,2658,C
3-PA,1425,2614,0,1,0,2615,A
3-PA,1426,2,1,2628,0,2631,G
3-PA,1427,1,0,0,2619,2620,C
3-PA,1428,2590,0,0,0,2590,A
3-PA,1429,2583,0,0,0,2583,A
3-PA,1430,0,2473,0,1,2474,T
3-PA,1431,1,4,2464,0,2469,G
3-PA,1432,0,0,2463,0,2463,G
3-PA,1433,2474,0,2,0,2476,A
3-PA,1434,1,2,0,2457,2460,C
3-PA,1435,0,14,2424,0,2438,G
3-PA,1436,2465,0,0,0,2465,A
3-PA,1437,0,2462,0,2,2464,T
3-PA,1438,0,2459,0,1,2460,T
3-PA,1439,0,2453,0,1,2454,T
3-PA,1440,0,2443,0,1,2444,T
3-PA,1441,0,0,0,2458,2458,C
3-PA,1442,2467,0,1,0,2468,A
3-PA,1443,2470,0,1,0,2471,A
3-PA,1444,0,1,0,2467,2468,C
3-PA,1445,0,2411,0,0,2411,T
3-PA,1446,2427,0,0,0,2427,A
3-PA,1447,2417,0,0,0,2417,A
3-PA,1448,0,2399,0,2,2401,T
3-PA,1449,0,2395,0,2,2397,T
3-PA,1450,6,0,1,2403,2410,C
3-PA,1451,1,1,0,2406,2408,C
3-PA,1452,8,0,0,2405,2413,C
3-PA,1453,2407,0,2,0,2409,A
3-PA,1454,0,2418,0,2,2420,T
3-PA,1455,0,3,2417,1,2421,G
3-PA,1456,2421,0,0,0,2421,A
3-PA,1457,0,2411,0,0,2411,T
3-PA,1458,2415,0,0,0,2415,A
3-PA,1459,2409,0,0,0,2409,A
3-PA,1460,1,1,2398,0,2400,G
3-PA,1461,0,0,0,2384,2384,C
3-PA,1462,2390,0,2,0,2392,A
3-PA,1463,2319,1,1,1,2322,A
3-PA,1464,1,0,2334,0,2335,G
3-PA,1465,0,2303,0,0,2303,T
3-PA,1466,4,0,2298,0,2302,G
3-PA,1467,3,0,0,2302,2305,C
3-PA,1468,2260,0,3,0,2263,A
3-PA,1469,2,9,2273,0,2284,G
3-PA,1470,2272,0,0,1,2273,A
3-PA,1471,2263,0,2,0,2265,A
3-PA,1472,0,3,0,2256,2259,C
3-PA,1473,2207,0,0,0,2207,A
3-PA,1474,2229,0,0,0,2229,A
3-PA,1475,2222,0,1,0,2223,A
3-PA,1476,2224,0,4,0,2228,A
3-PA,1477,1,7,2223,0,2231,G
3-PA,1478,2142,1,3,0,2146,A
3-PA,1479,0,5,2144,0,2149,G
3-PA,1480,1,0,2095,0,2096,G
3-PA,1481,1,0,2112,0,2113,G
3-PA,1482,2098,0,2,0,2100,A
3-PA,1483,2063,0,2,0,2065,A
3-PA,1484,0,3,2051,0,2054,G
3-PA,1485,1,0,2037,0,2038,G
3-PA,1486,2,3,0,2037,2042,C
3-PA,1487,1,4,2036,0,2041,G
3-PA,1488,2046,0,1,0,2047,A
3-PA,1489,2050,0,0,0,2050,A
3-PA,1490,2048,0,0,0,2048,A
3-PA,1491,2053,0,0,0,2053,A
3-PA,1492,2040,0,3,0,2043,A
3-PA,1493,2,0,0,2048,2050,C
3-PA,1494,6,2,0,2033,2041,C
3-PA,1495,2029,0,0,0,2029,A
3-PA,1496,2045,0,1,0,2046,A
3-PA,1497,0,2031,0,0,2031,T
3-PA,1498,0,2032,1,0,2033,T
3-PA,1499,0,2050,0,1,2051,T
3-PA,1500,2042,0,0,0,2042,A
3-PA,1501,0,2025,0,0,2025,T
3-PA,1502,2025,0,1,0,2026,A
3-PA,1503,0,2016,0,1,2017,T
3-PA,1504,0,2,1995,1,1998,G
3-PA,1505,1,4,1964,0,1969,G
3-PA,1506,1977,0,0,0,1977,A
3-PA,1507,0,1957,0,1,1958,T
3-PA,1508,0,1929,0,4,1933,T
3-PA,1509,5,0,0,1914,1919,C
3-PA,1510,1920,0,0,0,1920,A
3-PA,1511,0,1926,0,4,1930,T
3-PA,1512,0,0,0,1935,1935,C
3-PA,1513,1933,0,0,0,1933,A
3-PA,1514,0,1908,0,0,1908,T
3-PA,1515,1891,0,0,0,1891,A
3-PA,1516,1889,0,1,0,1890,A
3-PA,1517,1888,0,1,0,1889,A
3-PA,1518,0,2,1869,0,1871,G
3-PA,1519,0,5,1827,0,1832,G
3-PA,1520,0,2,1799,0,1801,G
3-PA,1521,1784,0,0,0,1784,A
3-PA,1522,1770,0,1,0,1771,A
3-PA,1523,0,7,1771,0,1778,G
3-PA,1524,1768,0,1,0,1769,A
3-PA,1525,0,1762,0,2,1764,T
3-PA,1526,4,0,0,1753,1757,C
3-PA,1527,0,1711,0,0,1711,T
3-PA,1528,4,0,0,1744,1748,C
3-PA,1529,1747,1,0,0,1748,A
3-PA,1530,0,1741,0,1,1742,T
3-PA,1531,0,1742,0,1,1743,T
3-PA,1532,0,1723,0,0,1723,T
3-PA,1533,1704,0,1,0,1705,A
3-PA,1534,1701,1,1,0,1703,A
3-PA,1535,0,4,1695,0,1699,G
3-PA,1536,0,6,1706,0,1712,G
3-PA,1537,1607,0,0,0,1607,A
3-PA,1538,1603,0,0,0,1603,A
3-PA,1539,0,1597,1,1,1599,T
3-PA,1540,0,9,1591,0,1600,G
3-PA,1541,1607,1,4,1,1613,A
3-PA,1542,0,0,0,1617,1617,C
3-PA,1543,1599,0,3,0,1602,A
3-PA,1544,0,3,0,1601,1604,C
3-PA,1545,1541,0,0,0,1541,A
3-PA,1546,0,3,1549,0,1552,G
3-PA,1547,1529,0,1,0,1530,A
3-PA,1548,0,1,0,1516,1517,C
3-PA,1549,0,1,1482,0,1483,G
3-PA,1550,1,1337,0,0,1338,T
3-PA,1551,0,2,1339,0,1341,G
3-PA,1552,1,1,1341,0,1343,G
3-PA,1553,0,1346,0,0,1346,T
3-PA,1554,1344,0,0,0,1344,A
3-PA,1555,1322,0,0,0,1322,A
3-PA,1556,1323,0,0,0,1323,A
3-PA,1557,0,1305,0,0,1305,T
3-PA,1558,0,1286,0,0,1286,T
3-PA,1559,0,1279,0,0,1279,T
3-PA,1560,0,1264,0,0,1264,T
3-PA,1561,0,0,1266,0,1266,G
3-PA,1562,0,1233,0,2,1235,T
3-PA,1563,0,4,1242,0,1246,G
3-PA,1564,1235,0,1,0,1236,A
3-PA,1565,0,0,1232,0,1232,G
3-PA,1566,1,0,0,1223,1224,C
3-PA,1567,1229,0,0,0,1229,A
3-PA,1568,1,1222,0,1,1224,T
3-PA,1569,0,1,1229,0,1230,G
3-PA,1570,0,3,1229,0,1232,G
3-PA,1571,1225,0,1,0,1226,A
3-PA,1572,0,1,1233,0,1234,G
3-PA,1573,0,1195,0,1,1196,T
3-PA,1574,0,1181,0,1,1182,T
3-PA,1575,0,1174,1,1,1176,T
3-PA,1576,5,1173,0,1,1179,T
3-PA,1577,3,1,0,1177,1181,C
3-PA,1578,0,1158,0,2,1160,T
3-PA,1579,0,0,0,1163,1163,C
3-PA,1580,0,1108,1,1,1110,T
3-PA,1581,6,0,1,1092,1099,C
3-PA,1582,1094,0,0,0,1094,A
3-PA,1583,1,0,0,1100,1101,C
3-PA,1584,0,1074,0,0,1074,T
3-PA,1585,0,1,1060,0,1061,G
3-PA,1586,1052,0,2,0,1054,A
3-PA,1587,1,0,0,1053,1054,C
3-PA,1588,1,5,0,1046,1052,C
3-PA,1589,4,0,0,1037,1041,C
3-PA,1590,1,1,1037,0,1039,G
3-PA,1591,1025,0,2,0,1027,A
3-PA,1592,0,2,1037,0,1039,G
3-PA,1593,1031,0,0,0,1031,A
3-PA,1594,1,0,0,1000,1001,C
3-PA,1595,0,970,0,1,971,T
3-PA,1596,0,914,0,0,914,T
3-PA,1597,0,3,911,0,914,G
3-PA,1598,905,0,1,0,906,A
3-PA,1599,1,0,908,0,909,G
3-PA,1600,0,0,0,892,892,C
3-PA,1601,1,0,0,841,842,C
3-PA,1602,833,0,1,0,834,A
3-PA,1603,0,0,0,834,834,C
3-PA,1604,842,0,0,0,842,A
3-PA,1605,0,844,0,0,844,T
3-PA,1606,820,0,0,0,820,A
3-PA,1607,819,0,0,0,819,A
3-PA,1608,816,0,0,0,816,A
3-PA,1609,0,796,0,0,796,T
3-PA,1610,0,0,803,0,803,G
3-PA,1611,0,0,710,0,710,G
3-PA,1612,0,1,703,0,704,G
3-PA,1613,675,0,1,0,676,A
3-PA,1614,2,0,663,0,665,G
3-PA,1615,651,0,0,0,651,A
3-PA,1616,636,0,0,0,636,A
3-PA,1617,634,0,0,0,634,A
3-PA,1618,0,617,0,0,617,T
3-PA,1619,610,0,0,0,610,A
3-PA,1620,1,0,1,603,605,C
3-PA,1621,0,290,0,0,290,T
3-PA,1622,0,1,289,0,290,G
3-PA,1623,0,125,0,0,125,T
3-PA,1624,0,0,123,0,123,G
3-PA,1625,0,105,0,0,105,T
3-PA,1626,0,0,0,38,38,C
3-PA,1627,0,0,0,31,31,C
3-PA,1628,0,25,0,0,25,T
3-PA,1629,0,24,0,0,24,T
3-PA,1630,0,0,24,0,24,G
3-PA,1631,24,0,0,0,24,A
3-PA,1632,0,0,25,0,25,G
3-PA,1633,24,0,0,0,24,A
3-PA,1634,0,23,0,0,23,T
3-PA,1635,23,0,0,0,23,A
3-PA,1636,0,0,23,0,23,G
3-PA,1637,0,1,22,0,23,G
3-PA,1638,23,0,0,0,23,A
3-PA,1639,0,0,23,0,23,G
3-PA,1640,22,0,0,0,22,A
3-PA,1641,0,22,0,0,22,T
3-PA,1642,22,0,0,0,22,A
3-PA,1643,0,22,0,0,22,T
3-PA,1644,0,0,22,0,22,G
3-PA,1645,0,22,0,0,22,T
3-PA,1646,0,22,0,0,22,T
3-PA,1647,22,0,0,0,22,A
3-PA,1648,0,21,0,0,21,T
3-PA,1649,0,22,0,0,22,T
3-PA,1650,23,0,0,0,23,A
3-PA,1651,22,0,0,0,22,A
3-PA,1652,0,0,22,0,22,G
3-PA,1653,19,0,0,0,19,A
3-PA,1654,19,0,0,0,19,A
3-PA,1655,0,0,20,0,20,G
3-PA,1656,0,20,0,0,20,T
3-PA,1657,0,0,19,0,19,G
3-PA,1658,0,0,0,18,18,C
3-PA,1659,0,0,0,19,19,C
3-PA,1660,20,0,0,0,20,A
3-PA,1661,0,20,0,0,20,T
3-PA,1662,18,0,0,0,18,A
3-PA,1663,0,0,16,0,16,G
3-PA,1664,0,0,19,0,19,G
3-PA,1665,0,0,0,20,20,C
3-PA,1666,0,0,0,20,20,C
3-PA,1667,20,0,0,0,20,A
3-PA,1668,20,0,0,0,20,A
3-PA,1669,20,0,0,0,20,A
3-PA,1670,0,19,0,0,19,T
3-PA,1671,0,20,0,0,20,T
3-PA,1672,0,19,0,0,19,T
3-PA,1673,0,0,0,19,19,C
3-PA,1674,20,0,0,0,20,A
3-PA,1675,19,0,0,0,19,A
3-PA,1676,0,0,21,0,21,G
3-PA,1677,0,0,22,0,22,G
3-PA,1678,0,0,0,21,21,C
3-PA,1679,0,0,0,22,22,C
3-PA,1680,0,22,0,0,22,T
3-PA,1681,26,0,0,0,26,A
3-PA,1682,0,25,0,0,25,T
3-PA,1683,0,0,26,0,26,G
3-PA,1684,0,26,0,0,26,T
3-PA,1685,0,25,0,0,25,T
3-PA,1686,0,0,0,25,25,C
3-PA,1687,0,25,0,0,25,T
3-PA,1688,0,24,0,0,24,T
3-PA,1689,0,0,25,0,25,G
3-PA,1690,0,24,0,0,24,T
3-PA,1691,25,0,0,0,25,A
3-PA,1692,0,23,0,0,23,T
3-PA,1693,0,0,24,0,24,G
3-PA,1694,0,23,0,0,23,T
3-PA,1695,0,0,24,0,24,G
3-PA,1696,24,0,0,0,24,A
3-PA,1697,0,0,24,0,24,G
3-PA,1698,0,0,23,0,23,G
3-PA,1699,24,0,0,0,24,A
3-PA,1700,0,0,0,24,24,C
3-PA,1701,23,0,0,0,23,A
3-PA,1702,23,0,0,0,23,A
3-PA,1703,22,0,0,1,23,A
3-PA,1704,0,0,0,24,24,C
3-PA,1705,0,0,23,0,23,G
3-PA,1706,0,1,22,0,23,G
3-PA,1707,23,0,0,0,23,A
3-PA,1708,23,0,0,0,23,A
3-PA,1709,0,0,0,23,23,C
3-PA,1710,24,0,0,0,24,A
3-PA,1711,0,23,0,0,23,T
3-PA,1712,0,0,0,22,22,C
3-PA,1713,24,0,0,0,24,A
3-PA,1714,24,0,0,0,24,A
3-PA,1715,24,0,0,0,24,A
3-PA,1716,0,0,23,0,23,G
3-PA,1717,0,0,24,0,24,G
3-PA,1718,0,24,0,0,24,T
3-PA,1719,0,0,0,24,24,C
3-PA,1720,24,0,0,0,24,A
3-PA,1721,23,0,0,0,23,A
3-PA,1722,22,0,0,0,22,A
3-PA,1723,24,0,0,0,24,A
3-PA,1724,0,24,0,0,24,T
3-PA,1725,0,0,24,0,24,G
3-PA,1726,24,0,0,0,24,A
3-PA,1727,24,0,0,0,24,A
3-PA,1728,25,0,0,0,25,A
3-PA,1729,0,25,0,0,25,T
3-PA,1730,0,0,26,0,26,G
3-PA,1731,0,0,24,0,24,G
3-PA,1732,0,0,26,0,26,G
3-PA,1733,0,0,26,0,26,G
3-PA,1734,24,0,0,0,24,A
3-PA,1735,25,0,0,0,25,A
3-PA,1736,0,25,0,0,25,T
3-PA,1737,0,0,25,0,25,G
3-PA,1738,0,0,26,0,26,G
3-PA,1739,24,0,0,0,24,A
3-PA,1740,0,0,28,0,28,G
3-PA,1741,26,0,0,0,26,A
3-PA,1742,0,24,0,0,24,T
3-PA,1743,0,0,25,0,25,G
3-PA,1744,24,0,0,0,24,A
3-PA,1745,0,0,26,0,26,G
3-PA,1746,26,0,0,0,26,A
3-PA,1747,0,0,0,25,25,C
3-PA,1748,0,0,25,0,25,G
3-PA,1749,0,26,0,0,26,T
3-PA,1750,0,25,0,0,25,T
3-PA,1751,0,0,26,0,26,G
3-PA,1752,0,0,0,25,25,C
3-PA,1753,0,0,0,26,26,C
3-PA,1754,0,25,0,0,25,T
3-PA,1755,0,0,0,27,27,C
3-PA,1756,0,0,0,26,26,C
3-PA,1757,0,26,0,0,26,T
3-PA,1758,0,26,0,0,26,T
3-PA,1759,0,0,0,27,27,C
3-PA,1760,28,0,0,0,28,A
3-PA,1761,0,0,27,0,27,G
3-PA,1762,0,28,0,0,28,T
3-PA,1763,0,0,0,26,26,C
3-PA,1764,27,0,0,0,27,A
3-PA,1765,0,0,0,27,27,C
3-PA,1766,0,27,0,0,27,T
3-PA,1767,0,0,0,28,28,C
3-PA,1768,0,0,0,28,28,C
3-PA,1769,26,0,0,0,26,A
3-PA,1770,0,0,26,0,26,G
3-PA,1771,0,0,0,28,28,C
3-PA,1772,27,0,0,0,27,A
3-PA,1773,0,0,28,0,28,G
3-PA,1774,29,0,0,0,29,A
3-PA,1775,0,28,0,0,28,T
3-PA,1776,0,0,0,29,29,C
3-PA,1777,0,0,29,0,29,G
3-PA,1778,29,0,0,0,29,A
3-PA,1779,0,0,29,0,29,G
3-PA,1780,28,0,0,0,28,A
3-PA,1781,0,0,29,0,29,G
3-PA,1782,0,0,0,29,29,C
3-PA,1783,29,0,0,0,29,A
3-PA,1784,0,29,0,0,29,T
3-PA,1785,0,0,31,0,31,G
3-PA,1786,32,0,0,0,32,A
3-PA,1787,0,29,0,0,29,T
3-PA,1788,0,31,0,0,31,T
3-PA,1789,0,0,32,0,32,G
3-PA,1790,32,0,0,0,32,A
3-PA,1791,32,0,0,0,32,A
3-PA,1792,0,0,31,0,31,G
3-PA,1793,0,0,0,32,32,C
3-PA,1794,0,0,0,30,30,C
3-PA,1795,0,0,30,0,30,G
3-PA,1796,30,0,0,0,30,A
3-PA,1797,0,0,30,0,30,G
3-PA,1798,0,30,0,0,30,T
3-PA,1799,0,0,0,31,31,C
3-PA,1800,0,2,0,29,31,C
3-PA,1801,0,31,0,0,31,T
3-PA,1802,0,0,0,32,32,C
3-PA,1803,0,0,32,0,32,G
3-PA,1804,0,0,32,0,32,G
3-PA,1805,0,31,0,0,31,T
3-PA,1806,0,32,0,0,32,T
3-PA,1807,32,0,0,0,32,A
3-PA,1808,30,0,0,0,30,A
3-PA,1809,31,0,0,0,31,A
3-PA,1810,0,0,31,0,31,G
3-PA,1811,28,0,0,0,28,A
3-PA,1812,0,0,30,0,30,G
3-PA,1813,29,0,0,0,29,A
3-PA,1814,28,0,0,0,28,A
3-PA,1815,29,0,0,0,29,A
3-PA,1816,0,0,30,0,30,G
3-PA,1817,30,0,0,0,30,A
3-PA,1818,0,0,0,30,30,C
3-PA,1819,30,0,0,0,30,A
3-PA,1820,0,30,0,0,30,T
3-PA,1821,0,0,28,0,28,G
3-PA,1822,30,0,0,0,30,A
3-PA,1823,0,0,0,30,30,C
3-PA,1824,0,0,0,30,30,C
3-PA,1825,29,0,0,0,29,A
3-PA,1826,29,0,0,0,29,A
3-PA,1827,30,0,0,0,30,A
3-PA,1828,0,1,29,0,30,G
3-PA,1829,29,0,0,0,29,A
3-PA,1830,0,0,30,0,30,G
3-PA,1831,0,30,0,0,30,T
3-PA,1832,0,28,0,0,28,T
3-PA,1833,0,28,0,0,28,T
3-PA,1834,0,28,0,0,28,T
3-PA,1835,0,29,0,0,29,T
3-PA,1836,0,29,0,0,29,T
3-PA,1837,0,0,29,0,29,G
3-PA,1838,29,0,0,0,29,A
3-PA,1839,0,0,29,0,29,G
3-PA,1840,29,0,0,0,29,A
3-PA,1841,29,0,0,0,29,A
3-PA,1842,0,28,0,0,28,T
3-PA,1843,29,0,0,0,29,A
3-PA,1844,30,0,0,0,30,A
3-PA,1845,30,0,0,0,30,A
3-PA,1846,0,29,0,0,29,T
3-PA,1847,1,0,0,29,30,C
3-PA,1848,29,0,0,0,29,A
3-PA,1849,0,0,30,0,30,G
3-PA,1850,30,0,0,0,30,A
3-PA,1851,30,0,0,0,30,A
3-PA,1852,0,0,30,0,30,G
3-PA,1853,0,0,0,29,29,C
3-PA,1854,29,0,0,0,29,A
3-PA,1855,0,29,0,0,29,T
3-PA,1856,0,0,29,0,29,G
3-PA,1857,0,0,29,0,29,G
3-PA,1858,0,0,0,28,28,C
3-PA,1859,0,0,0,30,30,C
3-PA,1860,0,0,0,31,31,C
3-PA,1861,31,0,0,0,31,A
3-PA,1862,0,30,0,0,30,T
3-PA,1863,0,31,0,0,31,T
3-PA,1864,0,1,30,0,31,G
3-PA,1865,0,0,31,0,31,G
3-PA,1866,0,0,30,0,30,G
3-PA,1867,0,0,31,0,31,G
3-PA,1868,29,0,0,0,29,A
3-PA,1869,0,0,29,0,29,G
3-PA,1870,0,29,0,0,29,T
3-PA,1871,0,0,0,29,29,C
3-PA,1872,0,0,0,30,30,C
3-PA,1873,0,0,0,30,30,C
3-PA,1874,0,0,0,28,28,C
3-PA,1875,0,0,0,29,29,C
3-PA,1876,29,0,0,0,29,A
3-PA,1877,30,0,0,0,30,A
3-PA,1878,0,1,30,0,31,G
3-PA,1879,0,0,30,0,30,G
3-PA,1880,0,0,30,0,30,G
3-PA,1881,25,0,0,0,25,A
3-PA,1882,0,0,25,0,25,G
3-PA,1883,0,24,0,0,24,T
3-PA,1884,0,0,24,0,24,G
3-PA,1885,0,0,24,0,24,G
3-PA,1886,24,0,0,0,24,A
3-PA,1887,24,0,0,0,24,A
3-PA,1888,0,0,24,0,24,G
3-PA,1889,24,0,0,0,24,A
3-PA,1890,24,0,0,0,24,A
3-PA,1891,0,0,24,0,24,G
3-PA,1892,0,0,25,0,25,G
3-PA,1893,0,24,0,0,24,T
3-PA,1894,0,24,0,0,24,T
3-PA,1895,0,0,0,24,24,C
3-PA,1896,1,0,0,22,23,C
3-PA,1897,24,0,0,0,24,A
3-PA,1898,0,23,0,0,23,T
3-PA,1899,0,24,0,0,24,T
3-PA,1900,0,0,24,0,24,G
3-PA,1901,0,0,24,0,24,G
3-PA,1902,0,0,23,0,23,G
3-PA,1903,22,0,0,0,22,A
3-PA,1904,24,0,0,0,24,A
3-PA,1905,24,0,0,0,24,A
3-PA,1906,0,0,25,0,25,G
3-PA,1907,0,24,0,0,24,T
3-PA,1908,0,0,0,24,24,C
3-PA,1909,0,24,0,0,24,T
3-PA,1910,0,0,24,0,24,G
3-PA,1911,0,24,0,0,24,T
3-PA,1912,25,0,0,0,25,A
3-PA,1913,0,0,25,0,25,G
3-PA,1914,0,0,24,1,25,G
3-PA,1915,26,0,0,0,26,A
3-PA,1916,0,0,0,26,26,C
3-PA,1917,0,25,0,0,25,T
3-PA,1918,0,0,0,25,25,C
3-PA,1919,0,26,0,0,26,T
3-PA,1920,25,0,0,0,25,A
3-PA,1921,0,25,0,0,25,T
3-PA,1922,0,26,0,0,26,T
3-PA,1923,0,0,26,0,26,G
3-PA,1924,0,0,26,0,26,G
3-PA,1925,0,0,0,25,25,C
3-PA,1926,0,26,0,0,26,T
3-PA,1927,24,0,0,0,24,A
3-PA,1928,25,0,0,0,25,A
3-PA,1929,0,0,25,0,25,G
3-PA,1930,0,24,0,0,24,T
3-PA,1931,0,0,0,24,24,C
3-PA,1932,24,0,0,0,24,A
3-PA,1933,0,0,25,0,25,G
3-PA,1934,0,24,0,0,24,T
3-PA,1935,24,0,0,0,24,A
3-PA,1936,0,25,0,0,25,T
3-PA,1937,0,24,0,0,24,T
3-PA,1938,0,0,0,24,24,C
3-PA,1939,24,0,0,0,24,A
3-PA,1940,24,0,0,0,24,A
3-PA,1941,0,24,0,0,24,T
3-PA,1942,24,0,0,0,24,A
3-PA,1943,0,0,26,0,26,G
3-PA,1944,0,0,0,27,27,C
3-PA,1945,1,0,0,25,26,C
3-PA,1946,0,26,0,0,26,T
3-PA,1947,0,0,26,0,26,G
3-PA,1948,0,26,0,0,26,T
3-PA,1949,27,0,0,0,27,A
3-PA,1950,0,27,0,0,27,T
3-PA,1951,0,0,26,0,26,G
3-PA,1952,0,0,0,27,27,C
3-PA,1953,26,0,0,0,26,A
3-PA,1954,0,26,0,0,26,T
3-PA,1955,0,0,0,26,26,C
3-PA,1956,26,0,0,0,26,A
3-PA,1957,0,0,0,27,27,C
3-PA,1958,1,0,0,25,26,C
3-PA,1959,27,0,0,0,27,A
3-PA,1960,0,0,0,27,27,C
3-PA,1961,26,0,0,0,26,A
3-PA,1962,26,0,0,0,26,A
3-PA,1963,0,25,0,0,25,T
3-PA,1964,0,25,0,0,25,T
3-PA,1965,0,0,25,0,25,G
3-PA,1966,0,0,25,0,25,G
3-PA,1967,26,0,0,0,26,A
3-PA,1968,25,0,0,0,25,A
3-PA,1969,0,0,26,0,26,G
3-PA,1970,0,0,26,0,26,G
3-PA,1971,26,0,0,0,26,A
3-PA,1972,0,26,0,0,26,T
3-PA,1973,0,25,0,0,25,T
3-PA,1974,0,25,0,0,25,T
3-PA,1975,0,26,0,0,26,T
3-PA,1976,0,0,0,25,25,C
3-PA,1977,25,0,0,0,25,A
3-PA,1978,0,0,25,0,25,G
3-PA,1979,0,0,0,25,25,C
3-PA,1980,0,0,25,0,25,G
3-PA,1981,0,0,25,0,25,G
3-PA,1982,25,0,0,0,25,A
3-PA,1983,0,0,26,0,26,G
3-PA,1984,0,26,0,0,26,T
3-PA,1985,0,0,0,26,26,C
3-PA,1986,26,0,0,0,26,A
3-PA,1987,26,0,0,0,26,A
3-PA,1988,0,1,25,0,26,G
3-PA,1989,26,0,0,0,26,A
3-PA,1990,26,0,0,0,26,A
3-PA,1991,26,0,0,0,26,A
3-PA,1992,24,0,0,0,24,A
3-PA,1993,0,0,0,25,25,C
3-PA,1994,0,25,0,0,25,T
3-PA,1995,0,0,25,0,25,G
3-PA,1996,0,0,0,25,25,C
3-PA,1997,0,25,0,0,25,T
3-PA,1998,0,0,0,25,25,C
3-PA,1999,0,0,0,25,25,C
3-PA,2000,0,24,0,0,24,T
3-PA,2001,0,24,0,0,24,T
3-PA,2002,0,0,25,0,25,G
3-PA,2003,0,24,0,0,24,T
3-PA,2004,0,24,0,0,24,T
3-PA,2005,0,0,24,0,24,G
3-PA,2006,0,24,0,0,24,T
3-PA,2007,0,24,0,0,24,T
3-PA,2008,0,0,0,24,24,C
3-PA,2009,24,0,0,0,24,A
3-PA,2010,0,1,23,0,24,G
3-PA,2011,0,0,24,0,24,G
3-PA,2012,0,0,0,24,24,C
3-PA,2013,0,23,0,0,23,T
3-PA,2014,0,0,0,24,24,C
3-PA,2015,0,23,0,0,23,T
3-PA,2016,0,23,0,0,23,T
3-PA,2017,23,0,0,0,23,A
3-PA,2018,0,0,23,0,23,G
3-PA,2019,0,0,23,0,23,G
3-PA,2020,0,0,23,0,23,G
3-PA,2021,22,0,0,0,22,A
3-PA,2022,0,0,0,22,22,C
3-PA,2023,19,0,0,0,19,A
3-PA,2024,19,0,0,0,19,A
3-PA,2025,0,0,0,19,19,C
3-PA,2026,0,0,0,19,19,C
3-PA,2027,0,19,0,0,19,T
3-PA,2028,0,0,0,19,19,C
3-PA,2029,0,0,19,0,19,G
3-PA,2030,19,0,0,0,19,A
3-PA,2031,18,0,0,0,18,A
3-PA,2032,0,0,0,19,19,C
3-PA,2033,0,0,0,18,18,C
3-PA,2034,0,17,0,0,17,T
3-PA,2035,0,0,16,0,16,G
3-PA,2036,0,0,16,0,16,G
3-PA,2037,0,0,16,0,16,G
3-PA,2038,16,0,0,0,16,A
3-PA,2039,0,0,0,16,16,C
3-PA,2040,0,0,0,17,17,C
3-PA,2041,0,15,0,0,15,T
3-PA,2042,0,15,0,0,15,T
3-PA,2043,0,15,0,0,15,T
3-PA,2044,0,0,15,0,15,G
3-PA,2045,16,0,0,0,16,A
3-PA,2046,0,16,0,0,16,T
3-PA,2047,0,0,0,16,16,C
3-PA,2048,0,16,0,0,16,T
3-PA,2049,0,16,0,0,16,T
3-PA,2050,0,0,15,0,15,G
3-PA,2051,0,0,16,0,16,G
3-PA,2052,0,0,16,0,16,G
3-PA,2053,0,0,16,0,16,G
3-PA,2054,0,0,16,0,16,G
3-PA,2055,0,0,16,0,16,G
3-PA,2056,0,0,0,16,16,C
3-PA,2057,0,15,0,0,15,T
3-PA,2058,0,0,15,0,15,G
3-PA,2059,0,15,0,0,15,T
3-PA,2060,15,0,0,0,15,A
3-PA,2061,0,15,0,0,15,T
3-PA,2062,0,0,15,0,15,G
3-PA,2063,15,0,0,0,15,A
3-PA,2064,15,0,0,0,15,A
3-PA,2065,0,0,15,0,15,G
3-PA,2066,0,0,0,15,15,C
3-PA,2067,13,0,0,0,13,A
3-PA,2068,14,0,0,0,14,A
3-PA,2069,0,14,0,0,14,T
3-PA,2070,0,14,0,0,14,T
3-PA,2071,0,0,14,0,14,G
3-PA,2072,14,0,0,0,14,A
3-PA,2073,0,0,14,0,14,G
3-PA,2074,0,0,14,0,14,G
3-PA,2075,14,0,0,0,14,A
3-PA,2076,0,0,14,0,14,G
3-PA,2077,0,14,0,0,14,T
3-PA,2078,0,0,14,0,14,G
3-PA,2079,0,0,0,13,13,C
3-PA,2080,0,0,0,14,14,C
3-PA,2081,0,14,0,0,14,T
3-PA,2082,0,0,14,0,14,G
3-PA,2083,14,0,0,0,14,A
3-PA,2084,0,14,0,0,14,T
3-PA,2085,0,13,0,0,13,T
3-PA,2086,13,0,0,0,13,A
3-PA,2087,13,0,0,0,13,A
3-PA,2088,0,13,0,0,13,T
3-PA,2089,0,0,13,0,13,G
3-PA,2090,13,0,0,0,13,A
3-PA,2091,0,12,0,0,12,T
3-PA,2092,0,0,0,12,12,C
3-PA,2093,0,0,0,12,12,C
3-PA,2094,0,0,0,12,12,C
3-PA,2095,0,12,0,0,12,T
3-PA,2096,0,0,12,0,12,G
3-PA,2097,0,0,12,0,12,G
3-PA,2098,0,0,12,0,12,G
3-PA,2099,0,12,0,0,12,T
3-PA,2100,0,11,0,0,11,T
3-PA,2101,0,11,0,0,11,T
3-PA,2102,0,11,0,0,11,T
3-PA,2103,0,0,11,0,11,G
3-PA,2104,0,0,0,11,11,C
3-PA,2105,0,11,0,0,11,T
3-PA,2106,0,0,0,11,11,C
3-PA,2107,11,0,0,0,11,A
3-PA,2108,11,0,0,0,11,A
3-PA,2109,0,11,0,0,11,T
3-PA,2110,0,0,11,0,11,G
3-PA,2111,0,0,0,11,11,C
3-PA,2112,0,0,11,0,11,G
3-PA,2113,0,11,0,0,11,T
3-PA,2114,0,0,0,11,11,C
3-PA,2115,0,11,0,0,11,T
3-PA,2116,0,11,0,0,11,T
3-PA,2117,0,0,11,0,11,G
3-PA,2118,0,0,11,0,11,G
3-PA,2119,0,11,0,0,11,T
3-PA,2120,0,11,0,0,11,T
3-PA,2121,0,0,0,10,10,C
3-PA,2122,8,0,0,0,8,A
3-PA,2123,8,0,0,0,8,A
3-PA,2124,0,0,0,8,8,C
3-PA,2125,0,7,0,0,7,T
3-PA,2126,0,0,0,7,7,C
3-PA,2127,0,0,0,6,6,C
3-PA,2128,0,6,0,0,6,T
3-PA,2129,0,6,0,0,6,T
3-PA,2130,0,0,0,6,6,C
3-PA,2131,0,0,0,6,6,C
3-PA,2132,0,6,0,0,6,T
3-PA,2133,0,0,6,0,6,G
3-PA,2134,6,0,0,0,6,A
3-PA,2135,0,0,0,6,6,C
3-PA,2136,5,0,0,0,5,A
3-PA,2137,0,0,0,5,5,C
3-PA,2138,5,0,0,0,5,A
3-PA,2139,0,5,0,0,5,T
3-PA,2140,0,0,5,0,5,G
3-PA,2141,0,0,0,5,5,C
3-PA,2142,5,0,0,0,5,A
3-PA,2143,0,5,0,0,5,T
3-PA,2144,0,5,0,0,5,T
3-PA,2145,5,0,0,0,5,A
3-PA,2146,5,0,0,0,5,A
3-PA,2147,5,0,0,0,5,A
3-PA,2148,5,0,0,0,5,A
3-PA,2149,0,5,0,0,5,T
3-PA,2150,3,0,0,0,3,A
3-PA,2151,0,0,3,0,3,G
4-HA,1,61,0,0,0,61,A
4-HA,2,0,59,0,0,59,T
4-HA,3,0,0,65,0,65,G
4-HA,4,63,0,0,0,63,A
4-HA,5,66,0,0,0,66,A
4-HA,6,0,0,71,0,71,G
4-HA,7,72,0,0,0,72,A
4-HA,8,0,0,0,78,78,C
4-HA,9,0,79,0,0,79,T
4-HA,10,81,0,0,0,81,A
4-HA,11,0,82,0,0,82,T
4-HA,12,0,0,0,80,80,C
4-HA,13,81,0,0,0,81,A
4-HA,14,0,82,0,0,82,T
4-HA,15,0,80,0,0,80,T
4-HA,16,0,0,85,0,85,G
4-HA,17,0,0,0,85,85,C
4-HA,18,0,86,0,0,86,T
4-HA,19,0,86,0,0,86,T
4-HA,20,0,86,0,0,86,T
4-HA,21,85,0,0,0,85,A
4-HA,22,85,0,1,0,86,A
4-HA,23,0,0,84,0,84,G
4-HA,24,0,0,0,87,87,C
4-HA,25,0,87,0,0,87,T
4-HA,26,87,0,0,0,87,A
4-HA,27,0,0,0,86,86,C
4-HA,28,0,87,0,0,87,T
4-HA,29,0,97,0,0,97,T
4-HA,30,0,97,0,0,97,T
4-HA,31,0,0,0,98,98,C
4-HA,32,0,97,0,0,97,T
4-HA,33,98,0,0,0,98,A
4-HA,34,0,98,0,0,98,T
4-HA,35,0,0,99,0,99,G
4-HA,36,0,98,0,0,98,T
4-HA,37,1,0,0,98,99,C
4-HA,38,0,97,0,0,97,T
4-HA,39,0,0,97,0,97,G
4-HA,40,0,0,98,0,98,G
4-HA,41,0,98,0,0,98,T
4-HA,42,0,98,0,0,98,T
4-HA,43,0,95,0,0,95,T
4-HA,44,0,98,0,0,98,T
4-HA,45,0,0,0,97,97,C
4-HA,46,0,0,98,0,98,G
4-HA,47,0,0,0,100,100,C
4-HA,48,0,97,0,2,99,T
4-HA,49,2,0,0,100,102,C
4-HA,50,101,0,0,0,101,A
4-HA,51,101,0,0,0,101,A
4-HA,52,101,0,0,0,101,A
4-HA,53,101,0,0,0,101,A
4-HA,54,100,0,0,0,100,A
4-HA,55,0,102,0,0,102,T
4-HA,56,0,102,0,0,102,T
4-HA,57,0,101,0,0,101,T
4-HA,58,1,0,0,100,101,C
4-HA,59,0,0,0,102,102,C
4-HA,60,0,102,0,0,102,T
4-HA,61,0,2,101,0,103,G
4-HA,62,0,0,102,0,102,G
4-HA,63,102,0,0,0,102,A
4-HA,64,107,0,0,0,107,A
4-HA,65,108,0,0,0,108,A
4-HA,66,0,108,0,0,108,T
4-HA,67,0,0,108,0,108,G
4-HA,68,109,0,0,0,109,A
4-HA,69,0,0,0,110,110,C
4-HA,70,109,0,0,0,109,A
4-HA,71,110,0,0,0,110,A
4-HA,72,0,0,0,115,115,C
4-HA,73,115,0,0,0,115,A
4-HA,74,0,0,114,0,114,G
4-HA,75,0,0,0,117,117,C
4-HA,76,116,0,0,0,116,A
4-HA,77,0,0,0,118,118,C
4-HA,78,0,0,116,0,116,G
4-HA,79,0,0,117,0,117,G
4-HA,80,0,0,0,120,120,C
4-HA,81,120,0,0,0,120,A
4-HA,82,120,0,1,0,121,A
4-HA,83,0,0,0,119,119,C
4-HA,84,0,0,117,0,117,G
4-HA,85,0,0,0,120,120,C
4-HA,86,0,118,0,0,118,T
4-HA,87,0,0,118,0,118,G
4-HA,88,0,120,0,0,120,T
4-HA,89,0,0,123,0,123,G
4-HA,90,0,0,0,124,124,C
4-HA,91,1,0,0,128,129,C
4-HA,92,0,127,0,0,127,T
4-HA,93,0,127,0,0,127,T
4-HA,94,0,0,128,0,128,G
4-HA,95,0,1,127,0,128,G
4-HA,96,0,0,131,0,131,G
4-HA,97,0,0,0,134,134,C
4-HA,98,135,0,1,0,136,A
4-HA,99,0,0,0,137,137,C
4-HA,100,0,0,0,138,138,C
4-HA,101,153,0,0,0,153,A
4-HA,102,0,154,0,0,154,T
4-HA,103,0,0,154,0,154,G
4-HA,104,0,0,0,155,155,C
4-HA,105,153,0,0,0,153,A
4-HA,106,1,0,162,0,163,G
4-HA,107,0,163,0,0,163,T
4-HA,108,166,0,0,0,166,A
4-HA,109,1,0,0,168,169,C
4-HA,110,1,0,0,165,166,C
4-HA,111,166,0,0,0,166,A
4-HA,112,163,0,0,0,163,A
4-HA,113,163,0,0,0,163,A
4-HA,114,0,0,0,167,167,C
4-HA,115,0,0,163,0,163,G
4-HA,116,0,0,167,0,167,G
4-HA,117,164,0,0,0,164,A
4-HA,118,166,0,0,0,166,A
4-HA,119,0,0,0,168,168,C
4-HA,120,0,0,171,0,171,G
4-HA,121,175,0,0,0,175,A
4-HA,122,0,176,0,0,176,T
4-HA,123,175,0,0,0,175,A
4-HA,124,0,0,175,0,175,G
4-HA,125,0,172,0,0,172,T
4-HA,126,0,1,172,0,173,G
4-HA,127,173,0,0,0,173,A
4-HA,128,171,0,0,0,171,A
4-HA,129,173,0,0,0,173,A
4-HA,130,172,0,0,0,172,A
4-HA,131,0,0,0,174,174,C
4-HA,132,174,0,0,0,174,A
4-HA,133,174,0,0,0,174,A
4-HA,134,0,173,0,0,173,T
4-HA,135,0,2,0,173,175,C
4-HA,136,175,0,0,0,175,A
4-HA,137,0,0,0,178,178,C
4-HA,138,0,1,178,0,179,G
4-HA,139,177,0,0,0,177,A
4-HA,140,174,0,0,0,174,A
4-HA,141,0,176,0,0,176,T
4-HA,142,0,0,174,0,174,G
4-HA,143,177,0,0,0,177,A
4-HA,144,0,0,0,179,179,C
4-HA,145,1,0,0,179,180,C
4-HA,146,180,0,0,0,180,A
4-HA,147,180,0,0,0,180,A
4-HA,148,181,0,0,0,181,A
4-HA,149,0,182,0,0,182,T
4-HA,150,0,182,0,0,182,T
4-HA,151,0,0,183,0,183,G
4-HA,152,181,0,0,0,181,A
4-HA,153,182,0,0,0,182,A
4-HA,154,0,0,185,0,185,G
4-HA,155,0,187,0,0,187,T
4-HA,156,0,189,0,0,189,T
4-HA,157,190,0,0,0,190,A
4-HA,158,0,0,0,191,191,C
4-HA,159,0,192,0,0,192,T
4-HA,160,193,0,0,0,193,A
4-HA,161,199,0,0,0,199,A
4-HA,162,0,200,0,0,200,T
4-HA,163,0,1,198,0,199,G
4-HA,164,0,2,0,201,203,C
4-HA,165,0,199,0,0,199,T
4-HA,166,202,0,0,0,202,A
4-HA,167,0,0,0,201,201,C
4-HA,168,0,199,0,0,199,T
4-HA,169,0,0,200,0,200,G
4-HA,170,198,0,1,0,199,A
4-HA,171,0,0,200,0,200,G
4-HA,172,0,0,0,198,198,C
4-HA,173,0,195,0,0,195,T
4-HA,174,0,1,202,0,203,G
4-HA,175,0,0,204,0,204,G
4-HA,176,0,204,0,0,204,T
4-HA,177,0,205,0,0,205,T
4-HA,178,0,0,0,203,203,C
4-HA,179,203,0,0,0,203,A
4-HA,180,0,0,205,0,205,G
4-HA,181,205,0,0,0,205,A
4-HA,182,0,0,209,0,209,G
4-HA,183,0,211,0,0,211,T
4-HA,184,0,210,0,0,210,T
4-HA,185,0,0,0,214,214,C
4-HA,186,1,0,0,214,215,C
4-HA,187,0,214,0,1,215,T
4-HA,188,0,0,0,217,217,C
4-HA,189,213,0,1,0,214,A
4-HA,190,215,0,0,0,215,A
4-HA,191,0,0,0,216,216,C
4-HA,192,210,0,0,0,210,A
4-HA,193,0,0,215,0,215,G
4-HA,194,0,0,215,0,215,G
4-HA,195,0,214,0,0,214,T
4-HA,196,0,1,214,0,215,G
4-HA,197,217,0,0,0,217,A
4-HA,198,217,0,0,0,217,A
4-HA,199,225,0,0,0,225,A
4-HA,200,0,224,0,0,224,T
4-HA,201,225,0,0,0,225,A
4-HA,202,0,224,0,0,224,T
4-HA,203,0,0,220,0,220,G
4-HA,204,0,0,0,227,227,C
4-HA,205,0,0,223,0,223,G
4-HA,206,224,0,0,0,224,A
4-HA,207,0,0,0,224,224,C
4-HA,208,219,0,0,1,220,A
4-HA,209,0,1,227,0,228,G
4-HA,210,0,227,0,0,227,T
4-HA,211,0,0,0,229,229,C
4-HA,212,1,0,0,226,227,C
4-HA,213,0,228,0,0,228,T
4-HA,214,0,0,0,230,230,C
4-HA,215,231,0,0,0,231,A
4-HA,216,0,231,0,0,231,T
4-HA,217,0,0,0,231,231,C
4-HA,218,217,0,2,0,219,A
4-HA,219,0,0,225,0,225,G
4-HA,220,225,0,0,0,225,A
4-HA,221,0,227,0,0,227,T
4-HA,222,2,0,0,227,229,C
4-HA,223,0,0,0,226,226,C
4-HA,224,0,229,0,0,229,T
4-HA,225,0,229,0,0,229,T
4-HA,226,0,0,227,0,227,G
4-HA,227,226,0,0,0,226,A
4-HA,228,0,231,0,0,231,T
4-HA,229,0,0,233,0,233,G
4-HA,230,0,0,230,0,230,G
4-HA,231,230,0,0,0,230,A
4-HA,232,0,0,231,0,231,G
4-HA,233,229,0,0,0,229,A
4-HA,234,233,0,0,1,234,A
4-HA,235,234,0,0,0,234,A
4-HA,236,236,0,0,0,236,A
4-HA,237,0,0,0,235,235,C
4-HA,238,0,235,0,0,235,T
4-HA,239,0,0,236,0,236,G
4-HA,240,1,0,0,235,236,C
4-HA,241,237,0,0,0,237,A
4-HA,242,0,0,0,240,240,C
4-HA,243,240,0,0,0,240,A
4-HA,244,0,0,0,263,263,C
4-HA,245,0,262,0,0,262,T
4-HA,246,264,0,0,0,264,A
4-HA,247,261,0,0,0,261,A
4-HA,248,0,266,0,0,266,T
4-HA,249,264,0,0,0,264,A
4-HA,250,0,0,263,0,263,G
4-HA,251,254,0,0,0,254,A
4-HA,252,0,253,0,0,253,T
4-HA,253,1,0,240,0,241,G
4-HA,254,0,0,0,238,238,C
4-HA,255,0,239,0,0,239,T
4-HA,256,0,0,0,254,254,C
4-HA,257,0,252,0,0,252,T
4-HA,258,269,0,0,0,269,A
4-HA,259,0,267,0,0,267,T
4-HA,260,0,267,0,0,267,T
4-HA,261,0,0,273,0,273,G
4-HA,262,0,0,270,0,270,G
4-HA,263,0,2,272,0,274,G
4-HA,264,273,0,0,0,273,A
4-HA,265,0,0,271,0,271,G
4-HA,266,269,0,1,0,270,A
4-HA,267,0,0,1,340,341,C
4-HA,268,0,0,0,364,364,C
4-HA,269,0,0,0,366,366,C
4-HA,270,0,368,1,2,371,T
4-HA,271,0,0,0,376,376,C
4-HA,272,378,0,0,0,378,A
4-HA,273,0,1,433,0,434,G
4-HA,274,0,431,0,0,431,T
4-HA,275,0,0,438,0,438,G
4-HA,276,0,430,0,0,430,T
4-HA,277,0,0,431,0,431,G
4-HA,278,431,0,2,0,433,A
4-HA,279,1,433,0,0,434,T
4-HA,280,0,1,429,0,430,G
4-HA,281,1,0,427,0,428,G
4-HA,282,0,0,0,424,424,C
4-HA,283,0,428,0,2,430,T
4-HA,284,0,426,0,0,426,T
4-HA,285,0,0,0,433,433,C
4-HA,286,2,0,0,428,430,C
4-HA,287,435,0,0,0,435,A
4-HA,288,438,0,0,0,438,A
4-HA,289,443,0,0,0,443,A
4-HA,290,436,0,0,0,436,A
4-HA,291,0,441,0,0,441,T
4-HA,292,441,0,0,0,441,A
4-HA,293,441,0,1,0,442,A
4-HA,294,0,2,445,0,447,G
4-HA,295,449,0,0,0,449,A
4-HA,296,449,0,0,0,449,A
4-HA,297,1,446,0,0,447,T
4-HA,298,0,454,0,0,454,T
4-HA,299,0,0,451,0,451,G
4-HA,300,0,3,448,0,451,G
4-HA,301,0,1,450,0,451,G
4-HA,302,444,1,0,0,445,A
4-HA,303,3,0,0,456,459,C
4-HA,304,2,0,0,457,459,C
4-HA,305,0,476,0,0,476,T
4-HA,306,0,474,0,0,474,T
4-HA,307,0,474,0,0,474,T
4-HA,308,0,478,0,1,479,T
4-HA,309,0,480,0,0,480,T
4-HA,310,1,0,482,0,483,G
4-HA,311,0,478,0,2,480,T
4-HA,312,0,481,0,0,481,T
4-HA,313,0,0,483,0,483,G
4-HA,314,482,0,0,0,482,A
4-HA,315,484,0,0,0,484,A
4-HA,316,0,0,0,487,487,C
4-HA,317,0,0,482,0,482,G
4-HA,318,0,0,0,503,503,C
4-HA,319,501,0,0,0,501,A
4-HA,320,0,1,503,0,504,G
4-HA,321,0,0,0,506,506,C
4-HA,322,504,0,0,0,504,A
4-HA,323,505,0,0,0,505,A
4-HA,324,506,0,1,0,507,A
4-HA,325,0,0,546,0,546,G
4-HA,326,0,1,0,548,549,C
4-HA,327,0,0,0,554,554,C
4-HA,328,0,555,0,1,556,T
4-HA,329,556,0,1,0,557,A
4-HA,330,0,0,0,572,572,C
4-HA,331,571,0,1,0,572,A
4-HA,332,0,0,572,0,572,G
4-HA,333,0,1,0,570,571,C
4-HA,334,562,0,0,0,562,A
4-HA,335,573,0,0,0,573,A
4-HA,336,0,0,0,613,613,C
4-HA,337,0,611,0,0,611,T
4-HA,338,0,1,617,0,618,G
4-HA,339,0,612,0,2,614,T
4-HA,340,0,616,0,1,617,T
4-HA,341,615,0,0,0,615,A
4-HA,342,0,0,0,677,677,C
4-HA,343,0,0,0,682,682,C
4-HA,344,1,0,0,703,704,C
4-HA,345,0,691,0,1,692,T
4-HA,346,0,696,1,1,698,T
4-HA,347,702,0,0,0,702,A
4-HA,348,0,700,0,0,700,T
4-HA,349,1,0,696,0,697,G
4-HA,350,697,0,0,0,697,A
4-HA,351,0,659,0,3,662,T
4-HA,352,0,0,679,0,679,G
4-HA,353,0,674,0,1,675,T
4-HA,354,0,2,673,0,675,G
4-HA,355,0,0,0,672,672,C
4-HA,356,1,2,1,675,679,C
4-HA,357,0,0,693,0,693,G
4-HA,358,1,2,709,0,712,G
4-HA,359,710,0,0,0,710,A
4-HA,360,0,715,0,0,715,T
4-HA,361,0,705,0,0,705,T
4-HA,362,720,0,0,0,720,A
4-HA,363,0,713,0,1,714,T
4-HA,364,0,0,714,0,714,G
4-HA,365,0,2,0,712,714,C
4-HA,366,0,0,0,711,711,C
4-HA,367,0,725,0,2,727,T
4-HA,368,7,0,0,760,767,C
4-HA,369,1,0,0,777,778,C
4-HA,370,1,0,0,776,777,C
4-HA,371,0,779,0,0,779,T
4-HA,372,0,783,0,0,783,T
4-HA,373,781,0,0,0,781,A
4-HA,374,0,3,792,0,795,G
4-HA,375,0,1,796,0,797,G
4-HA,376,0,788,0,0,788,T
4-HA,377,5,0,0,779,784,C
4-HA,378,776,0,1,0,777,A
4-HA,379,0,0,0,808,808,C
4-HA,380,0,806,0,3,809,T
4-HA,381,804,0,0,0,804,A
4-HA,382,0,0,800,0,800,G
4-HA,383,0,790,0,0,790,T
4-HA,384,0,791,0,0,791,T
4-HA,385,0,0,793,0,793,G
4-HA,386,0,0,0,800,800,C
4-HA,387,0,0,0,796,796,C
4-HA,388,0,785,0,1,786,T
4-HA,389,2,0,0,789,791,C
4-HA,390,822,0,0,0,822,A
4-HA,391,0,815,0,1,816,T
4-HA,392,1,0,0,824,825,C
4-HA,393,2,0,0,822,824,C
4-HA,394,5,4,805,0,814,G
4-HA,395,0,1,817,0,818,G
4-HA,396,0,0,0,824,824,C
4-HA,397,834,0,1,0,835,A
4-HA,398,0,0,0,852,852,C
4-HA,399,838,0,0,0,838,A
4-HA,400,1,0,0,846,847,C
4-HA,401,0,846,0,2,848,T
4-HA,402,0,2,853,0,855,G
4-HA,403,0,2,856,0,858,G
4-HA,404,845,0,1,0,846,A
4-HA,405,0,0,865,0,865,G
4-HA,406,0,865,0,0,865,T
4-HA,407,0,870,0,0,870,T
4-HA,408,1,874,0,2,877,T
4-HA,409,878,0,0,0,878,A
4-HA,410,876,0,2,0,878,A
4-HA,411,0,0,0,887,887,C
4-HA,412,863,0,0,0,863,A
4-HA,413,858,0,4,0,862,A
4-HA,414,0,859,0,0,859,T
4-HA,415,0,5,853,0,858,G
4-HA,416,850,0,0,0,850,A
4-HA,417,860,0,0,0,860,A
4-HA,418,855,0,1,0,856,A
4-HA,419,0,0,862,0,862,G
4-HA,420,0,0,0,872,872,C
4-HA,421,0,866,0,4,870,T
4-HA,422,1,872,0,0,873,T
4-HA,423,3,0,0,884,887,C
4-HA,424,885,0,0,0,885,A
4-HA,425,887,0,0,0,887,A
4-HA,426,0,883,0,0,883,T
4-HA,427,0,885,0,0,885,T
4-HA,428,0,3,903,0,906,G
4-HA,429,1,2,916,0,919,G
4-HA,430,908,0,1,0,909,A
4-HA,431,2,0,0,921,923,C
4-HA,432,0,915,0,0,915,T
4-HA,433,0,1,913,0,914,G
4-HA,434,0,2,912,0,914,G
4-HA,435,910,0,1,0,911,A
4-HA,436,0,0,926,0,926,G
4-HA,437,0,897,0,1,898,T
4-HA,438,5,2,0,896,903,C
4-HA,439,916,1,0,0,917,A
4-HA,440,0,0,0,920,920,C
4-HA,441,0,917,0,0,917,T
4-HA,442,1,0,0,920,921,C
4-HA,443,915,0,1,0,916,A
4-HA,444,926,0,1,0,927,A
4-HA,445,923,0,0,0,923,A
4-HA,446,923,0,1,0,924,A
4-HA,447,0,0,0,926,926,C
4-HA,448,0,1,924,0,925,G
4-HA,449,0,1,924,0,925,G
4-HA,450,929,0,0,0,929,A
4-HA,451,929,0,1,0,930,A
4-HA,452,0,0,0,939,939,C
4-HA,453,931,0,0,0,931,A
4-HA,454,937,0,1,0,938,A
4-HA,455,0,0,939,0,939,G
4-HA,456,1,1,0,937,939,C
4-HA,457,0,919,0,1,920,T
4-HA,458,0,0,0,935,935,C
4-HA,459,0,935,0,0,935,T
4-HA,460,0,1,937,0,938,G
4-HA,461,0,0,0,940,940,C
4-HA,462,0,939,0,0,939,T
4-HA,463,0,958,0,0,958,T
4-HA,464,0,1,978,0,979,G
4-HA,465,1,1,0,997,999,C
4-HA,466,996,0,0,0,996,A
4-HA,467,0,989,1,0,990,T
4-HA,468,991,0,0,0,991,A
4-HA,469,986,0,1,0,987,A
4-HA,470,0,0,980,0,980,G
4-HA,471,0,3,974,0,977,G
4-HA,472,960,0,0,0,960,A
4-HA,473,0,2,954,0,956,G
4-HA,474,951,0,2,0,953,A
4-HA,475,0,992,0,1,993,T
4-HA,476,2,0,0,1001,1003,C
4-HA,477,0,1012,0,0,1012,T
4-HA,478,1006,0,0,0,1006,A
4-HA,479,1002,0,1,0,1003,A
4-HA,480,1,1005,0,0,1006,T
4-HA,481,1004,0,0,0,1004,A
4-HA,482,996,0,0,0,996,A
4-HA,483,2,0,0,1004,1006,C
4-HA,484,984,0,0,0,984,A
4-HA,485,0,0,1000,0,1000,G
4-HA,486,0,990,0,0,990,T
4-HA,487,0,1011,0,0,1011,T
4-HA,488,0,1013,0,2,1015,T
4-HA,489,0,1,0,1046,1047,C
4-HA,490,0,1043,0,0,1043,T
4-HA,491,0,1044,0,1,1045,T
4-HA,492,0,1050,0,0,1050,T
4-HA,493,1045,0,1,0,1046,A
4-HA,494,0,0,1041,0,1041,G
4-HA,495,0,1035,0,2,1037,T
4-HA,496,1042,1,0,0,1043,A
4-HA,497,0,1,1049,0,1050,G
4-HA,498,1031,0,1,0,1032,A
4-HA,499,0,1030,0,2,1032,T
4-HA,500,0,1032,0,0,1032,T
4-HA,501,0,1,1045,0,1046,G
4-HA,502,1050,0,0,0,1050,A
4-HA,503,1047,0,1,0,1048,A
4-HA,504,0,1047,0,1,1048,T
4-HA,505,0,1053,0,0,1053,T
4-HA,506,0,1,1065,0,1066,G
4-HA,507,0,0,1067,0,1067,G
4-HA,508,0,1064,1,1,1066,T
4-HA,509,0,1065,0,1,1066,T
4-HA,510,0,2,1055,0,1057,G
4-HA,511,1051,0,2,0,1053,A
4-HA,512,1,0,0,1055,1056,C
4-HA,513,4,0,0,1043,1047,C
4-HA,514,4,0,0,1046,1050,C
4-HA,515,1047,0,2,0,1049,A
4-HA,516,0,1,0,1047,1048,C
4-HA,517,0,1045,0,1,1046,T
4-HA,518,0,2,0,1050,1052,C
4-HA,519,1062,0,0,0,1062,A
4-HA,520,1062,0,0,0,1062,A
4-HA,521,1061,0,0,7,1068,A
4-HA,522,1080,0,1,1,1082,A
4-HA,523,0,1097,0,0,1097,T
4-HA,524,0,1086,0,0,1086,T
4-HA,525,3,3,1,1090,1097,C
4-HA,526,1103,0,0,0,1103,A
4-HA,527,1096,0,1,0,1097,A
4-HA,528,1099,0,0,0,1099,A
4-HA,529,0,1095,0,1,1096,T
4-HA,530,1107,0,0,0,1107,A
4-HA,531,1,0,0,1105,1106,C
4-HA,532,1,0,0,1084,1085,C
4-HA,533,3,0,0,1086,1089,C
4-HA,534,1085,0,1,0,1086,A
4-HA,535,0,1,1133,0,1134,G
4-HA,536,0,1,0,1138,1139,C
4-HA,537,1139,0,0,0,1139,A
4-HA,538,0,1140,0,2,1142,T
4-HA,539,0,1125,0,0,1125,T
4-HA,540,0,4,1186,0,1190,G
4-HA,541,1191,0,0,0,1191,A
4-HA,542,1189,0,0,0,1189,A
4-HA,543,1,123,0,1056,1180,C
4-HA,544,0,0,1149,0,1149,G
4-HA,545,0,1152,0,1,1153,T
4-HA,546,0,4,1155,0,1159,G
4-HA,547,1158,0,2,0,1160,A
4-HA,548,1,0,0,1160,1161,C
4-HA,549,0,1121,0,1,1122,T
4-HA,550,1132,1,1,0,1134,A
4-HA,551,0,1131,0,0,1131,T
4-HA,552,1,0,1132,0,1133,G
4-HA,553,0,0,0,1121,1121,C
4-HA,554,6,2,0,1120,1128,C
4-HA,555,1121,0,0,0,1121,A
4-HA,556,1113,0,0,0,1113,A
4-HA,557,1120,0,2,1,1123,A
4-HA,558,0,2,0,1120,1122,C
4-HA,559,1101,0,1,0,1102,A
4-HA,560,1095,0,0,0,1095,A
4-HA,561,0,1,0,1096,1097,C
4-HA,562,0,3,1099,1,1103,G
4-HA,563,1091,0,0,0,1091,A
4-HA,564,1103,0,0,0,1103,A
4-HA,565,1099,0,0,1,1100,A
4-HA,566,1094,0,0,1,1095,A
4-HA,567,1,1090,0,0,1091,T
4-HA,568,0,1088,0,1,1089,T
4-HA,569,0,1097,0,0,1097,T
4-HA,570,0,1096,0,0,1096,T
4-HA,571,0,5,1089,0,1094,G
4-HA,572,1097,0,1,0,1098,A
4-HA,573,0,0,0,1101,1101,C
4-HA,574,1106,0,0,0,1106,A
4-HA,575,1105,0,0,0,1105,A
4-HA,576,1114,0,0,0,1114,A
4-HA,577,0,1125,0,0,1125,T
4-HA,578,0,1124,0,0,1124,T
4-HA,579,0,2,1135,0,1137,G
4-HA,580,0,1133,0,1,1134,T
4-HA,581,1136,0,0,0,1136,A
4-HA,582,1,0,0,1156,1157,C
4-HA,583,1158,0,0,0,1158,A
4-HA,584,0,1167,0,0,1167,T
4-HA,585,0,1133,0,1,1134,T
4-HA,586,0,1126,0,0,1126,T
4-HA,587,0,0,1118,1,1119,G
4-HA,588,1,2,1119,0,1122,G
4-HA,589,0,3,1111,0,1114,G
4-HA,590,0,3,1116,0,1119,G
4-HA,591,1,4,1081,0,1086,G
4-HA,592,0,0,1084,0,1084,G
4-HA,593,0,1057,0,6,1063,T
4-HA,594,3,1,0,1054,1058,C
4-HA,595,2,1,0,1100,1103,C
4-HA,596,1117,0,0,0,1117,A
4-HA,597,0,0,0,1126,1126,C
4-HA,598,2,0,0,1132,1134,C
4-HA,599,1134,0,0,0,1134,A
4-HA,600,2,0,0,1146,1148,C
4-HA,601,3,1,0,1132,1136,C
4-HA,602,1,0,0,1128,1129,C
4-HA,603,1,2,1123,0,1126,G
4-HA,604,0,2,1179,0,1181,G
4-HA,605,1,1,1173,0,1175,G
4-HA,606,0,1169,0,0,1169,T
4-HA,607,1175,0,1,0,1176,A
4-HA,608,2,0,0,1166,1168,C
4-HA,609,0,3,1152,0,1155,G
4-HA,610,0,4,1164,1,1169,G
4-HA,611,1166,0,0,0,1166,A
4-HA,612,0,1,0,1178,1179,C
4-HA,613,1133,0,0,0,1133,A
4-HA,614,1135,0,0,0,1135,A
4-HA,615,1,1133,0,1,1135,T
4-HA,616,5,2,1145,0,1152,G
4-HA,617,1147,0,3,0,1150,A
4-HA,618,1,1,0,1145,1147,C
4-HA,619,3,0,0,1137,1140,C
4-HA,620,1138,1,0,0,1139,A
4-HA,621,1132,0,2,0,1134,A
4-HA,622,1146,0,0,0,1146,A
4-HA,623,0,1138,0,0,1138,T
4-HA,624,4,1,0,1146,1151,C
4-HA,625,0,1098,0,0,1098,T
4-HA,626,0,1088,0,0,1088,T
4-HA,627,1,1,0,1114,1116,C
4-HA,628,0,0,0,1116,1116,C
4-HA,629,0,1120,0,2,1122,T
4-HA,630,0,0,1125,1,1126,G
4-HA,631,2,1098,0,1,1101,T
4-HA,632,1122,0,0,0,1122,A
4-HA,633,0,1110,0,0,1110,T
4-HA,634,0,0,1122,0,1122,G
4-HA,635,1,0,0,1116,1117,C
4-HA,636,0,1099,0,1,1100,T
4-HA,637,4,5,0,1106,1115,C
4-HA,638,1120,0,4,0,1124,A
4-HA,639,1114,0,3,0,1117,A
4-HA,640,0,0,1120,0,1120,G
4-HA,641,0,0,0,1130,1130,C
4-HA,642,1132,1,0,0,1133,A
4-HA,643,0,1122,0,0,1122,T
4-HA,644,8,0,0,1117,1125,C
4-HA,645,1119,1,2,0,1122,A
4-HA,646,1,0,1126,0,1127,G
4-HA,647,0,3,1130,0,1133,G
4-HA,648,1135,1,0,0,1136,A
4-HA,649,1118,0,0,0,1118,A
4-HA,650,0,3,1129,0,1132,G
4-HA,651,1140,0,0,0,1140,A
4-HA,652,1152,0,1,0,1153,A
4-HA,653,0,1162,0,0,1162,T
4-HA,654,3,0,0,1161,1164,C
4-HA,655,1147,0,0,0,1147,A
4-HA,656,0,0,0,1157,1157,C
4-HA,657,1147,0,0,0,1147,A
4-HA,658,0,1,1168,0,1169,G
4-HA,659,0,1139,0,1,1140,T
4-HA,660,6,0,0,1154,1160,C
4-HA,661,0,1149,0,1,1150,T
4-HA,662,1,1,0,1171,1173,C
4-HA,663,0,1175,0,4,1179,T
4-HA,664,1176,0,0,0,1176,A
4-HA,665,1,1,0,1180,1182,C
4-HA,666,2,1,0,1186,1189,C
4-HA,667,1169,0,0,0,1169,A
4-HA,668,1162,0,1,0,1163,A
4-HA,669,1154,0,1,0,1155,A
4-HA,670,1160,0,2,0,1162,A
4-HA,671,1,1,1159,0,1161,G
4-HA,672,1129,0,1,1,1131,A
4-HA,673,1121,0,1,0,1122,A
4-HA,674,0,0,1128,0,1128,G
4-HA,675,0,1,0,1132,1133,C
4-HA,676,4,1,0,1141,1146,C
4-HA,677,1140,0,1,1,1142,A
4-HA,678,1134,4,0,1,1139,A
4-HA,679,0,0,5,1144,1149,C
4-HA,680,1147,0,0,0,1147,A
4-HA,681,1139,0,0,4,1143,A
4-HA,682,1143,0,0,0,1143,A
4-HA,683,0,0,0,1180,1180,C
4-HA,684,0,1162,0,2,1164,T
4-HA,685,0,0,1171,0,1171,G
4-HA,686,0,1167,0,0,1167,T
4-HA,687,1172,0,0,0,1172,A
4-HA,688,1174,0,0,0,1174,A
4-HA,689,0,1156,0,0,1156,T
4-HA,690,1,0,0,1167,1168,C
4-HA,691,4,0,0,1156,1160,C
4-HA,692,1,0,0,1150,1151,C
4-HA,693,2,4,1148,0,1154,G
4-HA,694,1152,0,0,0,1152,A
4-HA,695,1152,0,0,0,1152,A
4-HA,696,0,1147,0,0,1147,T
4-HA,697,1159,0,0,0,1159,A
4-HA,698,1,1138,0,0,1139,T
4-HA,699,2,0,1,1140,1143,C
4-HA,700,1,1,1138,0,1140,G
4-HA,701,0,1,1161,0,1162,G
4-HA,702,1172,0,0,0,1172,A
4-HA,703,0,1183,1,0,1184,T
4-HA,704,3,0,0,1179,1182,C
4-HA,705,1,1184,0,1,1186,T
4-HA,706,1183,0,2,0,1185,A
4-HA,707,0,2,1200,0,1202,G
4-HA,708,1199,0,2,0,1201,A
4-HA,709,3,0,0,1197,1200,C
4-HA,710,3,0,0,1162,1165,C
4-HA,711,0,0,0,1168,1168,C
4-HA,712,1160,0,1,0,1161,A
4-HA,713,0,3,1215,0,1218,G
4-HA,714,1218,0,2,0,1220,A
4-HA,715,0,0,1228,0,1228,G
4-HA,716,0,1227,0,0,1227,T
4-HA,717,1226,0,0,0,1226,A
4-HA,718,1228,0,1,0,1229,A
4-HA,719,1,4,1216,0,1221,G
4-HA,720,1167,0,0,0,1167,A
4-HA,721,1203,0,0,0,1203,A
4-HA,722,1202,0,0,0,1202,A
4-HA,723,0,1195,0,1,1196,T
4-HA,724,1206,0,0,0,1206,A
4-HA,725,0,1200,0,0,1200,T
4-HA,726,4,0,0,1195,1199,C
4-HA,727,1,0,0,1199,1200,C
4-HA,728,0,1,0,1168,1169,C
4-HA,729,0,1159,0,1,1160,T
4-HA,730,1165,0,0,0,1165,A
4-HA,731,0,2,1159,0,1161,G
4-HA,732,0,0,0,1168,1168,C
4-HA,733,1157,0,1,0,1158,A
4-HA,734,0,3,1188,1,1192,G
4-HA,735,1182,0,0,1,1183,A
4-HA,736,1181,0,1,0,1182,A
4-HA,737,1,1183,0,0,1184,T
4-HA,738,1186,0,0,1,1187,A
4-HA,739,1197,0,3,0,1200,A
4-HA,740,1,3,1187,0,1191,G
4-HA,741,0,0,0,1193,1193,C
4-HA,742,1197,0,1,0,1198,A
4-HA,743,0,1166,0,1,1167,T
4-HA,744,2,0,0,1217,1219,C
4-HA,745,0,1212,0,4,1216,T
4-HA,746,1229,1,0,1,1231,A
4-HA,747,0,1225,0,2,1227,T
4-HA,748,0,1223,0,1,1224,T
4-HA,749,0,3,1215,0,1218,G
4-HA,750,2,1,1202,6,1211,G
4-HA,751,1205,1,0,0,1206,A
4-HA,752,2,0,0,1213,1215,C
4-HA,753,1170,0,0,0,1170,A
4-HA,754,1183,0,0,1,1184,A
4-HA,755,0,1239,0,0,1239,T
4-HA,756,1269,0,0,0,1269,A
4-HA,757,0,0,1291,0,1291,G
4-HA,758,0,1271,0,1,1272,T
4-HA,759,1276,0,0,1,1277,A
4-HA,760,1283,0,2,0,1285,A
4-HA,761,1306,0,0,0,1306,A
4-HA,762,1311,0,1,0,1312,A
4-HA,763,0,0,0,1348,1348,C
4-HA,764,3,2,0,1306,1311,C
4-HA,765,0,1,1301,0,1302,G
4-HA,766,0,1,1312,0,1313,G
4-HA,767,0,4,1329,0,1333,G
4-HA,768,1333,0,3,0,1336,A
4-HA,769,0,2,1360,0,1362,G
4-HA,770,1401,0,1,0,1402,A
4-HA,771,0,0,0,1417,1417,C
4-HA,772,1407,2,5,3,1417,A
4-HA,773,0,1427,0,0,1427,T
4-HA,774,1428,0,1,0,1429,A
4-HA,775,0,0,0,1474,1474,C
4-HA,776,0,1463,1,0,1464,T
4-HA,777,0,1491,0,0,1491,T
4-HA,778,0,1501,0,0,1501,T
4-HA,779,0,1492,0,4,1496,T
4-HA,780,0,2,1522,0,1524,G
4-HA,781,1532,0,0,1,1533,A
4-HA,782,0,1521,1,1,1523,T
4-HA,783,0,1586,0,1,1587,T
4-HA,784,1580,0,1,0,1581,A
4-HA,785,1595,1,0,0,1596,A
4-HA,786,0,0,0,1622,1622,C
4-HA,787,1621,0,0,0,1621,A
4-HA,788,0,1,1684,0,1685,G
4-HA,789,2,1,0,1670,1673,C
4-HA,790,1684,0,2,0,1686,A
4-HA,791,0,1,0,1696,1697,C
4-HA,792,1683,1,1,0,1685,A
4-HA,793,0,6,1714,0,1720,G
4-HA,794,0,2,1716,0,1718,G
4-HA,795,0,6,1802,1,1809,G
4-HA,796,1796,0,2,0,1798,A
4-HA,797,1843,0,3,0,1846,A
4-HA,798,0,1849,1,2,1852,T
4-HA,799,4,0,0,1846,1850,C
4-HA,800,0,1871,0,0,1871,T
4-HA,801,1878,0,0,0,1878,A
4-HA,802,1871,0,0,0,1871,A
4-HA,803,0,1873,0,0,1873,T
4-HA,804,0,1821,0,0,1821,T
4-HA,805,0,1,1861,1,1863,G
4-HA,806,0,0,0,1936,1936,C
4-HA,807,0,2004,0,4,2008,T
4-HA,808,9,2,0,2082,2093,C
4-HA,809,0,0,0,2098,2098,C
4-HA,810,0,2088,0,2,2090,T
4-HA,811,2105,0,3,0,2108,A
4-HA,812,0,5,2102,0,2107,G
4-HA,813,3,11,2114,0,2128,G
4-HA,814,2,1,2115,0,2118,G
4-HA,815,2,0,2107,0,2109,G
4-HA,816,1,2087,0,0,2088,T
4-HA,817,0,2076,0,0,2076,T
4-HA,818,2082,0,0,0,2082,A
4-HA,819,0,0,0,2119,2119,C
4-HA,820,0,2118,0,3,2121,T
4-HA,821,0,2144,0,1,2145,T
4-HA,822,2,0,0,2141,2143,C
4-HA,823,2132,0,2,1,2135,A
4-HA,824,2140,1,1,1,2143,A
4-HA,825,2140,0,3,0,2143,A
4-HA,826,2157,0,1,0,2158,A
4-HA,827,0,2159,0,0,2159,T
4-HA,828,2134,0,2,0,2136,A
4-HA,829,0,2,0,2145,2147,C
4-HA,830,0,2,2146,0,2148,G
4-HA,831,2143,0,1,0,2144,A
4-HA,832,2143,0,0,0,2143,A
4-HA,833,0,0,2182,0,2182,G
4-HA,834,0,2162,0,2,2164,T
4-HA,835,2,4,2188,0,2194,G
4-HA,836,0,2,2190,0,2192,G
4-HA,837,1,2,2208,0,2211,G
4-HA,838,2214,0,5,0,2219,A
4-HA,839,2216,0,0,0,2216,A
4-HA,840,2225,0,2,0,2227,A
4-HA,841,2207,0,5,1,2213,A
4-HA,842,2,0,2267,0,2269,G
4-HA,843,1,0,0,2278,2279,C
4-HA,844,0,2257,0,2,2259,T
4-HA,845,5,1,1,2306,2313,C
4-HA,846,2325,0,0,0,2325,A
4-HA,847,2345,0,0,0,2345,A
4-HA,848,0,2340,1,0,2341,T
4-HA,849,2374,0,0,1,2375,A
4-HA,850,2368,1,1,0,2370,A
4-HA,851,0,2318,0,3,2321,T
4-HA,852,0,11,2325,0,2336,G
4-HA,853,2317,1,3,1,2322,A
4-HA,854,0,5,2421,0,2426,G
4-HA,855,2421,1,3,0,2425,A
4-HA,856,0,2423,0,2,2425,T
4-HA,857,4,0,0,2478,2482,C
4-HA,858,2474,0,3,0,2477,A
4-HA,859,0,4,2542,0,2546,G
4-HA,860,2549,0,2,0,2551,A
4-HA,861,0,2537,0,1,2538,T
4-HA,862,2,3,2531,0,2536,G
4-HA,863,2,7,0,2495,2504,C
4-HA,864,2510,0,2,0,2512,A
4-HA,865,1,1,0,2563,2565,C
4-HA,866,5,1,0,2549,2555,C
4-HA,867,5,2,0,2567,2574,C
4-HA,868,2532,0,0,0,2532,A
4-HA,869,0,2519,0,3,2522,T
4-HA,870,0,2522,2,1,2525,T
4-HA,871,0,4,2558,0,2562,G
4-HA,872,2,2,2542,2,2548,G
4-HA,873,0,2,0,2557,2559,C
4-HA,874,2524,1,0,0,2525,A
4-HA,875,2513,0,2,0,2515,A
4-HA,876,2564,0,4,0,2568,A
4-HA,877,0,2569,0,2,2571,T
4-HA,878,0,3,2574,0,2577,G
4-HA,879,3,1,0,2580,2584,C
4-HA,880,2563,0,0,0,2563,A
4-HA,881,2633,0,5,0,2638,A
4-HA,882,0,2632,0,0,2632,T
4-HA,883,0,2649,0,2,2651,T
4-HA,884,8,0,1,2658,2667,C
4-HA,885,0,2632,0,0,2632,T
4-HA,886,1,7,2655,0,2663,G
4-HA,887,2654,0,0,0,2654,A
4-HA,888,2667,0,1,1,2669,A
4-HA,889,0,2672,0,1,2673,T
4-HA,890,1,1,2656,0,2658,G
4-HA,891,1,0,0,2672,2673,C
4-HA,892,2666,1,0,0,2667,A
4-HA,893,0,2669,0,1,2670,T
4-HA,894,4,0,0,2666,2670,C
4-HA,895,2674,0,1,0,2675,A
4-HA,896,1,0,0,2812,2813,C
4-HA,897,2,2781,0,6,2789,T
4-HA,898,7,0,0,2805,2812,C
4-HA,899,4,2,0,2808,2814,C
4-HA,900,2862,0,0,0,2862,A
4-HA,901,2850,0,2,0,2852,A
4-HA,902,2861,0,0,0,2861,A
4-HA,903,0,2780,0,0,2780,T
4-HA,904,1,7,2804,0,2812,G
4-HA,905,3,4,2802,0,2809,G
4-HA,906,2796,0,4,0,2800,A
4-HA,907,2800,0,6,0,2806,A
4-HA,908,0,0,2813,0,2813,G
4-HA,909,1,1,0,2803,2805,C
4-HA,910,2778,0,2,0,2780,A
4-HA,911,0,2789,0,2,2791,T
4-HA,912,0,2776,0,2,2778,T
4-HA,913,4,1,0,2875,2880,C
4-HA,914,7,0,0,2858,2865,C
4-HA,915,5,1,0,2874,2880,C
4-HA,916,2872,0,5,0,2877,A
4-HA,917,2921,0,3,3,2927,A
4-HA,918,0,2985,1,3,2989,T
4-HA,919,0,16,2981,0,2997,G
4-HA,920,2988,0,3,0,2991,A
4-HA,921,0,0,0,2990,2990,C
4-HA,922,2929,0,0,0,2929,A
4-HA,923,2942,0,0,0,2942,A
4-HA,924,2928,0,2,0,2930,A
4-HA,925,5,2,0,2937,2944,C
4-HA,926,6,0,0,2917,2923,C
4-HA,927,2908,0,1,0,2909,A
4-HA,928,0,2924,2,4,2930,T
4-HA,929,1,2896,1,3,2901,T
4-HA,930,6,2,0,2911,2919,C
4-HA,931,6,2,0,2926,2934,C
4-HA,932,2936,0,1,0,2937,A
4-HA,933,2935,0,0,0,2935,A
4-HA,934,2933,0,0,0,2933,A
4-HA,935,2976,0,1,0,2977,A
4-HA,936,0,2966,1,0,2967,T
4-HA,937,0,1,2992,0,2993,G
4-HA,938,0,2974,1,0,2975,T
4-HA,939,3013,0,2,0,3015,A
4-HA,940,3015,0,1,0,3016,A
4-HA,941,3008,0,3,0,3011,A
4-HA,942,1,0,0,3034,3035,C
4-HA,943,3001,0,1,0,3002,A
4-HA,944,0,5,3048,0,3053,G
4-HA,945,0,8,3046,0,3054,G
4-HA,946,3139,1,3,0,3143,A
4-HA,947,1,3130,1,2,3134,T
4-HA,948,17,1,0,3175,3193,C
4-HA,949,3206,1,8,0,3215,A
4-HA,950,2,0,1,3328,3331,C
4-HA,951,3337,0,0,0,3337,A
4-HA,952,0,3418,0,1,3419,T
4-HA,953,3362,0,0,0,3362,A
4-HA,954,0,8,0,3335,3343,C
4-HA,955,2,3,3255,0,3260,G
4-HA,956,1,5,3217,0,3223,G
4-HA,957,0,7,3193,0,3200,G
4-HA,958,1,2,3210,0,3213,G
4-HA,959,1,0,0,3168,3169,C
4-HA,960,5,0,1,3183,3189,C
4-HA,961,0,3163,0,2,3165,T
4-HA,962,0,1,3476,0,3477,G
4-HA,963,1,3454,0,3,3458,T
4-HA,964,9,1,0,3494,3504,C
4-HA,965,6,3,0,3503,3512,C
4-HA,966,14,1,0,3500,3515,C
4-HA,967,3511,0,2,1,3514,A
4-HA,968,1,4,3538,0,3543,G
4-HA,969,3529,0,1,0,3530,A
4-HA,970,1,3511,0,1,3513,T
4-HA,971,3391,0,1,0,3392,A
4-HA,972,0,3371,0,3,3374,T
4-HA,973,0,1,3408,0,3409,G
4-HA,974,0,3389,0,5,3394,T
4-HA,975,0,3361,0,0,3361,T
4-HA,976,3395,0,2,0,3397,A
4-HA,977,3342,0,8,1,3351,A
4-HA,978,0,9,3365,0,3374,G
4-HA,979,1,0,0,3371,3372,C
4-HA,980,3349,0,1,0,3350,A
4-HA,981,3341,0,3,0,3344,A
4-HA,982,3328,0,0,0,3328,A
4-HA,983,3327,0,2,0,3329,A
4-HA,984,0,3,0,3335,3338,C
4-HA,985,3294,0,0,0,3294,A
4-HA,986,0,0,0,3343,3343,C
4-HA,987,0,3292,0,1,3293,T
4-HA,988,4,0,0,3325,3329,C
4-HA,989,1,3326,0,1,3328,T
4-HA,990,1,8,3342,0,3351,G
4-HA,991,3344,0,1,0,3345,A
4-HA,992,3334,1,0,2,3337,A
4-HA,993,3336,0,1,0,3337,A
4-HA,994,1,3320,0,2,3323,T
4-HA,995,0,3312,0,1,3313,T
4-HA,996,1,8,3321,0,3330,G
4-HA,997,2,0,3311,0,3313,G
4-HA,998,2,0,0,3340,3342,C
4-HA,999,3335,0,3,1,3339,A
4-HA,1000,3332,0,1,1,3334,A
4-HA,1001,0,0,0,3341,3341,C
4-HA,1002,3340,0,1,0,3341,A
4-HA,1003,1,4,3358,0,3363,G
4-HA,1004,0,5,3339,0,3344,G
4-HA,1005,0,7,3342,0,3349,G
4-HA,1006,3325,0,5,0,3330,A
4-HA,1007,0,3329,0,1,3330,T
4-HA,1008,12,1,3312,0,3325,G
4-HA,1009,0,2,0,3340,3342,C
4-HA,1010,3,1,3356,0,3360,G
4-HA,1011,3382,0,2,0,3384,A
4-HA,1012,3366,0,0,1,3367,A
4-HA,1013,3384,0,4,1,3389,A
4-HA,1014,0,3378,0,0,3378,T
4-HA,1015,1,1,3430,0,3432,G
4-HA,1016,1,3414,0,1,3416,T
4-HA,1017,3421,0,0,1,3422,A
4-HA,1018,0,0,0,3404,3404,C
4-HA,1019,10,2,0,3386,3398,C
4-HA,1020,3368,1,3,0,3372,A
4-HA,1021,0,9,3364,0,3373,G
4-HA,1022,3332,0,2,0,3334,A
4-HA,1023,0,12,3366,0,3378,G
4-HA,1024,3353,0,3,0,3356,A
4-HA,1025,3354,1,2,1,3358,A
4-HA,1026,3344,0,4,1,3349,A
4-HA,1027,3,1,0,3363,3367,C
4-HA,1028,3356,0,1,0,3357,A
4-HA,1029,3408,0,2,0,3410,A
4-HA,1030,3383,0,5,0,3388,A
4-HA,1031,1,1,0,3422,3424,C
4-HA,1032,0,3419,0,1,3420,T
4-HA,1033,3397,0,2,0,3399,A
4-HA,1034,0,4,3388,0,3392,G
4-HA,1035,3359,0,8,0,3367,A
4-HA,1036,0,6,3447,0,3453,G
4-HA,1037,1,0,3435,0,3436,G
4-HA,1038,1,1,1,3410,3413,C
4-HA,1039,3408,5,0,0,3413,A
4-HA,1040,0,3443,0,2,3445,T
4-HA,1041,3460,0,2,0,3462,A
4-HA,1042,2,3438,1,4,3445,T
4-HA,1043,0,3454,0,0,3454,T
4-HA,1044,0,3457,0,1,3458,T
4-HA,1045,0,6,3377,0,3383,G
4-HA,1046,1,0,3380,0,3381,G
4-HA,1047,2,3,1,3349,3355,C
4-HA,1048,1,2,3373,0,3376,G
4-HA,1049,1,0,0,3351,3352,C
4-HA,1050,3328,0,0,1,3329,A
4-HA,1051,3327,0,0,1,3328,A
4-HA,1052,0,3344,0,2,3346,T
4-HA,1053,10,0,0,3348,3358,C
4-HA,1054,0,1,3374,0,3375,G
4-HA,1055,1,1,0,3339,3341,C
4-HA,1056,1,3349,0,1,3351,T
4-HA,1057,0,4,3396,0,3400,G
4-HA,1058,0,0,3417,0,3417,G
4-HA,1059,0,3402,1,1,3404,T
4-HA,1060,0,3391,0,0,3391,T
4-HA,1061,1,3391,0,3,3395,T
4-HA,1062,6,1,2,3372,3381,C
4-HA,1063,3388,0,1,1,3390,A
4-HA,1064,0,3406,0,1,3407,T
4-HA,1065,3393,1,3,0,3397,A
4-HA,1066,1,7,3424,0,3432,G
4-HA,1067,3343,1,1,1,3346,A
4-HA,1068,3383,0,0,0,3383,A
4-HA,1069,3339,0,0,0,3339,A
4-HA,1070,3383,0,0,0,3383,A
4-HA,1071,0,3370,0,0,3370,T
4-HA,1072,1,6,3396,0,3403,G
4-HA,1073,0,3,3404,0,3407,G
4-HA,1074,0,3360,0,0,3360,T
4-HA,1075,0,3353,0,3,3356,T
4-HA,1076,0,11,3358,0,3369,G
4-HA,1077,0,4,3370,0,3374,G
4-HA,1078,0,1,3388,0,3389,G
4-HA,1079,3342,1,3,0,3346,A
4-HA,1080,3,8,3369,0,3380,G
4-HA,1081,0,3,3353,0,3356,G
4-HA,1082,2,9,3392,0,3403,G
4-HA,1083,3366,0,5,1,3372,A
4-HA,1084,3411,0,2,0,3413,A
4-HA,1085,0,3423,0,0,3423,T
4-HA,1086,0,8,3430,1,3439,G
4-HA,1087,1,1,3486,0,3488,G
4-HA,1088,2,3434,0,3,3439,T
4-HA,1089,0,8,3448,0,3456,G
4-HA,1090,0,4,3429,0,3433,G
4-HA,1091,3358,1,5,1,3365,A
4-HA,1092,0,3387,0,0,3387,T
4-HA,1093,1,6,3435,0,3442,G
4-HA,1094,0,3,3471,0,3474,G
4-HA,1095,0,3396,0,3,3399,T
4-HA,1096,0,3346,1,1,3348,T
4-HA,1097,1,7,3330,0,3338,G
4-HA,1098,1,1,3383,0,3385,G
4-HA,1099,0,3341,0,3,3344,T
4-HA,1100,3378,0,0,0,3378,A
4-HA,1101,1,1,0,3244,3246,C
4-HA,1102,2,5,3278,0,3285,G
4-HA,1103,0,1,3372,0,3373,G
4-HA,1104,0,3350,0,1,3351,T
4-HA,1105,1,3365,0,1,3367,T
4-HA,1106,0,3352,0,0,3352,T
4-HA,1107,6,0,0,3323,3329,C
4-HA,1108,3332,1,5,0,3338,A
4-HA,1109,0,5,3323,0,3328,G
4-HA,1110,2,1,3324,0,3327,G
4-HA,1111,2,3,1,3322,3328,C
4-HA,1112,3251,1,0,0,3252,A
4-HA,1113,2,3254,0,4,3260,T
4-HA,1114,3,0,0,3275,3278,C
4-HA,1115,3284,0,0,1,3285,A
4-HA,1116,3287,0,3,0,3290,A
4-HA,1117,3273,0,1,0,3274,A
4-HA,1118,3295,0,0,0,3295,A
4-HA,1119,0,3286,0,1,3287,T
4-HA,1120,0,3277,0,0,3277,T
4-HA,1121,9,0,0,3263,3272,C
4-HA,1122,0,3273,0,0,3273,T
4-HA,1123,12,2,3260,0,3274,G
4-HA,1124,3239,1,4,2,3246,A
4-HA,1125,1,6,3262,0,3269,G
4-HA,1126,2,7,3257,0,3266,G
4-HA,1127,2,10,3371,0,3383,G
4-HA,1128,3365,0,2,1,3368,A
4-HA,1129,3375,0,2,1,3378,A
4-HA,1130,1,3393,0,0,3394,T
4-HA,1131,3409,0,5,0,3414,A
4-HA,1132,0,6,3436,0,3442,G
4-HA,1133,1,10,3429,0,3440,G
4-HA,1134,3418,0,2,1,3421,A
4-HA,1135,0,2,0,3424,3426,C
4-HA,1136,3322,1,1,0,3324,A
4-HA,1137,3303,0,6,1,3310,A
4-HA,1138,1,2,3318,0,3321,G
4-HA,1139,1,5,1,3319,3326,C
4-HA,1140,3289,0,3,0,3292,A
4-HA,1141,0,1,3284,0,3285,G
4-HA,1142,4,0,0,3257,3261,C
4-HA,1143,3258,0,0,1,3259,A
4-HA,1144,0,2,3286,0,3288,G
4-HA,1145,3236,0,6,0,3242,A
4-HA,1146,1,3295,1,3,3300,T
4-HA,1147,6,2,0,3302,3310,C
4-HA,1148,0,3292,0,4,3296,T
4-HA,1149,12,0,1,3326,3339,C
4-HA,1150,3341,0,1,0,3342,A
4-HA,1151,3343,0,1,0,3344,A
4-HA,1152,3341,0,2,0,3343,A
4-HA,1153,3289,0,3,2,3294,A
4-HA,1154,0,2,3295,0,3297,G
4-HA,1155,0,3,0,3229,3232,C
4-HA,1156,3204,0,2,1,3207,A
4-HA,1157,0,6,1,3264,3271,C
4-HA,1158,0,3209,0,4,3213,T
4-HA,1159,7,0,0,3249,3256,C
4-HA,1160,3258,0,1,0,3259,A
4-HA,1161,3306,0,6,0,3312,A
4-HA,1162,2,1,3313,0,3316,G
4-HA,1163,2,0,0,3305,3307,C
4-HA,1164,3295,0,4,1,3300,A
4-HA,1165,10,3,3285,0,3298,G
4-HA,1166,0,1,0,3254,3255,C
4-HA,1167,3258,0,1,1,3260,A
4-HA,1168,3248,0,0,2,3250,A
4-HA,1169,0,3222,0,1,3223,T
4-HA,1170,19,0,0,3171,3190,C
4-HA,1171,0,14,3185,0,3199,G
4-HA,1172,3185,0,0,3,3188,A
4-HA,1173,0,3180,0,2,3182,T
4-HA,1174,15,0,0,3174,3189,C
4-HA,1175,3177,0,1,1,3179,A
4-HA,1176,3233,0,1,1,3235,A
4-HA,1177,3229,0,3,2,3234,A
4-HA,1178,0,3209,1,0,3210,T
4-HA,1179,7,0,0,3243,3250,C
4-HA,1180,3211,0,1,2,3214,A
4-HA,1181,3220,0,2,1,3223,A
4-HA,1182,0,3236,0,2,3238,T
4-HA,1183,1,7,3241,0,3249,G
4-HA,1184,0,6,3218,1,3225,G
4-HA,1185,1,6,3179,0,3186,G
4-HA,1186,3175,0,4,0,3179,A
4-HA,1187,3184,0,6,0,3190,A
4-HA,1188,0,0,3225,1,3226,G
4-HA,1189,0,0,0,3239,3239,C
4-HA,1190,0,3215,0,2,3217,T
4-HA,1191,0,5,3328,1,3334,G
4-HA,1192,3322,0,3,0,3325,A
4-HA,1193,3320,0,7,0,3327,A
4-HA,1194,0,3320,0,3,3323,T
4-HA,1195,3263,0,0,0,3263,A
4-HA,1196,1,3,3268,0,3272,G
4-HA,1197,2,2,3209,0,3213,G
4-HA,1198,0,3138,0,7,3145,T
4-HA,1199,0,3092,2,1,3095,T
4-HA,1200,0,8,3001,0,3009,G
4-HA,1201,2989,0,7,0,2996,A
4-HA,1202,0,2976,0,0,2976,T
4-HA,1203,15,0,0,2988,3003,C
4-HA,1204,5,5,2994,0,3004,G
4-HA,1205,1,4,2965,0,2970,G
4-HA,1206,1,4,2968,0,2973,G
4-HA,1207,2979,0,1,0,2980,A
4-HA,1208,2990,0,1,0,2991,A
4-HA,1209,2977,1,3,1,2982,A
4-HA,1210,2960,0,4,0,2964,A
4-HA,1211,0,1,0,2981,2982,C
4-HA,1212,4,0,0,2974,2978,C
4-HA,1213,2968,0,1,0,2969,A
4-HA,1214,2945,0,4,0,2949,A
4-HA,1215,2,0,0,2980,2982,C
4-HA,1216,1,5,2973,0,2979,G
4-HA,1217,2969,0,2,0,2971,A
4-HA,1218,0,7,2971,0,2978,G
4-HA,1219,2982,0,1,0,2983,A
4-HA,1220,2980,0,3,0,2983,A
4-HA,1221,2987,0,2,0,2989,A
4-HA,1222,0,2970,0,0,2970,T
4-HA,1223,0,2958,0,4,2962,T
4-HA,1224,6,0,1,2985,2992,C
4-HA,1225,4,0,1,2980,2985,C
4-HA,1226,2986,1,1,2,2990,A
4-HA,1227,0,2961,0,1,2962,T
4-HA,1228,10,0,0,2977,2987,C
4-HA,1229,2973,1,0,0,2974,A
4-HA,1230,0,5,2972,0,2977,G
4-HA,1231,2946,0,1,0,2947,A
4-HA,1232,1,2953,0,0,2954,T
4-HA,1233,0,2946,0,4,2950,T
4-HA,1234,0,11,2959,0,2970,G
4-HA,1235,2971,0,1,0,2972,A
4-HA,1236,2975,1,1,0,2977,A
4-HA,1237,2968,0,8,0,2976,A
4-HA,1238,2980,0,1,0,2981,A
4-HA,1239,2941,0,9,0,2950,A
4-HA,1240,1,7,2944,1,2953,G
4-HA,1241,2922,0,3,0,2925,A
4-HA,1242,2939,0,2,0,2941,A
4-HA,1243,0,2903,0,0,2903,T
4-HA,1244,0,2891,0,0,2891,T
4-HA,1245,6,0,0,2908,2914,C
4-HA,1246,0,2919,1,4,2924,T
4-HA,1247,5,0,0,2914,2919,C
4-HA,1248,2919,0,1,0,2920,A
4-HA,1249,1,1,2916,0,2918,G
4-HA,1250,2893,0,0,1,2894,A
4-HA,1251,2882,0,4,0,2886,A
4-HA,1252,1,0,2918,0,2919,G
4-HA,1253,0,2860,0,2,2862,T
4-HA,1254,6,0,0,2893,2899,C
4-HA,1255,5,2,2902,1,2910,G
4-HA,1256,2900,0,0,0,2900,A
4-HA,1257,2899,0,10,0,2909,A
4-HA,1258,0,8,2894,0,2902,G
4-HA,1259,0,3,2910,0,2913,G
4-HA,1260,0,5,2914,1,2920,G
4-HA,1261,2869,0,2,0,2871,A
4-HA,1262,0,8,2861,0,2869,G
4-HA,1263,2883,0,3,0,2886,A
4-HA,1264,3035,0,3,0,3038,A
4-HA,1265,0,3015,0,1,3016,T
4-HA,1266,0,3014,0,2,3016,T
4-HA,1267,4,1,0,3018,3023,C
4-HA,1268,2952,0,5,0,2957,A
4-HA,1269,1,4,2977,0,2982,G
4-HA,1270,1,7,2965,0,2973,G
4-HA,1271,2950,1,2,0,2953,A
4-HA,1272,2,0,0,2956,2958,C
4-HA,1273,3,1,0,2825,2829,C
4-HA,1274,1,2796,2,4,2803,T
4-HA,1275,0,2774,0,41,2815,T
4-HA,1276,0,7,2835,0,2842,G
4-HA,1277,2826,0,6,0,2832,A
4-HA,1278,0,3,2889,0,2892,G
4-HA,1279,2871,0,1,1,2873,A
4-HA,1280,2753,0,4,0,2757,A
4-HA,1281,2748,0,3,0,2751,A
4-HA,1282,0,2714,0,0,2714,T
4-HA,1283,2770,1,3,0,2774,A
4-HA,1284,0,2764,0,0,2764,T
4-HA,1285,1,2,2775,0,2778,G
4-HA,1286,0,2751,0,1,2752,T
4-HA,1287,0,2687,0,4,2691,T
4-HA,1288,0,4,2690,0,2694,G
4-HA,1289,2668,0,3,0,2671,A
4-HA,1290,0,9,2674,0,2683,G
4-HA,1291,0,5,2651,0,2656,G
4-HA,1292,2625,0,2,0,2627,A
4-HA,1293,0,1,0,2679,2680,C
4-HA,1294,2626,0,3,0,2629,A
4-HA,1295,4,1,0,2713,2718,C
4-HA,1296,5,2,0,2727,2734,C
4-HA,1297,2738,0,2,0,2740,A
4-HA,1298,2807,0,0,0,2807,A
4-HA,1299,2784,1,3,0,2788,A
4-HA,1300,2825,0,3,1,2829,A
4-HA,1301,0,2816,1,0,2817,T
4-HA,1302,2760,0,2,0,2762,A
4-HA,1303,1,9,2758,0,2768,G
4-HA,1304,2697,0,0,0,2697,A
4-HA,1305,0,2681,1,0,2682,T
4-HA,1306,4,0,0,2710,2714,C
4-HA,1307,1,2640,1,2,2644,T
4-HA,1308,22,0,0,2688,2710,C
4-HA,1309,0,2706,1,0,2707,T
4-HA,1310,0,7,2743,0,2750,G
4-HA,1311,1,2,2803,0,2806,G
4-HA,1312,0,2771,0,8,2779,T
4-HA,1313,13,0,0,2773,2786,C
4-HA,1314,2797,0,2,0,2799,A
4-HA,1315,0,2808,1,1,2810,T
4-HA,1316,2811,0,2,0,2813,A
4-HA,1317,0,1,0,2803,2804,C
4-HA,1318,2716,1,1,0,2718,A
4-HA,1319,2733,0,2,0,2735,A
4-HA,1320,0,1,0,2648,2649,C
4-HA,1321,0,0,2630,0,2630,G
4-HA,1322,2,3,0,2635,2640,C
4-HA,1323,1,1,2613,0,2615,G
4-HA,1324,0,5,2612,0,2617,G
4-HA,1325,2608,0,2,0,2610,A
4-HA,1326,8,0,2648,0,2656,G
4-HA,1327,0,0,0,2656,2656,C
4-HA,1328,0,2616,1,9,2626,T
4-HA,1329,0,2664,1,4,2669,T
4-HA,1330,4,0,0,2670,2674,C
4-HA,1331,1,2697,1,1,2700,T
4-HA,1332,0,2705,1,2,2708,T
4-HA,1333,0,0,2696,0,2696,G
4-HA,1334,0,2664,0,5,2669,T
4-HA,1335,0,2634,0,3,2637,T
4-HA,1336,0,1,2646,0,2647,G
4-HA,1337,0,4,0,2636,2640,C
4-HA,1338,4,3,1,2631,2639,C
4-HA,1339,7,0,0,2648,2655,C
4-HA,1340,0,2655,1,6,2662,T
4-HA,1341,0,2,2698,0,2700,G
4-HA,1342,0,4,2690,0,2694,G
4-HA,1343,2690,0,3,0,2693,A
4-HA,1344,1,5,2696,0,2702,G
4-HA,1345,2658,0,6,0,2664,A
4-HA,1346,2681,0,0,0,2681,A
4-HA,1347,1,0,0,2722,2723,C
4-HA,1348,6,4,0,2718,2728,C
4-HA,1349,2718,0,6,0,2724,A
4-HA,1350,2794,0,3,0,2797,A
4-HA,1351,2,0,0,2805,2807,C
4-HA,1352,2835,0,6,3,2844,A
4-HA,1353,0,2816,1,0,2817,T
4-HA,1354,2808,0,1,0,2809,A
4-HA,1355,1,1,0,2874,2876,C
4-HA,1356,2828,0,0,0,2828,A
4-HA,1357,2816,0,0,0,2816,A
4-HA,1358,0,2798,0,1,2799,T
4-HA,1359,0,2695,0,1,2696,T
4-HA,1360,0,7,2728,0,2735,G
4-HA,1361,2731,1,2,0,2734,A
4-HA,1362,0,2725,0,9,2734,T
4-HA,1363,28,0,0,2714,2742,C
4-HA,1364,0,2682,0,1,2683,T
4-HA,1365,2717,0,0,0,2717,A
4-HA,1366,2713,0,1,0,2714,A
4-HA,1367,1,0,0,2703,2704,C
4-HA,1368,1,2672,0,4,2677,T
4-HA,1369,1,10,2629,0,2640,G
4-HA,1370,2601,1,2,1,2605,A
4-HA,1371,1,2569,1,1,2572,T
4-HA,1372,1,2622,1,0,2624,T
4-HA,1373,7,1,0,2637,2645,C
4-HA,1374,2650,1,1,0,2652,A
4-HA,1375,0,5,2675,0,2680,G
4-HA,1376,2673,1,1,0,2675,A
4-HA,1377,2672,0,2,0,2674,A
4-HA,1378,2684,0,3,0,2687,A
4-HA,1379,0,2668,1,0,2669,T
4-HA,1380,1,7,2693,0,2701,G
4-HA,1381,2700,0,1,0,2701,A
4-HA,1382,2695,0,4,1,2700,A
4-HA,1383,0,2,0,2693,2695,C
4-HA,1384,2678,0,0,0,2678,A
4-HA,1385,2668,0,4,0,2672,A
4-HA,1386,2669,0,0,0,2669,A
4-HA,1387,1,0,0,2684,2685,C
4-HA,1388,0,2651,1,0,2652,T
4-HA,1389,1,2,2679,0,2682,G
4-HA,1390,1,2632,1,5,2639,T
4-HA,1391,0,2646,1,2,2649,T
4-HA,1392,0,2659,1,2,2662,T
4-HA,1393,0,5,2658,0,2663,G
4-HA,1394,2657,0,3,0,2660,A
4-HA,1395,2658,0,1,1,2660,A
4-HA,1396,2653,0,1,0,2654,A
4-HA,1397,2655,0,1,0,2656,A
4-HA,1398,2630,0,0,0,2630,A
4-HA,1399,2646,0,1,0,2647,A
4-HA,1400,1,1,0,2656,2658,C
4-HA,1401,2651,0,1,0,2652,A
4-HA,1402,2655,0,1,0,2656,A
4-HA,1403,2647,0,3,1,2651,A
4-HA,1404,0,5,2645,0,2650,G
4-HA,1405,2664,0,0,0,2664,A
4-HA,1406,2643,1,9,0,2653,A
4-HA,1407,0,0,2658,0,2658,G
4-HA,1408,1,0,0,2658,2659,C
4-HA,1409,2672,0,2,0,2674,A
4-HA,1410,2669,0,2,0,2671,A
4-HA,1411,1,0,0,2660,2661,C
4-HA,1412,0,2643,0,0,2643,T
4-HA,1413,3,2,2660,0,2665,G
4-HA,1414,2624,0,4,0,2628,A
4-HA,1415,0,5,2643,0,2648,G
4-HA,1416,0,2,2656,1,2659,G
4-HA,1417,1,3,2663,0,2667,G
4-HA,1418,2665,0,1,0,2666,A
4-HA,1419,2678,0,0,0,2678,A
4-HA,1420,2663,0,2,0,2665,A
4-HA,1421,2683,0,0,1,2684,A
4-HA,1422,0,2677,1,1,2679,T
4-HA,1423,1,1,2682,0,2684,G
4-HA,1424,0,0,0,2680,2680,C
4-HA,1425,0,2664,1,2,2667,T
4-HA,1426,1,3,2672,0,2676,G
4-HA,1427,2661,2,3,0,2666,A
4-HA,1428,0,7,2753,1,2761,G
4-HA,1429,0,9,2787,0,2796,G
4-HA,1430,2753,0,3,0,2756,A
4-HA,1431,0,2742,0,0,2742,T
4-HA,1432,2728,0,2,0,2730,A
4-HA,1433,2,2708,1,0,2711,T
4-HA,1434,2,8,2739,0,2749,G
4-HA,1435,1,6,2756,0,2763,G
4-HA,1436,11,0,2731,0,2742,G
4-HA,1437,2,0,0,2635,2637,C
4-HA,1438,2572,0,0,0,2572,A
4-HA,1439,2571,0,3,0,2574,A
4-HA,1440,0,2571,1,2,2574,T
4-HA,1441,0,3,2575,0,2578,G
4-HA,1442,0,1,2568,0,2569,G
4-HA,1443,0,2518,0,0,2518,T
4-HA,1444,0,2476,0,1,2477,T
4-HA,1445,1,0,2475,0,2476,G
4-HA,1446,0,2472,1,1,2474,T
4-HA,1447,0,2469,0,4,2473,T
4-HA,1448,1,2468,0,4,2473,T
4-HA,1449,11,0,0,2477,2488,C
4-HA,1450,2490,0,0,1,2491,A
4-HA,1451,2480,0,0,1,2481,A
4-HA,1452,2482,0,0,0,2482,A
4-HA,1453,2480,0,0,0,2480,A
4-HA,1454,0,2452,0,0,2452,T
4-HA,1455,9,0,0,2441,2450,C
4-HA,1456,1,2468,0,0,2469,T
4-HA,1457,2446,0,1,0,2447,A
4-HA,1458,2,0,0,2489,2491,C
4-HA,1459,9,0,0,2486,2495,C
4-HA,1460,2481,0,2,0,2483,A
4-HA,1461,0,2,0,2501,2503,C
4-HA,1462,2516,1,0,0,2517,A
4-HA,1463,2523,0,1,0,2524,A
4-HA,1464,2521,0,3,0,2524,A
4-HA,1465,0,2522,0,1,2523,T
4-HA,1466,5,1,2526,0,2532,G
4-HA,1467,1,2509,0,2,2512,T
4-HA,1468,0,17,2524,0,2541,G
4-HA,1469,2536,0,6,0,2542,A
4-HA,1470,0,0,0,2535,2535,C
4-HA,1471,2499,0,1,0,2500,A
4-HA,1472,2496,0,0,0,2496,A
4-HA,1473,0,2532,0,1,2533,T
4-HA,1474,0,0,2546,0,2546,G
4-HA,1475,1,0,0,2507,2508,C
4-HA,1476,1,0,0,2531,2532,C
4-HA,1477,0,2520,0,3,2523,T
4-HA,1478,1,0,2616,0,2617,G
4-HA,1479,1,0,0,2599,2600,C
4-HA,1480,2619,0,0,0,2619,A
4-HA,1481,0,2616,0,0,2616,T
4-HA,1482,2529,0,8,0,2537,A
4-HA,1483,0,1,2554,0,2555,G
4-HA,1484,1,9,2535,0,2545,G
4-HA,1485,2525,1,2,0,2528,A
4-HA,1486,0,2501,1,3,2505,T
4-HA,1487,3,0,0,2372,2375,C
4-HA,1488,2369,0,1,0,2370,A
4-HA,1489,2373,0,3,0,2376,A
4-HA,1490,1,2372,0,2,2375,T
4-HA,1491,5,0,0,2375,2380,C
4-HA,1492,2345,0,0,0,2345,A
4-HA,1493,0,4,2359,0,2363,G
4-HA,1494,2373,0,2,1,2376,A
4-HA,1495,2379,0,1,0,2380,A
4-HA,1496,2364,0,4,0,2368,A
4-HA,1497,0,2349,0,0,2349,T
4-HA,1498,0,1,2346,0,2347,G
4-HA,1499,0,13,2327,0,2340,G
4-HA,1500,2345,0,1,0,2346,A
4-HA,1501,2344,0,3,0,2347,A
4-HA,1502,0,1,0,2351,2352,C
4-HA,1503,0,2325,0,2,2327,T
4-HA,1504,1,2330,0,2,2333,T
4-HA,1505,2336,0,1,0,2337,A
4-HA,1506,0,2329,0,4,2333,T
4-HA,1507,0,9,2322,0,2331,G
4-HA,1508,2322,0,3,0,2325,A
4-HA,1509,1,0,0,2311,2312,C
4-HA,1510,4,0,1,2281,2286,C
4-HA,1511,2267,0,1,0,2268,A
4-HA,1512,0,0,0,2293,2293,C
4-HA,1513,2,6,2283,0,2291,G
4-HA,1514,2305,0,2,0,2307,A
4-HA,1515,1,2338,0,1,2340,T
4-HA,1516,2,0,2346,0,2348,G
4-HA,1517,0,2303,0,14,2317,T
4-HA,1518,8,1,1,2290,2300,C
4-HA,1519,0,2453,0,5,2458,T
4-HA,1520,2454,0,1,0,2455,A
4-HA,1521,1,0,0,2452,2453,C
4-HA,1522,2395,0,4,0,2399,A
4-HA,1523,11,4,2405,0,2420,G
4-HA,1524,2249,0,2,0,2251,A
4-HA,1525,0,2,2188,0,2190,G
4-HA,1526,2186,0,1,0,2187,A
4-HA,1527,0,2039,0,1,2040,T
4-HA,1528,0,2,2031,0,2033,G
4-HA,1529,2027,1,2,0,2030,A
4-HA,1530,2015,0,8,1,2024,A
4-HA,1531,1,2,2058,0,2061,G
4-HA,1532,1,0,0,2011,2012,C
4-HA,1533,2010,1,1,0,2012,A
4-HA,1534,0,2014,0,0,2014,T
4-HA,1535,0,2013,0,0,2013,T
4-HA,1536,2021,0,2,0,2023,A
4-HA,1537,2016,0,2,1,2019,A
4-HA,1538,2005,0,0,0,2005,A
4-HA,1539,1,1,0,2016,2018,C
4-HA,1540,1912,0,0,0,1912,A
4-HA,1541,1914,1,0,0,1915,A
4-HA,1542,1,0,0,1910,1911,C
4-HA,1543,2,0,0,1911,1913,C
4-HA,1544,0,1,1894,0,1895,G
4-HA,1545,0,0,1931,0,1931,G
4-HA,1546,0,1925,0,4,1929,T
4-HA,1547,0,1909,0,0,1909,T
4-HA,1548,6,0,0,1907,1913,C
4-HA,1549,2,2,0,1926,1930,C
4-HA,1550,1918,1,2,0,1921,A
4-HA,1551,0,2,1931,0,1933,G
4-HA,1552,1935,0,1,0,1936,A
4-HA,1553,0,1904,0,3,1907,T
4-HA,1554,5,1,1,1835,1842,C
4-HA,1555,1822,1,1,0,1824,A
4-HA,1556,1815,0,4,0,1819,A
4-HA,1557,0,3,1820,0,1823,G
4-HA,1558,1,7,1794,0,1802,G
4-HA,1559,0,0,1802,0,1802,G
4-HA,1560,1,0,1,1747,1749,C
4-HA,1561,0,1,1763,0,1764,G
4-HA,1562,0,1760,0,1,1761,T
4-HA,1563,0,1756,0,0,1756,T
4-HA,1564,1,8,1767,0,1776,G
4-HA,1565,1763,0,4,0,1767,A
4-HA,1566,0,0,1775,0,1775,G
4-HA,1567,0,0,0,1769,1769,C
4-HA,1568,0,1764,0,2,1766,T
4-HA,1569,2,1,1769,0,1772,G
4-HA,1570,1759,0,4,0,1763,A
4-HA,1571,1761,0,2,0,1763,A
4-HA,1572,0,1,1768,0,1769,G
4-HA,1573,0,1722,0,2,1724,T
4-HA,1574,5,0,0,1717,1722,C
4-HA,1575,1685,0,3,0,1688,A
4-HA,1576,1,3,1700,0,1704,G
4-HA,1577,1,1,1707,0,1709,G
4-HA,1578,1698,0,3,0,1701,A
4-HA,1579,0,1709,0,0,1709,T
4-HA,1580,1663,1,2,0,1666,A
4-HA,1581,1,0,0,1675,1676,C
4-HA,1582,1669,0,0,0,1669,A
4-HA,1583,1660,0,0,0,1660,A
4-HA,1584,1663,1,0,0,1664,A
4-HA,1585,0,3,1663,0,1666,G
4-HA,1586,1624,0,0,0,1624,A
4-HA,1587,0,1596,0,0,1596,T
4-HA,1588,0,1586,0,0,1586,T
4-HA,1589,2,2,1575,0,1579,G
4-HA,1590,2,2,1572,0,1576,G
4-HA,1591,1568,0,1,0,1569,A
4-HA,1592,0,1572,0,2,1574,T
4-HA,1593,3,2,0,1566,1571,C
4-HA,1594,4,0,0,1523,1527,C
4-HA,1595,0,1533,0,0,1533,T
4-HA,1596,1541,0,0,0,1541,A
4-HA,1597,0,1534,0,2,1536,T
4-HA,1598,1,4,1529,0,1534,G
4-HA,1599,0,4,1533,0,1537,G
4-HA,1600,1491,0,0,0,1491,A
4-HA,1601,0,1489,0,3,1492,T
4-HA,1602,0,1465,0,5,1470,T
4-HA,1603,1,1464,0,0,1465,T
4-HA,1604,1,0,0,1460,1461,C
4-HA,1605,4,0,0,1466,1470,C
4-HA,1606,0,1448,0,4,1452,T
4-HA,1607,0,1446,0,0,1446,T
4-HA,1608,0,1431,0,1,1432,T
4-HA,1609,0,2,1429,0,1431,G
4-HA,1610,0,1,0,1427,1428,C
4-HA,1611,3,2,0,1424,1429,C
4-HA,1612,1413,0,4,0,1417,A
4-HA,1613,0,1410,1,0,1411,T
4-HA,1614,1428,0,0,0,1428,A
4-HA,1615,0,1412,0,3,1415,T
4-HA,1616,6,0,0,1412,1418,C
4-HA,1617,1409,0,0,0,1409,A
4-HA,1618,0,1406,0,2,1408,T
4-HA,1619,0,1,1413,0,1414,G
4-HA,1620,0,1397,1,1,1399,T
4-HA,1621,0,1387,0,0,1387,T
4-HA,1622,0,1378,0,0,1378,T
4-HA,1623,0,1346,0,1,1347,T
4-HA,1624,0,1347,0,0,1347,T
4-HA,1625,0,1337,0,0,1337,T
4-HA,1626,0,1,1332,0,1333,G
4-HA,1627,2,0,0,1324,1326,C
4-HA,1628,0,1287,0,1,1288,T
4-HA,1629,0,1302,0,0,1302,T
4-HA,1630,0,1288,0,1,1289,T
4-HA,1631,0,0,1297,0,1297,G
4-HA,1632,0,1,0,1253,1254,C
4-HA,1633,1262,0,0,0,1262,A
4-HA,1634,0,1269,0,0,1269,T
4-HA,1635,0,1274,0,0,1274,T
4-HA,1636,0,1,1290,0,1291,G
4-HA,1637,1,0,0,1289,1290,C
4-HA,1638,0,1289,0,4,1293,T
4-HA,1639,0,1303,0,0,1303,T
4-HA,1640,0,1252,0,0,1252,T
4-HA,1641,1,2,1254,0,1257,G
4-HA,1642,0,1251,0,0,1251,T
4-HA,1643,0,1241,0,3,1244,T
4-HA,1644,0,0,1249,0,1249,G
4-HA,1645,1,5,1185,0,1191,G
4-HA,1646,0,3,1184,0,1187,G
4-HA,1647,0,0,1195,0,1195,G
4-HA,1648,0,1152,0,0,1152,T
4-HA,1649,0,1139,0,0,1139,T
4-HA,1650,6,0,0,1114,1120,C
4-HA,1651,1097,0,0,0,1097,A
4-HA,1652,1,1089,0,2,1092,T
4-HA,1653,3,1,0,1098,1102,C
4-HA,1654,1089,0,4,0,1093,A
4-HA,1655,0,1053,0,1,1054,T
4-HA,1656,1,0,1040,1,1042,G
4-HA,1657,0,1025,0,0,1025,T
4-HA,1658,1,3,1002,0,1006,G
4-HA,1659,0,1,970,0,971,G
4-HA,1660,0,1,959,0,960,G
4-HA,1661,0,0,0,930,930,C
4-HA,1662,2,0,0,909,911,C
4-HA,1663,0,875,0,0,875,T
4-HA,1664,0,0,876,0,876,G
4-HA,1665,0,1,0,857,858,C
4-HA,1666,1,0,0,884,885,C
4-HA,1667,882,0,0,0,882,A
4-HA,1668,867,0,1,0,868,A
4-HA,1669,869,0,0,0,869,A
4-HA,1670,867,0,0,0,867,A
4-HA,1671,865,1,1,0,867,A
4-HA,1672,0,5,851,0,856,G
4-HA,1673,0,0,820,0,820,G
4-HA,1674,1,0,0,810,811,C
4-HA,1675,809,0,1,0,810,A
4-HA,1676,814,1,1,0,816,A
4-HA,1677,0,0,0,816,816,C
4-HA,1678,811,0,0,0,811,A
4-HA,1679,0,803,0,1,804,T
4-HA,1680,0,798,0,0,798,T
4-HA,1681,777,1,1,0,779,A
4-HA,1682,0,2,771,0,773,G
4-HA,1683,0,0,769,0,769,G
4-HA,1684,0,748,1,0,749,T
4-HA,1685,0,0,694,0,694,G
4-HA,1686,0,1,0,670,671,C
4-HA,1687,650,0,0,0,650,A
4-HA,1688,647,0,1,0,648,A
4-HA,1689,0,1,0,649,650,C
4-HA,1690,642,0,0,0,642,A
4-HA,1691,1,624,0,0,625,T
4-HA,1692,0,588,0,1,589,T
4-HA,1693,0,586,0,1,587,T
4-HA,1694,0,1,582,0,583,G
4-HA,1695,0,0,0,580,580,C
4-HA,1696,576,0,1,0,577,A
4-HA,1697,0,537,0,1,538,T
4-HA,1698,0,513,0,1,514,T
4-HA,1699,0,505,0,0,505,T
4-HA,1700,0,0,501,0,501,G
4-HA,1701,483,0,0,0,483,A
5-NP,1,27,0,0,0,27,A
5-NP,2,0,27,0,0,27,T
5-NP,3,0,0,27,0,27,G
5-NP,4,0,0,29,0,29,G
5-NP,5,0,0,0,28,28,C
5-NP,6,0,0,29,0,29,G
5-NP,7,0,29,0,0,29,T
5-NP,8,0,0,0,28,28,C
5-NP,9,0,0,0,29,29,C
5-NP,10,0,0,0,30,30,C
5-NP,11,30,0,0,0,30,A
5-NP,12,30,0,0,0,30,A
5-NP,13,0,0,30,0,30,G
5-NP,14,0,0,31,0,31,G
5-NP,15,0,0,0,32,32,C
5-NP,16,31,0,1,0,32,A
5-NP,17,0,0,0,32,32,C
5-NP,18,0,0,0,32,32,C
5-NP,19,32,0,0,0,32,A
5-NP,20,32,0,0,0,32,A
5-NP,21,32,0,0,0,32,A
5-NP,22,0,0,0,32,32,C
5-NP,23,0,0,31,0,31,G
5-NP,24,0,0,31,0,31,G
5-NP,25,0,32,0,0,32,T
5-NP,26,0,0,0,37,37,C
5-NP,27,0,38,0,0,38,T
5-NP,28,0,38,0,0,38,T
5-NP,29,38,0,0,0,38,A
5-NP,30,0,38,0,0,38,T
5-NP,31,1,0,39,0,40,G
5-NP,32,40,0,0,0,40,A
5-NP,33,40,0,0,0,40,A
5-NP,34,0,0,0,41,41,C
5-NP,35,41,0,0,0,41,A
5-NP,36,0,0,48,0,48,G
5-NP,37,48,0,0,0,48,A
5-NP,38,0,48,0,0,48,T
5-NP,39,0,0,48,0,48,G
5-NP,40,0,0,48,0,48,G
5-NP,41,47,0,0,0,47,A
5-NP,42,48,0,0,0,48,A
5-NP,43,49,0,0,0,49,A
5-NP,44,0,0,0,49,49,C
5-NP,45,0,48,0,0,48,T
5-NP,46,0,0,48,0,48,G
5-NP,47,44,0,0,0,44,A
5-NP,48,0,48,0,0,48,T
5-NP,49,0,0,48,0,48,G
5-NP,50,0,0,46,0,46,G
5-NP,51,0,0,47,0,47,G
5-NP,52,0,0,48,0,48,G
5-NP,53,46,0,0,0,46,A
5-NP,54,0,46,0,1,47,T
5-NP,55,0,0,0,47,47,C
5-NP,56,0,0,48,0,48,G
5-NP,57,0,0,0,49,49,C
5-NP,58,0,0,0,49,49,C
5-NP,59,48,0,0,0,48,A
5-NP,60,0,1,49,0,50,G
5-NP,61,51,0,0,0,51,A
5-NP,62,52,0,0,0,52,A
5-NP,63,0,52,0,0,52,T
5-NP,64,0,0,52,0,52,G
5-NP,65,0,0,0,53,53,C
5-NP,66,53,0,0,0,53,A
5-NP,67,53,0,0,0,53,A
5-NP,68,0,0,0,53,53,C
5-NP,69,0,53,0,0,53,T
5-NP,70,0,0,55,0,55,G
5-NP,71,50,0,0,0,50,A
5-NP,72,0,0,57,0,57,G
5-NP,73,54,0,0,0,54,A
5-NP,74,0,58,0,0,58,T
5-NP,75,0,59,0,0,59,T
5-NP,76,59,0,0,0,59,A
5-NP,77,0,0,59,0,59,G
5-NP,78,0,0,59,0,59,G
5-NP,79,0,0,62,0,62,G
5-NP,80,0,0,0,60,60,C
5-NP,81,60,0,0,0,60,A
5-NP,82,0,60,0,0,60,T
5-NP,83,0,0,0,60,60,C
5-NP,84,0,4,0,56,60,C
5-NP,85,0,0,60,0,60,G
5-NP,86,0,60,0,0,60,T
5-NP,87,0,59,0,0,59,T
5-NP,88,0,1,60,0,61,G
5-NP,89,0,0,60,0,60,G
5-NP,90,0,0,61,0,61,G
5-NP,91,61,0,0,0,61,A
5-NP,92,61,0,0,0,61,A
5-NP,93,0,0,61,0,61,G
5-NP,94,60,0,0,0,60,A
5-NP,95,0,62,0,0,62,T
5-NP,96,0,0,62,0,62,G
5-NP,97,59,0,0,0,59,A
5-NP,98,0,61,0,0,61,T
5-NP,99,0,61,0,0,61,T
5-NP,100,0,0,60,0,60,G
5-NP,101,59,0,0,0,59,A
5-NP,102,0,61,0,0,61,T
5-NP,103,0,0,61,0,61,G
5-NP,104,0,0,60,0,60,G
5-NP,105,61,0,0,0,61,A
5-NP,106,62,0,0,0,62,A
5-NP,107,0,62,0,0,62,T
5-NP,108,0,61,0,0,61,T
5-NP,109,0,0,62,0,62,G
5-NP,110,0,0,62,0,62,G
5-NP,111,0,1,62,0,63,G
5-NP,112,63,0,0,0,63,A
5-NP,113,0,0,63,0,63,G
5-NP,114,62,0,0,0,62,A
5-NP,115,0,66,0,0,66,T
5-NP,116,0,67,0,0,67,T
5-NP,117,0,0,0,66,66,C
5-NP,118,0,66,0,0,66,T
5-NP,119,68,0,0,0,68,A
5-NP,120,0,0,0,68,68,C
5-NP,121,69,0,0,0,69,A
5-NP,122,0,69,0,0,69,T
5-NP,123,0,0,0,70,70,C
5-NP,124,1,0,0,69,70,C
5-NP,125,71,0,0,0,71,A
5-NP,126,70,0,0,0,70,A
5-NP,127,70,0,0,0,70,A
5-NP,128,0,71,0,0,71,T
5-NP,129,0,1,68,0,69,G
5-NP,130,0,70,0,0,70,T
5-NP,131,0,0,72,0,72,G
5-NP,132,0,0,0,70,70,C
5-NP,133,72,0,0,0,72,A
5-NP,134,0,0,0,72,72,C
5-NP,135,0,71,0,0,71,T
5-NP,136,0,1,71,0,72,G
5-NP,137,74,0,0,0,74,A
5-NP,138,73,0,0,0,73,A
5-NP,139,0,0,0,76,76,C
5-NP,140,0,76,0,0,76,T
5-NP,141,0,77,0,0,77,T
5-NP,142,76,0,0,0,76,A
5-NP,143,77,0,0,0,77,A
5-NP,144,76,0,0,0,76,A
5-NP,145,0,0,0,75,75,C
5-NP,146,0,73,0,0,73,T
5-NP,147,1,0,0,75,76,C
5-NP,148,74,0,0,0,74,A
5-NP,149,0,0,75,0,75,G
5-NP,150,0,76,0,0,76,T
5-NP,151,0,1,76,0,77,G
5-NP,152,77,0,0,0,77,A
5-NP,153,0,77,0,0,77,T
5-NP,154,1,0,0,78,79,C
5-NP,155,79,0,0,0,79,A
5-NP,156,0,79,0,0,79,T
5-NP,157,0,0,79,0,79,G
5-NP,158,78,0,0,0,78,A
5-NP,159,78,0,0,0,78,A
5-NP,160,0,1,76,0,77,G
5-NP,161,0,0,77,0,77,G
5-NP,162,0,0,77,0,77,G
5-NP,163,0,0,0,77,77,C
5-NP,164,1,0,78,0,79,G
5-NP,165,0,0,80,0,80,G
5-NP,166,0,79,0,0,79,T
5-NP,167,0,79,0,0,79,T
5-NP,168,0,0,77,0,77,G
5-NP,169,79,0,0,0,79,A
5-NP,170,0,81,0,0,81,T
5-NP,171,1,0,0,80,81,C
5-NP,172,0,0,0,81,81,C
5-NP,173,81,0,0,0,81,A
5-NP,174,80,0,0,0,80,A
5-NP,175,81,0,0,0,81,A
5-NP,176,79,0,0,0,79,A
5-NP,177,0,0,0,79,79,C
5-NP,178,80,0,0,0,80,A
5-NP,179,0,1,79,0,80,G
5-NP,180,0,0,0,77,77,C
5-NP,181,0,0,0,78,78,C
5-NP,182,0,80,0,0,80,T
5-NP,183,0,0,79,0,79,G
5-NP,184,79,0,0,0,79,A
5-NP,185,0,0,0,80,80,C
5-NP,186,79,0,1,0,80,A
5-NP,187,80,0,0,0,80,A
5-NP,188,0,79,0,0,79,T
5-NP,189,78,0,1,0,79,A
5-NP,190,0,0,79,0,79,G
5-NP,191,78,0,0,0,78,A
5-NP,192,0,0,80,0,80,G
5-NP,193,80,0,0,0,80,A
5-NP,194,79,0,0,0,79,A
5-NP,195,80,0,0,0,80,A
5-NP,196,80,0,0,0,80,A
5-NP,197,0,81,0,0,81,T
5-NP,198,1,0,81,0,82,G
5-NP,199,0,0,80,0,80,G
5-NP,200,0,79,0,0,79,T
5-NP,201,0,0,81,0,81,G
5-NP,202,0,0,0,81,81,C
5-NP,203,0,78,0,0,78,T
5-NP,204,0,0,0,83,83,C
5-NP,205,0,84,0,0,84,T
5-NP,206,0,0,0,85,85,C
5-NP,207,0,84,0,2,86,T
5-NP,208,0,0,87,0,87,G
5-NP,209,0,0,0,85,85,C
5-NP,210,0,86,0,1,87,T
5-NP,211,0,86,0,0,86,T
5-NP,212,0,87,0,0,87,T
5-NP,213,0,87,0,0,87,T
5-NP,214,0,0,87,0,87,G
5-NP,215,86,0,0,0,86,A
5-NP,216,0,87,0,0,87,T
5-NP,217,0,0,86,0,86,G
5-NP,218,85,0,0,0,85,A
5-NP,219,84,0,0,0,84,A
5-NP,220,86,0,0,0,86,A
5-NP,221,0,0,86,0,86,G
5-NP,222,85,0,0,0,85,A
5-NP,223,86,0,0,0,86,A
5-NP,224,0,0,87,0,87,G
5-NP,225,0,0,87,0,87,G
5-NP,226,86,0,0,0,86,A
5-NP,227,87,0,0,0,87,A
5-NP,228,0,84,0,0,84,T
5-NP,229,86,0,0,0,86,A
5-NP,230,85,0,0,0,85,A
5-NP,231,84,0,0,0,84,A
5-NP,232,0,84,0,0,84,T
5-NP,233,80,0,0,0,80,A
5-NP,234,0,0,0,81,81,C
5-NP,235,0,0,0,79,79,C
5-NP,236,0,81,0,0,81,T
5-NP,237,0,0,80,0,80,G
5-NP,238,0,0,83,0,83,G
5-NP,239,81,0,0,0,81,A
5-NP,240,83,0,0,0,83,A
5-NP,241,0,1,81,0,82,G
5-NP,242,84,0,0,0,84,A
5-NP,243,83,0,0,0,83,A
5-NP,244,0,0,0,82,82,C
5-NP,245,81,0,0,0,81,A
5-NP,246,0,0,0,90,90,C
5-NP,247,0,0,0,89,89,C
5-NP,248,0,0,0,86,86,C
5-NP,249,0,0,0,87,87,C
5-NP,250,86,0,0,0,86,A
5-NP,251,0,0,88,0,88,G
5-NP,252,0,83,0,0,83,T
5-NP,253,0,0,85,0,85,G
5-NP,254,0,0,0,86,86,C
5-NP,255,0,0,87,0,87,G
5-NP,256,0,0,87,0,87,G
5-NP,257,0,0,86,0,86,G
5-NP,258,0,0,86,0,86,G
5-NP,259,85,0,0,0,85,A
5-NP,260,87,0,0,0,87,A
5-NP,261,86,0,1,0,87,A
5-NP,262,0,0,82,0,82,G
5-NP,263,86,0,0,0,86,A
5-NP,264,0,84,0,0,84,T
5-NP,265,0,0,0,83,83,C
5-NP,266,0,0,0,85,85,C
5-NP,267,0,0,0,84,84,C
5-NP,268,87,0,0,0,87,A
5-NP,269,85,0,0,0,85,A
5-NP,270,0,0,85,0,85,G
5-NP,271,87,0,0,0,87,A
5-NP,272,85,0,0,0,85,A
5-NP,273,84,0,0,0,84,A
5-NP,274,82,0,0,0,82,A
5-NP,275,0,0,0,84,84,C
5-NP,276,0,81,0,0,81,T
5-NP,277,0,0,84,0,84,G
5-NP,278,0,0,82,0,82,G
5-NP,279,0,0,84,0,84,G
5-NP,280,1,0,81,0,82,G
5-NP,281,0,0,85,0,85,G
5-NP,282,0,0,86,0,86,G
5-NP,283,0,0,1,86,87,C
5-NP,284,0,0,0,87,87,C
5-NP,285,0,0,0,89,89,C
5-NP,286,106,0,0,0,106,A
5-NP,287,0,106,0,0,106,T
5-NP,288,115,0,0,0,115,A
5-NP,289,0,112,0,0,112,T
5-NP,290,113,0,0,0,113,A
5-NP,291,0,0,0,114,114,C
5-NP,292,113,0,0,0,113,A
5-NP,293,0,0,117,0,117,G
5-NP,294,0,0,112,0,112,G
5-NP,295,101,0,0,0,101,A
5-NP,296,0,0,101,0,101,G
5-NP,297,99,0,0,0,99,A
5-NP,298,0,0,99,0,99,G
5-NP,299,0,98,0,0,98,T
5-NP,300,98,0,0,0,98,A
5-NP,301,1,0,98,0,99,G
5-NP,302,96,0,0,0,96,A
5-NP,303,0,96,0,0,96,T
5-NP,304,0,0,98,0,98,G
5-NP,305,0,0,96,0,96,G
5-NP,306,93,0,0,0,93,A
5-NP,307,94,0,0,0,94,A
5-NP,308,92,0,0,0,92,A
5-NP,309,93,0,0,0,93,A
5-NP,310,0,92,0,0,92,T
5-NP,311,0,0,95,0,95,G
5-NP,312,0,0,96,0,96,G
5-NP,313,95,0,1,0,96,A
5-NP,314,0,97,0,0,97,T
5-NP,315,0,0,96,0,96,G
5-NP,316,94,0,0,0,94,A
5-NP,317,0,0,94,0,94,G
5-NP,318,0,1,92,0,93,G
5-NP,319,0,0,93,0,93,G
5-NP,320,95,0,0,0,95,A
5-NP,321,96,0,0,0,96,A
5-NP,322,0,0,0,96,96,C
5-NP,323,0,91,0,0,91,T
5-NP,324,1,0,0,94,95,C
5-NP,325,0,0,96,0,96,G
5-NP,326,1,93,0,0,94,T
5-NP,327,1,0,0,94,95,C
5-NP,328,0,0,0,97,97,C
5-NP,329,0,98,0,0,98,T
5-NP,330,0,97,0,0,97,T
5-NP,331,0,97,0,0,97,T
5-NP,332,98,0,0,0,98,A
5-NP,333,0,97,0,0,97,T
5-NP,334,0,1,96,0,97,G
5-NP,335,97,0,0,0,97,A
5-NP,336,0,0,0,98,98,C
5-NP,337,96,0,0,0,96,A
5-NP,338,96,0,0,0,96,A
5-NP,339,97,0,0,0,97,A
5-NP,340,0,0,98,0,98,G
5-NP,341,97,0,0,0,97,A
5-NP,342,98,0,0,0,98,A
5-NP,343,0,1,99,0,100,G
5-NP,344,102,0,1,0,103,A
5-NP,345,102,0,1,0,103,A
5-NP,346,103,0,0,0,103,A
5-NP,347,0,102,0,0,102,T
5-NP,348,102,0,0,0,102,A
5-NP,349,102,0,0,0,102,A
5-NP,350,0,0,103,0,103,G
5-NP,351,0,0,103,0,103,G
5-NP,352,0,0,0,102,102,C
5-NP,353,0,0,102,0,102,G
5-NP,354,103,0,0,0,103,A
5-NP,355,103,0,0,0,103,A
5-NP,356,0,103,0,0,103,T
5-NP,357,0,0,0,101,101,C
5-NP,358,0,104,0,0,104,T
5-NP,359,0,0,104,0,104,G
5-NP,360,0,0,104,0,104,G
5-NP,361,0,1,0,101,102,C
5-NP,362,0,0,104,0,104,G
5-NP,363,0,0,0,104,104,C
5-NP,364,0,0,0,102,102,C
5-NP,365,102,0,0,0,102,A
5-NP,366,103,0,0,0,103,A
5-NP,367,0,0,104,0,104,G
5-NP,368,0,0,0,104,104,C
5-NP,369,0,1,0,103,104,C
5-NP,370,105,0,0,0,105,A
5-NP,371,105,0,0,0,105,A
5-NP,372,0,0,0,105,105,C
5-NP,373,105,0,0,0,105,A
5-NP,374,106,0,0,0,106,A
5-NP,375,0,106,0,0,106,T
5-NP,376,0,0,106,0,106,G
5-NP,377,0,0,105,0,105,G
5-NP,378,0,105,0,0,105,T
5-NP,379,0,1,105,0,106,G
5-NP,380,105,0,0,0,105,A
5-NP,381,0,0,103,0,103,G
5-NP,382,0,1,104,0,105,G
5-NP,383,102,0,0,0,102,A
5-NP,384,0,106,0,0,106,T
5-NP,385,0,0,108,0,108,G
5-NP,386,0,0,0,110,110,C
5-NP,387,0,108,0,0,108,T
5-NP,388,109,0,0,0,109,A
5-NP,389,0,0,0,111,111,C
5-NP,390,110,0,0,0,110,A
5-NP,391,0,109,0,0,109,T
5-NP,392,0,0,0,109,109,C
5-NP,393,0,101,0,0,101,T
5-NP,394,0,0,102,0,102,G
5-NP,395,0,0,104,0,104,G
5-NP,396,0,103,0,1,104,T
5-NP,397,0,0,0,103,103,C
5-NP,398,0,103,0,0,103,T
5-NP,399,105,0,1,0,106,A
5-NP,400,106,0,0,0,106,A
5-NP,401,0,0,0,106,106,C
5-NP,402,0,105,0,0,105,T
5-NP,403,0,0,0,106,106,C
5-NP,404,106,0,0,0,106,A
5-NP,405,0,0,0,106,106,C
5-NP,406,107,0,0,0,107,A
5-NP,407,0,107,0,0,107,T
5-NP,408,105,0,0,0,105,A
5-NP,409,106,0,0,0,106,A
5-NP,410,0,105,0,0,105,T
5-NP,411,0,0,105,0,105,G
5-NP,412,107,0,0,0,107,A
5-NP,413,0,103,0,1,104,T
5-NP,414,0,105,0,0,105,T
5-NP,415,0,105,0,0,105,T
5-NP,416,0,0,105,0,105,G
5-NP,417,0,0,104,0,104,G
5-NP,418,1,0,0,104,105,C
5-NP,419,102,0,0,0,102,A
5-NP,420,0,103,0,0,103,T
5-NP,421,0,101,0,0,101,T
5-NP,422,0,0,0,103,103,C
5-NP,423,0,0,0,103,103,C
5-NP,424,104,0,0,0,104,A
5-NP,425,104,0,0,0,104,A
5-NP,426,0,103,0,0,103,T
5-NP,427,0,102,0,0,102,T
5-NP,428,0,102,0,0,102,T
5-NP,429,0,0,105,0,105,G
5-NP,430,105,0,0,0,105,A
5-NP,431,105,0,0,0,105,A
5-NP,432,0,105,0,0,105,T
5-NP,433,0,0,104,0,104,G
5-NP,434,106,0,0,0,106,A
5-NP,435,0,107,0,0,107,T
5-NP,436,0,0,106,0,106,G
5-NP,437,0,0,0,109,109,C
5-NP,438,108,0,0,0,108,A
5-NP,439,110,0,0,0,110,A
5-NP,440,0,0,0,111,111,C
5-NP,441,112,0,0,0,112,A
5-NP,442,0,112,0,0,112,T
5-NP,443,110,0,0,0,110,A
5-NP,444,0,0,0,110,110,C
5-NP,445,1,0,0,108,109,C
5-NP,446,109,0,0,0,109,A
5-NP,447,0,1,109,0,110,G
5-NP,448,108,0,0,0,108,A
5-NP,449,0,0,109,0,109,G
5-NP,450,0,1,107,0,108,G
5-NP,451,107,0,1,0,108,A
5-NP,452,0,0,0,109,109,C
5-NP,453,108,0,0,0,108,A
5-NP,454,108,0,0,0,108,A
5-NP,455,0,0,108,0,108,G
5-NP,456,107,0,0,0,107,A
5-NP,457,0,0,107,0,107,G
5-NP,458,1,0,0,107,108,C
5-NP,459,0,107,0,0,107,T
5-NP,460,0,0,0,107,107,C
5-NP,461,0,107,0,0,107,T
5-NP,462,0,108,0,0,108,T
5-NP,463,0,0,108,0,108,G
5-NP,464,0,108,0,0,108,T
5-NP,465,0,107,0,0,107,T
5-NP,466,0,0,0,108,108,C
5-NP,467,0,1,107,0,108,G
5-NP,468,109,0,0,0,109,A
5-NP,469,109,0,0,0,109,A
5-NP,470,0,0,0,111,111,C
5-NP,471,0,111,0,0,111,T
5-NP,472,0,0,111,0,111,G
5-NP,473,0,0,111,0,111,G
5-NP,474,111,0,0,0,111,A
5-NP,475,110,0,1,0,111,A
5-NP,476,0,112,0,0,112,T
5-NP,477,0,0,112,0,112,G
5-NP,478,0,0,112,0,112,G
5-NP,479,113,0,0,0,113,A
5-NP,480,0,118,0,0,118,T
5-NP,481,0,0,0,118,118,C
5-NP,482,0,0,0,125,125,C
5-NP,483,0,0,0,129,129,C
5-NP,484,136,0,0,0,136,A
5-NP,485,0,0,144,0,144,G
5-NP,486,148,0,0,0,148,A
5-NP,487,150,0,0,0,150,A
5-NP,488,0,148,0,0,148,T
5-NP,489,0,0,163,0,163,G
5-NP,490,0,162,0,0,162,T
5-NP,491,1,0,168,0,169,G
5-NP,492,0,0,0,169,169,C
5-NP,493,0,167,0,0,167,T
5-NP,494,0,0,0,214,214,C
5-NP,495,0,216,0,0,216,T
5-NP,496,1,0,0,239,240,C
5-NP,497,0,240,0,1,241,T
5-NP,498,0,2,244,0,246,G
5-NP,499,247,0,0,0,247,A
5-NP,500,0,248,0,0,248,T
5-NP,501,0,0,245,0,245,G
5-NP,502,0,0,0,247,247,C
5-NP,503,241,0,0,0,241,A
5-NP,504,1,1,254,0,256,G
5-NP,505,0,1,248,0,249,G
5-NP,506,0,0,256,0,256,G
5-NP,507,0,0,0,259,259,C
5-NP,508,0,260,0,0,260,T
5-NP,509,0,0,0,262,262,C
5-NP,510,0,2,263,0,265,G
5-NP,511,275,0,0,0,275,A
5-NP,512,0,0,0,276,276,C
5-NP,513,0,277,0,0,277,T
5-NP,514,1,0,0,313,314,C
5-NP,515,0,308,0,1,309,T
5-NP,516,1,0,0,405,406,C
5-NP,517,0,0,0,408,408,C
5-NP,518,1,0,0,409,410,C
5-NP,519,0,414,0,0,414,T
5-NP,520,410,0,0,0,410,A
5-NP,521,0,2,409,0,411,G
5-NP,522,409,0,0,0,409,A
5-NP,523,399,0,0,0,399,A
5-NP,524,0,1,399,0,400,G
5-NP,525,0,2,402,0,404,G
5-NP,526,0,399,0,0,399,T
5-NP,527,1,0,0,406,407,C
5-NP,528,0,0,0,408,408,C
5-NP,529,1,0,407,0,408,G
5-NP,530,0,0,412,0,412,G
5-NP,531,407,0,1,0,408,A
5-NP,532,0,0,425,0,425,G
5-NP,533,0,0,0,424,424,C
5-NP,534,0,419,0,0,419,T
5-NP,535,0,1,426,0,427,G
5-NP,536,0,0,0,420,420,C
5-NP,537,424,0,0,0,424,A
5-NP,538,0,1,423,0,424,G
5-NP,539,0,0,432,0,432,G
5-NP,540,0,421,0,0,421,T
5-NP,541,0,0,422,0,422,G
5-NP,542,0,0,0,429,429,C
5-NP,543,0,429,0,0,429,T
5-NP,544,0,0,440,0,440,G
5-NP,545,0,0,0,441,441,C
5-NP,546,447,0,0,0,447,A
5-NP,547,0,0,448,0,448,G
5-NP,548,0,445,0,0,445,T
5-NP,549,439,0,0,4,443,A
5-NP,550,467,0,0,0,467,A
5-NP,551,462,0,1,0,463,A
5-NP,552,464,0,0,0,464,A
5-NP,553,0,1,463,1,465,G
5-NP,554,0,2,469,0,471,G
5-NP,555,473,0,0,0,473,A
5-NP,556,472,0,1,0,473,A
5-NP,557,0,473,0,0,473,T
5-NP,558,2,0,0,470,472,C
5-NP,559,0,0,477,0,477,G
5-NP,560,0,1,495,0,496,G
5-NP,561,0,1,497,0,498,G
5-NP,562,493,0,1,0,494,A
5-NP,563,0,0,0,501,501,C
5-NP,564,498,0,1,0,499,A
5-NP,565,522,0,0,0,522,A
5-NP,566,0,528,0,0,528,T
5-NP,567,0,1,530,0,531,G
5-NP,568,0,1,544,0,545,G
5-NP,569,0,547,0,0,547,T
5-NP,570,0,0,554,0,554,G
5-NP,571,550,0,0,1,551,A
5-NP,572,0,554,0,1,555,T
5-NP,573,1,1,559,0,561,G
5-NP,574,0,1,565,0,566,G
5-NP,575,563,0,1,0,564,A
5-NP,576,566,0,0,0,566,A
5-NP,577,1,0,0,573,574,C
5-NP,578,0,559,0,1,560,T
5-NP,579,1,2,598,0,601,G
5-NP,580,594,0,0,0,594,A
5-NP,581,0,601,0,0,601,T
5-NP,582,1,0,0,602,603,C
5-NP,583,594,0,0,0,594,A
5-NP,584,0,1,623,0,624,G
5-NP,585,609,0,0,0,609,A
5-NP,586,617,0,0,0,617,A
5-NP,587,0,625,0,0,625,T
5-NP,588,0,0,626,0,626,G
5-NP,589,0,0,631,0,631,G
5-NP,590,0,635,0,1,636,T
5-NP,591,2,0,0,637,639,C
5-NP,592,637,0,0,0,637,A
5-NP,593,625,0,0,0,625,A
5-NP,594,628,0,0,0,628,A
5-NP,595,0,0,0,634,634,C
5-NP,596,0,0,637,0,637,G
5-NP,597,0,0,638,0,638,G
5-NP,598,1,2,624,0,627,G
5-NP,599,0,1,641,0,642,G
5-NP,600,0,1,643,0,644,G
5-NP,601,648,0,1,0,649,A
5-NP,602,0,646,0,0,646,T
5-NP,603,0,0,0,647,647,C
5-NP,604,651,0,0,0,651,A
5-NP,605,649,0,1,0,650,A
5-NP,606,0,0,0,653,653,C
5-NP,607,1,1,644,0,646,G
5-NP,608,635,1,1,0,637,A
5-NP,609,0,641,0,0,641,T
5-NP,610,3,0,0,643,646,C
5-NP,611,0,3,644,0,647,G
5-NP,612,641,0,0,0,641,A
5-NP,613,638,0,0,0,638,A
5-NP,614,643,0,0,0,643,A
5-NP,615,0,653,0,0,653,T
5-NP,616,0,653,0,0,653,T
5-NP,617,0,653,0,0,653,T
5-NP,618,0,654,0,0,654,T
5-NP,619,0,653,0,0,653,T
5-NP,620,0,1,655,0,656,G
5-NP,621,0,3,648,0,651,G
5-NP,622,639,0,2,0,641,A
5-NP,623,0,0,660,0,660,G
5-NP,624,638,0,0,0,638,A
5-NP,625,0,1,685,0,686,G
5-NP,626,0,0,690,0,690,G
5-NP,627,0,675,0,1,676,T
5-NP,628,0,2,685,0,687,G
5-NP,629,675,0,2,0,677,A
5-NP,630,0,1,694,0,695,G
5-NP,631,686,0,0,0,686,A
5-NP,632,686,0,2,1,689,A
5-NP,633,0,697,0,0,697,T
5-NP,634,0,2,681,0,683,G
5-NP,635,0,0,679,0,679,G
5-NP,636,0,1,678,0,679,G
5-NP,637,0,1,0,677,678,C
5-NP,638,0,0,688,0,688,G
5-NP,639,1,0,690,0,691,G
5-NP,640,684,0,0,0,684,A
5-NP,641,684,0,0,0,684,A
5-NP,642,703,0,0,0,703,A
5-NP,643,706,0,0,0,706,A
5-NP,644,0,0,0,712,712,C
5-NP,645,712,0,0,0,712,A
5-NP,646,707,0,0,0,707,A
5-NP,647,0,2,710,0,712,G
5-NP,648,686,0,2,0,688,A
5-NP,649,699,0,0,0,699,A
5-NP,650,0,0,723,0,723,G
5-NP,651,0,713,0,0,713,T
5-NP,652,0,0,773,0,773,G
5-NP,653,0,0,0,767,767,C
5-NP,654,0,771,0,0,771,T
5-NP,655,0,774,0,0,774,T
5-NP,656,779,0,0,0,779,A
5-NP,657,0,784,0,0,784,T
5-NP,658,1,2,776,0,779,G
5-NP,659,770,0,2,0,772,A
5-NP,660,2,1,776,0,779,G
5-NP,661,758,0,1,0,759,A
5-NP,662,0,3,762,0,765,G
5-NP,663,766,0,0,0,766,A
5-NP,664,771,1,0,0,772,A
5-NP,665,0,774,0,0,774,T
5-NP,666,0,1,785,0,786,G
5-NP,667,0,781,0,1,782,T
5-NP,668,0,2,791,0,793,G
5-NP,669,0,0,0,791,791,C
5-NP,670,792,0,0,0,792,A
5-NP,671,792,0,0,1,793,A
5-NP,672,1,0,0,791,792,C
5-NP,673,789,0,0,0,789,A
5-NP,674,0,791,0,0,791,T
5-NP,675,0,782,0,0,782,T
5-NP,676,3,1,0,786,790,C
5-NP,677,0,787,0,0,787,T
5-NP,678,0,789,0,0,789,T
5-NP,679,783,0,1,0,784,A
5-NP,680,780,0,1,0,781,A
5-NP,681,786,0,0,0,786,A
5-NP,682,0,1,780,0,781,G
5-NP,683,0,1,785,1,787,G
5-NP,684,784,0,0,0,784,A
5-NP,685,778,0,1,0,779,A
5-NP,686,784,0,0,0,784,A
5-NP,687,794,0,0,0,794,A
5-NP,688,0,791,0,1,792,T
5-NP,689,0,793,0,0,793,T
5-NP,690,0,799,0,0,799,T
5-NP,691,1,0,0,795,796,C
5-NP,692,799,0,0,0,799,A
5-NP,693,800,0,0,0,800,A
5-NP,694,796,0,0,0,796,A
5-NP,695,0,0,0,804,804,C
5-NP,696,795,0,0,0,795,A
5-NP,697,0,0,806,0,806,G
5-NP,698,0,0,0,802,802,C
5-NP,699,0,803,0,0,803,T
5-NP,700,2,1,821,0,824,G
5-NP,701,1,0,0,821,822,C
5-NP,702,828,0,0,0,828,A
5-NP,703,0,0,0,830,830,C
5-NP,704,831,0,0,0,831,A
5-NP,705,836,0,2,0,838,A
5-NP,706,825,0,1,0,826,A
5-NP,707,0,3,862,0,865,G
5-NP,708,862,0,2,0,864,A
5-NP,709,0,0,866,0,866,G
5-NP,710,1,0,0,882,883,C
5-NP,711,882,0,0,0,882,A
5-NP,712,912,0,0,0,912,A
5-NP,713,0,916,0,0,916,T
5-NP,714,0,1,914,0,915,G
5-NP,715,0,0,917,0,917,G
5-NP,716,1,897,0,2,900,T
5-NP,717,0,0,907,0,907,G
5-NP,718,0,3,908,0,911,G
5-NP,719,908,0,1,0,909,A
5-NP,720,0,913,0,0,913,T
5-NP,721,3,0,0,892,895,C
5-NP,722,901,0,0,0,901,A
5-NP,723,909,0,2,0,911,A
5-NP,724,0,1,917,0,918,G
5-NP,725,0,912,0,0,912,T
5-NP,726,0,4,915,0,919,G
5-NP,727,908,0,3,0,911,A
5-NP,728,0,1,909,0,910,G
5-NP,729,906,0,2,0,908,A
5-NP,730,0,0,908,0,908,G
5-NP,731,905,0,1,0,906,A
5-NP,732,892,0,0,0,892,A
5-NP,733,890,0,0,0,890,A
5-NP,734,0,0,900,0,900,G
5-NP,735,0,891,0,0,891,T
5-NP,736,6,3,0,884,893,C
5-NP,737,0,3,886,0,889,G
5-NP,738,886,0,5,0,891,A
5-NP,739,896,0,1,0,897,A
5-NP,740,898,0,0,0,898,A
5-NP,741,0,0,0,904,904,C
5-NP,742,2,0,0,898,900,C
5-NP,743,3,0,0,897,900,C
5-NP,744,906,0,1,0,907,A
5-NP,745,0,0,907,0,907,G
5-NP,746,0,5,903,0,908,G
5-NP,747,910,0,0,0,910,A
5-NP,748,908,0,1,0,909,A
5-NP,749,905,0,1,0,906,A
5-NP,750,1,2,0,904,907,C
5-NP,751,2,1,897,0,900,G
5-NP,752,1,0,0,901,902,C
5-NP,753,0,902,1,0,903,T
5-NP,754,0,1,905,0,906,G
5-NP,755,908,0,0,1,909,A
5-NP,756,0,2,918,0,920,G
5-NP,757,922,0,1,0,923,A
5-NP,758,0,918,0,0,918,T
5-NP,759,1,0,0,915,916,C
5-NP,760,0,1,919,0,920,G
5-NP,761,915,0,0,0,915,A
5-NP,762,913,0,0,0,913,A
5-NP,763,0,0,917,0,917,G
5-NP,764,914,0,2,0,916,A
5-NP,765,0,910,0,1,911,T
5-NP,766,2,0,0,915,917,C
5-NP,767,0,921,0,0,921,T
5-NP,768,4,0,0,918,922,C
5-NP,769,927,0,1,0,928,A
5-NP,770,0,928,0,1,929,T
5-NP,771,931,0,0,0,931,A
5-NP,772,0,934,0,1,935,T
5-NP,773,0,931,0,1,932,T
5-NP,774,0,929,0,0,929,T
5-NP,775,0,918,0,0,918,T
5-NP,776,0,917,0,0,917,T
5-NP,777,924,0,1,0,925,A
5-NP,778,0,1,914,0,915,G
5-NP,779,0,1,0,915,916,C
5-NP,780,920,0,1,0,921,A
5-NP,781,915,0,2,0,917,A
5-NP,782,0,2,940,0,942,G
5-NP,783,934,0,1,0,935,A
5-NP,784,0,938,0,1,939,T
5-NP,785,0,0,0,951,951,C
5-NP,786,0,938,0,3,941,T
5-NP,787,0,1,970,0,971,G
5-NP,788,0,0,0,974,974,C
5-NP,789,971,1,1,0,973,A
5-NP,790,0,973,0,1,974,T
5-NP,791,0,947,0,1,948,T
5-NP,792,0,0,1016,1,1017,G
5-NP,793,1030,0,1,0,1031,A
5-NP,794,0,1035,0,0,1035,T
5-NP,795,1045,0,0,0,1045,A
5-NP,796,0,1029,0,0,1029,T
5-NP,797,0,1027,0,0,1027,T
5-NP,798,0,3,1030,0,1033,G
5-NP,799,1015,0,0,0,1015,A
5-NP,800,1,1,1022,0,1024,G
5-NP,801,971,0,3,0,974,A
5-NP,802,0,2,975,0,977,G
5-NP,803,0,3,1000,0,1003,G
5-NP,804,996,0,1,0,997,A
5-NP,805,0,992,0,0,992,T
5-NP,806,3,0,0,1003,1006,C
5-NP,807,1006,0,0,0,1006,A
5-NP,808,0,0,1013,0,1013,G
5-NP,809,0,1007,0,0,1007,T
5-NP,810,0,1007,0,0,1007,T
5-NP,811,0,0,1002,0,1002,G
5-NP,812,0,2,0,998,1000,C
5-NP,813,0,1002,0,0,1002,T
5-NP,814,4,0,0,999,1003,C
5-NP,815,1004,0,0,0,1004,A
5-NP,816,0,0,0,1008,1008,C
5-NP,817,1011,0,0,0,1011,A
5-NP,818,1018,0,0,0,1018,A
5-NP,819,1010,0,0,0,1010,A
5-NP,820,0,1006,0,0,1006,T
5-NP,821,1,1,0,1014,1016,C
5-NP,822,0,1015,0,0,1015,T
5-NP,823,0,1016,0,1,1017,T
5-NP,824,0,0,1018,0,1018,G
5-NP,825,0,0,0,1017,1017,C
5-NP,826,1,1,0,1030,1032,C
5-NP,827,0,1036,0,0,1036,T
5-NP,828,1025,0,1,0,1026,A
5-NP,829,2,1,0,1032,1035,C
5-NP,830,1,0,0,1041,1042,C
5-NP,831,0,1033,0,3,1036,T
5-NP,832,2,1,1056,0,1059,G
5-NP,833,1,0,0,1042,1043,C
5-NP,834,1,0,0,1050,1051,C
5-NP,835,0,1035,0,1,1036,T
5-NP,836,0,0,1061,0,1061,G
5-NP,837,0,1047,0,1,1048,T
5-NP,838,1,0,1071,0,1072,G
5-NP,839,3,0,0,1078,1081,C
5-NP,840,1,0,1097,0,1098,G
5-NP,841,0,1085,0,1,1086,T
5-NP,842,1079,0,0,0,1079,A
5-NP,843,0,1086,0,0,1086,T
5-NP,844,0,3,1080,0,1083,G
5-NP,845,0,3,1129,0,1132,G
5-NP,846,1114,0,2,0,1116,A
5-NP,847,1,0,0,1098,1099,C
5-NP,848,2,0,0,1096,1098,C
5-NP,849,0,1083,0,2,1085,T
5-NP,850,0,0,1146,0,1146,G
5-NP,851,0,0,0,1152,1152,C
5-NP,852,1156,0,1,0,1157,A
5-NP,853,0,0,1178,0,1178,G
5-NP,854,0,1144,0,0,1144,T
5-NP,855,1190,0,0,0,1190,A
5-NP,856,0,1183,0,0,1183,T
5-NP,857,1,0,0,1181,1182,C
5-NP,858,2,0,0,1185,1187,C
5-NP,859,1140,0,0,0,1140,A
5-NP,860,1,0,1147,0,1148,G
5-NP,861,0,1139,0,0,1139,T
5-NP,862,0,1,1146,0,1147,G
5-NP,863,0,3,1144,0,1147,G
5-NP,864,0,2,1136,0,1138,G
5-NP,865,0,1136,0,1,1137,T
5-NP,866,1130,0,0,0,1130,A
5-NP,867,0,1,0,1136,1137,C
5-NP,868,0,2,1130,0,1132,G
5-NP,869,1126,0,1,0,1127,A
5-NP,870,1,0,0,1131,1132,C
5-NP,871,0,1112,0,2,1114,T
5-NP,872,0,1120,0,0,1120,T
5-NP,873,4,0,0,1125,1129,C
5-NP,874,0,3,1130,0,1133,G
5-NP,875,1118,0,1,0,1119,A
5-NP,876,1122,0,0,0,1122,A
5-NP,877,1131,0,0,0,1131,A
5-NP,878,1123,0,0,0,1123,A
5-NP,879,1118,0,5,0,1123,A
5-NP,880,0,3,1134,0,1137,G
5-NP,881,1122,0,2,0,1124,A
5-NP,882,0,1,1138,0,1139,G
5-NP,883,0,3,1143,0,1146,G
5-NP,884,0,0,1151,0,1151,G
5-NP,885,1154,0,1,0,1155,A
5-NP,886,0,1158,0,0,1158,T
5-NP,887,1159,0,0,0,1159,A
5-NP,888,0,1162,0,2,1164,T
5-NP,889,0,1167,0,0,1167,T
5-NP,890,1,0,0,1181,1182,C
5-NP,891,0,0,0,1170,1170,C
5-NP,892,0,1165,0,1,1166,T
5-NP,893,0,1166,0,0,1166,T
5-NP,894,0,4,1179,0,1183,G
5-NP,895,0,0,1192,1,1193,G
5-NP,896,0,1180,0,1,1181,T
5-NP,897,0,3,1184,0,1187,G
5-NP,898,1,3,1182,0,1186,G
5-NP,899,1,2,1233,0,1236,G
5-NP,900,1236,0,1,0,1237,A
5-NP,901,1241,0,0,0,1241,A
5-NP,902,0,1239,0,0,1239,T
5-NP,903,1229,0,1,0,1230,A
5-NP,904,0,3,1228,0,1231,G
5-NP,905,1213,1,0,0,1214,A
5-NP,906,1,1,0,1212,1214,C
5-NP,907,3,0,0,1201,1204,C
5-NP,908,4,0,0,1174,1178,C
5-NP,909,0,1185,0,1,1186,T
5-NP,910,0,1186,0,1,1187,T
5-NP,911,0,1188,0,1,1189,T
5-NP,912,3,1,0,1189,1193,C
5-NP,913,1184,0,1,0,1185,A
5-NP,914,1186,0,1,0,1187,A
5-NP,915,1188,0,1,0,1189,A
5-NP,916,0,0,0,1184,1184,C
5-NP,917,0,1167,0,0,1167,T
5-NP,918,1164,0,0,0,1164,A
5-NP,919,0,0,0,1186,1186,C
5-NP,920,0,1178,0,1,1179,T
5-NP,921,0,1180,0,0,1180,T
5-NP,922,2,0,0,1185,1187,C
5-NP,923,1183,0,0,0,1183,A
5-NP,924,1185,0,0,0,1185,A
5-NP,925,1183,0,0,0,1183,A
5-NP,926,1176,0,0,0,1176,A
5-NP,927,0,1174,0,0,1174,T
5-NP,928,1163,0,1,0,1164,A
5-NP,929,0,0,1170,0,1170,G
5-NP,930,0,0,0,1180,1180,C
5-NP,931,3,1,0,1185,1189,C
5-NP,932,1188,0,0,0,1188,A
5-NP,933,1188,0,3,0,1191,A
5-NP,934,1238,0,0,0,1238,A
5-NP,935,0,1242,0,0,1242,T
5-NP,936,1246,0,0,0,1246,A
5-NP,937,0,1247,0,1,1248,T
5-NP,938,1231,0,0,0,1231,A
5-NP,939,0,1,0,1238,1239,C
5-NP,940,1217,0,0,0,1217,A
5-NP,941,1,2,1241,0,1244,G
5-NP,942,0,0,0,1246,1246,C
5-NP,943,0,1211,0,9,1220,T
5-NP,944,0,1240,0,0,1240,T
5-NP,945,1242,0,0,0,1242,A
5-NP,946,1248,0,1,0,1249,A
5-NP,947,1,1241,0,0,1242,T
5-NP,948,2,0,0,1245,1247,C
5-NP,949,1225,0,0,0,1225,A
5-NP,950,0,5,1252,0,1257,G
5-NP,951,1250,0,1,0,1251,A
5-NP,952,0,0,0,1260,1260,C
5-NP,953,2,0,0,1263,1265,C
5-NP,954,0,1251,0,3,1254,T
5-NP,955,1263,0,1,0,1264,A
5-NP,956,1266,0,1,0,1267,A
5-NP,957,0,0,0,1270,1270,C
5-NP,958,0,4,1267,0,1271,G
5-NP,959,1246,0,2,0,1248,A
5-NP,960,1,1,1247,0,1249,G
5-NP,961,1237,0,2,0,1239,A
5-NP,962,1244,0,0,0,1244,A
5-NP,963,0,1248,0,0,1248,T
5-NP,964,4,0,0,1236,1240,C
5-NP,965,4,0,0,1248,1252,C
5-NP,966,1239,0,0,0,1239,A
5-NP,967,0,1,1252,0,1253,G
5-NP,968,0,0,0,1247,1247,C
5-NP,969,1263,0,2,0,1265,A
5-NP,970,0,0,0,1283,1283,C
5-NP,971,1271,0,2,1,1274,A
5-NP,972,1,0,0,1278,1279,C
5-NP,973,1277,0,3,0,1280,A
5-NP,974,1288,0,1,0,1289,A
5-NP,975,0,2,1277,1,1280,G
5-NP,976,1262,1,1,0,1264,A
5-NP,977,6,0,1266,0,1272,G
5-NP,978,0,1254,0,0,1254,T
5-NP,979,5,0,0,1241,1246,C
5-NP,980,1248,0,5,0,1253,A
5-NP,981,0,1,1254,0,1255,G
5-NP,982,1,0,0,1253,1254,C
5-NP,983,0,1244,0,0,1244,T
5-NP,984,1,0,1273,0,1274,G
5-NP,985,0,1,1279,0,1280,G
5-NP,986,0,1269,0,0,1269,T
5-NP,987,0,0,1282,0,1282,G
5-NP,988,1,1269,0,1,1271,T
5-NP,989,0,4,1270,0,1274,G
5-NP,990,0,2,1262,0,1264,G
5-NP,991,1255,0,0,0,1255,A
5-NP,992,0,1262,0,2,1264,T
5-NP,993,0,0,1206,0,1206,G
5-NP,994,0,0,1203,0,1203,G
5-NP,995,0,0,0,1199,1199,C
5-NP,996,2,0,1193,0,1195,G
5-NP,997,0,1200,0,3,1203,T
5-NP,998,1,0,1204,0,1205,G
5-NP,999,0,0,0,1204,1204,C
5-NP,1000,2,0,0,1214,1216,C
5-NP,1001,1231,0,0,0,1231,A
5-NP,1002,0,1227,0,2,1229,T
5-NP,1003,0,1225,0,2,1227,T
5-NP,1004,2,0,0,1232,1234,C
5-NP,1005,1,1214,0,1,1216,T
5-NP,1006,0,0,1219,0,1219,G
5-NP,1007,0,1,0,1214,1215,C
5-NP,1008,0,1196,0,2,1198,T
5-NP,1009,1,0,1201,0,1202,G
5-NP,1010,0,0,0,1191,1191,C
5-NP,1011,1189,0,0,0,1189,A
5-NP,1012,0,1185,0,0,1185,T
5-NP,1013,0,1191,0,0,1191,T
5-NP,1014,0,1188,0,0,1188,T
5-NP,1015,0,3,1192,0,1195,G
5-NP,1016,1187,0,0,0,1187,A
5-NP,1017,1186,0,1,0,1187,A
5-NP,1018,0,2,1201,0,1203,G
5-NP,1019,1192,0,0,0,1192,A
5-NP,1020,0,1203,0,0,1203,T
5-NP,1021,0,1204,0,0,1204,T
5-NP,1022,0,1207,1,0,1208,T
5-NP,1023,1205,0,0,0,1205,A
5-NP,1024,1209,0,0,0,1209,A
5-NP,1025,0,2,1206,0,1208,G
5-NP,1026,1193,0,0,1,1194,A
5-NP,1027,0,1190,0,0,1190,T
5-NP,1028,0,1191,0,0,1191,T
5-NP,1029,0,0,1195,0,1195,G
5-NP,1030,0,1192,1,1,1194,T
5-NP,1031,0,1191,0,1,1192,T
5-NP,1032,1199,0,0,0,1199,A
5-NP,1033,1193,0,2,0,1195,A
5-NP,1034,0,4,1191,0,1195,G
5-NP,1035,1,0,0,1201,1202,C
5-NP,1036,0,1185,0,4,1189,T
5-NP,1037,0,1195,0,0,1195,T
5-NP,1038,3,0,0,1202,1205,C
5-NP,1039,1208,0,0,0,1208,A
5-NP,1040,0,1201,0,0,1201,T
5-NP,1041,3,1,1,1206,1211,C
5-NP,1042,1197,0,0,0,1197,A
5-NP,1043,0,1,1195,0,1196,G
5-NP,1044,1182,0,2,0,1184,A
5-NP,1045,0,4,1185,0,1189,G
5-NP,1046,1,2,1200,0,1203,G
5-NP,1047,2,2,1180,0,1184,G
5-NP,1048,1180,0,1,0,1181,A
5-NP,1049,0,0,0,1203,1203,C
5-NP,1050,1203,1,0,0,1204,A
5-NP,1051,1200,0,0,0,1200,A
5-NP,1052,1203,0,1,0,1204,A
5-NP,1053,1214,0,0,0,1214,A
5-NP,1054,0,0,1221,0,1221,G
5-NP,1055,0,1185,1,2,1188,T
5-NP,1056,1189,0,0,0,1189,A
5-NP,1057,0,1184,0,2,1186,T
5-NP,1058,0,1,0,1184,1185,C
5-NP,1059,0,1174,0,1,1175,T
5-NP,1060,1,0,0,1187,1188,C
5-NP,1061,3,0,0,1192,1195,C
5-NP,1062,0,1175,0,0,1175,T
5-NP,1063,4,0,0,1184,1188,C
5-NP,1064,0,0,1192,1,1193,G
5-NP,1065,0,4,1195,0,1199,G
5-NP,1066,0,2,1198,0,1200,G
5-NP,1067,0,3,1188,0,1191,G
5-NP,1068,7,0,1193,0,1200,G
5-NP,1069,1188,0,0,0,1188,A
5-NP,1070,1188,0,1,0,1189,A
5-NP,1071,1182,0,5,0,1187,A
5-NP,1072,0,0,0,1181,1181,C
5-NP,1073,0,1180,0,1,1181,T
5-NP,1074,0,1,1197,0,1198,G
5-NP,1075,1,1195,0,0,1196,T
5-NP,1076,2,1,1,1198,1202,C
5-NP,1077,1232,0,0,0,1232,A
5-NP,1078,1226,0,1,0,1227,A
5-NP,1079,0,0,0,1241,1241,C
5-NP,1080,0,1241,0,1,1242,T
5-NP,1081,1226,0,1,0,1227,A
5-NP,1082,0,0,1234,0,1234,G
5-NP,1083,1204,0,1,1,1206,A
5-NP,1084,0,1,1219,0,1220,G
5-NP,1085,0,3,1214,1,1218,G
5-NP,1086,1191,0,0,0,1191,A
5-NP,1087,1,0,1220,0,1221,G
5-NP,1088,0,1204,0,1,1205,T
5-NP,1089,1215,0,0,0,1215,A
5-NP,1090,0,0,0,1215,1215,C
5-NP,1091,1212,0,0,0,1212,A
5-NP,1092,1214,0,1,0,1215,A
5-NP,1093,1207,1,0,0,1208,A
5-NP,1094,0,1201,0,0,1201,T
5-NP,1095,0,1202,0,0,1202,T
5-NP,1096,1,0,1187,0,1188,G
5-NP,1097,0,0,0,1188,1188,C
5-NP,1098,0,1189,0,1,1190,T
5-NP,1099,0,1189,0,1,1190,T
5-NP,1100,1,0,0,1185,1186,C
5-NP,1101,1202,0,0,0,1202,A
5-NP,1102,1202,1,1,0,1204,A
5-NP,1103,1196,0,0,1,1197,A
5-NP,1104,0,1202,0,0,1202,T
5-NP,1105,0,4,1200,0,1204,G
5-NP,1106,1178,0,6,0,1184,A
5-NP,1107,0,3,1202,0,1205,G
5-NP,1108,1195,0,5,0,1200,A
5-NP,1109,1203,0,0,0,1203,A
5-NP,1110,0,1,0,1216,1217,C
5-NP,1111,1209,0,0,0,1209,A
5-NP,1112,0,1215,1,0,1216,T
5-NP,1113,1,4,1243,0,1248,G
5-NP,1114,0,2,1269,0,1271,G
5-NP,1115,1262,1,3,0,1266,A
5-NP,1116,0,1259,0,0,1259,T
5-NP,1117,1252,0,1,0,1253,A
5-NP,1118,1371,0,0,0,1371,A
5-NP,1119,0,1364,0,0,1364,T
5-NP,1120,1361,0,0,0,1361,A
5-NP,1121,0,1355,0,0,1355,T
5-NP,1122,0,3,1307,0,1310,G
5-NP,1123,0,3,1296,0,1299,G
5-NP,1124,0,3,1290,1,1294,G
5-NP,1125,1295,0,0,0,1295,A
5-NP,1126,0,1284,0,0,1284,T
5-NP,1127,1,0,0,1185,1186,C
5-NP,1128,0,2,1188,0,1190,G
5-NP,1129,1177,0,5,0,1182,A
5-NP,1130,2,0,1186,0,1188,G
5-NP,1131,0,0,0,1189,1189,C
5-NP,1132,1182,0,0,0,1182,A
5-NP,1133,1,0,0,1260,1261,C
5-NP,1134,0,1242,0,0,1242,T
5-NP,1135,2,0,0,1265,1267,C
5-NP,1136,0,1254,0,0,1254,T
5-NP,1137,0,1259,0,1,1260,T
5-NP,1138,0,9,1253,1,1263,G
5-NP,1139,1257,0,1,0,1258,A
5-NP,1140,1255,0,2,0,1257,A
5-NP,1141,0,0,0,1264,1264,C
5-NP,1142,0,1161,0,0,1161,T
5-NP,1143,0,1,1165,0,1166,G
5-NP,1144,1147,0,0,0,1147,A
5-NP,1145,0,0,1159,0,1159,G
5-NP,1146,1159,0,0,0,1159,A
5-NP,1147,1170,0,0,0,1170,A
5-NP,1148,0,1,1173,0,1174,G
5-NP,1149,0,0,0,1169,1169,C
5-NP,1150,1,1,1170,0,1172,G
5-NP,1151,0,1,1173,0,1174,G
5-NP,1152,0,0,1189,0,1189,G
5-NP,1153,0,1183,0,1,1184,T
5-NP,1154,1177,0,0,0,1177,A
5-NP,1155,0,0,0,1179,1179,C
5-NP,1156,0,1139,0,0,1139,T
5-NP,1157,0,0,1153,0,1153,G
5-NP,1158,0,0,1142,1,1143,G
5-NP,1159,1,0,1161,0,1162,G
5-NP,1160,0,0,0,1149,1149,C
5-NP,1161,5,0,0,1135,1140,C
5-NP,1162,1145,0,0,0,1145,A
5-NP,1163,0,1148,0,0,1148,T
5-NP,1164,1150,0,0,0,1150,A
5-NP,1165,1151,0,1,0,1152,A
5-NP,1166,0,3,1130,0,1133,G
5-NP,1167,0,2,1153,0,1155,G
5-NP,1168,1116,0,1,0,1117,A
5-NP,1169,1,0,0,1122,1123,C
5-NP,1170,0,0,0,1125,1125,C
5-NP,1171,1117,0,3,2,1122,A
5-NP,1172,0,1,1131,0,1132,G
5-NP,1173,0,5,1135,0,1140,G
5-NP,1174,1137,1,0,0,1138,A
5-NP,1175,0,1,1149,0,1150,G
5-NP,1176,0,1092,0,2,1094,T
5-NP,1177,1,1,1101,0,1103,G
5-NP,1178,0,0,1116,0,1116,G
5-NP,1179,1103,0,0,0,1103,A
5-NP,1180,1,1,1109,0,1111,G
5-NP,1181,0,3,1088,0,1091,G
5-NP,1182,1076,0,0,0,1076,A
5-NP,1183,1071,0,0,0,1071,A
5-NP,1184,1074,1,3,0,1078,A
5-NP,1185,0,1,0,1086,1087,C
5-NP,1186,1081,0,0,0,1081,A
5-NP,1187,0,0,0,1106,1106,C
5-NP,1188,0,1079,0,1,1080,T
5-NP,1189,1113,0,0,0,1113,A
5-NP,1190,1111,0,1,0,1112,A
5-NP,1191,0,1106,0,4,1110,T
5-NP,1192,2,1,0,1119,1122,C
5-NP,1193,1108,0,0,0,1108,A
5-NP,1194,1111,0,1,0,1112,A
5-NP,1195,0,0,0,1114,1114,C
5-NP,1196,1091,0,0,0,1091,A
5-NP,1197,0,1,1087,0,1088,G
5-NP,1198,1045,0,3,0,1048,A
5-NP,1199,0,2,1049,0,1051,G
5-NP,1200,0,1,1051,0,1052,G
5-NP,1201,0,0,1052,0,1052,G
5-NP,1202,1,0,0,1037,1038,C
5-NP,1203,0,0,0,1033,1033,C
5-NP,1204,0,1022,0,1,1023,T
5-NP,1205,1,0,0,1028,1029,C
5-NP,1206,0,0,0,1037,1037,C
5-NP,1207,0,0,1032,0,1032,G
5-NP,1208,1,0,0,1032,1033,C
5-NP,1209,1018,0,2,0,1020,A
5-NP,1210,0,0,1048,0,1048,G
5-NP,1211,0,1,1046,0,1047,G
5-NP,1212,1,1,0,1054,1056,C
5-NP,1213,2,0,0,1053,1055,C
5-NP,1214,1055,0,0,0,1055,A
5-NP,1215,1055,0,1,0,1056,A
5-NP,1216,1060,0,0,0,1060,A
5-NP,1217,0,0,0,1058,1058,C
5-NP,1218,0,1005,0,0,1005,T
5-NP,1219,1023,0,0,0,1023,A
5-NP,1220,0,0,1027,0,1027,G
5-NP,1221,0,1015,1,0,1016,T
5-NP,1222,0,0,1025,0,1025,G
5-NP,1223,1,1010,0,1,1012,T
5-NP,1224,0,0,1014,0,1014,G
5-NP,1225,0,0,0,1018,1018,C
5-NP,1226,1004,0,0,0,1004,A
5-NP,1227,1012,0,0,0,1012,A
5-NP,1228,1,0,0,1004,1005,C
5-NP,1229,1,0,0,1004,1005,C
5-NP,1230,0,1003,0,1,1004,T
5-NP,1231,998,0,1,0,999,A
5-NP,1232,1,1,0,997,999,C
5-NP,1233,0,0,1004,0,1004,G
5-NP,1234,0,997,0,1,998,T
5-NP,1235,0,1004,0,2,1006,T
5-NP,1236,0,993,0,0,993,T
5-NP,1237,0,988,0,0,988,T
5-NP,1238,2,0,0,988,990,C
5-NP,1239,0,977,0,1,978,T
5-NP,1240,0,0,993,1,994,G
5-NP,1241,0,990,0,3,993,T
5-NP,1242,991,0,0,0,991,A
5-NP,1243,1,0,0,1003,1004,C
5-NP,1244,986,0,0,1,987,A
5-NP,1245,986,0,0,0,986,A
5-NP,1246,986,0,0,0,986,A
5-NP,1247,0,2,985,0,987,G
5-NP,1248,976,0,1,0,977,A
5-NP,1249,956,0,0,0,956,A
5-NP,1250,948,0,1,0,949,A
5-NP,1251,1,1,0,954,956,C
5-NP,1252,0,0,1,939,940,C
5-NP,1253,0,925,0,5,930,T
5-NP,1254,1,0,0,943,944,C
5-NP,1255,1,0,0,939,940,C
5-NP,1256,2,0,0,935,937,C
5-NP,1257,935,0,1,0,936,A
5-NP,1258,0,946,0,0,946,T
5-NP,1259,0,944,0,0,944,T
5-NP,1260,0,945,0,0,945,T
5-NP,1261,0,1,947,0,948,G
5-NP,1262,949,0,0,0,949,A
5-NP,1263,946,0,1,0,947,A
5-NP,1264,944,0,1,0,945,A
5-NP,1265,941,0,0,0,941,A
5-NP,1266,0,1,946,0,947,G
5-NP,1267,0,935,0,0,935,T
5-NP,1268,6,0,0,935,941,C
5-NP,1269,942,0,0,0,942,A
5-NP,1270,933,0,1,0,934,A
5-NP,1271,0,0,0,942,942,C
5-NP,1272,3,1,0,946,950,C
5-NP,1273,957,0,0,0,957,A
5-NP,1274,0,936,0,0,936,T
5-NP,1275,1,1,0,943,945,C
5-NP,1276,937,0,0,0,937,A
5-NP,1277,0,931,0,2,933,T
5-NP,1278,0,1,938,0,939,G
5-NP,1279,0,0,935,0,935,G
5-NP,1280,0,0,0,937,937,C
5-NP,1281,908,0,0,0,908,A
5-NP,1282,1,0,910,0,911,G
5-NP,1283,0,0,0,904,904,C
5-NP,1284,906,0,0,0,906,A
5-NP,1285,0,903,0,0,903,T
5-NP,1286,1,894,0,0,895,T
5-NP,1287,2,1,0,895,898,C
5-NP,1288,890,1,0,0,891,A
5-NP,1289,0,0,0,892,892,C
5-NP,1290,0,881,0,2,883,T
5-NP,1291,1,1,883,0,885,G
5-NP,1292,0,1,889,0,890,G
5-NP,1293,883,0,3,0,886,A
5-NP,1294,883,1,0,0,884,A
5-NP,1295,888,0,1,0,889,A
5-NP,1296,0,880,0,0,880,T
5-NP,1297,875,0,0,0,875,A
5-NP,1298,0,0,0,879,879,C
5-NP,1299,1,1,864,0,866,G
5-NP,1300,0,1,866,0,867,G
5-NP,1301,846,0,0,0,846,A
5-NP,1302,0,0,854,0,854,G
5-NP,1303,0,2,854,0,856,G
5-NP,1304,0,1,854,0,855,G
5-NP,1305,853,0,0,0,853,A
5-NP,1306,847,0,2,0,849,A
5-NP,1307,0,3,852,0,855,G
5-NP,1308,849,0,0,0,849,A
5-NP,1309,843,0,0,0,843,A
5-NP,1310,1,0,0,854,855,C
5-NP,1311,0,834,0,0,834,T
5-NP,1312,0,845,0,0,845,T
5-NP,1313,0,0,0,843,843,C
5-NP,1314,845,0,2,0,847,A
5-NP,1315,0,2,847,0,849,G
5-NP,1316,841,0,0,0,841,A
5-NP,1317,0,0,0,841,841,C
5-NP,1318,833,0,0,1,834,A
5-NP,1319,0,813,1,0,814,T
5-NP,1320,0,2,822,0,824,G
5-NP,1321,810,0,1,0,811,A
5-NP,1322,0,4,809,0,813,G
5-NP,1323,0,0,814,0,814,G
5-NP,1324,0,0,798,0,798,G
5-NP,1325,0,0,0,804,804,C
5-NP,1326,793,0,3,0,796,A
5-NP,1327,0,1,796,0,797,G
5-NP,1328,796,0,0,0,796,A
5-NP,1329,798,0,1,0,799,A
5-NP,1330,792,0,1,0,793,A
5-NP,1331,0,785,0,0,785,T
5-NP,1332,2,0,0,784,786,C
5-NP,1333,783,0,0,0,783,A
5-NP,1334,0,781,0,0,781,T
5-NP,1335,786,0,0,0,786,A
5-NP,1336,773,0,0,0,773,A
5-NP,1337,0,1,789,0,790,G
5-NP,1338,765,0,0,0,765,A
5-NP,1339,776,0,0,0,776,A
5-NP,1340,0,754,0,0,754,T
5-NP,1341,0,0,762,0,762,G
5-NP,1342,758,0,1,0,759,A
5-NP,1343,0,753,0,0,753,T
5-NP,1344,0,2,755,0,757,G
5-NP,1345,0,1,759,0,760,G
5-NP,1346,729,0,0,0,729,A
5-NP,1347,723,0,0,0,723,A
5-NP,1348,0,0,704,0,704,G
5-NP,1349,0,1,715,0,716,G
5-NP,1350,0,694,0,2,696,T
5-NP,1351,1,0,697,0,698,G
5-NP,1352,0,0,0,696,696,C
5-NP,1353,699,0,0,0,699,A
5-NP,1354,700,0,0,0,700,A
5-NP,1355,704,0,0,0,704,A
5-NP,1356,701,0,2,0,703,A
5-NP,1357,0,0,0,704,704,C
5-NP,1358,1,1,0,695,697,C
5-NP,1359,679,0,0,0,679,A
5-NP,1360,0,0,680,0,680,G
5-NP,1361,676,0,0,0,676,A
5-NP,1362,677,0,0,0,677,A
5-NP,1363,0,1,677,0,678,G
5-NP,1364,671,0,0,0,671,A
5-NP,1365,657,0,2,0,659,A
5-NP,1366,0,0,665,0,665,G
5-NP,1367,0,654,0,0,654,T
5-NP,1368,0,0,659,0,659,G
5-NP,1369,0,640,0,1,641,T
5-NP,1370,2,1,0,638,641,C
5-NP,1371,650,0,0,0,650,A
5-NP,1372,0,640,0,0,640,T
5-NP,1373,0,636,0,0,636,T
5-NP,1374,1,0,0,636,637,C
5-NP,1375,0,0,0,632,632,C
5-NP,1376,1,1,628,0,630,G
5-NP,1377,0,1,627,0,628,G
5-NP,1378,0,0,626,0,626,G
5-NP,1379,0,0,626,0,626,G
5-NP,1380,605,0,0,0,605,A
5-NP,1381,611,0,3,0,614,A
5-NP,1382,1,0,615,0,616,G
5-NP,1383,0,1,610,0,611,G
5-NP,1384,0,4,604,0,608,G
5-NP,1385,0,2,606,0,608,G
5-NP,1386,600,0,0,0,600,A
5-NP,1387,0,3,600,0,603,G
5-NP,1388,0,588,0,0,588,T
5-NP,1389,0,588,0,0,588,T
5-NP,1390,0,586,0,0,586,T
5-NP,1391,0,581,0,0,581,T
5-NP,1392,2,0,0,584,586,C
5-NP,1393,1,0,583,0,584,G
5-NP,1394,575,0,0,0,575,A
5-NP,1395,0,0,586,0,586,G
5-NP,1396,0,0,0,573,573,C
5-NP,1397,0,573,0,2,575,T
5-NP,1398,0,0,0,584,584,C
5-NP,1399,0,577,0,0,577,T
5-NP,1400,1,0,0,583,584,C
5-NP,1401,582,0,0,0,582,A
5-NP,1402,0,0,582,0,582,G
5-NP,1403,580,0,1,0,581,A
5-NP,1404,1,0,0,579,580,C
5-NP,1405,1,1,577,0,579,G
5-NP,1406,566,0,0,0,566,A
5-NP,1407,0,1,566,0,567,G
5-NP,1408,561,0,0,0,561,A
5-NP,1409,561,0,0,0,561,A
5-NP,1410,0,0,561,0,561,G
5-NP,1411,0,0,552,0,552,G
5-NP,1412,0,0,0,557,557,C
5-NP,1413,546,0,3,0,549,A
5-NP,1414,550,0,0,0,550,A
5-NP,1415,0,0,0,548,548,C
5-NP,1416,0,1,547,0,548,G
5-NP,1417,546,0,0,0,546,A
5-NP,1418,540,0,1,0,541,A
5-NP,1419,0,0,1,539,540,C
5-NP,1420,1,0,0,534,535,C
5-NP,1421,0,0,0,533,533,C
5-NP,1422,0,0,537,0,537,G
5-NP,1423,534,0,0,0,534,A
5-NP,1424,0,531,0,0,531,T
5-NP,1425,4,0,0,526,530,C
5-NP,1426,0,0,525,0,525,G
5-NP,1427,0,524,0,0,524,T
5-NP,1428,0,0,518,0,518,G
5-NP,1429,0,0,0,510,510,C
5-NP,1430,0,0,0,511,511,C
5-NP,1431,0,0,0,519,519,C
5-NP,1432,0,512,0,0,512,T
5-NP,1433,1,0,0,536,537,C
5-NP,1434,0,532,0,0,532,T
5-NP,1435,0,527,0,1,528,T
5-NP,1436,0,533,0,0,533,T
5-NP,1437,0,535,0,0,535,T
5-NP,1438,0,1,538,0,539,G
5-NP,1439,538,0,0,0,538,A
5-NP,1440,0,533,0,0,533,T
5-NP,1441,533,0,0,0,533,A
5-NP,1442,0,457,0,1,458,T
5-NP,1443,0,2,464,0,466,G
5-NP,1444,462,0,0,0,462,A
5-NP,1445,0,0,467,0,467,G
5-NP,1446,0,463,0,1,464,T
5-NP,1447,448,0,0,0,448,A
5-NP,1448,448,0,0,1,449,A
5-NP,1449,0,444,0,0,444,T
5-NP,1450,0,1,444,0,445,G
5-NP,1451,442,0,0,0,442,A
5-NP,1452,404,0,0,0,404,A
5-NP,1453,0,0,396,0,396,G
5-NP,1454,0,0,369,0,369,G
5-NP,1455,365,0,0,0,365,A
5-NP,1456,0,361,0,1,362,T
5-NP,1457,1,1,0,366,368,C
5-NP,1458,0,363,0,0,363,T
5-NP,1459,0,359,0,0,359,T
5-NP,1460,361,0,0,0,361,A
5-NP,1461,0,359,0,0,359,T
5-NP,1462,0,355,0,0,355,T
5-NP,1463,0,345,0,0,345,T
5-NP,1464,0,0,0,334,334,C
5-NP,1465,0,321,0,0,321,T
5-NP,1466,0,318,0,0,318,T
5-NP,1467,0,0,0,324,324,C
5-NP,1468,1,1,319,0,321,G
5-NP,1469,0,2,321,0,323,G
5-NP,1470,316,0,0,0,316,A
5-NP,1471,0,0,322,0,322,G
5-NP,1472,317,0,0,0,317,A
5-NP,1473,0,0,0,312,312,C
5-NP,1474,305,0,1,0,306,A
5-NP,1475,304,0,0,0,304,A
5-NP,1476,0,304,0,0,304,T
5-NP,1477,0,0,299,0,299,G
5-NP,1478,0,0,0,299,299,C
5-NP,1479,295,0,0,0,295,A
5-NP,1480,0,1,294,0,295,G
5-NP,1481,294,0,0,0,294,A
5-NP,1482,272,0,0,0,272,A
5-NP,1483,0,0,274,0,274,G
5-NP,1484,189,0,0,0,189,A
5-NP,1485,0,0,188,0,188,G
5-NP,1486,0,166,0,0,166,T
5-NP,1487,168,0,1,0,169,A
5-NP,1488,1,0,0,166,167,C
5-NP,1489,0,0,156,0,156,G
5-NP,1490,155,0,1,0,156,A
5-NP,1491,0,0,0,152,152,C
5-NP,1492,116,0,0,0,116,A
5-NP,1493,116,0,0,0,116,A
5-NP,1494,0,94,0,1,95,T
5-NP,1495,0,89,0,0,89,T
5-NP,1496,91,0,0,0,91,A
5-NP,1497,88,0,0,0,88,A
6-NA,1,1,0,0,0,1,A
6-NA,2,0,1,0,0,1,T
6-NA,3,0,0,1,0,1,G
6-NA,4,1,0,0,0,1,A
6-NA,5,1,0,0,0,1,A
6-NA,6,0,1,0,0,1,T
6-NA,7,0,0,0,1,1,C
6-NA,8,0,0,0,1,1,C
6-NA,9,1,0,0,0,1,A
6-NA,10,1,0,0,0,1,A
6-NA,11,1,0,0,0,1,A
6-NA,12,0,1,0,0,1,T
6-NA,13,0,0,0,1,1,C
6-NA,14,1,0,0,0,1,A
6-NA,15,1,0,0,0,1,A
6-NA,16,1,0,0,0,1,A
6-NA,17,1,0,0,0,1,A
6-NA,18,0,0,1,0,1,G
6-NA,19,2,0,0,0,2,A
6-NA,20,0,2,0,0,2,T
6-NA,21,2,0,0,0,2,A
6-NA,22,2,0,0,0,2,A
6-NA,23,0,2,0,0,2,T
6-NA,24,2,0,0,0,2,A
6-NA,25,2,0,0,0,2,A
6-NA,26,0,0,0,2,2,C
6-NA,27,0,0,2,0,2,G
6-NA,28,2,0,0,0,2,A
6-NA,29,0,2,0,0,2,T
6-NA,30,0,2,0,0,2,T
6-NA,31,0,0,2,0,2,G
6-NA,32,0,0,2,0,2,G
6-NA,33,0,0,0,2,2,C
6-NA,34,0,2,0,0,2,T
6-NA,35,0,0,0,2,2,C
6-NA,36,0,2,0,0,2,T
6-NA,37,0,0,2,0,2,G
6-NA,38,0,2,0,0,2,T
6-NA,39,0,2,0,0,2,T
6-NA,40,0,2,0,0,2,T
6-NA,41,0,0,0,2,2,C
6-NA,42,0,2,0,0,2,T
6-NA,43,0,0,0,2,2,C
6-NA,44,0,2,0,0,2,T
6-NA,45,0,0,0,2,2,C
6-NA,46,2,0,0,0,2,A
6-NA,47,0,0,0,2,2,C
6-NA,48,0,0,0,2,2,C
6-NA,49,2,0,0,0,2,A
6-NA,50,0,2,0,0,2,T
6-NA,51,0,2,0,0,2,T
6-NA,52,0,2,0,0,2,T
6-NA,53,0,0,0,2,2,C
6-NA,54,0,0,0,2,2,C
6-NA,55,2,0,0,0,2,A
6-NA,56,0,0,0,2,2,C
6-NA,57,2,0,0,0,2,A
6-NA,58,3,0,0,0,3,A
6-NA,59,0,3,0,0,3,T
6-NA,60,3,0,0,0,3,A
6-NA,61,0,3,0,0,3,T
6-NA,62,0,0,3,0,3,G
6-NA,63,0,0,0,3,3,C
6-NA,64,0,3,0,0,3,T
6-NA,65,0,3,0,0,3,T
6-NA,66,0,0,0,3,3,C
6-NA,67,0,3,0,0,3,T
6-NA,68,0,3,0,0,3,T
6-NA,69,0,0,0,3,3,C
6-NA,70,3,0,0,0,3,A
6-NA,71,0,3,0,0,3,T
6-NA,72,0,0,3,0,3,G
6-NA,73,0,0,0,3,3,C
6-NA,74,3,0,0,0,3,A
6-NA,75,3,0,0,0,3,A
6-NA,76,3,0,0,0,3,A
6-NA,77,0,3,0,0,3,T
6-NA,78,0,3,0,0,3,T
6-NA,79,0,0,3,0,3,G
6-NA,80,0,0,0,3,3,C
6-NA,81,0,0,0,3,3,C
6-NA,82,3,0,0,0,3,A
6-NA,83,0,3,0,0,3,T
6-NA,84,0,0,0,6,6,C
6-NA,85,0,6,0,0,6,T
6-NA,86,0,6,0,0,6,T
6-NA,87,0,0,6,0,6,G
6-NA,88,6,0,0,0,6,A
6-NA,89,0,6,0,0,6,T
6-NA,90,6,0,0,0,6,A
6-NA,91,6,0,0,0,6,A
6-NA,92,0,0,0,6,6,C
6-NA,93,0,6,0,0,6,T
6-NA,94,6,0,0,0,6,A
6-NA,95,0,0,0,6,6,C
6-NA,96,0,6,0,0,6,T
6-NA,97,0,0,6,0,6,G
6-NA,98,0,6,0,0,6,T
6-NA,99,6,0,0,0,6,A
6-NA,100,6,0,0,0,6,A
6-NA,101,0,0,0,6,6,C
6-NA,102,6,0,0,0,6,A
6-NA,103,0,6,0,0,6,T
6-NA,104,0,6,0,0,6,T
6-NA,105,0,0,6,0,6,G
6-NA,106,6,0,0,0,6,A
6-NA,107,6,0,0,0,6,A
6-NA,108,0,6,0,0,6,T
6-NA,109,0,6,0,0,6,T
6-NA,110,0,6,0,0,6,T
6-NA,111,0,0,0,6,6,C
6-NA,112,6,0,0,0,6,A
6-NA,113,6,0,0,0,6,A
6-NA,114,0,0,6,0,6,G
6-NA,115,0,0,0,5,5,C
6-NA,116,6,0,0,0,6,A
6-NA,117,6,0,0,0,6,A
6-NA,118,0,6,0,0,6,T
6-NA,119,6,0,0,0,6,A
6-NA,120,0,6,0,0,6,T
6-NA,121,0,0,6,0,6,G
6-NA,122,6,0,0,0,6,A
6-NA,123,7,0,0,0,7,A
6-NA,124,0,7,0,0,7,T
6-NA,125,0,7,0,0,7,T
6-NA,126,0,0,0,7,7,C
6-NA,127,7,0,0,0,7,A
6-NA,128,7,0,0,0,7,A
6-NA,129,0,0,0,8,8,C
6-NA,130,0,8,0,0,8,T
6-NA,131,0,0,0,8,8,C
6-NA,132,0,0,0,8,8,C
6-NA,133,0,8,0,0,8,T
6-NA,134,0,0,0,8,8,C
6-NA,135,0,0,0,8,8,C
6-NA,136,0,0,0,8,8,C
6-NA,137,0,0,0,8,8,C
6-NA,138,8,0,0,0,8,A
6-NA,139,8,0,0,0,8,A
6-NA,140,8,0,0,0,8,A
6-NA,141,0,0,0,8,8,C
6-NA,142,7,0,0,0,7,A
6-NA,143,7,0,0,0,7,A
6-NA,144,0,0,0,7,7,C
6-NA,145,0,0,0,7,7,C
6-NA,146,7,0,0,0,7,A
6-NA,147,7,0,0,0,7,A
6-NA,148,0,0,8,0,8,G
6-NA,149,0,7,0,1,8,T
6-NA,150,0,0,8,0,8,G
6-NA,151,8,0,0,0,8,A
6-NA,152,0,8,0,0,8,T
6-NA,153,0,0,8,0,8,G
6-NA,154,0,0,0,8,8,C
6-NA,155,0,8,0,0,8,T
6-NA,156,0,0,10,0,10,G
6-NA,157,0,10,0,0,10,T
6-NA,158,0,0,10,0,10,G
6-NA,159,0,10,0,0,10,T
6-NA,160,0,0,10,0,10,G
6-NA,161,10,0,0,0,10,A
6-NA,162,10,0,0,0,10,A
6-NA,163,0,0,0,10,10,C
6-NA,164,0,0,0,10,10,C
6-NA,165,11,0,0,0,11,A
6-NA,166,12,0,0,0,12,A
6-NA,167,0,0,0,13,13,C
6-NA,168,13,0,0,0,13,A
6-NA,169,14,0,0,0,14,A
6-NA,170,0,15,0,0,15,T
6-NA,171,15,0,0,0,15,A
6-NA,172,15,0,0,0,15,A
6-NA,173,0,15,0,0,15,T
6-NA,174,15,0,0,0,15,A
6-NA,175,0,0,15,0,15,G
6-NA,176,15,0,0,0,15,A
6-NA,177,15,0,0,0,15,A
6-NA,178,15,0,0,0,15,A
6-NA,179,0,0,15,0,15,G
6-NA,180,0,0,15,0,15,G
6-NA,181,15,0,0,0,15,A
6-NA,182,14,0,0,0,14,A
6-NA,183,0,0,0,16,16,C
6-NA,184,17,0,0,0,17,A
6-NA,185,0,17,0,0,17,T
6-NA,186,17,0,0,0,17,A
6-NA,187,17,0,0,0,17,A
6-NA,188,0,0,0,17,17,C
6-NA,189,16,0,0,0,16,A
6-NA,190,0,1,15,0,16,G
6-NA,191,16,0,0,0,16,A
6-NA,192,0,0,16,0,16,G
6-NA,193,16,0,0,0,16,A
6-NA,194,0,17,0,0,17,T
6-NA,195,16,0,0,0,16,A
6-NA,196,0,0,16,0,16,G
6-NA,197,0,16,0,0,16,T
6-NA,198,0,0,17,0,17,G
6-NA,199,0,17,0,0,17,T
6-NA,200,18,0,0,0,18,A
6-NA,201,0,18,0,0,18,T
6-NA,202,0,0,0,18,18,C
6-NA,203,0,18,0,0,18,T
6-NA,204,0,0,18,0,18,G
6-NA,205,18,0,0,0,18,A
6-NA,206,0,0,0,18,18,C
6-NA,207,0,0,0,18,18,C
6-NA,208,17,0,0,0,17,A
6-NA,209,18,0,0,0,18,A
6-NA,210,0,0,0,18,18,C
6-NA,211,17,0,1,0,18,A
6-NA,212,0,0,0,18,18,C
6-NA,213,1,0,0,18,19,C
6-NA,214,20,0,0,0,20,A
6-NA,215,0,0,0,20,20,C
6-NA,216,0,0,0,20,20,C
6-NA,217,20,0,0,0,20,A
6-NA,218,0,19,0,0,19,T
6-NA,219,21,0,0,0,21,A
6-NA,220,0,0,22,0,22,G
6-NA,221,23,0,0,0,23,A
6-NA,222,0,0,23,0,23,G
6-NA,223,23,0,0,0,23,A
6-NA,224,22,0,0,0,22,A
6-NA,225,0,0,21,0,21,G
6-NA,226,0,1,22,0,23,G
6-NA,227,23,0,0,0,23,A
6-NA,228,23,0,0,0,23,A
6-NA,229,23,0,0,0,23,A
6-NA,230,0,23,0,0,23,T
6-NA,231,22,0,0,0,22,A
6-NA,232,0,22,0,0,22,T
6-NA,233,0,1,20,0,21,G
6-NA,234,0,0,0,22,22,C
6-NA,235,0,0,0,21,21,C
6-NA,236,0,0,0,21,21,C
6-NA,237,0,0,0,21,21,C
6-NA,238,21,0,0,0,21,A
6-NA,239,21,0,0,0,21,A
6-NA,240,21,0,0,0,21,A
6-NA,241,0,0,0,21,21,C
6-NA,242,0,21,0,0,21,T
6-NA,243,21,0,0,0,21,A
6-NA,244,0,0,21,0,21,G
6-NA,245,0,0,0,21,21,C
6-NA,246,21,0,0,0,21,A
6-NA,247,0,0,21,0,21,G
6-NA,248,21,0,0,0,21,A
6-NA,249,21,0,0,0,21,A
6-NA,250,0,21,0,0,21,T
6-NA,251,21,0,0,0,21,A
6-NA,252,0,0,0,21,21,C
6-NA,253,21,0,0,0,21,A
6-NA,254,0,0,21,0,21,G
6-NA,255,21,0,0,0,21,A
6-NA,256,21,0,0,0,21,A
6-NA,257,21,0,0,0,21,A
6-NA,258,0,21,0,0,21,T
6-NA,259,0,20,0,0,20,T
6-NA,260,0,0,20,0,20,G
6-NA,261,0,0,19,0,19,G
6-NA,262,0,20,0,0,20,T
6-NA,263,0,0,0,20,20,C
6-NA,264,20,0,0,0,20,A
6-NA,265,20,0,0,0,20,A
6-NA,266,20,0,0,0,20,A
6-NA,267,0,0,20,0,20,G
6-NA,268,0,0,0,20,20,C
6-NA,269,0,0,0,20,20,C
6-NA,270,0,0,20,0,20,G
6-NA,271,0,0,0,20,20,C
6-NA,272,20,0,0,0,20,A
6-NA,273,21,0,0,0,21,A
6-NA,274,0,21,0,0,21,T
6-NA,275,0,0,21,0,21,G
6-NA,276,0,21,0,0,21,T
6-NA,277,0,0,21,0,21,G
6-NA,278,21,0,0,0,21,A
6-NA,279,0,0,0,21,21,C
6-NA,280,21,0,0,0,21,A
6-NA,281,0,21,0,0,21,T
6-NA,282,0,21,0,0,21,T
6-NA,283,20,0,0,0,20,A
6-NA,284,0,0,0,21,21,C
6-NA,285,21,0,0,0,21,A
6-NA,286,0,0,21,0,21,G
6-NA,287,0,0,21,0,21,G
6-NA,288,21,0,0,0,21,A
6-NA,289,0,21,0,0,21,T
6-NA,290,0,21,0,0,21,T
6-NA,291,0,20,0,0,20,T
6-NA,292,1,0,19,0,20,G
6-NA,293,0,0,0,20,20,C
6-NA,294,20,0,0,0,20,A
6-NA,295,1,0,0,19,20,C
6-NA,296,0,0,0,19,19,C
6-NA,297,0,20,0,0,20,T
6-NA,298,0,20,0,0,20,T
6-NA,299,0,20,0,0,20,T
6-NA,300,0,20,0,0,20,T
6-NA,301,0,21,0,0,21,T
6-NA,302,0,0,0,21,21,C
6-NA,303,0,21,0,0,21,T
6-NA,304,21,0,0,0,21,A
6-NA,305,21,0,0,0,21,A
6-NA,306,0,1,21,0,22,G
6-NA,307,0,0,22,0,22,G
6-NA,308,22,0,0,0,22,A
6-NA,309,0,0,0,22,22,C
6-NA,310,22,0,0,0,22,A
6-NA,311,22,0,0,0,22,A
6-NA,312,0,22,0,0,22,T
6-NA,313,0,22,0,0,22,T
6-NA,314,0,1,0,21,22,C
6-NA,315,0,0,22,0,22,G
6-NA,316,22,0,0,0,22,A
6-NA,317,0,22,0,0,22,T
6-NA,318,0,22,0,0,22,T
6-NA,319,22,0,0,0,22,A
6-NA,320,0,1,21,0,22,G
6-NA,321,0,0,21,0,21,G
6-NA,322,0,0,0,22,22,C
6-NA,323,0,22,0,0,22,T
6-NA,324,0,22,0,0,22,T
6-NA,325,0,22,0,0,22,T
6-NA,326,0,0,0,22,22,C
6-NA,327,0,0,0,22,22,C
6-NA,328,0,0,22,0,22,G
6-NA,329,0,0,0,22,22,C
6-NA,330,0,21,0,0,21,T
6-NA,331,0,0,21,0,21,G
6-NA,332,0,0,21,0,21,G
6-NA,333,0,21,0,0,21,T
6-NA,334,0,1,21,0,22,G
6-NA,335,0,0,21,0,21,G
6-NA,336,0,0,21,0,21,G
6-NA,337,0,0,21,0,21,G
6-NA,338,22,0,0,0,22,A
6-NA,339,0,0,0,22,22,C
6-NA,340,21,0,0,0,21,A
6-NA,341,0,21,0,0,21,T
6-NA,342,0,0,0,21,21,C
6-NA,343,0,21,0,0,21,T
6-NA,344,0,0,21,0,21,G
6-NA,345,0,0,21,0,21,G
6-NA,346,0,0,22,0,22,G
6-NA,347,0,24,0,0,24,T
6-NA,348,0,0,24,0,24,G
6-NA,349,24,0,0,0,24,A
6-NA,350,0,0,0,28,28,C
6-NA,351,28,0,0,0,28,A
6-NA,352,87,0,0,0,87,A
6-NA,353,0,0,110,0,110,G
6-NA,354,113,0,0,0,113,A
6-NA,355,0,0,175,0,175,G
6-NA,356,216,0,0,0,216,A
6-NA,357,314,0,0,0,314,A
6-NA,358,0,0,0,662,662,C
6-NA,359,0,0,0,814,814,C
6-NA,360,0,819,1,0,820,T
6-NA,361,0,840,0,0,840,T
6-NA,362,838,0,1,0,839,A
6-NA,363,0,850,0,0,850,T
6-NA,364,1,2,954,0,957,G
6-NA,365,0,971,0,0,971,T
6-NA,366,0,0,1037,0,1037,G
6-NA,367,0,1051,0,2,1053,T
6-NA,368,4,0,0,1060,1064,C
6-NA,369,1087,0,2,7,1096,A
6-NA,370,0,1100,0,2,1102,T
6-NA,371,0,1,1101,0,1102,G
6-NA,372,0,3,0,1095,1098,C
6-NA,373,0,3,1097,0,1100,G
6-NA,374,1407,0,1,0,1408,A
6-NA,375,0,1423,0,1,1424,T
6-NA,376,1,0,0,1486,1487,C
6-NA,377,1,0,0,1490,1491,C
6-NA,378,1,1568,0,5,1574,T
6-NA,379,0,8,1606,0,1614,G
6-NA,380,1614,1,0,0,1615,A
6-NA,381,0,0,0,1627,1627,C
6-NA,382,1632,0,1,0,1633,A
6-NA,383,1636,1,0,0,1637,A
6-NA,384,0,1,1774,0,1775,G
6-NA,385,0,1767,0,1,1768,T
6-NA,386,1,2,1827,0,1830,G
6-NA,387,0,1846,1,2,1849,T
6-NA,388,0,1855,0,0,1855,T
6-NA,389,1851,0,1,0,1852,A
6-NA,390,0,1859,0,1,1860,T
6-NA,391,4,0,0,1901,1905,C
6-NA,392,1914,0,0,0,1914,A
6-NA,393,1913,0,0,0,1913,A
6-NA,394,0,1918,0,1,1919,T
6-NA,395,1,1919,0,0,1920,T
6-NA,396,0,1920,0,2,1922,T
6-NA,397,0,2,1932,0,1934,G
6-NA,398,2,2,0,2129,2133,C
6-NA,399,4,0,0,2138,2142,C
6-NA,400,6,2,0,2145,2153,C
6-NA,401,0,2149,0,1,2150,T
6-NA,402,0,2168,0,2,2170,T
6-NA,403,2,4,2219,0,2225,G
6-NA,404,0,7,2224,0,2231,G
6-NA,405,2256,1,0,0,2257,A
6-NA,406,0,1,0,2273,2274,C
6-NA,407,2238,0,4,0,2242,A
6-NA,408,0,5,2328,1,2334,G
6-NA,409,0,6,2304,0,2310,G
6-NA,410,1,7,2274,0,2282,G
6-NA,411,1,4,2277,1,2283,G
6-NA,412,2407,0,5,0,2412,A
6-NA,413,0,0,0,2447,2447,C
6-NA,414,2440,0,0,0,2440,A
6-NA,415,2959,0,3,0,2962,A
6-NA,416,0,1,0,3028,3029,C
6-NA,417,3027,0,3,0,3030,A
6-NA,418,0,3,0,3081,3084,C
6-NA,419,0,3059,0,1,3060,T
6-NA,420,3085,0,0,0,3085,A
6-NA,421,3077,0,1,0,3078,A
6-NA,422,3081,0,3,0,3084,A
6-NA,423,1,1,0,3117,3119,C
6-NA,424,3052,0,0,1,3053,A
6-NA,425,3055,0,0,1,3056,A
6-NA,426,0,0,0,3057,3057,C
6-NA,427,1,2,3052,1,3056,G
6-NA,428,0,3035,1,1,3037,T
6-NA,429,0,1,3057,0,3058,G
6-NA,430,1,0,0,3095,3096,C
6-NA,431,3093,2,0,0,3095,A
6-NA,432,1,3116,0,1,3118,T
6-NA,433,0,3119,0,1,3120,T
6-NA,434,12,1,0,3327,3340,C
6-NA,435,3480,0,0,0,3480,A
6-NA,436,3503,0,2,0,3505,A
6-NA,437,3483,0,2,0,3485,A
6-NA,438,0,3504,0,1,3505,T
6-NA,439,3481,0,1,0,3482,A
6-NA,440,3613,0,2,0,3615,A
6-NA,441,0,0,0,3629,3629,C
6-NA,442,3606,0,2,0,3608,A
6-NA,443,2,3,0,3681,3686,C
6-NA,444,3614,0,5,0,3619,A
6-NA,445,0,3,4365,0,4368,G
6-NA,446,0,4342,0,0,4342,T
6-NA,447,4450,0,2,0,4452,A
6-NA,448,0,3,0,4470,4473,C
6-NA,449,0,2,4463,0,4465,G
6-NA,450,0,4640,1,3,4644,T
6-NA,451,0,17,4664,0,4681,G
6-NA,452,4688,0,1,0,4689,A
6-NA,453,0,4733,0,1,4734,T
6-NA,454,4554,0,2,0,4556,A
6-NA,455,1,10,4518,0,4529,G
6-NA,456,1,10,4443,0,4454,G
6-NA,457,4514,0,7,0,4521,A
6-NA,458,1,1,0,4621,4623,C
6-NA,459,4,0,0,4595,4599,C
6-NA,460,4,0,0,4694,4698,C
6-NA,461,3,1,0,4710,4714,C
6-NA,462,0,4762,1,7,4770,T
6-NA,463,0,4866,0,1,4867,T
6-NA,464,4892,0,0,0,4892,A
6-NA,465,0,4885,0,3,4888,T
6-NA,466,9,25,0,4875,4909,C
6-NA,467,4,5,4845,0,4854,G
6-NA,468,0,17,4803,0,4820,G
6-NA,469,4852,0,4,0,4856,A
6-NA,470,1,15,0,4894,4910,C
6-NA,471,13,0,0,4881,4894,C
6-NA,472,15,3,0,5186,5204,C
6-NA,473,0,5191,0,4,5195,T
6-NA,474,5278,1,1,0,5280,A
6-NA,475,0,5286,0,2,5288,T
6-NA,476,0,5289,0,2,5291,T
6-NA,477,1,8,5295,0,5304,G
6-NA,478,5311,0,3,0,5314,A
6-NA,479,2,5311,0,5,5318,T
6-NA,480,0,18,5318,0,5336,G
6-NA,481,5191,1,8,1,5201,A
6-NA,482,5237,0,5,0,5242,A
6-NA,483,0,5257,0,0,5257,T
6-NA,484,0,23,5278,0,5301,G
6-NA,485,5309,0,5,0,5314,A
6-NA,486,0,2,5451,0,5453,G
6-NA,487,1,5420,0,5,5426,T
6-NA,488,0,5484,0,2,5486,T
6-NA,489,5466,0,5,0,5471,A
6-NA,490,2,4,5478,0,5484,G
6-NA,491,5,1,5480,0,5486,G
6-NA,492,1,5447,0,9,5457,T
6-NA,493,2,6,5460,0,5468,G
6-NA,494,2,5437,0,9,5448,T
6-NA,495,0,5443,0,2,5445,T
6-NA,496,17,2,0,5516,5535,C
6-NA,497,5,1,0,5571,5577,C
6-NA,498,1,5576,0,8,5585,T
6-NA,499,1,5579,0,7,5587,T
6-NA,500,0,5580,0,6,5586,T
6-NA,501,1,5574,0,9,5584,T
6-NA,502,20,15,0,5593,5628,C
6-NA,503,5595,0,3,1,5599,A
6-NA,504,1,5686,0,1,5688,T
6-NA,505,20,0,0,5698,5718,C
6-NA,506,0,5640,0,8,5648,T
6-NA,507,2,10,5588,0,5600,G
6-NA,508,1,11,5572,0,5584,G
6-NA,509,18,12,5528,0,5558,G
6-NA,510,1,23,5639,0,5663,G
6-NA,511,5632,0,4,1,5637,A
6-NA,512,6,1,0,5697,5704,C
6-NA,513,5,3,0,5658,5666,C
6-NA,514,5717,0,6,0,5723,A
6-NA,515,5698,0,5,0,5703,A
6-NA,516,1,2,5693,0,5696,G
6-NA,517,2,2,0,5712,5716,C
6-NA,518,5718,0,8,0,5726,A
6-NA,519,5806,1,11,1,5819,A
6-NA,520,0,0,5834,0,5834,G
6-NA,521,0,5814,0,2,5816,T
6-NA,522,12,0,0,5783,5795,C
6-NA,523,0,5865,0,3,5868,T
6-NA,524,4,2,6125,0,6131,G
6-NA,525,3,2,0,6148,6153,C
6-NA,526,6135,0,6,1,6142,A
6-NA,527,0,6168,0,4,6172,T
6-NA,528,6092,0,2,1,6095,A
6-NA,529,1,1,6197,0,6199,G
6-NA,530,2,0,0,6197,6199,C
6-NA,531,6162,1,2,0,6165,A
6-NA,532,0,6170,0,5,6175,T
6-NA,533,2,12,6000,0,6014,G
6-NA,534,0,1,6338,0,6339,G
6-NA,535,0,6343,0,17,6360,T
6-NA,536,16,1,0,6345,6362,C
6-NA,537,6,4,0,6368,6378,C
6-NA,538,6361,0,3,0,6364,A
6-NA,539,0,0,6507,0,6507,G
6-NA,540,3,0,0,6544,6547,C
6-NA,541,0,6543,0,9,6552,T
6-NA,542,15,0,0,6557,6572,C
6-NA,543,6456,0,1,1,6458,A
6-NA,544,6521,0,4,0,6525,A
6-NA,545,1,1,6574,0,6576,G
6-NA,546,0,6607,0,2,6609,T
6-NA,547,0,6605,0,1,6606,T
6-NA,548,0,1,6625,0,6626,G
6-NA,549,0,6591,0,3,6594,T
6-NA,550,25,1,0,6599,6625,C
6-NA,551,6615,1,8,0,6624,A
6-NA,552,1,3,0,6645,6649,C
6-NA,553,2,13,6647,0,6662,G
6-NA,554,6646,0,2,0,6648,A
6-NA,555,0,6732,0,5,6737,T
6-NA,556,1,9,6841,1,6852,G
6-NA,557,1,13,6849,0,6863,G
6-NA,558,6826,1,14,1,6842,A
6-NA,559,6859,0,10,0,6869,A
6-NA,560,6933,1,8,0,6942,A
6-NA,561,6943,1,18,0,6962,A
6-NA,562,3,1,7008,0,7012,G
6-NA,563,5,0,0,7022,7027,C
6-NA,564,7007,2,4,0,7013,A
6-NA,565,1,7024,0,4,7029,T
6-NA,566,1,11,7055,0,7067,G
6-NA,567,1,4,7030,0,7035,G
6-NA,568,13,1,1,7131,7146,C
6-NA,569,2,7121,0,9,7132,T
6-NA,570,3,0,7187,0,7190,G
6-NA,571,2,0,1,7161,7164,C
6-NA,572,7187,1,2,1,7191,A
6-NA,573,0,7378,0,0,7378,T
6-NA,574,0,4,7385,0,7389,G
6-NA,575,0,7359,1,9,7369,T
6-NA,576,2,7865,0,9,7876,T
6-NA,577,2,7894,1,3,7900,T
6-NA,578,1,3,8170,0,8174,G
6-NA,579,1,8118,0,7,8126,T
6-NA,580,8150,2,4,1,8157,A
6-NA,581,0,8241,0,5,8246,T
6-NA,582,8212,0,3,0,8215,A
6-NA,583,8215,0,6,0,8221,A
6-NA,584,3,3,0,8228,8234,C
6-NA,585,0,7986,1,7,7994,T
6-NA,586,0,16,8095,0,8111,G
6-NA,587,0,15,8066,0,8081,G
6-NA,588,1,19,8074,0,8094,G
6-NA,589,1,13,8114,0,8128,G
6-NA,590,8034,2,8,0,8044,A
6-NA,591,0,8132,0,2,8134,T
6-NA,592,2,29,8140,0,8171,G
6-NA,593,8198,0,7,0,8205,A
6-NA,594,1,8246,0,3,8250,T
6-NA,595,8257,1,4,0,8262,A
6-NA,596,8274,1,1,40,8316,A
6-NA,597,8324,0,1,0,8325,A
6-NA,598,8334,0,3,2,8339,A
6-NA,599,8363,0,1,1,8365,A
6-NA,600,0,8373,0,4,8377,T
6-NA,601,1,3,8354,1,8359,G
6-NA,602,6,1,0,8350,8357,C
6-NA,603,8364,0,5,1,8370,A
6-NA,604,8394,0,9,1,8404,A
6-NA,605,1,0,0,8488,8489,C
6-NA,606,9,8438,1,3,8451,T
6-NA,607,1,1,8475,1,8478,G
6-NA,608,2,2,1,8463,8468,C
6-NA,609,1,8490,0,4,8495,T
6-NA,610,8499,0,14,1,8514,A
6-NA,611,1,0,8521,0,8522,G
6-NA,612,2,2,0,8574,8578,C
6-NA,613,1,8570,0,8,8579,T
6-NA,614,0,8581,0,5,8586,T
6-NA,615,33,1,0,8651,8685,C
6-NA,616,8696,1,1,3,8701,A
6-NA,617,1,8700,0,3,8704,T
6-NA,618,1,8715,0,3,8719,T
6-NA,619,2,8768,0,0,8770,T
6-NA,620,8787,0,2,1,8790,A
6-NA,621,0,1,0,8848,8849,C
6-NA,622,8811,0,4,3,8818,A
6-NA,623,8864,2,5,1,8872,A
6-NA,624,0,8865,0,2,8867,T
6-NA,625,3,31,8797,0,8831,G
6-NA,626,3,13,8776,0,8792,G
6-NA,627,1,23,8766,1,8791,G
6-NA,628,8677,1,22,1,8701,A
6-NA,629,1,14,8971,0,8986,G
6-NA,630,1,5,9003,0,9009,G
6-NA,631,5,2,0,9359,9366,C
6-NA,632,0,9454,0,11,9465,T
6-NA,633,0,9487,1,2,9490,T
6-NA,634,2,5,9630,0,9637,G
6-NA,635,1,9559,0,2,9562,T
6-NA,636,9816,2,6,2,9826,A
6-NA,637,0,9,9873,0,9882,G
6-NA,638,9716,0,12,3,9731,A
6-NA,639,0,9778,0,3,9781,T
6-NA,640,9424,1,3,1,9429,A
6-NA,641,2,2,9974,0,9978,G
6-NA,642,2,9903,1,12,9918,T
6-NA,643,9905,1,3,1,9910,A
6-NA,644,1,9916,0,4,9921,T
6-NA,645,2,9779,0,7,9788,T
6-NA,646,4,3,9985,0,9992,G
6-NA,647,3,9903,1,23,9930,T
6-NA,648,0,9898,0,13,9911,T
6-NA,649,0,9913,1,7,9921,T
6-NA,650,33,1,0,9740,9774,C
6-NA,651,9740,2,8,1,9751,A
6-NA,652,0,9692,0,6,9698,T
6-NA,653,1,22,9680,2,9705,G
6-NA,654,4,6,10121,1,10132,G
6-NA,655,2,10083,1,15,10101,T
6-NA,656,32,2,0,10066,10100,C
6-NA,657,23,2,1,10098,10124,C
6-NA,658,10166,0,7,1,10174,A
6-NA,659,10225,1,2,4,10232,A
6-NA,660,10223,0,13,1,10237,A
6-NA,661,2,15,10251,0,10268,G
6-NA,662,10228,0,11,1,10240,A
6-NA,663,9992,0,8,2,10002,A
6-NA,664,9986,0,11,2,9999,A
6-NA,665,1,9975,1,0,9977,T
6-NA,666,32,1,2,10207,10242,C
6-NA,667,13,1,0,10226,10240,C
6-NA,668,0,10223,1,4,10228,T
6-NA,669,13,0,0,10240,10253,C
6-NA,670,10235,1,9,1,10246,A
6-NA,671,1,26,10230,1,10258,G
6-NA,672,2,31,10203,1,10237,G
6-NA,673,10478,0,10,1,10489,A
6-NA,674,5,2,0,10491,10498,C
6-NA,675,20,3,0,10318,10341,C
6-NA,676,21,4,0,10395,10420,C
6-NA,677,10380,0,13,1,10394,A
6-NA,678,1,8,10435,0,10444,G
6-NA,679,4,25,10446,0,10475,G
6-NA,680,10410,1,13,0,10424,A
6-NA,681,5,6,10569,1,10581,G
6-NA,682,1,10406,3,9,10419,T
6-NA,683,29,8,1,10432,10470,C
6-NA,684,10479,2,14,1,10496,A
6-NA,685,0,23,10576,1,10600,G
6-NA,686,10522,2,3,0,10527,A
6-NA,687,10528,1,3,1,10533,A
6-NA,688,1,10516,1,3,10521,T
6-NA,689,4,5,10579,0,10588,G
6-NA,690,3,5,1,10514,10523,C
6-NA,691,3,3,10636,0,10642,G
6-NA,692,2,10549,1,9,10561,T
6-NA,693,0,10613,1,3,10617,T
6-NA,694,0,10611,1,1,10613,T
6-NA,695,2,2,10682,0,10686,G
6-NA,696,3,10716,1,7,10727,T
6-NA,697,10731,0,8,0,10739,A
6-NA,698,1,10663,1,7,10672,T
6-NA,699,28,4,0,10676,10708,C
6-NA,700,10701,0,2,0,10703,A
6-NA,701,10679,1,2,0,10682,A
6-NA,702,2,10687,0,5,10694,T
6-NA,703,2,15,10666,1,10684,G
6-NA,704,2,34,10665,2,10703,G
6-NA,705,10878,1,8,0,10887,A
6-NA,706,10872,0,15,0,10887,A
6-NA,707,5,2,1,10995,11003,C
6-NA,708,0,11078,0,22,11100,T
6-NA,709,0,11106,0,2,11108,T
6-NA,710,5,3,11358,1,11367,G
6-NA,711,0,11346,1,9,11356,T
6-NA,712,11348,0,18,0,11366,A
6-NA,713,7,1,0,11433,11441,C
6-NA,714,11201,0,4,0,11205,A
6-NA,715,0,9,11912,0,11921,G
6-NA,716,1,11810,0,4,11815,T
6-NA,717,12394,1,8,0,12403,A
6-NA,718,3,0,12542,0,12545,G
6-NA,719,1,12394,0,10,12405,T
6-NA,720,12435,0,4,1,12440,A
6-NA,721,12414,2,1,0,12417,A
6-NA,722,0,12357,0,2,12359,T
6-NA,723,11421,0,7,1,11429,A
6-NA,724,11787,1,10,0,11798,A
6-NA,725,4,0,0,11953,11957,C
6-NA,726,2,11972,0,4,11978,T
6-NA,727,2,19,12040,0,12061,G
6-NA,728,11846,4,13,0,11863,A
6-NA,729,0,11971,0,14,11985,T
6-NA,730,2,30,11975,1,12008,G
6-NA,731,5,30,11857,0,11892,G
6-NA,732,3,22,11883,1,11909,G
6-NA,733,11703,0,17,1,11721,A
6-NA,734,1,0,11770,0,11771,G
6-NA,735,1,11643,0,6,11650,T
6-NA,736,4,4,11707,1,11716,G
6-NA,737,6,2,0,11791,11799,C
6-NA,738,0,11817,0,15,11832,T
6-NA,739,3,11839,1,1,11844,T
6-NA,740,8,3,1,11841,11853,C
6-NA,741,11827,1,18,0,11846,A
6-NA,742,9,15,11849,1,11874,G
6-NA,743,1,31,11815,2,11849,G
6-NA,744,11835,2,1,0,11838,A
6-NA,745,11797,0,9,0,11806,A
6-NA,746,11711,0,8,1,11720,A
6-NA,747,11731,0,16,0,11747,A
6-NA,748,0,2,11760,0,11762,G
6-NA,749,4,1,0,11771,11776,C
6-NA,750,0,11761,0,3,11764,T
6-NA,751,5,24,11747,0,11776,G
6-NA,752,11675,2,10,2,11689,A
6-NA,753,1,11842,0,6,11849,T
6-NA,754,11857,1,5,0,11863,A
6-NA,755,5,0,0,12372,12377,C
6-NA,756,1,12342,0,2,12345,T
6-NA,757,12325,0,3,1,12329,A
6-NA,758,12323,1,3,0,12327,A
6-NA,759,12333,1,0,2,12336,A
6-NA,760,12666,0,1,0,12667,A
6-NA,761,0,12682,0,1,12683,T
6-NA,762,12604,0,5,0,12609,A
6-NA,763,3,11,0,12708,12722,C
6-NA,764,1,12406,0,11,12418,T
6-NA,765,12560,0,5,3,12568,A
6-NA,766,1,12465,0,14,12480,T
6-NA,767,1,12878,0,12,12891,T
6-NA,768,40,4,0,12950,12994,C
6-NA,769,12764,1,3,1,12769,A
6-NA,770,0,12742,0,2,12744,T
6-NA,771,0,12763,0,5,12768,T
6-NA,772,2,33,12764,0,12799,G
6-NA,773,12643,2,13,2,12660,A
6-NA,774,1,18,12654,0,12673,G
6-NA,775,1,25,12628,0,12654,G
6-NA,776,12220,0,33,1,12254,A
6-NA,777,0,14,12404,0,12418,G
6-NA,778,4,24,12387,2,12417,G
6-NA,779,1,24,12401,1,12427,G
6-NA,780,1,27,12426,1,12455,G
6-NA,781,12370,1,13,2,12386,A
6-NA,782,12453,1,12,1,12467,A
6-NA,783,12430,0,8,2,12440,A
6-NA,784,12371,1,9,1,12382,A
6-NA,785,1,12336,2,4,12343,T
6-NA,786,41,8,0,12337,12386,C
6-NA,787,5,4,12461,0,12470,G
6-NA,788,2,12423,1,0,12426,T
6-NA,789,0,12377,3,16,12396,T
6-NA,790,51,3,0,12403,12457,C
6-NA,791,12480,1,6,3,12490,A
6-NA,792,1,13053,0,5,13059,T
6-NA,793,13008,0,1,1,13010,A
6-NA,794,1,1,0,13141,13143,C
6-NA,795,0,13086,0,5,13091,T
6-NA,796,13080,0,12,1,13093,A
6-NA,797,3,5,13043,1,13052,G
6-NA,798,5,3,0,13034,13042,C
6-NA,799,12995,1,6,2,13004,A
6-NA,800,0,1,1,13091,13093,C
6-NA,801,12630,1,6,2,12639,A
6-NA,802,0,12753,0,1,12754,T
6-NA,803,0,12719,0,7,12726,T
6-NA,804,3,4,13377,1,13385,G
6-NA,805,1,13283,0,15,13299,T
6-NA,806,54,1,0,13281,13336,C
6-NA,807,13296,0,18,2,13316,A
6-NA,808,3,17,13301,0,13321,G
6-NA,809,2,17,13319,1,13339,G
6-NA,810,13286,1,7,0,13294,A
6-NA,811,13170,0,7,0,13177,A
6-NA,812,3,5,13292,0,13300,G
6-NA,813,2,12739,2,5,12748,T
6-NA,814,5,7,12774,0,12786,G
6-NA,815,8,3,0,12744,12755,C
6-NA,816,0,12783,0,15,12798,T
6-NA,817,29,4,0,12851,12884,C
6-NA,818,12861,0,9,0,12870,A
6-NA,819,4,4,12909,0,12917,G
6-NA,820,2,3,0,12909,12914,C
6-NA,821,12927,1,6,0,12934,A
6-NA,822,0,12946,0,4,12950,T
6-NA,823,3,4,13277,0,13284,G
6-NA,824,1,13195,1,7,13204,T
6-NA,825,45,3,0,13203,13251,C
6-NA,826,4,21,13242,0,13267,G
6-NA,827,13145,1,5,0,13151,A
6-NA,828,3,20,13149,0,13172,G
6-NA,829,2,44,13120,0,13166,G
6-NA,830,13034,0,13,1,13048,A
6-NA,831,1,4,13191,0,13196,G
6-NA,832,1,12875,0,8,12884,T
6-NA,833,2,16,12882,0,12900,G
6-NA,834,6,2,0,13070,13078,C
6-NA,835,2,13013,0,17,13032,T
6-NA,836,34,3,0,13128,13165,C
6-NA,837,21,2,1,13190,13214,C
6-NA,838,1,13242,0,3,13246,T
6-NA,839,3,2,13299,0,13304,G
6-NA,840,1,5,0,13184,13190,C
6-NA,841,0,13143,1,37,13181,T
6-NA,842,13264,1,3,1,13269,A
6-NA,843,1,13030,0,9,13040,T
6-NA,844,18,3,1,13231,13253,C
6-NA,845,24,3,0,13231,13258,C
6-NA,846,0,13126,0,11,13137,T
6-NA,847,13,7,0,13302,13322,C
6-NA,848,65,19,13189,0,13273,G
6-NA,849,13280,0,6,1,13287,A
6-NA,850,0,13326,0,7,13333,T
6-NA,851,13014,1,6,0,13021,A
6-NA,852,5,3,0,12914,12922,C
6-NA,853,38,3,1,13035,13077,C
6-NA,854,28,4,0,13110,13142,C
6-NA,855,1,13139,0,8,13148,T
6-NA,856,3,15,13274,0,13292,G
6-NA,857,32,4,13262,1,13299,G
6-NA,858,0,13523,1,1,13525,T
6-NA,859,5,2,13547,0,13554,G
6-NA,860,0,13485,22,18,13525,T
6-NA,861,45,6,0,13465,13516,C
6-NA,862,13475,0,12,1,13488,A
6-NA,863,1,5,13484,2,13492,G
6-NA,864,13492,1,3,1,13497,A
6-NA,865,2,13280,0,10,13292,T
6-NA,866,3,3,13304,0,13310,G
6-NA,867,1,13066,0,3,13070,T
6-NA,868,0,3,13107,1,13111,G
6-NA,869,2,13050,1,18,13071,T
6-NA,870,27,1,0,13092,13120,C
6-NA,871,1,13089,0,19,13109,T
6-NA,872,9,3,13105,2,13119,G
6-NA,873,2,4,2,13114,13122,C
6-NA,874,13125,4,9,0,13138,A
6-NA,875,3,19,13145,0,13167,G
6-NA,876,12911,0,13,0,12924,A
6-NA,877,2,26,12885,1,12914,G
6-NA,878,12893,2,11,0,12906,A
6-NA,879,1,2,0,12981,12984,C
6-NA,880,12993,0,8,0,13001,A
6-NA,881,12985,3,12,0,13000,A
6-NA,882,2,5,1,13083,13091,C
6-NA,883,1,13085,0,7,13093,T
6-NA,884,2,10,13088,0,13100,G
6-NA,885,2,23,12996,1,13022,G
6-NA,886,12957,1,17,0,12975,A
6-NA,887,12928,0,15,0,12943,A
6-NA,888,12668,0,13,2,12683,A
6-NA,889,0,6,12789,0,12795,G
6-NA,890,2,4,12684,1,12691,G
6-NA,891,4,0,1,12697,12702,C
6-NA,892,2,12525,1,28,12556,T
6-NA,893,22,1,0,12860,12883,C
6-NA,894,29,3,1,13007,13040,C
6-NA,895,13067,0,4,0,13071,A
6-NA,896,13032,1,2,0,13035,A
6-NA,897,0,13052,0,2,13054,T
6-NA,898,12642,0,13,0,12655,A
6-NA,899,1,13,12558,1,12573,G
6-NA,900,3,8,12525,0,12536,G
6-NA,901,7,2,1,12501,12511,C
6-NA,902,16,3,0,12257,12276,C
6-NA,903,28,3,1,12153,12185,C
6-NA,904,12253,1,1,0,12255,A
6-NA,905,0,12244,1,46,12291,T
6-NA,906,15,2,0,12412,12429,C
6-NA,907,8,1,12470,0,12479,G
6-NA,908,0,12381,0,1,12382,T
6-NA,909,12109,2,3,0,12114,A
6-NA,910,0,17,12373,1,12391,G
6-NA,911,12306,1,17,1,12325,A
6-NA,912,0,12419,0,1,12420,T
6-NA,913,12181,0,1,0,12182,A
6-NA,914,1,12095,1,2,12099,T
6-NA,915,12073,0,8,0,12081,A
6-NA,916,12019,2,5,2,12028,A
6-NA,917,12194,0,10,1,12205,A
6-NA,918,4,2,1,12396,12403,C
6-NA,919,12054,0,1,0,12055,A
6-NA,920,0,12021,1,1,12023,T
6-NA,921,11936,1,4,1,11942,A
6-NA,922,11929,2,14,0,11945,A
6-NA,923,11929,0,11,0,11940,A
6-NA,924,2,28,12034,1,12065,G
6-NA,925,1,27,12163,0,12191,G
6-NA,926,11790,0,6,0,11796,A
6-NA,927,0,11712,0,8,11720,T
6-NA,928,35,6,1,11761,11803,C
6-NA,929,11816,2,8,0,11826,A
6-NA,930,2,11841,0,18,11861,T
6-NA,931,11893,1,8,0,11902,A
6-NA,932,3,4,11841,0,11848,G
6-NA,933,5,2,1,11642,11650,C
6-NA,934,11404,0,2,0,11406,A
6-NA,935,0,10992,0,6,10998,T
6-NA,936,1,11013,0,0,11014,T
6-NA,937,2,3,10993,0,10998,G
6-NA,938,3,9,0,10945,10957,C
6-NA,939,2,11384,1,31,11418,T
6-NA,940,3,11351,1,7,11362,T
6-NA,941,16,2,1,11408,11427,C
6-NA,942,16,1,0,11530,11547,C
6-NA,943,11693,0,9,1,11703,A
6-NA,944,3,4,11838,0,11845,G
6-NA,945,0,11788,0,9,11797,T
6-NA,946,0,11563,0,6,11569,T
6-NA,947,11584,3,0,0,11587,A
6-NA,948,0,11459,0,6,11465,T
6-NA,949,10,3,11486,0,11499,G
6-NA,950,0,11323,0,13,11336,T
6-NA,951,3,8,11417,0,11428,G
6-NA,952,2,11012,0,8,11022,T
6-NA,953,5,1,11230,1,11237,G
6-NA,954,1,11207,0,9,11217,T
6-NA,955,0,11132,0,10,11142,T
6-NA,956,47,3,0,11100,11150,C
6-NA,957,11049,0,17,0,11066,A
6-NA,958,1,30,11100,1,11132,G
6-NA,959,4,33,11033,0,11070,G
6-NA,960,10962,1,9,0,10972,A
6-NA,961,2,1,0,11020,11023,C
6-NA,962,0,10734,0,11,10745,T
6-NA,963,0,10799,0,5,10804,T
6-NA,964,2,1,11046,0,11049,G
6-NA,965,0,11020,0,7,11027,T
6-NA,966,0,11031,1,5,11037,T
6-NA,967,9,8,10963,1,10981,G
6-NA,968,2,19,10950,0,10971,G
6-NA,969,10895,2,19,0,10916,A
6-NA,970,0,24,10929,0,10953,G
6-NA,971,10896,0,14,2,10912,A
6-NA,972,4,2,0,10810,10816,C
6-NA,973,10522,1,8,0,10531,A
6-NA,974,5,6,2,10507,10520,C
6-NA,975,10506,1,12,0,10519,A
6-NA,976,4,3,1,10553,10561,C
6-NA,977,15,3,1,10462,10481,C
6-NA,978,25,2,2,10497,10526,C
6-NA,979,10525,1,15,0,10541,A
6-NA,980,2,23,10556,0,10581,G
6-NA,981,10547,1,4,0,10552,A
6-NA,982,10605,0,1,0,10606,A
6-NA,983,10548,0,1,0,10549,A
6-NA,984,10515,0,4,0,10519,A
6-NA,985,10425,0,2,0,10427,A
6-NA,986,10448,0,5,1,10454,A
6-NA,987,2,7,0,10479,10488,C
6-NA,988,9,45,10403,1,10458,G
6-NA,989,10396,0,14,0,10410,A
6-NA,990,1,1,0,10409,10411,C
6-NA,991,10394,1,11,0,10406,A
6-NA,992,2,3,10452,0,10457,G
6-NA,993,4,2,0,10691,10697,C
6-NA,994,0,10545,0,10,10555,T
6-NA,995,31,1,0,10658,10690,C
6-NA,996,31,1,0,10708,10740,C
6-NA,997,10763,0,20,1,10784,A
6-NA,998,6,2,10837,0,10845,G
6-NA,999,4,5,0,10832,10841,C
6-NA,1000,10803,0,6,0,10809,A
6-NA,1001,1,3,10823,0,10827,G
6-NA,1002,0,10422,0,5,10427,T
6-NA,1003,10380,0,7,1,10388,A
6-NA,1004,2,1,10424,0,10427,G
6-NA,1005,3,1,0,10372,10376,C
6-NA,1006,15,4,1,10407,10427,C
6-NA,1007,10328,1,2,0,10331,A
6-NA,1008,0,10309,0,1,10310,T
6-NA,1009,0,10369,0,2,10371,T
6-NA,1010,2,25,10530,0,10557,G
6-NA,1011,0,10442,0,18,10460,T
6-NA,1012,0,10437,1,1,10439,T
6-NA,1013,8,10407,0,2,10417,T
6-NA,1014,2,15,10322,0,10339,G
6-NA,1015,2,11,10424,1,10438,G
6-NA,1016,10358,0,2,0,10360,A
6-NA,1017,0,10360,1,4,10365,T
6-NA,1018,26,2,0,10329,10357,C
6-NA,1019,19,1,1,10137,10158,C
6-NA,1020,8,10200,2,13,10223,T
6-NA,1021,10213,0,10,0,10223,A
6-NA,1022,10232,1,9,0,10242,A
6-NA,1023,4,5,0,10408,10417,C
6-NA,1024,10178,1,3,0,10182,A
6-NA,1025,10261,1,2,0,10264,A
6-NA,1026,0,10252,0,3,10255,T
6-NA,1027,20,21,10305,0,10346,G
6-NA,1028,10298,1,6,0,10305,A
6-NA,1029,10196,0,27,0,10223,A
6-NA,1030,1,10,10285,0,10296,G
6-NA,1031,10202,0,27,0,10229,A
6-NA,1032,9966,1,11,0,9978,A
6-NA,1033,2,10,10008,0,10020,G
6-NA,1034,4,5,9989,0,9998,G
6-NA,1035,0,9723,1,3,9727,T
6-NA,1036,1,15,9792,1,9809,G
6-NA,1037,3,10,10017,0,10030,G
6-NA,1038,1,9871,0,14,9886,T
6-NA,1039,47,3,0,9841,9891,C
6-NA,1040,9903,1,1,0,9905,A
6-NA,1041,0,9876,2,8,9886,T
6-NA,1042,13,11,9882,0,9906,G
6-NA,1043,10,15,9954,0,9979,G
6-NA,1044,9818,2,11,0,9831,A
6-NA,1045,0,1,10147,0,10148,G
6-NA,1046,1,9747,1,5,9754,T
6-NA,1047,13,16,9745,0,9774,G
6-NA,1048,9690,4,9,0,9703,A
6-NA,1049,9735,0,8,1,9744,A
6-NA,1050,9752,0,19,1,9772,A
6-NA,1051,1,15,9756,0,9772,G
6-NA,1052,1,2,9638,0,9641,G
6-NA,1053,4,1,0,9633,9638,C
6-NA,1054,0,9384,0,7,9391,T
6-NA,1055,3,15,9384,0,9402,G
6-NA,1056,2,4,9343,0,9349,G
6-NA,1057,6,3,9414,0,9423,G
6-NA,1058,4,7,0,9352,9363,C
6-NA,1059,10,1,0,9418,9429,C
6-NA,1060,0,9330,0,11,9341,T
6-NA,1061,0,9372,0,2,9374,T
6-NA,1062,1,9422,1,0,9424,T
6-NA,1063,6,16,9420,1,9443,G
6-NA,1064,9399,1,8,0,9408,A
6-NA,1065,0,9356,0,1,9357,T
6-NA,1066,0,19,9196,0,9215,G
6-NA,1067,9066,2,9,1,9078,A
6-NA,1068,2,9090,0,5,9097,T
6-NA,1069,3,13,9111,0,9127,G
6-NA,1070,0,11,9202,0,9213,G
6-NA,1071,9170,0,7,0,9177,A
6-NA,1072,9149,1,13,6,9169,A
6-NA,1073,9174,0,4,0,9178,A
6-NA,1074,0,9129,0,7,9136,T
6-NA,1075,0,25,9183,0,9208,G
6-NA,1076,9130,0,4,1,9135,A
6-NA,1077,6,3,0,9123,9132,C
6-NA,1078,8,2,9177,0,9187,G
6-NA,1079,2,8949,0,4,8955,T
6-NA,1080,1,5,9046,1,9053,G
6-NA,1081,1,8976,1,8,8986,T
6-NA,1082,4,18,9001,2,9025,G
6-NA,1083,0,7,9064,0,9071,G
6-NA,1084,8943,0,12,0,8955,A
6-NA,1085,1,8974,1,3,8979,T
6-NA,1086,2,20,8925,0,8947,G
6-NA,1087,2,12,8900,0,8914,G
6-NA,1088,1,19,8956,0,8976,G
6-NA,1089,8857,0,4,0,8861,A
6-NA,1090,8852,1,12,0,8865,A
6-NA,1091,3,30,8819,2,8854,G
6-NA,1092,8704,0,9,0,8713,A
6-NA,1093,8703,3,14,0,8720,A
6-NA,1094,1,4,0,8696,8701,C
6-NA,1095,4,25,8656,0,8685,G
6-NA,1096,8630,1,2,0,8633,A
6-NA,1097,1,8452,0,2,8455,T
6-NA,1098,18,1,1,8503,8523,C
6-NA,1099,8524,0,10,0,8534,A
6-NA,1100,2,1,8553,0,8556,G
6-NA,1101,6,1,1,8526,8534,C
6-NA,1102,4,24,8525,1,8554,G
6-NA,1103,8496,2,4,0,8502,A
6-NA,1104,1,9,8516,0,8526,G
6-NA,1105,8493,0,5,0,8498,A
6-NA,1106,8486,1,11,0,8498,A
6-NA,1107,0,0,8548,0,8548,G
6-NA,1108,1,8396,0,10,8407,T
6-NA,1109,31,2,0,8377,8410,C
6-NA,1110,8367,0,12,0,8379,A
6-NA,1111,2,3,1,8569,8575,C
6-NA,1112,2,1,8584,0,8587,G
6-NA,1113,6,0,0,8569,8575,C
6-NA,1114,1,8505,1,5,8512,T
6-NA,1115,0,8555,0,3,8558,T
6-NA,1116,8413,1,6,0,8420,A
6-NA,1117,2,12,8567,0,8581,G
6-NA,1118,1,19,8540,0,8560,G
6-NA,1119,0,5,8670,0,8675,G
6-NA,1120,0,8114,0,7,8121,T
6-NA,1121,8156,1,6,0,8163,A
6-NA,1122,0,8118,0,3,8121,T
6-NA,1123,5,13,8107,0,8125,G
6-NA,1124,8100,0,7,0,8107,A
6-NA,1125,8085,1,5,0,8091,A
6-NA,1126,7679,0,13,1,7693,A
6-NA,1127,3,0,0,7758,7761,C
6-NA,1128,16,0,0,7521,7537,C
6-NA,1129,1,7344,0,5,7350,T
6-NA,1130,0,7338,0,7,7345,T
6-NA,1131,12,0,1,7343,7356,C
6-NA,1132,7378,0,3,0,7381,A
6-NA,1133,7374,0,1,0,7375,A
6-NA,1134,7383,0,6,0,7389,A
6-NA,1135,0,1,7421,0,7422,G
6-NA,1136,0,7235,0,5,7240,T
6-NA,1137,33,0,0,7263,7296,C
6-NA,1138,7387,0,3,1,7391,A
6-NA,1139,0,7385,0,7,7392,T
6-NA,1140,0,7393,0,1,7394,T
6-NA,1141,2,7,7401,0,7410,G
6-NA,1142,7362,3,2,1,7368,A
6-NA,1143,7387,0,10,0,7397,A
6-NA,1144,0,8,7366,0,7374,G
6-NA,1145,3,4,7322,0,7329,G
6-NA,1146,3,2,0,7290,7295,C
6-NA,1147,0,7071,0,14,7085,T
6-NA,1148,1,4,7100,1,7106,G
6-NA,1149,10,0,7205,1,7216,G
6-NA,1150,1,7140,0,30,7171,T
6-NA,1151,19,1,0,7132,7152,C
6-NA,1152,22,2,0,7119,7143,C
6-NA,1153,7136,1,8,0,7145,A
6-NA,1154,7158,0,5,0,7163,A
6-NA,1155,5,0,0,7176,7181,C
6-NA,1156,19,0,0,7150,7169,C
6-NA,1157,10,1,1,7139,7151,C
6-NA,1158,0,6866,0,3,6869,T
6-NA,1159,6855,0,0,0,6855,A
6-NA,1160,6849,0,4,0,6853,A
6-NA,1161,0,0,6902,0,6902,G
6-NA,1162,0,6787,0,8,6795,T
6-NA,1163,17,0,0,6800,6817,C
6-NA,1164,18,5,0,6655,6678,C
6-NA,1165,6700,0,2,0,6702,A
6-NA,1166,6663,0,1,1,6665,A
6-NA,1167,6681,0,1,0,6682,A
6-NA,1168,0,6661,0,1,6662,T
6-NA,1169,0,6656,0,1,6657,T
6-NA,1170,2,4,6615,0,6621,G
6-NA,1171,3,0,0,6573,6576,C
6-NA,1172,6586,0,6,0,6592,A
6-NA,1173,1,4,6608,0,6613,G
6-NA,1174,6603,0,4,1,6608,A
6-NA,1175,0,6720,0,1,6721,T
6-NA,1176,6730,0,0,0,6730,A
6-NA,1177,6693,0,1,0,6694,A
6-NA,1178,6683,0,5,0,6688,A
6-NA,1179,2,6631,0,0,6633,T
6-NA,1180,6610,0,6,0,6616,A
6-NA,1181,0,12,6591,0,6603,G
6-NA,1182,1,4,6509,1,6515,G
6-NA,1183,2,2,0,6486,6490,C
6-NA,1184,6298,1,2,0,6301,A
6-NA,1185,6328,0,7,0,6335,A
6-NA,1186,0,0,6366,0,6366,G
6-NA,1187,1,6326,3,4,6334,T
6-NA,1188,35,1,1,6293,6330,C
6-NA,1189,6352,0,8,0,6360,A
6-NA,1190,0,6334,0,1,6335,T
6-NA,1191,6353,1,5,0,6359,A
6-NA,1192,0,1,6379,0,6380,G
6-NA,1193,0,6368,0,3,6371,T
6-NA,1194,0,6089,0,9,6098,T
6-NA,1195,2,9,5992,0,6003,G
6-NA,1196,5951,0,10,1,5962,A
6-NA,1197,2,0,1,5927,5930,C
6-NA,1198,5848,0,1,0,5849,A
6-NA,1199,0,4,5887,0,5891,G
6-NA,1200,5775,1,8,0,5784,A
6-NA,1201,3,4,5913,0,5920,G
6-NA,1202,0,3,5903,0,5906,G
6-NA,1203,0,5851,0,2,5853,T
6-NA,1204,5853,0,6,0,5859,A
6-NA,1205,5838,1,7,0,5846,A
6-NA,1206,0,5812,0,2,5814,T
6-NA,1207,5800,0,4,0,5804,A
6-NA,1208,2,4,5617,0,5623,G
6-NA,1209,0,2,5440,0,5442,G
6-NA,1210,1,4722,0,3,4726,T
6-NA,1211,16,2,0,4679,4697,C
6-NA,1212,10,2,0,4664,4676,C
6-NA,1213,7,3,4672,0,4682,G
6-NA,1214,1,0,4696,0,4697,G
6-NA,1215,0,4675,1,3,4679,T
6-NA,1216,0,4664,0,2,4666,T
6-NA,1217,4599,0,0,0,4599,A
6-NA,1218,0,4460,0,2,4462,T
6-NA,1219,0,4457,0,2,4459,T
6-NA,1220,8,0,0,4436,4444,C
6-NA,1221,0,4231,1,3,4235,T
6-NA,1222,4,8,4202,0,4214,G
6-NA,1223,0,1,4234,0,4235,G
6-NA,1224,0,4221,1,1,4223,T
6-NA,1225,4222,0,0,0,4222,A
6-NA,1226,0,4112,0,0,4112,T
6-NA,1227,0,4162,0,11,4173,T
6-NA,1228,0,4152,0,2,4154,T
6-NA,1229,0,4146,0,3,4149,T
6-NA,1230,5,1,0,4146,4152,C
6-NA,1231,2,4066,0,5,4073,T
6-NA,1232,17,0,0,4089,4106,C
6-NA,1233,0,4088,0,4,4092,T
6-NA,1234,1,0,4161,0,4162,G
6-NA,1235,1,4136,1,15,4153,T
6-NA,1236,0,4123,0,0,4123,T
6-NA,1237,0,5,4139,0,4144,G
6-NA,1238,4096,0,3,0,4099,A
6-NA,1239,4091,0,11,1,4103,A
6-NA,1240,1,9,4105,0,4115,G
6-NA,1241,1,0,4083,1,4085,G
6-NA,1242,1,0,2,4097,4100,C
6-NA,1243,4046,0,0,0,4046,A
6-NA,1244,4043,0,3,0,4046,A
6-NA,1245,4048,0,2,0,4050,A
6-NA,1246,4026,0,37,0,4063,A
6-NA,1247,0,0,4035,0,4035,G
6-NA,1248,0,2,0,4035,4037,C
6-NA,1249,0,3969,0,6,3975,T
6-NA,1250,3,0,4018,0,4021,G
6-NA,1251,2,0,0,4016,4018,C
6-NA,1252,4027,0,2,0,4029,A
6-NA,1253,1,3991,0,1,3993,T
6-NA,1254,9,1,0,3986,3996,C
6-NA,1255,3980,0,1,0,3981,A
6-NA,1256,4004,0,0,0,4004,A
6-NA,1257,0,3967,0,0,3967,T
6-NA,1258,6,1,0,3994,4001,C
6-NA,1259,4,6,3938,0,3948,G
6-NA,1260,1,2,3984,0,3987,G
6-NA,1261,0,3985,0,2,3987,T
6-NA,1262,0,3,3992,1,3996,G
6-NA,1263,0,0,0,3996,3996,C
6-NA,1264,0,3979,0,8,3987,T
6-NA,1265,0,4036,0,4,4040,T
6-NA,1266,0,4041,0,2,4043,T
6-NA,1267,0,4052,1,1,4054,T
6-NA,1268,4079,1,0,0,4080,A
6-NA,1269,13,3914,0,0,3927,T
6-NA,1270,1,1,3939,0,3941,G
6-NA,1271,0,3885,0,4,3889,T
6-NA,1272,2,5,3851,0,3858,G
6-NA,1273,1,9,3908,0,3918,G
6-NA,1274,3817,0,1,0,3818,A
6-NA,1275,1,1,3870,0,3872,G
6-NA,1276,0,3845,0,1,3846,T
6-NA,1277,0,3825,0,4,3829,T
6-NA,1278,1,5,3850,0,3856,G
6-NA,1279,3845,0,2,0,3847,A
6-NA,1280,1,3845,0,0,3846,T
6-NA,1281,3832,0,2,0,3834,A
6-NA,1282,3708,0,4,0,3712,A
6-NA,1283,0,6,3739,0,3745,G
6-NA,1284,1,8,3666,0,3675,G
6-NA,1285,1,4,3659,0,3664,G
6-NA,1286,1,3,3649,0,3653,G
6-NA,1287,3603,1,5,0,3609,A
6-NA,1288,3595,0,7,1,3603,A
6-NA,1289,0,8,3629,0,3637,G
6-NA,1290,3640,0,0,0,3640,A
6-NA,1291,3628,0,1,1,3630,A
6-NA,1292,3598,0,1,0,3599,A
6-NA,1293,3545,0,5,2,3552,A
6-NA,1294,0,23,3530,0,3553,G
6-NA,1295,3513,2,6,0,3521,A
6-NA,1296,0,4,3513,1,3518,G
6-NA,1297,1,6,3503,0,3510,G
6-NA,1298,3458,0,1,0,3459,A
6-NA,1299,3466,1,2,0,3469,A
6-NA,1300,3428,2,1,0,3431,A
6-NA,1301,0,0,0,3479,3479,C
6-NA,1302,0,3445,0,1,3446,T
6-NA,1303,0,5,3455,1,3461,G
6-NA,1304,3455,0,2,0,3457,A
6-NA,1305,3438,0,2,0,3440,A
6-NA,1306,0,0,3457,0,3457,G
6-NA,1307,0,3414,0,6,3420,T
6-NA,1308,17,1,0,3426,3444,C
6-NA,1309,0,3401,0,8,3409,T
6-NA,1310,0,3401,0,2,3403,T
6-NA,1311,1,2,3409,0,3412,G
6-NA,1312,1,3380,0,2,3383,T
6-NA,1313,3,6,3371,0,3380,G
6-NA,1314,0,8,3361,0,3369,G
6-NA,1315,3284,0,5,0,3289,A
6-NA,1316,2,0,0,3267,3269,C
6-NA,1317,11,0,1,3202,3214,C
6-NA,1318,1,3216,0,8,3225,T
6-NA,1319,5,0,0,3247,3252,C
6-NA,1320,3277,1,3,0,3281,A
6-NA,1321,3269,0,1,0,3270,A
6-NA,1322,3255,0,2,0,3257,A
6-NA,1323,1,2,0,3295,3298,C
6-NA,1324,3214,0,3,0,3217,A
6-NA,1325,0,0,3246,0,3246,G
6-NA,1326,1,3181,0,3,3185,T
6-NA,1327,3184,0,2,0,3186,A
6-NA,1328,0,3168,0,1,3169,T
6-NA,1329,0,3113,0,0,3113,T
6-NA,1330,2,2,3129,0,3133,G
6-NA,1331,0,3119,0,6,3125,T
6-NA,1332,0,2980,0,2,2982,T
6-NA,1333,0,0,2991,0,2991,G
6-NA,1334,0,2787,0,2,2789,T
6-NA,1335,10,1,2787,0,2798,G
6-NA,1336,0,2771,0,7,2778,T
6-NA,1337,0,2720,0,0,2720,T
6-NA,1338,0,2717,0,2,2719,T
6-NA,1339,0,2651,0,2,2653,T
6-NA,1340,1,0,2659,0,2660,G
6-NA,1341,0,2650,0,3,2653,T
6-NA,1342,1,9,2631,0,2641,G
6-NA,1343,1,1,2629,0,2631,G
6-NA,1344,0,0,0,2560,2560,C
6-NA,1345,2528,0,2,0,2530,A
6-NA,1346,0,0,0,2571,2571,C
6-NA,1347,3,0,0,2546,2549,C
6-NA,1348,1,2554,0,6,2561,T
6-NA,1349,5,0,0,2593,2598,C
6-NA,1350,2584,4,2,0,2590,A
6-NA,1351,3,3,2611,1,2618,G
6-NA,1352,0,0,2614,0,2614,G
6-NA,1353,1,2602,0,2,2605,T
6-NA,1354,2568,0,1,0,2569,A
6-NA,1355,3,0,0,2459,2462,C
6-NA,1356,2438,0,2,0,2440,A
6-NA,1357,0,2435,0,1,2436,T
6-NA,1358,2381,0,0,0,2381,A
6-NA,1359,0,2368,0,1,2369,T
6-NA,1360,3,2,2193,0,2198,G
6-NA,1361,0,6,2179,0,2185,G
6-NA,1362,2167,0,1,0,2168,A
6-NA,1363,2133,0,5,0,2138,A
6-NA,1364,0,0,0,2123,2123,C
6-NA,1365,1764,0,2,0,1766,A
6-NA,1366,0,1,1775,0,1776,G
6-NA,1367,0,1,1759,0,1760,G
6-NA,1368,1,1,0,1753,1755,C
6-NA,1369,0,1749,0,2,1751,T
6-NA,1370,4,0,0,1649,1653,C
6-NA,1371,1648,0,0,0,1648,A
6-NA,1372,1,1651,0,1,1653,T
6-NA,1373,1,1,1653,0,1655,G
6-NA,1374,1,0,1644,0,1645,G
6-NA,1375,2,0,0,1566,1568,C
6-NA,1376,2,0,0,1565,1567,C
6-NA,1377,0,1478,0,2,1480,T
6-NA,1378,0,2,1474,0,1476,G
6-NA,1379,1471,0,0,0,1471,A
6-NA,1380,0,1472,0,0,1472,T
6-NA,1381,0,3,1433,0,1436,G
6-NA,1382,0,2,1399,0,1401,G
6-NA,1383,0,1,1302,0,1303,G
6-NA,1384,0,1,1303,0,1304,G
6-NA,1385,1,1,0,1248,1250,C
6-NA,1386,2,3,1262,0,1267,G
6-NA,1387,1,1,1245,0,1247,G
6-NA,1388,1227,1,3,0,1231,A
6-NA,1389,1,1,0,1220,1222,C
6-NA,1390,1226,0,0,0,1226,A
6-NA,1391,0,1192,0,3,1195,T
6-NA,1392,1,0,1,1186,1188,C
6-NA,1393,1176,0,2,0,1178,A
6-NA,1394,1177,0,0,0,1177,A
6-NA,1395,0,1161,0,0,1161,T
6-NA,1396,3,0,0,1140,1143,C
6-NA,1397,0,1096,0,1,1097,T
6-NA,1398,5,0,0,935,940,C
6-NA,1399,935,0,1,0,936,A
6-NA,1400,0,926,0,0,926,T
6-NA,1401,0,0,921,0,921,G
6-NA,1402,0,0,0,907,907,C
6-NA,1403,3,0,1,883,887,C
6-NA,1404,0,790,0,1,791,T
6-NA,1405,785,0,0,0,785,A
6-NA,1406,0,782,0,0,782,T
6-NA,1407,773,0,1,0,774,A
6-NA,1408,0,771,0,0,771,T
6-NA,1409,699,0,0,0,699,A
6-NA,1410,671,0,0,0,671,A
7-M,1,67,0,0,0,67,A
7-M,2,0,68,0,0,68,T
7-M,3,0,0,66,0,66,G
7-M,4,70,0,0,0,70,A
7-M,5,0,0,75,0,75,G
7-M,6,0,0,0,78,78,C
7-M,7,0,0,0,85,85,C
7-M,8,0,117,0,0,117,T
7-M,9,0,120,0,0,120,T
7-M,10,1,0,0,120,121,C
7-M,11,0,122,0,0,122,T
7-M,12,125,0,0,0,125,A
7-M,13,126,0,0,0,126,A
7-M,14,0,0,0,124,124,C
7-M,15,0,0,0,126,126,C
7-M,16,0,0,124,0,124,G
7-M,17,122,0,0,0,122,A
7-M,18,0,0,128,0,128,G
7-M,19,0,0,133,0,133,G
7-M,20,0,133,0,0,133,T
7-M,21,1,0,0,133,134,C
7-M,22,0,1,136,0,137,G
7-M,23,151,0,0,0,151,A
7-M,24,159,0,0,0,159,A
7-M,25,161,0,0,0,161,A
7-M,26,0,0,0,184,184,C
7-M,27,0,0,185,0,185,G
7-M,28,0,185,0,0,185,T
7-M,29,188,0,0,0,188,A
7-M,30,0,188,0,0,188,T
7-M,31,0,0,196,0,196,G
7-M,32,0,196,0,0,196,T
7-M,33,0,217,0,0,217,T
7-M,34,0,2,0,221,223,C
7-M,35,0,227,0,0,227,T
7-M,36,0,0,0,248,248,C
7-M,37,0,248,0,0,248,T
7-M,38,0,0,0,264,264,C
7-M,39,0,265,0,0,265,T
7-M,40,269,0,0,0,269,A
7-M,41,0,268,0,1,269,T
7-M,42,1,0,0,274,275,C
7-M,43,2,0,276,0,278,G
7-M,44,0,281,0,0,281,T
7-M,45,0,281,0,0,281,T
7-M,46,3,0,0,280,283,C
7-M,47,0,0,0,294,294,C
7-M,48,298,0,0,0,298,A
7-M,49,0,299,0,1,300,T
7-M,50,0,0,0,300,300,C
7-M,51,296,0,1,0,297,A
7-M,52,0,2,299,0,301,G
7-M,53,0,0,299,0,299,G
7-M,54,0,0,0,301,301,C
7-M,55,0,0,0,301,301,C
7-M,56,0,0,0,307,307,C
7-M,57,0,0,0,320,320,C
7-M,58,1,0,0,321,322,C
7-M,59,0,322,0,0,322,T
7-M,60,0,0,0,322,322,C
7-M,61,325,0,0,0,325,A
7-M,62,326,0,0,0,326,A
7-M,63,328,0,1,1,330,A
7-M,64,0,0,338,0,338,G
7-M,65,0,0,0,335,335,C
7-M,66,0,0,0,337,337,C
7-M,67,0,1,335,0,336,G
7-M,68,334,0,1,0,335,A
7-M,69,0,3,336,0,339,G
7-M,70,337,0,0,0,337,A
7-M,71,0,340,0,0,340,T
7-M,72,0,0,0,342,342,C
7-M,73,0,0,344,0,344,G
7-M,74,0,0,0,346,346,C
7-M,75,0,0,349,0,349,G
7-M,76,0,0,0,346,346,C
7-M,77,347,0,0,0,347,A
7-M,78,0,0,347,0,347,G
7-M,79,345,0,1,0,346,A
7-M,80,0,0,377,0,377,G
7-M,81,375,0,0,0,375,A
7-M,82,0,0,0,382,382,C
7-M,83,0,384,0,0,384,T
7-M,84,0,383,0,0,383,T
7-M,85,0,0,385,0,385,G
7-M,86,388,0,0,0,388,A
7-M,87,386,0,0,0,386,A
7-M,88,0,0,380,0,380,G
7-M,89,377,0,0,0,377,A
7-M,90,0,384,0,0,384,T
7-M,91,0,1,384,0,385,G
7-M,92,0,382,0,1,383,T
7-M,93,0,0,0,380,380,C
7-M,94,0,379,0,0,379,T
7-M,95,1,378,0,0,379,T
7-M,96,0,381,0,0,381,T
7-M,97,0,0,379,0,379,G
7-M,98,1,0,0,378,379,C
7-M,99,0,379,0,0,379,T
7-M,100,0,1,380,0,381,G
7-M,101,0,2,374,0,376,G
7-M,102,0,1,387,0,388,G
7-M,103,390,0,0,0,390,A
7-M,104,389,0,0,0,389,A
7-M,105,394,0,0,0,394,A
7-M,106,391,0,1,0,392,A
7-M,107,396,0,0,0,396,A
7-M,108,0,0,0,403,403,C
7-M,109,398,0,1,0,399,A
7-M,110,0,0,0,402,402,C
7-M,111,398,0,0,0,398,A
7-M,112,0,1,412,0,413,G
7-M,113,412,0,0,0,412,A
7-M,114,0,423,0,0,423,T
7-M,115,1,0,0,428,429,C
7-M,116,0,425,0,1,426,T
7-M,117,0,425,0,0,425,T
7-M,118,0,0,423,0,423,G
7-M,119,425,0,0,0,425,A
7-M,120,0,0,427,0,427,G
7-M,121,0,0,419,0,419,G
7-M,122,0,1,0,424,425,C
7-M,123,0,422,0,0,422,T
7-M,124,0,0,0,466,466,C
7-M,125,0,468,0,0,468,T
7-M,126,0,0,0,475,475,C
7-M,127,471,0,0,0,471,A
7-M,128,0,470,0,1,471,T
7-M,129,0,1,471,0,472,G
7-M,130,0,1,474,0,475,G
7-M,131,467,0,0,0,467,A
7-M,132,471,0,0,0,471,A
7-M,133,0,458,0,0,458,T
7-M,134,0,0,475,0,475,G
7-M,135,0,0,495,0,495,G
7-M,136,0,0,0,499,499,C
7-M,137,0,498,0,0,498,T
7-M,138,497,0,0,0,497,A
7-M,139,496,0,0,0,496,A
7-M,140,501,0,0,0,501,A
7-M,141,0,0,510,0,510,G
7-M,142,510,0,0,0,510,A
7-M,143,0,0,0,509,509,C
7-M,144,487,0,0,0,487,A
7-M,145,484,0,1,0,485,A
7-M,146,0,1,498,0,499,G
7-M,147,498,0,0,0,498,A
7-M,148,0,1,0,502,503,C
7-M,149,1,0,0,500,501,C
7-M,150,501,0,0,0,501,A
7-M,151,507,0,0,0,507,A
7-M,152,0,508,0,0,508,T
7-M,153,0,515,0,1,516,T
7-M,154,0,1,0,520,521,C
7-M,155,0,520,0,0,520,T
7-M,156,0,0,519,0,519,G
7-M,157,0,522,0,0,522,T
7-M,158,0,0,0,521,521,C
7-M,159,520,0,0,0,520,A
7-M,160,0,0,0,531,531,C
7-M,161,0,0,0,535,535,C
7-M,162,0,533,0,0,533,T
7-M,163,1,0,0,532,533,C
7-M,164,0,532,0,0,532,T
7-M,165,1,2,552,0,555,G
7-M,166,555,0,1,0,556,A
7-M,167,0,0,0,560,560,C
7-M,168,0,559,0,0,559,T
7-M,169,552,0,0,0,552,A
7-M,170,551,0,1,0,552,A
7-M,171,0,1,556,0,557,G
7-M,172,0,0,550,0,550,G
7-M,173,0,1,551,0,552,G
7-M,174,0,0,553,0,553,G
7-M,175,549,0,0,0,549,A
7-M,176,0,553,0,0,553,T
7-M,177,0,558,0,0,558,T
7-M,178,0,561,0,0,561,T
7-M,179,0,562,0,0,562,T
7-M,180,0,1,558,0,559,G
7-M,181,1,2,557,0,560,G
7-M,182,0,2,554,0,556,G
7-M,183,0,1,558,0,559,G
7-M,184,0,548,0,0,548,T
7-M,185,0,555,0,0,555,T
7-M,186,0,555,0,0,555,T
7-M,187,0,0,558,0,558,G
7-M,188,0,556,0,0,556,T
7-M,189,0,554,1,0,555,T
7-M,190,0,561,0,0,561,T
7-M,191,0,566,1,0,567,T
7-M,192,1,0,0,575,576,C
7-M,193,575,0,1,0,576,A
7-M,194,0,0,0,582,582,C
7-M,195,0,0,574,0,574,G
7-M,196,0,0,0,577,577,C
7-M,197,0,572,0,1,573,T
7-M,198,3,0,0,601,604,C
7-M,199,604,0,0,0,604,A
7-M,200,0,0,0,612,612,C
7-M,201,0,0,0,617,617,C
7-M,202,0,0,615,0,615,G
7-M,203,0,617,0,1,618,T
7-M,204,1,0,623,0,624,G
7-M,205,0,0,0,625,625,C
7-M,206,0,0,0,631,631,C
7-M,207,0,0,0,638,638,C
7-M,208,631,0,0,0,631,A
7-M,209,0,0,637,0,637,G
7-M,210,0,630,0,1,631,T
7-M,211,0,5,632,0,637,G
7-M,212,649,0,0,0,649,A
7-M,213,0,1,651,0,652,G
7-M,214,0,1,0,644,645,C
7-M,215,0,1,656,0,657,G
7-M,216,649,0,0,0,649,A
7-M,217,1,0,653,0,654,G
7-M,218,0,1,654,0,655,G
7-M,219,653,0,1,0,654,A
7-M,220,0,1,0,667,668,C
7-M,221,0,665,0,0,665,T
7-M,222,0,0,664,0,664,G
7-M,223,0,0,0,660,660,C
7-M,224,663,0,1,0,664,A
7-M,225,0,0,673,0,673,G
7-M,226,0,0,0,673,673,C
7-M,227,0,0,679,0,679,G
7-M,228,0,681,0,0,681,T
7-M,229,675,0,1,0,676,A
7-M,230,0,0,672,0,672,G
7-M,231,671,0,0,0,671,A
7-M,232,1,0,0,674,675,C
7-M,233,1,0,673,0,674,G
7-M,234,1,0,0,671,672,C
7-M,235,0,661,0,1,662,T
7-M,236,0,667,0,0,667,T
7-M,237,0,669,0,0,669,T
7-M,238,0,0,688,0,688,G
7-M,239,0,691,0,0,691,T
7-M,240,0,1,0,688,689,C
7-M,241,3,0,0,681,684,C
7-M,242,691,0,0,0,691,A
7-M,243,689,0,0,0,689,A
7-M,244,693,0,0,0,693,A
7-M,245,684,0,0,0,684,A
7-M,246,0,688,0,0,688,T
7-M,247,0,0,683,0,683,G
7-M,248,0,0,0,682,682,C
7-M,249,3,0,0,682,685,C
7-M,250,1,0,0,692,693,C
7-M,251,0,687,0,1,688,T
7-M,252,2,0,0,712,714,C
7-M,253,716,0,0,0,716,A
7-M,254,718,0,0,0,718,A
7-M,255,0,724,0,0,724,T
7-M,256,0,0,725,0,725,G
7-M,257,0,1,729,0,730,G
7-M,258,0,3,738,0,741,G
7-M,259,741,0,0,0,741,A
7-M,260,743,0,0,0,743,A
7-M,261,0,732,0,0,732,T
7-M,262,1,0,730,0,731,G
7-M,263,0,0,730,0,730,G
7-M,264,725,0,2,0,727,A
7-M,265,0,2,722,0,724,G
7-M,266,722,0,0,0,722,A
7-M,267,1,0,0,710,711,C
7-M,268,1,0,0,746,747,C
7-M,269,1,0,0,752,753,C
7-M,270,762,0,0,0,762,A
7-M,271,764,0,0,0,764,A
7-M,272,756,1,0,0,757,A
7-M,273,0,764,0,0,764,T
7-M,274,774,0,0,0,774,A
7-M,275,781,0,0,0,781,A
7-M,276,0,0,0,769,769,C
7-M,277,763,0,1,0,764,A
7-M,278,0,764,0,0,764,T
7-M,279,0,1,771,0,772,G
7-M,280,0,0,771,0,771,G
7-M,281,768,1,2,0,771,A
7-M,282,1,0,0,771,772,C
7-M,283,754,0,1,0,755,A
7-M,284,753,0,1,0,754,A
7-M,285,746,0,1,0,747,A
7-M,286,0,0,753,0,753,G
7-M,287,0,0,0,763,763,C
7-M,288,753,0,0,0,753,A
7-M,289,0,0,767,0,767,G
7-M,290,0,760,0,0,760,T
7-M,291,0,767,0,0,767,T
7-M,292,764,0,0,0,764,A
7-M,293,765,0,0,0,765,A
7-M,294,773,0,0,0,773,A
7-M,295,1,0,0,779,780,C
7-M,296,0,763,0,0,763,T
7-M,297,0,0,848,0,848,G
7-M,298,0,838,0,0,838,T
7-M,299,851,0,0,0,851,A
7-M,300,0,850,0,0,850,T
7-M,301,848,0,0,0,848,A
7-M,302,0,1,848,0,849,G
7-M,303,0,2,838,0,840,G
7-M,304,842,0,0,0,842,A
7-M,305,838,0,0,0,838,A
7-M,306,816,0,0,1,817,A
7-M,307,1,0,0,826,827,C
7-M,308,0,824,0,1,825,T
7-M,309,0,829,0,0,829,T
7-M,310,827,0,0,0,827,A
7-M,311,821,0,0,0,821,A
7-M,312,0,0,823,0,823,G
7-M,313,824,0,0,0,824,A
7-M,314,0,2,817,0,819,G
7-M,315,0,3,826,0,829,G
7-M,316,0,2,825,0,827,G
7-M,317,825,0,0,0,825,A
7-M,318,0,0,829,0,829,G
7-M,319,826,0,0,0,826,A
7-M,320,0,831,0,0,831,T
7-M,321,830,0,1,0,831,A
7-M,322,834,0,2,0,836,A
7-M,323,0,0,0,845,845,C
7-M,324,0,0,841,0,841,G
7-M,325,0,841,0,0,841,T
7-M,326,0,833,0,1,834,T
7-M,327,2,0,0,834,836,C
7-M,328,1,0,0,831,832,C
7-M,329,828,0,0,0,828,A
7-M,330,0,834,0,2,836,T
7-M,331,0,1,827,0,828,G
7-M,332,0,1,824,0,825,G
7-M,333,1,0,823,0,824,G
7-M,334,0,1,835,0,836,G
7-M,335,1,0,0,838,839,C
7-M,336,3,0,0,831,834,C
7-M,337,842,0,0,0,842,A
7-M,338,838,0,0,0,838,A
7-M,339,843,0,0,0,843,A
7-M,340,0,1,855,0,856,G
7-M,341,860,0,0,0,860,A
7-M,342,848,0,1,0,849,A
7-M,343,852,0,0,0,852,A
7-M,344,0,851,0,0,851,T
7-M,345,850,0,3,0,853,A
7-M,346,0,0,845,0,845,G
7-M,347,0,0,0,853,853,C
7-M,348,0,845,0,0,845,T
7-M,349,2,0,0,839,841,C
7-M,350,0,838,0,1,839,T
7-M,351,5,0,0,858,863,C
7-M,352,866,0,0,0,866,A
7-M,353,0,0,861,0,861,G
7-M,354,0,857,0,0,857,T
7-M,355,0,868,0,0,868,T
7-M,356,860,0,0,0,860,A
7-M,357,0,859,0,0,859,T
7-M,358,0,857,0,1,858,T
7-M,359,1,0,0,862,863,C
7-M,360,0,844,0,0,844,T
7-M,361,1,0,855,0,856,G
7-M,362,0,0,0,853,853,C
7-M,363,0,848,0,1,849,T
7-M,364,2,0,844,0,846,G
7-M,365,0,1,845,0,846,G
7-M,366,0,845,1,2,848,T
7-M,367,0,2,848,0,850,G
7-M,368,0,1,0,844,845,C
7-M,369,850,0,1,0,851,A
7-M,370,0,0,0,854,854,C
7-M,371,0,843,0,0,843,T
7-M,372,0,856,0,0,856,T
7-M,373,0,0,851,1,852,G
7-M,374,0,0,0,850,850,C
7-M,375,1,0,0,851,852,C
7-M,376,849,0,0,0,849,A
7-M,377,1,1,860,0,862,G
7-M,378,0,859,0,1,860,T
7-M,379,0,865,0,0,865,T
7-M,380,0,0,868,0,868,G
7-M,381,0,0,0,862,862,C
7-M,382,861,0,2,0,863,A
7-M,383,0,859,0,1,860,T
7-M,384,0,4,847,0,851,G
7-M,385,0,0,869,0,869,G
7-M,386,3,0,870,0,873,G
7-M,387,0,0,0,881,881,C
7-M,388,2,0,0,905,907,C
7-M,389,0,905,0,2,907,T
7-M,390,2,0,0,925,927,C
7-M,391,966,0,0,0,966,A
7-M,392,0,967,0,0,967,T
7-M,393,1011,0,0,0,1011,A
7-M,394,0,1003,0,0,1003,T
7-M,395,986,0,0,0,986,A
7-M,396,0,0,0,1037,1037,C
7-M,397,1000,0,0,0,1000,A
7-M,398,998,0,0,0,998,A
7-M,399,0,980,0,0,980,T
7-M,400,954,0,1,0,955,A
7-M,401,0,2,960,0,962,G
7-M,402,3,1,950,0,954,G
7-M,403,937,0,0,0,937,A
7-M,404,0,944,0,1,945,T
7-M,405,0,2,904,0,906,G
7-M,406,0,2,897,1,900,G
7-M,407,0,2,887,0,889,G
7-M,408,0,2,903,0,905,G
7-M,409,1,1,910,0,912,G
7-M,410,0,0,0,905,905,C
7-M,411,0,907,0,0,907,T
7-M,412,0,1,908,0,909,G
7-M,413,0,913,0,1,914,T
7-M,414,919,0,1,0,920,A
7-M,415,909,0,1,0,910,A
7-M,416,0,0,0,927,927,C
7-M,417,3,0,0,908,911,C
7-M,418,897,0,0,0,897,A
7-M,419,1,0,0,897,898,C
7-M,420,1,897,0,1,899,T
7-M,421,0,0,907,0,907,G
7-M,422,895,1,0,0,896,A
7-M,423,894,0,1,0,895,A
7-M,424,0,0,906,0,906,G
7-M,425,0,899,0,2,901,T
7-M,426,1,2,896,0,899,G
7-M,427,0,0,893,0,893,G
7-M,428,0,0,0,903,903,C
7-M,429,894,0,0,0,894,A
7-M,430,0,895,0,0,895,T
7-M,431,0,897,0,0,897,T
7-M,432,0,902,0,1,903,T
7-M,433,0,2,917,0,919,G
7-M,434,1,1,923,0,925,G
7-M,435,0,0,0,917,917,C
7-M,436,2,0,0,919,921,C
7-M,437,0,917,0,4,921,T
7-M,438,0,1,954,0,955,G
7-M,439,2,0,963,0,965,G
7-M,440,0,957,0,0,957,T
7-M,441,978,0,0,0,978,A
7-M,442,2,952,0,0,954,T
7-M,443,0,1,966,2,969,G
7-M,444,0,973,0,2,975,T
7-M,445,0,1,971,0,972,G
7-M,446,0,0,1,980,981,C
7-M,447,941,0,2,0,943,A
7-M,448,942,0,0,0,942,A
7-M,449,1,0,0,943,944,C
7-M,450,941,0,0,0,941,A
7-M,451,0,944,0,1,945,T
7-M,452,0,0,938,0,938,G
7-M,453,0,919,0,0,919,T
7-M,454,1,3,916,0,920,G
7-M,455,918,0,0,0,918,A
7-M,456,0,0,918,0,918,G
7-M,457,0,0,0,918,918,C
7-M,458,892,0,0,0,892,A
7-M,459,0,4,894,0,898,G
7-M,460,894,0,0,0,894,A
7-M,461,0,902,0,0,902,T
7-M,462,0,902,0,0,902,T
7-M,463,0,0,915,0,915,G
7-M,464,0,1,0,913,914,C
7-M,465,0,915,0,1,916,T
7-M,466,0,6,905,0,911,G
7-M,467,905,0,2,0,907,A
7-M,468,1,0,0,953,954,C
7-M,469,0,952,0,0,952,T
7-M,470,2,0,0,957,959,C
7-M,471,1,0,0,960,961,C
7-M,472,0,0,0,964,964,C
7-M,473,961,2,1,0,964,A
7-M,474,3,2,960,0,965,G
7-M,475,0,0,0,971,971,C
7-M,476,971,0,0,0,971,A
7-M,477,1,0,0,969,970,C
7-M,478,920,0,0,0,920,A
7-M,479,0,2,937,0,939,G
7-M,480,0,0,938,0,938,G
7-M,481,0,935,0,3,938,T
7-M,482,3,0,0,943,946,C
7-M,483,0,936,0,2,938,T
7-M,484,1,0,0,937,938,C
7-M,485,942,0,1,0,943,A
7-M,486,0,948,0,0,948,T
7-M,487,937,0,1,0,938,A
7-M,488,0,1,938,0,939,G
7-M,489,0,0,937,0,937,G
7-M,490,1,0,0,934,935,C
7-M,491,928,0,0,0,928,A
7-M,492,933,0,0,0,933,A
7-M,493,922,0,0,0,922,A
7-M,494,0,929,0,0,929,T
7-M,495,1,2,926,0,929,G
7-M,496,0,0,923,0,923,G
7-M,497,0,906,0,1,907,T
7-M,498,0,0,929,0,929,G
7-M,499,0,0,913,0,913,G
7-M,500,1,1,0,924,926,C
7-M,501,930,0,0,0,930,A
7-M,502,923,0,1,0,924,A
7-M,503,0,0,0,940,940,C
7-M,504,939,0,0,0,939,A
7-M,505,936,0,1,0,937,A
7-M,506,0,0,0,944,944,C
7-M,507,2,0,0,935,937,C
7-M,508,932,0,0,0,932,A
7-M,509,937,0,0,0,937,A
7-M,510,0,943,0,0,943,T
7-M,511,2,0,0,938,940,C
7-M,512,1,1,0,935,937,C
7-M,513,940,0,0,0,940,A
7-M,514,0,936,0,0,936,T
7-M,515,0,946,0,1,947,T
7-M,516,951,0,0,0,951,A
7-M,517,949,0,0,0,949,A
7-M,518,0,945,0,0,945,T
7-M,519,951,0,0,0,951,A
7-M,520,945,0,0,0,945,A
7-M,521,1,2,946,0,949,G
7-M,522,941,0,1,0,942,A
7-M,523,0,1,0,963,964,C
7-M,524,958,0,1,0,959,A
7-M,525,0,952,0,0,952,T
7-M,526,0,3,957,0,960,G
7-M,527,946,0,0,0,946,A
7-M,528,0,5,957,0,962,G
7-M,529,941,0,3,1,945,A
7-M,530,945,1,0,0,946,A
7-M,531,0,0,0,947,947,C
7-M,532,924,0,0,0,924,A
7-M,533,0,0,939,0,939,G
7-M,534,934,0,0,0,934,A
7-M,535,926,0,3,0,929,A
7-M,536,0,940,0,0,940,T
7-M,537,1,4,926,0,931,G
7-M,538,0,0,933,0,933,G
7-M,539,0,919,0,0,919,T
7-M,540,0,917,0,0,917,T
7-M,541,0,935,0,0,935,T
7-M,542,0,939,0,0,939,T
7-M,543,0,2,933,0,935,G
7-M,544,0,0,936,0,936,G
7-M,545,0,1,0,925,926,C
7-M,546,0,0,0,932,932,C
7-M,547,923,0,1,0,924,A
7-M,548,0,0,954,0,954,G
7-M,549,0,0,0,952,952,C
7-M,550,959,0,1,0,960,A
7-M,551,0,0,0,979,979,C
7-M,552,0,974,0,1,975,T
7-M,553,981,0,0,0,981,A
7-M,554,0,1,0,994,995,C
7-M,555,995,0,2,0,997,A
7-M,556,0,0,1007,0,1007,G
7-M,557,0,0,0,986,986,C
7-M,558,0,974,0,0,974,T
7-M,559,976,0,1,0,977,A
7-M,560,964,0,0,0,964,A
7-M,561,0,2,968,0,970,G
7-M,562,0,1,971,0,972,G
7-M,563,0,0,0,967,967,C
7-M,564,0,928,0,1,929,T
7-M,565,921,0,0,0,921,A
7-M,566,0,922,0,0,922,T
7-M,567,0,1,928,0,929,G
7-M,568,1,3,922,0,926,G
7-M,569,910,0,1,0,911,A
7-M,570,0,0,918,0,918,G
7-M,571,0,0,0,896,896,C
7-M,572,892,0,0,0,892,A
7-M,573,891,0,0,0,891,A
7-M,574,875,0,3,0,878,A
7-M,575,0,896,0,0,896,T
7-M,576,0,2,891,0,893,G
7-M,577,1,0,870,0,871,G
7-M,578,0,0,0,879,879,C
7-M,579,0,877,0,1,878,T
7-M,580,0,3,872,0,875,G
7-M,581,0,1,884,0,885,G
7-M,582,881,0,0,0,881,A
7-M,583,0,876,0,1,877,T
7-M,584,4,0,0,884,888,C
7-M,585,887,0,0,0,887,A
7-M,586,888,0,0,0,888,A
7-M,587,0,1,896,0,897,G
7-M,588,0,891,0,0,891,T
7-M,589,0,0,894,0,894,G
7-M,590,866,0,0,0,866,A
7-M,591,0,0,871,0,871,G
7-M,592,0,1,0,873,874,C
7-M,593,871,0,0,0,871,A
7-M,594,0,1,869,0,870,G
7-M,595,2,0,863,0,865,G
7-M,596,0,0,0,870,870,C
7-M,597,872,0,0,0,872,A
7-M,598,0,0,867,0,867,G
7-M,599,0,0,0,861,861,C
7-M,600,0,859,1,1,861,T
7-M,601,0,1,875,0,876,G
7-M,602,877,0,2,0,879,A
7-M,603,0,0,882,0,882,G
7-M,604,0,0,881,0,881,G
7-M,605,1,0,0,872,873,C
7-M,606,2,0,0,872,874,C
7-M,607,857,0,0,0,857,A
7-M,608,0,863,1,0,864,T
7-M,609,0,2,863,0,865,G
7-M,610,0,2,864,0,866,G
7-M,611,855,0,2,0,857,A
7-M,612,0,1,864,0,865,G
7-M,613,838,0,1,0,839,A
7-M,614,0,851,0,0,851,T
7-M,615,0,851,0,0,851,T
7-M,616,0,0,842,0,842,G
7-M,617,0,0,0,842,842,C
7-M,618,0,840,0,1,841,T
7-M,619,842,0,0,0,842,A
7-M,620,0,1,837,0,838,G
7-M,621,0,826,0,0,826,T
7-M,622,4,0,0,830,834,C
7-M,623,815,0,1,0,816,A
7-M,624,0,3,821,0,824,G
7-M,625,0,0,818,0,818,G
7-M,626,0,1,0,823,824,C
7-M,627,1,0,0,824,825,C
7-M,628,816,0,2,0,818,A
7-M,629,0,2,828,0,830,G
7-M,630,0,0,825,0,825,G
7-M,631,3,0,0,820,823,C
7-M,632,827,0,1,0,828,A
7-M,633,0,1,823,0,824,G
7-M,634,809,0,1,0,810,A
7-M,635,0,816,0,0,816,T
7-M,636,1,2,818,0,821,G
7-M,637,1,0,845,0,846,G
7-M,638,0,826,0,0,826,T
7-M,639,0,0,834,0,834,G
7-M,640,1,0,0,829,830,C
7-M,641,825,1,0,0,826,A
7-M,642,0,2,846,0,848,G
7-M,643,0,0,844,0,844,G
7-M,644,1,0,0,845,846,C
7-M,645,839,0,0,0,839,A
7-M,646,813,0,0,0,813,A
7-M,647,0,810,0,1,811,T
7-M,648,1,1,804,0,806,G
7-M,649,807,0,0,0,807,A
7-M,650,0,0,810,0,810,G
7-M,651,773,0,2,0,775,A
7-M,652,1,1,780,0,782,G
7-M,653,0,0,0,796,796,C
7-M,654,1,0,0,805,806,C
7-M,655,820,0,0,0,820,A
7-M,656,0,822,0,0,822,T
7-M,657,0,819,0,0,819,T
7-M,658,1,4,810,0,815,G
7-M,659,1,2,809,0,812,G
7-M,660,0,2,802,0,804,G
7-M,661,805,0,0,0,805,A
7-M,662,0,0,0,802,802,C
7-M,663,0,768,0,1,769,T
7-M,664,1,0,0,772,773,C
7-M,665,780,0,1,0,781,A
7-M,666,0,798,0,2,800,T
7-M,667,3,0,0,801,804,C
7-M,668,0,0,0,804,804,C
7-M,669,0,795,0,0,795,T
7-M,670,795,0,0,0,795,A
7-M,671,0,0,802,0,802,G
7-M,672,0,857,0,0,857,T
7-M,673,0,836,0,0,836,T
7-M,674,5,0,0,845,850,C
7-M,675,1,0,0,822,823,C
7-M,676,819,0,0,0,819,A
7-M,677,0,0,825,0,825,G
7-M,678,0,834,0,0,834,T
7-M,679,815,0,0,0,815,A
7-M,680,0,0,0,814,814,C
7-M,681,0,706,0,0,706,T
7-M,682,0,1,741,0,742,G
7-M,683,0,0,752,0,752,G
7-M,684,0,750,0,0,750,T
7-M,685,2,0,0,756,758,C
7-M,686,0,746,0,1,747,T
7-M,687,749,0,0,0,749,A
7-M,688,747,0,0,0,747,A
7-M,689,0,1,756,0,757,G
7-M,690,746,0,0,0,746,A
7-M,691,0,1,735,0,736,G
7-M,692,701,0,0,0,701,A
7-M,693,0,704,0,1,705,T
7-M,694,0,0,701,0,701,G
7-M,695,699,0,0,0,699,A
7-M,696,0,692,0,1,693,T
7-M,697,1,1,0,696,698,C
7-M,698,0,684,0,0,684,T
7-M,699,0,693,0,0,693,T
7-M,700,2,0,0,695,697,C
7-M,701,0,689,0,0,689,T
7-M,702,0,691,0,0,691,T
7-M,703,0,3,692,0,695,G
7-M,704,688,0,0,0,688,A
7-M,705,685,0,0,0,685,A
7-M,706,694,0,0,0,694,A
7-M,707,691,0,0,0,691,A
7-M,708,0,688,0,0,688,T
7-M,709,0,682,0,0,682,T
7-M,710,0,691,0,1,692,T
7-M,711,0,0,690,0,690,G
7-M,712,0,1,0,690,691,C
7-M,713,690,0,1,0,691,A
7-M,714,0,1,693,0,694,G
7-M,715,683,0,0,0,683,A
7-M,716,1,0,1,698,700,C
7-M,717,0,0,0,699,699,C
7-M,718,2,691,0,0,693,T
7-M,719,707,0,0,0,707,A
7-M,720,0,702,0,2,704,T
7-M,721,2,0,0,701,703,C
7-M,722,701,0,1,0,702,A
7-M,723,0,2,702,0,704,G
7-M,724,704,0,0,0,704,A
7-M,725,678,0,0,0,678,A
7-M,726,678,0,0,0,678,A
7-M,727,0,1,0,679,680,C
7-M,728,0,3,681,1,685,G
7-M,729,673,0,1,0,674,A
7-M,730,676,0,0,0,676,A
7-M,731,0,678,0,0,678,T
7-M,732,0,0,678,0,678,G
7-M,733,0,0,683,0,683,G
7-M,734,0,1,678,0,679,G
7-M,735,0,0,683,0,683,G
7-M,736,0,0,689,0,689,G
7-M,737,0,664,0,0,664,T
7-M,738,1,0,664,0,665,G
7-M,739,0,0,0,668,668,C
7-M,740,660,0,1,0,661,A
7-M,741,0,0,673,0,673,G
7-M,742,663,0,0,0,663,A
7-M,743,0,659,0,0,659,T
7-M,744,0,0,664,0,664,G
7-M,745,0,0,0,658,658,C
7-M,746,658,0,0,0,658,A
7-M,747,655,0,1,0,656,A
7-M,748,0,0,1,658,659,C
7-M,749,0,2,655,0,657,G
7-M,750,661,0,0,0,661,A
7-M,751,0,660,0,0,660,T
7-M,752,0,664,0,0,664,T
7-M,753,1,0,0,665,666,C
7-M,754,659,0,0,0,659,A
7-M,755,661,0,1,0,662,A
7-M,756,1,0,662,0,663,G
7-M,757,0,650,0,0,650,T
7-M,758,0,2,644,0,646,G
7-M,759,640,0,0,0,640,A
7-M,760,0,0,0,638,638,C
7-M,761,1,1,0,636,638,C
7-M,762,0,0,0,636,636,C
7-M,763,1,0,635,0,636,G
7-M,764,0,0,0,631,631,C
7-M,765,0,634,0,0,634,T
7-M,766,1,638,0,1,640,T
7-M,767,0,0,646,0,646,G
7-M,768,0,642,0,1,643,T
7-M,769,0,643,0,0,643,T
7-M,770,0,0,638,0,638,G
7-M,771,0,624,0,0,624,T
7-M,772,0,619,0,0,619,T
7-M,773,3,0,615,0,618,G
7-M,774,0,2,0,612,614,C
7-M,775,1,0,0,613,614,C
7-M,776,0,0,620,0,620,G
7-M,777,0,0,0,615,615,C
7-M,778,0,0,625,0,625,G
7-M,779,618,0,0,0,618,A
7-M,780,619,0,0,0,619,A
7-M,781,0,628,0,0,628,T
7-M,782,627,0,1,0,628,A
7-M,783,0,635,0,1,636,T
7-M,784,2,0,0,636,638,C
7-M,785,637,0,0,0,637,A
7-M,786,0,633,0,0,633,T
7-M,787,1,631,0,0,632,T
7-M,788,0,2,629,0,631,G
7-M,789,0,2,629,0,631,G
7-M,790,0,2,632,0,634,G
7-M,791,637,0,0,0,637,A
7-M,792,0,633,0,1,634,T
7-M,793,0,0,0,618,618,C
7-M,794,0,617,0,0,617,T
7-M,795,0,613,0,1,614,T
7-M,796,0,0,625,0,625,G
7-M,797,0,0,0,621,621,C
7-M,798,619,0,0,0,619,A
7-M,799,0,0,0,626,626,C
7-M,800,0,608,0,0,608,T
7-M,801,0,607,0,1,608,T
7-M,802,0,4,605,0,609,G
7-M,803,607,0,0,0,607,A
7-M,804,0,610,0,0,610,T
7-M,805,597,0,0,0,597,A
7-M,806,0,597,0,0,597,T
7-M,807,0,592,0,0,592,T
7-M,808,0,0,597,0,597,G
7-M,809,0,591,0,1,592,T
7-M,810,0,0,586,0,586,G
7-M,811,0,1,588,0,589,G
7-M,812,570,0,0,0,570,A
7-M,813,0,571,0,0,571,T
7-M,814,0,570,0,1,571,T
7-M,815,3,0,0,563,566,C
7-M,816,0,567,0,1,568,T
7-M,817,0,563,0,0,563,T
7-M,818,0,2,566,0,568,G
7-M,819,554,0,0,0,554,A
7-M,820,0,559,0,0,559,T
7-M,821,4,0,0,547,551,C
7-M,822,0,0,552,0,552,G
7-M,823,1,1,0,539,541,C
7-M,824,2,1,0,548,551,C
7-M,825,0,554,0,1,555,T
7-M,826,0,555,0,0,555,T
7-M,827,0,556,0,0,556,T
7-M,828,0,557,0,0,557,T
7-M,829,0,555,0,1,556,T
7-M,830,0,557,0,0,557,T
7-M,831,0,556,0,0,556,T
7-M,832,2,1,0,555,558,C
7-M,833,556,0,0,0,556,A
7-M,834,556,0,0,0,556,A
7-M,835,551,0,0,0,551,A
7-M,836,0,549,0,0,549,T
7-M,837,0,0,552,0,552,G
7-M,838,0,1,0,553,554,C
7-M,839,2,0,547,0,549,G
7-M,840,0,555,0,1,556,T
7-M,841,2,0,0,555,557,C
7-M,842,0,559,0,0,559,T
7-M,843,556,0,0,0,556,A
7-M,844,0,557,0,0,557,T
7-M,845,0,0,0,553,553,C
7-M,846,0,1,551,0,552,G
7-M,847,551,0,1,0,552,A
7-M,848,0,0,0,552,552,C
7-M,849,0,540,0,0,540,T
7-M,850,1,0,0,544,545,C
7-M,851,0,541,0,1,542,T
7-M,852,0,540,0,0,540,T
7-M,853,0,0,0,539,539,C
7-M,854,540,0,0,0,540,A
7-M,855,538,0,1,0,539,A
7-M,856,537,0,0,0,537,A
7-M,857,0,1,0,539,540,C
7-M,858,533,0,0,0,533,A
7-M,859,1,0,0,510,511,C
7-M,860,0,0,507,0,507,G
7-M,861,0,0,517,0,517,G
7-M,862,0,0,0,510,510,C
7-M,863,0,16,0,499,515,C
7-M,864,0,520,0,1,521,T
7-M,865,0,519,0,0,519,T
7-M,866,522,0,0,0,522,A
7-M,867,522,0,0,0,522,A
7-M,868,518,0,0,1,519,A
7-M,869,1,0,401,0,402,G
7-M,870,0,2,396,0,398,G
7-M,871,0,0,394,0,394,G
7-M,872,0,0,397,0,397,G
7-M,873,0,1,400,0,401,G
7-M,874,1,0,0,395,396,C
7-M,875,1,1,0,388,390,C
7-M,876,0,1,0,398,399,C
7-M,877,0,401,0,0,401,T
7-M,878,0,396,0,0,396,T
7-M,879,0,0,0,397,397,C
7-M,880,0,401,0,0,401,T
7-M,881,398,0,0,0,398,A
7-M,882,0,0,0,399,399,C
7-M,883,0,0,393,0,393,G
7-M,884,0,2,393,0,395,G
7-M,885,381,0,0,0,381,A
7-M,886,377,0,0,0,377,A
7-M,887,0,0,373,0,373,G
7-M,888,0,0,368,0,368,G
7-M,889,353,0,1,0,354,A
7-M,890,0,0,351,0,351,G
7-M,891,0,345,0,1,346,T
7-M,892,0,0,337,0,337,G
7-M,893,2,0,0,335,337,C
7-M,894,1,0,0,334,335,C
7-M,895,0,342,0,0,342,T
7-M,896,0,0,345,0,345,G
7-M,897,338,0,0,0,338,A
7-M,898,0,0,342,0,342,G
7-M,899,0,333,0,0,333,T
7-M,900,0,0,0,334,334,C
7-M,901,0,325,0,0,325,T
7-M,902,324,0,0,0,324,A
7-M,903,0,320,0,0,320,T
7-M,904,0,0,322,0,322,G
7-M,905,319,0,0,0,319,A
7-M,906,0,0,318,0,318,G
7-M,907,0,1,301,0,302,G
7-M,908,0,0,300,0,300,G
7-M,909,300,1,0,0,301,A
7-M,910,298,0,0,0,298,A
7-M,911,0,1,299,0,300,G
7-M,912,298,0,0,0,298,A
7-M,913,297,0,0,0,297,A
7-M,914,0,292,0,0,292,T
7-M,915,280,0,0,0,280,A
7-M,916,0,281,0,0,281,T
7-M,917,0,1,0,279,280,C
7-M,918,0,1,280,0,281,G
7-M,919,281,0,0,0,281,A
7-M,920,276,0,0,0,276,A
7-M,921,277,0,0,0,277,A
7-M,922,0,0,271,0,271,G
7-M,923,0,0,273,0,273,G
7-M,924,270,0,0,0,270,A
7-M,925,271,0,0,0,271,A
7-M,926,0,0,0,269,269,C
7-M,927,269,0,0,0,269,A
7-M,928,0,0,268,0,268,G
7-M,929,0,0,0,270,270,C
7-M,930,268,0,1,0,269,A
7-M,931,0,0,268,0,268,G
7-M,932,247,0,0,0,247,A
7-M,933,248,0,0,0,248,A
7-M,934,0,246,0,0,246,T
7-M,935,0,0,238,0,238,G
7-M,936,0,0,0,232,232,C
7-M,937,0,210,0,0,210,T
7-M,938,0,0,211,0,211,G
7-M,939,0,206,0,0,206,T
7-M,940,0,0,204,0,204,G
7-M,941,0,0,205,0,205,G
7-M,942,195,0,1,0,196,A
7-M,943,0,193,0,2,195,T
7-M,944,0,0,187,0,187,G
7-M,945,1,0,0,181,182,C
7-M,946,0,180,0,0,180,T
7-M,947,0,1,177,0,178,G
7-M,948,174,0,0,0,174,A
7-M,949,0,0,0,174,174,C
7-M,950,0,1,172,1,174,G
7-M,951,168,0,0,0,168,A
7-M,952,0,0,0,167,167,C
7-M,953,160,0,0,0,160,A
7-M,954,0,0,160,0,160,G
7-M,955,0,157,0,0,157,T
7-M,956,1,0,0,153,154,C
7-M,957,156,0,0,0,156,A
7-M,958,0,153,0,1,154,T
7-M,959,0,153,0,0,153,T
7-M,960,0,155,0,0,155,T
7-M,961,0,153,0,0,153,T
7-M,962,0,0,150,0,150,G
7-M,963,0,146,0,1,147,T
7-M,964,0,0,0,147,147,C
7-M,965,138,0,0,0,138,A
7-M,966,0,0,138,0,138,G
7-M,967,0,0,0,139,139,C
7-M,968,139,0,0,0,139,A
7-M,969,0,138,0,0,138,T
7-M,970,134,0,0,0,134,A
7-M,971,0,1,130,0,131,G
7-M,972,128,0,0,0,128,A
7-M,973,0,0,129,0,129,G
7-M,974,0,122,0,0,122,T
7-M,975,0,85,0,0,85,T
7-M,976,0,0,83,0,83,G
7-M,977,0,0,84,0,84,G
7-M,978,84,0,0,0,84,A
7-M,979,0,0,83,0,83,G
7-M,980,0,51,0,0,51,T
7-M,981,49,0,0,0,49,A
7-M,982,49,0,0,0,49,A
8-NS,1,656,0,0,0,656,A
8-NS,2,0,655,0,0,655,T
8-NS,3,0,0,696,0,696,G
8-NS,4,0,2,737,0,739,G
8-NS,5,799,1,0,0,800,A
8-NS,6,0,1542,0,0,1542,T
8-NS,7,0,1549,0,1,1550,T
8-NS,8,2,0,0,1610,1612,C
8-NS,9,0,0,0,1613,1613,C
8-NS,10,1620,0,0,0,1620,A
8-NS,11,1630,0,1,0,1631,A
8-NS,12,0,0,0,1633,1633,C
8-NS,13,1635,0,0,0,1635,A
8-NS,14,0,0,0,1657,1657,C
8-NS,15,0,1660,0,0,1660,T
8-NS,16,0,2,1833,0,1835,G
8-NS,17,0,1842,0,1,1843,T
8-NS,18,1,0,1864,1,1866,G
8-NS,19,0,1878,0,0,1878,T
8-NS,20,9,1,1,1866,1877,C
8-NS,21,1879,0,0,0,1879,A
8-NS,22,1877,0,1,0,1878,A
8-NS,23,1,0,1902,0,1903,G
8-NS,24,0,1954,0,0,1954,T
8-NS,25,0,1963,0,1,1964,T
8-NS,26,0,1971,0,0,1971,T
8-NS,27,2,0,0,1974,1976,C
8-NS,28,1,0,0,1990,1991,C
8-NS,29,1978,1,1,1,1981,A
8-NS,30,0,7,2000,0,2007,G
8-NS,31,2,3,2009,0,2014,G
8-NS,32,0,1970,0,1,1971,T
8-NS,33,2023,0,0,1,2024,A
8-NS,34,0,4,2047,0,2051,G
8-NS,35,2029,0,3,0,2032,A
8-NS,36,0,2056,0,0,2056,T
8-NS,37,0,2056,0,0,2056,T
8-NS,38,0,1,2081,0,2082,G
8-NS,39,1,0,0,2074,2075,C
8-NS,40,0,2076,0,4,2080,T
8-NS,41,0,2103,0,1,2104,T
8-NS,42,0,2109,0,1,2110,T
8-NS,43,2,0,0,2141,2143,C
8-NS,44,0,2138,0,2,2140,T
8-NS,45,1,2129,0,0,2130,T
8-NS,46,0,2137,0,1,2138,T
8-NS,47,0,4,2154,0,2158,G
8-NS,48,0,3,2144,0,2147,G
8-NS,49,0,0,0,2150,2150,C
8-NS,50,2153,0,4,0,2157,A
8-NS,51,0,2162,0,1,2163,T
8-NS,52,2185,0,1,0,2186,A
8-NS,53,0,2232,0,2,2234,T
8-NS,54,1,0,0,2236,2237,C
8-NS,55,1,3,0,2229,2233,C
8-NS,56,3,2,2229,0,2234,G
8-NS,57,0,3,2232,0,2235,G
8-NS,58,2242,0,0,0,2242,A
8-NS,59,2252,0,1,0,2253,A
8-NS,60,2260,0,3,0,2263,A
8-NS,61,1,0,0,2296,2297,C
8-NS,62,2292,0,1,0,2293,A
8-NS,63,2279,0,6,1,2286,A
8-NS,64,0,2,2387,0,2389,G
8-NS,65,1,2400,0,1,2402,T
8-NS,66,0,2395,0,0,2395,T
8-NS,67,1,1,2403,0,2405,G
8-NS,68,0,2405,0,2,2407,T
8-NS,69,2409,0,0,0,2409,A
8-NS,70,1,6,2404,2,2413,G
8-NS,71,2584,0,1,0,2585,A
8-NS,72,1,1,0,2628,2630,C
8-NS,73,6,1,0,2605,2612,C
8-NS,74,2609,0,0,0,2609,A
8-NS,75,2615,0,3,0,2618,A
8-NS,76,0,11,2756,1,2768,G
8-NS,77,2748,0,4,0,2752,A
8-NS,78,2788,1,2,0,2791,A
8-NS,79,0,1,0,2802,2803,C
8-NS,80,0,2756,0,0,2756,T
8-NS,81,0,11,2786,0,2797,G
8-NS,82,2768,0,1,0,2769,A
8-NS,83,0,1,2863,0,2864,G
8-NS,84,0,2838,0,1,2839,T
8-NS,85,1,7,2818,0,2826,G
8-NS,86,2845,0,2,0,2847,A
8-NS,87,1,2850,0,0,2851,T
8-NS,88,3,1,2900,0,2904,G
8-NS,89,0,0,0,2951,2951,C
8-NS,90,6,2,0,2957,2965,C
8-NS,91,5,0,0,2972,2977,C
8-NS,92,7,0,1,2960,2968,C
8-NS,93,2983,0,0,2,2985,A
8-NS,94,0,3034,0,7,3041,T
8-NS,95,0,3098,0,0,3098,T
8-NS,96,3,0,0,3095,3098,C
8-NS,97,5,0,0,3094,3099,C
8-NS,98,1,3077,0,10,3088,T
8-NS,99,0,3084,0,0,3084,T
8-NS,100,0,7,3082,0,3089,G
8-NS,101,3055,1,1,0,3057,A
8-NS,102,0,3081,0,1,3082,T
8-NS,103,12,0,0,3071,3083,C
8-NS,104,2,2,3045,1,3050,G
8-NS,105,0,0,3060,0,3060,G
8-NS,106,0,0,0,3098,3098,C
8-NS,107,0,3079,0,5,3084,T
8-NS,108,1,3104,0,0,3105,T
8-NS,109,4,1,1,3108,3114,C
8-NS,110,1,1,3103,0,3105,G
8-NS,111,2,2,0,3110,3114,C
8-NS,112,1,1,1,3123,3126,C
8-NS,113,2,4,3136,0,3142,G
8-NS,114,3091,0,0,0,3091,A
8-NS,115,0,7,3247,0,3254,G
8-NS,116,3239,0,1,0,3240,A
8-NS,117,0,3271,0,0,3271,T
8-NS,118,9,2,0,3262,3273,C
8-NS,119,3261,0,1,0,3262,A
8-NS,120,0,3,3281,0,3284,G
8-NS,121,3262,0,4,0,3266,A
8-NS,122,0,9,3255,0,3264,G
8-NS,123,0,3,3330,0,3333,G
8-NS,124,0,3345,0,3,3348,T
8-NS,125,8,0,0,3536,3544,C
8-NS,126,5,1,0,3552,3558,C
8-NS,127,21,1,0,3579,3601,C
8-NS,128,0,3596,0,2,3598,T
8-NS,129,3596,0,2,0,3598,A
8-NS,130,3567,0,2,0,3569,A
8-NS,131,0,12,3624,0,3636,G
8-NS,132,0,10,3603,0,3613,G
8-NS,133,0,4,3587,0,3591,G
8-NS,134,1,7,3544,0,3552,G
8-NS,135,3525,0,2,0,3527,A
8-NS,136,3562,0,5,0,3567,A
8-NS,137,1,3,3591,1,3596,G
8-NS,138,3659,0,7,0,3666,A
8-NS,139,1,6,3695,0,3702,G
8-NS,140,2,0,3687,0,3689,G
8-NS,141,1,0,0,3741,3742,C
8-NS,142,3734,0,4,0,3738,A
8-NS,143,3745,0,2,1,3748,A
8-NS,144,0,3778,1,0,3779,T
8-NS,145,3805,0,1,0,3806,A
8-NS,146,2,2,0,3886,3890,C
8-NS,147,0,3807,0,1,3808,T
8-NS,148,5,0,0,3808,3813,C
8-NS,149,0,3754,0,3,3757,T
8-NS,150,3,5,0,3790,3798,C
8-NS,151,3,22,3820,0,3845,G
8-NS,152,5,4,4012,0,4021,G
8-NS,153,0,4017,0,0,4017,T
8-NS,154,12,0,0,4078,4090,C
8-NS,155,0,4056,0,0,4056,T
8-NS,156,4109,0,3,0,4112,A
8-NS,157,1,8,4100,1,4110,G
8-NS,158,4102,1,4,0,4107,A
8-NS,159,0,3,0,4224,4227,C
8-NS,160,4169,0,0,0,4169,A
8-NS,161,0,4145,0,1,4146,T
8-NS,162,6,0,0,4130,4136,C
8-NS,163,4123,0,2,0,4125,A
8-NS,164,4126,0,0,0,4126,A
8-NS,165,4079,0,9,0,4088,A
8-NS,166,1,1,4098,0,4100,G
8-NS,167,0,1,0,4125,4126,C
8-NS,168,4098,0,3,0,4101,A
8-NS,169,3,4,4075,0,4082,G
8-NS,170,0,0,0,4089,4089,C
8-NS,171,5,3,0,4096,4104,C
8-NS,172,4124,0,2,0,4126,A
8-NS,173,2,0,0,4197,4199,C
8-NS,174,1,0,0,4196,4197,C
8-NS,175,11,2,0,4180,4193,C
8-NS,176,4249,2,6,0,4257,A
8-NS,177,0,4245,0,1,4246,T
8-NS,178,0,1,4268,0,4269,G
8-NS,179,0,4252,0,5,4257,T
8-NS,180,2,4243,0,5,4250,T
8-NS,181,0,3,4235,0,4238,G
8-NS,182,1,9,4198,0,4208,G
8-NS,183,4173,0,3,0,4176,A
8-NS,184,4221,0,1,0,4222,A
8-NS,185,4163,0,1,0,4164,A
8-NS,186,0,2,4192,0,4194,G
8-NS,187,0,1,0,4191,4192,C
8-NS,188,4185,0,0,0,4185,A
8-NS,189,4177,0,0,1,4178,A
8-NS,190,4171,0,0,0,4171,A
8-NS,191,0,4234,0,0,4234,T
8-NS,192,0,4231,0,0,4231,T
8-NS,193,2,2,4277,0,4281,G
8-NS,194,0,4253,0,5,4258,T
8-NS,195,4250,0,2,0,4252,A
8-NS,196,0,10,4246,0,4256,G
8-NS,197,4254,1,0,0,4255,A
8-NS,198,4257,0,0,0,4257,A
8-NS,199,4268,0,0,0,4268,A
8-NS,200,4246,0,3,0,4249,A
8-NS,201,0,12,4250,0,4262,G
8-NS,202,4214,0,2,0,4216,A
8-NS,203,0,4227,0,2,4229,T
8-NS,204,0,4233,0,0,4233,T
8-NS,205,9,0,0,4237,4246,C
8-NS,206,2,4245,1,1,4249,T
8-NS,207,0,6,4240,0,4246,G
8-NS,208,4233,0,0,0,4233,A
8-NS,209,4247,0,2,0,4249,A
8-NS,210,4228,0,3,0,4231,A
8-NS,211,0,6,4249,1,4256,G
8-NS,212,4213,0,1,0,4214,A
8-NS,213,4254,0,1,0,4255,A
8-NS,214,0,16,4258,0,4274,G
8-NS,215,4298,0,3,0,4301,A
8-NS,216,4322,0,2,0,4324,A
8-NS,217,0,4339,0,2,4341,T
8-NS,218,6,2,0,4374,4382,C
8-NS,219,1,4365,0,3,4369,T
8-NS,220,2,10,4372,0,4384,G
8-NS,221,4370,0,5,0,4375,A
8-NS,222,0,4384,0,0,4384,T
8-NS,223,0,5,4362,0,4367,G
8-NS,224,4330,0,6,0,4336,A
8-NS,225,1,18,4295,0,4314,G
8-NS,226,1,2,4306,0,4309,G
8-NS,227,3,1,0,4299,4303,C
8-NS,228,4324,1,2,0,4327,A
8-NS,229,1,1,0,4445,4447,C
8-NS,230,0,4430,0,1,4431,T
8-NS,231,0,4459,0,0,4459,T
8-NS,232,4472,0,1,0,4473,A
8-NS,233,4476,0,1,0,4477,A
8-NS,234,4467,0,6,0,4473,A
8-NS,235,4456,0,1,1,4458,A
8-NS,236,0,4466,0,0,4466,T
8-NS,237,2,25,4430,1,4458,G
8-NS,238,4446,0,4,0,4450,A
8-NS,239,1,0,0,4469,4470,C
8-NS,240,9,0,0,4451,4460,C
8-NS,241,4469,1,0,0,4470,A
8-NS,242,0,4443,0,6,4449,T
8-NS,243,0,7,4543,0,4550,G
8-NS,244,0,4,4576,0,4580,G
8-NS,245,0,4568,0,6,4574,T
8-NS,246,13,0,1,4752,4766,C
8-NS,247,0,4743,0,9,4752,T
8-NS,248,7,0,0,4787,4794,C
8-NS,249,3,2,0,4817,4822,C
8-NS,250,4829,0,4,0,4833,A
8-NS,251,3,0,0,4881,4884,C
8-NS,252,4784,0,5,0,4789,A
8-NS,253,3,0,0,4830,4833,C
8-NS,254,7,9,0,4815,4831,C
8-NS,255,0,4631,0,6,4637,T
8-NS,256,0,1,4664,0,4665,G
8-NS,257,1,1,1,4651,4654,C
8-NS,258,0,4603,0,5,4608,T
8-NS,259,2,4654,0,3,4659,T
8-NS,260,6,6,0,4640,4652,C
8-NS,261,2,2,4667,0,4671,G
8-NS,262,4,2,0,4678,4684,C
8-NS,263,2,9,4673,0,4684,G
8-NS,264,4834,2,3,0,4839,A
8-NS,265,1,4868,0,0,4869,T
8-NS,266,5010,0,18,0,5028,A
8-NS,267,0,0,1,5039,5040,C
8-NS,268,5025,0,3,0,5028,A
8-NS,269,1,5135,0,1,5137,T
8-NS,270,5114,0,0,0,5114,A
8-NS,271,5119,0,3,0,5122,A
8-NS,272,2,1,0,5134,5137,C
8-NS,273,0,4997,0,2,4999,T
8-NS,274,5,20,5048,1,5074,G
8-NS,275,4988,0,1,0,4989,A
8-NS,276,1,2,0,5020,5023,C
8-NS,277,4999,0,2,1,5002,A
8-NS,278,0,4969,0,1,4970,T
8-NS,279,0,24,4937,0,4961,G
8-NS,280,4952,0,3,0,4955,A
8-NS,281,2,2,0,5089,5093,C
8-NS,282,0,5076,0,6,5082,T
8-NS,283,5155,0,3,0,5158,A
8-NS,284,0,5124,0,4,5128,T
8-NS,285,0,5124,0,3,5127,T
8-NS,286,0,9,5125,0,5134,G
8-NS,287,5102,0,10,0,5112,A
8-NS,288,1,11,5081,0,5093,G
8-NS,289,0,20,5074,0,5094,G
8-NS,290,4993,1,0,0,4994,A
8-NS,291,4997,0,0,1,4998,A
8-NS,292,0,4951,1,1,4953,T
8-NS,293,0,4960,0,1,4961,T
8-NS,294,1,0,5039,0,5040,G
8-NS,295,0,5030,0,6,5036,T
8-NS,296,20,2,0,5025,5047,C
8-NS,297,5046,0,2,0,5048,A
8-NS,298,5041,0,2,0,5043,A
8-NS,299,1,7,5069,0,5077,G
8-NS,300,5087,0,0,0,5087,A
8-NS,301,5086,0,0,0,5086,A
8-NS,302,5057,0,6,0,5063,A
8-NS,303,1,0,1,5093,5095,C
8-NS,304,0,5030,0,2,5032,T
8-NS,305,0,10,5105,0,5115,G
8-NS,306,0,4,5155,0,5159,G
8-NS,307,0,5135,0,7,5142,T
8-NS,308,1,5139,0,5,5145,T
8-NS,309,17,0,0,5123,5140,C
8-NS,310,5147,0,3,1,5151,A
8-NS,311,0,5203,0,2,5205,T
8-NS,312,3,5,5224,0,5232,G
8-NS,313,2,0,0,5242,5244,C
8-NS,314,0,5212,0,6,5218,T
8-NS,315,5158,0,4,0,5162,A
8-NS,316,5187,0,0,2,5189,A
8-NS,317,0,5222,0,1,5223,T
8-NS,318,2,1,5239,0,5242,G
8-NS,319,1,1,0,5228,5230,C
8-NS,320,15,0,0,5131,5146,C
8-NS,321,10,4,0,5149,5163,C
8-NS,322,5171,1,1,0,5173,A
8-NS,323,5201,0,3,0,5204,A
8-NS,324,1,3,5205,0,5209,G
8-NS,325,1,4,0,5216,5221,C
8-NS,326,5204,1,9,0,5214,A
8-NS,327,0,6,5236,0,5242,G
8-NS,328,5197,1,5,0,5203,A
8-NS,329,5250,2,1,0,5253,A
8-NS,330,5233,1,2,0,5236,A
8-NS,331,0,0,5312,0,5312,G
8-NS,332,2,5222,0,4,5228,T
8-NS,333,1,9,5237,0,5247,G
8-NS,334,0,5,5228,0,5233,G
8-NS,335,5252,0,3,0,5255,A
8-NS,336,5235,0,4,1,5240,A
8-NS,337,0,10,5226,0,5236,G
8-NS,338,1,7,5228,0,5236,G
8-NS,339,5225,1,5,0,5231,A
8-NS,340,2,1,0,5216,5219,C
8-NS,341,5,1,0,5205,5211,C
8-NS,342,0,5217,0,7,5224,T
8-NS,343,8,0,0,5286,5294,C
8-NS,344,0,5285,1,11,5297,T
8-NS,345,0,5334,0,0,5334,T
8-NS,346,0,5328,0,5,5333,T
8-NS,347,1,3,5330,0,5334,G
8-NS,348,0,2,0,5390,5392,C
8-NS,349,5361,0,1,0,5362,A
8-NS,350,0,5337,0,4,5341,T
8-NS,351,10,7,0,5347,5364,C
8-NS,352,5392,0,0,0,5392,A
8-NS,353,0,6,5539,0,5545,G
8-NS,354,5508,0,1,6,5515,A
8-NS,355,5526,2,2,0,5530,A
8-NS,356,0,5504,0,0,5504,T
8-NS,357,2,11,5463,0,5476,G
8-NS,358,20,15,5466,0,5501,G
8-NS,359,5487,0,6,0,5493,A
8-NS,360,3,1,0,5486,5490,C
8-NS,361,6,2,0,5388,5396,C
8-NS,362,5328,0,2,0,5330,A
8-NS,363,2,9,5367,1,5379,G
8-NS,364,1,3,5351,0,5355,G
8-NS,365,2,2,0,5391,5395,C
8-NS,366,5375,0,1,0,5376,A
8-NS,367,5391,0,1,0,5392,A
8-NS,368,1,5375,0,0,5376,T
8-NS,369,13,0,0,5366,5379,C
8-NS,370,5380,0,5,0,5385,A
8-NS,371,0,5361,1,3,5365,T
8-NS,372,0,5,5332,0,5337,G
8-NS,373,0,11,5339,1,5351,G
8-NS,374,5312,1,6,0,5319,A
8-NS,375,0,12,5363,0,5375,G
8-NS,376,5323,0,1,0,5324,A
8-NS,377,5330,1,1,0,5332,A
8-NS,378,5333,0,3,0,5336,A
8-NS,379,5329,0,2,0,5331,A
8-NS,380,5351,0,2,0,5353,A
8-NS,381,0,1,0,5393,5394,C
8-NS,382,5356,1,2,0,5359,A
8-NS,383,0,5300,0,6,5306,T
8-NS,384,14,1,1,5303,5319,C
8-NS,385,5299,0,9,0,5308,A
8-NS,386,0,5328,0,3,5331,T
8-NS,387,1,1,5335,0,5337,G
8-NS,388,0,5328,0,6,5334,T
8-NS,389,0,5299,0,2,5301,T
8-NS,390,0,7,5293,2,5302,G
8-NS,391,5271,0,2,0,5273,A
8-NS,392,5281,0,3,0,5284,A
8-NS,393,5262,0,3,1,5266,A
8-NS,394,1,1,5264,0,5266,G
8-NS,395,0,3,0,5244,5247,C
8-NS,396,11,18,5246,0,5275,G
8-NS,397,5259,1,1,0,5261,A
8-NS,398,5257,2,0,1,5260,A
8-NS,399,0,5238,1,0,5239,T
8-NS,400,0,5230,0,13,5243,T
8-NS,401,0,5249,1,1,5251,T
8-NS,402,10,2,0,5274,5286,C
8-NS,403,5242,0,3,0,5245,A
8-NS,404,0,0,5258,0,5258,G
8-NS,405,0,5240,0,13,5253,T
8-NS,406,1,1,5244,0,5246,G
8-NS,407,1,5226,2,5,5234,T
8-NS,408,0,12,5232,0,5244,G
8-NS,409,5292,0,1,0,5293,A
8-NS,410,0,5276,0,3,5279,T
8-NS,411,1,5280,0,3,5284,T
8-NS,412,0,5269,1,2,5272,T
8-NS,413,1,5255,0,1,5257,T
8-NS,414,1,5268,0,0,5269,T
8-NS,415,16,19,5220,0,5255,G
8-NS,416,5227,0,4,0,5231,A
8-NS,417,2,3,1,5226,5232,C
8-NS,418,8,4,0,5157,5169,C
8-NS,419,5,10,5216,0,5231,G
8-NS,420,5446,0,2,0,5448,A
8-NS,421,0,0,0,5537,5537,C
8-NS,422,0,5550,0,3,5553,T
8-NS,423,5587,0,3,0,5590,A
8-NS,424,0,8,5574,0,5582,G
8-NS,425,5571,0,10,0,5581,A
8-NS,426,1,22,5568,0,5591,G
8-NS,427,5557,1,3,0,5561,A
8-NS,428,4,1,0,5698,5703,C
8-NS,429,11,3,0,5469,5483,C
8-NS,430,5347,0,5,0,5352,A
8-NS,431,0,5570,0,2,5572,T
8-NS,432,5543,0,2,0,5545,A
8-NS,433,0,2,5918,0,5920,G
8-NS,434,1,5855,0,1,5857,T
8-NS,435,5835,0,1,0,5836,A
8-NS,436,1,5845,0,2,5848,T
8-NS,437,0,5690,0,4,5694,T
8-NS,438,5822,0,4,0,5826,A
8-NS,439,2,2,0,5824,5828,C
8-NS,440,0,5585,0,5,5590,T
8-NS,441,5581,0,0,0,5581,A
8-NS,442,5116,0,2,1,5119,A
8-NS,443,0,19,5115,0,5134,G
8-NS,444,1,16,5066,0,5083,G
8-NS,445,4,1,5099,0,5104,G
8-NS,446,1,3,0,5059,5063,C
8-NS,447,0,4986,1,7,4994,T
8-NS,448,0,4997,0,7,5004,T
8-NS,449,1,5057,0,2,5060,T
8-NS,450,14,3,0,5066,5083,C
8-NS,451,5116,0,3,0,5119,A
8-NS,452,1,0,0,5149,5150,C
8-NS,453,7,3,1,5106,5117,C
8-NS,454,4,6,5122,0,5132,G
8-NS,455,5070,0,0,0,5070,A
8-NS,456,5091,1,3,0,5095,A
8-NS,457,1,10,5117,0,5128,G
8-NS,458,5038,0,5,0,5043,A
8-NS,459,0,13,5082,0,5095,G
8-NS,460,1,9,4981,0,4991,G
8-NS,461,3,19,5015,0,5037,G
8-NS,462,5003,0,11,0,5014,A
8-NS,463,1,1,5016,0,5018,G
8-NS,464,3,1,1,4992,4997,C
8-NS,465,5000,0,1,0,5001,A
8-NS,466,5005,1,3,0,5009,A
8-NS,467,0,5014,1,2,5017,T
8-NS,468,0,4994,0,0,4994,T
8-NS,469,1,2,5006,0,5009,G
8-NS,470,0,4920,0,1,4921,T
8-NS,471,0,4919,0,2,4921,T
8-NS,472,1,6,4919,0,4926,G
8-NS,473,1,0,4892,0,4893,G
8-NS,474,2,2,1,4892,4897,C
8-NS,475,0,11,4943,0,4954,G
8-NS,476,4933,2,1,0,4936,A
8-NS,477,4929,0,1,34,4964,A
8-NS,478,4972,0,1,0,4973,A
8-NS,479,0,4987,0,1,4988,T
8-NS,480,10,2,0,4970,4982,C
8-NS,481,0,4928,0,5,4933,T
8-NS,482,13,0,0,4934,4947,C
8-NS,483,4954,1,2,0,4957,A
8-NS,484,2,1,1,4970,4974,C
8-NS,485,17,0,0,4963,4980,C
8-NS,486,4937,0,0,1,4938,A
8-NS,487,0,4926,0,6,4932,T
8-NS,488,1,4901,0,3,4905,T
8-NS,489,1,3,4899,0,4903,G
8-NS,490,4,0,0,4868,4872,C
8-NS,491,9,2,0,4877,4888,C
8-NS,492,0,4884,0,12,4896,T
8-NS,493,0,4865,1,7,4873,T
8-NS,494,5,0,0,4895,4900,C
8-NS,495,0,4882,0,9,4891,T
8-NS,496,0,4901,0,1,4902,T
8-NS,497,0,4977,0,4,4981,T
8-NS,498,0,4948,1,0,4949,T
8-NS,499,12,0,0,4944,4956,C
8-NS,500,10,1,0,4946,4957,C
8-NS,501,4947,0,3,0,4950,A
8-NS,502,2,7,4982,0,4991,G
8-NS,503,1,12,4953,0,4966,G
8-NS,504,5043,0,4,0,5047,A
8-NS,505,0,1,0,5068,5069,C
8-NS,506,5059,0,0,0,5059,A
8-NS,507,0,5072,0,2,5074,T
8-NS,508,5086,2,4,0,5092,A
8-NS,509,0,1,0,5403,5404,C
8-NS,510,0,5388,0,2,5390,T
8-NS,511,5369,0,1,0,5370,A
8-NS,512,0,5324,0,3,5327,T
8-NS,513,1,5174,0,6,5181,T
8-NS,514,3,7,5161,0,5171,G
8-NS,515,4967,1,9,0,4977,A
8-NS,516,3,10,4974,0,4987,G
8-NS,517,0,5,4965,1,4971,G
8-NS,518,4566,0,0,2,4568,A
8-NS,519,0,4600,1,0,4601,T
8-NS,520,9,1,4581,0,4591,G
8-NS,521,1,4542,1,0,4544,T
8-NS,522,13,1,1,4576,4591,C
8-NS,523,4595,0,3,0,4598,A
8-NS,524,4580,0,1,0,4581,A
8-NS,525,4591,2,1,0,4594,A
8-NS,526,4569,1,1,0,4571,A
8-NS,527,4585,0,2,1,4588,A
8-NS,528,0,4579,1,0,4580,T
8-NS,529,8,1,4568,0,4577,G
8-NS,530,3,0,0,4605,4608,C
8-NS,531,4594,0,4,0,4598,A
8-NS,532,4602,0,3,1,4606,A
8-NS,533,0,4600,1,2,4603,T
8-NS,534,0,4613,1,1,4615,T
8-NS,535,1,18,4591,0,4610,G
8-NS,536,0,7,4549,0,4556,G
8-NS,537,0,8,4554,0,4562,G
8-NS,538,3,2,4602,0,4607,G
8-NS,539,0,4524,0,5,4529,T
8-NS,540,15,2,0,4544,4561,C
8-NS,541,7,1,0,4560,4568,C
8-NS,542,0,4552,1,8,4561,T
8-NS,543,10,0,0,4605,4615,C
8-NS,544,4601,0,0,1,4602,A
8-NS,545,0,4566,1,0,4567,T
8-NS,546,12,5,1,4587,4605,C
8-NS,547,2,3,4549,0,4554,G
8-NS,548,0,10,4552,0,4562,G
8-NS,549,4473,0,8,1,4482,A
8-NS,550,1,8,4490,0,4499,G
8-NS,551,0,13,4501,1,4515,G
8-NS,552,4465,0,3,0,4468,A
8-NS,553,0,3,0,4498,4501,C
8-NS,554,1,4505,1,2,4509,T
8-NS,555,0,4511,1,3,4515,T
8-NS,556,0,9,4521,0,4530,G
8-NS,557,4509,0,1,1,4511,A
8-NS,558,4509,1,7,0,4517,A
8-NS,559,0,4500,0,0,4500,T
8-NS,560,1,10,4441,0,4452,G
8-NS,561,0,3,4496,0,4499,G
8-NS,562,4434,1,3,0,4438,A
8-NS,563,4473,0,5,0,4478,A
8-NS,564,0,4612,1,0,4613,T
8-NS,565,0,15,4636,0,4651,G
8-NS,566,4661,0,3,0,4664,A
8-NS,567,0,4662,1,0,4663,T
8-NS,568,4647,0,4,0,4651,A
8-NS,569,4668,1,9,1,4679,A
8-NS,570,0,2,0,4610,4612,C
8-NS,571,4546,0,4,0,4550,A
8-NS,572,1,2,0,4585,4588,C
8-NS,573,4258,0,4,0,4262,A
8-NS,574,0,1,4311,0,4312,G
8-NS,575,0,4260,0,9,4269,T
8-NS,576,0,4247,0,3,4250,T
8-NS,577,12,2,1,4248,4263,C
8-NS,578,2,18,4236,0,4256,G
8-NS,579,4240,1,1,0,4242,A
8-NS,580,0,0,4252,0,4252,G
8-NS,581,0,4182,0,5,4187,T
8-NS,582,10,0,0,4221,4231,C
8-NS,583,0,4136,1,2,4139,T
8-NS,584,7,0,0,4151,4158,C
8-NS,585,0,4184,0,4,4188,T
8-NS,586,4197,0,0,0,4197,A
8-NS,587,4200,0,1,0,4201,A
8-NS,588,4192,0,0,0,4192,A
8-NS,589,4230,0,1,0,4231,A
8-NS,590,4207,1,0,1,4209,A
8-NS,591,0,4168,0,1,4169,T
8-NS,592,6,0,0,4212,4218,C
8-NS,593,0,4186,0,0,4186,T
8-NS,594,4192,0,1,0,4193,A
8-NS,595,2,1,0,4193,4196,C
8-NS,596,4193,0,2,0,4195,A
8-NS,597,1,8,4189,0,4198,G
8-NS,598,4123,1,2,0,4126,A
8-NS,599,0,8,4139,0,4147,G
8-NS,600,4132,0,1,0,4133,A
8-NS,601,0,4078,0,3,4081,T
8-NS,602,0,4082,0,4,4086,T
8-NS,603,17,3,0,4077,4097,C
8-NS,604,0,3,4097,0,4100,G
8-NS,605,7,1,0,4077,4085,C
8-NS,606,0,4083,0,1,4084,T
8-NS,607,0,4112,0,1,4113,T
8-NS,608,0,4,4082,0,4086,G
8-NS,609,1,5,4090,0,4096,G
8-NS,610,4099,1,2,0,4102,A
8-NS,611,0,5,4097,0,4102,G
8-NS,612,4073,0,2,1,4076,A
8-NS,613,4036,0,2,0,4038,A
8-NS,614,2,1,4099,0,4102,G
8-NS,615,0,0,1,4117,4118,C
8-NS,616,4111,0,3,0,4114,A
8-NS,617,0,1,4168,0,4169,G
8-NS,618,0,4119,0,1,4120,T
8-NS,619,4138,0,0,0,4138,A
8-NS,620,4130,0,1,1,4132,A
8-NS,621,2,4114,0,2,4118,T
8-NS,622,1,8,4140,0,4149,G
8-NS,623,3986,1,1,0,3988,A
8-NS,624,1,3,4061,0,4065,G
8-NS,625,4040,0,5,0,4045,A
8-NS,626,3934,0,1,0,3935,A
8-NS,627,0,3900,0,0,3900,T
8-NS,628,3,4,3841,7,3855,G
8-NS,629,0,3,3857,1,3861,G
8-NS,630,1,5,3839,0,3845,G
8-NS,631,2,1,3814,0,3817,G
8-NS,632,2,8,3810,0,3820,G
8-NS,633,3713,0,3,0,3716,A
8-NS,634,4,3,0,3725,3732,C
8-NS,635,7,1,0,3749,3757,C
8-NS,636,0,3622,0,3,3625,T
8-NS,637,8,0,0,3639,3647,C
8-NS,638,2,1,0,3648,3651,C
8-NS,639,3668,0,3,0,3671,A
8-NS,640,2,0,0,3686,3688,C
8-NS,641,0,3629,0,3,3632,T
8-NS,642,0,3613,0,2,3615,T
8-NS,643,3513,0,1,0,3514,A
8-NS,644,0,1,0,3526,3527,C
8-NS,645,0,3473,1,7,3481,T
8-NS,646,11,2,0,3455,3468,C
8-NS,647,5,0,0,3453,3458,C
8-NS,648,3447,0,0,1,3448,A
8-NS,649,3442,0,11,0,3453,A
8-NS,650,3461,0,0,0,3461,A
8-NS,651,3454,0,0,0,3454,A
8-NS,652,1,1,0,3452,3454,C
8-NS,653,3381,0,0,0,3381,A
8-NS,654,0,5,3381,1,3387,G
8-NS,655,3381,0,1,0,3382,A
8-NS,656,3382,0,0,0,3382,A
8-NS,657,3373,0,1,0,3374,A
8-NS,658,2,8,1,3368,3379,C
8-NS,659,2,4,3356,0,3362,G
8-NS,660,3,7,3369,0,3379,G
8-NS,661,1,9,3371,0,3381,G
8-NS,662,3385,0,3,0,3388,A
8-NS,663,3360,2,0,0,3362,A
8-NS,664,3369,0,2,0,3371,A
8-NS,665,0,3347,0,0,3347,T
8-NS,666,1,8,3373,0,3382,G
8-NS,667,0,3,3351,0,3354,G
8-NS,668,4,1,0,3333,3338,C
8-NS,669,1,7,3355,0,3363,G
8-NS,670,3359,1,3,0,3363,A
8-NS,671,2,6,3354,1,3363,G
8-NS,672,3359,0,0,0,3359,A
8-NS,673,3366,0,2,0,3368,A
8-NS,674,3,1,0,3350,3354,C
8-NS,675,3311,0,4,0,3315,A
8-NS,676,1,6,3283,0,3290,G
8-NS,677,1,0,0,3251,3252,C
8-NS,678,0,3291,0,3,3294,T
8-NS,679,3287,0,3,0,3290,A
8-NS,680,1,3,3255,1,3260,G
8-NS,681,0,1,3248,0,3249,G
8-NS,682,0,3202,1,1,3204,T
8-NS,683,13,0,0,3170,3183,C
8-NS,684,3214,0,0,0,3214,A
8-NS,685,3194,0,3,0,3197,A
8-NS,686,3198,2,0,0,3200,A
8-NS,687,3218,0,3,0,3221,A
8-NS,688,1,0,3207,0,3208,G
8-NS,689,0,3133,0,1,3134,T
8-NS,690,0,3135,1,0,3136,T
8-NS,691,0,3149,0,0,3149,T
8-NS,692,0,17,3131,0,3148,G
8-NS,693,3160,0,4,0,3164,A
8-NS,694,3161,0,1,0,3162,A
8-NS,695,1,5,3156,0,3162,G
8-NS,696,3108,0,4,0,3112,A
8-NS,697,4,5,3111,0,3120,G
8-NS,698,3113,0,0,0,3113,A
8-NS,699,0,3110,0,5,3115,T
8-NS,700,3120,0,1,0,3121,A
8-NS,701,3089,0,4,0,3093,A
8-NS,702,1,1,3083,0,3085,G
8-NS,703,2892,0,3,0,2895,A
8-NS,704,0,2853,0,1,2854,T
8-NS,705,0,7,2879,0,2886,G
8-NS,706,1,0,2879,0,2880,G
8-NS,707,0,0,0,2868,2868,C
8-NS,708,0,2883,0,3,2886,T
8-NS,709,2891,0,0,1,2892,A
8-NS,710,2891,0,2,0,2893,A
8-NS,711,1,2905,0,0,2906,T
8-NS,712,0,2890,0,1,2891,T
8-NS,713,0,1,2897,1,2899,G
8-NS,714,2851,0,0,0,2851,A
8-NS,715,2839,0,3,0,2842,A
8-NS,716,1,6,2836,0,2843,G
8-NS,717,2855,0,0,0,2855,A
8-NS,718,2827,0,0,0,2827,A
8-NS,719,0,2,2860,0,2862,G
8-NS,720,0,2796,0,0,2796,T
8-NS,721,0,8,2791,0,2799,G
8-NS,722,2767,0,6,0,2773,A
8-NS,723,1,8,2754,0,2763,G
8-NS,724,2759,0,11,0,2770,A
8-NS,725,0,1,0,2732,2733,C
8-NS,726,2703,0,3,0,2706,A
8-NS,727,0,1,0,2720,2721,C
8-NS,728,2551,0,0,0,2551,A
8-NS,729,0,1,2594,0,2595,G
8-NS,730,2583,0,0,0,2583,A
8-NS,731,0,2535,0,1,2536,T
8-NS,732,0,2553,0,0,2553,T
8-NS,733,2551,0,0,0,2551,A
8-NS,734,2546,0,1,0,2547,A
8-NS,735,2542,0,1,0,2543,A
8-NS,736,2535,0,2,0,2537,A
8-NS,737,2537,0,0,0,2537,A
8-NS,738,0,1,0,2478,2479,C
8-NS,739,2369,0,0,0,2369,A
8-NS,740,2361,0,2,0,2363,A
8-NS,741,1,0,0,2367,2368,C
8-NS,742,1,2345,0,3,2349,T
8-NS,743,0,7,2355,0,2362,G
8-NS,744,2354,1,3,0,2358,A
8-NS,745,2355,0,3,0,2358,A
8-NS,746,2358,0,0,0,2358,A
8-NS,747,2337,0,1,0,2338,A
8-NS,748,0,2309,0,1,2310,T
8-NS,749,2287,0,3,0,2290,A
8-NS,750,2,0,2283,0,2285,G
8-NS,751,0,9,0,2272,2281,C
8-NS,752,0,2243,1,0,2244,T
8-NS,753,0,2243,0,0,2243,T
8-NS,754,0,2219,0,0,2219,T
8-NS,755,0,13,2215,0,2228,G
8-NS,756,2230,0,2,0,2232,A
8-NS,757,2217,1,2,0,2220,A
8-NS,758,1,0,0,2228,2229,C
8-NS,759,2167,0,0,1,2168,A
8-NS,760,2166,0,0,0,2166,A
8-NS,761,2173,1,1,1,2176,A
8-NS,762,0,2159,0,5,2164,T
8-NS,763,2170,0,0,0,2170,A
8-NS,764,2135,0,1,0,2136,A
8-NS,765,0,0,0,2141,2141,C
8-NS,766,2129,1,2,0,2132,A
8-NS,767,0,2080,0,0,2080,T
8-NS,768,0,2013,0,5,2018,T
8-NS,769,9,0,0,2016,2025,C
8-NS,770,2007,0,2,0,2009,A
8-NS,771,0,1984,0,3,1987,T
8-NS,772,6,1,1992,0,1999,G
8-NS,773,0,1,0,1949,1950,C
8-NS,774,1933,0,0,0,1933,A
8-NS,775,1914,0,0,0,1914,A
8-NS,776,0,0,1913,0,1913,G
8-NS,777,3,0,0,1913,1916,C
8-NS,778,1886,0,1,0,1887,A
8-NS,779,0,1879,0,2,1881,T
8-NS,780,1,1878,0,1,1880,T
8-NS,781,1881,0,0,0,1881,A
8-NS,782,1,0,0,1876,1877,C
8-NS,783,1870,0,0,0,1870,A
8-NS,784,1848,0,4,0,1852,A
8-NS,785,2,0,0,1806,1808,C
8-NS,786,0,1577,0,3,1580,T
8-NS,787,1424,0,1,0,1425,A
8-NS,788,1,0,0,1431,1432,C
8-NS,789,0,1432,1,0,1433,T
8-NS,790,0,0,1441,0,1441,G
8-NS,791,0,1353,1,2,1356,T
8-NS,792,0,1347,0,1,1348,T
8-NS,793,0,1350,0,1,1351,T
8-NS,794,1,1,1309,0,1311,G
8-NS,795,1315,0,2,0,1317,A
8-NS,796,1289,0,0,0,1289,A
8-NS,797,0,0,1290,0,1290,G
8-NS,798,1,1251,0,1,1253,T
8-NS,799,1,3,1173,0,1177,G
8-NS,800,1,6,1175,0,1182,G
8-NS,801,1176,0,3,1,1180,A
8-NS,802,1176,0,5,0,1181,A
8-NS,803,0,0,0,1170,1170,C
8-NS,804,1129,0,6,0,1135,A
8-NS,805,0,2,1132,1,1135,G
8-NS,806,0,2,1123,0,1125,G
8-NS,807,1095,0,4,0,1099,A
8-NS,808,0,1,1101,0,1102,G
8-NS,809,954,0,1,0,955,A
8-NS,810,0,950,0,0,950,T
8-NS,811,947,0,0,0,947,A
8-NS,812,939,0,1,0,940,A
8-NS,813,0,1,939,0,940,G
8-NS,814,829,0,0,0,829,A
8-NS,815,816,0,1,0,817,A
8-NS,816,0,0,0,810,810,C
8-NS,817,0,678,0,0,678,T
8-NS,818,0,668,0,0,668,T
8-NS,819,0,663,0,2,665,T
8-NS,820,0,1,0,669,670,C
8-NS,821,0,648,1,1,650,T
8-NS,822,3,0,0,631,634,C
8-NS,823,620,0,1,0,621,A
8-NS,824,0,618,0,0,618,T
8-NS,825,0,608,0,1,609,T
8-NS,826,0,613,0,0,613,T
8-NS,827,3,1,0,612,616,C
8-NS,828,582,0,0,0,582,A
8-NS,829,0,0,578,0,578,G
8-NS,830,0,0,0,573,573,C
8-NS,831,0,537,0,1,538,T
8-NS,832,0,539,0,0,539,T
8-NS,833,531,0,0,0,531,A
8-NS,834,0,526,0,0,526,T
8-NS,835,0,528,0,0,528,T
8-NS,836,1,517,0,1,519,T
8-NS,837,490,0,0,0,490,A
8-NS,838,468,0,1,0,469,A
8-NS,839,0,460,0,0,460,T
8-NS,840,0,2,450,0,452,G
8-NS,841,444,0,0,0,444,A
8-NS,842,0,401,0,0,401,T
8-NS,843,399,0,1,0,400,A
8-NS,844,402,0,0,0,402,A
8-NS,845,400,0,0,0,400,A
8-NS,846,398,0,1,0,399,A
8-NS,847,395,0,0,0,395,A
8-NS,848,390,0,0,0,390,A
8-NS,849,0,0,0,390,390,C
8-NS,850,321,0,0,0,321,A
8-NS,851,0,0,0,331,331,C
8-NS,852,3,0,0,323,326,C
8-NS,853,0,0,0,322,322,C
8-NS,854,0,298,0,0,298,T
8-NS,855,0,285,0,0,285,T
8-NS,856,0,0,287,0,287,G
8-NS,857,0,264,0,0,264,T
8-NS,858,0,261,0,0,261,T
8-NS,859,0,252,0,0,252,T
8-NS,860,0,0,0,98,98,C
8-NS,861,0,73,0,0,73,T
8-NS,862,62,0,0,0,62,A
8-NS,863,0,0,0,60,60,C
