Gene,Position,A,T,G,C,Coverage,Consensus
1-PB2,1,240,0,0,0,240,A
1-PB2,2,0,240,0,0,240,T
1-PB2,3,0,0,243,0,243,G
1-PB2,4,0,0,247,0,247,G
1-PB2,5,245,0,1,0,246,A
1-PB2,6,246,0,0,0,246,A
1-PB2,7,246,0,0,0,246,A
1-PB2,8,0,2,273,0,275,G
1-PB2,9,276,0,0,0,276,A
1-PB2,10,277,1,0,0,278,A
1-PB2,11,0,283,0,0,283,T
1-PB2,12,282,0,0,0,282,A
1-PB2,13,282,1,0,0,283,A
1-PB2,14,284,0,0,0,284,A
1-PB2,15,284,0,0,0,284,A
1-PB2,16,0,8,293,0,301,G
1-PB2,17,300,0,0,0,300,A
1-PB2,18,302,0,0,0,302,A
1-PB2,19,0,0,0,309,309,C
1-PB2,20,0,310,0,0,310,T
1-PB2,21,316,0,0,0,316,A
1-PB2,22,0,0,0,320,320,C
1-PB2,23,0,1,320,0,321,G
1-PB2,24,0,1,325,0,326,G
1-PB2,25,328,0,0,0,328,A
1-PB2,26,333,0,0,0,333,A
1-PB2,27,0,333,0,0,333,T
1-PB2,28,3,0,0,333,336,C
1-PB2,29,0,336,0,0,336,T
1-PB2,30,0,3,337,0,340,G
1-PB2,31,342,0,0,0,342,A
1-PB2,32,0,346,0,0,346,T
1-PB2,33,0,0,348,0,348,G
1-PB2,34,0,362,0,1,363,T
1-PB2,35,4,0,0,356,360,C
1-PB2,36,0,0,364,0,364,G
1-PB2,37,0,0,0,364,364,C
1-PB2,38,363,0,0,0,363,A
1-PB2,39,0,1,381,0,382,G
1-PB2,40,0,383,0,0,383,T
1-PB2,41,1,0,0,384,385,C
1-PB2,42,0,383,0,1,384,T
1-PB2,43,0,1,0,385,386,C
1-PB2,44,3,1,386,0,390,G
1-PB2,45,0,0,0,391,391,C
1-PB2,46,389,0,0,0,389,A
1-PB2,47,0,0,0,399,399,C
1-PB2,48,0,396,0,0,396,T
1-PB2,49,1,0,0,407,408,C
1-PB2,50,0,0,409,0,409,G
1-PB2,51,0,0,0,412,412,C
1-PB2,52,0,3,408,0,411,G
1-PB2,53,414,0,1,0,415,A
1-PB2,54,0,1,420,0,421,G
1-PB2,55,436,0,0,0,436,A
1-PB2,56,0,436,0,0,436,T
1-PB2,57,437,0,0,0,437,A
1-PB2,58,0,0,0,435,435,C
1-PB2,59,0,431,0,1,432,T
1-PB2,60,0,4,442,0,446,G
1-PB2,61,447,0,0,0,447,A
1-PB2,62,0,0,0,452,452,C
1-PB2,63,453,0,0,0,453,A
1-PB2,64,451,1,0,0,452,A
1-PB2,65,457,0,0,0,457,A
1-PB2,66,467,0,1,0,468,A
1-PB2,67,465,0,0,0,465,A
1-PB2,68,0,0,0,478,478,C
1-PB2,69,1,1,0,474,476,C
1-PB2,70,486,0,0,0,486,A
1-PB2,71,0,0,0,496,496,C
1-PB2,72,495,0,0,0,495,A
1-PB2,73,0,0,507,0,507,G
1-PB2,74,0,501,0,0,501,T
1-PB2,75,0,3,527,0,530,G
1-PB2,76,0,0,536,0,536,G
1-PB2,77,538,0,3,0,541,A
1-PB2,78,0,0,0,568,568,C
1-PB2,79,6,0,0,559,565,C
1-PB2,80,578,0,2,0,580,A
1-PB2,81,0,579,0,0,579,T
1-PB2,82,576,0,0,0,576,A
1-PB2,83,0,574,0,0,574,T
1-PB2,84,0,3,573,1,577,G
1-PB2,85,0,0,580,0,580,G
1-PB2,86,0,0,0,579,579,C
1-PB2,87,2,1,0,569,572,C
1-PB2,88,569,0,0,0,569,A
1-PB2,89,0,583,0,0,583,T
1-PB2,90,584,0,0,0,584,A
1-PB2,91,597,0,0,0,597,A
1-PB2,92,0,596,0,0,596,T
1-PB2,93,0,598,0,0,598,T
1-PB2,94,595,0,0,1,596,A
1-PB2,95,593,0,0,0,593,A
1-PB2,96,587,0,0,0,587,A
1-PB2,97,598,0,0,0,598,A
1-PB2,98,600,0,1,0,601,A
1-PB2,99,0,0,620,0,620,G
1-PB2,100,0,616,0,0,616,T
1-PB2,101,617,0,0,0,617,A
1-PB2,102,0,0,0,620,620,C
1-PB2,103,623,0,0,0,623,A
1-PB2,104,0,0,0,642,642,C
1-PB2,105,643,0,0,0,643,A
1-PB2,106,0,643,0,0,643,T
1-PB2,107,3,1,0,649,653,C
1-PB2,108,2,6,640,0,648,G
1-PB2,109,0,1,652,0,653,G
1-PB2,110,0,1,650,0,651,G
1-PB2,111,1,0,653,0,654,G
1-PB2,112,647,0,1,0,648,A
1-PB2,113,0,7,647,0,654,G
1-PB2,114,644,0,2,0,646,A
1-PB2,115,0,0,0,653,653,C
1-PB2,116,646,1,0,0,647,A
1-PB2,117,0,3,659,0,662,G
1-PB2,118,0,1,672,0,673,G
1-PB2,119,676,0,0,0,676,A
1-PB2,120,674,1,1,0,676,A
1-PB2,121,673,0,0,0,673,A
1-PB2,122,669,0,3,1,673,A
1-PB2,123,0,4,668,0,672,G
1-PB2,124,674,0,0,0,674,A
1-PB2,125,680,0,1,0,681,A
1-PB2,126,1,0,1,680,682,C
1-PB2,127,3,0,0,678,681,C
1-PB2,128,7,1,0,675,683,C
1-PB2,129,0,1,684,0,685,G
1-PB2,130,0,683,0,2,685,T
1-PB2,131,4,1,0,683,688,C
1-PB2,132,695,0,0,0,695,A
1-PB2,133,0,0,1,705,706,C
1-PB2,134,0,702,0,1,703,T
1-PB2,135,0,705,0,0,705,T
1-PB2,136,703,0,0,0,703,A
1-PB2,137,0,2,711,0,713,G
1-PB2,138,0,2,712,0,714,G
1-PB2,139,711,0,0,0,711,A
1-PB2,140,1,708,0,0,709,T
1-PB2,141,0,3,715,0,718,G
1-PB2,142,732,0,0,0,732,A
1-PB2,143,733,0,0,0,733,A
1-PB2,144,732,0,2,0,734,A
1-PB2,145,0,734,0,0,734,T
1-PB2,146,2,1,734,0,737,G
1-PB2,147,0,2,737,0,739,G
1-PB2,148,743,0,0,0,743,A
1-PB2,149,0,739,0,0,739,T
1-PB2,150,0,5,733,0,738,G
1-PB2,151,729,0,0,0,729,A
1-PB2,152,1,729,1,0,731,T
1-PB2,153,1,3,729,0,733,G
1-PB2,154,1,0,739,0,740,G
1-PB2,155,0,0,0,742,742,C
1-PB2,156,734,0,1,0,735,A
1-PB2,157,745,0,0,0,745,A
1-PB2,158,1,747,0,0,748,T
1-PB2,159,0,2,777,0,779,G
1-PB2,160,777,0,0,0,777,A
1-PB2,161,774,0,0,0,774,A
1-PB2,162,775,0,0,0,775,A
1-PB2,163,0,775,0,0,775,T
1-PB2,164,782,0,1,0,783,A
1-PB2,165,0,0,0,800,800,C
1-PB2,166,6,0,0,787,793,C
1-PB2,167,3,0,0,792,795,C
1-PB2,168,790,0,0,0,790,A
1-PB2,169,791,0,0,0,791,A
1-PB2,170,0,789,0,0,789,T
1-PB2,171,1,0,0,788,789,C
1-PB2,172,784,0,0,0,784,A
1-PB2,173,0,0,0,806,806,C
1-PB2,174,0,801,0,0,801,T
1-PB2,175,0,2,806,0,808,G
1-PB2,176,0,0,0,810,810,C
1-PB2,177,0,812,0,0,812,T
1-PB2,178,0,6,813,0,819,G
1-PB2,179,819,0,1,0,820,A
1-PB2,180,0,0,0,828,828,C
1-PB2,181,824,0,1,0,825,A
1-PB2,182,817,0,0,0,817,A
1-PB2,183,815,0,2,0,817,A
1-PB2,184,820,0,2,0,822,A
1-PB2,185,0,2,840,0,842,G
1-PB2,186,0,1,837,0,838,G
1-PB2,187,832,0,0,0,832,A
1-PB2,188,2,832,1,0,835,T
1-PB2,189,837,0,0,0,837,A
1-PB2,190,846,0,1,0,847,A
1-PB2,191,0,0,0,858,858,C
1-PB2,192,855,0,0,0,855,A
1-PB2,193,0,1,859,0,860,G
1-PB2,194,851,1,0,0,852,A
1-PB2,195,852,1,0,0,853,A
1-PB2,196,847,1,0,2,850,A
1-PB2,197,0,854,0,1,855,T
1-PB2,198,0,1,850,0,851,G
1-PB2,199,0,1,858,0,859,G
1-PB2,200,0,849,0,0,849,T
1-PB2,201,0,851,0,1,852,T
1-PB2,202,5,0,0,844,849,C
1-PB2,203,2,0,0,847,849,C
1-PB2,204,0,5,841,0,846,G
1-PB2,205,0,4,844,0,848,G
1-PB2,206,848,0,0,0,848,A
1-PB2,207,0,2,848,0,850,G
1-PB2,208,837,0,1,0,838,A
1-PB2,209,0,1,857,0,858,G
1-PB2,210,863,0,0,0,863,A
1-PB2,211,862,0,0,0,862,A
1-PB2,212,866,0,0,0,866,A
1-PB2,213,0,860,0,0,860,T
1-PB2,214,2,6,863,0,871,G
1-PB2,215,874,0,1,0,875,A
1-PB2,216,877,0,1,0,878,A
1-PB2,217,0,0,0,878,878,C
1-PB2,218,864,0,1,0,865,A
1-PB2,219,865,0,2,0,867,A
1-PB2,220,0,4,880,0,884,G
1-PB2,221,2,4,889,0,895,G
1-PB2,222,887,1,3,0,891,A
1-PB2,223,0,0,0,886,886,C
1-PB2,224,883,0,0,0,883,A
1-PB2,225,889,0,1,0,890,A
1-PB2,226,885,0,1,0,886,A
1-PB2,227,1,0,0,876,877,C
1-PB2,228,3,4,0,848,855,C
1-PB2,229,4,0,0,924,928,C
1-PB2,230,0,929,0,0,929,T
1-PB2,231,933,0,0,0,933,A
1-PB2,232,0,927,0,1,928,T
1-PB2,233,0,3,941,0,944,G
1-PB2,234,0,4,957,0,961,G
1-PB2,235,919,0,0,0,919,A
1-PB2,236,0,0,923,0,923,G
1-PB2,237,0,914,0,0,914,T
1-PB2,238,909,0,1,0,910,A
1-PB2,239,915,0,1,0,916,A
1-PB2,240,921,0,0,0,921,A
1-PB2,241,924,0,0,0,924,A
1-PB2,242,0,913,0,1,914,T
1-PB2,243,1,8,906,0,915,G
1-PB2,244,898,0,0,0,898,A
1-PB2,245,0,0,902,0,902,G
1-PB2,246,0,893,0,0,893,T
1-PB2,247,0,4,895,0,899,G
1-PB2,248,930,1,2,0,933,A
1-PB2,249,0,942,0,0,942,T
1-PB2,250,1,0,944,0,945,G
1-PB2,251,0,0,0,943,943,C
1-PB2,252,0,939,0,0,939,T
1-PB2,253,1,1,962,0,964,G
1-PB2,254,0,3,958,1,962,G
1-PB2,255,977,0,0,0,977,A
1-PB2,256,0,971,0,1,972,T
1-PB2,257,3,0,0,970,973,C
1-PB2,258,979,0,0,0,979,A
1-PB2,259,0,1,996,0,997,G
1-PB2,260,998,0,0,0,998,A
1-PB2,261,0,996,0,1,997,T
1-PB2,262,972,0,1,0,973,A
1-PB2,263,3,8,996,0,1007,G
1-PB2,264,1002,0,0,0,1002,A
1-PB2,265,0,2,1008,0,1010,G
1-PB2,266,0,994,0,0,994,T
1-PB2,267,1,6,981,0,988,G
1-PB2,268,974,0,0,0,974,A
1-PB2,269,0,977,0,1,978,T
1-PB2,270,0,6,990,0,996,G
1-PB2,271,0,1,1011,0,1012,G
1-PB2,272,0,1006,0,0,1006,T
1-PB2,273,1002,0,0,0,1002,A
1-PB2,274,1,987,0,0,988,T
1-PB2,275,11,0,0,977,988,C
1-PB2,276,998,0,1,0,999,A
1-PB2,277,1,1,0,1011,1013,C
1-PB2,278,4,0,0,1011,1015,C
1-PB2,279,0,998,0,0,998,T
1-PB2,280,0,993,0,0,993,T
1-PB2,281,0,988,0,1,989,T
1-PB2,282,0,5,994,0,999,G
1-PB2,283,0,0,1008,0,1008,G
1-PB2,284,0,0,0,1016,1016,C
1-PB2,285,0,996,0,1,997,T
1-PB2,286,0,2,1003,0,1005,G
1-PB2,287,0,1006,0,2,1008,T
1-PB2,288,1009,0,0,0,1009,A
1-PB2,289,1013,0,0,0,1013,A
1-PB2,290,0,0,0,1011,1011,C
1-PB2,291,1003,0,1,0,1004,A
1-PB2,292,0,1004,0,0,1004,T
1-PB2,293,0,3,994,0,997,G
1-PB2,294,1,0,1016,0,1017,G
1-PB2,295,0,1000,0,0,1000,T
1-PB2,296,0,3,993,0,996,G
1-PB2,297,1,2,1014,0,1017,G
1-PB2,298,1018,0,1,0,1019,A
1-PB2,299,1016,0,2,0,1018,A
1-PB2,300,0,1022,0,0,1022,T
1-PB2,301,1020,1,0,0,1021,A
1-PB2,302,0,2,1038,0,1040,G
1-PB2,303,1028,0,0,0,1028,A
1-PB2,304,1032,0,0,0,1032,A
1-PB2,305,1031,0,1,0,1032,A
1-PB2,306,0,1016,0,0,1016,T
1-PB2,307,0,5,1010,0,1015,G
1-PB2,308,1,4,1005,0,1010,G
1-PB2,309,1012,1,1,0,1014,A
1-PB2,310,0,1,0,1019,1020,C
1-PB2,311,3,0,0,999,1002,C
1-PB2,312,7,1,0,995,1003,C
1-PB2,313,1,1,1010,0,1012,G
1-PB2,314,0,1013,0,0,1013,T
1-PB2,315,0,2,1039,0,1041,G
1-PB2,316,1042,0,1,0,1043,A
1-PB2,317,1,0,0,1046,1047,C
1-PB2,318,1040,0,0,0,1040,A
1-PB2,319,1040,0,0,0,1040,A
1-PB2,320,1,0,1068,0,1069,G
1-PB2,321,0,1065,0,0,1065,T
1-PB2,322,1063,1,0,0,1064,A
1-PB2,323,0,0,0,1062,1062,C
1-PB2,324,2,12,1033,0,1047,G
1-PB2,325,2,1,1068,0,1071,G
1-PB2,326,0,1063,0,1,1064,T
1-PB2,327,5,0,1,1066,1072,C
1-PB2,328,7,0,0,1066,1073,C
1-PB2,329,1060,0,0,0,1060,A
1-PB2,330,0,1062,1,0,1063,T
1-PB2,331,0,1060,0,1,1061,T
1-PB2,332,1102,0,0,0,1102,A
1-PB2,333,2,0,0,1100,1102,C
1-PB2,334,2,0,0,1078,1080,C
1-PB2,335,11,1,1,1067,1080,C
1-PB2,336,1074,0,0,0,1074,A
1-PB2,337,1084,0,0,0,1084,A
1-PB2,338,1083,0,0,0,1083,A
1-PB2,339,1078,0,0,0,1078,A
1-PB2,340,0,0,1091,0,1091,G
1-PB2,341,0,1052,0,1,1053,T
1-PB2,342,0,1,1075,0,1076,G
1-PB2,343,0,1080,0,0,1080,T
1-PB2,344,1080,0,1,0,1081,A
1-PB2,345,1,0,0,1081,1082,C
1-PB2,346,1075,0,0,0,1075,A
1-PB2,347,1075,0,0,0,1075,A
1-PB2,348,3,3,1073,0,1079,G
1-PB2,349,1071,0,2,0,1073,A
1-PB2,350,0,0,0,1070,1070,C
1-PB2,351,1,1054,0,0,1055,T
1-PB2,352,0,1070,0,0,1070,T
1-PB2,353,1072,0,2,0,1074,A
1-PB2,354,0,1072,0,1,1073,T
1-PB2,355,0,1073,1,0,1074,T
1-PB2,356,0,1067,0,0,1067,T
1-PB2,357,6,2,0,1054,1062,C
1-PB2,358,0,9,1052,0,1061,G
1-PB2,359,1059,0,2,0,1061,A
1-PB2,360,0,0,0,1061,1061,C
1-PB2,361,1053,0,0,1,1054,A
1-PB2,362,1059,0,0,0,1059,A
1-PB2,363,1054,0,0,0,1054,A
1-PB2,364,0,2,1061,0,1063,G
1-PB2,365,0,1068,0,1,1069,T
1-PB2,366,4,0,0,1062,1066,C
1-PB2,367,0,5,1061,0,1066,G
1-PB2,368,1063,1,3,1,1068,A
1-PB2,369,1063,0,0,0,1063,A
1-PB2,370,1066,0,2,0,1068,A
1-PB2,371,1,8,1083,0,1092,G
1-PB2,372,1,0,1094,0,1095,G
1-PB2,373,0,1087,0,0,1087,T
1-PB2,374,0,1090,0,0,1090,T
1-PB2,375,1087,0,1,0,1088,A
1-PB2,376,1086,0,0,0,1086,A
1-PB2,377,1087,0,1,0,1088,A
1-PB2,378,1102,0,0,2,1104,A
1-PB2,379,0,0,0,1107,1107,C
1-PB2,380,1094,1,0,0,1095,A
1-PB2,381,0,1092,0,0,1092,T
1-PB2,382,0,4,1088,0,1092,G
1-PB2,383,1,5,1089,0,1095,G
1-PB2,384,1091,0,1,0,1092,A
1-PB2,385,1093,0,0,0,1093,A
1-PB2,386,2,0,0,1115,1117,C
1-PB2,387,3,0,0,1118,1121,C
1-PB2,388,0,1112,0,1,1113,T
1-PB2,389,0,1112,0,0,1112,T
1-PB2,390,0,1110,0,3,1113,T
1-PB2,391,1,2,1104,0,1107,G
1-PB2,392,2,0,1113,0,1115,G
1-PB2,393,1,0,0,1115,1116,C
1-PB2,394,3,0,0,1111,1114,C
1-PB2,395,7,0,0,1103,1110,C
1-PB2,396,0,1084,0,0,1084,T
1-PB2,397,1,1,1093,0,1095,G
1-PB2,398,0,1099,0,0,1099,T
1-PB2,399,0,1097,1,0,1098,T
1-PB2,400,9,1,0,1089,1099,C
1-PB2,401,1085,0,0,0,1085,A
1-PB2,402,0,1088,0,0,1088,T
1-PB2,403,0,1084,0,1,1085,T
1-PB2,404,0,1088,0,0,1088,T
1-PB2,405,0,1085,1,0,1086,T
1-PB2,406,1072,0,0,0,1072,A
1-PB2,407,0,1,1072,0,1073,G
1-PB2,408,1063,1,1,0,1065,A
1-PB2,409,1075,0,0,0,1075,A
1-PB2,410,1072,0,0,1,1073,A
1-PB2,411,0,1067,0,0,1067,T
1-PB2,412,9,0,0,1058,1067,C
1-PB2,413,1069,0,0,0,1069,A
1-PB2,414,1072,0,0,0,1072,A
1-PB2,415,0,0,1077,0,1077,G
1-PB2,416,0,1075,0,0,1075,T
1-PB2,417,5,0,0,1073,1078,C
1-PB2,418,1079,0,0,0,1079,A
1-PB2,419,1082,0,1,0,1083,A
1-PB2,420,0,2,1085,0,1087,G
1-PB2,421,1087,0,0,0,1087,A
1-PB2,422,0,1090,0,0,1090,T
1-PB2,423,1100,0,0,0,1100,A
1-PB2,424,2,0,0,1096,1098,C
1-PB2,425,0,0,1092,0,1092,G
1-PB2,426,0,0,0,1128,1128,C
1-PB2,427,1115,1,0,0,1116,A
1-PB2,428,0,1,1126,0,1127,G
1-PB2,429,1120,0,0,0,1120,A
1-PB2,430,1128,0,2,0,1130,A
1-PB2,431,0,5,1135,0,1140,G
1-PB2,432,1121,0,0,0,1121,A
1-PB2,433,1,1,1128,1,1131,G
1-PB2,434,0,1125,0,0,1125,T
1-PB2,435,1109,0,1,0,1110,A
1-PB2,436,0,1,1123,0,1124,G
1-PB2,437,1124,0,1,0,1125,A
1-PB2,438,1,1,0,1157,1159,C
1-PB2,439,1145,0,0,0,1145,A
1-PB2,440,0,1126,0,0,1126,T
1-PB2,441,1116,0,3,0,1119,A
1-PB2,442,1114,0,0,1,1115,A
1-PB2,443,1122,0,0,0,1122,A
1-PB2,444,1,0,0,1131,1132,C
1-PB2,445,2,0,0,1110,1112,C
1-PB2,446,12,1,0,1101,1114,C
1-PB2,447,1,1052,0,0,1053,T
1-PB2,448,0,3,1065,0,1068,G
1-PB2,449,0,2,1081,0,1083,G
1-PB2,450,0,1075,0,6,1081,T
1-PB2,451,10,0,1,1066,1077,C
1-PB2,452,1081,0,0,0,1081,A
1-PB2,453,0,1076,0,1,1077,T
1-PB2,454,0,0,1081,0,1081,G
1-PB2,455,1,1,0,1081,1083,C
1-PB2,456,1068,0,1,0,1069,A
1-PB2,457,0,4,1073,0,1077,G
1-PB2,458,1043,0,2,0,1045,A
1-PB2,459,1,0,0,1060,1061,C
1-PB2,460,2,0,0,1056,1058,C
1-PB2,461,0,1029,0,0,1029,T
1-PB2,462,2,1,0,1032,1035,C
1-PB2,463,1018,0,0,0,1018,A
1-PB2,464,0,0,1038,0,1038,G
1-PB2,465,0,1036,0,1,1037,T
1-PB2,466,0,1,1043,0,1044,G
1-PB2,467,0,0,0,1037,1037,C
1-PB2,468,9,0,0,1017,1026,C
1-PB2,469,1028,0,1,0,1029,A
1-PB2,470,1026,0,0,0,1026,A
1-PB2,471,1018,0,0,0,1018,A
1-PB2,472,0,3,1021,0,1024,G
1-PB2,473,993,0,4,0,997,A
1-PB2,474,0,0,998,0,998,G
1-PB2,475,0,1,996,0,997,G
1-PB2,476,0,0,0,998,998,C
1-PB2,477,999,0,1,0,1000,A
1-PB2,478,0,0,0,1002,1002,C
1-PB2,479,997,0,0,0,997,A
1-PB2,480,1020,0,2,0,1022,A
1-PB2,481,0,3,1033,0,1036,G
1-PB2,482,1048,1,0,0,1049,A
1-PB2,483,0,1038,0,0,1038,T
1-PB2,484,0,0,1047,0,1047,G
1-PB2,485,0,1040,0,0,1040,T
1-PB2,486,1043,0,0,0,1043,A
1-PB2,487,1041,0,0,0,1041,A
1-PB2,488,0,1038,0,0,1038,T
1-PB2,489,5,0,0,973,978,C
1-PB2,490,987,0,0,0,987,A
1-PB2,491,0,987,0,0,987,T
1-PB2,492,0,4,982,0,986,G
1-PB2,493,0,1,988,0,989,G
1-PB2,494,987,0,0,0,987,A
1-PB2,495,979,1,0,0,980,A
1-PB2,496,0,0,979,0,979,G
1-PB2,497,0,979,0,0,979,T
1-PB2,498,0,978,0,0,978,T
1-PB2,499,0,0,985,0,985,G
1-PB2,500,0,974,0,2,976,T
1-PB2,501,0,978,0,0,978,T
1-PB2,502,0,978,0,1,979,T
1-PB2,503,0,980,0,0,980,T
1-PB2,504,0,986,0,0,986,T
1-PB2,505,3,0,0,987,990,C
1-PB2,506,0,0,0,989,989,C
1-PB2,507,0,0,0,994,994,C
1-PB2,508,992,0,1,0,993,A
1-PB2,509,995,1,0,0,996,A
1-PB2,510,0,993,0,1,994,T
1-PB2,511,0,3,1005,0,1008,G
1-PB2,512,1007,0,0,0,1007,A
1-PB2,513,1000,1,0,0,1001,A
1-PB2,514,0,1,1011,0,1012,G
1-PB2,515,0,1003,0,3,1006,T
1-PB2,516,1,5,995,0,1001,G
1-PB2,517,0,0,1004,0,1004,G
1-PB2,518,0,5,993,0,998,G
1-PB2,519,1000,1,2,1,1004,A
1-PB2,520,0,0,1002,0,1002,G
1-PB2,521,1,0,0,1004,1005,C
1-PB2,522,3,0,0,1006,1009,C
1-PB2,523,1006,1,0,0,1007,A
1-PB2,524,1,3,1030,1,1035,G
1-PB2,525,0,0,1037,0,1037,G
1-PB2,526,1046,0,0,0,1046,A
1-PB2,527,1,1034,0,1,1036,T
1-PB2,528,1042,0,1,0,1043,A
1-PB2,529,1,0,0,1041,1042,C
1-PB2,530,0,1037,0,0,1037,T
1-PB2,531,1037,0,0,0,1037,A
1-PB2,532,1030,0,0,0,1030,A
1-PB2,533,1,0,0,1032,1033,C
1-PB2,534,1011,0,0,0,1011,A
1-PB2,535,0,1005,0,1,1006,T
1-PB2,536,4,0,0,998,1002,C
1-PB2,537,986,0,2,0,988,A
1-PB2,538,0,2,996,0,998,G
1-PB2,539,999,1,1,0,1001,A
1-PB2,540,1003,0,0,1,1004,A
1-PB2,541,0,999,0,1,1000,T
1-PB2,542,4,0,0,982,986,C
1-PB2,543,985,0,0,0,985,A
1-PB2,544,2,0,0,1004,1006,C
1-PB2,545,1006,0,0,0,1006,A
1-PB2,546,1014,0,0,0,1014,A
1-PB2,547,0,1003,0,0,1003,T
1-PB2,548,0,1002,0,0,1002,T
1-PB2,549,1007,0,1,0,1008,A
1-PB2,550,1012,0,0,0,1012,A
1-PB2,551,0,0,0,1017,1017,C
1-PB2,552,1010,0,0,0,1010,A
1-PB2,553,1001,0,0,0,1001,A
1-PB2,554,1,1007,0,1,1009,T
1-PB2,555,1004,0,1,0,1005,A
1-PB2,556,1005,1,0,0,1006,A
1-PB2,557,0,1,0,1011,1012,C
1-PB2,558,0,1006,0,0,1006,T
1-PB2,559,1005,0,0,0,1005,A
1-PB2,560,1000,0,0,0,1000,A
1-PB2,561,997,0,2,0,999,A
1-PB2,562,0,4,997,0,1001,G
1-PB2,563,981,1,2,0,984,A
1-PB2,564,1,2,992,0,995,G
1-PB2,565,987,0,1,0,988,A
1-PB2,566,988,0,2,0,990,A
1-PB2,567,987,0,0,0,987,A
1-PB2,568,983,0,0,0,983,A
1-PB2,569,993,0,1,0,994,A
1-PB2,570,990,0,0,0,990,A
1-PB2,571,0,1,991,0,992,G
1-PB2,572,985,0,2,0,987,A
1-PB2,573,985,0,0,0,985,A
1-PB2,574,0,6,979,0,985,G
1-PB2,575,985,0,0,0,985,A
1-PB2,576,981,0,0,0,981,A
1-PB2,577,0,0,0,991,991,C
1-PB2,578,0,980,0,0,980,T
1-PB2,579,2,1,0,980,983,C
1-PB2,580,5,1,0,981,987,C
1-PB2,581,0,7,981,0,988,G
1-PB2,582,984,1,0,0,985,A
1-PB2,583,0,3,980,0,983,G
1-PB2,584,977,0,0,0,977,A
1-PB2,585,1,975,0,0,976,T
1-PB2,586,0,969,0,0,969,T
1-PB2,587,0,1,970,0,971,G
1-PB2,588,0,0,0,971,971,C
1-PB2,589,971,0,1,0,972,A
1-PB2,590,973,0,0,0,973,A
1-PB2,591,971,0,0,0,971,A
1-PB2,592,980,0,1,0,981,A
1-PB2,593,0,981,0,0,981,T
1-PB2,594,0,978,0,0,978,T
1-PB2,595,0,979,0,1,980,T
1-PB2,596,2,0,0,976,978,C
1-PB2,597,0,973,0,1,974,T
1-PB2,598,2,0,0,1071,1073,C
1-PB2,599,1,0,0,1070,1071,C
1-PB2,600,10,0,0,1162,1172,C
1-PB2,601,0,1166,0,4,1170,T
1-PB2,602,0,1183,0,0,1183,T
1-PB2,603,0,5,1185,0,1190,G
1-PB2,604,1188,1,0,0,1189,A
1-PB2,605,0,1215,0,0,1215,T
1-PB2,606,0,6,1232,0,1238,G
1-PB2,607,0,0,1403,0,1403,G
1-PB2,608,0,1426,0,2,1428,T
1-PB2,609,0,1428,0,0,1428,T
1-PB2,610,0,1,1553,0,1554,G
1-PB2,611,1,1,0,1554,1556,C
1-PB2,612,1604,0,1,0,1605,A
1-PB2,613,0,1607,0,0,1607,T
1-PB2,614,1627,0,0,2,1629,A
1-PB2,615,1,0,0,1709,1710,C
1-PB2,616,1943,1,0,6,1950,A
1-PB2,617,1,1997,0,0,1998,T
1-PB2,618,0,2,2097,0,2099,G
1-PB2,619,0,2072,0,3,2075,T
1-PB2,620,0,2074,0,3,2077,T
1-PB2,621,2072,0,3,0,2075,A
1-PB2,622,2,15,2067,0,2084,G
1-PB2,623,2099,1,1,0,2101,A
1-PB2,624,0,14,2111,0,2125,G
1-PB2,625,2064,1,2,1,2068,A
1-PB2,626,0,7,2081,0,2088,G
1-PB2,627,2054,0,5,1,2060,A
1-PB2,628,0,11,2064,0,2075,G
1-PB2,629,2071,0,3,2,2076,A
1-PB2,630,2084,0,1,0,2085,A
1-PB2,631,0,0,0,2093,2093,C
1-PB2,632,0,2076,1,3,2080,T
1-PB2,633,0,2075,1,1,2077,T
1-PB2,634,1,3,2074,0,2078,G
1-PB2,635,2,2073,1,0,2076,T
1-PB2,636,2074,0,3,0,2077,A
1-PB2,637,1,4,0,2061,2066,C
1-PB2,638,1,8,2059,0,2068,G
1-PB2,639,2074,0,0,0,2074,A
1-PB2,640,2072,1,0,0,2073,A
1-PB2,641,2094,1,1,0,2096,A
1-PB2,642,2094,1,0,0,2095,A
1-PB2,643,2098,0,0,1,2099,A
1-PB2,644,0,1,0,2105,2106,C
1-PB2,645,2103,0,0,0,2103,A
1-PB2,646,2106,0,1,0,2107,A
1-PB2,647,0,14,2113,0,2127,G
1-PB2,648,2138,1,0,0,2139,A
1-PB2,649,0,2138,0,2,2140,T
1-PB2,650,0,2135,0,1,2136,T
1-PB2,651,0,2146,1,1,2148,T
1-PB2,652,5,0,0,2158,2163,C
1-PB2,653,0,2165,1,6,2172,T
1-PB2,654,11,0,1,2176,2188,C
1-PB2,655,5,2,0,2176,2183,C
1-PB2,656,10,0,0,2172,2182,C
1-PB2,657,2182,1,0,1,2184,A
1-PB2,658,2,2,2203,0,2207,G
1-PB2,659,2,2208,0,0,2210,T
1-PB2,660,1,2206,0,0,2207,T
1-PB2,661,1,1,2202,0,2204,G
1-PB2,662,0,1,0,2193,2194,C
1-PB2,663,0,2200,0,1,2201,T
1-PB2,664,2,3,2204,0,2209,G
1-PB2,665,0,0,2207,0,2207,G
1-PB2,666,1,8,0,2200,2209,C
1-PB2,667,0,13,2207,0,2220,G
1-PB2,668,1,8,2228,0,2237,G
1-PB2,669,2246,1,3,0,2250,A
1-PB2,670,2249,0,2,0,2251,A
1-PB2,671,1,0,0,2255,2256,C
1-PB2,672,2266,0,1,0,2267,A
1-PB2,673,2266,0,2,0,2268,A
1-PB2,674,1,1,2364,0,2366,G
1-PB2,675,1,1,0,2410,2412,C
1-PB2,676,2439,0,1,0,2440,A
1-PB2,677,0,3,2986,0,2989,G
1-PB2,678,0,2980,0,0,2980,T
1-PB2,679,3009,0,0,0,3009,A
1-PB2,680,0,3005,0,0,3005,T
1-PB2,681,3023,0,0,0,3023,A
1-PB2,682,0,3018,0,2,3020,T
1-PB2,683,2977,0,1,1,2979,A
1-PB2,684,2,0,0,3014,3016,C
1-PB2,685,2910,1,0,0,2911,A
1-PB2,686,1,2795,0,0,2796,T
1-PB2,687,0,2720,0,1,2721,T
1-PB2,688,1,9,2712,1,2723,G
1-PB2,689,2714,0,2,0,2716,A
1-PB2,690,2715,0,2,0,2717,A
1-PB2,691,0,0,2756,0,2756,G
1-PB2,692,1,2730,1,1,2733,T
1-PB2,693,0,2715,1,1,2717,T
1-PB2,694,0,2716,1,3,2720,T
1-PB2,695,1,2716,0,3,2720,T
1-PB2,696,2764,0,2,0,2766,A
1-PB2,697,2,0,0,2789,2791,C
1-PB2,698,2790,0,1,0,2791,A
1-PB2,699,0,2787,0,1,2788,T
1-PB2,700,0,2776,0,1,2777,T
1-PB2,701,0,2772,0,8,2780,T
1-PB2,702,0,27,2797,0,2824,G
1-PB2,703,2841,1,4,0,2846,A
1-PB2,704,1,1,0,2857,2859,C
1-PB2,705,0,2844,0,1,2845,T
1-PB2,706,13,0,0,2823,2836,C
1-PB2,707,2827,0,0,0,2827,A
1-PB2,708,2,20,2786,0,2808,G
1-PB2,709,1,14,2872,0,2887,G
1-PB2,710,2,16,2877,0,2895,G
1-PB2,711,2903,1,3,0,2907,A
1-PB2,712,2907,2,1,1,2911,A
1-PB2,713,2,2,0,2910,2914,C
1-PB2,714,3,0,2935,0,2938,G
1-PB2,715,1,2938,0,0,2939,T
1-PB2,716,1,1,2955,0,2957,G
1-PB2,717,1,2931,0,2,2934,T
1-PB2,718,0,2924,0,0,2924,T
1-PB2,719,1,13,2928,0,2942,G
1-PB2,720,2,9,2919,1,2931,G
1-PB2,721,3,15,2941,0,2959,G
1-PB2,722,2942,1,4,0,2947,A
1-PB2,723,2940,0,1,0,2941,A
1-PB2,724,2,0,0,3005,3007,C
1-PB2,725,2995,0,3,0,2998,A
1-PB2,726,3082,0,0,0,3082,A
1-PB2,727,3090,0,0,0,3090,A
1-PB2,728,0,3116,0,0,3116,T
1-PB2,729,3,2,3155,0,3160,G
1-PB2,730,0,3145,0,1,3146,T
1-PB2,731,3149,0,2,0,3151,A
1-PB2,732,1,1,0,3153,3155,C
1-PB2,733,3105,0,5,0,3110,A
1-PB2,734,0,0,0,3109,3109,C
1-PB2,735,0,3021,0,3,3024,T
1-PB2,736,14,0,0,3274,3288,C
1-PB2,737,4,0,1,3283,3288,C
1-PB2,738,3343,0,2,0,3345,A
1-PB2,739,2,15,3354,0,3371,G
1-PB2,740,1,4,3430,0,3435,G
1-PB2,741,0,3413,0,2,3415,T
1-PB2,742,1,9,3404,0,3414,G
1-PB2,743,0,10,3339,0,3349,G
1-PB2,744,3307,0,13,0,3320,A
1-PB2,745,1,7,3337,0,3345,G
1-PB2,746,1,24,3316,0,3341,G
1-PB2,747,3299,1,1,0,3301,A
1-PB2,748,0,2,3327,0,3329,G
1-PB2,749,0,3263,0,3,3266,T
1-PB2,750,0,9,3273,0,3282,G
1-PB2,751,3276,1,5,0,3282,A
1-PB2,752,0,19,3285,0,3304,G
1-PB2,753,2,14,3301,1,3318,G
1-PB2,754,3286,1,1,0,3288,A
1-PB2,755,3301,0,1,0,3302,A
1-PB2,756,0,3298,0,1,3299,T
1-PB2,757,1,23,3267,1,3292,G
1-PB2,758,3291,1,3,0,3295,A
1-PB2,759,1,6,1,3278,3286,C
1-PB2,760,1,18,3268,0,3287,G
1-PB2,761,3305,0,1,0,3306,A
1-PB2,762,0,3290,0,2,3292,T
1-PB2,763,0,2,3313,0,3315,G
1-PB2,764,0,3305,1,1,3307,T
1-PB2,765,2,3277,0,2,3281,T
1-PB2,766,1,27,3274,1,3303,G
1-PB2,767,3312,0,1,0,3313,A
1-PB2,768,3,0,0,3310,3313,C
1-PB2,769,24,0,0,3281,3305,C
1-PB2,770,3272,1,1,0,3274,A
1-PB2,771,3288,0,1,1,3290,A
1-PB2,772,3280,0,2,0,3282,A
1-PB2,773,0,2,3331,0,3333,G
1-PB2,774,6,0,0,3333,3339,C
1-PB2,775,14,1,0,3305,3320,C
1-PB2,776,0,3325,0,2,3327,T
1-PB2,777,3330,1,0,1,3332,A
1-PB2,778,3332,0,1,0,3333,A
1-PB2,779,0,3344,1,0,3345,T
1-PB2,780,1,3332,0,1,3334,T
1-PB2,781,3297,1,2,0,3300,A
1-PB2,782,1,3249,0,1,3251,T
1-PB2,783,0,3236,1,1,3238,T
1-PB2,784,0,3,3217,0,3220,G
1-PB2,785,11,2,0,3209,3222,C
1-PB2,786,2,13,3200,0,3215,G
1-PB2,787,0,2,3270,0,3272,G
1-PB2,788,3,0,0,3263,3266,C
1-PB2,789,5,2,1,3275,3283,C
1-PB2,790,3276,0,1,0,3277,A
1-PB2,791,0,5,3315,1,3321,G
1-PB2,792,2,14,3331,0,3347,G
1-PB2,793,3349,1,3,1,3354,A
1-PB2,794,3365,0,4,0,3369,A
1-PB2,795,1,0,0,3387,3388,C
1-PB2,796,3345,0,3,1,3349,A
1-PB2,797,0,3411,0,0,3411,T
1-PB2,798,3442,1,2,1,3446,A
1-PB2,799,1,5,3462,0,3468,G
1-PB2,800,0,3446,0,0,3446,T
1-PB2,801,3435,0,1,0,3436,A
1-PB2,802,3430,2,1,1,3434,A
1-PB2,803,0,6,3430,0,3436,G
1-PB2,804,3424,1,0,0,3425,A
1-PB2,805,3363,0,2,0,3365,A
1-PB2,806,5,14,3344,0,3363,G
1-PB2,807,3265,0,8,2,3275,A
1-PB2,808,0,1,3287,0,3288,G
1-PB2,809,2,1,1,3280,3284,C
1-PB2,810,6,1,0,3263,3270,C
1-PB2,811,4,4,3277,0,3285,G
1-PB2,812,2,1,0,3298,3301,C
1-PB2,813,3296,0,2,3,3301,A
1-PB2,814,0,2,3498,0,3500,G
1-PB2,815,0,3497,0,1,3498,T
1-PB2,816,3505,3,6,0,3514,A
1-PB2,817,1,3479,0,2,3482,T
1-PB2,818,13,0,0,3496,3509,C
1-PB2,819,3500,0,2,0,3502,A
1-PB2,820,1,2,3498,0,3501,G
1-PB2,821,1,2,0,3494,3497,C
1-PB2,822,3390,0,0,0,3390,A
1-PB2,823,0,8,3353,0,3361,G
1-PB2,824,3377,2,1,0,3380,A
1-PB2,825,1,3367,0,0,3368,T
1-PB2,826,9,1,0,3365,3375,C
1-PB2,827,21,1,1,3356,3379,C
1-PB2,828,3390,0,0,0,3390,A
1-PB2,829,1,0,0,3399,3400,C
1-PB2,830,0,3387,0,2,3389,T
1-PB2,831,3407,1,2,0,3410,A
1-PB2,832,1,2,3411,0,3414,G
1-PB2,833,0,2,0,3391,3393,C
1-PB2,834,3392,0,0,0,3392,A
1-PB2,835,1,3405,1,1,3408,T
1-PB2,836,7,0,0,3438,3445,C
1-PB2,837,1,3420,4,0,3425,T
1-PB2,838,1,3503,2,0,3506,T
1-PB2,839,1,3514,1,0,3516,T
1-PB2,840,3507,0,0,0,3507,A
1-PB2,841,0,3521,0,2,3523,T
1-PB2,842,0,3500,0,2,3502,T
1-PB2,843,2,16,3485,0,3503,G
1-PB2,844,0,17,3483,0,3500,G
1-PB2,845,3469,1,4,0,3474,A
1-PB2,846,1,7,3476,0,3484,G
1-PB2,847,3445,0,0,1,3446,A
1-PB2,848,0,3436,0,0,3436,T
1-PB2,849,0,1,3506,0,3507,G
1-PB2,850,4,3502,0,1,3507,T
1-PB2,851,0,5,3500,1,3506,G
1-PB2,852,1,3,0,3512,3516,C
1-PB2,853,15,1,0,3483,3499,C
1-PB2,854,3492,1,4,1,3498,A
1-PB2,855,2,1,0,3490,3493,C
1-PB2,856,3447,0,2,0,3449,A
1-PB2,857,0,2,3507,1,3510,G
1-PB2,858,2,0,0,3451,3453,C
1-PB2,859,3421,0,6,1,3428,A
1-PB2,860,2,3,0,3414,3419,C
1-PB2,861,3428,0,0,0,3428,A
1-PB2,862,3,0,0,3443,3446,C
1-PB2,863,3429,0,1,0,3430,A
1-PB2,864,3428,1,4,1,3434,A
1-PB2,865,3425,1,1,0,3427,A
1-PB2,866,0,3363,0,0,3363,T
1-PB2,867,0,3361,0,1,3362,T
1-PB2,868,0,10,3347,0,3357,G
1-PB2,869,2,3,3346,0,3351,G
1-PB2,870,3,3,0,3341,3347,C
1-PB2,871,1,15,3306,0,3322,G
1-PB2,872,2,9,3307,0,3318,G
1-PB2,873,3304,0,1,0,3305,A
1-PB2,874,3373,1,0,0,3374,A
1-PB2,875,2,0,0,3380,3382,C
1-PB2,876,3385,1,2,0,3388,A
1-PB2,877,3376,0,6,0,3382,A
1-PB2,878,0,14,3389,0,3403,G
1-PB2,879,1,8,3403,0,3412,G
1-PB2,880,3421,0,1,0,3422,A
1-PB2,881,0,3277,0,1,3278,T
1-PB2,882,0,20,3240,1,3261,G
1-PB2,883,1,2,3274,0,3277,G
1-PB2,884,1,3259,0,0,3260,T
1-PB2,885,2,16,3238,1,3257,G
1-PB2,886,0,7,3233,0,3240,G
1-PB2,887,3210,1,5,0,3216,A
1-PB2,888,1,1,0,3211,3213,C
1-PB2,889,3177,0,0,0,3177,A
1-PB2,890,0,3555,0,0,3555,T
1-PB2,891,1,3544,0,3,3548,T
1-PB2,892,21,2,1,3528,3552,C
1-PB2,893,1,3492,0,5,3498,T
1-PB2,894,0,3506,0,0,3506,T
1-PB2,895,3505,0,1,0,3506,A
1-PB2,896,2,9,3525,0,3536,G
1-PB2,897,3527,0,2,0,3529,A
1-PB2,898,2,0,0,3521,3523,C
1-PB2,899,3073,0,4,0,3077,A
1-PB2,900,1,9,3114,0,3124,G
1-PB2,901,3099,0,4,0,3103,A
1-PB2,902,3108,0,3,0,3111,A
1-PB2,903,2,0,0,3109,3111,C
1-PB2,904,9,0,1,3084,3094,C
1-PB2,905,25,0,1,3063,3089,C
1-PB2,906,2,19,3060,12,3093,G
1-PB2,907,3090,0,5,0,3095,A
1-PB2,908,5,2,0,3099,3106,C
1-PB2,909,0,3065,1,2,3068,T
1-PB2,910,3,6,3085,0,3094,G
1-PB2,911,3092,0,1,0,3093,A
1-PB2,912,3090,1,5,0,3096,A
1-PB2,913,1,26,3088,0,3115,G
1-PB2,914,3110,0,0,0,3110,A
1-PB2,915,3109,0,1,0,3110,A
1-PB2,916,0,0,0,3104,3104,C
1-PB2,917,3082,2,1,1,3086,A
1-PB2,918,3099,0,2,0,3101,A
1-PB2,919,1,1,3123,1,3126,G
1-PB2,920,3,1,0,3151,3155,C
1-PB2,921,0,3121,1,0,3122,T
1-PB2,922,0,2,3181,0,3183,G
1-PB2,923,0,3177,0,1,3178,T
1-PB2,924,0,17,3229,1,3247,G
1-PB2,925,1,6,3333,0,3340,G
1-PB2,926,3342,0,2,0,3344,A
1-PB2,927,1,3333,1,0,3335,T
1-PB2,928,3336,2,0,0,3338,A
1-PB2,929,0,3298,0,0,3298,T
1-PB2,930,3374,0,11,0,3385,A
1-PB2,931,0,3343,0,3,3346,T
1-PB2,932,0,5,3338,0,3343,G
1-PB2,933,5,1,0,3297,3303,C
1-PB2,934,3199,1,1,0,3201,A
1-PB2,935,3201,0,4,0,3205,A
1-PB2,936,0,6,3185,0,3191,G
1-PB2,937,0,3,3206,0,3209,G
1-PB2,938,9,0,0,3201,3210,C
1-PB2,939,0,3147,0,6,3153,T
1-PB2,940,1,3,3172,0,3176,G
1-PB2,941,4,3,0,3171,3178,C
1-PB2,942,3182,2,0,0,3184,A
1-PB2,943,3185,2,3,0,3190,A
1-PB2,944,0,3177,0,0,3177,T
1-PB2,945,1,22,3165,1,3189,G
1-PB2,946,1,15,3161,0,3177,G
1-PB2,947,0,6,3176,0,3182,G
1-PB2,948,3176,1,1,0,3178,A
1-PB2,949,0,3164,1,0,3165,T
1-PB2,950,1,3132,0,0,3133,T
1-PB2,951,1,20,3119,0,3140,G
1-PB2,952,3127,1,5,0,3133,A
1-PB2,953,0,8,3149,1,3158,G
1-PB2,954,3138,0,2,0,3140,A
1-PB2,955,3115,1,2,0,3118,A
1-PB2,956,1,3085,0,2,3088,T
1-PB2,957,14,0,0,3086,3100,C
1-PB2,958,3096,0,4,0,3100,A
1-PB2,959,1,1,3117,0,3119,G
1-PB2,960,1,1,0,3114,3116,C
1-PB2,961,1,3094,0,4,3099,T
1-PB2,962,26,1,0,3070,3097,C
1-PB2,963,3099,0,0,0,3099,A
1-PB2,964,0,3156,0,1,3157,T
1-PB2,965,7,1,0,3153,3161,C
1-PB2,966,16,1,1,3165,3183,C
1-PB2,967,2,3163,0,1,3166,T
1-PB2,968,0,3145,0,4,3149,T
1-PB2,969,6,0,0,3145,3151,C
1-PB2,970,3147,0,2,0,3149,A
1-PB2,971,0,0,3198,0,3198,G
1-PB2,972,1,2,0,3185,3188,C
1-PB2,973,0,3132,2,6,3140,T
1-PB2,974,2,3127,0,2,3131,T
1-PB2,975,0,3113,0,0,3113,T
1-PB2,976,0,6,3104,0,3110,G
1-PB2,977,0,1,3114,0,3115,G
1-PB2,978,1,3100,0,1,3102,T
1-PB2,979,1,38,3077,1,3117,G
1-PB2,980,0,10,3097,0,3107,G
1-PB2,981,0,1,3129,0,3130,G
1-PB2,982,0,3116,0,1,3117,T
1-PB2,983,1,3101,0,3,3105,T
1-PB2,984,2,3105,0,1,3108,T
1-PB2,985,3118,0,1,0,3119,A
1-PB2,986,0,0,1,3126,3127,C
1-PB2,987,3119,0,0,0,3119,A
1-PB2,988,0,3110,0,0,3110,T
1-PB2,989,0,3054,0,0,3054,T
1-PB2,990,1,3040,0,0,3041,T
1-PB2,991,3040,0,0,0,3040,A
1-PB2,992,3040,0,0,0,3040,A
1-PB2,993,3038,0,0,0,3038,A
1-PB2,994,3024,0,3,0,3027,A
1-PB2,995,1,17,3022,0,3040,G
1-PB2,996,3009,1,0,2,3012,A
1-PB2,997,3021,0,1,0,3022,A
1-PB2,998,3,0,0,3031,3034,C
1-PB2,999,3024,0,2,1,3027,A
1-PB2,1000,3030,0,3,0,3033,A
1-PB2,1001,0,0,3037,0,3037,G
1-PB2,1002,5,1,1,3032,3039,C
1-PB2,1003,2,24,3007,0,3033,G
1-PB2,1004,1,16,3021,1,3039,G
1-PB2,1005,1,4,3035,0,3040,G
1-PB2,1006,1,3021,1,0,3023,T
1-PB2,1007,21,1,1,2987,3010,C
1-PB2,1008,3021,1,3,0,3025,A
1-PB2,1009,0,3001,0,8,3009,T
1-PB2,1010,9,2,0,3009,3020,C
1-PB2,1011,2988,0,4,0,2992,A
1-PB2,1012,1,0,3029,1,3031,G
1-PB2,1013,2,2996,0,1,2999,T
1-PB2,1014,26,1,0,2977,3004,C
1-PB2,1015,3003,0,0,0,3003,A
1-PB2,1016,2998,1,0,0,2999,A
1-PB2,1017,2996,0,3,2,3001,A
1-PB2,1018,2995,0,0,0,2995,A
1-PB2,1019,3011,0,1,0,3012,A
1-PB2,1020,3010,0,2,1,3013,A
1-PB2,1021,1,6,3017,0,3024,G
1-PB2,1022,3017,0,1,0,3018,A
1-PB2,1023,3015,0,2,0,3017,A
1-PB2,1024,0,9,3006,0,3015,G
1-PB2,1025,2996,0,1,0,2997,A
1-PB2,1026,2929,0,18,0,2947,A
1-PB2,1027,1,13,2929,0,2943,G
1-PB2,1028,2929,0,1,0,2930,A
1-PB2,1029,0,5,2929,0,2934,G
1-PB2,1030,0,0,2994,0,2994,G
1-PB2,1031,2,2998,0,1,3001,T
1-PB2,1032,0,2,3051,0,3053,G
1-PB2,1033,2,0,0,3066,3068,C
1-PB2,1034,1,3048,2,6,3057,T
1-PB2,1035,0,3069,0,1,3070,T
1-PB2,1036,3066,0,1,0,3067,A
1-PB2,1037,4,0,0,3063,3067,C
1-PB2,1038,3030,0,3,0,3033,A
1-PB2,1039,0,10,3022,0,3032,G
1-PB2,1040,3,3,3021,0,3027,G
1-PB2,1041,3,1,1,2967,2972,C
1-PB2,1042,2938,0,1,0,2939,A
1-PB2,1043,2955,0,1,0,2956,A
1-PB2,1044,1,2983,1,0,2985,T
1-PB2,1045,10,0,0,3035,3045,C
1-PB2,1046,0,3031,0,2,3033,T
1-PB2,1047,13,0,1,3026,3040,C
1-PB2,1048,9,0,0,3025,3034,C
1-PB2,1049,3029,0,3,0,3032,A
1-PB2,1050,3028,1,1,0,3030,A
1-PB2,1051,3033,0,2,2,3037,A
1-PB2,1052,3,1,0,3056,3060,C
1-PB2,1053,2998,0,1,0,2999,A
1-PB2,1054,0,2953,0,0,2953,T
1-PB2,1055,0,2929,0,1,2930,T
1-PB2,1056,0,6,2930,0,2936,G
1-PB2,1057,2920,2,0,0,2922,A
1-PB2,1058,3,7,2877,0,2887,G
1-PB2,1059,3006,0,2,0,3008,A
1-PB2,1060,3005,0,0,0,3005,A
1-PB2,1061,3,3024,0,1,3028,T
1-PB2,1062,3038,0,0,0,3038,A
1-PB2,1063,3036,0,4,1,3041,A
1-PB2,1064,0,18,3094,0,3112,G
1-PB2,1065,3055,0,3,1,3059,A
1-PB2,1066,0,2,3152,0,3154,G
1-PB2,1067,1,3063,0,3,3067,T
1-PB2,1068,3079,0,2,0,3081,A
1-PB2,1069,0,1,1,3148,3150,C
1-PB2,1070,3118,1,3,0,3122,A
1-PB2,1071,0,3120,0,0,3120,T
1-PB2,1072,0,17,3093,1,3111,G
1-PB2,1073,3021,1,3,1,3026,A
1-PB2,1074,1,28,3023,0,3052,G
1-PB2,1075,1,20,3030,0,3051,G
1-PB2,1076,0,17,3154,0,3171,G
1-PB2,1077,0,3,3199,0,3202,G
1-PB2,1078,0,3140,0,2,3142,T
1-PB2,1079,3144,0,0,0,3144,A
1-PB2,1080,0,3130,1,0,3131,T
1-PB2,1081,0,7,3140,0,3147,G
1-PB2,1082,3135,2,1,1,3139,A
1-PB2,1083,2,13,3118,0,3133,G
1-PB2,1084,1,14,3104,0,3119,G
1-PB2,1085,2908,0,3,0,2911,A
1-PB2,1086,0,1,2993,0,2994,G
1-PB2,1087,1,2974,0,2,2977,T
1-PB2,1088,1,3053,0,4,3058,T
1-PB2,1089,18,0,0,3053,3071,C
1-PB2,1090,3063,1,4,0,3068,A
1-PB2,1091,4,4,0,3056,3064,C
1-PB2,1092,3063,0,1,0,3064,A
1-PB2,1093,3076,0,2,0,3078,A
1-PB2,1094,1,3074,0,0,3075,T
1-PB2,1095,1,15,3014,2,3032,G
1-PB2,1096,1,4,3058,0,3063,G
1-PB2,1097,1,2991,0,1,2993,T
1-PB2,1098,3,12,2975,0,2990,G
1-PB2,1099,1,21,2978,0,3000,G
1-PB2,1100,1,13,2990,1,3005,G
1-PB2,1101,0,8,3018,1,3027,G
1-PB2,1102,3012,0,2,0,3014,A
1-PB2,1103,3009,1,2,0,3012,A
1-PB2,1104,3008,0,0,0,3008,A
1-PB2,1105,2945,0,6,0,2951,A
1-PB2,1106,0,21,2962,0,2983,G
1-PB2,1107,2964,1,5,0,2970,A
1-PB2,1108,1,4,2971,0,2976,G
1-PB2,1109,7,1,0,2964,2972,C
1-PB2,1110,2949,0,4,0,2953,A
1-PB2,1111,2953,0,5,0,2958,A
1-PB2,1112,1,0,1,3051,3053,C
1-PB2,1113,3048,0,3,0,3051,A
1-PB2,1114,0,2,3095,0,3097,G
1-PB2,1115,7,1,0,3058,3066,C
1-PB2,1116,1,3056,0,2,3059,T
1-PB2,1117,3151,0,0,0,3151,A
1-PB2,1118,0,3147,1,1,3149,T
1-PB2,1119,3162,0,1,0,3163,A
1-PB2,1120,5,0,0,3154,3159,C
1-PB2,1121,1,3021,0,6,3028,T
1-PB2,1122,3032,0,4,0,3036,A
1-PB2,1123,2971,1,0,0,2972,A
1-PB2,1124,0,22,2960,0,2982,G
1-PB2,1125,2974,1,2,0,2977,A
1-PB2,1126,2897,1,1,0,2899,A
1-PB2,1127,2891,9,1,0,2901,A
1-PB2,1128,2883,0,3,0,2886,A
1-PB2,1129,1,2,2901,0,2904,G
1-PB2,1130,1,2,0,2890,2893,C
1-PB2,1131,2892,0,0,1,2893,A
1-PB2,1132,2896,1,2,0,2899,A
1-PB2,1133,4,1,0,2896,2901,C
1-PB2,1134,6,0,0,2910,2916,C
1-PB2,1135,2915,1,0,0,2916,A
1-PB2,1136,1,5,2916,0,2922,G
1-PB2,1137,2923,0,2,0,2925,A
1-PB2,1138,2916,0,2,0,2918,A
1-PB2,1139,0,8,2924,0,2932,G
1-PB2,1140,2925,0,2,0,2927,A
1-PB2,1141,1,2908,0,2,2911,T
1-PB2,1142,2,2876,1,2,2881,T
1-PB2,1143,0,9,2886,0,2895,G
1-PB2,1144,0,1,2954,0,2955,G
1-PB2,1145,1,2936,0,1,2938,T
1-PB2,1146,1,2927,0,4,2932,T
1-PB2,1147,21,0,1,2902,2924,C
1-PB2,1148,2908,0,1,0,2909,A
1-PB2,1149,2897,0,3,0,2900,A
1-PB2,1150,5,0,0,3094,3099,C
1-PB2,1151,1,3081,1,15,3098,T
1-PB2,1152,19,0,1,3111,3131,C
1-PB2,1153,3110,2,1,0,3113,A
1-PB2,1154,0,3121,0,0,3121,T
1-PB2,1155,3121,0,2,0,3123,A
1-PB2,1156,2,1,3138,0,3141,G
1-PB2,1157,0,3048,0,2,3050,T
1-PB2,1158,1,28,3057,0,3086,G
1-PB2,1159,2974,0,2,0,2976,A
1-PB2,1160,0,4,3017,0,3021,G
1-PB2,1161,0,2992,0,3,2995,T
1-PB2,1162,1,10,2978,1,2990,G
1-PB2,1163,0,7,3012,0,3019,G
1-PB2,1164,3020,0,1,0,3021,A
1-PB2,1165,3003,1,2,0,3006,A
1-PB2,1166,2,10,3008,0,3020,G
1-PB2,1167,2960,1,1,0,2962,A
1-PB2,1168,0,7,2975,1,2983,G
1-PB2,1169,2957,0,3,0,2960,A
1-PB2,1170,0,1,0,2961,2962,C
1-PB2,1171,1,28,2936,0,2965,G
1-PB2,1172,2935,0,1,1,2937,A
1-PB2,1173,2942,0,6,0,2948,A
1-PB2,1174,1,0,1,2957,2959,C
1-PB2,1175,2927,0,2,0,2929,A
1-PB2,1176,9,6,3049,0,3064,G
1-PB2,1177,1,3040,0,4,3045,T
1-PB2,1178,22,2,0,3021,3045,C
1-PB2,1179,3055,0,0,0,3055,A
1-PB2,1180,3044,0,0,0,3044,A
1-PB2,1181,1,3036,1,2,3040,T
1-PB2,1182,3027,0,0,0,3027,A
1-PB2,1183,2,1,3028,0,3031,G
1-PB2,1184,0,10,1,3008,3019,C
1-PB2,1185,18,3,0,2917,2938,C
1-PB2,1186,3,4,2912,0,2919,G
1-PB2,1187,2921,0,0,1,2922,A
1-PB2,1188,2931,1,3,0,2935,A
1-PB2,1189,0,2,2941,0,2943,G
1-PB2,1190,0,1,0,2998,2999,C
1-PB2,1191,2995,0,0,0,2995,A
1-PB2,1192,3002,0,1,0,3003,A
1-PB2,1193,0,2997,0,4,3001,T
1-PB2,1194,3016,0,0,0,3016,A
1-PB2,1195,3041,1,0,0,3042,A
1-PB2,1196,1,3051,0,0,3052,T
1-PB2,1197,12,1,0,3014,3027,C
1-PB2,1198,1,2,3014,0,3017,G
1-PB2,1199,1,2951,0,2,2954,T
1-PB2,1200,1,9,2935,0,2945,G
1-PB2,1201,3,1,2969,0,2973,G
1-PB2,1202,1,1,0,2974,2976,C
1-PB2,1203,11,3,0,2945,2959,C
1-PB2,1204,2942,0,0,0,2942,A
1-PB2,1205,0,2938,1,4,2943,T
1-PB2,1206,3,14,2931,0,2948,G
1-PB2,1207,0,2,2969,0,2971,G
1-PB2,1208,0,2959,1,0,2960,T
1-PB2,1209,0,2,2963,0,2965,G
1-PB2,1210,1,2851,3,3,2858,T
1-PB2,1211,0,2843,1,2,2846,T
1-PB2,1212,1,2844,0,1,2846,T
1-PB2,1213,0,2843,0,0,2843,T
1-PB2,1214,10,2,0,2859,2871,C
1-PB2,1215,2861,0,2,0,2863,A
1-PB2,1216,3,2,0,2914,2919,C
1-PB2,1217,2867,1,1,1,2870,A
1-PB2,1218,2845,3,1,0,2849,A
1-PB2,1219,0,8,2845,0,2853,G
1-PB2,1220,2842,0,0,0,2842,A
1-PB2,1221,2756,0,45,0,2801,A
1-PB2,1222,0,8,2837,0,2845,G
1-PB2,1223,2839,0,3,0,2842,A
1-PB2,1224,1,2848,0,0,2849,T
1-PB2,1225,0,2782,0,0,2782,T
1-PB2,1226,1,2,2778,0,2781,G
1-PB2,1227,3,1,0,2746,2750,C
1-PB2,1228,2762,1,4,0,2767,A
1-PB2,1229,2,2791,0,1,2794,T
1-PB2,1230,0,7,2885,0,2892,G
1-PB2,1231,2895,1,5,0,2901,A
1-PB2,1232,0,2920,0,0,2920,T
1-PB2,1233,2909,1,0,0,2910,A
1-PB2,1234,2910,0,0,1,2911,A
1-PB2,1235,2909,0,1,0,2910,A
1-PB2,1236,2909,0,4,0,2913,A
1-PB2,1237,1,2,2919,1,2923,G
1-PB2,1238,4,2,0,2967,2973,C
1-PB2,1239,3017,1,0,1,3019,A
1-PB2,1240,0,5,3103,0,3108,G
1-PB2,1241,2,3089,0,8,3099,T
1-PB2,1242,0,3098,0,0,3098,T
1-PB2,1243,3100,1,0,0,3101,A
1-PB2,1244,1,9,3113,0,3123,G
1-PB2,1245,3091,0,4,1,3096,A
1-PB2,1246,0,13,3083,1,3097,G
1-PB2,1247,0,1,3087,0,3088,G
1-PB2,1248,0,2964,0,0,2964,T
1-PB2,1249,3,35,2927,0,2965,G
1-PB2,1250,2976,1,1,0,2978,A
1-PB2,1251,0,1,1,2986,2988,C
1-PB2,1252,11,0,0,2982,2993,C
1-PB2,1253,1,2982,0,2,2985,T
1-PB2,1254,3,23,2977,1,3004,G
1-PB2,1255,3007,0,2,0,3009,A
1-PB2,1256,3000,0,1,1,3002,A
1-PB2,1257,0,3009,0,0,3009,T
1-PB2,1258,2,3025,0,1,3028,T
1-PB2,1259,0,3045,0,1,3046,T
1-PB2,1260,4,0,0,3029,3033,C
1-PB2,1261,1,1,3026,1,3029,G
1-PB2,1262,0,3023,0,4,3027,T
1-PB2,1263,13,1,1,3012,3027,C
1-PB2,1264,3025,0,2,0,3027,A
1-PB2,1265,3026,1,0,1,3028,A
1-PB2,1266,2,0,0,3024,3026,C
1-PB2,1267,2978,0,3,0,2981,A
1-PB2,1268,0,23,2982,0,3005,G
1-PB2,1269,2988,0,5,0,2993,A
1-PB2,1270,0,1,3003,0,3004,G
1-PB2,1271,1,1,0,3004,3006,C
1-PB2,1272,2996,0,1,0,2997,A
1-PB2,1273,3031,0,2,0,3033,A
1-PB2,1274,3028,0,0,0,3028,A
1-PB2,1275,0,3025,1,1,3027,T
1-PB2,1276,10,0,0,3014,3024,C
1-PB2,1277,2981,1,2,0,2984,A
1-PB2,1278,0,1,2989,0,2990,G
1-PB2,1279,5,5,0,2982,2992,C
1-PB2,1280,1,10,2991,0,3002,G
1-PB2,1281,0,0,3118,0,3118,G
1-PB2,1282,0,3103,1,1,3105,T
1-PB2,1283,0,3101,0,1,3102,T
1-PB2,1284,1,17,3096,0,3114,G
1-PB2,1285,3112,0,1,0,3113,A
1-PB2,1286,3122,0,6,0,3128,A
1-PB2,1287,4,0,0,3152,3156,C
1-PB2,1288,13,1,0,3116,3130,C
1-PB2,1289,17,2,0,3130,3149,C
1-PB2,1290,23,1,2,3039,3065,C
1-PB2,1291,3086,0,3,0,3089,A
1-PB2,1292,1,3108,0,1,3110,T
1-PB2,1293,0,3,3106,0,3109,G
1-PB2,1294,2,1,0,3113,3116,C
1-PB2,1295,3103,0,1,0,3104,A
1-PB2,1296,0,3076,0,1,3077,T
1-PB2,1297,6,0,2,3062,3070,C
1-PB2,1298,3048,0,3,0,3051,A
1-PB2,1299,0,2,3095,0,3097,G
1-PB2,1300,1,0,0,3097,3098,C
1-PB2,1301,0,3089,1,8,3098,T
1-PB2,1302,0,3101,0,3,3104,T
1-PB2,1303,0,3088,0,1,3089,T
1-PB2,1304,0,3096,0,1,3097,T
1-PB2,1305,3089,0,3,0,3092,A
1-PB2,1306,3081,2,1,0,3084,A
1-PB2,1307,0,15,3077,0,3092,G
1-PB2,1308,2,3,3058,0,3063,G
1-PB2,1309,1,1,0,3045,3047,C
1-PB2,1310,3041,0,0,0,3041,A
1-PB2,1311,1,3049,0,0,3050,T
1-PB2,1312,0,3061,0,0,3061,T
1-PB2,1313,0,3060,1,1,3062,T
1-PB2,1314,0,3075,0,2,3077,T
1-PB2,1315,8,0,0,3075,3083,C
1-PB2,1316,3071,0,1,0,3072,A
1-PB2,1317,0,5,3064,0,3069,G
1-PB2,1318,3058,1,3,0,3062,A
1-PB2,1319,3067,0,1,0,3068,A
1-PB2,1320,3051,0,8,0,3059,A
1-PB2,1321,0,13,3062,0,3075,G
1-PB2,1322,3078,1,1,0,3080,A
1-PB2,1323,0,3074,0,1,3075,T
1-PB2,1324,2,1,3074,0,3077,G
1-PB2,1325,2,0,0,3073,3075,C
1-PB2,1326,1,12,3063,1,3077,G
1-PB2,1327,3080,1,1,0,3082,A
1-PB2,1328,3078,0,0,0,3078,A
1-PB2,1329,3074,0,3,1,3078,A
1-PB2,1330,0,1,3081,0,3082,G
1-PB2,1331,0,3055,0,4,3059,T
1-PB2,1332,1,5,3050,0,3056,G
1-PB2,1333,1,1,0,3044,3046,C
1-PB2,1334,0,3038,0,3,3041,T
1-PB2,1335,1,3046,0,0,3047,T
1-PB2,1336,0,3047,1,1,3049,T
1-PB2,1337,0,3052,0,1,3053,T
1-PB2,1338,0,3046,0,2,3048,T
1-PB2,1339,6,0,0,3047,3053,C
1-PB2,1340,3050,1,2,0,3053,A
1-PB2,1341,3062,1,2,1,3066,A
1-PB2,1342,3059,0,1,1,3061,A
1-PB2,1343,3076,1,0,1,3078,A
1-PB2,1344,0,3068,0,0,3068,T
1-PB2,1345,0,3061,1,0,3062,T
1-PB2,1346,0,16,3059,0,3075,G
1-PB2,1347,0,16,3054,0,3070,G
1-PB2,1348,1,12,3060,0,3073,G
1-PB2,1349,0,11,3094,0,3105,G
1-PB2,1350,3086,1,1,0,3088,A
1-PB2,1351,0,3,3143,0,3146,G
1-PB2,1352,0,3129,1,2,3132,T
1-PB2,1353,0,3132,1,3,3136,T
1-PB2,1354,3,25,3125,0,3153,G
1-PB2,1355,3146,1,1,0,3148,A
1-PB2,1356,3144,1,5,0,3150,A
1-PB2,1357,3,2,1,3217,3223,C
1-PB2,1358,3174,0,0,0,3174,A
1-PB2,1359,2,0,0,3233,3235,C
1-PB2,1360,3189,0,1,0,3190,A
1-PB2,1361,1,3197,0,1,3199,T
1-PB2,1362,10,2,0,3183,3195,C
1-PB2,1363,1,17,3174,0,3192,G
1-PB2,1364,3196,0,3,0,3199,A
1-PB2,1365,3,1,0,3196,3200,C
1-PB2,1366,3091,0,1,0,3092,A
1-PB2,1367,0,0,3186,0,3186,G
1-PB2,1368,0,3126,0,2,3128,T
1-PB2,1369,0,2,3163,1,3166,G
1-PB2,1370,0,3150,0,6,3156,T
1-PB2,1371,0,7,3144,1,3152,G
1-PB2,1372,3152,0,4,0,3156,A
1-PB2,1373,0,3127,0,1,3128,T
1-PB2,1374,1,15,3117,0,3133,G
1-PB2,1375,1,2,3121,0,3124,G
1-PB2,1376,0,11,3077,1,3089,G
1-PB2,1377,3054,0,0,0,3054,A
1-PB2,1378,3005,1,4,2,3012,A
1-PB2,1379,0,3004,0,0,3004,T
1-PB2,1380,2,14,3021,1,3038,G
1-PB2,1381,3038,1,1,0,3040,A
1-PB2,1382,2,3035,0,1,3038,T
1-PB2,1383,2,3030,0,0,3032,T
1-PB2,1384,6,20,2995,0,3021,G
1-PB2,1385,2,19,3050,0,3071,G
1-PB2,1386,3062,1,3,0,3066,A
1-PB2,1387,0,1,3096,0,3097,G
1-PB2,1388,1,3054,0,1,3056,T
1-PB2,1389,3050,0,2,0,3052,A
1-PB2,1390,0,3059,1,0,3060,T
1-PB2,1391,0,3080,0,0,3080,T
1-PB2,1392,3112,1,3,0,3116,A
1-PB2,1393,3,0,0,3110,3113,C
1-PB2,1394,9,1,0,3053,3063,C
1-PB2,1395,3033,0,9,0,3042,A
1-PB2,1396,0,4,3041,0,3045,G
1-PB2,1397,3097,0,1,0,3098,A
1-PB2,1398,0,3070,0,2,3072,T
1-PB2,1399,3050,0,1,1,3052,A
1-PB2,1400,12,3008,0,2,3022,T
1-PB2,1401,1,22,2979,0,3002,G
1-PB2,1402,2992,1,1,0,2994,A
1-PB2,1403,2,1,0,3017,3020,C
1-PB2,1404,0,3015,0,4,3019,T
1-PB2,1405,17,0,0,2986,3003,C
1-PB2,1406,13,0,0,2954,2967,C
1-PB2,1407,2969,0,2,0,2971,A
1-PB2,1408,2981,1,4,0,2986,A
1-PB2,1409,1,0,3029,1,3031,G
1-PB2,1410,3,1,0,3014,3018,C
1-PB2,1411,3010,0,2,0,3012,A
1-PB2,1412,2,1,0,3010,3013,C
1-PB2,1413,2983,0,2,0,2985,A
1-PB2,1414,0,12,2983,0,2995,G
1-PB2,1415,2972,0,1,0,2973,A
1-PB2,1416,0,6,2988,0,2994,G
1-PB2,1417,3008,0,2,0,3010,A
1-PB2,1418,1,2927,0,2,2930,T
1-PB2,1419,1,0,2973,0,2974,G
1-PB2,1420,3,2969,0,0,2972,T
1-PB2,1421,16,0,0,2945,2961,C
1-PB2,1422,2963,1,2,0,2966,A
1-PB2,1423,2956,0,0,0,2956,A
1-PB2,1424,0,2956,0,0,2956,T
1-PB2,1425,3,13,2927,1,2944,G
1-PB2,1426,2896,0,2,0,2898,A
1-PB2,1427,7,7,2902,0,2916,G
1-PB2,1428,2879,0,4,0,2883,A
1-PB2,1429,0,7,2888,1,2896,G
1-PB2,1430,0,10,2994,0,3004,G
1-PB2,1431,3003,0,1,0,3004,A
1-PB2,1432,3001,0,2,1,3004,A
1-PB2,1433,0,2992,0,0,2992,T
1-PB2,1434,2995,0,2,0,2997,A
1-PB2,1435,2991,0,1,0,2992,A
1-PB2,1436,0,22,2963,0,2985,G
1-PB2,1437,2961,0,1,1,2963,A
1-PB2,1438,0,1,2965,0,2966,G
1-PB2,1439,0,2799,1,0,2800,T
1-PB2,1440,27,1,0,2770,2798,C
1-PB2,1441,2796,0,4,0,2800,A
1-PB2,1442,1,1,2817,1,2820,G
1-PB2,1443,1,0,0,2828,2829,C
1-PB2,1444,2824,0,1,0,2825,A
1-PB2,1445,2830,0,1,1,2832,A
1-PB2,1446,2822,1,0,0,2823,A
1-PB2,1447,2831,0,0,0,2831,A
1-PB2,1448,0,2823,0,0,2823,T
1-PB2,1449,1,28,2799,0,2828,G
1-PB2,1450,1,14,2810,0,2825,G
1-PB2,1451,1,0,2828,2,2831,G
1-PB2,1452,0,2777,0,6,2783,T
1-PB2,1453,2,2,2779,0,2783,G
1-PB2,1454,0,2771,0,3,2774,T
1-PB2,1455,0,9,2769,0,2778,G
1-PB2,1456,1,3,2799,1,2804,G
1-PB2,1457,2801,0,2,0,2803,A
1-PB2,1458,1,2782,0,2,2785,T
1-PB2,1459,0,11,2786,0,2797,G
1-PB2,1460,2776,1,2,1,2780,A
1-PB2,1461,2781,1,1,0,2783,A
1-PB2,1462,0,2784,0,1,2785,T
1-PB2,1463,2767,0,2,0,2769,A
1-PB2,1464,2,0,0,2926,2928,C
1-PB2,1465,1,2835,0,2,2838,T
1-PB2,1466,15,1,0,2860,2876,C
1-PB2,1467,14,1,0,2858,2873,C
1-PB2,1468,2866,0,0,0,2866,A
1-PB2,1469,2,1,2932,0,2935,G
1-PB2,1470,1,2918,0,0,2919,T
1-PB2,1471,2939,1,0,0,2940,A
1-PB2,1472,21,0,0,2924,2945,C
1-PB2,1473,2669,0,0,3,2672,A
1-PB2,1474,0,14,2664,0,2678,G
1-PB2,1475,2609,0,3,0,2612,A
1-PB2,1476,0,7,2622,0,2629,G
1-PB2,1477,2564,0,3,0,2567,A
1-PB2,1478,0,16,2471,0,2487,G
1-PB2,1479,0,10,2467,1,2478,G
1-PB2,1480,3,3,2475,0,2481,G
1-PB2,1481,0,2437,0,1,2438,T
1-PB2,1482,0,11,2425,0,2436,G
1-PB2,1483,1,4,2432,0,2437,G
1-PB2,1484,0,2402,0,1,2403,T
1-PB2,1485,0,12,2432,0,2444,G
1-PB2,1486,0,0,2438,1,2439,G
1-PB2,1487,0,2377,0,0,2377,T
1-PB2,1488,0,2369,0,1,2370,T
1-PB2,1489,2328,0,1,0,2329,A
1-PB2,1490,0,1,2334,0,2335,G
1-PB2,1491,2,1,0,2329,2332,C
1-PB2,1492,2304,0,0,1,2305,A
1-PB2,1493,0,2301,1,1,2303,T
1-PB2,1494,0,2181,0,1,2182,T
1-PB2,1495,0,18,2167,1,2186,G
1-PB2,1496,2183,0,0,0,2183,A
1-PB2,1497,0,2176,0,3,2179,T
1-PB2,1498,8,2,0,2168,2178,C
1-PB2,1499,0,7,2143,0,2150,G
1-PB2,1500,0,2,2173,0,2175,G
1-PB2,1501,0,2171,0,1,2172,T
1-PB2,1502,0,2167,0,0,2167,T
1-PB2,1503,0,2160,0,5,2165,T
1-PB2,1504,0,2173,0,1,2174,T
1-PB2,1505,1,2166,0,0,2167,T
1-PB2,1506,0,8,2160,0,2168,G
1-PB2,1507,2157,0,3,0,2160,A
1-PB2,1508,0,12,2159,0,2171,G
1-PB2,1509,2119,0,3,0,2122,A
1-PB2,1510,0,2,2136,1,2139,G
1-PB2,1511,1,2137,0,1,2139,T
1-PB2,1512,0,2128,0,0,2128,T
1-PB2,1513,2127,0,1,0,2128,A
1-PB2,1514,0,5,2143,0,2148,G
1-PB2,1515,2142,0,2,0,2144,A
1-PB2,1516,0,12,2143,0,2155,G
1-PB2,1517,2138,2,1,0,2141,A
1-PB2,1518,0,0,0,2143,2143,C
1-PB2,1519,12,0,0,2113,2125,C
1-PB2,1520,2075,0,1,0,2076,A
1-PB2,1521,2094,0,1,0,2095,A
1-PB2,1522,1,0,0,2097,2098,C
1-PB2,1523,2,1,2103,0,2106,G
1-PB2,1524,0,2096,0,0,2096,T
1-PB2,1525,0,13,2077,0,2090,G
1-PB2,1526,2,3,2087,0,2092,G
1-PB2,1527,0,9,2086,1,2096,G
1-PB2,1528,2076,0,0,0,2076,A
1-PB2,1529,2080,0,1,0,2081,A
1-PB2,1530,0,1995,0,0,1995,T
1-PB2,1531,0,1,2071,0,2072,G
1-PB2,1532,0,2063,0,1,2064,T
1-PB2,1533,2071,0,0,0,2071,A
1-PB2,1534,0,2069,0,0,2069,T
1-PB2,1535,0,2040,1,0,2041,T
1-PB2,1536,2063,1,0,0,2064,A
1-PB2,1537,1,2053,0,1,2055,T
1-PB2,1538,0,2032,0,0,2032,T
1-PB2,1539,2025,0,1,0,2026,A
1-PB2,1540,0,1803,0,1,1804,T
1-PB2,1541,3,0,0,1851,1854,C
1-PB2,1542,1,1830,0,3,1834,T
1-PB2,1543,9,0,0,1833,1842,C
1-PB2,1544,10,0,2,1828,1840,C
1-PB2,1545,0,1799,0,1,1800,T
1-PB2,1546,0,5,1800,0,1805,G
1-PB2,1547,1788,0,0,0,1788,A
1-PB2,1548,2,2,1792,0,1796,G
1-PB2,1549,0,4,1787,1,1792,G
1-PB2,1550,1571,0,0,0,1571,A
1-PB2,1551,1,3,1584,0,1588,G
1-PB2,1552,1,1,1576,0,1578,G
1-PB2,1553,1,1527,0,0,1528,T
1-PB2,1554,6,1,0,1530,1537,C
1-PB2,1555,1509,0,2,1,1512,A
1-PB2,1556,0,3,1518,0,1521,G
1-PB2,1557,0,1513,0,1,1514,T
1-PB2,1558,1,1,1510,0,1512,G
1-PB2,1559,1512,0,0,0,1512,A
1-PB2,1560,1462,0,1,0,1463,A
1-PB2,1561,1461,0,0,0,1461,A
1-PB2,1562,1,4,0,1453,1458,C
1-PB2,1563,1434,0,1,0,1435,A
1-PB2,1564,4,0,0,1431,1435,C
1-PB2,1565,1378,0,1,0,1379,A
1-PB2,1566,0,10,1372,0,1382,G
1-PB2,1567,0,2,1375,0,1377,G
1-PB2,1568,0,7,1379,0,1386,G
1-PB2,1569,1378,0,0,0,1378,A
1-PB2,1570,1358,1,0,0,1359,A
1-PB2,1571,1,0,0,1365,1366,C
1-PB2,1572,0,1332,1,1,1334,T
1-PB2,1573,0,9,1322,1,1332,G
1-PB2,1574,1317,0,1,0,1318,A
1-PB2,1575,0,3,1320,0,1323,G
1-PB2,1576,1282,0,4,0,1286,A
1-PB2,1577,0,2,1214,0,1216,G
1-PB2,1578,1212,0,0,0,1212,A
1-PB2,1579,1,1,0,1207,1209,C
1-PB2,1580,0,1152,0,1,1153,T
1-PB2,1581,0,6,1161,0,1167,G
1-PB2,1582,1152,2,5,0,1159,A
1-PB2,1583,0,0,0,1157,1157,C
1-PB2,1584,1143,0,1,0,1144,A
1-PB2,1585,1138,0,1,0,1139,A
1-PB2,1586,0,1133,0,0,1133,T
1-PB2,1587,1123,0,0,1,1124,A
1-PB2,1588,1125,0,0,0,1125,A
1-PB2,1589,1,0,1,1128,1130,C
1-PB2,1590,1,1050,0,1,1052,T
1-PB2,1591,0,1040,0,0,1040,T
1-PB2,1592,1027,0,0,0,1027,A
1-PB2,1593,0,1021,0,0,1021,T
1-PB2,1594,0,1017,0,0,1017,T
1-PB2,1595,7,0,0,1004,1011,C
1-PB2,1596,915,0,0,0,915,A
1-PB2,1597,1,909,0,4,914,T
1-PB2,1598,4,0,0,866,870,C
1-PB2,1599,2,1,863,0,866,G
1-PB2,1600,0,871,0,0,871,T
1-PB2,1601,1,0,0,857,858,C
1-PB2,1602,2,0,858,0,860,G
1-PB2,1603,858,0,0,0,858,A
1-PB2,1604,0,857,0,0,857,T
1-PB2,1605,0,1,854,0,855,G
1-PB2,1606,860,0,2,0,862,A
1-PB2,1607,0,859,0,0,859,T
1-PB2,1608,0,1,850,0,851,G
1-PB2,1609,1,804,0,0,805,T
1-PB2,1610,0,4,797,0,801,G
1-PB2,1611,0,2,797,0,799,G
1-PB2,1612,0,3,794,0,797,G
1-PB2,1613,766,0,0,0,766,A
1-PB2,1614,1,4,741,0,746,G
1-PB2,1615,671,0,0,0,671,A
1-PB2,1616,0,647,0,0,647,T
1-PB2,1617,0,616,0,0,616,T
1-PB2,1618,609,0,1,0,610,A
1-PB2,1619,599,0,3,0,602,A
1-PB2,1620,0,1,0,597,598,C
1-PB2,1621,0,2,536,0,538,G
1-PB2,1622,0,0,539,0,539,G
1-PB2,1623,0,440,0,0,440,T
1-PB2,1624,2,0,0,429,431,C
1-PB2,1625,1,0,0,427,428,C
1-PB2,1626,1,384,0,0,385,T
1-PB2,1627,0,6,385,0,391,G
1-PB2,1628,391,0,0,0,391,A
1-PB2,1629,0,0,388,0,388,G
1-PB2,1630,0,393,0,0,393,T
1-PB2,1631,5,2,0,380,387,C
1-PB2,1632,1,1,385,0,387,G
1-PB2,1633,0,0,390,0,390,G
1-PB2,1634,0,387,0,0,387,T
1-PB2,1635,2,387,0,0,389,T
1-PB2,1636,0,386,0,0,386,T
1-PB2,1637,0,385,0,0,385,T
1-PB2,1638,0,2,387,0,389,G
1-PB2,1639,0,1,390,0,391,G
1-PB2,1640,0,392,0,1,393,T
1-PB2,1641,3,0,0,390,393,C
1-PB2,1642,383,0,0,0,383,A
1-PB2,1643,399,0,0,0,399,A
1-PB2,1644,1,399,0,0,400,T
1-PB2,1645,398,1,0,0,399,A
1-PB2,1646,1,1,0,413,415,C
1-PB2,1647,1,0,0,395,396,C
1-PB2,1648,0,394,1,0,395,T
1-PB2,1649,402,0,0,0,402,A
1-PB2,1650,0,402,0,0,402,T
1-PB2,1651,2,0,0,399,401,C
1-PB2,1652,390,0,1,0,391,A
1-PB2,1653,391,0,0,0,391,A
1-PB2,1654,0,392,0,0,392,T
1-PB2,1655,1,1,376,0,378,G
1-PB2,1656,0,1,378,0,379,G
1-PB2,1657,375,0,1,0,376,A
1-PB2,1658,0,368,0,0,368,T
1-PB2,1659,4,0,0,372,376,C
1-PB2,1660,378,0,0,0,378,A
1-PB2,1661,0,375,0,2,377,T
1-PB2,1662,1,0,0,378,379,C
1-PB2,1663,378,0,1,0,379,A
1-PB2,1664,0,3,376,0,379,G
1-PB2,1665,376,1,0,0,377,A
1-PB2,1666,377,0,0,1,378,A
1-PB2,1667,380,0,0,1,381,A
1-PB2,1668,0,380,0,0,380,T
1-PB2,1669,0,377,0,0,377,T
1-PB2,1670,0,2,376,0,378,G
1-PB2,1671,0,2,375,0,377,G
1-PB2,1672,0,0,375,0,375,G
1-PB2,1673,370,0,0,0,370,A
1-PB2,1674,374,0,0,0,374,A
1-PB2,1675,0,0,375,0,375,G
1-PB2,1676,1,0,0,372,373,C
1-PB2,1677,0,372,0,0,372,T
1-PB2,1678,0,0,377,0,377,G
1-PB2,1679,0,374,0,0,374,T
1-PB2,1680,1,0,0,375,376,C
1-PB2,1681,376,0,0,0,376,A
1-PB2,1682,376,0,0,0,376,A
1-PB2,1683,374,0,0,0,374,A
1-PB2,1684,373,0,0,0,373,A
1-PB2,1685,0,377,0,0,377,T
1-PB2,1686,0,377,0,0,377,T
1-PB2,1687,4,0,0,373,377,C
1-PB2,1688,370,0,1,0,371,A
1-PB2,1689,373,0,0,0,373,A
1-PB2,1690,0,373,0,0,373,T
1-PB2,1691,0,1,372,0,373,G
1-PB2,1692,0,0,375,1,376,G
1-PB2,1693,0,383,0,0,383,T
1-PB2,1694,2,0,1,382,385,C
1-PB2,1695,0,387,0,0,387,T
1-PB2,1696,4,0,0,383,387,C
1-PB2,1697,385,0,0,0,385,A
1-PB2,1698,0,1,385,0,386,G
1-PB2,1699,388,0,0,0,388,A
1-PB2,1700,386,0,0,0,386,A
1-PB2,1701,0,382,0,0,382,T
1-PB2,1702,1,1,0,374,376,C
1-PB2,1703,2,0,0,380,382,C
1-PB2,1704,0,380,0,0,380,T
1-PB2,1705,0,0,380,0,380,G
1-PB2,1706,0,0,0,381,381,C
1-PB2,1707,380,1,0,0,381,A
1-PB2,1708,382,0,0,0,382,A
1-PB2,1709,0,378,0,0,378,T
1-PB2,1710,0,1,388,0,389,G
1-PB2,1711,0,391,0,1,392,T
1-PB2,1712,0,376,0,0,376,T
1-PB2,1713,0,1,382,0,383,G
1-PB2,1714,0,383,0,0,383,T
1-PB2,1715,383,0,0,0,383,A
1-PB2,1716,0,0,0,384,384,C
1-PB2,1717,375,0,0,0,375,A
1-PB2,1718,376,0,1,0,377,A
1-PB2,1719,0,0,0,374,374,C
1-PB2,1720,366,0,0,0,366,A
1-PB2,1721,367,0,0,0,367,A
1-PB2,1722,357,0,0,0,357,A
1-PB2,1723,358,0,0,0,358,A
1-PB2,1724,0,358,0,0,358,T
1-PB2,1725,0,0,357,0,357,G
1-PB2,1726,0,0,359,0,359,G
1-PB2,1727,356,0,0,0,356,A
1-PB2,1728,358,0,0,0,358,A
1-PB2,1729,0,356,0,1,357,T
1-PB2,1730,0,357,0,0,357,T
1-PB2,1731,0,358,0,0,358,T
1-PB2,1732,0,5,353,0,358,G
1-PB2,1733,356,0,1,0,357,A
1-PB2,1734,356,0,1,0,357,A
1-PB2,1735,0,0,0,357,357,C
1-PB2,1736,2,0,0,353,355,C
1-PB2,1737,360,0,0,0,360,A
1-PB2,1738,0,361,1,1,363,T
1-PB2,1739,0,363,0,0,363,T
1-PB2,1740,0,365,0,0,365,T
1-PB2,1741,1,0,0,362,363,C
1-PB2,1742,363,0,0,0,363,A
1-PB2,1743,362,0,0,0,362,A
1-PB2,1744,0,364,0,0,364,T
1-PB2,1745,2,0,0,367,369,C
1-PB2,1746,0,363,0,0,363,T
1-PB2,1747,0,356,0,1,357,T
1-PB2,1748,0,361,0,0,361,T
1-PB2,1749,362,0,0,0,362,A
1-PB2,1750,0,0,361,0,361,G
1-PB2,1751,1,360,0,1,362,T
1-PB2,1752,0,0,0,368,368,C
1-PB2,1753,3,0,0,365,368,C
1-PB2,1754,1,0,0,359,360,C
1-PB2,1755,2,0,0,359,361,C
1-PB2,1756,359,0,1,0,360,A
1-PB2,1757,360,0,0,0,360,A
1-PB2,1758,0,1,363,0,364,G
1-PB2,1759,0,1,363,0,364,G
1-PB2,1760,0,0,0,364,364,C
1-PB2,1761,2,0,0,349,351,C
1-PB2,1762,356,0,0,0,356,A
1-PB2,1763,0,357,0,0,357,T
1-PB2,1764,0,357,0,0,357,T
1-PB2,1765,358,0,0,0,358,A
1-PB2,1766,0,1,357,0,358,G
1-PB2,1767,352,0,0,0,352,A
1-PB2,1768,360,0,1,0,361,A
1-PB2,1769,0,0,362,0,362,G
1-PB2,1770,0,0,0,366,366,C
1-PB2,1771,2,0,0,365,367,C
1-PB2,1772,365,0,0,0,365,A
1-PB2,1773,369,0,0,0,369,A
1-PB2,1774,0,372,0,0,372,T
1-PB2,1775,374,0,0,0,374,A
1-PB2,1776,0,0,0,376,376,C
1-PB2,1777,349,1,0,0,350,A
1-PB2,1778,0,0,350,0,350,G
1-PB2,1779,0,341,0,0,341,T
1-PB2,1780,0,1,342,0,343,G
1-PB2,1781,0,0,342,0,342,G
1-PB2,1782,0,0,344,0,344,G
1-PB2,1783,1,332,0,0,333,T
1-PB2,1784,0,329,0,0,329,T
1-PB2,1785,0,329,0,0,329,T
1-PB2,1786,0,0,336,0,336,G
1-PB2,1787,0,333,0,0,333,T
1-PB2,1788,2,0,0,329,331,C
1-PB2,1789,328,0,1,0,329,A
1-PB2,1790,0,1,328,0,329,G
1-PB2,1791,330,0,0,0,330,A
1-PB2,1792,329,0,0,0,329,A
1-PB2,1793,0,0,0,327,327,C
1-PB2,1794,0,320,0,1,321,T
1-PB2,1795,4,0,0,336,340,C
1-PB2,1796,0,342,0,0,342,T
1-PB2,1797,344,0,0,0,344,A
1-PB2,1798,0,343,0,0,343,T
1-PB2,1799,0,340,0,0,340,T
1-PB2,1800,1,0,0,337,338,C
1-PB2,1801,2,1,0,330,333,C
1-PB2,1802,331,0,1,0,332,A
1-PB2,1803,333,0,0,0,333,A
1-PB2,1804,0,0,0,334,334,C
1-PB2,1805,330,1,1,0,332,A
1-PB2,1806,330,0,0,0,330,A
1-PB2,1807,331,0,0,0,331,A
1-PB2,1808,0,332,0,0,332,T
1-PB2,1809,0,0,333,0,333,G
1-PB2,1810,329,0,0,0,329,A
1-PB2,1811,0,0,332,0,332,G
1-PB2,1812,331,0,0,0,331,A
1-PB2,1813,0,3,327,0,330,G
1-PB2,1814,331,0,0,0,331,A
1-PB2,1815,0,0,0,326,326,C
1-PB2,1816,0,0,327,0,327,G
1-PB2,1817,0,332,0,0,332,T
1-PB2,1818,334,0,0,0,334,A
1-PB2,1819,0,0,0,334,334,C
1-PB2,1820,0,329,0,1,330,T
1-PB2,1821,0,330,0,0,330,T
1-PB2,1822,0,0,328,0,328,G
1-PB2,1823,1,1,325,0,327,G
1-PB2,1824,0,1,325,0,326,G
1-PB2,1825,325,0,0,0,325,A
1-PB2,1826,0,0,0,323,323,C
1-PB2,1827,322,0,0,0,322,A
1-PB2,1828,1,324,0,0,325,T
1-PB2,1829,0,324,0,0,324,T
1-PB2,1830,0,324,0,0,324,T
1-PB2,1831,0,1,325,0,326,G
1-PB2,1832,325,0,1,0,326,A
1-PB2,1833,0,0,0,328,328,C
1-PB2,1834,328,0,0,0,328,A
1-PB2,1835,2,0,0,325,327,C
1-PB2,1836,3,0,0,319,322,C
1-PB2,1837,330,1,0,0,331,A
1-PB2,1838,0,0,0,331,331,C
1-PB2,1839,1,0,0,332,333,C
1-PB2,1840,3,0,0,330,333,C
1-PB2,1841,333,0,0,0,333,A
1-PB2,1842,0,0,342,0,342,G
1-PB2,1843,344,1,0,0,345,A
1-PB2,1844,0,352,0,0,352,T
1-PB2,1845,348,0,0,0,348,A
1-PB2,1846,344,0,0,0,344,A
1-PB2,1847,0,341,0,0,341,T
1-PB2,1848,336,0,0,0,336,A
1-PB2,1849,335,0,0,0,335,A
1-PB2,1850,333,0,0,0,333,A
1-PB2,1851,0,0,334,0,334,G
1-PB2,1852,1,1,0,335,337,C
1-PB2,1853,0,325,0,0,325,T
1-PB2,1854,0,324,0,0,324,T
1-PB2,1855,0,0,0,325,325,C
1-PB2,1856,0,323,0,0,323,T
1-PB2,1857,0,0,0,336,336,C
1-PB2,1858,1,0,0,335,336,C
1-PB2,1859,2,0,0,334,336,C
1-PB2,1860,3,0,0,326,329,C
1-PB2,1861,0,343,0,0,343,T
1-PB2,1862,0,345,0,0,345,T
1-PB2,1863,0,345,0,0,345,T
1-PB2,1864,0,0,345,0,345,G
1-PB2,1865,0,0,0,345,345,C
1-PB2,1866,337,0,2,0,339,A
1-PB2,1867,0,0,339,0,339,G
1-PB2,1868,0,0,0,339,339,C
1-PB2,1869,0,339,0,0,339,T
1-PB2,1870,0,1,338,0,339,G
1-PB2,1871,0,0,0,339,339,C
1-PB2,1872,0,338,0,0,338,T
1-PB2,1873,4,0,0,340,344,C
1-PB2,1874,3,0,1,342,346,C
1-PB2,1875,347,0,0,0,347,A
1-PB2,1876,0,0,0,346,346,C
1-PB2,1877,1,0,0,345,346,C
1-PB2,1878,345,0,0,0,345,A
1-PB2,1879,346,0,0,0,346,A
1-PB2,1880,345,0,0,0,345,A
1-PB2,1881,1,1,345,0,347,G
1-PB2,1882,0,0,0,343,343,C
1-PB2,1883,339,0,0,0,339,A
1-PB2,1884,340,0,0,0,340,A
1-PB2,1885,337,0,0,0,337,A
1-PB2,1886,0,0,344,0,344,G
1-PB2,1887,1,0,0,343,344,C
1-PB2,1888,339,1,1,0,341,A
1-PB2,1889,0,1,343,0,344,G
1-PB2,1890,338,0,0,0,338,A
1-PB2,1891,346,0,0,0,346,A
1-PB2,1892,0,347,0,0,347,T
1-PB2,1893,0,0,346,0,346,G
1-PB2,1894,0,0,0,346,346,C
1-PB2,1895,341,0,0,0,341,A
1-PB2,1896,0,0,345,0,345,G
1-PB2,1897,0,344,0,0,344,T
1-PB2,1898,0,356,0,0,356,T
1-PB2,1899,1,0,0,360,361,C
1-PB2,1900,0,354,0,0,354,T
1-PB2,1901,0,0,0,364,364,C
1-PB2,1902,0,364,0,0,364,T
1-PB2,1903,0,365,0,0,365,T
1-PB2,1904,0,0,0,366,366,C
1-PB2,1905,362,0,0,0,362,A
1-PB2,1906,0,0,0,363,363,C
1-PB2,1907,0,354,0,0,354,T
1-PB2,1908,0,3,357,0,360,G
1-PB2,1909,359,0,0,0,359,A
1-PB2,1910,0,0,0,361,361,C
1-PB2,1911,0,355,0,0,355,T
1-PB2,1912,1,0,358,0,359,G
1-PB2,1913,0,355,0,1,356,T
1-PB2,1914,0,3,357,1,361,G
1-PB2,1915,360,0,0,0,360,A
1-PB2,1916,364,0,0,0,364,A
1-PB2,1917,0,360,0,1,361,T
1-PB2,1918,0,0,361,0,361,G
1-PB2,1919,1,354,0,0,355,T
1-PB2,1920,344,0,1,0,345,A
1-PB2,1921,343,0,0,1,344,A
1-PB2,1922,0,4,340,0,344,G
1-PB2,1923,343,0,1,0,344,A
1-PB2,1924,0,2,351,0,353,G
1-PB2,1925,0,2,354,0,356,G
1-PB2,1926,357,0,0,0,357,A
1-PB2,1927,0,356,0,0,356,T
1-PB2,1928,0,0,0,356,356,C
1-PB2,1929,351,0,1,0,352,A
1-PB2,1930,0,4,350,0,354,G
1-PB2,1931,0,4,353,0,357,G
1-PB2,1932,0,0,362,0,362,G
1-PB2,1933,356,0,0,0,356,A
1-PB2,1934,0,351,0,0,351,T
1-PB2,1935,0,3,347,0,350,G
1-PB2,1936,347,0,0,0,347,A
1-PB2,1937,0,1,354,0,355,G
1-PB2,1938,354,0,0,0,354,A
1-PB2,1939,351,0,0,0,351,A
1-PB2,1940,0,353,0,0,353,T
1-PB2,1941,351,0,0,0,351,A
1-PB2,1942,0,0,0,355,355,C
1-PB2,1943,0,346,0,0,346,T
1-PB2,1944,0,346,0,0,346,T
1-PB2,1945,0,1,346,0,347,G
1-PB2,1946,0,332,0,0,332,T
1-PB2,1947,333,0,0,0,333,A
1-PB2,1948,332,0,1,0,333,A
1-PB2,1949,0,2,328,0,330,G
1-PB2,1950,0,2,331,0,333,G
1-PB2,1951,0,2,327,0,329,G
1-PB2,1952,0,0,326,0,326,G
1-PB2,1953,0,0,0,328,328,C
1-PB2,1954,325,0,0,0,325,A
1-PB2,1955,331,0,0,0,331,A
1-PB2,1956,0,331,0,0,331,T
1-PB2,1957,1,330,0,0,331,T
1-PB2,1958,2,0,0,338,340,C
1-PB2,1959,0,339,0,0,339,T
1-PB2,1960,3,0,0,341,344,C
1-PB2,1961,0,0,0,347,347,C
1-PB2,1962,0,342,0,0,342,T
1-PB2,1963,0,0,344,0,344,G
1-PB2,1964,0,338,0,0,338,T
1-PB2,1965,339,1,0,0,340,A
1-PB2,1966,0,343,0,0,343,T
1-PB2,1967,0,334,0,0,334,T
1-PB2,1968,4,0,0,333,337,C
1-PB2,1969,329,0,2,0,331,A
1-PB2,1970,333,0,0,0,333,A
1-PB2,1971,0,0,0,334,334,C
1-PB2,1972,0,324,0,0,324,T
1-PB2,1973,327,0,0,0,327,A
1-PB2,1974,0,0,0,334,334,C
1-PB2,1975,334,0,0,0,334,A
1-PB2,1976,334,0,0,0,334,A
1-PB2,1977,0,0,0,332,332,C
1-PB2,1978,332,0,0,0,332,A
1-PB2,1979,331,0,0,0,331,A
1-PB2,1980,0,2,328,0,330,G
1-PB2,1981,330,0,0,0,330,A
1-PB2,1982,0,0,0,330,330,C
1-PB2,1983,1,0,0,317,318,C
1-PB2,1984,316,0,1,0,317,A
1-PB2,1985,0,0,0,325,325,C
1-PB2,1986,0,325,0,0,325,T
1-PB2,1987,325,0,0,0,325,A
1-PB2,1988,324,0,0,0,324,A
1-PB2,1989,324,0,0,0,324,A
1-PB2,1990,323,0,1,0,324,A
1-PB2,1991,0,1,326,0,327,G
1-PB2,1992,322,0,1,0,323,A
1-PB2,1993,0,0,0,323,323,C
1-PB2,1994,0,319,0,0,319,T
1-PB2,1995,320,0,0,0,320,A
1-PB2,1996,319,0,1,0,320,A
1-PB2,1997,0,0,0,319,319,C
1-PB2,1998,319,0,0,0,319,A
1-PB2,1999,318,0,0,0,318,A
1-PB2,2000,0,313,0,0,313,T
1-PB2,2001,0,315,0,0,315,T
1-PB2,2002,0,0,0,315,315,C
1-PB2,2003,0,313,0,0,313,T
1-PB2,2004,1,0,0,314,315,C
1-PB2,2005,0,1,314,0,315,G
1-PB2,2006,0,2,312,0,314,G
1-PB2,2007,316,0,0,0,316,A
1-PB2,2008,315,0,0,0,315,A
1-PB2,2009,313,0,1,0,314,A
1-PB2,2010,313,0,2,0,315,A
1-PB2,2011,0,0,316,0,316,G
1-PB2,2012,315,0,0,0,315,A
1-PB2,2013,0,316,0,0,316,T
1-PB2,2014,0,1,315,0,316,G
1-PB2,2015,0,0,0,316,316,C
1-PB2,2016,0,0,0,315,315,C
1-PB2,2017,0,2,315,0,317,G
1-PB2,2018,0,0,318,0,318,G
1-PB2,2019,0,0,0,317,317,C
1-PB2,2020,316,0,0,0,316,A
1-PB2,2021,0,0,0,323,323,C
1-PB2,2022,0,322,0,0,322,T
1-PB2,2023,0,322,0,1,323,T
1-PB2,2024,0,323,0,0,323,T
1-PB2,2025,324,0,0,0,324,A
1-PB2,2026,325,0,0,0,325,A
1-PB2,2027,0,325,0,0,325,T
1-PB2,2028,0,321,0,2,323,T
1-PB2,2029,0,0,322,0,322,G
1-PB2,2030,315,0,0,0,315,A
1-PB2,2031,314,0,0,0,314,A
1-PB2,2032,0,3,311,0,314,G
1-PB2,2033,320,0,0,0,320,A
1-PB2,2034,0,0,0,322,322,C
1-PB2,2035,2,0,0,319,321,C
1-PB2,2036,0,0,0,320,320,C
1-PB2,2037,321,0,1,0,322,A
1-PB2,2038,0,0,333,0,333,G
1-PB2,2039,333,0,0,0,333,A
1-PB2,2040,0,333,0,0,333,T
1-PB2,2041,0,1,332,0,333,G
1-PB2,2042,325,0,0,0,325,A
1-PB2,2043,326,0,2,0,328,A
1-PB2,2044,327,0,0,0,327,A
1-PB2,2045,0,0,327,0,327,G
1-PB2,2046,0,0,0,325,325,C
1-PB2,2047,320,0,1,0,321,A
1-PB2,2048,0,0,0,326,326,C
1-PB2,2049,324,0,0,0,324,A
1-PB2,2050,0,323,0,0,323,T
1-PB2,2051,0,0,0,324,324,C
1-PB2,2052,2,1,0,322,325,C
1-PB2,2053,1,2,324,0,327,G
1-PB2,2054,0,2,330,0,332,G
1-PB2,2055,330,0,0,0,330,A
1-PB2,2056,0,1,330,0,331,G
1-PB2,2057,0,323,0,0,323,T
1-PB2,2058,0,0,323,0,323,G
1-PB2,2059,0,1,322,0,323,G
1-PB2,2060,316,0,0,0,316,A
1-PB2,2061,0,0,320,0,320,G
1-PB2,2062,0,314,0,0,314,T
1-PB2,2063,4,0,0,306,310,C
1-PB2,2064,1,0,0,309,310,C
1-PB2,2065,1,0,304,0,305,G
1-PB2,2066,0,1,0,305,306,C
1-PB2,2067,3,0,0,301,304,C
1-PB2,2068,0,0,307,0,307,G
1-PB2,2069,0,304,0,0,304,T
1-PB2,2070,0,0,0,310,310,C
1-PB2,2071,0,307,0,0,307,T
1-PB2,2072,0,310,0,0,310,T
1-PB2,2073,0,2,308,0,310,G
1-PB2,2074,307,0,0,0,307,A
1-PB2,2075,0,0,309,0,309,G
1-PB2,2076,308,0,0,0,308,A
1-PB2,2077,0,2,297,0,299,G
1-PB2,2078,0,5,295,0,300,G
1-PB2,2079,0,0,300,0,300,G
1-PB2,2080,0,296,0,0,296,T
1-PB2,2081,0,295,0,0,295,T
1-PB2,2082,0,303,0,1,304,T
1-PB2,2083,0,3,0,301,304,C
1-PB2,2084,0,301,0,1,302,T
1-PB2,2085,2,0,0,307,309,C
1-PB2,2086,306,0,0,0,306,A
1-PB2,2087,0,304,0,0,304,T
1-PB2,2088,0,304,0,0,304,T
1-PB2,2089,305,0,1,0,306,A
1-PB2,2090,0,307,0,0,307,T
1-PB2,2091,304,0,0,0,304,A
1-PB2,2092,0,0,308,0,308,G
1-PB2,2093,0,0,309,0,309,G
1-PB2,2094,0,302,0,0,302,T
1-PB2,2095,301,0,0,0,301,A
1-PB2,2096,299,0,0,0,299,A
1-PB2,2097,0,2,297,0,299,G
1-PB2,2098,0,1,299,0,300,G
1-PB2,2099,299,0,0,0,299,A
1-PB2,2100,294,0,0,0,294,A
1-PB2,2101,0,0,291,0,291,G
1-PB2,2102,286,1,0,0,287,A
1-PB2,2103,0,0,0,287,287,C
1-PB2,2104,284,0,0,0,284,A
1-PB2,2105,1,1,284,0,286,G
1-PB2,2106,281,0,1,0,282,A
1-PB2,2107,281,0,0,0,281,A
1-PB2,2108,1,1,278,1,281,G
1-PB2,2109,1,1,275,0,277,G
1-PB2,2110,0,281,0,0,281,T
1-PB2,2111,281,0,0,0,281,A
1-PB2,2112,0,0,0,281,281,C
1-PB2,2113,0,0,283,1,284,G
1-PB2,2114,0,0,287,0,287,G
1-PB2,2115,287,0,0,0,287,A
1-PB2,2116,0,0,0,282,282,C
1-PB2,2117,0,1,0,279,280,C
1-PB2,2118,274,0,1,0,275,A
1-PB2,2119,0,0,286,0,286,G
1-PB2,2120,0,1,0,285,286,C
1-PB2,2121,287,0,0,0,287,A
1-PB2,2122,0,285,0,0,285,T
1-PB2,2123,0,272,0,0,272,T
1-PB2,2124,272,0,0,0,272,A
1-PB2,2125,270,0,0,0,270,A
1-PB2,2126,0,0,273,0,273,G
1-PB2,2127,0,0,0,273,273,C
1-PB2,2128,256,0,0,0,256,A
1-PB2,2129,0,261,0,0,261,T
1-PB2,2130,1,0,0,260,261,C
1-PB2,2131,262,0,0,0,262,A
1-PB2,2132,263,0,0,0,263,A
1-PB2,2133,0,260,0,0,260,T
1-PB2,2134,0,0,261,0,261,G
1-PB2,2135,257,0,0,0,257,A
1-PB2,2136,257,0,0,0,257,A
1-PB2,2137,0,0,0,259,259,C
1-PB2,2138,0,239,0,1,240,T
1-PB2,2139,0,0,246,0,246,G
1-PB2,2140,241,0,2,0,243,A
1-PB2,2141,0,1,244,0,245,G
1-PB2,2142,0,245,0,0,245,T
1-PB2,2143,243,0,0,0,243,A
1-PB2,2144,244,0,0,0,244,A
1-PB2,2145,0,0,0,243,243,C
1-PB2,2146,1,0,0,234,235,C
1-PB2,2147,1,232,0,0,233,T
1-PB2,2148,0,227,0,0,227,T
1-PB2,2149,0,0,228,0,228,G
1-PB2,2150,0,0,0,228,228,C
1-PB2,2151,228,0,0,0,228,A
1-PB2,2152,228,0,0,0,228,A
1-PB2,2153,222,0,0,0,222,A
1-PB2,2154,219,0,1,0,220,A
1-PB2,2155,0,0,219,0,219,G
1-PB2,2156,2,3,213,0,218,G
1-PB2,2157,0,1,217,0,218,G
1-PB2,2158,0,1,217,0,218,G
1-PB2,2159,218,0,0,0,218,A
1-PB2,2160,217,0,0,0,217,A
1-PB2,2161,218,0,0,0,218,A
1-PB2,2162,219,0,1,0,220,A
1-PB2,2163,0,1,224,0,225,G
1-PB2,2164,0,0,227,0,227,G
1-PB2,2165,0,0,0,223,223,C
1-PB2,2166,0,223,1,0,224,T
1-PB2,2167,223,0,0,0,223,A
1-PB2,2168,223,0,0,0,223,A
1-PB2,2169,0,223,0,0,223,T
1-PB2,2170,0,1,225,0,226,G
1-PB2,2171,0,214,0,0,214,T
1-PB2,2172,0,1,212,0,213,G
1-PB2,2173,0,0,0,210,210,C
1-PB2,2174,0,207,0,0,207,T
1-PB2,2175,207,0,0,0,207,A
1-PB2,2176,205,0,0,0,205,A
1-PB2,2177,1,206,0,0,207,T
1-PB2,2178,0,0,0,207,207,C
1-PB2,2179,0,1,196,0,197,G
1-PB2,2180,0,1,198,0,199,G
1-PB2,2181,0,0,199,0,199,G
1-PB2,2182,0,0,0,199,199,C
1-PB2,2183,199,0,0,1,200,A
1-PB2,2184,200,0,0,0,200,A
1-PB2,2185,0,0,202,0,202,G
1-PB2,2186,0,1,202,0,203,G
1-PB2,2187,202,0,0,0,202,A
1-PB2,2188,0,0,203,0,203,G
1-PB2,2189,199,0,1,0,200,A
1-PB2,2190,0,0,0,200,200,C
1-PB2,2191,0,0,199,0,199,G
1-PB2,2192,0,199,0,0,199,T
1-PB2,2193,0,3,196,0,199,G
1-PB2,2194,0,0,200,0,200,G
1-PB2,2195,0,195,0,0,195,T
1-PB2,2196,0,0,196,0,196,G
1-PB2,2197,0,192,0,0,192,T
1-PB2,2198,0,192,0,0,192,T
1-PB2,2199,0,0,192,0,192,G
1-PB2,2200,0,0,188,0,188,G
1-PB2,2201,0,187,0,0,187,T
1-PB2,2202,181,0,0,0,181,A
1-PB2,2203,177,0,0,0,177,A
1-PB2,2204,0,173,0,0,173,T
1-PB2,2205,0,1,168,0,169,G
1-PB2,2206,169,0,0,0,169,A
1-PB2,2207,169,0,0,0,169,A
1-PB2,2208,167,0,0,0,167,A
1-PB2,2209,0,0,0,167,167,C
1-PB2,2210,0,0,167,0,167,G
1-PB2,2211,166,0,0,0,166,A
1-PB2,2212,167,0,0,0,167,A
1-PB2,2213,166,0,0,0,166,A
1-PB2,2214,167,0,0,0,167,A
1-PB2,2215,0,0,0,166,166,C
1-PB2,2216,0,2,162,0,164,G
1-PB2,2217,0,0,163,0,163,G
1-PB2,2218,0,1,162,0,163,G
1-PB2,2219,163,0,0,0,163,A
1-PB2,2220,0,0,0,164,164,C
1-PB2,2221,0,160,0,0,160,T
1-PB2,2222,0,0,0,166,166,C
1-PB2,2223,0,166,0,0,166,T
1-PB2,2224,166,0,0,0,166,A
1-PB2,2225,0,0,166,0,166,G
1-PB2,2226,1,0,0,163,164,C
1-PB2,2227,164,0,0,0,164,A
1-PB2,2228,0,164,0,0,164,T
1-PB2,2229,154,0,0,0,154,A
1-PB2,2230,0,0,0,155,155,C
1-PB2,2231,0,132,0,0,132,T
1-PB2,2232,0,132,0,0,132,T
1-PB2,2233,131,0,0,0,131,A
1-PB2,2234,0,0,0,131,131,C
1-PB2,2235,0,128,0,0,128,T
1-PB2,2236,0,0,128,0,128,G
1-PB2,2237,122,0,0,0,122,A
1-PB2,2238,0,0,0,124,124,C
1-PB2,2239,113,0,0,0,113,A
1-PB2,2240,0,0,115,0,115,G
1-PB2,2241,0,0,0,114,114,C
1-PB2,2242,1,0,0,113,114,C
1-PB2,2243,111,0,0,0,111,A
1-PB2,2244,0,0,111,0,111,G
1-PB2,2245,109,0,1,0,110,A
1-PB2,2246,0,0,0,109,109,C
1-PB2,2247,104,0,0,0,104,A
1-PB2,2248,1,0,103,0,104,G
1-PB2,2249,0,0,0,100,100,C
1-PB2,2250,0,0,101,0,101,G
1-PB2,2251,101,0,0,0,101,A
1-PB2,2252,0,0,0,101,101,C
1-PB2,2253,1,0,0,100,101,C
1-PB2,2254,100,0,0,0,100,A
1-PB2,2255,100,0,0,0,100,A
1-PB2,2256,101,0,0,0,101,A
1-PB2,2257,101,0,0,0,101,A
1-PB2,2258,0,1,99,0,100,G
1-PB2,2259,96,0,0,0,96,A
1-PB2,2260,97,0,0,0,97,A
1-PB2,2261,1,95,0,0,96,T
1-PB2,2262,0,97,0,0,97,T
1-PB2,2263,0,0,0,97,97,C
1-PB2,2264,0,0,96,0,96,G
1-PB2,2265,0,0,96,0,96,G
1-PB2,2266,95,0,0,0,95,A
1-PB2,2267,0,93,0,0,93,T
1-PB2,2268,0,0,92,0,92,G
1-PB2,2269,0,0,92,0,92,G
1-PB2,2270,0,0,0,93,93,C
1-PB2,2271,0,0,0,92,92,C
1-PB2,2272,92,0,0,0,92,A
1-PB2,2273,0,91,0,0,91,T
1-PB2,2274,2,0,0,89,91,C
1-PB2,2275,91,0,0,0,91,A
1-PB2,2276,91,0,0,0,91,A
1-PB2,2277,0,91,0,0,91,T
1-PB2,2278,0,79,0,0,79,T
1-PB2,2279,76,0,0,0,76,A
1-PB2,2280,74,0,0,0,74,A
2-PB1,1,176,0,0,0,176,A
2-PB1,2,0,175,0,0,175,T
2-PB1,3,0,0,176,0,176,G
2-PB1,4,0,1,189,0,190,G
2-PB1,5,214,0,0,0,214,A
2-PB1,6,0,234,0,0,234,T
2-PB1,7,0,0,240,0,240,G
2-PB1,8,0,240,0,0,240,T
2-PB1,9,0,0,0,257,257,C
2-PB1,10,256,0,0,0,256,A
2-PB1,11,270,0,0,0,270,A
2-PB1,12,0,272,0,0,272,T
2-PB1,13,0,0,0,273,273,C
2-PB1,14,1,0,0,287,288,C
2-PB1,15,0,1,288,0,289,G
2-PB1,16,327,0,0,0,327,A
2-PB1,17,1,0,0,336,337,C
2-PB1,18,0,337,0,1,338,T
2-PB1,19,2,0,0,384,386,C
2-PB1,20,0,386,0,0,386,T
2-PB1,21,391,0,0,0,391,A
2-PB1,22,1,0,0,392,393,C
2-PB1,23,0,393,0,0,393,T
2-PB1,24,0,1,446,0,447,G
2-PB1,25,1,451,0,0,452,T
2-PB1,26,0,451,0,0,451,T
2-PB1,27,1,2,0,447,450,C
2-PB1,28,2,0,0,445,447,C
2-PB1,29,0,530,0,0,530,T
2-PB1,30,532,0,0,0,532,A
2-PB1,31,532,0,0,0,532,A
2-PB1,32,532,1,0,0,533,A
2-PB1,33,0,6,529,0,535,G
2-PB1,34,0,0,538,0,538,G
2-PB1,35,0,541,0,0,541,T
2-PB1,36,0,542,0,0,542,T
2-PB1,37,2,0,1,540,543,C
2-PB1,38,0,0,0,539,539,C
2-PB1,39,540,0,0,0,540,A
2-PB1,40,0,0,548,0,548,G
2-PB1,41,0,0,0,553,553,C
2-PB1,42,0,0,552,0,552,G
2-PB1,43,1,0,0,553,554,C
2-PB1,44,555,0,0,0,555,A
2-PB1,45,557,0,0,0,557,A
2-PB1,46,558,0,0,0,558,A
2-PB1,47,565,0,0,0,565,A
2-PB1,48,0,570,0,0,570,T
2-PB1,49,0,2,602,0,604,G
2-PB1,50,0,0,0,605,605,C
2-PB1,51,1,0,0,608,609,C
2-PB1,52,611,0,0,0,611,A
2-PB1,53,0,611,1,0,612,T
2-PB1,54,637,0,0,0,637,A
2-PB1,55,637,0,0,0,637,A
2-PB1,56,0,0,667,0,667,G
2-PB1,57,0,0,0,670,670,C
2-PB1,58,664,0,1,0,665,A
2-PB1,59,0,1,0,689,690,C
2-PB1,60,691,0,1,0,692,A
2-PB1,61,720,0,2,0,722,A
2-PB1,62,1,0,0,722,723,C
2-PB1,63,723,0,0,0,723,A
2-PB1,64,0,734,0,0,734,T
2-PB1,65,0,724,0,0,724,T
2-PB1,66,1,0,0,883,884,C
2-PB1,67,0,0,0,880,880,C
2-PB1,68,2,0,0,892,894,C
2-PB1,69,0,905,0,0,905,T
2-PB1,70,0,900,0,7,907,T
2-PB1,71,969,0,0,0,969,A
2-PB1,72,1,978,1,0,980,T
2-PB1,73,985,0,0,0,985,A
2-PB1,74,1,0,0,990,991,C
2-PB1,75,0,956,0,0,956,T
2-PB1,76,1,3,971,1,976,G
2-PB1,77,0,4,973,0,977,G
2-PB1,78,977,0,0,0,977,A
2-PB1,79,3,3,975,0,981,G
2-PB1,80,976,0,1,0,977,A
2-PB1,81,0,980,1,0,981,T
2-PB1,82,4,0,0,1035,1039,C
2-PB1,83,4,1,0,1040,1045,C
2-PB1,84,0,1047,0,4,1051,T
2-PB1,85,2,1,1,1116,1120,C
2-PB1,86,4,0,1,1114,1119,C
2-PB1,87,1125,0,1,0,1126,A
2-PB1,88,0,1126,0,0,1126,T
2-PB1,89,1123,1,0,0,1124,A
2-PB1,90,1,0,0,1125,1126,C
2-PB1,91,1114,0,0,0,1114,A
2-PB1,92,0,0,1169,1,1170,G
2-PB1,93,0,0,0,1176,1176,C
2-PB1,94,7,1,0,1160,1168,C
2-PB1,95,1171,0,0,0,1171,A
2-PB1,96,0,1175,0,0,1175,T
2-PB1,97,0,6,1166,0,1172,G
2-PB1,98,0,11,1213,0,1224,G
2-PB1,99,1234,0,0,0,1234,A
2-PB1,100,1238,0,0,0,1238,A
2-PB1,101,1,0,0,1238,1239,C
2-PB1,102,1230,0,0,0,1230,A
2-PB1,103,0,7,1249,0,1256,G
2-PB1,104,0,5,1267,0,1272,G
2-PB1,105,1272,0,0,0,1272,A
2-PB1,106,1281,0,0,0,1281,A
2-PB1,107,0,1,1,1284,1286,C
2-PB1,108,1285,0,1,0,1286,A
2-PB1,109,0,10,1412,0,1422,G
2-PB1,110,0,6,1417,0,1423,G
2-PB1,111,0,4,1451,0,1455,G
2-PB1,112,0,1456,0,1,1457,T
2-PB1,113,1453,0,1,1,1455,A
2-PB1,114,1,0,0,1476,1477,C
2-PB1,115,1542,0,1,0,1543,A
2-PB1,116,1,0,0,1609,1610,C
2-PB1,117,4,0,0,1595,1599,C
2-PB1,118,1577,0,2,0,1579,A
2-PB1,119,2,1578,0,0,1580,T
2-PB1,120,1,10,1568,0,1579,G
2-PB1,121,0,8,1576,0,1584,G
2-PB1,122,1588,0,1,0,1589,A
2-PB1,123,0,1,0,1589,1590,C
2-PB1,124,1565,0,0,0,1565,A
2-PB1,125,0,0,0,1605,1605,C
2-PB1,126,1591,0,1,0,1592,A
2-PB1,127,1,0,1622,0,1623,G
2-PB1,128,1,1613,0,1,1615,T
2-PB1,129,11,0,0,1660,1671,C
2-PB1,130,1669,0,0,0,1669,A
2-PB1,131,1693,0,0,0,1693,A
2-PB1,132,0,0,0,1692,1692,C
2-PB1,133,1682,1,1,0,1684,A
2-PB1,134,0,7,1694,0,1701,G
2-PB1,135,1682,0,0,0,1682,A
2-PB1,136,1677,0,2,0,1679,A
2-PB1,137,2,1,0,1687,1690,C
2-PB1,138,1670,0,0,0,1670,A
2-PB1,139,0,0,0,1670,1670,C
2-PB1,140,1658,0,4,0,1662,A
2-PB1,141,0,1643,0,2,1645,T
2-PB1,142,2,0,0,1741,1743,C
2-PB1,143,1749,0,0,0,1749,A
2-PB1,144,1774,0,0,0,1774,A
2-PB1,145,0,1789,0,0,1789,T
2-PB1,146,1844,0,0,0,1844,A
2-PB1,147,0,1850,0,0,1850,T
2-PB1,148,1,1832,0,1,1834,T
2-PB1,149,9,0,0,1824,1833,C
2-PB1,150,1822,0,1,1,1824,A
2-PB1,151,1,10,1810,0,1821,G
2-PB1,152,1811,1,0,0,1812,A
2-PB1,153,1,13,1795,0,1809,G
2-PB1,154,1782,1,0,1,1784,A
2-PB1,155,4,15,1738,0,1757,G
2-PB1,156,0,16,1732,0,1748,G
2-PB1,157,0,5,1815,0,1820,G
2-PB1,158,0,7,1815,0,1822,G
2-PB1,159,0,3,1833,0,1836,G
2-PB1,160,1828,0,6,0,1834,A
2-PB1,161,1835,0,0,0,1835,A
2-PB1,162,0,2,1855,0,1857,G
2-PB1,163,0,1847,0,1,1848,T
2-PB1,164,1,8,1831,0,1840,G
2-PB1,165,0,4,1826,1,1831,G
2-PB1,166,1831,1,3,0,1835,A
2-PB1,167,0,2,0,1839,1841,C
2-PB1,168,1,20,1824,0,1845,G
2-PB1,169,1861,0,0,0,1861,A
2-PB1,170,3,1,0,1874,1878,C
2-PB1,171,1866,0,0,0,1866,A
2-PB1,172,1867,1,0,0,1868,A
2-PB1,173,1892,1,1,0,1894,A
2-PB1,174,0,1920,0,1,1921,T
2-PB1,175,1923,2,1,0,1926,A
2-PB1,176,1,0,0,1931,1932,C
2-PB1,177,1921,1,0,0,1922,A
2-PB1,178,0,14,1927,0,1941,G
2-PB1,179,1943,0,0,0,1943,A
2-PB1,180,1962,1,2,0,1965,A
2-PB1,181,1966,0,0,0,1966,A
2-PB1,182,1,1,0,1969,1971,C
2-PB1,183,0,1949,1,0,1950,T
2-PB1,184,0,10,1939,0,1949,G
2-PB1,185,0,11,1935,0,1946,G
2-PB1,186,0,5,1931,1,1937,G
2-PB1,187,3,4,1936,0,1943,G
2-PB1,188,1,0,0,1939,1940,C
2-PB1,189,1930,0,5,0,1935,A
2-PB1,190,2,1,0,2013,2016,C
2-PB1,191,7,1,0,2000,2008,C
2-PB1,192,19,2,0,1987,2008,C
2-PB1,193,14,1,0,2014,2029,C
2-PB1,194,2033,1,2,0,2036,A
2-PB1,195,2048,0,1,0,2049,A
2-PB1,196,0,0,0,2052,2052,C
2-PB1,197,0,2045,1,0,2046,T
2-PB1,198,7,0,0,2046,2053,C
2-PB1,199,1981,0,1,0,1982,A
2-PB1,200,2014,1,1,0,2016,A
2-PB1,201,3,0,0,2011,2014,C
2-PB1,202,6,3,0,2004,2013,C
2-PB1,203,16,1,0,2003,2020,C
2-PB1,204,2017,0,0,0,2017,A
2-PB1,205,2025,1,0,1,2027,A
2-PB1,206,1,2042,0,1,2044,T
2-PB1,207,2,2036,0,0,2038,T
2-PB1,208,1,5,2042,0,2048,G
2-PB1,209,2039,0,0,0,2039,A
2-PB1,210,0,2038,0,1,2039,T
2-PB1,211,0,10,2022,0,2032,G
2-PB1,212,0,6,2051,0,2057,G
2-PB1,213,2063,1,1,0,2065,A
2-PB1,214,1,0,0,2075,2076,C
2-PB1,215,13,2,0,2053,2068,C
2-PB1,216,2075,0,1,0,2076,A
2-PB1,217,1,0,0,2126,2127,C
2-PB1,218,1,2125,0,1,2127,T
2-PB1,219,2154,0,0,0,2154,A
2-PB1,220,2,0,0,2174,2176,C
2-PB1,221,5,1,0,2149,2155,C
2-PB1,222,1,2138,0,0,2139,T
2-PB1,223,0,5,2143,0,2148,G
2-PB1,224,2138,0,0,0,2138,A
2-PB1,225,0,9,2147,0,2156,G
2-PB1,226,0,3,2154,0,2157,G
2-PB1,227,2150,0,1,0,2151,A
2-PB1,228,0,2133,0,0,2133,T
2-PB1,229,2097,0,1,0,2098,A
2-PB1,230,2100,0,1,0,2101,A
2-PB1,231,0,2096,0,1,2097,T
2-PB1,232,0,16,2075,0,2091,G
2-PB1,233,2094,1,0,0,2095,A
2-PB1,234,2088,0,0,0,2088,A
2-PB1,235,1,0,0,2097,2098,C
2-PB1,236,9,0,0,2066,2075,C
2-PB1,237,2079,0,0,0,2079,A
2-PB1,238,2086,0,1,1,2088,A
2-PB1,239,0,2,2099,0,2101,G
2-PB1,240,1,2089,0,0,2090,T
2-PB1,241,1,11,2082,1,2095,G
2-PB1,242,0,7,2115,0,2122,G
2-PB1,243,2127,0,3,0,2130,A
2-PB1,244,0,2115,1,0,2116,T
2-PB1,245,2122,0,0,0,2122,A
2-PB1,246,1,2144,0,1,2146,T
2-PB1,247,1,1,2152,0,2154,G
2-PB1,248,2,3,0,2152,2157,C
2-PB1,249,2155,0,3,0,2158,A
2-PB1,250,0,0,0,2209,2209,C
2-PB1,251,2187,0,0,0,2187,A
2-PB1,252,2226,0,0,0,2226,A
2-PB1,253,2221,1,0,0,2222,A
2-PB1,254,1,0,0,2227,2228,C
2-PB1,255,2169,1,1,1,2172,A
2-PB1,256,0,9,2191,0,2200,G
2-PB1,257,2199,1,0,0,2200,A
2-PB1,258,2,0,0,2200,2202,C
2-PB1,259,1,2150,0,2,2153,T
2-PB1,260,1,1,2202,0,2204,G
2-PB1,261,0,2173,0,1,2174,T
2-PB1,262,3,0,2259,0,2262,G
2-PB1,263,0,2250,0,0,2250,T
2-PB1,264,5,1,0,2249,2255,C
2-PB1,265,5,0,0,2254,2259,C
2-PB1,266,0,2240,0,3,2243,T
2-PB1,267,0,7,2231,0,2238,G
2-PB1,268,0,5,2231,0,2236,G
2-PB1,269,2204,2,0,0,2206,A
2-PB1,270,0,4,2246,0,2250,G
2-PB1,271,1,1,2200,0,2202,G
2-PB1,272,1,0,0,2207,2208,C
2-PB1,273,0,2190,0,2,2192,T
2-PB1,274,2188,0,3,0,2191,A
2-PB1,275,0,2186,0,2,2188,T
2-PB1,276,0,13,2170,0,2183,G
2-PB1,277,0,1,2184,0,2185,G
2-PB1,278,1,0,0,2183,2184,C
2-PB1,279,7,0,0,2154,2161,C
2-PB1,280,0,2142,0,1,2143,T
2-PB1,281,0,2239,0,0,2239,T
2-PB1,282,2,0,0,2243,2245,C
2-PB1,283,7,0,0,2243,2250,C
2-PB1,284,0,2253,0,0,2253,T
2-PB1,285,1,2246,0,1,2248,T
2-PB1,286,0,5,2248,0,2253,G
2-PB1,287,2257,0,0,0,2257,A
2-PB1,288,2256,0,1,0,2257,A
2-PB1,289,4,5,2255,0,2264,G
2-PB1,290,2197,0,0,0,2197,A
2-PB1,291,2224,0,1,0,2225,A
2-PB1,292,1,2218,0,0,2219,T
2-PB1,293,5,0,0,2213,2218,C
2-PB1,294,9,0,0,2207,2216,C
2-PB1,295,19,0,0,2196,2215,C
2-PB1,296,2228,0,1,2,2231,A
2-PB1,297,0,0,0,2245,2245,C
2-PB1,298,14,0,0,2225,2239,C
2-PB1,299,14,1,0,2228,2243,C
2-PB1,300,2218,0,0,0,2218,A
2-PB1,301,1,2,2239,0,2242,G
2-PB1,302,0,4,2251,1,2256,G
2-PB1,303,0,2255,0,1,2256,T
2-PB1,304,2266,1,0,0,2267,A
2-PB1,305,0,2254,0,0,2254,T
2-PB1,306,5,0,0,2248,2253,C
2-PB1,307,1,2248,1,1,2251,T
2-PB1,308,0,2256,1,1,2258,T
2-PB1,309,0,2250,1,0,2251,T
2-PB1,310,1,7,2236,0,2244,G
2-PB1,311,2231,2,1,0,2234,A
2-PB1,312,2,9,2225,1,2237,G
2-PB1,313,2214,1,0,0,2215,A
2-PB1,314,2225,0,0,0,2225,A
2-PB1,315,2,0,0,2238,2240,C
2-PB1,316,0,2216,1,1,2218,T
2-PB1,317,14,1,0,2207,2222,C
2-PB1,318,2219,0,1,0,2220,A
2-PB1,319,0,2216,0,0,2216,T
2-PB1,320,0,2,2221,0,2223,G
2-PB1,321,1,0,0,2267,2268,C
2-PB1,322,5,0,0,2264,2269,C
2-PB1,323,2,2250,0,1,2253,T
2-PB1,324,0,2238,0,1,2239,T
2-PB1,325,0,20,2233,0,2253,G
2-PB1,326,2260,0,1,0,2261,A
2-PB1,327,2262,0,3,0,2265,A
2-PB1,328,2261,0,0,0,2261,A
2-PB1,329,0,0,0,2280,2280,C
2-PB1,330,2219,1,0,0,2220,A
2-PB1,331,2228,0,2,2,2232,A
2-PB1,332,0,2236,0,0,2236,T
2-PB1,333,0,11,2216,0,2227,G
2-PB1,334,0,5,2222,0,2227,G
2-PB1,335,2197,0,0,0,2197,A
2-PB1,336,2193,0,2,0,2195,A
2-PB1,337,0,1,2190,0,2191,G
2-PB1,338,0,0,0,2192,2192,C
2-PB1,339,10,1,0,2171,2182,C
2-PB1,340,4,0,2203,1,2208,G
2-PB1,341,0,2198,0,0,2198,T
2-PB1,342,0,2202,0,1,2203,T
2-PB1,343,20,1,0,2204,2225,C
2-PB1,344,2228,0,0,0,2228,A
2-PB1,345,2249,1,4,0,2254,A
2-PB1,346,1,0,0,2256,2257,C
2-PB1,347,2257,0,1,0,2258,A
2-PB1,348,0,7,2261,0,2268,G
2-PB1,349,2236,0,3,0,2239,A
2-PB1,350,1,0,0,2239,2240,C
2-PB1,351,2235,0,1,0,2236,A
2-PB1,352,2260,0,3,0,2263,A
2-PB1,353,0,18,2266,0,2284,G
2-PB1,354,0,13,2246,0,2259,G
2-PB1,355,1,2,2267,0,2270,G
2-PB1,356,0,2232,0,1,2233,T
2-PB1,357,0,14,2213,1,2228,G
2-PB1,358,1,10,2208,0,2219,G
2-PB1,359,2216,2,6,0,2224,A
2-PB1,360,3,2,0,2221,2226,C
2-PB1,361,2181,0,0,0,2181,A
2-PB1,362,2210,0,1,0,2211,A
2-PB1,363,2210,0,0,0,2210,A
2-PB1,364,0,0,0,2218,2218,C
2-PB1,365,1,2205,1,0,2207,T
2-PB1,366,2215,0,0,1,2216,A
2-PB1,367,2224,0,0,0,2224,A
2-PB1,368,2,0,0,2232,2234,C
2-PB1,369,9,1,0,2219,2229,C
2-PB1,370,20,0,0,2209,2229,C
2-PB1,371,2180,0,0,0,2180,A
2-PB1,372,2175,0,2,1,2178,A
2-PB1,373,1,13,2168,0,2182,G
2-PB1,374,0,3,2188,0,2191,G
2-PB1,375,0,2180,0,0,2180,T
2-PB1,376,10,1,0,2155,2166,C
2-PB1,377,0,1,2164,0,2165,G
2-PB1,378,0,0,0,2164,2164,C
2-PB1,379,3,2,0,2168,2173,C
2-PB1,380,2172,0,1,0,2173,A
2-PB1,381,0,10,2202,0,2212,G
2-PB1,382,2241,0,2,0,2243,A
2-PB1,383,2,0,0,2244,2246,C
2-PB1,384,0,2232,0,0,2232,T
2-PB1,385,0,2226,0,1,2227,T
2-PB1,386,2227,1,0,0,2228,A
2-PB1,387,1,2239,0,0,2240,T
2-PB1,388,0,9,2231,0,2240,G
2-PB1,389,2234,1,0,0,2235,A
2-PB1,390,0,2193,1,0,2194,T
2-PB1,391,0,2151,1,0,2152,T
2-PB1,392,0,10,2134,0,2144,G
2-PB1,393,0,10,2136,0,2146,G
2-PB1,394,2164,1,2,0,2167,A
2-PB1,395,3,1,0,2163,2167,C
2-PB1,396,2136,1,0,0,2137,A
2-PB1,397,0,2131,0,0,2131,T
2-PB1,398,0,2149,0,2,2151,T
2-PB1,399,2165,1,0,0,2166,A
2-PB1,400,2168,0,0,0,2168,A
2-PB1,401,2166,1,1,0,2168,A
2-PB1,402,2,1,0,2167,2170,C
2-PB1,403,2129,0,2,0,2131,A
2-PB1,404,0,3,2152,0,2155,G
2-PB1,405,2142,1,1,0,2144,A
2-PB1,406,2146,1,1,0,2148,A
2-PB1,407,2140,0,0,0,2140,A
2-PB1,408,0,2126,0,0,2126,T
2-PB1,409,9,0,0,2134,2143,C
2-PB1,410,2130,0,0,0,2130,A
2-PB1,411,2138,0,1,0,2139,A
2-PB1,412,0,0,0,2134,2134,C
2-PB1,413,7,2,0,2112,2121,C
2-PB1,414,1,7,2115,0,2123,G
2-PB1,415,1,0,2118,0,2119,G
2-PB1,416,0,0,0,2128,2128,C
2-PB1,417,2123,0,0,0,2123,A
2-PB1,418,1,4,2124,0,2129,G
2-PB1,419,1,0,0,2143,2144,C
2-PB1,420,2142,1,2,0,2145,A
2-PB1,421,2145,0,1,0,2146,A
2-PB1,422,3,0,0,2150,2153,C
2-PB1,423,0,2143,0,0,2143,T
2-PB1,424,0,0,2217,0,2217,G
2-PB1,425,0,0,0,2212,2212,C
2-PB1,426,2210,2,0,0,2212,A
2-PB1,427,0,2207,0,1,2208,T
2-PB1,428,0,2183,2,0,2185,T
2-PB1,429,2291,1,1,0,2293,A
2-PB1,430,0,0,2295,0,2295,G
2-PB1,431,0,0,0,2279,2279,C
2-PB1,432,10,0,0,2275,2285,C
2-PB1,433,2217,0,0,0,2217,A
2-PB1,434,2220,0,0,0,2220,A
2-PB1,435,2,0,0,2228,2230,C
2-PB1,436,2231,2,1,0,2234,A
2-PB1,437,1,1,0,2281,2283,C
2-PB1,438,9,0,0,2122,2131,C
2-PB1,439,2128,0,0,0,2128,A
2-PB1,440,0,2125,0,0,2125,T
2-PB1,441,2124,0,0,0,2124,A
2-PB1,442,0,3,2127,0,2130,G
2-PB1,443,2113,0,1,0,2114,A
2-PB1,444,2093,0,1,0,2094,A
2-PB1,445,0,2,2113,0,2115,G
2-PB1,446,0,2044,1,0,2045,T
2-PB1,447,1,2030,0,1,2032,T
2-PB1,448,1,2034,0,1,2036,T
2-PB1,449,0,2038,0,0,2038,T
2-PB1,450,0,2043,0,0,2043,T
2-PB1,451,2037,2,2,0,2041,A
2-PB1,452,0,4,2033,0,2037,G
2-PB1,453,2029,0,0,0,2029,A
2-PB1,454,0,2018,0,1,2019,T
2-PB1,455,5,0,0,1993,1998,C
2-PB1,456,2,17,1986,0,2005,G
2-PB1,457,2006,1,0,0,2007,A
2-PB1,458,2006,0,0,0,2006,A
2-PB1,459,0,1,0,2017,2018,C
2-PB1,460,1,3,2012,0,2016,G
2-PB1,461,1,9,2080,0,2090,G
2-PB1,462,2088,0,2,0,2090,A
2-PB1,463,0,2088,1,0,2089,T
2-PB1,464,0,2086,0,1,2087,T
2-PB1,465,2086,0,5,0,2091,A
2-PB1,466,2087,0,2,0,2089,A
2-PB1,467,3,0,1,2099,2103,C
2-PB1,468,2078,0,0,0,2078,A
2-PB1,469,0,0,2110,0,2110,G
2-PB1,470,1,0,0,2051,2052,C
2-PB1,471,0,2033,2,1,2036,T
2-PB1,472,2044,0,0,0,2044,A
2-PB1,473,2045,0,0,1,2046,A
2-PB1,474,0,2044,1,0,2045,T
2-PB1,475,2,15,2052,0,2069,G
2-PB1,476,2063,0,2,0,2065,A
2-PB1,477,2071,0,2,0,2073,A
2-PB1,478,0,2034,1,1,2036,T
2-PB1,479,9,0,0,2046,2055,C
2-PB1,480,2046,2,2,0,2050,A
2-PB1,481,1,3,2041,0,2045,G
2-PB1,482,1,7,2041,0,2049,G
2-PB1,483,2048,0,1,0,2049,A
2-PB1,484,2021,0,2,0,2023,A
2-PB1,485,0,5,2086,0,2091,G
2-PB1,486,0,0,2097,0,2097,G
2-PB1,487,1,0,0,2092,2093,C
2-PB1,488,0,2090,0,0,2090,T
2-PB1,489,2087,0,0,1,2088,A
2-PB1,490,2080,1,1,0,2082,A
2-PB1,491,1,2083,0,0,2084,T
2-PB1,492,2086,0,0,1,2087,A
2-PB1,493,0,4,2089,0,2093,G
2-PB1,494,1982,0,0,0,1982,A
2-PB1,495,1,1964,0,0,1965,T
2-PB1,496,1,1962,0,0,1963,T
2-PB1,497,1,1967,1,0,1969,T
2-PB1,498,7,0,0,2019,2026,C
2-PB1,499,13,0,0,2001,2014,C
2-PB1,500,0,2016,0,0,2016,T
2-PB1,501,6,0,0,2012,2018,C
2-PB1,502,2017,0,1,0,2018,A
2-PB1,503,2025,0,0,0,2025,A
2-PB1,504,1,12,2015,0,2028,G
2-PB1,505,11,3,2040,0,2054,G
2-PB1,506,2051,0,1,0,2052,A
2-PB1,507,0,1998,1,0,1999,T
2-PB1,508,1,0,2021,0,2022,G
2-PB1,509,0,2015,0,0,2015,T
2-PB1,510,2,2,2022,0,2026,G
2-PB1,511,2027,1,1,0,2029,A
2-PB1,512,0,2015,1,0,2016,T
2-PB1,513,0,7,1989,0,1996,G
2-PB1,514,0,9,1976,0,1985,G
2-PB1,515,1988,0,0,0,1988,A
2-PB1,516,1990,1,0,0,1991,A
2-PB1,517,2,1957,0,0,1959,T
2-PB1,518,9,0,0,1954,1963,C
2-PB1,519,1943,0,1,0,1944,A
2-PB1,520,1947,0,1,0,1948,A
2-PB1,521,0,1954,0,0,1954,T
2-PB1,522,0,9,1952,0,1961,G
2-PB1,523,0,7,1970,0,1977,G
2-PB1,524,1969,0,1,1,1971,A
2-PB1,525,0,1966,3,2,1971,T
2-PB1,526,1964,1,1,0,1966,A
2-PB1,527,1962,0,0,0,1962,A
2-PB1,528,1961,0,1,0,1962,A
2-PB1,529,1,8,1973,0,1982,G
2-PB1,530,1964,0,2,0,1966,A
2-PB1,531,0,7,1954,0,1961,G
2-PB1,532,0,8,1954,0,1962,G
2-PB1,533,1958,1,0,0,1959,A
2-PB1,534,1962,1,1,0,1964,A
2-PB1,535,1967,0,1,0,1968,A
2-PB1,536,0,1965,0,0,1965,T
2-PB1,537,0,7,1990,0,1997,G
2-PB1,538,0,9,1987,0,1996,G
2-PB1,539,1966,0,1,0,1967,A
2-PB1,540,1,9,1971,0,1981,G
2-PB1,541,1948,1,1,0,1950,A
2-PB1,542,1,1994,1,0,1996,T
2-PB1,543,1988,0,1,0,1989,A
2-PB1,544,2001,0,2,1,2004,A
2-PB1,545,0,0,0,2009,2009,C
2-PB1,546,1968,1,1,0,1970,A
2-PB1,547,1973,0,1,0,1974,A
2-PB1,548,1,0,0,1967,1968,C
2-PB1,549,1961,0,2,0,1963,A
2-PB1,550,2,1,0,1961,1964,C
2-PB1,551,1932,1,1,0,1934,A
2-PB1,552,0,0,0,1946,1946,C
2-PB1,553,0,1913,1,2,1916,T
2-PB1,554,0,1915,1,0,1916,T
2-PB1,555,1,1912,1,2,1916,T
2-PB1,556,4,2,0,1906,1912,C
2-PB1,557,1909,0,2,1,1912,A
2-PB1,558,1912,0,2,0,1914,A
2-PB1,559,1910,0,1,0,1911,A
2-PB1,560,0,4,1929,0,1933,G
2-PB1,561,1910,0,1,0,1911,A
2-PB1,562,1916,0,0,0,1916,A
2-PB1,563,1919,1,0,0,1920,A
2-PB1,564,1921,0,2,0,1923,A
2-PB1,565,1917,1,1,0,1919,A
2-PB1,566,6,9,1918,0,1933,G
2-PB1,567,0,8,1924,1,1933,G
2-PB1,568,1907,0,2,0,1909,A
2-PB1,569,0,6,1943,1,1950,G
2-PB1,570,1937,1,3,0,1941,A
2-PB1,571,0,0,2010,0,2010,G
2-PB1,572,0,2004,0,1,2005,T
2-PB1,573,2002,0,1,0,2003,A
2-PB1,574,2006,0,2,0,2008,A
2-PB1,575,1,14,1994,0,2009,G
2-PB1,576,1,3,2012,0,2016,G
2-PB1,577,0,8,2008,0,2016,G
2-PB1,578,1979,0,2,0,1981,A
2-PB1,579,2,1,0,2000,2003,C
2-PB1,580,1944,0,1,0,1945,A
2-PB1,581,1949,0,2,0,1951,A
2-PB1,582,1,0,0,1949,1950,C
2-PB1,583,1937,0,6,0,1943,A
2-PB1,584,1,1921,0,0,1922,T
2-PB1,585,1,20,1891,0,1912,G
2-PB1,586,1913,1,5,0,1919,A
2-PB1,587,0,1,0,1916,1917,C
2-PB1,588,9,2,0,1868,1879,C
2-PB1,589,1883,0,1,0,1884,A
2-PB1,590,1886,1,0,0,1887,A
2-PB1,591,0,9,1879,0,1888,G
2-PB1,592,1890,0,0,0,1890,A
2-PB1,593,1888,0,0,0,1888,A
2-PB1,594,1883,0,1,0,1884,A
2-PB1,595,1883,0,0,0,1883,A
2-PB1,596,1,1884,0,0,1885,T
2-PB1,597,1,11,1872,0,1884,G
2-PB1,598,0,1,1893,1,1895,G
2-PB1,599,1,1865,0,1,1867,T
2-PB1,600,21,0,1,1833,1855,C
2-PB1,601,1869,0,1,0,1870,A
2-PB1,602,3,2,0,2004,2009,C
2-PB1,603,2052,0,0,0,2052,A
2-PB1,604,2,1,0,2063,2066,C
2-PB1,605,2056,0,1,0,2057,A
2-PB1,606,2160,0,1,0,2161,A
2-PB1,607,2145,0,4,0,2149,A
2-PB1,608,1,15,2246,0,2262,G
2-PB1,609,342,7,1822,0,2171,G
2-PB1,610,2241,0,3,1,2245,A
2-PB1,611,3,2,0,2319,2324,C
2-PB1,612,2328,0,2,0,2330,A
2-PB1,613,2353,0,0,0,2353,A
2-PB1,614,0,2343,1,0,2344,T
2-PB1,615,2312,1,0,0,2313,A
2-PB1,616,0,23,2296,0,2319,G
2-PB1,617,1,6,2254,0,2261,G
2-PB1,618,1,8,2257,0,2266,G
2-PB1,619,2260,0,1,0,2261,A
2-PB1,620,2243,0,1,0,2244,A
2-PB1,621,0,8,2253,1,2262,G
2-PB1,622,2249,0,1,0,2250,A
2-PB1,623,2258,0,0,0,2258,A
2-PB1,624,2276,0,0,0,2276,A
2-PB1,625,2286,0,0,0,2286,A
2-PB1,626,2332,0,0,0,2332,A
2-PB1,627,2329,0,1,0,2330,A
2-PB1,628,1,4,1,2331,2337,C
2-PB1,629,2329,0,2,0,2331,A
2-PB1,630,2329,0,1,0,2330,A
2-PB1,631,2329,0,1,0,2330,A
2-PB1,632,0,11,2365,0,2376,G
2-PB1,633,2371,0,1,0,2372,A
2-PB1,634,0,2,2499,0,2501,G
2-PB1,635,0,2482,0,0,2482,T
2-PB1,636,0,22,2879,0,2901,G
2-PB1,637,2904,0,1,0,2905,A
2-PB1,638,2913,0,2,1,2916,A
2-PB1,639,0,2974,0,0,2974,T
2-PB1,640,2986,0,2,0,2988,A
2-PB1,641,2982,1,2,0,2985,A
2-PB1,642,1,23,2968,0,2992,G
2-PB1,643,2940,0,1,0,2941,A
2-PB1,644,1,12,2949,0,2962,G
2-PB1,645,2833,0,6,0,2839,A
2-PB1,646,0,13,2845,0,2858,G
2-PB1,647,1,4,2856,0,2861,G
2-PB1,648,2,0,0,2864,2866,C
2-PB1,649,0,2855,1,2,2858,T
2-PB1,650,2961,0,0,0,2961,A
2-PB1,651,1,2,0,3084,3087,C
2-PB1,652,15,0,0,3082,3097,C
2-PB1,653,0,3120,1,1,3122,T
2-PB1,654,3248,0,0,0,3248,A
2-PB1,655,3253,0,1,1,3255,A
2-PB1,656,0,3245,0,0,3245,T
2-PB1,657,3242,0,0,0,3242,A
2-PB1,658,3238,1,2,0,3241,A
2-PB1,659,0,21,3223,1,3245,G
2-PB1,660,3175,1,2,0,3178,A
2-PB1,661,1,2,3208,0,3211,G
2-PB1,662,0,0,0,3230,3230,C
2-PB1,663,0,3189,0,4,3193,T
2-PB1,664,0,3219,0,0,3219,T
2-PB1,665,2,3218,0,1,3221,T
2-PB1,666,1,18,3207,1,3227,G
2-PB1,667,3277,0,2,0,3279,A
2-PB1,668,2,1,0,3296,3299,C
2-PB1,669,3293,0,0,1,3294,A
2-PB1,670,0,3286,0,5,3291,T
2-PB1,671,0,3288,1,2,3291,T
2-PB1,672,2,14,3338,0,3354,G
2-PB1,673,3347,1,3,1,3352,A
2-PB1,674,3352,0,3,0,3355,A
2-PB1,675,1,0,0,3364,3365,C
2-PB1,676,3355,0,1,0,3356,A
2-PB1,677,0,4,0,3362,3366,C
2-PB1,678,1,12,3338,2,3353,G
2-PB1,679,3366,0,3,0,3369,A
2-PB1,680,0,3365,0,5,3370,T
2-PB1,681,3,27,3433,0,3463,G
2-PB1,682,3470,2,3,0,3475,A
2-PB1,683,4,0,0,3480,3484,C
2-PB1,684,15,1,0,3461,3477,C
2-PB1,685,3482,0,1,0,3483,A
2-PB1,686,3517,0,2,1,3520,A
2-PB1,687,3531,1,1,0,3533,A
2-PB1,688,0,5,3625,0,3630,G
2-PB1,689,3669,1,3,0,3673,A
2-PB1,690,0,3631,0,1,3632,T
2-PB1,691,1,2,3640,0,3643,G
2-PB1,692,3,1,2,3631,3637,C
2-PB1,693,3636,0,3,0,3639,A
2-PB1,694,0,13,3651,0,3664,G
2-PB1,695,3633,0,1,0,3634,A
2-PB1,696,6,11,3628,0,3645,G
2-PB1,697,3558,0,3,0,3561,A
2-PB1,698,1,8,3552,0,3561,G
2-PB1,699,3525,2,15,0,3542,A
2-PB1,700,2,9,3529,0,3540,G
2-PB1,701,0,0,3552,0,3552,G
2-PB1,702,0,1,0,3544,3545,C
2-PB1,703,3520,0,2,1,3523,A
2-PB1,704,3528,0,0,0,3528,A
2-PB1,705,3552,1,1,1,3555,A
2-PB1,706,0,3562,0,0,3562,T
2-PB1,707,0,3553,0,0,3553,T
2-PB1,708,3561,3,0,0,3564,A
2-PB1,709,3553,1,1,1,3556,A
2-PB1,710,3569,0,2,0,3571,A
2-PB1,711,3578,0,1,0,3579,A
2-PB1,712,3575,1,3,0,3579,A
2-PB1,713,0,6,3589,0,3595,G
2-PB1,714,3568,1,0,0,3569,A
2-PB1,715,3564,0,1,0,3565,A
2-PB1,716,0,34,3571,0,3605,G
2-PB1,717,0,16,3655,0,3671,G
2-PB1,718,2,1,3668,0,3671,G
2-PB1,719,0,0,1,3691,3692,C
2-PB1,720,0,3693,0,1,3694,T
2-PB1,721,3728,1,0,0,3729,A
2-PB1,722,0,3785,0,0,3785,T
2-PB1,723,1,3796,0,0,3797,T
2-PB1,724,2,1,3818,0,3821,G
2-PB1,725,2,1,0,3807,3810,C
2-PB1,726,3734,0,3,0,3737,A
2-PB1,727,3754,0,2,0,3756,A
2-PB1,728,1,1,0,3760,3762,C
2-PB1,729,3771,0,0,0,3771,A
2-PB1,730,3,0,0,3772,3775,C
2-PB1,731,12,2,0,3698,3712,C
2-PB1,732,28,3,0,3682,3713,C
2-PB1,733,3,31,3670,0,3704,G
2-PB1,734,2,9,3715,2,3728,G
2-PB1,735,1,6,3724,0,3731,G
2-PB1,736,3747,1,2,0,3750,A
2-PB1,737,0,3719,0,0,3719,T
2-PB1,738,1,1,3725,0,3727,G
2-PB1,739,11,2,0,3705,3718,C
2-PB1,740,3749,1,2,0,3752,A
2-PB1,741,3804,0,0,0,3804,A
2-PB1,742,3822,0,0,2,3824,A
2-PB1,743,0,3832,0,0,3832,T
2-PB1,744,0,3835,0,2,3837,T
2-PB1,745,3823,0,1,0,3824,A
2-PB1,746,0,11,3812,0,3823,G
2-PB1,747,3800,1,5,1,3807,A
2-PB1,748,6,21,3800,0,3827,G
2-PB1,749,2,26,3757,0,3785,G
2-PB1,750,2,3,3854,0,3859,G
2-PB1,751,0,3844,0,3,3847,T
2-PB1,752,1,3833,0,8,3842,T
2-PB1,753,27,3,0,3823,3853,C
2-PB1,754,3,2,3892,1,3898,G
2-PB1,755,0,3883,0,3,3886,T
2-PB1,756,4,3,3891,0,3898,G
2-PB1,757,2,3877,0,2,3881,T
2-PB1,758,3865,1,1,0,3867,A
2-PB1,759,1,1,0,3860,3862,C
2-PB1,760,1,3689,1,8,3699,T
2-PB1,761,1,3706,0,0,3707,T
2-PB1,762,13,2,0,3669,3684,C
2-PB1,763,1,2,3662,0,3665,G
2-PB1,764,0,3657,0,1,3658,T
2-PB1,765,0,3654,0,0,3654,T
2-PB1,766,1,10,3648,0,3659,G
2-PB1,767,3655,0,0,1,3656,A
2-PB1,768,3656,0,1,0,3657,A
2-PB1,769,3684,2,0,1,3687,A
2-PB1,770,5,0,0,3699,3704,C
2-PB1,771,0,3674,0,0,3674,T
2-PB1,772,1,3666,0,0,3667,T
2-PB1,773,0,3673,0,0,3673,T
2-PB1,774,3732,1,4,0,3737,A
2-PB1,775,0,0,3748,0,3748,G
2-PB1,776,1,0,0,3742,3743,C
2-PB1,777,0,3743,1,1,3745,T
2-PB1,778,3712,2,2,0,3716,A
2-PB1,779,6,12,3689,0,3707,G
2-PB1,780,3705,1,1,0,3707,A
2-PB1,781,3694,0,4,0,3698,A
2-PB1,782,0,2,3713,0,3715,G
2-PB1,783,4,1,0,3651,3656,C
2-PB1,784,3647,1,0,0,3648,A
2-PB1,785,1,3627,0,0,3628,T
2-PB1,786,0,3635,0,0,3635,T
2-PB1,787,0,3632,0,2,3634,T
2-PB1,788,0,2,3636,1,3639,G
2-PB1,789,2,2,1,3621,3626,C
2-PB1,790,1,12,3616,0,3629,G
2-PB1,791,3622,2,0,1,3625,A
2-PB1,792,3604,0,0,0,3604,A
2-PB1,793,3611,0,0,0,3611,A
2-PB1,794,3705,0,5,0,3710,A
2-PB1,795,1,1,3750,0,3752,G
2-PB1,796,1,0,0,3753,3754,C
2-PB1,797,1,3745,2,3,3751,T
2-PB1,798,0,3749,0,0,3749,T
2-PB1,799,0,21,3734,1,3756,G
2-PB1,800,3748,2,4,0,3754,A
2-PB1,801,3752,0,4,0,3756,A
2-PB1,802,2,0,0,3773,3775,C
2-PB1,803,3688,1,0,0,3689,A
2-PB1,804,0,0,3986,0,3986,G
2-PB1,805,0,3965,0,0,3965,T
2-PB1,806,14,2,0,3960,3976,C
2-PB1,807,0,3974,0,8,3982,T
2-PB1,808,0,13,3973,0,3986,G
2-PB1,809,1,7,3985,1,3994,G
2-PB1,810,4005,0,2,1,4008,A
2-PB1,811,5,0,1,4013,4019,C
2-PB1,812,0,3878,0,1,3879,T
2-PB1,813,0,3656,0,1,3657,T
2-PB1,814,4,1,0,3647,3652,C
2-PB1,815,10,6,0,3640,3656,C
2-PB1,816,3,14,3645,0,3662,G
2-PB1,817,0,0,3679,0,3679,G
2-PB1,818,0,3662,0,0,3662,T
2-PB1,819,1,3646,0,1,3648,T
2-PB1,820,1,19,3617,1,3638,G
2-PB1,821,4,24,3619,0,3647,G
2-PB1,822,2,19,3631,0,3652,G
2-PB1,823,2,15,3636,0,3653,G
2-PB1,824,1,4,3672,0,3677,G
2-PB1,825,0,3635,0,4,3639,T
2-PB1,826,3615,0,1,0,3616,A
2-PB1,827,3635,1,1,0,3637,A
2-PB1,828,0,3637,1,0,3638,T
2-PB1,829,0,18,3635,1,3654,G
2-PB1,830,3605,2,2,0,3609,A
2-PB1,831,3565,1,9,0,3575,A
2-PB1,832,3579,1,0,1,3581,A
2-PB1,833,3557,0,3,0,3560,A
2-PB1,834,1,4,3563,1,3569,G
2-PB1,835,3542,1,1,0,3544,A
2-PB1,836,3513,2,3,0,3518,A
2-PB1,837,1,4,3530,1,3536,G
2-PB1,838,1,3,3529,0,3533,G
2-PB1,839,3,0,0,3529,3532,C
2-PB1,840,23,2,1,3498,3524,C
2-PB1,841,3535,0,0,0,3535,A
2-PB1,842,3540,0,0,0,3540,A
2-PB1,843,3533,0,1,0,3534,A
2-PB1,844,0,0,0,3533,3533,C
2-PB1,845,0,3518,0,4,3522,T
2-PB1,846,3,8,3557,0,3568,G
2-PB1,847,1,0,3560,0,3561,G
2-PB1,848,5,2,0,3557,3564,C
2-PB1,849,3567,0,2,0,3569,A
2-PB1,850,3561,1,0,0,3562,A
2-PB1,851,3561,0,1,0,3562,A
2-PB1,852,0,3566,0,1,3567,T
2-PB1,853,1,2,3581,0,3584,G
2-PB1,854,0,3563,0,1,3564,T
2-PB1,855,0,3485,0,0,3485,T
2-PB1,856,4,3,3491,0,3498,G
2-PB1,857,2,3490,0,2,3494,T
2-PB1,858,0,24,3478,0,3502,G
2-PB1,859,3496,1,4,0,3501,A
2-PB1,860,0,8,3493,1,3502,G
2-PB1,861,3494,1,0,0,3495,A
2-PB1,862,3473,0,1,0,3474,A
2-PB1,863,3474,0,0,0,3474,A
2-PB1,864,3477,0,1,0,3478,A
2-PB1,865,3489,0,4,0,3493,A
2-PB1,866,1,3487,0,0,3488,T
2-PB1,867,0,14,3476,0,3490,G
2-PB1,868,3475,0,12,1,3488,A
2-PB1,869,0,3446,1,1,3448,T
2-PB1,870,2,33,3438,2,3475,G
2-PB1,871,3469,0,3,0,3472,A
2-PB1,872,3,1,1,3510,3515,C
2-PB1,873,0,3493,0,0,3493,T
2-PB1,874,3477,0,0,0,3477,A
2-PB1,875,3496,0,4,0,3500,A
2-PB1,876,1,3491,0,0,3492,T
2-PB1,877,1,3522,0,3,3526,T
2-PB1,878,26,0,1,3520,3547,C
2-PB1,879,3537,1,5,0,3543,A
2-PB1,880,3,1,0,3545,3549,C
2-PB1,881,3514,0,3,0,3517,A
2-PB1,882,3513,2,3,0,3518,A
2-PB1,883,0,17,3504,0,3521,G
2-PB1,884,3559,0,10,1,3570,A
2-PB1,885,4,1,0,3556,3561,C
2-PB1,886,3525,0,3,0,3528,A
2-PB1,887,6,1,1,3515,3523,C
2-PB1,888,3492,0,1,0,3493,A
2-PB1,889,1,17,3494,1,3513,G
2-PB1,890,3496,0,3,0,3499,A
2-PB1,891,1,0,3518,0,3519,G
2-PB1,892,3,0,0,3496,3499,C
2-PB1,893,1,3393,0,7,3401,T
2-PB1,894,1,3430,0,1,3432,T
2-PB1,895,0,3434,0,0,3434,T
2-PB1,896,11,0,0,3427,3438,C
2-PB1,897,0,3435,0,2,3437,T
2-PB1,898,1,3409,0,2,3412,T
2-PB1,899,0,3410,0,2,3412,T
2-PB1,900,15,1,0,3400,3416,C
2-PB1,901,3415,0,2,0,3417,A
2-PB1,902,2,3,0,3423,3428,C
2-PB1,903,3394,2,1,0,3397,A
2-PB1,904,3406,0,2,0,3408,A
2-PB1,905,0,3454,1,0,3455,T
2-PB1,906,22,1,1,3479,3503,C
2-PB1,907,3516,0,0,0,3516,A
2-PB1,908,1,1,0,3529,3531,C
2-PB1,909,1,3508,0,1,3510,T
2-PB1,910,2,17,3506,0,3525,G
2-PB1,911,2,26,3468,1,3497,G
2-PB1,912,0,10,3591,1,3602,G
2-PB1,913,2,12,3570,0,3584,G
2-PB1,914,3509,1,8,0,3518,A
2-PB1,915,1,2,0,3371,3374,C
2-PB1,916,3425,0,3,0,3428,A
2-PB1,917,3592,0,6,0,3598,A
2-PB1,918,3,1,0,3624,3628,C
2-PB1,919,3621,0,1,0,3622,A
2-PB1,920,2,0,0,3616,3618,C
2-PB1,921,0,3465,0,0,3465,T
2-PB1,922,3473,0,1,2,3476,A
2-PB1,923,3467,1,1,0,3469,A
2-PB1,924,0,1,3494,0,3495,G
2-PB1,925,2,3474,0,7,3483,T
2-PB1,926,0,16,3241,0,3257,G
2-PB1,927,0,12,3234,0,3246,G
2-PB1,928,3231,0,1,0,3232,A
2-PB1,929,3238,0,1,0,3239,A
2-PB1,930,0,3230,0,0,3230,T
2-PB1,931,1,14,3215,1,3231,G
2-PB1,932,3225,2,1,1,3229,A
2-PB1,933,3188,1,0,0,3189,A
2-PB1,934,3205,1,1,1,3208,A
2-PB1,935,3218,0,0,1,3219,A
2-PB1,936,0,3212,0,5,3217,T
2-PB1,937,21,0,0,3192,3213,C
2-PB1,938,3206,0,2,0,3208,A
2-PB1,939,3209,0,1,0,3210,A
2-PB1,940,3195,1,5,0,3201,A
2-PB1,941,3198,0,2,0,3200,A
2-PB1,942,3,0,0,3218,3221,C
2-PB1,943,13,0,0,3179,3192,C
2-PB1,944,17,1,0,3159,3177,C
2-PB1,945,0,3175,0,3,3178,T
2-PB1,946,11,3,0,3169,3183,C
2-PB1,947,1,15,3173,0,3189,G
2-PB1,948,3181,3,1,0,3185,A
2-PB1,949,3186,1,0,0,3187,A
2-PB1,950,0,3186,0,0,3186,T
2-PB1,951,0,1,3200,1,3202,G
2-PB1,952,1,3166,0,2,3169,T
2-PB1,953,1,3157,1,2,3161,T
2-PB1,954,1,3167,1,1,3170,T
2-PB1,955,1,3168,0,0,3169,T
2-PB1,956,1,3163,0,0,3164,T
2-PB1,957,1,6,3157,0,3164,G
2-PB1,958,0,5,3158,0,3163,G
2-PB1,959,2,1,0,3143,3146,C
2-PB1,960,2,10,3119,0,3131,G
2-PB1,961,3128,0,1,0,3129,A
2-PB1,962,1,3199,0,1,3201,T
2-PB1,963,0,13,3292,0,3305,G
2-PB1,964,3442,0,1,0,3443,A
2-PB1,965,1,3455,1,3,3460,T
2-PB1,966,0,3444,0,3,3447,T
2-PB1,967,3456,0,3,1,3460,A
2-PB1,968,5,1,0,3462,3468,C
2-PB1,969,3480,0,3,0,3483,A
2-PB1,970,1,3470,0,2,3473,T
2-PB1,971,3280,1,3,0,3284,A
2-PB1,972,6,2,0,3308,3316,C
2-PB1,973,3038,0,1,0,3039,A
2-PB1,974,0,3029,0,0,3029,T
2-PB1,975,10,1,0,3015,3026,C
2-PB1,976,3027,0,1,0,3028,A
2-PB1,977,4,1,0,3032,3037,C
2-PB1,978,3011,1,1,1,3014,A
2-PB1,979,3010,0,0,0,3010,A
2-PB1,980,3001,0,3,0,3004,A
2-PB1,981,2,15,2886,0,2903,G
2-PB1,982,3010,1,1,1,3013,A
2-PB1,983,3025,0,0,0,3025,A
2-PB1,984,0,3021,0,1,3022,T
2-PB1,985,11,4,0,3015,3030,C
2-PB1,986,3030,1,8,2,3041,A
2-PB1,987,3061,0,1,2,3064,A
2-PB1,988,2,0,0,3072,3074,C
2-PB1,989,12,0,0,3064,3076,C
2-PB1,990,1,2920,1,3,2925,T
2-PB1,991,2,23,2934,0,2959,G
2-PB1,992,2945,1,1,0,2947,A
2-PB1,993,1,0,2948,0,2949,G
2-PB1,994,0,2927,0,4,2931,T
2-PB1,995,0,17,2848,1,2866,G
2-PB1,996,1,2,2995,1,2999,G
2-PB1,997,0,2972,0,3,2975,T
2-PB1,998,0,2968,0,1,2969,T
2-PB1,999,18,2,0,2951,2971,C
2-PB1,1000,2938,1,0,0,2939,A
2-PB1,1001,0,9,3003,0,3012,G
2-PB1,1002,2992,0,9,0,3001,A
2-PB1,1003,3008,0,1,0,3009,A
2-PB1,1004,2996,0,2,0,2998,A
2-PB1,1005,2,0,0,2780,2782,C
2-PB1,1006,2809,0,2,0,2811,A
2-PB1,1007,0,2808,0,0,2808,T
2-PB1,1008,7,0,0,2836,2843,C
2-PB1,1009,9,1,0,2837,2847,C
2-PB1,1010,0,2755,0,3,2758,T
2-PB1,1011,1,17,2742,1,2761,G
2-PB1,1012,2748,1,0,0,2749,A
2-PB1,1013,1,0,2783,0,2784,G
2-PB1,1014,3,0,0,2771,2774,C
2-PB1,1015,2689,0,2,0,2691,A
2-PB1,1016,0,2700,0,2,2702,T
2-PB1,1017,5,2,0,2673,2680,C
2-PB1,1018,3,2,2682,0,2687,G
2-PB1,1019,4,2,0,2748,2754,C
2-PB1,1020,2763,2,3,0,2768,A
2-PB1,1021,2,0,0,2871,2873,C
2-PB1,1022,9,1,0,2875,2885,C
2-PB1,1023,2893,0,2,0,2895,A
2-PB1,1024,2935,0,0,0,2935,A
2-PB1,1025,0,2934,0,0,2934,T
2-PB1,1026,2928,0,2,0,2930,A
2-PB1,1027,2931,2,0,0,2933,A
2-PB1,1028,0,2825,0,2,2827,T
2-PB1,1029,0,0,2842,0,2842,G
2-PB1,1030,0,2777,0,1,2778,T
2-PB1,1031,0,2749,1,3,2753,T
2-PB1,1032,14,1,1,2750,2766,C
2-PB1,1033,0,2759,0,0,2759,T
2-PB1,1034,14,0,0,2747,2761,C
2-PB1,1035,2759,0,0,0,2759,A
2-PB1,1036,2757,0,0,0,2757,A
2-PB1,1037,2757,0,4,0,2761,A
2-PB1,1038,4,0,0,2763,2767,C
2-PB1,1039,2755,0,1,0,2756,A
2-PB1,1040,2752,0,0,2,2754,A
2-PB1,1041,2747,0,0,0,2747,A
2-PB1,1042,2756,0,2,0,2758,A
2-PB1,1043,0,2756,0,1,2757,T
2-PB1,1044,2,17,2742,1,2762,G
2-PB1,1045,0,2,2758,0,2760,G
2-PB1,1046,2,1,0,2751,2754,C
2-PB1,1047,2750,0,2,0,2752,A
2-PB1,1048,2757,0,3,2,2762,A
2-PB1,1049,0,11,2743,0,2754,G
2-PB1,1050,2754,1,1,0,2756,A
2-PB1,1051,2,2721,0,1,2724,T
2-PB1,1052,1,2765,0,1,2767,T
2-PB1,1053,10,15,2763,0,2788,G
2-PB1,1054,1,9,2780,0,2790,G
2-PB1,1055,0,9,2811,0,2820,G
2-PB1,1056,2815,0,3,0,2818,A
2-PB1,1057,2801,0,1,1,2803,A
2-PB1,1058,2787,1,2,0,2790,A
2-PB1,1059,2771,0,8,2,2781,A
2-PB1,1060,0,11,2850,1,2862,G
2-PB1,1061,0,6,2850,1,2857,G
2-PB1,1062,2867,0,2,0,2869,A
2-PB1,1063,0,2853,0,2,2855,T
2-PB1,1064,2851,0,4,0,2855,A
2-PB1,1065,0,0,0,2861,2861,C
2-PB1,1066,2882,0,2,0,2884,A
2-PB1,1067,0,2875,0,0,2875,T
2-PB1,1068,2,2,2895,0,2899,G
2-PB1,1069,0,2846,0,6,2852,T
2-PB1,1070,1,2846,0,0,2847,T
2-PB1,1071,22,2,0,2806,2830,C
2-PB1,1072,1,17,2812,0,2830,G
2-PB1,1073,2824,0,1,0,2825,A
2-PB1,1074,0,24,2852,0,2876,G
2-PB1,1075,2829,1,5,1,2836,A
2-PB1,1076,1,2,2864,0,2867,G
2-PB1,1077,1,2844,0,0,2845,T
2-PB1,1078,2836,0,2,0,2838,A
2-PB1,1079,2847,0,2,0,2849,A
2-PB1,1080,0,20,2846,0,2866,G
2-PB1,1081,2857,0,3,0,2860,A
2-PB1,1082,0,10,2898,0,2908,G
2-PB1,1083,2855,1,1,1,2858,A
2-PB1,1084,2882,0,2,0,2884,A
2-PB1,1085,0,2859,0,2,2861,T
2-PB1,1086,1,7,2845,1,2854,G
2-PB1,1087,2845,1,5,0,2851,A
2-PB1,1088,2827,0,3,0,2830,A
2-PB1,1089,0,0,2842,0,2842,G
2-PB1,1090,1,0,0,2823,2824,C
2-PB1,1091,0,2790,0,1,2791,T
2-PB1,1092,11,0,0,2796,2807,C
2-PB1,1093,8,2,0,2797,2807,C
2-PB1,1094,2,10,2805,0,2817,G
2-PB1,1095,0,5,2825,0,2830,G
2-PB1,1096,2838,0,4,0,2842,A
2-PB1,1097,2,2,0,2877,2881,C
2-PB1,1098,2867,0,2,0,2869,A
2-PB1,1099,12,0,0,2893,2905,C
2-PB1,1100,2903,2,0,0,2905,A
2-PB1,1101,2907,0,1,3,2911,A
2-PB1,1102,2904,1,3,0,2908,A
2-PB1,1103,0,2921,0,0,2921,T
2-PB1,1104,2927,0,1,0,2928,A
2-PB1,1105,4,1,0,2916,2921,C
2-PB1,1106,7,0,0,2898,2905,C
2-PB1,1107,2,2857,0,5,2864,T
2-PB1,1108,1,0,2888,0,2889,G
2-PB1,1109,1,1,0,2894,2896,C
2-PB1,1110,2888,1,4,0,2893,A
2-PB1,1111,2,5,2892,0,2899,G
2-PB1,1112,2886,0,1,0,2887,A
2-PB1,1113,2866,0,18,0,2884,A
2-PB1,1114,2887,0,1,0,2888,A
2-PB1,1115,1,2879,0,0,2880,T
2-PB1,1116,0,0,2887,0,2887,G
2-PB1,1117,1,1,0,2870,2872,C
2-PB1,1118,2,2860,0,5,2867,T
2-PB1,1119,2905,0,6,0,2911,A
2-PB1,1120,2,1,2906,1,2910,G
2-PB1,1121,2,0,0,2905,2907,C
2-PB1,1122,2906,0,2,0,2908,A
2-PB1,1123,2896,0,1,1,2898,A
2-PB1,1124,1,3,2884,0,2888,G
2-PB1,1125,0,1,1,2881,2883,C
2-PB1,1126,2844,0,1,0,2845,A
2-PB1,1127,0,2903,0,0,2903,T
2-PB1,1128,0,2905,0,2,2907,T
2-PB1,1129,0,8,2978,0,2986,G
2-PB1,1130,2999,1,6,0,3006,A
2-PB1,1131,4,0,0,2999,3003,C
2-PB1,1132,18,0,1,2995,3014,C
2-PB1,1133,0,2951,0,7,2958,T
2-PB1,1134,0,9,3007,0,3016,G
2-PB1,1135,3016,0,0,0,3016,A
2-PB1,1136,3020,0,3,0,3023,A
2-PB1,1137,2,2,3058,0,3062,G
2-PB1,1138,1,2962,0,1,2964,T
2-PB1,1139,2978,0,3,0,2981,A
2-PB1,1140,0,2964,0,2,2966,T
2-PB1,1141,0,2966,0,1,2967,T
2-PB1,1142,0,2961,1,0,2962,T
2-PB1,1143,11,1,0,2919,2931,C
2-PB1,1144,2938,0,2,0,2940,A
2-PB1,1145,2941,0,2,0,2943,A
2-PB1,1146,0,2913,0,1,2914,T
2-PB1,1147,1,14,2910,0,2925,G
2-PB1,1148,2906,0,0,0,2906,A
2-PB1,1149,2910,1,2,2,2915,A
2-PB1,1150,0,2910,0,1,2911,T
2-PB1,1151,14,0,0,2912,2926,C
2-PB1,1152,2917,1,1,0,2919,A
2-PB1,1153,2922,0,3,0,2925,A
2-PB1,1154,2,1,0,2923,2926,C
2-PB1,1155,2918,0,1,1,2920,A
2-PB1,1156,2912,0,3,0,2915,A
2-PB1,1157,0,8,2910,0,2918,G
2-PB1,1158,0,10,2914,0,2924,G
2-PB1,1159,2927,0,0,0,2927,A
2-PB1,1160,2916,0,5,0,2921,A
2-PB1,1161,0,10,2915,2,2927,G
2-PB1,1162,2908,0,2,1,2911,A
2-PB1,1163,2921,0,2,0,2923,A
2-PB1,1164,2916,0,0,0,2916,A
2-PB1,1165,2917,1,3,0,2921,A
2-PB1,1166,0,2910,0,0,2910,T
2-PB1,1167,0,2878,0,2,2880,T
2-PB1,1168,0,12,2876,0,2888,G
2-PB1,1169,2876,1,0,0,2877,A
2-PB1,1170,1,7,2884,0,2892,G
2-PB1,1171,2885,1,0,0,2886,A
2-PB1,1172,2894,0,0,1,2895,A
2-PB1,1173,2942,1,0,0,2943,A
2-PB1,1174,2945,0,1,0,2946,A
2-PB1,1175,0,2947,1,0,2948,T
2-PB1,1176,2946,0,2,0,2948,A
2-PB1,1177,2936,0,11,0,2947,A
2-PB1,1178,1,7,2952,0,2960,G
2-PB1,1179,0,1,2961,0,2962,G
2-PB1,1180,4,1,0,2935,2940,C
2-PB1,1181,9,1,1,2932,2943,C
2-PB1,1182,0,2929,0,3,2932,T
2-PB1,1183,4,0,0,3237,3241,C
2-PB1,1184,1,3272,0,1,3274,T
2-PB1,1185,0,3281,0,0,3281,T
2-PB1,1186,11,0,0,3321,3332,C
2-PB1,1187,0,3325,0,1,3326,T
2-PB1,1188,3328,0,2,0,3330,A
2-PB1,1189,3343,0,0,0,3343,A
2-PB1,1190,1,3328,1,0,3330,T
2-PB1,1191,3370,1,1,1,3373,A
2-PB1,1192,1,8,3283,0,3292,G
2-PB1,1193,3030,0,3,1,3034,A
2-PB1,1194,0,3040,0,1,3041,T
2-PB1,1195,0,14,2973,1,2988,G
2-PB1,1196,0,1,3024,1,3026,G
2-PB1,1197,1,1,0,3016,3018,C
2-PB1,1198,3019,1,0,0,3020,A
2-PB1,1199,2,3,0,3021,3026,C
2-PB1,1200,2984,0,2,0,2986,A
2-PB1,1201,2,1,3081,0,3084,G
2-PB1,1202,0,0,1,3081,3082,C
2-PB1,1203,3088,1,1,0,3090,A
2-PB1,1204,0,3165,0,1,3166,T
2-PB1,1205,8,1,0,3120,3129,C
2-PB1,1206,3134,1,2,0,3137,A
2-PB1,1207,1,3132,0,0,3133,T
2-PB1,1208,0,3109,0,0,3109,T
2-PB1,1209,1,15,3087,0,3103,G
2-PB1,1210,3006,0,3,0,3009,A
2-PB1,1211,2,1,3105,0,3108,G
2-PB1,1212,2,2,0,3090,3094,C
2-PB1,1213,15,0,0,3052,3067,C
2-PB1,1214,24,2,0,3063,3089,C
2-PB1,1215,1,3062,1,3,3067,T
2-PB1,1216,0,9,3177,1,3187,G
2-PB1,1217,0,13,3221,0,3234,G
2-PB1,1218,3226,1,4,0,3231,A
2-PB1,1219,3290,0,1,0,3291,A
2-PB1,1220,0,3193,0,2,3195,T
2-PB1,1221,0,16,3250,0,3266,G
2-PB1,1222,3300,1,1,0,3302,A
2-PB1,1223,0,3292,0,2,3294,T
2-PB1,1224,2,10,3300,1,3313,G
2-PB1,1225,3271,0,5,1,3277,A
2-PB1,1226,0,3227,1,0,3228,T
2-PB1,1227,2,21,3213,1,3237,G
2-PB1,1228,2,9,3258,0,3269,G
2-PB1,1229,1,0,3277,0,3278,G
2-PB1,1230,3,1,0,3239,3243,C
2-PB1,1231,3228,1,0,0,3229,A
2-PB1,1232,1,3236,0,1,3238,T
2-PB1,1233,0,0,3334,0,3334,G
2-PB1,1234,0,3320,1,11,3332,T
2-PB1,1235,1,3347,0,1,3349,T
2-PB1,1236,19,0,0,3345,3364,C
2-PB1,1237,3341,0,0,0,3341,A
2-PB1,1238,3353,0,5,0,3358,A
2-PB1,1239,0,2,0,3361,3363,C
2-PB1,1240,3360,0,2,0,3362,A
2-PB1,1241,0,3365,0,2,3367,T
2-PB1,1242,1,2,3388,0,3391,G
2-PB1,1243,1,0,1,3400,3402,C
2-PB1,1244,1,3384,0,1,3386,T
2-PB1,1245,3400,0,1,0,3401,A
2-PB1,1246,3396,0,0,0,3396,A
2-PB1,1247,2,1,3454,1,3458,G
2-PB1,1248,1,3449,0,0,3450,T
2-PB1,1249,3435,0,1,0,3436,A
2-PB1,1250,1,5,0,3448,3454,C
2-PB1,1251,2,17,3443,0,3462,G
2-PB1,1252,0,2,3636,0,3638,G
2-PB1,1253,0,3628,0,0,3628,T
2-PB1,1254,0,3617,0,0,3617,T
2-PB1,1255,0,3609,0,2,3611,T
2-PB1,1256,0,3582,1,2,3585,T
2-PB1,1257,3587,0,2,0,3589,A
2-PB1,1258,2,9,3577,0,3588,G
2-PB1,1259,0,18,3569,0,3587,G
2-PB1,1260,3520,0,0,0,3520,A
2-PB1,1261,1,0,3517,0,3518,G
2-PB1,1262,0,3551,0,3,3554,T
2-PB1,1263,10,1,0,3560,3571,C
2-PB1,1264,1,3565,0,3,3569,T
2-PB1,1265,18,6,1,3545,3570,C
2-PB1,1266,0,13,3565,0,3578,G
2-PB1,1267,3669,0,2,0,3671,A
2-PB1,1268,1,3669,0,1,3671,T
2-PB1,1269,3676,1,0,1,3678,A
2-PB1,1270,3,0,1,3676,3680,C
2-PB1,1271,1,3632,0,4,3637,T
2-PB1,1272,2,21,3624,0,3647,G
2-PB1,1273,3634,0,1,0,3635,A
2-PB1,1274,3670,0,1,1,3672,A
2-PB1,1275,1,3669,0,1,3671,T
2-PB1,1276,10,0,0,3583,3593,C
2-PB1,1277,1,3586,0,2,3589,T
2-PB1,1278,2,3566,0,1,3569,T
2-PB1,1279,1,15,3559,0,3575,G
2-PB1,1280,2,17,3562,0,3581,G
2-PB1,1281,3579,1,4,0,3584,A
2-PB1,1282,3,3,0,3585,3591,C
2-PB1,1283,3536,1,1,0,3538,A
2-PB1,1284,3549,0,2,0,3551,A
2-PB1,1285,3563,0,1,0,3564,A
2-PB1,1286,3573,1,6,2,3582,A
2-PB1,1287,0,11,3611,0,3622,G
2-PB1,1288,3625,0,3,0,3628,A
2-PB1,1289,3623,0,4,0,3627,A
2-PB1,1290,3633,0,2,1,3636,A
2-PB1,1291,0,3633,0,0,3633,T
2-PB1,1292,3643,0,0,0,3643,A
2-PB1,1293,2,0,0,3750,3752,C
2-PB1,1294,3712,1,3,0,3716,A
2-PB1,1295,2,2,0,3727,3731,C
2-PB1,1296,15,1,0,3672,3688,C
2-PB1,1297,3680,0,2,0,3682,A
2-PB1,1298,3722,2,1,0,3725,A
2-PB1,1299,0,20,3803,0,3823,G
2-PB1,1300,3854,0,3,0,3857,A
2-PB1,1301,2,1,0,3885,3888,C
2-PB1,1302,3790,0,9,0,3799,A
2-PB1,1303,3913,2,5,0,3920,A
2-PB1,1304,4,0,0,3932,3936,C
2-PB1,1305,3985,3,1,2,3991,A
2-PB1,1306,1,4003,0,1,4005,T
2-PB1,1307,3964,1,4,0,3969,A
2-PB1,1308,4,0,1,4042,4047,C
2-PB1,1309,0,3935,0,5,3940,T
2-PB1,1310,2,16,3970,0,3988,G
2-PB1,1311,2,5,3983,0,3990,G
2-PB1,1312,1,3916,0,1,3918,T
2-PB1,1313,4,33,3873,0,3910,G
2-PB1,1314,1,16,3862,1,3880,G
2-PB1,1315,0,13,3877,0,3890,G
2-PB1,1316,3879,2,5,0,3886,A
2-PB1,1317,3,3776,0,1,3780,T
2-PB1,1318,2,25,3759,0,3786,G
2-PB1,1319,0,14,3756,1,3771,G
2-PB1,1320,1,2,3800,0,3803,G
2-PB1,1321,2,2,0,3836,3840,C
2-PB1,1322,2,3810,0,12,3824,T
2-PB1,1323,11,3,0,3821,3835,C
2-PB1,1324,6,0,0,3822,3828,C
2-PB1,1325,3821,0,1,1,3823,A
2-PB1,1326,3825,1,1,0,3827,A
2-PB1,1327,0,3817,1,1,3819,T
2-PB1,1328,8,0,0,3779,3787,C
2-PB1,1329,10,0,0,3767,3777,C
2-PB1,1330,0,3745,2,3,3750,T
2-PB1,1331,8,0,0,3744,3752,C
2-PB1,1332,7,3,0,3740,3750,C
2-PB1,1333,2,13,3733,0,3748,G
2-PB1,1334,3744,0,0,1,3745,A
2-PB1,1335,2,1,0,3741,3744,C
2-PB1,1336,2,22,3723,0,3747,G
2-PB1,1337,3759,0,0,0,3759,A
2-PB1,1338,0,3751,1,2,3754,T
2-PB1,1339,0,3742,0,1,3743,T
2-PB1,1340,1,3735,0,5,3741,T
2-PB1,1341,1,3747,1,0,3749,T
2-PB1,1342,0,0,3755,0,3755,G
2-PB1,1343,3,3,0,3761,3767,C
2-PB1,1344,12,1,1,3746,3760,C
2-PB1,1345,28,1,0,3836,3865,C
2-PB1,1346,1,3818,0,3,3822,T
2-PB1,1347,19,0,0,3931,3950,C
2-PB1,1348,3968,1,1,0,3970,A
2-PB1,1349,0,3978,1,2,3981,T
2-PB1,1350,3977,0,2,0,3979,A
2-PB1,1351,2,0,4005,0,4007,G
2-PB1,1352,0,3962,0,3,3965,T
2-PB1,1353,0,28,3961,0,3989,G
2-PB1,1354,3857,1,2,0,3860,A
2-PB1,1355,3862,0,0,0,3862,A
2-PB1,1356,0,3710,0,1,3711,T
2-PB1,1357,1,3,3680,0,3684,G
2-PB1,1358,2,1,0,3714,3717,C
2-PB1,1359,3706,0,2,0,3708,A
2-PB1,1360,2,1,0,3708,3711,C
2-PB1,1361,13,3,0,3670,3686,C
2-PB1,1362,3666,0,0,0,3666,A
2-PB1,1363,3660,0,2,0,3662,A
2-PB1,1364,3652,0,2,0,3654,A
2-PB1,1365,1,3569,0,12,3582,T
2-PB1,1366,14,1,0,3654,3669,C
2-PB1,1367,3676,0,2,0,3678,A
2-PB1,1368,0,3675,0,1,3676,T
2-PB1,1369,1,8,3664,0,3673,G
2-PB1,1370,3675,0,6,1,3682,A
2-PB1,1371,0,30,3669,0,3699,G
2-PB1,1372,5,11,3666,0,3682,G
2-PB1,1373,2,16,3686,1,3705,G
2-PB1,1374,3674,1,3,0,3678,A
2-PB1,1375,3737,1,1,0,3739,A
2-PB1,1376,0,3741,0,1,3742,T
2-PB1,1377,3744,0,3,0,3747,A
2-PB1,1378,2,1,0,3753,3756,C
2-PB1,1379,3750,1,1,0,3752,A
2-PB1,1380,3751,0,1,0,3752,A
2-PB1,1381,1,1,3742,0,3744,G
2-PB1,1382,0,3,0,3719,3722,C
2-PB1,1383,3695,0,4,0,3699,A
2-PB1,1384,2,9,3698,0,3709,G
2-PB1,1385,0,17,3703,0,3720,G
2-PB1,1386,3686,0,5,0,3691,A
2-PB1,1387,2,7,3694,0,3703,G
2-PB1,1388,2,3644,0,3,3649,T
2-PB1,1389,1,26,3653,0,3680,G
2-PB1,1390,0,9,3680,0,3689,G
2-PB1,1391,3678,1,2,0,3681,A
2-PB1,1392,3,3682,0,1,3686,T
2-PB1,1393,3608,0,4,1,3613,A
2-PB1,1394,1,11,3621,1,3634,G
2-PB1,1395,3679,0,2,0,3681,A
2-PB1,1396,0,3677,0,0,3677,T
2-PB1,1397,0,3656,0,1,3657,T
2-PB1,1398,11,1,0,3749,3761,C
2-PB1,1399,0,3734,0,2,3736,T
2-PB1,1400,3738,1,1,0,3740,A
2-PB1,1401,2,1,0,3734,3737,C
2-PB1,1402,3663,0,4,1,3668,A
2-PB1,1403,0,13,3671,0,3684,G
2-PB1,1404,1,21,3608,0,3630,G
2-PB1,1405,3663,0,2,0,3665,A
2-PB1,1406,3,1,0,3644,3648,C
2-PB1,1407,12,2,1,3572,3587,C
2-PB1,1408,2,3552,0,3,3557,T
2-PB1,1409,3,1,3555,1,3560,G
2-PB1,1410,0,18,0,3543,3561,C
2-PB1,1411,3564,2,1,0,3567,A
2-PB1,1412,3577,0,4,0,3581,A
2-PB1,1413,0,1,3597,0,3598,G
2-PB1,1414,0,3543,1,0,3544,T
2-PB1,1415,1,3541,0,0,3542,T
2-PB1,1416,3492,0,0,0,3492,A
2-PB1,1417,0,2,3494,0,3496,G
2-PB1,1418,0,3473,0,1,3474,T
2-PB1,1419,3,22,3435,1,3461,G
2-PB1,1420,5,9,3438,1,3453,G
2-PB1,1421,4,10,3463,0,3477,G
2-PB1,1422,3433,1,3,1,3438,A
2-PB1,1423,3460,0,0,0,3460,A
2-PB1,1424,0,3446,0,3,3449,T
2-PB1,1425,21,2,0,3444,3467,C
2-PB1,1426,3450,2,3,0,3455,A
2-PB1,1427,3453,0,3,1,3457,A
2-PB1,1428,1,0,1,3452,3454,C
2-PB1,1429,3441,1,2,0,3444,A
2-PB1,1430,0,3399,0,1,3400,T
2-PB1,1431,0,22,3382,1,3405,G
2-PB1,1432,3395,0,11,0,3406,A
2-PB1,1433,1,0,3425,0,3426,G
2-PB1,1434,4,3,0,3395,3402,C
2-PB1,1435,3391,0,3,0,3394,A
2-PB1,1436,3400,0,0,0,3400,A
2-PB1,1437,3391,0,1,0,3392,A
2-PB1,1438,3419,0,2,1,3422,A
2-PB1,1439,3423,1,2,0,3426,A
2-PB1,1440,0,5,3418,0,3423,G
2-PB1,1441,3386,0,1,0,3387,A
2-PB1,1442,3346,0,4,0,3350,A
2-PB1,1443,2,1,3444,0,3447,G
2-PB1,1444,2,3426,0,5,3433,T
2-PB1,1445,18,1,0,3404,3423,C
2-PB1,1446,14,0,0,3417,3431,C
2-PB1,1447,3,3406,0,1,3410,T
2-PB1,1448,3459,0,0,0,3459,A
2-PB1,1449,0,3449,0,1,3450,T
2-PB1,1450,3456,0,0,0,3456,A
2-PB1,1451,0,3450,0,1,3451,T
2-PB1,1452,3349,1,0,0,3350,A
2-PB1,1453,3342,0,1,0,3343,A
2-PB1,1454,3336,1,1,2,3340,A
2-PB1,1455,0,3334,0,2,3336,T
2-PB1,1456,3300,0,1,0,3301,A
2-PB1,1457,3303,1,3,0,3307,A
2-PB1,1458,3302,0,0,0,3302,A
2-PB1,1459,3311,1,3,0,3315,A
2-PB1,1460,0,1,0,3310,3311,C
2-PB1,1461,3167,1,12,0,3180,A
2-PB1,1462,1,25,3153,1,3180,G
2-PB1,1463,1,16,3156,1,3174,G
2-PB1,1464,4,16,3163,0,3183,G
2-PB1,1465,3180,2,2,0,3184,A
2-PB1,1466,2,1,0,3171,3174,C
2-PB1,1467,3146,0,1,0,3147,A
2-PB1,1468,2,3157,0,1,3160,T
2-PB1,1469,1,3152,0,3,3156,T
2-PB1,1470,2,3161,0,2,3165,T
2-PB1,1471,1,20,3151,0,3172,G
2-PB1,1472,3136,0,3,0,3139,A
2-PB1,1473,3139,0,3,0,3142,A
2-PB1,1474,0,3145,1,1,3147,T
2-PB1,1475,0,3074,0,0,3074,T
2-PB1,1476,22,0,0,3072,3094,C
2-PB1,1477,3063,1,2,0,3066,A
2-PB1,1478,1,1,0,3070,3072,C
2-PB1,1479,1,3071,0,0,3072,T
2-PB1,1480,3063,0,1,0,3064,A
2-PB1,1481,3,0,3061,0,3064,G
2-PB1,1482,2,13,1,3052,3068,C
2-PB1,1483,0,3030,1,6,3037,T
2-PB1,1484,1,3069,0,0,3070,T
2-PB1,1485,0,3047,0,1,3048,T
2-PB1,1486,0,3052,1,0,3053,T
2-PB1,1487,0,3034,0,1,3035,T
2-PB1,1488,0,3034,0,1,3035,T
2-PB1,1489,0,3023,0,0,3023,T
2-PB1,1490,3004,13,1,0,3018,A
2-PB1,1491,0,3013,0,0,3013,T
2-PB1,1492,9,1,0,2998,3008,C
2-PB1,1493,0,5,3021,0,3026,G
2-PB1,1494,3090,0,0,0,3090,A
2-PB1,1495,0,3095,0,0,3095,T
2-PB1,1496,3096,0,1,0,3097,A
2-PB1,1497,0,3118,0,1,3119,T
2-PB1,1498,1,20,3091,0,3112,G
2-PB1,1499,2,8,3126,0,3136,G
2-PB1,1500,3138,0,4,0,3142,A
2-PB1,1501,0,3107,2,5,3114,T
2-PB1,1502,0,3084,0,1,3085,T
2-PB1,1503,1,2993,0,3,2997,T
2-PB1,1504,1,5,3001,0,3007,G
2-PB1,1505,0,2991,0,3,2994,T
2-PB1,1506,1,8,2975,1,2985,G
2-PB1,1507,2,1,2981,1,2985,G
2-PB1,1508,3,0,0,2955,2958,C
2-PB1,1509,1,2950,0,1,2952,T
2-PB1,1510,2954,0,1,1,2956,A
2-PB1,1511,2973,0,0,0,2973,A
2-PB1,1512,0,2988,1,0,2989,T
2-PB1,1513,0,2989,1,0,2990,T
2-PB1,1514,1,2995,0,1,2997,T
2-PB1,1515,0,3002,0,0,3002,T
2-PB1,1516,2999,0,0,0,2999,A
2-PB1,1517,2,0,3021,0,3023,G
2-PB1,1518,0,2,0,3018,3020,C
2-PB1,1519,2998,0,1,0,2999,A
2-PB1,1520,4,2957,0,0,2961,T
2-PB1,1521,0,12,2930,1,2943,G
2-PB1,1522,0,14,2970,0,2984,G
2-PB1,1523,2966,0,1,1,2968,A
2-PB1,1524,0,2,2975,0,2977,G
2-PB1,1525,2,4,0,2961,2967,C
2-PB1,1526,0,2917,0,1,2918,T
2-PB1,1527,0,1,2948,0,2949,G
2-PB1,1528,2,1,1,2926,2930,C
2-PB1,1529,6,0,0,2927,2933,C
2-PB1,1530,23,1,0,2926,2950,C
2-PB1,1531,2859,0,4,0,2863,A
2-PB1,1532,2,3,2996,0,3001,G
2-PB1,1533,1,2982,0,1,2984,T
2-PB1,1534,0,2987,0,1,2988,T
2-PB1,1535,0,2991,0,0,2991,T
2-PB1,1536,0,2941,2,1,2944,T
2-PB1,1537,0,15,2920,0,2935,G
2-PB1,1538,0,14,2928,0,2942,G
2-PB1,1539,2919,1,1,0,2921,A
2-PB1,1540,0,3,2930,0,2933,G
2-PB1,1541,0,2666,0,1,2667,T
2-PB1,1542,3,2,2746,0,2751,G
2-PB1,1543,1,2732,1,3,2737,T
2-PB1,1544,21,0,0,2713,2734,C
2-PB1,1545,1,2728,0,5,2734,T
2-PB1,1546,0,8,2740,0,2748,G
2-PB1,1547,0,6,2759,0,2765,G
2-PB1,1548,2763,0,0,0,2763,A
2-PB1,1549,2759,0,5,0,2764,A
2-PB1,1550,0,2759,0,0,2759,T
2-PB1,1551,2527,0,3,0,2530,A
2-PB1,1552,2522,0,2,2,2526,A
2-PB1,1553,2514,0,4,1,2519,A
2-PB1,1554,0,3,1,2523,2527,C
2-PB1,1555,1,13,2494,0,2508,G
2-PB1,1556,2453,1,2,0,2456,A
2-PB1,1557,0,1,2456,0,2457,G
2-PB1,1558,0,2435,0,4,2439,T
2-PB1,1559,18,0,0,2432,2450,C
2-PB1,1560,2440,0,2,0,2442,A
2-PB1,1561,1,0,2473,0,2474,G
2-PB1,1562,3,0,1,2466,2470,C
2-PB1,1563,2,2464,0,0,2466,T
2-PB1,1564,0,6,2507,1,2514,G
2-PB1,1565,2492,0,4,0,2496,A
2-PB1,1566,0,2488,0,2,2490,T
2-PB1,1567,2495,0,2,0,2497,A
2-PB1,1568,1,2440,0,0,2441,T
2-PB1,1569,0,18,2436,1,2455,G
2-PB1,1570,2342,0,6,0,2348,A
2-PB1,1571,0,3,2364,0,2367,G
2-PB1,1572,2,2,0,2358,2362,C
2-PB1,1573,2210,1,1,0,2212,A
2-PB1,1574,0,2211,0,1,2212,T
2-PB1,1575,0,2197,0,0,2197,T
2-PB1,1576,0,3,2212,0,2215,G
2-PB1,1577,1,17,2243,0,2261,G
2-PB1,1578,2211,0,4,0,2215,A
2-PB1,1579,0,1,2220,0,2221,G
2-PB1,1580,1,2091,0,0,2092,T
2-PB1,1581,2075,0,1,0,2076,A
2-PB1,1582,2066,1,4,0,2071,A
2-PB1,1583,2,0,0,2077,2079,C
2-PB1,1584,2043,0,3,0,2046,A
2-PB1,1585,0,1,2080,0,2081,G
2-PB1,1586,0,1776,0,0,1776,T
2-PB1,1587,1,8,1775,0,1784,G
2-PB1,1588,1797,0,2,0,1799,A
2-PB1,1589,0,1798,0,1,1799,T
2-PB1,1590,1788,0,3,0,1791,A
2-PB1,1591,1781,0,2,1,1784,A
2-PB1,1592,1717,0,7,0,1724,A
2-PB1,1593,0,5,1744,0,1749,G
2-PB1,1594,1647,0,1,0,1648,A
2-PB1,1595,1645,0,1,0,1646,A
2-PB1,1596,0,1,0,1649,1650,C
2-PB1,1597,1569,0,0,0,1569,A
2-PB1,1598,1583,0,3,0,1586,A
2-PB1,1599,2,0,0,1599,1601,C
2-PB1,1600,1609,0,0,0,1609,A
2-PB1,1601,2,1600,6,1,1609,T
2-PB1,1602,0,5,1565,0,1570,G
2-PB1,1603,1564,1,5,0,1570,A
2-PB1,1604,1,1563,0,1,1565,T
2-PB1,1605,1537,0,1,0,1538,A
2-PB1,1606,1545,1,0,0,1546,A
2-PB1,1607,1506,0,3,0,1509,A
2-PB1,1608,2,0,0,1510,1512,C
2-PB1,1609,1426,0,0,0,1426,A
2-PB1,1610,1424,0,0,0,1424,A
2-PB1,1611,0,1390,0,1,1391,T
2-PB1,1612,0,10,1382,0,1392,G
2-PB1,1613,1409,0,3,0,1412,A
2-PB1,1614,0,0,0,1422,1422,C
2-PB1,1615,4,0,1,1372,1377,C
2-PB1,1616,0,1302,0,2,1304,T
2-PB1,1617,0,1266,0,0,1266,T
2-PB1,1618,1,6,1260,0,1267,G
2-PB1,1619,0,7,1270,0,1277,G
2-PB1,1620,1288,1,0,0,1289,A
2-PB1,1621,0,0,0,1296,1296,C
2-PB1,1622,5,0,0,1273,1278,C
2-PB1,1623,1264,0,0,0,1264,A
2-PB1,1624,2,0,1276,0,1278,G
2-PB1,1625,1,1,0,1278,1280,C
2-PB1,1626,1282,1,1,0,1284,A
2-PB1,1627,1281,0,0,0,1281,A
2-PB1,1628,0,0,0,1270,1270,C
2-PB1,1629,1256,0,0,0,1256,A
2-PB1,1630,1,1,1276,1,1279,G
2-PB1,1631,0,0,0,1270,1270,C
2-PB1,1632,4,0,0,1273,1277,C
2-PB1,1633,9,2,0,1267,1278,C
2-PB1,1634,1281,0,0,0,1281,A
2-PB1,1635,1276,0,3,0,1279,A
2-PB1,1636,1281,1,0,0,1282,A
2-PB1,1637,0,1280,0,0,1280,T
2-PB1,1638,0,2,1269,0,1271,G
2-PB1,1639,3,0,1259,0,1262,G
2-PB1,1640,0,0,0,1271,1271,C
2-PB1,1641,0,1259,0,2,1261,T
2-PB1,1642,4,0,1,1279,1284,C
2-PB1,1643,0,1286,0,1,1287,T
2-PB1,1644,8,0,0,1288,1296,C
2-PB1,1645,8,0,0,1293,1301,C
2-PB1,1646,1302,1,0,0,1303,A
2-PB1,1647,1310,0,0,0,1310,A
2-PB1,1648,0,1308,0,0,1308,T
2-PB1,1649,1,1293,0,0,1294,T
2-PB1,1650,0,2,1303,0,1305,G
2-PB1,1651,1,1285,0,2,1288,T
2-PB1,1652,0,1286,0,1,1287,T
2-PB1,1653,8,6,1,1271,1286,C
2-PB1,1654,1276,0,2,0,1278,A
2-PB1,1655,0,1261,0,15,1276,T
2-PB1,1656,6,0,0,1274,1280,C
2-PB1,1657,1277,0,0,0,1277,A
2-PB1,1658,1276,0,0,0,1276,A
2-PB1,1659,1279,0,0,0,1279,A
2-PB1,1660,1,2,1295,0,1298,G
2-PB1,1661,1294,0,2,1,1297,A
2-PB1,1662,0,1305,0,1,1306,T
2-PB1,1663,0,1309,0,0,1309,T
2-PB1,1664,1309,0,2,0,1311,A
2-PB1,1665,0,0,0,1332,1332,C
2-PB1,1666,1324,0,1,0,1325,A
2-PB1,1667,0,5,1325,1,1331,G
2-PB1,1668,1324,0,1,0,1325,A
2-PB1,1669,0,1336,0,2,1338,T
2-PB1,1670,1338,0,0,0,1338,A
2-PB1,1671,0,0,0,1417,1417,C
2-PB1,1672,1441,0,1,0,1442,A
2-PB1,1673,0,0,0,1511,1511,C
2-PB1,1674,1490,0,2,0,1492,A
2-PB1,1675,0,1502,0,1,1503,T
2-PB1,1676,1491,0,1,0,1492,A
2-PB1,1677,0,1490,0,0,1490,T
2-PB1,1678,1447,0,1,0,1448,A
2-PB1,1679,0,4,1440,1,1445,G
2-PB1,1680,1,1,1427,0,1429,G
2-PB1,1681,0,1355,0,0,1355,T
2-PB1,1682,0,1,1347,0,1348,G
2-PB1,1683,0,2,0,1387,1389,C
2-PB1,1684,9,0,0,1382,1391,C
2-PB1,1685,1403,1,2,0,1406,A
2-PB1,1686,0,1404,0,2,1406,T
2-PB1,1687,1407,0,0,0,1407,A
2-PB1,1688,0,2,1412,1,1415,G
2-PB1,1689,1380,0,1,1,1382,A
2-PB1,1690,0,7,1389,0,1396,G
2-PB1,1691,0,7,1387,0,1394,G
2-PB1,1692,1334,0,0,0,1334,A
2-PB1,1693,0,11,1325,0,1336,G
2-PB1,1694,1327,0,0,0,1327,A
2-PB1,1695,0,0,0,1328,1328,C
2-PB1,1696,1319,0,6,0,1325,A
2-PB1,1697,0,2,0,1349,1351,C
2-PB1,1698,1351,1,1,0,1353,A
2-PB1,1699,2,2,0,1351,1355,C
2-PB1,1700,1340,1,1,1,1343,A
2-PB1,1701,1360,0,1,0,1361,A
2-PB1,1702,1354,0,9,0,1363,A
2-PB1,1703,2,1358,0,0,1360,T
2-PB1,1704,2,0,1,1362,1365,C
2-PB1,1705,3,1,0,1358,1362,C
2-PB1,1706,1344,0,1,0,1345,A
2-PB1,1707,0,8,1346,0,1354,G
2-PB1,1708,1348,0,1,0,1349,A
2-PB1,1709,2,0,0,1386,1388,C
2-PB1,1710,0,8,1366,0,1374,G
2-PB1,1711,1369,0,0,1,1370,A
2-PB1,1712,1,1367,0,0,1368,T
2-PB1,1713,1376,0,0,0,1376,A
2-PB1,1714,1379,0,0,0,1379,A
2-PB1,1715,2,5,1381,0,1388,G
2-PB1,1716,1379,0,4,0,1383,A
2-PB1,1717,0,1382,0,0,1382,T
2-PB1,1718,6,0,0,1344,1350,C
2-PB1,1719,1355,0,3,0,1358,A
2-PB1,1720,1,1352,0,0,1353,T
2-PB1,1721,0,1351,0,0,1351,T
2-PB1,1722,8,0,1,1346,1355,C
2-PB1,1723,0,7,1350,0,1357,G
2-PB1,1724,1346,0,0,0,1346,A
2-PB1,1725,0,3,1347,0,1350,G
2-PB1,1726,1335,1,1,0,1337,A
2-PB1,1727,0,1390,0,1,1391,T
2-PB1,1728,1394,0,2,0,1396,A
2-PB1,1729,1404,0,0,1,1405,A
2-PB1,1730,1403,0,4,0,1407,A
2-PB1,1731,1,3,1406,0,1410,G
2-PB1,1732,1410,0,1,0,1411,A
2-PB1,1733,1379,1,1,0,1381,A
2-PB1,1734,4,1,1387,0,1392,G
2-PB1,1735,1,0,0,1391,1392,C
2-PB1,1736,1,1375,0,0,1376,T
2-PB1,1737,0,1,1381,0,1382,G
2-PB1,1738,1,1376,0,0,1377,T
2-PB1,1739,0,2,1373,0,1375,G
2-PB1,1740,2,6,1372,0,1380,G
2-PB1,1741,0,7,1381,1,1389,G
2-PB1,1742,1393,0,2,0,1395,A
2-PB1,1743,0,1385,0,0,1385,T
2-PB1,1744,7,0,0,1374,1381,C
2-PB1,1745,1380,0,0,0,1380,A
2-PB1,1746,1386,1,1,0,1388,A
2-PB1,1747,1402,0,0,0,1402,A
2-PB1,1748,1,1,0,1395,1397,C
2-PB1,1749,3,0,0,1384,1387,C
2-PB1,1750,8,0,0,1383,1391,C
2-PB1,1751,1383,0,3,1,1387,A
2-PB1,1752,1420,0,1,0,1421,A
2-PB1,1753,0,1416,0,1,1417,T
2-PB1,1754,4,0,0,1422,1426,C
2-PB1,1755,1410,0,1,1,1412,A
2-PB1,1756,1402,0,4,1,1407,A
2-PB1,1757,1,9,1413,0,1423,G
2-PB1,1758,0,5,1419,0,1424,G
2-PB1,1759,2,2,1416,0,1420,G
2-PB1,1760,0,0,0,1421,1421,C
2-PB1,1761,1392,0,1,1,1394,A
2-PB1,1762,0,3,1430,0,1433,G
2-PB1,1763,0,1,1436,0,1437,G
2-PB1,1764,1439,0,0,0,1439,A
2-PB1,1765,0,0,0,1447,1447,C
2-PB1,1766,0,1410,0,2,1412,T
2-PB1,1767,1420,0,0,0,1420,A
2-PB1,1768,0,1416,0,1,1417,T
2-PB1,1769,0,1420,0,0,1420,T
2-PB1,1770,1,7,1417,1,1426,G
2-PB1,1771,0,1,1396,0,1397,G
2-PB1,1772,1,1386,0,3,1390,T
2-PB1,1773,0,1357,1,0,1358,T
2-PB1,1774,0,1387,0,0,1387,T
2-PB1,1775,5,0,0,1390,1395,C
2-PB1,1776,1394,1,3,0,1398,A
2-PB1,1777,0,1,1400,0,1401,G
2-PB1,1778,1395,0,1,0,1396,A
2-PB1,1779,0,1385,0,0,1385,T
2-PB1,1780,0,12,1354,1,1367,G
2-PB1,1781,0,4,1354,0,1358,G
2-PB1,1782,0,6,1346,0,1352,G
2-PB1,1783,0,5,1359,0,1364,G
2-PB1,1784,0,3,1362,0,1365,G
2-PB1,1785,1364,0,0,0,1364,A
2-PB1,1786,1,1,0,1357,1359,C
2-PB1,1787,6,0,0,1357,1363,C
2-PB1,1788,1356,2,1,0,1359,A
2-PB1,1789,1435,0,0,0,1435,A
2-PB1,1790,1440,1,1,0,1442,A
2-PB1,1791,2,0,0,1471,1473,C
2-PB1,1792,0,1462,0,1,1463,T
2-PB1,1793,0,1453,0,1,1454,T
2-PB1,1794,1462,1,2,0,1465,A
2-PB1,1795,2,1464,0,3,1469,T
2-PB1,1796,1466,0,2,0,1468,A
2-PB1,1797,1,0,0,1467,1468,C
2-PB1,1798,1356,0,0,0,1356,A
2-PB1,1799,1366,0,0,0,1366,A
2-PB1,1800,0,1341,0,0,1341,T
2-PB1,1801,1365,0,0,0,1365,A
2-PB1,1802,0,1368,0,0,1368,T
2-PB1,1803,3,0,0,1359,1362,C
2-PB1,1804,3,1,0,1361,1365,C
2-PB1,1805,1,2,1360,0,1363,G
2-PB1,1806,1,2,1358,1,1362,G
2-PB1,1807,1363,0,0,0,1363,A
2-PB1,1808,1371,0,0,0,1371,A
2-PB1,1809,0,1371,0,0,1371,T
2-PB1,1810,0,0,0,1390,1390,C
2-PB1,1811,0,1384,0,0,1384,T
2-PB1,1812,0,1389,0,1,1390,T
2-PB1,1813,5,0,0,1385,1390,C
2-PB1,1814,1386,0,5,0,1391,A
2-PB1,1815,1,0,0,1397,1398,C
2-PB1,1816,1394,0,2,0,1396,A
2-PB1,1817,0,1511,0,0,1511,T
2-PB1,1818,6,0,0,1511,1517,C
2-PB1,1819,5,1,1,1510,1517,C
2-PB1,1820,6,1,0,1523,1530,C
2-PB1,1821,0,1524,0,3,1527,T
2-PB1,1822,2,3,1524,0,1529,G
2-PB1,1823,1521,0,2,0,1523,A
2-PB1,1824,1517,2,0,1,1520,A
2-PB1,1825,0,2,1522,0,1524,G
2-PB1,1826,0,1451,0,0,1451,T
2-PB1,1827,2,0,0,1447,1449,C
2-PB1,1828,0,1421,0,1,1422,T
2-PB1,1829,0,2,1446,0,1448,G
2-PB1,1830,0,0,1,1454,1455,C
2-PB1,1831,1,1448,0,1,1450,T
2-PB1,1832,0,1455,0,1,1456,T
2-PB1,1833,1453,1,0,0,1454,A
2-PB1,1834,1453,0,1,0,1454,A
2-PB1,1835,1451,0,0,0,1451,A
2-PB1,1836,1419,0,1,1,1421,A
2-PB1,1837,0,1429,0,1,1430,T
2-PB1,1838,0,8,1423,0,1431,G
2-PB1,1839,0,9,1425,0,1434,G
2-PB1,1840,0,9,1433,0,1442,G
2-PB1,1841,1427,0,3,0,1430,A
2-PB1,1842,0,2,1439,0,1441,G
2-PB1,1843,4,0,0,1436,1440,C
2-PB1,1844,1,1427,0,1,1429,T
2-PB1,1845,0,3,1436,0,1439,G
2-PB1,1846,1430,1,1,1,1433,A
2-PB1,1847,0,1432,1,0,1433,T
2-PB1,1848,0,5,1434,0,1439,G
2-PB1,1849,1,8,1436,0,1445,G
2-PB1,1850,1438,0,1,1,1440,A
2-PB1,1851,1,1436,0,1,1438,T
2-PB1,1852,0,7,1430,0,1437,G
2-PB1,1853,1420,0,4,0,1424,A
2-PB1,1854,0,10,1435,0,1445,G
2-PB1,1855,1430,0,4,0,1434,A
2-PB1,1856,1437,0,0,0,1437,A
2-PB1,1857,0,1428,0,0,1428,T
2-PB1,1858,0,1422,1,0,1423,T
2-PB1,1859,1426,0,2,0,1428,A
2-PB1,1860,0,1427,0,1,1428,T
2-PB1,1861,1,0,1,1424,1426,C
2-PB1,1862,2,10,1418,0,1430,G
2-PB1,1863,0,6,1415,0,1421,G
2-PB1,1864,0,5,1413,0,1418,G
2-PB1,1865,1,5,1416,0,1422,G
2-PB1,1866,1413,1,0,0,1414,A
2-PB1,1867,1422,0,1,0,1423,A
2-PB1,1868,0,6,1421,0,1427,G
2-PB1,1869,1436,0,1,0,1437,A
2-PB1,1870,0,0,0,1449,1449,C
2-PB1,1871,0,1437,0,3,1440,T
2-PB1,1872,1,1455,0,1,1457,T
2-PB1,1873,0,1461,0,0,1461,T
2-PB1,1874,0,0,1476,0,1476,G
2-PB1,1875,0,1471,0,0,1471,T
2-PB1,1876,1466,0,1,0,1467,A
2-PB1,1877,1460,0,2,0,1462,A
2-PB1,1878,0,1436,0,1,1437,T
2-PB1,1879,5,0,0,1431,1436,C
2-PB1,1880,4,1,0,1420,1425,C
2-PB1,1881,4,0,0,1421,1425,C
2-PB1,1882,10,0,0,1417,1427,C
2-PB1,1883,1,1421,1,1,1424,T
2-PB1,1884,0,4,1424,0,1428,G
2-PB1,1885,1425,0,0,0,1425,A
2-PB1,1886,1437,0,0,0,1437,A
2-PB1,1887,0,1437,0,1,1438,T
2-PB1,1888,5,0,0,1430,1435,C
2-PB1,1889,5,0,0,1432,1437,C
2-PB1,1890,16,1,1,1412,1430,C
2-PB1,1891,1,1421,0,1,1423,T
2-PB1,1892,0,1431,0,2,1433,T
2-PB1,1893,0,1424,0,1,1425,T
2-PB1,1894,0,2,1426,0,1428,G
2-PB1,1895,1,1420,0,2,1423,T
2-PB1,1896,5,0,0,1417,1422,C
2-PB1,1897,1405,0,4,0,1409,A
2-PB1,1898,0,1,1424,0,1425,G
2-PB1,1899,1,0,0,1424,1425,C
2-PB1,1900,4,1,0,1417,1422,C
2-PB1,1901,1429,0,0,0,1429,A
2-PB1,1902,0,1431,0,1,1432,T
2-PB1,1903,1428,0,1,0,1429,A
2-PB1,1904,1436,0,1,0,1437,A
2-PB1,1905,1438,0,2,0,1440,A
2-PB1,1906,0,2,1450,0,1452,G
2-PB1,1907,1419,0,0,0,1419,A
2-PB1,1908,1425,0,1,0,1426,A
2-PB1,1909,1422,0,2,0,1424,A
2-PB1,1910,0,1424,1,0,1425,T
2-PB1,1911,0,1417,0,0,1417,T
2-PB1,1912,2,7,1414,1,1424,G
2-PB1,1913,1410,0,1,0,1411,A
2-PB1,1914,1,0,1424,0,1425,G
2-PB1,1915,0,1428,0,3,1431,T
2-PB1,1916,11,0,0,1427,1438,C
2-PB1,1917,2,1432,0,0,1434,T
2-PB1,1918,0,0,1457,0,1457,G
2-PB1,1919,0,1457,0,1,1458,T
2-PB1,1920,1474,0,2,0,1476,A
2-PB1,1921,1464,1,7,0,1472,A
2-PB1,1922,1475,0,1,0,1476,A
2-PB1,1923,2,1,0,1475,1478,C
2-PB1,1924,1431,0,1,0,1432,A
2-PB1,1925,1477,0,1,0,1478,A
2-PB1,1926,0,1471,0,0,1471,T
2-PB1,1927,0,1,1467,0,1468,G
2-PB1,1928,0,0,0,1482,1482,C
2-PB1,1929,0,1466,0,1,1467,T
2-PB1,1930,0,1,1505,0,1506,G
2-PB1,1931,1,1507,0,0,1508,T
2-PB1,1932,1540,0,1,0,1541,A
2-PB1,1933,0,3,1541,0,1544,G
2-PB1,1934,1,1513,0,1,1515,T
2-PB1,1935,1502,0,5,1,1508,A
2-PB1,1936,1498,0,0,1,1499,A
2-PB1,1937,0,1489,0,0,1489,T
2-PB1,1938,0,0,1488,0,1488,G
2-PB1,1939,0,0,0,1466,1466,C
2-PB1,1940,0,1,0,1456,1457,C
2-PB1,1941,1429,0,1,0,1430,A
2-PB1,1942,1,1,1460,0,1462,G
2-PB1,1943,0,0,0,1484,1484,C
2-PB1,1944,6,0,0,1478,1484,C
2-PB1,1945,10,1,1,1463,1475,C
2-PB1,1946,1464,1,4,0,1469,A
2-PB1,1947,0,1470,0,1,1471,T
2-PB1,1948,1,5,1465,0,1471,G
2-PB1,1949,0,0,1477,0,1477,G
2-PB1,1950,1,1471,0,0,1472,T
2-PB1,1951,10,1,0,1424,1435,C
2-PB1,1952,10,0,0,1395,1405,C
2-PB1,1953,1,1391,0,2,1394,T
2-PB1,1954,1,1,1422,0,1424,G
2-PB1,1955,0,0,1,1420,1421,C
2-PB1,1956,9,1,0,1415,1425,C
2-PB1,1957,1420,0,1,0,1421,A
2-PB1,1958,1407,0,1,0,1408,A
2-PB1,1959,1408,0,0,0,1408,A
2-PB1,1960,1409,0,1,0,1410,A
2-PB1,1961,0,1,1421,0,1422,G
2-PB1,1962,0,1394,0,0,1394,T
2-PB1,1963,1399,0,0,0,1399,A
2-PB1,1964,0,1397,0,1,1398,T
2-PB1,1965,1,1,1403,0,1405,G
2-PB1,1966,0,9,1422,0,1431,G
2-PB1,1967,1425,0,0,0,1425,A
2-PB1,1968,1434,0,0,0,1434,A
2-PB1,1969,0,1422,1,0,1423,T
2-PB1,1970,1400,1,0,0,1401,A
2-PB1,1971,1,1393,0,1,1395,T
2-PB1,1972,0,5,1384,0,1389,G
2-PB1,1973,1391,0,0,0,1391,A
2-PB1,1974,0,1387,1,0,1388,T
2-PB1,1975,0,0,1353,0,1353,G
2-PB1,1976,2,0,0,1351,1353,C
2-PB1,1977,6,0,0,1330,1336,C
2-PB1,1978,3,0,1338,0,1341,G
2-PB1,1979,0,1339,1,1,1341,T
2-PB1,1980,1,1335,0,1,1337,T
2-PB1,1981,2,1,1333,0,1336,G
2-PB1,1982,0,0,0,1363,1363,C
2-PB1,1983,1370,0,0,0,1370,A
2-PB1,1984,1390,0,2,0,1392,A
2-PB1,1985,4,0,0,1391,1395,C
2-PB1,1986,0,1391,0,0,1391,T
2-PB1,1987,1400,0,0,0,1400,A
2-PB1,1988,1,0,1,1398,1400,C
2-PB1,1989,1394,1,1,0,1396,A
2-PB1,1990,3,1,0,1395,1399,C
2-PB1,1991,1343,0,0,0,1343,A
2-PB1,1992,0,0,0,1449,1449,C
2-PB1,1993,0,1423,1,2,1426,T
2-PB1,1994,5,0,0,1426,1431,C
2-PB1,1995,6,2,0,1424,1432,C
2-PB1,1996,0,1429,0,0,1429,T
2-PB1,1997,1,11,1417,1,1430,G
2-PB1,1998,2,6,1423,0,1431,G
2-PB1,1999,1427,0,1,0,1428,A
2-PB1,2000,0,1425,0,0,1425,T
2-PB1,2001,0,1320,1,3,1324,T
2-PB1,2002,5,0,1,1337,1343,C
2-PB1,2003,4,1,0,1329,1334,C
2-PB1,2004,11,1,0,1326,1338,C
2-PB1,2005,1346,0,0,0,1346,A
2-PB1,2006,1344,0,1,0,1345,A
2-PB1,2007,0,3,1347,0,1350,G
2-PB1,2008,1346,0,1,0,1347,A
2-PB1,2009,1,4,1344,0,1349,G
2-PB1,2010,0,5,1346,0,1351,G
2-PB1,2011,1326,1,0,0,1327,A
2-PB1,2012,1328,0,1,0,1329,A
2-PB1,2013,2,0,0,1327,1329,C
2-PB1,2014,6,1,0,1315,1322,C
2-PB1,2015,2,2,1336,0,1340,G
2-PB1,2016,1,0,0,1333,1334,C
2-PB1,2017,0,1335,0,0,1335,T
2-PB1,2018,9,0,0,1331,1340,C
2-PB1,2019,0,1334,0,0,1334,T
2-PB1,2020,1400,0,1,0,1401,A
2-PB1,2021,0,1403,0,1,1404,T
2-PB1,2022,0,1409,0,1,1410,T
2-PB1,2023,5,0,0,1410,1415,C
2-PB1,2024,0,1371,0,2,1373,T
2-PB1,2025,1370,0,1,1,1372,A
2-PB1,2026,1371,0,0,0,1371,A
2-PB1,2027,1363,1,2,0,1366,A
2-PB1,2028,2,1,0,1365,1368,C
2-PB1,2029,1293,0,0,0,1293,A
2-PB1,2030,0,0,0,1289,1289,C
2-PB1,2031,1267,0,2,0,1269,A
2-PB1,2032,1282,0,3,0,1285,A
2-PB1,2033,2,1,1283,0,1286,G
2-PB1,2034,0,0,0,1286,1286,C
2-PB1,2035,9,0,0,1276,1285,C
2-PB1,2036,1275,0,0,0,1275,A
2-PB1,2037,1276,0,1,0,1277,A
2-PB1,2038,1277,0,0,0,1277,A
2-PB1,2039,0,7,1281,0,1288,G
2-PB1,2040,0,2,1283,1,1286,G
2-PB1,2041,0,9,1264,0,1273,G
2-PB1,2042,0,6,1271,0,1277,G
2-PB1,2043,1265,1,3,0,1269,A
2-PB1,2044,1270,0,1,0,1271,A
2-PB1,2045,0,1272,0,0,1272,T
2-PB1,2046,0,1273,0,0,1273,T
2-PB1,2047,3,0,0,1275,1278,C
2-PB1,2048,0,1260,0,0,1260,T
2-PB1,2049,0,1266,0,0,1266,T
2-PB1,2050,0,4,1265,0,1269,G
2-PB1,2051,1267,0,4,0,1271,A
2-PB1,2052,0,3,1268,0,1271,G
2-PB1,2053,1,1,1260,0,1262,G
2-PB1,2054,1259,0,0,0,1259,A
2-PB1,2055,0,1249,0,0,1249,T
2-PB1,2056,0,8,1253,0,1261,G
2-PB1,2057,1261,0,1,0,1262,A
2-PB1,2058,1260,0,1,0,1261,A
2-PB1,2059,0,2,0,1260,1262,C
2-PB1,2060,1241,0,4,0,1245,A
2-PB1,2061,0,0,1257,0,1257,G
2-PB1,2062,1255,0,1,0,1256,A
2-PB1,2063,0,1255,0,2,1257,T
2-PB1,2064,2,1,1266,0,1269,G
2-PB1,2065,0,1277,0,0,1277,T
2-PB1,2066,1287,0,1,0,1288,A
2-PB1,2067,1,1,0,1280,1282,C
2-PB1,2068,6,0,0,1270,1276,C
2-PB1,2069,1266,0,0,0,1266,A
2-PB1,2070,0,4,1244,0,1248,G
2-PB1,2071,1238,0,0,0,1238,A
2-PB1,2072,1236,1,0,0,1237,A
2-PB1,2073,0,2,1234,0,1236,G
2-PB1,2074,0,1179,0,2,1181,T
2-PB1,2075,0,0,1180,0,1180,G
2-PB1,2076,1,0,0,1177,1178,C
2-PB1,2077,0,1171,0,2,1173,T
2-PB1,2078,2,2,1168,0,1172,G
2-PB1,2079,0,0,0,1170,1170,C
2-PB1,2080,1170,0,0,0,1170,A
2-PB1,2081,1175,0,0,0,1175,A
2-PB1,2082,1,0,0,1151,1152,C
2-PB1,2083,0,1139,0,5,1144,T
2-PB1,2084,1,1127,0,0,1128,T
2-PB1,2085,0,1,1122,0,1123,G
2-PB1,2086,0,1120,0,0,1120,T
2-PB1,2087,0,1114,0,0,1114,T
2-PB1,2088,7,1,0,1112,1120,C
2-PB1,2089,0,3,1113,0,1116,G
2-PB1,2090,1115,1,0,0,1116,A
2-PB1,2091,0,1,1117,0,1118,G
2-PB1,2092,1119,0,0,0,1119,A
2-PB1,2093,1116,0,2,0,1118,A
2-PB1,2094,1121,0,0,0,1121,A
2-PB1,2095,0,1112,2,1,1115,T
2-PB1,2096,0,1113,0,4,1117,T
2-PB1,2097,0,1120,0,0,1120,T
2-PB1,2098,0,1116,0,0,1116,T
2-PB1,2099,0,1114,0,0,1114,T
2-PB1,2100,2,0,0,1117,1119,C
2-PB1,2101,4,0,0,1115,1119,C
2-PB1,2102,9,0,0,1109,1118,C
2-PB1,2103,0,1120,0,0,1120,T
2-PB1,2104,1123,0,0,0,1123,A
2-PB1,2105,0,1,1125,0,1126,G
2-PB1,2106,0,1124,0,0,1124,T
2-PB1,2107,1134,0,0,0,1134,A
2-PB1,2108,0,1,1142,0,1143,G
2-PB1,2109,1,1132,0,0,1133,T
2-PB1,2110,0,1154,0,2,1156,T
2-PB1,2111,13,0,0,1152,1165,C
2-PB1,2112,1170,0,0,0,1170,A
2-PB1,2113,0,1173,0,0,1173,T
2-PB1,2114,1172,0,1,0,1173,A
2-PB1,2115,0,1171,0,1,1172,T
2-PB1,2116,1132,0,0,0,1132,A
2-PB1,2117,0,2,1125,0,1127,G
2-PB1,2118,0,4,1121,0,1125,G
2-PB1,2119,1009,0,4,0,1013,A
2-PB1,2120,0,4,1005,1,1010,G
2-PB1,2121,952,0,3,0,955,A
2-PB1,2122,0,0,0,955,955,C
2-PB1,2123,4,0,0,919,923,C
2-PB1,2124,0,1,924,0,925,G
2-PB1,2125,926,0,0,0,926,A
2-PB1,2126,0,920,0,0,920,T
2-PB1,2127,0,922,0,0,922,T
2-PB1,2128,0,1,920,0,921,G
2-PB1,2129,1,3,917,0,921,G
2-PB1,2130,921,0,1,0,922,A
2-PB1,2131,919,0,0,0,919,A
2-PB1,2132,0,919,0,0,919,T
2-PB1,2133,1,921,0,0,922,T
2-PB1,2134,0,921,0,0,921,T
2-PB1,2135,1,0,0,922,923,C
2-PB1,2136,0,923,0,0,923,T
2-PB1,2137,921,0,1,0,922,A
2-PB1,2138,0,1,924,0,925,G
2-PB1,2139,1,0,0,926,927,C
2-PB1,2140,927,0,0,0,927,A
2-PB1,2141,0,924,0,0,924,T
2-PB1,2142,0,2,912,0,914,G
2-PB1,2143,0,0,936,0,936,G
2-PB1,2144,0,932,0,0,932,T
2-PB1,2145,0,3,929,0,932,G
2-PB1,2146,0,1,929,0,930,G
2-PB1,2147,916,0,1,0,917,A
2-PB1,2148,0,2,916,0,918,G
2-PB1,2149,0,0,913,0,913,G
2-PB1,2150,1,0,0,906,907,C
2-PB1,2151,2,1,0,898,901,C
2-PB1,2152,838,0,2,0,840,A
2-PB1,2153,0,842,0,1,843,T
2-PB1,2154,0,4,842,0,846,G
2-PB1,2155,0,1,854,0,855,G
2-PB1,2156,1,824,0,0,825,T
2-PB1,2157,2,1,818,1,822,G
2-PB1,2158,1,792,0,2,795,T
2-PB1,2159,4,0,0,784,788,C
2-PB1,2160,0,787,0,0,787,T
2-PB1,2161,773,0,0,0,773,A
2-PB1,2162,0,2,772,0,774,G
2-PB1,2163,1,1,754,0,756,G
2-PB1,2164,0,0,749,0,749,G
2-PB1,2165,0,0,0,729,729,C
2-PB1,2166,2,0,0,696,698,C
2-PB1,2167,1,0,0,681,682,C
2-PB1,2168,0,2,678,0,680,G
2-PB1,2169,0,0,678,0,678,G
2-PB1,2170,681,0,0,0,681,A
2-PB1,2171,0,679,0,0,679,T
2-PB1,2172,0,660,0,1,661,T
2-PB1,2173,0,1,655,0,656,G
2-PB1,2174,654,0,0,0,654,A
2-PB1,2175,0,658,0,1,659,T
2-PB1,2176,0,0,659,0,659,G
2-PB1,2177,1,0,0,646,647,C
2-PB1,2178,3,0,0,642,645,C
2-PB1,2179,639,0,0,0,639,A
2-PB1,2180,0,2,636,0,638,G
2-PB1,2181,639,0,0,0,639,A
2-PB1,2182,638,0,0,0,638,A
2-PB1,2183,0,635,0,0,635,T
2-PB1,2184,0,621,0,0,621,T
2-PB1,2185,0,1,618,0,619,G
2-PB1,2186,618,0,0,0,618,A
2-PB1,2187,0,0,0,619,619,C
2-PB1,2188,1,609,0,2,612,T
2-PB1,2189,0,606,0,0,606,T
2-PB1,2190,2,0,0,597,599,C
2-PB1,2191,0,2,596,0,598,G
2-PB1,2192,596,0,0,0,596,A
2-PB1,2193,1,1,585,0,587,G
2-PB1,2194,0,0,0,588,588,C
2-PB1,2195,1,0,0,594,595,C
2-PB1,2196,0,594,0,1,595,T
2-PB1,2197,1,0,594,0,595,G
2-PB1,2198,0,1,595,0,596,G
2-PB1,2199,594,0,1,0,595,A
2-PB1,2200,519,0,1,0,520,A
2-PB1,2201,0,2,521,0,523,G
2-PB1,2202,0,1,531,0,532,G
2-PB1,2203,532,0,0,0,532,A
2-PB1,2204,0,528,0,0,528,T
2-PB1,2205,0,526,0,0,526,T
2-PB1,2206,522,0,1,0,523,A
2-PB1,2207,522,0,0,0,522,A
2-PB1,2208,492,0,0,0,492,A
2-PB1,2209,493,0,0,0,493,A
2-PB1,2210,494,0,1,0,495,A
2-PB1,2211,0,1,491,0,492,G
2-PB1,2212,0,0,489,0,489,G
2-PB1,2213,488,0,0,0,488,A
2-PB1,2214,484,0,4,0,488,A
2-PB1,2215,0,2,487,0,489,G
2-PB1,2216,469,0,0,0,469,A
2-PB1,2217,0,2,466,0,468,G
2-PB1,2218,0,457,0,1,458,T
2-PB1,2219,0,447,0,1,448,T
2-PB1,2220,2,0,0,449,451,C
2-PB1,2221,0,444,0,0,444,T
2-PB1,2222,3,0,0,442,445,C
2-PB1,2223,0,443,0,0,443,T
2-PB1,2224,0,4,441,0,445,G
2-PB1,2225,426,1,0,0,427,A
2-PB1,2226,0,0,424,0,424,G
2-PB1,2227,416,1,0,0,417,A
2-PB1,2228,0,409,0,0,409,T
2-PB1,2229,2,0,0,379,381,C
2-PB1,2230,378,0,0,0,378,A
2-PB1,2231,0,378,0,0,378,T
2-PB1,2232,0,3,375,0,378,G
2-PB1,2233,373,0,1,0,374,A
2-PB1,2234,373,0,0,0,373,A
2-PB1,2235,0,1,368,0,369,G
2-PB1,2236,362,0,0,0,362,A
2-PB1,2237,0,362,0,0,362,T
2-PB1,2238,2,0,0,356,358,C
2-PB1,2239,0,337,0,1,338,T
2-PB1,2240,0,1,338,0,339,G
2-PB1,2241,0,335,0,0,335,T
2-PB1,2242,0,333,0,1,334,T
2-PB1,2243,8,0,0,325,333,C
2-PB1,2244,0,0,0,315,315,C
2-PB1,2245,315,0,0,0,315,A
2-PB1,2246,0,0,0,317,317,C
2-PB1,2247,1,0,0,297,298,C
2-PB1,2248,293,0,1,0,294,A
2-PB1,2249,0,276,0,1,277,T
2-PB1,2250,0,267,0,0,267,T
2-PB1,2251,0,1,265,0,266,G
2-PB1,2252,263,0,0,0,263,A
2-PB1,2253,262,0,0,0,262,A
2-PB1,2254,0,0,260,0,260,G
2-PB1,2255,217,0,0,0,217,A
2-PB1,2256,216,0,0,0,216,A
2-PB1,2257,0,0,0,213,213,C
2-PB1,2258,0,207,0,2,209,T
2-PB1,2259,1,0,0,208,209,C
2-PB1,2260,199,0,2,0,201,A
2-PB1,2261,0,0,201,0,201,G
2-PB1,2262,200,0,0,0,200,A
2-PB1,2263,0,0,0,194,194,C
2-PB1,2264,0,2,187,0,189,G
2-PB1,2265,0,0,184,0,184,G
2-PB1,2266,0,0,0,182,182,C
2-PB1,2267,181,0,0,0,181,A
2-PB1,2268,181,0,0,0,181,A
2-PB1,2269,179,0,1,0,180,A
2-PB1,2270,179,0,0,0,179,A
2-PB1,2271,180,0,0,0,180,A
2-PB1,2272,0,176,0,0,176,T
2-PB1,2273,168,0,0,0,168,A
2-PB1,2274,167,0,0,0,167,A
3-PA,1,24,0,0,0,24,A
3-PA,2,0,24,0,0,24,T
3-PA,3,0,0,27,0,27,G
3-PA,4,0,0,29,0,29,G
3-PA,5,29,0,0,0,29,A
3-PA,6,29,0,0,0,29,A
3-PA,7,0,0,30,0,30,G
3-PA,8,33,0,0,0,33,A
3-PA,9,0,33,0,0,33,T
3-PA,10,0,33,0,0,33,T
3-PA,11,0,33,0,0,33,T
3-PA,12,0,33,0,0,33,T
3-PA,13,0,0,34,0,34,G
3-PA,14,0,34,0,0,34,T
3-PA,15,0,0,34,0,34,G
3-PA,16,0,0,0,36,36,C
3-PA,17,0,0,35,0,35,G
3-PA,18,39,0,0,0,39,A
3-PA,19,0,0,0,44,44,C
3-PA,20,44,0,0,0,44,A
3-PA,21,44,0,0,0,44,A
3-PA,22,0,45,0,0,45,T
3-PA,23,0,0,58,0,58,G
3-PA,24,0,0,0,60,60,C
3-PA,25,0,60,0,0,60,T
3-PA,26,0,60,0,0,60,T
3-PA,27,0,0,0,60,60,C
3-PA,28,61,0,0,0,61,A
3-PA,29,61,0,0,0,61,A
3-PA,30,0,0,0,63,63,C
3-PA,31,0,0,0,64,64,C
3-PA,32,0,0,0,65,65,C
3-PA,33,0,1,63,0,64,G
3-PA,34,63,0,0,0,63,A
3-PA,35,0,64,0,0,64,T
3-PA,36,0,1,62,0,63,G
3-PA,37,64,0,0,0,64,A
3-PA,38,0,65,0,0,65,T
3-PA,39,0,64,0,0,64,T
3-PA,40,0,0,67,0,67,G
3-PA,41,0,67,0,0,67,T
3-PA,42,1,0,0,65,66,C
3-PA,43,0,0,67,0,67,G
3-PA,44,67,0,0,0,67,A
3-PA,45,67,0,0,0,67,A
3-PA,46,0,0,0,67,67,C
3-PA,47,0,68,0,0,68,T
3-PA,48,0,68,0,0,68,T
3-PA,49,0,0,68,0,68,G
3-PA,50,0,0,0,68,68,C
3-PA,51,68,0,0,0,68,A
3-PA,52,0,0,70,0,70,G
3-PA,53,70,0,0,0,70,A
3-PA,54,71,0,0,0,71,A
3-PA,55,71,0,0,0,71,A
3-PA,56,72,0,0,0,72,A
3-PA,57,72,0,0,0,72,A
3-PA,58,0,0,74,0,74,G
3-PA,59,0,0,0,78,78,C
3-PA,60,77,0,0,0,77,A
3-PA,61,83,1,0,0,84,A
3-PA,62,0,85,0,0,85,T
3-PA,63,0,0,86,0,86,G
3-PA,64,85,0,0,0,85,A
3-PA,65,86,0,0,0,86,A
3-PA,66,87,0,0,0,87,A
3-PA,67,0,1,93,0,94,G
3-PA,68,96,0,0,0,96,A
3-PA,69,0,0,110,0,110,G
3-PA,70,0,111,0,0,111,T
3-PA,71,112,0,0,0,112,A
3-PA,72,0,112,0,0,112,T
3-PA,73,0,0,114,0,114,G
3-PA,74,0,0,114,0,114,G
3-PA,75,0,2,112,0,114,G
3-PA,76,0,0,113,0,113,G
3-PA,77,113,0,0,0,113,A
3-PA,78,0,0,114,0,114,G
3-PA,79,0,0,119,0,119,G
3-PA,80,117,0,1,0,118,A
3-PA,81,0,121,0,0,121,T
3-PA,82,0,0,0,121,121,C
3-PA,83,0,121,0,0,121,T
3-PA,84,0,1,120,0,121,G
3-PA,85,120,0,1,0,121,A
3-PA,86,121,0,0,0,121,A
3-PA,87,120,0,1,0,121,A
3-PA,88,121,0,0,0,121,A
3-PA,89,0,121,0,0,121,T
3-PA,90,0,121,0,0,121,T
3-PA,91,0,0,121,0,121,G
3-PA,92,121,0,0,0,121,A
3-PA,93,121,0,0,0,121,A
3-PA,94,119,1,0,0,120,A
3-PA,95,0,0,0,122,122,C
3-PA,96,121,0,0,0,121,A
3-PA,97,123,0,0,0,123,A
3-PA,98,123,0,0,0,123,A
3-PA,99,0,0,0,125,125,C
3-PA,100,125,0,0,0,125,A
3-PA,101,124,0,0,0,124,A
3-PA,102,125,0,0,0,125,A
3-PA,103,0,125,0,0,125,T
3-PA,104,0,125,0,0,125,T
3-PA,105,0,126,0,0,126,T
3-PA,106,0,0,126,0,126,G
3-PA,107,0,0,0,126,126,C
3-PA,108,125,0,1,0,126,A
3-PA,109,0,0,127,0,127,G
3-PA,110,0,0,0,127,127,C
3-PA,111,132,0,0,0,132,A
3-PA,112,136,0,0,0,136,A
3-PA,113,0,137,0,0,137,T
3-PA,114,141,0,0,0,141,A
3-PA,115,0,142,0,0,142,T
3-PA,116,0,1,142,0,143,G
3-PA,117,0,0,0,144,144,C
3-PA,118,143,0,0,0,143,A
3-PA,119,0,0,0,145,145,C
3-PA,120,0,144,0,0,144,T
3-PA,121,0,0,0,168,168,C
3-PA,122,174,0,0,0,174,A
3-PA,123,0,0,0,177,177,C
3-PA,124,1,176,0,1,178,T
3-PA,125,0,178,0,0,178,T
3-PA,126,1,2,175,0,178,G
3-PA,127,0,1,180,0,181,G
3-PA,128,181,0,0,0,181,A
3-PA,129,0,0,183,0,183,G
3-PA,130,0,1,182,0,183,G
3-PA,131,0,177,0,0,177,T
3-PA,132,0,0,185,0,185,G
3-PA,133,0,186,0,0,186,T
3-PA,134,1,0,187,0,188,G
3-PA,135,0,188,0,0,188,T
3-PA,136,0,186,0,1,187,T
3-PA,137,1,187,0,0,188,T
3-PA,138,0,0,0,189,189,C
3-PA,139,187,0,0,0,187,A
3-PA,140,0,187,0,0,187,T
3-PA,141,0,1,186,0,187,G
3-PA,142,0,186,0,0,186,T
3-PA,143,185,0,0,0,185,A
3-PA,144,0,184,0,0,184,T
3-PA,145,0,184,0,0,184,T
3-PA,146,0,0,0,184,184,C
3-PA,147,184,0,0,0,184,A
3-PA,148,0,0,187,0,187,G
3-PA,149,187,0,0,0,187,A
3-PA,150,0,187,0,0,187,T
3-PA,151,1,184,0,0,185,T
3-PA,152,0,186,0,0,186,T
3-PA,153,0,0,0,185,185,C
3-PA,154,2,0,0,192,194,C
3-PA,155,196,0,0,0,196,A
3-PA,156,0,197,0,0,197,T
3-PA,157,0,195,0,0,195,T
3-PA,158,0,198,0,0,198,T
3-PA,159,1,0,0,198,199,C
3-PA,160,199,0,0,0,199,A
3-PA,161,0,204,0,0,204,T
3-PA,162,2,0,0,200,202,C
3-PA,163,205,0,0,0,205,A
3-PA,164,205,0,0,0,205,A
3-PA,165,0,204,0,0,204,T
3-PA,166,0,2,205,0,207,G
3-PA,167,208,0,0,0,208,A
3-PA,168,208,0,0,0,208,A
3-PA,169,0,0,0,208,208,C
3-PA,170,207,0,0,0,207,A
3-PA,171,207,0,1,0,208,A
3-PA,172,0,0,214,0,214,G
3-PA,173,0,0,214,0,214,G
3-PA,174,0,0,0,213,213,C
3-PA,175,0,1,211,0,212,G
3-PA,176,219,0,0,0,219,A
3-PA,177,220,0,0,0,220,A
3-PA,178,1,219,0,0,220,T
3-PA,179,0,0,0,226,226,C
3-PA,180,224,0,0,0,224,A
3-PA,181,225,0,1,0,226,A
3-PA,182,0,230,0,0,230,T
3-PA,183,232,0,0,0,232,A
3-PA,184,0,2,236,0,238,G
3-PA,185,0,239,0,0,239,T
3-PA,186,0,1,242,1,244,G
3-PA,187,0,0,244,0,244,G
3-PA,188,0,243,0,0,243,T
3-PA,189,242,0,0,0,242,A
3-PA,190,0,2,244,0,246,G
3-PA,191,245,0,0,0,245,A
3-PA,192,246,0,0,0,246,A
3-PA,193,1,0,0,244,245,C
3-PA,194,0,243,0,0,243,T
3-PA,195,0,242,0,0,242,T
3-PA,196,0,2,240,0,242,G
3-PA,197,243,0,0,0,243,A
3-PA,198,0,0,0,244,244,C
3-PA,199,0,3,239,1,243,G
3-PA,200,248,0,0,0,248,A
3-PA,201,0,250,0,0,250,T
3-PA,202,0,0,0,250,250,C
3-PA,203,0,0,0,250,250,C
3-PA,204,251,0,0,0,251,A
3-PA,205,250,0,0,0,250,A
3-PA,206,253,0,0,0,253,A
3-PA,207,0,253,0,0,253,T
3-PA,208,0,0,254,0,254,G
3-PA,209,0,0,0,251,251,C
3-PA,210,247,0,0,0,247,A
3-PA,211,0,0,0,251,251,C
3-PA,212,0,246,0,0,246,T
3-PA,213,0,0,281,0,281,G
3-PA,214,0,281,0,0,281,T
3-PA,215,0,280,0,0,280,T
3-PA,216,280,0,0,0,280,A
3-PA,217,280,0,0,0,280,A
3-PA,218,279,0,0,0,279,A
3-PA,219,0,0,280,0,280,G
3-PA,220,0,0,1,277,278,C
3-PA,221,276,0,0,0,276,A
3-PA,222,0,0,0,275,275,C
3-PA,223,262,0,0,0,262,A
3-PA,224,0,1,267,0,268,G
3-PA,225,269,0,0,0,269,A
3-PA,226,0,268,0,0,268,T
3-PA,227,0,269,0,0,269,T
3-PA,228,0,266,0,0,266,T
3-PA,229,0,1,266,0,267,G
3-PA,230,267,0,0,0,267,A
3-PA,231,268,0,0,0,268,A
3-PA,232,269,0,0,0,269,A
3-PA,233,0,260,0,0,260,T
3-PA,234,261,0,0,0,261,A
3-PA,235,267,0,0,0,267,A
3-PA,236,0,266,0,0,266,T
3-PA,237,0,0,1,268,269,C
3-PA,238,0,0,269,0,269,G
3-PA,239,269,0,0,0,269,A
3-PA,240,1,3,264,0,268,G
3-PA,241,0,6,264,0,270,G
3-PA,242,0,1,268,0,269,G
3-PA,243,0,2,268,0,270,G
3-PA,244,269,0,0,0,269,A
3-PA,245,0,1,269,0,270,G
3-PA,246,276,1,0,0,277,A
3-PA,247,0,1,275,0,276,G
3-PA,248,277,0,1,0,278,A
3-PA,249,0,0,0,279,279,C
3-PA,250,273,0,0,0,273,A
3-PA,251,0,4,271,0,275,G
3-PA,252,275,0,1,0,276,A
3-PA,253,282,0,0,0,282,A
3-PA,254,0,0,0,282,282,C
3-PA,255,275,0,0,0,275,A
3-PA,256,276,0,0,0,276,A
3-PA,257,0,276,0,0,276,T
3-PA,258,0,1,296,0,297,G
3-PA,259,0,0,297,0,297,G
3-PA,260,0,0,0,298,298,C
3-PA,261,0,0,0,298,298,C
3-PA,262,0,293,0,2,295,T
3-PA,263,0,3,296,0,299,G
3-PA,264,0,0,298,0,298,G
3-PA,265,299,0,0,0,299,A
3-PA,266,0,0,0,302,302,C
3-PA,267,288,0,0,0,288,A
3-PA,268,0,0,288,0,288,G
3-PA,269,0,287,0,0,287,T
3-PA,270,1,2,282,0,285,G
3-PA,271,0,0,314,0,314,G
3-PA,272,0,315,0,0,315,T
3-PA,273,319,0,0,0,319,A
3-PA,274,321,0,0,0,321,A
3-PA,275,319,0,0,0,319,A
3-PA,276,0,2,1,320,323,C
3-PA,277,310,0,0,0,310,A
3-PA,278,0,0,318,0,318,G
3-PA,279,1,315,0,0,316,T
3-PA,280,318,0,1,0,319,A
3-PA,281,0,315,0,2,317,T
3-PA,282,0,0,0,321,321,C
3-PA,283,0,319,0,1,320,T
3-PA,284,0,0,318,0,318,G
3-PA,285,0,0,0,319,319,C
3-PA,286,317,0,0,0,317,A
3-PA,287,314,0,0,0,314,A
3-PA,288,0,0,0,318,318,C
3-PA,289,313,0,1,0,314,A
3-PA,290,0,0,0,333,333,C
3-PA,291,1,330,0,0,331,T
3-PA,292,334,0,0,0,334,A
3-PA,293,1,0,0,335,336,C
3-PA,294,0,332,0,0,332,T
3-PA,295,0,0,336,0,336,G
3-PA,296,0,1,338,0,339,G
3-PA,297,337,0,1,0,338,A
3-PA,298,0,0,338,0,338,G
3-PA,299,0,0,0,328,328,C
3-PA,300,0,326,0,1,327,T
3-PA,301,0,4,322,0,326,G
3-PA,302,0,2,320,0,322,G
3-PA,303,0,0,322,0,322,G
3-PA,304,324,0,0,0,324,A
3-PA,305,325,0,0,0,325,A
3-PA,306,325,0,0,0,325,A
3-PA,307,0,0,0,325,325,C
3-PA,308,4,0,0,319,323,C
3-PA,309,0,3,322,0,325,G
3-PA,310,325,0,0,0,325,A
3-PA,311,324,0,0,0,324,A
3-PA,312,0,0,326,0,326,G
3-PA,313,0,325,0,0,325,T
3-PA,314,0,323,0,0,323,T
3-PA,315,0,323,0,0,323,T
3-PA,316,0,0,0,320,320,C
3-PA,317,0,321,0,1,322,T
3-PA,318,322,0,0,0,322,A
3-PA,319,0,0,0,321,321,C
3-PA,320,2,0,0,320,322,C
3-PA,321,323,0,0,0,323,A
3-PA,322,0,0,330,0,330,G
3-PA,323,334,0,0,0,334,A
3-PA,324,0,335,0,0,335,T
3-PA,325,0,333,0,0,333,T
3-PA,326,0,333,0,0,333,T
3-PA,327,331,0,0,0,331,A
3-PA,328,0,333,0,0,333,T
3-PA,329,332,0,1,0,333,A
3-PA,330,0,332,0,0,332,T
3-PA,331,1,0,330,1,332,G
3-PA,332,333,0,0,0,333,A
3-PA,333,0,333,0,0,333,T
3-PA,334,0,331,0,0,331,T
3-PA,335,332,0,0,0,332,A
3-PA,336,1,0,0,331,332,C
3-PA,337,334,0,0,0,334,A
3-PA,338,333,0,0,0,333,A
3-PA,339,0,1,333,0,334,G
3-PA,340,0,4,332,0,336,G
3-PA,341,322,0,0,0,322,A
3-PA,342,0,4,321,1,326,G
3-PA,343,326,0,0,0,326,A
3-PA,344,325,0,1,0,326,A
3-PA,345,0,0,0,326,326,C
3-PA,346,325,0,0,0,325,A
3-PA,347,0,0,326,0,326,G
3-PA,348,323,0,1,0,324,A
3-PA,349,0,322,0,0,322,T
3-PA,350,0,323,0,0,323,T
3-PA,351,3,0,0,314,317,C
3-PA,352,317,0,0,0,317,A
3-PA,353,0,316,0,0,316,T
3-PA,354,1,0,0,317,318,C
3-PA,355,0,0,318,0,318,G
3-PA,356,319,0,0,0,319,A
3-PA,357,318,0,0,0,318,A
3-PA,358,318,0,0,0,318,A
3-PA,359,0,317,0,2,319,T
3-PA,360,0,318,0,0,318,T
3-PA,361,0,3,315,0,318,G
3-PA,362,0,3,315,0,318,G
3-PA,363,0,0,319,0,319,G
3-PA,364,0,1,316,0,317,G
3-PA,365,0,310,0,1,311,T
3-PA,366,0,0,314,0,314,G
3-PA,367,316,0,0,0,316,A
3-PA,368,0,0,0,315,315,C
3-PA,369,316,0,0,0,316,A
3-PA,370,312,0,1,0,313,A
3-PA,371,0,3,316,0,319,G
3-PA,372,0,0,319,0,319,G
3-PA,373,319,0,0,0,319,A
3-PA,374,0,0,318,0,318,G
3-PA,375,313,0,0,0,313,A
3-PA,376,0,0,316,0,316,G
3-PA,377,308,0,1,0,309,A
3-PA,378,307,0,1,0,308,A
3-PA,379,0,0,317,0,317,G
3-PA,380,0,313,0,0,313,T
3-PA,381,2,0,0,314,316,C
3-PA,382,2,0,0,314,316,C
3-PA,383,315,0,0,0,315,A
3-PA,384,0,1,0,319,320,C
3-PA,385,330,0,0,0,330,A
3-PA,386,0,341,0,0,341,T
3-PA,387,354,0,0,0,354,A
3-PA,388,0,343,0,0,343,T
3-PA,389,344,0,0,0,344,A
3-PA,390,0,339,0,0,339,T
3-PA,391,0,338,0,1,339,T
3-PA,392,345,0,0,0,345,A
3-PA,393,0,0,0,344,344,C
3-PA,394,3,0,0,333,336,C
3-PA,395,0,329,0,0,329,T
3-PA,396,0,319,0,0,319,T
3-PA,397,1,1,317,0,319,G
3-PA,398,319,0,0,0,319,A
3-PA,399,0,0,298,0,298,G
3-PA,400,301,0,0,0,301,A
3-PA,401,301,0,0,0,301,A
3-PA,402,0,0,304,0,304,G
3-PA,403,0,0,307,0,307,G
3-PA,404,0,0,0,310,310,C
3-PA,405,0,0,0,309,309,C
3-PA,406,308,0,0,0,308,A
3-PA,407,306,0,0,0,306,A
3-PA,408,0,308,0,0,308,T
3-PA,409,306,0,0,0,306,A
3-PA,410,306,0,1,0,307,A
3-PA,411,0,2,307,0,309,G
3-PA,412,307,0,0,0,307,A
3-PA,413,0,307,1,0,308,T
3-PA,414,0,308,0,0,308,T
3-PA,415,310,0,0,0,310,A
3-PA,416,308,0,0,0,308,A
3-PA,417,307,0,0,0,307,A
3-PA,418,0,308,0,0,308,T
3-PA,419,0,0,0,308,308,C
3-PA,420,0,300,0,0,300,T
3-PA,421,0,1,299,0,300,G
3-PA,422,301,0,0,0,301,A
3-PA,423,0,2,302,0,304,G
3-PA,424,304,0,1,0,305,A
3-PA,425,303,1,1,0,305,A
3-PA,426,0,0,0,307,307,C
3-PA,427,305,0,0,0,305,A
3-PA,428,0,0,0,309,309,C
3-PA,429,306,0,0,0,306,A
3-PA,430,0,0,0,308,308,C
3-PA,431,306,0,0,0,306,A
3-PA,432,0,0,0,314,314,C
3-PA,433,312,0,0,0,312,A
3-PA,434,0,310,0,1,311,T
3-PA,435,0,310,0,1,311,T
3-PA,436,1,0,0,314,315,C
3-PA,437,313,0,0,0,313,A
3-PA,438,0,0,0,314,314,C
3-PA,439,311,0,0,0,311,A
3-PA,440,0,310,0,0,310,T
3-PA,441,0,300,0,0,300,T
3-PA,442,1,305,0,0,306,T
3-PA,443,0,306,0,0,306,T
3-PA,444,2,0,0,304,306,C
3-PA,445,0,305,0,0,305,T
3-PA,446,4,0,0,303,307,C
3-PA,447,307,0,0,0,307,A
3-PA,448,0,306,0,0,306,T
3-PA,449,0,310,0,0,310,T
3-PA,450,2,0,0,308,310,C
3-PA,451,306,0,1,0,307,A
3-PA,452,0,0,0,307,307,C
3-PA,453,0,305,0,1,306,T
3-PA,454,0,2,304,0,306,G
3-PA,455,0,4,300,0,304,G
3-PA,456,298,0,0,0,298,A
3-PA,457,0,3,302,0,305,G
3-PA,458,305,0,1,0,306,A
3-PA,459,0,2,305,0,307,G
3-PA,460,0,2,305,0,307,G
3-PA,461,298,1,1,0,300,A
3-PA,462,303,0,0,0,303,A
3-PA,463,298,0,0,0,298,A
3-PA,464,0,292,0,0,292,T
3-PA,465,0,1,292,0,293,G
3-PA,466,0,0,294,0,294,G
3-PA,467,0,1,0,293,294,C
3-PA,468,4,0,0,288,292,C
3-PA,469,291,0,0,0,291,A
3-PA,470,0,0,0,291,291,C
3-PA,471,292,0,0,0,292,A
3-PA,472,294,0,0,0,294,A
3-PA,473,294,0,1,0,295,A
3-PA,474,0,1,297,0,298,G
3-PA,475,1,0,295,0,296,G
3-PA,476,0,0,0,299,299,C
3-PA,477,300,0,0,0,300,A
3-PA,478,0,2,300,0,302,G
3-PA,479,302,0,1,0,303,A
3-PA,480,0,0,0,309,309,C
3-PA,481,0,307,0,0,307,T
3-PA,482,306,0,0,0,306,A
3-PA,483,0,0,0,302,302,C
3-PA,484,301,0,0,0,301,A
3-PA,485,0,0,0,301,301,C
3-PA,486,0,292,0,0,292,T
3-PA,487,4,0,0,287,291,C
3-PA,488,0,287,0,2,289,T
3-PA,489,2,0,0,285,287,C
3-PA,490,0,0,288,0,288,G
3-PA,491,288,0,0,0,288,A
3-PA,492,0,0,0,286,286,C
3-PA,493,0,1,286,0,287,G
3-PA,494,282,0,0,0,282,A
3-PA,495,0,0,284,0,284,G
3-PA,496,0,1,281,0,282,G
3-PA,497,278,0,0,0,278,A
3-PA,498,278,0,0,0,278,A
3-PA,499,279,0,0,0,279,A
3-PA,500,0,0,279,0,279,G
3-PA,501,1,0,0,277,278,C
3-PA,502,275,0,0,0,275,A
3-PA,503,0,1,278,0,279,G
3-PA,504,0,1,277,0,278,G
3-PA,505,0,0,280,0,280,G
3-PA,506,1,0,0,278,279,C
3-PA,507,0,275,0,0,275,T
3-PA,508,276,0,0,0,276,A
3-PA,509,0,0,279,0,279,G
3-PA,510,0,1,284,0,285,G
3-PA,511,285,0,0,0,285,A
3-PA,512,0,276,0,0,276,T
3-PA,513,0,269,0,0,269,T
3-PA,514,268,0,0,0,268,A
3-PA,515,268,0,0,0,268,A
3-PA,516,0,1,268,0,269,G
3-PA,517,270,0,0,0,270,A
3-PA,518,0,0,0,267,267,C
3-PA,519,2,0,0,247,249,C
3-PA,520,248,0,0,0,248,A
3-PA,521,0,1,251,0,252,G
3-PA,522,0,0,251,0,251,G
3-PA,523,0,0,0,252,252,C
3-PA,524,0,248,0,1,249,T
3-PA,525,0,0,254,0,254,G
3-PA,526,0,255,0,0,255,T
3-PA,527,0,254,0,0,254,T
3-PA,528,0,255,0,0,255,T
3-PA,529,254,0,0,0,254,A
3-PA,530,0,0,0,258,258,C
3-PA,531,0,0,0,254,254,C
3-PA,532,251,0,1,0,252,A
3-PA,533,0,250,0,0,250,T
3-PA,534,249,0,0,0,249,A
3-PA,535,249,0,0,0,249,A
3-PA,536,0,0,251,0,251,G
3-PA,537,251,0,0,0,251,A
3-PA,538,1,1,0,249,251,C
3-PA,539,244,0,0,0,244,A
3-PA,540,244,0,0,0,244,A
3-PA,541,0,0,246,0,246,G
3-PA,542,247,0,0,0,247,A
3-PA,543,246,1,0,0,247,A
3-PA,544,247,0,0,0,247,A
3-PA,545,0,235,0,1,236,T
3-PA,546,0,1,241,0,242,G
3-PA,547,1,0,241,0,242,G
3-PA,548,0,0,0,240,240,C
3-PA,549,3,0,0,237,240,C
3-PA,550,241,0,0,0,241,A
3-PA,551,245,0,0,0,245,A
3-PA,552,0,0,0,247,247,C
3-PA,553,247,0,0,0,247,A
3-PA,554,0,0,246,0,246,G
3-PA,555,242,0,0,0,242,A
3-PA,556,0,1,242,0,243,G
3-PA,557,0,0,242,0,242,G
3-PA,558,0,1,0,242,243,C
3-PA,559,0,0,0,243,243,C
3-PA,560,0,235,0,0,235,T
3-PA,561,234,0,1,0,235,A
3-PA,562,0,238,0,0,238,T
3-PA,563,0,0,238,0,238,G
3-PA,564,0,0,241,0,241,G
3-PA,565,0,0,239,0,239,G
3-PA,566,230,0,1,0,231,A
3-PA,567,0,229,0,0,229,T
3-PA,568,0,226,0,0,226,T
3-PA,569,2,0,0,320,322,C
3-PA,570,0,0,0,321,321,C
3-PA,571,0,326,0,0,326,T
3-PA,572,0,328,0,0,328,T
3-PA,573,0,326,0,1,327,T
3-PA,574,1,1,0,343,345,C
3-PA,575,1,0,343,0,344,G
3-PA,576,0,345,0,0,345,T
3-PA,577,1,0,0,344,345,C
3-PA,578,338,0,0,0,338,A
3-PA,579,0,0,455,0,455,G
3-PA,580,0,460,0,0,460,T
3-PA,581,3,0,0,458,461,C
3-PA,582,1,0,0,468,469,C
3-PA,583,0,4,471,0,475,G
3-PA,584,474,0,1,0,475,A
3-PA,585,476,0,0,0,476,A
3-PA,586,475,0,2,0,477,A
3-PA,587,0,1,506,0,507,G
3-PA,588,489,1,1,0,491,A
3-PA,589,0,3,498,0,501,G
3-PA,590,0,0,509,0,509,G
3-PA,591,1,0,0,513,514,C
3-PA,592,0,0,512,0,512,G
3-PA,593,515,0,0,0,515,A
3-PA,594,520,0,0,0,520,A
3-PA,595,0,3,529,0,532,G
3-PA,596,535,0,2,0,537,A
3-PA,597,534,0,2,0,536,A
3-PA,598,538,0,0,0,538,A
3-PA,599,0,0,0,551,551,C
3-PA,600,547,0,0,1,548,A
3-PA,601,551,0,1,0,552,A
3-PA,602,0,553,0,0,553,T
3-PA,603,0,552,0,1,553,T
3-PA,604,0,1,547,0,548,G
3-PA,605,548,0,0,0,548,A
3-PA,606,548,0,0,0,548,A
3-PA,607,0,0,555,0,555,G
3-PA,608,551,0,0,0,551,A
3-PA,609,552,0,1,0,553,A
3-PA,610,554,0,0,0,554,A
3-PA,611,558,0,0,0,558,A
3-PA,612,561,0,0,0,561,A
3-PA,613,1,568,0,0,569,T
3-PA,614,0,570,0,0,570,T
3-PA,615,0,570,0,0,570,T
3-PA,616,0,1,569,0,570,G
3-PA,617,569,0,0,0,569,A
3-PA,618,571,0,0,0,571,A
3-PA,619,571,0,1,0,572,A
3-PA,620,0,591,0,0,591,T
3-PA,621,3,0,0,675,678,C
3-PA,622,680,0,0,0,680,A
3-PA,623,0,0,0,692,692,C
3-PA,624,690,0,0,0,690,A
3-PA,625,0,1,722,0,723,G
3-PA,626,0,3,755,0,758,G
3-PA,627,786,0,0,0,786,A
3-PA,628,800,0,0,0,800,A
3-PA,629,0,4,0,806,810,C
3-PA,630,0,795,0,1,796,T
3-PA,631,893,0,0,0,893,A
3-PA,632,0,909,0,1,910,T
3-PA,633,0,0,951,0,951,G
3-PA,634,0,0,0,951,951,C
3-PA,635,0,1,943,1,945,G
3-PA,636,0,949,0,0,949,T
3-PA,637,945,0,1,0,946,A
3-PA,638,1,7,950,0,958,G
3-PA,639,0,0,951,0,951,G
3-PA,640,0,0,0,955,955,C
3-PA,641,0,943,0,0,943,T
3-PA,642,0,936,0,0,936,T
3-PA,643,0,0,941,0,941,G
3-PA,644,0,1,0,942,943,C
3-PA,645,2,0,0,944,946,C
3-PA,646,1,7,957,0,965,G
3-PA,647,969,0,1,0,970,A
3-PA,648,0,0,0,975,975,C
3-PA,649,5,1,0,970,976,C
3-PA,650,974,0,1,0,975,A
3-PA,651,983,0,0,0,983,A
3-PA,652,983,0,2,0,985,A
3-PA,653,0,1,1022,0,1023,G
3-PA,654,0,1021,0,1,1022,T
3-PA,655,6,0,0,1026,1032,C
3-PA,656,0,1028,0,2,1030,T
3-PA,657,3,1,0,1036,1040,C
3-PA,658,4,1,0,1047,1052,C
3-PA,659,8,0,0,1054,1062,C
3-PA,660,1062,0,0,0,1062,A
3-PA,661,0,1,0,1068,1069,C
3-PA,662,3,0,0,1060,1063,C
3-PA,663,1,8,1067,0,1076,G
3-PA,664,1095,2,1,0,1098,A
3-PA,665,1104,0,0,0,1104,A
3-PA,666,0,0,0,1117,1117,C
3-PA,667,0,1116,0,0,1116,T
3-PA,668,0,1139,0,1,1140,T
3-PA,669,2,0,0,1157,1159,C
3-PA,670,0,1153,0,2,1155,T
3-PA,671,5,1,0,1150,1156,C
3-PA,672,2,0,0,1156,1158,C
3-PA,673,0,1156,0,2,1158,T
3-PA,674,1,0,1174,1,1176,G
3-PA,675,0,0,0,1174,1174,C
3-PA,676,5,1,0,1176,1182,C
3-PA,677,1,1173,0,0,1174,T
3-PA,678,0,1167,0,1,1168,T
3-PA,679,1,4,1171,0,1176,G
3-PA,680,1170,1,3,0,1174,A
3-PA,681,0,3,1188,0,1191,G
3-PA,682,1191,0,0,0,1191,A
3-PA,683,1211,0,0,0,1211,A
3-PA,684,0,1243,0,0,1243,T
3-PA,685,1,1244,0,0,1245,T
3-PA,686,0,1248,0,0,1248,T
3-PA,687,0,1247,0,4,1251,T
3-PA,688,1251,0,0,1,1252,A
3-PA,689,0,4,1255,0,1259,G
3-PA,690,1256,1,0,0,1257,A
3-PA,691,0,0,1320,0,1320,G
3-PA,692,0,0,0,1323,1323,C
3-PA,693,1,0,0,1325,1326,C
3-PA,694,0,1374,0,2,1376,T
3-PA,695,1450,0,0,0,1450,A
3-PA,696,0,1449,0,1,1450,T
3-PA,697,0,1,1462,0,1463,G
3-PA,698,1,1461,0,1,1463,T
3-PA,699,0,14,1457,1,1472,G
3-PA,700,1,3,1459,1,1464,G
3-PA,701,1459,0,0,0,1459,A
3-PA,702,0,1450,0,0,1450,T
3-PA,703,0,5,1432,0,1437,G
3-PA,704,0,4,1482,0,1486,G
3-PA,705,1485,0,2,0,1487,A
3-PA,706,1,1483,0,0,1484,T
3-PA,707,0,1484,0,0,1484,T
3-PA,708,9,0,0,1470,1479,C
3-PA,709,1,11,1478,0,1490,G
3-PA,710,1493,0,0,1,1494,A
3-PA,711,1492,0,1,1,1494,A
3-PA,712,0,0,0,1509,1509,C
3-PA,713,11,0,0,1482,1493,C
3-PA,714,0,11,1485,0,1496,G
3-PA,715,1499,1,0,0,1500,A
3-PA,716,1500,1,1,0,1502,A
3-PA,717,1,1,0,1512,1514,C
3-PA,718,0,3,1500,0,1503,G
3-PA,719,0,2,1545,0,1547,G
3-PA,720,1,0,0,1548,1549,C
3-PA,721,0,1544,0,1,1545,T
3-PA,722,0,4,1588,0,1592,G
3-PA,723,2,2,1,1598,1603,C
3-PA,724,1624,1,2,0,1627,A
3-PA,725,0,1625,0,0,1625,T
3-PA,726,0,1607,0,1,1608,T
3-PA,727,1,7,1600,0,1608,G
3-PA,728,1580,0,2,0,1582,A
3-PA,729,0,16,1580,0,1596,G
3-PA,730,0,8,1587,0,1595,G
3-PA,731,2,1,1584,0,1587,G
3-PA,732,1,2,0,1575,1578,C
3-PA,733,1571,0,1,0,1572,A
3-PA,734,1579,0,2,0,1581,A
3-PA,735,0,2,1600,0,1602,G
3-PA,736,1,0,0,1604,1605,C
3-PA,737,0,1605,2,3,1610,T
3-PA,738,1,1612,0,0,1613,T
3-PA,739,1,1627,0,0,1628,T
3-PA,740,5,0,0,1629,1634,C
3-PA,741,0,1628,1,4,1633,T
3-PA,742,8,0,0,1630,1638,C
3-PA,743,1633,0,0,0,1633,A
3-PA,744,1626,0,1,0,1627,A
3-PA,745,1625,0,0,0,1625,A
3-PA,746,0,1623,0,0,1623,T
3-PA,747,1,1,1688,0,1690,G
3-PA,748,0,1678,0,3,1681,T
3-PA,749,6,1,0,1696,1703,C
3-PA,750,9,1,0,1697,1707,C
3-PA,751,1706,0,1,0,1707,A
3-PA,752,1710,0,0,0,1710,A
3-PA,753,1707,0,1,0,1708,A
3-PA,754,0,3,1732,0,1735,G
3-PA,755,1728,0,2,1,1731,A
3-PA,756,1709,0,6,0,1715,A
3-PA,757,0,2,1725,0,1727,G
3-PA,758,1,1713,0,0,1714,T
3-PA,759,0,9,1710,0,1719,G
3-PA,760,1715,0,0,0,1715,A
3-PA,761,1714,1,0,1,1716,A
3-PA,762,0,1712,1,0,1713,T
3-PA,763,0,0,1712,0,1712,G
3-PA,764,0,0,0,1716,1716,C
3-PA,765,9,0,0,1701,1710,C
3-PA,766,11,0,0,1706,1717,C
3-PA,767,1721,0,1,0,1722,A
3-PA,768,1737,1,0,1,1739,A
3-PA,769,1743,0,0,0,1743,A
3-PA,770,0,1744,0,0,1744,T
3-PA,771,0,1740,0,2,1742,T
3-PA,772,0,14,1722,1,1737,G
3-PA,773,1732,0,1,0,1733,A
3-PA,774,1734,0,3,1,1738,A
3-PA,775,1,0,0,1741,1742,C
3-PA,776,5,0,0,1740,1745,C
3-PA,777,0,1729,1,1,1731,T
3-PA,778,0,1776,0,0,1776,T
3-PA,779,0,1780,0,1,1781,T
3-PA,780,0,1824,0,0,1824,T
3-PA,781,8,1,0,1822,1831,C
3-PA,782,0,1831,0,0,1831,T
3-PA,783,0,2,1835,0,1837,G
3-PA,784,1841,0,1,0,1842,A
3-PA,785,1851,2,1,0,1854,A
3-PA,786,0,4,1870,1,1875,G
3-PA,787,1850,0,2,0,1852,A
3-PA,788,2,1,1,1858,1862,C
3-PA,789,1842,0,8,0,1850,A
3-PA,790,1867,1,1,0,1869,A
3-PA,791,2,0,0,2040,2042,C
3-PA,792,2045,0,0,0,2045,A
3-PA,793,4,0,0,2039,2043,C
3-PA,794,10,1,1,2024,2036,C
3-PA,795,2027,0,4,0,2031,A
3-PA,796,2034,0,1,0,2035,A
3-PA,797,1,17,2018,0,2036,G
3-PA,798,2032,1,6,0,2039,A
3-PA,799,1,0,0,2038,2039,C
3-PA,800,14,1,0,1902,1917,C
3-PA,801,1920,0,1,0,1921,A
3-PA,802,1923,2,0,0,1925,A
3-PA,803,1,1915,0,0,1916,T
3-PA,804,11,0,0,1911,1922,C
3-PA,805,1922,0,1,0,1923,A
3-PA,806,1913,0,0,0,1913,A
3-PA,807,1912,0,1,0,1913,A
3-PA,808,0,1,0,1926,1927,C
3-PA,809,0,1906,0,10,1916,T
3-PA,810,1,1930,0,0,1931,T
3-PA,811,5,0,0,1935,1940,C
3-PA,812,3,0,0,1943,1946,C
3-PA,813,0,9,1943,0,1952,G
3-PA,814,1952,0,1,0,1953,A
3-PA,815,1963,0,0,0,1963,A
3-PA,816,0,1969,0,0,1969,T
3-PA,817,1,9,1946,1,1957,G
3-PA,818,1,8,1965,0,1974,G
3-PA,819,1975,1,4,0,1980,A
3-PA,820,2,1,0,1981,1984,C
3-PA,821,9,0,0,1966,1975,C
3-PA,822,0,2030,0,1,2031,T
3-PA,823,9,0,0,2079,2088,C
3-PA,824,4,0,0,2095,2099,C
3-PA,825,0,2096,0,0,2096,T
3-PA,826,0,2102,0,1,2103,T
3-PA,827,0,1,2215,0,2216,G
3-PA,828,1,2208,0,0,2209,T
3-PA,829,0,2201,0,2,2203,T
3-PA,830,2203,1,5,0,2209,A
3-PA,831,0,2160,0,0,2160,T
3-PA,832,5,0,1,2131,2137,C
3-PA,833,2098,3,1,0,2102,A
3-PA,834,1,1,2096,0,2098,G
3-PA,835,1,1,0,2094,2096,C
3-PA,836,0,7,2054,0,2061,G
3-PA,837,0,1,2117,0,2118,G
3-PA,838,0,2126,0,0,2126,T
3-PA,839,7,1,0,2125,2133,C
3-PA,840,11,0,0,2118,2129,C
3-PA,841,2141,0,1,0,2142,A
3-PA,842,2143,0,4,1,2148,A
3-PA,843,2150,0,0,0,2150,A
3-PA,844,0,2150,0,0,2150,T
3-PA,845,2,2145,0,0,2147,T
3-PA,846,9,0,0,2129,2138,C
3-PA,847,4,0,0,2134,2138,C
3-PA,848,1,2134,1,0,2136,T
3-PA,849,6,0,0,2138,2144,C
3-PA,850,5,0,1,2148,2154,C
3-PA,851,0,2145,0,1,2146,T
3-PA,852,1,3,2155,0,2159,G
3-PA,853,2147,0,2,0,2149,A
3-PA,854,0,2153,0,0,2153,T
3-PA,855,0,11,2127,2,2140,G
3-PA,856,0,5,2121,0,2126,G
3-PA,857,2117,0,2,0,2119,A
3-PA,858,1,2097,0,0,2098,T
3-PA,859,0,0,2101,0,2101,G
3-PA,860,2,0,0,2179,2181,C
3-PA,861,0,2163,0,2,2165,T
3-PA,862,1,2170,0,3,2174,T
3-PA,863,0,2177,0,0,2177,T
3-PA,864,2174,1,0,0,2175,A
3-PA,865,2181,0,0,0,2181,A
3-PA,866,2183,1,0,0,2184,A
3-PA,867,2192,0,0,0,2192,A
3-PA,868,0,2191,0,0,2191,T
3-PA,869,0,2083,0,0,2083,T
3-PA,870,2,14,2071,0,2087,G
3-PA,871,2075,0,3,0,2078,A
3-PA,872,0,0,2109,0,2109,G
3-PA,873,2,0,0,2105,2107,C
3-PA,874,2105,0,0,0,2105,A
3-PA,875,0,2146,0,1,2147,T
3-PA,876,0,2146,0,1,2147,T
3-PA,877,0,7,2144,0,2151,G
3-PA,878,2157,0,2,0,2159,A
3-PA,879,2153,1,4,0,2158,A
3-PA,880,0,14,2156,0,2170,G
3-PA,881,2153,0,4,0,2157,A
3-PA,882,5,2,0,2166,2173,C
3-PA,883,10,1,0,2153,2164,C
3-PA,884,11,0,0,2129,2140,C
3-PA,885,2135,0,3,0,2138,A
3-PA,886,2174,0,5,0,2179,A
3-PA,887,0,4,2216,0,2220,G
3-PA,888,0,2221,0,1,2222,T
3-PA,889,18,1,0,2208,2227,C
3-PA,890,2227,0,1,0,2228,A
3-PA,891,0,4,0,2216,2220,C
3-PA,892,1,7,2207,0,2215,G
3-PA,893,2251,1,1,0,2253,A
3-PA,894,2253,0,2,0,2255,A
3-PA,895,1,7,2306,0,2314,G
3-PA,896,0,10,2301,0,2311,G
3-PA,897,2296,2,2,0,2300,A
3-PA,898,1,3,2309,0,2313,G
3-PA,899,2312,0,1,0,2313,A
3-PA,900,2307,1,5,0,2313,A
3-PA,901,0,28,2301,0,2329,G
3-PA,902,0,5,2310,0,2315,G
3-PA,903,1,3,2311,0,2315,G
3-PA,904,2270,0,3,0,2273,A
3-PA,905,0,2268,0,2,2270,T
3-PA,906,5,1,0,2279,2285,C
3-PA,907,13,0,0,2437,2450,C
3-PA,908,16,0,0,2467,2483,C
3-PA,909,2501,0,1,0,2502,A
3-PA,910,0,2498,0,0,2498,T
3-PA,911,0,2512,0,0,2512,T
3-PA,912,2566,0,0,0,2566,A
3-PA,913,0,2565,0,0,2565,T
3-PA,914,2557,0,0,0,2557,A
3-PA,915,0,2548,0,0,2548,T
3-PA,916,0,10,2333,0,2343,G
3-PA,917,2337,0,2,0,2339,A
3-PA,918,0,2314,0,0,2314,T
3-PA,919,1,0,2339,0,2340,G
3-PA,920,0,1,0,2318,2319,C
3-PA,921,2,13,2301,1,2317,G
3-PA,922,2335,0,1,0,2336,A
3-PA,923,0,2327,0,1,2328,T
3-PA,924,12,0,0,2331,2343,C
3-PA,925,2340,1,1,0,2342,A
3-PA,926,2330,1,2,0,2333,A
3-PA,927,0,1,2355,0,2356,G
3-PA,928,1,2331,0,1,2333,T
3-PA,929,3,2,2348,0,2353,G
3-PA,930,3,5,0,2349,2357,C
3-PA,931,2354,0,2,0,2356,A
3-PA,932,0,2359,0,1,2360,T
3-PA,933,2353,0,0,0,2353,A
3-PA,934,2380,0,1,0,2381,A
3-PA,935,2382,0,1,0,2383,A
3-PA,936,2365,0,3,0,2368,A
3-PA,937,2374,0,0,0,2374,A
3-PA,938,0,2,0,2373,2375,C
3-PA,939,2358,0,0,0,2358,A
3-PA,940,0,2365,0,0,2365,T
3-PA,941,0,2365,0,3,2368,T
3-PA,942,6,0,0,2372,2378,C
3-PA,943,0,2355,0,1,2356,T
3-PA,944,0,2354,0,0,2354,T
3-PA,945,0,2357,0,0,2357,T
3-PA,946,0,7,2353,0,2360,G
3-PA,947,1,6,2367,0,2374,G
3-PA,948,2376,1,2,0,2379,A
3-PA,949,0,2374,1,1,2376,T
3-PA,950,0,6,2381,0,2387,G
3-PA,951,0,5,2415,1,2421,G
3-PA,952,2422,0,3,0,2425,A
3-PA,953,2422,0,2,0,2424,A
3-PA,954,2421,0,5,0,2426,A
3-PA,955,0,4,2454,0,2458,G
3-PA,956,2454,0,2,0,2456,A
3-PA,957,2624,0,7,0,2631,A
3-PA,958,1,0,0,2664,2665,C
3-PA,959,6,1,0,2677,2684,C
3-PA,960,1,2660,1,3,2665,T
3-PA,961,0,2707,1,1,2709,T
3-PA,962,2717,0,2,0,2719,A
3-PA,963,0,2716,0,1,2717,T
3-PA,964,2692,0,2,0,2694,A
3-PA,965,1,2732,1,2,2736,T
3-PA,966,2549,1,1,0,2551,A
3-PA,967,1,1,2570,1,2573,G
3-PA,968,1,2546,0,2,2549,T
3-PA,969,12,0,0,2525,2537,C
3-PA,970,2517,0,1,0,2518,A
3-PA,971,2529,0,0,0,2529,A
3-PA,972,2528,0,2,0,2530,A
3-PA,973,3,1,0,2539,2543,C
3-PA,974,13,0,0,2494,2507,C
3-PA,975,2473,1,1,0,2475,A
3-PA,976,1,0,0,2471,2472,C
3-PA,977,2470,0,3,1,2474,A
3-PA,978,0,2,0,2488,2490,C
3-PA,979,0,14,2475,0,2489,G
3-PA,980,2476,1,2,0,2479,A
3-PA,981,2483,0,0,0,2483,A
3-PA,982,2474,0,2,0,2476,A
3-PA,983,2468,0,3,0,2471,A
3-PA,984,1,19,2463,0,2483,G
3-PA,985,1,15,2449,1,2466,G
3-PA,986,1,16,2467,0,2484,G
3-PA,987,2475,2,4,1,2482,A
3-PA,988,2476,3,2,1,2482,A
3-PA,989,0,2481,0,0,2481,T
3-PA,990,2477,0,1,0,2478,A
3-PA,991,2479,1,1,0,2481,A
3-PA,992,2487,0,0,0,2487,A
3-PA,993,1,2476,0,0,2477,T
3-PA,994,0,2474,0,1,2475,T
3-PA,995,12,3,0,2477,2492,C
3-PA,996,2484,1,1,0,2486,A
3-PA,997,2503,0,0,0,2503,A
3-PA,998,2505,0,0,2,2507,A
3-PA,999,1,2509,0,0,2510,T
3-PA,1000,1,2518,0,1,2520,T
3-PA,1001,2532,1,1,0,2534,A
3-PA,1002,2,0,0,2535,2537,C
3-PA,1003,10,1,0,2530,2541,C
3-PA,1004,0,2535,0,3,2538,T
3-PA,1005,2,0,2560,0,2562,G
3-PA,1006,0,0,0,2566,2566,C
3-PA,1007,0,2560,0,2,2562,T
3-PA,1008,0,0,2622,0,2622,G
3-PA,1009,0,2622,0,2,2624,T
3-PA,1010,19,0,0,2612,2631,C
3-PA,1011,2626,0,2,1,2629,A
3-PA,1012,1,2626,0,0,2627,T
3-PA,1013,0,17,2614,1,2632,G
3-PA,1014,1,9,2607,0,2617,G
3-PA,1015,2611,2,1,0,2614,A
3-PA,1016,2664,1,2,0,2667,A
3-PA,1017,0,1,2645,0,2646,G
3-PA,1018,2,2,1,2637,2642,C
3-PA,1019,2635,1,1,0,2637,A
3-PA,1020,2646,0,1,0,2647,A
3-PA,1021,0,3,2658,0,2661,G
3-PA,1022,0,2658,0,1,2659,T
3-PA,1023,2653,0,1,0,2654,A
3-PA,1024,4,2,0,2657,2663,C
3-PA,1025,0,2611,0,2,2613,T
3-PA,1026,0,0,2639,0,2639,G
3-PA,1027,1,2628,0,2,2631,T
3-PA,1028,11,2,0,2627,2640,C
3-PA,1029,2627,1,2,2,2632,A
3-PA,1030,0,11,2645,0,2656,G
3-PA,1031,2649,0,0,0,2649,A
3-PA,1032,2657,0,1,1,2659,A
3-PA,1033,0,2691,0,1,2692,T
3-PA,1034,0,2677,0,0,2677,T
3-PA,1035,2,0,2654,1,2657,G
3-PA,1036,0,1,0,2652,2653,C
3-PA,1037,2655,0,0,0,2655,A
3-PA,1038,1,6,2650,0,2657,G
3-PA,1039,0,13,2629,0,2642,G
3-PA,1040,2640,1,7,1,2649,A
3-PA,1041,0,3,0,2627,2630,C
3-PA,1042,1,2,2607,0,2610,G
3-PA,1043,0,2649,0,0,2649,T
3-PA,1044,0,2652,0,3,2655,T
3-PA,1045,1,9,2652,0,2662,G
3-PA,1046,2666,3,1,0,2670,A
3-PA,1047,2669,0,2,0,2671,A
3-PA,1048,2677,0,0,0,2677,A
3-PA,1049,2670,1,0,0,2671,A
3-PA,1050,0,2653,1,0,2654,T
3-PA,1051,1,8,2658,0,2667,G
3-PA,1052,2647,0,4,1,2652,A
3-PA,1053,0,6,2657,0,2663,G
3-PA,1054,1,21,2643,0,2665,G
3-PA,1055,2654,0,0,1,2655,A
3-PA,1056,0,5,2662,0,2667,G
3-PA,1057,2656,0,6,1,2663,A
3-PA,1058,2654,0,2,2,2658,A
3-PA,1059,1,10,2641,0,2652,G
3-PA,1060,1,3,2609,0,2613,G
3-PA,1061,0,2692,1,6,2699,T
3-PA,1062,1,2697,0,4,2702,T
3-PA,1063,7,0,0,2698,2705,C
3-PA,1064,10,0,1,2688,2699,C
3-PA,1065,2692,0,0,0,2692,A
3-PA,1066,2690,1,0,0,2691,A
3-PA,1067,1,12,2684,0,2697,G
3-PA,1068,1,12,2719,0,2732,G
3-PA,1069,2688,0,0,2,2690,A
3-PA,1070,1,0,0,2700,2701,C
3-PA,1071,0,2702,0,0,2702,T
3-PA,1072,2701,0,1,0,2702,A
3-PA,1073,2699,0,1,3,2703,A
3-PA,1074,2703,0,0,0,2703,A
3-PA,1075,2703,1,3,1,2708,A
3-PA,1076,2695,0,1,2,2698,A
3-PA,1077,1,1,0,2681,2683,C
3-PA,1078,2673,0,0,0,2673,A
3-PA,1079,1,2654,0,2,2657,T
3-PA,1080,0,3,2682,0,2685,G
3-PA,1081,2679,0,5,0,2684,A
3-PA,1082,2682,0,4,0,2686,A
3-PA,1083,1,7,2692,0,2700,G
3-PA,1084,2688,0,4,1,2693,A
3-PA,1085,2694,1,0,0,2695,A
3-PA,1086,2685,0,0,0,2685,A
3-PA,1087,2663,2,20,1,2686,A
3-PA,1088,1,1,0,2690,2692,C
3-PA,1089,0,23,2658,1,2682,G
3-PA,1090,2688,0,1,1,2690,A
3-PA,1091,0,2,2703,0,2705,G
3-PA,1092,0,2690,1,1,2692,T
3-PA,1093,22,0,0,2721,2743,C
3-PA,1094,2745,1,3,0,2749,A
3-PA,1095,2785,1,2,1,2789,A
3-PA,1096,1,27,0,2758,2786,C
3-PA,1097,0,2778,0,2,2780,T
3-PA,1098,1,8,2826,0,2835,G
3-PA,1099,2830,0,0,0,2830,A
3-PA,1100,2836,0,1,1,2838,A
3-PA,1101,0,2,2835,0,2837,G
3-PA,1102,1,2783,0,1,2785,T
3-PA,1103,1,20,2770,1,2792,G
3-PA,1104,0,10,2764,0,2774,G
3-PA,1105,2,3,2778,1,2784,G
3-PA,1106,2,1,0,2783,2786,C
3-PA,1107,0,2758,0,3,2761,T
3-PA,1108,10,7,0,2766,2783,C
3-PA,1109,0,2766,0,2,2768,T
3-PA,1110,2,2780,0,0,2782,T
3-PA,1111,1,13,2811,0,2825,G
3-PA,1112,2,1,2836,0,2839,G
3-PA,1113,0,2827,0,3,2830,T
3-PA,1114,0,11,2815,1,2827,G
3-PA,1115,2816,0,1,0,2817,A
3-PA,1116,2827,0,3,1,2831,A
3-PA,1117,2814,1,3,0,2818,A
3-PA,1118,2827,0,2,1,2830,A
3-PA,1119,1,0,0,2850,2851,C
3-PA,1120,2812,0,2,1,2815,A
3-PA,1121,0,2812,0,4,2816,T
3-PA,1122,0,17,2791,0,2808,G
3-PA,1123,2,2,2841,1,2846,G
3-PA,1124,1,1,0,2846,2848,C
3-PA,1125,2855,0,2,0,2857,A
3-PA,1126,1,0,0,2862,2863,C
3-PA,1127,13,2,1,2855,2871,C
3-PA,1128,2901,1,0,0,2902,A
3-PA,1129,0,9,2914,0,2923,G
3-PA,1130,2904,0,1,0,2905,A
3-PA,1131,1,4,2937,0,2942,G
3-PA,1132,2918,0,1,0,2919,A
3-PA,1133,2905,1,2,1,2909,A
3-PA,1134,1,8,2913,0,2922,G
3-PA,1135,1,0,2903,0,2904,G
3-PA,1136,0,2895,0,2,2897,T
3-PA,1137,2863,0,3,1,2867,A
3-PA,1138,0,17,2843,0,2860,G
3-PA,1139,2860,1,0,0,2861,A
3-PA,1140,4,0,0,2863,2867,C
3-PA,1141,0,2826,0,3,2829,T
3-PA,1142,1,2824,1,0,2826,T
3-PA,1143,0,2823,0,1,2824,T
3-PA,1144,0,7,2836,0,2843,G
3-PA,1145,2834,0,4,0,2838,A
3-PA,1146,2836,1,2,0,2839,A
3-PA,1147,2834,0,0,0,2834,A
3-PA,1148,2820,1,0,3,2824,A
3-PA,1149,0,0,0,2889,2889,C
3-PA,1150,0,2867,0,3,2870,T
3-PA,1151,0,1,2903,0,2904,G
3-PA,1152,2,1,0,2901,2904,C
3-PA,1153,2898,1,3,0,2902,A
3-PA,1154,1,4,2897,0,2902,G
3-PA,1155,2882,1,4,0,2887,A
3-PA,1156,0,5,2995,0,3000,G
3-PA,1157,2987,0,7,0,2994,A
3-PA,1158,1,0,0,2967,2968,C
3-PA,1159,2964,0,3,0,2967,A
3-PA,1160,0,2956,0,0,2956,T
3-PA,1161,2954,1,2,0,2957,A
3-PA,1162,2931,0,19,0,2950,A
3-PA,1163,0,0,2951,0,2951,G
3-PA,1164,3,3,0,2943,2949,C
3-PA,1165,2,18,2872,1,2893,G
3-PA,1166,2931,0,0,0,2931,A
3-PA,1167,0,2906,0,3,2909,T
3-PA,1168,0,2917,0,1,2918,T
3-PA,1169,0,2910,0,0,2910,T
3-PA,1170,1,4,2911,1,2917,G
3-PA,1171,2923,1,4,0,2928,A
3-PA,1172,2917,2,4,0,2923,A
3-PA,1173,1,2,2936,0,2939,G
3-PA,1174,3,3,0,2970,2976,C
3-PA,1175,2932,0,1,0,2933,A
3-PA,1176,3086,0,1,0,3087,A
3-PA,1177,0,3090,0,1,3091,T
3-PA,1178,3100,2,1,0,3103,A
3-PA,1179,1,3121,0,2,3124,T
3-PA,1180,0,9,3128,0,3137,G
3-PA,1181,3156,1,3,0,3160,A
3-PA,1182,1,3153,0,0,3154,T
3-PA,1183,3049,0,0,1,3050,A
3-PA,1184,0,5,3051,0,3056,G
3-PA,1185,1,2935,0,5,2941,T
3-PA,1186,10,17,2916,0,2943,G
3-PA,1187,2937,0,0,1,2938,A
3-PA,1188,2,1,0,2921,2924,C
3-PA,1189,2,26,2886,1,2915,G
3-PA,1190,2910,2,0,0,2912,A
3-PA,1191,2921,0,3,0,2924,A
3-PA,1192,2,1,0,2942,2945,C
3-PA,1193,12,1,0,2930,2943,C
3-PA,1194,0,2924,0,2,2926,T
3-PA,1195,0,14,2997,0,3011,G
3-PA,1196,3000,0,2,0,3002,A
3-PA,1197,3012,2,1,0,3015,A
3-PA,1198,1,3006,0,1,3008,T
3-PA,1199,0,2978,0,1,2979,T
3-PA,1200,2983,0,1,0,2984,A
3-PA,1201,2949,2,0,0,2951,A
3-PA,1202,0,11,2953,0,2964,G
3-PA,1203,0,3,2955,1,2959,G
3-PA,1204,1,2917,0,5,2923,T
3-PA,1205,23,0,0,2890,2913,C
3-PA,1206,2922,0,0,0,2922,A
3-PA,1207,2,0,0,3002,3004,C
3-PA,1208,0,2988,1,5,2994,T
3-PA,1209,0,3001,0,1,3002,T
3-PA,1210,0,3002,0,3,3005,T
3-PA,1211,14,1,0,2992,3007,C
3-PA,1212,3004,1,2,1,3008,A
3-PA,1213,3002,0,5,0,3007,A
3-PA,1214,0,2,3021,0,3023,G
3-PA,1215,1,1,0,3019,3021,C
3-PA,1216,1,2976,0,2,2979,T
3-PA,1217,2,13,3035,0,3050,G
3-PA,1218,0,8,3043,0,3051,G
3-PA,1219,3088,0,3,0,3091,A
3-PA,1220,1,3103,0,1,3105,T
3-PA,1221,3095,1,1,3,3100,A
3-PA,1222,3,2,0,3115,3120,C
3-PA,1223,3061,3,2,0,3066,A
3-PA,1224,0,13,3070,0,3083,G
3-PA,1225,3072,0,2,1,3075,A
3-PA,1226,3025,0,1,0,3026,A
3-PA,1227,0,2996,0,1,2997,T
3-PA,1228,0,26,2984,0,3010,G
3-PA,1229,2973,0,2,0,2975,A
3-PA,1230,0,2,3008,0,3010,G
3-PA,1231,2,2988,0,4,2994,T
3-PA,1232,3,2983,0,1,2987,T
3-PA,1233,13,0,0,3005,3018,C
3-PA,1234,3034,0,1,0,3035,A
3-PA,1235,3040,0,4,0,3044,A
3-PA,1236,2,4,1,3037,3044,C
3-PA,1237,3019,0,2,0,3021,A
3-PA,1238,3023,0,1,0,3024,A
3-PA,1239,1,7,3000,0,3008,G
3-PA,1240,0,2,3025,0,3027,G
3-PA,1241,1,0,0,3029,3030,C
3-PA,1242,11,0,0,3002,3013,C
3-PA,1243,0,2992,2,2,2996,T
3-PA,1244,3,3,3007,0,3013,G
3-PA,1245,0,3005,1,1,3007,T
3-PA,1246,0,27,3001,0,3028,G
3-PA,1247,3024,1,1,0,3026,A
3-PA,1248,0,1,3026,0,3027,G
3-PA,1249,4,2,0,3007,3013,C
3-PA,1250,1,2966,0,1,2968,T
3-PA,1251,3019,1,1,1,3022,A
3-PA,1252,3025,1,2,1,3029,A
3-PA,1253,1,1,0,3032,3034,C
3-PA,1254,0,3000,0,1,3001,T
3-PA,1255,0,22,2987,0,3009,G
3-PA,1256,2994,1,1,0,2996,A
3-PA,1257,0,2991,0,3,2994,T
3-PA,1258,1,2992,1,2,2996,T
3-PA,1259,20,0,0,2983,3003,C
3-PA,1260,3059,0,5,0,3064,A
3-PA,1261,0,1,3122,0,3123,G
3-PA,1262,0,3118,1,2,3121,T
3-PA,1263,15,0,0,3107,3122,C
3-PA,1264,1,3092,0,2,3095,T
3-PA,1265,0,6,3186,0,3192,G
3-PA,1266,0,2,3188,0,3190,G
3-PA,1267,3191,0,1,0,3192,A
3-PA,1268,0,3193,0,2,3195,T
3-PA,1269,3028,2,2,1,3033,A
3-PA,1270,0,11,3022,1,3034,G
3-PA,1271,2983,1,4,1,2989,A
3-PA,1272,1,2,2997,0,3000,G
3-PA,1273,0,3,0,2989,2992,C
3-PA,1274,0,2926,0,3,2929,T
3-PA,1275,17,0,0,2922,2939,C
3-PA,1276,2,3,2940,0,2945,G
3-PA,1277,2945,1,2,0,2948,A
3-PA,1278,2,2942,0,1,2945,T
3-PA,1279,2,20,2919,0,2941,G
3-PA,1280,2968,1,2,0,2971,A
3-PA,1281,2960,0,2,1,2963,A
3-PA,1282,2974,1,0,0,2975,A
3-PA,1283,0,2964,0,0,2964,T
3-PA,1284,0,2958,0,2,2960,T
3-PA,1285,0,14,2970,0,2984,G
3-PA,1286,3,18,2961,0,2982,G
3-PA,1287,2974,0,8,0,2982,A
3-PA,1288,0,3,2984,0,2987,G
3-PA,1289,2929,0,2,0,2931,A
3-PA,1290,0,13,2951,0,2964,G
3-PA,1291,0,5,2976,0,2981,G
3-PA,1292,2996,0,1,0,2997,A
3-PA,1293,0,8,1,2989,2998,C
3-PA,1294,2,2,2972,2,2978,G
3-PA,1295,0,2975,0,0,2975,T
3-PA,1296,2988,0,2,1,2991,A
3-PA,1297,1,1,3029,0,3031,G
3-PA,1298,2,1,0,3049,3052,C
3-PA,1299,9,1,0,3013,3023,C
3-PA,1300,21,1,0,2973,2995,C
3-PA,1301,26,2,1,2954,2983,C
3-PA,1302,2996,0,1,0,2997,A
3-PA,1303,3081,1,1,1,3084,A
3-PA,1304,0,3080,0,1,3081,T
3-PA,1305,0,3056,0,0,3056,T
3-PA,1306,0,22,3041,0,3063,G
3-PA,1307,2996,1,2,0,2999,A
3-PA,1308,0,5,2997,0,3002,G
3-PA,1309,1,0,0,2992,2993,C
3-PA,1310,2987,0,2,0,2989,A
3-PA,1311,2,0,0,3047,3049,C
3-PA,1312,2963,0,2,0,2965,A
3-PA,1313,0,3034,0,3,3037,T
3-PA,1314,1,3034,0,1,3036,T
3-PA,1315,1,0,3039,0,3040,G
3-PA,1316,3,1,1,3027,3032,C
3-PA,1317,3025,0,3,0,3028,A
3-PA,1318,3024,1,5,0,3030,A
3-PA,1319,1,3,3028,0,3032,G
3-PA,1320,2,0,0,2986,2988,C
3-PA,1321,2985,0,0,0,2985,A
3-PA,1322,1,2907,1,1,2910,T
3-PA,1323,0,15,2902,2,2919,G
3-PA,1324,2901,0,1,0,2902,A
3-PA,1325,0,2,2908,0,2910,G
3-PA,1326,2908,0,3,0,2911,A
3-PA,1327,2900,2,1,1,2904,A
3-PA,1328,0,9,2890,0,2899,G
3-PA,1329,1,10,2884,0,2895,G
3-PA,1330,2889,0,4,0,2893,A
3-PA,1331,2890,0,2,0,2892,A
3-PA,1332,2,2902,1,1,2906,T
3-PA,1333,0,2904,0,1,2905,T
3-PA,1334,2896,0,1,0,2897,A
3-PA,1335,0,2906,1,2,2909,T
3-PA,1336,0,2906,0,0,2906,T
3-PA,1337,0,2891,0,6,2897,T
3-PA,1338,11,0,0,2881,2892,C
3-PA,1339,2872,2,3,0,2877,A
3-PA,1340,2,2,0,2931,2935,C
3-PA,1341,2923,0,1,0,2924,A
3-PA,1342,0,1,2966,0,2967,G
3-PA,1343,18,2,1,2939,2960,C
3-PA,1344,2939,1,2,0,2942,A
3-PA,1345,0,8,2947,0,2955,G
3-PA,1346,2944,0,3,0,2947,A
3-PA,1347,2,4,2957,0,2963,G
3-PA,1348,1,4,2967,0,2972,G
3-PA,1349,1,2887,0,0,2888,T
3-PA,1350,1,2,2938,0,2941,G
3-PA,1351,0,2910,0,10,2920,T
3-PA,1352,15,1,0,2897,2913,C
3-PA,1353,9,1,0,2926,2936,C
3-PA,1354,28,2,1,2901,2932,C
3-PA,1355,2955,1,0,0,2956,A
3-PA,1356,2,2982,0,5,2989,T
3-PA,1357,0,2978,0,1,2979,T
3-PA,1358,0,2,2994,0,2996,G
3-PA,1359,2,2945,0,2,2949,T
3-PA,1360,2904,0,2,0,2906,A
3-PA,1361,0,12,2892,0,2904,G
3-PA,1362,2828,1,8,0,2837,A
3-PA,1363,0,0,2856,0,2856,G
3-PA,1364,2,2,0,2808,2812,C
3-PA,1365,20,3,0,2747,2770,C
3-PA,1366,2811,1,0,0,2812,A
3-PA,1367,1,1,0,2820,2822,C
3-PA,1368,1,2808,0,1,2810,T
3-PA,1369,0,14,2789,0,2803,G
3-PA,1370,2802,0,0,0,2802,A
3-PA,1371,2750,0,3,0,2753,A
3-PA,1372,1,2824,0,1,2826,T
3-PA,1373,2849,1,1,0,2851,A
3-PA,1374,1,3,0,2876,2880,C
3-PA,1375,2828,0,2,0,2830,A
3-PA,1376,0,2852,0,0,2852,T
3-PA,1377,2832,1,0,0,2833,A
3-PA,1378,2843,0,0,0,2843,A
3-PA,1379,0,2833,0,3,2836,T
3-PA,1380,2,18,2782,0,2802,G
3-PA,1381,2787,0,0,0,2787,A
3-PA,1382,2735,0,2,0,2737,A
3-PA,1383,1,11,2727,0,2739,G
3-PA,1384,0,15,2707,0,2722,G
3-PA,1385,1,13,2723,0,2737,G
3-PA,1386,1,12,2728,0,2741,G
3-PA,1387,2,4,2757,0,2763,G
3-PA,1388,1,2711,0,3,2715,T
3-PA,1389,2727,0,0,1,2728,A
3-PA,1390,0,2735,0,0,2735,T
3-PA,1391,2756,0,2,1,2759,A
3-PA,1392,3,2,0,2971,2976,C
3-PA,1393,2881,1,2,0,2884,A
3-PA,1394,0,2840,0,4,2844,T
3-PA,1395,0,2812,0,1,2813,T
3-PA,1396,2789,0,0,0,2789,A
3-PA,1397,2850,0,1,0,2851,A
3-PA,1398,1,0,0,2844,2845,C
3-PA,1399,2794,0,2,0,2796,A
3-PA,1400,2,0,0,2803,2805,C
3-PA,1401,0,2553,0,2,2555,T
3-PA,1402,0,1,2654,0,2655,G
3-PA,1403,0,1,1,2643,2645,C
3-PA,1404,14,4,0,2629,2647,C
3-PA,1405,16,0,1,2632,2649,C
3-PA,1406,0,2599,0,4,2603,T
3-PA,1407,0,1,2674,0,2675,G
3-PA,1408,1,0,1,2674,2676,C
3-PA,1409,1,2670,0,6,2677,T
3-PA,1410,27,0,0,2706,2733,C
3-PA,1411,2628,0,0,0,2628,A
3-PA,1412,2656,0,2,0,2658,A
3-PA,1413,0,2655,0,1,2656,T
3-PA,1414,1,1,2659,0,2661,G
3-PA,1415,2,0,0,2660,2662,C
3-PA,1416,2606,0,2,1,2609,A
3-PA,1417,0,2594,0,6,2600,T
3-PA,1418,6,0,0,2589,2595,C
3-PA,1419,5,0,0,2608,2613,C
3-PA,1420,0,2532,0,1,2533,T
3-PA,1421,0,2,2585,0,2587,G
3-PA,1422,0,2573,1,3,2577,T
3-PA,1423,0,1,2571,0,2572,G
3-PA,1424,2,2,0,2573,2577,C
3-PA,1425,2532,0,1,0,2533,A
3-PA,1426,0,0,2553,0,2553,G
3-PA,1427,1,5,0,2549,2555,C
3-PA,1428,2528,0,0,0,2528,A
3-PA,1429,2526,1,1,0,2528,A
3-PA,1430,0,2438,0,1,2439,T
3-PA,1431,0,10,2425,0,2435,G
3-PA,1432,1,8,2422,0,2431,G
3-PA,1433,2428,1,2,0,2431,A
3-PA,1434,1,1,0,2422,2424,C
3-PA,1435,1,13,2392,0,2406,G
3-PA,1436,2417,0,3,0,2420,A
3-PA,1437,1,2414,0,2,2417,T
3-PA,1438,0,2412,0,0,2412,T
3-PA,1439,0,2412,1,0,2413,T
3-PA,1440,0,2411,1,0,2412,T
3-PA,1441,10,0,0,2403,2413,C
3-PA,1442,2410,0,2,0,2412,A
3-PA,1443,2416,1,0,0,2417,A
3-PA,1444,2,0,0,2422,2424,C
3-PA,1445,1,2385,0,0,2386,T
3-PA,1446,2389,1,0,0,2390,A
3-PA,1447,2384,0,1,0,2385,A
3-PA,1448,0,2393,0,0,2393,T
3-PA,1449,1,2386,0,3,2390,T
3-PA,1450,12,1,1,2380,2394,C
3-PA,1451,5,0,0,2377,2382,C
3-PA,1452,10,0,2,2371,2383,C
3-PA,1453,2381,0,1,0,2382,A
3-PA,1454,0,2398,1,2,2401,T
3-PA,1455,0,9,2398,1,2408,G
3-PA,1456,2408,0,1,0,2409,A
3-PA,1457,1,2392,0,1,2394,T
3-PA,1458,2377,0,1,0,2378,A
3-PA,1459,2367,0,2,0,2369,A
3-PA,1460,0,3,2372,0,2375,G
3-PA,1461,3,0,0,2364,2367,C
3-PA,1462,2359,0,2,0,2361,A
3-PA,1463,2285,0,3,0,2288,A
3-PA,1464,0,2,2309,0,2311,G
3-PA,1465,0,2290,0,3,2293,T
3-PA,1466,0,1,2290,0,2291,G
3-PA,1467,4,3,0,2284,2291,C
3-PA,1468,2264,0,1,0,2265,A
3-PA,1469,2,7,2293,0,2302,G
3-PA,1470,2280,1,4,0,2285,A
3-PA,1471,2306,0,2,0,2308,A
3-PA,1472,2,1,0,2316,2319,C
3-PA,1473,0,2234,0,0,2234,T
3-PA,1474,2242,0,0,0,2242,A
3-PA,1475,2237,0,1,0,2238,A
3-PA,1476,2237,0,3,0,2240,A
3-PA,1477,0,4,2238,0,2242,G
3-PA,1478,2166,0,3,0,2169,A
3-PA,1479,0,21,2144,0,2165,G
3-PA,1480,1,2,2113,1,2117,G
3-PA,1481,1,4,2109,0,2114,G
3-PA,1482,2084,1,3,1,2089,A
3-PA,1483,2040,1,2,0,2043,A
3-PA,1484,0,4,2030,0,2034,G
3-PA,1485,0,0,2037,0,2037,G
3-PA,1486,2,2,0,2024,2028,C
3-PA,1487,0,10,2015,0,2025,G
3-PA,1488,2004,0,12,0,2016,A
3-PA,1489,2012,0,1,0,2013,A
3-PA,1490,2009,0,2,0,2011,A
3-PA,1491,2011,0,2,0,2013,A
3-PA,1492,2013,0,2,0,2015,A
3-PA,1493,2,0,0,2008,2010,C
3-PA,1494,13,1,0,1979,1993,C
3-PA,1495,1990,1,1,1,1993,A
3-PA,1496,2015,0,0,0,2015,A
3-PA,1497,0,2012,0,0,2012,T
3-PA,1498,0,2025,1,1,2027,T
3-PA,1499,0,2019,0,0,2019,T
3-PA,1500,2027,0,0,0,2027,A
3-PA,1501,0,2019,0,5,2024,T
3-PA,1502,2014,0,1,0,2015,A
3-PA,1503,0,2006,0,2,2008,T
3-PA,1504,0,14,1982,0,1996,G
3-PA,1505,0,4,1941,0,1945,G
3-PA,1506,1,1,1819,0,1821,G
3-PA,1507,0,1850,0,3,1853,T
3-PA,1508,0,1851,0,2,1853,T
3-PA,1509,11,0,0,1847,1858,C
3-PA,1510,1848,0,4,0,1852,A
3-PA,1511,1,1874,0,2,1877,T
3-PA,1512,9,0,1,1871,1881,C
3-PA,1513,1877,0,1,0,1878,A
3-PA,1514,1,1858,0,0,1859,T
3-PA,1515,1810,0,1,0,1811,A
3-PA,1516,1807,0,3,0,1810,A
3-PA,1517,1805,0,1,1,1807,A
3-PA,1518,0,9,1806,0,1815,G
3-PA,1519,0,9,1757,0,1766,G
3-PA,1520,1,4,1739,0,1744,G
3-PA,1521,1723,0,0,0,1723,A
3-PA,1522,1704,0,3,0,1707,A
3-PA,1523,0,2,1710,0,1712,G
3-PA,1524,1693,0,1,0,1694,A
3-PA,1525,1,1686,0,0,1687,T
3-PA,1526,11,0,0,1672,1683,C
3-PA,1527,0,1663,0,0,1663,T
3-PA,1528,13,0,0,1679,1692,C
3-PA,1529,1695,0,0,0,1695,A
3-PA,1530,0,1677,0,7,1684,T
3-PA,1531,1,1679,2,0,1682,T
3-PA,1532,0,1669,0,0,1669,T
3-PA,1533,1662,1,1,1,1665,A
3-PA,1534,1665,0,2,1,1668,A
3-PA,1535,0,10,1658,0,1668,G
3-PA,1536,0,5,1666,0,1671,G
3-PA,1537,1571,0,1,0,1572,A
3-PA,1538,1570,0,1,0,1571,A
3-PA,1539,0,1571,1,0,1572,T
3-PA,1540,1,14,1566,0,1581,G
3-PA,1541,1601,0,3,0,1604,A
3-PA,1542,0,1,0,1592,1593,C
3-PA,1543,1583,0,1,0,1584,A
3-PA,1544,0,0,0,1581,1581,C
3-PA,1545,1525,1,1,0,1527,A
3-PA,1546,0,6,1520,0,1526,G
3-PA,1547,1517,0,2,0,1519,A
3-PA,1548,0,0,0,1484,1484,C
3-PA,1549,0,0,1456,0,1456,G
3-PA,1550,0,1351,0,0,1351,T
3-PA,1551,0,7,1343,1,1351,G
3-PA,1552,0,0,1353,0,1353,G
3-PA,1553,0,1352,0,0,1352,T
3-PA,1554,1350,0,0,0,1350,A
3-PA,1555,1308,0,0,0,1308,A
3-PA,1556,1311,0,0,0,1311,A
3-PA,1557,0,1304,0,0,1304,T
3-PA,1558,0,1288,0,0,1288,T
3-PA,1559,0,1284,1,2,1287,T
3-PA,1560,0,1258,0,2,1260,T
3-PA,1561,0,0,1260,0,1260,G
3-PA,1562,2,1240,0,1,1243,T
3-PA,1563,0,4,1237,1,1242,G
3-PA,1564,1227,0,3,0,1230,A
3-PA,1565,0,0,1227,0,1227,G
3-PA,1566,1,0,0,1216,1217,C
3-PA,1567,1213,0,1,0,1214,A
3-PA,1568,1,1208,0,2,1211,T
3-PA,1569,0,4,1210,0,1214,G
3-PA,1570,0,1,1217,0,1218,G
3-PA,1571,1216,1,2,0,1219,A
3-PA,1572,0,0,1224,0,1224,G
3-PA,1573,0,1197,0,0,1197,T
3-PA,1574,0,1176,0,3,1179,T
3-PA,1575,0,1177,0,1,1178,T
3-PA,1576,0,1177,0,0,1177,T
3-PA,1577,3,0,0,1177,1180,C
3-PA,1578,0,1163,0,1,1164,T
3-PA,1579,8,0,0,1146,1154,C
3-PA,1580,0,1127,0,0,1127,T
3-PA,1581,14,1,0,1112,1127,C
3-PA,1582,1123,0,1,0,1124,A
3-PA,1583,1,0,0,1123,1124,C
3-PA,1584,1,1085,0,3,1089,T
3-PA,1585,3,7,1078,0,1088,G
3-PA,1586,1077,1,3,0,1081,A
3-PA,1587,0,1,0,1078,1079,C
3-PA,1588,8,0,1,1062,1071,C
3-PA,1589,16,1,0,1033,1050,C
3-PA,1590,1,2,1039,0,1042,G
3-PA,1591,1034,1,0,0,1035,A
3-PA,1592,0,4,1038,0,1042,G
3-PA,1593,1037,0,2,0,1039,A
3-PA,1594,0,0,0,1018,1018,C
3-PA,1595,0,990,0,0,990,T
3-PA,1596,0,932,0,0,932,T
3-PA,1597,0,4,924,0,928,G
3-PA,1598,917,0,4,0,921,A
3-PA,1599,1,0,924,0,925,G
3-PA,1600,0,0,0,921,921,C
3-PA,1601,5,1,0,864,870,C
3-PA,1602,867,1,1,0,869,A
3-PA,1603,1,1,0,862,864,C
3-PA,1604,861,0,0,0,861,A
3-PA,1605,0,860,0,1,861,T
3-PA,1606,841,0,0,0,841,A
3-PA,1607,838,0,0,1,839,A
3-PA,1608,832,0,0,0,832,A
3-PA,1609,0,820,0,1,821,T
3-PA,1610,0,7,806,0,813,G
3-PA,1611,0,0,712,0,712,G
3-PA,1612,0,4,690,0,694,G
3-PA,1613,664,0,0,0,664,A
3-PA,1614,0,0,660,0,660,G
3-PA,1615,641,0,0,0,641,A
3-PA,1616,622,0,0,0,622,A
3-PA,1617,618,0,0,0,618,A
3-PA,1618,0,614,0,0,614,T
3-PA,1619,595,1,0,0,596,A
3-PA,1620,1,0,1,592,594,C
3-PA,1621,1,336,0,0,337,T
3-PA,1622,0,0,341,0,341,G
3-PA,1623,0,211,0,0,211,T
3-PA,1624,0,0,207,0,207,G
3-PA,1625,0,187,0,0,187,T
3-PA,1626,0,0,0,100,100,C
3-PA,1627,0,0,0,87,87,C
3-PA,1628,0,77,0,0,77,T
3-PA,1629,0,76,0,0,76,T
3-PA,1630,0,1,76,0,77,G
3-PA,1631,76,0,0,0,76,A
3-PA,1632,0,1,76,0,77,G
3-PA,1633,72,0,0,0,72,A
3-PA,1634,0,71,0,0,71,T
3-PA,1635,71,0,0,0,71,A
3-PA,1636,0,1,72,0,73,G
3-PA,1637,0,0,74,0,74,G
3-PA,1638,74,0,0,0,74,A
3-PA,1639,0,0,74,0,74,G
3-PA,1640,72,0,0,0,72,A
3-PA,1641,0,72,0,0,72,T
3-PA,1642,72,0,0,0,72,A
3-PA,1643,0,72,0,0,72,T
3-PA,1644,0,0,72,0,72,G
3-PA,1645,1,71,0,0,72,T
3-PA,1646,0,71,0,0,71,T
3-PA,1647,73,0,0,0,73,A
3-PA,1648,0,0,0,73,73,C
3-PA,1649,0,73,0,0,73,T
3-PA,1650,73,0,0,0,73,A
3-PA,1651,72,0,0,0,72,A
3-PA,1652,0,0,73,0,73,G
3-PA,1653,71,0,0,0,71,A
3-PA,1654,70,0,0,0,70,A
3-PA,1655,0,0,70,0,70,G
3-PA,1656,0,70,0,0,70,T
3-PA,1657,0,0,70,0,70,G
3-PA,1658,0,0,0,70,70,C
3-PA,1659,0,0,0,70,70,C
3-PA,1660,70,0,0,0,70,A
3-PA,1661,0,70,0,0,70,T
3-PA,1662,70,0,0,0,70,A
3-PA,1663,0,0,71,0,71,G
3-PA,1664,0,0,71,0,71,G
3-PA,1665,0,1,0,69,70,C
3-PA,1666,0,0,0,69,69,C
3-PA,1667,71,0,0,0,71,A
3-PA,1668,71,0,0,0,71,A
3-PA,1669,71,0,0,0,71,A
3-PA,1670,0,71,0,0,71,T
3-PA,1671,0,70,0,0,70,T
3-PA,1672,0,71,0,0,71,T
3-PA,1673,0,0,0,69,69,C
3-PA,1674,68,0,0,0,68,A
3-PA,1675,69,0,0,0,69,A
3-PA,1676,0,1,68,0,69,G
3-PA,1677,0,0,69,0,69,G
3-PA,1678,0,0,0,68,68,C
3-PA,1679,0,0,0,67,67,C
3-PA,1680,67,0,0,0,67,A
3-PA,1681,70,0,0,0,70,A
3-PA,1682,0,70,0,0,70,T
3-PA,1683,0,0,72,0,72,G
3-PA,1684,0,72,0,0,72,T
3-PA,1685,0,78,0,0,78,T
3-PA,1686,1,0,0,77,78,C
3-PA,1687,0,78,0,0,78,T
3-PA,1688,0,78,0,0,78,T
3-PA,1689,74,0,0,0,74,A
3-PA,1690,0,74,0,0,74,T
3-PA,1691,74,0,0,0,74,A
3-PA,1692,0,74,0,0,74,T
3-PA,1693,0,0,73,0,73,G
3-PA,1694,0,69,0,0,69,T
3-PA,1695,0,0,69,0,69,G
3-PA,1696,68,0,0,0,68,A
3-PA,1697,0,0,68,0,68,G
3-PA,1698,0,0,67,0,67,G
3-PA,1699,67,0,0,0,67,A
3-PA,1700,0,0,0,67,67,C
3-PA,1701,64,0,0,0,64,A
3-PA,1702,64,0,0,0,64,A
3-PA,1703,64,0,0,0,64,A
3-PA,1704,0,0,0,64,64,C
3-PA,1705,0,0,64,0,64,G
3-PA,1706,0,1,63,0,64,G
3-PA,1707,64,0,0,0,64,A
3-PA,1708,64,0,0,0,64,A
3-PA,1709,0,0,0,64,64,C
3-PA,1710,65,0,0,0,65,A
3-PA,1711,0,65,0,0,65,T
3-PA,1712,0,0,0,65,65,C
3-PA,1713,65,0,0,0,65,A
3-PA,1714,65,0,0,0,65,A
3-PA,1715,65,0,0,0,65,A
3-PA,1716,0,0,65,0,65,G
3-PA,1717,0,0,65,0,65,G
3-PA,1718,0,65,0,0,65,T
3-PA,1719,0,0,0,65,65,C
3-PA,1720,65,0,0,0,65,A
3-PA,1721,66,0,0,0,66,A
3-PA,1722,66,0,0,0,66,A
3-PA,1723,66,0,0,0,66,A
3-PA,1724,0,66,0,0,66,T
3-PA,1725,0,0,66,0,66,G
3-PA,1726,67,0,0,0,67,A
3-PA,1727,67,0,0,0,67,A
3-PA,1728,67,0,0,0,67,A
3-PA,1729,0,67,0,0,67,T
3-PA,1730,0,0,67,0,67,G
3-PA,1731,0,1,66,0,67,G
3-PA,1732,0,0,66,0,66,G
3-PA,1733,0,1,66,0,67,G
3-PA,1734,65,0,0,0,65,A
3-PA,1735,66,0,0,0,66,A
3-PA,1736,0,66,0,0,66,T
3-PA,1737,0,0,66,0,66,G
3-PA,1738,0,0,65,0,65,G
3-PA,1739,64,0,0,0,64,A
3-PA,1740,0,1,64,0,65,G
3-PA,1741,64,0,0,0,64,A
3-PA,1742,0,63,0,0,63,T
3-PA,1743,0,0,63,0,63,G
3-PA,1744,63,0,0,0,63,A
3-PA,1745,0,1,62,0,63,G
3-PA,1746,63,0,0,0,63,A
3-PA,1747,0,0,0,63,63,C
3-PA,1748,0,0,64,0,64,G
3-PA,1749,0,64,0,0,64,T
3-PA,1750,0,64,0,0,64,T
3-PA,1751,0,0,65,0,65,G
3-PA,1752,0,0,0,64,64,C
3-PA,1753,0,0,0,64,64,C
3-PA,1754,0,64,0,0,64,T
3-PA,1755,0,0,0,64,64,C
3-PA,1756,1,0,0,63,64,C
3-PA,1757,0,64,0,0,64,T
3-PA,1758,0,64,0,0,64,T
3-PA,1759,0,0,0,64,64,C
3-PA,1760,63,0,0,0,63,A
3-PA,1761,0,0,64,0,64,G
3-PA,1762,0,64,0,0,64,T
3-PA,1763,0,0,0,63,63,C
3-PA,1764,63,0,0,0,63,A
3-PA,1765,0,0,0,65,65,C
3-PA,1766,0,64,0,0,64,T
3-PA,1767,0,0,0,64,64,C
3-PA,1768,1,0,0,64,65,C
3-PA,1769,65,0,0,0,65,A
3-PA,1770,0,0,65,0,65,G
3-PA,1771,0,0,0,65,65,C
3-PA,1772,65,0,0,0,65,A
3-PA,1773,0,0,65,0,65,G
3-PA,1774,63,0,0,0,63,A
3-PA,1775,0,63,0,0,63,T
3-PA,1776,3,0,0,60,63,C
3-PA,1777,0,0,62,0,62,G
3-PA,1778,61,0,0,0,61,A
3-PA,1779,0,0,61,0,61,G
3-PA,1780,61,0,0,0,61,A
3-PA,1781,0,0,60,0,60,G
3-PA,1782,0,0,0,60,60,C
3-PA,1783,59,0,0,0,59,A
3-PA,1784,0,59,0,0,59,T
3-PA,1785,0,0,61,0,61,G
3-PA,1786,63,0,0,0,63,A
3-PA,1787,1,62,0,0,63,T
3-PA,1788,0,63,0,0,63,T
3-PA,1789,0,0,63,0,63,G
3-PA,1790,63,0,0,0,63,A
3-PA,1791,62,0,0,0,62,A
3-PA,1792,0,0,63,0,63,G
3-PA,1793,0,0,0,63,63,C
3-PA,1794,0,1,0,59,60,C
3-PA,1795,0,0,61,0,61,G
3-PA,1796,61,0,0,0,61,A
3-PA,1797,1,0,60,0,61,G
3-PA,1798,0,60,0,0,60,T
3-PA,1799,1,0,0,59,60,C
3-PA,1800,0,0,0,60,60,C
3-PA,1801,0,59,0,0,59,T
3-PA,1802,0,0,0,59,59,C
3-PA,1803,0,0,59,0,59,G
3-PA,1804,0,0,60,0,60,G
3-PA,1805,0,60,0,0,60,T
3-PA,1806,0,59,0,0,59,T
3-PA,1807,59,0,0,0,59,A
3-PA,1808,59,0,0,0,59,A
3-PA,1809,59,0,0,0,59,A
3-PA,1810,0,0,59,0,59,G
3-PA,1811,59,0,0,0,59,A
3-PA,1812,0,0,59,0,59,G
3-PA,1813,58,0,0,0,58,A
3-PA,1814,58,0,0,0,58,A
3-PA,1815,58,0,0,0,58,A
3-PA,1816,0,0,59,0,59,G
3-PA,1817,58,0,0,0,58,A
3-PA,1818,0,0,0,58,58,C
3-PA,1819,56,0,0,0,56,A
3-PA,1820,0,56,0,0,56,T
3-PA,1821,0,0,55,0,55,G
3-PA,1822,57,0,0,0,57,A
3-PA,1823,0,0,0,57,57,C
3-PA,1824,0,0,0,57,57,C
3-PA,1825,57,0,0,0,57,A
3-PA,1826,57,0,0,0,57,A
3-PA,1827,57,0,0,0,57,A
3-PA,1828,0,0,57,0,57,G
3-PA,1829,56,0,0,0,56,A
3-PA,1830,0,0,59,0,59,G
3-PA,1831,0,59,0,0,59,T
3-PA,1832,0,58,0,0,58,T
3-PA,1833,0,58,0,0,58,T
3-PA,1834,0,58,0,0,58,T
3-PA,1835,0,58,0,0,58,T
3-PA,1836,0,58,0,0,58,T
3-PA,1837,0,0,58,0,58,G
3-PA,1838,57,0,0,0,57,A
3-PA,1839,0,0,57,0,57,G
3-PA,1840,57,0,0,0,57,A
3-PA,1841,57,0,0,0,57,A
3-PA,1842,0,57,0,0,57,T
3-PA,1843,56,1,0,0,57,A
3-PA,1844,57,0,0,0,57,A
3-PA,1845,57,0,0,0,57,A
3-PA,1846,0,57,0,0,57,T
3-PA,1847,0,0,0,57,57,C
3-PA,1848,57,0,0,0,57,A
3-PA,1849,0,0,58,0,58,G
3-PA,1850,57,0,0,0,57,A
3-PA,1851,57,0,0,0,57,A
3-PA,1852,0,0,58,0,58,G
3-PA,1853,0,0,0,59,59,C
3-PA,1854,58,0,0,0,58,A
3-PA,1855,0,58,0,0,58,T
3-PA,1856,0,1,58,0,59,G
3-PA,1857,0,0,59,0,59,G
3-PA,1858,0,0,0,59,59,C
3-PA,1859,3,0,0,55,58,C
3-PA,1860,0,0,0,58,58,C
3-PA,1861,55,0,0,0,55,A
3-PA,1862,0,55,0,0,55,T
3-PA,1863,0,55,0,0,55,T
3-PA,1864,0,0,55,0,55,G
3-PA,1865,0,0,54,0,54,G
3-PA,1866,0,0,53,0,53,G
3-PA,1867,0,0,53,0,53,G
3-PA,1868,50,0,0,0,50,A
3-PA,1869,0,0,52,0,52,G
3-PA,1870,0,50,0,0,50,T
3-PA,1871,0,0,0,51,51,C
3-PA,1872,0,0,0,51,51,C
3-PA,1873,0,0,0,51,51,C
3-PA,1874,0,0,0,51,51,C
3-PA,1875,0,0,0,51,51,C
3-PA,1876,51,0,0,0,51,A
3-PA,1877,51,0,0,0,51,A
3-PA,1878,0,0,51,0,51,G
3-PA,1879,0,0,50,0,50,G
3-PA,1880,0,0,51,0,51,G
3-PA,1881,47,0,0,0,47,A
3-PA,1882,0,1,46,0,47,G
3-PA,1883,0,47,0,0,47,T
3-PA,1884,0,0,48,0,48,G
3-PA,1885,0,0,47,0,47,G
3-PA,1886,48,0,0,0,48,A
3-PA,1887,46,0,0,0,46,A
3-PA,1888,0,0,47,0,47,G
3-PA,1889,47,0,0,0,47,A
3-PA,1890,47,0,0,0,47,A
3-PA,1891,0,0,47,0,47,G
3-PA,1892,0,0,47,0,47,G
3-PA,1893,0,47,0,0,47,T
3-PA,1894,0,45,0,0,45,T
3-PA,1895,1,0,0,46,47,C
3-PA,1896,0,0,0,47,47,C
3-PA,1897,47,0,0,0,47,A
3-PA,1898,0,48,0,0,48,T
3-PA,1899,0,48,0,0,48,T
3-PA,1900,0,0,50,0,50,G
3-PA,1901,0,0,50,0,50,G
3-PA,1902,0,0,50,0,50,G
3-PA,1903,50,0,0,0,50,A
3-PA,1904,49,0,0,0,49,A
3-PA,1905,48,0,0,0,48,A
3-PA,1906,0,0,50,0,50,G
3-PA,1907,0,50,0,0,50,T
3-PA,1908,1,0,0,51,52,C
3-PA,1909,0,52,0,0,52,T
3-PA,1910,0,0,54,0,54,G
3-PA,1911,0,54,0,0,54,T
3-PA,1912,54,0,0,0,54,A
3-PA,1913,0,0,54,0,54,G
3-PA,1914,0,0,54,0,54,G
3-PA,1915,53,0,0,0,53,A
3-PA,1916,0,0,0,52,52,C
3-PA,1917,0,53,0,0,53,T
3-PA,1918,1,0,0,53,54,C
3-PA,1919,0,53,0,0,53,T
3-PA,1920,53,0,0,0,53,A
3-PA,1921,0,53,0,0,53,T
3-PA,1922,0,53,0,0,53,T
3-PA,1923,0,0,53,0,53,G
3-PA,1924,0,0,53,0,53,G
3-PA,1925,0,0,0,53,53,C
3-PA,1926,0,53,0,0,53,T
3-PA,1927,49,0,0,0,49,A
3-PA,1928,50,0,0,0,50,A
3-PA,1929,0,1,49,0,50,G
3-PA,1930,0,50,0,0,50,T
3-PA,1931,1,0,0,49,50,C
3-PA,1932,45,0,0,0,45,A
3-PA,1933,0,0,45,0,45,G
3-PA,1934,0,45,0,0,45,T
3-PA,1935,46,0,0,0,46,A
3-PA,1936,0,47,0,0,47,T
3-PA,1937,0,47,0,0,47,T
3-PA,1938,0,0,0,47,47,C
3-PA,1939,47,0,0,0,47,A
3-PA,1940,47,0,0,0,47,A
3-PA,1941,0,47,0,0,47,T
3-PA,1942,48,0,0,0,48,A
3-PA,1943,0,0,49,0,49,G
3-PA,1944,0,0,0,52,52,C
3-PA,1945,0,0,0,51,51,C
3-PA,1946,0,52,0,0,52,T
3-PA,1947,0,0,53,0,53,G
3-PA,1948,0,53,0,0,53,T
3-PA,1949,53,0,0,0,53,A
3-PA,1950,0,53,0,0,53,T
3-PA,1951,0,0,52,0,52,G
3-PA,1952,0,0,0,52,52,C
3-PA,1953,50,0,0,0,50,A
3-PA,1954,0,49,0,0,49,T
3-PA,1955,0,0,0,49,49,C
3-PA,1956,49,0,0,0,49,A
3-PA,1957,0,0,0,49,49,C
3-PA,1958,0,0,0,49,49,C
3-PA,1959,49,0,0,0,49,A
3-PA,1960,0,0,0,49,49,C
3-PA,1961,49,0,0,0,49,A
3-PA,1962,49,0,0,0,49,A
3-PA,1963,0,49,0,0,49,T
3-PA,1964,0,49,0,0,49,T
3-PA,1965,0,0,49,0,49,G
3-PA,1966,0,0,50,0,50,G
3-PA,1967,50,0,0,0,50,A
3-PA,1968,50,0,0,0,50,A
3-PA,1969,0,0,51,0,51,G
3-PA,1970,0,0,51,0,51,G
3-PA,1971,52,0,0,0,52,A
3-PA,1972,0,52,0,0,52,T
3-PA,1973,0,52,0,0,52,T
3-PA,1974,0,52,0,0,52,T
3-PA,1975,0,51,0,1,52,T
3-PA,1976,0,0,0,52,52,C
3-PA,1977,52,0,0,0,52,A
3-PA,1978,0,0,52,0,52,G
3-PA,1979,0,0,0,52,52,C
3-PA,1980,0,0,52,0,52,G
3-PA,1981,0,1,53,0,54,G
3-PA,1982,54,0,0,0,54,A
3-PA,1983,0,0,54,0,54,G
3-PA,1984,0,54,0,0,54,T
3-PA,1985,0,0,0,54,54,C
3-PA,1986,54,0,0,0,54,A
3-PA,1987,54,0,0,0,54,A
3-PA,1988,0,0,54,0,54,G
3-PA,1989,54,0,0,0,54,A
3-PA,1990,53,0,0,0,53,A
3-PA,1991,53,0,0,0,53,A
3-PA,1992,51,0,0,0,51,A
3-PA,1993,0,0,0,52,52,C
3-PA,1994,0,49,0,0,49,T
3-PA,1995,0,0,49,0,49,G
3-PA,1996,0,0,0,48,48,C
3-PA,1997,0,49,0,0,49,T
3-PA,1998,0,0,0,49,49,C
3-PA,1999,0,0,0,49,49,C
3-PA,2000,0,48,0,0,48,T
3-PA,2001,0,48,0,0,48,T
3-PA,2002,0,0,49,0,49,G
3-PA,2003,0,49,0,0,49,T
3-PA,2004,0,48,0,0,48,T
3-PA,2005,0,0,49,0,49,G
3-PA,2006,0,49,0,0,49,T
3-PA,2007,0,49,0,0,49,T
3-PA,2008,0,0,0,49,49,C
3-PA,2009,48,0,0,0,48,A
3-PA,2010,0,0,48,0,48,G
3-PA,2011,0,0,49,0,49,G
3-PA,2012,0,0,0,49,49,C
3-PA,2013,0,48,0,0,48,T
3-PA,2014,0,0,0,50,50,C
3-PA,2015,0,50,0,0,50,T
3-PA,2016,0,50,0,0,50,T
3-PA,2017,50,0,0,0,50,A
3-PA,2018,0,0,50,0,50,G
3-PA,2019,0,0,49,0,49,G
3-PA,2020,0,0,49,0,49,G
3-PA,2021,45,0,0,0,45,A
3-PA,2022,0,0,0,45,45,C
3-PA,2023,42,0,0,0,42,A
3-PA,2024,42,0,0,0,42,A
3-PA,2025,0,0,0,41,41,C
3-PA,2026,0,0,0,42,42,C
3-PA,2027,0,42,0,0,42,T
3-PA,2028,0,0,0,42,42,C
3-PA,2029,0,0,42,0,42,G
3-PA,2030,42,0,0,0,42,A
3-PA,2031,43,0,0,0,43,A
3-PA,2032,0,0,0,43,43,C
3-PA,2033,0,0,0,42,42,C
3-PA,2034,0,40,0,0,40,T
3-PA,2035,0,0,40,0,40,G
3-PA,2036,0,0,40,0,40,G
3-PA,2037,0,0,40,0,40,G
3-PA,2038,40,0,0,0,40,A
3-PA,2039,0,0,0,38,38,C
3-PA,2040,0,0,0,38,38,C
3-PA,2041,0,38,0,0,38,T
3-PA,2042,0,38,0,0,38,T
3-PA,2043,0,38,0,0,38,T
3-PA,2044,0,0,38,0,38,G
3-PA,2045,39,0,0,0,39,A
3-PA,2046,0,39,0,0,39,T
3-PA,2047,0,0,0,39,39,C
3-PA,2048,0,36,0,0,36,T
3-PA,2049,0,36,0,0,36,T
3-PA,2050,0,0,35,0,35,G
3-PA,2051,0,0,35,0,35,G
3-PA,2052,0,0,35,0,35,G
3-PA,2053,0,0,35,0,35,G
3-PA,2054,0,1,33,0,34,G
3-PA,2055,0,0,32,0,32,G
3-PA,2056,0,0,0,32,32,C
3-PA,2057,0,31,0,0,31,T
3-PA,2058,32,0,0,0,32,A
3-PA,2059,0,32,0,0,32,T
3-PA,2060,32,0,0,0,32,A
3-PA,2061,0,32,0,0,32,T
3-PA,2062,0,0,30,0,30,G
3-PA,2063,30,0,0,0,30,A
3-PA,2064,29,0,0,0,29,A
3-PA,2065,0,0,29,0,29,G
3-PA,2066,0,0,0,29,29,C
3-PA,2067,28,0,0,0,28,A
3-PA,2068,30,0,0,0,30,A
3-PA,2069,0,30,0,0,30,T
3-PA,2070,0,30,0,0,30,T
3-PA,2071,0,0,30,0,30,G
3-PA,2072,30,0,0,0,30,A
3-PA,2073,0,0,30,0,30,G
3-PA,2074,0,0,30,0,30,G
3-PA,2075,29,0,0,0,29,A
3-PA,2076,0,0,29,0,29,G
3-PA,2077,0,26,0,0,26,T
3-PA,2078,0,0,26,0,26,G
3-PA,2079,0,0,0,26,26,C
3-PA,2080,0,0,0,25,25,C
3-PA,2081,0,25,0,0,25,T
3-PA,2082,0,0,25,0,25,G
3-PA,2083,25,0,0,0,25,A
3-PA,2084,0,25,0,0,25,T
3-PA,2085,0,23,0,0,23,T
3-PA,2086,23,0,0,0,23,A
3-PA,2087,23,0,0,0,23,A
3-PA,2088,0,22,0,0,22,T
3-PA,2089,0,0,22,0,22,G
3-PA,2090,22,0,0,0,22,A
3-PA,2091,0,23,0,0,23,T
3-PA,2092,0,0,0,23,23,C
3-PA,2093,1,0,0,22,23,C
3-PA,2094,2,0,0,21,23,C
3-PA,2095,0,23,0,0,23,T
3-PA,2096,0,0,23,0,23,G
3-PA,2097,0,0,23,0,23,G
3-PA,2098,0,0,23,0,23,G
3-PA,2099,0,23,0,0,23,T
3-PA,2100,0,23,0,0,23,T
3-PA,2101,0,23,0,0,23,T
3-PA,2102,0,23,0,0,23,T
3-PA,2103,0,0,23,0,23,G
3-PA,2104,0,0,0,23,23,C
3-PA,2105,0,21,0,0,21,T
3-PA,2106,0,0,0,21,21,C
3-PA,2107,21,0,0,0,21,A
3-PA,2108,21,0,0,0,21,A
3-PA,2109,0,21,0,0,21,T
3-PA,2110,0,0,21,0,21,G
3-PA,2111,0,0,0,21,21,C
3-PA,2112,0,0,21,0,21,G
3-PA,2113,0,21,0,0,21,T
3-PA,2114,0,0,0,21,21,C
3-PA,2115,0,21,0,0,21,T
3-PA,2116,0,21,0,0,21,T
3-PA,2117,0,0,21,0,21,G
3-PA,2118,0,0,21,0,21,G
3-PA,2119,0,21,0,0,21,T
3-PA,2120,0,21,0,0,21,T
3-PA,2121,0,0,0,21,21,C
3-PA,2122,21,0,0,0,21,A
3-PA,2123,21,0,0,0,21,A
3-PA,2124,0,0,0,21,21,C
3-PA,2125,0,21,0,0,21,T
3-PA,2126,0,0,0,21,21,C
3-PA,2127,0,0,0,21,21,C
3-PA,2128,0,21,0,0,21,T
3-PA,2129,0,20,0,0,20,T
3-PA,2130,0,0,0,21,21,C
3-PA,2131,0,0,0,21,21,C
3-PA,2132,0,21,0,0,21,T
3-PA,2133,0,0,21,0,21,G
3-PA,2134,21,0,0,0,21,A
3-PA,2135,0,0,0,21,21,C
3-PA,2136,21,0,0,0,21,A
3-PA,2137,0,0,0,18,18,C
3-PA,2138,18,0,0,0,18,A
3-PA,2139,0,18,0,0,18,T
3-PA,2140,0,0,18,0,18,G
3-PA,2141,0,0,0,18,18,C
3-PA,2142,18,0,0,0,18,A
3-PA,2143,0,18,0,0,18,T
3-PA,2144,0,18,0,0,18,T
3-PA,2145,18,0,0,0,18,A
3-PA,2146,18,0,0,0,18,A
3-PA,2147,18,0,0,0,18,A
3-PA,2148,18,0,0,0,18,A
3-PA,2149,0,18,0,0,18,T
3-PA,2150,13,0,0,0,13,A
3-PA,2151,0,0,13,0,13,G
4-HA,1,225,0,0,0,225,A
4-HA,2,0,228,0,0,228,T
4-HA,3,0,0,235,0,235,G
4-HA,4,236,0,0,0,236,A
4-HA,5,237,0,2,0,239,A
4-HA,6,0,1,260,0,261,G
4-HA,7,262,0,0,0,262,A
4-HA,8,0,0,0,276,276,C
4-HA,9,0,281,0,0,281,T
4-HA,10,294,0,1,0,295,A
4-HA,11,0,314,0,0,314,T
4-HA,12,0,0,0,320,320,C
4-HA,13,320,0,0,0,320,A
4-HA,14,0,320,1,0,321,T
4-HA,15,0,322,0,0,322,T
4-HA,16,0,0,351,0,351,G
4-HA,17,0,0,0,354,354,C
4-HA,18,0,355,0,0,355,T
4-HA,19,0,354,0,0,354,T
4-HA,20,0,356,0,0,356,T
4-HA,21,0,3,378,0,381,G
4-HA,22,383,0,1,0,384,A
4-HA,23,0,0,395,0,395,G
4-HA,24,0,1,0,396,397,C
4-HA,25,0,397,0,0,397,T
4-HA,26,424,0,0,0,424,A
4-HA,27,0,0,0,428,428,C
4-HA,28,435,0,0,0,435,A
4-HA,29,0,457,0,0,457,T
4-HA,30,0,460,0,0,460,T
4-HA,31,3,0,0,463,466,C
4-HA,32,0,464,0,0,464,T
4-HA,33,470,0,0,0,470,A
4-HA,34,0,471,0,1,472,T
4-HA,35,1,0,476,0,477,G
4-HA,36,0,477,0,0,477,T
4-HA,37,2,0,0,475,477,C
4-HA,38,0,475,0,0,475,T
4-HA,39,0,3,475,0,478,G
4-HA,40,0,0,478,0,478,G
4-HA,41,0,476,0,0,476,T
4-HA,42,0,477,0,0,477,T
4-HA,43,0,476,0,0,476,T
4-HA,44,0,477,0,0,477,T
4-HA,45,1,0,0,475,476,C
4-HA,46,0,1,476,0,477,G
4-HA,47,0,1,0,482,483,C
4-HA,48,0,482,0,0,482,T
4-HA,49,0,0,0,487,487,C
4-HA,50,486,0,0,0,486,A
4-HA,51,488,0,1,0,489,A
4-HA,52,487,0,0,0,487,A
4-HA,53,488,0,0,0,488,A
4-HA,54,487,0,1,0,488,A
4-HA,55,0,0,0,491,491,C
4-HA,56,0,486,0,0,486,T
4-HA,57,0,487,0,0,487,T
4-HA,58,1,0,0,486,487,C
4-HA,59,1,0,0,486,487,C
4-HA,60,0,487,0,1,488,T
4-HA,61,0,2,495,0,497,G
4-HA,62,0,2,496,0,498,G
4-HA,63,501,0,0,0,501,A
4-HA,64,511,0,0,0,511,A
4-HA,65,512,0,0,0,512,A
4-HA,66,0,516,0,1,517,T
4-HA,67,0,4,515,0,519,G
4-HA,68,517,0,0,0,517,A
4-HA,69,0,0,0,520,520,C
4-HA,70,518,0,0,0,518,A
4-HA,71,516,0,0,0,516,A
4-HA,72,0,0,0,526,526,C
4-HA,73,522,0,3,0,525,A
4-HA,74,0,0,526,0,526,G
4-HA,75,0,0,0,525,525,C
4-HA,76,524,0,0,0,524,A
4-HA,77,0,1,0,541,542,C
4-HA,78,0,3,541,0,544,G
4-HA,79,0,0,557,0,557,G
4-HA,80,0,0,0,559,559,C
4-HA,81,554,0,1,0,555,A
4-HA,82,560,0,0,0,560,A
4-HA,83,0,0,0,560,560,C
4-HA,84,0,0,573,0,573,G
4-HA,85,2,0,0,572,574,C
4-HA,86,0,569,0,1,570,T
4-HA,87,0,1,574,0,575,G
4-HA,88,0,572,0,0,572,T
4-HA,89,0,0,587,0,587,G
4-HA,90,0,0,0,594,594,C
4-HA,91,0,0,0,607,607,C
4-HA,92,0,604,0,0,604,T
4-HA,93,0,597,0,0,597,T
4-HA,94,0,4,597,0,601,G
4-HA,95,0,4,601,0,605,G
4-HA,96,0,2,609,0,611,G
4-HA,97,0,0,0,613,613,C
4-HA,98,614,0,1,0,615,A
4-HA,99,0,0,0,629,629,C
4-HA,100,2,0,0,626,628,C
4-HA,101,665,0,0,0,665,A
4-HA,102,0,665,0,0,665,T
4-HA,103,1,0,663,0,664,G
4-HA,104,0,0,0,663,663,C
4-HA,105,654,0,1,0,655,A
4-HA,106,0,1,700,0,701,G
4-HA,107,0,701,0,1,702,T
4-HA,108,706,0,1,0,707,A
4-HA,109,0,0,0,703,703,C
4-HA,110,0,0,0,687,687,C
4-HA,111,691,0,0,0,691,A
4-HA,112,689,0,0,0,689,A
4-HA,113,690,0,0,0,690,A
4-HA,114,0,2,0,693,695,C
4-HA,115,0,3,684,0,687,G
4-HA,116,0,3,696,0,699,G
4-HA,117,691,0,0,0,691,A
4-HA,118,695,0,0,0,695,A
4-HA,119,1,0,0,691,692,C
4-HA,120,0,2,687,0,689,G
4-HA,121,1,0,685,0,686,G
4-HA,122,0,716,0,2,718,T
4-HA,123,731,0,0,0,731,A
4-HA,124,0,0,732,0,732,G
4-HA,125,0,730,0,0,730,T
4-HA,126,0,0,736,0,736,G
4-HA,127,733,0,0,0,733,A
4-HA,128,736,0,0,0,736,A
4-HA,129,738,0,0,0,738,A
4-HA,130,727,0,0,1,728,A
4-HA,131,2,0,0,734,736,C
4-HA,132,736,0,0,0,736,A
4-HA,133,742,0,0,0,742,A
4-HA,134,0,741,0,0,741,T
4-HA,135,2,0,0,740,742,C
4-HA,136,741,0,0,0,741,A
4-HA,137,0,0,0,745,745,C
4-HA,138,1,5,738,0,744,G
4-HA,139,742,0,0,0,742,A
4-HA,140,742,0,0,0,742,A
4-HA,141,0,744,0,0,744,T
4-HA,142,1,7,739,0,747,G
4-HA,143,750,1,0,0,751,A
4-HA,144,0,1,0,749,750,C
4-HA,145,4,0,0,746,750,C
4-HA,146,752,0,0,0,752,A
4-HA,147,754,0,1,0,755,A
4-HA,148,755,0,0,0,755,A
4-HA,149,0,755,0,1,756,T
4-HA,150,0,753,1,0,754,T
4-HA,151,0,2,753,0,755,G
4-HA,152,754,0,0,0,754,A
4-HA,153,757,0,1,0,758,A
4-HA,154,0,0,759,0,759,G
4-HA,155,0,753,0,0,753,T
4-HA,156,0,772,0,0,772,T
4-HA,157,777,0,2,0,779,A
4-HA,158,1,1,0,780,782,C
4-HA,159,0,781,0,1,782,T
4-HA,160,780,0,0,0,780,A
4-HA,161,799,0,0,0,799,A
4-HA,162,0,795,0,0,795,T
4-HA,163,6,1,792,0,799,G
4-HA,164,0,0,0,826,826,C
4-HA,165,0,821,0,0,821,T
4-HA,166,824,0,0,0,824,A
4-HA,167,0,1,0,821,822,C
4-HA,168,0,820,0,1,821,T
4-HA,169,0,5,822,1,828,G
4-HA,170,827,0,0,0,827,A
4-HA,171,0,0,825,0,825,G
4-HA,172,0,0,0,826,826,C
4-HA,173,0,813,0,0,813,T
4-HA,174,0,4,820,0,824,G
4-HA,175,1,0,827,0,828,G
4-HA,176,1,834,0,1,836,T
4-HA,177,0,836,0,0,836,T
4-HA,178,1,0,1,830,832,C
4-HA,179,831,0,0,0,831,A
4-HA,180,0,5,835,0,840,G
4-HA,181,837,0,0,0,837,A
4-HA,182,0,1,843,0,844,G
4-HA,183,0,838,0,0,838,T
4-HA,184,0,827,0,0,827,T
4-HA,185,5,0,0,825,830,C
4-HA,186,4,0,0,825,829,C
4-HA,187,0,829,0,1,830,T
4-HA,188,2,0,0,829,831,C
4-HA,189,828,0,0,0,828,A
4-HA,190,832,0,0,0,832,A
4-HA,191,0,0,0,834,834,C
4-HA,192,818,0,0,0,818,A
4-HA,193,0,1,828,0,829,G
4-HA,194,0,0,825,0,825,G
4-HA,195,1,822,1,0,824,T
4-HA,196,0,2,831,0,833,G
4-HA,197,833,0,0,0,833,A
4-HA,198,834,0,0,0,834,A
4-HA,199,873,0,0,0,873,A
4-HA,200,0,862,0,0,862,T
4-HA,201,878,0,1,0,879,A
4-HA,202,0,871,0,0,871,T
4-HA,203,0,0,868,0,868,G
4-HA,204,1,1,0,865,867,C
4-HA,205,824,0,23,0,847,A
4-HA,206,852,0,2,0,854,A
4-HA,207,2,0,0,852,854,C
4-HA,208,860,0,0,0,860,A
4-HA,209,0,1,911,0,912,G
4-HA,210,1,891,0,5,897,T
4-HA,211,6,0,0,899,905,C
4-HA,212,6,1,0,900,907,C
4-HA,213,0,900,0,0,900,T
4-HA,214,3,0,0,911,914,C
4-HA,215,913,0,0,0,913,A
4-HA,216,2,909,0,2,913,T
4-HA,217,5,0,0,910,915,C
4-HA,218,874,0,0,0,874,A
4-HA,219,0,3,872,0,875,G
4-HA,220,869,0,2,0,871,A
4-HA,221,0,872,0,0,872,T
4-HA,222,2,0,0,866,868,C
4-HA,223,5,0,0,857,862,C
4-HA,224,0,858,0,0,858,T
4-HA,225,0,854,0,1,855,T
4-HA,226,1,2,854,0,857,G
4-HA,227,858,0,1,0,859,A
4-HA,228,0,856,0,0,856,T
4-HA,229,0,4,857,0,861,G
4-HA,230,0,1,858,0,859,G
4-HA,231,855,0,0,0,855,A
4-HA,232,855,0,0,1,856,A
4-HA,233,859,0,0,1,860,A
4-HA,234,861,0,0,0,861,A
4-HA,235,863,0,0,0,863,A
4-HA,236,863,0,2,0,865,A
4-HA,237,1,0,0,866,867,C
4-HA,238,0,858,0,0,858,T
4-HA,239,0,0,863,0,863,G
4-HA,240,0,0,0,860,860,C
4-HA,241,859,0,3,0,862,A
4-HA,242,0,0,0,890,890,C
4-HA,243,886,1,1,0,888,A
4-HA,244,0,0,0,984,984,C
4-HA,245,0,979,0,0,979,T
4-HA,246,992,0,0,0,992,A
4-HA,247,992,0,0,0,992,A
4-HA,248,1,999,0,0,1000,T
4-HA,249,1000,0,0,0,1000,A
4-HA,250,0,1,1003,0,1004,G
4-HA,251,986,0,0,0,986,A
4-HA,252,0,968,0,0,968,T
4-HA,253,1,2,926,0,929,G
4-HA,254,0,0,0,931,931,C
4-HA,255,0,927,0,2,929,T
4-HA,256,5,0,0,990,995,C
4-HA,257,0,989,0,0,989,T
4-HA,258,1019,0,0,0,1019,A
4-HA,259,0,1015,0,1,1016,T
4-HA,260,0,1016,0,1,1017,T
4-HA,261,0,5,1018,1,1024,G
4-HA,262,0,4,1007,0,1011,G
4-HA,263,0,6,1008,0,1014,G
4-HA,264,1001,0,1,0,1002,A
4-HA,265,0,5,975,0,980,G
4-HA,266,959,0,1,0,960,A
4-HA,267,1,1,0,1017,1019,C
4-HA,268,5,0,0,1035,1040,C
4-HA,269,8,0,0,1040,1048,C
4-HA,270,0,1045,1,0,1046,T
4-HA,271,5,0,0,1060,1065,C
4-HA,272,1058,0,2,0,1060,A
4-HA,273,0,1,1128,0,1129,G
4-HA,274,0,1124,0,0,1124,T
4-HA,275,3,0,1135,0,1138,G
4-HA,276,0,1105,0,1,1106,T
4-HA,277,0,5,1097,0,1102,G
4-HA,278,1100,0,3,0,1103,A
4-HA,279,0,1099,0,0,1099,T
4-HA,280,1,4,1088,0,1093,G
4-HA,281,0,0,1091,0,1091,G
4-HA,282,2,0,0,1085,1087,C
4-HA,283,0,1082,0,0,1082,T
4-HA,284,1,1073,0,1,1075,T
4-HA,285,2,1,0,1077,1080,C
4-HA,286,10,0,0,1069,1079,C
4-HA,287,1085,0,1,0,1086,A
4-HA,288,1089,0,0,0,1089,A
4-HA,289,1088,0,0,0,1088,A
4-HA,290,1092,0,0,0,1092,A
4-HA,291,0,1094,0,0,1094,T
4-HA,292,1089,0,0,0,1089,A
4-HA,293,1089,0,0,0,1089,A
4-HA,294,0,3,1086,0,1089,G
4-HA,295,1097,0,1,0,1098,A
4-HA,296,1102,0,0,0,1102,A
4-HA,297,1100,0,0,0,1100,A
4-HA,298,0,1101,0,0,1101,T
4-HA,299,1,10,1090,0,1101,G
4-HA,300,0,6,1097,0,1103,G
4-HA,301,1,2,1093,0,1096,G
4-HA,302,1097,0,0,0,1097,A
4-HA,303,2,0,0,1104,1106,C
4-HA,304,3,1,0,1096,1100,C
4-HA,305,0,1113,0,0,1113,T
4-HA,306,0,1105,1,2,1108,T
4-HA,307,0,1108,0,1,1109,T
4-HA,308,0,1114,1,0,1115,T
4-HA,309,0,1115,0,1,1116,T
4-HA,310,1,0,1118,0,1119,G
4-HA,311,0,1118,0,0,1118,T
4-HA,312,1,1112,0,2,1115,T
4-HA,313,0,4,1111,0,1115,G
4-HA,314,1111,0,0,0,1111,A
4-HA,315,1115,0,0,0,1115,A
4-HA,316,2,1,0,1111,1114,C
4-HA,317,0,3,1105,0,1108,G
4-HA,318,0,0,0,1125,1125,C
4-HA,319,1116,1,2,0,1119,A
4-HA,320,1,0,1126,0,1127,G
4-HA,321,0,0,0,1125,1125,C
4-HA,322,1127,0,1,0,1128,A
4-HA,323,1125,0,0,0,1125,A
4-HA,324,1124,0,3,1,1128,A
4-HA,325,0,0,1178,0,1178,G
4-HA,326,0,1,0,1174,1175,C
4-HA,327,2,0,0,1168,1170,C
4-HA,328,0,1168,0,0,1168,T
4-HA,329,1171,0,0,0,1171,A
4-HA,330,0,0,0,1176,1176,C
4-HA,331,1172,0,0,0,1172,A
4-HA,332,0,1,1179,0,1180,G
4-HA,333,0,0,0,1177,1177,C
4-HA,334,1148,0,0,0,1148,A
4-HA,335,1156,0,0,0,1156,A
4-HA,336,1,0,0,1203,1204,C
4-HA,337,0,1200,0,0,1200,T
4-HA,338,0,4,1205,0,1209,G
4-HA,339,0,1202,0,1,1203,T
4-HA,340,0,1198,0,0,1198,T
4-HA,341,1200,0,1,0,1201,A
4-HA,342,2,0,0,1276,1278,C
4-HA,343,7,0,0,1276,1283,C
4-HA,344,13,0,0,1287,1300,C
4-HA,345,0,1260,0,1,1261,T
4-HA,346,0,1260,0,0,1260,T
4-HA,347,1261,0,0,0,1261,A
4-HA,348,0,1260,1,0,1261,T
4-HA,349,2,2,1258,0,1262,G
4-HA,350,1251,1,4,0,1256,A
4-HA,351,0,1188,0,0,1188,T
4-HA,352,1,0,1207,0,1208,G
4-HA,353,0,1193,0,1,1194,T
4-HA,354,0,1,1187,0,1188,G
4-HA,355,1,0,0,1193,1194,C
4-HA,356,4,1,0,1189,1194,C
4-HA,357,66,6,1136,1,1209,G
4-HA,358,0,5,1220,0,1225,G
4-HA,359,1227,1,0,0,1228,A
4-HA,360,0,1233,0,1,1234,T
4-HA,361,0,1217,0,0,1217,T
4-HA,362,1220,0,7,0,1227,A
4-HA,363,0,1228,0,0,1228,T
4-HA,364,0,2,1228,0,1230,G
4-HA,365,1,1,0,1232,1234,C
4-HA,366,3,0,0,1226,1229,C
4-HA,367,1,1228,1,1,1231,T
4-HA,368,4,0,1,1275,1280,C
4-HA,369,2,0,0,1291,1293,C
4-HA,370,9,0,0,1285,1294,C
4-HA,371,1,1286,0,0,1287,T
4-HA,372,0,1292,0,0,1292,T
4-HA,373,1289,0,0,0,1289,A
4-HA,374,1,6,1311,0,1318,G
4-HA,375,0,1,1322,0,1323,G
4-HA,376,0,1305,0,0,1305,T
4-HA,377,13,0,0,1277,1290,C
4-HA,378,1279,0,1,0,1280,A
4-HA,379,1,0,0,1307,1308,C
4-HA,380,0,1307,0,1,1308,T
4-HA,381,1307,1,3,0,1311,A
4-HA,382,0,0,1315,0,1315,G
4-HA,383,2,1296,0,0,1298,T
4-HA,384,0,1287,0,1,1288,T
4-HA,385,0,1,1306,0,1307,G
4-HA,386,2,2,0,1306,1310,C
4-HA,387,2,0,0,1306,1308,C
4-HA,388,2,1298,0,0,1300,T
4-HA,389,5,0,0,1303,1308,C
4-HA,390,1353,0,0,0,1353,A
4-HA,391,1,1353,0,0,1354,T
4-HA,392,3,0,0,1352,1355,C
4-HA,393,1,3,0,1348,1352,C
4-HA,394,0,5,1342,0,1347,G
4-HA,395,0,0,1365,0,1365,G
4-HA,396,0,0,0,1368,1368,C
4-HA,397,1385,0,0,0,1385,A
4-HA,398,1,1,0,1389,1391,C
4-HA,399,1356,0,0,0,1356,A
4-HA,400,1,0,0,1366,1367,C
4-HA,401,0,1363,0,1,1364,T
4-HA,402,0,6,1361,0,1367,G
4-HA,403,0,5,1375,1,1381,G
4-HA,404,1369,0,0,0,1369,A
4-HA,405,1,1,1390,0,1392,G
4-HA,406,1,1377,0,1,1379,T
4-HA,407,0,1369,0,0,1369,T
4-HA,408,0,1364,0,7,1371,T
4-HA,409,1363,1,0,0,1364,A
4-HA,410,1366,2,0,0,1368,A
4-HA,411,0,0,0,1375,1375,C
4-HA,412,1354,0,1,0,1355,A
4-HA,413,1357,0,0,0,1357,A
4-HA,414,0,1351,0,0,1351,T
4-HA,415,1,6,1344,0,1351,G
4-HA,416,1347,1,0,0,1348,A
4-HA,417,1349,0,0,0,1349,A
4-HA,418,1349,0,1,0,1350,A
4-HA,419,0,0,1359,0,1359,G
4-HA,420,0,0,0,1364,1364,C
4-HA,421,0,1358,0,4,1362,T
4-HA,422,0,1358,0,0,1358,T
4-HA,423,5,1,0,1361,1367,C
4-HA,424,1368,1,1,0,1370,A
4-HA,425,1369,1,3,0,1373,A
4-HA,426,0,1372,0,1,1373,T
4-HA,427,0,1368,0,2,1370,T
4-HA,428,0,10,1389,0,1399,G
4-HA,429,0,10,1410,0,1420,G
4-HA,430,1423,0,2,0,1425,A
4-HA,431,0,2,0,1422,1424,C
4-HA,432,1,1408,0,2,1411,T
4-HA,433,1,9,1410,0,1420,G
4-HA,434,0,3,1423,0,1426,G
4-HA,435,1418,0,4,0,1422,A
4-HA,436,0,1,1423,1,1425,G
4-HA,437,0,1399,0,0,1399,T
4-HA,438,13,0,0,1367,1380,C
4-HA,439,1392,0,0,0,1392,A
4-HA,440,1,0,0,1402,1403,C
4-HA,441,0,1399,0,0,1399,T
4-HA,442,7,1,0,1392,1400,C
4-HA,443,1388,0,0,0,1388,A
4-HA,444,1398,0,0,0,1398,A
4-HA,445,1400,0,0,0,1400,A
4-HA,446,1396,1,2,1,1400,A
4-HA,447,0,4,0,1398,1402,C
4-HA,448,0,4,1386,1,1391,G
4-HA,449,0,4,1413,0,1417,G
4-HA,450,1413,0,2,0,1415,A
4-HA,451,1416,0,2,0,1418,A
4-HA,452,1,2,0,1418,1421,C
4-HA,453,1413,0,1,0,1414,A
4-HA,454,1426,0,0,0,1426,A
4-HA,455,1,0,1432,0,1433,G
4-HA,456,3,0,0,1433,1436,C
4-HA,457,0,1425,0,0,1425,T
4-HA,458,8,1,0,1423,1432,C
4-HA,459,1,1428,0,2,1431,T
4-HA,460,1,0,1437,0,1438,G
4-HA,461,1,0,0,1433,1434,C
4-HA,462,1,1431,0,0,1432,T
4-HA,463,0,1466,0,1,1467,T
4-HA,464,0,0,1490,0,1490,G
4-HA,465,4,0,0,1497,1501,C
4-HA,466,1500,0,0,0,1500,A
4-HA,467,0,1483,0,1,1484,T
4-HA,468,1482,0,0,0,1482,A
4-HA,469,1476,0,1,0,1477,A
4-HA,470,0,5,1473,0,1478,G
4-HA,471,0,4,1475,0,1479,G
4-HA,472,1418,0,0,0,1418,A
4-HA,473,0,3,1404,0,1407,G
4-HA,474,1400,0,1,0,1401,A
4-HA,475,0,1427,0,0,1427,T
4-HA,476,7,0,0,1427,1434,C
4-HA,477,0,1433,0,0,1433,T
4-HA,478,1434,0,0,0,1434,A
4-HA,479,1430,0,0,0,1430,A
4-HA,480,1420,0,0,0,1420,A
4-HA,481,1417,0,0,0,1417,A
4-HA,482,1423,0,1,0,1424,A
4-HA,483,0,1,0,1430,1431,C
4-HA,484,1405,0,1,0,1406,A
4-HA,485,0,0,1420,0,1420,G
4-HA,486,1,1410,1,0,1412,T
4-HA,487,0,1422,0,1,1423,T
4-HA,488,0,1423,1,0,1424,T
4-HA,489,3,0,0,1443,1446,C
4-HA,490,0,1442,0,0,1442,T
4-HA,491,0,1446,1,0,1447,T
4-HA,492,0,1453,0,0,1453,T
4-HA,493,1450,0,0,0,1450,A
4-HA,494,0,1,1450,0,1451,G
4-HA,495,1,1443,0,0,1444,T
4-HA,496,1446,0,0,0,1446,A
4-HA,497,0,7,1439,0,1446,G
4-HA,498,1421,0,0,1,1422,A
4-HA,499,0,1424,0,1,1425,T
4-HA,500,0,1417,0,0,1417,T
4-HA,501,0,7,1430,1,1438,G
4-HA,502,1430,1,0,0,1431,A
4-HA,503,1434,1,0,0,1435,A
4-HA,504,0,1433,0,0,1433,T
4-HA,505,1,1416,0,0,1417,T
4-HA,506,0,3,1422,0,1425,G
4-HA,507,0,3,1424,0,1427,G
4-HA,508,0,1430,0,1,1431,T
4-HA,509,1,1419,0,1,1421,T
4-HA,510,0,12,1391,0,1403,G
4-HA,511,1414,0,1,0,1415,A
4-HA,512,2,0,0,1414,1416,C
4-HA,513,3,1,0,1401,1405,C
4-HA,514,13,7,0,1411,1431,C
4-HA,515,1424,0,1,0,1425,A
4-HA,516,1,0,0,1428,1429,C
4-HA,517,0,1424,0,0,1424,T
4-HA,518,0,1425,0,0,1425,T
4-HA,519,1423,0,0,0,1423,A
4-HA,520,1411,0,0,0,1411,A
4-HA,521,1412,0,1,0,1413,A
4-HA,522,0,0,0,1379,1379,C
4-HA,523,0,1414,1,2,1417,T
4-HA,524,0,1426,0,0,1426,T
4-HA,525,5,0,0,1431,1436,C
4-HA,526,1435,0,0,0,1435,A
4-HA,527,1436,0,0,0,1436,A
4-HA,528,1443,0,0,0,1443,A
4-HA,529,0,1437,0,0,1437,T
4-HA,530,1433,0,4,0,1437,A
4-HA,531,0,0,0,1435,1435,C
4-HA,532,2,1391,0,0,1393,T
4-HA,533,9,0,0,1412,1421,C
4-HA,534,1421,0,1,0,1422,A
4-HA,535,0,1,1489,0,1490,G
4-HA,536,0,1,0,1490,1491,C
4-HA,537,1482,0,0,0,1482,A
4-HA,538,0,1486,0,1,1487,T
4-HA,539,0,1463,0,1,1464,T
4-HA,540,0,13,1511,0,1524,G
4-HA,541,1525,0,2,0,1527,A
4-HA,542,1524,0,2,0,1526,A
4-HA,543,0,0,1,1520,1521,C
4-HA,544,0,2,1485,0,1487,G
4-HA,545,0,1503,0,0,1503,T
4-HA,546,0,9,1494,0,1503,G
4-HA,547,1505,0,1,0,1506,A
4-HA,548,2,1,0,1507,1510,C
4-HA,549,0,1471,0,2,1473,T
4-HA,550,1499,1,0,0,1500,A
4-HA,551,0,1501,0,0,1501,T
4-HA,552,0,1,1516,0,1517,G
4-HA,553,0,2,0,1517,1519,C
4-HA,554,8,1,1,1496,1506,C
4-HA,555,1503,1,0,0,1504,A
4-HA,556,1505,0,0,0,1505,A
4-HA,557,1518,0,0,1,1519,A
4-HA,558,0,0,0,1525,1525,C
4-HA,559,1488,0,1,0,1489,A
4-HA,560,1494,2,0,0,1496,A
4-HA,561,0,1480,1,0,1481,T
4-HA,562,0,8,1480,0,1488,G
4-HA,563,1485,0,1,0,1486,A
4-HA,564,1484,0,1,0,1485,A
4-HA,565,1,0,0,1457,1458,C
4-HA,566,1473,0,0,0,1473,A
4-HA,567,1482,1,0,0,1483,A
4-HA,568,0,1482,1,0,1483,T
4-HA,569,0,1476,1,0,1477,T
4-HA,570,0,1476,1,2,1479,T
4-HA,571,0,15,1466,0,1481,G
4-HA,572,1480,3,1,0,1484,A
4-HA,573,1,0,0,1484,1485,C
4-HA,574,1478,0,1,0,1479,A
4-HA,575,1481,0,1,0,1482,A
4-HA,576,1484,0,0,0,1484,A
4-HA,577,0,1493,0,0,1493,T
4-HA,578,0,1486,1,1,1488,T
4-HA,579,0,1,1508,0,1509,G
4-HA,580,0,1509,0,0,1509,T
4-HA,581,1514,1,1,0,1516,A
4-HA,582,1,0,0,1536,1537,C
4-HA,583,1537,0,0,0,1537,A
4-HA,584,1,1554,0,0,1555,T
4-HA,585,0,1537,1,0,1538,T
4-HA,586,0,1532,1,0,1533,T
4-HA,587,0,11,1521,0,1532,G
4-HA,588,1,11,1510,0,1522,G
4-HA,589,1,6,1518,0,1525,G
4-HA,590,0,13,1508,0,1521,G
4-HA,591,0,4,1490,0,1494,G
4-HA,592,1,0,1541,0,1542,G
4-HA,593,0,1522,0,6,1528,T
4-HA,594,1,1536,0,2,1539,T
4-HA,595,11,0,0,1524,1535,C
4-HA,596,1548,1,1,1,1551,A
4-HA,597,1,2,0,1559,1562,C
4-HA,598,1,0,0,1550,1551,C
4-HA,599,1555,0,3,0,1558,A
4-HA,600,0,0,0,1573,1573,C
4-HA,601,4,1,0,1541,1546,C
4-HA,602,12,0,0,1527,1539,C
4-HA,603,1,2,1535,0,1538,G
4-HA,604,0,7,1562,0,1569,G
4-HA,605,4,2,1566,0,1572,G
4-HA,606,0,1565,0,0,1565,T
4-HA,607,1564,1,1,0,1566,A
4-HA,608,0,4,0,1554,1558,C
4-HA,609,0,3,1543,1,1547,G
4-HA,610,0,5,1554,0,1559,G
4-HA,611,1561,1,0,0,1562,A
4-HA,612,0,1,0,1563,1564,C
4-HA,613,1529,0,0,0,1529,A
4-HA,614,1528,0,0,0,1528,A
4-HA,615,1523,0,0,0,1523,A
4-HA,616,0,5,1546,0,1551,G
4-HA,617,1552,0,3,0,1555,A
4-HA,618,0,0,0,1555,1555,C
4-HA,619,12,0,0,1529,1541,C
4-HA,620,1539,1,1,0,1541,A
4-HA,621,1532,0,1,0,1533,A
4-HA,622,1561,0,0,1,1562,A
4-HA,623,0,1560,0,0,1560,T
4-HA,624,3,0,0,1566,1569,C
4-HA,625,1,1544,0,0,1545,T
4-HA,626,0,1535,1,1,1537,T
4-HA,627,7,0,0,1547,1554,C
4-HA,628,5,0,0,1550,1555,C
4-HA,629,1,1550,0,0,1551,T
4-HA,630,0,3,1564,0,1567,G
4-HA,631,0,1543,0,0,1543,T
4-HA,632,1562,0,0,0,1562,A
4-HA,633,0,1552,0,1,1553,T
4-HA,634,0,2,1556,0,1558,G
4-HA,635,0,1,0,1565,1566,C
4-HA,636,0,1552,0,0,1552,T
4-HA,637,17,3,0,1526,1546,C
4-HA,638,1546,1,0,0,1547,A
4-HA,639,1543,0,2,0,1545,A
4-HA,640,2,2,1551,0,1555,G
4-HA,641,0,1,0,1561,1562,C
4-HA,642,1562,0,0,0,1562,A
4-HA,643,1,1546,0,1,1548,T
4-HA,644,5,1,0,1533,1539,C
4-HA,645,1538,0,1,0,1539,A
4-HA,646,0,3,1545,0,1548,G
4-HA,647,0,5,1543,0,1548,G
4-HA,648,1552,1,0,0,1553,A
4-HA,649,1537,0,4,0,1541,A
4-HA,650,0,7,1557,0,1564,G
4-HA,651,1556,0,0,0,1556,A
4-HA,652,1567,0,1,0,1568,A
4-HA,653,1,1581,0,1,1583,T
4-HA,654,12,2,0,1569,1583,C
4-HA,655,1575,0,0,0,1575,A
4-HA,656,1,0,0,1574,1575,C
4-HA,657,1576,0,0,0,1576,A
4-HA,658,1,0,1600,0,1601,G
4-HA,659,0,1567,0,0,1567,T
4-HA,660,5,1,0,1575,1581,C
4-HA,661,0,1558,0,5,1563,T
4-HA,662,7,0,0,1576,1583,C
4-HA,663,1,1582,0,1,1584,T
4-HA,664,1593,0,1,0,1594,A
4-HA,665,1,2,0,1587,1590,C
4-HA,666,9,0,0,1580,1589,C
4-HA,667,1555,0,0,0,1555,A
4-HA,668,1563,0,0,0,1563,A
4-HA,669,1551,1,0,0,1552,A
4-HA,670,1552,2,1,0,1555,A
4-HA,671,1,5,1540,0,1546,G
4-HA,672,1520,0,0,0,1520,A
4-HA,673,1504,2,0,0,1506,A
4-HA,674,1,1,1513,0,1515,G
4-HA,675,0,1,0,1515,1516,C
4-HA,676,4,1,1,1510,1516,C
4-HA,677,1517,0,0,0,1517,A
4-HA,678,1520,5,0,0,1525,A
4-HA,679,2,1,0,1525,1528,C
4-HA,680,1526,0,1,0,1527,A
4-HA,681,1527,1,0,5,1533,A
4-HA,682,1534,0,0,0,1534,A
4-HA,683,1,0,0,1554,1555,C
4-HA,684,0,1543,0,1,1544,T
4-HA,685,1,0,1550,0,1551,G
4-HA,686,0,1539,0,1,1540,T
4-HA,687,1541,0,2,0,1543,A
4-HA,688,1545,0,0,0,1545,A
4-HA,689,0,1531,0,0,1531,T
4-HA,690,3,0,0,1534,1537,C
4-HA,691,6,0,0,1528,1534,C
4-HA,692,16,0,0,1509,1525,C
4-HA,693,0,7,1520,0,1527,G
4-HA,694,1523,0,1,0,1524,A
4-HA,695,1531,0,0,0,1531,A
4-HA,696,0,1531,0,1,1532,T
4-HA,697,1525,0,0,0,1525,A
4-HA,698,0,1522,0,1,1523,T
4-HA,699,4,0,0,1508,1512,C
4-HA,700,1,4,1504,0,1509,G
4-HA,701,0,2,1537,0,1539,G
4-HA,702,1546,0,0,0,1546,A
4-HA,703,1,1549,0,1,1551,T
4-HA,704,1,0,0,1554,1555,C
4-HA,705,0,1549,0,1,1550,T
4-HA,706,1542,0,2,0,1544,A
4-HA,707,0,5,1547,0,1552,G
4-HA,708,1561,0,1,0,1562,A
4-HA,709,1,0,0,1554,1555,C
4-HA,710,5,0,0,1500,1505,C
4-HA,711,8,0,0,1503,1511,C
4-HA,712,1499,1,1,0,1501,A
4-HA,713,0,8,1562,0,1570,G
4-HA,714,1567,0,1,0,1568,A
4-HA,715,0,2,1585,0,1587,G
4-HA,716,0,1563,0,0,1563,T
4-HA,717,1568,0,0,0,1568,A
4-HA,718,1568,0,0,0,1568,A
4-HA,719,0,2,1600,0,1602,G
4-HA,720,0,7,1603,0,1610,G
4-HA,721,1573,1,1,0,1575,A
4-HA,722,1477,0,0,0,1477,A
4-HA,723,0,1465,0,4,1469,T
4-HA,724,1463,1,0,0,1464,A
4-HA,725,0,1463,1,1,1465,T
4-HA,726,2,0,0,1484,1486,C
4-HA,727,6,0,0,1473,1479,C
4-HA,728,22,0,0,1423,1445,C
4-HA,729,0,1440,0,0,1440,T
4-HA,730,1445,0,0,0,1445,A
4-HA,731,0,1,1448,0,1449,G
4-HA,732,0,0,0,1446,1446,C
4-HA,733,1410,0,2,0,1412,A
4-HA,734,0,8,1433,0,1441,G
4-HA,735,1419,0,0,0,1419,A
4-HA,736,1421,0,1,1,1423,A
4-HA,737,0,1418,0,0,1418,T
4-HA,738,1416,0,0,0,1416,A
4-HA,739,1424,0,0,0,1424,A
4-HA,740,0,0,1421,1,1422,G
4-HA,741,1,0,0,1419,1420,C
4-HA,742,1423,0,1,0,1424,A
4-HA,743,0,1393,0,0,1393,T
4-HA,744,3,0,1,1454,1458,C
4-HA,745,0,1457,0,0,1457,T
4-HA,746,1463,2,0,0,1465,A
4-HA,747,1,1462,0,0,1463,T
4-HA,748,0,1456,0,1,1457,T
4-HA,749,1,7,1461,0,1469,G
4-HA,750,0,11,1453,0,1464,G
4-HA,751,1464,0,2,0,1466,A
4-HA,752,1,0,1,1460,1462,C
4-HA,753,1353,0,0,2,1355,A
4-HA,754,1391,2,0,0,1393,A
4-HA,755,1,1439,0,0,1440,T
4-HA,756,1453,0,1,1,1455,A
4-HA,757,0,2,1465,0,1467,G
4-HA,758,0,1445,0,1,1446,T
4-HA,759,1446,0,0,1,1447,A
4-HA,760,1456,0,0,1,1457,A
4-HA,761,1474,1,0,1,1476,A
4-HA,762,1493,0,0,0,1493,A
4-HA,763,0,0,0,1503,1503,C
4-HA,764,7,1,0,1419,1427,C
4-HA,765,1,8,1411,0,1420,G
4-HA,766,0,6,1411,1,1418,G
4-HA,767,0,6,1428,0,1434,G
4-HA,768,1436,0,1,0,1437,A
4-HA,769,1,7,1442,0,1450,G
4-HA,770,1468,1,1,0,1470,A
4-HA,771,0,0,0,1474,1474,C
4-HA,772,1469,0,0,0,1469,A
4-HA,773,0,1467,1,1,1469,T
4-HA,774,1472,1,1,0,1474,A
4-HA,775,1,0,0,1498,1499,C
4-HA,776,0,1477,0,4,1481,T
4-HA,777,2,1487,0,1,1490,T
4-HA,778,0,1494,1,0,1495,T
4-HA,779,0,1492,0,0,1492,T
4-HA,780,1,7,1498,1,1507,G
4-HA,781,1513,0,0,1,1514,A
4-HA,782,0,1512,0,1,1513,T
4-HA,783,0,1564,0,0,1564,T
4-HA,784,1551,0,0,0,1551,A
4-HA,785,1568,0,1,0,1569,A
4-HA,786,1,0,0,1584,1585,C
4-HA,787,1568,0,0,0,1568,A
4-HA,788,0,2,1633,0,1635,G
4-HA,789,1,0,0,1633,1634,C
4-HA,790,1629,1,2,0,1632,A
4-HA,791,1,0,0,1638,1639,C
4-HA,792,1620,0,0,0,1620,A
4-HA,793,0,13,1620,1,1634,G
4-HA,794,0,4,1629,1,1634,G
4-HA,795,0,10,1672,0,1682,G
4-HA,796,1667,1,1,0,1669,A
4-HA,797,1668,0,3,0,1671,A
4-HA,798,0,1669,0,0,1669,T
4-HA,799,7,0,0,1669,1676,C
4-HA,800,0,1679,0,1,1680,T
4-HA,801,1695,0,1,0,1696,A
4-HA,802,1691,0,0,0,1691,A
4-HA,803,0,1691,0,0,1691,T
4-HA,804,3,1654,0,0,1657,T
4-HA,805,1,3,1676,0,1680,G
4-HA,806,0,1,0,1743,1744,C
4-HA,807,0,1786,0,2,1788,T
4-HA,808,13,1,0,1819,1833,C
4-HA,809,3,0,0,1838,1841,C
4-HA,810,1,1835,0,2,1838,T
4-HA,811,1848,0,1,0,1849,A
4-HA,812,0,14,1837,1,1852,G
4-HA,813,0,18,1857,0,1875,G
4-HA,814,0,8,1859,1,1868,G
4-HA,815,0,4,1847,0,1851,G
4-HA,816,0,1785,0,1,1786,T
4-HA,817,0,1773,0,0,1773,T
4-HA,818,1778,0,0,0,1778,A
4-HA,819,1,0,0,1790,1791,C
4-HA,820,1,1785,0,1,1787,T
4-HA,821,0,1793,0,1,1794,T
4-HA,822,6,1,0,1785,1792,C
4-HA,823,1790,0,0,0,1790,A
4-HA,824,1792,0,0,1,1793,A
4-HA,825,1795,0,0,0,1795,A
4-HA,826,1807,0,3,0,1810,A
4-HA,827,1,1804,0,0,1805,T
4-HA,828,1786,0,1,0,1787,A
4-HA,829,2,1,0,1784,1787,C
4-HA,830,0,3,1775,0,1778,G
4-HA,831,1783,0,1,0,1784,A
4-HA,832,1782,0,1,1,1784,A
4-HA,833,0,1,1810,0,1811,G
4-HA,834,0,1808,1,1,1810,T
4-HA,835,1,9,1804,0,1814,G
4-HA,836,0,8,1807,0,1815,G
4-HA,837,0,5,1821,0,1826,G
4-HA,838,1819,0,2,0,1821,A
4-HA,839,1821,0,0,0,1821,A
4-HA,840,1827,1,0,0,1828,A
4-HA,841,1819,0,2,0,1821,A
4-HA,842,0,1,1844,0,1845,G
4-HA,843,0,1,0,1845,1846,C
4-HA,844,0,1829,0,2,1831,T
4-HA,845,15,0,2,1832,1849,C
4-HA,846,1847,1,0,0,1848,A
4-HA,847,1871,0,1,0,1872,A
4-HA,848,1,1875,0,0,1876,T
4-HA,849,1892,0,0,0,1892,A
4-HA,850,1890,0,1,0,1891,A
4-HA,851,0,1862,0,0,1862,T
4-HA,852,0,11,1848,1,1860,G
4-HA,853,1850,0,3,0,1853,A
4-HA,854,1,7,1901,0,1909,G
4-HA,855,1907,0,1,0,1908,A
4-HA,856,0,1894,0,0,1894,T
4-HA,857,2,0,0,1931,1933,C
4-HA,858,1926,0,0,1,1927,A
4-HA,859,0,1,1985,0,1986,G
4-HA,860,1985,0,2,0,1987,A
4-HA,861,0,1981,0,3,1984,T
4-HA,862,1,2,1978,0,1981,G
4-HA,863,0,0,0,1945,1945,C
4-HA,864,1943,1,3,0,1947,A
4-HA,865,4,1,0,1979,1984,C
4-HA,866,10,0,1,1957,1968,C
4-HA,867,15,1,0,1953,1969,C
4-HA,868,1933,0,1,1,1935,A
4-HA,869,1,1930,0,0,1931,T
4-HA,870,1,1928,0,0,1929,T
4-HA,871,2,9,1934,1,1946,G
4-HA,872,2,2,1934,0,1938,G
4-HA,873,4,0,0,1943,1947,C
4-HA,874,1907,0,1,1,1909,A
4-HA,875,1895,0,0,0,1895,A
4-HA,876,1919,0,0,0,1919,A
4-HA,877,0,1915,1,1,1917,T
4-HA,878,0,2,1914,0,1916,G
4-HA,879,3,1,0,1912,1916,C
4-HA,880,1910,0,0,0,1910,A
4-HA,881,1976,0,0,0,1976,A
4-HA,882,0,1977,0,0,1977,T
4-HA,883,0,1987,0,0,1987,T
4-HA,884,3,1,0,1991,1995,C
4-HA,885,3,1961,0,1,1965,T
4-HA,886,2,12,1968,0,1982,G
4-HA,887,1979,0,0,1,1980,A
4-HA,888,1990,0,0,0,1990,A
4-HA,889,0,1987,0,1,1988,T
4-HA,890,1,3,1952,0,1956,G
4-HA,891,0,0,0,1963,1963,C
4-HA,892,1961,0,0,0,1961,A
4-HA,893,0,1961,0,1,1962,T
4-HA,894,10,1,0,1949,1960,C
4-HA,895,1955,0,0,1,1956,A
4-HA,896,3,0,0,2021,2024,C
4-HA,897,0,2015,0,4,2019,T
4-HA,898,10,0,0,2004,2014,C
4-HA,899,7,0,0,2008,2015,C
4-HA,900,2024,0,3,1,2028,A
4-HA,901,2027,0,0,1,2028,A
4-HA,902,2024,1,0,0,2025,A
4-HA,903,1,1945,0,1,1947,T
4-HA,904,1,9,1953,0,1963,G
4-HA,905,1,2,1962,0,1965,G
4-HA,906,1966,0,1,0,1967,A
4-HA,907,1959,0,2,1,1962,A
4-HA,908,1,1,1970,0,1972,G
4-HA,909,6,0,0,1937,1943,C
4-HA,910,1939,0,0,0,1939,A
4-HA,911,1,1941,0,0,1942,T
4-HA,912,0,1945,0,1,1946,T
4-HA,913,5,1,0,2017,2023,C
4-HA,914,0,3,0,2006,2009,C
4-HA,915,19,1,2,1988,2010,C
4-HA,916,2005,1,0,0,2006,A
4-HA,917,2033,0,0,0,2033,A
4-HA,918,0,2067,0,1,2068,T
4-HA,919,0,14,2051,0,2065,G
4-HA,920,2061,1,1,1,2064,A
4-HA,921,0,1,0,2066,2067,C
4-HA,922,2012,1,0,0,2013,A
4-HA,923,2014,0,0,0,2014,A
4-HA,924,2010,1,2,0,2013,A
4-HA,925,1,0,0,2043,2044,C
4-HA,926,4,1,1,2017,2023,C
4-HA,927,1983,0,0,0,1983,A
4-HA,928,1,1983,0,0,1984,T
4-HA,929,0,1984,0,1,1985,T
4-HA,930,5,1,0,1984,1990,C
4-HA,931,2,1,1,1989,1993,C
4-HA,932,1984,1,3,0,1988,A
4-HA,933,1986,0,0,0,1986,A
4-HA,934,1976,0,0,0,1976,A
4-HA,935,2009,1,0,0,2010,A
4-HA,936,1,2001,0,0,2002,T
4-HA,937,0,5,2014,0,2019,G
4-HA,938,0,2013,0,0,2013,T
4-HA,939,2029,1,0,0,2030,A
4-HA,940,2033,0,1,0,2034,A
4-HA,941,2034,1,0,0,2035,A
4-HA,942,3,0,0,2041,2044,C
4-HA,943,2015,0,1,0,2016,A
4-HA,944,0,5,2038,0,2043,G
4-HA,945,0,9,2050,0,2059,G
4-HA,946,2103,0,0,0,2103,A
4-HA,947,0,2097,0,2,2099,T
4-HA,948,11,1,0,2104,2116,C
4-HA,949,2124,0,2,1,2127,A
4-HA,950,0,0,0,2206,2206,C
4-HA,951,2206,2,1,0,2209,A
4-HA,952,0,2275,0,0,2275,T
4-HA,953,2236,0,0,0,2236,A
4-HA,954,1,0,0,2223,2224,C
4-HA,955,1,19,2146,1,2167,G
4-HA,956,2,12,2166,0,2180,G
4-HA,957,1,10,2149,0,2160,G
4-HA,958,1,1,2171,0,2173,G
4-HA,959,2,0,0,2133,2135,C
4-HA,960,9,1,0,2119,2129,C
4-HA,961,0,2082,0,3,2085,T
4-HA,962,1,3,2288,0,2292,G
4-HA,963,0,2296,0,2,2298,T
4-HA,964,8,0,1,2304,2313,C
4-HA,965,10,1,1,2299,2311,C
4-HA,966,12,1,0,2293,2306,C
4-HA,967,2300,0,1,0,2301,A
4-HA,968,0,6,2309,0,2315,G
4-HA,969,2308,1,0,0,2309,A
4-HA,970,1,2301,1,0,2303,T
4-HA,971,2178,0,2,0,2180,A
4-HA,972,0,2136,0,0,2136,T
4-HA,973,0,4,2133,0,2137,G
4-HA,974,0,2126,1,1,2128,T
4-HA,975,1,2084,0,0,2085,T
4-HA,976,2105,1,0,0,2106,A
4-HA,977,2078,0,0,0,2078,A
4-HA,978,0,6,2085,0,2091,G
4-HA,979,1,1,0,2086,2088,C
4-HA,980,2055,0,0,0,2055,A
4-HA,981,2048,0,0,1,2049,A
4-HA,982,2044,0,2,0,2046,A
4-HA,983,2047,0,6,0,2053,A
4-HA,984,2,0,0,2059,2061,C
4-HA,985,2042,0,0,0,2042,A
4-HA,986,0,0,0,2058,2058,C
4-HA,987,0,2032,0,1,2033,T
4-HA,988,6,0,0,2040,2046,C
4-HA,989,0,2040,1,3,2044,T
4-HA,990,0,6,2059,0,2065,G
4-HA,991,2065,0,1,0,2066,A
4-HA,992,2064,0,2,0,2066,A
4-HA,993,2060,0,2,0,2062,A
4-HA,994,0,2047,1,0,2048,T
4-HA,995,0,2032,1,1,2034,T
4-HA,996,1,8,2051,0,2060,G
4-HA,997,2,0,2056,0,2058,G
4-HA,998,1,1,0,2062,2064,C
4-HA,999,2047,0,0,0,2047,A
4-HA,1000,2047,0,2,0,2049,A
4-HA,1001,0,0,0,2056,2056,C
4-HA,1002,2052,0,0,0,2052,A
4-HA,1003,0,20,2051,0,2071,G
4-HA,1004,0,8,2051,0,2059,G
4-HA,1005,0,7,2029,0,2036,G
4-HA,1006,2037,0,5,0,2042,A
4-HA,1007,1,2031,0,0,2032,T
4-HA,1008,0,1,2033,0,2034,G
4-HA,1009,1,0,0,2027,2028,C
4-HA,1010,2,8,2028,0,2038,G
4-HA,1011,2054,0,1,0,2055,A
4-HA,1012,2016,3,1,0,2020,A
4-HA,1013,2041,0,1,0,2042,A
4-HA,1014,0,2023,0,0,2023,T
4-HA,1015,3,1,2065,0,2069,G
4-HA,1016,0,2069,0,0,2069,T
4-HA,1017,2060,0,3,0,2063,A
4-HA,1018,2,0,0,2058,2060,C
4-HA,1019,11,1,0,2031,2043,C
4-HA,1020,2013,1,2,0,2016,A
4-HA,1021,0,10,2008,0,2018,G
4-HA,1022,1964,0,0,0,1964,A
4-HA,1023,0,3,1981,0,1984,G
4-HA,1024,1949,0,0,1,1950,A
4-HA,1025,1943,0,1,0,1944,A
4-HA,1026,1951,1,2,0,1954,A
4-HA,1027,0,0,0,1952,1952,C
4-HA,1028,1931,1,0,0,1932,A
4-HA,1029,1950,0,0,0,1950,A
4-HA,1030,1932,0,1,0,1933,A
4-HA,1031,0,1,0,1949,1950,C
4-HA,1032,0,1934,0,1,1935,T
4-HA,1033,1909,0,0,0,1909,A
4-HA,1034,0,3,1907,0,1910,G
4-HA,1035,1905,0,0,0,1905,A
4-HA,1036,2,7,1932,1,1942,G
4-HA,1037,0,1,1934,0,1935,G
4-HA,1038,1,1,0,1910,1912,C
4-HA,1039,1915,0,2,0,1917,A
4-HA,1040,0,1910,0,0,1910,T
4-HA,1041,1927,0,0,0,1927,A
4-HA,1042,0,1907,0,0,1907,T
4-HA,1043,0,1909,0,2,1911,T
4-HA,1044,0,1914,0,0,1914,T
4-HA,1045,0,5,1842,1,1848,G
4-HA,1046,4,0,1852,0,1856,G
4-HA,1047,1,1,0,1842,1844,C
4-HA,1048,0,0,1845,1,1846,G
4-HA,1049,3,0,0,1831,1834,C
4-HA,1050,1825,0,0,0,1825,A
4-HA,1051,1843,0,0,0,1843,A
4-HA,1052,2,1831,0,2,1835,T
4-HA,1053,2,1,0,1836,1839,C
4-HA,1054,0,2,1839,0,1841,G
4-HA,1055,2,1,0,1827,1830,C
4-HA,1056,0,10,1822,1,1833,G
4-HA,1057,1,6,1847,0,1854,G
4-HA,1058,0,1,1863,0,1864,G
4-HA,1059,1,1849,0,1,1851,T
4-HA,1060,0,1824,0,0,1824,T
4-HA,1061,0,1824,0,1,1825,T
4-HA,1062,6,2,0,1820,1828,C
4-HA,1063,1828,2,0,0,1830,A
4-HA,1064,0,1829,0,1,1830,T
4-HA,1065,1830,0,2,0,1832,A
4-HA,1066,0,5,1842,0,1847,G
4-HA,1067,1806,0,0,1,1807,A
4-HA,1068,1809,1,0,0,1810,A
4-HA,1069,1808,0,0,0,1808,A
4-HA,1070,1814,1,0,0,1815,A
4-HA,1071,0,1818,0,0,1818,T
4-HA,1072,1,8,1823,0,1832,G
4-HA,1073,0,2,1833,0,1835,G
4-HA,1074,1,1822,0,0,1823,T
4-HA,1075,0,1779,1,0,1780,T
4-HA,1076,1,11,1774,0,1786,G
4-HA,1077,0,2,1802,0,1804,G
4-HA,1078,0,11,1798,0,1809,G
4-HA,1079,1782,0,2,0,1784,A
4-HA,1080,0,10,1781,0,1791,G
4-HA,1081,2,5,1759,0,1766,G
4-HA,1082,1,6,1804,0,1811,G
4-HA,1083,1800,0,0,1,1801,A
4-HA,1084,1817,1,2,0,1820,A
4-HA,1085,0,1818,0,1,1819,T
4-HA,1086,2,8,1808,0,1818,G
4-HA,1087,0,2,1849,0,1851,G
4-HA,1088,0,1821,0,2,1823,T
4-HA,1089,1,16,1800,0,1817,G
4-HA,1090,1,0,1806,0,1807,G
4-HA,1091,1754,0,9,0,1763,A
4-HA,1092,0,1769,0,1,1770,T
4-HA,1093,0,11,1784,0,1795,G
4-HA,1094,0,0,1811,0,1811,G
4-HA,1095,0,1789,0,0,1789,T
4-HA,1096,0,1742,1,1,1744,T
4-HA,1097,1,10,1732,1,1744,G
4-HA,1098,0,0,1766,1,1767,G
4-HA,1099,0,1765,0,1,1766,T
4-HA,1100,1767,0,0,0,1767,A
4-HA,1101,5,4,0,1671,1680,C
4-HA,1102,0,7,1685,0,1692,G
4-HA,1103,0,1,1741,0,1742,G
4-HA,1104,0,1739,0,2,1741,T
4-HA,1105,0,1742,0,2,1744,T
4-HA,1106,0,1735,0,0,1735,T
4-HA,1107,13,0,0,1705,1718,C
4-HA,1108,1709,2,2,0,1713,A
4-HA,1109,1,2,1708,0,1711,G
4-HA,1110,0,0,1713,0,1713,G
4-HA,1111,3,0,0,1701,1704,C
4-HA,1112,1661,0,0,0,1661,A
4-HA,1113,0,1680,0,0,1680,T
4-HA,1114,6,0,0,1671,1677,C
4-HA,1115,1681,0,0,0,1681,A
4-HA,1116,1679,0,1,0,1680,A
4-HA,1117,1675,1,1,0,1677,A
4-HA,1118,1687,0,0,0,1687,A
4-HA,1119,0,1685,0,0,1685,T
4-HA,1120,1,1681,0,1,1683,T
4-HA,1121,6,0,0,1681,1687,C
4-HA,1122,0,1672,0,0,1672,T
4-HA,1123,0,6,1669,0,1675,G
4-HA,1124,1668,1,3,1,1673,A
4-HA,1125,0,13,1668,0,1681,G
4-HA,1126,4,5,1671,0,1680,G
4-HA,1127,0,7,1688,0,1695,G
4-HA,1128,1693,0,0,0,1693,A
4-HA,1129,1691,0,2,0,1693,A
4-HA,1130,0,8,1669,0,1677,G
4-HA,1131,1693,0,3,1,1697,A
4-HA,1132,0,9,1699,0,1708,G
4-HA,1133,0,5,1716,0,1721,G
4-HA,1134,1712,0,4,0,1716,A
4-HA,1135,0,0,0,1712,1712,C
4-HA,1136,1702,0,2,0,1704,A
4-HA,1137,1696,0,1,1,1698,A
4-HA,1138,0,0,1707,0,1707,G
4-HA,1139,0,0,0,1708,1708,C
4-HA,1140,1682,0,0,0,1682,A
4-HA,1141,0,0,1686,0,1686,G
4-HA,1142,2,1,0,1677,1680,C
4-HA,1143,1675,0,1,0,1676,A
4-HA,1144,0,7,1686,0,1693,G
4-HA,1145,1669,1,2,0,1672,A
4-HA,1146,0,1702,0,1,1703,T
4-HA,1147,8,1,0,1705,1714,C
4-HA,1148,1,1697,0,2,1700,T
4-HA,1149,5,0,0,1710,1715,C
4-HA,1150,1705,1,3,1,1710,A
4-HA,1151,1703,0,0,0,1703,A
4-HA,1152,1705,0,0,1,1706,A
4-HA,1153,1681,0,5,0,1686,A
4-HA,1154,0,0,1695,0,1695,G
4-HA,1155,0,1,0,1672,1673,C
4-HA,1156,1661,0,0,0,1661,A
4-HA,1157,0,3,0,1694,1697,C
4-HA,1158,0,1687,0,1,1688,T
4-HA,1159,5,0,0,1689,1694,C
4-HA,1160,1692,0,0,0,1692,A
4-HA,1161,1727,0,2,0,1729,A
4-HA,1162,0,2,1731,0,1733,G
4-HA,1163,0,3,0,1718,1721,C
4-HA,1164,1715,0,0,0,1715,A
4-HA,1165,0,2,1724,0,1726,G
4-HA,1166,1,1,0,1700,1702,C
4-HA,1167,1694,0,0,1,1695,A
4-HA,1168,1696,0,1,0,1697,A
4-HA,1169,0,1689,0,1,1690,T
4-HA,1170,4,0,0,1640,1644,C
4-HA,1171,1,7,1641,0,1649,G
4-HA,1172,1648,0,0,0,1648,A
4-HA,1173,1,1638,0,1,1640,T
4-HA,1174,11,1,0,1622,1634,C
4-HA,1175,1633,0,1,0,1634,A
4-HA,1176,1662,0,0,0,1662,A
4-HA,1177,1663,1,0,0,1664,A
4-HA,1178,0,1657,0,2,1659,T
4-HA,1179,7,0,0,1663,1670,C
4-HA,1180,1653,0,2,1,1656,A
4-HA,1181,1671,0,0,0,1671,A
4-HA,1182,0,1669,0,2,1671,T
4-HA,1183,0,12,1667,0,1679,G
4-HA,1184,0,7,1669,0,1676,G
4-HA,1185,0,4,1653,0,1657,G
4-HA,1186,1665,0,0,0,1665,A
4-HA,1187,1662,0,1,0,1663,A
4-HA,1188,0,0,1680,0,1680,G
4-HA,1189,1,0,0,1680,1681,C
4-HA,1190,0,1679,0,1,1680,T
4-HA,1191,8,7,1733,0,1748,G
4-HA,1192,1750,1,1,0,1752,A
4-HA,1193,1753,0,2,0,1755,A
4-HA,1194,0,1755,0,0,1755,T
4-HA,1195,1702,0,0,0,1702,A
4-HA,1196,0,1,1698,0,1699,G
4-HA,1197,1612,0,0,0,1612,A
4-HA,1198,0,1609,0,1,1610,T
4-HA,1199,1,1618,0,0,1619,T
4-HA,1200,0,16,1610,0,1626,G
4-HA,1201,1618,2,1,0,1621,A
4-HA,1202,0,1619,0,0,1619,T
4-HA,1203,13,0,0,1612,1625,C
4-HA,1204,2,5,1619,0,1626,G
4-HA,1205,0,4,1622,0,1626,G
4-HA,1206,0,7,1624,0,1631,G
4-HA,1207,1628,0,0,0,1628,A
4-HA,1208,1624,0,0,0,1624,A
4-HA,1209,1619,2,1,0,1622,A
4-HA,1210,1632,0,1,0,1633,A
4-HA,1211,0,0,0,1637,1637,C
4-HA,1212,9,2,0,1628,1639,C
4-HA,1213,1615,1,0,0,1616,A
4-HA,1214,1618,0,0,0,1618,A
4-HA,1215,3,0,0,1617,1620,C
4-HA,1216,1,11,1618,0,1630,G
4-HA,1217,1625,1,0,0,1626,A
4-HA,1218,0,4,1622,1,1627,G
4-HA,1219,1625,0,0,0,1625,A
4-HA,1220,1626,0,1,0,1627,A
4-HA,1221,1630,0,0,0,1630,A
4-HA,1222,0,1633,0,1,1634,T
4-HA,1223,0,1630,0,3,1633,T
4-HA,1224,12,0,0,1628,1640,C
4-HA,1225,7,0,1,1629,1637,C
4-HA,1226,1638,0,0,0,1638,A
4-HA,1227,1,1631,0,0,1632,T
4-HA,1228,6,1,0,1631,1638,C
4-HA,1229,1626,0,0,0,1626,A
4-HA,1230,0,4,1633,0,1637,G
4-HA,1231,1627,0,0,0,1627,A
4-HA,1232,1,1629,0,0,1630,T
4-HA,1233,1,1613,0,1,1615,T
4-HA,1234,0,4,1623,0,1627,G
4-HA,1235,1623,1,1,0,1625,A
4-HA,1236,1614,0,11,0,1625,A
4-HA,1237,1626,0,3,0,1629,A
4-HA,1238,1626,0,2,0,1628,A
4-HA,1239,1614,0,3,0,1617,A
4-HA,1240,0,2,1619,0,1621,G
4-HA,1241,1617,0,0,0,1617,A
4-HA,1242,1621,0,4,0,1625,A
4-HA,1243,0,1602,0,0,1602,T
4-HA,1244,0,1602,0,0,1602,T
4-HA,1245,4,0,0,1602,1606,C
4-HA,1246,0,1601,0,0,1601,T
4-HA,1247,5,0,0,1595,1600,C
4-HA,1248,1603,0,0,0,1603,A
4-HA,1249,0,2,1600,0,1602,G
4-HA,1250,1598,0,0,1,1599,A
4-HA,1251,1591,0,0,0,1591,A
4-HA,1252,0,2,1611,0,1613,G
4-HA,1253,1,1605,0,0,1606,T
4-HA,1254,9,0,0,1588,1597,C
4-HA,1255,1,1,1597,0,1599,G
4-HA,1256,1598,0,0,0,1598,A
4-HA,1257,1599,0,1,0,1600,A
4-HA,1258,0,12,1584,0,1596,G
4-HA,1259,0,7,1595,0,1602,G
4-HA,1260,1,5,1601,0,1607,G
4-HA,1261,1571,0,4,0,1575,A
4-HA,1262,3,5,1572,0,1580,G
4-HA,1263,1573,0,0,0,1573,A
4-HA,1264,1669,0,0,0,1669,A
4-HA,1265,0,1670,0,1,1671,T
4-HA,1266,1,1662,0,2,1665,T
4-HA,1267,12,0,0,1651,1663,C
4-HA,1268,1633,1,1,0,1635,A
4-HA,1269,0,5,1633,0,1638,G
4-HA,1270,0,7,1633,1,1641,G
4-HA,1271,1639,0,1,0,1640,A
4-HA,1272,1,0,0,1642,1643,C
4-HA,1273,5,1,0,1527,1533,C
4-HA,1274,0,1525,0,1,1526,T
4-HA,1275,1,1497,0,32,1530,T
4-HA,1276,0,7,1532,0,1539,G
4-HA,1277,1538,0,3,0,1541,A
4-HA,1278,0,2,1569,0,1571,G
4-HA,1279,1556,0,2,0,1558,A
4-HA,1280,1501,0,2,0,1503,A
4-HA,1281,1499,0,0,0,1499,A
4-HA,1282,0,1483,0,0,1483,T
4-HA,1283,1518,0,8,0,1526,A
4-HA,1284,1,1511,1,3,1516,T
4-HA,1285,0,0,1554,0,1554,G
4-HA,1286,0,1549,0,0,1549,T
4-HA,1287,0,1515,0,1,1516,T
4-HA,1288,0,4,1518,0,1522,G
4-HA,1289,1510,0,0,0,1510,A
4-HA,1290,0,10,1514,0,1524,G
4-HA,1291,0,12,1502,0,1514,G
4-HA,1292,1508,0,1,0,1509,A
4-HA,1293,2,2,0,1554,1558,C
4-HA,1294,1529,0,1,0,1530,A
4-HA,1295,1,0,0,1525,1526,C
4-HA,1296,0,1516,0,0,1516,T
4-HA,1297,1571,0,0,1,1572,A
4-HA,1298,1588,0,0,0,1588,A
4-HA,1299,1588,0,1,1,1590,A
4-HA,1300,1596,0,1,0,1597,A
4-HA,1301,1,1596,0,0,1597,T
4-HA,1302,1546,0,1,0,1547,A
4-HA,1303,0,5,1558,1,1564,G
4-HA,1304,1505,0,2,0,1507,A
4-HA,1305,0,1507,0,2,1509,T
4-HA,1306,2,0,0,1504,1506,C
4-HA,1307,0,1489,1,1,1491,T
4-HA,1308,4,0,1,1519,1524,C
4-HA,1309,0,1516,0,0,1516,T
4-HA,1310,1,9,1542,0,1552,G
4-HA,1311,0,0,1571,0,1571,G
4-HA,1312,0,1558,0,0,1558,T
4-HA,1313,14,0,0,1549,1563,C
4-HA,1314,1562,0,1,0,1563,A
4-HA,1315,0,1568,0,1,1569,T
4-HA,1316,1571,0,0,0,1571,A
4-HA,1317,1,1,0,1569,1571,C
4-HA,1318,1531,0,2,0,1533,A
4-HA,1319,1547,0,0,0,1547,A
4-HA,1320,1,2,0,1498,1501,C
4-HA,1321,2,0,1500,0,1502,G
4-HA,1322,3,2,0,1492,1497,C
4-HA,1323,0,5,1485,0,1490,G
4-HA,1324,0,7,1485,0,1492,G
4-HA,1325,1487,1,1,0,1489,A
4-HA,1326,0,0,1508,0,1508,G
4-HA,1327,1,0,0,1510,1511,C
4-HA,1328,0,1500,0,1,1501,T
4-HA,1329,0,1511,0,2,1513,T
4-HA,1330,2,0,0,1517,1519,C
4-HA,1331,1,1522,0,0,1523,T
4-HA,1332,0,1524,0,2,1526,T
4-HA,1333,0,1,1524,0,1525,G
4-HA,1334,1,1516,0,4,1521,T
4-HA,1335,1,1502,0,2,1505,T
4-HA,1336,1,1,1532,0,1534,G
4-HA,1337,0,0,0,1535,1535,C
4-HA,1338,8,0,0,1519,1527,C
4-HA,1339,17,0,0,1524,1541,C
4-HA,1340,0,1534,0,2,1536,T
4-HA,1341,0,1,1542,0,1543,G
4-HA,1342,0,4,1537,0,1541,G
4-HA,1343,1545,0,1,0,1546,A
4-HA,1344,0,5,1547,0,1552,G
4-HA,1345,1521,0,0,0,1521,A
4-HA,1346,1523,1,1,0,1525,A
4-HA,1347,1,0,0,1549,1550,C
4-HA,1348,10,2,0,1531,1543,C
4-HA,1349,1536,0,0,0,1536,A
4-HA,1350,1576,1,0,0,1577,A
4-HA,1351,1,1,0,1577,1579,C
4-HA,1352,1584,0,0,1,1585,A
4-HA,1353,0,1577,0,1,1578,T
4-HA,1354,1572,1,1,1,1575,A
4-HA,1355,6,1,0,1599,1606,C
4-HA,1356,1572,0,0,0,1572,A
4-HA,1357,1573,1,1,0,1575,A
4-HA,1358,0,1567,0,3,1570,T
4-HA,1359,0,1522,0,0,1522,T
4-HA,1360,0,12,1526,0,1538,G
4-HA,1361,1550,0,1,0,1551,A
4-HA,1362,0,1547,0,2,1549,T
4-HA,1363,2,0,0,1553,1555,C
4-HA,1364,1,1517,0,0,1518,T
4-HA,1365,1529,0,0,0,1529,A
4-HA,1366,1529,0,1,0,1530,A
4-HA,1367,1,0,0,1530,1531,C
4-HA,1368,0,1518,0,0,1518,T
4-HA,1369,0,14,1491,0,1505,G
4-HA,1370,1513,0,1,0,1514,A
4-HA,1371,0,0,0,1510,1510,C
4-HA,1372,2,1505,0,0,1507,T
4-HA,1373,7,0,0,1509,1516,C
4-HA,1374,1505,0,0,0,1505,A
4-HA,1375,0,3,1538,0,1541,G
4-HA,1376,1535,0,0,0,1535,A
4-HA,1377,1535,0,0,0,1535,A
4-HA,1378,1536,0,0,0,1536,A
4-HA,1379,0,1514,0,0,1514,T
4-HA,1380,0,15,1509,0,1524,G
4-HA,1381,1527,1,0,1,1529,A
4-HA,1382,1528,0,3,0,1531,A
4-HA,1383,1,0,0,1532,1533,C
4-HA,1384,1499,0,0,0,1499,A
4-HA,1385,1497,0,6,0,1503,A
4-HA,1386,1500,0,0,0,1500,A
4-HA,1387,3,0,0,1506,1509,C
4-HA,1388,0,1500,0,0,1500,T
4-HA,1389,1,0,1506,0,1507,G
4-HA,1390,0,1490,0,2,1492,T
4-HA,1391,1,1489,1,0,1491,T
4-HA,1392,1,1495,0,0,1496,T
4-HA,1393,0,5,1493,0,1498,G
4-HA,1394,1495,0,1,0,1496,A
4-HA,1395,1493,0,1,0,1494,A
4-HA,1396,1486,0,0,0,1486,A
4-HA,1397,1486,1,0,0,1487,A
4-HA,1398,1480,0,2,1,1483,A
4-HA,1399,1485,0,0,0,1485,A
4-HA,1400,0,0,0,1494,1494,C
4-HA,1401,1493,0,0,0,1493,A
4-HA,1402,1491,0,1,0,1492,A
4-HA,1403,1490,0,1,1,1492,A
4-HA,1404,0,5,1498,0,1503,G
4-HA,1405,1501,1,0,0,1502,A
4-HA,1406,1497,0,1,0,1498,A
4-HA,1407,0,1,1498,0,1499,G
4-HA,1408,0,0,0,1493,1493,C
4-HA,1409,1487,1,0,0,1488,A
4-HA,1410,1490,1,0,0,1491,A
4-HA,1411,1,0,0,1496,1497,C
4-HA,1412,0,1486,0,0,1486,T
4-HA,1413,0,3,1492,0,1495,G
4-HA,1414,1478,1,4,0,1483,A
4-HA,1415,0,13,1483,1,1497,G
4-HA,1416,1,6,1494,0,1501,G
4-HA,1417,1,4,1494,0,1499,G
4-HA,1418,1504,0,1,0,1505,A
4-HA,1419,1501,0,0,0,1501,A
4-HA,1420,1491,0,2,0,1493,A
4-HA,1421,1508,0,0,0,1508,A
4-HA,1422,0,1503,0,0,1503,T
4-HA,1423,0,0,1507,0,1507,G
4-HA,1424,1,1,0,1499,1501,C
4-HA,1425,0,1480,0,0,1480,T
4-HA,1426,0,4,1482,0,1486,G
4-HA,1427,1484,0,1,0,1485,A
4-HA,1428,0,6,1543,0,1549,G
4-HA,1429,0,5,1558,0,1563,G
4-HA,1430,1548,0,1,0,1549,A
4-HA,1431,0,1546,0,0,1546,T
4-HA,1432,1545,0,0,1,1546,A
4-HA,1433,0,1536,0,1,1537,T
4-HA,1434,0,7,1538,1,1546,G
4-HA,1435,1,6,1540,0,1547,G
4-HA,1436,0,0,1547,0,1547,G
4-HA,1437,1,0,0,1480,1481,C
4-HA,1438,1436,1,1,0,1438,A
4-HA,1439,1434,1,0,0,1435,A
4-HA,1440,0,1436,0,0,1436,T
4-HA,1441,1,2,1437,0,1440,G
4-HA,1442,0,0,1439,0,1439,G
4-HA,1443,0,1418,0,0,1418,T
4-HA,1444,0,1380,0,0,1380,T
4-HA,1445,0,0,1385,0,1385,G
4-HA,1446,0,1390,1,1,1392,T
4-HA,1447,0,1389,0,1,1390,T
4-HA,1448,0,1380,0,0,1380,T
4-HA,1449,11,2,1,1372,1386,C
4-HA,1450,1381,0,0,0,1381,A
4-HA,1451,1379,0,0,0,1379,A
4-HA,1452,1379,0,1,0,1380,A
4-HA,1453,1399,1,0,0,1400,A
4-HA,1454,0,1400,0,1,1401,T
4-HA,1455,1387,0,3,0,1390,A
4-HA,1456,1,1393,0,0,1394,T
4-HA,1457,1387,1,1,0,1389,A
4-HA,1458,0,0,0,1402,1402,C
4-HA,1459,7,0,0,1388,1395,C
4-HA,1460,1396,0,0,0,1396,A
4-HA,1461,1,0,0,1400,1401,C
4-HA,1462,1393,0,1,0,1394,A
4-HA,1463,1397,0,1,0,1398,A
4-HA,1464,1400,0,0,0,1400,A
4-HA,1465,0,1400,0,1,1401,T
4-HA,1466,0,1,1406,0,1407,G
4-HA,1467,0,1393,0,1,1394,T
4-HA,1468,0,7,1396,0,1403,G
4-HA,1469,1404,0,2,0,1406,A
4-HA,1470,1,1,1,1400,1403,C
4-HA,1471,1390,0,1,0,1391,A
4-HA,1472,1386,0,0,0,1386,A
4-HA,1473,0,1394,0,0,1394,T
4-HA,1474,1,2,1401,0,1404,G
4-HA,1475,1,2,0,1393,1396,C
4-HA,1476,5,0,0,1395,1400,C
4-HA,1477,1,1397,0,1,1399,T
4-HA,1478,0,0,1450,0,1450,G
4-HA,1479,0,3,0,1454,1457,C
4-HA,1480,1458,0,0,0,1458,A
4-HA,1481,0,1457,0,0,1457,T
4-HA,1482,1410,0,0,0,1410,A
4-HA,1483,0,8,1412,0,1420,G
4-HA,1484,0,5,1404,0,1409,G
4-HA,1485,1403,0,0,0,1403,A
4-HA,1486,0,1404,0,0,1404,T
4-HA,1487,10,1,0,1330,1341,C
4-HA,1488,1335,0,0,0,1335,A
4-HA,1489,1342,0,1,0,1343,A
4-HA,1490,0,1342,0,2,1344,T
4-HA,1491,4,0,0,1339,1343,C
4-HA,1492,1319,0,1,0,1320,A
4-HA,1493,0,1,1331,0,1332,G
4-HA,1494,1331,0,0,0,1331,A
4-HA,1495,1330,0,1,0,1331,A
4-HA,1496,1327,0,3,0,1330,A
4-HA,1497,0,1324,0,0,1324,T
4-HA,1498,1,2,1314,0,1317,G
4-HA,1499,0,7,1310,0,1317,G
4-HA,1500,1313,0,1,0,1314,A
4-HA,1501,1319,0,1,0,1320,A
4-HA,1502,3,0,0,1306,1309,C
4-HA,1503,0,1298,1,0,1299,T
4-HA,1504,0,1288,0,11,1299,T
4-HA,1505,1303,0,0,0,1303,A
4-HA,1506,0,1301,0,1,1302,T
4-HA,1507,0,7,1293,0,1300,G
4-HA,1508,1296,0,1,0,1297,A
4-HA,1509,1,0,0,1295,1296,C
4-HA,1510,7,0,0,1273,1280,C
4-HA,1511,1271,0,0,0,1271,A
4-HA,1512,1,1,0,1295,1297,C
4-HA,1513,1,2,1335,0,1338,G
4-HA,1514,1364,0,1,0,1365,A
4-HA,1515,0,1390,0,0,1390,T
4-HA,1516,1,0,1441,0,1442,G
4-HA,1517,0,1434,0,0,1434,T
4-HA,1518,1468,1,0,0,1469,A
4-HA,1519,0,1465,0,1,1466,T
4-HA,1520,1459,0,2,0,1461,A
4-HA,1521,2,0,0,1455,1457,C
4-HA,1522,1314,0,0,0,1314,A
4-HA,1523,0,8,1314,0,1322,G
4-HA,1524,1256,0,0,0,1256,A
4-HA,1525,0,3,1223,0,1226,G
4-HA,1526,1213,0,0,0,1213,A
4-HA,1527,2,1126,0,0,1128,T
4-HA,1528,0,9,1121,0,1130,G
4-HA,1529,1126,0,0,0,1126,A
4-HA,1530,1122,0,0,0,1122,A
4-HA,1531,0,3,1139,0,1142,G
4-HA,1532,2,1,0,1113,1116,C
4-HA,1533,1118,0,0,0,1118,A
4-HA,1534,0,1108,0,0,1108,T
4-HA,1535,1,1104,0,0,1105,T
4-HA,1536,1117,0,0,0,1117,A
4-HA,1537,1114,0,0,0,1114,A
4-HA,1538,1115,0,2,0,1117,A
4-HA,1539,0,0,0,1117,1117,C
4-HA,1540,1067,0,0,0,1067,A
4-HA,1541,1064,1,0,0,1065,A
4-HA,1542,0,1058,0,0,1058,T
4-HA,1543,4,0,0,1057,1061,C
4-HA,1544,0,4,1062,1,1067,G
4-HA,1545,0,0,1073,0,1073,G
4-HA,1546,0,1068,1,2,1071,T
4-HA,1547,0,1066,0,1,1067,T
4-HA,1548,0,1060,0,0,1060,T
4-HA,1549,7,0,0,1054,1061,C
4-HA,1550,1063,0,0,0,1063,A
4-HA,1551,0,2,1074,0,1076,G
4-HA,1552,1074,0,1,0,1075,A
4-HA,1553,0,1074,0,0,1074,T
4-HA,1554,7,1,0,1040,1048,C
4-HA,1555,1041,2,1,0,1044,A
4-HA,1556,1047,0,1,0,1048,A
4-HA,1557,1,4,1042,0,1047,G
4-HA,1558,0,1,1040,0,1041,G
4-HA,1559,0,7,1028,0,1035,G
4-HA,1560,999,0,1,0,1000,A
4-HA,1561,0,0,1010,0,1010,G
4-HA,1562,0,1008,0,0,1008,T
4-HA,1563,0,1006,0,0,1006,T
4-HA,1564,0,7,1009,0,1016,G
4-HA,1565,1002,0,3,0,1005,A
4-HA,1566,0,0,1012,0,1012,G
4-HA,1567,0,0,0,1006,1006,C
4-HA,1568,0,991,0,2,993,T
4-HA,1569,0,1,999,0,1000,G
4-HA,1570,990,0,1,0,991,A
4-HA,1571,994,0,0,0,994,A
4-HA,1572,0,0,998,0,998,G
4-HA,1573,0,985,0,0,985,T
4-HA,1574,11,0,0,971,982,C
4-HA,1575,963,0,3,0,966,A
4-HA,1576,1,6,957,0,964,G
4-HA,1577,0,4,956,0,960,G
4-HA,1578,2,0,931,0,933,G
4-HA,1579,0,959,0,0,959,T
4-HA,1580,960,0,0,0,960,A
4-HA,1581,2,1,1,955,959,C
4-HA,1582,948,0,2,0,950,A
4-HA,1583,951,0,0,0,951,A
4-HA,1584,947,0,0,0,947,A
4-HA,1585,0,2,951,0,953,G
4-HA,1586,929,0,0,0,929,A
4-HA,1587,0,904,1,0,905,T
4-HA,1588,0,895,0,0,895,T
4-HA,1589,0,5,894,1,900,G
4-HA,1590,0,1,898,0,899,G
4-HA,1591,900,0,1,0,901,A
4-HA,1592,0,901,0,0,901,T
4-HA,1593,2,0,0,883,885,C
4-HA,1594,5,1,0,863,869,C
4-HA,1595,0,859,0,0,859,T
4-HA,1596,861,0,0,0,861,A
4-HA,1597,0,860,0,0,860,T
4-HA,1598,0,3,853,0,856,G
4-HA,1599,0,4,854,0,858,G
4-HA,1600,839,0,1,0,840,A
4-HA,1601,0,837,0,1,838,T
4-HA,1602,0,822,0,0,822,T
4-HA,1603,0,828,0,0,828,T
4-HA,1604,2,0,0,826,828,C
4-HA,1605,1,0,0,821,822,C
4-HA,1606,0,810,0,1,811,T
4-HA,1607,0,810,0,0,810,T
4-HA,1608,0,806,0,0,806,T
4-HA,1609,0,1,811,0,812,G
4-HA,1610,0,0,1,809,810,C
4-HA,1611,5,1,0,802,808,C
4-HA,1612,796,0,0,0,796,A
4-HA,1613,0,794,0,0,794,T
4-HA,1614,804,0,0,0,804,A
4-HA,1615,1,796,0,6,803,T
4-HA,1616,4,0,0,796,800,C
4-HA,1617,800,0,0,0,800,A
4-HA,1618,0,791,0,1,792,T
4-HA,1619,1,0,792,0,793,G
4-HA,1620,1,784,1,0,786,T
4-HA,1621,0,776,0,0,776,T
4-HA,1622,0,774,0,0,774,T
4-HA,1623,0,761,0,0,761,T
4-HA,1624,0,759,0,1,760,T
4-HA,1625,0,759,0,1,760,T
4-HA,1626,0,0,762,0,762,G
4-HA,1627,0,0,0,757,757,C
4-HA,1628,0,743,0,1,744,T
4-HA,1629,0,744,0,0,744,T
4-HA,1630,1,739,0,0,740,T
4-HA,1631,0,1,746,0,747,G
4-HA,1632,1,749,0,0,750,T
4-HA,1633,0,1,747,0,748,G
4-HA,1634,0,748,0,1,749,T
4-HA,1635,0,736,0,0,736,T
4-HA,1636,0,0,741,0,741,G
4-HA,1637,0,0,0,741,741,C
4-HA,1638,0,733,0,0,733,T
4-HA,1639,0,743,0,0,743,T
4-HA,1640,0,705,0,0,705,T
4-HA,1641,0,0,705,0,705,G
4-HA,1642,0,703,0,0,703,T
4-HA,1643,0,702,0,0,702,T
4-HA,1644,0,3,698,0,701,G
4-HA,1645,0,6,681,0,687,G
4-HA,1646,0,6,684,0,690,G
4-HA,1647,0,0,688,0,688,G
4-HA,1648,0,666,0,0,666,T
4-HA,1649,0,660,0,0,660,T
4-HA,1650,4,0,0,644,648,C
4-HA,1651,636,0,1,0,637,A
4-HA,1652,0,642,0,0,642,T
4-HA,1653,4,0,0,632,636,C
4-HA,1654,630,0,0,0,630,A
4-HA,1655,0,622,0,0,622,T
4-HA,1656,0,0,615,0,615,G
4-HA,1657,0,602,0,1,603,T
4-HA,1658,0,2,597,0,599,G
4-HA,1659,0,3,581,0,584,G
4-HA,1660,0,0,577,0,577,G
4-HA,1661,0,2,0,561,563,C
4-HA,1662,2,0,0,548,550,C
4-HA,1663,0,515,0,1,516,T
4-HA,1664,0,0,516,0,516,G
4-HA,1665,0,0,0,513,513,C
4-HA,1666,1,1,0,510,512,C
4-HA,1667,510,0,0,0,510,A
4-HA,1668,506,0,0,0,506,A
4-HA,1669,506,0,0,0,506,A
4-HA,1670,506,0,0,0,506,A
4-HA,1671,506,0,0,0,506,A
4-HA,1672,0,2,501,0,503,G
4-HA,1673,0,2,490,0,492,G
4-HA,1674,0,1,0,482,483,C
4-HA,1675,483,0,0,0,483,A
4-HA,1676,486,0,0,0,486,A
4-HA,1677,0,0,0,485,485,C
4-HA,1678,481,0,0,0,481,A
4-HA,1679,0,481,0,0,481,T
4-HA,1680,0,474,0,0,474,T
4-HA,1681,460,0,1,1,462,A
4-HA,1682,0,1,460,0,461,G
4-HA,1683,0,0,459,0,459,G
4-HA,1684,0,451,0,0,451,T
4-HA,1685,0,1,412,0,413,G
4-HA,1686,0,0,0,399,399,C
4-HA,1687,388,0,0,0,388,A
4-HA,1688,387,0,1,0,388,A
4-HA,1689,0,0,0,387,387,C
4-HA,1690,382,0,0,0,382,A
4-HA,1691,0,373,0,0,373,T
4-HA,1692,1,351,0,0,352,T
4-HA,1693,0,352,0,0,352,T
4-HA,1694,0,0,349,0,349,G
4-HA,1695,0,0,0,347,347,C
4-HA,1696,344,0,0,0,344,A
4-HA,1697,0,323,0,0,323,T
4-HA,1698,0,308,0,0,308,T
4-HA,1699,0,300,0,0,300,T
4-HA,1700,0,0,300,0,300,G
4-HA,1701,292,0,0,0,292,A
5-NP,1,722,0,0,0,722,A
5-NP,2,0,722,0,0,722,T
5-NP,3,0,0,724,0,724,G
5-NP,4,0,0,729,0,729,G
5-NP,5,0,0,1,731,732,C
5-NP,6,0,1,755,0,756,G
5-NP,7,0,802,0,0,802,T
5-NP,8,9,0,0,801,810,C
5-NP,9,2,0,0,815,817,C
5-NP,10,3,0,0,813,816,C
5-NP,11,822,0,0,0,822,A
5-NP,12,820,0,0,0,820,A
5-NP,13,0,3,832,0,835,G
5-NP,14,0,1,861,0,862,G
5-NP,15,0,0,0,874,874,C
5-NP,16,876,0,1,0,877,A
5-NP,17,0,1,0,896,897,C
5-NP,18,1,0,0,900,901,C
5-NP,19,903,0,0,0,903,A
5-NP,20,902,0,0,0,902,A
5-NP,21,906,0,0,0,906,A
5-NP,22,1,3,0,906,910,C
5-NP,23,1,4,909,0,914,G
5-NP,24,0,0,1014,0,1014,G
5-NP,25,0,1014,0,0,1014,T
5-NP,26,3,0,0,1090,1093,C
5-NP,27,0,1095,0,0,1095,T
5-NP,28,0,1106,0,0,1106,T
5-NP,29,1111,0,0,0,1111,A
5-NP,30,0,1111,0,0,1111,T
5-NP,31,0,12,1113,0,1125,G
5-NP,32,1120,0,1,0,1121,A
5-NP,33,1107,0,1,0,1108,A
5-NP,34,0,1,0,1113,1114,C
5-NP,35,1095,0,1,0,1096,A
5-NP,36,0,6,1168,0,1174,G
5-NP,37,1175,0,0,0,1175,A
5-NP,38,0,1171,0,0,1171,T
5-NP,39,1,4,1175,0,1180,G
5-NP,40,0,2,1184,0,1186,G
5-NP,41,1182,0,0,0,1182,A
5-NP,42,1191,0,0,0,1191,A
5-NP,43,1184,0,2,0,1186,A
5-NP,44,0,0,0,1218,1218,C
5-NP,45,0,1209,0,0,1209,T
5-NP,46,1,4,1220,0,1225,G
5-NP,47,1216,1,4,0,1221,A
5-NP,48,0,1224,0,0,1224,T
5-NP,49,0,8,1216,0,1224,G
5-NP,50,0,9,1220,0,1229,G
5-NP,51,0,4,1221,1,1226,G
5-NP,52,1,8,1223,0,1232,G
5-NP,53,1219,0,0,0,1219,A
5-NP,54,0,1221,0,1,1222,T
5-NP,55,1,0,1,1226,1228,C
5-NP,56,4,1,1225,0,1230,G
5-NP,57,0,2,0,1249,1251,C
5-NP,58,3,1,1,1249,1254,C
5-NP,59,1248,0,0,0,1248,A
5-NP,60,0,4,1255,0,1259,G
5-NP,61,1255,0,1,0,1256,A
5-NP,62,1278,0,0,0,1278,A
5-NP,63,0,1273,0,0,1273,T
5-NP,64,0,0,1279,0,1279,G
5-NP,65,0,1,0,1287,1288,C
5-NP,66,1288,0,1,0,1289,A
5-NP,67,1313,0,0,0,1313,A
5-NP,68,1,0,0,1310,1311,C
5-NP,69,0,1300,1,1,1302,T
5-NP,70,0,7,1311,0,1318,G
5-NP,71,1330,0,1,0,1331,A
5-NP,72,0,3,1402,0,1405,G
5-NP,73,1400,0,0,0,1400,A
5-NP,74,0,1393,1,0,1394,T
5-NP,75,0,1396,0,0,1396,T
5-NP,76,1392,0,0,0,1392,A
5-NP,77,2,10,1380,0,1392,G
5-NP,78,0,6,1387,0,1393,G
5-NP,79,0,2,1393,1,1396,G
5-NP,80,1,1,0,1380,1382,C
5-NP,81,1373,0,0,0,1373,A
5-NP,82,0,1385,0,0,1385,T
5-NP,83,5,2,0,1386,1393,C
5-NP,84,5,0,0,1389,1394,C
5-NP,85,2,1,1408,0,1411,G
5-NP,86,0,1413,0,0,1413,T
5-NP,87,2,0,0,1406,1408,C
5-NP,88,1,5,1405,0,1411,G
5-NP,89,0,5,1416,0,1421,G
5-NP,90,0,2,1426,0,1428,G
5-NP,91,1417,1,0,0,1418,A
5-NP,92,1422,0,0,0,1422,A
5-NP,93,0,1,1437,0,1438,G
5-NP,94,1429,0,1,0,1430,A
5-NP,95,0,1439,0,0,1439,T
5-NP,96,3,5,1437,0,1445,G
5-NP,97,1451,0,0,0,1451,A
5-NP,98,0,1452,0,0,1452,T
5-NP,99,0,1442,0,0,1442,T
5-NP,100,0,6,1439,0,1445,G
5-NP,101,1447,0,2,0,1449,A
5-NP,102,0,1440,0,0,1440,T
5-NP,103,0,10,1429,0,1439,G
5-NP,104,1,3,1427,0,1431,G
5-NP,105,0,2,1414,0,1416,G
5-NP,106,1512,0,0,0,1512,A
5-NP,107,0,1514,0,0,1514,T
5-NP,108,1,1516,0,1,1518,T
5-NP,109,0,15,1512,0,1527,G
5-NP,110,1,7,1517,0,1525,G
5-NP,111,0,4,1528,0,1532,G
5-NP,112,1525,0,2,0,1527,A
5-NP,113,0,4,1518,0,1522,G
5-NP,114,1507,0,0,0,1507,A
5-NP,115,0,1549,0,1,1550,T
5-NP,116,0,1553,0,0,1553,T
5-NP,117,5,0,1,1555,1561,C
5-NP,118,0,1556,0,0,1556,T
5-NP,119,1572,0,0,0,1572,A
5-NP,120,3,0,0,1574,1577,C
5-NP,121,1619,0,0,0,1619,A
5-NP,122,0,1625,1,0,1626,T
5-NP,123,3,0,0,1620,1623,C
5-NP,124,9,0,0,1614,1623,C
5-NP,125,1623,1,1,0,1625,A
5-NP,126,1665,0,1,1,1667,A
5-NP,127,1669,1,0,0,1670,A
5-NP,128,0,1663,0,0,1663,T
5-NP,129,1,3,1674,0,1678,G
5-NP,130,1,1653,0,0,1654,T
5-NP,131,1,3,1664,0,1668,G
5-NP,132,4,2,1,1664,1671,C
5-NP,133,1667,0,0,0,1667,A
5-NP,134,0,0,0,1667,1667,C
5-NP,135,0,1657,0,1,1658,T
5-NP,136,1,20,1704,0,1725,G
5-NP,137,1741,0,1,0,1742,A
5-NP,138,1766,0,0,1,1767,A
5-NP,139,1,0,0,1787,1788,C
5-NP,140,0,1780,0,0,1780,T
5-NP,141,1,1785,0,2,1788,T
5-NP,142,1791,0,0,0,1791,A
5-NP,143,1785,2,0,0,1787,A
5-NP,144,1794,0,0,0,1794,A
5-NP,145,2,0,0,1798,1800,C
5-NP,146,0,1751,0,0,1751,T
5-NP,147,15,0,0,1742,1757,C
5-NP,148,1747,0,1,0,1748,A
5-NP,149,0,1,1768,0,1769,G
5-NP,150,0,1767,0,1,1768,T
5-NP,151,0,10,1766,0,1776,G
5-NP,152,1809,0,0,0,1809,A
5-NP,153,1,1804,0,0,1805,T
5-NP,154,9,1,0,1831,1841,C
5-NP,155,1842,0,2,1,1845,A
5-NP,156,0,1842,0,0,1842,T
5-NP,157,0,5,1842,0,1847,G
5-NP,158,1833,1,0,0,1834,A
5-NP,159,1839,0,1,0,1840,A
5-NP,160,0,16,1828,0,1844,G
5-NP,161,2,12,1812,0,1826,G
5-NP,162,0,1,1822,1,1824,G
5-NP,163,2,2,0,1813,1817,C
5-NP,164,0,6,1822,0,1828,G
5-NP,165,0,0,1830,0,1830,G
5-NP,166,0,1826,0,1,1827,T
5-NP,167,1,1825,0,0,1826,T
5-NP,168,0,16,1815,0,1831,G
5-NP,169,1966,0,2,0,1968,A
5-NP,170,0,1969,0,0,1969,T
5-NP,171,8,1,0,1962,1971,C
5-NP,172,8,1,0,1959,1968,C
5-NP,173,1966,2,0,0,1968,A
5-NP,174,0,12,1964,0,1976,G
5-NP,175,1971,0,1,0,1972,A
5-NP,176,1972,0,0,0,1972,A
5-NP,177,1,1,0,1985,1987,C
5-NP,178,1864,0,0,0,1864,A
5-NP,179,0,1,1887,0,1888,G
5-NP,180,0,1,0,1896,1897,C
5-NP,181,0,1891,0,1,1892,T
5-NP,182,0,1904,0,0,1904,T
5-NP,183,0,7,1897,0,1904,G
5-NP,184,1906,0,1,0,1907,A
5-NP,185,1,1,0,1908,1910,C
5-NP,186,1899,0,0,0,1899,A
5-NP,187,1915,1,1,0,1917,A
5-NP,188,0,1904,0,0,1904,T
5-NP,189,1902,0,1,0,1903,A
5-NP,190,0,13,1898,0,1911,G
5-NP,191,1911,0,1,1,1913,A
5-NP,192,1,3,1922,0,1926,G
5-NP,193,1912,0,0,0,1912,A
5-NP,194,1928,0,0,0,1928,A
5-NP,195,1928,0,0,0,1928,A
5-NP,196,1932,0,1,0,1933,A
5-NP,197,0,1930,0,0,1930,T
5-NP,198,0,15,1909,0,1924,G
5-NP,199,1,3,1916,1,1921,G
5-NP,200,1,1918,0,1,1920,T
5-NP,201,1900,2,0,0,1902,A
5-NP,202,2,0,0,1914,1916,C
5-NP,203,1,1912,1,2,1916,T
5-NP,204,8,0,0,1908,1916,C
5-NP,205,0,1900,0,0,1900,T
5-NP,206,6,0,0,1899,1905,C
5-NP,207,8,6,1880,0,1894,G
5-NP,208,0,1,1906,0,1907,G
5-NP,209,0,0,0,1908,1908,C
5-NP,210,1,1909,0,0,1910,T
5-NP,211,0,1908,0,0,1908,T
5-NP,212,0,1907,0,1,1908,T
5-NP,213,0,1895,0,0,1895,T
5-NP,214,0,6,1900,1,1907,G
5-NP,215,1902,0,2,0,1904,A
5-NP,216,0,1908,0,1,1909,T
5-NP,217,1,9,1892,0,1902,G
5-NP,218,1889,0,1,0,1890,A
5-NP,219,1891,1,0,1,1893,A
5-NP,220,1890,0,2,0,1892,A
5-NP,221,0,4,1893,0,1897,G
5-NP,222,1896,0,3,0,1899,A
5-NP,223,1892,1,0,0,1893,A
5-NP,224,0,4,1897,0,1901,G
5-NP,225,1,7,1931,0,1939,G
5-NP,226,1946,0,0,0,1946,A
5-NP,227,1950,0,0,1,1951,A
5-NP,228,1,1951,0,0,1952,T
5-NP,229,1958,1,0,0,1959,A
5-NP,230,1957,0,1,0,1958,A
5-NP,231,1966,0,2,0,1968,A
5-NP,232,0,1963,0,0,1963,T
5-NP,233,1964,0,0,0,1964,A
5-NP,234,1,0,0,1958,1959,C
5-NP,235,9,0,0,1921,1930,C
5-NP,236,0,1929,0,0,1929,T
5-NP,237,0,7,1927,0,1934,G
5-NP,238,0,2,1951,0,1953,G
5-NP,239,1959,0,0,0,1959,A
5-NP,240,1948,0,0,0,1948,A
5-NP,241,1,16,1947,0,1964,G
5-NP,242,1948,0,1,0,1949,A
5-NP,243,1947,0,2,0,1949,A
5-NP,244,1,0,0,1946,1947,C
5-NP,245,1946,0,0,0,1946,A
5-NP,246,0,3,0,1974,1977,C
5-NP,247,3,0,0,1965,1968,C
5-NP,248,12,0,0,1945,1957,C
5-NP,249,4,0,0,1962,1966,C
5-NP,250,1941,0,1,0,1942,A
5-NP,251,1,1,1943,0,1945,G
5-NP,252,2,0,0,1942,1944,C
5-NP,253,7,0,1939,0,1946,G
5-NP,254,2,1,0,1937,1940,C
5-NP,255,2,4,1901,1,1908,G
5-NP,256,2,8,1917,0,1927,G
5-NP,257,0,5,1917,0,1922,G
5-NP,258,0,8,1922,0,1930,G
5-NP,259,1923,1,0,0,1924,A
5-NP,260,1925,0,0,0,1925,A
5-NP,261,1920,1,1,0,1922,A
5-NP,262,0,6,1922,0,1928,G
5-NP,263,1914,0,2,0,1916,A
5-NP,264,3,1914,0,1,1918,T
5-NP,265,7,0,1,1910,1918,C
5-NP,266,10,0,0,1904,1914,C
5-NP,267,18,0,0,1902,1920,C
5-NP,268,1924,1,0,0,1925,A
5-NP,269,1924,0,3,0,1927,A
5-NP,270,0,6,1936,0,1942,G
5-NP,271,1929,0,0,0,1929,A
5-NP,272,1931,1,1,2,1935,A
5-NP,273,1931,0,0,0,1931,A
5-NP,274,1935,0,0,0,1935,A
5-NP,275,0,1,0,1938,1939,C
5-NP,276,0,1916,0,0,1916,T
5-NP,277,1,9,1913,0,1923,G
5-NP,278,1,7,1916,0,1924,G
5-NP,279,0,12,1903,0,1915,G
5-NP,280,0,6,1913,0,1919,G
5-NP,281,0,4,1912,0,1916,G
5-NP,282,2,0,1942,0,1944,G
5-NP,283,0,1,0,2083,2084,C
5-NP,284,6,2,0,2080,2088,C
5-NP,285,15,0,0,2091,2106,C
5-NP,286,2326,0,0,0,2326,A
5-NP,287,0,2335,0,0,2335,T
5-NP,288,2451,0,1,0,2452,A
5-NP,289,0,2450,0,1,2451,T
5-NP,290,2427,0,0,0,2427,A
5-NP,291,0,0,0,2441,2441,C
5-NP,292,2266,0,0,0,2266,A
5-NP,293,0,6,2286,0,2292,G
5-NP,294,0,13,2277,0,2290,G
5-NP,295,2090,0,1,0,2091,A
5-NP,296,0,13,2094,0,2107,G
5-NP,297,2001,3,1,0,2005,A
5-NP,298,0,1,2035,0,2036,G
5-NP,299,0,2025,0,1,2026,T
5-NP,300,2010,0,0,0,2010,A
5-NP,301,0,3,2011,0,2014,G
5-NP,302,1980,1,0,0,1981,A
5-NP,303,1,1973,0,0,1974,T
5-NP,304,1,9,1973,0,1983,G
5-NP,305,1,6,1976,0,1983,G
5-NP,306,1972,0,1,0,1973,A
5-NP,307,1964,0,1,0,1965,A
5-NP,308,1959,0,1,0,1960,A
5-NP,309,1966,1,0,0,1967,A
5-NP,310,0,1967,0,0,1967,T
5-NP,311,1,10,1966,0,1977,G
5-NP,312,1,5,1973,0,1979,G
5-NP,313,1983,0,0,0,1983,A
5-NP,314,0,1966,0,1,1967,T
5-NP,315,0,4,1971,0,1975,G
5-NP,316,1960,2,0,0,1962,A
5-NP,317,1,9,1964,0,1974,G
5-NP,318,1,5,1968,0,1974,G
5-NP,319,0,16,1960,0,1976,G
5-NP,320,2001,1,1,0,2003,A
5-NP,321,2009,0,1,0,2010,A
5-NP,322,0,0,0,2045,2045,C
5-NP,323,0,2041,0,0,2041,T
5-NP,324,10,2,0,2057,2069,C
5-NP,325,2,0,2083,0,2085,G
5-NP,326,0,2092,0,2,2094,T
5-NP,327,9,0,0,2089,2098,C
5-NP,328,7,1,0,2263,2271,C
5-NP,329,0,2258,0,2,2260,T
5-NP,330,0,2279,0,0,2279,T
5-NP,331,0,2276,0,0,2276,T
5-NP,332,2284,0,2,0,2286,A
5-NP,333,0,2287,0,0,2287,T
5-NP,334,1,23,2266,0,2290,G
5-NP,335,2305,1,3,0,2309,A
5-NP,336,2,3,0,2300,2305,C
5-NP,337,2257,0,1,0,2258,A
5-NP,338,2263,1,1,0,2265,A
5-NP,339,2278,1,0,0,2279,A
5-NP,340,0,7,2374,0,2381,G
5-NP,341,2372,1,2,0,2375,A
5-NP,342,2376,0,4,0,2380,A
5-NP,343,0,9,2476,0,2485,G
5-NP,344,2498,0,0,0,2498,A
5-NP,345,2504,1,0,1,2506,A
5-NP,346,2508,0,1,0,2509,A
5-NP,347,0,2503,0,1,2504,T
5-NP,348,2495,0,3,0,2498,A
5-NP,349,2473,0,3,1,2477,A
5-NP,350,0,7,2504,0,2511,G
5-NP,351,0,4,2506,0,2510,G
5-NP,352,1,3,0,2483,2487,C
5-NP,353,0,8,2481,0,2489,G
5-NP,354,2499,0,6,0,2505,A
5-NP,355,2536,0,1,0,2537,A
5-NP,356,0,2547,0,0,2547,T
5-NP,357,5,0,0,2548,2553,C
5-NP,358,0,2548,0,0,2548,T
5-NP,359,2,8,2536,0,2546,G
5-NP,360,0,1,2548,0,2549,G
5-NP,361,4,4,0,2548,2556,C
5-NP,362,2,1,2552,0,2555,G
5-NP,363,1,0,0,2553,2554,C
5-NP,364,10,1,1,2539,2551,C
5-NP,365,2553,0,3,0,2556,A
5-NP,366,2601,0,0,1,2602,A
5-NP,367,2,1,2678,0,2681,G
5-NP,368,2,1,0,2685,2688,C
5-NP,369,11,0,1,2701,2713,C
5-NP,370,2716,0,1,0,2717,A
5-NP,371,2769,1,1,0,2771,A
5-NP,372,2,0,0,2810,2812,C
5-NP,373,2811,0,0,0,2811,A
5-NP,374,2870,0,0,1,2871,A
5-NP,375,0,2852,0,1,2853,T
5-NP,376,0,10,2879,0,2889,G
5-NP,377,0,2,2897,0,2899,G
5-NP,378,1,2872,0,1,2874,T
5-NP,379,0,6,2872,0,2878,G
5-NP,380,2853,0,4,0,2857,A
5-NP,381,0,4,2921,0,2925,G
5-NP,382,0,9,2921,0,2930,G
5-NP,383,2942,0,0,0,2942,A
5-NP,384,0,3161,0,0,3161,T
5-NP,385,2,2,3190,0,3194,G
5-NP,386,2,2,0,3201,3205,C
5-NP,387,1,3202,0,1,3204,T
5-NP,388,3236,0,0,0,3236,A
5-NP,389,1,2,0,3299,3302,C
5-NP,390,3292,1,0,0,3293,A
5-NP,391,0,3289,1,0,3290,T
5-NP,392,8,0,0,3281,3289,C
5-NP,393,0,3142,0,5,3147,T
5-NP,394,2,12,3262,1,3277,G
5-NP,395,0,2,3344,0,3346,G
5-NP,396,1,3334,0,4,3339,T
5-NP,397,17,0,0,3336,3353,C
5-NP,398,0,3320,0,1,3321,T
5-NP,399,3371,0,1,0,3372,A
5-NP,400,3371,0,1,0,3372,A
5-NP,401,1,0,0,3411,3412,C
5-NP,402,0,3402,1,9,3412,T
5-NP,403,16,0,0,3433,3449,C
5-NP,404,3418,2,1,1,3422,A
5-NP,405,1,2,0,3548,3551,C
5-NP,406,3548,1,2,0,3551,A
5-NP,407,0,3563,0,2,3565,T
5-NP,408,3525,0,1,1,3527,A
5-NP,409,3545,0,1,0,3546,A
5-NP,410,0,3565,0,1,3566,T
5-NP,411,0,17,3605,0,3622,G
5-NP,412,3605,0,0,0,3605,A
5-NP,413,0,3583,1,1,3585,T
5-NP,414,1,3537,1,1,3540,T
5-NP,415,0,3543,0,1,3544,T
5-NP,416,2,29,3503,0,3534,G
5-NP,417,6,3,3537,0,3546,G
5-NP,418,2,2,0,3546,3550,C
5-NP,419,3549,0,1,0,3550,A
5-NP,420,0,3558,1,0,3559,T
5-NP,421,1,3554,0,5,3560,T
5-NP,422,8,1,0,3550,3559,C
5-NP,423,12,2,0,3555,3569,C
5-NP,424,3632,1,0,0,3633,A
5-NP,425,3640,1,0,0,3641,A
5-NP,426,2,3635,0,0,3637,T
5-NP,427,0,3636,0,0,3636,T
5-NP,428,1,3628,0,1,3630,T
5-NP,429,0,13,3652,0,3665,G
5-NP,430,3663,0,0,1,3664,A
5-NP,431,3669,0,1,0,3670,A
5-NP,432,2,3707,0,0,3709,T
5-NP,433,12,10,3645,0,3667,G
5-NP,434,3790,0,1,1,3792,A
5-NP,435,0,3798,0,2,3800,T
5-NP,436,2,4,3817,0,3823,G
5-NP,437,3,1,1,3911,3916,C
5-NP,438,3902,1,4,0,3907,A
5-NP,439,4081,0,0,0,4081,A
5-NP,440,4,0,0,4087,4091,C
5-NP,441,4160,0,0,0,4160,A
5-NP,442,0,4268,0,2,4270,T
5-NP,443,4207,2,0,0,4209,A
5-NP,444,4,0,0,4280,4284,C
5-NP,445,11,0,1,4272,4284,C
5-NP,446,4203,1,3,2,4209,A
5-NP,447,0,11,4248,0,4259,G
5-NP,448,4176,0,2,0,4178,A
5-NP,449,0,23,4236,0,4259,G
5-NP,450,0,14,4226,0,4240,G
5-NP,451,4212,1,3,0,4216,A
5-NP,452,1,1,0,4264,4266,C
5-NP,453,4211,2,1,0,4214,A
5-NP,454,4210,1,3,0,4214,A
5-NP,455,0,27,4213,0,4240,G
5-NP,456,4200,0,3,0,4203,A
5-NP,457,0,3,4220,0,4223,G
5-NP,458,3,0,0,4208,4211,C
5-NP,459,0,4181,0,8,4189,T
5-NP,460,22,0,9,4171,4202,C
5-NP,461,0,4185,0,3,4188,T
5-NP,462,1,4210,1,1,4213,T
5-NP,463,0,3,4226,0,4229,G
5-NP,464,0,4207,0,0,4207,T
5-NP,465,0,4209,1,1,4211,T
5-NP,466,39,0,1,4158,4198,C
5-NP,467,3,35,4149,0,4187,G
5-NP,468,4276,3,2,0,4281,A
5-NP,469,4281,0,1,0,4282,A
5-NP,470,2,0,1,4312,4315,C
5-NP,471,1,4303,0,3,4307,T
5-NP,472,6,17,4355,1,4379,G
5-NP,473,0,10,4386,1,4397,G
5-NP,474,4387,1,3,0,4391,A
5-NP,475,4397,0,1,0,4398,A
5-NP,476,0,4385,0,0,4385,T
5-NP,477,0,28,4351,0,4379,G
5-NP,478,0,10,4397,0,4407,G
5-NP,479,4431,0,4,0,4435,A
5-NP,480,0,4500,0,1,4501,T
5-NP,481,13,0,0,4494,4507,C
5-NP,482,23,0,0,4501,4524,C
5-NP,483,27,3,1,4507,4538,C
5-NP,484,4559,1,1,0,4561,A
5-NP,485,0,17,4591,0,4608,G
5-NP,486,4604,0,2,1,4607,A
5-NP,487,4619,1,2,0,4622,A
5-NP,488,0,4594,0,2,4596,T
5-NP,489,0,2,4637,0,4639,G
5-NP,490,3,4600,0,3,4606,T
5-NP,491,1,3,4609,0,4613,G
5-NP,492,2,0,0,4607,4609,C
5-NP,493,0,4579,0,8,4587,T
5-NP,494,34,1,0,4750,4785,C
5-NP,495,2,4761,0,2,4765,T
5-NP,496,14,0,1,4894,4909,C
5-NP,497,1,4895,1,1,4898,T
5-NP,498,2,18,4897,0,4917,G
5-NP,499,4943,4,1,1,4949,A
5-NP,500,1,4924,0,4,4929,T
5-NP,501,0,6,4924,0,4930,G
5-NP,502,5,2,2,4914,4923,C
5-NP,503,4789,1,4,1,4795,A
5-NP,504,1,30,4868,1,4900,G
5-NP,505,9,23,4760,0,4792,G
5-NP,506,0,4,4837,0,4841,G
5-NP,507,1,1,0,4834,4836,C
5-NP,508,0,4819,0,5,4824,T
5-NP,509,18,2,0,4824,4844,C
5-NP,510,1,28,4813,0,4842,G
5-NP,511,4890,0,1,0,4891,A
5-NP,512,4,0,0,4883,4887,C
5-NP,513,1,4841,0,1,4843,T
5-NP,514,17,0,1,5025,5043,C
5-NP,515,0,4997,0,3,5000,T
5-NP,516,24,1,1,5565,5591,C
5-NP,517,19,8,0,5595,5622,C
5-NP,518,38,0,0,5583,5621,C
5-NP,519,0,5627,0,0,5627,T
5-NP,520,5597,0,2,0,5599,A
5-NP,521,0,9,5588,1,5598,G
5-NP,522,5587,0,0,0,5587,A
5-NP,523,5455,0,2,0,5457,A
5-NP,524,11,34,5423,0,5468,G
5-NP,525,0,6,5396,1,5403,G
5-NP,526,3,5308,1,1,5313,T
5-NP,527,23,0,1,5288,5312,C
5-NP,528,19,3,0,5302,5324,C
5-NP,529,4,14,5297,0,5315,G
5-NP,530,1,19,5332,2,5354,G
5-NP,531,5336,1,2,0,5339,A
5-NP,532,0,1,5379,0,5380,G
5-NP,533,3,0,0,5400,5403,C
5-NP,534,1,5356,0,1,5358,T
5-NP,535,2,6,5360,0,5368,G
5-NP,536,6,4,0,5380,5390,C
5-NP,537,5377,2,10,1,5390,A
5-NP,538,0,13,5403,0,5416,G
5-NP,539,0,6,5438,0,5444,G
5-NP,540,0,5426,0,3,5429,T
5-NP,541,0,6,5385,0,5391,G
5-NP,542,2,1,0,5384,5387,C
5-NP,543,1,5376,1,4,5382,T
5-NP,544,5,4,5386,0,5395,G
5-NP,545,1,1,0,5394,5396,C
5-NP,546,5442,0,4,0,5446,A
5-NP,547,2,4,5522,0,5528,G
5-NP,548,2,5487,0,1,5490,T
5-NP,549,29,0,0,5470,5499,C
5-NP,550,5489,0,3,0,5492,A
5-NP,551,5494,1,2,0,5497,A
5-NP,552,5477,0,9,1,5487,A
5-NP,553,0,19,5507,0,5526,G
5-NP,554,1,28,5526,0,5555,G
5-NP,555,5532,2,1,0,5535,A
5-NP,556,5502,1,0,0,5503,A
5-NP,557,1,5488,1,3,5493,T
5-NP,558,15,6,0,5463,5484,C
5-NP,559,3,23,5462,0,5488,G
5-NP,560,2,15,5599,1,5617,G
5-NP,561,0,20,5606,0,5626,G
5-NP,562,5603,3,2,0,5608,A
5-NP,563,2,0,0,5618,5620,C
5-NP,564,5569,0,0,0,5569,A
5-NP,565,5685,0,2,0,5687,A
5-NP,566,1,5704,0,1,5706,T
5-NP,567,0,20,5701,0,5721,G
5-NP,568,1,6,5793,0,5800,G
5-NP,569,1,5691,0,2,5694,T
5-NP,570,1,17,5684,1,5703,G
5-NP,571,5693,0,5,0,5698,A
5-NP,572,0,5679,0,3,5682,T
5-NP,573,0,25,5658,0,5683,G
5-NP,574,0,28,5730,0,5758,G
5-NP,575,5741,0,3,1,5745,A
5-NP,576,5734,1,6,0,5741,A
5-NP,577,4,1,0,5710,5715,C
5-NP,578,2,5645,0,1,5648,T
5-NP,579,5636,0,1,0,5637,A
5-NP,580,5917,0,0,0,5917,A
5-NP,581,0,5930,0,0,5930,T
5-NP,582,23,2,0,5921,5946,C
5-NP,583,5811,1,0,1,5813,A
5-NP,584,2,22,5867,0,5891,G
5-NP,585,5867,1,0,0,5868,A
5-NP,586,5876,0,0,0,5876,A
5-NP,587,1,5870,0,1,5872,T
5-NP,588,2,27,5847,0,5876,G
5-NP,589,0,7,5957,0,5964,G
5-NP,590,2,5963,0,6,5971,T
5-NP,591,37,2,0,5937,5976,C
5-NP,592,5968,0,0,1,5969,A
5-NP,593,5965,1,0,2,5968,A
5-NP,594,5971,0,2,1,5974,A
5-NP,595,2,9,0,5959,5970,C
5-NP,596,3,38,5927,0,5968,G
5-NP,597,2,39,5955,0,5996,G
5-NP,598,0,38,5911,0,5949,G
5-NP,599,3,24,5945,0,5972,G
5-NP,600,2,26,5945,0,5973,G
5-NP,601,5986,2,5,0,5993,A
5-NP,602,1,5949,0,4,5954,T
5-NP,603,22,1,0,5929,5952,C
5-NP,604,5955,0,1,0,5956,A
5-NP,605,5959,1,2,0,5962,A
5-NP,606,4,7,3,5903,5917,C
5-NP,607,1,30,5865,1,5897,G
5-NP,608,5884,1,2,0,5887,A
5-NP,609,1,5878,0,0,5879,T
5-NP,610,31,4,1,5845,5881,C
5-NP,611,1,19,5877,0,5897,G
5-NP,612,5890,0,1,0,5891,A
5-NP,613,5887,0,1,0,5888,A
5-NP,614,5873,2,0,1,5876,A
5-NP,615,0,5919,0,2,5921,T
5-NP,616,1,5924,0,2,5927,T
5-NP,617,0,5921,1,0,5922,T
5-NP,618,2,5931,0,1,5934,T
5-NP,619,2,5948,0,2,5952,T
5-NP,620,3,28,5923,2,5956,G
5-NP,621,1,27,5929,0,5957,G
5-NP,622,5927,1,6,1,5935,A
5-NP,623,0,21,5947,1,5969,G
5-NP,624,5875,0,1,0,5876,A
5-NP,625,2,13,6094,0,6109,G
5-NP,626,0,1,6122,0,6123,G
5-NP,627,2,6113,0,6,6121,T
5-NP,628,0,34,6110,0,6144,G
5-NP,629,6127,2,6,0,6135,A
5-NP,630,0,24,6153,0,6177,G
5-NP,631,6164,0,2,0,6166,A
5-NP,632,6148,2,2,0,6152,A
5-NP,633,1,6138,2,0,6141,T
5-NP,634,4,23,5954,0,5981,G
5-NP,635,1,16,5926,0,5943,G
5-NP,636,5865,0,12,0,5877,A
5-NP,637,5,9,0,5889,5903,C
5-NP,638,7,21,5880,0,5908,G
5-NP,639,0,11,5960,0,5971,G
5-NP,640,5968,0,2,0,5970,A
5-NP,641,5970,2,3,0,5975,A
5-NP,642,6045,2,0,3,6050,A
5-NP,643,6041,1,2,4,6048,A
5-NP,644,3,1,0,6088,6092,C
5-NP,645,6068,3,2,1,6074,A
5-NP,646,6079,0,3,1,6083,A
5-NP,647,1,17,6057,0,6075,G
5-NP,648,5925,1,2,1,5929,A
5-NP,649,5962,1,0,0,5963,A
5-NP,650,11,4,6043,0,6058,G
5-NP,651,3,6049,0,1,6053,T
5-NP,652,2,4,6290,0,6296,G
5-NP,653,5,2,0,6255,6262,C
5-NP,654,1,6247,0,4,6252,T
5-NP,655,0,6282,1,0,6283,T
5-NP,656,6349,0,0,0,6349,A
5-NP,657,1,6353,0,2,6356,T
5-NP,658,2,40,6335,0,6377,G
5-NP,659,6235,4,8,0,6247,A
5-NP,660,16,29,6229,0,6274,G
5-NP,661,6032,3,4,0,6039,A
5-NP,662,0,30,6029,0,6059,G
5-NP,663,6046,0,0,1,6047,A
5-NP,664,6106,0,1,1,6108,A
5-NP,665,1,6041,0,0,6042,T
5-NP,666,3,2,6102,0,6107,G
5-NP,667,3,6069,1,9,6082,T
5-NP,668,1,4,6089,0,6094,G
5-NP,669,4,5,0,6074,6083,C
5-NP,670,6062,0,7,1,6070,A
5-NP,671,6076,2,5,0,6083,A
5-NP,672,2,1,0,6064,6067,C
5-NP,673,6017,0,1,0,6018,A
5-NP,674,1,6025,2,1,6029,T
5-NP,675,3,5970,1,2,5976,T
5-NP,676,15,0,1,5976,5992,C
5-NP,677,0,5971,2,2,5975,T
5-NP,678,4,5970,2,3,5979,T
5-NP,679,5978,2,1,1,5982,A
5-NP,680,5962,0,1,1,5964,A
5-NP,681,5965,0,2,1,5968,A
5-NP,682,0,17,5944,1,5962,G
5-NP,683,0,13,5937,3,5953,G
5-NP,684,5925,1,2,2,5930,A
5-NP,685,5921,1,3,0,5925,A
5-NP,686,5926,0,1,2,5929,A
5-NP,687,5998,0,2,1,6001,A
5-NP,688,1,5985,1,0,5987,T
5-NP,689,0,5981,1,0,5982,T
5-NP,690,2,6008,1,2,6013,T
5-NP,691,29,3,0,5972,6004,C
5-NP,692,6000,0,4,1,6005,A
5-NP,693,6002,0,3,0,6005,A
5-NP,694,5994,1,4,1,6000,A
5-NP,695,5,0,0,6072,6077,C
5-NP,696,6001,2,5,0,6008,A
5-NP,697,1,4,6117,0,6122,G
5-NP,698,2,2,0,6112,6116,C
5-NP,699,1,6103,0,5,6109,T
5-NP,700,1,3,6195,0,6199,G
5-NP,701,4,0,1,6180,6185,C
5-NP,702,6232,2,2,0,6236,A
5-NP,703,4,6,1,6217,6228,C
5-NP,704,6175,0,3,0,6178,A
5-NP,705,6199,0,3,0,6202,A
5-NP,706,6043,2,4,0,6049,A
5-NP,707,1,46,6179,0,6226,G
5-NP,708,6195,1,9,0,6205,A
5-NP,709,2,4,6206,0,6212,G
5-NP,710,9,2,0,6179,6190,C
5-NP,711,6172,1,1,2,6176,A
5-NP,712,6356,0,2,0,6358,A
5-NP,713,2,6343,0,1,6346,T
5-NP,714,2,26,6320,1,6349,G
5-NP,715,2,4,6379,1,6386,G
5-NP,716,0,6159,10,5,6174,T
5-NP,717,3,30,6124,1,6158,G
5-NP,718,3,23,6173,0,6199,G
5-NP,719,6188,0,7,0,6195,A
5-NP,720,2,6192,0,3,6197,T
5-NP,721,26,0,1,5993,6020,C
5-NP,722,6029,1,2,0,6032,A
5-NP,723,6068,1,0,0,6069,A
5-NP,724,26,5,6050,1,6082,G
5-NP,725,1,6028,0,2,6031,T
5-NP,726,0,44,5988,0,6032,G
5-NP,727,5937,0,4,1,5942,A
5-NP,728,0,38,5922,1,5961,G
5-NP,729,5941,1,1,0,5943,A
5-NP,730,4,18,5923,0,5945,G
5-NP,731,5898,1,0,0,5899,A
5-NP,732,5795,0,1,0,5796,A
5-NP,733,5816,1,5,0,5822,A
5-NP,734,1,1,5847,1,5850,G
5-NP,735,3,5827,0,1,5831,T
5-NP,736,35,1,0,5773,5809,C
5-NP,737,1,24,5774,0,5799,G
5-NP,738,0,14,5804,0,5818,G
5-NP,739,5812,1,4,0,5817,A
5-NP,740,5850,1,5,0,5856,A
5-NP,741,5,3,0,5868,5876,C
5-NP,742,26,0,0,5792,5818,C
5-NP,743,38,2,0,5790,5830,C
5-NP,744,5827,0,3,0,5830,A
5-NP,745,2,12,5840,0,5854,G
5-NP,746,2,13,5847,0,5862,G
5-NP,747,5835,0,2,0,5837,A
5-NP,748,5835,0,2,0,5837,A
5-NP,749,5796,0,4,16,5816,A
5-NP,750,3,3,0,5827,5833,C
5-NP,751,4,2,5814,1,5821,G
5-NP,752,3,1,0,5818,5822,C
5-NP,753,1,5796,0,4,5801,T
5-NP,754,1,16,5806,0,5823,G
5-NP,755,5797,2,3,0,5802,A
5-NP,756,1,16,5858,0,5875,G
5-NP,757,5913,0,6,0,5919,A
5-NP,758,0,5911,0,4,5915,T
5-NP,759,25,2,0,5807,5834,C
5-NP,760,1,22,5817,2,5842,G
5-NP,761,5835,3,4,0,5842,A
5-NP,762,5831,1,5,0,5837,A
5-NP,763,1,14,5814,0,5829,G
5-NP,764,5808,0,1,0,5809,A
5-NP,765,3,1,1,5621,5626,C
5-NP,766,26,0,1,5732,5759,C
5-NP,767,3,5764,0,6,5773,T
5-NP,768,24,1,0,5772,5797,C
5-NP,769,5803,0,2,0,5805,A
5-NP,770,2,5804,0,1,5807,T
5-NP,771,5787,0,25,0,5812,A
5-NP,772,0,5813,0,3,5816,T
5-NP,773,1,5764,1,1,5767,T
5-NP,774,1,5681,0,1,5683,T
5-NP,775,0,5639,0,1,5640,T
5-NP,776,0,5652,0,0,5652,T
5-NP,777,5652,1,1,0,5654,A
5-NP,778,1,3,5652,1,5657,G
5-NP,779,2,2,1,5649,5654,C
5-NP,780,5625,1,2,2,5630,A
5-NP,781,5622,0,2,2,5626,A
5-NP,782,1,16,5753,0,5770,G
5-NP,783,5768,0,0,1,5769,A
5-NP,784,1,5768,0,1,5770,T
5-NP,785,10,0,0,5796,5806,C
5-NP,786,0,5774,0,9,5783,T
5-NP,787,3,2,5917,0,5922,G
5-NP,788,1,2,1,5922,5926,C
5-NP,789,5932,0,2,2,5936,A
5-NP,790,1,5974,0,0,5975,T
5-NP,791,0,5771,0,6,5777,T
5-NP,792,1,11,6056,0,6068,G
5-NP,793,6163,0,2,0,6165,A
5-NP,794,2,6153,1,1,6157,T
5-NP,795,6187,0,1,0,6188,A
5-NP,796,0,6057,0,2,6059,T
5-NP,797,0,5995,1,20,6016,T
5-NP,798,1,42,6018,0,6061,G
5-NP,799,5984,1,7,0,5992,A
5-NP,800,1,16,6027,0,6044,G
5-NP,801,5740,1,3,0,5744,A
5-NP,802,3,26,5623,0,5652,G
5-NP,803,1,18,5710,0,5729,G
5-NP,804,5725,1,4,1,5731,A
5-NP,805,3,5714,1,1,5719,T
5-NP,806,22,2,0,5708,5732,C
5-NP,807,5681,0,3,2,5686,A
5-NP,808,1,2,5703,0,5706,G
5-NP,809,3,5670,1,2,5676,T
5-NP,810,0,5638,0,0,5638,T
5-NP,811,4,2,5633,0,5639,G
5-NP,812,5,0,0,5575,5580,C
5-NP,813,1,5564,1,4,5570,T
5-NP,814,50,1,2,5556,5609,C
5-NP,815,5602,1,3,1,5607,A
5-NP,816,3,2,0,5620,5625,C
5-NP,817,5602,1,0,0,5603,A
5-NP,818,5637,1,2,0,5640,A
5-NP,819,5641,1,2,0,5644,A
5-NP,820,0,5627,1,0,5628,T
5-NP,821,15,1,1,5624,5641,C
5-NP,822,1,5626,0,5,5632,T
5-NP,823,2,5621,0,2,5625,T
5-NP,824,2,1,5635,0,5638,G
5-NP,825,5,0,0,5646,5651,C
5-NP,826,17,0,0,5708,5725,C
5-NP,827,2,5694,0,12,5708,T
5-NP,828,5732,1,1,1,5735,A
5-NP,829,2,0,1,5728,5731,C
5-NP,830,18,1,1,5708,5728,C
5-NP,831,2,5704,1,6,5713,T
5-NP,832,1,7,5781,0,5789,G
5-NP,833,5,2,0,5770,5777,C
5-NP,834,17,1,2,5759,5779,C
5-NP,835,0,5699,1,3,5703,T
5-NP,836,0,1,5749,0,5750,G
5-NP,837,2,5711,1,1,5715,T
5-NP,838,2,4,5765,0,5771,G
5-NP,839,8,2,1,5786,5797,C
5-NP,840,5,5,5844,0,5854,G
5-NP,841,1,5767,0,0,5768,T
5-NP,842,5751,0,0,0,5751,A
5-NP,843,0,5755,1,1,5757,T
5-NP,844,1,28,5731,0,5760,G
5-NP,845,0,24,5874,0,5898,G
5-NP,846,5863,0,4,0,5867,A
5-NP,847,8,4,0,5747,5759,C
5-NP,848,19,0,0,5723,5742,C
5-NP,849,0,5645,1,9,5655,T
5-NP,850,2,3,5844,1,5850,G
5-NP,851,1,2,1,5851,5855,C
5-NP,852,5851,1,3,5,5860,A
5-NP,853,0,4,5922,0,5926,G
5-NP,854,1,5644,0,1,5646,T
5-NP,855,5849,0,1,1,5851,A
5-NP,856,0,5822,0,7,5829,T
5-NP,857,18,0,0,5789,5807,C
5-NP,858,24,2,2,5785,5813,C
5-NP,859,5514,2,1,0,5517,A
5-NP,860,1,2,5557,0,5560,G
5-NP,861,0,5521,1,3,5525,T
5-NP,862,0,47,5511,0,5558,G
5-NP,863,0,16,5526,0,5542,G
5-NP,864,4,3,5440,0,5447,G
5-NP,865,1,5420,1,1,5423,T
5-NP,866,5402,2,1,0,5405,A
5-NP,867,1,3,0,5394,5398,C
5-NP,868,2,38,5327,0,5367,G
5-NP,869,5331,0,1,0,5332,A
5-NP,870,5,1,0,5323,5329,C
5-NP,871,1,5202,1,1,5205,T
5-NP,872,0,5212,0,2,5214,T
5-NP,873,9,2,0,5178,5189,C
5-NP,874,2,23,5165,2,5192,G
5-NP,875,5195,0,2,0,5197,A
5-NP,876,5191,0,1,0,5192,A
5-NP,877,5216,0,1,0,5217,A
5-NP,878,5202,1,1,0,5204,A
5-NP,879,5184,0,6,0,5190,A
5-NP,880,1,16,5204,0,5221,G
5-NP,881,5191,0,9,0,5200,A
5-NP,882,2,28,5206,0,5236,G
5-NP,883,0,18,5217,0,5235,G
5-NP,884,0,13,5236,0,5249,G
5-NP,885,5269,0,1,0,5270,A
5-NP,886,1,5274,0,1,5276,T
5-NP,887,5306,0,0,0,5306,A
5-NP,888,0,5293,0,5,5298,T
5-NP,889,1,5308,0,1,5310,T
5-NP,890,18,0,0,5322,5340,C
5-NP,891,20,0,0,5284,5304,C
5-NP,892,1,5231,0,1,5233,T
5-NP,893,1,5220,0,2,5223,T
5-NP,894,0,19,5243,0,5262,G
5-NP,895,3,3,5283,0,5289,G
5-NP,896,0,5243,0,2,5245,T
5-NP,897,3,32,5178,0,5213,G
5-NP,898,3,15,5143,1,5162,G
5-NP,899,2,15,5313,0,5330,G
5-NP,900,5320,1,2,1,5324,A
5-NP,901,5330,1,1,1,5333,A
5-NP,902,0,5326,0,1,5327,T
5-NP,903,5206,0,4,1,5211,A
5-NP,904,0,28,5195,0,5223,G
5-NP,905,5165,1,5,1,5172,A
5-NP,906,6,0,0,5149,5155,C
5-NP,907,21,3,0,5079,5103,C
5-NP,908,51,0,0,4847,4898,C
5-NP,909,2,4935,1,7,4945,T
5-NP,910,1,4947,2,3,4953,T
5-NP,911,0,4952,0,2,4954,T
5-NP,912,21,1,0,4937,4959,C
5-NP,913,4936,0,4,0,4940,A
5-NP,914,4950,0,0,0,4950,A
5-NP,915,4941,1,2,0,4944,A
5-NP,916,2,1,1,4940,4944,C
5-NP,917,0,4797,0,0,4797,T
5-NP,918,4761,0,0,0,4761,A
5-NP,919,3,0,0,4787,4790,C
5-NP,920,1,4768,0,3,4772,T
5-NP,921,1,4760,0,3,4764,T
5-NP,922,12,2,1,4770,4785,C
5-NP,923,4764,1,0,1,4766,A
5-NP,924,4773,0,1,1,4775,A
5-NP,925,4755,0,1,0,4756,A
5-NP,926,4759,0,1,0,4760,A
5-NP,927,0,4706,0,0,4706,T
5-NP,928,4623,1,2,0,4626,A
5-NP,929,0,2,4655,0,4657,G
5-NP,930,2,1,0,4670,4673,C
5-NP,931,21,0,0,4680,4701,C
5-NP,932,4711,0,2,0,4713,A
5-NP,933,4725,1,0,0,4726,A
5-NP,934,4854,0,2,0,4856,A
5-NP,935,0,4862,1,1,4864,T
5-NP,936,4882,0,0,0,4882,A
5-NP,937,0,4876,0,1,4877,T
5-NP,938,4785,0,3,0,4788,A
5-NP,939,0,3,0,4791,4794,C
5-NP,940,4658,1,3,0,4662,A
5-NP,941,1,3,4749,0,4753,G
5-NP,942,0,1,1,4737,4739,C
5-NP,943,0,4589,1,3,4593,T
5-NP,944,0,4622,0,1,4623,T
5-NP,945,4636,0,1,0,4637,A
5-NP,946,4642,0,2,0,4644,A
5-NP,947,4,4632,0,0,4636,T
5-NP,948,18,0,1,4614,4633,C
5-NP,949,4468,1,2,0,4471,A
5-NP,950,0,31,4464,0,4495,G
5-NP,951,4496,0,2,0,4498,A
5-NP,952,0,2,0,4523,4525,C
5-NP,953,18,0,2,4471,4491,C
5-NP,954,0,4419,0,1,4420,T
5-NP,955,4444,0,2,0,4446,A
5-NP,956,4450,0,1,0,4451,A
5-NP,957,1,4,0,4456,4461,C
5-NP,958,2,24,4430,0,4456,G
5-NP,959,4368,1,3,0,4372,A
5-NP,960,1,8,4370,0,4379,G
5-NP,961,4314,0,19,0,4333,A
5-NP,962,4360,0,2,1,4363,A
5-NP,963,0,4353,0,2,4355,T
5-NP,964,10,1,2,4281,4294,C
5-NP,965,13,0,0,4289,4302,C
5-NP,966,4235,1,5,1,4242,A
5-NP,967,1,2,4262,0,4265,G
5-NP,968,1,1,0,4258,4260,C
5-NP,969,4266,1,5,0,4272,A
5-NP,970,4,3,0,4286,4293,C
5-NP,971,4236,1,2,0,4239,A
5-NP,972,5,0,0,4241,4246,C
5-NP,973,4213,0,2,0,4215,A
5-NP,974,4231,2,3,0,4236,A
5-NP,975,0,18,4226,1,4245,G
5-NP,976,4184,0,5,0,4189,A
5-NP,977,1,2,4197,0,4200,G
5-NP,978,0,4083,0,2,4085,T
5-NP,979,25,1,1,4058,4085,C
5-NP,980,4050,1,3,0,4054,A
5-NP,981,0,1,4043,0,4044,G
5-NP,982,2,0,0,4042,4044,C
5-NP,983,0,4000,1,1,4002,T
5-NP,984,0,17,4017,0,4034,G
5-NP,985,0,1,4042,0,4043,G
5-NP,986,2,3996,0,2,4000,T
5-NP,987,1,1,4027,1,4030,G
5-NP,988,3,3950,0,6,3959,T
5-NP,989,3,14,3934,1,3952,G
5-NP,990,1,6,3926,1,3934,G
5-NP,991,3889,1,2,0,3892,A
5-NP,992,0,3892,1,0,3893,T
5-NP,993,0,17,3688,0,3705,G
5-NP,994,1,1,3673,0,3675,G
5-NP,995,5,0,0,3630,3635,C
5-NP,996,3564,0,3,0,3567,A
5-NP,997,0,3571,0,1,3572,T
5-NP,998,1,3,3545,0,3549,G
5-NP,999,2,0,1,3555,3558,C
5-NP,1000,20,1,0,3555,3576,C
5-NP,1001,3562,1,0,0,3563,A
5-NP,1002,1,3546,0,0,3547,T
5-NP,1003,1,3484,0,0,3485,T
5-NP,1004,12,1,0,3479,3492,C
5-NP,1005,0,3415,0,0,3415,T
5-NP,1006,1,1,3408,0,3410,G
5-NP,1007,2,1,0,3401,3404,C
5-NP,1008,0,3231,1,6,3238,T
5-NP,1009,1,0,3253,0,3254,G
5-NP,1010,0,3,0,3158,3161,C
5-NP,1011,3152,0,1,0,3153,A
5-NP,1012,0,3159,0,1,3160,T
5-NP,1013,0,3115,0,2,3117,T
5-NP,1014,0,3114,0,0,3114,T
5-NP,1015,0,12,3092,1,3105,G
5-NP,1016,3105,0,0,0,3105,A
5-NP,1017,3108,0,0,0,3108,A
5-NP,1018,0,8,3112,0,3120,G
5-NP,1019,3088,0,0,0,3088,A
5-NP,1020,0,3068,0,1,3069,T
5-NP,1021,0,3058,0,0,3058,T
5-NP,1022,1,3061,0,0,3062,T
5-NP,1023,3060,0,0,0,3060,A
5-NP,1024,3060,0,1,0,3061,A
5-NP,1025,0,6,3059,0,3065,G
5-NP,1026,3057,0,1,0,3058,A
5-NP,1027,0,3055,0,2,3057,T
5-NP,1028,1,3012,0,0,3013,T
5-NP,1029,0,2,3033,0,3035,G
5-NP,1030,0,3018,0,4,3022,T
5-NP,1031,1,3018,0,1,3020,T
5-NP,1032,3019,0,1,0,3020,A
5-NP,1033,3017,0,1,0,3018,A
5-NP,1034,0,3,3021,0,3024,G
5-NP,1035,2,0,0,3030,3032,C
5-NP,1036,0,2963,1,2,2966,T
5-NP,1037,0,2969,0,1,2970,T
5-NP,1038,11,0,0,2965,2976,C
5-NP,1039,2965,1,0,0,2966,A
5-NP,1040,0,2959,0,1,2960,T
5-NP,1041,9,0,0,2955,2964,C
5-NP,1042,2922,2,0,0,2924,A
5-NP,1043,3,8,2914,0,2925,G
5-NP,1044,2874,2,2,0,2878,A
5-NP,1045,1,19,2867,1,2888,G
5-NP,1046,1,18,2846,0,2865,G
5-NP,1047,1,7,2842,0,2850,G
5-NP,1048,2835,2,6,1,2844,A
5-NP,1049,0,2,0,2847,2849,C
5-NP,1050,2844,0,0,0,2844,A
5-NP,1051,2849,0,0,0,2849,A
5-NP,1052,2846,0,0,0,2846,A
5-NP,1053,2849,0,0,1,2850,A
5-NP,1054,0,1,2861,0,2862,G
5-NP,1055,0,2791,0,0,2791,T
5-NP,1056,2768,1,1,0,2770,A
5-NP,1057,1,2756,0,2,2759,T
5-NP,1058,5,0,0,2760,2765,C
5-NP,1059,0,2748,0,0,2748,T
5-NP,1060,19,0,0,2735,2754,C
5-NP,1061,10,1,1,2724,2736,C
5-NP,1062,0,2699,1,2,2702,T
5-NP,1063,10,3,0,2684,2697,C
5-NP,1064,0,13,2680,0,2693,G
5-NP,1065,0,5,2688,1,2694,G
5-NP,1066,1,14,2679,1,2695,G
5-NP,1067,1,11,2673,0,2685,G
5-NP,1068,1,8,2680,0,2689,G
5-NP,1069,2640,0,0,0,2640,A
5-NP,1070,2641,1,0,0,2642,A
5-NP,1071,2642,1,1,0,2644,A
5-NP,1072,1,1,0,2652,2654,C
5-NP,1073,0,2622,1,1,2624,T
5-NP,1074,3,2,2631,0,2636,G
5-NP,1075,1,2612,0,2,2615,T
5-NP,1076,23,1,0,2590,2614,C
5-NP,1077,2635,0,2,0,2637,A
5-NP,1078,2640,1,0,0,2641,A
5-NP,1079,1,0,0,2648,2649,C
5-NP,1080,2,2641,1,0,2644,T
5-NP,1081,2589,0,2,0,2591,A
5-NP,1082,0,4,2583,0,2587,G
5-NP,1083,2544,0,4,0,2548,A
5-NP,1084,1,8,2539,0,2548,G
5-NP,1085,0,11,2536,0,2547,G
5-NP,1086,2388,0,3,0,2391,A
5-NP,1087,0,2,2389,1,2392,G
5-NP,1088,1,2366,0,0,2367,T
5-NP,1089,2369,0,1,0,2370,A
5-NP,1090,5,0,0,2366,2371,C
5-NP,1091,2327,0,1,0,2328,A
5-NP,1092,2328,0,0,0,2328,A
5-NP,1093,2298,0,0,0,2298,A
5-NP,1094,0,2272,0,0,2272,T
5-NP,1095,0,2250,0,2,2252,T
5-NP,1096,1,2,2175,0,2178,G
5-NP,1097,1,0,0,2150,2151,C
5-NP,1098,0,2137,0,1,2138,T
5-NP,1099,0,2139,0,0,2139,T
5-NP,1100,9,2,0,2131,2142,C
5-NP,1101,2144,0,0,0,2144,A
5-NP,1102,2141,1,1,0,2143,A
5-NP,1103,2145,0,0,0,2145,A
5-NP,1104,0,2148,0,0,2148,T
5-NP,1105,0,18,2124,0,2142,G
5-NP,1106,2095,0,3,0,2098,A
5-NP,1107,0,8,2094,0,2102,G
5-NP,1108,2104,0,2,0,2106,A
5-NP,1109,2099,0,2,0,2101,A
5-NP,1110,2,0,0,2094,2096,C
5-NP,1111,2062,0,1,0,2063,A
5-NP,1112,0,2058,0,0,2058,T
5-NP,1113,0,5,2045,0,2050,G
5-NP,1114,0,2,2051,0,2053,G
5-NP,1115,2046,1,0,0,2047,A
5-NP,1116,0,1992,0,1,1993,T
5-NP,1117,1959,0,1,0,1960,A
5-NP,1118,1975,0,0,0,1975,A
5-NP,1119,1,1931,0,0,1932,T
5-NP,1120,1913,0,1,0,1914,A
5-NP,1121,0,1905,0,1,1906,T
5-NP,1122,1,5,1712,0,1718,G
5-NP,1123,0,3,1659,0,1662,G
5-NP,1124,0,4,1651,0,1655,G
5-NP,1125,1633,1,0,0,1634,A
5-NP,1126,1,1632,0,0,1633,T
5-NP,1127,4,0,0,1192,1196,C
5-NP,1128,2,4,1186,0,1192,G
5-NP,1129,1186,0,0,0,1186,A
5-NP,1130,0,1,1186,0,1187,G
5-NP,1131,1,0,0,1182,1183,C
5-NP,1132,1164,0,0,0,1164,A
5-NP,1133,0,0,0,1171,1171,C
5-NP,1134,0,1148,0,1,1149,T
5-NP,1135,10,0,0,1145,1155,C
5-NP,1136,1,1145,0,6,1152,T
5-NP,1137,0,1126,0,1,1127,T
5-NP,1138,0,6,1117,0,1123,G
5-NP,1139,1121,0,0,0,1121,A
5-NP,1140,1122,0,0,0,1122,A
5-NP,1141,2,0,0,1118,1120,C
5-NP,1142,0,758,0,0,758,T
5-NP,1143,0,2,757,0,759,G
5-NP,1144,719,0,1,0,720,A
5-NP,1145,0,0,723,0,723,G
5-NP,1146,722,0,0,0,722,A
5-NP,1147,689,0,0,0,689,A
5-NP,1148,0,0,695,0,695,G
5-NP,1149,1,0,0,656,657,C
5-NP,1150,2,3,645,0,650,G
5-NP,1151,0,0,647,0,647,G
5-NP,1152,1,1,601,0,603,G
5-NP,1153,0,594,0,0,594,T
5-NP,1154,564,0,0,0,564,A
5-NP,1155,0,0,0,560,560,C
5-NP,1156,0,310,0,0,310,T
5-NP,1157,0,4,278,0,282,G
5-NP,1158,1,0,252,0,253,G
5-NP,1159,0,1,234,0,235,G
5-NP,1160,1,0,0,225,226,C
5-NP,1161,0,0,0,152,152,C
5-NP,1162,156,0,0,0,156,A
5-NP,1163,0,156,0,0,156,T
5-NP,1164,156,0,0,0,156,A
5-NP,1165,156,0,0,0,156,A
5-NP,1166,0,0,155,0,155,G
5-NP,1167,0,1,159,0,160,G
5-NP,1168,157,1,0,0,158,A
5-NP,1169,0,0,0,159,159,C
5-NP,1170,0,1,0,158,159,C
5-NP,1171,156,0,1,0,157,A
5-NP,1172,0,0,159,0,159,G
5-NP,1173,0,1,159,0,160,G
5-NP,1174,159,0,0,0,159,A
5-NP,1175,0,0,160,0,160,G
5-NP,1176,0,153,0,0,153,T
5-NP,1177,0,2,149,0,151,G
5-NP,1178,0,0,155,0,155,G
5-NP,1179,152,0,0,0,152,A
5-NP,1180,1,0,153,0,154,G
5-NP,1181,0,0,152,0,152,G
5-NP,1182,152,0,0,0,152,A
5-NP,1183,151,0,0,0,151,A
5-NP,1184,154,0,0,0,154,A
5-NP,1185,0,0,0,154,154,C
5-NP,1186,154,0,0,0,154,A
5-NP,1187,0,0,0,161,161,C
5-NP,1188,0,160,0,0,160,T
5-NP,1189,162,0,0,0,162,A
5-NP,1190,163,0,0,0,163,A
5-NP,1191,0,161,0,0,161,T
5-NP,1192,0,0,0,161,161,C
5-NP,1193,162,0,0,0,162,A
5-NP,1194,164,0,0,0,164,A
5-NP,1195,0,0,0,165,165,C
5-NP,1196,164,0,0,0,164,A
5-NP,1197,0,1,163,0,164,G
5-NP,1198,161,0,0,0,161,A
5-NP,1199,0,0,161,0,161,G
5-NP,1200,0,0,161,0,161,G
5-NP,1201,0,0,160,0,160,G
5-NP,1202,0,0,0,162,162,C
5-NP,1203,1,0,0,160,161,C
5-NP,1204,0,157,0,0,157,T
5-NP,1205,1,0,0,159,160,C
5-NP,1206,0,0,0,160,160,C
5-NP,1207,0,0,159,0,159,G
5-NP,1208,0,0,0,160,160,C
5-NP,1209,158,0,0,0,158,A
5-NP,1210,0,0,163,0,163,G
5-NP,1211,0,0,162,0,162,G
5-NP,1212,0,0,0,165,165,C
5-NP,1213,0,0,0,166,166,C
5-NP,1214,164,0,0,0,164,A
5-NP,1215,164,0,0,0,164,A
5-NP,1216,166,0,0,0,166,A
5-NP,1217,0,0,0,170,170,C
5-NP,1218,0,0,0,170,170,C
5-NP,1219,166,0,0,0,166,A
5-NP,1220,0,0,170,0,170,G
5-NP,1221,0,168,0,0,168,T
5-NP,1222,0,0,167,0,167,G
5-NP,1223,0,167,0,0,167,T
5-NP,1224,0,0,168,0,168,G
5-NP,1225,0,0,0,168,168,C
5-NP,1226,168,0,0,0,168,A
5-NP,1227,171,0,0,0,171,A
5-NP,1228,0,0,0,172,172,C
5-NP,1229,0,0,0,171,171,C
5-NP,1230,0,173,0,0,173,T
5-NP,1231,170,0,0,0,170,A
5-NP,1232,0,0,0,170,170,C
5-NP,1233,0,1,170,0,171,G
5-NP,1234,0,169,0,0,169,T
5-NP,1235,0,175,0,0,175,T
5-NP,1236,0,172,0,0,172,T
5-NP,1237,0,172,0,0,172,T
5-NP,1238,0,0,0,172,172,C
5-NP,1239,0,169,0,1,170,T
5-NP,1240,0,0,174,0,174,G
5-NP,1241,0,172,0,3,175,T
5-NP,1242,175,0,0,0,175,A
5-NP,1243,0,1,0,177,178,C
5-NP,1244,176,0,0,0,176,A
5-NP,1245,176,0,0,0,176,A
5-NP,1246,176,0,0,0,176,A
5-NP,1247,0,0,177,0,177,G
5-NP,1248,176,0,0,0,176,A
5-NP,1249,175,0,0,0,175,A
5-NP,1250,176,0,0,0,176,A
5-NP,1251,0,0,0,176,176,C
5-NP,1252,1,0,0,175,176,C
5-NP,1253,0,175,0,0,175,T
5-NP,1254,0,0,0,174,174,C
5-NP,1255,0,0,0,175,175,C
5-NP,1256,3,0,0,172,175,C
5-NP,1257,174,0,0,0,174,A
5-NP,1258,0,174,0,0,174,T
5-NP,1259,0,175,0,0,175,T
5-NP,1260,0,175,0,0,175,T
5-NP,1261,0,2,172,0,174,G
5-NP,1262,172,0,0,0,172,A
5-NP,1263,171,0,1,0,172,A
5-NP,1264,172,0,0,0,172,A
5-NP,1265,171,0,0,0,171,A
5-NP,1266,0,0,172,0,172,G
5-NP,1267,0,170,0,0,170,T
5-NP,1268,0,0,0,171,171,C
5-NP,1269,172,0,0,0,172,A
5-NP,1270,173,0,0,0,173,A
5-NP,1271,0,0,0,173,173,C
5-NP,1272,0,0,0,173,173,C
5-NP,1273,173,0,0,0,173,A
5-NP,1274,0,176,0,0,176,T
5-NP,1275,0,0,0,174,174,C
5-NP,1276,175,0,0,0,175,A
5-NP,1277,0,175,0,0,175,T
5-NP,1278,0,0,174,0,174,G
5-NP,1279,0,0,173,0,173,G
5-NP,1280,0,0,0,174,174,C
5-NP,1281,168,0,0,0,168,A
5-NP,1282,0,0,170,0,170,G
5-NP,1283,0,0,0,170,170,C
5-NP,1284,170,0,0,0,170,A
5-NP,1285,0,169,0,0,169,T
5-NP,1286,0,170,0,0,170,T
5-NP,1287,1,0,0,172,173,C
5-NP,1288,167,0,0,0,167,A
5-NP,1289,0,0,0,168,168,C
5-NP,1290,0,168,0,0,168,T
5-NP,1291,0,2,166,0,168,G
5-NP,1292,0,0,168,0,168,G
5-NP,1293,167,0,0,0,167,A
5-NP,1294,167,0,0,0,167,A
5-NP,1295,166,0,1,0,167,A
5-NP,1296,0,166,0,0,166,T
5-NP,1297,166,0,0,0,166,A
5-NP,1298,0,0,0,164,164,C
5-NP,1299,0,0,159,0,159,G
5-NP,1300,0,1,158,0,159,G
5-NP,1301,154,0,1,0,155,A
5-NP,1302,0,4,152,0,156,G
5-NP,1303,0,3,154,0,157,G
5-NP,1304,0,0,155,0,155,G
5-NP,1305,155,0,0,0,155,A
5-NP,1306,155,0,0,0,155,A
5-NP,1307,0,1,155,0,156,G
5-NP,1308,154,1,0,0,155,A
5-NP,1309,156,0,1,0,157,A
5-NP,1310,0,0,0,158,158,C
5-NP,1311,0,158,0,0,158,T
5-NP,1312,0,158,0,1,159,T
5-NP,1313,0,0,0,157,157,C
5-NP,1314,155,0,1,0,156,A
5-NP,1315,0,0,157,0,157,G
5-NP,1316,156,0,0,0,156,A
5-NP,1317,0,0,0,155,155,C
5-NP,1318,154,0,0,0,154,A
5-NP,1319,0,150,0,0,150,T
5-NP,1320,0,0,150,0,150,G
5-NP,1321,149,0,0,0,149,A
5-NP,1322,0,2,148,0,150,G
5-NP,1323,0,0,150,0,150,G
5-NP,1324,0,1,147,0,148,G
5-NP,1325,0,0,0,148,148,C
5-NP,1326,145,0,0,0,145,A
5-NP,1327,0,0,146,0,146,G
5-NP,1328,145,0,0,0,145,A
5-NP,1329,146,0,0,0,146,A
5-NP,1330,144,0,0,0,144,A
5-NP,1331,0,146,0,0,146,T
5-NP,1332,0,0,0,146,146,C
5-NP,1333,145,0,0,0,145,A
5-NP,1334,0,144,0,0,144,T
5-NP,1335,145,0,0,0,145,A
5-NP,1336,144,0,0,0,144,A
5-NP,1337,0,2,142,0,144,G
5-NP,1338,144,0,0,0,144,A
5-NP,1339,145,0,1,0,146,A
5-NP,1340,0,141,0,0,141,T
5-NP,1341,0,0,143,0,143,G
5-NP,1342,141,0,1,0,142,A
5-NP,1343,1,141,0,0,142,T
5-NP,1344,0,0,142,0,142,G
5-NP,1345,0,0,142,0,142,G
5-NP,1346,141,0,0,0,141,A
5-NP,1347,140,0,0,0,140,A
5-NP,1348,137,0,0,0,137,A
5-NP,1349,0,0,137,0,137,G
5-NP,1350,0,138,0,0,138,T
5-NP,1351,0,0,138,0,138,G
5-NP,1352,0,0,0,137,137,C
5-NP,1353,137,0,0,0,137,A
5-NP,1354,137,0,0,0,137,A
5-NP,1355,136,0,0,0,136,A
5-NP,1356,137,0,0,0,137,A
5-NP,1357,0,0,0,137,137,C
5-NP,1358,1,0,0,136,137,C
5-NP,1359,135,0,0,0,135,A
5-NP,1360,0,0,135,0,135,G
5-NP,1361,134,0,1,0,135,A
5-NP,1362,135,0,0,0,135,A
5-NP,1363,0,0,134,0,134,G
5-NP,1364,133,0,0,0,133,A
5-NP,1365,127,0,0,0,127,A
5-NP,1366,0,0,127,0,127,G
5-NP,1367,0,126,0,0,126,T
5-NP,1368,0,0,126,0,126,G
5-NP,1369,0,122,0,0,122,T
5-NP,1370,1,0,0,120,121,C
5-NP,1371,123,0,0,0,123,A
5-NP,1372,1,124,0,0,125,T
5-NP,1373,0,122,0,0,122,T
5-NP,1374,0,0,0,122,122,C
5-NP,1375,0,1,0,117,118,C
5-NP,1376,0,0,116,0,116,G
5-NP,1377,0,0,120,0,120,G
5-NP,1378,0,0,120,0,120,G
5-NP,1379,0,0,116,0,116,G
5-NP,1380,118,0,0,0,118,A
5-NP,1381,118,0,0,0,118,A
5-NP,1382,1,1,116,0,118,G
5-NP,1383,0,1,115,0,116,G
5-NP,1384,0,0,117,0,117,G
5-NP,1385,0,0,118,0,118,G
5-NP,1386,116,0,1,0,117,A
5-NP,1387,0,0,116,0,116,G
5-NP,1388,0,113,0,0,113,T
5-NP,1389,1,0,0,112,113,C
5-NP,1390,0,114,0,0,114,T
5-NP,1391,0,114,0,0,114,T
5-NP,1392,0,0,0,115,115,C
5-NP,1393,0,2,113,0,115,G
5-NP,1394,114,0,0,0,114,A
5-NP,1395,0,0,114,0,114,G
5-NP,1396,0,0,0,112,112,C
5-NP,1397,0,109,0,1,110,T
5-NP,1398,0,0,0,109,109,C
5-NP,1399,0,110,0,0,110,T
5-NP,1400,0,0,0,110,110,C
5-NP,1401,111,0,0,0,111,A
5-NP,1402,0,1,111,0,112,G
5-NP,1403,111,0,0,0,111,A
5-NP,1404,0,0,0,111,111,C
5-NP,1405,0,1,111,0,112,G
5-NP,1406,110,0,0,0,110,A
5-NP,1407,0,0,111,0,111,G
5-NP,1408,111,0,0,0,111,A
5-NP,1409,111,0,0,0,111,A
5-NP,1410,0,0,109,0,109,G
5-NP,1411,0,0,111,0,111,G
5-NP,1412,0,0,0,109,109,C
5-NP,1413,110,0,0,0,110,A
5-NP,1414,111,0,0,0,111,A
5-NP,1415,0,0,0,110,110,C
5-NP,1416,0,0,109,0,109,G
5-NP,1417,109,0,0,0,109,A
5-NP,1418,108,0,0,0,108,A
5-NP,1419,0,0,0,108,108,C
5-NP,1420,0,0,0,106,106,C
5-NP,1421,0,0,0,107,107,C
5-NP,1422,0,0,107,0,107,G
5-NP,1423,104,0,0,0,104,A
5-NP,1424,0,107,0,0,107,T
5-NP,1425,0,0,0,104,104,C
5-NP,1426,0,0,104,0,104,G
5-NP,1427,0,103,0,0,103,T
5-NP,1428,0,0,103,0,103,G
5-NP,1429,0,0,0,102,102,C
5-NP,1430,1,0,0,102,103,C
5-NP,1431,0,0,0,102,102,C
5-NP,1432,0,97,0,0,97,T
5-NP,1433,0,0,0,100,100,C
5-NP,1434,0,101,0,0,101,T
5-NP,1435,0,102,0,0,102,T
5-NP,1436,0,100,0,1,101,T
5-NP,1437,0,99,0,0,99,T
5-NP,1438,0,0,100,0,100,G
5-NP,1439,100,0,0,0,100,A
5-NP,1440,0,100,0,0,100,T
5-NP,1441,100,0,0,0,100,A
5-NP,1442,0,82,0,0,82,T
5-NP,1443,0,0,82,0,82,G
5-NP,1444,82,0,0,0,82,A
5-NP,1445,0,0,85,0,85,G
5-NP,1446,0,84,0,1,85,T
5-NP,1447,79,0,0,0,79,A
5-NP,1448,80,0,0,0,80,A
5-NP,1449,0,80,0,0,80,T
5-NP,1450,0,0,80,0,80,G
5-NP,1451,80,0,0,0,80,A
5-NP,1452,73,0,0,0,73,A
5-NP,1453,0,0,73,0,73,G
5-NP,1454,0,0,69,0,69,G
5-NP,1455,71,0,0,0,71,A
5-NP,1456,0,71,0,0,71,T
5-NP,1457,1,0,0,67,68,C
5-NP,1458,0,68,0,0,68,T
5-NP,1459,0,68,0,0,68,T
5-NP,1460,68,0,0,0,68,A
5-NP,1461,0,67,0,0,67,T
5-NP,1462,0,66,0,0,66,T
5-NP,1463,0,65,0,0,65,T
5-NP,1464,0,1,0,62,63,C
5-NP,1465,0,60,0,0,60,T
5-NP,1466,0,59,0,0,59,T
5-NP,1467,0,0,0,60,60,C
5-NP,1468,0,0,60,0,60,G
5-NP,1469,0,1,59,0,60,G
5-NP,1470,59,0,0,0,59,A
5-NP,1471,0,2,57,0,59,G
5-NP,1472,58,0,0,0,58,A
5-NP,1473,0,0,0,57,57,C
5-NP,1474,55,0,0,0,55,A
5-NP,1475,54,0,1,0,55,A
5-NP,1476,0,54,0,0,54,T
5-NP,1477,0,0,55,0,55,G
5-NP,1478,0,0,1,54,55,C
5-NP,1479,53,0,0,0,53,A
5-NP,1480,0,0,53,0,53,G
5-NP,1481,52,0,0,0,52,A
5-NP,1482,47,0,0,0,47,A
5-NP,1483,0,0,47,0,47,G
5-NP,1484,31,0,0,0,31,A
5-NP,1485,1,0,30,0,31,G
5-NP,1486,0,25,0,0,25,T
5-NP,1487,26,0,0,0,26,A
5-NP,1488,0,23,0,0,23,T
5-NP,1489,0,0,24,0,24,G
5-NP,1490,24,0,0,0,24,A
5-NP,1491,0,0,0,24,24,C
5-NP,1492,18,0,0,0,18,A
5-NP,1493,18,0,0,0,18,A
5-NP,1494,0,10,0,0,10,T
5-NP,1495,0,10,0,0,10,T
5-NP,1496,10,0,0,0,10,A
5-NP,1497,10,0,0,0,10,A
6-NA,1,31,0,0,0,31,A
6-NA,2,0,31,0,0,31,T
6-NA,3,0,0,31,0,31,G
6-NA,4,30,1,0,0,31,A
6-NA,5,33,0,0,0,33,A
6-NA,6,0,32,0,0,32,T
6-NA,7,0,0,0,33,33,C
6-NA,8,0,0,0,33,33,C
6-NA,9,33,0,0,0,33,A
6-NA,10,34,0,0,0,34,A
6-NA,11,34,0,0,0,34,A
6-NA,12,0,35,0,0,35,T
6-NA,13,0,0,0,35,35,C
6-NA,14,35,0,0,0,35,A
6-NA,15,35,0,0,0,35,A
6-NA,16,35,0,0,0,35,A
6-NA,17,39,0,0,0,39,A
6-NA,18,0,0,43,0,43,G
6-NA,19,46,0,0,0,46,A
6-NA,20,0,46,0,1,47,T
6-NA,21,48,0,0,0,48,A
6-NA,22,50,0,0,0,50,A
6-NA,23,0,51,0,0,51,T
6-NA,24,51,0,0,0,51,A
6-NA,25,53,0,0,0,53,A
6-NA,26,0,2,0,55,57,C
6-NA,27,0,0,57,0,57,G
6-NA,28,58,0,0,0,58,A
6-NA,29,0,58,0,0,58,T
6-NA,30,0,58,0,0,58,T
6-NA,31,0,0,58,0,58,G
6-NA,32,0,0,63,0,63,G
6-NA,33,0,0,0,64,64,C
6-NA,34,0,63,0,1,64,T
6-NA,35,0,0,0,65,65,C
6-NA,36,0,65,0,0,65,T
6-NA,37,0,0,70,0,70,G
6-NA,38,0,69,0,0,69,T
6-NA,39,0,70,0,0,70,T
6-NA,40,0,72,0,0,72,T
6-NA,41,0,0,0,72,72,C
6-NA,42,0,72,0,0,72,T
6-NA,43,0,0,0,72,72,C
6-NA,44,0,72,0,0,72,T
6-NA,45,0,0,0,75,75,C
6-NA,46,75,0,1,0,76,A
6-NA,47,0,0,0,82,82,C
6-NA,48,0,0,0,81,81,C
6-NA,49,82,0,0,0,82,A
6-NA,50,0,86,0,0,86,T
6-NA,51,0,89,0,0,89,T
6-NA,52,0,90,0,0,90,T
6-NA,53,1,0,0,91,92,C
6-NA,54,0,0,0,92,92,C
6-NA,55,92,0,0,0,92,A
6-NA,56,0,0,0,98,98,C
6-NA,57,98,0,0,0,98,A
6-NA,58,100,0,0,0,100,A
6-NA,59,0,100,0,0,100,T
6-NA,60,105,0,0,0,105,A
6-NA,61,0,106,0,0,106,T
6-NA,62,0,0,109,0,109,G
6-NA,63,0,0,0,109,109,C
6-NA,64,0,109,0,0,109,T
6-NA,65,0,109,0,0,109,T
6-NA,66,0,0,0,110,110,C
6-NA,67,0,109,0,0,109,T
6-NA,68,0,109,0,0,109,T
6-NA,69,0,0,0,108,108,C
6-NA,70,108,0,1,0,109,A
6-NA,71,0,111,0,0,111,T
6-NA,72,0,0,111,0,111,G
6-NA,73,0,1,0,112,113,C
6-NA,74,113,0,0,0,113,A
6-NA,75,113,0,0,0,113,A
6-NA,76,113,0,0,0,113,A
6-NA,77,0,113,0,0,113,T
6-NA,78,0,113,0,0,113,T
6-NA,79,0,0,114,0,114,G
6-NA,80,0,0,0,115,115,C
6-NA,81,0,0,0,114,114,C
6-NA,82,115,0,0,0,115,A
6-NA,83,0,116,0,0,116,T
6-NA,84,0,0,0,134,134,C
6-NA,85,0,134,0,0,134,T
6-NA,86,0,133,0,0,133,T
6-NA,87,0,0,138,0,138,G
6-NA,88,137,0,0,0,137,A
6-NA,89,0,139,0,0,139,T
6-NA,90,139,0,0,0,139,A
6-NA,91,139,0,0,0,139,A
6-NA,92,0,0,0,149,149,C
6-NA,93,0,147,0,0,147,T
6-NA,94,149,0,0,0,149,A
6-NA,95,0,0,0,155,155,C
6-NA,96,0,155,1,0,156,T
6-NA,97,0,0,162,0,162,G
6-NA,98,0,162,0,0,162,T
6-NA,99,160,0,0,1,161,A
6-NA,100,162,0,0,0,162,A
6-NA,101,0,0,0,161,161,C
6-NA,102,156,0,0,0,156,A
6-NA,103,0,155,0,0,155,T
6-NA,104,0,155,0,0,155,T
6-NA,105,0,0,156,0,156,G
6-NA,106,0,0,0,157,157,C
6-NA,107,159,0,0,0,159,A
6-NA,108,0,158,0,0,158,T
6-NA,109,0,158,0,1,159,T
6-NA,110,0,159,0,0,159,T
6-NA,111,0,0,0,158,158,C
6-NA,112,157,0,0,0,157,A
6-NA,113,158,0,0,0,158,A
6-NA,114,157,0,0,0,157,A
6-NA,115,0,0,0,162,162,C
6-NA,116,160,0,0,0,160,A
6-NA,117,171,0,0,0,171,A
6-NA,118,0,174,0,0,174,T
6-NA,119,174,0,0,0,174,A
6-NA,120,0,174,0,0,174,T
6-NA,121,0,0,177,0,177,G
6-NA,122,177,0,0,0,177,A
6-NA,123,181,0,0,0,181,A
6-NA,124,0,182,0,0,182,T
6-NA,125,0,182,0,0,182,T
6-NA,126,4,0,0,177,181,C
6-NA,127,180,0,0,0,180,A
6-NA,128,181,0,0,0,181,A
6-NA,129,0,0,0,181,181,C
6-NA,130,0,179,0,0,179,T
6-NA,131,1,0,0,183,184,C
6-NA,132,0,0,0,184,184,C
6-NA,133,0,0,0,189,189,C
6-NA,134,1,0,0,187,188,C
6-NA,135,0,0,0,190,190,C
6-NA,136,0,0,0,193,193,C
6-NA,137,2,0,0,191,193,C
6-NA,138,195,0,0,0,195,A
6-NA,139,195,0,0,0,195,A
6-NA,140,193,0,0,0,193,A
6-NA,141,0,0,0,197,197,C
6-NA,142,195,0,0,0,195,A
6-NA,143,198,0,0,0,198,A
6-NA,144,0,0,0,198,198,C
6-NA,145,0,0,0,198,198,C
6-NA,146,207,0,0,0,207,A
6-NA,147,208,0,0,0,208,A
6-NA,148,0,0,214,0,214,G
6-NA,149,1,212,0,0,213,T
6-NA,150,0,0,215,0,215,G
6-NA,151,218,0,0,0,218,A
6-NA,152,0,217,0,1,218,T
6-NA,153,0,0,216,0,216,G
6-NA,154,0,0,0,218,218,C
6-NA,155,0,214,0,0,214,T
6-NA,156,0,1,224,0,225,G
6-NA,157,0,223,0,0,223,T
6-NA,158,0,0,223,0,223,G
6-NA,159,0,221,0,0,221,T
6-NA,160,0,1,218,0,219,G
6-NA,161,223,0,0,0,223,A
6-NA,162,228,0,0,0,228,A
6-NA,163,0,0,0,228,228,C
6-NA,164,1,0,0,224,225,C
6-NA,165,221,0,0,0,221,A
6-NA,166,222,0,0,0,222,A
6-NA,167,0,1,0,227,228,C
6-NA,168,228,0,0,0,228,A
6-NA,169,230,0,0,0,230,A
6-NA,170,0,230,0,0,230,T
6-NA,171,231,0,0,0,231,A
6-NA,172,231,0,0,0,231,A
6-NA,173,0,229,0,0,229,T
6-NA,174,229,0,0,0,229,A
6-NA,175,0,1,230,0,231,G
6-NA,176,228,0,0,0,228,A
6-NA,177,227,0,0,0,227,A
6-NA,178,226,0,0,0,226,A
6-NA,179,0,0,230,0,230,G
6-NA,180,233,0,0,0,233,A
6-NA,181,234,0,0,0,234,A
6-NA,182,243,0,0,0,243,A
6-NA,183,0,0,0,245,245,C
6-NA,184,247,0,0,0,247,A
6-NA,185,0,247,0,0,247,T
6-NA,186,246,0,0,0,246,A
6-NA,187,251,0,0,0,251,A
6-NA,188,1,0,0,255,256,C
6-NA,189,249,0,0,0,249,A
6-NA,190,0,1,258,0,259,G
6-NA,191,256,0,0,0,256,A
6-NA,192,0,2,257,0,259,G
6-NA,193,261,0,1,0,262,A
6-NA,194,0,268,0,0,268,T
6-NA,195,268,0,0,0,268,A
6-NA,196,0,0,269,0,269,G
6-NA,197,0,266,1,0,267,T
6-NA,198,0,0,278,0,278,G
6-NA,199,0,281,0,0,281,T
6-NA,200,280,0,0,0,280,A
6-NA,201,0,280,0,0,280,T
6-NA,202,0,0,0,278,278,C
6-NA,203,0,275,0,1,276,T
6-NA,204,0,2,283,0,285,G
6-NA,205,285,0,0,0,285,A
6-NA,206,0,0,0,285,285,C
6-NA,207,0,0,0,289,289,C
6-NA,208,287,0,0,0,287,A
6-NA,209,289,0,0,0,289,A
6-NA,210,0,0,0,295,295,C
6-NA,211,294,0,0,0,294,A
6-NA,212,0,0,0,306,306,C
6-NA,213,0,1,0,303,304,C
6-NA,214,311,0,0,1,312,A
6-NA,215,0,0,0,318,318,C
6-NA,216,2,0,0,318,320,C
6-NA,217,317,0,0,0,317,A
6-NA,218,0,317,0,0,317,T
6-NA,219,318,0,0,0,318,A
6-NA,220,0,3,314,0,317,G
6-NA,221,316,0,0,0,316,A
6-NA,222,0,0,321,0,321,G
6-NA,223,320,0,0,0,320,A
6-NA,224,314,0,0,0,314,A
6-NA,225,0,1,317,0,318,G
6-NA,226,0,0,320,0,320,G
6-NA,227,319,0,0,0,319,A
6-NA,228,318,0,0,0,318,A
6-NA,229,319,0,0,0,319,A
6-NA,230,0,319,0,0,319,T
6-NA,231,316,0,0,0,316,A
6-NA,232,0,316,0,0,316,T
6-NA,233,0,0,315,0,315,G
6-NA,234,0,0,0,316,316,C
6-NA,235,3,0,0,308,311,C
6-NA,236,3,3,0,307,313,C
6-NA,237,2,0,0,315,317,C
6-NA,238,317,1,0,0,318,A
6-NA,239,324,0,0,0,324,A
6-NA,240,326,0,0,0,326,A
6-NA,241,0,0,0,328,328,C
6-NA,242,0,327,0,0,327,T
6-NA,243,324,0,0,0,324,A
6-NA,244,3,0,323,0,326,G
6-NA,245,0,0,0,325,325,C
6-NA,246,324,0,0,0,324,A
6-NA,247,0,3,326,0,329,G
6-NA,248,328,0,0,0,328,A
6-NA,249,335,0,0,0,335,A
6-NA,250,0,337,0,0,337,T
6-NA,251,337,0,0,0,337,A
6-NA,252,0,0,0,337,337,C
6-NA,253,334,0,0,0,334,A
6-NA,254,0,1,337,0,338,G
6-NA,255,337,0,1,0,338,A
6-NA,256,334,0,0,0,334,A
6-NA,257,334,0,0,0,334,A
6-NA,258,0,332,0,0,332,T
6-NA,259,0,333,0,0,333,T
6-NA,260,0,1,335,0,336,G
6-NA,261,0,0,335,0,335,G
6-NA,262,1,335,0,0,336,T
6-NA,263,1,0,0,334,335,C
6-NA,264,334,0,0,0,334,A
6-NA,265,334,0,1,0,335,A
6-NA,266,334,0,0,0,334,A
6-NA,267,0,0,337,0,337,G
6-NA,268,0,0,0,334,334,C
6-NA,269,0,0,0,336,336,C
6-NA,270,0,0,337,0,337,G
6-NA,271,0,0,0,339,339,C
6-NA,272,338,0,0,1,339,A
6-NA,273,345,0,0,0,345,A
6-NA,274,0,343,0,0,343,T
6-NA,275,0,0,350,0,350,G
6-NA,276,0,349,0,0,349,T
6-NA,277,0,0,347,0,347,G
6-NA,278,352,0,0,0,352,A
6-NA,279,0,0,0,357,357,C
6-NA,280,361,0,0,0,361,A
6-NA,281,0,365,0,0,365,T
6-NA,282,0,365,0,0,365,T
6-NA,283,365,0,0,0,365,A
6-NA,284,0,1,0,363,364,C
6-NA,285,363,0,0,0,363,A
6-NA,286,0,4,359,0,363,G
6-NA,287,0,1,358,0,359,G
6-NA,288,0,1,352,0,353,G
6-NA,289,0,366,0,1,367,T
6-NA,290,0,367,0,0,367,T
6-NA,291,0,367,0,0,367,T
6-NA,292,0,0,368,0,368,G
6-NA,293,2,0,0,366,368,C
6-NA,294,368,0,0,0,368,A
6-NA,295,0,1,0,371,372,C
6-NA,296,3,0,0,362,365,C
6-NA,297,0,362,0,0,362,T
6-NA,298,0,364,0,0,364,T
6-NA,299,0,361,0,0,361,T
6-NA,300,0,364,0,0,364,T
6-NA,301,0,368,0,0,368,T
6-NA,302,3,0,0,366,369,C
6-NA,303,0,367,0,0,367,T
6-NA,304,369,0,0,0,369,A
6-NA,305,366,1,1,0,368,A
6-NA,306,1,3,365,0,369,G
6-NA,307,0,0,368,0,368,G
6-NA,308,366,0,1,0,367,A
6-NA,309,0,0,0,366,366,C
6-NA,310,362,0,0,0,362,A
6-NA,311,363,0,0,0,363,A
6-NA,312,0,361,0,0,361,T
6-NA,313,0,361,0,0,361,T
6-NA,314,2,0,0,366,368,C
6-NA,315,1,3,365,0,369,G
6-NA,316,367,0,0,0,367,A
6-NA,317,0,368,0,1,369,T
6-NA,318,1,364,0,0,365,T
6-NA,319,364,0,1,0,365,A
6-NA,320,0,0,368,0,368,G
6-NA,321,0,0,366,0,366,G
6-NA,322,0,0,0,366,366,C
6-NA,323,0,361,0,0,361,T
6-NA,324,0,364,0,1,365,T
6-NA,325,0,362,0,1,363,T
6-NA,326,1,0,0,362,363,C
6-NA,327,2,1,0,361,364,C
6-NA,328,0,0,361,0,361,G
6-NA,329,0,0,0,364,364,C
6-NA,330,0,362,0,0,362,T
6-NA,331,0,1,375,0,376,G
6-NA,332,0,0,375,0,375,G
6-NA,333,0,374,0,0,374,T
6-NA,334,1,0,371,0,372,G
6-NA,335,0,4,368,0,372,G
6-NA,336,0,0,373,0,373,G
6-NA,337,0,0,374,0,374,G
6-NA,338,370,0,1,0,371,A
6-NA,339,0,0,0,375,375,C
6-NA,340,369,0,0,0,369,A
6-NA,341,0,370,0,0,370,T
6-NA,342,0,0,0,371,371,C
6-NA,343,0,371,0,0,371,T
6-NA,344,0,3,370,0,373,G
6-NA,345,0,1,372,0,373,G
6-NA,346,0,0,374,0,374,G
6-NA,347,0,375,0,0,375,T
6-NA,348,0,2,363,0,365,G
6-NA,349,366,0,0,0,366,A
6-NA,350,0,1,0,371,372,C
6-NA,351,369,0,0,0,369,A
6-NA,352,372,0,1,0,373,A
6-NA,353,0,1,377,0,378,G
6-NA,354,374,0,0,0,374,A
6-NA,355,0,4,374,0,378,G
6-NA,356,383,0,0,0,383,A
6-NA,357,396,0,0,0,396,A
6-NA,358,1,0,0,451,452,C
6-NA,359,4,0,0,449,453,C
6-NA,360,0,449,0,1,450,T
6-NA,361,0,451,0,0,451,T
6-NA,362,452,0,0,0,452,A
6-NA,363,0,452,0,0,452,T
6-NA,364,0,0,465,2,467,G
6-NA,365,0,473,0,1,474,T
6-NA,366,0,1,488,0,489,G
6-NA,367,0,481,0,0,481,T
6-NA,368,2,0,0,471,473,C
6-NA,369,479,3,0,0,482,A
6-NA,370,0,482,0,0,482,T
6-NA,371,1,0,479,0,480,G
6-NA,372,0,0,0,482,482,C
6-NA,373,0,3,478,0,481,G
6-NA,374,529,0,0,0,529,A
6-NA,375,0,528,0,0,528,T
6-NA,376,4,0,0,531,535,C
6-NA,377,1,0,0,534,535,C
6-NA,378,1,544,0,0,545,T
6-NA,379,0,3,549,0,552,G
6-NA,380,551,1,0,0,552,A
6-NA,381,0,0,0,552,552,C
6-NA,382,549,0,0,0,549,A
6-NA,383,541,0,0,0,541,A
6-NA,384,0,2,559,0,561,G
6-NA,385,0,562,0,0,562,T
6-NA,386,0,0,569,0,569,G
6-NA,387,0,564,0,0,564,T
6-NA,388,0,566,1,0,567,T
6-NA,389,566,0,1,0,567,A
6-NA,390,0,569,1,0,570,T
6-NA,391,5,0,0,575,580,C
6-NA,392,576,0,0,0,576,A
6-NA,393,576,1,0,0,577,A
6-NA,394,1,573,0,0,574,T
6-NA,395,0,568,0,0,568,T
6-NA,396,0,567,0,1,568,T
6-NA,397,1,1,570,0,572,G
6-NA,398,0,1,1,604,606,C
6-NA,399,0,0,0,607,607,C
6-NA,400,2,0,0,606,608,C
6-NA,401,0,606,0,0,606,T
6-NA,402,0,608,0,0,608,T
6-NA,403,0,3,617,0,620,G
6-NA,404,0,3,623,0,626,G
6-NA,405,632,0,1,0,633,A
6-NA,406,0,0,0,634,634,C
6-NA,407,626,0,0,0,626,A
6-NA,408,1,2,640,0,643,G
6-NA,409,1,2,641,0,644,G
6-NA,410,0,4,659,0,663,G
6-NA,411,663,1,1,0,665,A
6-NA,412,660,0,1,0,661,A
6-NA,413,0,0,0,662,662,C
6-NA,414,661,0,0,0,661,A
6-NA,415,706,2,0,0,708,A
6-NA,416,0,0,0,714,714,C
6-NA,417,709,0,0,0,709,A
6-NA,418,1,0,0,713,714,C
6-NA,419,0,702,0,0,702,T
6-NA,420,709,0,0,0,709,A
6-NA,421,709,0,0,0,709,A
6-NA,422,715,0,0,0,715,A
6-NA,423,0,0,0,717,717,C
6-NA,424,680,0,0,0,680,A
6-NA,425,686,0,0,0,686,A
6-NA,426,0,0,0,690,690,C
6-NA,427,0,0,689,0,689,G
6-NA,428,0,686,0,0,686,T
6-NA,429,672,0,0,0,672,A
6-NA,430,2,1,0,679,682,C
6-NA,431,682,0,1,0,683,A
6-NA,432,0,684,0,0,684,T
6-NA,433,0,686,0,0,686,T
6-NA,434,7,0,0,707,714,C
6-NA,435,728,0,0,0,728,A
6-NA,436,736,0,0,0,736,A
6-NA,437,735,0,0,0,735,A
6-NA,438,0,736,0,0,736,T
6-NA,439,732,0,0,0,732,A
6-NA,440,751,0,1,0,752,A
6-NA,441,0,1,0,758,759,C
6-NA,442,761,0,0,0,761,A
6-NA,443,1,0,0,771,772,C
6-NA,444,757,0,0,0,757,A
6-NA,445,0,0,864,0,864,G
6-NA,446,0,864,0,0,864,T
6-NA,447,878,0,0,0,878,A
6-NA,448,1,0,0,881,882,C
6-NA,449,0,0,880,0,880,G
6-NA,450,0,920,0,1,921,T
6-NA,451,1,2,920,0,923,G
6-NA,452,929,0,0,0,929,A
6-NA,453,0,934,0,0,934,T
6-NA,454,889,0,0,0,889,A
6-NA,455,0,3,890,0,893,G
6-NA,456,0,4,883,0,887,G
6-NA,457,892,0,0,0,892,A
6-NA,458,1,0,0,905,906,C
6-NA,459,3,0,0,887,890,C
6-NA,460,8,2,0,883,893,C
6-NA,461,9,0,0,888,897,C
6-NA,462,0,893,0,0,893,T
6-NA,463,0,908,0,1,909,T
6-NA,464,919,0,0,0,919,A
6-NA,465,0,918,0,0,918,T
6-NA,466,1,0,0,916,917,C
6-NA,467,0,4,904,0,908,G
6-NA,468,1,6,904,0,911,G
6-NA,469,907,0,1,0,908,A
6-NA,470,2,0,0,906,908,C
6-NA,471,3,0,0,901,904,C
6-NA,472,2,0,1,943,946,C
6-NA,473,0,946,0,0,946,T
6-NA,474,960,0,0,0,960,A
6-NA,475,0,961,0,0,961,T
6-NA,476,0,959,0,0,959,T
6-NA,477,0,4,959,0,963,G
6-NA,478,966,0,0,0,966,A
6-NA,479,1,959,0,3,963,T
6-NA,480,0,4,959,0,963,G
6-NA,481,944,1,0,0,945,A
6-NA,482,949,0,0,0,949,A
6-NA,483,0,952,0,0,952,T
6-NA,484,0,8,959,0,967,G
6-NA,485,985,0,0,0,985,A
6-NA,486,2,0,995,0,997,G
6-NA,487,0,996,0,0,996,T
6-NA,488,0,998,0,0,998,T
6-NA,489,995,0,0,0,995,A
6-NA,490,0,4,995,0,999,G
6-NA,491,0,2,995,0,997,G
6-NA,492,0,988,0,1,989,T
6-NA,493,0,0,996,0,996,G
6-NA,494,0,989,0,1,990,T
6-NA,495,0,986,0,1,987,T
6-NA,496,2,0,0,1002,1004,C
6-NA,497,2,1,0,1004,1007,C
6-NA,498,0,1004,0,0,1004,T
6-NA,499,0,1008,0,0,1008,T
6-NA,500,0,1010,0,0,1010,T
6-NA,501,0,1010,0,0,1010,T
6-NA,502,7,1,0,1008,1016,C
6-NA,503,1014,0,0,0,1014,A
6-NA,504,0,1042,0,2,1044,T
6-NA,505,1,0,0,1044,1045,C
6-NA,506,0,1037,0,0,1037,T
6-NA,507,0,4,1033,0,1037,G
6-NA,508,0,8,1024,0,1032,G
6-NA,509,0,5,1028,0,1033,G
6-NA,510,0,8,1034,0,1042,G
6-NA,511,1041,0,1,0,1042,A
6-NA,512,0,0,1,1054,1055,C
6-NA,513,4,0,0,1042,1046,C
6-NA,514,1056,0,2,0,1058,A
6-NA,515,1054,0,2,0,1056,A
6-NA,516,0,0,1058,0,1058,G
6-NA,517,0,0,0,1064,1064,C
6-NA,518,1057,0,1,0,1058,A
6-NA,519,1078,0,0,0,1078,A
6-NA,520,0,0,1088,0,1088,G
6-NA,521,0,1081,0,0,1081,T
6-NA,522,0,1,1098,0,1099,G
6-NA,523,0,1093,0,0,1093,T
6-NA,524,0,1,1129,0,1130,G
6-NA,525,0,0,0,1130,1130,C
6-NA,526,1129,0,0,0,1129,A
6-NA,527,0,1142,0,1,1143,T
6-NA,528,1128,0,0,0,1128,A
6-NA,529,0,0,1169,0,1169,G
6-NA,530,2,1,0,1169,1172,C
6-NA,531,1149,1,0,0,1150,A
6-NA,532,0,1147,0,0,1147,T
6-NA,533,1,3,1124,0,1128,G
6-NA,534,0,1,1245,0,1246,G
6-NA,535,1,1248,0,1,1250,T
6-NA,536,6,0,0,1237,1243,C
6-NA,537,5,2,0,1254,1261,C
6-NA,538,1269,0,1,0,1270,A
6-NA,539,0,0,1328,0,1328,G
6-NA,540,1,1,0,1333,1335,C
6-NA,541,0,1328,0,4,1332,T
6-NA,542,4,0,0,1335,1339,C
6-NA,543,1311,0,0,0,1311,A
6-NA,544,1338,0,0,0,1338,A
6-NA,545,0,1,1348,0,1349,G
6-NA,546,0,1348,0,1,1349,T
6-NA,547,0,1356,0,0,1356,T
6-NA,548,0,1,1358,0,1359,G
6-NA,549,0,1362,0,0,1362,T
6-NA,550,9,0,0,1343,1352,C
6-NA,551,1359,1,0,0,1360,A
6-NA,552,0,0,0,1382,1382,C
6-NA,553,2,6,1376,0,1384,G
6-NA,554,1415,0,0,0,1415,A
6-NA,555,0,1417,0,0,1417,T
6-NA,556,0,6,1438,1,1445,G
6-NA,557,0,2,1453,0,1455,G
6-NA,558,1454,0,0,0,1454,A
6-NA,559,1460,0,1,0,1461,A
6-NA,560,1476,0,1,0,1477,A
6-NA,561,1484,0,2,0,1486,A
6-NA,562,0,1,1524,0,1525,G
6-NA,563,0,1,0,1519,1520,C
6-NA,564,1515,0,2,0,1517,A
6-NA,565,1,1516,0,1,1518,T
6-NA,566,3,11,1523,0,1537,G
6-NA,567,0,0,1550,0,1550,G
6-NA,568,2,0,0,1574,1576,C
6-NA,569,0,1570,0,1,1571,T
6-NA,570,1,2,1582,0,1585,G
6-NA,571,2,0,1,1580,1583,C
6-NA,572,1587,0,4,0,1591,A
6-NA,573,0,1657,0,2,1659,T
6-NA,574,1,0,1668,0,1669,G
6-NA,575,0,1691,0,2,1693,T
6-NA,576,0,1745,0,1,1746,T
6-NA,577,0,1744,0,1,1745,T
6-NA,578,9,3,1857,1,1870,G
6-NA,579,1,1869,0,3,1873,T
6-NA,580,1872,1,0,0,1873,A
6-NA,581,0,1889,0,0,1889,T
6-NA,582,1869,1,2,0,1872,A
6-NA,583,1888,0,2,0,1890,A
6-NA,584,1,4,0,1869,1874,C
6-NA,585,0,18,1845,0,1863,G
6-NA,586,0,22,1849,0,1871,G
6-NA,587,0,16,1836,1,1853,G
6-NA,588,0,15,1846,0,1861,G
6-NA,589,0,0,1865,0,1865,G
6-NA,590,1865,0,2,1,1868,A
6-NA,591,1,1877,0,1,1879,T
6-NA,592,1,9,1872,0,1882,G
6-NA,593,1886,0,1,0,1887,A
6-NA,594,0,1897,0,0,1897,T
6-NA,595,1890,0,0,1,1891,A
6-NA,596,1941,0,1,1,1943,A
6-NA,597,1957,1,1,0,1959,A
6-NA,598,1960,0,1,0,1961,A
6-NA,599,1970,0,1,0,1971,A
6-NA,600,0,1977,0,0,1977,T
6-NA,601,0,2,1976,0,1978,G
6-NA,602,1,0,0,1976,1977,C
6-NA,603,1970,1,0,0,1971,A
6-NA,604,1989,0,2,0,1991,A
6-NA,605,4,0,0,2001,2005,C
6-NA,606,0,2010,0,1,2011,T
6-NA,607,0,1,2022,0,2023,G
6-NA,608,0,0,0,2020,2020,C
6-NA,609,0,2020,0,0,2020,T
6-NA,610,2020,1,1,0,2022,A
6-NA,611,0,3,2030,0,2033,G
6-NA,612,2,0,0,2054,2056,C
6-NA,613,0,2050,0,2,2052,T
6-NA,614,0,2044,0,0,2044,T
6-NA,615,2,2,0,2077,2081,C
6-NA,616,2104,1,1,0,2106,A
6-NA,617,0,2109,1,0,2110,T
6-NA,618,0,2115,0,0,2115,T
6-NA,619,0,2129,0,2,2131,T
6-NA,620,2154,1,2,0,2157,A
6-NA,621,0,0,0,2182,2182,C
6-NA,622,2171,0,0,0,2171,A
6-NA,623,2196,0,0,0,2196,A
6-NA,624,1,2191,0,1,2193,T
6-NA,625,1,21,2172,2,2196,G
6-NA,626,0,14,2183,1,2198,G
6-NA,627,0,2,2190,0,2192,G
6-NA,628,2186,0,0,0,2186,A
6-NA,629,1,5,2247,0,2253,G
6-NA,630,0,1,2272,0,2273,G
6-NA,631,0,0,0,2438,2438,C
6-NA,632,0,2436,0,0,2436,T
6-NA,633,1,2466,0,1,2468,T
6-NA,634,0,2,2498,0,2500,G
6-NA,635,0,2500,0,1,2501,T
6-NA,636,2554,0,1,0,2555,A
6-NA,637,0,9,2570,0,2579,G
6-NA,638,2556,1,1,0,2558,A
6-NA,639,0,2563,0,1,2564,T
6-NA,640,2429,1,2,0,2432,A
6-NA,641,0,2,2434,0,2436,G
6-NA,642,0,2419,0,1,2420,T
6-NA,643,2,1,2376,1,2380,G
6-NA,644,0,2495,0,1,2496,T
6-NA,645,0,2489,0,1,2490,T
6-NA,646,0,2,2546,0,2548,G
6-NA,647,1,2538,0,4,2543,T
6-NA,648,0,2550,0,1,2551,T
6-NA,649,1,2549,0,1,2551,T
6-NA,650,15,0,0,2505,2520,C
6-NA,651,2515,1,5,0,2521,A
6-NA,652,0,2513,0,1,2514,T
6-NA,653,0,17,2497,1,2515,G
6-NA,654,0,2,2652,0,2654,G
6-NA,655,2,2643,0,4,2649,T
6-NA,656,16,1,0,2634,2651,C
6-NA,657,16,1,0,2629,2646,C
6-NA,658,2651,1,3,0,2655,A
6-NA,659,2673,0,1,0,2674,A
6-NA,660,2668,2,3,1,2674,A
6-NA,661,0,11,2681,0,2692,G
6-NA,662,2684,0,0,0,2684,A
6-NA,663,2624,1,2,0,2627,A
6-NA,664,2624,1,3,0,2628,A
6-NA,665,0,2624,0,1,2625,T
6-NA,666,10,0,0,2707,2717,C
6-NA,667,18,1,0,2698,2717,C
6-NA,668,1,2704,0,2,2707,T
6-NA,669,8,0,0,2710,2718,C
6-NA,670,2712,0,1,1,2714,A
6-NA,671,0,6,2746,0,2752,G
6-NA,672,0,16,2724,0,2740,G
6-NA,673,2821,1,3,0,2825,A
6-NA,674,0,0,0,2811,2811,C
6-NA,675,10,6,0,2770,2786,C
6-NA,676,18,2,0,2769,2789,C
6-NA,677,2789,0,3,0,2792,A
6-NA,678,0,5,2788,1,2794,G
6-NA,679,2,9,2801,0,2812,G
6-NA,680,2795,0,5,0,2800,A
6-NA,681,0,4,2841,0,2845,G
6-NA,682,0,2804,0,2,2806,T
6-NA,683,14,1,0,2811,2826,C
6-NA,684,2811,2,3,0,2816,A
6-NA,685,0,13,2820,0,2833,G
6-NA,686,2828,0,3,0,2831,A
6-NA,687,2818,1,1,0,2820,A
6-NA,688,0,2806,0,0,2806,T
6-NA,689,1,4,2817,0,2822,G
6-NA,690,4,1,0,2794,2799,C
6-NA,691,1,2,2819,0,2822,G
6-NA,692,1,2805,1,2,2809,T
6-NA,693,0,2812,0,0,2812,T
6-NA,694,0,2798,0,2,2800,T
6-NA,695,1,0,2828,0,2829,G
6-NA,696,0,2838,0,2,2840,T
6-NA,697,2841,1,0,0,2842,A
6-NA,698,0,2826,0,2,2828,T
6-NA,699,11,0,0,2827,2838,C
6-NA,700,2844,2,0,0,2846,A
6-NA,701,2847,0,0,0,2847,A
6-NA,702,1,2843,0,0,2844,T
6-NA,703,0,9,2837,0,2846,G
6-NA,704,2,9,2843,0,2854,G
6-NA,705,2894,0,0,0,2894,A
6-NA,706,2897,0,3,0,2900,A
6-NA,707,1,0,0,2930,2931,C
6-NA,708,1,2935,0,2,2938,T
6-NA,709,0,2940,0,0,2940,T
6-NA,710,1,0,3022,0,3023,G
6-NA,711,0,3018,0,2,3020,T
6-NA,712,3021,0,0,0,3021,A
6-NA,713,5,0,0,3044,3049,C
6-NA,714,2965,1,10,0,2976,A
6-NA,715,1,3,3176,0,3180,G
6-NA,716,2,3143,0,1,3146,T
6-NA,717,3314,0,1,0,3315,A
6-NA,718,1,5,3354,1,3361,G
6-NA,719,0,3310,1,3,3314,T
6-NA,720,3316,0,0,0,3316,A
6-NA,721,3317,0,0,0,3317,A
6-NA,722,0,3283,0,0,3283,T
6-NA,723,3039,0,1,0,3040,A
6-NA,724,3172,0,0,2,3174,A
6-NA,725,1,0,0,3222,3223,C
6-NA,726,0,3233,0,1,3234,T
6-NA,727,0,6,3259,0,3265,G
6-NA,728,3232,0,2,1,3235,A
6-NA,729,1,3250,0,1,3252,T
6-NA,730,0,30,3222,0,3252,G
6-NA,731,1,17,3207,0,3225,G
6-NA,732,1,12,3217,0,3230,G
6-NA,733,3186,0,2,0,3188,A
6-NA,734,0,3,3191,0,3194,G
6-NA,735,1,3174,0,1,3176,T
6-NA,736,2,3,3205,0,3210,G
6-NA,737,5,0,0,3237,3242,C
6-NA,738,1,3237,0,0,3238,T
6-NA,739,0,3241,0,0,3241,T
6-NA,740,13,3,0,3230,3246,C
6-NA,741,3237,0,6,0,3243,A
6-NA,742,1,14,3246,0,3261,G
6-NA,743,0,13,3247,0,3260,G
6-NA,744,3255,1,1,0,3257,A
6-NA,745,3219,0,2,1,3222,A
6-NA,746,3200,0,0,0,3200,A
6-NA,747,3219,0,4,0,3223,A
6-NA,748,1,0,3240,0,3241,G
6-NA,749,0,0,0,3236,3236,C
6-NA,750,1,3227,1,2,3231,T
6-NA,751,0,13,3221,0,3234,G
6-NA,752,3227,2,6,1,3236,A
6-NA,753,1,3257,0,1,3259,T
6-NA,754,3277,0,1,0,3278,A
6-NA,755,0,0,0,3434,3434,C
6-NA,756,1,3412,0,1,3414,T
6-NA,757,3416,0,0,1,3417,A
6-NA,758,3416,1,2,1,3420,A
6-NA,759,3412,0,2,0,3414,A
6-NA,760,3484,2,1,0,3487,A
6-NA,761,0,3489,0,1,3490,T
6-NA,762,3486,1,2,0,3489,A
6-NA,763,2,2,0,3498,3502,C
6-NA,764,0,3371,1,2,3374,T
6-NA,765,3414,0,0,1,3415,A
6-NA,766,0,3400,0,3,3403,T
6-NA,767,0,3545,0,1,3546,T
6-NA,768,28,0,0,3545,3573,C
6-NA,769,3530,0,1,0,3531,A
6-NA,770,1,3527,0,1,3529,T
6-NA,771,1,3511,0,2,3514,T
6-NA,772,1,17,3506,1,3525,G
6-NA,773,3501,0,3,0,3504,A
6-NA,774,2,16,3482,1,3501,G
6-NA,775,1,14,3482,0,3497,G
6-NA,776,3366,1,1,0,3368,A
6-NA,777,1,19,3413,0,3433,G
6-NA,778,0,14,3417,0,3431,G
6-NA,779,0,9,3423,0,3432,G
6-NA,780,0,6,3428,0,3434,G
6-NA,781,3419,1,5,0,3425,A
6-NA,782,3426,1,2,0,3429,A
6-NA,783,3419,0,1,0,3420,A
6-NA,784,3407,0,6,0,3413,A
6-NA,785,0,3412,0,3,3415,T
6-NA,786,16,1,0,3370,3387,C
6-NA,787,1,1,3434,0,3436,G
6-NA,788,2,3425,0,0,3427,T
6-NA,789,1,3421,0,5,3427,T
6-NA,790,32,1,1,3405,3439,C
6-NA,791,3437,1,0,0,3438,A
6-NA,792,1,3681,0,0,3682,T
6-NA,793,3669,0,0,0,3669,A
6-NA,794,5,2,0,3688,3695,C
6-NA,795,0,3678,0,1,3679,T
6-NA,796,3671,0,9,0,3680,A
6-NA,797,1,3,3673,1,3678,G
6-NA,798,2,2,0,3683,3687,C
6-NA,799,3686,1,3,0,3690,A
6-NA,800,2,1,0,3698,3701,C
6-NA,801,3564,0,0,3,3567,A
6-NA,802,0,3613,0,2,3615,T
6-NA,803,0,3597,0,0,3597,T
6-NA,804,0,3,3812,0,3815,G
6-NA,805,1,3791,0,4,3796,T
6-NA,806,21,1,1,3772,3795,C
6-NA,807,3780,1,4,1,3786,A
6-NA,808,1,16,3782,1,3800,G
6-NA,809,0,8,3798,0,3806,G
6-NA,810,3794,2,2,0,3798,A
6-NA,811,3744,0,2,0,3746,A
6-NA,812,1,1,3787,0,3789,G
6-NA,813,0,3621,1,0,3622,T
6-NA,814,2,4,3636,0,3642,G
6-NA,815,5,0,0,3628,3633,C
6-NA,816,1,3631,0,2,3634,T
6-NA,817,19,1,0,3623,3643,C
6-NA,818,3636,1,1,1,3639,A
6-NA,819,1,0,3677,0,3678,G
6-NA,820,0,0,1,3680,3681,C
6-NA,821,3661,0,4,0,3665,A
6-NA,822,0,3663,0,1,3664,T
6-NA,823,0,2,3759,1,3762,G
6-NA,824,1,3762,0,1,3764,T
6-NA,825,15,4,0,3738,3757,C
6-NA,826,3,7,3740,0,3750,G
6-NA,827,3739,1,2,0,3742,A
6-NA,828,2,17,3705,1,3725,G
6-NA,829,0,20,3703,0,3723,G
6-NA,830,3687,0,0,0,3687,A
6-NA,831,1,5,3751,0,3757,G
6-NA,832,1,3640,0,2,3643,T
6-NA,833,2,2,3647,0,3651,G
6-NA,834,1,0,0,3698,3699,C
6-NA,835,1,3684,0,4,3689,T
6-NA,836,23,0,0,3697,3720,C
6-NA,837,12,0,0,3724,3736,C
6-NA,838,1,3732,0,0,3733,T
6-NA,839,3,0,3745,1,3749,G
6-NA,840,2,1,0,3726,3729,C
6-NA,841,0,3701,0,0,3701,T
6-NA,842,3725,2,2,0,3729,A
6-NA,843,0,3663,0,3,3666,T
6-NA,844,9,0,0,3678,3687,C
6-NA,845,15,0,0,3669,3684,C
6-NA,846,1,3688,0,1,3690,T
6-NA,847,13,2,0,3688,3703,C
6-NA,848,1,11,3687,0,3699,G
6-NA,849,3744,1,0,0,3745,A
6-NA,850,0,3731,0,16,3747,T
6-NA,851,3764,1,0,0,3765,A
6-NA,852,1,3760,0,1,3762,T
6-NA,853,6,0,0,3749,3755,C
6-NA,854,17,0,1,3728,3746,C
6-NA,855,1,3714,0,5,3720,T
6-NA,856,0,11,3738,2,3751,G
6-NA,857,1,4,3768,0,3773,G
6-NA,858,1,3809,0,0,3810,T
6-NA,859,1,2,3813,0,3816,G
6-NA,860,1,3773,0,5,3779,T
6-NA,861,26,3,0,3749,3778,C
6-NA,862,3776,1,1,0,3778,A
6-NA,863,0,11,3778,0,3789,G
6-NA,864,3779,0,4,1,3784,A
6-NA,865,0,3746,0,1,3747,T
6-NA,866,0,1,3759,0,3760,G
6-NA,867,0,3713,0,0,3713,T
6-NA,868,0,2,3725,0,3727,G
6-NA,869,0,3709,0,4,3713,T
6-NA,870,17,0,0,3702,3719,C
6-NA,871,4,3710,0,4,3718,T
6-NA,872,1,1,3720,0,3722,G
6-NA,873,3,1,0,3717,3721,C
6-NA,874,3714,1,2,0,3717,A
6-NA,875,1,13,3707,0,3721,G
6-NA,876,3649,1,2,0,3652,A
6-NA,877,0,17,3654,0,3671,G
6-NA,878,3660,1,3,0,3664,A
6-NA,879,2,1,0,3697,3700,C
6-NA,880,3690,0,2,0,3692,A
6-NA,881,3716,0,2,0,3718,A
6-NA,882,4,0,0,3721,3725,C
6-NA,883,0,3720,0,3,3723,T
6-NA,884,0,11,3717,0,3728,G
6-NA,885,0,10,3720,0,3730,G
6-NA,886,3713,0,2,0,3715,A
6-NA,887,3716,0,3,0,3719,A
6-NA,888,3647,0,3,0,3650,A
6-NA,889,2,12,3632,0,3646,G
6-NA,890,1,15,3592,1,3609,G
6-NA,891,3572,0,2,0,3574,A
6-NA,892,0,3684,1,0,3685,T
6-NA,893,19,1,0,3694,3714,C
6-NA,894,19,2,1,3768,3790,C
6-NA,895,3791,0,2,0,3793,A
6-NA,896,3789,1,2,1,3793,A
6-NA,897,1,3799,0,0,3800,T
6-NA,898,3692,0,1,0,3693,A
6-NA,899,2,7,3679,1,3689,G
6-NA,900,4,2,3690,0,3696,G
6-NA,901,9,0,2,3687,3698,C
6-NA,902,18,2,0,3661,3681,C
6-NA,903,26,1,0,3586,3613,C
6-NA,904,3649,0,2,0,3651,A
6-NA,905,0,3670,0,6,3676,T
6-NA,906,10,3,0,3673,3686,C
6-NA,907,5,1,3698,0,3704,G
6-NA,908,1,3687,0,0,3688,T
6-NA,909,3605,0,5,0,3610,A
6-NA,910,1,6,3675,1,3683,G
6-NA,911,3689,0,2,0,3691,A
6-NA,912,1,3697,0,1,3699,T
6-NA,913,3616,0,3,0,3619,A
6-NA,914,1,3576,0,0,3577,T
6-NA,915,3581,1,2,0,3584,A
6-NA,916,3564,0,1,0,3565,A
6-NA,917,3633,0,2,0,3635,A
6-NA,918,4,0,0,3691,3695,C
6-NA,919,3610,1,1,0,3612,A
6-NA,920,0,3615,0,0,3615,T
6-NA,921,3583,0,3,0,3586,A
6-NA,922,3595,1,2,0,3598,A
6-NA,923,3590,1,5,0,3596,A
6-NA,924,1,17,3621,1,3640,G
6-NA,925,0,13,3660,0,3673,G
6-NA,926,3599,2,2,1,3604,A
6-NA,927,1,3629,0,1,3631,T
6-NA,928,27,0,0,3612,3639,C
6-NA,929,3657,1,2,0,3660,A
6-NA,930,0,3665,0,0,3665,T
6-NA,931,3649,0,3,0,3652,A
6-NA,932,1,1,3675,0,3677,G
6-NA,933,3,2,0,3630,3635,C
6-NA,934,3572,2,0,0,3574,A
6-NA,935,0,3461,0,1,3462,T
6-NA,936,0,3488,0,0,3488,T
6-NA,937,0,1,3473,0,3474,G
6-NA,938,1,3484,0,1,3486,T
6-NA,939,14,2,2,3427,3445,C
6-NA,940,1,3686,0,4,3691,T
6-NA,941,17,0,1,3705,3723,C
6-NA,942,14,0,0,3722,3736,C
6-NA,943,3773,0,7,1,3781,A
6-NA,944,0,3,3830,0,3833,G
6-NA,945,0,3830,0,3,3833,T
6-NA,946,0,3706,0,1,3707,T
6-NA,947,3704,1,0,1,3706,A
6-NA,948,2,3596,0,0,3598,T
6-NA,949,1,1,3600,0,3602,G
6-NA,950,0,3508,30,12,3550,T
6-NA,951,0,1,3577,0,3578,G
6-NA,952,0,3481,1,4,3486,T
6-NA,953,0,5,3577,0,3582,G
6-NA,954,1,3548,0,19,3568,T
6-NA,955,0,3548,0,4,3552,T
6-NA,956,22,0,0,3534,3556,C
6-NA,957,3528,0,3,1,3532,A
6-NA,958,0,20,3534,0,3554,G
6-NA,959,2,22,3515,1,3540,G
6-NA,960,3525,2,3,0,3530,A
6-NA,961,2,0,0,3544,3546,C
6-NA,962,1,3438,0,1,3440,T
6-NA,963,0,3458,0,1,3459,T
6-NA,964,1,2,3565,0,3568,G
6-NA,965,0,3564,0,6,3570,T
6-NA,966,0,3566,0,5,3571,T
6-NA,967,1,11,3541,0,3553,G
6-NA,968,2,11,3534,0,3547,G
6-NA,969,3550,1,5,3,3559,A
6-NA,970,0,23,3560,0,3583,G
6-NA,971,3551,1,8,1,3561,A
6-NA,972,4,0,0,3556,3560,C
6-NA,973,3458,0,5,1,3464,A
6-NA,974,3,1,0,3471,3475,C
6-NA,975,3473,0,5,1,3479,A
6-NA,976,5,1,0,3470,3476,C
6-NA,977,13,1,1,3446,3461,C
6-NA,978,25,2,0,3449,3476,C
6-NA,979,3468,0,2,1,3471,A
6-NA,980,1,10,3481,0,3492,G
6-NA,981,3490,0,1,0,3491,A
6-NA,982,3513,1,0,1,3515,A
6-NA,983,3489,0,0,1,3490,A
6-NA,984,3482,0,2,0,3484,A
6-NA,985,3464,1,2,1,3468,A
6-NA,986,3468,1,2,0,3471,A
6-NA,987,1,8,0,3464,3473,C
6-NA,988,4,39,3432,0,3475,G
6-NA,989,3468,1,3,2,3474,A
6-NA,990,1,1,0,3475,3477,C
6-NA,991,3473,0,3,1,3477,A
6-NA,992,1,0,3502,0,3503,G
6-NA,993,2,1,0,3603,3606,C
6-NA,994,1,3598,0,1,3600,T
6-NA,995,16,0,0,3592,3608,C
6-NA,996,6,4,0,3609,3619,C
6-NA,997,3612,1,4,0,3617,A
6-NA,998,2,3,3641,0,3646,G
6-NA,999,0,1,1,3643,3645,C
6-NA,1000,3627,0,5,0,3632,A
6-NA,1001,1,1,3629,0,3631,G
6-NA,1002,1,3521,0,1,3523,T
6-NA,1003,3530,0,2,0,3532,A
6-NA,1004,0,0,3530,0,3530,G
6-NA,1005,2,1,0,3532,3535,C
6-NA,1006,13,0,0,3536,3549,C
6-NA,1007,3507,1,0,0,3508,A
6-NA,1008,0,3507,0,3,3510,T
6-NA,1009,0,3515,0,0,3515,T
6-NA,1010,3,2,3580,0,3585,G
6-NA,1011,1,3559,0,4,3564,T
6-NA,1012,0,3549,0,5,3554,T
6-NA,1013,4,3547,0,0,3551,T
6-NA,1014,2,13,3517,0,3532,G
6-NA,1015,0,10,3559,0,3569,G
6-NA,1016,3564,0,2,0,3566,A
6-NA,1017,1,3591,0,3,3595,T
6-NA,1018,13,0,0,3586,3599,C
6-NA,1019,17,1,0,3534,3552,C
6-NA,1020,5,3543,0,1,3549,T
6-NA,1021,3550,0,6,0,3556,A
6-NA,1022,3558,1,6,0,3565,A
6-NA,1023,0,0,0,3608,3608,C
6-NA,1024,3558,0,2,1,3561,A
6-NA,1025,3587,0,0,0,3587,A
6-NA,1026,0,3558,0,1,3559,T
6-NA,1027,1,7,3557,1,3566,G
6-NA,1028,3535,1,2,0,3538,A
6-NA,1029,1,10,3422,0,3433,G
6-NA,1030,1,7,3490,0,3498,G
6-NA,1031,3501,0,1,0,3502,A
6-NA,1032,3500,0,5,0,3505,A
6-NA,1033,1,14,3503,0,3518,G
6-NA,1034,0,1,3543,0,3544,G
6-NA,1035,0,3502,0,2,3504,T
6-NA,1036,1,7,3501,0,3509,G
6-NA,1037,1,0,3578,0,3579,G
6-NA,1038,1,3537,0,7,3545,T
6-NA,1039,32,8,1,3496,3537,C
6-NA,1040,3528,0,2,0,3530,A
6-NA,1041,0,3521,0,2,3523,T
6-NA,1042,1,27,3471,1,3500,G
6-NA,1043,2,17,3458,1,3478,G
6-NA,1044,1,8,3354,0,3363,G
6-NA,1045,1,2,3489,0,3492,G
6-NA,1046,0,3489,0,4,3493,T
6-NA,1047,2,18,3481,0,3501,G
6-NA,1048,3494,0,2,0,3496,A
6-NA,1049,3489,0,2,0,3491,A
6-NA,1050,3498,0,4,3,3505,A
6-NA,1051,0,6,3508,0,3514,G
6-NA,1052,0,4,3485,0,3489,G
6-NA,1053,2,1,0,3485,3488,C
6-NA,1054,0,3393,1,6,3400,T
6-NA,1055,0,21,3386,0,3407,G
6-NA,1056,1,11,3392,0,3404,G
6-NA,1057,0,5,3428,0,3433,G
6-NA,1058,1,0,0,3431,3432,C
6-NA,1059,6,1,0,3431,3438,C
6-NA,1060,0,3393,0,5,3398,T
6-NA,1061,1,3402,0,0,3403,T
6-NA,1062,0,3403,0,3,3406,T
6-NA,1063,0,10,3403,0,3413,G
6-NA,1064,3407,0,2,0,3409,A
6-NA,1065,0,3382,0,1,3383,T
6-NA,1066,0,0,3349,0,3349,G
6-NA,1067,3311,0,17,0,3328,A
6-NA,1068,0,3347,0,0,3347,T
6-NA,1069,0,7,3337,0,3344,G
6-NA,1070,0,14,3356,0,3370,G
6-NA,1071,3355,1,6,0,3362,A
6-NA,1072,3352,2,1,0,3355,A
6-NA,1073,3356,0,0,0,3356,A
6-NA,1074,1,3356,0,2,3359,T
6-NA,1075,0,16,3351,0,3367,G
6-NA,1076,3360,0,1,0,3361,A
6-NA,1077,2,2,0,3349,3353,C
6-NA,1078,5,0,3369,1,3375,G
6-NA,1079,0,3286,0,4,3290,T
6-NA,1080,0,3,3305,0,3308,G
6-NA,1081,1,3300,0,4,3305,T
6-NA,1082,3,17,3283,2,3305,G
6-NA,1083,0,3,3324,0,3327,G
6-NA,1084,3302,0,0,0,3302,A
6-NA,1085,1,3308,0,1,3310,T
6-NA,1086,1,20,3262,0,3283,G
6-NA,1087,1,7,3267,0,3275,G
6-NA,1088,2,7,3285,1,3295,G
6-NA,1089,3274,0,2,0,3276,A
6-NA,1090,3266,0,3,0,3269,A
6-NA,1091,0,18,3250,0,3268,G
6-NA,1092,3223,0,0,0,3223,A
6-NA,1093,3224,0,4,0,3228,A
6-NA,1094,2,2,0,3216,3220,C
6-NA,1095,3,13,3187,1,3204,G
6-NA,1096,3197,1,2,0,3200,A
6-NA,1097,1,3152,1,0,3154,T
6-NA,1098,15,1,0,3144,3160,C
6-NA,1099,3150,0,3,0,3153,A
6-NA,1100,0,1,3168,0,3169,G
6-NA,1101,2,2,0,3152,3156,C
6-NA,1102,0,14,3149,0,3163,G
6-NA,1103,3151,0,1,0,3152,A
6-NA,1104,0,5,3152,0,3157,G
6-NA,1105,3143,1,3,0,3147,A
6-NA,1106,3152,0,1,0,3153,A
6-NA,1107,2,3,3192,0,3197,G
6-NA,1108,0,3176,0,3,3179,T
6-NA,1109,30,1,0,3106,3137,C
6-NA,1110,3141,0,4,0,3145,A
6-NA,1111,1,0,1,3232,3234,C
6-NA,1112,2,1,3228,0,3231,G
6-NA,1113,1,0,0,3232,3233,C
6-NA,1114,0,3213,0,3,3216,T
6-NA,1115,0,3222,0,1,3223,T
6-NA,1116,3180,1,0,0,3181,A
6-NA,1117,1,20,3221,0,3242,G
6-NA,1118,2,20,3223,0,3245,G
6-NA,1119,2,2,3271,0,3275,G
6-NA,1120,0,3125,0,1,3126,T
6-NA,1121,3113,0,2,0,3115,A
6-NA,1122,1,3100,0,2,3103,T
6-NA,1123,2,10,3078,1,3091,G
6-NA,1124,3083,0,4,0,3087,A
6-NA,1125,3081,0,2,0,3083,A
6-NA,1126,2967,0,3,0,2970,A
6-NA,1127,0,0,0,2982,2982,C
6-NA,1128,15,1,1,2910,2927,C
6-NA,1129,1,2896,0,4,2901,T
6-NA,1130,1,2895,0,3,2899,T
6-NA,1131,5,0,0,2899,2904,C
6-NA,1132,2904,0,0,0,2904,A
6-NA,1133,2898,1,0,0,2899,A
6-NA,1134,2895,0,2,1,2898,A
6-NA,1135,0,2,2912,0,2914,G
6-NA,1136,1,2855,1,2,2859,T
6-NA,1137,21,1,0,2846,2868,C
6-NA,1138,2919,0,1,0,2920,A
6-NA,1139,0,2922,1,1,2924,T
6-NA,1140,1,2923,0,0,2924,T
6-NA,1141,2,5,2916,0,2923,G
6-NA,1142,2915,1,2,1,2919,A
6-NA,1143,2914,0,6,0,2920,A
6-NA,1144,8,9,2903,0,2920,G
6-NA,1145,0,1,2910,0,2911,G
6-NA,1146,0,0,0,2908,2908,C
6-NA,1147,0,2824,0,2,2826,T
6-NA,1148,1,10,2834,0,2845,G
6-NA,1149,0,1,2916,0,2917,G
6-NA,1150,1,2907,0,5,2913,T
6-NA,1151,13,1,0,2888,2902,C
6-NA,1152,17,0,0,2873,2890,C
6-NA,1153,2873,0,2,1,2876,A
6-NA,1154,2894,0,2,0,2896,A
6-NA,1155,1,0,1,2911,2913,C
6-NA,1156,7,0,0,2898,2905,C
6-NA,1157,33,0,0,2870,2903,C
6-NA,1158,1,2782,1,1,2785,T
6-NA,1159,2782,0,2,0,2784,A
6-NA,1160,2779,0,3,0,2782,A
6-NA,1161,0,0,2803,0,2803,G
6-NA,1162,1,2788,0,4,2793,T
6-NA,1163,8,1,0,2768,2777,C
6-NA,1164,20,3,0,2728,2751,C
6-NA,1165,2731,1,2,1,2735,A
6-NA,1166,2730,1,1,0,2732,A
6-NA,1167,2730,0,2,0,2732,A
6-NA,1168,0,2732,1,1,2734,T
6-NA,1169,0,2732,0,0,2732,T
6-NA,1170,0,1,2714,0,2715,G
6-NA,1171,2,0,0,2699,2701,C
6-NA,1172,2697,0,5,0,2702,A
6-NA,1173,1,5,2705,0,2711,G
6-NA,1174,2702,0,2,0,2704,A
6-NA,1175,2,2754,0,0,2756,T
6-NA,1176,2754,0,0,0,2754,A
6-NA,1177,2739,1,3,0,2743,A
6-NA,1178,2751,0,3,0,2754,A
6-NA,1179,1,2727,0,12,2740,T
6-NA,1180,2731,3,0,0,2734,A
6-NA,1181,0,6,2726,0,2732,G
6-NA,1182,0,0,2720,0,2720,G
6-NA,1183,2,0,0,2710,2712,C
6-NA,1184,2620,0,1,0,2621,A
6-NA,1185,2647,0,4,0,2651,A
6-NA,1186,1,0,2669,1,2671,G
6-NA,1187,0,2652,0,1,2653,T
6-NA,1188,16,2,0,2637,2655,C
6-NA,1189,2667,0,0,0,2667,A
6-NA,1190,1,2661,0,2,2664,T
6-NA,1191,2686,1,1,0,2688,A
6-NA,1192,0,1,2698,0,2699,G
6-NA,1193,1,2697,0,0,2698,T
6-NA,1194,0,2612,0,4,2616,T
6-NA,1195,15,10,2557,0,2582,G
6-NA,1196,2571,2,1,0,2574,A
6-NA,1197,2,0,1,2572,2575,C
6-NA,1198,2529,0,1,0,2530,A
6-NA,1199,0,4,2558,0,2562,G
6-NA,1200,2524,0,2,1,2527,A
6-NA,1201,0,14,2576,0,2590,G
6-NA,1202,0,3,2581,0,2584,G
6-NA,1203,0,2573,0,1,2574,T
6-NA,1204,2566,0,1,0,2567,A
6-NA,1205,2557,1,4,0,2562,A
6-NA,1206,0,2561,0,1,2562,T
6-NA,1207,2537,0,5,0,2542,A
6-NA,1208,0,10,2488,1,2499,G
6-NA,1209,0,1,2445,1,2447,G
6-NA,1210,1,2261,0,4,2266,T
6-NA,1211,8,1,0,2226,2235,C
6-NA,1212,13,2,1,2215,2231,C
6-NA,1213,2,9,2212,0,2223,G
6-NA,1214,0,0,2230,0,2230,G
6-NA,1215,1,2218,0,1,2220,T
6-NA,1216,1,2215,0,0,2216,T
6-NA,1217,2208,1,0,0,2209,A
6-NA,1218,0,2173,0,0,2173,T
6-NA,1219,0,2168,0,0,2168,T
6-NA,1220,5,0,0,2165,2170,C
6-NA,1221,1,2078,0,2,2081,T
6-NA,1222,0,11,2077,0,2088,G
6-NA,1223,1,2,2096,0,2099,G
6-NA,1224,3,2083,1,2,2089,T
6-NA,1225,2093,0,1,0,2094,A
6-NA,1226,2,2066,0,0,2068,T
6-NA,1227,0,2063,0,1,2064,T
6-NA,1228,0,2054,1,2,2057,T
6-NA,1229,1,2062,0,4,2067,T
6-NA,1230,7,1,0,2063,2071,C
6-NA,1231,0,2043,0,2,2045,T
6-NA,1232,7,1,0,2043,2051,C
6-NA,1233,0,2038,0,1,2039,T
6-NA,1234,0,4,2068,0,2072,G
6-NA,1235,0,2064,0,3,2067,T
6-NA,1236,0,2059,0,0,2059,T
6-NA,1237,0,2,2059,0,2061,G
6-NA,1238,2030,1,3,0,2034,A
6-NA,1239,2029,1,2,0,2032,A
6-NA,1240,0,4,2053,0,2057,G
6-NA,1241,4,0,2047,0,2051,G
6-NA,1242,1,0,0,2054,2055,C
6-NA,1243,2006,0,0,0,2006,A
6-NA,1244,2006,0,0,0,2006,A
6-NA,1245,2012,0,0,1,2013,A
6-NA,1246,1997,0,15,0,2012,A
6-NA,1247,0,1,2011,0,2012,G
6-NA,1248,1,1,0,2009,2011,C
6-NA,1249,0,1979,0,5,1984,T
6-NA,1250,0,2,1994,0,1996,G
6-NA,1251,2,0,0,1990,1992,C
6-NA,1252,2002,0,2,0,2004,A
6-NA,1253,0,2003,0,2,2005,T
6-NA,1254,13,0,0,1972,1985,C
6-NA,1255,1975,1,0,0,1976,A
6-NA,1256,1984,0,1,0,1985,A
6-NA,1257,1,1981,0,0,1982,T
6-NA,1258,6,2,0,1969,1977,C
6-NA,1259,1,4,1948,0,1953,G
6-NA,1260,0,0,1967,0,1967,G
6-NA,1261,0,1962,0,0,1962,T
6-NA,1262,0,1,1966,0,1967,G
6-NA,1263,3,1,0,1971,1975,C
6-NA,1264,0,1965,0,5,1970,T
6-NA,1265,0,1977,0,2,1979,T
6-NA,1266,0,1984,0,0,1984,T
6-NA,1267,0,1986,0,0,1986,T
6-NA,1268,1994,0,1,0,1995,A
6-NA,1269,0,1927,0,1,1928,T
6-NA,1270,0,0,1927,0,1927,G
6-NA,1271,0,1902,0,3,1905,T
6-NA,1272,2,6,1881,0,1889,G
6-NA,1273,1,11,1898,0,1910,G
6-NA,1274,1864,0,1,0,1865,A
6-NA,1275,0,1,1885,0,1886,G
6-NA,1276,0,1880,0,1,1881,T
6-NA,1277,0,1858,1,0,1859,T
6-NA,1278,0,8,1872,0,1880,G
6-NA,1279,1876,0,3,0,1879,A
6-NA,1280,0,1876,0,0,1876,T
6-NA,1281,1865,0,3,0,1868,A
6-NA,1282,1806,2,1,1,1810,A
6-NA,1283,0,14,1799,0,1813,G
6-NA,1284,0,10,1771,1,1782,G
6-NA,1285,0,9,1756,0,1765,G
6-NA,1286,6,5,1754,0,1765,G
6-NA,1287,1729,0,1,0,1730,A
6-NA,1288,1722,0,6,0,1728,A
6-NA,1289,0,3,1743,0,1746,G
6-NA,1290,1740,0,1,0,1741,A
6-NA,1291,1734,1,0,1,1736,A
6-NA,1292,1730,0,1,0,1731,A
6-NA,1293,1694,0,4,0,1698,A
6-NA,1294,1,2,1700,1,1704,G
6-NA,1295,1669,0,1,0,1670,A
6-NA,1296,0,9,1659,0,1668,G
6-NA,1297,0,4,1663,0,1667,G
6-NA,1298,1643,0,3,0,1646,A
6-NA,1299,1645,0,1,0,1646,A
6-NA,1300,1642,0,0,0,1642,A
6-NA,1301,1,0,0,1647,1648,C
6-NA,1302,2,1640,0,0,1642,T
6-NA,1303,0,4,1640,0,1644,G
6-NA,1304,1638,0,0,0,1638,A
6-NA,1305,1632,0,4,0,1636,A
6-NA,1306,1,1,1644,0,1646,G
6-NA,1307,1,1632,0,1,1634,T
6-NA,1308,8,0,0,1635,1643,C
6-NA,1309,0,1631,1,4,1636,T
6-NA,1310,0,1613,0,1,1614,T
6-NA,1311,1,0,1621,0,1622,G
6-NA,1312,1,1608,1,1,1611,T
6-NA,1313,0,4,1605,0,1609,G
6-NA,1314,0,7,1596,0,1603,G
6-NA,1315,1593,0,2,0,1595,A
6-NA,1316,2,1,0,1604,1607,C
6-NA,1317,6,1,0,1560,1567,C
6-NA,1318,0,1562,0,4,1566,T
6-NA,1319,5,1,0,1562,1568,C
6-NA,1320,1573,0,1,0,1574,A
6-NA,1321,1572,0,2,0,1574,A
6-NA,1322,1567,1,1,0,1569,A
6-NA,1323,3,2,0,1581,1586,C
6-NA,1324,1542,0,0,0,1542,A
6-NA,1325,0,2,1556,0,1558,G
6-NA,1326,0,1530,0,1,1531,T
6-NA,1327,1536,0,0,0,1536,A
6-NA,1328,0,1535,0,0,1535,T
6-NA,1329,1,1507,0,0,1508,T
6-NA,1330,1,1,1514,0,1516,G
6-NA,1331,1,1504,0,3,1508,T
6-NA,1332,0,1434,0,2,1436,T
6-NA,1333,0,1,1440,0,1441,G
6-NA,1334,0,1341,0,1,1342,T
6-NA,1335,0,1,1345,0,1346,G
6-NA,1336,0,1330,1,3,1334,T
6-NA,1337,1,1315,1,1,1318,T
6-NA,1338,0,1317,0,0,1317,T
6-NA,1339,0,1278,0,1,1279,T
6-NA,1340,0,0,1281,0,1281,G
6-NA,1341,1,1278,0,1,1280,T
6-NA,1342,0,9,1260,0,1269,G
6-NA,1343,0,1,1271,0,1272,G
6-NA,1344,1,1,1,1259,1262,C
6-NA,1345,1253,1,1,0,1255,A
6-NA,1346,2,0,0,1263,1265,C
6-NA,1347,10,0,0,1244,1254,C
6-NA,1348,0,1252,0,0,1252,T
6-NA,1349,4,0,0,1252,1256,C
6-NA,1350,1251,0,2,0,1253,A
6-NA,1351,0,1,1261,1,1263,G
6-NA,1352,1,0,1262,0,1263,G
6-NA,1353,0,1257,0,0,1257,T
6-NA,1354,1243,1,0,0,1244,A
6-NA,1355,1,0,0,1194,1195,C
6-NA,1356,1167,0,2,0,1169,A
6-NA,1357,0,1166,0,0,1166,T
6-NA,1358,1130,0,1,0,1131,A
6-NA,1359,0,1128,0,1,1129,T
6-NA,1360,0,5,1064,0,1069,G
6-NA,1361,2,5,1060,0,1067,G
6-NA,1362,1054,1,1,0,1056,A
6-NA,1363,1047,0,1,0,1048,A
6-NA,1364,2,0,0,1026,1028,C
6-NA,1365,867,0,2,0,869,A
6-NA,1366,0,2,868,0,870,G
6-NA,1367,0,2,866,1,869,G
6-NA,1368,2,0,0,867,869,C
6-NA,1369,0,862,0,1,863,T
6-NA,1370,5,0,0,818,823,C
6-NA,1371,816,0,0,0,816,A
6-NA,1372,0,814,0,1,815,T
6-NA,1373,0,1,811,0,812,G
6-NA,1374,0,0,813,0,813,G
6-NA,1375,0,0,0,781,781,C
6-NA,1376,1,0,0,769,770,C
6-NA,1377,1,723,0,0,724,T
6-NA,1378,0,1,725,0,726,G
6-NA,1379,722,0,0,0,722,A
6-NA,1380,0,720,0,0,720,T
6-NA,1381,1,2,708,0,711,G
6-NA,1382,0,3,690,0,693,G
6-NA,1383,0,2,656,0,658,G
6-NA,1384,0,0,657,0,657,G
6-NA,1385,0,1,0,638,639,C
6-NA,1386,0,2,639,0,641,G
6-NA,1387,1,0,630,0,631,G
6-NA,1388,616,0,1,0,617,A
6-NA,1389,0,0,0,616,616,C
6-NA,1390,617,0,1,0,618,A
6-NA,1391,0,606,0,1,607,T
6-NA,1392,2,0,0,591,593,C
6-NA,1393,586,0,1,0,587,A
6-NA,1394,585,0,0,0,585,A
6-NA,1395,0,585,0,1,586,T
6-NA,1396,0,0,0,571,571,C
6-NA,1397,0,545,0,1,546,T
6-NA,1398,3,0,0,485,488,C
6-NA,1399,486,0,1,0,487,A
6-NA,1400,0,484,0,0,484,T
6-NA,1401,0,0,483,0,483,G
6-NA,1402,0,0,0,479,479,C
6-NA,1403,4,0,0,462,466,C
6-NA,1404,0,427,1,0,428,T
6-NA,1405,422,0,1,0,423,A
6-NA,1406,0,422,0,1,423,T
6-NA,1407,416,0,0,0,416,A
6-NA,1408,0,414,0,0,414,T
6-NA,1409,373,0,0,0,373,A
6-NA,1410,362,0,0,0,362,A
7-M,1,29,0,0,0,29,A
7-M,2,0,29,0,0,29,T
7-M,3,0,0,30,0,30,G
7-M,4,30,0,0,0,30,A
7-M,5,0,0,31,0,31,G
7-M,6,0,0,0,34,34,C
7-M,7,0,0,0,36,36,C
7-M,8,0,47,0,0,47,T
7-M,9,0,47,0,0,47,T
7-M,10,0,0,0,47,47,C
7-M,11,0,48,0,0,48,T
7-M,12,48,0,0,0,48,A
7-M,13,48,0,0,0,48,A
7-M,14,0,0,0,48,48,C
7-M,15,0,1,0,47,48,C
7-M,16,1,0,47,0,48,G
7-M,17,49,0,0,0,49,A
7-M,18,0,1,49,0,50,G
7-M,19,0,0,50,0,50,G
7-M,20,0,50,0,0,50,T
7-M,21,0,0,0,50,50,C
7-M,22,0,1,49,0,50,G
7-M,23,52,0,0,0,52,A
7-M,24,52,0,0,0,52,A
7-M,25,53,0,0,0,53,A
7-M,26,0,0,0,57,57,C
7-M,27,1,0,56,0,57,G
7-M,28,0,57,0,0,57,T
7-M,29,57,0,0,0,57,A
7-M,30,0,57,0,0,57,T
7-M,31,0,0,57,0,57,G
7-M,32,0,57,0,0,57,T
7-M,33,0,67,0,0,67,T
7-M,34,0,0,0,68,68,C
7-M,35,0,67,0,0,67,T
7-M,36,0,0,0,72,72,C
7-M,37,0,72,0,0,72,T
7-M,38,1,0,0,76,77,C
7-M,39,0,77,0,0,77,T
7-M,40,77,0,0,0,77,A
7-M,41,0,77,0,0,77,T
7-M,42,0,0,0,79,79,C
7-M,43,0,0,79,0,79,G
7-M,44,0,80,0,0,80,T
7-M,45,0,80,0,0,80,T
7-M,46,0,0,0,82,82,C
7-M,47,0,0,0,84,84,C
7-M,48,85,0,0,0,85,A
7-M,49,0,85,0,0,85,T
7-M,50,0,0,0,85,85,C
7-M,51,85,0,0,0,85,A
7-M,52,0,0,85,1,86,G
7-M,53,0,0,86,0,86,G
7-M,54,0,0,0,86,86,C
7-M,55,1,1,0,83,85,C
7-M,56,0,0,0,86,86,C
7-M,57,0,0,0,87,87,C
7-M,58,0,0,0,89,89,C
7-M,59,0,88,0,1,89,T
7-M,60,0,0,0,90,90,C
7-M,61,89,0,0,0,89,A
7-M,62,89,0,0,0,89,A
7-M,63,91,0,0,0,91,A
7-M,64,0,0,95,0,95,G
7-M,65,0,0,0,95,95,C
7-M,66,0,0,0,95,95,C
7-M,67,0,0,94,0,94,G
7-M,68,95,0,0,0,95,A
7-M,69,0,2,94,0,96,G
7-M,70,99,0,0,0,99,A
7-M,71,0,99,0,0,99,T
7-M,72,1,0,0,98,99,C
7-M,73,0,1,97,0,98,G
7-M,74,0,0,0,99,99,C
7-M,75,0,0,99,0,99,G
7-M,76,0,0,0,99,99,C
7-M,77,98,0,0,0,98,A
7-M,78,0,1,99,0,100,G
7-M,79,99,0,0,0,99,A
7-M,80,0,0,106,0,106,G
7-M,81,106,0,0,0,106,A
7-M,82,0,0,0,109,109,C
7-M,83,0,108,0,0,108,T
7-M,84,0,109,0,0,109,T
7-M,85,0,0,109,0,109,G
7-M,86,109,0,0,0,109,A
7-M,87,108,0,0,0,108,A
7-M,88,0,1,107,0,108,G
7-M,89,108,0,1,0,109,A
7-M,90,0,109,0,0,109,T
7-M,91,0,0,111,0,111,G
7-M,92,0,110,0,0,110,T
7-M,93,1,0,0,110,111,C
7-M,94,0,109,0,0,109,T
7-M,95,0,110,0,1,111,T
7-M,96,0,111,0,0,111,T
7-M,97,0,0,111,0,111,G
7-M,98,0,0,0,111,111,C
7-M,99,0,110,0,0,110,T
7-M,100,0,3,106,0,109,G
7-M,101,0,0,109,0,109,G
7-M,102,0,0,112,0,112,G
7-M,103,111,0,0,0,111,A
7-M,104,112,0,0,0,112,A
7-M,105,111,0,1,0,112,A
7-M,106,112,0,0,0,112,A
7-M,107,111,0,1,0,112,A
7-M,108,0,0,0,112,112,C
7-M,109,110,0,0,0,110,A
7-M,110,0,0,0,111,111,C
7-M,111,111,0,0,0,111,A
7-M,112,0,0,114,0,114,G
7-M,113,114,0,0,0,114,A
7-M,114,0,114,0,0,114,T
7-M,115,1,0,0,114,115,C
7-M,116,0,113,0,0,113,T
7-M,117,0,113,0,0,113,T
7-M,118,0,0,113,0,113,G
7-M,119,112,0,1,0,113,A
7-M,120,0,0,113,0,113,G
7-M,121,0,0,112,0,112,G
7-M,122,0,0,0,113,113,C
7-M,123,0,114,0,0,114,T
7-M,124,0,0,0,137,137,C
7-M,125,0,136,0,0,136,T
7-M,126,2,0,0,135,137,C
7-M,127,138,0,0,0,138,A
7-M,128,0,138,0,0,138,T
7-M,129,0,1,138,0,139,G
7-M,130,0,0,141,0,141,G
7-M,131,140,0,0,0,140,A
7-M,132,140,0,0,0,140,A
7-M,133,0,132,0,1,133,T
7-M,134,0,0,137,0,137,G
7-M,135,0,0,145,0,145,G
7-M,136,0,0,0,146,146,C
7-M,137,0,145,0,0,145,T
7-M,138,146,0,0,0,146,A
7-M,139,145,0,1,0,146,A
7-M,140,146,0,0,0,146,A
7-M,141,0,1,149,0,150,G
7-M,142,151,0,0,0,151,A
7-M,143,0,0,0,151,151,C
7-M,144,148,0,0,0,148,A
7-M,145,148,0,0,0,148,A
7-M,146,0,1,150,0,151,G
7-M,147,150,0,1,0,151,A
7-M,148,0,0,0,152,152,C
7-M,149,0,0,0,153,153,C
7-M,150,151,0,0,0,151,A
7-M,151,153,0,0,0,153,A
7-M,152,0,153,0,0,153,T
7-M,153,0,152,0,0,152,T
7-M,154,0,0,0,152,152,C
7-M,155,0,154,0,0,154,T
7-M,156,0,0,155,0,155,G
7-M,157,0,155,0,0,155,T
7-M,158,1,0,0,154,155,C
7-M,159,155,0,0,0,155,A
7-M,160,0,0,0,158,158,C
7-M,161,0,0,0,156,156,C
7-M,162,0,157,0,0,157,T
7-M,163,0,0,0,157,157,C
7-M,164,0,155,0,0,155,T
7-M,165,0,1,159,0,160,G
7-M,166,160,0,0,0,160,A
7-M,167,0,0,0,161,161,C
7-M,168,0,160,0,0,160,T
7-M,169,158,0,0,0,158,A
7-M,170,157,0,0,0,157,A
7-M,171,0,1,158,0,159,G
7-M,172,0,0,158,0,158,G
7-M,173,0,0,160,0,160,G
7-M,174,0,1,160,0,161,G
7-M,175,166,0,0,0,166,A
7-M,176,0,165,0,0,165,T
7-M,177,0,166,0,0,166,T
7-M,178,0,166,0,0,166,T
7-M,179,0,166,0,0,166,T
7-M,180,0,0,166,0,166,G
7-M,181,0,2,162,0,164,G
7-M,182,0,0,165,0,165,G
7-M,183,0,0,166,0,166,G
7-M,184,0,163,0,0,163,T
7-M,185,0,163,0,0,163,T
7-M,186,0,161,0,0,161,T
7-M,187,0,0,168,0,168,G
7-M,188,0,168,0,0,168,T
7-M,189,1,1,171,0,173,G
7-M,190,0,175,0,0,175,T
7-M,191,0,174,0,0,174,T
7-M,192,2,0,0,172,174,C
7-M,193,174,0,0,0,174,A
7-M,194,0,0,0,177,177,C
7-M,195,0,0,176,0,176,G
7-M,196,0,0,0,178,178,C
7-M,197,0,177,0,0,177,T
7-M,198,0,0,0,182,182,C
7-M,199,186,0,0,0,186,A
7-M,200,0,0,0,190,190,C
7-M,201,0,0,0,189,189,C
7-M,202,0,0,189,0,189,G
7-M,203,0,186,0,1,187,T
7-M,204,0,0,186,0,186,G
7-M,205,1,0,0,188,189,C
7-M,206,0,0,0,188,188,C
7-M,207,1,0,0,189,190,C
7-M,208,187,0,0,0,187,A
7-M,209,0,0,193,0,193,G
7-M,210,0,193,0,0,193,T
7-M,211,0,2,192,0,194,G
7-M,212,195,0,2,0,197,A
7-M,213,0,0,196,0,196,G
7-M,214,0,0,0,195,195,C
7-M,215,0,0,197,0,197,G
7-M,216,195,0,0,0,195,A
7-M,217,0,1,196,0,197,G
7-M,218,0,0,197,0,197,G
7-M,219,195,0,0,0,195,A
7-M,220,0,0,0,198,198,C
7-M,221,0,197,0,0,197,T
7-M,222,0,0,198,0,198,G
7-M,223,0,0,0,198,198,C
7-M,224,196,0,0,0,196,A
7-M,225,0,0,201,0,201,G
7-M,226,0,0,0,200,200,C
7-M,227,0,0,199,0,199,G
7-M,228,0,201,0,0,201,T
7-M,229,196,0,1,0,197,A
7-M,230,0,0,198,0,198,G
7-M,231,198,0,0,0,198,A
7-M,232,1,0,0,199,200,C
7-M,233,0,0,197,0,197,G
7-M,234,0,0,0,198,198,C
7-M,235,0,195,0,0,195,T
7-M,236,0,196,0,0,196,T
7-M,237,0,196,0,0,196,T
7-M,238,0,0,204,0,204,G
7-M,239,0,205,0,0,205,T
7-M,240,1,0,0,203,204,C
7-M,241,0,0,0,205,205,C
7-M,242,206,0,0,0,206,A
7-M,243,206,0,0,0,206,A
7-M,244,205,0,0,0,205,A
7-M,245,207,0,0,0,207,A
7-M,246,0,207,0,0,207,T
7-M,247,0,0,206,0,206,G
7-M,248,1,1,0,202,204,C
7-M,249,1,0,0,204,205,C
7-M,250,3,0,0,200,203,C
7-M,251,0,204,0,0,204,T
7-M,252,1,0,0,209,210,C
7-M,253,210,0,0,0,210,A
7-M,254,210,0,0,0,210,A
7-M,255,0,211,0,0,211,T
7-M,256,0,3,208,0,211,G
7-M,257,0,0,213,0,213,G
7-M,258,0,0,211,0,211,G
7-M,259,211,0,0,0,211,A
7-M,260,210,0,0,0,210,A
7-M,261,0,202,0,0,202,T
7-M,262,0,2,198,0,200,G
7-M,263,0,0,201,0,201,G
7-M,264,195,0,1,0,196,A
7-M,265,0,2,192,0,194,G
7-M,266,191,0,1,0,192,A
7-M,267,0,0,0,190,190,C
7-M,268,4,0,0,193,197,C
7-M,269,2,0,0,196,198,C
7-M,270,198,0,0,0,198,A
7-M,271,201,0,0,0,201,A
7-M,272,201,0,0,0,201,A
7-M,273,0,204,0,0,204,T
7-M,274,210,0,0,0,210,A
7-M,275,211,0,1,0,212,A
7-M,276,0,0,0,206,206,C
7-M,277,205,0,0,0,205,A
7-M,278,0,205,0,0,205,T
7-M,279,0,3,205,0,208,G
7-M,280,0,2,207,0,209,G
7-M,281,208,0,0,0,208,A
7-M,282,0,0,0,208,208,C
7-M,283,205,0,0,0,205,A
7-M,284,207,0,0,0,207,A
7-M,285,204,0,0,0,204,A
7-M,286,0,0,206,0,206,G
7-M,287,0,0,0,213,213,C
7-M,288,210,0,0,0,210,A
7-M,289,0,0,216,0,216,G
7-M,290,0,215,0,1,216,T
7-M,291,0,216,0,0,216,T
7-M,292,215,0,0,0,215,A
7-M,293,215,0,0,0,215,A
7-M,294,217,0,0,0,217,A
7-M,295,0,0,0,216,216,C
7-M,296,0,214,0,0,214,T
7-M,297,0,1,230,0,231,G
7-M,298,0,227,0,1,228,T
7-M,299,229,0,0,0,229,A
7-M,300,0,228,0,0,228,T
7-M,301,225,0,0,0,225,A
7-M,302,0,0,225,0,225,G
7-M,303,0,0,226,0,226,G
7-M,304,225,0,0,0,225,A
7-M,305,224,0,0,0,224,A
7-M,306,225,0,0,0,225,A
7-M,307,0,0,0,225,225,C
7-M,308,0,225,0,1,226,T
7-M,309,0,227,0,0,227,T
7-M,310,226,0,0,0,226,A
7-M,311,227,0,0,0,227,A
7-M,312,0,2,226,0,228,G
7-M,313,224,0,0,0,224,A
7-M,314,0,2,224,0,226,G
7-M,315,214,0,2,0,216,A
7-M,316,0,1,222,0,223,G
7-M,317,229,0,0,0,229,A
7-M,318,0,0,235,0,235,G
7-M,319,236,0,0,0,236,A
7-M,320,0,235,0,0,235,T
7-M,321,234,0,0,0,234,A
7-M,322,238,0,1,0,239,A
7-M,323,0,0,0,238,238,C
7-M,324,0,0,239,0,239,G
7-M,325,0,238,0,0,238,T
7-M,326,0,238,0,0,238,T
7-M,327,1,0,0,240,241,C
7-M,328,2,0,0,234,236,C
7-M,329,239,0,0,0,239,A
7-M,330,0,240,0,0,240,T
7-M,331,0,1,237,0,238,G
7-M,332,1,1,239,0,241,G
7-M,333,0,0,241,0,241,G
7-M,334,0,0,237,0,237,G
7-M,335,1,0,0,238,239,C
7-M,336,1,0,0,239,240,C
7-M,337,241,0,0,0,241,A
7-M,338,242,0,0,0,242,A
7-M,339,243,0,0,0,243,A
7-M,340,0,3,243,0,246,G
7-M,341,244,0,0,0,244,A
7-M,342,240,1,0,0,241,A
7-M,343,243,0,0,0,243,A
7-M,344,0,243,0,0,243,T
7-M,345,242,0,0,0,242,A
7-M,346,0,0,243,0,243,G
7-M,347,0,0,0,245,245,C
7-M,348,0,244,0,0,244,T
7-M,349,1,0,0,245,246,C
7-M,350,0,243,0,0,243,T
7-M,351,1,0,0,257,258,C
7-M,352,257,0,0,0,257,A
7-M,353,0,1,256,0,257,G
7-M,354,0,253,0,0,253,T
7-M,355,0,257,0,0,257,T
7-M,356,259,0,0,0,259,A
7-M,357,0,258,0,0,258,T
7-M,358,0,258,0,0,258,T
7-M,359,1,0,0,260,261,C
7-M,360,1,251,0,0,252,T
7-M,361,0,0,252,0,252,G
7-M,362,0,0,0,254,254,C
7-M,363,0,255,0,0,255,T
7-M,364,0,1,254,0,255,G
7-M,365,0,0,256,0,256,G
7-M,366,0,257,0,0,257,T
7-M,367,0,0,257,0,257,G
7-M,368,0,0,0,255,255,C
7-M,369,253,0,0,0,253,A
7-M,370,0,0,0,256,256,C
7-M,371,0,255,0,0,255,T
7-M,372,0,261,0,0,261,T
7-M,373,0,0,260,0,260,G
7-M,374,0,0,0,260,260,C
7-M,375,0,0,0,260,260,C
7-M,376,260,0,0,0,260,A
7-M,377,0,0,263,0,263,G
7-M,378,0,264,0,0,264,T
7-M,379,0,261,0,0,261,T
7-M,380,0,0,260,0,260,G
7-M,381,0,260,0,0,260,T
7-M,382,260,0,0,0,260,A
7-M,383,0,262,0,0,262,T
7-M,384,0,2,260,0,262,G
7-M,385,0,0,262,0,262,G
7-M,386,0,1,261,0,262,G
7-M,387,0,0,0,262,262,C
7-M,388,0,0,0,265,265,C
7-M,389,0,261,0,0,261,T
7-M,390,1,0,0,263,264,C
7-M,391,275,1,0,0,276,A
7-M,392,0,276,0,0,276,T
7-M,393,278,0,1,0,279,A
7-M,394,0,275,0,0,275,T
7-M,395,275,0,0,0,275,A
7-M,396,0,0,0,288,288,C
7-M,397,277,0,0,0,277,A
7-M,398,280,0,0,0,280,A
7-M,399,0,279,0,0,279,T
7-M,400,266,0,0,0,266,A
7-M,401,0,2,268,0,270,G
7-M,402,0,1,267,0,268,G
7-M,403,268,0,0,0,268,A
7-M,404,0,266,0,0,266,T
7-M,405,1,2,257,0,260,G
7-M,406,0,2,255,0,257,G
7-M,407,1,5,251,0,257,G
7-M,408,0,1,258,0,259,G
7-M,409,0,0,258,0,258,G
7-M,410,0,0,0,255,255,C
7-M,411,0,255,0,0,255,T
7-M,412,0,0,256,0,256,G
7-M,413,0,255,0,0,255,T
7-M,414,256,0,0,0,256,A
7-M,415,256,0,0,0,256,A
7-M,416,0,0,0,251,251,C
7-M,417,0,0,0,249,249,C
7-M,418,245,0,0,0,245,A
7-M,419,0,0,0,246,246,C
7-M,420,0,246,0,0,246,T
7-M,421,0,0,246,0,246,G
7-M,422,245,1,0,0,246,A
7-M,423,245,0,0,0,245,A
7-M,424,0,0,245,0,245,G
7-M,425,0,243,0,0,243,T
7-M,426,1,1,241,0,243,G
7-M,427,0,0,243,0,243,G
7-M,428,1,0,0,243,244,C
7-M,429,244,0,0,0,244,A
7-M,430,0,244,0,0,244,T
7-M,431,0,244,0,0,244,T
7-M,432,0,243,0,0,243,T
7-M,433,0,2,248,0,250,G
7-M,434,1,0,249,0,250,G
7-M,435,1,0,0,248,249,C
7-M,436,0,0,0,246,246,C
7-M,437,0,248,0,0,248,T
7-M,438,0,0,261,0,261,G
7-M,439,0,0,263,0,263,G
7-M,440,0,264,0,0,264,T
7-M,441,267,0,0,0,267,A
7-M,442,0,262,0,0,262,T
7-M,443,0,0,271,0,271,G
7-M,444,0,272,0,0,272,T
7-M,445,0,0,272,0,272,G
7-M,446,1,0,0,272,273,C
7-M,447,262,0,0,0,262,A
7-M,448,261,0,0,0,261,A
7-M,449,0,0,0,263,263,C
7-M,450,261,0,0,0,261,A
7-M,451,0,261,0,0,261,T
7-M,452,0,0,255,0,255,G
7-M,453,0,251,0,0,251,T
7-M,454,0,2,251,0,253,G
7-M,455,254,0,0,0,254,A
7-M,456,0,0,254,0,254,G
7-M,457,0,0,0,251,251,C
7-M,458,244,0,1,0,245,A
7-M,459,0,0,247,0,247,G
7-M,460,245,0,0,0,245,A
7-M,461,0,244,0,0,244,T
7-M,462,0,244,0,0,244,T
7-M,463,1,0,246,0,247,G
7-M,464,0,0,0,247,247,C
7-M,465,0,247,0,0,247,T
7-M,466,0,0,246,0,246,G
7-M,467,245,0,0,0,245,A
7-M,468,0,0,0,256,256,C
7-M,469,0,255,0,0,255,T
7-M,470,1,0,0,256,257,C
7-M,471,0,0,0,254,254,C
7-M,472,3,0,0,252,255,C
7-M,473,256,0,0,0,256,A
7-M,474,0,0,256,0,256,G
7-M,475,0,0,0,254,254,C
7-M,476,256,0,0,0,256,A
7-M,477,0,0,0,254,254,C
7-M,478,243,0,0,0,243,A
7-M,479,0,1,244,0,245,G
7-M,480,0,0,245,0,245,G
7-M,481,0,240,0,2,242,T
7-M,482,1,0,0,249,250,C
7-M,483,0,247,0,0,247,T
7-M,484,1,0,0,248,249,C
7-M,485,249,0,1,0,250,A
7-M,486,0,252,0,0,252,T
7-M,487,252,0,0,0,252,A
7-M,488,0,1,246,0,247,G
7-M,489,0,0,248,0,248,G
7-M,490,0,0,0,247,247,C
7-M,491,238,0,0,0,238,A
7-M,492,0,0,238,0,238,G
7-M,493,239,0,1,0,240,A
7-M,494,0,240,0,0,240,T
7-M,495,1,1,238,0,240,G
7-M,496,0,0,240,0,240,G
7-M,497,0,240,0,0,240,T
7-M,498,0,0,244,0,244,G
7-M,499,0,0,244,0,244,G
7-M,500,1,1,0,242,244,C
7-M,501,243,0,1,0,244,A
7-M,502,244,0,0,0,244,A
7-M,503,0,0,0,249,249,C
7-M,504,244,0,0,0,244,A
7-M,505,244,0,0,0,244,A
7-M,506,0,0,0,244,244,C
7-M,507,0,0,0,241,241,C
7-M,508,237,0,0,0,237,A
7-M,509,238,0,0,0,238,A
7-M,510,0,237,0,1,238,T
7-M,511,1,0,0,237,238,C
7-M,512,2,0,0,226,228,C
7-M,513,226,0,0,0,226,A
7-M,514,0,226,0,0,226,T
7-M,515,0,228,0,0,228,T
7-M,516,227,0,0,0,227,A
7-M,517,229,0,0,0,229,A
7-M,518,0,230,0,0,230,T
7-M,519,229,0,0,0,229,A
7-M,520,229,0,0,0,229,A
7-M,521,227,0,0,0,227,A
7-M,522,233,0,0,0,233,A
7-M,523,0,0,0,238,238,C
7-M,524,238,0,0,0,238,A
7-M,525,0,235,0,0,235,T
7-M,526,0,1,235,0,236,G
7-M,527,236,0,0,0,236,A
7-M,528,0,0,235,0,235,G
7-M,529,234,0,0,0,234,A
7-M,530,233,0,0,0,233,A
7-M,531,0,0,0,237,237,C
7-M,532,232,0,0,0,232,A
7-M,533,0,2,231,0,233,G
7-M,534,235,0,0,0,235,A
7-M,535,234,0,0,0,234,A
7-M,536,0,235,0,0,235,T
7-M,537,0,1,230,0,231,G
7-M,538,0,0,230,0,230,G
7-M,539,0,231,0,0,231,T
7-M,540,0,223,0,1,224,T
7-M,541,0,232,0,0,232,T
7-M,542,0,233,0,0,233,T
7-M,543,0,2,235,0,237,G
7-M,544,0,0,237,0,237,G
7-M,545,0,0,0,236,236,C
7-M,546,0,0,0,237,237,C
7-M,547,235,0,0,0,235,A
7-M,548,0,0,243,0,243,G
7-M,549,0,0,0,247,247,C
7-M,550,248,0,0,0,248,A
7-M,551,0,1,0,253,254,C
7-M,552,0,250,0,1,251,T
7-M,553,251,0,0,0,251,A
7-M,554,0,0,0,252,252,C
7-M,555,250,1,0,0,251,A
7-M,556,0,0,255,0,255,G
7-M,557,0,0,0,253,253,C
7-M,558,0,250,0,0,250,T
7-M,559,249,0,0,0,249,A
7-M,560,246,0,0,0,246,A
7-M,561,0,1,249,0,250,G
7-M,562,0,0,249,0,249,G
7-M,563,0,0,0,252,252,C
7-M,564,0,241,0,0,241,T
7-M,565,242,0,0,0,242,A
7-M,566,0,241,0,0,241,T
7-M,567,0,1,242,0,243,G
7-M,568,1,0,240,1,242,G
7-M,569,237,0,1,0,238,A
7-M,570,0,0,238,0,238,G
7-M,571,0,0,0,237,237,C
7-M,572,233,0,0,0,233,A
7-M,573,233,0,0,0,233,A
7-M,574,231,0,0,1,232,A
7-M,575,0,233,0,0,233,T
7-M,576,0,1,234,0,235,G
7-M,577,0,0,231,0,231,G
7-M,578,0,0,0,232,232,C
7-M,579,0,229,0,0,229,T
7-M,580,0,4,226,0,230,G
7-M,581,0,1,230,0,231,G
7-M,582,232,0,0,0,232,A
7-M,583,0,231,0,0,231,T
7-M,584,1,0,0,223,224,C
7-M,585,222,1,0,0,223,A
7-M,586,227,0,0,0,227,A
7-M,587,0,0,227,0,227,G
7-M,588,0,227,0,0,227,T
7-M,589,0,1,226,0,227,G
7-M,590,227,0,0,0,227,A
7-M,591,224,0,0,0,224,A
7-M,592,0,0,0,227,227,C
7-M,593,228,0,0,0,228,A
7-M,594,0,1,228,0,229,G
7-M,595,0,0,227,0,227,G
7-M,596,0,0,0,225,225,C
7-M,597,223,0,0,0,223,A
7-M,598,0,0,228,0,228,G
7-M,599,1,0,0,226,227,C
7-M,600,0,1,225,0,226,G
7-M,601,0,0,226,0,226,G
7-M,602,226,0,0,0,226,A
7-M,603,0,0,227,0,227,G
7-M,604,0,0,228,0,228,G
7-M,605,0,1,0,227,228,C
7-M,606,0,1,0,230,231,C
7-M,607,229,0,0,0,229,A
7-M,608,0,228,0,0,228,T
7-M,609,0,2,228,0,230,G
7-M,610,0,2,228,0,230,G
7-M,611,226,0,0,0,226,A
7-M,612,0,2,226,0,228,G
7-M,613,222,0,0,0,222,A
7-M,614,0,227,0,0,227,T
7-M,615,0,225,0,0,225,T
7-M,616,0,0,224,0,224,G
7-M,617,0,0,0,223,223,C
7-M,618,0,222,0,0,222,T
7-M,619,219,0,0,0,219,A
7-M,620,0,1,219,0,220,G
7-M,621,0,219,0,0,219,T
7-M,622,1,0,0,216,217,C
7-M,623,216,0,0,0,216,A
7-M,624,0,0,216,0,216,G
7-M,625,0,0,216,0,216,G
7-M,626,0,0,0,215,215,C
7-M,627,0,0,0,218,218,C
7-M,628,216,0,0,0,216,A
7-M,629,0,0,218,0,218,G
7-M,630,0,0,218,0,218,G
7-M,631,1,1,0,214,216,C
7-M,632,218,0,0,0,218,A
7-M,633,0,1,216,0,217,G
7-M,634,216,0,1,0,217,A
7-M,635,0,216,0,0,216,T
7-M,636,0,0,216,0,216,G
7-M,637,0,0,224,0,224,G
7-M,638,0,220,0,0,220,T
7-M,639,0,0,221,0,221,G
7-M,640,1,0,0,218,219,C
7-M,641,218,0,0,0,218,A
7-M,642,0,1,225,0,226,G
7-M,643,0,0,226,0,226,G
7-M,644,0,0,0,227,227,C
7-M,645,226,0,0,0,226,A
7-M,646,226,0,0,0,226,A
7-M,647,0,223,0,0,223,T
7-M,648,0,0,223,0,223,G
7-M,649,222,0,0,0,222,A
7-M,650,0,1,221,0,222,G
7-M,651,220,0,1,0,221,A
7-M,652,0,0,221,0,221,G
7-M,653,0,0,0,226,226,C
7-M,654,1,0,0,226,227,C
7-M,655,228,0,0,0,228,A
7-M,656,0,228,0,0,228,T
7-M,657,0,228,0,0,228,T
7-M,658,0,0,226,0,226,G
7-M,659,0,0,228,0,228,G
7-M,660,0,1,228,0,229,G
7-M,661,229,1,0,0,230,A
7-M,662,0,0,0,228,228,C
7-M,663,0,222,0,0,222,T
7-M,664,1,0,0,222,223,C
7-M,665,224,0,0,0,224,A
7-M,666,0,229,0,1,230,T
7-M,667,2,0,0,228,230,C
7-M,668,0,0,0,229,229,C
7-M,669,0,229,0,0,229,T
7-M,670,231,0,0,0,231,A
7-M,671,0,0,231,0,231,G
7-M,672,0,238,0,0,238,T
7-M,673,0,235,0,2,237,T
7-M,674,2,0,0,236,238,C
7-M,675,2,0,0,231,233,C
7-M,676,232,0,0,0,232,A
7-M,677,0,0,233,0,233,G
7-M,678,0,233,0,0,233,T
7-M,679,231,0,1,0,232,A
7-M,680,0,1,0,230,231,C
7-M,681,0,221,0,0,221,T
7-M,682,0,2,227,0,229,G
7-M,683,0,0,228,0,228,G
7-M,684,0,228,0,0,228,T
7-M,685,0,221,0,1,222,T
7-M,686,0,225,0,0,225,T
7-M,687,224,0,0,0,224,A
7-M,688,224,0,0,0,224,A
7-M,689,0,0,228,0,228,G
7-M,690,226,0,0,0,226,A
7-M,691,0,0,223,0,223,G
7-M,692,219,0,0,0,219,A
7-M,693,0,219,0,0,219,T
7-M,694,0,0,219,0,219,G
7-M,695,217,0,0,0,217,A
7-M,696,0,219,0,0,219,T
7-M,697,2,0,0,214,216,C
7-M,698,0,214,0,0,214,T
7-M,699,0,215,0,0,215,T
7-M,700,1,0,0,214,215,C
7-M,701,0,215,0,0,215,T
7-M,702,0,214,0,1,215,T
7-M,703,0,1,213,0,214,G
7-M,704,214,0,0,0,214,A
7-M,705,214,0,0,0,214,A
7-M,706,213,0,0,0,213,A
7-M,707,214,0,0,0,214,A
7-M,708,0,218,0,0,218,T
7-M,709,0,218,0,0,218,T
7-M,710,0,217,0,0,217,T
7-M,711,0,0,218,0,218,G
7-M,712,0,0,0,217,217,C
7-M,713,217,0,0,1,218,A
7-M,714,0,0,218,0,218,G
7-M,715,218,0,0,0,218,A
7-M,716,1,0,0,219,220,C
7-M,717,0,0,0,220,220,C
7-M,718,0,218,0,0,218,T
7-M,719,219,0,0,0,219,A
7-M,720,0,220,0,0,220,T
7-M,721,0,0,0,220,220,C
7-M,722,219,0,0,0,219,A
7-M,723,0,1,219,0,220,G
7-M,724,218,0,0,0,218,A
7-M,725,217,0,0,0,217,A
7-M,726,215,0,1,0,216,A
7-M,727,0,0,0,217,217,C
7-M,728,0,0,217,0,217,G
7-M,729,214,0,0,0,214,A
7-M,730,215,0,0,0,215,A
7-M,731,0,216,0,0,216,T
7-M,732,1,0,215,0,216,G
7-M,733,0,3,215,0,218,G
7-M,734,1,1,216,0,218,G
7-M,735,0,1,214,0,215,G
7-M,736,0,0,218,0,218,G
7-M,737,0,212,0,0,212,T
7-M,738,0,1,210,0,211,G
7-M,739,0,0,0,211,211,C
7-M,740,211,0,0,0,211,A
7-M,741,0,0,212,0,212,G
7-M,742,209,0,0,0,209,A
7-M,743,0,207,0,0,207,T
7-M,744,0,0,207,0,207,G
7-M,745,0,0,0,203,203,C
7-M,746,202,0,0,0,202,A
7-M,747,201,0,1,0,202,A
7-M,748,0,0,0,202,202,C
7-M,749,0,0,203,0,203,G
7-M,750,202,0,0,0,202,A
7-M,751,0,203,0,0,203,T
7-M,752,0,201,0,0,201,T
7-M,753,1,0,0,201,202,C
7-M,754,201,0,1,0,202,A
7-M,755,200,0,0,0,200,A
7-M,756,0,0,202,0,202,G
7-M,757,0,202,0,0,202,T
7-M,758,0,0,199,0,199,G
7-M,759,197,0,0,0,197,A
7-M,760,1,0,0,197,198,C
7-M,761,1,0,0,198,199,C
7-M,762,1,0,0,197,198,C
7-M,763,1,0,199,0,200,G
7-M,764,0,0,0,201,201,C
7-M,765,0,200,0,0,200,T
7-M,766,0,202,0,0,202,T
7-M,767,0,0,202,0,202,G
7-M,768,0,201,0,0,201,T
7-M,769,0,197,0,4,201,T
7-M,770,0,0,201,0,201,G
7-M,771,0,199,0,0,199,T
7-M,772,0,196,0,1,197,T
7-M,773,0,0,198,0,198,G
7-M,774,0,0,0,198,198,C
7-M,775,0,0,0,198,198,C
7-M,776,0,0,199,0,199,G
7-M,777,0,0,0,199,199,C
7-M,778,0,1,198,0,199,G
7-M,779,198,0,0,0,198,A
7-M,780,200,0,0,0,200,A
7-M,781,0,200,0,0,200,T
7-M,782,199,0,0,0,199,A
7-M,783,0,200,0,0,200,T
7-M,784,2,0,0,200,202,C
7-M,785,202,0,0,0,202,A
7-M,786,0,202,0,0,202,T
7-M,787,0,202,0,0,202,T
7-M,788,0,1,199,0,200,G
7-M,789,1,2,196,0,199,G
7-M,790,0,0,198,0,198,G
7-M,791,198,0,0,0,198,A
7-M,792,0,199,0,0,199,T
7-M,793,1,1,0,193,195,C
7-M,794,0,196,0,0,196,T
7-M,795,0,195,0,0,195,T
7-M,796,0,0,195,0,195,G
7-M,797,0,0,0,194,194,C
7-M,798,194,0,0,0,194,A
7-M,799,0,0,0,195,195,C
7-M,800,0,188,0,0,188,T
7-M,801,0,188,0,1,189,T
7-M,802,0,0,189,0,189,G
7-M,803,192,0,0,0,192,A
7-M,804,0,192,0,0,192,T
7-M,805,190,0,0,0,190,A
7-M,806,0,190,0,0,190,T
7-M,807,0,187,0,0,187,T
7-M,808,0,0,189,0,189,G
7-M,809,0,187,0,0,187,T
7-M,810,0,1,184,0,185,G
7-M,811,0,0,185,0,185,G
7-M,812,184,0,0,0,184,A
7-M,813,0,184,0,0,184,T
7-M,814,0,182,0,1,183,T
7-M,815,0,0,0,183,183,C
7-M,816,0,183,0,0,183,T
7-M,817,0,182,0,0,182,T
7-M,818,0,2,180,0,182,G
7-M,819,182,0,0,0,182,A
7-M,820,0,180,0,1,181,T
7-M,821,0,0,0,181,181,C
7-M,822,0,0,180,0,180,G
7-M,823,0,179,0,0,179,T
7-M,824,1,0,0,177,178,C
7-M,825,0,174,1,2,177,T
7-M,826,0,179,0,0,179,T
7-M,827,0,180,0,0,180,T
7-M,828,0,179,1,0,180,T
7-M,829,0,180,0,0,180,T
7-M,830,0,180,0,0,180,T
7-M,831,0,179,0,1,180,T
7-M,832,0,0,0,180,180,C
7-M,833,179,0,0,0,179,A
7-M,834,180,0,0,0,180,A
7-M,835,180,0,0,0,180,A
7-M,836,0,180,0,0,180,T
7-M,837,0,0,180,0,180,G
7-M,838,0,0,0,179,179,C
7-M,839,179,0,0,0,179,A
7-M,840,0,182,0,0,182,T
7-M,841,1,0,0,181,182,C
7-M,842,0,181,0,0,181,T
7-M,843,182,0,0,0,182,A
7-M,844,0,180,1,1,182,T
7-M,845,3,1,0,174,178,C
7-M,846,1,0,174,0,175,G
7-M,847,173,0,1,0,174,A
7-M,848,0,0,0,173,173,C
7-M,849,0,165,0,0,165,T
7-M,850,1,0,0,172,173,C
7-M,851,0,171,0,1,172,T
7-M,852,0,171,1,0,172,T
7-M,853,1,0,0,171,172,C
7-M,854,172,0,0,0,172,A
7-M,855,172,0,0,0,172,A
7-M,856,172,0,0,0,172,A
7-M,857,0,0,0,172,172,C
7-M,858,170,0,1,0,171,A
7-M,859,0,0,0,164,164,C
7-M,860,0,1,161,0,162,G
7-M,861,0,0,163,0,163,G
7-M,862,0,0,0,164,164,C
7-M,863,1,0,0,161,162,C
7-M,864,0,163,0,0,163,T
7-M,865,0,163,0,1,164,T
7-M,866,164,0,0,0,164,A
7-M,867,164,0,0,0,164,A
7-M,868,164,0,0,0,164,A
7-M,869,162,0,0,0,162,A
7-M,870,0,0,162,0,162,G
7-M,871,138,0,0,0,138,A
7-M,872,0,0,138,0,138,G
7-M,873,0,0,137,0,137,G
7-M,874,0,0,0,139,139,C
7-M,875,0,0,0,137,137,C
7-M,876,1,0,0,136,137,C
7-M,877,0,136,0,1,137,T
7-M,878,0,139,0,0,139,T
7-M,879,1,0,0,139,140,C
7-M,880,0,141,0,0,141,T
7-M,881,143,0,0,0,143,A
7-M,882,0,0,0,143,143,C
7-M,883,0,0,138,0,138,G
7-M,884,0,1,136,0,137,G
7-M,885,129,0,0,0,129,A
7-M,886,130,1,0,0,131,A
7-M,887,0,1,128,0,129,G
7-M,888,0,2,127,0,129,G
7-M,889,127,0,0,0,127,A
7-M,890,0,1,126,0,127,G
7-M,891,0,127,0,0,127,T
7-M,892,128,0,0,0,128,A
7-M,893,0,0,0,128,128,C
7-M,894,0,0,0,127,127,C
7-M,895,0,124,0,0,124,T
7-M,896,0,0,124,0,124,G
7-M,897,117,0,1,0,118,A
7-M,898,0,0,121,0,121,G
7-M,899,0,112,0,0,112,T
7-M,900,0,0,0,112,112,C
7-M,901,0,110,0,0,110,T
7-M,902,110,0,0,0,110,A
7-M,903,0,111,0,0,111,T
7-M,904,0,0,111,0,111,G
7-M,905,105,0,0,0,105,A
7-M,906,0,1,103,0,104,G
7-M,907,0,0,97,0,97,G
7-M,908,0,0,97,0,97,G
7-M,909,97,0,0,0,97,A
7-M,910,97,0,0,0,97,A
7-M,911,0,0,97,0,97,G
7-M,912,97,0,0,0,97,A
7-M,913,97,0,0,0,97,A
7-M,914,0,98,0,0,98,T
7-M,915,94,0,0,0,94,A
7-M,916,0,92,0,0,92,T
7-M,917,0,0,0,89,89,C
7-M,918,0,0,89,0,89,G
7-M,919,89,0,0,0,89,A
7-M,920,89,0,0,0,89,A
7-M,921,89,0,0,0,89,A
7-M,922,0,0,88,0,88,G
7-M,923,0,2,90,0,92,G
7-M,924,91,0,0,0,91,A
7-M,925,91,0,0,0,91,A
7-M,926,0,0,0,91,91,C
7-M,927,88,0,0,0,88,A
7-M,928,0,0,87,0,87,G
7-M,929,0,0,0,88,88,C
7-M,930,88,0,0,0,88,A
7-M,931,0,0,88,0,88,G
7-M,932,83,0,0,0,83,A
7-M,933,83,0,0,0,83,A
7-M,934,0,83,0,0,83,T
7-M,935,0,0,82,0,82,G
7-M,936,0,0,0,82,82,C
7-M,937,0,75,0,0,75,T
7-M,938,0,0,76,0,76,G
7-M,939,0,76,0,0,76,T
7-M,940,0,0,75,0,75,G
7-M,941,0,0,75,0,75,G
7-M,942,72,0,0,0,72,A
7-M,943,0,70,0,0,70,T
7-M,944,0,0,67,0,67,G
7-M,945,0,0,0,66,66,C
7-M,946,0,57,0,0,57,T
7-M,947,0,0,55,0,55,G
7-M,948,55,0,0,0,55,A
7-M,949,1,0,0,54,55,C
7-M,950,0,1,54,0,55,G
7-M,951,54,0,0,0,54,A
7-M,952,0,0,0,54,54,C
7-M,953,51,0,0,0,51,A
7-M,954,0,0,51,0,51,G
7-M,955,0,51,0,0,51,T
7-M,956,0,0,0,50,50,C
7-M,957,50,0,0,0,50,A
7-M,958,0,49,0,0,49,T
7-M,959,0,48,0,0,48,T
7-M,960,0,48,0,0,48,T
7-M,961,0,47,0,0,47,T
7-M,962,0,0,47,0,47,G
7-M,963,0,45,0,0,45,T
7-M,964,1,0,0,44,45,C
7-M,965,44,0,0,0,44,A
7-M,966,0,0,44,0,44,G
7-M,967,0,0,0,44,44,C
7-M,968,44,0,0,0,44,A
7-M,969,0,44,0,0,44,T
7-M,970,42,0,0,0,42,A
7-M,971,0,0,42,0,42,G
7-M,972,41,0,0,0,41,A
7-M,973,0,0,41,0,41,G
7-M,974,0,39,0,0,39,T
7-M,975,0,22,0,0,22,T
7-M,976,0,0,21,0,21,G
7-M,977,0,0,21,0,21,G
7-M,978,21,0,0,0,21,A
7-M,979,0,0,21,0,21,G
7-M,980,0,16,0,0,16,T
7-M,981,16,0,0,0,16,A
7-M,982,15,0,0,0,15,A
8-NS,1,177,0,0,0,177,A
8-NS,2,0,178,0,0,178,T
8-NS,3,0,0,192,0,192,G
8-NS,4,0,3,199,0,202,G
8-NS,5,218,0,0,0,218,A
8-NS,6,0,417,0,0,417,T
8-NS,7,0,417,0,0,417,T
8-NS,8,0,0,0,437,437,C
8-NS,9,1,0,0,438,439,C
8-NS,10,440,0,0,0,440,A
8-NS,11,445,0,0,0,445,A
8-NS,12,1,0,0,443,444,C
8-NS,13,445,0,0,0,445,A
8-NS,14,0,0,0,447,447,C
8-NS,15,0,449,0,0,449,T
8-NS,16,0,1,497,0,498,G
8-NS,17,0,497,0,1,498,T
8-NS,18,0,0,505,0,505,G
8-NS,19,0,508,0,0,508,T
8-NS,20,4,0,0,505,509,C
8-NS,21,507,0,1,0,508,A
8-NS,22,509,1,0,0,510,A
8-NS,23,0,0,522,0,522,G
8-NS,24,0,532,0,0,532,T
8-NS,25,0,528,0,0,528,T
8-NS,26,0,535,1,0,536,T
8-NS,27,1,0,0,535,536,C
8-NS,28,0,0,0,539,539,C
8-NS,29,539,0,1,0,540,A
8-NS,30,0,5,536,0,541,G
8-NS,31,0,1,548,0,549,G
8-NS,32,0,552,0,0,552,T
8-NS,33,548,0,0,0,548,A
8-NS,34,0,2,552,0,554,G
8-NS,35,554,0,0,0,554,A
8-NS,36,0,558,0,0,558,T
8-NS,37,0,555,0,0,555,T
8-NS,38,0,1,563,0,564,G
8-NS,39,0,1,0,564,565,C
8-NS,40,0,566,0,1,567,T
8-NS,41,0,575,0,0,575,T
8-NS,42,0,577,0,0,577,T
8-NS,43,1,0,0,591,592,C
8-NS,44,0,594,0,0,594,T
8-NS,45,0,594,0,0,594,T
8-NS,46,0,595,0,0,595,T
8-NS,47,0,2,600,0,602,G
8-NS,48,1,0,608,0,609,G
8-NS,49,0,0,0,611,611,C
8-NS,50,609,0,0,0,609,A
8-NS,51,0,607,1,0,608,T
8-NS,52,614,0,0,0,614,A
8-NS,53,0,670,0,0,670,T
8-NS,54,0,0,0,674,674,C
8-NS,55,1,0,1,670,672,C
8-NS,56,0,0,671,0,671,G
8-NS,57,0,672,0,0,672,T
8-NS,58,673,0,0,0,673,A
8-NS,59,674,0,0,0,674,A
8-NS,60,675,0,0,0,675,A
8-NS,61,0,0,0,676,676,C
8-NS,62,670,1,0,0,671,A
8-NS,63,671,0,0,0,671,A
8-NS,64,0,0,710,0,710,G
8-NS,65,0,709,1,0,710,T
8-NS,66,0,710,0,0,710,T
8-NS,67,0,1,710,0,711,G
8-NS,68,0,712,0,0,712,T
8-NS,69,712,0,0,0,712,A
8-NS,70,0,9,706,0,715,G
8-NS,71,757,0,1,0,758,A
8-NS,72,0,0,0,761,761,C
8-NS,73,3,1,0,750,754,C
8-NS,74,753,0,3,0,756,A
8-NS,75,767,0,0,1,768,A
8-NS,76,0,5,794,0,799,G
8-NS,77,802,0,0,0,802,A
8-NS,78,807,0,0,0,807,A
8-NS,79,0,0,0,807,807,C
8-NS,80,0,787,0,0,787,T
8-NS,81,0,9,792,0,801,G
8-NS,82,798,0,0,0,798,A
8-NS,83,1,1,815,0,817,G
8-NS,84,1,815,0,0,816,T
8-NS,85,0,6,799,0,805,G
8-NS,86,807,0,0,0,807,A
8-NS,87,1,802,0,0,803,T
8-NS,88,0,1,807,0,808,G
8-NS,89,2,0,0,822,824,C
8-NS,90,1,0,0,823,824,C
8-NS,91,7,0,0,827,834,C
8-NS,92,4,0,0,822,826,C
8-NS,93,830,0,1,0,831,A
8-NS,94,0,845,0,0,845,T
8-NS,95,0,850,0,0,850,T
8-NS,96,2,0,0,855,857,C
8-NS,97,7,0,0,851,858,C
8-NS,98,0,858,0,1,859,T
8-NS,99,0,858,0,0,858,T
8-NS,100,0,6,852,0,858,G
8-NS,101,853,0,0,0,853,A
8-NS,102,0,855,0,1,856,T
8-NS,103,3,0,0,853,856,C
8-NS,104,0,2,849,0,851,G
8-NS,105,0,0,857,0,857,G
8-NS,106,0,0,0,857,857,C
8-NS,107,0,852,0,1,853,T
8-NS,108,0,852,0,2,854,T
8-NS,109,1,0,0,853,854,C
8-NS,110,0,0,861,0,861,G
8-NS,111,0,0,0,857,857,C
8-NS,112,4,0,0,856,860,C
8-NS,113,1,2,857,0,860,G
8-NS,114,858,0,1,0,859,A
8-NS,115,0,7,886,0,893,G
8-NS,116,890,0,1,0,891,A
8-NS,117,0,895,0,0,895,T
8-NS,118,5,0,0,891,896,C
8-NS,119,890,0,1,0,891,A
8-NS,120,0,1,891,0,892,G
8-NS,121,891,0,0,0,891,A
8-NS,122,0,3,895,0,898,G
8-NS,123,0,1,909,0,910,G
8-NS,124,0,918,0,2,920,T
8-NS,125,5,0,0,968,973,C
8-NS,126,6,0,0,974,980,C
8-NS,127,4,1,0,979,984,C
8-NS,128,0,985,0,0,985,T
8-NS,129,982,0,0,0,982,A
8-NS,130,980,0,2,0,982,A
8-NS,131,1,7,991,0,999,G
8-NS,132,0,12,985,0,997,G
8-NS,133,2,8,979,0,989,G
8-NS,134,0,1,967,0,968,G
8-NS,135,960,1,1,0,962,A
8-NS,136,962,0,0,0,962,A
8-NS,137,0,3,963,0,966,G
8-NS,138,983,0,2,0,985,A
8-NS,139,0,3,994,0,997,G
8-NS,140,1,0,995,0,996,G
8-NS,141,0,1,0,990,991,C
8-NS,142,995,0,0,0,995,A
8-NS,143,996,1,4,0,1001,A
8-NS,144,0,1005,0,0,1005,T
8-NS,145,1025,0,0,0,1025,A
8-NS,146,0,0,0,1036,1036,C
8-NS,147,0,1012,0,3,1015,T
8-NS,148,8,0,0,1008,1016,C
8-NS,149,0,1007,0,0,1007,T
8-NS,150,4,2,0,1011,1017,C
8-NS,151,1,5,1018,0,1024,G
8-NS,152,0,0,1063,0,1063,G
8-NS,153,0,1063,0,1,1064,T
8-NS,154,4,0,0,1062,1066,C
8-NS,155,0,1064,0,0,1064,T
8-NS,156,1067,0,0,0,1067,A
8-NS,157,1,2,1067,0,1070,G
8-NS,158,1067,0,3,0,1070,A
8-NS,159,0,0,0,1094,1094,C
8-NS,160,1082,4,0,0,1086,A
8-NS,161,0,1064,0,0,1064,T
8-NS,162,2,0,0,1058,1060,C
8-NS,163,1061,0,0,0,1061,A
8-NS,164,1060,1,0,0,1061,A
8-NS,165,1054,0,2,0,1056,A
8-NS,166,0,0,1066,0,1066,G
8-NS,167,0,0,0,1068,1068,C
8-NS,168,1053,0,1,0,1054,A
8-NS,169,0,0,1065,0,1065,G
8-NS,170,1,1,0,1060,1062,C
8-NS,171,6,1,0,1057,1064,C
8-NS,172,1075,0,1,0,1076,A
8-NS,173,0,0,0,1091,1091,C
8-NS,174,2,1,0,1085,1088,C
8-NS,175,13,1,0,1074,1088,C
8-NS,176,1090,0,2,0,1092,A
8-NS,177,0,1097,0,1,1098,T
8-NS,178,0,0,1100,0,1100,G
8-NS,179,0,1094,0,2,1096,T
8-NS,180,1,1091,0,1,1093,T
8-NS,181,2,2,1083,1,1088,G
8-NS,182,0,1,1083,0,1084,G
8-NS,183,1082,0,0,0,1082,A
8-NS,184,1083,0,0,0,1083,A
8-NS,185,1072,0,0,0,1072,A
8-NS,186,1069,0,0,0,1069,A
8-NS,187,2,0,0,1076,1078,C
8-NS,188,1079,1,0,0,1080,A
8-NS,189,1077,0,0,0,1077,A
8-NS,190,1074,0,2,0,1076,A
8-NS,191,1,1079,0,1,1081,T
8-NS,192,0,1084,0,0,1084,T
8-NS,193,0,0,1096,0,1096,G
8-NS,194,1,1096,0,0,1097,T
8-NS,195,1094,0,0,0,1094,A
8-NS,196,0,6,1091,0,1097,G
8-NS,197,1090,0,0,0,1090,A
8-NS,198,1088,0,0,0,1088,A
8-NS,199,1088,1,1,0,1090,A
8-NS,200,1089,0,0,0,1089,A
8-NS,201,1,3,1085,0,1089,G
8-NS,202,1081,0,0,0,1081,A
8-NS,203,0,1078,0,0,1078,T
8-NS,204,1,1076,0,1,1078,T
8-NS,205,3,0,1,1077,1081,C
8-NS,206,0,1081,0,0,1081,T
8-NS,207,0,4,1080,0,1084,G
8-NS,208,1083,0,0,0,1083,A
8-NS,209,1082,0,0,0,1082,A
8-NS,210,1077,0,1,0,1078,A
8-NS,211,0,0,1080,0,1080,G
8-NS,212,1078,0,1,0,1079,A
8-NS,213,1079,0,2,0,1081,A
8-NS,214,0,4,1085,0,1089,G
8-NS,215,1096,0,1,1,1098,A
8-NS,216,1104,1,0,0,1105,A
8-NS,217,0,1110,0,0,1110,T
8-NS,218,2,0,0,1117,1119,C
8-NS,219,0,1114,0,1,1115,T
8-NS,220,1,0,1118,0,1119,G
8-NS,221,1117,0,0,0,1117,A
8-NS,222,0,1117,0,1,1118,T
8-NS,223,0,1,1113,0,1114,G
8-NS,224,1105,0,0,0,1105,A
8-NS,225,0,5,1094,0,1099,G
8-NS,226,0,3,1098,0,1101,G
8-NS,227,0,1,1,1092,1094,C
8-NS,228,1099,0,0,0,1099,A
8-NS,229,0,1,0,1114,1115,C
8-NS,230,0,1114,0,0,1114,T
8-NS,231,0,1123,0,1,1124,T
8-NS,232,1133,0,0,0,1133,A
8-NS,233,1134,0,1,0,1135,A
8-NS,234,1127,0,1,0,1128,A
8-NS,235,1129,1,0,0,1130,A
8-NS,236,0,1130,0,1,1131,T
8-NS,237,0,9,1127,0,1136,G
8-NS,238,1133,2,1,0,1136,A
8-NS,239,0,0,0,1138,1138,C
8-NS,240,5,0,0,1127,1132,C
8-NS,241,1135,0,0,0,1135,A
8-NS,242,0,1130,0,1,1131,T
8-NS,243,0,4,1148,0,1152,G
8-NS,244,0,0,1162,0,1162,G
8-NS,245,2,1170,0,0,1172,T
8-NS,246,3,0,0,1209,1212,C
8-NS,247,0,1201,0,2,1203,T
8-NS,248,1,0,0,1217,1218,C
8-NS,249,4,1,1,1216,1222,C
8-NS,250,1224,0,1,0,1225,A
8-NS,251,0,1,0,1231,1232,C
8-NS,252,1213,0,0,0,1213,A
8-NS,253,1,1,0,1223,1225,C
8-NS,254,1,0,0,1216,1217,C
8-NS,255,0,1170,0,4,1174,T
8-NS,256,1,0,1185,0,1186,G
8-NS,257,0,1,0,1178,1179,C
8-NS,258,0,1172,0,0,1172,T
8-NS,259,0,1174,0,0,1174,T
8-NS,260,7,0,0,1151,1158,C
8-NS,261,2,1,1160,0,1163,G
8-NS,262,0,0,0,1163,1163,C
8-NS,263,1,2,1153,0,1156,G
8-NS,264,1212,0,0,0,1212,A
8-NS,265,0,1208,0,0,1208,T
8-NS,266,1234,1,0,0,1235,A
8-NS,267,1,0,0,1238,1239,C
8-NS,268,1234,0,0,0,1234,A
8-NS,269,0,1257,0,1,1258,T
8-NS,270,1250,0,0,0,1250,A
8-NS,271,1254,0,1,0,1255,A
8-NS,272,1,0,0,1260,1261,C
8-NS,273,0,1221,0,1,1222,T
8-NS,274,0,9,1228,0,1237,G
8-NS,275,1219,0,2,0,1221,A
8-NS,276,1,0,0,1225,1226,C
8-NS,277,1216,1,2,0,1219,A
8-NS,278,1,1209,1,1,1212,T
8-NS,279,0,4,1210,0,1214,G
8-NS,280,1211,0,0,0,1211,A
8-NS,281,0,0,0,1249,1249,C
8-NS,282,0,1242,2,0,1244,T
8-NS,283,1256,0,0,0,1256,A
8-NS,284,0,1252,1,0,1253,T
8-NS,285,0,1233,1,0,1234,T
8-NS,286,0,1,1234,0,1235,G
8-NS,287,1232,0,1,0,1233,A
8-NS,288,0,4,1230,0,1234,G
8-NS,289,1,2,1227,0,1230,G
8-NS,290,1190,0,0,0,1190,A
8-NS,291,1203,0,1,0,1204,A
8-NS,292,0,1185,0,0,1185,T
8-NS,293,0,1189,0,0,1189,T
8-NS,294,0,2,1212,0,1214,G
8-NS,295,0,1212,0,1,1213,T
8-NS,296,8,0,0,1206,1214,C
8-NS,297,1211,0,0,0,1211,A
8-NS,298,1211,0,0,0,1211,A
8-NS,299,0,4,1211,0,1215,G
8-NS,300,1212,0,1,0,1213,A
8-NS,301,1209,1,2,0,1212,A
8-NS,302,1210,0,2,0,1212,A
8-NS,303,0,0,0,1214,1214,C
8-NS,304,0,1201,0,0,1201,T
8-NS,305,0,6,1214,0,1220,G
8-NS,306,1,0,1246,0,1247,G
8-NS,307,0,1241,0,0,1241,T
8-NS,308,0,1237,0,1,1238,T
8-NS,309,16,0,0,1211,1227,C
8-NS,310,1227,0,0,0,1227,A
8-NS,311,0,1245,0,0,1245,T
8-NS,312,0,0,1260,0,1260,G
8-NS,313,2,0,0,1266,1268,C
8-NS,314,0,1257,0,1,1258,T
8-NS,315,1244,0,0,0,1244,A
8-NS,316,1271,0,1,0,1272,A
8-NS,317,0,1282,0,0,1282,T
8-NS,318,0,0,1285,0,1285,G
8-NS,319,0,0,0,1282,1282,C
8-NS,320,4,0,0,1263,1267,C
8-NS,321,15,0,0,1251,1266,C
8-NS,322,1263,1,1,0,1265,A
8-NS,323,1266,0,0,0,1266,A
8-NS,324,2,0,1273,0,1275,G
8-NS,325,7,0,0,1271,1278,C
8-NS,326,1275,0,0,0,1275,A
8-NS,327,0,4,1281,0,1285,G
8-NS,328,1282,0,0,0,1282,A
8-NS,329,1279,0,3,0,1282,A
8-NS,330,1278,0,0,0,1278,A
8-NS,331,1270,0,0,0,1270,A
8-NS,332,0,1282,0,0,1282,T
8-NS,333,0,6,1283,0,1289,G
8-NS,334,0,1,1287,1,1289,G
8-NS,335,1289,1,1,0,1291,A
8-NS,336,1280,0,2,0,1282,A
8-NS,337,0,4,1278,0,1282,G
8-NS,338,0,8,1273,0,1281,G
8-NS,339,1283,0,1,0,1284,A
8-NS,340,0,0,0,1290,1290,C
8-NS,341,1,0,0,1283,1284,C
8-NS,342,0,1281,0,0,1281,T
8-NS,343,3,0,0,1298,1301,C
8-NS,344,0,1289,0,1,1290,T
8-NS,345,1,1297,0,1,1299,T
8-NS,346,0,1295,0,1,1296,T
8-NS,347,1,2,1288,0,1291,G
8-NS,348,3,0,0,1297,1300,C
8-NS,349,1297,0,1,0,1298,A
8-NS,350,1,1294,0,1,1296,T
8-NS,351,3,0,1,1295,1299,C
8-NS,352,1310,0,0,0,1310,A
8-NS,353,0,7,1328,0,1335,G
8-NS,354,1329,0,0,0,1329,A
8-NS,355,1331,1,0,0,1332,A
8-NS,356,0,1328,0,0,1328,T
8-NS,357,1,3,1300,1,1305,G
8-NS,358,2,7,1315,0,1324,G
8-NS,359,1322,0,0,0,1322,A
8-NS,360,0,0,0,1318,1318,C
8-NS,361,5,2,0,1272,1279,C
8-NS,362,1266,0,0,0,1266,A
8-NS,363,0,4,1274,0,1278,G
8-NS,364,2,0,1272,0,1274,G
8-NS,365,1,0,0,1275,1276,C
8-NS,366,1270,0,0,0,1270,A
8-NS,367,1272,0,1,0,1273,A
8-NS,368,0,1272,0,0,1272,T
8-NS,369,6,0,0,1264,1270,C
8-NS,370,1269,1,2,0,1272,A
8-NS,371,0,1261,0,2,1263,T
8-NS,372,0,1,1248,0,1249,G
8-NS,373,0,6,1253,0,1259,G
8-NS,374,1249,1,0,0,1250,A
8-NS,375,0,2,1259,0,1261,G
8-NS,376,1246,0,0,0,1246,A
8-NS,377,1242,0,0,0,1242,A
8-NS,378,1241,0,0,0,1241,A
8-NS,379,1240,0,0,0,1240,A
8-NS,380,1249,0,0,0,1249,A
8-NS,381,0,0,0,1252,1252,C
8-NS,382,1250,1,0,0,1251,A
8-NS,383,0,1246,0,0,1246,T
8-NS,384,5,0,0,1227,1232,C
8-NS,385,1233,0,0,1,1234,A
8-NS,386,0,1235,1,1,1237,T
8-NS,387,0,0,1240,0,1240,G
8-NS,388,1,1236,1,1,1239,T
8-NS,389,0,1231,1,2,1234,T
8-NS,390,0,4,1228,0,1232,G
8-NS,391,1227,0,0,0,1227,A
8-NS,392,1227,0,0,0,1227,A
8-NS,393,1226,0,1,0,1227,A
8-NS,394,0,1,1229,0,1230,G
8-NS,395,0,0,0,1228,1228,C
8-NS,396,0,3,1223,0,1226,G
8-NS,397,1222,1,1,0,1224,A
8-NS,398,1231,1,0,0,1232,A
8-NS,399,0,1226,2,0,1228,T
8-NS,400,0,1224,1,2,1227,T
8-NS,401,0,1234,1,0,1235,T
8-NS,402,3,0,0,1234,1237,C
8-NS,403,1222,0,2,0,1224,A
8-NS,404,0,2,1227,0,1229,G
8-NS,405,0,1223,1,0,1224,T
8-NS,406,0,0,1222,0,1222,G
8-NS,407,0,1216,1,1,1218,T
8-NS,408,1,7,1216,0,1224,G
8-NS,409,1233,0,0,0,1233,A
8-NS,410,0,1228,1,0,1229,T
8-NS,411,0,1231,0,0,1231,T
8-NS,412,0,1229,0,0,1229,T
8-NS,413,1,1221,0,0,1222,T
8-NS,414,0,1221,0,0,1221,T
8-NS,415,2,12,1203,1,1218,G
8-NS,416,1223,0,3,1,1227,A
8-NS,417,0,0,0,1223,1223,C
8-NS,418,0,0,1,1207,1208,C
8-NS,419,0,7,1214,1,1222,G
8-NS,420,1276,1,1,0,1278,A
8-NS,421,1,0,0,1301,1302,C
8-NS,422,0,1296,1,0,1297,T
8-NS,423,1307,0,1,0,1308,A
8-NS,424,0,4,1308,0,1312,G
8-NS,425,1308,0,0,0,1308,A
8-NS,426,0,8,1310,0,1318,G
8-NS,427,1316,0,0,0,1316,A
8-NS,428,0,0,0,1348,1348,C
8-NS,429,5,0,0,1284,1289,C
8-NS,430,1252,0,3,0,1255,A
8-NS,431,0,1314,0,0,1314,T
8-NS,432,1311,0,1,0,1312,A
8-NS,433,1,1,1398,0,1400,G
8-NS,434,0,1395,0,0,1395,T
8-NS,435,1395,0,1,0,1396,A
8-NS,436,0,1399,0,3,1402,T
8-NS,437,0,1357,0,0,1357,T
8-NS,438,1400,0,1,0,1401,A
8-NS,439,1,0,0,1400,1401,C
8-NS,440,0,1345,1,1,1347,T
8-NS,441,1344,0,1,0,1345,A
8-NS,442,1230,0,3,0,1233,A
8-NS,443,0,10,1236,0,1246,G
8-NS,444,0,2,1240,0,1242,G
8-NS,445,1,0,1238,0,1239,G
8-NS,446,0,1,0,1222,1223,C
8-NS,447,0,1195,2,2,1199,T
8-NS,448,0,1196,1,2,1199,T
8-NS,449,1,1217,0,0,1218,T
8-NS,450,4,0,0,1219,1223,C
8-NS,451,1245,0,0,0,1245,A
8-NS,452,0,1,0,1247,1248,C
8-NS,453,4,2,0,1231,1237,C
8-NS,454,1,1,1237,0,1239,G
8-NS,455,1235,0,0,0,1235,A
8-NS,456,1230,0,2,1,1233,A
8-NS,457,0,7,1236,0,1243,G
8-NS,458,1231,0,1,0,1232,A
8-NS,459,1,5,1236,0,1242,G
8-NS,460,1,5,1214,0,1220,G
8-NS,461,1,0,1235,0,1236,G
8-NS,462,1229,0,4,0,1233,A
8-NS,463,0,1,1236,0,1237,G
8-NS,464,1,0,2,1228,1231,C
8-NS,465,1229,3,0,0,1232,A
8-NS,466,1228,0,2,0,1230,A
8-NS,467,0,1233,0,0,1233,T
8-NS,468,0,1231,0,0,1231,T
8-NS,469,0,2,1226,0,1228,G
8-NS,470,0,1217,0,0,1217,T
8-NS,471,1,1214,0,2,1217,T
8-NS,472,0,1,1215,0,1216,G
8-NS,473,2,0,1208,0,1210,G
8-NS,474,0,1,0,1214,1215,C
8-NS,475,1,3,1212,1,1217,G
8-NS,476,1220,0,1,1,1222,A
8-NS,477,1223,0,0,0,1223,A
8-NS,478,1227,0,0,0,1227,A
8-NS,479,0,1230,0,0,1230,T
8-NS,480,5,0,0,1226,1231,C
8-NS,481,0,1219,0,3,1222,T
8-NS,482,7,0,0,1226,1233,C
8-NS,483,1231,0,1,0,1232,A
8-NS,484,1,0,0,1235,1236,C
8-NS,485,1,0,0,1229,1230,C
8-NS,486,1218,0,0,0,1218,A
8-NS,487,0,1216,0,0,1216,T
8-NS,488,1,1208,0,0,1209,T
8-NS,489,0,0,1213,0,1213,G
8-NS,490,1,0,0,1202,1203,C
8-NS,491,2,0,0,1203,1205,C
8-NS,492,0,1209,0,1,1210,T
8-NS,493,1,1204,0,0,1205,T
8-NS,494,2,0,0,1212,1214,C
8-NS,495,0,1210,0,1,1211,T
8-NS,496,0,1208,1,0,1209,T
8-NS,497,0,1233,0,0,1233,T
8-NS,498,0,1227,0,0,1227,T
8-NS,499,1,0,0,1226,1227,C
8-NS,500,4,3,0,1221,1228,C
8-NS,501,1222,0,1,0,1223,A
8-NS,502,0,6,1230,0,1236,G
8-NS,503,0,0,1227,0,1227,G
8-NS,504,1248,1,0,0,1249,A
8-NS,505,0,0,1,1250,1251,C
8-NS,506,1241,0,0,0,1241,A
8-NS,507,0,1244,0,1,1245,T
8-NS,508,1248,0,1,0,1249,A
8-NS,509,2,0,0,1330,1332,C
8-NS,510,0,1324,0,2,1326,T
8-NS,511,1316,0,0,0,1316,A
8-NS,512,0,1311,2,1,1314,T
8-NS,513,1,1275,0,0,1276,T
8-NS,514,0,3,1272,0,1275,G
8-NS,515,1233,0,1,0,1234,A
8-NS,516,0,5,1227,0,1232,G
8-NS,517,0,5,1227,0,1232,G
8-NS,518,1136,0,1,0,1137,A
8-NS,519,0,1134,0,0,1134,T
8-NS,520,0,0,1121,0,1121,G
8-NS,521,1,1115,0,3,1119,T
8-NS,522,8,0,0,1109,1117,C
8-NS,523,1121,0,0,0,1121,A
8-NS,524,1121,1,0,0,1122,A
8-NS,525,1124,0,0,0,1124,A
8-NS,526,1120,0,0,0,1120,A
8-NS,527,1119,0,0,0,1119,A
8-NS,528,0,1119,0,0,1119,T
8-NS,529,1,1,1119,0,1121,G
8-NS,530,1,0,0,1126,1127,C
8-NS,531,1124,0,3,0,1127,A
8-NS,532,1135,0,1,0,1136,A
8-NS,533,0,1135,0,1,1136,T
8-NS,534,1,1134,0,0,1135,T
8-NS,535,0,6,1127,0,1133,G
8-NS,536,1,8,1112,0,1121,G
8-NS,537,0,4,1123,0,1127,G
8-NS,538,2,0,1134,0,1136,G
8-NS,539,0,1117,0,1,1118,T
8-NS,540,3,0,0,1126,1129,C
8-NS,541,2,0,0,1131,1133,C
8-NS,542,0,1125,0,3,1128,T
8-NS,543,6,0,0,1134,1140,C
8-NS,544,1138,0,1,0,1139,A
8-NS,545,0,1139,0,0,1139,T
8-NS,546,0,0,0,1140,1140,C
8-NS,547,1,1,1124,0,1126,G
8-NS,548,0,2,1124,0,1126,G
8-NS,549,1109,1,0,0,1110,A
8-NS,550,0,4,1106,0,1110,G
8-NS,551,0,1,1114,1,1116,G
8-NS,552,1108,1,1,1,1111,A
8-NS,553,2,0,0,1111,1113,C
8-NS,554,0,1107,0,1,1108,T
8-NS,555,0,1108,0,1,1109,T
8-NS,556,0,4,1118,0,1122,G
8-NS,557,1120,0,1,0,1121,A
8-NS,558,1118,1,0,0,1119,A
8-NS,559,0,1116,0,0,1116,T
8-NS,560,0,5,1092,0,1097,G
8-NS,561,0,4,1108,0,1112,G
8-NS,562,1095,0,0,0,1095,A
8-NS,563,1100,0,0,0,1100,A
8-NS,564,1,1142,0,0,1143,T
8-NS,565,0,4,1148,0,1152,G
8-NS,566,1157,0,2,0,1159,A
8-NS,567,0,1158,0,0,1158,T
8-NS,568,1157,0,0,0,1157,A
8-NS,569,1159,0,0,0,1159,A
8-NS,570,1,0,0,1146,1147,C
8-NS,571,1125,0,0,0,1125,A
8-NS,572,1,1,0,1129,1131,C
8-NS,573,1052,0,1,0,1053,A
8-NS,574,0,0,1071,0,1071,G
8-NS,575,0,1064,0,1,1065,T
8-NS,576,0,1062,0,1,1063,T
8-NS,577,8,0,0,1054,1062,C
8-NS,578,1,3,1057,1,1062,G
8-NS,579,1062,0,2,0,1064,A
8-NS,580,0,2,1062,0,1064,G
8-NS,581,0,1054,0,1,1055,T
8-NS,582,8,0,0,1058,1066,C
8-NS,583,0,1038,0,3,1041,T
8-NS,584,1,1,1,1043,1046,C
8-NS,585,1,1042,0,2,1045,T
8-NS,586,1048,0,1,0,1049,A
8-NS,587,1050,0,1,0,1051,A
8-NS,588,1041,0,1,0,1042,A
8-NS,589,1061,0,0,0,1061,A
8-NS,590,1053,0,0,1,1054,A
8-NS,591,0,1054,0,0,1054,T
8-NS,592,1,0,0,1054,1055,C
8-NS,593,0,1046,1,0,1047,T
8-NS,594,1055,0,0,0,1055,A
8-NS,595,1,0,0,1052,1053,C
8-NS,596,1052,0,1,0,1053,A
8-NS,597,1,2,1056,0,1059,G
8-NS,598,1034,0,3,0,1037,A
8-NS,599,0,4,1037,0,1041,G
8-NS,600,1039,0,0,0,1039,A
8-NS,601,0,1025,1,1,1027,T
8-NS,602,0,1031,0,1,1032,T
8-NS,603,6,0,0,1029,1035,C
8-NS,604,0,0,1033,0,1033,G
8-NS,605,0,0,0,1030,1030,C
8-NS,606,0,1029,0,1,1030,T
8-NS,607,0,1029,0,1,1030,T
8-NS,608,0,3,1017,0,1020,G
8-NS,609,0,3,1025,0,1028,G
8-NS,610,1026,0,0,0,1026,A
8-NS,611,0,3,1022,0,1025,G
8-NS,612,1008,0,0,0,1008,A
8-NS,613,1008,0,1,0,1009,A
8-NS,614,0,0,1023,0,1023,G
8-NS,615,0,0,0,1027,1027,C
8-NS,616,1025,0,1,0,1026,A
8-NS,617,0,0,1042,0,1042,G
8-NS,618,0,1026,0,1,1027,T
8-NS,619,1033,0,0,0,1033,A
8-NS,620,1032,0,0,0,1032,A
8-NS,621,0,1031,0,0,1031,T
8-NS,622,0,5,1034,0,1039,G
8-NS,623,994,0,0,0,994,A
8-NS,624,0,1,1009,0,1010,G
8-NS,625,1005,0,1,0,1006,A
8-NS,626,968,0,0,0,968,A
8-NS,627,2,965,0,0,967,T
8-NS,628,0,7,939,0,946,G
8-NS,629,0,5,946,0,951,G
8-NS,630,0,5,935,0,940,G
8-NS,631,1,2,942,0,945,G
8-NS,632,0,3,932,0,935,G
8-NS,633,908,0,0,0,908,A
8-NS,634,0,877,0,3,880,T
8-NS,635,3,0,0,902,905,C
8-NS,636,1,902,0,1,904,T
8-NS,637,4,0,0,901,905,C
8-NS,638,4,0,0,912,916,C
8-NS,639,919,0,0,0,919,A
8-NS,640,0,1,0,915,916,C
8-NS,641,0,897,0,0,897,T
8-NS,642,0,892,0,0,892,T
8-NS,643,877,0,0,0,877,A
8-NS,644,0,0,0,878,878,C
8-NS,645,0,865,0,2,867,T
8-NS,646,5,0,0,863,868,C
8-NS,647,0,0,0,854,854,C
8-NS,648,856,0,0,0,856,A
8-NS,649,860,0,0,0,860,A
8-NS,650,858,0,0,0,858,A
8-NS,651,860,1,0,0,861,A
8-NS,652,0,0,0,862,862,C
8-NS,653,835,0,1,0,836,A
8-NS,654,0,2,836,0,838,G
8-NS,655,841,0,0,0,841,A
8-NS,656,832,0,2,6,840,A
8-NS,657,840,0,0,0,840,A
8-NS,658,1,1,0,836,838,C
8-NS,659,0,5,837,0,842,G
8-NS,660,0,6,836,1,843,G
8-NS,661,0,1,842,0,843,G
8-NS,662,841,0,0,0,841,A
8-NS,663,838,1,0,0,839,A
8-NS,664,840,0,0,0,840,A
8-NS,665,0,833,0,0,833,T
8-NS,666,0,2,836,0,838,G
8-NS,667,0,0,838,0,838,G
8-NS,668,1,2,0,828,831,C
8-NS,669,0,6,827,0,833,G
8-NS,670,830,0,0,0,830,A
8-NS,671,0,4,829,0,833,G
8-NS,672,833,0,0,0,833,A
8-NS,673,831,1,0,0,832,A
8-NS,674,1,5,0,831,837,C
8-NS,675,819,0,0,0,819,A
8-NS,676,0,0,820,0,820,G
8-NS,677,0,0,0,817,817,C
8-NS,678,0,817,0,0,817,T
8-NS,679,808,0,2,0,810,A
8-NS,680,0,0,798,0,798,G
8-NS,681,0,0,802,0,802,G
8-NS,682,0,803,0,0,803,T
8-NS,683,8,0,0,779,787,C
8-NS,684,788,0,0,0,788,A
8-NS,685,785,0,0,0,785,A
8-NS,686,786,0,0,0,786,A
8-NS,687,788,0,3,0,791,A
8-NS,688,1,1,795,0,797,G
8-NS,689,0,774,0,0,774,T
8-NS,690,0,779,0,0,779,T
8-NS,691,0,775,0,1,776,T
8-NS,692,0,3,774,0,777,G
8-NS,693,775,0,2,1,778,A
8-NS,694,775,1,2,0,778,A
8-NS,695,0,4,775,0,779,G
8-NS,696,759,1,0,0,760,A
8-NS,697,0,3,761,0,764,G
8-NS,698,762,0,0,0,762,A
8-NS,699,0,762,0,0,762,T
8-NS,700,760,1,1,0,762,A
8-NS,701,755,0,0,0,755,A
8-NS,702,0,1,755,0,756,G
8-NS,703,716,0,1,0,717,A
8-NS,704,1,720,0,0,721,T
8-NS,705,0,6,717,0,723,G
8-NS,706,0,0,722,0,722,G
8-NS,707,1,0,0,716,717,C
8-NS,708,0,712,0,0,712,T
8-NS,709,711,0,1,0,712,A
8-NS,710,712,0,0,0,712,A
8-NS,711,0,716,0,1,717,T
8-NS,712,0,711,0,0,711,T
8-NS,713,1,2,711,0,714,G
8-NS,714,702,0,0,0,702,A
8-NS,715,698,0,1,0,699,A
8-NS,716,0,0,701,0,701,G
8-NS,717,695,0,0,0,695,A
8-NS,718,689,0,0,0,689,A
8-NS,719,0,1,700,1,702,G
8-NS,720,0,674,0,1,675,T
8-NS,721,0,2,678,0,680,G
8-NS,722,673,0,0,1,674,A
8-NS,723,0,2,675,0,677,G
8-NS,724,677,1,0,0,678,A
8-NS,725,0,0,0,673,673,C
8-NS,726,660,1,0,0,661,A
8-NS,727,1,1,0,658,660,C
8-NS,728,615,0,0,0,615,A
8-NS,729,1,2,620,0,623,G
8-NS,730,620,0,1,0,621,A
8-NS,731,0,619,0,0,619,T
8-NS,732,0,614,0,0,614,T
8-NS,733,611,2,0,0,613,A
8-NS,734,611,0,2,0,613,A
8-NS,735,611,0,1,0,612,A
8-NS,736,611,0,0,0,611,A
8-NS,737,611,0,0,0,611,A
8-NS,738,2,0,0,600,602,C
8-NS,739,573,0,1,0,574,A
8-NS,740,577,0,0,0,577,A
8-NS,741,0,0,0,577,577,C
8-NS,742,0,575,0,0,575,T
8-NS,743,0,1,582,0,583,G
8-NS,744,581,0,0,0,581,A
8-NS,745,581,0,0,0,581,A
8-NS,746,580,0,0,0,580,A
8-NS,747,576,0,0,0,576,A
8-NS,748,0,575,0,0,575,T
8-NS,749,562,0,0,0,562,A
8-NS,750,0,1,564,0,565,G
8-NS,751,0,0,0,566,566,C
8-NS,752,0,554,1,0,555,T
8-NS,753,0,553,1,0,554,T
8-NS,754,0,546,0,0,546,T
8-NS,755,0,5,541,0,546,G
8-NS,756,545,0,0,0,545,A
8-NS,757,547,0,0,0,547,A
8-NS,758,0,0,0,547,547,C
8-NS,759,539,0,0,0,539,A
8-NS,760,542,0,0,0,542,A
8-NS,761,544,0,0,0,544,A
8-NS,762,0,543,1,0,544,T
8-NS,763,543,0,0,0,543,A
8-NS,764,532,0,1,0,533,A
8-NS,765,0,0,0,537,537,C
8-NS,766,535,0,0,0,535,A
8-NS,767,0,527,0,1,528,T
8-NS,768,0,517,0,0,517,T
8-NS,769,1,0,0,516,517,C
8-NS,770,512,0,1,0,513,A
8-NS,771,0,511,0,0,511,T
8-NS,772,0,0,511,0,511,G
8-NS,773,1,0,0,498,499,C
8-NS,774,490,0,0,0,490,A
8-NS,775,494,0,0,0,494,A
8-NS,776,1,0,487,0,488,G
8-NS,777,2,0,0,491,493,C
8-NS,778,486,0,0,0,486,A
8-NS,779,0,483,0,1,484,T
8-NS,780,0,483,0,0,483,T
8-NS,781,482,0,0,0,482,A
8-NS,782,0,0,0,482,482,C
8-NS,783,478,0,0,0,478,A
8-NS,784,473,0,0,0,473,A
8-NS,785,0,0,0,470,470,C
8-NS,786,0,408,0,0,408,T
8-NS,787,0,1,404,0,405,G
8-NS,788,0,0,0,396,396,C
8-NS,789,0,387,0,1,388,T
8-NS,790,0,2,388,0,390,G
8-NS,791,0,385,0,1,386,T
8-NS,792,0,386,0,0,386,T
8-NS,793,0,385,0,0,385,T
8-NS,794,1,0,378,0,379,G
8-NS,795,380,0,0,0,380,A
8-NS,796,366,0,0,0,366,A
8-NS,797,0,1,366,0,367,G
8-NS,798,0,361,0,0,361,T
8-NS,799,0,1,341,0,342,G
8-NS,800,0,3,339,0,342,G
8-NS,801,341,0,0,0,341,A
8-NS,802,339,0,2,0,341,A
8-NS,803,0,0,0,339,339,C
8-NS,804,327,0,1,0,328,A
8-NS,805,0,0,328,0,328,G
8-NS,806,0,2,322,0,324,G
8-NS,807,315,1,0,0,316,A
8-NS,808,0,4,312,0,316,G
8-NS,809,266,0,0,0,266,A
8-NS,810,0,264,0,0,264,T
8-NS,811,262,0,0,0,262,A
8-NS,812,261,0,0,0,261,A
8-NS,813,0,1,259,0,260,G
8-NS,814,236,0,0,0,236,A
8-NS,815,233,0,0,0,233,A
8-NS,816,0,0,0,229,229,C
8-NS,817,0,191,0,0,191,T
8-NS,818,0,189,0,0,189,T
8-NS,819,0,185,1,0,186,T
8-NS,820,1,0,0,182,183,C
8-NS,821,0,180,0,1,181,T
8-NS,822,1,0,0,177,178,C
8-NS,823,174,0,0,0,174,A
8-NS,824,0,173,0,0,173,T
8-NS,825,0,170,0,0,170,T
8-NS,826,0,171,0,0,171,T
8-NS,827,0,0,0,171,171,C
8-NS,828,159,0,1,0,160,A
8-NS,829,0,0,161,0,161,G
8-NS,830,0,0,0,160,160,C
8-NS,831,0,153,0,0,153,T
8-NS,832,0,153,0,0,153,T
8-NS,833,148,0,0,0,148,A
8-NS,834,0,148,0,0,148,T
8-NS,835,0,148,0,0,148,T
8-NS,836,0,146,0,0,146,T
8-NS,837,141,0,0,0,141,A
8-NS,838,137,0,0,0,137,A
8-NS,839,0,133,0,0,133,T
8-NS,840,0,0,133,0,133,G
8-NS,841,126,0,0,0,126,A
8-NS,842,0,116,0,0,116,T
8-NS,843,115,0,0,0,115,A
8-NS,844,115,0,0,0,115,A
8-NS,845,115,0,0,0,115,A
8-NS,846,115,0,0,0,115,A
8-NS,847,110,0,0,0,110,A
8-NS,848,109,0,0,0,109,A
8-NS,849,0,0,0,109,109,C
8-NS,850,94,0,0,0,94,A
8-NS,851,0,0,0,94,94,C
8-NS,852,1,0,0,90,91,C
8-NS,853,1,0,0,90,91,C
8-NS,854,0,86,0,0,86,T
8-NS,855,0,83,0,0,83,T
8-NS,856,0,0,83,0,83,G
8-NS,857,0,81,0,0,81,T
8-NS,858,0,79,0,0,79,T
8-NS,859,0,78,0,0,78,T
8-NS,860,0,0,0,27,27,C
8-NS,861,0,21,0,0,21,T
8-NS,862,16,0,0,0,16,A
8-NS,863,0,0,0,16,16,C
