Gene,Position,A,T,G,C,Coverage,Consensus
1-PB2,1,589,0,0,0,589,A
1-PB2,2,0,587,0,0,587,T
1-PB2,3,0,0,602,0,602,G
1-PB2,4,0,0,605,0,605,G
1-PB2,5,602,0,0,0,602,A
1-PB2,6,606,0,0,0,606,A
1-PB2,7,604,0,0,1,605,A
1-PB2,8,0,0,679,0,679,G
1-PB2,9,680,0,1,0,681,A
1-PB2,10,686,0,0,0,686,A
1-PB2,11,0,698,0,0,698,T
1-PB2,12,698,0,0,0,698,A
1-PB2,13,701,1,0,0,702,A
1-PB2,14,702,0,1,0,703,A
1-PB2,15,702,0,3,0,705,A
1-PB2,16,0,1,727,0,728,G
1-PB2,17,729,0,0,0,729,A
1-PB2,18,733,0,0,0,733,A
1-PB2,19,0,0,0,747,747,C
1-PB2,20,0,744,0,2,746,T
1-PB2,21,760,0,0,0,760,A
1-PB2,22,0,0,0,759,759,C
1-PB2,23,0,0,762,0,762,G
1-PB2,24,0,1,772,0,773,G
1-PB2,25,774,0,0,0,774,A
1-PB2,26,801,0,0,0,801,A
1-PB2,27,0,801,0,0,801,T
1-PB2,28,0,0,0,806,806,C
1-PB2,29,1,806,0,0,807,T
1-PB2,30,0,0,818,0,818,G
1-PB2,31,822,0,0,0,822,A
1-PB2,32,0,826,0,0,826,T
1-PB2,33,0,1,830,0,831,G
1-PB2,34,0,838,1,1,840,T
1-PB2,35,0,0,0,832,832,C
1-PB2,36,0,0,835,0,835,G
1-PB2,37,0,0,0,833,833,C
1-PB2,38,835,0,0,0,835,A
1-PB2,39,0,0,904,0,904,G
1-PB2,40,0,906,0,0,906,T
1-PB2,41,0,0,0,907,907,C
1-PB2,42,0,904,0,1,905,T
1-PB2,43,2,1,0,901,904,C
1-PB2,44,0,0,909,0,909,G
1-PB2,45,0,1,0,913,914,C
1-PB2,46,912,0,2,0,914,A
1-PB2,47,0,0,0,923,923,C
1-PB2,48,0,918,0,1,919,T
1-PB2,49,0,0,1,952,953,C
1-PB2,50,0,0,956,0,956,G
1-PB2,51,0,0,0,959,959,C
1-PB2,52,0,1,957,0,958,G
1-PB2,53,966,2,2,0,970,A
1-PB2,54,0,0,972,0,972,G
1-PB2,55,990,1,1,0,992,A
1-PB2,56,0,993,0,0,993,T
1-PB2,57,992,0,1,0,993,A
1-PB2,58,1,0,1,995,997,C
1-PB2,59,0,993,0,0,993,T
1-PB2,60,1,1,998,0,1000,G
1-PB2,61,1006,1,1,0,1008,A
1-PB2,62,1,0,0,1013,1014,C
1-PB2,63,1020,0,0,0,1020,A
1-PB2,64,1018,0,0,0,1018,A
1-PB2,65,1036,0,1,0,1037,A
1-PB2,66,1053,0,1,0,1054,A
1-PB2,67,1053,0,1,1,1055,A
1-PB2,68,0,0,0,1072,1072,C
1-PB2,69,1,1,0,1066,1068,C
1-PB2,70,1109,0,0,0,1109,A
1-PB2,71,0,0,0,1129,1129,C
1-PB2,72,1127,0,1,0,1128,A
1-PB2,73,0,1,1165,0,1166,G
1-PB2,74,0,1167,0,0,1167,T
1-PB2,75,0,0,1195,0,1195,G
1-PB2,76,0,3,1196,0,1199,G
1-PB2,77,1197,0,3,0,1200,A
1-PB2,78,0,0,0,1274,1274,C
1-PB2,79,0,0,0,1270,1270,C
1-PB2,80,1286,0,0,0,1286,A
1-PB2,81,0,1287,0,0,1287,T
1-PB2,82,1274,0,1,0,1275,A
1-PB2,83,0,1266,0,7,1273,T
1-PB2,84,1,0,1279,0,1280,G
1-PB2,85,3,0,1280,0,1283,G
1-PB2,86,0,1,0,1287,1288,C
1-PB2,87,0,0,0,1276,1276,C
1-PB2,88,1276,0,0,0,1276,A
1-PB2,89,0,1354,0,0,1354,T
1-PB2,90,1361,0,0,0,1361,A
1-PB2,91,1428,1,0,0,1429,A
1-PB2,92,0,1431,0,0,1431,T
1-PB2,93,0,1423,0,0,1423,T
1-PB2,94,1440,0,0,0,1440,A
1-PB2,95,1435,0,0,0,1435,A
1-PB2,96,1,0,1477,0,1478,G
1-PB2,97,1480,0,0,0,1480,A
1-PB2,98,1454,0,1,0,1455,A
1-PB2,99,0,2,1527,0,1529,G
1-PB2,100,0,1517,0,1,1518,T
1-PB2,101,1517,0,0,0,1517,A
1-PB2,102,0,1,0,1522,1523,C
1-PB2,103,1521,0,3,0,1524,A
1-PB2,104,0,1,0,1552,1553,C
1-PB2,105,1545,0,0,0,1545,A
1-PB2,106,0,1549,1,0,1550,T
1-PB2,107,0,0,0,1555,1555,C
1-PB2,108,0,1,1532,0,1533,G
1-PB2,109,0,0,1540,0,1540,G
1-PB2,110,0,0,1531,0,1531,G
1-PB2,111,0,0,1533,0,1533,G
1-PB2,112,1528,0,1,0,1529,A
1-PB2,113,0,0,1539,0,1539,G
1-PB2,114,1531,0,6,0,1537,A
1-PB2,115,1,2,0,1557,1560,C
1-PB2,116,1548,0,4,0,1552,A
1-PB2,117,1,1,1566,0,1568,G
1-PB2,118,0,0,1590,0,1590,G
1-PB2,119,1591,0,1,0,1592,A
1-PB2,120,1592,0,1,0,1593,A
1-PB2,121,1586,0,2,0,1588,A
1-PB2,122,1588,0,1,0,1589,A
1-PB2,123,0,2,1591,0,1593,G
1-PB2,124,1584,0,3,0,1587,A
1-PB2,125,1593,0,1,0,1594,A
1-PB2,126,0,0,0,1597,1597,C
1-PB2,127,2,1,1,1575,1579,C
1-PB2,128,3,1,0,1569,1573,C
1-PB2,129,1,2,1578,0,1581,G
1-PB2,130,0,1577,0,0,1577,T
1-PB2,131,1,0,0,1582,1583,C
1-PB2,132,1603,0,1,0,1604,A
1-PB2,133,0,0,0,1616,1616,C
1-PB2,134,0,1612,0,1,1613,T
1-PB2,135,0,1617,0,0,1617,T
1-PB2,136,1616,0,0,0,1616,A
1-PB2,137,0,1,1634,0,1635,G
1-PB2,138,1,0,1634,0,1635,G
1-PB2,139,1639,0,1,0,1640,A
1-PB2,140,1,1635,0,0,1636,T
1-PB2,141,0,1,1657,0,1658,G
1-PB2,142,1677,0,1,0,1678,A
1-PB2,143,1682,1,0,0,1683,A
1-PB2,144,1682,0,4,0,1686,A
1-PB2,145,0,1686,0,0,1686,T
1-PB2,146,0,4,1671,0,1675,G
1-PB2,147,0,2,1682,0,1684,G
1-PB2,148,1678,0,0,0,1678,A
1-PB2,149,0,1679,0,0,1679,T
1-PB2,150,1,1,1668,0,1670,G
1-PB2,151,1656,0,1,0,1657,A
1-PB2,152,0,1662,0,0,1662,T
1-PB2,153,0,1,1658,1,1660,G
1-PB2,154,0,1,1671,0,1672,G
1-PB2,155,0,0,0,1668,1668,C
1-PB2,156,1663,0,1,0,1664,A
1-PB2,157,1682,0,0,0,1682,A
1-PB2,158,0,1684,0,0,1684,T
1-PB2,159,0,0,1746,0,1746,G
1-PB2,160,1746,1,1,0,1748,A
1-PB2,161,1743,0,2,1,1746,A
1-PB2,162,1752,1,1,0,1754,A
1-PB2,163,0,1759,0,0,1759,T
1-PB2,164,1770,0,1,0,1771,A
1-PB2,165,0,1,0,1814,1815,C
1-PB2,166,0,0,0,1798,1798,C
1-PB2,167,2,0,0,1808,1810,C
1-PB2,168,1800,1,3,0,1804,A
1-PB2,169,1809,0,0,0,1809,A
1-PB2,170,1,1799,0,1,1801,T
1-PB2,171,3,0,0,1799,1802,C
1-PB2,172,1799,0,0,0,1799,A
1-PB2,173,1,0,0,1830,1831,C
1-PB2,174,0,1815,0,0,1815,T
1-PB2,175,0,0,1823,0,1823,G
1-PB2,176,0,0,0,1820,1820,C
1-PB2,177,0,1809,0,1,1810,T
1-PB2,178,1,3,1836,0,1840,G
1-PB2,179,1842,1,0,0,1843,A
1-PB2,180,1,0,0,1848,1849,C
1-PB2,181,1847,0,0,0,1847,A
1-PB2,182,1829,0,0,0,1829,A
1-PB2,183,1834,2,0,0,1836,A
1-PB2,184,1826,0,3,0,1829,A
1-PB2,185,2,1,1858,0,1861,G
1-PB2,186,0,0,1861,0,1861,G
1-PB2,187,1846,2,1,0,1849,A
1-PB2,188,1,1852,0,1,1854,T
1-PB2,189,1846,0,1,0,1847,A
1-PB2,190,1854,0,3,0,1857,A
1-PB2,191,0,0,0,1885,1885,C
1-PB2,192,1881,1,0,0,1882,A
1-PB2,193,0,2,1889,0,1891,G
1-PB2,194,1871,0,0,0,1871,A
1-PB2,195,1863,1,1,0,1865,A
1-PB2,196,1870,0,0,0,1870,A
1-PB2,197,0,1871,0,0,1871,T
1-PB2,198,1,2,1870,0,1873,G
1-PB2,199,1,0,1889,0,1890,G
1-PB2,200,0,1875,0,2,1877,T
1-PB2,201,0,1875,0,0,1875,T
1-PB2,202,0,0,0,1868,1868,C
1-PB2,203,1,0,0,1867,1868,C
1-PB2,204,1859,0,2,0,1861,A
1-PB2,205,0,0,1869,0,1869,G
1-PB2,206,1861,0,1,0,1862,A
1-PB2,207,6,2,1872,0,1880,G
1-PB2,208,1847,0,3,0,1850,A
1-PB2,209,0,0,1881,0,1881,G
1-PB2,210,1874,0,1,0,1875,A
1-PB2,211,1876,0,0,0,1876,A
1-PB2,212,1874,1,2,0,1877,A
1-PB2,213,0,1873,0,0,1873,T
1-PB2,214,0,1,1883,0,1884,G
1-PB2,215,1890,0,0,0,1890,A
1-PB2,216,1889,0,1,0,1890,A
1-PB2,217,0,0,0,1890,1890,C
1-PB2,218,1865,0,1,0,1866,A
1-PB2,219,1873,0,3,0,1876,A
1-PB2,220,1,1,1898,0,1900,G
1-PB2,221,0,0,1914,0,1914,G
1-PB2,222,1910,0,1,0,1911,A
1-PB2,223,0,0,0,1911,1911,C
1-PB2,224,1908,0,0,0,1908,A
1-PB2,225,1905,0,1,0,1906,A
1-PB2,226,1985,0,1,1,1987,A
1-PB2,227,0,0,0,1999,1999,C
1-PB2,228,1,1953,1,4,1959,T
1-PB2,229,1,0,0,2011,2012,C
1-PB2,230,1,1984,0,0,1985,T
1-PB2,231,1992,0,1,2,1995,A
1-PB2,232,0,1988,0,1,1989,T
1-PB2,233,1,3,1994,0,1998,G
1-PB2,234,6,4,2025,0,2035,G
1-PB2,235,1946,0,3,1,1950,A
1-PB2,236,0,1,1967,0,1968,G
1-PB2,237,0,1965,0,1,1966,T
1-PB2,238,1962,0,0,0,1962,A
1-PB2,239,1967,0,1,1,1969,A
1-PB2,240,1969,0,1,0,1970,A
1-PB2,241,1968,0,0,0,1968,A
1-PB2,242,0,1950,0,0,1950,T
1-PB2,243,0,3,1941,0,1944,G
1-PB2,244,1901,0,10,1,1912,A
1-PB2,245,0,1,1915,0,1916,G
1-PB2,246,0,1903,0,0,1903,T
1-PB2,247,0,1,1904,0,1905,G
1-PB2,248,1932,1,3,1,1937,A
1-PB2,249,1,1948,0,0,1949,T
1-PB2,250,1,1,1950,0,1952,G
1-PB2,251,0,0,0,1945,1945,C
1-PB2,252,0,1938,0,0,1938,T
1-PB2,253,0,2,2004,0,2006,G
1-PB2,254,1,1,2003,0,2005,G
1-PB2,255,2043,0,1,0,2044,A
1-PB2,256,0,2040,0,2,2042,T
1-PB2,257,2,1,0,2040,2043,C
1-PB2,258,2049,1,2,0,2052,A
1-PB2,259,0,0,2124,0,2124,G
1-PB2,260,2121,0,0,0,2121,A
1-PB2,261,0,2123,0,1,2124,T
1-PB2,262,2054,0,1,0,2055,A
1-PB2,263,0,2,2117,0,2119,G
1-PB2,264,2081,1,3,1,2086,A
1-PB2,265,0,0,2105,0,2105,G
1-PB2,266,0,2086,0,2,2088,T
1-PB2,267,0,1,2080,0,2081,G
1-PB2,268,2040,2,1,0,2043,A
1-PB2,269,0,2039,0,2,2041,T
1-PB2,270,1,4,2083,0,2088,G
1-PB2,271,1,1,2127,0,2129,G
1-PB2,272,2,2106,0,0,2108,T
1-PB2,273,2111,0,0,0,2111,A
1-PB2,274,1,2076,0,1,2078,T
1-PB2,275,3,0,0,2075,2078,C
1-PB2,276,2110,0,1,0,2111,A
1-PB2,277,0,0,0,2154,2154,C
1-PB2,278,0,1,0,2149,2150,C
1-PB2,279,0,2109,0,2,2111,T
1-PB2,280,1,2090,0,0,2091,T
1-PB2,281,0,2091,0,0,2091,T
1-PB2,282,2,0,2123,0,2125,G
1-PB2,283,1,1,2130,0,2132,G
1-PB2,284,0,0,0,2166,2166,C
1-PB2,285,0,2123,0,1,2124,T
1-PB2,286,0,2,2130,0,2132,G
1-PB2,287,0,2134,0,2,2136,T
1-PB2,288,2139,0,1,0,2140,A
1-PB2,289,2144,0,0,0,2144,A
1-PB2,290,0,0,0,2141,2141,C
1-PB2,291,2105,0,0,0,2105,A
1-PB2,292,0,2108,0,0,2108,T
1-PB2,293,0,2,2086,0,2088,G
1-PB2,294,2,0,2125,0,2127,G
1-PB2,295,1,2109,0,1,2111,T
1-PB2,296,1,0,2101,0,2102,G
1-PB2,297,0,0,2151,0,2151,G
1-PB2,298,2143,0,4,0,2147,A
1-PB2,299,2151,0,1,0,2152,A
1-PB2,300,0,2152,0,1,2153,T
1-PB2,301,2157,0,1,0,2158,A
1-PB2,302,0,0,2194,0,2194,G
1-PB2,303,2172,1,1,0,2174,A
1-PB2,304,2170,0,2,0,2172,A
1-PB2,305,2177,0,0,0,2177,A
1-PB2,306,0,2138,0,0,2138,T
1-PB2,307,1,1,2128,1,2131,G
1-PB2,308,0,2,2127,0,2129,G
1-PB2,309,2136,0,2,1,2139,A
1-PB2,310,0,1,0,2154,2155,C
1-PB2,311,0,1,0,2133,2134,C
1-PB2,312,6,0,0,2120,2126,C
1-PB2,313,2,1,2135,1,2139,G
1-PB2,314,1,2148,0,1,2150,T
1-PB2,315,0,2,2203,0,2205,G
1-PB2,316,2199,0,3,0,2202,A
1-PB2,317,0,0,0,2209,2209,C
1-PB2,318,2207,0,2,0,2209,A
1-PB2,319,2201,0,1,0,2202,A
1-PB2,320,1,1,2246,0,2248,G
1-PB2,321,0,2237,0,0,2237,T
1-PB2,322,2235,0,0,0,2235,A
1-PB2,323,0,2,0,2216,2218,C
1-PB2,324,1,3,2165,0,2169,G
1-PB2,325,0,0,2243,0,2243,G
1-PB2,326,0,2234,1,3,2238,T
1-PB2,327,2,0,0,2254,2256,C
1-PB2,328,1,1,0,2248,2250,C
1-PB2,329,2212,0,0,0,2212,A
1-PB2,330,0,2221,0,1,2222,T
1-PB2,331,0,2223,0,1,2224,T
1-PB2,332,2319,1,0,0,2320,A
1-PB2,333,1,0,0,2313,2314,C
1-PB2,334,2,0,0,2247,2249,C
1-PB2,335,5,1,0,2235,2241,C
1-PB2,336,2220,0,2,0,2222,A
1-PB2,337,2234,1,2,0,2237,A
1-PB2,338,2242,0,0,0,2242,A
1-PB2,339,2224,0,5,0,2229,A
1-PB2,340,0,0,2255,0,2255,G
1-PB2,341,0,2166,0,0,2166,T
1-PB2,342,1,0,2205,1,2207,G
1-PB2,343,1,2202,0,1,2204,T
1-PB2,344,2198,0,4,0,2202,A
1-PB2,345,1,2,0,2199,2202,C
1-PB2,346,2192,0,2,1,2195,A
1-PB2,347,2200,0,0,0,2200,A
1-PB2,348,1,1,2199,0,2201,G
1-PB2,349,2164,0,9,0,2173,A
1-PB2,350,1,2,0,2178,2181,C
1-PB2,351,1,2143,0,0,2144,T
1-PB2,352,0,2170,0,0,2170,T
1-PB2,353,2170,0,0,0,2170,A
1-PB2,354,0,2163,0,0,2163,T
1-PB2,355,0,2167,0,0,2167,T
1-PB2,356,0,2164,0,0,2164,T
1-PB2,357,2,0,0,2126,2128,C
1-PB2,358,2,1,2119,0,2122,G
1-PB2,359,2127,0,1,0,2128,A
1-PB2,360,0,2,0,2120,2122,C
1-PB2,361,2102,0,0,0,2102,A
1-PB2,362,2124,0,0,0,2124,A
1-PB2,363,2122,0,2,0,2124,A
1-PB2,364,1,0,2127,0,2128,G
1-PB2,365,0,2132,0,0,2132,T
1-PB2,366,2124,0,1,0,2125,A
1-PB2,367,0,0,2181,0,2181,G
1-PB2,368,2178,0,0,1,2179,A
1-PB2,369,2175,1,3,0,2179,A
1-PB2,370,2168,0,3,0,2171,A
1-PB2,371,0,2,2242,0,2244,G
1-PB2,372,0,0,2251,0,2251,G
1-PB2,373,0,2218,1,1,2220,T
1-PB2,374,1,2216,0,0,2217,T
1-PB2,375,2213,1,3,0,2217,A
1-PB2,376,2213,0,0,1,2214,A
1-PB2,377,2214,0,0,0,2214,A
1-PB2,378,2238,0,2,0,2240,A
1-PB2,379,0,0,0,2251,2251,C
1-PB2,380,2196,0,0,0,2196,A
1-PB2,381,0,2183,1,0,2184,T
1-PB2,382,16,0,2164,0,2180,G
1-PB2,383,0,0,2185,0,2185,G
1-PB2,384,2184,0,3,0,2187,A
1-PB2,385,2197,1,3,0,2201,A
1-PB2,386,1,0,0,2254,2255,C
1-PB2,387,0,0,0,2266,2266,C
1-PB2,388,1,2244,0,3,2248,T
1-PB2,389,0,2243,0,1,2244,T
1-PB2,390,2,2242,1,3,2248,T
1-PB2,391,0,2,2242,0,2244,G
1-PB2,392,0,1,2252,0,2253,G
1-PB2,393,0,0,0,2252,2252,C
1-PB2,394,2,1,1,2213,2217,C
1-PB2,395,1,0,0,2208,2209,C
1-PB2,396,0,2140,1,0,2141,T
1-PB2,397,0,0,2169,0,2169,G
1-PB2,398,0,2165,0,2,2167,T
1-PB2,399,0,2169,0,3,2172,T
1-PB2,400,2,0,0,2173,2175,C
1-PB2,401,2153,0,0,0,2153,A
1-PB2,402,0,2160,1,0,2161,T
1-PB2,403,0,2154,0,1,2155,T
1-PB2,404,1,2161,0,0,2162,T
1-PB2,405,0,2163,0,0,2163,T
1-PB2,406,2143,0,1,0,2144,A
1-PB2,407,0,1,2139,0,2140,G
1-PB2,408,2139,0,0,0,2139,A
1-PB2,409,2136,0,0,0,2136,A
1-PB2,410,2132,0,1,1,2134,A
1-PB2,411,0,2126,0,3,2129,T
1-PB2,412,0,1,0,2139,2140,C
1-PB2,413,2133,1,1,0,2135,A
1-PB2,414,2153,0,1,1,2155,A
1-PB2,415,1,0,2156,1,2158,G
1-PB2,416,0,2151,0,1,2152,T
1-PB2,417,2,0,0,2155,2157,C
1-PB2,418,2178,1,1,0,2180,A
1-PB2,419,2176,0,2,0,2178,A
1-PB2,420,1,0,2184,0,2185,G
1-PB2,421,2181,0,2,0,2183,A
1-PB2,422,0,2182,0,0,2182,T
1-PB2,423,2211,1,2,0,2214,A
1-PB2,424,1,1,0,2204,2206,C
1-PB2,425,0,0,2214,0,2214,G
1-PB2,426,1,1,0,2228,2230,C
1-PB2,427,2214,1,1,0,2216,A
1-PB2,428,0,1,2250,0,2251,G
1-PB2,429,2244,0,0,0,2244,A
1-PB2,430,2255,0,1,0,2256,A
1-PB2,431,0,1,2309,0,2310,G
1-PB2,432,2262,0,2,0,2264,A
1-PB2,433,1,1,2279,0,2281,G
1-PB2,434,1,2275,0,0,2276,T
1-PB2,435,2256,0,2,0,2258,A
1-PB2,436,1,0,2283,0,2284,G
1-PB2,437,2288,1,4,0,2293,A
1-PB2,438,1,1,0,2396,2398,C
1-PB2,439,2358,0,0,0,2358,A
1-PB2,440,0,2316,0,1,2317,T
1-PB2,441,2313,0,0,0,2313,A
1-PB2,442,2298,1,1,1,2301,A
1-PB2,443,2329,0,1,0,2330,A
1-PB2,444,1,2,1,2326,2330,C
1-PB2,445,2,1,0,2287,2290,C
1-PB2,446,1,0,0,2279,2280,C
1-PB2,447,0,2151,0,4,2155,T
1-PB2,448,0,0,2170,0,2170,G
1-PB2,449,0,0,2205,0,2205,G
1-PB2,450,0,2205,0,0,2205,T
1-PB2,451,2,0,0,2183,2185,C
1-PB2,452,2222,0,0,0,2222,A
1-PB2,453,0,2217,0,2,2219,T
1-PB2,454,1,0,2226,0,2227,G
1-PB2,455,0,0,0,2229,2229,C
1-PB2,456,2213,0,3,0,2216,A
1-PB2,457,0,2,2230,0,2232,G
1-PB2,458,2180,1,0,0,2181,A
1-PB2,459,0,0,0,2217,2217,C
1-PB2,460,0,0,0,2210,2210,C
1-PB2,461,0,2153,0,5,2158,T
1-PB2,462,0,3,0,2164,2167,C
1-PB2,463,2153,0,6,0,2159,A
1-PB2,464,1,0,2215,0,2216,G
1-PB2,465,0,2213,1,2,2216,T
1-PB2,466,1,0,2212,1,2214,G
1-PB2,467,0,2,0,2199,2201,C
1-PB2,468,2,0,1,2164,2167,C
1-PB2,469,2170,0,2,0,2172,A
1-PB2,470,2174,0,1,0,2175,A
1-PB2,471,2167,0,3,0,2170,A
1-PB2,472,0,1,2177,0,2178,G
1-PB2,473,2120,0,2,0,2122,A
1-PB2,474,0,1,2131,1,2133,G
1-PB2,475,0,0,2127,0,2127,G
1-PB2,476,1,1,0,2122,2124,C
1-PB2,477,2133,0,4,0,2137,A
1-PB2,478,0,0,0,2136,2136,C
1-PB2,479,2134,0,1,0,2135,A
1-PB2,480,2175,1,2,0,2178,A
1-PB2,481,0,1,2189,0,2190,G
1-PB2,482,2223,0,1,0,2224,A
1-PB2,483,0,2203,1,0,2204,T
1-PB2,484,0,0,2208,0,2208,G
1-PB2,485,0,2209,0,2,2211,T
1-PB2,486,2208,1,0,1,2210,A
1-PB2,487,2204,0,0,1,2205,A
1-PB2,488,0,2211,1,0,2212,T
1-PB2,489,0,2135,0,0,2135,T
1-PB2,490,2128,1,2,0,2131,A
1-PB2,491,0,2073,0,1,2074,T
1-PB2,492,0,1,2061,1,2063,G
1-PB2,493,0,4,2064,0,2068,G
1-PB2,494,2050,0,0,0,2050,A
1-PB2,495,2043,0,0,0,2043,A
1-PB2,496,1,1,2039,0,2041,G
1-PB2,497,0,2033,0,0,2033,T
1-PB2,498,0,2035,0,0,2035,T
1-PB2,499,0,0,2047,0,2047,G
1-PB2,500,0,2042,0,0,2042,T
1-PB2,501,0,2034,0,0,2034,T
1-PB2,502,0,2039,0,1,2040,T
1-PB2,503,0,2042,0,1,2043,T
1-PB2,504,1,2041,0,0,2042,T
1-PB2,505,0,0,0,2051,2051,C
1-PB2,506,2,2,0,2046,2050,C
1-PB2,507,2,2,0,2057,2061,C
1-PB2,508,2052,1,0,0,2053,A
1-PB2,509,2064,0,2,0,2066,A
1-PB2,510,0,2065,0,0,2065,T
1-PB2,511,1,3,2069,0,2073,G
1-PB2,512,2073,0,0,0,2073,A
1-PB2,513,2071,0,0,0,2071,A
1-PB2,514,0,0,2079,0,2079,G
1-PB2,515,1,2059,0,0,2060,T
1-PB2,516,0,4,2051,0,2055,G
1-PB2,517,1,1,2050,1,2053,G
1-PB2,518,1,1,2055,0,2057,G
1-PB2,519,2072,0,4,1,2077,A
1-PB2,520,1,1,2060,0,2062,G
1-PB2,521,0,2,1,2067,2070,C
1-PB2,522,0,0,0,2076,2076,C
1-PB2,523,2068,0,3,0,2071,A
1-PB2,524,0,1,2117,0,2118,G
1-PB2,525,0,0,2143,0,2143,G
1-PB2,526,2160,1,0,0,2161,A
1-PB2,527,0,2152,0,0,2152,T
1-PB2,528,2156,0,0,0,2156,A
1-PB2,529,1,0,0,2152,2153,C
1-PB2,530,0,2140,0,5,2145,T
1-PB2,531,2140,0,1,0,2141,A
1-PB2,532,2131,1,1,1,2134,A
1-PB2,533,1,0,0,2147,2148,C
1-PB2,534,2100,0,2,0,2102,A
1-PB2,535,0,2087,0,1,2088,T
1-PB2,536,0,0,0,2095,2095,C
1-PB2,537,2060,0,1,1,2062,A
1-PB2,538,0,2,2082,0,2084,G
1-PB2,539,2091,0,1,0,2092,A
1-PB2,540,2086,0,0,0,2086,A
1-PB2,541,1,2082,0,1,2084,T
1-PB2,542,2,1,0,2041,2044,C
1-PB2,543,2049,2,0,0,2051,A
1-PB2,544,1,2,0,2086,2089,C
1-PB2,545,2091,0,0,1,2092,A
1-PB2,546,2118,1,0,0,2119,A
1-PB2,547,0,2087,1,4,2092,T
1-PB2,548,1,2095,0,1,2097,T
1-PB2,549,2108,1,0,0,2109,A
1-PB2,550,2118,1,1,0,2120,A
1-PB2,551,0,0,0,2133,2133,C
1-PB2,552,2114,0,1,0,2115,A
1-PB2,553,2091,1,0,0,2092,A
1-PB2,554,0,2118,0,1,2119,T
1-PB2,555,2108,0,3,0,2111,A
1-PB2,556,2115,0,0,1,2116,A
1-PB2,557,0,0,0,2106,2106,C
1-PB2,558,0,2098,0,0,2098,T
1-PB2,559,2098,0,0,0,2098,A
1-PB2,560,2083,0,2,0,2085,A
1-PB2,561,2084,0,1,1,2086,A
1-PB2,562,0,1,2090,0,2091,G
1-PB2,563,2043,0,3,0,2046,A
1-PB2,564,1,0,2065,0,2066,G
1-PB2,565,2048,1,1,1,2051,A
1-PB2,566,2053,0,1,0,2054,A
1-PB2,567,2057,0,0,0,2057,A
1-PB2,568,2054,0,3,0,2057,A
1-PB2,569,2068,0,1,1,2070,A
1-PB2,570,2067,0,0,0,2067,A
1-PB2,571,1,1,2066,0,2068,G
1-PB2,572,2062,0,2,0,2064,A
1-PB2,573,2055,0,4,0,2059,A
1-PB2,574,0,1,2063,0,2064,G
1-PB2,575,2065,0,5,0,2070,A
1-PB2,576,2071,1,1,1,2074,A
1-PB2,577,1,0,0,2095,2096,C
1-PB2,578,0,2061,1,0,2062,T
1-PB2,579,2,0,1,2072,2075,C
1-PB2,580,2,2,0,2072,2076,C
1-PB2,581,1,2,2078,0,2081,G
1-PB2,582,2076,0,1,0,2077,A
1-PB2,583,0,0,2084,0,2084,G
1-PB2,584,2073,0,0,0,2073,A
1-PB2,585,0,2061,0,2,2063,T
1-PB2,586,0,2049,0,1,2050,T
1-PB2,587,3,0,2051,0,2054,G
1-PB2,588,0,0,0,2049,2049,C
1-PB2,589,2054,0,0,0,2054,A
1-PB2,590,2052,1,1,0,2054,A
1-PB2,591,2051,1,0,0,2052,A
1-PB2,592,2065,0,3,0,2068,A
1-PB2,593,0,2064,0,4,2068,T
1-PB2,594,0,2060,0,0,2060,T
1-PB2,595,0,2056,0,2,2058,T
1-PB2,596,2,0,0,2049,2051,C
1-PB2,597,0,2034,0,15,2049,T
1-PB2,598,4,0,0,2249,2253,C
1-PB2,599,1,1,0,2246,2248,C
1-PB2,600,2,0,0,2538,2540,C
1-PB2,601,2,2507,0,2,2511,T
1-PB2,602,1,2562,0,1,2564,T
1-PB2,603,0,0,2572,0,2572,G
1-PB2,604,2584,0,1,0,2585,A
1-PB2,605,1,2643,0,1,2645,T
1-PB2,606,0,4,2695,0,2699,G
1-PB2,607,0,0,3132,0,3132,G
1-PB2,608,0,3209,0,1,3210,T
1-PB2,609,1,3195,0,3,3199,T
1-PB2,610,0,1,3564,0,3565,G
1-PB2,611,0,3,0,3582,3585,C
1-PB2,612,3693,1,1,0,3695,A
1-PB2,613,0,3693,0,3,3696,T
1-PB2,614,3740,0,0,11,3751,A
1-PB2,615,0,3,0,3957,3960,C
1-PB2,616,4558,0,1,6,4565,A
1-PB2,617,1,4656,0,2,4659,T
1-PB2,618,2,2,4941,0,4945,G
1-PB2,619,0,4913,0,5,4918,T
1-PB2,620,0,4922,1,0,4923,T
1-PB2,621,4914,0,0,0,4914,A
1-PB2,622,0,4,4912,0,4916,G
1-PB2,623,4967,1,3,0,4971,A
1-PB2,624,0,8,5065,0,5073,G
1-PB2,625,4931,0,3,0,4934,A
1-PB2,626,0,5,4945,0,4950,G
1-PB2,627,4897,1,7,0,4905,A
1-PB2,628,37,2,4908,0,4947,G
1-PB2,629,4957,1,3,0,4961,A
1-PB2,630,4959,0,27,0,4986,A
1-PB2,631,1,3,0,5019,5023,C
1-PB2,632,0,4987,1,4,4992,T
1-PB2,633,1,4993,0,1,4995,T
1-PB2,634,0,1,4998,0,4999,G
1-PB2,635,1,4997,1,1,5000,T
1-PB2,636,5002,0,5,1,5008,A
1-PB2,637,0,2,0,4978,4980,C
1-PB2,638,1,8,4989,1,4999,G
1-PB2,639,5017,1,0,0,5018,A
1-PB2,640,4999,0,1,0,5000,A
1-PB2,641,5062,0,0,0,5062,A
1-PB2,642,5061,1,0,0,5062,A
1-PB2,643,5061,1,4,1,5067,A
1-PB2,644,1,2,1,5077,5081,C
1-PB2,645,5079,1,1,0,5081,A
1-PB2,646,5087,2,3,0,5092,A
1-PB2,647,1,4,5114,0,5119,G
1-PB2,648,5130,0,3,0,5133,A
1-PB2,649,2,5135,0,2,5139,T
1-PB2,650,0,5114,0,0,5114,T
1-PB2,651,1,5134,0,6,5141,T
1-PB2,652,1,0,1,5161,5163,C
1-PB2,653,0,5167,1,3,5171,T
1-PB2,654,7,0,1,5171,5179,C
1-PB2,655,5,1,1,5172,5179,C
1-PB2,656,1,1,0,5192,5194,C
1-PB2,657,5194,0,0,0,5194,A
1-PB2,658,1,1,5247,0,5249,G
1-PB2,659,1,5252,0,2,5255,T
1-PB2,660,0,5235,0,2,5237,T
1-PB2,661,2,1,5230,2,5235,G
1-PB2,662,1,0,1,5224,5226,C
1-PB2,663,0,5227,0,4,5231,T
1-PB2,664,22,2,5234,0,5258,G
1-PB2,665,1,2,5245,2,5250,G
1-PB2,666,2,7,1,5231,5241,C
1-PB2,667,1,4,5239,1,5245,G
1-PB2,668,1,7,5312,1,5321,G
1-PB2,669,5354,2,2,0,5358,A
1-PB2,670,5355,1,6,0,5362,A
1-PB2,671,2,1,0,5365,5368,C
1-PB2,672,5397,0,0,1,5398,A
1-PB2,673,5407,0,5,0,5412,A
1-PB2,674,2,0,5697,0,5699,G
1-PB2,675,2,13,0,5806,5821,C
1-PB2,676,5873,0,5,0,5878,A
1-PB2,677,3,1,7362,1,7367,G
1-PB2,678,0,7365,0,1,7366,T
1-PB2,679,7409,0,7,0,7416,A
1-PB2,680,0,7423,0,2,7425,T
1-PB2,681,7454,0,4,0,7458,A
1-PB2,682,1,7457,0,2,7460,T
1-PB2,683,7355,1,2,0,7358,A
1-PB2,684,0,1,0,7440,7441,C
1-PB2,685,7126,1,2,0,7129,A
1-PB2,686,0,6805,0,1,6806,T
1-PB2,687,0,6601,0,0,6601,T
1-PB2,688,3,4,6603,0,6610,G
1-PB2,689,6607,1,1,0,6609,A
1-PB2,690,6594,1,1,0,6596,A
1-PB2,691,0,0,6697,0,6697,G
1-PB2,692,1,6665,1,2,6669,T
1-PB2,693,0,6607,1,2,6610,T
1-PB2,694,0,6630,0,3,6633,T
1-PB2,695,1,6633,0,4,6638,T
1-PB2,696,6709,2,8,1,6720,A
1-PB2,697,1,3,1,6760,6765,C
1-PB2,698,6775,1,1,0,6777,A
1-PB2,699,2,6760,0,5,6767,T
1-PB2,700,0,6722,1,1,6724,T
1-PB2,701,1,6729,0,1,6731,T
1-PB2,702,1,11,6804,0,6816,G
1-PB2,703,6838,1,3,0,6842,A
1-PB2,704,2,2,0,6860,6864,C
1-PB2,705,1,6820,0,2,6823,T
1-PB2,706,7,1,1,6822,6831,C
1-PB2,707,6813,0,2,0,6815,A
1-PB2,708,3,7,6753,1,6764,G
1-PB2,709,2,4,6924,1,6931,G
1-PB2,710,2,6,6951,0,6959,G
1-PB2,711,6983,2,2,0,6987,A
1-PB2,712,6988,1,5,0,6994,A
1-PB2,713,2,3,1,7000,7006,C
1-PB2,714,2,1,7070,0,7073,G
1-PB2,715,0,7070,0,2,7072,T
1-PB2,716,1,0,7122,0,7123,G
1-PB2,717,0,7069,1,4,7074,T
1-PB2,718,1,7061,0,1,7063,T
1-PB2,719,3,10,7081,0,7094,G
1-PB2,720,2,5,7071,1,7079,G
1-PB2,721,4,6,7168,0,7178,G
1-PB2,722,7135,1,5,0,7141,A
1-PB2,723,7119,3,3,1,7126,A
1-PB2,724,1,3,2,7342,7348,C
1-PB2,725,7324,1,1,0,7326,A
1-PB2,726,7524,1,5,0,7530,A
1-PB2,727,7548,4,2,1,7555,A
1-PB2,728,0,7615,0,1,7616,T
1-PB2,729,2,3,7703,2,7710,G
1-PB2,730,1,7652,0,3,7656,T
1-PB2,731,7661,0,4,0,7665,A
1-PB2,732,3,2,0,7673,7678,C
1-PB2,733,7519,1,6,2,7528,A
1-PB2,734,0,2,0,7521,7523,C
1-PB2,735,5,7290,2,8,7305,T
1-PB2,736,4,1,0,7953,7958,C
1-PB2,737,6,2,0,7959,7967,C
1-PB2,738,8102,1,6,0,8109,A
1-PB2,739,3,1,8169,0,8173,G
1-PB2,740,2,2,8336,0,8340,G
1-PB2,741,2,8300,0,3,8305,T
1-PB2,742,3,8,8313,2,8326,G
1-PB2,743,1,5,8104,0,8110,G
1-PB2,744,8017,2,15,0,8034,A
1-PB2,745,2,2,8054,0,8058,G
1-PB2,746,1,6,8058,0,8065,G
1-PB2,747,7979,2,6,1,7988,A
1-PB2,748,1,0,8070,0,8071,G
1-PB2,749,1,7917,1,1,7920,T
1-PB2,750,0,1,7955,1,7957,G
1-PB2,751,7951,0,6,0,7957,A
1-PB2,752,2,2,7993,1,7998,G
1-PB2,753,5,12,8017,1,8035,G
1-PB2,754,7987,2,3,0,7992,A
1-PB2,755,8016,0,5,0,8021,A
1-PB2,756,0,8022,0,0,8022,T
1-PB2,757,0,5,7983,0,7988,G
1-PB2,758,7982,1,9,1,7993,A
1-PB2,759,0,6,0,7954,7960,C
1-PB2,760,1,1,7962,0,7964,G
1-PB2,761,8086,2,1,1,8090,A
1-PB2,762,0,8015,0,2,8017,T
1-PB2,763,2,1,8065,0,8068,G
1-PB2,764,0,8040,2,7,8049,T
1-PB2,765,1,7992,0,3,7996,T
1-PB2,766,2,6,8034,2,8044,G
1-PB2,767,8047,3,8,0,8058,A
1-PB2,768,2,2,0,8041,8045,C
1-PB2,769,4,2,1,8039,8046,C
1-PB2,770,7961,2,2,0,7965,A
1-PB2,771,7976,0,0,0,7976,A
1-PB2,772,7999,0,11,0,8010,A
1-PB2,773,1,2,8222,1,8226,G
1-PB2,774,4,1,1,8225,8231,C
1-PB2,775,3,0,1,8201,8205,C
1-PB2,776,0,8277,1,2,8280,T
1-PB2,777,8289,1,2,1,8293,A
1-PB2,778,8290,1,5,1,8297,A
1-PB2,779,1,8319,0,1,8321,T
1-PB2,780,0,8303,0,3,8306,T
1-PB2,781,8229,0,0,0,8229,A
1-PB2,782,1,8037,1,4,8043,T
1-PB2,783,1,8027,1,1,8030,T
1-PB2,784,1,1,7990,0,7992,G
1-PB2,785,1,5,0,7978,7984,C
1-PB2,786,0,5,7978,2,7985,G
1-PB2,787,3,2,8144,0,8149,G
1-PB2,788,4,1,1,8136,8142,C
1-PB2,789,7,3,1,8180,8191,C
1-PB2,790,8193,1,2,0,8196,A
1-PB2,791,0,4,8267,0,8271,G
1-PB2,792,0,6,8321,2,8329,G
1-PB2,793,8344,0,9,1,8354,A
1-PB2,794,8394,0,10,0,8404,A
1-PB2,795,1,2,0,8455,8458,C
1-PB2,796,8360,1,1,0,8362,A
1-PB2,797,4,8508,0,5,8517,T
1-PB2,798,8604,0,5,1,8610,A
1-PB2,799,2,1,8692,1,8696,G
1-PB2,800,3,8576,0,1,8580,T
1-PB2,801,8528,0,4,2,8534,A
1-PB2,802,8506,2,4,1,8513,A
1-PB2,803,0,3,8533,1,8537,G
1-PB2,804,8490,1,2,0,8493,A
1-PB2,805,8367,0,1,0,8368,A
1-PB2,806,2,6,8322,0,8330,G
1-PB2,807,8068,0,12,1,8081,A
1-PB2,808,2,1,8086,1,8090,G
1-PB2,809,3,2,0,8083,8088,C
1-PB2,810,0,1,0,8086,8087,C
1-PB2,811,4,1,8101,0,8106,G
1-PB2,812,3,2,0,8178,8183,C
1-PB2,813,8201,3,2,1,8207,A
1-PB2,814,1,2,8757,1,8761,G
1-PB2,815,1,8748,0,1,8750,T
1-PB2,816,8768,0,1,1,8770,A
1-PB2,817,1,8715,2,1,8719,T
1-PB2,818,6,5,1,8777,8789,C
1-PB2,819,8775,3,10,0,8788,A
1-PB2,820,4,3,8793,1,8801,G
1-PB2,821,1,1,0,8791,8793,C
1-PB2,822,8443,0,3,1,8447,A
1-PB2,823,0,6,8314,0,8320,G
1-PB2,824,8362,1,2,1,8366,A
1-PB2,825,2,8325,1,3,8331,T
1-PB2,826,4,0,0,8388,8392,C
1-PB2,827,11,0,0,8403,8414,C
1-PB2,828,8422,0,5,0,8427,A
1-PB2,829,0,2,0,8435,8437,C
1-PB2,830,1,8406,0,2,8409,T
1-PB2,831,8437,0,3,0,8440,A
1-PB2,832,0,1,8421,0,8422,G
1-PB2,833,4,2,0,8341,8347,C
1-PB2,834,8340,1,4,0,8345,A
1-PB2,835,1,8392,0,1,8394,T
1-PB2,836,5,0,0,8525,8530,C
1-PB2,837,0,8484,0,4,8488,T
1-PB2,838,0,8627,1,2,8630,T
1-PB2,839,0,8663,0,2,8665,T
1-PB2,840,8651,1,0,2,8654,A
1-PB2,841,0,8665,0,0,8665,T
1-PB2,842,0,8637,0,7,8644,T
1-PB2,843,0,4,8621,1,8626,G
1-PB2,844,2,5,8613,0,8620,G
1-PB2,845,8443,2,4,0,8449,A
1-PB2,846,0,8,8468,0,8476,G
1-PB2,847,8421,0,2,1,8424,A
1-PB2,848,0,8393,0,1,8394,T
1-PB2,849,3,0,8604,0,8607,G
1-PB2,850,0,8558,1,10,8569,T
1-PB2,851,2,0,8548,0,8550,G
1-PB2,852,3,8480,1,18,8502,T
1-PB2,853,9,1,0,8530,8540,C
1-PB2,854,8555,2,4,0,8561,A
1-PB2,855,1,1,0,8567,8569,C
1-PB2,856,8425,1,12,2,8440,A
1-PB2,857,1,1,8517,1,8520,G
1-PB2,858,2,1,1,8298,8302,C
1-PB2,859,8281,1,7,0,8289,A
1-PB2,860,2,4,1,8281,8288,C
1-PB2,861,8279,0,5,0,8284,A
1-PB2,862,1,0,0,8329,8330,C
1-PB2,863,8320,0,2,0,8322,A
1-PB2,864,8338,0,4,0,8342,A
1-PB2,865,8326,1,3,0,8330,A
1-PB2,866,1,8192,1,2,8196,T
1-PB2,867,3,8185,0,4,8192,T
1-PB2,868,5,2,8179,1,8187,G
1-PB2,869,4,1,8149,0,8154,G
1-PB2,870,2,5,0,8153,8160,C
1-PB2,871,2,6,8081,0,8089,G
1-PB2,872,1,1,8254,0,8256,G
1-PB2,873,2,7,8321,0,8330,G
1-PB2,874,8325,4,5,0,8334,A
1-PB2,875,2,6,1,8337,8346,C
1-PB2,876,8339,2,8,3,8352,A
1-PB2,877,8368,1,7,0,8376,A
1-PB2,878,1,7,8442,0,8450,G
1-PB2,879,69,7,8364,2,8442,G
1-PB2,880,8488,0,11,0,8499,A
1-PB2,881,3,8146,0,1,8150,T
1-PB2,882,1,8,8032,0,8041,G
1-PB2,883,1,2,8096,0,8099,G
1-PB2,884,2,8027,1,2,8032,T
1-PB2,885,2,4,8024,1,8031,G
1-PB2,886,2,7,7987,0,7996,G
1-PB2,887,7885,3,6,0,7894,A
1-PB2,888,2,3,0,7883,7888,C
1-PB2,889,7788,1,3,0,7792,A
1-PB2,890,0,8894,0,0,8894,T
1-PB2,891,0,8864,0,2,8866,T
1-PB2,892,6,1,0,8909,8916,C
1-PB2,893,2,8853,0,2,8857,T
1-PB2,894,0,8849,0,2,8851,T
1-PB2,895,8861,2,3,0,8866,A
1-PB2,896,99,1,8794,1,8895,G
1-PB2,897,8871,3,3,1,8878,A
1-PB2,898,1,1,0,8883,8885,C
1-PB2,899,7386,1,4,1,7392,A
1-PB2,900,1,2,7503,0,7506,G
1-PB2,901,7449,1,2,2,7454,A
1-PB2,902,7470,1,1,0,7472,A
1-PB2,903,3,2,0,7458,7463,C
1-PB2,904,5,1,0,7433,7439,C
1-PB2,905,9,2,0,7411,7422,C
1-PB2,906,88,6,7338,0,7432,G
1-PB2,907,7444,1,4,1,7450,A
1-PB2,908,1,0,0,7475,7476,C
1-PB2,909,1,7373,0,4,7378,T
1-PB2,910,1,3,7434,0,7438,G
1-PB2,911,7403,3,9,0,7415,A
1-PB2,912,7444,0,11,0,7455,A
1-PB2,913,1,7,7479,0,7487,G
1-PB2,914,7465,2,2,1,7470,A
1-PB2,915,7451,2,5,0,7458,A
1-PB2,916,0,1,0,7442,7443,C
1-PB2,917,7391,1,2,0,7394,A
1-PB2,918,7443,2,6,0,7451,A
1-PB2,919,2,2,7537,0,7541,G
1-PB2,920,4,1,0,7599,7604,C
1-PB2,921,0,7527,0,5,7532,T
1-PB2,922,7,2,7667,1,7677,G
1-PB2,923,1,7650,2,3,7656,T
1-PB2,924,2,4,7803,0,7809,G
1-PB2,925,1,5,8090,0,8096,G
1-PB2,926,8103,2,6,0,8111,A
1-PB2,927,1,8085,1,4,8091,T
1-PB2,928,8000,4,1,0,8005,A
1-PB2,929,0,7903,0,2,7905,T
1-PB2,930,8176,1,6,0,8183,A
1-PB2,931,0,8058,0,4,8062,T
1-PB2,932,1,0,8028,0,8029,G
1-PB2,933,2,5,0,7941,7948,C
1-PB2,934,7637,1,0,1,7639,A
1-PB2,935,7636,1,4,1,7642,A
1-PB2,936,3,5,7608,0,7616,G
1-PB2,937,2,1,7640,0,7643,G
1-PB2,938,1,2,0,7638,7641,C
1-PB2,939,0,7451,0,10,7461,T
1-PB2,940,3,1,7490,0,7494,G
1-PB2,941,0,1,0,7516,7517,C
1-PB2,942,7514,2,1,0,7517,A
1-PB2,943,7531,1,3,1,7536,A
1-PB2,944,1,7489,1,0,7491,T
1-PB2,945,5,8,7488,0,7501,G
1-PB2,946,1,7,7434,2,7444,G
1-PB2,947,2,7,7460,1,7470,G
1-PB2,948,7459,3,8,0,7470,A
1-PB2,949,3,7420,1,4,7428,T
1-PB2,950,2,7377,1,1,7381,T
1-PB2,951,3,7,7388,0,7398,G
1-PB2,952,7378,0,6,1,7385,A
1-PB2,953,3,1,7468,0,7472,G
1-PB2,954,7395,2,1,0,7398,A
1-PB2,955,7314,0,0,0,7314,A
1-PB2,956,0,7286,0,1,7287,T
1-PB2,957,4,3,0,7302,7309,C
1-PB2,958,7297,1,5,0,7303,A
1-PB2,959,87,0,7256,0,7343,G
1-PB2,960,1,0,0,7323,7324,C
1-PB2,961,1,7255,0,17,7273,T
1-PB2,962,6,1,1,7240,7248,C
1-PB2,963,7258,0,4,0,7262,A
1-PB2,964,3,7412,0,2,7417,T
1-PB2,965,6,3,0,7403,7412,C
1-PB2,966,1,2,2,7470,7475,C
1-PB2,967,0,7404,1,12,7417,T
1-PB2,968,0,7370,1,5,7376,T
1-PB2,969,1,0,0,7388,7389,C
1-PB2,970,7381,1,7,0,7389,A
1-PB2,971,2,1,7482,0,7485,G
1-PB2,972,3,1,0,7464,7468,C
1-PB2,973,2,7317,1,13,7333,T
1-PB2,974,2,7316,1,1,7320,T
1-PB2,975,0,7285,0,3,7288,T
1-PB2,976,4,4,7290,0,7298,G
1-PB2,977,2,1,7303,0,7306,G
1-PB2,978,2,7286,0,8,7296,T
1-PB2,979,1,10,7309,1,7321,G
1-PB2,980,1,1,7293,0,7295,G
1-PB2,981,4,2,7369,0,7375,G
1-PB2,982,0,7321,2,6,7329,T
1-PB2,983,1,7305,0,3,7309,T
1-PB2,984,0,7318,2,3,7323,T
1-PB2,985,7348,1,3,0,7352,A
1-PB2,986,0,1,0,7376,7377,C
1-PB2,987,7387,1,0,0,7388,A
1-PB2,988,1,7354,2,0,7357,T
1-PB2,989,0,7195,0,2,7197,T
1-PB2,990,2,7174,0,1,7177,T
1-PB2,991,7171,0,3,0,7174,A
1-PB2,992,7162,3,1,0,7166,A
1-PB2,993,7171,0,2,3,7176,A
1-PB2,994,7129,1,5,1,7136,A
1-PB2,995,5,5,7181,1,7192,G
1-PB2,996,7158,0,2,0,7160,A
1-PB2,997,7165,1,3,0,7169,A
1-PB2,998,4,0,0,7180,7184,C
1-PB2,999,7147,0,3,1,7151,A
1-PB2,1000,7144,2,13,0,7159,A
1-PB2,1001,1,0,7157,0,7158,G
1-PB2,1002,1,1,1,7167,7170,C
1-PB2,1003,5,6,7151,0,7162,G
1-PB2,1004,3,5,7161,1,7170,G
1-PB2,1005,3,1,7177,0,7181,G
1-PB2,1006,0,7136,0,22,7158,T
1-PB2,1007,5,2,1,7135,7143,C
1-PB2,1008,7168,0,4,2,7174,A
1-PB2,1009,1,7148,0,5,7154,T
1-PB2,1010,6,1,0,7155,7162,C
1-PB2,1011,7124,2,2,0,7128,A
1-PB2,1012,1,1,7229,0,7231,G
1-PB2,1013,0,7150,0,5,7155,T
1-PB2,1014,4,2,0,7132,7138,C
1-PB2,1015,7152,4,2,0,7158,A
1-PB2,1016,7177,1,2,0,7180,A
1-PB2,1017,7179,0,0,1,7180,A
1-PB2,1018,7164,0,2,0,7166,A
1-PB2,1019,7214,0,0,0,7214,A
1-PB2,1020,7198,4,11,0,7213,A
1-PB2,1021,1,2,7237,0,7240,G
1-PB2,1022,7204,1,2,0,7207,A
1-PB2,1023,7194,0,7,2,7203,A
1-PB2,1024,1,1,7201,0,7203,G
1-PB2,1025,7180,0,3,0,7183,A
1-PB2,1026,7039,1,9,1,7050,A
1-PB2,1027,0,3,7044,0,7047,G
1-PB2,1028,7020,0,7,1,7028,A
1-PB2,1029,2,6,7026,0,7034,G
1-PB2,1030,4,3,7161,2,7170,G
1-PB2,1031,0,7148,0,5,7153,T
1-PB2,1032,1,2,7303,1,7307,G
1-PB2,1033,2,5,0,7347,7354,C
1-PB2,1034,1,7331,0,12,7344,T
1-PB2,1035,1,7362,2,4,7369,T
1-PB2,1036,7367,0,3,0,7370,A
1-PB2,1037,2,3,1,7363,7369,C
1-PB2,1038,7277,0,8,1,7286,A
1-PB2,1039,0,5,7290,0,7295,G
1-PB2,1040,1,1,7271,0,7273,G
1-PB2,1041,1,4,1,7152,7158,C
1-PB2,1042,7055,1,3,0,7059,A
1-PB2,1043,7075,1,1,1,7078,A
1-PB2,1044,0,7217,0,5,7222,T
1-PB2,1045,2,1,0,7283,7286,C
1-PB2,1046,0,7255,0,10,7265,T
1-PB2,1047,8,3,1,7252,7264,C
1-PB2,1048,2,0,0,7260,7262,C
1-PB2,1049,7271,1,6,0,7278,A
1-PB2,1050,7261,1,3,0,7265,A
1-PB2,1051,7268,3,6,0,7277,A
1-PB2,1052,2,0,0,7294,7296,C
1-PB2,1053,7080,2,1,0,7083,A
1-PB2,1054,1,7034,4,1,7040,T
1-PB2,1055,3,7020,2,3,7028,T
1-PB2,1056,2,4,7124,0,7130,G
1-PB2,1057,7104,0,4,3,7111,A
1-PB2,1058,7176,0,3,0,7179,A
1-PB2,1059,7212,1,4,0,7217,A
1-PB2,1060,7221,2,1,2,7226,A
1-PB2,1061,2,7236,0,1,7239,T
1-PB2,1062,7234,1,2,0,7237,A
1-PB2,1063,7216,1,5,0,7222,A
1-PB2,1064,88,10,7264,0,7362,G
1-PB2,1065,7228,2,9,1,7240,A
1-PB2,1066,0,4,7493,0,7497,G
1-PB2,1067,3,7376,1,3,7383,T
1-PB2,1068,7421,0,3,1,7425,A
1-PB2,1069,2,3,0,7588,7593,C
1-PB2,1070,7481,0,54,1,7536,A
1-PB2,1071,4,7520,0,0,7524,T
1-PB2,1072,0,4,7540,0,7544,G
1-PB2,1073,7392,0,8,1,7401,A
1-PB2,1074,0,4,7464,0,7468,G
1-PB2,1075,2,8,7476,0,7486,G
1-PB2,1076,2,6,7872,0,7880,G
1-PB2,1077,1,2,7938,0,7941,G
1-PB2,1078,0,7756,2,4,7762,T
1-PB2,1079,7789,3,9,0,7801,A
1-PB2,1080,0,7748,1,3,7752,T
1-PB2,1081,0,2,7786,1,7789,G
1-PB2,1082,7784,1,4,1,7790,A
1-PB2,1083,2,4,7759,0,7765,G
1-PB2,1084,2,3,7685,0,7690,G
1-PB2,1085,7148,2,3,0,7153,A
1-PB2,1086,4,3,7348,0,7355,G
1-PB2,1087,0,7346,1,5,7352,T
1-PB2,1088,2,7566,1,4,7573,T
1-PB2,1089,6,0,0,7625,7631,C
1-PB2,1090,7611,2,11,1,7625,A
1-PB2,1091,3,7,0,7630,7640,C
1-PB2,1092,7613,0,2,0,7615,A
1-PB2,1093,7627,0,5,0,7632,A
1-PB2,1094,2,7611,1,2,7616,T
1-PB2,1095,1,4,7409,0,7414,G
1-PB2,1096,1,1,7475,0,7477,G
1-PB2,1097,2,7241,0,3,7246,T
1-PB2,1098,1,3,7250,2,7256,G
1-PB2,1099,1,14,7255,0,7270,G
1-PB2,1100,1,2,7267,1,7271,G
1-PB2,1101,2,2,7332,3,7339,G
1-PB2,1102,7308,1,3,1,7313,A
1-PB2,1103,7309,0,7,0,7316,A
1-PB2,1104,7296,2,1,0,7299,A
1-PB2,1105,7102,0,55,0,7157,A
1-PB2,1106,1,7,7263,0,7271,G
1-PB2,1107,7195,1,6,1,7203,A
1-PB2,1108,1,0,7215,0,7216,G
1-PB2,1109,4,2,0,7206,7212,C
1-PB2,1110,7176,1,1,0,7178,A
1-PB2,1111,7187,1,6,0,7194,A
1-PB2,1112,1,0,1,7439,7441,C
1-PB2,1113,7434,0,4,0,7438,A
1-PB2,1114,0,2,7560,0,7562,G
1-PB2,1115,0,1,1,7481,7483,C
1-PB2,1116,1,7475,1,1,7478,T
1-PB2,1117,7718,0,1,0,7719,A
1-PB2,1118,0,7704,2,1,7707,T
1-PB2,1119,7748,4,1,0,7753,A
1-PB2,1120,4,1,0,7739,7744,C
1-PB2,1121,1,7373,0,5,7379,T
1-PB2,1122,7441,1,2,0,7444,A
1-PB2,1123,7275,0,4,0,7279,A
1-PB2,1124,2,2,7299,1,7304,G
1-PB2,1125,7279,0,2,1,7282,A
1-PB2,1126,7064,0,1,1,7066,A
1-PB2,1127,7044,1,3,1,7049,A
1-PB2,1128,7004,1,13,0,7018,A
1-PB2,1129,1,1,7037,0,7039,G
1-PB2,1130,0,2,1,7019,7022,C
1-PB2,1131,7002,2,2,1,7007,A
1-PB2,1132,7008,1,10,0,7019,A
1-PB2,1133,1,1,0,7037,7039,C
1-PB2,1134,5,1,0,7029,7035,C
1-PB2,1135,7045,1,6,0,7052,A
1-PB2,1136,1,4,7097,0,7102,G
1-PB2,1137,7077,2,4,1,7084,A
1-PB2,1138,7068,1,6,0,7075,A
1-PB2,1139,1,2,7141,0,7144,G
1-PB2,1140,7119,1,1,0,7121,A
1-PB2,1141,0,7098,0,2,7100,T
1-PB2,1142,2,7061,2,4,7069,T
1-PB2,1143,4,3,7074,0,7081,G
1-PB2,1144,1,1,7222,3,7227,G
1-PB2,1145,0,7187,0,7,7194,T
1-PB2,1146,0,7178,0,4,7182,T
1-PB2,1147,8,1,0,7181,7190,C
1-PB2,1148,7280,1,10,1,7292,A
1-PB2,1149,2,3,7591,0,7596,G
1-PB2,1150,0,0,1,7659,7660,C
1-PB2,1151,2,7640,0,8,7650,T
1-PB2,1152,6,3,1,7693,7703,C
1-PB2,1153,7584,0,6,0,7590,A
1-PB2,1154,1,7606,1,6,7614,T
1-PB2,1155,7582,4,36,0,7622,A
1-PB2,1156,2,1,7663,0,7666,G
1-PB2,1157,2,7280,4,3,7289,T
1-PB2,1158,1,5,7321,0,7327,G
1-PB2,1159,7071,2,0,1,7074,A
1-PB2,1160,3,0,7188,0,7191,G
1-PB2,1161,0,7131,0,2,7133,T
1-PB2,1162,2,3,7110,0,7115,G
1-PB2,1163,2,5,7167,1,7175,G
1-PB2,1164,7163,1,4,0,7168,A
1-PB2,1165,7108,0,13,1,7122,A
1-PB2,1166,1,7,7154,1,7163,G
1-PB2,1167,7046,3,4,2,7055,A
1-PB2,1168,0,4,7084,0,7088,G
1-PB2,1169,7006,2,7,0,7015,A
1-PB2,1170,2,2,1,7008,7013,C
1-PB2,1171,5,10,7013,0,7028,G
1-PB2,1172,6947,1,2,0,6950,A
1-PB2,1173,6965,1,11,1,6978,A
1-PB2,1174,2,1,0,6981,6984,C
1-PB2,1175,6908,1,4,0,6913,A
1-PB2,1176,2,2,7329,1,7334,G
1-PB2,1177,0,7280,1,8,7289,T
1-PB2,1178,9,1,0,7285,7295,C
1-PB2,1179,7303,0,4,1,7308,A
1-PB2,1180,7299,1,3,0,7303,A
1-PB2,1181,1,7295,1,2,7299,T
1-PB2,1182,7283,0,5,0,7288,A
1-PB2,1183,1,3,7285,0,7289,G
1-PB2,1184,3,3,0,7247,7253,C
1-PB2,1185,4,3,0,6987,6994,C
1-PB2,1186,2,2,6961,0,6965,G
1-PB2,1187,6969,0,1,1,6971,A
1-PB2,1188,6982,1,5,1,6989,A
1-PB2,1189,1,3,7054,0,7058,G
1-PB2,1190,2,1,0,7214,7217,C
1-PB2,1191,7200,3,6,2,7211,A
1-PB2,1192,7214,1,2,1,7218,A
1-PB2,1193,0,7214,0,5,7219,T
1-PB2,1194,7237,2,5,0,7244,A
1-PB2,1195,7300,2,1,0,7303,A
1-PB2,1196,3,7296,1,2,7302,T
1-PB2,1197,4,0,0,7237,7241,C
1-PB2,1198,2,4,7194,0,7200,G
1-PB2,1199,2,7005,2,4,7013,T
1-PB2,1200,2,2,6982,0,6986,G
1-PB2,1201,2,1,7053,0,7056,G
1-PB2,1202,3,2,0,7042,7047,C
1-PB2,1203,4,2,0,7038,7044,C
1-PB2,1204,6999,0,4,3,7006,A
1-PB2,1205,1,6993,2,7,7003,T
1-PB2,1206,2,5,6993,1,7001,G
1-PB2,1207,1,1,7113,0,7115,G
1-PB2,1208,0,7081,2,1,7084,T
1-PB2,1209,3,1,7126,1,7131,G
1-PB2,1210,2,6879,4,2,6887,T
1-PB2,1211,0,6919,1,4,6924,T
1-PB2,1212,0,6925,0,2,6927,T
1-PB2,1213,2,6944,2,5,6953,T
1-PB2,1214,2,1,1,7027,7031,C
1-PB2,1215,6981,2,16,0,6999,A
1-PB2,1216,0,3,0,7223,7226,C
1-PB2,1217,7048,1,2,2,7053,A
1-PB2,1218,7052,0,1,1,7054,A
1-PB2,1219,2,3,7066,0,7071,G
1-PB2,1220,6966,0,8,0,6974,A
1-PB2,1221,247,5,6822,2,7076,G
1-PB2,1222,0,5,7074,1,7080,G
1-PB2,1223,6990,0,5,0,6995,A
1-PB2,1224,1,7014,0,2,7017,T
1-PB2,1225,2,6768,1,0,6771,T
1-PB2,1226,0,4,6755,1,6760,G
1-PB2,1227,1,2,0,6607,6610,C
1-PB2,1228,6654,4,2,0,6660,A
1-PB2,1229,1,6699,0,5,6705,T
1-PB2,1230,1,4,6917,0,6922,G
1-PB2,1231,6972,1,4,3,6980,A
1-PB2,1232,1,7002,0,2,7005,T
1-PB2,1233,6972,0,2,0,6974,A
1-PB2,1234,6958,0,2,2,6962,A
1-PB2,1235,6947,1,1,1,6950,A
1-PB2,1236,6958,0,6,2,6966,A
1-PB2,1237,1,3,6976,0,6980,G
1-PB2,1238,1,2,0,7141,7144,C
1-PB2,1239,7209,1,4,1,7215,A
1-PB2,1240,1,4,7411,0,7416,G
1-PB2,1241,0,7386,0,5,7391,T
1-PB2,1242,1,7396,0,3,7400,T
1-PB2,1243,7386,3,4,1,7394,A
1-PB2,1244,4,2,7407,0,7413,G
1-PB2,1245,7349,1,12,2,7364,A
1-PB2,1246,1,7,7365,0,7373,G
1-PB2,1247,1,1,7347,1,7350,G
1-PB2,1248,3,6989,2,4,6998,T
1-PB2,1249,1,7,6998,1,7007,G
1-PB2,1250,7034,0,5,0,7039,A
1-PB2,1251,2,3,1,7048,7054,C
1-PB2,1252,6,2,0,7061,7069,C
1-PB2,1253,1,7033,0,4,7038,T
1-PB2,1254,2,5,7085,0,7092,G
1-PB2,1255,7068,4,1,0,7073,A
1-PB2,1256,7076,0,2,0,7078,A
1-PB2,1257,0,7054,2,3,7059,T
1-PB2,1258,1,7123,1,3,7128,T
1-PB2,1259,0,7147,0,2,7149,T
1-PB2,1260,4,4,1,7132,7141,C
1-PB2,1261,3,1,7142,1,7147,G
1-PB2,1262,3,7132,0,11,7146,T
1-PB2,1263,4,2,0,7148,7154,C
1-PB2,1264,7139,0,2,1,7142,A
1-PB2,1265,7157,3,1,0,7161,A
1-PB2,1266,2,0,0,7154,7156,C
1-PB2,1267,7059,0,0,0,7059,A
1-PB2,1268,1,6,7147,1,7155,G
1-PB2,1269,7116,1,8,0,7125,A
1-PB2,1270,2,0,7143,1,7146,G
1-PB2,1271,0,3,0,7157,7160,C
1-PB2,1272,7138,0,0,0,7138,A
1-PB2,1273,7232,0,2,0,7234,A
1-PB2,1274,7222,1,1,0,7224,A
1-PB2,1275,2,7208,1,2,7213,T
1-PB2,1276,4,0,0,7238,7242,C
1-PB2,1277,7156,2,3,0,7161,A
1-PB2,1278,3,4,7154,0,7161,G
1-PB2,1279,2,3,0,7179,7184,C
1-PB2,1280,2,8,7169,0,7179,G
1-PB2,1281,0,1,7607,0,7608,G
1-PB2,1282,1,7546,0,9,7556,T
1-PB2,1283,1,7556,0,3,7560,T
1-PB2,1284,2,6,7561,0,7569,G
1-PB2,1285,7576,4,2,0,7582,A
1-PB2,1286,7642,0,7,0,7649,A
1-PB2,1287,1,2,0,7691,7694,C
1-PB2,1288,7,6,0,7605,7618,C
1-PB2,1289,9,4,3,7656,7672,C
1-PB2,1290,12,1,1,7365,7379,C
1-PB2,1291,7413,1,6,0,7420,A
1-PB2,1292,3,7443,1,3,7450,T
1-PB2,1293,4,1,7449,0,7454,G
1-PB2,1294,3,3,0,7466,7472,C
1-PB2,1295,7417,0,7,0,7424,A
1-PB2,1296,1,7363,0,9,7373,T
1-PB2,1297,2,0,1,7342,7345,C
1-PB2,1298,7289,0,0,0,7289,A
1-PB2,1299,2,1,7408,1,7412,G
1-PB2,1300,0,1,0,7432,7433,C
1-PB2,1301,2,7389,0,14,7405,T
1-PB2,1302,0,7413,0,2,7415,T
1-PB2,1303,0,7393,1,1,7395,T
1-PB2,1304,0,7400,3,0,7403,T
1-PB2,1305,7406,1,3,0,7410,A
1-PB2,1306,7389,1,3,2,7395,A
1-PB2,1307,1,4,7388,1,7394,G
1-PB2,1308,2,1,7346,0,7349,G
1-PB2,1309,1,2,0,7295,7298,C
1-PB2,1310,7255,0,3,0,7258,A
1-PB2,1311,4,7238,0,2,7244,T
1-PB2,1312,4,7285,0,1,7290,T
1-PB2,1313,1,7283,1,1,7286,T
1-PB2,1314,1,7318,0,3,7322,T
1-PB2,1315,7,0,0,7341,7348,C
1-PB2,1316,7327,3,5,0,7335,A
1-PB2,1317,0,4,7332,0,7336,G
1-PB2,1318,7296,0,5,1,7302,A
1-PB2,1319,7307,0,2,0,7309,A
1-PB2,1320,7289,0,3,0,7292,A
1-PB2,1321,0,3,7306,0,7309,G
1-PB2,1322,7378,0,3,0,7381,A
1-PB2,1323,0,7363,1,7,7371,T
1-PB2,1324,1,4,7360,0,7365,G
1-PB2,1325,2,1,0,7380,7383,C
1-PB2,1326,124,7,7260,0,7391,G
1-PB2,1327,7396,1,5,0,7402,A
1-PB2,1328,7400,0,3,0,7403,A
1-PB2,1329,7386,2,1,1,7390,A
1-PB2,1330,1,1,7398,0,7400,G
1-PB2,1331,0,7290,1,3,7294,T
1-PB2,1332,5,4,7281,0,7290,G
1-PB2,1333,1,3,0,7279,7283,C
1-PB2,1334,1,7258,3,6,7268,T
1-PB2,1335,3,7284,0,0,7287,T
1-PB2,1336,2,7270,0,7,7279,T
1-PB2,1337,2,7285,2,3,7292,T
1-PB2,1338,2,7286,2,3,7293,T
1-PB2,1339,3,0,2,7286,7291,C
1-PB2,1340,7300,0,1,0,7301,A
1-PB2,1341,7316,1,2,0,7319,A
1-PB2,1342,7312,0,4,0,7316,A
1-PB2,1343,7349,0,3,0,7352,A
1-PB2,1344,0,7329,5,0,7334,T
1-PB2,1345,1,7343,1,2,7347,T
1-PB2,1346,2,10,7344,0,7356,G
1-PB2,1347,2,6,7334,0,7342,G
1-PB2,1348,5,5,7321,1,7332,G
1-PB2,1349,3,4,7415,0,7422,G
1-PB2,1350,7366,3,4,1,7374,A
1-PB2,1351,4,1,7429,0,7434,G
1-PB2,1352,0,7413,2,5,7420,T
1-PB2,1353,1,7387,0,2,7390,T
1-PB2,1354,0,9,7437,2,7448,G
1-PB2,1355,7437,2,5,0,7444,A
1-PB2,1356,7463,0,8,1,7472,A
1-PB2,1357,3,1,1,7441,7446,C
1-PB2,1358,7374,2,0,5,7381,A
1-PB2,1359,7328,2,1,4,7335,A
1-PB2,1360,7509,1,1,0,7511,A
1-PB2,1361,2,7497,0,2,7501,T
1-PB2,1362,8,3,1,7521,7533,C
1-PB2,1363,3,9,7501,0,7513,G
1-PB2,1364,7538,2,6,0,7546,A
1-PB2,1365,2,3,0,7515,7520,C
1-PB2,1366,7413,1,2,0,7416,A
1-PB2,1367,4,3,7671,0,7678,G
1-PB2,1368,3,7583,1,7,7594,T
1-PB2,1369,0,1,7710,0,7711,G
1-PB2,1370,3,7681,2,7,7693,T
1-PB2,1371,1,2,7726,1,7730,G
1-PB2,1372,7722,2,10,0,7734,A
1-PB2,1373,0,7697,2,0,7699,T
1-PB2,1374,3,4,7694,0,7701,G
1-PB2,1375,1,4,7686,2,7693,G
1-PB2,1376,4,7,7529,1,7541,G
1-PB2,1377,7479,0,5,0,7484,A
1-PB2,1378,7412,3,5,1,7421,A
1-PB2,1379,0,7441,2,2,7445,T
1-PB2,1380,1,3,7500,1,7505,G
1-PB2,1381,7528,0,2,0,7530,A
1-PB2,1382,2,7518,2,1,7523,T
1-PB2,1383,3,7505,0,2,7510,T
1-PB2,1384,3,2,7461,0,7466,G
1-PB2,1385,3,9,7644,0,7656,G
1-PB2,1386,7607,0,14,1,7622,A
1-PB2,1387,0,1,7723,1,7725,G
1-PB2,1388,0,7646,0,2,7648,T
1-PB2,1389,7596,1,1,0,7598,A
1-PB2,1390,0,7622,0,4,7626,T
1-PB2,1391,1,7681,0,2,7684,T
1-PB2,1392,7778,3,8,1,7790,A
1-PB2,1393,1,21,0,7758,7780,C
1-PB2,1394,5,1,0,7640,7646,C
1-PB2,1395,7562,3,1,0,7566,A
1-PB2,1396,1,0,7599,0,7600,G
1-PB2,1397,7746,2,1,1,7750,A
1-PB2,1398,0,7669,2,3,7674,T
1-PB2,1399,7603,2,4,1,7610,A
1-PB2,1400,4,7526,1,5,7536,T
1-PB2,1401,2,7,7480,0,7489,G
1-PB2,1402,7516,1,7,1,7525,A
1-PB2,1403,0,5,0,7569,7574,C
1-PB2,1404,2,7505,1,20,7528,T
1-PB2,1405,7,0,0,7508,7515,C
1-PB2,1406,6,1,2,7391,7400,C
1-PB2,1407,7419,2,3,1,7425,A
1-PB2,1408,7449,3,6,1,7459,A
1-PB2,1409,1,2,7636,0,7639,G
1-PB2,1410,3,2,0,7589,7594,C
1-PB2,1411,7582,0,5,0,7587,A
1-PB2,1412,2,1,1,7568,7572,C
1-PB2,1413,7492,2,3,0,7497,A
1-PB2,1414,0,2,7518,1,7521,G
1-PB2,1415,7488,1,1,0,7490,A
1-PB2,1416,0,3,7535,1,7539,G
1-PB2,1417,7542,0,5,0,7547,A
1-PB2,1418,1,7300,0,7,7308,T
1-PB2,1419,4,1,7424,1,7430,G
1-PB2,1420,1,7391,0,12,7404,T
1-PB2,1421,2,3,0,7370,7375,C
1-PB2,1422,7397,2,6,0,7405,A
1-PB2,1423,7381,0,5,0,7386,A
1-PB2,1424,1,7366,2,2,7371,T
1-PB2,1425,1,5,7352,1,7359,G
1-PB2,1426,7228,3,3,0,7234,A
1-PB2,1427,1,4,7259,0,7264,G
1-PB2,1428,7130,1,7,0,7138,A
1-PB2,1429,1,3,7168,2,7174,G
1-PB2,1430,1,5,7506,0,7512,G
1-PB2,1431,7504,2,2,1,7509,A
1-PB2,1432,7530,1,2,0,7533,A
1-PB2,1433,0,7520,0,1,7521,T
1-PB2,1434,7522,0,3,0,7525,A
1-PB2,1435,7521,1,6,1,7529,A
1-PB2,1436,2,3,7513,1,7519,G
1-PB2,1437,7469,1,9,0,7479,A
1-PB2,1438,1,2,7487,0,7490,G
1-PB2,1439,1,7007,1,2,7011,T
1-PB2,1440,8,8,1,7007,7024,C
1-PB2,1441,7021,1,9,1,7032,A
1-PB2,1442,3,3,7068,0,7074,G
1-PB2,1443,1,1,0,7093,7095,C
1-PB2,1444,7094,1,1,0,7096,A
1-PB2,1445,7108,2,4,0,7114,A
1-PB2,1446,7067,2,2,0,7071,A
1-PB2,1447,7080,1,3,1,7085,A
1-PB2,1448,1,7075,1,0,7077,T
1-PB2,1449,2,9,7067,1,7079,G
1-PB2,1450,1,7,7068,0,7076,G
1-PB2,1451,2,3,7118,0,7123,G
1-PB2,1452,1,7030,4,2,7037,T
1-PB2,1453,3,2,7045,0,7050,G
1-PB2,1454,1,7010,0,1,7012,T
1-PB2,1455,3,2,7036,0,7041,G
1-PB2,1456,0,4,7153,0,7157,G
1-PB2,1457,7158,1,4,0,7163,A
1-PB2,1458,1,7106,0,6,7113,T
1-PB2,1459,1,4,7173,2,7180,G
1-PB2,1460,7129,0,1,0,7130,A
1-PB2,1461,7161,1,5,0,7167,A
1-PB2,1462,0,7141,0,2,7143,T
1-PB2,1463,7095,1,0,2,7098,A
1-PB2,1464,3,5,0,7593,7601,C
1-PB2,1465,2,7412,2,9,7425,T
1-PB2,1466,3,2,0,7520,7525,C
1-PB2,1467,5,3,0,7513,7521,C
1-PB2,1468,7485,1,1,0,7487,A
1-PB2,1469,2,3,7713,0,7718,G
1-PB2,1470,0,7663,0,1,7664,T
1-PB2,1471,7722,3,1,0,7726,A
1-PB2,1472,0,0,0,7742,7742,C
1-PB2,1473,6899,0,0,1,6900,A
1-PB2,1474,1,2,6920,0,6923,G
1-PB2,1475,6738,1,3,0,6742,A
1-PB2,1476,2,2,6776,1,6781,G
1-PB2,1477,6569,2,4,0,6575,A
1-PB2,1478,1,4,6312,0,6317,G
1-PB2,1479,3,2,6289,0,6294,G
1-PB2,1480,1,2,6296,0,6299,G
1-PB2,1481,2,6190,10,8,6210,T
1-PB2,1482,0,2,6198,0,6200,G
1-PB2,1483,1,1,6209,0,6211,G
1-PB2,1484,1,6154,0,3,6158,T
1-PB2,1485,0,4,6325,0,6329,G
1-PB2,1486,0,2,6329,0,6331,G
1-PB2,1487,1,6154,1,8,6164,T
1-PB2,1488,0,6162,0,3,6165,T
1-PB2,1489,6084,0,6,0,6090,A
1-PB2,1490,1,1,6128,0,6130,G
1-PB2,1491,0,0,0,6113,6113,C
1-PB2,1492,6085,0,1,1,6087,A
1-PB2,1493,0,6075,0,2,6077,T
1-PB2,1494,0,5695,0,1,5696,T
1-PB2,1495,1,5,5687,1,5694,G
1-PB2,1496,5691,0,2,0,5693,A
1-PB2,1497,0,5681,0,3,5684,T
1-PB2,1498,9,0,1,5678,5688,C
1-PB2,1499,2,5,5637,0,5644,G
1-PB2,1500,4,0,5732,0,5736,G
1-PB2,1501,2,5731,1,1,5735,T
1-PB2,1502,0,5711,0,4,5715,T
1-PB2,1503,0,5721,0,1,5722,T
1-PB2,1504,0,5721,0,2,5723,T
1-PB2,1505,1,5738,0,2,5741,T
1-PB2,1506,0,3,5730,0,5733,G
1-PB2,1507,5707,1,6,0,5714,A
1-PB2,1508,1,5,5734,0,5740,G
1-PB2,1509,5531,0,2,0,5533,A
1-PB2,1510,0,1,5560,0,5561,G
1-PB2,1511,1,5565,0,2,5568,T
1-PB2,1512,2,5534,0,5,5541,T
1-PB2,1513,6,1,0,5556,5563,C
1-PB2,1514,0,6,5566,0,5572,G
1-PB2,1515,5571,0,5,0,5576,A
1-PB2,1516,1,2,5579,0,5582,G
1-PB2,1517,5568,1,8,0,5577,A
1-PB2,1518,2,0,0,5553,5555,C
1-PB2,1519,4,1,0,5496,5501,C
1-PB2,1520,5447,1,2,0,5450,A
1-PB2,1521,5495,0,3,1,5499,A
1-PB2,1522,2,2,0,5497,5501,C
1-PB2,1523,1,2,5510,0,5513,G
1-PB2,1524,0,5463,2,2,5467,T
1-PB2,1525,1,2,5454,0,5457,G
1-PB2,1526,0,4,5462,0,5466,G
1-PB2,1527,1,2,5470,0,5473,G
1-PB2,1528,5424,0,10,0,5434,A
1-PB2,1529,5434,2,0,0,5436,A
1-PB2,1530,2,5215,0,2,5219,T
1-PB2,1531,2,1,5366,0,5369,G
1-PB2,1532,1,5347,0,0,5348,T
1-PB2,1533,5347,0,2,0,5349,A
1-PB2,1534,0,5338,1,3,5342,T
1-PB2,1535,0,5261,0,2,5263,T
1-PB2,1536,5326,0,0,0,5326,A
1-PB2,1537,2,5295,0,1,5298,T
1-PB2,1538,0,5221,0,1,5222,T
1-PB2,1539,5221,0,2,0,5223,A
1-PB2,1540,1,4555,0,9,4565,T
1-PB2,1541,1,1,0,4672,4674,C
1-PB2,1542,2,4583,0,6,4591,T
1-PB2,1543,6,0,0,4604,4610,C
1-PB2,1544,2,0,1,4604,4607,C
1-PB2,1545,1,4435,0,1,4437,T
1-PB2,1546,0,0,4444,0,4444,G
1-PB2,1547,4424,1,3,0,4428,A
1-PB2,1548,0,2,4427,0,4429,G
1-PB2,1549,0,0,4412,0,4412,G
1-PB2,1550,3838,0,5,1,3844,A
1-PB2,1551,0,2,3867,0,3869,G
1-PB2,1552,2,1,3826,0,3829,G
1-PB2,1553,0,3719,1,1,3721,T
1-PB2,1554,4,1,0,3728,3733,C
1-PB2,1555,3674,1,3,0,3678,A
1-PB2,1556,2,1,3707,0,3710,G
1-PB2,1557,0,3696,0,1,3697,T
1-PB2,1558,1,1,3695,0,3697,G
1-PB2,1559,3695,1,3,0,3699,A
1-PB2,1560,3492,0,4,0,3496,A
1-PB2,1561,3493,0,5,0,3498,A
1-PB2,1562,2,0,0,3498,3500,C
1-PB2,1563,3449,2,1,1,3453,A
1-PB2,1564,0,5,0,3452,3457,C
1-PB2,1565,3254,0,6,0,3260,A
1-PB2,1566,2,2,3261,0,3265,G
1-PB2,1567,1,4,3249,0,3254,G
1-PB2,1568,4,3,3264,0,3271,G
1-PB2,1569,3256,0,4,0,3260,A
1-PB2,1570,3196,0,3,1,3200,A
1-PB2,1571,0,0,0,3212,3212,C
1-PB2,1572,0,3148,2,3,3153,T
1-PB2,1573,0,2,3153,0,3155,G
1-PB2,1574,3118,2,3,0,3123,A
1-PB2,1575,0,4,3127,0,3131,G
1-PB2,1576,3046,0,3,0,3049,A
1-PB2,1577,2,2,2816,0,2820,G
1-PB2,1578,2809,0,0,0,2809,A
1-PB2,1579,0,0,0,2800,2800,C
1-PB2,1580,0,2652,1,1,2654,T
1-PB2,1581,1,2,2671,1,2675,G
1-PB2,1582,2655,0,5,0,2660,A
1-PB2,1583,0,0,0,2659,2659,C
1-PB2,1584,2643,0,0,0,2643,A
1-PB2,1585,2635,1,2,0,2638,A
1-PB2,1586,2,2629,0,0,2631,T
1-PB2,1587,2610,0,0,0,2610,A
1-PB2,1588,2611,0,0,0,2611,A
1-PB2,1589,0,1,0,2613,2614,C
1-PB2,1590,1,2376,0,0,2377,T
1-PB2,1591,0,2340,0,0,2340,T
1-PB2,1592,2293,0,0,0,2293,A
1-PB2,1593,3,2286,0,1,2290,T
1-PB2,1594,0,2276,0,3,2279,T
1-PB2,1595,3,0,0,2272,2275,C
1-PB2,1596,2054,0,0,0,2054,A
1-PB2,1597,1,2042,1,2,2046,T
1-PB2,1598,1,1,0,1925,1927,C
1-PB2,1599,2,1,1925,0,1928,G
1-PB2,1600,0,1935,0,0,1935,T
1-PB2,1601,2,1,0,1889,1892,C
1-PB2,1602,0,0,1892,0,1892,G
1-PB2,1603,1897,0,0,0,1897,A
1-PB2,1604,0,1895,0,0,1895,T
1-PB2,1605,0,0,1884,0,1884,G
1-PB2,1606,1876,0,3,1,1880,A
1-PB2,1607,0,1875,1,0,1876,T
1-PB2,1608,1,0,1848,0,1849,G
1-PB2,1609,1,1724,1,1,1727,T
1-PB2,1610,1,3,1714,0,1718,G
1-PB2,1611,0,0,1716,1,1717,G
1-PB2,1612,1,1,1696,0,1698,G
1-PB2,1613,1620,0,3,0,1623,A
1-PB2,1614,0,1,1583,0,1584,G
1-PB2,1615,1388,0,1,0,1389,A
1-PB2,1616,0,1323,0,1,1324,T
1-PB2,1617,0,1251,0,1,1252,T
1-PB2,1618,1243,0,1,0,1244,A
1-PB2,1619,1226,0,1,0,1227,A
1-PB2,1620,0,1,0,1205,1206,C
1-PB2,1621,0,0,1032,0,1032,G
1-PB2,1622,1,0,1003,0,1004,G
1-PB2,1623,0,740,0,0,740,T
1-PB2,1624,1,0,0,719,720,C
1-PB2,1625,1,1,0,715,717,C
1-PB2,1626,0,626,0,0,626,T
1-PB2,1627,0,0,624,0,624,G
1-PB2,1628,626,0,0,0,626,A
1-PB2,1629,0,0,625,0,625,G
1-PB2,1630,1,625,1,0,627,T
1-PB2,1631,3,0,0,594,597,C
1-PB2,1632,0,1,597,0,598,G
1-PB2,1633,0,0,609,0,609,G
1-PB2,1634,0,611,0,0,611,T
1-PB2,1635,0,607,1,0,608,T
1-PB2,1636,0,606,0,0,606,T
1-PB2,1637,0,607,0,0,607,T
1-PB2,1638,0,0,619,0,619,G
1-PB2,1639,0,0,623,0,623,G
1-PB2,1640,0,625,0,0,625,T
1-PB2,1641,1,0,0,622,623,C
1-PB2,1642,614,0,0,0,614,A
1-PB2,1643,632,0,0,0,632,A
1-PB2,1644,0,635,0,0,635,T
1-PB2,1645,636,0,0,0,636,A
1-PB2,1646,0,0,0,648,648,C
1-PB2,1647,2,0,0,624,626,C
1-PB2,1648,0,625,0,0,625,T
1-PB2,1649,638,1,0,0,639,A
1-PB2,1650,0,640,0,0,640,T
1-PB2,1651,0,0,0,638,638,C
1-PB2,1652,610,0,0,0,610,A
1-PB2,1653,608,1,1,0,610,A
1-PB2,1654,0,608,0,0,608,T
1-PB2,1655,0,3,579,0,582,G
1-PB2,1656,0,0,582,0,582,G
1-PB2,1657,580,0,0,0,580,A
1-PB2,1658,0,570,0,0,570,T
1-PB2,1659,0,0,0,571,571,C
1-PB2,1660,575,0,0,0,575,A
1-PB2,1661,0,580,0,0,580,T
1-PB2,1662,0,0,0,581,581,C
1-PB2,1663,580,0,0,0,580,A
1-PB2,1664,0,0,580,0,580,G
1-PB2,1665,579,0,1,0,580,A
1-PB2,1666,577,0,0,0,577,A
1-PB2,1667,576,0,1,0,577,A
1-PB2,1668,0,579,0,0,579,T
1-PB2,1669,1,575,0,0,576,T
1-PB2,1670,0,0,576,0,576,G
1-PB2,1671,0,0,571,0,571,G
1-PB2,1672,4,1,566,0,571,G
1-PB2,1673,568,0,0,0,568,A
1-PB2,1674,566,0,0,0,566,A
1-PB2,1675,0,0,565,0,565,G
1-PB2,1676,0,0,0,568,568,C
1-PB2,1677,0,567,0,0,567,T
1-PB2,1678,0,1,572,0,573,G
1-PB2,1679,0,570,0,0,570,T
1-PB2,1680,0,0,0,570,570,C
1-PB2,1681,572,0,0,0,572,A
1-PB2,1682,573,0,0,0,573,A
1-PB2,1683,571,0,0,0,571,A
1-PB2,1684,574,0,0,0,574,A
1-PB2,1685,0,577,0,0,577,T
1-PB2,1686,0,573,0,2,575,T
1-PB2,1687,1,0,0,572,573,C
1-PB2,1688,570,0,1,0,571,A
1-PB2,1689,572,0,0,0,572,A
1-PB2,1690,0,570,0,0,570,T
1-PB2,1691,0,0,567,0,567,G
1-PB2,1692,0,0,574,0,574,G
1-PB2,1693,0,590,0,0,590,T
1-PB2,1694,0,0,0,589,589,C
1-PB2,1695,0,592,0,0,592,T
1-PB2,1696,0,3,0,587,590,C
1-PB2,1697,595,0,1,0,596,A
1-PB2,1698,0,0,599,0,599,G
1-PB2,1699,599,0,0,1,600,A
1-PB2,1700,605,0,1,0,606,A
1-PB2,1701,0,600,0,1,601,T
1-PB2,1702,1,1,0,598,600,C
1-PB2,1703,0,0,0,597,597,C
1-PB2,1704,0,599,0,0,599,T
1-PB2,1705,588,0,0,0,588,A
1-PB2,1706,1,0,0,604,605,C
1-PB2,1707,605,0,1,0,606,A
1-PB2,1708,621,0,0,0,621,A
1-PB2,1709,0,609,0,0,609,T
1-PB2,1710,0,0,619,0,619,G
1-PB2,1711,0,622,0,0,622,T
1-PB2,1712,0,590,0,0,590,T
1-PB2,1713,1,0,596,0,597,G
1-PB2,1714,1,591,0,0,592,T
1-PB2,1715,590,0,0,0,590,A
1-PB2,1716,0,0,0,589,589,C
1-PB2,1717,573,0,0,0,573,A
1-PB2,1718,580,0,0,0,580,A
1-PB2,1719,0,4,0,569,573,C
1-PB2,1720,565,0,0,0,565,A
1-PB2,1721,565,0,1,0,566,A
1-PB2,1722,554,0,0,0,554,A
1-PB2,1723,560,0,0,0,560,A
1-PB2,1724,0,559,0,0,559,T
1-PB2,1725,0,0,558,0,558,G
1-PB2,1726,0,1,558,0,559,G
1-PB2,1727,553,0,0,0,553,A
1-PB2,1728,555,0,0,0,555,A
1-PB2,1729,0,551,0,0,551,T
1-PB2,1730,0,550,0,0,550,T
1-PB2,1731,0,550,0,0,550,T
1-PB2,1732,0,1,545,0,546,G
1-PB2,1733,553,0,0,0,553,A
1-PB2,1734,556,0,0,0,556,A
1-PB2,1735,0,0,0,553,553,C
1-PB2,1736,0,1,0,547,548,C
1-PB2,1737,551,0,1,0,552,A
1-PB2,1738,0,551,0,1,552,T
1-PB2,1739,0,557,0,1,558,T
1-PB2,1740,0,555,0,1,556,T
1-PB2,1741,0,0,0,556,556,C
1-PB2,1742,558,0,0,0,558,A
1-PB2,1743,559,0,0,0,559,A
1-PB2,1744,0,560,0,0,560,T
1-PB2,1745,0,0,0,563,563,C
1-PB2,1746,0,549,0,0,549,T
1-PB2,1747,0,551,0,0,551,T
1-PB2,1748,0,553,0,0,553,T
1-PB2,1749,553,0,0,0,553,A
1-PB2,1750,0,0,552,0,552,G
1-PB2,1751,0,553,0,0,553,T
1-PB2,1752,1,14,0,550,565,C
1-PB2,1753,0,0,0,565,565,C
1-PB2,1754,0,0,0,565,565,C
1-PB2,1755,0,1,0,561,562,C
1-PB2,1756,563,0,0,0,563,A
1-PB2,1757,561,0,1,0,562,A
1-PB2,1758,0,1,572,0,573,G
1-PB2,1759,0,0,575,0,575,G
1-PB2,1760,0,0,0,574,574,C
1-PB2,1761,0,0,0,563,563,C
1-PB2,1762,562,0,0,0,562,A
1-PB2,1763,0,569,0,0,569,T
1-PB2,1764,0,569,0,1,570,T
1-PB2,1765,571,0,0,0,571,A
1-PB2,1766,0,0,567,0,567,G
1-PB2,1767,545,0,0,0,545,A
1-PB2,1768,569,0,0,0,569,A
1-PB2,1769,1,0,574,0,575,G
1-PB2,1770,0,0,0,577,577,C
1-PB2,1771,0,0,0,577,577,C
1-PB2,1772,577,0,0,0,577,A
1-PB2,1773,582,2,0,0,584,A
1-PB2,1774,0,587,0,0,587,T
1-PB2,1775,591,0,0,0,591,A
1-PB2,1776,0,0,0,593,593,C
1-PB2,1777,532,0,0,0,532,A
1-PB2,1778,0,0,534,0,534,G
1-PB2,1779,0,522,0,0,522,T
1-PB2,1780,0,0,530,0,530,G
1-PB2,1781,0,0,528,0,528,G
1-PB2,1782,0,0,526,0,526,G
1-PB2,1783,1,515,0,1,517,T
1-PB2,1784,0,516,0,2,518,T
1-PB2,1785,0,522,0,0,522,T
1-PB2,1786,1,0,526,0,527,G
1-PB2,1787,0,529,1,0,530,T
1-PB2,1788,0,0,0,529,529,C
1-PB2,1789,523,0,0,0,523,A
1-PB2,1790,0,0,526,0,526,G
1-PB2,1791,526,0,0,0,526,A
1-PB2,1792,526,0,0,0,526,A
1-PB2,1793,0,0,0,526,526,C
1-PB2,1794,0,511,0,0,511,T
1-PB2,1795,0,0,0,531,531,C
1-PB2,1796,0,533,0,0,533,T
1-PB2,1797,537,0,0,0,537,A
1-PB2,1798,2,532,1,0,535,T
1-PB2,1799,0,532,0,0,532,T
1-PB2,1800,0,0,0,531,531,C
1-PB2,1801,0,0,1,522,523,C
1-PB2,1802,524,0,0,0,524,A
1-PB2,1803,525,0,0,0,525,A
1-PB2,1804,0,0,0,528,528,C
1-PB2,1805,522,0,0,0,522,A
1-PB2,1806,520,0,0,0,520,A
1-PB2,1807,521,0,0,0,521,A
1-PB2,1808,0,527,0,0,527,T
1-PB2,1809,0,0,525,0,525,G
1-PB2,1810,522,0,1,0,523,A
1-PB2,1811,0,1,526,0,527,G
1-PB2,1812,524,0,0,0,524,A
1-PB2,1813,0,0,522,0,522,G
1-PB2,1814,527,0,0,0,527,A
1-PB2,1815,0,0,0,529,529,C
1-PB2,1816,2,0,531,0,533,G
1-PB2,1817,1,530,0,0,531,T
1-PB2,1818,541,0,0,0,541,A
1-PB2,1819,0,0,0,540,540,C
1-PB2,1820,0,537,0,0,537,T
1-PB2,1821,0,536,0,0,536,T
1-PB2,1822,1,1,533,0,535,G
1-PB2,1823,1,1,534,0,536,G
1-PB2,1824,1,0,532,0,533,G
1-PB2,1825,532,0,2,0,534,A
1-PB2,1826,0,0,0,540,540,C
1-PB2,1827,545,0,0,0,545,A
1-PB2,1828,0,550,0,0,550,T
1-PB2,1829,1,548,0,0,549,T
1-PB2,1830,0,548,0,0,548,T
1-PB2,1831,0,0,546,0,546,G
1-PB2,1832,550,0,0,1,551,A
1-PB2,1833,0,1,0,546,547,C
1-PB2,1834,548,0,1,0,549,A
1-PB2,1835,1,0,0,546,547,C
1-PB2,1836,0,0,0,537,537,C
1-PB2,1837,538,0,0,0,538,A
1-PB2,1838,0,0,0,541,541,C
1-PB2,1839,1,0,0,540,541,C
1-PB2,1840,1,0,0,539,540,C
1-PB2,1841,543,0,0,0,543,A
1-PB2,1842,0,0,548,0,548,G
1-PB2,1843,545,0,0,0,545,A
1-PB2,1844,0,569,0,0,569,T
1-PB2,1845,563,1,0,0,564,A
1-PB2,1846,563,0,0,0,563,A
1-PB2,1847,0,566,0,0,566,T
1-PB2,1848,559,0,1,0,560,A
1-PB2,1849,559,0,2,0,561,A
1-PB2,1850,552,0,0,0,552,A
1-PB2,1851,0,0,555,0,555,G
1-PB2,1852,0,0,0,551,551,C
1-PB2,1853,0,537,0,1,538,T
1-PB2,1854,0,540,0,0,540,T
1-PB2,1855,0,0,0,539,539,C
1-PB2,1856,1,536,0,1,538,T
1-PB2,1857,0,1,0,545,546,C
1-PB2,1858,1,0,0,543,544,C
1-PB2,1859,0,0,0,546,546,C
1-PB2,1860,0,547,0,0,547,T
1-PB2,1861,0,542,0,0,542,T
1-PB2,1862,0,542,0,2,544,T
1-PB2,1863,0,541,0,0,541,T
1-PB2,1864,1,0,542,0,543,G
1-PB2,1865,0,0,0,547,547,C
1-PB2,1866,545,0,0,0,545,A
1-PB2,1867,0,0,544,0,544,G
1-PB2,1868,0,1,0,539,540,C
1-PB2,1869,1,542,0,0,543,T
1-PB2,1870,0,0,541,0,541,G
1-PB2,1871,0,0,0,543,543,C
1-PB2,1872,0,539,0,2,541,T
1-PB2,1873,0,0,0,547,547,C
1-PB2,1874,0,0,0,544,544,C
1-PB2,1875,550,0,0,0,550,A
1-PB2,1876,1,0,0,547,548,C
1-PB2,1877,0,0,0,550,550,C
1-PB2,1878,545,0,0,0,545,A
1-PB2,1879,546,0,0,0,546,A
1-PB2,1880,546,0,0,0,546,A
1-PB2,1881,0,0,550,1,551,G
1-PB2,1882,0,1,0,547,548,C
1-PB2,1883,541,0,0,0,541,A
1-PB2,1884,543,0,0,0,543,A
1-PB2,1885,541,0,0,0,541,A
1-PB2,1886,0,0,548,0,548,G
1-PB2,1887,0,0,0,546,546,C
1-PB2,1888,541,0,0,0,541,A
1-PB2,1889,0,0,542,0,542,G
1-PB2,1890,537,0,1,0,538,A
1-PB2,1891,549,0,0,0,549,A
1-PB2,1892,1,548,0,0,549,T
1-PB2,1893,0,0,549,0,549,G
1-PB2,1894,0,0,0,549,549,C
1-PB2,1895,540,0,0,0,540,A
1-PB2,1896,0,0,546,0,546,G
1-PB2,1897,1,548,0,0,549,T
1-PB2,1898,0,573,0,1,574,T
1-PB2,1899,1,0,0,580,581,C
1-PB2,1900,0,568,0,0,568,T
1-PB2,1901,0,0,0,578,578,C
1-PB2,1902,0,575,0,0,575,T
1-PB2,1903,0,577,0,0,577,T
1-PB2,1904,0,0,0,577,577,C
1-PB2,1905,572,0,0,0,572,A
1-PB2,1906,0,0,0,573,573,C
1-PB2,1907,0,550,0,3,553,T
1-PB2,1908,1,0,562,0,563,G
1-PB2,1909,556,0,0,0,556,A
1-PB2,1910,0,0,0,579,579,C
1-PB2,1911,0,572,0,0,572,T
1-PB2,1912,0,0,575,0,575,G
1-PB2,1913,0,574,0,0,574,T
1-PB2,1914,0,0,577,0,577,G
1-PB2,1915,578,0,0,0,578,A
1-PB2,1916,580,0,1,0,581,A
1-PB2,1917,0,568,0,0,568,T
1-PB2,1918,0,0,569,0,569,G
1-PB2,1919,0,550,0,0,550,T
1-PB2,1920,0,0,555,0,555,G
1-PB2,1921,550,1,0,0,551,A
1-PB2,1922,0,2,552,0,554,G
1-PB2,1923,0,0,547,0,547,G
1-PB2,1924,11,0,536,0,547,G
1-PB2,1925,0,0,573,0,573,G
1-PB2,1926,572,0,0,0,572,A
1-PB2,1927,0,566,0,0,566,T
1-PB2,1928,0,0,0,566,566,C
1-PB2,1929,564,0,0,0,564,A
1-PB2,1930,0,0,575,0,575,G
1-PB2,1931,0,0,568,0,568,G
1-PB2,1932,1,0,574,0,575,G
1-PB2,1933,574,0,0,0,574,A
1-PB2,1934,0,551,0,0,551,T
1-PB2,1935,0,0,557,0,557,G
1-PB2,1936,550,1,1,0,552,A
1-PB2,1937,0,0,567,0,567,G
1-PB2,1938,564,0,0,0,564,A
1-PB2,1939,551,0,0,0,551,A
1-PB2,1940,0,561,0,0,561,T
1-PB2,1941,556,0,0,0,556,A
1-PB2,1942,0,0,0,572,572,C
1-PB2,1943,0,563,0,0,563,T
1-PB2,1944,0,562,0,0,562,T
1-PB2,1945,1,0,563,0,564,G
1-PB2,1946,0,546,0,2,548,T
1-PB2,1947,547,0,1,0,548,A
1-PB2,1948,544,0,0,0,544,A
1-PB2,1949,0,0,538,0,538,G
1-PB2,1950,0,0,533,0,533,G
1-PB2,1951,0,1,528,0,529,G
1-PB2,1952,0,0,526,0,526,G
1-PB2,1953,0,0,0,529,529,C
1-PB2,1954,523,0,6,0,529,A
1-PB2,1955,539,0,0,0,539,A
1-PB2,1956,0,542,0,0,542,T
1-PB2,1957,0,540,0,0,540,T
1-PB2,1958,0,0,0,547,547,C
1-PB2,1959,0,539,0,0,539,T
1-PB2,1960,0,0,0,546,546,C
1-PB2,1961,0,1,0,542,543,C
1-PB2,1962,0,543,0,0,543,T
1-PB2,1963,0,0,557,0,557,G
1-PB2,1964,0,545,0,0,545,T
1-PB2,1965,546,0,0,0,546,A
1-PB2,1966,0,540,1,0,541,T
1-PB2,1967,0,532,0,0,532,T
1-PB2,1968,1,0,0,536,537,C
1-PB2,1969,532,0,0,0,532,A
1-PB2,1970,539,0,0,0,539,A
1-PB2,1971,0,0,0,537,537,C
1-PB2,1972,0,525,0,0,525,T
1-PB2,1973,526,0,0,0,526,A
1-PB2,1974,0,0,0,537,537,C
1-PB2,1975,538,0,0,0,538,A
1-PB2,1976,536,1,1,0,538,A
1-PB2,1977,0,0,0,537,537,C
1-PB2,1978,534,0,0,0,534,A
1-PB2,1979,525,0,0,0,525,A
1-PB2,1980,0,1,523,1,525,G
1-PB2,1981,528,0,0,0,528,A
1-PB2,1982,0,0,0,530,530,C
1-PB2,1983,0,1,0,521,522,C
1-PB2,1984,524,0,0,0,524,A
1-PB2,1985,0,0,0,547,547,C
1-PB2,1986,0,547,0,1,548,T
1-PB2,1987,548,0,0,0,548,A
1-PB2,1988,544,0,0,0,544,A
1-PB2,1989,546,0,0,0,546,A
1-PB2,1990,542,0,3,0,545,A
1-PB2,1991,0,1,551,0,552,G
1-PB2,1992,546,0,0,0,546,A
1-PB2,1993,0,0,0,546,546,C
1-PB2,1994,0,527,0,1,528,T
1-PB2,1995,525,0,0,0,525,A
1-PB2,1996,526,0,0,0,526,A
1-PB2,1997,0,0,0,526,526,C
1-PB2,1998,526,0,0,0,526,A
1-PB2,1999,524,1,0,0,525,A
1-PB2,2000,0,516,0,0,516,T
1-PB2,2001,0,517,0,0,517,T
1-PB2,2002,0,0,0,519,519,C
1-PB2,2003,0,515,0,0,515,T
1-PB2,2004,0,0,0,518,518,C
1-PB2,2005,0,0,521,0,521,G
1-PB2,2006,0,0,523,0,523,G
1-PB2,2007,519,0,0,0,519,A
1-PB2,2008,521,0,0,0,521,A
1-PB2,2009,519,0,0,0,519,A
1-PB2,2010,524,0,1,0,525,A
1-PB2,2011,0,0,524,0,524,G
1-PB2,2012,523,0,0,0,523,A
1-PB2,2013,0,529,0,0,529,T
1-PB2,2014,1,0,525,0,526,G
1-PB2,2015,0,0,0,527,527,C
1-PB2,2016,0,0,0,528,528,C
1-PB2,2017,0,1,525,0,526,G
1-PB2,2018,0,0,527,0,527,G
1-PB2,2019,0,0,0,525,525,C
1-PB2,2020,526,0,0,0,526,A
1-PB2,2021,0,1,0,530,531,C
1-PB2,2022,0,526,0,0,526,T
1-PB2,2023,0,528,0,0,528,T
1-PB2,2024,0,526,0,1,527,T
1-PB2,2025,528,0,0,0,528,A
1-PB2,2026,534,0,0,0,534,A
1-PB2,2027,0,532,0,0,532,T
1-PB2,2028,0,534,0,0,534,T
1-PB2,2029,0,0,534,0,534,G
1-PB2,2030,518,0,0,0,518,A
1-PB2,2031,514,0,0,0,514,A
1-PB2,2032,0,0,515,0,515,G
1-PB2,2033,518,0,0,0,518,A
1-PB2,2034,0,0,0,517,517,C
1-PB2,2035,0,0,0,513,513,C
1-PB2,2036,0,0,0,518,518,C
1-PB2,2037,520,0,0,0,520,A
1-PB2,2038,0,0,530,0,530,G
1-PB2,2039,527,0,0,0,527,A
1-PB2,2040,0,528,0,0,528,T
1-PB2,2041,1,0,528,0,529,G
1-PB2,2042,513,0,1,0,514,A
1-PB2,2043,513,0,0,0,513,A
1-PB2,2044,517,0,0,0,517,A
1-PB2,2045,0,1,517,0,518,G
1-PB2,2046,0,0,0,516,516,C
1-PB2,2047,509,0,1,0,510,A
1-PB2,2048,0,0,0,514,514,C
1-PB2,2049,513,0,0,0,513,A
1-PB2,2050,1,509,1,0,511,T
1-PB2,2051,0,0,0,517,517,C
1-PB2,2052,0,0,0,512,512,C
1-PB2,2053,0,0,518,0,518,G
1-PB2,2054,0,1,515,0,516,G
1-PB2,2055,512,0,0,0,512,A
1-PB2,2056,0,1,512,1,514,G
1-PB2,2057,0,505,0,0,505,T
1-PB2,2058,0,0,506,0,506,G
1-PB2,2059,0,0,503,0,503,G
1-PB2,2060,494,0,1,0,495,A
1-PB2,2061,0,0,494,0,494,G
1-PB2,2062,0,491,0,0,491,T
1-PB2,2063,0,0,0,490,490,C
1-PB2,2064,0,0,0,492,492,C
1-PB2,2065,0,0,493,0,493,G
1-PB2,2066,0,0,0,490,490,C
1-PB2,2067,0,1,0,487,488,C
1-PB2,2068,0,0,492,0,492,G
1-PB2,2069,0,488,1,2,491,T
1-PB2,2070,1,0,0,494,495,C
1-PB2,2071,0,491,0,1,492,T
1-PB2,2072,0,490,0,1,491,T
1-PB2,2073,0,0,493,0,493,G
1-PB2,2074,489,0,0,0,489,A
1-PB2,2075,0,0,493,0,493,G
1-PB2,2076,492,0,0,1,493,A
1-PB2,2077,0,1,474,0,475,G
1-PB2,2078,0,0,477,0,477,G
1-PB2,2079,0,0,473,0,473,G
1-PB2,2080,0,464,0,0,464,T
1-PB2,2081,0,461,0,0,461,T
1-PB2,2082,0,465,0,1,466,T
1-PB2,2083,0,0,0,469,469,C
1-PB2,2084,0,468,0,1,469,T
1-PB2,2085,0,0,0,489,489,C
1-PB2,2086,484,0,0,0,484,A
1-PB2,2087,0,482,0,0,482,T
1-PB2,2088,0,478,0,0,478,T
1-PB2,2089,480,0,0,0,480,A
1-PB2,2090,0,481,0,0,481,T
1-PB2,2091,473,0,0,0,473,A
1-PB2,2092,0,1,480,0,481,G
1-PB2,2093,0,0,479,0,479,G
1-PB2,2094,0,451,0,0,451,T
1-PB2,2095,452,0,0,0,452,A
1-PB2,2096,447,0,0,0,447,A
1-PB2,2097,0,0,453,0,453,G
1-PB2,2098,0,0,454,0,454,G
1-PB2,2099,449,0,1,0,450,A
1-PB2,2100,441,0,1,0,442,A
1-PB2,2101,0,0,442,0,442,G
1-PB2,2102,431,0,3,0,434,A
1-PB2,2103,0,0,0,438,438,C
1-PB2,2104,432,0,0,0,432,A
1-PB2,2105,0,1,434,0,435,G
1-PB2,2106,432,0,1,0,433,A
1-PB2,2107,420,0,7,0,427,A
1-PB2,2108,0,0,426,0,426,G
1-PB2,2109,423,0,0,0,423,A
1-PB2,2110,0,424,0,0,424,T
1-PB2,2111,420,0,0,0,420,A
1-PB2,2112,0,0,0,416,416,C
1-PB2,2113,0,1,417,0,418,G
1-PB2,2114,1,0,419,0,420,G
1-PB2,2115,421,1,0,0,422,A
1-PB2,2116,0,1,0,416,417,C
1-PB2,2117,0,1,0,416,417,C
1-PB2,2118,409,0,0,1,410,A
1-PB2,2119,0,0,420,0,420,G
1-PB2,2120,0,0,0,424,424,C
1-PB2,2121,422,0,0,0,422,A
1-PB2,2122,0,424,0,0,424,T
1-PB2,2123,0,407,0,0,407,T
1-PB2,2124,409,0,0,0,409,A
1-PB2,2125,408,0,0,0,408,A
1-PB2,2126,1,0,407,0,408,G
1-PB2,2127,0,1,0,405,406,C
1-PB2,2128,375,0,0,0,375,A
1-PB2,2129,0,384,0,0,384,T
1-PB2,2130,0,0,0,378,378,C
1-PB2,2131,382,0,0,0,382,A
1-PB2,2132,385,0,0,0,385,A
1-PB2,2133,0,384,0,0,384,T
1-PB2,2134,0,1,382,0,383,G
1-PB2,2135,378,0,0,0,378,A
1-PB2,2136,380,0,1,0,381,A
1-PB2,2137,1,0,0,385,386,C
1-PB2,2138,0,362,0,0,362,T
1-PB2,2139,0,0,374,0,374,G
1-PB2,2140,372,0,0,0,372,A
1-PB2,2141,0,0,371,0,371,G
1-PB2,2142,0,371,0,0,371,T
1-PB2,2143,368,0,0,0,368,A
1-PB2,2144,369,0,0,0,369,A
1-PB2,2145,0,0,0,370,370,C
1-PB2,2146,0,0,0,356,356,C
1-PB2,2147,0,355,0,1,356,T
1-PB2,2148,0,344,0,0,344,T
1-PB2,2149,1,0,345,0,346,G
1-PB2,2150,0,0,0,345,345,C
1-PB2,2151,343,0,0,0,343,A
1-PB2,2152,345,0,0,0,345,A
1-PB2,2153,339,0,0,0,339,A
1-PB2,2154,332,0,0,0,332,A
1-PB2,2155,0,1,334,0,335,G
1-PB2,2156,0,0,339,0,339,G
1-PB2,2157,0,0,339,0,339,G
1-PB2,2158,0,1,337,0,338,G
1-PB2,2159,339,0,0,0,339,A
1-PB2,2160,337,0,0,0,337,A
1-PB2,2161,339,0,0,0,339,A
1-PB2,2162,344,0,0,0,344,A
1-PB2,2163,0,0,344,0,344,G
1-PB2,2164,0,0,344,0,344,G
1-PB2,2165,0,0,0,346,346,C
1-PB2,2166,1,342,0,0,343,T
1-PB2,2167,342,0,0,0,342,A
1-PB2,2168,341,0,0,0,341,A
1-PB2,2169,0,342,0,0,342,T
1-PB2,2170,0,0,347,0,347,G
1-PB2,2171,0,334,0,0,334,T
1-PB2,2172,0,0,329,0,329,G
1-PB2,2173,0,0,0,329,329,C
1-PB2,2174,0,325,0,1,326,T
1-PB2,2175,328,0,0,0,328,A
1-PB2,2176,330,0,0,0,330,A
1-PB2,2177,0,330,0,0,330,T
1-PB2,2178,0,0,0,326,326,C
1-PB2,2179,0,0,312,0,312,G
1-PB2,2180,0,0,310,0,310,G
1-PB2,2181,0,0,308,0,308,G
1-PB2,2182,0,0,0,306,306,C
1-PB2,2183,309,0,0,0,309,A
1-PB2,2184,305,0,0,0,305,A
1-PB2,2185,0,0,306,0,306,G
1-PB2,2186,0,0,307,0,307,G
1-PB2,2187,306,0,0,0,306,A
1-PB2,2188,0,0,305,0,305,G
1-PB2,2189,293,1,0,0,294,A
1-PB2,2190,0,0,0,294,294,C
1-PB2,2191,0,0,295,0,295,G
1-PB2,2192,0,294,0,0,294,T
1-PB2,2193,0,0,292,0,292,G
1-PB2,2194,0,0,296,0,296,G
1-PB2,2195,0,292,0,0,292,T
1-PB2,2196,0,0,291,0,291,G
1-PB2,2197,0,279,0,1,280,T
1-PB2,2198,0,277,0,0,277,T
1-PB2,2199,0,0,278,0,278,G
1-PB2,2200,0,0,276,0,276,G
1-PB2,2201,0,275,0,0,275,T
1-PB2,2202,266,0,0,0,266,A
1-PB2,2203,260,0,0,0,260,A
1-PB2,2204,0,254,0,0,254,T
1-PB2,2205,0,0,253,0,253,G
1-PB2,2206,252,0,0,0,252,A
1-PB2,2207,252,0,0,0,252,A
1-PB2,2208,249,0,1,0,250,A
1-PB2,2209,0,0,0,246,246,C
1-PB2,2210,0,0,246,0,246,G
1-PB2,2211,246,0,0,0,246,A
1-PB2,2212,247,0,0,0,247,A
1-PB2,2213,246,0,0,0,246,A
1-PB2,2214,247,0,0,0,247,A
1-PB2,2215,0,0,0,244,244,C
1-PB2,2216,0,1,243,0,244,G
1-PB2,2217,0,0,241,0,241,G
1-PB2,2218,0,0,240,0,240,G
1-PB2,2219,244,0,1,0,245,A
1-PB2,2220,0,0,0,246,246,C
1-PB2,2221,0,241,0,0,241,T
1-PB2,2222,0,0,0,246,246,C
1-PB2,2223,0,246,0,0,246,T
1-PB2,2224,247,0,1,0,248,A
1-PB2,2225,0,0,246,0,246,G
1-PB2,2226,0,0,0,244,244,C
1-PB2,2227,243,0,0,0,243,A
1-PB2,2228,0,243,0,0,243,T
1-PB2,2229,231,0,0,0,231,A
1-PB2,2230,0,0,0,235,235,C
1-PB2,2231,0,204,0,0,204,T
1-PB2,2232,0,203,0,0,203,T
1-PB2,2233,201,0,0,0,201,A
1-PB2,2234,0,0,0,201,201,C
1-PB2,2235,0,199,0,0,199,T
1-PB2,2236,0,0,198,0,198,G
1-PB2,2237,191,0,0,0,191,A
1-PB2,2238,0,0,0,193,193,C
1-PB2,2239,168,0,0,0,168,A
1-PB2,2240,0,0,170,0,170,G
1-PB2,2241,0,0,1,166,167,C
1-PB2,2242,0,0,0,170,170,C
1-PB2,2243,169,0,0,0,169,A
1-PB2,2244,0,0,169,0,169,G
1-PB2,2245,169,0,0,0,169,A
1-PB2,2246,0,0,0,169,169,C
1-PB2,2247,158,0,0,0,158,A
1-PB2,2248,0,0,157,0,157,G
1-PB2,2249,0,0,0,146,146,C
1-PB2,2250,0,0,146,0,146,G
1-PB2,2251,146,0,0,0,146,A
1-PB2,2252,0,0,0,145,145,C
1-PB2,2253,0,0,0,146,146,C
1-PB2,2254,145,0,0,0,145,A
1-PB2,2255,144,0,0,0,144,A
1-PB2,2256,144,0,0,0,144,A
1-PB2,2257,143,0,1,0,144,A
1-PB2,2258,0,0,144,0,144,G
1-PB2,2259,137,0,0,0,137,A
1-PB2,2260,138,0,0,0,138,A
1-PB2,2261,0,136,0,0,136,T
1-PB2,2262,0,138,0,0,138,T
1-PB2,2263,0,0,0,138,138,C
1-PB2,2264,0,0,134,0,134,G
1-PB2,2265,0,0,134,0,134,G
1-PB2,2266,134,0,0,0,134,A
1-PB2,2267,0,129,0,0,129,T
1-PB2,2268,0,0,129,0,129,G
1-PB2,2269,0,0,129,0,129,G
1-PB2,2270,1,0,0,127,128,C
1-PB2,2271,1,0,0,128,129,C
1-PB2,2272,129,0,0,0,129,A
1-PB2,2273,0,128,0,0,128,T
1-PB2,2274,1,0,0,128,129,C
1-PB2,2275,128,0,0,0,128,A
1-PB2,2276,129,0,0,0,129,A
1-PB2,2277,0,128,0,0,128,T
1-PB2,2278,0,108,0,0,108,T
1-PB2,2279,102,0,0,0,102,A
1-PB2,2280,101,0,0,0,101,A
2-PB1,1,200,0,0,0,200,A
2-PB1,2,0,200,0,0,200,T
2-PB1,3,0,0,205,0,205,G
2-PB1,4,0,0,223,0,223,G
2-PB1,5,254,0,0,0,254,A
2-PB1,6,0,269,0,0,269,T
2-PB1,7,0,0,273,0,273,G
2-PB1,8,0,274,0,0,274,T
2-PB1,9,0,1,0,298,299,C
2-PB1,10,302,0,0,0,302,A
2-PB1,11,311,0,0,0,311,A
2-PB1,12,0,312,0,0,312,T
2-PB1,13,0,0,0,315,315,C
2-PB1,14,1,0,0,337,338,C
2-PB1,15,0,0,350,1,351,G
2-PB1,16,395,0,0,0,395,A
2-PB1,17,0,0,0,401,401,C
2-PB1,18,0,401,0,0,401,T
2-PB1,19,0,0,0,460,460,C
2-PB1,20,0,461,0,0,461,T
2-PB1,21,467,1,0,0,468,A
2-PB1,22,0,0,0,468,468,C
2-PB1,23,1,467,0,0,468,T
2-PB1,24,0,0,527,0,527,G
2-PB1,25,0,531,0,0,531,T
2-PB1,26,0,531,0,0,531,T
2-PB1,27,0,0,0,526,526,C
2-PB1,28,1,0,0,529,530,C
2-PB1,29,0,620,0,0,620,T
2-PB1,30,630,0,0,0,630,A
2-PB1,31,630,0,1,0,631,A
2-PB1,32,638,0,0,0,638,A
2-PB1,33,0,0,634,0,634,G
2-PB1,34,0,0,649,0,649,G
2-PB1,35,0,648,0,1,649,T
2-PB1,36,0,648,0,1,649,T
2-PB1,37,0,0,0,647,647,C
2-PB1,38,1,1,0,649,651,C
2-PB1,39,650,0,0,0,650,A
2-PB1,40,0,0,661,0,661,G
2-PB1,41,0,0,0,662,662,C
2-PB1,42,0,0,662,0,662,G
2-PB1,43,2,0,0,661,663,C
2-PB1,44,663,0,0,0,663,A
2-PB1,45,667,0,0,0,667,A
2-PB1,46,664,0,0,0,664,A
2-PB1,47,672,0,0,0,672,A
2-PB1,48,0,673,0,0,673,T
2-PB1,49,0,1,702,0,703,G
2-PB1,50,0,0,0,707,707,C
2-PB1,51,1,0,0,709,710,C
2-PB1,52,710,0,1,0,711,A
2-PB1,53,0,714,0,0,714,T
2-PB1,54,770,0,0,0,770,A
2-PB1,55,770,0,1,0,771,A
2-PB1,56,0,0,813,0,813,G
2-PB1,57,0,0,0,814,814,C
2-PB1,58,812,0,0,1,813,A
2-PB1,59,0,0,0,847,847,C
2-PB1,60,846,0,0,0,846,A
2-PB1,61,888,0,0,0,888,A
2-PB1,62,0,0,0,887,887,C
2-PB1,63,888,0,0,0,888,A
2-PB1,64,0,895,0,0,895,T
2-PB1,65,0,888,0,0,888,T
2-PB1,66,1,0,0,1131,1132,C
2-PB1,67,0,0,1,1128,1129,C
2-PB1,68,1,0,0,1133,1134,C
2-PB1,69,0,1141,1,1,1143,T
2-PB1,70,0,1138,0,0,1138,T
2-PB1,71,1257,0,0,0,1257,A
2-PB1,72,0,1265,0,0,1265,T
2-PB1,73,1268,0,0,0,1268,A
2-PB1,74,0,0,0,1286,1286,C
2-PB1,75,0,1258,0,0,1258,T
2-PB1,76,2,1,1268,0,1271,G
2-PB1,77,0,0,1269,0,1269,G
2-PB1,78,1269,1,0,0,1270,A
2-PB1,79,0,0,1271,0,1271,G
2-PB1,80,1266,2,0,0,1268,A
2-PB1,81,0,1277,0,1,1278,T
2-PB1,82,0,0,0,1356,1356,C
2-PB1,83,1,0,0,1366,1367,C
2-PB1,84,0,1370,0,1,1371,T
2-PB1,85,1,1,0,1476,1478,C
2-PB1,86,2,0,0,1479,1481,C
2-PB1,87,1489,0,0,0,1489,A
2-PB1,88,0,1487,0,0,1487,T
2-PB1,89,1482,0,0,0,1482,A
2-PB1,90,1,0,0,1490,1491,C
2-PB1,91,1469,0,1,0,1470,A
2-PB1,92,0,0,1533,0,1533,G
2-PB1,93,0,0,1,1550,1551,C
2-PB1,94,0,0,0,1531,1531,C
2-PB1,95,1536,0,0,0,1536,A
2-PB1,96,0,1530,0,0,1530,T
2-PB1,97,1,1,1530,0,1532,G
2-PB1,98,0,0,1609,0,1609,G
2-PB1,99,1618,2,1,0,1621,A
2-PB1,100,1622,0,2,0,1624,A
2-PB1,101,0,0,1,1631,1632,C
2-PB1,102,1624,1,0,0,1625,A
2-PB1,103,0,2,1669,0,1671,G
2-PB1,104,0,1,1692,0,1693,G
2-PB1,105,1696,1,1,0,1698,A
2-PB1,106,1710,0,0,0,1710,A
2-PB1,107,0,0,0,1720,1720,C
2-PB1,108,1712,0,0,0,1712,A
2-PB1,109,2,2,1931,0,1935,G
2-PB1,110,0,1,1934,0,1935,G
2-PB1,111,0,1,1977,0,1978,G
2-PB1,112,0,1968,0,0,1968,T
2-PB1,113,1964,0,0,0,1964,A
2-PB1,114,0,2,0,1976,1978,C
2-PB1,115,2045,1,2,0,2048,A
2-PB1,116,0,0,0,2121,2121,C
2-PB1,117,1,2,0,2111,2114,C
2-PB1,118,2047,0,3,0,2050,A
2-PB1,119,0,2052,0,1,2053,T
2-PB1,120,0,4,2046,0,2050,G
2-PB1,121,0,0,2057,0,2057,G
2-PB1,122,2048,1,7,0,2056,A
2-PB1,123,1,1,0,2057,2059,C
2-PB1,124,2016,0,0,1,2017,A
2-PB1,125,0,0,0,2057,2057,C
2-PB1,126,2059,0,2,0,2061,A
2-PB1,127,0,0,2104,0,2104,G
2-PB1,128,0,2093,0,2,2095,T
2-PB1,129,1,0,0,2175,2176,C
2-PB1,130,2164,0,2,0,2166,A
2-PB1,131,2183,0,0,0,2183,A
2-PB1,132,0,1,0,2183,2184,C
2-PB1,133,2177,0,1,0,2178,A
2-PB1,134,1,1,2209,0,2211,G
2-PB1,135,2185,0,0,0,2185,A
2-PB1,136,2176,0,2,0,2178,A
2-PB1,137,0,0,0,2179,2179,C
2-PB1,138,2145,0,2,0,2147,A
2-PB1,139,1,0,0,2196,2197,C
2-PB1,140,2192,0,1,0,2193,A
2-PB1,141,0,1,1,2302,2304,C
2-PB1,142,0,1,2,2299,2302,C
2-PB1,143,2291,0,2,0,2293,A
2-PB1,144,2306,0,0,0,2306,A
2-PB1,145,0,2360,0,0,2360,T
2-PB1,146,2420,0,0,0,2420,A
2-PB1,147,2,2409,0,2,2413,T
2-PB1,148,1,2382,0,1,2384,T
2-PB1,149,2,0,0,2391,2393,C
2-PB1,150,2339,1,0,0,2340,A
2-PB1,151,3,0,2339,0,2342,G
2-PB1,152,2326,0,0,0,2326,A
2-PB1,153,0,0,2330,0,2330,G
2-PB1,154,2278,0,2,1,2281,A
2-PB1,155,1,1,2252,1,2255,G
2-PB1,156,0,0,2243,0,2243,G
2-PB1,157,0,1,2351,0,2352,G
2-PB1,158,0,0,2338,1,2339,G
2-PB1,159,0,1,2366,0,2367,G
2-PB1,160,2361,0,1,0,2362,A
2-PB1,161,2369,0,1,0,2370,A
2-PB1,162,0,0,2380,0,2380,G
2-PB1,163,0,2367,0,1,2368,T
2-PB1,164,2,3,2353,0,2358,G
2-PB1,165,0,1,2348,0,2349,G
2-PB1,166,2348,0,3,0,2351,A
2-PB1,167,0,4,1,2356,2361,C
2-PB1,168,1,3,2366,0,2370,G
2-PB1,169,2381,0,1,1,2383,A
2-PB1,170,0,0,0,2392,2392,C
2-PB1,171,2390,0,0,0,2390,A
2-PB1,172,2385,0,0,0,2385,A
2-PB1,173,2403,0,0,0,2403,A
2-PB1,174,0,2421,0,1,2422,T
2-PB1,175,2425,1,5,0,2431,A
2-PB1,176,1,0,0,2431,2432,C
2-PB1,177,2428,0,0,0,2428,A
2-PB1,178,0,0,2435,0,2435,G
2-PB1,179,2420,0,0,0,2420,A
2-PB1,180,2450,0,1,0,2451,A
2-PB1,181,2449,0,0,0,2449,A
2-PB1,182,1,0,1,2458,2460,C
2-PB1,183,0,2440,0,0,2440,T
2-PB1,184,1,4,2435,1,2441,G
2-PB1,185,0,4,2437,0,2441,G
2-PB1,186,2408,1,2,0,2411,A
2-PB1,187,1,0,2419,0,2420,G
2-PB1,188,0,0,0,2414,2414,C
2-PB1,189,2424,0,2,1,2427,A
2-PB1,190,1,0,0,2540,2541,C
2-PB1,191,3,0,0,2540,2543,C
2-PB1,192,2,1,0,2531,2534,C
2-PB1,193,7,1,0,2541,2549,C
2-PB1,194,2555,0,2,1,2558,A
2-PB1,195,2580,0,0,0,2580,A
2-PB1,196,0,9,0,2570,2579,C
2-PB1,197,0,2564,0,1,2565,T
2-PB1,198,1,0,0,2573,2574,C
2-PB1,199,2490,2,0,0,2492,A
2-PB1,200,2523,1,1,0,2525,A
2-PB1,201,1,1,0,2519,2521,C
2-PB1,202,0,0,0,2514,2514,C
2-PB1,203,2,0,0,2516,2518,C
2-PB1,204,2492,0,2,1,2495,A
2-PB1,205,2500,2,1,0,2503,A
2-PB1,206,0,2510,0,1,2511,T
2-PB1,207,1,2508,0,0,2509,T
2-PB1,208,0,2,2502,0,2504,G
2-PB1,209,2476,0,0,0,2476,A
2-PB1,210,1,2478,0,1,2480,T
2-PB1,211,0,3,2471,0,2474,G
2-PB1,212,0,2,2499,0,2501,G
2-PB1,213,2534,0,1,0,2535,A
2-PB1,214,0,1,0,2548,2549,C
2-PB1,215,1,0,1,2536,2538,C
2-PB1,216,2538,0,1,0,2539,A
2-PB1,217,3,0,0,2584,2587,C
2-PB1,218,0,2571,1,0,2572,T
2-PB1,219,2615,0,1,0,2616,A
2-PB1,220,0,0,0,2639,2639,C
2-PB1,221,2,0,0,2614,2616,C
2-PB1,222,2,2562,0,0,2564,T
2-PB1,223,5,2,2574,0,2581,G
2-PB1,224,2577,1,1,0,2579,A
2-PB1,225,1,1,2595,0,2597,G
2-PB1,226,0,2,2582,1,2585,G
2-PB1,227,2589,0,0,0,2589,A
2-PB1,228,0,2575,0,1,2576,T
2-PB1,229,2536,0,0,0,2536,A
2-PB1,230,2540,1,0,0,2541,A
2-PB1,231,0,2542,0,0,2542,T
2-PB1,232,0,4,2534,0,2538,G
2-PB1,233,2544,0,0,0,2544,A
2-PB1,234,2534,0,0,0,2534,A
2-PB1,235,0,0,1,2528,2529,C
2-PB1,236,5,0,0,2494,2499,C
2-PB1,237,2516,0,1,0,2517,A
2-PB1,238,2520,2,0,0,2522,A
2-PB1,239,0,2,2525,0,2527,G
2-PB1,240,1,2534,0,0,2535,T
2-PB1,241,0,3,2520,1,2524,G
2-PB1,242,1,1,2553,0,2555,G
2-PB1,243,2554,0,0,0,2554,A
2-PB1,244,2,2549,0,2,2553,T
2-PB1,245,2551,0,0,0,2551,A
2-PB1,246,0,2589,0,1,2590,T
2-PB1,247,0,0,2614,0,2614,G
2-PB1,248,0,0,0,2610,2610,C
2-PB1,249,2609,0,0,0,2609,A
2-PB1,250,1,0,1,2663,2665,C
2-PB1,251,2625,0,1,1,2627,A
2-PB1,252,2657,1,1,0,2659,A
2-PB1,253,2657,1,3,1,2662,A
2-PB1,254,0,0,0,2668,2668,C
2-PB1,255,2591,0,1,1,2593,A
2-PB1,256,0,0,2631,0,2631,G
2-PB1,257,2605,0,1,0,2606,A
2-PB1,258,0,0,0,2619,2619,C
2-PB1,259,0,2521,0,1,2522,T
2-PB1,260,0,0,2581,0,2581,G
2-PB1,261,0,2531,0,1,2532,T
2-PB1,262,3,1,2654,0,2658,G
2-PB1,263,1,2653,0,0,2654,T
2-PB1,264,1,0,0,2657,2658,C
2-PB1,265,1,1,0,2641,2643,C
2-PB1,266,0,2622,0,1,2623,T
2-PB1,267,1,1,2613,0,2615,G
2-PB1,268,2,0,2613,0,2615,G
2-PB1,269,2563,0,5,0,2568,A
2-PB1,270,0,3,2605,0,2608,G
2-PB1,271,0,1,2538,0,2539,G
2-PB1,272,0,0,0,2546,2546,C
2-PB1,273,0,2518,0,2,2520,T
2-PB1,274,2518,0,0,0,2518,A
2-PB1,275,1,2520,0,0,2521,T
2-PB1,276,0,3,2513,0,2516,G
2-PB1,277,0,1,2517,1,2519,G
2-PB1,278,2,0,0,2514,2516,C
2-PB1,279,2,0,0,2486,2488,C
2-PB1,280,0,2454,0,2,2456,T
2-PB1,281,1,2591,0,0,2592,T
2-PB1,282,4,0,0,2594,2598,C
2-PB1,283,1,0,0,2598,2599,C
2-PB1,284,1,2599,1,2,2603,T
2-PB1,285,0,2594,0,0,2594,T
2-PB1,286,1,3,2607,1,2612,G
2-PB1,287,2613,1,0,0,2614,A
2-PB1,288,2610,0,1,0,2611,A
2-PB1,289,0,3,2618,0,2621,G
2-PB1,290,2504,1,0,0,2505,A
2-PB1,291,2516,0,0,1,2517,A
2-PB1,292,2,2479,1,35,2517,T
2-PB1,293,1,1,0,2522,2524,C
2-PB1,294,1,0,0,2517,2518,C
2-PB1,295,3,0,0,2511,2514,C
2-PB1,296,2528,1,2,0,2531,A
2-PB1,297,2,2,0,2541,2545,C
2-PB1,298,4,0,0,2538,2542,C
2-PB1,299,2,3,0,2537,2542,C
2-PB1,300,2520,0,2,1,2523,A
2-PB1,301,1,1,2547,0,2549,G
2-PB1,302,0,0,2560,0,2560,G
2-PB1,303,1,2551,1,0,2553,T
2-PB1,304,2562,1,2,0,2565,A
2-PB1,305,0,2537,0,0,2537,T
2-PB1,306,1,1,0,2535,2537,C
2-PB1,307,0,2546,1,1,2548,T
2-PB1,308,0,2544,0,0,2544,T
2-PB1,309,2,2539,0,1,2542,T
2-PB1,310,1,1,2528,0,2530,G
2-PB1,311,2514,0,0,0,2514,A
2-PB1,312,0,3,2520,0,2523,G
2-PB1,313,2492,0,1,0,2493,A
2-PB1,314,2498,0,1,0,2499,A
2-PB1,315,1,0,0,2516,2517,C
2-PB1,316,0,2484,1,2,2487,T
2-PB1,317,3,0,0,2485,2488,C
2-PB1,318,2479,1,1,0,2481,A
2-PB1,319,0,2488,0,0,2488,T
2-PB1,320,1,0,2494,1,2496,G
2-PB1,321,0,1,0,2541,2542,C
2-PB1,322,0,1,0,2539,2540,C
2-PB1,323,0,2531,0,1,2532,T
2-PB1,324,0,2508,0,0,2508,T
2-PB1,325,0,2,2517,0,2519,G
2-PB1,326,2528,2,0,0,2530,A
2-PB1,327,2532,0,1,1,2534,A
2-PB1,328,2531,1,1,2,2535,A
2-PB1,329,0,0,0,2548,2548,C
2-PB1,330,2487,0,1,0,2488,A
2-PB1,331,2488,1,18,0,2507,A
2-PB1,332,0,2512,0,1,2513,T
2-PB1,333,0,1,2505,0,2506,G
2-PB1,334,0,1,2503,0,2504,G
2-PB1,335,2474,1,2,0,2477,A
2-PB1,336,2478,0,2,0,2480,A
2-PB1,337,0,1,2484,0,2485,G
2-PB1,338,2,0,0,2475,2477,C
2-PB1,339,0,1,0,2448,2449,C
2-PB1,340,1,0,2472,0,2473,G
2-PB1,341,0,2469,0,0,2469,T
2-PB1,342,0,2463,0,1,2464,T
2-PB1,343,4,1,0,2481,2486,C
2-PB1,344,2484,1,0,0,2485,A
2-PB1,345,2537,0,2,0,2539,A
2-PB1,346,1,0,0,2542,2543,C
2-PB1,347,2522,3,0,0,2525,A
2-PB1,348,0,2,2547,0,2549,G
2-PB1,349,2514,0,1,0,2515,A
2-PB1,350,1,1,0,2522,2524,C
2-PB1,351,2519,1,0,0,2520,A
2-PB1,352,2490,0,1,0,2491,A
2-PB1,353,0,1,2493,0,2494,G
2-PB1,354,2397,1,3,0,2401,A
2-PB1,355,1,2,2473,0,2476,G
2-PB1,356,0,2475,0,1,2476,T
2-PB1,357,0,2,2502,0,2504,G
2-PB1,358,0,0,2497,0,2497,G
2-PB1,359,2494,1,2,0,2497,A
2-PB1,360,0,0,0,2500,2500,C
2-PB1,361,2448,0,0,0,2448,A
2-PB1,362,2495,0,1,0,2496,A
2-PB1,363,2501,1,1,0,2503,A
2-PB1,364,0,1,0,2503,2504,C
2-PB1,365,1,2496,0,1,2498,T
2-PB1,366,2500,1,0,0,2501,A
2-PB1,367,2517,0,2,0,2519,A
2-PB1,368,2,2,0,2516,2520,C
2-PB1,369,1,1,0,2519,2521,C
2-PB1,370,3,2,0,2513,2518,C
2-PB1,371,2431,0,1,1,2433,A
2-PB1,372,2430,0,5,0,2435,A
2-PB1,373,0,3,2430,0,2433,G
2-PB1,374,0,0,2438,0,2438,G
2-PB1,375,1,2414,0,1,2416,T
2-PB1,376,1,1,1,2402,2405,C
2-PB1,377,0,0,2410,0,2410,G
2-PB1,378,1,2,0,2400,2403,C
2-PB1,379,1,1,0,2408,2410,C
2-PB1,380,2408,0,3,0,2411,A
2-PB1,381,0,1,2455,0,2456,G
2-PB1,382,2495,0,1,0,2496,A
2-PB1,383,1,0,0,2493,2494,C
2-PB1,384,0,2476,0,0,2476,T
2-PB1,385,0,2460,0,2,2462,T
2-PB1,386,2464,0,2,0,2466,A
2-PB1,387,0,2483,0,0,2483,T
2-PB1,388,1,0,2480,1,2482,G
2-PB1,389,2476,2,1,0,2479,A
2-PB1,390,1,2414,2,0,2417,T
2-PB1,391,2,2353,0,0,2355,T
2-PB1,392,1,3,2335,0,2339,G
2-PB1,393,0,2,2340,0,2342,G
2-PB1,394,2354,1,2,0,2357,A
2-PB1,395,0,0,0,2364,2364,C
2-PB1,396,2322,0,0,0,2322,A
2-PB1,397,0,2306,0,0,2306,T
2-PB1,398,1,2326,0,1,2328,T
2-PB1,399,2340,1,0,0,2341,A
2-PB1,400,2345,0,1,0,2346,A
2-PB1,401,2350,0,0,0,2350,A
2-PB1,402,0,0,0,2347,2347,C
2-PB1,403,2306,0,1,1,2308,A
2-PB1,404,0,1,2321,0,2322,G
2-PB1,405,2310,0,1,0,2311,A
2-PB1,406,2312,1,1,0,2314,A
2-PB1,407,2316,0,1,0,2317,A
2-PB1,408,1,2302,1,0,2304,T
2-PB1,409,2,0,0,2312,2314,C
2-PB1,410,2306,0,1,0,2307,A
2-PB1,411,2314,0,2,0,2316,A
2-PB1,412,0,0,0,2313,2313,C
2-PB1,413,1,3,0,2290,2294,C
2-PB1,414,0,0,2294,0,2294,G
2-PB1,415,0,1,2294,0,2295,G
2-PB1,416,0,0,1,2306,2307,C
2-PB1,417,2306,0,0,1,2307,A
2-PB1,418,0,0,2306,0,2306,G
2-PB1,419,0,0,0,2319,2319,C
2-PB1,420,2312,0,0,0,2312,A
2-PB1,421,2315,0,0,0,2315,A
2-PB1,422,0,0,0,2327,2327,C
2-PB1,423,0,2312,0,0,2312,T
2-PB1,424,0,0,2379,0,2379,G
2-PB1,425,0,2,0,2381,2383,C
2-PB1,426,2381,2,0,0,2383,A
2-PB1,427,1,2381,0,0,2382,T
2-PB1,428,0,2350,0,1,2351,T
2-PB1,429,2508,1,0,1,2510,A
2-PB1,430,0,1,2520,1,2522,G
2-PB1,431,1,0,0,2504,2505,C
2-PB1,432,3,1,0,2502,2506,C
2-PB1,433,2408,1,1,0,2410,A
2-PB1,434,2418,0,2,0,2420,A
2-PB1,435,0,1,0,2430,2431,C
2-PB1,436,2426,1,0,0,2427,A
2-PB1,437,0,0,0,2489,2489,C
2-PB1,438,3,1,0,2271,2275,C
2-PB1,439,2266,0,1,0,2267,A
2-PB1,440,0,2266,0,0,2266,T
2-PB1,441,2262,1,0,0,2263,A
2-PB1,442,0,1,2268,0,2269,G
2-PB1,443,2259,0,0,0,2259,A
2-PB1,444,2223,0,0,0,2223,A
2-PB1,445,0,1,2239,0,2240,G
2-PB1,446,0,2142,0,0,2142,T
2-PB1,447,0,2147,0,0,2147,T
2-PB1,448,2,2138,0,0,2140,T
2-PB1,449,0,2150,0,0,2150,T
2-PB1,450,0,2155,0,0,2155,T
2-PB1,451,2150,2,0,0,2152,A
2-PB1,452,0,0,2152,0,2152,G
2-PB1,453,2139,0,1,2,2142,A
2-PB1,454,0,2132,0,0,2132,T
2-PB1,455,2,1,0,2087,2090,C
2-PB1,456,1,2,2089,0,2092,G
2-PB1,457,2095,1,0,0,2096,A
2-PB1,458,2096,1,0,0,2097,A
2-PB1,459,0,0,0,2110,2110,C
2-PB1,460,1,0,2106,0,2107,G
2-PB1,461,0,2,2209,0,2211,G
2-PB1,462,2212,0,1,0,2213,A
2-PB1,463,1,2209,0,1,2211,T
2-PB1,464,0,2213,0,1,2214,T
2-PB1,465,2206,0,5,0,2211,A
2-PB1,466,2214,0,0,0,2214,A
2-PB1,467,2,0,0,2231,2233,C
2-PB1,468,2211,1,1,0,2213,A
2-PB1,469,1,0,2220,0,2221,G
2-PB1,470,0,0,0,2131,2131,C
2-PB1,471,0,2118,1,0,2119,T
2-PB1,472,2124,0,0,0,2124,A
2-PB1,473,2127,0,1,0,2128,A
2-PB1,474,1,2126,0,0,2127,T
2-PB1,475,0,1,2152,0,2153,G
2-PB1,476,2141,1,0,0,2142,A
2-PB1,477,2144,0,0,0,2144,A
2-PB1,478,0,2109,0,1,2110,T
2-PB1,479,2,0,0,2108,2110,C
2-PB1,480,2107,0,2,0,2109,A
2-PB1,481,1,1,2105,1,2108,G
2-PB1,482,1,0,2098,0,2099,G
2-PB1,483,2105,0,2,0,2107,A
2-PB1,484,2079,0,1,0,2080,A
2-PB1,485,1,1,2170,0,2172,G
2-PB1,486,2,2,2173,0,2177,G
2-PB1,487,0,0,0,2170,2170,C
2-PB1,488,1,2171,1,0,2173,T
2-PB1,489,2174,0,0,0,2174,A
2-PB1,490,2176,0,2,0,2178,A
2-PB1,491,0,2176,0,1,2177,T
2-PB1,492,2172,0,0,0,2172,A
2-PB1,493,0,2,2179,0,2181,G
2-PB1,494,2039,0,0,0,2039,A
2-PB1,495,0,2014,0,0,2014,T
2-PB1,496,0,2014,0,1,2015,T
2-PB1,497,1,2005,2,0,2008,T
2-PB1,498,1,0,0,2083,2084,C
2-PB1,499,1,1,0,2079,2081,C
2-PB1,500,0,2068,0,1,2069,T
2-PB1,501,2,0,0,2078,2080,C
2-PB1,502,2081,0,1,0,2082,A
2-PB1,503,2086,0,1,0,2087,A
2-PB1,504,1,2,2092,0,2095,G
2-PB1,505,0,2,2113,1,2116,G
2-PB1,506,2112,0,0,0,2112,A
2-PB1,507,0,2024,0,1,2025,T
2-PB1,508,0,0,2039,0,2039,G
2-PB1,509,0,2039,0,0,2039,T
2-PB1,510,0,0,2070,0,2070,G
2-PB1,511,2067,0,1,0,2068,A
2-PB1,512,0,2058,1,0,2059,T
2-PB1,513,1,2,2042,0,2045,G
2-PB1,514,0,0,2032,0,2032,G
2-PB1,515,2030,1,1,0,2032,A
2-PB1,516,2036,0,0,0,2036,A
2-PB1,517,0,2028,0,0,2028,T
2-PB1,518,3,0,0,2027,2030,C
2-PB1,519,1997,0,0,0,1997,A
2-PB1,520,2006,0,1,0,2007,A
2-PB1,521,0,2001,0,1,2002,T
2-PB1,522,1,0,2017,0,2018,G
2-PB1,523,0,1,2005,2,2008,G
2-PB1,524,1995,0,2,0,1997,A
2-PB1,525,0,2,0,1968,1970,C
2-PB1,526,1991,2,0,0,1993,A
2-PB1,527,1994,0,0,0,1994,A
2-PB1,528,1990,0,1,0,1991,A
2-PB1,529,1,4,2014,0,2019,G
2-PB1,530,2013,0,1,0,2014,A
2-PB1,531,0,0,2002,0,2002,G
2-PB1,532,0,2,2002,0,2004,G
2-PB1,533,1994,0,1,2,1997,A
2-PB1,534,1990,1,0,0,1991,A
2-PB1,535,2007,0,0,0,2007,A
2-PB1,536,0,2003,0,0,2003,T
2-PB1,537,0,2,2030,0,2032,G
2-PB1,538,0,2,2023,0,2025,G
2-PB1,539,1997,0,2,0,1999,A
2-PB1,540,0,1,2004,0,2005,G
2-PB1,541,1984,1,0,0,1985,A
2-PB1,542,1,2024,0,0,2025,T
2-PB1,543,2023,0,2,0,2025,A
2-PB1,544,2026,1,0,1,2028,A
2-PB1,545,2,0,0,2029,2031,C
2-PB1,546,2004,0,0,1,2005,A
2-PB1,547,2007,0,2,0,2009,A
2-PB1,548,2,1,0,2006,2009,C
2-PB1,549,1992,0,1,0,1993,A
2-PB1,550,1,1,0,1993,1995,C
2-PB1,551,1947,0,1,0,1948,A
2-PB1,552,0,0,0,1968,1968,C
2-PB1,553,0,1944,0,0,1944,T
2-PB1,554,0,1935,0,1,1936,T
2-PB1,555,1,1942,0,0,1943,T
2-PB1,556,2,2,0,1944,1948,C
2-PB1,557,1946,0,1,0,1947,A
2-PB1,558,1951,0,2,0,1953,A
2-PB1,559,1959,0,1,0,1960,A
2-PB1,560,2,1,1978,1,1982,G
2-PB1,561,1955,1,1,0,1957,A
2-PB1,562,1958,0,0,0,1958,A
2-PB1,563,1956,0,0,0,1956,A
2-PB1,564,1956,0,0,1,1957,A
2-PB1,565,1960,1,1,0,1962,A
2-PB1,566,0,1,1966,0,1967,G
2-PB1,567,0,1,1970,0,1971,G
2-PB1,568,1951,1,1,0,1953,A
2-PB1,569,0,0,1982,0,1982,G
2-PB1,570,1972,0,4,0,1976,A
2-PB1,571,0,0,2040,0,2040,G
2-PB1,572,0,2034,0,1,2035,T
2-PB1,573,2043,0,0,0,2043,A
2-PB1,574,2048,0,0,0,2048,A
2-PB1,575,0,2,2041,0,2043,G
2-PB1,576,1,2,2051,0,2054,G
2-PB1,577,1,1,2052,0,2054,G
2-PB1,578,2023,1,0,0,2024,A
2-PB1,579,0,1,0,2031,2032,C
2-PB1,580,1951,1,0,0,1952,A
2-PB1,581,1960,0,0,0,1960,A
2-PB1,582,0,1,0,1962,1963,C
2-PB1,583,1953,0,0,0,1953,A
2-PB1,584,0,1938,0,0,1938,T
2-PB1,585,0,1,1931,0,1932,G
2-PB1,586,1937,0,1,0,1938,A
2-PB1,587,1,0,0,1932,1933,C
2-PB1,588,0,0,0,1902,1902,C
2-PB1,589,1902,1,1,0,1904,A
2-PB1,590,1902,1,1,0,1904,A
2-PB1,591,0,0,1917,0,1917,G
2-PB1,592,1918,1,0,0,1919,A
2-PB1,593,1913,0,1,0,1914,A
2-PB1,594,1900,0,1,0,1901,A
2-PB1,595,1899,0,0,0,1899,A
2-PB1,596,0,1898,0,1,1899,T
2-PB1,597,0,0,1901,0,1901,G
2-PB1,598,0,0,1901,1,1902,G
2-PB1,599,1,1880,0,4,1885,T
2-PB1,600,1,21,1,1853,1876,C
2-PB1,601,1901,0,0,0,1901,A
2-PB1,602,0,0,0,2116,2116,C
2-PB1,603,2186,0,1,0,2187,A
2-PB1,604,0,0,0,2195,2195,C
2-PB1,605,2188,1,2,0,2191,A
2-PB1,606,2327,0,0,1,2328,A
2-PB1,607,2314,0,0,0,2314,A
2-PB1,608,0,1,2573,0,2574,G
2-PB1,609,2564,0,1,0,2565,A
2-PB1,610,2591,0,1,0,2592,A
2-PB1,611,0,1,0,2724,2725,C
2-PB1,612,2663,0,2,0,2665,A
2-PB1,613,2705,0,0,0,2705,A
2-PB1,614,0,2698,0,1,2699,T
2-PB1,615,2682,1,0,0,2683,A
2-PB1,616,0,4,2689,0,2693,G
2-PB1,617,0,1,2624,0,2625,G
2-PB1,618,0,1,2636,0,2637,G
2-PB1,619,2625,0,0,0,2625,A
2-PB1,620,2605,0,0,0,2605,A
2-PB1,621,0,0,2640,1,2641,G
2-PB1,622,2638,0,0,0,2638,A
2-PB1,623,2641,2,0,0,2643,A
2-PB1,624,2651,0,3,0,2654,A
2-PB1,625,2680,2,1,1,2684,A
2-PB1,626,2767,1,2,0,2770,A
2-PB1,627,2778,3,1,0,2782,A
2-PB1,628,0,0,0,2794,2794,C
2-PB1,629,2784,1,0,1,2786,A
2-PB1,630,2777,1,1,0,2779,A
2-PB1,631,2774,0,0,0,2774,A
2-PB1,632,0,1,2874,0,2875,G
2-PB1,633,2875,0,1,0,2876,A
2-PB1,634,0,0,3056,0,3056,G
2-PB1,635,0,3040,0,0,3040,T
2-PB1,636,2,3,3726,0,3731,G
2-PB1,637,3743,0,2,0,3745,A
2-PB1,638,3749,1,2,1,3753,A
2-PB1,639,1,3842,0,0,3843,T
2-PB1,640,3858,0,0,0,3858,A
2-PB1,641,3863,1,2,0,3866,A
2-PB1,642,0,7,3875,0,3882,G
2-PB1,643,3808,0,8,0,3816,A
2-PB1,644,0,2,3832,0,3834,G
2-PB1,645,3675,0,3,0,3678,A
2-PB1,646,3,4,3706,1,3714,G
2-PB1,647,1,0,3723,0,3724,G
2-PB1,648,0,0,0,3711,3711,C
2-PB1,649,0,3717,0,2,3719,T
2-PB1,650,3857,0,1,0,3858,A
2-PB1,651,1,11,0,4115,4127,C
2-PB1,652,0,1,0,4141,4142,C
2-PB1,653,0,4171,0,3,4174,T
2-PB1,654,4388,0,1,0,4389,A
2-PB1,655,4376,2,3,0,4381,A
2-PB1,656,0,4385,0,0,4385,T
2-PB1,657,4381,0,1,0,4382,A
2-PB1,658,4356,0,12,0,4368,A
2-PB1,659,2,3,4381,0,4386,G
2-PB1,660,4295,1,7,0,4303,A
2-PB1,661,1,0,4365,0,4366,G
2-PB1,662,1,0,1,4376,4378,C
2-PB1,663,1,4349,0,1,4351,T
2-PB1,664,0,4375,0,1,4376,T
2-PB1,665,0,4371,0,1,4372,T
2-PB1,666,1,8,4368,0,4377,G
2-PB1,667,4461,1,1,1,4464,A
2-PB1,668,1,1,0,4491,4493,C
2-PB1,669,4473,0,3,1,4477,A
2-PB1,670,0,4466,0,6,4472,T
2-PB1,671,0,4447,0,3,4450,T
2-PB1,672,1,4,4540,0,4545,G
2-PB1,673,4534,1,4,1,4540,A
2-PB1,674,4550,1,2,1,4554,A
2-PB1,675,0,4,0,4555,4559,C
2-PB1,676,4524,2,1,2,4529,A
2-PB1,677,1,3,0,4534,4538,C
2-PB1,678,1,2,4534,0,4537,G
2-PB1,679,4557,0,1,1,4559,A
2-PB1,680,0,4558,0,2,4560,T
2-PB1,681,1,7,4632,0,4640,G
2-PB1,682,4663,1,4,0,4668,A
2-PB1,683,1,1,1,4670,4673,C
2-PB1,684,3,1,0,4669,4673,C
2-PB1,685,4681,0,1,1,4683,A
2-PB1,686,4747,0,1,1,4749,A
2-PB1,687,4750,1,4,0,4755,A
2-PB1,688,3,1,4901,2,4907,G
2-PB1,689,4963,0,2,0,4965,A
2-PB1,690,0,4916,0,0,4916,T
2-PB1,691,2,0,4937,0,4939,G
2-PB1,692,0,0,0,4922,4922,C
2-PB1,693,4922,0,3,1,4926,A
2-PB1,694,1,5,4968,0,4974,G
2-PB1,695,4909,0,5,1,4915,A
2-PB1,696,0,4,4929,0,4933,G
2-PB1,697,4798,1,5,0,4804,A
2-PB1,698,0,2,4792,0,4794,G
2-PB1,699,4766,0,8,1,4775,A
2-PB1,700,1,3,4769,1,4774,G
2-PB1,701,3,0,4776,0,4779,G
2-PB1,702,1,1,0,4771,4773,C
2-PB1,703,4746,0,2,0,4748,A
2-PB1,704,4756,0,0,0,4756,A
2-PB1,705,4782,1,0,1,4784,A
2-PB1,706,0,4805,0,0,4805,T
2-PB1,707,0,4792,2,4,4798,T
2-PB1,708,4818,3,1,0,4822,A
2-PB1,709,4797,0,4,1,4802,A
2-PB1,710,4822,0,1,0,4823,A
2-PB1,711,4845,1,1,0,4847,A
2-PB1,712,4850,1,0,1,4852,A
2-PB1,713,1,3,4865,0,4869,G
2-PB1,714,4819,0,2,1,4822,A
2-PB1,715,4812,0,2,1,4815,A
2-PB1,716,2,10,4878,1,4891,G
2-PB1,717,3,4,4981,0,4988,G
2-PB1,718,1,3,5008,0,5012,G
2-PB1,719,1,2,0,5043,5046,C
2-PB1,720,1,5045,0,0,5046,T
2-PB1,721,5085,1,4,0,5090,A
2-PB1,722,0,5194,1,4,5199,T
2-PB1,723,1,5191,1,3,5196,T
2-PB1,724,1,2,5213,1,5217,G
2-PB1,725,2,2,0,5193,5197,C
2-PB1,726,5068,1,7,0,5076,A
2-PB1,727,5084,0,3,1,5088,A
2-PB1,728,0,0,0,5097,5097,C
2-PB1,729,5092,0,0,1,5093,A
2-PB1,730,2,2,0,5113,5117,C
2-PB1,731,2,1,0,5047,5050,C
2-PB1,732,5,2,0,5042,5049,C
2-PB1,733,1,3,5043,0,5047,G
2-PB1,734,1,1,5064,0,5066,G
2-PB1,735,10,2,5064,0,5076,G
2-PB1,736,5101,0,2,0,5103,A
2-PB1,737,0,5062,0,3,5065,T
2-PB1,738,4,2,5093,0,5099,G
2-PB1,739,1,1,1,5086,5089,C
2-PB1,740,5146,1,2,0,5149,A
2-PB1,741,5260,1,3,0,5264,A
2-PB1,742,5308,1,0,1,5310,A
2-PB1,743,0,5330,0,1,5331,T
2-PB1,744,0,5333,0,0,5333,T
2-PB1,745,5301,1,5,0,5307,A
2-PB1,746,1,0,5307,0,5308,G
2-PB1,747,5268,0,1,0,5269,A
2-PB1,748,1,6,5309,0,5316,G
2-PB1,749,1,2,5240,0,5243,G
2-PB1,750,1,2,5411,0,5414,G
2-PB1,751,0,5440,0,1,5441,T
2-PB1,752,2,5439,1,5,5447,T
2-PB1,753,2,2,0,5481,5485,C
2-PB1,754,2,0,5555,0,5557,G
2-PB1,755,1,5548,0,8,5557,T
2-PB1,756,36,2,5523,1,5562,G
2-PB1,757,0,5553,1,1,5555,T
2-PB1,758,5528,2,1,0,5531,A
2-PB1,759,0,0,1,5524,5525,C
2-PB1,760,2,5270,0,3,5275,T
2-PB1,761,5,5286,0,1,5292,T
2-PB1,762,2,2,0,5250,5254,C
2-PB1,763,3,1,5220,0,5224,G
2-PB1,764,0,5211,0,2,5213,T
2-PB1,765,1,5202,1,4,5208,T
2-PB1,766,1,1,5216,0,5218,G
2-PB1,767,5205,0,0,0,5205,A
2-PB1,768,5205,2,2,0,5209,A
2-PB1,769,5248,2,1,0,5251,A
2-PB1,770,0,0,0,5276,5276,C
2-PB1,771,0,5241,1,2,5244,T
2-PB1,772,0,5226,0,0,5226,T
2-PB1,773,0,5233,0,0,5233,T
2-PB1,774,5330,0,3,0,5333,A
2-PB1,775,2,0,5343,0,5345,G
2-PB1,776,2,2,0,5349,5353,C
2-PB1,777,1,5354,0,0,5355,T
2-PB1,778,5295,0,2,0,5297,A
2-PB1,779,0,2,5285,1,5288,G
2-PB1,780,5262,4,26,0,5292,A
2-PB1,781,5268,0,8,1,5277,A
2-PB1,782,0,0,5310,1,5311,G
2-PB1,783,0,1,0,5227,5228,C
2-PB1,784,5223,0,1,0,5224,A
2-PB1,785,3,5202,0,1,5206,T
2-PB1,786,1,5198,0,2,5201,T
2-PB1,787,4,5200,0,0,5204,T
2-PB1,788,0,1,5230,0,5231,G
2-PB1,789,1,4,0,5218,5223,C
2-PB1,790,5,4,5220,0,5229,G
2-PB1,791,5213,1,1,0,5215,A
2-PB1,792,5182,1,0,2,5185,A
2-PB1,793,5190,2,2,0,5194,A
2-PB1,794,5383,0,3,2,5388,A
2-PB1,795,2,0,5447,0,5449,G
2-PB1,796,1,0,0,5460,5461,C
2-PB1,797,0,5447,1,3,5451,T
2-PB1,798,0,5459,0,2,5461,T
2-PB1,799,0,7,5467,0,5474,G
2-PB1,800,5461,1,4,0,5466,A
2-PB1,801,5458,0,4,1,5463,A
2-PB1,802,1,1,0,5485,5487,C
2-PB1,803,5303,0,1,1,5305,A
2-PB1,804,1,0,5888,0,5889,G
2-PB1,805,0,5862,0,1,5863,T
2-PB1,806,3,1,0,5867,5871,C
2-PB1,807,0,5866,1,8,5875,T
2-PB1,808,3,4,5870,2,5879,G
2-PB1,809,0,2,5884,1,5887,G
2-PB1,810,5888,1,6,0,5895,A
2-PB1,811,6,1,0,5903,5910,C
2-PB1,812,1,5732,1,4,5738,T
2-PB1,813,1,5365,0,5,5371,T
2-PB1,814,4,1,0,5348,5353,C
2-PB1,815,5,3,0,5359,5367,C
2-PB1,816,2,1,5412,0,5415,G
2-PB1,817,0,4,5424,0,5428,G
2-PB1,818,1,5381,0,3,5385,T
2-PB1,819,0,5388,0,4,5392,T
2-PB1,820,2,7,5369,0,5378,G
2-PB1,821,0,4,5403,0,5407,G
2-PB1,822,1,9,5416,0,5426,G
2-PB1,823,2,4,5432,1,5439,G
2-PB1,824,1,2,5475,0,5478,G
2-PB1,825,1,5452,0,4,5457,T
2-PB1,826,5459,1,0,0,5460,A
2-PB1,827,5493,1,3,0,5497,A
2-PB1,828,2,5506,0,0,5508,T
2-PB1,829,1,5,5522,1,5529,G
2-PB1,830,5471,2,3,1,5477,A
2-PB1,831,5404,0,5,0,5409,A
2-PB1,832,5421,0,3,0,5424,A
2-PB1,833,5408,0,2,0,5410,A
2-PB1,834,1,1,5402,0,5404,G
2-PB1,835,5359,1,3,0,5363,A
2-PB1,836,5330,2,4,0,5336,A
2-PB1,837,2,3,5362,0,5367,G
2-PB1,838,4,2,5344,0,5350,G
2-PB1,839,1,1,0,5336,5338,C
2-PB1,840,2,2,1,5342,5347,C
2-PB1,841,5353,3,1,0,5357,A
2-PB1,842,5348,2,1,0,5351,A
2-PB1,843,5359,1,3,0,5363,A
2-PB1,844,1,4,1,5364,5370,C
2-PB1,845,1,5351,0,7,5359,T
2-PB1,846,0,2,5467,1,5470,G
2-PB1,847,3,1,5449,1,5454,G
2-PB1,848,0,2,1,5475,5478,C
2-PB1,849,5478,1,4,1,5484,A
2-PB1,850,5475,4,1,0,5480,A
2-PB1,851,5488,1,2,0,5491,A
2-PB1,852,1,5496,1,0,5498,T
2-PB1,853,0,0,5516,0,5516,G
2-PB1,854,0,5495,2,1,5498,T
2-PB1,855,1,5376,0,3,5380,T
2-PB1,856,0,0,5397,0,5397,G
2-PB1,857,0,5380,0,2,5382,T
2-PB1,858,0,3,5392,0,5395,G
2-PB1,859,5395,1,5,0,5401,A
2-PB1,860,2,2,5431,0,5435,G
2-PB1,861,5410,2,3,1,5416,A
2-PB1,862,5388,0,1,1,5390,A
2-PB1,863,5383,0,6,0,5389,A
2-PB1,864,5394,0,4,0,5398,A
2-PB1,865,5423,1,2,0,5426,A
2-PB1,866,0,5411,0,0,5411,T
2-PB1,867,1,1,5415,0,5417,G
2-PB1,868,5407,0,8,0,5415,A
2-PB1,869,2,5356,1,1,5360,T
2-PB1,870,1,3,5400,1,5405,G
2-PB1,871,5400,1,2,0,5403,A
2-PB1,872,1,1,1,5471,5474,C
2-PB1,873,3,5441,1,4,5449,T
2-PB1,874,5438,0,0,1,5439,A
2-PB1,875,5499,0,2,0,5501,A
2-PB1,876,0,5489,0,0,5489,T
2-PB1,877,0,5561,0,3,5564,T
2-PB1,878,6,1,0,5609,5616,C
2-PB1,879,5612,1,2,0,5615,A
2-PB1,880,0,1,0,5624,5625,C
2-PB1,881,5569,0,3,0,5572,A
2-PB1,882,5573,1,4,2,5580,A
2-PB1,883,0,2,5569,0,5571,G
2-PB1,884,5672,0,9,0,5681,A
2-PB1,885,0,2,0,5682,5684,C
2-PB1,886,5640,2,3,0,5645,A
2-PB1,887,1,2,0,5638,5641,C
2-PB1,888,5579,0,10,2,5591,A
2-PB1,889,0,4,5623,0,5627,G
2-PB1,890,5607,1,2,2,5612,A
2-PB1,891,2,1,5632,0,5635,G
2-PB1,892,1,1,0,5601,5603,C
2-PB1,893,0,5461,1,13,5475,T
2-PB1,894,4,5536,1,2,5543,T
2-PB1,895,0,5544,0,1,5545,T
2-PB1,896,5,1,0,5563,5569,C
2-PB1,897,0,5543,2,8,5553,T
2-PB1,898,0,5508,0,1,5509,T
2-PB1,899,0,5511,1,3,5515,T
2-PB1,900,3,1,0,5509,5513,C
2-PB1,901,5520,2,2,0,5524,A
2-PB1,902,1,1,0,5547,5549,C
2-PB1,903,5484,2,2,0,5488,A
2-PB1,904,5505,0,0,0,5505,A
2-PB1,905,1,5578,0,0,5579,T
2-PB1,906,5,2,0,5668,5675,C
2-PB1,907,5723,1,1,0,5725,A
2-PB1,908,0,0,0,5756,5756,C
2-PB1,909,2,5722,1,4,5729,T
2-PB1,910,2,0,5754,0,5756,G
2-PB1,911,2,6,5726,0,5734,G
2-PB1,912,1,6,5908,1,5916,G
2-PB1,913,2,9,5890,0,5901,G
2-PB1,914,5801,0,6,0,5807,A
2-PB1,915,6,4,1,5602,5613,C
2-PB1,916,5665,2,3,1,5671,A
2-PB1,917,6099,0,4,0,6103,A
2-PB1,918,2,2,1,6159,6164,C
2-PB1,919,6140,1,2,1,6144,A
2-PB1,920,0,1,0,6134,6135,C
2-PB1,921,3,5896,0,2,5901,T
2-PB1,922,5923,0,2,0,5925,A
2-PB1,923,5919,0,6,1,5926,A
2-PB1,924,1,4,5970,1,5976,G
2-PB1,925,1,5953,0,3,5957,T
2-PB1,926,1,4,5528,0,5533,G
2-PB1,927,1,3,5504,0,5508,G
2-PB1,928,5481,1,3,0,5485,A
2-PB1,929,5487,0,2,2,5491,A
2-PB1,930,0,5480,1,1,5482,T
2-PB1,931,2,3,5461,2,5468,G
2-PB1,932,5457,0,2,0,5459,A
2-PB1,933,5389,1,2,0,5392,A
2-PB1,934,5432,0,6,0,5438,A
2-PB1,935,5455,1,3,0,5459,A
2-PB1,936,0,5445,0,0,5445,T
2-PB1,937,7,1,0,5441,5449,C
2-PB1,938,5446,1,0,0,5447,A
2-PB1,939,5445,0,1,0,5446,A
2-PB1,940,5437,0,4,2,5443,A
2-PB1,941,5433,0,2,1,5436,A
2-PB1,942,1,2,0,5452,5455,C
2-PB1,943,5,1,0,5410,5416,C
2-PB1,944,6,0,0,5420,5426,C
2-PB1,945,0,5405,0,7,5412,T
2-PB1,946,0,2,0,5429,5431,C
2-PB1,947,2,6,5424,0,5432,G
2-PB1,948,5434,0,0,0,5434,A
2-PB1,949,5433,1,1,0,5435,A
2-PB1,950,0,5440,0,1,5441,T
2-PB1,951,1,0,5468,1,5470,G
2-PB1,952,0,5421,4,2,5427,T
2-PB1,953,1,5413,1,6,5421,T
2-PB1,954,0,5423,0,1,5424,T
2-PB1,955,1,5428,1,0,5430,T
2-PB1,956,0,5433,0,0,5433,T
2-PB1,957,2,4,5423,0,5429,G
2-PB1,958,2,0,5405,0,5407,G
2-PB1,959,2,5,0,5406,5413,C
2-PB1,960,0,3,5388,0,5391,G
2-PB1,961,5390,2,1,1,5394,A
2-PB1,962,1,5610,0,2,5613,T
2-PB1,963,0,2,5810,0,5812,G
2-PB1,964,6112,0,1,2,6115,A
2-PB1,965,3,6139,0,3,6145,T
2-PB1,966,0,6147,0,1,6148,T
2-PB1,967,6183,0,5,0,6188,A
2-PB1,968,1,3,0,6189,6193,C
2-PB1,969,6214,2,10,0,6226,A
2-PB1,970,1,6210,0,3,6214,T
2-PB1,971,5943,0,1,0,5944,A
2-PB1,972,1,0,0,6005,6006,C
2-PB1,973,5503,1,2,2,5508,A
2-PB1,974,1,5491,0,5,5497,T
2-PB1,975,2,2,0,5477,5481,C
2-PB1,976,5473,2,2,2,5479,A
2-PB1,977,2,3,0,5475,5480,C
2-PB1,978,5436,2,1,0,5439,A
2-PB1,979,5440,0,0,0,5440,A
2-PB1,980,5427,0,1,0,5428,A
2-PB1,981,2,3,5254,1,5260,G
2-PB1,982,5513,1,2,1,5517,A
2-PB1,983,5515,1,3,0,5519,A
2-PB1,984,0,5523,0,1,5524,T
2-PB1,985,3,0,0,5518,5521,C
2-PB1,986,5581,0,3,0,5584,A
2-PB1,987,5622,1,3,0,5626,A
2-PB1,988,2,0,1,5639,5642,C
2-PB1,989,1,1,0,5632,5634,C
2-PB1,990,1,5389,0,4,5394,T
2-PB1,991,1,4,5436,0,5441,G
2-PB1,992,5414,1,1,1,5417,A
2-PB1,993,0,1,5431,0,5432,G
2-PB1,994,2,5415,0,0,5417,T
2-PB1,995,1,7,5303,0,5311,G
2-PB1,996,3,1,5665,0,5669,G
2-PB1,997,0,5625,1,0,5626,T
2-PB1,998,1,5622,1,3,5627,T
2-PB1,999,5,2,0,5629,5636,C
2-PB1,1000,5585,3,5,0,5593,A
2-PB1,1001,0,0,5700,0,5700,G
2-PB1,1002,5656,1,39,0,5696,A
2-PB1,1003,5683,1,4,1,5689,A
2-PB1,1004,5675,1,3,0,5679,A
2-PB1,1005,0,3,1,5323,5327,C
2-PB1,1006,5427,0,1,0,5428,A
2-PB1,1007,0,5415,0,1,5416,T
2-PB1,1008,1,0,0,5464,5465,C
2-PB1,1009,4,1,0,5480,5485,C
2-PB1,1010,1,5336,0,6,5343,T
2-PB1,1011,2,3,5371,0,5376,G
2-PB1,1012,5343,2,3,0,5348,A
2-PB1,1013,0,1,5482,0,5483,G
2-PB1,1014,0,2,0,5469,5471,C
2-PB1,1015,5315,0,0,2,5317,A
2-PB1,1016,1,5324,1,3,5329,T
2-PB1,1017,121,3,0,5173,5297,C
2-PB1,1018,6,2,5285,1,5294,G
2-PB1,1019,3,1,0,5462,5466,C
2-PB1,1020,5484,0,4,1,5489,A
2-PB1,1021,1,0,1,5675,5677,C
2-PB1,1022,3,2,1,5607,5613,C
2-PB1,1023,5616,1,4,1,5622,A
2-PB1,1024,5697,2,1,2,5702,A
2-PB1,1025,1,5703,1,2,5707,T
2-PB1,1026,5690,0,1,1,5692,A
2-PB1,1027,5694,0,2,0,5696,A
2-PB1,1028,0,5514,1,2,5517,T
2-PB1,1029,4,0,5532,1,5537,G
2-PB1,1030,0,5431,1,4,5436,T
2-PB1,1031,1,5401,1,1,5404,T
2-PB1,1032,8,2,0,5416,5426,C
2-PB1,1033,1,5382,0,4,5387,T
2-PB1,1034,4,1,1,5411,5417,C
2-PB1,1035,5412,0,1,1,5414,A
2-PB1,1036,5407,0,4,0,5411,A
2-PB1,1037,5414,0,4,0,5418,A
2-PB1,1038,49,3,1,5380,5433,C
2-PB1,1039,5422,3,0,0,5425,A
2-PB1,1040,5407,2,4,0,5413,A
2-PB1,1041,5396,1,4,1,5402,A
2-PB1,1042,5419,0,1,0,5420,A
2-PB1,1043,1,5472,1,7,5481,T
2-PB1,1044,0,4,5493,0,5497,G
2-PB1,1045,3,3,5468,1,5475,G
2-PB1,1046,2,3,1,5464,5470,C
2-PB1,1047,5451,1,6,0,5458,A
2-PB1,1048,5471,2,1,0,5474,A
2-PB1,1049,0,4,5502,0,5506,G
2-PB1,1050,5525,2,2,0,5529,A
2-PB1,1051,2,1,0,5525,5528,C
2-PB1,1052,0,5461,0,3,5464,T
2-PB1,1053,3,3,5575,0,5581,G
2-PB1,1054,3,5,5581,0,5589,G
2-PB1,1055,2,2,5634,1,5639,G
2-PB1,1056,5622,0,0,0,5622,A
2-PB1,1057,5614,3,6,0,5623,A
2-PB1,1058,5568,0,29,1,5598,A
2-PB1,1059,5574,0,3,1,5578,A
2-PB1,1060,2,3,5723,1,5729,G
2-PB1,1061,1,4,5717,0,5722,G
2-PB1,1062,5693,1,9,1,5704,A
2-PB1,1063,3,5667,1,7,5678,T
2-PB1,1064,5657,1,2,0,5660,A
2-PB1,1065,1,0,0,5663,5664,C
2-PB1,1066,5729,0,2,0,5731,A
2-PB1,1067,1,5722,1,2,5726,T
2-PB1,1068,0,2,5779,2,5783,G
2-PB1,1069,2,5664,1,9,5676,T
2-PB1,1070,1,5670,1,1,5673,T
2-PB1,1071,10,4,0,5645,5659,C
2-PB1,1072,5,3,5665,0,5673,G
2-PB1,1073,5678,0,2,0,5680,A
2-PB1,1074,1,5,5785,1,5792,G
2-PB1,1075,5719,1,5,0,5725,A
2-PB1,1076,0,1,5807,0,5808,G
2-PB1,1077,0,5770,0,1,5771,T
2-PB1,1078,5753,0,4,0,5757,A
2-PB1,1079,5776,0,7,1,5784,A
2-PB1,1080,0,5,5796,0,5801,G
2-PB1,1081,5780,0,8,0,5788,A
2-PB1,1082,1,2,5865,0,5868,G
2-PB1,1083,5725,2,3,0,5730,A
2-PB1,1084,5786,1,3,0,5790,A
2-PB1,1085,2,5722,0,2,5726,T
2-PB1,1086,1,2,5714,0,5717,G
2-PB1,1087,5710,0,8,1,5719,A
2-PB1,1088,5674,1,10,0,5685,A
2-PB1,1089,0,1,5689,0,5690,G
2-PB1,1090,2,2,0,5663,5667,C
2-PB1,1091,1,5584,1,3,5589,T
2-PB1,1092,2,0,0,5624,5626,C
2-PB1,1093,5,1,0,5610,5616,C
2-PB1,1094,4,4,5633,0,5641,G
2-PB1,1095,2,8,5641,0,5651,G
2-PB1,1096,5664,3,8,0,5675,A
2-PB1,1097,0,3,0,5748,5751,C
2-PB1,1098,5753,0,1,0,5754,A
2-PB1,1099,0,2,0,5807,5809,C
2-PB1,1100,5805,0,1,0,5806,A
2-PB1,1101,5805,1,1,0,5807,A
2-PB1,1102,5797,1,3,1,5802,A
2-PB1,1103,1,5811,0,5,5817,T
2-PB1,1104,5820,0,2,0,5822,A
2-PB1,1105,0,3,0,5807,5810,C
2-PB1,1106,2,2,0,5754,5758,C
2-PB1,1107,2,5665,2,22,5691,T
2-PB1,1108,2,1,5722,0,5725,G
2-PB1,1109,0,3,0,5717,5720,C
2-PB1,1110,5736,0,0,0,5736,A
2-PB1,1111,0,3,5729,1,5733,G
2-PB1,1112,5707,0,1,0,5708,A
2-PB1,1113,5700,0,1,0,5701,A
2-PB1,1114,5705,1,2,0,5708,A
2-PB1,1115,0,5712,0,2,5714,T
2-PB1,1116,1,1,5735,0,5737,G
2-PB1,1117,2,2,0,5700,5704,C
2-PB1,1118,2,5697,2,5,5706,T
2-PB1,1119,5748,1,49,0,5798,A
2-PB1,1120,1,3,5801,0,5805,G
2-PB1,1121,3,4,0,5790,5797,C
2-PB1,1122,5799,1,2,0,5802,A
2-PB1,1123,5777,1,3,0,5781,A
2-PB1,1124,1,1,5755,0,5757,G
2-PB1,1125,1,0,1,5736,5738,C
2-PB1,1126,5667,1,1,0,5669,A
2-PB1,1127,1,5775,0,2,5778,T
2-PB1,1128,0,5783,1,2,5786,T
2-PB1,1129,1,3,5930,0,5934,G
2-PB1,1130,5979,0,1,0,5980,A
2-PB1,1131,1,2,0,5965,5968,C
2-PB1,1132,2,0,0,5987,5989,C
2-PB1,1133,0,5857,2,7,5866,T
2-PB1,1134,3,2,5949,0,5954,G
2-PB1,1135,5977,0,1,1,5979,A
2-PB1,1136,5960,1,5,1,5967,A
2-PB1,1137,1,0,6053,1,6055,G
2-PB1,1138,1,5871,0,0,5872,T
2-PB1,1139,5868,0,2,0,5870,A
2-PB1,1140,0,5827,0,2,5829,T
2-PB1,1141,2,5812,0,4,5818,T
2-PB1,1142,1,5805,1,1,5808,T
2-PB1,1143,5,1,0,5769,5775,C
2-PB1,1144,5774,1,4,1,5780,A
2-PB1,1145,5784,0,1,0,5785,A
2-PB1,1146,0,2,0,5661,5663,C
2-PB1,1147,1,4,5679,2,5686,G
2-PB1,1148,5719,2,0,0,5721,A
2-PB1,1149,5720,1,1,2,5724,A
2-PB1,1150,2,5711,0,3,5716,T
2-PB1,1151,4,1,1,5746,5752,C
2-PB1,1152,5751,0,4,0,5755,A
2-PB1,1153,5772,0,0,1,5773,A
2-PB1,1154,2,2,0,5766,5770,C
2-PB1,1155,5762,3,1,0,5766,A
2-PB1,1156,5763,2,3,1,5769,A
2-PB1,1157,0,2,5762,0,5764,G
2-PB1,1158,2,2,5805,2,5811,G
2-PB1,1159,5799,1,7,0,5807,A
2-PB1,1160,5785,0,9,1,5795,A
2-PB1,1161,1,2,5798,2,5803,G
2-PB1,1162,5764,2,27,0,5793,A
2-PB1,1163,5794,1,0,1,5796,A
2-PB1,1164,5791,1,2,1,5795,A
2-PB1,1165,5786,1,2,1,5790,A
2-PB1,1166,2,5771,0,2,5775,T
2-PB1,1167,2,5710,0,2,5714,T
2-PB1,1168,1,4,5729,1,5735,G
2-PB1,1169,5707,0,11,1,5719,A
2-PB1,1170,1,0,5734,0,5735,G
2-PB1,1171,5730,0,0,0,5730,A
2-PB1,1172,5769,1,4,1,5775,A
2-PB1,1173,5856,4,1,1,5862,A
2-PB1,1174,5888,0,1,0,5889,A
2-PB1,1175,2,5876,1,0,5879,T
2-PB1,1176,5881,1,2,0,5884,A
2-PB1,1177,5864,1,11,1,5877,A
2-PB1,1178,0,4,5891,0,5895,G
2-PB1,1179,1,0,5886,0,5887,G
2-PB1,1180,2,2,0,5853,5857,C
2-PB1,1181,5,2,0,5825,5832,C
2-PB1,1182,1,5800,0,7,5808,T
2-PB1,1183,3,1,0,6542,6546,C
2-PB1,1184,1,6661,0,5,6667,T
2-PB1,1185,2,6680,1,1,6684,T
2-PB1,1186,3,0,0,6799,6802,C
2-PB1,1187,1,6778,0,4,6783,T
2-PB1,1188,6781,0,3,0,6784,A
2-PB1,1189,6795,0,4,0,6799,A
2-PB1,1190,1,6794,0,1,6796,T
2-PB1,1191,6862,0,1,0,6863,A
2-PB1,1192,0,4,6702,0,6706,G
2-PB1,1193,6117,1,3,0,6121,A
2-PB1,1194,0,6116,0,3,6119,T
2-PB1,1195,4,7,6019,1,6031,G
2-PB1,1196,2,2,6139,0,6143,G
2-PB1,1197,1,1,1,6118,6121,C
2-PB1,1198,6146,0,3,0,6149,A
2-PB1,1199,0,2,0,6145,6147,C
2-PB1,1200,6055,1,3,2,6061,A
2-PB1,1201,0,1,6275,0,6276,G
2-PB1,1202,0,2,1,6255,6258,C
2-PB1,1203,6271,1,4,0,6276,A
2-PB1,1204,0,6413,0,3,6416,T
2-PB1,1205,4,2,0,6356,6362,C
2-PB1,1206,6423,3,1,0,6427,A
2-PB1,1207,1,6424,0,4,6429,T
2-PB1,1208,0,6376,1,2,6379,T
2-PB1,1209,3,5,6356,1,6365,G
2-PB1,1210,6159,0,3,1,6163,A
2-PB1,1211,2,0,6323,0,6325,G
2-PB1,1212,1,2,0,6299,6302,C
2-PB1,1213,7,0,0,6212,6219,C
2-PB1,1214,6,1,0,6287,6294,C
2-PB1,1215,1,6238,1,11,6251,T
2-PB1,1216,3,3,6602,0,6608,G
2-PB1,1217,0,3,6761,0,6764,G
2-PB1,1218,6757,1,8,1,6767,A
2-PB1,1219,6911,0,2,1,6914,A
2-PB1,1220,3,6713,0,2,6718,T
2-PB1,1221,98,4,6803,1,6906,G
2-PB1,1222,7019,1,2,0,7022,A
2-PB1,1223,0,7022,0,3,7025,T
2-PB1,1224,36,3,6998,0,7037,G
2-PB1,1225,6963,1,5,1,6970,A
2-PB1,1226,0,6818,3,2,6823,T
2-PB1,1227,3,11,6839,1,6854,G
2-PB1,1228,2,6,6927,0,6935,G
2-PB1,1229,4,0,6958,0,6962,G
2-PB1,1230,1,1,0,6882,6884,C
2-PB1,1231,6877,3,0,0,6880,A
2-PB1,1232,1,6903,0,3,6907,T
2-PB1,1233,1,1,7197,1,7200,G
2-PB1,1234,1,7221,0,8,7230,T
2-PB1,1235,1,7324,1,4,7330,T
2-PB1,1236,6,0,2,7374,7382,C
2-PB1,1237,7355,2,4,0,7361,A
2-PB1,1238,7398,0,1,0,7399,A
2-PB1,1239,1,1,2,7407,7411,C
2-PB1,1240,7430,2,4,1,7437,A
2-PB1,1241,1,7403,0,2,7406,T
2-PB1,1242,66,1,7274,0,7341,G
2-PB1,1243,2,2,0,7326,7330,C
2-PB1,1244,0,7295,0,0,7295,T
2-PB1,1245,2,4,7222,1,7229,G
2-PB1,1246,7425,1,3,0,7429,A
2-PB1,1247,1,1,7547,0,7549,G
2-PB1,1248,1,7540,0,2,7543,T
2-PB1,1249,7524,0,2,1,7527,A
2-PB1,1250,0,2,0,7585,7587,C
2-PB1,1251,2,1,7615,0,7618,G
2-PB1,1252,4,3,8120,0,8127,G
2-PB1,1253,2,8108,3,2,8115,T
2-PB1,1254,2,8017,0,2,8021,T
2-PB1,1255,1,8019,2,6,8028,T
2-PB1,1256,1,7998,0,0,7999,T
2-PB1,1257,8006,2,13,0,8021,A
2-PB1,1258,0,5,8011,0,8016,G
2-PB1,1259,1,5,7990,0,7996,G
2-PB1,1260,7796,1,7,0,7804,A
2-PB1,1261,0,1,7754,0,7755,G
2-PB1,1262,0,7794,2,8,7804,T
2-PB1,1263,5,2,0,7802,7809,C
2-PB1,1264,3,7810,0,3,7816,T
2-PB1,1265,6,4,0,7824,7834,C
2-PB1,1266,0,5,7844,0,7849,G
2-PB1,1267,8066,1,0,1,8068,A
2-PB1,1268,0,8078,0,0,8078,T
2-PB1,1269,8113,1,0,0,8114,A
2-PB1,1270,0,2,0,8113,8115,C
2-PB1,1271,0,7973,0,13,7986,T
2-PB1,1272,3,9,7996,0,8008,G
2-PB1,1273,7979,3,4,0,7986,A
2-PB1,1274,8137,1,0,1,8139,A
2-PB1,1275,0,8121,0,5,8126,T
2-PB1,1276,10,2,0,7959,7971,C
2-PB1,1277,0,7955,0,6,7961,T
2-PB1,1278,1,7917,0,4,7922,T
2-PB1,1279,3,4,7932,1,7940,G
2-PB1,1280,2,6,7939,0,7947,G
2-PB1,1281,7936,2,7,0,7945,A
2-PB1,1282,1,3,0,7940,7944,C
2-PB1,1283,7850,1,3,0,7854,A
2-PB1,1284,7919,3,1,0,7923,A
2-PB1,1285,7945,0,1,0,7946,A
2-PB1,1286,7960,1,7,0,7968,A
2-PB1,1287,2,4,8106,0,8112,G
2-PB1,1288,8110,1,4,0,8115,A
2-PB1,1289,8092,3,0,0,8095,A
2-PB1,1290,8122,2,3,0,8127,A
2-PB1,1291,0,8124,0,1,8125,T
2-PB1,1292,8143,0,3,0,8146,A
2-PB1,1293,2,1,1,8382,8386,C
2-PB1,1294,8313,1,8,0,8322,A
2-PB1,1295,2,1,0,8357,8360,C
2-PB1,1296,8,1,0,8287,8296,C
2-PB1,1297,8276,3,1,2,8282,A
2-PB1,1298,8365,1,2,0,8368,A
2-PB1,1299,0,9,8638,0,8647,G
2-PB1,1300,8721,2,8,0,8731,A
2-PB1,1301,0,3,1,8806,8810,C
2-PB1,1302,8608,2,7,1,8618,A
2-PB1,1303,8863,1,8,1,8873,A
2-PB1,1304,1,2,0,8889,8892,C
2-PB1,1305,8984,0,31,0,9015,A
2-PB1,1306,1,9061,0,2,9064,T
2-PB1,1307,8975,0,3,0,8978,A
2-PB1,1308,4,2,1,9126,9133,C
2-PB1,1309,1,8835,0,5,8841,T
2-PB1,1310,2,5,8948,0,8955,G
2-PB1,1311,1,4,8933,0,8938,G
2-PB1,1312,0,8753,0,5,8758,T
2-PB1,1313,0,7,8740,0,8747,G
2-PB1,1314,3,5,8665,1,8674,G
2-PB1,1315,3,3,8703,0,8709,G
2-PB1,1316,8694,1,3,1,8699,A
2-PB1,1317,1,8527,0,6,8534,T
2-PB1,1318,4,13,8508,1,8526,G
2-PB1,1319,1,2,8464,1,8468,G
2-PB1,1320,4,4,8541,0,8549,G
2-PB1,1321,0,5,0,8660,8665,C
2-PB1,1322,0,8597,0,22,8619,T
2-PB1,1323,4,3,0,8681,8688,C
2-PB1,1324,4,3,1,8657,8665,C
2-PB1,1325,8670,0,7,0,8677,A
2-PB1,1326,8664,1,3,5,8673,A
2-PB1,1327,2,8638,0,5,8645,T
2-PB1,1328,5,0,1,8591,8597,C
2-PB1,1329,5,0,1,8520,8526,C
2-PB1,1330,0,8446,0,5,8451,T
2-PB1,1331,5,4,0,8431,8440,C
2-PB1,1332,2,1,0,8389,8392,C
2-PB1,1333,2,7,8402,0,8411,G
2-PB1,1334,8411,1,1,1,8414,A
2-PB1,1335,2,5,0,8407,8414,C
2-PB1,1336,2,6,8408,1,8417,G
2-PB1,1337,8464,0,1,0,8465,A
2-PB1,1338,0,8432,1,2,8435,T
2-PB1,1339,2,8432,0,1,8435,T
2-PB1,1340,2,8425,1,2,8430,T
2-PB1,1341,0,8434,0,4,8438,T
2-PB1,1342,6,1,8450,0,8457,G
2-PB1,1343,0,9,1,8485,8495,C
2-PB1,1344,1,2,0,8489,8492,C
2-PB1,1345,12,0,1,8687,8700,C
2-PB1,1346,1,8591,1,3,8596,T
2-PB1,1347,7,2,1,8887,8897,C
2-PB1,1348,8951,0,1,0,8952,A
2-PB1,1349,0,8980,0,5,8985,T
2-PB1,1350,8979,0,1,0,8980,A
2-PB1,1351,0,1,9070,0,9071,G
2-PB1,1352,1,8953,0,4,8958,T
2-PB1,1353,2,3,9070,0,9075,G
2-PB1,1354,8821,1,0,2,8824,A
2-PB1,1355,8857,3,7,0,8867,A
2-PB1,1356,1,8522,0,4,8527,T
2-PB1,1357,2,0,8552,0,8554,G
2-PB1,1358,1,6,0,8685,8692,C
2-PB1,1359,8673,0,4,0,8677,A
2-PB1,1360,2,9,0,8638,8649,C
2-PB1,1361,2,1,1,8587,8591,C
2-PB1,1362,8470,1,1,0,8472,A
2-PB1,1363,0,6,8120,0,8126,G
2-PB1,1364,8107,2,3,1,8113,A
2-PB1,1365,4,8096,0,4,8104,T
2-PB1,1366,7,1,0,8586,8594,C
2-PB1,1367,8597,0,2,0,8599,A
2-PB1,1368,1,8606,0,3,8610,T
2-PB1,1369,99,1,8544,0,8644,G
2-PB1,1370,8627,2,9,1,8639,A
2-PB1,1371,0,11,8670,0,8681,G
2-PB1,1372,2,8,8454,0,8464,G
2-PB1,1373,5,8,8511,1,8525,G
2-PB1,1374,8395,1,11,0,8407,A
2-PB1,1375,8527,0,3,0,8530,A
2-PB1,1376,0,8556,0,1,8557,T
2-PB1,1377,8575,0,2,0,8577,A
2-PB1,1378,1,1,0,8582,8584,C
2-PB1,1379,8594,1,7,1,8603,A
2-PB1,1380,8599,0,11,0,8610,A
2-PB1,1381,2,2,8589,0,8593,G
2-PB1,1382,0,1,0,8533,8534,C
2-PB1,1383,8520,1,3,1,8525,A
2-PB1,1384,5,4,8637,0,8646,G
2-PB1,1385,2,9,8639,0,8650,G
2-PB1,1386,8595,2,8,0,8605,A
2-PB1,1387,1,59,8591,1,8652,G
2-PB1,1388,3,8482,1,4,8490,T
2-PB1,1389,3,8,8585,2,8598,G
2-PB1,1390,1,5,8630,0,8636,G
2-PB1,1391,8621,2,6,2,8631,A
2-PB1,1392,1,8646,0,2,8649,T
2-PB1,1393,8485,1,2,0,8488,A
2-PB1,1394,1,4,8550,0,8555,G
2-PB1,1395,8650,3,3,1,8657,A
2-PB1,1396,1,8638,1,4,8644,T
2-PB1,1397,0,8605,1,2,8608,T
2-PB1,1398,4,0,1,8871,8876,C
2-PB1,1399,2,8817,0,2,8821,T
2-PB1,1400,8813,1,1,0,8815,A
2-PB1,1401,3,2,0,8799,8804,C
2-PB1,1402,8631,2,6,0,8639,A
2-PB1,1403,0,3,8628,0,8631,G
2-PB1,1404,1,4,8466,0,8471,G
2-PB1,1405,8555,2,9,0,8566,A
2-PB1,1406,2,1,1,8533,8537,C
2-PB1,1407,3,1,0,8337,8341,C
2-PB1,1408,2,8276,1,9,8288,T
2-PB1,1409,2,2,8321,0,8325,G
2-PB1,1410,0,1,0,8305,8306,C
2-PB1,1411,8307,1,4,0,8312,A
2-PB1,1412,8374,0,8,0,8382,A
2-PB1,1413,2,1,8412,0,8415,G
2-PB1,1414,4,8277,0,2,8283,T
2-PB1,1415,0,8274,0,1,8275,T
2-PB1,1416,8159,1,2,1,8163,A
2-PB1,1417,0,1,8169,1,8171,G
2-PB1,1418,1,8135,0,5,8141,T
2-PB1,1419,2,8,8116,0,8126,G
2-PB1,1420,1,6,8114,0,8121,G
2-PB1,1421,4,4,8183,0,8191,G
2-PB1,1422,8158,2,10,0,8170,A
2-PB1,1423,8200,2,3,0,8205,A
2-PB1,1424,4,8165,0,10,8179,T
2-PB1,1425,8,0,0,8204,8212,C
2-PB1,1426,8184,2,7,0,8193,A
2-PB1,1427,8209,1,5,1,8216,A
2-PB1,1428,2,0,0,8197,8199,C
2-PB1,1429,8180,0,3,0,8183,A
2-PB1,1430,0,7977,0,0,7977,T
2-PB1,1431,0,7,7980,0,7987,G
2-PB1,1432,7980,1,7,1,7989,A
2-PB1,1433,3,0,8046,1,8050,G
2-PB1,1434,1,4,0,8004,8009,C
2-PB1,1435,7994,1,4,1,8000,A
2-PB1,1436,8013,1,4,2,8020,A
2-PB1,1437,8020,0,4,0,8024,A
2-PB1,1438,8072,0,2,1,8075,A
2-PB1,1439,8082,0,6,0,8088,A
2-PB1,1440,1,2,8084,0,8087,G
2-PB1,1441,7959,2,6,2,7969,A
2-PB1,1442,7899,0,6,0,7905,A
2-PB1,1443,2,0,8209,0,8211,G
2-PB1,1444,2,8160,0,9,8171,T
2-PB1,1445,6,1,0,8187,8194,C
2-PB1,1446,5,1,0,8221,8227,C
2-PB1,1447,0,8179,0,3,8182,T
2-PB1,1448,8275,3,3,0,8281,A
2-PB1,1449,2,8262,0,3,8267,T
2-PB1,1450,8271,2,4,0,8277,A
2-PB1,1451,2,8269,0,1,8272,T
2-PB1,1452,8073,0,1,0,8074,A
2-PB1,1453,8062,0,4,0,8066,A
2-PB1,1454,8051,0,3,0,8054,A
2-PB1,1455,1,8061,0,1,8063,T
2-PB1,1456,7976,0,3,0,7979,A
2-PB1,1457,7937,3,3,2,7945,A
2-PB1,1458,7962,1,0,1,7964,A
2-PB1,1459,7984,0,4,2,7990,A
2-PB1,1460,0,2,2,7996,8000,C
2-PB1,1461,7660,0,4,0,7664,A
2-PB1,1462,0,9,7643,0,7652,G
2-PB1,1463,1,3,7635,0,7639,G
2-PB1,1464,3,10,7611,0,7624,G
2-PB1,1465,7632,0,16,1,7649,A
2-PB1,1466,1,1,0,7672,7674,C
2-PB1,1467,7623,2,1,0,7626,A
2-PB1,1468,2,7645,1,1,7649,T
2-PB1,1469,2,7643,1,5,7651,T
2-PB1,1470,0,7657,0,7,7664,T
2-PB1,1471,1,12,7639,1,7653,G
2-PB1,1472,7601,2,6,2,7611,A
2-PB1,1473,7622,1,2,0,7625,A
2-PB1,1474,0,7631,1,2,7634,T
2-PB1,1475,1,7456,0,4,7461,T
2-PB1,1476,10,3,0,7476,7489,C
2-PB1,1477,7434,4,2,0,7440,A
2-PB1,1478,1,0,0,7438,7439,C
2-PB1,1479,0,7437,0,0,7437,T
2-PB1,1480,7447,2,2,2,7453,A
2-PB1,1481,0,1,7456,0,7457,G
2-PB1,1482,9,2,1,7436,7448,C
2-PB1,1483,3,7335,2,10,7350,T
2-PB1,1484,1,7449,1,22,7473,T
2-PB1,1485,1,7432,0,4,7437,T
2-PB1,1486,2,7434,1,1,7438,T
2-PB1,1487,0,7429,1,2,7432,T
2-PB1,1488,1,7433,0,0,7434,T
2-PB1,1489,0,7392,0,3,7395,T
2-PB1,1490,7388,1,2,0,7391,A
2-PB1,1491,3,7364,0,2,7369,T
2-PB1,1492,3,3,0,7368,7374,C
2-PB1,1493,2,3,7400,0,7405,G
2-PB1,1494,7583,1,2,1,7587,A
2-PB1,1495,0,7617,0,4,7621,T
2-PB1,1496,7608,3,2,2,7615,A
2-PB1,1497,0,7673,0,1,7674,T
2-PB1,1498,1,2,7657,0,7660,G
2-PB1,1499,3,2,7715,1,7721,G
2-PB1,1500,7725,0,3,0,7728,A
2-PB1,1501,2,7673,1,0,7676,T
2-PB1,1502,0,7615,0,4,7619,T
2-PB1,1503,1,7377,0,0,7378,T
2-PB1,1504,3,0,7381,1,7385,G
2-PB1,1505,1,7353,0,3,7357,T
2-PB1,1506,2,6,7322,1,7331,G
2-PB1,1507,5,2,7345,1,7353,G
2-PB1,1508,2,4,0,7260,7266,C
2-PB1,1509,1,7271,0,3,7275,T
2-PB1,1510,7270,1,6,0,7277,A
2-PB1,1511,7313,2,3,0,7318,A
2-PB1,1512,0,7363,0,1,7364,T
2-PB1,1513,2,7352,0,3,7357,T
2-PB1,1514,0,7375,1,1,7377,T
2-PB1,1515,0,7381,0,1,7382,T
2-PB1,1516,7364,1,2,0,7367,A
2-PB1,1517,1,2,7418,0,7421,G
2-PB1,1518,3,2,0,7428,7433,C
2-PB1,1519,7410,0,5,0,7415,A
2-PB1,1520,1,7334,0,5,7340,T
2-PB1,1521,7,6,7225,1,7239,G
2-PB1,1522,1,10,7338,2,7351,G
2-PB1,1523,7326,0,10,0,7336,A
2-PB1,1524,0,1,7349,0,7350,G
2-PB1,1525,1,5,1,7321,7328,C
2-PB1,1526,0,7226,0,2,7228,T
2-PB1,1527,4,2,7272,0,7278,G
2-PB1,1528,4,1,0,7248,7253,C
2-PB1,1529,5,0,2,7230,7237,C
2-PB1,1530,12,2,2,7262,7278,C
2-PB1,1531,7088,0,0,2,7090,A
2-PB1,1532,0,0,7513,0,7513,G
2-PB1,1533,0,7497,1,6,7504,T
2-PB1,1534,1,7497,0,2,7500,T
2-PB1,1535,1,7426,2,64,7493,T
2-PB1,1536,1,7370,0,55,7426,T
2-PB1,1537,2,5,7399,1,7407,G
2-PB1,1538,1,3,7408,0,7412,G
2-PB1,1539,7371,1,9,0,7381,A
2-PB1,1540,1,0,7399,0,7400,G
2-PB1,1541,2,6652,1,2,6657,T
2-PB1,1542,3,0,6957,1,6961,G
2-PB1,1543,2,6943,0,3,6948,T
2-PB1,1544,5,1,0,6937,6943,C
2-PB1,1545,2,6946,0,5,6953,T
2-PB1,1546,4,5,6969,0,6978,G
2-PB1,1547,5,4,7066,0,7075,G
2-PB1,1548,7073,0,3,0,7076,A
2-PB1,1549,7078,0,4,1,7083,A
2-PB1,1550,0,7064,0,1,7065,T
2-PB1,1551,6474,1,1,0,6476,A
2-PB1,1552,6464,3,5,2,6474,A
2-PB1,1553,6464,2,4,1,6471,A
2-PB1,1554,0,3,1,6478,6482,C
2-PB1,1555,1,10,6397,0,6408,G
2-PB1,1556,6279,0,3,0,6282,A
2-PB1,1557,2,2,6276,0,6280,G
2-PB1,1558,2,6263,0,5,6270,T
2-PB1,1559,7,1,1,6289,6298,C
2-PB1,1560,6264,3,8,1,6276,A
2-PB1,1561,2,0,6362,0,6364,G
2-PB1,1562,3,1,0,6359,6363,C
2-PB1,1563,0,6339,0,3,6342,T
2-PB1,1564,2,1,6536,0,6539,G
2-PB1,1565,6511,1,3,0,6515,A
2-PB1,1566,0,6513,0,1,6514,T
2-PB1,1567,6517,0,7,1,6525,A
2-PB1,1568,1,6409,0,3,6413,T
2-PB1,1569,0,3,6444,0,6447,G
2-PB1,1570,6188,2,2,0,6192,A
2-PB1,1571,1,1,6283,0,6285,G
2-PB1,1572,5,3,3,6282,6293,C
2-PB1,1573,5895,1,1,0,5897,A
2-PB1,1574,1,5902,1,2,5906,T
2-PB1,1575,0,5896,0,3,5899,T
2-PB1,1576,0,5,5941,0,5946,G
2-PB1,1577,1,3,6152,0,6156,G
2-PB1,1578,6043,1,7,0,6051,A
2-PB1,1579,0,1,6058,0,6059,G
2-PB1,1580,1,5811,0,2,5814,T
2-PB1,1581,5799,0,0,1,5800,A
2-PB1,1582,5794,0,7,0,5801,A
2-PB1,1583,2,1,1,5840,5844,C
2-PB1,1584,5800,2,1,1,5804,A
2-PB1,1585,1,4,5921,0,5926,G
2-PB1,1586,1,5193,0,2,5196,T
2-PB1,1587,2,3,5232,0,5237,G
2-PB1,1588,5294,1,3,0,5298,A
2-PB1,1589,2,5287,0,0,5289,T
2-PB1,1590,5272,0,3,0,5275,A
2-PB1,1591,5270,0,2,1,5273,A
2-PB1,1592,5113,0,7,0,5120,A
2-PB1,1593,1,4,5155,1,5161,G
2-PB1,1594,4914,0,2,0,4916,A
2-PB1,1595,4902,0,4,0,4906,A
2-PB1,1596,0,2,1,4900,4903,C
2-PB1,1597,4717,1,3,0,4721,A
2-PB1,1598,4759,0,10,0,4769,A
2-PB1,1599,0,1,0,4771,4772,C
2-PB1,1600,4812,1,5,1,4819,A
2-PB1,1601,0,4813,6,3,4822,T
2-PB1,1602,1,0,4713,0,4714,G
2-PB1,1603,4706,2,4,0,4712,A
2-PB1,1604,1,4710,0,1,4712,T
2-PB1,1605,4638,0,1,0,4639,A
2-PB1,1606,4672,1,2,0,4675,A
2-PB1,1607,4633,0,3,0,4636,A
2-PB1,1608,3,2,0,4650,4655,C
2-PB1,1609,4416,2,1,1,4420,A
2-PB1,1610,4413,1,1,0,4415,A
2-PB1,1611,0,4317,0,3,4320,T
2-PB1,1612,2,7,4320,0,4329,G
2-PB1,1613,4429,0,5,1,4435,A
2-PB1,1614,2,0,0,4465,4467,C
2-PB1,1615,3,0,0,4368,4371,C
2-PB1,1616,2,4204,3,2,4211,T
2-PB1,1617,0,4100,0,3,4103,T
2-PB1,1618,0,2,4115,0,4117,G
2-PB1,1619,1,3,4155,0,4159,G
2-PB1,1620,4204,0,3,0,4207,A
2-PB1,1621,2,2,0,4193,4197,C
2-PB1,1622,1,2,0,4135,4138,C
2-PB1,1623,4095,0,1,0,4096,A
2-PB1,1624,0,1,4142,0,4143,G
2-PB1,1625,1,0,0,4148,4149,C
2-PB1,1626,4150,0,2,2,4154,A
2-PB1,1627,4154,0,2,0,4156,A
2-PB1,1628,2,1,0,4133,4136,C
2-PB1,1629,4079,0,4,0,4083,A
2-PB1,1630,2,1,4168,1,4172,G
2-PB1,1631,0,1,0,4156,4157,C
2-PB1,1632,2,1,0,4168,4171,C
2-PB1,1633,8,2,0,4151,4161,C
2-PB1,1634,4170,0,0,0,4170,A
2-PB1,1635,4164,0,2,1,4167,A
2-PB1,1636,4166,0,1,1,4168,A
2-PB1,1637,0,4150,1,2,4153,T
2-PB1,1638,0,3,4139,0,4142,G
2-PB1,1639,1,2,4113,0,4116,G
2-PB1,1640,2,0,0,4115,4117,C
2-PB1,1641,2,4085,1,4,4092,T
2-PB1,1642,0,0,0,4198,4198,C
2-PB1,1643,1,4175,0,6,4182,T
2-PB1,1644,2,0,1,4214,4217,C
2-PB1,1645,2,1,0,4223,4226,C
2-PB1,1646,4227,0,1,0,4228,A
2-PB1,1647,4241,0,0,1,4242,A
2-PB1,1648,0,4214,0,2,4216,T
2-PB1,1649,1,4171,1,1,4174,T
2-PB1,1650,1,0,4204,0,4205,G
2-PB1,1651,1,4128,0,3,4132,T
2-PB1,1652,0,4124,0,1,4125,T
2-PB1,1653,2,15,0,4105,4122,C
2-PB1,1654,4107,1,0,0,4108,A
2-PB1,1655,1,4114,1,2,4118,T
2-PB1,1656,2,3,0,4106,4111,C
2-PB1,1657,4125,1,1,0,4127,A
2-PB1,1658,4128,0,0,0,4128,A
2-PB1,1659,4129,0,1,0,4130,A
2-PB1,1660,0,3,4208,0,4211,G
2-PB1,1661,4201,3,3,1,4208,A
2-PB1,1662,1,4205,2,0,4208,T
2-PB1,1663,0,4228,0,0,4228,T
2-PB1,1664,4231,2,4,2,4239,A
2-PB1,1665,2,0,0,4303,4305,C
2-PB1,1666,4273,0,8,0,4281,A
2-PB1,1667,1,2,4324,1,4328,G
2-PB1,1668,4316,0,1,0,4317,A
2-PB1,1669,1,4383,0,0,4384,T
2-PB1,1670,4387,3,3,1,4394,A
2-PB1,1671,0,1,0,4642,4643,C
2-PB1,1672,4736,0,5,0,4741,A
2-PB1,1673,0,3,0,5030,5033,C
2-PB1,1674,4959,1,3,1,4964,A
2-PB1,1675,1,5011,0,1,5013,T
2-PB1,1676,4966,1,1,2,4970,A
2-PB1,1677,0,4961,0,2,4963,T
2-PB1,1678,4841,1,1,1,4844,A
2-PB1,1679,2,5,4831,0,4838,G
2-PB1,1680,1,1,4775,0,4777,G
2-PB1,1681,0,4527,0,5,4532,T
2-PB1,1682,1,2,4432,0,4435,G
2-PB1,1683,3,0,0,4580,4583,C
2-PB1,1684,5,0,3,4553,4561,C
2-PB1,1685,4625,1,1,0,4627,A
2-PB1,1686,0,4623,0,0,4623,T
2-PB1,1687,4642,0,1,0,4643,A
2-PB1,1688,2,3,4657,0,4662,G
2-PB1,1689,4553,0,4,1,4558,A
2-PB1,1690,2,5,4594,0,4601,G
2-PB1,1691,1,4,4575,0,4580,G
2-PB1,1692,4390,1,8,0,4399,A
2-PB1,1693,0,6,4409,0,4415,G
2-PB1,1694,4362,3,10,0,4375,A
2-PB1,1695,0,5,0,4378,4383,C
2-PB1,1696,4371,0,5,1,4377,A
2-PB1,1697,2,2,0,4415,4419,C
2-PB1,1698,4425,0,3,0,4428,A
2-PB1,1699,1,1,0,4423,4425,C
2-PB1,1700,4385,0,2,1,4388,A
2-PB1,1701,4398,1,3,0,4402,A
2-PB1,1702,4426,0,1,2,4429,A
2-PB1,1703,0,4438,1,1,4440,T
2-PB1,1704,3,0,0,4448,4451,C
2-PB1,1705,4,3,0,4442,4449,C
2-PB1,1706,4398,0,5,0,4403,A
2-PB1,1707,18,1,4388,1,4408,G
2-PB1,1708,4405,1,3,0,4409,A
2-PB1,1709,1,2,0,4431,4434,C
2-PB1,1710,0,3,4437,0,4440,G
2-PB1,1711,4399,0,1,0,4400,A
2-PB1,1712,0,3,4404,0,4407,G
2-PB1,1713,4409,0,4,0,4413,A
2-PB1,1714,4394,0,8,1,4403,A
2-PB1,1715,1,3,4424,0,4428,G
2-PB1,1716,4401,1,4,0,4406,A
2-PB1,1717,1,4394,0,4,4399,T
2-PB1,1718,3,2,1,4377,4383,C
2-PB1,1719,4391,1,2,0,4394,A
2-PB1,1720,2,4367,0,15,4384,T
2-PB1,1721,1,4361,0,3,4365,T
2-PB1,1722,2,0,0,4387,4389,C
2-PB1,1723,3,1,4379,0,4383,G
2-PB1,1724,4364,0,3,1,4368,A
2-PB1,1725,1,1,4369,0,4371,G
2-PB1,1726,4329,2,1,0,4332,A
2-PB1,1727,1,4479,0,3,4483,T
2-PB1,1728,4501,0,0,1,4502,A
2-PB1,1729,4507,1,2,1,4511,A
2-PB1,1730,4498,0,4,0,4502,A
2-PB1,1731,4,0,4513,0,4517,G
2-PB1,1732,4507,3,1,0,4511,A
2-PB1,1733,4414,0,4,1,4419,A
2-PB1,1734,0,0,4429,0,4429,G
2-PB1,1735,2,1,0,4430,4433,C
2-PB1,1736,2,4380,0,1,4383,T
2-PB1,1737,0,2,4410,0,4412,G
2-PB1,1738,1,4397,0,2,4400,T
2-PB1,1739,5,2,4369,0,4376,G
2-PB1,1740,0,1,4401,0,4402,G
2-PB1,1741,3,1,4423,1,4428,G
2-PB1,1742,4448,1,6,0,4455,A
2-PB1,1743,1,4413,0,3,4417,T
2-PB1,1744,4,2,0,4397,4403,C
2-PB1,1745,4405,0,2,0,4407,A
2-PB1,1746,4424,0,7,1,4432,A
2-PB1,1747,4456,1,5,0,4462,A
2-PB1,1748,1,0,0,4437,4438,C
2-PB1,1749,2,0,0,4423,4425,C
2-PB1,1750,7,1,0,4432,4440,C
2-PB1,1751,4436,1,1,0,4438,A
2-PB1,1752,4524,0,4,0,4528,A
2-PB1,1753,0,4514,1,3,4518,T
2-PB1,1754,4,0,0,4532,4536,C
2-PB1,1755,4489,2,0,0,4491,A
2-PB1,1756,4463,1,5,0,4469,A
2-PB1,1757,0,7,4532,0,4539,G
2-PB1,1758,1,5,4506,0,4512,G
2-PB1,1759,2,2,4492,0,4496,G
2-PB1,1760,1,2,0,4505,4508,C
2-PB1,1761,4434,0,5,0,4439,A
2-PB1,1762,3,1,4540,1,4545,G
2-PB1,1763,0,3,4592,0,4595,G
2-PB1,1764,4610,1,5,0,4616,A
2-PB1,1765,2,0,0,4663,4665,C
2-PB1,1766,1,4589,1,0,4591,T
2-PB1,1767,4691,0,0,0,4691,A
2-PB1,1768,0,4674,0,1,4675,T
2-PB1,1769,0,4688,0,1,4689,T
2-PB1,1770,3,4,4695,0,4702,G
2-PB1,1771,3,0,4708,0,4711,G
2-PB1,1772,2,4657,1,3,4663,T
2-PB1,1773,4663,0,2,0,4665,A
2-PB1,1774,1,4588,0,1,4590,T
2-PB1,1775,4,2,0,4607,4613,C
2-PB1,1776,4520,1,2,0,4523,A
2-PB1,1777,0,1,4575,0,4576,G
2-PB1,1778,4572,1,2,0,4575,A
2-PB1,1779,1,4550,1,1,4553,T
2-PB1,1780,1,6,4385,2,4394,G
2-PB1,1781,2,3,4383,0,4388,G
2-PB1,1782,4,4,4379,0,4387,G
2-PB1,1783,1,4,4412,0,4417,G
2-PB1,1784,3,5,4408,2,4418,G
2-PB1,1785,4406,0,2,0,4408,A
2-PB1,1786,1,5,0,4381,4387,C
2-PB1,1787,5,0,1,4345,4351,C
2-PB1,1788,4345,0,2,0,4347,A
2-PB1,1789,4661,0,1,1,4663,A
2-PB1,1790,4680,0,2,0,4682,A
2-PB1,1791,0,0,0,4808,4808,C
2-PB1,1792,0,4756,0,2,4758,T
2-PB1,1793,0,4756,0,3,4759,T
2-PB1,1794,4778,1,4,0,4783,A
2-PB1,1795,2,4781,0,1,4784,T
2-PB1,1796,4784,0,7,0,4791,A
2-PB1,1797,3,0,0,4795,4798,C
2-PB1,1798,4464,0,0,0,4464,A
2-PB1,1799,4469,4,0,0,4473,A
2-PB1,1800,0,4377,0,0,4377,T
2-PB1,1801,4438,0,1,0,4439,A
2-PB1,1802,1,4441,0,0,4442,T
2-PB1,1803,1,0,0,4420,4421,C
2-PB1,1804,2,3,0,4416,4421,C
2-PB1,1805,1,0,4419,0,4420,G
2-PB1,1806,0,3,4410,1,4414,G
2-PB1,1807,4421,0,1,1,4423,A
2-PB1,1808,4426,0,2,0,4428,A
2-PB1,1809,0,4432,0,1,4433,T
2-PB1,1810,4,1,0,4443,4448,C
2-PB1,1811,3,4428,0,6,4437,T
2-PB1,1812,1,4443,0,7,4451,T
2-PB1,1813,0,2,0,4442,4444,C
2-PB1,1814,4436,4,1,0,4441,A
2-PB1,1815,1,1,0,4452,4454,C
2-PB1,1816,4441,0,0,1,4442,A
2-PB1,1817,0,4875,2,1,4878,T
2-PB1,1818,1,0,0,4864,4865,C
2-PB1,1819,5,3,0,4883,4891,C
2-PB1,1820,1,0,0,4897,4898,C
2-PB1,1821,0,4900,0,9,4909,T
2-PB1,1822,1,4,4894,2,4901,G
2-PB1,1823,4897,0,1,0,4898,A
2-PB1,1824,4902,1,1,0,4904,A
2-PB1,1825,1,3,4909,0,4913,G
2-PB1,1826,0,4536,0,2,4538,T
2-PB1,1827,1,2,0,4543,4546,C
2-PB1,1828,1,4481,0,5,4487,T
2-PB1,1829,15,0,4470,0,4485,G
2-PB1,1830,2,1,0,4454,4457,C
2-PB1,1831,3,2,1,4451,4457,C
2-PB1,1832,1,4628,1,0,4630,T
2-PB1,1833,4635,0,2,0,4637,A
2-PB1,1834,4626,0,2,0,4628,A
2-PB1,1835,4653,1,3,2,4659,A
2-PB1,1836,0,1,4685,0,4686,G
2-PB1,1837,0,4634,0,1,4635,T
2-PB1,1838,2,2,4540,0,4544,G
2-PB1,1839,0,0,4535,1,4536,G
2-PB1,1840,4,5,4544,0,4553,G
2-PB1,1841,4557,1,7,0,4565,A
2-PB1,1842,1,0,4567,0,4568,G
2-PB1,1843,15,2,1,4546,4564,C
2-PB1,1844,0,4528,2,2,4532,T
2-PB1,1845,0,0,4529,0,4529,G
2-PB1,1846,4523,2,2,0,4527,A
2-PB1,1847,1,4523,0,1,4525,T
2-PB1,1848,1,4,4527,0,4532,G
2-PB1,1849,0,1,4545,0,4546,G
2-PB1,1850,4532,0,5,0,4537,A
2-PB1,1851,1,4511,0,4,4516,T
2-PB1,1852,0,5,4511,0,4516,G
2-PB1,1853,4502,3,1,0,4506,A
2-PB1,1854,0,2,4568,0,4570,G
2-PB1,1855,4549,0,2,0,4551,A
2-PB1,1856,4546,0,4,0,4550,A
2-PB1,1857,2,4525,1,1,4529,T
2-PB1,1858,1,4492,0,1,4494,T
2-PB1,1859,4496,0,1,0,4497,A
2-PB1,1860,1,4496,0,3,4500,T
2-PB1,1861,2,2,1,4494,4499,C
2-PB1,1862,2,3,4508,0,4513,G
2-PB1,1863,2,1,4460,0,4463,G
2-PB1,1864,2,0,4450,2,4454,G
2-PB1,1865,1,2,4460,0,4463,G
2-PB1,1866,4463,2,1,0,4466,A
2-PB1,1867,4454,1,6,0,4461,A
2-PB1,1868,0,2,4503,1,4506,G
2-PB1,1869,4526,0,4,0,4530,A
2-PB1,1870,0,0,0,4566,4566,C
2-PB1,1871,0,4513,1,3,4517,T
2-PB1,1872,1,4601,0,0,4602,T
2-PB1,1873,0,4614,0,1,4615,T
2-PB1,1874,1,1,4658,0,4660,G
2-PB1,1875,1,4648,0,8,4657,T
2-PB1,1876,4624,0,7,0,4631,A
2-PB1,1877,4616,0,1,1,4618,A
2-PB1,1878,2,4514,0,6,4522,T
2-PB1,1879,5,3,0,4562,4570,C
2-PB1,1880,3,0,1,4574,4578,C
2-PB1,1881,4,3,1,4556,4564,C
2-PB1,1882,4,1,0,4592,4597,C
2-PB1,1883,1,4574,1,6,4582,T
2-PB1,1884,0,1,4605,1,4607,G
2-PB1,1885,4595,1,1,0,4597,A
2-PB1,1886,4612,1,1,0,4614,A
2-PB1,1887,0,4604,0,5,4609,T
2-PB1,1888,5,1,0,4599,4605,C
2-PB1,1889,6,0,0,4556,4562,C
2-PB1,1890,3,1,0,4544,4548,C
2-PB1,1891,0,4526,1,4,4531,T
2-PB1,1892,1,4542,1,3,4547,T
2-PB1,1893,0,4534,1,1,4536,T
2-PB1,1894,0,1,4544,0,4545,G
2-PB1,1895,1,4509,1,5,4516,T
2-PB1,1896,6,0,0,4500,4506,C
2-PB1,1897,4461,0,4,0,4465,A
2-PB1,1898,1,0,4535,2,4538,G
2-PB1,1899,0,1,0,4523,4524,C
2-PB1,1900,2,3,0,4525,4530,C
2-PB1,1901,4534,2,1,0,4537,A
2-PB1,1902,2,4545,0,1,4548,T
2-PB1,1903,4547,0,1,1,4549,A
2-PB1,1904,4568,1,1,0,4570,A
2-PB1,1905,4569,0,3,2,4574,A
2-PB1,1906,1,1,4645,1,4648,G
2-PB1,1907,4542,0,1,1,4544,A
2-PB1,1908,4547,0,1,0,4548,A
2-PB1,1909,4547,1,3,0,4551,A
2-PB1,1910,0,4537,2,16,4555,T
2-PB1,1911,0,4524,0,2,4526,T
2-PB1,1912,1,3,4534,0,4538,G
2-PB1,1913,4498,2,4,0,4504,A
2-PB1,1914,0,0,4587,1,4588,G
2-PB1,1915,0,4570,0,1,4571,T
2-PB1,1916,4,1,0,4607,4612,C
2-PB1,1917,1,4597,0,4,4602,T
2-PB1,1918,1,0,4717,0,4718,G
2-PB1,1919,2,4713,1,4,4720,T
2-PB1,1920,4780,0,2,0,4782,A
2-PB1,1921,4768,0,7,0,4775,A
2-PB1,1922,4780,1,1,0,4782,A
2-PB1,1923,2,0,0,4793,4795,C
2-PB1,1924,4665,0,1,0,4666,A
2-PB1,1925,4771,0,0,0,4771,A
2-PB1,1926,0,4774,0,4,4778,T
2-PB1,1927,1,0,4768,0,4769,G
2-PB1,1928,2,1,0,4818,4821,C
2-PB1,1929,0,4742,2,1,4745,T
2-PB1,1930,2,2,4917,0,4921,G
2-PB1,1931,2,4926,1,2,4931,T
2-PB1,1932,5021,1,0,0,5022,A
2-PB1,1933,0,1,5020,0,5021,G
2-PB1,1934,1,4885,0,2,4888,T
2-PB1,1935,4864,0,0,0,4864,A
2-PB1,1936,4838,3,2,0,4843,A
2-PB1,1937,0,4819,0,0,4819,T
2-PB1,1938,2,1,4810,0,4813,G
2-PB1,1939,2,0,0,4727,4729,C
2-PB1,1940,3,4,0,4665,4672,C
2-PB1,1941,4579,0,5,0,4584,A
2-PB1,1942,2,0,4610,0,4612,G
2-PB1,1943,1,1,0,4738,4740,C
2-PB1,1944,2,1,0,4727,4730,C
2-PB1,1945,5,0,3,4701,4709,C
2-PB1,1946,4700,0,1,1,4702,A
2-PB1,1947,1,4691,0,4,4696,T
2-PB1,1948,3,1,4693,0,4697,G
2-PB1,1949,0,3,4693,0,4696,G
2-PB1,1950,3,4684,0,3,4690,T
2-PB1,1951,1,0,0,4642,4643,C
2-PB1,1952,2,2,0,4479,4483,C
2-PB1,1953,4,3,4541,0,4548,G
2-PB1,1954,3,0,4553,0,4556,G
2-PB1,1955,2,3,0,4537,4542,C
2-PB1,1956,3,2,0,4556,4561,C
2-PB1,1957,4561,0,4,0,4565,A
2-PB1,1958,4571,0,2,1,4574,A
2-PB1,1959,4583,1,0,0,4584,A
2-PB1,1960,4591,1,1,0,4593,A
2-PB1,1961,19,0,4641,0,4660,G
2-PB1,1962,0,4558,1,2,4561,T
2-PB1,1963,4585,0,1,0,4586,A
2-PB1,1964,0,4583,0,1,4584,T
2-PB1,1965,2,2,4597,0,4601,G
2-PB1,1966,0,3,4702,0,4705,G
2-PB1,1967,4663,2,1,0,4666,A
2-PB1,1968,4715,1,2,0,4718,A
2-PB1,1969,1,4699,2,1,4703,T
2-PB1,1970,4647,0,0,0,4647,A
2-PB1,1971,2,4639,0,3,4644,T
2-PB1,1972,1,1,4612,1,4615,G
2-PB1,1973,4606,2,5,1,4614,A
2-PB1,1974,0,4596,1,1,4598,T
2-PB1,1975,2,1,4483,0,4486,G
2-PB1,1976,3,2,6,4490,4501,C
2-PB1,1977,3,4,0,4459,4466,C
2-PB1,1978,50,0,4428,0,4478,G
2-PB1,1979,1,4470,0,2,4473,T
2-PB1,1980,0,4472,0,3,4475,T
2-PB1,1981,2,0,4480,0,4482,G
2-PB1,1982,1,0,0,4577,4578,C
2-PB1,1983,4569,1,1,0,4571,A
2-PB1,1984,4621,0,7,0,4628,A
2-PB1,1985,0,2,0,4635,4637,C
2-PB1,1986,0,4599,0,0,4599,T
2-PB1,1987,4611,2,0,0,4613,A
2-PB1,1988,1,0,0,4600,4601,C
2-PB1,1989,4596,0,5,0,4601,A
2-PB1,1990,1,3,0,4607,4611,C
2-PB1,1991,4447,0,3,1,4451,A
2-PB1,1992,0,1,0,4802,4803,C
2-PB1,1993,0,4703,0,4,4707,T
2-PB1,1994,3,1,0,4734,4738,C
2-PB1,1995,2,1,0,4723,4726,C
2-PB1,1996,0,4698,1,1,4700,T
2-PB1,1997,2,1,4688,0,4691,G
2-PB1,1998,0,2,4695,3,4700,G
2-PB1,1999,4683,0,0,0,4683,A
2-PB1,2000,0,4688,1,0,4689,T
2-PB1,2001,2,4231,0,2,4235,T
2-PB1,2002,0,1,2,4313,4316,C
2-PB1,2003,1,1,0,4283,4285,C
2-PB1,2004,2,1,0,4298,4301,C
2-PB1,2005,4308,0,2,0,4310,A
2-PB1,2006,4297,1,2,1,4301,A
2-PB1,2007,3,3,4311,0,4317,G
2-PB1,2008,4283,0,5,0,4288,A
2-PB1,2009,2,3,4284,0,4289,G
2-PB1,2010,3,1,4290,0,4294,G
2-PB1,2011,4207,0,2,1,4210,A
2-PB1,2012,4218,0,1,0,4219,A
2-PB1,2013,1,0,0,4225,4226,C
2-PB1,2014,2,0,0,4206,4208,C
2-PB1,2015,7,1,4278,0,4286,G
2-PB1,2016,0,1,0,4268,4269,C
2-PB1,2017,1,4256,0,5,4262,T
2-PB1,2018,3,0,1,4296,4300,C
2-PB1,2019,2,4256,0,2,4260,T
2-PB1,2020,4576,0,1,0,4577,A
2-PB1,2021,0,4566,0,7,4573,T
2-PB1,2022,0,4585,0,1,4586,T
2-PB1,2023,0,0,0,4592,4592,C
2-PB1,2024,0,4461,0,0,4461,T
2-PB1,2025,4457,0,7,0,4464,A
2-PB1,2026,4453,0,0,0,4453,A
2-PB1,2027,4464,0,3,0,4467,A
2-PB1,2028,0,2,0,4466,4468,C
2-PB1,2029,4139,1,1,0,4141,A
2-PB1,2030,2,5,0,4133,4140,C
2-PB1,2031,4076,0,1,1,4078,A
2-PB1,2032,4115,1,5,0,4121,A
2-PB1,2033,0,0,4136,0,4136,G
2-PB1,2034,0,0,0,4128,4128,C
2-PB1,2035,1,1,0,4140,4142,C
2-PB1,2036,4109,1,1,0,4111,A
2-PB1,2037,4103,0,0,0,4103,A
2-PB1,2038,4104,0,5,1,4110,A
2-PB1,2039,2,1,4133,0,4136,G
2-PB1,2040,1,5,4123,0,4129,G
2-PB1,2041,1,4,4055,0,4060,G
2-PB1,2042,0,1,4066,0,4067,G
2-PB1,2043,4032,1,0,0,4033,A
2-PB1,2044,4060,1,1,0,4062,A
2-PB1,2045,0,4053,0,1,4054,T
2-PB1,2046,1,4070,0,0,4071,T
2-PB1,2047,4,0,0,4087,4091,C
2-PB1,2048,1,4047,1,2,4051,T
2-PB1,2049,0,4040,1,1,4042,T
2-PB1,2050,0,0,4055,0,4055,G
2-PB1,2051,4043,0,3,0,4046,A
2-PB1,2052,1,0,4061,0,4062,G
2-PB1,2053,0,3,4060,0,4063,G
2-PB1,2054,4053,1,2,0,4056,A
2-PB1,2055,1,4030,0,1,4032,T
2-PB1,2056,0,2,4044,0,4046,G
2-PB1,2057,4048,0,2,0,4050,A
2-PB1,2058,4049,0,7,0,4056,A
2-PB1,2059,0,1,0,4064,4065,C
2-PB1,2060,3995,3,6,0,4004,A
2-PB1,2061,0,2,4072,0,4074,G
2-PB1,2062,4031,1,2,1,4035,A
2-PB1,2063,0,4033,0,3,4036,T
2-PB1,2064,2,0,4037,0,4039,G
2-PB1,2065,0,4092,0,3,4095,T
2-PB1,2066,4103,2,7,1,4113,A
2-PB1,2067,0,4,0,4100,4104,C
2-PB1,2068,0,5,1,4067,4073,C
2-PB1,2069,4019,1,2,0,4022,A
2-PB1,2070,0,5,3954,0,3959,G
2-PB1,2071,3907,1,1,1,3910,A
2-PB1,2072,3892,0,1,0,3893,A
2-PB1,2073,2,2,3912,0,3916,G
2-PB1,2074,0,3656,0,1,3657,T
2-PB1,2075,0,3,3646,0,3649,G
2-PB1,2076,0,1,1,3645,3647,C
2-PB1,2077,0,3640,0,7,3647,T
2-PB1,2078,1,1,3651,0,3653,G
2-PB1,2079,2,2,0,3640,3644,C
2-PB1,2080,3640,0,0,0,3640,A
2-PB1,2081,3641,0,3,0,3644,A
2-PB1,2082,0,0,0,3598,3598,C
2-PB1,2083,0,3568,0,8,3576,T
2-PB1,2084,0,3535,1,1,3537,T
2-PB1,2085,1,0,3533,0,3534,G
2-PB1,2086,1,3527,0,0,3528,T
2-PB1,2087,0,3517,0,3,3520,T
2-PB1,2088,1,1,1,3513,3516,C
2-PB1,2089,1,2,3518,0,3521,G
2-PB1,2090,3519,0,0,1,3520,A
2-PB1,2091,0,2,3511,0,3513,G
2-PB1,2092,3506,0,2,0,3508,A
2-PB1,2093,3519,0,0,0,3519,A
2-PB1,2094,3513,0,0,1,3514,A
2-PB1,2095,1,3500,1,2,3504,T
2-PB1,2096,1,3515,0,0,3516,T
2-PB1,2097,2,3510,0,0,3512,T
2-PB1,2098,0,3519,1,1,3521,T
2-PB1,2099,2,3503,0,2,3507,T
2-PB1,2100,4,2,1,3506,3513,C
2-PB1,2101,4,0,0,3509,3513,C
2-PB1,2102,4,0,0,3529,3533,C
2-PB1,2103,1,3534,1,0,3536,T
2-PB1,2104,3535,0,0,0,3535,A
2-PB1,2105,0,1,3549,0,3550,G
2-PB1,2106,1,3543,0,1,3545,T
2-PB1,2107,3568,0,0,0,3568,A
2-PB1,2108,0,0,3585,0,3585,G
2-PB1,2109,0,3541,0,0,3541,T
2-PB1,2110,0,3635,0,5,3640,T
2-PB1,2111,4,1,0,3661,3666,C
2-PB1,2112,3732,1,3,1,3737,A
2-PB1,2113,0,3741,0,0,3741,T
2-PB1,2114,3727,1,2,1,3731,A
2-PB1,2115,2,3732,1,0,3735,T
2-PB1,2116,3612,0,1,0,3613,A
2-PB1,2117,2,1,3596,0,3599,G
2-PB1,2118,0,1,3578,0,3579,G
2-PB1,2119,3213,0,2,0,3215,A
2-PB1,2120,1,4,3206,0,3211,G
2-PB1,2121,3014,1,1,0,3016,A
2-PB1,2122,0,1,0,3010,3011,C
2-PB1,2123,0,0,0,2914,2914,C
2-PB1,2124,1,1,2910,0,2912,G
2-PB1,2125,2909,1,3,0,2913,A
2-PB1,2126,2,2893,0,0,2895,T
2-PB1,2127,2,2896,0,0,2898,T
2-PB1,2128,1,3,2892,0,2896,G
2-PB1,2129,1,2,2891,1,2895,G
2-PB1,2130,2895,2,0,1,2898,A
2-PB1,2131,2894,1,2,0,2897,A
2-PB1,2132,0,2894,1,1,2896,T
2-PB1,2133,0,2904,0,0,2904,T
2-PB1,2134,1,2894,0,1,2896,T
2-PB1,2135,1,0,0,2900,2901,C
2-PB1,2136,0,2904,0,0,2904,T
2-PB1,2137,2893,1,5,0,2899,A
2-PB1,2138,1,1,2905,0,2907,G
2-PB1,2139,0,0,0,2892,2892,C
2-PB1,2140,2891,1,0,0,2892,A
2-PB1,2141,0,2883,0,0,2883,T
2-PB1,2142,1,0,2829,2,2832,G
2-PB1,2143,2,0,2887,0,2889,G
2-PB1,2144,1,2889,0,2,2892,T
2-PB1,2145,1,0,2881,0,2882,G
2-PB1,2146,1,0,2876,0,2877,G
2-PB1,2147,2837,1,7,0,2845,A
2-PB1,2148,0,1,2854,0,2855,G
2-PB1,2149,0,0,2849,0,2849,G
2-PB1,2150,0,0,1,2828,2829,C
2-PB1,2151,2,2,0,2797,2801,C
2-PB1,2152,2584,0,1,0,2585,A
2-PB1,2153,0,2568,0,1,2569,T
2-PB1,2154,0,1,2587,0,2588,G
2-PB1,2155,0,1,2613,0,2614,G
2-PB1,2156,1,2569,0,3,2573,T
2-PB1,2157,1,0,2591,0,2592,G
2-PB1,2158,0,2540,0,0,2540,T
2-PB1,2159,4,0,0,2518,2522,C
2-PB1,2160,0,2523,0,2,2525,T
2-PB1,2161,2490,2,0,0,2492,A
2-PB1,2162,0,0,2485,0,2485,G
2-PB1,2163,0,0,2409,0,2409,G
2-PB1,2164,0,0,2383,0,2383,G
2-PB1,2165,2,0,0,2333,2335,C
2-PB1,2166,1,1,0,2175,2177,C
2-PB1,2167,1,1,0,2130,2132,C
2-PB1,2168,1,2,2129,0,2132,G
2-PB1,2169,0,0,2132,0,2132,G
2-PB1,2170,2132,1,0,0,2133,A
2-PB1,2171,1,2130,0,0,2131,T
2-PB1,2172,1,2040,0,0,2041,T
2-PB1,2173,0,3,2011,0,2014,G
2-PB1,2174,2011,0,0,1,2012,A
2-PB1,2175,0,2023,0,1,2024,T
2-PB1,2176,0,0,2016,0,2016,G
2-PB1,2177,2,1,0,1996,1999,C
2-PB1,2178,1,0,0,1999,2000,C
2-PB1,2179,1990,0,0,0,1990,A
2-PB1,2180,0,0,2003,0,2003,G
2-PB1,2181,2001,0,1,0,2002,A
2-PB1,2182,2004,0,0,0,2004,A
2-PB1,2183,0,1999,0,1,2000,T
2-PB1,2184,0,1935,0,4,1939,T
2-PB1,2185,0,4,1947,0,1951,G
2-PB1,2186,1941,0,2,0,1943,A
2-PB1,2187,3,0,0,1936,1939,C
2-PB1,2188,0,1922,0,3,1925,T
2-PB1,2189,0,1903,0,2,1905,T
2-PB1,2190,2,0,0,1904,1906,C
2-PB1,2191,0,2,1903,1,1906,G
2-PB1,2192,1903,0,3,0,1906,A
2-PB1,2193,0,0,1866,0,1866,G
2-PB1,2194,1,1882,0,2,1885,T
2-PB1,2195,2,0,0,1888,1890,C
2-PB1,2196,0,1891,0,0,1891,T
2-PB1,2197,0,0,1884,0,1884,G
2-PB1,2198,0,3,1884,0,1887,G
2-PB1,2199,1887,0,2,0,1889,A
2-PB1,2200,1748,0,1,0,1749,A
2-PB1,2201,2,0,1756,0,1758,G
2-PB1,2202,0,0,1778,0,1778,G
2-PB1,2203,1780,0,0,0,1780,A
2-PB1,2204,0,1761,0,1,1762,T
2-PB1,2205,1,1761,0,1,1763,T
2-PB1,2206,1757,0,1,0,1758,A
2-PB1,2207,1755,0,1,0,1756,A
2-PB1,2208,0,1,1755,0,1756,G
2-PB1,2209,1752,0,1,0,1753,A
2-PB1,2210,1691,0,2,0,1693,A
2-PB1,2211,0,1,1584,0,1585,G
2-PB1,2212,0,0,1584,0,1584,G
2-PB1,2213,1581,2,1,0,1584,A
2-PB1,2214,1583,0,1,0,1584,A
2-PB1,2215,0,1,1582,0,1583,G
2-PB1,2216,1491,0,0,0,1491,A
2-PB1,2217,0,0,1491,0,1491,G
2-PB1,2218,1,1441,0,2,1444,T
2-PB1,2219,1,1433,0,1,1435,T
2-PB1,2220,2,0,1,1446,1449,C
2-PB1,2221,0,1411,0,2,1413,T
2-PB1,2222,1,0,0,1414,1415,C
2-PB1,2223,0,1386,0,19,1405,T
2-PB1,2224,0,0,1398,0,1398,G
2-PB1,2225,1368,0,1,0,1369,A
2-PB1,2226,0,0,1346,0,1346,G
2-PB1,2227,1322,0,1,0,1323,A
2-PB1,2228,0,1276,0,2,1278,T
2-PB1,2229,3,0,0,1197,1200,C
2-PB1,2230,1203,0,2,0,1205,A
2-PB1,2231,0,1202,0,1,1203,T
2-PB1,2232,0,1,1203,0,1204,G
2-PB1,2233,1197,0,0,0,1197,A
2-PB1,2234,1191,0,1,0,1192,A
2-PB1,2235,0,1,1170,0,1171,G
2-PB1,2236,1147,0,1,0,1148,A
2-PB1,2237,0,1147,0,0,1147,T
2-PB1,2238,2,0,0,1128,1130,C
2-PB1,2239,0,1066,0,1,1067,T
2-PB1,2240,0,1,1072,0,1073,G
2-PB1,2241,0,1056,0,9,1065,T
2-PB1,2242,1,1063,0,2,1066,T
2-PB1,2243,0,0,0,1057,1057,C
2-PB1,2244,0,1,0,1007,1008,C
2-PB1,2245,1002,0,2,0,1004,A
2-PB1,2246,0,0,0,1008,1008,C
2-PB1,2247,2,0,1,949,952,C
2-PB1,2248,929,0,0,0,929,A
2-PB1,2249,0,869,0,0,869,T
2-PB1,2250,0,838,0,1,839,T
2-PB1,2251,0,0,835,0,835,G
2-PB1,2252,836,0,2,0,838,A
2-PB1,2253,830,1,4,0,835,A
2-PB1,2254,0,0,833,0,833,G
2-PB1,2255,688,0,0,0,688,A
2-PB1,2256,684,0,1,0,685,A
2-PB1,2257,0,0,0,677,677,C
2-PB1,2258,0,642,0,0,642,T
2-PB1,2259,0,0,0,645,645,C
2-PB1,2260,627,0,0,0,627,A
2-PB1,2261,0,0,630,0,630,G
2-PB1,2262,625,0,3,0,628,A
2-PB1,2263,0,0,0,609,609,C
2-PB1,2264,0,0,596,0,596,G
2-PB1,2265,0,0,571,0,571,G
2-PB1,2266,0,0,0,566,566,C
2-PB1,2267,565,0,1,0,566,A
2-PB1,2268,563,0,0,0,563,A
2-PB1,2269,560,0,0,0,560,A
2-PB1,2270,563,0,0,0,563,A
2-PB1,2271,558,0,1,0,559,A
2-PB1,2272,0,547,0,0,547,T
2-PB1,2273,526,0,0,0,526,A
2-PB1,2274,526,0,0,0,526,A
3-PA,1,73,0,0,0,73,A
3-PA,2,0,73,0,0,73,T
3-PA,3,0,0,77,0,77,G
3-PA,4,0,0,81,0,81,G
3-PA,5,80,0,1,0,81,A
3-PA,6,83,0,0,0,83,A
3-PA,7,0,0,84,0,84,G
3-PA,8,91,0,0,0,91,A
3-PA,9,0,92,0,0,92,T
3-PA,10,0,91,0,0,91,T
3-PA,11,0,94,0,0,94,T
3-PA,12,0,94,0,0,94,T
3-PA,13,0,0,95,0,95,G
3-PA,14,1,95,0,0,96,T
3-PA,15,0,0,95,0,95,G
3-PA,16,0,0,0,98,98,C
3-PA,17,0,0,98,0,98,G
3-PA,18,104,0,1,0,105,A
3-PA,19,0,0,0,107,107,C
3-PA,20,107,0,0,0,107,A
3-PA,21,107,0,0,0,107,A
3-PA,22,0,113,0,0,113,T
3-PA,23,0,0,136,0,136,G
3-PA,24,0,0,0,138,138,C
3-PA,25,0,138,0,0,138,T
3-PA,26,0,138,0,0,138,T
3-PA,27,0,0,0,137,137,C
3-PA,28,138,0,0,0,138,A
3-PA,29,145,0,0,0,145,A
3-PA,30,0,0,0,151,151,C
3-PA,31,0,0,0,150,150,C
3-PA,32,0,0,0,151,151,C
3-PA,33,0,1,151,0,152,G
3-PA,34,151,0,0,0,151,A
3-PA,35,0,153,0,0,153,T
3-PA,36,0,0,152,0,152,G
3-PA,37,153,0,0,0,153,A
3-PA,38,0,155,0,0,155,T
3-PA,39,0,154,0,0,154,T
3-PA,40,0,0,155,0,155,G
3-PA,41,0,156,0,0,156,T
3-PA,42,0,0,0,155,155,C
3-PA,43,1,0,154,0,155,G
3-PA,44,155,0,0,0,155,A
3-PA,45,153,1,0,0,154,A
3-PA,46,0,0,0,155,155,C
3-PA,47,0,157,0,0,157,T
3-PA,48,0,156,0,0,156,T
3-PA,49,0,0,157,0,157,G
3-PA,50,0,0,0,156,156,C
3-PA,51,157,0,0,0,157,A
3-PA,52,0,0,160,0,160,G
3-PA,53,159,0,0,0,159,A
3-PA,54,159,0,0,0,159,A
3-PA,55,159,0,0,0,159,A
3-PA,56,161,0,0,0,161,A
3-PA,57,162,0,1,0,163,A
3-PA,58,0,0,166,0,166,G
3-PA,59,0,1,0,175,176,C
3-PA,60,176,0,0,0,176,A
3-PA,61,195,0,0,0,195,A
3-PA,62,0,196,0,0,196,T
3-PA,63,0,0,199,0,199,G
3-PA,64,204,0,0,0,204,A
3-PA,65,204,0,0,0,204,A
3-PA,66,208,0,0,0,208,A
3-PA,67,0,0,220,0,220,G
3-PA,68,231,0,1,0,232,A
3-PA,69,0,0,302,0,302,G
3-PA,70,0,305,0,0,305,T
3-PA,71,306,0,0,0,306,A
3-PA,72,0,309,0,0,309,T
3-PA,73,1,0,306,0,307,G
3-PA,74,0,0,309,0,309,G
3-PA,75,0,0,313,0,313,G
3-PA,76,0,1,311,0,312,G
3-PA,77,311,0,0,0,311,A
3-PA,78,0,1,312,0,313,G
3-PA,79,0,0,320,0,320,G
3-PA,80,319,0,0,0,319,A
3-PA,81,0,319,0,0,319,T
3-PA,82,0,0,0,320,320,C
3-PA,83,0,320,0,0,320,T
3-PA,84,0,0,321,0,321,G
3-PA,85,319,0,0,0,319,A
3-PA,86,322,0,0,0,322,A
3-PA,87,323,0,0,0,323,A
3-PA,88,322,0,0,0,322,A
3-PA,89,0,322,0,0,322,T
3-PA,90,0,321,0,1,322,T
3-PA,91,0,0,322,0,322,G
3-PA,92,321,0,0,0,321,A
3-PA,93,320,0,1,0,321,A
3-PA,94,321,0,0,0,321,A
3-PA,95,0,0,0,323,323,C
3-PA,96,323,0,0,0,323,A
3-PA,97,322,0,0,0,322,A
3-PA,98,322,0,1,0,323,A
3-PA,99,0,0,0,322,322,C
3-PA,100,324,0,0,0,324,A
3-PA,101,327,0,0,0,327,A
3-PA,102,328,0,0,0,328,A
3-PA,103,0,327,0,0,327,T
3-PA,104,0,329,0,0,329,T
3-PA,105,0,330,0,0,330,T
3-PA,106,1,1,328,0,330,G
3-PA,107,0,0,0,330,330,C
3-PA,108,327,2,1,0,330,A
3-PA,109,0,0,342,0,342,G
3-PA,110,0,0,0,345,345,C
3-PA,111,367,0,1,0,368,A
3-PA,112,373,0,0,0,373,A
3-PA,113,0,375,0,0,375,T
3-PA,114,381,0,0,0,381,A
3-PA,115,0,382,0,0,382,T
3-PA,116,0,1,384,0,385,G
3-PA,117,0,0,0,388,388,C
3-PA,118,388,0,0,0,388,A
3-PA,119,0,0,0,392,392,C
3-PA,120,0,390,0,1,391,T
3-PA,121,0,0,0,476,476,C
3-PA,122,490,0,1,0,491,A
3-PA,123,0,0,0,503,503,C
3-PA,124,0,500,0,1,501,T
3-PA,125,0,505,0,0,505,T
3-PA,126,0,0,507,0,507,G
3-PA,127,0,0,514,0,514,G
3-PA,128,510,0,3,0,513,A
3-PA,129,0,1,518,0,519,G
3-PA,130,0,0,513,0,513,G
3-PA,131,0,490,0,0,490,T
3-PA,132,1,0,507,0,508,G
3-PA,133,0,506,0,2,508,T
3-PA,134,0,0,521,0,521,G
3-PA,135,1,519,0,1,521,T
3-PA,136,0,521,0,0,521,T
3-PA,137,0,519,0,1,520,T
3-PA,138,1,0,0,520,521,C
3-PA,139,521,0,0,0,521,A
3-PA,140,0,520,0,0,520,T
3-PA,141,3,0,526,0,529,G
3-PA,142,0,525,0,0,525,T
3-PA,143,526,0,0,0,526,A
3-PA,144,0,527,0,0,527,T
3-PA,145,0,525,0,1,526,T
3-PA,146,0,0,0,528,528,C
3-PA,147,523,0,0,0,523,A
3-PA,148,0,0,529,0,529,G
3-PA,149,529,0,0,0,529,A
3-PA,150,0,527,0,0,527,T
3-PA,151,0,522,0,1,523,T
3-PA,152,0,526,0,1,527,T
3-PA,153,0,0,0,521,521,C
3-PA,154,0,0,0,545,545,C
3-PA,155,546,0,0,0,546,A
3-PA,156,0,545,0,0,545,T
3-PA,157,0,543,0,0,543,T
3-PA,158,0,544,0,0,544,T
3-PA,159,0,0,0,543,543,C
3-PA,160,543,1,0,0,544,A
3-PA,161,0,562,1,0,563,T
3-PA,162,0,0,0,563,563,C
3-PA,163,562,0,0,0,562,A
3-PA,164,562,0,0,0,562,A
3-PA,165,0,562,0,0,562,T
3-PA,166,0,0,586,0,586,G
3-PA,167,583,0,0,0,583,A
3-PA,168,582,0,0,1,583,A
3-PA,169,1,0,0,583,584,C
3-PA,170,575,1,0,0,576,A
3-PA,171,579,0,1,0,580,A
3-PA,172,0,0,588,0,588,G
3-PA,173,0,0,587,0,587,G
3-PA,174,0,0,0,589,589,C
3-PA,175,1,0,590,0,591,G
3-PA,176,624,0,0,0,624,A
3-PA,177,624,0,0,0,624,A
3-PA,178,0,625,0,0,625,T
3-PA,179,1,0,0,628,629,C
3-PA,180,628,0,1,0,629,A
3-PA,181,627,0,0,0,627,A
3-PA,182,0,631,0,0,631,T
3-PA,183,632,0,0,0,632,A
3-PA,184,1,0,644,0,645,G
3-PA,185,0,640,0,0,640,T
3-PA,186,0,0,643,0,643,G
3-PA,187,0,0,645,0,645,G
3-PA,188,0,642,0,0,642,T
3-PA,189,644,0,0,0,644,A
3-PA,190,0,0,657,1,658,G
3-PA,191,656,0,0,0,656,A
3-PA,192,657,0,0,0,657,A
3-PA,193,0,1,0,654,655,C
3-PA,194,0,650,0,0,650,T
3-PA,195,0,648,0,0,648,T
3-PA,196,0,1,649,0,650,G
3-PA,197,650,0,0,0,650,A
3-PA,198,1,0,0,648,649,C
3-PA,199,0,0,640,0,640,G
3-PA,200,659,0,0,0,659,A
3-PA,201,0,663,0,0,663,T
3-PA,202,0,0,0,672,672,C
3-PA,203,2,0,0,677,679,C
3-PA,204,680,0,0,0,680,A
3-PA,205,683,0,0,0,683,A
3-PA,206,684,0,1,0,685,A
3-PA,207,0,685,0,0,685,T
3-PA,208,0,0,684,0,684,G
3-PA,209,0,0,0,679,679,C
3-PA,210,673,1,0,0,674,A
3-PA,211,0,0,0,697,697,C
3-PA,212,0,694,0,0,694,T
3-PA,213,0,0,816,0,816,G
3-PA,214,0,820,0,0,820,T
3-PA,215,0,816,0,1,817,T
3-PA,216,818,0,0,0,818,A
3-PA,217,819,0,0,0,819,A
3-PA,218,818,0,0,0,818,A
3-PA,219,0,1,821,0,822,G
3-PA,220,0,0,0,818,818,C
3-PA,221,812,0,0,0,812,A
3-PA,222,1,0,0,810,811,C
3-PA,223,771,0,0,0,771,A
3-PA,224,0,1,793,1,795,G
3-PA,225,798,0,0,0,798,A
3-PA,226,0,795,0,0,795,T
3-PA,227,0,796,0,0,796,T
3-PA,228,0,792,0,0,792,T
3-PA,229,0,1,792,0,793,G
3-PA,230,791,1,1,0,793,A
3-PA,231,795,0,0,0,795,A
3-PA,232,791,1,1,0,793,A
3-PA,233,0,777,0,0,777,T
3-PA,234,777,0,0,0,777,A
3-PA,235,785,0,0,0,785,A
3-PA,236,0,781,0,0,781,T
3-PA,237,1,0,0,785,786,C
3-PA,238,0,0,786,0,786,G
3-PA,239,788,0,0,0,788,A
3-PA,240,0,1,791,0,792,G
3-PA,241,0,2,800,0,802,G
3-PA,242,0,0,801,0,801,G
3-PA,243,2,1,802,0,805,G
3-PA,244,802,0,0,0,802,A
3-PA,245,0,0,800,0,800,G
3-PA,246,828,0,1,0,829,A
3-PA,247,1,1,836,0,838,G
3-PA,248,838,0,1,0,839,A
3-PA,249,0,0,0,842,842,C
3-PA,250,830,0,2,0,832,A
3-PA,251,0,1,839,0,840,G
3-PA,252,842,1,1,0,844,A
3-PA,253,862,0,0,0,862,A
3-PA,254,0,0,0,861,861,C
3-PA,255,838,0,0,0,838,A
3-PA,256,839,0,0,0,839,A
3-PA,257,0,830,0,2,832,T
3-PA,258,0,0,860,0,860,G
3-PA,259,0,0,863,0,863,G
3-PA,260,0,0,0,852,852,C
3-PA,261,1,0,0,851,852,C
3-PA,262,0,849,0,1,850,T
3-PA,263,1,0,867,0,868,G
3-PA,264,0,0,866,1,867,G
3-PA,265,867,0,0,0,867,A
3-PA,266,0,0,0,878,878,C
3-PA,267,838,0,0,0,838,A
3-PA,268,0,0,922,0,922,G
3-PA,269,0,921,0,0,921,T
3-PA,270,933,0,0,0,933,A
3-PA,271,1,0,934,0,935,G
3-PA,272,0,913,0,0,913,T
3-PA,273,914,0,0,0,914,A
3-PA,274,913,0,0,0,913,A
3-PA,275,906,0,2,0,908,A
3-PA,276,0,0,0,925,925,C
3-PA,277,855,0,0,0,855,A
3-PA,278,0,0,877,0,877,G
3-PA,279,0,863,0,1,864,T
3-PA,280,875,0,0,0,875,A
3-PA,281,0,869,0,0,869,T
3-PA,282,0,0,0,880,880,C
3-PA,283,0,880,0,1,881,T
3-PA,284,0,0,879,0,879,G
3-PA,285,0,1,0,879,880,C
3-PA,286,872,0,0,0,872,A
3-PA,287,871,0,0,0,871,A
3-PA,288,1,0,0,882,883,C
3-PA,289,878,0,0,0,878,A
3-PA,290,0,0,0,895,895,C
3-PA,291,0,877,0,0,877,T
3-PA,292,880,0,0,0,880,A
3-PA,293,0,0,0,876,876,C
3-PA,294,0,871,0,0,871,T
3-PA,295,2,1,865,0,868,G
3-PA,296,0,0,867,0,867,G
3-PA,297,860,0,1,0,861,A
3-PA,298,0,0,862,0,862,G
3-PA,299,1,1,0,836,838,C
3-PA,300,0,835,0,2,837,T
3-PA,301,0,0,831,0,831,G
3-PA,302,0,0,833,0,833,G
3-PA,303,829,0,1,0,830,A
3-PA,304,826,0,0,0,826,A
3-PA,305,825,0,0,0,825,A
3-PA,306,822,2,2,0,826,A
3-PA,307,0,0,0,826,826,C
3-PA,308,2,2,0,823,827,C
3-PA,309,0,0,825,0,825,G
3-PA,310,824,0,1,0,825,A
3-PA,311,823,0,1,0,824,A
3-PA,312,5,0,826,0,831,G
3-PA,313,0,829,0,0,829,T
3-PA,314,1,833,0,0,834,T
3-PA,315,0,831,0,0,831,T
3-PA,316,0,0,0,840,840,C
3-PA,317,0,843,0,0,843,T
3-PA,318,843,0,0,0,843,A
3-PA,319,0,0,0,839,839,C
3-PA,320,1,0,0,840,841,C
3-PA,321,830,0,0,0,830,A
3-PA,322,0,0,831,0,831,G
3-PA,323,833,0,0,0,833,A
3-PA,324,0,0,0,821,821,C
3-PA,325,0,839,0,1,840,T
3-PA,326,0,842,0,0,842,T
3-PA,327,1,0,852,0,853,G
3-PA,328,0,852,0,0,852,T
3-PA,329,851,0,1,0,852,A
3-PA,330,0,852,0,1,853,T
3-PA,331,0,0,844,0,844,G
3-PA,332,874,1,1,0,876,A
3-PA,333,1,858,0,1,860,T
3-PA,334,0,860,0,1,861,T
3-PA,335,861,0,0,0,861,A
3-PA,336,0,0,0,859,859,C
3-PA,337,863,1,0,0,864,A
3-PA,338,862,1,1,0,864,A
3-PA,339,0,1,868,0,869,G
3-PA,340,1,0,879,0,880,G
3-PA,341,825,0,1,0,826,A
3-PA,342,0,2,831,0,833,G
3-PA,343,834,0,0,0,834,A
3-PA,344,835,0,0,0,835,A
3-PA,345,0,0,0,835,835,C
3-PA,346,821,0,2,0,823,A
3-PA,347,0,0,828,0,828,G
3-PA,348,822,0,0,0,822,A
3-PA,349,0,812,0,0,812,T
3-PA,350,1,807,0,0,808,T
3-PA,351,1,0,0,797,798,C
3-PA,352,799,0,1,0,800,A
3-PA,353,0,799,0,0,799,T
3-PA,354,2,0,0,798,800,C
3-PA,355,0,0,799,0,799,G
3-PA,356,809,0,0,0,809,A
3-PA,357,806,0,0,0,806,A
3-PA,358,810,0,0,0,810,A
3-PA,359,0,805,1,0,806,T
3-PA,360,0,802,0,0,802,T
3-PA,361,0,2,798,0,800,G
3-PA,362,0,4,798,0,802,G
3-PA,363,0,0,797,0,797,G
3-PA,364,0,0,804,0,804,G
3-PA,365,0,795,0,1,796,T
3-PA,366,0,1,803,0,804,G
3-PA,367,805,0,0,0,805,A
3-PA,368,1,0,0,812,813,C
3-PA,369,815,1,0,0,816,A
3-PA,370,814,0,1,0,815,A
3-PA,371,1,1,826,0,828,G
3-PA,372,0,1,826,0,827,G
3-PA,373,823,1,0,0,824,A
3-PA,374,0,0,827,0,827,G
3-PA,375,807,1,0,0,808,A
3-PA,376,0,0,811,0,811,G
3-PA,377,810,0,0,0,810,A
3-PA,378,805,0,0,0,805,A
3-PA,379,0,0,827,0,827,G
3-PA,380,0,809,0,0,809,T
3-PA,381,2,0,0,812,814,C
3-PA,382,0,0,0,814,814,C
3-PA,383,817,0,2,0,819,A
3-PA,384,2,0,0,843,845,C
3-PA,385,859,0,0,0,859,A
3-PA,386,1,873,0,0,874,T
3-PA,387,887,0,0,0,887,A
3-PA,388,0,857,0,0,857,T
3-PA,389,853,0,0,0,853,A
3-PA,390,0,837,0,1,838,T
3-PA,391,0,836,0,0,836,T
3-PA,392,853,0,0,0,853,A
3-PA,393,1,0,0,846,847,C
3-PA,394,0,0,0,808,808,C
3-PA,395,0,793,0,0,793,T
3-PA,396,0,762,1,1,764,T
3-PA,397,0,1,767,0,768,G
3-PA,398,768,0,0,0,768,A
3-PA,399,770,0,0,0,770,A
3-PA,400,770,0,0,0,770,A
3-PA,401,737,0,0,0,737,A
3-PA,402,0,0,742,0,742,G
3-PA,403,1,0,750,0,751,G
3-PA,404,0,0,0,750,750,C
3-PA,405,0,2,0,749,751,C
3-PA,406,750,0,1,0,751,A
3-PA,407,750,0,0,0,750,A
3-PA,408,0,750,0,0,750,T
3-PA,409,752,0,0,0,752,A
3-PA,410,748,0,0,0,748,A
3-PA,411,0,0,756,0,756,G
3-PA,412,753,0,1,0,754,A
3-PA,413,0,751,0,0,751,T
3-PA,414,0,752,0,0,752,T
3-PA,415,752,0,0,0,752,A
3-PA,416,750,1,0,0,751,A
3-PA,417,754,0,0,0,754,A
3-PA,418,0,756,0,0,756,T
3-PA,419,0,0,0,757,757,C
3-PA,420,0,737,0,1,738,T
3-PA,421,1,0,746,0,747,G
3-PA,422,745,1,1,0,747,A
3-PA,423,1,0,758,0,759,G
3-PA,424,762,0,0,0,762,A
3-PA,425,757,0,0,0,757,A
3-PA,426,0,0,0,762,762,C
3-PA,427,758,0,0,0,758,A
3-PA,428,0,1,0,763,764,C
3-PA,429,764,0,1,0,765,A
3-PA,430,1,0,0,771,772,C
3-PA,431,764,2,2,0,768,A
3-PA,432,0,0,0,781,781,C
3-PA,433,771,1,2,0,774,A
3-PA,434,0,776,0,0,776,T
3-PA,435,0,776,0,1,777,T
3-PA,436,3,0,0,773,776,C
3-PA,437,772,1,1,0,774,A
3-PA,438,0,0,0,779,779,C
3-PA,439,774,1,0,0,775,A
3-PA,440,0,773,0,0,773,T
3-PA,441,0,744,0,1,745,T
3-PA,442,0,757,0,0,757,T
3-PA,443,0,758,0,0,758,T
3-PA,444,0,0,0,765,765,C
3-PA,445,0,759,1,1,761,T
3-PA,446,2,0,0,761,763,C
3-PA,447,753,0,0,0,753,A
3-PA,448,0,751,0,1,752,T
3-PA,449,0,755,0,0,755,T
3-PA,450,0,0,0,761,761,C
3-PA,451,753,0,0,0,753,A
3-PA,452,0,0,0,756,756,C
3-PA,453,0,739,0,2,741,T
3-PA,454,0,1,756,0,757,G
3-PA,455,0,0,759,0,759,G
3-PA,456,0,0,758,1,759,G
3-PA,457,0,0,757,0,757,G
3-PA,458,751,0,0,0,751,A
3-PA,459,0,0,752,0,752,G
3-PA,460,0,2,750,0,752,G
3-PA,461,747,0,0,0,747,A
3-PA,462,746,0,1,0,747,A
3-PA,463,736,0,1,0,737,A
3-PA,464,0,723,0,0,723,T
3-PA,465,1,0,725,0,726,G
3-PA,466,0,0,728,0,728,G
3-PA,467,0,1,0,734,735,C
3-PA,468,1,0,0,731,732,C
3-PA,469,731,1,0,0,732,A
3-PA,470,0,0,0,735,735,C
3-PA,471,733,0,0,0,733,A
3-PA,472,740,0,0,0,740,A
3-PA,473,743,1,0,0,744,A
3-PA,474,0,0,744,0,744,G
3-PA,475,0,0,748,0,748,G
3-PA,476,0,0,0,742,742,C
3-PA,477,750,0,0,0,750,A
3-PA,478,0,0,762,0,762,G
3-PA,479,761,1,0,1,763,A
3-PA,480,0,0,0,776,776,C
3-PA,481,0,764,0,1,765,T
3-PA,482,773,0,0,0,773,A
3-PA,483,0,0,0,768,768,C
3-PA,484,764,0,0,0,764,A
3-PA,485,0,0,0,764,764,C
3-PA,486,0,747,0,0,747,T
3-PA,487,0,0,0,756,756,C
3-PA,488,0,752,0,1,753,T
3-PA,489,0,0,0,738,738,C
3-PA,490,0,2,737,0,739,G
3-PA,491,738,0,0,0,738,A
3-PA,492,1,0,0,735,736,C
3-PA,493,0,0,737,0,737,G
3-PA,494,733,0,0,0,733,A
3-PA,495,0,0,738,0,738,G
3-PA,496,1,0,732,0,733,G
3-PA,497,724,0,0,0,724,A
3-PA,498,730,0,0,0,730,A
3-PA,499,729,0,0,0,729,A
3-PA,500,0,0,729,0,729,G
3-PA,501,0,0,0,727,727,C
3-PA,502,719,0,0,0,719,A
3-PA,503,1,1,718,0,720,G
3-PA,504,707,0,1,0,708,A
3-PA,505,0,1,729,0,730,G
3-PA,506,1,0,0,728,729,C
3-PA,507,0,731,0,0,731,T
3-PA,508,729,0,2,0,731,A
3-PA,509,0,1,739,0,740,G
3-PA,510,0,0,773,0,773,G
3-PA,511,779,0,0,0,779,A
3-PA,512,0,762,0,0,762,T
3-PA,513,1,760,0,0,761,T
3-PA,514,756,0,0,0,756,A
3-PA,515,762,0,1,0,763,A
3-PA,516,0,1,768,0,769,G
3-PA,517,770,0,0,0,770,A
3-PA,518,0,0,0,764,764,C
3-PA,519,0,0,0,704,704,C
3-PA,520,701,0,0,0,701,A
3-PA,521,0,0,710,0,710,G
3-PA,522,1,0,708,0,709,G
3-PA,523,0,0,0,716,716,C
3-PA,524,0,697,0,0,697,T
3-PA,525,0,0,724,0,724,G
3-PA,526,2,719,0,0,721,T
3-PA,527,0,723,0,0,723,T
3-PA,528,0,722,0,1,723,T
3-PA,529,721,0,0,0,721,A
3-PA,530,1,0,0,736,737,C
3-PA,531,0,0,0,718,718,C
3-PA,532,715,0,0,0,715,A
3-PA,533,0,716,0,0,716,T
3-PA,534,670,0,0,0,670,A
3-PA,535,668,0,0,0,668,A
3-PA,536,1,0,685,0,686,G
3-PA,537,685,0,0,0,685,A
3-PA,538,0,0,0,682,682,C
3-PA,539,661,0,0,0,661,A
3-PA,540,659,0,0,0,659,A
3-PA,541,0,0,664,0,664,G
3-PA,542,664,0,0,0,664,A
3-PA,543,663,0,1,0,664,A
3-PA,544,653,0,1,0,654,A
3-PA,545,0,634,0,1,635,T
3-PA,546,0,0,647,0,647,G
3-PA,547,0,1,645,0,646,G
3-PA,548,0,0,0,641,641,C
3-PA,549,1,0,0,640,641,C
3-PA,550,639,0,1,0,640,A
3-PA,551,651,0,0,0,651,A
3-PA,552,0,0,0,652,652,C
3-PA,553,646,0,0,0,646,A
3-PA,554,0,0,647,0,647,G
3-PA,555,620,1,5,0,626,A
3-PA,556,1,1,625,0,627,G
3-PA,557,1,0,630,0,631,G
3-PA,558,1,0,0,628,629,C
3-PA,559,1,0,0,632,633,C
3-PA,560,1,618,0,0,619,T
3-PA,561,1,1,0,623,625,C
3-PA,562,0,625,0,1,626,T
3-PA,563,0,1,625,0,626,G
3-PA,564,0,2,622,0,624,G
3-PA,565,0,1,619,0,620,G
3-PA,566,613,0,0,0,613,A
3-PA,567,0,599,0,0,599,T
3-PA,568,0,581,0,1,582,T
3-PA,569,0,0,0,688,688,C
3-PA,570,1,1,0,680,682,C
3-PA,571,0,678,0,0,678,T
3-PA,572,0,682,0,0,682,T
3-PA,573,0,681,0,0,681,T
3-PA,574,1,0,0,691,692,C
3-PA,575,0,0,697,0,697,G
3-PA,576,0,696,0,0,696,T
3-PA,577,0,1,0,694,695,C
3-PA,578,675,0,1,0,676,A
3-PA,579,9,0,787,0,796,G
3-PA,580,0,797,0,1,798,T
3-PA,581,0,0,0,795,795,C
3-PA,582,0,0,0,800,800,C
3-PA,583,0,0,805,0,805,G
3-PA,584,812,1,0,1,814,A
3-PA,585,816,0,0,0,816,A
3-PA,586,816,1,1,0,818,A
3-PA,587,0,0,843,0,843,G
3-PA,588,814,0,0,0,814,A
3-PA,589,0,0,828,0,828,G
3-PA,590,0,1,824,0,825,G
3-PA,591,0,1,0,827,828,C
3-PA,592,0,0,832,0,832,G
3-PA,593,834,0,0,0,834,A
3-PA,594,838,0,0,0,838,A
3-PA,595,0,0,846,0,846,G
3-PA,596,846,0,0,0,846,A
3-PA,597,848,0,1,0,849,A
3-PA,598,845,0,0,0,845,A
3-PA,599,0,0,1,854,855,C
3-PA,600,853,0,1,0,854,A
3-PA,601,856,0,0,0,856,A
3-PA,602,0,850,0,1,851,T
3-PA,603,0,853,0,0,853,T
3-PA,604,0,0,854,1,855,G
3-PA,605,850,0,0,0,850,A
3-PA,606,852,0,1,0,853,A
3-PA,607,0,0,858,0,858,G
3-PA,608,851,1,0,0,852,A
3-PA,609,851,0,0,0,851,A
3-PA,610,847,0,1,0,848,A
3-PA,611,852,0,0,0,852,A
3-PA,612,851,0,0,0,851,A
3-PA,613,0,854,0,0,854,T
3-PA,614,1,854,0,0,855,T
3-PA,615,0,850,0,2,852,T
3-PA,616,0,0,853,0,853,G
3-PA,617,854,0,1,0,855,A
3-PA,618,854,0,0,0,854,A
3-PA,619,861,0,0,0,861,A
3-PA,620,0,878,0,0,878,T
3-PA,621,0,0,0,999,999,C
3-PA,622,1002,0,0,0,1002,A
3-PA,623,0,0,0,1021,1021,C
3-PA,624,1021,0,1,0,1022,A
3-PA,625,0,0,1053,0,1053,G
3-PA,626,0,1,1094,0,1095,G
3-PA,627,1120,0,1,0,1121,A
3-PA,628,1137,0,1,0,1138,A
3-PA,629,0,0,0,1153,1153,C
3-PA,630,0,1128,0,0,1128,T
3-PA,631,1244,0,0,0,1244,A
3-PA,632,0,1265,0,0,1265,T
3-PA,633,0,0,1313,0,1313,G
3-PA,634,2,0,0,1307,1309,C
3-PA,635,1,0,1288,0,1289,G
3-PA,636,0,1284,1,1,1286,T
3-PA,637,1273,0,0,0,1273,A
3-PA,638,1,0,1289,0,1290,G
3-PA,639,0,0,1289,0,1289,G
3-PA,640,0,0,0,1271,1271,C
3-PA,641,1,1253,0,0,1254,T
3-PA,642,0,1231,0,0,1231,T
3-PA,643,0,1,1235,0,1236,G
3-PA,644,1,1,0,1230,1232,C
3-PA,645,1,1,0,1236,1238,C
3-PA,646,0,2,1242,0,1244,G
3-PA,647,1242,1,1,0,1244,A
3-PA,648,0,0,0,1252,1252,C
3-PA,649,0,0,0,1255,1255,C
3-PA,650,1254,0,0,0,1254,A
3-PA,651,1263,0,0,0,1263,A
3-PA,652,1256,0,2,0,1258,A
3-PA,653,0,0,1298,0,1298,G
3-PA,654,0,1296,0,1,1297,T
3-PA,655,0,0,0,1296,1296,C
3-PA,656,0,1293,0,2,1295,T
3-PA,657,0,0,0,1304,1304,C
3-PA,658,0,0,0,1309,1309,C
3-PA,659,0,1,0,1318,1319,C
3-PA,660,1320,0,0,0,1320,A
3-PA,661,0,0,0,1321,1321,C
3-PA,662,1,0,0,1314,1315,C
3-PA,663,6,2,1315,0,1323,G
3-PA,664,1342,0,0,0,1342,A
3-PA,665,1339,0,1,0,1340,A
3-PA,666,0,0,0,1346,1346,C
3-PA,667,0,1343,0,0,1343,T
3-PA,668,0,1374,0,0,1374,T
3-PA,669,0,0,0,1401,1401,C
3-PA,670,0,1389,0,0,1389,T
3-PA,671,0,0,0,1401,1401,C
3-PA,672,0,2,0,1400,1402,C
3-PA,673,0,1391,0,0,1391,T
3-PA,674,0,0,1409,0,1409,G
3-PA,675,0,1,0,1408,1409,C
3-PA,676,0,0,1,1413,1414,C
3-PA,677,0,1403,0,0,1403,T
3-PA,678,0,1394,0,0,1394,T
3-PA,679,0,0,1403,0,1403,G
3-PA,680,1405,0,0,0,1405,A
3-PA,681,0,0,1426,0,1426,G
3-PA,682,1426,0,0,0,1426,A
3-PA,683,1437,0,1,0,1438,A
3-PA,684,0,1468,0,0,1468,T
3-PA,685,0,1470,0,0,1470,T
3-PA,686,0,1472,0,1,1473,T
3-PA,687,0,1475,0,0,1475,T
3-PA,688,1471,0,1,0,1472,A
3-PA,689,0,1,1474,0,1475,G
3-PA,690,1456,0,2,0,1458,A
3-PA,691,1,0,1511,0,1512,G
3-PA,692,2,0,1,1505,1508,C
3-PA,693,0,0,0,1526,1526,C
3-PA,694,0,1572,0,1,1573,T
3-PA,695,1637,0,0,0,1637,A
3-PA,696,0,1643,0,2,1645,T
3-PA,697,0,0,1660,0,1660,G
3-PA,698,0,1655,0,2,1657,T
3-PA,699,0,3,1672,0,1675,G
3-PA,700,0,2,1659,0,1661,G
3-PA,701,1649,0,0,0,1649,A
3-PA,702,0,1632,0,0,1632,T
3-PA,703,0,2,1610,0,1612,G
3-PA,704,0,0,1666,0,1666,G
3-PA,705,1664,0,1,0,1665,A
3-PA,706,0,1656,0,1,1657,T
3-PA,707,0,1660,0,0,1660,T
3-PA,708,2,0,0,1651,1653,C
3-PA,709,2,3,1654,0,1659,G
3-PA,710,1664,0,0,0,1664,A
3-PA,711,1663,1,2,0,1666,A
3-PA,712,0,0,0,1677,1677,C
3-PA,713,0,1,0,1622,1623,C
3-PA,714,0,1,1630,0,1631,G
3-PA,715,1634,0,0,0,1634,A
3-PA,716,1633,0,1,0,1634,A
3-PA,717,0,0,0,1657,1657,C
3-PA,718,3,2,1640,0,1645,G
3-PA,719,0,1,1691,0,1692,G
3-PA,720,0,0,0,1698,1698,C
3-PA,721,0,1687,0,2,1689,T
3-PA,722,0,1,1755,0,1756,G
3-PA,723,0,0,0,1764,1764,C
3-PA,724,1782,0,0,0,1782,A
3-PA,725,1,1778,0,1,1780,T
3-PA,726,0,1766,0,0,1766,T
3-PA,727,0,0,1770,1,1771,G
3-PA,728,1724,0,2,0,1726,A
3-PA,729,0,3,1743,0,1746,G
3-PA,730,4,2,1736,0,1742,G
3-PA,731,3,0,1732,0,1735,G
3-PA,732,1,0,0,1726,1727,C
3-PA,733,1728,0,0,0,1728,A
3-PA,734,1737,1,0,0,1738,A
3-PA,735,0,1,1753,0,1754,G
3-PA,736,0,1,0,1756,1757,C
3-PA,737,0,1754,0,2,1756,T
3-PA,738,1,1755,0,0,1756,T
3-PA,739,0,1766,0,0,1766,T
3-PA,740,0,2,0,1777,1779,C
3-PA,741,1,1772,0,0,1773,T
3-PA,742,1,2,0,1783,1786,C
3-PA,743,1779,1,1,0,1781,A
3-PA,744,1767,0,0,1,1768,A
3-PA,745,1754,0,0,1,1755,A
3-PA,746,0,1757,0,0,1757,T
3-PA,747,1,0,1820,0,1821,G
3-PA,748,1,1817,0,1,1819,T
3-PA,749,0,1,0,1826,1827,C
3-PA,750,0,1,0,1834,1835,C
3-PA,751,1838,0,0,2,1840,A
3-PA,752,1831,0,2,2,1835,A
3-PA,753,1838,0,1,0,1839,A
3-PA,754,1,0,1873,0,1874,G
3-PA,755,1879,1,1,1,1882,A
3-PA,756,1856,1,0,1,1858,A
3-PA,757,0,0,1867,0,1867,G
3-PA,758,0,1863,0,1,1864,T
3-PA,759,0,4,1860,0,1864,G
3-PA,760,1856,0,2,0,1858,A
3-PA,761,1856,0,0,0,1856,A
3-PA,762,0,1862,0,1,1863,T
3-PA,763,0,0,1861,0,1861,G
3-PA,764,0,1,0,1855,1856,C
3-PA,765,4,0,0,1854,1858,C
3-PA,766,1,1,0,1853,1855,C
3-PA,767,1872,0,2,0,1874,A
3-PA,768,1895,1,0,1,1897,A
3-PA,769,1901,0,1,0,1902,A
3-PA,770,0,1903,0,0,1903,T
3-PA,771,0,1897,0,1,1898,T
3-PA,772,0,0,1898,1,1899,G
3-PA,773,1896,0,1,0,1897,A
3-PA,774,1904,0,1,0,1905,A
3-PA,775,1,0,0,1910,1911,C
3-PA,776,0,0,0,1904,1904,C
3-PA,777,0,1888,0,3,1891,T
3-PA,778,0,1945,0,0,1945,T
3-PA,779,1,1952,0,0,1953,T
3-PA,780,0,1987,0,0,1987,T
3-PA,781,1,1,0,1999,2001,C
3-PA,782,0,2001,0,1,2002,T
3-PA,783,0,1,1996,0,1997,G
3-PA,784,1993,1,1,0,1995,A
3-PA,785,2016,0,0,0,2016,A
3-PA,786,0,3,2028,0,2031,G
3-PA,787,1993,1,4,0,1998,A
3-PA,788,1,1,0,2006,2008,C
3-PA,789,1990,0,0,0,1990,A
3-PA,790,2007,0,2,0,2009,A
3-PA,791,0,8,0,2257,2265,C
3-PA,792,2274,0,3,0,2277,A
3-PA,793,0,0,0,2280,2280,C
3-PA,794,1,1,0,2257,2259,C
3-PA,795,2248,0,2,1,2251,A
3-PA,796,2248,0,1,0,2249,A
3-PA,797,0,0,2246,0,2246,G
3-PA,798,2243,1,4,0,2248,A
3-PA,799,0,0,0,2250,2250,C
3-PA,800,1,0,1,2100,2102,C
3-PA,801,2085,1,1,0,2087,A
3-PA,802,2094,0,0,1,2095,A
3-PA,803,0,2096,0,2,2098,T
3-PA,804,2,2,0,2101,2105,C
3-PA,805,2088,1,1,1,2091,A
3-PA,806,2091,0,2,0,2093,A
3-PA,807,2088,0,0,0,2088,A
3-PA,808,0,2,0,2105,2107,C
3-PA,809,0,2081,0,0,2081,T
3-PA,810,0,2097,1,1,2099,T
3-PA,811,1,1,0,2113,2115,C
3-PA,812,0,1,0,2111,2112,C
3-PA,813,0,3,2115,0,2118,G
3-PA,814,2124,0,1,0,2125,A
3-PA,815,2128,0,0,0,2128,A
3-PA,816,0,2129,0,0,2129,T
3-PA,817,2,2,2102,0,2106,G
3-PA,818,2,0,2107,0,2109,G
3-PA,819,2115,0,1,0,2116,A
3-PA,820,0,0,0,2125,2125,C
3-PA,821,0,0,0,2120,2120,C
3-PA,822,0,2162,0,5,2167,T
3-PA,823,2,0,0,2228,2230,C
3-PA,824,1,0,0,2228,2229,C
3-PA,825,0,2226,0,0,2226,T
3-PA,826,1,2236,0,1,2238,T
3-PA,827,0,0,2335,0,2335,G
3-PA,828,0,2315,0,0,2315,T
3-PA,829,1,2308,1,0,2310,T
3-PA,830,2297,0,1,15,2313,A
3-PA,831,0,2231,0,1,2232,T
3-PA,832,5,0,0,2216,2221,C
3-PA,833,2171,1,5,0,2177,A
3-PA,834,0,0,2178,0,2178,G
3-PA,835,0,0,0,2166,2166,C
3-PA,836,1,0,2095,0,2096,G
3-PA,837,1,1,2143,1,2146,G
3-PA,838,1,2151,0,5,2157,T
3-PA,839,4,0,0,2145,2149,C
3-PA,840,3,1,0,2154,2158,C
3-PA,841,2160,0,0,0,2160,A
3-PA,842,2167,0,0,0,2167,A
3-PA,843,2172,0,0,0,2172,A
3-PA,844,0,2175,0,1,2176,T
3-PA,845,0,2166,0,1,2167,T
3-PA,846,2,0,0,2140,2142,C
3-PA,847,3,0,0,2127,2130,C
3-PA,848,1,2123,0,4,2128,T
3-PA,849,3,0,0,2140,2143,C
3-PA,850,2,0,0,2145,2147,C
3-PA,851,0,2134,0,0,2134,T
3-PA,852,2,0,2153,0,2155,G
3-PA,853,2144,1,2,0,2147,A
3-PA,854,0,2153,0,0,2153,T
3-PA,855,1,1,2134,0,2136,G
3-PA,856,0,1,2109,0,2110,G
3-PA,857,2102,0,0,0,2102,A
3-PA,858,0,2084,0,0,2084,T
3-PA,859,0,0,2093,0,2093,G
3-PA,860,1,0,0,2196,2197,C
3-PA,861,0,2173,0,2,2175,T
3-PA,862,1,2181,0,5,2187,T
3-PA,863,0,2189,0,0,2189,T
3-PA,864,2190,0,1,1,2192,A
3-PA,865,2195,1,0,0,2196,A
3-PA,866,2195,0,0,0,2195,A
3-PA,867,2208,1,1,0,2210,A
3-PA,868,0,2205,0,0,2205,T
3-PA,869,0,2053,0,0,2053,T
3-PA,870,0,2,2057,0,2059,G
3-PA,871,2054,2,1,1,2058,A
3-PA,872,3,2,2080,0,2085,G
3-PA,873,0,1,0,2087,2088,C
3-PA,874,2075,0,1,0,2076,A
3-PA,875,0,2122,1,0,2123,T
3-PA,876,0,2118,0,1,2119,T
3-PA,877,0,0,2116,0,2116,G
3-PA,878,2118,0,1,0,2119,A
3-PA,879,2089,3,5,0,2097,A
3-PA,880,1,4,2101,0,2106,G
3-PA,881,2092,0,2,0,2094,A
3-PA,882,0,0,0,2116,2116,C
3-PA,883,2,0,0,2107,2109,C
3-PA,884,1,1,0,2088,2090,C
3-PA,885,2084,0,0,0,2084,A
3-PA,886,2136,0,0,1,2137,A
3-PA,887,0,0,2201,0,2201,G
3-PA,888,1,2204,3,0,2208,T
3-PA,889,3,0,0,2204,2207,C
3-PA,890,2220,0,2,0,2222,A
3-PA,891,1,0,1,2219,2221,C
3-PA,892,0,0,2220,0,2220,G
3-PA,893,2270,0,0,0,2270,A
3-PA,894,2264,0,2,0,2266,A
3-PA,895,1,2,2333,0,2336,G
3-PA,896,2,2,2328,1,2333,G
3-PA,897,2320,0,4,0,2324,A
3-PA,898,0,1,2341,0,2342,G
3-PA,899,2337,1,0,1,2339,A
3-PA,900,2334,2,4,0,2340,A
3-PA,901,0,1,2350,0,2351,G
3-PA,902,0,4,2315,0,2319,G
3-PA,903,0,1,2328,0,2329,G
3-PA,904,2274,0,2,0,2276,A
3-PA,905,0,2278,0,1,2279,T
3-PA,906,2,0,0,2270,2272,C
3-PA,907,3,0,0,2479,2482,C
3-PA,908,2,0,0,2514,2516,C
3-PA,909,2542,0,0,0,2542,A
3-PA,910,0,2540,0,0,2540,T
3-PA,911,0,2553,0,1,2554,T
3-PA,912,2605,0,3,1,2609,A
3-PA,913,0,2605,0,1,2606,T
3-PA,914,2605,0,1,0,2606,A
3-PA,915,0,2600,0,1,2601,T
3-PA,916,0,0,2336,0,2336,G
3-PA,917,2338,1,1,0,2340,A
3-PA,918,0,2306,0,3,2309,T
3-PA,919,1,3,2318,0,2322,G
3-PA,920,2,0,0,2290,2292,C
3-PA,921,2,3,2284,0,2289,G
3-PA,922,2297,1,5,0,2303,A
3-PA,923,2,2297,0,0,2299,T
3-PA,924,4,0,0,2298,2302,C
3-PA,925,2300,0,0,0,2300,A
3-PA,926,2281,1,3,0,2285,A
3-PA,927,1,0,2295,0,2296,G
3-PA,928,1,2276,0,0,2277,T
3-PA,929,0,0,2289,0,2289,G
3-PA,930,2,0,0,2284,2286,C
3-PA,931,2278,0,1,0,2279,A
3-PA,932,0,2285,1,0,2286,T
3-PA,933,2284,0,0,1,2285,A
3-PA,934,2309,1,1,0,2311,A
3-PA,935,2312,0,2,0,2314,A
3-PA,936,2303,0,1,0,2304,A
3-PA,937,2300,0,0,1,2301,A
3-PA,938,0,1,0,2301,2302,C
3-PA,939,2295,0,0,0,2295,A
3-PA,940,0,2299,0,2,2301,T
3-PA,941,0,2303,0,0,2303,T
3-PA,942,2,0,1,2317,2320,C
3-PA,943,1,2289,0,1,2291,T
3-PA,944,0,2287,0,0,2287,T
3-PA,945,1,2289,0,0,2290,T
3-PA,946,1,1,2286,0,2288,G
3-PA,947,0,1,2291,0,2292,G
3-PA,948,2293,1,0,0,2294,A
3-PA,949,0,2294,0,0,2294,T
3-PA,950,0,2,2310,0,2312,G
3-PA,951,0,2,2339,0,2341,G
3-PA,952,2347,0,0,0,2347,A
3-PA,953,2336,0,4,0,2340,A
3-PA,954,2344,0,3,0,2347,A
3-PA,955,2,2,2366,0,2370,G
3-PA,956,2360,0,1,0,2361,A
3-PA,957,2577,0,1,0,2578,A
3-PA,958,0,0,0,2610,2610,C
3-PA,959,0,0,0,2613,2613,C
3-PA,960,0,2589,0,1,2590,T
3-PA,961,0,2644,0,0,2644,T
3-PA,962,2657,1,1,0,2659,A
3-PA,963,0,2657,0,0,2657,T
3-PA,964,2643,2,2,0,2647,A
3-PA,965,0,2689,0,0,2689,T
3-PA,966,2487,1,5,0,2493,A
3-PA,967,0,0,2522,0,2522,G
3-PA,968,0,2487,0,1,2488,T
3-PA,969,1,1,0,2481,2483,C
3-PA,970,2449,0,2,0,2451,A
3-PA,971,2453,1,0,0,2454,A
3-PA,972,2453,0,1,0,2454,A
3-PA,973,0,1,0,2462,2463,C
3-PA,974,3,0,0,2423,2426,C
3-PA,975,2392,0,2,0,2394,A
3-PA,976,2,0,0,2405,2407,C
3-PA,977,2409,0,1,0,2410,A
3-PA,978,0,0,1,2417,2418,C
3-PA,979,1,1,2418,0,2420,G
3-PA,980,2403,1,0,0,2404,A
3-PA,981,2410,0,0,1,2411,A
3-PA,982,2397,0,2,0,2399,A
3-PA,983,2400,1,0,0,2401,A
3-PA,984,0,1,2408,0,2409,G
3-PA,985,0,3,2386,0,2389,G
3-PA,986,1,0,2407,0,2408,G
3-PA,987,2404,0,1,0,2405,A
3-PA,988,2398,0,4,0,2402,A
3-PA,989,1,2408,0,0,2409,T
3-PA,990,2403,0,1,0,2404,A
3-PA,991,2404,0,4,0,2408,A
3-PA,992,2415,0,0,0,2415,A
3-PA,993,0,2403,0,2,2405,T
3-PA,994,0,2391,0,0,2391,T
3-PA,995,3,0,0,2405,2408,C
3-PA,996,2407,0,0,0,2407,A
3-PA,997,2408,0,2,0,2410,A
3-PA,998,2408,0,2,0,2410,A
3-PA,999,0,2405,0,0,2405,T
3-PA,1000,0,2413,0,2,2415,T
3-PA,1001,2418,0,0,0,2418,A
3-PA,1002,0,1,0,2413,2414,C
3-PA,1003,1,6,0,2401,2408,C
3-PA,1004,1,2399,0,1,2401,T
3-PA,1005,1,1,2418,0,2420,G
3-PA,1006,0,0,0,2423,2423,C
3-PA,1007,0,2423,1,0,2424,T
3-PA,1008,1,0,2481,0,2482,G
3-PA,1009,0,2487,0,1,2488,T
3-PA,1010,2,1,0,2480,2483,C
3-PA,1011,2494,0,1,0,2495,A
3-PA,1012,0,2491,0,1,2492,T
3-PA,1013,1,2,2485,0,2488,G
3-PA,1014,1,0,2485,0,2486,G
3-PA,1015,2474,0,5,0,2479,A
3-PA,1016,2537,0,3,0,2540,A
3-PA,1017,0,0,2531,0,2531,G
3-PA,1018,0,2,0,2525,2527,C
3-PA,1019,2511,1,1,0,2513,A
3-PA,1020,2521,0,1,0,2522,A
3-PA,1021,1,1,2536,0,2538,G
3-PA,1022,0,2533,0,2,2535,T
3-PA,1023,2528,0,0,0,2528,A
3-PA,1024,1,1,0,2528,2530,C
3-PA,1025,1,2458,0,0,2459,T
3-PA,1026,0,0,2487,0,2487,G
3-PA,1027,1,2475,0,1,2477,T
3-PA,1028,3,1,1,2486,2491,C
3-PA,1029,2486,1,2,1,2490,A
3-PA,1030,0,2,2506,1,2509,G
3-PA,1031,2507,0,0,0,2507,A
3-PA,1032,2514,1,0,0,2515,A
3-PA,1033,1,2560,0,0,2561,T
3-PA,1034,0,2544,0,0,2544,T
3-PA,1035,0,0,2541,0,2541,G
3-PA,1036,0,2,0,2540,2542,C
3-PA,1037,2522,0,6,0,2528,A
3-PA,1038,2,3,2538,0,2543,G
3-PA,1039,0,2,2528,0,2530,G
3-PA,1040,2530,1,7,0,2538,A
3-PA,1041,0,0,0,2556,2556,C
3-PA,1042,2501,0,1,0,2502,A
3-PA,1043,0,2521,1,0,2522,T
3-PA,1044,0,2521,0,3,2524,T
3-PA,1045,0,0,2535,1,2536,G
3-PA,1046,2542,0,2,0,2544,A
3-PA,1047,2534,0,0,1,2535,A
3-PA,1048,2532,0,0,0,2532,A
3-PA,1049,2528,1,0,0,2529,A
3-PA,1050,0,2502,0,1,2503,T
3-PA,1051,0,3,2526,0,2529,G
3-PA,1052,2512,1,4,0,2517,A
3-PA,1053,0,3,2536,0,2539,G
3-PA,1054,0,0,2546,0,2546,G
3-PA,1055,2522,1,3,1,2527,A
3-PA,1056,0,0,2533,0,2533,G
3-PA,1057,2526,0,4,1,2531,A
3-PA,1058,2516,0,7,0,2523,A
3-PA,1059,0,2,2509,0,2511,G
3-PA,1060,4,1,2478,0,2483,G
3-PA,1061,0,2580,0,4,2584,T
3-PA,1062,0,2592,0,1,2593,T
3-PA,1063,1,0,1,2588,2590,C
3-PA,1064,1,1,1,2588,2591,C
3-PA,1065,2587,0,1,0,2588,A
3-PA,1066,2582,0,4,0,2586,A
3-PA,1067,1,2,2591,0,2594,G
3-PA,1068,0,4,2631,0,2635,G
3-PA,1069,2582,0,0,0,2582,A
3-PA,1070,1,0,0,2609,2610,C
3-PA,1071,0,2606,0,1,2607,T
3-PA,1072,2615,0,0,1,2616,A
3-PA,1073,2615,0,2,0,2617,A
3-PA,1074,2603,1,13,0,2617,A
3-PA,1075,2613,2,1,0,2616,A
3-PA,1076,2602,0,0,0,2602,A
3-PA,1077,0,2,0,2572,2574,C
3-PA,1078,2564,0,0,0,2564,A
3-PA,1079,0,2544,0,3,2547,T
3-PA,1080,1,1,2584,0,2586,G
3-PA,1081,2584,2,1,0,2587,A
3-PA,1082,2587,2,2,0,2591,A
3-PA,1083,0,0,2609,0,2609,G
3-PA,1084,2600,0,1,0,2601,A
3-PA,1085,2597,0,0,0,2597,A
3-PA,1086,2589,0,1,0,2590,A
3-PA,1087,2593,1,1,1,2596,A
3-PA,1088,0,1,0,2596,2597,C
3-PA,1089,0,2,2588,0,2590,G
3-PA,1090,2591,1,2,0,2594,A
3-PA,1091,1,1,2605,0,2607,G
3-PA,1092,1,2593,0,2,2596,T
3-PA,1093,3,1,0,2639,2643,C
3-PA,1094,2640,0,2,0,2642,A
3-PA,1095,2676,1,2,2,2681,A
3-PA,1096,0,0,0,2680,2680,C
3-PA,1097,0,2664,0,3,2667,T
3-PA,1098,0,0,2707,0,2707,G
3-PA,1099,2699,0,2,1,2702,A
3-PA,1100,2703,0,3,1,2707,A
3-PA,1101,0,2,2711,0,2713,G
3-PA,1102,1,2667,0,0,2668,T
3-PA,1103,0,1,2661,0,2662,G
3-PA,1104,2,0,2638,1,2641,G
3-PA,1105,1,1,2649,0,2651,G
3-PA,1106,0,0,0,2670,2670,C
3-PA,1107,0,2630,0,2,2632,T
3-PA,1108,1,0,0,2641,2642,C
3-PA,1109,0,2627,0,1,2628,T
3-PA,1110,0,2638,0,1,2639,T
3-PA,1111,0,0,2695,0,2695,G
3-PA,1112,1,1,2695,0,2697,G
3-PA,1113,0,2683,1,3,2687,T
3-PA,1114,2,4,2673,0,2679,G
3-PA,1115,2663,0,1,0,2664,A
3-PA,1116,2678,0,3,0,2681,A
3-PA,1117,2662,1,3,0,2666,A
3-PA,1118,2684,0,0,0,2684,A
3-PA,1119,0,0,0,2691,2691,C
3-PA,1120,2632,1,0,0,2633,A
3-PA,1121,1,2630,0,2,2633,T
3-PA,1122,2,1,2617,0,2620,G
3-PA,1123,1,1,2655,0,2657,G
3-PA,1124,1,3,0,2650,2654,C
3-PA,1125,2664,0,2,0,2666,A
3-PA,1126,0,3,0,2683,2686,C
3-PA,1127,5,1,1,2677,2684,C
3-PA,1128,2717,0,2,0,2719,A
3-PA,1129,1,2,2742,0,2745,G
3-PA,1130,2728,0,3,0,2731,A
3-PA,1131,0,1,2759,0,2760,G
3-PA,1132,2753,1,2,0,2756,A
3-PA,1133,2756,1,0,0,2757,A
3-PA,1134,0,1,2780,0,2781,G
3-PA,1135,1,0,2755,0,2756,G
3-PA,1136,1,2755,0,1,2757,T
3-PA,1137,2730,0,3,0,2733,A
3-PA,1138,0,2,2735,0,2737,G
3-PA,1139,2742,0,2,0,2744,A
3-PA,1140,2,1,0,2755,2758,C
3-PA,1141,0,2731,1,0,2732,T
3-PA,1142,1,2715,0,4,2720,T
3-PA,1143,0,2727,0,1,2728,T
3-PA,1144,3,1,2732,0,2736,G
3-PA,1145,2733,1,2,0,2736,A
3-PA,1146,2733,0,1,1,2735,A
3-PA,1147,2731,0,4,1,2736,A
3-PA,1148,2714,0,5,1,2720,A
3-PA,1149,0,0,0,2789,2789,C
3-PA,1150,0,2767,0,3,2770,T
3-PA,1151,1,0,2807,1,2809,G
3-PA,1152,0,0,0,2810,2810,C
3-PA,1153,2808,0,3,0,2811,A
3-PA,1154,0,0,2810,0,2810,G
3-PA,1155,2790,1,2,1,2794,A
3-PA,1156,0,0,2905,0,2905,G
3-PA,1157,2911,0,1,1,2913,A
3-PA,1158,2,1,0,2898,2901,C
3-PA,1159,2892,2,3,0,2897,A
3-PA,1160,0,2870,0,2,2872,T
3-PA,1161,2880,0,0,0,2880,A
3-PA,1162,2878,0,1,1,2880,A
3-PA,1163,0,0,2880,0,2880,G
3-PA,1164,1,0,0,2870,2871,C
3-PA,1165,1,2,2795,0,2798,G
3-PA,1166,2864,0,0,0,2864,A
3-PA,1167,0,2835,1,0,2836,T
3-PA,1168,0,2829,0,1,2830,T
3-PA,1169,2,2824,3,2,2831,T
3-PA,1170,0,1,2846,0,2847,G
3-PA,1171,2847,0,1,0,2848,A
3-PA,1172,2847,0,6,0,2853,A
3-PA,1173,0,2,2859,0,2861,G
3-PA,1174,2,0,1,2939,2942,C
3-PA,1175,2903,1,1,0,2905,A
3-PA,1176,3101,0,2,0,3103,A
3-PA,1177,0,3097,0,1,3098,T
3-PA,1178,3113,0,1,0,3114,A
3-PA,1179,0,3122,0,1,3123,T
3-PA,1180,0,5,3112,0,3117,G
3-PA,1181,3145,0,2,0,3147,A
3-PA,1182,3,3139,0,2,3144,T
3-PA,1183,3071,0,1,0,3072,A
3-PA,1184,1,0,3084,0,3085,G
3-PA,1185,1,2939,0,1,2941,T
3-PA,1186,3,4,2940,0,2947,G
3-PA,1187,2943,1,2,0,2946,A
3-PA,1188,2,0,0,2925,2927,C
3-PA,1189,1,4,2916,0,2921,G
3-PA,1190,2926,0,0,0,2926,A
3-PA,1191,2937,0,1,0,2938,A
3-PA,1192,0,0,0,2949,2949,C
3-PA,1193,2,1,0,2948,2951,C
3-PA,1194,2,2937,0,5,2944,T
3-PA,1195,0,2,3026,0,3028,G
3-PA,1196,3024,0,2,0,3026,A
3-PA,1197,3038,0,0,1,3039,A
3-PA,1198,0,3028,0,0,3028,T
3-PA,1199,0,2991,1,2,2994,T
3-PA,1200,2994,0,0,0,2994,A
3-PA,1201,2960,0,0,0,2960,A
3-PA,1202,0,0,2972,0,2972,G
3-PA,1203,1,0,2968,0,2969,G
3-PA,1204,0,2934,0,3,2937,T
3-PA,1205,4,0,0,2931,2935,C
3-PA,1206,2933,1,0,1,2935,A
3-PA,1207,1,2928,0,1,2930,T
3-PA,1208,0,2981,0,3,2984,T
3-PA,1209,1,2984,2,4,2991,T
3-PA,1210,1,2998,0,1,3000,T
3-PA,1211,2,0,0,2993,2995,C
3-PA,1212,2969,1,2,0,2972,A
3-PA,1213,2987,0,5,0,2992,A
3-PA,1214,0,1,3042,0,3043,G
3-PA,1215,1,0,0,3039,3040,C
3-PA,1216,0,3013,0,1,3014,T
3-PA,1217,1,3,3100,1,3105,G
3-PA,1218,0,1,3120,0,3121,G
3-PA,1219,3169,0,7,0,3176,A
3-PA,1220,0,3213,0,2,3215,T
3-PA,1221,3218,1,0,0,3219,A
3-PA,1222,0,1,0,3239,3240,C
3-PA,1223,3179,0,1,0,3180,A
3-PA,1224,0,0,3210,0,3210,G
3-PA,1225,3196,0,0,0,3196,A
3-PA,1226,3148,0,1,0,3149,A
3-PA,1227,0,3100,0,1,3101,T
3-PA,1228,1,1,3095,0,3097,G
3-PA,1229,3068,0,1,0,3069,A
3-PA,1230,0,2,3119,0,3121,G
3-PA,1231,2,3101,0,1,3104,T
3-PA,1232,1,3099,0,1,3101,T
3-PA,1233,3,0,0,3139,3142,C
3-PA,1234,3164,0,1,0,3165,A
3-PA,1235,3157,0,4,3,3164,A
3-PA,1236,2,0,2,3162,3166,C
3-PA,1237,3121,1,0,0,3122,A
3-PA,1238,3121,0,0,0,3121,A
3-PA,1239,0,3,3103,0,3106,G
3-PA,1240,0,4,3130,0,3134,G
3-PA,1241,2,0,0,3161,3163,C
3-PA,1242,2,0,0,3121,3123,C
3-PA,1243,0,3109,0,4,3113,T
3-PA,1244,0,0,3132,0,3132,G
3-PA,1245,1,3124,1,0,3126,T
3-PA,1246,1,4,3161,0,3166,G
3-PA,1247,3160,0,2,0,3162,A
3-PA,1248,0,1,3162,0,3163,G
3-PA,1249,1,0,0,3155,3156,C
3-PA,1250,0,3121,0,1,3122,T
3-PA,1251,3191,0,2,0,3193,A
3-PA,1252,3195,1,2,0,3198,A
3-PA,1253,0,0,1,3210,3211,C
3-PA,1254,0,3178,1,1,3180,T
3-PA,1255,0,0,3184,2,3186,G
3-PA,1256,3163,1,1,0,3165,A
3-PA,1257,0,3168,0,2,3170,T
3-PA,1258,0,3166,0,1,3167,T
3-PA,1259,3,0,0,3180,3183,C
3-PA,1260,3237,1,22,0,3260,A
3-PA,1261,0,2,3335,0,3337,G
3-PA,1262,1,3332,0,1,3334,T
3-PA,1263,2,0,1,3330,3333,C
3-PA,1264,2,3312,1,3,3318,T
3-PA,1265,0,2,3470,1,3473,G
3-PA,1266,2,2,3475,0,3479,G
3-PA,1267,3476,1,3,0,3480,A
3-PA,1268,0,3479,2,2,3483,T
3-PA,1269,3306,0,1,0,3307,A
3-PA,1270,0,2,3307,0,3309,G
3-PA,1271,3249,0,4,0,3253,A
3-PA,1272,9,1,3250,1,3261,G
3-PA,1273,0,0,0,3261,3261,C
3-PA,1274,1,3166,0,0,3167,T
3-PA,1275,3,0,0,3183,3186,C
3-PA,1276,1,2,3198,1,3202,G
3-PA,1277,3193,0,4,0,3197,A
3-PA,1278,1,3203,0,0,3204,T
3-PA,1279,1,1,3188,0,3190,G
3-PA,1280,3169,0,4,1,3174,A
3-PA,1281,3166,0,4,2,3172,A
3-PA,1282,1,0,3150,0,3151,G
3-PA,1283,0,3227,0,3,3230,T
3-PA,1284,0,3233,0,1,3234,T
3-PA,1285,0,2,3276,0,3278,G
3-PA,1286,1,1,3280,0,3282,G
3-PA,1287,3276,0,3,1,3280,A
3-PA,1288,0,1,3289,0,3290,G
3-PA,1289,3232,1,1,0,3234,A
3-PA,1290,2,5,3239,0,3246,G
3-PA,1291,2,0,3258,0,3260,G
3-PA,1292,3289,0,1,0,3290,A
3-PA,1293,0,35,0,3257,3292,C
3-PA,1294,0,2,3262,0,3264,G
3-PA,1295,0,3265,0,0,3265,T
3-PA,1296,3294,1,0,0,3295,A
3-PA,1297,1,0,3326,0,3327,G
3-PA,1298,0,1,0,3337,3338,C
3-PA,1299,1,1,0,3306,3308,C
3-PA,1300,3,1,1,3294,3299,C
3-PA,1301,4,2,0,3274,3280,C
3-PA,1302,3294,0,0,0,3294,A
3-PA,1303,3410,0,0,0,3410,A
3-PA,1304,1,3411,0,1,3413,T
3-PA,1305,0,3393,0,0,3393,T
3-PA,1306,0,1,3381,0,3382,G
3-PA,1307,3313,1,5,0,3319,A
3-PA,1308,30,0,3301,0,3331,G
3-PA,1309,0,3,0,3324,3327,C
3-PA,1310,3309,0,1,0,3310,A
3-PA,1311,0,1,0,3380,3381,C
3-PA,1312,3293,0,0,0,3293,A
3-PA,1313,2,3388,0,1,3391,T
3-PA,1314,0,3384,1,4,3389,T
3-PA,1315,1,4,3388,0,3393,G
3-PA,1316,1,1,1,3391,3394,C
3-PA,1317,3387,0,1,0,3388,A
3-PA,1318,3392,0,2,0,3394,A
3-PA,1319,0,0,3389,0,3389,G
3-PA,1320,0,0,0,3377,3377,C
3-PA,1321,3369,0,0,0,3369,A
3-PA,1322,0,3262,0,5,3267,T
3-PA,1323,2,7,3267,1,3277,G
3-PA,1324,3269,1,5,0,3275,A
3-PA,1325,0,0,3282,1,3283,G
3-PA,1326,3276,1,2,0,3279,A
3-PA,1327,3269,0,0,0,3269,A
3-PA,1328,0,3,3266,1,3270,G
3-PA,1329,0,6,3237,0,3243,G
3-PA,1330,3244,1,1,0,3246,A
3-PA,1331,3245,0,1,0,3246,A
3-PA,1332,0,3239,0,0,3239,T
3-PA,1333,0,3241,0,0,3241,T
3-PA,1334,3239,2,0,0,3241,A
3-PA,1335,0,3251,0,0,3251,T
3-PA,1336,0,3244,0,0,3244,T
3-PA,1337,2,3250,0,3,3255,T
3-PA,1338,2,0,1,3219,3222,C
3-PA,1339,3192,2,2,0,3196,A
3-PA,1340,0,2,0,3261,3263,C
3-PA,1341,3246,0,2,0,3248,A
3-PA,1342,0,0,3281,0,3281,G
3-PA,1343,0,2,0,3275,3277,C
3-PA,1344,3253,1,2,0,3256,A
3-PA,1345,0,2,3278,0,3280,G
3-PA,1346,3268,0,1,0,3269,A
3-PA,1347,0,0,3291,1,3292,G
3-PA,1348,1,1,3300,0,3302,G
3-PA,1349,0,3220,0,1,3221,T
3-PA,1350,0,0,3282,0,3282,G
3-PA,1351,0,3265,0,5,3270,T
3-PA,1352,0,1,0,3262,3263,C
3-PA,1353,7,0,0,3293,3300,C
3-PA,1354,3,0,0,3287,3290,C
3-PA,1355,3331,1,0,0,3332,A
3-PA,1356,0,3373,0,6,3379,T
3-PA,1357,1,3335,0,1,3337,T
3-PA,1358,1,2,3362,0,3365,G
3-PA,1359,2,3299,0,1,3302,T
3-PA,1360,3261,1,2,0,3264,A
3-PA,1361,0,1,3263,0,3264,G
3-PA,1362,3195,0,2,0,3197,A
3-PA,1363,1,0,3203,0,3204,G
3-PA,1364,0,0,0,3138,3138,C
3-PA,1365,0,10,0,3069,3079,C
3-PA,1366,3130,0,0,0,3130,A
3-PA,1367,1,0,0,3147,3148,C
3-PA,1368,0,3123,1,1,3125,T
3-PA,1369,0,4,3122,0,3126,G
3-PA,1370,3112,1,1,0,3114,A
3-PA,1371,3066,0,2,0,3068,A
3-PA,1372,1,3163,0,2,3166,T
3-PA,1373,3183,0,2,0,3185,A
3-PA,1374,1,1,0,3219,3221,C
3-PA,1375,3156,0,1,0,3157,A
3-PA,1376,0,3173,0,1,3174,T
3-PA,1377,3139,0,1,0,3140,A
3-PA,1378,3136,0,1,1,3138,A
3-PA,1379,0,3128,1,1,3130,T
3-PA,1380,1,2,3080,0,3083,G
3-PA,1381,3064,1,3,0,3068,A
3-PA,1382,3018,1,2,0,3021,A
3-PA,1383,1,1,3018,0,3020,G
3-PA,1384,3,2,2992,0,2997,G
3-PA,1385,0,3,3056,0,3059,G
3-PA,1386,2,3,3048,0,3053,G
3-PA,1387,0,0,3079,0,3079,G
3-PA,1388,0,3038,0,0,3038,T
3-PA,1389,3044,0,2,0,3046,A
3-PA,1390,0,3059,0,0,3059,T
3-PA,1391,3090,0,2,1,3093,A
3-PA,1392,0,2,1,3354,3357,C
3-PA,1393,3254,0,0,0,3254,A
3-PA,1394,0,3192,1,2,3195,T
3-PA,1395,0,3165,0,2,3167,T
3-PA,1396,3121,0,0,1,3122,A
3-PA,1397,3207,0,1,0,3208,A
3-PA,1398,0,2,0,3199,3201,C
3-PA,1399,3141,1,0,0,3142,A
3-PA,1400,0,1,0,3143,3144,C
3-PA,1401,0,2745,0,0,2745,T
3-PA,1402,4,1,2838,1,2844,G
3-PA,1403,0,0,0,2842,2842,C
3-PA,1404,4,0,0,2834,2838,C
3-PA,1405,2,0,0,2841,2843,C
3-PA,1406,0,2760,0,1,2761,T
3-PA,1407,2,0,2851,0,2853,G
3-PA,1408,0,0,0,2850,2850,C
3-PA,1409,1,2837,0,2,2840,T
3-PA,1410,1,2,1,2925,2929,C
3-PA,1411,2799,0,1,0,2800,A
3-PA,1412,2817,0,3,0,2820,A
3-PA,1413,0,2823,0,2,2825,T
3-PA,1414,2,0,2819,0,2821,G
3-PA,1415,0,3,0,2809,2812,C
3-PA,1416,2747,0,2,0,2749,A
3-PA,1417,1,2738,0,4,2743,T
3-PA,1418,2,1,0,2736,2739,C
3-PA,1419,0,5,0,2757,2762,C
3-PA,1420,1,2645,0,1,2647,T
3-PA,1421,0,1,2707,0,2708,G
3-PA,1422,0,2692,0,5,2697,T
3-PA,1423,2,0,2695,0,2697,G
3-PA,1424,0,0,0,2696,2696,C
3-PA,1425,2644,0,2,0,2646,A
3-PA,1426,0,1,2660,0,2661,G
3-PA,1427,0,2,0,2654,2656,C
3-PA,1428,2624,0,0,0,2624,A
3-PA,1429,2617,0,0,0,2617,A
3-PA,1430,0,2513,0,1,2514,T
3-PA,1431,1,2,2508,2,2513,G
3-PA,1432,0,1,2513,1,2515,G
3-PA,1433,2514,0,2,0,2516,A
3-PA,1434,1,0,0,2509,2510,C
3-PA,1435,0,4,2470,1,2475,G
3-PA,1436,2491,0,0,0,2491,A
3-PA,1437,1,2487,0,1,2489,T
3-PA,1438,0,2482,0,0,2482,T
3-PA,1439,1,2473,0,1,2475,T
3-PA,1440,1,2476,0,2,2479,T
3-PA,1441,2,0,0,2484,2486,C
3-PA,1442,2485,0,0,0,2485,A
3-PA,1443,2483,0,1,0,2484,A
3-PA,1444,1,0,0,2489,2490,C
3-PA,1445,1,2438,0,0,2439,T
3-PA,1446,2434,0,1,0,2435,A
3-PA,1447,2434,1,0,0,2435,A
3-PA,1448,0,2437,0,2,2439,T
3-PA,1449,0,2435,0,2,2437,T
3-PA,1450,2,1,0,2433,2436,C
3-PA,1451,1,1,0,2428,2430,C
3-PA,1452,2,0,0,2420,2422,C
3-PA,1453,2419,2,1,0,2422,A
3-PA,1454,0,2446,0,2,2448,T
3-PA,1455,1,2,2448,0,2451,G
3-PA,1456,2443,1,1,0,2445,A
3-PA,1457,0,2429,0,3,2432,T
3-PA,1458,2424,0,1,0,2425,A
3-PA,1459,2430,1,0,0,2431,A
3-PA,1460,0,2,2432,0,2434,G
3-PA,1461,1,0,0,2413,2414,C
3-PA,1462,2408,0,1,0,2409,A
3-PA,1463,2344,0,2,0,2346,A
3-PA,1464,0,0,2381,0,2381,G
3-PA,1465,1,2364,0,0,2365,T
3-PA,1466,1,0,2367,0,2368,G
3-PA,1467,0,0,0,2362,2362,C
3-PA,1468,2331,0,1,0,2332,A
3-PA,1469,0,1,2356,0,2357,G
3-PA,1470,2349,0,1,0,2350,A
3-PA,1471,2379,0,3,0,2382,A
3-PA,1472,0,0,0,2390,2390,C
3-PA,1473,0,2327,2,1,2330,T
3-PA,1474,2338,0,0,0,2338,A
3-PA,1475,2336,0,0,0,2336,A
3-PA,1476,2334,0,1,0,2335,A
3-PA,1477,0,0,2343,0,2343,G
3-PA,1478,2222,0,1,0,2223,A
3-PA,1479,2,1,2223,0,2226,G
3-PA,1480,0,2,2160,0,2162,G
3-PA,1481,1,1,2161,1,2164,G
3-PA,1482,2152,0,2,0,2154,A
3-PA,1483,2112,0,1,0,2113,A
3-PA,1484,0,0,2108,0,2108,G
3-PA,1485,0,0,2108,0,2108,G
3-PA,1486,0,0,0,2089,2089,C
3-PA,1487,0,0,2093,0,2093,G
3-PA,1488,2091,0,0,0,2091,A
3-PA,1489,2098,0,0,0,2098,A
3-PA,1490,2092,0,0,0,2092,A
3-PA,1491,2097,0,0,0,2097,A
3-PA,1492,2098,0,2,0,2100,A
3-PA,1493,1,1,0,2095,2097,C
3-PA,1494,1,3,0,2080,2084,C
3-PA,1495,2084,0,0,0,2084,A
3-PA,1496,2108,0,0,0,2108,A
3-PA,1497,0,2104,0,0,2104,T
3-PA,1498,0,2109,1,0,2110,T
3-PA,1499,0,2112,0,0,2112,T
3-PA,1500,2123,0,2,0,2125,A
3-PA,1501,0,2111,0,4,2115,T
3-PA,1502,2111,0,0,0,2111,A
3-PA,1503,0,2091,0,1,2092,T
3-PA,1504,2,2,2071,0,2075,G
3-PA,1505,1,1,2032,0,2034,G
3-PA,1506,2032,1,1,0,2034,A
3-PA,1507,0,2028,0,1,2029,T
3-PA,1508,1,2003,0,1,2005,T
3-PA,1509,2,0,0,1998,2000,C
3-PA,1510,2000,0,0,0,2000,A
3-PA,1511,0,2017,0,5,2022,T
3-PA,1512,1,1,0,2023,2025,C
3-PA,1513,2011,1,1,0,2013,A
3-PA,1514,0,1989,0,0,1989,T
3-PA,1515,1970,0,0,0,1970,A
3-PA,1516,1967,1,2,0,1970,A
3-PA,1517,1968,0,2,0,1970,A
3-PA,1518,0,0,1967,1,1968,G
3-PA,1519,1,0,1933,0,1934,G
3-PA,1520,0,1,1908,2,1911,G
3-PA,1521,1883,0,2,0,1885,A
3-PA,1522,1862,1,1,0,1864,A
3-PA,1523,0,0,1866,0,1866,G
3-PA,1524,1844,0,1,0,1845,A
3-PA,1525,1,1840,0,0,1841,T
3-PA,1526,2,0,0,1842,1844,C
3-PA,1527,3,1797,0,2,1802,T
3-PA,1528,1,1,0,1833,1835,C
3-PA,1529,1827,0,0,0,1827,A
3-PA,1530,1,1817,0,0,1818,T
3-PA,1531,1,1816,1,1,1819,T
3-PA,1532,0,1796,0,0,1796,T
3-PA,1533,1784,0,1,0,1785,A
3-PA,1534,1782,0,0,0,1782,A
3-PA,1535,0,1,1782,0,1783,G
3-PA,1536,0,0,1790,0,1790,G
3-PA,1537,1672,1,0,0,1673,A
3-PA,1538,1673,1,0,0,1674,A
3-PA,1539,0,1662,11,1,1674,T
3-PA,1540,0,2,1682,0,1684,G
3-PA,1541,1712,0,0,0,1712,A
3-PA,1542,1,0,0,1707,1708,C
3-PA,1543,1693,0,1,0,1694,A
3-PA,1544,0,1,0,1693,1694,C
3-PA,1545,1620,0,1,1,1622,A
3-PA,1546,0,0,1622,0,1622,G
3-PA,1547,1600,0,2,0,1602,A
3-PA,1548,0,1,0,1575,1576,C
3-PA,1549,1,1,1541,0,1543,G
3-PA,1550,0,1387,1,4,1392,T
3-PA,1551,1,2,1391,0,1394,G
3-PA,1552,0,0,1394,0,1394,G
3-PA,1553,0,1394,0,0,1394,T
3-PA,1554,1392,0,0,0,1392,A
3-PA,1555,1361,0,0,0,1361,A
3-PA,1556,1358,0,0,0,1358,A
3-PA,1557,1,1353,0,1,1355,T
3-PA,1558,0,1332,0,0,1332,T
3-PA,1559,0,1321,0,0,1321,T
3-PA,1560,0,1303,0,0,1303,T
3-PA,1561,0,0,1310,0,1310,G
3-PA,1562,0,1293,0,3,1296,T
3-PA,1563,0,2,1291,2,1295,G
3-PA,1564,1285,0,2,0,1287,A
3-PA,1565,0,0,1281,0,1281,G
3-PA,1566,0,1,0,1274,1275,C
3-PA,1567,1272,0,1,0,1273,A
3-PA,1568,3,1267,0,1,1271,T
3-PA,1569,0,0,1270,0,1270,G
3-PA,1570,0,2,1265,0,1267,G
3-PA,1571,1273,0,1,0,1274,A
3-PA,1572,6,1,1270,0,1277,G
3-PA,1573,0,1246,1,1,1248,T
3-PA,1574,0,1227,0,1,1228,T
3-PA,1575,0,1229,0,0,1229,T
3-PA,1576,1,1220,1,1,1223,T
3-PA,1577,0,0,0,1229,1229,C
3-PA,1578,0,1223,0,3,1226,T
3-PA,1579,0,0,0,1218,1218,C
3-PA,1580,0,1172,0,0,1172,T
3-PA,1581,1,0,0,1173,1174,C
3-PA,1582,1171,0,0,0,1171,A
3-PA,1583,0,1,0,1161,1162,C
3-PA,1584,0,1115,0,1,1116,T
3-PA,1585,0,2,1110,0,1112,G
3-PA,1586,1112,0,2,0,1114,A
3-PA,1587,0,0,0,1114,1114,C
3-PA,1588,0,0,0,1096,1096,C
3-PA,1589,2,0,0,1070,1072,C
3-PA,1590,0,1,1064,0,1065,G
3-PA,1591,1062,0,1,0,1063,A
3-PA,1592,0,2,1064,0,1066,G
3-PA,1593,1064,0,1,0,1065,A
3-PA,1594,0,0,0,1035,1035,C
3-PA,1595,0,993,0,0,993,T
3-PA,1596,1,910,0,0,911,T
3-PA,1597,0,0,910,0,910,G
3-PA,1598,906,0,1,0,907,A
3-PA,1599,0,0,907,0,907,G
3-PA,1600,1,0,0,901,902,C
3-PA,1601,2,1,0,855,858,C
3-PA,1602,863,0,2,0,865,A
3-PA,1603,1,0,0,856,857,C
3-PA,1604,859,0,0,0,859,A
3-PA,1605,0,858,0,0,858,T
3-PA,1606,846,0,1,0,847,A
3-PA,1607,839,0,0,0,839,A
3-PA,1608,842,0,0,0,842,A
3-PA,1609,0,834,0,0,834,T
3-PA,1610,0,2,829,0,831,G
3-PA,1611,0,0,731,0,731,G
3-PA,1612,0,1,717,0,718,G
3-PA,1613,695,0,0,0,695,A
3-PA,1614,0,1,685,0,686,G
3-PA,1615,676,0,1,0,677,A
3-PA,1616,662,0,0,0,662,A
3-PA,1617,664,0,0,0,664,A
3-PA,1618,0,659,0,0,659,T
3-PA,1619,645,0,0,0,645,A
3-PA,1620,1,112,0,525,638,C
3-PA,1621,0,370,0,0,370,T
3-PA,1622,0,0,367,0,367,G
3-PA,1623,0,220,0,0,220,T
3-PA,1624,0,0,218,0,218,G
3-PA,1625,0,189,0,0,189,T
3-PA,1626,0,0,0,127,127,C
3-PA,1627,1,0,0,114,115,C
3-PA,1628,0,108,0,0,108,T
3-PA,1629,0,107,0,0,107,T
3-PA,1630,0,0,107,0,107,G
3-PA,1631,111,0,0,0,111,A
3-PA,1632,0,0,117,0,117,G
3-PA,1633,115,0,0,0,115,A
3-PA,1634,0,115,0,0,115,T
3-PA,1635,114,0,0,0,114,A
3-PA,1636,0,0,115,0,115,G
3-PA,1637,0,0,115,0,115,G
3-PA,1638,115,0,0,0,115,A
3-PA,1639,0,0,113,0,113,G
3-PA,1640,114,0,0,0,114,A
3-PA,1641,0,112,0,0,112,T
3-PA,1642,115,0,0,0,115,A
3-PA,1643,0,115,0,0,115,T
3-PA,1644,0,0,117,0,117,G
3-PA,1645,0,117,0,0,117,T
3-PA,1646,0,116,0,0,116,T
3-PA,1647,118,0,0,0,118,A
3-PA,1648,0,0,0,119,119,C
3-PA,1649,0,118,0,0,118,T
3-PA,1650,120,0,0,0,120,A
3-PA,1651,120,0,0,0,120,A
3-PA,1652,1,0,121,0,122,G
3-PA,1653,121,0,0,0,121,A
3-PA,1654,118,0,0,0,118,A
3-PA,1655,0,0,112,0,112,G
3-PA,1656,0,114,0,0,114,T
3-PA,1657,0,0,117,0,117,G
3-PA,1658,0,0,0,117,117,C
3-PA,1659,0,0,0,116,116,C
3-PA,1660,115,0,0,0,115,A
3-PA,1661,0,116,0,0,116,T
3-PA,1662,116,0,0,0,116,A
3-PA,1663,0,0,116,0,116,G
3-PA,1664,0,0,117,0,117,G
3-PA,1665,0,0,0,117,117,C
3-PA,1666,0,0,0,117,117,C
3-PA,1667,114,0,0,0,114,A
3-PA,1668,115,0,0,0,115,A
3-PA,1669,115,0,0,0,115,A
3-PA,1670,0,116,0,0,116,T
3-PA,1671,0,117,0,0,117,T
3-PA,1672,0,118,0,0,118,T
3-PA,1673,0,0,0,118,118,C
3-PA,1674,118,0,0,0,118,A
3-PA,1675,118,0,0,0,118,A
3-PA,1676,1,0,117,0,118,G
3-PA,1677,0,0,120,0,120,G
3-PA,1678,0,0,0,120,120,C
3-PA,1679,0,1,0,119,120,C
3-PA,1680,0,0,120,0,120,G
3-PA,1681,125,0,0,0,125,A
3-PA,1682,0,126,0,0,126,T
3-PA,1683,0,0,130,0,130,G
3-PA,1684,0,128,0,0,128,T
3-PA,1685,0,133,0,0,133,T
3-PA,1686,0,0,0,136,136,C
3-PA,1687,0,135,0,0,135,T
3-PA,1688,0,135,0,0,135,T
3-PA,1689,0,0,135,0,135,G
3-PA,1690,0,133,0,0,133,T
3-PA,1691,136,0,0,0,136,A
3-PA,1692,0,136,0,0,136,T
3-PA,1693,0,0,136,0,136,G
3-PA,1694,0,131,0,1,132,T
3-PA,1695,0,0,132,0,132,G
3-PA,1696,133,0,0,0,133,A
3-PA,1697,0,0,131,0,131,G
3-PA,1698,0,0,133,0,133,G
3-PA,1699,132,0,0,0,132,A
3-PA,1700,0,0,0,134,134,C
3-PA,1701,133,0,0,0,133,A
3-PA,1702,132,0,0,0,132,A
3-PA,1703,133,0,0,0,133,A
3-PA,1704,0,0,0,133,133,C
3-PA,1705,0,0,133,0,133,G
3-PA,1706,0,0,133,0,133,G
3-PA,1707,132,0,0,0,132,A
3-PA,1708,133,0,0,0,133,A
3-PA,1709,0,0,0,134,134,C
3-PA,1710,134,0,0,0,134,A
3-PA,1711,0,133,0,1,134,T
3-PA,1712,1,0,0,133,134,C
3-PA,1713,134,0,0,0,134,A
3-PA,1714,134,0,0,0,134,A
3-PA,1715,133,0,0,0,133,A
3-PA,1716,0,0,136,0,136,G
3-PA,1717,0,0,136,0,136,G
3-PA,1718,0,133,0,0,133,T
3-PA,1719,133,0,0,0,133,A
3-PA,1720,133,0,0,0,133,A
3-PA,1721,133,0,0,0,133,A
3-PA,1722,133,0,0,0,133,A
3-PA,1723,133,0,0,0,133,A
3-PA,1724,0,131,0,0,131,T
3-PA,1725,0,0,131,0,131,G
3-PA,1726,128,0,0,1,129,A
3-PA,1727,130,0,0,0,130,A
3-PA,1728,131,0,0,0,131,A
3-PA,1729,0,132,0,0,132,T
3-PA,1730,0,1,134,0,135,G
3-PA,1731,0,0,135,0,135,G
3-PA,1732,0,1,135,0,136,G
3-PA,1733,0,0,136,0,136,G
3-PA,1734,134,0,0,0,134,A
3-PA,1735,134,0,0,0,134,A
3-PA,1736,0,134,0,0,134,T
3-PA,1737,0,1,135,0,136,G
3-PA,1738,0,0,137,0,137,G
3-PA,1739,133,0,0,0,133,A
3-PA,1740,0,0,134,0,134,G
3-PA,1741,133,0,0,0,133,A
3-PA,1742,0,131,0,0,131,T
3-PA,1743,0,0,131,0,131,G
3-PA,1744,127,0,0,0,127,A
3-PA,1745,0,0,130,0,130,G
3-PA,1746,129,0,0,0,129,A
3-PA,1747,0,0,0,128,128,C
3-PA,1748,0,0,128,0,128,G
3-PA,1749,0,126,0,0,126,T
3-PA,1750,0,127,0,0,127,T
3-PA,1751,0,0,127,0,127,G
3-PA,1752,0,0,0,128,128,C
3-PA,1753,0,0,0,128,128,C
3-PA,1754,0,125,0,0,125,T
3-PA,1755,0,0,0,131,131,C
3-PA,1756,1,0,0,129,130,C
3-PA,1757,0,129,0,0,129,T
3-PA,1758,0,127,0,0,127,T
3-PA,1759,0,0,0,127,127,C
3-PA,1760,124,0,0,0,124,A
3-PA,1761,0,0,127,0,127,G
3-PA,1762,0,126,0,0,126,T
3-PA,1763,0,0,0,126,126,C
3-PA,1764,123,0,0,0,123,A
3-PA,1765,0,0,0,129,129,C
3-PA,1766,0,128,0,0,128,T
3-PA,1767,0,0,0,129,129,C
3-PA,1768,0,0,0,128,128,C
3-PA,1769,128,0,0,0,128,A
3-PA,1770,0,0,128,0,128,G
3-PA,1771,0,0,0,129,129,C
3-PA,1772,128,0,0,0,128,A
3-PA,1773,0,0,129,0,129,G
3-PA,1774,122,0,0,0,122,A
3-PA,1775,0,121,0,0,121,T
3-PA,1776,0,0,0,122,122,C
3-PA,1777,0,0,120,0,120,G
3-PA,1778,120,0,0,0,120,A
3-PA,1779,0,0,120,0,120,G
3-PA,1780,119,0,0,0,119,A
3-PA,1781,0,0,121,0,121,G
3-PA,1782,0,0,0,120,120,C
3-PA,1783,119,0,1,0,120,A
3-PA,1784,1,118,0,0,119,T
3-PA,1785,0,0,123,0,123,G
3-PA,1786,123,0,0,0,123,A
3-PA,1787,0,123,0,0,123,T
3-PA,1788,0,119,1,0,120,T
3-PA,1789,0,0,120,0,120,G
3-PA,1790,118,0,0,0,118,A
3-PA,1791,117,0,0,0,117,A
3-PA,1792,0,0,119,0,119,G
3-PA,1793,0,0,0,119,119,C
3-PA,1794,0,0,0,118,118,C
3-PA,1795,0,0,117,0,117,G
3-PA,1796,117,0,0,0,117,A
3-PA,1797,0,0,117,0,117,G
3-PA,1798,0,117,0,0,117,T
3-PA,1799,0,0,0,117,117,C
3-PA,1800,0,0,0,116,116,C
3-PA,1801,0,115,0,0,115,T
3-PA,1802,0,0,0,117,117,C
3-PA,1803,0,1,117,0,118,G
3-PA,1804,0,0,122,0,122,G
3-PA,1805,0,122,0,0,122,T
3-PA,1806,0,121,0,0,121,T
3-PA,1807,121,0,0,0,121,A
3-PA,1808,121,0,0,0,121,A
3-PA,1809,121,0,0,0,121,A
3-PA,1810,0,0,122,0,122,G
3-PA,1811,118,0,1,0,119,A
3-PA,1812,0,0,117,0,117,G
3-PA,1813,109,0,1,0,110,A
3-PA,1814,110,0,0,0,110,A
3-PA,1815,110,0,0,0,110,A
3-PA,1816,0,0,112,0,112,G
3-PA,1817,112,0,0,0,112,A
3-PA,1818,0,0,0,112,112,C
3-PA,1819,107,0,0,0,107,A
3-PA,1820,0,106,0,0,106,T
3-PA,1821,0,1,105,0,106,G
3-PA,1822,106,0,0,0,106,A
3-PA,1823,0,0,0,107,107,C
3-PA,1824,0,0,0,106,106,C
3-PA,1825,106,0,0,0,106,A
3-PA,1826,106,0,0,0,106,A
3-PA,1827,106,0,0,0,106,A
3-PA,1828,0,1,105,0,106,G
3-PA,1829,106,0,0,0,106,A
3-PA,1830,0,0,106,0,106,G
3-PA,1831,0,102,0,0,102,T
3-PA,1832,1,99,0,0,100,T
3-PA,1833,0,101,0,1,102,T
3-PA,1834,0,103,0,0,103,T
3-PA,1835,0,102,0,0,102,T
3-PA,1836,0,103,0,0,103,T
3-PA,1837,0,0,103,0,103,G
3-PA,1838,102,0,1,0,103,A
3-PA,1839,0,0,104,0,104,G
3-PA,1840,105,0,0,0,105,A
3-PA,1841,104,0,0,0,104,A
3-PA,1842,0,104,0,0,104,T
3-PA,1843,105,0,0,0,105,A
3-PA,1844,109,0,0,0,109,A
3-PA,1845,108,0,0,0,108,A
3-PA,1846,0,110,0,0,110,T
3-PA,1847,0,0,0,110,110,C
3-PA,1848,109,0,0,0,109,A
3-PA,1849,0,0,109,0,109,G
3-PA,1850,109,0,0,0,109,A
3-PA,1851,110,0,0,0,110,A
3-PA,1852,0,0,110,0,110,G
3-PA,1853,0,0,0,108,108,C
3-PA,1854,106,0,0,0,106,A
3-PA,1855,0,106,0,0,106,T
3-PA,1856,0,0,107,0,107,G
3-PA,1857,0,0,109,0,109,G
3-PA,1858,0,0,0,107,107,C
3-PA,1859,0,0,0,113,113,C
3-PA,1860,0,0,0,114,114,C
3-PA,1861,114,0,0,0,114,A
3-PA,1862,0,114,0,0,114,T
3-PA,1863,0,114,0,0,114,T
3-PA,1864,0,0,114,0,114,G
3-PA,1865,1,0,112,0,113,G
3-PA,1866,0,0,113,0,113,G
3-PA,1867,0,0,113,0,113,G
3-PA,1868,110,0,0,0,110,A
3-PA,1869,0,0,111,0,111,G
3-PA,1870,0,110,0,0,110,T
3-PA,1871,0,0,0,114,114,C
3-PA,1872,0,0,0,121,121,C
3-PA,1873,0,0,0,120,120,C
3-PA,1874,1,0,0,117,118,C
3-PA,1875,1,0,0,118,119,C
3-PA,1876,118,0,0,0,118,A
3-PA,1877,117,0,0,0,117,A
3-PA,1878,0,0,117,0,117,G
3-PA,1879,0,0,114,0,114,G
3-PA,1880,2,0,114,0,116,G
3-PA,1881,106,0,0,0,106,A
3-PA,1882,1,0,107,0,108,G
3-PA,1883,0,108,0,0,108,T
3-PA,1884,0,0,108,0,108,G
3-PA,1885,0,0,108,0,108,G
3-PA,1886,107,0,0,0,107,A
3-PA,1887,108,0,0,0,108,A
3-PA,1888,0,0,108,0,108,G
3-PA,1889,107,0,0,0,107,A
3-PA,1890,107,0,0,0,107,A
3-PA,1891,0,0,105,0,105,G
3-PA,1892,0,0,106,0,106,G
3-PA,1893,0,102,0,0,102,T
3-PA,1894,0,101,0,0,101,T
3-PA,1895,0,0,0,101,101,C
3-PA,1896,0,0,0,102,102,C
3-PA,1897,102,0,0,0,102,A
3-PA,1898,0,102,0,0,102,T
3-PA,1899,0,101,0,0,101,T
3-PA,1900,0,0,102,0,102,G
3-PA,1901,0,0,102,0,102,G
3-PA,1902,0,0,102,0,102,G
3-PA,1903,102,0,0,0,102,A
3-PA,1904,102,0,0,0,102,A
3-PA,1905,102,0,0,0,102,A
3-PA,1906,0,0,105,0,105,G
3-PA,1907,0,105,0,0,105,T
3-PA,1908,0,0,0,106,106,C
3-PA,1909,0,104,0,0,104,T
3-PA,1910,0,0,104,0,104,G
3-PA,1911,0,104,0,0,104,T
3-PA,1912,104,0,0,0,104,A
3-PA,1913,0,0,103,0,103,G
3-PA,1914,0,0,103,0,103,G
3-PA,1915,98,0,0,0,98,A
3-PA,1916,0,0,0,98,98,C
3-PA,1917,0,94,0,0,94,T
3-PA,1918,0,0,0,95,95,C
3-PA,1919,0,95,0,0,95,T
3-PA,1920,95,0,0,0,95,A
3-PA,1921,0,95,0,0,95,T
3-PA,1922,0,93,0,0,93,T
3-PA,1923,0,0,95,0,95,G
3-PA,1924,0,0,93,0,93,G
3-PA,1925,0,0,0,93,93,C
3-PA,1926,0,90,0,0,90,T
3-PA,1927,83,0,0,0,83,A
3-PA,1928,84,0,0,0,84,A
3-PA,1929,0,0,85,0,85,G
3-PA,1930,0,86,0,0,86,T
3-PA,1931,0,0,0,86,86,C
3-PA,1932,80,0,0,0,80,A
3-PA,1933,0,0,84,0,84,G
3-PA,1934,0,84,0,0,84,T
3-PA,1935,86,0,0,0,86,A
3-PA,1936,0,87,0,0,87,T
3-PA,1937,0,88,0,0,88,T
3-PA,1938,0,0,0,87,87,C
3-PA,1939,88,0,0,0,88,A
3-PA,1940,89,0,0,0,89,A
3-PA,1941,0,89,0,0,89,T
3-PA,1942,81,0,0,0,81,A
3-PA,1943,0,0,81,0,81,G
3-PA,1944,0,0,0,79,79,C
3-PA,1945,0,0,0,82,82,C
3-PA,1946,0,78,0,0,78,T
3-PA,1947,0,0,80,0,80,G
3-PA,1948,0,80,0,0,80,T
3-PA,1949,80,0,0,0,80,A
3-PA,1950,0,80,0,0,80,T
3-PA,1951,0,0,75,0,75,G
3-PA,1952,0,0,0,77,77,C
3-PA,1953,74,0,0,0,74,A
3-PA,1954,0,73,0,0,73,T
3-PA,1955,0,0,0,73,73,C
3-PA,1956,71,0,0,0,71,A
3-PA,1957,0,0,0,73,73,C
3-PA,1958,0,0,0,70,70,C
3-PA,1959,69,0,0,0,69,A
3-PA,1960,0,0,0,68,68,C
3-PA,1961,68,0,0,0,68,A
3-PA,1962,69,0,0,0,69,A
3-PA,1963,0,69,0,0,69,T
3-PA,1964,0,69,0,0,69,T
3-PA,1965,0,0,69,0,69,G
3-PA,1966,0,0,69,0,69,G
3-PA,1967,69,0,0,0,69,A
3-PA,1968,69,0,0,0,69,A
3-PA,1969,0,0,67,0,67,G
3-PA,1970,0,0,68,0,68,G
3-PA,1971,68,0,0,0,68,A
3-PA,1972,0,68,0,0,68,T
3-PA,1973,0,68,0,0,68,T
3-PA,1974,0,68,0,0,68,T
3-PA,1975,0,67,0,0,67,T
3-PA,1976,0,0,0,68,68,C
3-PA,1977,67,0,0,0,67,A
3-PA,1978,0,0,68,0,68,G
3-PA,1979,0,0,0,67,67,C
3-PA,1980,0,0,66,0,66,G
3-PA,1981,0,0,67,0,67,G
3-PA,1982,67,0,0,0,67,A
3-PA,1983,66,0,0,0,66,A
3-PA,1984,0,67,0,0,67,T
3-PA,1985,0,0,0,67,67,C
3-PA,1986,0,0,67,0,67,G
3-PA,1987,69,0,0,0,69,A
3-PA,1988,0,0,69,0,69,G
3-PA,1989,69,0,0,0,69,A
3-PA,1990,70,0,0,0,70,A
3-PA,1991,71,0,0,0,71,A
3-PA,1992,70,0,0,0,70,A
3-PA,1993,0,0,0,70,70,C
3-PA,1994,0,69,0,0,69,T
3-PA,1995,0,0,68,0,68,G
3-PA,1996,0,0,0,68,68,C
3-PA,1997,0,69,0,0,69,T
3-PA,1998,0,0,0,70,70,C
3-PA,1999,0,0,0,69,69,C
3-PA,2000,0,71,0,0,71,T
3-PA,2001,0,70,0,0,70,T
3-PA,2002,0,0,71,0,71,G
3-PA,2003,0,71,0,0,71,T
3-PA,2004,0,70,0,0,70,T
3-PA,2005,0,0,70,0,70,G
3-PA,2006,0,70,0,0,70,T
3-PA,2007,0,70,0,0,70,T
3-PA,2008,0,0,0,70,70,C
3-PA,2009,66,0,0,0,66,A
3-PA,2010,0,0,67,0,67,G
3-PA,2011,0,0,66,0,66,G
3-PA,2012,0,0,0,68,68,C
3-PA,2013,0,67,0,1,68,T
3-PA,2014,0,0,0,71,71,C
3-PA,2015,0,71,0,0,71,T
3-PA,2016,0,70,0,0,70,T
3-PA,2017,71,0,0,0,71,A
3-PA,2018,0,1,70,0,71,G
3-PA,2019,0,0,70,0,70,G
3-PA,2020,0,0,70,0,70,G
3-PA,2021,68,0,0,0,68,A
3-PA,2022,0,0,0,68,68,C
3-PA,2023,64,0,0,0,64,A
3-PA,2024,64,0,0,0,64,A
3-PA,2025,0,0,0,64,64,C
3-PA,2026,0,0,0,64,64,C
3-PA,2027,0,64,0,0,64,T
3-PA,2028,0,0,0,62,62,C
3-PA,2029,0,0,62,0,62,G
3-PA,2030,62,0,0,0,62,A
3-PA,2031,62,0,0,0,62,A
3-PA,2032,1,0,0,61,62,C
3-PA,2033,0,0,0,61,61,C
3-PA,2034,0,60,0,0,60,T
3-PA,2035,0,0,61,0,61,G
3-PA,2036,0,0,61,0,61,G
3-PA,2037,59,0,0,0,59,A
3-PA,2038,60,0,0,0,60,A
3-PA,2039,0,0,0,61,61,C
3-PA,2040,0,0,0,61,61,C
3-PA,2041,0,60,0,0,60,T
3-PA,2042,0,60,0,0,60,T
3-PA,2043,0,60,0,0,60,T
3-PA,2044,0,0,61,0,61,G
3-PA,2045,60,0,0,0,60,A
3-PA,2046,0,61,0,0,61,T
3-PA,2047,0,0,0,61,61,C
3-PA,2048,0,58,0,0,58,T
3-PA,2049,0,59,0,0,59,T
3-PA,2050,1,0,58,0,59,G
3-PA,2051,0,0,59,0,59,G
3-PA,2052,0,0,59,0,59,G
3-PA,2053,0,0,59,0,59,G
3-PA,2054,0,1,54,0,55,G
3-PA,2055,0,0,57,0,57,G
3-PA,2056,0,0,0,57,57,C
3-PA,2057,0,56,0,0,56,T
3-PA,2058,58,0,0,0,58,A
3-PA,2059,0,58,0,0,58,T
3-PA,2060,58,0,0,0,58,A
3-PA,2061,0,58,0,0,58,T
3-PA,2062,0,0,55,0,55,G
3-PA,2063,55,0,0,0,55,A
3-PA,2064,54,0,0,0,54,A
3-PA,2065,0,0,54,0,54,G
3-PA,2066,0,0,0,55,55,C
3-PA,2067,48,0,0,0,48,A
3-PA,2068,50,0,0,0,50,A
3-PA,2069,0,50,0,0,50,T
3-PA,2070,0,50,0,0,50,T
3-PA,2071,0,0,50,0,50,G
3-PA,2072,51,0,0,0,51,A
3-PA,2073,0,0,51,0,51,G
3-PA,2074,0,0,50,0,50,G
3-PA,2075,48,0,0,0,48,A
3-PA,2076,0,0,48,0,48,G
3-PA,2077,0,43,0,0,43,T
3-PA,2078,0,0,43,0,43,G
3-PA,2079,0,0,0,43,43,C
3-PA,2080,0,0,0,43,43,C
3-PA,2081,0,43,0,0,43,T
3-PA,2082,0,0,44,0,44,G
3-PA,2083,44,0,0,0,44,A
3-PA,2084,0,44,0,0,44,T
3-PA,2085,0,41,0,0,41,T
3-PA,2086,41,0,0,0,41,A
3-PA,2087,40,0,0,0,40,A
3-PA,2088,0,41,0,0,41,T
3-PA,2089,0,0,40,0,40,G
3-PA,2090,40,0,0,0,40,A
3-PA,2091,0,41,0,0,41,T
3-PA,2092,0,0,0,41,41,C
3-PA,2093,1,0,0,40,41,C
3-PA,2094,0,0,0,41,41,C
3-PA,2095,0,40,0,0,40,T
3-PA,2096,0,0,40,0,40,G
3-PA,2097,0,0,41,0,41,G
3-PA,2098,0,0,40,0,40,G
3-PA,2099,0,40,0,0,40,T
3-PA,2100,0,38,0,0,38,T
3-PA,2101,0,39,0,0,39,T
3-PA,2102,0,38,0,0,38,T
3-PA,2103,0,0,38,0,38,G
3-PA,2104,0,0,0,38,38,C
3-PA,2105,0,38,0,0,38,T
3-PA,2106,0,0,0,38,38,C
3-PA,2107,35,0,0,0,35,A
3-PA,2108,35,0,0,0,35,A
3-PA,2109,0,35,0,0,35,T
3-PA,2110,0,0,34,0,34,G
3-PA,2111,0,0,0,35,35,C
3-PA,2112,0,0,34,0,34,G
3-PA,2113,0,34,0,0,34,T
3-PA,2114,0,0,0,34,34,C
3-PA,2115,0,34,0,0,34,T
3-PA,2116,0,34,0,0,34,T
3-PA,2117,0,0,34,0,34,G
3-PA,2118,0,0,34,0,34,G
3-PA,2119,0,32,0,0,32,T
3-PA,2120,0,32,0,0,32,T
3-PA,2121,0,31,0,0,31,T
3-PA,2122,30,0,0,0,30,A
3-PA,2123,30,0,0,0,30,A
3-PA,2124,0,0,0,31,31,C
3-PA,2125,0,31,0,0,31,T
3-PA,2126,0,0,0,31,31,C
3-PA,2127,0,0,0,28,28,C
3-PA,2128,0,29,0,0,29,T
3-PA,2129,0,29,0,0,29,T
3-PA,2130,0,0,0,29,29,C
3-PA,2131,0,0,0,29,29,C
3-PA,2132,0,28,0,0,28,T
3-PA,2133,0,0,28,0,28,G
3-PA,2134,28,0,0,0,28,A
3-PA,2135,0,0,0,28,28,C
3-PA,2136,27,0,0,0,27,A
3-PA,2137,0,0,0,24,24,C
3-PA,2138,24,0,0,0,24,A
3-PA,2139,0,24,0,0,24,T
3-PA,2140,0,0,24,0,24,G
3-PA,2141,0,0,0,23,23,C
3-PA,2142,23,0,0,0,23,A
3-PA,2143,0,23,0,0,23,T
3-PA,2144,0,23,0,0,23,T
3-PA,2145,22,0,0,0,22,A
3-PA,2146,23,0,0,0,23,A
3-PA,2147,23,0,0,0,23,A
3-PA,2148,23,0,0,0,23,A
3-PA,2149,0,23,0,0,23,T
3-PA,2150,17,0,0,0,17,A
3-PA,2151,0,0,17,0,17,G
4-HA,1,341,0,0,0,341,A
4-HA,2,0,342,0,0,342,T
4-HA,3,0,0,350,0,350,G
4-HA,4,351,0,1,0,352,A
4-HA,5,360,0,0,0,360,A
4-HA,6,0,0,394,0,394,G
4-HA,7,393,0,0,0,393,A
4-HA,8,0,0,0,435,435,C
4-HA,9,1,434,0,0,435,T
4-HA,10,448,0,0,2,450,A
4-HA,11,0,468,0,0,468,T
4-HA,12,0,0,0,470,470,C
4-HA,13,469,0,0,0,469,A
4-HA,14,0,471,0,0,471,T
4-HA,15,0,472,0,0,472,T
4-HA,16,0,0,521,0,521,G
4-HA,17,0,0,0,524,524,C
4-HA,18,0,524,0,1,525,T
4-HA,19,1,525,0,0,526,T
4-HA,20,0,528,0,0,528,T
4-HA,21,0,2,563,0,565,G
4-HA,22,570,0,0,0,570,A
4-HA,23,1,0,586,0,587,G
4-HA,24,0,0,0,588,588,C
4-HA,25,0,587,0,0,587,T
4-HA,26,629,0,0,0,629,A
4-HA,27,0,0,0,637,637,C
4-HA,28,653,0,0,0,653,A
4-HA,29,0,715,0,1,716,T
4-HA,30,0,713,0,0,713,T
4-HA,31,0,0,0,724,724,C
4-HA,32,0,724,0,0,724,T
4-HA,33,736,0,0,0,736,A
4-HA,34,0,738,0,0,738,T
4-HA,35,0,0,743,0,743,G
4-HA,36,0,741,0,1,742,T
4-HA,37,1,0,0,741,742,C
4-HA,38,0,737,1,0,738,T
4-HA,39,0,0,738,0,738,G
4-HA,40,0,1,734,0,735,G
4-HA,41,0,734,0,0,734,T
4-HA,42,0,739,0,0,739,T
4-HA,43,0,739,0,0,739,T
4-HA,44,1,740,0,0,741,T
4-HA,45,0,0,0,741,741,C
4-HA,46,1,0,740,0,741,G
4-HA,47,0,0,0,749,749,C
4-HA,48,0,747,0,1,748,T
4-HA,49,1,0,0,751,752,C
4-HA,50,752,0,0,0,752,A
4-HA,51,754,0,0,0,754,A
4-HA,52,753,0,0,0,753,A
4-HA,53,752,0,0,1,753,A
4-HA,54,753,0,0,0,753,A
4-HA,55,0,0,0,757,757,C
4-HA,56,0,749,1,1,751,T
4-HA,57,0,755,0,0,755,T
4-HA,58,0,0,0,755,755,C
4-HA,59,1,0,0,756,757,C
4-HA,60,0,753,0,0,753,T
4-HA,61,0,1,765,0,766,G
4-HA,62,0,0,763,0,763,G
4-HA,63,764,0,0,0,764,A
4-HA,64,779,1,1,0,781,A
4-HA,65,783,0,0,0,783,A
4-HA,66,0,789,0,0,789,T
4-HA,67,0,0,791,0,791,G
4-HA,68,789,0,2,0,791,A
4-HA,69,0,0,0,796,796,C
4-HA,70,799,0,0,0,799,A
4-HA,71,797,0,1,0,798,A
4-HA,72,0,0,0,812,812,C
4-HA,73,813,0,0,0,813,A
4-HA,74,0,0,821,0,821,G
4-HA,75,0,0,0,817,817,C
4-HA,76,818,0,0,0,818,A
4-HA,77,0,1,0,854,855,C
4-HA,78,0,0,852,0,852,G
4-HA,79,0,0,859,0,859,G
4-HA,80,0,0,0,865,865,C
4-HA,81,860,0,0,0,860,A
4-HA,82,877,0,0,0,877,A
4-HA,83,0,0,0,885,885,C
4-HA,84,0,0,899,0,899,G
4-HA,85,1,0,0,899,900,C
4-HA,86,0,894,0,1,895,T
4-HA,87,0,0,906,0,906,G
4-HA,88,0,904,0,1,905,T
4-HA,89,1,0,940,0,941,G
4-HA,90,0,0,0,958,958,C
4-HA,91,0,0,0,974,974,C
4-HA,92,0,967,0,1,968,T
4-HA,93,0,958,0,0,958,T
4-HA,94,1,2,964,0,967,G
4-HA,95,0,1,967,0,968,G
4-HA,96,0,0,993,0,993,G
4-HA,97,0,0,0,994,994,C
4-HA,98,986,0,1,0,987,A
4-HA,99,0,0,0,998,998,C
4-HA,100,4,0,0,981,985,C
4-HA,101,1101,0,0,0,1101,A
4-HA,102,0,1103,0,1,1104,T
4-HA,103,0,1,1101,0,1102,G
4-HA,104,0,0,0,1105,1105,C
4-HA,105,1094,0,1,0,1095,A
4-HA,106,0,0,1182,0,1182,G
4-HA,107,0,1178,0,0,1178,T
4-HA,108,1190,1,0,0,1191,A
4-HA,109,0,0,0,1187,1187,C
4-HA,110,2,0,0,1147,1149,C
4-HA,111,1160,0,0,0,1160,A
4-HA,112,1160,0,0,0,1160,A
4-HA,113,1156,0,2,0,1158,A
4-HA,114,0,0,0,1166,1166,C
4-HA,115,0,1,1142,0,1143,G
4-HA,116,1,0,1197,0,1198,G
4-HA,117,1188,1,3,0,1192,A
4-HA,118,1192,0,3,0,1195,A
4-HA,119,0,0,0,1197,1197,C
4-HA,120,1183,0,1,0,1184,A
4-HA,121,1210,0,0,0,1210,A
4-HA,122,1,1211,0,0,1212,T
4-HA,123,1228,1,0,0,1229,A
4-HA,124,0,0,1232,0,1232,G
4-HA,125,0,1208,1,0,1209,T
4-HA,126,0,1,1218,0,1219,G
4-HA,127,1216,0,0,0,1216,A
4-HA,128,1220,1,0,0,1221,A
4-HA,129,1221,0,0,0,1221,A
4-HA,130,1220,0,0,0,1220,A
4-HA,131,0,0,0,1231,1231,C
4-HA,132,1232,0,0,0,1232,A
4-HA,133,1236,0,0,0,1236,A
4-HA,134,0,1234,0,0,1234,T
4-HA,135,2,1,0,1229,1232,C
4-HA,136,1238,0,0,0,1238,A
4-HA,137,0,0,0,1240,1240,C
4-HA,138,1,1,1238,0,1240,G
4-HA,139,1241,0,0,0,1241,A
4-HA,140,1231,0,0,0,1231,A
4-HA,141,0,1233,0,0,1233,T
4-HA,142,0,1,1232,0,1233,G
4-HA,143,1244,0,1,0,1245,A
4-HA,144,0,0,0,1245,1245,C
4-HA,145,2,0,0,1242,1244,C
4-HA,146,1258,0,0,0,1258,A
4-HA,147,1266,0,0,0,1266,A
4-HA,148,1261,0,1,0,1262,A
4-HA,149,0,1263,0,0,1263,T
4-HA,150,0,1261,0,0,1261,T
4-HA,151,1,2,1263,0,1266,G
4-HA,152,1261,1,0,0,1262,A
4-HA,153,1262,0,1,0,1263,A
4-HA,154,0,0,1270,0,1270,G
4-HA,155,0,1273,0,1,1274,T
4-HA,156,1,1313,0,0,1314,T
4-HA,157,1323,1,0,0,1324,A
4-HA,158,0,0,0,1328,1328,C
4-HA,159,0,1330,0,0,1330,T
4-HA,160,1329,0,0,0,1329,A
4-HA,161,1349,0,0,0,1349,A
4-HA,162,0,1355,0,1,1356,T
4-HA,163,0,0,1352,0,1352,G
4-HA,164,0,0,0,1398,1398,C
4-HA,165,0,1386,0,0,1386,T
4-HA,166,1387,0,0,0,1387,A
4-HA,167,0,0,0,1385,1385,C
4-HA,168,0,1385,0,0,1385,T
4-HA,169,0,1,1383,0,1384,G
4-HA,170,1376,0,1,0,1377,A
4-HA,171,0,0,1380,1,1381,G
4-HA,172,0,0,0,1384,1384,C
4-HA,173,0,1348,0,0,1348,T
4-HA,174,0,1,1381,0,1382,G
4-HA,175,0,1,1397,0,1398,G
4-HA,176,0,1402,0,0,1402,T
4-HA,177,0,1402,0,0,1402,T
4-HA,178,1,0,0,1398,1399,C
4-HA,179,1397,0,1,0,1398,A
4-HA,180,0,4,1401,0,1405,G
4-HA,181,1408,0,0,0,1408,A
4-HA,182,1,0,1449,0,1450,G
4-HA,183,1,1429,0,1,1431,T
4-HA,184,0,1408,1,0,1409,T
4-HA,185,1,0,0,1414,1415,C
4-HA,186,0,0,0,1421,1421,C
4-HA,187,0,1420,0,1,1421,T
4-HA,188,1,1,0,1422,1424,C
4-HA,189,1424,1,0,1,1426,A
4-HA,190,1431,0,0,0,1431,A
4-HA,191,0,0,0,1437,1437,C
4-HA,192,1406,0,1,0,1407,A
4-HA,193,1,0,1433,0,1434,G
4-HA,194,0,0,1431,0,1431,G
4-HA,195,0,1422,0,0,1422,T
4-HA,196,2,1,1424,0,1427,G
4-HA,197,1423,1,1,0,1425,A
4-HA,198,1424,0,0,0,1424,A
4-HA,199,1459,0,1,0,1460,A
4-HA,200,0,1457,0,0,1457,T
4-HA,201,1479,0,1,0,1480,A
4-HA,202,0,1462,0,1,1463,T
4-HA,203,0,0,1465,0,1465,G
4-HA,204,0,2,0,1472,1474,C
4-HA,205,0,1,1474,0,1475,G
4-HA,206,1470,0,2,0,1472,A
4-HA,207,0,0,0,1466,1466,C
4-HA,208,1448,0,0,0,1448,A
4-HA,209,0,0,1526,0,1526,G
4-HA,210,1,1518,0,0,1519,T
4-HA,211,0,1,1,1531,1533,C
4-HA,212,1,0,0,1534,1535,C
4-HA,213,0,1531,0,2,1533,T
4-HA,214,2,1,1,1541,1545,C
4-HA,215,1545,0,2,0,1547,A
4-HA,216,1,1544,0,1,1546,T
4-HA,217,1,0,1,1548,1550,C
4-HA,218,1474,0,0,0,1474,A
4-HA,219,0,1,1476,0,1477,G
4-HA,220,1464,1,0,0,1465,A
4-HA,221,0,1467,0,0,1467,T
4-HA,222,2,0,0,1477,1479,C
4-HA,223,0,2,0,1475,1477,C
4-HA,224,0,1482,0,1,1483,T
4-HA,225,0,1486,0,0,1486,T
4-HA,226,0,1,1488,0,1489,G
4-HA,227,1497,0,0,0,1497,A
4-HA,228,0,1490,0,3,1493,T
4-HA,229,0,1,1513,0,1514,G
4-HA,230,0,1,1516,0,1517,G
4-HA,231,1495,0,1,0,1496,A
4-HA,232,0,1,1495,0,1496,G
4-HA,233,1472,1,1,0,1474,A
4-HA,234,0,4,1465,0,1469,G
4-HA,235,1498,0,1,0,1499,A
4-HA,236,1505,1,2,0,1508,A
4-HA,237,0,0,0,1518,1518,C
4-HA,238,1,1497,1,0,1499,T
4-HA,239,0,0,1509,0,1509,G
4-HA,240,0,1,0,1506,1507,C
4-HA,241,1509,0,1,0,1510,A
4-HA,242,0,0,0,1558,1558,C
4-HA,243,1540,0,1,0,1541,A
4-HA,244,0,0,0,1739,1739,C
4-HA,245,0,1731,0,1,1732,T
4-HA,246,1740,0,1,0,1741,A
4-HA,247,1741,0,1,0,1742,A
4-HA,248,0,1744,0,0,1744,T
4-HA,249,1731,0,3,0,1734,A
4-HA,250,0,2,1737,0,1739,G
4-HA,251,1707,0,1,1,1709,A
4-HA,252,0,1694,0,0,1694,T
4-HA,253,0,1,1609,0,1610,G
4-HA,254,2,1,0,1616,1619,C
4-HA,255,0,1604,0,3,1607,T
4-HA,256,0,0,0,1731,1731,C
4-HA,257,0,1728,0,0,1728,T
4-HA,258,1785,0,0,0,1785,A
4-HA,259,0,1787,0,2,1789,T
4-HA,260,1,1774,0,1,1776,T
4-HA,261,1,4,1778,0,1783,G
4-HA,262,0,5,1778,0,1783,G
4-HA,263,1,4,1782,1,1788,G
4-HA,264,1750,2,1,0,1753,A
4-HA,265,0,2,1723,0,1725,G
4-HA,266,1677,0,5,0,1682,A
4-HA,267,0,0,0,1899,1899,C
4-HA,268,2,1,0,1931,1934,C
4-HA,269,3,0,0,1954,1957,C
4-HA,270,0,1968,0,1,1969,T
4-HA,271,0,1,0,1988,1989,C
4-HA,272,1988,0,1,0,1989,A
4-HA,273,1635,0,357,0,1992,A
4-HA,274,1,2043,0,1,2045,T
4-HA,275,0,1,2059,0,2060,G
4-HA,276,0,2063,0,1,2064,T
4-HA,277,1,1,2051,0,2053,G
4-HA,278,2045,1,1,0,2047,A
4-HA,279,0,2047,0,0,2047,T
4-HA,280,0,1,2017,0,2018,G
4-HA,281,1,0,2017,0,2018,G
4-HA,282,1,0,0,2000,2001,C
4-HA,283,0,2002,0,2,2004,T
4-HA,284,1,1997,0,1,1999,T
4-HA,285,1,0,0,2004,2005,C
4-HA,286,1,0,0,2006,2007,C
4-HA,287,2015,0,0,0,2015,A
4-HA,288,2020,0,0,0,2020,A
4-HA,289,2020,0,0,0,2020,A
4-HA,290,2027,0,0,0,2027,A
4-HA,291,0,2043,0,0,2043,T
4-HA,292,2034,0,0,2,2036,A
4-HA,293,2041,0,4,0,2045,A
4-HA,294,0,2,2039,0,2041,G
4-HA,295,2047,0,11,1,2059,A
4-HA,296,2058,0,2,0,2060,A
4-HA,297,2060,0,1,1,2062,A
4-HA,298,0,2059,0,1,2060,T
4-HA,299,0,3,2050,0,2053,G
4-HA,300,0,1,2049,0,2050,G
4-HA,301,1,3,2046,0,2050,G
4-HA,302,2047,0,5,0,2052,A
4-HA,303,0,0,0,2055,2055,C
4-HA,304,6,0,0,2046,2052,C
4-HA,305,0,2065,0,2,2067,T
4-HA,306,0,2070,0,0,2070,T
4-HA,307,0,2070,0,2,2072,T
4-HA,308,0,2088,0,0,2088,T
4-HA,309,0,2087,0,0,2087,T
4-HA,310,0,0,2099,0,2099,G
4-HA,311,0,2094,1,1,2096,T
4-HA,312,0,2085,0,3,2088,T
4-HA,313,0,1,2093,0,2094,G
4-HA,314,2080,0,0,0,2080,A
4-HA,315,2092,0,1,0,2093,A
4-HA,316,1,0,1,2087,2089,C
4-HA,317,1,2,2081,0,2084,G
4-HA,318,0,0,0,2135,2135,C
4-HA,319,2137,0,2,0,2139,A
4-HA,320,3,1,2153,0,2157,G
4-HA,321,0,0,0,2156,2156,C
4-HA,322,2150,1,2,0,2153,A
4-HA,323,2148,1,2,1,2152,A
4-HA,324,2165,0,2,0,2167,A
4-HA,325,1,0,2270,0,2271,G
4-HA,326,2,1,0,2266,2269,C
4-HA,327,0,0,0,2267,2267,C
4-HA,328,0,2266,0,0,2266,T
4-HA,329,2258,1,0,0,2259,A
4-HA,330,0,0,0,2288,2288,C
4-HA,331,2286,0,1,0,2287,A
4-HA,332,0,1,2287,0,2288,G
4-HA,333,0,1,0,2276,2277,C
4-HA,334,2210,1,0,0,2211,A
4-HA,335,2246,0,0,0,2246,A
4-HA,336,0,0,0,2346,2346,C
4-HA,337,0,2342,0,0,2342,T
4-HA,338,1,1,2354,0,2356,G
4-HA,339,1,2331,0,1,2333,T
4-HA,340,0,2332,0,1,2333,T
4-HA,341,2338,0,0,0,2338,A
4-HA,342,1,5,0,2559,2565,C
4-HA,343,7,0,0,2562,2569,C
4-HA,344,4,0,1,2640,2645,C
4-HA,345,1,2560,0,1,2562,T
4-HA,346,0,2568,0,1,2569,T
4-HA,347,2572,0,1,0,2573,A
4-HA,348,0,2571,0,1,2572,T
4-HA,349,1,0,2574,0,2575,G
4-HA,350,2568,0,2,1,2571,A
4-HA,351,0,2399,0,1,2400,T
4-HA,352,0,0,2442,0,2442,G
4-HA,353,1,2399,0,0,2400,T
4-HA,354,0,1,2403,0,2404,G
4-HA,355,1,0,0,2410,2411,C
4-HA,356,2,0,0,2403,2405,C
4-HA,357,3,1,2463,0,2467,G
4-HA,358,0,1,2506,0,2507,G
4-HA,359,2510,0,2,0,2512,A
4-HA,360,0,2517,0,0,2517,T
4-HA,361,0,2493,0,1,2494,T
4-HA,362,2514,0,0,0,2514,A
4-HA,363,2,2512,0,1,2515,T
4-HA,364,1,0,2524,0,2525,G
4-HA,365,0,1,0,2519,2520,C
4-HA,366,2,1,0,2489,2492,C
4-HA,367,0,2507,1,4,2512,T
4-HA,368,2,0,0,2639,2641,C
4-HA,369,1,0,0,2656,2657,C
4-HA,370,1,0,1,2667,2669,C
4-HA,371,1,2666,0,1,2668,T
4-HA,372,0,2668,0,0,2668,T
4-HA,373,2666,0,0,0,2666,A
4-HA,374,0,1,2735,0,2736,G
4-HA,375,0,2,2729,0,2731,G
4-HA,376,1,2690,0,6,2697,T
4-HA,377,2,2,0,2624,2628,C
4-HA,378,2601,0,1,0,2602,A
4-HA,379,0,0,0,2660,2660,C
4-HA,380,1,2662,0,0,2663,T
4-HA,381,2658,0,0,0,2658,A
4-HA,382,1,1,2662,0,2664,G
4-HA,383,1,2635,0,0,2636,T
4-HA,384,0,2623,0,2,2625,T
4-HA,385,1,1,2645,0,2647,G
4-HA,386,0,2,0,2641,2643,C
4-HA,387,0,1,0,2647,2648,C
4-HA,388,0,2614,1,4,2619,T
4-HA,389,2,0,0,2619,2621,C
4-HA,390,2710,1,0,0,2711,A
4-HA,391,0,2717,1,2,2720,T
4-HA,392,1,9,0,2713,2723,C
4-HA,393,2,1,0,2723,2726,C
4-HA,394,4,2,2691,0,2697,G
4-HA,395,2,2,2698,0,2702,G
4-HA,396,0,0,0,2718,2718,C
4-HA,397,2736,0,2,0,2738,A
4-HA,398,1,0,0,2773,2774,C
4-HA,399,2707,0,0,13,2720,A
4-HA,400,0,0,0,2738,2738,C
4-HA,401,0,2737,0,2,2739,T
4-HA,402,1,0,2754,0,2755,G
4-HA,403,1,4,2772,0,2777,G
4-HA,404,2756,1,1,0,2758,A
4-HA,405,0,0,2806,0,2806,G
4-HA,406,0,2778,1,0,2779,T
4-HA,407,0,2746,0,0,2746,T
4-HA,408,1,2746,1,7,2755,T
4-HA,409,2743,0,0,0,2743,A
4-HA,410,2749,0,3,0,2752,A
4-HA,411,0,2,0,2765,2767,C
4-HA,412,2719,0,0,0,2719,A
4-HA,413,2718,0,5,0,2723,A
4-HA,414,1,2702,0,1,2704,T
4-HA,415,1,0,2705,1,2707,G
4-HA,416,2695,2,4,0,2701,A
4-HA,417,2691,0,1,0,2692,A
4-HA,418,2703,0,2,1,2706,A
4-HA,419,0,0,2713,0,2713,G
4-HA,420,0,0,0,2743,2743,C
4-HA,421,0,2730,0,4,2734,T
4-HA,422,2,2729,0,2,2733,T
4-HA,423,0,1,0,2761,2762,C
4-HA,424,2772,0,0,1,2773,A
4-HA,425,2774,0,1,0,2775,A
4-HA,426,0,2771,1,3,2775,T
4-HA,427,0,2773,0,2,2775,T
4-HA,428,1,3,2838,0,2842,G
4-HA,429,0,1,2879,0,2880,G
4-HA,430,2875,0,6,0,2881,A
4-HA,431,0,1,1,2877,2879,C
4-HA,432,1,2850,0,5,2856,T
4-HA,433,1,1,2859,0,2861,G
4-HA,434,1,3,2887,0,2891,G
4-HA,435,2878,1,1,0,2880,A
4-HA,436,1,0,2893,0,2894,G
4-HA,437,0,2828,0,1,2829,T
4-HA,438,0,0,0,2785,2785,C
4-HA,439,2813,0,3,0,2816,A
4-HA,440,1,0,0,2825,2826,C
4-HA,441,2,2815,0,1,2818,T
4-HA,442,1,1,0,2822,2824,C
4-HA,443,2790,1,0,1,2792,A
4-HA,444,2804,0,1,0,2805,A
4-HA,445,2800,0,1,1,2802,A
4-HA,446,2804,1,1,0,2806,A
4-HA,447,2,3,0,2799,2804,C
4-HA,448,1,2,2775,0,2778,G
4-HA,449,0,0,2837,0,2837,G
4-HA,450,2828,2,4,1,2835,A
4-HA,451,2835,0,3,0,2838,A
4-HA,452,0,1,1,2841,2843,C
4-HA,453,2819,0,0,0,2819,A
4-HA,454,2839,0,2,0,2841,A
4-HA,455,0,1,2857,0,2858,G
4-HA,456,0,0,0,2861,2861,C
4-HA,457,0,2842,0,3,2845,T
4-HA,458,0,0,0,2858,2858,C
4-HA,459,1,2838,0,1,2840,T
4-HA,460,10,0,2838,0,2848,G
4-HA,461,0,0,1,2848,2849,C
4-HA,462,1,2847,0,2,2850,T
4-HA,463,0,2902,0,1,2903,T
4-HA,464,0,0,2969,0,2969,G
4-HA,465,1,0,0,3005,3006,C
4-HA,466,3002,0,0,1,3003,A
4-HA,467,0,2981,0,0,2981,T
4-HA,468,2970,0,3,0,2973,A
4-HA,469,2963,0,6,0,2969,A
4-HA,470,1,3,2966,0,2970,G
4-HA,471,0,4,2970,0,2974,G
4-HA,472,2855,1,2,0,2858,A
4-HA,473,1,2,2836,0,2839,G
4-HA,474,2805,2,3,0,2810,A
4-HA,475,0,2928,0,0,2928,T
4-HA,476,1,1,0,2949,2951,C
4-HA,477,1,2972,0,0,2973,T
4-HA,478,2975,0,3,0,2978,A
4-HA,479,2974,0,1,0,2975,A
4-HA,480,1,2975,0,0,2976,T
4-HA,481,2966,0,1,0,2967,A
4-HA,482,2943,0,1,0,2944,A
4-HA,483,3,1,0,2961,2965,C
4-HA,484,2846,0,0,0,2846,A
4-HA,485,0,0,2880,0,2880,G
4-HA,486,1,2833,0,3,2837,T
4-HA,487,0,2895,0,1,2896,T
4-HA,488,0,2897,0,0,2897,T
4-HA,489,1,1,0,2953,2955,C
4-HA,490,0,2951,0,1,2952,T
4-HA,491,0,2965,0,0,2965,T
4-HA,492,0,2967,0,2,2969,T
4-HA,493,2950,1,2,0,2953,A
4-HA,494,0,0,2955,0,2955,G
4-HA,495,0,2947,0,1,2948,T
4-HA,496,2937,0,0,0,2937,A
4-HA,497,1,2,2942,0,2945,G
4-HA,498,2896,1,1,1,2899,A
4-HA,499,0,2901,0,0,2901,T
4-HA,500,0,2894,0,1,2895,T
4-HA,501,0,3,2948,0,2951,G
4-HA,502,2935,2,2,0,2939,A
4-HA,503,2950,0,0,0,2950,A
4-HA,504,1,2949,1,0,2951,T
4-HA,505,1,2923,0,1,2925,T
4-HA,506,1,2,2956,0,2959,G
4-HA,507,1,1,2957,0,2959,G
4-HA,508,2,2959,0,2,2963,T
4-HA,509,1,2952,1,1,2955,T
4-HA,510,0,1,2925,0,2926,G
4-HA,511,2931,0,6,0,2937,A
4-HA,512,2,2,0,2916,2920,C
4-HA,513,1,0,0,2919,2920,C
4-HA,514,2,0,0,2930,2932,C
4-HA,515,2906,0,2,13,2921,A
4-HA,516,1,0,0,2947,2948,C
4-HA,517,0,2937,0,1,2938,T
4-HA,518,1,2944,1,0,2946,T
4-HA,519,2950,0,1,0,2951,A
4-HA,520,2932,0,0,2,2934,A
4-HA,521,2934,0,0,0,2934,A
4-HA,522,2956,0,0,0,2956,A
4-HA,523,1,3005,0,0,3006,T
4-HA,524,0,3000,0,2,3002,T
4-HA,525,2,1,0,3004,3007,C
4-HA,526,3006,1,0,0,3007,A
4-HA,527,3001,0,3,0,3004,A
4-HA,528,3010,0,2,1,3013,A
4-HA,529,0,3012,0,0,3012,T
4-HA,530,3067,0,0,0,3067,A
4-HA,531,0,0,0,3068,3068,C
4-HA,532,0,0,0,3007,3007,C
4-HA,533,1,2,0,3005,3008,C
4-HA,534,2996,0,3,0,2999,A
4-HA,535,1,1,3130,0,3132,G
4-HA,536,2,1,0,3131,3134,C
4-HA,537,3127,0,1,0,3128,A
4-HA,538,0,3113,0,4,3117,T
4-HA,539,2,3060,0,0,3062,T
4-HA,540,1,7,3173,0,3181,G
4-HA,541,3178,0,1,0,3179,A
4-HA,542,3176,1,5,0,3182,A
4-HA,543,1,3,0,3178,3182,C
4-HA,544,1,0,3088,0,3089,G
4-HA,545,1,3096,0,0,3097,T
4-HA,546,1,3,3105,0,3109,G
4-HA,547,3112,1,4,0,3117,A
4-HA,548,2,0,0,3114,3116,C
4-HA,549,0,3010,11,2,3023,T
4-HA,550,3101,0,1,0,3102,A
4-HA,551,0,3096,0,1,3097,T
4-HA,552,2,0,3122,1,3125,G
4-HA,553,4,3,0,3106,3113,C
4-HA,554,5,0,0,3068,3073,C
4-HA,555,3068,0,1,1,3070,A
4-HA,556,3067,0,1,1,3069,A
4-HA,557,3111,0,1,2,3114,A
4-HA,558,0,0,0,3115,3115,C
4-HA,559,3027,1,0,0,3028,A
4-HA,560,3034,1,2,0,3037,A
4-HA,561,0,3011,0,0,3011,T
4-HA,562,0,4,3008,0,3012,G
4-HA,563,3013,2,4,0,3019,A
4-HA,564,3010,0,1,0,3011,A
4-HA,565,2,0,0,2948,2950,C
4-HA,566,2963,1,2,0,2966,A
4-HA,567,2984,0,0,0,2984,A
4-HA,568,0,2986,0,0,2986,T
4-HA,569,2,2974,1,1,2978,T
4-HA,570,0,2989,0,0,2989,T
4-HA,571,1,3,2990,0,2994,G
4-HA,572,2995,0,3,0,2998,A
4-HA,573,0,0,0,2992,2992,C
4-HA,574,2997,2,0,1,3000,A
4-HA,575,3003,1,1,0,3005,A
4-HA,576,3066,1,0,0,3067,A
4-HA,577,2,3093,0,0,3095,T
4-HA,578,0,3094,0,0,3094,T
4-HA,579,3,1,3117,0,3121,G
4-HA,580,0,3115,3,1,3119,T
4-HA,581,3112,3,2,0,3117,A
4-HA,582,0,2,0,3164,3166,C
4-HA,583,3173,0,1,1,3175,A
4-HA,584,0,3229,1,0,3230,T
4-HA,585,0,3183,0,1,3184,T
4-HA,586,0,3174,0,0,3174,T
4-HA,587,1,3,3156,0,3160,G
4-HA,588,0,6,3142,0,3148,G
4-HA,589,0,5,3142,0,3147,G
4-HA,590,0,5,3136,0,3141,G
4-HA,591,1,5,3093,0,3099,G
4-HA,592,1,0,3177,0,3178,G
4-HA,593,1,3136,0,2,3139,T
4-HA,594,0,3151,0,0,3151,T
4-HA,595,1,0,2,3155,3158,C
4-HA,596,3164,0,2,2,3168,A
4-HA,597,0,1,0,3182,3183,C
4-HA,598,1,0,0,3176,3177,C
4-HA,599,3180,0,2,0,3182,A
4-HA,600,0,0,0,3209,3209,C
4-HA,601,3,0,0,3149,3152,C
4-HA,602,6,1,0,3129,3136,C
4-HA,603,2,2,3148,0,3152,G
4-HA,604,1,1,3332,0,3334,G
4-HA,605,9,1,3336,0,3346,G
4-HA,606,0,3320,0,0,3320,T
4-HA,607,3329,0,1,0,3330,A
4-HA,608,0,7,0,3301,3308,C
4-HA,609,3,2,3272,1,3278,G
4-HA,610,1,2,3320,0,3323,G
4-HA,611,3323,1,0,0,3324,A
4-HA,612,0,1,0,3320,3321,C
4-HA,613,3125,0,6,0,3131,A
4-HA,614,3135,1,0,0,3136,A
4-HA,615,0,3147,0,0,3147,T
4-HA,616,1,1,3196,0,3198,G
4-HA,617,3201,0,3,0,3204,A
4-HA,618,1,1,0,3193,3195,C
4-HA,619,3,0,0,3154,3157,C
4-HA,620,3159,0,0,0,3159,A
4-HA,621,3154,1,1,0,3156,A
4-HA,622,3204,0,0,0,3204,A
4-HA,623,0,3205,0,1,3206,T
4-HA,624,1,1,0,3236,3238,C
4-HA,625,0,3173,1,4,3178,T
4-HA,626,0,3183,0,0,3183,T
4-HA,627,2,0,1,3206,3209,C
4-HA,628,3,2,0,3213,3218,C
4-HA,629,1,3209,1,1,3212,T
4-HA,630,1,2,3223,0,3226,G
4-HA,631,0,3177,0,2,3179,T
4-HA,632,3213,0,2,1,3216,A
4-HA,633,0,3203,0,0,3203,T
4-HA,634,2,3,3224,0,3229,G
4-HA,635,0,1,0,3242,3243,C
4-HA,636,0,3214,0,4,3218,T
4-HA,637,0,5,0,3210,3215,C
4-HA,638,3212,0,5,0,3217,A
4-HA,639,3218,0,1,0,3219,A
4-HA,640,0,0,3228,0,3228,G
4-HA,641,0,1,0,3227,3228,C
4-HA,642,3237,0,0,0,3237,A
4-HA,643,2,3202,1,1,3206,T
4-HA,644,1,0,0,3198,3199,C
4-HA,645,3199,0,2,0,3201,A
4-HA,646,0,2,3220,1,3223,G
4-HA,647,0,1,3224,0,3225,G
4-HA,648,3221,0,0,1,3222,A
4-HA,649,3202,0,2,0,3204,A
4-HA,650,0,1,3277,0,3278,G
4-HA,651,3271,0,2,0,3273,A
4-HA,652,3317,1,2,0,3320,A
4-HA,653,1,3322,2,8,3333,T
4-HA,654,0,0,0,3335,3335,C
4-HA,655,3308,1,2,0,3311,A
4-HA,656,0,0,0,3314,3314,C
4-HA,657,3304,1,1,0,3306,A
4-HA,658,0,0,3362,0,3362,G
4-HA,659,0,3309,0,2,3311,T
4-HA,660,6,0,0,3336,3342,C
4-HA,661,0,3295,0,1,3296,T
4-HA,662,2,0,0,3362,3364,C
4-HA,663,0,3381,0,0,3381,T
4-HA,664,3415,1,1,0,3417,A
4-HA,665,2,1,0,3411,3414,C
4-HA,666,2,2,0,3405,3409,C
4-HA,667,3352,2,0,0,3354,A
4-HA,668,3366,0,2,0,3368,A
4-HA,669,3353,0,3,0,3356,A
4-HA,670,3353,2,5,0,3360,A
4-HA,671,2,1,3357,0,3360,G
4-HA,672,3285,1,3,0,3289,A
4-HA,673,3266,3,5,0,3274,A
4-HA,674,2,1,3273,0,3276,G
4-HA,675,0,0,0,3288,3288,C
4-HA,676,1,1,1,3294,3297,C
4-HA,677,3293,2,0,1,3296,A
4-HA,678,3306,4,0,0,3310,A
4-HA,679,2,0,1,3306,3309,C
4-HA,680,3306,1,1,0,3308,A
4-HA,681,3301,0,2,4,3307,A
4-HA,682,3319,0,1,0,3320,A
4-HA,683,2,1,0,3401,3404,C
4-HA,684,0,3379,0,1,3380,T
4-HA,685,2,0,3397,0,3399,G
4-HA,686,0,3394,0,3,3397,T
4-HA,687,3371,0,19,0,3390,A
4-HA,688,3402,1,1,0,3404,A
4-HA,689,0,3376,0,0,3376,T
4-HA,690,3,0,0,3381,3384,C
4-HA,691,1,0,0,3385,3386,C
4-HA,692,1,2,0,3333,3336,C
4-HA,693,0,3,3342,0,3345,G
4-HA,694,3331,1,0,0,3332,A
4-HA,695,3340,0,1,0,3341,A
4-HA,696,0,3344,0,3,3347,T
4-HA,697,3338,2,0,0,3340,A
4-HA,698,1,3328,0,0,3329,T
4-HA,699,0,0,0,3311,3311,C
4-HA,700,3,3,3295,0,3301,G
4-HA,701,1,2,3390,0,3393,G
4-HA,702,3407,1,0,0,3408,A
4-HA,703,0,3434,0,2,3436,T
4-HA,704,1,0,0,3433,3434,C
4-HA,705,1,3430,1,2,3434,T
4-HA,706,3425,0,1,0,3426,A
4-HA,707,0,0,3440,0,3440,G
4-HA,708,3463,0,2,0,3465,A
4-HA,709,0,0,0,3451,3451,C
4-HA,710,3,1,0,3331,3335,C
4-HA,711,3,1,0,3332,3336,C
4-HA,712,3309,0,2,1,3312,A
4-HA,713,0,1,3529,1,3531,G
4-HA,714,3522,1,5,0,3528,A
4-HA,715,1,0,3588,1,3590,G
4-HA,716,0,3548,0,0,3548,T
4-HA,717,3514,0,0,0,3514,A
4-HA,718,3510,0,4,0,3514,A
4-HA,719,1,0,3581,0,3582,G
4-HA,720,0,2,3607,0,3609,G
4-HA,721,3569,1,1,0,3571,A
4-HA,722,3304,1,1,0,3306,A
4-HA,723,1,3284,0,1,3286,T
4-HA,724,3309,1,1,0,3311,A
4-HA,725,0,3292,0,3,3295,T
4-HA,726,3,1,0,3323,3327,C
4-HA,727,2,0,0,3316,3318,C
4-HA,728,3,0,0,3245,3248,C
4-HA,729,1,3217,1,2,3221,T
4-HA,730,3226,0,0,1,3227,A
4-HA,731,1,0,3231,1,3233,G
4-HA,732,2,1,0,3233,3236,C
4-HA,733,3154,0,1,0,3155,A
4-HA,734,0,0,3254,0,3254,G
4-HA,735,3198,1,1,0,3200,A
4-HA,736,3214,0,0,1,3215,A
4-HA,737,0,3215,0,1,3216,T
4-HA,738,3204,0,2,0,3206,A
4-HA,739,3215,0,4,0,3219,A
4-HA,740,0,0,3209,0,3209,G
4-HA,741,1,0,1,3219,3221,C
4-HA,742,3214,0,3,0,3217,A
4-HA,743,1,3133,2,1,3137,T
4-HA,744,0,0,0,3308,3308,C
4-HA,745,1,3301,1,1,3304,T
4-HA,746,3309,7,0,0,3316,A
4-HA,747,1,3318,0,2,3321,T
4-HA,748,0,3300,0,0,3300,T
4-HA,749,0,3,3329,0,3332,G
4-HA,750,2,1,3312,0,3315,G
4-HA,751,3308,0,3,0,3311,A
4-HA,752,2,2,0,3302,3306,C
4-HA,753,3032,0,2,0,3034,A
4-HA,754,3078,1,1,0,3080,A
4-HA,755,0,3174,0,1,3175,T
4-HA,756,3245,0,0,0,3245,A
4-HA,757,0,0,3283,0,3283,G
4-HA,758,0,3241,0,0,3241,T
4-HA,759,3240,0,0,0,3240,A
4-HA,760,3250,0,0,1,3251,A
4-HA,761,3402,0,4,0,3406,A
4-HA,762,3445,0,2,0,3447,A
4-HA,763,1,0,1,3464,3466,C
4-HA,764,1,1,0,3382,3384,C
4-HA,765,2992,0,328,2,3322,A
4-HA,766,0,2,3381,0,3383,G
4-HA,767,0,2,3425,0,3427,G
4-HA,768,3430,0,4,0,3434,A
4-HA,769,0,1,3476,0,3477,G
4-HA,770,3478,2,3,0,3483,A
4-HA,771,0,0,0,3486,3486,C
4-HA,772,3471,1,1,2,3475,A
4-HA,773,0,3481,0,1,3482,T
4-HA,774,3494,1,1,0,3496,A
4-HA,775,0,1,0,3580,3581,C
4-HA,776,0,3541,0,3,3544,T
4-HA,777,0,3577,0,0,3577,T
4-HA,778,0,3594,1,3,3598,T
4-HA,779,2,3578,0,0,3580,T
4-HA,780,0,4,3617,0,3621,G
4-HA,781,3628,0,1,0,3629,A
4-HA,782,1,3637,0,2,3640,T
4-HA,783,0,3749,0,0,3749,T
4-HA,784,3715,1,0,0,3716,A
4-HA,785,3740,0,2,0,3742,A
4-HA,786,2,1,0,3789,3792,C
4-HA,787,3763,0,2,0,3765,A
4-HA,788,0,2,3958,0,3960,G
4-HA,789,0,1,0,3942,3943,C
4-HA,790,3946,0,2,0,3948,A
4-HA,791,0,1,0,3979,3980,C
4-HA,792,3921,0,4,0,3925,A
4-HA,793,8,8,3970,0,3986,G
4-HA,794,0,8,3963,1,3972,G
4-HA,795,2,3,4164,0,4169,G
4-HA,796,4135,2,3,0,4140,A
4-HA,797,4185,2,3,0,4190,A
4-HA,798,0,4191,0,0,4191,T
4-HA,799,1,0,0,4206,4207,C
4-HA,800,0,4233,1,3,4237,T
4-HA,801,4252,0,2,1,4255,A
4-HA,802,4228,0,0,0,4228,A
4-HA,803,0,4229,0,0,4229,T
4-HA,804,0,4129,0,1,4130,T
4-HA,805,2,0,4185,0,4187,G
4-HA,806,2,0,0,4320,4322,C
4-HA,807,1,4502,0,5,4508,T
4-HA,808,4,2,0,4638,4644,C
4-HA,809,3,0,0,4650,4653,C
4-HA,810,0,4654,1,1,4656,T
4-HA,811,4668,0,1,0,4669,A
4-HA,812,0,6,4666,0,4672,G
4-HA,813,1,8,4727,0,4736,G
4-HA,814,1,5,4737,0,4743,G
4-HA,815,3,2,4706,0,4711,G
4-HA,816,0,4594,1,0,4595,T
4-HA,817,0,4565,0,3,4568,T
4-HA,818,4577,0,1,0,4578,A
4-HA,819,0,1,1,4649,4651,C
4-HA,820,0,4647,0,4,4651,T
4-HA,821,1,4694,0,1,4696,T
4-HA,822,1,1,0,4682,4684,C
4-HA,823,4670,0,0,0,4670,A
4-HA,824,4680,0,2,0,4682,A
4-HA,825,4693,1,0,0,4694,A
4-HA,826,4712,8,0,0,4720,A
4-HA,827,0,4728,0,0,4728,T
4-HA,828,4695,0,3,1,4699,A
4-HA,829,2,1,0,4695,4698,C
4-HA,830,0,2,4689,0,4691,G
4-HA,831,4705,1,2,0,4708,A
4-HA,832,4710,1,1,0,4712,A
4-HA,833,27,0,4770,0,4797,G
4-HA,834,0,4788,0,2,4790,T
4-HA,835,1,3,4835,0,4839,G
4-HA,836,0,2,4846,0,4848,G
4-HA,837,2,4,4860,0,4866,G
4-HA,838,4841,0,20,1,4862,A
4-HA,839,4852,0,1,0,4853,A
4-HA,840,4867,0,0,0,4867,A
4-HA,841,4839,1,5,0,4845,A
4-HA,842,7,0,4933,1,4941,G
4-HA,843,2,0,0,4951,4953,C
4-HA,844,1,4907,0,5,4913,T
4-HA,845,6,0,0,4970,4976,C
4-HA,846,4972,1,0,0,4973,A
4-HA,847,5015,2,1,0,5018,A
4-HA,848,0,5013,1,2,5016,T
4-HA,849,5067,1,1,1,5070,A
4-HA,850,5061,0,0,0,5061,A
4-HA,851,0,4982,0,1,4983,T
4-HA,852,3,1,4996,0,5000,G
4-HA,853,4976,0,4,0,4980,A
4-HA,854,1,3,5145,0,5149,G
4-HA,855,5158,0,1,0,5159,A
4-HA,856,0,5127,0,1,5128,T
4-HA,857,2,2,0,5231,5235,C
4-HA,858,5213,2,1,0,5216,A
4-HA,859,0,1,5322,0,5323,G
4-HA,860,5319,0,3,1,5323,A
4-HA,861,0,5320,0,0,5320,T
4-HA,862,1,0,5311,0,5312,G
4-HA,863,1,2,1,5230,5234,C
4-HA,864,5232,2,6,0,5240,A
4-HA,865,4,2,0,5353,5359,C
4-HA,866,1,0,0,5276,5277,C
4-HA,867,8,3,1,5279,5291,C
4-HA,868,5208,0,0,1,5209,A
4-HA,869,1,5198,0,2,5201,T
4-HA,870,1,5196,0,3,5200,T
4-HA,871,2,6,5274,0,5282,G
4-HA,872,1,3,5260,0,5264,G
4-HA,873,2,1,0,5269,5272,C
4-HA,874,5186,1,1,0,5188,A
4-HA,875,5183,0,0,0,5183,A
4-HA,876,5268,1,0,0,5269,A
4-HA,877,0,5273,0,0,5273,T
4-HA,878,2,1,5272,1,5276,G
4-HA,879,0,1,1,5280,5282,C
4-HA,880,5230,3,1,1,5235,A
4-HA,881,5380,0,2,1,5383,A
4-HA,882,0,5374,0,1,5375,T
4-HA,883,1,5417,0,2,5420,T
4-HA,884,1,0,0,5425,5426,C
4-HA,885,1,5354,0,4,5359,T
4-HA,886,0,5,5417,1,5423,G
4-HA,887,5415,2,3,0,5420,A
4-HA,888,5448,3,1,0,5452,A
4-HA,889,0,5454,1,1,5456,T
4-HA,890,2,3,5419,0,5424,G
4-HA,891,2,0,0,5441,5443,C
4-HA,892,5413,2,2,1,5418,A
4-HA,893,2,5416,0,1,5419,T
4-HA,894,2,0,0,5402,5404,C
4-HA,895,5400,2,3,0,5405,A
4-HA,896,31,0,0,5614,5645,C
4-HA,897,0,5620,0,2,5622,T
4-HA,898,3,0,0,5631,5634,C
4-HA,899,3,0,0,5609,5612,C
4-HA,900,5644,1,0,1,5646,A
4-HA,901,5644,0,2,0,5646,A
4-HA,902,5630,1,0,0,5631,A
4-HA,903,0,5421,0,1,5422,T
4-HA,904,2,4,5447,0,5453,G
4-HA,905,1,4,5464,0,5469,G
4-HA,906,5478,1,2,0,5481,A
4-HA,907,5468,0,4,0,5472,A
4-HA,908,3,0,5484,1,5488,G
4-HA,909,3,2,0,5447,5452,C
4-HA,910,5441,1,2,0,5444,A
4-HA,911,1,5458,0,5,5464,T
4-HA,912,2,5454,0,4,5460,T
4-HA,913,1,1,1,5630,5633,C
4-HA,914,3,1,1,5611,5616,C
4-HA,915,1,1,1,5613,5616,C
4-HA,916,5623,1,1,0,5625,A
4-HA,917,5723,0,0,2,5725,A
4-HA,918,0,5798,1,2,5801,T
4-HA,919,0,11,5793,0,5804,G
4-HA,920,5787,2,1,0,5790,A
4-HA,921,0,3,0,5779,5782,C
4-HA,922,5615,2,3,1,5621,A
4-HA,923,5630,0,3,2,5635,A
4-HA,924,5624,2,3,0,5629,A
4-HA,925,2,0,0,5660,5662,C
4-HA,926,2,2,0,5592,5596,C
4-HA,927,5497,1,0,0,5498,A
4-HA,928,0,5535,0,3,5538,T
4-HA,929,1,5537,0,2,5540,T
4-HA,930,7,4,0,5560,5571,C
4-HA,931,2,1,1,5568,5572,C
4-HA,932,5564,0,4,1,5569,A
4-HA,933,5566,0,2,0,5568,A
4-HA,934,5549,0,3,1,5553,A
4-HA,935,5622,0,1,2,5625,A
4-HA,936,0,5612,0,2,5614,T
4-HA,937,0,2,5601,1,5604,G
4-HA,938,3,5582,0,2,5587,T
4-HA,939,1,5569,1,2,5573,T
4-HA,940,5670,1,4,0,5675,A
4-HA,941,5666,0,1,2,5669,A
4-HA,942,3,0,1,5682,5686,C
4-HA,943,5646,0,8,1,5655,A
4-HA,944,1,1,5740,0,5742,G
4-HA,945,0,4,5783,0,5787,G
4-HA,946,5914,0,3,0,5917,A
4-HA,947,0,5910,1,2,5913,T
4-HA,948,5,0,0,5967,5972,C
4-HA,949,6005,2,0,1,6008,A
4-HA,950,0,0,0,6220,6220,C
4-HA,951,6224,0,2,0,6226,A
4-HA,952,0,6422,0,1,6423,T
4-HA,953,6305,0,3,1,6309,A
4-HA,954,1,3,1,6220,6225,C
4-HA,955,3,7,5984,1,5995,G
4-HA,956,0,4,6010,0,6014,G
4-HA,957,1,2,5977,0,5980,G
4-HA,958,4,2,5982,0,5988,G
4-HA,959,2,2,0,5851,5855,C
4-HA,960,1,0,2,5829,5832,C
4-HA,961,1,5687,0,0,5688,T
4-HA,962,1,1,6254,0,6256,G
4-HA,963,0,6269,2,5,6276,T
4-HA,964,4,0,0,6285,6289,C
4-HA,965,4,4,2,6260,6270,C
4-HA,966,7,41,0,6238,6286,C
4-HA,967,6268,0,3,1,6272,A
4-HA,968,1,2,6316,1,6320,G
4-HA,969,6322,0,1,0,6323,A
4-HA,970,0,6315,1,1,6317,T
4-HA,971,5757,1,0,1,5759,A
4-HA,972,1,5665,1,1,5668,T
4-HA,973,0,1,5694,1,5696,G
4-HA,974,0,5685,0,0,5685,T
4-HA,975,0,5591,1,4,5596,T
4-HA,976,5646,0,2,0,5648,A
4-HA,977,5589,1,3,0,5593,A
4-HA,978,1,2,5643,0,5646,G
4-HA,979,2,4,0,5632,5638,C
4-HA,980,5547,1,1,1,5550,A
4-HA,981,5531,2,0,3,5536,A
4-HA,982,5497,1,1,0,5499,A
4-HA,983,5498,0,5,3,5506,A
4-HA,984,0,0,0,5516,5516,C
4-HA,985,5437,0,2,0,5439,A
4-HA,986,2,1,0,5471,5474,C
4-HA,987,1,5390,0,5,5396,T
4-HA,988,6,0,1,5433,5440,C
4-HA,989,1,5424,1,4,5430,T
4-HA,990,3,4,5456,1,5464,G
4-HA,991,5464,1,1,0,5466,A
4-HA,992,5443,0,1,0,5444,A
4-HA,993,5457,0,2,1,5460,A
4-HA,994,0,5426,1,0,5427,T
4-HA,995,2,5387,0,1,5390,T
4-HA,996,1,1,5458,1,5461,G
4-HA,997,1,4,5449,0,5454,G
4-HA,998,1,3,1,5466,5471,C
4-HA,999,5427,1,3,0,5431,A
4-HA,1000,5440,1,1,0,5442,A
4-HA,1001,1,0,0,5444,5445,C
4-HA,1002,5429,1,4,1,5435,A
4-HA,1003,2,5,5468,0,5475,G
4-HA,1004,1,4,5441,1,5447,G
4-HA,1005,0,9,5417,0,5426,G
4-HA,1006,5416,0,6,1,5423,A
4-HA,1007,0,5399,1,1,5401,T
4-HA,1008,1,0,5408,0,5409,G
4-HA,1009,1,3,2,5406,5412,C
4-HA,1010,1,2,5420,0,5423,G
4-HA,1011,5477,1,1,0,5479,A
4-HA,1012,5358,1,2,1,5362,A
4-HA,1013,5427,1,1,1,5430,A
4-HA,1014,0,5359,1,0,5360,T
4-HA,1015,1,1,5423,1,5426,G
4-HA,1016,2,5414,0,4,5420,T
4-HA,1017,5404,4,0,0,5408,A
4-HA,1018,3,0,0,5394,5397,C
4-HA,1019,2,1,1,5362,5366,C
4-HA,1020,5279,0,1,0,5280,A
4-HA,1021,2,1,5290,0,5293,G
4-HA,1022,5151,0,2,0,5153,A
4-HA,1023,2,3,5203,0,5208,G
4-HA,1024,5100,0,2,0,5102,A
4-HA,1025,5105,1,1,0,5107,A
4-HA,1026,5120,1,6,0,5127,A
4-HA,1027,0,1,0,5137,5138,C
4-HA,1028,5064,0,2,0,5066,A
4-HA,1029,5156,0,0,0,5156,A
4-HA,1030,5142,2,1,0,5145,A
4-HA,1031,0,1,0,5185,5186,C
4-HA,1032,0,5143,1,6,5150,T
4-HA,1033,5065,0,4,1,5070,A
4-HA,1034,0,1,5066,1,5068,G
4-HA,1035,5029,1,1,1,5032,A
4-HA,1036,0,1,5138,1,5140,G
4-HA,1037,1,2,5127,0,5130,G
4-HA,1038,0,1,1,5031,5033,C
4-HA,1039,5038,2,1,0,5041,A
4-HA,1040,0,5035,0,1,5036,T
4-HA,1041,5065,0,0,0,5065,A
4-HA,1042,0,5041,1,0,5042,T
4-HA,1043,0,5022,0,0,5022,T
4-HA,1044,2,5032,0,0,5034,T
4-HA,1045,4,5,4832,1,4842,G
4-HA,1046,0,1,4860,0,4861,G
4-HA,1047,0,5,0,4836,4841,C
4-HA,1048,4,54,4779,1,4838,G
4-HA,1049,2,1,0,4807,4810,C
4-HA,1050,4776,1,1,1,4779,A
4-HA,1051,4831,2,0,0,4833,A
4-HA,1052,0,4825,1,1,4827,T
4-HA,1053,1,2,1,4827,4831,C
4-HA,1054,3,1,4837,0,4841,G
4-HA,1055,1,1,0,4806,4808,C
4-HA,1056,37,5,4777,1,4820,G
4-HA,1057,0,2,4856,0,4858,G
4-HA,1058,2,3,4864,1,4870,G
4-HA,1059,2,4849,1,1,4853,T
4-HA,1060,1,4788,0,2,4791,T
4-HA,1061,0,4782,0,4,4786,T
4-HA,1062,1,0,0,4804,4805,C
4-HA,1063,4825,0,3,1,4829,A
4-HA,1064,0,4834,0,1,4835,T
4-HA,1065,4840,0,1,0,4841,A
4-HA,1066,0,3,4892,0,4895,G
4-HA,1067,4781,1,0,0,4782,A
4-HA,1068,4800,0,0,1,4801,A
4-HA,1069,4786,0,0,1,4787,A
4-HA,1070,4831,1,3,1,4836,A
4-HA,1071,1,4822,2,1,4826,T
4-HA,1072,0,2,4898,0,4900,G
4-HA,1073,1,2,4931,0,4934,G
4-HA,1074,1,4882,2,2,4887,T
4-HA,1075,1,4810,2,1,4814,T
4-HA,1076,1,3,4815,0,4819,G
4-HA,1077,2,2,4905,0,4909,G
4-HA,1078,0,3,4937,1,4941,G
4-HA,1079,4903,0,3,0,4906,A
4-HA,1080,1,4,4950,1,4956,G
4-HA,1081,3,1,4916,0,4920,G
4-HA,1082,1,1,5112,0,5114,G
4-HA,1083,5099,1,6,1,5107,A
4-HA,1084,5175,0,2,1,5178,A
4-HA,1085,1,5167,0,0,5168,T
4-HA,1086,0,5,5185,0,5190,G
4-HA,1087,1,2,5308,1,5312,G
4-HA,1088,0,5265,0,1,5266,T
4-HA,1089,1,3,5266,0,5270,G
4-HA,1090,87,4,5159,1,5251,G
4-HA,1091,5119,2,25,1,5147,A
4-HA,1092,1,5154,0,0,5155,T
4-HA,1093,0,7,5218,1,5226,G
4-HA,1094,0,0,5294,0,5294,G
4-HA,1095,0,5220,0,1,5221,T
4-HA,1096,1,5103,0,2,5106,T
4-HA,1097,0,7,5105,0,5112,G
4-HA,1098,0,0,5202,1,5203,G
4-HA,1099,0,5194,0,3,5197,T
4-HA,1100,5191,0,4,0,5195,A
4-HA,1101,1,0,0,4932,4933,C
4-HA,1102,2,5,4945,0,4952,G
4-HA,1103,1,0,5110,0,5111,G
4-HA,1104,0,5097,3,5,5105,T
4-HA,1105,0,5092,0,5,5097,T
4-HA,1106,1,5079,0,2,5082,T
4-HA,1107,3,1,1,5007,5012,C
4-HA,1108,4985,1,11,0,4997,A
4-HA,1109,2,3,4998,0,5003,G
4-HA,1110,0,1,4989,0,4990,G
4-HA,1111,1,0,0,4965,4966,C
4-HA,1112,4771,1,4,1,4777,A
4-HA,1113,0,4790,0,4,4794,T
4-HA,1114,3,0,0,4795,4798,C
4-HA,1115,4820,0,1,0,4821,A
4-HA,1116,4815,0,1,1,4817,A
4-HA,1117,4815,1,0,0,4816,A
4-HA,1118,4834,1,0,1,4836,A
4-HA,1119,0,4839,1,3,4843,T
4-HA,1120,0,4830,0,1,4831,T
4-HA,1121,3,2,0,4841,4846,C
4-HA,1122,1,4820,0,3,4824,T
4-HA,1123,0,2,4827,0,4829,G
4-HA,1124,4815,1,4,0,4820,A
4-HA,1125,4786,0,2,0,4788,A
4-HA,1126,0,3,4817,0,4820,G
4-HA,1127,0,0,4895,0,4895,G
4-HA,1128,4884,1,0,1,4886,A
4-HA,1129,4874,0,4,0,4878,A
4-HA,1130,2,4,4837,0,4843,G
4-HA,1131,4893,0,6,0,4899,A
4-HA,1132,1,1,4938,0,4940,G
4-HA,1133,0,2,4957,0,4959,G
4-HA,1134,4961,1,5,0,4967,A
4-HA,1135,0,1,0,4949,4950,C
4-HA,1136,4921,0,2,0,4923,A
4-HA,1137,4913,0,10,0,4923,A
4-HA,1138,2,1,4917,0,4920,G
4-HA,1139,0,2,0,4943,4945,C
4-HA,1140,4868,1,2,0,4871,A
4-HA,1141,1,1,4897,0,4899,G
4-HA,1142,1,0,0,4879,4880,C
4-HA,1143,4865,1,0,0,4866,A
4-HA,1144,0,0,4919,0,4919,G
4-HA,1145,4868,0,1,0,4869,A
4-HA,1146,0,4993,0,2,4995,T
4-HA,1147,2,2,0,5019,5023,C
4-HA,1148,0,4974,1,4,4979,T
4-HA,1149,0,1,0,5028,5029,C
4-HA,1150,5016,1,0,0,5017,A
4-HA,1151,5016,0,2,1,5019,A
4-HA,1152,5015,1,0,0,5016,A
4-HA,1153,4917,0,7,0,4924,A
4-HA,1154,0,1,4928,0,4929,G
4-HA,1155,1,4,0,4813,4818,C
4-HA,1156,4780,1,2,0,4783,A
4-HA,1157,1,0,1,4867,4869,C
4-HA,1158,2,4827,0,6,4835,T
4-HA,1159,2,1,0,4841,4844,C
4-HA,1160,4838,3,1,1,4843,A
4-HA,1161,4941,1,6,0,4948,A
4-HA,1162,0,1,4951,0,4952,G
4-HA,1163,0,1,0,4945,4946,C
4-HA,1164,4915,0,1,0,4916,A
4-HA,1165,2,3,4920,0,4925,G
4-HA,1166,0,1,0,4826,4827,C
4-HA,1167,4821,0,1,0,4822,A
4-HA,1168,4824,1,0,0,4825,A
4-HA,1169,0,4811,0,1,4812,T
4-HA,1170,4,1,0,4671,4676,C
4-HA,1171,0,4,4712,0,4716,G
4-HA,1172,4716,0,0,0,4716,A
4-HA,1173,1,4688,0,3,4692,T
4-HA,1174,3,0,1,4652,4656,C
4-HA,1175,4645,0,1,0,4646,A
4-HA,1176,4766,0,1,0,4767,A
4-HA,1177,4770,1,0,0,4771,A
4-HA,1178,0,4777,1,1,4779,T
4-HA,1179,4,2,0,4778,4784,C
4-HA,1180,4716,1,0,0,4717,A
4-HA,1181,4767,0,1,0,4768,A
4-HA,1182,2,4759,1,2,4764,T
4-HA,1183,1,8,4769,0,4778,G
4-HA,1184,0,6,4759,0,4765,G
4-HA,1185,0,0,4682,0,4682,G
4-HA,1186,4717,1,1,0,4719,A
4-HA,1187,4721,0,3,0,4724,A
4-HA,1188,0,0,4790,0,4790,G
4-HA,1189,3,3,2,4791,4799,C
4-HA,1190,0,4750,0,12,4762,T
4-HA,1191,2,7,4986,0,4995,G
4-HA,1192,4990,1,1,0,4992,A
4-HA,1193,4993,0,2,0,4995,A
4-HA,1194,1,4998,0,0,4999,T
4-HA,1195,4877,0,1,1,4879,A
4-HA,1196,0,1,4870,0,4871,G
4-HA,1197,4473,0,2,0,4475,A
4-HA,1198,1,4487,0,3,4491,T
4-HA,1199,1,4501,0,0,4502,T
4-HA,1200,0,6,4513,0,4519,G
4-HA,1201,4496,2,1,0,4499,A
4-HA,1202,1,4494,1,2,4498,T
4-HA,1203,4,1,0,4501,4506,C
4-HA,1204,1,3,4479,0,4483,G
4-HA,1205,4,1,4452,2,4459,G
4-HA,1206,1,3,4493,0,4497,G
4-HA,1207,4484,1,4,1,4490,A
4-HA,1208,4487,1,0,0,4488,A
4-HA,1209,4468,0,3,1,4472,A
4-HA,1210,4478,1,3,1,4483,A
4-HA,1211,2,0,0,4492,4494,C
4-HA,1212,3,1,0,4478,4482,C
4-HA,1213,4456,1,3,0,4460,A
4-HA,1214,4451,1,0,0,4452,A
4-HA,1215,0,2,0,4459,4461,C
4-HA,1216,3,6,4475,0,4484,G
4-HA,1217,4481,1,3,0,4485,A
4-HA,1218,1,4,4477,0,4482,G
4-HA,1219,4479,0,3,0,4482,A
4-HA,1220,4479,2,0,0,4481,A
4-HA,1221,4480,1,1,2,4484,A
4-HA,1222,1,4498,1,0,4500,T
4-HA,1223,0,4485,0,6,4491,T
4-HA,1224,2,1,0,4493,4496,C
4-HA,1225,4,0,0,4488,4492,C
4-HA,1226,4497,0,2,0,4499,A
4-HA,1227,1,4483,0,3,4487,T
4-HA,1228,4,1,0,4489,4494,C
4-HA,1229,4460,1,0,0,4461,A
4-HA,1230,1,1,4489,0,4491,G
4-HA,1231,4459,0,1,0,4460,A
4-HA,1232,1,4454,0,2,4457,T
4-HA,1233,0,4442,0,1,4443,T
4-HA,1234,1,1,4474,0,4476,G
4-HA,1235,4476,0,1,0,4477,A
4-HA,1236,4478,0,1,0,4479,A
4-HA,1237,4482,0,4,0,4486,A
4-HA,1238,4477,0,2,0,4479,A
4-HA,1239,4432,3,1,0,4436,A
4-HA,1240,0,1,4448,0,4449,G
4-HA,1241,4436,0,3,2,4441,A
4-HA,1242,4448,0,4,0,4452,A
4-HA,1243,2,4389,0,1,4392,T
4-HA,1244,3,4400,0,2,4405,T
4-HA,1245,6,2,2,4418,4428,C
4-HA,1246,0,4415,0,1,4416,T
4-HA,1247,5,1,0,4409,4415,C
4-HA,1248,4417,0,1,0,4418,A
4-HA,1249,0,0,4415,0,4415,G
4-HA,1250,4393,1,2,1,4397,A
4-HA,1251,4376,1,4,0,4381,A
4-HA,1252,0,0,4440,0,4440,G
4-HA,1253,2,4401,0,4,4407,T
4-HA,1254,3,2,0,4392,4397,C
4-HA,1255,0,2,4410,0,4412,G
4-HA,1256,4406,0,2,0,4408,A
4-HA,1257,4389,1,5,0,4395,A
4-HA,1258,1,8,4390,0,4399,G
4-HA,1259,1,1,4439,0,4441,G
4-HA,1260,3,4,4429,1,4437,G
4-HA,1261,4368,1,6,0,4375,A
4-HA,1262,0,0,4397,0,4397,G
4-HA,1263,4378,1,3,1,4383,A
4-HA,1264,4728,0,0,0,4728,A
4-HA,1265,1,4731,0,1,4733,T
4-HA,1266,0,4730,0,1,4731,T
4-HA,1267,5,2,0,4729,4736,C
4-HA,1268,4664,1,7,1,4673,A
4-HA,1269,0,2,4673,0,4675,G
4-HA,1270,65,4,4605,0,4674,G
4-HA,1271,4667,1,6,0,4674,A
4-HA,1272,3,4,0,4675,4682,C
4-HA,1273,3,0,0,4355,4358,C
4-HA,1274,1,4318,1,11,4331,T
4-HA,1275,0,4261,0,86,4347,T
4-HA,1276,1,3,4387,1,4392,G
4-HA,1277,4381,0,3,0,4384,A
4-HA,1278,1,2,4506,0,4509,G
4-HA,1279,4485,0,1,0,4486,A
4-HA,1280,4268,1,2,0,4271,A
4-HA,1281,4257,0,4,1,4262,A
4-HA,1282,0,4213,2,1,4216,T
4-HA,1283,4455,1,1,1,4458,A
4-HA,1284,1,4438,0,1,4440,T
4-HA,1285,0,1,4477,0,4478,G
4-HA,1286,0,4468,0,2,4470,T
4-HA,1287,2,4359,0,0,4361,T
4-HA,1288,0,1,4379,1,4381,G
4-HA,1289,4335,0,1,1,4337,A
4-HA,1290,1,2,4402,0,4405,G
4-HA,1291,0,4,4385,0,4389,G
4-HA,1292,4322,0,3,0,4325,A
4-HA,1293,0,2,0,4435,4437,C
4-HA,1294,4378,0,4,1,4383,A
4-HA,1295,2,3,0,4478,4483,C
4-HA,1296,3,0,0,4485,4488,C
4-HA,1297,4501,2,0,0,4503,A
4-HA,1298,4608,1,2,1,4612,A
4-HA,1299,4596,0,0,0,4596,A
4-HA,1300,4646,3,1,0,4650,A
4-HA,1301,0,4646,0,3,4649,T
4-HA,1302,4510,1,1,0,4512,A
4-HA,1303,0,3,4539,0,4542,G
4-HA,1304,4466,0,2,0,4468,A
4-HA,1305,1,4493,0,3,4497,T
4-HA,1306,4,2,0,4500,4506,C
4-HA,1307,0,4420,1,3,4424,T
4-HA,1308,4,2,1,4534,4541,C
4-HA,1309,1,4529,0,5,4535,T
4-HA,1310,1,4,4614,2,4621,G
4-HA,1311,2,1,4725,0,4728,G
4-HA,1312,2,4678,0,15,4695,T
4-HA,1313,3,3,0,4689,4695,C
4-HA,1314,4711,2,1,1,4715,A
4-HA,1315,0,4714,1,2,4717,T
4-HA,1316,4724,0,1,0,4725,A
4-HA,1317,3,2,0,4710,4715,C
4-HA,1318,4564,0,1,0,4565,A
4-HA,1319,4587,1,2,0,4590,A
4-HA,1320,0,0,0,4460,4460,C
4-HA,1321,0,3,4456,0,4459,G
4-HA,1322,2,0,0,4452,4454,C
4-HA,1323,1,5,4420,0,4426,G
4-HA,1324,0,3,4439,0,4442,G
4-HA,1325,4426,0,7,0,4433,A
4-HA,1326,0,0,4527,0,4527,G
4-HA,1327,0,1,0,4525,4526,C
4-HA,1328,0,4499,0,5,4504,T
4-HA,1329,1,4531,0,4,4536,T
4-HA,1330,2,0,0,4539,4541,C
4-HA,1331,2,4558,0,1,4561,T
4-HA,1332,1,4568,0,2,4571,T
4-HA,1333,0,0,4560,0,4560,G
4-HA,1334,0,4538,1,1,4540,T
4-HA,1335,1,4459,0,2,4462,T
4-HA,1336,0,0,4553,0,4553,G
4-HA,1337,1,2,0,4539,4542,C
4-HA,1338,1,0,0,4524,4525,C
4-HA,1339,8,0,0,4552,4560,C
4-HA,1340,0,4546,1,7,4554,T
4-HA,1341,1,2,4595,0,4598,G
4-HA,1342,0,4,4602,0,4606,G
4-HA,1343,4598,1,3,1,4603,A
4-HA,1344,1,3,4624,0,4628,G
4-HA,1345,4534,1,2,0,4537,A
4-HA,1346,4563,0,6,0,4569,A
4-HA,1347,2,2,0,4623,4627,C
4-HA,1348,2,3,0,4613,4618,C
4-HA,1349,4628,1,0,0,4629,A
4-HA,1350,4796,1,1,0,4798,A
4-HA,1351,1,3,0,4818,4822,C
4-HA,1352,4839,0,1,0,4840,A
4-HA,1353,0,4828,0,3,4831,T
4-HA,1354,4809,2,2,0,4813,A
4-HA,1355,0,2,0,4896,4898,C
4-HA,1356,4805,0,2,0,4807,A
4-HA,1357,4810,0,1,0,4811,A
4-HA,1358,0,4793,1,3,4797,T
4-HA,1359,0,4631,0,0,4631,T
4-HA,1360,1,3,4723,0,4727,G
4-HA,1361,4751,0,0,0,4751,A
4-HA,1362,0,4733,0,5,4738,T
4-HA,1363,5,0,0,4758,4763,C
4-HA,1364,1,4667,0,2,4670,T
4-HA,1365,4713,0,0,1,4714,A
4-HA,1366,4703,0,1,1,4705,A
4-HA,1367,1,0,0,4711,4712,C
4-HA,1368,1,4683,0,2,4686,T
4-HA,1369,1,9,4633,1,4644,G
4-HA,1370,4660,1,1,0,4662,A
4-HA,1371,1,0,0,4669,4670,C
4-HA,1372,0,4655,0,4,4659,T
4-HA,1373,4,0,0,4654,4658,C
4-HA,1374,4632,2,2,0,4636,A
4-HA,1375,0,3,4728,0,4731,G
4-HA,1376,4726,1,4,0,4731,A
4-HA,1377,4727,0,0,0,4727,A
4-HA,1378,4733,0,3,0,4736,A
4-HA,1379,0,4697,0,2,4699,T
4-HA,1380,2,6,4723,0,4731,G
4-HA,1381,4731,0,7,0,4738,A
4-HA,1382,4731,1,4,1,4737,A
4-HA,1383,0,2,1,4733,4736,C
4-HA,1384,4660,0,1,0,4661,A
4-HA,1385,4662,0,1,0,4663,A
4-HA,1386,4660,0,2,0,4662,A
4-HA,1387,1,1,0,4671,4673,C
4-HA,1388,0,4637,1,1,4639,T
4-HA,1389,1,1,4657,0,4659,G
4-HA,1390,2,4604,0,4,4610,T
4-HA,1391,4,4603,0,2,4609,T
4-HA,1392,2,4604,0,4,4610,T
4-HA,1393,2,1,4621,0,4624,G
4-HA,1394,4615,2,1,0,4618,A
4-HA,1395,4614,1,1,0,4616,A
4-HA,1396,4603,0,3,0,4606,A
4-HA,1397,4605,0,3,0,4608,A
4-HA,1398,4585,0,1,0,4586,A
4-HA,1399,4598,1,0,0,4599,A
4-HA,1400,1,0,0,4618,4619,C
4-HA,1401,4613,0,0,0,4613,A
4-HA,1402,4619,0,0,1,4620,A
4-HA,1403,4610,0,5,1,4616,A
4-HA,1404,0,1,4641,0,4642,G
4-HA,1405,4660,0,0,0,4660,A
4-HA,1406,4636,0,3,1,4640,A
4-HA,1407,2,1,4636,0,4639,G
4-HA,1408,0,4,0,4633,4637,C
4-HA,1409,4629,0,3,0,4632,A
4-HA,1410,4654,0,1,0,4655,A
4-HA,1411,2,1,0,4658,4661,C
4-HA,1412,1,4633,0,0,4634,T
4-HA,1413,1,4,4668,1,4674,G
4-HA,1414,4630,0,3,0,4633,A
4-HA,1415,0,3,4691,0,4694,G
4-HA,1416,0,2,4692,0,4694,G
4-HA,1417,3,2,4691,1,4697,G
4-HA,1418,4695,1,2,1,4699,A
4-HA,1419,4673,0,3,0,4676,A
4-HA,1420,4661,0,2,0,4663,A
4-HA,1421,4724,2,1,0,4727,A
4-HA,1422,0,4719,0,0,4719,T
4-HA,1423,1,0,4761,0,4762,G
4-HA,1424,1,3,1,4749,4754,C
4-HA,1425,2,4704,0,1,4707,T
4-HA,1426,4,2,4717,1,4724,G
4-HA,1427,4708,1,3,0,4712,A
4-HA,1428,1,0,4960,0,4961,G
4-HA,1429,0,4,5041,0,5045,G
4-HA,1430,4983,1,2,0,4986,A
4-HA,1431,1,4982,1,0,4984,T
4-HA,1432,4964,0,0,0,4964,A
4-HA,1433,3,4938,0,1,4942,T
4-HA,1434,1,6,4995,0,5002,G
4-HA,1435,1,2,5036,0,5039,G
4-HA,1436,1,1,5016,0,5018,G
4-HA,1437,2,2,0,4771,4775,C
4-HA,1438,4641,0,1,0,4642,A
4-HA,1439,4639,1,2,0,4642,A
4-HA,1440,0,4634,1,2,4637,T
4-HA,1441,0,4,4643,0,4647,G
4-HA,1442,0,1,4651,0,4652,G
4-HA,1443,0,4581,0,1,4582,T
4-HA,1444,1,4466,0,0,4467,T
4-HA,1445,0,0,4505,0,4505,G
4-HA,1446,1,4532,0,2,4535,T
4-HA,1447,5,4518,0,4,4527,T
4-HA,1448,0,4538,2,2,4542,T
4-HA,1449,5,1,0,4547,4553,C
4-HA,1450,4548,1,3,0,4552,A
4-HA,1451,4555,0,1,0,4556,A
4-HA,1452,4562,0,1,0,4563,A
4-HA,1453,4590,1,0,0,4591,A
4-HA,1454,2,4574,0,2,4578,T
4-HA,1455,4532,0,2,0,4534,A
4-HA,1456,0,4524,1,2,4527,T
4-HA,1457,4527,0,3,0,4530,A
4-HA,1458,1,0,0,4567,4568,C
4-HA,1459,1,0,1,4543,4545,C
4-HA,1460,4536,1,0,0,4537,A
4-HA,1461,3,1,0,4552,4556,C
4-HA,1462,4540,0,0,0,4540,A
4-HA,1463,4547,0,1,0,4548,A
4-HA,1464,4563,0,3,1,4567,A
4-HA,1465,0,4567,0,1,4568,T
4-HA,1466,1,3,4592,0,4596,G
4-HA,1467,1,4522,1,7,4531,T
4-HA,1468,3,4,4568,0,4575,G
4-HA,1469,4584,0,4,0,4588,A
4-HA,1470,0,0,0,4575,4575,C
4-HA,1471,4518,2,3,1,4524,A
4-HA,1472,4515,1,1,2,4519,A
4-HA,1473,0,4583,0,0,4583,T
4-HA,1474,0,0,4632,2,4634,G
4-HA,1475,3,2,0,4590,4595,C
4-HA,1476,4,1,0,4600,4605,C
4-HA,1477,0,4569,0,5,4574,T
4-HA,1478,2,1,4768,1,4772,G
4-HA,1479,0,4,0,4775,4779,C
4-HA,1480,4772,1,1,0,4774,A
4-HA,1481,1,4782,0,1,4784,T
4-HA,1482,4602,0,2,0,4604,A
4-HA,1483,2,0,4622,0,4624,G
4-HA,1484,1,3,4617,0,4621,G
4-HA,1485,4587,0,2,0,4589,A
4-HA,1486,1,4581,0,1,4583,T
4-HA,1487,2,3,0,4360,4365,C
4-HA,1488,4360,0,1,0,4361,A
4-HA,1489,4381,0,1,0,4382,A
4-HA,1490,0,4370,0,1,4371,T
4-HA,1491,3,0,0,4380,4383,C
4-HA,1492,4282,2,4,0,4288,A
4-HA,1493,1,1,4314,0,4316,G
4-HA,1494,4327,0,0,0,4327,A
4-HA,1495,4331,1,0,0,4332,A
4-HA,1496,4320,0,2,0,4322,A
4-HA,1497,0,4305,0,1,4306,T
4-HA,1498,0,2,4281,0,4283,G
4-HA,1499,1,4,4285,0,4290,G
4-HA,1500,4282,2,1,0,4285,A
4-HA,1501,4310,0,3,0,4313,A
4-HA,1502,3,0,1,4307,4311,C
4-HA,1503,0,4264,1,0,4265,T
4-HA,1504,0,4294,0,1,4295,T
4-HA,1505,4295,2,3,0,4300,A
4-HA,1506,0,4286,0,3,4289,T
4-HA,1507,0,8,4278,0,4286,G
4-HA,1508,4278,0,2,0,4280,A
4-HA,1509,1,2,0,4277,4280,C
4-HA,1510,2,0,0,4226,4228,C
4-HA,1511,4221,0,1,0,4222,A
4-HA,1512,2,1,0,4323,4326,C
4-HA,1513,5,4,4437,0,4446,G
4-HA,1514,4518,1,1,0,4520,A
4-HA,1515,0,4563,0,1,4564,T
4-HA,1516,0,0,4720,1,4721,G
4-HA,1517,1,4697,0,1,4699,T
4-HA,1518,4861,0,2,0,4863,A
4-HA,1519,0,4865,0,2,4867,T
4-HA,1520,4843,0,3,0,4846,A
4-HA,1521,0,0,0,4838,4838,C
4-HA,1522,4330,1,0,0,4331,A
4-HA,1523,1,7,4359,0,4367,G
4-HA,1524,4058,0,0,0,4058,A
4-HA,1525,2,4,3903,1,3910,G
4-HA,1526,3881,0,1,0,3882,A
4-HA,1527,0,3573,0,0,3573,T
4-HA,1528,0,2,3562,0,3564,G
4-HA,1529,3565,1,2,0,3568,A
4-HA,1530,3551,3,1,1,3556,A
4-HA,1531,0,0,3621,0,3621,G
4-HA,1532,0,0,0,3547,3547,C
4-HA,1533,3543,1,0,0,3544,A
4-HA,1534,0,3525,0,1,3526,T
4-HA,1535,0,3512,0,0,3512,T
4-HA,1536,3531,0,1,0,3532,A
4-HA,1537,3526,0,2,0,3528,A
4-HA,1538,3530,0,6,1,3537,A
4-HA,1539,0,0,0,3537,3537,C
4-HA,1540,3375,2,0,0,3377,A
4-HA,1541,3387,1,2,0,3390,A
4-HA,1542,0,0,0,3385,3385,C
4-HA,1543,0,1,0,3362,3363,C
4-HA,1544,2,0,3365,0,3367,G
4-HA,1545,1,1,3409,1,3412,G
4-HA,1546,0,3420,0,4,3424,T
4-HA,1547,0,3410,1,0,3411,T
4-HA,1548,0,2,0,3414,3416,C
4-HA,1549,2,1,0,3412,3415,C
4-HA,1550,3401,0,3,0,3404,A
4-HA,1551,1,0,3450,0,3451,G
4-HA,1552,3447,1,1,0,3449,A
4-HA,1553,1,3435,0,2,3438,T
4-HA,1554,3,0,0,3302,3305,C
4-HA,1555,3269,0,1,2,3272,A
4-HA,1556,3264,0,2,0,3266,A
4-HA,1557,0,2,3266,0,3268,G
4-HA,1558,1,3,3253,0,3257,G
4-HA,1559,2,3,3253,0,3258,G
4-HA,1560,3111,0,0,0,3111,A
4-HA,1561,1,0,3144,0,3145,G
4-HA,1562,2,3144,0,1,3147,T
4-HA,1563,0,3144,0,2,3146,T
4-HA,1564,0,3,3176,0,3179,G
4-HA,1565,3149,0,1,0,3150,A
4-HA,1566,0,1,3161,0,3162,G
4-HA,1567,49,1,0,3104,3154,C
4-HA,1568,0,3109,0,3,3112,T
4-HA,1569,1,1,3119,0,3121,G
4-HA,1570,3104,2,1,1,3108,A
4-HA,1571,3107,0,2,0,3109,A
4-HA,1572,2,1,3111,0,3114,G
4-HA,1573,1,3034,1,2,3038,T
4-HA,1574,3,0,0,3035,3038,C
4-HA,1575,3007,2,6,0,3015,A
4-HA,1576,0,1,3033,0,3034,G
4-HA,1577,7,4,3026,0,3037,G
4-HA,1578,3015,0,1,0,3016,A
4-HA,1579,0,3029,1,0,3030,T
4-HA,1580,2993,0,1,0,2994,A
4-HA,1581,0,0,0,2993,2993,C
4-HA,1582,2986,0,0,0,2986,A
4-HA,1583,2982,0,1,0,2983,A
4-HA,1584,2979,1,0,0,2980,A
4-HA,1585,1,0,2998,0,2999,G
4-HA,1586,2932,0,0,0,2932,A
4-HA,1587,1,2904,1,0,2906,T
4-HA,1588,0,2883,0,1,2884,T
4-HA,1589,2,2,2861,0,2865,G
4-HA,1590,0,1,2850,0,2851,G
4-HA,1591,2855,0,2,0,2857,A
4-HA,1592,1,2850,0,0,2851,T
4-HA,1593,1,0,0,2853,2854,C
4-HA,1594,2,0,0,2795,2797,C
4-HA,1595,0,2778,0,4,2782,T
4-HA,1596,2791,0,1,0,2792,A
4-HA,1597,0,2793,0,1,2794,T
4-HA,1598,1,0,2785,0,2786,G
4-HA,1599,0,0,2779,0,2779,G
4-HA,1600,2722,0,0,0,2722,A
4-HA,1601,0,2694,2,3,2699,T
4-HA,1602,0,2662,0,0,2662,T
4-HA,1603,2,2640,0,2,2644,T
4-HA,1604,1,0,0,2648,2649,C
4-HA,1605,2,1,0,2630,2633,C
4-HA,1606,0,2604,0,1,2605,T
4-HA,1607,0,2592,0,1,2593,T
4-HA,1608,0,2573,0,1,2574,T
4-HA,1609,0,0,2595,0,2595,G
4-HA,1610,0,0,0,2589,2589,C
4-HA,1611,2,2,0,2589,2593,C
4-HA,1612,2554,0,1,0,2555,A
4-HA,1613,1,2536,0,0,2537,T
4-HA,1614,2556,0,1,0,2557,A
4-HA,1615,1,2552,0,2,2555,T
4-HA,1616,1,0,0,2541,2542,C
4-HA,1617,2540,1,0,0,2541,A
4-HA,1618,0,2493,0,0,2493,T
4-HA,1619,0,0,2500,0,2500,G
4-HA,1620,1,2482,0,0,2483,T
4-HA,1621,0,2447,0,3,2450,T
4-HA,1622,0,2440,1,0,2441,T
4-HA,1623,0,2390,0,0,2390,T
4-HA,1624,0,2391,0,3,2394,T
4-HA,1625,0,2382,0,0,2382,T
4-HA,1626,1,0,2390,0,2391,G
4-HA,1627,0,0,0,2385,2385,C
4-HA,1628,0,2328,0,1,2329,T
4-HA,1629,1,2333,0,0,2334,T
4-HA,1630,0,2331,0,0,2331,T
4-HA,1631,0,0,2365,0,2365,G
4-HA,1632,0,2363,0,0,2363,T
4-HA,1633,0,0,2363,0,2363,G
4-HA,1634,2,2366,0,1,2369,T
4-HA,1635,1,2305,0,2,2308,T
4-HA,1636,2,0,2313,0,2315,G
4-HA,1637,0,1,0,2315,2316,C
4-HA,1638,0,2298,0,2,2300,T
4-HA,1639,0,2304,1,0,2305,T
4-HA,1640,0,2145,0,0,2145,T
4-HA,1641,0,0,2155,0,2155,G
4-HA,1642,0,2142,0,1,2143,T
4-HA,1643,0,2140,0,0,2140,T
4-HA,1644,0,1,2141,0,2142,G
4-HA,1645,1,3,2078,0,2082,G
4-HA,1646,0,1,2073,0,2074,G
4-HA,1647,0,0,2085,0,2085,G
4-HA,1648,0,2016,1,1,2018,T
4-HA,1649,2,2008,0,2,2012,T
4-HA,1650,1,1,0,1982,1984,C
4-HA,1651,1962,0,1,0,1963,A
4-HA,1652,0,1968,0,2,1970,T
4-HA,1653,3,2,0,1965,1970,C
4-HA,1654,1950,0,1,0,1951,A
4-HA,1655,0,1886,0,1,1887,T
4-HA,1656,0,0,1866,1,1867,G
4-HA,1657,0,1815,0,2,1817,T
4-HA,1658,0,4,1791,1,1796,G
4-HA,1659,0,2,1750,0,1752,G
4-HA,1660,2,0,1735,0,1737,G
4-HA,1661,0,0,0,1682,1682,C
4-HA,1662,1,0,0,1639,1640,C
4-HA,1663,1,1537,1,0,1539,T
4-HA,1664,2,0,1542,0,1544,G
4-HA,1665,2,1,0,1536,1539,C
4-HA,1666,1,1,0,1541,1543,C
4-HA,1667,1538,0,1,0,1539,A
4-HA,1668,1527,0,0,0,1527,A
4-HA,1669,1528,0,1,0,1529,A
4-HA,1670,1522,0,0,0,1522,A
4-HA,1671,1516,0,2,0,1518,A
4-HA,1672,0,0,1517,0,1517,G
4-HA,1673,0,0,1449,0,1449,G
4-HA,1674,0,0,0,1423,1423,C
4-HA,1675,1423,0,0,0,1423,A
4-HA,1676,1429,0,5,0,1434,A
4-HA,1677,0,0,0,1433,1433,C
4-HA,1678,1431,0,0,0,1431,A
4-HA,1679,1,1426,0,0,1427,T
4-HA,1680,0,1406,0,0,1406,T
4-HA,1681,1353,0,4,0,1357,A
4-HA,1682,0,1,1348,0,1349,G
4-HA,1683,1,0,1348,0,1349,G
4-HA,1684,0,1301,1,1,1303,T
4-HA,1685,1,2,1197,0,1200,G
4-HA,1686,1,2,0,1156,1159,C
4-HA,1687,1142,0,1,0,1143,A
4-HA,1688,1143,0,1,0,1144,A
4-HA,1689,0,1,0,1142,1143,C
4-HA,1690,1130,0,0,0,1130,A
4-HA,1691,0,1112,0,0,1112,T
4-HA,1692,0,1047,0,0,1047,T
4-HA,1693,0,1042,0,0,1042,T
4-HA,1694,0,1,1043,0,1044,G
4-HA,1695,0,0,0,1031,1031,C
4-HA,1696,1024,0,0,0,1024,A
4-HA,1697,0,946,0,0,946,T
4-HA,1698,0,921,0,1,922,T
4-HA,1699,0,892,0,0,892,T
4-HA,1700,0,0,890,0,890,G
4-HA,1701,849,0,0,0,849,A
5-NP,1,179,0,0,0,179,A
5-NP,2,0,179,0,0,179,T
5-NP,3,0,0,179,0,179,G
5-NP,4,0,0,178,0,178,G
5-NP,5,0,0,0,177,177,C
5-NP,6,0,0,187,0,187,G
5-NP,7,0,199,0,0,199,T
5-NP,8,0,0,0,201,201,C
5-NP,9,0,1,0,201,202,C
5-NP,10,0,0,0,202,202,C
5-NP,11,203,0,0,0,203,A
5-NP,12,203,0,0,0,203,A
5-NP,13,0,0,204,0,204,G
5-NP,14,0,0,209,0,209,G
5-NP,15,0,0,0,212,212,C
5-NP,16,213,0,0,0,213,A
5-NP,17,0,0,0,213,213,C
5-NP,18,0,0,0,213,213,C
5-NP,19,216,0,0,0,216,A
5-NP,20,215,0,0,0,215,A
5-NP,21,217,0,0,0,217,A
5-NP,22,0,0,0,217,217,C
5-NP,23,0,0,220,0,220,G
5-NP,24,0,0,244,0,244,G
5-NP,25,0,243,0,0,243,T
5-NP,26,0,0,0,262,262,C
5-NP,27,0,262,0,0,262,T
5-NP,28,0,267,0,0,267,T
5-NP,29,267,0,0,0,267,A
5-NP,30,0,267,0,0,267,T
5-NP,31,0,1,268,0,269,G
5-NP,32,267,0,0,0,267,A
5-NP,33,257,0,0,0,257,A
5-NP,34,0,0,0,258,258,C
5-NP,35,256,0,0,0,256,A
5-NP,36,0,0,276,0,276,G
5-NP,37,278,0,0,0,278,A
5-NP,38,0,278,0,0,278,T
5-NP,39,0,0,278,0,278,G
5-NP,40,0,0,280,0,280,G
5-NP,41,280,0,0,0,280,A
5-NP,42,282,0,0,0,282,A
5-NP,43,278,0,0,0,278,A
5-NP,44,0,0,0,290,290,C
5-NP,45,0,290,0,0,290,T
5-NP,46,0,0,292,0,292,G
5-NP,47,291,0,0,0,291,A
5-NP,48,0,290,0,0,290,T
5-NP,49,0,0,292,0,292,G
5-NP,50,0,0,293,0,293,G
5-NP,51,0,0,293,0,293,G
5-NP,52,0,0,293,0,293,G
5-NP,53,292,0,0,0,292,A
5-NP,54,0,293,0,0,293,T
5-NP,55,1,0,0,291,292,C
5-NP,56,0,0,293,0,293,G
5-NP,57,0,0,0,297,297,C
5-NP,58,0,0,0,296,296,C
5-NP,59,295,1,0,0,296,A
5-NP,60,0,0,298,0,298,G
5-NP,61,299,0,0,0,299,A
5-NP,62,305,0,0,0,305,A
5-NP,63,0,306,0,0,306,T
5-NP,64,0,0,304,0,304,G
5-NP,65,0,0,0,304,304,C
5-NP,66,304,0,0,0,304,A
5-NP,67,308,0,0,0,308,A
5-NP,68,0,0,0,308,308,C
5-NP,69,0,307,0,0,307,T
5-NP,70,0,0,309,0,309,G
5-NP,71,313,0,1,0,314,A
5-NP,72,0,0,327,0,327,G
5-NP,73,327,0,0,0,327,A
5-NP,74,0,322,0,0,322,T
5-NP,75,0,324,0,0,324,T
5-NP,76,322,0,0,0,322,A
5-NP,77,0,1,326,0,327,G
5-NP,78,2,1,323,0,326,G
5-NP,79,0,0,322,0,322,G
5-NP,80,0,0,0,323,323,C
5-NP,81,318,0,0,0,318,A
5-NP,82,0,322,0,0,322,T
5-NP,83,0,0,0,323,323,C
5-NP,84,0,0,0,327,327,C
5-NP,85,0,0,333,0,333,G
5-NP,86,0,334,0,0,334,T
5-NP,87,2,1,0,331,334,C
5-NP,88,0,0,335,0,335,G
5-NP,89,0,0,340,0,340,G
5-NP,90,0,0,341,0,341,G
5-NP,91,337,0,0,0,337,A
5-NP,92,338,0,0,0,338,A
5-NP,93,0,0,339,0,339,G
5-NP,94,332,0,1,0,333,A
5-NP,95,0,337,0,0,337,T
5-NP,96,0,0,337,0,337,G
5-NP,97,335,0,0,1,336,A
5-NP,98,0,338,0,0,338,T
5-NP,99,0,336,0,0,336,T
5-NP,100,0,0,338,0,338,G
5-NP,101,337,0,1,0,338,A
5-NP,102,0,337,0,0,337,T
5-NP,103,0,0,336,0,336,G
5-NP,104,1,1,333,0,335,G
5-NP,105,0,0,335,0,335,G
5-NP,106,353,0,0,0,353,A
5-NP,107,0,354,0,0,354,T
5-NP,108,0,355,0,0,355,T
5-NP,109,0,0,355,0,355,G
5-NP,110,0,0,352,1,353,G
5-NP,111,0,1,354,0,355,G
5-NP,112,352,0,1,0,353,A
5-NP,113,0,0,351,0,351,G
5-NP,114,346,1,0,0,347,A
5-NP,115,0,353,0,0,353,T
5-NP,116,0,354,0,0,354,T
5-NP,117,1,0,0,355,356,C
5-NP,118,0,352,0,0,352,T
5-NP,119,360,0,0,0,360,A
5-NP,120,0,0,0,361,361,C
5-NP,121,370,0,0,0,370,A
5-NP,122,0,371,0,0,371,T
5-NP,123,1,0,0,369,370,C
5-NP,124,0,0,0,368,368,C
5-NP,125,370,0,0,0,370,A
5-NP,126,375,0,0,0,375,A
5-NP,127,376,0,0,0,376,A
5-NP,128,0,372,0,0,372,T
5-NP,129,0,0,373,0,373,G
5-NP,130,0,368,0,0,368,T
5-NP,131,0,0,369,0,369,G
5-NP,132,0,0,0,371,371,C
5-NP,133,369,0,0,0,369,A
5-NP,134,0,0,0,370,370,C
5-NP,135,0,368,0,0,368,T
5-NP,136,0,0,384,0,384,G
5-NP,137,390,0,0,0,390,A
5-NP,138,398,0,0,0,398,A
5-NP,139,1,0,0,401,402,C
5-NP,140,0,402,0,0,402,T
5-NP,141,0,402,0,0,402,T
5-NP,142,403,0,0,0,403,A
5-NP,143,401,0,0,0,401,A
5-NP,144,406,0,0,0,406,A
5-NP,145,0,0,0,405,405,C
5-NP,146,0,382,0,0,382,T
5-NP,147,0,0,0,385,385,C
5-NP,148,383,0,0,0,383,A
5-NP,149,0,0,388,0,388,G
5-NP,150,0,387,0,0,387,T
5-NP,151,0,0,392,0,392,G
5-NP,152,399,0,0,0,399,A
5-NP,153,0,400,0,0,400,T
5-NP,154,0,0,0,399,399,C
5-NP,155,401,0,0,0,401,A
5-NP,156,0,400,0,0,400,T
5-NP,157,0,0,399,0,399,G
5-NP,158,393,0,0,0,393,A
5-NP,159,393,0,0,0,393,A
5-NP,160,0,1,397,0,398,G
5-NP,161,0,0,393,0,393,G
5-NP,162,0,0,390,0,390,G
5-NP,163,0,0,0,386,386,C
5-NP,164,0,0,392,0,392,G
5-NP,165,0,0,392,0,392,G
5-NP,166,0,392,0,0,392,T
5-NP,167,0,392,0,0,392,T
5-NP,168,0,0,394,0,394,G
5-NP,169,449,0,0,0,449,A
5-NP,170,0,447,0,1,448,T
5-NP,171,1,1,0,446,448,C
5-NP,172,1,1,0,445,447,C
5-NP,173,445,0,0,0,445,A
5-NP,174,0,0,447,0,447,G
5-NP,175,447,0,0,0,447,A
5-NP,176,448,0,0,0,448,A
5-NP,177,0,0,0,450,450,C
5-NP,178,420,1,1,0,422,A
5-NP,179,0,0,431,0,431,G
5-NP,180,0,0,0,432,432,C
5-NP,181,0,434,0,0,434,T
5-NP,182,0,440,0,0,440,T
5-NP,183,0,0,438,0,438,G
5-NP,184,444,0,0,0,444,A
5-NP,185,0,0,0,447,447,C
5-NP,186,445,0,0,0,445,A
5-NP,187,448,0,0,0,448,A
5-NP,188,0,442,0,0,442,T
5-NP,189,444,0,0,0,444,A
5-NP,190,0,0,447,0,447,G
5-NP,191,445,0,0,0,445,A
5-NP,192,0,0,447,0,447,G
5-NP,193,446,0,0,0,446,A
5-NP,194,460,0,0,0,460,A
5-NP,195,458,0,0,0,458,A
5-NP,196,467,0,0,0,467,A
5-NP,197,0,466,0,0,466,T
5-NP,198,0,0,462,1,463,G
5-NP,199,0,0,461,0,461,G
5-NP,200,0,462,0,0,462,T
5-NP,201,449,0,0,0,449,A
5-NP,202,0,0,0,454,454,C
5-NP,203,0,451,0,0,451,T
5-NP,204,0,0,0,459,459,C
5-NP,205,1,444,0,1,446,T
5-NP,206,0,0,0,450,450,C
5-NP,207,0,448,0,1,449,T
5-NP,208,0,0,454,0,454,G
5-NP,209,0,0,0,458,458,C
5-NP,210,0,453,0,0,453,T
5-NP,211,0,454,0,0,454,T
5-NP,212,0,452,0,0,452,T
5-NP,213,0,452,0,0,452,T
5-NP,214,0,0,453,0,453,G
5-NP,215,451,0,0,0,451,A
5-NP,216,0,447,0,0,447,T
5-NP,217,0,1,448,0,449,G
5-NP,218,448,0,0,0,448,A
5-NP,219,452,0,0,0,452,A
5-NP,220,450,0,0,0,450,A
5-NP,221,0,0,453,0,453,G
5-NP,222,452,0,0,0,452,A
5-NP,223,452,0,2,0,454,A
5-NP,224,0,1,454,0,455,G
5-NP,225,0,0,474,0,474,G
5-NP,226,473,0,0,0,473,A
5-NP,227,477,0,0,0,477,A
5-NP,228,0,477,0,0,477,T
5-NP,229,476,0,0,0,476,A
5-NP,230,472,0,1,0,473,A
5-NP,231,478,0,0,0,478,A
5-NP,232,0,477,0,0,477,T
5-NP,233,476,0,0,0,476,A
5-NP,234,0,0,0,475,475,C
5-NP,235,0,0,0,466,466,C
5-NP,236,0,470,0,1,471,T
5-NP,237,0,0,470,0,470,G
5-NP,238,0,0,481,0,481,G
5-NP,239,481,0,1,0,482,A
5-NP,240,481,0,0,0,481,A
5-NP,241,0,0,485,0,485,G
5-NP,242,482,0,0,0,482,A
5-NP,243,480,0,0,0,480,A
5-NP,244,0,0,0,480,480,C
5-NP,245,482,0,0,0,482,A
5-NP,246,1,0,0,493,494,C
5-NP,247,1,0,0,484,485,C
5-NP,248,0,0,0,491,491,C
5-NP,249,0,1,0,488,489,C
5-NP,250,485,0,0,0,485,A
5-NP,251,0,0,485,0,485,G
5-NP,252,0,1,0,484,485,C
5-NP,253,0,0,484,0,484,G
5-NP,254,1,0,0,484,485,C
5-NP,255,0,1,477,0,478,G
5-NP,256,1,0,482,0,483,G
5-NP,257,2,1,479,0,482,G
5-NP,258,0,0,484,0,484,G
5-NP,259,483,0,0,0,483,A
5-NP,260,482,0,0,0,482,A
5-NP,261,482,0,0,0,482,A
5-NP,262,0,0,486,0,486,G
5-NP,263,483,0,0,0,483,A
5-NP,264,0,480,0,0,480,T
5-NP,265,0,0,0,479,479,C
5-NP,266,0,0,0,482,482,C
5-NP,267,1,0,0,488,489,C
5-NP,268,488,0,0,0,488,A
5-NP,269,486,0,0,0,486,A
5-NP,270,0,0,488,0,488,G
5-NP,271,486,0,0,0,486,A
5-NP,272,489,0,0,1,490,A
5-NP,273,490,0,0,0,490,A
5-NP,274,490,0,0,0,490,A
5-NP,275,0,0,0,490,490,C
5-NP,276,0,486,0,0,486,T
5-NP,277,0,0,485,1,486,G
5-NP,278,0,0,488,0,488,G
5-NP,279,0,0,487,0,487,G
5-NP,280,1,2,483,0,486,G
5-NP,281,0,1,487,1,489,G
5-NP,282,0,0,497,0,497,G
5-NP,283,0,0,0,536,536,C
5-NP,284,0,0,0,535,535,C
5-NP,285,0,0,0,541,541,C
5-NP,286,608,0,0,0,608,A
5-NP,287,0,613,0,0,613,T
5-NP,288,642,0,0,0,642,A
5-NP,289,0,641,0,0,641,T
5-NP,290,638,0,0,0,638,A
5-NP,291,0,0,0,645,645,C
5-NP,292,594,0,0,0,594,A
5-NP,293,0,0,604,0,604,G
5-NP,294,0,0,604,0,604,G
5-NP,295,542,0,0,0,542,A
5-NP,296,0,1,547,0,548,G
5-NP,297,524,0,0,0,524,A
5-NP,298,0,0,527,0,527,G
5-NP,299,0,530,0,0,530,T
5-NP,300,525,0,0,0,525,A
5-NP,301,0,0,525,0,525,G
5-NP,302,521,0,0,0,521,A
5-NP,303,0,522,0,0,522,T
5-NP,304,0,0,520,0,520,G
5-NP,305,0,0,522,1,523,G
5-NP,306,518,0,0,0,518,A
5-NP,307,517,0,0,0,517,A
5-NP,308,518,0,0,0,518,A
5-NP,309,517,0,1,0,518,A
5-NP,310,0,521,0,0,521,T
5-NP,311,1,0,523,0,524,G
5-NP,312,0,1,525,0,526,G
5-NP,313,525,0,0,0,525,A
5-NP,314,0,525,0,0,525,T
5-NP,315,0,0,526,0,526,G
5-NP,316,526,1,0,0,527,A
5-NP,317,0,0,528,0,528,G
5-NP,318,0,1,528,0,529,G
5-NP,319,1,1,543,0,545,G
5-NP,320,624,1,0,0,625,A
5-NP,321,636,1,0,0,637,A
5-NP,322,0,1,0,713,714,C
5-NP,323,1,713,0,0,714,T
5-NP,324,0,0,0,784,784,C
5-NP,325,0,0,859,0,859,G
5-NP,326,0,894,0,0,894,T
5-NP,327,0,0,0,927,927,C
5-NP,328,1,0,0,1471,1472,C
5-NP,329,0,1476,0,0,1476,T
5-NP,330,0,1511,0,0,1511,T
5-NP,331,0,1507,0,1,1508,T
5-NP,332,1538,0,0,0,1538,A
5-NP,333,0,1556,0,0,1556,T
5-NP,334,0,4,1554,0,1558,G
5-NP,335,1609,0,1,0,1610,A
5-NP,336,0,0,0,1618,1618,C
5-NP,337,1609,0,1,0,1610,A
5-NP,338,1623,1,0,0,1624,A
5-NP,339,1650,0,0,0,1650,A
5-NP,340,0,2,1905,0,1907,G
5-NP,341,1902,0,0,0,1902,A
5-NP,342,1913,0,0,0,1913,A
5-NP,343,1,3,2202,0,2206,G
5-NP,344,2248,0,1,0,2249,A
5-NP,345,2266,1,1,0,2268,A
5-NP,346,2271,0,0,0,2271,A
5-NP,347,0,2272,0,1,2273,T
5-NP,348,2273,0,1,0,2274,A
5-NP,349,2297,1,1,1,2300,A
5-NP,350,0,16,2338,0,2354,G
5-NP,351,0,1,2350,0,2351,G
5-NP,352,0,1,0,2344,2345,C
5-NP,353,1,3,2345,0,2349,G
5-NP,354,2370,0,0,0,2370,A
5-NP,355,2463,1,0,0,2464,A
5-NP,356,0,2481,0,0,2481,T
5-NP,357,0,0,0,2481,2481,C
5-NP,358,0,2481,0,2,2483,T
5-NP,359,1,3,2489,0,2493,G
5-NP,360,3,0,2509,0,2512,G
5-NP,361,0,0,0,2521,2521,C
5-NP,362,2,0,2519,1,2522,G
5-NP,363,0,0,0,2537,2537,C
5-NP,364,2,1,1,2529,2533,C
5-NP,365,2551,1,0,0,2552,A
5-NP,366,2665,0,0,0,2665,A
5-NP,367,0,0,2844,1,2845,G
5-NP,368,1,1,0,2849,2851,C
5-NP,369,0,0,0,2942,2942,C
5-NP,370,2957,0,2,0,2959,A
5-NP,371,3062,0,1,0,3063,A
5-NP,372,0,1,0,3149,3150,C
5-NP,373,3155,1,0,0,3156,A
5-NP,374,3309,0,2,0,3311,A
5-NP,375,0,3334,0,0,3334,T
5-NP,376,0,4,3527,0,3531,G
5-NP,377,0,3,3531,0,3534,G
5-NP,378,0,3524,0,0,3524,T
5-NP,379,0,5,3540,0,3545,G
5-NP,380,3537,1,3,0,3541,A
5-NP,381,0,2,3783,0,3785,G
5-NP,382,0,6,3785,0,3791,G
5-NP,383,3879,2,2,0,3883,A
5-NP,384,1,4588,1,1,4591,T
5-NP,385,0,1,4731,0,4732,G
5-NP,386,1,0,0,4753,4754,C
5-NP,387,0,4769,1,3,4773,T
5-NP,388,4831,2,0,0,4833,A
5-NP,389,1,0,0,5012,5013,C
5-NP,390,5043,3,2,0,5048,A
5-NP,391,0,5052,0,1,5053,T
5-NP,392,1,1,1,5027,5030,C
5-NP,393,0,4933,0,3,4936,T
5-NP,394,1,1,5276,0,5278,G
5-NP,395,2,1,5445,1,5449,G
5-NP,396,4,5445,0,9,5458,T
5-NP,397,5,0,0,5468,5473,C
5-NP,398,0,5456,0,1,5457,T
5-NP,399,5601,0,2,0,5603,A
5-NP,400,5610,2,3,0,5615,A
5-NP,401,3,0,0,5685,5688,C
5-NP,402,1,5693,0,3,5697,T
5-NP,403,5,0,0,5796,5801,C
5-NP,404,5814,1,4,0,5819,A
5-NP,405,1,1,1,6199,6202,C
5-NP,406,6197,2,2,0,6201,A
5-NP,407,0,6227,0,1,6228,T
5-NP,408,6199,0,4,0,6203,A
5-NP,409,6240,0,3,0,6243,A
5-NP,410,1,6309,0,0,6310,T
5-NP,411,0,7,6399,0,6406,G
5-NP,412,6395,0,0,0,6395,A
5-NP,413,1,6358,2,2,6363,T
5-NP,414,3,6300,1,3,6307,T
5-NP,415,0,6318,0,3,6321,T
5-NP,416,5,2,6298,1,6306,G
5-NP,417,3,1,6315,0,6319,G
5-NP,418,1,2,0,6327,6330,C
5-NP,419,6321,0,4,0,6325,A
5-NP,420,1,6322,1,4,6328,T
5-NP,421,1,6312,2,10,6325,T
5-NP,422,1,1,0,6324,6326,C
5-NP,423,7,1,0,6348,6356,C
5-NP,424,6500,2,3,0,6505,A
5-NP,425,6504,1,4,0,6509,A
5-NP,426,0,6510,0,0,6510,T
5-NP,427,0,6512,0,2,6514,T
5-NP,428,1,6504,0,2,6507,T
5-NP,429,1,11,6655,0,6667,G
5-NP,430,6652,0,2,0,6654,A
5-NP,431,6671,0,1,1,6673,A
5-NP,432,2,6720,0,5,6727,T
5-NP,433,205,4,6503,1,6713,G
5-NP,434,7074,1,3,0,7078,A
5-NP,435,1,7079,2,10,7092,T
5-NP,436,3,1,7126,1,7131,G
5-NP,437,2,3,0,7406,7411,C
5-NP,438,7366,2,4,0,7372,A
5-NP,439,7806,0,6,0,7812,A
5-NP,440,1,1,0,7826,7828,C
5-NP,441,8000,1,0,0,8001,A
5-NP,442,0,8232,0,4,8236,T
5-NP,443,8137,1,6,0,8144,A
5-NP,444,1,2,1,8324,8328,C
5-NP,445,4,3,0,8304,8311,C
5-NP,446,8210,4,4,0,8218,A
5-NP,447,1,2,8338,0,8341,G
5-NP,448,8207,0,10,0,8217,A
5-NP,449,1,8,8442,0,8451,G
5-NP,450,0,3,8477,0,8480,G
5-NP,451,8412,2,13,0,8427,A
5-NP,452,0,1,0,8494,8495,C
5-NP,453,8417,1,7,1,8426,A
5-NP,454,8421,1,6,0,8428,A
5-NP,455,0,9,8442,0,8451,G
5-NP,456,8388,1,10,0,8399,A
5-NP,457,0,3,8464,0,8467,G
5-NP,458,1,1,0,8483,8485,C
5-NP,459,2,8423,0,15,8440,T
5-NP,460,5,2,0,8495,8502,C
5-NP,461,3,8468,0,6,8477,T
5-NP,462,0,8528,2,5,8535,T
5-NP,463,0,4,8570,0,8574,G
5-NP,464,1,8541,0,4,8546,T
5-NP,465,0,8548,2,4,8554,T
5-NP,466,7,1,0,8508,8516,C
5-NP,467,3,5,8531,2,8541,G
5-NP,468,8724,3,4,1,8732,A
5-NP,469,8726,4,0,0,8730,A
5-NP,470,2,1,0,8796,8799,C
5-NP,471,1,8761,1,6,8769,T
5-NP,472,0,4,8937,1,8942,G
5-NP,473,1,7,8971,0,8979,G
5-NP,474,8974,6,4,0,8984,A
5-NP,475,8986,0,14,0,9000,A
5-NP,476,1,8983,0,3,8987,T
5-NP,477,5,3,8997,2,9007,G
5-NP,478,1,8,9021,1,9031,G
5-NP,479,9119,0,5,0,9124,A
5-NP,480,2,9231,1,2,9236,T
5-NP,481,5,2,0,9288,9295,C
5-NP,482,10,4,1,9266,9281,C
5-NP,483,7,2,0,9334,9343,C
5-NP,484,9420,2,2,0,9424,A
5-NP,485,0,5,9534,0,9539,G
5-NP,486,9538,3,0,0,9541,A
5-NP,487,9537,0,1,2,9540,A
5-NP,488,0,9458,1,1,9460,T
5-NP,489,3,1,9596,0,9600,G
5-NP,490,3,9541,2,9,9555,T
5-NP,491,3,3,9605,0,9611,G
5-NP,492,1,1,1,9607,9610,C
5-NP,493,0,9552,3,8,9563,T
5-NP,494,4,0,0,10303,10307,C
5-NP,495,2,10228,2,7,10239,T
5-NP,496,5,0,0,10757,10762,C
5-NP,497,1,10739,1,2,10743,T
5-NP,498,1,5,10756,1,10763,G
5-NP,499,10882,1,7,1,10891,A
5-NP,500,1,10847,0,3,10851,T
5-NP,501,1,1,10861,0,10863,G
5-NP,502,2,1,0,10845,10848,C
5-NP,503,10532,1,6,1,10540,A
5-NP,504,0,8,10886,1,10895,G
5-NP,505,2,3,10702,0,10707,G
5-NP,506,1,1,10995,0,10997,G
5-NP,507,0,2,0,10990,10992,C
5-NP,508,3,10909,1,12,10925,T
5-NP,509,6,0,0,10919,10925,C
5-NP,510,10763,2,5,1,10771,A
5-NP,511,10994,1,5,1,11001,A
5-NP,512,3,0,1,11000,11004,C
5-NP,513,3,10969,1,7,10980,T
5-NP,514,10,1,0,11391,11402,C
5-NP,515,0,11237,1,5,11243,T
5-NP,516,7,3,0,12493,12503,C
5-NP,517,9,1,2,12504,12516,C
5-NP,518,10,2,0,12504,12516,C
5-NP,519,0,12504,0,5,12509,T
5-NP,520,12477,2,5,0,12484,A
5-NP,521,0,6,12469,0,12475,G
5-NP,522,12440,1,5,1,12447,A
5-NP,523,12216,1,4,0,12221,A
5-NP,524,0,12,12273,0,12285,G
5-NP,525,5,1,12214,1,12221,G
5-NP,526,0,12095,1,8,12104,T
5-NP,527,4,1,0,12089,12094,C
5-NP,528,3,4,0,12096,12103,C
5-NP,529,2,4,12096,0,12102,G
5-NP,530,4,5,12223,1,12233,G
5-NP,531,12201,2,6,0,12209,A
5-NP,532,2,2,12351,0,12355,G
5-NP,533,0,4,0,12395,12399,C
5-NP,534,0,12239,1,17,12257,T
5-NP,535,2,1,12286,1,12290,G
5-NP,536,0,1,0,12324,12325,C
5-NP,537,12214,8,90,1,12313,A
5-NP,538,4,5,12334,1,12344,G
5-NP,539,0,6,12396,1,12403,G
5-NP,540,0,12385,0,4,12389,T
5-NP,541,1,5,12290,0,12296,G
5-NP,542,3,3,1,12335,12342,C
5-NP,543,3,12293,0,12,12308,T
5-NP,544,6,1,12310,2,12319,G
5-NP,545,3,4,1,12317,12325,C
5-NP,546,12488,2,7,1,12498,A
5-NP,547,0,1,12714,0,12715,G
5-NP,548,0,12601,0,6,12607,T
5-NP,549,12,0,1,12633,12646,C
5-NP,550,12649,1,5,1,12656,A
5-NP,551,12670,4,9,1,12684,A
5-NP,552,12635,1,21,3,12660,A
5-NP,553,1,4,12696,1,12702,G
5-NP,554,3,10,12761,0,12774,G
5-NP,555,12729,2,5,1,12737,A
5-NP,556,12634,2,4,1,12641,A
5-NP,557,0,12623,0,5,12628,T
5-NP,558,13,6,1,12589,12609,C
5-NP,559,7,16,12586,0,12609,G
5-NP,560,3,9,12940,0,12952,G
5-NP,561,4,6,12963,0,12973,G
5-NP,562,12940,3,7,1,12951,A
5-NP,563,1,0,2,12978,12981,C
5-NP,564,12853,0,2,2,12857,A
5-NP,565,13132,0,12,1,13145,A
5-NP,566,1,13162,0,6,13169,T
5-NP,567,1,8,13246,3,13258,G
5-NP,568,4,7,13595,0,13606,G
5-NP,569,1,13525,1,10,13537,T
5-NP,570,1,15,13592,0,13608,G
5-NP,571,13590,4,6,1,13601,A
5-NP,572,1,13545,2,9,13557,T
5-NP,573,5,13,13558,0,13576,G
5-NP,574,5,16,13653,0,13674,G
5-NP,575,13607,3,12,0,13622,A
5-NP,576,13627,1,5,0,13633,A
5-NP,577,2,1,0,13603,13606,C
5-NP,578,1,13217,0,1,13219,T
5-NP,579,5,6,13927,0,13938,G
5-NP,580,13910,7,5,1,13923,A
5-NP,581,2,13916,0,3,13921,T
5-NP,582,11,0,0,13948,13959,C
5-NP,583,13737,5,0,1,13743,A
5-NP,584,140,6,13997,3,14146,G
5-NP,585,14090,2,4,0,14096,A
5-NP,586,14112,2,6,2,14122,A
5-NP,587,4,14119,0,5,14128,T
5-NP,588,9,11,13781,0,13801,G
5-NP,589,1,5,13943,3,13952,G
5-NP,590,4,13937,1,12,13954,T
5-NP,591,15,5,1,13941,13962,C
5-NP,592,13957,3,4,1,13965,A
5-NP,593,13911,3,6,1,13921,A
5-NP,594,13929,1,5,0,13935,A
5-NP,595,3,2,0,13950,13955,C
5-NP,596,2,16,13878,0,13896,G
5-NP,597,7,13,13963,0,13983,G
5-NP,598,11,14,13816,3,13844,G
5-NP,599,74,14,13833,0,13921,G
5-NP,600,11,6,13911,0,13928,G
5-NP,601,13943,3,10,1,13957,A
5-NP,602,2,13856,0,12,13870,T
5-NP,603,17,3,0,13871,13891,C
5-NP,604,13892,1,10,1,13904,A
5-NP,605,13907,0,6,1,13914,A
5-NP,606,1,10,2,13766,13779,C
5-NP,607,5,9,13705,0,13719,G
5-NP,608,13699,7,3,0,13709,A
5-NP,609,0,13674,0,4,13678,T
5-NP,610,10,2,1,13666,13679,C
5-NP,611,1,8,13698,1,13708,G
5-NP,612,13685,4,2,1,13692,A
5-NP,613,13676,0,5,1,13682,A
5-NP,614,13668,1,3,2,13674,A
5-NP,615,5,13787,1,3,13796,T
5-NP,616,1,13773,3,4,13781,T
5-NP,617,1,13750,1,3,13755,T
5-NP,618,0,13841,0,1,13842,T
5-NP,619,2,13855,1,3,13861,T
5-NP,620,5,5,13904,2,13916,G
5-NP,621,3,8,13902,2,13915,G
5-NP,622,13824,2,12,0,13838,A
5-NP,623,0,6,13926,0,13932,G
5-NP,624,13746,0,4,2,13752,A
5-NP,625,3,12,14425,1,14441,G
5-NP,626,1,47,14454,0,14502,G
5-NP,627,2,14476,1,7,14486,T
5-NP,628,5,12,14522,1,14540,G
5-NP,629,14515,5,18,1,14539,A
5-NP,630,2,11,14627,0,14640,G
5-NP,631,14599,0,10,0,14609,A
5-NP,632,14576,3,7,1,14587,A
5-NP,633,2,14540,0,2,14544,T
5-NP,634,1,21,13989,3,14014,G
5-NP,635,259,11,13629,0,13899,G
5-NP,636,3,7,13925,0,13935,G
5-NP,637,5,7,0,13854,13866,C
5-NP,638,4,8,13896,0,13908,G
5-NP,639,3,6,13966,2,13977,G
5-NP,640,13938,3,6,0,13947,A
5-NP,641,13948,3,4,1,13956,A
5-NP,642,14180,2,6,0,14188,A
5-NP,643,14226,2,16,7,14251,A
5-NP,644,2,1,0,14359,14362,C
5-NP,645,14319,0,4,1,14324,A
5-NP,646,14299,4,7,0,14310,A
5-NP,647,2,13,14301,0,14316,G
5-NP,648,13931,1,7,2,13941,A
5-NP,649,14006,1,1,1,14009,A
5-NP,650,0,1,14335,1,14337,G
5-NP,651,1,14299,3,3,14306,T
5-NP,652,3,6,15036,2,15047,G
5-NP,653,0,2,2,14961,14965,C
5-NP,654,2,14982,3,11,14998,T
5-NP,655,1,15050,1,6,15058,T
5-NP,656,15251,2,3,0,15256,A
5-NP,657,4,15250,2,4,15260,T
5-NP,658,2,14,15323,1,15340,G
5-NP,659,14963,5,21,1,14990,A
5-NP,660,3,11,15031,2,15047,G
5-NP,661,14316,2,37,1,14356,A
5-NP,662,0,11,14448,0,14459,G
5-NP,663,14427,2,1,0,14430,A
5-NP,664,14536,3,5,1,14545,A
5-NP,665,2,14448,1,2,14453,T
5-NP,666,8,1,14623,0,14632,G
5-NP,667,1,14530,2,17,14550,T
5-NP,668,7,5,14572,3,14587,G
5-NP,669,7,3,4,14527,14541,C
5-NP,670,14522,1,4,0,14527,A
5-NP,671,14571,2,6,1,14580,A
5-NP,672,0,3,0,14535,14538,C
5-NP,673,14415,1,5,0,14421,A
5-NP,674,0,14425,0,2,14427,T
5-NP,675,3,14268,1,11,14283,T
5-NP,676,10,2,0,14329,14341,C
5-NP,677,1,14267,2,3,14273,T
5-NP,678,1,14283,1,3,14288,T
5-NP,679,14320,4,2,1,14327,A
5-NP,680,14263,1,1,0,14265,A
5-NP,681,14263,0,3,0,14266,A
5-NP,682,2,3,14262,0,14267,G
5-NP,683,3,12,14209,2,14226,G
5-NP,684,14205,2,5,2,14214,A
5-NP,685,14175,2,3,0,14180,A
5-NP,686,14166,1,6,2,14175,A
5-NP,687,14379,3,3,0,14385,A
5-NP,688,1,14196,1,134,14332,T
5-NP,689,1,14336,1,3,14341,T
5-NP,690,4,14402,1,2,14409,T
5-NP,691,9,2,0,14408,14419,C
5-NP,692,14417,0,5,1,14423,A
5-NP,693,14408,0,4,1,14413,A
5-NP,694,14403,1,8,1,14413,A
5-NP,695,3,1,0,14585,14589,C
5-NP,696,14396,3,4,0,14403,A
5-NP,697,0,1,14711,0,14712,G
5-NP,698,1,1,1,14707,14710,C
5-NP,699,1,14710,1,9,14721,T
5-NP,700,3,1,14984,2,14990,G
5-NP,701,4,10,0,14965,14979,C
5-NP,702,15089,3,18,1,15111,A
5-NP,703,2,2,0,15103,15107,C
5-NP,704,14969,1,2,1,14973,A
5-NP,705,15003,3,17,2,15025,A
5-NP,706,14643,0,13,0,14656,A
5-NP,707,2,14,15295,1,15312,G
5-NP,708,15235,0,21,0,15256,A
5-NP,709,8,2,15330,0,15340,G
5-NP,710,4,1,1,15268,15274,C
5-NP,711,15296,2,4,2,15304,A
5-NP,712,15784,1,13,2,15800,A
5-NP,713,2,15797,0,3,15802,T
5-NP,714,4,18,15815,1,15838,G
5-NP,715,4,2,15940,0,15946,G
5-NP,716,4,15452,1,9,15466,T
5-NP,717,3,7,15460,2,15472,G
5-NP,718,1,10,15572,0,15583,G
5-NP,719,15497,4,102,1,15604,A
5-NP,720,4,15537,1,6,15548,T
5-NP,721,13,4,2,15101,15120,C
5-NP,722,15196,1,3,1,15201,A
5-NP,723,15423,1,8,0,15432,A
5-NP,724,1,3,15465,2,15471,G
5-NP,725,4,15310,4,3,15321,T
5-NP,726,1,12,15323,0,15336,G
5-NP,727,15115,1,20,1,15137,A
5-NP,728,1,10,15207,1,15219,G
5-NP,729,15177,1,13,0,15191,A
5-NP,730,2,9,15190,1,15202,G
5-NP,731,15090,5,9,1,15105,A
5-NP,732,14812,0,5,1,14818,A
5-NP,733,14855,2,14,0,14871,A
5-NP,734,3,0,14966,2,14971,G
5-NP,735,1,14905,1,4,14911,T
5-NP,736,12,4,0,14879,14895,C
5-NP,737,18,11,14824,0,14853,G
5-NP,738,8,11,14876,1,14896,G
5-NP,739,14892,3,7,1,14903,A
5-NP,740,14974,1,11,0,14986,A
5-NP,741,9,3,2,15029,15043,C
5-NP,742,17,3,2,14898,14920,C
5-NP,743,11,0,2,14999,15012,C
5-NP,744,14993,2,12,0,15007,A
5-NP,745,4,7,15056,0,15067,G
5-NP,746,3,5,15078,2,15088,G
5-NP,747,15032,5,2,0,15039,A
5-NP,748,15040,3,5,1,15049,A
5-NP,749,14983,1,9,1,14994,A
5-NP,750,1,6,1,15015,15023,C
5-NP,751,6,3,15008,1,15018,G
5-NP,752,5,0,0,14989,14994,C
5-NP,753,6,14953,0,8,14967,T
5-NP,754,1,8,14968,2,14979,G
5-NP,755,14941,2,9,2,14954,A
5-NP,756,4,10,15154,2,15170,G
5-NP,757,15180,1,5,0,15186,A
5-NP,758,1,15157,0,5,15163,T
5-NP,759,12,5,0,14961,14978,C
5-NP,760,4,6,15005,2,15017,G
5-NP,761,15025,4,2,0,15031,A
5-NP,762,14992,3,7,2,15004,A
5-NP,763,0,2,15056,0,15058,G
5-NP,764,15078,1,3,0,15082,A
5-NP,765,5,14926,1,7,14939,T
5-NP,766,7,3,0,15076,15086,C
5-NP,767,1,15058,0,22,15081,T
5-NP,768,13,5,1,15153,15172,C
5-NP,769,15212,0,4,0,15216,A
5-NP,770,4,15205,0,0,15209,T
5-NP,771,15237,0,1,0,15238,A
5-NP,772,1,15195,0,5,15201,T
5-NP,773,1,15114,0,3,15118,T
5-NP,774,2,15055,2,3,15062,T
5-NP,775,3,14913,1,2,14919,T
5-NP,776,0,14946,1,2,14949,T
5-NP,777,14988,2,6,2,14998,A
5-NP,778,2,0,14989,1,14992,G
5-NP,779,1,5,0,14992,14998,C
5-NP,780,14911,3,5,1,14920,A
5-NP,781,14876,4,6,3,14889,A
5-NP,782,2,6,15420,2,15430,G
5-NP,783,15413,2,5,3,15423,A
5-NP,784,2,15424,1,5,15432,T
5-NP,785,3,2,2,15530,15537,C
5-NP,786,3,15495,1,8,15507,T
5-NP,787,3,4,15961,0,15968,G
5-NP,788,2,4,2,15986,15994,C
5-NP,789,16016,2,5,1,16024,A
5-NP,790,3,16181,2,6,16192,T
5-NP,791,4,15642,2,4,15652,T
5-NP,792,3,8,16704,0,16715,G
5-NP,793,17021,3,19,2,17045,A
5-NP,794,5,17033,0,4,17042,T
5-NP,795,17085,1,6,2,17094,A
5-NP,796,2,16733,1,3,16739,T
5-NP,797,2,16617,1,3,16623,T
5-NP,798,2,21,16704,0,16727,G
5-NP,799,16527,4,10,2,16543,A
5-NP,800,2,8,16680,0,16690,G
5-NP,801,15756,3,14,1,15774,A
5-NP,802,4,9,15451,1,15465,G
5-NP,803,1,12,15704,2,15719,G
5-NP,804,15679,2,9,1,15691,A
5-NP,805,4,15656,1,6,15667,T
5-NP,806,12,2,2,15697,15713,C
5-NP,807,15618,3,5,2,15628,A
5-NP,808,1,2,15693,1,15697,G
5-NP,809,1,15606,0,5,15612,T
5-NP,810,1,15517,0,2,15520,T
5-NP,811,4,5,15491,1,15501,G
5-NP,812,4,1,1,15356,15362,C
5-NP,813,2,15342,0,24,15368,T
5-NP,814,18,1,1,15449,15469,C
5-NP,815,15494,1,8,0,15503,A
5-NP,816,5,2,0,15508,15515,C
5-NP,817,15479,1,6,2,15488,A
5-NP,818,15583,0,4,0,15587,A
5-NP,819,15613,3,3,0,15619,A
5-NP,820,2,15585,1,3,15591,T
5-NP,821,6,4,0,15589,15599,C
5-NP,822,2,15586,1,13,15602,T
5-NP,823,2,15540,0,8,15550,T
5-NP,824,6,1,15607,1,15615,G
5-NP,825,1,8,2,15601,15612,C
5-NP,826,15,2,0,15839,15856,C
5-NP,827,3,15784,2,14,15803,T
5-NP,828,15895,3,1,1,15900,A
5-NP,829,11,1,1,15863,15876,C
5-NP,830,11,2,0,15861,15874,C
5-NP,831,5,15836,2,13,15856,T
5-NP,832,2,5,16139,1,16147,G
5-NP,833,4,5,1,16095,16105,C
5-NP,834,6,9,3,16101,16119,C
5-NP,835,2,15848,0,16,15866,T
5-NP,836,2,2,16075,0,16079,G
5-NP,837,6,15986,0,7,15999,T
5-NP,838,2,2,16211,0,16215,G
5-NP,839,5,5,1,16324,16335,C
5-NP,840,4,1,16618,2,16625,G
5-NP,841,2,16394,2,7,16405,T
5-NP,842,16359,4,5,2,16370,A
5-NP,843,0,16367,1,12,16380,T
5-NP,844,5,9,16362,2,16378,G
5-NP,845,4,17,17198,0,17219,G
5-NP,846,17165,2,7,0,17174,A
5-NP,847,3,5,1,16898,16907,C
5-NP,848,12,2,0,16904,16918,C
5-NP,849,4,16610,3,20,16637,T
5-NP,850,6,3,17543,2,17554,G
5-NP,851,4,7,0,17562,17573,C
5-NP,852,17594,1,14,0,17609,A
5-NP,853,2,5,17947,1,17955,G
5-NP,854,1,17010,0,5,17016,T
5-NP,855,17768,1,4,2,17775,A
5-NP,856,4,17672,0,13,17689,T
5-NP,857,6,5,1,17644,17656,C
5-NP,858,10,3,1,17663,17677,C
5-NP,859,16856,3,3,1,16863,A
5-NP,860,2,2,16955,1,16960,G
5-NP,861,1,16878,1,3,16883,T
5-NP,862,1,27,17101,0,17129,G
5-NP,863,3,14,17062,1,17080,G
5-NP,864,5,11,16734,0,16750,G
5-NP,865,1,16716,0,11,16728,T
5-NP,866,16684,3,4,0,16691,A
5-NP,867,1,0,1,16661,16663,C
5-NP,868,3,18,16597,1,16619,G
5-NP,869,16556,2,6,0,16564,A
5-NP,870,4,1,0,16583,16588,C
5-NP,871,1,16168,0,2,16171,T
5-NP,872,7,16171,0,2,16180,T
5-NP,873,12,5,0,16142,16159,C
5-NP,874,4,7,16161,1,16173,G
5-NP,875,16161,1,19,1,16182,A
5-NP,876,16149,1,8,0,16158,A
5-NP,877,16195,1,4,0,16200,A
5-NP,878,16178,1,4,0,16183,A
5-NP,879,16130,2,9,1,16142,A
5-NP,880,1,12,16209,0,16222,G
5-NP,881,16142,2,29,2,16175,A
5-NP,882,2,10,16305,1,16318,G
5-NP,883,1,12,16432,2,16447,G
5-NP,884,7,8,16459,4,16478,G
5-NP,885,16506,1,9,1,16517,A
5-NP,886,3,16512,0,9,16524,T
5-NP,887,16577,1,4,0,16582,A
5-NP,888,3,16533,0,6,16542,T
5-NP,889,1,16670,2,8,16681,T
5-NP,890,13,1,0,16752,16766,C
5-NP,891,12,4,2,16620,16638,C
5-NP,892,4,16418,1,0,16423,T
5-NP,893,4,16417,0,3,16424,T
5-NP,894,0,5,16617,1,16623,G
5-NP,895,3,6,16709,2,16720,G
5-NP,896,3,16625,0,9,16637,T
5-NP,897,20,15,16525,2,16562,G
5-NP,898,5,5,16500,1,16511,G
5-NP,899,7,15,17376,0,17398,G
5-NP,900,17382,4,7,1,17394,A
5-NP,901,17411,3,5,1,17420,A
5-NP,902,2,17412,3,2,17419,T
5-NP,903,17114,3,8,2,17127,A
5-NP,904,1,15,17112,0,17128,G
5-NP,905,16993,4,19,0,17016,A
5-NP,906,8,4,1,16960,16973,C
5-NP,907,17,2,0,16815,16834,C
5-NP,908,27,2,0,16267,16296,C
5-NP,909,2,16472,0,26,16500,T
5-NP,910,4,16500,0,7,16511,T
5-NP,911,2,16505,0,7,16514,T
5-NP,912,7,23,1,16515,16546,C
5-NP,913,16496,2,3,2,16503,A
5-NP,914,16505,2,10,3,16520,A
5-NP,915,16474,1,6,1,16482,A
5-NP,916,6,3,1,16496,16506,C
5-NP,917,1,16063,2,5,16071,T
5-NP,918,15967,3,6,1,15977,A
5-NP,919,5,1,1,16158,16165,C
5-NP,920,4,16082,1,14,16101,T
5-NP,921,6,16086,0,6,16098,T
5-NP,922,9,6,1,16133,16149,C
5-NP,923,16116,1,7,1,16125,A
5-NP,924,16122,0,2,2,16126,A
5-NP,925,16074,2,1,0,16077,A
5-NP,926,16080,0,10,0,16090,A
5-NP,927,3,15989,2,2,15996,T
5-NP,928,15755,4,9,2,15770,A
5-NP,929,2,6,15979,3,15990,G
5-NP,930,4,5,0,16042,16051,C
5-NP,931,11,2,0,16256,16269,C
5-NP,932,16292,1,3,1,16297,A
5-NP,933,16317,2,1,2,16322,A
5-NP,934,16851,3,7,1,16862,A
5-NP,935,2,16877,0,3,16882,T
5-NP,936,16968,2,4,0,16974,A
5-NP,937,1,16962,1,5,16969,T
5-NP,938,16701,2,9,1,16713,A
5-NP,939,4,4,1,16730,16739,C
5-NP,940,16344,8,6,3,16361,A
5-NP,941,3,3,16809,1,16816,G
5-NP,942,4,3,0,16755,16762,C
5-NP,943,1,16255,2,14,16272,T
5-NP,944,4,16428,1,2,16435,T
5-NP,945,16541,5,1,0,16547,A
5-NP,946,16542,3,3,2,16550,A
5-NP,947,1,16544,0,2,16547,T
5-NP,948,14,3,1,16518,16536,C
5-NP,949,15975,2,12,1,15990,A
5-NP,950,4,10,16130,2,16146,G
5-NP,951,16139,3,18,3,16163,A
5-NP,952,6,3,0,16235,16244,C
5-NP,953,13,2,1,16099,16115,C
5-NP,954,1,15911,1,9,15922,T
5-NP,955,16059,0,5,3,16067,A
5-NP,956,16060,3,2,0,16065,A
5-NP,957,1,3,1,16122,16127,C
5-NP,958,3,18,16107,0,16128,G
5-NP,959,15834,0,7,0,15841,A
5-NP,960,2,7,15863,1,15873,G
5-NP,961,15724,2,7,0,15733,A
5-NP,962,15898,3,5,0,15906,A
5-NP,963,4,15847,0,7,15858,T
5-NP,964,7,5,1,15684,15697,C
5-NP,965,4,3,0,15737,15744,C
5-NP,966,15555,1,11,1,15568,A
5-NP,967,5,2,15646,2,15655,G
5-NP,968,2,2,0,15642,15646,C
5-NP,969,15796,3,7,1,15807,A
5-NP,970,1,5,0,15897,15903,C
5-NP,971,15724,6,7,0,15737,A
5-NP,972,3,5,1,15744,15753,C
5-NP,973,15706,1,15,4,15726,A
5-NP,974,15793,2,11,0,15806,A
5-NP,975,2,15,15853,0,15870,G
5-NP,976,15648,0,12,1,15661,A
5-NP,977,3,3,15720,0,15726,G
5-NP,978,1,15429,0,12,15442,T
5-NP,979,14,4,1,15402,15421,C
5-NP,980,15381,2,14,0,15397,A
5-NP,981,3,6,15402,0,15411,G
5-NP,982,4,0,0,15384,15388,C
5-NP,983,3,15229,1,7,15240,T
5-NP,984,3,6,15493,1,15503,G
5-NP,985,1,2,15623,0,15626,G
5-NP,986,5,15522,1,3,15531,T
5-NP,987,2,0,15638,1,15641,G
5-NP,988,3,15496,0,5,15504,T
5-NP,989,3,12,15486,2,15503,G
5-NP,990,1,6,15463,0,15470,G
5-NP,991,15405,2,8,1,15416,A
5-NP,992,5,15435,1,11,15452,T
5-NP,993,4,9,14879,1,14893,G
5-NP,994,4,0,14827,0,14831,G
5-NP,995,1,4,1,14780,14786,C
5-NP,996,14705,1,5,0,14711,A
5-NP,997,0,14697,2,9,14708,T
5-NP,998,3,5,14618,0,14626,G
5-NP,999,6,5,1,14758,14770,C
5-NP,1000,13,1,2,14764,14780,C
5-NP,1001,14835,1,3,0,14839,A
5-NP,1002,1,14767,0,8,14776,T
5-NP,1003,5,14610,0,7,14622,T
5-NP,1004,6,1,1,14694,14702,C
5-NP,1005,0,14533,1,4,14538,T
5-NP,1006,2,2,14530,0,14534,G
5-NP,1007,6,1,0,14501,14508,C
5-NP,1008,3,14184,0,7,14194,T
5-NP,1009,5,1,14244,0,14250,G
5-NP,1010,6,1,1,14070,14078,C
5-NP,1011,14102,2,4,0,14108,A
5-NP,1012,2,14075,2,20,14099,T
5-NP,1013,3,13996,4,4,14007,T
5-NP,1014,1,14023,1,2,14027,T
5-NP,1015,2,7,14001,2,14012,G
5-NP,1016,13986,3,11,1,14001,A
5-NP,1017,13972,2,19,3,13996,A
5-NP,1018,0,11,14074,0,14085,G
5-NP,1019,14007,3,4,0,14014,A
5-NP,1020,1,13943,0,6,13950,T
5-NP,1021,1,13949,0,2,13952,T
5-NP,1022,3,13959,1,1,13964,T
5-NP,1023,13935,3,10,0,13948,A
5-NP,1024,13961,3,6,0,13970,A
5-NP,1025,2,6,13965,1,13974,G
5-NP,1026,13943,2,1,0,13946,A
5-NP,1027,2,13912,1,1,13916,T
5-NP,1028,0,13637,0,1,13638,T
5-NP,1029,3,1,13719,1,13724,G
5-NP,1030,1,13699,0,19,13719,T
5-NP,1031,1,13705,0,5,13711,T
5-NP,1032,13704,2,7,0,13713,A
5-NP,1033,13746,4,8,2,13760,A
5-NP,1034,2,3,13776,1,13782,G
5-NP,1035,5,1,0,13794,13800,C
5-NP,1036,3,13450,1,58,13512,T
5-NP,1037,4,13540,2,4,13550,T
5-NP,1038,8,2,0,13557,13567,C
5-NP,1039,13556,2,11,0,13569,A
5-NP,1040,3,13538,0,4,13545,T
5-NP,1041,6,2,0,13562,13570,C
5-NP,1042,13325,2,3,0,13330,A
5-NP,1043,2,10,13317,1,13330,G
5-NP,1044,13121,1,24,1,13147,A
5-NP,1045,4,15,13144,2,13165,G
5-NP,1046,3,14,13093,2,13112,G
5-NP,1047,4,10,13049,4,13067,G
5-NP,1048,13051,3,17,0,13071,A
5-NP,1049,1,2,1,13069,13073,C
5-NP,1050,13082,0,3,0,13085,A
5-NP,1051,13115,1,3,1,13120,A
5-NP,1052,13099,1,7,0,13107,A
5-NP,1053,13127,1,8,1,13137,A
5-NP,1054,2,2,13187,0,13191,G
5-NP,1055,0,12800,0,4,12804,T
5-NP,1056,12706,1,3,0,12710,A
5-NP,1057,0,12656,0,8,12664,T
5-NP,1058,6,1,1,12664,12672,C
5-NP,1059,0,12563,1,7,12571,T
5-NP,1060,6,2,0,12627,12635,C
5-NP,1061,3,1,1,12513,12518,C
5-NP,1062,1,12413,2,1,12417,T
5-NP,1063,8,3,2,12360,12373,C
5-NP,1064,1,11,12332,0,12344,G
5-NP,1065,2,1,12383,0,12386,G
5-NP,1066,3,9,12384,1,12397,G
5-NP,1067,3,5,12336,1,12345,G
5-NP,1068,173,8,12154,0,12335,G
5-NP,1069,12141,1,2,0,12144,A
5-NP,1070,12130,2,7,1,12140,A
5-NP,1071,12146,2,10,0,12158,A
5-NP,1072,91,1,0,12111,12203,C
5-NP,1073,0,12056,1,1,12058,T
5-NP,1074,3,3,12104,2,12112,G
5-NP,1075,7,11993,2,9,12011,T
5-NP,1076,9,4,1,12001,12015,C
5-NP,1077,12158,1,5,0,12164,A
5-NP,1078,12219,1,2,0,12222,A
5-NP,1079,1,1,0,12256,12258,C
5-NP,1080,1,12217,0,7,12225,T
5-NP,1081,12008,2,3,1,12014,A
5-NP,1082,1,7,12044,0,12052,G
5-NP,1083,11833,2,5,0,11840,A
5-NP,1084,1,5,11829,0,11835,G
5-NP,1085,0,9,11816,2,11827,G
5-NP,1086,11171,2,5,0,11178,A
5-NP,1087,98,2,11260,1,11361,G
5-NP,1088,3,11201,0,6,11210,T
5-NP,1089,11205,0,12,1,11218,A
5-NP,1090,5,2,0,11204,11211,C
5-NP,1091,11076,1,3,0,11080,A
5-NP,1092,11067,3,6,0,11076,A
5-NP,1093,10957,1,3,0,10961,A
5-NP,1094,1,10854,0,4,10859,T
5-NP,1095,0,10766,0,4,10770,T
5-NP,1096,1,3,10439,0,10443,G
5-NP,1097,1,1,0,10276,10278,C
5-NP,1098,4,10228,0,8,10240,T
5-NP,1099,6,10199,1,7,10213,T
5-NP,1100,6,1,0,10228,10235,C
5-NP,1101,10241,0,2,3,10246,A
5-NP,1102,10243,1,8,1,10253,A
5-NP,1103,10264,0,2,1,10267,A
5-NP,1104,1,10259,0,2,10262,T
5-NP,1105,2,6,10251,0,10259,G
5-NP,1106,10063,0,14,0,10077,A
5-NP,1107,1,9,10102,0,10112,G
5-NP,1108,10085,54,8,1,10148,A
5-NP,1109,10131,1,2,0,10134,A
5-NP,1110,3,4,0,10125,10132,C
5-NP,1111,10024,0,3,0,10027,A
5-NP,1112,1,10017,0,0,10018,T
5-NP,1113,84,7,9968,1,10060,G
5-NP,1114,70,1,10016,0,10087,G
5-NP,1115,10082,0,7,0,10089,A
5-NP,1116,2,9857,1,1,9861,T
5-NP,1117,9727,0,2,0,9729,A
5-NP,1118,9991,1,4,0,9996,A
5-NP,1119,0,9698,0,2,9700,T
5-NP,1120,9607,2,2,1,9612,A
5-NP,1121,1,9563,1,1,9566,T
5-NP,1122,7,10,8742,1,8760,G
5-NP,1123,2,0,8586,0,8588,G
5-NP,1124,0,1,8521,1,8523,G
5-NP,1125,8484,4,2,0,8490,A
5-NP,1126,0,8468,0,3,8471,T
5-NP,1127,6,2,1,6364,6373,C
5-NP,1128,2,5,6358,1,6366,G
5-NP,1129,6341,2,7,0,6350,A
5-NP,1130,3,1,6340,0,6344,G
5-NP,1131,2,2,0,6324,6328,C
5-NP,1132,6208,1,3,0,6212,A
5-NP,1133,1,1,2,6414,6418,C
5-NP,1134,1,6287,1,3,6292,T
5-NP,1135,7,0,0,6328,6335,C
5-NP,1136,0,6312,1,2,6315,T
5-NP,1137,0,6215,0,3,6218,T
5-NP,1138,0,4,6222,0,6226,G
5-NP,1139,6193,0,1,1,6195,A
5-NP,1140,6210,1,4,2,6217,A
5-NP,1141,0,0,0,6200,6200,C
5-NP,1142,1,4391,0,1,4393,T
5-NP,1143,0,3,4403,0,4406,G
5-NP,1144,4218,0,7,1,4226,A
5-NP,1145,0,1,4239,0,4240,G
5-NP,1146,4235,0,1,1,4237,A
5-NP,1147,4164,0,3,0,4167,A
5-NP,1148,2,2,4179,0,4183,G
5-NP,1149,3,0,0,4067,4070,C
5-NP,1150,15,4,4048,0,4067,G
5-NP,1151,3,4,4050,0,4057,G
5-NP,1152,1,2,3971,0,3974,G
5-NP,1153,0,3937,0,0,3937,T
5-NP,1154,3825,0,1,0,3826,A
5-NP,1155,0,2,1,3803,3806,C
5-NP,1156,1,2920,1,0,2922,T
5-NP,1157,0,2,2917,0,2919,G
5-NP,1158,2,3,2837,2,2844,G
5-NP,1159,1,1,2809,0,2811,G
5-NP,1160,1,0,0,2776,2777,C
5-NP,1161,1,1,0,2536,2538,C
5-NP,1162,2565,0,0,0,2565,A
5-NP,1163,0,2569,0,1,2570,T
5-NP,1164,2566,0,1,1,2568,A
5-NP,1165,2573,0,2,0,2575,A
5-NP,1166,0,2,2538,0,2540,G
5-NP,1167,0,1,2606,0,2607,G
5-NP,1168,2554,1,0,0,2555,A
5-NP,1169,1,1,0,2550,2552,C
5-NP,1170,1,0,0,2551,2552,C
5-NP,1171,2539,0,3,0,2542,A
5-NP,1172,2,2,2584,0,2588,G
5-NP,1173,0,4,2592,0,2596,G
5-NP,1174,2594,0,3,1,2598,A
5-NP,1175,1,0,2609,0,2610,G
5-NP,1176,1,2478,0,0,2479,T
5-NP,1177,0,1,2490,1,2492,G
5-NP,1178,0,2,2521,0,2523,G
5-NP,1179,2515,0,2,1,2518,A
5-NP,1180,3,1,2524,0,2528,G
5-NP,1181,0,2,2485,0,2487,G
5-NP,1182,2468,1,1,1,2471,A
5-NP,1183,2467,0,0,0,2467,A
5-NP,1184,2473,0,3,0,2476,A
5-NP,1185,1,2,0,2494,2497,C
5-NP,1186,2489,1,3,0,2493,A
5-NP,1187,2,1,0,2544,2547,C
5-NP,1188,1,2488,0,1,2490,T
5-NP,1189,2533,0,0,0,2533,A
5-NP,1190,2532,0,1,0,2533,A
5-NP,1191,0,2532,0,0,2532,T
5-NP,1192,2,0,0,2567,2569,C
5-NP,1193,2539,0,1,0,2540,A
5-NP,1194,2562,0,2,0,2564,A
5-NP,1195,0,1,0,2567,2568,C
5-NP,1196,2497,0,0,1,2498,A
5-NP,1197,0,6,2494,0,2500,G
5-NP,1198,2443,0,1,0,2444,A
5-NP,1199,0,0,2446,1,2447,G
5-NP,1200,0,1,2448,0,2449,G
5-NP,1201,0,0,2439,0,2439,G
5-NP,1202,1,1,0,2442,2444,C
5-NP,1203,1,0,0,2422,2423,C
5-NP,1204,0,2401,0,0,2401,T
5-NP,1205,3,0,0,2430,2433,C
5-NP,1206,0,3,0,2425,2428,C
5-NP,1207,0,0,2436,0,2436,G
5-NP,1208,0,0,0,2433,2433,C
5-NP,1209,2396,0,3,1,2400,A
5-NP,1210,1,1,2496,0,2498,G
5-NP,1211,1,1,2493,0,2495,G
5-NP,1212,0,2,0,2517,2519,C
5-NP,1213,1,0,1,2506,2508,C
5-NP,1214,2492,0,0,0,2492,A
5-NP,1215,2498,0,0,0,2498,A
5-NP,1216,2501,1,0,0,2502,A
5-NP,1217,0,1,0,2509,2510,C
5-NP,1218,2,0,0,2511,2513,C
5-NP,1219,2357,0,1,0,2358,A
5-NP,1220,0,1,2398,0,2399,G
5-NP,1221,1,2382,0,1,2384,T
5-NP,1222,4,1,2393,0,2398,G
5-NP,1223,0,2390,0,1,2391,T
5-NP,1224,0,0,2376,0,2376,G
5-NP,1225,2,3,0,2371,2376,C
5-NP,1226,2336,0,2,0,2338,A
5-NP,1227,2369,1,3,0,2373,A
5-NP,1228,0,1,0,2372,2373,C
5-NP,1229,1,1,2,2363,2367,C
5-NP,1230,0,2330,0,0,2330,T
5-NP,1231,2327,0,1,0,2328,A
5-NP,1232,0,2,0,2328,2330,C
5-NP,1233,0,1,2328,0,2329,G
5-NP,1234,0,2321,0,1,2322,T
5-NP,1235,0,2332,0,0,2332,T
5-NP,1236,1,2304,0,0,2305,T
5-NP,1237,0,2286,0,0,2286,T
5-NP,1238,3,1,0,2281,2285,C
5-NP,1239,1,2252,0,1,2254,T
5-NP,1240,3,0,2310,0,2313,G
5-NP,1241,1,2301,0,2,2304,T
5-NP,1242,2314,0,0,0,2314,A
5-NP,1243,0,0,1,2321,2322,C
5-NP,1244,2289,0,0,0,2289,A
5-NP,1245,2294,0,0,1,2295,A
5-NP,1246,2291,0,0,1,2292,A
5-NP,1247,0,2,2300,0,2302,G
5-NP,1248,2304,1,1,0,2306,A
5-NP,1249,2212,1,1,0,2214,A
5-NP,1250,2219,0,0,0,2219,A
5-NP,1251,1,0,0,2225,2226,C
5-NP,1252,2,0,0,2207,2209,C
5-NP,1253,0,2194,0,1,2195,T
5-NP,1254,1,1,1,2204,2207,C
5-NP,1255,2,1,0,2199,2202,C
5-NP,1256,1,1,0,2200,2202,C
5-NP,1257,0,2182,0,0,2182,T
5-NP,1258,0,2197,0,2,2199,T
5-NP,1259,1,2201,1,0,2203,T
5-NP,1260,0,2202,0,0,2202,T
5-NP,1261,0,0,2198,0,2198,G
5-NP,1262,2198,0,0,0,2198,A
5-NP,1263,2197,1,0,0,2198,A
5-NP,1264,2191,0,1,0,2192,A
5-NP,1265,2174,0,0,0,2174,A
5-NP,1266,0,0,2196,0,2196,G
5-NP,1267,0,2190,0,1,2191,T
5-NP,1268,0,1,0,2189,2190,C
5-NP,1269,2191,0,2,0,2193,A
5-NP,1270,2206,1,0,0,2207,A
5-NP,1271,1,0,0,2208,2209,C
5-NP,1272,0,1,0,2230,2231,C
5-NP,1273,2227,0,0,0,2227,A
5-NP,1274,0,2242,0,2,2244,T
5-NP,1275,0,1,0,2221,2222,C
5-NP,1276,2215,0,0,0,2215,A
5-NP,1277,0,2222,0,1,2223,T
5-NP,1278,0,2,2216,0,2218,G
5-NP,1279,3,0,2207,0,2210,G
5-NP,1280,0,1,0,2205,2206,C
5-NP,1281,2153,1,1,0,2155,A
5-NP,1282,0,0,2162,0,2162,G
5-NP,1283,1,1,0,2137,2139,C
5-NP,1284,2142,0,1,0,2143,A
5-NP,1285,0,2132,0,0,2132,T
5-NP,1286,0,2124,0,1,2125,T
5-NP,1287,2,1,0,2127,2130,C
5-NP,1288,2123,1,0,0,2124,A
5-NP,1289,0,0,0,2132,2132,C
5-NP,1290,0,2128,0,1,2129,T
5-NP,1291,1,1,2129,0,2131,G
5-NP,1292,0,0,2150,0,2150,G
5-NP,1293,2135,0,0,0,2135,A
5-NP,1294,2130,0,1,0,2131,A
5-NP,1295,2132,0,2,1,2135,A
5-NP,1296,0,2123,0,1,2124,T
5-NP,1297,2129,1,1,0,2131,A
5-NP,1298,0,0,0,2114,2114,C
5-NP,1299,1,1,2075,1,2078,G
5-NP,1300,0,0,2072,1,2073,G
5-NP,1301,2018,1,1,0,2020,A
5-NP,1302,0,1,2056,0,2057,G
5-NP,1303,1,1,2056,0,2058,G
5-NP,1304,1,1,2044,0,2046,G
5-NP,1305,2053,0,0,0,2053,A
5-NP,1306,2040,0,3,0,2043,A
5-NP,1307,0,0,2054,0,2054,G
5-NP,1308,2052,0,0,0,2052,A
5-NP,1309,2048,0,0,0,2048,A
5-NP,1310,1,0,0,2061,2062,C
5-NP,1311,0,2031,0,1,2032,T
5-NP,1312,0,2048,0,0,2048,T
5-NP,1313,0,0,0,2034,2034,C
5-NP,1314,2043,1,0,0,2044,A
5-NP,1315,0,1,2044,0,2045,G
5-NP,1316,2034,1,1,0,2036,A
5-NP,1317,1,1,0,2042,2044,C
5-NP,1318,2031,0,1,0,2032,A
5-NP,1319,1,1967,0,0,1968,T
5-NP,1320,0,0,1971,0,1971,G
5-NP,1321,1941,0,2,0,1943,A
5-NP,1322,0,2,1961,0,1963,G
5-NP,1323,1,0,1962,0,1963,G
5-NP,1324,0,1,1960,0,1961,G
5-NP,1325,1,0,0,1963,1964,C
5-NP,1326,1941,0,1,0,1942,A
5-NP,1327,0,0,1943,0,1943,G
5-NP,1328,1938,1,0,0,1939,A
5-NP,1329,1948,0,1,0,1949,A
5-NP,1330,1949,0,2,0,1951,A
5-NP,1331,0,1937,0,0,1937,T
5-NP,1332,1,0,0,1940,1941,C
5-NP,1333,1933,0,1,0,1934,A
5-NP,1334,0,1930,0,0,1930,T
5-NP,1335,1940,0,0,0,1940,A
5-NP,1336,1923,0,1,0,1924,A
5-NP,1337,1,1,1953,0,1955,G
5-NP,1338,1922,0,0,0,1922,A
5-NP,1339,1942,0,0,0,1942,A
5-NP,1340,0,1898,1,0,1899,T
5-NP,1341,0,0,1895,0,1895,G
5-NP,1342,1894,0,0,0,1894,A
5-NP,1343,1,1882,2,0,1885,T
5-NP,1344,0,1,1891,0,1892,G
5-NP,1345,0,1,1885,0,1886,G
5-NP,1346,1836,0,1,0,1837,A
5-NP,1347,1822,0,1,0,1823,A
5-NP,1348,0,2,1773,0,1775,G
5-NP,1349,1,0,1804,0,1805,G
5-NP,1350,0,1787,0,1,1788,T
5-NP,1351,0,0,1790,0,1790,G
5-NP,1352,2,0,0,1782,1784,C
5-NP,1353,1784,0,1,0,1785,A
5-NP,1354,1790,0,0,0,1790,A
5-NP,1355,1786,0,0,0,1786,A
5-NP,1356,1805,0,0,2,1807,A
5-NP,1357,0,2,0,1810,1812,C
5-NP,1358,2,1,0,1783,1786,C
5-NP,1359,1754,0,0,0,1754,A
5-NP,1360,0,1,1764,0,1765,G
5-NP,1361,1762,0,0,0,1762,A
5-NP,1362,1759,1,0,0,1760,A
5-NP,1363,0,3,1761,0,1764,G
5-NP,1364,1755,0,0,0,1755,A
5-NP,1365,1700,0,1,0,1701,A
5-NP,1366,0,0,1726,0,1726,G
5-NP,1367,0,1696,0,2,1698,T
5-NP,1368,0,0,1709,0,1709,G
5-NP,1369,0,1688,0,3,1691,T
5-NP,1370,6,0,0,1681,1687,C
5-NP,1371,1691,1,0,0,1692,A
5-NP,1372,1,1708,0,0,1709,T
5-NP,1373,0,1693,0,1,1694,T
5-NP,1374,1,0,0,1704,1705,C
5-NP,1375,1,4,0,1660,1665,C
5-NP,1376,2,2,1661,0,1665,G
5-NP,1377,3,0,1662,0,1665,G
5-NP,1378,1,0,1668,1,1670,G
5-NP,1379,1,2,1667,0,1670,G
5-NP,1380,0,0,1663,0,1663,G
5-NP,1381,1595,0,0,0,1595,A
5-NP,1382,0,1,1607,0,1608,G
5-NP,1383,0,5,1603,0,1608,G
5-NP,1384,0,2,1604,0,1606,G
5-NP,1385,0,1,1607,0,1608,G
5-NP,1386,1592,0,0,0,1592,A
5-NP,1387,0,0,1594,0,1594,G
5-NP,1388,0,1584,1,0,1585,T
5-NP,1389,0,1579,0,0,1579,T
5-NP,1390,0,1584,0,1,1585,T
5-NP,1391,0,1575,0,0,1575,T
5-NP,1392,0,0,0,1580,1580,C
5-NP,1393,0,1,1581,0,1582,G
5-NP,1394,1574,1,0,0,1575,A
5-NP,1395,0,1,1579,0,1580,G
5-NP,1396,0,1,0,1562,1563,C
5-NP,1397,0,1562,2,3,1567,T
5-NP,1398,0,0,0,1574,1574,C
5-NP,1399,0,1566,0,1,1567,T
5-NP,1400,2,1,0,1573,1576,C
5-NP,1401,1581,0,0,0,1581,A
5-NP,1402,0,1,1585,0,1586,G
5-NP,1403,1588,0,0,0,1588,A
5-NP,1404,1,0,0,1576,1577,C
5-NP,1405,0,1,1580,0,1581,G
5-NP,1406,1551,0,1,0,1552,A
5-NP,1407,1,2,1550,0,1553,G
5-NP,1408,1522,0,1,0,1523,A
5-NP,1409,1512,1,1,0,1514,A
5-NP,1410,0,1,1519,0,1520,G
5-NP,1411,0,0,1500,0,1500,G
5-NP,1412,0,0,0,1493,1493,C
5-NP,1413,1494,0,0,0,1494,A
5-NP,1414,1494,0,2,0,1496,A
5-NP,1415,1,2,0,1490,1493,C
5-NP,1416,0,0,1490,0,1490,G
5-NP,1417,1492,0,0,0,1492,A
5-NP,1418,1485,0,0,1,1486,A
5-NP,1419,1,0,0,1479,1480,C
5-NP,1420,2,1,0,1466,1469,C
5-NP,1421,1,1,0,1462,1464,C
5-NP,1422,0,0,1460,0,1460,G
5-NP,1423,1468,0,1,0,1469,A
5-NP,1424,0,1468,0,0,1468,T
5-NP,1425,2,0,0,1443,1445,C
5-NP,1426,0,0,1438,0,1438,G
5-NP,1427,0,1430,0,0,1430,T
5-NP,1428,0,0,1434,0,1434,G
5-NP,1429,1,0,0,1429,1430,C
5-NP,1430,0,2,1,1420,1423,C
5-NP,1431,3,1,0,1427,1431,C
5-NP,1432,1,1399,1,6,1407,T
5-NP,1433,0,2,1,1441,1444,C
5-NP,1434,0,1438,1,2,1441,T
5-NP,1435,0,1442,0,0,1442,T
5-NP,1436,0,1444,0,1,1445,T
5-NP,1437,0,1433,0,0,1433,T
5-NP,1438,0,0,1437,0,1437,G
5-NP,1439,1433,0,0,0,1433,A
5-NP,1440,0,1413,0,0,1413,T
5-NP,1441,1406,0,0,0,1406,A
5-NP,1442,0,1169,0,0,1169,T
5-NP,1443,0,2,1183,0,1185,G
5-NP,1444,1162,0,0,0,1162,A
5-NP,1445,0,0,1176,0,1176,G
5-NP,1446,0,1172,0,0,1172,T
5-NP,1447,1144,0,0,0,1144,A
5-NP,1448,1143,0,0,1,1144,A
5-NP,1449,0,1141,0,0,1141,T
5-NP,1450,1,1,1137,0,1139,G
5-NP,1451,1129,0,2,0,1131,A
5-NP,1452,1003,0,0,0,1003,A
5-NP,1453,0,2,998,0,1000,G
5-NP,1454,0,0,928,0,928,G
5-NP,1455,921,0,0,0,921,A
5-NP,1456,0,923,0,1,924,T
5-NP,1457,1,0,0,913,914,C
5-NP,1458,0,905,1,1,907,T
5-NP,1459,0,906,0,1,907,T
5-NP,1460,907,0,0,0,907,A
5-NP,1461,0,906,0,0,906,T
5-NP,1462,0,894,0,0,894,T
5-NP,1463,0,881,0,0,881,T
5-NP,1464,1,0,0,853,854,C
5-NP,1465,1,825,0,0,826,T
5-NP,1466,0,822,0,3,825,T
5-NP,1467,0,0,0,823,823,C
5-NP,1468,0,0,819,0,819,G
5-NP,1469,0,0,818,0,818,G
5-NP,1470,815,0,2,0,817,A
5-NP,1471,0,1,816,0,817,G
5-NP,1472,808,0,2,0,810,A
5-NP,1473,0,1,0,797,798,C
5-NP,1474,757,0,0,0,757,A
5-NP,1475,757,0,0,0,757,A
5-NP,1476,0,755,0,0,755,T
5-NP,1477,1,0,754,0,755,G
5-NP,1478,0,1,0,753,754,C
5-NP,1479,737,0,2,0,739,A
5-NP,1480,0,0,738,0,738,G
5-NP,1481,736,0,1,0,737,A
5-NP,1482,682,0,0,0,682,A
5-NP,1483,0,0,679,0,679,G
5-NP,1484,438,0,0,0,438,A
5-NP,1485,0,0,440,0,440,G
5-NP,1486,0,396,0,0,396,T
5-NP,1487,396,0,0,0,396,A
5-NP,1488,0,0,0,395,395,C
5-NP,1489,0,0,356,0,356,G
5-NP,1490,355,0,0,0,355,A
5-NP,1491,0,0,0,349,349,C
5-NP,1492,258,0,0,0,258,A
5-NP,1493,256,0,0,0,256,A
5-NP,1494,0,207,0,0,207,T
5-NP,1495,0,197,0,0,197,T
5-NP,1496,192,0,0,0,192,A
5-NP,1497,183,0,0,0,183,A
6-NA,1,31,0,0,0,31,A
6-NA,2,0,31,0,0,31,T
6-NA,3,0,0,31,0,31,G
6-NA,4,31,0,0,0,31,A
6-NA,5,33,0,0,0,33,A
6-NA,6,0,33,0,0,33,T
6-NA,7,0,0,0,33,33,C
6-NA,8,0,0,0,33,33,C
6-NA,9,33,0,0,0,33,A
6-NA,10,33,0,0,0,33,A
6-NA,11,34,0,0,0,34,A
6-NA,12,0,33,0,0,33,T
6-NA,13,0,0,0,34,34,C
6-NA,14,34,0,0,0,34,A
6-NA,15,34,0,0,0,34,A
6-NA,16,34,0,0,0,34,A
6-NA,17,36,0,0,0,36,A
6-NA,18,0,0,36,0,36,G
6-NA,19,38,0,0,0,38,A
6-NA,20,0,38,0,0,38,T
6-NA,21,38,0,0,0,38,A
6-NA,22,38,0,0,0,38,A
6-NA,23,0,38,0,0,38,T
6-NA,24,38,0,0,0,38,A
6-NA,25,38,0,0,0,38,A
6-NA,26,0,0,0,41,41,C
6-NA,27,0,0,42,0,42,G
6-NA,28,42,0,0,0,42,A
6-NA,29,0,42,0,0,42,T
6-NA,30,0,42,0,0,42,T
6-NA,31,0,0,41,0,41,G
6-NA,32,0,0,48,0,48,G
6-NA,33,0,0,0,48,48,C
6-NA,34,0,48,0,0,48,T
6-NA,35,0,0,0,49,49,C
6-NA,36,0,49,0,0,49,T
6-NA,37,0,0,50,0,50,G
6-NA,38,0,50,0,0,50,T
6-NA,39,0,51,0,0,51,T
6-NA,40,0,50,0,1,51,T
6-NA,41,0,0,0,51,51,C
6-NA,42,0,51,0,0,51,T
6-NA,43,0,0,0,51,51,C
6-NA,44,0,51,0,0,51,T
6-NA,45,0,0,0,51,51,C
6-NA,46,51,0,0,0,51,A
6-NA,47,0,0,0,52,52,C
6-NA,48,0,0,0,52,52,C
6-NA,49,52,0,0,0,52,A
6-NA,50,0,53,0,0,53,T
6-NA,51,0,54,0,0,54,T
6-NA,52,0,53,0,0,53,T
6-NA,53,0,0,0,57,57,C
6-NA,54,0,0,0,58,58,C
6-NA,55,58,0,0,0,58,A
6-NA,56,0,0,0,61,61,C
6-NA,57,61,0,0,0,61,A
6-NA,58,65,0,0,0,65,A
6-NA,59,0,65,0,0,65,T
6-NA,60,65,0,0,0,65,A
6-NA,61,0,65,0,0,65,T
6-NA,62,0,0,65,0,65,G
6-NA,63,0,0,0,65,65,C
6-NA,64,0,65,0,0,65,T
6-NA,65,0,67,0,0,67,T
6-NA,66,0,0,0,66,66,C
6-NA,67,0,64,0,0,64,T
6-NA,68,0,65,0,0,65,T
6-NA,69,0,0,0,64,64,C
6-NA,70,64,0,0,0,64,A
6-NA,71,0,63,0,1,64,T
6-NA,72,0,0,64,0,64,G
6-NA,73,0,0,0,64,64,C
6-NA,74,64,0,0,0,64,A
6-NA,75,64,0,0,0,64,A
6-NA,76,64,0,0,0,64,A
6-NA,77,0,64,0,0,64,T
6-NA,78,0,65,0,0,65,T
6-NA,79,0,0,64,0,64,G
6-NA,80,0,0,0,65,65,C
6-NA,81,0,0,0,65,65,C
6-NA,82,65,0,0,0,65,A
6-NA,83,0,64,0,0,64,T
6-NA,84,0,0,0,66,66,C
6-NA,85,0,66,0,0,66,T
6-NA,86,0,66,0,0,66,T
6-NA,87,0,0,71,0,71,G
6-NA,88,71,0,0,0,71,A
6-NA,89,0,71,0,0,71,T
6-NA,90,71,0,0,0,71,A
6-NA,91,71,0,0,0,71,A
6-NA,92,0,0,0,86,86,C
6-NA,93,0,86,0,0,86,T
6-NA,94,88,0,0,0,88,A
6-NA,95,0,0,0,94,94,C
6-NA,96,0,93,0,0,93,T
6-NA,97,0,0,95,0,95,G
6-NA,98,0,95,0,0,95,T
6-NA,99,95,0,0,0,95,A
6-NA,100,97,0,0,0,97,A
6-NA,101,0,0,0,94,94,C
6-NA,102,92,0,0,0,92,A
6-NA,103,0,93,0,0,93,T
6-NA,104,0,93,0,0,93,T
6-NA,105,0,0,94,0,94,G
6-NA,106,0,0,0,94,94,C
6-NA,107,94,0,0,0,94,A
6-NA,108,0,94,0,0,94,T
6-NA,109,0,94,0,0,94,T
6-NA,110,0,94,0,0,94,T
6-NA,111,0,0,0,94,94,C
6-NA,112,92,0,0,1,93,A
6-NA,113,95,0,0,0,95,A
6-NA,114,0,0,95,0,95,G
6-NA,115,0,0,0,96,96,C
6-NA,116,94,0,0,1,95,A
6-NA,117,99,0,0,0,99,A
6-NA,118,0,100,0,0,100,T
6-NA,119,101,0,0,0,101,A
6-NA,120,0,101,0,0,101,T
6-NA,121,0,1,100,0,101,G
6-NA,122,101,0,0,0,101,A
6-NA,123,101,0,0,0,101,A
6-NA,124,0,101,0,0,101,T
6-NA,125,0,101,0,0,101,T
6-NA,126,1,0,0,100,101,C
6-NA,127,101,0,0,0,101,A
6-NA,128,102,0,1,0,103,A
6-NA,129,0,0,0,103,103,C
6-NA,130,0,101,0,0,101,T
6-NA,131,0,0,0,101,101,C
6-NA,132,0,0,0,101,101,C
6-NA,133,0,0,0,102,102,C
6-NA,134,0,0,0,102,102,C
6-NA,135,0,0,0,102,102,C
6-NA,136,0,0,0,102,102,C
6-NA,137,0,0,0,102,102,C
6-NA,138,101,0,0,0,101,A
6-NA,139,102,0,0,0,102,A
6-NA,140,102,0,0,0,102,A
6-NA,141,0,0,0,102,102,C
6-NA,142,99,0,0,0,99,A
6-NA,143,100,0,0,0,100,A
6-NA,144,0,0,0,101,101,C
6-NA,145,0,0,0,101,101,C
6-NA,146,104,0,0,0,104,A
6-NA,147,102,0,0,0,102,A
6-NA,148,1,0,104,0,105,G
6-NA,149,0,105,0,0,105,T
6-NA,150,0,0,101,0,101,G
6-NA,151,103,0,0,0,103,A
6-NA,152,0,102,0,1,103,T
6-NA,153,0,0,104,0,104,G
6-NA,154,0,0,0,104,104,C
6-NA,155,0,105,0,0,105,T
6-NA,156,0,0,107,0,107,G
6-NA,157,0,107,0,0,107,T
6-NA,158,0,0,107,0,107,G
6-NA,159,0,107,0,0,107,T
6-NA,160,0,0,107,0,107,G
6-NA,161,107,0,0,0,107,A
6-NA,162,108,0,0,0,108,A
6-NA,163,0,0,0,108,108,C
6-NA,164,0,0,0,108,108,C
6-NA,165,106,0,0,0,106,A
6-NA,166,107,0,0,0,107,A
6-NA,167,0,0,0,108,108,C
6-NA,168,108,0,0,0,108,A
6-NA,169,110,0,0,0,110,A
6-NA,170,0,110,0,0,110,T
6-NA,171,110,0,0,0,110,A
6-NA,172,110,0,0,0,110,A
6-NA,173,0,111,0,0,111,T
6-NA,174,111,0,0,0,111,A
6-NA,175,0,0,112,0,112,G
6-NA,176,109,0,0,0,109,A
6-NA,177,111,0,0,0,111,A
6-NA,178,110,0,1,0,111,A
6-NA,179,0,0,112,0,112,G
6-NA,180,116,0,0,0,116,A
6-NA,181,116,0,0,0,116,A
6-NA,182,119,0,0,0,119,A
6-NA,183,0,0,0,119,119,C
6-NA,184,119,1,0,0,120,A
6-NA,185,1,119,0,0,120,T
6-NA,186,121,0,0,0,121,A
6-NA,187,121,0,0,0,121,A
6-NA,188,0,0,0,121,121,C
6-NA,189,117,0,0,0,117,A
6-NA,190,0,0,123,0,123,G
6-NA,191,121,0,0,0,121,A
6-NA,192,0,0,124,0,124,G
6-NA,193,125,0,0,0,125,A
6-NA,194,0,134,0,0,134,T
6-NA,195,135,0,0,0,135,A
6-NA,196,0,0,137,0,137,G
6-NA,197,0,137,0,0,137,T
6-NA,198,0,0,139,0,139,G
6-NA,199,0,139,0,0,139,T
6-NA,200,137,1,0,0,138,A
6-NA,201,0,140,0,0,140,T
6-NA,202,0,0,0,140,140,C
6-NA,203,0,137,0,0,137,T
6-NA,204,0,0,141,0,141,G
6-NA,205,140,0,1,0,141,A
6-NA,206,0,0,0,139,139,C
6-NA,207,0,0,0,138,138,C
6-NA,208,138,0,0,0,138,A
6-NA,209,141,0,0,0,141,A
6-NA,210,0,0,0,144,144,C
6-NA,211,144,0,0,0,144,A
6-NA,212,0,0,0,148,148,C
6-NA,213,0,0,0,146,146,C
6-NA,214,148,0,0,0,148,A
6-NA,215,0,0,0,155,155,C
6-NA,216,0,0,0,154,154,C
6-NA,217,156,0,0,0,156,A
6-NA,218,0,156,0,0,156,T
6-NA,219,153,0,0,0,153,A
6-NA,220,0,0,154,0,154,G
6-NA,221,146,0,0,0,146,A
6-NA,222,0,0,149,0,149,G
6-NA,223,143,0,0,0,143,A
6-NA,224,144,0,0,0,144,A
6-NA,225,0,0,147,0,147,G
6-NA,226,0,0,145,0,145,G
6-NA,227,145,0,0,0,145,A
6-NA,228,148,0,0,0,148,A
6-NA,229,147,0,0,0,147,A
6-NA,230,0,147,0,0,147,T
6-NA,231,147,0,0,0,147,A
6-NA,232,0,144,0,0,144,T
6-NA,233,0,0,144,0,144,G
6-NA,234,0,142,0,0,142,T
6-NA,235,0,0,0,148,148,C
6-NA,236,1,0,0,145,146,C
6-NA,237,0,0,0,147,147,C
6-NA,238,148,0,0,0,148,A
6-NA,239,148,0,0,0,148,A
6-NA,240,147,0,0,0,147,A
6-NA,241,1,0,0,146,147,C
6-NA,242,0,147,0,0,147,T
6-NA,243,145,0,0,0,145,A
6-NA,244,0,0,142,0,142,G
6-NA,245,1,0,0,144,145,C
6-NA,246,146,0,0,0,146,A
6-NA,247,0,0,148,0,148,G
6-NA,248,145,0,0,0,145,A
6-NA,249,151,0,0,0,151,A
6-NA,250,0,149,0,0,149,T
6-NA,251,152,0,0,0,152,A
6-NA,252,0,0,0,151,151,C
6-NA,253,151,0,0,0,151,A
6-NA,254,0,0,151,0,151,G
6-NA,255,151,0,0,0,151,A
6-NA,256,147,0,0,0,147,A
6-NA,257,148,0,0,0,148,A
6-NA,258,0,146,0,0,146,T
6-NA,259,0,145,0,0,145,T
6-NA,260,0,0,146,0,146,G
6-NA,261,0,1,146,0,147,G
6-NA,262,0,147,0,0,147,T
6-NA,263,0,0,0,147,147,C
6-NA,264,147,0,0,0,147,A
6-NA,265,147,0,0,0,147,A
6-NA,266,148,0,0,0,148,A
6-NA,267,0,0,148,0,148,G
6-NA,268,0,0,0,148,148,C
6-NA,269,0,0,0,147,147,C
6-NA,270,0,0,145,0,145,G
6-NA,271,0,0,0,142,142,C
6-NA,272,144,0,0,0,144,A
6-NA,273,143,0,0,0,143,A
6-NA,274,0,143,0,0,143,T
6-NA,275,0,0,143,0,143,G
6-NA,276,0,0,0,143,143,C
6-NA,277,0,0,142,0,142,G
6-NA,278,145,0,0,0,145,A
6-NA,279,0,0,0,145,145,C
6-NA,280,146,0,0,0,146,A
6-NA,281,0,149,0,0,149,T
6-NA,282,0,150,0,0,150,T
6-NA,283,151,0,0,0,151,A
6-NA,284,0,0,0,149,149,C
6-NA,285,150,0,0,0,150,A
6-NA,286,0,0,153,0,153,G
6-NA,287,0,0,151,0,151,G
6-NA,288,154,0,0,0,154,A
6-NA,289,0,151,0,0,151,T
6-NA,290,0,149,0,0,149,T
6-NA,291,0,149,0,0,149,T
6-NA,292,0,0,149,0,149,G
6-NA,293,0,0,0,149,149,C
6-NA,294,149,1,0,0,150,A
6-NA,295,1,0,0,150,151,C
6-NA,296,0,0,0,151,151,C
6-NA,297,0,149,0,0,149,T
6-NA,298,0,150,0,0,150,T
6-NA,299,0,150,0,0,150,T
6-NA,300,0,151,0,0,151,T
6-NA,301,0,153,0,0,153,T
6-NA,302,0,0,0,155,155,C
6-NA,303,0,155,0,0,155,T
6-NA,304,153,0,0,0,153,A
6-NA,305,152,0,0,0,152,A
6-NA,306,0,1,152,0,153,G
6-NA,307,0,1,151,0,152,G
6-NA,308,151,0,0,0,151,A
6-NA,309,0,0,0,151,151,C
6-NA,310,150,0,0,0,150,A
6-NA,311,151,0,0,0,151,A
6-NA,312,0,152,0,0,152,T
6-NA,313,0,152,0,0,152,T
6-NA,314,0,0,0,154,154,C
6-NA,315,0,0,153,0,153,G
6-NA,316,153,0,0,0,153,A
6-NA,317,0,153,0,0,153,T
6-NA,318,0,152,0,0,152,T
6-NA,319,151,0,0,0,151,A
6-NA,320,0,0,153,0,153,G
6-NA,321,0,0,153,0,153,G
6-NA,322,0,0,0,155,155,C
6-NA,323,0,152,0,0,152,T
6-NA,324,0,153,0,0,153,T
6-NA,325,0,151,0,2,153,T
6-NA,326,0,0,0,154,154,C
6-NA,327,0,0,0,155,155,C
6-NA,328,0,0,153,0,153,G
6-NA,329,0,0,0,154,154,C
6-NA,330,0,153,0,0,153,T
6-NA,331,0,0,158,0,158,G
6-NA,332,0,0,158,0,158,G
6-NA,333,0,157,0,0,157,T
6-NA,334,1,0,156,0,157,G
6-NA,335,0,1,157,0,158,G
6-NA,336,0,0,158,0,158,G
6-NA,337,0,0,160,0,160,G
6-NA,338,161,0,0,0,161,A
6-NA,339,0,0,0,164,164,C
6-NA,340,162,0,0,0,162,A
6-NA,341,0,161,0,0,161,T
6-NA,342,0,0,0,161,161,C
6-NA,343,0,159,0,0,159,T
6-NA,344,0,0,160,0,160,G
6-NA,345,0,1,162,0,163,G
6-NA,346,0,0,164,0,164,G
6-NA,347,0,165,0,0,165,T
6-NA,348,0,0,165,0,165,G
6-NA,349,165,0,0,0,165,A
6-NA,350,0,0,0,168,168,C
6-NA,351,168,0,0,0,168,A
6-NA,352,180,0,0,0,180,A
6-NA,353,0,0,185,0,185,G
6-NA,354,178,0,0,0,178,A
6-NA,355,0,0,191,0,191,G
6-NA,356,204,0,0,0,204,A
6-NA,357,235,0,0,0,235,A
6-NA,358,0,0,0,326,326,C
6-NA,359,0,0,0,354,354,C
6-NA,360,0,355,0,1,356,T
6-NA,361,0,362,0,0,362,T
6-NA,362,364,0,0,0,364,A
6-NA,363,0,369,0,0,369,T
6-NA,364,0,0,397,0,397,G
6-NA,365,0,394,0,0,394,T
6-NA,366,0,1,411,0,412,G
6-NA,367,0,404,0,2,406,T
6-NA,368,0,0,0,403,403,C
6-NA,369,415,0,1,0,416,A
6-NA,370,0,415,0,0,415,T
6-NA,371,0,0,413,0,413,G
6-NA,372,0,2,0,414,416,C
6-NA,373,0,0,414,0,414,G
6-NA,374,486,0,0,1,487,A
6-NA,375,0,491,0,0,491,T
6-NA,376,0,0,0,503,503,C
6-NA,377,0,0,0,503,503,C
6-NA,378,0,527,0,0,527,T
6-NA,379,0,1,526,0,527,G
6-NA,380,528,0,1,0,529,A
6-NA,381,0,0,0,530,530,C
6-NA,382,531,0,0,0,531,A
6-NA,383,527,1,0,0,528,A
6-NA,384,0,0,556,0,556,G
6-NA,385,0,560,0,0,560,T
6-NA,386,0,0,571,0,571,G
6-NA,387,0,568,0,1,569,T
6-NA,388,0,570,0,0,570,T
6-NA,389,570,0,0,0,570,A
6-NA,390,0,569,0,0,569,T
6-NA,391,0,0,0,584,584,C
6-NA,392,585,0,0,0,585,A
6-NA,393,581,0,0,0,581,A
6-NA,394,0,580,0,0,580,T
6-NA,395,0,578,0,0,578,T
6-NA,396,0,579,0,0,579,T
6-NA,397,0,0,579,0,579,G
6-NA,398,1,0,0,616,617,C
6-NA,399,0,0,0,616,616,C
6-NA,400,0,0,0,618,618,C
6-NA,401,0,620,0,1,621,T
6-NA,402,0,620,0,0,620,T
6-NA,403,0,0,639,0,639,G
6-NA,404,0,1,639,0,640,G
6-NA,405,642,0,1,0,643,A
6-NA,406,0,0,0,646,646,C
6-NA,407,632,0,1,0,633,A
6-NA,408,0,1,652,1,654,G
6-NA,409,0,1,653,0,654,G
6-NA,410,0,2,690,0,692,G
6-NA,411,691,0,1,0,692,A
6-NA,412,688,0,1,0,689,A
6-NA,413,0,0,0,690,690,C
6-NA,414,692,0,1,0,693,A
6-NA,415,786,0,0,0,786,A
6-NA,416,0,0,0,790,790,C
6-NA,417,786,0,0,0,786,A
6-NA,418,0,0,0,790,790,C
6-NA,419,0,785,0,0,785,T
6-NA,420,802,0,0,0,802,A
6-NA,421,798,0,0,0,798,A
6-NA,422,804,1,1,0,806,A
6-NA,423,0,0,0,808,808,C
6-NA,424,783,0,0,0,783,A
6-NA,425,789,0,0,0,789,A
6-NA,426,0,1,0,792,793,C
6-NA,427,1,0,790,1,792,G
6-NA,428,0,793,0,0,793,T
6-NA,429,785,0,0,0,785,A
6-NA,430,0,0,0,796,796,C
6-NA,431,792,1,0,0,793,A
6-NA,432,0,800,1,1,802,T
6-NA,433,0,802,0,1,803,T
6-NA,434,0,0,0,808,808,C
6-NA,435,828,0,0,0,828,A
6-NA,436,829,0,0,0,829,A
6-NA,437,835,0,0,0,835,A
6-NA,438,0,837,0,1,838,T
6-NA,439,0,1,832,0,833,G
6-NA,440,855,0,0,0,855,A
6-NA,441,0,0,0,865,865,C
6-NA,442,859,0,2,0,861,A
6-NA,443,1,0,0,882,883,C
6-NA,444,875,1,1,0,877,A
6-NA,445,1,0,1108,0,1109,G
6-NA,446,0,1111,0,0,1111,T
6-NA,447,1141,0,1,0,1142,A
6-NA,448,0,1,0,1144,1145,C
6-NA,449,0,0,1145,0,1145,G
6-NA,450,0,1214,0,0,1214,T
6-NA,451,1,0,1214,0,1215,G
6-NA,452,1225,0,1,0,1226,A
6-NA,453,0,1225,0,1,1226,T
6-NA,454,1134,0,1,0,1135,A
6-NA,455,1,3,1131,0,1135,G
6-NA,456,1,2,1122,0,1125,G
6-NA,457,1127,0,1,0,1128,A
6-NA,458,1,0,0,1145,1146,C
6-NA,459,0,2,0,1122,1124,C
6-NA,460,2,1,0,1134,1137,C
6-NA,461,1,0,0,1139,1140,C
6-NA,462,0,1150,0,0,1150,T
6-NA,463,0,1167,0,1,1168,T
6-NA,464,1178,0,0,0,1178,A
6-NA,465,0,1180,0,0,1180,T
6-NA,466,0,0,0,1178,1178,C
6-NA,467,0,1,1167,0,1168,G
6-NA,468,0,1,1170,0,1171,G
6-NA,469,1168,1,0,0,1169,A
6-NA,470,0,0,0,1177,1177,C
6-NA,471,0,0,0,1174,1174,C
6-NA,472,0,0,1,1239,1240,C
6-NA,473,0,1237,0,0,1237,T
6-NA,474,1253,0,0,0,1253,A
6-NA,475,0,1252,0,0,1252,T
6-NA,476,0,1257,0,0,1257,T
6-NA,477,0,2,1253,1,1256,G
6-NA,478,1259,0,0,0,1259,A
6-NA,479,0,1252,1,1,1254,T
6-NA,480,0,0,1262,0,1262,G
6-NA,481,1219,0,0,0,1219,A
6-NA,482,1215,0,1,0,1216,A
6-NA,483,0,1225,0,1,1226,T
6-NA,484,1,1,1241,0,1243,G
6-NA,485,1253,0,0,0,1253,A
6-NA,486,0,0,1272,0,1272,G
6-NA,487,0,1265,0,0,1265,T
6-NA,488,0,1267,0,0,1267,T
6-NA,489,1263,0,0,1,1264,A
6-NA,490,1,0,1261,0,1262,G
6-NA,491,0,0,1271,0,1271,G
6-NA,492,0,1269,1,1,1271,T
6-NA,493,1,0,1262,0,1263,G
6-NA,494,0,1255,0,0,1255,T
6-NA,495,0,1253,0,0,1253,T
6-NA,496,2,0,0,1265,1267,C
6-NA,497,1,1,0,1273,1275,C
6-NA,498,0,1264,0,1,1265,T
6-NA,499,0,1271,0,1,1272,T
6-NA,500,0,1269,0,0,1269,T
6-NA,501,1,1267,0,0,1268,T
6-NA,502,0,0,1,1269,1270,C
6-NA,503,1271,0,0,0,1271,A
6-NA,504,0,1299,0,2,1301,T
6-NA,505,0,0,0,1301,1301,C
6-NA,506,0,1290,0,1,1291,T
6-NA,507,0,2,1286,0,1288,G
6-NA,508,0,3,1271,0,1274,G
6-NA,509,0,0,1286,0,1286,G
6-NA,510,0,1,1293,0,1294,G
6-NA,511,1286,3,2,0,1291,A
6-NA,512,1,1,0,1297,1299,C
6-NA,513,1,0,0,1295,1296,C
6-NA,514,1316,1,0,0,1317,A
6-NA,515,1319,0,2,0,1321,A
6-NA,516,0,0,1322,0,1322,G
6-NA,517,0,1,0,1324,1325,C
6-NA,518,1322,0,0,0,1322,A
6-NA,519,1349,1,2,0,1352,A
6-NA,520,0,1,1354,0,1355,G
6-NA,521,0,1348,0,0,1348,T
6-NA,522,1,0,1392,0,1393,G
6-NA,523,0,1385,0,0,1385,T
6-NA,524,0,1,1450,0,1451,G
6-NA,525,0,0,0,1450,1450,C
6-NA,526,1447,0,0,0,1447,A
6-NA,527,0,1459,0,1,1460,T
6-NA,528,1434,0,0,0,1434,A
6-NA,529,1,4,1468,0,1473,G
6-NA,530,0,0,0,1466,1466,C
6-NA,531,1443,1,1,0,1445,A
6-NA,532,0,1441,0,1,1442,T
6-NA,533,0,3,1407,0,1410,G
6-NA,534,0,0,1611,0,1611,G
6-NA,535,1,1608,0,3,1612,T
6-NA,536,1,0,0,1594,1595,C
6-NA,537,0,2,0,1636,1638,C
6-NA,538,1667,0,1,0,1668,A
6-NA,539,0,1,1819,1,1821,G
6-NA,540,0,0,0,1837,1837,C
6-NA,541,0,1831,0,0,1831,T
6-NA,542,2,1,0,1840,1843,C
6-NA,543,1795,0,0,1,1796,A
6-NA,544,1875,0,1,1,1877,A
6-NA,545,0,0,1887,0,1887,G
6-NA,546,1,1890,0,0,1891,T
6-NA,547,0,1891,0,0,1891,T
6-NA,548,0,0,1896,0,1896,G
6-NA,549,2,1892,0,2,1896,T
6-NA,550,0,0,0,1897,1897,C
6-NA,551,1896,0,3,0,1899,A
6-NA,552,0,3,0,1934,1937,C
6-NA,553,0,1,1933,0,1934,G
6-NA,554,2017,0,1,1,2019,A
6-NA,555,0,2027,0,0,2027,T
6-NA,556,0,0,2113,1,2114,G
6-NA,557,0,1,2149,0,2150,G
6-NA,558,2150,1,0,1,2152,A
6-NA,559,2150,0,0,0,2150,A
6-NA,560,2204,1,1,0,2206,A
6-NA,561,2218,0,1,0,2219,A
6-NA,562,0,0,2289,0,2289,G
6-NA,563,0,0,0,2283,2283,C
6-NA,564,2281,0,2,0,2283,A
6-NA,565,0,2287,0,2,2289,T
6-NA,566,0,6,2327,0,2333,G
6-NA,567,0,0,2357,0,2357,G
6-NA,568,1,0,0,2413,2414,C
6-NA,569,1,2403,0,2,2406,T
6-NA,570,1,0,2433,0,2434,G
6-NA,571,0,2,0,2427,2429,C
6-NA,572,2437,0,2,0,2439,A
6-NA,573,1,2622,0,1,2624,T
6-NA,574,3,3,2664,0,2670,G
6-NA,575,1,2739,0,0,2740,T
6-NA,576,0,2856,0,2,2858,T
6-NA,577,0,2859,0,0,2859,T
6-NA,578,37,0,3159,0,3196,G
6-NA,579,0,3197,0,5,3202,T
6-NA,580,3212,1,2,0,3215,A
6-NA,581,0,3227,0,0,3227,T
6-NA,582,3229,0,2,0,3231,A
6-NA,583,3259,0,0,0,3259,A
6-NA,584,2,2,0,3240,3244,C
6-NA,585,2,9,3210,0,3221,G
6-NA,586,0,6,3256,0,3262,G
6-NA,587,1,4,3217,1,3223,G
6-NA,588,0,0,3249,0,3249,G
6-NA,589,0,16,3250,0,3266,G
6-NA,590,3258,1,3,0,3262,A
6-NA,591,0,3279,0,1,3280,T
6-NA,592,0,5,3296,2,3303,G
6-NA,593,3327,1,2,0,3330,A
6-NA,594,1,3347,1,3,3352,T
6-NA,595,3345,0,2,1,3348,A
6-NA,596,3426,0,1,1,3428,A
6-NA,597,3439,0,2,1,3442,A
6-NA,598,3456,0,0,0,3456,A
6-NA,599,3467,1,0,0,3468,A
6-NA,600,0,3466,1,2,3469,T
6-NA,601,0,0,3465,0,3465,G
6-NA,602,1,1,0,3470,3472,C
6-NA,603,3467,0,1,1,3469,A
6-NA,604,3474,0,4,0,3478,A
6-NA,605,1,0,0,3537,3538,C
6-NA,606,0,3540,0,2,3542,T
6-NA,607,0,1,3553,0,3554,G
6-NA,608,1,0,0,3557,3558,C
6-NA,609,0,3554,0,0,3554,T
6-NA,610,3566,0,3,1,3570,A
6-NA,611,0,0,3586,0,3586,G
6-NA,612,0,0,0,3635,3635,C
6-NA,613,0,3633,0,2,3635,T
6-NA,614,0,3632,0,3,3635,T
6-NA,615,2,1,1,3713,3717,C
6-NA,616,3746,0,1,1,3748,A
6-NA,617,1,3753,1,0,3755,T
6-NA,618,0,3762,1,0,3763,T
6-NA,619,1,3794,0,2,3797,T
6-NA,620,3831,0,1,0,3832,A
6-NA,621,0,1,0,3887,3888,C
6-NA,622,3873,0,0,1,3874,A
6-NA,623,3916,1,4,0,3921,A
6-NA,624,1,3913,0,3,3917,T
6-NA,625,0,8,3900,0,3908,G
6-NA,626,0,3,3900,0,3903,G
6-NA,627,0,6,3910,0,3916,G
6-NA,628,3898,0,9,0,3907,A
6-NA,629,0,2,4058,0,4060,G
6-NA,630,1,1,4132,0,4134,G
6-NA,631,1,1,0,4638,4640,C
6-NA,632,0,4641,0,4,4645,T
6-NA,633,0,4707,0,1,4708,T
6-NA,634,3,1,4782,0,4786,G
6-NA,635,2,4786,0,2,4790,T
6-NA,636,4966,1,5,0,4972,A
6-NA,637,1,3,4999,2,5005,G
6-NA,638,4947,1,4,0,4952,A
6-NA,639,0,4946,0,0,4946,T
6-NA,640,4632,3,45,1,4681,A
6-NA,641,0,2,4689,0,4691,G
6-NA,642,0,4654,0,1,4655,T
6-NA,643,2,2,4580,0,4584,G
6-NA,644,0,4866,0,1,4867,T
6-NA,645,1,4862,0,2,4865,T
6-NA,646,0,0,4965,0,4965,G
6-NA,647,1,4940,0,9,4950,T
6-NA,648,0,4968,1,2,4971,T
6-NA,649,1,4991,1,0,4993,T
6-NA,650,2,2,1,4925,4930,C
6-NA,651,4927,0,5,0,4932,A
6-NA,652,0,4916,0,2,4918,T
6-NA,653,0,6,4923,0,4929,G
6-NA,654,4,1,5306,0,5311,G
6-NA,655,0,5295,0,4,5299,T
6-NA,656,4,1,0,5286,5291,C
6-NA,657,3,1,2,5286,5292,C
6-NA,658,5309,1,1,1,5312,A
6-NA,659,5362,0,2,0,5364,A
6-NA,660,5358,0,2,0,5360,A
6-NA,661,1,4,5389,0,5394,G
6-NA,662,5373,0,3,1,5377,A
6-NA,663,5241,0,3,0,5244,A
6-NA,664,5262,0,2,1,5265,A
6-NA,665,1,5259,0,2,5262,T
6-NA,666,2,2,0,5444,5448,C
6-NA,667,4,2,0,5441,5447,C
6-NA,668,0,5444,0,0,5444,T
6-NA,669,1,1,0,5439,5441,C
6-NA,670,5435,3,5,0,5443,A
6-NA,671,2,5,5501,1,5509,G
6-NA,672,0,3,5509,0,5512,G
6-NA,673,5701,4,7,1,5713,A
6-NA,674,0,1,0,5712,5713,C
6-NA,675,2,1,0,5606,5609,C
6-NA,676,3,2,1,5630,5636,C
6-NA,677,5644,0,5,0,5649,A
6-NA,678,2,5,5652,0,5659,G
6-NA,679,0,5,5689,3,5697,G
6-NA,680,5665,2,6,0,5673,A
6-NA,681,1,0,5772,0,5773,G
6-NA,682,2,5710,0,3,5715,T
6-NA,683,3,2,0,5728,5733,C
6-NA,684,5709,1,7,2,5719,A
6-NA,685,1,2,5763,0,5766,G
6-NA,686,5682,1,4,66,5753,A
6-NA,687,5762,0,1,0,5763,A
6-NA,688,0,5738,0,3,5741,T
6-NA,689,1,1,5781,0,5783,G
6-NA,690,2,2,0,5791,5795,C
6-NA,691,3,0,5818,1,5822,G
6-NA,692,1,5810,0,4,5815,T
6-NA,693,0,5817,0,3,5820,T
6-NA,694,0,5785,0,0,5785,T
6-NA,695,1,2,5830,0,5833,G
6-NA,696,2,5848,0,5,5855,T
6-NA,697,5852,1,3,0,5856,A
6-NA,698,0,5845,0,4,5849,T
6-NA,699,1,0,1,5857,5859,C
6-NA,700,5837,2,2,1,5842,A
6-NA,701,5839,1,1,0,5841,A
6-NA,702,2,5846,0,4,5852,T
6-NA,703,3,4,5842,0,5849,G
6-NA,704,0,3,5853,0,5856,G
6-NA,705,6003,0,2,0,6005,A
6-NA,706,6007,1,6,0,6014,A
6-NA,707,2,0,0,6089,6091,C
6-NA,708,1,6130,0,4,6135,T
6-NA,709,1,6133,0,1,6135,T
6-NA,710,2,2,6375,0,6379,G
6-NA,711,0,6377,0,3,6380,T
6-NA,712,6376,2,3,0,6381,A
6-NA,713,1,1,0,6520,6522,C
6-NA,714,6376,0,3,0,6379,A
6-NA,715,2,1,6920,0,6923,G
6-NA,716,0,6883,0,2,6885,T
6-NA,717,7252,0,5,0,7257,A
6-NA,718,0,3,7303,0,7306,G
6-NA,719,2,7212,0,2,7216,T
6-NA,720,7203,1,4,0,7208,A
6-NA,721,7205,0,2,0,7207,A
6-NA,722,1,7205,0,2,7208,T
6-NA,723,53,13,7178,0,7244,G
6-NA,724,7086,1,3,0,7090,A
6-NA,725,0,2,0,7156,7158,C
6-NA,726,1,6970,0,2,6973,T
6-NA,727,1,5,7010,0,7016,G
6-NA,728,6998,1,1,0,7000,A
6-NA,729,1,7024,1,5,7031,T
6-NA,730,1,6,7034,0,7041,G
6-NA,731,0,6,7013,0,7019,G
6-NA,732,0,3,7023,2,7028,G
6-NA,733,6933,0,7,0,6940,A
6-NA,734,0,0,6936,3,6939,G
6-NA,735,1,6908,0,2,6911,T
6-NA,736,1,2,6926,0,6929,G
6-NA,737,3,3,0,6935,6941,C
6-NA,738,0,6901,0,4,6905,T
6-NA,739,1,6907,1,0,6909,T
6-NA,740,3,3,0,6901,6907,C
6-NA,741,3,5,6878,1,6887,G
6-NA,742,1,4,6932,1,6938,G
6-NA,743,2,3,6937,1,6943,G
6-NA,744,6934,2,2,0,6938,A
6-NA,745,6889,2,4,0,6895,A
6-NA,746,6866,1,2,0,6869,A
6-NA,747,6901,0,9,0,6910,A
6-NA,748,0,0,6945,0,6945,G
6-NA,749,1,3,0,6941,6945,C
6-NA,750,0,6893,0,4,6897,T
6-NA,751,0,2,6917,1,6920,G
6-NA,752,6907,2,6,0,6915,A
6-NA,753,1,6990,1,1,6993,T
6-NA,754,7017,1,2,0,7020,A
6-NA,755,0,0,0,7359,7359,C
6-NA,756,1,7316,0,2,7319,T
6-NA,757,7335,0,0,0,7335,A
6-NA,758,7332,0,0,0,7332,A
6-NA,759,7335,0,1,0,7336,A
6-NA,760,7453,0,3,0,7456,A
6-NA,761,0,7454,0,0,7454,T
6-NA,762,7435,3,1,0,7439,A
6-NA,763,2,0,0,7478,7480,C
6-NA,764,1,7172,0,2,7175,T
6-NA,765,7321,3,2,0,7326,A
6-NA,766,1,7288,2,5,7296,T
6-NA,767,0,7871,1,2,7874,T
6-NA,768,7,1,0,7962,7970,C
6-NA,769,7859,1,22,0,7882,A
6-NA,770,3,7859,0,2,7864,T
6-NA,771,0,7857,0,2,7859,T
6-NA,772,7760,2,3,0,7765,A
6-NA,773,7777,0,6,1,7784,A
6-NA,774,1,4,7832,0,7837,G
6-NA,775,3,5,7834,0,7842,G
6-NA,776,7394,1,4,1,7400,A
6-NA,777,4,5,7466,0,7475,G
6-NA,778,3,6,7479,1,7489,G
6-NA,779,3,6,7487,0,7496,G
6-NA,780,0,1,7510,3,7514,G
6-NA,781,7472,5,8,1,7486,A
6-NA,782,7501,2,14,0,7517,A
6-NA,783,7482,0,5,0,7487,A
6-NA,784,7489,0,4,0,7493,A
6-NA,785,2,7502,0,1,7505,T
6-NA,786,4,2,1,7454,7461,C
6-NA,787,0,0,7540,1,7541,G
6-NA,788,1,7522,0,2,7525,T
6-NA,789,2,7504,0,7,7513,T
6-NA,790,8,1,0,7527,7536,C
6-NA,791,7532,0,2,1,7535,A
6-NA,792,1,8099,0,1,8101,T
6-NA,793,8093,1,3,0,8097,A
6-NA,794,1,0,1,8137,8139,C
6-NA,795,1,8111,1,6,8119,T
6-NA,796,8128,1,8,0,8137,A
6-NA,797,0,2,8132,1,8135,G
6-NA,798,0,1,0,8128,8129,C
6-NA,799,8138,0,2,0,8140,A
6-NA,800,0,0,0,8174,8174,C
6-NA,801,7832,0,1,0,7833,A
6-NA,802,0,7971,0,3,7974,T
6-NA,803,2,7929,1,0,7932,T
6-NA,804,6,0,8572,0,8578,G
6-NA,805,1,8537,0,3,8541,T
6-NA,806,9,2,0,8533,8544,C
6-NA,807,8528,2,11,0,8541,A
6-NA,808,1,2,8554,2,8559,G
6-NA,809,2,7,8567,0,8576,G
6-NA,810,8564,3,4,1,8572,A
6-NA,811,8440,1,8,0,8449,A
6-NA,812,1,1,8574,0,8576,G
6-NA,813,1,8121,1,1,8124,T
6-NA,814,2,2,8164,1,8169,G
6-NA,815,2,2,0,8163,8167,C
6-NA,816,0,8152,1,11,8164,T
6-NA,817,6,2,0,8180,8188,C
6-NA,818,8159,0,5,0,8164,A
6-NA,819,1,2,8242,1,8246,G
6-NA,820,1,3,2,8244,8250,C
6-NA,821,8222,0,2,1,8225,A
6-NA,822,1,8232,0,6,8239,T
6-NA,823,4,1,8558,0,8563,G
6-NA,824,1,8574,0,5,8580,T
6-NA,825,3,3,1,8581,8588,C
6-NA,826,2,7,8570,0,8579,G
6-NA,827,8559,1,3,0,8563,A
6-NA,828,2,2,8526,1,8531,G
6-NA,829,1,4,8530,1,8536,G
6-NA,830,8455,0,6,0,8461,A
6-NA,831,1,3,8600,0,8604,G
6-NA,832,1,8357,0,2,8360,T
6-NA,833,3,2,8401,0,8406,G
6-NA,834,2,4,0,8541,8547,C
6-NA,835,1,8517,0,8,8526,T
6-NA,836,6,2,0,8572,8580,C
6-NA,837,6,1,0,8631,8638,C
6-NA,838,2,8634,2,3,8641,T
6-NA,839,3,1,8663,0,8667,G
6-NA,840,3,5,0,8568,8576,C
6-NA,841,0,8513,0,3,8516,T
6-NA,842,8571,0,4,0,8575,A
6-NA,843,1,8414,1,3,8419,T
6-NA,844,4,0,0,8501,8505,C
6-NA,845,2,2,0,8489,8493,C
6-NA,846,4,8469,0,15,8488,T
6-NA,847,6,1,0,8565,8572,C
6-NA,848,5,3,8557,1,8566,G
6-NA,849,8649,1,5,0,8655,A
6-NA,850,4,8655,0,7,8666,T
6-NA,851,8659,1,2,0,8662,A
6-NA,852,0,8659,0,0,8659,T
6-NA,853,5,2,3,8621,8631,C
6-NA,854,1,1,1,8611,8614,C
6-NA,855,2,8564,0,3,8569,T
6-NA,856,2,6,8598,0,8606,G
6-NA,857,1,0,8616,0,8617,G
6-NA,858,1,8761,0,5,8767,T
6-NA,859,2,3,8774,0,8779,G
6-NA,860,0,8718,0,5,8723,T
6-NA,861,6,3,0,8716,8725,C
6-NA,862,8706,1,6,0,8713,A
6-NA,863,0,2,8730,0,8732,G
6-NA,864,8723,2,6,0,8731,A
6-NA,865,0,8650,1,2,8653,T
6-NA,866,0,2,8682,0,8684,G
6-NA,867,2,8589,0,2,8593,T
6-NA,868,1,1,8610,1,8613,G
6-NA,869,2,8598,0,6,8606,T
6-NA,870,5,0,0,8622,8627,C
6-NA,871,1,8607,0,10,8618,T
6-NA,872,28,2,8623,0,8653,G
6-NA,873,1,1,1,8640,8643,C
6-NA,874,8629,0,10,0,8639,A
6-NA,875,3,4,8639,0,8646,G
6-NA,876,8449,4,11,1,8465,A
6-NA,877,0,3,8471,1,8475,G
6-NA,878,8458,2,3,0,8463,A
6-NA,879,1,1,0,8547,8549,C
6-NA,880,8538,2,7,0,8547,A
6-NA,881,8604,1,4,0,8609,A
6-NA,882,0,8,0,8634,8642,C
6-NA,883,3,8643,1,3,8650,T
6-NA,884,0,7,8644,0,8651,G
6-NA,885,1,1,8620,2,8624,G
6-NA,886,8600,2,2,1,8605,A
6-NA,887,8596,0,5,0,8601,A
6-NA,888,8411,3,7,1,8422,A
6-NA,889,1,5,8559,0,8565,G
6-NA,890,1,2,8520,0,8523,G
6-NA,891,1,2,0,8516,8519,C
6-NA,892,0,8455,1,34,8490,T
6-NA,893,6,3,1,8687,8697,C
6-NA,894,4,2,0,8800,8806,C
6-NA,895,8820,6,3,0,8829,A
6-NA,896,8836,1,2,0,8839,A
6-NA,897,0,8847,0,2,8849,T
6-NA,898,8552,0,5,1,8558,A
6-NA,899,3,2,8503,0,8508,G
6-NA,900,4,2,8538,0,8544,G
6-NA,901,5,4,0,8535,8544,C
6-NA,902,4,0,1,8375,8380,C
6-NA,903,8,1,0,8261,8270,C
6-NA,904,8394,1,0,1,8396,A
6-NA,905,3,8467,0,4,8474,T
6-NA,906,2,1,0,8485,8488,C
6-NA,907,1,0,8513,1,8515,G
6-NA,908,1,8473,0,1,8475,T
6-NA,909,8320,0,5,0,8325,A
6-NA,910,0,4,8490,0,8494,G
6-NA,911,8529,0,5,0,8534,A
6-NA,912,2,8562,0,6,8570,T
6-NA,913,8428,1,2,0,8431,A
6-NA,914,2,8331,1,4,8338,T
6-NA,915,8341,0,2,1,8344,A
6-NA,916,8320,3,1,0,8324,A
6-NA,917,8522,0,5,1,8528,A
6-NA,918,1,1,0,8740,8742,C
6-NA,919,8504,0,43,0,8547,A
6-NA,920,0,8528,0,3,8531,T
6-NA,921,8464,0,1,1,8466,A
6-NA,922,8470,2,5,1,8478,A
6-NA,923,8463,0,8,1,8472,A
6-NA,924,1,5,8566,0,8572,G
6-NA,925,2,1,8647,0,8650,G
6-NA,926,8394,2,7,0,8403,A
6-NA,927,2,8355,0,3,8360,T
6-NA,928,4,1,0,8397,8402,C
6-NA,929,8451,0,5,0,8456,A
6-NA,930,0,8469,0,2,8471,T
6-NA,931,8452,2,9,0,8463,A
6-NA,932,2,4,8521,2,8529,G
6-NA,933,3,3,0,8418,8424,C
6-NA,934,8295,0,1,1,8297,A
6-NA,935,1,8075,1,6,8083,T
6-NA,936,2,8109,0,1,8112,T
6-NA,937,1,1,8364,0,8366,G
6-NA,938,2,8363,0,3,8368,T
6-NA,939,0,8465,1,3,8469,T
6-NA,940,0,8464,0,4,8468,T
6-NA,941,7,0,0,8431,8438,C
6-NA,942,4,2,0,8471,8477,C
6-NA,943,8603,3,6,1,8613,A
6-NA,944,0,2,8743,0,8745,G
6-NA,945,1,8726,1,4,8732,T
6-NA,946,0,8486,0,6,8492,T
6-NA,947,8501,0,1,0,8502,A
6-NA,948,0,8394,0,3,8397,T
6-NA,949,2,2,8410,0,8414,G
6-NA,950,1,8349,0,4,8354,T
6-NA,951,0,1,8393,1,8395,G
6-NA,952,4,8189,0,7,8200,T
6-NA,953,2,1,8398,1,8402,G
6-NA,954,1,8382,0,8,8391,T
6-NA,955,0,8341,0,6,8347,T
6-NA,956,8,2,0,8355,8365,C
6-NA,957,8301,1,3,0,8305,A
6-NA,958,3,6,8357,0,8366,G
6-NA,959,0,2,8360,0,8362,G
6-NA,960,8323,1,6,2,8332,A
6-NA,961,1,1,0,8341,8343,C
6-NA,962,1,8100,5,2,8108,T
6-NA,963,1,8122,1,4,8128,T
6-NA,964,0,1,8485,0,8486,G
6-NA,965,2,8481,0,4,8487,T
6-NA,966,1,8486,0,4,8491,T
6-NA,967,0,3,8454,1,8458,G
6-NA,968,1,8,8458,0,8467,G
6-NA,969,8443,2,21,0,8466,A
6-NA,970,3,9,8466,2,8480,G
6-NA,971,8441,2,17,0,8460,A
6-NA,972,1,2,0,8439,8442,C
6-NA,973,8143,2,7,0,8152,A
6-NA,974,1,1,0,8173,8175,C
6-NA,975,8189,1,5,1,8196,A
6-NA,976,2,1,1,8292,8296,C
6-NA,977,8,1,0,8244,8253,C
6-NA,978,12,4,0,8254,8270,C
6-NA,979,8253,1,6,0,8260,A
6-NA,980,3,6,8279,0,8288,G
6-NA,981,8285,0,1,0,8286,A
6-NA,982,8330,1,1,0,8332,A
6-NA,983,8286,1,0,2,8289,A
6-NA,984,8295,0,1,1,8297,A
6-NA,985,8235,0,7,0,8242,A
6-NA,986,8244,1,2,1,8248,A
6-NA,987,2,4,0,8269,8275,C
6-NA,988,0,12,8251,1,8264,G
6-NA,989,8237,5,7,0,8249,A
6-NA,990,2,0,0,8234,8236,C
6-NA,991,8200,1,3,1,8205,A
6-NA,992,4,2,8297,0,8303,G
6-NA,993,1,3,1,8579,8584,C
6-NA,994,5,8517,1,12,8535,T
6-NA,995,11,0,0,8549,8560,C
6-NA,996,6,5,1,8605,8617,C
6-NA,997,8624,1,10,0,8635,A
6-NA,998,2,1,8720,1,8724,G
6-NA,999,1,3,0,8719,8723,C
6-NA,1000,8701,0,0,0,8701,A
6-NA,1001,0,3,8687,0,8690,G
6-NA,1002,1,8303,0,4,8308,T
6-NA,1003,8326,0,3,0,8329,A
6-NA,1004,0,2,8322,0,8324,G
6-NA,1005,2,6,0,8342,8350,C
6-NA,1006,4,3,1,8360,8368,C
6-NA,1007,8268,0,3,0,8271,A
6-NA,1008,0,8264,0,1,8265,T
6-NA,1009,4,8252,2,2,8260,T
6-NA,1010,2,0,8476,0,8478,G
6-NA,1011,0,8420,1,6,8427,T
6-NA,1012,1,8403,2,7,8413,T
6-NA,1013,4,8379,1,1,8385,T
6-NA,1014,1,5,8331,1,8338,G
6-NA,1015,4,3,8431,0,8438,G
6-NA,1016,8428,1,3,0,8432,A
6-NA,1017,1,8467,0,0,8468,T
6-NA,1018,5,5,2,8456,8468,C
6-NA,1019,6,3,1,8318,8328,C
6-NA,1020,8,8345,1,5,8359,T
6-NA,1021,8356,0,19,0,8375,A
6-NA,1022,8386,1,5,2,8394,A
6-NA,1023,1,6,0,8517,8524,C
6-NA,1024,8334,3,2,0,8339,A
6-NA,1025,8443,1,7,0,8451,A
6-NA,1026,1,8432,0,7,8440,T
6-NA,1027,0,4,8546,3,8553,G
6-NA,1028,8515,2,5,0,8522,A
6-NA,1029,8463,1,14,1,8479,A
6-NA,1030,0,4,8523,0,8527,G
6-NA,1031,8494,1,5,0,8500,A
6-NA,1032,8302,3,10,0,8315,A
6-NA,1033,1,5,8342,0,8348,G
6-NA,1034,4,3,8341,1,8349,G
6-NA,1035,0,8270,0,4,8274,T
6-NA,1036,2,9,8221,0,8232,G
6-NA,1037,3,2,8542,2,8549,G
6-NA,1038,2,8508,0,8,8518,T
6-NA,1039,13,2,1,8460,8476,C
6-NA,1040,8487,2,2,0,8491,A
6-NA,1041,0,8458,1,5,8464,T
6-NA,1042,3,1,8457,2,8463,G
6-NA,1043,3,4,8530,0,8537,G
6-NA,1044,8484,2,8,1,8495,A
6-NA,1045,1,4,8758,1,8764,G
6-NA,1046,1,8382,1,22,8406,T
6-NA,1047,3,1,8438,0,8442,G
6-NA,1048,8420,0,3,0,8423,A
6-NA,1049,8419,2,2,0,8423,A
6-NA,1050,8421,0,15,1,8437,A
6-NA,1051,1,2,8472,0,8475,G
6-NA,1052,2,4,8419,0,8425,G
6-NA,1053,4,2,0,8391,8397,C
6-NA,1054,1,8125,0,7,8133,T
6-NA,1055,3,4,8146,1,8154,G
6-NA,1056,1,9,8135,1,8146,G
6-NA,1057,61,5,8206,0,8272,G
6-NA,1058,3,2,1,8270,8276,C
6-NA,1059,5,2,0,8266,8273,C
6-NA,1060,0,8181,0,9,8190,T
6-NA,1061,1,8233,0,0,8234,T
6-NA,1062,1,8226,1,3,8231,T
6-NA,1063,0,1,8270,0,8271,G
6-NA,1064,8255,1,2,0,8258,A
6-NA,1065,0,8191,1,2,8194,T
6-NA,1066,3,3,8093,0,8099,G
6-NA,1067,8007,0,7,0,8014,A
6-NA,1068,0,8054,1,1,8056,T
6-NA,1069,4,2,8068,1,8075,G
6-NA,1070,1,3,8205,0,8209,G
6-NA,1071,8206,2,2,0,8210,A
6-NA,1072,8170,0,1,0,8171,A
6-NA,1073,8198,1,4,0,8203,A
6-NA,1074,1,8182,0,4,8187,T
6-NA,1075,1,11,8199,0,8211,G
6-NA,1076,8200,1,6,0,8207,A
6-NA,1077,2,2,0,8184,8188,C
6-NA,1078,2,1,8223,0,8226,G
6-NA,1079,1,8045,2,1,8049,T
6-NA,1080,2,2,8117,0,8121,G
6-NA,1081,3,8094,0,5,8102,T
6-NA,1082,4,1,8106,1,8112,G
6-NA,1083,1,3,8166,1,8171,G
6-NA,1084,8115,4,6,1,8126,A
6-NA,1085,2,8161,0,1,8164,T
6-NA,1086,2,4,8124,1,8131,G
6-NA,1087,5,3,8118,0,8126,G
6-NA,1088,0,3,8173,1,8177,G
6-NA,1089,8111,0,8,4,8123,A
6-NA,1090,8104,1,7,1,8113,A
6-NA,1091,3,7,8127,0,8137,G
6-NA,1092,8024,3,2,0,8029,A
6-NA,1093,8037,0,6,0,8043,A
6-NA,1094,0,7,0,7984,7991,C
6-NA,1095,3,4,7959,0,7966,G
6-NA,1096,7962,0,2,1,7965,A
6-NA,1097,0,7857,0,6,7863,T
6-NA,1098,7,0,0,7870,7877,C
6-NA,1099,7885,0,6,1,7892,A
6-NA,1100,2,0,7926,0,7928,G
6-NA,1101,2,2,1,7917,7922,C
6-NA,1102,57,8,7868,0,7933,G
6-NA,1103,7918,4,3,1,7926,A
6-NA,1104,2,5,7919,0,7926,G
6-NA,1105,7925,2,2,0,7929,A
6-NA,1106,7919,1,4,2,7926,A
6-NA,1107,2,2,7991,0,7995,G
6-NA,1108,2,7913,1,10,7926,T
6-NA,1109,6,1,2,7844,7853,C
6-NA,1110,7844,0,5,0,7849,A
6-NA,1111,0,4,0,8132,8136,C
6-NA,1112,3,1,8136,0,8140,G
6-NA,1113,1,1,0,8163,8165,C
6-NA,1114,0,8109,1,4,8114,T
6-NA,1115,0,8143,0,1,8144,T
6-NA,1116,8051,0,3,0,8054,A
6-NA,1117,3,9,8412,0,8424,G
6-NA,1118,1,9,8413,0,8423,G
6-NA,1119,4,5,8616,0,8625,G
6-NA,1120,0,8138,1,5,8144,T
6-NA,1121,8132,0,2,1,8135,A
6-NA,1122,1,8117,0,2,8120,T
6-NA,1123,0,3,8108,1,8112,G
6-NA,1124,8089,0,6,0,8095,A
6-NA,1125,8083,1,4,0,8088,A
6-NA,1126,7732,0,10,0,7742,A
6-NA,1127,1,0,0,7776,7777,C
6-NA,1128,1,2,1,7624,7628,C
6-NA,1129,1,7542,1,4,7548,T
6-NA,1130,0,7538,0,6,7544,T
6-NA,1131,1,0,0,7565,7566,C
6-NA,1132,7555,0,4,0,7559,A
6-NA,1133,7566,2,0,1,7569,A
6-NA,1134,7559,2,2,1,7564,A
6-NA,1135,4,0,7618,0,7622,G
6-NA,1136,1,7490,0,3,7494,T
6-NA,1137,14,2,0,7538,7554,C
6-NA,1138,7701,3,4,0,7708,A
6-NA,1139,1,7699,0,0,7700,T
6-NA,1140,0,7712,1,2,7715,T
6-NA,1141,3,3,7712,1,7719,G
6-NA,1142,7698,2,2,0,7702,A
6-NA,1143,7741,1,3,0,7745,A
6-NA,1144,4,5,7928,1,7938,G
6-NA,1145,4,1,7952,0,7957,G
6-NA,1146,3,1,0,7926,7930,C
6-NA,1147,1,7696,0,2,7699,T
6-NA,1148,2,6,7765,1,7774,G
6-NA,1149,0,2,7961,1,7964,G
6-NA,1150,2,7954,1,9,7966,T
6-NA,1151,5,1,0,7935,7941,C
6-NA,1152,4,2,1,7901,7908,C
6-NA,1153,7874,0,4,0,7878,A
6-NA,1154,7929,1,1,0,7931,A
6-NA,1155,4,2,0,7988,7994,C
6-NA,1156,7,1,0,7966,7974,C
6-NA,1157,9,0,0,7952,7961,C
6-NA,1158,2,7636,0,2,7640,T
6-NA,1159,7645,1,2,1,7649,A
6-NA,1160,7643,0,2,1,7646,A
6-NA,1161,0,1,7703,0,7704,G
6-NA,1162,1,7658,1,4,7664,T
6-NA,1163,8,0,0,7629,7637,C
6-NA,1164,11,0,0,7539,7550,C
6-NA,1165,7539,1,1,0,7541,A
6-NA,1166,7524,1,3,0,7528,A
6-NA,1167,7536,0,4,1,7541,A
6-NA,1168,1,7546,1,2,7550,T
6-NA,1169,0,7533,1,3,7537,T
6-NA,1170,1,0,7525,0,7526,G
6-NA,1171,1,7,0,7472,7480,C
6-NA,1172,7482,2,5,1,7490,A
6-NA,1173,0,2,7519,1,7522,G
6-NA,1174,7503,3,3,0,7509,A
6-NA,1175,1,7670,1,3,7675,T
6-NA,1176,7682,0,3,1,7686,A
6-NA,1177,7671,0,3,0,7674,A
6-NA,1178,7676,0,4,0,7680,A
6-NA,1179,0,7648,0,2,7650,T
6-NA,1180,7618,1,2,1,7622,A
6-NA,1181,2,4,7616,0,7622,G
6-NA,1182,5,2,7557,1,7565,G
6-NA,1183,5,3,0,7544,7552,C
6-NA,1184,7342,1,1,4,7348,A
6-NA,1185,7424,2,5,0,7431,A
6-NA,1186,0,2,7501,0,7503,G
6-NA,1187,0,7416,1,73,7490,T
6-NA,1188,12,3,1,7477,7493,C
6-NA,1189,7543,0,4,2,7549,A
6-NA,1190,0,7543,3,4,7550,T
6-NA,1191,7610,1,1,0,7612,A
6-NA,1192,0,1,7647,0,7648,G
6-NA,1193,1,7629,0,6,7636,T
6-NA,1194,2,7397,1,16,7416,T
6-NA,1195,1,7,7318,2,7328,G
6-NA,1196,7282,0,6,2,7290,A
6-NA,1197,1,4,0,7286,7291,C
6-NA,1198,7195,0,1,0,7196,A
6-NA,1199,0,1,7311,0,7312,G
6-NA,1200,7244,0,6,0,7250,A
6-NA,1201,2,3,7536,0,7541,G
6-NA,1202,4,0,7545,0,7549,G
6-NA,1203,2,7536,2,4,7544,T
6-NA,1204,7519,0,2,0,7521,A
6-NA,1205,7506,2,5,1,7514,A
6-NA,1206,2,7523,3,3,7531,T
6-NA,1207,7504,1,4,0,7509,A
6-NA,1208,1,6,7370,1,7378,G
6-NA,1209,2,2,7265,0,7269,G
6-NA,1210,1,6765,1,6,6773,T
6-NA,1211,2,2,1,6714,6719,C
6-NA,1212,3,3,0,6721,6727,C
6-NA,1213,2,5,6740,0,6747,G
6-NA,1214,1,3,6776,0,6780,G
6-NA,1215,1,6751,0,2,6754,T
6-NA,1216,1,6744,0,4,6749,T
6-NA,1217,6690,2,1,1,6694,A
6-NA,1218,2,6628,1,2,6633,T
6-NA,1219,2,6626,0,1,6629,T
6-NA,1220,4,1,0,6652,6657,C
6-NA,1221,1,6501,0,8,6510,T
6-NA,1222,1,4,6568,0,6573,G
6-NA,1223,2,1,6591,1,6595,G
6-NA,1224,0,6590,0,3,6593,T
6-NA,1225,6595,2,2,0,6599,A
6-NA,1226,0,6518,2,4,6524,T
6-NA,1227,0,6526,1,9,6536,T
6-NA,1228,0,6526,1,1,6528,T
6-NA,1229,2,6569,0,4,6575,T
6-NA,1230,2,1,0,6576,6579,C
6-NA,1231,1,6471,0,11,6483,T
6-NA,1232,6,0,1,6517,6524,C
6-NA,1233,1,6492,0,0,6493,T
6-NA,1234,0,1,6625,0,6626,G
6-NA,1235,1,6616,0,5,6622,T
6-NA,1236,3,6545,0,3,6551,T
6-NA,1237,0,0,6550,2,6552,G
6-NA,1238,6478,0,2,1,6481,A
6-NA,1239,6466,2,11,0,6479,A
6-NA,1240,1,3,6552,0,6556,G
6-NA,1241,4,2,6519,1,6526,G
6-NA,1242,0,4,0,6543,6547,C
6-NA,1243,6412,1,3,1,6417,A
6-NA,1244,6412,0,7,2,6421,A
6-NA,1245,6434,0,2,0,6436,A
6-NA,1246,6435,0,7,0,6442,A
6-NA,1247,2,2,6442,0,6446,G
6-NA,1248,0,0,0,6439,6439,C
6-NA,1249,0,6359,1,6,6366,T
6-NA,1250,2,2,6417,1,6422,G
6-NA,1251,0,2,0,6414,6416,C
6-NA,1252,6434,0,1,1,6436,A
6-NA,1253,0,6429,0,2,6431,T
6-NA,1254,6,0,0,6363,6369,C
6-NA,1255,6358,1,2,0,6361,A
6-NA,1256,6354,3,0,1,6358,A
6-NA,1257,2,6358,0,1,6361,T
6-NA,1258,3,3,0,6356,6362,C
6-NA,1259,4,7,6268,1,6280,G
6-NA,1260,2,1,6402,0,6405,G
6-NA,1261,2,6397,0,3,6402,T
6-NA,1262,1,1,6440,0,6442,G
6-NA,1263,1,4,0,6473,6478,C
6-NA,1264,0,6365,0,79,6444,T
6-NA,1265,0,6497,0,3,6500,T
6-NA,1266,1,6507,0,1,6509,T
6-NA,1267,0,6523,0,2,6525,T
6-NA,1268,6562,0,1,0,6563,A
6-NA,1269,0,6264,0,1,6265,T
6-NA,1270,4,3,6263,0,6270,G
6-NA,1271,2,6188,0,5,6195,T
6-NA,1272,1,2,6119,0,6122,G
6-NA,1273,0,4,6203,1,6208,G
6-NA,1274,6074,0,2,0,6076,A
6-NA,1275,1,0,6166,1,6168,G
6-NA,1276,0,6123,0,4,6127,T
6-NA,1277,1,6094,1,6,6102,T
6-NA,1278,1,4,6162,0,6167,G
6-NA,1279,6154,2,6,0,6162,A
6-NA,1280,1,6156,0,2,6159,T
6-NA,1281,6136,0,4,0,6140,A
6-NA,1282,5939,1,2,2,5944,A
6-NA,1283,1,9,5970,0,5980,G
6-NA,1284,3,6,5845,0,5854,G
6-NA,1285,1,4,5816,0,5821,G
6-NA,1286,1,5,5807,1,5814,G
6-NA,1287,5736,0,3,1,5740,A
6-NA,1288,5722,1,8,0,5731,A
6-NA,1289,1,2,5783,0,5786,G
6-NA,1290,5774,1,3,0,5778,A
6-NA,1291,5768,1,2,0,5771,A
6-NA,1292,5692,0,0,0,5692,A
6-NA,1293,5604,0,7,0,5611,A
6-NA,1294,0,4,5615,0,5619,G
6-NA,1295,5541,0,21,0,5562,A
6-NA,1296,0,4,5548,0,5552,G
6-NA,1297,2,1,5554,2,5559,G
6-NA,1298,5492,0,3,0,5495,A
6-NA,1299,5508,1,3,0,5512,A
6-NA,1300,5515,0,1,0,5516,A
6-NA,1301,0,1,0,5561,5562,C
6-NA,1302,0,5539,0,3,5542,T
6-NA,1303,1,1,5539,0,5541,G
6-NA,1304,5520,0,2,3,5525,A
6-NA,1305,5380,3,3,131,5517,A
6-NA,1306,0,0,5556,0,5556,G
6-NA,1307,0,5505,0,5,5510,T
6-NA,1308,7,1,0,5553,5561,C
6-NA,1309,0,5535,0,4,5539,T
6-NA,1310,1,5475,0,4,5480,T
6-NA,1311,3,1,5476,0,5480,G
6-NA,1312,2,5458,1,6,5467,T
6-NA,1313,2,2,5450,0,5454,G
6-NA,1314,0,5,5445,0,5450,G
6-NA,1315,5388,1,4,0,5393,A
6-NA,1316,1,2,0,5383,5386,C
6-NA,1317,1,1,0,5218,5220,C
6-NA,1318,0,5214,0,6,5220,T
6-NA,1319,7,0,1,5196,5204,C
6-NA,1320,3,7,5012,0,5022,G
6-NA,1321,5056,1,4,0,5061,A
6-NA,1322,5055,2,5,0,5062,A
6-NA,1323,1,0,0,5095,5096,C
6-NA,1324,4974,1,1,0,4976,A
6-NA,1325,1,0,5177,0,5178,G
6-NA,1326,1,5144,4,1,5150,T
6-NA,1327,5137,0,9,0,5146,A
6-NA,1328,1,5149,0,2,5152,T
6-NA,1329,0,5016,0,2,5018,T
6-NA,1330,1,0,5072,0,5073,G
6-NA,1331,0,5053,0,5,5058,T
6-NA,1332,1,4857,0,7,4865,T
6-NA,1333,3,0,4868,1,4872,G
6-NA,1334,1,4416,0,1,4418,T
6-NA,1335,3,1,4431,0,4435,G
6-NA,1336,1,4390,2,2,4395,T
6-NA,1337,1,4352,2,0,4355,T
6-NA,1338,2,4343,0,0,4345,T
6-NA,1339,0,4234,0,0,4234,T
6-NA,1340,0,0,4228,0,4228,G
6-NA,1341,0,4223,0,3,4226,T
6-NA,1342,2,3,4193,1,4199,G
6-NA,1343,1,2,4189,0,4192,G
6-NA,1344,0,0,1,4140,4141,C
6-NA,1345,4122,2,1,0,4125,A
6-NA,1346,1,0,0,4164,4165,C
6-NA,1347,1,0,0,4147,4148,C
6-NA,1348,0,4145,1,2,4148,T
6-NA,1349,3,1,0,4148,4152,C
6-NA,1350,4143,1,4,1,4149,A
6-NA,1351,0,3,4194,0,4197,G
6-NA,1352,0,0,4199,0,4199,G
6-NA,1353,1,4179,0,2,4182,T
6-NA,1354,4171,0,3,0,4174,A
6-NA,1355,0,1,0,3977,3978,C
6-NA,1356,3952,3,2,1,3958,A
6-NA,1357,0,3940,0,4,3944,T
6-NA,1358,3855,0,1,0,3856,A
6-NA,1359,0,3850,0,1,3851,T
6-NA,1360,2,0,3573,0,3575,G
6-NA,1361,2,0,3586,0,3588,G
6-NA,1362,3559,0,0,0,3559,A
6-NA,1363,3533,0,1,0,3534,A
6-NA,1364,0,0,0,3493,3493,C
6-NA,1365,2883,0,3,0,2886,A
6-NA,1366,0,2,2890,0,2892,G
6-NA,1367,2,0,2872,0,2874,G
6-NA,1368,0,1,0,2888,2889,C
6-NA,1369,0,2874,0,5,2879,T
6-NA,1370,4,0,0,2723,2727,C
6-NA,1371,2707,0,4,0,2711,A
6-NA,1372,0,2704,0,4,2708,T
6-NA,1373,0,1,2711,0,2712,G
6-NA,1374,2,0,2715,0,2717,G
6-NA,1375,0,0,0,2606,2606,C
6-NA,1376,2,0,1,2588,2591,C
6-NA,1377,0,2417,0,1,2418,T
6-NA,1378,0,1,2415,0,2416,G
6-NA,1379,2410,0,1,0,2411,A
6-NA,1380,0,2410,0,1,2411,T
6-NA,1381,0,3,2371,0,2374,G
6-NA,1382,0,2,2321,0,2323,G
6-NA,1383,0,1,2187,0,2188,G
6-NA,1384,1,0,2187,0,2188,G
6-NA,1385,0,2,0,2138,2140,C
6-NA,1386,2,2,2136,0,2140,G
6-NA,1387,0,2,2109,0,2111,G
6-NA,1388,2081,0,1,0,2082,A
6-NA,1389,1,0,0,2072,2073,C
6-NA,1390,2076,0,0,0,2076,A
6-NA,1391,0,2035,0,2,2037,T
6-NA,1392,0,0,0,2010,2010,C
6-NA,1393,1988,0,0,0,1988,A
6-NA,1394,1983,0,2,1,1986,A
6-NA,1395,0,1980,0,1,1981,T
6-NA,1396,2,0,0,1925,1927,C
6-NA,1397,0,1877,0,1,1878,T
6-NA,1398,0,0,0,1581,1581,C
6-NA,1399,1572,0,1,0,1573,A
6-NA,1400,0,1568,0,0,1568,T
6-NA,1401,0,0,1564,0,1564,G
6-NA,1402,0,0,0,1562,1562,C
6-NA,1403,0,0,0,1485,1485,C
6-NA,1404,0,1321,0,0,1321,T
6-NA,1405,1305,0,0,0,1305,A
6-NA,1406,0,1307,0,0,1307,T
6-NA,1407,1280,1,0,0,1281,A
6-NA,1408,0,1276,0,0,1276,T
6-NA,1409,1164,0,0,0,1164,A
6-NA,1410,1125,0,0,0,1125,A
7-M,1,65,0,0,0,65,A
7-M,2,0,67,0,0,67,T
7-M,3,0,0,66,0,66,G
7-M,4,68,0,0,0,68,A
7-M,5,0,0,83,0,83,G
7-M,6,0,0,0,93,93,C
7-M,7,0,0,0,100,100,C
7-M,8,0,122,0,0,122,T
7-M,9,1,122,0,0,123,T
7-M,10,0,0,0,124,124,C
7-M,11,0,124,0,0,124,T
7-M,12,125,0,0,0,125,A
7-M,13,125,0,0,0,125,A
7-M,14,0,0,0,124,124,C
7-M,15,0,0,0,124,124,C
7-M,16,0,0,125,0,125,G
7-M,17,127,0,0,0,127,A
7-M,18,0,0,129,0,129,G
7-M,19,0,0,130,0,130,G
7-M,20,1,131,0,0,132,T
7-M,21,0,0,0,132,132,C
7-M,22,0,0,132,0,132,G
7-M,23,133,0,0,0,133,A
7-M,24,133,0,0,1,134,A
7-M,25,136,0,0,0,136,A
7-M,26,0,0,0,151,151,C
7-M,27,0,0,153,0,153,G
7-M,28,0,155,0,0,155,T
7-M,29,155,0,1,0,156,A
7-M,30,0,156,0,0,156,T
7-M,31,0,1,161,0,162,G
7-M,32,0,162,0,0,162,T
7-M,33,0,171,0,0,171,T
7-M,34,0,0,0,177,177,C
7-M,35,0,177,0,0,177,T
7-M,36,0,0,0,185,185,C
7-M,37,0,185,0,0,185,T
7-M,38,0,0,0,196,196,C
7-M,39,0,197,0,0,197,T
7-M,40,198,0,0,0,198,A
7-M,41,0,200,0,0,200,T
7-M,42,0,0,0,199,199,C
7-M,43,0,0,201,0,201,G
7-M,44,0,202,0,0,202,T
7-M,45,0,204,0,0,204,T
7-M,46,0,2,0,209,211,C
7-M,47,0,0,0,225,225,C
7-M,48,225,0,1,0,226,A
7-M,49,0,225,0,1,226,T
7-M,50,0,0,0,226,226,C
7-M,51,227,0,0,0,227,A
7-M,52,0,0,227,0,227,G
7-M,53,0,1,226,0,227,G
7-M,54,0,0,0,228,228,C
7-M,55,0,0,0,227,227,C
7-M,56,0,0,0,225,225,C
7-M,57,0,0,0,237,237,C
7-M,58,0,0,0,238,238,C
7-M,59,0,239,0,0,239,T
7-M,60,0,0,0,240,240,C
7-M,61,239,0,0,0,239,A
7-M,62,239,0,0,0,239,A
7-M,63,243,0,2,0,245,A
7-M,64,0,0,249,0,249,G
7-M,65,0,0,0,249,249,C
7-M,66,0,0,0,248,248,C
7-M,67,0,1,247,0,248,G
7-M,68,250,0,0,0,250,A
7-M,69,0,0,250,0,250,G
7-M,70,252,0,0,0,252,A
7-M,71,0,252,0,0,252,T
7-M,72,0,0,0,249,249,C
7-M,73,0,1,250,0,251,G
7-M,74,0,0,0,255,255,C
7-M,75,1,0,256,0,257,G
7-M,76,0,0,0,256,256,C
7-M,77,256,0,1,0,257,A
7-M,78,0,0,261,0,261,G
7-M,79,258,0,1,0,259,A
7-M,80,0,1,282,0,283,G
7-M,81,280,0,0,0,280,A
7-M,82,0,0,0,288,288,C
7-M,83,0,288,0,0,288,T
7-M,84,0,288,0,0,288,T
7-M,85,0,0,287,0,287,G
7-M,86,288,0,0,0,288,A
7-M,87,287,0,0,0,287,A
7-M,88,0,0,286,0,286,G
7-M,89,280,0,0,0,280,A
7-M,90,0,284,0,1,285,T
7-M,91,0,0,286,0,286,G
7-M,92,0,287,0,0,287,T
7-M,93,0,0,0,286,286,C
7-M,94,0,283,0,1,284,T
7-M,95,0,284,1,0,285,T
7-M,96,0,286,0,0,286,T
7-M,97,0,0,287,0,287,G
7-M,98,0,0,0,287,287,C
7-M,99,0,279,0,0,279,T
7-M,100,0,1,288,0,289,G
7-M,101,1,0,285,0,286,G
7-M,102,1,0,295,0,296,G
7-M,103,296,0,0,0,296,A
7-M,104,296,0,0,0,296,A
7-M,105,297,0,0,0,297,A
7-M,106,298,0,0,0,298,A
7-M,107,302,0,1,1,304,A
7-M,108,0,0,0,304,304,C
7-M,109,302,0,0,0,302,A
7-M,110,0,1,0,303,304,C
7-M,111,302,0,0,1,303,A
7-M,112,0,0,306,0,306,G
7-M,113,310,0,0,0,310,A
7-M,114,0,314,0,0,314,T
7-M,115,0,0,0,320,320,C
7-M,116,0,320,0,0,320,T
7-M,117,0,321,0,0,321,T
7-M,118,0,0,320,0,320,G
7-M,119,318,0,0,0,318,A
7-M,120,0,0,319,0,319,G
7-M,121,0,1,314,0,315,G
7-M,122,0,0,0,316,316,C
7-M,123,0,313,0,2,315,T
7-M,124,0,0,0,351,351,C
7-M,125,0,351,0,0,351,T
7-M,126,1,0,0,349,350,C
7-M,127,350,1,1,0,352,A
7-M,128,0,354,0,0,354,T
7-M,129,0,0,354,0,354,G
7-M,130,0,0,356,0,356,G
7-M,131,351,1,0,0,352,A
7-M,132,351,0,0,0,351,A
7-M,133,0,341,0,0,341,T
7-M,134,0,0,361,0,361,G
7-M,135,0,0,374,0,374,G
7-M,136,1,1,0,371,373,C
7-M,137,0,374,0,0,374,T
7-M,138,376,0,0,0,376,A
7-M,139,375,0,0,0,375,A
7-M,140,379,0,1,0,380,A
7-M,141,0,0,389,0,389,G
7-M,142,391,0,0,0,391,A
7-M,143,0,0,0,388,388,C
7-M,144,370,0,1,0,371,A
7-M,145,370,0,0,0,370,A
7-M,146,0,0,371,0,371,G
7-M,147,371,0,0,0,371,A
7-M,148,0,0,0,376,376,C
7-M,149,0,0,0,377,377,C
7-M,150,376,1,0,0,377,A
7-M,151,382,0,0,0,382,A
7-M,152,0,383,0,0,383,T
7-M,153,0,382,0,0,382,T
7-M,154,1,0,0,387,388,C
7-M,155,0,385,0,0,385,T
7-M,156,0,0,388,0,388,G
7-M,157,0,387,0,0,387,T
7-M,158,0,0,0,386,386,C
7-M,159,388,0,1,0,389,A
7-M,160,0,0,0,406,406,C
7-M,161,1,0,0,405,406,C
7-M,162,0,405,0,0,405,T
7-M,163,0,0,0,406,406,C
7-M,164,0,405,0,0,405,T
7-M,165,0,0,421,0,421,G
7-M,166,420,0,1,0,421,A
7-M,167,0,1,0,421,422,C
7-M,168,0,418,1,0,419,T
7-M,169,413,0,0,0,413,A
7-M,170,410,0,0,0,410,A
7-M,171,1,0,410,0,411,G
7-M,172,0,0,409,0,409,G
7-M,173,0,0,411,0,411,G
7-M,174,0,0,408,0,408,G
7-M,175,413,0,0,0,413,A
7-M,176,0,413,0,0,413,T
7-M,177,0,414,0,0,414,T
7-M,178,0,415,0,0,415,T
7-M,179,0,411,0,0,411,T
7-M,180,0,0,412,0,412,G
7-M,181,1,0,413,0,414,G
7-M,182,0,1,416,0,417,G
7-M,183,0,0,421,0,421,G
7-M,184,0,411,0,0,411,T
7-M,185,0,417,0,0,417,T
7-M,186,0,414,0,0,414,T
7-M,187,0,0,423,0,423,G
7-M,188,0,424,0,0,424,T
7-M,189,0,0,428,0,428,G
7-M,190,0,428,0,0,428,T
7-M,191,0,426,0,0,426,T
7-M,192,0,0,0,435,435,C
7-M,193,433,0,0,0,433,A
7-M,194,0,0,0,445,445,C
7-M,195,0,0,444,0,444,G
7-M,196,0,0,0,446,446,C
7-M,197,0,443,0,0,443,T
7-M,198,2,0,0,456,458,C
7-M,199,460,0,0,0,460,A
7-M,200,0,0,0,462,462,C
7-M,201,0,2,0,457,459,C
7-M,202,1,0,459,0,460,G
7-M,203,0,459,2,0,461,T
7-M,204,0,0,464,0,464,G
7-M,205,0,0,0,464,464,C
7-M,206,3,0,0,461,464,C
7-M,207,0,0,0,468,468,C
7-M,208,458,0,3,0,461,A
7-M,209,1,0,468,0,469,G
7-M,210,0,470,0,0,470,T
7-M,211,0,0,472,0,472,G
7-M,212,472,0,0,0,472,A
7-M,213,0,0,473,0,473,G
7-M,214,0,0,0,469,469,C
7-M,215,0,0,471,0,471,G
7-M,216,470,0,0,0,470,A
7-M,217,0,0,481,0,481,G
7-M,218,0,0,481,0,481,G
7-M,219,477,0,1,0,478,A
7-M,220,0,0,0,494,494,C
7-M,221,0,486,0,0,486,T
7-M,222,0,0,487,0,487,G
7-M,223,0,0,0,487,487,C
7-M,224,486,0,0,0,486,A
7-M,225,0,0,501,0,501,G
7-M,226,0,0,0,498,498,C
7-M,227,0,0,502,0,502,G
7-M,228,0,503,0,0,503,T
7-M,229,496,0,0,0,496,A
7-M,230,0,0,494,0,494,G
7-M,231,493,0,1,0,494,A
7-M,232,0,0,0,496,496,C
7-M,233,0,0,502,0,502,G
7-M,234,0,0,0,500,500,C
7-M,235,0,495,0,0,495,T
7-M,236,0,495,0,0,495,T
7-M,237,0,497,0,0,497,T
7-M,238,0,0,509,0,509,G
7-M,239,0,504,0,1,505,T
7-M,240,0,0,0,507,507,C
7-M,241,0,0,0,510,510,C
7-M,242,505,0,0,0,505,A
7-M,243,504,0,0,0,504,A
7-M,244,505,0,0,0,505,A
7-M,245,504,0,1,0,505,A
7-M,246,0,507,0,0,507,T
7-M,247,0,0,500,0,500,G
7-M,248,0,0,0,499,499,C
7-M,249,1,1,0,501,503,C
7-M,250,1,0,0,502,503,C
7-M,251,0,507,0,0,507,T
7-M,252,1,0,0,531,532,C
7-M,253,535,0,0,0,535,A
7-M,254,535,0,0,0,535,A
7-M,255,0,536,0,0,536,T
7-M,256,0,0,541,0,541,G
7-M,257,0,3,540,0,543,G
7-M,258,0,1,553,0,554,G
7-M,259,550,0,0,0,550,A
7-M,260,551,0,0,0,551,A
7-M,261,0,532,0,0,532,T
7-M,262,0,1,534,0,535,G
7-M,263,0,1,532,0,533,G
7-M,264,529,0,0,0,529,A
7-M,265,0,2,528,0,530,G
7-M,266,521,0,1,0,522,A
7-M,267,0,0,0,520,520,C
7-M,268,0,0,0,537,537,C
7-M,269,0,0,0,545,545,C
7-M,270,558,0,0,0,558,A
7-M,271,556,0,1,0,557,A
7-M,272,557,0,0,0,557,A
7-M,273,0,560,0,0,560,T
7-M,274,572,0,0,0,572,A
7-M,275,574,0,1,0,575,A
7-M,276,0,0,0,555,555,C
7-M,277,554,0,0,0,554,A
7-M,278,0,553,0,0,553,T
7-M,279,0,1,558,0,559,G
7-M,280,0,0,557,0,557,G
7-M,281,557,0,1,0,558,A
7-M,282,0,0,0,558,558,C
7-M,283,550,0,0,0,550,A
7-M,284,554,0,1,0,555,A
7-M,285,551,0,2,0,553,A
7-M,286,0,0,555,0,555,G
7-M,287,0,0,0,581,581,C
7-M,288,573,0,1,0,574,A
7-M,289,0,0,585,0,585,G
7-M,290,1,581,0,1,583,T
7-M,291,0,584,0,0,584,T
7-M,292,587,0,1,0,588,A
7-M,293,584,0,0,0,584,A
7-M,294,586,0,1,0,587,A
7-M,295,0,1,0,589,590,C
7-M,296,0,575,0,0,575,T
7-M,297,0,0,621,0,621,G
7-M,298,0,617,0,0,617,T
7-M,299,617,0,0,0,617,A
7-M,300,0,616,0,0,616,T
7-M,301,609,0,0,0,609,A
7-M,302,0,2,609,0,611,G
7-M,303,574,0,1,0,575,A
7-M,304,579,0,0,0,579,A
7-M,305,577,0,0,0,577,A
7-M,306,587,0,1,0,588,A
7-M,307,0,0,0,596,596,C
7-M,308,0,591,0,1,592,T
7-M,309,1,593,1,0,595,T
7-M,310,593,0,0,0,593,A
7-M,311,593,0,0,0,593,A
7-M,312,0,1,596,0,597,G
7-M,313,594,0,0,0,594,A
7-M,314,1,0,594,0,595,G
7-M,315,0,0,595,0,595,G
7-M,316,0,2,594,0,596,G
7-M,317,591,0,2,0,593,A
7-M,318,0,0,601,0,601,G
7-M,319,603,0,1,0,604,A
7-M,320,0,600,0,1,601,T
7-M,321,600,0,1,0,601,A
7-M,322,606,0,1,0,607,A
7-M,323,0,0,0,613,613,C
7-M,324,0,0,612,0,612,G
7-M,325,0,616,0,0,616,T
7-M,326,0,610,0,0,610,T
7-M,327,0,0,0,615,615,C
7-M,328,3,0,0,609,612,C
7-M,329,613,0,0,0,613,A
7-M,330,0,611,0,0,611,T
7-M,331,0,1,603,0,604,G
7-M,332,0,2,609,0,611,G
7-M,333,1,0,601,0,602,G
7-M,334,0,0,604,0,604,G
7-M,335,0,0,0,601,601,C
7-M,336,1,0,0,603,604,C
7-M,337,610,0,0,0,610,A
7-M,338,616,0,0,0,616,A
7-M,339,617,0,0,0,617,A
7-M,340,0,0,621,0,621,G
7-M,341,627,1,0,0,628,A
7-M,342,622,0,1,0,623,A
7-M,343,624,1,0,0,625,A
7-M,344,0,624,0,0,624,T
7-M,345,625,0,0,0,625,A
7-M,346,0,0,630,0,630,G
7-M,347,0,0,0,626,626,C
7-M,348,1,622,0,0,623,T
7-M,349,3,0,0,625,628,C
7-M,350,0,624,0,0,624,T
7-M,351,1,2,0,643,646,C
7-M,352,644,1,0,0,645,A
7-M,353,0,0,644,0,644,G
7-M,354,1,640,0,0,641,T
7-M,355,0,650,0,0,650,T
7-M,356,651,0,0,0,651,A
7-M,357,0,650,0,0,650,T
7-M,358,0,649,0,0,649,T
7-M,359,0,0,0,653,653,C
7-M,360,1,636,0,1,638,T
7-M,361,0,0,642,0,642,G
7-M,362,0,0,0,637,637,C
7-M,363,0,639,0,0,639,T
7-M,364,1,0,639,0,640,G
7-M,365,0,0,638,0,638,G
7-M,366,0,639,0,0,639,T
7-M,367,0,0,636,0,636,G
7-M,368,0,0,0,639,639,C
7-M,369,638,1,0,0,639,A
7-M,370,0,0,0,639,639,C
7-M,371,0,623,0,0,623,T
7-M,372,0,632,0,1,633,T
7-M,373,0,1,629,0,630,G
7-M,374,0,2,0,629,631,C
7-M,375,0,0,0,634,634,C
7-M,376,631,0,0,0,631,A
7-M,377,0,1,631,0,632,G
7-M,378,0,632,0,0,632,T
7-M,379,0,635,0,1,636,T
7-M,380,0,1,636,0,637,G
7-M,381,0,1,0,625,626,C
7-M,382,623,0,0,0,623,A
7-M,383,0,623,0,1,624,T
7-M,384,0,1,620,0,621,G
7-M,385,0,1,633,0,634,G
7-M,386,0,0,637,0,637,G
7-M,387,0,0,0,642,642,C
7-M,388,0,0,0,652,652,C
7-M,389,0,654,0,0,654,T
7-M,390,2,0,0,662,664,C
7-M,391,699,0,0,1,700,A
7-M,392,0,702,0,0,702,T
7-M,393,717,1,0,0,718,A
7-M,394,0,709,0,0,709,T
7-M,395,697,0,0,0,697,A
7-M,396,0,0,0,747,747,C
7-M,397,721,0,0,0,721,A
7-M,398,724,0,1,0,725,A
7-M,399,0,716,0,0,716,T
7-M,400,698,0,0,0,698,A
7-M,401,0,1,704,0,705,G
7-M,402,0,0,695,0,695,G
7-M,403,690,0,0,0,690,A
7-M,404,0,691,0,0,691,T
7-M,405,0,0,638,0,638,G
7-M,406,1,2,637,0,640,G
7-M,407,0,1,638,0,639,G
7-M,408,0,0,639,0,639,G
7-M,409,0,0,639,0,639,G
7-M,410,0,0,0,633,633,C
7-M,411,0,623,0,0,623,T
7-M,412,0,0,627,0,627,G
7-M,413,0,628,0,0,628,T
7-M,414,625,0,0,0,625,A
7-M,415,626,0,0,0,626,A
7-M,416,0,0,0,630,630,C
7-M,417,0,0,0,620,620,C
7-M,418,610,1,0,0,611,A
7-M,419,0,0,0,612,612,C
7-M,420,0,608,0,0,608,T
7-M,421,0,1,619,0,620,G
7-M,422,618,0,0,0,618,A
7-M,423,611,0,0,0,611,A
7-M,424,0,0,615,0,615,G
7-M,425,1,608,0,1,610,T
7-M,426,0,2,606,0,608,G
7-M,427,0,1,610,0,611,G
7-M,428,0,0,0,615,615,C
7-M,429,611,0,0,0,611,A
7-M,430,0,608,0,0,608,T
7-M,431,1,607,0,1,609,T
7-M,432,0,608,0,0,608,T
7-M,433,0,0,626,0,626,G
7-M,434,1,1,626,0,628,G
7-M,435,0,0,0,627,627,C
7-M,436,0,1,0,628,629,C
7-M,437,0,627,0,0,627,T
7-M,438,0,0,667,0,667,G
7-M,439,0,0,670,0,670,G
7-M,440,0,671,0,0,671,T
7-M,441,675,1,0,0,676,A
7-M,442,0,648,0,0,648,T
7-M,443,0,0,667,0,667,G
7-M,444,0,673,0,1,674,T
7-M,445,1,0,670,0,671,G
7-M,446,0,1,0,671,672,C
7-M,447,643,0,0,0,643,A
7-M,448,640,0,0,0,640,A
7-M,449,0,0,0,647,647,C
7-M,450,645,0,0,0,645,A
7-M,451,0,649,0,0,649,T
7-M,452,0,0,636,0,636,G
7-M,453,0,621,0,0,621,T
7-M,454,0,1,618,0,619,G
7-M,455,620,0,1,0,621,A
7-M,456,0,0,619,0,619,G
7-M,457,1,0,0,619,620,C
7-M,458,608,0,0,0,608,A
7-M,459,0,0,614,0,614,G
7-M,460,610,0,0,0,610,A
7-M,461,0,612,0,0,612,T
7-M,462,0,610,0,0,610,T
7-M,463,1,0,613,0,614,G
7-M,464,0,0,0,616,616,C
7-M,465,0,613,0,1,614,T
7-M,466,0,0,611,0,611,G
7-M,467,609,0,1,0,610,A
7-M,468,0,0,0,636,636,C
7-M,469,0,632,0,0,632,T
7-M,470,3,0,0,629,632,C
7-M,471,0,0,0,630,630,C
7-M,472,0,0,0,636,636,C
7-M,473,638,0,0,0,638,A
7-M,474,0,0,645,0,645,G
7-M,475,0,0,0,646,646,C
7-M,476,644,1,0,0,645,A
7-M,477,0,0,0,643,643,C
7-M,478,581,0,0,0,581,A
7-M,479,0,0,587,0,587,G
7-M,480,0,0,589,0,589,G
7-M,481,0,587,0,0,587,T
7-M,482,0,0,0,601,601,C
7-M,483,0,590,0,2,592,T
7-M,484,1,0,0,601,602,C
7-M,485,602,0,0,0,602,A
7-M,486,0,601,0,0,601,T
7-M,487,600,0,0,0,600,A
7-M,488,0,0,589,0,589,G
7-M,489,1,0,585,0,586,G
7-M,490,0,1,0,587,588,C
7-M,491,569,0,1,0,570,A
7-M,492,0,1,565,0,566,G
7-M,493,567,0,1,0,568,A
7-M,494,0,569,0,0,569,T
7-M,495,0,0,568,0,568,G
7-M,496,0,0,561,0,561,G
7-M,497,0,551,0,0,551,T
7-M,498,0,0,563,0,563,G
7-M,499,1,0,567,0,568,G
7-M,500,1,0,0,567,568,C
7-M,501,565,0,0,0,565,A
7-M,502,565,0,0,0,565,A
7-M,503,0,0,0,574,574,C
7-M,504,572,0,1,0,573,A
7-M,505,576,0,0,0,576,A
7-M,506,0,0,1,576,577,C
7-M,507,0,0,0,566,566,C
7-M,508,560,0,1,0,561,A
7-M,509,562,0,0,0,562,A
7-M,510,0,563,0,0,563,T
7-M,511,0,0,0,563,563,C
7-M,512,0,0,0,557,557,C
7-M,513,555,0,0,0,555,A
7-M,514,0,551,0,0,551,T
7-M,515,0,552,0,0,552,T
7-M,516,556,0,0,0,556,A
7-M,517,556,1,0,0,557,A
7-M,518,0,554,0,0,554,T
7-M,519,551,0,1,0,552,A
7-M,520,549,0,0,0,549,A
7-M,521,546,0,0,0,546,A
7-M,522,546,0,0,0,546,A
7-M,523,0,1,0,555,556,C
7-M,524,552,0,0,0,552,A
7-M,525,0,551,1,0,552,T
7-M,526,1,0,551,0,552,G
7-M,527,551,0,0,0,551,A
7-M,528,0,0,552,0,552,G
7-M,529,550,0,0,0,550,A
7-M,530,555,0,0,0,555,A
7-M,531,0,0,0,554,554,C
7-M,532,534,0,0,0,534,A
7-M,533,0,0,547,0,547,G
7-M,534,538,0,0,0,538,A
7-M,535,541,0,0,0,541,A
7-M,536,0,539,0,1,540,T
7-M,537,1,0,538,0,539,G
7-M,538,0,0,537,0,537,G
7-M,539,0,537,0,0,537,T
7-M,540,0,522,0,1,523,T
7-M,541,0,531,0,1,532,T
7-M,542,0,537,0,0,537,T
7-M,543,0,0,541,0,541,G
7-M,544,0,0,540,0,540,G
7-M,545,0,1,0,541,542,C
7-M,546,0,0,0,542,542,C
7-M,547,529,0,1,0,530,A
7-M,548,0,0,546,0,546,G
7-M,549,0,0,0,547,547,C
7-M,550,552,0,0,0,552,A
7-M,551,0,0,0,562,562,C
7-M,552,0,552,0,0,552,T
7-M,553,556,0,1,0,557,A
7-M,554,0,0,0,564,564,C
7-M,555,572,0,0,1,573,A
7-M,556,0,0,586,0,586,G
7-M,557,0,0,0,565,565,C
7-M,558,0,558,0,0,558,T
7-M,559,555,0,0,0,555,A
7-M,560,549,0,0,0,549,A
7-M,561,0,0,557,0,557,G
7-M,562,0,1,558,0,559,G
7-M,563,0,0,0,558,558,C
7-M,564,0,518,0,0,518,T
7-M,565,526,0,0,0,526,A
7-M,566,0,524,0,0,524,T
7-M,567,0,1,525,0,526,G
7-M,568,0,1,531,0,532,G
7-M,569,522,0,0,0,522,A
7-M,570,1,0,524,0,525,G
7-M,571,1,0,0,520,521,C
7-M,572,516,1,0,0,517,A
7-M,573,517,0,0,0,517,A
7-M,574,515,0,0,0,515,A
7-M,575,0,523,0,0,523,T
7-M,576,0,1,523,0,524,G
7-M,577,0,0,520,0,520,G
7-M,578,0,0,0,521,521,C
7-M,579,0,522,0,1,523,T
7-M,580,0,0,523,0,523,G
7-M,581,0,1,527,0,528,G
7-M,582,528,0,0,0,528,A
7-M,583,0,523,0,1,524,T
7-M,584,2,0,0,519,521,C
7-M,585,518,0,2,0,520,A
7-M,586,523,0,0,0,523,A
7-M,587,0,0,525,0,525,G
7-M,588,0,521,1,0,522,T
7-M,589,0,0,522,0,522,G
7-M,590,510,0,0,0,510,A
7-M,591,13,0,502,0,515,G
7-M,592,0,0,0,517,517,C
7-M,593,513,0,0,0,513,A
7-M,594,0,0,519,0,519,G
7-M,595,0,0,519,0,519,G
7-M,596,0,1,0,519,520,C
7-M,597,516,1,0,0,517,A
7-M,598,0,0,520,0,520,G
7-M,599,1,0,0,518,519,C
7-M,600,0,0,517,0,517,G
7-M,601,0,0,516,0,516,G
7-M,602,516,0,0,0,516,A
7-M,603,0,1,523,0,524,G
7-M,604,0,0,534,0,534,G
7-M,605,0,0,0,532,532,C
7-M,606,0,0,0,534,534,C
7-M,607,533,0,0,0,533,A
7-M,608,0,535,0,0,535,T
7-M,609,0,0,533,0,533,G
7-M,610,0,0,534,0,534,G
7-M,611,533,0,0,0,533,A
7-M,612,0,0,534,0,534,G
7-M,613,518,0,0,0,518,A
7-M,614,0,537,0,0,537,T
7-M,615,0,536,0,0,536,T
7-M,616,0,0,537,0,537,G
7-M,617,0,0,1,536,537,C
7-M,618,0,533,0,0,533,T
7-M,619,541,0,0,0,541,A
7-M,620,0,0,541,0,541,G
7-M,621,1,536,0,1,538,T
7-M,622,0,0,0,539,539,C
7-M,623,524,0,0,0,524,A
7-M,624,1,0,532,0,533,G
7-M,625,0,0,535,0,535,G
7-M,626,0,0,0,532,532,C
7-M,627,0,0,0,529,529,C
7-M,628,535,0,0,0,535,A
7-M,629,0,0,546,0,546,G
7-M,630,0,0,547,0,547,G
7-M,631,0,1,0,546,547,C
7-M,632,546,0,0,0,546,A
7-M,633,0,0,546,0,546,G
7-M,634,544,0,0,0,544,A
7-M,635,0,546,0,0,546,T
7-M,636,0,0,549,0,549,G
7-M,637,0,0,574,0,574,G
7-M,638,0,565,0,0,565,T
7-M,639,0,0,561,0,561,G
7-M,640,0,0,0,565,565,C
7-M,641,563,1,1,0,565,A
7-M,642,0,0,575,0,575,G
7-M,643,0,0,570,0,570,G
7-M,644,0,0,0,573,573,C
7-M,645,571,0,0,0,571,A
7-M,646,564,0,0,0,564,A
7-M,647,0,562,0,0,562,T
7-M,648,0,0,561,0,561,G
7-M,649,559,0,1,0,560,A
7-M,650,0,0,562,0,562,G
7-M,651,546,0,1,0,547,A
7-M,652,0,0,550,0,550,G
7-M,653,0,1,0,554,555,C
7-M,654,0,0,0,566,566,C
7-M,655,569,0,0,0,569,A
7-M,656,0,565,0,0,565,T
7-M,657,0,566,0,0,566,T
7-M,658,0,0,568,0,568,G
7-M,659,0,1,568,0,569,G
7-M,660,0,1,567,0,568,G
7-M,661,570,0,2,0,572,A
7-M,662,0,0,0,570,570,C
7-M,663,0,551,0,0,551,T
7-M,664,0,0,0,550,550,C
7-M,665,558,0,0,0,558,A
7-M,666,0,575,0,0,575,T
7-M,667,0,0,0,580,580,C
7-M,668,0,0,0,581,581,C
7-M,669,0,582,0,0,582,T
7-M,670,579,0,0,0,579,A
7-M,671,0,0,589,0,589,G
7-M,672,0,648,0,1,649,T
7-M,673,1,641,0,0,642,T
7-M,674,1,0,0,625,626,C
7-M,675,0,0,0,608,608,C
7-M,676,605,0,0,0,605,A
7-M,677,0,0,615,0,615,G
7-M,678,0,613,0,0,613,T
7-M,679,616,0,0,0,616,A
7-M,680,0,0,0,611,611,C
7-M,681,0,547,0,0,547,T
7-M,682,0,1,571,0,572,G
7-M,683,0,0,587,0,587,G
7-M,684,0,591,0,0,591,T
7-M,685,0,1,0,589,590,C
7-M,686,0,583,0,1,584,T
7-M,687,584,0,0,0,584,A
7-M,688,583,0,0,0,583,A
7-M,689,0,0,586,0,586,G
7-M,690,580,0,0,0,580,A
7-M,691,0,0,559,0,559,G
7-M,692,527,0,0,0,527,A
7-M,693,0,528,0,0,528,T
7-M,694,0,1,527,0,528,G
7-M,695,527,0,1,0,528,A
7-M,696,0,524,0,1,525,T
7-M,697,0,0,0,527,527,C
7-M,698,0,518,0,0,518,T
7-M,699,0,515,0,1,516,T
7-M,700,1,0,0,518,519,C
7-M,701,1,516,0,0,517,T
7-M,702,0,519,0,0,519,T
7-M,703,0,0,518,0,518,G
7-M,704,517,0,0,1,518,A
7-M,705,517,1,0,0,518,A
7-M,706,519,0,0,0,519,A
7-M,707,516,0,0,0,516,A
7-M,708,0,520,0,0,520,T
7-M,709,0,518,0,0,518,T
7-M,710,0,521,0,0,521,T
7-M,711,0,0,521,0,521,G
7-M,712,0,0,0,520,520,C
7-M,713,516,0,0,0,516,A
7-M,714,0,0,519,0,519,G
7-M,715,517,0,2,0,519,A
7-M,716,1,0,0,531,532,C
7-M,717,0,0,0,528,528,C
7-M,718,0,525,0,0,525,T
7-M,719,533,0,0,0,533,A
7-M,720,0,531,0,1,532,T
7-M,721,0,0,0,533,533,C
7-M,722,534,1,0,0,535,A
7-M,723,0,0,534,0,534,G
7-M,724,533,0,0,0,533,A
7-M,725,515,0,0,0,515,A
7-M,726,516,0,0,0,516,A
7-M,727,1,1,0,515,517,C
7-M,728,0,0,518,0,518,G
7-M,729,514,0,0,0,514,A
7-M,730,514,0,0,0,514,A
7-M,731,0,517,0,0,517,T
7-M,732,0,0,517,0,517,G
7-M,733,0,1,522,0,523,G
7-M,734,0,0,523,0,523,G
7-M,735,0,0,519,0,519,G
7-M,736,0,1,528,0,529,G
7-M,737,0,520,0,0,520,T
7-M,738,0,0,515,0,515,G
7-M,739,0,0,0,526,526,C
7-M,740,524,1,0,0,525,A
7-M,741,0,0,528,0,528,G
7-M,742,522,0,0,0,522,A
7-M,743,0,517,0,0,517,T
7-M,744,0,0,515,0,515,G
7-M,745,0,0,0,512,512,C
7-M,746,511,0,1,0,512,A
7-M,747,512,0,2,1,515,A
7-M,748,0,1,0,515,516,C
7-M,749,0,0,521,0,521,G
7-M,750,528,0,0,0,528,A
7-M,751,0,525,0,0,525,T
7-M,752,0,524,0,1,525,T
7-M,753,1,0,0,526,527,C
7-M,754,525,0,2,0,527,A
7-M,755,527,0,0,0,527,A
7-M,756,0,0,529,0,529,G
7-M,757,0,517,0,0,517,T
7-M,758,0,2,512,0,514,G
7-M,759,510,0,0,0,510,A
7-M,760,0,1,0,509,510,C
7-M,761,0,0,0,510,510,C
7-M,762,0,0,0,504,504,C
7-M,763,0,0,509,0,509,G
7-M,764,0,0,0,509,509,C
7-M,765,0,507,0,0,507,T
7-M,766,0,509,0,0,509,T
7-M,767,0,0,512,0,512,G
7-M,768,0,511,0,0,511,T
7-M,769,0,510,0,1,511,T
7-M,770,0,0,511,0,511,G
7-M,771,0,496,0,0,496,T
7-M,772,1,490,0,0,491,T
7-M,773,0,0,493,0,493,G
7-M,774,0,0,0,492,492,C
7-M,775,2,0,0,486,488,C
7-M,776,0,0,490,0,490,G
7-M,777,1,0,0,487,488,C
7-M,778,0,0,490,0,490,G
7-M,779,491,0,0,0,491,A
7-M,780,491,0,0,0,491,A
7-M,781,0,497,0,0,497,T
7-M,782,493,1,0,0,494,A
7-M,783,0,497,0,0,497,T
7-M,784,1,0,0,503,504,C
7-M,785,505,0,0,0,505,A
7-M,786,1,504,0,0,505,T
7-M,787,0,500,0,0,500,T
7-M,788,0,0,499,0,499,G
7-M,789,0,0,497,0,497,G
7-M,790,1,0,496,0,497,G
7-M,791,497,0,0,0,497,A
7-M,792,1,494,0,0,495,T
7-M,793,1,0,0,485,486,C
7-M,794,0,485,0,0,485,T
7-M,795,0,485,0,1,486,T
7-M,796,0,0,490,0,490,G
7-M,797,0,0,0,488,488,C
7-M,798,490,0,0,0,490,A
7-M,799,0,0,0,490,490,C
7-M,800,0,478,0,0,478,T
7-M,801,0,475,0,0,475,T
7-M,802,0,0,476,0,476,G
7-M,803,485,0,1,1,487,A
7-M,804,0,488,0,0,488,T
7-M,805,477,0,0,0,477,A
7-M,806,0,476,0,0,476,T
7-M,807,0,465,0,1,466,T
7-M,808,0,0,469,0,469,G
7-M,809,0,463,0,3,466,T
7-M,810,0,0,465,0,465,G
7-M,811,0,0,464,0,464,G
7-M,812,448,0,0,0,448,A
7-M,813,0,445,0,1,446,T
7-M,814,0,444,0,0,444,T
7-M,815,1,0,0,444,445,C
7-M,816,0,447,0,0,447,T
7-M,817,0,442,0,2,444,T
7-M,818,0,0,444,0,444,G
7-M,819,441,0,0,0,441,A
7-M,820,0,442,0,0,442,T
7-M,821,0,0,0,437,437,C
7-M,822,0,0,437,0,437,G
7-M,823,0,436,0,0,436,T
7-M,824,0,0,0,433,433,C
7-M,825,0,433,0,1,434,T
7-M,826,0,431,0,0,431,T
7-M,827,0,0,0,430,430,C
7-M,828,0,433,0,0,433,T
7-M,829,0,436,0,0,436,T
7-M,830,1,434,0,1,436,T
7-M,831,1,435,0,1,437,T
7-M,832,0,0,0,436,436,C
7-M,833,435,0,0,0,435,A
7-M,834,436,0,0,1,437,A
7-M,835,436,0,0,0,436,A
7-M,836,0,433,0,0,433,T
7-M,837,1,0,431,0,432,G
7-M,838,0,1,0,426,427,C
7-M,839,0,0,428,0,428,G
7-M,840,0,428,0,0,428,T
7-M,841,1,0,0,429,430,C
7-M,842,0,430,0,0,430,T
7-M,843,430,1,0,0,431,A
7-M,844,0,431,0,0,431,T
7-M,845,0,0,0,428,428,C
7-M,846,0,0,429,0,429,G
7-M,847,428,0,0,0,428,A
7-M,848,0,0,0,427,427,C
7-M,849,0,413,0,0,413,T
7-M,850,0,0,0,428,428,C
7-M,851,0,426,0,0,426,T
7-M,852,0,425,0,3,428,T
7-M,853,1,0,0,426,427,C
7-M,854,428,0,0,0,428,A
7-M,855,430,0,0,0,430,A
7-M,856,430,0,0,0,430,A
7-M,857,0,0,0,430,430,C
7-M,858,421,0,0,0,421,A
7-M,859,0,0,0,404,404,C
7-M,860,0,0,393,0,393,G
7-M,861,0,0,410,0,410,G
7-M,862,1,0,0,410,411,C
7-M,863,0,0,0,412,412,C
7-M,864,0,409,0,0,409,T
7-M,865,0,412,0,0,412,T
7-M,866,413,0,0,0,413,A
7-M,867,414,0,0,0,414,A
7-M,868,414,0,0,0,414,A
7-M,869,413,0,0,0,413,A
7-M,870,0,0,412,0,412,G
7-M,871,351,0,0,0,351,A
7-M,872,0,1,349,0,350,G
7-M,873,0,0,349,0,349,G
7-M,874,0,0,0,350,350,C
7-M,875,1,0,0,344,345,C
7-M,876,0,1,0,341,342,C
7-M,877,0,341,0,0,341,T
7-M,878,0,344,0,0,344,T
7-M,879,0,0,0,345,345,C
7-M,880,0,344,0,0,344,T
7-M,881,343,0,1,0,344,A
7-M,882,0,1,0,344,345,C
7-M,883,0,1,333,0,334,G
7-M,884,0,0,335,0,335,G
7-M,885,322,0,0,0,322,A
7-M,886,318,0,0,0,318,A
7-M,887,0,0,314,0,314,G
7-M,888,0,0,314,0,314,G
7-M,889,309,0,0,0,309,A
7-M,890,0,0,313,0,313,G
7-M,891,0,313,0,0,313,T
7-M,892,314,1,0,0,315,A
7-M,893,0,0,0,315,315,C
7-M,894,0,0,0,309,309,C
7-M,895,0,310,0,0,310,T
7-M,896,0,0,309,0,309,G
7-M,897,296,0,0,0,296,A
7-M,898,0,0,301,0,301,G
7-M,899,0,290,0,0,290,T
7-M,900,1,0,0,290,291,C
7-M,901,0,280,0,0,280,T
7-M,902,283,0,0,0,283,A
7-M,903,0,283,0,1,284,T
7-M,904,0,0,283,0,283,G
7-M,905,276,0,0,0,276,A
7-M,906,0,1,274,0,275,G
7-M,907,0,0,251,0,251,G
7-M,908,0,1,251,0,252,G
7-M,909,250,0,0,0,250,A
7-M,910,245,0,0,0,245,A
7-M,911,0,0,244,0,244,G
7-M,912,240,0,0,0,240,A
7-M,913,242,0,0,0,242,A
7-M,914,0,241,0,0,241,T
7-M,915,238,0,0,0,238,A
7-M,916,0,238,0,0,238,T
7-M,917,0,2,0,227,229,C
7-M,918,0,0,229,0,229,G
7-M,919,227,0,0,0,227,A
7-M,920,225,0,0,0,225,A
7-M,921,223,0,0,0,223,A
7-M,922,0,0,220,0,220,G
7-M,923,0,0,223,0,223,G
7-M,924,221,0,0,0,221,A
7-M,925,222,0,0,0,222,A
7-M,926,0,0,0,222,222,C
7-M,927,214,0,0,0,214,A
7-M,928,0,0,218,0,218,G
7-M,929,0,0,0,217,217,C
7-M,930,218,0,0,0,218,A
7-M,931,0,1,217,0,218,G
7-M,932,197,0,0,0,197,A
7-M,933,199,0,0,0,199,A
7-M,934,0,198,0,0,198,T
7-M,935,0,0,198,0,198,G
7-M,936,0,0,0,198,198,C
7-M,937,0,184,0,0,184,T
7-M,938,0,0,183,0,183,G
7-M,939,0,183,0,0,183,T
7-M,940,0,0,181,0,181,G
7-M,941,0,0,180,0,180,G
7-M,942,172,0,0,0,172,A
7-M,943,0,170,0,0,170,T
7-M,944,0,0,165,0,165,G
7-M,945,0,1,0,164,165,C
7-M,946,0,157,0,0,157,T
7-M,947,0,0,155,0,155,G
7-M,948,155,0,0,0,155,A
7-M,949,0,0,0,152,152,C
7-M,950,0,0,148,0,148,G
7-M,951,147,0,0,0,147,A
7-M,952,0,0,0,146,146,C
7-M,953,144,0,0,0,144,A
7-M,954,0,0,144,0,144,G
7-M,955,0,144,0,0,144,T
7-M,956,0,0,0,144,144,C
7-M,957,144,0,0,0,144,A
7-M,958,0,142,0,0,142,T
7-M,959,0,142,0,0,142,T
7-M,960,0,142,0,0,142,T
7-M,961,0,139,0,0,139,T
7-M,962,0,0,139,0,139,G
7-M,963,0,131,0,0,131,T
7-M,964,0,0,0,131,131,C
7-M,965,125,0,0,0,125,A
7-M,966,0,0,124,0,124,G
7-M,967,0,0,0,125,125,C
7-M,968,125,0,0,0,125,A
7-M,969,0,125,0,0,125,T
7-M,970,116,0,0,0,116,A
7-M,971,0,0,116,0,116,G
7-M,972,114,0,0,0,114,A
7-M,973,0,0,113,0,113,G
7-M,974,0,109,0,0,109,T
7-M,975,0,72,0,0,72,T
7-M,976,0,0,71,0,71,G
7-M,977,0,0,70,0,70,G
7-M,978,66,0,0,3,69,A
7-M,979,0,0,69,0,69,G
7-M,980,0,36,0,0,36,T
7-M,981,36,0,0,0,36,A
7-M,982,36,0,0,0,36,A
8-NS,1,557,0,0,0,557,A
8-NS,2,0,561,0,0,561,T
8-NS,3,0,0,604,0,604,G
8-NS,4,0,2,650,0,652,G
8-NS,5,709,0,0,0,709,A
8-NS,6,0,1444,0,0,1444,T
8-NS,7,0,1446,0,2,1448,T
8-NS,8,0,0,0,1494,1494,C
8-NS,9,0,0,0,1494,1494,C
8-NS,10,1498,0,1,0,1499,A
8-NS,11,1513,1,1,0,1515,A
8-NS,12,0,1,0,1517,1518,C
8-NS,13,1520,0,1,0,1521,A
8-NS,14,0,0,0,1539,1539,C
8-NS,15,0,1537,0,1,1538,T
8-NS,16,0,0,1720,0,1720,G
8-NS,17,0,1719,0,0,1719,T
8-NS,18,0,0,1735,0,1735,G
8-NS,19,0,1733,0,3,1736,T
8-NS,20,2,0,0,1733,1735,C
8-NS,21,1735,1,0,0,1736,A
8-NS,22,1739,1,0,0,1740,A
8-NS,23,0,1,1762,0,1763,G
8-NS,24,0,1796,0,1,1797,T
8-NS,25,2,1780,0,1,1783,T
8-NS,26,0,1811,0,0,1811,T
8-NS,27,1,0,0,1812,1813,C
8-NS,28,0,0,0,1818,1818,C
8-NS,29,1815,1,1,0,1817,A
8-NS,30,1,1,1834,0,1836,G
8-NS,31,0,0,1849,0,1849,G
8-NS,32,0,1850,0,1,1851,T
8-NS,33,1849,0,0,0,1849,A
8-NS,34,0,0,1873,0,1873,G
8-NS,35,1870,0,2,0,1872,A
8-NS,36,0,1883,0,0,1883,T
8-NS,37,0,1874,0,0,1874,T
8-NS,38,0,1,1909,0,1910,G
8-NS,39,0,0,0,1906,1906,C
8-NS,40,0,1901,0,4,1905,T
8-NS,41,0,1918,0,1,1919,T
8-NS,42,0,1932,0,1,1933,T
8-NS,43,0,0,0,1971,1971,C
8-NS,44,0,1972,0,1,1973,T
8-NS,45,1,1970,0,1,1972,T
8-NS,46,0,1976,0,0,1976,T
8-NS,47,2,0,1991,0,1993,G
8-NS,48,0,0,1991,0,1991,G
8-NS,49,1,1,0,1994,1996,C
8-NS,50,1992,1,1,0,1994,A
8-NS,51,0,1996,0,0,1996,T
8-NS,52,2012,0,1,0,2013,A
8-NS,53,0,2060,0,0,2060,T
8-NS,54,0,0,0,2057,2057,C
8-NS,55,2,1,0,2056,2059,C
8-NS,56,1,0,2055,0,2056,G
8-NS,57,0,1,2058,1,2060,G
8-NS,58,2063,0,0,1,2064,A
8-NS,59,2075,0,0,0,2075,A
8-NS,60,2074,0,0,0,2074,A
8-NS,61,0,1,1,2099,2101,C
8-NS,62,2099,0,2,0,2101,A
8-NS,63,2103,0,1,0,2104,A
8-NS,64,1,0,2180,0,2181,G
8-NS,65,0,2177,0,3,2180,T
8-NS,66,0,2173,0,2,2175,T
8-NS,67,0,1,2180,0,2181,G
8-NS,68,0,2183,0,0,2183,T
8-NS,69,2177,2,3,0,2182,A
8-NS,70,0,5,2194,0,2199,G
8-NS,71,2324,1,4,0,2329,A
8-NS,72,1,0,0,2354,2355,C
8-NS,73,1,0,0,2333,2334,C
8-NS,74,2335,1,1,0,2337,A
8-NS,75,2347,0,4,0,2351,A
8-NS,76,0,1,2467,0,2468,G
8-NS,77,2464,2,1,0,2467,A
8-NS,78,2492,0,0,0,2492,A
8-NS,79,0,0,0,2496,2496,C
8-NS,80,2,2429,1,0,2432,T
8-NS,81,0,4,2458,0,2462,G
8-NS,82,2454,0,4,0,2458,A
8-NS,83,0,3,2511,0,2514,G
8-NS,84,1,2508,0,1,2510,T
8-NS,85,0,2,2477,0,2479,G
8-NS,86,2483,1,6,0,2490,A
8-NS,87,0,2485,0,1,2486,T
8-NS,88,0,3,2513,0,2516,G
8-NS,89,3,1,0,2560,2564,C
8-NS,90,3,1,0,2566,2570,C
8-NS,91,1,0,0,2571,2572,C
8-NS,92,1,0,0,2570,2571,C
8-NS,93,2582,0,0,0,2582,A
8-NS,94,0,2620,0,0,2620,T
8-NS,95,1,2653,0,1,2655,T
8-NS,96,1,0,0,2672,2673,C
8-NS,97,2,0,0,2655,2657,C
8-NS,98,0,2653,0,4,2657,T
8-NS,99,0,2651,0,0,2651,T
8-NS,100,0,1,2649,0,2650,G
8-NS,101,2639,0,0,0,2639,A
8-NS,102,1,2643,1,1,2646,T
8-NS,103,1,0,0,2629,2630,C
8-NS,104,2,1,2612,0,2615,G
8-NS,105,0,1,2644,1,2646,G
8-NS,106,0,0,0,2648,2648,C
8-NS,107,1,2640,0,1,2642,T
8-NS,108,1,2648,0,0,2649,T
8-NS,109,0,0,0,2646,2646,C
8-NS,110,1,1,2667,0,2669,G
8-NS,111,1,3,0,2663,2667,C
8-NS,112,4,2,0,2661,2667,C
8-NS,113,0,3,2669,0,2672,G
8-NS,114,2657,1,0,0,2658,A
8-NS,115,1,1,2786,0,2788,G
8-NS,116,2784,0,1,0,2785,A
8-NS,117,0,2794,0,0,2794,T
8-NS,118,2,1,1,2796,2800,C
8-NS,119,2792,1,2,0,2795,A
8-NS,120,0,1,2807,0,2808,G
8-NS,121,2795,0,4,0,2799,A
8-NS,122,1,2,2801,0,2804,G
8-NS,123,0,0,2849,0,2849,G
8-NS,124,1,2839,0,2,2842,T
8-NS,125,0,0,0,3016,3016,C
8-NS,126,1,0,0,3018,3019,C
8-NS,127,3,0,1,3026,3030,C
8-NS,128,0,3035,0,1,3036,T
8-NS,129,3033,0,1,1,3035,A
8-NS,130,3035,0,1,0,3036,A
8-NS,131,0,2,3073,0,3075,G
8-NS,132,0,7,3078,0,3085,G
8-NS,133,1,2,3064,0,3067,G
8-NS,134,0,4,2989,0,2993,G
8-NS,135,2987,0,1,0,2988,A
8-NS,136,2985,1,1,0,2987,A
8-NS,137,0,2,3007,0,3009,G
8-NS,138,3085,1,4,0,3090,A
8-NS,139,1,2,3124,0,3127,G
8-NS,140,1,0,3128,0,3129,G
8-NS,141,0,1,0,3131,3132,C
8-NS,142,3122,0,2,1,3125,A
8-NS,143,3127,0,0,0,3127,A
8-NS,144,1,3133,0,3,3137,T
8-NS,145,3165,0,1,0,3166,A
8-NS,146,0,0,2,3203,3205,C
8-NS,147,0,3141,0,4,3145,T
8-NS,148,1,1,0,3150,3152,C
8-NS,149,0,3132,0,1,3133,T
8-NS,150,1,1,0,3144,3146,C
8-NS,151,1,3,3174,0,3178,G
8-NS,152,0,1,3351,0,3352,G
8-NS,153,0,3353,0,3,3356,T
8-NS,154,3,1,0,3356,3360,C
8-NS,155,0,3343,0,0,3343,T
8-NS,156,3381,0,2,0,3383,A
8-NS,157,0,2,3383,0,3385,G
8-NS,158,3391,1,2,0,3394,A
8-NS,159,0,0,0,3480,3480,C
8-NS,160,3436,1,2,0,3439,A
8-NS,161,0,3358,0,1,3359,T
8-NS,162,0,0,0,3364,3364,C
8-NS,163,3360,0,2,0,3362,A
8-NS,164,3366,0,1,0,3367,A
8-NS,165,3335,0,4,0,3339,A
8-NS,166,21,1,3328,0,3350,G
8-NS,167,0,1,0,3364,3365,C
8-NS,168,3313,1,1,0,3315,A
8-NS,169,0,1,3329,0,3330,G
8-NS,170,1,0,0,3337,3338,C
8-NS,171,2,2,0,3337,3341,C
8-NS,172,3353,0,0,0,3353,A
8-NS,173,1,1,0,3401,3403,C
8-NS,174,2,2,0,3402,3406,C
8-NS,175,4,0,0,3401,3405,C
8-NS,176,3456,0,0,0,3456,A
8-NS,177,1,3458,0,1,3460,T
8-NS,178,2,1,3454,1,3458,G
8-NS,179,1,3453,0,1,3455,T
8-NS,180,0,3441,0,3,3444,T
8-NS,181,4,0,3438,0,3442,G
8-NS,182,1,3,3409,0,3413,G
8-NS,183,3406,0,0,0,3406,A
8-NS,184,3403,0,0,0,3403,A
8-NS,185,3365,0,6,0,3371,A
8-NS,186,1,0,3395,0,3396,G
8-NS,187,1,1,0,3397,3399,C
8-NS,188,3387,1,0,0,3388,A
8-NS,189,3388,1,1,1,3391,A
8-NS,190,3388,0,3,0,3391,A
8-NS,191,2,3423,0,1,3426,T
8-NS,192,1,3420,1,1,3423,T
8-NS,193,1,2,3478,0,3481,G
8-NS,194,1,3481,0,4,3486,T
8-NS,195,3461,0,3,0,3464,A
8-NS,196,0,0,3463,0,3463,G
8-NS,197,3462,0,1,0,3463,A
8-NS,198,3452,0,0,0,3452,A
8-NS,199,3457,0,2,1,3460,A
8-NS,200,3445,1,2,0,3448,A
8-NS,201,0,0,3458,0,3458,G
8-NS,202,3430,0,0,0,3430,A
8-NS,203,0,3420,0,2,3422,T
8-NS,204,1,3416,0,3,3420,T
8-NS,205,0,0,0,3440,3440,C
8-NS,206,1,3432,1,0,3434,T
8-NS,207,1,3,3439,0,3443,G
8-NS,208,3441,0,1,0,3442,A
8-NS,209,3439,1,1,0,3441,A
8-NS,210,3426,0,3,0,3429,A
8-NS,211,0,0,3443,0,3443,G
8-NS,212,3436,1,2,0,3439,A
8-NS,213,3436,1,4,0,3441,A
8-NS,214,1,4,3458,1,3464,G
8-NS,215,3497,1,2,0,3500,A
8-NS,216,3502,0,3,0,3505,A
8-NS,217,1,3505,0,2,3508,T
8-NS,218,2,0,0,3528,3530,C
8-NS,219,2,3531,0,2,3535,T
8-NS,220,1,4,3542,0,3547,G
8-NS,221,3548,0,1,0,3549,A
8-NS,222,0,3546,0,0,3546,T
8-NS,223,2,0,3537,0,3539,G
8-NS,224,3482,1,4,0,3487,A
8-NS,225,3,4,3489,0,3496,G
8-NS,226,0,2,3492,0,3494,G
8-NS,227,1,1,0,3485,3487,C
8-NS,228,3491,0,2,0,3493,A
8-NS,229,0,0,0,3589,3589,C
8-NS,230,2,3564,0,1,3567,T
8-NS,231,0,3587,0,1,3588,T
8-NS,232,3603,0,1,0,3604,A
8-NS,233,3604,0,1,2,3607,A
8-NS,234,3597,1,2,1,3601,A
8-NS,235,3590,3,2,1,3596,A
8-NS,236,0,3600,0,0,3600,T
8-NS,237,1,6,3606,0,3613,G
8-NS,238,3611,0,2,0,3613,A
8-NS,239,1,2,1,3610,3614,C
8-NS,240,3,1,0,3590,3594,C
8-NS,241,3599,1,0,0,3600,A
8-NS,242,0,3592,0,2,3594,T
8-NS,243,1,0,3689,0,3690,G
8-NS,244,0,1,3735,0,3736,G
8-NS,245,0,3758,0,2,3760,T
8-NS,246,5,0,0,3966,3971,C
8-NS,247,0,3937,0,7,3944,T
8-NS,248,3,2,1,3992,3998,C
8-NS,249,2,4,1,3997,4004,C
8-NS,250,4008,1,0,0,4009,A
8-NS,251,0,1,0,4044,4045,C
8-NS,252,3970,0,2,0,3972,A
8-NS,253,1,0,1,3967,3969,C
8-NS,254,0,1,1,3924,3926,C
8-NS,255,2,3748,0,1,3751,T
8-NS,256,0,1,3783,0,3784,G
8-NS,257,1,1,0,3768,3770,C
8-NS,258,1,3745,0,0,3746,T
8-NS,259,1,3766,0,0,3767,T
8-NS,260,3,1,0,3738,3742,C
8-NS,261,2,0,3752,0,3754,G
8-NS,262,0,2,0,3741,3743,C
8-NS,263,2,0,3738,0,3740,G
8-NS,264,3946,0,0,0,3946,A
8-NS,265,0,3933,0,1,3934,T
8-NS,266,4066,0,0,0,4066,A
8-NS,267,1,0,0,4075,4076,C
8-NS,268,4067,0,1,0,4068,A
8-NS,269,0,4179,1,1,4181,T
8-NS,270,4155,0,0,0,4155,A
8-NS,271,4180,0,0,0,4180,A
8-NS,272,2,1,0,4182,4185,C
8-NS,273,2,4065,0,0,4067,T
8-NS,274,1,3,4114,0,4118,G
8-NS,275,4035,0,7,0,4042,A
8-NS,276,0,2,0,4058,4060,C
8-NS,277,4050,2,6,1,4059,A
8-NS,278,0,4034,0,1,4035,T
8-NS,279,1,6,4029,0,4036,G
8-NS,280,4039,1,4,1,4045,A
8-NS,281,0,0,0,4164,4164,C
8-NS,282,0,4136,0,1,4137,T
8-NS,283,4184,0,2,1,4187,A
8-NS,284,0,4173,0,1,4174,T
8-NS,285,0,4134,1,4,4139,T
8-NS,286,0,1,4155,0,4156,G
8-NS,287,4122,1,2,0,4125,A
8-NS,288,0,2,4116,1,4119,G
8-NS,289,0,3,4109,1,4113,G
8-NS,290,3994,0,0,0,3994,A
8-NS,291,4004,0,4,0,4008,A
8-NS,292,0,3931,2,1,3934,T
8-NS,293,1,3932,0,1,3934,T
8-NS,294,0,0,3999,1,4000,G
8-NS,295,3,3990,0,2,3995,T
8-NS,296,5,2,1,3982,3990,C
8-NS,297,3999,1,3,0,4003,A
8-NS,298,4004,0,3,0,4007,A
8-NS,299,1,5,4003,0,4009,G
8-NS,300,4005,0,0,0,4005,A
8-NS,301,4009,0,0,0,4009,A
8-NS,302,4004,1,4,1,4010,A
8-NS,303,0,0,0,4007,4007,C
8-NS,304,1,3954,1,0,3956,T
8-NS,305,0,5,4008,0,4013,G
8-NS,306,0,0,4073,1,4074,G
8-NS,307,1,4058,1,1,4061,T
8-NS,308,1,4050,1,2,4054,T
8-NS,309,4,0,0,4021,4025,C
8-NS,310,4028,1,3,0,4032,A
8-NS,311,0,4093,0,3,4096,T
8-NS,312,1,1,4129,0,4131,G
8-NS,313,0,0,1,4154,4155,C
8-NS,314,0,4114,0,2,4116,T
8-NS,315,4048,0,0,0,4048,A
8-NS,316,4132,0,2,0,4134,A
8-NS,317,1,4158,0,0,4159,T
8-NS,318,1,2,4178,0,4181,G
8-NS,319,0,2,0,4190,4192,C
8-NS,320,1,1,1,4130,4133,C
8-NS,321,2,3,1,4138,4144,C
8-NS,322,4127,1,1,1,4130,A
8-NS,323,4147,3,2,0,4152,A
8-NS,324,570,1,3589,0,4160,G
8-NS,325,0,2,0,4168,4170,C
8-NS,326,4140,0,0,0,4140,A
8-NS,327,0,0,4171,0,4171,G
8-NS,328,4126,1,3,0,4130,A
8-NS,329,4127,2,2,0,4131,A
8-NS,330,4123,0,1,0,4124,A
8-NS,331,0,1,4179,0,4180,G
8-NS,332,0,4155,1,0,4156,T
8-NS,333,0,3,4146,0,4149,G
8-NS,334,0,2,4147,0,4149,G
8-NS,335,4137,1,2,0,4140,A
8-NS,336,4105,2,3,0,4110,A
8-NS,337,1,3,4101,1,4106,G
8-NS,338,3,0,4119,0,4122,G
8-NS,339,4125,0,2,2,4129,A
8-NS,340,0,3,0,4097,4100,C
8-NS,341,4,1,0,4067,4072,C
8-NS,342,1,4065,0,4,4070,T
8-NS,343,3,2,0,4138,4143,C
8-NS,344,0,4134,0,1,4135,T
8-NS,345,0,4153,0,0,4153,T
8-NS,346,0,4140,0,1,4141,T
8-NS,347,0,2,4137,0,4139,G
8-NS,348,0,3,0,4185,4188,C
8-NS,349,4157,0,2,1,4160,A
8-NS,350,1,4148,0,4,4153,T
8-NS,351,2,1,0,4156,4159,C
8-NS,352,4163,0,3,0,4166,A
8-NS,353,1,4,4338,0,4343,G
8-NS,354,4323,2,0,1,4326,A
8-NS,355,4336,0,3,0,4339,A
8-NS,356,2,4323,0,2,4327,T
8-NS,357,1,4,4265,1,4271,G
8-NS,358,15,5,4295,0,4315,G
8-NS,359,4305,1,3,1,4310,A
8-NS,360,1,2,0,4297,4300,C
8-NS,361,1,1,0,4189,4191,C
8-NS,362,4107,0,2,0,4109,A
8-NS,363,0,2,4165,0,4167,G
8-NS,364,2,2,4158,0,4162,G
8-NS,365,1,0,2,4180,4183,C
8-NS,366,4159,1,0,0,4160,A
8-NS,367,4166,1,3,0,4170,A
8-NS,368,0,4164,0,0,4164,T
8-NS,369,0,1,0,4168,4169,C
8-NS,370,4161,0,6,0,4167,A
8-NS,371,0,4145,0,0,4145,T
8-NS,372,3,2,4090,0,4095,G
8-NS,373,0,5,4115,0,4120,G
8-NS,374,4098,2,2,0,4102,A
8-NS,375,2,5,4145,1,4153,G
8-NS,376,4094,1,0,1,4096,A
8-NS,377,4092,0,1,0,4093,A
8-NS,378,4082,0,0,0,4082,A
8-NS,379,4087,0,2,0,4089,A
8-NS,380,4095,1,3,3,4102,A
8-NS,381,0,0,0,4116,4116,C
8-NS,382,4101,0,0,0,4101,A
8-NS,383,0,4092,0,2,4094,T
8-NS,384,4,0,1,4061,4066,C
8-NS,385,4072,0,0,0,4072,A
8-NS,386,0,4081,0,2,4083,T
8-NS,387,0,1,4090,0,4091,G
8-NS,388,0,4089,0,2,4091,T
8-NS,389,0,4055,1,4,4060,T
8-NS,390,2,4,4049,0,4055,G
8-NS,391,4052,2,1,0,4055,A
8-NS,392,4053,0,0,0,4053,A
8-NS,393,4050,0,5,1,4056,A
8-NS,394,1,1,4067,0,4069,G
8-NS,395,0,0,0,4045,4045,C
8-NS,396,2,0,4052,0,4054,G
8-NS,397,4050,0,2,0,4052,A
8-NS,398,4059,0,1,0,4060,A
8-NS,399,0,4052,0,1,4053,T
8-NS,400,0,4049,1,6,4056,T
8-NS,401,0,4056,0,2,4058,T
8-NS,402,0,1,1,4063,4065,C
8-NS,403,4021,0,2,0,4023,A
8-NS,404,0,0,4031,0,4031,G
8-NS,405,1,4017,1,3,4022,T
8-NS,406,2,1,4021,0,4024,G
8-NS,407,0,4006,0,9,4015,T
8-NS,408,0,4,4023,0,4027,G
8-NS,409,4047,0,1,0,4048,A
8-NS,410,1,4047,0,1,4049,T
8-NS,411,0,4038,0,1,4039,T
8-NS,412,1,4035,1,3,4040,T
8-NS,413,0,4048,1,0,4049,T
8-NS,414,0,4038,0,5,4043,T
8-NS,415,1,7,4027,0,4035,G
8-NS,416,4044,0,3,1,4048,A
8-NS,417,1,2,0,4035,4038,C
8-NS,418,2,0,0,4001,4003,C
8-NS,419,2,4,4020,0,4026,G
8-NS,420,4292,0,1,0,4293,A
8-NS,421,1,1,0,4382,4384,C
8-NS,422,2,4385,0,0,4387,T
8-NS,423,4414,1,1,0,4416,A
8-NS,424,0,1,4415,0,4416,G
8-NS,425,4446,1,6,0,4453,A
8-NS,426,1,5,4473,0,4479,G
8-NS,427,4502,4,4,0,4510,A
8-NS,428,1,0,0,4575,4576,C
8-NS,429,4,1,0,4376,4381,C
8-NS,430,4252,1,3,0,4256,A
8-NS,431,1,4325,0,2,4328,T
8-NS,432,4301,0,0,0,4301,A
8-NS,433,1,1,4301,0,4303,G
8-NS,434,1,4231,1,1,4234,T
8-NS,435,3,1,4023,1,4028,G
8-NS,436,0,4332,0,4,4336,T
8-NS,437,0,4401,0,1,4402,T
8-NS,438,4514,1,1,0,4516,A
8-NS,439,0,2,0,4510,4512,C
8-NS,440,2,4438,1,0,4441,T
8-NS,441,4426,0,1,0,4427,A
8-NS,442,4123,0,4,0,4127,A
8-NS,443,0,7,4151,0,4158,G
8-NS,444,1,2,4130,1,4134,G
8-NS,445,0,0,4130,0,4130,G
8-NS,446,1,0,1,4071,4073,C
8-NS,447,3,4013,1,8,4025,T
8-NS,448,0,4009,0,4,4013,T
8-NS,449,0,4067,1,3,4071,T
8-NS,450,4,1,0,4100,4105,C
8-NS,451,4159,1,5,0,4165,A
8-NS,452,1,1,0,4166,4168,C
8-NS,453,3,1,1,4135,4140,C
8-NS,454,1,4,4138,0,4143,G
8-NS,455,4136,3,0,0,4139,A
8-NS,456,4126,5,0,1,4132,A
8-NS,457,0,3,4146,1,4150,G
8-NS,458,4093,0,5,0,4098,A
8-NS,459,2,3,4112,0,4117,G
8-NS,460,1,2,4034,0,4037,G
8-NS,461,3,5,4057,0,4065,G
8-NS,462,4047,1,13,0,4061,A
8-NS,463,3,0,4060,0,4063,G
8-NS,464,2,0,0,4048,4050,C
8-NS,465,4051,0,0,1,4052,A
8-NS,466,4055,1,1,0,4057,A
8-NS,467,0,4039,0,2,4041,T
8-NS,468,0,4034,0,0,4034,T
8-NS,469,0,2,4036,0,4038,G
8-NS,470,0,3988,0,1,3989,T
8-NS,471,0,3984,0,0,3984,T
8-NS,472,2,0,3992,0,3994,G
8-NS,473,3,0,3981,0,3984,G
8-NS,474,1,1,0,3988,3990,C
8-NS,475,3,0,3982,0,3985,G
8-NS,476,3988,2,1,1,3992,A
8-NS,477,4004,0,3,1,4008,A
8-NS,478,4027,0,1,1,4029,A
8-NS,479,0,4035,0,0,4035,T
8-NS,480,2,1,0,4035,4038,C
8-NS,481,2,4013,0,0,4015,T
8-NS,482,4,0,1,4025,4030,C
8-NS,483,4042,1,0,0,4043,A
8-NS,484,0,2,0,4054,4056,C
8-NS,485,2,0,0,4047,4049,C
8-NS,486,4013,0,0,0,4013,A
8-NS,487,0,3999,2,2,4003,T
8-NS,488,2,3980,1,0,3983,T
8-NS,489,0,2,3984,0,3986,G
8-NS,490,2,3,0,3970,3975,C
8-NS,491,3,0,0,3968,3971,C
8-NS,492,0,3968,1,7,3976,T
8-NS,493,1,3956,0,2,3959,T
8-NS,494,0,0,1,3992,3993,C
8-NS,495,1,3983,0,5,3989,T
8-NS,496,0,3980,0,0,3980,T
8-NS,497,0,4079,0,3,4082,T
8-NS,498,1,4051,0,2,4054,T
8-NS,499,2,2,0,4063,4067,C
8-NS,500,3,0,0,4061,4064,C
8-NS,501,4039,3,7,0,4049,A
8-NS,502,0,2,4118,0,4120,G
8-NS,503,0,0,4109,0,4109,G
8-NS,504,4175,1,0,1,4177,A
8-NS,505,1,2,0,4177,4180,C
8-NS,506,4182,1,1,1,4185,A
8-NS,507,0,4191,0,2,4193,T
8-NS,508,4207,0,0,0,4207,A
8-NS,509,2,2,0,4531,4535,C
8-NS,510,1,4522,1,1,4525,T
8-NS,511,4497,0,0,0,4497,A
8-NS,512,1,4482,0,2,4485,T
8-NS,513,0,4313,0,1,4314,T
8-NS,514,1,2,4307,0,4310,G
8-NS,515,4172,0,1,0,4173,A
8-NS,516,1,4,4163,1,4169,G
8-NS,517,0,5,4145,0,4150,G
8-NS,518,3777,0,1,0,3778,A
8-NS,519,0,3788,0,1,3789,T
8-NS,520,19,0,3738,1,3758,G
8-NS,521,3,3738,1,5,3747,T
8-NS,522,5,1,0,3752,3758,C
8-NS,523,3762,1,0,0,3763,A
8-NS,524,3763,1,0,0,3764,A
8-NS,525,3758,1,1,0,3760,A
8-NS,526,3746,0,0,0,3746,A
8-NS,527,3764,2,0,0,3766,A
8-NS,528,0,3758,0,0,3758,T
8-NS,529,1,0,3749,0,3750,G
8-NS,530,0,1,0,3782,3783,C
8-NS,531,3772,0,1,1,3774,A
8-NS,532,3792,0,1,0,3793,A
8-NS,533,0,3793,1,1,3795,T
8-NS,534,1,3794,0,0,3795,T
8-NS,535,2,4,3786,0,3792,G
8-NS,536,1,4,3767,0,3772,G
8-NS,537,0,5,3780,1,3786,G
8-NS,538,6,0,3817,1,3824,G
8-NS,539,3,3757,0,9,3769,T
8-NS,540,4,0,0,3815,3819,C
8-NS,541,1,2,0,3785,3788,C
8-NS,542,0,3791,0,4,3795,T
8-NS,543,3,0,1,3830,3834,C
8-NS,544,3822,1,5,0,3828,A
8-NS,545,0,3856,0,0,3856,T
8-NS,546,2,1,0,3855,3858,C
8-NS,547,3,0,3803,0,3806,G
8-NS,548,0,1,3818,1,3820,G
8-NS,549,3741,1,1,0,3743,A
8-NS,550,0,1,3754,1,3756,G
8-NS,551,0,2,3755,0,3757,G
8-NS,552,3729,1,0,0,3730,A
8-NS,553,1,1,0,3755,3757,C
8-NS,554,0,3739,1,2,3742,T
8-NS,555,0,3746,1,3,3750,T
8-NS,556,0,3,3771,0,3774,G
8-NS,557,3762,1,0,0,3763,A
8-NS,558,3765,0,3,0,3768,A
8-NS,559,1,3755,1,0,3757,T
8-NS,560,0,2,3682,0,3684,G
8-NS,561,0,3,3727,0,3730,G
8-NS,562,3683,0,1,1,3685,A
8-NS,563,3715,0,1,0,3716,A
8-NS,564,1,3874,0,0,3875,T
8-NS,565,1,1,3905,0,3907,G
8-NS,566,3916,0,0,0,3916,A
8-NS,567,2,3912,1,1,3916,T
8-NS,568,3911,0,4,0,3915,A
8-NS,569,3925,0,2,0,3927,A
8-NS,570,3,1,0,3876,3880,C
8-NS,571,3809,0,2,1,3812,A
8-NS,572,2,0,0,3839,3841,C
8-NS,573,3507,0,3,1,3511,A
8-NS,574,1,0,3593,0,3594,G
8-NS,575,0,3559,0,2,3561,T
8-NS,576,1,3551,0,2,3554,T
8-NS,577,3,0,0,3550,3553,C
8-NS,578,2,4,3515,0,3521,G
8-NS,579,3516,1,0,0,3517,A
8-NS,580,0,2,3520,0,3522,G
8-NS,581,0,3479,1,3,3483,T
8-NS,582,4,1,0,3496,3501,C
8-NS,583,1,3403,1,5,3410,T
8-NS,584,5,0,0,3435,3440,C
8-NS,585,0,3441,0,4,3445,T
8-NS,586,3450,1,1,0,3452,A
8-NS,587,3450,0,1,0,3451,A
8-NS,588,3434,1,1,0,3436,A
8-NS,589,3465,0,3,0,3468,A
8-NS,590,3476,1,0,0,3477,A
8-NS,591,0,3443,0,1,3444,T
8-NS,592,2,2,0,3456,3460,C
8-NS,593,1,3428,0,0,3429,T
8-NS,594,3442,0,2,0,3444,A
8-NS,595,2,1,0,3433,3436,C
8-NS,596,3440,0,1,0,3441,A
8-NS,597,0,3,3447,0,3450,G
8-NS,598,3380,0,0,0,3380,A
8-NS,599,0,0,3404,0,3404,G
8-NS,600,3394,1,0,0,3395,A
8-NS,601,0,3353,0,4,3357,T
8-NS,602,1,3360,0,1,3362,T
8-NS,603,4,0,0,3358,3362,C
8-NS,604,1,0,3376,0,3377,G
8-NS,605,1,0,0,3375,3376,C
8-NS,606,0,3361,1,0,3362,T
8-NS,607,2,3370,0,3,3375,T
8-NS,608,0,2,3354,0,3356,G
8-NS,609,0,2,3368,0,3370,G
8-NS,610,3365,0,6,2,3373,A
8-NS,611,0,1,3374,0,3375,G
8-NS,612,3340,0,2,0,3342,A
8-NS,613,3314,1,3,0,3318,A
8-NS,614,0,1,3388,0,3389,G
8-NS,615,1,2,0,3385,3388,C
8-NS,616,3378,0,0,0,3378,A
8-NS,617,1,0,3437,0,3438,G
8-NS,618,0,3404,0,2,3406,T
8-NS,619,3447,0,1,0,3448,A
8-NS,620,3442,1,2,0,3445,A
8-NS,621,0,3432,0,5,3437,T
8-NS,622,2,4,3455,0,3461,G
8-NS,623,3311,0,0,0,3311,A
8-NS,624,0,2,3384,0,3386,G
8-NS,625,3365,0,0,0,3365,A
8-NS,626,3241,0,1,0,3242,A
8-NS,627,0,3234,1,1,3236,T
8-NS,628,0,1,3176,1,3178,G
8-NS,629,0,3,3182,0,3185,G
8-NS,630,1,2,3162,0,3165,G
8-NS,631,1,1,3147,1,3150,G
8-NS,632,2,6,3157,0,3165,G
8-NS,633,3081,0,2,0,3083,A
8-NS,634,1,1,0,3095,3097,C
8-NS,635,2,0,0,3096,3098,C
8-NS,636,1,3043,0,5,3049,T
8-NS,637,3,1,0,3075,3079,C
8-NS,638,0,0,0,3073,3073,C
8-NS,639,3103,0,0,0,3103,A
8-NS,640,0,0,0,3101,3101,C
8-NS,641,0,3040,0,1,3041,T
8-NS,642,1,3037,0,1,3039,T
8-NS,643,2962,0,2,0,2964,A
8-NS,644,0,1,1,2946,2948,C
8-NS,645,0,2923,0,0,2923,T
8-NS,646,2814,0,0,0,2814,A
8-NS,647,1,0,0,2849,2850,C
8-NS,648,2859,0,2,0,2861,A
8-NS,649,2866,0,0,0,2866,A
8-NS,650,2857,0,2,0,2859,A
8-NS,651,2857,0,2,0,2859,A
8-NS,652,0,0,0,2865,2865,C
8-NS,653,2785,1,0,0,2786,A
8-NS,654,0,0,2789,0,2789,G
8-NS,655,2776,1,1,0,2778,A
8-NS,656,2776,1,4,0,2781,A
8-NS,657,2781,0,1,0,2782,A
8-NS,658,0,0,0,2769,2769,C
8-NS,659,0,1,2770,0,2771,G
8-NS,660,0,2,2769,1,2772,G
8-NS,661,0,1,2772,0,2773,G
8-NS,662,2768,1,2,0,2771,A
8-NS,663,2751,0,2,0,2753,A
8-NS,664,2756,0,1,0,2757,A
8-NS,665,0,2741,1,1,2743,T
8-NS,666,0,2,2759,0,2761,G
8-NS,667,3,1,2756,0,2760,G
8-NS,668,0,1,0,2741,2742,C
8-NS,669,0,2,2740,0,2742,G
8-NS,670,2734,0,1,1,2736,A
8-NS,671,1,2,2745,0,2748,G
8-NS,672,2745,0,0,0,2745,A
8-NS,673,2742,0,2,0,2744,A
8-NS,674,0,0,0,2746,2746,C
8-NS,675,2706,1,2,0,2709,A
8-NS,676,0,0,2703,0,2703,G
8-NS,677,0,0,0,2701,2701,C
8-NS,678,0,2702,0,0,2702,T
8-NS,679,2687,0,2,0,2689,A
8-NS,680,0,2,2652,0,2654,G
8-NS,681,0,0,2668,0,2668,G
8-NS,682,0,2660,0,3,2663,T
8-NS,683,2,1,0,2617,2620,C
8-NS,684,2621,0,1,0,2622,A
8-NS,685,2624,0,0,0,2624,A
8-NS,686,2621,0,0,0,2621,A
8-NS,687,2638,0,1,0,2639,A
8-NS,688,0,1,2649,0,2650,G
8-NS,689,1,2575,0,0,2576,T
8-NS,690,0,2578,0,0,2578,T
8-NS,691,0,2576,0,0,2576,T
8-NS,692,51,0,2528,0,2579,G
8-NS,693,2579,0,3,0,2582,A
8-NS,694,2577,1,1,0,2579,A
8-NS,695,0,0,2595,0,2595,G
8-NS,696,2521,0,2,0,2523,A
8-NS,697,0,1,2524,0,2525,G
8-NS,698,2511,0,1,0,2512,A
8-NS,699,0,2516,0,0,2516,T
8-NS,700,2522,0,1,1,2524,A
8-NS,701,2515,0,0,0,2515,A
8-NS,702,1,0,2512,0,2513,G
8-NS,703,2348,1,2,1,2352,A
8-NS,704,1,2352,0,1,2354,T
8-NS,705,0,0,2359,0,2359,G
8-NS,706,1,0,2360,0,2361,G
8-NS,707,1,0,0,2349,2350,C
8-NS,708,0,2348,1,1,2350,T
8-NS,709,2362,0,0,0,2362,A
8-NS,710,2350,0,0,1,2351,A
8-NS,711,0,2364,0,1,2365,T
8-NS,712,0,2365,0,0,2365,T
8-NS,713,1,1,2374,0,2376,G
8-NS,714,2335,0,1,0,2336,A
8-NS,715,2329,1,1,0,2331,A
8-NS,716,0,0,2331,0,2331,G
8-NS,717,2323,0,2,0,2325,A
8-NS,718,2297,0,0,0,2297,A
8-NS,719,0,1,2324,0,2325,G
8-NS,720,0,2287,0,1,2288,T
8-NS,721,1,1,2285,0,2287,G
8-NS,722,2272,0,2,0,2274,A
8-NS,723,0,2,2276,0,2278,G
8-NS,724,2275,1,3,0,2279,A
8-NS,725,0,0,0,2266,2266,C
8-NS,726,2247,1,2,0,2250,A
8-NS,727,1,1,0,2244,2246,C
8-NS,728,2111,1,0,0,2112,A
8-NS,729,0,1,2159,0,2160,G
8-NS,730,2149,0,0,1,2150,A
8-NS,731,0,2136,0,0,2136,T
8-NS,732,0,2133,0,0,2133,T
8-NS,733,2117,0,0,0,2117,A
8-NS,734,2109,0,1,0,2110,A
8-NS,735,2103,0,0,0,2103,A
8-NS,736,2103,0,2,0,2105,A
8-NS,737,2100,1,2,1,2104,A
8-NS,738,0,3,0,2025,2028,C
8-NS,739,1927,1,1,0,1929,A
8-NS,740,1937,1,0,0,1938,A
8-NS,741,0,0,0,1937,1937,C
8-NS,742,0,1930,0,0,1930,T
8-NS,743,0,0,1947,0,1947,G
8-NS,744,1943,0,0,0,1943,A
8-NS,745,1949,0,0,0,1949,A
8-NS,746,1946,0,0,1,1947,A
8-NS,747,1921,0,1,0,1922,A
8-NS,748,0,1919,0,1,1920,T
8-NS,749,1886,0,1,0,1887,A
8-NS,750,0,0,1894,0,1894,G
8-NS,751,0,0,0,1890,1890,C
8-NS,752,0,1845,1,0,1846,T
8-NS,753,2,1850,0,0,1852,T
8-NS,754,0,1832,0,1,1833,T
8-NS,755,1,2,1843,1,1847,G
8-NS,756,1845,0,0,0,1845,A
8-NS,757,1846,0,1,0,1847,A
8-NS,758,2,1,0,1843,1846,C
8-NS,759,1781,0,0,0,1781,A
8-NS,760,1788,0,1,0,1789,A
8-NS,761,1794,0,0,0,1794,A
8-NS,762,0,1791,0,2,1793,T
8-NS,763,1789,0,1,0,1790,A
8-NS,764,1759,0,2,0,1761,A
8-NS,765,0,0,0,1762,1762,C
8-NS,766,1755,0,1,0,1756,A
8-NS,767,0,1739,0,0,1739,T
8-NS,768,1,1696,1,0,1698,T
8-NS,769,2,1,0,1683,1686,C
8-NS,770,1677,0,4,0,1681,A
8-NS,771,1,1678,0,1,1680,T
8-NS,772,0,0,1680,0,1680,G
8-NS,773,0,1,0,1631,1632,C
8-NS,774,1604,0,1,0,1605,A
8-NS,775,1602,0,3,0,1605,A
8-NS,776,0,0,1600,0,1600,G
8-NS,777,1,1,0,1618,1620,C
8-NS,778,1587,0,0,0,1587,A
8-NS,779,0,1587,0,0,1587,T
8-NS,780,0,1586,0,0,1586,T
8-NS,781,1584,0,0,0,1584,A
8-NS,782,0,0,0,1585,1585,C
8-NS,783,1568,0,1,0,1569,A
8-NS,784,1540,1,2,0,1543,A
8-NS,785,0,0,0,1531,1531,C
8-NS,786,0,1276,1,0,1277,T
8-NS,787,0,0,1282,0,1282,G
8-NS,788,0,0,0,1243,1243,C
8-NS,789,2,1215,0,0,1217,T
8-NS,790,0,0,1224,0,1224,G
8-NS,791,0,1206,0,0,1206,T
8-NS,792,0,1206,0,1,1207,T
8-NS,793,0,1204,0,0,1204,T
8-NS,794,0,1,1188,0,1189,G
8-NS,795,1189,1,1,0,1191,A
8-NS,796,1155,0,0,0,1155,A
8-NS,797,0,0,1155,0,1155,G
8-NS,798,2,1137,1,0,1140,T
8-NS,799,0,0,1086,0,1086,G
8-NS,800,1,1,1094,0,1096,G
8-NS,801,1094,0,3,0,1097,A
8-NS,802,1095,0,1,0,1096,A
8-NS,803,0,0,0,1094,1094,C
8-NS,804,1066,0,1,0,1067,A
8-NS,805,1,1,1068,0,1070,G
8-NS,806,0,1,1051,0,1052,G
8-NS,807,1033,0,1,1,1035,A
8-NS,808,0,0,1037,0,1037,G
8-NS,809,846,0,0,0,846,A
8-NS,810,0,840,1,1,842,T
8-NS,811,836,0,0,0,836,A
8-NS,812,830,0,2,0,832,A
8-NS,813,0,1,825,0,826,G
8-NS,814,722,0,0,0,722,A
8-NS,815,717,0,0,0,717,A
8-NS,816,0,0,0,711,711,C
8-NS,817,0,597,0,0,597,T
8-NS,818,0,591,0,0,591,T
8-NS,819,0,584,0,2,586,T
8-NS,820,0,0,0,588,588,C
8-NS,821,0,578,0,0,578,T
8-NS,822,0,0,0,569,569,C
8-NS,823,550,0,0,0,550,A
8-NS,824,1,548,0,0,549,T
8-NS,825,0,544,0,0,544,T
8-NS,826,0,542,0,0,542,T
8-NS,827,1,1,0,537,539,C
8-NS,828,513,0,1,0,514,A
8-NS,829,0,0,508,0,508,G
8-NS,830,0,0,0,513,513,C
8-NS,831,0,472,0,2,474,T
8-NS,832,0,468,0,0,468,T
8-NS,833,456,0,0,0,456,A
8-NS,834,0,458,0,0,458,T
8-NS,835,0,456,0,0,456,T
8-NS,836,0,453,0,0,453,T
8-NS,837,433,0,1,0,434,A
8-NS,838,424,0,0,0,424,A
8-NS,839,0,412,0,0,412,T
8-NS,840,0,0,407,0,407,G
8-NS,841,390,0,1,0,391,A
8-NS,842,0,342,0,1,343,T
8-NS,843,338,0,0,0,338,A
8-NS,844,339,0,0,0,339,A
8-NS,845,340,0,0,0,340,A
8-NS,846,336,1,2,0,339,A
8-NS,847,336,0,0,0,336,A
8-NS,848,332,0,1,1,334,A
8-NS,849,0,0,0,332,332,C
8-NS,850,277,0,0,0,277,A
8-NS,851,0,0,0,276,276,C
8-NS,852,0,0,0,264,264,C
8-NS,853,0,0,0,256,256,C
8-NS,854,0,237,0,0,237,T
8-NS,855,0,229,0,0,229,T
8-NS,856,0,0,228,0,228,G
8-NS,857,0,218,0,0,218,T
8-NS,858,0,214,0,0,214,T
8-NS,859,0,209,0,0,209,T
8-NS,860,0,0,0,72,72,C
8-NS,861,0,53,0,0,53,T
8-NS,862,39,0,0,0,39,A
8-NS,863,0,0,0,39,39,C
