Gene,Position,A,T,G,C,Coverage,Consensus
1-PB2,1,228,0,0,0,228,A
1-PB2,2,0,228,0,0,228,T
1-PB2,3,0,0,238,0,238,G
1-PB2,4,0,0,241,0,241,G
1-PB2,5,239,0,1,0,240,A
1-PB2,6,241,0,0,0,241,A
1-PB2,7,242,0,0,0,242,A
1-PB2,8,0,3,270,0,273,G
1-PB2,9,274,0,0,0,274,A
1-PB2,10,276,0,0,0,276,A
1-PB2,11,0,283,0,0,283,T
1-PB2,12,280,0,0,0,280,A
1-PB2,13,284,0,0,0,284,A
1-PB2,14,284,0,0,0,284,A
1-PB2,15,285,0,0,0,285,A
1-PB2,16,0,3,292,0,295,G
1-PB2,17,295,0,0,0,295,A
1-PB2,18,295,1,0,0,296,A
1-PB2,19,0,1,0,296,297,C
1-PB2,20,0,297,0,0,297,T
1-PB2,21,305,0,1,0,306,A
1-PB2,22,0,0,0,306,306,C
1-PB2,23,0,2,304,0,306,G
1-PB2,24,0,1,314,0,315,G
1-PB2,25,314,0,0,0,314,A
1-PB2,26,323,0,0,0,323,A
1-PB2,27,0,321,0,0,321,T
1-PB2,28,1,0,0,327,328,C
1-PB2,29,1,325,0,1,327,T
1-PB2,30,0,0,328,0,328,G
1-PB2,31,327,0,1,0,328,A
1-PB2,32,0,330,0,0,330,T
1-PB2,33,0,0,331,0,331,G
1-PB2,34,0,334,0,1,335,T
1-PB2,35,2,0,0,332,334,C
1-PB2,36,0,0,336,0,336,G
1-PB2,37,1,0,0,335,336,C
1-PB2,38,334,0,2,0,336,A
1-PB2,39,0,0,350,0,350,G
1-PB2,40,0,349,0,0,349,T
1-PB2,41,1,0,0,350,351,C
1-PB2,42,0,351,0,0,351,T
1-PB2,43,0,0,0,349,349,C
1-PB2,44,1,0,350,0,351,G
1-PB2,45,0,0,0,353,353,C
1-PB2,46,351,1,1,0,353,A
1-PB2,47,0,0,0,357,357,C
1-PB2,48,0,355,0,0,355,T
1-PB2,49,1,0,0,366,367,C
1-PB2,50,0,1,367,0,368,G
1-PB2,51,0,0,0,366,366,C
1-PB2,52,0,0,366,0,366,G
1-PB2,53,366,0,0,0,366,A
1-PB2,54,0,2,367,0,369,G
1-PB2,55,381,0,1,0,382,A
1-PB2,56,0,378,0,0,378,T
1-PB2,57,377,1,0,0,378,A
1-PB2,58,0,0,0,378,378,C
1-PB2,59,0,377,0,0,377,T
1-PB2,60,0,3,385,0,388,G
1-PB2,61,386,0,2,0,388,A
1-PB2,62,0,0,0,393,393,C
1-PB2,63,387,0,0,0,387,A
1-PB2,64,387,0,1,0,388,A
1-PB2,65,393,0,0,0,393,A
1-PB2,66,404,0,1,0,405,A
1-PB2,67,404,0,1,0,405,A
1-PB2,68,0,0,0,404,404,C
1-PB2,69,0,0,0,406,406,C
1-PB2,70,416,1,0,0,417,A
1-PB2,71,0,0,0,426,426,C
1-PB2,72,424,0,0,0,424,A
1-PB2,73,0,0,444,0,444,G
1-PB2,74,0,441,0,1,442,T
1-PB2,75,0,1,456,0,457,G
1-PB2,76,0,1,462,0,463,G
1-PB2,77,461,0,1,0,462,A
1-PB2,78,0,0,0,490,490,C
1-PB2,79,2,0,0,489,491,C
1-PB2,80,497,0,0,0,497,A
1-PB2,81,0,495,1,1,497,T
1-PB2,82,497,0,0,0,497,A
1-PB2,83,0,498,0,0,498,T
1-PB2,84,0,0,505,0,505,G
1-PB2,85,1,0,509,0,510,G
1-PB2,86,0,0,0,508,508,C
1-PB2,87,0,0,0,497,497,C
1-PB2,88,497,0,0,0,497,A
1-PB2,89,0,540,0,0,540,T
1-PB2,90,537,0,0,0,537,A
1-PB2,91,562,0,0,0,562,A
1-PB2,92,0,563,0,0,563,T
1-PB2,93,0,557,0,0,557,T
1-PB2,94,565,0,0,0,565,A
1-PB2,95,561,0,1,0,562,A
1-PB2,96,0,1,573,0,574,G
1-PB2,97,571,0,1,0,572,A
1-PB2,98,548,0,1,0,549,A
1-PB2,99,0,0,587,0,587,G
1-PB2,100,0,582,0,0,582,T
1-PB2,101,586,0,0,0,586,A
1-PB2,102,0,0,0,587,587,C
1-PB2,103,592,1,0,0,593,A
1-PB2,104,0,1,0,612,613,C
1-PB2,105,609,0,0,0,609,A
1-PB2,106,0,612,0,0,612,T
1-PB2,107,0,0,0,614,614,C
1-PB2,108,0,0,605,0,605,G
1-PB2,109,0,1,607,0,608,G
1-PB2,110,0,2,605,0,607,G
1-PB2,111,0,3,606,0,609,G
1-PB2,112,602,0,0,0,602,A
1-PB2,113,0,3,602,0,605,G
1-PB2,114,602,0,2,0,604,A
1-PB2,115,0,0,0,613,613,C
1-PB2,116,606,0,2,0,608,A
1-PB2,117,0,0,618,0,618,G
1-PB2,118,0,2,637,0,639,G
1-PB2,119,639,0,0,0,639,A
1-PB2,120,639,0,0,0,639,A
1-PB2,121,638,0,0,0,638,A
1-PB2,122,634,0,0,0,634,A
1-PB2,123,2,2,635,0,639,G
1-PB2,124,637,0,0,0,637,A
1-PB2,125,640,1,0,0,641,A
1-PB2,126,0,0,0,640,640,C
1-PB2,127,1,0,0,637,638,C
1-PB2,128,1,0,0,636,637,C
1-PB2,129,1,0,639,0,640,G
1-PB2,130,0,638,0,2,640,T
1-PB2,131,2,0,0,640,642,C
1-PB2,132,645,0,0,0,645,A
1-PB2,133,1,0,0,651,652,C
1-PB2,134,0,649,0,0,649,T
1-PB2,135,0,651,0,0,651,T
1-PB2,136,647,0,0,0,647,A
1-PB2,137,0,1,662,0,663,G
1-PB2,138,0,1,661,0,662,G
1-PB2,139,662,0,0,1,663,A
1-PB2,140,0,656,0,1,657,T
1-PB2,141,0,2,666,0,668,G
1-PB2,142,676,0,1,0,677,A
1-PB2,143,674,0,1,0,675,A
1-PB2,144,674,0,3,0,677,A
1-PB2,145,0,678,0,0,678,T
1-PB2,146,1,0,676,0,677,G
1-PB2,147,1,1,683,0,685,G
1-PB2,148,681,0,2,0,683,A
1-PB2,149,0,686,0,0,686,T
1-PB2,150,0,3,679,1,683,G
1-PB2,151,677,0,2,0,679,A
1-PB2,152,0,679,0,1,680,T
1-PB2,153,0,4,679,0,683,G
1-PB2,154,0,0,685,0,685,G
1-PB2,155,0,0,0,686,686,C
1-PB2,156,681,0,0,0,681,A
1-PB2,157,695,0,0,0,695,A
1-PB2,158,0,697,0,0,697,T
1-PB2,159,0,2,713,0,715,G
1-PB2,160,713,0,1,0,714,A
1-PB2,161,712,0,0,0,712,A
1-PB2,162,714,0,0,0,714,A
1-PB2,163,0,716,0,0,716,T
1-PB2,164,718,0,0,0,718,A
1-PB2,165,0,1,0,735,736,C
1-PB2,166,1,0,0,734,735,C
1-PB2,167,1,2,0,731,734,C
1-PB2,168,724,0,0,0,724,A
1-PB2,169,722,0,0,0,722,A
1-PB2,170,0,722,0,0,722,T
1-PB2,171,5,0,0,718,723,C
1-PB2,172,720,0,0,0,720,A
1-PB2,173,0,0,0,727,727,C
1-PB2,174,0,718,0,0,718,T
1-PB2,175,2,0,720,0,722,G
1-PB2,176,0,0,0,721,721,C
1-PB2,177,0,717,0,0,717,T
1-PB2,178,0,4,724,0,728,G
1-PB2,179,727,0,1,0,728,A
1-PB2,180,1,0,0,733,734,C
1-PB2,181,731,0,0,0,731,A
1-PB2,182,723,1,0,0,724,A
1-PB2,183,728,0,0,0,728,A
1-PB2,184,726,0,1,0,727,A
1-PB2,185,0,0,740,0,740,G
1-PB2,186,0,1,737,0,738,G
1-PB2,187,734,0,0,0,734,A
1-PB2,188,0,739,0,0,739,T
1-PB2,189,735,0,0,0,735,A
1-PB2,190,749,0,0,0,749,A
1-PB2,191,0,0,0,751,751,C
1-PB2,192,747,0,1,0,748,A
1-PB2,193,1,3,744,0,748,G
1-PB2,194,738,0,0,0,738,A
1-PB2,195,744,0,0,0,744,A
1-PB2,196,742,0,1,0,743,A
1-PB2,197,0,737,0,1,738,T
1-PB2,198,0,3,738,0,741,G
1-PB2,199,727,0,1,0,728,A
1-PB2,200,0,738,1,2,741,T
1-PB2,201,0,742,0,0,742,T
1-PB2,202,1,0,0,739,740,C
1-PB2,203,1,0,0,739,740,C
1-PB2,204,735,0,1,0,736,A
1-PB2,205,0,3,734,0,737,G
1-PB2,206,739,0,1,0,740,A
1-PB2,207,0,1,743,0,744,G
1-PB2,208,737,0,0,0,737,A
1-PB2,209,0,2,752,0,754,G
1-PB2,210,752,0,0,0,752,A
1-PB2,211,753,0,0,0,753,A
1-PB2,212,752,0,3,0,755,A
1-PB2,213,0,751,1,0,752,T
1-PB2,214,2,4,752,0,758,G
1-PB2,215,759,0,0,0,759,A
1-PB2,216,756,0,2,0,758,A
1-PB2,217,0,1,0,756,757,C
1-PB2,218,749,1,0,0,750,A
1-PB2,219,756,0,1,0,757,A
1-PB2,220,2,0,757,1,760,G
1-PB2,221,1,3,769,0,773,G
1-PB2,222,771,2,0,1,774,A
1-PB2,223,0,0,0,770,770,C
1-PB2,224,766,0,1,0,767,A
1-PB2,225,769,1,0,0,770,A
1-PB2,226,809,0,0,0,809,A
1-PB2,227,0,0,0,818,818,C
1-PB2,228,0,806,0,1,807,T
1-PB2,229,0,1,0,822,823,C
1-PB2,230,0,806,0,0,806,T
1-PB2,231,809,0,0,0,809,A
1-PB2,232,0,810,0,0,810,T
1-PB2,233,0,0,810,0,810,G
1-PB2,234,0,1,838,0,839,G
1-PB2,235,809,0,2,0,811,A
1-PB2,236,0,2,819,0,821,G
1-PB2,237,0,821,0,0,821,T
1-PB2,238,816,0,0,0,816,A
1-PB2,239,819,0,1,0,820,A
1-PB2,240,820,0,0,1,821,A
1-PB2,241,824,0,0,0,824,A
1-PB2,242,0,817,1,1,819,T
1-PB2,243,1,5,812,0,818,G
1-PB2,244,803,0,1,0,804,A
1-PB2,245,0,1,806,1,808,G
1-PB2,246,0,801,0,0,801,T
1-PB2,247,1,2,795,0,798,G
1-PB2,248,818,0,1,0,819,A
1-PB2,249,0,829,0,0,829,T
1-PB2,250,0,0,830,0,830,G
1-PB2,251,1,0,0,828,829,C
1-PB2,252,0,826,0,1,827,T
1-PB2,253,0,0,856,0,856,G
1-PB2,254,0,4,856,0,860,G
1-PB2,255,871,0,1,0,872,A
1-PB2,256,0,870,0,0,870,T
1-PB2,257,4,0,1,864,869,C
1-PB2,258,869,0,0,0,869,A
1-PB2,259,0,1,897,0,898,G
1-PB2,260,903,0,0,0,903,A
1-PB2,261,0,900,0,0,900,T
1-PB2,262,881,0,0,0,881,A
1-PB2,263,0,2,903,0,905,G
1-PB2,264,902,0,2,0,904,A
1-PB2,265,0,0,911,0,911,G
1-PB2,266,0,894,0,0,894,T
1-PB2,267,0,1,889,0,890,G
1-PB2,268,867,0,2,1,870,A
1-PB2,269,0,873,0,0,873,T
1-PB2,270,0,5,885,0,890,G
1-PB2,271,1,1,902,0,904,G
1-PB2,272,0,895,0,0,895,T
1-PB2,273,895,0,0,0,895,A
1-PB2,274,0,876,0,2,878,T
1-PB2,275,3,0,0,874,877,C
1-PB2,276,891,0,0,0,891,A
1-PB2,277,0,0,0,916,916,C
1-PB2,278,2,1,0,911,914,C
1-PB2,279,0,892,0,3,895,T
1-PB2,280,0,892,0,1,893,T
1-PB2,281,0,892,0,0,892,T
1-PB2,282,0,3,903,0,906,G
1-PB2,283,0,1,908,0,909,G
1-PB2,284,0,0,0,922,922,C
1-PB2,285,0,902,0,2,904,T
1-PB2,286,1,0,899,0,900,G
1-PB2,287,0,901,0,0,901,T
1-PB2,288,901,0,0,0,901,A
1-PB2,289,902,1,2,0,905,A
1-PB2,290,0,0,0,904,904,C
1-PB2,291,887,0,0,0,887,A
1-PB2,292,0,883,0,1,884,T
1-PB2,293,1,4,865,0,870,G
1-PB2,294,0,0,891,0,891,G
1-PB2,295,0,888,0,0,888,T
1-PB2,296,0,1,887,0,888,G
1-PB2,297,0,1,907,0,908,G
1-PB2,298,902,0,0,0,902,A
1-PB2,299,909,0,0,0,909,A
1-PB2,300,0,910,0,0,910,T
1-PB2,301,905,0,0,0,905,A
1-PB2,302,0,1,924,0,925,G
1-PB2,303,913,0,0,0,913,A
1-PB2,304,913,1,0,0,914,A
1-PB2,305,909,0,0,0,909,A
1-PB2,306,0,896,0,0,896,T
1-PB2,307,2,2,889,0,893,G
1-PB2,308,0,0,895,0,895,G
1-PB2,309,894,0,1,0,895,A
1-PB2,310,0,1,0,899,900,C
1-PB2,311,0,0,0,887,887,C
1-PB2,312,0,0,0,882,882,C
1-PB2,313,1,0,885,0,886,G
1-PB2,314,0,886,0,4,890,T
1-PB2,315,0,2,894,0,896,G
1-PB2,316,898,0,3,0,901,A
1-PB2,317,0,0,0,902,902,C
1-PB2,318,906,0,0,0,906,A
1-PB2,319,907,0,0,0,907,A
1-PB2,320,0,0,933,0,933,G
1-PB2,321,0,926,0,1,927,T
1-PB2,322,929,0,0,0,929,A
1-PB2,323,0,1,0,923,924,C
1-PB2,324,1,2,906,0,909,G
1-PB2,325,0,0,935,0,935,G
1-PB2,326,0,926,0,1,927,T
1-PB2,327,3,1,0,935,939,C
1-PB2,328,2,0,0,934,936,C
1-PB2,329,920,0,1,0,921,A
1-PB2,330,0,920,0,0,920,T
1-PB2,331,0,923,1,0,924,T
1-PB2,332,959,0,1,0,960,A
1-PB2,333,1,0,1,955,957,C
1-PB2,334,4,1,0,933,938,C
1-PB2,335,2,1,1,932,936,C
1-PB2,336,926,1,0,0,927,A
1-PB2,337,942,0,0,0,942,A
1-PB2,338,941,0,0,0,941,A
1-PB2,339,939,0,2,0,941,A
1-PB2,340,0,0,951,0,951,G
1-PB2,341,0,897,0,0,897,T
1-PB2,342,0,0,907,0,907,G
1-PB2,343,0,909,0,1,910,T
1-PB2,344,910,0,0,0,910,A
1-PB2,345,1,2,0,906,909,C
1-PB2,346,903,0,0,0,903,A
1-PB2,347,905,0,1,0,906,A
1-PB2,348,0,5,911,0,916,G
1-PB2,349,914,0,0,0,914,A
1-PB2,350,0,0,0,912,912,C
1-PB2,351,0,902,1,1,904,T
1-PB2,352,0,907,0,0,907,T
1-PB2,353,907,1,0,0,908,A
1-PB2,354,0,907,0,1,908,T
1-PB2,355,0,909,0,0,909,T
1-PB2,356,0,904,0,1,905,T
1-PB2,357,3,6,0,881,890,C
1-PB2,358,0,9,882,0,891,G
1-PB2,359,887,0,1,0,888,A
1-PB2,360,0,0,0,890,890,C
1-PB2,361,883,1,0,0,884,A
1-PB2,362,880,0,0,0,880,A
1-PB2,363,882,0,1,0,883,A
1-PB2,364,0,1,896,0,897,G
1-PB2,365,0,895,0,0,895,T
1-PB2,366,2,1,0,895,898,C
1-PB2,367,0,4,894,0,898,G
1-PB2,368,895,0,1,1,897,A
1-PB2,369,896,0,0,0,896,A
1-PB2,370,897,0,0,0,897,A
1-PB2,371,0,2,920,0,922,G
1-PB2,372,0,0,932,0,932,G
1-PB2,373,1,918,0,0,919,T
1-PB2,374,1,919,0,0,920,T
1-PB2,375,914,0,0,0,914,A
1-PB2,376,913,0,1,0,914,A
1-PB2,377,921,0,0,0,921,A
1-PB2,378,933,0,1,0,934,A
1-PB2,379,0,2,0,941,943,C
1-PB2,380,913,0,0,0,913,A
1-PB2,381,0,906,0,0,906,T
1-PB2,382,0,3,902,0,905,G
1-PB2,383,1,3,900,0,904,G
1-PB2,384,899,0,6,0,905,A
1-PB2,385,910,0,1,0,911,A
1-PB2,386,0,1,0,933,934,C
1-PB2,387,2,0,0,938,940,C
1-PB2,388,0,936,0,0,936,T
1-PB2,389,0,935,0,0,935,T
1-PB2,390,0,938,0,0,938,T
1-PB2,391,2,5,927,0,934,G
1-PB2,392,0,2,936,0,938,G
1-PB2,393,1,1,0,938,940,C
1-PB2,394,2,0,0,932,934,C
1-PB2,395,1,2,0,919,922,C
1-PB2,396,0,881,0,2,883,T
1-PB2,397,0,1,894,0,895,G
1-PB2,398,0,892,0,1,893,T
1-PB2,399,0,890,0,1,891,T
1-PB2,400,6,0,0,889,895,C
1-PB2,401,886,0,1,0,887,A
1-PB2,402,0,882,0,2,884,T
1-PB2,403,0,884,0,0,884,T
1-PB2,404,0,888,2,1,891,T
1-PB2,405,0,891,0,0,891,T
1-PB2,406,879,0,0,0,879,A
1-PB2,407,1,0,879,0,880,G
1-PB2,408,876,0,1,0,877,A
1-PB2,409,879,0,0,0,879,A
1-PB2,410,879,1,0,0,880,A
1-PB2,411,0,872,0,2,874,T
1-PB2,412,2,0,0,876,878,C
1-PB2,413,872,1,3,0,876,A
1-PB2,414,888,1,1,0,890,A
1-PB2,415,1,0,894,0,895,G
1-PB2,416,0,894,0,1,895,T
1-PB2,417,8,0,0,889,897,C
1-PB2,418,902,0,1,0,903,A
1-PB2,419,904,0,1,0,905,A
1-PB2,420,1,2,904,0,907,G
1-PB2,421,913,0,1,0,914,A
1-PB2,422,0,912,0,0,912,T
1-PB2,423,914,0,0,1,915,A
1-PB2,424,0,0,0,914,914,C
1-PB2,425,1,0,909,0,910,G
1-PB2,426,1,2,0,908,911,C
1-PB2,427,902,0,1,0,903,A
1-PB2,428,0,0,908,0,908,G
1-PB2,429,907,0,0,0,907,A
1-PB2,430,914,0,2,0,916,A
1-PB2,431,0,2,935,0,937,G
1-PB2,432,917,1,1,0,919,A
1-PB2,433,0,0,921,0,921,G
1-PB2,434,0,923,0,0,923,T
1-PB2,435,918,1,1,0,920,A
1-PB2,436,0,3,933,0,936,G
1-PB2,437,935,0,2,0,937,A
1-PB2,438,0,2,0,972,974,C
1-PB2,439,953,0,0,0,953,A
1-PB2,440,0,936,0,0,936,T
1-PB2,441,932,0,1,0,933,A
1-PB2,442,932,0,1,0,933,A
1-PB2,443,937,0,0,0,937,A
1-PB2,444,1,1,0,941,943,C
1-PB2,445,4,0,0,922,926,C
1-PB2,446,3,1,1,916,921,C
1-PB2,447,0,880,0,0,880,T
1-PB2,448,1,1,888,0,890,G
1-PB2,449,0,2,898,0,900,G
1-PB2,450,0,897,0,2,899,T
1-PB2,451,4,0,0,889,893,C
1-PB2,452,909,1,0,0,910,A
1-PB2,453,0,905,1,0,906,T
1-PB2,454,0,0,917,0,917,G
1-PB2,455,0,0,0,913,913,C
1-PB2,456,908,0,3,0,911,A
1-PB2,457,1,5,908,0,914,G
1-PB2,458,894,0,1,0,895,A
1-PB2,459,1,0,0,903,904,C
1-PB2,460,3,0,0,901,904,C
1-PB2,461,0,885,0,0,885,T
1-PB2,462,0,0,0,888,888,C
1-PB2,463,870,0,0,0,870,A
1-PB2,464,1,0,890,0,891,G
1-PB2,465,0,892,1,0,893,T
1-PB2,466,0,0,893,0,893,G
1-PB2,467,0,3,0,885,888,C
1-PB2,468,1,1,0,880,882,C
1-PB2,469,881,0,0,0,881,A
1-PB2,470,884,0,0,0,884,A
1-PB2,471,876,0,1,0,877,A
1-PB2,472,1,0,883,0,884,G
1-PB2,473,868,0,0,0,868,A
1-PB2,474,0,4,869,0,873,G
1-PB2,475,1,0,871,0,872,G
1-PB2,476,1,0,0,873,874,C
1-PB2,477,875,0,0,0,875,A
1-PB2,478,0,0,0,879,879,C
1-PB2,479,873,0,0,0,873,A
1-PB2,480,889,0,1,0,890,A
1-PB2,481,0,1,892,0,893,G
1-PB2,482,907,0,2,0,909,A
1-PB2,483,0,893,0,0,893,T
1-PB2,484,0,0,892,0,892,G
1-PB2,485,0,890,0,0,890,T
1-PB2,486,893,0,1,0,894,A
1-PB2,487,890,0,0,0,890,A
1-PB2,488,0,891,0,1,892,T
1-PB2,489,0,850,0,0,850,T
1-PB2,490,842,0,1,0,843,A
1-PB2,491,0,813,0,0,813,T
1-PB2,492,0,1,812,0,813,G
1-PB2,493,1,0,816,0,817,G
1-PB2,494,811,0,0,0,811,A
1-PB2,495,808,0,0,0,808,A
1-PB2,496,0,0,808,0,808,G
1-PB2,497,0,807,0,1,808,T
1-PB2,498,0,805,0,0,805,T
1-PB2,499,1,0,813,0,814,G
1-PB2,500,0,807,1,1,809,T
1-PB2,501,0,807,0,0,807,T
1-PB2,502,0,804,0,2,806,T
1-PB2,503,0,804,0,0,804,T
1-PB2,504,1,807,0,0,808,T
1-PB2,505,0,0,0,810,810,C
1-PB2,506,1,0,0,804,805,C
1-PB2,507,0,1,0,804,805,C
1-PB2,508,802,0,0,0,802,A
1-PB2,509,804,0,0,0,804,A
1-PB2,510,0,807,0,0,807,T
1-PB2,511,0,3,809,0,812,G
1-PB2,512,812,0,0,0,812,A
1-PB2,513,809,0,1,0,810,A
1-PB2,514,0,0,817,0,817,G
1-PB2,515,0,814,0,0,814,T
1-PB2,516,1,2,808,0,811,G
1-PB2,517,0,2,805,0,807,G
1-PB2,518,0,2,807,0,809,G
1-PB2,519,814,0,1,0,815,A
1-PB2,520,0,0,819,0,819,G
1-PB2,521,0,0,0,816,816,C
1-PB2,522,0,2,0,813,815,C
1-PB2,523,810,0,1,0,811,A
1-PB2,524,0,1,834,0,835,G
1-PB2,525,0,2,836,0,838,G
1-PB2,526,838,0,1,0,839,A
1-PB2,527,0,832,0,0,832,T
1-PB2,528,840,0,1,0,841,A
1-PB2,529,0,1,0,840,841,C
1-PB2,530,0,836,0,2,838,T
1-PB2,531,834,0,1,0,835,A
1-PB2,532,834,2,0,0,836,A
1-PB2,533,0,0,0,835,835,C
1-PB2,534,814,0,0,0,814,A
1-PB2,535,0,805,0,0,805,T
1-PB2,536,2,2,0,804,808,C
1-PB2,537,793,0,1,0,794,A
1-PB2,538,0,1,806,0,807,G
1-PB2,539,805,0,0,0,805,A
1-PB2,540,804,0,0,0,804,A
1-PB2,541,0,797,0,3,800,T
1-PB2,542,2,0,0,779,781,C
1-PB2,543,785,0,0,0,785,A
1-PB2,544,0,0,0,811,811,C
1-PB2,545,809,0,1,0,810,A
1-PB2,546,814,1,0,0,815,A
1-PB2,547,0,803,0,0,803,T
1-PB2,548,2,802,0,0,804,T
1-PB2,549,809,0,0,0,809,A
1-PB2,550,808,0,1,0,809,A
1-PB2,551,1,0,0,815,816,C
1-PB2,552,808,0,1,0,809,A
1-PB2,553,799,1,0,0,800,A
1-PB2,554,0,815,0,0,815,T
1-PB2,555,809,0,0,0,809,A
1-PB2,556,807,0,1,0,808,A
1-PB2,557,0,0,0,805,805,C
1-PB2,558,0,803,0,2,805,T
1-PB2,559,802,0,0,0,802,A
1-PB2,560,796,0,1,2,799,A
1-PB2,561,799,0,4,0,803,A
1-PB2,562,0,1,805,0,806,G
1-PB2,563,792,0,0,0,792,A
1-PB2,564,0,1,797,0,798,G
1-PB2,565,791,0,0,0,791,A
1-PB2,566,788,0,1,0,789,A
1-PB2,567,791,0,1,0,792,A
1-PB2,568,791,0,0,0,791,A
1-PB2,569,794,0,1,0,795,A
1-PB2,570,795,0,1,0,796,A
1-PB2,571,1,2,796,0,799,G
1-PB2,572,798,0,0,0,798,A
1-PB2,573,785,0,2,0,787,A
1-PB2,574,0,1,790,0,791,G
1-PB2,575,798,0,2,0,800,A
1-PB2,576,803,1,0,0,804,A
1-PB2,577,0,0,0,809,809,C
1-PB2,578,0,804,0,1,805,T
1-PB2,579,3,0,0,806,809,C
1-PB2,580,1,0,0,806,807,C
1-PB2,581,0,2,808,0,810,G
1-PB2,582,808,0,0,0,808,A
1-PB2,583,0,0,809,0,809,G
1-PB2,584,804,0,0,0,804,A
1-PB2,585,0,805,0,0,805,T
1-PB2,586,1,794,0,0,795,T
1-PB2,587,1,1,798,0,800,G
1-PB2,588,0,1,0,795,796,C
1-PB2,589,799,1,0,0,800,A
1-PB2,590,804,0,0,0,804,A
1-PB2,591,803,0,0,0,803,A
1-PB2,592,807,0,2,0,809,A
1-PB2,593,0,808,0,0,808,T
1-PB2,594,0,803,0,1,804,T
1-PB2,595,0,809,0,1,810,T
1-PB2,596,3,0,0,808,811,C
1-PB2,597,0,808,0,2,810,T
1-PB2,598,5,0,0,846,851,C
1-PB2,599,2,1,0,855,858,C
1-PB2,600,1,0,0,891,892,C
1-PB2,601,0,884,0,1,885,T
1-PB2,602,0,894,0,0,894,T
1-PB2,603,0,1,895,1,897,G
1-PB2,604,901,0,0,1,902,A
1-PB2,605,0,907,0,2,909,T
1-PB2,606,0,1,920,0,921,G
1-PB2,607,0,0,968,0,968,G
1-PB2,608,0,978,0,1,979,T
1-PB2,609,1,966,0,0,967,T
1-PB2,610,0,1,1020,0,1021,G
1-PB2,611,1,0,0,1023,1024,C
1-PB2,612,1038,0,1,0,1039,A
1-PB2,613,0,1038,0,0,1038,T
1-PB2,614,1045,0,0,1,1046,A
1-PB2,615,0,0,0,1086,1086,C
1-PB2,616,1190,0,0,0,1190,A
1-PB2,617,0,1210,0,1,1211,T
1-PB2,618,0,0,1257,0,1257,G
1-PB2,619,0,1247,1,2,1250,T
1-PB2,620,0,1248,0,0,1248,T
1-PB2,621,1235,0,0,0,1235,A
1-PB2,622,0,1,1237,0,1238,G
1-PB2,623,1247,0,3,0,1250,A
1-PB2,624,0,5,1261,0,1266,G
1-PB2,625,1201,0,0,0,1201,A
1-PB2,626,0,6,1201,0,1207,G
1-PB2,627,1178,0,1,0,1179,A
1-PB2,628,1,7,1177,0,1185,G
1-PB2,629,1180,0,2,0,1182,A
1-PB2,630,1189,0,0,0,1189,A
1-PB2,631,0,0,0,1198,1198,C
1-PB2,632,0,1187,0,1,1188,T
1-PB2,633,0,1180,0,0,1180,T
1-PB2,634,0,0,1184,0,1184,G
1-PB2,635,0,1188,0,0,1188,T
1-PB2,636,1188,0,1,0,1189,A
1-PB2,637,0,0,0,1181,1181,C
1-PB2,638,0,5,1173,0,1178,G
1-PB2,639,1181,0,1,0,1182,A
1-PB2,640,1180,0,0,0,1180,A
1-PB2,641,1188,0,0,0,1188,A
1-PB2,642,1193,0,0,0,1193,A
1-PB2,643,1195,0,1,0,1196,A
1-PB2,644,0,0,0,1199,1199,C
1-PB2,645,1198,1,1,0,1200,A
1-PB2,646,1196,0,3,0,1199,A
1-PB2,647,0,3,1204,0,1207,G
1-PB2,648,1209,0,0,0,1209,A
1-PB2,649,0,1205,0,1,1206,T
1-PB2,650,0,1198,0,2,1200,T
1-PB2,651,0,1204,0,1,1205,T
1-PB2,652,1,0,1,1210,1212,C
1-PB2,653,0,1207,0,3,1210,T
1-PB2,654,7,1,0,1208,1216,C
1-PB2,655,2,0,0,1207,1209,C
1-PB2,656,0,0,0,1218,1218,C
1-PB2,657,1217,0,0,0,1217,A
1-PB2,658,0,1,1223,0,1224,G
1-PB2,659,0,1221,2,0,1223,T
1-PB2,660,0,1223,0,1,1224,T
1-PB2,661,0,0,1220,0,1220,G
1-PB2,662,0,1,0,1220,1221,C
1-PB2,663,0,1219,1,0,1220,T
1-PB2,664,0,1,1227,0,1228,G
1-PB2,665,0,2,1218,0,1220,G
1-PB2,666,0,1,0,1220,1221,C
1-PB2,667,0,1,1222,0,1223,G
1-PB2,668,1,6,1235,0,1242,G
1-PB2,669,1243,1,1,0,1245,A
1-PB2,670,1245,1,1,0,1247,A
1-PB2,671,2,0,1,1244,1247,C
1-PB2,672,1250,0,1,0,1251,A
1-PB2,673,1256,0,0,0,1256,A
1-PB2,674,0,2,1293,0,1295,G
1-PB2,675,0,2,0,1312,1314,C
1-PB2,676,1320,0,4,1,1325,A
1-PB2,677,0,0,1642,0,1642,G
1-PB2,678,0,1641,0,0,1641,T
1-PB2,679,1654,0,0,0,1654,A
1-PB2,680,0,1655,0,1,1656,T
1-PB2,681,1655,1,0,0,1656,A
1-PB2,682,0,1655,0,0,1655,T
1-PB2,683,1613,1,0,0,1614,A
1-PB2,684,1,0,0,1634,1635,C
1-PB2,685,1547,0,0,0,1547,A
1-PB2,686,0,1453,0,0,1453,T
1-PB2,687,0,1398,0,0,1398,T
1-PB2,688,0,3,1396,1,1400,G
1-PB2,689,1399,0,1,0,1400,A
1-PB2,690,1393,0,2,0,1395,A
1-PB2,691,1,0,1409,0,1410,G
1-PB2,692,1,1401,0,0,1402,T
1-PB2,693,0,1388,0,2,1390,T
1-PB2,694,0,1388,0,2,1390,T
1-PB2,695,0,1392,0,0,1392,T
1-PB2,696,1412,0,1,0,1413,A
1-PB2,697,0,0,0,1417,1417,C
1-PB2,698,1418,0,1,0,1419,A
1-PB2,699,0,1413,0,2,1415,T
1-PB2,700,0,1398,0,1,1399,T
1-PB2,701,0,1404,0,0,1404,T
1-PB2,702,0,7,1418,0,1425,G
1-PB2,703,1435,0,2,0,1437,A
1-PB2,704,0,1,0,1431,1432,C
1-PB2,705,1,1419,1,3,1424,T
1-PB2,706,5,1,0,1417,1423,C
1-PB2,707,1417,1,3,0,1421,A
1-PB2,708,0,1,1406,0,1407,G
1-PB2,709,0,3,1434,1,1438,G
1-PB2,710,1,2,1444,0,1447,G
1-PB2,711,1448,1,1,1,1451,A
1-PB2,712,1446,0,2,0,1448,A
1-PB2,713,1,0,0,1452,1453,C
1-PB2,714,0,0,1465,0,1465,G
1-PB2,715,0,1465,0,0,1465,T
1-PB2,716,0,1,1472,0,1473,G
1-PB2,717,0,1464,0,2,1466,T
1-PB2,718,0,1465,0,0,1465,T
1-PB2,719,0,4,1463,0,1467,G
1-PB2,720,0,1,1468,0,1469,G
1-PB2,721,1,6,1488,0,1495,G
1-PB2,722,1480,2,1,1,1484,A
1-PB2,723,1474,0,3,1,1478,A
1-PB2,724,0,1,0,1540,1541,C
1-PB2,725,1534,1,1,0,1536,A
1-PB2,726,1594,0,0,1,1595,A
1-PB2,727,1592,0,2,2,1596,A
1-PB2,728,0,1606,1,0,1607,T
1-PB2,729,0,1,1628,0,1629,G
1-PB2,730,0,1609,1,1,1611,T
1-PB2,731,1605,3,1,0,1609,A
1-PB2,732,0,0,0,1613,1613,C
1-PB2,733,1586,0,1,0,1587,A
1-PB2,734,1,2,0,1583,1586,C
1-PB2,735,1,1528,0,2,1531,T
1-PB2,736,5,0,0,1649,1654,C
1-PB2,737,3,0,0,1660,1663,C
1-PB2,738,1679,1,0,0,1680,A
1-PB2,739,0,1,1687,0,1688,G
1-PB2,740,0,0,1715,0,1715,G
1-PB2,741,0,1708,0,1,1709,T
1-PB2,742,0,1,1707,0,1708,G
1-PB2,743,0,4,1660,0,1664,G
1-PB2,744,1647,0,2,0,1649,A
1-PB2,745,1,5,1645,1,1652,G
1-PB2,746,0,6,1655,0,1661,G
1-PB2,747,1623,1,4,1,1629,A
1-PB2,748,1,2,1635,0,1638,G
1-PB2,749,0,1610,0,4,1614,T
1-PB2,750,1,1,1618,0,1620,G
1-PB2,751,1618,1,0,0,1619,A
1-PB2,752,0,3,1623,0,1626,G
1-PB2,753,0,9,1630,0,1639,G
1-PB2,754,1624,0,0,0,1624,A
1-PB2,755,1625,0,1,0,1626,A
1-PB2,756,0,1626,0,1,1627,T
1-PB2,757,0,2,1620,0,1622,G
1-PB2,758,1619,0,5,0,1624,A
1-PB2,759,0,1,0,1613,1614,C
1-PB2,760,1,1,1614,0,1616,G
1-PB2,761,1641,0,0,0,1641,A
1-PB2,762,1,1638,0,1,1640,T
1-PB2,763,0,0,1651,0,1651,G
1-PB2,764,0,1645,0,3,1648,T
1-PB2,765,0,1630,1,1,1632,T
1-PB2,766,0,6,1645,0,1651,G
1-PB2,767,1664,0,0,0,1664,A
1-PB2,768,1,0,0,1665,1666,C
1-PB2,769,2,0,2,1658,1662,C
1-PB2,770,1643,0,0,0,1643,A
1-PB2,771,1645,0,0,0,1645,A
1-PB2,772,1641,0,2,2,1645,A
1-PB2,773,0,1,1691,0,1692,G
1-PB2,774,2,0,0,1686,1688,C
1-PB2,775,2,0,0,1677,1679,C
1-PB2,776,0,1684,0,2,1686,T
1-PB2,777,1694,0,0,0,1694,A
1-PB2,778,1694,0,0,0,1694,A
1-PB2,779,0,1696,0,1,1697,T
1-PB2,780,1,1691,0,3,1695,T
1-PB2,781,1668,0,2,0,1670,A
1-PB2,782,1,1630,0,0,1631,T
1-PB2,783,0,1617,0,2,1619,T
1-PB2,784,0,1,1614,1,1616,G
1-PB2,785,0,4,0,1608,1612,C
1-PB2,786,2,3,1600,0,1605,G
1-PB2,787,1,2,1639,0,1642,G
1-PB2,788,1,1,0,1636,1638,C
1-PB2,789,0,0,0,1637,1637,C
1-PB2,790,1642,0,0,1,1643,A
1-PB2,791,0,1,1661,0,1662,G
1-PB2,792,0,6,1668,0,1674,G
1-PB2,793,1676,0,1,0,1677,A
1-PB2,794,1687,0,0,0,1687,A
1-PB2,795,3,1,0,1694,1698,C
1-PB2,796,1665,0,0,0,1665,A
1-PB2,797,0,1688,0,0,1688,T
1-PB2,798,1711,0,0,0,1711,A
1-PB2,799,1,0,1726,0,1727,G
1-PB2,800,0,1706,0,3,1709,T
1-PB2,801,1692,0,2,0,1694,A
1-PB2,802,1690,0,0,0,1690,A
1-PB2,803,0,3,1697,0,1700,G
1-PB2,804,1683,0,0,0,1683,A
1-PB2,805,1646,0,1,0,1647,A
1-PB2,806,1,3,1632,0,1636,G
1-PB2,807,1592,0,0,0,1592,A
1-PB2,808,0,2,1583,0,1585,G
1-PB2,809,2,1,0,1582,1585,C
1-PB2,810,2,3,0,1574,1579,C
1-PB2,811,1,1,1582,0,1584,G
1-PB2,812,0,1,0,1584,1585,C
1-PB2,813,1591,0,1,0,1592,A
1-PB2,814,0,0,1761,0,1761,G
1-PB2,815,0,1754,0,1,1755,T
1-PB2,816,1758,0,1,0,1759,A
1-PB2,817,0,1740,0,2,1742,T
1-PB2,818,7,0,0,1748,1755,C
1-PB2,819,1749,1,2,0,1752,A
1-PB2,820,0,0,1753,0,1753,G
1-PB2,821,1,1,1,1748,1751,C
1-PB2,822,1689,0,1,0,1690,A
1-PB2,823,0,1,1659,0,1660,G
1-PB2,824,1665,0,1,0,1666,A
1-PB2,825,0,1658,1,0,1659,T
1-PB2,826,3,0,0,1669,1672,C
1-PB2,827,3,0,0,1659,1662,C
1-PB2,828,1667,0,0,0,1667,A
1-PB2,829,0,0,0,1670,1670,C
1-PB2,830,0,1664,0,2,1666,T
1-PB2,831,1668,0,3,0,1671,A
1-PB2,832,3,0,1664,0,1667,G
1-PB2,833,0,0,0,1659,1659,C
1-PB2,834,1656,0,2,0,1658,A
1-PB2,835,0,1649,1,1,1651,T
1-PB2,836,1,1,0,1664,1666,C
1-PB2,837,0,1647,0,7,1654,T
1-PB2,838,0,1678,0,0,1678,T
1-PB2,839,0,1688,0,0,1688,T
1-PB2,840,1687,0,0,0,1687,A
1-PB2,841,0,1692,0,1,1693,T
1-PB2,842,0,1683,0,1,1684,T
1-PB2,843,0,5,1683,0,1688,G
1-PB2,844,0,1,1679,0,1680,G
1-PB2,845,1654,0,1,0,1655,A
1-PB2,846,1,2,1660,0,1663,G
1-PB2,847,1617,0,3,0,1620,A
1-PB2,848,0,1611,0,1,1612,T
1-PB2,849,0,0,1641,0,1641,G
1-PB2,850,0,1640,0,4,1644,T
1-PB2,851,3,0,1633,0,1636,G
1-PB2,852,1,0,0,1641,1642,C
1-PB2,853,5,2,1,1634,1642,C
1-PB2,854,1629,0,3,0,1632,A
1-PB2,855,0,1,0,1628,1629,C
1-PB2,856,1601,0,3,0,1604,A
1-PB2,857,0,0,1639,0,1639,G
1-PB2,858,0,2,0,1605,1607,C
1-PB2,859,1597,0,2,0,1599,A
1-PB2,860,0,0,0,1601,1601,C
1-PB2,861,1592,1,1,0,1594,A
1-PB2,862,0,0,0,1605,1605,C
1-PB2,863,1597,0,1,1,1599,A
1-PB2,864,1604,1,1,0,1606,A
1-PB2,865,1598,0,2,0,1600,A
1-PB2,866,1,1557,0,1,1559,T
1-PB2,867,0,1565,0,1,1566,T
1-PB2,868,0,4,1558,0,1562,G
1-PB2,869,1,2,1557,0,1560,G
1-PB2,870,1,1,0,1554,1556,C
1-PB2,871,3,5,1536,0,1544,G
1-PB2,872,1,5,1551,0,1557,G
1-PB2,873,0,6,1562,0,1568,G
1-PB2,874,1569,0,0,0,1569,A
1-PB2,875,2,0,0,1569,1571,C
1-PB2,876,1573,1,1,0,1575,A
1-PB2,877,1576,0,2,0,1578,A
1-PB2,878,0,3,1582,0,1585,G
1-PB2,879,0,0,1587,0,1587,G
1-PB2,880,1589,1,1,0,1591,A
1-PB2,881,0,1512,0,0,1512,T
1-PB2,882,0,6,1487,0,1493,G
1-PB2,883,1,1,1498,0,1500,G
1-PB2,884,0,1481,0,1,1482,T
1-PB2,885,2,2,1473,0,1477,G
1-PB2,886,0,5,1469,1,1475,G
1-PB2,887,1444,0,3,0,1447,A
1-PB2,888,1,2,0,1448,1451,C
1-PB2,889,1417,0,1,0,1418,A
1-PB2,890,0,1566,0,1,1567,T
1-PB2,891,1,1547,0,3,1551,T
1-PB2,892,3,0,0,1547,1550,C
1-PB2,893,0,1519,0,0,1519,T
1-PB2,894,0,1512,0,0,1512,T
1-PB2,895,1513,1,1,0,1515,A
1-PB2,896,0,4,1516,0,1520,G
1-PB2,897,1505,0,1,0,1506,A
1-PB2,898,0,0,0,1505,1505,C
1-PB2,899,1196,0,1,0,1197,A
1-PB2,900,0,2,1209,0,1211,G
1-PB2,901,1204,0,1,0,1205,A
1-PB2,902,1206,0,0,0,1206,A
1-PB2,903,1,0,0,1205,1206,C
1-PB2,904,0,0,0,1204,1204,C
1-PB2,905,4,0,1,1198,1203,C
1-PB2,906,0,5,1200,0,1205,G
1-PB2,907,1206,0,2,0,1208,A
1-PB2,908,1,0,0,1217,1218,C
1-PB2,909,0,1186,0,0,1186,T
1-PB2,910,1,0,1194,0,1195,G
1-PB2,911,1189,0,0,0,1189,A
1-PB2,912,1194,0,2,0,1196,A
1-PB2,913,0,7,1202,0,1209,G
1-PB2,914,1209,0,0,0,1209,A
1-PB2,915,1207,0,0,0,1207,A
1-PB2,916,0,0,0,1205,1205,C
1-PB2,917,1203,0,0,0,1203,A
1-PB2,918,1204,0,2,0,1206,A
1-PB2,919,0,0,1213,0,1213,G
1-PB2,920,0,0,0,1224,1224,C
1-PB2,921,0,1208,0,0,1208,T
1-PB2,922,0,0,1227,0,1227,G
1-PB2,923,0,1219,0,0,1219,T
1-PB2,924,1,1,1241,0,1243,G
1-PB2,925,0,1,1274,0,1275,G
1-PB2,926,1269,0,3,0,1272,A
1-PB2,927,0,1268,0,0,1268,T
1-PB2,928,1246,0,1,0,1247,A
1-PB2,929,0,1232,0,0,1232,T
1-PB2,930,1280,0,3,0,1283,A
1-PB2,931,1,1264,0,2,1267,T
1-PB2,932,0,0,1264,0,1264,G
1-PB2,933,0,0,0,1245,1245,C
1-PB2,934,1206,1,2,0,1209,A
1-PB2,935,1211,0,1,0,1212,A
1-PB2,936,0,2,1206,0,1208,G
1-PB2,937,0,1,1221,0,1222,G
1-PB2,938,0,0,0,1222,1222,C
1-PB2,939,0,1195,0,2,1197,T
1-PB2,940,0,1,1199,0,1200,G
1-PB2,941,2,1,0,1199,1202,C
1-PB2,942,1203,0,0,0,1203,A
1-PB2,943,1206,0,2,0,1208,A
1-PB2,944,0,1195,0,0,1195,T
1-PB2,945,0,1,1197,0,1198,G
1-PB2,946,0,2,1199,0,1201,G
1-PB2,947,1,1,1192,0,1194,G
1-PB2,948,1193,0,5,0,1198,A
1-PB2,949,0,1189,1,0,1190,T
1-PB2,950,0,1186,0,3,1189,T
1-PB2,951,1,1,1189,0,1191,G
1-PB2,952,1191,0,3,0,1194,A
1-PB2,953,0,6,1195,1,1202,G
1-PB2,954,1194,0,0,0,1194,A
1-PB2,955,1181,0,1,0,1182,A
1-PB2,956,0,1174,0,0,1174,T
1-PB2,957,3,1,0,1181,1185,C
1-PB2,958,1169,0,0,0,1169,A
1-PB2,959,0,0,1177,0,1177,G
1-PB2,960,0,0,0,1175,1175,C
1-PB2,961,0,1170,1,1,1172,T
1-PB2,962,5,0,0,1162,1167,C
1-PB2,963,1166,0,0,0,1166,A
1-PB2,964,1,1195,0,1,1197,T
1-PB2,965,3,0,0,1190,1193,C
1-PB2,966,4,0,1,1200,1205,C
1-PB2,967,0,1199,0,3,1202,T
1-PB2,968,0,1197,0,0,1197,T
1-PB2,969,2,0,0,1199,1201,C
1-PB2,970,1191,0,3,0,1194,A
1-PB2,971,0,0,1209,0,1209,G
1-PB2,972,0,1,0,1204,1205,C
1-PB2,973,0,1190,0,2,1192,T
1-PB2,974,0,1194,0,0,1194,T
1-PB2,975,0,1184,0,1,1185,T
1-PB2,976,0,2,1179,0,1181,G
1-PB2,977,0,0,1185,0,1185,G
1-PB2,978,0,1182,0,2,1184,T
1-PB2,979,1,4,1185,0,1190,G
1-PB2,980,0,1,1197,0,1198,G
1-PB2,981,0,0,1207,0,1207,G
1-PB2,982,0,1200,1,2,1203,T
1-PB2,983,0,1197,0,3,1200,T
1-PB2,984,0,1200,0,0,1200,T
1-PB2,985,1205,0,1,0,1206,A
1-PB2,986,1,0,0,1208,1209,C
1-PB2,987,1213,0,0,0,1213,A
1-PB2,988,0,1209,0,0,1209,T
1-PB2,989,0,1186,0,0,1186,T
1-PB2,990,1,1187,0,1,1189,T
1-PB2,991,1184,0,0,0,1184,A
1-PB2,992,1184,0,1,0,1185,A
1-PB2,993,1184,2,1,0,1187,A
1-PB2,994,1181,0,3,0,1184,A
1-PB2,995,1,4,1189,0,1194,G
1-PB2,996,1188,0,4,0,1192,A
1-PB2,997,1197,0,0,0,1197,A
1-PB2,998,0,1,0,1194,1195,C
1-PB2,999,1188,0,1,0,1189,A
1-PB2,1000,1189,0,1,0,1190,A
1-PB2,1001,0,0,1191,0,1191,G
1-PB2,1002,0,1,0,1190,1191,C
1-PB2,1003,0,6,1183,2,1191,G
1-PB2,1004,1,4,1192,0,1197,G
1-PB2,1005,4,0,1189,0,1193,G
1-PB2,1006,0,1183,0,4,1187,T
1-PB2,1007,6,0,0,1183,1189,C
1-PB2,1008,1193,1,3,0,1197,A
1-PB2,1009,1,1186,0,0,1187,T
1-PB2,1010,2,0,0,1191,1193,C
1-PB2,1011,1184,0,2,0,1186,A
1-PB2,1012,0,1,1213,0,1214,G
1-PB2,1013,0,1198,0,0,1198,T
1-PB2,1014,5,0,0,1194,1199,C
1-PB2,1015,1204,0,0,0,1204,A
1-PB2,1016,1208,0,2,0,1210,A
1-PB2,1017,1207,1,0,0,1208,A
1-PB2,1018,1212,0,0,0,1212,A
1-PB2,1019,1222,0,0,0,1222,A
1-PB2,1020,1220,0,0,0,1220,A
1-PB2,1021,1,3,1220,0,1224,G
1-PB2,1022,1222,0,0,0,1222,A
1-PB2,1023,1218,0,1,0,1219,A
1-PB2,1024,0,1,1220,0,1221,G
1-PB2,1025,1218,0,1,0,1219,A
1-PB2,1026,1154,0,4,0,1158,A
1-PB2,1027,0,4,1155,0,1159,G
1-PB2,1028,1152,0,4,0,1156,A
1-PB2,1029,2,2,1153,0,1157,G
1-PB2,1030,0,0,1190,1,1191,G
1-PB2,1031,0,1192,0,0,1192,T
1-PB2,1032,0,1,1212,0,1213,G
1-PB2,1033,0,0,0,1214,1214,C
1-PB2,1034,0,1217,1,1,1219,T
1-PB2,1035,0,1218,0,1,1219,T
1-PB2,1036,1217,1,0,0,1218,A
1-PB2,1037,0,0,0,1221,1221,C
1-PB2,1038,1205,0,3,0,1208,A
1-PB2,1039,0,1,1221,0,1222,G
1-PB2,1040,2,0,1222,0,1224,G
1-PB2,1041,0,2,0,1197,1199,C
1-PB2,1042,1184,0,1,0,1185,A
1-PB2,1043,1212,0,0,0,1212,A
1-PB2,1044,0,1227,0,2,1229,T
1-PB2,1045,1,1,0,1244,1246,C
1-PB2,1046,0,1234,0,2,1236,T
1-PB2,1047,2,0,0,1248,1250,C
1-PB2,1048,0,0,1,1244,1245,C
1-PB2,1049,1249,0,0,0,1249,A
1-PB2,1050,1248,0,0,0,1248,A
1-PB2,1051,1246,1,2,0,1249,A
1-PB2,1052,0,2,0,1249,1251,C
1-PB2,1053,1216,0,0,0,1216,A
1-PB2,1054,0,1201,1,1,1203,T
1-PB2,1055,0,1196,0,0,1196,T
1-PB2,1056,1,2,1215,0,1218,G
1-PB2,1057,1218,0,0,0,1218,A
1-PB2,1058,1227,0,1,0,1228,A
1-PB2,1059,1228,0,2,0,1230,A
1-PB2,1060,1230,0,1,0,1231,A
1-PB2,1061,0,1240,0,1,1241,T
1-PB2,1062,1240,0,1,0,1241,A
1-PB2,1063,1240,0,0,0,1240,A
1-PB2,1064,0,3,1256,0,1259,G
1-PB2,1065,1231,0,3,0,1234,A
1-PB2,1066,0,1,1278,0,1279,G
1-PB2,1067,0,1259,0,0,1259,T
1-PB2,1068,1266,0,0,0,1266,A
1-PB2,1069,1,0,0,1298,1299,C
1-PB2,1070,1282,0,2,0,1284,A
1-PB2,1071,0,1281,1,1,1283,T
1-PB2,1072,1,1,1284,0,1286,G
1-PB2,1073,1257,0,4,0,1261,A
1-PB2,1074,0,0,1268,0,1268,G
1-PB2,1075,0,0,1262,0,1262,G
1-PB2,1076,0,2,1310,0,1312,G
1-PB2,1077,1,0,1316,0,1317,G
1-PB2,1078,0,1297,0,1,1298,T
1-PB2,1079,1299,0,0,0,1299,A
1-PB2,1080,0,1285,1,6,1292,T
1-PB2,1081,0,6,1292,0,1298,G
1-PB2,1082,1294,0,3,0,1297,A
1-PB2,1083,2,1,1293,0,1296,G
1-PB2,1084,0,1,1287,0,1288,G
1-PB2,1085,1209,0,1,0,1210,A
1-PB2,1086,2,0,1239,0,1241,G
1-PB2,1087,0,1232,0,2,1234,T
1-PB2,1088,1,1270,0,2,1273,T
1-PB2,1089,10,1,0,1258,1269,C
1-PB2,1090,1269,0,0,0,1269,A
1-PB2,1091,1,0,0,1269,1270,C
1-PB2,1092,1270,0,1,0,1271,A
1-PB2,1093,1277,1,0,0,1278,A
1-PB2,1094,0,1278,0,1,1279,T
1-PB2,1095,0,5,1247,0,1252,G
1-PB2,1096,0,1,1256,0,1257,G
1-PB2,1097,0,1216,0,1,1217,T
1-PB2,1098,1,4,1214,0,1219,G
1-PB2,1099,0,3,1223,0,1226,G
1-PB2,1100,0,1,1217,0,1218,G
1-PB2,1101,7,3,1219,0,1229,G
1-PB2,1102,1224,0,1,0,1225,A
1-PB2,1103,1227,0,0,0,1227,A
1-PB2,1104,1221,0,1,0,1222,A
1-PB2,1105,1195,0,6,0,1201,A
1-PB2,1106,1,4,1216,0,1221,G
1-PB2,1107,1212,0,1,0,1213,A
1-PB2,1108,1,0,1210,0,1211,G
1-PB2,1109,0,0,0,1211,1211,C
1-PB2,1110,1203,0,0,0,1203,A
1-PB2,1111,1207,0,0,0,1207,A
1-PB2,1112,0,1,0,1257,1258,C
1-PB2,1113,1248,1,1,0,1250,A
1-PB2,1114,0,2,1268,0,1270,G
1-PB2,1115,0,1,0,1259,1260,C
1-PB2,1116,0,1251,0,2,1253,T
1-PB2,1117,1285,0,0,0,1285,A
1-PB2,1118,0,1285,0,1,1286,T
1-PB2,1119,1294,1,0,0,1295,A
1-PB2,1120,0,0,0,1297,1297,C
1-PB2,1121,0,1219,0,2,1221,T
1-PB2,1122,1231,0,1,0,1232,A
1-PB2,1123,1211,0,0,0,1211,A
1-PB2,1124,0,5,1208,0,1213,G
1-PB2,1125,1205,0,3,0,1208,A
1-PB2,1126,1190,0,0,1,1191,A
1-PB2,1127,1191,0,2,0,1193,A
1-PB2,1128,1179,1,3,0,1183,A
1-PB2,1129,0,1,1191,0,1192,G
1-PB2,1130,1,3,0,1188,1192,C
1-PB2,1131,1187,0,2,0,1189,A
1-PB2,1132,1189,0,1,0,1190,A
1-PB2,1133,0,1,0,1187,1188,C
1-PB2,1134,0,0,0,1193,1193,C
1-PB2,1135,1193,1,0,0,1194,A
1-PB2,1136,0,1,1203,0,1204,G
1-PB2,1137,1201,0,1,0,1202,A
1-PB2,1138,1202,0,1,0,1203,A
1-PB2,1139,0,2,1215,0,1217,G
1-PB2,1140,1209,0,3,0,1212,A
1-PB2,1141,0,1211,0,0,1211,T
1-PB2,1142,1,1204,0,0,1205,T
1-PB2,1143,0,1,1211,0,1212,G
1-PB2,1144,0,1,1223,0,1224,G
1-PB2,1145,1,1220,0,3,1224,T
1-PB2,1146,0,1221,0,2,1223,T
1-PB2,1147,0,1,0,1220,1221,C
1-PB2,1148,1226,0,3,1,1230,A
1-PB2,1149,3,0,1281,0,1284,G
1-PB2,1150,0,1,4,1282,1287,C
1-PB2,1151,0,1283,0,6,1289,T
1-PB2,1152,7,0,0,1293,1300,C
1-PB2,1153,1286,0,0,0,1286,A
1-PB2,1154,1,1286,0,1,1288,T
1-PB2,1155,1291,0,0,0,1291,A
1-PB2,1156,0,0,1301,0,1301,G
1-PB2,1157,0,1256,0,1,1257,T
1-PB2,1158,0,5,1253,0,1258,G
1-PB2,1159,1223,1,1,0,1225,A
1-PB2,1160,0,0,1235,1,1236,G
1-PB2,1161,0,1233,0,0,1233,T
1-PB2,1162,0,2,1229,0,1231,G
1-PB2,1163,0,6,1237,1,1244,G
1-PB2,1164,1240,0,2,0,1242,A
1-PB2,1165,1230,0,1,0,1231,A
1-PB2,1166,0,3,1243,0,1246,G
1-PB2,1167,1212,1,15,0,1228,A
1-PB2,1168,0,5,1237,0,1242,G
1-PB2,1169,1232,0,1,0,1233,A
1-PB2,1170,0,1,0,1226,1227,C
1-PB2,1171,1,11,1213,0,1225,G
1-PB2,1172,1214,1,0,0,1215,A
1-PB2,1173,1217,1,0,0,1218,A
1-PB2,1174,0,0,1,1223,1224,C
1-PB2,1175,1218,0,0,0,1218,A
1-PB2,1176,0,0,1298,0,1298,G
1-PB2,1177,0,1288,0,1,1289,T
1-PB2,1178,3,0,0,1285,1288,C
1-PB2,1179,1286,1,1,0,1288,A
1-PB2,1180,1287,1,2,0,1290,A
1-PB2,1181,0,1288,0,1,1289,T
1-PB2,1182,1290,0,0,0,1290,A
1-PB2,1183,1,0,1287,0,1288,G
1-PB2,1184,0,0,0,1278,1278,C
1-PB2,1185,0,1,0,1244,1245,C
1-PB2,1186,0,3,1233,0,1236,G
1-PB2,1187,1237,0,0,0,1237,A
1-PB2,1188,1237,0,2,0,1239,A
1-PB2,1189,1,0,1250,0,1251,G
1-PB2,1190,1,0,0,1268,1269,C
1-PB2,1191,1264,0,1,0,1265,A
1-PB2,1192,1264,0,1,0,1265,A
1-PB2,1193,0,1263,0,0,1263,T
1-PB2,1194,1267,0,0,1,1268,A
1-PB2,1195,1277,0,1,0,1278,A
1-PB2,1196,0,1278,0,1,1279,T
1-PB2,1197,4,1,0,1265,1270,C
1-PB2,1198,1,0,1265,0,1266,G
1-PB2,1199,0,1235,0,0,1235,T
1-PB2,1200,0,1,1234,0,1235,G
1-PB2,1201,0,1,1250,0,1251,G
1-PB2,1202,0,0,0,1249,1249,C
1-PB2,1203,0,1,0,1243,1244,C
1-PB2,1204,1235,0,0,0,1235,A
1-PB2,1205,0,1237,0,1,1238,T
1-PB2,1206,1,0,1238,0,1239,G
1-PB2,1207,1,0,1250,0,1251,G
1-PB2,1208,0,1253,1,1,1255,T
1-PB2,1209,0,2,1255,0,1257,G
1-PB2,1210,0,1242,0,2,1244,T
1-PB2,1211,0,1247,0,2,1249,T
1-PB2,1212,0,1248,0,0,1248,T
1-PB2,1213,0,1246,0,1,1247,T
1-PB2,1214,3,0,0,1263,1266,C
1-PB2,1215,1265,0,1,0,1266,A
1-PB2,1216,0,0,0,1306,1306,C
1-PB2,1217,1294,0,0,0,1294,A
1-PB2,1218,1289,0,2,0,1291,A
1-PB2,1219,0,5,1290,0,1295,G
1-PB2,1220,1280,0,0,0,1280,A
1-PB2,1221,40,2,1256,0,1298,G
1-PB2,1222,1,2,1294,0,1297,G
1-PB2,1223,1294,0,1,0,1295,A
1-PB2,1224,0,1295,0,0,1295,T
1-PB2,1225,1,1277,0,0,1278,T
1-PB2,1226,0,1,1278,1,1280,G
1-PB2,1227,0,0,0,1254,1254,C
1-PB2,1228,1259,0,2,0,1261,A
1-PB2,1229,0,1271,0,1,1272,T
1-PB2,1230,0,3,1312,1,1316,G
1-PB2,1231,1327,1,0,0,1328,A
1-PB2,1232,0,1332,0,0,1332,T
1-PB2,1233,1325,0,2,0,1327,A
1-PB2,1234,1328,0,1,0,1329,A
1-PB2,1235,1324,0,0,0,1324,A
1-PB2,1236,1328,1,3,0,1332,A
1-PB2,1237,0,0,1328,0,1328,G
1-PB2,1238,0,0,0,1360,1360,C
1-PB2,1239,1373,0,0,0,1373,A
1-PB2,1240,0,1,1412,0,1413,G
1-PB2,1241,0,1411,0,1,1412,T
1-PB2,1242,1,1404,0,2,1407,T
1-PB2,1243,1409,0,5,0,1414,A
1-PB2,1244,0,3,1424,0,1427,G
1-PB2,1245,1415,0,2,0,1417,A
1-PB2,1246,0,1,1412,0,1413,G
1-PB2,1247,0,0,1407,0,1407,G
1-PB2,1248,1,1357,0,1,1359,T
1-PB2,1249,0,7,1357,1,1365,G
1-PB2,1250,1364,0,0,0,1364,A
1-PB2,1251,0,0,1,1367,1368,C
1-PB2,1252,0,1,0,1373,1374,C
1-PB2,1253,0,1295,0,5,1300,T
1-PB2,1254,2,5,1297,0,1304,G
1-PB2,1255,1302,1,0,0,1303,A
1-PB2,1256,1303,0,0,0,1303,A
1-PB2,1257,0,1296,0,0,1296,T
1-PB2,1258,0,1321,0,0,1321,T
1-PB2,1259,0,1325,0,1,1326,T
1-PB2,1260,8,1,0,1322,1331,C
1-PB2,1261,1,0,1326,0,1327,G
1-PB2,1262,0,1328,0,1,1329,T
1-PB2,1263,3,0,0,1334,1337,C
1-PB2,1264,1333,0,0,0,1333,A
1-PB2,1265,1331,0,2,0,1333,A
1-PB2,1266,1,1,0,1330,1332,C
1-PB2,1267,1325,0,0,0,1325,A
1-PB2,1268,0,5,1341,0,1346,G
1-PB2,1269,1340,0,0,0,1340,A
1-PB2,1270,0,0,1341,0,1341,G
1-PB2,1271,1,0,0,1344,1345,C
1-PB2,1272,1346,0,0,0,1346,A
1-PB2,1273,1359,0,1,0,1360,A
1-PB2,1274,1364,0,1,0,1365,A
1-PB2,1275,0,1365,0,0,1365,T
1-PB2,1276,6,1,0,1361,1368,C
1-PB2,1277,1350,0,1,0,1351,A
1-PB2,1278,2,0,1353,0,1355,G
1-PB2,1279,0,1,0,1356,1357,C
1-PB2,1280,1,1,1358,0,1360,G
1-PB2,1281,0,2,1423,0,1425,G
1-PB2,1282,0,1420,0,0,1420,T
1-PB2,1283,0,1418,0,1,1419,T
1-PB2,1284,1,6,1412,0,1419,G
1-PB2,1285,1416,0,3,0,1419,A
1-PB2,1286,1428,0,4,0,1432,A
1-PB2,1287,0,1,0,1440,1441,C
1-PB2,1288,3,0,0,1429,1432,C
1-PB2,1289,4,0,0,1431,1435,C
1-PB2,1290,1,0,0,1381,1382,C
1-PB2,1291,1388,1,1,0,1390,A
1-PB2,1292,0,1395,0,0,1395,T
1-PB2,1293,0,2,1402,0,1404,G
1-PB2,1294,0,0,0,1415,1415,C
1-PB2,1295,1406,0,0,0,1406,A
1-PB2,1296,1,1400,0,2,1403,T
1-PB2,1297,6,0,0,1388,1394,C
1-PB2,1298,1380,0,0,0,1380,A
1-PB2,1299,0,0,1412,0,1412,G
1-PB2,1300,0,0,0,1411,1411,C
1-PB2,1301,0,1384,0,1,1385,T
1-PB2,1302,0,1382,0,1,1383,T
1-PB2,1303,0,1376,0,0,1376,T
1-PB2,1304,0,1380,0,0,1380,T
1-PB2,1305,1378,0,1,0,1379,A
1-PB2,1306,1376,0,2,0,1378,A
1-PB2,1307,0,3,1382,0,1385,G
1-PB2,1308,1,0,1373,0,1374,G
1-PB2,1309,2,0,0,1363,1365,C
1-PB2,1310,1356,0,0,0,1356,A
1-PB2,1311,0,1359,0,3,1362,T
1-PB2,1312,1,1359,0,2,1362,T
1-PB2,1313,1,1361,0,0,1362,T
1-PB2,1314,0,1363,0,3,1366,T
1-PB2,1315,2,0,0,1366,1368,C
1-PB2,1316,1358,3,2,0,1363,A
1-PB2,1317,0,2,1360,0,1362,G
1-PB2,1318,1361,0,1,0,1362,A
1-PB2,1319,1356,0,2,0,1358,A
1-PB2,1320,1357,0,1,0,1358,A
1-PB2,1321,3,0,1355,0,1358,G
1-PB2,1322,1378,0,1,0,1379,A
1-PB2,1323,0,1376,0,0,1376,T
1-PB2,1324,1,0,1376,0,1377,G
1-PB2,1325,1,1,0,1376,1378,C
1-PB2,1326,1,3,1380,0,1384,G
1-PB2,1327,1386,0,0,0,1386,A
1-PB2,1328,1386,1,0,0,1387,A
1-PB2,1329,1384,0,2,0,1386,A
1-PB2,1330,0,1,1388,0,1389,G
1-PB2,1331,0,1364,0,2,1366,T
1-PB2,1332,0,0,1365,0,1365,G
1-PB2,1333,0,0,1,1363,1364,C
1-PB2,1334,0,1353,0,4,1357,T
1-PB2,1335,0,1360,0,1,1361,T
1-PB2,1336,1,1360,0,0,1361,T
1-PB2,1337,0,1363,0,0,1363,T
1-PB2,1338,0,1361,0,0,1361,T
1-PB2,1339,6,0,0,1354,1360,C
1-PB2,1340,1361,0,1,0,1362,A
1-PB2,1341,1375,0,0,0,1375,A
1-PB2,1342,1368,1,2,0,1371,A
1-PB2,1343,1377,0,1,0,1378,A
1-PB2,1344,0,1374,1,0,1375,T
1-PB2,1345,0,1375,0,0,1375,T
1-PB2,1346,2,2,1374,2,1380,G
1-PB2,1347,0,1,1378,0,1379,G
1-PB2,1348,1,5,1366,0,1372,G
1-PB2,1349,0,7,1388,0,1395,G
1-PB2,1350,1383,0,1,0,1384,A
1-PB2,1351,0,0,1405,0,1405,G
1-PB2,1352,0,1401,0,0,1401,T
1-PB2,1353,0,1400,0,2,1402,T
1-PB2,1354,0,12,1388,0,1400,G
1-PB2,1355,1404,0,2,0,1406,A
1-PB2,1356,1411,0,4,0,1415,A
1-PB2,1357,2,2,0,1460,1464,C
1-PB2,1358,1453,0,1,0,1454,A
1-PB2,1359,0,0,0,1509,1509,C
1-PB2,1360,1478,0,0,0,1478,A
1-PB2,1361,0,1475,0,0,1475,T
1-PB2,1362,0,1462,0,2,1464,T
1-PB2,1363,1,4,1476,0,1481,G
1-PB2,1364,1485,1,2,1,1489,A
1-PB2,1365,0,0,0,1492,1492,C
1-PB2,1366,1430,0,0,1,1431,A
1-PB2,1367,1,1,1469,0,1471,G
1-PB2,1368,0,1427,0,0,1427,T
1-PB2,1369,1,1,1441,0,1443,G
1-PB2,1370,0,1433,0,5,1438,T
1-PB2,1371,0,4,1441,0,1445,G
1-PB2,1372,1438,0,1,0,1439,A
1-PB2,1373,0,1431,0,3,1434,T
1-PB2,1374,1,3,1433,0,1437,G
1-PB2,1375,0,2,1431,0,1433,G
1-PB2,1376,1,7,1414,0,1422,G
1-PB2,1377,1412,0,2,0,1414,A
1-PB2,1378,1400,0,1,0,1401,A
1-PB2,1379,1,1407,0,2,1410,T
1-PB2,1380,0,3,1429,0,1432,G
1-PB2,1381,1435,0,0,0,1435,A
1-PB2,1382,0,1431,0,0,1431,T
1-PB2,1383,0,1424,0,1,1425,T
1-PB2,1384,0,2,1414,0,1416,G
1-PB2,1385,1,2,1404,0,1407,G
1-PB2,1386,6,7,1357,0,1370,G
1-PB2,1387,1,0,1433,0,1434,G
1-PB2,1388,0,1436,0,0,1436,T
1-PB2,1389,1438,0,0,0,1438,A
1-PB2,1390,0,1431,0,0,1431,T
1-PB2,1391,0,1449,0,0,1449,T
1-PB2,1392,1472,0,0,0,1472,A
1-PB2,1393,3,0,0,1468,1471,C
1-PB2,1394,6,0,0,1440,1446,C
1-PB2,1395,1432,0,1,0,1433,A
1-PB2,1396,0,4,1432,0,1436,G
1-PB2,1397,1459,1,0,0,1460,A
1-PB2,1398,0,1451,0,2,1453,T
1-PB2,1399,1448,0,2,0,1450,A
1-PB2,1400,0,1429,0,2,1431,T
1-PB2,1401,0,9,1420,0,1429,G
1-PB2,1402,1433,1,1,0,1435,A
1-PB2,1403,0,0,0,1445,1445,C
1-PB2,1404,0,1432,0,3,1435,T
1-PB2,1405,10,1,0,1418,1429,C
1-PB2,1406,2,0,0,1405,1407,C
1-PB2,1407,1410,0,2,0,1412,A
1-PB2,1408,1414,0,1,0,1415,A
1-PB2,1409,0,1,1452,0,1453,G
1-PB2,1410,3,0,0,1447,1450,C
1-PB2,1411,1448,0,3,0,1451,A
1-PB2,1412,2,0,0,1439,1441,C
1-PB2,1413,1440,0,1,0,1441,A
1-PB2,1414,0,3,1442,0,1445,G
1-PB2,1415,1443,0,0,0,1443,A
1-PB2,1416,1,0,1459,0,1460,G
1-PB2,1417,1450,0,0,0,1450,A
1-PB2,1418,0,1414,0,2,1416,T
1-PB2,1419,0,0,1435,0,1435,G
1-PB2,1420,0,1405,0,2,1407,T
1-PB2,1421,8,1,0,1403,1412,C
1-PB2,1422,1417,0,0,0,1417,A
1-PB2,1423,1415,0,1,0,1416,A
1-PB2,1424,0,1406,0,0,1406,T
1-PB2,1425,0,3,1402,0,1405,G
1-PB2,1426,1384,0,1,0,1385,A
1-PB2,1427,0,0,1394,0,1394,G
1-PB2,1428,1368,0,1,0,1369,A
1-PB2,1429,2,1,1376,0,1379,G
1-PB2,1430,0,4,1450,0,1454,G
1-PB2,1431,1452,1,1,0,1454,A
1-PB2,1432,1460,0,1,0,1461,A
1-PB2,1433,0,1456,0,1,1457,T
1-PB2,1434,1456,0,2,0,1458,A
1-PB2,1435,1450,1,3,0,1454,A
1-PB2,1436,0,2,1455,0,1457,G
1-PB2,1437,1446,0,1,0,1447,A
1-PB2,1438,0,0,1451,0,1451,G
1-PB2,1439,0,1358,0,0,1358,T
1-PB2,1440,3,0,0,1357,1360,C
1-PB2,1441,1363,0,1,0,1364,A
1-PB2,1442,0,1,1374,0,1375,G
1-PB2,1443,0,1,0,1393,1394,C
1-PB2,1444,1393,0,1,0,1394,A
1-PB2,1445,1398,0,0,0,1398,A
1-PB2,1446,1386,0,1,0,1387,A
1-PB2,1447,1386,0,2,0,1388,A
1-PB2,1448,0,1389,0,0,1389,T
1-PB2,1449,1,1,1393,0,1395,G
1-PB2,1450,0,1,1396,0,1397,G
1-PB2,1451,0,1,1401,1,1403,G
1-PB2,1452,0,1383,0,2,1385,T
1-PB2,1453,0,0,1391,0,1391,G
1-PB2,1454,1,1385,0,3,1389,T
1-PB2,1455,1,2,1394,0,1397,G
1-PB2,1456,0,3,1417,0,1420,G
1-PB2,1457,1418,0,1,0,1419,A
1-PB2,1458,1,1404,0,0,1405,T
1-PB2,1459,0,9,1409,0,1418,G
1-PB2,1460,1410,0,5,0,1415,A
1-PB2,1461,1412,0,3,0,1415,A
1-PB2,1462,1,1409,0,1,1411,T
1-PB2,1463,1406,0,0,0,1406,A
1-PB2,1464,3,1,0,1471,1475,C
1-PB2,1465,1,1411,0,5,1417,T
1-PB2,1466,0,0,0,1433,1433,C
1-PB2,1467,2,1,1,1427,1431,C
1-PB2,1468,1430,0,1,1,1432,A
1-PB2,1469,3,0,1468,0,1471,G
1-PB2,1470,0,1461,0,1,1462,T
1-PB2,1471,1470,0,2,0,1472,A
1-PB2,1472,1,1,0,1475,1477,C
1-PB2,1473,1357,0,0,0,1357,A
1-PB2,1474,0,2,1362,1,1365,G
1-PB2,1475,1338,0,1,0,1339,A
1-PB2,1476,1,3,1340,0,1344,G
1-PB2,1477,1275,0,2,0,1277,A
1-PB2,1478,0,1,1255,0,1256,G
1-PB2,1479,1205,1,2,0,1208,A
1-PB2,1480,0,0,1243,0,1243,G
1-PB2,1481,0,1241,0,1,1242,T
1-PB2,1482,0,1,1245,0,1246,G
1-PB2,1483,0,1,1245,0,1246,G
1-PB2,1484,0,1232,0,1,1233,T
1-PB2,1485,0,5,1260,0,1265,G
1-PB2,1486,0,0,1264,0,1264,G
1-PB2,1487,0,1230,1,0,1231,T
1-PB2,1488,0,1230,0,2,1232,T
1-PB2,1489,1215,0,1,1,1217,A
1-PB2,1490,0,0,1221,0,1221,G
1-PB2,1491,0,1,0,1220,1221,C
1-PB2,1492,1214,1,0,0,1215,A
1-PB2,1493,0,1217,0,0,1217,T
1-PB2,1494,0,1161,0,0,1161,T
1-PB2,1495,0,8,1153,0,1161,G
1-PB2,1496,1160,0,2,0,1162,A
1-PB2,1497,0,1153,1,1,1155,T
1-PB2,1498,4,0,0,1156,1160,C
1-PB2,1499,1,1,1148,0,1150,G
1-PB2,1500,1,1,1187,0,1189,G
1-PB2,1501,1,1187,0,0,1188,T
1-PB2,1502,0,1174,0,3,1177,T
1-PB2,1503,0,1182,0,1,1183,T
1-PB2,1504,0,1183,0,0,1183,T
1-PB2,1505,0,1188,0,0,1188,T
1-PB2,1506,0,4,1183,0,1187,G
1-PB2,1507,1184,0,2,0,1186,A
1-PB2,1508,2,5,1182,0,1189,G
1-PB2,1509,1143,0,1,0,1144,A
1-PB2,1510,1,0,1152,0,1153,G
1-PB2,1511,0,1160,0,1,1161,T
1-PB2,1512,0,1158,0,1,1159,T
1-PB2,1513,5,0,0,1155,1160,C
1-PB2,1514,3,1,1157,0,1161,G
1-PB2,1515,1163,0,1,0,1164,A
1-PB2,1516,0,2,1160,0,1162,G
1-PB2,1517,1161,0,0,0,1161,A
1-PB2,1518,0,1,0,1160,1161,C
1-PB2,1519,1,0,0,1155,1156,C
1-PB2,1520,1141,0,1,0,1142,A
1-PB2,1521,1156,0,1,0,1157,A
1-PB2,1522,0,2,0,1154,1156,C
1-PB2,1523,1,0,1158,0,1159,G
1-PB2,1524,0,1156,0,3,1159,T
1-PB2,1525,0,0,1160,0,1160,G
1-PB2,1526,0,2,1170,0,1172,G
1-PB2,1527,0,4,1168,0,1172,G
1-PB2,1528,1160,0,1,0,1161,A
1-PB2,1529,1164,1,0,0,1165,A
1-PB2,1530,0,1130,0,0,1130,T
1-PB2,1531,0,0,1197,0,1197,G
1-PB2,1532,0,1189,0,2,1191,T
1-PB2,1533,1199,0,0,0,1199,A
1-PB2,1534,0,1199,0,1,1200,T
1-PB2,1535,0,1189,0,0,1189,T
1-PB2,1536,1204,0,0,0,1204,A
1-PB2,1537,0,1195,0,1,1196,T
1-PB2,1538,0,1177,0,1,1178,T
1-PB2,1539,1179,0,0,0,1179,A
1-PB2,1540,0,1025,1,1,1027,T
1-PB2,1541,0,0,0,1071,1071,C
1-PB2,1542,0,1053,0,0,1053,T
1-PB2,1543,3,0,0,1056,1059,C
1-PB2,1544,1,0,0,1061,1062,C
1-PB2,1545,0,1018,0,1,1019,T
1-PB2,1546,0,5,1023,0,1028,G
1-PB2,1547,1022,0,0,0,1022,A
1-PB2,1548,0,1,1023,0,1024,G
1-PB2,1549,0,0,1021,0,1021,G
1-PB2,1550,897,0,2,0,899,A
1-PB2,1551,0,4,902,0,906,G
1-PB2,1552,0,0,900,0,900,G
1-PB2,1553,0,856,0,4,860,T
1-PB2,1554,4,1,0,859,864,C
1-PB2,1555,851,0,1,0,852,A
1-PB2,1556,0,0,864,0,864,G
1-PB2,1557,1,861,0,1,863,T
1-PB2,1558,0,1,859,0,860,G
1-PB2,1559,864,0,0,0,864,A
1-PB2,1560,839,0,1,0,840,A
1-PB2,1561,838,0,4,0,842,A
1-PB2,1562,0,1,0,842,843,C
1-PB2,1563,835,0,1,0,836,A
1-PB2,1564,0,0,0,837,837,C
1-PB2,1565,812,1,0,0,813,A
1-PB2,1566,811,0,1,0,812,A
1-PB2,1567,0,1,815,0,816,G
1-PB2,1568,0,3,818,0,821,G
1-PB2,1569,822,0,0,0,822,A
1-PB2,1570,809,0,0,0,809,A
1-PB2,1571,804,1,0,0,805,A
1-PB2,1572,0,810,0,1,811,T
1-PB2,1573,0,3,806,0,809,G
1-PB2,1574,807,0,2,0,809,A
1-PB2,1575,0,2,808,0,810,G
1-PB2,1576,779,1,2,0,782,A
1-PB2,1577,0,3,775,0,778,G
1-PB2,1578,774,0,2,0,776,A
1-PB2,1579,0,1,1,774,776,C
1-PB2,1580,0,756,0,0,756,T
1-PB2,1581,11,3,762,0,776,G
1-PB2,1582,773,1,0,0,774,A
1-PB2,1583,0,0,0,783,783,C
1-PB2,1584,782,0,0,0,782,A
1-PB2,1585,777,0,1,0,778,A
1-PB2,1586,0,776,0,0,776,T
1-PB2,1587,782,0,0,0,782,A
1-PB2,1588,781,1,0,0,782,A
1-PB2,1589,0,0,0,780,780,C
1-PB2,1590,0,736,0,0,736,T
1-PB2,1591,0,723,0,0,723,T
1-PB2,1592,718,0,0,0,718,A
1-PB2,1593,0,718,0,0,718,T
1-PB2,1594,0,715,0,0,715,T
1-PB2,1595,2,0,0,711,713,C
1-PB2,1596,672,1,0,0,673,A
1-PB2,1597,0,674,0,1,675,T
1-PB2,1598,1,0,0,648,649,C
1-PB2,1599,0,0,650,0,650,G
1-PB2,1600,0,649,0,0,649,T
1-PB2,1601,2,1,0,636,639,C
1-PB2,1602,0,0,636,0,636,G
1-PB2,1603,640,0,0,0,640,A
1-PB2,1604,0,643,0,1,644,T
1-PB2,1605,1,0,641,0,642,G
1-PB2,1606,638,0,0,0,638,A
1-PB2,1607,1,640,0,0,641,T
1-PB2,1608,0,0,633,0,633,G
1-PB2,1609,0,604,0,0,604,T
1-PB2,1610,1,2,603,0,606,G
1-PB2,1611,0,2,602,0,604,G
1-PB2,1612,2,1,596,0,599,G
1-PB2,1613,586,0,1,0,587,A
1-PB2,1614,0,0,587,0,587,G
1-PB2,1615,550,0,1,0,551,A
1-PB2,1616,0,539,0,0,539,T
1-PB2,1617,0,526,0,0,526,T
1-PB2,1618,530,1,0,0,531,A
1-PB2,1619,529,0,0,0,529,A
1-PB2,1620,0,0,0,527,527,C
1-PB2,1621,0,0,508,0,508,G
1-PB2,1622,0,1,515,1,517,G
1-PB2,1623,0,469,0,0,469,T
1-PB2,1624,2,0,0,464,466,C
1-PB2,1625,0,0,0,465,465,C
1-PB2,1626,1,427,0,0,428,T
1-PB2,1627,1,2,426,0,429,G
1-PB2,1628,428,0,0,0,428,A
1-PB2,1629,2,0,424,0,426,G
1-PB2,1630,0,427,0,0,427,T
1-PB2,1631,2,0,0,412,414,C
1-PB2,1632,1,2,412,0,415,G
1-PB2,1633,0,1,425,0,426,G
1-PB2,1634,0,424,0,0,424,T
1-PB2,1635,1,423,0,0,424,T
1-PB2,1636,0,422,0,0,422,T
1-PB2,1637,0,423,0,0,423,T
1-PB2,1638,16,0,418,0,434,G
1-PB2,1639,0,0,436,0,436,G
1-PB2,1640,0,436,0,0,436,T
1-PB2,1641,2,1,0,432,435,C
1-PB2,1642,425,0,0,0,425,A
1-PB2,1643,440,0,0,0,440,A
1-PB2,1644,0,442,0,0,442,T
1-PB2,1645,446,0,0,0,446,A
1-PB2,1646,1,0,0,457,458,C
1-PB2,1647,0,0,0,439,439,C
1-PB2,1648,0,441,1,0,442,T
1-PB2,1649,448,0,0,0,448,A
1-PB2,1650,0,446,0,1,447,T
1-PB2,1651,0,0,0,449,449,C
1-PB2,1652,432,0,2,0,434,A
1-PB2,1653,435,0,1,0,436,A
1-PB2,1654,0,434,0,0,434,T
1-PB2,1655,0,1,416,0,417,G
1-PB2,1656,0,0,421,0,421,G
1-PB2,1657,419,0,0,0,419,A
1-PB2,1658,0,415,0,1,416,T
1-PB2,1659,1,0,0,414,415,C
1-PB2,1660,417,0,0,0,417,A
1-PB2,1661,1,417,0,0,418,T
1-PB2,1662,0,0,0,418,418,C
1-PB2,1663,416,0,0,0,416,A
1-PB2,1664,0,0,415,0,415,G
1-PB2,1665,415,0,0,0,415,A
1-PB2,1666,416,0,0,0,416,A
1-PB2,1667,417,0,0,0,417,A
1-PB2,1668,0,417,0,0,417,T
1-PB2,1669,0,412,0,0,412,T
1-PB2,1670,1,0,408,0,409,G
1-PB2,1671,0,1,409,0,410,G
1-PB2,1672,0,0,408,0,408,G
1-PB2,1673,402,0,1,0,403,A
1-PB2,1674,406,0,0,0,406,A
1-PB2,1675,0,0,404,0,404,G
1-PB2,1676,0,0,0,404,404,C
1-PB2,1677,0,401,0,0,401,T
1-PB2,1678,0,0,406,0,406,G
1-PB2,1679,0,408,0,0,408,T
1-PB2,1680,2,0,0,403,405,C
1-PB2,1681,408,0,0,0,408,A
1-PB2,1682,410,0,0,0,410,A
1-PB2,1683,406,0,0,1,407,A
1-PB2,1684,409,0,0,0,409,A
1-PB2,1685,0,410,0,0,410,T
1-PB2,1686,0,410,0,0,410,T
1-PB2,1687,0,0,0,406,406,C
1-PB2,1688,400,0,0,0,400,A
1-PB2,1689,401,0,0,0,401,A
1-PB2,1690,0,403,0,0,403,T
1-PB2,1691,0,1,402,0,403,G
1-PB2,1692,0,0,404,0,404,G
1-PB2,1693,0,409,0,1,410,T
1-PB2,1694,2,0,0,411,413,C
1-PB2,1695,0,414,0,0,414,T
1-PB2,1696,0,1,0,414,415,C
1-PB2,1697,414,0,1,0,415,A
1-PB2,1698,0,0,415,0,415,G
1-PB2,1699,416,0,0,0,416,A
1-PB2,1700,419,0,0,0,419,A
1-PB2,1701,0,418,0,0,418,T
1-PB2,1702,2,0,0,402,404,C
1-PB2,1703,1,1,0,395,397,C
1-PB2,1704,0,395,0,1,396,T
1-PB2,1705,0,0,394,0,394,G
1-PB2,1706,0,0,0,397,397,C
1-PB2,1707,393,0,1,0,394,A
1-PB2,1708,404,0,1,0,405,A
1-PB2,1709,0,401,0,0,401,T
1-PB2,1710,0,0,411,0,411,G
1-PB2,1711,0,418,0,0,418,T
1-PB2,1712,0,403,0,1,404,T
1-PB2,1713,0,0,411,0,411,G
1-PB2,1714,0,407,0,0,407,T
1-PB2,1715,408,0,1,0,409,A
1-PB2,1716,0,0,0,409,409,C
1-PB2,1717,397,1,0,0,398,A
1-PB2,1718,402,0,0,0,402,A
1-PB2,1719,0,0,0,397,397,C
1-PB2,1720,390,0,0,0,390,A
1-PB2,1721,391,0,0,0,391,A
1-PB2,1722,389,0,0,0,389,A
1-PB2,1723,390,0,0,0,390,A
1-PB2,1724,0,389,0,0,389,T
1-PB2,1725,1,0,389,0,390,G
1-PB2,1726,0,0,393,0,393,G
1-PB2,1727,394,0,0,0,394,A
1-PB2,1728,399,0,0,0,399,A
1-PB2,1729,0,396,0,0,396,T
1-PB2,1730,0,396,0,0,396,T
1-PB2,1731,0,398,0,0,398,T
1-PB2,1732,0,0,398,0,398,G
1-PB2,1733,399,0,0,0,399,A
1-PB2,1734,397,0,0,0,397,A
1-PB2,1735,0,0,0,396,396,C
1-PB2,1736,2,0,0,385,387,C
1-PB2,1737,387,0,0,0,387,A
1-PB2,1738,0,390,0,0,390,T
1-PB2,1739,0,387,0,0,387,T
1-PB2,1740,0,388,0,1,389,T
1-PB2,1741,3,0,0,387,390,C
1-PB2,1742,389,0,0,0,389,A
1-PB2,1743,390,0,0,0,390,A
1-PB2,1744,0,390,0,0,390,T
1-PB2,1745,0,1,0,399,400,C
1-PB2,1746,0,396,0,0,396,T
1-PB2,1747,0,395,0,0,395,T
1-PB2,1748,0,395,0,0,395,T
1-PB2,1749,394,0,0,0,394,A
1-PB2,1750,1,0,392,0,393,G
1-PB2,1751,0,393,0,0,393,T
1-PB2,1752,0,0,0,400,400,C
1-PB2,1753,0,0,0,398,398,C
1-PB2,1754,1,0,0,387,388,C
1-PB2,1755,0,0,0,387,387,C
1-PB2,1756,383,0,0,0,383,A
1-PB2,1757,384,0,0,0,384,A
1-PB2,1758,0,1,392,0,393,G
1-PB2,1759,0,0,390,0,390,G
1-PB2,1760,0,0,0,389,389,C
1-PB2,1761,1,2,0,375,378,C
1-PB2,1762,377,0,0,0,377,A
1-PB2,1763,0,382,0,0,382,T
1-PB2,1764,0,381,0,0,381,T
1-PB2,1765,381,0,0,0,381,A
1-PB2,1766,0,1,380,0,381,G
1-PB2,1767,366,0,0,0,366,A
1-PB2,1768,379,0,1,0,380,A
1-PB2,1769,0,0,389,0,389,G
1-PB2,1770,0,1,0,389,390,C
1-PB2,1771,0,0,0,394,394,C
1-PB2,1772,391,0,0,0,391,A
1-PB2,1773,395,0,0,0,395,A
1-PB2,1774,0,397,0,0,397,T
1-PB2,1775,401,0,0,0,401,A
1-PB2,1776,0,0,0,399,399,C
1-PB2,1777,374,0,0,0,374,A
1-PB2,1778,0,0,377,0,377,G
1-PB2,1779,0,368,0,0,368,T
1-PB2,1780,0,0,375,0,375,G
1-PB2,1781,0,2,372,0,374,G
1-PB2,1782,0,0,376,0,376,G
1-PB2,1783,0,367,0,2,369,T
1-PB2,1784,0,365,0,0,365,T
1-PB2,1785,0,367,0,0,367,T
1-PB2,1786,0,0,371,0,371,G
1-PB2,1787,0,372,0,0,372,T
1-PB2,1788,2,1,0,368,371,C
1-PB2,1789,367,0,0,0,367,A
1-PB2,1790,0,1,366,0,367,G
1-PB2,1791,363,0,0,0,363,A
1-PB2,1792,366,0,0,0,366,A
1-PB2,1793,0,0,0,365,365,C
1-PB2,1794,0,353,0,3,356,T
1-PB2,1795,0,0,0,365,365,C
1-PB2,1796,0,366,0,0,366,T
1-PB2,1797,369,0,0,0,369,A
1-PB2,1798,0,369,0,0,369,T
1-PB2,1799,0,365,0,1,366,T
1-PB2,1800,0,0,0,366,366,C
1-PB2,1801,0,0,0,366,366,C
1-PB2,1802,367,0,0,0,367,A
1-PB2,1803,369,0,0,0,369,A
1-PB2,1804,0,0,0,371,371,C
1-PB2,1805,368,0,0,0,368,A
1-PB2,1806,371,0,0,0,371,A
1-PB2,1807,369,0,2,0,371,A
1-PB2,1808,0,371,0,0,371,T
1-PB2,1809,1,2,370,0,373,G
1-PB2,1810,367,0,4,0,371,A
1-PB2,1811,0,1,373,0,374,G
1-PB2,1812,376,0,0,0,376,A
1-PB2,1813,0,2,374,0,376,G
1-PB2,1814,377,0,0,0,377,A
1-PB2,1815,0,0,0,372,372,C
1-PB2,1816,0,0,378,0,378,G
1-PB2,1817,0,379,0,0,379,T
1-PB2,1818,380,0,2,0,382,A
1-PB2,1819,0,0,0,381,381,C
1-PB2,1820,0,377,0,0,377,T
1-PB2,1821,0,378,0,0,378,T
1-PB2,1822,1,0,374,0,375,G
1-PB2,1823,0,1,373,0,374,G
1-PB2,1824,0,0,377,0,377,G
1-PB2,1825,372,0,0,0,372,A
1-PB2,1826,0,0,0,371,371,C
1-PB2,1827,376,0,0,1,377,A
1-PB2,1828,0,377,0,1,378,T
1-PB2,1829,0,377,0,0,377,T
1-PB2,1830,0,380,1,0,381,T
1-PB2,1831,0,1,378,0,379,G
1-PB2,1832,382,0,0,0,382,A
1-PB2,1833,0,0,0,383,383,C
1-PB2,1834,382,0,0,0,382,A
1-PB2,1835,0,0,0,383,383,C
1-PB2,1836,1,0,0,375,376,C
1-PB2,1837,378,0,0,0,378,A
1-PB2,1838,1,0,0,383,384,C
1-PB2,1839,1,1,0,381,383,C
1-PB2,1840,1,0,1,384,386,C
1-PB2,1841,383,0,0,0,383,A
1-PB2,1842,0,0,389,0,389,G
1-PB2,1843,388,0,0,1,389,A
1-PB2,1844,0,411,0,0,411,T
1-PB2,1845,411,0,0,0,411,A
1-PB2,1846,411,0,0,0,411,A
1-PB2,1847,0,412,0,1,413,T
1-PB2,1848,412,1,0,0,413,A
1-PB2,1849,412,0,0,0,412,A
1-PB2,1850,407,1,0,0,408,A
1-PB2,1851,0,1,407,0,408,G
1-PB2,1852,1,0,0,406,407,C
1-PB2,1853,0,389,0,0,389,T
1-PB2,1854,0,389,0,0,389,T
1-PB2,1855,1,0,0,388,389,C
1-PB2,1856,0,386,0,1,387,T
1-PB2,1857,0,0,0,399,399,C
1-PB2,1858,0,1,0,397,398,C
1-PB2,1859,0,0,0,405,405,C
1-PB2,1860,0,403,0,0,403,T
1-PB2,1861,0,401,0,2,403,T
1-PB2,1862,0,400,0,0,400,T
1-PB2,1863,0,402,0,0,402,T
1-PB2,1864,0,0,403,0,403,G
1-PB2,1865,0,0,0,404,404,C
1-PB2,1866,400,0,0,1,401,A
1-PB2,1867,0,0,404,0,404,G
1-PB2,1868,0,0,0,403,403,C
1-PB2,1869,0,397,0,1,398,T
1-PB2,1870,0,0,402,0,402,G
1-PB2,1871,0,0,2,403,405,C
1-PB2,1872,0,400,0,1,401,T
1-PB2,1873,3,0,0,404,407,C
1-PB2,1874,1,0,0,405,406,C
1-PB2,1875,411,0,1,0,412,A
1-PB2,1876,0,0,0,413,413,C
1-PB2,1877,1,1,0,411,413,C
1-PB2,1878,409,0,0,1,410,A
1-PB2,1879,416,0,0,0,416,A
1-PB2,1880,416,0,0,0,416,A
1-PB2,1881,0,1,424,0,425,G
1-PB2,1882,1,0,0,424,425,C
1-PB2,1883,413,0,1,0,414,A
1-PB2,1884,414,0,0,0,414,A
1-PB2,1885,415,0,0,0,415,A
1-PB2,1886,0,0,421,0,421,G
1-PB2,1887,0,3,0,418,421,C
1-PB2,1888,416,0,0,0,416,A
1-PB2,1889,0,0,419,0,419,G
1-PB2,1890,414,0,0,0,414,A
1-PB2,1891,418,0,0,0,418,A
1-PB2,1892,0,420,0,0,420,T
1-PB2,1893,0,0,421,0,421,G
1-PB2,1894,0,1,0,420,421,C
1-PB2,1895,413,0,0,0,413,A
1-PB2,1896,0,0,418,0,418,G
1-PB2,1897,1,416,0,1,418,T
1-PB2,1898,0,433,0,0,433,T
1-PB2,1899,1,0,0,436,437,C
1-PB2,1900,0,427,0,0,427,T
1-PB2,1901,1,0,0,438,439,C
1-PB2,1902,1,437,0,0,438,T
1-PB2,1903,0,435,0,0,435,T
1-PB2,1904,0,0,0,436,436,C
1-PB2,1905,433,0,0,0,433,A
1-PB2,1906,0,0,0,437,437,C
1-PB2,1907,0,421,0,0,421,T
1-PB2,1908,0,1,425,0,426,G
1-PB2,1909,421,0,0,0,421,A
1-PB2,1910,0,0,0,429,429,C
1-PB2,1911,0,426,0,0,426,T
1-PB2,1912,0,1,427,0,428,G
1-PB2,1913,0,426,0,0,426,T
1-PB2,1914,49,3,375,0,427,G
1-PB2,1915,426,0,2,0,428,A
1-PB2,1916,431,0,0,0,431,A
1-PB2,1917,0,421,0,0,421,T
1-PB2,1918,0,0,422,0,422,G
1-PB2,1919,0,407,0,0,407,T
1-PB2,1920,0,0,410,0,410,G
1-PB2,1921,405,0,0,0,405,A
1-PB2,1922,0,0,407,0,407,G
1-PB2,1923,0,1,399,0,400,G
1-PB2,1924,0,0,400,0,400,G
1-PB2,1925,0,0,405,0,405,G
1-PB2,1926,402,0,0,0,402,A
1-PB2,1927,0,395,0,1,396,T
1-PB2,1928,1,0,0,403,404,C
1-PB2,1929,391,0,2,0,393,A
1-PB2,1930,0,0,395,0,395,G
1-PB2,1931,0,1,393,0,394,G
1-PB2,1932,0,0,398,0,398,G
1-PB2,1933,395,0,0,0,395,A
1-PB2,1934,0,376,0,1,377,T
1-PB2,1935,0,1,377,0,378,G
1-PB2,1936,365,0,1,1,367,A
1-PB2,1937,0,2,374,0,376,G
1-PB2,1938,373,1,0,0,374,A
1-PB2,1939,364,0,0,0,364,A
1-PB2,1940,0,365,0,0,365,T
1-PB2,1941,362,0,0,0,362,A
1-PB2,1942,0,0,0,366,366,C
1-PB2,1943,0,365,0,0,365,T
1-PB2,1944,0,362,0,0,362,T
1-PB2,1945,0,0,365,0,365,G
1-PB2,1946,0,354,0,1,355,T
1-PB2,1947,355,0,0,0,355,A
1-PB2,1948,353,0,0,0,353,A
1-PB2,1949,1,0,347,0,348,G
1-PB2,1950,0,1,355,0,356,G
1-PB2,1951,0,0,345,0,345,G
1-PB2,1952,1,0,341,0,342,G
1-PB2,1953,0,0,0,345,345,C
1-PB2,1954,339,0,0,0,339,A
1-PB2,1955,346,0,0,0,346,A
1-PB2,1956,0,345,0,1,346,T
1-PB2,1957,1,344,0,2,347,T
1-PB2,1958,1,0,0,349,350,C
1-PB2,1959,0,340,0,0,340,T
1-PB2,1960,1,0,0,348,349,C
1-PB2,1961,0,0,0,349,349,C
1-PB2,1962,0,344,0,0,344,T
1-PB2,1963,0,0,356,0,356,G
1-PB2,1964,0,349,0,1,350,T
1-PB2,1965,355,0,0,0,355,A
1-PB2,1966,0,355,0,1,356,T
1-PB2,1967,0,349,0,0,349,T
1-PB2,1968,0,0,0,350,350,C
1-PB2,1969,348,0,0,0,348,A
1-PB2,1970,351,0,0,0,351,A
1-PB2,1971,0,0,0,350,350,C
1-PB2,1972,0,345,0,0,345,T
1-PB2,1973,346,0,0,0,346,A
1-PB2,1974,0,0,0,356,356,C
1-PB2,1975,354,0,0,0,354,A
1-PB2,1976,352,0,1,0,353,A
1-PB2,1977,0,0,0,352,352,C
1-PB2,1978,353,0,0,0,353,A
1-PB2,1979,348,0,0,0,348,A
1-PB2,1980,0,0,350,1,351,G
1-PB2,1981,349,0,0,0,349,A
1-PB2,1982,0,0,0,351,351,C
1-PB2,1983,2,0,0,346,348,C
1-PB2,1984,350,0,0,0,350,A
1-PB2,1985,0,0,0,363,363,C
1-PB2,1986,0,361,0,0,361,T
1-PB2,1987,362,0,0,0,362,A
1-PB2,1988,359,0,0,0,359,A
1-PB2,1989,360,0,0,0,360,A
1-PB2,1990,357,0,1,0,358,A
1-PB2,1991,0,0,366,0,366,G
1-PB2,1992,364,0,0,0,364,A
1-PB2,1993,0,0,0,365,365,C
1-PB2,1994,0,357,0,0,357,T
1-PB2,1995,357,0,0,0,357,A
1-PB2,1996,358,0,0,0,358,A
1-PB2,1997,0,0,0,359,359,C
1-PB2,1998,359,0,0,0,359,A
1-PB2,1999,359,0,0,0,359,A
1-PB2,2000,1,354,0,0,355,T
1-PB2,2001,0,356,0,0,356,T
1-PB2,2002,1,0,0,353,354,C
1-PB2,2003,0,352,0,0,352,T
1-PB2,2004,0,1,0,352,353,C
1-PB2,2005,0,2,351,0,353,G
1-PB2,2006,0,0,352,0,352,G
1-PB2,2007,352,0,0,0,352,A
1-PB2,2008,351,0,0,0,351,A
1-PB2,2009,352,0,0,0,352,A
1-PB2,2010,352,0,1,0,353,A
1-PB2,2011,0,0,354,0,354,G
1-PB2,2012,350,0,2,1,353,A
1-PB2,2013,0,354,0,0,354,T
1-PB2,2014,0,0,355,0,355,G
1-PB2,2015,0,1,0,353,354,C
1-PB2,2016,1,1,0,352,354,C
1-PB2,2017,0,0,353,0,353,G
1-PB2,2018,2,0,351,0,353,G
1-PB2,2019,0,1,0,353,354,C
1-PB2,2020,352,0,0,0,352,A
1-PB2,2021,0,0,0,380,380,C
1-PB2,2022,0,375,0,0,375,T
1-PB2,2023,0,378,0,0,378,T
1-PB2,2024,0,378,0,0,378,T
1-PB2,2025,378,0,0,0,378,A
1-PB2,2026,378,0,0,0,378,A
1-PB2,2027,0,378,0,0,378,T
1-PB2,2028,351,0,1,0,352,A
1-PB2,2029,0,0,355,0,355,G
1-PB2,2030,355,0,0,0,355,A
1-PB2,2031,353,0,0,0,353,A
1-PB2,2032,0,1,355,0,356,G
1-PB2,2033,357,0,1,0,358,A
1-PB2,2034,0,0,1,359,360,C
1-PB2,2035,2,0,0,355,357,C
1-PB2,2036,0,0,0,357,357,C
1-PB2,2037,355,0,0,0,355,A
1-PB2,2038,0,0,362,0,362,G
1-PB2,2039,363,0,0,0,363,A
1-PB2,2040,0,361,0,0,361,T
1-PB2,2041,0,2,360,0,362,G
1-PB2,2042,356,0,0,0,356,A
1-PB2,2043,357,0,0,0,357,A
1-PB2,2044,357,0,0,0,357,A
1-PB2,2045,0,1,360,0,361,G
1-PB2,2046,0,1,0,360,361,C
1-PB2,2047,347,0,0,0,347,A
1-PB2,2048,0,1,0,350,351,C
1-PB2,2049,351,0,0,0,351,A
1-PB2,2050,0,354,0,0,354,T
1-PB2,2051,0,1,0,354,355,C
1-PB2,2052,0,0,0,354,354,C
1-PB2,2053,1,0,354,0,355,G
1-PB2,2054,0,0,356,0,356,G
1-PB2,2055,354,0,0,0,354,A
1-PB2,2056,0,0,357,0,357,G
1-PB2,2057,0,350,0,1,351,T
1-PB2,2058,0,0,349,1,350,G
1-PB2,2059,0,0,354,0,354,G
1-PB2,2060,346,0,1,0,347,A
1-PB2,2061,1,0,348,0,349,G
1-PB2,2062,0,344,0,0,344,T
1-PB2,2063,0,0,0,344,344,C
1-PB2,2064,1,0,0,341,342,C
1-PB2,2065,1,0,339,0,340,G
1-PB2,2066,0,0,0,341,341,C
1-PB2,2067,0,0,0,341,341,C
1-PB2,2068,0,0,349,0,349,G
1-PB2,2069,0,349,0,0,349,T
1-PB2,2070,0,0,1,352,353,C
1-PB2,2071,0,351,0,2,353,T
1-PB2,2072,0,352,0,1,353,T
1-PB2,2073,0,1,352,0,353,G
1-PB2,2074,351,1,0,0,352,A
1-PB2,2075,1,0,350,0,351,G
1-PB2,2076,348,0,0,0,348,A
1-PB2,2077,0,0,335,0,335,G
1-PB2,2078,0,1,337,0,338,G
1-PB2,2079,0,0,336,0,336,G
1-PB2,2080,0,335,0,0,335,T
1-PB2,2081,0,331,0,1,332,T
1-PB2,2082,0,338,0,0,338,T
1-PB2,2083,2,0,0,335,337,C
1-PB2,2084,0,338,0,0,338,T
1-PB2,2085,2,0,0,340,342,C
1-PB2,2086,341,0,0,0,341,A
1-PB2,2087,0,334,0,0,334,T
1-PB2,2088,0,331,0,0,331,T
1-PB2,2089,331,0,0,0,331,A
1-PB2,2090,0,329,0,0,329,T
1-PB2,2091,325,0,2,0,327,A
1-PB2,2092,1,5,322,0,328,G
1-PB2,2093,0,0,326,0,326,G
1-PB2,2094,0,1,0,312,313,C
1-PB2,2095,313,1,1,0,315,A
1-PB2,2096,315,0,0,0,315,A
1-PB2,2097,0,1,316,0,317,G
1-PB2,2098,0,1,317,0,318,G
1-PB2,2099,316,0,0,0,316,A
1-PB2,2100,316,0,0,0,316,A
1-PB2,2101,0,0,316,0,316,G
1-PB2,2102,313,0,0,0,313,A
1-PB2,2103,0,0,0,314,314,C
1-PB2,2104,312,0,0,1,313,A
1-PB2,2105,0,0,316,0,316,G
1-PB2,2106,314,0,0,0,314,A
1-PB2,2107,307,0,3,0,310,A
1-PB2,2108,0,0,313,0,313,G
1-PB2,2109,310,0,0,1,311,A
1-PB2,2110,0,310,0,0,310,T
1-PB2,2111,307,0,0,0,307,A
1-PB2,2112,0,0,0,308,308,C
1-PB2,2113,0,0,304,0,304,G
1-PB2,2114,0,2,306,0,308,G
1-PB2,2115,307,0,0,0,307,A
1-PB2,2116,0,0,0,305,305,C
1-PB2,2117,1,0,0,302,303,C
1-PB2,2118,296,0,0,0,296,A
1-PB2,2119,0,0,315,0,315,G
1-PB2,2120,0,0,0,314,314,C
1-PB2,2121,313,0,0,0,313,A
1-PB2,2122,0,313,0,0,313,T
1-PB2,2123,0,308,0,0,308,T
1-PB2,2124,308,0,0,0,308,A
1-PB2,2125,308,0,0,0,308,A
1-PB2,2126,1,0,309,0,310,G
1-PB2,2127,0,0,0,309,309,C
1-PB2,2128,282,0,0,0,282,A
1-PB2,2129,1,287,0,0,288,T
1-PB2,2130,1,0,0,285,286,C
1-PB2,2131,287,0,0,0,287,A
1-PB2,2132,288,0,0,0,288,A
1-PB2,2133,0,287,0,0,287,T
1-PB2,2134,0,1,293,0,294,G
1-PB2,2135,287,0,0,0,287,A
1-PB2,2136,285,0,0,0,285,A
1-PB2,2137,0,0,0,292,292,C
1-PB2,2138,0,278,0,0,278,T
1-PB2,2139,0,1,285,0,286,G
1-PB2,2140,285,0,1,0,286,A
1-PB2,2141,0,0,288,0,288,G
1-PB2,2142,0,287,0,0,287,T
1-PB2,2143,286,0,0,0,286,A
1-PB2,2144,286,0,0,0,286,A
1-PB2,2145,0,0,0,288,288,C
1-PB2,2146,0,0,0,278,278,C
1-PB2,2147,0,271,0,1,272,T
1-PB2,2148,0,270,0,0,270,T
1-PB2,2149,0,0,268,0,268,G
1-PB2,2150,0,0,0,269,269,C
1-PB2,2151,269,0,0,0,269,A
1-PB2,2152,269,0,0,0,269,A
1-PB2,2153,267,0,0,0,267,A
1-PB2,2154,264,0,0,0,264,A
1-PB2,2155,0,0,266,0,266,G
1-PB2,2156,0,1,264,0,265,G
1-PB2,2157,0,0,265,0,265,G
1-PB2,2158,0,0,266,0,266,G
1-PB2,2159,266,0,0,0,266,A
1-PB2,2160,264,0,0,1,265,A
1-PB2,2161,264,0,0,0,264,A
1-PB2,2162,262,0,0,0,262,A
1-PB2,2163,0,0,265,0,265,G
1-PB2,2164,0,0,266,0,266,G
1-PB2,2165,1,0,0,257,258,C
1-PB2,2166,0,259,0,0,259,T
1-PB2,2167,260,0,0,0,260,A
1-PB2,2168,260,0,0,0,260,A
1-PB2,2169,0,260,0,0,260,T
1-PB2,2170,0,0,262,0,262,G
1-PB2,2171,0,251,0,0,251,T
1-PB2,2172,0,0,246,0,246,G
1-PB2,2173,0,0,0,246,246,C
1-PB2,2174,0,241,0,0,241,T
1-PB2,2175,242,0,1,0,243,A
1-PB2,2176,242,0,0,0,242,A
1-PB2,2177,0,242,0,0,242,T
1-PB2,2178,1,1,0,237,239,C
1-PB2,2179,0,1,230,0,231,G
1-PB2,2180,0,0,230,0,230,G
1-PB2,2181,0,0,230,0,230,G
1-PB2,2182,0,0,0,230,230,C
1-PB2,2183,230,0,1,0,231,A
1-PB2,2184,229,0,0,0,229,A
1-PB2,2185,0,1,229,0,230,G
1-PB2,2186,0,1,230,0,231,G
1-PB2,2187,231,0,0,0,231,A
1-PB2,2188,0,2,227,0,229,G
1-PB2,2189,224,0,0,0,224,A
1-PB2,2190,0,0,0,224,224,C
1-PB2,2191,0,1,222,0,223,G
1-PB2,2192,0,221,0,0,221,T
1-PB2,2193,0,0,218,0,218,G
1-PB2,2194,0,0,223,0,223,G
1-PB2,2195,0,219,0,0,219,T
1-PB2,2196,0,0,219,0,219,G
1-PB2,2197,0,211,0,0,211,T
1-PB2,2198,0,206,0,0,206,T
1-PB2,2199,0,0,207,0,207,G
1-PB2,2200,0,0,205,0,205,G
1-PB2,2201,0,204,0,0,204,T
1-PB2,2202,201,0,0,0,201,A
1-PB2,2203,195,0,0,0,195,A
1-PB2,2204,0,191,0,0,191,T
1-PB2,2205,0,0,189,0,189,G
1-PB2,2206,189,0,1,0,190,A
1-PB2,2207,189,0,0,0,189,A
1-PB2,2208,190,0,0,0,190,A
1-PB2,2209,0,0,0,189,189,C
1-PB2,2210,1,0,187,0,188,G
1-PB2,2211,187,0,0,0,187,A
1-PB2,2212,189,0,0,0,189,A
1-PB2,2213,188,0,1,0,189,A
1-PB2,2214,189,0,0,0,189,A
1-PB2,2215,0,0,0,188,188,C
1-PB2,2216,0,0,189,0,189,G
1-PB2,2217,0,0,191,0,191,G
1-PB2,2218,0,0,191,0,191,G
1-PB2,2219,191,0,0,0,191,A
1-PB2,2220,0,0,0,192,192,C
1-PB2,2221,0,190,0,0,190,T
1-PB2,2222,2,0,0,195,197,C
1-PB2,2223,0,197,0,0,197,T
1-PB2,2224,198,0,0,0,198,A
1-PB2,2225,0,0,198,0,198,G
1-PB2,2226,1,0,0,193,194,C
1-PB2,2227,192,0,0,0,192,A
1-PB2,2228,0,189,0,0,189,T
1-PB2,2229,183,0,0,0,183,A
1-PB2,2230,0,0,0,188,188,C
1-PB2,2231,0,161,0,0,161,T
1-PB2,2232,0,160,0,0,160,T
1-PB2,2233,158,0,0,0,158,A
1-PB2,2234,0,0,0,158,158,C
1-PB2,2235,0,157,0,0,157,T
1-PB2,2236,0,0,155,0,155,G
1-PB2,2237,151,0,1,0,152,A
1-PB2,2238,0,0,0,152,152,C
1-PB2,2239,139,0,1,0,140,A
1-PB2,2240,0,0,143,0,143,G
1-PB2,2241,0,0,0,144,144,C
1-PB2,2242,0,0,0,144,144,C
1-PB2,2243,141,0,0,0,141,A
1-PB2,2244,0,0,140,0,140,G
1-PB2,2245,140,0,0,0,140,A
1-PB2,2246,0,0,0,139,139,C
1-PB2,2247,129,0,1,0,130,A
1-PB2,2248,0,0,130,0,130,G
1-PB2,2249,0,1,0,122,123,C
1-PB2,2250,0,1,123,0,124,G
1-PB2,2251,124,0,0,0,124,A
1-PB2,2252,0,0,0,124,124,C
1-PB2,2253,0,0,0,124,124,C
1-PB2,2254,121,0,0,0,121,A
1-PB2,2255,123,0,0,0,123,A
1-PB2,2256,123,0,0,0,123,A
1-PB2,2257,122,0,0,0,122,A
1-PB2,2258,0,0,123,0,123,G
1-PB2,2259,119,0,0,0,119,A
1-PB2,2260,119,0,0,0,119,A
1-PB2,2261,0,119,0,0,119,T
1-PB2,2262,0,119,0,0,119,T
1-PB2,2263,0,0,0,119,119,C
1-PB2,2264,0,0,117,0,117,G
1-PB2,2265,0,0,117,0,117,G
1-PB2,2266,117,0,0,0,117,A
1-PB2,2267,0,110,0,0,110,T
1-PB2,2268,0,0,110,0,110,G
1-PB2,2269,0,0,110,0,110,G
1-PB2,2270,0,0,0,110,110,C
1-PB2,2271,0,1,0,109,110,C
1-PB2,2272,110,0,0,0,110,A
1-PB2,2273,0,110,0,0,110,T
1-PB2,2274,0,0,0,109,109,C
1-PB2,2275,109,0,0,0,109,A
1-PB2,2276,109,0,0,0,109,A
1-PB2,2277,0,109,0,0,109,T
1-PB2,2278,0,100,0,0,100,T
1-PB2,2279,96,0,0,0,96,A
1-PB2,2280,96,0,0,0,96,A
2-PB1,1,211,0,0,0,211,A
2-PB1,2,0,214,0,0,214,T
2-PB1,3,0,0,220,0,220,G
2-PB1,4,0,0,233,0,233,G
2-PB1,5,256,0,0,0,256,A
2-PB1,6,0,271,0,0,271,T
2-PB1,7,1,0,273,0,274,G
2-PB1,8,0,275,0,1,276,T
2-PB1,9,0,0,0,297,297,C
2-PB1,10,299,0,1,0,300,A
2-PB1,11,303,0,0,0,303,A
2-PB1,12,0,303,0,0,303,T
2-PB1,13,1,0,0,308,309,C
2-PB1,14,0,2,0,328,330,C
2-PB1,15,0,6,329,0,335,G
2-PB1,16,374,0,0,0,374,A
2-PB1,17,0,0,0,377,377,C
2-PB1,18,0,377,0,1,378,T
2-PB1,19,0,1,0,435,436,C
2-PB1,20,0,434,0,1,435,T
2-PB1,21,438,0,0,0,438,A
2-PB1,22,0,0,0,441,441,C
2-PB1,23,0,440,0,1,441,T
2-PB1,24,1,0,478,0,479,G
2-PB1,25,0,482,0,0,482,T
2-PB1,26,0,480,0,0,480,T
2-PB1,27,2,0,0,479,481,C
2-PB1,28,2,1,0,476,479,C
2-PB1,29,0,546,0,2,548,T
2-PB1,30,555,0,0,0,555,A
2-PB1,31,554,0,0,0,554,A
2-PB1,32,555,0,0,0,555,A
2-PB1,33,1,3,553,0,557,G
2-PB1,34,0,0,563,0,563,G
2-PB1,35,0,565,0,0,565,T
2-PB1,36,0,566,0,0,566,T
2-PB1,37,2,0,0,566,568,C
2-PB1,38,0,0,0,567,567,C
2-PB1,39,566,0,0,0,566,A
2-PB1,40,1,0,575,0,576,G
2-PB1,41,0,0,0,576,576,C
2-PB1,42,0,1,581,0,582,G
2-PB1,43,1,0,0,581,582,C
2-PB1,44,584,0,0,0,584,A
2-PB1,45,584,0,1,0,585,A
2-PB1,46,582,1,0,0,583,A
2-PB1,47,586,0,1,0,587,A
2-PB1,48,0,594,0,0,594,T
2-PB1,49,0,0,617,0,617,G
2-PB1,50,0,1,0,617,618,C
2-PB1,51,1,0,0,622,623,C
2-PB1,52,623,0,1,0,624,A
2-PB1,53,0,625,1,0,626,T
2-PB1,54,666,0,0,0,666,A
2-PB1,55,672,0,0,0,672,A
2-PB1,56,0,1,697,0,698,G
2-PB1,57,1,1,0,698,700,C
2-PB1,58,700,1,0,0,701,A
2-PB1,59,0,0,0,728,728,C
2-PB1,60,727,0,0,0,727,A
2-PB1,61,760,0,1,0,761,A
2-PB1,62,0,0,0,765,765,C
2-PB1,63,758,0,0,0,758,A
2-PB1,64,0,770,0,0,770,T
2-PB1,65,0,768,0,0,768,T
2-PB1,66,1,2,0,983,986,C
2-PB1,67,0,0,0,988,988,C
2-PB1,68,2,0,0,994,996,C
2-PB1,69,0,1002,0,1,1003,T
2-PB1,70,0,997,0,0,997,T
2-PB1,71,1099,1,0,0,1100,A
2-PB1,72,0,1103,0,0,1103,T
2-PB1,73,1107,0,0,0,1107,A
2-PB1,74,0,0,0,1115,1115,C
2-PB1,75,0,1072,0,2,1074,T
2-PB1,76,0,2,1090,0,1092,G
2-PB1,77,0,2,1093,0,1095,G
2-PB1,78,1088,0,0,0,1088,A
2-PB1,79,0,5,1089,0,1094,G
2-PB1,80,1092,1,0,0,1093,A
2-PB1,81,0,1095,0,1,1096,T
2-PB1,82,4,0,0,1155,1159,C
2-PB1,83,0,0,0,1163,1163,C
2-PB1,84,0,1169,0,1,1170,T
2-PB1,85,0,0,0,1235,1235,C
2-PB1,86,1,0,0,1244,1245,C
2-PB1,87,1263,0,2,0,1265,A
2-PB1,88,0,1266,0,0,1266,T
2-PB1,89,1263,0,0,0,1263,A
2-PB1,90,0,0,0,1268,1268,C
2-PB1,91,1249,0,1,0,1250,A
2-PB1,92,0,5,1300,0,1305,G
2-PB1,93,0,2,0,1317,1319,C
2-PB1,94,2,0,0,1307,1309,C
2-PB1,95,1313,0,1,0,1314,A
2-PB1,96,0,1313,0,0,1313,T
2-PB1,97,0,3,1313,0,1316,G
2-PB1,98,0,9,1374,0,1383,G
2-PB1,99,1390,0,1,0,1391,A
2-PB1,100,1395,0,0,0,1395,A
2-PB1,101,1,0,0,1400,1401,C
2-PB1,102,1393,0,0,0,1393,A
2-PB1,103,1,0,1427,0,1428,G
2-PB1,104,0,4,1445,0,1449,G
2-PB1,105,1444,0,4,0,1448,A
2-PB1,106,1460,0,1,0,1461,A
2-PB1,107,0,0,0,1474,1474,C
2-PB1,108,1465,0,1,0,1466,A
2-PB1,109,0,2,1641,1,1644,G
2-PB1,110,2,4,1630,0,1636,G
2-PB1,111,3,0,1657,1,1661,G
2-PB1,112,0,1663,0,2,1665,T
2-PB1,113,1650,0,1,0,1651,A
2-PB1,114,0,1,0,1667,1668,C
2-PB1,115,1750,0,0,0,1750,A
2-PB1,116,0,0,0,1813,1813,C
2-PB1,117,3,0,0,1794,1797,C
2-PB1,118,1734,0,3,0,1737,A
2-PB1,119,0,1744,0,0,1744,T
2-PB1,120,0,4,1740,0,1744,G
2-PB1,121,1,7,1738,0,1746,G
2-PB1,122,1737,2,4,0,1743,A
2-PB1,123,1,0,0,1749,1750,C
2-PB1,124,1706,0,0,0,1706,A
2-PB1,125,0,1,0,1742,1743,C
2-PB1,126,1737,0,0,1,1738,A
2-PB1,127,1,3,1762,0,1766,G
2-PB1,128,0,1761,0,1,1762,T
2-PB1,129,11,1,0,1800,1812,C
2-PB1,130,1804,0,1,0,1805,A
2-PB1,131,1816,0,2,0,1818,A
2-PB1,132,2,1,0,1814,1817,C
2-PB1,133,1810,1,1,0,1812,A
2-PB1,134,1,9,1830,0,1840,G
2-PB1,135,1821,0,3,0,1824,A
2-PB1,136,1824,0,0,0,1824,A
2-PB1,137,0,3,0,1819,1822,C
2-PB1,138,1786,0,3,0,1789,A
2-PB1,139,1,0,0,1846,1847,C
2-PB1,140,1843,0,2,0,1845,A
2-PB1,141,1,0,0,1929,1930,C
2-PB1,142,1,0,0,1927,1928,C
2-PB1,143,1932,0,0,0,1932,A
2-PB1,144,1950,0,0,0,1950,A
2-PB1,145,0,2009,0,0,2009,T
2-PB1,146,2071,0,0,0,2071,A
2-PB1,147,0,2066,0,1,2067,T
2-PB1,148,1,2043,0,1,2045,T
2-PB1,149,9,0,0,2040,2049,C
2-PB1,150,2007,0,1,0,2008,A
2-PB1,151,0,6,2005,0,2011,G
2-PB1,152,1990,0,3,0,1993,A
2-PB1,153,1,4,1991,0,1996,G
2-PB1,154,1961,0,3,0,1964,A
2-PB1,155,0,0,1929,0,1929,G
2-PB1,156,0,0,1929,0,1929,G
2-PB1,157,1,3,1999,0,2003,G
2-PB1,158,2,5,1993,0,2000,G
2-PB1,159,0,3,2017,1,2021,G
2-PB1,160,2018,0,2,0,2020,A
2-PB1,161,2016,0,3,0,2019,A
2-PB1,162,1,0,2033,0,2034,G
2-PB1,163,0,2020,1,1,2022,T
2-PB1,164,0,13,2006,0,2019,G
2-PB1,165,0,4,2004,0,2008,G
2-PB1,166,2004,0,3,0,2007,A
2-PB1,167,0,1,0,2018,2019,C
2-PB1,168,3,12,2007,0,2022,G
2-PB1,169,2035,1,2,0,2038,A
2-PB1,170,0,1,0,2050,2051,C
2-PB1,171,2039,0,0,0,2039,A
2-PB1,172,2045,0,0,0,2045,A
2-PB1,173,2063,1,1,0,2065,A
2-PB1,174,0,2100,0,0,2100,T
2-PB1,175,2102,0,2,0,2104,A
2-PB1,176,0,0,0,2109,2109,C
2-PB1,177,2084,0,2,9,2095,A
2-PB1,178,0,8,2092,0,2100,G
2-PB1,179,2101,1,0,0,2102,A
2-PB1,180,2117,0,0,0,2117,A
2-PB1,181,2114,1,0,0,2115,A
2-PB1,182,0,1,0,2113,2114,C
2-PB1,183,0,2079,0,0,2079,T
2-PB1,184,1,0,2079,0,2080,G
2-PB1,185,1,4,2066,0,2071,G
2-PB1,186,2,4,2058,0,2064,G
2-PB1,187,1,1,2067,0,2069,G
2-PB1,188,1,4,0,2061,2066,C
2-PB1,189,2050,0,4,0,2054,A
2-PB1,190,1,0,0,2129,2130,C
2-PB1,191,11,0,0,2112,2123,C
2-PB1,192,2,0,0,2127,2129,C
2-PB1,193,1,0,0,2134,2135,C
2-PB1,194,2145,0,0,0,2145,A
2-PB1,195,2166,0,0,0,2166,A
2-PB1,196,1,0,0,2164,2165,C
2-PB1,197,0,2153,0,2,2155,T
2-PB1,198,2,2,0,2156,2160,C
2-PB1,199,2110,0,0,0,2110,A
2-PB1,200,2138,0,3,0,2141,A
2-PB1,201,0,1,0,2137,2138,C
2-PB1,202,3,0,0,2132,2135,C
2-PB1,203,3,2,0,2135,2140,C
2-PB1,204,2133,0,0,0,2133,A
2-PB1,205,2145,0,0,0,2145,A
2-PB1,206,0,2154,0,1,2155,T
2-PB1,207,1,2151,0,0,2152,T
2-PB1,208,0,3,2151,0,2154,G
2-PB1,209,2127,1,2,0,2130,A
2-PB1,210,0,2124,0,2,2126,T
2-PB1,211,0,4,2126,0,2130,G
2-PB1,212,1,6,2132,0,2139,G
2-PB1,213,2153,0,6,0,2159,A
2-PB1,214,1,0,0,2169,2170,C
2-PB1,215,11,2,0,2142,2155,C
2-PB1,216,2152,0,1,0,2153,A
2-PB1,217,1,0,0,2207,2208,C
2-PB1,218,1,2205,0,0,2206,T
2-PB1,219,2235,1,0,0,2236,A
2-PB1,220,2,0,0,2250,2252,C
2-PB1,221,1,0,1,2228,2230,C
2-PB1,222,0,2191,2,0,2193,T
2-PB1,223,1,2,2206,0,2209,G
2-PB1,224,2197,0,5,0,2202,A
2-PB1,225,1,4,2203,0,2208,G
2-PB1,226,3,6,2192,0,2201,G
2-PB1,227,2206,1,0,1,2208,A
2-PB1,228,0,2186,0,0,2186,T
2-PB1,229,2148,0,3,0,2151,A
2-PB1,230,2153,0,1,0,2154,A
2-PB1,231,1,2147,0,1,2149,T
2-PB1,232,0,7,2146,0,2153,G
2-PB1,233,2145,0,0,0,2145,A
2-PB1,234,2137,0,0,0,2137,A
2-PB1,235,1,0,0,2143,2144,C
2-PB1,236,4,1,0,2105,2110,C
2-PB1,237,2116,1,0,1,2118,A
2-PB1,238,2119,0,1,0,2120,A
2-PB1,239,1,0,2129,0,2130,G
2-PB1,240,0,2126,0,0,2126,T
2-PB1,241,1,3,2116,0,2120,G
2-PB1,242,0,2,2149,0,2151,G
2-PB1,243,2148,0,2,0,2150,A
2-PB1,244,3,2136,0,0,2139,T
2-PB1,245,2142,1,0,0,2143,A
2-PB1,246,1,2168,0,0,2169,T
2-PB1,247,0,1,2179,0,2180,G
2-PB1,248,0,0,1,2169,2170,C
2-PB1,249,2167,0,3,0,2170,A
2-PB1,250,0,0,0,2230,2230,C
2-PB1,251,2186,0,1,0,2187,A
2-PB1,252,2228,0,0,0,2228,A
2-PB1,253,2225,0,2,0,2227,A
2-PB1,254,0,1,0,2226,2227,C
2-PB1,255,2179,0,0,0,2179,A
2-PB1,256,5,8,2187,0,2200,G
2-PB1,257,2196,0,2,0,2198,A
2-PB1,258,0,2,0,2198,2200,C
2-PB1,259,0,2120,0,1,2121,T
2-PB1,260,1,0,2156,1,2158,G
2-PB1,261,0,2127,0,1,2128,T
2-PB1,262,1,0,2206,0,2207,G
2-PB1,263,0,2206,0,1,2207,T
2-PB1,264,6,0,0,2202,2208,C
2-PB1,265,3,1,0,2201,2205,C
2-PB1,266,3,2189,0,3,2195,T
2-PB1,267,0,1,2192,0,2193,G
2-PB1,268,0,4,2188,0,2192,G
2-PB1,269,2160,0,0,0,2160,A
2-PB1,270,0,3,2187,0,2190,G
2-PB1,271,0,0,2136,0,2136,G
2-PB1,272,1,0,0,2146,2147,C
2-PB1,273,0,2125,0,2,2127,T
2-PB1,274,2127,0,1,0,2128,A
2-PB1,275,0,2126,0,2,2128,T
2-PB1,276,1,3,2126,0,2130,G
2-PB1,277,1,0,2129,0,2130,G
2-PB1,278,0,2,1,2113,2116,C
2-PB1,279,5,0,0,2088,2093,C
2-PB1,280,0,2067,0,2,2069,T
2-PB1,281,0,2181,0,3,2184,T
2-PB1,282,2,0,0,2192,2194,C
2-PB1,283,1,0,0,2200,2201,C
2-PB1,284,0,2198,0,1,2199,T
2-PB1,285,1,2201,0,0,2202,T
2-PB1,286,0,10,2196,0,2206,G
2-PB1,287,2202,0,1,0,2203,A
2-PB1,288,2204,1,0,0,2205,A
2-PB1,289,2,6,2199,0,2207,G
2-PB1,290,2093,0,0,0,2093,A
2-PB1,291,2108,0,0,0,2108,A
2-PB1,292,0,2106,0,2,2108,T
2-PB1,293,7,0,1,2103,2111,C
2-PB1,294,2,0,0,2108,2110,C
2-PB1,295,5,0,0,2089,2094,C
2-PB1,296,2096,1,2,0,2099,A
2-PB1,297,1,0,0,2104,2105,C
2-PB1,298,1,0,0,2099,2100,C
2-PB1,299,5,1,0,2100,2106,C
2-PB1,300,2087,0,2,0,2089,A
2-PB1,301,0,6,2098,0,2104,G
2-PB1,302,2,1,2117,0,2120,G
2-PB1,303,2,2107,2,0,2111,T
2-PB1,304,2123,0,0,0,2123,A
2-PB1,305,1,2109,0,1,2111,T
2-PB1,306,2,0,0,2109,2111,C
2-PB1,307,1,2111,0,2,2114,T
2-PB1,308,0,2108,0,1,2109,T
2-PB1,309,0,2088,0,1,2089,T
2-PB1,310,0,7,2085,0,2092,G
2-PB1,311,2073,0,4,0,2077,A
2-PB1,312,0,6,2074,0,2080,G
2-PB1,313,2055,2,0,0,2057,A
2-PB1,314,2058,1,2,0,2061,A
2-PB1,315,0,2,0,2080,2082,C
2-PB1,316,2,2062,0,4,2068,T
2-PB1,317,6,0,0,2065,2071,C
2-PB1,318,2067,0,2,0,2069,A
2-PB1,319,0,2072,0,0,2072,T
2-PB1,320,0,1,2073,0,2074,G
2-PB1,321,0,2044,0,2,2046,T
2-PB1,322,5,0,0,2089,2094,C
2-PB1,323,0,2083,0,3,2086,T
2-PB1,324,1,2092,0,0,2093,T
2-PB1,325,0,8,2090,0,2098,G
2-PB1,326,2101,0,0,0,2101,A
2-PB1,327,2103,0,1,0,2104,A
2-PB1,328,2096,2,2,0,2100,A
2-PB1,329,2,0,0,2110,2112,C
2-PB1,330,2082,1,0,1,2084,A
2-PB1,331,2094,0,1,0,2095,A
2-PB1,332,0,2094,0,1,2095,T
2-PB1,333,0,3,2092,0,2095,G
2-PB1,334,0,3,2094,0,2097,G
2-PB1,335,2078,1,1,0,2080,A
2-PB1,336,2081,0,3,1,2085,A
2-PB1,337,0,1,2084,0,2085,G
2-PB1,338,2,0,0,2076,2078,C
2-PB1,339,7,4,0,2061,2072,C
2-PB1,340,3,0,2091,0,2094,G
2-PB1,341,0,2086,0,4,2090,T
2-PB1,342,0,2090,1,1,2092,T
2-PB1,343,13,0,0,2105,2118,C
2-PB1,344,2118,0,2,0,2120,A
2-PB1,345,2130,0,1,1,2132,A
2-PB1,346,1,4,0,2136,2141,C
2-PB1,347,2131,1,1,0,2133,A
2-PB1,348,6,8,2140,0,2154,G
2-PB1,349,2109,1,7,0,2117,A
2-PB1,350,0,1,0,2116,2117,C
2-PB1,351,2109,1,2,0,2112,A
2-PB1,352,2130,0,1,0,2131,A
2-PB1,353,0,5,2139,0,2144,G
2-PB1,354,0,2,2120,1,2123,G
2-PB1,355,1,0,2132,0,2133,G
2-PB1,356,1,2085,0,0,2086,T
2-PB1,357,2,8,2078,0,2088,G
2-PB1,358,0,7,2084,0,2091,G
2-PB1,359,2085,1,6,0,2092,A
2-PB1,360,0,0,0,2095,2095,C
2-PB1,361,2049,0,1,1,2051,A
2-PB1,362,2086,1,0,0,2087,A
2-PB1,363,2080,0,3,0,2083,A
2-PB1,364,1,0,0,2079,2080,C
2-PB1,365,0,2070,0,1,2071,T
2-PB1,366,2063,0,1,0,2064,A
2-PB1,367,2072,0,4,0,2076,A
2-PB1,368,1,1,0,2078,2080,C
2-PB1,369,0,0,0,2067,2067,C
2-PB1,370,6,0,0,2057,2063,C
2-PB1,371,2024,0,1,0,2025,A
2-PB1,372,2018,0,5,0,2023,A
2-PB1,373,0,9,2012,0,2021,G
2-PB1,374,0,1,2032,0,2033,G
2-PB1,375,1,2024,0,1,2026,T
2-PB1,376,11,1,1,1992,2005,C
2-PB1,377,0,0,2006,0,2006,G
2-PB1,378,1,3,0,1994,1998,C
2-PB1,379,4,0,0,2002,2006,C
2-PB1,380,2006,0,1,0,2007,A
2-PB1,381,0,8,2036,0,2044,G
2-PB1,382,2079,1,1,0,2081,A
2-PB1,383,1,0,0,2087,2088,C
2-PB1,384,0,2071,0,1,2072,T
2-PB1,385,1,2067,0,2,2070,T
2-PB1,386,2074,0,0,0,2074,A
2-PB1,387,1,2083,0,0,2084,T
2-PB1,388,0,8,2080,0,2088,G
2-PB1,389,2081,0,1,0,2082,A
2-PB1,390,0,2039,0,0,2039,T
2-PB1,391,0,1967,0,0,1967,T
2-PB1,392,0,8,1949,0,1957,G
2-PB1,393,0,8,1948,1,1957,G
2-PB1,394,1985,0,1,0,1986,A
2-PB1,395,0,0,0,1980,1980,C
2-PB1,396,1952,0,0,1,1953,A
2-PB1,397,0,1936,0,0,1936,T
2-PB1,398,0,1952,0,1,1953,T
2-PB1,399,1971,0,0,1,1972,A
2-PB1,400,1970,1,0,0,1971,A
2-PB1,401,1973,0,1,0,1974,A
2-PB1,402,0,0,0,1970,1970,C
2-PB1,403,1924,0,0,0,1924,A
2-PB1,404,0,9,1924,1,1934,G
2-PB1,405,1922,1,2,0,1925,A
2-PB1,406,1927,0,1,0,1928,A
2-PB1,407,1928,0,1,0,1929,A
2-PB1,408,1,1910,0,0,1911,T
2-PB1,409,11,0,0,1897,1908,C
2-PB1,410,1908,1,0,0,1909,A
2-PB1,411,1910,0,1,1,1912,A
2-PB1,412,0,0,0,1903,1903,C
2-PB1,413,2,1,1,1895,1899,C
2-PB1,414,2,3,1899,1,1905,G
2-PB1,415,3,1,1903,0,1907,G
2-PB1,416,1,0,0,1901,1902,C
2-PB1,417,1904,1,0,0,1905,A
2-PB1,418,1,0,1907,0,1908,G
2-PB1,419,0,0,0,1923,1923,C
2-PB1,420,1920,0,1,0,1921,A
2-PB1,421,1923,0,0,0,1923,A
2-PB1,422,0,0,0,1933,1933,C
2-PB1,423,0,1921,0,1,1922,T
2-PB1,424,1,0,1974,0,1975,G
2-PB1,425,1,1,0,1973,1975,C
2-PB1,426,1970,1,2,1,1974,A
2-PB1,427,1,1966,0,1,1968,T
2-PB1,428,0,1947,0,0,1947,T
2-PB1,429,2056,0,1,1,2058,A
2-PB1,430,3,1,2055,0,2059,G
2-PB1,431,4,0,0,2043,2047,C
2-PB1,432,7,0,0,2043,2050,C
2-PB1,433,1956,0,0,0,1956,A
2-PB1,434,1966,0,2,0,1968,A
2-PB1,435,0,1,0,1972,1973,C
2-PB1,436,1974,0,1,0,1975,A
2-PB1,437,0,0,0,2031,2031,C
2-PB1,438,2,0,0,1910,1912,C
2-PB1,439,1903,0,2,0,1905,A
2-PB1,440,1,1904,0,0,1905,T
2-PB1,441,1904,0,0,0,1904,A
2-PB1,442,0,5,1903,0,1908,G
2-PB1,443,1895,1,0,0,1896,A
2-PB1,444,1871,1,1,0,1873,A
2-PB1,445,0,1,1886,0,1887,G
2-PB1,446,0,1827,0,2,1829,T
2-PB1,447,0,1835,0,0,1835,T
2-PB1,448,0,1830,0,0,1830,T
2-PB1,449,0,1834,0,1,1835,T
2-PB1,450,1,1834,0,0,1835,T
2-PB1,451,1835,0,0,0,1835,A
2-PB1,452,0,5,1830,0,1835,G
2-PB1,453,1832,0,2,0,1834,A
2-PB1,454,0,1820,0,2,1822,T
2-PB1,455,4,0,0,1783,1787,C
2-PB1,456,1,11,1774,2,1788,G
2-PB1,457,1791,1,1,0,1793,A
2-PB1,458,1791,0,1,0,1792,A
2-PB1,459,0,1,0,1798,1799,C
2-PB1,460,1,7,1795,0,1803,G
2-PB1,461,0,5,1885,0,1890,G
2-PB1,462,1888,0,1,0,1889,A
2-PB1,463,1,1886,0,0,1887,T
2-PB1,464,1,1885,0,1,1887,T
2-PB1,465,1868,0,5,1,1874,A
2-PB1,466,1877,0,1,0,1878,A
2-PB1,467,0,0,0,1896,1896,C
2-PB1,468,1870,0,1,0,1871,A
2-PB1,469,3,2,1889,0,1894,G
2-PB1,470,1,0,0,1815,1816,C
2-PB1,471,0,1818,0,0,1818,T
2-PB1,472,1819,0,1,0,1820,A
2-PB1,473,1819,0,1,0,1820,A
2-PB1,474,0,1814,0,1,1815,T
2-PB1,475,1,11,1829,0,1841,G
2-PB1,476,1835,0,0,0,1835,A
2-PB1,477,1837,0,0,0,1837,A
2-PB1,478,0,1806,0,1,1807,T
2-PB1,479,7,0,0,1807,1814,C
2-PB1,480,1804,1,5,0,1810,A
2-PB1,481,0,3,1808,0,1811,G
2-PB1,482,0,2,1809,0,1811,G
2-PB1,483,1807,0,2,0,1809,A
2-PB1,484,1787,0,2,0,1789,A
2-PB1,485,0,1,1861,0,1862,G
2-PB1,486,0,1,1861,0,1862,G
2-PB1,487,1,0,0,1863,1864,C
2-PB1,488,0,1853,0,2,1855,T
2-PB1,489,1857,0,3,0,1860,A
2-PB1,490,1859,0,3,0,1862,A
2-PB1,491,0,1866,0,0,1866,T
2-PB1,492,1867,0,0,1,1868,A
2-PB1,493,1,7,1875,0,1883,G
2-PB1,494,1740,1,0,0,1741,A
2-PB1,495,0,1738,0,0,1738,T
2-PB1,496,0,1731,0,1,1732,T
2-PB1,497,0,1730,0,0,1730,T
2-PB1,498,7,0,0,1777,1784,C
2-PB1,499,3,1,0,1783,1787,C
2-PB1,500,0,1785,0,2,1787,T
2-PB1,501,3,0,0,1788,1791,C
2-PB1,502,1783,0,0,1,1784,A
2-PB1,503,1787,1,0,0,1788,A
2-PB1,504,0,2,1792,0,1794,G
2-PB1,505,0,3,1824,0,1827,G
2-PB1,506,1816,1,0,0,1817,A
2-PB1,507,0,1755,0,0,1755,T
2-PB1,508,1,1,1762,0,1764,G
2-PB1,509,1,1752,0,3,1756,T
2-PB1,510,0,7,1769,0,1776,G
2-PB1,511,1772,0,2,0,1774,A
2-PB1,512,0,1770,0,1,1771,T
2-PB1,513,1,1,1758,0,1760,G
2-PB1,514,1,6,1747,0,1754,G
2-PB1,515,1754,1,1,0,1756,A
2-PB1,516,1757,0,0,1,1758,A
2-PB1,517,0,1724,1,0,1725,T
2-PB1,518,12,1,0,1717,1730,C
2-PB1,519,1703,0,1,0,1704,A
2-PB1,520,1708,0,0,0,1708,A
2-PB1,521,0,1714,0,0,1714,T
2-PB1,522,2,7,1725,0,1734,G
2-PB1,523,0,1,1742,0,1743,G
2-PB1,524,1732,0,2,0,1734,A
2-PB1,525,1,1728,0,2,1731,T
2-PB1,526,1721,0,0,0,1721,A
2-PB1,527,1723,1,0,0,1724,A
2-PB1,528,1720,0,2,0,1722,A
2-PB1,529,0,3,1734,0,1737,G
2-PB1,530,1720,0,3,0,1723,A
2-PB1,531,0,2,1712,0,1714,G
2-PB1,532,6,4,1692,0,1702,G
2-PB1,533,1699,0,1,0,1700,A
2-PB1,534,1699,1,3,0,1703,A
2-PB1,535,1703,0,2,0,1705,A
2-PB1,536,0,1706,0,0,1706,T
2-PB1,537,1,1,1733,0,1735,G
2-PB1,538,0,6,1722,0,1728,G
2-PB1,539,1700,0,3,0,1703,A
2-PB1,540,0,5,1716,0,1721,G
2-PB1,541,1709,0,0,1,1710,A
2-PB1,542,0,1748,0,0,1748,T
2-PB1,543,1739,0,1,0,1740,A
2-PB1,544,1766,0,0,1,1767,A
2-PB1,545,0,3,0,1775,1778,C
2-PB1,546,1737,0,3,0,1740,A
2-PB1,547,1744,0,0,0,1744,A
2-PB1,548,1,0,0,1743,1744,C
2-PB1,549,1728,1,1,0,1730,A
2-PB1,550,0,0,0,1733,1733,C
2-PB1,551,1692,0,0,0,1692,A
2-PB1,552,2,0,0,1712,1714,C
2-PB1,553,0,1683,1,0,1684,T
2-PB1,554,1,1675,0,1,1677,T
2-PB1,555,0,1690,0,1,1691,T
2-PB1,556,6,1,0,1671,1678,C
2-PB1,557,1675,1,0,0,1676,A
2-PB1,558,1677,1,0,0,1678,A
2-PB1,559,1675,1,2,0,1678,A
2-PB1,560,1,5,1690,0,1696,G
2-PB1,561,1681,0,2,0,1683,A
2-PB1,562,1685,0,0,0,1685,A
2-PB1,563,1687,0,0,0,1687,A
2-PB1,564,1685,0,4,1,1690,A
2-PB1,565,1687,0,2,0,1689,A
2-PB1,566,0,1,1705,0,1706,G
2-PB1,567,0,3,1704,0,1707,G
2-PB1,568,1673,0,3,0,1676,A
2-PB1,569,1,4,1706,0,1711,G
2-PB1,570,1706,0,3,0,1709,A
2-PB1,571,2,1,1768,0,1771,G
2-PB1,572,0,1768,0,0,1768,T
2-PB1,573,1765,0,0,0,1765,A
2-PB1,574,1766,0,6,0,1772,A
2-PB1,575,0,1,1775,0,1776,G
2-PB1,576,1,1,1783,0,1785,G
2-PB1,577,0,8,1779,0,1787,G
2-PB1,578,1745,0,4,0,1749,A
2-PB1,579,0,2,0,1765,1767,C
2-PB1,580,1715,1,3,0,1719,A
2-PB1,581,1719,0,0,0,1719,A
2-PB1,582,0,0,0,1719,1719,C
2-PB1,583,1710,1,2,1,1714,A
2-PB1,584,0,1696,0,0,1696,T
2-PB1,585,2,6,1681,0,1689,G
2-PB1,586,1688,0,3,0,1691,A
2-PB1,587,2,0,0,1688,1690,C
2-PB1,588,1,1,1,1663,1666,C
2-PB1,589,1666,0,1,0,1667,A
2-PB1,590,1667,0,2,0,1669,A
2-PB1,591,0,4,1681,0,1685,G
2-PB1,592,1685,0,0,0,1685,A
2-PB1,593,1686,1,0,0,1687,A
2-PB1,594,1675,0,2,0,1677,A
2-PB1,595,1671,0,3,0,1674,A
2-PB1,596,0,1675,0,1,1676,T
2-PB1,597,0,6,1661,1,1668,G
2-PB1,598,3,1,1672,0,1676,G
2-PB1,599,0,1665,0,5,1670,T
2-PB1,600,14,0,0,1646,1660,C
2-PB1,601,1662,0,2,0,1664,A
2-PB1,602,0,0,0,1770,1770,C
2-PB1,603,1791,0,0,0,1791,A
2-PB1,604,0,0,0,1790,1790,C
2-PB1,605,1792,0,0,0,1792,A
2-PB1,606,1851,0,0,0,1851,A
2-PB1,607,1831,0,1,0,1832,A
2-PB1,608,1,14,1954,0,1969,G
2-PB1,609,1965,0,2,0,1967,A
2-PB1,610,1974,0,5,0,1979,A
2-PB1,611,1,1,0,2018,2020,C
2-PB1,612,1965,0,1,0,1966,A
2-PB1,613,1983,0,1,0,1984,A
2-PB1,614,0,1984,0,0,1984,T
2-PB1,615,1950,1,11,0,1962,A
2-PB1,616,0,3,1960,0,1963,G
2-PB1,617,0,6,1883,0,1889,G
2-PB1,618,1,5,1893,0,1899,G
2-PB1,619,1895,0,0,0,1895,A
2-PB1,620,1843,1,4,0,1848,A
2-PB1,621,0,3,1868,0,1871,G
2-PB1,622,1867,0,0,0,1867,A
2-PB1,623,1870,0,0,0,1870,A
2-PB1,624,1885,0,0,0,1885,A
2-PB1,625,1884,0,2,0,1886,A
2-PB1,626,1934,0,0,0,1934,A
2-PB1,627,1934,0,2,1,1937,A
2-PB1,628,0,0,0,1942,1942,C
2-PB1,629,1939,0,0,0,1939,A
2-PB1,630,1939,1,0,0,1940,A
2-PB1,631,1934,0,5,0,1939,A
2-PB1,632,0,6,1980,0,1986,G
2-PB1,633,1984,0,1,0,1985,A
2-PB1,634,0,0,2072,1,2073,G
2-PB1,635,0,2040,0,1,2041,T
2-PB1,636,0,6,2389,0,2395,G
2-PB1,637,2380,1,2,0,2383,A
2-PB1,638,2397,0,2,0,2399,A
2-PB1,639,0,2437,0,0,2437,T
2-PB1,640,2438,1,1,1,2441,A
2-PB1,641,2427,0,3,0,2430,A
2-PB1,642,9,5,2419,0,2433,G
2-PB1,643,2367,0,5,0,2372,A
2-PB1,644,0,6,2380,0,2386,G
2-PB1,645,2258,0,6,1,2265,A
2-PB1,646,0,7,2267,0,2274,G
2-PB1,647,1,0,2271,0,2272,G
2-PB1,648,0,0,0,2277,2277,C
2-PB1,649,0,2264,0,1,2265,T
2-PB1,650,2334,1,0,0,2335,A
2-PB1,651,5,2,0,2435,2442,C
2-PB1,652,6,0,0,2442,2448,C
2-PB1,653,1,2462,0,2,2465,T
2-PB1,654,2566,0,0,0,2566,A
2-PB1,655,2561,0,0,0,2561,A
2-PB1,656,1,2563,0,0,2564,T
2-PB1,657,2555,1,0,0,2556,A
2-PB1,658,2549,0,2,0,2551,A
2-PB1,659,1,5,2551,0,2557,G
2-PB1,660,2474,0,1,0,2475,A
2-PB1,661,1,0,2497,0,2498,G
2-PB1,662,0,0,0,2503,2503,C
2-PB1,663,1,2455,0,6,2462,T
2-PB1,664,0,2462,1,1,2464,T
2-PB1,665,0,2460,1,1,2462,T
2-PB1,666,1,19,2462,0,2482,G
2-PB1,667,2520,2,5,0,2527,A
2-PB1,668,0,0,0,2543,2543,C
2-PB1,669,2540,0,1,0,2541,A
2-PB1,670,0,2530,0,3,2533,T
2-PB1,671,0,2516,0,2,2518,T
2-PB1,672,4,14,2540,0,2558,G
2-PB1,673,2541,1,2,0,2544,A
2-PB1,674,2555,0,2,0,2557,A
2-PB1,675,1,0,1,2559,2561,C
2-PB1,676,2534,0,2,0,2536,A
2-PB1,677,0,4,0,2535,2539,C
2-PB1,678,4,7,2520,0,2531,G
2-PB1,679,2545,0,3,0,2548,A
2-PB1,680,1,2561,0,0,2562,T
2-PB1,681,0,10,2617,1,2628,G
2-PB1,682,2631,0,1,0,2632,A
2-PB1,683,1,0,0,2638,2639,C
2-PB1,684,19,0,0,2624,2643,C
2-PB1,685,2646,0,3,0,2649,A
2-PB1,686,2678,2,0,0,2680,A
2-PB1,687,2681,1,2,0,2684,A
2-PB1,688,0,2,2776,0,2778,G
2-PB1,689,2801,0,2,0,2803,A
2-PB1,690,1,2749,0,2,2752,T
2-PB1,691,1,0,2756,0,2757,G
2-PB1,692,1,1,0,2749,2751,C
2-PB1,693,2738,0,6,0,2744,A
2-PB1,694,0,4,2765,0,2769,G
2-PB1,695,2738,1,3,1,2743,A
2-PB1,696,0,8,2744,0,2752,G
2-PB1,697,2663,0,3,0,2666,A
2-PB1,698,0,4,2654,0,2658,G
2-PB1,699,2635,0,5,0,2640,A
2-PB1,700,0,5,2642,0,2647,G
2-PB1,701,0,1,2647,0,2648,G
2-PB1,702,0,2,0,2632,2634,C
2-PB1,703,2628,0,0,0,2628,A
2-PB1,704,2625,0,2,0,2627,A
2-PB1,705,2650,1,2,0,2653,A
2-PB1,706,2,2651,0,1,2654,T
2-PB1,707,1,2649,0,0,2650,T
2-PB1,708,2647,2,1,1,2651,A
2-PB1,709,2635,0,1,1,2637,A
2-PB1,710,2642,0,1,0,2643,A
2-PB1,711,2651,0,3,1,2655,A
2-PB1,712,2648,0,4,0,2652,A
2-PB1,713,0,3,2658,0,2661,G
2-PB1,714,2631,0,4,1,2636,A
2-PB1,715,2620,0,6,3,2629,A
2-PB1,716,0,3,2652,0,2655,G
2-PB1,717,1,3,2717,0,2721,G
2-PB1,718,1,0,2721,0,2722,G
2-PB1,719,0,2,0,2735,2737,C
2-PB1,720,0,2728,0,2,2730,T
2-PB1,721,2756,0,1,0,2757,A
2-PB1,722,0,2794,1,1,2796,T
2-PB1,723,1,2787,0,0,2788,T
2-PB1,724,1,1,2801,0,2803,G
2-PB1,725,1,0,0,2790,2791,C
2-PB1,726,2708,1,2,0,2711,A
2-PB1,727,2713,1,1,1,2716,A
2-PB1,728,2,0,0,2715,2717,C
2-PB1,729,2716,0,1,0,2717,A
2-PB1,730,1,0,0,2715,2716,C
2-PB1,731,1,1,0,2675,2677,C
2-PB1,732,4,1,0,2667,2672,C
2-PB1,733,0,6,2664,0,2670,G
2-PB1,734,0,3,2681,0,2684,G
2-PB1,735,0,5,2682,0,2687,G
2-PB1,736,2693,1,3,0,2697,A
2-PB1,737,0,2672,1,0,2673,T
2-PB1,738,0,2,2685,0,2687,G
2-PB1,739,1,1,0,2675,2677,C
2-PB1,740,2716,1,4,1,2722,A
2-PB1,741,2763,0,2,0,2765,A
2-PB1,742,2804,0,1,1,2806,A
2-PB1,743,1,2808,1,1,2811,T
2-PB1,744,2,2804,0,0,2806,T
2-PB1,745,2785,1,2,1,2789,A
2-PB1,746,0,2,2787,0,2789,G
2-PB1,747,2762,0,4,0,2766,A
2-PB1,748,1,4,2773,0,2778,G
2-PB1,749,0,13,2731,0,2744,G
2-PB1,750,2,0,2835,0,2837,G
2-PB1,751,0,2822,0,4,2826,T
2-PB1,752,0,2824,0,1,2825,T
2-PB1,753,16,0,0,2815,2831,C
2-PB1,754,6,0,2858,0,2864,G
2-PB1,755,0,2856,1,7,2864,T
2-PB1,756,7,2,2860,0,2869,G
2-PB1,757,0,2861,0,0,2861,T
2-PB1,758,2838,0,1,0,2839,A
2-PB1,759,1,0,0,2837,2838,C
2-PB1,760,0,2701,0,3,2704,T
2-PB1,761,0,2709,0,2,2711,T
2-PB1,762,9,2,0,2696,2707,C
2-PB1,763,1,0,2682,0,2683,G
2-PB1,764,0,2679,0,2,2681,T
2-PB1,765,1,2666,0,7,2674,T
2-PB1,766,0,9,2669,0,2678,G
2-PB1,767,2671,1,1,0,2673,A
2-PB1,768,2675,0,2,0,2677,A
2-PB1,769,2696,1,2,0,2699,A
2-PB1,770,2,0,0,2702,2704,C
2-PB1,771,0,2678,0,2,2680,T
2-PB1,772,0,2676,0,1,2677,T
2-PB1,773,0,2680,0,1,2681,T
2-PB1,774,2703,0,3,0,2706,A
2-PB1,775,0,0,2718,0,2718,G
2-PB1,776,3,3,0,2718,2724,C
2-PB1,777,1,2722,0,1,2724,T
2-PB1,778,2704,0,0,0,2704,A
2-PB1,779,0,2,2695,0,2697,G
2-PB1,780,2692,0,7,0,2699,A
2-PB1,781,2699,0,2,0,2701,A
2-PB1,782,0,1,2707,0,2708,G
2-PB1,783,0,2,0,2672,2674,C
2-PB1,784,2667,0,1,0,2668,A
2-PB1,785,2,2653,0,0,2655,T
2-PB1,786,0,2656,0,1,2657,T
2-PB1,787,0,2655,0,0,2655,T
2-PB1,788,3,1,2661,0,2665,G
2-PB1,789,3,1,1,2651,2656,C
2-PB1,790,0,7,2656,0,2663,G
2-PB1,791,2652,0,1,0,2653,A
2-PB1,792,2645,0,2,0,2647,A
2-PB1,793,2655,0,0,0,2655,A
2-PB1,794,2733,0,2,1,2736,A
2-PB1,795,0,1,2766,0,2767,G
2-PB1,796,2,0,0,2768,2770,C
2-PB1,797,1,2761,0,3,2765,T
2-PB1,798,0,2768,0,0,2768,T
2-PB1,799,0,11,2762,0,2773,G
2-PB1,800,2764,1,5,0,2770,A
2-PB1,801,2772,1,4,0,2777,A
2-PB1,802,0,1,0,2784,2785,C
2-PB1,803,2692,0,4,0,2696,A
2-PB1,804,1,0,2892,0,2893,G
2-PB1,805,0,2858,0,2,2860,T
2-PB1,806,13,2,0,2848,2863,C
2-PB1,807,0,2863,0,6,2869,T
2-PB1,808,2,2,2870,1,2875,G
2-PB1,809,0,7,2869,0,2876,G
2-PB1,810,2885,0,1,0,2886,A
2-PB1,811,0,2,1,2890,2893,C
2-PB1,812,0,2782,1,2,2785,T
2-PB1,813,1,2623,0,3,2627,T
2-PB1,814,3,0,1,2622,2626,C
2-PB1,815,3,4,0,2621,2628,C
2-PB1,816,2,0,2641,0,2643,G
2-PB1,817,0,1,2651,0,2652,G
2-PB1,818,0,2625,1,1,2627,T
2-PB1,819,0,2629,0,0,2629,T
2-PB1,820,0,5,2608,0,2613,G
2-PB1,821,0,1,2623,0,2624,G
2-PB1,822,2,2,2632,0,2636,G
2-PB1,823,0,13,2625,0,2638,G
2-PB1,824,0,3,2638,0,2641,G
2-PB1,825,1,2617,0,1,2619,T
2-PB1,826,2619,0,1,0,2620,A
2-PB1,827,2637,0,2,0,2639,A
2-PB1,828,0,2640,0,1,2641,T
2-PB1,829,1,16,2637,0,2654,G
2-PB1,830,2623,0,1,0,2624,A
2-PB1,831,2605,0,0,0,2605,A
2-PB1,832,2603,0,2,0,2605,A
2-PB1,833,2602,0,2,0,2604,A
2-PB1,834,0,1,2604,0,2605,G
2-PB1,835,2576,0,3,0,2579,A
2-PB1,836,2550,1,10,1,2562,A
2-PB1,837,0,6,2575,0,2581,G
2-PB1,838,0,3,2565,0,2568,G
2-PB1,839,1,2,1,2554,2558,C
2-PB1,840,6,2,0,2544,2552,C
2-PB1,841,2558,0,2,0,2560,A
2-PB1,842,2557,0,1,0,2558,A
2-PB1,843,2557,0,2,0,2559,A
2-PB1,844,0,0,1,2568,2569,C
2-PB1,845,0,2568,0,0,2568,T
2-PB1,846,2,5,2584,0,2591,G
2-PB1,847,2,0,2582,0,2584,G
2-PB1,848,2,1,0,2588,2591,C
2-PB1,849,2597,0,1,0,2598,A
2-PB1,850,2596,0,0,0,2596,A
2-PB1,851,2596,0,2,0,2598,A
2-PB1,852,0,2597,0,0,2597,T
2-PB1,853,0,0,2595,0,2595,G
2-PB1,854,0,2579,0,1,2580,T
2-PB1,855,3,2479,0,0,2482,T
2-PB1,856,0,0,2484,0,2484,G
2-PB1,857,0,2477,0,4,2481,T
2-PB1,858,0,9,2481,0,2490,G
2-PB1,859,2485,0,3,0,2488,A
2-PB1,860,0,4,2497,0,2501,G
2-PB1,861,2492,1,1,0,2494,A
2-PB1,862,2476,2,0,0,2478,A
2-PB1,863,2478,0,4,0,2482,A
2-PB1,864,2489,2,1,1,2493,A
2-PB1,865,2504,1,0,0,2505,A
2-PB1,866,0,2499,0,2,2501,T
2-PB1,867,1,8,2493,0,2502,G
2-PB1,868,2496,1,5,1,2503,A
2-PB1,869,1,2479,0,0,2480,T
2-PB1,870,1,6,2489,0,2496,G
2-PB1,871,2497,0,5,0,2502,A
2-PB1,872,0,0,0,2531,2531,C
2-PB1,873,0,2520,0,0,2520,T
2-PB1,874,2505,0,4,0,2509,A
2-PB1,875,2527,0,1,0,2528,A
2-PB1,876,0,2525,0,1,2526,T
2-PB1,877,1,2544,0,3,2548,T
2-PB1,878,19,1,1,2551,2572,C
2-PB1,879,2544,0,1,1,2546,A
2-PB1,880,0,0,0,2543,2543,C
2-PB1,881,2511,1,3,0,2515,A
2-PB1,882,2518,0,3,0,2521,A
2-PB1,883,0,2,2523,0,2525,G
2-PB1,884,2561,1,4,0,2566,A
2-PB1,885,1,0,0,2559,2560,C
2-PB1,886,2540,0,1,0,2541,A
2-PB1,887,0,1,0,2537,2538,C
2-PB1,888,2510,0,1,0,2511,A
2-PB1,889,2,5,2518,0,2525,G
2-PB1,890,2512,0,4,0,2516,A
2-PB1,891,1,1,2526,0,2528,G
2-PB1,892,0,1,0,2506,2507,C
2-PB1,893,0,2446,2,5,2453,T
2-PB1,894,0,2468,0,2,2470,T
2-PB1,895,1,2467,0,1,2469,T
2-PB1,896,7,0,0,2469,2476,C
2-PB1,897,1,2467,0,3,2471,T
2-PB1,898,0,2456,0,0,2456,T
2-PB1,899,1,2446,0,5,2452,T
2-PB1,900,7,1,0,2444,2452,C
2-PB1,901,2440,2,4,0,2446,A
2-PB1,902,0,0,0,2461,2461,C
2-PB1,903,2418,0,0,1,2419,A
2-PB1,904,2430,0,2,1,2433,A
2-PB1,905,1,2449,0,0,2450,T
2-PB1,906,9,0,1,2462,2472,C
2-PB1,907,2483,0,0,0,2483,A
2-PB1,908,0,0,0,2491,2491,C
2-PB1,909,1,2479,0,2,2482,T
2-PB1,910,2,4,2487,0,2493,G
2-PB1,911,1,5,2470,1,2477,G
2-PB1,912,0,6,2556,0,2562,G
2-PB1,913,0,11,2548,0,2559,G
2-PB1,914,2498,0,10,0,2508,A
2-PB1,915,1,1,0,2413,2415,C
2-PB1,916,2444,0,4,0,2448,A
2-PB1,917,2613,0,4,0,2617,A
2-PB1,918,1,0,0,2640,2641,C
2-PB1,919,2627,1,3,0,2631,A
2-PB1,920,1,0,0,2625,2626,C
2-PB1,921,0,2511,1,1,2513,T
2-PB1,922,2518,1,3,0,2522,A
2-PB1,923,2514,0,3,1,2518,A
2-PB1,924,1,0,2534,0,2535,G
2-PB1,925,0,2515,0,1,2516,T
2-PB1,926,1,6,2307,0,2314,G
2-PB1,927,1,6,2282,0,2289,G
2-PB1,928,2274,0,2,1,2277,A
2-PB1,929,2282,0,2,0,2284,A
2-PB1,930,0,2283,0,0,2283,T
2-PB1,931,0,10,2260,0,2270,G
2-PB1,932,2271,1,1,0,2273,A
2-PB1,933,2241,0,3,0,2244,A
2-PB1,934,2257,1,5,1,2264,A
2-PB1,935,2271,0,0,0,2271,A
2-PB1,936,0,2262,1,0,2263,T
2-PB1,937,11,0,0,2254,2265,C
2-PB1,938,2257,0,1,0,2258,A
2-PB1,939,2259,0,0,0,2259,A
2-PB1,940,2253,1,1,0,2255,A
2-PB1,941,2252,0,4,1,2257,A
2-PB1,942,2,1,0,2257,2260,C
2-PB1,943,6,0,0,2231,2237,C
2-PB1,944,6,1,0,2227,2234,C
2-PB1,945,1,2226,0,3,2230,T
2-PB1,946,4,1,0,2230,2235,C
2-PB1,947,1,9,2230,0,2240,G
2-PB1,948,2240,0,0,0,2240,A
2-PB1,949,2236,0,0,1,2237,A
2-PB1,950,0,2236,0,0,2236,T
2-PB1,951,3,1,2232,1,2237,G
2-PB1,952,1,2228,0,2,2231,T
2-PB1,953,2,2210,1,0,2213,T
2-PB1,954,0,2209,0,1,2210,T
2-PB1,955,0,2208,0,2,2210,T
2-PB1,956,2,2206,0,1,2209,T
2-PB1,957,1,9,2198,0,2208,G
2-PB1,958,1,2,2204,0,2207,G
2-PB1,959,3,0,1,2207,2211,C
2-PB1,960,1,4,2169,0,2174,G
2-PB1,961,2170,0,0,0,2170,A
2-PB1,962,0,2224,0,0,2224,T
2-PB1,963,1,5,2288,0,2294,G
2-PB1,964,2380,0,7,0,2387,A
2-PB1,965,0,2406,0,0,2406,T
2-PB1,966,0,2403,0,0,2403,T
2-PB1,967,2418,0,1,0,2419,A
2-PB1,968,1,1,0,2421,2423,C
2-PB1,969,2428,1,3,0,2432,A
2-PB1,970,0,2421,0,2,2423,T
2-PB1,971,2288,0,0,0,2288,A
2-PB1,972,1,1,0,2303,2305,C
2-PB1,973,2060,0,1,0,2061,A
2-PB1,974,0,2049,0,1,2050,T
2-PB1,975,5,1,0,2041,2047,C
2-PB1,976,2033,0,3,0,2036,A
2-PB1,977,0,0,0,2048,2048,C
2-PB1,978,2029,0,1,1,2031,A
2-PB1,979,2031,0,0,0,2031,A
2-PB1,980,2024,0,1,0,2025,A
2-PB1,981,3,3,1940,0,1946,G
2-PB1,982,2026,0,3,0,2029,A
2-PB1,983,2033,0,3,0,2036,A
2-PB1,984,0,2033,0,5,2038,T
2-PB1,985,16,0,0,2016,2032,C
2-PB1,986,2031,1,2,0,2034,A
2-PB1,987,2036,0,1,0,2037,A
2-PB1,988,1,3,1,2035,2040,C
2-PB1,989,5,0,0,2036,2041,C
2-PB1,990,1,1912,0,0,1913,T
2-PB1,991,0,4,1927,0,1931,G
2-PB1,992,1920,0,2,0,1922,A
2-PB1,993,1,0,1925,0,1926,G
2-PB1,994,0,1908,0,0,1908,T
2-PB1,995,1,3,1858,0,1862,G
2-PB1,996,0,1,1940,0,1941,G
2-PB1,997,0,1924,0,0,1924,T
2-PB1,998,2,1922,0,2,1926,T
2-PB1,999,10,1,0,1916,1927,C
2-PB1,1000,1904,0,3,0,1907,A
2-PB1,1001,3,2,1955,0,1960,G
2-PB1,1002,1956,0,4,0,1960,A
2-PB1,1003,1959,0,0,0,1959,A
2-PB1,1004,1949,0,2,0,1951,A
2-PB1,1005,0,1,0,1778,1779,C
2-PB1,1006,1785,0,1,1,1787,A
2-PB1,1007,0,1779,0,2,1781,T
2-PB1,1008,2,0,0,1794,1796,C
2-PB1,1009,5,0,0,1789,1794,C
2-PB1,1010,0,1707,0,3,1710,T
2-PB1,1011,0,7,1705,0,1712,G
2-PB1,1012,1702,1,1,0,1704,A
2-PB1,1013,0,0,1716,0,1716,G
2-PB1,1014,0,1,0,1692,1693,C
2-PB1,1015,1632,0,0,0,1632,A
2-PB1,1016,0,1638,0,0,1638,T
2-PB1,1017,5,0,0,1616,1621,C
2-PB1,1018,1,0,1626,0,1627,G
2-PB1,1019,0,0,0,1674,1674,C
2-PB1,1020,1679,0,2,1,1682,A
2-PB1,1021,0,0,0,1743,1743,C
2-PB1,1022,3,0,0,1737,1740,C
2-PB1,1023,1728,1,0,2,1731,A
2-PB1,1024,1755,0,1,1,1757,A
2-PB1,1025,1,1758,0,0,1759,T
2-PB1,1026,1754,1,2,2,1759,A
2-PB1,1027,1758,0,1,2,1761,A
2-PB1,1028,0,1708,1,0,1709,T
2-PB1,1029,0,0,1721,0,1721,G
2-PB1,1030,0,1676,0,1,1677,T
2-PB1,1031,0,1651,0,3,1654,T
2-PB1,1032,1,0,0,1660,1661,C
2-PB1,1033,0,1645,0,2,1647,T
2-PB1,1034,3,1,0,1649,1653,C
2-PB1,1035,1649,0,4,0,1653,A
2-PB1,1036,1655,1,1,0,1657,A
2-PB1,1037,1649,0,6,0,1655,A
2-PB1,1038,1,0,0,1662,1663,C
2-PB1,1039,1659,0,0,0,1659,A
2-PB1,1040,1657,0,0,0,1657,A
2-PB1,1041,1651,0,2,0,1653,A
2-PB1,1042,1661,0,3,0,1664,A
2-PB1,1043,1,1678,0,1,1680,T
2-PB1,1044,1,4,1680,0,1685,G
2-PB1,1045,1,1,1675,0,1677,G
2-PB1,1046,0,0,0,1681,1681,C
2-PB1,1047,1673,0,1,0,1674,A
2-PB1,1048,1676,0,2,0,1678,A
2-PB1,1049,3,5,1686,0,1694,G
2-PB1,1050,1693,1,2,0,1696,A
2-PB1,1051,0,5,0,1692,1697,C
2-PB1,1052,0,1662,0,0,1662,T
2-PB1,1053,0,3,1692,0,1695,G
2-PB1,1054,0,0,1694,0,1694,G
2-PB1,1055,0,2,1705,0,1707,G
2-PB1,1056,1697,0,7,0,1704,A
2-PB1,1057,1696,0,1,0,1697,A
2-PB1,1058,1687,0,1,0,1688,A
2-PB1,1059,1682,0,5,0,1687,A
2-PB1,1060,1,2,1738,0,1741,G
2-PB1,1061,1,5,1733,0,1739,G
2-PB1,1062,1727,1,4,0,1732,A
2-PB1,1063,0,1716,0,0,1716,T
2-PB1,1064,1715,1,0,0,1716,A
2-PB1,1065,1,1,0,1715,1717,C
2-PB1,1066,1729,0,0,0,1729,A
2-PB1,1067,0,1727,0,0,1727,T
2-PB1,1068,0,1,1743,0,1744,G
2-PB1,1069,0,1717,0,3,1720,T
2-PB1,1070,0,1720,0,1,1721,T
2-PB1,1071,12,0,0,1701,1713,C
2-PB1,1072,2,7,1705,0,1714,G
2-PB1,1073,1715,2,6,1,1724,A
2-PB1,1074,0,2,1758,0,1760,G
2-PB1,1075,1747,1,1,0,1749,A
2-PB1,1076,0,0,1768,0,1768,G
2-PB1,1077,0,1754,0,0,1754,T
2-PB1,1078,1750,0,0,0,1750,A
2-PB1,1079,1743,2,4,0,1749,A
2-PB1,1080,0,4,1754,0,1758,G
2-PB1,1081,1756,0,1,0,1757,A
2-PB1,1082,0,2,1792,0,1794,G
2-PB1,1083,1737,1,4,0,1742,A
2-PB1,1084,1748,0,1,0,1749,A
2-PB1,1085,0,1732,0,2,1734,T
2-PB1,1086,0,5,1719,0,1724,G
2-PB1,1087,1722,1,2,0,1725,A
2-PB1,1088,1710,1,8,0,1719,A
2-PB1,1089,0,0,1720,0,1720,G
2-PB1,1090,1,1,0,1709,1711,C
2-PB1,1091,0,1693,1,3,1697,T
2-PB1,1092,2,1,1,1699,1703,C
2-PB1,1093,1,1,0,1705,1707,C
2-PB1,1094,1,4,1708,0,1713,G
2-PB1,1095,1,3,1715,0,1719,G
2-PB1,1096,1717,1,4,0,1722,A
2-PB1,1097,0,0,0,1754,1754,C
2-PB1,1098,1751,2,0,0,1753,A
2-PB1,1099,0,1,0,1770,1771,C
2-PB1,1100,1768,0,1,1,1770,A
2-PB1,1101,1765,0,0,0,1765,A
2-PB1,1102,1764,0,1,0,1765,A
2-PB1,1103,0,1772,1,2,1775,T
2-PB1,1104,1773,0,2,0,1775,A
2-PB1,1105,1,0,0,1774,1775,C
2-PB1,1106,1,2,0,1741,1744,C
2-PB1,1107,1,1714,0,3,1718,T
2-PB1,1108,1,0,1730,0,1731,G
2-PB1,1109,0,0,0,1737,1737,C
2-PB1,1110,1736,0,1,0,1737,A
2-PB1,1111,0,4,1735,0,1739,G
2-PB1,1112,1729,0,2,0,1731,A
2-PB1,1113,1726,0,0,0,1726,A
2-PB1,1114,1727,0,1,1,1729,A
2-PB1,1115,0,1722,0,2,1724,T
2-PB1,1116,0,1,1723,0,1724,G
2-PB1,1117,1,1,0,1719,1721,C
2-PB1,1118,0,1723,0,0,1723,T
2-PB1,1119,1748,1,1,0,1750,A
2-PB1,1120,0,3,1745,0,1748,G
2-PB1,1121,0,0,1,1746,1747,C
2-PB1,1122,1745,1,0,0,1746,A
2-PB1,1123,1734,0,2,0,1736,A
2-PB1,1124,1,0,1729,0,1730,G
2-PB1,1125,1,0,0,1732,1733,C
2-PB1,1126,1702,0,1,0,1703,A
2-PB1,1127,0,1746,0,2,1748,T
2-PB1,1128,1,1741,0,1,1743,T
2-PB1,1129,0,7,1799,0,1806,G
2-PB1,1130,1819,0,4,0,1823,A
2-PB1,1131,0,0,0,1824,1824,C
2-PB1,1132,2,0,0,1824,1826,C
2-PB1,1133,1,1793,0,3,1797,T
2-PB1,1134,0,5,1825,0,1830,G
2-PB1,1135,1836,0,2,0,1838,A
2-PB1,1136,1833,0,4,0,1837,A
2-PB1,1137,1,0,1863,0,1864,G
2-PB1,1138,0,1812,0,1,1813,T
2-PB1,1139,1825,1,1,0,1827,A
2-PB1,1140,1,1806,0,2,1809,T
2-PB1,1141,0,1809,0,2,1811,T
2-PB1,1142,0,1803,0,0,1803,T
2-PB1,1143,5,1,1,1774,1781,C
2-PB1,1144,1783,0,2,0,1785,A
2-PB1,1145,1785,0,1,0,1786,A
2-PB1,1146,0,1769,0,1,1770,T
2-PB1,1147,1,5,1769,2,1777,G
2-PB1,1148,1763,0,0,0,1763,A
2-PB1,1149,1768,0,0,0,1768,A
2-PB1,1150,0,1769,0,0,1769,T
2-PB1,1151,6,0,0,1770,1776,C
2-PB1,1152,1771,0,1,0,1772,A
2-PB1,1153,1771,1,5,0,1777,A
2-PB1,1154,0,0,1,1774,1775,C
2-PB1,1155,1767,1,2,1,1771,A
2-PB1,1156,1759,1,3,0,1763,A
2-PB1,1157,0,1,1764,0,1765,G
2-PB1,1158,1,3,1770,0,1774,G
2-PB1,1159,1761,0,7,1,1769,A
2-PB1,1160,1758,0,1,0,1759,A
2-PB1,1161,0,3,1759,0,1762,G
2-PB1,1162,1757,0,1,0,1758,A
2-PB1,1163,1757,0,1,0,1758,A
2-PB1,1164,1749,1,4,0,1754,A
2-PB1,1165,1752,0,3,1,1756,A
2-PB1,1166,0,1744,0,0,1744,T
2-PB1,1167,0,1725,0,0,1725,T
2-PB1,1168,0,9,1726,0,1735,G
2-PB1,1169,1724,1,2,0,1727,A
2-PB1,1170,0,3,1732,0,1735,G
2-PB1,1171,1731,0,2,0,1733,A
2-PB1,1172,1742,0,1,0,1743,A
2-PB1,1173,1769,2,0,0,1771,A
2-PB1,1174,1775,0,0,0,1775,A
2-PB1,1175,0,1773,0,2,1775,T
2-PB1,1176,1773,0,2,0,1775,A
2-PB1,1177,1772,0,1,0,1773,A
2-PB1,1178,0,1,1780,0,1781,G
2-PB1,1179,1,2,1774,0,1777,G
2-PB1,1180,0,0,0,1773,1773,C
2-PB1,1181,4,0,0,1755,1759,C
2-PB1,1182,0,1748,0,2,1750,T
2-PB1,1183,3,0,0,1957,1960,C
2-PB1,1184,1,1980,0,1,1982,T
2-PB1,1185,2,1995,0,2,1999,T
2-PB1,1186,3,0,0,2042,2045,C
2-PB1,1187,0,2027,0,2,2029,T
2-PB1,1188,2032,0,2,0,2034,A
2-PB1,1189,2035,0,0,0,2035,A
2-PB1,1190,0,2029,0,0,2029,T
2-PB1,1191,2027,0,1,0,2028,A
2-PB1,1192,1,3,1981,0,1985,G
2-PB1,1193,1807,1,1,0,1809,A
2-PB1,1194,0,1809,0,5,1814,T
2-PB1,1195,0,4,1773,0,1777,G
2-PB1,1196,1,3,1803,0,1807,G
2-PB1,1197,1,1,0,1802,1804,C
2-PB1,1198,1802,1,2,0,1805,A
2-PB1,1199,0,1,0,1806,1807,C
2-PB1,1200,1788,0,4,0,1792,A
2-PB1,1201,3,0,1864,0,1867,G
2-PB1,1202,0,3,0,1862,1865,C
2-PB1,1203,1868,1,0,0,1869,A
2-PB1,1204,0,1925,0,1,1926,T
2-PB1,1205,3,1,0,1904,1908,C
2-PB1,1206,1921,0,0,0,1921,A
2-PB1,1207,1,1908,0,9,1918,T
2-PB1,1208,0,1906,0,2,1908,T
2-PB1,1209,0,7,1898,0,1905,G
2-PB1,1210,1843,0,0,0,1843,A
2-PB1,1211,1,0,1898,0,1899,G
2-PB1,1212,0,0,0,1899,1899,C
2-PB1,1213,3,1,0,1860,1864,C
2-PB1,1214,3,1,1,1885,1890,C
2-PB1,1215,0,1889,0,3,1892,T
2-PB1,1216,1,5,2043,0,2049,G
2-PB1,1217,0,5,2101,0,2106,G
2-PB1,1218,2103,1,1,0,2105,A
2-PB1,1219,2169,0,1,0,2170,A
2-PB1,1220,0,2125,0,2,2127,T
2-PB1,1221,0,6,2201,0,2207,G
2-PB1,1222,2254,0,1,0,2255,A
2-PB1,1223,1,2272,0,0,2273,T
2-PB1,1224,0,2,2283,0,2285,G
2-PB1,1225,2255,1,6,0,2262,A
2-PB1,1226,0,2238,0,2,2240,T
2-PB1,1227,2,6,2231,0,2239,G
2-PB1,1228,1,6,2282,0,2289,G
2-PB1,1229,3,1,2298,0,2302,G
2-PB1,1230,2,4,0,2276,2282,C
2-PB1,1231,2278,0,2,0,2280,A
2-PB1,1232,0,2291,0,0,2291,T
2-PB1,1233,0,4,2373,0,2377,G
2-PB1,1234,0,2370,0,6,2376,T
2-PB1,1235,1,2386,1,1,2389,T
2-PB1,1236,10,2,0,2387,2399,C
2-PB1,1237,2366,1,0,0,2367,A
2-PB1,1238,2374,1,1,0,2376,A
2-PB1,1239,1,0,0,2378,2379,C
2-PB1,1240,2393,0,0,0,2393,A
2-PB1,1241,0,2396,0,1,2397,T
2-PB1,1242,1,1,2430,1,2433,G
2-PB1,1243,0,1,0,2435,2436,C
2-PB1,1244,0,2436,0,1,2437,T
2-PB1,1245,2450,0,1,0,2451,A
2-PB1,1246,2439,1,1,0,2441,A
2-PB1,1247,3,0,2504,0,2507,G
2-PB1,1248,0,2509,0,0,2509,T
2-PB1,1249,2499,0,2,0,2501,A
2-PB1,1250,1,4,0,2515,2520,C
2-PB1,1251,1,4,2506,1,2512,G
2-PB1,1252,0,2,2680,0,2682,G
2-PB1,1253,1,2670,0,1,2672,T
2-PB1,1254,0,2644,0,14,2658,T
2-PB1,1255,0,2668,0,1,2669,T
2-PB1,1256,0,2649,0,0,2649,T
2-PB1,1257,2645,1,2,0,2648,A
2-PB1,1258,2,5,2637,2,2646,G
2-PB1,1259,0,10,2638,0,2648,G
2-PB1,1260,2589,0,5,1,2595,A
2-PB1,1261,0,0,2578,0,2578,G
2-PB1,1262,1,2597,0,1,2599,T
2-PB1,1263,9,0,0,2593,2602,C
2-PB1,1264,0,2605,0,1,2606,T
2-PB1,1265,9,2,0,2594,2605,C
2-PB1,1266,0,9,2600,1,2610,G
2-PB1,1267,2699,0,2,0,2701,A
2-PB1,1268,2,2692,0,1,2695,T
2-PB1,1269,2712,0,3,0,2715,A
2-PB1,1270,0,3,0,2713,2716,C
2-PB1,1271,1,2656,0,3,2660,T
2-PB1,1272,0,10,2657,1,2668,G
2-PB1,1273,2663,0,2,0,2665,A
2-PB1,1274,2713,0,1,0,2714,A
2-PB1,1275,1,2716,0,1,2718,T
2-PB1,1276,6,1,0,2655,2662,C
2-PB1,1277,1,2647,0,2,2650,T
2-PB1,1278,0,2637,0,2,2639,T
2-PB1,1279,0,12,2637,1,2650,G
2-PB1,1280,1,7,2641,0,2649,G
2-PB1,1281,2637,1,6,0,2644,A
2-PB1,1282,1,2,0,2645,2648,C
2-PB1,1283,2613,0,0,0,2613,A
2-PB1,1284,2634,0,3,0,2637,A
2-PB1,1285,2646,0,2,0,2648,A
2-PB1,1286,2652,0,4,1,2657,A
2-PB1,1287,0,4,2715,0,2719,G
2-PB1,1288,2732,1,5,0,2738,A
2-PB1,1289,2724,0,0,0,2724,A
2-PB1,1290,2728,0,5,0,2733,A
2-PB1,1291,0,2735,0,0,2735,T
2-PB1,1292,2740,0,2,1,2743,A
2-PB1,1293,1,2,0,2844,2847,C
2-PB1,1294,2816,1,5,0,2822,A
2-PB1,1295,1,0,0,2837,2838,C
2-PB1,1296,2,0,0,2803,2805,C
2-PB1,1297,2786,0,3,0,2789,A
2-PB1,1298,2826,2,3,0,2831,A
2-PB1,1299,0,10,2923,0,2933,G
2-PB1,1300,2974,0,4,0,2978,A
2-PB1,1301,1,3,0,2999,3003,C
2-PB1,1302,2949,0,2,0,2951,A
2-PB1,1303,3038,1,6,0,3045,A
2-PB1,1304,0,1,0,3061,3062,C
2-PB1,1305,3119,0,3,2,3124,A
2-PB1,1306,0,3132,0,0,3132,T
2-PB1,1307,3098,0,2,0,3100,A
2-PB1,1308,1,0,0,3169,3170,C
2-PB1,1309,0,3076,0,1,3077,T
2-PB1,1310,1,6,3129,3,3139,G
2-PB1,1311,0,1,3137,0,3138,G
2-PB1,1312,0,3051,0,7,3058,T
2-PB1,1313,0,8,3046,0,3054,G
2-PB1,1314,0,6,3015,0,3021,G
2-PB1,1315,2,3,3030,0,3035,G
2-PB1,1316,3031,2,3,0,3036,A
2-PB1,1317,0,2970,1,2,2973,T
2-PB1,1318,2,7,2964,0,2973,G
2-PB1,1319,2,1,2960,0,2963,G
2-PB1,1320,2,1,2972,0,2975,G
2-PB1,1321,0,0,0,3029,3029,C
2-PB1,1322,0,3012,0,3,3015,T
2-PB1,1323,7,2,0,3033,3042,C
2-PB1,1324,7,4,0,3025,3036,C
2-PB1,1325,3035,1,1,2,3039,A
2-PB1,1326,3043,0,1,1,3045,A
2-PB1,1327,0,3028,0,2,3030,T
2-PB1,1328,4,0,4,3002,3010,C
2-PB1,1329,3,0,0,2983,2986,C
2-PB1,1330,0,2948,0,5,2953,T
2-PB1,1331,2,0,0,2953,2955,C
2-PB1,1332,3,4,1,2935,2943,C
2-PB1,1333,1,9,2936,0,2946,G
2-PB1,1334,2945,0,2,0,2947,A
2-PB1,1335,1,1,0,2944,2946,C
2-PB1,1336,2,15,2939,0,2956,G
2-PB1,1337,2982,0,1,0,2983,A
2-PB1,1338,1,2969,0,2,2972,T
2-PB1,1339,1,2967,0,2,2970,T
2-PB1,1340,2,2970,1,1,2974,T
2-PB1,1341,0,2969,0,0,2969,T
2-PB1,1342,4,3,2973,0,2980,G
2-PB1,1343,2,1,0,2999,3002,C
2-PB1,1344,10,0,1,2982,2993,C
2-PB1,1345,3,2,0,3087,3092,C
2-PB1,1346,1,3040,1,3,3045,T
2-PB1,1347,4,1,0,3173,3178,C
2-PB1,1348,3190,1,2,0,3193,A
2-PB1,1349,0,3207,0,2,3209,T
2-PB1,1350,3199,0,4,0,3203,A
2-PB1,1351,1,1,3248,0,3250,G
2-PB1,1352,1,3194,0,6,3201,T
2-PB1,1353,0,12,3227,0,3239,G
2-PB1,1354,3130,0,1,0,3131,A
2-PB1,1355,3129,0,2,0,3131,A
2-PB1,1356,0,3018,0,1,3019,T
2-PB1,1357,2,3,3021,0,3026,G
2-PB1,1358,4,2,0,3039,3045,C
2-PB1,1359,3045,2,0,0,3047,A
2-PB1,1360,3,1,0,3055,3059,C
2-PB1,1361,6,2,0,3016,3024,C
2-PB1,1362,3003,0,0,0,3003,A
2-PB1,1363,2998,0,0,0,2998,A
2-PB1,1364,2989,0,1,0,2990,A
2-PB1,1365,0,2916,0,1,2917,T
2-PB1,1366,17,0,0,3001,3018,C
2-PB1,1367,3019,1,4,0,3024,A
2-PB1,1368,1,3020,0,0,3021,T
2-PB1,1369,0,5,3022,0,3027,G
2-PB1,1370,3025,0,9,1,3035,A
2-PB1,1371,1,8,3054,0,3063,G
2-PB1,1372,0,5,3059,0,3064,G
2-PB1,1373,2,7,3070,1,3080,G
2-PB1,1374,3056,1,6,0,3063,A
2-PB1,1375,3103,0,2,0,3105,A
2-PB1,1376,1,3106,1,2,3110,T
2-PB1,1377,3121,0,1,0,3122,A
2-PB1,1378,0,1,0,3129,3130,C
2-PB1,1379,3123,2,0,0,3125,A
2-PB1,1380,3094,0,6,1,3101,A
2-PB1,1381,0,2,3095,0,3097,G
2-PB1,1382,0,1,0,3074,3075,C
2-PB1,1383,3050,0,3,1,3054,A
2-PB1,1384,2,1,3085,0,3088,G
2-PB1,1385,0,4,3097,0,3101,G
2-PB1,1386,3101,0,4,0,3105,A
2-PB1,1387,0,6,3118,0,3124,G
2-PB1,1388,0,3079,0,0,3079,T
2-PB1,1389,1,4,3122,1,3128,G
2-PB1,1390,45,11,3090,0,3146,G
2-PB1,1391,3132,1,2,0,3135,A
2-PB1,1392,0,3141,0,2,3143,T
2-PB1,1393,3084,0,5,0,3089,A
2-PB1,1394,5,5,3121,0,3131,G
2-PB1,1395,3164,0,2,0,3166,A
2-PB1,1396,1,3158,0,2,3161,T
2-PB1,1397,0,3143,0,1,3144,T
2-PB1,1398,8,0,0,3205,3213,C
2-PB1,1399,0,3185,0,2,3187,T
2-PB1,1400,3191,0,2,0,3193,A
2-PB1,1401,0,0,0,3189,3189,C
2-PB1,1402,3122,0,8,0,3130,A
2-PB1,1403,0,8,3127,0,3135,G
2-PB1,1404,3,10,3064,0,3077,G
2-PB1,1405,3106,0,2,0,3108,A
2-PB1,1406,3,1,0,3105,3109,C
2-PB1,1407,5,1,0,3034,3040,C
2-PB1,1408,1,3000,0,6,3007,T
2-PB1,1409,1,2,3012,0,3015,G
2-PB1,1410,0,0,0,3007,3007,C
2-PB1,1411,3012,0,0,0,3012,A
2-PB1,1412,3022,0,6,0,3028,A
2-PB1,1413,1,0,3046,0,3047,G
2-PB1,1414,1,2987,0,2,2990,T
2-PB1,1415,1,2979,0,3,2983,T
2-PB1,1416,2944,0,1,0,2945,A
2-PB1,1417,3,0,2952,0,2955,G
2-PB1,1418,0,2926,1,3,2930,T
2-PB1,1419,1,6,2915,0,2922,G
2-PB1,1420,0,4,2916,0,2920,G
2-PB1,1421,2,15,2916,0,2933,G
2-PB1,1422,2923,1,3,0,2927,A
2-PB1,1423,2932,1,4,0,2937,A
2-PB1,1424,2,2925,0,2,2929,T
2-PB1,1425,18,1,0,2919,2938,C
2-PB1,1426,2935,0,6,0,2941,A
2-PB1,1427,2938,0,10,0,2948,A
2-PB1,1428,2,0,0,2942,2944,C
2-PB1,1429,2939,0,1,0,2940,A
2-PB1,1430,0,2881,0,0,2881,T
2-PB1,1431,0,24,2865,0,2889,G
2-PB1,1432,2879,1,10,1,2891,A
2-PB1,1433,1,0,2928,0,2929,G
2-PB1,1434,1,1,0,2910,2912,C
2-PB1,1435,2902,0,0,0,2902,A
2-PB1,1436,2900,1,1,0,2902,A
2-PB1,1437,2911,0,1,0,2912,A
2-PB1,1438,2925,0,5,0,2930,A
2-PB1,1439,2930,0,3,0,2933,A
2-PB1,1440,0,5,2921,0,2926,G
2-PB1,1441,2876,0,2,0,2878,A
2-PB1,1442,2857,0,4,0,2861,A
2-PB1,1443,4,1,2971,0,2976,G
2-PB1,1444,0,2969,2,3,2974,T
2-PB1,1445,12,1,0,2961,2974,C
2-PB1,1446,6,2,0,2981,2989,C
2-PB1,1447,2,2968,0,0,2970,T
2-PB1,1448,3016,1,0,0,3017,A
2-PB1,1449,0,3004,0,2,3006,T
2-PB1,1450,3011,0,2,0,3013,A
2-PB1,1451,0,3007,0,5,3012,T
2-PB1,1452,2942,1,0,1,2944,A
2-PB1,1453,2946,0,0,0,2946,A
2-PB1,1454,2949,0,1,0,2950,A
2-PB1,1455,0,2942,0,1,2943,T
2-PB1,1456,2901,0,6,0,2907,A
2-PB1,1457,2896,1,2,1,2900,A
2-PB1,1458,2911,1,1,1,2914,A
2-PB1,1459,2907,1,4,0,2912,A
2-PB1,1460,0,1,0,2912,2913,C
2-PB1,1461,2783,1,1,0,2785,A
2-PB1,1462,0,4,2784,0,2788,G
2-PB1,1463,0,8,2780,0,2788,G
2-PB1,1464,5,11,2776,0,2792,G
2-PB1,1465,2792,0,4,0,2796,A
2-PB1,1466,1,3,0,2810,2814,C
2-PB1,1467,2781,0,4,0,2785,A
2-PB1,1468,0,2801,0,1,2802,T
2-PB1,1469,1,2796,0,1,2798,T
2-PB1,1470,0,2805,1,0,2806,T
2-PB1,1471,1,14,2789,0,2804,G
2-PB1,1472,2778,1,6,0,2785,A
2-PB1,1473,2788,0,2,0,2790,A
2-PB1,1474,0,2782,0,4,2786,T
2-PB1,1475,0,2731,1,2,2734,T
2-PB1,1476,10,2,0,2734,2746,C
2-PB1,1477,2715,0,1,0,2716,A
2-PB1,1478,1,1,0,2713,2715,C
2-PB1,1479,0,2713,0,0,2713,T
2-PB1,1480,2718,0,3,0,2721,A
2-PB1,1481,0,0,2723,0,2723,G
2-PB1,1482,0,1,0,2717,2718,C
2-PB1,1483,0,2675,0,5,2680,T
2-PB1,1484,0,2715,0,1,2716,T
2-PB1,1485,0,2697,0,11,2708,T
2-PB1,1486,1,2700,0,0,2701,T
2-PB1,1487,0,2702,0,2,2704,T
2-PB1,1488,0,2699,0,2,2701,T
2-PB1,1489,0,2693,0,0,2693,T
2-PB1,1490,2677,1,1,0,2679,A
2-PB1,1491,1,2676,0,2,2679,T
2-PB1,1492,6,2,0,2668,2676,C
2-PB1,1493,1,4,2687,0,2692,G
2-PB1,1494,2801,1,0,0,2802,A
2-PB1,1495,0,2810,0,1,2811,T
2-PB1,1496,2804,0,3,0,2807,A
2-PB1,1497,0,2826,0,0,2826,T
2-PB1,1498,1,7,2814,1,2823,G
2-PB1,1499,2,4,2840,0,2846,G
2-PB1,1500,2844,0,2,0,2846,A
2-PB1,1501,0,2831,0,0,2831,T
2-PB1,1502,0,2805,0,1,2806,T
2-PB1,1503,0,2720,0,1,2721,T
2-PB1,1504,1,0,2718,0,2719,G
2-PB1,1505,0,2706,0,0,2706,T
2-PB1,1506,1,5,2697,0,2703,G
2-PB1,1507,1,1,2701,0,2703,G
2-PB1,1508,2,1,0,2676,2679,C
2-PB1,1509,1,2678,0,4,2683,T
2-PB1,1510,2688,0,0,0,2688,A
2-PB1,1511,2707,0,1,0,2708,A
2-PB1,1512,0,2723,0,1,2724,T
2-PB1,1513,1,2723,0,0,2724,T
2-PB1,1514,0,2721,1,1,2723,T
2-PB1,1515,0,2727,0,0,2727,T
2-PB1,1516,2732,0,3,0,2735,A
2-PB1,1517,1,4,2766,0,2771,G
2-PB1,1518,1,0,0,2768,2769,C
2-PB1,1519,2756,0,1,0,2757,A
2-PB1,1520,0,2722,0,0,2722,T
2-PB1,1521,2,7,2682,0,2691,G
2-PB1,1522,0,6,2719,0,2725,G
2-PB1,1523,2711,0,1,0,2712,A
2-PB1,1524,1,1,2723,0,2725,G
2-PB1,1525,2,0,0,2720,2722,C
2-PB1,1526,0,2689,0,2,2691,T
2-PB1,1527,0,0,2714,0,2714,G
2-PB1,1528,2,0,0,2707,2709,C
2-PB1,1529,5,2,0,2693,2700,C
2-PB1,1530,4,1,0,2725,2730,C
2-PB1,1531,2668,0,0,0,2668,A
2-PB1,1532,0,0,2784,0,2784,G
2-PB1,1533,0,2772,0,5,2777,T
2-PB1,1534,0,2782,0,0,2782,T
2-PB1,1535,1,2778,0,0,2779,T
2-PB1,1536,0,2745,0,3,2748,T
2-PB1,1537,1,3,2732,0,2736,G
2-PB1,1538,1,9,2737,0,2747,G
2-PB1,1539,2736,1,5,0,2742,A
2-PB1,1540,3,0,2743,0,2746,G
2-PB1,1541,0,2568,0,1,2569,T
2-PB1,1542,2555,0,8,0,2563,A
2-PB1,1543,0,2621,0,6,2627,T
2-PB1,1544,4,0,0,2625,2629,C
2-PB1,1545,0,2627,0,2,2629,T
2-PB1,1546,2,7,2643,0,2652,G
2-PB1,1547,0,13,2667,0,2680,G
2-PB1,1548,2671,1,0,0,2672,A
2-PB1,1549,2673,0,1,0,2674,A
2-PB1,1550,1,2665,0,0,2666,T
2-PB1,1551,2573,0,1,0,2574,A
2-PB1,1552,2570,1,2,0,2573,A
2-PB1,1553,2565,0,3,1,2569,A
2-PB1,1554,1,0,0,2573,2574,C
2-PB1,1555,1,11,2526,0,2538,G
2-PB1,1556,2509,0,4,0,2513,A
2-PB1,1557,0,1,2514,0,2515,G
2-PB1,1558,1,2505,0,2,2508,T
2-PB1,1559,9,0,1,2516,2526,C
2-PB1,1560,2501,2,4,1,2508,A
2-PB1,1561,0,2,2549,0,2551,G
2-PB1,1562,1,0,0,2554,2555,C
2-PB1,1563,0,2549,0,1,2550,T
2-PB1,1564,0,10,2618,1,2629,G
2-PB1,1565,2611,0,3,0,2614,A
2-PB1,1566,0,2617,0,0,2617,T
2-PB1,1567,2621,1,1,0,2623,A
2-PB1,1568,0,2565,0,3,2568,T
2-PB1,1569,2,11,2572,1,2586,G
2-PB1,1570,2486,0,4,0,2490,A
2-PB1,1571,1,2,2522,0,2525,G
2-PB1,1572,3,0,1,2525,2529,C
2-PB1,1573,2412,0,1,1,2414,A
2-PB1,1574,0,2411,0,1,2412,T
2-PB1,1575,0,2409,0,1,2410,T
2-PB1,1576,3,1,2449,0,2453,G
2-PB1,1577,0,4,2528,0,2532,G
2-PB1,1578,2485,0,4,0,2489,A
2-PB1,1579,1,0,2500,0,2501,G
2-PB1,1580,0,2405,0,1,2406,T
2-PB1,1581,2398,1,1,0,2400,A
2-PB1,1582,2388,0,7,0,2395,A
2-PB1,1583,1,0,0,2413,2414,C
2-PB1,1584,2385,0,2,0,2387,A
2-PB1,1585,0,0,2427,0,2427,G
2-PB1,1586,0,2163,1,1,2165,T
2-PB1,1587,1,9,2172,0,2182,G
2-PB1,1588,2203,1,2,0,2206,A
2-PB1,1589,0,2201,1,1,2203,T
2-PB1,1590,2201,1,0,0,2202,A
2-PB1,1591,2206,0,1,0,2207,A
2-PB1,1592,2147,0,4,0,2151,A
2-PB1,1593,0,14,2165,0,2179,G
2-PB1,1594,2080,1,1,0,2082,A
2-PB1,1595,2078,1,2,0,2081,A
2-PB1,1596,0,1,0,2088,2089,C
2-PB1,1597,2019,0,3,0,2022,A
2-PB1,1598,2037,0,3,0,2040,A
2-PB1,1599,0,4,0,2052,2056,C
2-PB1,1600,2071,0,0,0,2071,A
2-PB1,1601,0,2076,2,1,2079,T
2-PB1,1602,0,10,2042,0,2052,G
2-PB1,1603,2052,0,2,1,2055,A
2-PB1,1604,0,2053,0,2,2055,T
2-PB1,1605,2025,0,1,0,2026,A
2-PB1,1606,2044,0,2,1,2047,A
2-PB1,1607,2020,1,5,0,2026,A
2-PB1,1608,0,1,0,2044,2045,C
2-PB1,1609,1974,1,0,0,1975,A
2-PB1,1610,1971,0,0,0,1971,A
2-PB1,1611,2,1938,0,0,1940,T
2-PB1,1612,2,13,1926,0,1941,G
2-PB1,1613,1962,2,4,0,1968,A
2-PB1,1614,1,0,0,1982,1983,C
2-PB1,1615,3,0,0,1946,1949,C
2-PB1,1616,0,1888,0,1,1889,T
2-PB1,1617,0,1847,0,1,1848,T
2-PB1,1618,1,4,1845,0,1850,G
2-PB1,1619,0,4,1861,0,1865,G
2-PB1,1620,1881,0,5,0,1886,A
2-PB1,1621,3,0,0,1881,1884,C
2-PB1,1622,2,0,0,1839,1841,C
2-PB1,1623,1827,0,1,0,1828,A
2-PB1,1624,1,2,1843,0,1846,G
2-PB1,1625,0,0,0,1843,1843,C
2-PB1,1626,1850,1,0,0,1851,A
2-PB1,1627,1846,0,0,0,1846,A
2-PB1,1628,0,2,0,1835,1837,C
2-PB1,1629,1814,0,2,0,1816,A
2-PB1,1630,0,0,1861,0,1861,G
2-PB1,1631,0,1,0,1854,1855,C
2-PB1,1632,3,0,0,1856,1859,C
2-PB1,1633,5,1,0,1853,1859,C
2-PB1,1634,1860,1,2,0,1863,A
2-PB1,1635,1861,0,1,0,1862,A
2-PB1,1636,1862,0,0,1,1863,A
2-PB1,1637,0,1865,0,0,1865,T
2-PB1,1638,0,3,1857,1,1861,G
2-PB1,1639,0,6,1828,0,1834,G
2-PB1,1640,0,0,0,1832,1832,C
2-PB1,1641,1,1812,0,1,1814,T
2-PB1,1642,4,0,0,1878,1882,C
2-PB1,1643,0,1881,0,2,1883,T
2-PB1,1644,2,0,0,1896,1898,C
2-PB1,1645,4,1,0,1891,1896,C
2-PB1,1646,1896,0,2,0,1898,A
2-PB1,1647,1900,0,1,0,1901,A
2-PB1,1648,0,1894,0,1,1895,T
2-PB1,1649,1,1876,0,0,1877,T
2-PB1,1650,2,0,1885,0,1887,G
2-PB1,1651,0,1840,0,2,1842,T
2-PB1,1652,1,1835,0,3,1839,T
2-PB1,1653,16,5,0,1815,1836,C
2-PB1,1654,1834,0,0,0,1834,A
2-PB1,1655,0,1830,1,3,1834,T
2-PB1,1656,5,1,0,1828,1834,C
2-PB1,1657,1835,0,1,0,1836,A
2-PB1,1658,1836,1,0,0,1837,A
2-PB1,1659,1830,0,5,1,1836,A
2-PB1,1660,0,2,1879,1,1882,G
2-PB1,1661,1879,1,1,1,1882,A
2-PB1,1662,0,1875,0,0,1875,T
2-PB1,1663,0,1876,0,0,1876,T
2-PB1,1664,1886,0,1,0,1887,A
2-PB1,1665,0,2,0,1921,1923,C
2-PB1,1666,1913,0,0,0,1913,A
2-PB1,1667,0,2,1938,0,1940,G
2-PB1,1668,1925,0,2,0,1927,A
2-PB1,1669,0,1954,1,0,1955,T
2-PB1,1670,1954,1,1,0,1956,A
2-PB1,1671,2,0,0,2093,2095,C
2-PB1,1672,2137,0,2,0,2139,A
2-PB1,1673,0,0,0,2293,2293,C
2-PB1,1674,2256,0,2,0,2258,A
2-PB1,1675,0,2272,0,0,2272,T
2-PB1,1676,2255,0,0,0,2255,A
2-PB1,1677,0,2249,0,2,2251,T
2-PB1,1678,2213,0,2,0,2215,A
2-PB1,1679,0,3,2219,0,2222,G
2-PB1,1680,5,1,2227,0,2233,G
2-PB1,1681,0,2140,1,0,2141,T
2-PB1,1682,1,2,2090,0,2093,G
2-PB1,1683,1,0,0,2165,2166,C
2-PB1,1684,3,2,0,2159,2164,C
2-PB1,1685,2194,0,5,0,2199,A
2-PB1,1686,0,2198,0,0,2198,T
2-PB1,1687,2210,0,1,0,2211,A
2-PB1,1688,1,3,2217,0,2221,G
2-PB1,1689,2167,0,4,0,2171,A
2-PB1,1690,0,1,2179,0,2180,G
2-PB1,1691,1,8,2171,0,2180,G
2-PB1,1692,2089,0,3,0,2092,A
2-PB1,1693,0,7,2099,1,2107,G
2-PB1,1694,2082,0,1,0,2083,A
2-PB1,1695,1,3,0,2082,2086,C
2-PB1,1696,2085,1,1,0,2087,A
2-PB1,1697,0,1,0,2123,2124,C
2-PB1,1698,2127,1,1,0,2129,A
2-PB1,1699,0,1,0,2125,2126,C
2-PB1,1700,2108,1,1,0,2110,A
2-PB1,1701,2123,0,1,0,2124,A
2-PB1,1702,2134,0,4,0,2138,A
2-PB1,1703,0,2138,0,0,2138,T
2-PB1,1704,7,2,0,2123,2132,C
2-PB1,1705,6,1,0,2129,2136,C
2-PB1,1706,2102,0,3,0,2105,A
2-PB1,1707,1,6,2108,0,2115,G
2-PB1,1708,2111,1,3,0,2115,A
2-PB1,1709,1,1,0,2127,2129,C
2-PB1,1710,1,13,2104,0,2118,G
2-PB1,1711,2105,0,0,0,2105,A
2-PB1,1712,0,4,2106,0,2110,G
2-PB1,1713,2109,0,1,0,2110,A
2-PB1,1714,2105,1,3,1,2110,A
2-PB1,1715,1,4,2123,0,2128,G
2-PB1,1716,2115,1,7,0,2123,A
2-PB1,1717,0,2113,0,1,2114,T
2-PB1,1718,9,0,0,2112,2121,C
2-PB1,1719,2121,1,1,0,2123,A
2-PB1,1720,0,2123,0,0,2123,T
2-PB1,1721,0,2116,0,0,2116,T
2-PB1,1722,9,3,0,2110,2122,C
2-PB1,1723,1,5,2119,0,2125,G
2-PB1,1724,2105,0,1,0,2106,A
2-PB1,1725,0,2,2107,0,2109,G
2-PB1,1726,2095,0,0,0,2095,A
2-PB1,1727,0,2156,0,0,2156,T
2-PB1,1728,2159,0,1,0,2160,A
2-PB1,1729,2165,0,1,0,2166,A
2-PB1,1730,2167,1,2,0,2170,A
2-PB1,1731,0,6,2175,0,2181,G
2-PB1,1732,2169,0,0,0,2169,A
2-PB1,1733,2149,0,0,0,2149,A
2-PB1,1734,2105,2,1,0,2108,A
2-PB1,1735,1,0,0,2135,2136,C
2-PB1,1736,0,2129,0,0,2129,T
2-PB1,1737,0,0,2147,0,2147,G
2-PB1,1738,1,2125,0,1,2127,T
2-PB1,1739,0,4,2115,0,2119,G
2-PB1,1740,1,4,2114,0,2119,G
2-PB1,1741,1,8,2126,0,2135,G
2-PB1,1742,2143,0,3,0,2146,A
2-PB1,1743,1,2133,0,3,2137,T
2-PB1,1744,7,0,0,2113,2120,C
2-PB1,1745,2120,0,2,0,2122,A
2-PB1,1746,2128,1,2,0,2131,A
2-PB1,1747,2146,0,0,1,2147,A
2-PB1,1748,1,0,1,2131,2133,C
2-PB1,1749,4,1,0,2123,2128,C
2-PB1,1750,5,0,0,2118,2123,C
2-PB1,1751,2112,0,1,1,2114,A
2-PB1,1752,2163,1,1,0,2165,A
2-PB1,1753,0,2161,0,1,2162,T
2-PB1,1754,4,0,0,2159,2163,C
2-PB1,1755,2129,0,1,0,2130,A
2-PB1,1756,2121,0,6,0,2127,A
2-PB1,1757,0,0,2160,0,2160,G
2-PB1,1758,1,4,2147,0,2152,G
2-PB1,1759,2,0,2149,0,2151,G
2-PB1,1760,3,0,0,2151,2154,C
2-PB1,1761,2123,0,3,0,2126,A
2-PB1,1762,2,3,2169,0,2174,G
2-PB1,1763,0,7,2173,1,2181,G
2-PB1,1764,2193,0,2,0,2195,A
2-PB1,1765,0,1,0,2224,2225,C
2-PB1,1766,0,2186,0,0,2186,T
2-PB1,1767,2216,1,3,0,2220,A
2-PB1,1768,0,2215,0,3,2218,T
2-PB1,1769,0,2216,0,0,2216,T
2-PB1,1770,2,3,2209,0,2214,G
2-PB1,1771,0,1,2222,0,2223,G
2-PB1,1772,0,2190,0,1,2191,T
2-PB1,1773,2192,0,1,0,2193,A
2-PB1,1774,0,2166,1,0,2167,T
2-PB1,1775,2,1,0,2164,2167,C
2-PB1,1776,2126,0,1,0,2127,A
2-PB1,1777,0,1,2140,0,2141,G
2-PB1,1778,2134,0,2,0,2136,A
2-PB1,1779,0,2117,0,3,2120,T
2-PB1,1780,3,7,2041,0,2051,G
2-PB1,1781,2,1,2048,1,2052,G
2-PB1,1782,0,2,2044,0,2046,G
2-PB1,1783,0,1,2051,0,2052,G
2-PB1,1784,1,6,2045,0,2052,G
2-PB1,1785,2039,2,2,0,2043,A
2-PB1,1786,0,1,0,2031,2032,C
2-PB1,1787,2,1,0,2026,2029,C
2-PB1,1788,2033,0,0,0,2033,A
2-PB1,1789,2191,0,2,0,2193,A
2-PB1,1790,2196,0,1,0,2197,A
2-PB1,1791,1,1,0,2262,2264,C
2-PB1,1792,1,2248,1,1,2251,T
2-PB1,1793,0,2248,0,0,2248,T
2-PB1,1794,2257,0,3,0,2260,A
2-PB1,1795,1,2260,0,2,2263,T
2-PB1,1796,2264,0,2,0,2266,A
2-PB1,1797,0,1,0,2267,2268,C
2-PB1,1798,2073,0,1,0,2074,A
2-PB1,1799,2079,1,0,1,2081,A
2-PB1,1800,0,2026,0,0,2026,T
2-PB1,1801,2054,0,0,1,2055,A
2-PB1,1802,2,2048,1,0,2051,T
2-PB1,1803,4,0,0,2047,2051,C
2-PB1,1804,0,1,0,2045,2046,C
2-PB1,1805,3,4,2042,0,2049,G
2-PB1,1806,0,9,2046,0,2055,G
2-PB1,1807,2052,0,1,0,2053,A
2-PB1,1808,2067,0,0,0,2067,A
2-PB1,1809,0,2062,0,1,2063,T
2-PB1,1810,2,1,0,2070,2073,C
2-PB1,1811,1,2056,0,1,2058,T
2-PB1,1812,0,2054,1,7,2062,T
2-PB1,1813,2,0,1,2062,2065,C
2-PB1,1814,2061,0,2,0,2063,A
2-PB1,1815,1,1,0,2067,2069,C
2-PB1,1816,2064,0,1,0,2065,A
2-PB1,1817,1,2227,0,1,2229,T
2-PB1,1818,7,0,0,2230,2237,C
2-PB1,1819,12,0,1,2230,2243,C
2-PB1,1820,4,2,0,2244,2250,C
2-PB1,1821,0,2249,0,4,2253,T
2-PB1,1822,2,6,2247,0,2255,G
2-PB1,1823,2253,0,0,0,2253,A
2-PB1,1824,2247,0,0,0,2247,A
2-PB1,1825,0,0,2248,0,2248,G
2-PB1,1826,0,2118,0,1,2119,T
2-PB1,1827,6,20,0,2098,2124,C
2-PB1,1828,0,2087,0,0,2087,T
2-PB1,1829,1,1,2153,0,2155,G
2-PB1,1830,0,0,0,2152,2152,C
2-PB1,1831,1,2148,0,1,2150,T
2-PB1,1832,0,2154,0,0,2154,T
2-PB1,1833,2151,0,0,1,2152,A
2-PB1,1834,2155,0,2,0,2157,A
2-PB1,1835,2160,0,2,0,2162,A
2-PB1,1836,0,0,2185,0,2185,G
2-PB1,1837,0,2152,0,1,2153,T
2-PB1,1838,0,2,2100,0,2102,G
2-PB1,1839,1,2,2086,0,2089,G
2-PB1,1840,0,2,2090,0,2092,G
2-PB1,1841,2094,0,7,0,2101,A
2-PB1,1842,1,2,2098,0,2101,G
2-PB1,1843,1,5,0,2095,2101,C
2-PB1,1844,0,2091,0,2,2093,T
2-PB1,1845,0,3,2092,0,2095,G
2-PB1,1846,2088,0,1,0,2089,A
2-PB1,1847,0,2092,0,1,2093,T
2-PB1,1848,0,6,2093,0,2099,G
2-PB1,1849,0,0,2100,0,2100,G
2-PB1,1850,2097,0,2,1,2100,A
2-PB1,1851,1,2090,0,1,2092,T
2-PB1,1852,0,7,2085,0,2092,G
2-PB1,1853,2078,0,3,0,2081,A
2-PB1,1854,0,7,2108,0,2115,G
2-PB1,1855,2103,0,4,0,2107,A
2-PB1,1856,2108,0,2,0,2110,A
2-PB1,1857,0,2103,0,5,2108,T
2-PB1,1858,0,2095,0,0,2095,T
2-PB1,1859,2096,0,2,0,2098,A
2-PB1,1860,0,2099,1,0,2100,T
2-PB1,1861,3,1,0,2095,2099,C
2-PB1,1862,2,2,2103,0,2107,G
2-PB1,1863,0,2,2077,0,2079,G
2-PB1,1864,0,1,2074,1,2076,G
2-PB1,1865,0,1,2083,0,2084,G
2-PB1,1866,2068,1,2,1,2072,A
2-PB1,1867,2069,1,2,0,2072,A
2-PB1,1868,0,9,2080,0,2089,G
2-PB1,1869,2100,0,0,0,2100,A
2-PB1,1870,0,0,0,2117,2117,C
2-PB1,1871,0,2090,0,4,2094,T
2-PB1,1872,0,2140,1,3,2144,T
2-PB1,1873,0,2139,1,0,2140,T
2-PB1,1874,1,0,2159,0,2160,G
2-PB1,1875,1,2159,0,2,2162,T
2-PB1,1876,2152,0,0,0,2152,A
2-PB1,1877,2144,0,0,0,2144,A
2-PB1,1878,0,2099,0,2,2101,T
2-PB1,1879,6,1,0,2113,2120,C
2-PB1,1880,3,0,0,2114,2117,C
2-PB1,1881,5,0,0,2106,2111,C
2-PB1,1882,1,0,0,2121,2122,C
2-PB1,1883,6,2097,0,2,2105,T
2-PB1,1884,1,10,2104,0,2115,G
2-PB1,1885,2109,0,0,0,2109,A
2-PB1,1886,2130,0,3,0,2133,A
2-PB1,1887,1,2126,0,3,2130,T
2-PB1,1888,4,6,0,2098,2108,C
2-PB1,1889,2,0,0,2083,2085,C
2-PB1,1890,4,1,0,2069,2074,C
2-PB1,1891,0,2054,0,6,2060,T
2-PB1,1892,0,2062,0,1,2063,T
2-PB1,1893,1,2050,0,3,2054,T
2-PB1,1894,1,1,2049,1,2052,G
2-PB1,1895,0,2044,0,1,2045,T
2-PB1,1896,14,1,0,2026,2041,C
2-PB1,1897,2015,0,3,0,2018,A
2-PB1,1898,3,0,2053,0,2056,G
2-PB1,1899,3,0,0,2048,2051,C
2-PB1,1900,4,2,0,2043,2049,C
2-PB1,1901,2053,0,0,0,2053,A
2-PB1,1902,1,2055,0,1,2057,T
2-PB1,1903,2049,1,4,0,2054,A
2-PB1,1904,2055,0,0,0,2055,A
2-PB1,1905,2054,1,2,0,2057,A
2-PB1,1906,0,3,2069,0,2072,G
2-PB1,1907,2011,0,0,0,2011,A
2-PB1,1908,2014,0,0,0,2014,A
2-PB1,1909,2010,0,4,1,2015,A
2-PB1,1910,0,2006,0,0,2006,T
2-PB1,1911,1,2006,0,1,2008,T
2-PB1,1912,0,11,1998,0,2009,G
2-PB1,1913,2006,0,2,0,2008,A
2-PB1,1914,1968,0,1,0,1969,A
2-PB1,1915,0,2032,0,0,2032,T
2-PB1,1916,4,1,0,2049,2054,C
2-PB1,1917,0,2051,0,0,2051,T
2-PB1,1918,1,2,2087,0,2090,G
2-PB1,1919,0,2092,0,1,2093,T
2-PB1,1920,2124,0,1,0,2125,A
2-PB1,1921,2118,0,4,0,2122,A
2-PB1,1922,2123,1,1,0,2125,A
2-PB1,1923,1,0,0,2138,2139,C
2-PB1,1924,2060,0,0,0,2060,A
2-PB1,1925,2115,0,0,0,2115,A
2-PB1,1926,0,2120,0,0,2120,T
2-PB1,1927,0,0,2102,0,2102,G
2-PB1,1928,0,0,0,2117,2117,C
2-PB1,1929,0,2095,0,1,2096,T
2-PB1,1930,1,0,2180,0,2181,G
2-PB1,1931,0,2179,1,0,2180,T
2-PB1,1932,2198,0,2,0,2200,A
2-PB1,1933,1,2,2204,0,2207,G
2-PB1,1934,0,2160,0,0,2160,T
2-PB1,1935,2155,0,0,0,2155,A
2-PB1,1936,2137,0,0,0,2137,A
2-PB1,1937,0,2127,0,0,2127,T
2-PB1,1938,1,0,2126,0,2127,G
2-PB1,1939,1,0,0,2090,2091,C
2-PB1,1940,2,1,0,2051,2054,C
2-PB1,1941,2029,1,3,0,2033,A
2-PB1,1942,0,0,2047,0,2047,G
2-PB1,1943,3,0,0,2103,2106,C
2-PB1,1944,3,2,0,2100,2105,C
2-PB1,1945,2,2,0,2088,2092,C
2-PB1,1946,2088,0,2,0,2090,A
2-PB1,1947,0,2089,0,1,2090,T
2-PB1,1948,2,8,2076,0,2086,G
2-PB1,1949,0,1,2091,1,2093,G
2-PB1,1950,0,2082,0,2,2084,T
2-PB1,1951,7,0,0,2057,2064,C
2-PB1,1952,3,0,0,2007,2010,C
2-PB1,1953,2,3,2033,0,2038,G
2-PB1,1954,0,0,2042,1,2043,G
2-PB1,1955,0,2,0,2025,2027,C
2-PB1,1956,4,0,0,2036,2040,C
2-PB1,1957,2039,0,0,0,2039,A
2-PB1,1958,2054,1,2,0,2057,A
2-PB1,1959,2061,1,0,1,2063,A
2-PB1,1960,2063,0,2,0,2065,A
2-PB1,1961,0,0,2109,0,2109,G
2-PB1,1962,0,2048,0,0,2048,T
2-PB1,1963,2049,1,2,0,2052,A
2-PB1,1964,0,2051,0,0,2051,T
2-PB1,1965,0,5,2050,1,2056,G
2-PB1,1966,0,0,2096,0,2096,G
2-PB1,1967,2068,0,3,0,2071,A
2-PB1,1968,2103,0,2,0,2105,A
2-PB1,1969,0,2096,0,0,2096,T
2-PB1,1970,2066,1,0,0,2067,A
2-PB1,1971,2,2055,0,0,2057,T
2-PB1,1972,0,6,2036,0,2042,G
2-PB1,1973,2044,0,4,0,2048,A
2-PB1,1974,1,2036,0,1,2038,T
2-PB1,1975,1,1,1979,1,1982,G
2-PB1,1976,0,0,3,1971,1974,C
2-PB1,1977,4,3,0,1934,1941,C
2-PB1,1978,1,0,1951,0,1952,G
2-PB1,1979,0,1946,0,1,1947,T
2-PB1,1980,0,1945,0,1,1946,T
2-PB1,1981,1,1,1944,0,1946,G
2-PB1,1982,1,0,0,1956,1957,C
2-PB1,1983,1953,1,2,0,1956,A
2-PB1,1984,1953,0,2,1,1956,A
2-PB1,1985,0,1,0,1951,1952,C
2-PB1,1986,4,1,0,1911,1916,C
2-PB1,1987,1960,0,0,0,1960,A
2-PB1,1988,0,0,0,1962,1962,C
2-PB1,1989,1957,2,1,2,1962,A
2-PB1,1990,1,4,0,1962,1967,C
2-PB1,1991,1935,0,0,0,1935,A
2-PB1,1992,0,0,0,2106,2106,C
2-PB1,1993,0,2057,0,3,2060,T
2-PB1,1994,8,0,1,2058,2067,C
2-PB1,1995,3,0,1,2063,2067,C
2-PB1,1996,0,2049,0,6,2055,T
2-PB1,1997,0,1,2054,1,2056,G
2-PB1,1998,0,4,2047,0,2051,G
2-PB1,1999,2034,0,2,0,2036,A
2-PB1,2000,0,2028,0,2,2030,T
2-PB1,2001,0,1852,0,1,1853,T
2-PB1,2002,5,3,0,1888,1896,C
2-PB1,2003,2,1,0,1875,1878,C
2-PB1,2004,3,0,0,1883,1886,C
2-PB1,2005,1890,1,0,0,1891,A
2-PB1,2006,1881,0,2,1,1884,A
2-PB1,2007,1,4,1882,0,1887,G
2-PB1,2008,1876,0,1,1,1878,A
2-PB1,2009,0,7,1865,0,1872,G
2-PB1,2010,0,7,1866,0,1873,G
2-PB1,2011,1817,0,2,0,1819,A
2-PB1,2012,1815,1,9,1,1826,A
2-PB1,2013,0,3,0,1819,1822,C
2-PB1,2014,2,1,0,1808,1811,C
2-PB1,2015,1,0,1837,0,1838,G
2-PB1,2016,0,0,0,1825,1825,C
2-PB1,2017,1,1816,0,3,1820,T
2-PB1,2018,8,0,0,1824,1832,C
2-PB1,2019,0,1816,4,1,1821,T
2-PB1,2020,1942,0,0,1,1943,A
2-PB1,2021,1,1933,0,9,1943,T
2-PB1,2022,0,1946,0,0,1946,T
2-PB1,2023,2,0,0,1952,1954,C
2-PB1,2024,0,1875,1,2,1878,T
2-PB1,2025,1881,1,1,0,1883,A
2-PB1,2026,1877,0,0,0,1877,A
2-PB1,2027,1887,0,4,0,1891,A
2-PB1,2028,0,2,0,1889,1891,C
2-PB1,2029,1728,0,0,0,1728,A
2-PB1,2030,0,1,0,1725,1726,C
2-PB1,2031,1695,1,1,0,1697,A
2-PB1,2032,1712,0,2,0,1714,A
2-PB1,2033,0,0,1721,0,1721,G
2-PB1,2034,1,2,0,1722,1725,C
2-PB1,2035,4,0,0,1728,1732,C
2-PB1,2036,1711,0,0,1,1712,A
2-PB1,2037,1710,1,2,1,1714,A
2-PB1,2038,1709,0,4,1,1714,A
2-PB1,2039,0,3,1715,1,1719,G
2-PB1,2040,0,1,1720,0,1721,G
2-PB1,2041,3,3,1676,0,1682,G
2-PB1,2042,0,4,1680,0,1684,G
2-PB1,2043,1661,1,4,0,1666,A
2-PB1,2044,1674,1,2,0,1677,A
2-PB1,2045,0,1671,0,1,1672,T
2-PB1,2046,0,1670,0,2,1672,T
2-PB1,2047,4,0,0,1671,1675,C
2-PB1,2048,0,1663,0,2,1665,T
2-PB1,2049,1,1659,0,0,1660,T
2-PB1,2050,0,0,1661,0,1661,G
2-PB1,2051,1659,0,2,1,1662,A
2-PB1,2052,0,2,1667,1,1670,G
2-PB1,2053,1,5,1657,0,1663,G
2-PB1,2054,1662,0,0,0,1662,A
2-PB1,2055,1,1648,0,0,1649,T
2-PB1,2056,0,6,1651,0,1657,G
2-PB1,2057,1653,2,2,1,1658,A
2-PB1,2058,1657,0,1,0,1658,A
2-PB1,2059,1,0,0,1665,1666,C
2-PB1,2060,1650,2,1,0,1653,A
2-PB1,2061,0,2,1670,0,1672,G
2-PB1,2062,1654,0,2,0,1656,A
2-PB1,2063,0,1650,0,1,1651,T
2-PB1,2064,2,0,1662,0,1664,G
2-PB1,2065,0,1683,0,1,1684,T
2-PB1,2066,1683,0,1,0,1684,A
2-PB1,2067,0,0,0,1690,1690,C
2-PB1,2068,3,0,0,1669,1672,C
2-PB1,2069,1659,1,0,1,1661,A
2-PB1,2070,0,3,1638,0,1641,G
2-PB1,2071,1622,0,0,0,1622,A
2-PB1,2072,1619,0,0,0,1619,A
2-PB1,2073,0,2,1622,0,1624,G
2-PB1,2074,1,1532,0,0,1533,T
2-PB1,2075,1,1,1535,0,1537,G
2-PB1,2076,0,3,0,1530,1533,C
2-PB1,2077,1,1523,1,2,1527,T
2-PB1,2078,0,3,1527,0,1530,G
2-PB1,2079,0,0,0,1526,1526,C
2-PB1,2080,1526,0,1,0,1527,A
2-PB1,2081,1529,0,1,0,1530,A
2-PB1,2082,2,0,0,1506,1508,C
2-PB1,2083,0,1506,1,0,1507,T
2-PB1,2084,0,1495,1,0,1496,T
2-PB1,2085,0,0,1492,0,1492,G
2-PB1,2086,0,1480,1,0,1481,T
2-PB1,2087,0,1481,1,0,1482,T
2-PB1,2088,13,1,0,1471,1485,C
2-PB1,2089,0,5,1477,0,1482,G
2-PB1,2090,1482,0,5,0,1487,A
2-PB1,2091,0,4,1481,0,1485,G
2-PB1,2092,1486,0,0,0,1486,A
2-PB1,2093,1489,1,0,0,1490,A
2-PB1,2094,1493,0,0,0,1493,A
2-PB1,2095,0,1489,1,0,1490,T
2-PB1,2096,1,1489,0,1,1491,T
2-PB1,2097,0,1490,0,2,1492,T
2-PB1,2098,0,1494,0,2,1496,T
2-PB1,2099,1,1488,1,0,1490,T
2-PB1,2100,8,0,0,1491,1499,C
2-PB1,2101,4,0,0,1488,1492,C
2-PB1,2102,8,0,0,1485,1493,C
2-PB1,2103,1,1492,0,2,1495,T
2-PB1,2104,1493,0,0,0,1493,A
2-PB1,2105,0,0,1505,0,1505,G
2-PB1,2106,0,1502,0,1,1503,T
2-PB1,2107,1518,0,0,0,1518,A
2-PB1,2108,0,0,1532,0,1532,G
2-PB1,2109,0,1513,0,6,1519,T
2-PB1,2110,1,1557,1,5,1564,T
2-PB1,2111,14,0,0,1564,1578,C
2-PB1,2112,1608,0,0,0,1608,A
2-PB1,2113,0,1607,0,1,1608,T
2-PB1,2114,1600,0,3,0,1603,A
2-PB1,2115,0,1601,0,1,1602,T
2-PB1,2116,1542,0,1,0,1543,A
2-PB1,2117,0,2,1537,0,1539,G
2-PB1,2118,0,4,1528,0,1532,G
2-PB1,2119,1367,0,1,0,1368,A
2-PB1,2120,0,8,1357,0,1365,G
2-PB1,2121,1284,0,1,0,1285,A
2-PB1,2122,1,5,0,1279,1285,C
2-PB1,2123,4,0,0,1226,1230,C
2-PB1,2124,1,3,1228,0,1232,G
2-PB1,2125,1228,0,1,0,1229,A
2-PB1,2126,0,1220,0,0,1220,T
2-PB1,2127,1,1218,0,0,1219,T
2-PB1,2128,1,2,1216,1,1220,G
2-PB1,2129,0,4,1219,0,1223,G
2-PB1,2130,1223,0,0,0,1223,A
2-PB1,2131,1222,0,2,0,1224,A
2-PB1,2132,0,1213,0,1,1214,T
2-PB1,2133,0,1219,0,2,1221,T
2-PB1,2134,1,1220,0,0,1221,T
2-PB1,2135,6,3,0,1211,1220,C
2-PB1,2136,1,1222,0,1,1224,T
2-PB1,2137,1216,0,0,0,1216,A
2-PB1,2138,1,0,1221,0,1222,G
2-PB1,2139,0,0,0,1215,1215,C
2-PB1,2140,1211,0,0,0,1211,A
2-PB1,2141,1,1200,0,0,1201,T
2-PB1,2142,0,0,1192,0,1192,G
2-PB1,2143,0,1,1223,0,1224,G
2-PB1,2144,0,1216,0,2,1218,T
2-PB1,2145,0,1,1219,0,1220,G
2-PB1,2146,0,2,1215,0,1217,G
2-PB1,2147,1205,0,1,0,1206,A
2-PB1,2148,0,1,1208,0,1209,G
2-PB1,2149,0,1,1210,0,1211,G
2-PB1,2150,1,2,0,1202,1205,C
2-PB1,2151,5,0,0,1190,1195,C
2-PB1,2152,1111,2,1,0,1114,A
2-PB1,2153,0,1106,0,2,1108,T
2-PB1,2154,1,1,1113,0,1115,G
2-PB1,2155,0,1,1119,0,1120,G
2-PB1,2156,0,1096,0,2,1098,T
2-PB1,2157,0,0,1113,0,1113,G
2-PB1,2158,0,1091,0,2,1093,T
2-PB1,2159,5,1,0,1079,1085,C
2-PB1,2160,0,1085,0,0,1085,T
2-PB1,2161,1075,0,0,0,1075,A
2-PB1,2162,0,1,1069,0,1070,G
2-PB1,2163,0,1,1041,0,1042,G
2-PB1,2164,0,0,1033,0,1033,G
2-PB1,2165,0,0,1,1009,1010,C
2-PB1,2166,2,2,0,958,962,C
2-PB1,2167,2,1,0,946,949,C
2-PB1,2168,1,0,947,0,948,G
2-PB1,2169,0,1,949,0,950,G
2-PB1,2170,947,0,0,0,947,A
2-PB1,2171,0,944,0,0,944,T
2-PB1,2172,0,912,0,0,912,T
2-PB1,2173,1,0,896,0,897,G
2-PB1,2174,895,0,0,0,895,A
2-PB1,2175,0,900,0,0,900,T
2-PB1,2176,0,0,900,0,900,G
2-PB1,2177,0,1,0,893,894,C
2-PB1,2178,2,0,0,890,892,C
2-PB1,2179,882,0,2,0,884,A
2-PB1,2180,0,1,882,0,883,G
2-PB1,2181,886,0,0,0,886,A
2-PB1,2182,889,0,0,0,889,A
2-PB1,2183,0,880,0,1,881,T
2-PB1,2184,0,862,0,0,862,T
2-PB1,2185,0,7,857,0,864,G
2-PB1,2186,858,0,1,0,859,A
2-PB1,2187,0,1,0,858,859,C
2-PB1,2188,0,851,0,1,852,T
2-PB1,2189,0,845,0,0,845,T
2-PB1,2190,1,0,1,842,844,C
2-PB1,2191,0,4,841,0,845,G
2-PB1,2192,846,1,0,0,847,A
2-PB1,2193,0,0,834,0,834,G
2-PB1,2194,1,834,1,1,837,T
2-PB1,2195,8,0,0,834,842,C
2-PB1,2196,0,840,0,2,842,T
2-PB1,2197,0,1,840,0,841,G
2-PB1,2198,0,1,841,0,842,G
2-PB1,2199,844,0,0,0,844,A
2-PB1,2200,780,0,1,0,781,A
2-PB1,2201,0,0,790,0,790,G
2-PB1,2202,0,1,793,0,794,G
2-PB1,2203,794,0,0,0,794,A
2-PB1,2204,0,786,0,0,786,T
2-PB1,2205,1,783,0,1,785,T
2-PB1,2206,782,0,0,0,782,A
2-PB1,2207,780,0,1,0,781,A
2-PB1,2208,0,0,783,0,783,G
2-PB1,2209,780,0,1,0,781,A
2-PB1,2210,746,0,1,1,748,A
2-PB1,2211,1,1,691,0,693,G
2-PB1,2212,0,0,683,0,683,G
2-PB1,2213,684,0,2,0,686,A
2-PB1,2214,683,0,0,0,683,A
2-PB1,2215,0,1,684,0,685,G
2-PB1,2216,638,0,4,0,642,A
2-PB1,2217,0,0,645,0,645,G
2-PB1,2218,0,620,0,1,621,T
2-PB1,2219,0,613,0,0,613,T
2-PB1,2220,1,2,0,618,621,C
2-PB1,2221,0,597,0,2,599,T
2-PB1,2222,2,4,0,593,599,C
2-PB1,2223,0,594,0,1,595,T
2-PB1,2224,1,1,593,0,595,G
2-PB1,2225,581,0,0,0,581,A
2-PB1,2226,0,1,574,0,575,G
2-PB1,2227,566,1,1,0,568,A
2-PB1,2228,0,555,0,0,555,T
2-PB1,2229,1,1,0,528,530,C
2-PB1,2230,534,0,0,0,534,A
2-PB1,2231,1,530,0,1,532,T
2-PB1,2232,0,1,531,0,532,G
2-PB1,2233,527,0,2,0,529,A
2-PB1,2234,525,0,0,0,525,A
2-PB1,2235,0,0,517,0,517,G
2-PB1,2236,507,1,0,0,508,A
2-PB1,2237,0,507,0,0,507,T
2-PB1,2238,2,0,0,496,498,C
2-PB1,2239,0,475,0,0,475,T
2-PB1,2240,0,0,476,0,476,G
2-PB1,2241,0,475,0,1,476,T
2-PB1,2242,3,469,0,1,473,T
2-PB1,2243,0,0,0,475,475,C
2-PB1,2244,2,1,1,443,447,C
2-PB1,2245,445,1,0,0,446,A
2-PB1,2246,2,0,0,445,447,C
2-PB1,2247,1,0,0,417,418,C
2-PB1,2248,412,0,0,0,412,A
2-PB1,2249,0,392,0,1,393,T
2-PB1,2250,0,381,0,0,381,T
2-PB1,2251,0,0,381,0,381,G
2-PB1,2252,379,0,1,0,380,A
2-PB1,2253,376,0,1,0,377,A
2-PB1,2254,1,1,373,0,375,G
2-PB1,2255,336,0,0,0,336,A
2-PB1,2256,335,0,0,0,335,A
2-PB1,2257,0,0,0,331,331,C
2-PB1,2258,0,305,0,1,306,T
2-PB1,2259,2,0,0,304,306,C
2-PB1,2260,298,0,0,0,298,A
2-PB1,2261,1,1,295,0,297,G
2-PB1,2262,296,0,0,0,296,A
2-PB1,2263,0,0,0,281,281,C
2-PB1,2264,0,0,277,0,277,G
2-PB1,2265,0,0,273,0,273,G
2-PB1,2266,0,1,0,274,275,C
2-PB1,2267,275,0,0,0,275,A
2-PB1,2268,274,0,0,0,274,A
2-PB1,2269,273,0,0,0,273,A
2-PB1,2270,273,0,0,0,273,A
2-PB1,2271,270,0,1,0,271,A
2-PB1,2272,0,268,0,0,268,T
2-PB1,2273,258,0,0,0,258,A
2-PB1,2274,258,0,0,0,258,A
3-PA,1,84,0,0,0,84,A
3-PA,2,0,85,0,0,85,T
3-PA,3,0,0,91,0,91,G
3-PA,4,0,0,93,0,93,G
3-PA,5,93,0,0,0,93,A
3-PA,6,93,0,0,0,93,A
3-PA,7,0,0,95,0,95,G
3-PA,8,98,0,0,0,98,A
3-PA,9,0,98,0,0,98,T
3-PA,10,0,98,0,0,98,T
3-PA,11,0,99,0,0,99,T
3-PA,12,0,99,0,0,99,T
3-PA,13,0,0,99,0,99,G
3-PA,14,0,99,0,0,99,T
3-PA,15,0,0,100,0,100,G
3-PA,16,0,0,0,101,101,C
3-PA,17,0,0,101,0,101,G
3-PA,18,113,0,0,0,113,A
3-PA,19,0,0,0,114,114,C
3-PA,20,114,0,0,0,114,A
3-PA,21,114,0,0,0,114,A
3-PA,22,0,118,0,0,118,T
3-PA,23,0,0,138,0,138,G
3-PA,24,0,0,0,140,140,C
3-PA,25,0,138,0,1,139,T
3-PA,26,0,139,0,0,139,T
3-PA,27,0,0,0,141,141,C
3-PA,28,144,0,0,0,144,A
3-PA,29,146,0,0,0,146,A
3-PA,30,0,0,0,153,153,C
3-PA,31,0,0,0,153,153,C
3-PA,32,0,1,0,151,152,C
3-PA,33,0,0,157,0,157,G
3-PA,34,159,0,0,0,159,A
3-PA,35,0,160,0,0,160,T
3-PA,36,0,0,160,0,160,G
3-PA,37,162,0,0,0,162,A
3-PA,38,0,163,0,0,163,T
3-PA,39,0,163,0,0,163,T
3-PA,40,0,0,166,0,166,G
3-PA,41,0,165,0,0,165,T
3-PA,42,0,0,0,165,165,C
3-PA,43,0,1,164,0,165,G
3-PA,44,165,0,1,1,167,A
3-PA,45,167,0,0,0,167,A
3-PA,46,0,0,0,166,166,C
3-PA,47,0,166,0,0,166,T
3-PA,48,0,167,0,0,167,T
3-PA,49,0,0,166,0,166,G
3-PA,50,0,0,0,170,170,C
3-PA,51,170,0,0,0,170,A
3-PA,52,0,2,169,0,171,G
3-PA,53,171,0,0,0,171,A
3-PA,54,170,0,0,0,170,A
3-PA,55,172,0,0,0,172,A
3-PA,56,171,0,0,0,171,A
3-PA,57,171,0,2,0,173,A
3-PA,58,0,0,178,0,178,G
3-PA,59,1,0,0,185,186,C
3-PA,60,187,0,0,0,187,A
3-PA,61,196,0,0,0,196,A
3-PA,62,0,196,0,0,196,T
3-PA,63,0,1,198,0,199,G
3-PA,64,201,0,0,0,201,A
3-PA,65,196,0,1,0,197,A
3-PA,66,200,0,0,0,200,A
3-PA,67,0,0,211,0,211,G
3-PA,68,224,0,0,0,224,A
3-PA,69,0,0,264,0,264,G
3-PA,70,0,264,0,0,264,T
3-PA,71,264,0,0,0,264,A
3-PA,72,1,264,0,0,265,T
3-PA,73,0,0,267,0,267,G
3-PA,74,0,2,268,0,270,G
3-PA,75,0,0,270,0,270,G
3-PA,76,0,3,267,0,270,G
3-PA,77,266,0,1,0,267,A
3-PA,78,0,0,266,0,266,G
3-PA,79,1,2,265,0,268,G
3-PA,80,268,0,1,0,269,A
3-PA,81,0,272,0,0,272,T
3-PA,82,1,0,0,273,274,C
3-PA,83,0,273,0,0,273,T
3-PA,84,0,1,274,0,275,G
3-PA,85,275,0,0,0,275,A
3-PA,86,274,0,0,0,274,A
3-PA,87,276,0,0,0,276,A
3-PA,88,274,0,0,0,274,A
3-PA,89,0,276,0,0,276,T
3-PA,90,0,275,0,0,275,T
3-PA,91,0,1,275,0,276,G
3-PA,92,274,0,0,0,274,A
3-PA,93,274,0,2,0,276,A
3-PA,94,273,0,1,0,274,A
3-PA,95,0,0,0,280,280,C
3-PA,96,281,0,0,0,281,A
3-PA,97,284,0,0,0,284,A
3-PA,98,284,0,0,0,284,A
3-PA,99,0,0,0,285,285,C
3-PA,100,285,0,0,0,285,A
3-PA,101,291,0,0,0,291,A
3-PA,102,289,1,0,0,290,A
3-PA,103,0,289,0,0,289,T
3-PA,104,0,294,0,0,294,T
3-PA,105,0,295,0,0,295,T
3-PA,106,0,0,295,0,295,G
3-PA,107,0,0,0,296,296,C
3-PA,108,296,0,0,0,296,A
3-PA,109,0,0,305,0,305,G
3-PA,110,0,0,0,307,307,C
3-PA,111,326,0,1,0,327,A
3-PA,112,331,0,0,0,331,A
3-PA,113,0,335,0,0,335,T
3-PA,114,347,0,0,0,347,A
3-PA,115,0,350,0,0,350,T
3-PA,116,0,0,350,1,351,G
3-PA,117,0,1,0,354,355,C
3-PA,118,350,0,1,0,351,A
3-PA,119,0,0,0,361,361,C
3-PA,120,0,355,0,0,355,T
3-PA,121,0,0,0,412,412,C
3-PA,122,420,0,0,0,420,A
3-PA,123,0,0,0,430,430,C
3-PA,124,0,430,0,0,430,T
3-PA,125,0,427,0,0,427,T
3-PA,126,0,0,427,0,427,G
3-PA,127,0,4,423,0,427,G
3-PA,128,425,0,0,0,425,A
3-PA,129,0,2,428,0,430,G
3-PA,130,0,0,428,0,428,G
3-PA,131,0,412,0,2,414,T
3-PA,132,0,1,432,0,433,G
3-PA,133,0,435,0,0,435,T
3-PA,134,0,0,444,0,444,G
3-PA,135,0,444,0,0,444,T
3-PA,136,0,444,0,0,444,T
3-PA,137,0,446,0,1,447,T
3-PA,138,5,0,0,451,456,C
3-PA,139,457,0,0,0,457,A
3-PA,140,0,458,0,1,459,T
3-PA,141,0,0,476,0,476,G
3-PA,142,0,474,0,0,474,T
3-PA,143,474,0,0,0,474,A
3-PA,144,0,475,0,0,475,T
3-PA,145,0,475,0,0,475,T
3-PA,146,4,0,0,472,476,C
3-PA,147,472,0,0,0,472,A
3-PA,148,0,2,473,0,475,G
3-PA,149,476,0,0,0,476,A
3-PA,150,0,477,0,0,477,T
3-PA,151,0,476,0,0,476,T
3-PA,152,1,476,0,0,477,T
3-PA,153,1,1,0,473,475,C
3-PA,154,1,0,0,493,494,C
3-PA,155,494,1,0,0,495,A
3-PA,156,0,494,0,0,494,T
3-PA,157,0,493,0,0,493,T
3-PA,158,0,495,0,0,495,T
3-PA,159,0,0,0,493,493,C
3-PA,160,489,0,7,0,496,A
3-PA,161,0,508,0,1,509,T
3-PA,162,1,0,0,505,506,C
3-PA,163,509,0,0,0,509,A
3-PA,164,509,0,0,0,509,A
3-PA,165,0,506,0,0,506,T
3-PA,166,0,7,518,0,525,G
3-PA,167,526,0,0,0,526,A
3-PA,168,526,1,0,0,527,A
3-PA,169,0,0,0,527,527,C
3-PA,170,518,0,1,0,519,A
3-PA,171,529,0,1,0,530,A
3-PA,172,0,2,536,0,538,G
3-PA,173,1,0,535,0,536,G
3-PA,174,0,0,0,538,538,C
3-PA,175,0,2,528,0,530,G
3-PA,176,561,0,1,0,562,A
3-PA,177,563,0,0,0,563,A
3-PA,178,0,562,1,0,563,T
3-PA,179,1,0,0,570,571,C
3-PA,180,569,0,0,0,569,A
3-PA,181,567,0,2,0,569,A
3-PA,182,0,572,1,0,573,T
3-PA,183,572,0,0,0,572,A
3-PA,184,0,1,589,0,590,G
3-PA,185,0,588,1,0,589,T
3-PA,186,0,1,590,0,591,G
3-PA,187,0,0,592,0,592,G
3-PA,188,0,591,1,0,592,T
3-PA,189,589,0,0,0,589,A
3-PA,190,0,4,592,0,596,G
3-PA,191,596,0,0,0,596,A
3-PA,192,596,0,0,0,596,A
3-PA,193,0,0,0,592,592,C
3-PA,194,0,585,0,0,585,T
3-PA,195,1,584,0,0,585,T
3-PA,196,0,3,582,0,585,G
3-PA,197,584,0,0,0,584,A
3-PA,198,0,1,0,584,585,C
3-PA,199,0,4,572,0,576,G
3-PA,200,584,0,0,0,584,A
3-PA,201,1,587,0,1,589,T
3-PA,202,2,0,0,593,595,C
3-PA,203,0,1,0,601,602,C
3-PA,204,604,0,0,0,604,A
3-PA,205,605,0,1,0,606,A
3-PA,206,608,0,1,0,609,A
3-PA,207,0,611,0,0,611,T
3-PA,208,0,0,614,0,614,G
3-PA,209,0,1,0,608,609,C
3-PA,210,603,0,0,0,603,A
3-PA,211,0,1,0,613,614,C
3-PA,212,0,614,0,0,614,T
3-PA,213,0,0,699,0,699,G
3-PA,214,0,699,0,0,699,T
3-PA,215,0,703,0,0,703,T
3-PA,216,698,1,3,0,702,A
3-PA,217,699,0,1,0,700,A
3-PA,218,699,0,1,0,700,A
3-PA,219,2,1,698,0,701,G
3-PA,220,0,1,0,694,695,C
3-PA,221,685,1,1,0,687,A
3-PA,222,0,1,0,686,687,C
3-PA,223,646,0,0,1,647,A
3-PA,224,0,2,670,0,672,G
3-PA,225,670,0,1,0,671,A
3-PA,226,0,669,0,0,669,T
3-PA,227,0,670,0,0,670,T
3-PA,228,0,666,0,0,666,T
3-PA,229,0,2,668,0,670,G
3-PA,230,676,0,1,0,677,A
3-PA,231,677,0,0,0,677,A
3-PA,232,676,0,0,1,677,A
3-PA,233,0,670,0,0,670,T
3-PA,234,666,0,0,0,666,A
3-PA,235,673,0,0,0,673,A
3-PA,236,0,671,0,0,671,T
3-PA,237,5,0,0,671,676,C
3-PA,238,1,1,669,0,671,G
3-PA,239,668,0,0,0,668,A
3-PA,240,0,0,670,0,670,G
3-PA,241,0,1,679,0,680,G
3-PA,242,0,1,682,0,683,G
3-PA,243,0,0,683,0,683,G
3-PA,244,674,0,1,0,675,A
3-PA,245,0,1,680,0,681,G
3-PA,246,696,0,0,0,696,A
3-PA,247,0,1,696,0,697,G
3-PA,248,696,0,1,1,698,A
3-PA,249,1,0,0,699,700,C
3-PA,250,690,0,1,0,691,A
3-PA,251,0,1,702,0,703,G
3-PA,252,701,0,1,0,702,A
3-PA,253,711,0,1,0,712,A
3-PA,254,1,0,0,710,711,C
3-PA,255,692,0,0,0,692,A
3-PA,256,693,0,0,0,693,A
3-PA,257,0,693,0,0,693,T
3-PA,258,0,0,716,0,716,G
3-PA,259,0,0,712,0,712,G
3-PA,260,0,0,0,710,710,C
3-PA,261,1,0,0,708,709,C
3-PA,262,0,704,0,0,704,T
3-PA,263,1,0,714,0,715,G
3-PA,264,0,1,715,0,716,G
3-PA,265,715,0,0,0,715,A
3-PA,266,0,0,0,720,720,C
3-PA,267,686,0,0,0,686,A
3-PA,268,0,0,782,0,782,G
3-PA,269,0,784,0,0,784,T
3-PA,270,794,1,0,0,795,A
3-PA,271,1,0,796,0,797,G
3-PA,272,1,784,0,0,785,T
3-PA,273,789,0,1,0,790,A
3-PA,274,787,0,2,0,789,A
3-PA,275,792,0,2,0,794,A
3-PA,276,1,1,0,800,802,C
3-PA,277,745,0,0,0,745,A
3-PA,278,0,1,763,0,764,G
3-PA,279,0,752,0,0,752,T
3-PA,280,759,0,1,0,760,A
3-PA,281,1,759,0,0,760,T
3-PA,282,0,0,0,775,775,C
3-PA,283,1,771,1,2,775,T
3-PA,284,0,1,773,0,774,G
3-PA,285,1,0,0,769,770,C
3-PA,286,760,0,1,0,761,A
3-PA,287,749,0,3,0,752,A
3-PA,288,0,0,0,757,757,C
3-PA,289,747,1,0,0,748,A
3-PA,290,0,1,0,781,782,C
3-PA,291,0,772,0,2,774,T
3-PA,292,775,0,0,0,775,A
3-PA,293,1,1,0,773,775,C
3-PA,294,0,765,0,2,767,T
3-PA,295,1,1,767,0,769,G
3-PA,296,0,3,761,0,764,G
3-PA,297,759,0,3,0,762,A
3-PA,298,0,0,763,0,763,G
3-PA,299,0,1,0,744,745,C
3-PA,300,0,736,0,1,737,T
3-PA,301,2,1,734,1,738,G
3-PA,302,0,2,737,0,739,G
3-PA,303,739,0,0,0,739,A
3-PA,304,742,0,0,0,742,A
3-PA,305,739,0,0,1,740,A
3-PA,306,743,0,0,0,743,A
3-PA,307,0,0,0,745,745,C
3-PA,308,2,0,0,742,744,C
3-PA,309,1,1,741,0,743,G
3-PA,310,740,0,0,1,741,A
3-PA,311,742,0,0,1,743,A
3-PA,312,0,0,749,0,749,G
3-PA,313,0,751,0,0,751,T
3-PA,314,1,746,0,1,748,T
3-PA,315,0,747,0,1,748,T
3-PA,316,0,0,1,758,759,C
3-PA,317,0,763,0,1,764,T
3-PA,318,765,0,0,0,765,A
3-PA,319,1,0,0,762,763,C
3-PA,320,0,0,0,761,761,C
3-PA,321,757,0,0,0,757,A
3-PA,322,0,3,755,0,758,G
3-PA,323,757,0,0,0,757,A
3-PA,324,0,0,0,743,743,C
3-PA,325,0,772,0,2,774,T
3-PA,326,0,776,0,0,776,T
3-PA,327,0,1,785,1,787,G
3-PA,328,0,787,0,1,788,T
3-PA,329,787,0,0,0,787,A
3-PA,330,0,790,0,0,790,T
3-PA,331,0,2,781,0,783,G
3-PA,332,812,0,0,0,812,A
3-PA,333,1,799,0,1,801,T
3-PA,334,1,804,0,0,805,T
3-PA,335,802,0,0,0,802,A
3-PA,336,0,0,0,800,800,C
3-PA,337,805,0,0,0,805,A
3-PA,338,802,1,1,0,804,A
3-PA,339,1,0,809,0,810,G
3-PA,340,0,0,823,0,823,G
3-PA,341,793,1,0,0,794,A
3-PA,342,0,2,804,0,806,G
3-PA,343,803,0,2,0,805,A
3-PA,344,801,0,2,0,803,A
3-PA,345,0,1,0,803,804,C
3-PA,346,791,0,1,0,792,A
3-PA,347,1,3,793,0,797,G
3-PA,348,793,0,0,0,793,A
3-PA,349,1,784,0,0,785,T
3-PA,350,0,785,0,0,785,T
3-PA,351,6,0,0,765,771,C
3-PA,352,2,0,770,0,772,G
3-PA,353,1,770,0,1,772,T
3-PA,354,0,0,0,775,775,C
3-PA,355,0,1,773,0,774,G
3-PA,356,786,0,0,0,786,A
3-PA,357,783,0,1,0,784,A
3-PA,358,786,0,0,0,786,A
3-PA,359,0,786,0,0,786,T
3-PA,360,0,779,0,0,779,T
3-PA,361,0,0,781,0,781,G
3-PA,362,0,2,781,0,783,G
3-PA,363,0,3,782,0,785,G
3-PA,364,0,0,791,0,791,G
3-PA,365,0,781,0,2,783,T
3-PA,366,1,7,778,0,786,G
3-PA,367,788,0,0,0,788,A
3-PA,368,0,0,0,791,791,C
3-PA,369,792,0,2,0,794,A
3-PA,370,793,0,0,0,793,A
3-PA,371,0,0,810,0,810,G
3-PA,372,1,2,810,0,813,G
3-PA,373,804,1,1,0,806,A
3-PA,374,0,2,802,0,804,G
3-PA,375,792,0,0,0,792,A
3-PA,376,0,1,798,0,799,G
3-PA,377,787,0,0,0,787,A
3-PA,378,792,0,1,0,793,A
3-PA,379,1,0,818,0,819,G
3-PA,380,1,795,0,0,796,T
3-PA,381,2,1,0,802,805,C
3-PA,382,2,1,0,802,805,C
3-PA,383,812,0,0,0,812,A
3-PA,384,0,0,0,833,833,C
3-PA,385,855,0,0,0,855,A
3-PA,386,0,870,1,0,871,T
3-PA,387,884,0,0,0,884,A
3-PA,388,0,854,0,0,854,T
3-PA,389,850,0,0,0,850,A
3-PA,390,0,838,0,1,839,T
3-PA,391,0,835,0,0,835,T
3-PA,392,849,0,0,0,849,A
3-PA,393,0,0,0,840,840,C
3-PA,394,0,0,0,796,796,C
3-PA,395,0,790,0,2,792,T
3-PA,396,0,781,0,0,781,T
3-PA,397,0,2,785,0,787,G
3-PA,398,785,0,0,0,785,A
3-PA,399,785,0,1,0,786,A
3-PA,400,786,0,1,0,787,A
3-PA,401,756,0,1,0,757,A
3-PA,402,0,2,763,0,765,G
3-PA,403,0,0,766,0,766,G
3-PA,404,0,0,0,768,768,C
3-PA,405,1,0,0,768,769,C
3-PA,406,765,0,0,0,765,A
3-PA,407,767,0,0,0,767,A
3-PA,408,0,768,0,1,769,T
3-PA,409,767,1,1,0,769,A
3-PA,410,771,0,0,0,771,A
3-PA,411,0,3,780,0,783,G
3-PA,412,776,0,0,0,776,A
3-PA,413,0,774,0,0,774,T
3-PA,414,0,769,0,3,772,T
3-PA,415,772,0,0,0,772,A
3-PA,416,770,0,0,0,770,A
3-PA,417,775,0,0,0,775,A
3-PA,418,0,778,0,0,778,T
3-PA,419,1,0,0,779,780,C
3-PA,420,0,752,0,0,752,T
3-PA,421,0,3,762,0,765,G
3-PA,422,763,0,1,0,764,A
3-PA,423,0,5,772,0,777,G
3-PA,424,779,0,0,0,779,A
3-PA,425,777,0,0,0,777,A
3-PA,426,0,1,0,774,775,C
3-PA,427,774,0,0,0,774,A
3-PA,428,0,0,0,783,783,C
3-PA,429,779,0,2,0,781,A
3-PA,430,0,0,0,790,790,C
3-PA,431,780,1,1,0,782,A
3-PA,432,0,1,0,814,815,C
3-PA,433,804,0,0,0,804,A
3-PA,434,1,803,0,0,804,T
3-PA,435,0,801,0,1,802,T
3-PA,436,8,1,0,795,804,C
3-PA,437,801,0,0,0,801,A
3-PA,438,0,0,0,809,809,C
3-PA,439,802,0,0,0,802,A
3-PA,440,0,802,0,1,803,T
3-PA,441,0,775,0,0,775,T
3-PA,442,0,774,0,1,775,T
3-PA,443,0,772,0,0,772,T
3-PA,444,5,0,0,777,782,C
3-PA,445,0,775,0,0,775,T
3-PA,446,3,1,0,775,779,C
3-PA,447,773,1,0,0,774,A
3-PA,448,0,768,0,2,770,T
3-PA,449,0,774,0,0,774,T
3-PA,450,3,2,0,768,773,C
3-PA,451,770,0,0,0,770,A
3-PA,452,1,0,0,770,771,C
3-PA,453,0,763,0,0,763,T
3-PA,454,0,2,780,0,782,G
3-PA,455,0,1,782,0,783,G
3-PA,456,0,1,781,1,783,G
3-PA,457,0,1,782,0,783,G
3-PA,458,780,0,0,0,780,A
3-PA,459,0,2,785,0,787,G
3-PA,460,0,0,789,0,789,G
3-PA,461,785,0,1,0,786,A
3-PA,462,786,0,1,0,787,A
3-PA,463,776,0,1,0,777,A
3-PA,464,1,770,0,1,772,T
3-PA,465,0,2,769,0,771,G
3-PA,466,2,1,769,0,772,G
3-PA,467,1,0,0,774,775,C
3-PA,468,1,0,0,768,769,C
3-PA,469,768,0,0,0,768,A
3-PA,470,0,0,0,770,770,C
3-PA,471,768,0,0,0,768,A
3-PA,472,772,1,0,0,773,A
3-PA,473,772,0,1,0,773,A
3-PA,474,0,1,776,0,777,G
3-PA,475,0,1,778,0,779,G
3-PA,476,1,0,0,779,780,C
3-PA,477,782,0,2,0,784,A
3-PA,478,0,2,795,0,797,G
3-PA,479,791,0,5,0,796,A
3-PA,480,0,1,0,809,810,C
3-PA,481,1,806,0,0,807,T
3-PA,482,813,0,0,0,813,A
3-PA,483,1,0,0,810,811,C
3-PA,484,805,0,0,0,805,A
3-PA,485,0,0,0,810,810,C
3-PA,486,0,779,0,0,779,T
3-PA,487,7,0,0,775,782,C
3-PA,488,0,777,0,1,778,T
3-PA,489,5,0,0,760,765,C
3-PA,490,0,3,762,0,765,G
3-PA,491,760,0,2,0,762,A
3-PA,492,0,1,0,761,762,C
3-PA,493,0,1,761,0,762,G
3-PA,494,763,0,0,0,763,A
3-PA,495,0,2,764,0,766,G
3-PA,496,0,1,763,0,764,G
3-PA,497,759,0,1,0,760,A
3-PA,498,759,0,1,0,760,A
3-PA,499,756,1,0,1,758,A
3-PA,500,1,0,760,0,761,G
3-PA,501,1,0,0,758,759,C
3-PA,502,751,0,2,0,753,A
3-PA,503,0,1,766,0,767,G
3-PA,504,0,2,761,0,763,G
3-PA,505,0,0,767,0,767,G
3-PA,506,0,0,0,771,771,C
3-PA,507,0,764,0,1,765,T
3-PA,508,764,0,1,0,765,A
3-PA,509,2,1,777,0,780,G
3-PA,510,0,1,820,0,821,G
3-PA,511,824,1,0,0,825,A
3-PA,512,0,809,0,0,809,T
3-PA,513,0,796,0,0,796,T
3-PA,514,796,0,1,0,797,A
3-PA,515,805,0,1,0,806,A
3-PA,516,0,2,808,0,810,G
3-PA,517,806,0,0,0,806,A
3-PA,518,0,0,0,805,805,C
3-PA,519,1,1,0,755,757,C
3-PA,520,749,0,1,0,750,A
3-PA,521,0,1,759,0,760,G
3-PA,522,0,0,765,0,765,G
3-PA,523,0,0,1,771,772,C
3-PA,524,0,758,0,2,760,T
3-PA,525,0,0,774,0,774,G
3-PA,526,0,772,0,1,773,T
3-PA,527,0,775,0,0,775,T
3-PA,528,0,773,0,0,773,T
3-PA,529,769,0,1,0,770,A
3-PA,530,0,0,0,784,784,C
3-PA,531,1,1,0,757,759,C
3-PA,532,758,0,0,0,758,A
3-PA,533,0,757,0,0,757,T
3-PA,534,727,0,0,0,727,A
3-PA,535,729,0,1,0,730,A
3-PA,536,0,3,735,0,738,G
3-PA,537,738,0,0,0,738,A
3-PA,538,0,0,0,739,739,C
3-PA,539,717,0,0,0,717,A
3-PA,540,716,1,0,0,717,A
3-PA,541,0,0,725,0,725,G
3-PA,542,725,0,0,0,725,A
3-PA,543,726,0,0,0,726,A
3-PA,544,722,0,0,0,722,A
3-PA,545,0,696,0,0,696,T
3-PA,546,0,2,716,0,718,G
3-PA,547,0,0,715,0,715,G
3-PA,548,0,2,0,716,718,C
3-PA,549,3,0,0,716,719,C
3-PA,550,708,1,1,0,710,A
3-PA,551,711,0,0,0,711,A
3-PA,552,0,663,0,0,663,T
3-PA,553,685,0,0,0,685,A
3-PA,554,1,1,684,0,686,G
3-PA,555,681,0,0,0,681,A
3-PA,556,0,1,680,0,681,G
3-PA,557,0,0,686,0,686,G
3-PA,558,1,0,0,672,673,C
3-PA,559,0,0,0,682,682,C
3-PA,560,0,666,0,0,666,T
3-PA,561,1,0,0,669,670,C
3-PA,562,1,669,0,0,670,T
3-PA,563,1,0,671,0,672,G
3-PA,564,0,0,671,0,671,G
3-PA,565,0,0,669,1,670,G
3-PA,566,668,0,1,0,669,A
3-PA,567,0,651,1,3,655,T
3-PA,568,1,648,0,0,649,T
3-PA,569,1,0,0,723,724,C
3-PA,570,1,0,0,704,705,C
3-PA,571,0,640,0,2,642,T
3-PA,572,0,630,0,1,631,T
3-PA,573,0,630,0,2,632,T
3-PA,574,1,0,0,649,650,C
3-PA,575,2,0,647,0,649,G
3-PA,576,0,648,0,1,649,T
3-PA,577,3,0,1,647,651,C
3-PA,578,640,0,0,0,640,A
3-PA,579,0,0,733,0,733,G
3-PA,580,0,733,0,0,733,T
3-PA,581,2,0,0,729,731,C
3-PA,582,1,2,0,729,732,C
3-PA,583,1,2,732,1,736,G
3-PA,584,740,0,0,0,740,A
3-PA,585,739,0,2,0,741,A
3-PA,586,739,0,1,1,741,A
3-PA,587,0,0,751,0,751,G
3-PA,588,728,0,0,0,728,A
3-PA,589,0,1,746,0,747,G
3-PA,590,0,0,749,0,749,G
3-PA,591,1,0,0,748,749,C
3-PA,592,0,1,749,0,750,G
3-PA,593,746,0,1,0,747,A
3-PA,594,748,0,1,0,749,A
3-PA,595,0,1,757,0,758,G
3-PA,596,762,0,0,1,763,A
3-PA,597,763,0,0,0,763,A
3-PA,598,756,0,0,0,756,A
3-PA,599,1,0,0,769,770,C
3-PA,600,767,0,0,0,767,A
3-PA,601,769,0,1,0,770,A
3-PA,602,0,767,0,0,767,T
3-PA,603,1,766,0,1,768,T
3-PA,604,0,2,770,0,772,G
3-PA,605,768,0,0,0,768,A
3-PA,606,765,0,0,0,765,A
3-PA,607,0,3,766,0,769,G
3-PA,608,765,0,0,0,765,A
3-PA,609,763,1,1,0,765,A
3-PA,610,761,0,1,0,762,A
3-PA,611,767,0,0,0,767,A
3-PA,612,768,1,0,0,769,A
3-PA,613,0,770,0,0,770,T
3-PA,614,0,773,0,0,773,T
3-PA,615,0,769,0,3,772,T
3-PA,616,0,1,771,0,772,G
3-PA,617,775,0,0,0,775,A
3-PA,618,770,0,0,0,770,A
3-PA,619,778,0,1,0,779,A
3-PA,620,0,793,0,0,793,T
3-PA,621,3,1,0,873,877,C
3-PA,622,873,0,2,0,875,A
3-PA,623,0,1,0,894,895,C
3-PA,624,886,0,1,0,887,A
3-PA,625,0,0,915,0,915,G
3-PA,626,0,5,947,0,952,G
3-PA,627,976,0,1,0,977,A
3-PA,628,989,1,0,0,990,A
3-PA,629,1,0,0,998,999,C
3-PA,630,0,960,0,0,960,T
3-PA,631,1029,0,0,0,1029,A
3-PA,632,0,1051,0,1,1052,T
3-PA,633,1,0,1092,0,1093,G
3-PA,634,1,0,0,1087,1088,C
3-PA,635,4,0,1073,0,1077,G
3-PA,636,1,1064,0,1,1066,T
3-PA,637,1063,0,0,0,1063,A
3-PA,638,0,0,1080,1,1081,G
3-PA,639,0,0,1081,0,1081,G
3-PA,640,0,0,0,1064,1064,C
3-PA,641,0,1046,0,0,1046,T
3-PA,642,0,1033,0,1,1034,T
3-PA,643,0,0,1032,1,1033,G
3-PA,644,2,0,0,1031,1033,C
3-PA,645,1,0,0,1035,1036,C
3-PA,646,0,3,1042,0,1045,G
3-PA,647,1050,0,1,0,1051,A
3-PA,648,0,0,0,1060,1060,C
3-PA,649,3,0,0,1057,1060,C
3-PA,650,1066,0,0,0,1066,A
3-PA,651,1071,0,2,0,1073,A
3-PA,652,1074,0,2,0,1076,A
3-PA,653,0,0,1108,0,1108,G
3-PA,654,0,1103,0,1,1104,T
3-PA,655,6,0,0,1093,1099,C
3-PA,656,0,1092,1,3,1096,T
3-PA,657,1,0,0,1103,1104,C
3-PA,658,0,1,0,1111,1112,C
3-PA,659,1,1,0,1116,1118,C
3-PA,660,1119,0,0,0,1119,A
3-PA,661,0,0,0,1126,1126,C
3-PA,662,1,2,0,1110,1113,C
3-PA,663,0,9,1117,0,1126,G
3-PA,664,1144,0,0,0,1144,A
3-PA,665,1148,0,0,0,1148,A
3-PA,666,0,0,0,1164,1164,C
3-PA,667,0,1147,0,1,1148,T
3-PA,668,0,1182,0,2,1184,T
3-PA,669,0,0,0,1193,1193,C
3-PA,670,0,1186,0,0,1186,T
3-PA,671,3,0,0,1187,1190,C
3-PA,672,1,0,0,1185,1186,C
3-PA,673,0,1178,0,3,1181,T
3-PA,674,0,0,1196,0,1196,G
3-PA,675,0,0,0,1191,1191,C
3-PA,676,4,0,0,1197,1201,C
3-PA,677,0,1192,0,0,1192,T
3-PA,678,0,1181,0,0,1181,T
3-PA,679,3,2,1178,0,1183,G
3-PA,680,1182,0,1,0,1183,A
3-PA,681,0,4,1198,0,1202,G
3-PA,682,1200,0,3,0,1203,A
3-PA,683,1209,0,0,0,1209,A
3-PA,684,1,1229,0,0,1230,T
3-PA,685,0,1240,0,0,1240,T
3-PA,686,0,1243,0,0,1243,T
3-PA,687,0,1241,1,4,1246,T
3-PA,688,1246,0,0,0,1246,A
3-PA,689,1,6,1237,0,1244,G
3-PA,690,1230,0,2,0,1232,A
3-PA,691,0,0,1287,0,1287,G
3-PA,692,0,1,0,1288,1289,C
3-PA,693,0,1,0,1295,1296,C
3-PA,694,0,1325,0,1,1326,T
3-PA,695,1370,1,0,0,1371,A
3-PA,696,0,1375,0,1,1376,T
3-PA,697,0,0,1383,0,1383,G
3-PA,698,0,1382,0,1,1383,T
3-PA,699,1,6,1381,0,1388,G
3-PA,700,0,4,1362,0,1366,G
3-PA,701,1363,1,3,0,1367,A
3-PA,702,0,1354,0,0,1354,T
3-PA,703,1,4,1328,0,1333,G
3-PA,704,1,2,1365,0,1368,G
3-PA,705,1368,0,1,0,1369,A
3-PA,706,1,1364,0,0,1365,T
3-PA,707,0,1358,0,2,1360,T
3-PA,708,7,0,0,1352,1359,C
3-PA,709,0,11,1349,0,1360,G
3-PA,710,1368,0,1,0,1369,A
3-PA,711,1368,0,1,0,1369,A
3-PA,712,0,0,0,1381,1381,C
3-PA,713,2,2,0,1353,1357,C
3-PA,714,6,6,1352,0,1364,G
3-PA,715,1361,0,1,0,1362,A
3-PA,716,1363,0,2,0,1365,A
3-PA,717,0,1,0,1380,1381,C
3-PA,718,1,1,1368,0,1370,G
3-PA,719,0,0,1408,0,1408,G
3-PA,720,2,0,0,1409,1411,C
3-PA,721,0,1410,0,1,1411,T
3-PA,722,2,0,1446,0,1448,G
3-PA,723,0,1,0,1446,1447,C
3-PA,724,1455,0,1,0,1456,A
3-PA,725,0,1457,0,0,1457,T
3-PA,726,0,1444,0,0,1444,T
3-PA,727,0,3,1452,0,1455,G
3-PA,728,1411,1,4,0,1416,A
3-PA,729,0,2,1443,0,1445,G
3-PA,730,0,5,1438,0,1443,G
3-PA,731,1,2,1417,0,1420,G
3-PA,732,0,0,0,1421,1421,C
3-PA,733,1415,0,0,0,1415,A
3-PA,734,1415,0,7,0,1422,A
3-PA,735,0,0,1438,0,1438,G
3-PA,736,0,0,0,1448,1448,C
3-PA,737,0,1437,0,5,1442,T
3-PA,738,1,1438,0,0,1439,T
3-PA,739,0,1446,0,1,1447,T
3-PA,740,3,0,0,1451,1454,C
3-PA,741,1,1452,0,2,1455,T
3-PA,742,5,0,0,1453,1458,C
3-PA,743,1448,0,0,0,1448,A
3-PA,744,1440,0,1,0,1441,A
3-PA,745,1442,0,0,0,1442,A
3-PA,746,0,1442,0,0,1442,T
3-PA,747,0,1,1496,0,1497,G
3-PA,748,0,1491,0,1,1492,T
3-PA,749,5,1,0,1503,1509,C
3-PA,750,2,1,0,1513,1516,C
3-PA,751,1513,1,0,0,1514,A
3-PA,752,1515,0,1,0,1516,A
3-PA,753,1512,0,3,0,1515,A
3-PA,754,0,3,1536,0,1539,G
3-PA,755,1527,0,3,0,1530,A
3-PA,756,1499,0,2,0,1501,A
3-PA,757,0,1,1510,0,1511,G
3-PA,758,0,1499,0,2,1501,T
3-PA,759,0,7,1490,0,1497,G
3-PA,760,1494,0,0,0,1494,A
3-PA,761,1490,0,1,0,1491,A
3-PA,762,0,1500,0,0,1500,T
3-PA,763,2,2,1487,0,1491,G
3-PA,764,0,0,0,1487,1487,C
3-PA,765,3,0,0,1479,1482,C
3-PA,766,4,0,1,1478,1483,C
3-PA,767,1488,1,0,0,1489,A
3-PA,768,1509,0,1,0,1510,A
3-PA,769,1521,0,0,0,1521,A
3-PA,770,0,1519,0,0,1519,T
3-PA,771,0,1513,0,0,1513,T
3-PA,772,0,2,1512,0,1514,G
3-PA,773,1506,0,0,1,1507,A
3-PA,774,1521,0,3,0,1524,A
3-PA,775,1,0,1,1527,1529,C
3-PA,776,2,0,0,1529,1531,C
3-PA,777,0,1504,0,2,1506,T
3-PA,778,0,1542,0,1,1543,T
3-PA,779,0,1548,0,0,1548,T
3-PA,780,1,1583,0,0,1584,T
3-PA,781,5,0,0,1580,1585,C
3-PA,782,0,1578,0,1,1579,T
3-PA,783,0,1,1586,0,1587,G
3-PA,784,1582,0,1,0,1583,A
3-PA,785,1607,0,1,0,1608,A
3-PA,786,0,5,1611,0,1616,G
3-PA,787,1592,0,2,0,1594,A
3-PA,788,0,1,0,1588,1589,C
3-PA,789,1560,0,1,0,1561,A
3-PA,790,1578,1,1,0,1580,A
3-PA,791,0,1,0,1720,1721,C
3-PA,792,1726,0,0,0,1726,A
3-PA,793,0,0,0,1728,1728,C
3-PA,794,3,0,0,1707,1710,C
3-PA,795,1702,0,0,0,1702,A
3-PA,796,1698,0,6,0,1704,A
3-PA,797,0,7,1707,0,1714,G
3-PA,798,1709,0,3,0,1712,A
3-PA,799,0,0,0,1708,1708,C
3-PA,800,5,1,0,1604,1610,C
3-PA,801,1607,0,2,0,1609,A
3-PA,802,1607,2,0,0,1609,A
3-PA,803,0,1606,0,2,1608,T
3-PA,804,4,1,0,1606,1611,C
3-PA,805,1610,0,0,0,1610,A
3-PA,806,1605,0,2,0,1607,A
3-PA,807,1607,0,1,0,1608,A
3-PA,808,0,0,0,1619,1619,C
3-PA,809,0,1595,1,1,1597,T
3-PA,810,0,1615,1,2,1618,T
3-PA,811,2,1,0,1618,1621,C
3-PA,812,3,0,0,1620,1623,C
3-PA,813,2,4,1625,0,1631,G
3-PA,814,1631,0,0,0,1631,A
3-PA,815,1633,0,1,0,1634,A
3-PA,816,0,1639,0,0,1639,T
3-PA,817,1,3,1614,0,1618,G
3-PA,818,0,2,1633,0,1635,G
3-PA,819,1638,0,2,0,1640,A
3-PA,820,3,0,0,1645,1648,C
3-PA,821,2,0,0,1637,1639,C
3-PA,822,0,1681,0,1,1682,T
3-PA,823,2,0,0,1732,1734,C
3-PA,824,2,0,0,1748,1750,C
3-PA,825,0,1752,0,0,1752,T
3-PA,826,0,1759,0,0,1759,T
3-PA,827,0,1,1822,0,1823,G
3-PA,828,0,1805,0,2,1807,T
3-PA,829,0,1800,0,1,1801,T
3-PA,830,1802,0,0,0,1802,A
3-PA,831,0,1743,0,0,1743,T
3-PA,832,5,0,1,1726,1732,C
3-PA,833,1700,0,0,0,1700,A
3-PA,834,0,0,1700,0,1700,G
3-PA,835,0,0,0,1694,1694,C
3-PA,836,0,0,1648,0,1648,G
3-PA,837,0,1,1711,0,1712,G
3-PA,838,1,1711,0,2,1714,T
3-PA,839,6,1,0,1707,1714,C
3-PA,840,9,1,0,1708,1718,C
3-PA,841,1727,0,1,0,1728,A
3-PA,842,1731,1,2,0,1734,A
3-PA,843,1734,2,0,0,1736,A
3-PA,844,0,1739,0,0,1739,T
3-PA,845,0,1735,0,1,1736,T
3-PA,846,8,1,0,1724,1733,C
3-PA,847,2,0,0,1709,1711,C
3-PA,848,0,1700,1,4,1705,T
3-PA,849,6,0,0,1720,1726,C
3-PA,850,5,1,0,1714,1720,C
3-PA,851,0,1708,0,3,1711,T
3-PA,852,0,3,1719,0,1722,G
3-PA,853,1713,0,4,1,1718,A
3-PA,854,0,1717,0,0,1717,T
3-PA,855,0,5,1694,0,1699,G
3-PA,856,1,3,1666,0,1670,G
3-PA,857,1662,0,0,0,1662,A
3-PA,858,1,1643,0,0,1644,T
3-PA,859,0,0,1651,0,1651,G
3-PA,860,1,0,0,1748,1749,C
3-PA,861,1,1728,0,4,1733,T
3-PA,862,0,1744,0,0,1744,T
3-PA,863,2,1742,0,1,1745,T
3-PA,864,1744,0,0,0,1744,A
3-PA,865,1751,1,1,1,1754,A
3-PA,866,1754,0,0,0,1754,A
3-PA,867,1759,0,1,0,1760,A
3-PA,868,0,1758,0,0,1758,T
3-PA,869,0,1609,1,1,1611,T
3-PA,870,0,7,1610,0,1617,G
3-PA,871,1612,0,1,0,1613,A
3-PA,872,0,2,1626,0,1628,G
3-PA,873,0,2,0,1626,1628,C
3-PA,874,1621,0,1,0,1622,A
3-PA,875,0,1653,1,1,1655,T
3-PA,876,0,1644,0,1,1645,T
3-PA,877,2,6,1641,0,1649,G
3-PA,878,1654,0,1,0,1655,A
3-PA,879,1640,0,4,0,1644,A
3-PA,880,1,1,1644,0,1646,G
3-PA,881,1622,0,0,0,1622,A
3-PA,882,2,0,0,1625,1627,C
3-PA,883,1,2,0,1621,1624,C
3-PA,884,3,2,0,1583,1588,C
3-PA,885,1587,0,0,0,1587,A
3-PA,886,1603,0,0,0,1603,A
3-PA,887,0,0,1606,0,1606,G
3-PA,888,0,1612,1,3,1616,T
3-PA,889,10,2,1,1606,1619,C
3-PA,890,1616,0,5,0,1621,A
3-PA,891,0,0,0,1615,1615,C
3-PA,892,2,0,1612,0,1614,G
3-PA,893,1633,0,1,0,1634,A
3-PA,894,1639,0,1,0,1640,A
3-PA,895,0,1,1691,0,1692,G
3-PA,896,0,7,1684,0,1691,G
3-PA,897,1685,0,0,0,1685,A
3-PA,898,0,1,1699,0,1700,G
3-PA,899,1692,0,3,0,1695,A
3-PA,900,1688,0,1,0,1689,A
3-PA,901,1,2,1686,0,1689,G
3-PA,902,1,2,1680,0,1683,G
3-PA,903,0,4,1677,0,1681,G
3-PA,904,1642,0,3,0,1645,A
3-PA,905,1,1649,0,1,1651,T
3-PA,906,4,0,0,1655,1659,C
3-PA,907,4,0,2,1809,1815,C
3-PA,908,2,1,1,1837,1841,C
3-PA,909,1864,0,0,0,1864,A
3-PA,910,1,1859,1,0,1861,T
3-PA,911,0,1862,0,3,1865,T
3-PA,912,1890,0,0,0,1890,A
3-PA,913,0,1891,0,0,1891,T
3-PA,914,1893,0,0,0,1893,A
3-PA,915,0,1880,0,0,1880,T
3-PA,916,2,3,1647,0,1652,G
3-PA,917,1653,0,0,0,1653,A
3-PA,918,0,1630,0,0,1630,T
3-PA,919,1,0,1656,0,1657,G
3-PA,920,2,1,2,1636,1641,C
3-PA,921,2,10,1621,0,1633,G
3-PA,922,1642,2,0,0,1644,A
3-PA,923,0,1638,0,2,1640,T
3-PA,924,6,1,0,1640,1647,C
3-PA,925,1645,0,0,0,1645,A
3-PA,926,1628,0,4,0,1632,A
3-PA,927,0,3,1643,0,1646,G
3-PA,928,1,1630,0,1,1632,T
3-PA,929,1,0,1647,0,1648,G
3-PA,930,4,0,0,1653,1657,C
3-PA,931,1653,0,1,0,1654,A
3-PA,932,0,1659,0,1,1660,T
3-PA,933,1653,0,1,0,1654,A
3-PA,934,1677,0,0,0,1677,A
3-PA,935,1674,1,1,0,1676,A
3-PA,936,1656,1,2,0,1659,A
3-PA,937,1662,1,2,0,1665,A
3-PA,938,0,1,0,1661,1662,C
3-PA,939,1642,0,0,0,1642,A
3-PA,940,1,1649,0,0,1650,T
3-PA,941,0,1644,0,4,1648,T
3-PA,942,8,0,0,1639,1647,C
3-PA,943,0,1604,0,3,1607,T
3-PA,944,0,1603,0,1,1604,T
3-PA,945,0,1606,0,1,1607,T
3-PA,946,1,1,1601,1,1604,G
3-PA,947,2,3,1599,0,1604,G
3-PA,948,1601,1,3,0,1605,A
3-PA,949,1,1601,0,1,1603,T
3-PA,950,4,8,1599,1,1612,G
3-PA,951,0,4,1658,0,1662,G
3-PA,952,1671,0,0,0,1671,A
3-PA,953,1662,0,2,0,1664,A
3-PA,954,1665,0,4,0,1669,A
3-PA,955,1,4,1676,0,1681,G
3-PA,956,1679,1,4,0,1684,A
3-PA,957,1828,0,2,0,1830,A
3-PA,958,1,1,0,1860,1862,C
3-PA,959,1,0,0,1869,1870,C
3-PA,960,1,1861,0,0,1862,T
3-PA,961,0,1893,0,1,1894,T
3-PA,962,1899,0,1,0,1900,A
3-PA,963,0,1901,0,2,1903,T
3-PA,964,1885,1,0,0,1886,A
3-PA,965,0,1906,0,0,1906,T
3-PA,966,1743,0,1,0,1744,A
3-PA,967,0,0,1760,0,1760,G
3-PA,968,0,1738,0,2,1740,T
3-PA,969,9,0,0,1721,1730,C
3-PA,970,1697,0,0,0,1697,A
3-PA,971,1709,0,2,0,1711,A
3-PA,972,1709,0,5,0,1714,A
3-PA,973,0,0,0,1731,1731,C
3-PA,974,3,3,0,1702,1708,C
3-PA,975,1687,0,0,0,1687,A
3-PA,976,0,1,0,1700,1701,C
3-PA,977,1697,1,0,0,1698,A
3-PA,978,0,8,0,1700,1708,C
3-PA,979,0,9,1707,0,1716,G
3-PA,980,1708,1,0,0,1709,A
3-PA,981,1708,1,3,0,1712,A
3-PA,982,1713,0,1,2,1716,A
3-PA,983,1711,0,3,1,1715,A
3-PA,984,1,2,1729,0,1732,G
3-PA,985,0,2,1707,0,1709,G
3-PA,986,0,6,1717,0,1723,G
3-PA,987,1716,1,0,1,1718,A
3-PA,988,1718,1,1,1,1721,A
3-PA,989,0,1717,0,0,1717,T
3-PA,990,1717,0,1,1,1719,A
3-PA,991,1720,0,2,0,1722,A
3-PA,992,1728,0,0,1,1729,A
3-PA,993,0,1717,0,1,1718,T
3-PA,994,0,1710,0,0,1710,T
3-PA,995,11,0,0,1710,1721,C
3-PA,996,1722,0,0,0,1722,A
3-PA,997,1728,0,2,0,1730,A
3-PA,998,1729,0,0,0,1729,A
3-PA,999,0,1729,0,0,1729,T
3-PA,1000,0,1740,0,0,1740,T
3-PA,1001,1746,2,1,0,1749,A
3-PA,1002,1,0,0,1743,1744,C
3-PA,1003,3,1,0,1743,1747,C
3-PA,1004,0,1716,0,1,1717,T
3-PA,1005,1,0,1731,0,1732,G
3-PA,1006,0,1,0,1738,1739,C
3-PA,1007,0,1737,0,0,1737,T
3-PA,1008,0,1,1765,0,1766,G
3-PA,1009,0,1776,1,0,1777,T
3-PA,1010,7,0,0,1769,1776,C
3-PA,1011,1774,0,2,1,1777,A
3-PA,1012,0,1778,0,1,1779,T
3-PA,1013,1,2,1775,0,1778,G
3-PA,1014,0,1,1789,0,1790,G
3-PA,1015,1787,0,2,0,1789,A
3-PA,1016,1839,0,2,0,1841,A
3-PA,1017,2,0,1840,1,1843,G
3-PA,1018,0,3,0,1841,1844,C
3-PA,1019,1834,0,1,0,1835,A
3-PA,1020,1837,0,1,0,1838,A
3-PA,1021,1,1,1861,0,1863,G
3-PA,1022,0,1857,0,0,1857,T
3-PA,1023,1846,0,1,0,1847,A
3-PA,1024,1,0,0,1851,1852,C
3-PA,1025,0,1801,0,1,1802,T
3-PA,1026,1,2,1816,0,1819,G
3-PA,1027,1,1807,0,1,1809,T
3-PA,1028,2,0,0,1807,1809,C
3-PA,1029,2,1,1792,1,1796,G
3-PA,1030,1,1,1823,0,1825,G
3-PA,1031,1827,0,0,0,1827,A
3-PA,1032,1829,0,0,0,1829,A
3-PA,1033,0,1864,0,1,1865,T
3-PA,1034,0,1862,0,0,1862,T
3-PA,1035,0,2,1852,0,1854,G
3-PA,1036,1,2,0,1848,1851,C
3-PA,1037,1852,0,2,0,1854,A
3-PA,1038,0,5,1860,0,1865,G
3-PA,1039,0,11,1845,0,1856,G
3-PA,1040,1864,0,1,0,1865,A
3-PA,1041,1,3,0,1872,1876,C
3-PA,1042,1836,1,0,0,1837,A
3-PA,1043,0,1850,1,2,1853,T
3-PA,1044,0,1854,0,0,1854,T
3-PA,1045,0,8,1860,0,1868,G
3-PA,1046,1867,0,1,0,1868,A
3-PA,1047,1861,0,3,0,1864,A
3-PA,1048,1865,0,0,1,1866,A
3-PA,1049,1858,0,0,0,1858,A
3-PA,1050,1,1840,0,1,1842,T
3-PA,1051,0,2,1858,0,1860,G
3-PA,1052,1850,1,1,0,1852,A
3-PA,1053,0,0,1864,0,1864,G
3-PA,1054,1,5,1864,0,1870,G
3-PA,1055,1850,0,3,0,1853,A
3-PA,1056,0,0,1863,0,1863,G
3-PA,1057,1860,1,1,0,1862,A
3-PA,1058,1858,0,2,0,1860,A
3-PA,1059,2,2,1848,0,1852,G
3-PA,1060,0,1,1826,0,1827,G
3-PA,1061,0,1901,0,2,1903,T
3-PA,1062,0,1901,0,4,1905,T
3-PA,1063,7,0,0,1892,1899,C
3-PA,1064,6,0,1,1899,1906,C
3-PA,1065,1902,1,0,0,1903,A
3-PA,1066,1901,0,0,0,1901,A
3-PA,1067,0,5,1912,0,1917,G
3-PA,1068,0,5,1942,0,1947,G
3-PA,1069,1902,1,1,1,1905,A
3-PA,1070,1,0,0,1921,1922,C
3-PA,1071,0,1918,0,0,1918,T
3-PA,1072,1923,0,0,0,1923,A
3-PA,1073,1921,0,1,0,1922,A
3-PA,1074,1923,1,0,0,1924,A
3-PA,1075,1921,2,2,0,1925,A
3-PA,1076,1906,0,1,1,1908,A
3-PA,1077,0,1,0,1884,1885,C
3-PA,1078,1876,0,0,0,1876,A
3-PA,1079,0,1863,0,0,1863,T
3-PA,1080,0,6,1873,1,1880,G
3-PA,1081,1882,0,1,0,1883,A
3-PA,1082,1884,0,2,0,1886,A
3-PA,1083,0,4,1895,0,1899,G
3-PA,1084,1889,0,0,0,1889,A
3-PA,1085,1889,0,1,0,1890,A
3-PA,1086,1876,0,4,0,1880,A
3-PA,1087,1878,0,1,1,1880,A
3-PA,1088,1,1,0,1889,1891,C
3-PA,1089,2,7,1870,0,1879,G
3-PA,1090,1887,0,2,0,1889,A
3-PA,1091,0,0,1896,0,1896,G
3-PA,1092,1,1880,0,1,1882,T
3-PA,1093,9,0,0,1917,1926,C
3-PA,1094,1923,1,1,0,1925,A
3-PA,1095,1963,0,2,0,1965,A
3-PA,1096,3,2,0,1963,1968,C
3-PA,1097,1,1958,0,2,1961,T
3-PA,1098,0,2,1990,0,1992,G
3-PA,1099,1982,0,5,0,1987,A
3-PA,1100,1991,0,3,0,1994,A
3-PA,1101,1,0,1994,0,1995,G
3-PA,1102,2,1947,0,0,1949,T
3-PA,1103,2,4,1945,0,1951,G
3-PA,1104,1,1,1921,0,1923,G
3-PA,1105,2,0,1936,0,1938,G
3-PA,1106,0,2,0,1943,1945,C
3-PA,1107,0,1919,0,4,1923,T
3-PA,1108,3,0,0,1925,1928,C
3-PA,1109,0,1921,0,1,1922,T
3-PA,1110,1,1928,0,0,1929,T
3-PA,1111,0,4,1971,1,1976,G
3-PA,1112,1,2,1986,0,1989,G
3-PA,1113,0,1987,0,0,1987,T
3-PA,1114,0,6,1978,0,1984,G
3-PA,1115,1974,0,1,0,1975,A
3-PA,1116,1996,0,0,0,1996,A
3-PA,1117,1991,0,1,0,1992,A
3-PA,1118,2006,0,0,1,2007,A
3-PA,1119,0,0,0,2016,2016,C
3-PA,1120,1987,0,1,0,1988,A
3-PA,1121,1,1975,9,2,1987,T
3-PA,1122,0,10,1972,2,1984,G
3-PA,1123,1,2,2021,0,2024,G
3-PA,1124,3,0,0,2031,2034,C
3-PA,1125,2036,0,1,1,2038,A
3-PA,1126,0,1,0,2050,2051,C
3-PA,1127,3,1,0,2061,2065,C
3-PA,1128,2085,1,1,0,2087,A
3-PA,1129,1,5,2105,0,2111,G
3-PA,1130,2100,1,1,0,2102,A
3-PA,1131,9,6,2108,0,2123,G
3-PA,1132,2120,1,4,0,2125,A
3-PA,1133,2128,0,2,0,2130,A
3-PA,1134,6,3,2126,0,2135,G
3-PA,1135,1,0,2130,0,2131,G
3-PA,1136,0,2124,0,1,2125,T
3-PA,1137,2112,0,1,0,2113,A
3-PA,1138,0,8,2101,0,2109,G
3-PA,1139,2116,0,3,0,2119,A
3-PA,1140,0,0,0,2127,2127,C
3-PA,1141,0,2102,0,1,2103,T
3-PA,1142,0,2109,0,1,2110,T
3-PA,1143,0,2104,0,2,2106,T
3-PA,1144,1,11,2100,0,2112,G
3-PA,1145,2108,0,2,1,2111,A
3-PA,1146,2114,4,0,0,2118,A
3-PA,1147,2116,0,3,0,2119,A
3-PA,1148,2110,2,0,0,2112,A
3-PA,1149,0,0,0,2154,2154,C
3-PA,1150,0,2133,0,4,2137,T
3-PA,1151,0,1,2162,0,2163,G
3-PA,1152,3,2,0,2154,2159,C
3-PA,1153,2160,0,3,0,2163,A
3-PA,1154,1,3,2158,0,2162,G
3-PA,1155,2155,0,2,0,2157,A
3-PA,1156,1,8,2250,0,2259,G
3-PA,1157,2265,0,0,0,2265,A
3-PA,1158,0,5,1,2246,2252,C
3-PA,1159,2246,0,3,2,2251,A
3-PA,1160,0,2243,0,0,2243,T
3-PA,1161,2247,1,0,0,2248,A
3-PA,1162,2239,0,1,1,2241,A
3-PA,1163,0,0,2247,0,2247,G
3-PA,1164,2,2,0,2238,2242,C
3-PA,1165,1,5,2196,0,2202,G
3-PA,1166,2253,0,1,0,2254,A
3-PA,1167,0,2235,0,0,2235,T
3-PA,1168,2,2234,0,1,2237,T
3-PA,1169,0,2240,1,0,2241,T
3-PA,1170,0,7,2241,0,2248,G
3-PA,1171,2252,1,1,0,2254,A
3-PA,1172,2256,0,3,0,2259,A
3-PA,1173,1,0,2267,0,2268,G
3-PA,1174,2,1,0,2326,2329,C
3-PA,1175,2307,1,0,0,2308,A
3-PA,1176,2479,0,4,0,2483,A
3-PA,1177,0,2479,0,0,2479,T
3-PA,1178,2495,1,1,0,2497,A
3-PA,1179,0,2505,0,0,2505,T
3-PA,1180,0,6,2504,0,2510,G
3-PA,1181,2530,0,3,0,2533,A
3-PA,1182,0,2519,0,4,2523,T
3-PA,1183,2443,1,0,0,2444,A
3-PA,1184,4,0,2452,0,2456,G
3-PA,1185,0,2359,0,1,2360,T
3-PA,1186,0,5,2362,0,2367,G
3-PA,1187,2357,0,3,0,2360,A
3-PA,1188,1,2,1,2342,2346,C
3-PA,1189,1,7,2333,0,2341,G
3-PA,1190,2340,0,0,0,2340,A
3-PA,1191,2337,0,8,0,2345,A
3-PA,1192,2,0,0,2369,2371,C
3-PA,1193,3,0,0,2370,2373,C
3-PA,1194,0,2358,1,2,2361,T
3-PA,1195,2,10,2408,0,2420,G
3-PA,1196,2412,0,4,0,2416,A
3-PA,1197,2426,0,1,1,2428,A
3-PA,1198,0,2421,0,0,2421,T
3-PA,1199,0,2399,1,0,2400,T
3-PA,1200,2392,0,1,0,2393,A
3-PA,1201,2368,0,1,0,2369,A
3-PA,1202,0,4,2376,0,2380,G
3-PA,1203,1,0,2376,1,2378,G
3-PA,1204,0,2339,0,8,2347,T
3-PA,1205,7,1,0,2334,2342,C
3-PA,1206,2352,0,0,0,2352,A
3-PA,1207,0,1,0,2431,2432,C
3-PA,1208,1,2428,0,3,2432,T
3-PA,1209,1,2435,0,2,2438,T
3-PA,1210,1,2439,0,1,2441,T
3-PA,1211,4,0,0,2429,2433,C
3-PA,1212,2431,0,1,0,2432,A
3-PA,1213,2429,0,2,1,2432,A
3-PA,1214,4,1,2461,0,2466,G
3-PA,1215,0,0,0,2464,2464,C
3-PA,1216,0,2406,0,1,2407,T
3-PA,1217,2,4,2461,0,2467,G
3-PA,1218,0,3,2469,0,2472,G
3-PA,1219,2500,1,0,0,2501,A
3-PA,1220,0,2528,0,1,2529,T
3-PA,1221,2530,1,0,0,2531,A
3-PA,1222,2,2,0,2538,2542,C
3-PA,1223,2463,2,2,1,2468,A
3-PA,1224,1,8,2493,0,2502,G
3-PA,1225,2496,0,1,0,2497,A
3-PA,1226,2465,0,1,0,2466,A
3-PA,1227,0,2435,0,0,2435,T
3-PA,1228,1,2,2443,0,2446,G
3-PA,1229,2417,0,4,0,2421,A
3-PA,1230,2,1,2438,0,2441,G
3-PA,1231,0,2425,0,4,2429,T
3-PA,1232,0,2415,1,1,2417,T
3-PA,1233,8,0,0,2433,2441,C
3-PA,1234,2445,1,4,0,2450,A
3-PA,1235,2450,0,2,0,2452,A
3-PA,1236,1,0,0,2452,2453,C
3-PA,1237,2426,0,2,0,2428,A
3-PA,1238,2426,0,2,0,2428,A
3-PA,1239,0,4,2411,0,2415,G
3-PA,1240,0,1,2417,0,2418,G
3-PA,1241,1,0,0,2439,2440,C
3-PA,1242,0,0,0,2430,2430,C
3-PA,1243,1,2405,0,4,2410,T
3-PA,1244,0,0,2432,0,2432,G
3-PA,1245,1,2429,0,1,2431,T
3-PA,1246,2,8,2436,0,2446,G
3-PA,1247,2437,1,7,0,2445,A
3-PA,1248,1,0,2433,0,2434,G
3-PA,1249,1,3,0,2421,2425,C
3-PA,1250,0,2394,0,1,2395,T
3-PA,1251,2445,0,2,0,2447,A
3-PA,1252,2446,0,1,0,2447,A
3-PA,1253,0,1,0,2455,2456,C
3-PA,1254,0,2436,0,1,2437,T
3-PA,1255,0,11,2421,0,2432,G
3-PA,1256,2416,0,4,1,2421,A
3-PA,1257,1,2413,0,0,2414,T
3-PA,1258,0,2420,1,1,2422,T
3-PA,1259,10,1,0,2410,2421,C
3-PA,1260,2456,0,0,0,2456,A
3-PA,1261,0,2,2501,0,2503,G
3-PA,1262,1,2501,0,1,2503,T
3-PA,1263,8,1,1,2495,2505,C
3-PA,1264,0,2488,0,2,2490,T
3-PA,1265,0,4,2618,0,2622,G
3-PA,1266,1,6,2618,0,2625,G
3-PA,1267,2622,0,4,0,2626,A
3-PA,1268,1,2628,0,0,2629,T
3-PA,1269,2505,0,1,0,2506,A
3-PA,1270,0,9,2499,0,2508,G
3-PA,1271,2514,0,3,0,2517,A
3-PA,1272,1,0,2524,0,2525,G
3-PA,1273,0,1,0,2518,2519,C
3-PA,1274,1,2453,0,1,2455,T
3-PA,1275,0,2449,0,1,2450,T
3-PA,1276,0,5,2457,0,2462,G
3-PA,1277,2460,0,3,0,2463,A
3-PA,1278,1,2459,0,4,2464,T
3-PA,1279,3,11,2441,1,2456,G
3-PA,1280,2475,0,1,0,2476,A
3-PA,1281,2469,1,0,0,2470,A
3-PA,1282,2471,0,7,0,2478,A
3-PA,1283,0,2476,0,0,2476,T
3-PA,1284,0,2465,0,3,2468,T
3-PA,1285,0,1,2493,0,2494,G
3-PA,1286,0,5,2490,2,2497,G
3-PA,1287,2490,1,3,0,2494,A
3-PA,1288,0,2,2494,0,2496,G
3-PA,1289,2459,0,1,0,2460,A
3-PA,1290,0,1,2486,0,2487,G
3-PA,1291,0,8,2507,0,2515,G
3-PA,1292,2524,0,7,0,2531,A
3-PA,1293,0,2,0,2525,2527,C
3-PA,1294,2,3,2510,0,2515,G
3-PA,1295,0,2503,0,4,2507,T
3-PA,1296,2511,0,2,0,2513,A
3-PA,1297,0,0,2542,0,2542,G
3-PA,1298,1,1,0,2562,2564,C
3-PA,1299,5,1,1,2534,2541,C
3-PA,1300,3,1,0,2518,2522,C
3-PA,1301,7,0,0,2519,2526,C
3-PA,1302,2536,0,2,0,2538,A
3-PA,1303,2635,0,2,0,2637,A
3-PA,1304,0,2629,0,1,2630,T
3-PA,1305,0,2616,0,2,2618,T
3-PA,1306,1,9,2604,0,2614,G
3-PA,1307,2563,0,6,0,2569,A
3-PA,1308,0,3,2574,0,2577,G
3-PA,1309,1,1,0,2577,2579,C
3-PA,1310,2550,0,1,0,2551,A
3-PA,1311,0,0,0,2607,2607,C
3-PA,1312,2540,1,1,0,2542,A
3-PA,1313,1,2607,0,6,2614,T
3-PA,1314,0,2611,0,4,2615,T
3-PA,1315,2,0,2618,0,2620,G
3-PA,1316,1,4,0,2608,2613,C
3-PA,1317,2612,0,2,0,2614,A
3-PA,1318,2613,1,0,1,2615,A
3-PA,1319,0,2,2611,0,2613,G
3-PA,1320,1,3,0,2588,2592,C
3-PA,1321,2584,0,0,0,2584,A
3-PA,1322,0,2517,0,5,2522,T
3-PA,1323,0,11,2518,0,2529,G
3-PA,1324,2520,0,4,0,2524,A
3-PA,1325,1,2,2525,0,2528,G
3-PA,1326,2521,0,5,0,2526,A
3-PA,1327,2520,1,1,1,2523,A
3-PA,1328,2,6,2514,0,2522,G
3-PA,1329,0,13,2506,0,2519,G
3-PA,1330,2513,1,3,0,2517,A
3-PA,1331,2520,0,1,1,2522,A
3-PA,1332,0,2529,0,0,2529,T
3-PA,1333,0,2526,0,0,2526,T
3-PA,1334,2548,0,1,0,2549,A
3-PA,1335,0,2538,0,23,2561,T
3-PA,1336,0,2559,0,1,2560,T
3-PA,1337,1,2561,0,2,2564,T
3-PA,1338,3,1,0,2541,2545,C
3-PA,1339,2536,1,2,1,2540,A
3-PA,1340,0,1,0,2608,2609,C
3-PA,1341,2596,0,1,0,2597,A
3-PA,1342,0,0,2621,0,2621,G
3-PA,1343,0,0,0,2616,2616,C
3-PA,1344,2600,0,0,0,2600,A
3-PA,1345,0,5,2617,0,2622,G
3-PA,1346,2608,1,1,0,2610,A
3-PA,1347,1,2,2619,0,2622,G
3-PA,1348,0,1,2631,0,2632,G
3-PA,1349,0,2563,0,2,2565,T
3-PA,1350,1,0,2606,0,2607,G
3-PA,1351,0,2603,0,0,2603,T
3-PA,1352,6,1,0,2585,2592,C
3-PA,1353,6,1,0,2612,2619,C
3-PA,1354,7,1,0,2600,2608,C
3-PA,1355,2629,0,1,0,2630,A
3-PA,1356,1,2653,0,6,2660,T
3-PA,1357,0,2645,0,0,2645,T
3-PA,1358,3,0,2656,0,2659,G
3-PA,1359,0,2605,0,1,2606,T
3-PA,1360,2564,0,1,0,2565,A
3-PA,1361,0,1,2562,0,2563,G
3-PA,1362,2484,0,2,0,2486,A
3-PA,1363,2,1,2496,0,2499,G
3-PA,1364,1,0,0,2462,2463,C
3-PA,1365,1,4,0,2435,2440,C
3-PA,1366,2478,0,2,0,2480,A
3-PA,1367,0,1,0,2485,2486,C
3-PA,1368,1,2450,16,0,2467,T
3-PA,1369,0,10,2462,1,2473,G
3-PA,1370,2464,1,1,0,2466,A
3-PA,1371,2420,1,2,0,2423,A
3-PA,1372,0,2480,0,3,2483,T
3-PA,1373,2501,2,2,0,2505,A
3-PA,1374,0,0,0,2536,2536,C
3-PA,1375,2471,1,4,0,2476,A
3-PA,1376,0,2483,0,3,2486,T
3-PA,1377,2469,0,0,0,2469,A
3-PA,1378,2477,0,0,0,2477,A
3-PA,1379,0,2462,0,1,2463,T
3-PA,1380,2,6,2420,0,2428,G
3-PA,1381,2404,0,2,0,2406,A
3-PA,1382,2363,1,4,0,2368,A
3-PA,1383,0,4,2369,1,2374,G
3-PA,1384,0,2,2368,0,2370,G
3-PA,1385,3,2,2384,0,2389,G
3-PA,1386,0,8,2368,0,2376,G
3-PA,1387,0,2,2401,0,2403,G
3-PA,1388,0,2364,0,0,2364,T
3-PA,1389,2374,0,1,0,2375,A
3-PA,1390,0,2379,0,2,2381,T
3-PA,1391,2410,1,0,0,2411,A
3-PA,1392,0,1,0,2599,2600,C
3-PA,1393,2524,1,1,1,2527,A
3-PA,1394,0,2467,0,1,2468,T
3-PA,1395,0,2435,0,1,2436,T
3-PA,1396,2407,0,1,0,2408,A
3-PA,1397,2444,0,1,0,2445,A
3-PA,1398,1,0,0,2447,2448,C
3-PA,1399,2402,0,1,0,2403,A
3-PA,1400,0,1,0,2404,2405,C
3-PA,1401,0,2083,0,1,2084,T
3-PA,1402,1,1,2161,0,2163,G
3-PA,1403,1,2,0,2153,2156,C
3-PA,1404,7,0,0,2144,2151,C
3-PA,1405,1,0,0,2162,2163,C
3-PA,1406,1,2102,1,2,2106,T
3-PA,1407,0,1,2174,0,2175,G
3-PA,1408,2,1,0,2173,2176,C
3-PA,1409,0,2171,0,0,2171,T
3-PA,1410,8,1,0,2223,2232,C
3-PA,1411,2151,1,3,1,2156,A
3-PA,1412,2175,0,0,1,2176,A
3-PA,1413,0,2181,0,1,2182,T
3-PA,1414,4,3,2171,0,2178,G
3-PA,1415,5,3,0,2173,2181,C
3-PA,1416,2131,1,1,1,2134,A
3-PA,1417,0,2122,0,3,2125,T
3-PA,1418,1,0,0,2120,2121,C
3-PA,1419,1,0,0,2132,2133,C
3-PA,1420,1,2027,0,3,2031,T
3-PA,1421,0,0,2072,0,2072,G
3-PA,1422,1,2062,0,1,2064,T
3-PA,1423,1,3,2055,0,2059,G
3-PA,1424,3,0,1,2056,2060,C
3-PA,1425,2027,0,2,0,2029,A
3-PA,1426,3,1,2040,0,2044,G
3-PA,1427,0,0,0,2039,2039,C
3-PA,1428,2008,0,0,0,2008,A
3-PA,1429,2009,0,1,0,2010,A
3-PA,1430,0,1942,0,0,1942,T
3-PA,1431,1,2,1934,0,1937,G
3-PA,1432,2,3,1931,0,1936,G
3-PA,1433,1936,1,3,0,1940,A
3-PA,1434,2,1,1,1932,1936,C
3-PA,1435,1,5,1904,0,1910,G
3-PA,1436,1931,0,1,0,1932,A
3-PA,1437,0,1928,0,2,1930,T
3-PA,1438,0,1923,0,0,1923,T
3-PA,1439,0,1921,0,0,1921,T
3-PA,1440,0,1923,0,0,1923,T
3-PA,1441,12,0,0,1912,1924,C
3-PA,1442,1926,0,2,0,1928,A
3-PA,1443,1931,0,1,0,1932,A
3-PA,1444,0,0,0,1936,1936,C
3-PA,1445,0,1894,0,4,1898,T
3-PA,1446,1900,1,0,0,1901,A
3-PA,1447,1900,0,1,0,1901,A
3-PA,1448,0,1902,0,0,1902,T
3-PA,1449,0,1897,0,2,1899,T
3-PA,1450,9,2,0,1884,1895,C
3-PA,1451,4,0,0,1891,1895,C
3-PA,1452,1,1,0,1889,1891,C
3-PA,1453,1886,0,3,0,1889,A
3-PA,1454,0,1909,0,0,1909,T
3-PA,1455,1,4,1903,0,1908,G
3-PA,1456,1908,0,3,0,1911,A
3-PA,1457,0,1902,1,1,1904,T
3-PA,1458,1891,0,2,0,1893,A
3-PA,1459,1889,0,5,0,1894,A
3-PA,1460,1,0,1894,0,1895,G
3-PA,1461,0,0,0,1895,1895,C
3-PA,1462,1889,0,0,0,1889,A
3-PA,1463,1825,0,3,0,1828,A
3-PA,1464,0,1,1862,2,1865,G
3-PA,1465,0,1844,0,1,1845,T
3-PA,1466,0,1,1841,0,1842,G
3-PA,1467,0,1,0,1838,1839,C
3-PA,1468,1811,0,0,0,1811,A
3-PA,1469,0,7,1842,0,1849,G
3-PA,1470,1842,0,2,0,1844,A
3-PA,1471,1874,0,1,0,1875,A
3-PA,1472,0,1,0,1886,1887,C
3-PA,1473,0,1824,0,0,1824,T
3-PA,1474,1839,0,0,0,1839,A
3-PA,1475,1835,0,0,0,1835,A
3-PA,1476,1830,0,5,0,1835,A
3-PA,1477,0,2,1841,0,1843,G
3-PA,1478,1746,0,3,0,1749,A
3-PA,1479,0,7,1739,0,1746,G
3-PA,1480,0,2,1698,0,1700,G
3-PA,1481,0,5,1692,0,1697,G
3-PA,1482,1675,1,3,0,1679,A
3-PA,1483,1641,0,4,0,1645,A
3-PA,1484,1,0,1651,0,1652,G
3-PA,1485,0,0,1654,0,1654,G
3-PA,1486,1,3,0,1648,1652,C
3-PA,1487,0,5,1644,0,1649,G
3-PA,1488,1640,0,2,0,1642,A
3-PA,1489,1641,0,0,0,1641,A
3-PA,1490,1635,0,1,0,1636,A
3-PA,1491,1642,0,0,0,1642,A
3-PA,1492,1640,0,1,0,1641,A
3-PA,1493,1,0,0,1643,1644,C
3-PA,1494,5,1,0,1631,1637,C
3-PA,1495,1634,0,1,0,1635,A
3-PA,1496,1657,0,0,0,1657,A
3-PA,1497,0,1655,0,1,1656,T
3-PA,1498,0,1651,0,1,1652,T
3-PA,1499,0,1657,1,0,1658,T
3-PA,1500,1663,0,2,0,1665,A
3-PA,1501,0,1660,0,2,1662,T
3-PA,1502,1655,0,2,0,1657,A
3-PA,1503,0,1644,0,1,1645,T
3-PA,1504,0,5,1617,0,1622,G
3-PA,1505,0,1,1592,0,1593,G
3-PA,1506,1590,0,0,0,1590,A
3-PA,1507,0,1580,1,4,1585,T
3-PA,1508,0,1563,0,0,1563,T
3-PA,1509,16,0,0,1544,1560,C
3-PA,1510,1564,1,0,0,1565,A
3-PA,1511,0,1581,0,2,1583,T
3-PA,1512,4,0,0,1582,1586,C
3-PA,1513,1584,0,0,0,1584,A
3-PA,1514,1,1574,0,0,1575,T
3-PA,1515,1565,1,1,1,1568,A
3-PA,1516,1567,0,1,1,1569,A
3-PA,1517,1560,0,4,0,1564,A
3-PA,1518,1,3,1554,0,1558,G
3-PA,1519,0,1,1516,0,1517,G
3-PA,1520,2,3,1487,0,1492,G
3-PA,1521,1484,1,0,0,1485,A
3-PA,1522,1468,0,5,1,1474,A
3-PA,1523,0,3,1474,0,1477,G
3-PA,1524,1467,0,2,0,1469,A
3-PA,1525,0,1464,0,4,1468,T
3-PA,1526,1,0,0,1463,1464,C
3-PA,1527,2,1438,0,1,1441,T
3-PA,1528,1,0,0,1469,1470,C
3-PA,1529,1466,0,2,0,1468,A
3-PA,1530,1,1464,0,1,1466,T
3-PA,1531,0,1466,0,0,1466,T
3-PA,1532,0,1441,0,0,1441,T
3-PA,1533,1437,0,0,0,1437,A
3-PA,1534,1439,0,0,0,1439,A
3-PA,1535,1,1,1436,0,1438,G
3-PA,1536,1,1,1448,0,1450,G
3-PA,1537,1351,1,0,1,1353,A
3-PA,1538,1348,1,1,0,1350,A
3-PA,1539,0,1344,2,2,1348,T
3-PA,1540,0,6,1347,1,1354,G
3-PA,1541,1382,0,2,0,1384,A
3-PA,1542,1,0,0,1381,1382,C
3-PA,1543,1366,0,6,0,1372,A
3-PA,1544,0,0,0,1371,1371,C
3-PA,1545,1315,0,0,0,1315,A
3-PA,1546,0,0,1330,0,1330,G
3-PA,1547,1318,1,2,0,1321,A
3-PA,1548,0,0,0,1299,1299,C
3-PA,1549,0,0,1283,0,1283,G
3-PA,1550,0,1190,0,0,1190,T
3-PA,1551,0,3,1185,0,1188,G
3-PA,1552,0,0,1192,0,1192,G
3-PA,1553,0,1192,0,0,1192,T
3-PA,1554,1190,0,0,0,1190,A
3-PA,1555,1157,0,1,0,1158,A
3-PA,1556,1159,0,0,0,1159,A
3-PA,1557,0,1158,0,0,1158,T
3-PA,1558,0,1132,0,0,1132,T
3-PA,1559,1,1128,0,0,1129,T
3-PA,1560,0,1114,0,0,1114,T
3-PA,1561,0,0,1112,0,1112,G
3-PA,1562,0,1090,0,0,1090,T
3-PA,1563,0,5,1088,0,1093,G
3-PA,1564,1083,0,0,0,1083,A
3-PA,1565,0,0,1088,0,1088,G
3-PA,1566,1,0,0,1084,1085,C
3-PA,1567,1082,0,0,0,1082,A
3-PA,1568,0,1081,0,0,1081,T
3-PA,1569,1,2,1076,0,1079,G
3-PA,1570,0,4,1085,0,1089,G
3-PA,1571,1089,0,0,1,1090,A
3-PA,1572,0,0,1090,0,1090,G
3-PA,1573,0,1076,0,0,1076,T
3-PA,1574,0,1059,1,1,1061,T
3-PA,1575,0,1059,0,1,1060,T
3-PA,1576,0,1059,1,3,1063,T
3-PA,1577,4,1,0,1058,1063,C
3-PA,1578,0,1060,0,2,1062,T
3-PA,1579,2,1,0,1058,1061,C
3-PA,1580,0,1025,1,2,1028,T
3-PA,1581,6,0,0,1017,1023,C
3-PA,1582,1019,1,0,0,1020,A
3-PA,1583,0,0,0,1019,1019,C
3-PA,1584,0,982,1,0,983,T
3-PA,1585,1,3,988,0,992,G
3-PA,1586,984,0,1,0,985,A
3-PA,1587,0,1,0,982,983,C
3-PA,1588,3,0,0,980,983,C
3-PA,1589,2,1,0,972,975,C
3-PA,1590,0,3,965,0,968,G
3-PA,1591,965,0,0,0,965,A
3-PA,1592,0,1,967,0,968,G
3-PA,1593,970,0,0,0,970,A
3-PA,1594,1,0,0,947,948,C
3-PA,1595,0,932,0,0,932,T
3-PA,1596,0,881,1,1,883,T
3-PA,1597,0,1,880,0,881,G
3-PA,1598,882,0,0,0,882,A
3-PA,1599,0,1,880,0,881,G
3-PA,1600,0,0,0,880,880,C
3-PA,1601,4,1,0,842,847,C
3-PA,1602,851,0,1,0,852,A
3-PA,1603,0,0,0,847,847,C
3-PA,1604,851,0,0,1,852,A
3-PA,1605,0,850,0,0,850,T
3-PA,1606,844,0,0,0,844,A
3-PA,1607,840,0,0,0,840,A
3-PA,1608,837,0,0,1,838,A
3-PA,1609,0,830,0,0,830,T
3-PA,1610,0,0,826,0,826,G
3-PA,1611,1,0,741,1,743,G
3-PA,1612,0,0,733,0,733,G
3-PA,1613,711,0,0,0,711,A
3-PA,1614,1,3,707,0,711,G
3-PA,1615,692,0,0,0,692,A
3-PA,1616,675,0,2,0,677,A
3-PA,1617,679,0,0,0,679,A
3-PA,1618,0,678,0,0,678,T
3-PA,1619,670,0,0,0,670,A
3-PA,1620,0,0,0,668,668,C
3-PA,1621,0,391,0,0,391,T
3-PA,1622,1,1,386,0,388,G
3-PA,1623,0,276,0,0,276,T
3-PA,1624,0,0,277,0,277,G
3-PA,1625,0,266,0,0,266,T
3-PA,1626,1,0,0,218,219,C
3-PA,1627,0,0,1,210,211,C
3-PA,1628,0,203,0,0,203,T
3-PA,1629,0,204,0,1,205,T
3-PA,1630,0,0,208,0,208,G
3-PA,1631,207,0,1,0,208,A
3-PA,1632,0,1,209,0,210,G
3-PA,1633,197,0,0,0,197,A
3-PA,1634,0,197,0,0,197,T
3-PA,1635,193,0,0,0,193,A
3-PA,1636,0,0,197,0,197,G
3-PA,1637,0,1,194,0,195,G
3-PA,1638,196,0,0,0,196,A
3-PA,1639,0,0,197,0,197,G
3-PA,1640,193,0,0,0,193,A
3-PA,1641,0,193,0,0,193,T
3-PA,1642,198,0,0,0,198,A
3-PA,1643,0,197,0,0,197,T
3-PA,1644,0,1,198,0,199,G
3-PA,1645,0,198,0,0,198,T
3-PA,1646,0,197,0,1,198,T
3-PA,1647,203,0,0,0,203,A
3-PA,1648,0,0,0,201,201,C
3-PA,1649,0,203,0,0,203,T
3-PA,1650,201,0,0,0,201,A
3-PA,1651,199,0,0,0,199,A
3-PA,1652,0,0,202,0,202,G
3-PA,1653,198,0,0,1,199,A
3-PA,1654,194,0,0,0,194,A
3-PA,1655,0,0,191,0,191,G
3-PA,1656,0,194,0,0,194,T
3-PA,1657,0,0,197,0,197,G
3-PA,1658,0,0,0,198,198,C
3-PA,1659,0,0,0,199,199,C
3-PA,1660,198,0,0,0,198,A
3-PA,1661,0,198,0,0,198,T
3-PA,1662,198,0,0,0,198,A
3-PA,1663,0,1,200,0,201,G
3-PA,1664,0,0,197,0,197,G
3-PA,1665,0,0,0,198,198,C
3-PA,1666,0,0,0,197,197,C
3-PA,1667,196,0,0,0,196,A
3-PA,1668,197,0,0,0,197,A
3-PA,1669,196,0,1,0,197,A
3-PA,1670,0,201,0,0,201,T
3-PA,1671,0,201,0,0,201,T
3-PA,1672,0,199,0,0,199,T
3-PA,1673,0,0,0,195,195,C
3-PA,1674,186,0,0,0,186,A
3-PA,1675,188,0,0,0,188,A
3-PA,1676,0,0,191,0,191,G
3-PA,1677,0,0,193,0,193,G
3-PA,1678,0,0,0,191,191,C
3-PA,1679,0,0,0,192,192,C
3-PA,1680,0,0,186,0,186,G
3-PA,1681,194,0,0,0,194,A
3-PA,1682,0,195,0,0,195,T
3-PA,1683,0,0,200,0,200,G
3-PA,1684,0,199,0,0,199,T
3-PA,1685,0,208,0,0,208,T
3-PA,1686,1,0,0,206,207,C
3-PA,1687,0,207,0,0,207,T
3-PA,1688,0,208,0,0,208,T
3-PA,1689,0,0,210,0,210,G
3-PA,1690,0,205,0,0,205,T
3-PA,1691,206,0,0,0,206,A
3-PA,1692,0,200,0,0,200,T
3-PA,1693,0,0,200,0,200,G
3-PA,1694,0,197,0,0,197,T
3-PA,1695,0,0,196,0,196,G
3-PA,1696,192,0,1,0,193,A
3-PA,1697,0,1,192,0,193,G
3-PA,1698,1,0,191,0,192,G
3-PA,1699,192,0,0,0,192,A
3-PA,1700,0,0,0,192,192,C
3-PA,1701,188,0,0,0,188,A
3-PA,1702,188,0,0,0,188,A
3-PA,1703,189,0,0,0,189,A
3-PA,1704,0,0,0,190,190,C
3-PA,1705,0,0,190,0,190,G
3-PA,1706,0,0,191,0,191,G
3-PA,1707,191,0,0,0,191,A
3-PA,1708,192,0,0,0,192,A
3-PA,1709,0,0,0,193,193,C
3-PA,1710,190,0,1,1,192,A
3-PA,1711,0,193,0,0,193,T
3-PA,1712,0,0,0,192,192,C
3-PA,1713,190,0,0,0,190,A
3-PA,1714,192,0,0,0,192,A
3-PA,1715,187,0,1,0,188,A
3-PA,1716,0,0,188,0,188,G
3-PA,1717,0,0,188,0,188,G
3-PA,1718,0,186,0,1,187,T
3-PA,1719,1,0,0,186,187,C
3-PA,1720,187,0,0,0,187,A
3-PA,1721,188,0,0,0,188,A
3-PA,1722,189,0,0,0,189,A
3-PA,1723,191,0,0,0,191,A
3-PA,1724,0,191,0,0,191,T
3-PA,1725,0,1,191,0,192,G
3-PA,1726,190,0,0,0,190,A
3-PA,1727,189,0,1,0,190,A
3-PA,1728,187,0,2,0,189,A
3-PA,1729,0,188,0,0,188,T
3-PA,1730,0,0,184,0,184,G
3-PA,1731,0,0,185,0,185,G
3-PA,1732,0,1,183,0,184,G
3-PA,1733,0,1,184,0,185,G
3-PA,1734,183,0,0,0,183,A
3-PA,1735,184,0,0,0,184,A
3-PA,1736,0,184,0,0,184,T
3-PA,1737,0,1,182,0,183,G
3-PA,1738,0,0,187,0,187,G
3-PA,1739,185,0,0,0,185,A
3-PA,1740,0,1,189,0,190,G
3-PA,1741,189,0,0,0,189,A
3-PA,1742,0,186,0,0,186,T
3-PA,1743,1,1,184,0,186,G
3-PA,1744,186,0,0,0,186,A
3-PA,1745,0,0,186,0,186,G
3-PA,1746,186,0,0,0,186,A
3-PA,1747,0,0,0,185,185,C
3-PA,1748,0,2,182,0,184,G
3-PA,1749,0,182,0,0,182,T
3-PA,1750,0,182,0,0,182,T
3-PA,1751,0,0,184,0,184,G
3-PA,1752,0,0,0,186,186,C
3-PA,1753,1,0,0,186,187,C
3-PA,1754,0,188,0,0,188,T
3-PA,1755,0,0,0,195,195,C
3-PA,1756,0,0,0,195,195,C
3-PA,1757,0,193,0,0,193,T
3-PA,1758,0,193,0,0,193,T
3-PA,1759,0,0,0,194,194,C
3-PA,1760,192,1,0,0,193,A
3-PA,1761,0,0,194,0,194,G
3-PA,1762,0,193,0,1,194,T
3-PA,1763,1,1,0,193,195,C
3-PA,1764,190,0,0,0,190,A
3-PA,1765,0,0,0,197,197,C
3-PA,1766,0,193,0,0,193,T
3-PA,1767,0,0,0,195,195,C
3-PA,1768,1,0,0,195,196,C
3-PA,1769,196,0,0,0,196,A
3-PA,1770,0,0,194,0,194,G
3-PA,1771,0,0,0,196,196,C
3-PA,1772,192,0,0,0,192,A
3-PA,1773,0,0,194,0,194,G
3-PA,1774,191,0,0,0,191,A
3-PA,1775,0,192,0,0,192,T
3-PA,1776,1,0,0,190,191,C
3-PA,1777,1,2,188,0,191,G
3-PA,1778,191,0,0,0,191,A
3-PA,1779,0,0,189,0,189,G
3-PA,1780,191,0,0,0,191,A
3-PA,1781,0,0,195,0,195,G
3-PA,1782,0,0,0,195,195,C
3-PA,1783,195,0,0,0,195,A
3-PA,1784,0,196,0,0,196,T
3-PA,1785,0,0,198,0,198,G
3-PA,1786,198,0,0,0,198,A
3-PA,1787,0,198,0,0,198,T
3-PA,1788,0,194,0,1,195,T
3-PA,1789,0,0,196,0,196,G
3-PA,1790,195,0,0,0,195,A
3-PA,1791,197,0,0,0,197,A
3-PA,1792,0,0,199,0,199,G
3-PA,1793,0,0,0,199,199,C
3-PA,1794,0,0,0,195,195,C
3-PA,1795,0,0,195,0,195,G
3-PA,1796,196,0,0,0,196,A
3-PA,1797,0,0,199,0,199,G
3-PA,1798,0,198,0,0,198,T
3-PA,1799,0,0,0,198,198,C
3-PA,1800,0,0,0,196,196,C
3-PA,1801,0,196,0,0,196,T
3-PA,1802,0,0,0,194,194,C
3-PA,1803,0,0,196,0,196,G
3-PA,1804,0,0,196,0,196,G
3-PA,1805,0,195,0,1,196,T
3-PA,1806,2,0,0,193,195,C
3-PA,1807,203,0,0,0,203,A
3-PA,1808,202,0,0,0,202,A
3-PA,1809,202,0,1,0,203,A
3-PA,1810,0,1,207,0,208,G
3-PA,1811,206,0,0,0,206,A
3-PA,1812,0,0,208,0,208,G
3-PA,1813,196,0,1,0,197,A
3-PA,1814,197,0,0,0,197,A
3-PA,1815,198,0,0,0,198,A
3-PA,1816,0,0,202,0,202,G
3-PA,1817,202,0,0,0,202,A
3-PA,1818,0,0,0,202,202,C
3-PA,1819,197,0,0,0,197,A
3-PA,1820,0,197,0,0,197,T
3-PA,1821,0,1,196,0,197,G
3-PA,1822,199,0,0,0,199,A
3-PA,1823,0,0,0,202,202,C
3-PA,1824,0,0,0,202,202,C
3-PA,1825,199,0,0,0,199,A
3-PA,1826,200,0,0,0,200,A
3-PA,1827,200,0,0,0,200,A
3-PA,1828,0,1,201,0,202,G
3-PA,1829,202,0,0,0,202,A
3-PA,1830,0,0,203,0,203,G
3-PA,1831,0,197,0,0,197,T
3-PA,1832,0,196,0,0,196,T
3-PA,1833,0,195,0,0,195,T
3-PA,1834,0,196,0,0,196,T
3-PA,1835,0,197,0,0,197,T
3-PA,1836,0,198,0,0,198,T
3-PA,1837,0,0,197,0,197,G
3-PA,1838,194,0,1,0,195,A
3-PA,1839,0,0,198,0,198,G
3-PA,1840,197,0,0,0,197,A
3-PA,1841,195,0,1,0,196,A
3-PA,1842,0,198,0,0,198,T
3-PA,1843,199,0,0,0,199,A
3-PA,1844,198,0,0,0,198,A
3-PA,1845,0,0,196,0,196,G
3-PA,1846,0,210,0,0,210,T
3-PA,1847,2,0,0,209,211,C
3-PA,1848,211,0,0,0,211,A
3-PA,1849,0,0,212,0,212,G
3-PA,1850,213,0,0,0,213,A
3-PA,1851,211,0,0,0,211,A
3-PA,1852,0,0,214,0,214,G
3-PA,1853,0,0,0,211,211,C
3-PA,1854,209,0,0,0,209,A
3-PA,1855,0,206,1,0,207,T
3-PA,1856,0,0,205,0,205,G
3-PA,1857,0,0,208,0,208,G
3-PA,1858,0,0,0,210,210,C
3-PA,1859,0,0,0,216,216,C
3-PA,1860,0,0,0,215,215,C
3-PA,1861,217,0,0,0,217,A
3-PA,1862,0,216,0,0,216,T
3-PA,1863,0,217,0,0,217,T
3-PA,1864,0,1,215,0,216,G
3-PA,1865,0,1,215,1,217,G
3-PA,1866,0,0,217,0,217,G
3-PA,1867,0,0,215,0,215,G
3-PA,1868,206,0,0,0,206,A
3-PA,1869,0,1,206,0,207,G
3-PA,1870,0,205,0,0,205,T
3-PA,1871,0,0,0,212,212,C
3-PA,1872,0,1,0,217,218,C
3-PA,1873,0,0,0,217,217,C
3-PA,1874,1,0,0,216,217,C
3-PA,1875,1,0,0,214,215,C
3-PA,1876,217,0,0,0,217,A
3-PA,1877,215,0,1,0,216,A
3-PA,1878,0,0,218,0,218,G
3-PA,1879,0,0,212,0,212,G
3-PA,1880,0,1,211,0,212,G
3-PA,1881,189,0,1,0,190,A
3-PA,1882,0,0,190,0,190,G
3-PA,1883,0,189,0,0,189,T
3-PA,1884,0,0,190,0,190,G
3-PA,1885,0,0,193,0,193,G
3-PA,1886,193,0,0,0,193,A
3-PA,1887,193,0,0,0,193,A
3-PA,1888,0,1,192,0,193,G
3-PA,1889,191,0,0,0,191,A
3-PA,1890,192,0,0,0,192,A
3-PA,1891,0,0,192,0,192,G
3-PA,1892,0,0,189,0,189,G
3-PA,1893,0,185,0,2,187,T
3-PA,1894,0,186,0,0,186,T
3-PA,1895,0,0,0,186,186,C
3-PA,1896,0,0,0,186,186,C
3-PA,1897,186,0,0,0,186,A
3-PA,1898,0,185,0,0,185,T
3-PA,1899,0,184,0,0,184,T
3-PA,1900,0,0,185,0,185,G
3-PA,1901,0,1,182,0,183,G
3-PA,1902,0,0,183,0,183,G
3-PA,1903,182,0,0,0,182,A
3-PA,1904,184,0,0,0,184,A
3-PA,1905,182,0,1,0,183,A
3-PA,1906,0,0,188,0,188,G
3-PA,1907,0,188,0,0,188,T
3-PA,1908,1,0,0,186,187,C
3-PA,1909,1,185,0,0,186,T
3-PA,1910,0,0,187,0,187,G
3-PA,1911,0,188,0,0,188,T
3-PA,1912,188,0,0,0,188,A
3-PA,1913,0,1,189,0,190,G
3-PA,1914,0,1,188,0,189,G
3-PA,1915,183,0,0,0,183,A
3-PA,1916,0,0,0,182,182,C
3-PA,1917,0,178,0,0,178,T
3-PA,1918,0,0,0,186,186,C
3-PA,1919,0,185,0,0,185,T
3-PA,1920,185,0,0,0,185,A
3-PA,1921,0,186,0,0,186,T
3-PA,1922,0,183,0,1,184,T
3-PA,1923,0,0,184,0,184,G
3-PA,1924,0,0,183,0,183,G
3-PA,1925,0,0,0,184,184,C
3-PA,1926,0,182,0,0,182,T
3-PA,1927,171,0,0,0,171,A
3-PA,1928,173,0,0,0,173,A
3-PA,1929,0,0,173,0,173,G
3-PA,1930,0,173,0,0,173,T
3-PA,1931,1,0,0,173,174,C
3-PA,1932,170,1,0,0,171,A
3-PA,1933,0,0,179,0,179,G
3-PA,1934,0,178,0,0,178,T
3-PA,1935,187,0,0,0,187,A
3-PA,1936,0,188,0,0,188,T
3-PA,1937,0,190,0,0,190,T
3-PA,1938,1,1,0,188,190,C
3-PA,1939,184,0,0,0,184,A
3-PA,1940,184,0,0,0,184,A
3-PA,1941,0,184,0,0,184,T
3-PA,1942,177,0,0,0,177,A
3-PA,1943,0,0,179,0,179,G
3-PA,1944,0,0,0,174,174,C
3-PA,1945,0,0,0,176,176,C
3-PA,1946,1,169,0,0,170,T
3-PA,1947,0,0,175,0,175,G
3-PA,1948,0,174,0,0,174,T
3-PA,1949,176,0,0,0,176,A
3-PA,1950,0,174,0,1,175,T
3-PA,1951,1,0,169,0,170,G
3-PA,1952,0,0,0,170,170,C
3-PA,1953,164,0,0,0,164,A
3-PA,1954,0,163,0,0,163,T
3-PA,1955,0,1,0,160,161,C
3-PA,1956,158,0,0,0,158,A
3-PA,1957,0,0,0,159,159,C
3-PA,1958,0,0,0,159,159,C
3-PA,1959,157,0,0,0,157,A
3-PA,1960,0,0,0,156,156,C
3-PA,1961,155,1,0,0,156,A
3-PA,1962,155,0,0,0,155,A
3-PA,1963,0,155,0,0,155,T
3-PA,1964,0,154,0,1,155,T
3-PA,1965,0,0,156,0,156,G
3-PA,1966,0,0,152,0,152,G
3-PA,1967,151,0,0,0,151,A
3-PA,1968,151,0,0,0,151,A
3-PA,1969,0,0,151,0,151,G
3-PA,1970,0,1,152,0,153,G
3-PA,1971,152,0,0,0,152,A
3-PA,1972,1,152,0,0,153,T
3-PA,1973,0,153,0,0,153,T
3-PA,1974,0,150,0,0,150,T
3-PA,1975,0,151,0,0,151,T
3-PA,1976,1,0,0,151,152,C
3-PA,1977,152,0,0,0,152,A
3-PA,1978,0,0,153,0,153,G
3-PA,1979,0,0,0,153,153,C
3-PA,1980,0,1,152,0,153,G
3-PA,1981,0,0,152,0,152,G
3-PA,1982,151,0,1,0,152,A
3-PA,1983,1,0,152,0,153,G
3-PA,1984,0,153,0,0,153,T
3-PA,1985,0,0,0,157,157,C
3-PA,1986,156,0,1,0,157,A
3-PA,1987,158,0,0,0,158,A
3-PA,1988,0,1,157,0,158,G
3-PA,1989,157,0,0,0,157,A
3-PA,1990,157,0,0,0,157,A
3-PA,1991,157,0,0,0,157,A
3-PA,1992,154,0,0,0,154,A
3-PA,1993,0,0,0,156,156,C
3-PA,1994,0,155,0,0,155,T
3-PA,1995,0,0,155,0,155,G
3-PA,1996,0,0,0,155,155,C
3-PA,1997,1,155,0,0,156,T
3-PA,1998,0,0,0,156,156,C
3-PA,1999,1,0,0,153,154,C
3-PA,2000,0,156,0,0,156,T
3-PA,2001,0,156,0,0,156,T
3-PA,2002,0,0,156,0,156,G
3-PA,2003,0,155,0,0,155,T
3-PA,2004,0,153,0,0,153,T
3-PA,2005,0,1,155,0,156,G
3-PA,2006,0,155,0,0,155,T
3-PA,2007,0,151,0,0,151,T
3-PA,2008,0,0,0,152,152,C
3-PA,2009,146,0,0,0,146,A
3-PA,2010,0,0,147,0,147,G
3-PA,2011,0,0,148,0,148,G
3-PA,2012,0,0,0,150,150,C
3-PA,2013,0,148,0,0,148,T
3-PA,2014,0,0,0,151,151,C
3-PA,2015,0,151,0,0,151,T
3-PA,2016,0,150,0,0,150,T
3-PA,2017,150,0,0,0,150,A
3-PA,2018,0,1,149,0,150,G
3-PA,2019,0,0,146,0,146,G
3-PA,2020,0,0,146,0,146,G
3-PA,2021,144,0,0,0,144,A
3-PA,2022,0,0,0,144,144,C
3-PA,2023,132,0,0,0,132,A
3-PA,2024,134,0,0,0,134,A
3-PA,2025,0,0,0,136,136,C
3-PA,2026,0,0,0,135,135,C
3-PA,2027,0,133,0,0,133,T
3-PA,2028,0,0,0,133,133,C
3-PA,2029,0,1,132,0,133,G
3-PA,2030,135,0,0,0,135,A
3-PA,2031,134,0,0,0,134,A
3-PA,2032,0,0,0,132,132,C
3-PA,2033,0,0,0,133,133,C
3-PA,2034,0,132,0,0,132,T
3-PA,2035,0,0,131,0,131,G
3-PA,2036,0,0,130,0,130,G
3-PA,2037,0,1,130,0,131,G
3-PA,2038,129,1,1,0,131,A
3-PA,2039,0,0,0,134,134,C
3-PA,2040,0,0,0,132,132,C
3-PA,2041,0,130,0,0,130,T
3-PA,2042,0,130,0,0,130,T
3-PA,2043,0,130,0,0,130,T
3-PA,2044,0,2,128,0,130,G
3-PA,2045,130,0,0,0,130,A
3-PA,2046,0,130,0,0,130,T
3-PA,2047,0,0,0,129,129,C
3-PA,2048,0,126,0,0,126,T
3-PA,2049,0,124,0,1,125,T
3-PA,2050,0,0,123,0,123,G
3-PA,2051,0,0,122,0,122,G
3-PA,2052,0,0,121,0,121,G
3-PA,2053,0,0,123,0,123,G
3-PA,2054,0,0,121,0,121,G
3-PA,2055,0,0,122,0,122,G
3-PA,2056,0,0,0,121,121,C
3-PA,2057,0,118,0,0,118,T
3-PA,2058,124,0,0,0,124,A
3-PA,2059,0,122,0,0,122,T
3-PA,2060,124,0,0,0,124,A
3-PA,2061,0,123,0,0,123,T
3-PA,2062,0,0,118,0,118,G
3-PA,2063,117,0,0,0,117,A
3-PA,2064,113,0,0,0,113,A
3-PA,2065,0,0,113,0,113,G
3-PA,2066,0,0,0,111,111,C
3-PA,2067,104,0,0,0,104,A
3-PA,2068,106,0,0,0,106,A
3-PA,2069,0,105,0,0,105,T
3-PA,2070,0,106,0,0,106,T
3-PA,2071,0,0,106,0,106,G
3-PA,2072,106,0,0,0,106,A
3-PA,2073,0,1,105,0,106,G
3-PA,2074,0,0,106,0,106,G
3-PA,2075,97,0,1,0,98,A
3-PA,2076,0,0,98,0,98,G
3-PA,2077,0,94,0,0,94,T
3-PA,2078,0,1,93,0,94,G
3-PA,2079,0,0,0,94,94,C
3-PA,2080,0,0,0,93,93,C
3-PA,2081,0,92,0,0,92,T
3-PA,2082,0,0,93,0,93,G
3-PA,2083,93,0,0,0,93,A
3-PA,2084,0,93,0,0,93,T
3-PA,2085,0,90,0,0,90,T
3-PA,2086,90,0,0,0,90,A
3-PA,2087,90,0,0,0,90,A
3-PA,2088,0,88,0,0,88,T
3-PA,2089,0,0,89,0,89,G
3-PA,2090,86,0,0,0,86,A
3-PA,2091,0,86,0,0,86,T
3-PA,2092,0,0,0,88,88,C
3-PA,2093,0,0,0,87,87,C
3-PA,2094,0,0,0,86,86,C
3-PA,2095,0,86,0,0,86,T
3-PA,2096,0,0,86,0,86,G
3-PA,2097,0,0,86,0,86,G
3-PA,2098,0,0,87,0,87,G
3-PA,2099,0,87,0,0,87,T
3-PA,2100,0,83,0,0,83,T
3-PA,2101,0,83,0,0,83,T
3-PA,2102,0,82,0,0,82,T
3-PA,2103,0,0,83,0,83,G
3-PA,2104,0,0,0,83,83,C
3-PA,2105,0,83,0,0,83,T
3-PA,2106,0,0,0,82,82,C
3-PA,2107,78,0,0,0,78,A
3-PA,2108,80,0,0,0,80,A
3-PA,2109,0,80,0,0,80,T
3-PA,2110,1,0,77,0,78,G
3-PA,2111,0,0,0,79,79,C
3-PA,2112,0,0,76,0,76,G
3-PA,2113,0,76,0,0,76,T
3-PA,2114,0,0,0,76,76,C
3-PA,2115,0,75,0,0,75,T
3-PA,2116,0,75,0,0,75,T
3-PA,2117,0,0,75,0,75,G
3-PA,2118,0,0,75,0,75,G
3-PA,2119,0,74,0,0,74,T
3-PA,2120,0,74,0,0,74,T
3-PA,2121,0,0,0,74,74,C
3-PA,2122,72,0,0,0,72,A
3-PA,2123,72,0,0,0,72,A
3-PA,2124,0,0,0,71,71,C
3-PA,2125,0,70,0,0,70,T
3-PA,2126,0,0,0,69,69,C
3-PA,2127,0,0,0,65,65,C
3-PA,2128,0,61,0,1,62,T
3-PA,2129,0,62,0,0,62,T
3-PA,2130,0,0,0,63,63,C
3-PA,2131,0,0,0,63,63,C
3-PA,2132,0,60,0,1,61,T
3-PA,2133,0,0,61,0,61,G
3-PA,2134,60,0,1,0,61,A
3-PA,2135,0,0,0,60,60,C
3-PA,2136,56,0,0,0,56,A
3-PA,2137,0,0,0,54,54,C
3-PA,2138,53,0,0,0,53,A
3-PA,2139,0,53,0,0,53,T
3-PA,2140,0,0,53,0,53,G
3-PA,2141,0,0,0,53,53,C
3-PA,2142,51,0,1,0,52,A
3-PA,2143,0,51,0,0,51,T
3-PA,2144,0,48,0,0,48,T
3-PA,2145,48,0,0,0,48,A
3-PA,2146,47,0,0,0,47,A
3-PA,2147,47,0,0,0,47,A
3-PA,2148,47,0,0,0,47,A
3-PA,2149,0,46,0,0,46,T
3-PA,2150,41,0,0,0,41,A
3-PA,2151,0,0,41,0,41,G
4-HA,1,197,0,0,0,197,A
4-HA,2,0,199,0,0,199,T
4-HA,3,0,0,202,0,202,G
4-HA,4,202,0,0,0,202,A
4-HA,5,204,0,0,0,204,A
4-HA,6,0,1,216,0,217,G
4-HA,7,217,0,0,0,217,A
4-HA,8,0,0,0,233,233,C
4-HA,9,0,235,0,0,235,T
4-HA,10,241,0,0,0,241,A
4-HA,11,0,253,0,2,255,T
4-HA,12,1,0,0,255,256,C
4-HA,13,257,0,0,0,257,A
4-HA,14,0,257,0,0,257,T
4-HA,15,0,256,0,0,256,T
4-HA,16,0,1,273,0,274,G
4-HA,17,1,1,0,274,276,C
4-HA,18,0,277,0,0,277,T
4-HA,19,0,276,0,0,276,T
4-HA,20,0,277,0,0,277,T
4-HA,21,0,1,292,0,293,G
4-HA,22,295,0,0,0,295,A
4-HA,23,0,0,307,0,307,G
4-HA,24,0,0,0,310,310,C
4-HA,25,0,310,0,0,310,T
4-HA,26,327,0,0,0,327,A
4-HA,27,1,0,0,333,334,C
4-HA,28,339,0,0,0,339,A
4-HA,29,1,354,0,0,355,T
4-HA,30,0,353,0,0,353,T
4-HA,31,1,0,0,358,359,C
4-HA,32,0,356,0,0,356,T
4-HA,33,362,0,0,0,362,A
4-HA,34,0,364,0,0,364,T
4-HA,35,0,0,369,0,369,G
4-HA,36,0,366,0,2,368,T
4-HA,37,1,0,0,366,367,C
4-HA,38,0,367,0,0,367,T
4-HA,39,0,1,367,0,368,G
4-HA,40,0,0,371,0,371,G
4-HA,41,0,369,0,0,369,T
4-HA,42,0,368,0,0,368,T
4-HA,43,0,369,0,1,370,T
4-HA,44,0,368,0,0,368,T
4-HA,45,1,0,0,370,371,C
4-HA,46,1,0,368,0,369,G
4-HA,47,0,0,0,375,375,C
4-HA,48,0,373,0,0,373,T
4-HA,49,2,0,0,371,373,C
4-HA,50,374,0,1,0,375,A
4-HA,51,376,0,0,0,376,A
4-HA,52,375,0,0,0,375,A
4-HA,53,376,0,0,0,376,A
4-HA,54,377,0,0,0,377,A
4-HA,55,0,0,0,381,381,C
4-HA,56,0,381,0,0,381,T
4-HA,57,0,381,0,0,381,T
4-HA,58,1,0,0,381,382,C
4-HA,59,1,0,0,382,383,C
4-HA,60,0,382,0,0,382,T
4-HA,61,0,0,388,0,388,G
4-HA,62,0,0,390,0,390,G
4-HA,63,392,0,0,0,392,A
4-HA,64,397,0,0,0,397,A
4-HA,65,396,0,0,0,396,A
4-HA,66,0,401,0,0,401,T
4-HA,67,1,1,404,0,406,G
4-HA,68,406,0,0,0,406,A
4-HA,69,0,1,0,412,413,C
4-HA,70,411,0,0,0,411,A
4-HA,71,411,0,1,1,413,A
4-HA,72,0,1,0,414,415,C
4-HA,73,414,0,0,0,414,A
4-HA,74,0,0,418,0,418,G
4-HA,75,0,0,0,419,419,C
4-HA,76,415,0,1,0,416,A
4-HA,77,0,0,0,435,435,C
4-HA,78,3,1,431,0,435,G
4-HA,79,0,0,436,0,436,G
4-HA,80,0,1,0,437,438,C
4-HA,81,430,0,1,0,431,A
4-HA,82,436,0,1,0,437,A
4-HA,83,0,1,0,440,441,C
4-HA,84,0,1,449,0,450,G
4-HA,85,0,0,0,450,450,C
4-HA,86,0,445,0,0,445,T
4-HA,87,0,0,459,0,459,G
4-HA,88,0,456,0,0,456,T
4-HA,89,1,0,473,0,474,G
4-HA,90,1,0,0,478,479,C
4-HA,91,1,0,0,482,483,C
4-HA,92,0,484,0,0,484,T
4-HA,93,0,478,0,0,478,T
4-HA,94,0,2,485,0,487,G
4-HA,95,0,0,488,0,488,G
4-HA,96,1,2,496,0,499,G
4-HA,97,1,0,0,498,499,C
4-HA,98,494,0,0,0,494,A
4-HA,99,0,0,0,496,496,C
4-HA,100,0,1,0,491,492,C
4-HA,101,526,0,0,0,526,A
4-HA,102,1,529,0,1,531,T
4-HA,103,0,0,534,0,534,G
4-HA,104,0,0,0,533,533,C
4-HA,105,527,0,0,0,527,A
4-HA,106,0,0,567,0,567,G
4-HA,107,0,568,0,0,568,T
4-HA,108,567,0,1,0,568,A
4-HA,109,1,1,0,567,569,C
4-HA,110,4,0,0,551,555,C
4-HA,111,556,0,0,0,556,A
4-HA,112,555,0,0,0,555,A
4-HA,113,551,0,2,0,553,A
4-HA,114,1,0,0,557,558,C
4-HA,115,0,1,539,0,540,G
4-HA,116,0,1,570,0,571,G
4-HA,117,570,0,0,0,570,A
4-HA,118,569,0,2,0,571,A
4-HA,119,0,0,0,571,571,C
4-HA,120,566,0,0,0,566,A
4-HA,121,580,0,1,0,581,A
4-HA,122,0,585,0,0,585,T
4-HA,123,594,0,0,0,594,A
4-HA,124,0,0,595,0,595,G
4-HA,125,0,584,0,0,584,T
4-HA,126,0,4,580,0,584,G
4-HA,127,583,0,1,0,584,A
4-HA,128,583,0,0,1,584,A
4-HA,129,589,0,0,0,589,A
4-HA,130,588,0,0,0,588,A
4-HA,131,0,0,0,599,599,C
4-HA,132,593,0,0,0,593,A
4-HA,133,600,0,0,0,600,A
4-HA,134,0,599,0,0,599,T
4-HA,135,0,0,1,597,598,C
4-HA,136,598,0,0,0,598,A
4-HA,137,0,1,0,603,604,C
4-HA,138,0,5,596,0,601,G
4-HA,139,601,0,0,0,601,A
4-HA,140,598,0,0,0,598,A
4-HA,141,0,601,0,0,601,T
4-HA,142,0,4,601,0,605,G
4-HA,143,606,0,4,0,610,A
4-HA,144,0,0,0,606,606,C
4-HA,145,4,1,0,605,610,C
4-HA,146,611,0,0,0,611,A
4-HA,147,619,0,0,0,619,A
4-HA,148,618,0,1,0,619,A
4-HA,149,0,620,0,0,620,T
4-HA,150,0,621,0,0,621,T
4-HA,151,0,1,621,0,622,G
4-HA,152,617,0,1,0,618,A
4-HA,153,620,0,1,0,621,A
4-HA,154,0,0,625,0,625,G
4-HA,155,0,621,0,0,621,T
4-HA,156,0,636,0,4,640,T
4-HA,157,646,0,0,0,646,A
4-HA,158,0,0,0,651,651,C
4-HA,159,0,651,0,1,652,T
4-HA,160,653,0,0,0,653,A
4-HA,161,663,0,0,0,663,A
4-HA,162,0,665,0,0,665,T
4-HA,163,0,0,665,0,665,G
4-HA,164,0,0,0,684,684,C
4-HA,165,0,676,0,2,678,T
4-HA,166,679,0,0,0,679,A
4-HA,167,0,0,0,679,679,C
4-HA,168,0,676,0,0,676,T
4-HA,169,1,1,676,0,678,G
4-HA,170,673,1,1,0,675,A
4-HA,171,1,1,674,0,676,G
4-HA,172,1,0,0,675,676,C
4-HA,173,0,660,0,0,660,T
4-HA,174,0,2,675,0,677,G
4-HA,175,0,0,691,1,692,G
4-HA,176,0,694,0,0,694,T
4-HA,177,0,692,0,1,693,T
4-HA,178,6,1,0,685,692,C
4-HA,179,690,0,0,0,690,A
4-HA,180,0,1,690,0,691,G
4-HA,181,692,0,2,0,694,A
4-HA,182,0,1,703,0,704,G
4-HA,183,0,691,0,0,691,T
4-HA,184,0,683,0,0,683,T
4-HA,185,0,0,0,688,688,C
4-HA,186,0,4,0,685,689,C
4-HA,187,0,682,0,1,683,T
4-HA,188,0,0,0,688,688,C
4-HA,189,684,0,0,0,684,A
4-HA,190,688,0,0,0,688,A
4-HA,191,1,0,1,689,691,C
4-HA,192,676,0,0,0,676,A
4-HA,193,0,1,694,0,695,G
4-HA,194,0,0,691,0,691,G
4-HA,195,0,687,0,0,687,T
4-HA,196,1,1,692,0,694,G
4-HA,197,695,0,0,0,695,A
4-HA,198,696,0,0,0,696,A
4-HA,199,720,0,0,0,720,A
4-HA,200,0,707,0,0,707,T
4-HA,201,720,0,0,0,720,A
4-HA,202,0,708,0,0,708,T
4-HA,203,0,0,706,0,706,G
4-HA,204,1,0,0,708,709,C
4-HA,205,0,1,706,1,708,G
4-HA,206,709,0,0,0,709,A
4-HA,207,0,0,0,711,711,C
4-HA,208,703,0,0,0,703,A
4-HA,209,1,0,751,0,752,G
4-HA,210,0,747,0,2,749,T
4-HA,211,1,0,0,757,758,C
4-HA,212,0,0,0,759,759,C
4-HA,213,0,752,0,0,752,T
4-HA,214,0,0,0,765,765,C
4-HA,215,763,0,0,0,763,A
4-HA,216,0,763,0,1,764,T
4-HA,217,1,0,0,762,763,C
4-HA,218,731,0,1,0,732,A
4-HA,219,0,3,734,1,738,G
4-HA,220,730,0,0,0,730,A
4-HA,221,0,736,0,0,736,T
4-HA,222,0,1,0,737,738,C
4-HA,223,0,0,0,737,737,C
4-HA,224,0,741,0,0,741,T
4-HA,225,0,744,0,0,744,T
4-HA,226,0,2,741,0,743,G
4-HA,227,746,0,1,0,747,A
4-HA,228,1,741,0,1,743,T
4-HA,229,0,1,754,1,756,G
4-HA,230,0,2,749,0,751,G
4-HA,231,734,0,3,0,737,A
4-HA,232,0,0,740,0,740,G
4-HA,233,732,0,0,0,732,A
4-HA,234,0,1,730,0,731,G
4-HA,235,743,0,1,0,744,A
4-HA,236,748,0,0,0,748,A
4-HA,237,0,0,0,752,752,C
4-HA,238,0,748,0,0,748,T
4-HA,239,0,1,765,0,766,G
4-HA,240,0,2,0,762,764,C
4-HA,241,765,0,1,0,766,A
4-HA,242,0,3,0,794,797,C
4-HA,243,785,0,1,1,787,A
4-HA,244,0,1,0,869,870,C
4-HA,245,1,867,0,0,868,T
4-HA,246,883,0,0,0,883,A
4-HA,247,880,0,1,0,881,A
4-HA,248,0,882,0,0,882,T
4-HA,249,880,1,0,0,881,A
4-HA,250,0,0,884,0,884,G
4-HA,251,861,0,0,0,861,A
4-HA,252,0,848,0,0,848,T
4-HA,253,1,0,815,0,816,G
4-HA,254,0,2,0,818,820,C
4-HA,255,0,815,0,3,818,T
4-HA,256,3,0,0,889,892,C
4-HA,257,0,892,2,0,894,T
4-HA,258,909,1,0,0,910,A
4-HA,259,0,911,0,0,911,T
4-HA,260,0,907,0,0,907,T
4-HA,261,0,2,915,0,917,G
4-HA,262,0,3,909,0,912,G
4-HA,263,0,1,905,0,906,G
4-HA,264,892,0,0,1,893,A
4-HA,265,1,4,882,0,887,G
4-HA,266,876,0,2,0,878,A
4-HA,267,1,1,0,985,987,C
4-HA,268,0,0,0,1003,1003,C
4-HA,269,0,0,0,1015,1015,C
4-HA,270,0,1016,0,0,1016,T
4-HA,271,1,0,0,1028,1029,C
4-HA,272,1027,0,0,0,1027,A
4-HA,273,850,0,179,0,1029,A
4-HA,274,0,1059,0,2,1061,T
4-HA,275,1,2,1062,0,1065,G
4-HA,276,0,1066,0,3,1069,T
4-HA,277,0,3,1059,0,1062,G
4-HA,278,1055,2,1,1,1059,A
4-HA,279,0,1059,0,1,1060,T
4-HA,280,0,1,1057,0,1058,G
4-HA,281,1,1,1053,0,1055,G
4-HA,282,0,0,0,1049,1049,C
4-HA,283,0,1051,0,2,1053,T
4-HA,284,0,1053,0,0,1053,T
4-HA,285,1,0,0,1057,1058,C
4-HA,286,2,0,0,1059,1061,C
4-HA,287,1058,0,0,0,1058,A
4-HA,288,1064,0,0,0,1064,A
4-HA,289,1064,0,0,0,1064,A
4-HA,290,1067,0,0,0,1067,A
4-HA,291,0,1074,0,0,1074,T
4-HA,292,1073,0,1,0,1074,A
4-HA,293,1073,0,2,0,1075,A
4-HA,294,1,6,1077,0,1084,G
4-HA,295,1083,0,2,0,1085,A
4-HA,296,1088,0,1,0,1089,A
4-HA,297,1091,0,0,0,1091,A
4-HA,298,0,1090,0,1,1091,T
4-HA,299,0,5,1084,0,1089,G
4-HA,300,0,3,1088,0,1091,G
4-HA,301,2,2,1088,0,1092,G
4-HA,302,1096,0,0,0,1096,A
4-HA,303,0,0,0,1104,1104,C
4-HA,304,1,0,0,1106,1107,C
4-HA,305,0,1119,0,4,1123,T
4-HA,306,0,1122,0,0,1122,T
4-HA,307,0,1120,0,0,1120,T
4-HA,308,0,1131,0,0,1131,T
4-HA,309,1,1130,0,0,1131,T
4-HA,310,0,0,1139,0,1139,G
4-HA,311,0,1138,0,2,1140,T
4-HA,312,0,1135,0,1,1136,T
4-HA,313,1,5,1129,0,1135,G
4-HA,314,1122,0,0,0,1122,A
4-HA,315,1127,0,0,0,1127,A
4-HA,316,1,0,0,1127,1128,C
4-HA,317,0,1,1123,0,1124,G
4-HA,318,0,1,1,1141,1143,C
4-HA,319,1141,0,0,0,1141,A
4-HA,320,1,2,1149,0,1152,G
4-HA,321,0,0,0,1151,1151,C
4-HA,322,1153,0,0,0,1153,A
4-HA,323,1155,0,1,0,1156,A
4-HA,324,1154,0,3,0,1157,A
4-HA,325,1,0,1206,0,1207,G
4-HA,326,0,0,0,1205,1205,C
4-HA,327,2,1,0,1193,1196,C
4-HA,328,0,1194,0,0,1194,T
4-HA,329,1189,0,0,0,1189,A
4-HA,330,1,3,0,1205,1209,C
4-HA,331,1209,0,0,0,1209,A
4-HA,332,0,1,1207,0,1208,G
4-HA,333,1,1,0,1200,1202,C
4-HA,334,1182,0,0,0,1182,A
4-HA,335,1192,0,0,0,1192,A
4-HA,336,1,0,0,1251,1252,C
4-HA,337,0,1248,0,0,1248,T
4-HA,338,1,0,1255,0,1256,G
4-HA,339,0,1242,0,2,1244,T
4-HA,340,0,1239,1,1,1241,T
4-HA,341,1243,0,1,0,1244,A
4-HA,342,1,0,0,1319,1320,C
4-HA,343,4,0,1,1315,1320,C
4-HA,344,3,0,0,1339,1342,C
4-HA,345,0,1286,0,0,1286,T
4-HA,346,0,1279,0,1,1280,T
4-HA,347,1285,0,0,0,1285,A
4-HA,348,0,1283,0,1,1284,T
4-HA,349,0,5,1282,0,1287,G
4-HA,350,1283,0,1,0,1284,A
4-HA,351,0,1210,0,0,1210,T
4-HA,352,1,1,1228,0,1230,G
4-HA,353,0,1203,0,0,1203,T
4-HA,354,0,2,1194,0,1196,G
4-HA,355,0,0,0,1198,1198,C
4-HA,356,2,0,0,1199,1201,C
4-HA,357,1,2,1225,0,1228,G
4-HA,358,0,2,1255,0,1257,G
4-HA,359,1252,0,1,0,1253,A
4-HA,360,0,1258,0,0,1258,T
4-HA,361,0,1240,0,0,1240,T
4-HA,362,1243,0,2,0,1245,A
4-HA,363,0,1238,0,1,1239,T
4-HA,364,1,0,1235,1,1237,G
4-HA,365,0,1,0,1236,1237,C
4-HA,366,2,2,0,1226,1230,C
4-HA,367,0,1242,0,0,1242,T
4-HA,368,2,0,0,1298,1300,C
4-HA,369,3,1,1,1314,1319,C
4-HA,370,1,1,0,1320,1322,C
4-HA,371,0,1314,0,2,1316,T
4-HA,372,0,1315,0,0,1315,T
4-HA,373,1310,1,1,0,1312,A
4-HA,374,0,0,1344,0,1344,G
4-HA,375,0,0,1346,0,1346,G
4-HA,376,1,1327,0,5,1333,T
4-HA,377,6,2,0,1306,1314,C
4-HA,378,1292,0,2,0,1294,A
4-HA,379,0,1,0,1330,1331,C
4-HA,380,0,1325,0,1,1326,T
4-HA,381,1328,0,1,0,1329,A
4-HA,382,1,1,1329,0,1331,G
4-HA,383,0,1316,0,0,1316,T
4-HA,384,0,1308,0,0,1308,T
4-HA,385,0,0,1329,0,1329,G
4-HA,386,0,0,0,1328,1328,C
4-HA,387,3,0,0,1324,1327,C
4-HA,388,1,1313,0,0,1314,T
4-HA,389,1,1,0,1317,1319,C
4-HA,390,1371,0,0,1,1372,A
4-HA,391,0,1373,1,0,1374,T
4-HA,392,2,0,0,1372,1374,C
4-HA,393,1,1,0,1369,1371,C
4-HA,394,1,3,1360,0,1364,G
4-HA,395,3,1,1366,0,1370,G
4-HA,396,1,0,0,1375,1376,C
4-HA,397,1393,0,0,0,1393,A
4-HA,398,0,0,0,1410,1410,C
4-HA,399,1395,0,1,0,1396,A
4-HA,400,0,0,0,1398,1398,C
4-HA,401,1,1386,1,2,1390,T
4-HA,402,1,3,1406,0,1410,G
4-HA,403,0,4,1421,0,1425,G
4-HA,404,1411,0,2,0,1413,A
4-HA,405,0,1,1426,0,1427,G
4-HA,406,0,1400,1,2,1403,T
4-HA,407,0,1394,0,1,1395,T
4-HA,408,0,1399,0,0,1399,T
4-HA,409,1399,0,0,0,1399,A
4-HA,410,1398,1,0,0,1399,A
4-HA,411,0,0,0,1406,1406,C
4-HA,412,1385,0,0,0,1385,A
4-HA,413,1386,0,3,0,1389,A
4-HA,414,1,1375,1,0,1377,T
4-HA,415,0,4,1372,0,1376,G
4-HA,416,1367,0,0,0,1367,A
4-HA,417,1371,0,0,0,1371,A
4-HA,418,1369,0,5,0,1374,A
4-HA,419,0,1,1382,0,1383,G
4-HA,420,1,0,0,1386,1387,C
4-HA,421,0,1379,0,2,1381,T
4-HA,422,0,1380,0,1,1381,T
4-HA,423,8,0,0,1386,1394,C
4-HA,424,1399,0,0,0,1399,A
4-HA,425,1400,1,0,0,1401,A
4-HA,426,1,1394,0,0,1395,T
4-HA,427,0,1394,0,0,1394,T
4-HA,428,0,1,1417,0,1418,G
4-HA,429,0,7,1430,0,1437,G
4-HA,430,1434,1,1,0,1436,A
4-HA,431,0,1,1,1434,1436,C
4-HA,432,1,1430,0,1,1432,T
4-HA,433,0,2,1437,0,1439,G
4-HA,434,0,2,1449,0,1451,G
4-HA,435,1446,1,1,0,1448,A
4-HA,436,1,0,1451,0,1452,G
4-HA,437,0,1409,0,4,1413,T
4-HA,438,5,0,0,1402,1407,C
4-HA,439,1418,0,1,0,1419,A
4-HA,440,1,0,0,1423,1424,C
4-HA,441,0,1416,0,5,1421,T
4-HA,442,14,0,0,1409,1423,C
4-HA,443,1413,0,0,0,1413,A
4-HA,444,1424,0,1,0,1425,A
4-HA,445,1425,0,2,0,1427,A
4-HA,446,1426,0,3,0,1429,A
4-HA,447,0,1,0,1430,1431,C
4-HA,448,1,2,1412,0,1415,G
4-HA,449,0,8,1426,1,1435,G
4-HA,450,1434,1,2,1,1438,A
4-HA,451,1433,0,0,0,1433,A
4-HA,452,0,1,0,1437,1438,C
4-HA,453,1421,0,1,0,1422,A
4-HA,454,1436,0,3,0,1439,A
4-HA,455,0,2,1451,0,1453,G
4-HA,456,0,0,0,1456,1456,C
4-HA,457,0,1441,0,2,1443,T
4-HA,458,0,0,0,1458,1458,C
4-HA,459,0,1449,0,1,1450,T
4-HA,460,1,0,1454,0,1455,G
4-HA,461,0,0,0,1457,1457,C
4-HA,462,0,1450,1,2,1453,T
4-HA,463,0,1483,0,1,1484,T
4-HA,464,1,1,1503,0,1505,G
4-HA,465,1,0,2,1512,1515,C
4-HA,466,1522,0,2,0,1524,A
4-HA,467,0,1517,1,1,1519,T
4-HA,468,1517,0,2,0,1519,A
4-HA,469,1506,0,2,0,1508,A
4-HA,470,1,1,1507,0,1509,G
4-HA,471,1,4,1510,0,1515,G
4-HA,472,1456,0,5,0,1461,A
4-HA,473,0,1,1451,0,1452,G
4-HA,474,1444,0,3,1,1448,A
4-HA,475,0,1502,0,0,1502,T
4-HA,476,3,1,0,1509,1513,C
4-HA,477,0,1523,0,0,1523,T
4-HA,478,1531,0,0,0,1531,A
4-HA,479,1526,2,0,0,1528,A
4-HA,480,0,1517,0,5,1522,T
4-HA,481,1519,0,0,0,1519,A
4-HA,482,1502,0,2,0,1504,A
4-HA,483,0,1,0,1509,1510,C
4-HA,484,1447,0,0,0,1447,A
4-HA,485,1,0,1481,0,1482,G
4-HA,486,0,1451,0,1,1452,T
4-HA,487,0,1474,0,0,1474,T
4-HA,488,0,1472,2,0,1474,T
4-HA,489,0,0,0,1500,1500,C
4-HA,490,1,1500,0,2,1503,T
4-HA,491,0,1503,3,0,1506,T
4-HA,492,0,1503,1,0,1504,T
4-HA,493,1492,0,1,0,1493,A
4-HA,494,0,1,1492,0,1493,G
4-HA,495,0,1487,0,0,1487,T
4-HA,496,1472,0,0,0,1472,A
4-HA,497,0,3,1477,0,1480,G
4-HA,498,1435,0,1,0,1436,A
4-HA,499,1,1435,0,2,1438,T
4-HA,500,1,1437,0,0,1438,T
4-HA,501,0,7,1465,0,1472,G
4-HA,502,1470,0,1,0,1471,A
4-HA,503,1468,1,0,0,1469,A
4-HA,504,0,1469,0,0,1469,T
4-HA,505,0,1455,0,2,1457,T
4-HA,506,0,4,1467,0,1471,G
4-HA,507,0,1,1471,0,1472,G
4-HA,508,0,1471,0,2,1473,T
4-HA,509,0,1469,0,0,1469,T
4-HA,510,2,4,1443,0,1449,G
4-HA,511,1446,0,1,0,1447,A
4-HA,512,0,2,0,1440,1442,C
4-HA,513,1,0,0,1442,1443,C
4-HA,514,5,1,0,1426,1432,C
4-HA,515,1421,0,0,0,1421,A
4-HA,516,0,0,0,1418,1418,C
4-HA,517,0,1415,0,2,1417,T
4-HA,518,6,0,0,1407,1413,C
4-HA,519,1428,0,0,0,1428,A
4-HA,520,1431,0,0,0,1431,A
4-HA,521,1430,0,0,0,1430,A
4-HA,522,1406,1,35,0,1442,A
4-HA,523,0,1460,0,0,1460,T
4-HA,524,1,1454,0,1,1456,T
4-HA,525,8,0,0,1459,1467,C
4-HA,526,1455,2,1,0,1458,A
4-HA,527,1455,0,1,0,1456,A
4-HA,528,1459,0,1,0,1460,A
4-HA,529,0,1457,0,1,1458,T
4-HA,530,1489,0,1,0,1490,A
4-HA,531,1,0,0,1485,1486,C
4-HA,532,5,0,0,1456,1461,C
4-HA,533,0,0,0,1466,1466,C
4-HA,534,1457,0,4,0,1461,A
4-HA,535,0,0,1529,0,1529,G
4-HA,536,0,0,0,1530,1530,C
4-HA,537,1523,1,0,0,1524,A
4-HA,538,0,1525,0,1,1526,T
4-HA,539,0,1485,0,1,1486,T
4-HA,540,0,7,1522,0,1529,G
4-HA,541,1536,0,2,0,1538,A
4-HA,542,1538,0,0,0,1538,A
4-HA,543,1,0,0,1534,1535,C
4-HA,544,0,2,1499,1,1502,G
4-HA,545,0,1521,0,1,1522,T
4-HA,546,2,11,1515,0,1528,G
4-HA,547,1528,1,1,0,1530,A
4-HA,548,2,0,0,1527,1529,C
4-HA,549,1,1482,1,0,1484,T
4-HA,550,1532,1,0,0,1533,A
4-HA,551,0,1528,0,3,1531,T
4-HA,552,0,2,1543,0,1545,G
4-HA,553,0,0,1,1550,1551,C
4-HA,554,1,1,1,1527,1530,C
4-HA,555,1525,0,0,0,1525,A
4-HA,556,1523,0,1,0,1524,A
4-HA,557,1546,0,0,2,1548,A
4-HA,558,2,2,0,1552,1556,C
4-HA,559,1526,0,0,0,1526,A
4-HA,560,1527,0,2,0,1529,A
4-HA,561,0,1508,0,0,1508,T
4-HA,562,0,9,1503,0,1512,G
4-HA,563,1510,1,0,0,1511,A
4-HA,564,1509,0,1,0,1510,A
4-HA,565,0,0,0,1471,1471,C
4-HA,566,1481,0,0,0,1481,A
4-HA,567,1494,0,0,0,1494,A
4-HA,568,0,1486,0,0,1486,T
4-HA,569,2,1487,0,2,1491,T
4-HA,570,0,1497,0,1,1498,T
4-HA,571,0,12,1481,0,1493,G
4-HA,572,1492,1,1,0,1494,A
4-HA,573,0,0,0,1496,1496,C
4-HA,574,1485,0,0,0,1485,A
4-HA,575,1485,0,1,0,1486,A
4-HA,576,1503,1,1,0,1505,A
4-HA,577,0,1518,0,0,1518,T
4-HA,578,0,1504,0,1,1505,T
4-HA,579,0,0,1519,0,1519,G
4-HA,580,0,1512,1,0,1513,T
4-HA,581,1514,0,0,0,1514,A
4-HA,582,1,1,0,1541,1543,C
4-HA,583,1556,0,0,0,1556,A
4-HA,584,0,1588,0,0,1588,T
4-HA,585,0,1561,0,1,1562,T
4-HA,586,0,1555,0,0,1555,T
4-HA,587,1,1,1541,0,1543,G
4-HA,588,1,4,1527,0,1532,G
4-HA,589,0,4,1532,0,1536,G
4-HA,590,2,3,1525,0,1530,G
4-HA,591,0,3,1510,0,1513,G
4-HA,592,0,1,1539,0,1540,G
4-HA,593,0,1518,1,6,1525,T
4-HA,594,0,1528,0,1,1529,T
4-HA,595,2,0,1,1529,1532,C
4-HA,596,1532,0,1,0,1533,A
4-HA,597,1,0,0,1548,1549,C
4-HA,598,2,2,0,1543,1547,C
4-HA,599,1549,0,1,0,1550,A
4-HA,600,0,0,0,1556,1556,C
4-HA,601,4,1,0,1523,1528,C
4-HA,602,0,0,0,1529,1529,C
4-HA,603,0,0,1535,0,1535,G
4-HA,604,0,4,1602,0,1606,G
4-HA,605,2,1,1611,0,1614,G
4-HA,606,0,1604,0,0,1604,T
4-HA,607,1606,0,1,0,1607,A
4-HA,608,0,1,0,1595,1596,C
4-HA,609,3,5,1563,0,1571,G
4-HA,610,0,8,1576,0,1584,G
4-HA,611,1590,0,2,0,1592,A
4-HA,612,1,2,0,1582,1585,C
4-HA,613,1486,0,1,0,1487,A
4-HA,614,1496,0,0,0,1496,A
4-HA,615,1,1495,0,1,1497,T
4-HA,616,2,7,1512,0,1521,G
4-HA,617,1514,1,3,0,1518,A
4-HA,618,1,0,0,1507,1508,C
4-HA,619,3,0,0,1500,1503,C
4-HA,620,1502,1,0,0,1503,A
4-HA,621,1496,0,0,0,1496,A
4-HA,622,1516,0,0,0,1516,A
4-HA,623,0,1493,0,9,1502,T
4-HA,624,4,0,0,1522,1526,C
4-HA,625,0,1432,0,1,1433,T
4-HA,626,0,1440,0,1,1441,T
4-HA,627,4,0,0,1449,1453,C
4-HA,628,3,0,0,1456,1459,C
4-HA,629,2,1443,0,3,1448,T
4-HA,630,0,0,1453,0,1453,G
4-HA,631,1,1436,0,0,1437,T
4-HA,632,1455,0,0,0,1455,A
4-HA,633,0,1444,0,3,1447,T
4-HA,634,0,0,1460,0,1460,G
4-HA,635,0,0,0,1469,1469,C
4-HA,636,0,1463,0,1,1464,T
4-HA,637,7,3,0,1456,1466,C
4-HA,638,1465,0,3,0,1468,A
4-HA,639,1464,0,0,0,1464,A
4-HA,640,0,0,1473,0,1473,G
4-HA,641,1,1,0,1475,1477,C
4-HA,642,1474,0,1,0,1475,A
4-HA,643,0,1462,0,0,1462,T
4-HA,644,4,0,0,1448,1452,C
4-HA,645,1446,0,2,1,1449,A
4-HA,646,1,1,1456,0,1458,G
4-HA,647,0,0,1467,0,1467,G
4-HA,648,1462,0,1,0,1463,A
4-HA,649,1455,1,1,0,1457,A
4-HA,650,0,5,1513,0,1518,G
4-HA,651,1514,1,1,0,1516,A
4-HA,652,1534,1,1,0,1536,A
4-HA,653,0,1547,0,1,1548,T
4-HA,654,2,0,0,1545,1547,C
4-HA,655,1533,0,0,0,1533,A
4-HA,656,0,2,0,1533,1535,C
4-HA,657,1524,0,2,0,1526,A
4-HA,658,0,0,1557,0,1557,G
4-HA,659,1,1523,0,0,1524,T
4-HA,660,0,2,0,1523,1525,C
4-HA,661,0,1499,0,2,1501,T
4-HA,662,0,0,0,1548,1548,C
4-HA,663,1,1551,0,0,1552,T
4-HA,664,1562,0,0,0,1562,A
4-HA,665,1,1,0,1558,1560,C
4-HA,666,6,0,0,1554,1560,C
4-HA,667,1541,0,0,0,1541,A
4-HA,668,1541,0,0,0,1541,A
4-HA,669,1540,0,0,0,1540,A
4-HA,670,1533,0,4,0,1537,A
4-HA,671,0,4,1544,0,1548,G
4-HA,672,1509,0,1,1,1511,A
4-HA,673,1503,0,1,0,1504,A
4-HA,674,3,0,1516,0,1519,G
4-HA,675,1,0,0,1515,1516,C
4-HA,676,0,1,0,1516,1517,C
4-HA,677,1517,1,1,0,1519,A
4-HA,678,1516,6,1,0,1523,A
4-HA,679,1,2,0,1519,1522,C
4-HA,680,1521,0,0,0,1521,A
4-HA,681,1521,0,0,6,1527,A
4-HA,682,1533,0,2,0,1535,A
4-HA,683,0,0,0,1579,1579,C
4-HA,684,0,1566,0,0,1566,T
4-HA,685,100,0,1476,0,1576,G
4-HA,686,0,1584,0,3,1587,T
4-HA,687,1584,0,0,0,1584,A
4-HA,688,1588,0,0,0,1588,A
4-HA,689,0,1582,0,0,1582,T
4-HA,690,1,0,0,1596,1597,C
4-HA,691,0,0,0,1590,1590,C
4-HA,692,3,0,0,1542,1545,C
4-HA,693,0,7,1540,0,1547,G
4-HA,694,1549,0,0,0,1549,A
4-HA,695,1552,0,1,0,1553,A
4-HA,696,0,1553,0,0,1553,T
4-HA,697,1547,2,2,0,1551,A
4-HA,698,0,1538,0,3,1541,T
4-HA,699,3,0,0,1535,1538,C
4-HA,700,1,3,1532,0,1536,G
4-HA,701,0,0,1571,0,1571,G
4-HA,702,1574,0,1,0,1575,A
4-HA,703,0,1588,0,2,1590,T
4-HA,704,4,0,0,1588,1592,C
4-HA,705,1,1587,0,1,1589,T
4-HA,706,1588,0,1,0,1589,A
4-HA,707,0,4,1589,0,1593,G
4-HA,708,1598,0,1,1,1600,A
4-HA,709,0,0,0,1595,1595,C
4-HA,710,1,0,0,1541,1542,C
4-HA,711,1,0,0,1544,1545,C
4-HA,712,1534,0,1,0,1535,A
4-HA,713,0,3,1627,1,1631,G
4-HA,714,1629,0,0,0,1629,A
4-HA,715,1,0,1644,0,1645,G
4-HA,716,0,1625,0,1,1626,T
4-HA,717,1621,0,0,0,1621,A
4-HA,718,1616,1,2,0,1619,A
4-HA,719,0,1,1641,0,1642,G
4-HA,720,0,4,1655,0,1659,G
4-HA,721,1645,0,1,0,1646,A
4-HA,722,1525,0,1,0,1526,A
4-HA,723,1,1528,0,2,1531,T
4-HA,724,1528,0,2,0,1530,A
4-HA,725,0,1527,0,1,1528,T
4-HA,726,5,2,0,1534,1541,C
4-HA,727,2,0,0,1532,1534,C
4-HA,728,3,0,0,1501,1504,C
4-HA,729,1,1490,0,1,1492,T
4-HA,730,1503,0,0,0,1503,A
4-HA,731,0,0,1507,0,1507,G
4-HA,732,1,1,0,1504,1506,C
4-HA,733,1479,0,0,0,1479,A
4-HA,734,0,2,1523,0,1525,G
4-HA,735,1502,0,0,0,1502,A
4-HA,736,1505,0,0,0,1505,A
4-HA,737,0,1499,0,0,1499,T
4-HA,738,1501,0,0,0,1501,A
4-HA,739,1507,0,0,0,1507,A
4-HA,740,1,1,1502,1,1505,G
4-HA,741,0,0,0,1505,1505,C
4-HA,742,1508,0,0,0,1508,A
4-HA,743,0,1472,0,0,1472,T
4-HA,744,2,0,1,1546,1549,C
4-HA,745,0,1548,0,2,1550,T
4-HA,746,1574,2,0,0,1576,A
4-HA,747,0,1570,0,1,1571,T
4-HA,748,0,1560,1,2,1563,T
4-HA,749,0,5,1564,0,1569,G
4-HA,750,1,5,1557,0,1563,G
4-HA,751,1560,2,1,0,1563,A
4-HA,752,1,1,1,1556,1559,C
4-HA,753,1456,1,0,0,1457,A
4-HA,754,1491,0,0,0,1491,A
4-HA,755,0,1539,0,0,1539,T
4-HA,756,1555,0,4,0,1559,A
4-HA,757,1,0,1573,0,1574,G
4-HA,758,0,1561,0,1,1562,T
4-HA,759,1559,0,0,0,1559,A
4-HA,760,1562,0,1,0,1563,A
4-HA,761,1594,0,0,0,1594,A
4-HA,762,1608,0,1,0,1609,A
4-HA,763,0,0,0,1619,1619,C
4-HA,764,0,2,0,1556,1558,C
4-HA,765,0,2,1548,1,1551,G
4-HA,766,0,1,1559,1,1561,G
4-HA,767,0,6,1578,0,1584,G
4-HA,768,1580,0,0,0,1580,A
4-HA,769,1,5,1579,2,1587,G
4-HA,770,1609,1,2,0,1612,A
4-HA,771,1,0,0,1615,1616,C
4-HA,772,1611,0,1,1,1613,A
4-HA,773,0,1614,0,2,1616,T
4-HA,774,1622,2,0,0,1624,A
4-HA,775,1,0,0,1651,1652,C
4-HA,776,1,1639,0,4,1644,T
4-HA,777,1,1651,1,2,1655,T
4-HA,778,0,1664,1,1,1666,T
4-HA,779,0,1645,0,1,1646,T
4-HA,780,0,5,1650,0,1655,G
4-HA,781,1654,0,1,2,1657,A
4-HA,782,0,1646,0,2,1648,T
4-HA,783,0,1698,0,3,1701,T
4-HA,784,1683,0,0,0,1683,A
4-HA,785,1697,0,0,0,1697,A
4-HA,786,1,2,0,1700,1703,C
4-HA,787,1694,0,0,0,1694,A
4-HA,788,0,0,1746,0,1746,G
4-HA,789,0,1,0,1738,1739,C
4-HA,790,1739,1,0,0,1740,A
4-HA,791,1,1,0,1750,1752,C
4-HA,792,1731,1,0,0,1732,A
4-HA,793,0,1,1750,0,1751,G
4-HA,794,0,2,1742,0,1744,G
4-HA,795,5,4,1796,1,1806,G
4-HA,796,1800,0,1,0,1801,A
4-HA,797,1804,2,2,0,1808,A
4-HA,798,1,1812,0,1,1814,T
4-HA,799,3,0,0,1817,1820,C
4-HA,800,0,1828,0,2,1830,T
4-HA,801,1842,0,0,0,1842,A
4-HA,802,1832,0,0,0,1832,A
4-HA,803,0,1824,0,2,1826,T
4-HA,804,0,1775,0,0,1775,T
4-HA,805,0,1,1797,0,1798,G
4-HA,806,0,0,0,1832,1832,C
4-HA,807,0,1892,0,2,1894,T
4-HA,808,2,2,0,1941,1945,C
4-HA,809,2,0,0,1951,1953,C
4-HA,810,0,1942,0,1,1943,T
4-HA,811,1945,0,1,0,1946,A
4-HA,812,1,3,1949,0,1953,G
4-HA,813,0,7,1965,0,1972,G
4-HA,814,0,2,1974,0,1976,G
4-HA,815,1,1,1952,1,1955,G
4-HA,816,0,1912,1,1,1914,T
4-HA,817,0,1900,0,2,1902,T
4-HA,818,1906,0,1,0,1907,A
4-HA,819,2,0,0,1930,1932,C
4-HA,820,2,1912,0,3,1917,T
4-HA,821,0,1933,0,0,1933,T
4-HA,822,5,0,0,1919,1924,C
4-HA,823,1903,1,0,0,1904,A
4-HA,824,1905,0,1,0,1906,A
4-HA,825,1912,1,1,0,1914,A
4-HA,826,1921,0,2,0,1923,A
4-HA,827,0,1924,0,1,1925,T
4-HA,828,1912,0,2,0,1914,A
4-HA,829,0,2,0,1908,1910,C
4-HA,830,0,2,1901,0,1903,G
4-HA,831,1910,1,1,0,1912,A
4-HA,832,1909,0,2,1,1912,A
4-HA,833,0,0,1942,0,1942,G
4-HA,834,0,1938,0,0,1938,T
4-HA,835,1,2,1953,0,1956,G
4-HA,836,0,3,1952,0,1955,G
4-HA,837,0,1,1958,0,1959,G
4-HA,838,1954,1,1,0,1956,A
4-HA,839,1961,0,1,0,1962,A
4-HA,840,1962,0,2,0,1964,A
4-HA,841,1955,0,1,0,1956,A
4-HA,842,1,0,2003,0,2004,G
4-HA,843,0,0,0,2003,2003,C
4-HA,844,0,1982,0,2,1984,T
4-HA,845,6,1,0,2011,2018,C
4-HA,846,2008,0,1,0,2009,A
4-HA,847,2018,1,2,0,2021,A
4-HA,848,0,2015,0,6,2021,T
4-HA,849,2039,0,0,0,2039,A
4-HA,850,2037,0,2,0,2039,A
4-HA,851,0,1974,0,1,1975,T
4-HA,852,1,5,1980,0,1986,G
4-HA,853,1970,0,0,0,1970,A
4-HA,854,1,4,2029,0,2034,G
4-HA,855,2030,0,0,1,2031,A
4-HA,856,0,2019,0,2,2021,T
4-HA,857,7,0,0,2039,2046,C
4-HA,858,2044,0,1,0,2045,A
4-HA,859,0,0,2074,0,2074,G
4-HA,860,2076,0,2,0,2078,A
4-HA,861,0,2072,0,0,2072,T
4-HA,862,2,1,2074,0,2077,G
4-HA,863,0,1,0,2047,2048,C
4-HA,864,2053,0,0,0,2053,A
4-HA,865,0,2,0,2090,2092,C
4-HA,866,6,0,0,2063,2069,C
4-HA,867,4,1,0,2071,2076,C
4-HA,868,2043,0,1,0,2044,A
4-HA,869,0,2033,1,2,2036,T
4-HA,870,0,2032,1,1,2034,T
4-HA,871,0,7,2066,0,2073,G
4-HA,872,0,1,2075,0,2076,G
4-HA,873,1,0,0,2068,2069,C
4-HA,874,2037,0,1,0,2038,A
4-HA,875,2034,0,0,0,2034,A
4-HA,876,2075,0,1,0,2076,A
4-HA,877,0,2075,0,2,2077,T
4-HA,878,0,1,2081,0,2082,G
4-HA,879,0,3,0,2079,2082,C
4-HA,880,2060,0,1,0,2061,A
4-HA,881,2103,1,3,0,2107,A
4-HA,882,0,2102,0,3,2105,T
4-HA,883,1,2122,0,1,2124,T
4-HA,884,9,0,0,2115,2124,C
4-HA,885,0,2082,0,1,2083,T
4-HA,886,1,4,2104,0,2109,G
4-HA,887,2103,0,0,0,2103,A
4-HA,888,2110,0,0,0,2110,A
4-HA,889,1,2104,0,1,2106,T
4-HA,890,2,3,2070,0,2075,G
4-HA,891,0,1,0,2081,2082,C
4-HA,892,2073,0,1,0,2074,A
4-HA,893,0,2066,0,5,2071,T
4-HA,894,3,0,0,2069,2072,C
4-HA,895,2061,1,2,0,2064,A
4-HA,896,0,0,0,2143,2143,C
4-HA,897,0,2129,0,1,2130,T
4-HA,898,5,1,0,2131,2137,C
4-HA,899,3,1,0,2131,2135,C
4-HA,900,2164,0,1,0,2165,A
4-HA,901,2158,0,1,0,2159,A
4-HA,902,2160,0,0,1,2161,A
4-HA,903,1,2069,0,0,2070,T
4-HA,904,0,2,2079,0,2081,G
4-HA,905,0,5,2086,0,2091,G
4-HA,906,2087,0,1,0,2088,A
4-HA,907,2086,0,1,0,2087,A
4-HA,908,0,0,2093,0,2093,G
4-HA,909,2,0,0,2069,2071,C
4-HA,910,2039,1,1,0,2041,A
4-HA,911,0,2048,0,0,2048,T
4-HA,912,1,2040,0,0,2041,T
4-HA,913,3,2,0,2112,2117,C
4-HA,914,3,0,0,2110,2113,C
4-HA,915,4,1,0,2109,2114,C
4-HA,916,2104,0,2,0,2106,A
4-HA,917,2129,0,1,2,2132,A
4-HA,918,0,2163,0,0,2163,T
4-HA,919,0,12,2150,0,2162,G
4-HA,920,2158,0,2,0,2160,A
4-HA,921,1,2,0,2157,2160,C
4-HA,922,2096,0,3,0,2099,A
4-HA,923,2099,0,2,0,2101,A
4-HA,924,2100,0,1,2,2103,A
4-HA,925,1,1,0,2107,2109,C
4-HA,926,4,1,0,2083,2088,C
4-HA,927,2046,0,1,0,2047,A
4-HA,928,0,2055,0,2,2057,T
4-HA,929,0,2056,0,1,2057,T
4-HA,930,4,1,0,2060,2065,C
4-HA,931,2,2,0,2058,2062,C
4-HA,932,2060,0,0,0,2060,A
4-HA,933,2056,0,0,0,2056,A
4-HA,934,2046,0,2,0,2048,A
4-HA,935,2090,1,3,0,2094,A
4-HA,936,0,2084,1,1,2086,T
4-HA,937,0,0,2085,0,2085,G
4-HA,938,0,2061,1,3,2065,T
4-HA,939,1,2061,0,0,2062,T
4-HA,940,2090,0,0,0,2090,A
4-HA,941,2089,1,2,0,2092,A
4-HA,942,0,0,0,2096,2096,C
4-HA,943,2073,1,4,0,2078,A
4-HA,944,0,2,2088,0,2090,G
4-HA,945,0,10,2086,1,2097,G
4-HA,946,2136,0,2,0,2138,A
4-HA,947,0,2144,0,2,2146,T
4-HA,948,7,1,0,2151,2159,C
4-HA,949,2171,0,5,0,2176,A
4-HA,950,0,0,0,2246,2246,C
4-HA,951,2246,0,5,0,2251,A
4-HA,952,1,2312,0,1,2314,T
4-HA,953,2257,2,0,0,2259,A
4-HA,954,0,1,0,2230,2231,C
4-HA,955,2,1,2144,1,2148,G
4-HA,956,0,3,2150,0,2153,G
4-HA,957,3,5,2122,0,2130,G
4-HA,958,1,2,2123,0,2126,G
4-HA,959,1,2,0,2072,2075,C
4-HA,960,2,0,0,2068,2070,C
4-HA,961,0,2025,0,2,2027,T
4-HA,962,1,0,2201,0,2202,G
4-HA,963,3,2203,0,3,2209,T
4-HA,964,10,1,0,2211,2222,C
4-HA,965,3,0,0,2216,2219,C
4-HA,966,2,0,0,2226,2228,C
4-HA,967,2209,0,2,0,2211,A
4-HA,968,0,2,2223,0,2225,G
4-HA,969,2220,1,2,0,2223,A
4-HA,970,0,2218,0,0,2218,T
4-HA,971,2051,0,0,0,2051,A
4-HA,972,1,2019,0,1,2021,T
4-HA,973,0,1,2024,0,2025,G
4-HA,974,0,2021,0,2,2023,T
4-HA,975,0,1990,0,0,1990,T
4-HA,976,2003,0,3,0,2006,A
4-HA,977,1975,0,1,0,1976,A
4-HA,978,0,10,1983,0,1993,G
4-HA,979,0,1,0,1995,1996,C
4-HA,980,1951,1,1,1,1954,A
4-HA,981,1944,3,2,1,1950,A
4-HA,982,1929,1,2,2,1934,A
4-HA,983,1938,0,3,0,1941,A
4-HA,984,0,4,0,1934,1938,C
4-HA,985,1915,0,3,1,1919,A
4-HA,986,2,0,0,1936,1938,C
4-HA,987,0,1903,0,2,1905,T
4-HA,988,2,0,0,1914,1916,C
4-HA,989,0,1905,0,3,1908,T
4-HA,990,2,5,1920,0,1927,G
4-HA,991,1925,0,0,0,1925,A
4-HA,992,1919,0,0,0,1919,A
4-HA,993,1923,0,3,0,1926,A
4-HA,994,0,1914,0,0,1914,T
4-HA,995,0,1891,0,0,1891,T
4-HA,996,0,5,1899,1,1905,G
4-HA,997,0,0,1899,0,1899,G
4-HA,998,0,0,0,1904,1904,C
4-HA,999,1888,0,0,1,1889,A
4-HA,1000,1886,0,4,0,1890,A
4-HA,1001,0,0,0,1896,1896,C
4-HA,1002,1890,0,2,0,1892,A
4-HA,1003,1,3,1916,0,1920,G
4-HA,1004,0,4,1896,0,1900,G
4-HA,1005,1,2,1897,0,1900,G
4-HA,1006,1898,2,4,0,1904,A
4-HA,1007,0,1894,0,2,1896,T
4-HA,1008,1,0,1895,0,1896,G
4-HA,1009,1,2,0,1893,1896,C
4-HA,1010,0,8,1891,1,1900,G
4-HA,1011,1913,0,2,0,1915,A
4-HA,1012,1889,0,2,0,1891,A
4-HA,1013,1897,0,2,0,1899,A
4-HA,1014,0,1865,0,5,1870,T
4-HA,1015,1,0,1907,0,1908,G
4-HA,1016,0,1907,0,0,1907,T
4-HA,1017,1901,0,1,0,1902,A
4-HA,1018,0,0,0,1900,1900,C
4-HA,1019,4,1,0,1874,1879,C
4-HA,1020,1832,1,0,0,1833,A
4-HA,1021,1,6,1836,0,1843,G
4-HA,1022,1815,0,2,0,1817,A
4-HA,1023,2,0,1828,0,1830,G
4-HA,1024,1805,1,0,0,1806,A
4-HA,1025,1807,0,0,0,1807,A
4-HA,1026,1804,0,4,0,1808,A
4-HA,1027,0,0,0,1811,1811,C
4-HA,1028,1799,0,2,0,1801,A
4-HA,1029,1837,0,2,0,1839,A
4-HA,1030,1835,1,2,0,1838,A
4-HA,1031,0,1,0,1852,1853,C
4-HA,1032,1,1834,0,0,1835,T
4-HA,1033,1819,0,0,0,1819,A
4-HA,1034,0,4,1819,0,1823,G
4-HA,1035,1807,0,3,0,1810,A
4-HA,1036,0,3,1851,0,1854,G
4-HA,1037,1,1,1846,0,1848,G
4-HA,1038,1,2,0,1824,1827,C
4-HA,1039,1823,0,2,0,1825,A
4-HA,1040,1,1813,0,2,1816,T
4-HA,1041,1823,0,4,0,1827,A
4-HA,1042,0,1816,0,2,1818,T
4-HA,1043,0,1815,0,0,1815,T
4-HA,1044,0,1814,0,1,1815,T
4-HA,1045,1,4,1749,0,1754,G
4-HA,1046,1,1,1749,0,1751,G
4-HA,1047,3,0,1,1747,1751,C
4-HA,1048,2,1,1741,2,1746,G
4-HA,1049,1,0,0,1733,1734,C
4-HA,1050,1722,0,1,2,1725,A
4-HA,1051,1735,0,0,0,1735,A
4-HA,1052,1,1738,0,0,1739,T
4-HA,1053,6,0,0,1743,1749,C
4-HA,1054,0,0,1747,0,1747,G
4-HA,1055,1,0,1,1735,1737,C
4-HA,1056,6,0,1735,0,1741,G
4-HA,1057,1,0,1751,0,1752,G
4-HA,1058,0,1,1757,0,1758,G
4-HA,1059,0,1746,0,4,1750,T
4-HA,1060,0,1729,0,1,1730,T
4-HA,1061,0,1726,0,1,1727,T
4-HA,1062,2,3,0,1727,1732,C
4-HA,1063,1740,0,1,0,1741,A
4-HA,1064,0,1738,0,1,1739,T
4-HA,1065,1735,0,0,0,1735,A
4-HA,1066,0,2,1756,0,1758,G
4-HA,1067,1719,0,0,0,1719,A
4-HA,1068,1724,1,1,0,1726,A
4-HA,1069,1725,0,0,0,1725,A
4-HA,1070,1719,0,3,0,1722,A
4-HA,1071,0,1720,0,1,1721,T
4-HA,1072,0,4,1733,0,1737,G
4-HA,1073,0,2,1753,0,1755,G
4-HA,1074,0,1744,0,3,1747,T
4-HA,1075,0,1715,0,0,1715,T
4-HA,1076,1,2,1710,0,1713,G
4-HA,1077,0,3,1705,0,1708,G
4-HA,1078,0,2,1723,0,1725,G
4-HA,1079,1704,0,0,0,1704,A
4-HA,1080,0,2,1711,0,1713,G
4-HA,1081,1,1,1690,0,1692,G
4-HA,1082,0,5,1720,0,1725,G
4-HA,1083,1718,2,1,0,1721,A
4-HA,1084,1739,1,4,0,1744,A
4-HA,1085,0,1750,0,0,1750,T
4-HA,1086,0,4,1754,0,1758,G
4-HA,1087,0,2,1781,0,1783,G
4-HA,1088,0,1767,0,0,1767,T
4-HA,1089,1,2,1769,0,1772,G
4-HA,1090,0,2,1760,0,1762,G
4-HA,1091,1710,0,2,0,1712,A
4-HA,1092,0,1717,0,0,1717,T
4-HA,1093,1,3,1747,0,1751,G
4-HA,1094,0,0,1774,0,1774,G
4-HA,1095,0,1745,0,1,1746,T
4-HA,1096,0,1700,0,0,1700,T
4-HA,1097,1,6,1696,0,1703,G
4-HA,1098,1,1,1720,0,1722,G
4-HA,1099,1,1717,0,1,1719,T
4-HA,1100,1714,0,1,0,1715,A
4-HA,1101,1,2,0,1620,1623,C
4-HA,1102,0,5,1637,0,1642,G
4-HA,1103,1,1,1714,0,1716,G
4-HA,1104,0,1713,0,2,1715,T
4-HA,1105,0,1711,0,0,1711,T
4-HA,1106,0,1709,0,1,1710,T
4-HA,1107,6,2,0,1676,1684,C
4-HA,1108,1677,2,0,0,1679,A
4-HA,1109,0,1,1679,0,1680,G
4-HA,1110,2,1,1675,0,1678,G
4-HA,1111,0,1,0,1673,1674,C
4-HA,1112,1619,1,0,1,1621,A
4-HA,1113,1,1629,0,3,1633,T
4-HA,1114,4,1,0,1628,1633,C
4-HA,1115,1637,1,1,0,1639,A
4-HA,1116,1638,0,0,1,1639,A
4-HA,1117,1636,0,1,1,1638,A
4-HA,1118,1644,0,0,0,1644,A
4-HA,1119,2,1641,0,0,1643,T
4-HA,1120,0,1637,0,1,1638,T
4-HA,1121,4,0,0,1642,1646,C
4-HA,1122,0,1618,0,1,1619,T
4-HA,1123,1,5,1616,0,1622,G
4-HA,1124,1618,0,2,0,1620,A
4-HA,1125,1607,0,0,1,1608,A
4-HA,1126,0,3,1617,0,1620,G
4-HA,1127,0,2,1641,0,1643,G
4-HA,1128,1641,0,2,0,1643,A
4-HA,1129,1634,0,3,0,1637,A
4-HA,1130,0,0,1620,0,1620,G
4-HA,1131,1643,0,4,0,1647,A
4-HA,1132,1,2,1666,0,1669,G
4-HA,1133,0,2,1670,0,1672,G
4-HA,1134,1670,0,6,0,1676,A
4-HA,1135,0,0,0,1674,1674,C
4-HA,1136,1657,0,1,0,1658,A
4-HA,1137,1656,0,1,2,1659,A
4-HA,1138,1,1,1661,0,1663,G
4-HA,1139,0,3,0,1662,1665,C
4-HA,1140,1648,0,0,0,1648,A
4-HA,1141,0,0,1653,0,1653,G
4-HA,1142,0,1,0,1638,1639,C
4-HA,1143,1635,0,1,0,1636,A
4-HA,1144,0,6,1647,0,1653,G
4-HA,1145,1640,1,2,0,1643,A
4-HA,1146,0,1677,0,1,1678,T
4-HA,1147,4,0,0,1683,1687,C
4-HA,1148,0,1675,0,4,1679,T
4-HA,1149,4,2,0,1692,1698,C
4-HA,1150,1692,0,0,0,1692,A
4-HA,1151,1693,0,0,0,1693,A
4-HA,1152,1686,1,1,0,1688,A
4-HA,1153,1653,0,4,0,1657,A
4-HA,1154,1,0,1665,0,1666,G
4-HA,1155,1,0,0,1641,1642,C
4-HA,1156,1632,0,0,0,1632,A
4-HA,1157,0,0,0,1663,1663,C
4-HA,1158,0,1654,0,1,1655,T
4-HA,1159,6,0,0,1646,1652,C
4-HA,1160,1648,0,1,0,1649,A
4-HA,1161,1679,0,1,0,1680,A
4-HA,1162,1,0,1682,0,1683,G
4-HA,1163,0,2,0,1674,1676,C
4-HA,1164,1654,1,1,1,1657,A
4-HA,1165,0,1,1666,0,1667,G
4-HA,1166,1,2,1,1636,1640,C
4-HA,1167,1634,0,1,0,1635,A
4-HA,1168,1636,0,0,0,1636,A
4-HA,1169,0,1627,0,1,1628,T
4-HA,1170,4,0,0,1599,1603,C
4-HA,1171,2,4,1611,0,1617,G
4-HA,1172,1617,1,1,0,1619,A
4-HA,1173,0,1615,0,0,1615,T
4-HA,1174,6,0,0,1602,1608,C
4-HA,1175,1603,0,0,0,1603,A
4-HA,1176,1631,1,2,0,1634,A
4-HA,1177,1642,1,2,0,1645,A
4-HA,1178,0,1642,0,0,1642,T
4-HA,1179,9,0,0,1640,1649,C
4-HA,1180,1626,0,0,0,1626,A
4-HA,1181,1645,1,0,1,1647,A
4-HA,1182,0,1644,0,0,1644,T
4-HA,1183,0,6,1636,0,1642,G
4-HA,1184,0,5,1633,0,1638,G
4-HA,1185,1,6,1606,0,1613,G
4-HA,1186,1621,0,0,0,1621,A
4-HA,1187,1615,0,3,0,1618,A
4-HA,1188,0,0,1646,0,1646,G
4-HA,1189,0,0,0,1646,1646,C
4-HA,1190,1,1620,0,2,1623,T
4-HA,1191,0,5,1693,0,1698,G
4-HA,1192,1686,1,5,0,1692,A
4-HA,1193,1695,0,4,0,1699,A
4-HA,1194,0,1699,0,0,1699,T
4-HA,1195,1668,0,0,0,1668,A
4-HA,1196,0,2,1661,0,1663,G
4-HA,1197,1521,2,1,1,1525,A
4-HA,1198,0,1535,0,0,1535,T
4-HA,1199,1,1538,0,0,1539,T
4-HA,1200,0,6,1542,0,1548,G
4-HA,1201,1541,0,0,0,1541,A
4-HA,1202,0,1541,0,2,1543,T
4-HA,1203,3,0,0,1539,1542,C
4-HA,1204,1,1,1537,0,1539,G
4-HA,1205,1,2,1531,0,1534,G
4-HA,1206,2,5,1535,0,1542,G
4-HA,1207,1541,0,0,0,1541,A
4-HA,1208,1545,0,1,0,1546,A
4-HA,1209,1525,0,2,1,1528,A
4-HA,1210,1535,0,1,0,1536,A
4-HA,1211,2,1,0,1532,1535,C
4-HA,1212,5,0,0,1534,1539,C
4-HA,1213,1526,0,3,0,1529,A
4-HA,1214,1523,0,0,0,1523,A
4-HA,1215,0,3,0,1525,1528,C
4-HA,1216,2,6,1523,1,1532,G
4-HA,1217,1524,0,2,0,1526,A
4-HA,1218,0,4,1520,1,1525,G
4-HA,1219,1526,0,1,0,1527,A
4-HA,1220,1523,1,1,0,1525,A
4-HA,1221,1523,1,1,1,1526,A
4-HA,1222,0,1534,0,1,1535,T
4-HA,1223,1,1521,0,3,1525,T
4-HA,1224,4,0,0,1527,1531,C
4-HA,1225,1,2,0,1524,1527,C
4-HA,1226,1523,3,1,0,1527,A
4-HA,1227,0,1524,0,3,1527,T
4-HA,1228,1,0,0,1525,1526,C
4-HA,1229,1517,1,0,0,1518,A
4-HA,1230,0,0,1527,0,1527,G
4-HA,1231,1521,0,0,0,1521,A
4-HA,1232,0,1518,0,1,1519,T
4-HA,1233,0,1508,0,3,1511,T
4-HA,1234,0,11,1518,0,1529,G
4-HA,1235,1528,0,3,0,1531,A
4-HA,1236,1531,1,1,0,1533,A
4-HA,1237,1533,0,2,0,1535,A
4-HA,1238,1530,0,1,0,1531,A
4-HA,1239,1519,2,1,0,1522,A
4-HA,1240,0,2,1523,0,1525,G
4-HA,1241,1514,1,2,0,1517,A
4-HA,1242,1519,0,0,0,1519,A
4-HA,1243,1,1496,0,1,1498,T
4-HA,1244,0,1496,0,1,1497,T
4-HA,1245,6,0,0,1492,1498,C
4-HA,1246,1,1502,0,0,1503,T
4-HA,1247,3,0,0,1501,1504,C
4-HA,1248,1498,1,2,0,1501,A
4-HA,1249,0,3,1499,0,1502,G
4-HA,1250,1496,1,0,0,1497,A
4-HA,1251,1489,0,0,0,1489,A
4-HA,1252,2,0,1515,0,1517,G
4-HA,1253,0,1510,1,2,1513,T
4-HA,1254,5,0,0,1503,1508,C
4-HA,1255,0,3,1508,0,1511,G
4-HA,1256,1507,0,1,0,1508,A
4-HA,1257,1506,0,1,1,1508,A
4-HA,1258,0,3,1496,0,1499,G
4-HA,1259,1,1,1508,0,1510,G
4-HA,1260,0,6,1505,0,1511,G
4-HA,1261,1470,0,3,0,1473,A
4-HA,1262,0,4,1474,0,1478,G
4-HA,1263,1478,1,0,0,1479,A
4-HA,1264,1572,0,0,0,1572,A
4-HA,1265,0,1570,0,0,1570,T
4-HA,1266,0,1569,0,0,1569,T
4-HA,1267,5,1,0,1564,1570,C
4-HA,1268,1544,0,1,0,1545,A
4-HA,1269,1,1,1542,0,1544,G
4-HA,1270,0,6,1541,0,1547,G
4-HA,1271,1546,0,1,0,1547,A
4-HA,1272,2,0,0,1549,1551,C
4-HA,1273,1,0,0,1422,1423,C
4-HA,1274,0,1417,1,0,1418,T
4-HA,1275,0,1388,0,29,1417,T
4-HA,1276,1,4,1420,0,1425,G
4-HA,1277,1424,0,2,0,1426,A
4-HA,1278,0,4,1446,0,1450,G
4-HA,1279,1447,1,2,0,1450,A
4-HA,1280,1385,0,1,0,1386,A
4-HA,1281,1380,0,0,0,1380,A
4-HA,1282,0,1371,0,1,1372,T
4-HA,1283,1400,0,2,0,1402,A
4-HA,1284,0,1385,1,2,1388,T
4-HA,1285,0,1,1403,0,1404,G
4-HA,1286,0,1398,0,1,1399,T
4-HA,1287,0,1357,0,2,1359,T
4-HA,1288,0,0,1362,0,1362,G
4-HA,1289,1337,0,3,1,1341,A
4-HA,1290,0,4,1344,0,1348,G
4-HA,1291,0,2,1338,0,1340,G
4-HA,1292,1308,0,1,0,1309,A
4-HA,1293,0,3,0,1337,1340,C
4-HA,1294,1313,0,6,0,1319,A
4-HA,1295,1,1,0,1349,1351,C
4-HA,1296,1,0,0,1351,1352,C
4-HA,1297,1353,0,1,0,1354,A
4-HA,1298,1383,0,1,2,1386,A
4-HA,1299,1383,1,1,0,1385,A
4-HA,1300,1391,0,2,0,1393,A
4-HA,1301,0,1390,0,1,1391,T
4-HA,1302,1343,0,0,0,1343,A
4-HA,1303,0,3,1353,0,1356,G
4-HA,1304,1313,0,0,0,1313,A
4-HA,1305,0,1330,0,0,1330,T
4-HA,1306,1,0,0,1338,1339,C
4-HA,1307,0,1293,0,4,1297,T
4-HA,1308,1,1,0,1322,1324,C
4-HA,1309,1,1317,0,0,1318,T
4-HA,1310,0,4,1338,0,1342,G
4-HA,1311,0,0,1376,0,1376,G
4-HA,1312,0,1368,0,4,1372,T
4-HA,1313,7,0,0,1362,1369,C
4-HA,1314,1369,0,0,0,1369,A
4-HA,1315,0,1372,0,2,1374,T
4-HA,1316,1371,0,2,1,1374,A
4-HA,1317,0,0,0,1370,1370,C
4-HA,1318,1325,0,1,0,1326,A
4-HA,1319,1337,0,1,0,1338,A
4-HA,1320,2,2,0,1302,1306,C
4-HA,1321,1,0,1302,0,1303,G
4-HA,1322,0,1,0,1306,1307,C
4-HA,1323,3,1,1290,0,1294,G
4-HA,1324,0,0,1306,0,1306,G
4-HA,1325,1293,0,2,0,1295,A
4-HA,1326,0,0,1315,0,1315,G
4-HA,1327,0,0,0,1319,1319,C
4-HA,1328,0,1316,0,2,1318,T
4-HA,1329,0,1327,0,2,1329,T
4-HA,1330,2,1,0,1330,1333,C
4-HA,1331,0,1340,0,1,1341,T
4-HA,1332,0,1342,0,1,1343,T
4-HA,1333,0,1,1337,0,1338,G
4-HA,1334,1,1323,0,4,1328,T
4-HA,1335,0,1307,0,0,1307,T
4-HA,1336,0,0,1337,0,1337,G
4-HA,1337,0,0,0,1328,1328,C
4-HA,1338,2,3,0,1317,1322,C
4-HA,1339,1,0,1,1330,1332,C
4-HA,1340,0,1317,1,4,1322,T
4-HA,1341,0,0,1341,0,1341,G
4-HA,1342,0,3,1338,1,1342,G
4-HA,1343,1341,0,2,0,1343,A
4-HA,1344,0,4,1339,1,1344,G
4-HA,1345,1319,0,4,0,1323,A
4-HA,1346,1330,0,1,0,1331,A
4-HA,1347,1,0,0,1355,1356,C
4-HA,1348,4,0,0,1349,1353,C
4-HA,1349,1345,0,0,0,1345,A
4-HA,1350,1417,0,2,0,1419,A
4-HA,1351,1,0,0,1426,1427,C
4-HA,1352,1430,1,2,0,1433,A
4-HA,1353,0,1429,0,0,1429,T
4-HA,1354,1422,0,0,0,1422,A
4-HA,1355,0,1,0,1459,1460,C
4-HA,1356,1419,0,0,0,1419,A
4-HA,1357,1421,0,1,0,1422,A
4-HA,1358,0,1418,0,0,1418,T
4-HA,1359,0,1368,0,0,1368,T
4-HA,1360,0,5,1393,0,1398,G
4-HA,1361,1400,0,0,0,1400,A
4-HA,1362,0,1394,0,3,1397,T
4-HA,1363,4,0,0,1396,1400,C
4-HA,1364,0,1362,0,3,1365,T
4-HA,1365,1377,0,0,0,1377,A
4-HA,1366,1374,0,1,0,1375,A
4-HA,1367,0,1,0,1375,1376,C
4-HA,1368,0,1362,0,3,1365,T
4-HA,1369,1,5,1342,0,1348,G
4-HA,1370,1347,0,1,1,1349,A
4-HA,1371,0,1,0,1353,1354,C
4-HA,1372,0,1345,0,3,1348,T
4-HA,1373,3,1,0,1347,1351,C
4-HA,1374,1342,0,1,0,1343,A
4-HA,1375,0,1,1373,0,1374,G
4-HA,1376,1369,0,3,0,1372,A
4-HA,1377,1375,0,0,0,1375,A
4-HA,1378,1374,0,0,0,1374,A
4-HA,1379,0,1371,0,0,1371,T
4-HA,1380,0,9,1388,0,1397,G
4-HA,1381,1394,0,3,0,1397,A
4-HA,1382,1399,0,1,0,1400,A
4-HA,1383,0,0,0,1399,1399,C
4-HA,1384,1367,0,1,0,1368,A
4-HA,1385,1374,1,0,0,1375,A
4-HA,1386,1370,0,2,0,1372,A
4-HA,1387,0,0,0,1383,1383,C
4-HA,1388,2,1360,0,0,1362,T
4-HA,1389,1,0,1372,0,1373,G
4-HA,1390,0,1359,0,4,1363,T
4-HA,1391,0,1361,0,1,1362,T
4-HA,1392,1,1364,0,0,1365,T
4-HA,1393,1,2,1361,0,1364,G
4-HA,1394,1361,0,2,0,1363,A
4-HA,1395,1361,0,1,0,1362,A
4-HA,1396,1361,1,0,0,1362,A
4-HA,1397,1365,1,0,0,1366,A
4-HA,1398,1356,0,2,0,1358,A
4-HA,1399,1361,0,1,0,1362,A
4-HA,1400,0,0,0,1364,1364,C
4-HA,1401,1362,0,0,0,1362,A
4-HA,1402,1361,0,0,0,1361,A
4-HA,1403,1357,0,1,0,1358,A
4-HA,1404,0,2,1375,0,1377,G
4-HA,1405,1378,0,2,0,1380,A
4-HA,1406,1368,0,0,0,1368,A
4-HA,1407,0,0,1376,0,1376,G
4-HA,1408,1,1,0,1368,1370,C
4-HA,1409,1368,0,0,0,1368,A
4-HA,1410,1374,0,0,0,1374,A
4-HA,1411,0,0,0,1374,1374,C
4-HA,1412,0,1370,1,2,1373,T
4-HA,1413,1,1,1379,0,1381,G
4-HA,1414,1368,2,0,0,1370,A
4-HA,1415,1,3,1371,0,1375,G
4-HA,1416,0,2,1373,1,1376,G
4-HA,1417,4,4,1376,0,1384,G
4-HA,1418,1389,0,0,0,1389,A
4-HA,1419,1382,0,1,0,1383,A
4-HA,1420,1374,0,2,0,1376,A
4-HA,1421,1398,0,0,0,1398,A
4-HA,1422,0,1387,0,0,1387,T
4-HA,1423,0,0,1402,0,1402,G
4-HA,1424,0,0,0,1405,1405,C
4-HA,1425,0,1383,0,5,1388,T
4-HA,1426,0,1,1393,0,1394,G
4-HA,1427,1388,0,1,0,1389,A
4-HA,1428,1,5,1472,0,1478,G
4-HA,1429,0,0,1500,0,1500,G
4-HA,1430,1478,0,1,1,1480,A
4-HA,1431,1,1474,0,2,1477,T
4-HA,1432,1460,0,6,0,1466,A
4-HA,1433,2,1457,0,2,1461,T
4-HA,1434,3,4,1469,0,1476,G
4-HA,1435,0,4,1481,0,1485,G
4-HA,1436,0,2,1480,0,1482,G
4-HA,1437,1,0,0,1397,1398,C
4-HA,1438,1362,0,0,0,1362,A
4-HA,1439,1358,0,3,0,1361,A
4-HA,1440,1,1358,0,1,1360,T
4-HA,1441,1,1,1374,0,1376,G
4-HA,1442,2,0,1373,0,1375,G
4-HA,1443,1,1351,0,0,1352,T
4-HA,1444,0,1317,0,0,1317,T
4-HA,1445,2,1,1319,0,1322,G
4-HA,1446,0,1331,0,7,1338,T
4-HA,1447,1,1331,0,1,1333,T
4-HA,1448,0,1338,0,1,1339,T
4-HA,1449,7,0,0,1334,1341,C
4-HA,1450,1342,0,1,0,1343,A
4-HA,1451,1351,0,0,0,1351,A
4-HA,1452,1350,0,0,0,1350,A
4-HA,1453,1365,0,4,0,1369,A
4-HA,1454,0,1364,0,0,1364,T
4-HA,1455,1352,0,0,0,1352,A
4-HA,1456,0,1358,0,0,1358,T
4-HA,1457,1354,1,0,0,1355,A
4-HA,1458,2,0,0,1363,1365,C
4-HA,1459,4,6,0,1343,1353,C
4-HA,1460,1349,1,0,0,1350,A
4-HA,1461,1,1,0,1355,1357,C
4-HA,1462,1354,0,0,0,1354,A
4-HA,1463,1363,0,0,0,1363,A
4-HA,1464,1367,0,2,0,1369,A
4-HA,1465,1,1366,0,0,1367,T
4-HA,1466,0,0,1378,0,1378,G
4-HA,1467,0,1357,0,2,1359,T
4-HA,1468,0,8,1363,0,1371,G
4-HA,1469,1372,0,3,0,1375,A
4-HA,1470,0,1,0,1370,1371,C
4-HA,1471,1353,0,1,0,1354,A
4-HA,1472,1352,0,1,0,1353,A
4-HA,1473,0,1363,0,0,1363,T
4-HA,1474,1,0,1376,0,1377,G
4-HA,1475,1,2,0,1363,1366,C
4-HA,1476,4,0,0,1368,1372,C
4-HA,1477,0,1361,0,1,1362,T
4-HA,1478,1,0,1424,0,1425,G
4-HA,1479,0,0,0,1426,1426,C
4-HA,1480,1429,0,1,0,1430,A
4-HA,1481,0,1430,0,0,1430,T
4-HA,1482,1381,0,1,0,1382,A
4-HA,1483,0,1,1393,0,1394,G
4-HA,1484,1,2,1387,0,1390,G
4-HA,1485,1388,0,0,0,1388,A
4-HA,1486,1,1380,0,1,1382,T
4-HA,1487,2,0,0,1292,1294,C
4-HA,1488,1289,0,0,0,1289,A
4-HA,1489,1291,0,0,0,1291,A
4-HA,1490,1,1287,0,0,1288,T
4-HA,1491,2,1,0,1290,1293,C
4-HA,1492,1274,0,2,0,1276,A
4-HA,1493,0,3,1285,0,1288,G
4-HA,1494,1291,0,0,0,1291,A
4-HA,1495,1293,0,0,0,1293,A
4-HA,1496,1289,0,3,0,1292,A
4-HA,1497,0,1290,0,0,1290,T
4-HA,1498,0,2,1281,0,1283,G
4-HA,1499,0,5,1283,0,1288,G
4-HA,1500,1283,0,2,0,1285,A
4-HA,1501,1293,0,3,0,1296,A
4-HA,1502,1,0,0,1289,1290,C
4-HA,1503,0,1276,0,3,1279,T
4-HA,1504,0,1279,0,0,1279,T
4-HA,1505,1283,0,0,0,1283,A
4-HA,1506,0,1280,0,1,1281,T
4-HA,1507,0,5,1275,0,1280,G
4-HA,1508,1279,1,4,0,1284,A
4-HA,1509,0,0,0,1285,1285,C
4-HA,1510,4,0,0,1265,1269,C
4-HA,1511,1265,0,1,0,1266,A
4-HA,1512,0,5,0,1293,1298,C
4-HA,1513,0,1,1341,0,1342,G
4-HA,1514,1368,0,1,0,1369,A
4-HA,1515,0,1385,0,1,1386,T
4-HA,1516,0,0,1436,0,1436,G
4-HA,1517,0,1425,0,1,1426,T
4-HA,1518,1483,1,3,0,1487,A
4-HA,1519,0,1485,0,0,1485,T
4-HA,1520,1483,0,1,0,1484,A
4-HA,1521,2,0,0,1485,1487,C
4-HA,1522,1353,0,3,0,1356,A
4-HA,1523,0,4,1365,0,1369,G
4-HA,1524,1266,0,0,0,1266,A
4-HA,1525,0,2,1236,0,1238,G
4-HA,1526,1235,0,0,0,1235,A
4-HA,1527,0,1133,0,1,1134,T
4-HA,1528,1,3,1132,0,1136,G
4-HA,1529,1131,1,1,0,1133,A
4-HA,1530,1132,0,0,0,1132,A
4-HA,1531,1,1,1164,0,1166,G
4-HA,1532,0,0,0,1139,1139,C
4-HA,1533,1135,0,0,0,1135,A
4-HA,1534,0,1129,0,0,1129,T
4-HA,1535,0,1124,0,0,1124,T
4-HA,1536,1127,0,2,0,1129,A
4-HA,1537,1126,0,1,0,1127,A
4-HA,1538,1126,0,3,0,1129,A
4-HA,1539,0,0,0,1128,1128,C
4-HA,1540,1073,1,0,0,1074,A
4-HA,1541,1080,0,3,0,1083,A
4-HA,1542,0,0,0,1079,1079,C
4-HA,1543,4,0,0,1075,1079,C
4-HA,1544,0,1,1073,1,1075,G
4-HA,1545,0,1,1092,0,1093,G
4-HA,1546,0,1093,0,2,1095,T
4-HA,1547,1,1085,0,1,1087,T
4-HA,1548,2,1,0,1087,1090,C
4-HA,1549,0,0,1,1091,1092,C
4-HA,1550,1085,0,2,1,1088,A
4-HA,1551,0,3,1105,0,1108,G
4-HA,1552,1111,0,0,0,1111,A
4-HA,1553,0,1099,0,0,1099,T
4-HA,1554,9,0,0,1066,1075,C
4-HA,1555,1063,1,0,0,1064,A
4-HA,1556,1063,1,3,0,1067,A
4-HA,1557,0,2,1066,0,1068,G
4-HA,1558,0,4,1059,0,1063,G
4-HA,1559,0,4,1056,0,1060,G
4-HA,1560,1014,0,2,0,1016,A
4-HA,1561,0,0,1029,0,1029,G
4-HA,1562,0,1028,0,0,1028,T
4-HA,1563,0,1028,0,0,1028,T
4-HA,1564,0,2,1036,0,1038,G
4-HA,1565,1029,0,4,0,1033,A
4-HA,1566,1,0,1041,0,1042,G
4-HA,1567,2,0,0,1038,1040,C
4-HA,1568,0,1030,0,0,1030,T
4-HA,1569,3,0,1031,0,1034,G
4-HA,1570,1025,0,0,0,1025,A
4-HA,1571,1025,0,1,0,1026,A
4-HA,1572,0,0,1030,0,1030,G
4-HA,1573,0,1010,0,0,1010,T
4-HA,1574,4,1,0,1008,1013,C
4-HA,1575,989,0,5,0,994,A
4-HA,1576,0,0,995,0,995,G
4-HA,1577,1,2,984,0,987,G
4-HA,1578,4,1,958,0,963,G
4-HA,1579,0,1004,0,0,1004,T
4-HA,1580,1003,1,2,0,1006,A
4-HA,1581,0,1,0,1003,1004,C
4-HA,1582,999,0,1,0,1000,A
4-HA,1583,1001,0,0,0,1001,A
4-HA,1584,997,0,0,0,997,A
4-HA,1585,0,1,1000,0,1001,G
4-HA,1586,968,0,0,0,968,A
4-HA,1587,0,932,0,1,933,T
4-HA,1588,0,922,0,0,922,T
4-HA,1589,0,1,917,0,918,G
4-HA,1590,0,0,918,0,918,G
4-HA,1591,920,0,0,0,920,A
4-HA,1592,0,916,0,0,916,T
4-HA,1593,3,0,0,906,909,C
4-HA,1594,3,0,0,887,890,C
4-HA,1595,0,877,0,0,877,T
4-HA,1596,877,0,0,0,877,A
4-HA,1597,0,877,0,1,878,T
4-HA,1598,1,2,873,1,877,G
4-HA,1599,1,2,874,0,877,G
4-HA,1600,856,0,0,0,856,A
4-HA,1601,0,851,0,2,853,T
4-HA,1602,0,834,0,1,835,T
4-HA,1603,0,840,0,1,841,T
4-HA,1604,2,0,0,831,833,C
4-HA,1605,0,1,0,827,828,C
4-HA,1606,1,820,0,0,821,T
4-HA,1607,0,812,0,1,813,T
4-HA,1608,0,806,0,2,808,T
4-HA,1609,0,1,815,0,816,G
4-HA,1610,1,1,0,812,814,C
4-HA,1611,5,0,0,807,812,C
4-HA,1612,804,0,3,0,807,A
4-HA,1613,0,797,0,1,798,T
4-HA,1614,802,0,0,0,802,A
4-HA,1615,0,802,0,0,802,T
4-HA,1616,2,1,0,793,796,C
4-HA,1617,796,0,1,0,797,A
4-HA,1618,0,776,0,1,777,T
4-HA,1619,0,0,782,0,782,G
4-HA,1620,0,777,0,1,778,T
4-HA,1621,0,772,0,1,773,T
4-HA,1622,0,771,0,0,771,T
4-HA,1623,0,753,0,0,753,T
4-HA,1624,0,752,0,0,752,T
4-HA,1625,0,749,0,0,749,T
4-HA,1626,0,0,752,0,752,G
4-HA,1627,1,0,0,752,753,C
4-HA,1628,0,734,0,1,735,T
4-HA,1629,0,735,0,3,738,T
4-HA,1630,0,731,0,0,731,T
4-HA,1631,0,2,744,0,746,G
4-HA,1632,0,745,0,0,745,T
4-HA,1633,0,0,743,0,743,G
4-HA,1634,0,744,0,1,745,T
4-HA,1635,0,731,0,0,731,T
4-HA,1636,1,0,738,0,739,G
4-HA,1637,0,1,0,733,734,C
4-HA,1638,0,726,0,0,726,T
4-HA,1639,0,733,0,0,733,T
4-HA,1640,0,686,0,0,686,T
4-HA,1641,0,0,687,0,687,G
4-HA,1642,0,684,0,1,685,T
4-HA,1643,0,680,0,2,682,T
4-HA,1644,0,0,682,0,682,G
4-HA,1645,1,0,661,0,662,G
4-HA,1646,0,2,660,0,662,G
4-HA,1647,0,2,665,0,667,G
4-HA,1648,0,647,0,2,649,T
4-HA,1649,0,646,0,0,646,T
4-HA,1650,2,0,0,633,635,C
4-HA,1651,629,0,1,0,630,A
4-HA,1652,0,630,0,5,635,T
4-HA,1653,3,1,0,633,637,C
4-HA,1654,632,1,0,0,633,A
4-HA,1655,0,617,1,1,619,T
4-HA,1656,2,0,606,0,608,G
4-HA,1657,1,597,0,0,598,T
4-HA,1658,0,0,596,0,596,G
4-HA,1659,0,1,568,0,569,G
4-HA,1660,0,0,568,0,568,G
4-HA,1661,0,0,0,551,551,C
4-HA,1662,1,0,0,539,540,C
4-HA,1663,0,510,0,0,510,T
4-HA,1664,0,0,515,0,515,G
4-HA,1665,0,0,0,514,514,C
4-HA,1666,2,0,0,512,514,C
4-HA,1667,516,0,0,0,516,A
4-HA,1668,512,0,0,0,512,A
4-HA,1669,511,0,0,0,511,A
4-HA,1670,510,0,0,0,510,A
4-HA,1671,510,0,0,0,510,A
4-HA,1672,2,0,507,0,509,G
4-HA,1673,0,0,492,0,492,G
4-HA,1674,0,0,0,478,478,C
4-HA,1675,477,0,2,0,479,A
4-HA,1676,482,0,0,0,482,A
4-HA,1677,0,1,0,482,483,C
4-HA,1678,480,0,0,0,480,A
4-HA,1679,0,478,0,0,478,T
4-HA,1680,0,475,0,0,475,T
4-HA,1681,461,0,2,0,463,A
4-HA,1682,0,2,456,0,458,G
4-HA,1683,0,0,459,0,459,G
4-HA,1684,0,446,0,0,446,T
4-HA,1685,0,1,406,0,407,G
4-HA,1686,0,0,0,384,384,C
4-HA,1687,377,0,1,0,378,A
4-HA,1688,377,0,1,0,378,A
4-HA,1689,0,0,0,378,378,C
4-HA,1690,365,0,0,0,365,A
4-HA,1691,0,358,0,0,358,T
4-HA,1692,0,335,0,0,335,T
4-HA,1693,0,335,0,0,335,T
4-HA,1694,0,0,335,0,335,G
4-HA,1695,0,0,0,328,328,C
4-HA,1696,328,0,0,0,328,A
4-HA,1697,0,311,0,1,312,T
4-HA,1698,0,297,0,0,297,T
4-HA,1699,0,284,0,0,284,T
4-HA,1700,0,0,282,0,282,G
4-HA,1701,268,0,0,0,268,A
5-NP,1,232,0,0,0,232,A
5-NP,2,0,234,0,0,234,T
5-NP,3,0,0,235,0,235,G
5-NP,4,0,0,237,0,237,G
5-NP,5,0,0,0,238,238,C
5-NP,6,0,0,242,0,242,G
5-NP,7,0,260,0,0,260,T
5-NP,8,1,0,0,262,263,C
5-NP,9,0,0,0,264,264,C
5-NP,10,1,0,0,263,264,C
5-NP,11,261,0,2,0,263,A
5-NP,12,262,0,0,0,262,A
5-NP,13,0,2,262,1,265,G
5-NP,14,0,0,272,0,272,G
5-NP,15,0,0,0,273,273,C
5-NP,16,274,0,0,0,274,A
5-NP,17,0,0,0,277,277,C
5-NP,18,0,0,0,277,277,C
5-NP,19,279,0,0,0,279,A
5-NP,20,277,0,0,0,277,A
5-NP,21,279,0,0,0,279,A
5-NP,22,0,0,0,281,281,C
5-NP,23,0,0,281,0,281,G
5-NP,24,0,0,305,0,305,G
5-NP,25,0,305,0,0,305,T
5-NP,26,0,0,0,331,331,C
5-NP,27,0,332,0,0,332,T
5-NP,28,0,339,0,0,339,T
5-NP,29,340,0,0,0,340,A
5-NP,30,0,339,0,0,339,T
5-NP,31,0,3,338,0,341,G
5-NP,32,337,0,0,0,337,A
5-NP,33,333,0,1,0,334,A
5-NP,34,0,0,0,335,335,C
5-NP,35,328,0,0,0,328,A
5-NP,36,0,0,357,0,357,G
5-NP,37,356,0,0,0,356,A
5-NP,38,0,360,0,0,360,T
5-NP,39,1,0,358,0,359,G
5-NP,40,0,1,360,0,361,G
5-NP,41,366,0,0,0,366,A
5-NP,42,369,0,0,0,369,A
5-NP,43,370,0,0,0,370,A
5-NP,44,0,0,0,384,384,C
5-NP,45,0,376,0,0,376,T
5-NP,46,0,0,378,0,378,G
5-NP,47,372,0,2,1,375,A
5-NP,48,0,379,0,0,379,T
5-NP,49,0,0,376,0,376,G
5-NP,50,0,0,380,0,380,G
5-NP,51,0,0,382,0,382,G
5-NP,52,0,0,384,0,384,G
5-NP,53,376,0,0,0,376,A
5-NP,54,0,378,0,0,378,T
5-NP,55,0,0,0,377,377,C
5-NP,56,1,2,379,0,382,G
5-NP,57,0,1,0,385,386,C
5-NP,58,0,0,0,385,385,C
5-NP,59,383,0,1,1,385,A
5-NP,60,0,1,387,0,388,G
5-NP,61,386,0,2,1,389,A
5-NP,62,399,0,1,0,400,A
5-NP,63,0,401,0,0,401,T
5-NP,64,0,0,400,0,400,G
5-NP,65,0,0,0,409,409,C
5-NP,66,404,0,1,1,406,A
5-NP,67,418,0,0,0,418,A
5-NP,68,1,0,0,417,418,C
5-NP,69,0,414,0,0,414,T
5-NP,70,0,1,418,0,419,G
5-NP,71,428,0,0,0,428,A
5-NP,72,0,1,446,0,447,G
5-NP,73,446,1,0,1,448,A
5-NP,74,0,446,0,0,446,T
5-NP,75,0,447,0,0,447,T
5-NP,76,443,0,0,0,443,A
5-NP,77,1,0,444,0,445,G
5-NP,78,0,1,447,0,448,G
5-NP,79,0,1,444,0,445,G
5-NP,80,0,0,0,438,438,C
5-NP,81,434,0,1,1,436,A
5-NP,82,0,434,0,0,434,T
5-NP,83,0,0,0,435,435,C
5-NP,84,0,0,0,437,437,C
5-NP,85,1,0,446,0,447,G
5-NP,86,0,444,0,0,444,T
5-NP,87,0,0,0,447,447,C
5-NP,88,0,0,445,0,445,G
5-NP,89,1,1,442,0,444,G
5-NP,90,0,1,449,0,450,G
5-NP,91,445,0,0,1,446,A
5-NP,92,447,0,0,0,447,A
5-NP,93,0,1,449,0,450,G
5-NP,94,451,0,1,0,452,A
5-NP,95,0,456,0,0,456,T
5-NP,96,1,3,453,0,457,G
5-NP,97,459,0,0,0,459,A
5-NP,98,0,460,0,0,460,T
5-NP,99,0,460,0,1,461,T
5-NP,100,0,3,459,0,462,G
5-NP,101,461,0,0,0,461,A
5-NP,102,0,460,0,0,460,T
5-NP,103,0,1,458,0,459,G
5-NP,104,0,0,457,0,457,G
5-NP,105,0,2,458,0,460,G
5-NP,106,487,0,1,0,488,A
5-NP,107,0,489,0,0,489,T
5-NP,108,0,491,0,0,491,T
5-NP,109,0,2,495,0,497,G
5-NP,110,1,0,496,0,497,G
5-NP,111,0,1,495,0,496,G
5-NP,112,496,0,2,0,498,A
5-NP,113,0,4,492,0,496,G
5-NP,114,486,0,0,0,486,A
5-NP,115,0,492,0,0,492,T
5-NP,116,0,494,0,0,494,T
5-NP,117,0,0,0,494,494,C
5-NP,118,0,492,0,0,492,T
5-NP,119,496,0,0,0,496,A
5-NP,120,0,0,0,498,498,C
5-NP,121,508,0,0,1,509,A
5-NP,122,0,512,0,0,512,T
5-NP,123,0,0,0,512,512,C
5-NP,124,1,0,0,509,510,C
5-NP,125,508,0,1,0,509,A
5-NP,126,523,0,0,0,523,A
5-NP,127,525,0,0,0,525,A
5-NP,128,0,519,0,1,520,T
5-NP,129,0,0,524,0,524,G
5-NP,130,0,520,0,0,520,T
5-NP,131,0,1,517,0,518,G
5-NP,132,0,1,0,517,518,C
5-NP,133,511,0,0,1,512,A
5-NP,134,0,0,0,516,516,C
5-NP,135,0,508,0,0,508,T
5-NP,136,0,0,532,0,532,G
5-NP,137,533,0,1,0,534,A
5-NP,138,539,0,2,0,541,A
5-NP,139,0,0,0,545,545,C
5-NP,140,0,538,0,0,538,T
5-NP,141,0,541,0,0,541,T
5-NP,142,539,1,0,0,540,A
5-NP,143,540,0,0,0,540,A
5-NP,144,542,0,2,0,544,A
5-NP,145,0,0,0,547,547,C
5-NP,146,0,520,0,0,520,T
5-NP,147,4,0,0,522,526,C
5-NP,148,520,0,0,0,520,A
5-NP,149,0,0,534,0,534,G
5-NP,150,0,530,0,1,531,T
5-NP,151,0,0,533,0,533,G
5-NP,152,542,0,0,0,542,A
5-NP,153,0,541,0,0,541,T
5-NP,154,4,0,0,542,546,C
5-NP,155,553,0,0,0,553,A
5-NP,156,0,550,0,0,550,T
5-NP,157,0,1,548,0,549,G
5-NP,158,543,0,1,0,544,A
5-NP,159,546,0,0,0,546,A
5-NP,160,1,1,541,0,543,G
5-NP,161,0,0,537,0,537,G
5-NP,162,0,0,538,0,538,G
5-NP,163,0,0,0,535,535,C
5-NP,164,0,1,536,0,537,G
5-NP,165,0,0,542,0,542,G
5-NP,166,0,540,0,0,540,T
5-NP,167,0,540,0,0,540,T
5-NP,168,0,2,538,0,540,G
5-NP,169,590,0,1,0,591,A
5-NP,170,0,591,0,0,591,T
5-NP,171,0,0,0,590,590,C
5-NP,172,0,0,0,593,593,C
5-NP,173,587,0,0,0,587,A
5-NP,174,0,2,586,0,588,G
5-NP,175,588,0,0,0,588,A
5-NP,176,585,0,3,0,588,A
5-NP,177,0,0,0,595,595,C
5-NP,178,555,0,0,1,556,A
5-NP,179,0,0,567,0,567,G
5-NP,180,0,0,0,568,568,C
5-NP,181,0,567,0,1,568,T
5-NP,182,0,571,0,0,571,T
5-NP,183,0,2,571,0,573,G
5-NP,184,572,0,1,0,573,A
5-NP,185,0,0,0,579,579,C
5-NP,186,574,0,0,0,574,A
5-NP,187,577,0,0,0,577,A
5-NP,188,0,571,0,0,571,T
5-NP,189,573,0,0,0,573,A
5-NP,190,0,2,579,0,581,G
5-NP,191,578,0,0,0,578,A
5-NP,192,0,2,581,0,583,G
5-NP,193,579,0,0,0,579,A
5-NP,194,595,1,0,0,596,A
5-NP,195,597,0,0,0,597,A
5-NP,196,604,0,0,0,604,A
5-NP,197,1,603,0,0,604,T
5-NP,198,0,2,603,0,605,G
5-NP,199,0,0,604,0,604,G
5-NP,200,0,604,0,0,604,T
5-NP,201,591,0,0,0,591,A
5-NP,202,1,0,0,594,595,C
5-NP,203,0,601,0,0,601,T
5-NP,204,1,0,0,610,611,C
5-NP,205,0,599,0,0,599,T
5-NP,206,4,0,0,604,608,C
5-NP,207,0,607,0,1,608,T
5-NP,208,0,0,609,0,609,G
5-NP,209,0,0,0,614,614,C
5-NP,210,0,607,0,1,608,T
5-NP,211,0,602,0,0,602,T
5-NP,212,0,606,0,1,607,T
5-NP,213,0,605,0,0,605,T
5-NP,214,0,0,608,0,608,G
5-NP,215,604,0,1,1,606,A
5-NP,216,0,606,0,0,606,T
5-NP,217,0,2,607,0,609,G
5-NP,218,605,0,0,1,606,A
5-NP,219,603,0,2,0,605,A
5-NP,220,607,0,0,0,607,A
5-NP,221,0,1,611,0,612,G
5-NP,222,609,0,0,0,609,A
5-NP,223,610,1,1,0,612,A
5-NP,224,0,0,625,0,625,G
5-NP,225,0,1,644,0,645,G
5-NP,226,648,0,0,0,648,A
5-NP,227,656,0,0,0,656,A
5-NP,228,0,656,0,0,656,T
5-NP,229,655,0,0,0,655,A
5-NP,230,656,0,0,0,656,A
5-NP,231,662,0,0,0,662,A
5-NP,232,0,661,0,0,661,T
5-NP,233,662,1,0,0,663,A
5-NP,234,0,0,1,661,662,C
5-NP,235,1,1,0,640,642,C
5-NP,236,0,639,0,1,640,T
5-NP,237,0,1,640,0,641,G
5-NP,238,0,0,656,0,656,G
5-NP,239,657,0,0,0,657,A
5-NP,240,651,0,1,0,652,A
5-NP,241,0,2,661,0,663,G
5-NP,242,659,0,0,0,659,A
5-NP,243,655,0,0,0,655,A
5-NP,244,0,0,0,652,652,C
5-NP,245,656,0,0,0,656,A
5-NP,246,0,0,0,671,671,C
5-NP,247,0,0,0,666,666,C
5-NP,248,0,1,0,662,663,C
5-NP,249,1,0,0,664,665,C
5-NP,250,657,0,0,0,657,A
5-NP,251,0,0,658,0,658,G
5-NP,252,0,0,0,652,652,C
5-NP,253,0,0,658,0,658,G
5-NP,254,1,0,0,653,654,C
5-NP,255,0,1,644,0,645,G
5-NP,256,1,0,647,0,648,G
5-NP,257,0,0,645,0,645,G
5-NP,258,0,1,649,0,650,G
5-NP,259,651,0,0,0,651,A
5-NP,260,650,0,2,0,652,A
5-NP,261,650,0,1,0,651,A
5-NP,262,0,1,652,0,653,G
5-NP,263,654,0,0,0,654,A
5-NP,264,0,652,0,0,652,T
5-NP,265,3,0,0,646,649,C
5-NP,266,0,0,0,645,645,C
5-NP,267,2,0,0,644,646,C
5-NP,268,648,1,0,0,649,A
5-NP,269,648,0,0,0,648,A
5-NP,270,0,2,652,0,654,G
5-NP,271,649,0,0,0,649,A
5-NP,272,651,0,1,0,652,A
5-NP,273,652,0,0,0,652,A
5-NP,274,651,0,0,0,651,A
5-NP,275,0,0,0,654,654,C
5-NP,276,0,651,0,0,651,T
5-NP,277,0,1,648,0,649,G
5-NP,278,0,1,646,0,647,G
5-NP,279,1,1,646,0,648,G
5-NP,280,0,1,643,0,644,G
5-NP,281,0,3,642,0,645,G
5-NP,282,2,0,660,0,662,G
5-NP,283,0,0,0,714,714,C
5-NP,284,1,0,0,716,717,C
5-NP,285,1,0,0,719,720,C
5-NP,286,825,0,0,0,825,A
5-NP,287,0,831,0,0,831,T
5-NP,288,871,0,1,0,872,A
5-NP,289,0,875,0,0,875,T
5-NP,290,870,0,1,0,871,A
5-NP,291,0,0,0,874,874,C
5-NP,292,801,0,0,0,801,A
5-NP,293,0,1,805,0,806,G
5-NP,294,0,1,806,0,807,G
5-NP,295,734,0,1,0,735,A
5-NP,296,0,1,737,0,738,G
5-NP,297,707,0,3,0,710,A
5-NP,298,0,1,714,0,715,G
5-NP,299,0,713,0,0,713,T
5-NP,300,702,0,0,0,702,A
5-NP,301,0,2,699,0,701,G
5-NP,302,685,0,0,0,685,A
5-NP,303,0,688,0,0,688,T
5-NP,304,0,1,690,0,691,G
5-NP,305,0,1,689,0,690,G
5-NP,306,686,0,3,0,689,A
5-NP,307,682,0,0,0,682,A
5-NP,308,683,0,0,0,683,A
5-NP,309,685,1,0,0,686,A
5-NP,310,0,684,0,1,685,T
5-NP,311,0,2,690,0,692,G
5-NP,312,0,0,689,0,689,G
5-NP,313,686,0,3,0,689,A
5-NP,314,0,692,0,0,692,T
5-NP,315,0,0,691,0,691,G
5-NP,316,692,0,1,0,693,A
5-NP,317,0,2,692,0,694,G
5-NP,318,0,1,693,0,694,G
5-NP,319,0,3,691,0,694,G
5-NP,320,710,0,1,0,711,A
5-NP,321,712,1,1,0,714,A
5-NP,322,0,0,0,729,729,C
5-NP,323,0,725,0,1,726,T
5-NP,324,5,0,0,737,742,C
5-NP,325,0,1,749,0,750,G
5-NP,326,0,757,0,0,757,T
5-NP,327,3,0,0,763,766,C
5-NP,328,0,0,0,866,866,C
5-NP,329,0,867,0,0,867,T
5-NP,330,0,875,0,0,875,T
5-NP,331,0,874,0,1,875,T
5-NP,332,882,0,0,0,882,A
5-NP,333,0,881,0,1,882,T
5-NP,334,0,5,877,0,882,G
5-NP,335,896,0,1,1,898,A
5-NP,336,0,0,0,894,894,C
5-NP,337,877,0,1,0,878,A
5-NP,338,879,0,0,1,880,A
5-NP,339,886,0,1,0,887,A
5-NP,340,0,1,944,0,945,G
5-NP,341,939,0,2,0,941,A
5-NP,342,940,0,0,0,940,A
5-NP,343,0,2,994,0,996,G
5-NP,344,1001,0,1,0,1002,A
5-NP,345,1005,0,0,0,1005,A
5-NP,346,1004,0,1,0,1005,A
5-NP,347,1,1004,0,1,1006,T
5-NP,348,1003,1,1,0,1005,A
5-NP,349,999,0,2,0,1001,A
5-NP,350,0,4,1012,0,1016,G
5-NP,351,0,0,1014,0,1014,G
5-NP,352,1,0,0,1006,1007,C
5-NP,353,0,2,1008,0,1010,G
5-NP,354,1016,0,0,0,1016,A
5-NP,355,1023,1,2,0,1026,A
5-NP,356,0,1027,0,0,1027,T
5-NP,357,2,1,0,1027,1030,C
5-NP,358,0,1032,0,0,1032,T
5-NP,359,2,1,1028,0,1031,G
5-NP,360,1,0,1033,0,1034,G
5-NP,361,1,1,0,1028,1030,C
5-NP,362,0,1,1033,0,1034,G
5-NP,363,0,2,0,1029,1031,C
5-NP,364,3,0,0,1029,1032,C
5-NP,365,1034,0,0,0,1034,A
5-NP,366,1055,0,0,0,1055,A
5-NP,367,0,3,1094,0,1097,G
5-NP,368,0,0,0,1101,1101,C
5-NP,369,2,1,0,1118,1121,C
5-NP,370,1126,0,0,0,1126,A
5-NP,371,1149,0,0,0,1149,A
5-NP,372,0,0,0,1170,1170,C
5-NP,373,1171,0,0,0,1171,A
5-NP,374,1194,0,2,0,1196,A
5-NP,375,0,1189,0,4,1193,T
5-NP,376,0,2,1222,0,1224,G
5-NP,377,0,0,1227,0,1227,G
5-NP,378,0,1219,0,0,1219,T
5-NP,379,0,2,1225,0,1227,G
5-NP,380,1221,1,1,0,1223,A
5-NP,381,0,3,1268,0,1271,G
5-NP,382,0,2,1269,0,1271,G
5-NP,383,1282,0,0,0,1282,A
5-NP,384,0,1422,0,1,1423,T
5-NP,385,0,1,1439,0,1440,G
5-NP,386,0,1,0,1445,1446,C
5-NP,387,0,1446,0,0,1446,T
5-NP,388,1468,0,0,0,1468,A
5-NP,389,1,0,0,1487,1488,C
5-NP,390,1486,0,1,0,1487,A
5-NP,391,0,1480,0,2,1482,T
5-NP,392,0,0,0,1469,1469,C
5-NP,393,0,1423,0,1,1424,T
5-NP,394,0,3,1474,0,1477,G
5-NP,395,1,0,1520,0,1521,G
5-NP,396,0,1521,0,2,1523,T
5-NP,397,3,0,0,1518,1521,C
5-NP,398,0,1504,0,0,1504,T
5-NP,399,1530,0,1,0,1531,A
5-NP,400,1527,1,2,0,1530,A
5-NP,401,0,0,0,1550,1550,C
5-NP,402,0,1541,0,1,1542,T
5-NP,403,6,0,0,1563,1569,C
5-NP,404,1565,0,4,0,1569,A
5-NP,405,2,0,0,1649,1651,C
5-NP,406,1647,0,0,1,1648,A
5-NP,407,0,1655,0,3,1658,T
5-NP,408,1646,0,2,0,1648,A
5-NP,409,1657,0,1,0,1658,A
5-NP,410,1,1668,0,0,1669,T
5-NP,411,0,14,1683,0,1697,G
5-NP,412,1687,0,0,0,1687,A
5-NP,413,0,1668,0,3,1671,T
5-NP,414,0,1640,0,1,1641,T
5-NP,415,1,1651,0,2,1654,T
5-NP,416,0,11,1639,0,1650,G
5-NP,417,1,0,1653,0,1654,G
5-NP,418,0,0,0,1652,1652,C
5-NP,419,1642,0,3,0,1645,A
5-NP,420,1,1650,0,0,1651,T
5-NP,421,0,1645,0,3,1648,T
5-NP,422,2,0,0,1649,1651,C
5-NP,423,3,4,0,1649,1656,C
5-NP,424,1693,0,0,0,1693,A
5-NP,425,1692,0,0,0,1692,A
5-NP,426,1,1692,0,1,1694,T
5-NP,427,0,1690,0,0,1690,T
5-NP,428,0,1683,0,2,1685,T
5-NP,429,0,6,1705,0,1711,G
5-NP,430,1704,1,3,0,1708,A
5-NP,431,1711,0,0,0,1711,A
5-NP,432,0,1725,0,0,1725,T
5-NP,433,2,6,1706,0,1714,G
5-NP,434,1791,0,2,0,1793,A
5-NP,435,0,1795,0,0,1795,T
5-NP,436,0,1,1809,0,1810,G
5-NP,437,1,3,0,1862,1866,C
5-NP,438,1858,1,2,0,1861,A
5-NP,439,1954,1,2,0,1957,A
5-NP,440,0,0,0,1954,1954,C
5-NP,441,1979,0,1,0,1980,A
5-NP,442,0,2030,0,1,2031,T
5-NP,443,1992,0,2,0,1994,A
5-NP,444,0,1,0,2035,2036,C
5-NP,445,3,4,0,2026,2033,C
5-NP,446,1999,1,0,0,2000,A
5-NP,447,1,2,2023,0,2026,G
5-NP,448,1966,0,1,0,1967,A
5-NP,449,0,6,2029,0,2035,G
5-NP,450,1,4,2027,0,2032,G
5-NP,451,2016,2,1,0,2019,A
5-NP,452,0,1,0,2031,2032,C
5-NP,453,2005,0,0,0,2005,A
5-NP,454,2000,0,5,1,2006,A
5-NP,455,0,4,2012,0,2016,G
5-NP,456,1999,0,2,0,2001,A
5-NP,457,1,0,2012,0,2013,G
5-NP,458,0,0,0,2003,2003,C
5-NP,459,0,1982,0,8,1990,T
5-NP,460,3,1,0,1991,1995,C
5-NP,461,0,1991,0,3,1994,T
5-NP,462,0,2008,0,0,2008,T
5-NP,463,0,1,2015,0,2016,G
5-NP,464,0,2003,0,2,2005,T
5-NP,465,2,2005,0,0,2007,T
5-NP,466,18,1,0,1978,1997,C
5-NP,467,0,13,1970,0,1983,G
5-NP,468,2038,0,0,0,2038,A
5-NP,469,2031,0,0,0,2031,A
5-NP,470,1,0,0,2042,2043,C
5-NP,471,1,2036,0,1,2038,T
5-NP,472,1,1,2073,0,2075,G
5-NP,473,0,5,2077,0,2082,G
5-NP,474,2079,0,0,0,2079,A
5-NP,475,2080,1,1,0,2082,A
5-NP,476,0,2072,1,0,2073,T
5-NP,477,1,4,2060,0,2065,G
5-NP,478,0,6,2064,1,2071,G
5-NP,479,2089,0,2,0,2091,A
5-NP,480,0,2104,0,0,2104,T
5-NP,481,6,0,0,2102,2108,C
5-NP,482,3,0,0,2106,2109,C
5-NP,483,3,0,0,2123,2126,C
5-NP,484,2146,0,2,0,2148,A
5-NP,485,0,4,2174,0,2178,G
5-NP,486,2172,0,0,0,2172,A
5-NP,487,2167,0,0,1,2168,A
5-NP,488,0,2140,0,0,2140,T
5-NP,489,0,3,2171,0,2174,G
5-NP,490,0,2156,0,1,2157,T
5-NP,491,2,2,2161,0,2165,G
5-NP,492,2,1,0,2155,2158,C
5-NP,493,0,2148,0,4,2152,T
5-NP,494,9,0,0,2285,2294,C
5-NP,495,0,2264,0,2,2266,T
5-NP,496,4,1,0,2351,2356,C
5-NP,497,3,2342,0,1,2346,T
5-NP,498,1,5,2347,0,2353,G
5-NP,499,2375,1,0,0,2376,A
5-NP,500,1,2369,0,1,2371,T
5-NP,501,2,2,2370,0,2374,G
5-NP,502,0,3,0,2363,2366,C
5-NP,503,2298,0,1,0,2299,A
5-NP,504,2,5,2337,0,2344,G
5-NP,505,0,3,2307,0,2310,G
5-NP,506,3,2,2331,0,2336,G
5-NP,507,1,0,1,2325,2327,C
5-NP,508,0,2310,0,3,2313,T
5-NP,509,5,0,0,2323,2328,C
5-NP,510,1,11,2315,0,2327,G
5-NP,511,2347,0,1,0,2348,A
5-NP,512,2,0,0,2344,2346,C
5-NP,513,0,2312,0,2,2314,T
5-NP,514,7,2,0,2438,2447,C
5-NP,515,2,2430,0,2,2434,T
5-NP,516,11,2,0,2746,2759,C
5-NP,517,3,1,0,2762,2766,C
5-NP,518,4,2,0,2758,2764,C
5-NP,519,1,2766,0,1,2768,T
5-NP,520,2750,1,3,0,2754,A
5-NP,521,0,3,2756,0,2759,G
5-NP,522,2754,1,1,0,2756,A
5-NP,523,2687,0,1,0,2688,A
5-NP,524,0,5,2690,0,2695,G
5-NP,525,1,0,2644,0,2645,G
5-NP,526,1,2602,0,0,2603,T
5-NP,527,2,0,0,2605,2607,C
5-NP,528,1,3,0,2606,2610,C
5-NP,529,0,6,2605,0,2611,G
5-NP,530,0,5,2619,0,2624,G
5-NP,531,2620,0,2,0,2622,A
5-NP,532,2,0,2647,0,2649,G
5-NP,533,1,1,0,2658,2660,C
5-NP,534,0,2607,0,14,2621,T
5-NP,535,3,2,2605,0,2610,G
5-NP,536,2,3,0,2622,2627,C
5-NP,537,2621,0,4,0,2625,A
5-NP,538,1,1,2632,0,2634,G
5-NP,539,0,0,2643,0,2643,G
5-NP,540,0,2644,0,1,2645,T
5-NP,541,3,0,2630,0,2633,G
5-NP,542,0,2,0,2631,2633,C
5-NP,543,1,2625,0,5,2631,T
5-NP,544,0,2,2631,1,2634,G
5-NP,545,0,1,0,2635,2636,C
5-NP,546,2663,1,1,0,2665,A
5-NP,547,0,0,2722,0,2722,G
5-NP,548,0,2697,0,3,2700,T
5-NP,549,12,1,1,2693,2707,C
5-NP,550,2699,0,2,0,2701,A
5-NP,551,2701,2,1,0,2704,A
5-NP,552,2699,3,1,0,2703,A
5-NP,553,2,3,2717,0,2722,G
5-NP,554,1,8,2730,0,2739,G
5-NP,555,2726,0,3,1,2730,A
5-NP,556,2714,0,1,0,2715,A
5-NP,557,1,2711,1,1,2714,T
5-NP,558,10,1,0,2696,2707,C
5-NP,559,2,4,2705,0,2711,G
5-NP,560,1,6,2777,0,2784,G
5-NP,561,1,5,2786,0,2792,G
5-NP,562,2779,1,2,0,2782,A
5-NP,563,3,0,0,2775,2778,C
5-NP,564,2744,0,1,0,2745,A
5-NP,565,2792,1,1,4,2798,A
5-NP,566,0,2807,0,0,2807,T
5-NP,567,1,7,2809,0,2817,G
5-NP,568,0,2,2865,0,2867,G
5-NP,569,1,2842,0,2,2845,T
5-NP,570,0,7,2852,0,2859,G
5-NP,571,2856,3,3,0,2862,A
5-NP,572,1,2851,1,2,2855,T
5-NP,573,2,6,2847,0,2855,G
5-NP,574,0,13,2862,0,2875,G
5-NP,575,2866,0,2,0,2868,A
5-NP,576,2870,1,3,0,2874,A
5-NP,577,1,0,0,2872,2873,C
5-NP,578,0,2795,0,0,2795,T
5-NP,579,0,12,2917,0,2929,G
5-NP,580,2919,0,1,1,2921,A
5-NP,581,0,2926,0,1,2927,T
5-NP,582,14,2,0,2919,2935,C
5-NP,583,2867,1,2,1,2871,A
5-NP,584,1,6,2960,1,2968,G
5-NP,585,2956,0,0,0,2956,A
5-NP,586,2956,1,2,0,2959,A
5-NP,587,2,2958,0,0,2960,T
5-NP,588,1,10,2894,1,2906,G
5-NP,589,0,0,2941,0,2941,G
5-NP,590,1,2936,0,5,2942,T
5-NP,591,14,1,0,2928,2943,C
5-NP,592,2940,1,0,0,2941,A
5-NP,593,2916,1,0,0,2917,A
5-NP,594,2920,0,2,0,2922,A
5-NP,595,1,1,0,2916,2918,C
5-NP,596,2,3,2904,0,2909,G
5-NP,597,1,4,2918,0,2923,G
5-NP,598,0,5,2883,1,2889,G
5-NP,599,2,12,2879,0,2893,G
5-NP,600,2865,0,3,0,2868,A
5-NP,601,2887,0,1,0,2888,A
5-NP,602,2,2886,0,3,2891,T
5-NP,603,14,0,1,2878,2893,C
5-NP,604,2887,0,5,0,2892,A
5-NP,605,2890,0,3,0,2893,A
5-NP,606,0,2,0,2867,2869,C
5-NP,607,1,15,2850,0,2866,G
5-NP,608,2864,1,3,0,2868,A
5-NP,609,4,2860,1,3,2868,T
5-NP,610,8,0,0,2856,2864,C
5-NP,611,1,6,2858,1,2866,G
5-NP,612,2862,1,0,0,2863,A
5-NP,613,2859,0,1,0,2860,A
5-NP,614,2861,0,0,0,2861,A
5-NP,615,0,2874,0,0,2874,T
5-NP,616,0,2874,0,0,2874,T
5-NP,617,0,2867,0,0,2867,T
5-NP,618,0,2879,1,0,2880,T
5-NP,619,1,2894,0,0,2895,T
5-NP,620,3,4,2888,0,2895,G
5-NP,621,0,5,2886,0,2891,G
5-NP,622,2876,0,1,0,2877,A
5-NP,623,0,2,2894,0,2896,G
5-NP,624,2829,1,5,1,2836,A
5-NP,625,1,2,2967,0,2970,G
5-NP,626,0,2,2979,0,2981,G
5-NP,627,2,2973,0,3,2978,T
5-NP,628,0,12,2976,0,2988,G
5-NP,629,2970,0,7,0,2977,A
5-NP,630,0,6,2979,0,2985,G
5-NP,631,2980,2,3,0,2985,A
5-NP,632,2972,0,3,2,2977,A
5-NP,633,0,2968,0,0,2968,T
5-NP,634,0,13,2855,0,2868,G
5-NP,635,0,2,2850,0,2852,G
5-NP,636,0,1,2865,0,2866,G
5-NP,637,1,2,1,2850,2854,C
5-NP,638,1,3,2854,0,2858,G
5-NP,639,0,2,2873,1,2876,G
5-NP,640,2868,0,0,0,2868,A
5-NP,641,2873,0,0,0,2873,A
5-NP,642,2915,1,1,1,2918,A
5-NP,643,2927,0,3,0,2930,A
5-NP,644,0,0,0,2953,2953,C
5-NP,645,2939,0,1,0,2940,A
5-NP,646,2934,0,1,2,2937,A
5-NP,647,0,4,2936,0,2940,G
5-NP,648,2861,3,2,0,2866,A
5-NP,649,2870,0,2,0,2872,A
5-NP,650,1,0,2955,0,2956,G
5-NP,651,1,2953,1,1,2956,T
5-NP,652,2,2,3124,0,3128,G
5-NP,653,5,0,0,3110,3115,C
5-NP,654,1,3105,1,2,3109,T
5-NP,655,0,3110,0,2,3112,T
5-NP,656,3148,0,0,0,3148,A
5-NP,657,2,3146,0,1,3149,T
5-NP,658,1,10,3150,1,3162,G
5-NP,659,3092,0,5,0,3097,A
5-NP,660,0,6,3103,0,3109,G
5-NP,661,2940,0,6,0,2946,A
5-NP,662,0,7,2956,0,2963,G
5-NP,663,2957,1,2,0,2960,A
5-NP,664,2986,0,0,0,2986,A
5-NP,665,1,2963,0,1,2965,T
5-NP,666,0,1,3012,0,3013,G
5-NP,667,1,2995,0,3,2999,T
5-NP,668,1,0,3017,0,3018,G
5-NP,669,1,1,0,3016,3018,C
5-NP,670,3006,0,2,0,3008,A
5-NP,671,2996,1,5,1,3003,A
5-NP,672,1,2,0,3003,3006,C
5-NP,673,2978,1,1,0,2980,A
5-NP,674,0,2984,0,1,2985,T
5-NP,675,1,2956,0,0,2957,T
5-NP,676,5,0,1,2963,2969,C
5-NP,677,0,2958,1,2,2961,T
5-NP,678,0,2958,0,1,2959,T
5-NP,679,2957,0,0,0,2957,A
5-NP,680,2953,1,0,0,2954,A
5-NP,681,2948,1,2,0,2951,A
5-NP,682,0,7,2957,0,2964,G
5-NP,683,0,2,2957,0,2959,G
5-NP,684,2946,2,2,0,2950,A
5-NP,685,2944,0,0,1,2945,A
5-NP,686,2936,0,3,0,2939,A
5-NP,687,2976,2,3,0,2981,A
5-NP,688,0,2979,1,1,2981,T
5-NP,689,0,2971,1,5,2977,T
5-NP,690,1,2978,0,2,2981,T
5-NP,691,12,2,0,2966,2980,C
5-NP,692,2979,0,2,0,2981,A
5-NP,693,2975,0,0,0,2975,A
5-NP,694,2978,0,0,0,2978,A
5-NP,695,1,1,0,3024,3026,C
5-NP,696,2997,0,0,0,2997,A
5-NP,697,0,0,3047,0,3047,G
5-NP,698,1,1,0,3049,3051,C
5-NP,699,1,3043,0,1,3045,T
5-NP,700,1,2,3100,0,3103,G
5-NP,701,1,4,0,3088,3093,C
5-NP,702,3114,0,3,0,3117,A
5-NP,703,2,3,0,3115,3120,C
5-NP,704,3093,0,1,0,3094,A
5-NP,705,3098,1,3,0,3102,A
5-NP,706,3010,0,3,2,3015,A
5-NP,707,0,3,3122,1,3126,G
5-NP,708,3120,0,4,0,3124,A
5-NP,709,1,0,3148,0,3149,G
5-NP,710,2,4,0,3139,3145,C
5-NP,711,3133,1,1,0,3135,A
5-NP,712,3196,0,7,0,3203,A
5-NP,713,0,3213,0,1,3214,T
5-NP,714,1,5,3213,0,3219,G
5-NP,715,0,0,3246,0,3246,G
5-NP,716,1,3136,0,4,3141,T
5-NP,717,0,9,3137,0,3146,G
5-NP,718,1,7,3157,1,3166,G
5-NP,719,3172,1,2,0,3175,A
5-NP,720,1,3167,0,1,3169,T
5-NP,721,16,3,0,3067,3086,C
5-NP,722,3100,0,0,0,3100,A
5-NP,723,3125,0,3,0,3128,A
5-NP,724,0,3,3141,0,3144,G
5-NP,725,2,3111,0,4,3117,T
5-NP,726,1,8,3113,2,3124,G
5-NP,727,3079,0,3,0,3082,A
5-NP,728,0,4,3088,0,3092,G
5-NP,729,3087,1,4,0,3092,A
5-NP,730,1,4,3089,0,3094,G
5-NP,731,3072,1,1,0,3074,A
5-NP,732,3022,0,2,0,3024,A
5-NP,733,3031,0,3,1,3035,A
5-NP,734,0,0,3056,0,3056,G
5-NP,735,1,3040,0,3,3044,T
5-NP,736,17,1,0,3024,3042,C
5-NP,737,3,3,3026,0,3032,G
5-NP,738,2,4,3032,0,3038,G
5-NP,739,3031,0,3,0,3034,A
5-NP,740,3048,0,2,0,3050,A
5-NP,741,0,0,0,3060,3060,C
5-NP,742,3,1,0,3031,3035,C
5-NP,743,7,0,1,3041,3049,C
5-NP,744,3030,0,1,0,3031,A
5-NP,745,0,3,3032,1,3036,G
5-NP,746,0,11,3030,0,3041,G
5-NP,747,3027,0,1,0,3028,A
5-NP,748,3027,0,0,0,3027,A
5-NP,749,3011,0,1,0,3012,A
5-NP,750,1,3,0,3008,3012,C
5-NP,751,1,1,3003,0,3005,G
5-NP,752,1,0,0,2997,2998,C
5-NP,753,1,2995,0,1,2997,T
5-NP,754,1,7,3000,0,3008,G
5-NP,755,2995,0,2,1,2998,A
5-NP,756,0,14,3037,0,3051,G
5-NP,757,3050,0,1,1,3052,A
5-NP,758,0,3046,1,0,3047,T
5-NP,759,7,3,0,3005,3015,C
5-NP,760,4,2,3015,0,3021,G
5-NP,761,3021,0,1,0,3022,A
5-NP,762,3018,0,1,1,3020,A
5-NP,763,0,4,3038,0,3042,G
5-NP,764,3048,1,0,0,3049,A
5-NP,765,0,3008,1,2,3011,T
5-NP,766,10,2,0,3038,3050,C
5-NP,767,0,3041,0,1,3042,T
5-NP,768,11,1,0,3074,3086,C
5-NP,769,3084,1,3,1,3089,A
5-NP,770,2,3083,0,0,3085,T
5-NP,771,3090,0,1,0,3091,A
5-NP,772,0,3067,0,5,3072,T
5-NP,773,0,3043,0,3,3046,T
5-NP,774,0,3031,0,1,3032,T
5-NP,775,0,2993,0,1,2994,T
5-NP,776,0,2996,0,2,2998,T
5-NP,777,3017,0,4,0,3021,A
5-NP,778,3,0,3018,0,3021,G
5-NP,779,0,0,0,3010,3010,C
5-NP,780,2997,0,2,0,2999,A
5-NP,781,2991,0,2,0,2993,A
5-NP,782,0,11,3098,0,3109,G
5-NP,783,3101,0,1,0,3102,A
5-NP,784,1,3100,0,5,3106,T
5-NP,785,5,0,0,3117,3122,C
5-NP,786,1,3101,0,4,3106,T
5-NP,787,2,0,3195,0,3197,G
5-NP,788,3,0,0,3210,3213,C
5-NP,789,3215,0,2,0,3217,A
5-NP,790,0,3264,0,2,3266,T
5-NP,791,1,3168,0,1,3170,T
5-NP,792,0,12,3380,0,3392,G
5-NP,793,3447,0,3,0,3450,A
5-NP,794,0,3438,0,0,3438,T
5-NP,795,3454,0,1,1,3456,A
5-NP,796,0,3372,0,3,3375,T
5-NP,797,1,3340,0,3,3344,T
5-NP,798,0,6,3363,0,3369,G
5-NP,799,3326,0,5,0,3331,A
5-NP,800,1,2,3361,0,3364,G
5-NP,801,3186,0,4,0,3190,A
5-NP,802,1,6,3148,0,3155,G
5-NP,803,1,12,3191,0,3204,G
5-NP,804,3193,0,3,0,3196,A
5-NP,805,0,3191,0,1,3192,T
5-NP,806,8,0,0,3197,3205,C
5-NP,807,3181,0,0,0,3181,A
5-NP,808,0,0,3199,1,3200,G
5-NP,809,0,3182,0,3,3185,T
5-NP,810,0,3165,0,1,3166,T
5-NP,811,1,1,3160,0,3162,G
5-NP,812,0,0,0,3141,3141,C
5-NP,813,0,3120,0,15,3135,T
5-NP,814,17,1,0,3124,3142,C
5-NP,815,3151,0,4,0,3155,A
5-NP,816,3,0,0,3150,3153,C
5-NP,817,3140,0,1,1,3142,A
5-NP,818,3164,0,1,0,3165,A
5-NP,819,3170,0,1,0,3171,A
5-NP,820,0,3161,0,1,3162,T
5-NP,821,10,0,1,3152,3163,C
5-NP,822,0,3149,0,6,3155,T
5-NP,823,1,3157,0,1,3159,T
5-NP,824,1,1,3165,0,3167,G
5-NP,825,0,2,0,3167,3169,C
5-NP,826,5,0,0,3204,3209,C
5-NP,827,2,3194,0,2,3198,T
5-NP,828,3202,0,1,0,3203,A
5-NP,829,1,1,2,3198,3202,C
5-NP,830,1,0,0,3198,3199,C
5-NP,831,0,3192,0,0,3192,T
5-NP,832,1,0,3248,1,3250,G
5-NP,833,1,0,0,3234,3235,C
5-NP,834,4,0,0,3235,3239,C
5-NP,835,1,3192,0,5,3198,T
5-NP,836,0,0,3248,0,3248,G
5-NP,837,0,3221,0,1,3222,T
5-NP,838,2,0,3253,0,3255,G
5-NP,839,3,0,0,3266,3269,C
5-NP,840,0,2,3305,0,3307,G
5-NP,841,0,3256,0,0,3256,T
5-NP,842,3252,0,0,0,3252,A
5-NP,843,0,3247,0,2,3249,T
5-NP,844,0,9,3239,1,3249,G
5-NP,845,6,11,3339,1,3357,G
5-NP,846,3340,1,3,0,3344,A
5-NP,847,1,1,0,3290,3292,C
5-NP,848,3,0,0,3276,3279,C
5-NP,849,1,3212,0,3,3216,T
5-NP,850,1,1,3353,0,3355,G
5-NP,851,2,3,0,3355,3360,C
5-NP,852,3364,0,2,0,3366,A
5-NP,853,0,3,3427,0,3430,G
5-NP,854,0,3271,1,2,3274,T
5-NP,855,3407,0,1,0,3408,A
5-NP,856,0,3393,0,2,3395,T
5-NP,857,5,3,0,3368,3376,C
5-NP,858,2,2,1,3381,3386,C
5-NP,859,3195,0,5,0,3200,A
5-NP,860,1,1,3211,0,3213,G
5-NP,861,1,3194,0,1,3196,T
5-NP,862,0,9,3240,0,3249,G
5-NP,863,1,5,3231,0,3237,G
5-NP,864,0,0,3190,0,3190,G
5-NP,865,0,3177,0,1,3178,T
5-NP,866,3170,0,1,0,3171,A
5-NP,867,1,2,0,3174,3177,C
5-NP,868,10,23,3133,0,3166,G
5-NP,869,3149,0,1,0,3150,A
5-NP,870,1,1,0,3152,3154,C
5-NP,871,0,3065,0,0,3065,T
5-NP,872,0,3058,2,2,3062,T
5-NP,873,4,2,1,3045,3052,C
5-NP,874,2,10,3038,0,3050,G
5-NP,875,3055,0,0,0,3055,A
5-NP,876,3054,0,1,0,3055,A
5-NP,877,3064,0,1,0,3065,A
5-NP,878,3058,1,1,0,3060,A
5-NP,879,3043,0,5,0,3048,A
5-NP,880,1,1,3072,0,3074,G
5-NP,881,3058,0,4,0,3062,A
5-NP,882,0,2,3092,0,3094,G
5-NP,883,0,9,3091,0,3100,G
5-NP,884,0,5,3097,1,3103,G
5-NP,885,3118,1,0,0,3119,A
5-NP,886,1,3112,0,0,3113,T
5-NP,887,3118,0,3,0,3121,A
5-NP,888,0,3113,0,2,3115,T
5-NP,889,1,3129,0,0,3130,T
5-NP,890,12,1,0,3142,3155,C
5-NP,891,3,0,0,3123,3126,C
5-NP,892,0,3087,1,0,3088,T
5-NP,893,1,3078,0,2,3081,T
5-NP,894,0,3,3117,0,3120,G
5-NP,895,1,0,3141,0,3142,G
5-NP,896,0,3108,0,2,3110,T
5-NP,897,1,5,3099,0,3105,G
5-NP,898,1,1,3079,0,3081,G
5-NP,899,1,7,3214,0,3222,G
5-NP,900,3225,1,1,0,3227,A
5-NP,901,3233,1,0,0,3234,A
5-NP,902,0,3232,0,1,3233,T
5-NP,903,3178,1,3,0,3182,A
5-NP,904,1,11,3174,0,3186,G
5-NP,905,3156,0,6,0,3162,A
5-NP,906,1,1,0,3155,3157,C
5-NP,907,7,0,0,3130,3137,C
5-NP,908,7,2,0,3034,3043,C
5-NP,909,0,3065,1,7,3073,T
5-NP,910,0,3070,0,3,3073,T
5-NP,911,3,3063,0,3,3069,T
5-NP,912,4,1,0,3079,3084,C
5-NP,913,3063,0,2,0,3065,A
5-NP,914,3061,0,3,0,3064,A
5-NP,915,3056,1,2,0,3059,A
5-NP,916,1,0,0,3074,3075,C
5-NP,917,1,2993,0,0,2994,T
5-NP,918,2962,1,2,0,2965,A
5-NP,919,0,0,0,2996,2996,C
5-NP,920,2,2976,2,2,2982,T
5-NP,921,0,2976,0,2,2978,T
5-NP,922,3,1,0,2991,2995,C
5-NP,923,2986,0,1,0,2987,A
5-NP,924,2986,0,1,0,2987,A
5-NP,925,2980,0,0,0,2980,A
5-NP,926,2976,0,1,0,2977,A
5-NP,927,0,2957,0,1,2958,T
5-NP,928,2912,0,0,0,2912,A
5-NP,929,1,0,2952,1,2954,G
5-NP,930,1,0,0,2966,2967,C
5-NP,931,3,1,0,2995,2999,C
5-NP,932,3004,0,4,0,3008,A
5-NP,933,3016,0,0,0,3016,A
5-NP,934,3128,0,1,0,3129,A
5-NP,935,0,3133,0,0,3133,T
5-NP,936,3145,1,1,0,3147,A
5-NP,937,1,3146,0,0,3147,T
5-NP,938,3091,0,2,0,3093,A
5-NP,939,2,1,1,3094,3098,C
5-NP,940,3006,0,5,0,3011,A
5-NP,941,2,1,3082,0,3085,G
5-NP,942,0,0,0,3075,3075,C
5-NP,943,0,2958,0,5,2963,T
5-NP,944,0,2982,1,1,2984,T
5-NP,945,2994,0,1,0,2995,A
5-NP,946,2997,1,0,0,2998,A
5-NP,947,1,2996,0,0,2997,T
5-NP,948,11,2,0,2977,2990,C
5-NP,949,2868,0,3,1,2872,A
5-NP,950,0,10,2880,0,2890,G
5-NP,951,2887,1,3,0,2891,A
5-NP,952,2,0,0,2904,2906,C
5-NP,953,4,6,0,2867,2877,C
5-NP,954,0,2835,0,5,2840,T
5-NP,955,2856,0,3,0,2859,A
5-NP,956,2857,1,2,0,2860,A
5-NP,957,0,2,1,2868,2871,C
5-NP,958,1,9,2865,0,2875,G
5-NP,959,2786,0,1,0,2787,A
5-NP,960,1,12,2780,0,2793,G
5-NP,961,2756,0,2,1,2759,A
5-NP,962,2788,2,2,0,2792,A
5-NP,963,1,2785,0,2,2788,T
5-NP,964,6,1,3,2742,2752,C
5-NP,965,5,5,0,2747,2757,C
5-NP,966,2701,0,1,0,2702,A
5-NP,967,2,0,2718,0,2720,G
5-NP,968,1,0,0,2717,2718,C
5-NP,969,2747,1,4,0,2752,A
5-NP,970,1,1,0,2752,2754,C
5-NP,971,2708,0,2,0,2710,A
5-NP,972,2,0,0,2723,2725,C
5-NP,973,2718,1,0,1,2720,A
5-NP,974,2724,1,3,0,2728,A
5-NP,975,0,3,2735,0,2738,G
5-NP,976,2704,0,3,0,2707,A
5-NP,977,0,1,2717,0,2718,G
5-NP,978,0,2644,0,6,2650,T
5-NP,979,10,1,0,2628,2639,C
5-NP,980,2627,1,4,0,2632,A
5-NP,981,0,0,2632,0,2632,G
5-NP,982,0,1,0,2631,2632,C
5-NP,983,1,2599,0,3,2603,T
5-NP,984,5,2,2631,0,2638,G
5-NP,985,0,1,2662,0,2663,G
5-NP,986,0,2643,1,0,2644,T
5-NP,987,3,1,2660,0,2664,G
5-NP,988,0,2634,0,0,2634,T
5-NP,989,3,7,2626,0,2636,G
5-NP,990,1,4,2618,0,2623,G
5-NP,991,2607,0,2,0,2609,A
5-NP,992,1,2609,0,2,2612,T
5-NP,993,1,4,2504,0,2509,G
5-NP,994,0,1,2482,0,2483,G
5-NP,995,0,3,1,2469,2473,C
5-NP,996,2453,0,3,0,2456,A
5-NP,997,0,2453,0,3,2456,T
5-NP,998,2,0,2431,0,2433,G
5-NP,999,2,1,0,2462,2465,C
5-NP,1000,6,1,0,2452,2459,C
5-NP,1001,2465,0,1,0,2466,A
5-NP,1002,0,2465,0,1,2466,T
5-NP,1003,1,2415,0,3,2419,T
5-NP,1004,6,0,0,2419,2425,C
5-NP,1005,0,2387,0,1,2388,T
5-NP,1006,0,0,2385,0,2385,G
5-NP,1007,0,1,0,2381,2382,C
5-NP,1008,0,2295,0,3,2298,T
5-NP,1009,0,3,2307,0,2310,G
5-NP,1010,1,0,0,2278,2279,C
5-NP,1011,2275,0,1,0,2276,A
5-NP,1012,0,2276,0,0,2276,T
5-NP,1013,0,2256,0,2,2258,T
5-NP,1014,0,2252,0,3,2255,T
5-NP,1015,2,5,2242,0,2249,G
5-NP,1016,2247,0,0,0,2247,A
5-NP,1017,2246,0,1,0,2247,A
5-NP,1018,0,1,2256,0,2257,G
5-NP,1019,2249,0,0,0,2249,A
5-NP,1020,0,2229,0,0,2229,T
5-NP,1021,0,2227,0,1,2228,T
5-NP,1022,0,2231,0,0,2231,T
5-NP,1023,2233,0,0,0,2233,A
5-NP,1024,2232,0,3,0,2235,A
5-NP,1025,0,5,2236,0,2241,G
5-NP,1026,2232,0,1,0,2233,A
5-NP,1027,1,2225,0,1,2227,T
5-NP,1028,1,2172,0,2,2175,T
5-NP,1029,0,2,2188,0,2190,G
5-NP,1030,1,2181,0,1,2183,T
5-NP,1031,0,2183,0,0,2183,T
5-NP,1032,2180,0,2,0,2182,A
5-NP,1033,2185,0,1,0,2186,A
5-NP,1034,1,0,2197,0,2198,G
5-NP,1035,1,5,0,2190,2196,C
5-NP,1036,0,2133,0,3,2136,T
5-NP,1037,0,2144,0,5,2149,T
5-NP,1038,5,28,0,2124,2157,C
5-NP,1039,2161,0,0,0,2161,A
5-NP,1040,0,2158,0,1,2159,T
5-NP,1041,6,0,0,2154,2160,C
5-NP,1042,2111,1,2,0,2114,A
5-NP,1043,0,1,2111,0,2112,G
5-NP,1044,2076,0,2,0,2078,A
5-NP,1045,0,3,2072,2,2077,G
5-NP,1046,1,4,2062,1,2068,G
5-NP,1047,0,7,2046,0,2053,G
5-NP,1048,2050,1,2,0,2053,A
5-NP,1049,2,2,0,2051,2055,C
5-NP,1050,2057,1,0,0,2058,A
5-NP,1051,2068,0,0,1,2069,A
5-NP,1052,2075,0,1,0,2076,A
5-NP,1053,2083,0,5,0,2088,A
5-NP,1054,0,0,2095,0,2095,G
5-NP,1055,0,2041,0,0,2041,T
5-NP,1056,2025,1,0,0,2026,A
5-NP,1057,1,2009,0,1,2011,T
5-NP,1058,7,1,0,2007,2015,C
5-NP,1059,0,1998,0,4,2002,T
5-NP,1060,13,1,6,1996,2016,C
5-NP,1061,3,1,0,1994,1998,C
5-NP,1062,0,1982,0,1,1983,T
5-NP,1063,4,3,0,1966,1973,C
5-NP,1064,2,0,1962,0,1964,G
5-NP,1065,0,2,1978,0,1980,G
5-NP,1066,3,5,1969,0,1977,G
5-NP,1067,0,3,1969,0,1972,G
5-NP,1068,3,8,1961,0,1972,G
5-NP,1069,1936,0,0,0,1936,A
5-NP,1070,1932,0,4,0,1936,A
5-NP,1071,1935,0,3,0,1938,A
5-NP,1072,1,2,0,1953,1956,C
5-NP,1073,2,1944,0,0,1946,T
5-NP,1074,2,0,1965,0,1967,G
5-NP,1075,1,1949,1,1,1952,T
5-NP,1076,10,3,0,1941,1954,C
5-NP,1077,1977,1,4,0,1982,A
5-NP,1078,1997,1,1,0,1999,A
5-NP,1079,0,0,0,2010,2010,C
5-NP,1080,0,2005,1,1,2007,T
5-NP,1081,1940,0,0,0,1940,A
5-NP,1082,0,2,1941,0,1943,G
5-NP,1083,1891,0,3,0,1894,A
5-NP,1084,0,1,1893,0,1894,G
5-NP,1085,0,4,1887,0,1891,G
5-NP,1086,1792,0,1,0,1793,A
5-NP,1087,1,2,1843,0,1846,G
5-NP,1088,1,1819,0,1,1821,T
5-NP,1089,1820,0,2,0,1822,A
5-NP,1090,0,1,0,1819,1820,C
5-NP,1091,1791,0,1,0,1792,A
5-NP,1092,1790,0,0,0,1790,A
5-NP,1093,1778,0,0,0,1778,A
5-NP,1094,0,1758,0,1,1759,T
5-NP,1095,0,1744,0,0,1744,T
5-NP,1096,1,2,1678,0,1681,G
5-NP,1097,0,0,0,1657,1657,C
5-NP,1098,1,1647,2,2,1652,T
5-NP,1099,0,1649,0,0,1649,T
5-NP,1100,2,0,0,1652,1654,C
5-NP,1101,1654,0,0,0,1654,A
5-NP,1102,1655,0,0,0,1655,A
5-NP,1103,1653,0,0,0,1653,A
5-NP,1104,0,1658,1,0,1659,T
5-NP,1105,2,4,1653,0,1659,G
5-NP,1106,1633,1,4,0,1638,A
5-NP,1107,0,6,1636,0,1642,G
5-NP,1108,1648,0,1,0,1649,A
5-NP,1109,1645,0,0,0,1645,A
5-NP,1110,0,0,0,1643,1643,C
5-NP,1111,1612,0,4,0,1616,A
5-NP,1112,1,1614,1,1,1617,T
5-NP,1113,0,1,1632,0,1633,G
5-NP,1114,1,2,1634,0,1637,G
5-NP,1115,1631,0,4,0,1635,A
5-NP,1116,0,1599,1,1,1601,T
5-NP,1117,1573,0,2,1,1576,A
5-NP,1118,1648,0,0,0,1648,A
5-NP,1119,0,1600,1,0,1601,T
5-NP,1120,1589,0,1,0,1590,A
5-NP,1121,0,1587,0,0,1587,T
5-NP,1122,1,2,1432,0,1435,G
5-NP,1123,0,1,1409,0,1410,G
5-NP,1124,1,2,1396,0,1399,G
5-NP,1125,1391,1,0,0,1392,A
5-NP,1126,0,1392,0,1,1393,T
5-NP,1127,2,3,0,1073,1078,C
5-NP,1128,1,2,1078,0,1081,G
5-NP,1129,1076,0,0,0,1076,A
5-NP,1130,1,1,1078,0,1080,G
5-NP,1131,2,1,0,1070,1073,C
5-NP,1132,1061,0,0,0,1061,A
5-NP,1133,0,1,0,1084,1085,C
5-NP,1134,0,1065,0,1,1066,T
5-NP,1135,6,0,0,1069,1075,C
5-NP,1136,1,1072,0,1,1074,T
5-NP,1137,0,1060,0,0,1060,T
5-NP,1138,1,3,1053,0,1057,G
5-NP,1139,1055,1,0,0,1056,A
5-NP,1140,1054,0,2,0,1056,A
5-NP,1141,2,1,0,1053,1056,C
5-NP,1142,0,792,0,0,792,T
5-NP,1143,1,3,793,0,797,G
5-NP,1144,768,0,1,0,769,A
5-NP,1145,0,0,771,0,771,G
5-NP,1146,771,0,0,0,771,A
5-NP,1147,759,1,1,0,761,A
5-NP,1148,0,0,762,0,762,G
5-NP,1149,1,0,0,731,732,C
5-NP,1150,8,1,719,0,728,G
5-NP,1151,0,1,729,0,730,G
5-NP,1152,1,3,711,0,715,G
5-NP,1153,0,704,0,1,705,T
5-NP,1154,682,0,0,0,682,A
5-NP,1155,0,0,0,680,680,C
5-NP,1156,0,540,0,0,540,T
5-NP,1157,0,0,533,0,533,G
5-NP,1158,0,2,520,0,522,G
5-NP,1159,3,1,513,0,517,G
5-NP,1160,0,0,0,509,509,C
5-NP,1161,0,2,0,474,476,C
5-NP,1162,482,1,0,0,483,A
5-NP,1163,0,484,0,0,484,T
5-NP,1164,484,0,0,0,484,A
5-NP,1165,479,1,1,0,481,A
5-NP,1166,0,0,475,0,475,G
5-NP,1167,0,4,484,0,488,G
5-NP,1168,478,0,0,1,479,A
5-NP,1169,0,0,0,481,481,C
5-NP,1170,1,0,0,477,478,C
5-NP,1171,473,0,0,0,473,A
5-NP,1172,0,0,483,0,483,G
5-NP,1173,0,1,484,0,485,G
5-NP,1174,482,0,0,0,482,A
5-NP,1175,0,0,489,0,489,G
5-NP,1176,1,460,0,0,461,T
5-NP,1177,0,0,461,0,461,G
5-NP,1178,0,1,463,0,464,G
5-NP,1179,464,0,0,0,464,A
5-NP,1180,0,0,468,0,468,G
5-NP,1181,0,0,451,0,451,G
5-NP,1182,447,0,1,0,448,A
5-NP,1183,445,0,0,0,445,A
5-NP,1184,445,0,0,0,445,A
5-NP,1185,0,0,0,449,449,C
5-NP,1186,446,0,1,0,447,A
5-NP,1187,0,0,0,456,456,C
5-NP,1188,0,446,0,0,446,T
5-NP,1189,448,0,0,0,448,A
5-NP,1190,449,0,0,0,449,A
5-NP,1191,0,448,0,0,448,T
5-NP,1192,3,0,0,448,451,C
5-NP,1193,446,0,0,0,446,A
5-NP,1194,441,0,0,1,442,A
5-NP,1195,1,0,0,447,448,C
5-NP,1196,430,0,0,0,430,A
5-NP,1197,0,0,430,0,430,G
5-NP,1198,417,0,0,0,417,A
5-NP,1199,0,1,417,0,418,G
5-NP,1200,0,0,420,0,420,G
5-NP,1201,0,0,420,0,420,G
5-NP,1202,0,0,0,420,420,C
5-NP,1203,0,0,0,417,417,C
5-NP,1204,0,412,0,1,413,T
5-NP,1205,1,0,0,414,415,C
5-NP,1206,1,0,0,417,418,C
5-NP,1207,1,0,417,0,418,G
5-NP,1208,0,0,0,414,414,C
5-NP,1209,408,0,1,0,409,A
5-NP,1210,0,0,435,0,435,G
5-NP,1211,0,0,438,0,438,G
5-NP,1212,1,0,0,438,439,C
5-NP,1213,1,0,0,438,439,C
5-NP,1214,434,0,0,0,434,A
5-NP,1215,437,0,0,0,437,A
5-NP,1216,435,0,2,0,437,A
5-NP,1217,0,0,0,440,440,C
5-NP,1218,0,0,0,439,439,C
5-NP,1219,404,0,1,0,405,A
5-NP,1220,0,0,414,0,414,G
5-NP,1221,0,409,0,1,410,T
5-NP,1222,0,0,419,0,419,G
5-NP,1223,0,419,0,0,419,T
5-NP,1224,0,0,416,0,416,G
5-NP,1225,0,1,0,420,421,C
5-NP,1226,415,0,0,0,415,A
5-NP,1227,421,0,0,0,421,A
5-NP,1228,0,0,0,416,416,C
5-NP,1229,0,0,0,414,414,C
5-NP,1230,0,412,0,1,413,T
5-NP,1231,413,0,0,0,413,A
5-NP,1232,0,0,0,414,414,C
5-NP,1233,0,0,414,0,414,G
5-NP,1234,0,413,1,0,414,T
5-NP,1235,0,417,1,0,418,T
5-NP,1236,0,413,1,0,414,T
5-NP,1237,0,410,0,0,410,T
5-NP,1238,1,0,0,410,411,C
5-NP,1239,0,404,0,0,404,T
5-NP,1240,1,0,417,0,418,G
5-NP,1241,0,412,0,0,412,T
5-NP,1242,413,0,0,0,413,A
5-NP,1243,0,0,0,412,412,C
5-NP,1244,408,0,0,0,408,A
5-NP,1245,410,0,0,0,410,A
5-NP,1246,410,0,0,0,410,A
5-NP,1247,0,0,410,0,410,G
5-NP,1248,408,0,0,0,408,A
5-NP,1249,395,1,0,0,396,A
5-NP,1250,398,0,0,0,398,A
5-NP,1251,1,0,0,399,400,C
5-NP,1252,2,0,0,392,394,C
5-NP,1253,0,394,1,1,396,T
5-NP,1254,1,0,0,394,395,C
5-NP,1255,0,0,0,393,393,C
5-NP,1256,0,0,0,398,398,C
5-NP,1257,396,0,0,0,396,A
5-NP,1258,0,397,0,0,397,T
5-NP,1259,0,398,0,0,398,T
5-NP,1260,0,400,0,0,400,T
5-NP,1261,0,1,396,0,397,G
5-NP,1262,400,0,0,0,400,A
5-NP,1263,393,0,0,0,393,A
5-NP,1264,398,0,0,0,398,A
5-NP,1265,399,0,0,0,399,A
5-NP,1266,0,0,402,0,402,G
5-NP,1267,0,399,1,0,400,T
5-NP,1268,3,0,0,396,399,C
5-NP,1269,397,0,0,0,397,A
5-NP,1270,397,0,0,0,397,A
5-NP,1271,0,0,0,399,399,C
5-NP,1272,3,0,0,404,407,C
5-NP,1273,408,0,0,0,408,A
5-NP,1274,0,411,0,0,411,T
5-NP,1275,0,0,0,405,405,C
5-NP,1276,403,0,0,0,403,A
5-NP,1277,0,405,1,0,406,T
5-NP,1278,0,1,401,0,402,G
5-NP,1279,0,0,402,0,402,G
5-NP,1280,2,0,0,399,401,C
5-NP,1281,388,0,2,0,390,A
5-NP,1282,0,0,393,0,393,G
5-NP,1283,1,0,0,389,390,C
5-NP,1284,393,0,0,0,393,A
5-NP,1285,0,391,0,0,391,T
5-NP,1286,0,387,0,0,387,T
5-NP,1287,3,0,0,387,390,C
5-NP,1288,388,0,1,0,389,A
5-NP,1289,0,0,0,392,392,C
5-NP,1290,0,393,0,0,393,T
5-NP,1291,0,0,395,0,395,G
5-NP,1292,0,0,396,0,396,G
5-NP,1293,390,0,0,0,390,A
5-NP,1294,390,0,0,0,390,A
5-NP,1295,389,0,0,0,389,A
5-NP,1296,0,386,0,1,387,T
5-NP,1297,389,0,1,0,390,A
5-NP,1298,1,0,1,388,390,C
5-NP,1299,0,0,385,0,385,G
5-NP,1300,0,0,384,0,384,G
5-NP,1301,371,0,0,0,371,A
5-NP,1302,0,1,372,0,373,G
5-NP,1303,0,0,371,0,371,G
5-NP,1304,0,0,373,0,373,G
5-NP,1305,373,0,0,0,373,A
5-NP,1306,372,0,0,0,372,A
5-NP,1307,0,4,368,0,372,G
5-NP,1308,369,0,0,0,369,A
5-NP,1309,367,0,0,0,367,A
5-NP,1310,0,0,0,366,366,C
5-NP,1311,0,359,0,0,359,T
5-NP,1312,0,361,0,0,361,T
5-NP,1313,0,1,0,359,360,C
5-NP,1314,359,0,0,1,360,A
5-NP,1315,0,1,360,0,361,G
5-NP,1316,356,0,0,0,356,A
5-NP,1317,0,0,0,357,357,C
5-NP,1318,354,0,0,0,354,A
5-NP,1319,0,348,0,1,349,T
5-NP,1320,0,0,350,0,350,G
5-NP,1321,346,1,2,0,349,A
5-NP,1322,0,0,355,0,355,G
5-NP,1323,0,1,355,0,356,G
5-NP,1324,0,0,355,0,355,G
5-NP,1325,0,1,0,353,354,C
5-NP,1326,348,0,0,0,348,A
5-NP,1327,0,0,349,0,349,G
5-NP,1328,348,0,0,1,349,A
5-NP,1329,350,0,0,0,350,A
5-NP,1330,351,0,0,0,351,A
5-NP,1331,0,347,0,0,347,T
5-NP,1332,2,0,0,346,348,C
5-NP,1333,346,0,0,1,347,A
5-NP,1334,0,348,0,0,348,T
5-NP,1335,349,0,0,0,349,A
5-NP,1336,347,0,0,0,347,A
5-NP,1337,0,2,352,0,354,G
5-NP,1338,350,0,0,0,350,A
5-NP,1339,354,0,0,0,354,A
5-NP,1340,0,347,0,0,347,T
5-NP,1341,0,0,348,0,348,G
5-NP,1342,347,0,1,0,348,A
5-NP,1343,0,348,0,1,349,T
5-NP,1344,0,0,349,0,349,G
5-NP,1345,0,0,349,0,349,G
5-NP,1346,343,0,0,0,343,A
5-NP,1347,339,0,2,0,341,A
5-NP,1348,0,0,331,0,331,G
5-NP,1349,0,0,337,0,337,G
5-NP,1350,0,334,0,0,334,T
5-NP,1351,1,0,332,0,333,G
5-NP,1352,0,0,0,334,334,C
5-NP,1353,333,1,0,0,334,A
5-NP,1354,333,0,0,0,333,A
5-NP,1355,334,0,0,0,334,A
5-NP,1356,331,1,1,0,333,A
5-NP,1357,0,0,0,331,331,C
5-NP,1358,2,0,0,324,326,C
5-NP,1359,322,0,0,0,322,A
5-NP,1360,0,0,323,0,323,G
5-NP,1361,322,0,0,0,322,A
5-NP,1362,320,0,0,0,320,A
5-NP,1363,0,0,321,0,321,G
5-NP,1364,322,0,0,0,322,A
5-NP,1365,312,0,0,0,312,A
5-NP,1366,0,0,318,0,318,G
5-NP,1367,0,316,0,0,316,T
5-NP,1368,0,0,316,0,316,G
5-NP,1369,0,308,1,1,310,T
5-NP,1370,4,0,0,307,311,C
5-NP,1371,313,0,0,0,313,A
5-NP,1372,0,315,0,0,315,T
5-NP,1373,0,315,0,0,315,T
5-NP,1374,2,0,0,312,314,C
5-NP,1375,0,0,0,308,308,C
5-NP,1376,0,0,310,0,310,G
5-NP,1377,0,1,312,0,313,G
5-NP,1378,0,1,312,0,313,G
5-NP,1379,0,0,316,0,316,G
5-NP,1380,0,0,315,0,315,G
5-NP,1381,304,0,0,0,304,A
5-NP,1382,0,0,305,0,305,G
5-NP,1383,0,0,305,0,305,G
5-NP,1384,0,0,303,0,303,G
5-NP,1385,0,3,300,0,303,G
5-NP,1386,300,0,0,0,300,A
5-NP,1387,0,0,303,0,303,G
5-NP,1388,0,297,0,0,297,T
5-NP,1389,0,293,1,0,294,T
5-NP,1390,0,299,0,0,299,T
5-NP,1391,0,296,0,0,296,T
5-NP,1392,4,0,0,292,296,C
5-NP,1393,0,0,297,0,297,G
5-NP,1394,295,0,0,0,295,A
5-NP,1395,0,0,294,0,294,G
5-NP,1396,0,0,0,292,292,C
5-NP,1397,1,288,0,1,290,T
5-NP,1398,0,0,0,291,291,C
5-NP,1399,0,289,0,0,289,T
5-NP,1400,0,0,0,291,291,C
5-NP,1401,292,0,0,0,292,A
5-NP,1402,1,1,292,0,294,G
5-NP,1403,295,0,0,0,295,A
5-NP,1404,0,0,0,292,292,C
5-NP,1405,0,0,290,0,290,G
5-NP,1406,286,0,1,0,287,A
5-NP,1407,0,0,288,0,288,G
5-NP,1408,287,0,0,0,287,A
5-NP,1409,287,0,0,0,287,A
5-NP,1410,0,1,285,0,286,G
5-NP,1411,0,1,285,0,286,G
5-NP,1412,0,1,0,285,286,C
5-NP,1413,284,0,0,0,284,A
5-NP,1414,282,0,0,0,282,A
5-NP,1415,0,0,0,282,282,C
5-NP,1416,0,0,281,0,281,G
5-NP,1417,281,0,0,0,281,A
5-NP,1418,281,0,0,0,281,A
5-NP,1419,0,0,0,277,277,C
5-NP,1420,0,1,0,274,275,C
5-NP,1421,1,0,0,273,274,C
5-NP,1422,0,0,277,0,277,G
5-NP,1423,277,0,0,0,277,A
5-NP,1424,0,276,0,0,276,T
5-NP,1425,0,0,1,272,273,C
5-NP,1426,1,0,273,0,274,G
5-NP,1427,0,272,0,0,272,T
5-NP,1428,0,0,273,0,273,G
5-NP,1429,0,0,0,269,269,C
5-NP,1430,0,0,0,267,267,C
5-NP,1431,0,1,0,270,271,C
5-NP,1432,0,268,0,0,268,T
5-NP,1433,0,0,0,282,282,C
5-NP,1434,0,283,0,0,283,T
5-NP,1435,0,281,1,0,282,T
5-NP,1436,0,282,0,0,282,T
5-NP,1437,0,282,0,0,282,T
5-NP,1438,0,1,282,0,283,G
5-NP,1439,282,0,1,0,283,A
5-NP,1440,0,280,0,0,280,T
5-NP,1441,277,0,0,0,277,A
5-NP,1442,0,223,0,0,223,T
5-NP,1443,0,0,228,0,228,G
5-NP,1444,225,0,1,0,226,A
5-NP,1445,0,0,230,0,230,G
5-NP,1446,0,229,0,0,229,T
5-NP,1447,222,0,0,0,222,A
5-NP,1448,223,0,0,0,223,A
5-NP,1449,0,220,0,0,220,T
5-NP,1450,0,0,221,0,221,G
5-NP,1451,219,0,1,0,220,A
5-NP,1452,195,0,0,0,195,A
5-NP,1453,0,0,195,0,195,G
5-NP,1454,0,0,182,0,182,G
5-NP,1455,182,0,0,0,182,A
5-NP,1456,0,181,0,1,182,T
5-NP,1457,0,0,0,182,182,C
5-NP,1458,0,177,0,0,177,T
5-NP,1459,0,176,0,0,176,T
5-NP,1460,176,0,0,0,176,A
5-NP,1461,0,175,0,0,175,T
5-NP,1462,0,174,0,0,174,T
5-NP,1463,0,171,0,0,171,T
5-NP,1464,0,0,0,163,163,C
5-NP,1465,0,154,0,0,154,T
5-NP,1466,0,154,0,0,154,T
5-NP,1467,0,0,0,155,155,C
5-NP,1468,0,0,153,0,153,G
5-NP,1469,0,0,153,0,153,G
5-NP,1470,152,0,0,0,152,A
5-NP,1471,0,0,152,0,152,G
5-NP,1472,148,0,0,0,148,A
5-NP,1473,0,0,0,148,148,C
5-NP,1474,137,0,0,0,137,A
5-NP,1475,136,0,0,1,137,A
5-NP,1476,0,137,0,0,137,T
5-NP,1477,0,0,137,0,137,G
5-NP,1478,0,1,0,136,137,C
5-NP,1479,131,0,1,0,132,A
5-NP,1480,0,0,132,0,132,G
5-NP,1481,130,0,0,2,132,A
5-NP,1482,122,0,0,0,122,A
5-NP,1483,1,0,121,0,122,G
5-NP,1484,85,0,0,0,85,A
5-NP,1485,0,0,83,0,83,G
5-NP,1486,0,78,0,0,78,T
5-NP,1487,78,0,0,0,78,A
5-NP,1488,0,0,0,78,78,C
5-NP,1489,0,1,72,0,73,G
5-NP,1490,73,0,0,0,73,A
5-NP,1491,0,0,0,73,73,C
5-NP,1492,51,0,0,0,51,A
5-NP,1493,51,0,0,0,51,A
5-NP,1494,0,41,0,0,41,T
5-NP,1495,0,36,0,0,36,T
5-NP,1496,35,0,0,0,35,A
5-NP,1497,34,0,0,0,34,A
6-NA,1,18,0,0,0,18,A
6-NA,2,0,18,0,0,18,T
6-NA,3,0,0,18,0,18,G
6-NA,4,18,0,0,0,18,A
6-NA,5,18,0,0,0,18,A
6-NA,6,0,18,0,0,18,T
6-NA,7,0,0,0,18,18,C
6-NA,8,0,0,0,18,18,C
6-NA,9,18,0,0,0,18,A
6-NA,10,18,0,0,0,18,A
6-NA,11,17,0,1,0,18,A
6-NA,12,0,18,0,0,18,T
6-NA,13,0,0,0,18,18,C
6-NA,14,18,0,0,0,18,A
6-NA,15,18,0,0,0,18,A
6-NA,16,18,0,0,0,18,A
6-NA,17,20,0,0,0,20,A
6-NA,18,0,0,23,0,23,G
6-NA,19,24,0,0,0,24,A
6-NA,20,0,25,0,0,25,T
6-NA,21,25,0,0,0,25,A
6-NA,22,26,0,0,0,26,A
6-NA,23,0,27,0,0,27,T
6-NA,24,27,0,0,0,27,A
6-NA,25,28,0,0,0,28,A
6-NA,26,0,1,0,27,28,C
6-NA,27,0,0,28,0,28,G
6-NA,28,27,0,0,0,27,A
6-NA,29,0,28,0,0,28,T
6-NA,30,0,28,0,0,28,T
6-NA,31,0,0,28,0,28,G
6-NA,32,0,0,29,0,29,G
6-NA,33,0,0,0,29,29,C
6-NA,34,0,29,0,0,29,T
6-NA,35,0,0,0,30,30,C
6-NA,36,0,30,0,0,30,T
6-NA,37,0,0,30,0,30,G
6-NA,38,0,30,0,0,30,T
6-NA,39,0,31,0,0,31,T
6-NA,40,0,32,0,0,32,T
6-NA,41,0,0,0,34,34,C
6-NA,42,0,34,0,0,34,T
6-NA,43,0,0,0,34,34,C
6-NA,44,0,34,0,0,34,T
6-NA,45,0,0,0,36,36,C
6-NA,46,36,0,0,0,36,A
6-NA,47,0,0,0,36,36,C
6-NA,48,0,0,0,36,36,C
6-NA,49,36,0,0,0,36,A
6-NA,50,0,38,0,0,38,T
6-NA,51,0,39,0,0,39,T
6-NA,52,0,39,0,0,39,T
6-NA,53,0,0,0,41,41,C
6-NA,54,0,0,0,41,41,C
6-NA,55,41,0,1,0,42,A
6-NA,56,0,0,0,47,47,C
6-NA,57,46,0,0,0,46,A
6-NA,58,51,0,0,0,51,A
6-NA,59,0,51,0,0,51,T
6-NA,60,51,0,0,0,51,A
6-NA,61,0,51,0,0,51,T
6-NA,62,0,0,52,0,52,G
6-NA,63,0,0,0,52,52,C
6-NA,64,0,51,0,0,51,T
6-NA,65,0,50,0,0,50,T
6-NA,66,0,1,0,49,50,C
6-NA,67,0,50,0,0,50,T
6-NA,68,0,50,0,0,50,T
6-NA,69,0,0,0,50,50,C
6-NA,70,50,0,0,0,50,A
6-NA,71,0,50,0,0,50,T
6-NA,72,0,0,51,0,51,G
6-NA,73,0,0,0,52,52,C
6-NA,74,51,0,0,0,51,A
6-NA,75,52,0,0,0,52,A
6-NA,76,51,0,0,0,51,A
6-NA,77,0,53,0,0,53,T
6-NA,78,0,53,0,0,53,T
6-NA,79,0,0,52,0,52,G
6-NA,80,0,0,0,53,53,C
6-NA,81,0,0,0,53,53,C
6-NA,82,54,0,0,0,54,A
6-NA,83,0,54,0,0,54,T
6-NA,84,0,0,0,57,57,C
6-NA,85,0,57,0,0,57,T
6-NA,86,0,57,0,0,57,T
6-NA,87,0,0,60,0,60,G
6-NA,88,60,0,0,0,60,A
6-NA,89,0,61,0,0,61,T
6-NA,90,62,0,0,0,62,A
6-NA,91,62,0,0,0,62,A
6-NA,92,0,0,0,70,70,C
6-NA,93,0,67,0,0,67,T
6-NA,94,67,0,0,0,67,A
6-NA,95,0,0,0,73,73,C
6-NA,96,0,72,0,0,72,T
6-NA,97,0,0,76,0,76,G
6-NA,98,0,76,0,0,76,T
6-NA,99,76,0,0,0,76,A
6-NA,100,77,0,0,0,77,A
6-NA,101,0,0,0,77,77,C
6-NA,102,76,0,0,0,76,A
6-NA,103,0,77,0,0,77,T
6-NA,104,0,76,0,0,76,T
6-NA,105,0,0,78,0,78,G
6-NA,106,0,0,0,78,78,C
6-NA,107,81,0,0,0,81,A
6-NA,108,0,81,0,0,81,T
6-NA,109,0,81,0,0,81,T
6-NA,110,0,81,0,0,81,T
6-NA,111,0,0,0,80,80,C
6-NA,112,80,0,0,0,80,A
6-NA,113,79,0,1,0,80,A
6-NA,114,0,0,79,0,79,G
6-NA,115,0,0,0,80,80,C
6-NA,116,79,0,0,0,79,A
6-NA,117,84,0,0,0,84,A
6-NA,118,0,86,0,0,86,T
6-NA,119,85,0,0,0,85,A
6-NA,120,0,86,0,0,86,T
6-NA,121,0,1,86,0,87,G
6-NA,122,85,0,0,0,85,A
6-NA,123,84,0,1,0,85,A
6-NA,124,0,88,0,0,88,T
6-NA,125,0,88,0,0,88,T
6-NA,126,2,0,0,88,90,C
6-NA,127,89,0,0,0,89,A
6-NA,128,89,0,0,0,89,A
6-NA,129,0,0,0,91,91,C
6-NA,130,0,88,0,0,88,T
6-NA,131,2,0,0,87,89,C
6-NA,132,0,0,0,90,90,C
6-NA,133,0,0,0,91,91,C
6-NA,134,0,0,0,91,91,C
6-NA,135,0,0,0,89,89,C
6-NA,136,1,0,0,90,91,C
6-NA,137,0,0,0,91,91,C
6-NA,138,92,0,0,0,92,A
6-NA,139,92,0,0,0,92,A
6-NA,140,93,0,0,0,93,A
6-NA,141,0,0,0,95,95,C
6-NA,142,93,0,0,0,93,A
6-NA,143,91,0,1,0,92,A
6-NA,144,0,0,0,93,93,C
6-NA,145,0,0,0,93,93,C
6-NA,146,94,0,0,0,94,A
6-NA,147,94,0,0,0,94,A
6-NA,148,0,0,96,0,96,G
6-NA,149,0,97,0,0,97,T
6-NA,150,0,1,96,0,97,G
6-NA,151,98,0,0,0,98,A
6-NA,152,0,98,0,0,98,T
6-NA,153,0,0,98,0,98,G
6-NA,154,0,0,0,98,98,C
6-NA,155,0,99,0,0,99,T
6-NA,156,0,0,104,0,104,G
6-NA,157,0,103,0,0,103,T
6-NA,158,0,0,103,0,103,G
6-NA,159,0,102,0,0,102,T
6-NA,160,0,2,97,0,99,G
6-NA,161,98,0,1,0,99,A
6-NA,162,100,0,0,0,100,A
6-NA,163,0,0,0,100,100,C
6-NA,164,0,0,0,100,100,C
6-NA,165,98,0,0,0,98,A
6-NA,166,98,0,0,0,98,A
6-NA,167,0,0,0,105,105,C
6-NA,168,103,0,0,0,103,A
6-NA,169,104,0,0,0,104,A
6-NA,170,0,104,0,0,104,T
6-NA,171,105,0,0,0,105,A
6-NA,172,105,0,0,0,105,A
6-NA,173,0,105,0,0,105,T
6-NA,174,103,0,0,0,103,A
6-NA,175,0,0,102,1,103,G
6-NA,176,99,0,0,0,99,A
6-NA,177,99,0,0,0,99,A
6-NA,178,98,0,0,0,98,A
6-NA,179,0,0,99,0,99,G
6-NA,180,101,0,0,0,101,A
6-NA,181,101,0,0,0,101,A
6-NA,182,102,0,0,0,102,A
6-NA,183,0,0,0,102,102,C
6-NA,184,102,0,0,0,102,A
6-NA,185,0,103,0,0,103,T
6-NA,186,102,0,3,0,105,A
6-NA,187,105,0,0,0,105,A
6-NA,188,0,0,0,108,108,C
6-NA,189,108,0,0,0,108,A
6-NA,190,0,0,109,0,109,G
6-NA,191,108,0,0,0,108,A
6-NA,192,0,0,108,0,108,G
6-NA,193,107,0,0,0,107,A
6-NA,194,0,110,0,0,110,T
6-NA,195,110,0,0,0,110,A
6-NA,196,0,0,111,0,111,G
6-NA,197,0,108,0,0,108,T
6-NA,198,0,0,115,0,115,G
6-NA,199,0,110,0,1,111,T
6-NA,200,111,0,0,0,111,A
6-NA,201,0,110,0,0,110,T
6-NA,202,0,0,0,109,109,C
6-NA,203,0,103,0,0,103,T
6-NA,204,1,2,102,0,105,G
6-NA,205,97,0,0,0,97,A
6-NA,206,1,0,0,96,97,C
6-NA,207,0,0,0,99,99,C
6-NA,208,100,0,0,0,100,A
6-NA,209,100,0,0,0,100,A
6-NA,210,0,0,0,102,102,C
6-NA,211,100,0,1,0,101,A
6-NA,212,0,0,0,105,105,C
6-NA,213,0,0,0,103,103,C
6-NA,214,103,0,0,0,103,A
6-NA,215,0,0,0,107,107,C
6-NA,216,0,0,0,106,106,C
6-NA,217,107,0,0,0,107,A
6-NA,218,0,107,0,0,107,T
6-NA,219,106,0,0,0,106,A
6-NA,220,0,0,108,0,108,G
6-NA,221,105,0,0,0,105,A
6-NA,222,0,0,108,0,108,G
6-NA,223,107,0,0,0,107,A
6-NA,224,105,0,0,0,105,A
6-NA,225,0,0,105,0,105,G
6-NA,226,0,1,105,0,106,G
6-NA,227,107,0,0,0,107,A
6-NA,228,106,0,1,0,107,A
6-NA,229,106,0,0,0,106,A
6-NA,230,0,105,1,0,106,T
6-NA,231,104,0,0,0,104,A
6-NA,232,0,104,0,1,105,T
6-NA,233,0,0,105,0,105,G
6-NA,234,1,1,0,104,106,C
6-NA,235,1,0,0,102,103,C
6-NA,236,0,0,0,103,103,C
6-NA,237,0,1,0,103,104,C
6-NA,238,104,0,0,0,104,A
6-NA,239,104,0,0,0,104,A
6-NA,240,104,0,0,0,104,A
6-NA,241,0,104,0,0,104,T
6-NA,242,0,104,0,0,104,T
6-NA,243,102,0,1,0,103,A
6-NA,244,0,0,104,0,104,G
6-NA,245,1,0,0,104,105,C
6-NA,246,105,0,0,0,105,A
6-NA,247,0,1,106,0,107,G
6-NA,248,104,0,0,0,104,A
6-NA,249,112,0,0,0,112,A
6-NA,250,0,113,0,0,113,T
6-NA,251,113,0,0,0,113,A
6-NA,252,0,0,0,113,113,C
6-NA,253,113,0,0,0,113,A
6-NA,254,0,0,111,0,111,G
6-NA,255,113,0,0,0,113,A
6-NA,256,112,0,0,0,112,A
6-NA,257,110,0,0,0,110,A
6-NA,258,0,107,0,0,107,T
6-NA,259,0,107,0,0,107,T
6-NA,260,0,0,107,0,107,G
6-NA,261,0,0,104,0,104,G
6-NA,262,0,107,0,0,107,T
6-NA,263,0,0,0,108,108,C
6-NA,264,108,0,0,0,108,A
6-NA,265,108,0,0,0,108,A
6-NA,266,106,0,1,0,107,A
6-NA,267,107,0,0,0,107,A
6-NA,268,0,0,0,109,109,C
6-NA,269,0,0,0,107,107,C
6-NA,270,0,0,109,0,109,G
6-NA,271,0,0,0,109,109,C
6-NA,272,109,0,0,0,109,A
6-NA,273,109,0,0,0,109,A
6-NA,274,0,108,0,0,108,T
6-NA,275,0,0,107,0,107,G
6-NA,276,0,0,0,108,108,C
6-NA,277,0,2,105,0,107,G
6-NA,278,115,0,0,0,115,A
6-NA,279,0,0,0,113,113,C
6-NA,280,114,0,0,0,114,A
6-NA,281,0,118,0,0,118,T
6-NA,282,0,118,0,0,118,T
6-NA,283,118,0,0,0,118,A
6-NA,284,0,0,0,118,118,C
6-NA,285,118,0,0,0,118,A
6-NA,286,1,0,116,0,117,G
6-NA,287,0,0,114,0,114,G
6-NA,288,117,0,0,0,117,A
6-NA,289,0,113,0,1,114,T
6-NA,290,0,111,0,0,111,T
6-NA,291,0,112,0,0,112,T
6-NA,292,0,0,112,0,112,G
6-NA,293,0,0,0,111,111,C
6-NA,294,111,0,0,0,111,A
6-NA,295,0,0,0,112,112,C
6-NA,296,0,0,0,111,111,C
6-NA,297,0,112,0,0,112,T
6-NA,298,0,110,0,2,112,T
6-NA,299,0,112,0,0,112,T
6-NA,300,0,113,0,0,113,T
6-NA,301,0,115,0,0,115,T
6-NA,302,2,0,0,113,115,C
6-NA,303,0,115,0,0,115,T
6-NA,304,115,0,0,0,115,A
6-NA,305,115,0,0,0,115,A
6-NA,306,0,0,114,0,114,G
6-NA,307,0,0,114,0,114,G
6-NA,308,112,0,0,0,112,A
6-NA,309,0,0,0,115,115,C
6-NA,310,114,0,0,0,114,A
6-NA,311,115,0,0,0,115,A
6-NA,312,0,117,0,0,117,T
6-NA,313,0,116,0,0,116,T
6-NA,314,1,0,0,117,118,C
6-NA,315,0,0,118,0,118,G
6-NA,316,120,0,0,0,120,A
6-NA,317,0,120,0,0,120,T
6-NA,318,0,119,0,0,119,T
6-NA,319,118,0,0,0,118,A
6-NA,320,0,0,118,0,118,G
6-NA,321,0,0,119,0,119,G
6-NA,322,0,0,0,118,118,C
6-NA,323,0,118,0,0,118,T
6-NA,324,0,118,0,0,118,T
6-NA,325,0,117,0,0,117,T
6-NA,326,0,0,0,118,118,C
6-NA,327,0,0,0,119,119,C
6-NA,328,0,1,118,0,119,G
6-NA,329,0,0,0,119,119,C
6-NA,330,0,121,0,0,121,T
6-NA,331,0,0,122,0,122,G
6-NA,332,0,0,122,0,122,G
6-NA,333,0,121,0,0,121,T
6-NA,334,0,2,120,0,122,G
6-NA,335,0,0,121,0,121,G
6-NA,336,0,0,121,0,121,G
6-NA,337,0,0,120,0,120,G
6-NA,338,120,0,0,0,120,A
6-NA,339,0,0,0,125,125,C
6-NA,340,124,0,0,0,124,A
6-NA,341,0,124,0,0,124,T
6-NA,342,0,0,0,124,124,C
6-NA,343,0,124,0,0,124,T
6-NA,344,0,0,121,0,121,G
6-NA,345,0,2,121,0,123,G
6-NA,346,0,1,131,0,132,G
6-NA,347,0,132,0,0,132,T
6-NA,348,0,1,130,0,131,G
6-NA,349,131,0,1,0,132,A
6-NA,350,0,0,0,136,136,C
6-NA,351,136,0,0,0,136,A
6-NA,352,154,0,0,0,154,A
6-NA,353,0,0,156,0,156,G
6-NA,354,156,0,0,0,156,A
6-NA,355,0,0,174,0,174,G
6-NA,356,176,0,0,0,176,A
6-NA,357,206,0,0,0,206,A
6-NA,358,0,0,0,304,304,C
6-NA,359,0,0,0,342,342,C
6-NA,360,0,344,0,0,344,T
6-NA,361,1,344,0,0,345,T
6-NA,362,347,0,0,0,347,A
6-NA,363,0,349,0,0,349,T
6-NA,364,0,0,389,0,389,G
6-NA,365,0,393,0,0,393,T
6-NA,366,0,0,408,0,408,G
6-NA,367,0,404,0,0,404,T
6-NA,368,2,0,1,403,406,C
6-NA,369,416,0,1,2,419,A
6-NA,370,0,421,0,0,421,T
6-NA,371,0,0,420,0,420,G
6-NA,372,0,0,0,421,421,C
6-NA,373,0,1,422,0,423,G
6-NA,374,503,0,1,0,504,A
6-NA,375,0,515,0,0,515,T
6-NA,376,1,1,0,526,528,C
6-NA,377,0,0,0,530,530,C
6-NA,378,0,543,0,4,547,T
6-NA,379,0,0,558,0,558,G
6-NA,380,557,0,0,0,557,A
6-NA,381,0,0,0,560,560,C
6-NA,382,558,0,0,0,558,A
6-NA,383,555,0,1,1,557,A
6-NA,384,0,0,596,0,596,G
6-NA,385,0,592,0,1,593,T
6-NA,386,0,0,602,0,602,G
6-NA,387,0,602,0,0,602,T
6-NA,388,0,602,0,1,603,T
6-NA,389,600,0,0,0,600,A
6-NA,390,0,602,0,0,602,T
6-NA,391,3,0,0,616,619,C
6-NA,392,618,0,0,0,618,A
6-NA,393,615,1,0,0,616,A
6-NA,394,0,615,0,0,615,T
6-NA,395,0,617,0,0,617,T
6-NA,396,0,616,0,0,616,T
6-NA,397,0,0,622,0,622,G
6-NA,398,1,0,0,658,659,C
6-NA,399,2,0,0,658,660,C
6-NA,400,0,1,0,667,668,C
6-NA,401,0,665,0,1,666,T
6-NA,402,0,671,0,0,671,T
6-NA,403,0,2,687,0,689,G
6-NA,404,0,3,687,0,690,G
6-NA,405,695,1,1,0,697,A
6-NA,406,0,0,0,699,699,C
6-NA,407,686,0,2,0,688,A
6-NA,408,0,1,708,0,709,G
6-NA,409,0,0,717,0,717,G
6-NA,410,1,1,741,0,743,G
6-NA,411,754,0,1,0,755,A
6-NA,412,751,0,1,0,752,A
6-NA,413,0,0,0,758,758,C
6-NA,414,744,1,0,0,745,A
6-NA,415,828,0,0,0,828,A
6-NA,416,0,1,0,839,840,C
6-NA,417,843,0,1,0,844,A
6-NA,418,0,0,0,857,857,C
6-NA,419,0,845,0,0,845,T
6-NA,420,857,0,0,0,857,A
6-NA,421,855,0,0,0,855,A
6-NA,422,859,0,0,0,859,A
6-NA,423,1,0,0,860,861,C
6-NA,424,812,0,1,0,813,A
6-NA,425,816,0,0,0,816,A
6-NA,426,0,1,0,815,816,C
6-NA,427,1,0,816,0,817,G
6-NA,428,0,819,0,0,819,T
6-NA,429,0,0,820,0,820,G
6-NA,430,1,0,0,826,827,C
6-NA,431,826,0,1,0,827,A
6-NA,432,0,832,0,0,832,T
6-NA,433,0,834,0,0,834,T
6-NA,434,5,0,0,842,847,C
6-NA,435,873,0,1,0,874,A
6-NA,436,880,0,3,0,883,A
6-NA,437,896,0,1,0,897,A
6-NA,438,0,901,0,0,901,T
6-NA,439,0,9,891,0,900,G
6-NA,440,904,1,0,0,905,A
6-NA,441,0,0,1,912,913,C
6-NA,442,911,0,0,0,911,A
6-NA,443,1,0,0,929,930,C
6-NA,444,915,0,0,0,915,A
6-NA,445,0,0,1152,0,1152,G
6-NA,446,0,1150,0,0,1150,T
6-NA,447,1167,0,0,0,1167,A
6-NA,448,0,0,0,1172,1172,C
6-NA,449,0,1,1173,0,1174,G
6-NA,450,0,1217,0,1,1218,T
6-NA,451,0,4,1216,1,1221,G
6-NA,452,1230,0,0,0,1230,A
6-NA,453,0,1232,0,0,1232,T
6-NA,454,1126,0,1,1,1128,A
6-NA,455,0,2,1123,0,1125,G
6-NA,456,1,2,1122,0,1125,G
6-NA,457,1127,0,2,0,1129,A
6-NA,458,0,0,0,1155,1155,C
6-NA,459,2,3,0,1129,1134,C
6-NA,460,1,1,0,1147,1149,C
6-NA,461,1,1,0,1151,1153,C
6-NA,462,0,1151,0,1,1152,T
6-NA,463,0,1166,0,1,1167,T
6-NA,464,1169,0,0,0,1169,A
6-NA,465,0,1168,0,0,1168,T
6-NA,466,3,1,0,1162,1166,C
6-NA,467,3,3,1155,0,1161,G
6-NA,468,1,2,1161,0,1164,G
6-NA,469,1166,0,1,0,1167,A
6-NA,470,1,0,0,1173,1174,C
6-NA,471,4,0,0,1168,1172,C
6-NA,472,3,0,0,1247,1250,C
6-NA,473,0,1244,0,2,1246,T
6-NA,474,1266,0,1,0,1267,A
6-NA,475,0,1271,0,0,1271,T
6-NA,476,0,1270,0,0,1270,T
6-NA,477,0,0,1269,0,1269,G
6-NA,478,1269,0,1,0,1270,A
6-NA,479,0,1265,0,0,1265,T
6-NA,480,1,4,1262,0,1267,G
6-NA,481,1232,1,1,0,1234,A
6-NA,482,1232,0,1,0,1233,A
6-NA,483,1,1229,0,0,1230,T
6-NA,484,0,9,1244,0,1253,G
6-NA,485,1265,0,1,0,1266,A
6-NA,486,1,0,1274,0,1275,G
6-NA,487,0,1267,0,1,1268,T
6-NA,488,0,1274,0,0,1274,T
6-NA,489,1275,0,3,0,1278,A
6-NA,490,0,1,1281,1,1283,G
6-NA,491,1,0,1287,0,1288,G
6-NA,492,1,1285,0,2,1288,T
6-NA,493,2,1,1287,0,1290,G
6-NA,494,2,1275,0,1,1278,T
6-NA,495,0,1276,0,1,1277,T
6-NA,496,2,0,0,1284,1286,C
6-NA,497,0,0,0,1297,1297,C
6-NA,498,0,1290,0,1,1291,T
6-NA,499,0,1290,0,1,1291,T
6-NA,500,0,1283,0,3,1286,T
6-NA,501,0,1287,0,1,1288,T
6-NA,502,5,0,0,1287,1292,C
6-NA,503,1290,0,0,0,1290,A
6-NA,504,0,1325,0,1,1326,T
6-NA,505,0,0,0,1327,1327,C
6-NA,506,0,1312,0,1,1313,T
6-NA,507,1,2,1306,0,1309,G
6-NA,508,2,2,1303,0,1307,G
6-NA,509,0,1,1307,0,1308,G
6-NA,510,1,3,1320,0,1324,G
6-NA,511,1325,1,2,0,1328,A
6-NA,512,0,0,1,1336,1337,C
6-NA,513,2,0,0,1307,1309,C
6-NA,514,1326,0,0,0,1326,A
6-NA,515,1328,1,0,0,1329,A
6-NA,516,0,3,1324,0,1327,G
6-NA,517,0,0,0,1326,1326,C
6-NA,518,1325,0,1,0,1326,A
6-NA,519,1343,0,0,1,1344,A
6-NA,520,0,2,1349,0,1351,G
6-NA,521,0,1344,0,1,1345,T
6-NA,522,0,0,1401,0,1401,G
6-NA,523,0,1390,0,2,1392,T
6-NA,524,2,0,1426,0,1428,G
6-NA,525,1,1,0,1424,1426,C
6-NA,526,1422,0,0,0,1422,A
6-NA,527,0,1435,0,0,1435,T
6-NA,528,1413,0,0,0,1413,A
6-NA,529,1,1,1462,0,1464,G
6-NA,530,0,2,0,1459,1461,C
6-NA,531,1443,0,2,0,1445,A
6-NA,532,0,1442,0,2,1444,T
6-NA,533,0,5,1411,0,1416,G
6-NA,534,1,0,1553,0,1554,G
6-NA,535,0,1553,0,0,1553,T
6-NA,536,5,1,0,1544,1550,C
6-NA,537,2,0,0,1572,1574,C
6-NA,538,1609,0,1,0,1610,A
6-NA,539,1,2,1693,1,1697,G
6-NA,540,1,0,0,1707,1708,C
6-NA,541,0,1706,0,3,1709,T
6-NA,542,2,1,0,1715,1718,C
6-NA,543,1687,0,3,0,1690,A
6-NA,544,1718,0,0,0,1718,A
6-NA,545,2,1,1725,0,1728,G
6-NA,546,0,1805,0,1,1806,T
6-NA,547,0,1806,0,1,1807,T
6-NA,548,0,0,1811,0,1811,G
6-NA,549,1,1807,0,1,1809,T
6-NA,550,3,0,0,1806,1809,C
6-NA,551,1812,0,0,0,1812,A
6-NA,552,1,0,1,1833,1835,C
6-NA,553,1,3,1819,0,1823,G
6-NA,554,1867,0,1,0,1868,A
6-NA,555,0,1869,0,2,1871,T
6-NA,556,1,3,1915,0,1919,G
6-NA,557,0,4,1944,0,1948,G
6-NA,558,1947,1,3,0,1951,A
6-NA,559,1948,0,5,0,1953,A
6-NA,560,1983,1,4,1,1989,A
6-NA,561,1988,0,3,0,1991,A
6-NA,562,1,0,2038,0,2039,G
6-NA,563,1,0,0,2034,2035,C
6-NA,564,2025,1,5,0,2031,A
6-NA,565,0,2035,0,0,2035,T
6-NA,566,2,1,2058,0,2061,G
6-NA,567,0,3,2070,0,2073,G
6-NA,568,0,0,0,2101,2101,C
6-NA,569,0,2082,1,3,2086,T
6-NA,570,2,0,2100,0,2102,G
6-NA,571,1,0,0,2089,2090,C
6-NA,572,2096,1,1,0,2098,A
6-NA,573,0,2191,0,1,2192,T
6-NA,574,1,1,2199,0,2201,G
6-NA,575,0,2229,0,3,2232,T
6-NA,576,0,2299,0,2,2301,T
6-NA,577,2,2289,0,3,2294,T
6-NA,578,2,2,2490,0,2494,G
6-NA,579,0,2485,0,4,2489,T
6-NA,580,2493,0,3,0,2496,A
6-NA,581,0,2504,0,1,2505,T
6-NA,582,2474,0,1,0,2475,A
6-NA,583,2488,0,2,0,2490,A
6-NA,584,0,0,0,2484,2484,C
6-NA,585,2,7,2454,0,2463,G
6-NA,586,1,2,2472,0,2475,G
6-NA,587,0,8,2440,0,2448,G
6-NA,588,1,3,2445,0,2449,G
6-NA,589,0,9,2450,1,2460,G
6-NA,590,2450,0,3,1,2454,A
6-NA,591,1,2466,0,1,2468,T
6-NA,592,3,9,2463,0,2475,G
6-NA,593,2492,4,3,0,2499,A
6-NA,594,0,2519,0,0,2519,T
6-NA,595,2508,0,1,0,2509,A
6-NA,596,2578,1,0,0,2579,A
6-NA,597,2592,0,0,0,2592,A
6-NA,598,2590,0,3,0,2593,A
6-NA,599,2604,0,3,1,2608,A
6-NA,600,0,2606,0,1,2607,T
6-NA,601,2,1,2605,0,2608,G
6-NA,602,2,3,0,2593,2598,C
6-NA,603,2590,1,3,0,2594,A
6-NA,604,2604,0,3,0,2607,A
6-NA,605,0,0,1,2640,2641,C
6-NA,606,0,2645,0,2,2647,T
6-NA,607,1,1,2649,0,2651,G
6-NA,608,2,0,0,2642,2644,C
6-NA,609,0,2649,0,0,2649,T
6-NA,610,2648,0,1,0,2649,A
6-NA,611,0,0,2660,0,2660,G
6-NA,612,0,0,0,2694,2694,C
6-NA,613,0,2689,0,2,2691,T
6-NA,614,0,2692,0,2,2694,T
6-NA,615,6,0,0,2725,2731,C
6-NA,616,2742,0,2,0,2744,A
6-NA,617,0,2754,0,0,2754,T
6-NA,618,0,2748,0,3,2751,T
6-NA,619,0,2776,0,0,2776,T
6-NA,620,2787,0,0,0,2787,A
6-NA,621,0,0,0,2825,2825,C
6-NA,622,2805,0,1,0,2806,A
6-NA,623,2823,1,1,0,2825,A
6-NA,624,2,2806,0,4,2812,T
6-NA,625,0,4,2798,0,2802,G
6-NA,626,1,2,2800,0,2803,G
6-NA,627,0,2,2796,0,2798,G
6-NA,628,2785,0,7,0,2792,A
6-NA,629,4,1,2867,0,2872,G
6-NA,630,2,3,2902,0,2907,G
6-NA,631,3,0,0,3148,3151,C
6-NA,632,0,3145,0,2,3147,T
6-NA,633,1,3187,0,1,3189,T
6-NA,634,1,1,3221,0,3223,G
6-NA,635,2,3222,1,2,3227,T
6-NA,636,3295,0,4,0,3299,A
6-NA,637,0,8,3311,0,3319,G
6-NA,638,3280,0,1,0,3281,A
6-NA,639,0,3296,0,0,3296,T
6-NA,640,3078,0,1,1,3080,A
6-NA,641,0,2,3082,0,3084,G
6-NA,642,0,3034,0,2,3036,T
6-NA,643,2,0,2984,0,2986,G
6-NA,644,1,3172,1,1,3175,T
6-NA,645,1,3170,2,1,3174,T
6-NA,646,1,1,3244,0,3246,G
6-NA,647,0,3235,1,4,3240,T
6-NA,648,0,3241,0,1,3242,T
6-NA,649,2,3239,0,4,3245,T
6-NA,650,6,1,0,3199,3206,C
6-NA,651,3192,2,9,0,3203,A
6-NA,652,0,3188,0,2,3190,T
6-NA,653,0,6,3186,0,3192,G
6-NA,654,0,1,3409,0,3410,G
6-NA,655,1,3316,1,6,3324,T
6-NA,656,14,1,0,3285,3300,C
6-NA,657,14,1,0,3264,3279,C
6-NA,658,3297,1,0,0,3298,A
6-NA,659,3324,1,3,0,3328,A
6-NA,660,3321,0,4,1,3326,A
6-NA,661,1,7,3344,0,3352,G
6-NA,662,3338,1,12,0,3351,A
6-NA,663,3249,1,3,0,3253,A
6-NA,664,3251,0,5,0,3256,A
6-NA,665,0,3256,0,1,3257,T
6-NA,666,10,0,0,3339,3349,C
6-NA,667,5,1,0,3347,3353,C
6-NA,668,1,3340,0,2,3343,T
6-NA,669,7,0,0,3336,3343,C
6-NA,670,3333,0,7,0,3340,A
6-NA,671,1,5,3363,1,3370,G
6-NA,672,1,13,3344,0,3358,G
6-NA,673,3432,2,3,0,3437,A
6-NA,674,0,2,0,3448,3450,C
6-NA,675,5,5,0,3400,3410,C
6-NA,676,4,3,0,3394,3401,C
6-NA,677,3404,1,2,0,3407,A
6-NA,678,2,2,3425,0,3429,G
6-NA,679,0,14,3428,0,3442,G
6-NA,680,3423,1,4,0,3428,A
6-NA,681,0,1,3469,0,3470,G
6-NA,682,2,3417,0,2,3421,T
6-NA,683,12,0,0,3422,3434,C
6-NA,684,3418,1,3,0,3422,A
6-NA,685,0,8,3452,0,3460,G
6-NA,686,3441,0,5,2,3448,A
6-NA,687,3449,2,0,1,3452,A
6-NA,688,1,3441,0,0,3442,T
6-NA,689,0,4,3470,0,3474,G
6-NA,690,0,2,0,3470,3472,C
6-NA,691,4,1,3490,0,3495,G
6-NA,692,0,3479,0,2,3481,T
6-NA,693,0,3482,0,3,3485,T
6-NA,694,0,3455,0,2,3457,T
6-NA,695,1,5,3483,0,3489,G
6-NA,696,2,3492,0,2,3496,T
6-NA,697,3497,0,1,1,3499,A
6-NA,698,0,3485,0,3,3488,T
6-NA,699,13,0,0,3469,3482,C
6-NA,700,3472,0,1,0,3473,A
6-NA,701,3464,0,5,0,3469,A
6-NA,702,0,3472,0,1,3473,T
6-NA,703,1,8,3466,0,3475,G
6-NA,704,2,13,3459,0,3474,G
6-NA,705,3546,1,5,0,3552,A
6-NA,706,3553,1,6,0,3560,A
6-NA,707,0,2,0,3609,3611,C
6-NA,708,1,3628,0,2,3631,T
6-NA,709,1,3634,0,0,3635,T
6-NA,710,1,1,3761,0,3763,G
6-NA,711,1,3763,0,1,3765,T
6-NA,712,3756,0,4,0,3760,A
6-NA,713,0,2,0,3828,3830,C
6-NA,714,3736,1,2,0,3739,A
6-NA,715,0,1,4035,0,4036,G
6-NA,716,0,4012,0,3,4015,T
6-NA,717,4161,0,2,0,4163,A
6-NA,718,1,2,4193,0,4196,G
6-NA,719,0,4106,0,4,4110,T
6-NA,720,4097,0,3,1,4101,A
6-NA,721,4103,0,2,0,4105,A
6-NA,722,0,4099,0,3,4102,T
6-NA,723,0,23,4092,0,4115,G
6-NA,724,4061,1,3,0,4065,A
6-NA,725,1,1,0,4100,4102,C
6-NA,726,0,3992,0,1,3993,T
6-NA,727,0,3,4008,0,4011,G
6-NA,728,3995,1,6,0,4002,A
6-NA,729,1,4025,0,3,4029,T
6-NA,730,9,11,4018,0,4038,G
6-NA,731,2,6,3999,0,4007,G
6-NA,732,0,5,4009,0,4014,G
6-NA,733,3950,0,6,0,3956,A
6-NA,734,0,0,3962,0,3962,G
6-NA,735,0,3943,1,4,3948,T
6-NA,736,0,0,3966,0,3966,G
6-NA,737,1,2,0,3965,3968,C
6-NA,738,0,3957,0,6,3963,T
6-NA,739,1,3956,0,1,3958,T
6-NA,740,8,2,1,3944,3955,C
6-NA,741,3,6,3931,0,3940,G
6-NA,742,2,2,3978,0,3982,G
6-NA,743,0,8,3971,0,3979,G
6-NA,744,3966,0,4,0,3970,A
6-NA,745,3957,1,0,0,3958,A
6-NA,746,3953,0,4,0,3957,A
6-NA,747,3975,1,7,0,3983,A
6-NA,748,0,0,4009,0,4009,G
6-NA,749,1,0,0,4007,4008,C
6-NA,750,0,3969,1,1,3971,T
6-NA,751,12,12,3948,0,3972,G
6-NA,752,3963,0,5,0,3968,A
6-NA,753,0,4018,0,0,4018,T
6-NA,754,4033,0,3,0,4036,A
6-NA,755,2,2,0,4269,4273,C
6-NA,756,1,4224,1,3,4229,T
6-NA,757,4240,0,1,0,4241,A
6-NA,758,4242,4,2,0,4248,A
6-NA,759,4252,2,1,1,4256,A
6-NA,760,4351,0,0,1,4352,A
6-NA,761,1,4350,0,1,4352,T
6-NA,762,4341,0,1,1,4343,A
6-NA,763,0,1,0,4373,4374,C
6-NA,764,0,4173,0,4,4177,T
6-NA,765,4243,0,0,1,4244,A
6-NA,766,1,4219,1,3,4224,T
6-NA,767,2,4577,0,4,4583,T
6-NA,768,14,0,2,4632,4648,C
6-NA,769,4566,0,1,1,4568,A
6-NA,770,0,4564,0,1,4565,T
6-NA,771,1,4560,0,2,4563,T
6-NA,772,4501,0,6,1,4508,A
6-NA,773,4526,0,2,0,4528,A
6-NA,774,1,5,4544,0,4550,G
6-NA,775,0,5,4548,0,4553,G
6-NA,776,4282,1,5,0,4288,A
6-NA,777,1,1,4338,1,4341,G
6-NA,778,1,7,4339,0,4347,G
6-NA,779,1,6,4339,0,4346,G
6-NA,780,3,20,4333,3,4359,G
6-NA,781,4347,1,5,0,4353,A
6-NA,782,4349,3,7,0,4359,A
6-NA,783,4336,0,4,0,4340,A
6-NA,784,4335,2,3,0,4340,A
6-NA,785,1,4339,1,0,4341,T
6-NA,786,18,3,0,4298,4319,C
6-NA,787,8,1,4368,0,4377,G
6-NA,788,0,4355,0,2,4357,T
6-NA,789,0,4346,0,9,4355,T
6-NA,790,23,1,0,4339,4363,C
6-NA,791,4359,1,5,0,4365,A
6-NA,792,0,4697,0,3,4700,T
6-NA,793,4698,0,1,0,4699,A
6-NA,794,0,2,0,4716,4718,C
6-NA,795,1,4692,0,1,4694,T
6-NA,796,4689,0,2,0,4691,A
6-NA,797,2,2,4689,0,4693,G
6-NA,798,3,2,0,4690,4695,C
6-NA,799,4685,2,5,0,4692,A
6-NA,800,2,0,0,4728,4730,C
6-NA,801,4528,1,2,0,4531,A
6-NA,802,0,4714,0,1,4715,T
6-NA,803,0,4689,1,1,4691,T
6-NA,804,1,1,5014,0,5016,G
6-NA,805,0,4988,0,4,4992,T
6-NA,806,32,3,0,4956,4991,C
6-NA,807,4982,0,8,0,4990,A
6-NA,808,1,11,4992,0,5004,G
6-NA,809,3,5,5002,0,5010,G
6-NA,810,4999,0,2,0,5001,A
6-NA,811,4906,1,6,1,4914,A
6-NA,812,0,0,4969,0,4969,G
6-NA,813,0,4703,1,9,4713,T
6-NA,814,1,3,4749,0,4753,G
6-NA,815,1,0,0,4745,4746,C
6-NA,816,0,4741,0,8,4749,T
6-NA,817,13,2,0,4746,4761,C
6-NA,818,4715,2,3,1,4721,A
6-NA,819,2,0,4771,0,4773,G
6-NA,820,0,1,0,4775,4776,C
6-NA,821,4760,0,6,0,4766,A
6-NA,822,0,4765,0,1,4766,T
6-NA,823,1,3,4905,0,4909,G
6-NA,824,3,4904,0,2,4909,T
6-NA,825,16,3,1,4887,4907,C
6-NA,826,0,7,4899,1,4907,G
6-NA,827,4887,2,2,0,4891,A
6-NA,828,2,2,4865,0,4869,G
6-NA,829,0,10,4840,0,4850,G
6-NA,830,4817,0,2,0,4819,A
6-NA,831,3,3,4863,0,4869,G
6-NA,832,0,4717,0,3,4720,T
6-NA,833,0,0,4743,0,4743,G
6-NA,834,4,3,1,4799,4807,C
6-NA,835,3,4784,1,13,4801,T
6-NA,836,16,3,2,4799,4820,C
6-NA,837,6,2,0,4822,4830,C
6-NA,838,2,4821,0,6,4829,T
6-NA,839,2,2,4834,1,4839,G
6-NA,840,2,3,1,4804,4810,C
6-NA,841,0,4786,0,4,4790,T
6-NA,842,4829,0,3,0,4832,A
6-NA,843,2,4747,1,3,4753,T
6-NA,844,9,3,0,4771,4783,C
6-NA,845,5,1,0,4753,4759,C
6-NA,846,2,4742,1,4,4749,T
6-NA,847,5,5,0,4776,4786,C
6-NA,848,4,10,4774,1,4789,G
6-NA,849,4835,2,3,0,4840,A
6-NA,850,1,4829,1,8,4839,T
6-NA,851,4826,0,1,1,4828,A
6-NA,852,0,4826,1,1,4828,T
6-NA,853,9,1,6,4797,4813,C
6-NA,854,8,2,0,4798,4808,C
6-NA,855,0,4766,1,3,4770,T
6-NA,856,1,9,4782,1,4793,G
6-NA,857,2,1,4828,0,4831,G
6-NA,858,3,4859,1,7,4870,T
6-NA,859,2,0,4895,0,4897,G
6-NA,860,0,4858,0,5,4863,T
6-NA,861,29,2,0,4830,4861,C
6-NA,862,4840,2,5,0,4847,A
6-NA,863,5,4,4856,0,4865,G
6-NA,864,4848,4,7,0,4859,A
6-NA,865,0,4828,0,2,4830,T
6-NA,866,1,0,4840,0,4841,G
6-NA,867,1,4773,0,0,4774,T
6-NA,868,3,2,4776,2,4783,G
6-NA,869,0,4757,0,15,4772,T
6-NA,870,15,0,0,4770,4785,C
6-NA,871,0,4775,0,2,4777,T
6-NA,872,4,2,4783,1,4790,G
6-NA,873,2,1,0,4785,4788,C
6-NA,874,4774,0,6,1,4781,A
6-NA,875,7,16,4768,0,4791,G
6-NA,876,4706,0,5,1,4712,A
6-NA,877,2,21,4706,3,4732,G
6-NA,878,4715,2,5,0,4722,A
6-NA,879,3,0,5,4738,4746,C
6-NA,880,4725,1,3,0,4729,A
6-NA,881,4759,2,6,0,4767,A
6-NA,882,0,0,0,4854,4854,C
6-NA,883,1,4845,0,4,4850,T
6-NA,884,1,2,4856,1,4860,G
6-NA,885,0,5,4835,2,4842,G
6-NA,886,4829,0,5,0,4834,A
6-NA,887,4821,0,5,3,4829,A
6-NA,888,4729,0,7,2,4738,A
6-NA,889,6,3,4797,0,4806,G
6-NA,890,0,1,4772,0,4773,G
6-NA,891,2,1,0,4773,4776,C
6-NA,892,1,4742,0,7,4750,T
6-NA,893,5,1,1,4851,4858,C
6-NA,894,8,2,0,4897,4907,C
6-NA,895,4923,1,1,0,4925,A
6-NA,896,4922,1,2,1,4926,A
6-NA,897,1,4924,0,0,4925,T
6-NA,898,4772,2,5,2,4781,A
6-NA,899,0,6,4745,1,4752,G
6-NA,900,1,4,4749,0,4754,G
6-NA,901,1,2,0,4755,4758,C
6-NA,902,5,0,1,4679,4685,C
6-NA,903,15,2,0,4617,4634,C
6-NA,904,4676,2,1,0,4679,A
6-NA,905,1,4710,1,7,4719,T
6-NA,906,8,2,1,4713,4724,C
6-NA,907,12,3,4721,0,4736,G
6-NA,908,0,4725,1,1,4727,T
6-NA,909,4638,2,1,1,4642,A
6-NA,910,2,5,4743,0,4750,G
6-NA,911,4747,0,3,1,4751,A
6-NA,912,1,4754,0,5,4760,T
6-NA,913,4670,1,0,0,4671,A
6-NA,914,1,4628,0,0,4629,T
6-NA,915,4621,0,2,0,4623,A
6-NA,916,4613,0,5,0,4618,A
6-NA,917,4738,0,9,1,4748,A
6-NA,918,1,0,0,4859,4860,C
6-NA,919,4728,1,3,1,4733,A
6-NA,920,1,4725,0,2,4728,T
6-NA,921,4686,0,2,1,4689,A
6-NA,922,4692,1,6,0,4699,A
6-NA,923,4687,1,6,1,4695,A
6-NA,924,4,10,4755,1,4770,G
6-NA,925,3,6,4810,1,4820,G
6-NA,926,4690,3,7,0,4700,A
6-NA,927,2,4668,0,1,4671,T
6-NA,928,12,1,0,4663,4676,C
6-NA,929,4695,0,6,0,4701,A
6-NA,930,1,4707,0,3,4711,T
6-NA,931,4684,0,6,0,4690,A
6-NA,932,1,1,4722,0,4724,G
6-NA,933,2,0,0,4666,4668,C
6-NA,934,4586,3,0,0,4589,A
6-NA,935,1,4438,0,0,4439,T
6-NA,936,1,4452,1,0,4454,T
6-NA,937,0,2,4592,0,4594,G
6-NA,938,0,4593,1,8,4602,T
6-NA,939,0,4657,1,1,4659,T
6-NA,940,2,4648,2,1,4653,T
6-NA,941,7,0,0,4641,4648,C
6-NA,942,6,4,0,4651,4661,C
6-NA,943,4714,0,4,0,4718,A
6-NA,944,0,0,4799,0,4799,G
6-NA,945,0,4794,0,1,4795,T
6-NA,946,0,4689,0,2,4691,T
6-NA,947,4691,1,3,0,4695,A
6-NA,948,0,4659,1,0,4660,T
6-NA,949,2,6,4656,0,4664,G
6-NA,950,1,4610,0,3,4614,T
6-NA,951,2,0,4635,0,4637,G
6-NA,952,0,4514,1,5,4520,T
6-NA,953,3,1,4642,0,4646,G
6-NA,954,0,4643,0,6,4649,T
6-NA,955,0,4633,2,4,4639,T
6-NA,956,24,6,0,4610,4640,C
6-NA,957,4602,1,2,0,4605,A
6-NA,958,3,8,4620,0,4631,G
6-NA,959,0,19,4597,0,4616,G
6-NA,960,4591,1,3,0,4595,A
6-NA,961,2,2,0,4602,4606,C
6-NA,962,0,4478,0,3,4481,T
6-NA,963,0,4491,0,4,4495,T
6-NA,964,0,2,4637,0,4639,G
6-NA,965,1,4636,0,3,4640,T
6-NA,966,1,4630,0,8,4639,T
6-NA,967,0,3,4620,0,4623,G
6-NA,968,2,8,4618,0,4628,G
6-NA,969,4619,0,7,0,4626,A
6-NA,970,6,14,4616,1,4637,G
6-NA,971,4614,1,7,0,4622,A
6-NA,972,0,5,0,4596,4601,C
6-NA,973,4463,0,3,0,4466,A
6-NA,974,7,3,0,4481,4491,C
6-NA,975,4479,0,6,4,4489,A
6-NA,976,1,1,1,4497,4500,C
6-NA,977,6,0,0,4460,4466,C
6-NA,978,5,1,1,4466,4473,C
6-NA,979,4451,0,7,0,4458,A
6-NA,980,0,1,4482,0,4483,G
6-NA,981,4474,0,4,0,4478,A
6-NA,982,4497,0,1,3,4501,A
6-NA,983,4479,0,2,0,4481,A
6-NA,984,4471,0,1,3,4475,A
6-NA,985,4452,1,2,1,4456,A
6-NA,986,4455,1,2,1,4459,A
6-NA,987,1,2,0,4466,4469,C
6-NA,988,0,17,4443,1,4461,G
6-NA,989,4447,3,5,0,4455,A
6-NA,990,1,1,0,4437,4439,C
6-NA,991,4446,0,1,0,4447,A
6-NA,992,0,1,4485,0,4486,G
6-NA,993,0,2,0,4627,4629,C
6-NA,994,0,4601,1,9,4611,T
6-NA,995,7,1,0,4616,4624,C
6-NA,996,11,0,1,4629,4641,C
6-NA,997,4629,1,7,0,4637,A
6-NA,998,1,2,4703,0,4706,G
6-NA,999,1,1,0,4702,4704,C
6-NA,1000,4680,0,3,0,4683,A
6-NA,1001,1,0,4683,0,4684,G
6-NA,1002,0,4509,0,6,4515,T
6-NA,1003,4510,0,2,0,4512,A
6-NA,1004,2,2,4530,0,4534,G
6-NA,1005,5,3,0,4532,4540,C
6-NA,1006,7,1,0,4528,4536,C
6-NA,1007,4444,0,2,0,4446,A
6-NA,1008,0,4450,0,0,4450,T
6-NA,1009,1,4428,0,2,4431,T
6-NA,1010,1,1,4541,0,4543,G
6-NA,1011,2,4510,0,5,4517,T
6-NA,1012,0,4509,1,4,4514,T
6-NA,1013,3,4500,0,2,4505,T
6-NA,1014,9,4,4444,0,4457,G
6-NA,1015,1,14,4505,2,4522,G
6-NA,1016,4506,3,1,0,4510,A
6-NA,1017,0,4533,0,2,4535,T
6-NA,1018,7,2,0,4518,4527,C
6-NA,1019,8,0,0,4442,4450,C
6-NA,1020,3,4452,0,3,4458,T
6-NA,1021,4454,0,5,0,4459,A
6-NA,1022,4465,3,2,0,4470,A
6-NA,1023,2,1,0,4548,4551,C
6-NA,1024,4451,1,1,0,4453,A
6-NA,1025,4514,0,2,0,4516,A
6-NA,1026,0,4504,0,4,4508,T
6-NA,1027,0,9,4561,0,4570,G
6-NA,1028,4548,3,5,0,4556,A
6-NA,1029,4512,0,13,0,4525,A
6-NA,1030,1,8,4542,0,4551,G
6-NA,1031,4527,1,4,0,4532,A
6-NA,1032,4419,0,8,1,4428,A
6-NA,1033,0,5,4435,0,4440,G
6-NA,1034,2,2,4438,0,4442,G
6-NA,1035,0,4364,0,4,4368,T
6-NA,1036,1,14,4342,0,4357,G
6-NA,1037,2,4,4456,0,4462,G
6-NA,1038,2,4373,0,68,4443,T
6-NA,1039,27,1,0,4401,4429,C
6-NA,1040,4431,2,2,0,4435,A
6-NA,1041,0,4416,0,4,4420,T
6-NA,1042,3,4,4414,1,4422,G
6-NA,1043,0,6,4435,0,4441,G
6-NA,1044,4404,0,7,0,4411,A
6-NA,1045,0,1,4552,0,4553,G
6-NA,1046,2,4393,1,5,4401,T
6-NA,1047,2,14,4386,1,4403,G
6-NA,1048,4394,0,7,0,4401,A
6-NA,1049,4382,0,3,0,4385,A
6-NA,1050,4389,0,17,0,4406,A
6-NA,1051,0,8,4431,0,4439,G
6-NA,1052,0,1,4373,2,4376,G
6-NA,1053,1,1,0,4369,4371,C
6-NA,1054,2,4257,0,10,4269,T
6-NA,1055,3,4,4265,1,4273,G
6-NA,1056,3,4,4270,0,4277,G
6-NA,1057,1,2,4322,0,4325,G
6-NA,1058,0,1,0,4346,4347,C
6-NA,1059,5,1,0,4331,4337,C
6-NA,1060,0,4277,0,8,4285,T
6-NA,1061,0,4282,0,4,4286,T
6-NA,1062,0,4288,0,1,4289,T
6-NA,1063,3,6,4306,0,4315,G
6-NA,1064,4301,1,4,0,4306,A
6-NA,1065,2,4271,1,0,4274,T
6-NA,1066,3,10,4189,0,4202,G
6-NA,1067,4147,0,6,0,4153,A
6-NA,1068,2,4154,1,2,4159,T
6-NA,1069,1,5,4168,0,4174,G
6-NA,1070,2,7,4197,0,4206,G
6-NA,1071,4196,1,4,1,4202,A
6-NA,1072,4182,1,0,0,4183,A
6-NA,1073,4191,0,2,0,4193,A
6-NA,1074,0,4198,3,0,4201,T
6-NA,1075,0,16,4223,0,4239,G
6-NA,1076,4261,1,5,0,4267,A
6-NA,1077,4,1,0,4279,4284,C
6-NA,1078,9,2,4269,0,4280,G
6-NA,1079,0,4205,0,4,4209,T
6-NA,1080,4188,0,2,0,4190,A
6-NA,1081,1,4233,0,0,4234,T
6-NA,1082,1,7,4238,0,4246,G
6-NA,1083,0,4,4297,0,4301,G
6-NA,1084,4240,0,6,1,4247,A
6-NA,1085,2,4199,0,1,4202,T
6-NA,1086,1,8,4162,1,4172,G
6-NA,1087,2,8,4152,1,4163,G
6-NA,1088,2,1,4194,1,4198,G
6-NA,1089,4182,1,6,0,4189,A
6-NA,1090,4174,1,5,0,4180,A
6-NA,1091,1,22,4158,0,4181,G
6-NA,1092,4108,0,1,0,4109,A
6-NA,1093,4113,0,1,0,4114,A
6-NA,1094,1,2,0,4091,4094,C
6-NA,1095,5,13,4061,0,4079,G
6-NA,1096,4068,0,2,0,4070,A
6-NA,1097,1,4018,0,1,4020,T
6-NA,1098,13,0,0,4014,4027,C
6-NA,1099,4012,2,7,0,4021,A
6-NA,1100,1,2,4027,0,4030,G
6-NA,1101,0,3,0,4023,4026,C
6-NA,1102,1,6,4021,0,4028,G
6-NA,1103,4015,0,3,0,4018,A
6-NA,1104,0,4,4020,0,4024,G
6-NA,1105,4001,2,5,0,4008,A
6-NA,1106,4014,1,2,0,4017,A
6-NA,1107,0,1,4048,0,4049,G
6-NA,1108,2,4020,0,1,4023,T
6-NA,1109,23,1,0,3979,4003,C
6-NA,1110,4000,0,1,0,4001,A
6-NA,1111,0,0,0,4121,4121,C
6-NA,1112,5,5,4117,0,4127,G
6-NA,1113,3,2,0,4129,4134,C
6-NA,1114,1,4112,0,1,4114,T
6-NA,1115,0,4121,0,1,4122,T
6-NA,1116,4053,0,9,0,4062,A
6-NA,1117,0,3,4163,0,4166,G
6-NA,1118,0,7,4164,1,4172,G
6-NA,1119,1,2,4253,0,4256,G
6-NA,1120,1,3999,1,0,4001,T
6-NA,1121,3992,0,4,0,3996,A
6-NA,1122,0,3972,0,1,3973,T
6-NA,1123,1,13,3965,0,3979,G
6-NA,1124,3969,0,5,0,3974,A
6-NA,1125,3953,1,5,0,3959,A
6-NA,1126,3774,0,6,1,3781,A
6-NA,1127,1,4,1,3772,3778,C
6-NA,1128,5,0,1,3663,3669,C
6-NA,1129,1,3500,0,8,3509,T
6-NA,1130,1,3504,1,4,3510,T
6-NA,1131,5,3,0,3492,3500,C
6-NA,1132,3508,1,0,0,3509,A
6-NA,1133,3515,0,0,1,3516,A
6-NA,1134,3511,1,1,0,3513,A
6-NA,1135,0,0,3548,0,3548,G
6-NA,1136,1,3478,0,2,3481,T
6-NA,1137,23,1,0,3456,3480,C
6-NA,1138,3548,0,1,0,3549,A
6-NA,1139,0,3543,0,4,3547,T
6-NA,1140,0,3555,0,0,3555,T
6-NA,1141,1,6,3545,1,3553,G
6-NA,1142,3534,1,3,0,3538,A
6-NA,1143,3549,1,5,0,3555,A
6-NA,1144,0,4,3544,1,3549,G
6-NA,1145,1,1,3542,0,3544,G
6-NA,1146,0,0,1,3523,3524,C
6-NA,1147,0,3414,0,2,3416,T
6-NA,1148,1,7,3422,1,3431,G
6-NA,1149,0,0,3506,0,3506,G
6-NA,1150,0,3498,0,5,3503,T
6-NA,1151,10,1,0,3486,3497,C
6-NA,1152,7,1,0,3473,3481,C
6-NA,1153,3452,1,2,0,3455,A
6-NA,1154,3464,0,2,0,3466,A
6-NA,1155,1,0,0,3464,3465,C
6-NA,1156,9,3,1,3427,3440,C
6-NA,1157,7,1,1,3407,3416,C
6-NA,1158,7,3,0,3290,3300,C
6-NA,1159,3315,1,3,0,3319,A
6-NA,1160,3323,0,1,0,3324,A
6-NA,1161,0,2,3353,1,3356,G
6-NA,1162,0,3338,0,8,3346,T
6-NA,1163,15,2,0,3319,3336,C
6-NA,1164,3,2,0,3312,3317,C
6-NA,1165,3312,0,0,1,3313,A
6-NA,1166,3309,0,1,0,3310,A
6-NA,1167,3306,0,1,1,3308,A
6-NA,1168,1,3322,0,3,3326,T
6-NA,1169,0,3312,0,0,3312,T
6-NA,1170,2,0,3292,0,3294,G
6-NA,1171,2,0,0,3270,3272,C
6-NA,1172,3250,0,9,1,3260,A
6-NA,1173,1,15,3246,1,3263,G
6-NA,1174,3234,0,14,0,3248,A
6-NA,1175,1,1,0,3233,3235,C
6-NA,1176,3353,0,0,0,3353,A
6-NA,1177,3349,3,1,1,3354,A
6-NA,1178,3353,0,4,0,3357,A
6-NA,1179,0,3356,1,1,3358,T
6-NA,1180,3355,1,2,0,3358,A
6-NA,1181,0,6,3353,0,3359,G
6-NA,1182,13,5,3338,0,3356,G
6-NA,1183,2,1,0,3346,3349,C
6-NA,1184,3180,1,1,0,3182,A
6-NA,1185,3205,0,5,0,3210,A
6-NA,1186,1,1,3237,0,3239,G
6-NA,1187,0,3224,0,5,3229,T
6-NA,1188,32,1,0,3191,3224,C
6-NA,1189,3234,4,2,0,3240,A
6-NA,1190,0,3238,2,0,3240,T
6-NA,1191,3249,0,4,0,3253,A
6-NA,1192,2,2,3258,0,3262,G
6-NA,1193,1,3251,0,3,3255,T
6-NA,1194,0,3153,0,2,3155,T
6-NA,1195,10,19,3087,0,3116,G
6-NA,1196,3091,0,5,0,3096,A
6-NA,1197,1,4,0,3095,3100,C
6-NA,1198,3061,0,5,0,3066,A
6-NA,1199,0,6,3099,0,3105,G
6-NA,1200,3048,0,3,0,3051,A
6-NA,1201,0,3,3048,0,3051,G
6-NA,1202,3006,1,5,0,3012,A
6-NA,1203,1,3189,0,15,3205,T
6-NA,1204,3208,0,1,1,3210,A
6-NA,1205,3207,1,2,0,3210,A
6-NA,1206,0,3212,1,0,3213,T
6-NA,1207,3182,0,1,0,3183,A
6-NA,1208,0,1,3114,1,3116,G
6-NA,1209,2,1,3018,0,3021,G
6-NA,1210,1,2826,0,2,2829,T
6-NA,1211,5,0,0,2807,2812,C
6-NA,1212,3,4,0,2765,2772,C
6-NA,1213,0,6,2769,0,2775,G
6-NA,1214,1,0,2788,0,2789,G
6-NA,1215,0,2772,1,3,2776,T
6-NA,1216,0,2774,0,1,2775,T
6-NA,1217,2763,0,0,0,2763,A
6-NA,1218,1,2724,0,2,2727,T
6-NA,1219,0,2723,0,3,2726,T
6-NA,1220,12,0,0,2716,2728,C
6-NA,1221,2,2627,0,2,2631,T
6-NA,1222,1,6,2629,0,2636,G
6-NA,1223,1,0,2635,0,2636,G
6-NA,1224,1,2629,0,4,2634,T
6-NA,1225,2627,1,0,1,2629,A
6-NA,1226,0,2603,0,2,2605,T
6-NA,1227,0,2598,0,5,2603,T
6-NA,1228,1,2597,0,4,2602,T
6-NA,1229,0,2614,0,3,2617,T
6-NA,1230,10,0,0,2608,2618,C
6-NA,1231,1,2574,0,7,2582,T
6-NA,1232,11,1,0,2581,2593,C
6-NA,1233,0,2571,0,5,2576,T
6-NA,1234,1,0,2624,0,2625,G
6-NA,1235,2,2622,0,0,2624,T
6-NA,1236,1,2617,0,2,2620,T
6-NA,1237,2,4,2615,0,2621,G
6-NA,1238,2597,1,2,0,2600,A
6-NA,1239,2582,0,18,0,2600,A
6-NA,1240,0,3,2619,0,2622,G
6-NA,1241,0,3,2610,0,2613,G
6-NA,1242,2,3,0,2610,2615,C
6-NA,1243,2557,0,0,0,2557,A
6-NA,1244,2557,0,4,0,2561,A
6-NA,1245,2562,0,5,0,2567,A
6-NA,1246,2563,0,11,0,2574,A
6-NA,1247,0,0,2573,0,2573,G
6-NA,1248,2,0,0,2563,2565,C
6-NA,1249,1,2524,0,0,2525,T
6-NA,1250,2,0,2557,1,2560,G
6-NA,1251,2,1,0,2553,2556,C
6-NA,1252,2569,0,2,0,2571,A
6-NA,1253,0,2566,0,5,2571,T
6-NA,1254,9,7,0,2525,2541,C
6-NA,1255,2536,0,0,0,2536,A
6-NA,1256,2538,0,2,0,2540,A
6-NA,1257,0,2535,0,1,2536,T
6-NA,1258,7,0,0,2525,2532,C
6-NA,1259,0,5,2483,0,2488,G
6-NA,1260,5,1,2517,0,2523,G
6-NA,1261,0,2510,0,4,2514,T
6-NA,1262,0,2,2532,0,2534,G
6-NA,1263,0,0,0,2546,2546,C
6-NA,1264,0,2522,0,9,2531,T
6-NA,1265,2,2549,0,2,2553,T
6-NA,1266,1,2555,1,2,2559,T
6-NA,1267,0,2570,1,0,2571,T
6-NA,1268,2579,0,0,0,2579,A
6-NA,1269,0,2462,0,4,2466,T
6-NA,1270,2,0,2465,1,2468,G
6-NA,1271,0,2425,0,1,2426,T
6-NA,1272,3,3,2392,0,2398,G
6-NA,1273,0,8,2444,0,2452,G
6-NA,1274,2375,1,2,0,2378,A
6-NA,1275,0,1,2407,0,2408,G
6-NA,1276,1,2388,1,0,2390,T
6-NA,1277,0,2367,0,8,2375,T
6-NA,1278,13,7,2378,0,2398,G
6-NA,1279,2396,0,0,0,2396,A
6-NA,1280,1,2394,0,2,2397,T
6-NA,1281,2389,0,1,0,2390,A
6-NA,1282,2295,1,1,0,2297,A
6-NA,1283,0,6,2309,0,2315,G
6-NA,1284,0,8,2267,0,2275,G
6-NA,1285,0,1,2259,0,2260,G
6-NA,1286,0,6,2259,0,2265,G
6-NA,1287,2241,1,2,1,2245,A
6-NA,1288,2242,0,2,0,2244,A
6-NA,1289,0,6,2250,0,2256,G
6-NA,1290,2252,1,1,0,2254,A
6-NA,1291,2253,0,2,0,2255,A
6-NA,1292,2224,0,1,0,2225,A
6-NA,1293,2184,0,4,0,2188,A
6-NA,1294,0,2,2195,0,2197,G
6-NA,1295,2176,0,1,0,2177,A
6-NA,1296,0,1,2174,0,2175,G
6-NA,1297,1,6,2167,0,2174,G
6-NA,1298,2142,0,2,0,2144,A
6-NA,1299,2143,0,2,0,2145,A
6-NA,1300,2147,0,3,0,2150,A
6-NA,1301,1,8,0,2150,2159,C
6-NA,1302,0,2150,0,1,2151,T
6-NA,1303,2,4,2156,0,2162,G
6-NA,1304,2155,0,0,0,2155,A
6-NA,1305,2145,0,5,0,2150,A
6-NA,1306,0,0,2172,0,2172,G
6-NA,1307,0,2145,0,2,2147,T
6-NA,1308,7,0,1,2175,2183,C
6-NA,1309,0,2161,0,3,2164,T
6-NA,1310,0,2144,1,6,2151,T
6-NA,1311,0,0,2158,0,2158,G
6-NA,1312,0,2152,0,2,2154,T
6-NA,1313,0,6,2146,0,2152,G
6-NA,1314,0,7,2134,0,2141,G
6-NA,1315,2122,0,2,0,2124,A
6-NA,1316,0,1,0,2117,2118,C
6-NA,1317,2027,0,1,0,2028,A
6-NA,1318,0,2022,0,1,2023,T
6-NA,1319,5,1,0,2019,2025,C
6-NA,1320,1,9,2018,0,2028,G
6-NA,1321,2074,0,1,0,2075,A
6-NA,1322,2073,0,2,0,2075,A
6-NA,1323,0,1,1,2081,2083,C
6-NA,1324,2045,0,2,0,2047,A
6-NA,1325,0,0,2118,0,2118,G
6-NA,1326,0,2101,0,2,2103,T
6-NA,1327,2100,0,1,0,2101,A
6-NA,1328,0,2102,0,0,2102,T
6-NA,1329,0,2016,0,0,2016,T
6-NA,1330,1,0,2037,1,2039,G
6-NA,1331,0,2029,0,1,2030,T
6-NA,1332,1,1976,0,2,1979,T
6-NA,1333,1,0,1979,0,1980,G
6-NA,1334,0,1774,0,1,1775,T
6-NA,1335,0,0,1779,0,1779,G
6-NA,1336,0,1772,0,3,1775,T
6-NA,1337,0,1747,0,1,1748,T
6-NA,1338,1,1745,0,1,1747,T
6-NA,1339,0,1702,0,0,1702,T
6-NA,1340,1,0,1702,0,1703,G
6-NA,1341,0,1700,0,1,1701,T
6-NA,1342,0,6,1688,0,1694,G
6-NA,1343,1,0,1691,0,1692,G
6-NA,1344,3,0,0,1662,1665,C
6-NA,1345,1660,0,3,0,1663,A
6-NA,1346,1,0,0,1681,1682,C
6-NA,1347,2,0,0,1672,1674,C
6-NA,1348,1,1668,0,2,1671,T
6-NA,1349,5,1,0,1671,1677,C
6-NA,1350,1677,0,3,0,1680,A
6-NA,1351,0,2,1693,0,1695,G
6-NA,1352,0,0,1698,0,1698,G
6-NA,1353,0,1685,0,0,1685,T
6-NA,1354,1678,0,0,0,1678,A
6-NA,1355,0,4,0,1596,1600,C
6-NA,1356,1598,1,2,0,1601,A
6-NA,1357,0,1595,0,0,1595,T
6-NA,1358,1558,1,3,0,1562,A
6-NA,1359,1,1557,0,0,1558,T
6-NA,1360,0,3,1444,0,1447,G
6-NA,1361,0,4,1443,0,1447,G
6-NA,1362,1432,1,0,0,1433,A
6-NA,1363,1423,0,2,0,1425,A
6-NA,1364,0,1,0,1403,1404,C
6-NA,1365,1142,0,2,0,1144,A
6-NA,1366,0,0,1151,0,1151,G
6-NA,1367,1,0,1147,0,1148,G
6-NA,1368,1,2,0,1150,1153,C
6-NA,1369,0,1146,0,0,1146,T
6-NA,1370,2,1,1,1089,1093,C
6-NA,1371,1081,0,2,0,1083,A
6-NA,1372,1,1082,0,1,1084,T
6-NA,1373,0,1,1084,0,1085,G
6-NA,1374,0,1,1086,0,1087,G
6-NA,1375,2,1,0,1040,1043,C
6-NA,1376,1,1,0,1037,1039,C
6-NA,1377,0,970,1,1,972,T
6-NA,1378,1,0,971,0,972,G
6-NA,1379,965,0,1,0,966,A
6-NA,1380,0,967,0,1,968,T
6-NA,1381,0,1,952,0,953,G
6-NA,1382,0,2,936,0,938,G
6-NA,1383,0,1,880,0,881,G
6-NA,1384,1,3,875,0,879,G
6-NA,1385,0,1,0,867,868,C
6-NA,1386,0,0,865,0,865,G
6-NA,1387,0,0,861,0,861,G
6-NA,1388,847,0,2,0,849,A
6-NA,1389,0,0,0,844,844,C
6-NA,1390,845,2,0,0,847,A
6-NA,1391,0,838,0,0,838,T
6-NA,1392,3,0,0,822,825,C
6-NA,1393,821,0,0,0,821,A
6-NA,1394,818,0,0,0,818,A
6-NA,1395,0,815,0,0,815,T
6-NA,1396,4,0,0,791,795,C
6-NA,1397,1,765,0,1,767,T
6-NA,1398,4,0,0,652,656,C
6-NA,1399,650,0,2,0,652,A
6-NA,1400,0,646,0,1,647,T
6-NA,1401,1,0,645,0,646,G
6-NA,1402,1,0,1,639,641,C
6-NA,1403,2,2,0,604,608,C
6-NA,1404,0,536,0,0,536,T
6-NA,1405,528,0,0,0,528,A
6-NA,1406,0,525,0,2,527,T
6-NA,1407,511,1,1,0,513,A
6-NA,1408,0,511,0,0,511,T
6-NA,1409,464,0,0,0,464,A
6-NA,1410,443,0,0,0,443,A
7-M,1,52,0,0,0,52,A
7-M,2,0,52,0,0,52,T
7-M,3,0,0,52,0,52,G
7-M,4,52,0,0,0,52,A
7-M,5,0,0,66,0,66,G
7-M,6,0,0,0,68,68,C
7-M,7,0,0,0,69,69,C
7-M,8,0,88,0,0,88,T
7-M,9,0,89,0,0,89,T
7-M,10,1,0,0,88,89,C
7-M,11,0,89,0,0,89,T
7-M,12,89,0,0,0,89,A
7-M,13,89,0,0,0,89,A
7-M,14,0,0,0,89,89,C
7-M,15,0,0,0,89,89,C
7-M,16,0,1,88,0,89,G
7-M,17,88,0,0,0,88,A
7-M,18,0,0,89,0,89,G
7-M,19,0,0,92,0,92,G
7-M,20,0,92,0,0,92,T
7-M,21,0,0,0,92,92,C
7-M,22,0,0,92,0,92,G
7-M,23,96,0,0,0,96,A
7-M,24,97,0,0,0,97,A
7-M,25,99,0,0,0,99,A
7-M,26,0,0,0,111,111,C
7-M,27,0,0,112,0,112,G
7-M,28,0,113,0,1,114,T
7-M,29,114,0,0,0,114,A
7-M,30,0,115,0,0,115,T
7-M,31,0,0,118,0,118,G
7-M,32,0,115,0,1,116,T
7-M,33,0,131,0,0,131,T
7-M,34,1,0,0,134,135,C
7-M,35,0,135,0,0,135,T
7-M,36,0,0,0,143,143,C
7-M,37,0,143,0,0,143,T
7-M,38,0,0,0,154,154,C
7-M,39,0,154,0,0,154,T
7-M,40,156,0,0,0,156,A
7-M,41,0,156,0,0,156,T
7-M,42,1,0,0,159,160,C
7-M,43,0,0,160,0,160,G
7-M,44,0,162,0,0,162,T
7-M,45,1,159,0,1,161,T
7-M,46,0,0,0,167,167,C
7-M,47,0,0,0,173,173,C
7-M,48,175,0,0,0,175,A
7-M,49,0,176,0,0,176,T
7-M,50,1,0,0,174,175,C
7-M,51,176,0,0,0,176,A
7-M,52,0,0,179,0,179,G
7-M,53,0,0,178,0,178,G
7-M,54,0,0,0,179,179,C
7-M,55,0,0,0,178,178,C
7-M,56,0,0,0,180,180,C
7-M,57,0,0,0,188,188,C
7-M,58,1,0,0,188,189,C
7-M,59,0,189,0,0,189,T
7-M,60,0,0,0,190,190,C
7-M,61,189,0,0,0,189,A
7-M,62,187,0,0,0,187,A
7-M,63,193,0,0,0,193,A
7-M,64,0,0,196,0,196,G
7-M,65,0,0,0,195,195,C
7-M,66,1,0,0,193,194,C
7-M,67,0,2,189,4,195,G
7-M,68,197,0,0,0,197,A
7-M,69,0,0,197,0,197,G
7-M,70,197,0,0,0,197,A
7-M,71,0,196,0,0,196,T
7-M,72,1,0,0,195,196,C
7-M,73,0,0,195,0,195,G
7-M,74,0,0,0,197,197,C
7-M,75,1,0,193,0,194,G
7-M,76,0,0,0,197,197,C
7-M,77,195,0,1,0,196,A
7-M,78,0,0,200,0,200,G
7-M,79,197,1,1,0,199,A
7-M,80,0,0,216,0,216,G
7-M,81,218,0,0,0,218,A
7-M,82,0,0,0,222,222,C
7-M,83,0,223,0,0,223,T
7-M,84,0,222,0,0,222,T
7-M,85,0,0,225,0,225,G
7-M,86,227,0,0,0,227,A
7-M,87,225,0,1,0,226,A
7-M,88,0,0,224,0,224,G
7-M,89,222,0,0,0,222,A
7-M,90,0,225,0,0,225,T
7-M,91,0,0,232,0,232,G
7-M,92,0,233,0,0,233,T
7-M,93,1,0,0,232,233,C
7-M,94,1,232,0,1,234,T
7-M,95,0,234,0,0,234,T
7-M,96,0,235,0,0,235,T
7-M,97,0,0,235,0,235,G
7-M,98,0,0,0,235,235,C
7-M,99,0,235,0,0,235,T
7-M,100,0,0,237,0,237,G
7-M,101,0,1,235,0,236,G
7-M,102,0,2,239,0,241,G
7-M,103,244,0,0,0,244,A
7-M,104,244,0,0,0,244,A
7-M,105,244,0,0,0,244,A
7-M,106,244,0,0,0,244,A
7-M,107,248,0,0,0,248,A
7-M,108,0,0,0,247,247,C
7-M,109,249,0,0,0,249,A
7-M,110,0,0,0,247,247,C
7-M,111,247,0,0,0,247,A
7-M,112,0,2,254,0,256,G
7-M,113,260,0,0,0,260,A
7-M,114,0,266,0,0,266,T
7-M,115,1,0,0,266,267,C
7-M,116,0,266,0,0,266,T
7-M,117,0,266,0,0,266,T
7-M,118,0,0,265,0,265,G
7-M,119,265,0,0,0,265,A
7-M,120,0,0,268,0,268,G
7-M,121,1,0,265,0,266,G
7-M,122,0,1,0,265,266,C
7-M,123,0,264,0,0,264,T
7-M,124,3,0,0,290,293,C
7-M,125,0,294,0,0,294,T
7-M,126,0,0,0,296,296,C
7-M,127,295,1,0,0,296,A
7-M,128,0,295,0,3,298,T
7-M,129,0,0,297,0,297,G
7-M,130,0,1,297,0,298,G
7-M,131,294,0,1,0,295,A
7-M,132,296,0,0,0,296,A
7-M,133,0,283,0,0,283,T
7-M,134,0,2,290,0,292,G
7-M,135,0,0,307,0,307,G
7-M,136,0,0,0,308,308,C
7-M,137,0,309,0,0,309,T
7-M,138,310,0,0,0,310,A
7-M,139,309,0,0,0,309,A
7-M,140,311,0,0,0,311,A
7-M,141,0,5,312,0,317,G
7-M,142,319,0,0,0,319,A
7-M,143,0,0,0,319,319,C
7-M,144,308,0,0,0,308,A
7-M,145,307,0,0,0,307,A
7-M,146,0,2,312,0,314,G
7-M,147,315,0,1,0,316,A
7-M,148,0,0,0,316,316,C
7-M,149,1,0,0,314,315,C
7-M,150,313,0,0,0,313,A
7-M,151,315,0,1,0,316,A
7-M,152,0,319,0,0,319,T
7-M,153,0,320,0,0,320,T
7-M,154,0,0,0,320,320,C
7-M,155,0,316,0,0,316,T
7-M,156,0,0,321,0,321,G
7-M,157,0,320,0,0,320,T
7-M,158,1,0,0,319,320,C
7-M,159,320,0,0,0,320,A
7-M,160,0,0,0,328,328,C
7-M,161,0,0,0,329,329,C
7-M,162,0,329,0,0,329,T
7-M,163,2,0,0,327,329,C
7-M,164,0,328,0,0,328,T
7-M,165,1,1,337,0,339,G
7-M,166,341,0,0,0,341,A
7-M,167,0,0,0,343,343,C
7-M,168,0,343,0,0,343,T
7-M,169,339,0,0,0,339,A
7-M,170,339,0,0,0,339,A
7-M,171,0,0,340,0,340,G
7-M,172,1,3,336,0,340,G
7-M,173,0,0,339,0,339,G
7-M,174,0,1,344,0,345,G
7-M,175,347,0,0,0,347,A
7-M,176,0,349,0,0,349,T
7-M,177,0,348,0,0,348,T
7-M,178,0,347,0,0,347,T
7-M,179,0,349,0,0,349,T
7-M,180,0,2,346,0,348,G
7-M,181,0,1,349,0,350,G
7-M,182,0,0,348,0,348,G
7-M,183,0,0,351,0,351,G
7-M,184,0,344,0,1,345,T
7-M,185,0,342,1,1,344,T
7-M,186,0,345,0,0,345,T
7-M,187,0,0,351,0,351,G
7-M,188,0,353,0,0,353,T
7-M,189,0,0,355,0,355,G
7-M,190,0,352,0,0,352,T
7-M,191,0,349,0,0,349,T
7-M,192,3,0,0,351,354,C
7-M,193,353,0,0,0,353,A
7-M,194,0,0,0,360,360,C
7-M,195,0,0,360,0,360,G
7-M,196,2,0,0,359,361,C
7-M,197,0,352,0,2,354,T
7-M,198,1,0,0,361,362,C
7-M,199,365,0,0,0,365,A
7-M,200,0,1,0,369,370,C
7-M,201,0,1,0,367,368,C
7-M,202,1,0,368,0,369,G
7-M,203,0,368,1,2,371,T
7-M,204,1,1,369,0,371,G
7-M,205,0,0,0,372,372,C
7-M,206,1,0,1,368,370,C
7-M,207,0,0,0,374,374,C
7-M,208,366,0,1,0,367,A
7-M,209,0,0,373,0,373,G
7-M,210,0,371,0,0,371,T
7-M,211,0,2,372,0,374,G
7-M,212,373,0,0,0,373,A
7-M,213,0,0,377,0,377,G
7-M,214,1,0,0,375,376,C
7-M,215,1,0,379,0,380,G
7-M,216,377,0,0,0,377,A
7-M,217,0,0,380,0,380,G
7-M,218,0,2,377,0,379,G
7-M,219,366,1,1,0,368,A
7-M,220,0,0,0,380,380,C
7-M,221,0,374,0,0,374,T
7-M,222,0,0,376,0,376,G
7-M,223,1,0,0,373,374,C
7-M,224,376,0,0,0,376,A
7-M,225,0,0,383,0,383,G
7-M,226,0,0,0,382,382,C
7-M,227,0,0,388,0,388,G
7-M,228,0,388,0,0,388,T
7-M,229,385,0,1,0,386,A
7-M,230,0,1,386,0,387,G
7-M,231,384,0,1,0,385,A
7-M,232,0,1,0,383,384,C
7-M,233,0,1,387,0,388,G
7-M,234,0,0,0,381,381,C
7-M,235,0,380,0,0,380,T
7-M,236,0,379,0,0,379,T
7-M,237,0,377,0,0,377,T
7-M,238,0,0,389,0,389,G
7-M,239,0,389,0,0,389,T
7-M,240,0,0,0,389,389,C
7-M,241,0,0,0,390,390,C
7-M,242,388,0,1,0,389,A
7-M,243,390,0,0,0,390,A
7-M,244,390,0,0,0,390,A
7-M,245,391,0,0,0,391,A
7-M,246,0,390,0,0,390,T
7-M,247,0,0,379,1,380,G
7-M,248,0,0,0,379,379,C
7-M,249,1,0,0,377,378,C
7-M,250,0,0,0,381,381,C
7-M,251,0,381,0,1,382,T
7-M,252,3,1,0,391,395,C
7-M,253,396,0,0,0,396,A
7-M,254,398,0,1,0,399,A
7-M,255,0,402,0,0,402,T
7-M,256,0,0,406,0,406,G
7-M,257,0,1,405,0,406,G
7-M,258,0,0,411,0,411,G
7-M,259,409,0,0,0,409,A
7-M,260,410,0,0,0,410,A
7-M,261,1,396,0,0,397,T
7-M,262,0,0,398,0,398,G
7-M,263,0,1,397,0,398,G
7-M,264,395,0,0,0,395,A
7-M,265,0,1,393,0,394,G
7-M,266,391,0,2,0,393,A
7-M,267,0,0,0,389,389,C
7-M,268,1,0,0,404,405,C
7-M,269,2,0,0,410,412,C
7-M,270,416,0,0,0,416,A
7-M,271,417,0,0,0,417,A
7-M,272,416,0,0,0,416,A
7-M,273,0,416,0,1,417,T
7-M,274,430,0,0,0,430,A
7-M,275,427,0,1,0,428,A
7-M,276,0,0,0,420,420,C
7-M,277,412,0,1,0,413,A
7-M,278,0,411,0,0,411,T
7-M,279,0,2,408,0,410,G
7-M,280,0,1,411,0,412,G
7-M,281,413,0,0,0,413,A
7-M,282,0,0,0,411,411,C
7-M,283,399,0,0,0,399,A
7-M,284,404,0,0,0,404,A
7-M,285,404,0,1,0,405,A
7-M,286,0,0,408,0,408,G
7-M,287,0,0,0,417,417,C
7-M,288,410,0,0,0,410,A
7-M,289,0,0,416,0,416,G
7-M,290,0,415,1,0,416,T
7-M,291,0,417,0,0,417,T
7-M,292,418,0,0,0,418,A
7-M,293,415,0,0,0,415,A
7-M,294,417,0,0,0,417,A
7-M,295,1,0,0,416,417,C
7-M,296,0,411,0,0,411,T
7-M,297,0,0,439,0,439,G
7-M,298,1,433,0,0,434,T
7-M,299,435,0,0,0,435,A
7-M,300,0,436,0,0,436,T
7-M,301,431,0,0,0,431,A
7-M,302,0,2,430,0,432,G
7-M,303,413,0,0,0,413,A
7-M,304,421,0,0,0,421,A
7-M,305,416,0,1,0,417,A
7-M,306,424,0,0,0,424,A
7-M,307,1,0,0,433,434,C
7-M,308,0,435,0,0,435,T
7-M,309,0,435,0,1,436,T
7-M,310,433,0,0,0,433,A
7-M,311,432,0,0,0,432,A
7-M,312,0,1,435,0,436,G
7-M,313,430,0,1,0,431,A
7-M,314,0,0,435,0,435,G
7-M,315,0,0,430,0,430,G
7-M,316,0,1,429,0,430,G
7-M,317,425,0,1,0,426,A
7-M,318,0,0,432,0,432,G
7-M,319,435,0,0,0,435,A
7-M,320,0,434,0,0,434,T
7-M,321,437,0,0,0,437,A
7-M,322,435,0,2,0,437,A
7-M,323,2,1,0,435,438,C
7-M,324,1,0,435,0,436,G
7-M,325,0,436,0,1,437,T
7-M,326,0,431,0,2,433,T
7-M,327,1,0,0,434,435,C
7-M,328,0,0,0,427,427,C
7-M,329,431,0,0,0,431,A
7-M,330,0,430,0,0,430,T
7-M,331,0,0,424,0,424,G
7-M,332,1,1,427,0,429,G
7-M,333,0,0,432,0,432,G
7-M,334,1,0,429,0,430,G
7-M,335,0,0,0,425,425,C
7-M,336,1,0,0,425,426,C
7-M,337,428,0,0,0,428,A
7-M,338,433,0,0,0,433,A
7-M,339,434,0,0,0,434,A
7-M,340,0,3,435,0,438,G
7-M,341,442,0,0,0,442,A
7-M,342,440,0,0,0,440,A
7-M,343,440,0,0,0,440,A
7-M,344,0,439,0,0,439,T
7-M,345,440,0,0,0,440,A
7-M,346,0,0,444,0,444,G
7-M,347,0,0,0,440,440,C
7-M,348,0,441,0,1,442,T
7-M,349,2,0,0,441,443,C
7-M,350,0,440,0,2,442,T
7-M,351,5,0,0,451,456,C
7-M,352,457,0,0,0,457,A
7-M,353,0,0,457,0,457,G
7-M,354,0,451,0,1,452,T
7-M,355,0,463,0,0,463,T
7-M,356,467,1,0,0,468,A
7-M,357,0,469,0,0,469,T
7-M,358,0,465,0,0,465,T
7-M,359,1,0,0,465,466,C
7-M,360,0,443,0,0,443,T
7-M,361,0,0,448,0,448,G
7-M,362,0,0,0,447,447,C
7-M,363,0,444,0,1,445,T
7-M,364,0,0,447,0,447,G
7-M,365,0,0,445,0,445,G
7-M,366,0,444,0,1,445,T
7-M,367,0,0,448,0,448,G
7-M,368,1,1,0,445,447,C
7-M,369,447,0,1,0,448,A
7-M,370,0,0,0,450,450,C
7-M,371,0,451,0,0,451,T
7-M,372,0,451,0,0,451,T
7-M,373,0,1,451,0,452,G
7-M,374,0,1,0,451,452,C
7-M,375,1,0,0,451,452,C
7-M,376,451,0,0,0,451,A
7-M,377,0,0,452,0,452,G
7-M,378,1,452,0,0,453,T
7-M,379,0,455,0,0,455,T
7-M,380,0,0,457,0,457,G
7-M,381,0,1,0,453,454,C
7-M,382,456,0,0,0,456,A
7-M,383,0,456,0,0,456,T
7-M,384,0,0,456,0,456,G
7-M,385,0,1,463,0,464,G
7-M,386,0,2,465,0,467,G
7-M,387,0,1,1,465,467,C
7-M,388,0,0,0,471,471,C
7-M,389,0,466,0,2,468,T
7-M,390,1,1,0,477,479,C
7-M,391,501,0,0,0,501,A
7-M,392,0,503,0,0,503,T
7-M,393,521,0,0,0,521,A
7-M,394,0,516,0,0,516,T
7-M,395,506,0,0,0,506,A
7-M,396,0,0,0,542,542,C
7-M,397,519,0,0,0,519,A
7-M,398,519,0,0,0,519,A
7-M,399,0,511,0,0,511,T
7-M,400,490,0,0,0,490,A
7-M,401,0,0,493,0,493,G
7-M,402,0,0,486,0,486,G
7-M,403,488,0,0,0,488,A
7-M,404,0,488,0,0,488,T
7-M,405,0,0,451,0,451,G
7-M,406,0,0,448,0,448,G
7-M,407,0,1,449,0,450,G
7-M,408,0,0,452,0,452,G
7-M,409,0,0,452,0,452,G
7-M,410,0,0,0,452,452,C
7-M,411,0,450,0,0,450,T
7-M,412,1,0,451,0,452,G
7-M,413,0,452,0,0,452,T
7-M,414,449,1,2,0,452,A
7-M,415,449,0,1,0,450,A
7-M,416,0,0,0,453,453,C
7-M,417,1,0,0,449,450,C
7-M,418,443,1,0,0,444,A
7-M,419,0,0,0,445,445,C
7-M,420,0,445,0,0,445,T
7-M,421,0,0,448,0,448,G
7-M,422,444,0,0,0,444,A
7-M,423,439,0,0,0,439,A
7-M,424,0,1,441,1,443,G
7-M,425,0,441,0,2,443,T
7-M,426,0,2,438,0,440,G
7-M,427,0,0,443,0,443,G
7-M,428,1,1,0,443,445,C
7-M,429,442,0,1,0,443,A
7-M,430,0,441,0,0,441,T
7-M,431,0,438,0,0,438,T
7-M,432,0,441,0,0,441,T
7-M,433,0,1,446,0,447,G
7-M,434,0,0,447,0,447,G
7-M,435,0,0,0,446,446,C
7-M,436,1,0,0,445,446,C
7-M,437,0,438,0,0,438,T
7-M,438,0,0,456,0,456,G
7-M,439,0,0,459,0,459,G
7-M,440,0,458,0,0,458,T
7-M,441,461,0,0,0,461,A
7-M,442,0,444,0,0,444,T
7-M,443,0,0,453,0,453,G
7-M,444,0,452,0,0,452,T
7-M,445,0,0,451,0,451,G
7-M,446,0,0,0,455,455,C
7-M,447,440,0,0,0,440,A
7-M,448,442,0,0,0,442,A
7-M,449,0,0,0,454,454,C
7-M,450,455,0,0,0,455,A
7-M,451,0,451,0,1,452,T
7-M,452,0,0,452,0,452,G
7-M,453,0,438,0,0,438,T
7-M,454,0,1,439,0,440,G
7-M,455,436,0,0,0,436,A
7-M,456,0,0,437,0,437,G
7-M,457,0,0,0,436,436,C
7-M,458,422,0,1,0,423,A
7-M,459,0,2,425,0,427,G
7-M,460,425,0,0,0,425,A
7-M,461,0,425,0,0,425,T
7-M,462,0,430,0,0,430,T
7-M,463,0,0,430,0,430,G
7-M,464,0,0,0,428,428,C
7-M,465,0,426,1,0,427,T
7-M,466,1,3,424,0,428,G
7-M,467,425,0,0,0,425,A
7-M,468,0,0,0,452,452,C
7-M,469,0,449,0,1,450,T
7-M,470,1,0,0,450,451,C
7-M,471,0,0,0,452,452,C
7-M,472,0,0,0,453,453,C
7-M,473,449,0,1,0,450,A
7-M,474,0,0,458,0,458,G
7-M,475,0,0,0,459,459,C
7-M,476,461,0,0,0,461,A
7-M,477,0,0,0,457,457,C
7-M,478,429,0,0,0,429,A
7-M,479,0,0,437,0,437,G
7-M,480,0,0,438,0,438,G
7-M,481,0,438,0,1,439,T
7-M,482,0,0,0,450,450,C
7-M,483,0,443,0,2,445,T
7-M,484,3,0,0,446,449,C
7-M,485,445,0,0,0,445,A
7-M,486,0,446,0,0,446,T
7-M,487,446,0,0,0,446,A
7-M,488,0,2,437,0,439,G
7-M,489,0,0,437,0,437,G
7-M,490,0,0,0,436,436,C
7-M,491,428,0,0,0,428,A
7-M,492,0,1,422,0,423,G
7-M,493,428,0,0,0,428,A
7-M,494,0,429,0,0,429,T
7-M,495,0,0,427,0,427,G
7-M,496,0,1,427,0,428,G
7-M,497,1,422,0,0,423,T
7-M,498,0,0,428,0,428,G
7-M,499,0,0,428,0,428,G
7-M,500,1,0,0,427,428,C
7-M,501,423,0,0,0,423,A
7-M,502,424,0,0,0,424,A
7-M,503,0,0,0,427,427,C
7-M,504,428,0,0,0,428,A
7-M,505,429,0,0,0,429,A
7-M,506,0,0,0,430,430,C
7-M,507,0,0,0,421,421,C
7-M,508,418,0,1,0,419,A
7-M,509,418,0,1,0,419,A
7-M,510,0,424,0,0,424,T
7-M,511,0,0,0,426,426,C
7-M,512,2,0,0,412,414,C
7-M,513,409,0,0,0,409,A
7-M,514,0,410,0,0,410,T
7-M,515,0,409,0,0,409,T
7-M,516,413,0,0,0,413,A
7-M,517,412,0,0,0,412,A
7-M,518,0,412,0,0,412,T
7-M,519,409,0,0,0,409,A
7-M,520,408,0,1,0,409,A
7-M,521,405,0,0,0,405,A
7-M,522,409,0,0,0,409,A
7-M,523,0,0,0,413,413,C
7-M,524,413,0,0,0,413,A
7-M,525,0,411,0,0,411,T
7-M,526,0,1,409,0,410,G
7-M,527,407,0,1,0,408,A
7-M,528,0,3,411,0,414,G
7-M,529,413,0,0,0,413,A
7-M,530,416,0,2,0,418,A
7-M,531,1,0,0,424,425,C
7-M,532,411,0,0,0,411,A
7-M,533,0,1,416,0,417,G
7-M,534,413,0,0,0,413,A
7-M,535,410,0,0,0,410,A
7-M,536,0,412,0,0,412,T
7-M,537,0,0,407,0,407,G
7-M,538,0,1,406,0,407,G
7-M,539,0,406,0,0,406,T
7-M,540,0,393,0,0,393,T
7-M,541,0,399,0,2,401,T
7-M,542,0,402,0,0,402,T
7-M,543,0,0,407,0,407,G
7-M,544,0,0,406,1,407,G
7-M,545,0,0,0,406,406,C
7-M,546,0,0,0,406,406,C
7-M,547,399,0,0,0,399,A
7-M,548,0,0,422,0,422,G
7-M,549,0,0,0,423,423,C
7-M,550,426,0,0,0,426,A
7-M,551,0,0,0,429,429,C
7-M,552,0,428,0,0,428,T
7-M,553,428,0,1,0,429,A
7-M,554,0,0,0,434,434,C
7-M,555,441,0,1,0,442,A
7-M,556,0,0,444,0,444,G
7-M,557,0,0,0,426,426,C
7-M,558,0,420,0,2,422,T
7-M,559,419,0,0,0,419,A
7-M,560,408,0,1,0,409,A
7-M,561,0,1,414,0,415,G
7-M,562,0,0,417,0,417,G
7-M,563,0,1,0,415,416,C
7-M,564,0,391,1,0,392,T
7-M,565,386,0,0,0,386,A
7-M,566,0,385,1,0,386,T
7-M,567,0,0,386,0,386,G
7-M,568,1,1,385,0,387,G
7-M,569,382,0,0,0,382,A
7-M,570,0,0,386,0,386,G
7-M,571,0,0,0,379,379,C
7-M,572,379,0,0,0,379,A
7-M,573,377,0,0,0,377,A
7-M,574,376,0,0,0,376,A
7-M,575,0,379,0,0,379,T
7-M,576,0,0,380,0,380,G
7-M,577,1,0,376,0,377,G
7-M,578,1,0,0,375,376,C
7-M,579,0,367,0,1,368,T
7-M,580,1,0,372,0,373,G
7-M,581,0,1,377,0,378,G
7-M,582,380,0,0,0,380,A
7-M,583,0,378,0,0,378,T
7-M,584,1,0,0,373,374,C
7-M,585,377,0,0,0,377,A
7-M,586,380,0,0,0,380,A
7-M,587,0,0,383,0,383,G
7-M,588,0,381,0,0,381,T
7-M,589,0,2,379,0,381,G
7-M,590,373,0,0,0,373,A
7-M,591,0,0,374,0,374,G
7-M,592,0,0,0,372,372,C
7-M,593,373,0,0,0,373,A
7-M,594,0,1,372,0,373,G
7-M,595,0,1,371,0,372,G
7-M,596,1,0,0,370,371,C
7-M,597,365,0,1,0,366,A
7-M,598,0,0,369,0,369,G
7-M,599,0,0,0,368,368,C
7-M,600,4,0,364,0,368,G
7-M,601,0,0,368,0,368,G
7-M,602,363,0,1,0,364,A
7-M,603,0,1,366,0,367,G
7-M,604,0,0,366,0,366,G
7-M,605,0,0,0,365,365,C
7-M,606,0,0,0,361,361,C
7-M,607,357,0,0,0,357,A
7-M,608,0,357,0,1,358,T
7-M,609,0,1,363,0,364,G
7-M,610,1,2,361,0,364,G
7-M,611,362,0,0,0,362,A
7-M,612,0,0,357,0,357,G
7-M,613,347,0,0,0,347,A
7-M,614,0,355,0,0,355,T
7-M,615,0,355,0,0,355,T
7-M,616,0,0,356,0,356,G
7-M,617,0,0,0,353,353,C
7-M,618,0,354,0,0,354,T
7-M,619,355,0,0,0,355,A
7-M,620,0,0,354,0,354,G
7-M,621,0,350,0,0,350,T
7-M,622,6,0,0,348,354,C
7-M,623,343,0,0,0,343,A
7-M,624,0,0,350,0,350,G
7-M,625,0,0,350,0,350,G
7-M,626,0,0,0,351,351,C
7-M,627,0,0,0,351,351,C
7-M,628,350,0,2,0,352,A
7-M,629,1,0,356,0,357,G
7-M,630,0,0,358,0,358,G
7-M,631,1,0,0,356,357,C
7-M,632,358,0,1,0,359,A
7-M,633,0,0,357,0,357,G
7-M,634,351,0,0,0,351,A
7-M,635,0,354,0,0,354,T
7-M,636,0,0,361,0,361,G
7-M,637,1,0,370,0,371,G
7-M,638,0,366,0,0,366,T
7-M,639,0,0,365,1,366,G
7-M,640,0,0,0,365,365,C
7-M,641,365,0,1,0,366,A
7-M,642,0,0,371,0,371,G
7-M,643,0,0,371,0,371,G
7-M,644,0,0,0,372,372,C
7-M,645,369,0,0,0,369,A
7-M,646,363,0,0,0,363,A
7-M,647,0,362,0,0,362,T
7-M,648,0,0,360,0,360,G
7-M,649,361,0,0,0,361,A
7-M,650,0,0,363,0,363,G
7-M,651,347,0,3,0,350,A
7-M,652,1,0,353,0,354,G
7-M,653,0,0,0,359,359,C
7-M,654,1,0,0,359,360,C
7-M,655,358,0,1,0,359,A
7-M,656,0,360,0,0,360,T
7-M,657,0,359,0,0,359,T
7-M,658,0,2,358,0,360,G
7-M,659,0,0,358,0,358,G
7-M,660,0,2,360,0,362,G
7-M,661,362,0,0,0,362,A
7-M,662,0,0,0,359,359,C
7-M,663,0,349,0,2,351,T
7-M,664,3,0,0,348,351,C
7-M,665,349,0,0,0,349,A
7-M,666,0,370,0,1,371,T
7-M,667,0,0,0,372,372,C
7-M,668,1,0,0,374,375,C
7-M,669,0,373,0,0,373,T
7-M,670,374,0,0,0,374,A
7-M,671,0,0,379,0,379,G
7-M,672,0,413,0,1,414,T
7-M,673,0,412,0,0,412,T
7-M,674,1,1,0,409,411,C
7-M,675,0,0,0,401,401,C
7-M,676,401,0,0,0,401,A
7-M,677,0,1,406,0,407,G
7-M,678,0,407,0,0,407,T
7-M,679,404,0,0,0,404,A
7-M,680,0,0,0,405,405,C
7-M,681,0,370,0,0,370,T
7-M,682,0,0,382,0,382,G
7-M,683,0,0,386,0,386,G
7-M,684,0,386,0,0,386,T
7-M,685,0,1,0,387,388,C
7-M,686,0,381,0,0,381,T
7-M,687,381,0,0,0,381,A
7-M,688,380,0,0,0,380,A
7-M,689,0,0,383,0,383,G
7-M,690,380,0,0,0,380,A
7-M,691,0,0,374,0,374,G
7-M,692,355,0,0,0,355,A
7-M,693,0,352,0,0,352,T
7-M,694,0,2,352,0,354,G
7-M,695,354,0,0,0,354,A
7-M,696,0,352,0,0,352,T
7-M,697,0,0,0,352,352,C
7-M,698,0,348,0,0,348,T
7-M,699,0,350,0,0,350,T
7-M,700,0,0,0,350,350,C
7-M,701,0,350,0,0,350,T
7-M,702,0,350,0,0,350,T
7-M,703,0,2,348,0,350,G
7-M,704,350,0,0,0,350,A
7-M,705,350,0,0,0,350,A
7-M,706,351,1,0,0,352,A
7-M,707,353,0,0,0,353,A
7-M,708,0,352,0,0,352,T
7-M,709,0,351,0,0,351,T
7-M,710,0,352,0,0,352,T
7-M,711,0,0,353,0,353,G
7-M,712,0,1,0,352,353,C
7-M,713,353,0,0,0,353,A
7-M,714,0,1,353,0,354,G
7-M,715,354,0,0,0,354,A
7-M,716,0,0,0,366,366,C
7-M,717,1,0,0,364,365,C
7-M,718,0,363,0,0,363,T
7-M,719,368,0,0,0,368,A
7-M,720,0,366,0,0,366,T
7-M,721,0,0,0,367,367,C
7-M,722,368,0,0,0,368,A
7-M,723,0,2,367,0,369,G
7-M,724,366,0,1,0,367,A
7-M,725,359,0,0,0,359,A
7-M,726,357,0,0,0,357,A
7-M,727,0,0,0,360,360,C
7-M,728,0,3,356,0,359,G
7-M,729,357,0,1,0,358,A
7-M,730,358,0,0,0,358,A
7-M,731,0,357,0,0,357,T
7-M,732,1,2,354,0,357,G
7-M,733,0,0,362,0,362,G
7-M,734,0,1,363,0,364,G
7-M,735,0,0,360,0,360,G
7-M,736,0,0,361,0,361,G
7-M,737,0,350,0,0,350,T
7-M,738,0,1,350,0,351,G
7-M,739,0,0,0,353,353,C
7-M,740,353,0,0,0,353,A
7-M,741,0,1,351,0,352,G
7-M,742,349,0,0,0,349,A
7-M,743,1,346,0,0,347,T
7-M,744,0,0,343,0,343,G
7-M,745,0,0,1,342,343,C
7-M,746,340,0,2,0,342,A
7-M,747,344,0,0,0,344,A
7-M,748,0,0,0,345,345,C
7-M,749,0,2,344,0,346,G
7-M,750,344,0,0,0,344,A
7-M,751,0,344,0,0,344,T
7-M,752,0,343,0,0,343,T
7-M,753,2,0,0,346,348,C
7-M,754,341,0,0,0,341,A
7-M,755,340,0,2,0,342,A
7-M,756,0,0,343,0,343,G
7-M,757,0,337,0,0,337,T
7-M,758,0,1,335,0,336,G
7-M,759,334,0,0,0,334,A
7-M,760,1,1,0,332,334,C
7-M,761,2,0,0,332,334,C
7-M,762,3,0,0,329,332,C
7-M,763,2,0,334,0,336,G
7-M,764,0,0,0,335,335,C
7-M,765,0,334,0,0,334,T
7-M,766,0,340,0,0,340,T
7-M,767,1,1,339,0,341,G
7-M,768,0,344,0,1,345,T
7-M,769,0,346,0,0,346,T
7-M,770,0,0,345,0,345,G
7-M,771,0,337,0,1,338,T
7-M,772,0,337,0,1,338,T
7-M,773,328,0,0,0,328,A
7-M,774,0,0,0,329,329,C
7-M,775,0,0,0,328,328,C
7-M,776,0,1,328,0,329,G
7-M,777,0,0,0,321,321,C
7-M,778,0,0,325,0,325,G
7-M,779,325,0,0,0,325,A
7-M,780,325,0,0,0,325,A
7-M,781,0,329,0,1,330,T
7-M,782,328,0,0,0,328,A
7-M,783,0,335,0,1,336,T
7-M,784,0,0,0,341,341,C
7-M,785,341,0,0,0,341,A
7-M,786,0,342,0,0,342,T
7-M,787,0,341,0,0,341,T
7-M,788,0,0,340,0,340,G
7-M,789,1,1,338,0,340,G
7-M,790,0,0,341,0,341,G
7-M,791,335,0,1,0,336,A
7-M,792,0,336,0,0,336,T
7-M,793,1,0,0,320,321,C
7-M,794,0,322,0,0,322,T
7-M,795,0,321,0,0,321,T
7-M,796,0,0,328,0,328,G
7-M,797,1,1,0,325,327,C
7-M,798,327,0,0,0,327,A
7-M,799,1,1,0,327,329,C
7-M,800,0,322,0,0,322,T
7-M,801,0,324,0,0,324,T
7-M,802,0,3,321,0,324,G
7-M,803,325,0,0,0,325,A
7-M,804,0,326,0,0,326,T
7-M,805,326,0,0,0,326,A
7-M,806,0,326,0,0,326,T
7-M,807,0,320,0,0,320,T
7-M,808,0,0,322,0,322,G
7-M,809,0,321,0,0,321,T
7-M,810,0,0,321,0,321,G
7-M,811,0,0,322,0,322,G
7-M,812,311,1,0,0,312,A
7-M,813,0,311,0,0,311,T
7-M,814,0,313,0,0,313,T
7-M,815,1,0,0,314,315,C
7-M,816,0,313,0,1,314,T
7-M,817,0,310,0,0,310,T
7-M,818,0,2,307,1,310,G
7-M,819,307,0,0,0,307,A
7-M,820,0,308,0,0,308,T
7-M,821,2,0,0,304,306,C
7-M,822,0,0,307,0,307,G
7-M,823,0,305,0,0,305,T
7-M,824,1,0,0,306,307,C
7-M,825,0,305,0,1,306,T
7-M,826,0,305,0,0,305,T
7-M,827,0,304,1,0,305,T
7-M,828,0,303,0,0,303,T
7-M,829,0,304,0,0,304,T
7-M,830,0,304,0,0,304,T
7-M,831,0,303,0,0,303,T
7-M,832,1,0,0,303,304,C
7-M,833,301,0,0,0,301,A
7-M,834,301,0,0,0,301,A
7-M,835,301,0,0,0,301,A
7-M,836,0,300,0,1,301,T
7-M,837,0,0,302,0,302,G
7-M,838,0,0,0,302,302,C
7-M,839,1,0,303,0,304,G
7-M,840,1,304,0,0,305,T
7-M,841,1,0,0,303,304,C
7-M,842,0,303,0,0,303,T
7-M,843,304,0,0,0,304,A
7-M,844,0,303,0,0,303,T
7-M,845,1,1,0,300,302,C
7-M,846,1,1,299,0,301,G
7-M,847,300,0,1,0,301,A
7-M,848,0,0,0,302,302,C
7-M,849,0,291,0,0,291,T
7-M,850,0,0,0,293,293,C
7-M,851,0,293,0,0,293,T
7-M,852,0,292,0,1,293,T
7-M,853,1,0,0,292,293,C
7-M,854,293,0,0,0,293,A
7-M,855,293,0,1,0,294,A
7-M,856,292,0,0,0,292,A
7-M,857,0,0,0,291,291,C
7-M,858,291,0,0,0,291,A
7-M,859,0,0,0,280,280,C
7-M,860,0,2,275,0,277,G
7-M,861,1,0,289,0,290,G
7-M,862,0,1,0,287,288,C
7-M,863,0,1,0,289,290,C
7-M,864,0,292,0,0,292,T
7-M,865,0,293,0,0,293,T
7-M,866,293,0,0,0,293,A
7-M,867,293,0,0,0,293,A
7-M,868,293,0,0,0,293,A
7-M,869,291,0,1,0,292,A
7-M,870,0,0,288,0,288,G
7-M,871,245,0,0,0,245,A
7-M,872,0,0,243,0,243,G
7-M,873,0,0,243,0,243,G
7-M,874,0,0,0,241,241,C
7-M,875,0,0,0,239,239,C
7-M,876,1,0,0,239,240,C
7-M,877,0,238,0,2,240,T
7-M,878,0,242,0,0,242,T
7-M,879,3,0,0,238,241,C
7-M,880,0,242,0,1,243,T
7-M,881,243,0,0,0,243,A
7-M,882,0,1,0,240,241,C
7-M,883,0,1,237,0,238,G
7-M,884,0,1,237,0,238,G
7-M,885,231,0,1,0,232,A
7-M,886,231,0,0,0,231,A
7-M,887,0,0,228,0,228,G
7-M,888,0,0,225,0,225,G
7-M,889,222,0,0,0,222,A
7-M,890,0,0,221,0,221,G
7-M,891,0,217,0,0,217,T
7-M,892,217,0,0,0,217,A
7-M,893,0,0,0,213,213,C
7-M,894,0,0,0,211,211,C
7-M,895,1,207,1,1,210,T
7-M,896,0,0,211,0,211,G
7-M,897,207,0,0,0,207,A
7-M,898,0,0,212,0,212,G
7-M,899,0,206,0,0,206,T
7-M,900,1,0,0,205,206,C
7-M,901,0,198,0,0,198,T
7-M,902,196,0,0,0,196,A
7-M,903,0,197,0,0,197,T
7-M,904,0,1,196,0,197,G
7-M,905,193,0,1,0,194,A
7-M,906,0,0,193,0,193,G
7-M,907,0,0,168,0,168,G
7-M,908,0,0,169,0,169,G
7-M,909,167,0,0,0,167,A
7-M,910,166,0,0,0,166,A
7-M,911,0,0,166,0,166,G
7-M,912,165,0,0,0,165,A
7-M,913,167,0,0,0,167,A
7-M,914,0,164,0,0,164,T
7-M,915,161,0,0,0,161,A
7-M,916,0,161,0,0,161,T
7-M,917,1,1,0,154,156,C
7-M,918,0,0,156,0,156,G
7-M,919,155,0,0,0,155,A
7-M,920,154,0,0,0,154,A
7-M,921,153,0,1,0,154,A
7-M,922,0,0,153,0,153,G
7-M,923,0,3,150,0,153,G
7-M,924,146,0,1,0,147,A
7-M,925,147,0,0,0,147,A
7-M,926,0,0,0,147,147,C
7-M,927,144,0,0,0,144,A
7-M,928,0,0,145,0,145,G
7-M,929,0,0,0,146,146,C
7-M,930,143,0,0,0,143,A
7-M,931,0,0,145,0,145,G
7-M,932,135,0,0,0,135,A
7-M,933,135,0,0,0,135,A
7-M,934,0,135,0,0,135,T
7-M,935,0,0,129,0,129,G
7-M,936,0,0,0,130,130,C
7-M,937,0,123,0,1,124,T
7-M,938,0,0,124,0,124,G
7-M,939,0,124,0,0,124,T
7-M,940,0,1,123,0,124,G
7-M,941,0,0,124,0,124,G
7-M,942,117,0,1,0,118,A
7-M,943,0,118,0,0,118,T
7-M,944,0,0,114,0,114,G
7-M,945,0,1,0,113,114,C
7-M,946,0,112,0,0,112,T
7-M,947,0,0,110,0,110,G
7-M,948,111,0,0,0,111,A
7-M,949,0,0,0,108,108,C
7-M,950,0,1,106,0,107,G
7-M,951,107,0,0,0,107,A
7-M,952,0,0,0,107,107,C
7-M,953,106,0,0,0,106,A
7-M,954,0,0,107,0,107,G
7-M,955,0,106,0,0,106,T
7-M,956,1,0,0,106,107,C
7-M,957,107,0,0,0,107,A
7-M,958,0,102,0,0,102,T
7-M,959,0,103,0,0,103,T
7-M,960,0,102,0,0,102,T
7-M,961,0,100,0,0,100,T
7-M,962,0,0,101,0,101,G
7-M,963,0,97,0,0,97,T
7-M,964,0,0,0,97,97,C
7-M,965,91,0,0,0,91,A
7-M,966,0,0,91,0,91,G
7-M,967,0,0,0,91,91,C
7-M,968,91,0,0,0,91,A
7-M,969,0,91,0,0,91,T
7-M,970,91,0,0,0,91,A
7-M,971,0,0,91,0,91,G
7-M,972,91,0,0,0,91,A
7-M,973,0,0,91,0,91,G
7-M,974,0,88,0,0,88,T
7-M,975,0,58,0,0,58,T
7-M,976,0,0,57,0,57,G
7-M,977,0,0,57,0,57,G
7-M,978,57,0,0,0,57,A
7-M,979,0,0,57,0,57,G
7-M,980,0,42,0,0,42,T
7-M,981,39,0,0,0,39,A
7-M,982,38,0,0,0,38,A
8-NS,1,168,0,0,0,168,A
8-NS,2,0,170,0,0,170,T
8-NS,3,0,0,185,0,185,G
8-NS,4,0,0,197,0,197,G
8-NS,5,218,0,0,0,218,A
8-NS,6,0,420,0,0,420,T
8-NS,7,0,424,0,0,424,T
8-NS,8,0,0,0,445,445,C
8-NS,9,0,0,0,446,446,C
8-NS,10,443,1,1,0,445,A
8-NS,11,451,0,1,0,452,A
8-NS,12,0,0,0,452,452,C
8-NS,13,454,0,0,0,454,A
8-NS,14,0,0,0,456,456,C
8-NS,15,0,457,0,0,457,T
8-NS,16,0,0,505,0,505,G
8-NS,17,0,508,0,0,508,T
8-NS,18,0,0,512,0,512,G
8-NS,19,1,510,0,1,512,T
8-NS,20,3,0,0,509,512,C
8-NS,21,510,0,1,0,511,A
8-NS,22,511,0,0,1,512,A
8-NS,23,0,0,520,0,520,G
8-NS,24,0,533,0,0,533,T
8-NS,25,0,530,0,0,530,T
8-NS,26,0,533,0,1,534,T
8-NS,27,1,0,0,530,531,C
8-NS,28,1,0,0,536,537,C
8-NS,29,535,1,1,0,537,A
8-NS,30,0,0,550,0,550,G
8-NS,31,0,0,595,0,595,G
8-NS,32,0,598,0,0,598,T
8-NS,33,597,0,1,0,598,A
8-NS,34,0,0,601,0,601,G
8-NS,35,601,0,1,0,602,A
8-NS,36,0,472,0,133,605,T
8-NS,37,0,608,0,0,608,T
8-NS,38,0,0,618,0,618,G
8-NS,39,0,0,0,618,618,C
8-NS,40,0,614,0,1,615,T
8-NS,41,0,620,0,1,621,T
8-NS,42,0,623,0,0,623,T
8-NS,43,0,0,0,629,629,C
8-NS,44,0,627,0,1,628,T
8-NS,45,0,628,0,1,629,T
8-NS,46,0,629,0,0,629,T
8-NS,47,1,2,634,0,637,G
8-NS,48,0,0,637,0,637,G
8-NS,49,0,1,0,637,638,C
8-NS,50,634,0,1,0,635,A
8-NS,51,0,638,0,0,638,T
8-NS,52,641,0,1,0,642,A
8-NS,53,1,663,0,2,666,T
8-NS,54,1,1,0,662,664,C
8-NS,55,3,1,0,662,666,C
8-NS,56,1,1,663,0,665,G
8-NS,57,1,1,672,0,674,G
8-NS,58,674,0,0,0,674,A
8-NS,59,677,0,1,0,678,A
8-NS,60,684,0,0,0,684,A
8-NS,61,0,0,0,695,695,C
8-NS,62,693,0,0,0,693,A
8-NS,63,692,0,1,1,694,A
8-NS,64,0,0,728,0,728,G
8-NS,65,0,731,0,0,731,T
8-NS,66,0,728,0,0,728,T
8-NS,67,2,1,727,0,730,G
8-NS,68,0,730,0,1,731,T
8-NS,69,726,1,1,1,729,A
8-NS,70,0,7,726,0,733,G
8-NS,71,774,0,0,0,774,A
8-NS,72,0,0,0,779,779,C
8-NS,73,2,2,0,774,778,C
8-NS,74,779,0,0,0,779,A
8-NS,75,779,0,1,0,780,A
8-NS,76,0,4,808,0,812,G
8-NS,77,813,0,0,0,813,A
8-NS,78,819,0,0,0,819,A
8-NS,79,0,0,0,820,820,C
8-NS,80,0,803,0,1,804,T
8-NS,81,0,1,810,0,811,G
8-NS,82,803,1,3,1,808,A
8-NS,83,0,1,816,0,817,G
8-NS,84,0,821,0,0,821,T
8-NS,85,1,2,804,0,807,G
8-NS,86,809,0,2,1,812,A
8-NS,87,0,811,0,0,811,T
8-NS,88,2,0,825,0,827,G
8-NS,89,0,0,0,846,846,C
8-NS,90,1,0,0,848,849,C
8-NS,91,0,0,1,851,852,C
8-NS,92,0,0,0,851,851,C
8-NS,93,852,0,0,0,852,A
8-NS,94,0,872,0,0,872,T
8-NS,95,0,884,0,0,884,T
8-NS,96,1,1,0,889,891,C
8-NS,97,2,0,0,887,889,C
8-NS,98,0,882,0,4,886,T
8-NS,99,0,876,0,3,879,T
8-NS,100,1,6,876,0,883,G
8-NS,101,881,0,0,0,881,A
8-NS,102,0,882,0,1,883,T
8-NS,103,2,0,0,871,873,C
8-NS,104,2,0,863,0,865,G
8-NS,105,1,0,879,0,880,G
8-NS,106,0,0,0,881,881,C
8-NS,107,0,878,0,1,879,T
8-NS,108,0,883,0,0,883,T
8-NS,109,1,1,0,880,882,C
8-NS,110,0,0,888,0,888,G
8-NS,111,0,0,0,887,887,C
8-NS,112,1,0,0,885,886,C
8-NS,113,1,2,886,0,889,G
8-NS,114,880,0,0,0,880,A
8-NS,115,0,5,921,0,926,G
8-NS,116,927,0,0,0,927,A
8-NS,117,0,928,0,1,929,T
8-NS,118,3,0,0,929,932,C
8-NS,119,930,0,1,0,931,A
8-NS,120,1,3,931,0,935,G
8-NS,121,930,0,1,0,931,A
8-NS,122,0,1,934,0,935,G
8-NS,123,1,0,939,0,940,G
8-NS,124,0,941,0,2,943,T
8-NS,125,3,0,0,990,993,C
8-NS,126,0,0,0,997,997,C
8-NS,127,0,1,0,1004,1005,C
8-NS,128,0,1007,0,0,1007,T
8-NS,129,1010,0,0,0,1010,A
8-NS,130,1007,0,1,0,1008,A
8-NS,131,0,2,1017,0,1019,G
8-NS,132,0,0,1020,0,1020,G
8-NS,133,0,0,1014,1,1015,G
8-NS,134,0,2,980,0,982,G
8-NS,135,976,0,1,0,977,A
8-NS,136,978,0,0,0,978,A
8-NS,137,0,1,988,0,989,G
8-NS,138,1012,0,3,0,1015,A
8-NS,139,0,1,1019,0,1020,G
8-NS,140,1,0,1026,0,1027,G
8-NS,141,0,0,0,1022,1022,C
8-NS,142,1018,0,0,0,1018,A
8-NS,143,1021,0,0,0,1021,A
8-NS,144,0,1019,0,1,1020,T
8-NS,145,1031,0,0,0,1031,A
8-NS,146,0,1,0,1043,1044,C
8-NS,147,0,1013,0,2,1015,T
8-NS,148,4,0,0,1012,1016,C
8-NS,149,0,1002,0,2,1004,T
8-NS,150,0,1,0,1015,1016,C
8-NS,151,1,0,1023,0,1024,G
8-NS,152,0,0,1070,0,1070,G
8-NS,153,0,1067,0,1,1068,T
8-NS,154,4,0,0,1068,1072,C
8-NS,155,0,1064,0,3,1067,T
8-NS,156,1074,0,1,0,1075,A
8-NS,157,0,3,1072,0,1075,G
8-NS,158,1066,2,2,0,1070,A
8-NS,159,0,0,0,1097,1097,C
8-NS,160,1080,0,0,0,1080,A
8-NS,161,0,1062,0,0,1062,T
8-NS,162,1,0,0,1058,1059,C
8-NS,163,1064,0,0,0,1064,A
8-NS,164,1064,0,0,0,1064,A
8-NS,165,1060,0,2,0,1062,A
8-NS,166,1,0,1065,0,1066,G
8-NS,167,0,0,0,1067,1067,C
8-NS,168,1037,1,0,0,1038,A
8-NS,169,0,2,1041,0,1043,G
8-NS,170,0,0,0,1047,1047,C
8-NS,171,0,1,0,1044,1045,C
8-NS,172,1056,0,2,0,1058,A
8-NS,173,2,0,0,1069,1071,C
8-NS,174,0,1,0,1075,1076,C
8-NS,175,0,0,1,1076,1077,C
8-NS,176,1089,0,1,0,1090,A
8-NS,177,0,1091,0,1,1092,T
8-NS,178,0,0,1091,0,1091,G
8-NS,179,0,1086,0,1,1087,T
8-NS,180,0,1078,1,1,1080,T
8-NS,181,0,2,1081,0,1083,G
8-NS,182,0,0,1068,0,1068,G
8-NS,183,1067,0,0,0,1067,A
8-NS,184,1069,0,1,0,1070,A
8-NS,185,1061,0,1,0,1062,A
8-NS,186,0,0,1073,0,1073,G
8-NS,187,1,1,0,1066,1068,C
8-NS,188,1067,0,0,0,1067,A
8-NS,189,1067,0,0,0,1067,A
8-NS,190,1063,1,0,0,1064,A
8-NS,191,0,1071,0,1,1072,T
8-NS,192,0,1074,0,0,1074,T
8-NS,193,0,0,1093,0,1093,G
8-NS,194,0,1093,0,1,1094,T
8-NS,195,1083,1,1,0,1085,A
8-NS,196,0,2,1081,0,1083,G
8-NS,197,1081,0,0,0,1081,A
8-NS,198,1071,0,1,0,1072,A
8-NS,199,1083,0,0,0,1083,A
8-NS,200,1074,0,1,0,1075,A
8-NS,201,0,2,1080,0,1082,G
8-NS,202,1065,0,0,0,1065,A
8-NS,203,0,1062,0,0,1062,T
8-NS,204,0,1060,0,0,1060,T
8-NS,205,6,0,0,1061,1067,C
8-NS,206,0,1065,0,1,1066,T
8-NS,207,0,1,1070,0,1071,G
8-NS,208,1067,0,0,0,1067,A
8-NS,209,1069,0,0,0,1069,A
8-NS,210,1063,0,0,0,1063,A
8-NS,211,0,6,1065,0,1071,G
8-NS,212,1073,0,0,0,1073,A
8-NS,213,1068,0,1,0,1069,A
8-NS,214,1,6,1079,0,1086,G
8-NS,215,1092,0,0,0,1092,A
8-NS,216,1092,0,2,0,1094,A
8-NS,217,0,1092,0,0,1092,T
8-NS,218,1,0,0,1103,1104,C
8-NS,219,0,1094,1,3,1098,T
8-NS,220,1,5,1093,0,1099,G
8-NS,221,1098,0,1,0,1099,A
8-NS,222,0,1098,0,0,1098,T
8-NS,223,0,0,1095,1,1096,G
8-NS,224,1081,0,2,0,1083,A
8-NS,225,0,3,1088,0,1091,G
8-NS,226,0,0,1092,0,1092,G
8-NS,227,2,1,0,1087,1090,C
8-NS,228,1093,0,0,0,1093,A
8-NS,229,0,0,0,1117,1117,C
8-NS,230,0,1111,0,3,1114,T
8-NS,231,0,1123,0,0,1123,T
8-NS,232,1132,1,0,0,1133,A
8-NS,233,1136,0,1,0,1137,A
8-NS,234,1132,0,1,0,1133,A
8-NS,235,1129,0,0,1,1130,A
8-NS,236,0,1137,0,0,1137,T
8-NS,237,0,9,1129,0,1138,G
8-NS,238,1142,0,3,0,1145,A
8-NS,239,0,1,0,1145,1146,C
8-NS,240,2,0,0,1137,1139,C
8-NS,241,1138,0,0,0,1138,A
8-NS,242,1,1126,0,3,1130,T
8-NS,243,0,1,1156,0,1157,G
8-NS,244,1,0,1167,0,1168,G
8-NS,245,0,1172,1,0,1173,T
8-NS,246,5,1,0,1217,1223,C
8-NS,247,0,1215,1,2,1218,T
8-NS,248,3,0,0,1227,1230,C
8-NS,249,1,1,0,1229,1231,C
8-NS,250,1233,0,1,0,1234,A
8-NS,251,1,1,0,1237,1239,C
8-NS,252,1226,1,1,0,1228,A
8-NS,253,0,0,0,1245,1245,C
8-NS,254,1,0,0,1234,1235,C
8-NS,255,0,1179,0,0,1179,T
8-NS,256,1,1,1183,0,1185,G
8-NS,257,1,0,0,1182,1183,C
8-NS,258,0,1170,1,0,1171,T
8-NS,259,0,1183,0,0,1183,T
8-NS,260,1,3,0,1168,1172,C
8-NS,261,1,0,1176,0,1177,G
8-NS,262,0,1,0,1173,1174,C
8-NS,263,0,2,1171,0,1173,G
8-NS,264,1226,0,0,0,1226,A
8-NS,265,0,1223,0,0,1223,T
8-NS,266,1252,1,1,0,1254,A
8-NS,267,0,1,0,1258,1259,C
8-NS,268,1249,0,4,0,1253,A
8-NS,269,1,1270,0,1,1272,T
8-NS,270,1266,0,0,0,1266,A
8-NS,271,1271,0,0,0,1271,A
8-NS,272,0,0,0,1279,1279,C
8-NS,273,0,1248,0,2,1250,T
8-NS,274,0,5,1268,0,1273,G
8-NS,275,1245,0,2,0,1247,A
8-NS,276,1,0,0,1257,1258,C
8-NS,277,1253,1,3,0,1257,A
8-NS,278,0,1247,0,0,1247,T
8-NS,279,0,8,1242,0,1250,G
8-NS,280,1251,1,1,0,1253,A
8-NS,281,1,0,0,1280,1281,C
8-NS,282,0,1279,0,0,1279,T
8-NS,283,1291,0,0,2,1293,A
8-NS,284,0,1289,0,2,1291,T
8-NS,285,0,1276,0,0,1276,T
8-NS,286,0,4,1272,0,1276,G
8-NS,287,1272,0,3,0,1275,A
8-NS,288,1,4,1266,0,1271,G
8-NS,289,0,5,1263,0,1268,G
8-NS,290,1238,0,2,0,1240,A
8-NS,291,1239,1,2,0,1242,A
8-NS,292,0,1223,0,0,1223,T
8-NS,293,0,1226,0,0,1226,T
8-NS,294,0,0,1250,0,1250,G
8-NS,295,0,1252,0,0,1252,T
8-NS,296,3,0,0,1248,1251,C
8-NS,297,1251,0,1,0,1252,A
8-NS,298,1254,0,0,0,1254,A
8-NS,299,0,6,1249,0,1255,G
8-NS,300,1250,0,0,0,1250,A
8-NS,301,1252,0,0,0,1252,A
8-NS,302,1254,0,0,0,1254,A
8-NS,303,0,0,0,1251,1251,C
8-NS,304,1,1233,0,0,1234,T
8-NS,305,0,4,1247,0,1251,G
8-NS,306,0,1,1267,1,1269,G
8-NS,307,0,1267,0,1,1268,T
8-NS,308,0,1259,0,2,1261,T
8-NS,309,4,1,0,1253,1258,C
8-NS,310,1260,1,1,0,1262,A
8-NS,311,0,1276,0,1,1277,T
8-NS,312,0,1,1286,0,1287,G
8-NS,313,0,11,0,1291,1302,C
8-NS,314,0,1282,0,4,1286,T
8-NS,315,1266,0,1,0,1267,A
8-NS,316,1270,0,1,3,1274,A
8-NS,317,0,1279,0,3,1282,T
8-NS,318,3,2,1277,0,1282,G
8-NS,319,1,0,0,1286,1287,C
8-NS,320,1,0,0,1276,1277,C
8-NS,321,2,1,0,1271,1274,C
8-NS,322,1268,0,0,0,1268,A
8-NS,323,1278,0,3,0,1281,A
8-NS,324,0,0,1293,0,1293,G
8-NS,325,0,1,0,1291,1292,C
8-NS,326,1276,0,1,0,1277,A
8-NS,327,0,0,1285,0,1285,G
8-NS,328,1276,0,4,0,1280,A
8-NS,329,1278,0,1,0,1279,A
8-NS,330,1279,0,1,0,1280,A
8-NS,331,0,2,1301,0,1303,G
8-NS,332,0,1293,0,0,1293,T
8-NS,333,1,3,1295,0,1299,G
8-NS,334,0,1,1303,0,1304,G
8-NS,335,1305,0,1,1,1307,A
8-NS,336,1296,0,1,0,1297,A
8-NS,337,0,2,1289,0,1291,G
8-NS,338,0,2,1289,1,1292,G
8-NS,339,1288,0,0,0,1288,A
8-NS,340,1,0,0,1287,1288,C
8-NS,341,0,1,0,1288,1289,C
8-NS,342,0,1279,0,2,1281,T
8-NS,343,1,0,0,1302,1303,C
8-NS,344,0,1295,0,2,1297,T
8-NS,345,0,1299,0,2,1301,T
8-NS,346,0,1294,0,1,1295,T
8-NS,347,0,0,1292,0,1292,G
8-NS,348,2,5,0,1305,1312,C
8-NS,349,1304,0,0,0,1304,A
8-NS,350,0,1297,0,2,1299,T
8-NS,351,2,1,0,1297,1300,C
8-NS,352,1304,1,0,0,1305,A
8-NS,353,0,6,1335,0,1341,G
8-NS,354,1328,0,1,1,1330,A
8-NS,355,1340,0,1,0,1341,A
8-NS,356,2,1336,0,0,1338,T
8-NS,357,0,2,1304,0,1306,G
8-NS,358,4,1,1309,0,1314,G
8-NS,359,1312,0,2,0,1314,A
8-NS,360,1,1,0,1312,1314,C
8-NS,361,3,0,0,1271,1274,C
8-NS,362,1248,0,3,0,1251,A
8-NS,363,1,1,1268,0,1270,G
8-NS,364,0,0,1266,0,1266,G
8-NS,365,0,0,0,1266,1266,C
8-NS,366,1261,0,0,0,1261,A
8-NS,367,1264,1,0,0,1265,A
8-NS,368,1,1261,0,3,1265,T
8-NS,369,7,1,0,1257,1265,C
8-NS,370,1264,0,0,0,1264,A
8-NS,371,0,1257,1,0,1258,T
8-NS,372,0,1,1236,0,1237,G
8-NS,373,0,2,1249,0,1251,G
8-NS,374,1240,1,1,0,1242,A
8-NS,375,0,3,1252,0,1255,G
8-NS,376,1238,1,1,0,1240,A
8-NS,377,1239,1,1,0,1241,A
8-NS,378,1243,0,0,0,1243,A
8-NS,379,1239,0,0,0,1239,A
8-NS,380,1249,0,2,0,1251,A
8-NS,381,1,0,0,1254,1255,C
8-NS,382,1254,0,0,0,1254,A
8-NS,383,1,1246,0,0,1247,T
8-NS,384,7,0,0,1232,1239,C
8-NS,385,1242,0,1,0,1243,A
8-NS,386,1,1242,0,0,1243,T
8-NS,387,1,0,1244,0,1245,G
8-NS,388,0,1244,0,2,1246,T
8-NS,389,0,1233,0,1,1234,T
8-NS,390,0,2,1231,2,1235,G
8-NS,391,1223,0,0,0,1223,A
8-NS,392,1228,0,2,0,1230,A
8-NS,393,1225,0,1,0,1226,A
8-NS,394,0,3,1232,0,1235,G
8-NS,395,2,0,0,1222,1224,C
8-NS,396,1,11,1201,0,1213,G
8-NS,397,1215,0,1,0,1216,A
8-NS,398,1215,1,0,0,1216,A
8-NS,399,0,1218,0,1,1219,T
8-NS,400,0,1215,0,6,1221,T
8-NS,401,0,1222,0,0,1222,T
8-NS,402,10,0,0,1213,1223,C
8-NS,403,1207,0,1,1,1209,A
8-NS,404,0,0,1208,0,1208,G
8-NS,405,1,1207,0,2,1210,T
8-NS,406,1,0,1211,0,1212,G
8-NS,407,0,1203,0,4,1207,T
8-NS,408,0,5,1204,0,1209,G
8-NS,409,1214,1,0,0,1215,A
8-NS,410,0,1212,0,0,1212,T
8-NS,411,0,1205,0,3,1208,T
8-NS,412,0,1208,0,0,1208,T
8-NS,413,0,1207,0,0,1207,T
8-NS,414,0,1207,0,0,1207,T
8-NS,415,1182,0,0,0,1182,A
8-NS,416,1182,0,0,0,1182,A
8-NS,417,1,1178,0,0,1179,T
8-NS,418,3,0,0,1191,1194,C
8-NS,419,0,4,1190,0,1194,G
8-NS,420,1247,1,1,0,1249,A
8-NS,421,1,0,0,1257,1258,C
8-NS,422,0,1258,0,0,1258,T
8-NS,423,1268,0,0,0,1268,A
8-NS,424,0,1,1268,0,1269,G
8-NS,425,1264,0,3,0,1267,A
8-NS,426,0,5,1276,0,1281,G
8-NS,427,1277,0,0,0,1277,A
8-NS,428,0,1,0,1316,1317,C
8-NS,429,2,0,0,1282,1284,C
8-NS,430,1266,0,1,0,1267,A
8-NS,431,0,1338,0,0,1338,T
8-NS,432,1324,0,1,0,1325,A
8-NS,433,1,1,1427,0,1429,G
8-NS,434,0,1420,0,1,1421,T
8-NS,435,1409,0,2,0,1411,A
8-NS,436,0,1406,0,3,1409,T
8-NS,437,0,1356,0,5,1361,T
8-NS,438,1417,0,0,0,1417,A
8-NS,439,3,0,0,1413,1416,C
8-NS,440,0,1333,0,2,1335,T
8-NS,441,1330,0,0,0,1330,A
8-NS,442,1225,1,0,1,1227,A
8-NS,443,0,4,1230,0,1234,G
8-NS,444,0,1,1222,1,1224,G
8-NS,445,0,1,1226,0,1227,G
8-NS,446,2,0,0,1218,1220,C
8-NS,447,0,1183,0,0,1183,T
8-NS,448,0,1180,0,0,1180,T
8-NS,449,0,1198,0,0,1198,T
8-NS,450,3,1,0,1202,1206,C
8-NS,451,1214,0,1,0,1215,A
8-NS,452,0,1,0,1220,1221,C
8-NS,453,2,0,0,1208,1210,C
8-NS,454,0,2,1211,0,1213,G
8-NS,455,1210,0,1,0,1211,A
8-NS,456,1204,2,1,0,1207,A
8-NS,457,0,0,1213,0,1213,G
8-NS,458,1194,0,1,0,1195,A
8-NS,459,4,2,1192,0,1198,G
8-NS,460,0,0,1183,1,1184,G
8-NS,461,0,5,1191,0,1196,G
8-NS,462,1189,0,3,0,1192,A
8-NS,463,0,1,1193,0,1194,G
8-NS,464,1,0,0,1191,1192,C
8-NS,465,1185,2,2,0,1189,A
8-NS,466,1188,0,1,1,1190,A
8-NS,467,0,1188,0,0,1188,T
8-NS,468,0,1186,0,1,1187,T
8-NS,469,0,0,1189,0,1189,G
8-NS,470,0,1172,0,0,1172,T
8-NS,471,0,1168,0,0,1168,T
8-NS,472,1,3,1161,0,1165,G
8-NS,473,1,1,1162,0,1164,G
8-NS,474,0,0,0,1166,1166,C
8-NS,475,1,2,1165,0,1168,G
8-NS,476,1170,0,0,0,1170,A
8-NS,477,1175,0,0,0,1175,A
8-NS,478,1179,0,1,0,1180,A
8-NS,479,0,1181,0,0,1181,T
8-NS,480,1,1,0,1183,1185,C
8-NS,481,0,1173,0,2,1175,T
8-NS,482,6,0,0,1174,1180,C
8-NS,483,1180,0,3,1,1184,A
8-NS,484,1,0,0,1192,1193,C
8-NS,485,3,0,0,1187,1190,C
8-NS,486,1184,0,0,0,1184,A
8-NS,487,1,1178,0,0,1179,T
8-NS,488,0,1163,0,2,1165,T
8-NS,489,1,1,1165,0,1167,G
8-NS,490,1,0,0,1167,1168,C
8-NS,491,2,0,1,1161,1164,C
8-NS,492,0,1165,0,1,1166,T
8-NS,493,0,1160,0,1,1161,T
8-NS,494,1,3,0,1171,1175,C
8-NS,495,1,1168,0,0,1169,T
8-NS,496,0,1172,0,0,1172,T
8-NS,497,0,1186,0,0,1186,T
8-NS,498,0,1181,0,2,1183,T
8-NS,499,4,0,0,1179,1183,C
8-NS,500,1,0,0,1177,1178,C
8-NS,501,1173,0,2,0,1175,A
8-NS,502,0,1,1186,0,1187,G
8-NS,503,1,3,1177,0,1181,G
8-NS,504,1203,0,3,0,1206,A
8-NS,505,1,0,0,1205,1206,C
8-NS,506,1220,0,0,0,1220,A
8-NS,507,1,1223,0,3,1227,T
8-NS,508,1229,0,1,0,1230,A
8-NS,509,1,1,0,1309,1311,C
8-NS,510,0,1305,0,2,1307,T
8-NS,511,1298,0,0,0,1298,A
8-NS,512,0,1296,0,0,1296,T
8-NS,513,0,1253,0,1,1254,T
8-NS,514,1,1,1254,0,1256,G
8-NS,515,1213,0,4,0,1217,A
8-NS,516,0,0,1215,0,1215,G
8-NS,517,0,1,1214,0,1215,G
8-NS,518,1099,0,3,0,1102,A
8-NS,519,0,1102,0,0,1102,T
8-NS,520,0,1,1097,0,1098,G
8-NS,521,0,1098,0,3,1101,T
8-NS,522,1,0,0,1105,1106,C
8-NS,523,1104,0,0,0,1104,A
8-NS,524,1108,0,0,0,1108,A
8-NS,525,1105,0,0,0,1105,A
8-NS,526,1099,0,0,0,1099,A
8-NS,527,1103,0,0,0,1103,A
8-NS,528,0,1100,0,0,1100,T
8-NS,529,1,0,1097,0,1098,G
8-NS,530,0,0,0,1109,1109,C
8-NS,531,1106,0,1,0,1107,A
8-NS,532,1115,0,0,0,1115,A
8-NS,533,0,1114,0,0,1114,T
8-NS,534,0,1114,1,0,1115,T
8-NS,535,1,1,1106,0,1108,G
8-NS,536,0,0,1104,0,1104,G
8-NS,537,0,2,1105,0,1107,G
8-NS,538,1,3,1114,0,1118,G
8-NS,539,0,1093,0,0,1093,T
8-NS,540,0,0,0,1105,1105,C
8-NS,541,2,0,0,1101,1103,C
8-NS,542,1,1092,0,1,1094,T
8-NS,543,0,0,0,1099,1099,C
8-NS,544,1094,1,2,0,1097,A
8-NS,545,1,1106,0,1,1108,T
8-NS,546,0,1,0,1105,1106,C
8-NS,547,2,1,1088,0,1091,G
8-NS,548,1,0,1093,0,1094,G
8-NS,549,1076,0,0,0,1076,A
8-NS,550,1,4,1074,0,1079,G
8-NS,551,0,6,1078,0,1084,G
8-NS,552,1067,0,0,0,1067,A
8-NS,553,0,0,0,1079,1079,C
8-NS,554,0,1068,0,0,1068,T
8-NS,555,0,1068,0,0,1068,T
8-NS,556,1,1,1074,0,1076,G
8-NS,557,1074,0,2,0,1076,A
8-NS,558,1073,0,2,0,1075,A
8-NS,559,0,1069,0,2,1071,T
8-NS,560,1,1,1045,0,1047,G
8-NS,561,1,2,1056,0,1059,G
8-NS,562,1043,0,0,0,1043,A
8-NS,563,1050,1,0,0,1051,A
8-NS,564,0,1100,0,0,1100,T
8-NS,565,0,1,1118,0,1119,G
8-NS,566,1118,0,1,0,1119,A
8-NS,567,0,1114,0,4,1118,T
8-NS,568,1115,0,3,0,1118,A
8-NS,569,1117,0,3,0,1120,A
8-NS,570,0,0,0,1110,1110,C
8-NS,571,1084,0,0,0,1084,A
8-NS,572,0,2,0,1088,1090,C
8-NS,573,1003,0,0,0,1003,A
8-NS,574,0,0,1020,0,1020,G
8-NS,575,0,1002,0,1,1003,T
8-NS,576,0,1001,0,2,1003,T
8-NS,577,8,0,0,993,1001,C
8-NS,578,0,4,997,0,1001,G
8-NS,579,995,1,0,0,996,A
8-NS,580,0,0,997,0,997,G
8-NS,581,0,979,0,0,979,T
8-NS,582,7,0,0,984,991,C
8-NS,583,1,967,0,1,969,T
8-NS,584,3,3,0,973,979,C
8-NS,585,0,985,0,3,988,T
8-NS,586,988,0,0,0,988,A
8-NS,587,986,1,0,0,987,A
8-NS,588,986,0,1,1,988,A
8-NS,589,1001,0,1,0,1002,A
8-NS,590,998,0,0,0,998,A
8-NS,591,0,987,0,0,987,T
8-NS,592,0,0,0,998,998,C
8-NS,593,0,980,0,0,980,T
8-NS,594,989,0,0,0,989,A
8-NS,595,1,0,0,989,990,C
8-NS,596,986,1,1,0,988,A
8-NS,597,0,4,987,0,991,G
8-NS,598,966,0,0,0,966,A
8-NS,599,8,5,960,0,973,G
8-NS,600,971,0,1,0,972,A
8-NS,601,1,958,0,2,961,T
8-NS,602,0,960,0,1,961,T
8-NS,603,6,0,0,954,960,C
8-NS,604,1,1,961,0,963,G
8-NS,605,0,0,0,961,961,C
8-NS,606,0,957,0,1,958,T
8-NS,607,0,962,0,0,962,T
8-NS,608,0,1,958,0,959,G
8-NS,609,0,2,961,0,963,G
8-NS,610,961,0,1,0,962,A
8-NS,611,0,1,959,0,960,G
8-NS,612,951,0,0,0,951,A
8-NS,613,948,0,2,0,950,A
8-NS,614,3,0,958,0,961,G
8-NS,615,1,0,0,960,961,C
8-NS,616,964,0,0,0,964,A
8-NS,617,0,1,984,0,985,G
8-NS,618,0,974,0,1,975,T
8-NS,619,985,0,1,0,986,A
8-NS,620,986,1,0,0,987,A
8-NS,621,1,978,3,0,982,T
8-NS,622,0,3,988,0,991,G
8-NS,623,941,0,3,0,944,A
8-NS,624,0,2,955,0,957,G
8-NS,625,950,0,0,1,951,A
8-NS,626,926,0,1,0,927,A
8-NS,627,0,924,0,0,924,T
8-NS,628,0,0,916,1,917,G
8-NS,629,1,0,917,0,918,G
8-NS,630,0,1,910,0,911,G
8-NS,631,0,1,909,0,910,G
8-NS,632,0,1,913,0,914,G
8-NS,633,882,0,1,0,883,A
8-NS,634,1,1,0,887,889,C
8-NS,635,1,1,0,887,889,C
8-NS,636,0,861,0,2,863,T
8-NS,637,1,0,0,869,870,C
8-NS,638,1,0,0,872,873,C
8-NS,639,876,0,0,0,876,A
8-NS,640,1,0,0,878,879,C
8-NS,641,0,864,0,1,865,T
8-NS,642,0,863,0,0,863,T
8-NS,643,840,0,0,0,840,A
8-NS,644,0,1,0,846,847,C
8-NS,645,2,833,0,1,836,T
8-NS,646,3,0,0,837,840,C
8-NS,647,1,0,0,820,821,C
8-NS,648,825,0,0,0,825,A
8-NS,649,827,0,0,0,827,A
8-NS,650,828,0,0,0,828,A
8-NS,651,827,0,0,0,827,A
8-NS,652,0,1,0,829,830,C
8-NS,653,804,0,1,0,805,A
8-NS,654,0,2,805,0,807,G
8-NS,655,803,0,0,0,803,A
8-NS,656,799,0,1,0,800,A
8-NS,657,803,0,0,0,803,A
8-NS,658,1,1,0,804,806,C
8-NS,659,0,3,806,0,809,G
8-NS,660,0,2,805,0,807,G
8-NS,661,0,1,806,0,807,G
8-NS,662,808,0,0,1,809,A
8-NS,663,806,0,0,0,806,A
8-NS,664,804,1,1,0,806,A
8-NS,665,0,806,0,0,806,T
8-NS,666,1,0,812,0,813,G
8-NS,667,0,0,810,0,810,G
8-NS,668,5,2,0,796,803,C
8-NS,669,3,4,796,0,803,G
8-NS,670,801,0,1,0,802,A
8-NS,671,0,0,807,0,807,G
8-NS,672,805,0,1,0,806,A
8-NS,673,800,0,0,0,800,A
8-NS,674,0,0,0,806,806,C
8-NS,675,780,2,1,0,783,A
8-NS,676,0,0,782,0,782,G
8-NS,677,0,0,0,783,783,C
8-NS,678,0,776,0,0,776,T
8-NS,679,776,0,0,0,776,A
8-NS,680,0,2,772,0,774,G
8-NS,681,0,0,779,0,779,G
8-NS,682,0,773,0,2,775,T
8-NS,683,3,0,0,759,762,C
8-NS,684,767,0,0,0,767,A
8-NS,685,763,0,0,0,763,A
8-NS,686,764,0,0,0,764,A
8-NS,687,762,0,1,0,763,A
8-NS,688,0,0,767,0,767,G
8-NS,689,0,740,0,1,741,T
8-NS,690,0,736,0,0,736,T
8-NS,691,0,739,0,0,739,T
8-NS,692,0,2,736,0,738,G
8-NS,693,738,1,0,0,739,A
8-NS,694,738,0,0,0,738,A
8-NS,695,0,3,734,0,737,G
8-NS,696,731,0,0,0,731,A
8-NS,697,729,0,0,0,729,A
8-NS,698,743,0,0,0,743,A
8-NS,699,1,742,0,0,743,T
8-NS,700,745,0,0,0,745,A
8-NS,701,740,0,1,0,741,A
8-NS,702,0,0,740,0,740,G
8-NS,703,707,0,1,0,708,A
8-NS,704,0,706,0,0,706,T
8-NS,705,0,1,711,0,712,G
8-NS,706,0,0,715,0,715,G
8-NS,707,0,1,0,709,710,C
8-NS,708,0,700,0,2,702,T
8-NS,709,709,0,0,0,709,A
8-NS,710,708,1,0,0,709,A
8-NS,711,0,714,0,1,715,T
8-NS,712,0,710,0,1,711,T
8-NS,713,0,0,716,0,716,G
8-NS,714,705,0,0,0,705,A
8-NS,715,701,1,1,0,703,A
8-NS,716,0,0,708,0,708,G
8-NS,717,708,0,1,0,709,A
8-NS,718,695,0,0,0,695,A
8-NS,719,0,0,706,0,706,G
8-NS,720,0,686,0,1,687,T
8-NS,721,0,1,687,0,688,G
8-NS,722,684,0,0,0,684,A
8-NS,723,0,4,682,0,686,G
8-NS,724,684,0,2,0,686,A
8-NS,725,0,0,0,682,682,C
8-NS,726,676,0,1,0,677,A
8-NS,727,0,0,0,675,675,C
8-NS,728,632,0,0,0,632,A
8-NS,729,2,1,649,0,652,G
8-NS,730,649,0,2,0,651,A
8-NS,731,0,644,0,1,645,T
8-NS,732,0,634,0,0,634,T
8-NS,733,632,0,0,0,632,A
8-NS,734,630,0,1,0,631,A
8-NS,735,632,0,0,0,632,A
8-NS,736,623,0,3,1,627,A
8-NS,737,627,0,0,0,627,A
8-NS,738,0,0,0,608,608,C
8-NS,739,568,0,0,0,568,A
8-NS,740,578,0,0,0,578,A
8-NS,741,1,0,0,575,576,C
8-NS,742,0,576,0,0,576,T
8-NS,743,1,1,577,0,579,G
8-NS,744,578,0,0,0,578,A
8-NS,745,581,0,0,0,581,A
8-NS,746,578,0,1,0,579,A
8-NS,747,571,0,0,0,571,A
8-NS,748,0,568,0,1,569,T
8-NS,749,559,0,1,0,560,A
8-NS,750,0,0,559,0,559,G
8-NS,751,0,0,0,559,559,C
8-NS,752,0,548,0,1,549,T
8-NS,753,0,546,0,1,547,T
8-NS,754,0,545,0,0,545,T
8-NS,755,0,5,542,0,547,G
8-NS,756,550,0,0,0,550,A
8-NS,757,549,0,1,0,550,A
8-NS,758,0,0,0,553,553,C
8-NS,759,533,0,0,0,533,A
8-NS,760,533,0,0,0,533,A
8-NS,761,535,0,0,0,535,A
8-NS,762,0,534,0,0,534,T
8-NS,763,532,0,0,0,532,A
8-NS,764,522,0,0,0,522,A
8-NS,765,0,0,0,521,521,C
8-NS,766,519,1,0,0,520,A
8-NS,767,0,507,0,0,507,T
8-NS,768,1,498,0,0,499,T
8-NS,769,2,0,0,493,495,C
8-NS,770,492,0,0,0,492,A
8-NS,771,0,491,0,0,491,T
8-NS,772,0,1,490,1,492,G
8-NS,773,1,0,0,477,478,C
8-NS,774,472,0,0,0,472,A
8-NS,775,473,0,1,0,474,A
8-NS,776,0,1,477,0,478,G
8-NS,777,0,0,0,484,484,C
8-NS,778,472,0,1,0,473,A
8-NS,779,0,476,0,0,476,T
8-NS,780,0,474,0,0,474,T
8-NS,781,475,0,0,0,475,A
8-NS,782,0,0,0,474,474,C
8-NS,783,465,0,0,0,465,A
8-NS,784,1,0,404,0,405,G
8-NS,785,1,0,0,404,405,C
8-NS,786,0,401,0,1,402,T
8-NS,787,1,0,403,0,404,G
8-NS,788,0,0,0,392,392,C
8-NS,789,1,386,0,0,387,T
8-NS,790,2,0,392,0,394,G
8-NS,791,1,382,1,0,384,T
8-NS,792,1,383,0,0,384,T
8-NS,793,0,382,0,0,382,T
8-NS,794,0,1,381,0,382,G
8-NS,795,382,0,0,0,382,A
8-NS,796,373,0,0,0,373,A
8-NS,797,0,0,374,0,374,G
8-NS,798,0,367,0,0,367,T
8-NS,799,0,1,345,0,346,G
8-NS,800,0,0,345,0,345,G
8-NS,801,343,0,0,0,343,A
8-NS,802,343,0,0,0,343,A
8-NS,803,0,0,0,342,342,C
8-NS,804,331,0,0,0,331,A
8-NS,805,0,0,333,0,333,G
8-NS,806,0,1,323,0,324,G
8-NS,807,319,0,2,0,321,A
8-NS,808,0,0,322,0,322,G
8-NS,809,273,0,0,0,273,A
8-NS,810,0,273,0,0,273,T
8-NS,811,268,0,1,0,269,A
8-NS,812,264,0,1,0,265,A
8-NS,813,1,2,262,0,265,G
8-NS,814,236,0,0,0,236,A
8-NS,815,234,0,0,0,234,A
8-NS,816,1,0,0,230,231,C
8-NS,817,0,199,0,0,199,T
8-NS,818,0,191,0,0,191,T
8-NS,819,0,192,0,0,192,T
8-NS,820,1,0,0,190,191,C
8-NS,821,0,183,1,0,184,T
8-NS,822,1,0,0,176,177,C
8-NS,823,170,0,0,0,170,A
8-NS,824,0,170,0,0,170,T
8-NS,825,0,164,0,0,164,T
8-NS,826,0,162,0,1,163,T
8-NS,827,0,0,0,161,161,C
8-NS,828,155,0,0,0,155,A
8-NS,829,0,0,155,0,155,G
8-NS,830,0,0,0,155,155,C
8-NS,831,0,143,0,0,143,T
8-NS,832,0,142,0,1,143,T
8-NS,833,141,0,0,0,141,A
8-NS,834,0,141,0,0,141,T
8-NS,835,0,141,0,0,141,T
8-NS,836,0,141,0,0,141,T
8-NS,837,133,0,0,0,133,A
8-NS,838,131,0,0,0,131,A
8-NS,839,0,127,0,0,127,T
8-NS,840,0,0,127,0,127,G
8-NS,841,120,0,0,0,120,A
8-NS,842,0,106,0,0,106,T
8-NS,843,103,0,0,0,103,A
8-NS,844,103,0,0,0,103,A
8-NS,845,103,0,0,0,103,A
8-NS,846,103,0,0,0,103,A
8-NS,847,101,0,1,0,102,A
8-NS,848,102,0,0,0,102,A
8-NS,849,0,0,0,102,102,C
8-NS,850,84,0,0,0,84,A
8-NS,851,0,0,0,84,84,C
8-NS,852,0,0,0,79,79,C
8-NS,853,1,0,0,75,76,C
8-NS,854,0,75,0,0,75,T
8-NS,855,0,72,0,0,72,T
8-NS,856,2,0,71,0,73,G
8-NS,857,0,70,0,0,70,T
8-NS,858,0,69,0,0,69,T
8-NS,859,0,66,0,0,66,T
8-NS,860,0,0,0,26,26,C
8-NS,861,0,16,0,0,16,T
8-NS,862,13,0,0,0,13,A
8-NS,863,0,0,0,13,13,C
