Gene,Position,A,T,G,C,Coverage,Consensus
1-PB2,1,393,0,0,0,393,A
1-PB2,2,0,396,0,0,396,T
1-PB2,3,0,0,408,0,408,G
1-PB2,4,0,1,414,0,415,G
1-PB2,5,415,0,0,0,415,A
1-PB2,6,414,0,0,0,414,A
1-PB2,7,416,0,1,0,417,A
1-PB2,8,0,1,458,0,459,G
1-PB2,9,465,0,0,0,465,A
1-PB2,10,469,0,0,0,469,A
1-PB2,11,0,480,0,0,480,T
1-PB2,12,479,0,0,0,479,A
1-PB2,13,480,1,0,0,481,A
1-PB2,14,483,0,0,0,483,A
1-PB2,15,483,0,0,0,483,A
1-PB2,16,0,1,497,0,498,G
1-PB2,17,498,0,0,0,498,A
1-PB2,18,496,0,0,0,496,A
1-PB2,19,0,0,0,509,509,C
1-PB2,20,0,509,0,0,509,T
1-PB2,21,514,0,0,0,514,A
1-PB2,22,0,0,0,513,513,C
1-PB2,23,1,0,512,0,513,G
1-PB2,24,0,0,520,0,520,G
1-PB2,25,521,0,0,0,521,A
1-PB2,26,534,0,0,0,534,A
1-PB2,27,0,536,0,0,536,T
1-PB2,28,0,0,0,540,540,C
1-PB2,29,0,540,0,0,540,T
1-PB2,30,0,0,540,0,540,G
1-PB2,31,539,0,0,0,539,A
1-PB2,32,0,542,0,1,543,T
1-PB2,33,0,0,543,0,543,G
1-PB2,34,0,550,0,0,550,T
1-PB2,35,0,1,0,549,550,C
1-PB2,36,1,0,549,0,550,G
1-PB2,37,0,0,0,547,547,C
1-PB2,38,548,0,0,0,548,A
1-PB2,39,0,0,572,0,572,G
1-PB2,40,0,574,0,0,574,T
1-PB2,41,0,0,0,577,577,C
1-PB2,42,0,577,0,1,578,T
1-PB2,43,0,0,0,579,579,C
1-PB2,44,0,0,579,0,579,G
1-PB2,45,1,0,0,577,578,C
1-PB2,46,580,0,0,0,580,A
1-PB2,47,0,0,0,584,584,C
1-PB2,48,0,579,0,1,580,T
1-PB2,49,0,0,0,594,594,C
1-PB2,50,0,0,596,0,596,G
1-PB2,51,0,0,0,597,597,C
1-PB2,52,0,0,598,0,598,G
1-PB2,53,597,0,1,0,598,A
1-PB2,54,0,1,600,0,601,G
1-PB2,55,610,0,2,0,612,A
1-PB2,56,0,610,0,0,610,T
1-PB2,57,611,0,0,0,611,A
1-PB2,58,0,0,0,612,612,C
1-PB2,59,0,608,0,0,608,T
1-PB2,60,0,1,615,0,616,G
1-PB2,61,620,0,0,0,620,A
1-PB2,62,0,0,0,624,624,C
1-PB2,63,623,0,0,0,623,A
1-PB2,64,622,0,0,0,622,A
1-PB2,65,628,0,1,1,630,A
1-PB2,66,640,0,0,0,640,A
1-PB2,67,643,0,0,0,643,A
1-PB2,68,0,0,0,647,647,C
1-PB2,69,0,0,0,644,644,C
1-PB2,70,655,0,1,0,656,A
1-PB2,71,0,0,0,666,666,C
1-PB2,72,662,0,0,0,662,A
1-PB2,73,0,0,681,0,681,G
1-PB2,74,0,680,0,0,680,T
1-PB2,75,0,0,707,0,707,G
1-PB2,76,0,1,710,0,711,G
1-PB2,77,710,0,1,0,711,A
1-PB2,78,0,0,0,758,758,C
1-PB2,79,1,1,0,752,754,C
1-PB2,80,765,0,0,0,765,A
1-PB2,81,0,763,0,0,763,T
1-PB2,82,757,0,1,0,758,A
1-PB2,83,0,757,0,0,757,T
1-PB2,84,0,1,759,0,760,G
1-PB2,85,0,0,768,0,768,G
1-PB2,86,0,0,0,769,769,C
1-PB2,87,0,0,1,758,759,C
1-PB2,88,760,0,0,0,760,A
1-PB2,89,1,804,0,0,805,T
1-PB2,90,808,0,0,0,808,A
1-PB2,91,845,0,0,0,845,A
1-PB2,92,0,846,0,0,846,T
1-PB2,93,0,841,0,0,841,T
1-PB2,94,843,0,0,0,843,A
1-PB2,95,840,0,2,1,843,A
1-PB2,96,0,0,866,0,866,G
1-PB2,97,860,0,1,0,861,A
1-PB2,98,846,0,2,0,848,A
1-PB2,99,0,0,891,0,891,G
1-PB2,100,0,885,0,0,885,T
1-PB2,101,881,0,3,0,884,A
1-PB2,102,0,2,0,887,889,C
1-PB2,103,885,1,1,0,887,A
1-PB2,104,0,0,0,913,913,C
1-PB2,105,908,0,0,0,908,A
1-PB2,106,0,908,0,0,908,T
1-PB2,107,0,0,0,911,911,C
1-PB2,108,0,2,896,0,898,G
1-PB2,109,0,1,902,0,903,G
1-PB2,110,0,0,902,0,902,G
1-PB2,111,0,2,899,0,901,G
1-PB2,112,896,0,2,0,898,A
1-PB2,113,0,2,894,0,896,G
1-PB2,114,896,0,0,0,896,A
1-PB2,115,0,0,0,903,903,C
1-PB2,116,903,0,0,0,903,A
1-PB2,117,0,1,914,0,915,G
1-PB2,118,0,1,934,0,935,G
1-PB2,119,936,0,2,0,938,A
1-PB2,120,939,0,0,0,939,A
1-PB2,121,939,0,2,0,941,A
1-PB2,122,940,0,2,0,942,A
1-PB2,123,1,0,941,0,942,G
1-PB2,124,932,0,0,0,932,A
1-PB2,125,935,0,1,0,936,A
1-PB2,126,0,0,0,936,936,C
1-PB2,127,0,0,0,932,932,C
1-PB2,128,1,0,0,931,932,C
1-PB2,129,0,0,935,0,935,G
1-PB2,130,0,936,0,1,937,T
1-PB2,131,1,1,0,939,941,C
1-PB2,132,947,0,0,0,947,A
1-PB2,133,1,1,0,947,949,C
1-PB2,134,0,945,0,1,946,T
1-PB2,135,0,950,0,0,950,T
1-PB2,136,945,0,2,0,947,A
1-PB2,137,0,0,964,1,965,G
1-PB2,138,0,1,962,0,963,G
1-PB2,139,958,0,3,0,961,A
1-PB2,140,0,957,0,0,957,T
1-PB2,141,1,0,975,0,976,G
1-PB2,142,994,0,0,0,994,A
1-PB2,143,989,0,2,0,991,A
1-PB2,144,995,0,1,0,996,A
1-PB2,145,0,993,0,1,994,T
1-PB2,146,2,0,993,0,995,G
1-PB2,147,0,0,1009,0,1009,G
1-PB2,148,1009,0,2,0,1011,A
1-PB2,149,0,1009,0,0,1009,T
1-PB2,150,0,0,1008,0,1008,G
1-PB2,151,1001,1,1,0,1003,A
1-PB2,152,0,1007,0,2,1009,T
1-PB2,153,0,0,1009,0,1009,G
1-PB2,154,0,0,1007,1,1008,G
1-PB2,155,0,0,0,1009,1009,C
1-PB2,156,995,2,0,0,997,A
1-PB2,157,1008,0,1,0,1009,A
1-PB2,158,0,1010,0,2,1012,T
1-PB2,159,0,1,1041,0,1042,G
1-PB2,160,1041,0,1,0,1042,A
1-PB2,161,1031,1,3,0,1035,A
1-PB2,162,1034,0,4,1,1039,A
1-PB2,163,0,1048,0,0,1048,T
1-PB2,164,1048,1,1,0,1050,A
1-PB2,165,1,0,0,1063,1064,C
1-PB2,166,1,0,0,1060,1061,C
1-PB2,167,1,3,0,1056,1060,C
1-PB2,168,1060,1,1,0,1062,A
1-PB2,169,1061,0,0,0,1061,A
1-PB2,170,0,1060,0,0,1060,T
1-PB2,171,2,0,0,1056,1058,C
1-PB2,172,1053,0,1,0,1054,A
1-PB2,173,0,0,0,1068,1068,C
1-PB2,174,0,1061,0,1,1062,T
1-PB2,175,0,0,1061,0,1061,G
1-PB2,176,0,0,0,1063,1063,C
1-PB2,177,0,1058,0,1,1059,T
1-PB2,178,0,3,1061,0,1064,G
1-PB2,179,1066,0,1,0,1067,A
1-PB2,180,0,0,0,1080,1080,C
1-PB2,181,1077,0,0,0,1077,A
1-PB2,182,1071,0,0,0,1071,A
1-PB2,183,1070,0,0,0,1070,A
1-PB2,184,1065,0,2,0,1067,A
1-PB2,185,1,3,1085,0,1089,G
1-PB2,186,0,0,1087,0,1087,G
1-PB2,187,1081,0,1,0,1082,A
1-PB2,188,0,1084,0,0,1084,T
1-PB2,189,1080,0,2,0,1082,A
1-PB2,190,1095,0,3,0,1098,A
1-PB2,191,0,1,0,1116,1117,C
1-PB2,192,1115,0,0,0,1115,A
1-PB2,193,0,0,1120,0,1120,G
1-PB2,194,1108,0,2,0,1110,A
1-PB2,195,1108,0,1,0,1109,A
1-PB2,196,1104,0,1,0,1105,A
1-PB2,197,0,1104,0,0,1104,T
1-PB2,198,0,0,1107,0,1107,G
1-PB2,199,0,0,1124,0,1124,G
1-PB2,200,0,1111,0,0,1111,T
1-PB2,201,0,1113,0,0,1113,T
1-PB2,202,3,0,0,1104,1107,C
1-PB2,203,0,1,0,1110,1111,C
1-PB2,204,2,0,1111,0,1113,G
1-PB2,205,0,0,1113,0,1113,G
1-PB2,206,1114,0,0,0,1114,A
1-PB2,207,0,1,1113,0,1114,G
1-PB2,208,1107,0,1,0,1108,A
1-PB2,209,0,1,1126,0,1127,G
1-PB2,210,1128,0,2,1,1131,A
1-PB2,211,1133,0,0,0,1133,A
1-PB2,212,1132,0,2,0,1134,A
1-PB2,213,0,1134,0,1,1135,T
1-PB2,214,0,1,1140,0,1141,G
1-PB2,215,1144,0,1,0,1145,A
1-PB2,216,1143,0,0,0,1143,A
1-PB2,217,0,0,0,1137,1137,C
1-PB2,218,1133,0,0,1,1134,A
1-PB2,219,1136,0,1,0,1137,A
1-PB2,220,0,1,1161,0,1162,G
1-PB2,221,1,1,1175,0,1177,G
1-PB2,222,1177,0,1,0,1178,A
1-PB2,223,0,1,0,1168,1169,C
1-PB2,224,1160,0,2,0,1162,A
1-PB2,225,1166,0,1,0,1167,A
1-PB2,226,1161,0,1,0,1162,A
1-PB2,227,0,0,0,1158,1158,C
1-PB2,228,2,0,1,1119,1122,C
1-PB2,229,1,0,0,1209,1210,C
1-PB2,230,0,1206,0,0,1206,T
1-PB2,231,1216,0,0,0,1216,A
1-PB2,232,0,1213,1,0,1214,T
1-PB2,233,1,0,1220,0,1221,G
1-PB2,234,1,1,1253,0,1255,G
1-PB2,235,1194,0,2,0,1196,A
1-PB2,236,0,0,1202,0,1202,G
1-PB2,237,1,1197,0,0,1198,T
1-PB2,238,1189,0,0,0,1189,A
1-PB2,239,1190,0,2,0,1192,A
1-PB2,240,1188,0,0,0,1188,A
1-PB2,241,1192,0,1,0,1193,A
1-PB2,242,0,1181,0,2,1183,T
1-PB2,243,1,3,1168,0,1172,G
1-PB2,244,1149,0,2,0,1151,A
1-PB2,245,0,0,1166,0,1166,G
1-PB2,246,0,1150,1,3,1154,T
1-PB2,247,1,1,1150,0,1152,G
1-PB2,248,1164,0,5,0,1169,A
1-PB2,249,0,1179,0,0,1179,T
1-PB2,250,1,0,1178,0,1179,G
1-PB2,251,0,0,1,1175,1176,C
1-PB2,252,0,1175,1,1,1177,T
1-PB2,253,1,0,1207,0,1208,G
1-PB2,254,0,2,1210,0,1212,G
1-PB2,255,1225,0,2,0,1227,A
1-PB2,256,0,1223,0,1,1224,T
1-PB2,257,0,0,0,1212,1212,C
1-PB2,258,1215,1,0,0,1216,A
1-PB2,259,0,1,1255,0,1256,G
1-PB2,260,1254,0,1,0,1255,A
1-PB2,261,0,1255,0,1,1256,T
1-PB2,262,1234,1,1,0,1236,A
1-PB2,263,1,2,1267,0,1270,G
1-PB2,264,1258,1,2,0,1261,A
1-PB2,265,1,0,1279,0,1280,G
1-PB2,266,0,1263,0,0,1263,T
1-PB2,267,0,1,1253,0,1254,G
1-PB2,268,1228,0,3,0,1231,A
1-PB2,269,0,1236,0,0,1236,T
1-PB2,270,0,4,1254,0,1258,G
1-PB2,271,1,0,1269,0,1270,G
1-PB2,272,1,1242,0,2,1245,T
1-PB2,273,1240,0,0,0,1240,A
1-PB2,274,0,1221,0,3,1224,T
1-PB2,275,1,0,0,1224,1225,C
1-PB2,276,1244,0,0,0,1244,A
1-PB2,277,0,0,0,1263,1263,C
1-PB2,278,1,1,0,1263,1265,C
1-PB2,279,0,1237,1,2,1240,T
1-PB2,280,0,1226,0,0,1226,T
1-PB2,281,1,1230,0,0,1231,T
1-PB2,282,0,1,1255,0,1256,G
1-PB2,283,0,0,1263,0,1263,G
1-PB2,284,1,1,0,1275,1277,C
1-PB2,285,0,1256,0,4,1260,T
1-PB2,286,7,0,1249,0,1256,G
1-PB2,287,0,1258,0,3,1261,T
1-PB2,288,1262,0,0,0,1262,A
1-PB2,289,1268,0,1,0,1269,A
1-PB2,290,0,0,0,1261,1261,C
1-PB2,291,1237,1,4,0,1242,A
1-PB2,292,1,1237,0,0,1238,T
1-PB2,293,0,1,1226,0,1227,G
1-PB2,294,0,0,1257,0,1257,G
1-PB2,295,0,1244,0,1,1245,T
1-PB2,296,0,1,1242,0,1243,G
1-PB2,297,0,4,1258,0,1262,G
1-PB2,298,1254,0,5,0,1259,A
1-PB2,299,1260,0,3,0,1263,A
1-PB2,300,0,1263,0,0,1263,T
1-PB2,301,1261,0,0,0,1261,A
1-PB2,302,0,2,1290,0,1292,G
1-PB2,303,1279,0,0,0,1279,A
1-PB2,304,1284,0,0,0,1284,A
1-PB2,305,1283,0,1,0,1284,A
1-PB2,306,0,1261,0,1,1262,T
1-PB2,307,1,0,1255,0,1256,G
1-PB2,308,0,6,1247,1,1254,G
1-PB2,309,1261,0,2,0,1263,A
1-PB2,310,0,0,0,1263,1263,C
1-PB2,311,1,1,0,1233,1235,C
1-PB2,312,1,1,0,1231,1233,C
1-PB2,313,3,0,1238,1,1242,G
1-PB2,314,1,1240,0,0,1241,T
1-PB2,315,0,2,1264,0,1266,G
1-PB2,316,1262,2,1,0,1265,A
1-PB2,317,0,0,0,1262,1262,C
1-PB2,318,1263,0,1,0,1264,A
1-PB2,319,1261,0,1,0,1262,A
1-PB2,320,0,1,1284,0,1285,G
1-PB2,321,1,1280,0,1,1282,T
1-PB2,322,1277,1,1,0,1279,A
1-PB2,323,0,1,0,1272,1273,C
1-PB2,324,0,2,1256,0,1258,G
1-PB2,325,0,0,1303,0,1303,G
1-PB2,326,0,1294,0,2,1296,T
1-PB2,327,2,0,0,1311,1313,C
1-PB2,328,0,1,0,1314,1315,C
1-PB2,329,1286,0,1,0,1287,A
1-PB2,330,0,1289,0,3,1292,T
1-PB2,331,0,1291,0,0,1291,T
1-PB2,332,1348,0,1,0,1349,A
1-PB2,333,0,0,0,1347,1347,C
1-PB2,334,2,1,0,1300,1303,C
1-PB2,335,0,0,0,1301,1301,C
1-PB2,336,1286,0,0,0,1286,A
1-PB2,337,1296,0,2,0,1298,A
1-PB2,338,1294,0,0,1,1295,A
1-PB2,339,1295,1,0,0,1296,A
1-PB2,340,0,0,1313,0,1313,G
1-PB2,341,0,1250,0,0,1250,T
1-PB2,342,0,1,1280,0,1281,G
1-PB2,343,1,1275,0,2,1278,T
1-PB2,344,1276,1,0,0,1277,A
1-PB2,345,0,1,0,1278,1279,C
1-PB2,346,1275,0,1,0,1276,A
1-PB2,347,1282,0,1,0,1283,A
1-PB2,348,1,1,1294,0,1296,G
1-PB2,349,1282,0,1,0,1283,A
1-PB2,350,0,0,0,1283,1283,C
1-PB2,351,0,1258,0,0,1258,T
1-PB2,352,0,1277,1,0,1278,T
1-PB2,353,1280,0,2,0,1282,A
1-PB2,354,0,1279,0,0,1279,T
1-PB2,355,0,1278,0,1,1279,T
1-PB2,356,0,1276,0,0,1276,T
1-PB2,357,1,0,1,1259,1261,C
1-PB2,358,0,4,1254,0,1258,G
1-PB2,359,1255,1,1,0,1257,A
1-PB2,360,0,1,0,1255,1256,C
1-PB2,361,1242,1,1,0,1244,A
1-PB2,362,1242,0,0,0,1242,A
1-PB2,363,1242,0,4,0,1246,A
1-PB2,364,0,0,1272,0,1272,G
1-PB2,365,0,1273,1,0,1274,T
1-PB2,366,2,2,0,1267,1271,C
1-PB2,367,0,0,1274,0,1274,G
1-PB2,368,1269,0,2,0,1271,A
1-PB2,369,1270,1,0,0,1271,A
1-PB2,370,1264,0,5,0,1269,A
1-PB2,371,0,1,1325,0,1326,G
1-PB2,372,0,0,1333,0,1333,G
1-PB2,373,0,1311,0,2,1313,T
1-PB2,374,0,1314,1,1,1316,T
1-PB2,375,1314,0,1,1,1316,A
1-PB2,376,1316,0,0,0,1316,A
1-PB2,377,1319,0,0,0,1319,A
1-PB2,378,1331,0,4,0,1335,A
1-PB2,379,0,0,0,1344,1344,C
1-PB2,380,1306,0,1,0,1307,A
1-PB2,381,0,1301,0,0,1301,T
1-PB2,382,0,0,1295,0,1295,G
1-PB2,383,0,1,1290,0,1291,G
1-PB2,384,1297,0,1,0,1298,A
1-PB2,385,1300,0,3,0,1303,A
1-PB2,386,0,1,0,1336,1337,C
1-PB2,387,0,0,0,1347,1347,C
1-PB2,388,1,1334,0,2,1337,T
1-PB2,389,0,1340,0,0,1340,T
1-PB2,390,0,1336,0,2,1338,T
1-PB2,391,1,0,1330,0,1331,G
1-PB2,392,0,3,1337,0,1340,G
1-PB2,393,0,0,0,1340,1340,C
1-PB2,394,0,1,0,1328,1329,C
1-PB2,395,0,4,0,1321,1325,C
1-PB2,396,0,1285,2,2,1289,T
1-PB2,397,0,0,1307,0,1307,G
1-PB2,398,0,1302,0,2,1304,T
1-PB2,399,1,1302,1,0,1304,T
1-PB2,400,3,0,1,1303,1307,C
1-PB2,401,1295,0,1,0,1296,A
1-PB2,402,0,1301,0,0,1301,T
1-PB2,403,0,1295,0,1,1296,T
1-PB2,404,2,1292,1,3,1298,T
1-PB2,405,0,1303,1,0,1304,T
1-PB2,406,1288,0,1,0,1289,A
1-PB2,407,0,1,1287,0,1288,G
1-PB2,408,1287,0,1,0,1288,A
1-PB2,409,1285,0,2,0,1287,A
1-PB2,410,1289,0,2,0,1291,A
1-PB2,411,0,1282,1,2,1285,T
1-PB2,412,2,0,0,1284,1286,C
1-PB2,413,1285,0,1,0,1286,A
1-PB2,414,1296,0,1,0,1297,A
1-PB2,415,0,0,1302,0,1302,G
1-PB2,416,0,1297,1,0,1298,T
1-PB2,417,4,0,0,1300,1304,C
1-PB2,418,1306,1,2,0,1309,A
1-PB2,419,1309,0,1,0,1310,A
1-PB2,420,1,0,1310,0,1311,G
1-PB2,421,1316,0,1,0,1317,A
1-PB2,422,1,1309,0,1,1311,T
1-PB2,423,1321,0,1,0,1322,A
1-PB2,424,1,1,0,1315,1317,C
1-PB2,425,0,1,1315,0,1316,G
1-PB2,426,0,1,0,1321,1322,C
1-PB2,427,1309,0,3,0,1312,A
1-PB2,428,1,0,1329,0,1330,G
1-PB2,429,1323,0,2,0,1325,A
1-PB2,430,1331,0,4,0,1335,A
1-PB2,431,0,2,1355,0,1357,G
1-PB2,432,1327,1,5,0,1333,A
1-PB2,433,0,0,1334,1,1335,G
1-PB2,434,0,1332,0,0,1332,T
1-PB2,435,1322,0,1,0,1323,A
1-PB2,436,0,1,1345,0,1346,G
1-PB2,437,1346,1,2,0,1349,A
1-PB2,438,0,1,0,1393,1394,C
1-PB2,439,1380,0,1,0,1381,A
1-PB2,440,0,1362,0,0,1362,T
1-PB2,441,1360,1,2,0,1363,A
1-PB2,442,1367,0,2,0,1369,A
1-PB2,443,1383,0,1,0,1384,A
1-PB2,444,0,1,1,1389,1391,C
1-PB2,445,1,0,0,1364,1365,C
1-PB2,446,3,1,0,1344,1348,C
1-PB2,447,0,1259,0,3,1262,T
1-PB2,448,1,0,1265,1,1267,G
1-PB2,449,0,0,1291,0,1291,G
1-PB2,450,0,1289,0,3,1292,T
1-PB2,451,5,0,0,1288,1293,C
1-PB2,452,1296,1,2,0,1299,A
1-PB2,453,0,1295,0,3,1298,T
1-PB2,454,0,0,1304,0,1304,G
1-PB2,455,0,1,0,1307,1308,C
1-PB2,456,1298,0,2,0,1300,A
1-PB2,457,0,3,1296,0,1299,G
1-PB2,458,1281,1,1,0,1283,A
1-PB2,459,0,0,3,1292,1295,C
1-PB2,460,1,0,0,1290,1291,C
1-PB2,461,0,1273,0,3,1276,T
1-PB2,462,0,0,1,1277,1278,C
1-PB2,463,1263,0,3,0,1266,A
1-PB2,464,0,0,1286,0,1286,G
1-PB2,465,0,1285,0,1,1286,T
1-PB2,466,1,0,1283,0,1284,G
1-PB2,467,0,2,0,1278,1280,C
1-PB2,468,0,0,0,1263,1263,C
1-PB2,469,1259,0,1,1,1261,A
1-PB2,470,1260,0,0,0,1260,A
1-PB2,471,1259,0,0,0,1259,A
1-PB2,472,1,0,1264,0,1265,G
1-PB2,473,1231,0,1,0,1232,A
1-PB2,474,1,1,1235,0,1237,G
1-PB2,475,0,0,1242,0,1242,G
1-PB2,476,0,2,0,1243,1245,C
1-PB2,477,1240,1,1,1,1243,A
1-PB2,478,0,0,0,1250,1250,C
1-PB2,479,1248,0,1,0,1249,A
1-PB2,480,1272,0,2,0,1274,A
1-PB2,481,2,0,1296,0,1298,G
1-PB2,482,1323,0,1,0,1324,A
1-PB2,483,0,1305,0,0,1305,T
1-PB2,484,0,0,1309,0,1309,G
1-PB2,485,0,1302,0,0,1302,T
1-PB2,486,1300,0,2,0,1302,A
1-PB2,487,1298,0,2,0,1300,A
1-PB2,488,0,1294,0,1,1295,T
1-PB2,489,2,0,1,1201,1204,C
1-PB2,490,1220,0,0,0,1220,A
1-PB2,491,0,1221,0,0,1221,T
1-PB2,492,2,1,1218,0,1221,G
1-PB2,493,2,0,1222,0,1224,G
1-PB2,494,1223,0,1,0,1224,A
1-PB2,495,1214,0,0,0,1214,A
1-PB2,496,0,0,1216,0,1216,G
1-PB2,497,0,1218,0,0,1218,T
1-PB2,498,0,1213,0,0,1213,T
1-PB2,499,0,0,1227,0,1227,G
1-PB2,500,0,1218,1,1,1220,T
1-PB2,501,1,1218,0,1,1220,T
1-PB2,502,0,1214,0,4,1218,T
1-PB2,503,0,1209,0,3,1212,T
1-PB2,504,0,1217,0,0,1217,T
1-PB2,505,1,0,0,1212,1213,C
1-PB2,506,0,1,0,1211,1212,C
1-PB2,507,2,0,0,1210,1212,C
1-PB2,508,1209,0,3,0,1212,A
1-PB2,509,1215,0,2,0,1217,A
1-PB2,510,0,1220,0,0,1220,T
1-PB2,511,1,0,1224,0,1225,G
1-PB2,512,1223,0,1,1,1225,A
1-PB2,513,1223,0,2,0,1225,A
1-PB2,514,0,0,1233,0,1233,G
1-PB2,515,0,1227,0,0,1227,T
1-PB2,516,0,0,1227,0,1227,G
1-PB2,517,0,2,1220,0,1222,G
1-PB2,518,0,0,1225,0,1225,G
1-PB2,519,1228,1,3,0,1232,A
1-PB2,520,0,0,1220,0,1220,G
1-PB2,521,0,0,0,1230,1230,C
1-PB2,522,1,2,0,1228,1231,C
1-PB2,523,1220,1,4,0,1225,A
1-PB2,524,1,3,1253,0,1257,G
1-PB2,525,2,1,1259,0,1262,G
1-PB2,526,1278,0,0,0,1278,A
1-PB2,527,0,1271,1,1,1273,T
1-PB2,528,1265,0,2,0,1267,A
1-PB2,529,0,0,0,1265,1265,C
1-PB2,530,0,1252,0,1,1253,T
1-PB2,531,1253,0,1,0,1254,A
1-PB2,532,1256,0,1,0,1257,A
1-PB2,533,0,0,0,1275,1275,C
1-PB2,534,1245,0,1,0,1246,A
1-PB2,535,0,1235,0,0,1235,T
1-PB2,536,1,12,0,1223,1236,C
1-PB2,537,1224,0,0,0,1224,A
1-PB2,538,0,0,1236,0,1236,G
1-PB2,539,1235,0,0,0,1235,A
1-PB2,540,1232,0,0,1,1233,A
1-PB2,541,0,1223,0,2,1225,T
1-PB2,542,1,0,0,1197,1198,C
1-PB2,543,1204,0,0,0,1204,A
1-PB2,544,0,0,0,1226,1226,C
1-PB2,545,1227,0,1,0,1228,A
1-PB2,546,1235,0,0,0,1235,A
1-PB2,547,1,1216,1,2,1220,T
1-PB2,548,0,1222,0,2,1224,T
1-PB2,549,1229,0,1,0,1230,A
1-PB2,550,1234,1,3,0,1238,A
1-PB2,551,0,1,0,1244,1245,C
1-PB2,552,1241,0,0,0,1241,A
1-PB2,553,1230,0,0,0,1230,A
1-PB2,554,0,1248,0,1,1249,T
1-PB2,555,1235,0,1,1,1237,A
1-PB2,556,1237,0,0,0,1237,A
1-PB2,557,1,0,0,1239,1240,C
1-PB2,558,1,1240,0,0,1241,T
1-PB2,559,1236,0,0,0,1236,A
1-PB2,560,1228,0,0,0,1228,A
1-PB2,561,1227,1,0,0,1228,A
1-PB2,562,1,0,1230,0,1231,G
1-PB2,563,1206,0,2,0,1208,A
1-PB2,564,0,1,1221,0,1222,G
1-PB2,565,1216,0,2,0,1218,A
1-PB2,566,1222,0,1,0,1223,A
1-PB2,567,1221,1,1,0,1223,A
1-PB2,568,1222,0,0,0,1222,A
1-PB2,569,1231,0,2,0,1233,A
1-PB2,570,1230,1,0,0,1231,A
1-PB2,571,1,0,1234,0,1235,G
1-PB2,572,1231,0,1,0,1232,A
1-PB2,573,1221,0,2,0,1223,A
1-PB2,574,0,1,1236,0,1237,G
1-PB2,575,1231,0,1,1,1233,A
1-PB2,576,1235,1,1,0,1237,A
1-PB2,577,0,0,0,1252,1252,C
1-PB2,578,0,1236,0,2,1238,T
1-PB2,579,3,1,0,1235,1239,C
1-PB2,580,1,2,0,1236,1239,C
1-PB2,581,0,1,1237,0,1238,G
1-PB2,582,1237,0,1,0,1238,A
1-PB2,583,0,1,1234,0,1235,G
1-PB2,584,1234,0,0,0,1234,A
1-PB2,585,0,1228,0,0,1228,T
1-PB2,586,0,1220,0,1,1221,T
1-PB2,587,0,0,1221,0,1221,G
1-PB2,588,0,1,0,1215,1216,C
1-PB2,589,1222,0,0,0,1222,A
1-PB2,590,1226,0,0,0,1226,A
1-PB2,591,1224,0,0,0,1224,A
1-PB2,592,1235,0,0,0,1235,A
1-PB2,593,0,1231,0,0,1231,T
1-PB2,594,0,1227,1,1,1229,T
1-PB2,595,1,1225,0,1,1227,T
1-PB2,596,0,0,1,1227,1228,C
1-PB2,597,0,1226,0,0,1226,T
1-PB2,598,2,0,0,1291,1293,C
1-PB2,599,2,0,0,1290,1292,C
1-PB2,600,2,0,0,1351,1353,C
1-PB2,601,0,1345,0,3,1348,T
1-PB2,602,0,1359,0,0,1359,T
1-PB2,603,0,1,1362,0,1363,G
1-PB2,604,1366,0,0,0,1366,A
1-PB2,605,0,1386,0,2,1388,T
1-PB2,606,1,1,1400,0,1402,G
1-PB2,607,0,0,1496,0,1496,G
1-PB2,608,0,1518,0,3,1521,T
1-PB2,609,0,1511,0,2,1513,T
1-PB2,610,1,0,1598,0,1599,G
1-PB2,611,0,0,0,1600,1600,C
1-PB2,612,1627,1,2,0,1630,A
1-PB2,613,0,1625,0,0,1625,T
1-PB2,614,1632,0,0,0,1632,A
1-PB2,615,0,1,0,1677,1678,C
1-PB2,616,1798,0,0,3,1801,A
1-PB2,617,0,1828,0,2,1830,T
1-PB2,618,3,0,1922,0,1925,G
1-PB2,619,0,1896,0,6,1902,T
1-PB2,620,0,1904,0,2,1906,T
1-PB2,621,1899,1,1,0,1901,A
1-PB2,622,0,0,1904,0,1904,G
1-PB2,623,1916,0,3,0,1919,A
1-PB2,624,0,2,1945,0,1947,G
1-PB2,625,1849,0,3,0,1852,A
1-PB2,626,0,2,1857,0,1859,G
1-PB2,627,1827,2,4,0,1833,A
1-PB2,628,1,1,1835,0,1837,G
1-PB2,629,1839,0,4,0,1843,A
1-PB2,630,1840,0,3,0,1843,A
1-PB2,631,0,2,0,1842,1844,C
1-PB2,632,0,1832,0,3,1835,T
1-PB2,633,0,1831,0,0,1831,T
1-PB2,634,1,0,1822,1,1824,G
1-PB2,635,0,1828,0,0,1828,T
1-PB2,636,1831,0,0,0,1831,A
1-PB2,637,2,2,0,1820,1824,C
1-PB2,638,0,3,1814,0,1817,G
1-PB2,639,1818,0,0,0,1818,A
1-PB2,640,1804,0,1,0,1805,A
1-PB2,641,1824,0,2,0,1826,A
1-PB2,642,1834,0,0,0,1834,A
1-PB2,643,1829,3,2,0,1834,A
1-PB2,644,1,1,0,1838,1840,C
1-PB2,645,1841,1,0,0,1842,A
1-PB2,646,1839,0,2,0,1841,A
1-PB2,647,0,1,1861,0,1862,G
1-PB2,648,1866,0,1,0,1867,A
1-PB2,649,1,1860,0,3,1864,T
1-PB2,650,0,1855,0,2,1857,T
1-PB2,651,0,1855,1,3,1859,T
1-PB2,652,0,0,0,1857,1857,C
1-PB2,653,1,1862,1,5,1869,T
1-PB2,654,1,0,0,1865,1866,C
1-PB2,655,0,2,0,1854,1856,C
1-PB2,656,1,2,1,1860,1864,C
1-PB2,657,1865,0,1,0,1866,A
1-PB2,658,0,1,1882,0,1883,G
1-PB2,659,0,1873,0,2,1875,T
1-PB2,660,0,1878,0,0,1878,T
1-PB2,661,0,0,1869,0,1869,G
1-PB2,662,0,0,0,1865,1865,C
1-PB2,663,0,1864,0,2,1866,T
1-PB2,664,0,0,1868,0,1868,G
1-PB2,665,3,2,1861,0,1866,G
1-PB2,666,0,1,0,1868,1869,C
1-PB2,667,1,2,1863,1,1867,G
1-PB2,668,2,1,1887,1,1891,G
1-PB2,669,1903,0,1,0,1904,A
1-PB2,670,1899,0,4,0,1903,A
1-PB2,671,0,1,0,1906,1907,C
1-PB2,672,1914,0,0,0,1914,A
1-PB2,673,1911,0,1,0,1912,A
1-PB2,674,1,0,1988,0,1989,G
1-PB2,675,0,3,0,2029,2032,C
1-PB2,676,2042,0,1,0,2043,A
1-PB2,677,0,0,2436,0,2436,G
1-PB2,678,1,2425,0,2,2428,T
1-PB2,679,2446,1,1,0,2448,A
1-PB2,680,0,2439,0,2,2441,T
1-PB2,681,2449,0,2,0,2451,A
1-PB2,682,0,2445,0,2,2447,T
1-PB2,683,2396,0,0,0,2396,A
1-PB2,684,1,1,0,2420,2422,C
1-PB2,685,2307,0,0,0,2307,A
1-PB2,686,0,2174,0,0,2174,T
1-PB2,687,0,2092,0,2,2094,T
1-PB2,688,1,2,2092,0,2095,G
1-PB2,689,2097,1,0,0,2098,A
1-PB2,690,2083,0,2,0,2085,A
1-PB2,691,1,0,2115,0,2116,G
1-PB2,692,1,2091,0,4,2096,T
1-PB2,693,0,2083,0,0,2083,T
1-PB2,694,0,2081,0,1,2082,T
1-PB2,695,0,2084,1,0,2085,T
1-PB2,696,2103,1,4,0,2108,A
1-PB2,697,0,2,0,2110,2112,C
1-PB2,698,2117,1,0,0,2118,A
1-PB2,699,0,2110,1,1,2112,T
1-PB2,700,0,2094,0,2,2096,T
1-PB2,701,0,2095,0,1,2096,T
1-PB2,702,1,5,2120,0,2126,G
1-PB2,703,2131,1,1,0,2133,A
1-PB2,704,0,1,0,2145,2146,C
1-PB2,705,0,2125,0,5,2130,T
1-PB2,706,2,1,0,2128,2131,C
1-PB2,707,2125,0,2,1,2128,A
1-PB2,708,3,3,2115,0,2121,G
1-PB2,709,1,0,2155,0,2156,G
1-PB2,710,0,2,2165,0,2167,G
1-PB2,711,2167,0,4,0,2171,A
1-PB2,712,2168,0,3,1,2172,A
1-PB2,713,0,2,0,2157,2159,C
1-PB2,714,1,0,2173,0,2174,G
1-PB2,715,0,2169,0,2,2171,T
1-PB2,716,1,0,2167,0,2168,G
1-PB2,717,0,1,0,2149,2150,C
1-PB2,718,0,2155,0,2,2157,T
1-PB2,719,1,4,2167,0,2172,G
1-PB2,720,1,0,2169,0,2170,G
1-PB2,721,1,5,2198,0,2204,G
1-PB2,722,2194,2,4,0,2200,A
1-PB2,723,2181,2,4,1,2188,A
1-PB2,724,0,2,0,2239,2241,C
1-PB2,725,2236,0,0,1,2237,A
1-PB2,726,2284,1,0,1,2286,A
1-PB2,727,2285,1,1,1,2288,A
1-PB2,728,1,2290,0,1,2292,T
1-PB2,729,1,0,2319,0,2320,G
1-PB2,730,1,2293,0,1,2295,T
1-PB2,731,2292,1,2,1,2296,A
1-PB2,732,0,0,0,2302,2302,C
1-PB2,733,2263,0,0,0,2263,A
1-PB2,734,0,0,0,2261,2261,C
1-PB2,735,0,2199,0,4,2203,T
1-PB2,736,5,0,0,2335,2340,C
1-PB2,737,0,0,0,2342,2342,C
1-PB2,738,2376,1,2,0,2379,A
1-PB2,739,0,1,2389,0,2390,G
1-PB2,740,1,0,2403,0,2404,G
1-PB2,741,1,2396,0,1,2398,T
1-PB2,742,1,0,2400,0,2401,G
1-PB2,743,1,3,2326,0,2330,G
1-PB2,744,2302,0,4,0,2306,A
1-PB2,745,0,3,2327,0,2330,G
1-PB2,746,0,2,2348,0,2350,G
1-PB2,747,2322,1,3,0,2326,A
1-PB2,748,0,0,2330,0,2330,G
1-PB2,749,0,2311,0,1,2312,T
1-PB2,750,2294,1,5,1,2301,A
1-PB2,751,2321,0,2,0,2323,A
1-PB2,752,1,1,2342,0,2344,G
1-PB2,753,0,2,2364,0,2366,G
1-PB2,754,2330,0,2,0,2332,A
1-PB2,755,2314,0,1,0,2315,A
1-PB2,756,1,2314,0,0,2315,T
1-PB2,757,2,3,2302,1,2308,G
1-PB2,758,2304,1,4,0,2309,A
1-PB2,759,1,2,0,2306,2309,C
1-PB2,760,0,5,2299,0,2304,G
1-PB2,761,2335,1,1,0,2337,A
1-PB2,762,1,2312,0,1,2314,T
1-PB2,763,2,0,2323,0,2325,G
1-PB2,764,1,2315,0,2,2318,T
1-PB2,765,0,2302,0,3,2305,T
1-PB2,766,1,2,2324,0,2327,G
1-PB2,767,2323,2,1,0,2326,A
1-PB2,768,1,2,0,2318,2321,C
1-PB2,769,1,0,0,2324,2325,C
1-PB2,770,2308,0,0,0,2308,A
1-PB2,771,2307,0,2,0,2309,A
1-PB2,772,2307,1,3,0,2311,A
1-PB2,773,1,0,2377,0,2378,G
1-PB2,774,1,1,0,2379,2381,C
1-PB2,775,0,1,0,2370,2371,C
1-PB2,776,0,2380,0,1,2381,T
1-PB2,777,2386,1,0,1,2388,A
1-PB2,778,2389,1,1,0,2391,A
1-PB2,779,0,2390,0,1,2391,T
1-PB2,780,1,2394,0,0,2395,T
1-PB2,781,2368,2,1,0,2371,A
1-PB2,782,0,2306,0,0,2306,T
1-PB2,783,1,2292,0,1,2294,T
1-PB2,784,0,1,2278,0,2279,G
1-PB2,785,0,1,1,2275,2277,C
1-PB2,786,2,1,2270,0,2273,G
1-PB2,787,0,0,2312,0,2312,G
1-PB2,788,1,1,0,2307,2309,C
1-PB2,789,1,1,0,2319,2321,C
1-PB2,790,2323,1,0,0,2324,A
1-PB2,791,0,1,2348,0,2349,G
1-PB2,792,1,5,2361,1,2368,G
1-PB2,793,2368,0,3,0,2371,A
1-PB2,794,2378,1,3,0,2382,A
1-PB2,795,0,1,0,2387,2388,C
1-PB2,796,2347,0,4,0,2351,A
1-PB2,797,1,2383,0,2,2386,T
1-PB2,798,2404,0,1,1,2406,A
1-PB2,799,0,0,2416,0,2416,G
1-PB2,800,0,2379,0,2,2381,T
1-PB2,801,2364,0,1,0,2365,A
1-PB2,802,2354,0,2,1,2357,A
1-PB2,803,0,1,2363,0,2364,G
1-PB2,804,2342,0,1,0,2343,A
1-PB2,805,2310,0,0,0,2310,A
1-PB2,806,0,1,2299,0,2300,G
1-PB2,807,2231,0,1,0,2232,A
1-PB2,808,1,0,2225,0,2226,G
1-PB2,809,0,0,1,2227,2228,C
1-PB2,810,1,1,0,2221,2223,C
1-PB2,811,1,0,2226,0,2227,G
1-PB2,812,1,0,0,2231,2232,C
1-PB2,813,2237,0,0,1,2238,A
1-PB2,814,1,1,2369,0,2371,G
1-PB2,815,0,2364,0,1,2365,T
1-PB2,816,2372,1,2,0,2375,A
1-PB2,817,0,2350,0,5,2355,T
1-PB2,818,1,1,0,2377,2379,C
1-PB2,819,2373,1,1,1,2376,A
1-PB2,820,2,1,2375,0,2378,G
1-PB2,821,1,0,0,2379,2380,C
1-PB2,822,2306,0,1,0,2307,A
1-PB2,823,0,3,2267,0,2270,G
1-PB2,824,2280,0,0,0,2280,A
1-PB2,825,0,2272,0,1,2273,T
1-PB2,826,2,1,0,2281,2284,C
1-PB2,827,4,1,0,2268,2273,C
1-PB2,828,2278,3,3,0,2284,A
1-PB2,829,0,1,0,2294,2295,C
1-PB2,830,0,2288,0,1,2289,T
1-PB2,831,2290,1,1,0,2292,A
1-PB2,832,1,0,2280,0,2281,G
1-PB2,833,1,0,2,2259,2262,C
1-PB2,834,2258,0,1,0,2259,A
1-PB2,835,0,2267,0,3,2270,T
1-PB2,836,1,1,0,2281,2283,C
1-PB2,837,0,2270,1,3,2274,T
1-PB2,838,0,2317,0,1,2318,T
1-PB2,839,0,2320,1,1,2322,T
1-PB2,840,2323,0,1,1,2325,A
1-PB2,841,1,2320,0,1,2322,T
1-PB2,842,2,2305,0,2,2309,T
1-PB2,843,2,1,2306,0,2309,G
1-PB2,844,0,5,2305,0,2310,G
1-PB2,845,2256,0,2,0,2258,A
1-PB2,846,3,1,2260,0,2264,G
1-PB2,847,2222,0,0,0,2222,A
1-PB2,848,0,2201,0,1,2202,T
1-PB2,849,0,1,2214,0,2215,G
1-PB2,850,0,2211,0,1,2212,T
1-PB2,851,2,0,2208,0,2210,G
1-PB2,852,0,0,0,2215,2215,C
1-PB2,853,1,2,0,2209,2212,C
1-PB2,854,2209,0,1,0,2210,A
1-PB2,855,0,0,0,2207,2207,C
1-PB2,856,2171,0,6,0,2177,A
1-PB2,857,1,0,2204,0,2205,G
1-PB2,858,0,2,0,2152,2154,C
1-PB2,859,2146,0,1,0,2147,A
1-PB2,860,1,1,0,2140,2142,C
1-PB2,861,2129,0,5,0,2134,A
1-PB2,862,1,0,0,2150,2151,C
1-PB2,863,2150,0,0,0,2150,A
1-PB2,864,2151,0,3,0,2154,A
1-PB2,865,2141,0,2,0,2143,A
1-PB2,866,0,2087,0,2,2089,T
1-PB2,867,0,2084,0,0,2084,T
1-PB2,868,0,1,2074,0,2075,G
1-PB2,869,0,2,2072,0,2074,G
1-PB2,870,0,1,0,2068,2069,C
1-PB2,871,3,4,2047,1,2055,G
1-PB2,872,0,0,2056,0,2056,G
1-PB2,873,2047,0,3,0,2050,A
1-PB2,874,2087,1,0,1,2089,A
1-PB2,875,0,0,0,2100,2100,C
1-PB2,876,2105,0,4,0,2109,A
1-PB2,877,2101,0,4,0,2105,A
1-PB2,878,1,0,2105,0,2106,G
1-PB2,879,4,0,2098,0,2102,G
1-PB2,880,2106,1,6,0,2113,A
1-PB2,881,0,2011,1,1,2013,T
1-PB2,882,2,2,2011,0,2015,G
1-PB2,883,0,0,2015,0,2015,G
1-PB2,884,0,1991,1,2,1994,T
1-PB2,885,2,2,1990,1,1995,G
1-PB2,886,0,1,1984,0,1985,G
1-PB2,887,1962,0,3,0,1965,A
1-PB2,888,0,0,0,1965,1965,C
1-PB2,889,1929,1,0,0,1930,A
1-PB2,890,0,2186,0,1,2187,T
1-PB2,891,0,2174,0,0,2174,T
1-PB2,892,1,0,0,2159,2160,C
1-PB2,893,0,2134,0,1,2135,T
1-PB2,894,0,2126,0,2,2128,T
1-PB2,895,2131,0,1,0,2132,A
1-PB2,896,1,0,2148,0,2149,G
1-PB2,897,2132,1,1,0,2134,A
1-PB2,898,0,1,1,2129,2131,C
1-PB2,899,1647,0,2,0,1649,A
1-PB2,900,0,0,1671,0,1671,G
1-PB2,901,1655,0,3,0,1658,A
1-PB2,902,1665,0,2,0,1667,A
1-PB2,903,1,1,0,1661,1663,C
1-PB2,904,1,1,0,1658,1660,C
1-PB2,905,1,0,0,1651,1652,C
1-PB2,906,0,1,1655,1,1657,G
1-PB2,907,1652,0,1,0,1653,A
1-PB2,908,0,0,0,1663,1663,C
1-PB2,909,1,1637,0,0,1638,T
1-PB2,910,0,0,1649,0,1649,G
1-PB2,911,1644,0,2,0,1646,A
1-PB2,912,1651,0,4,0,1655,A
1-PB2,913,1,3,1662,0,1666,G
1-PB2,914,1658,0,5,0,1663,A
1-PB2,915,1656,0,4,0,1660,A
1-PB2,916,1,1,0,1651,1653,C
1-PB2,917,1648,0,1,0,1649,A
1-PB2,918,1649,0,2,1,1652,A
1-PB2,919,0,0,1666,0,1666,G
1-PB2,920,1,1,0,1674,1676,C
1-PB2,921,0,1656,0,2,1658,T
1-PB2,922,1,1,1687,0,1689,G
1-PB2,923,1,1676,0,2,1679,T
1-PB2,924,1,0,1726,0,1727,G
1-PB2,925,1,0,1795,0,1796,G
1-PB2,926,1784,1,1,0,1786,A
1-PB2,927,1,1774,0,1,1776,T
1-PB2,928,1751,0,0,0,1751,A
1-PB2,929,0,1731,0,0,1731,T
1-PB2,930,1777,0,3,1,1781,A
1-PB2,931,1,1754,0,2,1757,T
1-PB2,932,0,1,1754,0,1755,G
1-PB2,933,0,0,0,1731,1731,C
1-PB2,934,1656,1,2,0,1659,A
1-PB2,935,1663,0,3,0,1666,A
1-PB2,936,0,2,1666,0,1668,G
1-PB2,937,3,0,1673,1,1677,G
1-PB2,938,2,0,0,1681,1683,C
1-PB2,939,1,1646,0,1,1648,T
1-PB2,940,0,0,1659,0,1659,G
1-PB2,941,0,2,0,1648,1650,C
1-PB2,942,1657,1,0,0,1658,A
1-PB2,943,1658,0,1,0,1659,A
1-PB2,944,0,1649,1,1,1651,T
1-PB2,945,1,0,1660,0,1661,G
1-PB2,946,0,0,1647,0,1647,G
1-PB2,947,0,1,1648,1,1650,G
1-PB2,948,1652,0,3,0,1655,A
1-PB2,949,0,1638,1,1,1640,T
1-PB2,950,1,1632,0,1,1634,T
1-PB2,951,0,0,1635,0,1635,G
1-PB2,952,1622,0,5,1,1628,A
1-PB2,953,0,1,1638,0,1639,G
1-PB2,954,1622,0,2,0,1624,A
1-PB2,955,1609,0,0,0,1609,A
1-PB2,956,1,1591,2,0,1594,T
1-PB2,957,3,0,0,1600,1603,C
1-PB2,958,1589,0,3,0,1592,A
1-PB2,959,1,0,1602,0,1603,G
1-PB2,960,1,0,0,1598,1599,C
1-PB2,961,0,1589,1,1,1591,T
1-PB2,962,5,0,0,1579,1584,C
1-PB2,963,1582,0,1,0,1583,A
1-PB2,964,0,1608,0,0,1608,T
1-PB2,965,3,0,0,1608,1611,C
1-PB2,966,1,0,0,1633,1634,C
1-PB2,967,0,1625,0,2,1627,T
1-PB2,968,0,1617,0,3,1620,T
1-PB2,969,4,1,0,1616,1621,C
1-PB2,970,1621,0,2,0,1623,A
1-PB2,971,1,1,1647,0,1649,G
1-PB2,972,0,0,0,1639,1639,C
1-PB2,973,0,1602,0,1,1603,T
1-PB2,974,0,1606,0,0,1606,T
1-PB2,975,0,1595,0,0,1595,T
1-PB2,976,0,1,1595,0,1596,G
1-PB2,977,0,1,1599,0,1600,G
1-PB2,978,0,1598,0,0,1598,T
1-PB2,979,0,0,1607,0,1607,G
1-PB2,980,0,1,1601,0,1602,G
1-PB2,981,0,0,1614,0,1614,G
1-PB2,982,0,1612,0,1,1613,T
1-PB2,983,0,1605,1,1,1607,T
1-PB2,984,0,1610,0,1,1611,T
1-PB2,985,1609,1,1,0,1611,A
1-PB2,986,1,1,0,1618,1620,C
1-PB2,987,1618,0,0,1,1619,A
1-PB2,988,0,1607,0,1,1608,T
1-PB2,989,0,1576,0,0,1576,T
1-PB2,990,0,1565,0,0,1565,T
1-PB2,991,1563,0,1,0,1564,A
1-PB2,992,1560,2,1,0,1563,A
1-PB2,993,1562,0,0,0,1562,A
1-PB2,994,1549,0,4,0,1553,A
1-PB2,995,0,2,1560,0,1562,G
1-PB2,996,1544,0,1,1,1546,A
1-PB2,997,1546,0,0,0,1546,A
1-PB2,998,0,0,0,1545,1545,C
1-PB2,999,1536,0,3,0,1539,A
1-PB2,1000,1542,0,2,0,1544,A
1-PB2,1001,0,0,1541,0,1541,G
1-PB2,1002,0,2,0,1543,1545,C
1-PB2,1003,2,2,1532,1,1537,G
1-PB2,1004,0,0,1533,0,1533,G
1-PB2,1005,0,1,1536,0,1537,G
1-PB2,1006,0,1531,0,0,1531,T
1-PB2,1007,6,1,0,1525,1532,C
1-PB2,1008,1530,1,3,0,1534,A
1-PB2,1009,0,1523,0,2,1525,T
1-PB2,1010,1,0,0,1527,1528,C
1-PB2,1011,1532,0,0,0,1532,A
1-PB2,1012,0,1,1551,0,1552,G
1-PB2,1013,2,1531,0,3,1536,T
1-PB2,1014,2,1,0,1537,1540,C
1-PB2,1015,1534,0,3,0,1537,A
1-PB2,1016,1542,0,0,0,1542,A
1-PB2,1017,1539,0,0,0,1539,A
1-PB2,1018,1537,1,4,0,1542,A
1-PB2,1019,1555,0,0,0,1555,A
1-PB2,1020,1556,0,4,0,1560,A
1-PB2,1021,0,0,1567,0,1567,G
1-PB2,1022,1556,0,3,0,1559,A
1-PB2,1023,1554,1,0,0,1555,A
1-PB2,1024,0,0,1556,0,1556,G
1-PB2,1025,1552,0,0,0,1552,A
1-PB2,1026,1511,0,1,0,1512,A
1-PB2,1027,0,1,1511,0,1512,G
1-PB2,1028,1502,0,4,0,1506,A
1-PB2,1029,1,0,1510,0,1511,G
1-PB2,1030,0,0,1534,0,1534,G
1-PB2,1031,0,1530,0,0,1530,T
1-PB2,1032,0,0,1554,0,1554,G
1-PB2,1033,2,0,1,1561,1564,C
1-PB2,1034,1,1559,0,1,1561,T
1-PB2,1035,0,1562,1,0,1563,T
1-PB2,1036,1566,0,1,0,1567,A
1-PB2,1037,1,0,0,1567,1568,C
1-PB2,1038,1546,0,0,0,1546,A
1-PB2,1039,1,0,1551,0,1552,G
1-PB2,1040,1,1,1549,0,1551,G
1-PB2,1041,0,0,0,1522,1522,C
1-PB2,1042,1513,0,0,0,1513,A
1-PB2,1043,1516,0,2,0,1518,A
1-PB2,1044,0,1549,0,3,1552,T
1-PB2,1045,0,0,0,1573,1573,C
1-PB2,1046,0,1566,0,4,1570,T
1-PB2,1047,0,1,0,1580,1581,C
1-PB2,1048,4,1,0,1575,1580,C
1-PB2,1049,1576,0,2,0,1578,A
1-PB2,1050,1576,0,2,1,1579,A
1-PB2,1051,1581,0,1,0,1582,A
1-PB2,1052,0,0,0,1595,1595,C
1-PB2,1053,1546,0,1,0,1547,A
1-PB2,1054,0,1521,0,1,1522,T
1-PB2,1055,0,1482,0,1,1483,T
1-PB2,1056,0,0,1486,0,1486,G
1-PB2,1057,1478,2,0,0,1480,A
1-PB2,1058,0,1,1463,0,1464,G
1-PB2,1059,1531,0,1,0,1532,A
1-PB2,1060,1532,0,1,0,1533,A
1-PB2,1061,0,1548,0,0,1548,T
1-PB2,1062,1546,0,1,0,1547,A
1-PB2,1063,1543,0,4,0,1547,A
1-PB2,1064,0,2,1600,0,1602,G
1-PB2,1065,1578,0,4,0,1582,A
1-PB2,1066,1,0,1624,0,1625,G
1-PB2,1067,0,1565,0,3,1568,T
1-PB2,1068,1575,1,1,0,1577,A
1-PB2,1069,0,2,0,1594,1596,C
1-PB2,1070,1579,0,3,0,1582,A
1-PB2,1071,0,1580,0,3,1583,T
1-PB2,1072,0,2,1576,0,1578,G
1-PB2,1073,1518,0,2,0,1520,A
1-PB2,1074,0,0,1530,0,1530,G
1-PB2,1075,0,3,1493,2,1498,G
1-PB2,1076,1,0,1548,0,1549,G
1-PB2,1077,0,1,1560,0,1561,G
1-PB2,1078,0,1532,0,1,1533,T
1-PB2,1079,1542,0,0,0,1542,A
1-PB2,1080,0,1535,0,1,1536,T
1-PB2,1081,1,3,1540,0,1544,G
1-PB2,1082,1535,0,1,0,1536,A
1-PB2,1083,1,0,1533,0,1534,G
1-PB2,1084,1,1,1536,0,1538,G
1-PB2,1085,1407,0,2,1,1410,A
1-PB2,1086,1,0,1457,0,1458,G
1-PB2,1087,0,1454,0,0,1454,T
1-PB2,1088,0,1494,0,0,1494,T
1-PB2,1089,1,1,1,1502,1505,C
1-PB2,1090,1492,0,2,0,1494,A
1-PB2,1091,1,1,0,1498,1500,C
1-PB2,1092,1491,0,3,0,1494,A
1-PB2,1093,1498,0,3,0,1501,A
1-PB2,1094,0,1497,0,1,1498,T
1-PB2,1095,1,2,1473,0,1476,G
1-PB2,1096,2,1,1481,0,1484,G
1-PB2,1097,1,1439,0,1,1441,T
1-PB2,1098,0,3,1437,1,1441,G
1-PB2,1099,1,0,1444,0,1445,G
1-PB2,1100,2,0,1440,0,1442,G
1-PB2,1101,0,1,1457,0,1458,G
1-PB2,1102,1444,1,1,0,1446,A
1-PB2,1103,1445,0,2,1,1448,A
1-PB2,1104,1440,0,0,0,1440,A
1-PB2,1105,1416,0,6,1,1423,A
1-PB2,1106,0,3,1442,0,1445,G
1-PB2,1107,1428,2,3,0,1433,A
1-PB2,1108,1,0,1439,0,1440,G
1-PB2,1109,1,1,0,1439,1441,C
1-PB2,1110,1431,0,0,0,1431,A
1-PB2,1111,1430,1,3,0,1434,A
1-PB2,1112,0,0,0,1478,1478,C
1-PB2,1113,1477,0,1,1,1479,A
1-PB2,1114,1,0,1508,0,1509,G
1-PB2,1115,1,2,0,1490,1493,C
1-PB2,1116,0,1490,0,0,1490,T
1-PB2,1117,1539,0,1,0,1540,A
1-PB2,1118,0,1538,0,1,1539,T
1-PB2,1119,1545,0,0,0,1545,A
1-PB2,1120,1,0,0,1544,1545,C
1-PB2,1121,1,1467,0,0,1468,T
1-PB2,1122,1477,1,3,1,1482,A
1-PB2,1123,1454,0,0,0,1454,A
1-PB2,1124,0,0,1459,0,1459,G
1-PB2,1125,1452,0,2,0,1454,A
1-PB2,1126,1411,0,0,0,1411,A
1-PB2,1127,1410,1,0,0,1411,A
1-PB2,1128,1403,1,4,0,1408,A
1-PB2,1129,0,0,1407,0,1407,G
1-PB2,1130,0,0,0,1403,1403,C
1-PB2,1131,1406,0,1,0,1407,A
1-PB2,1132,1410,1,2,0,1413,A
1-PB2,1133,0,0,0,1402,1402,C
1-PB2,1134,0,0,1,1411,1412,C
1-PB2,1135,1412,0,3,0,1415,A
1-PB2,1136,0,0,1432,0,1432,G
1-PB2,1137,1429,0,1,0,1430,A
1-PB2,1138,1428,0,1,0,1429,A
1-PB2,1139,1,0,1441,0,1442,G
1-PB2,1140,1432,0,2,0,1434,A
1-PB2,1141,0,1430,0,2,1432,T
1-PB2,1142,2,1408,0,0,1410,T
1-PB2,1143,0,0,1421,0,1421,G
1-PB2,1144,1,0,1453,0,1454,G
1-PB2,1145,0,1443,0,1,1444,T
1-PB2,1146,0,1436,0,1,1437,T
1-PB2,1147,5,0,0,1430,1435,C
1-PB2,1148,1425,1,1,0,1427,A
1-PB2,1149,1421,1,5,0,1427,A
1-PB2,1150,0,1,0,1534,1535,C
1-PB2,1151,1,1524,0,4,1529,T
1-PB2,1152,3,0,0,1537,1540,C
1-PB2,1153,1509,1,1,0,1511,A
1-PB2,1154,1,1505,1,1,1508,T
1-PB2,1155,1513,0,2,0,1515,A
1-PB2,1156,0,0,1517,0,1517,G
1-PB2,1157,0,1451,1,4,1456,T
1-PB2,1158,1,1,1463,0,1465,G
1-PB2,1159,1391,0,1,1,1393,A
1-PB2,1160,0,0,1414,0,1414,G
1-PB2,1161,0,1399,0,1,1400,T
1-PB2,1162,2,1,1395,0,1398,G
1-PB2,1163,1,1,1414,0,1416,G
1-PB2,1164,1413,0,1,0,1414,A
1-PB2,1165,1412,0,1,0,1413,A
1-PB2,1166,1,0,1415,0,1416,G
1-PB2,1167,1400,0,3,0,1403,A
1-PB2,1168,1,0,1406,0,1407,G
1-PB2,1169,1395,0,2,0,1397,A
1-PB2,1170,1,2,0,1389,1392,C
1-PB2,1171,0,5,1391,0,1396,G
1-PB2,1172,1389,1,0,0,1390,A
1-PB2,1173,1395,0,3,0,1398,A
1-PB2,1174,0,0,0,1398,1398,C
1-PB2,1175,1381,0,2,0,1383,A
1-PB2,1176,0,1,1463,0,1464,G
1-PB2,1177,0,1447,0,4,1451,T
1-PB2,1178,3,1,0,1444,1448,C
1-PB2,1179,1453,0,0,0,1453,A
1-PB2,1180,1449,0,2,0,1451,A
1-PB2,1181,0,1451,0,2,1453,T
1-PB2,1182,1449,0,2,0,1451,A
1-PB2,1183,0,2,1443,0,1445,G
1-PB2,1184,1,0,0,1439,1440,C
1-PB2,1185,3,0,0,1395,1398,C
1-PB2,1186,1,0,1397,0,1398,G
1-PB2,1187,1393,0,3,1,1397,A
1-PB2,1188,1399,0,2,0,1401,A
1-PB2,1189,0,1,1414,0,1415,G
1-PB2,1190,0,0,0,1446,1446,C
1-PB2,1191,1454,0,0,0,1454,A
1-PB2,1192,1448,0,3,0,1451,A
1-PB2,1193,0,1448,0,1,1449,T
1-PB2,1194,1459,0,0,0,1459,A
1-PB2,1195,1475,1,0,0,1476,A
1-PB2,1196,0,1472,0,0,1472,T
1-PB2,1197,2,0,0,1460,1462,C
1-PB2,1198,0,0,1449,0,1449,G
1-PB2,1199,1,1410,0,0,1411,T
1-PB2,1200,1,1,1399,0,1401,G
1-PB2,1201,1,1,1429,0,1431,G
1-PB2,1202,0,0,0,1423,1423,C
1-PB2,1203,1,0,0,1423,1424,C
1-PB2,1204,1412,0,1,1,1414,A
1-PB2,1205,0,1409,0,1,1410,T
1-PB2,1206,2,0,1414,0,1416,G
1-PB2,1207,1,0,1442,0,1443,G
1-PB2,1208,1,1434,0,2,1437,T
1-PB2,1209,0,0,1437,0,1437,G
1-PB2,1210,0,1413,1,0,1414,T
1-PB2,1211,0,1416,0,2,1418,T
1-PB2,1212,0,1414,0,0,1414,T
1-PB2,1213,1,1416,0,0,1417,T
1-PB2,1214,0,2,0,1453,1455,C
1-PB2,1215,1454,0,1,0,1455,A
1-PB2,1216,0,0,0,1589,1589,C
1-PB2,1217,1573,0,1,0,1574,A
1-PB2,1218,1590,1,2,0,1593,A
1-PB2,1219,0,0,1596,0,1596,G
1-PB2,1220,1595,1,0,0,1596,A
1-PB2,1221,1491,0,93,0,1584,A
1-PB2,1222,0,2,1634,0,1636,G
1-PB2,1223,1634,2,0,0,1636,A
1-PB2,1224,0,1643,0,1,1644,T
1-PB2,1225,1,1624,0,0,1625,T
1-PB2,1226,0,0,1627,0,1627,G
1-PB2,1227,1,0,0,1603,1604,C
1-PB2,1228,1618,0,1,1,1620,A
1-PB2,1229,0,1638,0,0,1638,T
1-PB2,1230,0,5,1732,0,1737,G
1-PB2,1231,1752,0,3,0,1755,A
1-PB2,1232,0,1766,0,0,1766,T
1-PB2,1233,1760,0,1,0,1761,A
1-PB2,1234,1764,0,0,0,1764,A
1-PB2,1235,1759,1,3,0,1763,A
1-PB2,1236,1756,0,4,0,1760,A
1-PB2,1237,1,1,1761,0,1763,G
1-PB2,1238,0,3,0,1798,1801,C
1-PB2,1239,1812,0,0,0,1812,A
1-PB2,1240,0,0,1878,0,1878,G
1-PB2,1241,1,1869,0,2,1872,T
1-PB2,1242,0,1872,0,0,1872,T
1-PB2,1243,1870,0,0,0,1870,A
1-PB2,1244,0,1,1875,1,1877,G
1-PB2,1245,1863,1,4,0,1868,A
1-PB2,1246,0,1,1874,0,1875,G
1-PB2,1247,0,0,1874,0,1874,G
1-PB2,1248,0,1820,0,1,1821,T
1-PB2,1249,0,1,1834,0,1835,G
1-PB2,1250,1840,0,0,0,1840,A
1-PB2,1251,0,0,0,1836,1836,C
1-PB2,1252,0,1824,0,2,1826,T
1-PB2,1253,0,1847,0,0,1847,T
1-PB2,1254,0,2,1851,0,1853,G
1-PB2,1255,1852,0,1,0,1853,A
1-PB2,1256,1850,1,1,0,1852,A
1-PB2,1257,0,1855,0,1,1856,T
1-PB2,1258,1,1869,0,0,1870,T
1-PB2,1259,0,1876,0,0,1876,T
1-PB2,1260,2,1,0,1874,1877,C
1-PB2,1261,0,0,1879,0,1879,G
1-PB2,1262,0,1870,0,5,1875,T
1-PB2,1263,1,0,0,1873,1874,C
1-PB2,1264,1880,0,2,0,1882,A
1-PB2,1265,1884,0,0,0,1884,A
1-PB2,1266,0,0,0,1886,1886,C
1-PB2,1267,1872,0,0,0,1872,A
1-PB2,1268,0,0,1904,0,1904,G
1-PB2,1269,1895,1,3,1,1900,A
1-PB2,1270,1,0,1903,1,1905,G
1-PB2,1271,0,1,0,1914,1915,C
1-PB2,1272,1907,0,3,0,1910,A
1-PB2,1273,1930,0,1,0,1931,A
1-PB2,1274,1929,0,0,1,1930,A
1-PB2,1275,0,1921,0,0,1921,T
1-PB2,1276,1,0,0,1923,1924,C
1-PB2,1277,1915,0,0,0,1915,A
1-PB2,1278,1,1,1917,0,1919,G
1-PB2,1279,0,1,0,1920,1921,C
1-PB2,1280,2,0,1929,0,1931,G
1-PB2,1281,3,0,2039,1,2043,G
1-PB2,1282,1,2025,0,2,2028,T
1-PB2,1283,0,2026,0,0,2026,T
1-PB2,1284,1,3,2033,2,2039,G
1-PB2,1285,2035,0,3,0,2038,A
1-PB2,1286,2044,0,2,0,2046,A
1-PB2,1287,0,0,0,2057,2057,C
1-PB2,1288,1,2,0,2062,2065,C
1-PB2,1289,1,1,0,2067,2069,C
1-PB2,1290,3,0,0,1998,2001,C
1-PB2,1291,2007,0,4,0,2011,A
1-PB2,1292,0,2017,0,2,2019,T
1-PB2,1293,0,1,2029,0,2030,G
1-PB2,1294,1,0,0,2031,2032,C
1-PB2,1295,2020,2,0,0,2022,A
1-PB2,1296,1,2005,1,1,2008,T
1-PB2,1297,0,1,0,2004,2005,C
1-PB2,1298,1989,0,2,0,1991,A
1-PB2,1299,1,0,2036,0,2037,G
1-PB2,1300,0,0,0,2042,2042,C
1-PB2,1301,1,2031,0,3,2035,T
1-PB2,1302,0,2033,0,1,2034,T
1-PB2,1303,0,2029,0,1,2030,T
1-PB2,1304,0,2023,1,2,2026,T
1-PB2,1305,2030,0,0,0,2030,A
1-PB2,1306,2024,1,2,2,2029,A
1-PB2,1307,0,1,2030,0,2031,G
1-PB2,1308,1,1,2010,0,2012,G
1-PB2,1309,2,2,0,1998,2002,C
1-PB2,1310,2001,0,0,0,2001,A
1-PB2,1311,1,1998,0,0,1999,T
1-PB2,1312,0,2006,0,0,2006,T
1-PB2,1313,1,2008,0,2,2011,T
1-PB2,1314,0,2017,0,3,2020,T
1-PB2,1315,4,2,0,2013,2019,C
1-PB2,1316,2009,0,7,0,2016,A
1-PB2,1317,2,3,2011,0,2016,G
1-PB2,1318,2006,0,4,0,2010,A
1-PB2,1319,2008,0,2,0,2010,A
1-PB2,1320,2002,0,2,0,2004,A
1-PB2,1321,0,0,2016,0,2016,G
1-PB2,1322,2034,0,4,0,2038,A
1-PB2,1323,0,2038,0,0,2038,T
1-PB2,1324,0,0,2036,0,2036,G
1-PB2,1325,1,0,0,2036,2037,C
1-PB2,1326,1,0,2036,0,2037,G
1-PB2,1327,2037,0,1,0,2038,A
1-PB2,1328,2040,0,1,0,2041,A
1-PB2,1329,2039,0,1,0,2040,A
1-PB2,1330,2,0,2046,0,2048,G
1-PB2,1331,0,2025,0,1,2026,T
1-PB2,1332,0,0,2025,0,2025,G
1-PB2,1333,0,0,0,2019,2019,C
1-PB2,1334,0,2020,0,0,2020,T
1-PB2,1335,1,2025,0,0,2026,T
1-PB2,1336,0,2025,1,0,2026,T
1-PB2,1337,0,2032,0,0,2032,T
1-PB2,1338,0,2025,0,5,2030,T
1-PB2,1339,1,0,0,2031,2032,C
1-PB2,1340,2030,0,1,0,2031,A
1-PB2,1341,2033,0,1,0,2034,A
1-PB2,1342,2029,0,0,0,2029,A
1-PB2,1343,2038,0,0,0,2038,A
1-PB2,1344,0,2026,0,1,2027,T
1-PB2,1345,0,2038,1,0,2039,T
1-PB2,1346,3,2,2032,1,2038,G
1-PB2,1347,0,2,2037,0,2039,G
1-PB2,1348,0,3,2027,0,2030,G
1-PB2,1349,0,1,2061,0,2062,G
1-PB2,1350,2050,1,2,0,2053,A
1-PB2,1351,0,0,2100,0,2100,G
1-PB2,1352,0,2094,0,2,2096,T
1-PB2,1353,2,2093,0,2,2097,T
1-PB2,1354,1,4,2099,0,2104,G
1-PB2,1355,2095,1,2,0,2098,A
1-PB2,1356,2102,0,5,0,2107,A
1-PB2,1357,0,0,0,2167,2167,C
1-PB2,1358,2150,0,1,2,2153,A
1-PB2,1359,0,3,0,2216,2219,C
1-PB2,1360,2184,1,2,0,2187,A
1-PB2,1361,0,2189,0,0,2189,T
1-PB2,1362,1,2,0,2198,2201,C
1-PB2,1363,1,2,2198,0,2201,G
1-PB2,1364,2209,1,4,0,2214,A
1-PB2,1365,0,0,0,2209,2209,C
1-PB2,1366,2146,0,2,0,2148,A
1-PB2,1367,0,0,2214,0,2214,G
1-PB2,1368,0,2174,0,1,2175,T
1-PB2,1369,2,0,2194,0,2196,G
1-PB2,1370,1,2183,0,4,2188,T
1-PB2,1371,0,1,2190,0,2191,G
1-PB2,1372,2185,0,3,0,2188,A
1-PB2,1373,0,2179,0,2,2181,T
1-PB2,1374,0,3,2186,0,2189,G
1-PB2,1375,0,2,2187,0,2189,G
1-PB2,1376,3,2,2177,0,2182,G
1-PB2,1377,2161,1,1,0,2163,A
1-PB2,1378,2144,0,1,0,2145,A
1-PB2,1379,1,2147,2,0,2150,T
1-PB2,1380,1,3,2175,0,2179,G
1-PB2,1381,2184,1,2,0,2187,A
1-PB2,1382,0,2185,1,2,2188,T
1-PB2,1383,0,2177,0,1,2178,T
1-PB2,1384,0,0,2170,0,2170,G
1-PB2,1385,2,0,2247,0,2249,G
1-PB2,1386,2237,0,4,0,2241,A
1-PB2,1387,1,0,2272,0,2273,G
1-PB2,1388,0,2243,0,0,2243,T
1-PB2,1389,2227,0,0,0,2227,A
1-PB2,1390,1,2227,2,1,2231,T
1-PB2,1391,0,2246,2,1,2249,T
1-PB2,1392,2277,0,0,0,2277,A
1-PB2,1393,1,0,0,2269,2270,C
1-PB2,1394,6,3,0,2222,2231,C
1-PB2,1395,2216,0,0,0,2216,A
1-PB2,1396,0,0,2235,0,2235,G
1-PB2,1397,2286,0,2,0,2288,A
1-PB2,1398,1,2280,0,0,2281,T
1-PB2,1399,2262,1,1,0,2264,A
1-PB2,1400,1,2239,0,4,2244,T
1-PB2,1401,1,4,2228,0,2233,G
1-PB2,1402,2243,0,3,1,2247,A
1-PB2,1403,1,0,0,2256,2257,C
1-PB2,1404,0,2240,0,4,2244,T
1-PB2,1405,2,0,0,2232,2234,C
1-PB2,1406,2,3,0,2205,2210,C
1-PB2,1407,2212,2,4,1,2219,A
1-PB2,1408,2226,0,2,0,2228,A
1-PB2,1409,1,1,2265,0,2267,G
1-PB2,1410,1,0,1,2252,2254,C
1-PB2,1411,2263,0,0,0,2263,A
1-PB2,1412,0,1,0,2259,2260,C
1-PB2,1413,2247,0,1,0,2248,A
1-PB2,1414,0,1,2255,0,2256,G
1-PB2,1415,2246,0,2,0,2248,A
1-PB2,1416,0,1,2273,0,2274,G
1-PB2,1417,2286,0,3,1,2290,A
1-PB2,1418,0,2244,0,1,2245,T
1-PB2,1419,1,0,2277,0,2278,G
1-PB2,1420,1,2258,0,2,2261,T
1-PB2,1421,2,2,1,2256,2261,C
1-PB2,1422,2277,0,2,0,2279,A
1-PB2,1423,2278,0,0,1,2279,A
1-PB2,1424,0,2272,0,1,2273,T
1-PB2,1425,3,6,2265,0,2274,G
1-PB2,1426,2236,0,1,0,2237,A
1-PB2,1427,0,0,2255,0,2255,G
1-PB2,1428,2219,1,4,0,2224,A
1-PB2,1429,0,3,2231,1,2235,G
1-PB2,1430,2,4,2350,0,2356,G
1-PB2,1431,2350,1,1,0,2352,A
1-PB2,1432,2358,0,2,0,2360,A
1-PB2,1433,0,2359,0,0,2359,T
1-PB2,1434,2356,2,2,1,2361,A
1-PB2,1435,2355,0,3,1,2359,A
1-PB2,1436,2,2,2343,0,2347,G
1-PB2,1437,2341,0,3,0,2344,A
1-PB2,1438,0,0,2344,0,2344,G
1-PB2,1439,0,2210,0,1,2211,T
1-PB2,1440,6,0,0,2209,2215,C
1-PB2,1441,2218,0,3,1,2222,A
1-PB2,1442,1,0,2238,0,2239,G
1-PB2,1443,0,0,0,2261,2261,C
1-PB2,1444,2265,0,1,0,2266,A
1-PB2,1445,2275,0,2,0,2277,A
1-PB2,1446,2273,0,0,0,2273,A
1-PB2,1447,2269,0,4,0,2273,A
1-PB2,1448,0,2271,0,0,2271,T
1-PB2,1449,1,2,2264,1,2268,G
1-PB2,1450,0,0,2282,0,2282,G
1-PB2,1451,0,0,2290,2,2292,G
1-PB2,1452,0,2268,0,1,2269,T
1-PB2,1453,0,1,2275,0,2276,G
1-PB2,1454,0,2266,0,2,2268,T
1-PB2,1455,0,1,2276,0,2277,G
1-PB2,1456,0,2,2310,0,2312,G
1-PB2,1457,2308,1,2,0,2311,A
1-PB2,1458,0,2293,0,1,2294,T
1-PB2,1459,3,6,2321,1,2331,G
1-PB2,1460,2314,0,0,1,2315,A
1-PB2,1461,2318,0,5,0,2323,A
1-PB2,1462,0,2314,0,2,2316,T
1-PB2,1463,2314,0,2,0,2316,A
1-PB2,1464,0,0,0,2482,2482,C
1-PB2,1465,2,2418,0,2,2422,T
1-PB2,1466,4,0,0,2452,2456,C
1-PB2,1467,0,1,0,2447,2448,C
1-PB2,1468,2454,1,1,0,2456,A
1-PB2,1469,4,0,2560,0,2564,G
1-PB2,1470,0,2548,0,3,2551,T
1-PB2,1471,2566,0,7,0,2573,A
1-PB2,1472,0,1,1,2572,2574,C
1-PB2,1473,2375,0,6,0,2381,A
1-PB2,1474,0,3,2392,0,2395,G
1-PB2,1475,2337,0,3,0,2340,A
1-PB2,1476,0,1,2357,0,2358,G
1-PB2,1477,2307,0,4,0,2311,A
1-PB2,1478,1,3,2239,0,2243,G
1-PB2,1479,2,2,2232,0,2236,G
1-PB2,1480,1,0,2236,0,2237,G
1-PB2,1481,0,2218,0,2,2220,T
1-PB2,1482,1,1,2225,0,2227,G
1-PB2,1483,0,1,2233,0,2234,G
1-PB2,1484,0,2218,0,1,2219,T
1-PB2,1485,0,3,2274,0,2277,G
1-PB2,1486,0,0,2279,0,2279,G
1-PB2,1487,0,2247,0,2,2249,T
1-PB2,1488,0,2236,0,4,2240,T
1-PB2,1489,2218,0,2,0,2220,A
1-PB2,1490,1,1,2237,0,2239,G
1-PB2,1491,0,0,0,2239,2239,C
1-PB2,1492,2234,0,1,0,2235,A
1-PB2,1493,0,2232,0,1,2233,T
1-PB2,1494,0,2138,0,0,2138,T
1-PB2,1495,1,6,2142,0,2149,G
1-PB2,1496,2140,0,2,0,2142,A
1-PB2,1497,0,2147,0,1,2148,T
1-PB2,1498,5,0,0,2145,2150,C
1-PB2,1499,1,0,2136,0,2137,G
1-PB2,1500,2,0,2185,0,2187,G
1-PB2,1501,1,2176,0,0,2177,T
1-PB2,1502,0,2175,0,4,2179,T
1-PB2,1503,0,2174,0,3,2177,T
1-PB2,1504,0,2181,0,0,2181,T
1-PB2,1505,0,2180,0,0,2180,T
1-PB2,1506,1,3,2176,0,2180,G
1-PB2,1507,2176,0,1,0,2177,A
1-PB2,1508,0,1,2187,0,2188,G
1-PB2,1509,2119,0,1,0,2120,A
1-PB2,1510,0,0,2138,0,2138,G
1-PB2,1511,0,2137,0,5,2142,T
1-PB2,1512,1,2133,0,1,2135,T
1-PB2,1513,1,3,1,2129,2134,C
1-PB2,1514,0,2,2142,0,2144,G
1-PB2,1515,2138,1,7,0,2146,A
1-PB2,1516,1,3,2142,0,2146,G
1-PB2,1517,2138,1,4,0,2143,A
1-PB2,1518,2,0,0,2143,2145,C
1-PB2,1519,4,1,0,2124,2129,C
1-PB2,1520,2108,0,0,0,2108,A
1-PB2,1521,2135,1,2,1,2139,A
1-PB2,1522,0,2,0,2134,2136,C
1-PB2,1523,3,0,2141,0,2144,G
1-PB2,1524,0,2132,0,0,2132,T
1-PB2,1525,2,3,2130,0,2135,G
1-PB2,1526,0,0,2145,0,2145,G
1-PB2,1527,1,1,2143,0,2145,G
1-PB2,1528,2126,0,4,1,2131,A
1-PB2,1529,2140,0,1,0,2141,A
1-PB2,1530,0,2088,0,1,2089,T
1-PB2,1531,0,0,2189,0,2189,G
1-PB2,1532,0,2180,0,0,2180,T
1-PB2,1533,2193,0,0,0,2193,A
1-PB2,1534,0,2195,0,1,2196,T
1-PB2,1535,1,2170,0,2,2173,T
1-PB2,1536,2206,0,2,0,2208,A
1-PB2,1537,1,2193,0,2,2196,T
1-PB2,1538,0,2182,0,0,2182,T
1-PB2,1539,2173,1,1,0,2175,A
1-PB2,1540,0,1935,0,1,1936,T
1-PB2,1541,1,0,0,1997,1998,C
1-PB2,1542,0,1967,0,3,1970,T
1-PB2,1543,2,0,0,1978,1980,C
1-PB2,1544,0,0,0,1990,1990,C
1-PB2,1545,12,1928,0,2,1942,T
1-PB2,1546,0,3,1950,0,1953,G
1-PB2,1547,1946,1,2,0,1949,A
1-PB2,1548,1,0,1944,0,1945,G
1-PB2,1549,0,0,1948,0,1948,G
1-PB2,1550,1774,0,1,0,1775,A
1-PB2,1551,0,0,1789,0,1789,G
1-PB2,1552,1,0,1773,0,1774,G
1-PB2,1553,0,1722,1,2,1725,T
1-PB2,1554,1,1,1,1731,1734,C
1-PB2,1555,1717,0,1,0,1718,A
1-PB2,1556,1,0,1744,0,1745,G
1-PB2,1557,0,1740,1,1,1742,T
1-PB2,1558,0,2,1740,0,1742,G
1-PB2,1559,1745,0,1,0,1746,A
1-PB2,1560,1704,0,1,1,1706,A
1-PB2,1561,1703,0,6,0,1709,A
1-PB2,1562,0,0,0,1706,1706,C
1-PB2,1563,1699,1,1,0,1701,A
1-PB2,1564,0,1,0,1700,1701,C
1-PB2,1565,1624,0,3,0,1627,A
1-PB2,1566,2,1,1630,0,1633,G
1-PB2,1567,0,1,1634,0,1635,G
1-PB2,1568,1,1,1648,0,1650,G
1-PB2,1569,1648,0,3,0,1651,A
1-PB2,1570,1638,0,3,0,1641,A
1-PB2,1571,0,0,0,1651,1651,C
1-PB2,1572,0,1629,0,0,1629,T
1-PB2,1573,1,2,1627,0,1630,G
1-PB2,1574,1621,0,5,1,1627,A
1-PB2,1575,1,0,1628,0,1629,G
1-PB2,1576,1592,0,3,0,1595,A
1-PB2,1577,1,4,1549,0,1554,G
1-PB2,1578,1543,2,5,0,1550,A
1-PB2,1579,0,0,0,1552,1552,C
1-PB2,1580,2,1514,0,1,1517,T
1-PB2,1581,0,1,1544,0,1545,G
1-PB2,1582,1532,0,3,1,1536,A
1-PB2,1583,0,0,1,1540,1541,C
1-PB2,1584,1547,0,0,0,1547,A
1-PB2,1585,1539,0,1,0,1540,A
1-PB2,1586,0,1535,1,0,1536,T
1-PB2,1587,1551,0,0,0,1551,A
1-PB2,1588,1552,0,2,0,1554,A
1-PB2,1589,1,1,0,1560,1562,C
1-PB2,1590,0,1454,0,4,1458,T
1-PB2,1591,0,1445,0,0,1445,T
1-PB2,1592,1433,0,0,0,1433,A
1-PB2,1593,0,1432,0,3,1435,T
1-PB2,1594,0,1432,0,1,1433,T
1-PB2,1595,2,0,0,1427,1429,C
1-PB2,1596,1361,0,0,2,1363,A
1-PB2,1597,0,1363,0,0,1363,T
1-PB2,1598,0,0,0,1325,1325,C
1-PB2,1599,2,0,1325,0,1327,G
1-PB2,1600,1,1330,0,1,1332,T
1-PB2,1601,1,0,0,1320,1321,C
1-PB2,1602,0,2,1323,0,1325,G
1-PB2,1603,1325,0,2,0,1327,A
1-PB2,1604,0,1326,0,0,1326,T
1-PB2,1605,1,2,1327,0,1330,G
1-PB2,1606,1330,0,0,0,1330,A
1-PB2,1607,0,1335,0,0,1335,T
1-PB2,1608,2,0,1334,0,1336,G
1-PB2,1609,0,1303,0,0,1303,T
1-PB2,1610,0,0,1300,0,1300,G
1-PB2,1611,0,0,1304,0,1304,G
1-PB2,1612,0,3,1301,0,1304,G
1-PB2,1613,1279,0,1,0,1280,A
1-PB2,1614,0,0,1284,0,1284,G
1-PB2,1615,1232,0,1,0,1233,A
1-PB2,1616,0,1209,0,0,1209,T
1-PB2,1617,0,1185,0,1,1186,T
1-PB2,1618,1187,0,0,0,1187,A
1-PB2,1619,1185,0,0,0,1185,A
1-PB2,1620,0,1,0,1180,1181,C
1-PB2,1621,2,1,1137,0,1140,G
1-PB2,1622,0,2,1153,0,1155,G
1-PB2,1623,0,1085,0,1,1086,T
1-PB2,1624,1,1,0,1073,1075,C
1-PB2,1625,1,1,0,1076,1078,C
1-PB2,1626,0,1049,0,0,1049,T
1-PB2,1627,0,0,1055,0,1055,G
1-PB2,1628,1051,0,0,0,1051,A
1-PB2,1629,0,0,1050,0,1050,G
1-PB2,1630,0,1051,0,3,1054,T
1-PB2,1631,1,0,0,1018,1019,C
1-PB2,1632,0,2,1017,0,1019,G
1-PB2,1633,0,1,1040,0,1041,G
1-PB2,1634,0,1042,0,0,1042,T
1-PB2,1635,0,1042,0,0,1042,T
1-PB2,1636,0,1035,0,0,1035,T
1-PB2,1637,0,1038,0,0,1038,T
1-PB2,1638,1,0,1057,0,1058,G
1-PB2,1639,1,0,1057,0,1058,G
1-PB2,1640,1,1060,0,0,1061,T
1-PB2,1641,1,0,0,1060,1061,C
1-PB2,1642,1044,0,1,0,1045,A
1-PB2,1643,1075,0,0,0,1075,A
1-PB2,1644,0,1076,0,3,1079,T
1-PB2,1645,1087,0,0,0,1087,A
1-PB2,1646,0,0,0,1103,1103,C
1-PB2,1647,1,0,0,1061,1062,C
1-PB2,1648,1,1053,1,1,1056,T
1-PB2,1649,1070,0,0,0,1070,A
1-PB2,1650,0,1063,0,2,1065,T
1-PB2,1651,2,0,0,1068,1070,C
1-PB2,1652,1023,0,2,0,1025,A
1-PB2,1653,1025,0,0,0,1025,A
1-PB2,1654,0,1027,0,0,1027,T
1-PB2,1655,0,1,1002,0,1003,G
1-PB2,1656,0,0,1001,1,1002,G
1-PB2,1657,992,0,0,1,993,A
1-PB2,1658,0,976,0,1,977,T
1-PB2,1659,2,1,0,973,976,C
1-PB2,1660,979,0,0,0,979,A
1-PB2,1661,0,976,0,1,977,T
1-PB2,1662,1,0,0,977,978,C
1-PB2,1663,977,0,1,0,978,A
1-PB2,1664,0,0,985,0,985,G
1-PB2,1665,982,1,0,0,983,A
1-PB2,1666,980,0,1,0,981,A
1-PB2,1667,983,0,2,0,985,A
1-PB2,1668,0,989,0,0,989,T
1-PB2,1669,0,987,0,1,988,T
1-PB2,1670,0,3,980,0,983,G
1-PB2,1671,0,0,981,0,981,G
1-PB2,1672,0,0,977,0,977,G
1-PB2,1673,976,0,1,0,977,A
1-PB2,1674,971,0,1,0,972,A
1-PB2,1675,0,0,974,0,974,G
1-PB2,1676,0,0,0,974,974,C
1-PB2,1677,0,969,0,0,969,T
1-PB2,1678,0,0,988,0,988,G
1-PB2,1679,0,982,0,1,983,T
1-PB2,1680,1,0,0,980,981,C
1-PB2,1681,985,0,1,0,986,A
1-PB2,1682,991,0,0,0,991,A
1-PB2,1683,993,0,0,0,993,A
1-PB2,1684,1002,0,1,0,1003,A
1-PB2,1685,0,1006,0,0,1006,T
1-PB2,1686,0,996,0,1,997,T
1-PB2,1687,1,0,0,990,991,C
1-PB2,1688,984,0,0,0,984,A
1-PB2,1689,981,0,1,0,982,A
1-PB2,1690,1,983,0,1,985,T
1-PB2,1691,0,3,979,0,982,G
1-PB2,1692,0,0,995,0,995,G
1-PB2,1693,0,1008,1,0,1009,T
1-PB2,1694,0,0,0,1005,1005,C
1-PB2,1695,0,1014,0,1,1015,T
1-PB2,1696,2,1,0,1017,1020,C
1-PB2,1697,1019,0,0,0,1019,A
1-PB2,1698,0,1,1017,0,1018,G
1-PB2,1699,1017,0,1,0,1018,A
1-PB2,1700,1015,0,0,0,1015,A
1-PB2,1701,1,1006,0,0,1007,T
1-PB2,1702,1,1,0,988,990,C
1-PB2,1703,0,0,0,991,991,C
1-PB2,1704,0,986,0,0,986,T
1-PB2,1705,0,0,989,0,989,G
1-PB2,1706,0,0,0,984,984,C
1-PB2,1707,987,0,2,0,989,A
1-PB2,1708,1003,0,0,0,1003,A
1-PB2,1709,0,986,0,2,988,T
1-PB2,1710,0,0,1014,0,1014,G
1-PB2,1711,1,1014,0,0,1015,T
1-PB2,1712,0,996,0,0,996,T
1-PB2,1713,0,0,1005,0,1005,G
1-PB2,1714,0,1004,0,1,1005,T
1-PB2,1715,1005,0,0,0,1005,A
1-PB2,1716,0,0,1,1004,1005,C
1-PB2,1717,988,0,1,0,989,A
1-PB2,1718,1002,0,0,0,1002,A
1-PB2,1719,0,0,0,997,997,C
1-PB2,1720,979,0,0,0,979,A
1-PB2,1721,981,0,0,0,981,A
1-PB2,1722,968,0,0,0,968,A
1-PB2,1723,970,0,1,0,971,A
1-PB2,1724,0,972,0,0,972,T
1-PB2,1725,0,1,968,0,969,G
1-PB2,1726,1,1,962,1,965,G
1-PB2,1727,966,0,0,0,966,A
1-PB2,1728,970,0,2,0,972,A
1-PB2,1729,0,971,0,0,971,T
1-PB2,1730,0,967,0,0,967,T
1-PB2,1731,0,970,0,0,970,T
1-PB2,1732,0,3,967,0,970,G
1-PB2,1733,971,0,1,0,972,A
1-PB2,1734,971,0,0,0,971,A
1-PB2,1735,1,0,0,968,969,C
1-PB2,1736,0,0,0,940,940,C
1-PB2,1737,951,0,0,0,951,A
1-PB2,1738,1,957,0,1,959,T
1-PB2,1739,0,956,0,0,956,T
1-PB2,1740,0,959,0,0,959,T
1-PB2,1741,1,0,0,955,956,C
1-PB2,1742,961,1,0,0,962,A
1-PB2,1743,960,1,0,0,961,A
1-PB2,1744,0,957,0,0,957,T
1-PB2,1745,0,2,0,973,975,C
1-PB2,1746,0,951,0,0,951,T
1-PB2,1747,0,952,0,0,952,T
1-PB2,1748,1,954,0,0,955,T
1-PB2,1749,957,0,0,0,957,A
1-PB2,1750,0,0,957,0,957,G
1-PB2,1751,1,948,0,2,951,T
1-PB2,1752,0,4,0,967,971,C
1-PB2,1753,0,0,0,972,972,C
1-PB2,1754,0,0,0,962,962,C
1-PB2,1755,1,0,1,959,961,C
1-PB2,1756,956,0,2,0,958,A
1-PB2,1757,962,0,0,0,962,A
1-PB2,1758,1,1,989,0,991,G
1-PB2,1759,0,0,989,0,989,G
1-PB2,1760,0,0,0,984,984,C
1-PB2,1761,0,0,0,958,958,C
1-PB2,1762,961,0,0,0,961,A
1-PB2,1763,0,967,1,1,969,T
1-PB2,1764,0,970,0,0,970,T
1-PB2,1765,973,0,0,0,973,A
1-PB2,1766,0,0,973,0,973,G
1-PB2,1767,944,0,0,0,944,A
1-PB2,1768,992,0,0,0,992,A
1-PB2,1769,0,0,1008,0,1008,G
1-PB2,1770,1,1,0,1011,1013,C
1-PB2,1771,1,0,0,1009,1010,C
1-PB2,1772,994,1,0,0,995,A
1-PB2,1773,1000,0,0,0,1000,A
1-PB2,1774,0,1006,0,0,1006,T
1-PB2,1775,1011,0,0,0,1011,A
1-PB2,1776,1,0,0,1014,1015,C
1-PB2,1777,938,0,2,0,940,A
1-PB2,1778,0,0,942,0,942,G
1-PB2,1779,0,923,0,0,923,T
1-PB2,1780,1,0,932,0,933,G
1-PB2,1781,0,2,928,0,930,G
1-PB2,1782,0,0,932,0,932,G
1-PB2,1783,0,926,0,1,927,T
1-PB2,1784,0,917,0,0,917,T
1-PB2,1785,0,917,0,1,918,T
1-PB2,1786,0,0,931,0,931,G
1-PB2,1787,0,930,0,1,931,T
1-PB2,1788,1,0,0,928,929,C
1-PB2,1789,919,1,1,0,921,A
1-PB2,1790,0,0,925,0,925,G
1-PB2,1791,926,0,0,0,926,A
1-PB2,1792,924,0,0,0,924,A
1-PB2,1793,0,0,0,921,921,C
1-PB2,1794,0,893,0,3,896,T
1-PB2,1795,1,0,0,926,927,C
1-PB2,1796,0,929,0,1,930,T
1-PB2,1797,938,0,0,0,938,A
1-PB2,1798,0,937,0,0,937,T
1-PB2,1799,1,934,0,1,936,T
1-PB2,1800,2,0,0,936,938,C
1-PB2,1801,1,1,1,923,926,C
1-PB2,1802,924,0,1,0,925,A
1-PB2,1803,929,0,0,0,929,A
1-PB2,1804,0,0,0,927,927,C
1-PB2,1805,921,0,1,0,922,A
1-PB2,1806,920,0,0,0,920,A
1-PB2,1807,916,0,1,0,917,A
1-PB2,1808,0,921,0,2,923,T
1-PB2,1809,0,0,927,0,927,G
1-PB2,1810,919,0,1,0,920,A
1-PB2,1811,0,2,930,0,932,G
1-PB2,1812,924,0,1,0,925,A
1-PB2,1813,0,1,926,0,927,G
1-PB2,1814,926,0,4,0,930,A
1-PB2,1815,0,0,0,925,925,C
1-PB2,1816,2,0,931,0,933,G
1-PB2,1817,0,939,0,0,939,T
1-PB2,1818,949,0,1,0,950,A
1-PB2,1819,0,0,0,950,950,C
1-PB2,1820,0,949,0,2,951,T
1-PB2,1821,0,951,0,0,951,T
1-PB2,1822,0,1,941,0,942,G
1-PB2,1823,0,0,942,0,942,G
1-PB2,1824,0,0,950,0,950,G
1-PB2,1825,937,0,2,0,939,A
1-PB2,1826,0,0,0,942,942,C
1-PB2,1827,942,0,0,0,942,A
1-PB2,1828,0,939,1,2,942,T
1-PB2,1829,0,950,0,0,950,T
1-PB2,1830,0,952,0,0,952,T
1-PB2,1831,0,2,949,0,951,G
1-PB2,1832,950,0,1,0,951,A
1-PB2,1833,0,0,0,953,953,C
1-PB2,1834,951,0,1,0,952,A
1-PB2,1835,0,0,1,954,955,C
1-PB2,1836,0,0,0,937,937,C
1-PB2,1837,938,0,1,1,940,A
1-PB2,1838,0,1,0,949,950,C
1-PB2,1839,0,0,0,950,950,C
1-PB2,1840,0,1,0,949,950,C
1-PB2,1841,951,0,0,0,951,A
1-PB2,1842,0,0,961,0,961,G
1-PB2,1843,959,0,0,0,959,A
1-PB2,1844,0,994,0,0,994,T
1-PB2,1845,986,0,0,0,986,A
1-PB2,1846,981,0,2,1,984,A
1-PB2,1847,0,975,0,0,975,T
1-PB2,1848,974,0,0,0,974,A
1-PB2,1849,975,0,1,1,977,A
1-PB2,1850,964,0,1,1,966,A
1-PB2,1851,1,0,976,0,977,G
1-PB2,1852,1,0,0,977,978,C
1-PB2,1853,1,939,0,0,940,T
1-PB2,1854,1,946,0,0,947,T
1-PB2,1855,0,2,0,941,943,C
1-PB2,1856,0,940,0,1,941,T
1-PB2,1857,3,0,0,953,956,C
1-PB2,1858,0,0,0,957,957,C
1-PB2,1859,1,0,0,952,953,C
1-PB2,1860,0,0,0,930,930,C
1-PB2,1861,0,950,0,0,950,T
1-PB2,1862,0,955,0,0,955,T
1-PB2,1863,0,955,0,0,955,T
1-PB2,1864,1,0,955,0,956,G
1-PB2,1865,1,1,0,957,959,C
1-PB2,1866,949,1,0,0,950,A
1-PB2,1867,0,0,953,0,953,G
1-PB2,1868,0,0,0,940,940,C
1-PB2,1869,0,930,0,0,930,T
1-PB2,1870,1,0,934,0,935,G
1-PB2,1871,0,1,0,931,932,C
1-PB2,1872,0,931,0,1,932,T
1-PB2,1873,0,0,0,944,944,C
1-PB2,1874,1,0,0,949,950,C
1-PB2,1875,951,0,0,0,951,A
1-PB2,1876,0,0,0,954,954,C
1-PB2,1877,1,0,0,952,953,C
1-PB2,1878,947,0,1,0,948,A
1-PB2,1879,946,1,0,0,947,A
1-PB2,1880,943,1,3,0,947,A
1-PB2,1881,0,0,952,0,952,G
1-PB2,1882,0,1,0,947,948,C
1-PB2,1883,939,0,2,0,941,A
1-PB2,1884,940,0,1,0,941,A
1-PB2,1885,938,0,1,0,939,A
1-PB2,1886,0,1,953,0,954,G
1-PB2,1887,0,0,0,957,957,C
1-PB2,1888,952,0,0,1,953,A
1-PB2,1889,0,1,956,0,957,G
1-PB2,1890,949,0,0,0,949,A
1-PB2,1891,957,0,0,0,957,A
1-PB2,1892,0,958,0,1,959,T
1-PB2,1893,0,0,955,0,955,G
1-PB2,1894,0,0,0,956,956,C
1-PB2,1895,938,0,3,0,941,A
1-PB2,1896,0,0,955,0,955,G
1-PB2,1897,0,953,0,0,953,T
1-PB2,1898,0,980,0,0,980,T
1-PB2,1899,0,0,0,982,982,C
1-PB2,1900,0,954,0,3,957,T
1-PB2,1901,1,0,0,971,972,C
1-PB2,1902,0,973,0,5,978,T
1-PB2,1903,0,976,0,0,976,T
1-PB2,1904,0,0,0,979,979,C
1-PB2,1905,970,0,0,0,970,A
1-PB2,1906,0,0,0,971,971,C
1-PB2,1907,0,938,0,0,938,T
1-PB2,1908,1,2,945,0,948,G
1-PB2,1909,941,0,1,0,942,A
1-PB2,1910,1,0,0,963,964,C
1-PB2,1911,0,952,0,0,952,T
1-PB2,1912,0,0,960,0,960,G
1-PB2,1913,0,958,0,0,958,T
1-PB2,1914,0,0,967,0,967,G
1-PB2,1915,969,0,2,0,971,A
1-PB2,1916,990,0,1,0,991,A
1-PB2,1917,1,985,0,1,987,T
1-PB2,1918,0,0,985,0,985,G
1-PB2,1919,0,959,0,1,960,T
1-PB2,1920,926,0,1,0,927,A
1-PB2,1921,932,0,1,0,933,A
1-PB2,1922,0,2,938,0,940,G
1-PB2,1923,0,0,940,1,941,G
1-PB2,1924,0,0,945,0,945,G
1-PB2,1925,0,1,950,0,951,G
1-PB2,1926,941,0,2,0,943,A
1-PB2,1927,0,940,0,0,940,T
1-PB2,1928,1,1,0,935,937,C
1-PB2,1929,937,0,2,0,939,A
1-PB2,1930,0,2,951,0,953,G
1-PB2,1931,1,0,949,0,950,G
1-PB2,1932,0,2,957,0,959,G
1-PB2,1933,952,0,1,0,953,A
1-PB2,1934,0,933,0,1,934,T
1-PB2,1935,0,2,930,0,932,G
1-PB2,1936,923,0,1,0,924,A
1-PB2,1937,1,1,945,0,947,G
1-PB2,1938,945,0,1,0,946,A
1-PB2,1939,926,0,0,0,926,A
1-PB2,1940,0,932,0,1,933,T
1-PB2,1941,924,0,0,0,924,A
1-PB2,1942,0,0,0,943,943,C
1-PB2,1943,0,933,0,2,935,T
1-PB2,1944,0,932,0,1,933,T
1-PB2,1945,1,0,929,0,930,G
1-PB2,1946,0,910,0,0,910,T
1-PB2,1947,906,0,0,0,906,A
1-PB2,1948,897,0,0,2,899,A
1-PB2,1949,0,1,888,0,889,G
1-PB2,1950,0,1,892,0,893,G
1-PB2,1951,0,0,877,0,877,G
1-PB2,1952,1,0,875,0,876,G
1-PB2,1953,0,0,0,886,886,C
1-PB2,1954,887,0,0,0,887,A
1-PB2,1955,902,0,0,0,902,A
1-PB2,1956,0,900,0,0,900,T
1-PB2,1957,0,902,0,0,902,T
1-PB2,1958,0,0,0,922,922,C
1-PB2,1959,0,906,1,0,907,T
1-PB2,1960,0,0,1,914,915,C
1-PB2,1961,1,0,0,916,917,C
1-PB2,1962,0,913,1,1,915,T
1-PB2,1963,0,0,941,0,941,G
1-PB2,1964,0,926,0,0,926,T
1-PB2,1965,928,0,0,0,928,A
1-PB2,1966,0,928,0,2,930,T
1-PB2,1967,0,902,0,1,903,T
1-PB2,1968,2,0,0,900,902,C
1-PB2,1969,895,0,0,0,895,A
1-PB2,1970,903,0,0,0,903,A
1-PB2,1971,0,0,0,907,907,C
1-PB2,1972,0,883,0,1,884,T
1-PB2,1973,884,0,0,1,885,A
1-PB2,1974,0,0,0,909,909,C
1-PB2,1975,904,0,1,0,905,A
1-PB2,1976,907,0,0,1,908,A
1-PB2,1977,0,1,0,904,905,C
1-PB2,1978,894,1,0,0,895,A
1-PB2,1979,896,0,0,0,896,A
1-PB2,1980,0,3,891,0,894,G
1-PB2,1981,888,1,4,0,893,A
1-PB2,1982,0,0,0,899,899,C
1-PB2,1983,0,0,0,882,882,C
1-PB2,1984,877,0,2,0,879,A
1-PB2,1985,0,0,0,917,917,C
1-PB2,1986,0,914,0,0,914,T
1-PB2,1987,914,0,0,0,914,A
1-PB2,1988,912,0,0,0,912,A
1-PB2,1989,912,2,1,0,915,A
1-PB2,1990,914,0,1,0,915,A
1-PB2,1991,0,0,920,0,920,G
1-PB2,1992,907,1,1,0,909,A
1-PB2,1993,0,0,0,910,910,C
1-PB2,1994,0,879,0,1,880,T
1-PB2,1995,880,0,0,0,880,A
1-PB2,1996,879,0,0,0,879,A
1-PB2,1997,0,2,0,877,879,C
1-PB2,1998,876,0,1,0,877,A
1-PB2,1999,876,1,0,1,878,A
1-PB2,2000,0,856,0,0,856,T
1-PB2,2001,0,852,0,0,852,T
1-PB2,2002,1,0,0,863,864,C
1-PB2,2003,0,856,0,0,856,T
1-PB2,2004,0,0,0,860,860,C
1-PB2,2005,0,0,861,0,861,G
1-PB2,2006,1,1,860,0,862,G
1-PB2,2007,861,0,0,0,861,A
1-PB2,2008,860,0,0,0,860,A
1-PB2,2009,862,0,0,0,862,A
1-PB2,2010,855,0,2,0,857,A
1-PB2,2011,0,1,859,0,860,G
1-PB2,2012,860,0,1,0,861,A
1-PB2,2013,0,864,0,0,864,T
1-PB2,2014,0,0,863,0,863,G
1-PB2,2015,1,0,0,855,856,C
1-PB2,2016,0,2,0,855,857,C
1-PB2,2017,0,0,859,0,859,G
1-PB2,2018,0,0,853,0,853,G
1-PB2,2019,0,0,0,862,862,C
1-PB2,2020,863,0,0,0,863,A
1-PB2,2021,0,0,0,874,874,C
1-PB2,2022,0,863,1,2,866,T
1-PB2,2023,0,866,0,0,866,T
1-PB2,2024,0,869,0,0,869,T
1-PB2,2025,867,0,0,0,867,A
1-PB2,2026,873,0,1,0,874,A
1-PB2,2027,0,871,0,0,871,T
1-PB2,2028,0,868,0,0,868,T
1-PB2,2029,0,0,864,0,864,G
1-PB2,2030,850,0,3,0,853,A
1-PB2,2031,851,0,0,0,851,A
1-PB2,2032,0,1,855,0,856,G
1-PB2,2033,869,0,2,0,871,A
1-PB2,2034,1,1,0,873,875,C
1-PB2,2035,1,1,0,865,867,C
1-PB2,2036,1,1,0,869,871,C
1-PB2,2037,861,0,3,0,864,A
1-PB2,2038,0,0,885,0,885,G
1-PB2,2039,883,0,0,0,883,A
1-PB2,2040,0,884,0,0,884,T
1-PB2,2041,1,1,882,0,884,G
1-PB2,2042,862,0,1,0,863,A
1-PB2,2043,863,0,1,0,864,A
1-PB2,2044,866,0,3,0,869,A
1-PB2,2045,1,0,864,0,865,G
1-PB2,2046,0,0,0,868,868,C
1-PB2,2047,852,0,0,0,852,A
1-PB2,2048,0,0,0,860,860,C
1-PB2,2049,861,0,0,0,861,A
1-PB2,2050,0,858,0,0,858,T
1-PB2,2051,0,0,0,862,862,C
1-PB2,2052,1,1,0,861,863,C
1-PB2,2053,0,0,867,0,867,G
1-PB2,2054,0,2,865,0,867,G
1-PB2,2055,860,0,0,0,860,A
1-PB2,2056,0,0,862,0,862,G
1-PB2,2057,0,851,0,3,854,T
1-PB2,2058,0,0,850,0,850,G
1-PB2,2059,0,3,846,0,849,G
1-PB2,2060,841,0,4,0,845,A
1-PB2,2061,0,0,847,0,847,G
1-PB2,2062,0,836,0,0,836,T
1-PB2,2063,1,0,0,831,832,C
1-PB2,2064,1,0,0,835,836,C
1-PB2,2065,1,0,831,0,832,G
1-PB2,2066,0,0,0,829,829,C
1-PB2,2067,2,0,0,825,827,C
1-PB2,2068,1,0,839,0,840,G
1-PB2,2069,0,841,0,1,842,T
1-PB2,2070,1,0,0,844,845,C
1-PB2,2071,0,843,0,0,843,T
1-PB2,2072,0,844,0,0,844,T
1-PB2,2073,0,0,848,0,848,G
1-PB2,2074,837,1,2,0,840,A
1-PB2,2075,0,0,842,0,842,G
1-PB2,2076,837,0,0,0,837,A
1-PB2,2077,0,2,812,0,814,G
1-PB2,2078,0,0,815,0,815,G
1-PB2,2079,1,0,812,0,813,G
1-PB2,2080,0,800,0,1,801,T
1-PB2,2081,0,798,0,0,798,T
1-PB2,2082,0,801,0,1,802,T
1-PB2,2083,1,0,0,803,804,C
1-PB2,2084,0,803,0,1,804,T
1-PB2,2085,1,0,0,842,843,C
1-PB2,2086,835,0,1,0,836,A
1-PB2,2087,0,825,0,1,826,T
1-PB2,2088,0,821,0,0,821,T
1-PB2,2089,822,0,0,0,822,A
1-PB2,2090,0,820,0,0,820,T
1-PB2,2091,804,0,0,0,804,A
1-PB2,2092,0,1,806,0,807,G
1-PB2,2093,0,0,811,0,811,G
1-PB2,2094,1,748,0,0,749,T
1-PB2,2095,747,0,1,0,748,A
1-PB2,2096,744,0,0,0,744,A
1-PB2,2097,0,0,749,0,749,G
1-PB2,2098,0,0,751,0,751,G
1-PB2,2099,738,0,2,0,740,A
1-PB2,2100,728,0,3,0,731,A
1-PB2,2101,0,2,730,0,732,G
1-PB2,2102,721,0,2,0,723,A
1-PB2,2103,0,0,0,728,728,C
1-PB2,2104,729,0,1,0,730,A
1-PB2,2105,1,0,731,0,732,G
1-PB2,2106,717,0,3,0,720,A
1-PB2,2107,712,0,1,0,713,A
1-PB2,2108,0,0,713,0,713,G
1-PB2,2109,0,0,689,0,689,G
1-PB2,2110,0,706,0,1,707,T
1-PB2,2111,709,0,1,0,710,A
1-PB2,2112,0,1,0,708,709,C
1-PB2,2113,0,0,703,0,703,G
1-PB2,2114,0,1,721,0,722,G
1-PB2,2115,722,0,1,0,723,A
1-PB2,2116,0,0,0,722,722,C
1-PB2,2117,1,0,0,715,716,C
1-PB2,2118,688,0,0,0,688,A
1-PB2,2119,2,0,708,0,710,G
1-PB2,2120,1,1,0,707,709,C
1-PB2,2121,713,0,0,0,713,A
1-PB2,2122,0,710,0,1,711,T
1-PB2,2123,0,678,0,1,679,T
1-PB2,2124,677,0,0,0,677,A
1-PB2,2125,677,0,0,0,677,A
1-PB2,2126,0,0,680,0,680,G
1-PB2,2127,0,0,0,678,678,C
1-PB2,2128,644,0,0,0,644,A
1-PB2,2129,0,659,0,1,660,T
1-PB2,2130,0,0,0,660,660,C
1-PB2,2131,663,0,0,0,663,A
1-PB2,2132,664,0,0,0,664,A
1-PB2,2133,0,662,0,0,662,T
1-PB2,2134,0,0,662,0,662,G
1-PB2,2135,654,0,0,0,654,A
1-PB2,2136,654,0,0,0,654,A
1-PB2,2137,0,0,0,663,663,C
1-PB2,2138,1,619,0,2,622,T
1-PB2,2139,0,0,632,0,632,G
1-PB2,2140,627,0,0,0,627,A
1-PB2,2141,0,0,625,0,625,G
1-PB2,2142,0,625,0,0,625,T
1-PB2,2143,617,0,0,0,617,A
1-PB2,2144,617,0,0,0,617,A
1-PB2,2145,0,0,0,615,615,C
1-PB2,2146,0,0,0,601,601,C
1-PB2,2147,0,599,0,0,599,T
1-PB2,2148,0,574,0,0,574,T
1-PB2,2149,0,0,576,0,576,G
1-PB2,2150,0,0,0,579,579,C
1-PB2,2151,578,0,0,0,578,A
1-PB2,2152,577,0,0,1,578,A
1-PB2,2153,571,0,0,0,571,A
1-PB2,2154,566,0,0,0,566,A
1-PB2,2155,0,0,567,0,567,G
1-PB2,2156,0,1,569,0,570,G
1-PB2,2157,0,0,568,0,568,G
1-PB2,2158,0,2,567,0,569,G
1-PB2,2159,571,1,1,0,573,A
1-PB2,2160,573,0,0,0,573,A
1-PB2,2161,570,0,2,0,572,A
1-PB2,2162,570,0,0,0,570,A
1-PB2,2163,0,0,572,0,572,G
1-PB2,2164,0,0,570,0,570,G
1-PB2,2165,0,0,1,564,565,C
1-PB2,2166,0,560,0,1,561,T
1-PB2,2167,566,0,0,0,566,A
1-PB2,2168,563,0,0,0,563,A
1-PB2,2169,0,564,0,0,564,T
1-PB2,2170,0,0,576,0,576,G
1-PB2,2171,0,555,0,1,556,T
1-PB2,2172,2,0,546,0,548,G
1-PB2,2173,1,0,0,544,545,C
1-PB2,2174,0,541,0,0,541,T
1-PB2,2175,543,0,0,0,543,A
1-PB2,2176,543,0,0,0,543,A
1-PB2,2177,1,541,0,0,542,T
1-PB2,2178,0,0,0,536,536,C
1-PB2,2179,0,1,521,0,522,G
1-PB2,2180,0,0,524,0,524,G
1-PB2,2181,0,0,526,0,526,G
1-PB2,2182,0,0,0,522,522,C
1-PB2,2183,524,0,0,0,524,A
1-PB2,2184,522,0,0,0,522,A
1-PB2,2185,0,0,525,0,525,G
1-PB2,2186,0,0,527,0,527,G
1-PB2,2187,526,0,0,0,526,A
1-PB2,2188,0,0,527,0,527,G
1-PB2,2189,504,0,1,0,505,A
1-PB2,2190,0,0,0,504,504,C
1-PB2,2191,0,0,506,0,506,G
1-PB2,2192,0,501,0,0,501,T
1-PB2,2193,0,1,502,0,503,G
1-PB2,2194,0,0,506,0,506,G
1-PB2,2195,0,495,0,0,495,T
1-PB2,2196,0,0,494,0,494,G
1-PB2,2197,0,485,0,0,485,T
1-PB2,2198,0,483,0,0,483,T
1-PB2,2199,0,1,482,0,483,G
1-PB2,2200,0,0,475,0,475,G
1-PB2,2201,0,475,0,0,475,T
1-PB2,2202,467,0,0,0,467,A
1-PB2,2203,462,0,0,0,462,A
1-PB2,2204,0,460,0,0,460,T
1-PB2,2205,0,1,452,0,453,G
1-PB2,2206,453,0,0,0,453,A
1-PB2,2207,445,0,0,0,445,A
1-PB2,2208,445,0,1,0,446,A
1-PB2,2209,0,0,0,443,443,C
1-PB2,2210,0,1,446,0,447,G
1-PB2,2211,446,0,0,0,446,A
1-PB2,2212,447,0,0,0,447,A
1-PB2,2213,446,0,0,0,446,A
1-PB2,2214,448,0,0,0,448,A
1-PB2,2215,0,0,0,450,450,C
1-PB2,2216,0,0,448,0,448,G
1-PB2,2217,0,0,446,1,447,G
1-PB2,2218,0,2,446,0,448,G
1-PB2,2219,448,0,0,0,448,A
1-PB2,2220,1,0,0,448,449,C
1-PB2,2221,0,441,0,2,443,T
1-PB2,2222,0,0,0,455,455,C
1-PB2,2223,0,454,0,0,454,T
1-PB2,2224,458,0,0,0,458,A
1-PB2,2225,0,0,455,0,455,G
1-PB2,2226,0,0,0,446,446,C
1-PB2,2227,443,0,0,0,443,A
1-PB2,2228,0,439,0,0,439,T
1-PB2,2229,426,0,0,0,426,A
1-PB2,2230,0,0,0,426,426,C
1-PB2,2231,0,358,0,0,358,T
1-PB2,2232,0,355,0,1,356,T
1-PB2,2233,352,0,0,0,352,A
1-PB2,2234,0,0,0,350,350,C
1-PB2,2235,0,348,0,0,348,T
1-PB2,2236,0,1,347,0,348,G
1-PB2,2237,342,0,0,0,342,A
1-PB2,2238,0,0,0,342,342,C
1-PB2,2239,315,0,0,0,315,A
1-PB2,2240,0,0,317,0,317,G
1-PB2,2241,0,0,0,316,316,C
1-PB2,2242,0,0,0,313,313,C
1-PB2,2243,309,0,1,0,310,A
1-PB2,2244,0,1,311,0,312,G
1-PB2,2245,311,1,0,0,312,A
1-PB2,2246,0,0,0,312,312,C
1-PB2,2247,300,0,1,0,301,A
1-PB2,2248,0,0,300,0,300,G
1-PB2,2249,0,0,0,286,286,C
1-PB2,2250,0,1,287,0,288,G
1-PB2,2251,288,0,0,0,288,A
1-PB2,2252,0,0,0,287,287,C
1-PB2,2253,1,0,0,286,287,C
1-PB2,2254,287,0,0,0,287,A
1-PB2,2255,288,0,0,0,288,A
1-PB2,2256,286,0,0,0,286,A
1-PB2,2257,287,0,0,0,287,A
1-PB2,2258,0,1,286,0,287,G
1-PB2,2259,282,0,0,0,282,A
1-PB2,2260,282,0,0,0,282,A
1-PB2,2261,0,279,0,0,279,T
1-PB2,2262,0,280,0,0,280,T
1-PB2,2263,1,0,0,280,281,C
1-PB2,2264,0,1,273,0,274,G
1-PB2,2265,0,0,275,0,275,G
1-PB2,2266,277,0,0,0,277,A
1-PB2,2267,0,268,0,0,268,T
1-PB2,2268,0,0,268,0,268,G
1-PB2,2269,0,0,268,0,268,G
1-PB2,2270,0,0,0,267,267,C
1-PB2,2271,1,0,0,265,266,C
1-PB2,2272,267,0,1,0,268,A
1-PB2,2273,0,266,0,0,266,T
1-PB2,2274,0,0,0,263,263,C
1-PB2,2275,265,0,0,0,265,A
1-PB2,2276,265,0,0,0,265,A
1-PB2,2277,0,264,0,0,264,T
1-PB2,2278,0,250,0,0,250,T
1-PB2,2279,236,0,0,0,236,A
1-PB2,2280,234,0,0,0,234,A
2-PB1,1,187,0,0,0,187,A
2-PB1,2,0,187,0,0,187,T
2-PB1,3,0,0,187,0,187,G
2-PB1,4,0,1,197,0,198,G
2-PB1,5,220,0,0,0,220,A
2-PB1,6,0,240,0,0,240,T
2-PB1,7,0,0,242,0,242,G
2-PB1,8,0,242,0,0,242,T
2-PB1,9,0,0,0,263,263,C
2-PB1,10,268,0,1,0,269,A
2-PB1,11,285,0,0,0,285,A
2-PB1,12,0,288,0,0,288,T
2-PB1,13,0,0,0,293,293,C
2-PB1,14,0,1,0,309,310,C
2-PB1,15,0,2,312,0,314,G
2-PB1,16,351,0,0,0,351,A
2-PB1,17,0,0,0,358,358,C
2-PB1,18,0,359,0,0,359,T
2-PB1,19,0,0,0,415,415,C
2-PB1,20,0,415,0,0,415,T
2-PB1,21,416,0,1,0,417,A
2-PB1,22,0,0,0,416,416,C
2-PB1,23,0,417,0,0,417,T
2-PB1,24,0,1,459,0,460,G
2-PB1,25,0,462,0,1,463,T
2-PB1,26,0,462,0,0,462,T
2-PB1,27,0,0,0,462,462,C
2-PB1,28,0,0,0,462,462,C
2-PB1,29,0,552,0,0,552,T
2-PB1,30,561,0,0,0,561,A
2-PB1,31,562,0,0,0,562,A
2-PB1,32,561,0,2,0,563,A
2-PB1,33,0,0,570,0,570,G
2-PB1,34,0,0,573,0,573,G
2-PB1,35,0,577,0,0,577,T
2-PB1,36,1,573,0,1,575,T
2-PB1,37,0,0,0,576,576,C
2-PB1,38,0,0,0,573,573,C
2-PB1,39,576,0,0,0,576,A
2-PB1,40,0,1,586,0,587,G
2-PB1,41,0,0,0,588,588,C
2-PB1,42,2,0,588,0,590,G
2-PB1,43,0,0,0,591,591,C
2-PB1,44,592,0,1,0,593,A
2-PB1,45,592,1,1,0,594,A
2-PB1,46,593,0,1,0,594,A
2-PB1,47,596,0,0,1,597,A
2-PB1,48,0,602,0,0,602,T
2-PB1,49,1,1,626,0,628,G
2-PB1,50,0,0,0,630,630,C
2-PB1,51,0,0,0,631,631,C
2-PB1,52,630,1,0,0,631,A
2-PB1,53,0,633,0,0,633,T
2-PB1,54,679,0,0,0,679,A
2-PB1,55,679,0,0,0,679,A
2-PB1,56,0,0,715,0,715,G
2-PB1,57,0,0,0,712,712,C
2-PB1,58,711,0,0,0,711,A
2-PB1,59,1,1,0,746,748,C
2-PB1,60,749,0,0,0,749,A
2-PB1,61,795,0,0,0,795,A
2-PB1,62,0,0,0,798,798,C
2-PB1,63,802,0,0,0,802,A
2-PB1,64,0,809,0,1,810,T
2-PB1,65,0,800,0,2,802,T
2-PB1,66,0,0,0,1024,1024,C
2-PB1,67,0,0,0,1025,1025,C
2-PB1,68,1,1,0,1041,1043,C
2-PB1,69,0,1050,0,0,1050,T
2-PB1,70,0,1045,0,1,1046,T
2-PB1,71,1154,0,0,0,1154,A
2-PB1,72,0,1157,0,1,1158,T
2-PB1,73,1156,0,3,0,1159,A
2-PB1,74,0,1,0,1167,1168,C
2-PB1,75,0,1132,0,2,1134,T
2-PB1,76,1,0,1142,0,1143,G
2-PB1,77,0,2,1143,0,1145,G
2-PB1,78,1145,1,2,0,1148,A
2-PB1,79,0,0,1148,0,1148,G
2-PB1,80,1141,0,1,0,1142,A
2-PB1,81,0,1143,0,0,1143,T
2-PB1,82,0,1,0,1211,1212,C
2-PB1,83,3,0,0,1217,1220,C
2-PB1,84,0,1222,0,1,1223,T
2-PB1,85,2,0,0,1290,1292,C
2-PB1,86,1,2,0,1291,1294,C
2-PB1,87,1306,0,2,0,1308,A
2-PB1,88,0,1310,0,0,1310,T
2-PB1,89,1303,0,0,0,1303,A
2-PB1,90,0,0,0,1302,1302,C
2-PB1,91,1301,0,0,0,1301,A
2-PB1,92,0,0,1357,0,1357,G
2-PB1,93,0,0,0,1371,1371,C
2-PB1,94,2,0,0,1368,1370,C
2-PB1,95,1368,0,1,0,1369,A
2-PB1,96,0,1369,0,1,1370,T
2-PB1,97,1,0,1372,0,1373,G
2-PB1,98,0,2,1432,0,1434,G
2-PB1,99,1443,1,2,1,1447,A
2-PB1,100,1448,1,2,0,1451,A
2-PB1,101,1,0,0,1442,1443,C
2-PB1,102,1431,1,4,0,1436,A
2-PB1,103,1,1,1465,0,1467,G
2-PB1,104,1,3,1485,0,1489,G
2-PB1,105,1489,1,0,0,1490,A
2-PB1,106,1496,0,1,1,1498,A
2-PB1,107,0,0,0,1505,1505,C
2-PB1,108,1499,1,2,0,1502,A
2-PB1,109,0,4,1688,0,1692,G
2-PB1,110,0,2,1693,0,1695,G
2-PB1,111,0,0,1716,1,1717,G
2-PB1,112,0,1714,0,0,1714,T
2-PB1,113,1712,0,0,0,1712,A
2-PB1,114,0,2,0,1727,1729,C
2-PB1,115,1783,0,1,0,1784,A
2-PB1,116,1,0,0,1844,1845,C
2-PB1,117,1,0,0,1844,1845,C
2-PB1,118,1802,0,0,1,1803,A
2-PB1,119,0,1801,0,1,1802,T
2-PB1,120,2,2,1795,0,1799,G
2-PB1,121,0,0,1805,0,1805,G
2-PB1,122,1804,0,3,0,1807,A
2-PB1,123,0,1,0,1809,1810,C
2-PB1,124,1784,0,2,0,1786,A
2-PB1,125,0,1,0,1814,1815,C
2-PB1,126,1800,1,2,0,1803,A
2-PB1,127,1,0,1829,0,1830,G
2-PB1,128,0,1826,0,3,1829,T
2-PB1,129,3,0,0,1882,1885,C
2-PB1,130,1881,0,1,0,1882,A
2-PB1,131,1901,0,4,0,1905,A
2-PB1,132,0,0,0,1906,1906,C
2-PB1,133,1898,1,0,0,1899,A
2-PB1,134,1,1,1918,0,1920,G
2-PB1,135,1899,0,2,0,1901,A
2-PB1,136,1896,0,8,0,1904,A
2-PB1,137,0,0,0,1906,1906,C
2-PB1,138,1880,1,0,0,1881,A
2-PB1,139,0,0,0,1881,1881,C
2-PB1,140,1867,1,0,0,1868,A
2-PB1,141,1,1856,0,1,1858,T
2-PB1,142,1,0,0,2009,2010,C
2-PB1,143,2016,0,0,0,2016,A
2-PB1,144,2037,0,1,0,2038,A
2-PB1,145,0,2064,0,0,2064,T
2-PB1,146,2125,0,2,0,2127,A
2-PB1,147,0,2126,0,1,2127,T
2-PB1,148,0,2096,0,0,2096,T
2-PB1,149,0,0,0,2098,2098,C
2-PB1,150,2078,0,0,0,2078,A
2-PB1,151,0,1,2076,0,2077,G
2-PB1,152,2063,2,1,0,2066,A
2-PB1,153,0,1,2072,0,2073,G
2-PB1,154,2030,1,4,0,2035,A
2-PB1,155,2,2,2001,0,2005,G
2-PB1,156,1,2,2001,0,2004,G
2-PB1,157,0,2,2088,0,2090,G
2-PB1,158,0,2,2083,0,2085,G
2-PB1,159,0,0,2094,0,2094,G
2-PB1,160,2086,0,0,1,2087,A
2-PB1,161,2091,0,2,0,2093,A
2-PB1,162,0,2,2103,0,2105,G
2-PB1,163,0,2094,0,1,2095,T
2-PB1,164,2,3,2072,0,2077,G
2-PB1,165,1,2,2078,1,2082,G
2-PB1,166,2073,0,4,0,2077,A
2-PB1,167,1,0,0,2083,2084,C
2-PB1,168,1,3,2090,0,2094,G
2-PB1,169,2105,0,5,0,2110,A
2-PB1,170,0,0,0,2131,2131,C
2-PB1,171,2118,0,0,0,2118,A
2-PB1,172,2121,0,2,0,2123,A
2-PB1,173,2137,2,2,0,2141,A
2-PB1,174,0,2158,0,0,2158,T
2-PB1,175,2165,0,2,0,2167,A
2-PB1,176,0,0,1,2171,2172,C
2-PB1,177,2149,0,2,0,2151,A
2-PB1,178,0,2,2154,0,2156,G
2-PB1,179,2148,0,2,0,2150,A
2-PB1,180,2171,0,3,0,2174,A
2-PB1,181,2167,0,3,1,2171,A
2-PB1,182,0,0,0,2171,2171,C
2-PB1,183,0,2140,0,2,2142,T
2-PB1,184,1,4,2142,0,2147,G
2-PB1,185,1,3,2137,0,2141,G
2-PB1,186,1,2,2131,1,2135,G
2-PB1,187,0,0,2134,0,2134,G
2-PB1,188,0,0,0,2143,2143,C
2-PB1,189,2143,0,0,0,2143,A
2-PB1,190,0,0,1,2224,2225,C
2-PB1,191,2,0,1,2216,2219,C
2-PB1,192,1,1,0,2219,2221,C
2-PB1,193,4,0,0,2223,2227,C
2-PB1,194,2231,1,1,0,2233,A
2-PB1,195,2252,0,0,0,2252,A
2-PB1,196,0,1,0,2243,2244,C
2-PB1,197,0,2242,1,0,2243,T
2-PB1,198,2,1,1,2246,2250,C
2-PB1,199,2200,0,2,1,2203,A
2-PB1,200,2235,0,2,0,2237,A
2-PB1,201,0,3,1,2231,2235,C
2-PB1,202,1,2,0,2229,2232,C
2-PB1,203,2,0,0,2242,2244,C
2-PB1,204,2233,0,1,0,2234,A
2-PB1,205,2234,1,1,0,2236,A
2-PB1,206,0,2238,0,0,2238,T
2-PB1,207,1,2229,0,0,2230,T
2-PB1,208,0,2,2232,0,2234,G
2-PB1,209,2211,0,0,0,2211,A
2-PB1,210,1,2210,0,1,2212,T
2-PB1,211,1,1,2202,0,2204,G
2-PB1,212,0,5,2221,0,2226,G
2-PB1,213,2250,0,2,0,2252,A
2-PB1,214,1,1,0,2258,2260,C
2-PB1,215,4,0,0,2258,2262,C
2-PB1,216,2258,0,6,0,2264,A
2-PB1,217,0,0,0,2315,2315,C
2-PB1,218,1,2313,0,0,2314,T
2-PB1,219,2346,3,1,0,2350,A
2-PB1,220,0,1,0,2363,2364,C
2-PB1,221,0,0,0,2349,2349,C
2-PB1,222,0,2310,0,3,2313,T
2-PB1,223,0,2,2318,0,2320,G
2-PB1,224,2317,0,3,0,2320,A
2-PB1,225,0,4,2331,1,2336,G
2-PB1,226,1,1,2341,1,2344,G
2-PB1,227,2369,0,1,0,2370,A
2-PB1,228,0,2344,0,2,2346,T
2-PB1,229,2318,0,0,0,2318,A
2-PB1,230,2317,0,2,0,2319,A
2-PB1,231,1,2314,0,2,2317,T
2-PB1,232,0,7,2307,0,2314,G
2-PB1,233,2322,0,1,0,2323,A
2-PB1,234,2308,0,3,0,2311,A
2-PB1,235,1,1,0,2304,2306,C
2-PB1,236,2,1,0,2265,2268,C
2-PB1,237,2273,0,1,0,2274,A
2-PB1,238,2277,0,1,0,2278,A
2-PB1,239,0,2,2288,0,2290,G
2-PB1,240,0,2286,0,0,2286,T
2-PB1,241,0,0,2284,0,2284,G
2-PB1,242,0,6,2312,1,2319,G
2-PB1,243,2298,0,6,0,2304,A
2-PB1,244,0,2297,0,2,2299,T
2-PB1,245,2310,0,0,0,2310,A
2-PB1,246,1,2328,1,2,2332,T
2-PB1,247,3,0,2339,1,2343,G
2-PB1,248,1,4,0,2338,2343,C
2-PB1,249,2337,1,3,0,2341,A
2-PB1,250,0,2,0,2391,2393,C
2-PB1,251,2358,0,2,0,2360,A
2-PB1,252,2405,0,0,1,2406,A
2-PB1,253,2399,0,2,0,2401,A
2-PB1,254,3,2,0,2403,2408,C
2-PB1,255,2348,0,1,0,2349,A
2-PB1,256,0,1,2380,0,2381,G
2-PB1,257,2364,1,5,0,2370,A
2-PB1,258,0,1,0,2371,2372,C
2-PB1,259,0,2306,0,2,2308,T
2-PB1,260,0,0,2347,0,2347,G
2-PB1,261,0,2312,1,0,2313,T
2-PB1,262,1,0,2395,0,2396,G
2-PB1,263,0,2389,0,3,2392,T
2-PB1,264,2,0,0,2387,2389,C
2-PB1,265,2,2,0,2386,2390,C
2-PB1,266,0,2366,0,6,2372,T
2-PB1,267,2,1,2371,0,2374,G
2-PB1,268,1,1,2370,0,2372,G
2-PB1,269,2331,0,2,0,2333,A
2-PB1,270,0,1,2378,0,2379,G
2-PB1,271,0,0,2332,0,2332,G
2-PB1,272,0,1,0,2321,2322,C
2-PB1,273,1,2314,0,0,2315,T
2-PB1,274,2311,1,4,0,2316,A
2-PB1,275,1,2314,0,2,2317,T
2-PB1,276,0,2,2314,1,2317,G
2-PB1,277,2,0,2311,0,2313,G
2-PB1,278,1,2,1,2302,2306,C
2-PB1,279,2,0,0,2273,2275,C
2-PB1,280,0,2253,2,1,2256,T
2-PB1,281,0,2346,1,2,2349,T
2-PB1,282,0,0,0,2352,2352,C
2-PB1,283,0,0,0,2354,2354,C
2-PB1,284,0,2357,0,2,2359,T
2-PB1,285,1,2347,0,3,2351,T
2-PB1,286,2,1,2354,0,2357,G
2-PB1,287,2356,1,0,0,2357,A
2-PB1,288,2358,0,1,0,2359,A
2-PB1,289,0,3,2352,0,2355,G
2-PB1,290,2271,0,3,1,2275,A
2-PB1,291,2294,0,0,0,2294,A
2-PB1,292,0,2289,0,0,2289,T
2-PB1,293,2,1,0,2289,2292,C
2-PB1,294,0,1,0,2283,2284,C
2-PB1,295,1,0,0,2285,2286,C
2-PB1,296,2284,0,4,0,2288,A
2-PB1,297,0,0,0,2293,2293,C
2-PB1,298,0,0,1,2295,2296,C
2-PB1,299,2,1,1,2290,2294,C
2-PB1,300,2269,1,5,0,2275,A
2-PB1,301,0,4,2280,0,2284,G
2-PB1,302,1,0,2289,0,2290,G
2-PB1,303,0,2285,0,4,2289,T
2-PB1,304,2298,1,0,1,2300,A
2-PB1,305,1,2286,0,4,2291,T
2-PB1,306,1,0,0,2285,2286,C
2-PB1,307,0,2283,1,2,2286,T
2-PB1,308,0,2284,0,2,2286,T
2-PB1,309,0,2281,0,0,2281,T
2-PB1,310,0,1,2265,0,2266,G
2-PB1,311,2253,0,4,0,2257,A
2-PB1,312,1,1,2253,0,2255,G
2-PB1,313,2226,0,1,0,2227,A
2-PB1,314,2235,0,4,0,2239,A
2-PB1,315,0,1,0,2257,2258,C
2-PB1,316,0,2234,0,1,2235,T
2-PB1,317,4,0,0,2237,2241,C
2-PB1,318,2230,0,4,3,2237,A
2-PB1,319,1,2235,0,3,2239,T
2-PB1,320,1,0,2240,0,2241,G
2-PB1,321,0,1,0,2261,2262,C
2-PB1,322,1,0,0,2271,2272,C
2-PB1,323,0,2255,0,1,2256,T
2-PB1,324,1,2234,0,1,2236,T
2-PB1,325,0,2,2242,0,2244,G
2-PB1,326,2261,2,2,0,2265,A
2-PB1,327,2258,0,1,0,2259,A
2-PB1,328,2265,0,2,0,2267,A
2-PB1,329,1,0,0,2277,2278,C
2-PB1,330,2244,0,0,0,2244,A
2-PB1,331,2248,1,1,0,2250,A
2-PB1,332,0,2248,0,2,2250,T
2-PB1,333,0,1,2248,0,2249,G
2-PB1,334,0,0,2245,0,2245,G
2-PB1,335,2220,1,3,0,2224,A
2-PB1,336,2220,1,1,0,2222,A
2-PB1,337,0,0,2224,0,2224,G
2-PB1,338,2,0,0,2225,2227,C
2-PB1,339,1,0,0,2212,2213,C
2-PB1,340,0,1,2240,0,2241,G
2-PB1,341,0,2230,0,3,2233,T
2-PB1,342,0,2229,0,3,2232,T
2-PB1,343,2,1,0,2248,2251,C
2-PB1,344,2251,0,1,1,2253,A
2-PB1,345,2270,0,5,0,2275,A
2-PB1,346,0,1,0,2277,2278,C
2-PB1,347,2280,0,5,0,2285,A
2-PB1,348,1,2,2296,0,2299,G
2-PB1,349,2262,0,2,0,2264,A
2-PB1,350,0,2,0,2266,2268,C
2-PB1,351,2262,0,1,0,2263,A
2-PB1,352,2277,0,2,0,2279,A
2-PB1,353,0,0,2291,0,2291,G
2-PB1,354,0,4,2266,0,2270,G
2-PB1,355,2,1,2273,0,2276,G
2-PB1,356,0,2226,0,2,2228,T
2-PB1,357,2,1,2225,0,2228,G
2-PB1,358,0,1,2236,0,2237,G
2-PB1,359,2237,0,6,0,2243,A
2-PB1,360,0,1,0,2242,2243,C
2-PB1,361,2199,0,2,0,2201,A
2-PB1,362,2206,0,0,0,2206,A
2-PB1,363,2201,1,2,0,2204,A
2-PB1,364,0,1,0,2201,2202,C
2-PB1,365,1,2197,1,2,2201,T
2-PB1,366,2192,0,0,0,2192,A
2-PB1,367,2194,0,4,0,2198,A
2-PB1,368,1,0,0,2186,2187,C
2-PB1,369,1,0,0,2192,2193,C
2-PB1,370,4,2,0,2182,2188,C
2-PB1,371,2129,1,1,0,2131,A
2-PB1,372,2124,0,2,1,2127,A
2-PB1,373,1,0,2131,0,2132,G
2-PB1,374,1,0,2131,1,2133,G
2-PB1,375,0,2130,0,1,2131,T
2-PB1,376,4,1,0,2117,2122,C
2-PB1,377,1,1,2120,0,2122,G
2-PB1,378,3,1,0,2112,2116,C
2-PB1,379,1,0,0,2133,2134,C
2-PB1,380,2128,1,0,0,2129,A
2-PB1,381,1,5,2161,0,2167,G
2-PB1,382,2196,0,3,0,2199,A
2-PB1,383,1,1,0,2209,2211,C
2-PB1,384,0,2192,1,2,2195,T
2-PB1,385,0,2191,1,1,2193,T
2-PB1,386,2190,0,4,0,2194,A
2-PB1,387,0,2199,1,3,2203,T
2-PB1,388,0,0,2208,0,2208,G
2-PB1,389,2208,0,1,0,2209,A
2-PB1,390,0,2168,0,2,2170,T
2-PB1,391,1,2101,0,1,2103,T
2-PB1,392,0,0,2097,0,2097,G
2-PB1,393,0,1,2095,0,2096,G
2-PB1,394,2117,1,4,0,2122,A
2-PB1,395,0,0,0,2115,2115,C
2-PB1,396,2105,0,1,0,2106,A
2-PB1,397,0,2095,0,3,2098,T
2-PB1,398,0,2114,0,0,2114,T
2-PB1,399,2134,0,0,0,2134,A
2-PB1,400,2127,1,0,0,2128,A
2-PB1,401,2127,0,2,1,2130,A
2-PB1,402,0,0,0,2133,2133,C
2-PB1,403,2090,0,1,0,2091,A
2-PB1,404,1,2,2103,0,2106,G
2-PB1,405,2095,0,2,0,2097,A
2-PB1,406,2097,0,1,0,2098,A
2-PB1,407,2097,0,3,0,2100,A
2-PB1,408,1,2072,1,3,2077,T
2-PB1,409,5,0,1,2080,2086,C
2-PB1,410,2076,1,3,1,2081,A
2-PB1,411,2082,0,0,0,2082,A
2-PB1,412,0,1,0,2078,2079,C
2-PB1,413,1,2,0,2057,2060,C
2-PB1,414,2,0,2055,0,2057,G
2-PB1,415,1,1,2057,0,2059,G
2-PB1,416,0,1,0,2065,2066,C
2-PB1,417,2066,0,1,0,2067,A
2-PB1,418,2,0,2057,0,2059,G
2-PB1,419,1,0,0,2075,2076,C
2-PB1,420,2080,1,2,0,2083,A
2-PB1,421,2084,0,2,0,2086,A
2-PB1,422,0,1,0,2091,2092,C
2-PB1,423,0,2080,0,1,2081,T
2-PB1,424,0,0,2147,0,2147,G
2-PB1,425,0,1,0,2145,2146,C
2-PB1,426,2144,2,0,0,2146,A
2-PB1,427,2,2134,0,1,2137,T
2-PB1,428,0,2111,0,1,2112,T
2-PB1,429,2217,1,1,1,2220,A
2-PB1,430,1,1,2222,0,2224,G
2-PB1,431,1,1,0,2208,2210,C
2-PB1,432,4,2,0,2210,2216,C
2-PB1,433,2115,0,5,1,2121,A
2-PB1,434,2127,0,4,0,2131,A
2-PB1,435,0,4,1,2129,2134,C
2-PB1,436,2140,0,1,0,2141,A
2-PB1,437,0,0,0,2187,2187,C
2-PB1,438,3,1,1,2036,2041,C
2-PB1,439,2029,0,3,1,2033,A
2-PB1,440,0,2031,0,2,2033,T
2-PB1,441,2031,0,3,0,2034,A
2-PB1,442,1,4,2032,0,2037,G
2-PB1,443,2020,0,2,0,2022,A
2-PB1,444,1985,0,2,1,1988,A
2-PB1,445,0,0,2003,1,2004,G
2-PB1,446,0,1922,0,0,1922,T
2-PB1,447,0,1923,0,1,1924,T
2-PB1,448,0,1915,0,3,1918,T
2-PB1,449,0,1925,1,1,1927,T
2-PB1,450,0,1927,0,1,1928,T
2-PB1,451,1919,0,1,0,1920,A
2-PB1,452,0,1,1919,0,1920,G
2-PB1,453,1911,0,1,0,1912,A
2-PB1,454,0,1900,0,2,1902,T
2-PB1,455,2,2,1,1872,1877,C
2-PB1,456,1,2,1879,0,1882,G
2-PB1,457,1885,1,0,0,1886,A
2-PB1,458,1881,1,3,0,1885,A
2-PB1,459,0,3,0,1889,1892,C
2-PB1,460,2,2,1889,0,1893,G
2-PB1,461,1,0,1965,0,1966,G
2-PB1,462,1967,0,1,0,1968,A
2-PB1,463,0,1951,0,0,1951,T
2-PB1,464,0,1957,0,1,1958,T
2-PB1,465,1948,0,3,0,1951,A
2-PB1,466,1951,0,4,0,1955,A
2-PB1,467,0,2,0,1960,1962,C
2-PB1,468,1951,0,0,0,1951,A
2-PB1,469,0,1,1970,0,1971,G
2-PB1,470,2,0,0,1882,1884,C
2-PB1,471,0,1877,0,1,1878,T
2-PB1,472,1882,0,0,0,1882,A
2-PB1,473,1878,0,1,1,1880,A
2-PB1,474,0,1874,0,0,1874,T
2-PB1,475,1,2,1891,0,1894,G
2-PB1,476,1880,0,0,0,1880,A
2-PB1,477,1876,0,1,0,1877,A
2-PB1,478,2,1835,0,0,1837,T
2-PB1,479,1,0,0,1854,1855,C
2-PB1,480,1847,0,1,0,1848,A
2-PB1,481,0,1,1844,0,1845,G
2-PB1,482,0,0,1846,0,1846,G
2-PB1,483,1845,0,1,0,1846,A
2-PB1,484,1823,0,1,0,1824,A
2-PB1,485,1,1,1915,0,1917,G
2-PB1,486,1,0,1922,0,1923,G
2-PB1,487,0,0,0,1921,1921,C
2-PB1,488,0,1928,0,1,1929,T
2-PB1,489,1932,0,0,0,1932,A
2-PB1,490,1922,2,3,0,1927,A
2-PB1,491,0,1929,1,1,1931,T
2-PB1,492,1929,1,2,0,1932,A
2-PB1,493,0,3,1935,0,1938,G
2-PB1,494,1785,0,0,0,1785,A
2-PB1,495,2,1763,0,2,1767,T
2-PB1,496,0,1752,0,2,1754,T
2-PB1,497,1,1743,1,0,1745,T
2-PB1,498,1,0,0,1804,1805,C
2-PB1,499,0,2,0,1811,1813,C
2-PB1,500,1,1809,0,3,1813,T
2-PB1,501,2,0,0,1815,1817,C
2-PB1,502,1815,0,2,0,1817,A
2-PB1,503,1819,0,0,0,1819,A
2-PB1,504,0,1,1827,0,1828,G
2-PB1,505,0,2,1847,0,1849,G
2-PB1,506,1842,0,5,0,1847,A
2-PB1,507,0,1767,0,1,1768,T
2-PB1,508,0,0,1788,0,1788,G
2-PB1,509,0,1778,0,2,1780,T
2-PB1,510,1,1,1802,0,1804,G
2-PB1,511,1805,0,1,1,1807,A
2-PB1,512,1,1789,0,1,1791,T
2-PB1,513,0,0,1788,0,1788,G
2-PB1,514,0,0,1780,1,1781,G
2-PB1,515,1774,2,1,0,1777,A
2-PB1,516,1780,0,0,0,1780,A
2-PB1,517,0,1758,0,1,1759,T
2-PB1,518,0,1,0,1763,1764,C
2-PB1,519,1741,0,0,0,1741,A
2-PB1,520,1744,0,0,0,1744,A
2-PB1,521,0,1747,0,1,1748,T
2-PB1,522,2,1,1760,2,1765,G
2-PB1,523,0,0,1781,0,1781,G
2-PB1,524,1783,1,3,0,1787,A
2-PB1,525,0,1783,0,1,1784,T
2-PB1,526,1782,0,3,0,1785,A
2-PB1,527,1786,0,0,0,1786,A
2-PB1,528,1776,0,3,0,1779,A
2-PB1,529,0,0,1799,0,1799,G
2-PB1,530,1782,0,2,1,1785,A
2-PB1,531,0,1,1774,0,1775,G
2-PB1,532,0,1,1772,0,1773,G
2-PB1,533,1765,0,1,0,1766,A
2-PB1,534,1766,0,2,0,1768,A
2-PB1,535,1766,1,0,0,1767,A
2-PB1,536,0,1768,0,2,1770,T
2-PB1,537,0,1,1795,0,1796,G
2-PB1,538,0,1,1788,0,1789,G
2-PB1,539,1771,0,7,1,1779,A
2-PB1,540,0,1,1788,0,1789,G
2-PB1,541,1767,0,0,0,1767,A
2-PB1,542,0,1799,0,1,1800,T
2-PB1,543,1794,0,1,0,1795,A
2-PB1,544,1813,0,0,0,1813,A
2-PB1,545,0,1,0,1824,1825,C
2-PB1,546,1792,0,0,0,1792,A
2-PB1,547,1795,0,1,0,1796,A
2-PB1,548,1,0,0,1796,1797,C
2-PB1,549,1783,0,2,0,1785,A
2-PB1,550,0,1,0,1784,1785,C
2-PB1,551,1747,0,1,0,1748,A
2-PB1,552,0,0,0,1774,1774,C
2-PB1,553,0,1741,0,0,1741,T
2-PB1,554,1,1736,1,0,1738,T
2-PB1,555,0,1741,0,0,1741,T
2-PB1,556,3,0,0,1737,1740,C
2-PB1,557,1737,0,2,0,1739,A
2-PB1,558,1741,1,1,0,1743,A
2-PB1,559,1743,0,3,0,1746,A
2-PB1,560,0,1,1772,0,1773,G
2-PB1,561,1752,0,0,0,1752,A
2-PB1,562,1757,1,0,0,1758,A
2-PB1,563,1758,0,1,0,1759,A
2-PB1,564,1761,0,0,0,1761,A
2-PB1,565,1755,0,5,1,1761,A
2-PB1,566,3,1,1766,0,1770,G
2-PB1,567,0,0,1767,0,1767,G
2-PB1,568,1734,0,4,0,1738,A
2-PB1,569,0,2,1782,0,1784,G
2-PB1,570,1760,0,1,0,1761,A
2-PB1,571,2,1,1817,0,1820,G
2-PB1,572,1,1817,0,0,1818,T
2-PB1,573,1804,0,3,0,1807,A
2-PB1,574,1803,0,4,0,1807,A
2-PB1,575,0,2,1810,0,1812,G
2-PB1,576,1,0,1823,0,1824,G
2-PB1,577,0,3,1822,0,1825,G
2-PB1,578,1795,0,2,0,1797,A
2-PB1,579,0,1,0,1811,1812,C
2-PB1,580,1747,1,3,0,1751,A
2-PB1,581,1761,0,4,0,1765,A
2-PB1,582,0,0,0,1762,1762,C
2-PB1,583,1759,0,2,0,1761,A
2-PB1,584,0,1745,0,1,1746,T
2-PB1,585,2,7,1715,0,1724,G
2-PB1,586,1725,0,2,0,1727,A
2-PB1,587,0,0,0,1722,1722,C
2-PB1,588,0,0,0,1712,1712,C
2-PB1,589,1718,0,0,0,1718,A
2-PB1,590,1717,0,2,0,1719,A
2-PB1,591,0,1,1730,0,1731,G
2-PB1,592,1727,0,0,0,1727,A
2-PB1,593,1726,0,2,0,1728,A
2-PB1,594,1727,0,0,0,1727,A
2-PB1,595,1725,1,0,0,1726,A
2-PB1,596,0,1735,0,1,1736,T
2-PB1,597,0,2,1734,0,1736,G
2-PB1,598,0,0,1745,0,1745,G
2-PB1,599,1,1738,0,1,1740,T
2-PB1,600,1,0,0,1726,1727,C
2-PB1,601,1743,0,1,0,1744,A
2-PB1,602,0,0,0,1808,1808,C
2-PB1,603,1822,1,1,0,1824,A
2-PB1,604,0,0,0,1831,1831,C
2-PB1,605,1815,0,0,0,1815,A
2-PB1,606,1848,0,2,0,1850,A
2-PB1,607,1834,0,4,0,1838,A
2-PB1,608,0,0,1888,0,1888,G
2-PB1,609,117,3,1697,0,1817,G
2-PB1,610,1891,0,1,0,1892,A
2-PB1,611,0,0,2,1937,1939,C
2-PB1,612,1917,21,2,0,1940,A
2-PB1,613,1968,1,2,0,1971,A
2-PB1,614,0,1961,0,1,1962,T
2-PB1,615,1940,0,5,0,1945,A
2-PB1,616,0,1,1939,0,1940,G
2-PB1,617,1,1,1849,0,1851,G
2-PB1,618,0,0,1850,1,1851,G
2-PB1,619,1845,0,0,0,1845,A
2-PB1,620,1814,0,3,0,1817,A
2-PB1,621,0,1,1841,0,1842,G
2-PB1,622,1825,0,2,0,1827,A
2-PB1,623,1834,0,1,0,1835,A
2-PB1,624,1844,0,2,0,1846,A
2-PB1,625,1842,2,2,0,1846,A
2-PB1,626,1891,0,3,0,1894,A
2-PB1,627,1887,0,4,1,1892,A
2-PB1,628,0,1,0,1895,1896,C
2-PB1,629,1891,0,1,0,1892,A
2-PB1,630,1890,0,1,0,1891,A
2-PB1,631,1881,0,4,0,1885,A
2-PB1,632,0,3,1919,0,1922,G
2-PB1,633,1918,1,2,0,1921,A
2-PB1,634,0,0,1994,0,1994,G
2-PB1,635,0,1968,0,0,1968,T
2-PB1,636,0,0,2204,0,2204,G
2-PB1,637,2203,0,5,1,2209,A
2-PB1,638,2215,0,2,0,2217,A
2-PB1,639,1,2238,1,1,2241,T
2-PB1,640,2239,0,0,1,2240,A
2-PB1,641,2221,1,4,1,2227,A
2-PB1,642,0,3,2224,0,2227,G
2-PB1,643,2159,0,4,0,2163,A
2-PB1,644,0,2,2171,1,2174,G
2-PB1,645,2032,0,2,0,2034,A
2-PB1,646,1,1,2048,0,2050,G
2-PB1,647,0,0,2050,0,2050,G
2-PB1,648,2,0,0,2038,2040,C
2-PB1,649,0,2036,1,0,2037,T
2-PB1,650,2088,0,1,1,2090,A
2-PB1,651,1,0,0,2182,2183,C
2-PB1,652,2,0,0,2193,2195,C
2-PB1,653,0,2203,0,1,2204,T
2-PB1,654,2289,0,1,0,2290,A
2-PB1,655,2271,2,2,0,2275,A
2-PB1,656,0,2281,0,0,2281,T
2-PB1,657,2281,0,1,0,2282,A
2-PB1,658,2272,1,2,1,2276,A
2-PB1,659,0,1,2284,0,2285,G
2-PB1,660,2201,1,6,0,2208,A
2-PB1,661,1,0,2223,0,2224,G
2-PB1,662,1,0,0,2225,2226,C
2-PB1,663,1,2183,0,6,2190,T
2-PB1,664,2,2190,1,2,2195,T
2-PB1,665,0,2192,1,3,2196,T
2-PB1,666,0,2,2195,0,2197,G
2-PB1,667,2232,0,1,0,2233,A
2-PB1,668,0,2,0,2235,2237,C
2-PB1,669,2219,1,2,0,2222,A
2-PB1,670,0,2211,0,4,2215,T
2-PB1,671,2,2195,1,1,2199,T
2-PB1,672,0,3,2235,0,2238,G
2-PB1,673,2236,0,1,0,2237,A
2-PB1,674,2238,1,2,0,2241,A
2-PB1,675,0,0,1,2236,2237,C
2-PB1,676,2221,0,3,0,2224,A
2-PB1,677,2,1,0,2219,2222,C
2-PB1,678,0,2,2221,0,2223,G
2-PB1,679,2231,0,1,0,2232,A
2-PB1,680,2,2244,0,0,2246,T
2-PB1,681,2,5,2278,0,2285,G
2-PB1,682,2287,0,4,0,2291,A
2-PB1,683,0,1,0,2285,2286,C
2-PB1,684,1,0,0,2295,2296,C
2-PB1,685,2299,0,2,0,2301,A
2-PB1,686,2306,4,1,0,2311,A
2-PB1,687,2303,0,5,0,2308,A
2-PB1,688,1,0,2362,0,2363,G
2-PB1,689,2369,0,5,0,2374,A
2-PB1,690,0,2317,0,3,2320,T
2-PB1,691,1,0,2316,0,2317,G
2-PB1,692,0,0,0,2313,2313,C
2-PB1,693,2294,1,4,0,2299,A
2-PB1,694,1,1,2313,0,2315,G
2-PB1,695,2296,0,3,0,2299,A
2-PB1,696,0,4,2299,0,2303,G
2-PB1,697,2251,0,1,0,2252,A
2-PB1,698,0,0,2251,0,2251,G
2-PB1,699,2234,0,4,0,2238,A
2-PB1,700,2,3,2230,1,2236,G
2-PB1,701,0,1,2241,0,2242,G
2-PB1,702,0,0,0,2231,2231,C
2-PB1,703,2223,0,2,0,2225,A
2-PB1,704,2228,1,0,1,2230,A
2-PB1,705,2243,0,1,0,2244,A
2-PB1,706,0,2248,0,0,2248,T
2-PB1,707,0,2238,0,1,2239,T
2-PB1,708,2257,1,1,0,2259,A
2-PB1,709,2247,0,4,0,2251,A
2-PB1,710,2251,0,1,0,2252,A
2-PB1,711,2255,1,0,0,2256,A
2-PB1,712,2259,1,0,0,2260,A
2-PB1,713,0,0,2258,0,2258,G
2-PB1,714,2241,1,0,0,2242,A
2-PB1,715,2227,1,2,1,2231,A
2-PB1,716,0,2,2265,0,2267,G
2-PB1,717,2,1,2300,0,2303,G
2-PB1,718,3,0,2306,1,2310,G
2-PB1,719,1,0,0,2321,2322,C
2-PB1,720,0,2324,0,1,2325,T
2-PB1,721,2343,0,2,0,2345,A
2-PB1,722,0,2353,2,3,2358,T
2-PB1,723,2,2362,0,6,2370,T
2-PB1,724,1,1,2380,0,2382,G
2-PB1,725,2,1,0,2343,2346,C
2-PB1,726,2286,3,2,0,2291,A
2-PB1,727,2292,0,2,0,2294,A
2-PB1,728,0,0,0,2290,2290,C
2-PB1,729,2286,0,0,0,2286,A
2-PB1,730,1,0,0,2278,2279,C
2-PB1,731,3,1,0,2227,2231,C
2-PB1,732,5,1,0,2232,2238,C
2-PB1,733,3,1,2234,0,2238,G
2-PB1,734,1,0,2243,0,2244,G
2-PB1,735,1,1,2240,0,2242,G
2-PB1,736,2247,2,1,0,2250,A
2-PB1,737,0,2234,0,0,2234,T
2-PB1,738,3,1,2243,0,2247,G
2-PB1,739,1,1,0,2244,2246,C
2-PB1,740,2276,0,0,0,2276,A
2-PB1,741,2302,0,1,0,2303,A
2-PB1,742,2323,0,0,0,2323,A
2-PB1,743,1,2309,0,1,2311,T
2-PB1,744,0,2314,0,0,2314,T
2-PB1,745,2293,1,2,1,2297,A
2-PB1,746,1,0,2296,0,2297,G
2-PB1,747,2288,0,3,0,2291,A
2-PB1,748,0,2,2294,0,2296,G
2-PB1,749,1,2,2257,0,2260,G
2-PB1,750,0,1,2301,0,2302,G
2-PB1,751,0,2283,0,2,2285,T
2-PB1,752,0,2284,1,3,2288,T
2-PB1,753,3,0,1,2283,2287,C
2-PB1,754,3,0,2304,0,2307,G
2-PB1,755,0,2299,1,4,2304,T
2-PB1,756,2,0,2305,0,2307,G
2-PB1,757,0,2297,0,3,2300,T
2-PB1,758,2282,1,3,0,2286,A
2-PB1,759,0,1,0,2273,2274,C
2-PB1,760,0,2157,0,2,2159,T
2-PB1,761,1,2172,0,0,2173,T
2-PB1,762,5,0,0,2156,2161,C
2-PB1,763,1,0,2151,0,2152,G
2-PB1,764,2,2151,0,0,2153,T
2-PB1,765,1,2145,0,3,2149,T
2-PB1,766,0,1,2146,0,2147,G
2-PB1,767,2148,1,0,0,2149,A
2-PB1,768,2143,0,2,0,2145,A
2-PB1,769,2160,1,1,1,2163,A
2-PB1,770,0,0,0,2168,2168,C
2-PB1,771,0,2144,0,3,2147,T
2-PB1,772,0,2128,0,1,2129,T
2-PB1,773,0,2140,0,0,2140,T
2-PB1,774,2167,0,1,0,2168,A
2-PB1,775,0,0,2180,0,2180,G
2-PB1,776,2,0,0,2183,2185,C
2-PB1,777,1,2183,0,3,2187,T
2-PB1,778,2160,1,2,0,2163,A
2-PB1,779,0,1,2157,0,2158,G
2-PB1,780,2161,0,0,0,2161,A
2-PB1,781,2160,2,1,0,2163,A
2-PB1,782,1,1,2162,0,2164,G
2-PB1,783,0,1,0,2139,2140,C
2-PB1,784,2139,1,1,0,2141,A
2-PB1,785,1,2132,1,2,2136,T
2-PB1,786,0,2131,0,1,2132,T
2-PB1,787,0,2143,0,1,2144,T
2-PB1,788,0,1,2140,0,2141,G
2-PB1,789,0,1,0,2137,2138,C
2-PB1,790,2,3,2130,0,2135,G
2-PB1,791,2128,0,2,0,2130,A
2-PB1,792,2120,0,0,0,2120,A
2-PB1,793,2112,0,2,0,2114,A
2-PB1,794,2167,0,2,0,2169,A
2-PB1,795,0,0,2193,0,2193,G
2-PB1,796,0,0,0,2198,2198,C
2-PB1,797,0,2196,1,1,2198,T
2-PB1,798,1,2197,0,0,2198,T
2-PB1,799,0,2,2200,0,2202,G
2-PB1,800,2193,0,8,0,2201,A
2-PB1,801,2196,0,3,0,2199,A
2-PB1,802,1,1,0,2205,2207,C
2-PB1,803,2138,0,1,0,2139,A
2-PB1,804,0,1,2278,0,2279,G
2-PB1,805,0,2250,0,4,2254,T
2-PB1,806,4,2,0,2249,2255,C
2-PB1,807,0,2258,0,3,2261,T
2-PB1,808,1,2,2259,0,2262,G
2-PB1,809,0,2,2265,0,2267,G
2-PB1,810,2270,0,1,0,2271,A
2-PB1,811,1,1,0,2268,2270,C
2-PB1,812,0,2180,0,3,2183,T
2-PB1,813,0,2053,0,3,2056,T
2-PB1,814,0,0,0,2063,2063,C
2-PB1,815,3,1,0,2063,2067,C
2-PB1,816,2,2,2068,0,2072,G
2-PB1,817,0,0,2083,0,2083,G
2-PB1,818,0,2061,0,1,2062,T
2-PB1,819,1,2064,0,1,2066,T
2-PB1,820,0,2,2056,0,2058,G
2-PB1,821,0,2,2073,0,2075,G
2-PB1,822,0,4,2080,0,2084,G
2-PB1,823,0,1,2069,0,2070,G
2-PB1,824,2,3,2079,0,2084,G
2-PB1,825,2,2073,0,0,2075,T
2-PB1,826,2062,0,0,1,2063,A
2-PB1,827,2075,1,0,0,2076,A
2-PB1,828,0,2074,0,1,2075,T
2-PB1,829,1,2,2083,0,2086,G
2-PB1,830,2061,0,1,0,2062,A
2-PB1,831,2034,0,2,0,2036,A
2-PB1,832,2034,0,3,0,2037,A
2-PB1,833,2024,0,1,0,2025,A
2-PB1,834,0,1,2025,0,2026,G
2-PB1,835,2009,0,2,0,2011,A
2-PB1,836,1986,1,4,0,1991,A
2-PB1,837,0,0,2008,0,2008,G
2-PB1,838,2,0,2001,0,2003,G
2-PB1,839,1,1,0,1996,1998,C
2-PB1,840,1,1,1,1990,1993,C
2-PB1,841,1998,0,0,0,1998,A
2-PB1,842,1993,1,0,0,1994,A
2-PB1,843,1996,0,1,0,1997,A
2-PB1,844,0,0,0,2005,2005,C
2-PB1,845,0,1998,0,0,1998,T
2-PB1,846,1,1,2023,0,2025,G
2-PB1,847,2,1,2020,0,2023,G
2-PB1,848,0,2,0,2019,2021,C
2-PB1,849,2027,0,3,0,2030,A
2-PB1,850,2035,0,0,0,2035,A
2-PB1,851,2035,0,0,0,2035,A
2-PB1,852,0,2031,0,0,2031,T
2-PB1,853,0,0,2034,0,2034,G
2-PB1,854,2,2023,0,1,2026,T
2-PB1,855,0,1968,0,2,1970,T
2-PB1,856,1,0,1969,0,1970,G
2-PB1,857,0,1963,0,2,1965,T
2-PB1,858,0,4,1973,0,1977,G
2-PB1,859,1976,0,2,2,1980,A
2-PB1,860,0,1,1984,0,1985,G
2-PB1,861,1980,2,0,0,1982,A
2-PB1,862,1965,1,1,1,1968,A
2-PB1,863,1968,0,1,1,1970,A
2-PB1,864,1969,0,0,0,1969,A
2-PB1,865,1978,0,0,1,1979,A
2-PB1,866,0,1972,0,2,1974,T
2-PB1,867,1,1,1977,0,1979,G
2-PB1,868,1967,0,3,0,1970,A
2-PB1,869,1,1951,0,0,1952,T
2-PB1,870,1,1,1968,0,1970,G
2-PB1,871,1977,1,0,0,1978,A
2-PB1,872,0,0,0,1998,1998,C
2-PB1,873,0,1992,0,1,1993,T
2-PB1,874,1986,1,0,0,1987,A
2-PB1,875,1999,0,2,0,2001,A
2-PB1,876,0,1995,0,3,1998,T
2-PB1,877,0,2012,0,1,2013,T
2-PB1,878,3,0,0,2023,2026,C
2-PB1,879,2011,0,2,0,2013,A
2-PB1,880,0,1,0,2017,2018,C
2-PB1,881,1990,0,1,0,1991,A
2-PB1,882,1994,1,0,0,1995,A
2-PB1,883,4,3,1992,0,1999,G
2-PB1,884,2029,1,4,0,2034,A
2-PB1,885,0,0,0,2029,2029,C
2-PB1,886,1998,2,5,0,2005,A
2-PB1,887,0,1,0,2005,2006,C
2-PB1,888,1984,0,1,0,1985,A
2-PB1,889,0,1,1989,0,1990,G
2-PB1,890,1981,1,3,0,1985,A
2-PB1,891,1,0,1991,0,1992,G
2-PB1,892,0,0,0,1984,1984,C
2-PB1,893,0,1924,0,9,1933,T
2-PB1,894,0,1945,0,1,1946,T
2-PB1,895,0,1940,0,2,1942,T
2-PB1,896,2,1,0,1948,1951,C
2-PB1,897,0,1937,0,9,1946,T
2-PB1,898,0,1935,1,1,1937,T
2-PB1,899,0,1923,1,5,1929,T
2-PB1,900,2,1,0,1929,1932,C
2-PB1,901,1923,0,4,0,1927,A
2-PB1,902,0,3,0,1926,1929,C
2-PB1,903,1898,0,2,0,1900,A
2-PB1,904,1909,0,1,0,1910,A
2-PB1,905,0,1919,1,2,1922,T
2-PB1,906,2,0,0,1938,1940,C
2-PB1,907,1943,0,0,0,1943,A
2-PB1,908,0,0,1,1953,1954,C
2-PB1,909,0,1940,1,0,1941,T
2-PB1,910,0,1,1947,0,1948,G
2-PB1,911,0,0,1941,1,1942,G
2-PB1,912,0,2,1973,0,1975,G
2-PB1,913,0,2,1972,0,1974,G
2-PB1,914,1927,1,3,0,1931,A
2-PB1,915,1,1,0,1860,1862,C
2-PB1,916,1872,0,4,0,1876,A
2-PB1,917,1965,0,2,0,1967,A
2-PB1,918,0,0,0,1981,1981,C
2-PB1,919,1978,1,1,0,1980,A
2-PB1,920,0,0,0,1971,1971,C
2-PB1,921,0,1866,1,1,1868,T
2-PB1,922,1876,0,1,0,1877,A
2-PB1,923,1870,0,5,0,1875,A
2-PB1,924,0,1,1882,0,1883,G
2-PB1,925,0,1869,1,1,1871,T
2-PB1,926,0,1,1707,0,1708,G
2-PB1,927,0,2,1692,0,1694,G
2-PB1,928,1675,2,0,0,1677,A
2-PB1,929,1678,0,1,0,1679,A
2-PB1,930,0,1674,0,0,1674,T
2-PB1,931,1,2,1670,0,1673,G
2-PB1,932,1667,0,1,0,1668,A
2-PB1,933,1642,0,3,0,1645,A
2-PB1,934,1659,0,0,0,1659,A
2-PB1,935,1667,1,3,0,1671,A
2-PB1,936,1,1656,0,0,1657,T
2-PB1,937,4,1,0,1654,1659,C
2-PB1,938,1655,0,0,0,1655,A
2-PB1,939,1656,1,0,0,1657,A
2-PB1,940,1645,2,3,0,1650,A
2-PB1,941,1655,0,1,0,1656,A
2-PB1,942,1,0,0,1656,1657,C
2-PB1,943,2,2,0,1637,1641,C
2-PB1,944,2,0,0,1629,1631,C
2-PB1,945,0,1624,0,2,1626,T
2-PB1,946,1,1,1,1622,1625,C
2-PB1,947,0,0,1628,0,1628,G
2-PB1,948,1628,1,1,0,1630,A
2-PB1,949,1624,0,0,0,1624,A
2-PB1,950,1,1627,0,1,1629,T
2-PB1,951,1,0,1636,0,1637,G
2-PB1,952,0,1625,0,2,1627,T
2-PB1,953,1,1620,1,2,1624,T
2-PB1,954,0,1624,0,0,1624,T
2-PB1,955,0,1626,0,0,1626,T
2-PB1,956,2,1625,0,2,1629,T
2-PB1,957,2,1,1624,0,1627,G
2-PB1,958,0,0,1624,0,1624,G
2-PB1,959,0,3,0,1613,1616,C
2-PB1,960,2,2,1588,0,1592,G
2-PB1,961,1591,1,0,0,1592,A
2-PB1,962,1,1626,0,0,1627,T
2-PB1,963,0,0,1678,0,1678,G
2-PB1,964,1728,0,1,0,1729,A
2-PB1,965,0,1733,0,4,1737,T
2-PB1,966,1,1736,0,2,1739,T
2-PB1,967,1744,0,4,0,1748,A
2-PB1,968,1,2,0,1748,1751,C
2-PB1,969,1754,0,1,0,1755,A
2-PB1,970,0,1746,0,1,1747,T
2-PB1,971,1641,0,3,0,1644,A
2-PB1,972,1,1,0,1651,1653,C
2-PB1,973,1479,0,1,0,1480,A
2-PB1,974,1,1467,0,1,1469,T
2-PB1,975,0,0,1,1460,1461,C
2-PB1,976,1452,0,1,0,1453,A
2-PB1,977,0,0,0,1459,1459,C
2-PB1,978,1446,0,2,0,1448,A
2-PB1,979,1447,0,0,0,1447,A
2-PB1,980,1439,0,1,0,1440,A
2-PB1,981,0,2,1390,0,1392,G
2-PB1,982,1454,0,0,0,1454,A
2-PB1,983,1452,0,2,0,1454,A
2-PB1,984,1,1450,1,2,1454,T
2-PB1,985,3,2,0,1440,1445,C
2-PB1,986,1444,0,2,0,1446,A
2-PB1,987,1449,0,1,0,1450,A
2-PB1,988,0,0,1,1458,1459,C
2-PB1,989,0,1,0,1457,1458,C
2-PB1,990,0,1343,0,2,1345,T
2-PB1,991,0,0,1354,0,1354,G
2-PB1,992,1350,0,3,0,1353,A
2-PB1,993,0,0,1355,0,1355,G
2-PB1,994,1,1346,0,2,1349,T
2-PB1,995,0,0,1324,0,1324,G
2-PB1,996,0,0,1364,0,1364,G
2-PB1,997,1,1352,0,1,1354,T
2-PB1,998,0,1351,1,2,1354,T
2-PB1,999,1,1,0,1353,1355,C
2-PB1,1000,1328,0,0,0,1328,A
2-PB1,1001,0,1,1352,0,1353,G
2-PB1,1002,1350,0,1,1,1352,A
2-PB1,1003,1351,0,1,0,1352,A
2-PB1,1004,1338,0,0,0,1338,A
2-PB1,1005,0,1,0,1157,1158,C
2-PB1,1006,1155,1,1,0,1157,A
2-PB1,1007,0,1156,1,0,1157,T
2-PB1,1008,2,0,0,1165,1167,C
2-PB1,1009,0,2,1,1167,1170,C
2-PB1,1010,0,1095,0,1,1096,T
2-PB1,1011,1,1,1096,0,1098,G
2-PB1,1012,1088,0,2,0,1090,A
2-PB1,1013,0,0,1105,0,1105,G
2-PB1,1014,1,0,0,1086,1087,C
2-PB1,1015,1033,0,0,0,1033,A
2-PB1,1016,0,1033,0,1,1034,T
2-PB1,1017,1,6,0,1018,1025,C
2-PB1,1018,0,0,1025,0,1025,G
2-PB1,1019,0,1,0,1047,1048,C
2-PB1,1020,1060,0,0,0,1060,A
2-PB1,1021,1,2,0,1091,1094,C
2-PB1,1022,0,0,0,1098,1098,C
2-PB1,1023,1102,0,1,0,1103,A
2-PB1,1024,1119,0,1,0,1120,A
2-PB1,1025,0,1120,0,0,1120,T
2-PB1,1026,1118,0,2,0,1120,A
2-PB1,1027,1117,0,3,0,1120,A
2-PB1,1028,0,1086,0,1,1087,T
2-PB1,1029,1,0,1093,0,1094,G
2-PB1,1030,0,1069,0,0,1069,T
2-PB1,1031,0,1060,0,0,1060,T
2-PB1,1032,0,1,0,1063,1064,C
2-PB1,1033,1,1044,0,3,1048,T
2-PB1,1034,1,0,0,1052,1053,C
2-PB1,1035,1054,0,0,0,1054,A
2-PB1,1036,1052,0,0,0,1052,A
2-PB1,1037,1053,0,0,0,1053,A
2-PB1,1038,0,0,0,1054,1054,C
2-PB1,1039,1055,0,0,0,1055,A
2-PB1,1040,1057,0,0,0,1057,A
2-PB1,1041,1057,0,1,0,1058,A
2-PB1,1042,1049,0,4,1,1054,A
2-PB1,1043,1,1055,0,1,1057,T
2-PB1,1044,1,2,1057,0,1060,G
2-PB1,1045,1,0,1060,0,1061,G
2-PB1,1046,0,1,0,1057,1058,C
2-PB1,1047,1054,0,0,0,1054,A
2-PB1,1048,1045,0,1,0,1046,A
2-PB1,1049,0,1,1053,0,1054,G
2-PB1,1050,1051,0,0,0,1051,A
2-PB1,1051,0,1044,0,2,1046,T
2-PB1,1052,0,1058,0,1,1059,T
2-PB1,1053,0,0,1060,0,1060,G
2-PB1,1054,0,2,1057,0,1059,G
2-PB1,1055,0,1,1076,0,1077,G
2-PB1,1056,1075,1,1,0,1077,A
2-PB1,1057,1074,0,1,0,1075,A
2-PB1,1058,1067,0,1,0,1068,A
2-PB1,1059,1061,0,6,0,1067,A
2-PB1,1060,0,0,1101,0,1101,G
2-PB1,1061,2,1,1105,0,1108,G
2-PB1,1062,1106,1,2,0,1109,A
2-PB1,1063,1,1102,0,0,1103,T
2-PB1,1064,1100,0,1,0,1101,A
2-PB1,1065,0,0,0,1103,1103,C
2-PB1,1066,1114,0,0,1,1115,A
2-PB1,1067,0,1118,0,0,1118,T
2-PB1,1068,1,0,1129,0,1130,G
2-PB1,1069,0,1106,0,0,1106,T
2-PB1,1070,0,1104,0,1,1105,T
2-PB1,1071,2,1,0,1099,1102,C
2-PB1,1072,0,1,1100,0,1101,G
2-PB1,1073,1107,0,1,0,1108,A
2-PB1,1074,1,0,1126,0,1127,G
2-PB1,1075,1106,1,2,1,1110,A
2-PB1,1076,1,0,1117,0,1118,G
2-PB1,1077,1,1110,0,1,1112,T
2-PB1,1078,1107,0,0,0,1107,A
2-PB1,1079,1109,0,1,0,1110,A
2-PB1,1080,0,5,1109,0,1114,G
2-PB1,1081,1112,0,1,0,1113,A
2-PB1,1082,0,1,1129,0,1130,G
2-PB1,1083,1103,0,1,0,1104,A
2-PB1,1084,1107,0,1,0,1108,A
2-PB1,1085,0,1100,0,0,1100,T
2-PB1,1086,0,0,1100,0,1100,G
2-PB1,1087,1094,0,2,1,1097,A
2-PB1,1088,1095,0,1,0,1096,A
2-PB1,1089,0,0,1102,0,1102,G
2-PB1,1090,0,0,0,1097,1097,C
2-PB1,1091,0,1078,0,1,1079,T
2-PB1,1092,1,0,0,1081,1082,C
2-PB1,1093,0,0,0,1072,1072,C
2-PB1,1094,1,2,1077,0,1080,G
2-PB1,1095,0,1,1080,0,1081,G
2-PB1,1096,1084,0,3,0,1087,A
2-PB1,1097,0,1,0,1107,1108,C
2-PB1,1098,1107,0,0,0,1107,A
2-PB1,1099,1,0,0,1115,1116,C
2-PB1,1100,1110,0,1,0,1111,A
2-PB1,1101,1112,0,3,0,1115,A
2-PB1,1102,1118,0,2,0,1120,A
2-PB1,1103,0,1116,0,0,1116,T
2-PB1,1104,1112,0,0,0,1112,A
2-PB1,1105,2,1,0,1106,1109,C
2-PB1,1106,1,0,0,1096,1097,C
2-PB1,1107,0,1079,0,5,1084,T
2-PB1,1108,0,0,1094,0,1094,G
2-PB1,1109,0,0,0,1093,1093,C
2-PB1,1110,1093,1,0,0,1094,A
2-PB1,1111,0,0,1092,0,1092,G
2-PB1,1112,1089,0,0,0,1089,A
2-PB1,1113,1082,0,2,0,1084,A
2-PB1,1114,1091,0,0,0,1091,A
2-PB1,1115,0,1088,0,0,1088,T
2-PB1,1116,0,1,1083,0,1084,G
2-PB1,1117,0,0,0,1084,1084,C
2-PB1,1118,0,1080,0,1,1081,T
2-PB1,1119,1082,0,2,0,1084,A
2-PB1,1120,0,0,1085,0,1085,G
2-PB1,1121,0,0,0,1089,1089,C
2-PB1,1122,1089,0,0,0,1089,A
2-PB1,1123,1089,0,2,0,1091,A
2-PB1,1124,0,0,1084,0,1084,G
2-PB1,1125,0,0,0,1078,1078,C
2-PB1,1126,1072,0,0,0,1072,A
2-PB1,1127,0,1101,0,0,1101,T
2-PB1,1128,0,1101,0,2,1103,T
2-PB1,1129,0,2,1147,0,1149,G
2-PB1,1130,1159,0,0,0,1159,A
2-PB1,1131,0,0,0,1156,1156,C
2-PB1,1132,0,0,0,1155,1155,C
2-PB1,1133,0,1128,0,2,1130,T
2-PB1,1134,1,0,1149,0,1150,G
2-PB1,1135,1154,0,0,0,1154,A
2-PB1,1136,1152,1,2,0,1155,A
2-PB1,1137,0,0,1165,0,1165,G
2-PB1,1138,0,1137,0,0,1137,T
2-PB1,1139,1143,0,1,0,1144,A
2-PB1,1140,1,1140,0,1,1142,T
2-PB1,1141,1,1138,0,2,1141,T
2-PB1,1142,0,1142,0,3,1145,T
2-PB1,1143,1,1,0,1133,1135,C
2-PB1,1144,1134,0,1,0,1135,A
2-PB1,1145,1139,0,1,0,1140,A
2-PB1,1146,0,1126,0,1,1127,T
2-PB1,1147,0,2,1136,0,1138,G
2-PB1,1148,1125,0,1,1,1127,A
2-PB1,1149,1128,0,2,0,1130,A
2-PB1,1150,0,1123,0,1,1124,T
2-PB1,1151,0,0,0,1129,1129,C
2-PB1,1152,1121,1,3,0,1125,A
2-PB1,1153,1131,0,0,0,1131,A
2-PB1,1154,0,0,0,1126,1126,C
2-PB1,1155,1131,0,0,0,1131,A
2-PB1,1156,1122,0,1,0,1123,A
2-PB1,1157,0,1,1133,0,1134,G
2-PB1,1158,0,1,1145,0,1146,G
2-PB1,1159,1141,0,2,0,1143,A
2-PB1,1160,1141,0,1,0,1142,A
2-PB1,1161,0,3,1136,0,1139,G
2-PB1,1162,1131,0,2,0,1133,A
2-PB1,1163,1136,0,1,0,1137,A
2-PB1,1164,1133,0,3,0,1136,A
2-PB1,1165,1138,0,0,0,1138,A
2-PB1,1166,0,1135,1,1,1137,T
2-PB1,1167,0,1117,0,1,1118,T
2-PB1,1168,0,1,1121,0,1122,G
2-PB1,1169,1122,0,0,0,1122,A
2-PB1,1170,1,2,1118,0,1121,G
2-PB1,1171,1122,1,0,1,1124,A
2-PB1,1172,1132,0,1,1,1134,A
2-PB1,1173,1154,0,1,1,1156,A
2-PB1,1174,1162,0,2,0,1164,A
2-PB1,1175,1,1160,1,0,1162,T
2-PB1,1176,1163,0,0,0,1163,A
2-PB1,1177,1163,0,0,0,1163,A
2-PB1,1178,1,0,1164,0,1165,G
2-PB1,1179,0,1,1167,0,1168,G
2-PB1,1180,1,1,0,1165,1167,C
2-PB1,1181,1,1,0,1162,1164,C
2-PB1,1182,1,1160,0,1,1162,T
2-PB1,1183,0,0,0,1301,1301,C
2-PB1,1184,0,1313,0,4,1317,T
2-PB1,1185,1,1321,0,0,1322,T
2-PB1,1186,0,0,0,1349,1349,C
2-PB1,1187,0,1337,0,4,1341,T
2-PB1,1188,1346,0,1,0,1347,A
2-PB1,1189,1344,0,2,0,1346,A
2-PB1,1190,0,1348,0,1,1349,T
2-PB1,1191,1347,0,2,0,1349,A
2-PB1,1192,0,0,1326,0,1326,G
2-PB1,1193,1222,0,1,1,1224,A
2-PB1,1194,0,1223,0,0,1223,T
2-PB1,1195,0,3,1197,0,1200,G
2-PB1,1196,4,2,1206,0,1212,G
2-PB1,1197,0,0,0,1204,1204,C
2-PB1,1198,1210,0,0,0,1210,A
2-PB1,1199,0,0,0,1214,1214,C
2-PB1,1200,1191,0,3,0,1194,A
2-PB1,1201,0,1,1246,0,1247,G
2-PB1,1202,0,0,0,1249,1249,C
2-PB1,1203,1249,0,0,0,1249,A
2-PB1,1204,0,1287,0,1,1288,T
2-PB1,1205,0,1,0,1276,1277,C
2-PB1,1206,1279,1,2,0,1282,A
2-PB1,1207,0,1278,0,4,1282,T
2-PB1,1208,1,1277,0,1,1279,T
2-PB1,1209,0,2,1274,2,1278,G
2-PB1,1210,1234,0,0,0,1234,A
2-PB1,1211,0,0,1270,0,1270,G
2-PB1,1212,0,1,0,1266,1267,C
2-PB1,1213,1,0,0,1248,1249,C
2-PB1,1214,2,0,0,1274,1276,C
2-PB1,1215,2,1267,0,3,1272,T
2-PB1,1216,1,0,1441,0,1442,G
2-PB1,1217,0,0,1472,0,1472,G
2-PB1,1218,1471,0,1,0,1472,A
2-PB1,1219,1534,0,0,0,1534,A
2-PB1,1220,2,1490,0,2,1494,T
2-PB1,1221,1,1,1572,0,1574,G
2-PB1,1222,1600,0,4,0,1604,A
2-PB1,1223,0,1622,0,0,1622,T
2-PB1,1224,0,1,1628,0,1629,G
2-PB1,1225,1613,0,1,0,1614,A
2-PB1,1226,0,1591,0,0,1591,T
2-PB1,1227,2,1,1595,0,1598,G
2-PB1,1228,1,0,1621,0,1622,G
2-PB1,1229,0,2,1631,0,1633,G
2-PB1,1230,0,1,0,1624,1625,C
2-PB1,1231,1633,0,1,0,1634,A
2-PB1,1232,0,1646,0,1,1647,T
2-PB1,1233,1,0,1709,0,1710,G
2-PB1,1234,1,1714,0,1,1716,T
2-PB1,1235,0,1727,0,0,1727,T
2-PB1,1236,0,0,0,1741,1741,C
2-PB1,1237,1736,0,1,1,1738,A
2-PB1,1238,1736,0,3,0,1739,A
2-PB1,1239,1,0,0,1736,1737,C
2-PB1,1240,1753,0,2,1,1756,A
2-PB1,1241,0,1762,0,0,1762,T
2-PB1,1242,2,0,1821,0,1823,G
2-PB1,1243,0,0,0,1828,1828,C
2-PB1,1244,0,1822,0,4,1826,T
2-PB1,1245,1849,0,1,0,1850,A
2-PB1,1246,1851,0,0,0,1851,A
2-PB1,1247,0,0,1902,0,1902,G
2-PB1,1248,0,1905,1,0,1906,T
2-PB1,1249,1895,0,2,0,1897,A
2-PB1,1250,0,0,0,1908,1908,C
2-PB1,1251,3,0,1925,0,1928,G
2-PB1,1252,0,0,2094,0,2094,G
2-PB1,1253,0,2088,0,3,2091,T
2-PB1,1254,0,2082,0,0,2082,T
2-PB1,1255,0,2085,0,1,2086,T
2-PB1,1256,0,2078,0,1,2079,T
2-PB1,1257,2077,1,1,0,2079,A
2-PB1,1258,0,1,2078,0,2079,G
2-PB1,1259,1,0,2072,0,2073,G
2-PB1,1260,2038,1,2,0,2041,A
2-PB1,1261,0,0,2030,0,2030,G
2-PB1,1262,0,2075,0,1,2076,T
2-PB1,1263,2,0,0,2079,2081,C
2-PB1,1264,0,2082,0,1,2083,T
2-PB1,1265,1,1,0,2081,2083,C
2-PB1,1266,2,2,2083,0,2087,G
2-PB1,1267,2166,1,0,0,2167,A
2-PB1,1268,1,2170,0,1,2172,T
2-PB1,1269,2182,1,0,0,2183,A
2-PB1,1270,0,1,0,2186,2187,C
2-PB1,1271,0,2164,1,0,2165,T
2-PB1,1272,2,2,2170,0,2174,G
2-PB1,1273,2169,1,3,0,2173,A
2-PB1,1274,2223,0,1,0,2224,A
2-PB1,1275,0,2223,0,1,2224,T
2-PB1,1276,4,0,2,2187,2193,C
2-PB1,1277,1,2188,0,1,2190,T
2-PB1,1278,0,2179,0,1,2180,T
2-PB1,1279,1,4,2181,0,2186,G
2-PB1,1280,2,1,2186,0,2189,G
2-PB1,1281,2180,3,3,0,2186,A
2-PB1,1282,0,0,0,2183,2183,C
2-PB1,1283,2170,0,0,0,2170,A
2-PB1,1284,2187,0,1,1,2189,A
2-PB1,1285,2195,0,2,1,2198,A
2-PB1,1286,2198,0,4,0,2202,A
2-PB1,1287,1,2,2251,0,2254,G
2-PB1,1288,2266,1,1,0,2268,A
2-PB1,1289,2265,0,0,1,2266,A
2-PB1,1290,2267,0,3,0,2270,A
2-PB1,1291,0,2271,0,0,2271,T
2-PB1,1292,2274,0,3,0,2277,A
2-PB1,1293,0,1,0,2372,2373,C
2-PB1,1294,2360,0,0,0,2360,A
2-PB1,1295,1,1,0,2363,2365,C
2-PB1,1296,3,0,0,2340,2343,C
2-PB1,1297,2334,1,0,1,2336,A
2-PB1,1298,2360,0,2,0,2362,A
2-PB1,1299,0,4,2441,0,2445,G
2-PB1,1300,2478,0,3,0,2481,A
2-PB1,1301,0,0,0,2516,2516,C
2-PB1,1302,2460,0,2,0,2462,A
2-PB1,1303,2547,0,8,0,2555,A
2-PB1,1304,0,0,0,2563,2563,C
2-PB1,1305,2614,4,0,0,2618,A
2-PB1,1306,1,2621,0,0,2622,T
2-PB1,1307,2608,1,2,0,2611,A
2-PB1,1308,0,1,0,2652,2653,C
2-PB1,1309,1,2587,0,4,2592,T
2-PB1,1310,4,2,2624,0,2630,G
2-PB1,1311,1,0,2623,0,2624,G
2-PB1,1312,0,2575,0,2,2577,T
2-PB1,1313,0,2,2571,0,2573,G
2-PB1,1314,1,4,2561,0,2566,G
2-PB1,1315,0,0,2573,0,2573,G
2-PB1,1316,2566,0,1,0,2567,A
2-PB1,1317,0,2550,0,2,2552,T
2-PB1,1318,1,4,2549,0,2554,G
2-PB1,1319,3,1,2547,0,2551,G
2-PB1,1320,1,1,2565,0,2567,G
2-PB1,1321,0,0,1,2591,2592,C
2-PB1,1322,3,2574,0,9,2586,T
2-PB1,1323,2,1,0,2595,2598,C
2-PB1,1324,1,3,0,2592,2596,C
2-PB1,1325,2599,0,1,0,2600,A
2-PB1,1326,2596,0,1,1,2598,A
2-PB1,1327,1,2591,0,2,2594,T
2-PB1,1328,4,0,0,2584,2588,C
2-PB1,1329,3,0,0,2567,2570,C
2-PB1,1330,0,2574,0,1,2575,T
2-PB1,1331,2,1,0,2572,2575,C
2-PB1,1332,3,0,0,2565,2568,C
2-PB1,1333,0,2,2562,0,2564,G
2-PB1,1334,2570,0,1,0,2571,A
2-PB1,1335,0,2,0,2563,2565,C
2-PB1,1336,1,3,2566,0,2570,G
2-PB1,1337,2583,0,0,0,2583,A
2-PB1,1338,0,2586,0,1,2587,T
2-PB1,1339,0,2581,0,1,2582,T
2-PB1,1340,0,2581,0,3,2584,T
2-PB1,1341,0,2588,0,0,2588,T
2-PB1,1342,0,1,2583,0,2584,G
2-PB1,1343,0,2,1,2622,2625,C
2-PB1,1344,2,0,0,2617,2619,C
2-PB1,1345,2,0,0,2694,2696,C
2-PB1,1346,0,2657,1,3,2661,T
2-PB1,1347,2,1,0,2765,2768,C
2-PB1,1348,2784,0,1,0,2785,A
2-PB1,1349,0,2797,0,1,2798,T
2-PB1,1350,2796,0,2,0,2798,A
2-PB1,1351,2,0,2830,0,2832,G
2-PB1,1352,1,2793,0,0,2794,T
2-PB1,1353,0,4,2813,0,2817,G
2-PB1,1354,2736,2,1,1,2740,A
2-PB1,1355,2739,0,2,0,2741,A
2-PB1,1356,0,2669,0,2,2671,T
2-PB1,1357,1,1,2670,0,2672,G
2-PB1,1358,0,2,0,2691,2693,C
2-PB1,1359,2693,0,5,0,2698,A
2-PB1,1360,0,1,0,2697,2698,C
2-PB1,1361,1,1,0,2679,2681,C
2-PB1,1362,2670,0,2,0,2672,A
2-PB1,1363,2666,0,2,0,2668,A
2-PB1,1364,2670,0,2,0,2672,A
2-PB1,1365,1,2621,0,4,2626,T
2-PB1,1366,4,2,0,2699,2705,C
2-PB1,1367,2704,1,2,0,2707,A
2-PB1,1368,0,2700,0,2,2702,T
2-PB1,1369,1,4,2701,0,2706,G
2-PB1,1370,2701,0,8,0,2709,A
2-PB1,1371,0,4,2724,0,2728,G
2-PB1,1372,1,1,2711,0,2713,G
2-PB1,1373,2,1,2723,0,2726,G
2-PB1,1374,2695,1,3,0,2699,A
2-PB1,1375,2726,0,6,1,2733,A
2-PB1,1376,2,2743,0,1,2746,T
2-PB1,1377,2750,2,1,0,2753,A
2-PB1,1378,0,0,0,2758,2758,C
2-PB1,1379,2768,0,3,0,2771,A
2-PB1,1380,2759,0,7,0,2766,A
2-PB1,1381,2,0,2755,0,2757,G
2-PB1,1382,0,0,0,2737,2737,C
2-PB1,1383,2718,0,3,0,2721,A
2-PB1,1384,1,1,2751,0,2753,G
2-PB1,1385,1,1,2748,1,2751,G
2-PB1,1386,2749,0,3,2,2754,A
2-PB1,1387,1,2,2765,0,2768,G
2-PB1,1388,0,2733,0,1,2734,T
2-PB1,1389,2,2,2767,0,2771,G
2-PB1,1390,2,1,2778,0,2781,G
2-PB1,1391,2770,2,4,0,2776,A
2-PB1,1392,0,2782,0,0,2782,T
2-PB1,1393,2758,0,2,0,2760,A
2-PB1,1394,1,2,2781,0,2784,G
2-PB1,1395,2831,1,1,0,2833,A
2-PB1,1396,0,2833,1,0,2834,T
2-PB1,1397,1,2818,1,1,2821,T
2-PB1,1398,6,0,0,2901,2907,C
2-PB1,1399,0,2897,2,0,2899,T
2-PB1,1400,2899,0,1,0,2900,A
2-PB1,1401,2,1,0,2897,2900,C
2-PB1,1402,2851,2,8,0,2861,A
2-PB1,1403,0,3,2863,0,2866,G
2-PB1,1404,1,7,2823,0,2831,G
2-PB1,1405,2874,1,2,0,2877,A
2-PB1,1406,1,0,0,2867,2868,C
2-PB1,1407,3,0,1,2817,2821,C
2-PB1,1408,2,2799,0,8,2809,T
2-PB1,1409,3,0,2817,0,2820,G
2-PB1,1410,0,1,0,2816,2817,C
2-PB1,1411,2822,0,1,0,2823,A
2-PB1,1412,2828,2,5,0,2835,A
2-PB1,1413,1,0,2847,0,2848,G
2-PB1,1414,1,2813,1,4,2819,T
2-PB1,1415,0,2820,0,0,2820,T
2-PB1,1416,2791,1,2,0,2794,A
2-PB1,1417,1,1,2803,1,2806,G
2-PB1,1418,2,2795,0,1,2798,T
2-PB1,1419,2,0,2795,0,2797,G
2-PB1,1420,2,2,2786,0,2790,G
2-PB1,1421,2,1,2819,1,2823,G
2-PB1,1422,2811,0,4,0,2815,A
2-PB1,1423,2828,0,0,0,2828,A
2-PB1,1424,0,2824,0,5,2829,T
2-PB1,1425,2,1,0,2829,2832,C
2-PB1,1426,2816,1,4,0,2821,A
2-PB1,1427,2828,1,2,0,2831,A
2-PB1,1428,0,2,0,2824,2826,C
2-PB1,1429,2826,0,0,0,2826,A
2-PB1,1430,0,2758,0,2,2760,T
2-PB1,1431,2,6,2764,0,2772,G
2-PB1,1432,2764,1,2,0,2767,A
2-PB1,1433,1,0,2789,2,2792,G
2-PB1,1434,0,2,0,2785,2787,C
2-PB1,1435,2790,0,1,0,2791,A
2-PB1,1436,2786,0,2,0,2788,A
2-PB1,1437,2792,0,2,0,2794,A
2-PB1,1438,2817,0,3,0,2820,A
2-PB1,1439,2810,1,7,0,2818,A
2-PB1,1440,0,1,2812,0,2813,G
2-PB1,1441,2767,0,4,1,2772,A
2-PB1,1442,2760,0,4,0,2764,A
2-PB1,1443,0,0,2868,1,2869,G
2-PB1,1444,1,2868,0,0,2869,T
2-PB1,1445,5,2,0,2870,2877,C
2-PB1,1446,5,0,0,2876,2881,C
2-PB1,1447,0,2863,0,5,2868,T
2-PB1,1448,2905,1,1,1,2908,A
2-PB1,1449,0,2896,0,1,2897,T
2-PB1,1450,2896,1,0,0,2897,A
2-PB1,1451,1,2897,0,0,2898,T
2-PB1,1452,2833,0,2,0,2835,A
2-PB1,1453,2832,1,5,0,2838,A
2-PB1,1454,2831,1,0,0,2832,A
2-PB1,1455,1,2833,0,0,2834,T
2-PB1,1456,2814,0,0,0,2814,A
2-PB1,1457,2805,0,4,0,2809,A
2-PB1,1458,2825,1,1,0,2827,A
2-PB1,1459,2834,0,1,0,2835,A
2-PB1,1460,0,1,0,2837,2838,C
2-PB1,1461,2709,2,6,0,2717,A
2-PB1,1462,0,4,2706,0,2710,G
2-PB1,1463,2,2,2703,0,2707,G
2-PB1,1464,2,4,2705,0,2711,G
2-PB1,1465,2710,0,4,0,2714,A
2-PB1,1466,0,2,0,2737,2739,C
2-PB1,1467,2717,0,1,0,2718,A
2-PB1,1468,0,2752,0,0,2752,T
2-PB1,1469,0,2748,0,4,2752,T
2-PB1,1470,0,2759,1,1,2761,T
2-PB1,1471,3,4,2752,0,2759,G
2-PB1,1472,2749,0,1,0,2750,A
2-PB1,1473,2745,0,2,0,2747,A
2-PB1,1474,0,2747,0,1,2748,T
2-PB1,1475,0,2706,0,2,2708,T
2-PB1,1476,3,2,0,2708,2713,C
2-PB1,1477,2707,1,2,0,2710,A
2-PB1,1478,0,1,0,2712,2713,C
2-PB1,1479,0,2700,0,0,2700,T
2-PB1,1480,2704,1,2,0,2707,A
2-PB1,1481,0,1,2709,0,2710,G
2-PB1,1482,1,1,0,2707,2709,C
2-PB1,1483,1,2676,0,4,2681,T
2-PB1,1484,0,2732,0,1,2733,T
2-PB1,1485,0,2714,0,4,2718,T
2-PB1,1486,0,2716,0,2,2718,T
2-PB1,1487,0,2721,0,1,2722,T
2-PB1,1488,1,2720,0,1,2722,T
2-PB1,1489,0,2710,0,0,2710,T
2-PB1,1490,2707,1,1,0,2709,A
2-PB1,1491,0,2697,0,1,2698,T
2-PB1,1492,3,1,0,2691,2695,C
2-PB1,1493,1,2,2712,0,2715,G
2-PB1,1494,2798,1,1,0,2800,A
2-PB1,1495,0,2801,0,0,2801,T
2-PB1,1496,2811,1,1,0,2813,A
2-PB1,1497,1,2834,0,1,2836,T
2-PB1,1498,2,2,2823,0,2827,G
2-PB1,1499,0,4,2847,0,2851,G
2-PB1,1500,2846,1,4,0,2851,A
2-PB1,1501,0,2834,0,1,2835,T
2-PB1,1502,0,2810,0,1,2811,T
2-PB1,1503,1,2746,0,4,2751,T
2-PB1,1504,3,4,2745,0,2752,G
2-PB1,1505,0,2733,0,3,2736,T
2-PB1,1506,3,1,2732,1,2737,G
2-PB1,1507,0,0,2736,0,2736,G
2-PB1,1508,0,1,0,2713,2714,C
2-PB1,1509,0,2722,0,3,2725,T
2-PB1,1510,2731,0,1,0,2732,A
2-PB1,1511,2750,0,1,1,2752,A
2-PB1,1512,1,2770,0,0,2771,T
2-PB1,1513,1,2763,0,0,2764,T
2-PB1,1514,0,2766,0,3,2769,T
2-PB1,1515,0,2772,1,0,2773,T
2-PB1,1516,2771,0,3,0,2774,A
2-PB1,1517,1,0,2794,0,2795,G
2-PB1,1518,0,0,0,2791,2791,C
2-PB1,1519,2783,0,2,1,2786,A
2-PB1,1520,1,2759,0,5,2765,T
2-PB1,1521,1,0,2735,0,2736,G
2-PB1,1522,1,1,2760,0,2762,G
2-PB1,1523,2758,0,4,0,2762,A
2-PB1,1524,1,0,2757,0,2758,G
2-PB1,1525,0,1,0,2758,2759,C
2-PB1,1526,0,2736,0,3,2739,T
2-PB1,1527,2,3,2762,0,2767,G
2-PB1,1528,0,0,0,2747,2747,C
2-PB1,1529,3,0,0,2731,2734,C
2-PB1,1530,0,1,0,2768,2769,C
2-PB1,1531,2723,0,0,0,2723,A
2-PB1,1532,1,0,2881,0,2882,G
2-PB1,1533,0,2870,0,4,2874,T
2-PB1,1534,0,2865,1,5,2871,T
2-PB1,1535,1,2881,0,2,2884,T
2-PB1,1536,0,2851,1,1,2853,T
2-PB1,1537,0,2,2847,0,2849,G
2-PB1,1538,1,3,2849,0,2853,G
2-PB1,1539,2839,0,4,0,2843,A
2-PB1,1540,0,0,2846,0,2846,G
2-PB1,1541,0,2631,0,1,2632,T
2-PB1,1542,1,0,2719,0,2720,G
2-PB1,1543,0,2714,0,3,2717,T
2-PB1,1544,1,0,0,2715,2716,C
2-PB1,1545,0,2713,0,1,2714,T
2-PB1,1546,3,2,2735,1,2741,G
2-PB1,1547,0,0,2776,0,2776,G
2-PB1,1548,2772,0,2,0,2774,A
2-PB1,1549,2780,1,0,0,2781,A
2-PB1,1550,0,2775,0,0,2775,T
2-PB1,1551,2601,0,1,1,2603,A
2-PB1,1552,2590,0,3,0,2593,A
2-PB1,1553,2591,2,1,3,2597,A
2-PB1,1554,0,0,0,2606,2606,C
2-PB1,1555,0,3,2582,0,2585,G
2-PB1,1556,2556,1,3,0,2560,A
2-PB1,1557,0,0,2558,0,2558,G
2-PB1,1558,1,2544,1,2,2548,T
2-PB1,1559,5,2,2,2543,2552,C
2-PB1,1560,2540,0,4,0,2544,A
2-PB1,1561,1,2,2570,1,2574,G
2-PB1,1562,0,1,0,2574,2575,C
2-PB1,1563,1,2562,0,2,2565,T
2-PB1,1564,1,0,2677,0,2678,G
2-PB1,1565,2656,0,4,0,2660,A
2-PB1,1566,2,2656,1,2,2661,T
2-PB1,1567,2662,0,5,0,2667,A
2-PB1,1568,0,2626,0,1,2627,T
2-PB1,1569,1,8,2634,0,2643,G
2-PB1,1570,2565,0,2,0,2567,A
2-PB1,1571,1,0,2603,0,2604,G
2-PB1,1572,3,0,3,2599,2605,C
2-PB1,1573,2461,1,2,0,2464,A
2-PB1,1574,1,2457,0,3,2461,T
2-PB1,1575,0,2458,0,2,2460,T
2-PB1,1576,0,0,2500,0,2500,G
2-PB1,1577,0,0,2582,1,2583,G
2-PB1,1578,2541,1,6,0,2548,A
2-PB1,1579,0,0,2559,0,2559,G
2-PB1,1580,0,2481,0,1,2482,T
2-PB1,1581,2472,0,1,0,2473,A
2-PB1,1582,2473,3,2,0,2478,A
2-PB1,1583,1,1,0,2501,2503,C
2-PB1,1584,2479,0,1,0,2480,A
2-PB1,1585,0,1,2529,0,2530,G
2-PB1,1586,0,2322,0,4,2326,T
2-PB1,1587,2,3,2342,0,2347,G
2-PB1,1588,2384,1,4,0,2389,A
2-PB1,1589,0,2387,0,2,2389,T
2-PB1,1590,2388,0,1,0,2389,A
2-PB1,1591,2385,0,3,0,2388,A
2-PB1,1592,2319,1,7,0,2327,A
2-PB1,1593,0,1,2363,0,2364,G
2-PB1,1594,2268,1,5,0,2274,A
2-PB1,1595,2268,0,2,0,2270,A
2-PB1,1596,0,1,0,2267,2268,C
2-PB1,1597,2200,1,2,1,2204,A
2-PB1,1598,2223,0,4,0,2227,A
2-PB1,1599,0,0,0,2232,2232,C
2-PB1,1600,2257,1,4,0,2262,A
2-PB1,1601,0,2262,1,0,2263,T
2-PB1,1602,0,2,2243,0,2245,G
2-PB1,1603,2237,1,6,1,2245,A
2-PB1,1604,0,2244,0,2,2246,T
2-PB1,1605,2228,0,2,0,2230,A
2-PB1,1606,2244,1,3,0,2248,A
2-PB1,1607,2236,0,2,1,2239,A
2-PB1,1608,1,0,0,2256,2257,C
2-PB1,1609,2198,0,0,0,2198,A
2-PB1,1610,2198,0,1,0,2199,A
2-PB1,1611,0,2167,1,4,2172,T
2-PB1,1612,0,6,2169,0,2175,G
2-PB1,1613,2203,1,4,0,2208,A
2-PB1,1614,0,0,0,2239,2239,C
2-PB1,1615,0,0,0,2216,2216,C
2-PB1,1616,0,2152,2,4,2158,T
2-PB1,1617,0,2111,0,0,2111,T
2-PB1,1618,1,3,2108,0,2112,G
2-PB1,1619,0,3,2110,1,2114,G
2-PB1,1620,2131,0,6,0,2137,A
2-PB1,1621,0,1,0,2129,2130,C
2-PB1,1622,1,0,0,2104,2105,C
2-PB1,1623,2072,0,2,0,2074,A
2-PB1,1624,0,0,2094,0,2094,G
2-PB1,1625,1,2,0,2096,2099,C
2-PB1,1626,2095,1,1,0,2097,A
2-PB1,1627,2100,1,1,0,2102,A
2-PB1,1628,0,1,0,2096,2097,C
2-PB1,1629,2080,0,2,0,2082,A
2-PB1,1630,0,0,2121,0,2121,G
2-PB1,1631,1,2,0,2106,2109,C
2-PB1,1632,1,2,0,2110,2113,C
2-PB1,1633,2,2,0,2111,2115,C
2-PB1,1634,2115,0,2,0,2117,A
2-PB1,1635,2113,0,1,0,2114,A
2-PB1,1636,2115,0,1,0,2116,A
2-PB1,1637,0,2115,0,2,2117,T
2-PB1,1638,1,2,2101,0,2104,G
2-PB1,1639,1,0,2072,0,2073,G
2-PB1,1640,1,0,0,2068,2069,C
2-PB1,1641,0,2052,0,5,2057,T
2-PB1,1642,0,0,0,2102,2102,C
2-PB1,1643,0,2093,0,5,2098,T
2-PB1,1644,3,0,1,2107,2111,C
2-PB1,1645,0,3,0,2121,2124,C
2-PB1,1646,2125,0,2,0,2127,A
2-PB1,1647,2127,0,0,0,2127,A
2-PB1,1648,0,2116,0,2,2118,T
2-PB1,1649,2,2098,0,1,2101,T
2-PB1,1650,2,0,2105,0,2107,G
2-PB1,1651,0,2060,1,2,2063,T
2-PB1,1652,0,2068,0,0,2068,T
2-PB1,1653,5,1,0,2056,2062,C
2-PB1,1654,2054,0,1,0,2055,A
2-PB1,1655,0,2052,0,3,2055,T
2-PB1,1656,0,0,0,2057,2057,C
2-PB1,1657,2057,2,0,0,2059,A
2-PB1,1658,2063,0,1,0,2064,A
2-PB1,1659,2062,0,1,0,2063,A
2-PB1,1660,0,2,2104,0,2106,G
2-PB1,1661,2104,0,1,0,2105,A
2-PB1,1662,0,2111,0,0,2111,T
2-PB1,1663,0,2113,1,1,2115,T
2-PB1,1664,2118,0,2,0,2120,A
2-PB1,1665,0,4,0,2150,2154,C
2-PB1,1666,2139,0,2,1,2142,A
2-PB1,1667,0,0,2154,0,2154,G
2-PB1,1668,2136,1,5,0,2142,A
2-PB1,1669,1,2167,0,0,2168,T
2-PB1,1670,2177,0,3,0,2180,A
2-PB1,1671,0,0,0,2327,2327,C
2-PB1,1672,2385,0,4,0,2389,A
2-PB1,1673,0,0,0,2546,2546,C
2-PB1,1674,2502,0,3,0,2505,A
2-PB1,1675,0,2529,0,0,2529,T
2-PB1,1676,2509,2,0,0,2511,A
2-PB1,1677,2,2498,0,1,2501,T
2-PB1,1678,2436,0,5,0,2441,A
2-PB1,1679,1,1,2443,0,2445,G
2-PB1,1680,1,0,2395,0,2396,G
2-PB1,1681,0,2280,1,3,2284,T
2-PB1,1682,0,0,2243,0,2243,G
2-PB1,1683,3,1,0,2304,2308,C
2-PB1,1684,2,0,0,2303,2305,C
2-PB1,1685,2333,1,1,0,2335,A
2-PB1,1686,0,2340,0,0,2340,T
2-PB1,1687,2335,0,1,0,2336,A
2-PB1,1688,0,0,2344,0,2344,G
2-PB1,1689,2279,1,4,0,2284,A
2-PB1,1690,0,0,2286,0,2286,G
2-PB1,1691,3,1,2286,0,2290,G
2-PB1,1692,2209,1,1,0,2211,A
2-PB1,1693,0,4,2217,0,2221,G
2-PB1,1694,2207,0,4,0,2211,A
2-PB1,1695,0,1,0,2218,2219,C
2-PB1,1696,2211,1,2,0,2214,A
2-PB1,1697,0,0,0,2233,2233,C
2-PB1,1698,2240,1,6,0,2247,A
2-PB1,1699,1,1,0,2252,2254,C
2-PB1,1700,2227,0,3,0,2230,A
2-PB1,1701,2242,0,2,1,2245,A
2-PB1,1702,2263,0,3,0,2266,A
2-PB1,1703,0,2260,0,0,2260,T
2-PB1,1704,1,0,1,2264,2266,C
2-PB1,1705,2,2,0,2257,2261,C
2-PB1,1706,2227,1,1,0,2229,A
2-PB1,1707,0,1,2233,0,2234,G
2-PB1,1708,2234,1,0,0,2235,A
2-PB1,1709,0,1,0,2243,2244,C
2-PB1,1710,0,6,2233,0,2239,G
2-PB1,1711,2225,0,2,0,2227,A
2-PB1,1712,0,1,2231,0,2232,G
2-PB1,1713,2224,1,3,1,2229,A
2-PB1,1714,2229,0,4,0,2233,A
2-PB1,1715,3,3,2246,0,2252,G
2-PB1,1716,2247,0,2,0,2249,A
2-PB1,1717,1,2237,0,3,2241,T
2-PB1,1718,0,1,0,2230,2231,C
2-PB1,1719,2235,1,3,0,2239,A
2-PB1,1720,0,2229,1,0,2230,T
2-PB1,1721,1,2230,1,0,2232,T
2-PB1,1722,0,0,0,2232,2232,C
2-PB1,1723,2,2,2231,0,2235,G
2-PB1,1724,2208,1,5,0,2214,A
2-PB1,1725,1,1,2219,0,2221,G
2-PB1,1726,2210,0,4,0,2214,A
2-PB1,1727,0,2282,0,2,2284,T
2-PB1,1728,2283,0,1,0,2284,A
2-PB1,1729,2293,0,0,0,2293,A
2-PB1,1730,2288,0,6,0,2294,A
2-PB1,1731,0,0,2296,0,2296,G
2-PB1,1732,2297,0,5,0,2302,A
2-PB1,1733,2250,0,0,0,2250,A
2-PB1,1734,1,1,2264,0,2266,G
2-PB1,1735,1,0,0,2268,2269,C
2-PB1,1736,1,2242,0,2,2245,T
2-PB1,1737,1,0,2247,0,2248,G
2-PB1,1738,0,2243,0,1,2244,T
2-PB1,1739,2,2,2219,0,2223,G
2-PB1,1740,0,0,2233,0,2233,G
2-PB1,1741,0,3,2254,0,2257,G
2-PB1,1742,2261,0,2,0,2263,A
2-PB1,1743,0,2247,0,3,2250,T
2-PB1,1744,1,0,0,2249,2250,C
2-PB1,1745,2247,0,2,0,2249,A
2-PB1,1746,2260,1,2,0,2263,A
2-PB1,1747,2265,3,2,0,2270,A
2-PB1,1748,0,1,0,2256,2257,C
2-PB1,1749,0,1,1,2243,2245,C
2-PB1,1750,3,0,0,2232,2235,C
2-PB1,1751,2226,0,3,0,2229,A
2-PB1,1752,2282,1,1,0,2284,A
2-PB1,1753,0,2266,0,1,2267,T
2-PB1,1754,2,0,0,2278,2280,C
2-PB1,1755,2269,0,2,0,2271,A
2-PB1,1756,2243,1,3,0,2247,A
2-PB1,1757,1,3,2271,0,2275,G
2-PB1,1758,0,1,2264,0,2265,G
2-PB1,1759,1,0,2255,0,2256,G
2-PB1,1760,2,1,1,2261,2265,C
2-PB1,1761,2232,0,4,0,2236,A
2-PB1,1762,0,2,2322,0,2324,G
2-PB1,1763,1,3,2334,0,2338,G
2-PB1,1764,2334,1,3,0,2338,A
2-PB1,1765,1,0,0,2357,2358,C
2-PB1,1766,0,2302,0,0,2302,T
2-PB1,1767,2370,0,0,0,2370,A
2-PB1,1768,1,2366,0,1,2368,T
2-PB1,1769,2,2370,0,1,2373,T
2-PB1,1770,0,0,2363,1,2364,G
2-PB1,1771,0,1,2379,0,2380,G
2-PB1,1772,0,2356,0,1,2357,T
2-PB1,1773,2356,0,0,0,2356,A
2-PB1,1774,0,2315,0,3,2318,T
2-PB1,1775,1,1,0,2318,2320,C
2-PB1,1776,2282,0,3,0,2285,A
2-PB1,1777,0,1,2296,0,2297,G
2-PB1,1778,2296,0,1,1,2298,A
2-PB1,1779,0,2280,0,1,2281,T
2-PB1,1780,1,2,2221,0,2224,G
2-PB1,1781,1,4,2217,0,2222,G
2-PB1,1782,3,0,2211,0,2214,G
2-PB1,1783,1,2,2220,0,2223,G
2-PB1,1784,2,7,2229,0,2238,G
2-PB1,1785,2233,0,2,0,2235,A
2-PB1,1786,0,1,0,2217,2218,C
2-PB1,1787,3,1,1,2200,2205,C
2-PB1,1788,2204,0,2,0,2206,A
2-PB1,1789,2378,0,4,0,2382,A
2-PB1,1790,2386,0,2,0,2388,A
2-PB1,1791,0,0,1,2446,2447,C
2-PB1,1792,0,2417,0,5,2422,T
2-PB1,1793,0,2418,0,0,2418,T
2-PB1,1794,2439,0,3,0,2442,A
2-PB1,1795,0,2442,0,0,2442,T
2-PB1,1796,2445,1,3,0,2449,A
2-PB1,1797,2,0,0,2445,2447,C
2-PB1,1798,2231,0,1,0,2232,A
2-PB1,1799,2232,2,2,0,2236,A
2-PB1,1800,0,2180,0,0,2180,T
2-PB1,1801,2207,1,0,0,2208,A
2-PB1,1802,0,2204,0,1,2205,T
2-PB1,1803,1,0,0,2188,2189,C
2-PB1,1804,4,2,0,2182,2188,C
2-PB1,1805,0,1,2188,0,2189,G
2-PB1,1806,1,1,2186,1,2189,G
2-PB1,1807,2192,0,0,0,2192,A
2-PB1,1808,2193,0,1,0,2194,A
2-PB1,1809,2,2191,0,0,2193,T
2-PB1,1810,1,1,0,2185,2187,C
2-PB1,1811,0,2184,0,6,2190,T
2-PB1,1812,1,2203,0,1,2205,T
2-PB1,1813,2,0,0,2201,2203,C
2-PB1,1814,2204,0,0,0,2204,A
2-PB1,1815,1,0,0,2204,2205,C
2-PB1,1816,2199,0,1,0,2200,A
2-PB1,1817,1,2333,0,1,2335,T
2-PB1,1818,2,1,0,2332,2335,C
2-PB1,1819,3,0,0,2338,2341,C
2-PB1,1820,2,0,0,2356,2358,C
2-PB1,1821,0,2356,0,4,2360,T
2-PB1,1822,0,1,2357,0,2358,G
2-PB1,1823,2348,0,1,1,2350,A
2-PB1,1824,2333,0,4,0,2337,A
2-PB1,1825,0,0,2346,0,2346,G
2-PB1,1826,1,2194,0,1,2196,T
2-PB1,1827,4,0,0,2197,2201,C
2-PB1,1828,0,2165,0,2,2167,T
2-PB1,1829,0,0,2223,0,2223,G
2-PB1,1830,0,0,0,2223,2223,C
2-PB1,1831,0,2218,1,4,2223,T
2-PB1,1832,1,2221,0,0,2222,T
2-PB1,1833,2222,1,1,0,2224,A
2-PB1,1834,2213,0,3,1,2217,A
2-PB1,1835,2215,0,0,0,2215,A
2-PB1,1836,2154,0,3,0,2157,A
2-PB1,1837,0,2169,1,0,2170,T
2-PB1,1838,0,4,2165,0,2169,G
2-PB1,1839,0,2,2174,0,2176,G
2-PB1,1840,1,3,2179,0,2183,G
2-PB1,1841,2176,0,3,0,2179,A
2-PB1,1842,2,0,2185,0,2187,G
2-PB1,1843,2,1,0,2170,2173,C
2-PB1,1844,0,2170,2,0,2172,T
2-PB1,1845,1,1,2187,0,2189,G
2-PB1,1846,2178,1,1,0,2180,A
2-PB1,1847,1,2182,0,1,2184,T
2-PB1,1848,0,2,2188,0,2190,G
2-PB1,1849,0,1,2196,0,2197,G
2-PB1,1850,2188,0,2,1,2191,A
2-PB1,1851,0,2185,0,3,2188,T
2-PB1,1852,2,2,2190,0,2194,G
2-PB1,1853,2187,0,1,0,2188,A
2-PB1,1854,0,3,2218,0,2221,G
2-PB1,1855,2218,0,2,0,2220,A
2-PB1,1856,2216,0,1,1,2218,A
2-PB1,1857,5,2204,0,2,2211,T
2-PB1,1858,0,2199,0,1,2200,T
2-PB1,1859,2204,1,2,0,2207,A
2-PB1,1860,2,2199,0,1,2202,T
2-PB1,1861,2,1,0,2201,2204,C
2-PB1,1862,2,1,2191,1,2195,G
2-PB1,1863,1,3,2170,0,2174,G
2-PB1,1864,0,3,2171,0,2174,G
2-PB1,1865,0,0,2174,0,2174,G
2-PB1,1866,2168,1,0,0,2169,A
2-PB1,1867,2171,0,4,0,2175,A
2-PB1,1868,0,2,2186,0,2188,G
2-PB1,1869,2208,1,4,0,2213,A
2-PB1,1870,0,0,0,2223,2223,C
2-PB1,1871,0,2197,0,3,2200,T
2-PB1,1872,0,2228,0,4,2232,T
2-PB1,1873,1,2238,0,0,2239,T
2-PB1,1874,0,0,2253,0,2253,G
2-PB1,1875,0,2252,0,2,2254,T
2-PB1,1876,2238,0,0,0,2238,A
2-PB1,1877,2228,1,1,0,2230,A
2-PB1,1878,0,2192,0,3,2195,T
2-PB1,1879,1,0,1,2194,2196,C
2-PB1,1880,0,1,0,2192,2193,C
2-PB1,1881,1,0,0,2173,2174,C
2-PB1,1882,3,1,0,2185,2189,C
2-PB1,1883,0,2173,0,4,2177,T
2-PB1,1884,1,3,2177,0,2181,G
2-PB1,1885,2183,0,1,0,2184,A
2-PB1,1886,2183,0,2,1,2186,A
2-PB1,1887,2,2180,0,4,2186,T
2-PB1,1888,1,0,1,2186,2188,C
2-PB1,1889,2,0,0,2173,2175,C
2-PB1,1890,2,1,0,2167,2170,C
2-PB1,1891,0,2155,0,7,2162,T
2-PB1,1892,0,2167,0,0,2167,T
2-PB1,1893,0,2156,0,2,2158,T
2-PB1,1894,1,0,2152,0,2153,G
2-PB1,1895,1,2150,1,0,2152,T
2-PB1,1896,1,1,1,2148,2151,C
2-PB1,1897,2125,0,1,0,2126,A
2-PB1,1898,1,0,2166,0,2167,G
2-PB1,1899,3,1,0,2151,2155,C
2-PB1,1900,1,2,0,2156,2159,C
2-PB1,1901,2166,0,0,0,2166,A
2-PB1,1902,0,2169,0,0,2169,T
2-PB1,1903,2166,0,1,0,2167,A
2-PB1,1904,2172,0,0,1,2173,A
2-PB1,1905,2174,0,3,0,2177,A
2-PB1,1906,0,0,2197,0,2197,G
2-PB1,1907,2145,2,1,0,2148,A
2-PB1,1908,2152,0,3,0,2155,A
2-PB1,1909,2155,0,1,0,2156,A
2-PB1,1910,0,2154,0,0,2154,T
2-PB1,1911,1,2150,0,0,2151,T
2-PB1,1912,0,3,2154,0,2157,G
2-PB1,1913,2139,1,2,0,2142,A
2-PB1,1914,0,0,2160,0,2160,G
2-PB1,1915,0,2144,1,1,2146,T
2-PB1,1916,3,0,0,2158,2161,C
2-PB1,1917,1,2146,0,3,2150,T
2-PB1,1918,1,0,2198,0,2199,G
2-PB1,1919,0,2188,0,2,2190,T
2-PB1,1920,2216,0,1,0,2217,A
2-PB1,1921,2210,2,1,0,2213,A
2-PB1,1922,2215,1,3,1,2220,A
2-PB1,1923,1,0,0,2227,2228,C
2-PB1,1924,2164,0,0,0,2164,A
2-PB1,1925,2212,0,0,0,2212,A
2-PB1,1926,0,2206,1,0,2207,T
2-PB1,1927,0,0,2201,0,2201,G
2-PB1,1928,0,0,0,2213,2213,C
2-PB1,1929,0,2166,0,5,2171,T
2-PB1,1930,0,0,2252,0,2252,G
2-PB1,1931,0,2252,0,0,2252,T
2-PB1,1932,2284,0,3,0,2287,A
2-PB1,1933,0,1,2295,0,2296,G
2-PB1,1934,0,2250,0,1,2251,T
2-PB1,1935,2235,0,3,0,2238,A
2-PB1,1936,2230,0,0,0,2230,A
2-PB1,1937,0,2210,0,4,2214,T
2-PB1,1938,0,1,2211,0,2212,G
2-PB1,1939,1,0,0,2167,2168,C
2-PB1,1940,1,2,0,2140,2143,C
2-PB1,1941,2099,0,1,0,2100,A
2-PB1,1942,2,1,2131,1,2135,G
2-PB1,1943,1,0,0,2161,2162,C
2-PB1,1944,3,0,2,2155,2160,C
2-PB1,1945,1,2,0,2161,2164,C
2-PB1,1946,2149,0,4,0,2153,A
2-PB1,1947,2,2149,0,3,2154,T
2-PB1,1948,2,2,2145,0,2149,G
2-PB1,1949,1,0,2170,0,2171,G
2-PB1,1950,1,2162,0,3,2166,T
2-PB1,1951,3,0,0,2117,2120,C
2-PB1,1952,2,0,1,2092,2095,C
2-PB1,1953,0,2079,0,4,2083,T
2-PB1,1954,0,1,2115,0,2116,G
2-PB1,1955,2,1,0,2105,2108,C
2-PB1,1956,2,2,0,2112,2116,C
2-PB1,1957,2114,0,0,0,2114,A
2-PB1,1958,2097,0,1,0,2098,A
2-PB1,1959,2100,0,1,0,2101,A
2-PB1,1960,2097,1,3,0,2101,A
2-PB1,1961,0,0,2127,0,2127,G
2-PB1,1962,0,2090,0,1,2091,T
2-PB1,1963,2076,0,1,0,2077,A
2-PB1,1964,0,2079,0,1,2080,T
2-PB1,1965,0,0,2079,0,2079,G
2-PB1,1966,0,0,2111,1,2112,G
2-PB1,1967,2101,0,2,0,2103,A
2-PB1,1968,2115,0,2,0,2117,A
2-PB1,1969,0,2105,0,1,2106,T
2-PB1,1970,2074,0,0,0,2074,A
2-PB1,1971,0,2071,0,0,2071,T
2-PB1,1972,0,5,2048,0,2053,G
2-PB1,1973,2051,0,3,0,2054,A
2-PB1,1974,2,2042,0,1,2045,T
2-PB1,1975,1,0,2000,0,2001,G
2-PB1,1976,2,1,1,1993,1997,C
2-PB1,1977,0,1,1,1953,1955,C
2-PB1,1978,3,0,1959,0,1962,G
2-PB1,1979,0,1953,0,4,1957,T
2-PB1,1980,0,1956,0,2,1958,T
2-PB1,1981,1,1,1958,1,1961,G
2-PB1,1982,0,2,0,2004,2006,C
2-PB1,1983,2007,1,1,0,2009,A
2-PB1,1984,2039,0,0,1,2040,A
2-PB1,1985,2,0,0,2039,2041,C
2-PB1,1986,0,2033,0,4,2037,T
2-PB1,1987,2049,0,2,0,2051,A
2-PB1,1988,0,2,0,2047,2049,C
2-PB1,1989,2043,2,2,0,2047,A
2-PB1,1990,0,0,0,2047,2047,C
2-PB1,1991,1976,0,0,0,1976,A
2-PB1,1992,0,1,0,2140,2141,C
2-PB1,1993,0,2101,0,1,2102,T
2-PB1,1994,1,0,0,2118,2119,C
2-PB1,1995,4,5,0,2109,2118,C
2-PB1,1996,0,2102,0,2,2104,T
2-PB1,1997,2,1,2092,0,2095,G
2-PB1,1998,0,0,2104,0,2104,G
2-PB1,1999,2095,0,1,0,2096,A
2-PB1,2000,1,2092,0,1,2094,T
2-PB1,2001,0,1863,0,3,1866,T
2-PB1,2002,0,5,0,1892,1897,C
2-PB1,2003,1,3,0,1873,1877,C
2-PB1,2004,5,0,1,1882,1888,C
2-PB1,2005,1894,0,1,0,1895,A
2-PB1,2006,1885,3,1,0,1889,A
2-PB1,2007,0,2,1889,0,1891,G
2-PB1,2008,1880,0,3,0,1883,A
2-PB1,2009,0,1,1882,0,1883,G
2-PB1,2010,0,1,1882,1,1884,G
2-PB1,2011,1859,1,0,0,1860,A
2-PB1,2012,1859,0,2,0,1861,A
2-PB1,2013,0,2,0,1859,1861,C
2-PB1,2014,1,0,0,1849,1850,C
2-PB1,2015,1,0,1871,0,1872,G
2-PB1,2016,0,0,0,1876,1876,C
2-PB1,2017,0,1862,0,3,1865,T
2-PB1,2018,2,0,0,1874,1876,C
2-PB1,2019,0,1863,0,3,1866,T
2-PB1,2020,1986,0,1,0,1987,A
2-PB1,2021,1,1986,0,4,1991,T
2-PB1,2022,0,1988,0,2,1990,T
2-PB1,2023,0,0,0,1996,1996,C
2-PB1,2024,0,1921,1,6,1928,T
2-PB1,2025,1932,0,0,0,1932,A
2-PB1,2026,1928,0,3,0,1931,A
2-PB1,2027,1937,0,1,1,1939,A
2-PB1,2028,1,2,0,1937,1940,C
2-PB1,2029,1782,0,1,0,1783,A
2-PB1,2030,0,0,0,1781,1781,C
2-PB1,2031,1749,0,3,0,1752,A
2-PB1,2032,1760,0,3,0,1763,A
2-PB1,2033,0,0,1773,0,1773,G
2-PB1,2034,0,1,0,1763,1764,C
2-PB1,2035,2,0,1,1765,1768,C
2-PB1,2036,1754,0,0,0,1754,A
2-PB1,2037,1744,0,5,0,1749,A
2-PB1,2038,1747,0,4,0,1751,A
2-PB1,2039,0,1,1772,0,1773,G
2-PB1,2040,0,3,1770,0,1773,G
2-PB1,2041,0,1,1742,0,1743,G
2-PB1,2042,0,0,1742,0,1742,G
2-PB1,2043,1730,0,2,0,1732,A
2-PB1,2044,1737,0,0,0,1737,A
2-PB1,2045,0,1733,0,0,1733,T
2-PB1,2046,0,1740,0,1,1741,T
2-PB1,2047,1,0,0,1744,1745,C
2-PB1,2048,0,1722,0,2,1724,T
2-PB1,2049,0,1716,0,4,1720,T
2-PB1,2050,0,2,1720,0,1722,G
2-PB1,2051,1716,0,1,0,1717,A
2-PB1,2052,2,2,1718,0,1722,G
2-PB1,2053,0,0,1718,0,1718,G
2-PB1,2054,1708,0,0,0,1708,A
2-PB1,2055,0,1704,0,2,1706,T
2-PB1,2056,1,3,1706,0,1710,G
2-PB1,2057,1703,1,5,0,1709,A
2-PB1,2058,1712,1,1,0,1714,A
2-PB1,2059,0,1,0,1714,1715,C
2-PB1,2060,1695,0,2,1,1698,A
2-PB1,2061,0,2,1712,0,1714,G
2-PB1,2062,1703,0,2,0,1705,A
2-PB1,2063,0,1690,0,1,1691,T
2-PB1,2064,1,0,1695,0,1696,G
2-PB1,2065,0,1722,0,2,1724,T
2-PB1,2066,1729,0,1,1,1731,A
2-PB1,2067,0,0,0,1731,1731,C
2-PB1,2068,2,2,0,1710,1714,C
2-PB1,2069,1703,1,0,0,1704,A
2-PB1,2070,0,1,1683,0,1684,G
2-PB1,2071,1658,0,2,1,1661,A
2-PB1,2072,1649,0,4,0,1653,A
2-PB1,2073,0,1,1662,0,1663,G
2-PB1,2074,1,1576,0,1,1578,T
2-PB1,2075,0,2,1577,1,1580,G
2-PB1,2076,1,1,0,1577,1579,C
2-PB1,2077,1,1570,1,8,1580,T
2-PB1,2078,1,0,1575,0,1576,G
2-PB1,2079,0,0,0,1570,1570,C
2-PB1,2080,1566,1,0,1,1568,A
2-PB1,2081,1568,0,1,0,1569,A
2-PB1,2082,0,0,0,1547,1547,C
2-PB1,2083,0,1548,0,2,1550,T
2-PB1,2084,1,1531,0,0,1532,T
2-PB1,2085,0,1,1527,0,1528,G
2-PB1,2086,0,1530,0,1,1531,T
2-PB1,2087,0,1529,0,0,1529,T
2-PB1,2088,5,0,0,1516,1521,C
2-PB1,2089,0,3,1519,0,1522,G
2-PB1,2090,1525,2,0,0,1527,A
2-PB1,2091,0,4,1518,0,1522,G
2-PB1,2092,1521,2,1,1,1525,A
2-PB1,2093,1523,0,1,1,1525,A
2-PB1,2094,1531,0,0,1,1532,A
2-PB1,2095,0,1528,0,2,1530,T
2-PB1,2096,0,1526,0,0,1526,T
2-PB1,2097,1,1526,1,0,1528,T
2-PB1,2098,0,1524,0,1,1525,T
2-PB1,2099,0,1520,0,3,1523,T
2-PB1,2100,1,0,0,1534,1535,C
2-PB1,2101,0,0,0,1527,1527,C
2-PB1,2102,3,2,0,1523,1528,C
2-PB1,2103,0,1526,0,1,1527,T
2-PB1,2104,1520,1,2,0,1523,A
2-PB1,2105,0,0,1532,0,1532,G
2-PB1,2106,1,1532,0,0,1533,T
2-PB1,2107,1542,0,3,0,1545,A
2-PB1,2108,0,0,1548,0,1548,G
2-PB1,2109,0,1524,0,0,1524,T
2-PB1,2110,1,1553,0,3,1557,T
2-PB1,2111,2,1,1,1562,1566,C
2-PB1,2112,1583,1,0,1,1585,A
2-PB1,2113,0,1584,0,0,1584,T
2-PB1,2114,1582,0,0,0,1582,A
2-PB1,2115,0,1573,0,2,1575,T
2-PB1,2116,1517,0,3,1,1521,A
2-PB1,2117,0,0,1520,0,1520,G
2-PB1,2118,1,0,1504,0,1505,G
2-PB1,2119,1332,0,2,0,1334,A
2-PB1,2120,0,2,1333,0,1335,G
2-PB1,2121,1257,0,2,0,1259,A
2-PB1,2122,1,0,0,1258,1259,C
2-PB1,2123,2,1,0,1226,1229,C
2-PB1,2124,0,0,1229,0,1229,G
2-PB1,2125,1222,0,4,0,1226,A
2-PB1,2126,1,1219,0,1,1221,T
2-PB1,2127,0,1223,0,0,1223,T
2-PB1,2128,1,0,1218,0,1219,G
2-PB1,2129,1,2,1221,0,1224,G
2-PB1,2130,1227,1,0,0,1228,A
2-PB1,2131,1222,0,0,0,1222,A
2-PB1,2132,0,1215,1,0,1216,T
2-PB1,2133,0,1219,0,0,1219,T
2-PB1,2134,0,1216,0,2,1218,T
2-PB1,2135,2,1,0,1215,1218,C
2-PB1,2136,0,1219,0,3,1222,T
2-PB1,2137,1216,2,1,0,1219,A
2-PB1,2138,1,0,1220,0,1221,G
2-PB1,2139,0,0,0,1213,1213,C
2-PB1,2140,1220,0,0,0,1220,A
2-PB1,2141,1,1211,0,0,1212,T
2-PB1,2142,1,2,1204,0,1207,G
2-PB1,2143,0,0,1225,1,1226,G
2-PB1,2144,0,1225,0,0,1225,T
2-PB1,2145,1,0,1221,0,1222,G
2-PB1,2146,1,0,1219,0,1220,G
2-PB1,2147,1202,1,3,0,1206,A
2-PB1,2148,0,1,1208,0,1209,G
2-PB1,2149,1,0,1203,0,1204,G
2-PB1,2150,2,0,0,1195,1197,C
2-PB1,2151,2,0,0,1181,1183,C
2-PB1,2152,1130,0,1,0,1131,A
2-PB1,2153,0,1117,0,4,1121,T
2-PB1,2154,0,0,1129,0,1129,G
2-PB1,2155,1,0,1135,0,1136,G
2-PB1,2156,0,1109,0,1,1110,T
2-PB1,2157,1,0,1118,0,1119,G
2-PB1,2158,1,1099,0,0,1100,T
2-PB1,2159,1,0,0,1087,1088,C
2-PB1,2160,0,1091,0,0,1091,T
2-PB1,2161,1071,0,2,0,1073,A
2-PB1,2162,0,0,1073,0,1073,G
2-PB1,2163,0,0,1038,0,1038,G
2-PB1,2164,0,0,1023,0,1023,G
2-PB1,2165,0,1,0,1000,1001,C
2-PB1,2166,0,0,0,957,957,C
2-PB1,2167,1,0,0,936,937,C
2-PB1,2168,0,0,934,0,934,G
2-PB1,2169,0,2,934,0,936,G
2-PB1,2170,939,0,1,0,940,A
2-PB1,2171,0,933,0,1,934,T
2-PB1,2172,0,903,0,0,903,T
2-PB1,2173,0,1,894,0,895,G
2-PB1,2174,891,0,0,1,892,A
2-PB1,2175,0,897,0,0,897,T
2-PB1,2176,0,0,896,0,896,G
2-PB1,2177,0,0,0,883,883,C
2-PB1,2178,1,1,0,876,878,C
2-PB1,2179,876,1,1,0,878,A
2-PB1,2180,0,1,877,0,878,G
2-PB1,2181,877,0,0,0,877,A
2-PB1,2182,875,0,0,0,875,A
2-PB1,2183,0,872,1,1,874,T
2-PB1,2184,0,848,0,1,849,T
2-PB1,2185,0,2,849,0,851,G
2-PB1,2186,850,0,0,0,850,A
2-PB1,2187,0,1,0,849,850,C
2-PB1,2188,0,838,0,0,838,T
2-PB1,2189,0,835,0,1,836,T
2-PB1,2190,2,0,0,830,832,C
2-PB1,2191,0,0,830,0,830,G
2-PB1,2192,824,0,2,0,826,A
2-PB1,2193,0,0,809,0,809,G
2-PB1,2194,0,812,0,1,813,T
2-PB1,2195,1,0,0,818,819,C
2-PB1,2196,0,816,0,2,818,T
2-PB1,2197,0,2,814,0,816,G
2-PB1,2198,0,1,816,0,817,G
2-PB1,2199,815,1,1,0,817,A
2-PB1,2200,773,0,2,0,775,A
2-PB1,2201,0,0,775,0,775,G
2-PB1,2202,0,2,779,0,781,G
2-PB1,2203,782,0,2,0,784,A
2-PB1,2204,1,776,0,0,777,T
2-PB1,2205,0,778,0,0,778,T
2-PB1,2206,775,0,1,0,776,A
2-PB1,2207,774,1,1,0,776,A
2-PB1,2208,0,0,778,0,778,G
2-PB1,2209,776,0,0,0,776,A
2-PB1,2210,734,1,1,0,736,A
2-PB1,2211,0,0,674,0,674,G
2-PB1,2212,0,0,668,0,668,G
2-PB1,2213,667,1,1,0,669,A
2-PB1,2214,670,0,0,0,670,A
2-PB1,2215,0,1,670,0,671,G
2-PB1,2216,625,0,0,0,625,A
2-PB1,2217,0,0,628,0,628,G
2-PB1,2218,0,600,0,0,600,T
2-PB1,2219,0,595,0,0,595,T
2-PB1,2220,0,0,0,602,602,C
2-PB1,2221,0,584,0,0,584,T
2-PB1,2222,4,1,0,583,588,C
2-PB1,2223,0,585,1,0,586,T
2-PB1,2224,1,1,583,0,585,G
2-PB1,2225,562,0,0,0,562,A
2-PB1,2226,1,0,555,0,556,G
2-PB1,2227,547,0,0,0,547,A
2-PB1,2228,0,527,0,1,528,T
2-PB1,2229,1,0,0,502,503,C
2-PB1,2230,506,0,0,0,506,A
2-PB1,2231,0,498,0,0,498,T
2-PB1,2232,0,0,496,0,496,G
2-PB1,2233,496,0,0,0,496,A
2-PB1,2234,492,0,1,0,493,A
2-PB1,2235,0,0,485,0,485,G
2-PB1,2236,479,0,0,0,479,A
2-PB1,2237,0,476,0,0,476,T
2-PB1,2238,0,0,0,468,468,C
2-PB1,2239,0,443,0,0,443,T
2-PB1,2240,0,0,445,0,445,G
2-PB1,2241,0,444,0,0,444,T
2-PB1,2242,0,442,0,1,443,T
2-PB1,2243,0,1,1,439,441,C
2-PB1,2244,2,0,0,424,426,C
2-PB1,2245,420,0,0,0,420,A
2-PB1,2246,0,0,0,419,419,C
2-PB1,2247,0,0,0,397,397,C
2-PB1,2248,381,0,0,0,381,A
2-PB1,2249,0,362,0,1,363,T
2-PB1,2250,0,357,0,0,357,T
2-PB1,2251,0,0,357,0,357,G
2-PB1,2252,355,0,0,0,355,A
2-PB1,2253,351,0,1,0,352,A
2-PB1,2254,0,0,354,0,354,G
2-PB1,2255,295,0,0,0,295,A
2-PB1,2256,293,0,0,0,293,A
2-PB1,2257,0,0,0,293,293,C
2-PB1,2258,0,280,0,0,280,T
2-PB1,2259,1,0,0,279,280,C
2-PB1,2260,271,0,0,0,271,A
2-PB1,2261,0,0,271,0,271,G
2-PB1,2262,271,0,0,0,271,A
2-PB1,2263,0,0,0,258,258,C
2-PB1,2264,0,0,248,0,248,G
2-PB1,2265,0,0,246,0,246,G
2-PB1,2266,0,0,0,242,242,C
2-PB1,2267,242,0,1,0,243,A
2-PB1,2268,243,0,0,0,243,A
2-PB1,2269,240,0,1,0,241,A
2-PB1,2270,241,0,0,0,241,A
2-PB1,2271,241,0,0,0,241,A
2-PB1,2272,0,233,0,0,233,T
2-PB1,2273,225,0,0,0,225,A
2-PB1,2274,221,0,0,0,221,A
3-PA,1,126,0,0,0,126,A
3-PA,2,0,127,0,0,127,T
3-PA,3,0,0,140,0,140,G
3-PA,4,0,0,143,0,143,G
3-PA,5,143,0,0,0,143,A
3-PA,6,144,0,1,0,145,A
3-PA,7,0,0,152,0,152,G
3-PA,8,159,0,0,0,159,A
3-PA,9,0,158,1,0,159,T
3-PA,10,0,158,0,1,159,T
3-PA,11,0,162,0,0,162,T
3-PA,12,0,162,0,0,162,T
3-PA,13,0,0,167,0,167,G
3-PA,14,0,167,0,1,168,T
3-PA,15,0,1,166,0,167,G
3-PA,16,0,0,0,175,175,C
3-PA,17,1,0,174,0,175,G
3-PA,18,187,0,0,0,187,A
3-PA,19,0,0,0,189,189,C
3-PA,20,189,0,0,0,189,A
3-PA,21,189,0,0,0,189,A
3-PA,22,0,194,0,0,194,T
3-PA,23,0,0,234,0,234,G
3-PA,24,0,0,0,240,240,C
3-PA,25,0,240,0,0,240,T
3-PA,26,0,238,0,1,239,T
3-PA,27,0,1,0,239,240,C
3-PA,28,245,0,1,0,246,A
3-PA,29,251,0,0,0,251,A
3-PA,30,0,0,0,259,259,C
3-PA,31,0,0,0,261,261,C
3-PA,32,0,0,0,262,262,C
3-PA,33,0,0,264,0,264,G
3-PA,34,262,0,0,0,262,A
3-PA,35,0,263,0,1,264,T
3-PA,36,0,1,263,0,264,G
3-PA,37,271,0,0,0,271,A
3-PA,38,0,294,0,0,294,T
3-PA,39,0,292,0,0,292,T
3-PA,40,0,1,295,0,296,G
3-PA,41,0,296,0,2,298,T
3-PA,42,1,8,0,288,297,C
3-PA,43,0,1,296,0,297,G
3-PA,44,299,0,0,0,299,A
3-PA,45,301,0,0,0,301,A
3-PA,46,0,0,0,303,303,C
3-PA,47,0,305,0,0,305,T
3-PA,48,0,304,0,0,304,T
3-PA,49,1,2,304,0,307,G
3-PA,50,0,0,0,309,309,C
3-PA,51,307,0,1,0,308,A
3-PA,52,0,0,312,0,312,G
3-PA,53,312,0,0,0,312,A
3-PA,54,313,0,0,0,313,A
3-PA,55,310,0,1,0,311,A
3-PA,56,313,0,0,0,313,A
3-PA,57,319,0,0,0,319,A
3-PA,58,1,0,324,0,325,G
3-PA,59,0,0,0,338,338,C
3-PA,60,338,0,0,0,338,A
3-PA,61,360,0,1,0,361,A
3-PA,62,0,361,0,0,361,T
3-PA,63,0,0,369,0,369,G
3-PA,64,371,0,1,0,372,A
3-PA,65,372,0,0,0,372,A
3-PA,66,377,0,1,0,378,A
3-PA,67,0,1,404,0,405,G
3-PA,68,423,0,0,0,423,A
3-PA,69,0,0,489,0,489,G
3-PA,70,0,489,0,0,489,T
3-PA,71,494,0,0,0,494,A
3-PA,72,0,490,0,2,492,T
3-PA,73,0,1,496,0,497,G
3-PA,74,0,1,500,0,501,G
3-PA,75,0,0,500,0,500,G
3-PA,76,0,0,498,1,499,G
3-PA,77,496,0,2,0,498,A
3-PA,78,0,2,493,0,495,G
3-PA,79,0,1,509,0,510,G
3-PA,80,513,0,0,0,513,A
3-PA,81,0,511,0,2,513,T
3-PA,82,0,0,0,518,518,C
3-PA,83,1,514,0,1,516,T
3-PA,84,0,0,516,0,516,G
3-PA,85,514,0,1,0,515,A
3-PA,86,516,0,0,0,516,A
3-PA,87,517,0,1,1,519,A
3-PA,88,517,1,1,0,519,A
3-PA,89,0,518,0,0,518,T
3-PA,90,0,518,0,0,518,T
3-PA,91,0,1,516,0,517,G
3-PA,92,518,0,0,0,518,A
3-PA,93,517,0,1,0,518,A
3-PA,94,518,0,0,0,518,A
3-PA,95,0,0,0,522,522,C
3-PA,96,526,0,0,0,526,A
3-PA,97,531,0,0,0,531,A
3-PA,98,528,0,0,0,528,A
3-PA,99,0,0,0,535,535,C
3-PA,100,536,0,0,0,536,A
3-PA,101,534,0,1,0,535,A
3-PA,102,537,0,0,0,537,A
3-PA,103,0,539,0,0,539,T
3-PA,104,0,540,0,1,541,T
3-PA,105,0,538,0,1,539,T
3-PA,106,0,0,541,0,541,G
3-PA,107,0,0,0,542,542,C
3-PA,108,542,0,0,0,542,A
3-PA,109,0,0,565,0,565,G
3-PA,110,0,0,0,569,569,C
3-PA,111,599,0,0,0,599,A
3-PA,112,609,0,0,0,609,A
3-PA,113,0,619,0,0,619,T
3-PA,114,632,0,0,0,632,A
3-PA,115,0,633,0,1,634,T
3-PA,116,0,1,639,0,640,G
3-PA,117,0,1,0,641,642,C
3-PA,118,638,1,1,0,640,A
3-PA,119,0,0,0,657,657,C
3-PA,120,0,647,0,3,650,T
3-PA,121,2,0,0,814,816,C
3-PA,122,836,0,1,0,837,A
3-PA,123,0,1,0,847,848,C
3-PA,124,0,844,0,2,846,T
3-PA,125,0,843,0,0,843,T
3-PA,126,2,2,846,0,850,G
3-PA,127,0,1,857,0,858,G
3-PA,128,848,0,3,0,851,A
3-PA,129,0,0,864,0,864,G
3-PA,130,1,0,857,0,858,G
3-PA,131,0,832,0,2,834,T
3-PA,132,0,0,866,0,866,G
3-PA,133,0,874,0,0,874,T
3-PA,134,2,0,894,1,897,G
3-PA,135,0,895,0,3,898,T
3-PA,136,3,893,0,0,896,T
3-PA,137,0,892,0,2,894,T
3-PA,138,1,1,0,900,902,C
3-PA,139,899,0,0,0,899,A
3-PA,140,0,900,0,0,900,T
3-PA,141,1,0,915,0,916,G
3-PA,142,0,907,0,0,907,T
3-PA,143,920,1,0,0,921,A
3-PA,144,1,920,0,0,921,T
3-PA,145,0,918,0,2,920,T
3-PA,146,2,1,0,917,920,C
3-PA,147,918,0,0,0,918,A
3-PA,148,1,0,937,0,938,G
3-PA,149,938,0,0,0,938,A
3-PA,150,1,934,0,0,935,T
3-PA,151,0,929,0,0,929,T
3-PA,152,0,933,0,1,934,T
3-PA,153,0,1,0,928,929,C
3-PA,154,0,1,0,948,949,C
3-PA,155,948,0,0,0,948,A
3-PA,156,0,949,1,0,950,T
3-PA,157,0,948,0,1,949,T
3-PA,158,1,944,0,1,946,T
3-PA,159,1,0,0,944,945,C
3-PA,160,952,0,2,0,954,A
3-PA,161,0,985,0,0,985,T
3-PA,162,0,0,0,984,984,C
3-PA,163,983,0,2,0,985,A
3-PA,164,985,0,1,0,986,A
3-PA,165,0,988,0,1,989,T
3-PA,166,2,2,1024,0,1028,G
3-PA,167,1024,0,2,0,1026,A
3-PA,168,1025,0,1,0,1026,A
3-PA,169,0,0,0,1026,1026,C
3-PA,170,1015,0,2,0,1017,A
3-PA,171,1025,1,1,0,1027,A
3-PA,172,1,0,1030,0,1031,G
3-PA,173,0,0,1033,0,1033,G
3-PA,174,0,0,0,1038,1038,C
3-PA,175,1,0,1035,0,1036,G
3-PA,176,1092,0,1,0,1093,A
3-PA,177,1099,0,2,0,1101,A
3-PA,178,0,1106,0,0,1106,T
3-PA,179,0,0,0,1119,1119,C
3-PA,180,1123,0,0,1,1124,A
3-PA,181,1124,0,1,1,1126,A
3-PA,182,0,1135,0,0,1135,T
3-PA,183,1133,0,0,0,1133,A
3-PA,184,0,0,1158,0,1158,G
3-PA,185,0,1161,0,0,1161,T
3-PA,186,3,0,1171,0,1174,G
3-PA,187,1,0,1172,0,1173,G
3-PA,188,0,1162,0,2,1164,T
3-PA,189,1163,0,0,0,1163,A
3-PA,190,0,3,1174,0,1177,G
3-PA,191,1176,0,1,0,1177,A
3-PA,192,1171,0,5,0,1176,A
3-PA,193,1,0,0,1176,1177,C
3-PA,194,1,1156,0,2,1159,T
3-PA,195,0,1161,0,0,1161,T
3-PA,196,0,0,1160,1,1161,G
3-PA,197,1159,1,2,0,1162,A
3-PA,198,0,0,0,1164,1164,C
3-PA,199,2,2,1147,0,1151,G
3-PA,200,1189,0,0,0,1189,A
3-PA,201,0,1199,0,0,1199,T
3-PA,202,0,1,0,1213,1214,C
3-PA,203,0,0,0,1230,1230,C
3-PA,204,1237,0,0,0,1237,A
3-PA,205,1236,0,0,0,1236,A
3-PA,206,1235,0,1,0,1236,A
3-PA,207,0,1237,0,0,1237,T
3-PA,208,1,0,1240,0,1241,G
3-PA,209,0,2,0,1227,1229,C
3-PA,210,1222,0,2,0,1224,A
3-PA,211,0,1,0,1247,1248,C
3-PA,212,0,1238,1,0,1239,T
3-PA,213,1,0,1415,0,1416,G
3-PA,214,0,1416,0,1,1417,T
3-PA,215,0,1418,0,0,1418,T
3-PA,216,1416,0,0,0,1416,A
3-PA,217,1412,1,1,0,1414,A
3-PA,218,1415,0,2,0,1417,A
3-PA,219,0,0,1419,0,1419,G
3-PA,220,1,0,0,1404,1405,C
3-PA,221,1392,0,1,0,1393,A
3-PA,222,1,0,0,1384,1385,C
3-PA,223,1315,0,1,0,1316,A
3-PA,224,1,1,1387,0,1389,G
3-PA,225,1390,0,2,0,1392,A
3-PA,226,1,1390,0,0,1391,T
3-PA,227,1,1387,0,1,1389,T
3-PA,228,1,1381,0,1,1383,T
3-PA,229,0,2,1393,0,1395,G
3-PA,230,1402,1,1,0,1404,A
3-PA,231,1403,0,1,0,1404,A
3-PA,232,1405,0,2,0,1407,A
3-PA,233,0,1389,0,1,1390,T
3-PA,234,1391,0,1,0,1392,A
3-PA,235,1402,0,1,0,1403,A
3-PA,236,0,1408,0,0,1408,T
3-PA,237,1,1,0,1408,1410,C
3-PA,238,0,3,1403,0,1406,G
3-PA,239,1396,0,0,0,1396,A
3-PA,240,1,0,1410,0,1411,G
3-PA,241,0,1,1433,0,1434,G
3-PA,242,2,0,1433,0,1435,G
3-PA,243,1,3,1437,0,1441,G
3-PA,244,1425,1,3,0,1429,A
3-PA,245,0,0,1436,0,1436,G
3-PA,246,1468,1,4,0,1473,A
3-PA,247,0,0,1480,0,1480,G
3-PA,248,1479,0,4,0,1483,A
3-PA,249,0,0,0,1485,1485,C
3-PA,250,1466,1,1,0,1468,A
3-PA,251,0,1,1491,0,1492,G
3-PA,252,1489,0,2,0,1491,A
3-PA,253,1510,0,0,0,1510,A
3-PA,254,0,0,0,1510,1510,C
3-PA,255,1473,1,1,0,1475,A
3-PA,256,1476,1,0,0,1477,A
3-PA,257,0,1465,0,4,1469,T
3-PA,258,1,1,1515,0,1517,G
3-PA,259,1,2,1519,0,1522,G
3-PA,260,0,0,0,1511,1511,C
3-PA,261,1,1,1,1516,1519,C
3-PA,262,0,1507,0,4,1511,T
3-PA,263,0,0,1551,0,1551,G
3-PA,264,1,2,1547,0,1550,G
3-PA,265,1552,1,2,0,1555,A
3-PA,266,1,1,0,1566,1568,C
3-PA,267,1523,0,0,0,1523,A
3-PA,268,0,0,1725,0,1725,G
3-PA,269,0,1727,0,1,1728,T
3-PA,270,1752,0,2,0,1754,A
3-PA,271,0,1,1757,0,1758,G
3-PA,272,0,1743,0,0,1743,T
3-PA,273,1746,0,0,0,1746,A
3-PA,274,1742,0,2,0,1744,A
3-PA,275,1746,0,2,0,1748,A
3-PA,276,0,2,0,1769,1771,C
3-PA,277,1652,1,0,0,1653,A
3-PA,278,1,0,1685,0,1686,G
3-PA,279,1,1669,0,0,1670,T
3-PA,280,1687,0,0,0,1687,A
3-PA,281,0,1679,0,0,1679,T
3-PA,282,0,0,1,1713,1714,C
3-PA,283,0,1716,0,2,1718,T
3-PA,284,1,0,1716,0,1717,G
3-PA,285,1,0,1,1712,1714,C
3-PA,286,1702,0,0,1,1703,A
3-PA,287,1694,1,1,0,1696,A
3-PA,288,1,0,0,1713,1714,C
3-PA,289,1701,0,3,1,1705,A
3-PA,290,0,1,0,1777,1778,C
3-PA,291,0,1757,0,2,1759,T
3-PA,292,1768,0,2,0,1770,A
3-PA,293,0,0,0,1768,1768,C
3-PA,294,1,1762,0,0,1763,T
3-PA,295,1,0,1764,0,1765,G
3-PA,296,0,1,1762,0,1763,G
3-PA,297,1759,1,1,0,1761,A
3-PA,298,0,0,1764,0,1764,G
3-PA,299,0,0,0,1708,1708,C
3-PA,300,2,1701,0,2,1705,T
3-PA,301,1,0,1690,0,1691,G
3-PA,302,0,0,1693,0,1693,G
3-PA,303,0,0,1680,1,1681,G
3-PA,304,1679,0,3,0,1682,A
3-PA,305,1688,0,0,0,1688,A
3-PA,306,1687,0,1,0,1688,A
3-PA,307,0,2,0,1682,1684,C
3-PA,308,3,0,0,1689,1692,C
3-PA,309,1,2,1687,0,1690,G
3-PA,310,1686,1,0,0,1687,A
3-PA,311,1680,0,5,1,1686,A
3-PA,312,0,1,1694,1,1696,G
3-PA,313,0,1685,1,2,1688,T
3-PA,314,0,1684,0,1,1685,T
3-PA,315,0,1689,1,4,1694,T
3-PA,316,1,0,0,1693,1694,C
3-PA,317,2,1695,0,0,1697,T
3-PA,318,1699,0,0,0,1699,A
3-PA,319,0,0,0,1685,1685,C
3-PA,320,2,0,0,1693,1695,C
3-PA,321,1685,1,0,0,1686,A
3-PA,322,1,0,1706,1,1708,G
3-PA,323,1706,0,1,0,1707,A
3-PA,324,0,1707,0,0,1707,T
3-PA,325,0,1705,0,0,1705,T
3-PA,326,0,1704,0,2,1706,T
3-PA,327,0,0,1720,0,1720,G
3-PA,328,0,1722,0,0,1722,T
3-PA,329,1720,0,1,0,1721,A
3-PA,330,0,1722,0,1,1723,T
3-PA,331,0,2,1704,0,1706,G
3-PA,332,1760,0,4,0,1764,A
3-PA,333,1,1756,0,2,1759,T
3-PA,334,0,1759,0,0,1759,T
3-PA,335,1759,1,0,0,1760,A
3-PA,336,0,0,0,1768,1768,C
3-PA,337,1766,0,0,0,1766,A
3-PA,338,1765,0,0,0,1765,A
3-PA,339,1,0,1771,0,1772,G
3-PA,340,0,2,1786,0,1788,G
3-PA,341,1721,0,3,0,1724,A
3-PA,342,1,2,1736,0,1739,G
3-PA,343,1733,0,3,0,1736,A
3-PA,344,1735,0,3,0,1738,A
3-PA,345,0,0,0,1740,1740,C
3-PA,346,1724,0,0,0,1724,A
3-PA,347,0,2,1729,0,1731,G
3-PA,348,1717,0,1,0,1718,A
3-PA,349,1,1705,0,0,1706,T
3-PA,350,0,1698,0,0,1698,T
3-PA,351,4,0,1,1692,1697,C
3-PA,352,1691,1,1,0,1693,A
3-PA,353,0,1689,0,0,1689,T
3-PA,354,1,0,0,1686,1687,C
3-PA,355,0,2,1695,0,1697,G
3-PA,356,1700,0,1,1,1702,A
3-PA,357,1704,0,1,0,1705,A
3-PA,358,1701,0,0,0,1701,A
3-PA,359,0,1695,0,0,1695,T
3-PA,360,0,1697,0,1,1698,T
3-PA,361,1,2,1705,0,1708,G
3-PA,362,0,1,1701,0,1702,G
3-PA,363,0,1,1703,0,1704,G
3-PA,364,1,0,1713,0,1714,G
3-PA,365,1,1694,0,0,1695,T
3-PA,366,1,1,1705,0,1707,G
3-PA,367,1706,0,2,0,1708,A
3-PA,368,0,0,0,1710,1710,C
3-PA,369,1718,0,0,0,1718,A
3-PA,370,1718,0,1,0,1719,A
3-PA,371,0,2,1736,0,1738,G
3-PA,372,0,3,1742,0,1745,G
3-PA,373,1734,1,2,1,1738,A
3-PA,374,0,2,1742,0,1744,G
3-PA,375,1715,1,4,0,1720,A
3-PA,376,2,0,1725,1,1728,G
3-PA,377,1709,0,4,0,1713,A
3-PA,378,1701,0,3,0,1704,A
3-PA,379,0,0,1747,0,1747,G
3-PA,380,0,1710,0,1,1711,T
3-PA,381,2,0,0,1728,1730,C
3-PA,382,2,0,0,1729,1731,C
3-PA,383,1739,0,1,0,1740,A
3-PA,384,2,2,0,1772,1776,C
3-PA,385,1811,0,0,0,1811,A
3-PA,386,0,1852,0,0,1852,T
3-PA,387,1889,1,0,0,1890,A
3-PA,388,0,1841,0,0,1841,T
3-PA,389,1827,0,1,0,1828,A
3-PA,390,1,1792,0,2,1795,T
3-PA,391,0,1788,0,0,1788,T
3-PA,392,1870,0,2,0,1872,A
3-PA,393,0,1,0,1862,1863,C
3-PA,394,0,0,0,1784,1784,C
3-PA,395,0,1743,1,4,1748,T
3-PA,396,1,1673,0,3,1677,T
3-PA,397,0,2,1675,0,1677,G
3-PA,398,1673,1,1,0,1675,A
3-PA,399,2,1,1556,0,1559,G
3-PA,400,1566,0,3,0,1569,A
3-PA,401,1570,0,1,0,1571,A
3-PA,402,0,0,1580,0,1580,G
3-PA,403,0,0,1585,0,1585,G
3-PA,404,1,0,0,1588,1589,C
3-PA,405,3,1,0,1588,1592,C
3-PA,406,1591,0,1,1,1593,A
3-PA,407,1591,0,2,1,1594,A
3-PA,408,0,1589,0,4,1593,T
3-PA,409,1594,0,0,0,1594,A
3-PA,410,1595,1,0,0,1596,A
3-PA,411,0,0,1620,0,1620,G
3-PA,412,1604,0,3,0,1607,A
3-PA,413,2,1597,1,2,1602,T
3-PA,414,0,1594,0,2,1596,T
3-PA,415,1594,1,2,0,1597,A
3-PA,416,1598,0,0,0,1598,A
3-PA,417,1605,0,1,0,1606,A
3-PA,418,0,1605,0,0,1605,T
3-PA,419,0,0,0,1604,1604,C
3-PA,420,0,1561,1,0,1562,T
3-PA,421,0,1,1569,0,1570,G
3-PA,422,1576,0,1,0,1577,A
3-PA,423,1,2,1583,0,1586,G
3-PA,424,1581,0,2,0,1583,A
3-PA,425,1585,0,2,0,1587,A
3-PA,426,0,0,0,1586,1586,C
3-PA,427,1580,0,3,0,1583,A
3-PA,428,1,1,0,1589,1591,C
3-PA,429,1588,0,4,0,1592,A
3-PA,430,0,2,0,1604,1606,C
3-PA,431,1594,0,3,0,1597,A
3-PA,432,1,1,1,1614,1617,C
3-PA,433,1609,0,1,0,1610,A
3-PA,434,0,1600,0,1,1601,T
3-PA,435,0,1598,0,1,1599,T
3-PA,436,0,0,0,1611,1611,C
3-PA,437,1603,0,2,0,1605,A
3-PA,438,0,1,0,1618,1619,C
3-PA,439,1592,0,0,0,1592,A
3-PA,440,1,1589,0,1,1591,T
3-PA,441,0,1541,0,3,1544,T
3-PA,442,0,1556,0,1,1557,T
3-PA,443,0,1554,0,3,1557,T
3-PA,444,3,0,0,1562,1565,C
3-PA,445,1,1552,0,5,1558,T
3-PA,446,1,0,0,1558,1559,C
3-PA,447,1556,0,1,0,1557,A
3-PA,448,0,1549,0,1,1550,T
3-PA,449,0,1555,0,1,1556,T
3-PA,450,4,1,0,1558,1563,C
3-PA,451,1548,0,0,0,1548,A
3-PA,452,0,0,0,1561,1561,C
3-PA,453,0,1552,0,1,1553,T
3-PA,454,0,1,1555,0,1556,G
3-PA,455,0,2,1546,0,1548,G
3-PA,456,1526,0,3,0,1529,A
3-PA,457,0,1,1573,0,1574,G
3-PA,458,1567,0,3,0,1570,A
3-PA,459,1,0,1577,0,1578,G
3-PA,460,1,0,1583,0,1584,G
3-PA,461,1558,2,2,0,1562,A
3-PA,462,1558,0,3,0,1561,A
3-PA,463,1537,0,4,0,1541,A
3-PA,464,0,1520,0,1,1521,T
3-PA,465,1,1,1523,1,1526,G
3-PA,466,0,0,1517,0,1517,G
3-PA,467,0,0,0,1515,1515,C
3-PA,468,0,2,0,1517,1519,C
3-PA,469,1514,2,0,0,1516,A
3-PA,470,0,0,0,1517,1517,C
3-PA,471,1517,0,0,0,1517,A
3-PA,472,1518,2,1,0,1521,A
3-PA,473,1519,0,1,0,1520,A
3-PA,474,0,0,1527,0,1527,G
3-PA,475,1,1,1522,1,1525,G
3-PA,476,2,1,0,1526,1529,C
3-PA,477,1536,0,2,1,1539,A
3-PA,478,0,2,1551,0,1553,G
3-PA,479,1553,0,1,0,1554,A
3-PA,480,0,0,0,1572,1572,C
3-PA,481,1,1556,0,3,1560,T
3-PA,482,1563,0,0,0,1563,A
3-PA,483,0,2,0,1554,1556,C
3-PA,484,1532,0,7,0,1539,A
3-PA,485,0,1,0,1546,1547,C
3-PA,486,0,1514,1,3,1518,T
3-PA,487,2,0,0,1526,1528,C
3-PA,488,0,1496,0,1,1497,T
3-PA,489,4,0,0,1493,1497,C
3-PA,490,0,1,1495,0,1496,G
3-PA,491,1498,0,1,0,1499,A
3-PA,492,0,1,0,1490,1491,C
3-PA,493,0,3,1499,0,1502,G
3-PA,494,1492,0,3,0,1495,A
3-PA,495,1,0,1496,0,1497,G
3-PA,496,0,0,1488,0,1488,G
3-PA,497,1481,0,2,1,1484,A
3-PA,498,1485,0,2,0,1487,A
3-PA,499,1488,0,1,0,1489,A
3-PA,500,0,0,1488,0,1488,G
3-PA,501,0,0,0,1484,1484,C
3-PA,502,1467,0,3,1,1471,A
3-PA,503,1,0,1501,0,1502,G
3-PA,504,1,0,1506,0,1507,G
3-PA,505,1,0,1510,0,1511,G
3-PA,506,0,0,0,1506,1506,C
3-PA,507,0,1498,0,3,1501,T
3-PA,508,1500,1,2,0,1503,A
3-PA,509,0,1,1524,0,1525,G
3-PA,510,0,0,1577,0,1577,G
3-PA,511,1581,1,2,0,1584,A
3-PA,512,0,1545,1,0,1546,T
3-PA,513,0,1527,0,1,1528,T
3-PA,514,1523,0,0,1,1524,A
3-PA,515,1530,0,2,1,1533,A
3-PA,516,1,3,1535,0,1539,G
3-PA,517,1534,0,3,0,1537,A
3-PA,518,0,0,0,1523,1523,C
3-PA,519,2,1,0,1376,1379,C
3-PA,520,1348,0,4,1,1353,A
3-PA,521,1,0,1363,0,1364,G
3-PA,522,0,1,1365,0,1366,G
3-PA,523,0,2,0,1363,1365,C
3-PA,524,0,1341,0,0,1341,T
3-PA,525,0,0,1362,0,1362,G
3-PA,526,1,1353,0,2,1356,T
3-PA,527,0,1356,0,1,1357,T
3-PA,528,0,1354,0,1,1355,T
3-PA,529,1350,0,1,0,1351,A
3-PA,530,1,2,0,1366,1369,C
3-PA,531,1,1,0,1337,1339,C
3-PA,532,1329,0,0,0,1329,A
3-PA,533,0,1329,0,0,1329,T
3-PA,534,1276,0,1,0,1277,A
3-PA,535,1278,0,1,0,1279,A
3-PA,536,0,0,1302,0,1302,G
3-PA,537,1295,0,2,0,1297,A
3-PA,538,0,0,0,1297,1297,C
3-PA,539,1263,0,0,0,1263,A
3-PA,540,1259,0,0,0,1259,A
3-PA,541,0,1,1268,0,1269,G
3-PA,542,1263,0,1,0,1264,A
3-PA,543,1262,0,1,0,1263,A
3-PA,544,1260,1,1,0,1262,A
3-PA,545,0,1217,0,1,1218,T
3-PA,546,0,1,1237,0,1238,G
3-PA,547,2,0,1228,0,1230,G
3-PA,548,0,0,0,1235,1235,C
3-PA,549,1,0,0,1234,1235,C
3-PA,550,1229,0,1,0,1230,A
3-PA,551,1251,0,3,0,1254,A
3-PA,552,0,0,0,1254,1254,C
3-PA,553,1254,0,0,0,1254,A
3-PA,554,0,0,1256,0,1256,G
3-PA,555,1212,0,5,0,1217,A
3-PA,556,1,1,1245,0,1247,G
3-PA,557,0,0,1251,0,1251,G
3-PA,558,0,0,0,1247,1247,C
3-PA,559,1,0,0,1252,1253,C
3-PA,560,0,1210,0,0,1210,T
3-PA,561,1213,0,0,0,1213,A
3-PA,562,0,1235,0,0,1235,T
3-PA,563,0,0,1240,0,1240,G
3-PA,564,0,1,1242,0,1243,G
3-PA,565,0,1,1190,0,1191,G
3-PA,566,1153,0,0,0,1153,A
3-PA,567,0,1142,0,1,1143,T
3-PA,568,0,1130,0,0,1130,T
3-PA,569,1,0,0,1202,1203,C
3-PA,570,1,1,0,1187,1189,C
3-PA,571,0,1158,0,0,1158,T
3-PA,572,0,1152,0,2,1154,T
3-PA,573,1,1145,1,1,1148,T
3-PA,574,0,3,0,1153,1156,C
3-PA,575,0,0,1152,1,1153,G
3-PA,576,0,1150,0,3,1153,T
3-PA,577,0,0,0,1150,1150,C
3-PA,578,1119,0,0,0,1119,A
3-PA,579,1,0,1218,0,1219,G
3-PA,580,0,1218,0,1,1219,T
3-PA,581,1,0,0,1213,1214,C
3-PA,582,1,1,0,1219,1221,C
3-PA,583,4,2,1222,0,1228,G
3-PA,584,1224,0,0,1,1225,A
3-PA,585,1228,0,0,0,1228,A
3-PA,586,1226,1,2,1,1230,A
3-PA,587,0,2,1232,0,1234,G
3-PA,588,1205,0,3,0,1208,A
3-PA,589,0,1,1210,0,1211,G
3-PA,590,0,0,1215,0,1215,G
3-PA,591,1,0,0,1212,1213,C
3-PA,592,1,0,1210,0,1211,G
3-PA,593,1213,0,0,0,1213,A
3-PA,594,1213,0,1,0,1214,A
3-PA,595,0,0,1217,0,1217,G
3-PA,596,1216,0,0,0,1216,A
3-PA,597,1211,0,3,0,1214,A
3-PA,598,1203,0,1,0,1204,A
3-PA,599,0,0,0,1217,1217,C
3-PA,600,1212,0,0,0,1212,A
3-PA,601,1214,0,0,0,1214,A
3-PA,602,0,1211,0,1,1212,T
3-PA,603,0,1213,0,0,1213,T
3-PA,604,1,0,1213,0,1214,G
3-PA,605,1210,0,0,0,1210,A
3-PA,606,1209,0,1,0,1210,A
3-PA,607,0,1,1212,0,1213,G
3-PA,608,1207,0,0,0,1207,A
3-PA,609,1198,0,1,1,1200,A
3-PA,610,1204,1,1,0,1206,A
3-PA,611,1208,0,0,0,1208,A
3-PA,612,1206,0,0,0,1206,A
3-PA,613,0,1205,0,1,1206,T
3-PA,614,1,1201,1,2,1205,T
3-PA,615,0,1202,0,1,1203,T
3-PA,616,0,1,1199,1,1201,G
3-PA,617,1204,0,1,0,1205,A
3-PA,618,1202,0,2,0,1204,A
3-PA,619,1210,1,0,0,1211,A
3-PA,620,0,1228,0,0,1228,T
3-PA,621,2,0,0,1316,1318,C
3-PA,622,1315,0,0,0,1315,A
3-PA,623,0,1,0,1322,1323,C
3-PA,624,1317,0,2,1,1320,A
3-PA,625,0,0,1348,0,1348,G
3-PA,626,0,1,1390,0,1391,G
3-PA,627,1409,0,1,0,1410,A
3-PA,628,1426,0,1,0,1427,A
3-PA,629,3,0,0,1428,1431,C
3-PA,630,0,1361,0,2,1363,T
3-PA,631,1430,0,1,0,1431,A
3-PA,632,1,1451,0,0,1452,T
3-PA,633,2,1,1489,0,1492,G
3-PA,634,1,0,0,1482,1483,C
3-PA,635,1,0,1462,0,1463,G
3-PA,636,0,1456,0,4,1460,T
3-PA,637,1447,0,1,0,1448,A
3-PA,638,0,1,1439,1,1441,G
3-PA,639,0,0,1441,0,1441,G
3-PA,640,0,1,1,1419,1421,C
3-PA,641,0,1404,0,1,1405,T
3-PA,642,0,1387,1,0,1388,T
3-PA,643,1,1,1388,0,1390,G
3-PA,644,1,3,0,1380,1384,C
3-PA,645,1,0,0,1384,1385,C
3-PA,646,3,2,1398,0,1403,G
3-PA,647,1400,2,1,0,1403,A
3-PA,648,0,0,0,1406,1406,C
3-PA,649,2,1,0,1403,1406,C
3-PA,650,1408,0,1,0,1409,A
3-PA,651,1412,0,0,0,1412,A
3-PA,652,1408,1,0,0,1409,A
3-PA,653,0,0,1445,0,1445,G
3-PA,654,0,1443,1,1,1445,T
3-PA,655,5,0,0,1430,1435,C
3-PA,656,1,1426,0,4,1431,T
3-PA,657,2,0,0,1435,1437,C
3-PA,658,0,0,1,1438,1439,C
3-PA,659,1,0,0,1449,1450,C
3-PA,660,1452,0,0,0,1452,A
3-PA,661,0,0,0,1456,1456,C
3-PA,662,3,0,0,1437,1440,C
3-PA,663,0,2,1441,0,1443,G
3-PA,664,1449,0,0,0,1449,A
3-PA,665,1454,0,0,0,1454,A
3-PA,666,0,0,0,1465,1465,C
3-PA,667,1,1448,0,1,1450,T
3-PA,668,0,1472,0,2,1474,T
3-PA,669,1,0,0,1496,1497,C
3-PA,670,0,1474,0,5,1479,T
3-PA,671,3,0,0,1484,1487,C
3-PA,672,3,1,0,1472,1476,C
3-PA,673,0,1463,1,2,1466,T
3-PA,674,1,0,1486,0,1487,G
3-PA,675,1,0,0,1477,1478,C
3-PA,676,1,0,0,1485,1486,C
3-PA,677,1,1482,0,0,1483,T
3-PA,678,0,1471,0,0,1471,T
3-PA,679,0,3,1471,0,1474,G
3-PA,680,1467,2,3,0,1472,A
3-PA,681,0,1,1493,0,1494,G
3-PA,682,1488,0,0,0,1488,A
3-PA,683,1484,0,0,0,1484,A
3-PA,684,1,1520,0,2,1523,T
3-PA,685,0,1529,0,0,1529,T
3-PA,686,0,1530,0,0,1530,T
3-PA,687,0,1533,0,0,1533,T
3-PA,688,1525,0,3,0,1528,A
3-PA,689,1,0,1525,0,1526,G
3-PA,690,1513,0,0,0,1513,A
3-PA,691,0,0,1562,0,1562,G
3-PA,692,0,0,0,1557,1557,C
3-PA,693,1,1,0,1566,1568,C
3-PA,694,0,1572,0,0,1572,T
3-PA,695,1621,0,0,0,1621,A
3-PA,696,0,1625,0,2,1627,T
3-PA,697,0,0,1634,0,1634,G
3-PA,698,0,1628,0,2,1630,T
3-PA,699,0,1,1626,0,1627,G
3-PA,700,1,0,1611,0,1612,G
3-PA,701,1605,0,2,1,1608,A
3-PA,702,0,1587,0,0,1587,T
3-PA,703,0,2,1564,0,1566,G
3-PA,704,1,3,1615,0,1619,G
3-PA,705,1619,0,1,0,1620,A
3-PA,706,1,1602,0,0,1603,T
3-PA,707,1,1598,0,2,1601,T
3-PA,708,4,2,0,1594,1600,C
3-PA,709,3,3,1600,0,1606,G
3-PA,710,1605,1,1,0,1607,A
3-PA,711,1607,0,0,1,1608,A
3-PA,712,0,0,0,1611,1611,C
3-PA,713,3,1,0,1549,1553,C
3-PA,714,1,5,1551,0,1557,G
3-PA,715,1556,0,0,0,1556,A
3-PA,716,1553,0,1,0,1554,A
3-PA,717,2,0,0,1570,1572,C
3-PA,718,1,1,1565,0,1567,G
3-PA,719,1,0,1587,0,1588,G
3-PA,720,0,0,0,1590,1590,C
3-PA,721,0,1583,0,2,1585,T
3-PA,722,1,0,1621,0,1622,G
3-PA,723,0,0,0,1626,1626,C
3-PA,724,1634,0,0,0,1634,A
3-PA,725,0,1634,0,1,1635,T
3-PA,726,1,1616,0,0,1617,T
3-PA,727,1,1,1605,0,1607,G
3-PA,728,1555,0,2,0,1557,A
3-PA,729,1,2,1572,0,1575,G
3-PA,730,1,0,1576,0,1577,G
3-PA,731,0,0,1558,0,1558,G
3-PA,732,2,1,0,1541,1544,C
3-PA,733,1536,0,2,0,1538,A
3-PA,734,1545,0,0,0,1545,A
3-PA,735,2,0,1547,0,1549,G
3-PA,736,1,0,0,1547,1548,C
3-PA,737,0,1546,0,1,1547,T
3-PA,738,0,1531,0,1,1532,T
3-PA,739,0,1547,0,1,1548,T
3-PA,740,1,0,0,1550,1551,C
3-PA,741,0,1550,0,1,1551,T
3-PA,742,3,1,0,1553,1557,C
3-PA,743,1550,0,0,0,1550,A
3-PA,744,1543,0,0,1,1544,A
3-PA,745,1543,0,0,2,1545,A
3-PA,746,1,1541,0,1,1543,T
3-PA,747,1,0,1590,0,1591,G
3-PA,748,0,1573,0,3,1576,T
3-PA,749,1,1,0,1586,1588,C
3-PA,750,2,2,0,1586,1590,C
3-PA,751,1596,0,1,0,1597,A
3-PA,752,1597,0,1,0,1598,A
3-PA,753,1594,1,2,0,1597,A
3-PA,754,0,0,1628,0,1628,G
3-PA,755,1621,0,3,0,1624,A
3-PA,756,1564,0,2,0,1566,A
3-PA,757,1,0,1575,0,1576,G
3-PA,758,0,1555,0,1,1556,T
3-PA,759,0,2,1552,0,1554,G
3-PA,760,1545,1,2,1,1549,A
3-PA,761,1549,0,0,0,1549,A
3-PA,762,0,1552,0,0,1552,T
3-PA,763,0,0,1543,0,1543,G
3-PA,764,0,1,0,1543,1544,C
3-PA,765,2,0,0,1534,1536,C
3-PA,766,2,2,0,1541,1545,C
3-PA,767,1553,0,1,0,1554,A
3-PA,768,1575,0,0,0,1575,A
3-PA,769,1581,0,0,0,1581,A
3-PA,770,0,1578,0,0,1578,T
3-PA,771,0,1577,0,1,1578,T
3-PA,772,0,3,1577,0,1580,G
3-PA,773,1574,1,1,0,1576,A
3-PA,774,1576,0,2,0,1578,A
3-PA,775,0,0,0,1579,1579,C
3-PA,776,0,2,0,1576,1578,C
3-PA,777,2,1550,0,6,1558,T
3-PA,778,0,1595,0,3,1598,T
3-PA,779,1,1602,0,1,1604,T
3-PA,780,1,1630,0,0,1631,T
3-PA,781,0,1,1,1639,1641,C
3-PA,782,1,1631,0,1,1633,T
3-PA,783,0,0,1634,0,1634,G
3-PA,784,1629,0,3,0,1632,A
3-PA,785,1655,0,4,0,1659,A
3-PA,786,0,4,1661,0,1665,G
3-PA,787,1641,0,0,0,1641,A
3-PA,788,0,2,0,1646,1648,C
3-PA,789,1620,0,4,0,1624,A
3-PA,790,1632,0,4,0,1636,A
3-PA,791,1,1,0,1769,1771,C
3-PA,792,1776,0,5,0,1781,A
3-PA,793,0,2,0,1778,1780,C
3-PA,794,3,2,0,1755,1760,C
3-PA,795,1752,1,2,0,1755,A
3-PA,796,1752,0,1,1,1754,A
3-PA,797,0,6,1759,0,1765,G
3-PA,798,1760,0,3,0,1763,A
3-PA,799,1,1,0,1762,1764,C
3-PA,800,2,0,0,1607,1609,C
3-PA,801,1601,0,3,0,1604,A
3-PA,802,1606,0,0,0,1606,A
3-PA,803,0,1604,0,2,1606,T
3-PA,804,0,0,0,1609,1609,C
3-PA,805,1602,0,0,2,1604,A
3-PA,806,1592,1,0,0,1593,A
3-PA,807,1592,0,0,0,1592,A
3-PA,808,0,1,0,1601,1602,C
3-PA,809,0,1579,0,0,1579,T
3-PA,810,1,1592,0,1,1594,T
3-PA,811,2,0,0,1596,1598,C
3-PA,812,1,0,0,1598,1599,C
3-PA,813,0,1,1604,0,1605,G
3-PA,814,1602,0,0,0,1602,A
3-PA,815,1611,0,0,0,1611,A
3-PA,816,0,1613,0,2,1615,T
3-PA,817,2,2,1593,0,1597,G
3-PA,818,0,3,1589,1,1593,G
3-PA,819,1594,1,1,0,1596,A
3-PA,820,1,0,0,1608,1609,C
3-PA,821,2,0,0,1603,1605,C
3-PA,822,0,1636,0,0,1636,T
3-PA,823,0,1,0,1657,1658,C
3-PA,824,0,0,0,1655,1655,C
3-PA,825,0,1649,0,0,1649,T
3-PA,826,0,1649,0,1,1650,T
3-PA,827,1,0,1638,0,1639,G
3-PA,828,1,1,0,1580,1582,C
3-PA,829,0,1640,0,0,1640,T
3-PA,830,1638,0,0,0,1638,A
3-PA,831,0,1634,0,2,1636,T
3-PA,832,2,0,1,1615,1618,C
3-PA,833,1605,0,2,0,1607,A
3-PA,834,0,0,1608,0,1608,G
3-PA,835,1,0,0,1594,1595,C
3-PA,836,0,2,1558,0,1560,G
3-PA,837,0,0,1622,0,1622,G
3-PA,838,1,1621,0,1,1623,T
3-PA,839,0,2,0,1624,1626,C
3-PA,840,1,0,0,1626,1627,C
3-PA,841,1631,0,0,0,1631,A
3-PA,842,1631,0,1,0,1632,A
3-PA,843,1637,0,1,0,1638,A
3-PA,844,1,1634,0,2,1637,T
3-PA,845,0,1631,0,0,1631,T
3-PA,846,5,1,0,1613,1619,C
3-PA,847,1,0,0,1598,1599,C
3-PA,848,0,1590,0,2,1592,T
3-PA,849,2,0,0,1602,1604,C
3-PA,850,0,1,0,1603,1604,C
3-PA,851,0,1596,0,3,1599,T
3-PA,852,0,1,1604,0,1605,G
3-PA,853,1603,0,4,0,1607,A
3-PA,854,1,1606,1,1,1609,T
3-PA,855,1,0,1586,0,1587,G
3-PA,856,0,1,1567,0,1568,G
3-PA,857,1560,0,0,0,1560,A
3-PA,858,0,1553,1,0,1554,T
3-PA,859,1,2,1559,0,1562,G
3-PA,860,0,1,0,1635,1636,C
3-PA,861,0,1617,0,0,1617,T
3-PA,862,1,1624,0,1,1626,T
3-PA,863,0,1627,0,2,1629,T
3-PA,864,1628,0,0,0,1628,A
3-PA,865,1635,0,2,1,1638,A
3-PA,866,1637,0,0,0,1637,A
3-PA,867,1639,0,1,0,1640,A
3-PA,868,0,1632,0,1,1633,T
3-PA,869,1,1454,1,0,1456,T
3-PA,870,0,3,1457,0,1460,G
3-PA,871,1445,0,2,0,1447,A
3-PA,872,0,0,1456,0,1456,G
3-PA,873,1,0,0,1457,1458,C
3-PA,874,1450,0,0,0,1450,A
3-PA,875,1,1467,0,3,1471,T
3-PA,876,1,1473,0,1,1475,T
3-PA,877,0,0,1475,0,1475,G
3-PA,878,1474,0,3,1,1478,A
3-PA,879,1458,0,6,1,1465,A
3-PA,880,1,1,1465,0,1467,G
3-PA,881,1431,2,4,0,1437,A
3-PA,882,1,0,0,1444,1445,C
3-PA,883,1,0,0,1428,1429,C
3-PA,884,1,0,0,1399,1400,C
3-PA,885,1377,0,2,0,1379,A
3-PA,886,1383,1,3,0,1387,A
3-PA,887,0,0,1390,0,1390,G
3-PA,888,0,1392,1,1,1394,T
3-PA,889,5,1,0,1385,1391,C
3-PA,890,1392,0,1,0,1393,A
3-PA,891,2,0,0,1389,1391,C
3-PA,892,3,0,1382,0,1385,G
3-PA,893,1395,0,4,0,1399,A
3-PA,894,1396,0,2,0,1398,A
3-PA,895,1,2,1458,0,1461,G
3-PA,896,0,2,1452,0,1454,G
3-PA,897,1450,0,1,0,1451,A
3-PA,898,0,1,1467,0,1468,G
3-PA,899,1465,1,0,0,1466,A
3-PA,900,1454,1,9,0,1464,A
3-PA,901,0,3,1460,0,1463,G
3-PA,902,0,2,1462,0,1464,G
3-PA,903,1,1,1465,0,1467,G
3-PA,904,1422,1,0,0,1423,A
3-PA,905,1,1417,0,2,1420,T
3-PA,906,3,1,0,1417,1421,C
3-PA,907,2,0,0,1549,1551,C
3-PA,908,2,1,1,1570,1574,C
3-PA,909,1588,1,0,0,1589,A
3-PA,910,0,1585,0,1,1586,T
3-PA,911,0,1586,0,2,1588,T
3-PA,912,1621,0,0,0,1621,A
3-PA,913,0,1622,0,0,1622,T
3-PA,914,1623,0,0,0,1623,A
3-PA,915,0,1615,0,2,1617,T
3-PA,916,0,2,1423,0,1425,G
3-PA,917,1423,0,0,0,1423,A
3-PA,918,0,1405,0,0,1405,T
3-PA,919,2,0,1415,0,1417,G
3-PA,920,0,1,0,1404,1405,C
3-PA,921,2,2,1395,0,1399,G
3-PA,922,1408,0,1,0,1409,A
3-PA,923,0,1408,0,1,1409,T
3-PA,924,2,0,0,1406,1408,C
3-PA,925,1407,0,1,0,1408,A
3-PA,926,1389,1,1,0,1391,A
3-PA,927,2,1,1404,0,1407,G
3-PA,928,0,1396,1,1,1398,T
3-PA,929,0,1,1407,0,1408,G
3-PA,930,1,1,0,1415,1417,C
3-PA,931,1412,0,1,0,1413,A
3-PA,932,0,1410,0,9,1419,T
3-PA,933,1414,0,0,0,1414,A
3-PA,934,1428,0,1,1,1430,A
3-PA,935,1433,0,0,0,1433,A
3-PA,936,1428,0,0,0,1428,A
3-PA,937,1427,0,1,0,1428,A
3-PA,938,0,1,0,1425,1426,C
3-PA,939,1413,0,0,0,1413,A
3-PA,940,0,1412,0,2,1414,T
3-PA,941,0,1414,0,1,1415,T
3-PA,942,2,0,0,1422,1424,C
3-PA,943,0,1402,0,1,1403,T
3-PA,944,0,1401,0,0,1401,T
3-PA,945,0,1397,0,1,1398,T
3-PA,946,0,2,1397,0,1399,G
3-PA,947,0,1,1397,0,1398,G
3-PA,948,1397,1,0,0,1398,A
3-PA,949,1,1396,0,0,1397,T
3-PA,950,1,1,1400,0,1402,G
3-PA,951,1,0,1427,0,1428,G
3-PA,952,1435,0,0,0,1435,A
3-PA,953,1433,0,0,0,1433,A
3-PA,954,1432,0,2,0,1434,A
3-PA,955,0,2,1450,0,1452,G
3-PA,956,1454,0,1,0,1455,A
3-PA,957,1621,0,2,0,1623,A
3-PA,958,0,0,0,1646,1646,C
3-PA,959,0,0,0,1637,1637,C
3-PA,960,0,1618,0,9,1627,T
3-PA,961,0,1647,0,1,1648,T
3-PA,962,1652,0,0,0,1652,A
3-PA,963,0,1650,0,2,1652,T
3-PA,964,1643,0,0,0,1643,A
3-PA,965,0,1666,1,0,1667,T
3-PA,966,1523,0,1,0,1524,A
3-PA,967,0,0,1540,0,1540,G
3-PA,968,0,1523,0,2,1525,T
3-PA,969,2,0,0,1518,1520,C
3-PA,970,1497,0,2,0,1499,A
3-PA,971,1504,0,2,0,1506,A
3-PA,972,1499,0,3,1,1503,A
3-PA,973,0,0,0,1508,1508,C
3-PA,974,1,0,0,1490,1491,C
3-PA,975,1470,0,1,0,1471,A
3-PA,976,0,0,0,1490,1490,C
3-PA,977,1492,0,2,0,1494,A
3-PA,978,0,0,0,1499,1499,C
3-PA,979,0,0,1498,0,1498,G
3-PA,980,1494,0,0,0,1494,A
3-PA,981,1493,0,2,0,1495,A
3-PA,982,1492,1,1,0,1494,A
3-PA,983,1494,0,4,0,1498,A
3-PA,984,0,2,1511,0,1513,G
3-PA,985,1,1,1503,0,1505,G
3-PA,986,2,3,1510,0,1515,G
3-PA,987,1502,0,4,0,1506,A
3-PA,988,1505,0,0,0,1505,A
3-PA,989,1,1505,0,1,1507,T
3-PA,990,1505,0,0,0,1505,A
3-PA,991,1503,0,2,0,1505,A
3-PA,992,1510,1,1,0,1512,A
3-PA,993,0,1507,0,1,1508,T
3-PA,994,0,1496,0,1,1497,T
3-PA,995,4,0,0,1502,1506,C
3-PA,996,1510,0,0,0,1510,A
3-PA,997,1510,0,0,0,1510,A
3-PA,998,1508,0,0,0,1508,A
3-PA,999,1,1504,0,0,1505,T
3-PA,1000,0,1510,0,0,1510,T
3-PA,1001,1513,0,0,0,1513,A
3-PA,1002,0,2,0,1514,1516,C
3-PA,1003,0,1,0,1515,1516,C
3-PA,1004,0,1494,0,1,1495,T
3-PA,1005,0,0,1508,0,1508,G
3-PA,1006,1,1,0,1507,1509,C
3-PA,1007,0,1509,0,0,1509,T
3-PA,1008,0,0,1531,0,1531,G
3-PA,1009,0,1527,0,1,1528,T
3-PA,1010,5,0,0,1530,1535,C
3-PA,1011,1533,0,1,1,1535,A
3-PA,1012,0,1529,1,2,1532,T
3-PA,1013,0,0,1531,0,1531,G
3-PA,1014,0,2,1529,0,1531,G
3-PA,1015,1532,1,2,0,1535,A
3-PA,1016,1564,0,5,0,1569,A
3-PA,1017,1,0,1564,0,1565,G
3-PA,1018,1,0,0,1563,1564,C
3-PA,1019,1565,0,0,0,1565,A
3-PA,1020,1565,0,0,0,1565,A
3-PA,1021,0,0,1575,0,1575,G
3-PA,1022,0,1570,0,0,1570,T
3-PA,1023,1566,0,0,0,1566,A
3-PA,1024,0,2,0,1567,1569,C
3-PA,1025,0,1547,0,0,1547,T
3-PA,1026,0,0,1564,0,1564,G
3-PA,1027,0,1552,0,2,1554,T
3-PA,1028,1,1,0,1559,1561,C
3-PA,1029,1549,1,4,0,1554,A
3-PA,1030,3,1,1565,0,1569,G
3-PA,1031,1565,1,0,0,1566,A
3-PA,1032,1563,0,0,0,1563,A
3-PA,1033,0,1585,1,0,1586,T
3-PA,1034,0,1585,0,0,1585,T
3-PA,1035,0,0,1580,0,1580,G
3-PA,1036,1,0,0,1579,1580,C
3-PA,1037,1574,2,3,0,1579,A
3-PA,1038,0,1,1579,0,1580,G
3-PA,1039,0,2,1566,0,1568,G
3-PA,1040,1567,0,1,0,1568,A
3-PA,1041,0,0,0,1570,1570,C
3-PA,1042,2,0,1535,0,1537,G
3-PA,1043,1,1561,0,1,1563,T
3-PA,1044,0,1567,0,0,1567,T
3-PA,1045,0,1,1573,0,1574,G
3-PA,1046,1576,0,4,0,1580,A
3-PA,1047,1575,0,2,1,1578,A
3-PA,1048,1576,0,2,1,1579,A
3-PA,1049,1585,1,0,0,1586,A
3-PA,1050,0,1578,0,1,1579,T
3-PA,1051,0,1,1584,0,1585,G
3-PA,1052,1567,0,1,0,1568,A
3-PA,1053,0,1,1575,1,1577,G
3-PA,1054,1,1,1574,1,1577,G
3-PA,1055,1568,0,1,0,1569,A
3-PA,1056,1,0,1564,0,1565,G
3-PA,1057,1569,0,1,0,1570,A
3-PA,1058,1567,0,1,0,1568,A
3-PA,1059,0,0,1566,0,1566,G
3-PA,1060,0,1,1549,0,1550,G
3-PA,1061,0,1614,0,0,1614,T
3-PA,1062,2,1619,0,3,1624,T
3-PA,1063,0,0,1,1615,1616,C
3-PA,1064,0,1,0,1617,1618,C
3-PA,1065,1611,0,4,1,1616,A
3-PA,1066,1611,0,1,0,1612,A
3-PA,1067,0,4,1623,0,1627,G
3-PA,1068,1,1,1659,1,1662,G
3-PA,1069,1632,1,4,0,1637,A
3-PA,1070,0,0,0,1647,1647,C
3-PA,1071,0,1641,0,2,1643,T
3-PA,1072,1644,0,2,0,1646,A
3-PA,1073,1640,0,4,0,1644,A
3-PA,1074,1639,0,1,1,1641,A
3-PA,1075,1642,0,2,0,1644,A
3-PA,1076,1632,1,1,0,1634,A
3-PA,1077,0,0,0,1621,1621,C
3-PA,1078,1608,0,1,0,1609,A
3-PA,1079,0,1600,0,0,1600,T
3-PA,1080,0,1,1616,0,1617,G
3-PA,1081,1617,1,1,0,1619,A
3-PA,1082,1615,1,2,0,1618,A
3-PA,1083,1,0,1633,0,1634,G
3-PA,1084,1629,0,1,0,1630,A
3-PA,1085,1629,0,1,0,1630,A
3-PA,1086,1621,0,0,0,1621,A
3-PA,1087,1624,2,0,0,1626,A
3-PA,1088,0,1,0,1626,1627,C
3-PA,1089,0,3,1617,0,1620,G
3-PA,1090,1625,0,2,0,1627,A
3-PA,1091,0,0,1629,0,1629,G
3-PA,1092,0,1623,0,0,1623,T
3-PA,1093,3,1,0,1653,1657,C
3-PA,1094,1652,0,5,0,1657,A
3-PA,1095,1696,0,2,0,1698,A
3-PA,1096,0,0,0,1697,1697,C
3-PA,1097,0,1695,0,3,1698,T
3-PA,1098,2,0,1723,0,1725,G
3-PA,1099,1712,1,4,0,1717,A
3-PA,1100,1725,0,1,0,1726,A
3-PA,1101,0,0,1722,0,1722,G
3-PA,1102,1,1690,0,0,1691,T
3-PA,1103,0,1,1682,0,1683,G
3-PA,1104,1,0,1674,0,1675,G
3-PA,1105,2,0,1682,0,1684,G
3-PA,1106,0,0,0,1680,1680,C
3-PA,1107,0,1667,0,2,1669,T
3-PA,1108,3,0,0,1676,1679,C
3-PA,1109,0,1671,0,3,1674,T
3-PA,1110,0,1692,0,0,1692,T
3-PA,1111,2,0,1837,0,1839,G
3-PA,1112,1,1,1863,0,1865,G
3-PA,1113,1,1852,0,0,1853,T
3-PA,1114,1,1,1855,0,1857,G
3-PA,1115,1854,0,3,1,1858,A
3-PA,1116,1910,1,1,4,1916,A
3-PA,1117,1910,0,1,1,1912,A
3-PA,1118,1941,1,2,1,1945,A
3-PA,1119,0,0,0,1971,1971,C
3-PA,1120,1946,0,2,0,1948,A
3-PA,1121,0,1970,0,2,1972,T
3-PA,1122,1,3,1977,0,1981,G
3-PA,1123,0,1,2067,0,2068,G
3-PA,1124,1,1,0,2095,2097,C
3-PA,1125,2077,4,0,19,2100,A
3-PA,1126,2,0,0,2125,2127,C
3-PA,1127,2,0,0,2136,2138,C
3-PA,1128,2209,1,2,0,2212,A
3-PA,1129,0,2,2267,0,2269,G
3-PA,1130,2262,0,1,0,2263,A
3-PA,1131,3,0,2303,0,2306,G
3-PA,1132,2345,0,4,0,2349,A
3-PA,1133,2365,0,5,0,2370,A
3-PA,1134,0,0,2398,0,2398,G
3-PA,1135,0,1,2392,0,2393,G
3-PA,1136,1,2386,1,2,2390,T
3-PA,1137,2372,1,1,0,2374,A
3-PA,1138,0,3,2379,1,2383,G
3-PA,1139,2394,0,2,0,2396,A
3-PA,1140,1,0,1,2429,2431,C
3-PA,1141,0,2405,0,1,2406,T
3-PA,1142,0,2396,0,0,2396,T
3-PA,1143,1,2398,0,3,2402,T
3-PA,1144,2,1,2413,0,2416,G
3-PA,1145,2405,0,3,1,2409,A
3-PA,1146,2419,0,1,0,2420,A
3-PA,1147,2417,0,2,1,2420,A
3-PA,1148,2396,1,2,0,2399,A
3-PA,1149,0,2,0,2500,2502,C
3-PA,1150,2,2485,0,1,2488,T
3-PA,1151,0,2,2543,0,2545,G
3-PA,1152,0,0,0,2549,2549,C
3-PA,1153,2540,0,5,1,2546,A
3-PA,1154,0,1,2545,0,2546,G
3-PA,1155,2535,0,0,0,2535,A
3-PA,1156,1,3,2754,0,2758,G
3-PA,1157,2755,3,2,0,2760,A
3-PA,1158,1,5,0,2775,2781,C
3-PA,1159,2779,0,1,0,2780,A
3-PA,1160,0,2759,0,2,2761,T
3-PA,1161,2758,0,10,0,2768,A
3-PA,1162,2756,1,3,2,2762,A
3-PA,1163,1,0,2760,0,2761,G
3-PA,1164,0,2,0,2752,2754,C
3-PA,1165,2,2,2716,0,2720,G
3-PA,1166,2828,0,5,0,2833,A
3-PA,1167,2,2812,0,2,2816,T
3-PA,1168,0,2802,3,3,2808,T
3-PA,1169,2,2815,0,1,2818,T
3-PA,1170,1,4,2820,0,2825,G
3-PA,1171,2836,2,6,0,2844,A
3-PA,1172,2838,0,9,0,2847,A
3-PA,1173,0,0,2884,0,2884,G
3-PA,1174,1,0,0,2983,2984,C
3-PA,1175,2978,1,0,0,2979,A
3-PA,1176,3347,0,2,0,3349,A
3-PA,1177,0,3354,0,1,3355,T
3-PA,1178,3377,1,1,0,3379,A
3-PA,1179,0,3409,0,5,3414,T
3-PA,1180,2,3,3434,0,3439,G
3-PA,1181,3481,0,4,0,3485,A
3-PA,1182,1,3481,0,7,3489,T
3-PA,1183,3401,0,3,0,3404,A
3-PA,1184,1,0,3419,0,3420,G
3-PA,1185,1,3344,0,3,3348,T
3-PA,1186,0,4,3337,2,3343,G
3-PA,1187,3341,1,6,2,3350,A
3-PA,1188,3,4,0,3330,3337,C
3-PA,1189,2,3,3327,0,3332,G
3-PA,1190,3372,0,1,0,3373,A
3-PA,1191,3371,0,3,0,3374,A
3-PA,1192,1,0,0,3442,3443,C
3-PA,1193,0,1,0,3433,3434,C
3-PA,1194,0,3436,0,4,3440,T
3-PA,1195,0,3,3591,0,3594,G
3-PA,1196,3590,1,6,0,3597,A
3-PA,1197,3615,0,1,0,3616,A
3-PA,1198,0,3602,0,12,3614,T
3-PA,1199,0,3595,0,4,3599,T
3-PA,1200,3595,2,4,0,3601,A
3-PA,1201,3564,2,8,2,3576,A
3-PA,1202,0,3,3586,0,3589,G
3-PA,1203,1,0,3586,0,3587,G
3-PA,1204,0,3537,0,10,3547,T
3-PA,1205,2,0,0,3539,3541,C
3-PA,1206,3545,0,6,0,3551,A
3-PA,1207,0,1,0,3690,3691,C
3-PA,1208,0,3685,1,7,3693,T
3-PA,1209,1,3702,0,1,3704,T
3-PA,1210,0,3702,0,6,3708,T
3-PA,1211,3,2,0,3695,3700,C
3-PA,1212,3703,0,4,0,3707,A
3-PA,1213,3706,0,7,0,3713,A
3-PA,1214,0,0,3780,0,3780,G
3-PA,1215,0,0,0,3783,3783,C
3-PA,1216,0,3708,0,4,3712,T
3-PA,1217,1,3,3832,1,3837,G
3-PA,1218,1,1,3862,0,3864,G
3-PA,1219,3941,0,9,0,3950,A
3-PA,1220,1,3989,0,1,3991,T
3-PA,1221,3984,0,1,0,3985,A
3-PA,1222,1,1,0,4011,4013,C
3-PA,1223,3972,1,3,0,3976,A
3-PA,1224,1,4,4019,0,4024,G
3-PA,1225,4009,0,5,0,4014,A
3-PA,1226,3970,1,4,1,3976,A
3-PA,1227,0,3951,1,3,3955,T
3-PA,1228,1,1,4007,1,4010,G
3-PA,1229,3993,0,2,0,3995,A
3-PA,1230,2,1,4076,0,4079,G
3-PA,1231,0,4065,0,7,4072,T
3-PA,1232,1,4054,0,1,4056,T
3-PA,1233,2,2,1,4161,4166,C
3-PA,1234,4199,1,5,1,4206,A
3-PA,1235,4200,1,3,4,4208,A
3-PA,1236,1,1,0,4204,4206,C
3-PA,1237,4180,0,4,0,4184,A
3-PA,1238,4184,0,3,0,4187,A
3-PA,1239,0,4,4196,0,4200,G
3-PA,1240,2,4,4232,0,4238,G
3-PA,1241,0,1,0,4290,4291,C
3-PA,1242,2,0,0,4271,4273,C
3-PA,1243,2,4251,0,5,4258,T
3-PA,1244,3,2,4294,0,4299,G
3-PA,1245,2,4297,0,1,4300,T
3-PA,1246,1,4,4331,0,4336,G
3-PA,1247,4330,1,4,2,4337,A
3-PA,1248,2,0,4337,0,4339,G
3-PA,1249,2,1,0,4320,4323,C
3-PA,1250,1,4295,0,4,4300,T
3-PA,1251,4406,0,0,0,4406,A
3-PA,1252,4402,0,4,0,4406,A
3-PA,1253,1,2,0,4432,4435,C
3-PA,1254,2,4403,1,2,4408,T
3-PA,1255,0,5,4420,0,4425,G
3-PA,1256,4413,1,2,0,4416,A
3-PA,1257,0,4418,0,2,4420,T
3-PA,1258,1,4405,0,5,4411,T
3-PA,1259,4,5,0,4414,4423,C
3-PA,1260,4548,0,3,0,4551,A
3-PA,1261,2,0,4686,0,4688,G
3-PA,1262,3,4667,0,2,4672,T
3-PA,1263,3,2,0,4661,4666,C
3-PA,1264,1,4637,0,4,4642,T
3-PA,1265,2,2,4868,1,4873,G
3-PA,1266,0,3,4881,0,4884,G
3-PA,1267,4872,1,5,0,4878,A
3-PA,1268,1,4877,0,5,4883,T
3-PA,1269,4713,0,9,0,4722,A
3-PA,1270,2,4,4715,1,4722,G
3-PA,1271,4667,0,11,1,4679,A
3-PA,1272,0,0,4685,0,4685,G
3-PA,1273,0,2,0,4682,4684,C
3-PA,1274,0,4603,0,1,4604,T
3-PA,1275,2,1,1,4598,4602,C
3-PA,1276,1,2,4620,0,4623,G
3-PA,1277,4626,0,6,0,4632,A
3-PA,1278,0,4628,0,3,4631,T
3-PA,1279,2,2,4623,0,4627,G
3-PA,1280,4712,0,4,0,4716,A
3-PA,1281,4705,0,1,0,4706,A
3-PA,1282,4728,1,0,0,4729,A
3-PA,1283,0,4718,1,3,4722,T
3-PA,1284,0,4714,1,3,4718,T
3-PA,1285,2,2,4763,2,4769,G
3-PA,1286,2,4,4768,1,4775,G
3-PA,1287,4772,1,10,0,4783,A
3-PA,1288,2,2,4778,0,4782,G
3-PA,1289,4734,0,5,0,4739,A
3-PA,1290,0,1,4792,0,4793,G
3-PA,1291,0,1,4827,0,4828,G
3-PA,1292,4887,2,7,0,4896,A
3-PA,1293,1,1,1,4895,4898,C
3-PA,1294,4,2,4876,0,4882,G
3-PA,1295,0,4882,0,4,4886,T
3-PA,1296,4913,1,3,0,4917,A
3-PA,1297,2,3,4960,0,4965,G
3-PA,1298,1,1,0,5016,5018,C
3-PA,1299,2,2,0,4974,4978,C
3-PA,1300,5,2,0,4960,4967,C
3-PA,1301,2,3,0,4990,4995,C
3-PA,1302,5011,1,2,2,5016,A
3-PA,1303,5206,0,0,0,5206,A
3-PA,1304,0,5190,1,3,5194,T
3-PA,1305,1,5186,0,1,5188,T
3-PA,1306,2,10,5167,0,5179,G
3-PA,1307,5118,0,4,0,5122,A
3-PA,1308,0,0,5135,0,5135,G
3-PA,1309,1,2,0,5123,5126,C
3-PA,1310,5097,1,5,0,5103,A
3-PA,1311,3,5,0,5192,5200,C
3-PA,1312,5084,0,3,0,5087,A
3-PA,1313,1,5204,1,6,5212,T
3-PA,1314,0,5215,0,5,5220,T
3-PA,1315,3,0,5227,0,5230,G
3-PA,1316,3,1,1,5213,5218,C
3-PA,1317,5199,2,7,0,5208,A
3-PA,1318,5212,0,9,0,5221,A
3-PA,1319,0,2,5225,0,5227,G
3-PA,1320,0,1,2,5199,5202,C
3-PA,1321,5193,0,4,3,5200,A
3-PA,1322,1,5129,3,4,5137,T
3-PA,1323,0,6,5148,0,5154,G
3-PA,1324,5140,1,7,0,5148,A
3-PA,1325,0,1,5170,0,5171,G
3-PA,1326,5158,1,4,1,5164,A
3-PA,1327,5159,0,4,0,5163,A
3-PA,1328,3,3,5138,0,5144,G
3-PA,1329,2,5,5152,1,5160,G
3-PA,1330,5160,2,7,0,5169,A
3-PA,1331,5164,0,2,0,5166,A
3-PA,1332,1,5174,0,0,5175,T
3-PA,1333,1,5184,0,2,5187,T
3-PA,1334,5216,0,2,0,5218,A
3-PA,1335,1,5235,0,3,5239,T
3-PA,1336,1,5220,0,1,5222,T
3-PA,1337,0,5219,0,6,5225,T
3-PA,1338,2,0,1,5190,5193,C
3-PA,1339,5163,2,3,1,5169,A
3-PA,1340,0,1,0,5301,5302,C
3-PA,1341,5275,0,2,0,5277,A
3-PA,1342,0,1,5343,0,5344,G
3-PA,1343,2,4,0,5332,5338,C
3-PA,1344,5315,1,3,0,5319,A
3-PA,1345,1,4,5346,0,5351,G
3-PA,1346,5329,1,6,0,5336,A
3-PA,1347,3,3,5361,0,5367,G
3-PA,1348,0,1,5383,0,5384,G
3-PA,1349,1,5266,0,7,5274,T
3-PA,1350,1,1,5363,0,5365,G
3-PA,1351,0,5304,0,11,5315,T
3-PA,1352,7,2,0,5313,5322,C
3-PA,1353,5,2,0,5356,5363,C
3-PA,1354,7,2,0,5349,5358,C
3-PA,1355,5412,2,1,0,5415,A
3-PA,1356,1,5480,0,5,5486,T
3-PA,1357,1,5465,0,4,5470,T
3-PA,1358,2,1,5512,0,5515,G
3-PA,1359,1,5433,0,2,5436,T
3-PA,1360,5382,0,6,0,5388,A
3-PA,1361,2,3,5381,0,5386,G
3-PA,1362,5274,0,6,1,5281,A
3-PA,1363,0,0,5304,1,5305,G
3-PA,1364,2,1,0,5266,5269,C
3-PA,1365,2,4,1,5205,5212,C
3-PA,1366,5298,0,3,0,5301,A
3-PA,1367,2,1,0,5324,5327,C
3-PA,1368,1,5299,0,2,5302,T
3-PA,1369,2,2,5296,1,5301,G
3-PA,1370,5287,0,0,0,5287,A
3-PA,1371,5208,0,2,2,5212,A
3-PA,1372,2,5382,0,0,5384,T
3-PA,1373,5435,0,2,0,5437,A
3-PA,1374,2,5,0,5488,5495,C
3-PA,1375,5409,1,3,0,5413,A
3-PA,1376,0,5454,0,0,5454,T
3-PA,1377,5427,0,2,2,5431,A
3-PA,1378,5496,1,2,0,5499,A
3-PA,1379,1,5484,1,4,5490,T
3-PA,1380,1,3,5454,0,5458,G
3-PA,1381,5425,1,0,0,5426,A
3-PA,1382,5357,0,5,1,5363,A
3-PA,1383,2,9,5376,0,5387,G
3-PA,1384,3,15,5386,0,5404,G
3-PA,1385,1,6,5451,0,5458,G
3-PA,1386,0,4,5477,1,5482,G
3-PA,1387,1,2,5558,0,5561,G
3-PA,1388,1,5465,0,5,5471,T
3-PA,1389,5493,0,3,0,5496,A
3-PA,1390,3,5520,0,0,5523,T
3-PA,1391,5588,0,7,0,5595,A
3-PA,1392,1,2,0,6220,6223,C
3-PA,1393,6045,0,2,1,6048,A
3-PA,1394,1,5920,0,0,5921,T
3-PA,1395,0,5861,0,7,5868,T
3-PA,1396,5824,0,3,1,5828,A
3-PA,1397,5938,0,8,0,5946,A
3-PA,1398,0,3,0,5935,5938,C
3-PA,1399,5881,0,3,0,5884,A
3-PA,1400,1,3,0,5894,5898,C
3-PA,1401,0,5296,0,7,5303,T
3-PA,1402,1,3,5487,0,5491,G
3-PA,1403,1,2,0,5473,5476,C
3-PA,1404,5,2,0,5450,5457,C
3-PA,1405,3,2,0,5480,5485,C
3-PA,1406,0,5348,0,5,5353,T
3-PA,1407,2,0,5557,0,5559,G
3-PA,1408,0,2,0,5564,5566,C
3-PA,1409,0,5544,0,10,5554,T
3-PA,1410,11,2,0,5682,5695,C
3-PA,1411,5545,2,1,2,5550,A
3-PA,1412,5593,0,6,1,5600,A
3-PA,1413,2,5594,0,3,5599,T
3-PA,1414,1,2,5601,0,5604,G
3-PA,1415,2,1,0,5588,5591,C
3-PA,1416,5490,0,6,1,5497,A
3-PA,1417,2,5484,1,10,5497,T
3-PA,1418,4,0,0,5475,5479,C
3-PA,1419,4,0,0,5521,5525,C
3-PA,1420,2,5365,0,7,5374,T
3-PA,1421,0,1,5495,0,5496,G
3-PA,1422,1,5487,0,0,5488,T
3-PA,1423,3,0,5470,0,5473,G
3-PA,1424,1,5,0,5476,5482,C
3-PA,1425,5419,0,11,0,5430,A
3-PA,1426,3,2,5467,0,5472,G
3-PA,1427,0,1,1,5461,5463,C
3-PA,1428,5400,0,7,0,5407,A
3-PA,1429,5396,1,3,0,5400,A
3-PA,1430,1,5266,1,5,5273,T
3-PA,1431,3,4,5274,0,5281,G
3-PA,1432,2,5,5274,0,5281,G
3-PA,1433,5277,0,5,0,5282,A
3-PA,1434,0,3,0,5272,5275,C
3-PA,1435,2,11,5220,0,5233,G
3-PA,1436,5307,0,2,0,5309,A
3-PA,1437,0,5296,0,3,5299,T
3-PA,1438,0,5292,0,2,5294,T
3-PA,1439,0,5283,1,6,5290,T
3-PA,1440,0,5291,0,1,5292,T
3-PA,1441,8,0,1,5280,5289,C
3-PA,1442,5292,1,0,0,5293,A
3-PA,1443,5319,0,0,0,5319,A
3-PA,1444,0,0,0,5319,5319,C
3-PA,1445,2,5226,0,1,5229,T
3-PA,1446,5226,1,2,0,5229,A
3-PA,1447,5226,0,2,0,5228,A
3-PA,1448,0,5230,2,6,5238,T
3-PA,1449,0,5225,1,8,5234,T
3-PA,1450,7,3,1,5238,5249,C
3-PA,1451,2,2,0,5214,5218,C
3-PA,1452,6,4,0,5213,5223,C
3-PA,1453,5229,2,1,0,5232,A
3-PA,1454,1,5298,0,5,5304,T
3-PA,1455,2,3,5312,0,5317,G
3-PA,1456,5309,2,6,0,5317,A
3-PA,1457,0,5288,0,3,5291,T
3-PA,1458,5264,0,7,0,5271,A
3-PA,1459,5283,0,5,0,5288,A
3-PA,1460,1,1,5290,1,5293,G
3-PA,1461,1,3,0,5277,5281,C
3-PA,1462,5267,0,3,1,5271,A
3-PA,1463,5141,2,5,0,5148,A
3-PA,1464,3,2,5240,0,5245,G
3-PA,1465,1,5209,0,6,5216,T
3-PA,1466,2,2,5207,0,5211,G
3-PA,1467,1,1,0,5192,5194,C
3-PA,1468,5163,0,11,1,5175,A
3-PA,1469,2,4,5259,1,5266,G
3-PA,1470,5250,1,2,0,5253,A
3-PA,1471,5317,0,3,0,5320,A
3-PA,1472,0,3,0,5337,5340,C
3-PA,1473,0,5223,0,2,5225,T
3-PA,1474,5276,1,1,0,5278,A
3-PA,1475,5261,1,6,0,5268,A
3-PA,1476,5254,0,9,0,5263,A
3-PA,1477,0,5,5273,0,5278,G
3-PA,1478,5079,1,10,0,5090,A
3-PA,1479,2,3,5098,0,5103,G
3-PA,1480,2,6,4995,1,5004,G
3-PA,1481,1,3,4997,0,5001,G
3-PA,1482,4951,0,7,0,4958,A
3-PA,1483,4891,0,12,0,4903,A
3-PA,1484,3,3,4890,0,4896,G
3-PA,1485,0,1,4902,0,4903,G
3-PA,1486,2,3,2,4879,4886,C
3-PA,1487,1,2,4897,0,4900,G
3-PA,1488,4879,0,4,0,4883,A
3-PA,1489,4881,0,2,0,4883,A
3-PA,1490,4891,1,5,0,4897,A
3-PA,1491,4902,0,3,0,4905,A
3-PA,1492,4900,1,11,3,4915,A
3-PA,1493,3,3,0,4902,4908,C
3-PA,1494,7,1,2,4882,4892,C
3-PA,1495,4914,2,3,0,4919,A
3-PA,1496,4981,0,3,1,4985,A
3-PA,1497,0,4973,0,1,4974,T
3-PA,1498,0,4971,0,5,4976,T
3-PA,1499,1,4998,0,1,5000,T
3-PA,1500,5016,1,7,0,5024,A
3-PA,1501,0,5010,0,2,5012,T
3-PA,1502,5003,0,11,0,5014,A
3-PA,1503,1,5004,0,1,5006,T
3-PA,1504,1,4,4944,0,4949,G
3-PA,1505,3,8,4912,1,4924,G
3-PA,1506,4928,1,0,0,4929,A
3-PA,1507,2,4904,0,2,4908,T
3-PA,1508,2,4870,2,2,4876,T
3-PA,1509,6,1,0,4859,4866,C
3-PA,1510,4890,2,1,0,4893,A
3-PA,1511,0,4943,0,11,4954,T
3-PA,1512,2,2,0,4949,4953,C
3-PA,1513,4964,3,3,1,4971,A
3-PA,1514,2,4914,0,2,4918,T
3-PA,1515,4908,0,4,0,4912,A
3-PA,1516,4906,1,4,1,4912,A
3-PA,1517,4896,1,8,1,4906,A
3-PA,1518,0,3,4938,0,4941,G
3-PA,1519,5,4,4851,2,4862,G
3-PA,1520,2,2,4812,1,4817,G
3-PA,1521,4809,1,4,0,4814,A
3-PA,1522,4770,1,13,0,4784,A
3-PA,1523,0,4,4815,0,4819,G
3-PA,1524,4804,0,7,0,4811,A
3-PA,1525,0,4794,1,7,4802,T
3-PA,1526,6,0,0,4792,4798,C
3-PA,1527,1,4703,0,10,4714,T
3-PA,1528,8,0,2,4845,4855,C
3-PA,1529,4853,3,1,0,4857,A
3-PA,1530,2,4851,0,1,4854,T
3-PA,1531,4,4833,1,3,4841,T
3-PA,1532,2,4806,0,1,4809,T
3-PA,1533,4793,0,8,0,4801,A
3-PA,1534,4794,1,3,1,4799,A
3-PA,1535,2,2,4805,1,4810,G
3-PA,1536,0,4,4879,0,4883,G
3-PA,1537,4640,2,1,0,4643,A
3-PA,1538,4644,0,2,2,4648,A
3-PA,1539,1,4647,0,6,4654,T
3-PA,1540,0,6,4672,0,4678,G
3-PA,1541,4791,0,11,0,4802,A
3-PA,1542,2,2,0,4806,4810,C
3-PA,1543,4783,1,11,1,4796,A
3-PA,1544,3,1,0,4792,4796,C
3-PA,1545,4671,0,10,0,4681,A
3-PA,1546,1,3,4706,0,4710,G
3-PA,1547,4690,0,6,2,4698,A
3-PA,1548,1,0,0,4669,4670,C
3-PA,1549,0,1,4637,0,4638,G
3-PA,1550,2,4460,0,4,4466,T
3-PA,1551,2,2,4473,0,4477,G
3-PA,1552,1,1,4495,0,4497,G
3-PA,1553,1,4507,0,3,4511,T
3-PA,1554,4504,0,4,1,4509,A
3-PA,1555,4458,1,1,1,4461,A
3-PA,1556,4478,0,1,0,4479,A
3-PA,1557,1,4458,1,2,4462,T
3-PA,1558,0,4411,1,1,4413,T
3-PA,1559,0,4402,0,3,4405,T
3-PA,1560,0,4374,1,0,4375,T
3-PA,1561,5,0,4372,1,4378,G
3-PA,1562,1,4335,0,1,4337,T
3-PA,1563,2,13,4322,0,4337,G
3-PA,1564,4315,0,5,0,4320,A
3-PA,1565,3,2,4332,1,4338,G
3-PA,1566,2,1,0,4331,4334,C
3-PA,1567,4348,0,1,0,4349,A
3-PA,1568,0,4340,0,3,4343,T
3-PA,1569,1,1,4343,0,4345,G
3-PA,1570,1,2,4387,0,4390,G
3-PA,1571,4386,3,5,1,4395,A
3-PA,1572,1,1,4404,0,4406,G
3-PA,1573,0,4362,0,6,4368,T
3-PA,1574,0,4338,1,8,4347,T
3-PA,1575,1,4376,1,0,4378,T
3-PA,1576,1,4367,0,10,4378,T
3-PA,1577,1,0,1,4377,4379,C
3-PA,1578,1,4359,1,9,4370,T
3-PA,1579,4,2,0,4369,4375,C
3-PA,1580,1,4285,2,4,4292,T
3-PA,1581,5,3,0,4284,4292,C
3-PA,1582,4296,0,1,1,4298,A
3-PA,1583,1,3,0,4288,4292,C
3-PA,1584,0,4239,1,7,4247,T
3-PA,1585,2,10,4261,0,4273,G
3-PA,1586,4267,0,4,0,4271,A
3-PA,1587,3,2,0,4311,4316,C
3-PA,1588,4,0,0,4308,4312,C
3-PA,1589,5,7,0,4281,4293,C
3-PA,1590,4,2,4280,1,4287,G
3-PA,1591,4281,0,9,0,4290,A
3-PA,1592,0,5,4316,1,4322,G
3-PA,1593,4322,0,8,0,4330,A
3-PA,1594,1,2,0,4294,4297,C
3-PA,1595,0,4271,1,1,4273,T
3-PA,1596,0,4173,1,1,4175,T
3-PA,1597,0,6,4165,0,4171,G
3-PA,1598,4162,0,5,0,4167,A
3-PA,1599,2,1,4171,0,4174,G
3-PA,1600,0,1,0,4165,4166,C
3-PA,1601,4,5,2,4078,4089,C
3-PA,1602,4175,1,5,1,4182,A
3-PA,1603,0,3,1,4201,4205,C
3-PA,1604,4220,0,1,0,4221,A
3-PA,1605,0,4223,0,0,4223,T
3-PA,1606,4209,0,1,0,4210,A
3-PA,1607,4199,0,7,0,4206,A
3-PA,1608,4198,1,2,0,4201,A
3-PA,1609,2,4185,0,0,4187,T
3-PA,1610,1,7,4178,0,4186,G
3-PA,1611,0,4,4136,0,4140,G
3-PA,1612,1,3,4165,0,4169,G
3-PA,1613,4134,1,8,0,4143,A
3-PA,1614,2,2,4203,0,4207,G
3-PA,1615,4171,1,3,0,4175,A
3-PA,1616,4163,1,1,4,4169,A
3-PA,1617,4204,0,3,1,4208,A
3-PA,1618,2,4207,0,3,4212,T
3-PA,1619,4209,1,2,0,4212,A
3-PA,1620,2,0,0,4207,4209,C
3-PA,1621,1,3743,0,6,3750,T
3-PA,1622,2,1,3763,0,3766,G
3-PA,1623,2,3563,0,5,3570,T
3-PA,1624,2,0,3688,0,3690,G
3-PA,1625,1,3680,0,0,3681,T
3-PA,1626,3,2,1,3590,3596,C
3-PA,1627,1,0,0,3585,3586,C
3-PA,1628,1,3543,0,13,3557,T
3-PA,1629,1,3563,0,3,3567,T
3-PA,1630,3,4,3576,0,3583,G
3-PA,1631,3595,1,3,0,3599,A
3-PA,1632,2,5,3622,0,3629,G
3-PA,1633,3443,1,5,1,3450,A
3-PA,1634,0,3456,0,2,3458,T
3-PA,1635,3388,0,3,0,3391,A
3-PA,1636,0,0,3484,0,3484,G
3-PA,1637,0,5,3498,0,3503,G
3-PA,1638,3484,0,7,0,3491,A
3-PA,1639,1,2,3499,1,3503,G
3-PA,1640,3461,0,7,0,3468,A
3-PA,1641,0,3448,0,0,3448,T
3-PA,1642,3459,0,5,0,3464,A
3-PA,1643,2,3461,0,1,3464,T
3-PA,1644,0,0,3513,0,3513,G
3-PA,1645,0,3456,0,2,3458,T
3-PA,1646,1,3429,0,0,3430,T
3-PA,1647,3479,0,1,0,3480,A
3-PA,1648,1,1,0,3470,3472,C
3-PA,1649,0,3423,0,4,3427,T
3-PA,1650,3432,0,1,0,3433,A
3-PA,1651,3406,1,3,1,3411,A
3-PA,1652,1,2,3426,1,3430,G
3-PA,1653,3402,1,2,0,3405,A
3-PA,1654,3335,3,1,0,3339,A
3-PA,1655,2,0,3269,0,3271,G
3-PA,1656,1,3298,0,1,3300,T
3-PA,1657,3,2,3335,0,3340,G
3-PA,1658,1,2,0,3340,3343,C
3-PA,1659,3,1,0,3335,3339,C
3-PA,1660,3348,1,7,0,3356,A
3-PA,1661,0,3320,0,1,3321,T
3-PA,1662,3319,0,1,0,3320,A
3-PA,1663,2,0,3334,0,3336,G
3-PA,1664,1,1,3305,0,3307,G
3-PA,1665,1,0,0,3292,3293,C
3-PA,1666,3,2,0,3259,3264,C
3-PA,1667,3258,1,3,1,3263,A
3-PA,1668,3257,2,2,5,3266,A
3-PA,1669,3265,1,2,0,3268,A
3-PA,1670,0,3280,1,1,3282,T
3-PA,1671,0,3288,0,3,3291,T
3-PA,1672,2,3262,0,1,3265,T
3-PA,1673,1,0,0,3257,3258,C
3-PA,1674,3228,0,5,0,3233,A
3-PA,1675,3240,0,2,0,3242,A
3-PA,1676,2,1,3262,0,3265,G
3-PA,1677,1,0,3278,0,3279,G
3-PA,1678,2,2,0,3268,3272,C
3-PA,1679,2,2,0,3241,3245,C
3-PA,1680,3262,0,1,0,3263,A
3-PA,1681,3343,1,2,0,3346,A
3-PA,1682,1,3350,0,1,3352,T
3-PA,1683,1,20,3501,0,3522,G
3-PA,1684,0,3531,0,3,3534,T
3-PA,1685,1,3715,0,4,3720,T
3-PA,1686,4,0,0,3775,3779,C
3-PA,1687,0,3736,0,4,3740,T
3-PA,1688,0,3732,0,1,3733,T
3-PA,1689,3486,0,3,0,3489,A
3-PA,1690,0,3521,0,1,3522,T
3-PA,1691,3527,0,3,0,3530,A
3-PA,1692,1,3572,0,2,3575,T
3-PA,1693,0,2,3572,0,3574,G
3-PA,1694,0,3348,0,4,3352,T
3-PA,1695,1,3,3340,0,3344,G
3-PA,1696,3305,0,8,0,3313,A
3-PA,1697,2,1,3325,0,3328,G
3-PA,1698,1,5,3349,0,3355,G
3-PA,1699,3358,0,1,1,3360,A
3-PA,1700,0,1,1,3357,3359,C
3-PA,1701,3319,1,1,0,3321,A
3-PA,1702,3313,0,8,0,3321,A
3-PA,1703,3323,0,8,0,3331,A
3-PA,1704,0,0,0,3320,3320,C
3-PA,1705,0,2,3323,1,3326,G
3-PA,1706,0,8,3337,1,3346,G
3-PA,1707,3318,0,3,1,3322,A
3-PA,1708,3325,0,4,0,3329,A
3-PA,1709,0,1,0,3335,3336,C
3-PA,1710,3320,1,6,1,3328,A
3-PA,1711,0,3333,0,3,3336,T
3-PA,1712,2,2,0,3325,3329,C
3-PA,1713,3324,0,2,0,3326,A
3-PA,1714,3317,0,5,0,3322,A
3-PA,1715,3271,0,5,2,3278,A
3-PA,1716,0,2,3333,0,3335,G
3-PA,1717,2,1,3344,0,3347,G
3-PA,1718,2,3293,0,1,3296,T
3-PA,1719,7,1,1,3280,3289,C
3-PA,1720,3296,0,3,0,3299,A
3-PA,1721,3321,0,2,0,3323,A
3-PA,1722,3311,0,3,1,3315,A
3-PA,1723,3326,0,0,0,3326,A
3-PA,1724,0,3331,0,1,3332,T
3-PA,1725,2,2,3335,1,3340,G
3-PA,1726,3308,1,2,0,3311,A
3-PA,1727,3298,0,7,0,3305,A
3-PA,1728,3311,0,5,0,3316,A
3-PA,1729,0,3311,0,3,3314,T
3-PA,1730,0,2,3346,0,3348,G
3-PA,1731,0,2,3349,1,3352,G
3-PA,1732,0,4,3344,0,3348,G
3-PA,1733,1,2,3378,0,3381,G
3-PA,1734,3339,0,1,0,3340,A
3-PA,1735,3369,0,3,0,3372,A
3-PA,1736,0,3372,0,3,3375,T
3-PA,1737,1,1,3388,0,3390,G
3-PA,1738,1,1,3400,0,3402,G
3-PA,1739,3351,0,8,1,3360,A
3-PA,1740,0,1,3414,0,3415,G
3-PA,1741,3391,1,2,0,3394,A
3-PA,1742,1,3341,0,3,3345,T
3-PA,1743,5,6,3345,1,3357,G
3-PA,1744,3325,2,2,0,3329,A
3-PA,1745,0,1,3353,1,3355,G
3-PA,1746,3342,0,5,0,3347,A
3-PA,1747,0,1,0,3314,3315,C
3-PA,1748,3,0,3299,0,3302,G
3-PA,1749,0,3277,0,1,3278,T
3-PA,1750,1,3267,0,4,3272,T
3-PA,1751,1,0,3293,0,3294,G
3-PA,1752,2,1,0,3286,3289,C
3-PA,1753,0,1,0,3307,3308,C
3-PA,1754,1,3288,0,9,3298,T
3-PA,1755,3,0,1,3368,3372,C
3-PA,1756,7,0,0,3370,3377,C
3-PA,1757,0,3378,0,0,3378,T
3-PA,1758,1,3373,0,3,3377,T
3-PA,1759,0,0,0,3390,3390,C
3-PA,1760,3370,0,1,0,3371,A
3-PA,1761,1,0,3378,1,3380,G
3-PA,1762,1,3365,0,4,3370,T
3-PA,1763,5,1,0,3392,3398,C
3-PA,1764,3325,0,0,1,3326,A
3-PA,1765,1,2,0,3455,3458,C
3-PA,1766,1,3448,1,4,3454,T
3-PA,1767,1,0,1,3464,3466,C
3-PA,1768,1,0,0,3461,3462,C
3-PA,1769,3467,0,2,0,3469,A
3-PA,1770,0,0,3470,0,3470,G
3-PA,1771,0,1,1,3471,3473,C
3-PA,1772,3439,1,4,0,3444,A
3-PA,1773,1,0,3471,1,3473,G
3-PA,1774,3357,0,1,0,3358,A
3-PA,1775,0,3362,0,1,3363,T
3-PA,1776,6,0,0,3353,3359,C
3-PA,1777,4,0,3349,0,3353,G
3-PA,1778,3336,1,4,0,3341,A
3-PA,1779,3,5,3335,0,3343,G
3-PA,1780,3324,0,8,0,3332,A
3-PA,1781,5,2,3354,1,3362,G
3-PA,1782,1,2,0,3320,3323,C
3-PA,1783,3324,1,2,0,3327,A
3-PA,1784,1,3335,0,2,3338,T
3-PA,1785,2,1,3393,0,3396,G
3-PA,1786,3419,0,1,0,3420,A
3-PA,1787,1,3421,0,1,3423,T
3-PA,1788,0,3398,0,2,3400,T
3-PA,1789,1,2,3405,0,3408,G
3-PA,1790,3381,1,4,1,3387,A
3-PA,1791,3377,1,4,0,3382,A
3-PA,1792,0,0,3391,0,3391,G
3-PA,1793,3,4,0,3370,3377,C
3-PA,1794,1,3,0,3333,3337,C
3-PA,1795,3,3,3312,1,3319,G
3-PA,1796,3310,1,3,0,3314,A
3-PA,1797,2,0,3348,0,3350,G
3-PA,1798,0,3337,0,1,3338,T
3-PA,1799,5,2,2,3326,3335,C
3-PA,1800,2,2,1,3329,3334,C
3-PA,1801,1,3320,0,3,3324,T
3-PA,1802,4,1,0,3372,3377,C
3-PA,1803,0,5,3373,0,3378,G
3-PA,1804,1,0,3510,0,3511,G
3-PA,1805,0,3505,0,1,3506,T
3-PA,1806,0,3481,0,3,3484,T
3-PA,1807,3472,2,0,0,3474,A
3-PA,1808,3475,0,2,0,3477,A
3-PA,1809,3469,1,10,1,3481,A
3-PA,1810,0,1,3549,0,3550,G
3-PA,1811,3506,0,4,0,3510,A
3-PA,1812,2,2,3511,0,3515,G
3-PA,1813,3377,1,1,0,3379,A
3-PA,1814,3381,0,2,0,3383,A
3-PA,1815,3395,1,5,0,3401,A
3-PA,1816,1,2,3416,1,3420,G
3-PA,1817,3404,0,7,0,3411,A
3-PA,1818,0,0,0,3411,3411,C
3-PA,1819,3360,0,2,0,3362,A
3-PA,1820,1,3350,0,3,3354,T
3-PA,1821,0,3,3355,0,3358,G
3-PA,1822,3401,1,1,0,3403,A
3-PA,1823,3,1,1,3399,3404,C
3-PA,1824,1,0,0,3389,3390,C
3-PA,1825,3354,0,2,0,3356,A
3-PA,1826,3357,0,3,0,3360,A
3-PA,1827,3348,1,4,0,3353,A
3-PA,1828,11,0,3363,1,3375,G
3-PA,1829,3362,0,0,0,3362,A
3-PA,1830,1,1,3366,0,3368,G
3-PA,1831,0,3320,0,5,3325,T
3-PA,1832,0,3309,0,0,3309,T
3-PA,1833,0,3308,0,3,3311,T
3-PA,1834,0,3317,0,3,3320,T
3-PA,1835,0,3323,1,3,3327,T
3-PA,1836,1,3330,0,0,3331,T
3-PA,1837,2,1,3331,0,3334,G
3-PA,1838,3300,2,7,0,3309,A
3-PA,1839,1,0,3347,0,3348,G
3-PA,1840,3339,0,0,0,3339,A
3-PA,1841,3332,0,0,0,3332,A
3-PA,1842,2,3336,1,2,3341,T
3-PA,1843,3341,1,0,0,3342,A
3-PA,1844,3424,0,3,0,3427,A
3-PA,1845,3444,0,3,0,3447,A
3-PA,1846,2,3454,0,2,3458,T
3-PA,1847,1,0,0,3467,3468,C
3-PA,1848,3444,0,3,0,3447,A
3-PA,1849,2,2,3449,0,3453,G
3-PA,1850,3443,1,5,0,3449,A
3-PA,1851,3453,1,8,0,3462,A
3-PA,1852,0,1,3492,0,3493,G
3-PA,1853,1,0,1,3407,3409,C
3-PA,1854,3403,0,3,0,3406,A
3-PA,1855,0,3394,1,3,3398,T
3-PA,1856,2,2,3394,0,3398,G
3-PA,1857,2,0,3438,0,3440,G
3-PA,1858,2,2,1,3420,3425,C
3-PA,1859,2,1,0,3510,3513,C
3-PA,1860,5,1,0,3516,3522,C
3-PA,1861,3557,1,1,1,3560,A
3-PA,1862,1,3563,0,1,3565,T
3-PA,1863,0,3555,0,2,3557,T
3-PA,1864,2,0,3580,0,3582,G
3-PA,1865,0,3,3576,0,3579,G
3-PA,1866,3,2,3535,0,3540,G
3-PA,1867,1,2,3542,0,3545,G
3-PA,1868,3345,1,9,0,3355,A
3-PA,1869,1,0,3405,0,3406,G
3-PA,1870,0,3358,0,7,3365,T
3-PA,1871,5,1,1,3410,3417,C
3-PA,1872,4,0,0,3555,3559,C
3-PA,1873,2,1,0,3547,3550,C
3-PA,1874,4,0,0,3552,3556,C
3-PA,1875,6,1,0,3549,3556,C
3-PA,1876,3561,1,0,5,3567,A
3-PA,1877,3565,1,5,0,3571,A
3-PA,1878,2,1,3565,0,3568,G
3-PA,1879,2,3,3520,1,3526,G
3-PA,1880,1,2,3525,0,3528,G
3-PA,1881,3200,1,2,0,3203,A
3-PA,1882,0,0,3250,0,3250,G
3-PA,1883,0,3245,0,1,3246,T
3-PA,1884,1,0,3248,0,3249,G
3-PA,1885,0,1,3278,0,3279,G
3-PA,1886,3267,0,3,0,3270,A
3-PA,1887,3271,0,2,0,3273,A
3-PA,1888,0,2,3266,1,3269,G
3-PA,1889,3242,1,1,0,3244,A
3-PA,1890,3244,1,3,1,3249,A
3-PA,1891,1,1,3217,0,3219,G
3-PA,1892,0,0,3227,0,3227,G
3-PA,1893,0,3209,0,4,3213,T
3-PA,1894,1,3196,1,2,3200,T
3-PA,1895,5,2,0,3197,3204,C
3-PA,1896,5,0,0,3207,3212,C
3-PA,1897,3207,2,2,0,3211,A
3-PA,1898,1,3215,0,1,3217,T
3-PA,1899,1,3201,0,1,3203,T
3-PA,1900,0,3,3220,1,3224,G
3-PA,1901,1,0,3197,0,3198,G
3-PA,1902,0,0,3200,0,3200,G
3-PA,1903,3205,0,0,0,3205,A
3-PA,1904,3183,0,1,2,3186,A
3-PA,1905,3209,0,2,0,3211,A
3-PA,1906,0,0,3296,0,3296,G
3-PA,1907,1,3275,0,2,3278,T
3-PA,1908,4,0,0,3341,3345,C
3-PA,1909,0,3320,0,2,3322,T
3-PA,1910,0,1,3337,1,3339,G
3-PA,1911,3,3333,0,3,3339,T
3-PA,1912,3332,1,4,0,3337,A
3-PA,1913,0,1,3346,0,3347,G
3-PA,1914,0,8,3309,0,3317,G
3-PA,1915,3211,0,4,0,3215,A
3-PA,1916,1,1,0,3208,3210,C
3-PA,1917,1,3140,0,4,3145,T
3-PA,1918,6,0,0,3302,3308,C
3-PA,1919,0,3300,0,1,3301,T
3-PA,1920,3298,0,4,1,3303,A
3-PA,1921,0,3298,0,1,3299,T
3-PA,1922,1,3272,0,3,3276,T
3-PA,1923,0,3,3326,0,3329,G
3-PA,1924,4,0,3301,2,3307,G
3-PA,1925,2,1,0,3299,3302,C
3-PA,1926,0,3288,0,2,3290,T
3-PA,1927,3080,0,1,0,3081,A
3-PA,1928,3116,0,3,0,3119,A
3-PA,1929,0,0,3128,0,3128,G
3-PA,1930,0,3128,0,1,3129,T
3-PA,1931,3,0,0,3117,3120,C
3-PA,1932,3051,0,3,0,3054,A
3-PA,1933,0,1,3178,0,3179,G
3-PA,1934,1,3176,0,2,3179,T
3-PA,1935,3267,0,1,0,3268,A
3-PA,1936,0,3269,0,0,3269,T
3-PA,1937,0,3301,0,6,3307,T
3-PA,1938,3,0,0,3316,3319,C
3-PA,1939,3297,0,4,0,3301,A
3-PA,1940,3295,1,3,0,3299,A
3-PA,1941,2,3297,0,4,3303,T
3-PA,1942,3172,2,1,0,3175,A
3-PA,1943,14,0,3199,0,3213,G
3-PA,1944,0,1,0,3148,3149,C
3-PA,1945,4,0,0,3170,3174,C
3-PA,1946,0,3079,0,11,3090,T
3-PA,1947,0,0,3163,0,3163,G
3-PA,1948,0,3159,0,2,3161,T
3-PA,1949,3178,0,0,0,3178,A
3-PA,1950,0,3180,0,1,3181,T
3-PA,1951,1,0,3102,0,3103,G
3-PA,1952,0,1,1,3102,3104,C
3-PA,1953,3042,1,2,0,3045,A
3-PA,1954,0,3024,0,1,3025,T
3-PA,1955,1,0,1,3014,3016,C
3-PA,1956,2938,1,2,0,2941,A
3-PA,1957,1,0,0,2970,2971,C
3-PA,1958,0,4,0,2941,2945,C
3-PA,1959,2937,3,4,1,2945,A
3-PA,1960,1,0,0,2974,2975,C
3-PA,1961,2939,0,1,0,2940,A
3-PA,1962,2943,0,3,0,2946,A
3-PA,1963,1,2933,0,0,2934,T
3-PA,1964,0,2943,0,0,2943,T
3-PA,1965,0,0,2933,0,2933,G
3-PA,1966,1,1,2891,0,2893,G
3-PA,1967,2893,2,1,0,2896,A
3-PA,1968,2893,1,1,0,2895,A
3-PA,1969,0,0,2863,0,2863,G
3-PA,1970,0,1,2871,0,2872,G
3-PA,1971,2873,0,0,0,2873,A
3-PA,1972,0,2863,0,2,2865,T
3-PA,1973,1,2861,0,4,2866,T
3-PA,1974,0,2869,0,2,2871,T
3-PA,1975,0,2865,0,3,2868,T
3-PA,1976,2,1,0,2866,2869,C
3-PA,1977,2864,0,3,1,2868,A
3-PA,1978,1,1,2861,0,2863,G
3-PA,1979,0,2,0,2837,2839,C
3-PA,1980,1,4,2826,0,2831,G
3-PA,1981,0,2,2834,0,2836,G
3-PA,1982,2819,0,3,0,2822,A
3-PA,1983,1,0,2860,1,2862,G
3-PA,1984,1,2855,1,3,2860,T
3-PA,1985,4,0,1,2876,2881,C
3-PA,1986,2876,0,9,0,2885,A
3-PA,1987,2884,0,7,0,2891,A
3-PA,1988,0,2,2885,0,2887,G
3-PA,1989,2879,0,3,1,2883,A
3-PA,1990,2867,0,2,1,2870,A
3-PA,1991,2861,1,1,1,2864,A
3-PA,1992,2800,0,6,0,2806,A
3-PA,1993,0,0,0,2816,2816,C
3-PA,1994,1,2750,0,1,2752,T
3-PA,1995,1,1,2764,0,2766,G
3-PA,1996,0,1,0,2758,2759,C
3-PA,1997,1,2747,0,2,2750,T
3-PA,1998,1,0,0,2758,2759,C
3-PA,1999,4,1,0,2739,2744,C
3-PA,2000,0,2765,1,2,2768,T
3-PA,2001,1,2762,0,2,2765,T
3-PA,2002,0,0,2771,0,2771,G
3-PA,2003,2,2759,0,5,2766,T
3-PA,2004,0,2735,0,1,2736,T
3-PA,2005,1,0,2758,0,2759,G
3-PA,2006,0,2750,0,1,2751,T
3-PA,2007,0,2742,0,1,2743,T
3-PA,2008,2,2,0,2739,2743,C
3-PA,2009,2688,0,4,0,2692,A
3-PA,2010,1,1,2710,0,2712,G
3-PA,2011,1,1,2707,0,2709,G
3-PA,2012,0,0,0,2743,2743,C
3-PA,2013,0,2719,0,9,2728,T
3-PA,2014,2,0,0,2795,2797,C
3-PA,2015,1,2780,1,1,2783,T
3-PA,2016,0,2786,0,0,2786,T
3-PA,2017,2787,1,2,0,2790,A
3-PA,2018,0,2,2784,0,2786,G
3-PA,2019,0,6,2744,2,2752,G
3-PA,2020,2,4,2725,1,2732,G
3-PA,2021,2667,0,1,0,2668,A
3-PA,2022,0,0,0,2670,2670,C
3-PA,2023,2527,0,1,0,2528,A
3-PA,2024,2563,0,5,0,2568,A
3-PA,2025,1,1,0,2583,2585,C
3-PA,2026,3,1,0,2570,2574,C
3-PA,2027,1,2573,0,5,2579,T
3-PA,2028,1,2,0,2563,2566,C
3-PA,2029,3,1,2563,0,2567,G
3-PA,2030,2559,0,0,0,2559,A
3-PA,2031,2573,0,3,0,2576,A
3-PA,2032,0,1,0,2585,2586,C
3-PA,2033,0,2,0,2529,2531,C
3-PA,2034,0,2467,1,0,2468,T
3-PA,2035,2,3,2462,0,2467,G
3-PA,2036,0,2,2458,1,2461,G
3-PA,2037,3,4,2459,0,2466,G
3-PA,2038,2467,0,1,0,2468,A
3-PA,2039,3,0,0,2476,2479,C
3-PA,2040,2,0,0,2459,2461,C
3-PA,2041,0,2425,0,10,2435,T
3-PA,2042,0,2428,0,3,2431,T
3-PA,2043,0,2425,0,1,2426,T
3-PA,2044,0,1,2433,0,2434,G
3-PA,2045,2449,0,0,0,2449,A
3-PA,2046,0,2447,0,2,2449,T
3-PA,2047,2,1,0,2451,2454,C
3-PA,2048,1,2390,0,1,2392,T
3-PA,2049,1,2382,0,2,2385,T
3-PA,2050,0,2,2380,0,2382,G
3-PA,2051,1,0,2381,0,2382,G
3-PA,2052,1,1,2382,0,2384,G
3-PA,2053,1,1,2386,0,2388,G
3-PA,2054,1,2,2353,0,2356,G
3-PA,2055,0,1,2357,0,2358,G
3-PA,2056,1,1,0,2350,2352,C
3-PA,2057,1,2347,0,0,2348,T
3-PA,2058,2419,0,1,0,2420,A
3-PA,2059,0,2418,0,3,2421,T
3-PA,2060,2420,0,1,0,2421,A
3-PA,2061,0,2415,0,0,2415,T
3-PA,2062,2,1,2296,0,2299,G
3-PA,2063,2292,1,4,0,2297,A
3-PA,2064,2264,0,1,0,2265,A
3-PA,2065,1,0,2275,0,2276,G
3-PA,2066,0,1,0,2303,2304,C
3-PA,2067,2195,0,0,0,2195,A
3-PA,2068,2233,0,3,0,2236,A
3-PA,2069,1,2232,0,1,2234,T
3-PA,2070,0,2236,0,0,2236,T
3-PA,2071,1,2,2230,0,2233,G
3-PA,2072,2208,0,7,0,2215,A
3-PA,2073,0,0,2216,0,2216,G
3-PA,2074,1,0,2214,0,2215,G
3-PA,2075,2099,0,1,0,2100,A
3-PA,2076,0,0,2117,0,2117,G
3-PA,2077,1,1974,1,1,1977,T
3-PA,2078,0,1,1974,0,1975,G
3-PA,2079,0,3,0,1969,1972,C
3-PA,2080,2,0,0,1967,1969,C
3-PA,2081,1,1962,0,1,1964,T
3-PA,2082,1,3,1971,1,1976,G
3-PA,2083,1975,1,0,0,1976,A
3-PA,2084,1,1980,0,1,1982,T
3-PA,2085,0,1934,0,1,1935,T
3-PA,2086,1928,0,1,0,1929,A
3-PA,2087,1923,0,0,0,1923,A
3-PA,2088,0,1914,0,0,1914,T
3-PA,2089,1,1,1908,0,1910,G
3-PA,2090,1901,0,0,0,1901,A
3-PA,2091,0,1835,0,2,1837,T
3-PA,2092,3,0,0,1835,1838,C
3-PA,2093,0,0,0,1809,1809,C
3-PA,2094,4,1,0,1807,1812,C
3-PA,2095,1,1806,0,0,1807,T
3-PA,2096,1,3,1812,0,1816,G
3-PA,2097,1,0,1814,0,1815,G
3-PA,2098,1,0,1818,0,1819,G
3-PA,2099,1,1805,0,2,1808,T
3-PA,2100,0,1727,0,0,1727,T
3-PA,2101,0,1717,0,3,1720,T
3-PA,2102,2,1718,0,0,1720,T
3-PA,2103,0,0,1729,0,1729,G
3-PA,2104,0,1,0,1724,1725,C
3-PA,2105,0,1712,0,4,1716,T
3-PA,2106,6,2,0,1710,1718,C
3-PA,2107,1667,0,0,0,1667,A
3-PA,2108,1663,0,1,0,1664,A
3-PA,2109,0,1658,0,2,1660,T
3-PA,2110,0,3,1659,0,1662,G
3-PA,2111,1,0,0,1657,1658,C
3-PA,2112,0,0,1621,0,1621,G
3-PA,2113,1,1621,0,1,1623,T
3-PA,2114,2,0,0,1621,1623,C
3-PA,2115,0,1609,0,1,1610,T
3-PA,2116,0,1608,0,1,1609,T
3-PA,2117,0,1,1590,0,1591,G
3-PA,2118,1,0,1597,0,1598,G
3-PA,2119,0,1590,0,1,1591,T
3-PA,2120,0,1577,0,0,1577,T
3-PA,2121,1,2,0,1536,1539,C
3-PA,2122,1513,0,1,0,1514,A
3-PA,2123,1520,0,1,0,1521,A
3-PA,2124,0,0,0,1519,1519,C
3-PA,2125,1,1496,0,2,1499,T
3-PA,2126,0,1,0,1500,1501,C
3-PA,2127,1,0,0,1451,1452,C
3-PA,2128,0,1443,0,2,1445,T
3-PA,2129,0,1438,0,1,1439,T
3-PA,2130,1,1,0,1438,1440,C
3-PA,2131,3,0,0,1431,1434,C
3-PA,2132,0,1409,0,5,1414,T
3-PA,2133,0,1,1408,0,1409,G
3-PA,2134,1405,0,3,0,1408,A
3-PA,2135,1,0,0,1386,1387,C
3-PA,2136,1320,0,3,0,1323,A
3-PA,2137,0,2,0,1274,1276,C
3-PA,2138,1262,0,1,0,1263,A
3-PA,2139,0,1249,0,0,1249,T
3-PA,2140,0,1,1248,0,1249,G
3-PA,2141,0,0,0,1246,1246,C
3-PA,2142,1216,0,0,0,1216,A
3-PA,2143,0,1212,0,0,1212,T
3-PA,2144,0,1197,0,2,1199,T
3-PA,2145,1193,0,0,0,1193,A
3-PA,2146,1187,0,1,0,1188,A
3-PA,2147,1184,0,2,0,1186,A
3-PA,2148,1183,0,0,0,1183,A
3-PA,2149,0,1180,0,0,1180,T
3-PA,2150,900,0,0,0,900,A
3-PA,2151,0,0,898,0,898,G
4-HA,1,522,0,0,0,522,A
4-HA,2,0,529,0,0,529,T
4-HA,3,0,0,543,0,543,G
4-HA,4,541,0,0,0,541,A
4-HA,5,548,0,1,0,549,A
4-HA,6,0,0,584,0,584,G
4-HA,7,585,0,2,0,587,A
4-HA,8,0,0,0,645,645,C
4-HA,9,0,646,1,0,647,T
4-HA,10,663,0,1,0,664,A
4-HA,11,0,678,0,2,680,T
4-HA,12,0,0,0,685,685,C
4-HA,13,682,0,2,0,684,A
4-HA,14,0,687,0,0,687,T
4-HA,15,0,686,0,0,686,T
4-HA,16,0,0,749,0,749,G
4-HA,17,0,0,0,749,749,C
4-HA,18,0,752,0,0,752,T
4-HA,19,1,751,0,0,752,T
4-HA,20,0,752,0,1,753,T
4-HA,21,1,3,803,0,807,G
4-HA,22,811,0,3,0,814,A
4-HA,23,0,1,846,0,847,G
4-HA,24,2,1,0,846,849,C
4-HA,25,0,850,0,0,850,T
4-HA,26,914,1,1,0,916,A
4-HA,27,1,0,0,924,925,C
4-HA,28,940,2,0,0,942,A
4-HA,29,0,1008,0,0,1008,T
4-HA,30,0,1003,0,1,1004,T
4-HA,31,0,0,0,1019,1019,C
4-HA,32,0,1017,0,1,1018,T
4-HA,33,1041,0,0,0,1041,A
4-HA,34,0,1047,0,1,1048,T
4-HA,35,0,0,1055,0,1055,G
4-HA,36,0,1049,0,2,1051,T
4-HA,37,1,0,0,1049,1050,C
4-HA,38,0,1044,0,3,1047,T
4-HA,39,0,1,1049,0,1050,G
4-HA,40,0,2,1049,0,1051,G
4-HA,41,0,1049,0,1,1050,T
4-HA,42,0,1049,0,1,1050,T
4-HA,43,0,1050,0,0,1050,T
4-HA,44,0,1049,0,1,1050,T
4-HA,45,2,1,0,1045,1048,C
4-HA,46,2,0,1043,0,1045,G
4-HA,47,0,0,0,1061,1061,C
4-HA,48,0,1054,0,3,1057,T
4-HA,49,1,0,0,1059,1060,C
4-HA,50,1063,0,0,0,1063,A
4-HA,51,1063,1,0,0,1064,A
4-HA,52,1065,0,0,0,1065,A
4-HA,53,1064,0,1,0,1065,A
4-HA,54,1066,0,0,0,1066,A
4-HA,55,0,0,0,1075,1075,C
4-HA,56,0,1067,0,1,1068,T
4-HA,57,0,1069,1,0,1070,T
4-HA,58,1,0,0,1068,1069,C
4-HA,59,0,0,0,1069,1069,C
4-HA,60,0,1070,0,0,1070,T
4-HA,61,0,0,1079,0,1079,G
4-HA,62,0,1,1078,0,1079,G
4-HA,63,1080,1,1,0,1082,A
4-HA,64,1097,0,0,0,1097,A
4-HA,65,1092,1,0,0,1093,A
4-HA,66,0,1103,0,1,1104,T
4-HA,67,0,2,1115,0,1117,G
4-HA,68,1117,0,2,0,1119,A
4-HA,69,0,0,0,1128,1128,C
4-HA,70,1127,0,0,0,1127,A
4-HA,71,1126,0,1,0,1127,A
4-HA,72,0,0,0,1151,1151,C
4-HA,73,1140,0,1,0,1141,A
4-HA,74,0,0,1156,0,1156,G
4-HA,75,0,0,0,1155,1155,C
4-HA,76,1155,0,2,0,1157,A
4-HA,77,0,1,0,1183,1184,C
4-HA,78,4,0,1178,0,1182,G
4-HA,79,0,0,1202,0,1202,G
4-HA,80,1,0,0,1202,1203,C
4-HA,81,1204,0,0,0,1204,A
4-HA,82,1221,0,1,0,1222,A
4-HA,83,0,1,0,1236,1237,C
4-HA,84,1,0,1251,0,1252,G
4-HA,85,2,1,0,1248,1251,C
4-HA,86,0,1242,0,3,1245,T
4-HA,87,3,0,1257,0,1260,G
4-HA,88,0,1254,0,1,1255,T
4-HA,89,1,0,1315,0,1316,G
4-HA,90,0,1,0,1322,1323,C
4-HA,91,1,0,0,1348,1349,C
4-HA,92,0,1342,0,1,1343,T
4-HA,93,0,1336,0,2,1338,T
4-HA,94,1,1,1335,0,1337,G
4-HA,95,2,2,1348,0,1352,G
4-HA,96,1,0,1355,0,1356,G
4-HA,97,0,0,0,1365,1365,C
4-HA,98,1344,0,1,0,1345,A
4-HA,99,0,1,0,1361,1362,C
4-HA,100,0,0,0,1352,1352,C
4-HA,101,1447,0,1,0,1448,A
4-HA,102,0,1451,0,0,1451,T
4-HA,103,1,1,1454,0,1456,G
4-HA,104,1,0,0,1453,1454,C
4-HA,105,1438,0,1,0,1439,A
4-HA,106,0,0,1544,0,1544,G
4-HA,107,0,1544,0,0,1544,T
4-HA,108,1552,0,2,0,1554,A
4-HA,109,0,0,0,1554,1554,C
4-HA,110,0,1,1,1513,1515,C
4-HA,111,1525,0,0,0,1525,A
4-HA,112,1524,1,0,0,1525,A
4-HA,113,1526,0,2,1,1529,A
4-HA,114,1,3,0,1528,1532,C
4-HA,115,0,1,1508,0,1509,G
4-HA,116,0,3,1531,0,1534,G
4-HA,117,1520,0,3,0,1523,A
4-HA,118,1521,0,9,0,1530,A
4-HA,119,1,1,1,1526,1529,C
4-HA,120,0,0,1522,1,1523,G
4-HA,121,1,0,1518,0,1519,G
4-HA,122,0,1578,0,0,1578,T
4-HA,123,1604,0,0,1,1605,A
4-HA,124,0,0,1605,0,1605,G
4-HA,125,1,1591,0,1,1593,T
4-HA,126,0,0,1601,0,1601,G
4-HA,127,1599,0,1,0,1600,A
4-HA,128,1605,0,0,0,1605,A
4-HA,129,1606,0,1,0,1607,A
4-HA,130,1580,0,3,0,1583,A
4-HA,131,1,1,0,1586,1588,C
4-HA,132,1590,0,0,0,1590,A
4-HA,133,1601,0,0,0,1601,A
4-HA,134,0,1595,0,0,1595,T
4-HA,135,1,0,0,1596,1597,C
4-HA,136,1598,0,2,0,1600,A
4-HA,137,1,2,0,1600,1603,C
4-HA,138,0,1,1603,0,1604,G
4-HA,139,1591,0,4,0,1595,A
4-HA,140,1598,0,1,0,1599,A
4-HA,141,0,1596,0,0,1596,T
4-HA,142,0,3,1599,0,1602,G
4-HA,143,1614,3,2,1,1620,A
4-HA,144,0,0,0,1613,1613,C
4-HA,145,1,0,2,1606,1609,C
4-HA,146,1620,0,2,0,1622,A
4-HA,147,1627,0,1,1,1629,A
4-HA,148,1630,0,1,0,1631,A
4-HA,149,0,1629,0,0,1629,T
4-HA,150,0,1633,0,1,1634,T
4-HA,151,0,3,1641,0,1644,G
4-HA,152,1630,0,2,0,1632,A
4-HA,153,1629,0,5,0,1634,A
4-HA,154,1,0,1649,0,1650,G
4-HA,155,0,1655,0,0,1655,T
4-HA,156,1,1703,0,0,1704,T
4-HA,157,1710,0,0,0,1710,A
4-HA,158,0,0,0,1719,1719,C
4-HA,159,1,1724,0,1,1726,T
4-HA,160,1720,2,0,0,1722,A
4-HA,161,1751,2,4,0,1757,A
4-HA,162,0,1752,0,0,1752,T
4-HA,163,1,0,1756,0,1757,G
4-HA,164,0,0,0,1817,1817,C
4-HA,165,0,1801,0,4,1805,T
4-HA,166,1814,1,1,0,1816,A
4-HA,167,1,0,0,1813,1814,C
4-HA,168,0,1801,0,2,1803,T
4-HA,169,0,1,1810,0,1811,G
4-HA,170,1785,0,5,0,1790,A
4-HA,171,0,1,1795,0,1796,G
4-HA,172,0,1,0,1792,1793,C
4-HA,173,0,1762,0,1,1763,T
4-HA,174,1,2,1816,0,1819,G
4-HA,175,3,0,1853,0,1856,G
4-HA,176,0,1856,0,2,1858,T
4-HA,177,0,1855,0,4,1859,T
4-HA,178,1,1,1,1851,1854,C
4-HA,179,1850,0,1,0,1851,A
4-HA,180,0,3,1862,0,1865,G
4-HA,181,1858,0,3,0,1861,A
4-HA,182,1,0,1907,0,1908,G
4-HA,183,0,1894,0,1,1895,T
4-HA,184,1,1872,0,3,1876,T
4-HA,185,0,0,0,1888,1888,C
4-HA,186,1,1,0,1887,1889,C
4-HA,187,1,1883,0,5,1889,T
4-HA,188,1,0,0,1897,1898,C
4-HA,189,1890,1,0,0,1891,A
4-HA,190,1893,0,2,1,1896,A
4-HA,191,1,0,0,1897,1898,C
4-HA,192,1872,0,2,0,1874,A
4-HA,193,1,0,1922,0,1923,G
4-HA,194,1,0,1920,0,1921,G
4-HA,195,0,1924,0,0,1924,T
4-HA,196,1,1,1919,0,1921,G
4-HA,197,1924,1,6,0,1931,A
4-HA,198,1924,0,4,0,1928,A
4-HA,199,1985,0,1,1,1987,A
4-HA,200,0,1981,0,0,1981,T
4-HA,201,1991,0,0,0,1991,A
4-HA,202,0,1963,0,1,1964,T
4-HA,203,1,0,1955,0,1956,G
4-HA,204,0,2,0,1968,1970,C
4-HA,205,1,3,1963,0,1967,G
4-HA,206,1969,0,2,0,1971,A
4-HA,207,0,0,0,1974,1974,C
4-HA,208,1940,0,0,0,1940,A
4-HA,209,1,0,2060,0,2061,G
4-HA,210,0,2044,0,3,2047,T
4-HA,211,2,0,0,2064,2066,C
4-HA,212,2,0,1,2065,2068,C
4-HA,213,1,2053,0,3,2057,T
4-HA,214,0,0,0,2101,2101,C
4-HA,215,2099,1,1,0,2101,A
4-HA,216,0,2101,0,3,2104,T
4-HA,217,3,1,0,2099,2103,C
4-HA,218,2027,0,2,0,2029,A
4-HA,219,0,3,2028,0,2031,G
4-HA,220,2016,0,1,0,2017,A
4-HA,221,1,2018,0,3,2022,T
4-HA,222,1,0,0,2019,2020,C
4-HA,223,0,1,0,2003,2004,C
4-HA,224,0,2002,0,0,2002,T
4-HA,225,0,1995,1,2,1998,T
4-HA,226,0,1,1996,0,1997,G
4-HA,227,2002,1,0,0,2003,A
4-HA,228,0,2000,0,2,2002,T
4-HA,229,0,0,2012,0,2012,G
4-HA,230,0,0,2008,0,2008,G
4-HA,231,2001,0,6,0,2007,A
4-HA,232,1995,0,4,0,1999,A
4-HA,233,2006,0,3,1,2010,A
4-HA,234,2023,0,0,0,2023,A
4-HA,235,2023,0,4,0,2027,A
4-HA,236,2025,0,2,0,2027,A
4-HA,237,0,0,0,2041,2041,C
4-HA,238,0,2019,0,0,2019,T
4-HA,239,1,0,2025,0,2026,G
4-HA,240,0,2,0,2020,2022,C
4-HA,241,2029,0,3,0,2032,A
4-HA,242,1,0,0,2098,2099,C
4-HA,243,2092,2,5,0,2099,A
4-HA,244,0,0,0,2411,2411,C
4-HA,245,0,2404,1,0,2405,T
4-HA,246,2447,0,2,0,2449,A
4-HA,247,2457,0,0,0,2457,A
4-HA,248,0,2463,0,1,2464,T
4-HA,249,2446,1,0,0,2447,A
4-HA,250,0,3,2449,0,2452,G
4-HA,251,2403,1,4,0,2408,A
4-HA,252,1,2381,0,0,2382,T
4-HA,253,0,1,2246,0,2247,G
4-HA,254,1,0,0,2251,2252,C
4-HA,255,0,2246,0,5,2251,T
4-HA,256,3,1,0,2408,2412,C
4-HA,257,0,2410,0,1,2411,T
4-HA,258,2457,0,0,1,2458,A
4-HA,259,1,2460,0,3,2464,T
4-HA,260,0,2448,0,4,2452,T
4-HA,261,1,2,2475,0,2478,G
4-HA,262,2,3,2446,0,2451,G
4-HA,263,0,6,2455,0,2461,G
4-HA,264,2432,0,6,0,2438,A
4-HA,265,0,4,2407,0,2411,G
4-HA,266,2359,2,4,0,2365,A
4-HA,267,4,1,1,2543,2549,C
4-HA,268,0,1,1,2578,2580,C
4-HA,269,1,2,0,2588,2591,C
4-HA,270,0,2572,1,5,2578,T
4-HA,271,3,0,0,2634,2637,C
4-HA,272,2630,0,2,0,2632,A
4-HA,273,3,3,2783,0,2789,G
4-HA,274,0,2782,1,5,2788,T
4-HA,275,1,13,2794,0,2808,G
4-HA,276,0,2721,2,3,2726,T
4-HA,277,4,5,2704,0,2713,G
4-HA,278,2692,14,3,0,2709,A
4-HA,279,1,2698,1,3,2703,T
4-HA,280,1,2,2676,1,2680,G
4-HA,281,2,1,2676,0,2679,G
4-HA,282,0,0,1,2649,2650,C
4-HA,283,0,2636,1,3,2640,T
4-HA,284,0,2631,0,3,2634,T
4-HA,285,3,0,0,2631,2634,C
4-HA,286,1,3,1,2629,2634,C
4-HA,287,2644,0,1,0,2645,A
4-HA,288,2649,0,0,0,2649,A
4-HA,289,2643,0,0,1,2644,A
4-HA,290,2650,0,0,1,2651,A
4-HA,291,0,2657,0,0,2657,T
4-HA,292,2644,2,3,0,2649,A
4-HA,293,2657,1,0,1,2659,A
4-HA,294,1,0,2665,0,2666,G
4-HA,295,2682,0,1,0,2683,A
4-HA,296,2692,0,0,0,2692,A
4-HA,297,2687,0,4,0,2691,A
4-HA,298,0,2694,0,2,2696,T
4-HA,299,1,4,2684,1,2690,G
4-HA,300,0,2,2676,0,2678,G
4-HA,301,2,2,2674,0,2678,G
4-HA,302,2677,1,2,1,2681,A
4-HA,303,0,0,0,2693,2693,C
4-HA,304,1,1,0,2684,2686,C
4-HA,305,0,2705,0,9,2714,T
4-HA,306,0,2717,2,0,2719,T
4-HA,307,1,2715,0,1,2717,T
4-HA,308,0,2732,0,1,2733,T
4-HA,309,0,2730,1,0,2731,T
4-HA,310,1,1,2743,0,2745,G
4-HA,311,1,2741,0,3,2745,T
4-HA,312,1,2733,0,1,2735,T
4-HA,313,2,7,2728,0,2737,G
4-HA,314,2711,1,0,0,2712,A
4-HA,315,2716,0,1,0,2717,A
4-HA,316,1,3,0,2716,2720,C
4-HA,317,0,2,2704,0,2706,G
4-HA,318,1,1,0,2744,2746,C
4-HA,319,2738,0,4,0,2742,A
4-HA,320,1,1,2750,1,2753,G
4-HA,321,1,3,0,2752,2756,C
4-HA,322,2752,0,3,0,2755,A
4-HA,323,2750,0,3,0,2753,A
4-HA,324,2755,0,2,0,2757,A
4-HA,325,1,0,2872,0,2873,G
4-HA,326,2,0,0,2867,2869,C
4-HA,327,2,2,0,2860,2864,C
4-HA,328,1,2852,0,8,2861,T
4-HA,329,2853,0,4,0,2857,A
4-HA,330,2,0,1,2886,2889,C
4-HA,331,2883,0,0,0,2883,A
4-HA,332,1,1,2885,1,2888,G
4-HA,333,2,2,0,2872,2876,C
4-HA,334,2801,1,0,1,2803,A
4-HA,335,2827,0,1,1,2829,A
4-HA,336,1,0,0,2949,2950,C
4-HA,337,0,2945,0,0,2945,T
4-HA,338,1,0,2948,0,2949,G
4-HA,339,0,2932,0,3,2935,T
4-HA,340,0,2931,0,2,2933,T
4-HA,341,2936,0,2,0,2938,A
4-HA,342,1,2,0,3160,3163,C
4-HA,343,2,1,0,3177,3180,C
4-HA,344,5,0,1,3242,3248,C
4-HA,345,0,3094,0,5,3099,T
4-HA,346,0,3099,0,3,3102,T
4-HA,347,3112,0,1,0,3113,A
4-HA,348,0,3114,0,3,3117,T
4-HA,349,1,5,3107,0,3113,G
4-HA,350,3089,1,7,1,3098,A
4-HA,351,0,2889,0,2,2891,T
4-HA,352,0,0,2913,0,2913,G
4-HA,353,0,2855,0,1,2856,T
4-HA,354,0,3,2843,0,2846,G
4-HA,355,4,1,0,2842,2847,C
4-HA,356,0,1,1,2848,2850,C
4-HA,357,1,7,2904,0,2912,G
4-HA,358,1,1,2936,0,2938,G
4-HA,359,2942,1,0,0,2943,A
4-HA,360,1,2947,0,2,2950,T
4-HA,361,0,2905,1,1,2907,T
4-HA,362,2925,0,2,1,2928,A
4-HA,363,1,2917,0,0,2918,T
4-HA,364,1,0,2923,0,2924,G
4-HA,365,0,1,0,2912,2913,C
4-HA,366,0,0,0,2906,2906,C
4-HA,367,0,2903,0,4,2907,T
4-HA,368,3,1,0,3025,3029,C
4-HA,369,3,0,0,3048,3051,C
4-HA,370,3,1,0,3054,3058,C
4-HA,371,0,3039,1,6,3046,T
4-HA,372,0,3045,1,2,3048,T
4-HA,373,3038,1,1,0,3040,A
4-HA,374,2,1,3092,0,3095,G
4-HA,375,0,1,3104,0,3105,G
4-HA,376,0,3045,1,4,3050,T
4-HA,377,3,0,0,2984,2987,C
4-HA,378,2953,0,3,0,2956,A
4-HA,379,0,1,3,3016,3020,C
4-HA,380,0,3017,0,0,3017,T
4-HA,381,3014,1,1,1,3017,A
4-HA,382,1,1,3015,0,3017,G
4-HA,383,0,2991,0,2,2993,T
4-HA,384,0,2973,0,3,2976,T
4-HA,385,0,1,3004,0,3005,G
4-HA,386,1,0,0,3003,3004,C
4-HA,387,1,1,1,2998,3001,C
4-HA,388,0,2968,0,9,2977,T
4-HA,389,2,2,0,2981,2985,C
4-HA,390,3091,0,2,0,3093,A
4-HA,391,0,3093,0,3,3096,T
4-HA,392,1,1,0,3103,3105,C
4-HA,393,1,2,1,3095,3099,C
4-HA,394,1,3,3071,0,3075,G
4-HA,395,4,1,3075,0,3080,G
4-HA,396,0,1,0,3088,3089,C
4-HA,397,3112,0,2,2,3116,A
4-HA,398,0,3,0,3132,3135,C
4-HA,399,3088,0,2,0,3090,A
4-HA,400,0,1,1,3095,3097,C
4-HA,401,0,3094,0,2,3096,T
4-HA,402,1,0,3120,0,3121,G
4-HA,403,0,4,3149,0,3153,G
4-HA,404,3134,1,4,0,3139,A
4-HA,405,0,0,3181,0,3181,G
4-HA,406,0,3146,0,1,3147,T
4-HA,407,0,3124,0,3,3127,T
4-HA,408,0,3136,0,5,3141,T
4-HA,409,3123,1,1,0,3125,A
4-HA,410,3121,0,5,2,3128,A
4-HA,411,0,1,0,3137,3138,C
4-HA,412,3091,0,2,1,3094,A
4-HA,413,3094,0,4,1,3099,A
4-HA,414,2,3064,1,3,3070,T
4-HA,415,2,1,3062,0,3065,G
4-HA,416,3064,1,5,0,3070,A
4-HA,417,3066,3,2,1,3072,A
4-HA,418,3054,0,7,1,3062,A
4-HA,419,1,0,3078,0,3079,G
4-HA,420,1,0,0,3095,3096,C
4-HA,421,0,3091,0,4,3095,T
4-HA,422,0,3092,0,3,3095,T
4-HA,423,7,1,0,3106,3114,C
4-HA,424,3102,1,0,0,3103,A
4-HA,425,3111,2,1,1,3115,A
4-HA,426,0,3108,0,1,3109,T
4-HA,427,0,3102,0,0,3102,T
4-HA,428,2,3,3118,0,3123,G
4-HA,429,0,3,3147,0,3150,G
4-HA,430,3151,0,3,0,3154,A
4-HA,431,0,4,0,3153,3157,C
4-HA,432,6,3120,0,8,3134,T
4-HA,433,1,2,3133,0,3136,G
4-HA,434,4,3,3136,1,3144,G
4-HA,435,3142,0,3,0,3145,A
4-HA,436,3060,1,8,0,3069,A
4-HA,437,0,3091,0,3,3094,T
4-HA,438,6,2,0,3098,3106,C
4-HA,439,3142,1,2,0,3145,A
4-HA,440,0,3,0,3152,3155,C
4-HA,441,0,3156,0,0,3156,T
4-HA,442,1,0,0,3152,3153,C
4-HA,443,3129,0,4,0,3133,A
4-HA,444,3155,0,1,0,3156,A
4-HA,445,3144,0,2,0,3146,A
4-HA,446,3148,0,3,0,3151,A
4-HA,447,0,0,0,3154,3154,C
4-HA,448,3,3,3121,0,3127,G
4-HA,449,1,0,3181,0,3182,G
4-HA,450,3166,2,5,0,3173,A
4-HA,451,3176,1,3,1,3181,A
4-HA,452,1,0,0,3183,3184,C
4-HA,453,3165,0,0,0,3165,A
4-HA,454,3199,1,1,1,3202,A
4-HA,455,1,1,3212,0,3214,G
4-HA,456,0,0,0,3213,3213,C
4-HA,457,1,3189,1,4,3195,T
4-HA,458,3,3,0,3211,3217,C
4-HA,459,0,3191,1,2,3194,T
4-HA,460,0,2,3205,0,3207,G
4-HA,461,0,1,0,3202,3203,C
4-HA,462,1,3199,0,3,3203,T
4-HA,463,0,3255,0,2,3257,T
4-HA,464,2,0,3321,0,3323,G
4-HA,465,0,0,1,3338,3339,C
4-HA,466,3340,0,0,1,3341,A
4-HA,467,0,3314,0,0,3314,T
4-HA,468,3300,0,3,0,3303,A
4-HA,469,3284,0,1,0,3285,A
4-HA,470,1,1,3289,0,3291,G
4-HA,471,0,2,3275,1,3278,G
4-HA,472,3163,0,2,0,3165,A
4-HA,473,1,5,3133,0,3139,G
4-HA,474,3123,0,6,0,3129,A
4-HA,475,0,3204,0,5,3209,T
4-HA,476,3,0,1,3220,3224,C
4-HA,477,0,3236,0,2,3238,T
4-HA,478,3233,0,0,1,3234,A
4-HA,479,3229,0,1,1,3231,A
4-HA,480,3196,1,1,0,3198,A
4-HA,481,3206,0,3,0,3209,A
4-HA,482,3213,0,2,1,3216,A
4-HA,483,0,0,0,3232,3232,C
4-HA,484,3122,1,1,0,3124,A
4-HA,485,0,0,3155,0,3155,G
4-HA,486,1,3122,0,2,3125,T
4-HA,487,0,3167,0,1,3168,T
4-HA,488,0,3175,2,1,3178,T
4-HA,489,4,0,0,3264,3268,C
4-HA,490,0,3256,0,4,3260,T
4-HA,491,0,3273,1,4,3278,T
4-HA,492,0,3274,1,2,3277,T
4-HA,493,3259,1,9,0,3269,A
4-HA,494,0,2,3272,0,3274,G
4-HA,495,1,3264,0,3,3268,T
4-HA,496,3244,0,1,0,3245,A
4-HA,497,1,0,3266,0,3267,G
4-HA,498,3204,1,3,0,3208,A
4-HA,499,0,3213,0,4,3217,T
4-HA,500,1,3197,0,3,3201,T
4-HA,501,0,5,3251,0,3256,G
4-HA,502,3249,1,1,0,3251,A
4-HA,503,3257,0,0,0,3257,A
4-HA,504,0,3260,0,0,3260,T
4-HA,505,1,3223,1,5,3230,T
4-HA,506,5,3,3262,0,3270,G
4-HA,507,1,0,3258,0,3259,G
4-HA,508,1,3261,0,3,3265,T
4-HA,509,4,3245,0,6,3255,T
4-HA,510,1,7,3206,0,3214,G
4-HA,511,3222,0,2,0,3224,A
4-HA,512,0,2,0,3221,3223,C
4-HA,513,2,2,0,3204,3208,C
4-HA,514,3,0,0,3250,3253,C
4-HA,515,3250,1,6,0,3257,A
4-HA,516,0,0,0,3272,3272,C
4-HA,517,0,3266,0,3,3269,T
4-HA,518,0,3266,0,2,3268,T
4-HA,519,3268,1,1,0,3270,A
4-HA,520,3250,1,1,0,3252,A
4-HA,521,3251,0,0,1,3252,A
4-HA,522,2,0,0,3175,3177,C
4-HA,523,0,3255,1,4,3260,T
4-HA,524,1,3277,0,3,3281,T
4-HA,525,5,0,0,3301,3306,C
4-HA,526,3306,0,2,0,3308,A
4-HA,527,3304,1,1,0,3306,A
4-HA,528,3306,1,2,0,3309,A
4-HA,529,0,3308,0,2,3310,T
4-HA,530,3358,0,5,0,3363,A
4-HA,531,2,1,0,3353,3356,C
4-HA,532,1,2,0,3273,3276,C
4-HA,533,5,0,0,3279,3284,C
4-HA,534,3268,0,4,0,3272,A
4-HA,535,0,0,3410,0,3410,G
4-HA,536,1,2,1,3413,3417,C
4-HA,537,3413,0,0,1,3414,A
4-HA,538,0,3404,0,2,3406,T
4-HA,539,1,3351,1,3,3356,T
4-HA,540,0,8,3440,1,3449,G
4-HA,541,3440,1,12,0,3453,A
4-HA,542,3464,0,3,0,3467,A
4-HA,543,1,3,1,3460,3465,C
4-HA,544,1,0,3353,0,3354,G
4-HA,545,0,3361,0,5,3366,T
4-HA,546,1,3,3369,0,3373,G
4-HA,547,3379,0,2,0,3381,A
4-HA,548,0,0,0,3380,3380,C
4-HA,549,0,3269,0,6,3275,T
4-HA,550,3348,0,1,0,3349,A
4-HA,551,1,3340,0,1,3342,T
4-HA,552,0,0,3360,0,3360,G
4-HA,553,2,3,0,3353,3358,C
4-HA,554,2,0,1,3310,3313,C
4-HA,555,3308,1,10,0,3319,A
4-HA,556,3313,0,4,0,3317,A
4-HA,557,3363,0,3,0,3366,A
4-HA,558,0,1,0,3375,3376,C
4-HA,559,3294,0,0,0,3294,A
4-HA,560,3297,0,1,0,3298,A
4-HA,561,0,3262,0,3,3265,T
4-HA,562,0,6,3265,0,3271,G
4-HA,563,3269,0,5,0,3274,A
4-HA,564,3260,1,4,1,3266,A
4-HA,565,0,1,0,3197,3198,C
4-HA,566,3236,0,1,0,3237,A
4-HA,567,3253,1,1,0,3255,A
4-HA,568,0,3242,0,1,3243,T
4-HA,569,0,3245,0,0,3245,T
4-HA,570,2,3245,0,2,3249,T
4-HA,571,0,3,3251,0,3254,G
4-HA,572,3247,0,6,0,3253,A
4-HA,573,0,1,0,3254,3255,C
4-HA,574,3236,1,4,0,3241,A
4-HA,575,3242,0,1,0,3243,A
4-HA,576,3297,0,0,0,3297,A
4-HA,577,1,3308,0,2,3311,T
4-HA,578,0,3297,0,1,3298,T
4-HA,579,1,0,3336,0,3337,G
4-HA,580,0,3324,0,4,3328,T
4-HA,581,3340,0,0,0,3340,A
4-HA,582,0,2,0,3429,3431,C
4-HA,583,3430,1,0,0,3431,A
4-HA,584,0,3483,0,2,3485,T
4-HA,585,0,3443,0,3,3446,T
4-HA,586,1,3435,0,2,3438,T
4-HA,587,2,1,3425,0,3428,G
4-HA,588,2,1,3408,1,3412,G
4-HA,589,0,2,3405,0,3407,G
4-HA,590,1,5,3406,0,3412,G
4-HA,591,0,1,3356,0,3357,G
4-HA,592,2,0,3433,0,3435,G
4-HA,593,1,3394,1,2,3398,T
4-HA,594,0,3409,0,8,3417,T
4-HA,595,5,1,1,3409,3416,C
4-HA,596,3421,0,6,0,3427,A
4-HA,597,1,5,0,3432,3438,C
4-HA,598,4,1,1,3428,3434,C
4-HA,599,3431,0,2,0,3433,A
4-HA,600,2,2,0,3442,3446,C
4-HA,601,0,1,0,3413,3414,C
4-HA,602,6,3,0,3390,3399,C
4-HA,603,1,3,3398,0,3402,G
4-HA,604,0,0,3481,0,3481,G
4-HA,605,1,2,3492,0,3495,G
4-HA,606,0,3475,0,2,3477,T
4-HA,607,3482,0,2,0,3484,A
4-HA,608,0,6,0,3465,3471,C
4-HA,609,2,4,3432,0,3438,G
4-HA,610,1,2,3484,0,3487,G
4-HA,611,3493,0,3,0,3496,A
4-HA,612,1,1,0,3484,3486,C
4-HA,613,3379,0,1,0,3380,A
4-HA,614,3366,0,1,0,3367,A
4-HA,615,3360,3,2,0,3365,A
4-HA,616,1,2,3431,0,3434,G
4-HA,617,3443,0,2,0,3445,A
4-HA,618,0,2,0,3432,3434,C
4-HA,619,1,0,1,3371,3373,C
4-HA,620,3386,0,0,1,3387,A
4-HA,621,3374,0,7,1,3382,A
4-HA,622,3428,2,0,1,3431,A
4-HA,623,0,3414,0,0,3414,T
4-HA,624,0,0,1,3436,3437,C
4-HA,625,0,3267,1,3,3271,T
4-HA,626,0,3258,0,4,3262,T
4-HA,627,4,1,0,3275,3280,C
4-HA,628,1,2,1,3291,3295,C
4-HA,629,1,3278,0,2,3281,T
4-HA,630,1,1,3296,0,3298,G
4-HA,631,3,3248,0,4,3255,T
4-HA,632,3276,1,1,0,3278,A
4-HA,633,3,3243,0,2,3248,T
4-HA,634,4,3,3251,0,3258,G
4-HA,635,0,0,1,3265,3266,C
4-HA,636,0,3226,2,5,3233,T
4-HA,637,5,2,0,3237,3244,C
4-HA,638,3236,1,4,1,3242,A
4-HA,639,3231,0,3,1,3235,A
4-HA,640,0,0,3251,0,3251,G
4-HA,641,3,0,0,3242,3245,C
4-HA,642,3244,0,2,0,3246,A
4-HA,643,0,3231,0,1,3232,T
4-HA,644,2,0,0,3222,3224,C
4-HA,645,3208,0,7,0,3215,A
4-HA,646,1,2,3242,0,3245,G
4-HA,647,0,2,3249,0,3251,G
4-HA,648,3247,1,0,0,3248,A
4-HA,649,3214,1,4,1,3220,A
4-HA,650,2,5,3265,0,3272,G
4-HA,651,3254,0,5,0,3259,A
4-HA,652,3297,0,3,2,3302,A
4-HA,653,0,3311,1,2,3314,T
4-HA,654,1,0,0,3317,3318,C
4-HA,655,3274,2,9,2,3287,A
4-HA,656,2,1,0,3291,3294,C
4-HA,657,3283,0,2,0,3285,A
4-HA,658,0,1,3348,0,3349,G
4-HA,659,0,3284,0,2,3286,T
4-HA,660,1,0,0,3282,3283,C
4-HA,661,0,3238,0,1,3239,T
4-HA,662,0,0,0,3315,3315,C
4-HA,663,2,3309,0,4,3315,T
4-HA,664,3335,1,4,0,3340,A
4-HA,665,0,2,0,3330,3332,C
4-HA,666,1,3,0,3328,3332,C
4-HA,667,3258,0,1,0,3259,A
4-HA,668,3262,0,1,0,3263,A
4-HA,669,3246,0,0,1,3247,A
4-HA,670,3247,0,6,0,3253,A
4-HA,671,2,1,3254,0,3257,G
4-HA,672,3181,0,1,0,3182,A
4-HA,673,3170,0,2,1,3173,A
4-HA,674,2,2,3183,0,3187,G
4-HA,675,1,2,0,3175,3178,C
4-HA,676,2,0,0,3193,3195,C
4-HA,677,3195,0,3,0,3198,A
4-HA,678,3200,4,2,0,3206,A
4-HA,679,0,1,0,3207,3208,C
4-HA,680,3198,1,2,0,3201,A
4-HA,681,3197,0,1,4,3202,A
4-HA,682,3189,0,7,1,3197,A
4-HA,683,0,1,0,3280,3281,C
4-HA,684,0,3265,0,1,3266,T
4-HA,685,0,1,3284,0,3285,G
4-HA,686,1,3264,0,4,3269,T
4-HA,687,3258,0,3,1,3262,A
4-HA,688,3271,0,0,2,3273,A
4-HA,689,0,3249,1,2,3252,T
4-HA,690,1,1,1,3277,3280,C
4-HA,691,3,2,0,3283,3288,C
4-HA,692,0,0,0,3242,3242,C
4-HA,693,2,1,3241,0,3244,G
4-HA,694,3234,1,2,1,3238,A
4-HA,695,3247,0,2,0,3249,A
4-HA,696,0,3257,0,1,3258,T
4-HA,697,3259,0,1,0,3260,A
4-HA,698,0,3247,1,2,3250,T
4-HA,699,0,0,0,3222,3222,C
4-HA,700,1,3,3204,0,3208,G
4-HA,701,0,1,3280,1,3282,G
4-HA,702,3280,1,1,1,3283,A
4-HA,703,1,3304,0,3,3308,T
4-HA,704,3,0,0,3314,3317,C
4-HA,705,0,3309,0,3,3312,T
4-HA,706,3302,0,2,0,3304,A
4-HA,707,0,9,3333,0,3342,G
4-HA,708,3343,1,7,0,3351,A
4-HA,709,1,1,0,3342,3344,C
4-HA,710,3,2,1,3243,3249,C
4-HA,711,4,1,1,3244,3250,C
4-HA,712,3234,0,4,0,3238,A
4-HA,713,1,5,3453,0,3459,G
4-HA,714,3446,0,8,0,3454,A
4-HA,715,1,0,3504,0,3505,G
4-HA,716,0,3476,0,1,3477,T
4-HA,717,3449,0,3,0,3452,A
4-HA,718,3445,0,8,1,3454,A
4-HA,719,0,0,3532,0,3532,G
4-HA,720,2,0,3561,0,3563,G
4-HA,721,3518,0,5,0,3523,A
4-HA,722,3223,0,5,1,3229,A
4-HA,723,0,3212,0,2,3214,T
4-HA,724,3217,0,1,0,3218,A
4-HA,725,0,3206,0,1,3207,T
4-HA,726,1,3,0,3232,3236,C
4-HA,727,1,3,0,3241,3245,C
4-HA,728,3,1,0,3169,3173,C
4-HA,729,0,3123,0,7,3130,T
4-HA,730,3145,0,0,0,3145,A
4-HA,731,0,0,3144,0,3144,G
4-HA,732,0,1,0,3154,3155,C
4-HA,733,3077,0,3,0,3080,A
4-HA,734,2,1,3164,0,3167,G
4-HA,735,3123,1,2,0,3126,A
4-HA,736,3133,0,1,1,3135,A
4-HA,737,0,3133,0,1,3134,T
4-HA,738,3129,0,0,0,3129,A
4-HA,739,3124,0,6,0,3130,A
4-HA,740,2,0,3128,0,3130,G
4-HA,741,0,0,0,3131,3131,C
4-HA,742,3124,0,2,0,3126,A
4-HA,743,1,3032,0,4,3037,T
4-HA,744,2,0,0,3208,3210,C
4-HA,745,0,3201,1,2,3204,T
4-HA,746,3209,1,1,0,3211,A
4-HA,747,0,3209,0,1,3210,T
4-HA,748,2,3179,0,4,3185,T
4-HA,749,1,2,3206,0,3209,G
4-HA,750,2,3,3190,0,3195,G
4-HA,751,3196,2,6,2,3206,A
4-HA,752,2,1,0,3200,3203,C
4-HA,753,3023,0,2,1,3026,A
4-HA,754,3086,0,1,0,3087,A
4-HA,755,0,3232,0,1,3233,T
4-HA,756,3245,0,5,1,3251,A
4-HA,757,0,1,3268,1,3270,G
4-HA,758,0,3253,0,1,3254,T
4-HA,759,3241,0,2,1,3244,A
4-HA,760,3244,0,1,0,3245,A
4-HA,761,3263,1,0,1,3265,A
4-HA,762,3285,0,0,0,3285,A
4-HA,763,2,0,0,3295,3297,C
4-HA,764,1,3,0,3123,3127,C
4-HA,765,5,2,3120,1,3128,G
4-HA,766,3,3,3126,0,3132,G
4-HA,767,0,1,3155,0,3156,G
4-HA,768,3149,0,7,0,3156,A
4-HA,769,0,3,3181,0,3184,G
4-HA,770,3198,0,6,1,3205,A
4-HA,771,1,0,1,3212,3214,C
4-HA,772,3208,0,1,3,3212,A
4-HA,773,0,3219,1,2,3222,T
4-HA,774,3232,0,1,0,3233,A
4-HA,775,0,0,0,3284,3284,C
4-HA,776,0,3257,0,3,3260,T
4-HA,777,2,3269,1,4,3276,T
4-HA,778,1,3278,0,8,3287,T
4-HA,779,3,3275,0,0,3278,T
4-HA,780,1,4,3292,0,3297,G
4-HA,781,3293,1,1,4,3299,A
4-HA,782,0,3287,0,4,3291,T
4-HA,783,0,3335,0,1,3336,T
4-HA,784,3311,1,0,0,3312,A
4-HA,785,3328,0,2,0,3330,A
4-HA,786,1,0,0,3360,3361,C
4-HA,787,3342,1,3,1,3347,A
4-HA,788,3,3,3438,0,3444,G
4-HA,789,1,4,0,3406,3411,C
4-HA,790,3422,0,3,0,3425,A
4-HA,791,0,1,0,3445,3446,C
4-HA,792,3410,1,3,1,3415,A
4-HA,793,1,3,3458,0,3462,G
4-HA,794,0,0,3458,0,3458,G
4-HA,795,1,1,3545,0,3547,G
4-HA,796,3531,0,2,0,3533,A
4-HA,797,3542,0,2,0,3544,A
4-HA,798,0,3554,0,2,3556,T
4-HA,799,4,1,0,3550,3555,C
4-HA,800,0,3581,0,0,3581,T
4-HA,801,3588,0,0,0,3588,A
4-HA,802,3571,0,1,0,3572,A
4-HA,803,1,3563,0,3,3567,T
4-HA,804,0,3480,0,1,3481,T
4-HA,805,2,1,3504,0,3507,G
4-HA,806,1,0,1,3572,3574,C
4-HA,807,1,3650,0,9,3660,T
4-HA,808,4,0,0,3734,3738,C
4-HA,809,2,3,0,3729,3734,C
4-HA,810,2,3725,0,5,3732,T
4-HA,811,3735,0,1,0,3736,A
4-HA,812,0,2,3734,0,3736,G
4-HA,813,1,4,3763,0,3768,G
4-HA,814,1,4,3764,0,3769,G
4-HA,815,2,2,3736,0,3740,G
4-HA,816,0,3640,12,4,3656,T
4-HA,817,0,3613,0,1,3614,T
4-HA,818,3619,0,2,0,3621,A
4-HA,819,3,0,0,3654,3657,C
4-HA,820,0,3652,0,6,3658,T
4-HA,821,0,3673,0,1,3674,T
4-HA,822,3,1,0,3651,3655,C
4-HA,823,3621,0,1,2,3624,A
4-HA,824,3611,1,4,0,3616,A
4-HA,825,3626,0,2,0,3628,A
4-HA,826,3648,2,0,0,3650,A
4-HA,827,0,3649,0,2,3651,T
4-HA,828,3622,0,1,0,3623,A
4-HA,829,1,0,1,3619,3621,C
4-HA,830,1,2,3603,0,3606,G
4-HA,831,3610,1,2,1,3614,A
4-HA,832,3597,0,3,1,3601,A
4-HA,833,0,2,3632,0,3634,G
4-HA,834,1,3630,0,1,3632,T
4-HA,835,0,1,3632,1,3634,G
4-HA,836,2,2,3638,0,3642,G
4-HA,837,2,6,3643,1,3652,G
4-HA,838,3643,0,4,0,3647,A
4-HA,839,3642,1,2,0,3645,A
4-HA,840,3636,0,3,1,3640,A
4-HA,841,3636,0,4,0,3640,A
4-HA,842,2,2,3699,0,3703,G
4-HA,843,0,2,0,3685,3687,C
4-HA,844,0,3652,0,7,3659,T
4-HA,845,5,2,0,3689,3696,C
4-HA,846,3699,1,1,1,3702,A
4-HA,847,3722,1,4,0,3727,A
4-HA,848,1,3718,0,0,3719,T
4-HA,849,3741,1,3,0,3745,A
4-HA,850,3732,1,0,2,3735,A
4-HA,851,1,3662,0,4,3667,T
4-HA,852,0,3,3673,0,3676,G
4-HA,853,3643,0,3,0,3646,A
4-HA,854,0,3,3737,0,3740,G
4-HA,855,3737,1,7,0,3745,A
4-HA,856,0,3717,0,4,3721,T
4-HA,857,1,1,1,3785,3788,C
4-HA,858,3751,1,4,1,3757,A
4-HA,859,2,5,3790,0,3797,G
4-HA,860,3785,0,5,3,3793,A
4-HA,861,1,3780,0,2,3783,T
4-HA,862,2,0,3775,0,3777,G
4-HA,863,3,2,0,3698,3703,C
4-HA,864,3702,0,7,0,3709,A
4-HA,865,2,1,0,3773,3776,C
4-HA,866,2,2,0,3717,3721,C
4-HA,867,6,0,0,3731,3737,C
4-HA,868,3681,0,1,0,3682,A
4-HA,869,0,3662,0,5,3667,T
4-HA,870,0,3655,0,7,3662,T
4-HA,871,2,4,3711,0,3717,G
4-HA,872,2,0,3711,0,3713,G
4-HA,873,0,1,0,3719,3720,C
4-HA,874,3650,1,1,0,3652,A
4-HA,875,3643,0,2,0,3645,A
4-HA,876,3715,0,2,1,3718,A
4-HA,877,2,3723,0,1,3726,T
4-HA,878,1,1,3728,0,3730,G
4-HA,879,0,2,0,3727,3729,C
4-HA,880,3689,1,2,0,3692,A
4-HA,881,3692,0,78,0,3770,A
4-HA,882,0,3759,0,5,3764,T
4-HA,883,0,3780,0,2,3782,T
4-HA,884,3,2,0,3784,3789,C
4-HA,885,0,3682,0,5,3687,T
4-HA,886,2,3,3732,0,3737,G
4-HA,887,3718,2,5,0,3725,A
4-HA,888,3738,0,1,0,3739,A
4-HA,889,0,3742,0,1,3743,T
4-HA,890,1,2,3665,0,3668,G
4-HA,891,0,2,1,3664,3667,C
4-HA,892,3662,0,1,0,3663,A
4-HA,893,2,3652,0,2,3656,T
4-HA,894,3,0,0,3651,3654,C
4-HA,895,3643,1,4,0,3648,A
4-HA,896,0,2,0,3768,3770,C
4-HA,897,0,3746,0,4,3750,T
4-HA,898,4,0,0,3753,3757,C
4-HA,899,2,3,0,3742,3747,C
4-HA,900,3761,2,3,1,3767,A
4-HA,901,3761,0,1,1,3763,A
4-HA,902,3755,2,5,0,3762,A
4-HA,903,0,3591,3,1,3595,T
4-HA,904,0,3,3612,0,3615,G
4-HA,905,0,0,3628,0,3628,G
4-HA,906,3630,0,7,0,3637,A
4-HA,907,3614,0,9,0,3623,A
4-HA,908,0,0,3641,0,3641,G
4-HA,909,1,3,0,3606,3610,C
4-HA,910,3602,1,2,0,3605,A
4-HA,911,1,3612,0,1,3614,T
4-HA,912,0,3492,0,113,3605,T
4-HA,913,5,1,1,3693,3700,C
4-HA,914,1,1,0,3688,3690,C
4-HA,915,5,2,1,3692,3700,C
4-HA,916,3702,0,1,0,3703,A
4-HA,917,3722,1,1,11,3735,A
4-HA,918,1,3779,0,0,3780,T
4-HA,919,1,5,3766,0,3772,G
4-HA,920,3751,3,7,0,3761,A
4-HA,921,0,0,0,3762,3762,C
4-HA,922,3644,0,0,0,3644,A
4-HA,923,3652,1,2,0,3655,A
4-HA,924,3652,0,4,0,3656,A
4-HA,925,3,1,0,3673,3677,C
4-HA,926,5,1,0,3626,3632,C
4-HA,927,3591,2,5,0,3598,A
4-HA,928,2,3589,0,0,3591,T
4-HA,929,3,3580,1,5,3589,T
4-HA,930,1,0,0,3601,3602,C
4-HA,931,1,1,0,3599,3601,C
4-HA,932,3598,0,0,1,3599,A
4-HA,933,3592,1,1,1,3595,A
4-HA,934,3573,0,0,0,3573,A
4-HA,935,3613,0,2,0,3615,A
4-HA,936,0,3599,0,0,3599,T
4-HA,937,5,0,3603,0,3608,G
4-HA,938,0,3599,2,0,3601,T
4-HA,939,3614,1,4,0,3619,A
4-HA,940,3607,1,4,1,3613,A
4-HA,941,3610,1,5,0,3616,A
4-HA,942,0,1,0,3628,3629,C
4-HA,943,3561,0,5,1,3567,A
4-HA,944,0,0,3604,0,3604,G
4-HA,945,1,2,3601,0,3604,G
4-HA,946,3638,1,7,1,3647,A
4-HA,947,0,3640,1,3,3644,T
4-HA,948,3,2,1,3642,3648,C
4-HA,949,3654,0,9,0,3663,A
4-HA,950,1,1,0,3757,3759,C
4-HA,951,3745,2,0,0,3747,A
4-HA,952,0,3844,1,3,3848,T
4-HA,953,3742,1,2,0,3745,A
4-HA,954,0,8,0,3692,3700,C
4-HA,955,1,4,3592,0,3597,G
4-HA,956,1,4,3609,0,3614,G
4-HA,957,3,4,3594,0,3601,G
4-HA,958,3,0,3620,2,3625,G
4-HA,959,0,0,0,3515,3515,C
4-HA,960,3,0,0,3507,3510,C
4-HA,961,1,3422,0,5,3428,T
4-HA,962,0,3,3676,0,3679,G
4-HA,963,0,3678,0,3,3681,T
4-HA,964,6,0,0,3691,3697,C
4-HA,965,3,1,0,3687,3691,C
4-HA,966,4,3,0,3667,3674,C
4-HA,967,3657,1,3,0,3661,A
4-HA,968,5,5,3671,0,3681,G
4-HA,969,3673,0,1,2,3676,A
4-HA,970,0,3662,0,0,3662,T
4-HA,971,3350,1,2,0,3353,A
4-HA,972,2,3289,0,16,3307,T
4-HA,973,2,0,3313,0,3315,G
4-HA,974,1,3292,1,2,3296,T
4-HA,975,0,3246,0,3,3249,T
4-HA,976,3261,1,6,0,3268,A
4-HA,977,3211,0,4,0,3215,A
4-HA,978,2,9,3226,1,3238,G
4-HA,979,3,1,0,3224,3228,C
4-HA,980,3155,1,1,0,3157,A
4-HA,981,3154,0,3,1,3158,A
4-HA,982,3133,1,3,0,3137,A
4-HA,983,3146,0,4,0,3150,A
4-HA,984,0,0,0,3151,3151,C
4-HA,985,3108,1,1,0,3110,A
4-HA,986,0,0,0,3133,3133,C
4-HA,987,1,3051,2,8,3062,T
4-HA,988,5,1,0,3078,3084,C
4-HA,989,0,3073,1,4,3078,T
4-HA,990,1,1,3106,0,3108,G
4-HA,991,3105,0,0,0,3105,A
4-HA,992,3095,1,2,0,3098,A
4-HA,993,3095,0,4,0,3099,A
4-HA,994,0,3065,0,4,3069,T
4-HA,995,0,3020,0,0,3020,T
4-HA,996,1,3,3051,0,3055,G
4-HA,997,5,3,3033,0,3041,G
4-HA,998,0,3,0,3029,3032,C
4-HA,999,3013,0,4,0,3017,A
4-HA,1000,3017,0,2,0,3019,A
4-HA,1001,0,1,0,3022,3023,C
4-HA,1002,3015,2,2,0,3019,A
4-HA,1003,0,2,3047,0,3049,G
4-HA,1004,1,3,3036,0,3040,G
4-HA,1005,0,2,3018,0,3020,G
4-HA,1006,3018,0,0,0,3018,A
4-HA,1007,1,2993,0,3,2997,T
4-HA,1008,2,1,3007,0,3010,G
4-HA,1009,0,4,1,2994,2999,C
4-HA,1010,2,1,3004,0,3007,G
4-HA,1011,3035,1,1,0,3037,A
4-HA,1012,2975,0,1,0,2976,A
4-HA,1013,2996,0,4,0,3000,A
4-HA,1014,1,2945,0,1,2947,T
4-HA,1015,0,2,3000,0,3002,G
4-HA,1016,1,2988,1,6,2996,T
4-HA,1017,2987,0,4,0,2991,A
4-HA,1018,1,5,1,2977,2984,C
4-HA,1019,2,0,0,2967,2969,C
4-HA,1020,2908,0,2,0,2910,A
4-HA,1021,0,3,2910,0,2913,G
4-HA,1022,2869,1,3,0,2873,A
4-HA,1023,1,0,2911,0,2912,G
4-HA,1024,2835,0,2,0,2837,A
4-HA,1025,2817,0,5,0,2822,A
4-HA,1026,2831,0,2,0,2833,A
4-HA,1027,0,0,0,2827,2827,C
4-HA,1028,2827,1,1,0,2829,A
4-HA,1029,2852,1,1,0,2854,A
4-HA,1030,2838,0,4,0,2842,A
4-HA,1031,1,0,0,2863,2864,C
4-HA,1032,1,2836,0,0,2837,T
4-HA,1033,2792,0,1,0,2793,A
4-HA,1034,0,0,2793,0,2793,G
4-HA,1035,2768,1,4,1,2774,A
4-HA,1036,0,0,2815,0,2815,G
4-HA,1037,2,1,2802,0,2805,G
4-HA,1038,2,4,0,2743,2749,C
4-HA,1039,2742,0,2,1,2745,A
4-HA,1040,1,2735,0,1,2737,T
4-HA,1041,2755,0,1,0,2756,A
4-HA,1042,1,2741,0,1,2743,T
4-HA,1043,0,2744,0,1,2745,T
4-HA,1044,0,2733,1,2,2736,T
4-HA,1045,3,3,2623,0,2629,G
4-HA,1046,0,3,2631,0,2634,G
4-HA,1047,0,1,1,2613,2615,C
4-HA,1048,1,1,2613,0,2615,G
4-HA,1049,2,0,0,2593,2595,C
4-HA,1050,2581,0,1,1,2583,A
4-HA,1051,2594,0,1,0,2595,A
4-HA,1052,0,2586,0,0,2586,T
4-HA,1053,7,1,0,2591,2599,C
4-HA,1054,0,2,2594,0,2596,G
4-HA,1055,2,2,0,2575,2579,C
4-HA,1056,1,1,2584,1,2587,G
4-HA,1057,0,1,2603,0,2604,G
4-HA,1058,1,2,2609,0,2612,G
4-HA,1059,0,2602,1,2,2605,T
4-HA,1060,1,2566,0,2,2569,T
4-HA,1061,0,2563,0,9,2572,T
4-HA,1062,0,0,1,2580,2581,C
4-HA,1063,2578,0,1,1,2580,A
4-HA,1064,1,2582,0,1,2584,T
4-HA,1065,2576,0,3,0,2579,A
4-HA,1066,1,2,2605,0,2608,G
4-HA,1067,2519,0,0,0,2519,A
4-HA,1068,2521,0,2,0,2523,A
4-HA,1069,2523,0,0,0,2523,A
4-HA,1070,2522,0,2,0,2524,A
4-HA,1071,2,2518,0,1,2521,T
4-HA,1072,0,4,2522,0,2526,G
4-HA,1073,0,0,2537,0,2537,G
4-HA,1074,0,2503,1,4,2508,T
4-HA,1075,1,2437,0,0,2438,T
4-HA,1076,2,1,2443,0,2446,G
4-HA,1077,0,3,2429,0,2432,G
4-HA,1078,2,2,2433,0,2437,G
4-HA,1079,2405,2,2,0,2409,A
4-HA,1080,2288,0,67,1,2356,A
4-HA,1081,2,2,2366,0,2370,G
4-HA,1082,0,2,2398,0,2400,G
4-HA,1083,2389,0,9,0,2398,A
4-HA,1084,2404,1,3,0,2408,A
4-HA,1085,0,2390,1,0,2391,T
4-HA,1086,3,1,2378,0,2382,G
4-HA,1087,1,0,2416,0,2417,G
4-HA,1088,1,2391,0,0,2392,T
4-HA,1089,2,1,2393,0,2396,G
4-HA,1090,2,3,2366,3,2374,G
4-HA,1091,2323,0,7,0,2330,A
4-HA,1092,0,2336,0,2,2338,T
4-HA,1093,0,2,2381,0,2383,G
4-HA,1094,0,1,2405,0,2406,G
4-HA,1095,0,2358,0,0,2358,T
4-HA,1096,1,2331,0,2,2334,T
4-HA,1097,1,0,2337,1,2339,G
4-HA,1098,2,0,2379,0,2381,G
4-HA,1099,0,2375,0,1,2376,T
4-HA,1100,2373,1,0,0,2374,A
4-HA,1101,1,2,0,2266,2269,C
4-HA,1102,0,1,2289,0,2290,G
4-HA,1103,1,1,2353,0,2355,G
4-HA,1104,0,2345,0,8,2353,T
4-HA,1105,1,2349,0,0,2350,T
4-HA,1106,1,2352,0,1,2354,T
4-HA,1107,2,1,0,2322,2325,C
4-HA,1108,2323,0,4,0,2327,A
4-HA,1109,1,2,2319,0,2322,G
4-HA,1110,0,0,2314,0,2314,G
4-HA,1111,0,0,0,2312,2312,C
4-HA,1112,2231,0,0,0,2231,A
4-HA,1113,1,2246,0,7,2254,T
4-HA,1114,2,0,0,2253,2255,C
4-HA,1115,2269,0,1,0,2270,A
4-HA,1116,2267,0,1,0,2268,A
4-HA,1117,2260,0,1,0,2261,A
4-HA,1118,2270,0,0,0,2270,A
4-HA,1119,0,2267,0,1,2268,T
4-HA,1120,0,2263,0,0,2263,T
4-HA,1121,0,1,0,2274,2275,C
4-HA,1122,0,2250,0,2,2252,T
4-HA,1123,0,2,2251,0,2253,G
4-HA,1124,2251,1,4,0,2256,A
4-HA,1125,0,1,2268,0,2269,G
4-HA,1126,2,2,2263,0,2267,G
4-HA,1127,1,1,2287,0,2289,G
4-HA,1128,2290,0,1,0,2291,A
4-HA,1129,2276,0,2,0,2278,A
4-HA,1130,0,0,2266,0,2266,G
4-HA,1131,2285,2,7,0,2294,A
4-HA,1132,2,2,2300,0,2304,G
4-HA,1133,1,3,2309,0,2313,G
4-HA,1134,2302,2,2,0,2306,A
4-HA,1135,0,0,0,2300,2300,C
4-HA,1136,2284,0,1,1,2286,A
4-HA,1137,2283,1,0,0,2284,A
4-HA,1138,0,0,2284,0,2284,G
4-HA,1139,1,0,0,2286,2287,C
4-HA,1140,2253,0,2,0,2255,A
4-HA,1141,1,0,2257,0,2258,G
4-HA,1142,0,0,0,2251,2251,C
4-HA,1143,2248,0,1,1,2250,A
4-HA,1144,0,3,2268,0,2271,G
4-HA,1145,2259,0,4,0,2263,A
4-HA,1146,0,2292,0,2,2294,T
4-HA,1147,1,0,0,2312,2313,C
4-HA,1148,1,2298,0,7,2306,T
4-HA,1149,3,1,0,2325,2329,C
4-HA,1150,2323,0,0,0,2323,A
4-HA,1151,2313,1,1,2,2317,A
4-HA,1152,2317,0,1,0,2318,A
4-HA,1153,2287,1,6,0,2294,A
4-HA,1154,0,0,2300,0,2300,G
4-HA,1155,1,0,0,2258,2259,C
4-HA,1156,2250,0,0,0,2250,A
4-HA,1157,0,0,0,2279,2279,C
4-HA,1158,0,2256,0,7,2263,T
4-HA,1159,2,0,0,2263,2265,C
4-HA,1160,2266,0,0,0,2266,A
4-HA,1161,2330,0,3,0,2333,A
4-HA,1162,0,1,2334,0,2335,G
4-HA,1163,0,0,0,2332,2332,C
4-HA,1164,2318,0,2,0,2320,A
4-HA,1165,0,0,2318,0,2318,G
4-HA,1166,1,2267,0,2,2270,T
4-HA,1167,2312,0,1,0,2313,A
4-HA,1168,2301,0,5,0,2306,A
4-HA,1169,2,2306,0,1,2309,T
4-HA,1170,2,1,0,2228,2231,C
4-HA,1171,1,1,2234,0,2236,G
4-HA,1172,2234,0,0,0,2234,A
4-HA,1173,1,2207,0,4,2212,T
4-HA,1174,2,0,0,2179,2181,C
4-HA,1175,2177,1,0,1,2179,A
4-HA,1176,2225,0,2,0,2227,A
4-HA,1177,2230,0,0,1,2231,A
4-HA,1178,1,2224,0,4,2229,T
4-HA,1179,2,0,0,2232,2234,C
4-HA,1180,2204,0,1,0,2205,A
4-HA,1181,2218,0,3,0,2221,A
4-HA,1182,0,2217,0,0,2217,T
4-HA,1183,3,1,2219,0,2223,G
4-HA,1184,1,3,2212,0,2216,G
4-HA,1185,1,0,2176,0,2177,G
4-HA,1186,2187,2,0,0,2189,A
4-HA,1187,2182,0,3,0,2185,A
4-HA,1188,1,0,2222,1,2224,G
4-HA,1189,1,1,0,2221,2223,C
4-HA,1190,0,2195,0,3,2198,T
4-HA,1191,2,5,2263,1,2271,G
4-HA,1192,2267,0,5,0,2272,A
4-HA,1193,2273,0,5,0,2278,A
4-HA,1194,0,2277,0,1,2278,T
4-HA,1195,2243,1,2,0,2246,A
4-HA,1196,1,1,2241,0,2243,G
4-HA,1197,2095,0,7,0,2102,A
4-HA,1198,0,2102,1,0,2103,T
4-HA,1199,1,2114,0,1,2116,T
4-HA,1200,0,2,2126,0,2128,G
4-HA,1201,2117,0,0,0,2117,A
4-HA,1202,0,2112,0,1,2113,T
4-HA,1203,4,1,0,2125,2130,C
4-HA,1204,0,2,2109,0,2111,G
4-HA,1205,0,2,2117,0,2119,G
4-HA,1206,0,0,2129,0,2129,G
4-HA,1207,2115,0,1,0,2116,A
4-HA,1208,2118,0,5,0,2123,A
4-HA,1209,2106,0,4,0,2110,A
4-HA,1210,2122,2,2,1,2127,A
4-HA,1211,0,0,0,2124,2124,C
4-HA,1212,3,1,0,2123,2127,C
4-HA,1213,2106,0,1,0,2107,A
4-HA,1214,2107,0,1,0,2108,A
4-HA,1215,0,2,0,2113,2115,C
4-HA,1216,1,1,2115,0,2117,G
4-HA,1217,2116,0,2,0,2118,A
4-HA,1218,0,0,2118,0,2118,G
4-HA,1219,2113,0,1,0,2114,A
4-HA,1220,2107,0,4,0,2111,A
4-HA,1221,2104,3,2,0,2109,A
4-HA,1222,1,2107,0,4,2112,T
4-HA,1223,0,2096,0,3,2099,T
4-HA,1224,0,1,1,2103,2105,C
4-HA,1225,0,0,0,2099,2099,C
4-HA,1226,2101,0,1,0,2102,A
4-HA,1227,1,2094,0,3,2098,T
4-HA,1228,2,2,0,2095,2099,C
4-HA,1229,2079,0,0,0,2079,A
4-HA,1230,0,0,2089,0,2089,G
4-HA,1231,2070,1,1,1,2073,A
4-HA,1232,0,2074,0,1,2075,T
4-HA,1233,0,2062,0,0,2062,T
4-HA,1234,0,2,2084,0,2086,G
4-HA,1235,2084,0,0,0,2084,A
4-HA,1236,2084,0,1,0,2085,A
4-HA,1237,2087,0,2,0,2089,A
4-HA,1238,2088,0,0,0,2088,A
4-HA,1239,2060,0,4,1,2065,A
4-HA,1240,0,2,2069,0,2071,G
4-HA,1241,2060,0,5,0,2065,A
4-HA,1242,2073,0,0,0,2073,A
4-HA,1243,0,2048,0,0,2048,T
4-HA,1244,0,2051,1,3,2055,T
4-HA,1245,2,0,0,2054,2056,C
4-HA,1246,2,2051,0,3,2056,T
4-HA,1247,1,0,0,2054,2055,C
4-HA,1248,2054,0,3,0,2057,A
4-HA,1249,0,0,2056,0,2056,G
4-HA,1250,2054,0,0,0,2054,A
4-HA,1251,2039,0,2,1,2042,A
4-HA,1252,0,0,2062,0,2062,G
4-HA,1253,0,2054,0,2,2056,T
4-HA,1254,3,2,0,2044,2049,C
4-HA,1255,2,0,2048,0,2050,G
4-HA,1256,2047,0,4,0,2051,A
4-HA,1257,2043,1,8,0,2052,A
4-HA,1258,0,3,2050,0,2053,G
4-HA,1259,0,3,2060,0,2063,G
4-HA,1260,2,2,2060,0,2064,G
4-HA,1261,2020,2,9,0,2031,A
4-HA,1262,2,1,2043,0,2046,G
4-HA,1263,2035,0,3,0,2038,A
4-HA,1264,2144,0,3,0,2147,A
4-HA,1265,1,2145,0,1,2147,T
4-HA,1266,0,2142,0,3,2145,T
4-HA,1267,5,0,1,2138,2144,C
4-HA,1268,2104,1,5,1,2111,A
4-HA,1269,3,1,2107,1,2112,G
4-HA,1270,0,1,2109,0,2110,G
4-HA,1271,2093,0,5,0,2098,A
4-HA,1272,0,1,0,2095,2096,C
4-HA,1273,1,1,1,1912,1915,C
4-HA,1274,1,1905,0,1,1907,T
4-HA,1275,0,1865,0,48,1913,T
4-HA,1276,0,1,1928,0,1929,G
4-HA,1277,1920,1,6,0,1927,A
4-HA,1278,0,1,1958,0,1959,G
4-HA,1279,1932,0,1,0,1933,A
4-HA,1280,1700,0,0,0,1700,A
4-HA,1281,1682,0,1,0,1683,A
4-HA,1282,0,1666,1,1,1668,T
4-HA,1283,1711,0,2,0,1713,A
4-HA,1284,1,1704,0,0,1705,T
4-HA,1285,0,0,1712,0,1712,G
4-HA,1286,0,1704,0,4,1708,T
4-HA,1287,0,1638,2,3,1643,T
4-HA,1288,0,3,1643,0,1646,G
4-HA,1289,1624,0,2,0,1626,A
4-HA,1290,1,0,1631,0,1632,G
4-HA,1291,1,0,1624,0,1625,G
4-HA,1292,1606,0,5,0,1611,A
4-HA,1293,0,0,0,1666,1666,C
4-HA,1294,1645,0,2,1,1648,A
4-HA,1295,0,0,0,1646,1646,C
4-HA,1296,0,1630,0,1,1631,T
4-HA,1297,1739,0,1,0,1740,A
4-HA,1298,1759,1,3,0,1763,A
4-HA,1299,1758,0,4,0,1762,A
4-HA,1300,1771,1,5,0,1777,A
4-HA,1301,0,1774,0,0,1774,T
4-HA,1302,1688,0,1,0,1689,A
4-HA,1303,0,4,1690,0,1694,G
4-HA,1304,1633,0,2,0,1635,A
4-HA,1305,0,1646,0,1,1647,T
4-HA,1306,1,0,0,1638,1639,C
4-HA,1307,0,1612,0,1,1613,T
4-HA,1308,1,0,0,1650,1651,C
4-HA,1309,0,1644,0,6,1650,T
4-HA,1310,0,1,1675,0,1676,G
4-HA,1311,0,0,1703,0,1703,G
4-HA,1312,0,1692,0,4,1696,T
4-HA,1313,1,0,1,1708,1710,C
4-HA,1314,1704,0,5,0,1709,A
4-HA,1315,0,1709,0,7,1716,T
4-HA,1316,1719,0,1,0,1720,A
4-HA,1317,0,1,0,1714,1715,C
4-HA,1318,1676,0,0,0,1676,A
4-HA,1319,1679,0,2,0,1681,A
4-HA,1320,0,1,0,1651,1652,C
4-HA,1321,1,2,1654,0,1657,G
4-HA,1322,0,1,0,1648,1649,C
4-HA,1323,0,1,1642,0,1643,G
4-HA,1324,0,0,1652,0,1652,G
4-HA,1325,1646,0,3,0,1649,A
4-HA,1326,2,0,1676,0,1678,G
4-HA,1327,0,0,0,1674,1674,C
4-HA,1328,1,1662,0,1,1664,T
4-HA,1329,0,1674,0,4,1678,T
4-HA,1330,2,0,0,1674,1676,C
4-HA,1331,0,1681,0,0,1681,T
4-HA,1332,0,1686,0,0,1686,T
4-HA,1333,0,0,1680,0,1680,G
4-HA,1334,0,1673,0,5,1678,T
4-HA,1335,0,1648,0,1,1649,T
4-HA,1336,0,0,1672,1,1673,G
4-HA,1337,0,2,0,1667,1669,C
4-HA,1338,1,0,0,1655,1656,C
4-HA,1339,0,3,1,1673,1677,C
4-HA,1340,1,1673,0,2,1676,T
4-HA,1341,2,1,1704,0,1707,G
4-HA,1342,0,2,1707,1,1710,G
4-HA,1343,1703,1,2,0,1706,A
4-HA,1344,1,5,1706,0,1712,G
4-HA,1345,1681,1,1,0,1683,A
4-HA,1346,1678,1,6,0,1685,A
4-HA,1347,1,1,0,1702,1704,C
4-HA,1348,0,1,0,1709,1710,C
4-HA,1349,1710,1,0,0,1711,A
4-HA,1350,1763,0,1,0,1764,A
4-HA,1351,0,3,0,1770,1773,C
4-HA,1352,1774,1,3,1,1779,A
4-HA,1353,0,1776,0,3,1779,T
4-HA,1354,1767,0,2,0,1769,A
4-HA,1355,0,2,0,1792,1794,C
4-HA,1356,1766,0,0,1,1767,A
4-HA,1357,1763,0,4,0,1767,A
4-HA,1358,0,1762,0,4,1766,T
4-HA,1359,0,1705,0,0,1705,T
4-HA,1360,1,3,1726,0,1730,G
4-HA,1361,1732,1,1,0,1734,A
4-HA,1362,1,1725,0,3,1729,T
4-HA,1363,2,0,0,1733,1735,C
4-HA,1364,2,1683,0,4,1689,T
4-HA,1365,1704,0,0,0,1704,A
4-HA,1366,1705,0,2,0,1707,A
4-HA,1367,0,0,0,1709,1709,C
4-HA,1368,0,1689,0,4,1693,T
4-HA,1369,2,4,1673,0,1679,G
4-HA,1370,1692,0,4,0,1696,A
4-HA,1371,0,0,0,1700,1700,C
4-HA,1372,1,1691,0,4,1696,T
4-HA,1373,4,0,0,1697,1701,C
4-HA,1374,1690,0,4,0,1694,A
4-HA,1375,1,0,1733,0,1734,G
4-HA,1376,1731,2,0,1,1734,A
4-HA,1377,1732,0,1,0,1733,A
4-HA,1378,1725,0,3,0,1728,A
4-HA,1379,1,1713,0,3,1717,T
4-HA,1380,1,6,1728,1,1736,G
4-HA,1381,1730,1,5,0,1736,A
4-HA,1382,1732,0,6,0,1738,A
4-HA,1383,0,0,0,1740,1740,C
4-HA,1384,1706,0,0,0,1706,A
4-HA,1385,1705,0,2,0,1707,A
4-HA,1386,1709,0,0,0,1709,A
4-HA,1387,0,0,0,1716,1716,C
4-HA,1388,1,1698,0,0,1699,T
4-HA,1389,2,0,1708,0,1710,G
4-HA,1390,0,1690,1,2,1693,T
4-HA,1391,0,1688,1,2,1691,T
4-HA,1392,0,1691,0,0,1691,T
4-HA,1393,0,3,1694,0,1697,G
4-HA,1394,1689,0,3,0,1692,A
4-HA,1395,1695,0,0,0,1695,A
4-HA,1396,1688,0,2,0,1690,A
4-HA,1397,1692,0,1,0,1693,A
4-HA,1398,1679,0,4,0,1683,A
4-HA,1399,1683,2,2,0,1687,A
4-HA,1400,0,1,0,1694,1695,C
4-HA,1401,1694,0,0,0,1694,A
4-HA,1402,1693,0,2,1,1696,A
4-HA,1403,1693,1,3,0,1697,A
4-HA,1404,0,1,1696,0,1697,G
4-HA,1405,1697,0,1,1,1699,A
4-HA,1406,1697,0,2,0,1699,A
4-HA,1407,0,0,1697,0,1697,G
4-HA,1408,0,0,0,1691,1691,C
4-HA,1409,1699,0,1,0,1700,A
4-HA,1410,1707,0,1,1,1709,A
4-HA,1411,0,0,0,1704,1704,C
4-HA,1412,0,1693,0,1,1694,T
4-HA,1413,2,0,1705,0,1707,G
4-HA,1414,1693,1,0,0,1694,A
4-HA,1415,2,2,1695,0,1699,G
4-HA,1416,0,3,1711,0,1714,G
4-HA,1417,1,2,1707,1,1711,G
4-HA,1418,1714,1,1,0,1716,A
4-HA,1419,1703,0,1,0,1704,A
4-HA,1420,1696,0,5,0,1701,A
4-HA,1421,1718,0,2,0,1720,A
4-HA,1422,0,1716,1,0,1717,T
4-HA,1423,0,0,1727,0,1727,G
4-HA,1424,0,0,0,1724,1724,C
4-HA,1425,0,1704,0,3,1707,T
4-HA,1426,0,1,1704,0,1705,G
4-HA,1427,1704,0,3,0,1707,A
4-HA,1428,0,0,1800,0,1800,G
4-HA,1429,0,0,1822,0,1822,G
4-HA,1430,1801,0,1,0,1802,A
4-HA,1431,0,1797,0,1,1798,T
4-HA,1432,1790,0,1,0,1791,A
4-HA,1433,0,1783,0,2,1785,T
4-HA,1434,2,2,1802,1,1807,G
4-HA,1435,0,2,1817,0,1819,G
4-HA,1436,1,1,1807,0,1809,G
4-HA,1437,2,0,0,1731,1733,C
4-HA,1438,1686,0,1,0,1687,A
4-HA,1439,1689,0,1,0,1690,A
4-HA,1440,0,1680,0,4,1684,T
4-HA,1441,1,1,1694,0,1696,G
4-HA,1442,0,0,1696,0,1696,G
4-HA,1443,0,1670,0,1,1671,T
4-HA,1444,0,1634,0,1,1635,T
4-HA,1445,0,0,1640,0,1640,G
4-HA,1446,0,1660,0,1,1661,T
4-HA,1447,1,1656,0,1,1658,T
4-HA,1448,1,1666,0,2,1669,T
4-HA,1449,4,0,1,1658,1663,C
4-HA,1450,1661,1,0,0,1662,A
4-HA,1451,1666,0,0,1,1667,A
4-HA,1452,1664,0,1,0,1665,A
4-HA,1453,1693,0,0,0,1693,A
4-HA,1454,0,1686,0,0,1686,T
4-HA,1455,1673,0,0,0,1673,A
4-HA,1456,0,1668,0,1,1669,T
4-HA,1457,1675,0,1,0,1676,A
4-HA,1458,1,0,0,1688,1689,C
4-HA,1459,2,1,0,1678,1681,C
4-HA,1460,1672,0,0,0,1672,A
4-HA,1461,0,3,0,1673,1676,C
4-HA,1462,1672,0,0,0,1672,A
4-HA,1463,1668,1,0,0,1669,A
4-HA,1464,1673,0,2,0,1675,A
4-HA,1465,1,1666,1,0,1668,T
4-HA,1466,0,1,1674,0,1675,G
4-HA,1467,0,1654,0,1,1655,T
4-HA,1468,0,3,1668,0,1671,G
4-HA,1469,1670,1,1,0,1672,A
4-HA,1470,0,0,0,1667,1667,C
4-HA,1471,1644,0,1,0,1645,A
4-HA,1472,1644,1,0,0,1645,A
4-HA,1473,1,1669,0,1,1671,T
4-HA,1474,1,0,1683,0,1684,G
4-HA,1475,0,1,0,1668,1669,C
4-HA,1476,0,0,1,1663,1664,C
4-HA,1477,0,1653,0,3,1656,T
4-HA,1478,3,0,1707,0,1710,G
4-HA,1479,0,2,0,1706,1708,C
4-HA,1480,1711,0,0,0,1711,A
4-HA,1481,1,1710,0,1,1712,T
4-HA,1482,1655,1,0,0,1656,A
4-HA,1483,0,1,1671,0,1672,G
4-HA,1484,0,2,1664,0,1666,G
4-HA,1485,1655,0,7,0,1662,A
4-HA,1486,0,1650,0,2,1652,T
4-HA,1487,1,2,0,1572,1575,C
4-HA,1488,1567,0,1,2,1570,A
4-HA,1489,1575,1,1,0,1577,A
4-HA,1490,2,1569,1,0,1572,T
4-HA,1491,1,0,0,1575,1576,C
4-HA,1492,1539,0,1,0,1540,A
4-HA,1493,0,1,1548,0,1549,G
4-HA,1494,1546,0,1,0,1547,A
4-HA,1495,1544,0,4,0,1548,A
4-HA,1496,1544,0,1,0,1545,A
4-HA,1497,0,1540,0,1,1541,T
4-HA,1498,0,2,1534,0,1536,G
4-HA,1499,0,1,1543,0,1544,G
4-HA,1500,1537,0,2,0,1539,A
4-HA,1501,1550,1,0,0,1551,A
4-HA,1502,0,0,0,1548,1548,C
4-HA,1503,1,1533,0,0,1534,T
4-HA,1504,0,1535,0,2,1537,T
4-HA,1505,1535,0,1,0,1536,A
4-HA,1506,0,1536,0,1,1537,T
4-HA,1507,0,3,1534,0,1537,G
4-HA,1508,1532,0,4,0,1536,A
4-HA,1509,0,1,0,1530,1531,C
4-HA,1510,2,2,0,1508,1512,C
4-HA,1511,1511,0,0,0,1511,A
4-HA,1512,0,1,0,1547,1548,C
4-HA,1513,1,1,1579,0,1581,G
4-HA,1514,1628,0,1,0,1629,A
4-HA,1515,0,1636,0,0,1636,T
4-HA,1516,0,1,1686,1,1688,G
4-HA,1517,0,1677,0,0,1677,T
4-HA,1518,1732,0,1,0,1733,A
4-HA,1519,0,1725,0,2,1727,T
4-HA,1520,1727,1,3,0,1731,A
4-HA,1521,0,2,0,1723,1725,C
4-HA,1522,1554,0,3,0,1557,A
4-HA,1523,0,2,1563,0,1565,G
4-HA,1524,1470,0,1,0,1471,A
4-HA,1525,2,0,1434,0,1436,G
4-HA,1526,1426,0,0,0,1426,A
4-HA,1527,0,1334,0,0,1334,T
4-HA,1528,0,0,1329,0,1329,G
4-HA,1529,1329,0,0,0,1329,A
4-HA,1530,1318,0,4,0,1322,A
4-HA,1531,0,0,1344,0,1344,G
4-HA,1532,0,0,0,1314,1314,C
4-HA,1533,1311,0,1,0,1312,A
4-HA,1534,0,1294,0,3,1297,T
4-HA,1535,0,1297,0,1,1298,T
4-HA,1536,1299,0,0,0,1299,A
4-HA,1537,1300,0,1,0,1301,A
4-HA,1538,1304,1,0,0,1305,A
4-HA,1539,0,0,0,1306,1306,C
4-HA,1540,1240,1,1,0,1242,A
4-HA,1541,1240,0,3,0,1243,A
4-HA,1542,0,0,0,1241,1241,C
4-HA,1543,1,1,0,1234,1236,C
4-HA,1544,0,1,1234,0,1235,G
4-HA,1545,0,0,1244,0,1244,G
4-HA,1546,0,1240,0,1,1241,T
4-HA,1547,0,1238,1,0,1239,T
4-HA,1548,0,1220,0,1,1221,T
4-HA,1549,2,1,0,1220,1223,C
4-HA,1550,1228,0,0,0,1228,A
4-HA,1551,0,0,1242,0,1242,G
4-HA,1552,1241,1,0,1,1243,A
4-HA,1553,0,1230,0,1,1231,T
4-HA,1554,2,0,0,1200,1202,C
4-HA,1555,1195,0,1,0,1196,A
4-HA,1556,1194,0,2,0,1196,A
4-HA,1557,1,1,1193,0,1195,G
4-HA,1558,0,1,1192,0,1193,G
4-HA,1559,0,1,1193,0,1194,G
4-HA,1560,1153,0,4,0,1157,A
4-HA,1561,1,0,1169,0,1170,G
4-HA,1562,0,1170,0,1,1171,T
4-HA,1563,0,1169,0,1,1170,T
4-HA,1564,1,2,1174,2,1179,G
4-HA,1565,1169,0,2,0,1171,A
4-HA,1566,0,0,1183,0,1183,G
4-HA,1567,0,1,0,1184,1185,C
4-HA,1568,0,1170,0,0,1170,T
4-HA,1569,0,0,1175,0,1175,G
4-HA,1570,1169,0,0,0,1169,A
4-HA,1571,1173,0,3,1,1177,A
4-HA,1572,0,0,1178,0,1178,G
4-HA,1573,1,1154,0,2,1157,T
4-HA,1574,3,0,0,1155,1158,C
4-HA,1575,1133,0,1,0,1134,A
4-HA,1576,1,1,1131,0,1133,G
4-HA,1577,0,0,1128,0,1128,G
4-HA,1578,0,1,1109,0,1110,G
4-HA,1579,0,1138,0,1,1139,T
4-HA,1580,1139,1,0,0,1140,A
4-HA,1581,2,0,0,1128,1130,C
4-HA,1582,1128,0,4,0,1132,A
4-HA,1583,1132,0,0,0,1132,A
4-HA,1584,1126,0,4,0,1130,A
4-HA,1585,0,1,1140,0,1141,G
4-HA,1586,1119,0,2,0,1121,A
4-HA,1587,0,1064,0,8,1072,T
4-HA,1588,0,1052,0,1,1053,T
4-HA,1589,0,1,1047,0,1048,G
4-HA,1590,0,1,1045,0,1046,G
4-HA,1591,1051,0,0,0,1051,A
4-HA,1592,0,1057,0,0,1057,T
4-HA,1593,2,0,0,1044,1046,C
4-HA,1594,2,0,0,1019,1021,C
4-HA,1595,0,1015,0,0,1015,T
4-HA,1596,1017,1,3,0,1021,A
4-HA,1597,0,1023,0,1,1024,T
4-HA,1598,0,2,1017,0,1019,G
4-HA,1599,0,1,1016,0,1017,G
4-HA,1600,993,0,0,0,993,A
4-HA,1601,0,996,0,1,997,T
4-HA,1602,0,982,0,0,982,T
4-HA,1603,0,979,0,0,979,T
4-HA,1604,0,1,0,972,973,C
4-HA,1605,1,0,0,972,973,C
4-HA,1606,0,958,1,2,961,T
4-HA,1607,0,960,0,0,960,T
4-HA,1608,0,946,0,3,949,T
4-HA,1609,0,0,955,0,955,G
4-HA,1610,0,0,0,954,954,C
4-HA,1611,2,1,0,950,953,C
4-HA,1612,934,0,1,0,935,A
4-HA,1613,0,928,0,0,928,T
4-HA,1614,933,0,1,0,934,A
4-HA,1615,0,933,0,3,936,T
4-HA,1616,0,1,0,928,929,C
4-HA,1617,926,0,1,0,927,A
4-HA,1618,0,916,1,2,919,T
4-HA,1619,0,0,927,0,927,G
4-HA,1620,0,923,0,1,924,T
4-HA,1621,0,909,0,1,910,T
4-HA,1622,0,907,0,0,907,T
4-HA,1623,0,886,0,1,887,T
4-HA,1624,0,888,0,3,891,T
4-HA,1625,0,882,0,2,884,T
4-HA,1626,0,0,890,0,890,G
4-HA,1627,2,1,0,886,889,C
4-HA,1628,0,860,0,1,861,T
4-HA,1629,0,864,0,0,864,T
4-HA,1630,0,864,0,0,864,T
4-HA,1631,0,0,873,0,873,G
4-HA,1632,0,868,1,1,870,T
4-HA,1633,6,0,865,0,871,G
4-HA,1634,1,874,0,1,876,T
4-HA,1635,0,859,0,0,859,T
4-HA,1636,0,0,862,0,862,G
4-HA,1637,0,2,1,857,860,C
4-HA,1638,0,848,0,1,849,T
4-HA,1639,0,853,0,0,853,T
4-HA,1640,0,804,0,0,804,T
4-HA,1641,0,0,805,0,805,G
4-HA,1642,0,800,0,1,801,T
4-HA,1643,0,798,0,1,799,T
4-HA,1644,0,1,799,0,800,G
4-HA,1645,0,1,770,0,771,G
4-HA,1646,0,0,773,0,773,G
4-HA,1647,0,1,770,0,771,G
4-HA,1648,0,738,0,1,739,T
4-HA,1649,0,735,0,0,735,T
4-HA,1650,2,3,0,717,722,C
4-HA,1651,710,0,1,2,713,A
4-HA,1652,0,716,0,1,717,T
4-HA,1653,0,0,0,718,718,C
4-HA,1654,705,0,7,0,712,A
4-HA,1655,0,688,0,0,688,T
4-HA,1656,1,0,680,0,681,G
4-HA,1657,0,669,0,1,670,T
4-HA,1658,0,1,663,0,664,G
4-HA,1659,0,0,640,0,640,G
4-HA,1660,1,1,632,0,634,G
4-HA,1661,0,1,0,631,632,C
4-HA,1662,0,0,0,617,617,C
4-HA,1663,0,588,0,1,589,T
4-HA,1664,0,2,586,0,588,G
4-HA,1665,0,1,0,590,591,C
4-HA,1666,1,0,1,588,590,C
4-HA,1667,593,0,0,0,593,A
4-HA,1668,589,0,0,0,589,A
4-HA,1669,591,0,0,0,591,A
4-HA,1670,587,0,0,0,587,A
4-HA,1671,590,0,0,0,590,A
4-HA,1672,0,0,586,0,586,G
4-HA,1673,0,0,564,0,564,G
4-HA,1674,0,0,0,550,550,C
4-HA,1675,543,0,1,0,544,A
4-HA,1676,550,0,0,0,550,A
4-HA,1677,0,0,0,551,551,C
4-HA,1678,549,0,0,0,549,A
4-HA,1679,0,550,0,0,550,T
4-HA,1680,0,542,0,0,542,T
4-HA,1681,521,1,3,0,525,A
4-HA,1682,0,0,524,0,524,G
4-HA,1683,0,0,520,0,520,G
4-HA,1684,0,506,0,1,507,T
4-HA,1685,0,0,479,0,479,G
4-HA,1686,0,0,0,447,447,C
4-HA,1687,439,0,0,0,439,A
4-HA,1688,439,0,0,0,439,A
4-HA,1689,0,0,0,436,436,C
4-HA,1690,430,0,0,0,430,A
4-HA,1691,0,422,0,1,423,T
4-HA,1692,1,392,0,0,393,T
4-HA,1693,0,395,0,1,396,T
4-HA,1694,0,0,395,0,395,G
4-HA,1695,0,0,0,392,392,C
4-HA,1696,387,0,1,0,388,A
4-HA,1697,1,367,0,0,368,T
4-HA,1698,0,349,0,1,350,T
4-HA,1699,0,341,0,0,341,T
4-HA,1700,0,0,338,0,338,G
4-HA,1701,327,0,0,0,327,A
5-NP,1,1221,0,0,0,1221,A
5-NP,2,0,1228,0,0,1228,T
5-NP,3,0,0,1220,0,1220,G
5-NP,4,0,1,1227,0,1228,G
5-NP,5,0,0,1,1232,1233,C
5-NP,6,1,0,1253,1,1255,G
5-NP,7,0,1305,0,1,1306,T
5-NP,8,1,0,0,1317,1318,C
5-NP,9,1,1,0,1319,1321,C
5-NP,10,0,0,0,1325,1325,C
5-NP,11,1329,0,1,0,1330,A
5-NP,12,1331,0,1,1,1333,A
5-NP,13,0,1,1337,0,1338,G
5-NP,14,1,1,1373,0,1375,G
5-NP,15,0,0,0,1385,1385,C
5-NP,16,1392,0,1,0,1393,A
5-NP,17,0,1,0,1414,1415,C
5-NP,18,1,1,0,1413,1415,C
5-NP,19,1425,1,0,0,1426,A
5-NP,20,1423,1,1,0,1425,A
5-NP,21,1426,0,0,0,1426,A
5-NP,22,0,0,0,1428,1428,C
5-NP,23,0,1,1427,0,1428,G
5-NP,24,1,0,1595,0,1596,G
5-NP,25,1,1595,0,0,1596,T
5-NP,26,2,0,0,1733,1735,C
5-NP,27,1,1734,0,1,1736,T
5-NP,28,0,1750,0,0,1750,T
5-NP,29,1752,0,0,0,1752,A
5-NP,30,1,1752,0,0,1753,T
5-NP,31,1,3,1771,0,1775,G
5-NP,32,1761,1,3,0,1765,A
5-NP,33,1738,0,3,0,1741,A
5-NP,34,0,1,0,1747,1748,C
5-NP,35,1706,0,0,0,1706,A
5-NP,36,0,1,1835,0,1836,G
5-NP,37,1831,0,0,0,1831,A
5-NP,38,0,1832,0,1,1833,T
5-NP,39,0,3,1832,0,1835,G
5-NP,40,1,0,1838,0,1839,G
5-NP,41,1844,0,1,0,1845,A
5-NP,42,1851,0,2,0,1853,A
5-NP,43,1855,0,3,0,1858,A
5-NP,44,1,1,0,1913,1915,C
5-NP,45,0,1886,0,4,1890,T
5-NP,46,0,1,1914,0,1915,G
5-NP,47,1893,0,8,0,1901,A
5-NP,48,2,1905,0,2,1909,T
5-NP,49,1,1,1906,0,1908,G
5-NP,50,1,3,1915,0,1919,G
5-NP,51,1,0,1919,1,1921,G
5-NP,52,0,2,1924,1,1927,G
5-NP,53,1909,1,2,0,1912,A
5-NP,54,1,1903,0,1,1905,T
5-NP,55,4,1,0,1907,1912,C
5-NP,56,1,0,1919,0,1920,G
5-NP,57,0,0,1,1941,1942,C
5-NP,58,0,1,0,1946,1947,C
5-NP,59,1945,0,4,0,1949,A
5-NP,60,0,1,1980,0,1981,G
5-NP,61,1972,0,2,0,1974,A
5-NP,62,2002,0,0,0,2002,A
5-NP,63,0,2001,0,0,2001,T
5-NP,64,1,0,2003,0,2004,G
5-NP,65,0,0,0,2022,2022,C
5-NP,66,2014,0,1,0,2015,A
5-NP,67,2042,0,5,0,2047,A
5-NP,68,0,0,0,2046,2046,C
5-NP,69,0,2039,0,0,2039,T
5-NP,70,0,2,2058,0,2060,G
5-NP,71,2088,0,3,0,2091,A
5-NP,72,0,1,2202,1,2204,G
5-NP,73,2200,0,1,0,2201,A
5-NP,74,0,2186,1,0,2187,T
5-NP,75,1,2177,0,3,2181,T
5-NP,76,2178,0,3,0,2181,A
5-NP,77,5,2,2182,0,2189,G
5-NP,78,0,1,2196,1,2198,G
5-NP,79,0,0,2203,0,2203,G
5-NP,80,0,0,1,2178,2179,C
5-NP,81,2153,0,1,0,2154,A
5-NP,82,1,2153,0,0,2154,T
5-NP,83,1,0,0,2167,2168,C
5-NP,84,1,1,0,2167,2169,C
5-NP,85,0,0,2190,1,2191,G
5-NP,86,1,2179,0,2,2182,T
5-NP,87,2,2,0,2179,2183,C
5-NP,88,2,1,2189,0,2192,G
5-NP,89,0,1,2195,0,2196,G
5-NP,90,0,0,2208,0,2208,G
5-NP,91,2194,0,1,0,2195,A
5-NP,92,2197,1,3,0,2201,A
5-NP,93,0,0,2225,0,2225,G
5-NP,94,2204,0,2,0,2206,A
5-NP,95,1,2236,0,0,2237,T
5-NP,96,0,0,2250,0,2250,G
5-NP,97,2260,0,3,0,2263,A
5-NP,98,0,2267,0,0,2267,T
5-NP,99,1,2265,0,0,2266,T
5-NP,100,1,0,2267,0,2268,G
5-NP,101,2265,0,3,0,2268,A
5-NP,102,0,2257,0,4,2261,T
5-NP,103,1,3,2256,1,2261,G
5-NP,104,1,3,2238,0,2242,G
5-NP,105,1,1,2228,1,2231,G
5-NP,106,2373,0,1,0,2374,A
5-NP,107,0,2376,0,0,2376,T
5-NP,108,1,2380,0,0,2381,T
5-NP,109,1,1,2400,0,2402,G
5-NP,110,2,2,2397,0,2401,G
5-NP,111,1,3,2404,0,2408,G
5-NP,112,2391,2,8,0,2401,A
5-NP,113,2,1,2388,0,2391,G
5-NP,114,2371,1,4,1,2377,A
5-NP,115,1,2411,1,2,2415,T
5-NP,116,0,2416,0,1,2417,T
5-NP,117,3,1,1,2423,2428,C
5-NP,118,0,2424,0,1,2425,T
5-NP,119,2445,0,2,0,2447,A
5-NP,120,0,1,0,2447,2448,C
5-NP,121,2489,1,4,0,2494,A
5-NP,122,0,2516,0,1,2517,T
5-NP,123,0,0,0,2514,2514,C
5-NP,124,2,0,0,2511,2513,C
5-NP,125,2521,1,0,0,2522,A
5-NP,126,2565,0,0,0,2565,A
5-NP,127,2554,0,0,0,2554,A
5-NP,128,0,2552,0,0,2552,T
5-NP,129,1,1,2555,0,2557,G
5-NP,130,1,2533,0,1,2535,T
5-NP,131,3,3,2537,1,2544,G
5-NP,132,0,3,0,2549,2552,C
5-NP,133,2541,0,3,0,2544,A
5-NP,134,0,2,0,2543,2545,C
5-NP,135,0,2524,0,4,2528,T
5-NP,136,0,3,2642,0,2645,G
5-NP,137,2700,0,1,0,2701,A
5-NP,138,2729,2,6,0,2737,A
5-NP,139,0,0,0,2768,2768,C
5-NP,140,1,2753,0,3,2757,T
5-NP,141,0,2762,0,2,2764,T
5-NP,142,2765,0,2,0,2767,A
5-NP,143,2764,0,4,0,2768,A
5-NP,144,2779,0,0,0,2779,A
5-NP,145,1,0,0,2785,2786,C
5-NP,146,0,2709,0,2,2711,T
5-NP,147,4,0,0,2729,2733,C
5-NP,148,2714,0,3,0,2717,A
5-NP,149,3,1,2741,1,2746,G
5-NP,150,1,2740,0,1,2742,T
5-NP,151,1,2,2762,0,2765,G
5-NP,152,2796,1,2,0,2799,A
5-NP,153,2,2795,0,2,2799,T
5-NP,154,5,0,0,2830,2835,C
5-NP,155,2845,0,0,0,2845,A
5-NP,156,0,2842,0,1,2843,T
5-NP,157,2,2,2843,0,2847,G
5-NP,158,2833,1,3,0,2837,A
5-NP,159,2828,0,7,0,2835,A
5-NP,160,4,2,2836,0,2842,G
5-NP,161,1,3,2823,0,2827,G
5-NP,162,1,2,2819,0,2822,G
5-NP,163,5,3,0,2784,2792,C
5-NP,164,4,1,2831,0,2836,G
5-NP,165,0,3,2851,0,2854,G
5-NP,166,1,2845,0,1,2847,T
5-NP,167,1,2848,0,5,2854,T
5-NP,168,33,3,2815,0,2851,G
5-NP,169,3094,0,2,0,3096,A
5-NP,170,1,3092,0,0,3093,T
5-NP,171,3,3,0,3087,3093,C
5-NP,172,5,2,0,3084,3091,C
5-NP,173,3074,0,3,0,3077,A
5-NP,174,0,2,3082,0,3084,G
5-NP,175,3079,2,2,0,3083,A
5-NP,176,3078,0,2,0,3080,A
5-NP,177,0,0,0,3095,3095,C
5-NP,178,2951,0,0,0,2951,A
5-NP,179,0,0,2991,0,2991,G
5-NP,180,0,0,0,2995,2995,C
5-NP,181,0,2997,0,3,3000,T
5-NP,182,2,3015,0,2,3019,T
5-NP,183,2,2,3012,0,3016,G
5-NP,184,3018,4,7,0,3029,A
5-NP,185,0,1,0,3039,3040,C
5-NP,186,3011,0,3,0,3014,A
5-NP,187,3027,1,0,0,3028,A
5-NP,188,1,2999,0,1,3001,T
5-NP,189,2999,0,1,0,3000,A
5-NP,190,0,4,3016,0,3020,G
5-NP,191,3002,1,1,0,3004,A
5-NP,192,1,1,3019,1,3022,G
5-NP,193,3001,0,0,0,3001,A
5-NP,194,3045,0,1,0,3046,A
5-NP,195,3040,0,3,0,3043,A
5-NP,196,3126,0,2,0,3128,A
5-NP,197,0,3133,0,2,3135,T
5-NP,198,2,0,3131,1,3134,G
5-NP,199,2,2,3130,0,3134,G
5-NP,200,1,3119,1,3,3124,T
5-NP,201,3072,0,1,0,3073,A
5-NP,202,1,0,0,3105,3106,C
5-NP,203,1,3100,0,2,3103,T
5-NP,204,2,0,0,3150,3152,C
5-NP,205,1,3072,0,9,3082,T
5-NP,206,1,0,1,3120,3122,C
5-NP,207,1,3105,0,4,3110,T
5-NP,208,2,1,3128,0,3131,G
5-NP,209,0,0,0,3133,3133,C
5-NP,210,0,3115,0,2,3117,T
5-NP,211,0,3109,1,2,3112,T
5-NP,212,0,3113,1,0,3114,T
5-NP,213,1,3082,0,1,3084,T
5-NP,214,0,1,3098,0,3099,G
5-NP,215,3087,0,1,6,3094,A
5-NP,216,0,3091,1,3,3095,T
5-NP,217,1,2,3088,0,3091,G
5-NP,218,3072,0,2,1,3075,A
5-NP,219,3078,1,2,1,3082,A
5-NP,220,3076,0,6,0,3082,A
5-NP,221,1,1,3085,0,3087,G
5-NP,222,3075,3,7,0,3085,A
5-NP,223,3088,0,3,0,3091,A
5-NP,224,3,4,3112,0,3119,G
5-NP,225,0,1,3204,0,3205,G
5-NP,226,3221,0,1,0,3222,A
5-NP,227,3252,0,2,1,3255,A
5-NP,228,0,3248,0,1,3249,T
5-NP,229,3245,0,2,0,3247,A
5-NP,230,3226,0,0,1,3227,A
5-NP,231,3242,0,3,0,3245,A
5-NP,232,0,3245,0,0,3245,T
5-NP,233,3248,0,0,0,3248,A
5-NP,234,0,1,0,3230,3231,C
5-NP,235,1,0,0,3166,3167,C
5-NP,236,1,3160,0,4,3165,T
5-NP,237,0,0,3177,0,3177,G
5-NP,238,0,2,3213,0,3215,G
5-NP,239,3217,0,1,0,3218,A
5-NP,240,3203,0,6,0,3209,A
5-NP,241,0,2,3245,0,3247,G
5-NP,242,3225,0,3,0,3228,A
5-NP,243,3213,0,2,0,3215,A
5-NP,244,0,0,0,3209,3209,C
5-NP,245,3200,1,5,0,3206,A
5-NP,246,0,3,0,3258,3261,C
5-NP,247,0,1,0,3212,3213,C
5-NP,248,3,0,1,3207,3211,C
5-NP,249,4,0,0,3223,3227,C
5-NP,250,3193,0,2,0,3195,A
5-NP,251,0,0,3196,0,3196,G
5-NP,252,3,2,0,3169,3174,C
5-NP,253,1,2,3179,0,3182,G
5-NP,254,2,1,0,3168,3171,C
5-NP,255,4,1,3131,0,3136,G
5-NP,256,2,2,3170,0,3174,G
5-NP,257,0,2,3168,0,3170,G
5-NP,258,1,0,3184,0,3185,G
5-NP,259,3175,1,3,1,3180,A
5-NP,260,3168,0,5,2,3175,A
5-NP,261,3170,0,5,1,3176,A
5-NP,262,0,1,3184,0,3185,G
5-NP,263,3172,0,1,0,3173,A
5-NP,264,0,3165,0,1,3166,T
5-NP,265,1,1,0,3154,3156,C
5-NP,266,3,1,0,3148,3152,C
5-NP,267,4,1,0,3161,3166,C
5-NP,268,3173,0,0,1,3174,A
5-NP,269,3174,0,0,1,3175,A
5-NP,270,0,2,3181,0,3183,G
5-NP,271,3177,0,0,0,3177,A
5-NP,272,3199,0,0,0,3199,A
5-NP,273,3194,0,1,2,3197,A
5-NP,274,3198,0,1,1,3200,A
5-NP,275,1,0,0,3203,3204,C
5-NP,276,0,3181,0,1,3182,T
5-NP,277,2,1,3177,0,3180,G
5-NP,278,2,2,3184,1,3189,G
5-NP,279,0,1,3181,0,3182,G
5-NP,280,5,3,3173,1,3182,G
5-NP,281,2,2,3180,0,3184,G
5-NP,282,2,0,3217,0,3219,G
5-NP,283,0,1,0,3426,3427,C
5-NP,284,1,1,0,3434,3436,C
5-NP,285,2,1,0,3451,3454,C
5-NP,286,3907,0,3,1,3911,A
5-NP,287,0,3928,1,2,3931,T
5-NP,288,4128,0,0,1,4129,A
5-NP,289,0,4117,0,5,4122,T
5-NP,290,4083,2,3,1,4089,A
5-NP,291,0,0,0,4117,4117,C
5-NP,292,3774,0,1,0,3775,A
5-NP,293,1,1,3837,0,3839,G
5-NP,294,1,3,3832,0,3836,G
5-NP,295,3407,1,2,0,3410,A
5-NP,296,1,3,3449,0,3453,G
5-NP,297,3263,1,2,0,3266,A
5-NP,298,0,0,3308,0,3308,G
5-NP,299,1,3296,0,2,3299,T
5-NP,300,3279,1,2,0,3282,A
5-NP,301,0,1,3285,0,3286,G
5-NP,302,3244,0,6,0,3250,A
5-NP,303,0,3242,1,1,3244,T
5-NP,304,1,3,3235,0,3239,G
5-NP,305,1,5,3240,0,3246,G
5-NP,306,3241,1,3,0,3245,A
5-NP,307,3221,1,1,0,3223,A
5-NP,308,3225,0,1,0,3226,A
5-NP,309,3234,0,3,0,3237,A
5-NP,310,1,3222,0,0,3223,T
5-NP,311,1,3,3252,0,3256,G
5-NP,312,1,1,3260,0,3262,G
5-NP,313,3249,3,3,0,3255,A
5-NP,314,1,3228,0,0,3229,T
5-NP,315,1,1,3235,0,3237,G
5-NP,316,3219,0,10,1,3230,A
5-NP,317,1,4,3244,0,3249,G
5-NP,318,0,0,3237,0,3237,G
5-NP,319,3,4,3234,0,3241,G
5-NP,320,3248,1,3,0,3252,A
5-NP,321,3248,1,2,0,3251,A
5-NP,322,1,1,0,3260,3262,C
5-NP,323,1,3250,1,1,3253,T
5-NP,324,4,1,0,3257,3262,C
5-NP,325,3,0,3267,0,3270,G
5-NP,326,0,3286,0,5,3291,T
5-NP,327,2,0,0,3295,3297,C
5-NP,328,2,1,0,3414,3417,C
5-NP,329,0,3384,1,1,3386,T
5-NP,330,0,3412,0,1,3413,T
5-NP,331,0,3404,0,3,3407,T
5-NP,332,3411,0,2,0,3413,A
5-NP,333,1,3410,0,1,3412,T
5-NP,334,2,5,3395,0,3402,G
5-NP,335,3402,2,4,0,3408,A
5-NP,336,0,2,0,3398,3400,C
5-NP,337,3326,1,3,0,3330,A
5-NP,338,3334,0,1,0,3335,A
5-NP,339,3331,0,2,0,3333,A
5-NP,340,0,0,3449,1,3450,G
5-NP,341,3436,0,5,2,3443,A
5-NP,342,3443,0,4,1,3448,A
5-NP,343,2,2,3551,2,3557,G
5-NP,344,3552,1,4,0,3557,A
5-NP,345,3561,1,3,0,3565,A
5-NP,346,3560,0,2,0,3562,A
5-NP,347,0,3558,0,1,3559,T
5-NP,348,3543,1,3,0,3547,A
5-NP,349,3498,0,1,1,3500,A
5-NP,350,0,3,3513,0,3516,G
5-NP,351,1,0,3507,0,3508,G
5-NP,352,2,1,0,3463,3466,C
5-NP,353,1,10,3458,0,3469,G
5-NP,354,3466,0,2,0,3468,A
5-NP,355,3497,2,1,0,3500,A
5-NP,356,0,3487,0,0,3487,T
5-NP,357,0,0,0,3504,3504,C
5-NP,358,0,3499,1,4,3504,T
5-NP,359,1,3,3479,1,3484,G
5-NP,360,0,1,3490,0,3491,G
5-NP,361,2,1,0,3494,3497,C
5-NP,362,3,0,3497,0,3500,G
5-NP,363,1,0,0,3467,3468,C
5-NP,364,4,0,0,3453,3457,C
5-NP,365,3481,4,4,0,3489,A
5-NP,366,3512,0,5,0,3517,A
5-NP,367,2,1,3554,0,3557,G
5-NP,368,2,0,0,3553,3555,C
5-NP,369,2,3,0,3581,3586,C
5-NP,370,3589,1,1,0,3591,A
5-NP,371,3629,0,4,0,3633,A
5-NP,372,0,2,0,3652,3654,C
5-NP,373,3654,1,1,1,3657,A
5-NP,374,3698,1,2,0,3701,A
5-NP,375,0,3686,0,2,3688,T
5-NP,376,2,4,3706,0,3712,G
5-NP,377,0,0,3721,0,3721,G
5-NP,378,0,3673,1,4,3678,T
5-NP,379,2,4,3678,0,3684,G
5-NP,380,3664,0,5,0,3669,A
5-NP,381,0,2,3717,0,3719,G
5-NP,382,1,2,3706,0,3709,G
5-NP,383,3723,2,2,0,3727,A
5-NP,384,0,3897,0,1,3898,T
5-NP,385,1,0,3894,0,3895,G
5-NP,386,0,0,0,3898,3898,C
5-NP,387,0,3896,0,3,3899,T
5-NP,388,3914,0,2,0,3916,A
5-NP,389,0,1,1,3961,3963,C
5-NP,390,3912,0,2,0,3914,A
5-NP,391,0,3896,0,6,3902,T
5-NP,392,2,2,0,3883,3887,C
5-NP,393,0,3710,0,2,3712,T
5-NP,394,2,3,3805,1,3811,G
5-NP,395,1,0,3883,0,3884,G
5-NP,396,0,3878,0,1,3879,T
5-NP,397,6,1,0,3878,3885,C
5-NP,398,1,3823,0,6,3830,T
5-NP,399,3874,0,1,0,3875,A
5-NP,400,3876,1,3,0,3880,A
5-NP,401,1,3,0,3899,3903,C
5-NP,402,2,3875,1,7,3885,T
5-NP,403,1,0,0,3893,3894,C
5-NP,404,3845,0,1,0,3846,A
5-NP,405,0,1,0,3985,3986,C
5-NP,406,3989,1,2,0,3992,A
5-NP,407,2,3990,2,5,3999,T
5-NP,408,3951,0,1,1,3953,A
5-NP,409,3967,3,0,0,3970,A
5-NP,410,0,3974,2,4,3980,T
5-NP,411,4,6,4015,0,4025,G
5-NP,412,3977,1,1,0,3979,A
5-NP,413,1,3928,2,4,3935,T
5-NP,414,2,3822,3,5,3832,T
5-NP,415,0,3842,1,5,3848,T
5-NP,416,6,2,3822,0,3830,G
5-NP,417,1,0,3845,0,3846,G
5-NP,418,0,3,1,3836,3840,C
5-NP,419,3820,0,2,0,3822,A
5-NP,420,1,3797,3,1,3802,T
5-NP,421,0,3789,1,4,3794,T
5-NP,422,3,1,0,3804,3808,C
5-NP,423,1,0,0,3809,3810,C
5-NP,424,3874,0,0,0,3874,A
5-NP,425,3863,2,1,0,3866,A
5-NP,426,1,3858,2,0,3861,T
5-NP,427,0,3862,1,1,3864,T
5-NP,428,2,3856,0,1,3859,T
5-NP,429,0,8,3878,0,3886,G
5-NP,430,3886,0,1,0,3887,A
5-NP,431,3885,1,2,0,3888,A
5-NP,432,2,3902,0,1,3905,T
5-NP,433,0,2,3849,0,3851,G
5-NP,434,3959,1,2,0,3962,A
5-NP,435,0,3963,0,2,3965,T
5-NP,436,2,1,3980,0,3983,G
5-NP,437,0,2,0,4066,4068,C
5-NP,438,4049,0,3,0,4052,A
5-NP,439,4191,1,8,1,4201,A
5-NP,440,1,0,0,4199,4200,C
5-NP,441,4257,2,0,0,4259,A
5-NP,442,1,4332,1,0,4334,T
5-NP,443,4245,0,5,0,4250,A
5-NP,444,1,2,0,4299,4302,C
5-NP,445,2,1,0,4288,4291,C
5-NP,446,4189,0,5,0,4194,A
5-NP,447,2,0,4231,0,4233,G
5-NP,448,4124,1,2,1,4128,A
5-NP,449,1,4,4214,0,4219,G
5-NP,450,4,4,4203,0,4211,G
5-NP,451,4153,0,12,0,4165,A
5-NP,452,0,1,1,4190,4192,C
5-NP,453,4134,0,2,0,4136,A
5-NP,454,4131,0,5,0,4136,A
5-NP,455,3,6,4143,0,4152,G
5-NP,456,4102,0,4,0,4106,A
5-NP,457,1,2,4127,0,4130,G
5-NP,458,1,1,0,4077,4079,C
5-NP,459,0,4048,0,9,4057,T
5-NP,460,1,1,0,4081,4083,C
5-NP,461,1,4061,0,2,4064,T
5-NP,462,0,4082,0,0,4082,T
5-NP,463,1,0,4094,0,4095,G
5-NP,464,0,4071,0,4,4075,T
5-NP,465,1,4071,0,8,4080,T
5-NP,466,7,2,0,4064,4073,C
5-NP,467,3,7,4047,0,4057,G
5-NP,468,4101,2,1,0,4104,A
5-NP,469,4085,2,4,0,4091,A
5-NP,470,0,1,1,4112,4114,C
5-NP,471,1,4098,1,3,4103,T
5-NP,472,1,1,4153,0,4155,G
5-NP,473,1,2,4171,1,4175,G
5-NP,474,4158,1,10,1,4170,A
5-NP,475,4173,0,4,1,4178,A
5-NP,476,0,4165,0,2,4167,T
5-NP,477,1,4,4152,0,4157,G
5-NP,478,1,3,4149,0,4153,G
5-NP,479,4170,0,6,0,4176,A
5-NP,480,1,4199,0,2,4202,T
5-NP,481,1,1,2,4174,4178,C
5-NP,482,1,3,0,4161,4165,C
5-NP,483,4,1,0,4188,4193,C
5-NP,484,4203,1,1,1,4206,A
5-NP,485,0,3,4232,0,4235,G
5-NP,486,4224,0,1,0,4225,A
5-NP,487,4222,1,2,0,4225,A
5-NP,488,0,4178,0,0,4178,T
5-NP,489,1,0,4213,0,4214,G
5-NP,490,1,4189,1,4,4195,T
5-NP,491,1,1,4203,0,4205,G
5-NP,492,0,2,0,4205,4207,C
5-NP,493,0,4171,1,6,4178,T
5-NP,494,3,0,0,4382,4385,C
5-NP,495,1,4358,0,5,4364,T
5-NP,496,10,1,0,4460,4471,C
5-NP,497,0,4461,1,3,4465,T
5-NP,498,1,5,4462,0,4468,G
5-NP,499,4494,2,4,0,4500,A
5-NP,500,1,4471,0,1,4473,T
5-NP,501,1,1,4471,0,4473,G
5-NP,502,0,1,0,4455,4456,C
5-NP,503,4303,1,4,0,4308,A
5-NP,504,6,7,4386,0,4399,G
5-NP,505,1,4,4266,0,4271,G
5-NP,506,0,1,4320,1,4322,G
5-NP,507,2,0,0,4310,4312,C
5-NP,508,0,4298,0,6,4304,T
5-NP,509,6,3,0,4308,4317,C
5-NP,510,1,2,4314,1,4318,G
5-NP,511,4361,1,3,0,4365,A
5-NP,512,0,0,0,4366,4366,C
5-NP,513,0,4287,0,4,4291,T
5-NP,514,5,0,0,4457,4462,C
5-NP,515,0,4429,0,4,4433,T
5-NP,516,1,0,0,4949,4950,C
5-NP,517,6,1,0,4958,4965,C
5-NP,518,7,0,0,4956,4963,C
5-NP,519,1,4963,0,9,4973,T
5-NP,520,4947,1,1,0,4949,A
5-NP,521,1,3,4940,0,4944,G
5-NP,522,4936,2,2,0,4940,A
5-NP,523,4789,0,3,0,4792,A
5-NP,524,1,4,4792,0,4797,G
5-NP,525,3,0,4664,0,4667,G
5-NP,526,2,4592,0,4,4598,T
5-NP,527,2,1,0,4587,4590,C
5-NP,528,4,6,0,4601,4611,C
5-NP,529,4,2,4600,1,4607,G
5-NP,530,0,2,4629,0,4631,G
5-NP,531,4623,2,5,0,4630,A
5-NP,532,1,0,4655,0,4656,G
5-NP,533,0,0,0,4675,4675,C
5-NP,534,0,4601,0,9,4610,T
5-NP,535,3,1,4607,0,4611,G
5-NP,536,1,2,1,4621,4625,C
5-NP,537,4603,1,12,1,4617,A
5-NP,538,1,4,4627,1,4633,G
5-NP,539,2,4,4641,0,4647,G
5-NP,540,2,4632,0,5,4639,T
5-NP,541,5,1,4595,0,4601,G
5-NP,542,0,0,0,4617,4617,C
5-NP,543,0,4606,1,9,4616,T
5-NP,544,1,0,4603,0,4604,G
5-NP,545,1,0,1,4607,4609,C
5-NP,546,4652,0,3,1,4656,A
5-NP,547,1,0,4734,1,4736,G
5-NP,548,0,4706,0,7,4713,T
5-NP,549,6,0,0,4723,4729,C
5-NP,550,4727,1,1,0,4729,A
5-NP,551,4729,1,8,1,4739,A
5-NP,552,4712,2,9,3,4726,A
5-NP,553,1,3,4753,0,4757,G
5-NP,554,1,11,4769,0,4781,G
5-NP,555,4764,0,2,0,4766,A
5-NP,556,4717,1,3,0,4721,A
5-NP,557,2,4716,0,1,4719,T
5-NP,558,5,2,1,4703,4711,C
5-NP,559,4,6,4708,0,4718,G
5-NP,560,4,4,4876,0,4884,G
5-NP,561,1,3,4885,0,4889,G
5-NP,562,4862,2,8,1,4873,A
5-NP,563,0,1,0,4875,4876,C
5-NP,564,4822,1,3,0,4826,A
5-NP,565,4911,0,7,0,4918,A
5-NP,566,1,4931,0,1,4933,T
5-NP,567,3,3,4958,0,4964,G
5-NP,568,1,1,5001,0,5003,G
5-NP,569,0,4902,0,4,4906,T
5-NP,570,2,5,4908,0,4915,G
5-NP,571,4907,0,6,1,4914,A
5-NP,572,0,4899,2,0,4901,T
5-NP,573,2,4,4895,0,4901,G
5-NP,574,2,3,5000,1,5006,G
5-NP,575,4989,0,6,0,4995,A
5-NP,576,5000,1,1,0,5002,A
5-NP,577,1,0,0,4977,4978,C
5-NP,578,1,4911,0,1,4913,T
5-NP,579,4899,0,4,0,4903,A
5-NP,580,5131,2,2,0,5135,A
5-NP,581,0,5138,2,0,5140,T
5-NP,582,6,2,0,5147,5155,C
5-NP,583,4987,0,1,0,4988,A
5-NP,584,1,3,5041,0,5045,G
5-NP,585,5022,0,1,0,5023,A
5-NP,586,5035,1,3,1,5040,A
5-NP,587,0,5036,0,1,5037,T
5-NP,588,2,5,4949,0,4956,G
5-NP,589,2,0,5008,1,5011,G
5-NP,590,0,5004,2,6,5012,T
5-NP,591,7,2,0,5002,5011,C
5-NP,592,5010,0,3,0,5013,A
5-NP,593,5009,0,1,2,5012,A
5-NP,594,5012,1,2,2,5017,A
5-NP,595,0,1,0,5019,5020,C
5-NP,596,1,6,4987,0,4994,G
5-NP,597,2,4,5012,1,5019,G
5-NP,598,2,11,4951,0,4964,G
5-NP,599,1,5,4983,0,4989,G
5-NP,600,4,7,4988,1,5000,G
5-NP,601,4997,1,9,0,5007,A
5-NP,602,1,4949,0,9,4959,T
5-NP,603,5,1,0,4959,4965,C
5-NP,604,4982,2,1,0,4985,A
5-NP,605,4982,0,3,0,4985,A
5-NP,606,0,3,0,4953,4956,C
5-NP,607,1,3,4934,0,4938,G
5-NP,608,4913,1,3,0,4917,A
5-NP,609,0,4922,0,1,4923,T
5-NP,610,4,0,0,4913,4917,C
5-NP,611,0,1,4928,1,4930,G
5-NP,612,4925,2,1,0,4928,A
5-NP,613,4923,0,0,0,4923,A
5-NP,614,4916,1,2,1,4920,A
5-NP,615,1,4987,0,0,4988,T
5-NP,616,0,4979,0,1,4980,T
5-NP,617,0,4964,1,0,4965,T
5-NP,618,1,4992,0,2,4995,T
5-NP,619,1,4996,2,4,5003,T
5-NP,620,2,1,5016,0,5019,G
5-NP,621,0,2,5015,0,5017,G
5-NP,622,4968,0,13,0,4981,A
5-NP,623,1,0,5021,0,5022,G
5-NP,624,4938,0,2,0,4940,A
5-NP,625,0,3,5151,0,5154,G
5-NP,626,1,0,5169,0,5170,G
5-NP,627,0,5162,2,2,5166,T
5-NP,628,1,8,5166,0,5175,G
5-NP,629,5161,1,11,0,5173,A
5-NP,630,2,6,5209,1,5218,G
5-NP,631,5211,0,5,0,5216,A
5-NP,632,5192,0,4,0,5196,A
5-NP,633,0,5191,0,1,5192,T
5-NP,634,2,1,5016,0,5019,G
5-NP,635,2,5,4977,0,4984,G
5-NP,636,4935,1,13,0,4949,A
5-NP,637,0,3,0,4967,4970,C
5-NP,638,3,5,4963,1,4972,G
5-NP,639,2,2,5036,1,5041,G
5-NP,640,5040,0,3,0,5043,A
5-NP,641,5049,1,1,0,5051,A
5-NP,642,5073,1,5,1,5080,A
5-NP,643,5083,0,7,5,5095,A
5-NP,644,1,1,0,5129,5131,C
5-NP,645,5121,1,0,0,5122,A
5-NP,646,5112,0,3,1,5116,A
5-NP,647,0,0,5119,0,5119,G
5-NP,648,4938,3,6,2,4949,A
5-NP,649,4962,0,2,0,4964,A
5-NP,650,0,1,5102,0,5103,G
5-NP,651,1,5085,0,3,5089,T
5-NP,652,3,0,5373,0,5376,G
5-NP,653,3,1,0,5346,5350,C
5-NP,654,0,5342,1,5,5348,T
5-NP,655,0,5380,0,6,5386,T
5-NP,656,5452,0,1,0,5453,A
5-NP,657,0,5450,2,1,5453,T
5-NP,658,2,2,5463,0,5467,G
5-NP,659,5309,0,6,0,5315,A
5-NP,660,1,7,5325,1,5334,G
5-NP,661,5039,0,5,0,5044,A
5-NP,662,0,7,5065,0,5072,G
5-NP,663,5047,1,2,0,5050,A
5-NP,664,5081,1,3,0,5085,A
5-NP,665,1,5051,0,0,5052,T
5-NP,666,3,2,5126,0,5131,G
5-NP,667,2,5101,0,5,5108,T
5-NP,668,3,1,5111,0,5115,G
5-NP,669,1,4,0,5105,5110,C
5-NP,670,5093,0,1,0,5094,A
5-NP,671,5095,1,11,2,5109,A
5-NP,672,0,1,1,5090,5092,C
5-NP,673,5038,1,1,1,5041,A
5-NP,674,2,5039,0,2,5043,T
5-NP,675,2,4998,0,7,5007,T
5-NP,676,5,1,0,5016,5022,C
5-NP,677,0,4998,2,6,5006,T
5-NP,678,2,5000,1,3,5006,T
5-NP,679,4994,3,4,0,5001,A
5-NP,680,4992,0,2,1,4995,A
5-NP,681,4995,0,2,1,4998,A
5-NP,682,0,3,5001,0,5004,G
5-NP,683,1,5,4995,0,5001,G
5-NP,684,4971,0,5,0,4976,A
5-NP,685,4964,0,2,0,4966,A
5-NP,686,4958,1,0,0,4959,A
5-NP,687,5023,2,2,0,5027,A
5-NP,688,1,5005,0,6,5012,T
5-NP,689,2,4997,2,4,5005,T
5-NP,690,1,5012,0,1,5014,T
5-NP,691,5,1,0,5011,5017,C
5-NP,692,5008,0,4,0,5012,A
5-NP,693,5008,0,1,0,5009,A
5-NP,694,5009,1,2,0,5012,A
5-NP,695,0,0,0,5061,5061,C
5-NP,696,4986,0,1,0,4987,A
5-NP,697,0,1,5054,0,5055,G
5-NP,698,1,0,0,5055,5056,C
5-NP,699,0,5044,0,8,5052,T
5-NP,700,5,0,5130,0,5135,G
5-NP,701,1,1,1,5121,5124,C
5-NP,702,5154,1,6,0,5161,A
5-NP,703,0,3,0,5153,5156,C
5-NP,704,5114,1,2,1,5118,A
5-NP,705,5117,0,7,0,5124,A
5-NP,706,5012,2,11,1,5026,A
5-NP,707,1,4,5156,0,5161,G
5-NP,708,5135,0,10,0,5145,A
5-NP,709,1,1,5164,0,5166,G
5-NP,710,2,2,0,5133,5137,C
5-NP,711,5128,0,3,0,5131,A
5-NP,712,5239,0,6,2,5247,A
5-NP,713,0,5253,0,8,5261,T
5-NP,714,1,4,5271,0,5276,G
5-NP,715,2,1,5286,0,5289,G
5-NP,716,1,5117,0,8,5126,T
5-NP,717,8,5,5123,0,5136,G
5-NP,718,4,8,5126,2,5140,G
5-NP,719,5140,3,4,0,5147,A
5-NP,720,1,5136,0,4,5141,T
5-NP,721,3,0,0,5026,5029,C
5-NP,722,5052,1,2,0,5055,A
5-NP,723,5078,2,6,0,5086,A
5-NP,724,2,0,5094,0,5096,G
5-NP,725,1,5057,0,8,5066,T
5-NP,726,1,10,5057,2,5070,G
5-NP,727,4983,0,3,0,4986,A
5-NP,728,0,2,5004,0,5006,G
5-NP,729,4993,2,4,0,4999,A
5-NP,730,0,3,5002,0,5005,G
5-NP,731,4966,0,7,0,4973,A
5-NP,732,4897,0,0,0,4897,A
5-NP,733,4909,1,6,0,4916,A
5-NP,734,1,0,4942,0,4943,G
5-NP,735,0,4929,0,2,4931,T
5-NP,736,6,1,1,4911,4919,C
5-NP,737,2,3,4898,1,4904,G
5-NP,738,0,3,4910,0,4913,G
5-NP,739,4918,1,2,0,4921,A
5-NP,740,4934,2,1,0,4937,A
5-NP,741,1,1,0,4948,4950,C
5-NP,742,4,2,0,4896,4902,C
5-NP,743,2,1,0,4920,4923,C
5-NP,744,4906,0,5,2,4913,A
5-NP,745,1,1,4926,1,4929,G
5-NP,746,0,4,4930,0,4934,G
5-NP,747,4924,0,2,0,4926,A
5-NP,748,4917,0,7,0,4924,A
5-NP,749,4917,2,2,1,4922,A
5-NP,750,3,1,0,4934,4938,C
5-NP,751,1,0,4926,0,4927,G
5-NP,752,2,0,0,4921,4923,C
5-NP,753,0,4906,0,6,4912,T
5-NP,754,0,1,4915,0,4916,G
5-NP,755,4904,0,5,0,4909,A
5-NP,756,2,3,4962,0,4967,G
5-NP,757,5001,1,1,0,5003,A
5-NP,758,0,5007,0,0,5007,T
5-NP,759,8,18,0,4903,4929,C
5-NP,760,6,1,4919,1,4927,G
5-NP,761,4932,2,2,0,4936,A
5-NP,762,4929,0,3,1,4933,A
5-NP,763,0,1,4922,0,4923,G
5-NP,764,4908,0,4,0,4912,A
5-NP,765,0,4,0,4738,4742,C
5-NP,766,3,0,0,4934,4937,C
5-NP,767,2,4938,0,2,4942,T
5-NP,768,2,1,0,4978,4981,C
5-NP,769,4987,0,5,1,4993,A
5-NP,770,0,4990,0,3,4993,T
5-NP,771,4999,3,0,0,5002,A
5-NP,772,1,4993,0,4,4998,T
5-NP,773,1,4967,0,1,4969,T
5-NP,774,0,4862,1,0,4863,T
5-NP,775,0,4820,0,1,4821,T
5-NP,776,0,4824,0,4,4828,T
5-NP,777,4824,1,2,0,4827,A
5-NP,778,2,0,4819,0,4821,G
5-NP,779,0,3,0,4819,4822,C
5-NP,780,4796,2,2,0,4800,A
5-NP,781,4776,2,3,0,4781,A
5-NP,782,0,3,4922,0,4925,G
5-NP,783,4919,0,1,0,4920,A
5-NP,784,1,4922,0,4,4927,T
5-NP,785,1,0,0,4950,4951,C
5-NP,786,0,4916,1,10,4927,T
5-NP,787,0,0,5073,0,5073,G
5-NP,788,2,1,1,5083,5087,C
5-NP,789,5091,1,1,0,5093,A
5-NP,790,0,5120,0,3,5123,T
5-NP,791,1,4942,2,4,4949,T
5-NP,792,4,3,5260,0,5267,G
5-NP,793,5348,0,2,0,5350,A
5-NP,794,1,5345,0,2,5348,T
5-NP,795,5358,0,6,1,5365,A
5-NP,796,0,5238,1,4,5243,T
5-NP,797,1,5191,1,0,5193,T
5-NP,798,1,4,5228,1,5234,G
5-NP,799,5175,1,4,0,5180,A
5-NP,800,0,3,5219,0,5222,G
5-NP,801,4901,0,14,0,4915,A
5-NP,802,1,3,4845,0,4849,G
5-NP,803,2,5,4897,0,4904,G
5-NP,804,4886,0,3,0,4889,A
5-NP,805,1,4880,0,1,4882,T
5-NP,806,7,0,0,4881,4888,C
5-NP,807,4848,0,5,0,4853,A
5-NP,808,2,0,4873,0,4875,G
5-NP,809,1,4842,0,7,4850,T
5-NP,810,1,4821,0,0,4822,T
5-NP,811,1,1,4818,0,4820,G
5-NP,812,1,1,0,4782,4784,C
5-NP,813,1,4763,0,8,4772,T
5-NP,814,13,2,0,4803,4818,C
5-NP,815,4816,3,5,0,4824,A
5-NP,816,1,1,0,4823,4825,C
5-NP,817,4807,0,0,0,4807,A
5-NP,818,4828,1,1,0,4830,A
5-NP,819,4822,1,1,0,4824,A
5-NP,820,0,4802,0,3,4805,T
5-NP,821,4,1,0,4805,4810,C
5-NP,822,0,4800,1,5,4806,T
5-NP,823,1,4785,0,3,4789,T
5-NP,824,1,1,4798,0,4800,G
5-NP,825,1,2,0,4803,4806,C
5-NP,826,4,0,0,4862,4866,C
5-NP,827,3,4840,1,3,4847,T
5-NP,828,4860,4,1,1,4866,A
5-NP,829,1,1,1,4852,4855,C
5-NP,830,2,1,0,4859,4862,C
5-NP,831,4,4838,1,0,4843,T
5-NP,832,4,0,4901,0,4905,G
5-NP,833,3,2,0,4864,4869,C
5-NP,834,6,1,0,4869,4876,C
5-NP,835,0,4793,0,3,4796,T
5-NP,836,1,3,4829,0,4833,G
5-NP,837,1,4797,1,2,4801,T
5-NP,838,4,0,4830,0,4834,G
5-NP,839,5,3,1,4823,4832,C
5-NP,840,2,0,4910,0,4912,G
5-NP,841,0,4842,0,3,4845,T
5-NP,842,4829,4,3,0,4836,A
5-NP,843,0,4835,0,3,4838,T
5-NP,844,1,5,4838,1,4845,G
5-NP,845,5,5,4992,1,5003,G
5-NP,846,4986,0,3,0,4989,A
5-NP,847,1,3,0,4893,4897,C
5-NP,848,3,0,0,4894,4897,C
5-NP,849,2,4803,1,7,4813,T
5-NP,850,2,1,5048,0,5051,G
5-NP,851,0,3,0,5037,5040,C
5-NP,852,4900,0,151,0,5051,A
5-NP,853,0,0,5150,0,5150,G
5-NP,854,0,4900,0,2,4902,T
5-NP,855,5052,0,2,0,5054,A
5-NP,856,2,5029,1,6,5038,T
5-NP,857,2,0,1,4977,4980,C
5-NP,858,3,0,1,4986,4990,C
5-NP,859,4679,0,4,1,4684,A
5-NP,860,1,1,4692,0,4694,G
5-NP,861,1,4668,0,1,4670,T
5-NP,862,3,5,4697,0,4705,G
5-NP,863,0,2,4688,1,4691,G
5-NP,864,0,2,4607,0,4609,G
5-NP,865,0,4585,0,8,4593,T
5-NP,866,4589,0,2,0,4591,A
5-NP,867,1,0,1,4582,4584,C
5-NP,868,1,7,4561,0,4569,G
5-NP,869,4536,0,8,0,4544,A
5-NP,870,1,0,0,4533,4534,C
5-NP,871,0,4384,0,8,4392,T
5-NP,872,0,4398,0,3,4401,T
5-NP,873,3,2,0,4371,4376,C
5-NP,874,1,3,4379,1,4384,G
5-NP,875,4389,1,1,0,4391,A
5-NP,876,4385,0,2,0,4387,A
5-NP,877,4397,0,2,0,4399,A
5-NP,878,4387,1,2,1,4391,A
5-NP,879,4370,0,8,1,4379,A
5-NP,880,2,5,4388,0,4395,G
5-NP,881,4376,0,8,1,4385,A
5-NP,882,0,6,4411,0,4417,G
5-NP,883,1,2,4412,0,4415,G
5-NP,884,1,1,4441,0,4443,G
5-NP,885,4448,1,8,0,4457,A
5-NP,886,1,4438,0,1,4440,T
5-NP,887,4454,0,1,0,4455,A
5-NP,888,2,4432,1,4,4439,T
5-NP,889,2,4461,0,0,4463,T
5-NP,890,1,2,1,4462,4466,C
5-NP,891,3,0,0,4420,4423,C
5-NP,892,1,4324,0,3,4328,T
5-NP,893,0,4326,1,1,4328,T
5-NP,894,1,4,4361,0,4366,G
5-NP,895,1,0,4383,0,4384,G
5-NP,896,0,4344,0,4,4348,T
5-NP,897,10,4,4319,0,4333,G
5-NP,898,2,4,4290,0,4296,G
5-NP,899,3,2,4454,0,4459,G
5-NP,900,4463,1,0,0,4464,A
5-NP,901,4461,0,3,0,4464,A
5-NP,902,1,4462,1,1,4465,T
5-NP,903,4375,0,2,0,4377,A
5-NP,904,0,6,4377,1,4384,G
5-NP,905,4332,1,10,0,4343,A
5-NP,906,3,0,0,4328,4331,C
5-NP,907,2,1,1,4276,4280,C
5-NP,908,5,0,0,4094,4099,C
5-NP,909,1,4108,1,12,4122,T
5-NP,910,0,4123,2,2,4127,T
5-NP,911,0,4126,0,5,4131,T
5-NP,912,1,2,0,4135,4138,C
5-NP,913,4116,1,2,1,4120,A
5-NP,914,4122,1,3,0,4126,A
5-NP,915,4116,0,3,0,4119,A
5-NP,916,0,1,0,4112,4113,C
5-NP,917,0,3999,0,1,4000,T
5-NP,918,3944,2,0,0,3946,A
5-NP,919,0,1,0,3980,3981,C
5-NP,920,0,3966,1,5,3972,T
5-NP,921,1,3959,0,3,3963,T
5-NP,922,6,2,0,3972,3980,C
5-NP,923,3967,0,4,0,3971,A
5-NP,924,3977,1,2,0,3980,A
5-NP,925,3950,1,2,0,3953,A
5-NP,926,3953,0,3,0,3956,A
5-NP,927,1,3922,0,2,3925,T
5-NP,928,3825,1,2,0,3828,A
5-NP,929,0,2,3885,0,3887,G
5-NP,930,1,2,0,3893,3896,C
5-NP,931,3,5,0,3934,3942,C
5-NP,932,3939,1,1,0,3941,A
5-NP,933,3945,1,1,0,3947,A
5-NP,934,4039,0,3,0,4042,A
5-NP,935,0,4057,1,0,4058,T
5-NP,936,4071,0,1,0,4072,A
5-NP,937,2,4066,1,3,4072,T
5-NP,938,3970,2,2,0,3974,A
5-NP,939,1,1,0,3975,3977,C
5-NP,940,3810,0,0,0,3810,A
5-NP,941,0,0,3882,0,3882,G
5-NP,942,1,2,0,3872,3875,C
5-NP,943,1,3711,0,7,3719,T
5-NP,944,0,3744,0,1,3745,T
5-NP,945,3749,0,1,0,3750,A
5-NP,946,3748,0,4,0,3752,A
5-NP,947,1,3741,0,2,3744,T
5-NP,948,3,1,0,3740,3744,C
5-NP,949,3563,0,4,2,3569,A
5-NP,950,0,3,3550,0,3553,G
5-NP,951,3554,0,3,0,3557,A
5-NP,952,1,0,0,3572,3573,C
5-NP,953,3,1,0,3528,3532,C
5-NP,954,0,3458,0,2,3460,T
5-NP,955,3472,0,1,0,3473,A
5-NP,956,3476,0,1,0,3477,A
5-NP,957,0,1,0,3480,3481,C
5-NP,958,1,3,3476,0,3480,G
5-NP,959,3405,0,3,0,3408,A
5-NP,960,0,3,3409,0,3412,G
5-NP,961,3380,0,5,0,3385,A
5-NP,962,3403,0,6,0,3409,A
5-NP,963,0,3395,0,1,3396,T
5-NP,964,1,0,1,3363,3365,C
5-NP,965,1,2,0,3369,3372,C
5-NP,966,3281,1,3,0,3285,A
5-NP,967,1,4,3293,0,3298,G
5-NP,968,0,0,0,3288,3288,C
5-NP,969,3314,0,1,1,3316,A
5-NP,970,1,0,0,3332,3333,C
5-NP,971,3279,0,3,0,3282,A
5-NP,972,0,3,0,3281,3284,C
5-NP,973,3275,1,1,1,3278,A
5-NP,974,3276,0,6,0,3282,A
5-NP,975,1,3,3283,0,3287,G
5-NP,976,3233,0,4,1,3238,A
5-NP,977,1,0,3249,0,3250,G
5-NP,978,1,3141,1,4,3147,T
5-NP,979,4,0,0,3120,3124,C
5-NP,980,3103,0,3,0,3106,A
5-NP,981,0,0,3105,0,3105,G
5-NP,982,0,1,0,3094,3095,C
5-NP,983,1,3056,0,2,3059,T
5-NP,984,1,3,3057,0,3061,G
5-NP,985,0,2,3060,1,3063,G
5-NP,986,0,3042,0,1,3043,T
5-NP,987,4,0,3056,1,3061,G
5-NP,988,0,2995,1,3,2999,T
5-NP,989,1,6,2982,0,2989,G
5-NP,990,0,3,2974,0,2977,G
5-NP,991,2958,0,2,1,2961,A
5-NP,992,1,2957,1,4,2963,T
5-NP,993,3,0,2773,1,2777,G
5-NP,994,0,0,2730,0,2730,G
5-NP,995,0,1,0,2720,2721,C
5-NP,996,2675,0,1,0,2676,A
5-NP,997,1,2671,5,0,2677,T
5-NP,998,0,2,2633,0,2635,G
5-NP,999,0,1,0,2656,2657,C
5-NP,1000,4,0,0,2648,2652,C
5-NP,1001,2632,0,1,0,2633,A
5-NP,1002,1,2616,0,2,2619,T
5-NP,1003,0,2547,0,2,2549,T
5-NP,1004,2,0,0,2541,2543,C
5-NP,1005,0,2455,0,1,2456,T
5-NP,1006,0,0,2460,1,2461,G
5-NP,1007,0,2,0,2457,2459,C
5-NP,1008,1,2260,0,1,2262,T
5-NP,1009,2,1,2262,0,2265,G
5-NP,1010,0,0,0,2153,2153,C
5-NP,1011,2147,0,4,0,2151,A
5-NP,1012,0,2152,0,0,2152,T
5-NP,1013,0,2112,1,0,2113,T
5-NP,1014,0,2110,0,2,2112,T
5-NP,1015,0,1,2108,0,2109,G
5-NP,1016,2105,0,2,0,2107,A
5-NP,1017,2104,2,1,1,2108,A
5-NP,1018,1,0,2128,0,2129,G
5-NP,1019,2125,0,0,0,2125,A
5-NP,1020,3,2114,0,0,2117,T
5-NP,1021,0,2106,1,2,2109,T
5-NP,1022,0,2117,0,0,2117,T
5-NP,1023,2116,0,2,0,2118,A
5-NP,1024,2117,0,2,0,2119,A
5-NP,1025,0,2,2119,0,2121,G
5-NP,1026,2112,0,0,1,2113,A
5-NP,1027,0,2105,1,0,2106,T
5-NP,1028,1,2061,0,1,2063,T
5-NP,1029,0,2,2075,0,2077,G
5-NP,1030,0,2073,0,4,2077,T
5-NP,1031,0,2076,0,2,2078,T
5-NP,1032,2071,0,1,0,2072,A
5-NP,1033,2067,0,2,0,2069,A
5-NP,1034,1,0,2073,0,2074,G
5-NP,1035,0,1,0,2075,2076,C
5-NP,1036,0,2027,1,4,2032,T
5-NP,1037,1,2038,0,1,2040,T
5-NP,1038,1,0,0,2038,2039,C
5-NP,1039,2037,0,5,0,2042,A
5-NP,1040,0,2037,1,1,2039,T
5-NP,1041,2,2,1,2038,2043,C
5-NP,1042,2004,0,4,0,2008,A
5-NP,1043,0,0,2011,0,2011,G
5-NP,1044,1981,1,6,0,1988,A
5-NP,1045,0,0,1994,0,1994,G
5-NP,1046,0,0,1985,0,1985,G
5-NP,1047,1,0,1974,0,1975,G
5-NP,1048,1967,2,5,1,1975,A
5-NP,1049,0,0,0,1975,1975,C
5-NP,1050,1974,0,1,0,1975,A
5-NP,1051,1979,2,2,0,1983,A
5-NP,1052,1984,0,1,0,1985,A
5-NP,1053,1976,0,3,0,1979,A
5-NP,1054,0,0,1985,0,1985,G
5-NP,1055,0,1905,1,0,1906,T
5-NP,1056,1889,0,0,0,1889,A
5-NP,1057,0,1880,0,5,1885,T
5-NP,1058,1,0,0,1879,1880,C
5-NP,1059,1,1866,0,0,1867,T
5-NP,1060,0,0,0,1887,1887,C
5-NP,1061,2,0,0,1865,1867,C
5-NP,1062,0,1849,0,1,1850,T
5-NP,1063,0,0,0,1840,1840,C
5-NP,1064,1,1,1831,1,1834,G
5-NP,1065,1,1,1832,2,1836,G
5-NP,1066,0,2,1837,0,1839,G
5-NP,1067,2,1,1827,0,1830,G
5-NP,1068,2,0,1826,0,1828,G
5-NP,1069,1801,0,2,0,1803,A
5-NP,1070,1802,1,1,0,1804,A
5-NP,1071,1807,0,0,0,1807,A
5-NP,1072,0,0,0,1817,1817,C
5-NP,1073,0,1802,0,1,1803,T
5-NP,1074,0,2,1811,0,1813,G
5-NP,1075,1,1794,0,3,1798,T
5-NP,1076,5,2,0,1792,1799,C
5-NP,1077,1818,0,1,0,1819,A
5-NP,1078,1822,0,1,0,1823,A
5-NP,1079,0,1,0,1829,1830,C
5-NP,1080,1,1828,0,1,1830,T
5-NP,1081,1785,0,0,0,1785,A
5-NP,1082,0,1,1792,0,1793,G
5-NP,1083,1752,0,2,0,1754,A
5-NP,1084,0,1,1759,0,1760,G
5-NP,1085,0,0,1761,0,1761,G
5-NP,1086,1682,0,0,0,1682,A
5-NP,1087,0,0,1699,0,1699,G
5-NP,1088,0,1676,0,0,1676,T
5-NP,1089,1671,1,4,0,1676,A
5-NP,1090,1,0,0,1675,1676,C
5-NP,1091,1655,0,1,0,1656,A
5-NP,1092,1655,0,1,0,1656,A
5-NP,1093,1638,0,3,0,1641,A
5-NP,1094,0,1631,0,0,1631,T
5-NP,1095,0,1611,0,1,1612,T
5-NP,1096,1,0,1567,0,1568,G
5-NP,1097,0,0,0,1554,1554,C
5-NP,1098,1,1543,0,4,1548,T
5-NP,1099,0,1546,0,1,1547,T
5-NP,1100,0,0,0,1550,1550,C
5-NP,1101,1548,0,0,0,1548,A
5-NP,1102,1550,0,0,0,1550,A
5-NP,1103,1551,0,0,0,1551,A
5-NP,1104,0,1551,1,0,1552,T
5-NP,1105,0,1,1546,1,1548,G
5-NP,1106,1510,0,3,0,1513,A
5-NP,1107,0,0,1515,1,1516,G
5-NP,1108,1509,1,3,0,1513,A
5-NP,1109,1514,0,2,0,1516,A
5-NP,1110,0,0,1,1510,1511,C
5-NP,1111,1481,0,3,0,1484,A
5-NP,1112,0,1483,0,0,1483,T
5-NP,1113,0,0,1492,0,1492,G
5-NP,1114,0,1,1496,0,1497,G
5-NP,1115,1491,0,3,0,1494,A
5-NP,1116,0,1446,0,0,1446,T
5-NP,1117,1423,0,0,0,1423,A
5-NP,1118,1470,0,1,0,1471,A
5-NP,1119,0,1448,0,1,1449,T
5-NP,1120,1443,0,2,0,1445,A
5-NP,1121,0,1437,0,1,1438,T
5-NP,1122,2,3,1273,0,1278,G
5-NP,1123,1,0,1235,0,1236,G
5-NP,1124,0,0,1225,0,1225,G
5-NP,1125,1216,0,1,0,1217,A
5-NP,1126,1,1219,0,1,1221,T
5-NP,1127,2,0,0,896,898,C
5-NP,1128,2,2,891,0,895,G
5-NP,1129,895,1,0,0,896,A
5-NP,1130,1,0,898,0,899,G
5-NP,1131,1,0,0,891,892,C
5-NP,1132,884,0,0,0,884,A
5-NP,1133,0,0,0,912,912,C
5-NP,1134,0,894,0,0,894,T
5-NP,1135,1,0,0,898,899,C
5-NP,1136,1,896,0,1,898,T
5-NP,1137,1,886,1,0,888,T
5-NP,1138,0,0,888,0,888,G
5-NP,1139,883,1,0,0,884,A
5-NP,1140,882,1,1,0,884,A
5-NP,1141,0,1,0,883,884,C
5-NP,1142,0,684,0,0,684,T
5-NP,1143,0,0,688,0,688,G
5-NP,1144,652,0,1,0,653,A
5-NP,1145,0,0,652,0,652,G
5-NP,1146,651,0,2,0,653,A
5-NP,1147,642,0,0,0,642,A
5-NP,1148,0,0,643,0,643,G
5-NP,1149,1,0,0,612,613,C
5-NP,1150,0,0,607,0,607,G
5-NP,1151,0,0,607,0,607,G
5-NP,1152,1,0,583,0,584,G
5-NP,1153,0,576,0,0,576,T
5-NP,1154,559,0,1,0,560,A
5-NP,1155,0,0,0,558,558,C
5-NP,1156,0,431,0,0,431,T
5-NP,1157,0,0,423,0,423,G
5-NP,1158,0,0,410,0,410,G
5-NP,1159,0,0,407,0,407,G
5-NP,1160,0,0,0,401,401,C
5-NP,1161,0,0,0,371,371,C
5-NP,1162,377,0,0,0,377,A
5-NP,1163,0,373,0,2,375,T
5-NP,1164,376,0,0,0,376,A
5-NP,1165,375,0,0,0,375,A
5-NP,1166,0,0,375,0,375,G
5-NP,1167,0,1,381,0,382,G
5-NP,1168,379,0,0,0,379,A
5-NP,1169,0,1,0,374,375,C
5-NP,1170,1,0,0,377,378,C
5-NP,1171,373,0,0,0,373,A
5-NP,1172,0,0,375,0,375,G
5-NP,1173,0,0,380,0,380,G
5-NP,1174,378,0,2,0,380,A
5-NP,1175,0,0,384,0,384,G
5-NP,1176,0,367,0,0,367,T
5-NP,1177,0,0,366,0,366,G
5-NP,1178,0,0,370,0,370,G
5-NP,1179,371,0,1,0,372,A
5-NP,1180,0,0,377,0,377,G
5-NP,1181,0,0,373,0,373,G
5-NP,1182,371,1,0,0,372,A
5-NP,1183,371,0,0,0,371,A
5-NP,1184,375,0,1,0,376,A
5-NP,1185,1,0,0,379,380,C
5-NP,1186,377,1,0,0,378,A
5-NP,1187,0,0,0,384,384,C
5-NP,1188,1,380,0,0,381,T
5-NP,1189,384,0,0,0,384,A
5-NP,1190,388,0,0,0,388,A
5-NP,1191,0,385,0,0,385,T
5-NP,1192,0,0,0,388,388,C
5-NP,1193,384,0,0,0,384,A
5-NP,1194,389,0,0,0,389,A
5-NP,1195,2,0,0,387,389,C
5-NP,1196,374,0,0,0,374,A
5-NP,1197,1,0,376,0,377,G
5-NP,1198,368,0,1,0,369,A
5-NP,1199,0,0,371,0,371,G
5-NP,1200,1,0,368,0,369,G
5-NP,1201,0,0,368,0,368,G
5-NP,1202,0,0,0,367,367,C
5-NP,1203,1,1,0,363,365,C
5-NP,1204,0,357,0,0,357,T
5-NP,1205,0,0,0,357,357,C
5-NP,1206,1,0,0,360,361,C
5-NP,1207,0,0,362,0,362,G
5-NP,1208,0,0,0,361,361,C
5-NP,1209,358,0,0,0,358,A
5-NP,1210,0,0,366,0,366,G
5-NP,1211,0,0,364,0,364,G
5-NP,1212,0,0,0,363,363,C
5-NP,1213,0,0,0,365,365,C
5-NP,1214,359,0,1,0,360,A
5-NP,1215,365,0,0,0,365,A
5-NP,1216,365,0,0,0,365,A
5-NP,1217,0,0,0,367,367,C
5-NP,1218,0,0,0,366,366,C
5-NP,1219,326,0,0,0,326,A
5-NP,1220,0,0,328,0,328,G
5-NP,1221,0,327,0,0,327,T
5-NP,1222,0,0,334,0,334,G
5-NP,1223,0,333,0,1,334,T
5-NP,1224,1,0,332,0,333,G
5-NP,1225,0,0,0,333,333,C
5-NP,1226,330,0,0,0,330,A
5-NP,1227,332,0,0,0,332,A
5-NP,1228,0,0,0,335,335,C
5-NP,1229,0,0,0,333,333,C
5-NP,1230,0,333,1,0,334,T
5-NP,1231,331,0,1,0,332,A
5-NP,1232,0,0,0,331,331,C
5-NP,1233,0,0,332,0,332,G
5-NP,1234,0,329,0,0,329,T
5-NP,1235,0,329,0,0,329,T
5-NP,1236,0,324,0,0,324,T
5-NP,1237,0,321,0,0,321,T
5-NP,1238,0,0,0,323,323,C
5-NP,1239,0,319,0,0,319,T
5-NP,1240,1,0,328,0,329,G
5-NP,1241,0,328,0,0,328,T
5-NP,1242,328,0,0,0,328,A
5-NP,1243,0,0,0,333,333,C
5-NP,1244,329,0,0,0,329,A
5-NP,1245,330,0,0,0,330,A
5-NP,1246,332,0,0,0,332,A
5-NP,1247,0,0,331,0,331,G
5-NP,1248,329,0,0,0,329,A
5-NP,1249,320,0,0,0,320,A
5-NP,1250,319,0,0,0,319,A
5-NP,1251,0,0,0,322,322,C
5-NP,1252,0,0,0,319,319,C
5-NP,1253,0,316,0,0,316,T
5-NP,1254,0,0,0,319,319,C
5-NP,1255,0,1,0,319,320,C
5-NP,1256,0,1,0,319,320,C
5-NP,1257,319,0,0,0,319,A
5-NP,1258,0,321,0,0,321,T
5-NP,1259,0,321,0,0,321,T
5-NP,1260,1,319,0,0,320,T
5-NP,1261,1,0,319,0,320,G
5-NP,1262,318,0,0,0,318,A
5-NP,1263,319,0,0,0,319,A
5-NP,1264,321,0,0,0,321,A
5-NP,1265,318,0,0,0,318,A
5-NP,1266,0,0,322,0,322,G
5-NP,1267,0,319,0,0,319,T
5-NP,1268,0,0,0,318,318,C
5-NP,1269,316,1,1,0,318,A
5-NP,1270,316,0,1,1,318,A
5-NP,1271,0,0,0,318,318,C
5-NP,1272,0,0,0,324,324,C
5-NP,1273,324,0,0,0,324,A
5-NP,1274,0,324,0,0,324,T
5-NP,1275,0,0,0,324,324,C
5-NP,1276,322,0,0,0,322,A
5-NP,1277,0,324,0,0,324,T
5-NP,1278,0,0,324,0,324,G
5-NP,1279,0,0,323,0,323,G
5-NP,1280,0,0,0,323,323,C
5-NP,1281,313,0,0,0,313,A
5-NP,1282,1,0,312,0,313,G
5-NP,1283,0,0,0,312,312,C
5-NP,1284,309,0,1,0,310,A
5-NP,1285,0,310,1,0,311,T
5-NP,1286,0,310,0,0,310,T
5-NP,1287,0,0,0,310,310,C
5-NP,1288,310,0,0,0,310,A
5-NP,1289,0,0,0,309,309,C
5-NP,1290,0,311,0,0,311,T
5-NP,1291,0,0,312,0,312,G
5-NP,1292,0,0,313,0,313,G
5-NP,1293,313,0,0,0,313,A
5-NP,1294,312,0,0,0,312,A
5-NP,1295,314,0,0,0,314,A
5-NP,1296,0,311,0,0,311,T
5-NP,1297,314,0,0,0,314,A
5-NP,1298,0,0,0,309,309,C
5-NP,1299,0,0,302,0,302,G
5-NP,1300,0,0,304,0,304,G
5-NP,1301,296,0,1,0,297,A
5-NP,1302,1,0,299,0,300,G
5-NP,1303,0,0,299,0,299,G
5-NP,1304,0,0,301,0,301,G
5-NP,1305,298,0,1,0,299,A
5-NP,1306,300,0,0,0,300,A
5-NP,1307,0,0,300,0,300,G
5-NP,1308,302,0,0,0,302,A
5-NP,1309,302,0,0,0,302,A
5-NP,1310,0,0,0,306,306,C
5-NP,1311,0,297,0,1,298,T
5-NP,1312,0,299,0,0,299,T
5-NP,1313,0,0,0,300,300,C
5-NP,1314,297,1,1,0,299,A
5-NP,1315,0,0,301,0,301,G
5-NP,1316,299,0,0,0,299,A
5-NP,1317,0,0,0,301,301,C
5-NP,1318,299,0,0,0,299,A
5-NP,1319,0,297,0,0,297,T
5-NP,1320,0,0,300,0,300,G
5-NP,1321,295,0,2,0,297,A
5-NP,1322,0,0,299,0,299,G
5-NP,1323,0,1,298,0,299,G
5-NP,1324,0,0,296,0,296,G
5-NP,1325,0,0,0,295,295,C
5-NP,1326,296,0,0,0,296,A
5-NP,1327,0,0,296,0,296,G
5-NP,1328,294,0,0,0,294,A
5-NP,1329,296,0,0,0,296,A
5-NP,1330,297,0,0,0,297,A
5-NP,1331,0,291,0,0,291,T
5-NP,1332,0,1,0,293,294,C
5-NP,1333,294,0,0,0,294,A
5-NP,1334,0,292,0,0,292,T
5-NP,1335,292,0,1,0,293,A
5-NP,1336,292,0,0,0,292,A
5-NP,1337,0,0,292,0,292,G
5-NP,1338,291,0,0,0,291,A
5-NP,1339,293,0,0,0,293,A
5-NP,1340,0,286,0,0,286,T
5-NP,1341,0,0,288,0,288,G
5-NP,1342,289,0,0,0,289,A
5-NP,1343,1,286,0,0,287,T
5-NP,1344,0,0,288,0,288,G
5-NP,1345,0,0,284,1,285,G
5-NP,1346,280,0,0,0,280,A
5-NP,1347,279,0,0,0,279,A
5-NP,1348,271,0,0,0,271,A
5-NP,1349,0,0,279,0,279,G
5-NP,1350,0,277,0,0,277,T
5-NP,1351,0,0,278,0,278,G
5-NP,1352,0,0,0,275,275,C
5-NP,1353,279,0,0,0,279,A
5-NP,1354,279,0,0,0,279,A
5-NP,1355,275,0,0,0,275,A
5-NP,1356,282,0,0,0,282,A
5-NP,1357,0,0,0,282,282,C
5-NP,1358,0,0,0,279,279,C
5-NP,1359,275,0,1,0,276,A
5-NP,1360,0,0,276,0,276,G
5-NP,1361,275,1,0,0,276,A
5-NP,1362,276,0,0,0,276,A
5-NP,1363,0,0,278,0,278,G
5-NP,1364,277,0,0,0,277,A
5-NP,1365,266,0,0,0,266,A
5-NP,1366,0,0,267,0,267,G
5-NP,1367,0,261,0,1,262,T
5-NP,1368,0,0,263,0,263,G
5-NP,1369,0,260,0,0,260,T
5-NP,1370,0,1,0,259,260,C
5-NP,1371,261,0,0,0,261,A
5-NP,1372,0,262,0,1,263,T
5-NP,1373,0,262,0,0,262,T
5-NP,1374,0,0,0,265,265,C
5-NP,1375,0,0,0,255,255,C
5-NP,1376,0,0,256,0,256,G
5-NP,1377,0,0,256,0,256,G
5-NP,1378,0,0,254,0,254,G
5-NP,1379,0,0,255,0,255,G
5-NP,1380,0,0,255,0,255,G
5-NP,1381,249,0,0,0,249,A
5-NP,1382,1,0,250,0,251,G
5-NP,1383,0,0,251,0,251,G
5-NP,1384,0,0,246,0,246,G
5-NP,1385,0,0,252,0,252,G
5-NP,1386,251,0,1,0,252,A
5-NP,1387,0,0,250,0,250,G
5-NP,1388,0,248,0,1,249,T
5-NP,1389,0,0,0,244,244,C
5-NP,1390,0,250,0,2,252,T
5-NP,1391,1,251,0,0,252,T
5-NP,1392,1,0,0,252,253,C
5-NP,1393,0,0,250,0,250,G
5-NP,1394,249,0,0,0,249,A
5-NP,1395,0,0,251,0,251,G
5-NP,1396,0,0,0,246,246,C
5-NP,1397,0,245,0,0,245,T
5-NP,1398,0,0,0,246,246,C
5-NP,1399,0,247,0,0,247,T
5-NP,1400,0,0,0,247,247,C
5-NP,1401,246,1,0,0,247,A
5-NP,1402,1,0,247,0,248,G
5-NP,1403,248,0,0,0,248,A
5-NP,1404,1,0,0,243,244,C
5-NP,1405,0,1,243,0,244,G
5-NP,1406,237,0,0,0,237,A
5-NP,1407,0,0,242,0,242,G
5-NP,1408,237,0,2,0,239,A
5-NP,1409,240,0,0,0,240,A
5-NP,1410,0,0,241,0,241,G
5-NP,1411,1,0,236,0,237,G
5-NP,1412,1,0,0,235,236,C
5-NP,1413,237,0,0,0,237,A
5-NP,1414,236,0,0,0,236,A
5-NP,1415,0,0,0,237,237,C
5-NP,1416,0,1,236,0,237,G
5-NP,1417,235,0,0,0,235,A
5-NP,1418,236,1,0,0,237,A
5-NP,1419,0,0,0,235,235,C
5-NP,1420,0,0,0,231,231,C
5-NP,1421,1,0,0,227,228,C
5-NP,1422,0,0,228,0,228,G
5-NP,1423,229,0,2,0,231,A
5-NP,1424,0,231,0,0,231,T
5-NP,1425,2,0,0,227,229,C
5-NP,1426,0,0,225,0,225,G
5-NP,1427,0,225,0,0,225,T
5-NP,1428,1,0,226,0,227,G
5-NP,1429,0,0,0,223,223,C
5-NP,1430,0,1,0,223,224,C
5-NP,1431,0,0,0,226,226,C
5-NP,1432,0,226,0,0,226,T
5-NP,1433,0,0,0,233,233,C
5-NP,1434,0,226,1,0,227,T
5-NP,1435,0,225,2,0,227,T
5-NP,1436,1,226,0,0,227,T
5-NP,1437,0,224,0,0,224,T
5-NP,1438,0,0,224,0,224,G
5-NP,1439,224,1,0,0,225,A
5-NP,1440,0,223,0,1,224,T
5-NP,1441,219,0,0,0,219,A
5-NP,1442,0,186,0,0,186,T
5-NP,1443,0,0,187,0,187,G
5-NP,1444,179,0,1,0,180,A
5-NP,1445,0,0,181,0,181,G
5-NP,1446,0,179,0,0,179,T
5-NP,1447,173,0,0,0,173,A
5-NP,1448,172,0,0,0,172,A
5-NP,1449,0,173,0,0,173,T
5-NP,1450,0,0,173,0,173,G
5-NP,1451,171,0,1,0,172,A
5-NP,1452,158,0,0,0,158,A
5-NP,1453,0,0,158,0,158,G
5-NP,1454,0,0,144,0,144,G
5-NP,1455,143,0,1,0,144,A
5-NP,1456,0,143,0,1,144,T
5-NP,1457,1,0,0,140,141,C
5-NP,1458,0,139,0,0,139,T
5-NP,1459,0,138,0,0,138,T
5-NP,1460,139,0,0,0,139,A
5-NP,1461,1,138,0,0,139,T
5-NP,1462,1,135,0,0,136,T
5-NP,1463,0,135,0,0,135,T
5-NP,1464,0,0,0,128,128,C
5-NP,1465,0,125,0,1,126,T
5-NP,1466,0,127,0,0,127,T
5-NP,1467,0,0,0,127,127,C
5-NP,1468,0,0,124,0,124,G
5-NP,1469,0,0,124,0,124,G
5-NP,1470,124,0,0,0,124,A
5-NP,1471,0,0,124,0,124,G
5-NP,1472,121,0,0,0,121,A
5-NP,1473,0,0,0,119,119,C
5-NP,1474,114,0,0,0,114,A
5-NP,1475,114,0,0,0,114,A
5-NP,1476,0,114,0,0,114,T
5-NP,1477,0,0,114,0,114,G
5-NP,1478,0,0,0,114,114,C
5-NP,1479,111,0,0,0,111,A
5-NP,1480,0,0,111,0,111,G
5-NP,1481,109,0,0,1,110,A
5-NP,1482,102,0,0,0,102,A
5-NP,1483,0,0,102,0,102,G
5-NP,1484,72,0,0,0,72,A
5-NP,1485,0,0,71,0,71,G
5-NP,1486,0,66,0,0,66,T
5-NP,1487,66,0,0,0,66,A
5-NP,1488,0,62,0,0,62,T
5-NP,1489,0,0,62,0,62,G
5-NP,1490,62,0,0,0,62,A
5-NP,1491,0,0,0,62,62,C
5-NP,1492,49,0,0,0,49,A
5-NP,1493,49,0,0,0,49,A
5-NP,1494,0,32,0,0,32,T
5-NP,1495,0,30,0,0,30,T
5-NP,1496,28,0,0,0,28,A
5-NP,1497,28,0,0,0,28,A
6-NA,1,398,0,0,0,398,A
6-NA,2,0,406,0,0,406,T
6-NA,3,0,0,412,0,412,G
6-NA,4,410,0,4,0,414,A
6-NA,5,442,1,0,0,443,A
6-NA,6,1,443,0,0,444,T
6-NA,7,0,4,0,441,445,C
6-NA,8,0,0,0,445,445,C
6-NA,9,446,0,0,0,446,A
6-NA,10,458,4,0,0,462,A
6-NA,11,464,0,0,0,464,A
6-NA,12,0,470,0,1,471,T
6-NA,13,1,0,0,473,474,C
6-NA,14,473,0,0,0,473,A
6-NA,15,483,0,0,1,484,A
6-NA,16,484,0,0,0,484,A
6-NA,17,521,0,1,0,522,A
6-NA,18,1,0,586,0,587,G
6-NA,19,607,0,0,0,607,A
6-NA,20,0,623,0,0,623,T
6-NA,21,629,0,0,0,629,A
6-NA,22,630,1,1,0,632,A
6-NA,23,0,637,0,1,638,T
6-NA,24,643,0,0,0,643,A
6-NA,25,656,0,0,0,656,A
6-NA,26,0,1,0,676,677,C
6-NA,27,0,0,686,0,686,G
6-NA,28,683,0,0,0,683,A
6-NA,29,0,684,0,0,684,T
6-NA,30,0,683,2,0,685,T
6-NA,31,1,0,686,0,687,G
6-NA,32,0,1,726,0,727,G
6-NA,33,0,0,0,733,733,C
6-NA,34,0,730,0,1,731,T
6-NA,35,1,0,0,774,775,C
6-NA,36,0,777,0,0,777,T
6-NA,37,0,1,802,0,803,G
6-NA,38,0,795,3,4,802,T
6-NA,39,0,802,0,1,803,T
6-NA,40,0,827,0,1,828,T
6-NA,41,0,1,0,842,843,C
6-NA,42,0,842,0,1,843,T
6-NA,43,1,1,0,847,849,C
6-NA,44,0,842,1,1,844,T
6-NA,45,1,0,0,864,865,C
6-NA,46,866,1,0,0,867,A
6-NA,47,0,1,0,900,901,C
6-NA,48,0,0,0,900,900,C
6-NA,49,900,0,0,0,900,A
6-NA,50,0,919,0,1,920,T
6-NA,51,0,930,0,1,931,T
6-NA,52,0,933,0,0,933,T
6-NA,53,0,0,0,961,961,C
6-NA,54,1,0,0,960,961,C
6-NA,55,971,0,1,0,972,A
6-NA,56,0,0,0,1014,1014,C
6-NA,57,1007,0,0,0,1007,A
6-NA,58,1063,0,1,0,1064,A
6-NA,59,0,1064,0,1,1065,T
6-NA,60,1118,0,0,0,1118,A
6-NA,61,1,1127,0,0,1128,T
6-NA,62,1,0,1123,0,1124,G
6-NA,63,0,0,0,1123,1123,C
6-NA,64,0,1115,0,7,1122,T
6-NA,65,0,1140,0,1,1141,T
6-NA,66,0,0,0,1145,1145,C
6-NA,67,0,1141,0,0,1141,T
6-NA,68,0,1141,0,0,1141,T
6-NA,69,1,0,0,1140,1141,C
6-NA,70,1136,1,2,0,1139,A
6-NA,71,0,1145,0,0,1145,T
6-NA,72,1,0,1138,0,1139,G
6-NA,73,0,0,0,1154,1154,C
6-NA,74,1154,0,0,0,1154,A
6-NA,75,1152,0,1,1,1154,A
6-NA,76,1154,0,2,0,1156,A
6-NA,77,0,1180,0,1,1181,T
6-NA,78,0,1176,0,1,1177,T
6-NA,79,2,1,1180,0,1183,G
6-NA,80,0,0,0,1185,1185,C
6-NA,81,2,0,0,1182,1184,C
6-NA,82,1194,0,1,0,1195,A
6-NA,83,1,1199,0,1,1201,T
6-NA,84,0,0,0,1284,1284,C
6-NA,85,0,1284,0,5,1289,T
6-NA,86,0,1288,0,0,1288,T
6-NA,87,0,2,1323,1,1326,G
6-NA,88,1328,0,1,0,1329,A
6-NA,89,1,1344,0,0,1345,T
6-NA,90,1347,0,0,0,1347,A
6-NA,91,1340,0,3,0,1343,A
6-NA,92,0,0,0,1531,1531,C
6-NA,93,0,1528,0,1,1529,T
6-NA,94,1552,0,0,0,1552,A
6-NA,95,0,1,0,1607,1608,C
6-NA,96,0,1591,1,0,1592,T
6-NA,97,2,0,1634,0,1636,G
6-NA,98,0,1636,0,0,1636,T
6-NA,99,1632,0,2,0,1634,A
6-NA,100,1642,0,1,0,1643,A
6-NA,101,0,2,0,1612,1614,C
6-NA,102,1609,0,0,0,1609,A
6-NA,103,0,1629,0,0,1629,T
6-NA,104,1,1604,0,2,1607,T
6-NA,105,4,0,1603,0,1607,G
6-NA,106,1,1,0,1594,1596,C
6-NA,107,1618,1,3,0,1622,A
6-NA,108,0,1626,0,1,1627,T
6-NA,109,0,1623,0,1,1624,T
6-NA,110,0,1623,0,0,1623,T
6-NA,111,0,0,0,1623,1623,C
6-NA,112,1624,0,2,1,1627,A
6-NA,113,1632,1,3,0,1636,A
6-NA,114,0,0,1636,0,1636,G
6-NA,115,1,0,0,1654,1655,C
6-NA,116,1640,0,1,0,1641,A
6-NA,117,1720,0,1,0,1721,A
6-NA,118,0,1742,0,1,1743,T
6-NA,119,1738,1,3,0,1742,A
6-NA,120,0,1740,0,2,1742,T
6-NA,121,1,6,1793,0,1800,G
6-NA,122,1793,0,3,0,1796,A
6-NA,123,1830,0,0,0,1830,A
6-NA,124,0,1824,1,1,1826,T
6-NA,125,0,1830,1,1,1832,T
6-NA,126,3,1,0,1816,1820,C
6-NA,127,1813,0,2,0,1815,A
6-NA,128,1821,4,2,0,1827,A
6-NA,129,1,1,0,1831,1833,C
6-NA,130,0,1824,1,4,1829,T
6-NA,131,7,1,1,1816,1825,C
6-NA,132,0,1,0,1838,1839,C
6-NA,133,2,1,1,1862,1866,C
6-NA,134,3,0,0,1871,1874,C
6-NA,135,1,1,0,1878,1880,C
6-NA,136,3,0,0,1898,1901,C
6-NA,137,4,0,0,1903,1907,C
6-NA,138,1908,0,0,2,1910,A
6-NA,139,1909,1,2,0,1912,A
6-NA,140,1914,0,1,0,1915,A
6-NA,141,0,0,0,1950,1950,C
6-NA,142,1915,0,1,0,1916,A
6-NA,143,1963,0,0,0,1963,A
6-NA,144,2,0,0,1963,1965,C
6-NA,145,1,0,1,1968,1970,C
6-NA,146,2012,0,2,0,2014,A
6-NA,147,2027,1,2,0,2030,A
6-NA,148,1,1,2061,0,2063,G
6-NA,149,0,2063,0,2,2065,T
6-NA,150,0,4,2054,0,2058,G
6-NA,151,2087,0,2,0,2089,A
6-NA,152,1,2084,0,1,2086,T
6-NA,153,1,1,2081,0,2083,G
6-NA,154,0,0,1,2087,2088,C
6-NA,155,0,2076,0,4,2080,T
6-NA,156,1,0,2203,0,2204,G
6-NA,157,0,2192,1,3,2196,T
6-NA,158,0,1,2198,0,2199,G
6-NA,159,1,2207,0,2,2210,T
6-NA,160,0,4,2188,0,2192,G
6-NA,161,2197,1,1,1,2200,A
6-NA,162,2212,4,3,0,2219,A
6-NA,163,9,2,0,2206,2217,C
6-NA,164,0,0,0,2214,2214,C
6-NA,165,2173,0,2,0,2175,A
6-NA,166,2188,0,2,0,2190,A
6-NA,167,1,1,0,2279,2281,C
6-NA,168,2280,0,0,0,2280,A
6-NA,169,2293,0,3,1,2297,A
6-NA,170,0,2289,0,2,2291,T
6-NA,171,2290,0,2,0,2292,A
6-NA,172,2303,0,4,1,2308,A
6-NA,173,0,2306,0,0,2306,T
6-NA,174,2293,0,0,1,2294,A
6-NA,175,0,1,2298,1,2300,G
6-NA,176,2270,0,0,0,2270,A
6-NA,177,2278,1,1,0,2280,A
6-NA,178,2271,0,3,1,2275,A
6-NA,179,1,1,2291,1,2294,G
6-NA,180,2349,0,3,0,2352,A
6-NA,181,2354,1,0,0,2355,A
6-NA,182,2461,0,5,1,2467,A
6-NA,183,0,1,0,2484,2485,C
6-NA,184,2478,0,2,0,2480,A
6-NA,185,1,2521,0,3,2525,T
6-NA,186,2543,0,2,1,2546,A
6-NA,187,2553,1,4,0,2558,A
6-NA,188,1,1,0,2591,2593,C
6-NA,189,2566,0,0,0,2566,A
6-NA,190,0,0,2676,1,2677,G
6-NA,191,2628,0,8,0,2636,A
6-NA,192,0,1,2647,0,2648,G
6-NA,193,2648,0,4,1,2653,A
6-NA,194,1,2751,1,1,2754,T
6-NA,195,2748,1,2,1,2752,A
6-NA,196,0,0,2800,0,2800,G
6-NA,197,0,2777,2,2,2781,T
6-NA,198,1,1,2834,1,2837,G
6-NA,199,0,2820,0,2,2822,T
6-NA,200,2821,1,1,2,2825,A
6-NA,201,0,2813,0,3,2816,T
6-NA,202,2,0,0,2824,2826,C
6-NA,203,0,2783,1,4,2788,T
6-NA,204,3,12,2864,0,2879,G
6-NA,205,2862,0,7,1,2870,A
6-NA,206,0,9,0,2856,2865,C
6-NA,207,1,0,0,2872,2873,C
6-NA,208,2854,1,0,0,2855,A
6-NA,209,2862,0,3,0,2865,A
6-NA,210,1,0,0,2902,2903,C
6-NA,211,2899,0,1,1,2901,A
6-NA,212,2,1,0,2989,2992,C
6-NA,213,1,1,0,2987,2989,C
6-NA,214,3057,2,2,0,3061,A
6-NA,215,1,0,0,3185,3186,C
6-NA,216,1,2,0,3180,3183,C
6-NA,217,3193,1,3,0,3197,A
6-NA,218,0,3195,0,3,3198,T
6-NA,219,3160,0,3,1,3164,A
6-NA,220,0,2,3180,0,3182,G
6-NA,221,3125,0,0,0,3125,A
6-NA,222,0,1,3178,0,3179,G
6-NA,223,3134,0,2,0,3136,A
6-NA,224,3098,1,3,0,3102,A
6-NA,225,0,0,3112,0,3112,G
6-NA,226,1,4,3132,0,3137,G
6-NA,227,3143,0,4,0,3147,A
6-NA,228,3158,0,1,0,3159,A
6-NA,229,3146,1,2,0,3149,A
6-NA,230,1,3140,0,1,3142,T
6-NA,231,3123,0,3,0,3126,A
6-NA,232,0,3110,0,3,3113,T
6-NA,233,0,0,3117,1,3118,G
6-NA,234,1,2,0,3133,3136,C
6-NA,235,5,0,0,3104,3109,C
6-NA,236,3,1,0,3124,3128,C
6-NA,237,5,1,0,3127,3133,C
6-NA,238,3146,1,2,0,3149,A
6-NA,239,3205,0,1,0,3206,A
6-NA,240,3211,0,0,0,3211,A
6-NA,241,1,0,0,3208,3209,C
6-NA,242,0,3207,0,2,3209,T
6-NA,243,3196,0,4,0,3200,A
6-NA,244,3,0,3220,0,3223,G
6-NA,245,0,2,0,3212,3214,C
6-NA,246,3219,0,1,0,3220,A
6-NA,247,0,2,3267,0,3269,G
6-NA,248,3239,0,0,1,3240,A
6-NA,249,3313,0,6,0,3319,A
6-NA,250,0,3323,0,0,3323,T
6-NA,251,3336,2,0,0,3338,A
6-NA,252,0,1,0,3336,3337,C
6-NA,253,3320,0,6,0,3326,A
6-NA,254,1,5,3324,0,3330,G
6-NA,255,3325,0,1,0,3326,A
6-NA,256,3289,1,0,0,3290,A
6-NA,257,3288,1,1,1,3291,A
6-NA,258,0,3229,0,0,3229,T
6-NA,259,0,3220,0,1,3221,T
6-NA,260,0,0,3228,0,3228,G
6-NA,261,1,1,3223,0,3225,G
6-NA,262,1,3229,0,9,3239,T
6-NA,263,3,1,0,3235,3239,C
6-NA,264,3230,0,0,0,3230,A
6-NA,265,3227,3,1,0,3231,A
6-NA,266,3226,1,2,1,3230,A
6-NA,267,0,0,3245,0,3245,G
6-NA,268,1,0,0,3237,3238,C
6-NA,269,1,5,0,3218,3224,C
6-NA,270,0,0,3233,0,3233,G
6-NA,271,1,0,0,3245,3246,C
6-NA,272,3254,0,3,0,3257,A
6-NA,273,3295,0,0,0,3295,A
6-NA,274,0,3295,0,0,3295,T
6-NA,275,0,1,3329,0,3330,G
6-NA,276,0,3331,0,5,3336,T
6-NA,277,5,7,3321,0,3333,G
6-NA,278,3410,0,2,0,3412,A
6-NA,279,0,1,0,3452,3453,C
6-NA,280,3522,0,1,3,3526,A
6-NA,281,2,3546,0,4,3552,T
6-NA,282,0,3540,0,1,3541,T
6-NA,283,3547,0,0,0,3547,A
6-NA,284,1,1,0,3540,3542,C
6-NA,285,3506,0,2,0,3508,A
6-NA,286,0,5,3505,0,3510,G
6-NA,287,0,1,3446,0,3447,G
6-NA,288,1,0,3336,0,3337,G
6-NA,289,0,3458,0,0,3458,T
6-NA,290,0,3454,0,3,3457,T
6-NA,291,0,3471,1,3,3475,T
6-NA,292,1,2,3470,0,3473,G
6-NA,293,0,1,0,3467,3468,C
6-NA,294,3483,0,1,0,3484,A
6-NA,295,0,1,0,3496,3497,C
6-NA,296,3,1,0,3432,3436,C
6-NA,297,1,3412,1,5,3419,T
6-NA,298,1,3420,1,1,3423,T
6-NA,299,0,3440,1,0,3441,T
6-NA,300,0,3441,0,1,3442,T
6-NA,301,0,3488,0,2,3490,T
6-NA,302,1,1,0,3504,3506,C
6-NA,303,0,3504,1,1,3506,T
6-NA,304,3490,0,4,0,3494,A
6-NA,305,3474,0,5,1,3480,A
6-NA,306,1,6,3492,0,3499,G
6-NA,307,1,6,3475,0,3482,G
6-NA,308,3490,1,5,1,3497,A
6-NA,309,2,1,1,3505,3509,C
6-NA,310,3474,1,2,0,3477,A
6-NA,311,3483,1,0,1,3485,A
6-NA,312,0,3474,1,2,3477,T
6-NA,313,0,3485,0,0,3485,T
6-NA,314,7,4,0,3533,3544,C
6-NA,315,2,3,3521,0,3526,G
6-NA,316,3527,0,0,0,3527,A
6-NA,317,1,3526,2,1,3530,T
6-NA,318,0,3520,0,0,3520,T
6-NA,319,3521,2,3,0,3526,A
6-NA,320,1,1,3531,0,3533,G
6-NA,321,1,1,3531,0,3533,G
6-NA,322,1,2,1,3541,3545,C
6-NA,323,0,3491,0,2,3493,T
6-NA,324,1,3504,0,1,3506,T
6-NA,325,1,3510,0,2,3513,T
6-NA,326,3,0,0,3515,3518,C
6-NA,327,0,2,0,3521,3523,C
6-NA,328,3,1,3521,0,3525,G
6-NA,329,0,1,0,3535,3536,C
6-NA,330,2,3510,0,5,3517,T
6-NA,331,2,0,3606,0,3608,G
6-NA,332,3,0,3594,1,3598,G
6-NA,333,0,3592,0,3,3595,T
6-NA,334,0,2,3600,0,3602,G
6-NA,335,0,2,3596,0,3598,G
6-NA,336,2,2,3602,1,3607,G
6-NA,337,2,1,3604,1,3608,G
6-NA,338,3608,0,5,0,3613,A
6-NA,339,0,2,0,3646,3648,C
6-NA,340,3585,2,3,0,3590,A
6-NA,341,0,3579,0,3,3582,T
6-NA,342,2,0,0,3588,3590,C
6-NA,343,1,3578,0,5,3584,T
6-NA,344,0,4,3592,0,3596,G
6-NA,345,2,0,3584,0,3586,G
6-NA,346,2,0,3593,0,3595,G
6-NA,347,1,3594,0,1,3596,T
6-NA,348,2,4,3552,0,3558,G
6-NA,349,3555,0,5,0,3560,A
6-NA,350,2,0,0,3636,3638,C
6-NA,351,3635,0,1,0,3636,A
6-NA,352,3671,0,2,1,3674,A
6-NA,353,0,3,3682,0,3685,G
6-NA,354,3653,0,10,0,3663,A
6-NA,355,2,4,3688,0,3694,G
6-NA,356,3720,1,3,0,3724,A
6-NA,357,3808,1,3,0,3812,A
6-NA,358,2,5,0,4131,4138,C
6-NA,359,3,0,0,4193,4196,C
6-NA,360,3,4170,0,6,4179,T
6-NA,361,0,4190,0,1,4191,T
6-NA,362,4192,0,5,0,4197,A
6-NA,363,0,4189,1,7,4197,T
6-NA,364,0,0,4286,0,4286,G
6-NA,365,0,4249,0,7,4256,T
6-NA,366,1,0,4278,0,4279,G
6-NA,367,1,4173,0,4,4178,T
6-NA,368,7,0,0,4117,4124,C
6-NA,369,4149,1,3,11,4164,A
6-NA,370,1,4165,0,3,4169,T
6-NA,371,2,1,4160,0,4163,G
6-NA,372,1,3,0,4156,4160,C
6-NA,373,3,8,4139,0,4150,G
6-NA,374,4386,1,2,0,4389,A
6-NA,375,1,4401,0,5,4407,T
6-NA,376,3,1,1,4469,4474,C
6-NA,377,1,1,0,4466,4468,C
6-NA,378,1,4471,0,15,4487,T
6-NA,379,2,7,4518,1,4528,G
6-NA,380,4523,0,6,0,4529,A
6-NA,381,0,1,0,4529,4530,C
6-NA,382,4506,1,4,1,4512,A
6-NA,383,4399,1,7,0,4407,A
6-NA,384,1,0,4535,1,4537,G
6-NA,385,0,4509,1,3,4513,T
6-NA,386,2,0,4562,0,4564,G
6-NA,387,1,4523,1,11,4536,T
6-NA,388,0,4513,1,9,4523,T
6-NA,389,4516,2,4,0,4522,A
6-NA,390,1,4519,0,3,4523,T
6-NA,391,6,2,0,4578,4586,C
6-NA,392,4565,0,1,0,4566,A
6-NA,393,4516,1,5,1,4523,A
6-NA,394,2,4486,0,3,4491,T
6-NA,395,1,4467,1,6,4475,T
6-NA,396,0,4472,0,5,4477,T
6-NA,397,2,2,4486,0,4490,G
6-NA,398,0,3,0,4634,4637,C
6-NA,399,5,1,0,4630,4636,C
6-NA,400,4,1,0,4624,4629,C
6-NA,401,1,4612,0,10,4623,T
6-NA,402,0,4626,0,5,4631,T
6-NA,403,2,3,4673,0,4678,G
6-NA,404,0,3,4670,1,4674,G
6-NA,405,4692,0,7,1,4700,A
6-NA,406,1,2,0,4690,4693,C
6-NA,407,4572,2,13,0,4587,A
6-NA,408,5,7,4636,0,4648,G
6-NA,409,3,2,4629,0,4634,G
6-NA,410,3,5,4733,0,4741,G
6-NA,411,4760,1,8,1,4770,A
6-NA,412,4709,2,13,1,4725,A
6-NA,413,1,3,0,4721,4725,C
6-NA,414,4616,0,6,0,4622,A
6-NA,415,4951,1,4,0,4956,A
6-NA,416,0,2,0,4969,4971,C
6-NA,417,4922,0,2,0,4924,A
6-NA,418,0,1,0,4954,4955,C
6-NA,419,0,4859,0,4,4863,T
6-NA,420,4906,1,3,0,4910,A
6-NA,421,4896,0,4,1,4901,A
6-NA,422,4924,0,6,1,4931,A
6-NA,423,0,1,0,4935,4936,C
6-NA,424,4620,0,0,1,4621,A
6-NA,425,4673,1,1,0,4675,A
6-NA,426,0,5,0,4672,4677,C
6-NA,427,3,1,4643,0,4647,G
6-NA,428,1,4633,0,4,4638,T
6-NA,429,4573,1,4,0,4578,A
6-NA,430,0,2,0,4647,4649,C
6-NA,431,4651,0,3,0,4654,A
6-NA,432,3,4655,2,1,4661,T
6-NA,433,0,4663,0,5,4668,T
6-NA,434,9,2,3,4813,4827,C
6-NA,435,4944,1,0,0,4945,A
6-NA,436,4970,0,1,0,4971,A
6-NA,437,4971,0,1,0,4972,A
6-NA,438,0,4975,0,0,4975,T
6-NA,439,4908,0,2,0,4910,A
6-NA,440,5052,0,4,0,5056,A
6-NA,441,3,1,0,5078,5082,C
6-NA,442,5081,0,2,0,5083,A
6-NA,443,1,0,1,5134,5136,C
6-NA,444,4934,0,7,1,4942,A
6-NA,445,1,0,5775,0,5776,G
6-NA,446,3,5759,0,3,5765,T
6-NA,447,5822,0,3,1,5826,A
6-NA,448,2,5,0,5836,5843,C
6-NA,449,2,0,5796,0,5798,G
6-NA,450,1,5989,0,12,6002,T
6-NA,451,2,4,6013,1,6020,G
6-NA,452,6014,1,7,0,6022,A
6-NA,453,0,6041,0,2,6043,T
6-NA,454,5543,1,8,0,5552,A
6-NA,455,3,6,5544,1,5554,G
6-NA,456,9,7,5494,0,5510,G
6-NA,457,5515,4,4,0,5523,A
6-NA,458,0,2,0,5591,5593,C
6-NA,459,4,4,0,5456,5464,C
6-NA,460,3,0,0,5508,5511,C
6-NA,461,5,2,0,5519,5526,C
6-NA,462,3,5543,0,10,5556,T
6-NA,463,0,5636,0,7,5643,T
6-NA,464,5654,1,3,0,5658,A
6-NA,465,0,5664,0,3,5667,T
6-NA,466,6,2,0,5652,5660,C
6-NA,467,4,5,5597,0,5606,G
6-NA,468,2,3,5592,2,5599,G
6-NA,469,5581,4,7,1,5593,A
6-NA,470,1,0,0,5614,5615,C
6-NA,471,3,1,0,5575,5579,C
6-NA,472,2,1,0,5838,5841,C
6-NA,473,0,5822,0,9,5831,T
6-NA,474,5914,0,3,1,5918,A
6-NA,475,0,5916,0,0,5916,T
6-NA,476,1,5913,0,2,5916,T
6-NA,477,0,8,5918,0,5926,G
6-NA,478,5938,0,4,0,5942,A
6-NA,479,1,5900,1,2,5904,T
6-NA,480,5,14,5892,0,5911,G
6-NA,481,5691,4,3,0,5698,A
6-NA,482,5703,0,5,1,5709,A
6-NA,483,1,5683,0,1,5685,T
6-NA,484,3,5,5767,0,5775,G
6-NA,485,5834,3,2,0,5839,A
6-NA,486,0,0,5881,2,5883,G
6-NA,487,0,5851,3,6,5860,T
6-NA,488,0,5871,0,2,5873,T
6-NA,489,5883,1,5,2,5891,A
6-NA,490,1,3,5897,0,5901,G
6-NA,491,7,0,5900,0,5907,G
6-NA,492,1,5878,0,6,5885,T
6-NA,493,0,1,5900,0,5901,G
6-NA,494,0,5826,1,4,5831,T
6-NA,495,1,5805,0,7,5813,T
6-NA,496,9,5,0,5854,5868,C
6-NA,497,3,1,0,5883,5887,C
6-NA,498,1,5848,1,19,5869,T
6-NA,499,0,5865,4,4,5873,T
6-NA,500,0,5855,0,14,5869,T
6-NA,501,2,5861,0,9,5872,T
6-NA,502,6,4,0,5885,5895,C
6-NA,503,5888,0,0,1,5889,A
6-NA,504,0,5995,3,3,6001,T
6-NA,505,3,0,0,5995,5998,C
6-NA,506,1,5915,1,3,5920,T
6-NA,507,0,3,5897,0,5900,G
6-NA,508,2,6,5859,0,5867,G
6-NA,509,2,8,5881,0,5891,G
6-NA,510,3,6,5930,0,5939,G
6-NA,511,5929,1,11,1,5942,A
6-NA,512,2,1,0,5984,5987,C
6-NA,513,7,2,0,5896,5905,C
6-NA,514,5977,0,2,0,5979,A
6-NA,515,5976,0,6,1,5983,A
6-NA,516,1,5,5982,0,5988,G
6-NA,517,0,0,0,6005,6005,C
6-NA,518,5977,3,4,0,5984,A
6-NA,519,6024,0,2,1,6027,A
6-NA,520,3,1,6053,0,6057,G
6-NA,521,0,6017,0,3,6020,T
6-NA,522,3,2,6176,0,6181,G
6-NA,523,2,6108,0,9,6119,T
6-NA,524,3,2,6269,1,6275,G
6-NA,525,1,4,1,6268,6274,C
6-NA,526,6255,1,5,0,6261,A
6-NA,527,0,6316,0,3,6319,T
6-NA,528,6203,1,11,0,6215,A
6-NA,529,2,1,6360,0,6363,G
6-NA,530,3,0,0,6350,6353,C
6-NA,531,6232,0,5,0,6237,A
6-NA,532,1,6229,1,2,6233,T
6-NA,533,5,7,6107,0,6119,G
6-NA,534,2,2,6403,0,6407,G
6-NA,535,1,6401,2,7,6411,T
6-NA,536,3,3,2,6379,6387,C
6-NA,537,3,2,0,6389,6394,C
6-NA,538,6294,0,13,1,6308,A
6-NA,539,3,0,6402,0,6405,G
6-NA,540,2,2,0,6411,6415,C
6-NA,541,2,6386,0,4,6392,T
6-NA,542,7,1,0,6406,6414,C
6-NA,543,6259,0,0,1,6260,A
6-NA,544,6260,0,5,1,6266,A
6-NA,545,2,0,6298,0,6300,G
6-NA,546,1,6303,0,5,6309,T
6-NA,547,1,6292,0,4,6297,T
6-NA,548,2,2,6313,0,6317,G
6-NA,549,1,6310,0,11,6322,T
6-NA,550,16,3,0,6283,6302,C
6-NA,551,6312,0,3,0,6315,A
6-NA,552,0,6272,3,2,6277,T
6-NA,553,1,3,6309,0,6313,G
6-NA,554,6348,0,5,0,6353,A
6-NA,555,0,6385,0,3,6388,T
6-NA,556,6,2,6410,1,6419,G
6-NA,557,2,3,6421,0,6426,G
6-NA,558,6406,3,7,1,6417,A
6-NA,559,6419,1,6,1,6427,A
6-NA,560,6474,2,5,0,6481,A
6-NA,561,6486,3,8,0,6497,A
6-NA,562,0,2,6547,0,6549,G
6-NA,563,2,1,0,6537,6540,C
6-NA,564,6525,1,8,0,6534,A
6-NA,565,0,6509,0,4,6513,T
6-NA,566,3,12,6554,0,6569,G
6-NA,567,5,3,6583,0,6591,G
6-NA,568,0,1,2,6637,6640,C
6-NA,569,0,6614,0,5,6619,T
6-NA,570,2,0,6630,1,6633,G
6-NA,571,3,5,2,6589,6599,C
6-NA,572,6633,1,3,1,6638,A
6-NA,573,2,6796,0,6,6804,T
6-NA,574,0,1,6815,0,6816,G
6-NA,575,2,6801,0,3,6806,T
6-NA,576,3,6894,1,7,6905,T
6-NA,577,1,6888,0,5,6894,T
6-NA,578,3,0,7209,0,7212,G
6-NA,579,1,7202,0,1,7204,T
6-NA,580,7208,1,2,0,7211,A
6-NA,581,1,7217,0,3,7221,T
6-NA,582,7090,0,1,1,7092,A
6-NA,583,7108,1,5,0,7114,A
6-NA,584,2,3,0,7078,7083,C
6-NA,585,1,9,7019,0,7029,G
6-NA,586,1,3,7024,0,7028,G
6-NA,587,0,8,6888,0,6896,G
6-NA,588,2,6,6921,0,6929,G
6-NA,589,1,3,6939,0,6943,G
6-NA,590,6905,5,13,2,6925,A
6-NA,591,2,6934,0,2,6938,T
6-NA,592,2,10,6934,0,6946,G
6-NA,593,6952,2,12,0,6966,A
6-NA,594,3,6989,2,0,6994,T
6-NA,595,6952,2,6,1,6961,A
6-NA,596,7219,2,2,0,7223,A
6-NA,597,7225,1,3,1,7230,A
6-NA,598,7227,1,1,1,7230,A
6-NA,599,7242,2,2,0,7246,A
6-NA,600,2,7236,2,3,7243,T
6-NA,601,4,2,7225,0,7231,G
6-NA,602,2,3,0,7204,7209,C
6-NA,603,7198,1,4,0,7203,A
6-NA,604,7211,1,6,2,7220,A
6-NA,605,0,0,0,7265,7265,C
6-NA,606,1,7252,0,4,7257,T
6-NA,607,2,2,7282,0,7286,G
6-NA,608,3,3,0,7260,7266,C
6-NA,609,0,7281,0,3,7284,T
6-NA,610,7276,0,6,0,7282,A
6-NA,611,1,4,7290,0,7295,G
6-NA,612,1,3,0,7338,7342,C
6-NA,613,1,7331,0,9,7341,T
6-NA,614,1,7322,0,3,7326,T
6-NA,615,7,1,2,7375,7385,C
6-NA,616,7397,0,5,1,7403,A
6-NA,617,0,7405,1,2,7408,T
6-NA,618,0,7407,0,5,7412,T
6-NA,619,1,7433,0,1,7435,T
6-NA,620,7448,1,3,1,7453,A
6-NA,621,0,5,0,7489,7494,C
6-NA,622,7442,1,4,1,7448,A
6-NA,623,7500,0,6,1,7507,A
6-NA,624,1,7473,0,2,7476,T
6-NA,625,4,8,7436,0,7448,G
6-NA,626,6,8,7421,0,7435,G
6-NA,627,1,3,7421,0,7425,G
6-NA,628,7393,2,11,0,7406,A
6-NA,629,1,5,7552,2,7560,G
6-NA,630,3,2,7585,1,7591,G
6-NA,631,3,2,1,7906,7912,C
6-NA,632,1,7912,0,8,7921,T
6-NA,633,0,7983,0,7,7990,T
6-NA,634,2,0,8057,0,8059,G
6-NA,635,0,8061,0,4,8065,T
6-NA,636,8169,2,12,0,8183,A
6-NA,637,5,5,8205,0,8215,G
6-NA,638,8044,1,10,1,8056,A
6-NA,639,0,8090,0,2,8092,T
6-NA,640,7549,1,5,0,7555,A
6-NA,641,1,0,7562,0,7563,G
6-NA,642,1,7441,1,8,7451,T
6-NA,643,2,0,7311,0,7313,G
6-NA,644,1,7590,0,7,7598,T
6-NA,645,3,7585,0,7,7595,T
6-NA,646,8,2,7675,0,7685,G
6-NA,647,2,7641,2,22,7667,T
6-NA,648,0,7654,0,9,7663,T
6-NA,649,1,7654,0,14,7669,T
6-NA,650,6,1,1,7566,7574,C
6-NA,651,7563,1,5,1,7570,A
6-NA,652,0,7525,2,10,7537,T
6-NA,653,2,4,7524,2,7532,G
6-NA,654,1,5,7899,0,7905,G
6-NA,655,0,7762,1,8,7771,T
6-NA,656,17,3,0,7717,7737,C
6-NA,657,10,2,0,7738,7750,C
6-NA,658,7763,0,8,0,7771,A
6-NA,659,7815,0,6,0,7821,A
6-NA,660,7815,1,8,1,7825,A
6-NA,661,0,7,7844,0,7851,G
6-NA,662,7813,1,9,0,7823,A
6-NA,663,7553,0,4,1,7558,A
6-NA,664,7532,1,7,0,7540,A
6-NA,665,3,7534,1,5,7543,T
6-NA,666,9,1,0,7724,7734,C
6-NA,667,5,2,2,7723,7732,C
6-NA,668,2,7719,0,8,7729,T
6-NA,669,8,1,0,7727,7736,C
6-NA,670,7712,2,8,3,7725,A
6-NA,671,1,4,7740,0,7745,G
6-NA,672,4,7,7721,1,7733,G
6-NA,673,7845,3,13,1,7862,A
6-NA,674,2,1,0,7853,7856,C
6-NA,675,5,1,2,7713,7721,C
6-NA,676,8,8,0,7711,7727,C
6-NA,677,7742,1,4,0,7747,A
6-NA,678,2,2,7749,1,7754,G
6-NA,679,3,11,7750,0,7764,G
6-NA,680,7695,3,10,0,7708,A
6-NA,681,2,0,7826,0,7828,G
6-NA,682,3,7693,0,7,7703,T
6-NA,683,10,2,0,7720,7732,C
6-NA,684,7709,1,6,2,7718,A
6-NA,685,3,3,7739,1,7746,G
6-NA,686,7699,0,12,0,7711,A
6-NA,687,7727,0,2,0,7729,A
6-NA,688,0,7697,2,6,7705,T
6-NA,689,2,1,7735,2,7740,G
6-NA,690,3,2,0,7707,7712,C
6-NA,691,2,4,7771,0,7777,G
6-NA,692,1,7727,4,5,7737,T
6-NA,693,3,7744,0,2,7749,T
6-NA,694,2,7687,0,6,7695,T
6-NA,695,9,3,7755,1,7768,G
6-NA,696,3,7771,1,8,7783,T
6-NA,697,7779,0,2,0,7781,A
6-NA,698,3,7733,0,7,7743,T
6-NA,699,7,4,0,7740,7751,C
6-NA,700,7726,0,2,0,7728,A
6-NA,701,7734,0,0,1,7735,A
6-NA,702,2,7725,0,4,7731,T
6-NA,703,4,0,7732,1,7737,G
6-NA,704,1,12,7725,2,7740,G
6-NA,705,7846,1,5,0,7852,A
6-NA,706,7838,2,13,0,7853,A
6-NA,707,0,1,0,7901,7902,C
6-NA,708,1,7898,0,11,7910,T
6-NA,709,1,7913,1,1,7916,T
6-NA,710,2,0,8124,0,8126,G
6-NA,711,1,8132,0,2,8135,T
6-NA,712,8125,5,8,0,8138,A
6-NA,713,4,3,1,8224,8232,C
6-NA,714,7999,3,14,0,8016,A
6-NA,715,5,0,8461,0,8466,G
6-NA,716,2,8404,0,2,8408,T
6-NA,717,8706,0,3,0,8709,A
6-NA,718,4,0,8736,2,8742,G
6-NA,719,3,8586,1,6,8596,T
6-NA,720,8582,7,6,0,8595,A
6-NA,721,8586,2,6,0,8594,A
6-NA,722,1,8535,0,7,8543,T
6-NA,723,4,20,8557,1,8582,G
6-NA,724,8348,2,1,0,8351,A
6-NA,725,3,3,1,8385,8392,C
6-NA,726,6,8086,1,10,8103,T
6-NA,727,2,5,8124,2,8133,G
6-NA,728,8092,2,11,1,8106,A
6-NA,729,1,8113,0,12,8126,T
6-NA,730,6,8,8117,1,8132,G
6-NA,731,1,6,8047,1,8055,G
6-NA,732,6,5,8058,1,8070,G
6-NA,733,7964,1,13,1,7979,A
6-NA,734,7,0,7968,0,7975,G
6-NA,735,1,7915,2,8,7926,T
6-NA,736,3,0,7935,0,7938,G
6-NA,737,1,3,1,7957,7962,C
6-NA,738,4,7940,2,5,7951,T
6-NA,739,4,7943,0,6,7953,T
6-NA,740,7,4,0,7954,7965,C
6-NA,741,7963,1,11,0,7975,A
6-NA,742,4,3,8015,0,8022,G
6-NA,743,1,8,8006,0,8015,G
6-NA,744,8000,0,4,0,8004,A
6-NA,745,7930,4,4,0,7938,A
6-NA,746,7881,0,6,0,7887,A
6-NA,747,7904,9,11,0,7924,A
6-NA,748,1,3,7943,0,7947,G
6-NA,749,1,2,9,7932,7944,C
6-NA,750,0,7910,1,7,7918,T
6-NA,751,2,10,7903,0,7915,G
6-NA,752,7900,1,10,1,7912,A
6-NA,753,2,7973,1,4,7980,T
6-NA,754,8008,1,5,0,8014,A
6-NA,755,0,0,0,8334,8334,C
6-NA,756,3,8259,2,1,8265,T
6-NA,757,8264,1,3,0,8268,A
6-NA,758,8255,2,7,0,8264,A
6-NA,759,8275,1,2,0,8278,A
6-NA,760,8459,1,8,0,8468,A
6-NA,761,0,8463,0,1,8464,T
6-NA,762,8431,1,2,1,8435,A
6-NA,763,0,3,0,8454,8457,C
6-NA,764,0,8065,1,13,8079,T
6-NA,765,8154,0,1,0,8155,A
6-NA,766,0,8083,1,17,8101,T
6-NA,767,1,8379,0,10,8390,T
6-NA,768,5,3,0,8432,8440,C
6-NA,769,8192,1,3,0,8196,A
6-NA,770,1,8175,2,7,8185,T
6-NA,771,0,8161,0,2,8163,T
6-NA,772,4,5,8193,1,8203,G
6-NA,773,8132,3,15,2,8152,A
6-NA,774,2,5,8107,0,8114,G
6-NA,775,0,4,8098,2,8104,G
6-NA,776,7714,1,10,2,7727,A
6-NA,777,2,7,7868,1,7878,G
6-NA,778,2,8,7871,0,7881,G
6-NA,779,2,6,7878,1,7887,G
6-NA,780,1,6,7910,1,7918,G
6-NA,781,7828,2,11,0,7841,A
6-NA,782,7863,1,8,0,7872,A
6-NA,783,7843,6,8,0,7857,A
6-NA,784,7858,2,5,0,7865,A
6-NA,785,2,7867,1,2,7872,T
6-NA,786,8,3,0,7792,7803,C
6-NA,787,3,1,7857,1,7862,G
6-NA,788,2,7828,0,4,7834,T
6-NA,789,2,7816,2,9,7829,T
6-NA,790,11,2,0,7836,7849,C
6-NA,791,7824,2,3,1,7830,A
6-NA,792,1,8214,0,5,8220,T
6-NA,793,8217,0,4,0,8221,A
6-NA,794,3,0,0,8246,8249,C
6-NA,795,4,8201,0,8,8213,T
6-NA,796,8185,2,7,0,8194,A
6-NA,797,3,2,8191,1,8197,G
6-NA,798,2,0,1,8186,8189,C
6-NA,799,8148,0,38,0,8186,A
6-NA,800,0,1,0,8211,8212,C
6-NA,801,7839,2,1,0,7842,A
6-NA,802,1,8694,0,3,8698,T
6-NA,803,0,8655,0,4,8659,T
6-NA,804,2,2,9052,2,9058,G
6-NA,805,4,9000,0,12,9016,T
6-NA,806,13,11,0,8988,9012,C
6-NA,807,8980,1,13,3,8997,A
6-NA,808,2,4,9017,0,9023,G
6-NA,809,3,1,9030,0,9034,G
6-NA,810,9018,0,2,0,9020,A
6-NA,811,8881,3,9,1,8894,A
6-NA,812,3,3,8957,1,8964,G
6-NA,813,0,8509,0,6,8515,T
6-NA,814,2,2,8546,1,8551,G
6-NA,815,5,6,0,8525,8536,C
6-NA,816,0,8519,0,9,8528,T
6-NA,817,12,4,2,8519,8537,C
6-NA,818,8479,0,4,1,8484,A
6-NA,819,1,1,8539,0,8541,G
6-NA,820,1,3,1,8528,8533,C
6-NA,821,8504,0,5,3,8512,A
6-NA,822,0,8506,1,6,8513,T
6-NA,823,9,1,8692,0,8702,G
6-NA,824,24,8667,2,10,8703,T
6-NA,825,11,9,0,8685,8705,C
6-NA,826,7,3,8685,0,8695,G
6-NA,827,8645,1,6,0,8652,A
6-NA,828,2,4,8614,0,8620,G
6-NA,829,2,10,8621,0,8633,G
6-NA,830,8555,1,7,0,8563,A
6-NA,831,2,0,8632,1,8635,G
6-NA,832,0,8350,0,7,8357,T
6-NA,833,4,1,8374,0,8379,G
6-NA,834,3,1,0,8429,8433,C
6-NA,835,3,8409,0,17,8429,T
6-NA,836,11,2,0,8450,8463,C
6-NA,837,1,2,0,8479,8482,C
6-NA,838,2,8455,2,10,8469,T
6-NA,839,6,1,8488,0,8495,G
6-NA,840,5,5,0,8447,8457,C
6-NA,841,1,8410,0,5,8416,T
6-NA,842,8443,5,2,0,8450,A
6-NA,843,0,8307,1,6,8314,T
6-NA,844,5,2,0,8353,8360,C
6-NA,845,6,4,3,8293,8306,C
6-NA,846,0,8289,2,11,8302,T
6-NA,847,8,3,0,8315,8326,C
6-NA,848,4,2,8301,0,8307,G
6-NA,849,8364,0,5,0,8369,A
6-NA,850,2,8357,1,8,8368,T
6-NA,851,8355,0,3,0,8358,A
6-NA,852,0,8342,0,7,8349,T
6-NA,853,6,2,4,8304,8316,C
6-NA,854,5,4,0,8287,8296,C
6-NA,855,2,8214,0,12,8228,T
6-NA,856,4,6,8224,0,8234,G
6-NA,857,24,0,8234,0,8258,G
6-NA,858,2,8310,0,13,8325,T
6-NA,859,5,0,8325,0,8330,G
6-NA,860,2,8260,1,13,8276,T
6-NA,861,10,3,0,8258,8271,C
6-NA,862,8246,0,7,0,8253,A
6-NA,863,0,4,8246,1,8251,G
6-NA,864,8231,7,7,0,8245,A
6-NA,865,0,8170,1,4,8175,T
6-NA,866,2,0,8182,0,8184,G
6-NA,867,3,8014,0,6,8023,T
6-NA,868,3,2,8005,5,8015,G
6-NA,869,1,7998,0,13,8012,T
6-NA,870,4,1,1,8024,8030,C
6-NA,871,2,7998,0,12,8012,T
6-NA,872,5,2,8001,0,8008,G
6-NA,873,1,9,0,7991,8001,C
6-NA,874,7980,3,11,1,7995,A
6-NA,875,3,3,7994,0,8000,G
6-NA,876,7844,0,6,1,7851,A
6-NA,877,0,3,7862,6,7871,G
6-NA,878,7830,1,10,1,7842,A
6-NA,879,1,0,0,7851,7852,C
6-NA,880,7848,1,8,1,7858,A
6-NA,881,7877,7,7,1,7892,A
6-NA,882,4,3,0,7980,7987,C
6-NA,883,2,7999,1,6,8008,T
6-NA,884,2,2,8005,1,8010,G
6-NA,885,2,5,7986,1,7994,G
6-NA,886,7942,3,10,0,7955,A
6-NA,887,7925,2,10,1,7938,A
6-NA,888,7807,2,6,0,7815,A
6-NA,889,4,3,7796,0,7803,G
6-NA,890,2,4,7706,0,7712,G
6-NA,891,7257,1,10,0,7268,A
6-NA,892,3,7370,1,8,7382,T
6-NA,893,8,2,0,7387,7397,C
6-NA,894,8,7,0,7485,7500,C
6-NA,895,7509,0,6,0,7515,A
6-NA,896,7503,1,6,1,7511,A
6-NA,897,0,7511,0,2,7513,T
6-NA,898,7284,1,6,1,7292,A
6-NA,899,6,3,7230,2,7241,G
6-NA,900,6,7,7204,1,7218,G
6-NA,901,5,6,0,7200,7211,C
6-NA,902,5,0,1,7173,7179,C
6-NA,903,9,3,1,7000,7013,C
6-NA,904,7026,3,5,0,7034,A
6-NA,905,2,7065,1,4,7072,T
6-NA,906,6,1,0,7068,7075,C
6-NA,907,4,1,7084,1,7090,G
6-NA,908,4,7051,0,2,7057,T
6-NA,909,6956,0,11,0,6967,A
6-NA,910,4,3,7085,0,7092,G
6-NA,911,7096,0,3,0,7099,A
6-NA,912,3,7115,0,1,7119,T
6-NA,913,6988,2,2,0,6992,A
6-NA,914,2,6919,0,1,6922,T
6-NA,915,6903,0,3,0,6906,A
6-NA,916,6874,2,5,1,6882,A
6-NA,917,6987,1,4,0,6992,A
6-NA,918,2,5,0,7067,7074,C
6-NA,919,6843,0,2,0,6845,A
6-NA,920,0,6790,0,3,6793,T
6-NA,921,6699,0,3,1,6703,A
6-NA,922,6691,1,9,0,6701,A
6-NA,923,6693,1,11,1,6706,A
6-NA,924,2,6,6750,0,6758,G
6-NA,925,3,8,6808,0,6819,G
6-NA,926,6515,3,4,0,6522,A
6-NA,927,1,6418,1,3,6423,T
6-NA,928,3,3,1,6429,6436,C
6-NA,929,6444,0,4,0,6448,A
6-NA,930,3,6446,0,8,6457,T
6-NA,931,6440,0,4,2,6446,A
6-NA,932,1,2,6469,0,6472,G
6-NA,933,2,1,0,6333,6336,C
6-NA,934,6155,0,2,0,6157,A
6-NA,935,0,5807,2,5,5814,T
6-NA,936,1,5833,0,3,5837,T
6-NA,937,1,4,5822,0,5827,G
6-NA,938,3,5820,0,7,5830,T
6-NA,939,7,6,1,5727,5741,C
6-NA,940,0,5998,2,7,6007,T
6-NA,941,6,4,2,6063,6075,C
6-NA,942,0,5,1,6089,6095,C
6-NA,943,6142,1,3,0,6146,A
6-NA,944,0,1,6192,0,6193,G
6-NA,945,1,6171,0,2,6174,T
6-NA,946,1,5816,0,10,5827,T
6-NA,947,5833,0,2,0,5835,A
6-NA,948,2,5568,0,7,5577,T
6-NA,949,4,1,5571,0,5576,G
6-NA,950,1,5427,1,5,5434,T
6-NA,951,5,1,5438,0,5444,G
6-NA,952,0,5210,0,5,5215,T
6-NA,953,2,1,5252,0,5255,G
6-NA,954,1,5243,0,4,5248,T
6-NA,955,1,5213,13,1,5228,T
6-NA,956,11,3,1,5213,5228,C
6-NA,957,5168,2,6,1,5177,A
6-NA,958,3,1,5176,0,5180,G
6-NA,959,2,9,5175,0,5186,G
6-NA,960,5111,1,7,0,5119,A
6-NA,961,1,3,0,5112,5116,C
6-NA,962,0,4836,0,5,4841,T
6-NA,963,1,4838,0,2,4841,T
6-NA,964,3,0,4948,0,4951,G
6-NA,965,1,4937,0,5,4943,T
6-NA,966,0,4939,0,4,4943,T
6-NA,967,1,2,4858,0,4861,G
6-NA,968,0,6,4822,0,4828,G
6-NA,969,4804,3,10,0,4817,A
6-NA,970,1,6,4820,1,4828,G
6-NA,971,4809,2,7,0,4818,A
6-NA,972,1,1,1,4836,4839,C
6-NA,973,4742,1,9,0,4752,A
6-NA,974,4,0,0,4760,4764,C
6-NA,975,4759,0,9,6,4774,A
6-NA,976,3,2,0,4756,4761,C
6-NA,977,2,2,0,4740,4744,C
6-NA,978,1,2,0,4748,4751,C
6-NA,979,4744,0,2,0,4746,A
6-NA,980,1,5,4754,0,4760,G
6-NA,981,4759,1,1,0,4761,A
6-NA,982,4780,0,1,0,4781,A
6-NA,983,4747,2,2,0,4751,A
6-NA,984,4746,0,4,1,4751,A
6-NA,985,4717,0,6,0,4723,A
6-NA,986,4720,1,5,1,4727,A
6-NA,987,2,2,1,4726,4731,C
6-NA,988,2,4,4723,1,4730,G
6-NA,989,4708,1,3,0,4712,A
6-NA,990,1,4,0,4703,4708,C
6-NA,991,4685,1,5,0,4691,A
6-NA,992,1,1,4711,0,4713,G
6-NA,993,1,0,0,4835,4836,C
6-NA,994,0,4807,0,5,4812,T
6-NA,995,4,0,0,4817,4821,C
6-NA,996,4,0,0,4824,4828,C
6-NA,997,4829,1,7,0,4837,A
6-NA,998,2,0,4861,0,4863,G
6-NA,999,2,3,0,4854,4859,C
6-NA,1000,4839,1,1,0,4841,A
6-NA,1001,0,0,4852,1,4853,G
6-NA,1002,0,4686,2,4,4692,T
6-NA,1003,4686,1,3,0,4690,A
6-NA,1004,1,1,4686,1,4689,G
6-NA,1005,2,8,0,4676,4686,C
6-NA,1006,4,1,0,4692,4697,C
6-NA,1007,4635,0,2,0,4637,A
6-NA,1008,0,4627,0,1,4628,T
6-NA,1009,1,4589,0,2,4592,T
6-NA,1010,1,0,4648,0,4649,G
6-NA,1011,0,4614,3,4,4621,T
6-NA,1012,1,4614,0,3,4618,T
6-NA,1013,5,4610,0,1,4616,T
6-NA,1014,0,2,4575,1,4578,G
6-NA,1015,0,4,4610,2,4616,G
6-NA,1016,4602,3,6,1,4612,A
6-NA,1017,2,4644,0,1,4647,T
6-NA,1018,3,1,0,4636,4640,C
6-NA,1019,8,2,0,4585,4595,C
6-NA,1020,6,4561,0,10,4577,T
6-NA,1021,4555,2,26,0,4583,A
6-NA,1022,4580,2,5,1,4588,A
6-NA,1023,1,1,0,4640,4642,C
6-NA,1024,4582,0,1,1,4584,A
6-NA,1025,4599,0,3,1,4603,A
6-NA,1026,0,4587,0,1,4588,T
6-NA,1027,0,1,4585,1,4587,G
6-NA,1028,4538,5,4,1,4548,A
6-NA,1029,4,5,4387,0,4396,G
6-NA,1030,1,4,4465,0,4470,G
6-NA,1031,4457,1,3,1,4462,A
6-NA,1032,4464,0,7,1,4472,A
6-NA,1033,1,4,4473,1,4479,G
6-NA,1034,1,0,4504,0,4505,G
6-NA,1035,1,4460,0,2,4463,T
6-NA,1036,0,2,4448,1,4451,G
6-NA,1037,3,0,4522,0,4525,G
6-NA,1038,0,4483,1,6,4490,T
6-NA,1039,7,0,0,4462,4469,C
6-NA,1040,4488,1,2,1,4492,A
6-NA,1041,1,4474,0,5,4480,T
6-NA,1042,1,2,4456,1,4460,G
6-NA,1043,1,3,4423,1,4428,G
6-NA,1044,4,2,4299,0,4305,G
6-NA,1045,0,1,4452,0,4453,G
6-NA,1046,0,4448,0,4,4452,T
6-NA,1047,1,5,4454,1,4461,G
6-NA,1048,4445,3,3,1,4452,A
6-NA,1049,4451,0,5,0,4456,A
6-NA,1050,4445,0,15,0,4460,A
6-NA,1051,0,3,4474,0,4477,G
6-NA,1052,2,0,4436,0,4438,G
6-NA,1053,0,0,1,4412,4413,C
6-NA,1054,2,4280,2,6,4290,T
6-NA,1055,7,5,4272,3,4287,G
6-NA,1056,2,3,4285,1,4291,G
6-NA,1057,4,0,4339,0,4343,G
6-NA,1058,2,2,0,4325,4329,C
6-NA,1059,6,1,0,4317,4324,C
6-NA,1060,0,4258,1,8,4267,T
6-NA,1061,1,4269,0,4,4274,T
6-NA,1062,0,4271,0,2,4273,T
6-NA,1063,2,4,4288,0,4294,G
6-NA,1064,4281,1,4,0,4286,A
6-NA,1065,0,4266,0,0,4266,T
6-NA,1066,1,4,4211,0,4216,G
6-NA,1067,4175,3,8,0,4186,A
6-NA,1068,1,4191,1,1,4194,T
6-NA,1069,0,2,4196,0,4198,G
6-NA,1070,1,1,4239,0,4241,G
6-NA,1071,4229,0,2,0,4231,A
6-NA,1072,4211,0,5,0,4216,A
6-NA,1073,4220,0,4,0,4224,A
6-NA,1074,0,4222,1,3,4226,T
6-NA,1075,1,4,4242,0,4247,G
6-NA,1076,4237,0,5,0,4242,A
6-NA,1077,0,0,0,4214,4214,C
6-NA,1078,2,0,4222,0,4224,G
6-NA,1079,0,4154,0,1,4155,T
6-NA,1080,4,0,4166,0,4170,G
6-NA,1081,3,4161,0,3,4167,T
6-NA,1082,2,2,4164,0,4168,G
6-NA,1083,0,2,4180,0,4182,G
6-NA,1084,4157,2,3,0,4162,A
6-NA,1085,0,4161,0,0,4161,T
6-NA,1086,0,3,4154,0,4157,G
6-NA,1087,1,2,4153,0,4156,G
6-NA,1088,0,2,4172,1,4175,G
6-NA,1089,4141,2,8,0,4151,A
6-NA,1090,4141,0,6,0,4147,A
6-NA,1091,1,1,4134,0,4136,G
6-NA,1092,4101,0,2,0,4103,A
6-NA,1093,4106,2,5,1,4114,A
6-NA,1094,1,4,0,4089,4094,C
6-NA,1095,1,3,4075,0,4079,G
6-NA,1096,4067,1,4,0,4072,A
6-NA,1097,1,4029,0,2,4032,T
6-NA,1098,2,1,0,4036,4039,C
6-NA,1099,4007,3,1,0,4011,A
6-NA,1100,1,0,4016,0,4017,G
6-NA,1101,1,3,0,3995,3999,C
6-NA,1102,3,2,4001,0,4006,G
6-NA,1103,3984,1,2,0,3987,A
6-NA,1104,0,2,3993,0,3995,G
6-NA,1105,3981,0,4,0,3985,A
6-NA,1106,3980,2,2,0,3984,A
6-NA,1107,0,1,4000,0,4001,G
6-NA,1108,0,3956,0,7,3963,T
6-NA,1109,7,1,0,3938,3946,C
6-NA,1110,3943,0,7,0,3950,A
6-NA,1111,1,0,1,4015,4017,C
6-NA,1112,1,0,4025,0,4026,G
6-NA,1113,2,1,0,4018,4021,C
6-NA,1114,0,3983,0,8,3991,T
6-NA,1115,0,4004,0,1,4005,T
6-NA,1116,3935,0,1,2,3938,A
6-NA,1117,0,2,4024,1,4027,G
6-NA,1118,0,4,4021,0,4025,G
6-NA,1119,3,3,4075,0,4081,G
6-NA,1120,2,3884,0,2,3888,T
6-NA,1121,3854,1,3,0,3858,A
6-NA,1122,1,3846,0,4,3851,T
6-NA,1123,3,4,3843,0,3850,G
6-NA,1124,3849,0,2,0,3851,A
6-NA,1125,3848,1,2,0,3851,A
6-NA,1126,3696,0,2,2,3700,A
6-NA,1127,1,0,0,3638,3639,C
6-NA,1128,1,0,0,3396,3397,C
6-NA,1129,3,2988,2,2,2995,T
6-NA,1130,1,2975,0,4,2980,T
6-NA,1131,3,2,0,2978,2983,C
6-NA,1132,2986,0,0,0,2986,A
6-NA,1133,2984,1,1,0,2986,A
6-NA,1134,2986,0,1,1,2988,A
6-NA,1135,0,0,3007,0,3007,G
6-NA,1136,1,2934,0,3,2938,T
6-NA,1137,4,1,0,2934,2939,C
6-NA,1138,2989,0,3,0,2992,A
6-NA,1139,0,2984,1,7,2992,T
6-NA,1140,1,2988,0,4,2993,T
6-NA,1141,0,2,2991,0,2993,G
6-NA,1142,2982,0,3,1,2986,A
6-NA,1143,2991,0,4,1,2996,A
6-NA,1144,0,3,2968,0,2971,G
6-NA,1145,2,0,2950,0,2952,G
6-NA,1146,1,0,0,2943,2944,C
6-NA,1147,0,2850,0,3,2853,T
6-NA,1148,2,2,2866,0,2870,G
6-NA,1149,1,0,2908,0,2909,G
6-NA,1150,5,2903,0,4,2912,T
6-NA,1151,6,0,0,2902,2908,C
6-NA,1152,2,4,0,2885,2891,C
6-NA,1153,2885,0,2,0,2887,A
6-NA,1154,2908,0,2,0,2910,A
6-NA,1155,1,0,0,2903,2904,C
6-NA,1156,3,0,0,2871,2874,C
6-NA,1157,2,0,1,2855,2858,C
6-NA,1158,0,2721,0,4,2725,T
6-NA,1159,2729,0,1,0,2730,A
6-NA,1160,2725,0,0,0,2725,A
6-NA,1161,1,0,2741,0,2742,G
6-NA,1162,0,2725,0,4,2729,T
6-NA,1163,3,0,0,2715,2718,C
6-NA,1164,3,1,1,2642,2647,C
6-NA,1165,2640,0,1,0,2641,A
6-NA,1166,2635,0,0,0,2635,A
6-NA,1167,2637,0,0,0,2637,A
6-NA,1168,1,2634,1,4,2640,T
6-NA,1169,0,2628,2,0,2630,T
6-NA,1170,1,1,2599,0,2601,G
6-NA,1171,0,1,0,2582,2583,C
6-NA,1172,2580,0,4,0,2584,A
6-NA,1173,0,0,2587,0,2587,G
6-NA,1174,2580,0,0,0,2580,A
6-NA,1175,0,2618,1,0,2619,T
6-NA,1176,2623,0,3,0,2626,A
6-NA,1177,2609,0,1,1,2611,A
6-NA,1178,2612,0,4,0,2616,A
6-NA,1179,0,2601,0,1,2602,T
6-NA,1180,2591,1,2,0,2594,A
6-NA,1181,1,1,2591,1,2594,G
6-NA,1182,2,2,2573,0,2577,G
6-NA,1183,0,2,0,2564,2566,C
6-NA,1184,2463,0,0,0,2463,A
6-NA,1185,2477,0,5,0,2482,A
6-NA,1186,0,0,2493,0,2493,G
6-NA,1187,1,2486,0,2,2489,T
6-NA,1188,7,2,0,2475,2484,C
6-NA,1189,2485,0,6,0,2491,A
6-NA,1190,0,2468,0,0,2468,T
6-NA,1191,2473,0,0,0,2473,A
6-NA,1192,0,0,2476,1,2477,G
6-NA,1193,0,2473,0,1,2474,T
6-NA,1194,1,2364,0,1,2366,T
6-NA,1195,1,4,2317,0,2322,G
6-NA,1196,2301,0,4,0,2305,A
6-NA,1197,0,0,0,2302,2302,C
6-NA,1198,2259,0,4,0,2263,A
6-NA,1199,0,4,2287,0,2291,G
6-NA,1200,2263,1,4,0,2268,A
6-NA,1201,0,0,2353,0,2353,G
6-NA,1202,3,0,2349,0,2352,G
6-NA,1203,0,2332,0,1,2333,T
6-NA,1204,2325,0,3,0,2328,A
6-NA,1205,2315,2,1,0,2318,A
6-NA,1206,0,2326,0,0,2326,T
6-NA,1207,2306,0,2,0,2308,A
6-NA,1208,1,1,2240,0,2242,G
6-NA,1209,2,1,2171,1,2175,G
6-NA,1210,0,1892,0,1,1893,T
6-NA,1211,3,0,1,1856,1860,C
6-NA,1212,1,1,0,1859,1861,C
6-NA,1213,3,1,1867,0,1871,G
6-NA,1214,1,1,1872,0,1874,G
6-NA,1215,0,1869,0,2,1871,T
6-NA,1216,0,1861,0,0,1861,T
6-NA,1217,1836,2,0,0,1838,A
6-NA,1218,0,1799,0,1,1800,T
6-NA,1219,0,1799,0,0,1799,T
6-NA,1220,0,1,0,1804,1805,C
6-NA,1221,0,1714,0,2,1716,T
6-NA,1222,3,1,1710,0,1714,G
6-NA,1223,2,1,1714,0,1717,G
6-NA,1224,0,1708,0,1,1709,T
6-NA,1225,1711,0,0,0,1711,A
6-NA,1226,1,1689,1,1,1692,T
6-NA,1227,1,1680,1,1,1683,T
6-NA,1228,0,1670,0,2,1672,T
6-NA,1229,0,1681,1,1,1683,T
6-NA,1230,2,1,0,1693,1696,C
6-NA,1231,0,1656,0,4,1660,T
6-NA,1232,2,1,2,1668,1673,C
6-NA,1233,0,1660,0,1,1661,T
6-NA,1234,2,0,1689,0,1691,G
6-NA,1235,0,1686,0,2,1688,T
6-NA,1236,1,1685,0,0,1686,T
6-NA,1237,1,0,1683,0,1684,G
6-NA,1238,1672,0,0,1,1673,A
6-NA,1239,1668,0,5,0,1673,A
6-NA,1240,0,1,1687,0,1688,G
6-NA,1241,0,0,1684,0,1684,G
6-NA,1242,0,2,0,1678,1680,C
6-NA,1243,1658,0,1,0,1659,A
6-NA,1244,1658,0,2,0,1660,A
6-NA,1245,1659,0,0,0,1659,A
6-NA,1246,1650,0,6,0,1656,A
6-NA,1247,1,1,1666,0,1668,G
6-NA,1248,0,2,0,1666,1668,C
6-NA,1249,0,1646,0,3,1649,T
6-NA,1250,1,0,1666,0,1667,G
6-NA,1251,0,1,0,1661,1662,C
6-NA,1252,1661,0,3,0,1664,A
6-NA,1253,0,1661,0,2,1663,T
6-NA,1254,1,2,1,1645,1649,C
6-NA,1255,1654,0,0,0,1654,A
6-NA,1256,1654,2,0,0,1656,A
6-NA,1257,0,1647,0,0,1647,T
6-NA,1258,0,0,0,1649,1649,C
6-NA,1259,2,0,1620,0,1622,G
6-NA,1260,0,1,1639,0,1640,G
6-NA,1261,0,1641,1,1,1643,T
6-NA,1262,0,0,1650,1,1651,G
6-NA,1263,1,0,0,1656,1657,C
6-NA,1264,1,1642,1,2,1646,T
6-NA,1265,0,1669,0,0,1669,T
6-NA,1266,0,1670,0,3,1673,T
6-NA,1267,0,1679,0,0,1679,T
6-NA,1268,1690,0,0,0,1690,A
6-NA,1269,0,1614,0,1,1615,T
6-NA,1270,1,0,1617,0,1618,G
6-NA,1271,0,1597,0,1,1598,T
6-NA,1272,0,0,1579,0,1579,G
6-NA,1273,0,0,1598,0,1598,G
6-NA,1274,1573,0,2,0,1575,A
6-NA,1275,0,0,1594,0,1594,G
6-NA,1276,0,1584,0,2,1586,T
6-NA,1277,0,1576,0,3,1579,T
6-NA,1278,0,0,1590,0,1590,G
6-NA,1279,1578,0,4,0,1582,A
6-NA,1280,1,1579,0,3,1583,T
6-NA,1281,1577,0,2,0,1579,A
6-NA,1282,1529,1,1,0,1531,A
6-NA,1283,0,2,1538,0,1540,G
6-NA,1284,1,1,1520,0,1522,G
6-NA,1285,0,0,1516,0,1516,G
6-NA,1286,3,2,1497,1,1503,G
6-NA,1287,1480,0,3,0,1483,A
6-NA,1288,1479,1,3,0,1483,A
6-NA,1289,0,0,1492,0,1492,G
6-NA,1290,1491,0,2,0,1493,A
6-NA,1291,1491,0,0,0,1491,A
6-NA,1292,1469,0,4,0,1473,A
6-NA,1293,1449,0,3,0,1452,A
6-NA,1294,0,0,1452,0,1452,G
6-NA,1295,1437,1,1,0,1439,A
6-NA,1296,0,1,1435,0,1436,G
6-NA,1297,0,1,1433,0,1434,G
6-NA,1298,1409,0,4,0,1413,A
6-NA,1299,1419,0,1,0,1420,A
6-NA,1300,1422,1,1,0,1424,A
6-NA,1301,0,0,0,1425,1425,C
6-NA,1302,0,1424,1,3,1428,T
6-NA,1303,2,1,1420,0,1423,G
6-NA,1304,1418,0,1,0,1419,A
6-NA,1305,1412,1,5,0,1418,A
6-NA,1306,0,0,1425,0,1425,G
6-NA,1307,1,1403,0,2,1406,T
6-NA,1308,2,0,0,1409,1411,C
6-NA,1309,0,1409,0,1,1410,T
6-NA,1310,0,1390,0,1,1391,T
6-NA,1311,0,0,1392,0,1392,G
6-NA,1312,0,1384,0,1,1385,T
6-NA,1313,2,1,1380,0,1383,G
6-NA,1314,0,2,1377,0,1379,G
6-NA,1315,1356,0,2,0,1358,A
6-NA,1316,1,1,0,1361,1363,C
6-NA,1317,1,0,0,1327,1328,C
6-NA,1318,1,1327,0,1,1329,T
6-NA,1319,1,0,0,1326,1327,C
6-NA,1320,1330,0,3,0,1333,A
6-NA,1321,1330,0,2,0,1332,A
6-NA,1322,1329,1,0,0,1330,A
6-NA,1323,0,0,0,1357,1357,C
6-NA,1324,1323,0,2,0,1325,A
6-NA,1325,0,0,1353,0,1353,G
6-NA,1326,0,1326,0,0,1326,T
6-NA,1327,1324,0,2,0,1326,A
6-NA,1328,0,1322,0,4,1326,T
6-NA,1329,1,1303,0,0,1304,T
6-NA,1330,0,0,1320,0,1320,G
6-NA,1331,0,1315,0,1,1316,T
6-NA,1332,0,1248,0,0,1248,T
6-NA,1333,0,0,1256,0,1256,G
6-NA,1334,0,1166,0,1,1167,T
6-NA,1335,2,0,1169,0,1171,G
6-NA,1336,0,1161,1,2,1164,T
6-NA,1337,0,1145,0,1,1146,T
6-NA,1338,1,1139,1,2,1143,T
6-NA,1339,0,1103,1,0,1104,T
6-NA,1340,1,0,1104,0,1105,G
6-NA,1341,1,1101,0,4,1106,T
6-NA,1342,0,2,1094,0,1096,G
6-NA,1343,0,1,1092,0,1093,G
6-NA,1344,0,2,0,1081,1083,C
6-NA,1345,1087,0,0,0,1087,A
6-NA,1346,1,0,0,1089,1090,C
6-NA,1347,0,0,0,1090,1090,C
6-NA,1348,0,1091,0,0,1091,T
6-NA,1349,0,0,0,1089,1089,C
6-NA,1350,1084,1,1,0,1086,A
6-NA,1351,1,2,1096,0,1099,G
6-NA,1352,0,0,1100,0,1100,G
6-NA,1353,1,1088,0,3,1092,T
6-NA,1354,1079,0,1,0,1080,A
6-NA,1355,0,0,0,1010,1010,C
6-NA,1356,1008,0,0,0,1008,A
6-NA,1357,0,1007,0,0,1007,T
6-NA,1358,978,0,5,0,983,A
6-NA,1359,0,981,0,0,981,T
6-NA,1360,0,0,917,0,917,G
6-NA,1361,1,0,915,2,918,G
6-NA,1362,909,1,1,0,911,A
6-NA,1363,910,0,0,0,910,A
6-NA,1364,0,1,0,902,903,C
6-NA,1365,741,0,1,0,742,A
6-NA,1366,0,0,745,0,745,G
6-NA,1367,0,0,741,0,741,G
6-NA,1368,0,1,0,746,747,C
6-NA,1369,0,746,0,0,746,T
6-NA,1370,1,0,0,708,709,C
6-NA,1371,705,0,1,0,706,A
6-NA,1372,0,705,1,0,706,T
6-NA,1373,0,0,706,0,706,G
6-NA,1374,0,1,708,0,709,G
6-NA,1375,1,0,0,683,684,C
6-NA,1376,1,1,0,670,672,C
6-NA,1377,0,649,0,2,651,T
6-NA,1378,0,0,651,0,651,G
6-NA,1379,648,0,0,0,648,A
6-NA,1380,0,651,0,0,651,T
6-NA,1381,0,0,643,0,643,G
6-NA,1382,0,2,636,0,638,G
6-NA,1383,1,0,601,0,602,G
6-NA,1384,0,0,605,0,605,G
6-NA,1385,0,0,0,586,586,C
6-NA,1386,0,0,585,0,585,G
6-NA,1387,0,0,583,0,583,G
6-NA,1388,578,0,0,0,578,A
6-NA,1389,1,1,0,572,574,C
6-NA,1390,574,0,0,0,574,A
6-NA,1391,0,566,0,2,568,T
6-NA,1392,1,0,0,561,562,C
6-NA,1393,556,0,0,0,556,A
6-NA,1394,551,0,2,0,553,A
6-NA,1395,0,550,0,1,551,T
6-NA,1396,0,0,0,545,545,C
6-NA,1397,0,522,0,0,522,T
6-NA,1398,1,0,0,460,461,C
6-NA,1399,458,0,1,0,459,A
6-NA,1400,0,456,0,0,456,T
6-NA,1401,0,1,455,0,456,G
6-NA,1402,0,0,0,450,450,C
6-NA,1403,0,0,0,439,439,C
6-NA,1404,0,363,0,0,363,T
6-NA,1405,0,0,359,0,359,G
6-NA,1406,0,360,0,0,360,T
6-NA,1407,360,0,0,0,360,A
6-NA,1408,0,360,0,0,360,T
6-NA,1409,345,0,0,0,345,A
6-NA,1410,342,0,0,0,342,A
7-M,1,122,0,0,0,122,A
7-M,2,0,123,0,0,123,T
7-M,3,0,0,125,0,125,G
7-M,4,123,0,0,0,123,A
7-M,5,0,0,133,0,133,G
7-M,6,1,0,0,145,146,C
7-M,7,0,0,0,152,152,C
7-M,8,0,205,0,0,205,T
7-M,9,0,204,0,2,206,T
7-M,10,0,0,0,206,206,C
7-M,11,0,207,0,0,207,T
7-M,12,212,0,0,0,212,A
7-M,13,212,0,1,0,213,A
7-M,14,0,0,0,213,213,C
7-M,15,0,0,0,212,212,C
7-M,16,0,0,214,0,214,G
7-M,17,213,0,0,0,213,A
7-M,18,0,1,222,0,223,G
7-M,19,0,0,230,0,230,G
7-M,20,0,231,0,0,231,T
7-M,21,0,0,0,231,231,C
7-M,22,0,0,231,0,231,G
7-M,23,237,0,0,0,237,A
7-M,24,240,0,0,0,240,A
7-M,25,243,0,0,0,243,A
7-M,26,0,0,0,265,265,C
7-M,27,0,1,269,0,270,G
7-M,28,0,273,0,0,273,T
7-M,29,282,0,1,0,283,A
7-M,30,0,287,1,0,288,T
7-M,31,1,1,292,0,294,G
7-M,32,0,294,0,0,294,T
7-M,33,0,326,0,1,327,T
7-M,34,0,0,0,341,341,C
7-M,35,0,340,0,0,340,T
7-M,36,1,0,0,360,361,C
7-M,37,0,363,0,0,363,T
7-M,38,0,0,0,397,397,C
7-M,39,0,395,0,0,395,T
7-M,40,401,0,1,0,402,A
7-M,41,0,403,0,0,403,T
7-M,42,0,0,0,408,408,C
7-M,43,1,0,410,0,411,G
7-M,44,0,414,0,0,414,T
7-M,45,0,412,0,1,413,T
7-M,46,0,0,1,420,421,C
7-M,47,0,0,0,437,437,C
7-M,48,440,0,0,0,440,A
7-M,49,0,439,0,0,439,T
7-M,50,0,0,0,440,440,C
7-M,51,436,0,1,0,437,A
7-M,52,0,0,443,0,443,G
7-M,53,0,2,437,0,439,G
7-M,54,1,1,0,444,446,C
7-M,55,1,1,0,442,444,C
7-M,56,0,0,0,441,441,C
7-M,57,0,0,0,459,459,C
7-M,58,0,0,0,461,461,C
7-M,59,0,460,0,1,461,T
7-M,60,0,0,0,462,462,C
7-M,61,460,0,0,0,460,A
7-M,62,461,1,0,0,462,A
7-M,63,466,0,0,0,466,A
7-M,64,0,0,470,0,470,G
7-M,65,0,0,0,473,473,C
7-M,66,0,0,0,468,468,C
7-M,67,0,1,466,0,467,G
7-M,68,469,0,0,1,470,A
7-M,69,0,0,471,0,471,G
7-M,70,473,0,0,0,473,A
7-M,71,0,475,0,0,475,T
7-M,72,0,0,0,473,473,C
7-M,73,0,0,475,0,475,G
7-M,74,0,0,0,477,477,C
7-M,75,1,0,480,0,481,G
7-M,76,1,0,0,480,481,C
7-M,77,480,0,0,0,480,A
7-M,78,0,0,485,0,485,G
7-M,79,479,0,1,0,480,A
7-M,80,0,1,522,0,523,G
7-M,81,519,0,1,0,520,A
7-M,82,0,0,0,530,530,C
7-M,83,0,529,0,2,531,T
7-M,84,0,530,0,1,531,T
7-M,85,1,1,533,0,535,G
7-M,86,534,0,3,0,537,A
7-M,87,533,0,2,0,535,A
7-M,88,0,0,535,0,535,G
7-M,89,527,0,0,0,527,A
7-M,90,0,535,0,0,535,T
7-M,91,0,0,536,0,536,G
7-M,92,0,535,0,1,536,T
7-M,93,0,0,0,535,535,C
7-M,94,0,532,0,0,532,T
7-M,95,0,531,0,1,532,T
7-M,96,0,533,0,0,533,T
7-M,97,0,0,534,0,534,G
7-M,98,1,0,0,533,534,C
7-M,99,0,531,0,1,532,T
7-M,100,0,1,532,0,533,G
7-M,101,0,1,541,0,542,G
7-M,102,1,0,559,0,560,G
7-M,103,557,1,0,0,558,A
7-M,104,559,0,1,0,560,A
7-M,105,562,0,0,0,562,A
7-M,106,567,0,0,0,567,A
7-M,107,575,0,1,0,576,A
7-M,108,0,0,0,575,575,C
7-M,109,574,0,1,0,575,A
7-M,110,0,0,0,577,577,C
7-M,111,572,0,0,0,572,A
7-M,112,0,0,595,0,595,G
7-M,113,604,0,0,0,604,A
7-M,114,0,611,0,1,612,T
7-M,115,1,0,0,622,623,C
7-M,116,0,623,0,1,624,T
7-M,117,0,622,0,0,622,T
7-M,118,0,0,626,0,626,G
7-M,119,626,0,1,0,627,A
7-M,120,0,0,629,0,629,G
7-M,121,0,0,628,0,628,G
7-M,122,0,0,0,633,633,C
7-M,123,0,627,0,0,627,T
7-M,124,1,0,1,700,702,C
7-M,125,0,699,0,4,703,T
7-M,126,1,0,0,704,705,C
7-M,127,702,0,2,1,705,A
7-M,128,0,710,0,0,710,T
7-M,129,0,1,709,0,710,G
7-M,130,0,1,709,0,710,G
7-M,131,712,0,0,0,712,A
7-M,132,708,0,0,0,708,A
7-M,133,0,693,0,0,693,T
7-M,134,0,0,729,0,729,G
7-M,135,0,0,759,0,759,G
7-M,136,0,2,0,761,763,C
7-M,137,0,763,0,0,763,T
7-M,138,767,0,0,0,767,A
7-M,139,766,0,0,0,766,A
7-M,140,778,0,0,0,778,A
7-M,141,1,0,792,0,793,G
7-M,142,793,0,1,0,794,A
7-M,143,0,1,0,793,794,C
7-M,144,781,0,0,0,781,A
7-M,145,774,0,4,0,778,A
7-M,146,0,2,803,0,805,G
7-M,147,805,0,1,0,806,A
7-M,148,1,0,0,809,810,C
7-M,149,1,1,0,808,810,C
7-M,150,806,0,0,0,806,A
7-M,151,814,0,0,0,814,A
7-M,152,0,818,0,0,818,T
7-M,153,0,819,0,0,819,T
7-M,154,0,0,0,824,824,C
7-M,155,1,819,0,1,821,T
7-M,156,1,0,825,0,826,G
7-M,157,0,824,0,0,824,T
7-M,158,1,1,0,821,823,C
7-M,159,824,0,3,0,827,A
7-M,160,0,0,0,858,858,C
7-M,161,1,0,0,860,861,C
7-M,162,0,856,0,1,857,T
7-M,163,1,1,0,863,865,C
7-M,164,0,862,0,0,862,T
7-M,165,0,0,890,0,890,G
7-M,166,895,0,0,0,895,A
7-M,167,0,0,1,897,898,C
7-M,168,0,896,0,1,897,T
7-M,169,880,0,0,0,880,A
7-M,170,876,0,2,0,878,A
7-M,171,0,0,878,0,878,G
7-M,172,1,2,877,0,880,G
7-M,173,0,2,880,0,882,G
7-M,174,0,0,876,3,879,G
7-M,175,896,0,0,0,896,A
7-M,176,0,891,0,0,891,T
7-M,177,0,896,0,0,896,T
7-M,178,1,893,0,1,895,T
7-M,179,0,896,0,0,896,T
7-M,180,1,0,900,0,901,G
7-M,181,0,1,900,0,901,G
7-M,182,0,0,902,0,902,G
7-M,183,0,0,902,0,902,G
7-M,184,0,887,0,1,888,T
7-M,185,1,885,0,1,887,T
7-M,186,0,888,0,0,888,T
7-M,187,0,0,922,0,922,G
7-M,188,0,921,0,0,921,T
7-M,189,0,0,925,0,925,G
7-M,190,0,923,0,1,924,T
7-M,191,0,923,0,2,925,T
7-M,192,0,1,0,931,932,C
7-M,193,934,0,1,0,935,A
7-M,194,0,0,0,958,958,C
7-M,195,0,1,958,0,959,G
7-M,196,0,0,0,961,961,C
7-M,197,0,949,0,2,951,T
7-M,198,2,0,1,976,979,C
7-M,199,978,0,2,0,980,A
7-M,200,0,0,0,993,993,C
7-M,201,0,2,0,988,990,C
7-M,202,0,0,992,1,993,G
7-M,203,0,992,1,1,994,T
7-M,204,2,0,990,0,992,G
7-M,205,0,2,0,996,998,C
7-M,206,2,0,0,994,996,C
7-M,207,1,1,0,997,999,C
7-M,208,990,0,2,0,992,A
7-M,209,0,0,1007,0,1007,G
7-M,210,0,1004,1,1,1006,T
7-M,211,1,3,1009,0,1013,G
7-M,212,1026,0,0,0,1026,A
7-M,213,0,0,1029,1,1030,G
7-M,214,0,0,0,1027,1027,C
7-M,215,0,1,1031,0,1032,G
7-M,216,1032,0,0,0,1032,A
7-M,217,1,2,1035,0,1038,G
7-M,218,0,3,1036,0,1039,G
7-M,219,1033,0,1,0,1034,A
7-M,220,0,1,0,1051,1052,C
7-M,221,0,1038,0,3,1041,T
7-M,222,0,0,1043,0,1043,G
7-M,223,0,0,0,1042,1042,C
7-M,224,1038,0,1,0,1039,A
7-M,225,0,0,1069,0,1069,G
7-M,226,1,0,0,1064,1065,C
7-M,227,0,1,1073,0,1074,G
7-M,228,0,1070,0,1,1071,T
7-M,229,1065,0,1,0,1066,A
7-M,230,0,0,1067,0,1067,G
7-M,231,1063,0,2,0,1065,A
7-M,232,0,1,0,1068,1069,C
7-M,233,1,0,1070,0,1071,G
7-M,234,0,1,0,1067,1068,C
7-M,235,0,1056,0,1,1057,T
7-M,236,0,1060,0,0,1060,T
7-M,237,0,1058,0,1,1059,T
7-M,238,0,0,1085,1,1086,G
7-M,239,1,1079,0,2,1082,T
7-M,240,1,0,0,1086,1087,C
7-M,241,1,1,0,1084,1086,C
7-M,242,1087,0,0,0,1087,A
7-M,243,1085,0,0,0,1085,A
7-M,244,1084,1,0,0,1085,A
7-M,245,1085,0,0,1,1086,A
7-M,246,1,1086,0,0,1087,T
7-M,247,0,1,1075,1,1077,G
7-M,248,0,0,0,1078,1078,C
7-M,249,0,0,0,1077,1077,C
7-M,250,0,2,0,1089,1091,C
7-M,251,0,1088,0,0,1088,T
7-M,252,1,0,0,1131,1132,C
7-M,253,1138,0,0,0,1138,A
7-M,254,1145,0,1,0,1146,A
7-M,255,0,1147,0,1,1148,T
7-M,256,0,0,1158,0,1158,G
7-M,257,0,0,1167,0,1167,G
7-M,258,0,1,1170,0,1171,G
7-M,259,1168,1,1,0,1170,A
7-M,260,1167,0,0,0,1167,A
7-M,261,0,1152,0,0,1152,T
7-M,262,0,1,1147,1,1149,G
7-M,263,0,2,1150,0,1152,G
7-M,264,1140,0,3,1,1144,A
7-M,265,2,3,1139,0,1144,G
7-M,266,1137,0,0,0,1137,A
7-M,267,0,1,0,1121,1122,C
7-M,268,2,0,0,1165,1167,C
7-M,269,1,1,0,1178,1180,C
7-M,270,1195,0,2,1,1198,A
7-M,271,1192,0,1,0,1193,A
7-M,272,1196,0,1,1,1198,A
7-M,273,0,1204,0,1,1205,T
7-M,274,1239,0,0,0,1239,A
7-M,275,1239,0,1,0,1240,A
7-M,276,0,0,0,1219,1219,C
7-M,277,1206,0,1,1,1208,A
7-M,278,0,1202,0,0,1202,T
7-M,279,1,0,1213,0,1214,G
7-M,280,0,2,1212,0,1214,G
7-M,281,1214,0,3,0,1217,A
7-M,282,1,1,0,1216,1218,C
7-M,283,1198,0,0,0,1198,A
7-M,284,1200,0,1,0,1201,A
7-M,285,1192,0,4,1,1197,A
7-M,286,0,1,1201,0,1202,G
7-M,287,0,0,0,1230,1230,C
7-M,288,1199,0,0,0,1199,A
7-M,289,1,0,1216,0,1217,G
7-M,290,1,1218,0,0,1219,T
7-M,291,1,1218,0,0,1219,T
7-M,292,1223,0,0,0,1223,A
7-M,293,1217,0,2,0,1219,A
7-M,294,1224,0,2,0,1226,A
7-M,295,0,0,0,1240,1240,C
7-M,296,0,1219,0,1,1220,T
7-M,297,4,0,1395,0,1399,G
7-M,298,0,1388,0,2,1390,T
7-M,299,1402,0,0,0,1402,A
7-M,300,0,1402,0,0,1402,T
7-M,301,1396,0,1,0,1397,A
7-M,302,69,0,1330,0,1399,G
7-M,303,1,3,1389,0,1393,G
7-M,304,1382,0,0,0,1382,A
7-M,305,1379,0,0,0,1379,A
7-M,306,1304,0,1,0,1305,A
7-M,307,0,0,0,1319,1319,C
7-M,308,1,1315,0,0,1316,T
7-M,309,0,1319,0,0,1319,T
7-M,310,1317,1,0,0,1318,A
7-M,311,1312,0,1,0,1313,A
7-M,312,0,1,1318,0,1319,G
7-M,313,1303,0,1,0,1304,A
7-M,314,1,0,1302,0,1303,G
7-M,315,1250,1,3,0,1254,A
7-M,316,1,1,1281,0,1283,G
7-M,317,1289,0,4,0,1293,A
7-M,318,0,2,1303,0,1305,G
7-M,319,1313,0,2,0,1315,A
7-M,320,0,1317,0,0,1317,T
7-M,321,1311,0,0,0,1311,A
7-M,322,1320,0,0,0,1320,A
7-M,323,0,1,0,1325,1326,C
7-M,324,0,0,1338,0,1338,G
7-M,325,0,1326,0,2,1328,T
7-M,326,1,1312,0,2,1315,T
7-M,327,1,1,0,1329,1331,C
7-M,328,0,0,0,1327,1327,C
7-M,329,1325,1,2,0,1328,A
7-M,330,0,1324,0,0,1324,T
7-M,331,0,2,1319,0,1321,G
7-M,332,0,3,1321,0,1324,G
7-M,333,0,0,1315,1,1316,G
7-M,334,0,1,1327,0,1328,G
7-M,335,0,2,0,1319,1321,C
7-M,336,0,0,0,1314,1314,C
7-M,337,1324,0,1,0,1325,A
7-M,338,1335,0,0,0,1335,A
7-M,339,1332,0,3,0,1335,A
7-M,340,0,1,1348,0,1349,G
7-M,341,1351,0,1,0,1352,A
7-M,342,1344,1,4,0,1349,A
7-M,343,1346,0,1,0,1347,A
7-M,344,0,1343,0,1,1344,T
7-M,345,1342,0,0,0,1342,A
7-M,346,0,2,1342,0,1344,G
7-M,347,0,0,0,1342,1342,C
7-M,348,0,1330,0,1,1331,T
7-M,349,0,0,0,1338,1338,C
7-M,350,2,1323,0,2,1327,T
7-M,351,3,0,0,1365,1368,C
7-M,352,1368,1,1,0,1370,A
7-M,353,0,1,1368,0,1369,G
7-M,354,1,1362,0,1,1364,T
7-M,355,0,1372,0,0,1372,T
7-M,356,1372,0,0,0,1372,A
7-M,357,0,1372,0,1,1373,T
7-M,358,0,1367,0,1,1368,T
7-M,359,0,0,0,1375,1375,C
7-M,360,0,1327,0,2,1329,T
7-M,361,0,1,1336,0,1337,G
7-M,362,0,0,0,1334,1334,C
7-M,363,0,1324,0,2,1326,T
7-M,364,0,1,1325,0,1326,G
7-M,365,0,0,1324,0,1324,G
7-M,366,1,1315,0,3,1319,T
7-M,367,1,0,1316,0,1317,G
7-M,368,2,1,0,1311,1314,C
7-M,369,1319,0,1,0,1320,A
7-M,370,0,1,0,1320,1321,C
7-M,371,0,1312,0,0,1312,T
7-M,372,0,1328,0,1,1329,T
7-M,373,0,0,1329,1,1330,G
7-M,374,0,0,0,1331,1331,C
7-M,375,0,2,0,1332,1334,C
7-M,376,1329,1,0,1,1331,A
7-M,377,0,0,1364,0,1364,G
7-M,378,1,1359,0,3,1363,T
7-M,379,0,1359,0,0,1359,T
7-M,380,1,0,1355,0,1356,G
7-M,381,0,1336,0,0,1336,T
7-M,382,1375,0,0,0,1375,A
7-M,383,0,1367,0,0,1367,T
7-M,384,1,0,1366,0,1367,G
7-M,385,0,0,1381,0,1381,G
7-M,386,0,0,1380,0,1380,G
7-M,387,1,1,0,1381,1383,C
7-M,388,0,0,1,1410,1411,C
7-M,389,2,1374,0,5,1381,T
7-M,390,1,2,0,1398,1401,C
7-M,391,1453,0,0,0,1453,A
7-M,392,0,1460,0,0,1460,T
7-M,393,1509,0,1,0,1510,A
7-M,394,0,1494,0,0,1494,T
7-M,395,1466,0,2,0,1468,A
7-M,396,0,0,0,1534,1534,C
7-M,397,1485,0,0,0,1485,A
7-M,398,1490,0,0,0,1490,A
7-M,399,0,1484,0,0,1484,T
7-M,400,1431,0,1,0,1432,A
7-M,401,0,0,1446,0,1446,G
7-M,402,0,0,1422,0,1422,G
7-M,403,1413,0,0,0,1413,A
7-M,404,0,1405,0,3,1408,T
7-M,405,0,0,1324,0,1324,G
7-M,406,0,1,1319,0,1320,G
7-M,407,2,2,1321,0,1325,G
7-M,408,1,3,1330,0,1334,G
7-M,409,0,0,1328,0,1328,G
7-M,410,1,1,0,1326,1328,C
7-M,411,0,1304,1,0,1305,T
7-M,412,0,0,1309,0,1309,G
7-M,413,0,1303,0,6,1309,T
7-M,414,1310,0,0,1,1311,A
7-M,415,1304,1,2,0,1307,A
7-M,416,0,0,0,1313,1313,C
7-M,417,4,0,1,1299,1304,C
7-M,418,1298,0,1,0,1299,A
7-M,419,0,0,0,1300,1300,C
7-M,420,0,1297,0,0,1297,T
7-M,421,0,1,1305,0,1306,G
7-M,422,1311,0,0,0,1311,A
7-M,423,1310,0,0,0,1310,A
7-M,424,0,0,1311,0,1311,G
7-M,425,1,1303,0,0,1304,T
7-M,426,1289,0,1,0,1290,A
7-M,427,0,0,1303,0,1303,G
7-M,428,1,0,0,1311,1312,C
7-M,429,1320,0,0,0,1320,A
7-M,430,0,1310,0,0,1310,T
7-M,431,0,1308,0,0,1308,T
7-M,432,0,1307,0,0,1307,T
7-M,433,2,1,1323,0,1326,G
7-M,434,0,1,1327,0,1328,G
7-M,435,0,2,0,1325,1327,C
7-M,436,0,1,0,1317,1318,C
7-M,437,0,1302,0,0,1302,T
7-M,438,0,2,1357,1,1360,G
7-M,439,0,0,1372,0,1372,G
7-M,440,0,1373,0,1,1374,T
7-M,441,1378,0,1,0,1379,A
7-M,442,0,1334,1,0,1335,T
7-M,443,1,0,1351,0,1352,G
7-M,444,0,1349,0,4,1353,T
7-M,445,1,1,1352,0,1354,G
7-M,446,0,2,0,1353,1355,C
7-M,447,1311,0,1,0,1312,A
7-M,448,1309,0,4,0,1313,A
7-M,449,0,0,0,1320,1320,C
7-M,450,1315,1,2,0,1318,A
7-M,451,0,1326,0,0,1326,T
7-M,452,0,0,1310,0,1310,G
7-M,453,0,1283,0,3,1286,T
7-M,454,0,2,1289,0,1291,G
7-M,455,1286,0,0,0,1286,A
7-M,456,0,1,1288,0,1289,G
7-M,457,0,2,0,1287,1289,C
7-M,458,1256,0,0,0,1256,A
7-M,459,0,2,1259,1,1262,G
7-M,460,1249,0,0,0,1249,A
7-M,461,0,1256,0,0,1256,T
7-M,462,0,1254,0,1,1255,T
7-M,463,0,1,1261,0,1262,G
7-M,464,0,1,1,1258,1260,C
7-M,465,0,1257,0,3,1260,T
7-M,466,0,1,1254,0,1255,G
7-M,467,1256,0,0,0,1256,A
7-M,468,0,1,0,1311,1312,C
7-M,469,0,1307,0,1,1308,T
7-M,470,0,0,0,1306,1306,C
7-M,471,0,1,0,1302,1303,C
7-M,472,1,1,0,1300,1302,C
7-M,473,1301,0,1,0,1302,A
7-M,474,1,0,1310,0,1311,G
7-M,475,0,2,0,1302,1304,C
7-M,476,1314,0,0,0,1314,A
7-M,477,0,0,0,1307,1307,C
7-M,478,1244,0,2,0,1246,A
7-M,479,0,1,1262,0,1263,G
7-M,480,0,1,1263,0,1264,G
7-M,481,0,1266,0,0,1266,T
7-M,482,1,0,0,1287,1288,C
7-M,483,0,1272,0,2,1274,T
7-M,484,1,0,0,1283,1284,C
7-M,485,1281,0,1,0,1282,A
7-M,486,0,1279,0,3,1282,T
7-M,487,1285,0,0,1,1286,A
7-M,488,0,0,1261,0,1261,G
7-M,489,0,1,1248,0,1249,G
7-M,490,0,0,0,1254,1254,C
7-M,491,1216,0,0,0,1216,A
7-M,492,0,0,1202,0,1202,G
7-M,493,1207,0,1,0,1208,A
7-M,494,0,1206,0,0,1206,T
7-M,495,1,0,1211,0,1212,G
7-M,496,1,0,1209,0,1210,G
7-M,497,0,1205,0,0,1205,T
7-M,498,1,1,1208,0,1210,G
7-M,499,0,1,1206,0,1207,G
7-M,500,0,0,0,1208,1208,C
7-M,501,1200,0,0,0,1200,A
7-M,502,1201,1,1,0,1203,A
7-M,503,0,0,0,1213,1213,C
7-M,504,1211,1,0,0,1212,A
7-M,505,1215,0,0,1,1216,A
7-M,506,0,0,1,1212,1213,C
7-M,507,1,0,0,1207,1208,C
7-M,508,1199,0,0,0,1199,A
7-M,509,1199,1,1,0,1201,A
7-M,510,0,1197,0,3,1200,T
7-M,511,1,1,0,1197,1199,C
7-M,512,0,0,0,1192,1192,C
7-M,513,1183,0,1,0,1184,A
7-M,514,1,1174,0,2,1177,T
7-M,515,1,1172,0,1,1174,T
7-M,516,1180,0,0,0,1180,A
7-M,517,1173,1,0,0,1174,A
7-M,518,0,1175,0,2,1177,T
7-M,519,1171,0,0,0,1171,A
7-M,520,1166,0,0,0,1166,A
7-M,521,1154,0,0,0,1154,A
7-M,522,1161,1,1,0,1163,A
7-M,523,0,0,0,1200,1200,C
7-M,524,1202,0,0,0,1202,A
7-M,525,0,1199,0,0,1199,T
7-M,526,5,3,1188,1,1197,G
7-M,527,1192,0,0,0,1192,A
7-M,528,0,2,1198,0,1200,G
7-M,529,1190,1,1,0,1192,A
7-M,530,1201,0,0,0,1201,A
7-M,531,0,1,0,1201,1202,C
7-M,532,1162,0,0,0,1162,A
7-M,533,1,2,1177,1,1181,G
7-M,534,1170,0,1,1,1172,A
7-M,535,1172,0,2,1,1175,A
7-M,536,2,1174,0,1,1177,T
7-M,537,0,0,1177,0,1177,G
7-M,538,0,0,1176,0,1176,G
7-M,539,0,1163,0,0,1163,T
7-M,540,1,1144,0,0,1145,T
7-M,541,0,1167,0,1,1168,T
7-M,542,1,1172,1,0,1174,T
7-M,543,0,1,1184,0,1185,G
7-M,544,0,0,1180,0,1180,G
7-M,545,0,0,0,1175,1175,C
7-M,546,1,0,0,1169,1170,C
7-M,547,1158,0,0,0,1158,A
7-M,548,0,0,1195,0,1195,G
7-M,549,0,0,0,1190,1190,C
7-M,550,1195,0,1,0,1196,A
7-M,551,0,0,0,1217,1217,C
7-M,552,0,1194,0,1,1195,T
7-M,553,1200,0,1,0,1201,A
7-M,554,0,1,0,1202,1203,C
7-M,555,1219,0,2,0,1221,A
7-M,556,0,0,1236,0,1236,G
7-M,557,1,0,0,1192,1193,C
7-M,558,1,1179,0,0,1180,T
7-M,559,1178,0,0,0,1178,A
7-M,560,1152,2,2,0,1156,A
7-M,561,1,0,1176,0,1177,G
7-M,562,0,0,1182,0,1182,G
7-M,563,1,1,0,1174,1176,C
7-M,564,1,1119,0,1,1121,T
7-M,565,1115,1,4,0,1120,A
7-M,566,0,1115,0,0,1115,T
7-M,567,1,0,1120,0,1121,G
7-M,568,0,1,1121,2,1124,G
7-M,569,1098,0,2,0,1100,A
7-M,570,1,0,1103,0,1104,G
7-M,571,1,0,0,1082,1083,C
7-M,572,1078,0,1,0,1079,A
7-M,573,1075,0,1,1,1077,A
7-M,574,1073,0,1,0,1074,A
7-M,575,0,1083,0,0,1083,T
7-M,576,0,0,1089,0,1089,G
7-M,577,0,0,1077,0,1077,G
7-M,578,0,0,0,1072,1072,C
7-M,579,0,1064,0,0,1064,T
7-M,580,0,0,1072,0,1072,G
7-M,581,0,1,1076,0,1077,G
7-M,582,1077,0,3,0,1080,A
7-M,583,0,1068,0,1,1069,T
7-M,584,3,2,0,1060,1065,C
7-M,585,1069,0,0,0,1069,A
7-M,586,1080,0,0,0,1080,A
7-M,587,1,0,1080,0,1081,G
7-M,588,1,1081,0,0,1082,T
7-M,589,1,0,1079,0,1080,G
7-M,590,1074,0,0,1,1075,A
7-M,591,1061,0,2,0,1063,A
7-M,592,0,0,0,1065,1065,C
7-M,593,1073,0,1,0,1074,A
7-M,594,0,2,1080,0,1082,G
7-M,595,0,0,1075,0,1075,G
7-M,596,0,0,0,1079,1079,C
7-M,597,1078,0,0,0,1078,A
7-M,598,1,1,1071,0,1073,G
7-M,599,1,0,0,1069,1070,C
7-M,600,1052,0,2,0,1054,A
7-M,601,0,2,1070,0,1072,G
7-M,602,1071,0,2,0,1073,A
7-M,603,1,0,1089,0,1090,G
7-M,604,0,0,1109,0,1109,G
7-M,605,0,0,0,1103,1103,C
7-M,606,0,1,0,1100,1101,C
7-M,607,1079,0,2,0,1081,A
7-M,608,0,1077,0,2,1079,T
7-M,609,1,0,1085,1,1087,G
7-M,610,0,2,1088,0,1090,G
7-M,611,1076,0,0,0,1076,A
7-M,612,0,0,1080,0,1080,G
7-M,613,1036,0,1,0,1037,A
7-M,614,0,1057,0,1,1058,T
7-M,615,0,1054,0,0,1054,T
7-M,616,0,0,1054,0,1054,G
7-M,617,0,0,0,1056,1056,C
7-M,618,0,1048,0,0,1048,T
7-M,619,1043,0,1,0,1044,A
7-M,620,0,0,1043,0,1043,G
7-M,621,0,1037,0,1,1038,T
7-M,622,1,0,0,1044,1045,C
7-M,623,1011,0,0,0,1011,A
7-M,624,0,0,1023,0,1023,G
7-M,625,0,0,1015,0,1015,G
7-M,626,0,0,0,1018,1018,C
7-M,627,0,0,0,1017,1017,C
7-M,628,1012,1,2,0,1015,A
7-M,629,0,0,1030,0,1030,G
7-M,630,0,0,1026,0,1026,G
7-M,631,0,0,0,1028,1028,C
7-M,632,1025,0,4,0,1029,A
7-M,633,0,0,1022,0,1022,G
7-M,634,1010,1,0,0,1011,A
7-M,635,0,1012,0,0,1012,T
7-M,636,0,0,1023,0,1023,G
7-M,637,0,0,1036,0,1036,G
7-M,638,1,1022,0,1,1024,T
7-M,639,1,0,1022,0,1023,G
7-M,640,0,0,0,1021,1021,C
7-M,641,1018,1,0,0,1019,A
7-M,642,0,1,1035,0,1036,G
7-M,643,2,1,1027,0,1030,G
7-M,644,0,0,0,1033,1033,C
7-M,645,1034,0,0,0,1034,A
7-M,646,1011,0,0,0,1011,A
7-M,647,0,1001,0,0,1001,T
7-M,648,1,0,1001,0,1002,G
7-M,649,996,0,2,0,998,A
7-M,650,2,2,991,0,995,G
7-M,651,961,1,1,0,963,A
7-M,652,0,0,973,0,973,G
7-M,653,1,1,0,971,973,C
7-M,654,0,0,0,983,983,C
7-M,655,983,0,0,0,983,A
7-M,656,0,981,0,1,982,T
7-M,657,0,979,2,1,982,T
7-M,658,1,0,979,0,980,G
7-M,659,0,0,976,0,976,G
7-M,660,0,1,980,0,981,G
7-M,661,977,1,3,0,981,A
7-M,662,0,0,0,972,972,C
7-M,663,0,936,1,3,940,T
7-M,664,1,1,0,944,946,C
7-M,665,945,0,0,0,945,A
7-M,666,0,968,0,1,969,T
7-M,667,0,0,0,970,970,C
7-M,668,1,0,0,966,967,C
7-M,669,0,966,0,2,968,T
7-M,670,963,0,0,0,963,A
7-M,671,0,0,969,0,969,G
7-M,672,0,1004,0,0,1004,T
7-M,673,0,984,1,3,988,T
7-M,674,0,0,0,978,978,C
7-M,675,0,0,0,952,952,C
7-M,676,947,1,0,0,948,A
7-M,677,2,0,957,0,959,G
7-M,678,0,958,0,0,958,T
7-M,679,955,0,0,0,955,A
7-M,680,1,0,0,955,956,C
7-M,681,0,896,0,1,897,T
7-M,682,1,1,929,0,931,G
7-M,683,1,1,929,0,931,G
7-M,684,0,923,0,0,923,T
7-M,685,0,904,0,0,904,T
7-M,686,0,914,0,0,914,T
7-M,687,913,0,0,0,913,A
7-M,688,914,0,0,0,914,A
7-M,689,0,0,917,0,917,G
7-M,690,893,0,1,0,894,A
7-M,691,1,1,879,0,881,G
7-M,692,842,0,1,0,843,A
7-M,693,0,844,0,0,844,T
7-M,694,0,3,840,0,843,G
7-M,695,840,1,1,0,842,A
7-M,696,1,836,0,2,839,T
7-M,697,3,1,0,835,839,C
7-M,698,0,834,0,0,834,T
7-M,699,0,834,0,0,834,T
7-M,700,1,0,0,838,839,C
7-M,701,0,836,0,1,837,T
7-M,702,0,839,0,0,839,T
7-M,703,0,2,835,1,838,G
7-M,704,832,0,1,0,833,A
7-M,705,834,0,0,0,834,A
7-M,706,835,0,0,0,835,A
7-M,707,840,0,0,0,840,A
7-M,708,0,843,0,0,843,T
7-M,709,0,843,1,0,844,T
7-M,710,0,847,0,0,847,T
7-M,711,0,0,843,0,843,G
7-M,712,0,1,0,844,845,C
7-M,713,843,0,1,0,844,A
7-M,714,0,0,847,0,847,G
7-M,715,847,0,1,0,848,A
7-M,716,0,0,0,868,868,C
7-M,717,2,0,0,864,866,C
7-M,718,0,862,0,1,863,T
7-M,719,878,0,1,0,879,A
7-M,720,0,877,0,1,878,T
7-M,721,1,0,0,879,880,C
7-M,722,876,1,0,0,877,A
7-M,723,1,0,877,0,878,G
7-M,724,867,0,0,0,867,A
7-M,725,840,0,0,0,840,A
7-M,726,843,0,0,0,843,A
7-M,727,0,1,0,840,841,C
7-M,728,0,1,837,0,838,G
7-M,729,824,1,1,0,826,A
7-M,730,828,0,0,0,828,A
7-M,731,0,828,0,0,828,T
7-M,732,1,1,827,0,829,G
7-M,733,2,1,838,0,841,G
7-M,734,0,1,840,0,841,G
7-M,735,1,1,833,0,835,G
7-M,736,0,1,842,0,843,G
7-M,737,0,818,0,0,818,T
7-M,738,0,0,820,0,820,G
7-M,739,0,1,0,815,816,C
7-M,740,820,0,0,0,820,A
7-M,741,0,1,822,0,823,G
7-M,742,813,0,0,0,813,A
7-M,743,0,806,0,0,806,T
7-M,744,0,0,802,0,802,G
7-M,745,0,0,0,792,792,C
7-M,746,797,0,0,0,797,A
7-M,747,792,0,1,0,793,A
7-M,748,0,0,0,798,798,C
7-M,749,0,0,798,0,798,G
7-M,750,803,0,0,0,803,A
7-M,751,1,798,0,2,801,T
7-M,752,0,799,0,1,800,T
7-M,753,0,0,0,807,807,C
7-M,754,787,1,0,0,788,A
7-M,755,789,0,3,0,792,A
7-M,756,1,0,794,0,795,G
7-M,757,0,782,0,0,782,T
7-M,758,1,1,775,0,777,G
7-M,759,775,0,1,0,776,A
7-M,760,0,0,0,771,771,C
7-M,761,0,2,0,766,768,C
7-M,762,0,1,0,767,768,C
7-M,763,1,0,770,0,771,G
7-M,764,2,0,0,767,769,C
7-M,765,0,768,0,1,769,T
7-M,766,0,773,0,0,773,T
7-M,767,1,0,773,0,774,G
7-M,768,0,775,1,0,776,T
7-M,769,0,771,0,0,771,T
7-M,770,0,0,771,0,771,G
7-M,771,1,757,0,0,758,T
7-M,772,0,751,0,0,751,T
7-M,773,0,0,758,0,758,G
7-M,774,0,0,0,754,754,C
7-M,775,1,1,0,752,754,C
7-M,776,0,0,755,0,755,G
7-M,777,0,3,0,749,752,C
7-M,778,1,0,755,0,756,G
7-M,779,755,0,0,0,755,A
7-M,780,757,1,0,0,758,A
7-M,781,0,764,0,0,764,T
7-M,782,761,0,1,0,762,A
7-M,783,0,765,0,1,766,T
7-M,784,1,0,0,772,773,C
7-M,785,766,0,2,0,768,A
7-M,786,0,772,0,1,773,T
7-M,787,0,766,0,0,766,T
7-M,788,0,0,764,0,764,G
7-M,789,0,1,755,0,756,G
7-M,790,0,1,754,0,755,G
7-M,791,753,0,0,0,753,A
7-M,792,0,748,0,0,748,T
7-M,793,1,0,0,721,722,C
7-M,794,0,720,0,2,722,T
7-M,795,0,721,0,0,721,T
7-M,796,1,0,728,0,729,G
7-M,797,2,0,0,726,728,C
7-M,798,728,0,1,0,729,A
7-M,799,0,0,0,730,730,C
7-M,800,0,706,0,1,707,T
7-M,801,0,707,0,0,707,T
7-M,802,0,3,706,0,709,G
7-M,803,716,0,0,0,716,A
7-M,804,0,718,0,1,719,T
7-M,805,698,0,0,1,699,A
7-M,806,0,691,0,2,693,T
7-M,807,0,678,0,0,678,T
7-M,808,0,0,680,0,680,G
7-M,809,0,677,0,0,677,T
7-M,810,0,1,672,0,673,G
7-M,811,0,0,672,0,672,G
7-M,812,649,0,0,0,649,A
7-M,813,0,650,0,1,651,T
7-M,814,0,650,0,2,652,T
7-M,815,1,0,0,649,650,C
7-M,816,0,648,0,2,650,T
7-M,817,0,646,0,0,646,T
7-M,818,0,0,648,0,648,G
7-M,819,643,0,0,0,643,A
7-M,820,0,643,0,0,643,T
7-M,821,1,0,0,636,637,C
7-M,822,1,0,632,0,633,G
7-M,823,0,629,0,1,630,T
7-M,824,0,0,0,628,628,C
7-M,825,0,623,0,0,623,T
7-M,826,1,626,0,0,627,T
7-M,827,0,627,0,0,627,T
7-M,828,0,628,0,0,628,T
7-M,829,0,629,0,2,631,T
7-M,830,0,630,0,0,630,T
7-M,831,0,627,0,4,631,T
7-M,832,1,0,0,629,630,C
7-M,833,626,1,0,0,627,A
7-M,834,629,0,0,0,629,A
7-M,835,630,0,0,0,630,A
7-M,836,0,628,0,0,628,T
7-M,837,0,0,629,0,629,G
7-M,838,0,1,0,619,620,C
7-M,839,0,0,623,0,623,G
7-M,840,0,633,0,2,635,T
7-M,841,0,0,0,634,634,C
7-M,842,0,631,0,2,633,T
7-M,843,0,0,633,0,633,G
7-M,844,0,633,0,0,633,T
7-M,845,1,1,0,630,632,C
7-M,846,1,0,633,0,634,G
7-M,847,632,0,1,0,633,A
7-M,848,0,0,0,630,630,C
7-M,849,0,614,0,2,616,T
7-M,850,1,1,0,622,624,C
7-M,851,0,618,0,2,620,T
7-M,852,0,618,0,1,619,T
7-M,853,2,1,0,616,619,C
7-M,854,613,0,1,0,614,A
7-M,855,615,0,1,0,616,A
7-M,856,615,0,1,0,616,A
7-M,857,0,0,0,615,615,C
7-M,858,612,0,1,0,613,A
7-M,859,0,0,0,582,582,C
7-M,860,0,0,569,0,569,G
7-M,861,0,0,593,0,593,G
7-M,862,0,1,0,595,596,C
7-M,863,0,1,0,593,594,C
7-M,864,1,589,0,3,593,T
7-M,865,0,598,0,1,599,T
7-M,866,600,0,0,0,600,A
7-M,867,603,0,0,0,603,A
7-M,868,602,0,0,0,602,A
7-M,869,595,0,3,0,598,A
7-M,870,0,0,584,0,584,G
7-M,871,498,0,2,0,500,A
7-M,872,0,1,496,0,497,G
7-M,873,0,0,497,0,497,G
7-M,874,0,1,0,496,497,C
7-M,875,0,0,0,492,492,C
7-M,876,1,0,0,493,494,C
7-M,877,0,490,0,0,490,T
7-M,878,1,492,0,1,494,T
7-M,879,0,0,0,494,494,C
7-M,880,0,492,0,1,493,T
7-M,881,493,0,0,0,493,A
7-M,882,0,0,0,493,493,C
7-M,883,0,0,482,0,482,G
7-M,884,0,2,479,0,481,G
7-M,885,464,0,2,0,466,A
7-M,886,465,0,0,0,465,A
7-M,887,0,0,460,0,460,G
7-M,888,0,0,463,0,463,G
7-M,889,461,0,1,0,462,A
7-M,890,0,0,465,0,465,G
7-M,891,0,463,0,1,464,T
7-M,892,469,0,1,0,470,A
7-M,893,0,0,0,467,467,C
7-M,894,0,0,0,467,467,C
7-M,895,0,462,0,1,463,T
7-M,896,0,0,465,0,465,G
7-M,897,454,0,0,0,454,A
7-M,898,1,0,459,0,460,G
7-M,899,0,449,0,1,450,T
7-M,900,1,0,0,446,447,C
7-M,901,0,439,0,1,440,T
7-M,902,439,0,0,0,439,A
7-M,903,0,438,0,1,439,T
7-M,904,0,0,438,0,438,G
7-M,905,435,0,0,0,435,A
7-M,906,0,1,431,0,432,G
7-M,907,0,1,397,0,398,G
7-M,908,0,0,400,0,400,G
7-M,909,393,0,2,0,395,A
7-M,910,390,0,1,0,391,A
7-M,911,0,0,394,0,394,G
7-M,912,391,0,0,0,391,A
7-M,913,395,0,0,0,395,A
7-M,914,0,391,1,0,392,T
7-M,915,383,0,0,0,383,A
7-M,916,0,382,1,0,383,T
7-M,917,1,7,0,367,375,C
7-M,918,1,0,377,0,378,G
7-M,919,377,0,0,0,377,A
7-M,920,370,0,1,0,371,A
7-M,921,372,0,0,0,372,A
7-M,922,0,1,366,0,367,G
7-M,923,0,0,370,0,370,G
7-M,924,359,1,0,0,360,A
7-M,925,359,0,0,0,359,A
7-M,926,0,0,0,361,361,C
7-M,927,352,0,0,0,352,A
7-M,928,0,0,354,0,354,G
7-M,929,0,1,0,353,354,C
7-M,930,352,0,0,0,352,A
7-M,931,0,0,352,0,352,G
7-M,932,315,0,0,0,315,A
7-M,933,317,0,0,0,317,A
7-M,934,0,315,0,0,315,T
7-M,935,0,0,307,0,307,G
7-M,936,0,0,0,308,308,C
7-M,937,0,294,0,1,295,T
7-M,938,0,0,295,0,295,G
7-M,939,0,292,0,2,294,T
7-M,940,0,0,291,0,291,G
7-M,941,0,0,291,0,291,G
7-M,942,272,0,0,0,272,A
7-M,943,0,271,0,1,272,T
7-M,944,0,0,266,0,266,G
7-M,945,0,0,0,261,261,C
7-M,946,0,254,0,1,255,T
7-M,947,0,1,251,0,252,G
7-M,948,250,0,1,0,251,A
7-M,949,0,0,0,249,249,C
7-M,950,0,1,249,0,250,G
7-M,951,244,0,0,0,244,A
7-M,952,0,0,0,243,243,C
7-M,953,235,0,1,0,236,A
7-M,954,0,0,237,0,237,G
7-M,955,0,236,0,0,236,T
7-M,956,0,0,0,235,235,C
7-M,957,232,0,1,0,233,A
7-M,958,0,229,0,1,230,T
7-M,959,0,231,0,0,231,T
7-M,960,0,226,0,0,226,T
7-M,961,0,223,0,0,223,T
7-M,962,0,0,223,0,223,G
7-M,963,0,214,0,0,214,T
7-M,964,2,0,0,212,214,C
7-M,965,202,0,0,0,202,A
7-M,966,0,0,202,0,202,G
7-M,967,0,0,0,200,200,C
7-M,968,200,0,0,0,200,A
7-M,969,0,200,0,0,200,T
7-M,970,186,0,2,0,188,A
7-M,971,0,0,189,0,189,G
7-M,972,185,0,0,0,185,A
7-M,973,0,0,185,0,185,G
7-M,974,0,183,0,0,183,T
7-M,975,0,116,0,0,116,T
7-M,976,0,0,112,0,112,G
7-M,977,0,0,113,0,113,G
7-M,978,109,0,1,0,110,A
7-M,979,0,0,110,0,110,G
7-M,980,0,79,0,0,79,T
7-M,981,76,0,0,0,76,A
7-M,982,75,0,0,0,75,A
8-NS,1,150,0,0,0,150,A
8-NS,2,0,150,0,0,150,T
8-NS,3,0,0,160,0,160,G
8-NS,4,0,0,169,0,169,G
8-NS,5,180,0,0,0,180,A
8-NS,6,0,377,0,0,377,T
8-NS,7,0,377,0,0,377,T
8-NS,8,0,0,0,387,387,C
8-NS,9,0,1,0,388,389,C
8-NS,10,387,0,1,0,388,A
8-NS,11,396,0,0,0,396,A
8-NS,12,0,0,0,397,397,C
8-NS,13,399,0,0,0,399,A
8-NS,14,0,0,0,404,404,C
8-NS,15,0,402,1,1,404,T
8-NS,16,0,0,435,0,435,G
8-NS,17,0,436,0,0,436,T
8-NS,18,0,0,439,0,439,G
8-NS,19,0,440,0,0,440,T
8-NS,20,1,0,0,439,440,C
8-NS,21,441,0,0,0,441,A
8-NS,22,441,0,0,0,441,A
8-NS,23,0,0,447,0,447,G
8-NS,24,1,459,0,0,460,T
8-NS,25,0,459,0,0,459,T
8-NS,26,0,460,0,2,462,T
8-NS,27,1,1,0,459,461,C
8-NS,28,0,0,0,463,463,C
8-NS,29,466,0,0,0,466,A
8-NS,30,0,0,472,0,472,G
8-NS,31,0,0,473,0,473,G
8-NS,32,0,471,0,1,472,T
8-NS,33,474,0,0,0,474,A
8-NS,34,0,0,484,0,484,G
8-NS,35,484,0,0,0,484,A
8-NS,36,0,488,0,0,488,T
8-NS,37,0,486,0,0,486,T
8-NS,38,0,0,496,0,496,G
8-NS,39,0,0,0,498,498,C
8-NS,40,0,497,0,0,497,T
8-NS,41,0,501,0,0,501,T
8-NS,42,0,504,0,0,504,T
8-NS,43,0,0,0,518,518,C
8-NS,44,0,517,0,0,517,T
8-NS,45,0,519,0,0,519,T
8-NS,46,0,521,0,0,521,T
8-NS,47,0,0,524,1,525,G
8-NS,48,1,1,526,0,528,G
8-NS,49,0,0,0,527,527,C
8-NS,50,526,0,0,0,526,A
8-NS,51,0,529,0,0,529,T
8-NS,52,533,0,0,0,533,A
8-NS,53,0,582,0,0,582,T
8-NS,54,0,0,0,586,586,C
8-NS,55,0,0,0,584,584,C
8-NS,56,0,0,584,0,584,G
8-NS,57,0,582,0,1,583,T
8-NS,58,595,0,0,0,595,A
8-NS,59,600,0,0,0,600,A
8-NS,60,601,0,0,0,601,A
8-NS,61,0,0,0,609,609,C
8-NS,62,601,0,0,0,601,A
8-NS,63,601,0,0,1,602,A
8-NS,64,0,0,641,0,641,G
8-NS,65,0,647,0,0,647,T
8-NS,66,0,647,0,1,648,T
8-NS,67,2,0,646,0,648,G
8-NS,68,1,650,0,0,651,T
8-NS,69,648,0,0,0,648,A
8-NS,70,0,0,654,0,654,G
8-NS,71,689,0,1,0,690,A
8-NS,72,0,0,0,702,702,C
8-NS,73,3,1,0,688,692,C
8-NS,74,694,0,0,0,694,A
8-NS,75,700,0,0,0,700,A
8-NS,76,0,0,720,0,720,G
8-NS,77,720,0,0,0,720,A
8-NS,78,725,1,0,0,726,A
8-NS,79,0,0,1,725,726,C
8-NS,80,0,713,0,0,713,T
8-NS,81,0,0,718,0,718,G
8-NS,82,715,0,2,0,717,A
8-NS,83,0,1,742,0,743,G
8-NS,84,0,741,0,0,741,T
8-NS,85,0,1,736,0,737,G
8-NS,86,738,0,3,0,741,A
8-NS,87,0,737,0,0,737,T
8-NS,88,0,1,736,0,737,G
8-NS,89,0,1,0,748,749,C
8-NS,90,0,1,0,752,753,C
8-NS,91,0,0,0,759,759,C
8-NS,92,2,2,0,754,758,C
8-NS,93,760,0,0,0,760,A
8-NS,94,1,770,0,1,772,T
8-NS,95,0,777,1,1,779,T
8-NS,96,0,0,0,782,782,C
8-NS,97,0,0,0,780,780,C
8-NS,98,0,779,0,4,783,T
8-NS,99,0,779,0,2,781,T
8-NS,100,0,0,782,0,782,G
8-NS,101,776,0,0,0,776,A
8-NS,102,0,777,0,3,780,T
8-NS,103,3,2,0,771,776,C
8-NS,104,0,1,774,0,775,G
8-NS,105,0,0,776,0,776,G
8-NS,106,0,0,0,781,781,C
8-NS,107,0,774,0,1,775,T
8-NS,108,0,782,0,0,782,T
8-NS,109,0,0,0,779,779,C
8-NS,110,0,2,776,0,778,G
8-NS,111,0,0,0,780,780,C
8-NS,112,2,1,0,779,782,C
8-NS,113,0,0,780,0,780,G
8-NS,114,774,0,1,0,775,A
8-NS,115,0,0,803,0,803,G
8-NS,116,802,0,0,0,802,A
8-NS,117,0,804,0,1,805,T
8-NS,118,2,0,0,806,808,C
8-NS,119,809,0,1,0,810,A
8-NS,120,0,1,813,0,814,G
8-NS,121,810,0,0,0,810,A
8-NS,122,0,1,811,0,812,G
8-NS,123,1,1,824,0,826,G
8-NS,124,0,827,0,0,827,T
8-NS,125,0,1,0,872,873,C
8-NS,126,2,0,0,876,878,C
8-NS,127,0,0,0,878,878,C
8-NS,128,0,876,0,0,876,T
8-NS,129,877,0,2,0,879,A
8-NS,130,875,0,1,0,876,A
8-NS,131,0,1,885,0,886,G
8-NS,132,0,1,891,0,892,G
8-NS,133,1,0,893,0,894,G
8-NS,134,0,1,881,0,882,G
8-NS,135,876,1,0,0,877,A
8-NS,136,877,0,3,0,880,A
8-NS,137,0,0,891,0,891,G
8-NS,138,906,0,3,0,909,A
8-NS,139,0,0,916,0,916,G
8-NS,140,2,0,917,0,919,G
8-NS,141,0,2,0,909,911,C
8-NS,142,913,0,1,0,914,A
8-NS,143,920,0,1,0,921,A
8-NS,144,0,920,1,0,921,T
8-NS,145,924,1,0,0,925,A
8-NS,146,0,0,0,932,932,C
8-NS,147,0,915,0,2,917,T
8-NS,148,1,0,0,912,913,C
8-NS,149,1,900,0,1,902,T
8-NS,150,0,3,0,903,906,C
8-NS,151,0,0,910,0,910,G
8-NS,152,0,0,945,0,945,G
8-NS,153,0,946,1,1,948,T
8-NS,154,1,0,0,951,952,C
8-NS,155,0,944,0,1,945,T
8-NS,156,954,0,1,0,955,A
8-NS,157,0,0,950,2,952,G
8-NS,158,954,0,0,0,954,A
8-NS,159,0,0,0,973,973,C
8-NS,160,966,0,0,0,966,A
8-NS,161,0,948,0,0,948,T
8-NS,162,0,2,0,941,943,C
8-NS,163,945,0,0,0,945,A
8-NS,164,947,0,0,0,947,A
8-NS,165,941,1,0,0,942,A
8-NS,166,0,0,938,0,938,G
8-NS,167,0,0,0,945,945,C
8-NS,168,936,0,1,0,937,A
8-NS,169,1,0,932,1,934,G
8-NS,170,0,0,0,937,937,C
8-NS,171,0,1,1,937,939,C
8-NS,172,942,0,0,0,942,A
8-NS,173,0,1,0,954,955,C
8-NS,174,0,0,0,957,957,C
8-NS,175,2,2,0,955,959,C
8-NS,176,961,2,1,0,964,A
8-NS,177,0,968,0,0,968,T
8-NS,178,0,0,969,0,969,G
8-NS,179,0,968,0,0,968,T
8-NS,180,0,961,1,0,962,T
8-NS,181,1,0,964,0,965,G
8-NS,182,1,0,954,0,955,G
8-NS,183,955,0,0,0,955,A
8-NS,184,956,0,0,0,956,A
8-NS,185,942,1,2,0,945,A
8-NS,186,0,0,956,0,956,G
8-NS,187,0,0,0,956,956,C
8-NS,188,951,0,1,0,952,A
8-NS,189,947,1,1,0,949,A
8-NS,190,947,0,0,1,948,A
8-NS,191,0,956,0,0,956,T
8-NS,192,0,956,0,0,956,T
8-NS,193,0,0,973,0,973,G
8-NS,194,1,972,0,0,973,T
8-NS,195,965,0,0,0,965,A
8-NS,196,1,0,967,0,968,G
8-NS,197,968,1,0,0,969,A
8-NS,198,961,0,0,0,961,A
8-NS,199,966,0,0,0,966,A
8-NS,200,961,1,1,0,963,A
8-NS,201,0,0,968,0,968,G
8-NS,202,948,0,3,0,951,A
8-NS,203,0,949,0,1,950,T
8-NS,204,0,943,1,0,944,T
8-NS,205,0,0,0,950,950,C
8-NS,206,0,947,0,0,947,T
8-NS,207,0,0,950,0,950,G
8-NS,208,949,0,0,0,949,A
8-NS,209,947,0,1,0,948,A
8-NS,210,946,0,0,0,946,A
8-NS,211,0,0,950,0,950,G
8-NS,212,949,0,2,0,951,A
8-NS,213,951,0,2,0,953,A
8-NS,214,0,0,963,0,963,G
8-NS,215,968,0,1,0,969,A
8-NS,216,971,0,1,0,972,A
8-NS,217,0,971,1,1,973,T
8-NS,218,0,0,0,975,975,C
8-NS,219,0,978,0,0,978,T
8-NS,220,0,2,980,0,982,G
8-NS,221,977,0,4,0,981,A
8-NS,222,0,978,0,1,979,T
8-NS,223,0,0,971,0,971,G
8-NS,224,965,1,2,0,968,A
8-NS,225,0,1,959,0,960,G
8-NS,226,0,0,963,0,963,G
8-NS,227,1,0,0,966,967,C
8-NS,228,966,0,0,0,966,A
8-NS,229,0,0,0,987,987,C
8-NS,230,0,983,0,0,983,T
8-NS,231,0,994,0,0,994,T
8-NS,232,1004,0,0,0,1004,A
8-NS,233,1005,0,1,0,1006,A
8-NS,234,1001,1,2,0,1004,A
8-NS,235,1005,0,1,0,1006,A
8-NS,236,0,1001,0,0,1001,T
8-NS,237,0,3,1003,0,1006,G
8-NS,238,996,0,0,0,996,A
8-NS,239,0,0,0,995,995,C
8-NS,240,1,2,1,988,992,C
8-NS,241,984,1,1,0,986,A
8-NS,242,0,989,0,1,990,T
8-NS,243,0,2,1011,0,1013,G
8-NS,244,1,0,1021,0,1022,G
8-NS,245,0,1022,0,1,1023,T
8-NS,246,1,0,0,1066,1067,C
8-NS,247,0,1061,0,1,1062,T
8-NS,248,1,0,0,1073,1074,C
8-NS,249,1,0,0,1078,1079,C
8-NS,250,1079,0,0,0,1079,A
8-NS,251,1,0,0,1092,1093,C
8-NS,252,1081,0,1,1,1083,A
8-NS,253,2,0,0,1107,1109,C
8-NS,254,1,0,0,1099,1100,C
8-NS,255,0,1050,0,2,1052,T
8-NS,256,0,1,1046,0,1047,G
8-NS,257,1,0,0,1044,1045,C
8-NS,258,0,1034,0,2,1036,T
8-NS,259,0,1047,0,0,1047,T
8-NS,260,1,3,0,1037,1041,C
8-NS,261,0,0,1043,0,1043,G
8-NS,262,1,0,0,1040,1041,C
8-NS,263,1,1,1036,0,1038,G
8-NS,264,1083,1,0,0,1084,A
8-NS,265,1,1083,1,1,1086,T
8-NS,266,1114,1,1,0,1116,A
8-NS,267,1,0,0,1117,1118,C
8-NS,268,1111,0,0,0,1111,A
8-NS,269,0,1124,1,0,1125,T
8-NS,270,1119,0,0,0,1119,A
8-NS,271,1125,1,0,0,1126,A
8-NS,272,0,1,0,1127,1128,C
8-NS,273,0,1086,0,1,1087,T
8-NS,274,0,2,1099,0,1101,G
8-NS,275,1088,0,1,0,1089,A
8-NS,276,1,0,0,1098,1099,C
8-NS,277,1094,1,0,0,1095,A
8-NS,278,0,1078,0,0,1078,T
8-NS,279,0,0,1082,0,1082,G
8-NS,280,1077,0,2,0,1079,A
8-NS,281,0,0,0,1111,1111,C
8-NS,282,0,1108,0,0,1108,T
8-NS,283,1121,1,0,0,1122,A
8-NS,284,0,1113,0,2,1115,T
8-NS,285,0,1113,0,0,1113,T
8-NS,286,0,0,1116,0,1116,G
8-NS,287,1103,0,3,0,1106,A
8-NS,288,0,0,1100,0,1100,G
8-NS,289,1,0,1101,0,1102,G
8-NS,290,1070,1,0,0,1071,A
8-NS,291,1075,0,0,0,1075,A
8-NS,292,0,1058,0,1,1059,T
8-NS,293,0,1062,0,0,1062,T
8-NS,294,0,0,1081,0,1081,G
8-NS,295,2,1080,0,2,1084,T
8-NS,296,4,0,0,1080,1084,C
8-NS,297,1080,0,3,0,1083,A
8-NS,298,1079,0,1,0,1080,A
8-NS,299,13,1,1069,0,1083,G
8-NS,300,1088,0,1,0,1089,A
8-NS,301,1086,0,1,0,1087,A
8-NS,302,1087,0,4,0,1091,A
8-NS,303,0,0,0,1085,1085,C
8-NS,304,0,1065,0,1,1066,T
8-NS,305,0,0,1075,0,1075,G
8-NS,306,0,0,1093,0,1093,G
8-NS,307,0,1093,0,0,1093,T
8-NS,308,0,1090,1,2,1093,T
8-NS,309,2,0,0,1093,1095,C
8-NS,310,1098,1,0,1,1100,A
8-NS,311,0,1110,0,0,1110,T
8-NS,312,1,1,1110,0,1112,G
8-NS,313,0,0,0,1118,1118,C
8-NS,314,0,1113,0,0,1113,T
8-NS,315,1096,0,2,0,1098,A
8-NS,316,1117,0,1,0,1118,A
8-NS,317,0,1126,0,0,1126,T
8-NS,318,0,0,1124,0,1124,G
8-NS,319,0,2,0,1120,1122,C
8-NS,320,0,0,0,1106,1106,C
8-NS,321,0,1,1,1106,1108,C
8-NS,322,1107,0,0,0,1107,A
8-NS,323,1106,1,1,1,1109,A
8-NS,324,0,0,1117,0,1117,G
8-NS,325,0,2,0,1122,1124,C
8-NS,326,1116,0,0,0,1116,A
8-NS,327,0,0,1129,0,1129,G
8-NS,328,1125,0,0,1,1126,A
8-NS,329,1124,0,2,0,1126,A
8-NS,330,1126,0,1,0,1127,A
8-NS,331,1108,0,0,0,1108,A
8-NS,332,0,1126,0,0,1126,T
8-NS,333,2,0,1123,0,1125,G
8-NS,334,0,0,1122,0,1122,G
8-NS,335,1122,1,1,0,1124,A
8-NS,336,1110,1,3,1,1115,A
8-NS,337,0,0,1112,0,1112,G
8-NS,338,2,0,1120,0,1122,G
8-NS,339,1117,0,0,1,1118,A
8-NS,340,1,1,0,1116,1118,C
8-NS,341,1,3,0,1115,1119,C
8-NS,342,0,1112,0,0,1112,T
8-NS,343,0,0,0,1132,1132,C
8-NS,344,0,1126,0,0,1126,T
8-NS,345,0,1137,0,0,1137,T
8-NS,346,0,1137,0,0,1137,T
8-NS,347,0,1,1128,0,1129,G
8-NS,348,0,0,0,1144,1144,C
8-NS,349,1130,0,0,0,1130,A
8-NS,350,0,1128,0,1,1129,T
8-NS,351,0,2,0,1121,1123,C
8-NS,352,1138,0,0,0,1138,A
8-NS,353,0,3,1171,0,1174,G
8-NS,354,1168,1,1,1,1171,A
8-NS,355,1174,0,0,1,1175,A
8-NS,356,0,1173,0,0,1173,T
8-NS,357,0,0,1165,0,1165,G
8-NS,358,6,1,1161,0,1168,G
8-NS,359,1169,0,0,0,1169,A
8-NS,360,0,0,0,1170,1170,C
8-NS,361,0,0,0,1141,1141,C
8-NS,362,1128,0,0,0,1128,A
8-NS,363,0,1,1133,0,1134,G
8-NS,364,0,1,1136,0,1137,G
8-NS,365,0,0,0,1133,1133,C
8-NS,366,1123,0,2,0,1125,A
8-NS,367,1128,0,0,0,1128,A
8-NS,368,0,1126,0,0,1126,T
8-NS,369,0,0,0,1126,1126,C
8-NS,370,1123,0,3,0,1126,A
8-NS,371,0,1120,0,1,1121,T
8-NS,372,0,0,1113,0,1113,G
8-NS,373,0,0,1115,0,1115,G
8-NS,374,1107,0,2,0,1109,A
8-NS,375,0,2,1127,1,1130,G
8-NS,376,1117,0,1,0,1118,A
8-NS,377,1114,0,1,0,1115,A
8-NS,378,1115,0,0,0,1115,A
8-NS,379,1110,1,1,0,1112,A
8-NS,380,1118,0,3,2,1123,A
8-NS,381,0,0,0,1127,1127,C
8-NS,382,1122,0,0,1,1123,A
8-NS,383,0,1120,0,1,1121,T
8-NS,384,1,0,0,1108,1109,C
8-NS,385,1104,0,2,0,1106,A
8-NS,386,0,1112,0,0,1112,T
8-NS,387,0,0,1118,0,1118,G
8-NS,388,0,1115,0,1,1116,T
8-NS,389,1,1102,0,2,1105,T
8-NS,390,0,1,1107,0,1108,G
8-NS,391,1101,0,1,1,1103,A
8-NS,392,1106,0,0,0,1106,A
8-NS,393,1107,0,0,0,1107,A
8-NS,394,0,0,1114,0,1114,G
8-NS,395,1,1,0,1102,1104,C
8-NS,396,1,0,1103,0,1104,G
8-NS,397,1099,0,2,0,1101,A
8-NS,398,1099,1,7,0,1107,A
8-NS,399,0,1106,0,2,1108,T
8-NS,400,0,1101,0,4,1105,T
8-NS,401,0,1108,0,1,1109,T
8-NS,402,0,0,0,1109,1109,C
8-NS,403,1089,2,1,0,1092,A
8-NS,404,0,0,1090,0,1090,G
8-NS,405,1,1093,0,0,1094,T
8-NS,406,0,0,1091,0,1091,G
8-NS,407,1,1090,0,0,1091,T
8-NS,408,0,0,1096,0,1096,G
8-NS,409,1109,0,0,0,1109,A
8-NS,410,0,1106,0,0,1106,T
8-NS,411,0,1108,0,0,1108,T
8-NS,412,0,1100,0,1,1101,T
8-NS,413,0,1101,0,0,1101,T
8-NS,414,0,1100,0,0,1100,T
8-NS,415,0,1,1095,0,1096,G
8-NS,416,1093,0,2,0,1095,A
8-NS,417,0,0,0,1094,1094,C
8-NS,418,1,2,0,1079,1082,C
8-NS,419,0,1,1082,0,1083,G
8-NS,420,1121,0,0,0,1121,A
8-NS,421,0,0,0,1142,1142,C
8-NS,422,2,1135,0,0,1137,T
8-NS,423,1147,1,1,0,1149,A
8-NS,424,1,1,1148,0,1150,G
8-NS,425,1151,0,3,0,1154,A
8-NS,426,0,0,1156,0,1156,G
8-NS,427,1156,0,2,0,1158,A
8-NS,428,0,0,0,1203,1203,C
8-NS,429,0,1,0,1160,1161,C
8-NS,430,1125,0,1,0,1126,A
8-NS,431,0,1183,0,0,1183,T
8-NS,432,1176,1,1,0,1178,A
8-NS,433,0,0,1284,0,1284,G
8-NS,434,0,1273,0,0,1273,T
8-NS,435,1258,0,1,0,1259,A
8-NS,436,0,1258,1,3,1262,T
8-NS,437,0,1224,0,1,1225,T
8-NS,438,1271,1,1,0,1273,A
8-NS,439,1,0,0,1272,1273,C
8-NS,440,0,1220,0,1,1221,T
8-NS,441,1222,0,0,0,1222,A
8-NS,442,1109,0,2,0,1111,A
8-NS,443,0,2,1114,0,1116,G
8-NS,444,1,2,1108,0,1111,G
8-NS,445,0,0,1107,0,1107,G
8-NS,446,0,0,0,1098,1098,C
8-NS,447,0,1064,0,5,1069,T
8-NS,448,0,1062,1,2,1065,T
8-NS,449,0,1081,0,0,1081,T
8-NS,450,1,0,0,1082,1083,C
8-NS,451,1092,0,3,0,1095,A
8-NS,452,0,0,1,1092,1093,C
8-NS,453,1,2,0,1080,1083,C
8-NS,454,0,0,1083,0,1083,G
8-NS,455,1078,0,2,0,1080,A
8-NS,456,1076,2,0,0,1078,A
8-NS,457,1,1,1081,0,1083,G
8-NS,458,1069,1,0,0,1070,A
8-NS,459,0,1,1072,0,1073,G
8-NS,460,0,1,1058,0,1059,G
8-NS,461,0,3,1070,0,1073,G
8-NS,462,1064,0,3,0,1067,A
8-NS,463,1,0,1070,0,1071,G
8-NS,464,0,1,0,1067,1068,C
8-NS,465,1072,0,1,0,1073,A
8-NS,466,1072,0,1,0,1073,A
8-NS,467,0,1070,0,0,1070,T
8-NS,468,1,1062,0,0,1063,T
8-NS,469,0,0,1063,0,1063,G
8-NS,470,0,1059,0,0,1059,T
8-NS,471,0,1058,0,0,1058,T
8-NS,472,1,0,1061,0,1062,G
8-NS,473,0,0,1062,1,1063,G
8-NS,474,0,0,0,1063,1063,C
8-NS,475,0,0,1065,0,1065,G
8-NS,476,1069,0,0,0,1069,A
8-NS,477,1069,0,0,0,1069,A
8-NS,478,1078,0,0,0,1078,A
8-NS,479,0,1081,0,0,1081,T
8-NS,480,0,0,0,1082,1082,C
8-NS,481,0,1076,0,2,1078,T
8-NS,482,1,0,0,1076,1077,C
8-NS,483,1079,0,1,0,1080,A
8-NS,484,1,1,0,1083,1085,C
8-NS,485,1,0,0,1084,1085,C
8-NS,486,1078,0,0,0,1078,A
8-NS,487,0,1073,0,1,1074,T
8-NS,488,0,1057,0,0,1057,T
8-NS,489,0,0,1064,0,1064,G
8-NS,490,0,0,0,1059,1059,C
8-NS,491,0,1,0,1063,1064,C
8-NS,492,0,1067,0,1,1068,T
8-NS,493,0,1063,0,3,1066,T
8-NS,494,0,1,0,1069,1070,C
8-NS,495,0,1068,1,5,1074,T
8-NS,496,0,1074,0,0,1074,T
8-NS,497,0,1087,0,1,1088,T
8-NS,498,0,1083,1,0,1084,T
8-NS,499,0,0,0,1081,1081,C
8-NS,500,0,1,0,1081,1082,C
8-NS,501,1080,0,0,0,1080,A
8-NS,502,0,0,1098,0,1098,G
8-NS,503,0,1,1091,0,1092,G
8-NS,504,1108,0,3,0,1111,A
8-NS,505,0,1,0,1110,1111,C
8-NS,506,1129,1,1,1,1132,A
8-NS,507,0,1133,0,1,1134,T
8-NS,508,1134,0,1,0,1135,A
8-NS,509,0,0,0,1209,1209,C
8-NS,510,0,1204,0,0,1204,T
8-NS,511,1187,0,1,0,1188,A
8-NS,512,0,1181,0,2,1183,T
8-NS,513,0,1155,0,0,1155,T
8-NS,514,0,2,1152,0,1154,G
8-NS,515,1101,0,2,0,1103,A
8-NS,516,0,1,1105,0,1106,G
8-NS,517,0,0,1099,0,1099,G
8-NS,518,1005,0,0,0,1005,A
8-NS,519,0,1004,0,0,1004,T
8-NS,520,0,0,998,0,998,G
8-NS,521,0,996,0,1,997,T
8-NS,522,1,0,0,996,997,C
8-NS,523,996,0,2,0,998,A
8-NS,524,998,0,0,0,998,A
8-NS,525,992,1,2,0,995,A
8-NS,526,994,0,1,0,995,A
8-NS,527,996,0,0,0,996,A
8-NS,528,0,990,0,0,990,T
8-NS,529,0,0,994,0,994,G
8-NS,530,0,0,0,1003,1003,C
8-NS,531,1001,0,1,0,1002,A
8-NS,532,1003,0,0,0,1003,A
8-NS,533,0,1004,0,1,1005,T
8-NS,534,0,1007,0,0,1007,T
8-NS,535,0,2,1003,0,1005,G
8-NS,536,0,0,999,0,999,G
8-NS,537,0,0,999,0,999,G
8-NS,538,0,0,1011,0,1011,G
8-NS,539,0,990,0,1,991,T
8-NS,540,0,0,0,1000,1000,C
8-NS,541,1,2,0,999,1002,C
8-NS,542,0,996,0,2,998,T
8-NS,543,1,1,0,1006,1008,C
8-NS,544,998,2,1,0,1001,A
8-NS,545,0,1001,0,1,1002,T
8-NS,546,0,0,0,1006,1006,C
8-NS,547,2,1,996,0,999,G
8-NS,548,1,0,999,0,1000,G
8-NS,549,982,0,1,0,983,A
8-NS,550,0,0,984,0,984,G
8-NS,551,1,1,988,0,990,G
8-NS,552,978,0,1,0,979,A
8-NS,553,0,0,1,990,991,C
8-NS,554,0,990,0,1,991,T
8-NS,555,1,988,1,2,992,T
8-NS,556,0,2,993,1,996,G
8-NS,557,991,0,2,0,993,A
8-NS,558,992,1,2,0,995,A
8-NS,559,0,992,0,1,993,T
8-NS,560,0,0,971,0,971,G
8-NS,561,0,0,973,0,973,G
8-NS,562,967,0,1,0,968,A
8-NS,563,976,0,0,0,976,A
8-NS,564,0,1004,0,0,1004,T
8-NS,565,0,1,1009,0,1010,G
8-NS,566,1013,0,1,0,1014,A
8-NS,567,0,1014,0,0,1014,T
8-NS,568,1011,0,2,0,1013,A
8-NS,569,1011,0,0,0,1011,A
8-NS,570,0,0,0,1003,1003,C
8-NS,571,981,0,2,0,983,A
8-NS,572,0,0,0,991,991,C
8-NS,573,911,0,1,0,912,A
8-NS,574,1,0,921,0,922,G
8-NS,575,0,917,0,0,917,T
8-NS,576,0,916,0,0,916,T
8-NS,577,0,0,0,918,918,C
8-NS,578,0,2,908,0,910,G
8-NS,579,908,0,2,0,910,A
8-NS,580,0,0,911,0,911,G
8-NS,581,0,901,0,0,901,T
8-NS,582,2,0,0,903,905,C
8-NS,583,0,881,0,2,883,T
8-NS,584,0,0,0,887,887,C
8-NS,585,0,886,0,1,887,T
8-NS,586,886,0,0,0,886,A
8-NS,587,888,0,0,0,888,A
8-NS,588,886,0,0,1,887,A
8-NS,589,890,0,0,0,890,A
8-NS,590,889,2,0,0,891,A
8-NS,591,0,881,0,0,881,T
8-NS,592,0,0,0,887,887,C
8-NS,593,0,879,0,0,879,T
8-NS,594,883,0,1,0,884,A
8-NS,595,0,1,0,882,883,C
8-NS,596,876,1,2,0,879,A
8-NS,597,0,0,879,0,879,G
8-NS,598,865,0,1,0,866,A
8-NS,599,0,2,868,0,870,G
8-NS,600,871,0,1,0,872,A
8-NS,601,0,849,0,1,850,T
8-NS,602,0,849,0,0,849,T
8-NS,603,0,1,0,853,854,C
8-NS,604,0,1,854,0,855,G
8-NS,605,1,0,0,852,853,C
8-NS,606,0,849,0,1,850,T
8-NS,607,0,854,0,0,854,T
8-NS,608,1,0,840,0,841,G
8-NS,609,0,1,842,0,843,G
8-NS,610,842,0,1,0,843,A
8-NS,611,0,1,844,0,845,G
8-NS,612,843,0,0,0,843,A
8-NS,613,841,0,0,0,841,A
8-NS,614,0,0,857,0,857,G
8-NS,615,1,0,0,856,857,C
8-NS,616,857,0,0,0,857,A
8-NS,617,3,0,873,0,876,G
8-NS,618,0,872,0,0,872,T
8-NS,619,872,0,0,1,873,A
8-NS,620,871,0,1,0,872,A
8-NS,621,0,868,0,0,868,T
8-NS,622,0,1,870,0,871,G
8-NS,623,833,0,0,0,833,A
8-NS,624,0,1,847,0,848,G
8-NS,625,843,0,1,0,844,A
8-NS,626,821,0,0,0,821,A
8-NS,627,1,822,0,0,823,T
8-NS,628,1,0,813,0,814,G
8-NS,629,0,1,814,0,815,G
8-NS,630,1,0,804,0,805,G
8-NS,631,0,0,802,0,802,G
8-NS,632,0,0,802,0,802,G
8-NS,633,767,0,1,0,768,A
8-NS,634,0,719,0,0,719,T
8-NS,635,0,0,0,731,731,C
8-NS,636,0,738,0,1,739,T
8-NS,637,0,0,0,738,738,C
8-NS,638,0,2,0,734,736,C
8-NS,639,742,1,1,0,744,A
8-NS,640,0,1,0,741,742,C
8-NS,641,0,730,0,0,730,T
8-NS,642,0,728,0,0,728,T
8-NS,643,722,0,1,0,723,A
8-NS,644,0,0,0,722,722,C
8-NS,645,2,714,0,0,716,T
8-NS,646,1,0,0,715,716,C
8-NS,647,0,0,0,713,713,C
8-NS,648,710,0,0,0,710,A
8-NS,649,716,0,0,0,716,A
8-NS,650,716,0,0,0,716,A
8-NS,651,714,0,1,0,715,A
8-NS,652,0,0,0,715,715,C
8-NS,653,691,0,0,0,691,A
8-NS,654,0,0,690,0,690,G
8-NS,655,683,0,0,0,683,A
8-NS,656,683,0,1,0,684,A
8-NS,657,686,0,1,0,687,A
8-NS,658,0,0,0,686,686,C
8-NS,659,0,1,680,0,681,G
8-NS,660,0,1,684,0,685,G
8-NS,661,0,2,684,0,686,G
8-NS,662,685,0,0,0,685,A
8-NS,663,684,0,0,0,684,A
8-NS,664,685,0,0,0,685,A
8-NS,665,0,682,0,0,682,T
8-NS,666,2,1,687,0,690,G
8-NS,667,0,0,687,0,687,G
8-NS,668,0,2,0,678,680,C
8-NS,669,3,0,679,0,682,G
8-NS,670,680,0,0,0,680,A
8-NS,671,0,1,682,0,683,G
8-NS,672,682,0,0,0,682,A
8-NS,673,681,0,1,0,682,A
8-NS,674,0,0,0,681,681,C
8-NS,675,666,0,1,0,667,A
8-NS,676,0,0,667,0,667,G
8-NS,677,0,0,0,663,663,C
8-NS,678,0,664,0,0,664,T
8-NS,679,667,0,0,0,667,A
8-NS,680,0,1,661,0,662,G
8-NS,681,0,0,661,0,661,G
8-NS,682,0,661,0,0,661,T
8-NS,683,4,0,0,640,644,C
8-NS,684,644,0,1,0,645,A
8-NS,685,642,1,1,0,644,A
8-NS,686,646,0,0,0,646,A
8-NS,687,648,0,0,0,648,A
8-NS,688,0,0,649,0,649,G
8-NS,689,0,632,0,0,632,T
8-NS,690,0,626,0,1,627,T
8-NS,691,0,631,0,0,631,T
8-NS,692,0,0,631,0,631,G
8-NS,693,629,0,1,0,630,A
8-NS,694,631,0,0,0,631,A
8-NS,695,0,0,634,0,634,G
8-NS,696,630,0,0,1,631,A
8-NS,697,0,1,639,0,640,G
8-NS,698,636,0,3,0,639,A
8-NS,699,0,636,0,1,637,T
8-NS,700,636,0,0,0,636,A
8-NS,701,636,0,0,0,636,A
8-NS,702,0,0,633,0,633,G
8-NS,703,595,0,2,0,597,A
8-NS,704,0,596,0,0,596,T
8-NS,705,0,1,599,0,600,G
8-NS,706,0,0,603,0,603,G
8-NS,707,1,0,0,595,596,C
8-NS,708,0,593,0,1,594,T
8-NS,709,595,0,0,0,595,A
8-NS,710,594,0,0,0,594,A
8-NS,711,0,595,0,0,595,T
8-NS,712,0,592,0,0,592,T
8-NS,713,0,1,595,0,596,G
8-NS,714,584,0,0,0,584,A
8-NS,715,587,0,0,0,587,A
8-NS,716,0,0,587,0,587,G
8-NS,717,585,0,1,0,586,A
8-NS,718,579,0,0,1,580,A
8-NS,719,0,1,586,0,587,G
8-NS,720,0,574,0,2,576,T
8-NS,721,0,1,577,0,578,G
8-NS,722,573,0,0,0,573,A
8-NS,723,1,0,574,0,575,G
8-NS,724,575,0,0,0,575,A
8-NS,725,0,0,0,569,569,C
8-NS,726,561,1,0,0,562,A
8-NS,727,0,0,1,559,560,C
8-NS,728,529,0,0,0,529,A
8-NS,729,0,0,541,0,541,G
8-NS,730,539,0,0,0,539,A
8-NS,731,0,534,0,0,534,T
8-NS,732,0,528,0,0,528,T
8-NS,733,527,0,0,0,527,A
8-NS,734,526,0,0,0,526,A
8-NS,735,526,0,0,0,526,A
8-NS,736,526,0,0,0,526,A
8-NS,737,524,0,1,0,525,A
8-NS,738,0,1,0,492,493,C
8-NS,739,466,1,0,0,467,A
8-NS,740,466,0,1,0,467,A
8-NS,741,0,0,0,467,467,C
8-NS,742,0,467,0,0,467,T
8-NS,743,0,0,469,0,469,G
8-NS,744,468,0,0,0,468,A
8-NS,745,466,0,1,0,467,A
8-NS,746,468,0,0,0,468,A
8-NS,747,464,0,0,0,464,A
8-NS,748,0,463,0,0,463,T
8-NS,749,455,0,0,0,455,A
8-NS,750,0,0,457,0,457,G
8-NS,751,0,0,0,456,456,C
8-NS,752,0,442,0,0,442,T
8-NS,753,0,438,0,1,439,T
8-NS,754,0,441,0,0,441,T
8-NS,755,0,2,438,0,440,G
8-NS,756,443,0,0,0,443,A
8-NS,757,444,0,0,0,444,A
8-NS,758,0,0,0,446,446,C
8-NS,759,432,0,0,1,433,A
8-NS,760,435,0,0,0,435,A
8-NS,761,432,1,0,1,434,A
8-NS,762,0,435,0,0,435,T
8-NS,763,435,0,0,0,435,A
8-NS,764,423,0,2,0,425,A
8-NS,765,0,0,0,422,422,C
8-NS,766,418,0,0,0,418,A
8-NS,767,0,413,0,0,413,T
8-NS,768,0,405,0,0,405,T
8-NS,769,1,0,0,401,402,C
8-NS,770,395,0,1,0,396,A
8-NS,771,0,390,0,1,391,T
8-NS,772,0,0,391,0,391,G
8-NS,773,0,0,0,383,383,C
8-NS,774,377,0,0,0,377,A
8-NS,775,377,0,0,0,377,A
8-NS,776,0,0,378,0,378,G
8-NS,777,1,0,0,390,391,C
8-NS,778,381,0,0,0,381,A
8-NS,779,0,380,0,0,380,T
8-NS,780,0,378,0,0,378,T
8-NS,781,378,0,0,0,378,A
8-NS,782,0,1,0,378,379,C
8-NS,783,375,0,0,0,375,A
8-NS,784,372,0,0,0,372,A
8-NS,785,0,0,0,369,369,C
8-NS,786,0,320,0,0,320,T
8-NS,787,0,0,321,0,321,G
8-NS,788,0,0,0,313,313,C
8-NS,789,0,301,0,0,301,T
8-NS,790,0,0,305,0,305,G
8-NS,791,0,299,0,0,299,T
8-NS,792,0,298,0,1,299,T
8-NS,793,0,299,0,0,299,T
8-NS,794,0,0,296,0,296,G
8-NS,795,295,0,3,0,298,A
8-NS,796,293,0,0,0,293,A
8-NS,797,1,0,290,0,291,G
8-NS,798,0,291,0,1,292,T
8-NS,799,0,2,276,0,278,G
8-NS,800,0,1,279,0,280,G
8-NS,801,280,0,0,0,280,A
8-NS,802,280,0,0,0,280,A
8-NS,803,0,0,0,280,280,C
8-NS,804,272,0,1,0,273,A
8-NS,805,0,0,273,0,273,G
8-NS,806,0,1,272,0,273,G
8-NS,807,269,0,1,1,271,A
8-NS,808,0,0,271,0,271,G
8-NS,809,232,1,2,0,235,A
8-NS,810,0,233,0,0,233,T
8-NS,811,231,0,0,0,231,A
8-NS,812,229,0,0,0,229,A
8-NS,813,0,0,229,0,229,G
8-NS,814,204,0,0,0,204,A
8-NS,815,201,0,0,0,201,A
8-NS,816,0,0,0,201,201,C
8-NS,817,0,168,1,1,170,T
8-NS,818,0,164,1,0,165,T
8-NS,819,0,164,0,1,165,T
8-NS,820,0,0,0,165,165,C
8-NS,821,0,155,0,0,155,T
8-NS,822,0,0,0,147,147,C
8-NS,823,144,0,0,0,144,A
8-NS,824,0,144,0,0,144,T
8-NS,825,0,141,0,0,141,T
8-NS,826,0,141,0,0,141,T
8-NS,827,0,0,0,139,139,C
8-NS,828,133,0,0,0,133,A
8-NS,829,0,0,133,0,133,G
8-NS,830,0,0,0,133,133,C
8-NS,831,0,127,0,0,127,T
8-NS,832,0,126,0,0,126,T
8-NS,833,126,0,0,0,126,A
8-NS,834,0,127,0,0,127,T
8-NS,835,0,127,0,0,127,T
8-NS,836,0,124,0,0,124,T
8-NS,837,121,0,0,0,121,A
8-NS,838,117,0,0,0,117,A
8-NS,839,0,112,0,0,112,T
8-NS,840,0,2,110,0,112,G
8-NS,841,108,0,0,0,108,A
8-NS,842,0,99,0,0,99,T
8-NS,843,98,0,0,0,98,A
8-NS,844,98,0,0,0,98,A
8-NS,845,97,0,0,0,97,A
8-NS,846,97,0,0,0,97,A
8-NS,847,94,0,0,0,94,A
8-NS,848,94,0,0,0,94,A
8-NS,849,0,0,0,93,93,C
8-NS,850,76,0,0,0,76,A
8-NS,851,0,0,0,76,76,C
8-NS,852,0,0,0,75,75,C
8-NS,853,1,0,0,72,73,C
8-NS,854,0,70,0,0,70,T
8-NS,855,0,66,0,0,66,T
8-NS,856,0,1,65,0,66,G
8-NS,857,0,64,0,0,64,T
8-NS,858,0,62,0,0,62,T
8-NS,859,0,62,0,0,62,T
8-NS,860,0,0,0,15,15,C
8-NS,861,0,10,0,0,10,T
8-NS,862,7,0,0,0,7,A
8-NS,863,0,0,0,7,7,C
