Gene,Position,A,T,G,C,Coverage,Consensus
1-PB2,1,276,0,0,0,276,A
1-PB2,2,0,277,0,0,277,T
1-PB2,3,0,0,279,0,279,G
1-PB2,4,0,0,279,0,279,G
1-PB2,5,280,0,0,0,280,A
1-PB2,6,279,0,0,0,279,A
1-PB2,7,279,0,0,0,279,A
1-PB2,8,0,0,313,0,313,G
1-PB2,9,311,0,2,0,313,A
1-PB2,10,312,0,0,0,312,A
1-PB2,11,0,320,0,0,320,T
1-PB2,12,320,0,0,0,320,A
1-PB2,13,322,0,0,0,322,A
1-PB2,14,323,0,0,0,323,A
1-PB2,15,323,0,0,0,323,A
1-PB2,16,0,0,332,0,332,G
1-PB2,17,329,0,0,0,329,A
1-PB2,18,331,0,0,0,331,A
1-PB2,19,0,0,0,331,331,C
1-PB2,20,0,334,0,0,334,T
1-PB2,21,340,0,0,0,340,A
1-PB2,22,0,0,0,343,343,C
1-PB2,23,0,0,343,0,343,G
1-PB2,24,0,0,348,0,348,G
1-PB2,25,345,0,0,0,345,A
1-PB2,26,353,0,0,0,353,A
1-PB2,27,0,356,0,0,356,T
1-PB2,28,0,0,0,356,356,C
1-PB2,29,0,357,0,0,357,T
1-PB2,30,0,0,359,0,359,G
1-PB2,31,361,0,1,0,362,A
1-PB2,32,0,362,0,1,363,T
1-PB2,33,0,0,362,0,362,G
1-PB2,34,0,374,0,0,374,T
1-PB2,35,0,0,0,372,372,C
1-PB2,36,0,0,371,0,371,G
1-PB2,37,1,0,0,371,372,C
1-PB2,38,372,0,0,0,372,A
1-PB2,39,2,0,392,0,394,G
1-PB2,40,0,398,0,0,398,T
1-PB2,41,1,0,0,398,399,C
1-PB2,42,0,400,0,0,400,T
1-PB2,43,0,1,0,402,403,C
1-PB2,44,0,0,398,0,398,G
1-PB2,45,0,0,0,401,401,C
1-PB2,46,403,0,0,0,403,A
1-PB2,47,0,0,0,405,405,C
1-PB2,48,0,404,0,0,404,T
1-PB2,49,0,0,0,419,419,C
1-PB2,50,0,0,420,0,420,G
1-PB2,51,0,0,0,418,418,C
1-PB2,52,0,0,418,0,418,G
1-PB2,53,420,0,0,0,420,A
1-PB2,54,0,0,423,0,423,G
1-PB2,55,439,0,0,0,439,A
1-PB2,56,0,439,0,0,439,T
1-PB2,57,444,0,0,1,445,A
1-PB2,58,0,0,0,444,444,C
1-PB2,59,0,448,0,1,449,T
1-PB2,60,0,0,462,0,462,G
1-PB2,61,463,0,0,0,463,A
1-PB2,62,0,0,0,467,467,C
1-PB2,63,468,0,0,0,468,A
1-PB2,64,466,0,0,0,466,A
1-PB2,65,477,0,1,0,478,A
1-PB2,66,483,0,0,0,483,A
1-PB2,67,487,0,0,0,487,A
1-PB2,68,0,0,0,493,493,C
1-PB2,69,0,0,0,490,490,C
1-PB2,70,505,0,1,0,506,A
1-PB2,71,0,0,0,508,508,C
1-PB2,72,509,0,0,0,509,A
1-PB2,73,0,0,528,0,528,G
1-PB2,74,0,516,0,2,518,T
1-PB2,75,0,0,545,0,545,G
1-PB2,76,0,0,543,0,543,G
1-PB2,77,550,0,0,0,550,A
1-PB2,78,0,0,0,583,583,C
1-PB2,79,1,1,0,587,589,C
1-PB2,80,599,0,2,0,601,A
1-PB2,81,0,605,0,0,605,T
1-PB2,82,602,0,0,0,602,A
1-PB2,83,0,600,0,0,600,T
1-PB2,84,0,0,609,0,609,G
1-PB2,85,0,0,611,0,611,G
1-PB2,86,0,0,0,609,609,C
1-PB2,87,0,0,0,606,606,C
1-PB2,88,606,0,0,0,606,A
1-PB2,89,0,650,0,0,650,T
1-PB2,90,657,0,0,0,657,A
1-PB2,91,675,0,0,0,675,A
1-PB2,92,0,678,0,0,678,T
1-PB2,93,0,678,0,0,678,T
1-PB2,94,688,0,0,0,688,A
1-PB2,95,685,0,1,0,686,A
1-PB2,96,0,0,701,0,701,G
1-PB2,97,695,0,0,0,695,A
1-PB2,98,691,0,0,0,691,A
1-PB2,99,0,0,714,0,714,G
1-PB2,100,0,701,0,0,701,T
1-PB2,101,714,1,1,0,716,A
1-PB2,102,0,0,1,713,714,C
1-PB2,103,723,0,1,0,724,A
1-PB2,104,0,0,0,740,740,C
1-PB2,105,737,0,0,0,737,A
1-PB2,106,0,736,0,0,736,T
1-PB2,107,0,1,0,734,735,C
1-PB2,108,0,2,733,0,735,G
1-PB2,109,0,2,731,0,733,G
1-PB2,110,0,0,728,0,728,G
1-PB2,111,0,0,732,0,732,G
1-PB2,112,729,0,1,0,730,A
1-PB2,113,0,1,736,0,737,G
1-PB2,114,735,0,0,0,735,A
1-PB2,115,0,1,0,745,746,C
1-PB2,116,749,0,0,0,749,A
1-PB2,117,0,0,757,0,757,G
1-PB2,118,0,0,762,0,762,G
1-PB2,119,765,0,0,0,765,A
1-PB2,120,766,0,0,0,766,A
1-PB2,121,766,0,0,0,766,A
1-PB2,122,764,0,4,0,768,A
1-PB2,123,0,0,769,0,769,G
1-PB2,124,763,0,1,0,764,A
1-PB2,125,770,0,2,0,772,A
1-PB2,126,0,0,0,769,769,C
1-PB2,127,0,0,0,770,770,C
1-PB2,128,0,1,0,772,773,C
1-PB2,129,0,0,774,0,774,G
1-PB2,130,0,770,0,0,770,T
1-PB2,131,0,0,0,766,766,C
1-PB2,132,776,0,0,0,776,A
1-PB2,133,0,0,0,784,784,C
1-PB2,134,0,778,0,0,778,T
1-PB2,135,0,786,0,0,786,T
1-PB2,136,782,1,0,0,783,A
1-PB2,137,0,1,795,0,796,G
1-PB2,138,0,0,800,0,800,G
1-PB2,139,796,1,1,0,798,A
1-PB2,140,0,796,0,0,796,T
1-PB2,141,0,0,805,0,805,G
1-PB2,142,810,0,1,0,811,A
1-PB2,143,813,0,0,0,813,A
1-PB2,144,815,0,0,0,815,A
1-PB2,145,0,817,0,0,817,T
1-PB2,146,0,0,817,0,817,G
1-PB2,147,0,1,825,0,826,G
1-PB2,148,827,0,0,0,827,A
1-PB2,149,0,825,0,0,825,T
1-PB2,150,0,0,820,0,820,G
1-PB2,151,818,0,0,0,818,A
1-PB2,152,0,825,0,0,825,T
1-PB2,153,0,0,824,0,824,G
1-PB2,154,0,0,829,0,829,G
1-PB2,155,0,0,0,833,833,C
1-PB2,156,833,0,1,0,834,A
1-PB2,157,837,0,0,0,837,A
1-PB2,158,0,839,0,0,839,T
1-PB2,159,0,3,867,0,870,G
1-PB2,160,871,1,0,0,872,A
1-PB2,161,868,0,1,0,869,A
1-PB2,162,871,0,2,0,873,A
1-PB2,163,1,872,0,0,873,T
1-PB2,164,882,0,0,0,882,A
1-PB2,165,0,0,0,899,899,C
1-PB2,166,0,0,0,889,889,C
1-PB2,167,0,0,0,896,896,C
1-PB2,168,903,0,0,0,903,A
1-PB2,169,897,0,0,0,897,A
1-PB2,170,0,896,0,0,896,T
1-PB2,171,0,0,0,906,906,C
1-PB2,172,900,0,0,0,900,A
1-PB2,173,0,1,0,922,923,C
1-PB2,174,0,914,0,1,915,T
1-PB2,175,1,0,918,0,919,G
1-PB2,176,0,0,0,917,917,C
1-PB2,177,0,919,0,0,919,T
1-PB2,178,0,0,924,0,924,G
1-PB2,179,918,1,1,0,920,A
1-PB2,180,0,0,0,929,929,C
1-PB2,181,926,0,0,0,926,A
1-PB2,182,919,0,0,0,919,A
1-PB2,183,919,0,2,0,921,A
1-PB2,184,915,0,2,0,917,A
1-PB2,185,0,0,935,0,935,G
1-PB2,186,0,0,933,0,933,G
1-PB2,187,930,0,0,0,930,A
1-PB2,188,0,935,0,1,936,T
1-PB2,189,935,0,0,0,935,A
1-PB2,190,940,0,0,0,940,A
1-PB2,191,0,0,0,948,948,C
1-PB2,192,948,0,0,0,948,A
1-PB2,193,0,1,950,0,951,G
1-PB2,194,939,0,0,0,939,A
1-PB2,195,938,0,0,0,938,A
1-PB2,196,940,0,0,0,940,A
1-PB2,197,0,943,0,0,943,T
1-PB2,198,0,1,942,0,943,G
1-PB2,199,1,0,959,0,960,G
1-PB2,200,0,953,0,1,954,T
1-PB2,201,0,958,0,0,958,T
1-PB2,202,1,0,0,955,956,C
1-PB2,203,0,0,0,960,960,C
1-PB2,204,960,0,0,0,960,A
1-PB2,205,0,0,966,0,966,G
1-PB2,206,966,0,2,0,968,A
1-PB2,207,0,0,972,0,972,G
1-PB2,208,954,0,0,0,954,A
1-PB2,209,0,1,970,0,971,G
1-PB2,210,966,0,1,0,967,A
1-PB2,211,963,0,4,0,967,A
1-PB2,212,967,0,4,0,971,A
1-PB2,213,0,963,0,0,963,T
1-PB2,214,0,2,975,0,977,G
1-PB2,215,978,0,0,0,978,A
1-PB2,216,977,0,1,0,978,A
1-PB2,217,0,0,0,976,976,C
1-PB2,218,973,0,0,0,973,A
1-PB2,219,975,0,1,0,976,A
1-PB2,220,0,1,984,0,985,G
1-PB2,221,0,0,994,0,994,G
1-PB2,222,991,0,2,0,993,A
1-PB2,223,0,0,0,984,984,C
1-PB2,224,982,0,1,0,983,A
1-PB2,225,986,0,1,0,987,A
1-PB2,226,1019,0,1,0,1020,A
1-PB2,227,0,0,0,1031,1031,C
1-PB2,228,0,1030,0,0,1030,T
1-PB2,229,0,0,0,1037,1037,C
1-PB2,230,0,1029,0,0,1029,T
1-PB2,231,1031,0,0,0,1031,A
1-PB2,232,1,1024,0,1,1026,T
1-PB2,233,1,1,1022,0,1024,G
1-PB2,234,0,2,1058,0,1060,G
1-PB2,235,1032,0,1,0,1033,A
1-PB2,236,0,0,1047,0,1047,G
1-PB2,237,0,1041,0,0,1041,T
1-PB2,238,1039,0,0,0,1039,A
1-PB2,239,1040,0,0,0,1040,A
1-PB2,240,1041,0,0,0,1041,A
1-PB2,241,1037,0,0,0,1037,A
1-PB2,242,0,1031,0,1,1032,T
1-PB2,243,0,2,1028,0,1030,G
1-PB2,244,1021,0,0,0,1021,A
1-PB2,245,4,0,1017,0,1021,G
1-PB2,246,0,1014,0,1,1015,T
1-PB2,247,0,0,1021,0,1021,G
1-PB2,248,1047,0,0,0,1047,A
1-PB2,249,0,1056,0,0,1056,T
1-PB2,250,1,0,1062,0,1063,G
1-PB2,251,1,0,0,1058,1059,C
1-PB2,252,0,1066,0,0,1066,T
1-PB2,253,0,0,1089,0,1089,G
1-PB2,254,1,2,1088,0,1091,G
1-PB2,255,1104,1,0,0,1105,A
1-PB2,256,0,1106,0,0,1106,T
1-PB2,257,0,0,0,1110,1110,C
1-PB2,258,1106,0,1,0,1107,A
1-PB2,259,1,2,1130,0,1133,G
1-PB2,260,1134,0,0,0,1134,A
1-PB2,261,0,1135,0,1,1136,T
1-PB2,262,1106,0,1,0,1107,A
1-PB2,263,1,1,1133,0,1135,G
1-PB2,264,1129,0,0,0,1129,A
1-PB2,265,0,0,1138,0,1138,G
1-PB2,266,0,1127,0,1,1128,T
1-PB2,267,0,1,1118,0,1119,G
1-PB2,268,1114,0,0,0,1114,A
1-PB2,269,0,1118,0,0,1118,T
1-PB2,270,0,1,1132,0,1133,G
1-PB2,271,0,0,1153,0,1153,G
1-PB2,272,0,1140,0,0,1140,T
1-PB2,273,1150,0,0,0,1150,A
1-PB2,274,0,1135,0,2,1137,T
1-PB2,275,0,0,0,1142,1142,C
1-PB2,276,1148,1,1,0,1150,A
1-PB2,277,0,0,0,1182,1182,C
1-PB2,278,0,0,0,1171,1171,C
1-PB2,279,0,1160,0,1,1161,T
1-PB2,280,0,1155,0,1,1156,T
1-PB2,281,0,1157,0,0,1157,T
1-PB2,282,1,1,1171,0,1173,G
1-PB2,283,0,0,1171,0,1171,G
1-PB2,284,0,1,0,1183,1184,C
1-PB2,285,1,1161,2,1,1165,T
1-PB2,286,0,0,1172,0,1172,G
1-PB2,287,0,1171,0,1,1172,T
1-PB2,288,1179,0,0,0,1179,A
1-PB2,289,1178,0,1,0,1179,A
1-PB2,290,0,0,0,1182,1182,C
1-PB2,291,1165,0,0,0,1165,A
1-PB2,292,1,1164,0,0,1165,T
1-PB2,293,0,0,1158,0,1158,G
1-PB2,294,0,1,1176,0,1177,G
1-PB2,295,0,1158,0,0,1158,T
1-PB2,296,0,1,1168,0,1169,G
1-PB2,297,0,0,1178,0,1178,G
1-PB2,298,1185,0,2,0,1187,A
1-PB2,299,1189,0,2,0,1191,A
1-PB2,300,0,1189,0,0,1189,T
1-PB2,301,1188,1,1,0,1190,A
1-PB2,302,1,1,1207,0,1209,G
1-PB2,303,1193,0,0,0,1193,A
1-PB2,304,1199,0,0,0,1199,A
1-PB2,305,1194,0,1,0,1195,A
1-PB2,306,0,1174,0,0,1174,T
1-PB2,307,0,1,1177,0,1178,G
1-PB2,308,0,1,1171,0,1172,G
1-PB2,309,1170,0,3,0,1173,A
1-PB2,310,0,0,0,1185,1185,C
1-PB2,311,0,0,0,1183,1183,C
1-PB2,312,2,0,0,1183,1185,C
1-PB2,313,0,0,1188,0,1188,G
1-PB2,314,0,1187,0,0,1187,T
1-PB2,315,1,2,1208,0,1211,G
1-PB2,316,1209,0,0,0,1209,A
1-PB2,317,0,0,0,1214,1214,C
1-PB2,318,1220,0,1,0,1221,A
1-PB2,319,1208,0,1,0,1209,A
1-PB2,320,0,0,1246,0,1246,G
1-PB2,321,0,1242,0,0,1242,T
1-PB2,322,1243,0,0,0,1243,A
1-PB2,323,0,0,0,1229,1229,C
1-PB2,324,0,1,1209,0,1210,G
1-PB2,325,0,0,1239,0,1239,G
1-PB2,326,0,1236,0,4,1240,T
1-PB2,327,2,35,0,1216,1253,C
1-PB2,328,1,1,1,1250,1253,C
1-PB2,329,1232,0,1,0,1233,A
1-PB2,330,0,1239,1,2,1242,T
1-PB2,331,0,1244,0,0,1244,T
1-PB2,332,1287,0,0,0,1287,A
1-PB2,333,0,1,0,1286,1287,C
1-PB2,334,3,0,0,1274,1277,C
1-PB2,335,2,0,0,1273,1275,C
1-PB2,336,1265,0,0,0,1265,A
1-PB2,337,1264,0,0,0,1264,A
1-PB2,338,1267,0,0,0,1267,A
1-PB2,339,1264,0,0,0,1264,A
1-PB2,340,0,1,1281,0,1282,G
1-PB2,341,0,1244,0,0,1244,T
1-PB2,342,0,0,1279,0,1279,G
1-PB2,343,0,1283,1,0,1284,T
1-PB2,344,1283,0,1,0,1284,A
1-PB2,345,0,1,0,1285,1286,C
1-PB2,346,1276,0,0,0,1276,A
1-PB2,347,1283,0,0,0,1283,A
1-PB2,348,0,4,1285,0,1289,G
1-PB2,349,1275,0,4,0,1279,A
1-PB2,350,0,0,0,1282,1282,C
1-PB2,351,0,1269,0,2,1271,T
1-PB2,352,0,1279,0,0,1279,T
1-PB2,353,1283,0,0,0,1283,A
1-PB2,354,0,1277,0,1,1278,T
1-PB2,355,0,1279,0,1,1280,T
1-PB2,356,0,1271,0,0,1271,T
1-PB2,357,0,1,0,1268,1269,C
1-PB2,358,2,1,1261,0,1264,G
1-PB2,359,1263,0,0,0,1263,A
1-PB2,360,0,0,0,1267,1267,C
1-PB2,361,1262,0,0,0,1262,A
1-PB2,362,1258,0,0,0,1258,A
1-PB2,363,1258,0,0,0,1258,A
1-PB2,364,0,0,1266,0,1266,G
1-PB2,365,0,1261,0,0,1261,T
1-PB2,366,0,0,0,1269,1269,C
1-PB2,367,0,0,1269,0,1269,G
1-PB2,368,1264,0,2,0,1266,A
1-PB2,369,1266,0,0,0,1266,A
1-PB2,370,1259,0,2,1,1262,A
1-PB2,371,0,2,1301,0,1303,G
1-PB2,372,1,0,1307,0,1308,G
1-PB2,373,1,1302,0,0,1303,T
1-PB2,374,1,1309,0,1,1311,T
1-PB2,375,1310,0,0,0,1310,A
1-PB2,376,1310,0,1,0,1311,A
1-PB2,377,1310,0,0,0,1310,A
1-PB2,378,1319,0,1,1,1321,A
1-PB2,379,0,0,0,1327,1327,C
1-PB2,380,1303,0,0,0,1303,A
1-PB2,381,0,1299,1,0,1300,T
1-PB2,382,0,0,1299,0,1299,G
1-PB2,383,0,2,1294,0,1296,G
1-PB2,384,1297,1,0,0,1298,A
1-PB2,385,1298,0,0,0,1298,A
1-PB2,386,0,0,0,1328,1328,C
1-PB2,387,2,2,0,1340,1344,C
1-PB2,388,0,1334,0,1,1335,T
1-PB2,389,0,1329,0,2,1331,T
1-PB2,390,0,1337,0,0,1337,T
1-PB2,391,0,1,1329,0,1330,G
1-PB2,392,0,0,1330,0,1330,G
1-PB2,393,1,0,0,1327,1328,C
1-PB2,394,0,0,0,1327,1327,C
1-PB2,395,1,1,0,1324,1326,C
1-PB2,396,0,1309,0,1,1310,T
1-PB2,397,1,0,1315,0,1316,G
1-PB2,398,0,1313,0,0,1313,T
1-PB2,399,0,1317,0,5,1322,T
1-PB2,400,1,1,0,1319,1321,C
1-PB2,401,1318,0,0,0,1318,A
1-PB2,402,0,1316,0,0,1316,T
1-PB2,403,0,1323,0,0,1323,T
1-PB2,404,0,1321,0,0,1321,T
1-PB2,405,0,1322,0,0,1322,T
1-PB2,406,1311,0,2,0,1313,A
1-PB2,407,0,0,1304,0,1304,G
1-PB2,408,1304,0,0,0,1304,A
1-PB2,409,1314,0,0,0,1314,A
1-PB2,410,1315,0,0,0,1315,A
1-PB2,411,0,1296,0,0,1296,T
1-PB2,412,0,1,0,1302,1303,C
1-PB2,413,1302,0,0,0,1302,A
1-PB2,414,1313,0,1,0,1314,A
1-PB2,415,0,0,1315,0,1315,G
1-PB2,416,0,1318,2,0,1320,T
1-PB2,417,1,1,0,1319,1321,C
1-PB2,418,1329,0,1,0,1330,A
1-PB2,419,1327,0,1,0,1328,A
1-PB2,420,0,1,1331,0,1332,G
1-PB2,421,1335,0,0,0,1335,A
1-PB2,422,0,1332,0,0,1332,T
1-PB2,423,1336,0,1,0,1337,A
1-PB2,424,0,0,1,1333,1334,C
1-PB2,425,0,0,1338,0,1338,G
1-PB2,426,0,0,0,1365,1365,C
1-PB2,427,1356,0,0,0,1356,A
1-PB2,428,1,0,1379,0,1380,G
1-PB2,429,1375,0,0,0,1375,A
1-PB2,430,1374,0,0,0,1374,A
1-PB2,431,0,2,1400,0,1402,G
1-PB2,432,1380,0,1,0,1381,A
1-PB2,433,1,0,1384,0,1385,G
1-PB2,434,0,1385,0,0,1385,T
1-PB2,435,1376,0,2,0,1378,A
1-PB2,436,0,0,1388,0,1388,G
1-PB2,437,1384,0,2,0,1386,A
1-PB2,438,0,0,0,1423,1423,C
1-PB2,439,1405,0,0,0,1405,A
1-PB2,440,0,1388,0,0,1388,T
1-PB2,441,1383,0,1,0,1384,A
1-PB2,442,1380,0,0,0,1380,A
1-PB2,443,1375,0,0,0,1375,A
1-PB2,444,0,1,0,1385,1386,C
1-PB2,445,0,0,0,1371,1371,C
1-PB2,446,2,0,0,1371,1373,C
1-PB2,447,0,1279,0,1,1280,T
1-PB2,448,0,1,1296,0,1297,G
1-PB2,449,1,1,1304,0,1306,G
1-PB2,450,0,1301,0,0,1301,T
1-PB2,451,2,0,0,1304,1306,C
1-PB2,452,1296,0,0,0,1296,A
1-PB2,453,1,1302,0,0,1303,T
1-PB2,454,0,0,1309,0,1309,G
1-PB2,455,0,0,0,1310,1310,C
1-PB2,456,1301,0,2,0,1303,A
1-PB2,457,0,1,1306,0,1307,G
1-PB2,458,1267,0,0,0,1267,A
1-PB2,459,0,0,0,1283,1283,C
1-PB2,460,1,0,0,1275,1276,C
1-PB2,461,0,1250,0,0,1250,T
1-PB2,462,0,0,0,1254,1254,C
1-PB2,463,1236,0,1,0,1237,A
1-PB2,464,0,0,1268,0,1268,G
1-PB2,465,0,1264,0,1,1265,T
1-PB2,466,0,0,1254,0,1254,G
1-PB2,467,0,0,0,1255,1255,C
1-PB2,468,0,0,0,1233,1233,C
1-PB2,469,1236,1,0,0,1237,A
1-PB2,470,1240,0,0,0,1240,A
1-PB2,471,1232,0,0,0,1232,A
1-PB2,472,0,0,1233,0,1233,G
1-PB2,473,1213,0,1,0,1214,A
1-PB2,474,0,0,1214,0,1214,G
1-PB2,475,1,0,1211,0,1212,G
1-PB2,476,0,0,0,1206,1206,C
1-PB2,477,1205,0,2,0,1207,A
1-PB2,478,0,0,0,1211,1211,C
1-PB2,479,1212,0,0,0,1212,A
1-PB2,480,1220,1,1,0,1222,A
1-PB2,481,0,0,1242,0,1242,G
1-PB2,482,1251,0,1,0,1252,A
1-PB2,483,0,1249,0,0,1249,T
1-PB2,484,0,0,1254,0,1254,G
1-PB2,485,0,1246,0,2,1248,T
1-PB2,486,1253,0,0,1,1254,A
1-PB2,487,1258,0,0,0,1258,A
1-PB2,488,0,1265,0,1,1266,T
1-PB2,489,0,1227,0,0,1227,T
1-PB2,490,1216,0,0,0,1216,A
1-PB2,491,0,1198,0,1,1199,T
1-PB2,492,0,2,1195,0,1197,G
1-PB2,493,0,0,1193,0,1193,G
1-PB2,494,1189,0,0,0,1189,A
1-PB2,495,1179,0,1,0,1180,A
1-PB2,496,1,0,1180,0,1181,G
1-PB2,497,0,1177,0,1,1178,T
1-PB2,498,0,1180,0,1,1181,T
1-PB2,499,0,0,1187,0,1187,G
1-PB2,500,0,1179,0,3,1182,T
1-PB2,501,0,1187,0,0,1187,T
1-PB2,502,0,1176,0,3,1179,T
1-PB2,503,0,1183,0,0,1183,T
1-PB2,504,0,1184,0,0,1184,T
1-PB2,505,0,0,0,1187,1187,C
1-PB2,506,0,0,0,1189,1189,C
1-PB2,507,1,0,0,1195,1196,C
1-PB2,508,1181,0,0,0,1181,A
1-PB2,509,1185,0,0,0,1185,A
1-PB2,510,0,1191,0,1,1192,T
1-PB2,511,0,0,1202,0,1202,G
1-PB2,512,1204,0,0,0,1204,A
1-PB2,513,1198,0,2,0,1200,A
1-PB2,514,0,0,1215,0,1215,G
1-PB2,515,0,1196,0,0,1196,T
1-PB2,516,1,1,1195,0,1197,G
1-PB2,517,0,0,1197,0,1197,G
1-PB2,518,0,2,1198,0,1200,G
1-PB2,519,1208,0,1,0,1209,A
1-PB2,520,0,0,1201,0,1201,G
1-PB2,521,0,1,0,1189,1190,C
1-PB2,522,1,2,0,1200,1203,C
1-PB2,523,1201,0,0,0,1201,A
1-PB2,524,0,2,1222,0,1224,G
1-PB2,525,0,0,1236,0,1236,G
1-PB2,526,1249,0,0,0,1249,A
1-PB2,527,0,1243,0,0,1243,T
1-PB2,528,1230,0,0,0,1230,A
1-PB2,529,0,0,0,1230,1230,C
1-PB2,530,1,1223,0,0,1224,T
1-PB2,531,1225,0,0,0,1225,A
1-PB2,532,1220,0,0,0,1220,A
1-PB2,533,0,0,0,1230,1230,C
1-PB2,534,1209,0,0,0,1209,A
1-PB2,535,0,1201,1,0,1202,T
1-PB2,536,0,0,0,1209,1209,C
1-PB2,537,1198,0,0,0,1198,A
1-PB2,538,0,2,1208,0,1210,G
1-PB2,539,1206,0,0,0,1206,A
1-PB2,540,1209,0,0,0,1209,A
1-PB2,541,0,1205,0,1,1206,T
1-PB2,542,0,2,0,1195,1197,C
1-PB2,543,1191,0,1,0,1192,A
1-PB2,544,0,1,0,1209,1210,C
1-PB2,545,1212,0,0,0,1212,A
1-PB2,546,1218,0,0,0,1218,A
1-PB2,547,0,1202,0,0,1202,T
1-PB2,548,0,1201,0,0,1201,T
1-PB2,549,1204,0,0,0,1204,A
1-PB2,550,1199,0,1,1,1201,A
1-PB2,551,0,0,1,1202,1203,C
1-PB2,552,1204,0,0,0,1204,A
1-PB2,553,1195,0,0,0,1195,A
1-PB2,554,0,1200,0,1,1201,T
1-PB2,555,1202,0,0,0,1202,A
1-PB2,556,1202,0,0,0,1202,A
1-PB2,557,0,0,0,1207,1207,C
1-PB2,558,0,1204,0,1,1205,T
1-PB2,559,1194,0,0,0,1194,A
1-PB2,560,1188,0,1,0,1189,A
1-PB2,561,1188,0,0,0,1188,A
1-PB2,562,0,2,1190,0,1192,G
1-PB2,563,1178,0,2,0,1180,A
1-PB2,564,0,0,1185,0,1185,G
1-PB2,565,1177,0,0,0,1177,A
1-PB2,566,1173,0,1,0,1174,A
1-PB2,567,1176,0,0,0,1176,A
1-PB2,568,1174,0,0,0,1174,A
1-PB2,569,1174,0,8,1,1183,A
1-PB2,570,1180,0,1,0,1181,A
1-PB2,571,0,1,1182,0,1183,G
1-PB2,572,1178,0,0,0,1178,A
1-PB2,573,1173,0,1,0,1174,A
1-PB2,574,0,2,1172,0,1174,G
1-PB2,575,1172,0,0,0,1172,A
1-PB2,576,1174,0,1,0,1175,A
1-PB2,577,0,0,0,1179,1179,C
1-PB2,578,0,1148,0,3,1151,T
1-PB2,579,0,0,0,1174,1174,C
1-PB2,580,1,0,0,1174,1175,C
1-PB2,581,1,0,1177,0,1178,G
1-PB2,582,1163,0,1,0,1164,A
1-PB2,583,0,0,1174,0,1174,G
1-PB2,584,1170,0,0,0,1170,A
1-PB2,585,0,1166,0,0,1166,T
1-PB2,586,0,1160,0,0,1160,T
1-PB2,587,1,0,1158,0,1159,G
1-PB2,588,0,0,0,1159,1159,C
1-PB2,589,1163,0,0,0,1163,A
1-PB2,590,1164,0,1,0,1165,A
1-PB2,591,1162,0,0,0,1162,A
1-PB2,592,1169,0,0,0,1169,A
1-PB2,593,0,1163,0,1,1164,T
1-PB2,594,0,1159,0,1,1160,T
1-PB2,595,0,1153,1,0,1154,T
1-PB2,596,0,0,0,1159,1159,C
1-PB2,597,0,1146,0,5,1151,T
1-PB2,598,1,0,0,1234,1235,C
1-PB2,599,0,0,0,1237,1237,C
1-PB2,600,0,0,0,1378,1378,C
1-PB2,601,0,1372,0,0,1372,T
1-PB2,602,0,1412,0,0,1412,T
1-PB2,603,1,0,1422,0,1423,G
1-PB2,604,1423,0,2,0,1425,A
1-PB2,605,1,1455,0,0,1456,T
1-PB2,606,0,3,1474,0,1477,G
1-PB2,607,0,0,1662,0,1662,G
1-PB2,608,0,1704,0,0,1704,T
1-PB2,609,0,1707,0,1,1708,T
1-PB2,610,0,0,1865,0,1865,G
1-PB2,611,0,0,0,1874,1874,C
1-PB2,612,1914,0,0,0,1914,A
1-PB2,613,0,1917,0,0,1917,T
1-PB2,614,1945,1,1,3,1950,A
1-PB2,615,0,0,0,2045,2045,C
1-PB2,616,2285,0,0,2,2287,A
1-PB2,617,0,2361,0,2,2363,T
1-PB2,618,1,1,2492,0,2494,G
1-PB2,619,0,2467,0,2,2469,T
1-PB2,620,0,2466,0,1,2467,T
1-PB2,621,2459,0,6,0,2465,A
1-PB2,622,0,0,2466,1,2467,G
1-PB2,623,2505,0,4,0,2509,A
1-PB2,624,7,4,2517,0,2528,G
1-PB2,625,2457,0,1,0,2458,A
1-PB2,626,1,6,2453,0,2460,G
1-PB2,627,2419,0,2,0,2421,A
1-PB2,628,0,3,2436,0,2439,G
1-PB2,629,2452,0,1,0,2453,A
1-PB2,630,2460,0,0,0,2460,A
1-PB2,631,1,0,0,2482,2483,C
1-PB2,632,0,2472,0,0,2472,T
1-PB2,633,0,2478,0,0,2478,T
1-PB2,634,0,1,2478,0,2479,G
1-PB2,635,0,2479,0,1,2480,T
1-PB2,636,2479,0,2,0,2481,A
1-PB2,637,1,2,0,2471,2474,C
1-PB2,638,1,0,2470,0,2471,G
1-PB2,639,2468,0,0,0,2468,A
1-PB2,640,2466,0,0,0,2466,A
1-PB2,641,2488,0,0,0,2488,A
1-PB2,642,2494,0,0,0,2494,A
1-PB2,643,2494,0,2,0,2496,A
1-PB2,644,0,0,0,2516,2516,C
1-PB2,645,2509,0,1,0,2510,A
1-PB2,646,2512,0,2,0,2514,A
1-PB2,647,1,4,2521,0,2526,G
1-PB2,648,2522,1,0,0,2523,A
1-PB2,649,0,2517,0,0,2517,T
1-PB2,650,0,2520,0,1,2521,T
1-PB2,651,0,2529,0,0,2529,T
1-PB2,652,4,0,0,2529,2533,C
1-PB2,653,0,2542,0,4,2546,T
1-PB2,654,1,1,0,2544,2546,C
1-PB2,655,1,0,0,2544,2545,C
1-PB2,656,1,0,0,2560,2561,C
1-PB2,657,2561,0,0,0,2561,A
1-PB2,658,0,0,2575,0,2575,G
1-PB2,659,0,2576,0,0,2576,T
1-PB2,660,0,2578,0,0,2578,T
1-PB2,661,0,1,2579,0,2580,G
1-PB2,662,0,0,0,2569,2569,C
1-PB2,663,1,2568,0,1,2570,T
1-PB2,664,0,1,2578,0,2579,G
1-PB2,665,1,0,2578,0,2579,G
1-PB2,666,0,1,0,2586,2587,C
1-PB2,667,0,0,2584,0,2584,G
1-PB2,668,0,2,2609,0,2611,G
1-PB2,669,2611,0,8,0,2619,A
1-PB2,670,2619,0,1,0,2620,A
1-PB2,671,0,2,0,2621,2623,C
1-PB2,672,2642,0,1,0,2643,A
1-PB2,673,2631,0,4,0,2635,A
1-PB2,674,12,0,2753,0,2765,G
1-PB2,675,0,0,0,2838,2838,C
1-PB2,676,2859,0,1,0,2860,A
1-PB2,677,0,0,3541,0,3541,G
1-PB2,678,0,3527,0,0,3527,T
1-PB2,679,3550,0,1,0,3551,A
1-PB2,680,0,3560,0,1,3561,T
1-PB2,681,3570,0,2,0,3572,A
1-PB2,682,0,3568,0,1,3569,T
1-PB2,683,3556,0,1,0,3557,A
1-PB2,684,0,2,0,3593,3595,C
1-PB2,685,3492,1,0,0,3493,A
1-PB2,686,0,3350,0,1,3351,T
1-PB2,687,0,3267,0,0,3267,T
1-PB2,688,0,2,3270,0,3272,G
1-PB2,689,3264,0,1,1,3266,A
1-PB2,690,3268,0,1,0,3269,A
1-PB2,691,0,0,3310,0,3310,G
1-PB2,692,0,3284,0,2,3286,T
1-PB2,693,0,3277,0,1,3278,T
1-PB2,694,0,3280,0,2,3282,T
1-PB2,695,0,3286,0,0,3286,T
1-PB2,696,3315,1,1,0,3317,A
1-PB2,697,0,1,0,3340,3341,C
1-PB2,698,3350,0,1,0,3351,A
1-PB2,699,0,3346,0,2,3348,T
1-PB2,700,0,3332,0,1,3333,T
1-PB2,701,1,3347,0,1,3349,T
1-PB2,702,1,3,3365,0,3369,G
1-PB2,703,3391,0,0,0,3391,A
1-PB2,704,1,0,0,3410,3411,C
1-PB2,705,2,3369,0,1,3372,T
1-PB2,706,4,0,0,3370,3374,C
1-PB2,707,3371,0,0,0,3371,A
1-PB2,708,0,4,3348,0,3352,G
1-PB2,709,0,2,3409,0,3411,G
1-PB2,710,0,2,3399,0,3401,G
1-PB2,711,3408,0,7,0,3415,A
1-PB2,712,3420,0,3,0,3423,A
1-PB2,713,0,2,0,3432,3434,C
1-PB2,714,1,0,3461,0,3462,G
1-PB2,715,0,3451,0,0,3451,T
1-PB2,716,0,0,3488,0,3488,G
1-PB2,717,0,3445,0,3,3448,T
1-PB2,718,0,3449,0,0,3449,T
1-PB2,719,2,4,3459,0,3465,G
1-PB2,720,0,0,3453,0,3453,G
1-PB2,721,1,5,3481,0,3487,G
1-PB2,722,3468,1,0,0,3469,A
1-PB2,723,3464,1,5,1,3471,A
1-PB2,724,0,0,0,3549,3549,C
1-PB2,725,3534,0,1,0,3535,A
1-PB2,726,3615,0,1,0,3616,A
1-PB2,727,3637,0,0,0,3637,A
1-PB2,728,0,3656,0,0,3656,T
1-PB2,729,1,0,3704,0,3705,G
1-PB2,730,1,3676,0,1,3678,T
1-PB2,731,3678,0,1,0,3679,A
1-PB2,732,0,0,0,3691,3691,C
1-PB2,733,3629,0,4,1,3634,A
1-PB2,734,1,0,0,3650,3651,C
1-PB2,735,0,3541,0,3,3544,T
1-PB2,736,3,1,1,3880,3885,C
1-PB2,737,1,0,0,3902,3903,C
1-PB2,738,3960,3,0,0,3963,A
1-PB2,739,0,3,3993,0,3996,G
1-PB2,740,12,0,4078,0,4090,G
1-PB2,741,1,4033,0,3,4037,T
1-PB2,742,0,6,4074,0,4080,G
1-PB2,743,1,1,3978,0,3980,G
1-PB2,744,3930,0,6,0,3936,A
1-PB2,745,1,3,3983,0,3987,G
1-PB2,746,0,4,3988,0,3992,G
1-PB2,747,3934,0,7,0,3941,A
1-PB2,748,0,0,4005,0,4005,G
1-PB2,749,0,3892,0,1,3893,T
1-PB2,750,0,2,3950,0,3952,G
1-PB2,751,3937,1,4,0,3942,A
1-PB2,752,0,5,3962,0,3967,G
1-PB2,753,0,3,3978,0,3981,G
1-PB2,754,3955,0,3,0,3958,A
1-PB2,755,3965,0,2,0,3967,A
1-PB2,756,0,3960,0,0,3960,T
1-PB2,757,0,2,3945,0,3947,G
1-PB2,758,3932,0,4,0,3936,A
1-PB2,759,0,7,0,3942,3949,C
1-PB2,760,3,2,3950,0,3955,G
1-PB2,761,3977,0,1,0,3978,A
1-PB2,762,0,3961,0,4,3965,T
1-PB2,763,16,0,3970,0,3986,G
1-PB2,764,0,3982,0,3,3985,T
1-PB2,765,1,3958,0,2,3961,T
1-PB2,766,2,2,3999,0,4003,G
1-PB2,767,3985,0,6,0,3991,A
1-PB2,768,1,6,0,3987,3994,C
1-PB2,769,4,0,0,3983,3987,C
1-PB2,770,3966,0,0,0,3966,A
1-PB2,771,3978,0,0,0,3978,A
1-PB2,772,3982,0,2,0,3984,A
1-PB2,773,0,0,4062,0,4062,G
1-PB2,774,0,0,0,4063,4063,C
1-PB2,775,5,0,0,4056,4061,C
1-PB2,776,0,4082,0,3,4085,T
1-PB2,777,4099,0,0,0,4099,A
1-PB2,778,4088,1,2,0,4091,A
1-PB2,779,0,4099,1,2,4102,T
1-PB2,780,0,4104,0,1,4105,T
1-PB2,781,4065,0,1,0,4066,A
1-PB2,782,0,4004,0,0,4004,T
1-PB2,783,0,3986,0,1,3987,T
1-PB2,784,0,0,3982,0,3982,G
1-PB2,785,0,2,0,3981,3983,C
1-PB2,786,2,8,3969,0,3979,G
1-PB2,787,0,2,4026,1,4029,G
1-PB2,788,0,0,0,4027,4027,C
1-PB2,789,2,6,1,4045,4054,C
1-PB2,790,4043,0,3,0,4046,A
1-PB2,791,1,1,4105,1,4108,G
1-PB2,792,2,4,4143,0,4149,G
1-PB2,793,4135,1,2,0,4138,A
1-PB2,794,4164,1,2,0,4167,A
1-PB2,795,0,1,0,4180,4181,C
1-PB2,796,4121,0,2,0,4123,A
1-PB2,797,0,4184,1,1,4186,T
1-PB2,798,4252,0,0,0,4252,A
1-PB2,799,2,0,4283,0,4285,G
1-PB2,800,1,4240,1,1,4243,T
1-PB2,801,4224,0,8,0,4232,A
1-PB2,802,4227,1,0,0,4228,A
1-PB2,803,0,1,4233,0,4234,G
1-PB2,804,4210,0,4,0,4214,A
1-PB2,805,4168,1,3,0,4172,A
1-PB2,806,0,1,4155,0,4156,G
1-PB2,807,4072,0,5,0,4077,A
1-PB2,808,0,0,4078,0,4078,G
1-PB2,809,0,3,0,4076,4079,C
1-PB2,810,1,8,0,4080,4089,C
1-PB2,811,2,0,4093,0,4095,G
1-PB2,812,0,1,0,4128,4129,C
1-PB2,813,4151,0,3,0,4154,A
1-PB2,814,2,0,4405,0,4407,G
1-PB2,815,0,4374,0,2,4376,T
1-PB2,816,4403,0,5,0,4408,A
1-PB2,817,0,4383,1,1,4385,T
1-PB2,818,1,1,0,4413,4415,C
1-PB2,819,4418,1,5,0,4424,A
1-PB2,820,2,0,4409,0,4411,G
1-PB2,821,0,0,0,4416,4416,C
1-PB2,822,4273,0,0,0,4273,A
1-PB2,823,0,2,4211,0,4213,G
1-PB2,824,4233,0,1,0,4234,A
1-PB2,825,0,4231,0,1,4232,T
1-PB2,826,0,0,0,4243,4243,C
1-PB2,827,6,0,0,4253,4259,C
1-PB2,828,4250,0,3,0,4253,A
1-PB2,829,0,0,0,4273,4273,C
1-PB2,830,1,4276,0,1,4278,T
1-PB2,831,4282,0,7,0,4289,A
1-PB2,832,0,1,4277,0,4278,G
1-PB2,833,1,0,0,4246,4247,C
1-PB2,834,4237,0,0,0,4237,A
1-PB2,835,0,4265,0,1,4266,T
1-PB2,836,0,0,0,4305,4305,C
1-PB2,837,0,4265,1,4,4270,T
1-PB2,838,0,4380,0,0,4380,T
1-PB2,839,0,4385,0,1,4386,T
1-PB2,840,4384,0,2,0,4386,A
1-PB2,841,0,4389,0,0,4389,T
1-PB2,842,0,4381,0,1,4382,T
1-PB2,843,11,4,4366,0,4381,G
1-PB2,844,0,4,4368,0,4372,G
1-PB2,845,4312,0,5,0,4317,A
1-PB2,846,10,41,4263,0,4314,G
1-PB2,847,4279,0,2,0,4281,A
1-PB2,848,0,4250,0,2,4252,T
1-PB2,849,0,0,4335,0,4335,G
1-PB2,850,1,4309,0,1,4311,T
1-PB2,851,1,1,4316,2,4320,G
1-PB2,852,0,0,0,4326,4326,C
1-PB2,853,7,0,0,4313,4320,C
1-PB2,854,4308,1,1,0,4310,A
1-PB2,855,0,9,0,4310,4319,C
1-PB2,856,4250,0,3,0,4253,A
1-PB2,857,0,1,4308,0,4309,G
1-PB2,858,0,1,0,4215,4216,C
1-PB2,859,4205,0,5,1,4211,A
1-PB2,860,0,1,0,4213,4214,C
1-PB2,861,4214,0,4,0,4218,A
1-PB2,862,0,1,0,4244,4245,C
1-PB2,863,4248,0,0,0,4248,A
1-PB2,864,4247,0,9,0,4256,A
1-PB2,865,4250,0,2,0,4252,A
1-PB2,866,0,4149,0,0,4149,T
1-PB2,867,0,4170,0,0,4170,T
1-PB2,868,0,2,4167,0,4169,G
1-PB2,869,1,0,4143,0,4144,G
1-PB2,870,2,12,0,4134,4148,C
1-PB2,871,1,6,4133,0,4140,G
1-PB2,872,5,1,4194,0,4200,G
1-PB2,873,8,5,4184,0,4197,G
1-PB2,874,4064,0,6,0,4070,A
1-PB2,875,0,1,0,4142,4143,C
1-PB2,876,4167,0,4,0,4171,A
1-PB2,877,4212,1,3,0,4216,A
1-PB2,878,0,3,4201,0,4204,G
1-PB2,879,0,4,4272,0,4276,G
1-PB2,880,4117,0,5,0,4122,A
1-PB2,881,0,4071,0,0,4071,T
1-PB2,882,1,4,4011,0,4016,G
1-PB2,883,0,0,4091,0,4091,G
1-PB2,884,0,3856,0,1,3857,T
1-PB2,885,1,5,4061,0,4067,G
1-PB2,886,0,1,4063,0,4064,G
1-PB2,887,3842,0,2,0,3844,A
1-PB2,888,0,10,0,3881,3891,C
1-PB2,889,3895,0,0,0,3895,A
1-PB2,890,0,4448,0,1,4449,T
1-PB2,891,0,4457,0,1,4458,T
1-PB2,892,3,1,0,4422,4426,C
1-PB2,893,0,4438,1,1,4440,T
1-PB2,894,0,4469,0,8,4477,T
1-PB2,895,4421,0,1,1,4423,A
1-PB2,896,1,2,4459,1,4463,G
1-PB2,897,4452,0,11,0,4463,A
1-PB2,898,0,0,0,4453,4453,C
1-PB2,899,3845,0,1,0,3846,A
1-PB2,900,8,1,3851,0,3860,G
1-PB2,901,3830,0,2,0,3832,A
1-PB2,902,3857,0,1,0,3858,A
1-PB2,903,1,8,0,3728,3737,C
1-PB2,904,1,18,0,3837,3856,C
1-PB2,905,8,1,0,3864,3873,C
1-PB2,906,20,7,3756,0,3783,G
1-PB2,907,3762,0,4,0,3766,A
1-PB2,908,0,0,0,3835,3835,C
1-PB2,909,8,3801,0,2,3811,T
1-PB2,910,0,2,3858,0,3860,G
1-PB2,911,3811,0,3,0,3814,A
1-PB2,912,3887,0,0,0,3887,A
1-PB2,913,0,5,3860,0,3865,G
1-PB2,914,3843,1,0,0,3844,A
1-PB2,915,3894,1,2,0,3897,A
1-PB2,916,2,1,0,3831,3834,C
1-PB2,917,3844,0,3,0,3847,A
1-PB2,918,3898,0,2,0,3900,A
1-PB2,919,0,0,3862,0,3862,G
1-PB2,920,0,0,0,3901,3901,C
1-PB2,921,0,3932,0,0,3932,T
1-PB2,922,1,0,4019,0,4020,G
1-PB2,923,1,3945,1,1,3948,T
1-PB2,924,1,2,4071,0,4074,G
1-PB2,925,0,2,4230,0,4232,G
1-PB2,926,4126,0,2,1,4129,A
1-PB2,927,0,4167,0,8,4175,T
1-PB2,928,4207,0,1,0,4208,A
1-PB2,929,0,4152,0,1,4153,T
1-PB2,930,4308,0,0,0,4308,A
1-PB2,931,0,4226,0,0,4226,T
1-PB2,932,0,1,4209,0,4210,G
1-PB2,933,0,0,0,4169,4169,C
1-PB2,934,4041,0,2,0,4043,A
1-PB2,935,4087,0,2,0,4089,A
1-PB2,936,11,2,4048,0,4061,G
1-PB2,937,2,0,4082,0,4084,G
1-PB2,938,1,2,0,4054,4057,C
1-PB2,939,9,3987,1,7,4004,T
1-PB2,940,0,0,4023,0,4023,G
1-PB2,941,0,1,1,4030,4032,C
1-PB2,942,4039,0,1,0,4040,A
1-PB2,943,4067,0,2,0,4069,A
1-PB2,944,0,4023,0,0,4023,T
1-PB2,945,27,6,4004,0,4037,G
1-PB2,946,1,3,4038,1,4043,G
1-PB2,947,1,2,4043,0,4046,G
1-PB2,948,3936,1,11,0,3948,A
1-PB2,949,0,3983,0,9,3992,T
1-PB2,950,0,4013,0,1,4014,T
1-PB2,951,1,2,3994,0,3997,G
1-PB2,952,3969,0,5,0,3974,A
1-PB2,953,0,3,4049,0,4052,G
1-PB2,954,4026,0,3,0,4029,A
1-PB2,955,4011,1,0,0,4012,A
1-PB2,956,0,3925,1,1,3927,T
1-PB2,957,5,2,0,3984,3991,C
1-PB2,958,3979,0,1,1,3981,A
1-PB2,959,0,0,3988,0,3988,G
1-PB2,960,0,8,0,3979,3987,C
1-PB2,961,0,3941,0,4,3945,T
1-PB2,962,8,0,0,3973,3981,C
1-PB2,963,3963,0,0,0,3963,A
1-PB2,964,0,4015,0,0,4015,T
1-PB2,965,5,1,0,4027,4033,C
1-PB2,966,1,2,0,4087,4090,C
1-PB2,967,0,4064,0,4,4068,T
1-PB2,968,0,4045,1,3,4049,T
1-PB2,969,1,0,0,4052,4053,C
1-PB2,970,4047,0,2,0,4049,A
1-PB2,971,1,0,4104,0,4105,G
1-PB2,972,1,7,0,4069,4077,C
1-PB2,973,0,4028,1,3,4032,T
1-PB2,974,0,4048,0,2,4050,T
1-PB2,975,0,4045,0,3,4048,T
1-PB2,976,0,3,4026,1,4030,G
1-PB2,977,1,0,4041,0,4042,G
1-PB2,978,0,3966,0,7,3973,T
1-PB2,979,0,6,4063,0,4069,G
1-PB2,980,0,5,4058,0,4063,G
1-PB2,981,7,0,4090,0,4097,G
1-PB2,982,0,4033,1,1,4035,T
1-PB2,983,0,4076,0,1,4077,T
1-PB2,984,0,4076,0,9,4085,T
1-PB2,985,4080,0,4,0,4084,A
1-PB2,986,2,0,0,4102,4104,C
1-PB2,987,4121,0,1,0,4122,A
1-PB2,988,1,4102,0,0,4103,T
1-PB2,989,0,4061,0,1,4062,T
1-PB2,990,0,4068,0,0,4068,T
1-PB2,991,4059,2,0,0,4061,A
1-PB2,992,4060,1,1,0,4062,A
1-PB2,993,4061,0,7,0,4068,A
1-PB2,994,4055,0,2,0,4057,A
1-PB2,995,0,4,4069,0,4073,G
1-PB2,996,4070,0,1,0,4071,A
1-PB2,997,4047,0,2,0,4049,A
1-PB2,998,2,0,0,4061,4063,C
1-PB2,999,4060,0,0,0,4060,A
1-PB2,1000,4056,0,4,0,4060,A
1-PB2,1001,1,0,4040,0,4041,G
1-PB2,1002,0,8,0,4038,4046,C
1-PB2,1003,3,5,4043,0,4051,G
1-PB2,1004,1,0,4057,1,4059,G
1-PB2,1005,3,0,4050,1,4054,G
1-PB2,1006,1,4030,0,3,4034,T
1-PB2,1007,6,1,0,4051,4058,C
1-PB2,1008,4060,1,3,0,4064,A
1-PB2,1009,0,4018,1,2,4021,T
1-PB2,1010,3,2,0,4055,4060,C
1-PB2,1011,4047,0,2,0,4049,A
1-PB2,1012,0,1,4084,0,4085,G
1-PB2,1013,2,4019,0,1,4022,T
1-PB2,1014,6,0,0,4043,4049,C
1-PB2,1015,4048,0,1,0,4049,A
1-PB2,1016,4069,0,1,0,4070,A
1-PB2,1017,4082,0,0,0,4082,A
1-PB2,1018,4081,1,0,0,4082,A
1-PB2,1019,4079,1,5,0,4085,A
1-PB2,1020,4083,0,10,0,4093,A
1-PB2,1021,0,0,4104,1,4105,G
1-PB2,1022,4075,0,3,0,4078,A
1-PB2,1023,4069,0,9,0,4078,A
1-PB2,1024,0,2,4075,0,4077,G
1-PB2,1025,4064,0,1,0,4065,A
1-PB2,1026,3978,0,11,1,3990,A
1-PB2,1027,0,0,3988,0,3988,G
1-PB2,1028,3982,0,6,0,3988,A
1-PB2,1029,29,2,3955,0,3986,G
1-PB2,1030,2,0,4027,0,4029,G
1-PB2,1031,0,3992,0,3,3995,T
1-PB2,1032,1,1,4070,0,4072,G
1-PB2,1033,0,0,0,4094,4094,C
1-PB2,1034,0,4091,1,5,4097,T
1-PB2,1035,1,4132,0,5,4138,T
1-PB2,1036,4129,0,0,0,4129,A
1-PB2,1037,0,0,0,4130,4130,C
1-PB2,1038,4099,0,6,0,4105,A
1-PB2,1039,0,3,4087,0,4090,G
1-PB2,1040,0,1,4059,0,4060,G
1-PB2,1041,2,0,0,4001,4003,C
1-PB2,1042,3975,1,0,0,3976,A
1-PB2,1043,3981,0,1,0,3982,A
1-PB2,1044,1,4035,0,3,4039,T
1-PB2,1045,1,0,0,4093,4094,C
1-PB2,1046,3,4040,0,4,4047,T
1-PB2,1047,3,1,7,4066,4077,C
1-PB2,1048,2,0,0,4066,4068,C
1-PB2,1049,4083,0,2,0,4085,A
1-PB2,1050,4078,0,3,0,4081,A
1-PB2,1051,4073,0,2,0,4075,A
1-PB2,1052,1,0,0,4104,4105,C
1-PB2,1053,3997,0,0,0,3997,A
1-PB2,1054,0,3953,1,0,3954,T
1-PB2,1055,0,3947,1,0,3948,T
1-PB2,1056,0,3,3996,0,3999,G
1-PB2,1057,3995,0,2,0,3997,A
1-PB2,1058,4052,0,2,0,4054,A
1-PB2,1059,4062,0,2,0,4064,A
1-PB2,1060,4053,0,0,6,4059,A
1-PB2,1061,0,4057,0,0,4057,T
1-PB2,1062,4063,0,0,0,4063,A
1-PB2,1063,4056,0,6,0,4062,A
1-PB2,1064,0,1,4116,6,4123,G
1-PB2,1065,4067,7,3,0,4077,A
1-PB2,1066,1,0,4192,0,4193,G
1-PB2,1067,0,4105,0,1,4106,T
1-PB2,1068,4146,1,8,0,4155,A
1-PB2,1069,1,1,0,4236,4238,C
1-PB2,1070,4216,1,1,0,4218,A
1-PB2,1071,0,4204,0,1,4205,T
1-PB2,1072,2,6,4222,0,4230,G
1-PB2,1073,4131,1,7,1,4140,A
1-PB2,1074,1,5,4170,0,4176,G
1-PB2,1075,0,8,4156,0,4164,G
1-PB2,1076,0,4,4334,0,4338,G
1-PB2,1077,9,0,4350,0,4359,G
1-PB2,1078,1,4229,0,0,4230,T
1-PB2,1079,4294,1,2,0,4297,A
1-PB2,1080,0,4267,0,0,4267,T
1-PB2,1081,2,0,4297,0,4299,G
1-PB2,1082,4300,0,4,0,4304,A
1-PB2,1083,8,0,4262,0,4270,G
1-PB2,1084,1,7,4183,0,4191,G
1-PB2,1085,3933,0,2,0,3935,A
1-PB2,1086,1,1,4012,0,4014,G
1-PB2,1087,0,4041,0,0,4041,T
1-PB2,1088,0,4172,0,4,4176,T
1-PB2,1089,1,1,0,4205,4207,C
1-PB2,1090,4188,1,3,0,4192,A
1-PB2,1091,0,0,0,4205,4205,C
1-PB2,1092,4195,1,2,0,4198,A
1-PB2,1093,4202,0,3,0,4205,A
1-PB2,1094,0,4211,0,1,4212,T
1-PB2,1095,1,5,4126,0,4132,G
1-PB2,1096,1,1,4159,0,4161,G
1-PB2,1097,0,4011,0,3,4014,T
1-PB2,1098,0,12,4051,0,4063,G
1-PB2,1099,0,4,4047,0,4051,G
1-PB2,1100,1,1,4046,1,4049,G
1-PB2,1101,0,3,4067,0,4070,G
1-PB2,1102,4049,0,1,0,4050,A
1-PB2,1103,4059,0,4,0,4063,A
1-PB2,1104,4042,0,0,0,4042,A
1-PB2,1105,3978,0,5,0,3983,A
1-PB2,1106,2,6,4025,0,4033,G
1-PB2,1107,3979,0,12,0,3991,A
1-PB2,1108,18,0,3987,0,4005,G
1-PB2,1109,1,1,0,3994,3996,C
1-PB2,1110,3985,0,0,0,3985,A
1-PB2,1111,3972,0,4,0,3976,A
1-PB2,1112,1,1,0,4088,4090,C
1-PB2,1113,4100,0,0,0,4100,A
1-PB2,1114,0,0,4163,0,4163,G
1-PB2,1115,1,0,0,4117,4118,C
1-PB2,1116,0,4112,0,0,4112,T
1-PB2,1117,4239,0,2,0,4241,A
1-PB2,1118,0,4233,0,0,4233,T
1-PB2,1119,4251,1,0,0,4252,A
1-PB2,1120,0,1,0,4257,4258,C
1-PB2,1121,1,4059,1,5,4066,T
1-PB2,1122,4076,0,1,9,4086,A
1-PB2,1123,4034,1,1,0,4036,A
1-PB2,1124,0,3,4041,0,4044,G
1-PB2,1125,4035,0,1,0,4036,A
1-PB2,1126,3936,1,0,0,3937,A
1-PB2,1127,3937,0,2,0,3939,A
1-PB2,1128,3913,0,3,0,3916,A
1-PB2,1129,1,0,3922,1,3924,G
1-PB2,1130,2,1,0,3902,3905,C
1-PB2,1131,3915,0,7,0,3922,A
1-PB2,1132,3915,1,4,0,3920,A
1-PB2,1133,1,0,0,3925,3926,C
1-PB2,1134,1,4,0,3919,3924,C
1-PB2,1135,3937,0,3,0,3940,A
1-PB2,1136,0,0,3954,0,3954,G
1-PB2,1137,3940,0,9,0,3949,A
1-PB2,1138,3925,0,3,0,3928,A
1-PB2,1139,0,1,3987,0,3988,G
1-PB2,1140,3960,0,1,0,3961,A
1-PB2,1141,0,3953,1,0,3954,T
1-PB2,1142,0,3947,0,0,3947,T
1-PB2,1143,1,1,3962,1,3965,G
1-PB2,1144,10,1,3995,0,4006,G
1-PB2,1145,1,3962,0,3,3966,T
1-PB2,1146,0,3938,0,9,3947,T
1-PB2,1147,4,0,1,3990,3995,C
1-PB2,1148,4057,0,3,0,4060,A
1-PB2,1149,9,1,4225,0,4235,G
1-PB2,1150,0,0,0,4245,4245,C
1-PB2,1151,0,4253,0,4,4257,T
1-PB2,1152,10,0,0,4260,4270,C
1-PB2,1153,4211,0,19,0,4230,A
1-PB2,1154,0,4256,0,2,4258,T
1-PB2,1155,4259,0,2,0,4261,A
1-PB2,1156,0,1,4289,0,4290,G
1-PB2,1157,0,4048,0,5,4053,T
1-PB2,1158,0,14,4082,0,4096,G
1-PB2,1159,3968,0,1,0,3969,A
1-PB2,1160,1,0,4022,1,4024,G
1-PB2,1161,0,3989,0,2,3991,T
1-PB2,1162,1,4,3993,0,3998,G
1-PB2,1163,1,3,4025,0,4029,G
1-PB2,1164,4035,0,0,0,4035,A
1-PB2,1165,4001,0,3,0,4004,A
1-PB2,1166,0,5,4024,0,4029,G
1-PB2,1167,3980,0,2,1,3983,A
1-PB2,1168,0,0,4005,0,4005,G
1-PB2,1169,3956,0,6,0,3962,A
1-PB2,1170,1,1,0,3949,3951,C
1-PB2,1171,0,3,3969,0,3972,G
1-PB2,1172,3934,0,7,0,3941,A
1-PB2,1173,3941,0,7,0,3948,A
1-PB2,1174,0,2,0,3958,3960,C
1-PB2,1175,3930,2,1,1,3934,A
1-PB2,1176,11,0,4137,0,4148,G
1-PB2,1177,0,4087,0,6,4093,T
1-PB2,1178,2,0,0,4115,4117,C
1-PB2,1179,4146,1,2,0,4149,A
1-PB2,1180,4113,1,4,0,4118,A
1-PB2,1181,0,4102,0,0,4102,T
1-PB2,1182,4108,0,0,0,4108,A
1-PB2,1183,3,1,4093,0,4097,G
1-PB2,1184,0,13,0,4074,4087,C
1-PB2,1185,2,4,0,3998,4004,C
1-PB2,1186,0,3,3980,0,3983,G
1-PB2,1187,3978,0,0,0,3978,A
1-PB2,1188,3990,0,1,0,3991,A
1-PB2,1189,0,0,4023,1,4024,G
1-PB2,1190,0,0,1,4099,4100,C
1-PB2,1191,4133,0,0,0,4133,A
1-PB2,1192,4122,0,1,0,4123,A
1-PB2,1193,0,4131,0,0,4131,T
1-PB2,1194,4161,0,1,0,4162,A
1-PB2,1195,4188,0,11,0,4199,A
1-PB2,1196,0,4171,0,1,4172,T
1-PB2,1197,0,10,0,4165,4175,C
1-PB2,1198,3,0,4153,0,4156,G
1-PB2,1199,0,4055,0,3,4058,T
1-PB2,1200,12,0,4058,0,4070,G
1-PB2,1201,1,0,4065,0,4066,G
1-PB2,1202,1,0,0,4062,4063,C
1-PB2,1203,15,0,0,4081,4096,C
1-PB2,1204,4053,0,1,0,4054,A
1-PB2,1205,0,4060,0,3,4063,T
1-PB2,1206,0,0,4085,0,4085,G
1-PB2,1207,0,1,4153,0,4154,G
1-PB2,1208,0,4044,2,5,4051,T
1-PB2,1209,11,0,4153,0,4164,G
1-PB2,1210,0,4070,0,2,4072,T
1-PB2,1211,0,4112,0,2,4114,T
1-PB2,1212,0,4103,0,12,4115,T
1-PB2,1213,1,4117,0,4,4122,T
1-PB2,1214,1,0,0,4187,4188,C
1-PB2,1215,4176,0,0,0,4176,A
1-PB2,1216,0,0,0,4332,4332,C
1-PB2,1217,4275,0,1,0,4276,A
1-PB2,1218,4267,0,6,0,4273,A
1-PB2,1219,0,0,4313,0,4313,G
1-PB2,1220,4253,0,0,0,4253,A
1-PB2,1221,131,3,4197,0,4331,G
1-PB2,1222,0,3,4342,0,4345,G
1-PB2,1223,4299,0,2,0,4301,A
1-PB2,1224,0,4335,0,1,4336,T
1-PB2,1225,1,4300,0,0,4301,T
1-PB2,1226,0,0,4295,0,4295,G
1-PB2,1227,0,3,0,4233,4236,C
1-PB2,1228,4250,0,5,1,4256,A
1-PB2,1229,0,4301,0,2,4303,T
1-PB2,1230,0,4,4425,0,4429,G
1-PB2,1231,4436,2,1,0,4439,A
1-PB2,1232,0,4465,0,2,4467,T
1-PB2,1233,4445,0,2,0,4447,A
1-PB2,1234,4444,1,0,0,4445,A
1-PB2,1235,4444,0,2,0,4446,A
1-PB2,1236,4443,0,2,0,4445,A
1-PB2,1237,1,1,4452,0,4454,G
1-PB2,1238,0,0,0,4548,4548,C
1-PB2,1239,4605,0,2,0,4607,A
1-PB2,1240,0,0,4736,0,4736,G
1-PB2,1241,1,4725,0,0,4726,T
1-PB2,1242,0,4735,0,0,4735,T
1-PB2,1243,4743,0,0,0,4743,A
1-PB2,1244,25,1,4734,0,4760,G
1-PB2,1245,4733,0,2,0,4735,A
1-PB2,1246,1,6,4725,0,4732,G
1-PB2,1247,0,0,4706,0,4706,G
1-PB2,1248,0,4502,0,4,4506,T
1-PB2,1249,0,6,4537,0,4543,G
1-PB2,1250,4574,0,4,0,4578,A
1-PB2,1251,1,6,0,4594,4601,C
1-PB2,1252,3,0,0,4632,4635,C
1-PB2,1253,1,4614,0,6,4621,T
1-PB2,1254,0,3,4631,0,4634,G
1-PB2,1255,4604,0,1,1,4606,A
1-PB2,1256,4614,0,1,0,4615,A
1-PB2,1257,0,4623,1,0,4624,T
1-PB2,1258,0,4672,0,1,4673,T
1-PB2,1259,1,4679,0,0,4680,T
1-PB2,1260,2,0,0,4689,4691,C
1-PB2,1261,1,0,4678,0,4679,G
1-PB2,1262,0,4663,2,7,4672,T
1-PB2,1263,2,3,0,4681,4686,C
1-PB2,1264,4681,0,0,0,4681,A
1-PB2,1265,4682,0,0,0,4682,A
1-PB2,1266,0,3,0,4688,4691,C
1-PB2,1267,4644,0,2,0,4646,A
1-PB2,1268,0,4,4692,1,4697,G
1-PB2,1269,4657,1,6,0,4664,A
1-PB2,1270,0,2,4686,0,4688,G
1-PB2,1271,4,1,0,4687,4692,C
1-PB2,1272,4687,0,4,1,4692,A
1-PB2,1273,4756,1,2,0,4759,A
1-PB2,1274,4753,1,1,0,4755,A
1-PB2,1275,0,4704,0,2,4706,T
1-PB2,1276,6,0,0,4753,4759,C
1-PB2,1277,4715,0,2,0,4717,A
1-PB2,1278,0,0,4707,0,4707,G
1-PB2,1279,1,2,0,4709,4712,C
1-PB2,1280,1,5,4726,0,4732,G
1-PB2,1281,0,0,4926,0,4926,G
1-PB2,1282,0,4901,0,5,4906,T
1-PB2,1283,0,4940,0,1,4941,T
1-PB2,1284,1,3,4923,0,4927,G
1-PB2,1285,4904,0,2,0,4906,A
1-PB2,1286,4936,0,2,0,4938,A
1-PB2,1287,0,2,0,4962,4964,C
1-PB2,1288,3,1,0,4947,4951,C
1-PB2,1289,5,0,0,4978,4983,C
1-PB2,1290,7,0,0,4864,4871,C
1-PB2,1291,4873,0,2,0,4875,A
1-PB2,1292,0,4885,0,3,4888,T
1-PB2,1293,0,1,4883,0,4884,G
1-PB2,1294,0,1,1,4914,4916,C
1-PB2,1295,4892,0,0,0,4892,A
1-PB2,1296,0,4832,0,5,4837,T
1-PB2,1297,0,0,0,4847,4847,C
1-PB2,1298,4821,0,2,1,4824,A
1-PB2,1299,3,1,4863,0,4867,G
1-PB2,1300,20,0,0,4858,4878,C
1-PB2,1301,1,4881,0,6,4888,T
1-PB2,1302,2,4904,1,1,4908,T
1-PB2,1303,1,4890,0,0,4891,T
1-PB2,1304,1,4890,0,0,4891,T
1-PB2,1305,4894,0,2,0,4896,A
1-PB2,1306,4892,0,1,0,4893,A
1-PB2,1307,0,1,4890,0,4891,G
1-PB2,1308,3,2,4818,0,4823,G
1-PB2,1309,0,0,0,4805,4805,C
1-PB2,1310,4808,1,0,0,4809,A
1-PB2,1311,1,4816,0,0,4817,T
1-PB2,1312,0,4842,1,0,4843,T
1-PB2,1313,0,4839,0,1,4840,T
1-PB2,1314,0,4857,0,2,4859,T
1-PB2,1315,1,1,0,4872,4874,C
1-PB2,1316,4866,0,2,0,4868,A
1-PB2,1317,0,0,4859,0,4859,G
1-PB2,1318,4838,0,4,0,4842,A
1-PB2,1319,4850,0,0,0,4850,A
1-PB2,1320,4832,0,2,0,4834,A
1-PB2,1321,0,2,4829,0,4831,G
1-PB2,1322,4860,0,0,0,4860,A
1-PB2,1323,0,4852,0,3,4855,T
1-PB2,1324,1,1,4868,0,4870,G
1-PB2,1325,2,1,0,4843,4846,C
1-PB2,1326,0,3,4881,0,4884,G
1-PB2,1327,4828,1,7,0,4836,A
1-PB2,1328,4858,0,0,0,4858,A
1-PB2,1329,4863,0,0,0,4863,A
1-PB2,1330,2,0,4872,0,4874,G
1-PB2,1331,0,4816,0,1,4817,T
1-PB2,1332,1,3,4832,0,4836,G
1-PB2,1333,0,1,0,4801,4802,C
1-PB2,1334,0,4844,0,2,4846,T
1-PB2,1335,0,4855,0,1,4856,T
1-PB2,1336,0,4845,0,1,4846,T
1-PB2,1337,0,4856,0,0,4856,T
1-PB2,1338,0,4811,0,3,4814,T
1-PB2,1339,0,1,1,4862,4864,C
1-PB2,1340,4854,2,3,0,4859,A
1-PB2,1341,4861,0,0,0,4861,A
1-PB2,1342,4865,0,0,0,4865,A
1-PB2,1343,4869,1,0,0,4870,A
1-PB2,1344,0,4865,0,0,4865,T
1-PB2,1345,0,4872,0,2,4874,T
1-PB2,1346,1,3,4886,0,4890,G
1-PB2,1347,3,6,4868,0,4877,G
1-PB2,1348,1,3,4867,0,4871,G
1-PB2,1349,1,3,4928,0,4932,G
1-PB2,1350,4901,0,5,0,4906,A
1-PB2,1351,0,0,4988,0,4988,G
1-PB2,1352,0,4963,0,2,4965,T
1-PB2,1353,1,4970,0,2,4973,T
1-PB2,1354,0,3,4982,0,4985,G
1-PB2,1355,4971,5,6,0,4982,A
1-PB2,1356,4975,0,7,1,4983,A
1-PB2,1357,0,3,0,5083,5086,C
1-PB2,1358,4995,2,0,1,4998,A
1-PB2,1359,0,2,0,5121,5123,C
1-PB2,1360,5034,0,1,0,5035,A
1-PB2,1361,1,5021,0,0,5022,T
1-PB2,1362,18,1,0,5054,5073,C
1-PB2,1363,0,3,5068,0,5071,G
1-PB2,1364,5068,1,3,0,5072,A
1-PB2,1365,0,1,0,5073,5074,C
1-PB2,1366,4917,0,2,0,4919,A
1-PB2,1367,1,0,5063,0,5064,G
1-PB2,1368,0,4962,1,0,4963,T
1-PB2,1369,2,0,5032,0,5034,G
1-PB2,1370,0,5000,0,2,5002,T
1-PB2,1371,2,4,5017,0,5023,G
1-PB2,1372,5024,2,1,0,5027,A
1-PB2,1373,0,5005,0,0,5005,T
1-PB2,1374,1,4,5011,0,5016,G
1-PB2,1375,0,4,4997,0,5001,G
1-PB2,1376,1,2,4937,1,4941,G
1-PB2,1377,4906,0,3,0,4909,A
1-PB2,1378,4856,0,0,0,4856,A
1-PB2,1379,1,4866,0,2,4869,T
1-PB2,1380,1,6,4900,0,4907,G
1-PB2,1381,4912,0,0,0,4912,A
1-PB2,1382,0,4902,0,0,4902,T
1-PB2,1383,0,4894,0,1,4895,T
1-PB2,1384,2,0,4874,0,4876,G
1-PB2,1385,0,3,4973,0,4976,G
1-PB2,1386,4954,0,5,0,4959,A
1-PB2,1387,1,1,5003,0,5005,G
1-PB2,1388,0,4947,0,0,4947,T
1-PB2,1389,4950,0,0,0,4950,A
1-PB2,1390,0,4949,0,3,4952,T
1-PB2,1391,0,5001,0,0,5001,T
1-PB2,1392,5015,0,4,0,5019,A
1-PB2,1393,1,1,0,5040,5042,C
1-PB2,1394,2,0,0,4962,4964,C
1-PB2,1395,4922,1,1,1,4925,A
1-PB2,1396,1,3,4933,0,4937,G
1-PB2,1397,5018,1,2,0,5021,A
1-PB2,1398,0,4988,0,1,4989,T
1-PB2,1399,4951,0,0,0,4951,A
1-PB2,1400,0,4896,0,2,4898,T
1-PB2,1401,0,7,4888,0,4895,G
1-PB2,1402,4888,0,4,1,4893,A
1-PB2,1403,0,1,0,4914,4915,C
1-PB2,1404,2,4878,0,7,4887,T
1-PB2,1405,2,2,0,4883,4887,C
1-PB2,1406,2,0,0,4877,4879,C
1-PB2,1407,4908,0,3,0,4911,A
1-PB2,1408,4905,0,1,0,4906,A
1-PB2,1409,1,1,5002,0,5004,G
1-PB2,1410,1,1,0,4992,4994,C
1-PB2,1411,4983,0,4,0,4987,A
1-PB2,1412,0,2,0,4991,4993,C
1-PB2,1413,4948,0,3,0,4951,A
1-PB2,1414,0,2,4956,0,4958,G
1-PB2,1415,4938,0,1,0,4939,A
1-PB2,1416,1,0,4962,0,4963,G
1-PB2,1417,4980,0,2,0,4982,A
1-PB2,1418,1,4840,0,4,4845,T
1-PB2,1419,16,2,4900,0,4918,G
1-PB2,1420,0,4888,0,2,4890,T
1-PB2,1421,6,0,0,4893,4899,C
1-PB2,1422,4914,0,1,0,4915,A
1-PB2,1423,4900,0,0,0,4900,A
1-PB2,1424,1,4895,0,0,4896,T
1-PB2,1425,0,8,4883,0,4891,G
1-PB2,1426,4823,0,3,0,4826,A
1-PB2,1427,3,2,4839,0,4844,G
1-PB2,1428,4788,0,5,0,4793,A
1-PB2,1429,0,1,4788,0,4789,G
1-PB2,1430,0,4,4919,0,4923,G
1-PB2,1431,4923,0,1,0,4924,A
1-PB2,1432,4931,0,2,0,4933,A
1-PB2,1433,1,4921,0,0,4922,T
1-PB2,1434,4920,0,1,0,4921,A
1-PB2,1435,4925,0,0,0,4925,A
1-PB2,1436,0,2,4922,0,4924,G
1-PB2,1437,4897,0,4,0,4901,A
1-PB2,1438,1,0,4908,0,4909,G
1-PB2,1439,1,4639,0,1,4641,T
1-PB2,1440,3,0,0,4660,4663,C
1-PB2,1441,4666,0,7,0,4673,A
1-PB2,1442,0,1,4684,0,4685,G
1-PB2,1443,0,0,0,4691,4691,C
1-PB2,1444,4697,0,1,0,4698,A
1-PB2,1445,4709,0,0,0,4709,A
1-PB2,1446,4696,0,0,0,4696,A
1-PB2,1447,4693,0,1,0,4694,A
1-PB2,1448,0,4691,0,0,4691,T
1-PB2,1449,0,6,4699,0,4705,G
1-PB2,1450,1,6,4685,0,4692,G
1-PB2,1451,2,1,4701,0,4704,G
1-PB2,1452,0,4642,0,1,4643,T
1-PB2,1453,4,0,4684,0,4688,G
1-PB2,1454,0,4655,0,3,4658,T
1-PB2,1455,3,2,4665,0,4670,G
1-PB2,1456,0,0,4713,0,4713,G
1-PB2,1457,4719,1,3,0,4723,A
1-PB2,1458,1,4679,0,0,4680,T
1-PB2,1459,1,3,4704,0,4708,G
1-PB2,1460,4685,0,1,0,4686,A
1-PB2,1461,4703,0,1,0,4704,A
1-PB2,1462,0,4698,0,0,4698,T
1-PB2,1463,4642,0,1,0,4643,A
1-PB2,1464,0,1,0,4903,4904,C
1-PB2,1465,0,4778,0,4,4782,T
1-PB2,1466,7,1,0,4804,4812,C
1-PB2,1467,4,0,0,4854,4858,C
1-PB2,1468,4790,0,2,0,4792,A
1-PB2,1469,2,0,4951,0,4953,G
1-PB2,1470,1,4907,0,1,4909,T
1-PB2,1471,4928,0,2,0,4930,A
1-PB2,1472,1,2,0,4945,4948,C
1-PB2,1473,4499,1,3,0,4503,A
1-PB2,1474,0,4,4517,0,4521,G
1-PB2,1475,4428,0,1,0,4429,A
1-PB2,1476,3,0,4446,0,4449,G
1-PB2,1477,4340,0,2,0,4342,A
1-PB2,1478,0,7,4168,0,4175,G
1-PB2,1479,0,2,4172,0,4174,G
1-PB2,1480,1,0,4160,0,4161,G
1-PB2,1481,0,4074,1,2,4077,T
1-PB2,1482,2,5,4091,0,4098,G
1-PB2,1483,0,0,4112,0,4112,G
1-PB2,1484,0,4041,0,1,4042,T
1-PB2,1485,9,4,4143,0,4156,G
1-PB2,1486,0,0,4154,1,4155,G
1-PB2,1487,0,4071,0,0,4071,T
1-PB2,1488,1,4081,0,1,4083,T
1-PB2,1489,4025,0,2,0,4027,A
1-PB2,1490,0,1,4037,0,4038,G
1-PB2,1491,2,2,0,4014,4018,C
1-PB2,1492,4013,0,2,0,4015,A
1-PB2,1493,0,4003,0,1,4004,T
1-PB2,1494,0,3830,0,0,3830,T
1-PB2,1495,0,1,3834,0,3835,G
1-PB2,1496,3818,0,0,0,3818,A
1-PB2,1497,0,3805,0,3,3808,T
1-PB2,1498,6,1,0,3825,3832,C
1-PB2,1499,0,3,3813,0,3816,G
1-PB2,1500,2,0,3843,0,3845,G
1-PB2,1501,0,3822,0,1,3823,T
1-PB2,1502,0,3810,0,2,3812,T
1-PB2,1503,0,3820,0,0,3820,T
1-PB2,1504,0,3807,0,0,3807,T
1-PB2,1505,0,3822,0,2,3824,T
1-PB2,1506,1,1,3832,0,3834,G
1-PB2,1507,3817,0,4,0,3821,A
1-PB2,1508,0,0,3839,0,3839,G
1-PB2,1509,3683,13,5,0,3701,A
1-PB2,1510,0,0,3720,0,3720,G
1-PB2,1511,0,3712,0,2,3714,T
1-PB2,1512,0,3687,0,0,3687,T
1-PB2,1513,3,1,0,3717,3721,C
1-PB2,1514,1,1,3732,0,3734,G
1-PB2,1515,3711,0,7,0,3718,A
1-PB2,1516,0,2,3727,0,3729,G
1-PB2,1517,3697,1,3,0,3701,A
1-PB2,1518,0,0,0,3712,3712,C
1-PB2,1519,4,0,0,3676,3680,C
1-PB2,1520,3658,0,4,0,3662,A
1-PB2,1521,3680,0,1,0,3681,A
1-PB2,1522,0,0,0,3695,3695,C
1-PB2,1523,0,1,3712,0,3713,G
1-PB2,1524,0,3687,0,3,3690,T
1-PB2,1525,0,10,3678,1,3689,G
1-PB2,1526,3,2,3688,0,3693,G
1-PB2,1527,0,3,3699,0,3702,G
1-PB2,1528,3655,1,8,1,3665,A
1-PB2,1529,3649,1,16,0,3666,A
1-PB2,1530,0,3558,0,1,3559,T
1-PB2,1531,0,0,3678,0,3678,G
1-PB2,1532,0,3655,0,1,3656,T
1-PB2,1533,3667,0,0,0,3667,A
1-PB2,1534,2,3655,0,3,3660,T
1-PB2,1535,0,3613,0,0,3613,T
1-PB2,1536,3650,0,0,0,3650,A
1-PB2,1537,0,3627,1,0,3628,T
1-PB2,1538,0,3591,0,1,3592,T
1-PB2,1539,3585,0,0,0,3585,A
1-PB2,1540,0,3229,0,2,3231,T
1-PB2,1541,0,1,0,3326,3327,C
1-PB2,1542,0,3280,0,1,3281,T
1-PB2,1543,5,0,0,3279,3284,C
1-PB2,1544,2,0,0,3289,3291,C
1-PB2,1545,0,3215,0,1,3216,T
1-PB2,1546,0,2,3226,0,3228,G
1-PB2,1547,3209,1,1,0,3211,A
1-PB2,1548,1,2,3205,0,3208,G
1-PB2,1549,0,1,3209,0,3210,G
1-PB2,1550,2890,0,3,0,2893,A
1-PB2,1551,0,2,2912,0,2914,G
1-PB2,1552,0,0,2883,0,2883,G
1-PB2,1553,0,2801,0,3,2804,T
1-PB2,1554,3,1,0,2822,2826,C
1-PB2,1555,2806,0,2,1,2809,A
1-PB2,1556,5,0,2829,0,2834,G
1-PB2,1557,0,2825,0,1,2826,T
1-PB2,1558,0,2,2823,0,2825,G
1-PB2,1559,2822,0,0,0,2822,A
1-PB2,1560,2724,0,2,0,2726,A
1-PB2,1561,2724,0,11,0,2735,A
1-PB2,1562,1,0,0,2719,2720,C
1-PB2,1563,2693,0,0,0,2693,A
1-PB2,1564,0,0,0,2704,2704,C
1-PB2,1565,2598,0,2,0,2600,A
1-PB2,1566,0,1,2596,0,2597,G
1-PB2,1567,0,3,2591,0,2594,G
1-PB2,1568,1,1,2604,1,2607,G
1-PB2,1569,2604,0,0,0,2604,A
1-PB2,1570,2562,0,1,1,2564,A
1-PB2,1571,1,28,0,2551,2580,C
1-PB2,1572,0,2535,0,1,2536,T
1-PB2,1573,0,1,2540,0,2541,G
1-PB2,1574,2518,1,1,1,2521,A
1-PB2,1575,0,0,2539,0,2539,G
1-PB2,1576,2481,1,2,0,2484,A
1-PB2,1577,0,3,2353,0,2356,G
1-PB2,1578,2348,1,2,1,2352,A
1-PB2,1579,0,1,1,2339,2341,C
1-PB2,1580,0,2283,0,0,2283,T
1-PB2,1581,0,1,2313,0,2314,G
1-PB2,1582,2303,0,2,0,2305,A
1-PB2,1583,0,0,0,2317,2317,C
1-PB2,1584,2310,0,0,0,2310,A
1-PB2,1585,2310,0,0,0,2310,A
1-PB2,1586,0,2301,0,5,2306,T
1-PB2,1587,2316,0,0,0,2316,A
1-PB2,1588,2311,0,1,0,2312,A
1-PB2,1589,0,0,0,2334,2334,C
1-PB2,1590,0,2211,0,3,2214,T
1-PB2,1591,0,2203,0,1,2204,T
1-PB2,1592,2183,0,0,0,2183,A
1-PB2,1593,0,2182,0,1,2183,T
1-PB2,1594,0,2186,0,0,2186,T
1-PB2,1595,3,0,0,2174,2177,C
1-PB2,1596,2081,0,0,0,2081,A
1-PB2,1597,0,2065,0,0,2065,T
1-PB2,1598,4,1,0,2018,2023,C
1-PB2,1599,1,0,2018,0,2019,G
1-PB2,1600,1,2042,0,0,2043,T
1-PB2,1601,4,1,0,2015,2020,C
1-PB2,1602,0,1,2023,0,2024,G
1-PB2,1603,2020,0,2,0,2022,A
1-PB2,1604,0,2016,0,0,2016,T
1-PB2,1605,0,1,2012,0,2013,G
1-PB2,1606,2008,0,3,0,2011,A
1-PB2,1607,0,2021,0,0,2021,T
1-PB2,1608,0,0,2015,0,2015,G
1-PB2,1609,0,1946,0,0,1946,T
1-PB2,1610,1,1,1949,0,1951,G
1-PB2,1611,1,0,1939,0,1940,G
1-PB2,1612,0,0,1942,0,1942,G
1-PB2,1613,1898,0,1,0,1899,A
1-PB2,1614,1,0,1890,0,1891,G
1-PB2,1615,1763,0,1,0,1764,A
1-PB2,1616,0,1709,0,0,1709,T
1-PB2,1617,0,1691,0,0,1691,T
1-PB2,1618,1687,1,0,0,1688,A
1-PB2,1619,1675,2,1,0,1678,A
1-PB2,1620,0,2,0,1659,1661,C
1-PB2,1621,1,1,1598,0,1600,G
1-PB2,1622,0,0,1616,0,1616,G
1-PB2,1623,0,1468,0,4,1472,T
1-PB2,1624,0,0,0,1473,1473,C
1-PB2,1625,0,1,0,1467,1468,C
1-PB2,1626,0,1408,0,4,1412,T
1-PB2,1627,0,1,1452,0,1453,G
1-PB2,1628,1445,0,2,0,1447,A
1-PB2,1629,1,0,1469,0,1470,G
1-PB2,1630,0,1453,0,0,1453,T
1-PB2,1631,1,0,0,1417,1418,C
1-PB2,1632,0,1,1417,0,1418,G
1-PB2,1633,0,2,1435,0,1437,G
1-PB2,1634,0,1428,0,1,1429,T
1-PB2,1635,0,1432,0,1,1433,T
1-PB2,1636,0,1433,0,0,1433,T
1-PB2,1637,0,1442,0,0,1442,T
1-PB2,1638,0,0,1456,0,1456,G
1-PB2,1639,0,0,1471,0,1471,G
1-PB2,1640,0,1461,0,0,1461,T
1-PB2,1641,1,1,0,1468,1470,C
1-PB2,1642,1453,0,2,0,1455,A
1-PB2,1643,1499,0,1,0,1500,A
1-PB2,1644,0,1505,0,0,1505,T
1-PB2,1645,1505,0,1,0,1506,A
1-PB2,1646,0,1,0,1534,1535,C
1-PB2,1647,1,0,0,1475,1476,C
1-PB2,1648,0,1477,0,1,1478,T
1-PB2,1649,1492,0,0,0,1492,A
1-PB2,1650,0,1498,0,0,1498,T
1-PB2,1651,1,0,0,1501,1502,C
1-PB2,1652,1455,0,1,0,1456,A
1-PB2,1653,1460,0,1,0,1461,A
1-PB2,1654,0,1457,0,0,1457,T
1-PB2,1655,0,0,1420,0,1420,G
1-PB2,1656,1,2,1411,2,1416,G
1-PB2,1657,1411,0,0,0,1411,A
1-PB2,1658,0,1382,0,0,1382,T
1-PB2,1659,0,1,0,1380,1381,C
1-PB2,1660,1391,0,0,0,1391,A
1-PB2,1661,0,1392,0,0,1392,T
1-PB2,1662,0,0,0,1400,1400,C
1-PB2,1663,1399,0,2,0,1401,A
1-PB2,1664,0,1,1404,0,1405,G
1-PB2,1665,1407,0,0,0,1407,A
1-PB2,1666,1405,0,0,0,1405,A
1-PB2,1667,1413,0,0,0,1413,A
1-PB2,1668,0,1412,0,0,1412,T
1-PB2,1669,0,1407,0,1,1408,T
1-PB2,1670,4,1,1399,0,1404,G
1-PB2,1671,1,0,1397,0,1398,G
1-PB2,1672,1,0,1394,0,1395,G
1-PB2,1673,1397,0,1,0,1398,A
1-PB2,1674,1387,0,2,0,1389,A
1-PB2,1675,0,1,1392,0,1393,G
1-PB2,1676,1,0,0,1383,1384,C
1-PB2,1677,0,1391,0,0,1391,T
1-PB2,1678,0,0,1395,0,1395,G
1-PB2,1679,0,1383,0,1,1384,T
1-PB2,1680,3,0,0,1388,1391,C
1-PB2,1681,1395,0,0,0,1395,A
1-PB2,1682,1399,0,0,0,1399,A
1-PB2,1683,1400,0,1,0,1401,A
1-PB2,1684,1386,0,10,0,1396,A
1-PB2,1685,0,1409,0,0,1409,T
1-PB2,1686,0,1405,0,0,1405,T
1-PB2,1687,0,2,0,1401,1403,C
1-PB2,1688,1405,0,0,0,1405,A
1-PB2,1689,1401,0,0,0,1401,A
1-PB2,1690,1,1393,0,0,1394,T
1-PB2,1691,0,1,1400,0,1401,G
1-PB2,1692,1,0,1413,0,1414,G
1-PB2,1693,0,1439,0,1,1440,T
1-PB2,1694,2,0,0,1452,1454,C
1-PB2,1695,0,1455,0,2,1457,T
1-PB2,1696,2,0,1,1452,1455,C
1-PB2,1697,1461,0,1,0,1462,A
1-PB2,1698,0,1,1456,0,1457,G
1-PB2,1699,1458,0,1,0,1459,A
1-PB2,1700,1448,0,0,0,1448,A
1-PB2,1701,0,1433,0,0,1433,T
1-PB2,1702,1,1,0,1414,1416,C
1-PB2,1703,1,0,0,1423,1424,C
1-PB2,1704,0,1420,0,2,1422,T
1-PB2,1705,0,0,1429,0,1429,G
1-PB2,1706,0,0,1,1428,1429,C
1-PB2,1707,1426,0,1,0,1427,A
1-PB2,1708,1443,0,0,0,1443,A
1-PB2,1709,0,1433,0,0,1433,T
1-PB2,1710,0,0,1468,0,1468,G
1-PB2,1711,1,1479,0,2,1482,T
1-PB2,1712,0,1453,0,0,1453,T
1-PB2,1713,0,1,1463,0,1464,G
1-PB2,1714,0,1456,0,0,1456,T
1-PB2,1715,1453,0,0,0,1453,A
1-PB2,1716,0,0,0,1456,1456,C
1-PB2,1717,1434,0,0,0,1434,A
1-PB2,1718,1445,0,3,0,1448,A
1-PB2,1719,1,1,0,1428,1430,C
1-PB2,1720,1397,0,0,0,1397,A
1-PB2,1721,1402,0,0,0,1402,A
1-PB2,1722,1381,0,0,0,1381,A
1-PB2,1723,1384,0,0,0,1384,A
1-PB2,1724,0,1383,0,0,1383,T
1-PB2,1725,0,1,1379,0,1380,G
1-PB2,1726,1,1,1376,0,1378,G
1-PB2,1727,1375,0,0,0,1375,A
1-PB2,1728,1393,0,0,0,1393,A
1-PB2,1729,0,1385,0,0,1385,T
1-PB2,1730,0,1388,0,0,1388,T
1-PB2,1731,0,1389,0,0,1389,T
1-PB2,1732,0,2,1385,0,1387,G
1-PB2,1733,1386,0,2,0,1388,A
1-PB2,1734,1387,0,2,0,1389,A
1-PB2,1735,0,0,0,1383,1383,C
1-PB2,1736,1,0,0,1373,1374,C
1-PB2,1737,1380,0,0,0,1380,A
1-PB2,1738,0,1390,0,0,1390,T
1-PB2,1739,0,1392,0,0,1392,T
1-PB2,1740,0,1380,0,1,1381,T
1-PB2,1741,1,1,0,1390,1392,C
1-PB2,1742,1394,0,0,1,1395,A
1-PB2,1743,1391,0,1,0,1392,A
1-PB2,1744,0,1387,0,0,1387,T
1-PB2,1745,2,0,0,1411,1413,C
1-PB2,1746,0,1397,1,0,1398,T
1-PB2,1747,0,1393,0,1,1394,T
1-PB2,1748,0,1398,0,0,1398,T
1-PB2,1749,1403,0,0,0,1403,A
1-PB2,1750,0,0,1394,0,1394,G
1-PB2,1751,0,1404,0,0,1404,T
1-PB2,1752,0,2,0,1430,1432,C
1-PB2,1753,2,0,0,1425,1427,C
1-PB2,1754,1,0,0,1417,1418,C
1-PB2,1755,1,0,0,1419,1420,C
1-PB2,1756,1424,0,1,0,1425,A
1-PB2,1757,1414,0,0,0,1414,A
1-PB2,1758,0,3,1426,0,1429,G
1-PB2,1759,0,0,1427,0,1427,G
1-PB2,1760,0,0,0,1430,1430,C
1-PB2,1761,1,1,0,1422,1424,C
1-PB2,1762,1431,0,0,0,1431,A
1-PB2,1763,0,1439,0,1,1440,T
1-PB2,1764,0,1442,0,0,1442,T
1-PB2,1765,1446,0,0,0,1446,A
1-PB2,1766,0,0,1441,0,1441,G
1-PB2,1767,1417,0,1,0,1418,A
1-PB2,1768,1455,0,4,0,1459,A
1-PB2,1769,0,1,1465,0,1466,G
1-PB2,1770,0,0,0,1474,1474,C
1-PB2,1771,0,0,0,1483,1483,C
1-PB2,1772,1456,0,0,0,1456,A
1-PB2,1773,1463,0,1,0,1464,A
1-PB2,1774,0,1472,0,0,1472,T
1-PB2,1775,1484,0,1,0,1485,A
1-PB2,1776,0,0,0,1494,1494,C
1-PB2,1777,1410,0,0,0,1410,A
1-PB2,1778,0,0,1422,0,1422,G
1-PB2,1779,0,1392,0,1,1393,T
1-PB2,1780,1,4,1397,0,1402,G
1-PB2,1781,0,0,1394,0,1394,G
1-PB2,1782,0,0,1396,0,1396,G
1-PB2,1783,0,1378,0,0,1378,T
1-PB2,1784,0,1362,0,0,1362,T
1-PB2,1785,0,1380,0,0,1380,T
1-PB2,1786,0,0,1390,0,1390,G
1-PB2,1787,0,1391,0,0,1391,T
1-PB2,1788,2,1,0,1386,1389,C
1-PB2,1789,1372,0,0,0,1372,A
1-PB2,1790,0,0,1375,0,1375,G
1-PB2,1791,1375,0,0,0,1375,A
1-PB2,1792,1366,0,0,0,1366,A
1-PB2,1793,0,0,0,1375,1375,C
1-PB2,1794,0,1336,0,0,1336,T
1-PB2,1795,0,0,0,1364,1364,C
1-PB2,1796,0,1372,0,1,1373,T
1-PB2,1797,1374,0,0,0,1374,A
1-PB2,1798,0,1380,0,0,1380,T
1-PB2,1799,1,1363,0,1,1365,T
1-PB2,1800,1,0,0,1359,1360,C
1-PB2,1801,0,0,0,1361,1361,C
1-PB2,1802,1357,1,0,0,1358,A
1-PB2,1803,1365,0,1,1,1367,A
1-PB2,1804,0,0,0,1360,1360,C
1-PB2,1805,1362,0,0,0,1362,A
1-PB2,1806,1351,0,0,0,1351,A
1-PB2,1807,1352,0,0,0,1352,A
1-PB2,1808,0,1356,0,0,1356,T
1-PB2,1809,0,2,1358,0,1360,G
1-PB2,1810,1343,0,2,0,1345,A
1-PB2,1811,0,0,1351,0,1351,G
1-PB2,1812,1341,0,2,0,1343,A
1-PB2,1813,0,1,1344,0,1345,G
1-PB2,1814,1339,0,3,0,1342,A
1-PB2,1815,1,1,0,1343,1345,C
1-PB2,1816,2,0,1350,0,1352,G
1-PB2,1817,0,1356,0,0,1356,T
1-PB2,1818,1364,1,1,0,1366,A
1-PB2,1819,0,0,0,1379,1379,C
1-PB2,1820,0,1372,0,1,1373,T
1-PB2,1821,0,1372,0,0,1372,T
1-PB2,1822,0,2,1364,0,1366,G
1-PB2,1823,1,0,1354,0,1355,G
1-PB2,1824,0,2,1366,0,1368,G
1-PB2,1825,1350,0,3,0,1353,A
1-PB2,1826,0,0,0,1351,1351,C
1-PB2,1827,1360,1,0,0,1361,A
1-PB2,1828,0,1356,0,1,1357,T
1-PB2,1829,0,1355,0,0,1355,T
1-PB2,1830,0,1358,0,0,1358,T
1-PB2,1831,0,0,1348,0,1348,G
1-PB2,1832,1359,1,1,1,1362,A
1-PB2,1833,1,0,0,1370,1371,C
1-PB2,1834,1352,0,0,1,1353,A
1-PB2,1835,0,0,0,1372,1372,C
1-PB2,1836,3,0,0,1348,1351,C
1-PB2,1837,1359,0,0,1,1360,A
1-PB2,1838,0,18,0,1343,1361,C
1-PB2,1839,2,2,0,1359,1363,C
1-PB2,1840,3,2,0,1366,1371,C
1-PB2,1841,1362,1,0,0,1363,A
1-PB2,1842,0,0,1383,0,1383,G
1-PB2,1843,1374,0,0,0,1374,A
1-PB2,1844,0,1414,0,0,1414,T
1-PB2,1845,1397,0,0,0,1397,A
1-PB2,1846,1378,0,0,0,1378,A
1-PB2,1847,0,1385,0,0,1385,T
1-PB2,1848,1379,0,0,1,1380,A
1-PB2,1849,1373,0,0,0,1373,A
1-PB2,1850,1362,0,0,0,1362,A
1-PB2,1851,1,0,1366,0,1367,G
1-PB2,1852,0,0,0,1368,1368,C
1-PB2,1853,1,1302,0,1,1304,T
1-PB2,1854,0,1306,0,0,1306,T
1-PB2,1855,0,0,0,1315,1315,C
1-PB2,1856,0,1305,0,0,1305,T
1-PB2,1857,1,1,0,1321,1323,C
1-PB2,1858,0,0,0,1322,1322,C
1-PB2,1859,2,0,0,1334,1336,C
1-PB2,1860,0,1328,0,2,1330,T
1-PB2,1861,0,1320,0,0,1320,T
1-PB2,1862,0,1324,0,0,1324,T
1-PB2,1863,0,1321,0,0,1321,T
1-PB2,1864,0,0,1320,0,1320,G
1-PB2,1865,0,3,0,1316,1319,C
1-PB2,1866,1293,0,2,0,1295,A
1-PB2,1867,0,1,1292,0,1293,G
1-PB2,1868,0,0,0,1291,1291,C
1-PB2,1869,0,1285,0,1,1286,T
1-PB2,1870,0,0,1283,0,1283,G
1-PB2,1871,1,0,1,1274,1276,C
1-PB2,1872,0,1268,0,0,1268,T
1-PB2,1873,1,0,0,1281,1282,C
1-PB2,1874,0,0,0,1299,1299,C
1-PB2,1875,1299,2,1,0,1302,A
1-PB2,1876,0,0,1,1308,1309,C
1-PB2,1877,0,0,0,1306,1306,C
1-PB2,1878,1299,0,1,1,1301,A
1-PB2,1879,1300,0,0,1,1301,A
1-PB2,1880,1291,0,1,1,1293,A
1-PB2,1881,0,0,1310,0,1310,G
1-PB2,1882,0,0,0,1306,1306,C
1-PB2,1883,1301,0,0,1,1302,A
1-PB2,1884,1299,0,0,1,1300,A
1-PB2,1885,1296,0,0,0,1296,A
1-PB2,1886,0,0,1306,0,1306,G
1-PB2,1887,1,0,0,1306,1307,C
1-PB2,1888,1305,0,0,0,1305,A
1-PB2,1889,1,1,1302,0,1304,G
1-PB2,1890,1294,0,0,0,1294,A
1-PB2,1891,1308,0,0,0,1308,A
1-PB2,1892,0,1309,0,0,1309,T
1-PB2,1893,0,0,1302,0,1302,G
1-PB2,1894,0,0,1,1307,1308,C
1-PB2,1895,1291,0,0,2,1293,A
1-PB2,1896,1,0,1297,0,1298,G
1-PB2,1897,0,1293,0,2,1295,T
1-PB2,1898,0,1332,0,1,1333,T
1-PB2,1899,3,2,0,1339,1344,C
1-PB2,1900,1,1323,0,2,1326,T
1-PB2,1901,1,0,0,1348,1349,C
1-PB2,1902,0,1338,1,2,1341,T
1-PB2,1903,0,1342,0,0,1342,T
1-PB2,1904,0,0,0,1344,1344,C
1-PB2,1905,1315,2,0,1,1318,A
1-PB2,1906,0,2,0,1323,1325,C
1-PB2,1907,0,1287,0,0,1287,T
1-PB2,1908,1,3,1295,1,1300,G
1-PB2,1909,1294,0,0,1,1295,A
1-PB2,1910,0,0,0,1319,1319,C
1-PB2,1911,0,1309,0,1,1310,T
1-PB2,1912,0,0,1325,0,1325,G
1-PB2,1913,0,1313,0,0,1313,T
1-PB2,1914,0,0,1335,0,1335,G
1-PB2,1915,1327,0,1,0,1328,A
1-PB2,1916,1332,0,0,0,1332,A
1-PB2,1917,0,1299,0,0,1299,T
1-PB2,1918,0,0,1306,0,1306,G
1-PB2,1919,0,1272,0,1,1273,T
1-PB2,1920,0,0,1275,0,1275,G
1-PB2,1921,1255,0,1,0,1256,A
1-PB2,1922,0,0,1260,0,1260,G
1-PB2,1923,1,1,1238,0,1240,G
1-PB2,1924,0,0,1238,0,1238,G
1-PB2,1925,1,0,1269,0,1270,G
1-PB2,1926,1264,0,0,0,1264,A
1-PB2,1927,0,1256,0,0,1256,T
1-PB2,1928,1,0,0,1264,1265,C
1-PB2,1929,1264,1,1,0,1266,A
1-PB2,1930,0,2,1286,0,1288,G
1-PB2,1931,0,0,1276,0,1276,G
1-PB2,1932,2,1,1270,0,1273,G
1-PB2,1933,1276,0,1,0,1277,A
1-PB2,1934,0,1213,0,0,1213,T
1-PB2,1935,0,0,1217,0,1217,G
1-PB2,1936,1208,0,0,0,1208,A
1-PB2,1937,0,0,1234,0,1234,G
1-PB2,1938,1236,0,1,0,1237,A
1-PB2,1939,1206,0,0,0,1206,A
1-PB2,1940,0,1219,0,0,1219,T
1-PB2,1941,1216,0,0,0,1216,A
1-PB2,1942,0,0,0,1226,1226,C
1-PB2,1943,0,1208,0,2,1210,T
1-PB2,1944,0,1212,0,0,1212,T
1-PB2,1945,0,0,1215,0,1215,G
1-PB2,1946,1,1178,0,1,1180,T
1-PB2,1947,1179,0,2,0,1181,A
1-PB2,1948,1176,0,1,0,1177,A
1-PB2,1949,1,1,1148,0,1150,G
1-PB2,1950,0,2,1160,0,1162,G
1-PB2,1951,0,1,1139,0,1140,G
1-PB2,1952,0,0,1141,0,1141,G
1-PB2,1953,1,1,0,1153,1155,C
1-PB2,1954,1156,0,0,0,1156,A
1-PB2,1955,1174,0,0,0,1174,A
1-PB2,1956,0,1173,0,0,1173,T
1-PB2,1957,0,1166,0,0,1166,T
1-PB2,1958,3,0,0,1198,1201,C
1-PB2,1959,0,1171,0,4,1175,T
1-PB2,1960,0,0,0,1201,1201,C
1-PB2,1961,1,1,0,1198,1200,C
1-PB2,1962,3,1195,0,0,1198,T
1-PB2,1963,0,0,1234,0,1234,G
1-PB2,1964,0,1201,0,0,1201,T
1-PB2,1965,1218,0,0,0,1218,A
1-PB2,1966,0,1214,0,1,1215,T
1-PB2,1967,0,1192,0,1,1193,T
1-PB2,1968,0,1,0,1207,1208,C
1-PB2,1969,1200,0,0,0,1200,A
1-PB2,1970,1217,0,0,0,1217,A
1-PB2,1971,0,0,0,1213,1213,C
1-PB2,1972,0,1196,0,0,1196,T
1-PB2,1973,1195,0,0,0,1195,A
1-PB2,1974,0,1,0,1232,1233,C
1-PB2,1975,1230,0,0,0,1230,A
1-PB2,1976,1227,0,0,0,1227,A
1-PB2,1977,0,0,0,1224,1224,C
1-PB2,1978,1212,0,0,0,1212,A
1-PB2,1979,1202,0,0,0,1202,A
1-PB2,1980,1,0,1205,0,1206,G
1-PB2,1981,1205,0,1,0,1206,A
1-PB2,1982,0,1,1,1223,1225,C
1-PB2,1983,1,1,0,1191,1193,C
1-PB2,1984,1192,0,0,0,1192,A
1-PB2,1985,0,0,0,1231,1231,C
1-PB2,1986,0,1234,0,1,1235,T
1-PB2,1987,1236,0,0,0,1236,A
1-PB2,1988,1229,0,1,0,1230,A
1-PB2,1989,1230,0,1,0,1231,A
1-PB2,1990,1228,0,2,0,1230,A
1-PB2,1991,0,1,1239,0,1240,G
1-PB2,1992,1222,0,1,0,1223,A
1-PB2,1993,0,0,0,1234,1234,C
1-PB2,1994,0,1199,0,0,1199,T
1-PB2,1995,1201,0,0,1,1202,A
1-PB2,1996,1197,0,0,0,1197,A
1-PB2,1997,0,0,0,1187,1187,C
1-PB2,1998,1200,0,1,0,1201,A
1-PB2,1999,1187,0,1,0,1188,A
1-PB2,2000,1,1172,0,0,1173,T
1-PB2,2001,0,1169,0,1,1170,T
1-PB2,2002,0,0,0,1183,1183,C
1-PB2,2003,0,1162,0,0,1162,T
1-PB2,2004,0,0,0,1185,1185,C
1-PB2,2005,0,2,1180,0,1182,G
1-PB2,2006,0,1,1188,0,1189,G
1-PB2,2007,1188,0,0,0,1188,A
1-PB2,2008,1186,0,0,0,1186,A
1-PB2,2009,1186,0,0,0,1186,A
1-PB2,2010,1186,0,1,0,1187,A
1-PB2,2011,2,0,1178,0,1180,G
1-PB2,2012,1175,0,0,0,1175,A
1-PB2,2013,0,1178,0,0,1178,T
1-PB2,2014,0,0,1178,0,1178,G
1-PB2,2015,0,0,0,1166,1166,C
1-PB2,2016,0,1,0,1180,1181,C
1-PB2,2017,0,0,1178,0,1178,G
1-PB2,2018,0,0,1176,0,1176,G
1-PB2,2019,0,0,0,1175,1175,C
1-PB2,2020,1170,0,1,0,1171,A
1-PB2,2021,0,0,0,1194,1194,C
1-PB2,2022,0,1192,0,1,1193,T
1-PB2,2023,0,1185,1,3,1189,T
1-PB2,2024,0,1193,0,0,1193,T
1-PB2,2025,1192,0,0,0,1192,A
1-PB2,2026,1203,0,0,0,1203,A
1-PB2,2027,0,1194,0,2,1196,T
1-PB2,2028,0,1199,0,1,1200,T
1-PB2,2029,0,1,1196,0,1197,G
1-PB2,2030,1177,0,1,0,1178,A
1-PB2,2031,1186,0,0,0,1186,A
1-PB2,2032,0,0,1189,0,1189,G
1-PB2,2033,1175,0,1,0,1176,A
1-PB2,2034,0,0,0,1181,1181,C
1-PB2,2035,0,0,0,1178,1178,C
1-PB2,2036,1182,0,0,2,1184,A
1-PB2,2037,1181,0,1,0,1182,A
1-PB2,2038,0,0,1203,0,1203,G
1-PB2,2039,1199,0,1,0,1200,A
1-PB2,2040,0,1198,0,0,1198,T
1-PB2,2041,0,2,1188,0,1190,G
1-PB2,2042,1187,0,0,0,1187,A
1-PB2,2043,1180,0,0,0,1180,A
1-PB2,2044,1182,0,1,0,1183,A
1-PB2,2045,0,0,1180,0,1180,G
1-PB2,2046,0,0,0,1182,1182,C
1-PB2,2047,1156,0,0,0,1156,A
1-PB2,2048,0,1,0,1175,1176,C
1-PB2,2049,1180,0,0,1,1181,A
1-PB2,2050,0,1159,1,2,1162,T
1-PB2,2051,0,0,0,1191,1191,C
1-PB2,2052,3,3,0,1191,1197,C
1-PB2,2053,0,0,1199,0,1199,G
1-PB2,2054,1,1,1203,0,1205,G
1-PB2,2055,1195,0,0,0,1195,A
1-PB2,2056,1,0,1199,0,1200,G
1-PB2,2057,0,1169,0,1,1170,T
1-PB2,2058,0,3,1165,0,1168,G
1-PB2,2059,0,0,1174,0,1174,G
1-PB2,2060,1160,0,0,0,1160,A
1-PB2,2061,2,0,1165,0,1167,G
1-PB2,2062,0,1137,0,1,1138,T
1-PB2,2063,2,0,0,1146,1148,C
1-PB2,2064,0,3,0,1141,1144,C
1-PB2,2065,0,0,1145,0,1145,G
1-PB2,2066,0,1,0,1137,1138,C
1-PB2,2067,1,0,1,1140,1142,C
1-PB2,2068,6,0,1172,0,1178,G
1-PB2,2069,0,1161,0,2,1163,T
1-PB2,2070,0,1,0,1176,1177,C
1-PB2,2071,0,1176,0,2,1178,T
1-PB2,2072,0,1177,0,1,1178,T
1-PB2,2073,2,0,1181,0,1183,G
1-PB2,2074,1175,0,1,0,1176,A
1-PB2,2075,0,0,1179,0,1179,G
1-PB2,2076,1171,0,2,0,1173,A
1-PB2,2077,0,1,1146,0,1147,G
1-PB2,2078,0,1,1147,0,1148,G
1-PB2,2079,1,0,1141,0,1142,G
1-PB2,2080,0,1134,0,0,1134,T
1-PB2,2081,0,1129,0,0,1129,T
1-PB2,2082,0,1139,0,2,1141,T
1-PB2,2083,0,0,0,1144,1144,C
1-PB2,2084,0,1143,0,1,1144,T
1-PB2,2085,1,1,0,1166,1168,C
1-PB2,2086,1166,0,0,0,1166,A
1-PB2,2087,0,1158,1,0,1159,T
1-PB2,2088,0,1156,0,0,1156,T
1-PB2,2089,1153,1,0,0,1154,A
1-PB2,2090,0,1154,0,0,1154,T
1-PB2,2091,1140,0,0,0,1140,A
1-PB2,2092,0,1,1141,0,1142,G
1-PB2,2093,0,0,1147,0,1147,G
1-PB2,2094,0,1081,0,1,1082,T
1-PB2,2095,1081,0,0,0,1081,A
1-PB2,2096,1081,0,0,0,1081,A
1-PB2,2097,1,0,1078,0,1079,G
1-PB2,2098,0,1,1087,0,1088,G
1-PB2,2099,1076,0,0,0,1076,A
1-PB2,2100,1060,0,0,0,1060,A
1-PB2,2101,0,2,1052,0,1054,G
1-PB2,2102,1052,0,3,0,1055,A
1-PB2,2103,0,1,0,1050,1051,C
1-PB2,2104,1046,0,0,0,1046,A
1-PB2,2105,0,1,1048,0,1049,G
1-PB2,2106,1041,0,1,0,1042,A
1-PB2,2107,1043,0,0,0,1043,A
1-PB2,2108,0,0,1043,0,1043,G
1-PB2,2109,1041,0,0,0,1041,A
1-PB2,2110,0,1039,1,0,1040,T
1-PB2,2111,1037,0,0,0,1037,A
1-PB2,2112,0,2,0,1029,1031,C
1-PB2,2113,0,1,1024,0,1025,G
1-PB2,2114,0,0,1035,0,1035,G
1-PB2,2115,1026,0,1,0,1027,A
1-PB2,2116,1,0,1,1008,1010,C
1-PB2,2117,1,0,0,1012,1013,C
1-PB2,2118,1007,0,0,0,1007,A
1-PB2,2119,1,0,1027,1,1029,G
1-PB2,2120,0,0,0,1028,1028,C
1-PB2,2121,1028,1,0,0,1029,A
1-PB2,2122,0,1028,0,0,1028,T
1-PB2,2123,1,980,0,0,981,T
1-PB2,2124,981,0,1,0,982,A
1-PB2,2125,983,0,0,0,983,A
1-PB2,2126,0,0,982,0,982,G
1-PB2,2127,1,0,0,977,978,C
1-PB2,2128,919,0,0,0,919,A
1-PB2,2129,0,931,0,0,931,T
1-PB2,2130,0,0,0,935,935,C
1-PB2,2131,936,1,0,0,937,A
1-PB2,2132,933,0,0,0,933,A
1-PB2,2133,0,931,0,0,931,T
1-PB2,2134,0,0,928,0,928,G
1-PB2,2135,923,0,1,0,924,A
1-PB2,2136,917,0,0,0,917,A
1-PB2,2137,0,0,0,921,921,C
1-PB2,2138,0,872,0,0,872,T
1-PB2,2139,0,2,883,0,885,G
1-PB2,2140,872,0,0,0,872,A
1-PB2,2141,0,1,870,0,871,G
1-PB2,2142,0,864,1,6,871,T
1-PB2,2143,860,0,0,0,860,A
1-PB2,2144,855,0,0,0,855,A
1-PB2,2145,0,0,0,867,867,C
1-PB2,2146,0,1,0,838,839,C
1-PB2,2147,0,832,0,1,833,T
1-PB2,2148,0,803,0,0,803,T
1-PB2,2149,0,0,805,0,805,G
1-PB2,2150,0,0,0,801,801,C
1-PB2,2151,803,0,0,0,803,A
1-PB2,2152,804,0,0,0,804,A
1-PB2,2153,782,0,0,0,782,A
1-PB2,2154,779,0,1,0,780,A
1-PB2,2155,0,0,778,0,778,G
1-PB2,2156,0,2,772,0,774,G
1-PB2,2157,0,1,773,0,774,G
1-PB2,2158,0,1,774,0,775,G
1-PB2,2159,778,0,0,0,778,A
1-PB2,2160,778,0,0,0,778,A
1-PB2,2161,776,0,0,0,776,A
1-PB2,2162,779,0,0,0,779,A
1-PB2,2163,0,1,775,0,776,G
1-PB2,2164,0,0,765,0,765,G
1-PB2,2165,0,0,0,756,756,C
1-PB2,2166,0,764,0,0,764,T
1-PB2,2167,764,0,0,5,769,A
1-PB2,2168,764,0,0,0,764,A
1-PB2,2169,0,763,0,0,763,T
1-PB2,2170,0,0,778,0,778,G
1-PB2,2171,0,752,0,0,752,T
1-PB2,2172,0,0,742,0,742,G
1-PB2,2173,1,0,0,739,740,C
1-PB2,2174,0,744,0,0,744,T
1-PB2,2175,742,0,0,0,742,A
1-PB2,2176,743,0,0,0,743,A
1-PB2,2177,0,732,1,0,733,T
1-PB2,2178,0,1,0,735,736,C
1-PB2,2179,1,0,721,0,722,G
1-PB2,2180,0,0,730,0,730,G
1-PB2,2181,0,0,722,0,722,G
1-PB2,2182,0,0,0,724,724,C
1-PB2,2183,726,0,1,0,727,A
1-PB2,2184,726,0,0,0,726,A
1-PB2,2185,0,0,726,0,726,G
1-PB2,2186,0,1,720,0,721,G
1-PB2,2187,721,0,0,0,721,A
1-PB2,2188,1,0,721,0,722,G
1-PB2,2189,694,0,0,0,694,A
1-PB2,2190,0,0,0,690,690,C
1-PB2,2191,0,0,692,0,692,G
1-PB2,2192,0,692,0,0,692,T
1-PB2,2193,0,0,691,0,691,G
1-PB2,2194,0,0,692,0,692,G
1-PB2,2195,0,676,1,0,677,T
1-PB2,2196,0,0,678,0,678,G
1-PB2,2197,0,651,1,1,653,T
1-PB2,2198,0,647,1,0,648,T
1-PB2,2199,0,0,653,0,653,G
1-PB2,2200,4,0,644,0,648,G
1-PB2,2201,0,644,1,1,646,T
1-PB2,2202,635,0,1,0,636,A
1-PB2,2203,619,0,0,0,619,A
1-PB2,2204,0,598,0,0,598,T
1-PB2,2205,0,1,593,0,594,G
1-PB2,2206,591,0,0,0,591,A
1-PB2,2207,583,0,0,0,583,A
1-PB2,2208,586,0,0,0,586,A
1-PB2,2209,0,0,0,580,580,C
1-PB2,2210,0,0,581,0,581,G
1-PB2,2211,579,0,0,0,579,A
1-PB2,2212,580,0,0,0,580,A
1-PB2,2213,579,0,0,0,579,A
1-PB2,2214,578,0,0,0,578,A
1-PB2,2215,0,0,0,578,578,C
1-PB2,2216,0,1,567,0,568,G
1-PB2,2217,0,1,560,0,561,G
1-PB2,2218,0,0,566,0,566,G
1-PB2,2219,568,0,0,0,568,A
1-PB2,2220,0,0,0,563,563,C
1-PB2,2221,0,551,1,2,554,T
1-PB2,2222,1,0,0,567,568,C
1-PB2,2223,0,565,0,0,565,T
1-PB2,2224,565,0,0,0,565,A
1-PB2,2225,0,0,565,0,565,G
1-PB2,2226,1,0,0,550,551,C
1-PB2,2227,555,0,0,0,555,A
1-PB2,2228,0,551,0,0,551,T
1-PB2,2229,535,0,0,0,535,A
1-PB2,2230,0,0,0,540,540,C
1-PB2,2231,0,468,0,0,468,T
1-PB2,2232,0,472,0,0,472,T
1-PB2,2233,459,0,0,0,459,A
1-PB2,2234,0,0,0,457,457,C
1-PB2,2235,0,458,0,0,458,T
1-PB2,2236,0,0,455,0,455,G
1-PB2,2237,441,0,0,0,441,A
1-PB2,2238,0,0,0,444,444,C
1-PB2,2239,396,0,0,0,396,A
1-PB2,2240,0,0,396,0,396,G
1-PB2,2241,1,0,0,391,392,C
1-PB2,2242,0,0,0,394,394,C
1-PB2,2243,388,0,0,0,388,A
1-PB2,2244,0,0,387,0,387,G
1-PB2,2245,385,0,0,0,385,A
1-PB2,2246,0,0,0,380,380,C
1-PB2,2247,358,0,0,0,358,A
1-PB2,2248,0,0,358,0,358,G
1-PB2,2249,0,0,0,332,332,C
1-PB2,2250,0,0,328,0,328,G
1-PB2,2251,323,0,0,0,323,A
1-PB2,2252,0,0,0,324,324,C
1-PB2,2253,2,0,0,319,321,C
1-PB2,2254,324,0,0,0,324,A
1-PB2,2255,324,0,0,0,324,A
1-PB2,2256,326,0,0,0,326,A
1-PB2,2257,323,0,1,0,324,A
1-PB2,2258,0,1,322,0,323,G
1-PB2,2259,306,0,0,0,306,A
1-PB2,2260,304,0,0,0,304,A
1-PB2,2261,0,305,0,0,305,T
1-PB2,2262,0,303,0,0,303,T
1-PB2,2263,1,0,0,305,306,C
1-PB2,2264,0,0,301,0,301,G
1-PB2,2265,0,0,302,0,302,G
1-PB2,2266,301,0,0,0,301,A
1-PB2,2267,0,287,0,0,287,T
1-PB2,2268,0,0,285,0,285,G
1-PB2,2269,0,0,282,0,282,G
1-PB2,2270,0,0,0,277,277,C
1-PB2,2271,0,0,0,285,285,C
1-PB2,2272,285,0,0,0,285,A
1-PB2,2273,0,281,0,0,281,T
1-PB2,2274,0,0,0,280,280,C
1-PB2,2275,283,0,0,0,283,A
1-PB2,2276,283,0,0,0,283,A
1-PB2,2277,0,282,0,0,282,T
1-PB2,2278,0,257,0,0,257,T
1-PB2,2279,242,0,0,0,242,A
1-PB2,2280,243,0,0,0,243,A
2-PB1,1,219,0,0,0,219,A
2-PB1,2,0,220,0,0,220,T
2-PB1,3,0,0,223,0,223,G
2-PB1,4,0,0,237,0,237,G
2-PB1,5,270,0,0,0,270,A
2-PB1,6,0,287,0,0,287,T
2-PB1,7,0,0,290,0,290,G
2-PB1,8,0,288,0,1,289,T
2-PB1,9,0,0,0,333,333,C
2-PB1,10,334,0,0,0,334,A
2-PB1,11,362,0,0,0,362,A
2-PB1,12,0,362,0,0,362,T
2-PB1,13,0,0,0,362,362,C
2-PB1,14,0,0,0,366,366,C
2-PB1,15,0,0,366,0,366,G
2-PB1,16,373,0,0,0,373,A
2-PB1,17,0,0,0,376,376,C
2-PB1,18,0,373,0,0,373,T
2-PB1,19,0,0,0,377,377,C
2-PB1,20,0,375,0,0,375,T
2-PB1,21,0,0,375,0,375,G
2-PB1,22,0,0,0,377,377,C
2-PB1,23,0,376,0,0,376,T
2-PB1,24,378,0,0,0,378,A
2-PB1,25,0,493,0,0,493,T
2-PB1,26,0,497,0,0,497,T
2-PB1,27,0,0,0,495,495,C
2-PB1,28,0,0,0,493,493,C
2-PB1,29,0,594,0,0,594,T
2-PB1,30,602,0,2,0,604,A
2-PB1,31,603,0,0,0,603,A
2-PB1,32,599,0,0,0,599,A
2-PB1,33,0,1,607,0,608,G
2-PB1,34,0,0,613,0,613,G
2-PB1,35,0,620,0,0,620,T
2-PB1,36,0,622,0,0,622,T
2-PB1,37,1,0,0,617,618,C
2-PB1,38,0,0,0,621,621,C
2-PB1,39,621,0,3,0,624,A
2-PB1,40,0,0,633,0,633,G
2-PB1,41,0,0,0,636,636,C
2-PB1,42,1,0,641,0,642,G
2-PB1,43,0,1,0,644,645,C
2-PB1,44,642,0,0,0,642,A
2-PB1,45,647,0,0,0,647,A
2-PB1,46,647,0,0,0,647,A
2-PB1,47,650,0,0,0,650,A
2-PB1,48,0,656,0,1,657,T
2-PB1,49,0,1,675,0,676,G
2-PB1,50,0,0,0,685,685,C
2-PB1,51,0,0,0,688,688,C
2-PB1,52,685,0,2,0,687,A
2-PB1,53,0,688,0,0,688,T
2-PB1,54,754,1,0,0,755,A
2-PB1,55,760,0,0,0,760,A
2-PB1,56,0,1,794,0,795,G
2-PB1,57,0,0,0,794,794,C
2-PB1,58,796,0,0,0,796,A
2-PB1,59,0,0,0,825,825,C
2-PB1,60,829,0,0,0,829,A
2-PB1,61,871,0,1,0,872,A
2-PB1,62,0,0,0,874,874,C
2-PB1,63,870,0,0,0,870,A
2-PB1,64,0,881,0,0,881,T
2-PB1,65,0,888,0,0,888,T
2-PB1,66,0,0,0,1093,1093,C
2-PB1,67,1,0,0,1089,1090,C
2-PB1,68,2,0,0,1098,1100,C
2-PB1,69,0,1109,0,0,1109,T
2-PB1,70,0,1109,0,0,1109,T
2-PB1,71,1209,0,1,0,1210,A
2-PB1,72,0,1218,0,0,1218,T
2-PB1,73,1228,0,0,0,1228,A
2-PB1,74,0,0,0,1240,1240,C
2-PB1,75,0,1220,0,0,1220,T
2-PB1,76,0,1,1232,0,1233,G
2-PB1,77,0,2,1227,0,1229,G
2-PB1,78,1232,0,3,0,1235,A
2-PB1,79,0,1,1234,0,1235,G
2-PB1,80,1220,0,0,0,1220,A
2-PB1,81,0,1234,0,0,1234,T
2-PB1,82,1,0,0,1309,1310,C
2-PB1,83,1,0,0,1308,1309,C
2-PB1,84,0,1315,0,0,1315,T
2-PB1,85,1,0,0,1429,1430,C
2-PB1,86,0,0,0,1435,1435,C
2-PB1,87,1456,0,1,0,1457,A
2-PB1,88,1,1455,0,0,1456,T
2-PB1,89,1456,0,0,0,1456,A
2-PB1,90,0,0,0,1453,1453,C
2-PB1,91,1452,0,0,0,1452,A
2-PB1,92,0,1,1530,0,1531,G
2-PB1,93,0,0,0,1553,1553,C
2-PB1,94,0,0,0,1544,1544,C
2-PB1,95,1545,0,0,0,1545,A
2-PB1,96,1,1545,0,0,1546,T
2-PB1,97,0,1,1550,0,1551,G
2-PB1,98,0,2,1649,0,1651,G
2-PB1,99,1656,0,0,0,1656,A
2-PB1,100,1669,0,0,0,1669,A
2-PB1,101,0,0,0,1678,1678,C
2-PB1,102,1672,2,0,0,1674,A
2-PB1,103,0,2,1704,0,1706,G
2-PB1,104,0,1,1719,0,1720,G
2-PB1,105,1722,0,0,0,1722,A
2-PB1,106,1734,0,1,0,1735,A
2-PB1,107,0,0,0,1748,1748,C
2-PB1,108,1746,1,0,0,1747,A
2-PB1,109,0,2,2002,0,2004,G
2-PB1,110,0,2,1999,0,2001,G
2-PB1,111,0,0,2041,0,2041,G
2-PB1,112,0,2032,0,1,2033,T
2-PB1,113,2059,0,1,0,2060,A
2-PB1,114,0,0,0,2075,2075,C
2-PB1,115,2164,0,3,0,2167,A
2-PB1,116,0,0,0,2257,2257,C
2-PB1,117,1,0,0,2251,2252,C
2-PB1,118,2227,0,2,0,2229,A
2-PB1,119,0,2226,0,0,2226,T
2-PB1,120,2,1,2234,0,2237,G
2-PB1,121,0,4,2241,0,2245,G
2-PB1,122,2241,0,1,0,2242,A
2-PB1,123,0,0,0,2252,2252,C
2-PB1,124,2228,0,2,0,2230,A
2-PB1,125,0,1,0,2295,2296,C
2-PB1,126,2307,0,0,0,2307,A
2-PB1,127,0,0,2344,0,2344,G
2-PB1,128,1,2349,0,0,2350,T
2-PB1,129,3,0,0,2417,2420,C
2-PB1,130,2420,0,2,0,2422,A
2-PB1,131,2433,0,0,0,2433,A
2-PB1,132,0,1,0,2434,2435,C
2-PB1,133,2432,0,0,0,2432,A
2-PB1,134,0,2,2461,0,2463,G
2-PB1,135,2442,0,2,0,2444,A
2-PB1,136,2450,0,0,0,2450,A
2-PB1,137,0,0,0,2460,2460,C
2-PB1,138,2438,1,0,0,2439,A
2-PB1,139,0,0,0,2496,2496,C
2-PB1,140,2490,0,2,0,2492,A
2-PB1,141,0,1,0,2576,2577,C
2-PB1,142,1,0,0,2581,2582,C
2-PB1,143,2590,0,1,0,2591,A
2-PB1,144,2604,0,0,0,2604,A
2-PB1,145,0,2671,0,0,2671,T
2-PB1,146,2743,0,0,0,2743,A
2-PB1,147,0,2721,0,28,2749,T
2-PB1,148,0,2727,0,0,2727,T
2-PB1,149,3,0,0,2726,2729,C
2-PB1,150,2699,0,0,0,2699,A
2-PB1,151,0,0,2708,0,2708,G
2-PB1,152,2683,0,0,0,2683,A
2-PB1,153,0,0,2703,0,2703,G
2-PB1,154,2629,1,6,0,2636,A
2-PB1,155,0,3,2625,0,2628,G
2-PB1,156,1,7,2616,0,2624,G
2-PB1,157,0,6,2688,0,2694,G
2-PB1,158,0,2,2692,0,2694,G
2-PB1,159,0,0,2714,0,2714,G
2-PB1,160,2708,0,0,0,2708,A
2-PB1,161,2722,0,2,0,2724,A
2-PB1,162,0,1,2743,0,2744,G
2-PB1,163,0,2708,0,0,2708,T
2-PB1,164,0,5,2725,0,2730,G
2-PB1,165,0,3,2712,0,2715,G
2-PB1,166,2718,0,1,0,2719,A
2-PB1,167,0,2,0,2735,2737,C
2-PB1,168,3,5,2740,0,2748,G
2-PB1,169,2758,1,4,0,2763,A
2-PB1,170,0,0,0,2794,2794,C
2-PB1,171,2796,0,2,0,2798,A
2-PB1,172,2793,0,0,0,2793,A
2-PB1,173,2806,0,1,1,2808,A
2-PB1,174,0,2853,0,1,2854,T
2-PB1,175,2856,1,1,0,2858,A
2-PB1,176,0,0,0,2859,2859,C
2-PB1,177,2845,0,2,0,2847,A
2-PB1,178,3,0,2851,0,2854,G
2-PB1,179,2851,0,0,0,2851,A
2-PB1,180,2874,0,2,0,2876,A
2-PB1,181,2877,0,0,0,2877,A
2-PB1,182,0,0,0,2882,2882,C
2-PB1,183,0,2863,0,0,2863,T
2-PB1,184,0,3,2863,0,2866,G
2-PB1,185,0,5,2837,0,2842,G
2-PB1,186,0,0,2823,0,2823,G
2-PB1,187,0,0,2830,0,2830,G
2-PB1,188,0,0,0,2854,2854,C
2-PB1,189,2856,0,1,0,2857,A
2-PB1,190,0,0,0,2946,2946,C
2-PB1,191,2,0,0,2933,2935,C
2-PB1,192,10,0,0,2927,2937,C
2-PB1,193,3,0,0,2956,2959,C
2-PB1,194,2955,0,1,0,2956,A
2-PB1,195,2981,0,0,0,2981,A
2-PB1,196,0,1,1,2977,2979,C
2-PB1,197,0,2969,0,1,2970,T
2-PB1,198,1,0,0,2985,2986,C
2-PB1,199,2906,0,2,0,2908,A
2-PB1,200,2943,0,1,0,2944,A
2-PB1,201,0,0,0,2940,2940,C
2-PB1,202,0,0,0,2941,2941,C
2-PB1,203,4,1,0,2953,2958,C
2-PB1,204,2956,0,0,0,2956,A
2-PB1,205,2960,0,0,0,2960,A
2-PB1,206,0,2966,0,0,2966,T
2-PB1,207,0,2975,0,0,2975,T
2-PB1,208,1,0,2985,0,2986,G
2-PB1,209,2963,0,0,0,2963,A
2-PB1,210,1,2956,0,0,2957,T
2-PB1,211,1,5,2958,0,2964,G
2-PB1,212,0,5,2989,0,2994,G
2-PB1,213,3029,0,1,0,3030,A
2-PB1,214,0,1,0,3036,3037,C
2-PB1,215,5,0,0,3009,3014,C
2-PB1,216,3015,0,3,0,3018,A
2-PB1,217,0,1,0,3074,3075,C
2-PB1,218,1,3079,0,0,3080,T
2-PB1,219,3121,1,1,0,3123,A
2-PB1,220,0,0,0,3165,3165,C
2-PB1,221,0,0,0,3138,3138,C
2-PB1,222,0,3103,0,0,3103,T
2-PB1,223,1,0,3106,0,3107,G
2-PB1,224,3108,0,1,0,3109,A
2-PB1,225,0,7,3125,0,3132,G
2-PB1,226,0,1,3109,0,3110,G
2-PB1,227,3110,0,0,0,3110,A
2-PB1,228,0,3099,0,0,3099,T
2-PB1,229,3075,0,0,0,3075,A
2-PB1,230,3061,0,2,0,3063,A
2-PB1,231,0,3070,0,1,3071,T
2-PB1,232,1,3,3069,0,3073,G
2-PB1,233,3062,1,3,0,3066,A
2-PB1,234,3046,1,4,0,3051,A
2-PB1,235,1,0,0,3062,3063,C
2-PB1,236,4,0,0,3029,3033,C
2-PB1,237,3043,0,1,0,3044,A
2-PB1,238,3031,0,2,0,3033,A
2-PB1,239,0,1,3065,0,3066,G
2-PB1,240,0,3036,0,0,3036,T
2-PB1,241,1,1,3058,0,3060,G
2-PB1,242,0,1,3090,0,3091,G
2-PB1,243,3097,0,1,0,3098,A
2-PB1,244,0,3085,0,0,3085,T
2-PB1,245,3100,0,0,0,3100,A
2-PB1,246,0,3150,0,2,3152,T
2-PB1,247,0,0,3154,0,3154,G
2-PB1,248,1,1,0,3161,3163,C
2-PB1,249,3159,0,1,0,3160,A
2-PB1,250,0,0,0,3252,3252,C
2-PB1,251,3198,0,0,0,3198,A
2-PB1,252,3240,0,3,0,3243,A
2-PB1,253,3228,1,2,0,3231,A
2-PB1,254,0,0,0,3244,3244,C
2-PB1,255,3177,0,0,0,3177,A
2-PB1,256,0,1,3188,0,3189,G
2-PB1,257,3169,0,4,0,3173,A
2-PB1,258,0,0,0,3193,3193,C
2-PB1,259,0,3096,0,0,3096,T
2-PB1,260,0,0,3150,0,3150,G
2-PB1,261,0,3099,0,0,3099,T
2-PB1,262,0,0,3282,0,3282,G
2-PB1,263,0,3278,1,0,3279,T
2-PB1,264,2,0,0,3286,3288,C
2-PB1,265,1,0,0,3283,3284,C
2-PB1,266,0,3269,0,0,3269,T
2-PB1,267,0,1,3262,0,3263,G
2-PB1,268,0,0,3256,0,3256,G
2-PB1,269,3230,0,0,0,3230,A
2-PB1,270,1,2,3287,0,3290,G
2-PB1,271,1,2,3203,0,3206,G
2-PB1,272,1,0,0,3205,3206,C
2-PB1,273,0,3195,0,0,3195,T
2-PB1,274,3205,0,1,0,3206,A
2-PB1,275,0,3190,0,0,3190,T
2-PB1,276,0,1,3210,0,3211,G
2-PB1,277,1,1,3192,0,3194,G
2-PB1,278,0,3,0,3169,3172,C
2-PB1,279,4,0,0,3154,3158,C
2-PB1,280,0,3139,0,1,3140,T
2-PB1,281,1,3266,0,0,3267,T
2-PB1,282,0,0,0,3269,3269,C
2-PB1,283,1,0,0,3275,3276,C
2-PB1,284,0,3290,0,0,3290,T
2-PB1,285,0,3284,0,1,3285,T
2-PB1,286,0,3,3299,0,3302,G
2-PB1,287,3282,0,1,0,3283,A
2-PB1,288,3295,0,1,0,3296,A
2-PB1,289,0,2,3293,0,3295,G
2-PB1,290,3188,0,0,0,3188,A
2-PB1,291,3213,0,0,0,3213,A
2-PB1,292,0,3201,0,0,3201,T
2-PB1,293,0,1,0,3205,3206,C
2-PB1,294,3,0,0,3197,3200,C
2-PB1,295,6,1,0,3195,3202,C
2-PB1,296,3189,0,1,0,3190,A
2-PB1,297,0,1,0,3225,3226,C
2-PB1,298,1,0,0,3221,3222,C
2-PB1,299,7,17,0,3202,3226,C
2-PB1,300,3207,0,1,1,3209,A
2-PB1,301,0,1,3225,0,3226,G
2-PB1,302,0,0,3227,0,3227,G
2-PB1,303,1,3174,0,2,3177,T
2-PB1,304,3242,0,0,0,3242,A
2-PB1,305,0,3229,0,1,3230,T
2-PB1,306,0,1,1,3249,3251,C
2-PB1,307,0,3250,0,1,3251,T
2-PB1,308,0,3259,0,0,3259,T
2-PB1,309,0,3261,0,0,3261,T
2-PB1,310,0,6,3246,0,3252,G
2-PB1,311,3224,0,4,0,3228,A
2-PB1,312,0,0,3226,0,3226,G
2-PB1,313,3201,0,0,0,3201,A
2-PB1,314,3207,0,1,0,3208,A
2-PB1,315,0,0,0,3243,3243,C
2-PB1,316,0,3197,0,2,3199,T
2-PB1,317,2,2,0,3213,3217,C
2-PB1,318,3219,0,0,1,3220,A
2-PB1,319,0,3215,0,0,3215,T
2-PB1,320,1,0,3217,1,3219,G
2-PB1,321,0,2,0,3272,3274,C
2-PB1,322,1,0,0,3286,3287,C
2-PB1,323,1,3280,0,1,3282,T
2-PB1,324,0,3245,0,1,3246,T
2-PB1,325,0,1,3264,0,3265,G
2-PB1,326,3272,0,0,0,3272,A
2-PB1,327,3280,0,2,0,3282,A
2-PB1,328,3278,1,2,0,3281,A
2-PB1,329,0,1,0,3322,3323,C
2-PB1,330,3254,2,0,0,3256,A
2-PB1,331,3265,0,1,0,3266,A
2-PB1,332,0,3285,0,0,3285,T
2-PB1,333,2,1,3277,0,3280,G
2-PB1,334,0,2,3261,0,3263,G
2-PB1,335,3228,0,1,0,3229,A
2-PB1,336,3233,0,2,0,3235,A
2-PB1,337,1,0,3227,0,3228,G
2-PB1,338,1,1,0,3224,3226,C
2-PB1,339,2,0,0,3222,3224,C
2-PB1,340,1,0,3276,0,3277,G
2-PB1,341,0,3252,0,4,3256,T
2-PB1,342,0,3259,0,0,3259,T
2-PB1,343,7,2,0,3280,3289,C
2-PB1,344,3293,0,1,0,3294,A
2-PB1,345,3317,0,4,0,3321,A
2-PB1,346,0,0,0,3330,3330,C
2-PB1,347,3325,1,2,0,3328,A
2-PB1,348,0,3,3346,0,3349,G
2-PB1,349,3317,1,0,0,3318,A
2-PB1,350,0,1,0,3318,3319,C
2-PB1,351,3317,1,1,0,3319,A
2-PB1,352,3334,0,1,0,3335,A
2-PB1,353,0,3,3352,0,3355,G
2-PB1,354,0,2,3313,0,3315,G
2-PB1,355,1,0,3315,0,3316,G
2-PB1,356,0,3182,0,2,3184,T
2-PB1,357,1,4,3246,0,3251,G
2-PB1,358,0,2,3253,0,3255,G
2-PB1,359,3271,0,1,0,3272,A
2-PB1,360,0,0,0,3273,3273,C
2-PB1,361,3241,0,0,0,3241,A
2-PB1,362,3273,0,1,0,3274,A
2-PB1,363,3262,1,1,1,3265,A
2-PB1,364,0,0,0,3264,3264,C
2-PB1,365,0,3257,0,0,3257,T
2-PB1,366,3259,0,0,1,3260,A
2-PB1,367,3246,0,1,0,3247,A
2-PB1,368,0,1,0,3274,3275,C
2-PB1,369,1,0,0,3273,3274,C
2-PB1,370,9,0,0,3268,3277,C
2-PB1,371,3202,0,0,0,3202,A
2-PB1,372,3193,0,0,1,3194,A
2-PB1,373,0,2,3186,0,3188,G
2-PB1,374,0,0,3190,0,3190,G
2-PB1,375,0,3151,0,2,3153,T
2-PB1,376,5,0,0,3180,3185,C
2-PB1,377,1,2,3175,0,3178,G
2-PB1,378,0,2,0,3169,3171,C
2-PB1,379,3,1,0,3196,3200,C
2-PB1,380,3198,1,0,0,3199,A
2-PB1,381,1,2,3260,0,3263,G
2-PB1,382,3274,1,4,0,3279,A
2-PB1,383,0,0,0,3308,3308,C
2-PB1,384,0,3276,0,2,3278,T
2-PB1,385,0,3272,0,0,3272,T
2-PB1,386,3262,0,0,0,3262,A
2-PB1,387,0,3272,1,0,3273,T
2-PB1,388,0,2,3283,0,3285,G
2-PB1,389,3275,0,0,0,3275,A
2-PB1,390,0,3220,0,0,3220,T
2-PB1,391,0,3144,0,0,3144,T
2-PB1,392,0,2,3127,0,3129,G
2-PB1,393,0,1,3121,0,3122,G
2-PB1,394,3154,0,3,0,3157,A
2-PB1,395,1,1,0,3153,3155,C
2-PB1,396,3115,1,0,0,3116,A
2-PB1,397,0,3109,0,0,3109,T
2-PB1,398,0,3133,0,0,3133,T
2-PB1,399,3145,0,0,0,3145,A
2-PB1,400,3137,0,0,0,3137,A
2-PB1,401,3127,0,2,0,3129,A
2-PB1,402,1,1,0,3140,3142,C
2-PB1,403,3106,1,2,1,3110,A
2-PB1,404,0,0,3123,0,3123,G
2-PB1,405,3115,0,0,0,3115,A
2-PB1,406,3114,0,0,0,3114,A
2-PB1,407,3103,0,0,0,3103,A
2-PB1,408,0,3034,0,1,3035,T
2-PB1,409,2,0,0,3089,3091,C
2-PB1,410,3080,0,0,0,3080,A
2-PB1,411,3074,0,1,0,3075,A
2-PB1,412,1,0,0,3076,3077,C
2-PB1,413,2,0,0,3068,3070,C
2-PB1,414,0,1,3065,0,3066,G
2-PB1,415,0,0,3053,0,3053,G
2-PB1,416,0,0,0,3069,3069,C
2-PB1,417,3068,0,0,0,3068,A
2-PB1,418,1,0,3074,0,3075,G
2-PB1,419,0,0,1,3093,3094,C
2-PB1,420,3088,0,0,0,3088,A
2-PB1,421,3089,0,0,0,3089,A
2-PB1,422,0,0,0,3099,3099,C
2-PB1,423,0,3070,1,1,3072,T
2-PB1,424,1,1,3157,0,3159,G
2-PB1,425,0,0,1,3164,3165,C
2-PB1,426,3170,4,1,0,3175,A
2-PB1,427,0,3162,0,3,3165,T
2-PB1,428,0,3120,0,0,3120,T
2-PB1,429,3286,1,0,1,3288,A
2-PB1,430,0,0,3275,0,3275,G
2-PB1,431,0,1,0,3235,3236,C
2-PB1,432,1,0,0,3277,3278,C
2-PB1,433,3163,0,16,0,3179,A
2-PB1,434,3190,0,1,0,3191,A
2-PB1,435,0,0,1,3203,3204,C
2-PB1,436,3191,0,0,0,3191,A
2-PB1,437,8,0,0,3285,3293,C
2-PB1,438,6,1,0,3093,3100,C
2-PB1,439,3103,0,0,0,3103,A
2-PB1,440,0,3075,0,2,3077,T
2-PB1,441,3102,0,1,0,3103,A
2-PB1,442,0,1,3097,0,3098,G
2-PB1,443,3071,1,1,0,3073,A
2-PB1,444,3039,0,0,0,3039,A
2-PB1,445,0,0,3048,0,3048,G
2-PB1,446,0,2949,0,2,2951,T
2-PB1,447,0,2964,0,1,2965,T
2-PB1,448,0,2996,0,1,2997,T
2-PB1,449,0,2998,0,1,2999,T
2-PB1,450,0,3002,0,1,3003,T
2-PB1,451,3009,0,0,0,3009,A
2-PB1,452,0,2,3008,0,3010,G
2-PB1,453,2995,0,2,0,2997,A
2-PB1,454,0,2967,0,0,2967,T
2-PB1,455,2,0,0,2952,2954,C
2-PB1,456,0,5,2964,0,2969,G
2-PB1,457,2965,1,0,0,2966,A
2-PB1,458,2961,0,0,0,2961,A
2-PB1,459,1,0,0,2983,2984,C
2-PB1,460,1,2,2983,0,2986,G
2-PB1,461,0,0,3082,0,3082,G
2-PB1,462,3074,1,1,1,3077,A
2-PB1,463,1,3074,0,0,3075,T
2-PB1,464,0,3083,0,1,3084,T
2-PB1,465,3076,0,3,0,3079,A
2-PB1,466,3083,1,1,1,3086,A
2-PB1,467,0,0,0,3096,3096,C
2-PB1,468,3083,2,1,0,3086,A
2-PB1,469,0,1,3093,0,3094,G
2-PB1,470,1,0,1,2980,2982,C
2-PB1,471,0,2984,0,0,2984,T
2-PB1,472,2990,0,1,0,2991,A
2-PB1,473,2991,0,0,0,2991,A
2-PB1,474,0,2983,0,0,2983,T
2-PB1,475,0,2,3014,0,3016,G
2-PB1,476,3008,1,0,1,3010,A
2-PB1,477,3017,0,0,0,3017,A
2-PB1,478,0,2958,0,0,2958,T
2-PB1,479,2,0,0,2969,2971,C
2-PB1,480,2974,1,0,0,2975,A
2-PB1,481,0,0,2953,0,2953,G
2-PB1,482,0,0,2948,0,2948,G
2-PB1,483,2956,0,0,0,2956,A
2-PB1,484,2911,2,3,0,2916,A
2-PB1,485,0,1,3020,0,3021,G
2-PB1,486,1,2,3005,0,3008,G
2-PB1,487,0,0,0,3020,3020,C
2-PB1,488,0,3039,0,1,3040,T
2-PB1,489,3046,0,0,0,3046,A
2-PB1,490,3042,0,0,0,3042,A
2-PB1,491,1,3046,0,1,3048,T
2-PB1,492,3057,0,2,0,3059,A
2-PB1,493,1,1,3055,0,3057,G
2-PB1,494,2886,0,0,0,2886,A
2-PB1,495,0,2837,0,0,2837,T
2-PB1,496,0,2845,0,2,2847,T
2-PB1,497,0,2813,0,0,2813,T
2-PB1,498,0,0,0,2905,2905,C
2-PB1,499,3,0,0,2916,2919,C
2-PB1,500,0,2920,0,4,2924,T
2-PB1,501,1,0,0,2947,2948,C
2-PB1,502,2962,0,0,0,2962,A
2-PB1,503,2955,0,1,0,2956,A
2-PB1,504,0,1,2956,0,2957,G
2-PB1,505,0,0,2980,0,2980,G
2-PB1,506,2971,0,1,0,2972,A
2-PB1,507,0,2861,0,0,2861,T
2-PB1,508,0,0,2921,0,2921,G
2-PB1,509,1,2889,0,3,2893,T
2-PB1,510,1,3,2932,0,2936,G
2-PB1,511,2927,0,1,0,2928,A
2-PB1,512,1,2922,0,0,2923,T
2-PB1,513,0,3,2918,0,2921,G
2-PB1,514,0,0,2890,0,2890,G
2-PB1,515,2886,1,1,1,2889,A
2-PB1,516,2892,0,1,0,2893,A
2-PB1,517,0,2832,0,1,2833,T
2-PB1,518,1,2,0,2855,2858,C
2-PB1,519,2845,0,0,0,2845,A
2-PB1,520,2840,0,0,0,2840,A
2-PB1,521,0,2845,0,0,2845,T
2-PB1,522,0,5,2864,0,2869,G
2-PB1,523,22,0,2862,0,2884,G
2-PB1,524,2865,0,1,0,2866,A
2-PB1,525,0,2873,0,1,2874,T
2-PB1,526,2873,0,2,0,2875,A
2-PB1,527,2874,0,0,0,2874,A
2-PB1,528,2873,0,1,0,2874,A
2-PB1,529,0,1,2903,0,2904,G
2-PB1,530,2884,0,1,0,2885,A
2-PB1,531,0,0,2863,0,2863,G
2-PB1,532,0,4,2859,0,2863,G
2-PB1,533,2848,0,4,0,2852,A
2-PB1,534,2859,0,0,0,2859,A
2-PB1,535,2868,0,0,0,2868,A
2-PB1,536,1,2858,0,0,2859,T
2-PB1,537,0,3,2897,0,2900,G
2-PB1,538,0,1,2890,0,2891,G
2-PB1,539,2875,0,1,0,2876,A
2-PB1,540,0,0,2898,0,2898,G
2-PB1,541,2876,0,1,0,2877,A
2-PB1,542,0,2934,0,1,2935,T
2-PB1,543,2935,0,1,0,2936,A
2-PB1,544,2939,0,0,0,2939,A
2-PB1,545,0,0,0,2951,2951,C
2-PB1,546,2914,0,1,0,2915,A
2-PB1,547,2914,0,2,0,2916,A
2-PB1,548,0,0,0,2906,2906,C
2-PB1,549,2871,0,1,0,2872,A
2-PB1,550,0,0,0,2899,2899,C
2-PB1,551,2837,0,1,0,2838,A
2-PB1,552,0,0,0,2881,2881,C
2-PB1,553,0,2851,0,0,2851,T
2-PB1,554,0,2839,0,0,2839,T
2-PB1,555,0,2836,0,1,2837,T
2-PB1,556,3,0,0,2853,2856,C
2-PB1,557,2859,1,1,0,2861,A
2-PB1,558,2861,0,1,0,2862,A
2-PB1,559,2864,1,0,0,2865,A
2-PB1,560,0,3,2883,0,2886,G
2-PB1,561,2860,0,1,0,2861,A
2-PB1,562,2867,0,0,0,2867,A
2-PB1,563,2865,0,0,0,2865,A
2-PB1,564,2869,0,0,0,2869,A
2-PB1,565,2864,0,1,0,2865,A
2-PB1,566,1,1,2871,0,2873,G
2-PB1,567,1,2,2873,0,2876,G
2-PB1,568,2838,1,1,0,2840,A
2-PB1,569,0,3,2885,1,2889,G
2-PB1,570,2873,0,3,0,2876,A
2-PB1,571,1,0,2948,0,2949,G
2-PB1,572,0,2932,0,0,2932,T
2-PB1,573,2968,0,0,0,2968,A
2-PB1,574,2957,1,2,1,2961,A
2-PB1,575,0,6,2961,0,2967,G
2-PB1,576,2,1,2979,0,2982,G
2-PB1,577,0,2,2973,0,2975,G
2-PB1,578,2955,0,0,0,2955,A
2-PB1,579,0,0,0,2960,2960,C
2-PB1,580,2892,0,3,0,2895,A
2-PB1,581,2900,0,1,0,2901,A
2-PB1,582,0,0,0,2893,2893,C
2-PB1,583,2895,0,1,0,2896,A
2-PB1,584,0,2871,0,0,2871,T
2-PB1,585,0,4,2860,0,2864,G
2-PB1,586,2861,1,2,0,2864,A
2-PB1,587,0,17,0,2817,2834,C
2-PB1,588,2,0,0,2829,2831,C
2-PB1,589,2840,0,1,0,2841,A
2-PB1,590,2831,1,2,0,2834,A
2-PB1,591,0,2,2847,0,2849,G
2-PB1,592,2839,0,0,0,2839,A
2-PB1,593,2839,0,2,0,2841,A
2-PB1,594,2831,0,0,0,2831,A
2-PB1,595,2827,0,0,0,2827,A
2-PB1,596,0,2813,0,0,2813,T
2-PB1,597,0,5,2811,1,2817,G
2-PB1,598,0,0,2816,0,2816,G
2-PB1,599,0,2783,0,11,2794,T
2-PB1,600,7,1,0,2767,2775,C
2-PB1,601,2801,0,1,0,2802,A
2-PB1,602,0,1,0,2955,2956,C
2-PB1,603,3003,0,3,0,3006,A
2-PB1,604,0,0,0,3010,3010,C
2-PB1,605,3010,0,2,0,3012,A
2-PB1,606,3092,0,1,0,3093,A
2-PB1,607,3069,0,2,0,3071,A
2-PB1,608,0,3,3231,0,3234,G
2-PB1,609,3220,0,6,0,3226,A
2-PB1,610,3248,0,0,0,3248,A
2-PB1,611,0,0,0,3329,3329,C
2-PB1,612,3256,0,0,0,3256,A
2-PB1,613,3278,0,0,0,3278,A
2-PB1,614,0,3265,0,0,3265,T
2-PB1,615,3231,0,3,0,3234,A
2-PB1,616,1,7,3221,0,3229,G
2-PB1,617,0,2,3158,0,3160,G
2-PB1,618,0,0,3172,1,3173,G
2-PB1,619,3155,0,0,0,3155,A
2-PB1,620,3144,0,1,0,3145,A
2-PB1,621,0,0,3172,0,3172,G
2-PB1,622,3163,0,2,0,3165,A
2-PB1,623,3163,1,0,0,3164,A
2-PB1,624,3166,0,1,1,3168,A
2-PB1,625,3181,0,1,0,3182,A
2-PB1,626,3238,0,0,0,3238,A
2-PB1,627,3240,0,0,0,3240,A
2-PB1,628,0,0,0,3259,3259,C
2-PB1,629,3249,1,0,0,3250,A
2-PB1,630,3250,0,1,0,3251,A
2-PB1,631,3222,0,7,2,3231,A
2-PB1,632,0,6,3283,0,3289,G
2-PB1,633,3294,0,1,0,3295,A
2-PB1,634,0,0,3403,0,3403,G
2-PB1,635,0,3338,0,1,3339,T
2-PB1,636,0,3,3796,0,3799,G
2-PB1,637,3807,0,8,0,3815,A
2-PB1,638,3822,0,1,0,3823,A
2-PB1,639,0,3862,0,1,3863,T
2-PB1,640,3886,0,0,0,3886,A
2-PB1,641,3882,0,1,0,3883,A
2-PB1,642,0,2,3884,1,3887,G
2-PB1,643,3803,1,5,0,3809,A
2-PB1,644,1,0,3807,0,3808,G
2-PB1,645,3655,0,4,0,3659,A
2-PB1,646,0,0,3681,1,3682,G
2-PB1,647,2,0,3664,0,3666,G
2-PB1,648,0,0,0,3663,3663,C
2-PB1,649,0,3663,0,1,3664,T
2-PB1,650,3758,0,0,0,3758,A
2-PB1,651,0,1,0,3927,3928,C
2-PB1,652,6,18,0,3921,3945,C
2-PB1,653,0,3985,0,3,3988,T
2-PB1,654,4111,0,0,0,4111,A
2-PB1,655,4109,0,2,0,4111,A
2-PB1,656,0,4105,0,0,4105,T
2-PB1,657,4108,0,1,0,4109,A
2-PB1,658,4102,0,0,0,4102,A
2-PB1,659,1,4,4080,0,4085,G
2-PB1,660,3987,0,3,0,3990,A
2-PB1,661,0,0,3985,0,3985,G
2-PB1,662,0,1,0,4003,4004,C
2-PB1,663,0,3954,0,1,3955,T
2-PB1,664,0,3976,0,0,3976,T
2-PB1,665,1,3994,0,0,3995,T
2-PB1,666,0,5,3969,0,3974,G
2-PB1,667,4038,1,2,0,4041,A
2-PB1,668,0,0,0,4055,4055,C
2-PB1,669,4046,0,0,0,4046,A
2-PB1,670,0,4021,0,1,4022,T
2-PB1,671,1,4007,0,1,4009,T
2-PB1,672,1,3,4073,0,4077,G
2-PB1,673,4075,0,2,0,4077,A
2-PB1,674,4082,0,3,0,4085,A
2-PB1,675,0,0,0,4092,4092,C
2-PB1,676,4062,0,1,0,4063,A
2-PB1,677,0,2,0,4073,4075,C
2-PB1,678,2,4,4053,1,4060,G
2-PB1,679,4053,2,3,0,4058,A
2-PB1,680,0,4063,0,0,4063,T
2-PB1,681,1,5,4162,0,4168,G
2-PB1,682,4157,1,3,0,4161,A
2-PB1,683,1,1,0,4184,4186,C
2-PB1,684,2,0,0,4200,4202,C
2-PB1,685,4202,0,1,1,4204,A
2-PB1,686,4248,0,1,0,4249,A
2-PB1,687,4246,0,5,0,4251,A
2-PB1,688,0,1,4350,0,4351,G
2-PB1,689,4379,0,2,2,4383,A
2-PB1,690,0,4299,0,1,4300,T
2-PB1,691,0,0,4337,1,4338,G
2-PB1,692,0,1,1,4307,4309,C
2-PB1,693,4321,1,4,0,4326,A
2-PB1,694,1,3,4351,0,4355,G
2-PB1,695,4317,0,0,0,4317,A
2-PB1,696,0,3,4322,0,4325,G
2-PB1,697,4216,1,2,0,4219,A
2-PB1,698,1,2,4211,0,4214,G
2-PB1,699,4174,0,3,0,4177,A
2-PB1,700,0,2,4161,0,4163,G
2-PB1,701,3,1,4153,0,4157,G
2-PB1,702,1,0,0,4163,4164,C
2-PB1,703,4164,0,2,0,4166,A
2-PB1,704,4159,1,1,0,4161,A
2-PB1,705,4183,0,0,0,4183,A
2-PB1,706,0,4196,0,0,4196,T
2-PB1,707,0,4202,0,1,4203,T
2-PB1,708,4206,3,0,0,4209,A
2-PB1,709,4190,0,0,0,4190,A
2-PB1,710,4205,0,0,1,4206,A
2-PB1,711,4211,0,0,0,4211,A
2-PB1,712,4213,0,0,0,4213,A
2-PB1,713,0,2,4220,0,4222,G
2-PB1,714,4179,0,0,0,4179,A
2-PB1,715,4174,0,3,1,4178,A
2-PB1,716,0,8,4221,0,4229,G
2-PB1,717,0,4,4310,0,4314,G
2-PB1,718,0,1,4302,0,4303,G
2-PB1,719,3,1,1,4344,4349,C
2-PB1,720,0,4373,0,1,4374,T
2-PB1,721,4396,0,0,1,4397,A
2-PB1,722,0,4468,0,1,4469,T
2-PB1,723,0,4475,0,0,4475,T
2-PB1,724,2,1,4483,0,4486,G
2-PB1,725,1,3,0,4455,4459,C
2-PB1,726,4365,3,5,0,4373,A
2-PB1,727,4361,1,3,1,4366,A
2-PB1,728,0,0,0,4365,4365,C
2-PB1,729,4341,0,2,1,4344,A
2-PB1,730,0,14,0,4372,4386,C
2-PB1,731,3,0,0,4289,4292,C
2-PB1,732,9,0,0,4310,4319,C
2-PB1,733,0,6,4300,0,4306,G
2-PB1,734,2,3,4318,0,4323,G
2-PB1,735,1,2,4313,0,4316,G
2-PB1,736,4351,0,2,0,4353,A
2-PB1,737,0,4323,0,0,4323,T
2-PB1,738,2,0,4337,0,4339,G
2-PB1,739,0,0,0,4335,4335,C
2-PB1,740,4371,0,1,0,4372,A
2-PB1,741,4435,0,2,0,4437,A
2-PB1,742,4474,0,1,0,4475,A
2-PB1,743,0,4464,0,0,4464,T
2-PB1,744,1,4449,0,0,4450,T
2-PB1,745,4440,0,0,0,4440,A
2-PB1,746,1,1,4441,2,4445,G
2-PB1,747,4414,0,3,0,4417,A
2-PB1,748,1,7,4423,0,4431,G
2-PB1,749,0,4,4358,1,4363,G
2-PB1,750,2,0,4465,0,4467,G
2-PB1,751,0,4392,0,18,4410,T
2-PB1,752,0,4460,0,1,4461,T
2-PB1,753,1,0,0,4470,4471,C
2-PB1,754,2,0,4511,0,4513,G
2-PB1,755,1,4508,0,5,4514,T
2-PB1,756,0,2,4524,0,4526,G
2-PB1,757,1,4508,0,3,4512,T
2-PB1,758,4485,0,0,0,4485,A
2-PB1,759,0,1,0,4484,4485,C
2-PB1,760,0,4293,0,0,4293,T
2-PB1,761,0,4301,0,0,4301,T
2-PB1,762,1,1,0,4305,4307,C
2-PB1,763,0,1,4287,0,4288,G
2-PB1,764,0,4290,0,1,4291,T
2-PB1,765,0,4285,0,2,4287,T
2-PB1,766,1,3,4276,0,4280,G
2-PB1,767,4257,0,2,0,4259,A
2-PB1,768,4270,0,1,0,4271,A
2-PB1,769,4314,0,1,0,4315,A
2-PB1,770,0,0,1,4337,4338,C
2-PB1,771,1,4296,0,3,4300,T
2-PB1,772,0,4295,0,0,4295,T
2-PB1,773,0,4290,0,1,4291,T
2-PB1,774,4343,1,1,0,4345,A
2-PB1,775,1,1,4375,0,4377,G
2-PB1,776,0,0,0,4372,4372,C
2-PB1,777,1,4373,1,2,4377,T
2-PB1,778,4341,0,0,0,4341,A
2-PB1,779,0,1,4343,0,4344,G
2-PB1,780,4330,0,1,0,4331,A
2-PB1,781,4321,0,0,0,4321,A
2-PB1,782,0,0,4344,0,4344,G
2-PB1,783,2,0,0,4276,4278,C
2-PB1,784,4263,1,14,7,4285,A
2-PB1,785,0,4270,0,0,4270,T
2-PB1,786,1,4277,0,1,4279,T
2-PB1,787,1,4257,0,6,4264,T
2-PB1,788,0,0,4274,0,4274,G
2-PB1,789,0,2,0,4256,4258,C
2-PB1,790,0,4,4280,0,4284,G
2-PB1,791,4261,0,0,0,4261,A
2-PB1,792,4267,0,0,0,4267,A
2-PB1,793,4266,0,0,0,4266,A
2-PB1,794,4344,0,2,0,4346,A
2-PB1,795,1,1,4390,0,4392,G
2-PB1,796,0,0,0,4397,4397,C
2-PB1,797,1,4404,0,2,4407,T
2-PB1,798,0,4406,0,0,4406,T
2-PB1,799,1,5,4406,1,4413,G
2-PB1,800,4401,1,3,0,4405,A
2-PB1,801,4399,0,1,0,4400,A
2-PB1,802,0,0,0,4420,4420,C
2-PB1,803,4351,0,0,0,4351,A
2-PB1,804,0,0,4732,0,4732,G
2-PB1,805,0,4712,0,3,4715,T
2-PB1,806,4,0,0,4703,4707,C
2-PB1,807,1,4717,2,6,4726,T
2-PB1,808,1,5,4735,0,4741,G
2-PB1,809,1,6,4731,0,4738,G
2-PB1,810,4733,0,1,0,4734,A
2-PB1,811,1,0,0,4752,4753,C
2-PB1,812,0,4623,0,3,4626,T
2-PB1,813,0,4389,0,0,4389,T
2-PB1,814,0,1,0,4379,4380,C
2-PB1,815,0,2,0,4377,4379,C
2-PB1,816,1,3,4409,0,4413,G
2-PB1,817,40,2,4381,0,4423,G
2-PB1,818,0,4376,0,1,4377,T
2-PB1,819,1,4420,0,0,4421,T
2-PB1,820,1,8,4358,0,4367,G
2-PB1,821,1,5,4401,0,4407,G
2-PB1,822,0,9,4415,0,4424,G
2-PB1,823,1,1,4422,0,4424,G
2-PB1,824,1,0,4439,0,4440,G
2-PB1,825,0,4381,0,0,4381,T
2-PB1,826,4400,1,0,0,4401,A
2-PB1,827,4423,0,0,0,4423,A
2-PB1,828,1,4428,0,0,4429,T
2-PB1,829,0,6,4434,0,4440,G
2-PB1,830,4404,0,0,0,4404,A
2-PB1,831,4365,0,1,0,4366,A
2-PB1,832,4377,0,2,0,4379,A
2-PB1,833,4345,0,1,1,4347,A
2-PB1,834,1,0,4344,0,4345,G
2-PB1,835,4322,0,1,0,4323,A
2-PB1,836,4282,0,6,0,4288,A
2-PB1,837,2,2,4274,0,4278,G
2-PB1,838,2,2,4235,0,4239,G
2-PB1,839,0,1,0,4251,4252,C
2-PB1,840,2,1,0,4250,4253,C
2-PB1,841,4260,0,6,0,4266,A
2-PB1,842,4260,0,4,0,4264,A
2-PB1,843,4257,0,1,0,4258,A
2-PB1,844,1,0,0,4267,4268,C
2-PB1,845,0,4256,0,1,4257,T
2-PB1,846,1,3,4301,0,4305,G
2-PB1,847,2,0,4290,0,4292,G
2-PB1,848,0,0,0,4311,4311,C
2-PB1,849,4322,0,0,0,4322,A
2-PB1,850,4303,0,0,1,4304,A
2-PB1,851,4312,0,0,0,4312,A
2-PB1,852,0,4317,0,0,4317,T
2-PB1,853,1,0,4330,0,4331,G
2-PB1,854,0,4288,0,0,4288,T
2-PB1,855,0,4241,0,0,4241,T
2-PB1,856,0,0,4244,0,4244,G
2-PB1,857,1,4216,1,4,4222,T
2-PB1,858,1,2,4230,0,4233,G
2-PB1,859,4235,0,1,0,4236,A
2-PB1,860,0,2,4234,0,4236,G
2-PB1,861,4234,1,1,0,4236,A
2-PB1,862,4212,0,0,0,4212,A
2-PB1,863,4209,0,0,1,4210,A
2-PB1,864,4216,0,0,0,4216,A
2-PB1,865,4237,0,0,0,4237,A
2-PB1,866,0,4227,0,1,4228,T
2-PB1,867,0,3,4225,0,4228,G
2-PB1,868,4219,0,3,1,4223,A
2-PB1,869,2,4187,0,1,4190,T
2-PB1,870,0,1,4208,0,4209,G
2-PB1,871,4209,0,2,0,4211,A
2-PB1,872,0,1,0,4236,4237,C
2-PB1,873,0,4227,0,1,4228,T
2-PB1,874,4239,0,0,0,4239,A
2-PB1,875,4275,1,2,1,4279,A
2-PB1,876,1,4251,1,2,4255,T
2-PB1,877,0,4282,0,3,4285,T
2-PB1,878,5,0,0,4330,4335,C
2-PB1,879,4323,1,3,0,4327,A
2-PB1,880,0,0,0,4344,4344,C
2-PB1,881,4286,0,1,0,4287,A
2-PB1,882,4269,1,7,1,4278,A
2-PB1,883,0,1,4271,0,4272,G
2-PB1,884,4312,0,4,0,4316,A
2-PB1,885,2,0,0,4315,4317,C
2-PB1,886,4285,0,3,0,4288,A
2-PB1,887,1,0,0,4291,4292,C
2-PB1,888,4261,0,3,2,4266,A
2-PB1,889,0,2,4275,0,4277,G
2-PB1,890,4252,0,4,0,4256,A
2-PB1,891,0,1,4262,0,4263,G
2-PB1,892,0,1,0,4232,4233,C
2-PB1,893,0,4160,0,8,4168,T
2-PB1,894,0,4211,0,2,4213,T
2-PB1,895,0,4203,0,2,4205,T
2-PB1,896,4,0,0,4225,4229,C
2-PB1,897,0,4221,0,6,4227,T
2-PB1,898,0,4221,0,0,4221,T
2-PB1,899,0,4224,0,4,4228,T
2-PB1,900,0,1,0,4233,4234,C
2-PB1,901,4211,0,3,0,4214,A
2-PB1,902,2,1,0,4241,4244,C
2-PB1,903,4197,0,0,0,4197,A
2-PB1,904,4207,0,0,0,4207,A
2-PB1,905,0,4248,0,1,4249,T
2-PB1,906,2,0,0,4292,4294,C
2-PB1,907,4285,0,1,0,4286,A
2-PB1,908,0,0,0,4354,4354,C
2-PB1,909,0,4314,0,0,4314,T
2-PB1,910,0,5,4347,1,4353,G
2-PB1,911,2,1,4292,0,4295,G
2-PB1,912,0,3,4390,0,4393,G
2-PB1,913,0,4,4386,0,4390,G
2-PB1,914,4315,2,3,0,4320,A
2-PB1,915,1,2,0,4183,4186,C
2-PB1,916,4207,0,5,0,4212,A
2-PB1,917,4400,0,3,0,4403,A
2-PB1,918,0,0,0,4447,4447,C
2-PB1,919,4400,1,3,0,4404,A
2-PB1,920,0,0,0,4438,4438,C
2-PB1,921,0,4245,0,3,4248,T
2-PB1,922,4261,0,0,0,4261,A
2-PB1,923,4254,0,1,0,4255,A
2-PB1,924,40,0,4230,0,4270,G
2-PB1,925,0,4238,0,1,4239,T
2-PB1,926,0,3,3982,0,3985,G
2-PB1,927,0,3,3947,1,3951,G
2-PB1,928,3932,0,4,0,3936,A
2-PB1,929,3936,0,5,0,3941,A
2-PB1,930,0,3936,0,1,3937,T
2-PB1,931,0,3,3932,0,3935,G
2-PB1,932,3934,0,1,0,3935,A
2-PB1,933,3876,0,2,0,3878,A
2-PB1,934,3899,0,4,0,3903,A
2-PB1,935,3917,1,1,0,3919,A
2-PB1,936,0,3870,0,1,3871,T
2-PB1,937,1,0,0,3921,3922,C
2-PB1,938,3914,0,0,0,3914,A
2-PB1,939,3907,0,0,0,3907,A
2-PB1,940,3894,1,1,0,3896,A
2-PB1,941,3867,0,2,0,3869,A
2-PB1,942,1,1,0,3904,3906,C
2-PB1,943,2,0,0,3896,3898,C
2-PB1,944,6,0,0,3886,3892,C
2-PB1,945,1,3862,0,7,3870,T
2-PB1,946,1,1,0,3896,3898,C
2-PB1,947,1,1,3894,0,3896,G
2-PB1,948,3876,0,1,0,3877,A
2-PB1,949,3889,0,1,0,3890,A
2-PB1,950,0,3892,0,1,3893,T
2-PB1,951,0,0,3902,0,3902,G
2-PB1,952,0,3875,1,1,3877,T
2-PB1,953,0,3854,0,1,3855,T
2-PB1,954,0,3875,0,0,3875,T
2-PB1,955,0,3875,0,0,3875,T
2-PB1,956,0,3884,0,0,3884,T
2-PB1,957,1,2,3860,0,3863,G
2-PB1,958,1,0,3845,0,3846,G
2-PB1,959,0,3,0,3846,3849,C
2-PB1,960,1,0,3833,0,3834,G
2-PB1,961,3811,0,12,0,3823,A
2-PB1,962,0,3934,0,1,3935,T
2-PB1,963,0,9,4052,1,4062,G
2-PB1,964,4270,0,2,0,4272,A
2-PB1,965,0,4289,0,1,4290,T
2-PB1,966,0,4305,0,1,4306,T
2-PB1,967,4332,0,0,0,4332,A
2-PB1,968,0,0,0,4322,4322,C
2-PB1,969,4348,0,2,0,4350,A
2-PB1,970,0,4325,0,0,4325,T
2-PB1,971,4131,0,0,0,4131,A
2-PB1,972,0,0,0,4132,4132,C
2-PB1,973,3803,0,0,0,3803,A
2-PB1,974,0,3798,1,0,3799,T
2-PB1,975,1,1,0,3797,3799,C
2-PB1,976,3784,0,2,0,3786,A
2-PB1,977,0,0,0,3800,3800,C
2-PB1,978,3779,0,4,0,3783,A
2-PB1,979,3782,0,0,0,3782,A
2-PB1,980,3778,0,0,0,3778,A
2-PB1,981,0,0,3676,0,3676,G
2-PB1,982,3832,0,2,0,3834,A
2-PB1,983,3831,0,1,0,3832,A
2-PB1,984,1,3801,1,2,3805,T
2-PB1,985,2,1,0,3838,3841,C
2-PB1,986,3877,0,2,0,3879,A
2-PB1,987,3878,0,2,1,3881,A
2-PB1,988,1,0,0,3903,3904,C
2-PB1,989,2,0,0,3908,3910,C
2-PB1,990,0,3746,0,3,3749,T
2-PB1,991,1,3,3769,0,3773,G
2-PB1,992,3758,1,1,1,3761,A
2-PB1,993,0,0,3760,0,3760,G
2-PB1,994,0,3742,0,2,3744,T
2-PB1,995,2,1,3677,0,3680,G
2-PB1,996,1,0,3845,0,3846,G
2-PB1,997,1,3837,0,0,3838,T
2-PB1,998,1,3816,2,2,3821,T
2-PB1,999,3,0,0,3836,3839,C
2-PB1,1000,3808,1,3,0,3812,A
2-PB1,1001,0,5,3872,1,3878,G
2-PB1,1002,3867,0,0,0,3867,A
2-PB1,1003,3876,0,1,1,3878,A
2-PB1,1004,3835,0,0,1,3836,A
2-PB1,1005,0,2,0,3515,3517,C
2-PB1,1006,3553,1,0,0,3554,A
2-PB1,1007,0,3519,1,2,3522,T
2-PB1,1008,1,0,0,3577,3578,C
2-PB1,1009,2,1,0,3590,3593,C
2-PB1,1010,0,3501,2,6,3509,T
2-PB1,1011,0,5,3507,0,3512,G
2-PB1,1012,3495,1,6,1,3503,A
2-PB1,1013,0,1,3514,0,3515,G
2-PB1,1014,0,1,0,3519,3520,C
2-PB1,1015,3414,0,1,0,3415,A
2-PB1,1016,0,3405,0,1,3406,T
2-PB1,1017,2,2,0,3372,3376,C
2-PB1,1018,0,1,3390,0,3391,G
2-PB1,1019,0,0,0,3508,3508,C
2-PB1,1020,3503,0,1,0,3504,A
2-PB1,1021,1,0,0,3585,3586,C
2-PB1,1022,5,0,0,3595,3600,C
2-PB1,1023,3609,0,1,0,3610,A
2-PB1,1024,3650,0,0,0,3650,A
2-PB1,1025,1,3643,0,3,3647,T
2-PB1,1026,3647,0,0,0,3647,A
2-PB1,1027,3638,0,0,0,3638,A
2-PB1,1028,1,3525,0,0,3526,T
2-PB1,1029,2,0,3543,0,3545,G
2-PB1,1030,0,3465,0,2,3467,T
2-PB1,1031,1,3422,0,10,3433,T
2-PB1,1032,2,0,0,3458,3460,C
2-PB1,1033,1,3452,1,3,3457,T
2-PB1,1034,1,0,1,3458,3460,C
2-PB1,1035,3472,0,0,0,3472,A
2-PB1,1036,3463,2,1,1,3467,A
2-PB1,1037,3464,0,1,0,3465,A
2-PB1,1038,0,0,0,3476,3476,C
2-PB1,1039,3470,0,2,0,3472,A
2-PB1,1040,3469,0,0,0,3469,A
2-PB1,1041,3461,0,1,0,3462,A
2-PB1,1042,3474,1,0,0,3475,A
2-PB1,1043,0,3504,0,2,3506,T
2-PB1,1044,0,0,3506,0,3506,G
2-PB1,1045,2,0,3480,0,3482,G
2-PB1,1046,0,0,0,3508,3508,C
2-PB1,1047,3497,0,5,0,3502,A
2-PB1,1048,3489,1,9,1,3500,A
2-PB1,1049,0,1,3546,0,3547,G
2-PB1,1050,3530,0,2,0,3532,A
2-PB1,1051,0,1,1,3534,3536,C
2-PB1,1052,0,3512,0,1,3513,T
2-PB1,1053,2,2,3546,0,3550,G
2-PB1,1054,0,2,3532,0,3534,G
2-PB1,1055,0,1,3550,0,3551,G
2-PB1,1056,3547,0,1,0,3548,A
2-PB1,1057,3560,0,0,0,3560,A
2-PB1,1058,3548,0,0,0,3548,A
2-PB1,1059,3536,0,5,0,3541,A
2-PB1,1060,0,6,3619,0,3625,G
2-PB1,1061,0,2,3618,1,3621,G
2-PB1,1062,3608,0,4,0,3612,A
2-PB1,1063,0,3591,0,1,3592,T
2-PB1,1064,3606,0,2,0,3608,A
2-PB1,1065,1,1,0,3617,3619,C
2-PB1,1066,3650,0,1,0,3651,A
2-PB1,1067,0,3630,0,0,3630,T
2-PB1,1068,0,0,3661,0,3661,G
2-PB1,1069,0,3596,0,1,3597,T
2-PB1,1070,0,3587,3,0,3590,T
2-PB1,1071,0,0,1,3608,3609,C
2-PB1,1072,3,4,3605,0,3612,G
2-PB1,1073,3592,0,2,0,3594,A
2-PB1,1074,0,0,3652,0,3652,G
2-PB1,1075,3595,0,3,0,3598,A
2-PB1,1076,1,0,3634,0,3635,G
2-PB1,1077,1,3602,0,0,3603,T
2-PB1,1078,3609,1,1,0,3611,A
2-PB1,1079,3614,1,4,0,3619,A
2-PB1,1080,1,5,3631,0,3637,G
2-PB1,1081,3628,0,3,0,3631,A
2-PB1,1082,0,1,3660,0,3661,G
2-PB1,1083,3592,0,0,0,3592,A
2-PB1,1084,3602,0,0,0,3602,A
2-PB1,1085,1,3573,0,0,3574,T
2-PB1,1086,0,2,3579,0,3581,G
2-PB1,1087,3569,0,6,0,3575,A
2-PB1,1088,3546,1,5,0,3552,A
2-PB1,1089,0,0,3565,0,3565,G
2-PB1,1090,0,2,0,3540,3542,C
2-PB1,1091,0,3480,0,3,3483,T
2-PB1,1092,5,1,0,3521,3527,C
2-PB1,1093,3,2,0,3537,3542,C
2-PB1,1094,2,2,3526,0,3530,G
2-PB1,1095,1,1,3539,0,3541,G
2-PB1,1096,3549,0,0,0,3549,A
2-PB1,1097,0,1,0,3597,3598,C
2-PB1,1098,3591,1,0,0,3592,A
2-PB1,1099,1,1,0,3644,3646,C
2-PB1,1100,3643,0,1,0,3644,A
2-PB1,1101,3640,0,5,0,3645,A
2-PB1,1102,3634,1,3,0,3638,A
2-PB1,1103,0,3630,0,0,3630,T
2-PB1,1104,3616,0,4,0,3620,A
2-PB1,1105,1,0,0,3634,3635,C
2-PB1,1106,3,0,0,3619,3622,C
2-PB1,1107,0,3597,1,5,3603,T
2-PB1,1108,2,0,3632,0,3634,G
2-PB1,1109,0,1,0,3617,3618,C
2-PB1,1110,3625,1,2,0,3628,A
2-PB1,1111,0,1,3636,0,3637,G
2-PB1,1112,3619,0,1,1,3621,A
2-PB1,1113,3622,0,0,0,3622,A
2-PB1,1114,3623,0,1,0,3624,A
2-PB1,1115,0,3617,0,0,3617,T
2-PB1,1116,2,1,3634,0,3637,G
2-PB1,1117,1,2,0,3613,3616,C
2-PB1,1118,0,3620,0,4,3624,T
2-PB1,1119,3682,0,2,0,3684,A
2-PB1,1120,0,0,3674,0,3674,G
2-PB1,1121,0,2,0,3660,3662,C
2-PB1,1122,3677,0,0,0,3677,A
2-PB1,1123,3667,1,3,0,3671,A
2-PB1,1124,1,1,3655,0,3657,G
2-PB1,1125,1,1,0,3638,3640,C
2-PB1,1126,3602,0,0,0,3602,A
2-PB1,1127,0,3651,0,1,3652,T
2-PB1,1128,0,3654,0,0,3654,T
2-PB1,1129,0,1,3748,0,3749,G
2-PB1,1130,3769,0,4,0,3773,A
2-PB1,1131,0,0,0,3758,3758,C
2-PB1,1132,6,1,1,3780,3788,C
2-PB1,1133,0,3717,0,4,3721,T
2-PB1,1134,0,3,3784,0,3787,G
2-PB1,1135,3789,1,2,0,3792,A
2-PB1,1136,3796,1,1,1,3799,A
2-PB1,1137,0,1,3841,0,3842,G
2-PB1,1138,0,3735,0,1,3736,T
2-PB1,1139,3765,0,0,0,3765,A
2-PB1,1140,1,3751,0,2,3754,T
2-PB1,1141,0,3750,0,3,3753,T
2-PB1,1142,1,3744,1,1,3747,T
2-PB1,1143,2,1,0,3724,3727,C
2-PB1,1144,3724,0,0,1,3725,A
2-PB1,1145,3724,0,0,0,3724,A
2-PB1,1146,1,3683,0,2,3686,T
2-PB1,1147,0,6,3688,0,3694,G
2-PB1,1148,3682,0,1,0,3683,A
2-PB1,1149,3679,0,1,0,3680,A
2-PB1,1150,0,3659,0,2,3661,T
2-PB1,1151,3,0,0,3696,3699,C
2-PB1,1152,3697,0,1,0,3698,A
2-PB1,1153,3708,0,3,0,3711,A
2-PB1,1154,0,0,0,3710,3710,C
2-PB1,1155,3700,0,4,0,3704,A
2-PB1,1156,3690,0,1,0,3691,A
2-PB1,1157,26,3,3670,0,3699,G
2-PB1,1158,0,4,3708,0,3712,G
2-PB1,1159,3697,0,2,0,3699,A
2-PB1,1160,3697,0,3,0,3700,A
2-PB1,1161,0,1,3709,0,3710,G
2-PB1,1162,3692,0,3,0,3695,A
2-PB1,1163,3700,0,0,0,3700,A
2-PB1,1164,3702,0,1,1,3704,A
2-PB1,1165,3698,0,3,0,3701,A
2-PB1,1166,0,3695,0,0,3695,T
2-PB1,1167,0,3669,0,2,3671,T
2-PB1,1168,0,7,3672,0,3679,G
2-PB1,1169,3670,0,4,0,3674,A
2-PB1,1170,0,2,3672,0,3674,G
2-PB1,1171,3672,0,1,0,3673,A
2-PB1,1172,3702,0,1,0,3703,A
2-PB1,1173,3750,0,1,0,3751,A
2-PB1,1174,3760,0,0,0,3760,A
2-PB1,1175,0,3758,0,0,3758,T
2-PB1,1176,3760,1,0,0,3761,A
2-PB1,1177,3753,1,3,0,3757,A
2-PB1,1178,46,4,3712,0,3762,G
2-PB1,1179,0,1,3740,0,3741,G
2-PB1,1180,2,0,0,3727,3729,C
2-PB1,1181,3,0,0,3729,3732,C
2-PB1,1182,0,3698,0,3,3701,T
2-PB1,1183,0,0,0,4108,4108,C
2-PB1,1184,0,4159,0,0,4159,T
2-PB1,1185,0,4176,0,1,4177,T
2-PB1,1186,6,0,0,4248,4254,C
2-PB1,1187,0,4250,0,1,4251,T
2-PB1,1188,4262,0,0,0,4262,A
2-PB1,1189,4262,0,1,0,4263,A
2-PB1,1190,0,4243,0,0,4243,T
2-PB1,1191,4286,0,0,0,4286,A
2-PB1,1192,0,3,4211,0,4214,G
2-PB1,1193,3896,0,1,0,3897,A
2-PB1,1194,0,3893,1,3,3897,T
2-PB1,1195,1,3,3830,0,3834,G
2-PB1,1196,0,3,3859,0,3862,G
2-PB1,1197,0,0,0,3864,3864,C
2-PB1,1198,3863,2,1,0,3866,A
2-PB1,1199,0,0,0,3886,3886,C
2-PB1,1200,3822,0,1,1,3824,A
2-PB1,1201,2,1,3950,0,3953,G
2-PB1,1202,1,0,0,3946,3947,C
2-PB1,1203,3955,0,1,0,3956,A
2-PB1,1204,0,4022,0,1,4023,T
2-PB1,1205,4,0,0,3979,3983,C
2-PB1,1206,4024,1,0,0,4025,A
2-PB1,1207,0,4012,0,1,4013,T
2-PB1,1208,0,4002,0,2,4004,T
2-PB1,1209,0,1,3996,0,3997,G
2-PB1,1210,3865,0,6,0,3871,A
2-PB1,1211,0,2,3973,0,3975,G
2-PB1,1212,0,4,0,3955,3959,C
2-PB1,1213,2,1,0,3912,3915,C
2-PB1,1214,7,2,0,3968,3977,C
2-PB1,1215,2,3936,1,6,3945,T
2-PB1,1216,0,2,4207,0,4209,G
2-PB1,1217,2,1,4271,0,4274,G
2-PB1,1218,4237,0,8,0,4245,A
2-PB1,1219,4378,0,1,0,4379,A
2-PB1,1220,0,4268,0,1,4269,T
2-PB1,1221,0,1,4373,0,4374,G
2-PB1,1222,4423,0,5,0,4428,A
2-PB1,1223,0,4474,0,0,4474,T
2-PB1,1224,0,4,4485,0,4489,G
2-PB1,1225,4450,0,2,0,4452,A
2-PB1,1226,0,4409,0,0,4409,T
2-PB1,1227,2,9,4392,0,4403,G
2-PB1,1228,1,0,4432,0,4433,G
2-PB1,1229,1,0,4435,0,4436,G
2-PB1,1230,0,0,0,4411,4411,C
2-PB1,1231,4415,0,6,0,4421,A
2-PB1,1232,0,4476,1,1,4478,T
2-PB1,1233,1,1,4611,0,4613,G
2-PB1,1234,0,4598,0,7,4605,T
2-PB1,1235,0,4628,1,0,4629,T
2-PB1,1236,1,2,0,4635,4638,C
2-PB1,1237,4619,0,7,0,4626,A
2-PB1,1238,4642,0,3,0,4645,A
2-PB1,1239,1,6,0,4646,4653,C
2-PB1,1240,4670,0,0,0,4670,A
2-PB1,1241,0,4674,0,0,4674,T
2-PB1,1242,1,1,4713,0,4715,G
2-PB1,1243,1,4,0,4692,4697,C
2-PB1,1244,0,4716,0,0,4716,T
2-PB1,1245,4755,0,4,0,4759,A
2-PB1,1246,4748,0,1,0,4749,A
2-PB1,1247,0,0,4865,0,4865,G
2-PB1,1248,0,4849,0,4,4853,T
2-PB1,1249,4818,0,4,0,4822,A
2-PB1,1250,0,1,0,4893,4894,C
2-PB1,1251,1,3,4872,3,4879,G
2-PB1,1252,1,2,5128,0,5131,G
2-PB1,1253,0,5085,0,1,5086,T
2-PB1,1254,0,5084,0,3,5087,T
2-PB1,1255,0,5120,0,0,5120,T
2-PB1,1256,0,5099,0,1,5100,T
2-PB1,1257,5105,0,8,1,5114,A
2-PB1,1258,1,3,5095,0,5099,G
2-PB1,1259,0,2,5084,0,5086,G
2-PB1,1260,5030,0,3,4,5037,A
2-PB1,1261,0,0,5008,0,5008,G
2-PB1,1262,0,5011,0,6,5017,T
2-PB1,1263,2,0,0,5048,5050,C
2-PB1,1264,2,5058,0,1,5061,T
2-PB1,1265,4,2,0,5070,5076,C
2-PB1,1266,3,6,5079,4,5092,G
2-PB1,1267,5230,1,0,0,5231,A
2-PB1,1268,0,5257,0,1,5258,T
2-PB1,1269,5277,3,2,0,5282,A
2-PB1,1270,0,1,0,5286,5287,C
2-PB1,1271,0,5239,2,5,5246,T
2-PB1,1272,4,5,5244,0,5253,G
2-PB1,1273,5216,0,30,0,5246,A
2-PB1,1274,5298,0,0,0,5298,A
2-PB1,1275,0,5301,0,0,5301,T
2-PB1,1276,0,0,0,5233,5233,C
2-PB1,1277,1,5228,0,2,5231,T
2-PB1,1278,0,5222,1,1,5224,T
2-PB1,1279,0,3,5216,0,5219,G
2-PB1,1280,1,3,5202,1,5207,G
2-PB1,1281,5166,0,13,0,5179,A
2-PB1,1282,0,1,0,5220,5221,C
2-PB1,1283,5170,0,0,0,5170,A
2-PB1,1284,5193,0,1,0,5194,A
2-PB1,1285,5211,0,0,0,5211,A
2-PB1,1286,5212,0,6,0,5218,A
2-PB1,1287,18,3,5277,0,5298,G
2-PB1,1288,5300,0,4,0,5304,A
2-PB1,1289,5299,1,5,0,5305,A
2-PB1,1290,5308,1,5,1,5315,A
2-PB1,1291,0,5290,0,1,5291,T
2-PB1,1292,5289,0,4,1,5294,A
2-PB1,1293,1,0,0,5463,5464,C
2-PB1,1294,5422,0,3,0,5425,A
2-PB1,1295,0,1,0,5655,5656,C
2-PB1,1296,5,0,0,5603,5608,C
2-PB1,1297,5614,0,4,0,5618,A
2-PB1,1298,5680,0,0,0,5680,A
2-PB1,1299,502,0,5304,0,5806,G
2-PB1,1300,5859,1,4,0,5864,A
2-PB1,1301,0,0,0,5931,5931,C
2-PB1,1302,5837,2,2,0,5841,A
2-PB1,1303,5976,2,8,0,5986,A
2-PB1,1304,0,0,0,5952,5952,C
2-PB1,1305,5970,2,0,0,5972,A
2-PB1,1306,1,5987,0,0,5988,T
2-PB1,1307,5945,0,2,0,5947,A
2-PB1,1308,0,0,0,6047,6047,C
2-PB1,1309,0,5889,0,5,5894,T
2-PB1,1310,0,3,6004,0,6007,G
2-PB1,1311,0,0,5983,0,5983,G
2-PB1,1312,0,5844,0,2,5846,T
2-PB1,1313,4,12,5852,0,5868,G
2-PB1,1314,2,3,5812,0,5817,G
2-PB1,1315,1,2,5838,0,5841,G
2-PB1,1316,5814,2,3,1,5820,A
2-PB1,1317,0,5744,0,1,5745,T
2-PB1,1318,1,5,5742,0,5748,G
2-PB1,1319,1,2,5734,0,5737,G
2-PB1,1320,3,2,5719,14,5738,G
2-PB1,1321,2,1,0,5804,5807,C
2-PB1,1322,0,5804,0,7,5811,T
2-PB1,1323,2,2,0,5835,5839,C
2-PB1,1324,2,0,0,5843,5845,C
2-PB1,1325,5853,0,2,0,5855,A
2-PB1,1326,5841,0,0,0,5841,A
2-PB1,1327,0,5804,0,1,5805,T
2-PB1,1328,2,1,1,5760,5764,C
2-PB1,1329,4,0,2,5730,5736,C
2-PB1,1330,0,5669,0,7,5676,T
2-PB1,1331,0,0,0,5682,5682,C
2-PB1,1332,2,3,0,5676,5681,C
2-PB1,1333,2,4,5685,0,5691,G
2-PB1,1334,5679,0,1,0,5680,A
2-PB1,1335,2,3,0,5677,5682,C
2-PB1,1336,5,3,5668,0,5676,G
2-PB1,1337,5692,0,0,0,5692,A
2-PB1,1338,0,5700,0,1,5701,T
2-PB1,1339,0,5703,1,1,5705,T
2-PB1,1340,0,5703,0,0,5703,T
2-PB1,1341,0,5709,1,1,5711,T
2-PB1,1342,1,1,5717,0,5719,G
2-PB1,1343,1,3,2,5705,5711,C
2-PB1,1344,3,5,0,5709,5717,C
2-PB1,1345,14,4,0,5886,5904,C
2-PB1,1346,0,5871,0,6,5877,T
2-PB1,1347,2,1,2,6095,6100,C
2-PB1,1348,6130,0,1,0,6131,A
2-PB1,1349,0,6151,0,0,6151,T
2-PB1,1350,6146,3,4,0,6153,A
2-PB1,1351,0,2,6196,0,6198,G
2-PB1,1352,0,6122,0,1,6123,T
2-PB1,1353,1,2,6153,1,6157,G
2-PB1,1354,6005,0,3,0,6008,A
2-PB1,1355,6005,1,2,0,6008,A
2-PB1,1356,2,5809,0,2,5813,T
2-PB1,1357,1,3,5796,1,5801,G
2-PB1,1358,0,0,1,5834,5835,C
2-PB1,1359,5821,0,1,0,5822,A
2-PB1,1360,0,1,1,5864,5866,C
2-PB1,1361,3,1,1,5812,5817,C
2-PB1,1362,5792,0,0,2,5794,A
2-PB1,1363,5781,0,0,0,5781,A
2-PB1,1364,5768,0,0,0,5768,A
2-PB1,1365,0,5682,0,3,5685,T
2-PB1,1366,3,1,0,5862,5866,C
2-PB1,1367,5859,1,4,0,5864,A
2-PB1,1368,0,5875,0,2,5877,T
2-PB1,1369,0,2,5877,1,5880,G
2-PB1,1370,5887,1,10,1,5899,A
2-PB1,1371,1,7,5931,0,5939,G
2-PB1,1372,0,2,5919,0,5921,G
2-PB1,1373,6,5,5935,0,5946,G
2-PB1,1374,5912,0,11,1,5924,A
2-PB1,1375,6025,0,3,0,6028,A
2-PB1,1376,0,6042,0,0,6042,T
2-PB1,1377,6042,1,1,0,6044,A
2-PB1,1378,0,2,0,6058,6060,C
2-PB1,1379,6100,0,1,0,6101,A
2-PB1,1380,6078,0,5,0,6083,A
2-PB1,1381,0,0,6046,0,6046,G
2-PB1,1382,0,0,0,6035,6035,C
2-PB1,1383,5999,0,5,0,6004,A
2-PB1,1384,0,3,6053,0,6056,G
2-PB1,1385,0,3,6053,0,6056,G
2-PB1,1386,6018,0,7,0,6025,A
2-PB1,1387,1,2,6079,0,6082,G
2-PB1,1388,0,5980,0,0,5980,T
2-PB1,1389,0,5,6060,1,6066,G
2-PB1,1390,0,1,6078,0,6079,G
2-PB1,1391,6066,0,8,0,6074,A
2-PB1,1392,0,6071,0,0,6071,T
2-PB1,1393,6011,0,1,0,6012,A
2-PB1,1394,0,2,6052,0,6054,G
2-PB1,1395,6103,1,1,1,6106,A
2-PB1,1396,0,6097,0,2,6099,T
2-PB1,1397,1,6071,0,2,6074,T
2-PB1,1398,8,2,0,6245,6255,C
2-PB1,1399,0,6223,0,1,6224,T
2-PB1,1400,6234,1,0,0,6235,A
2-PB1,1401,0,13,1,6206,6220,C
2-PB1,1402,6134,1,3,0,6138,A
2-PB1,1403,2,2,6136,0,6140,G
2-PB1,1404,1,6,6044,0,6051,G
2-PB1,1405,6092,0,3,0,6095,A
2-PB1,1406,2,1,0,6073,6076,C
2-PB1,1407,4,0,0,5977,5981,C
2-PB1,1408,4,5928,0,10,5942,T
2-PB1,1409,1,1,5949,0,5951,G
2-PB1,1410,0,4,0,5961,5965,C
2-PB1,1411,5978,0,2,0,5980,A
2-PB1,1412,5986,0,5,0,5991,A
2-PB1,1413,0,0,6012,0,6012,G
2-PB1,1414,0,5924,1,0,5925,T
2-PB1,1415,0,5939,0,1,5940,T
2-PB1,1416,5887,0,3,0,5890,A
2-PB1,1417,1,1,5885,0,5887,G
2-PB1,1418,0,5856,0,6,5862,T
2-PB1,1419,2,4,5860,0,5866,G
2-PB1,1420,1,3,5861,0,5865,G
2-PB1,1421,1,2,5870,0,5873,G
2-PB1,1422,5831,0,7,0,5838,A
2-PB1,1423,5878,0,1,0,5879,A
2-PB1,1424,0,5878,0,1,5879,T
2-PB1,1425,2,0,0,5875,5877,C
2-PB1,1426,5869,0,6,0,5875,A
2-PB1,1427,5884,1,6,0,5891,A
2-PB1,1428,0,2,0,5870,5872,C
2-PB1,1429,5876,0,1,0,5877,A
2-PB1,1430,0,5782,0,1,5783,T
2-PB1,1431,2,7,5791,0,5800,G
2-PB1,1432,5787,0,6,1,5794,A
2-PB1,1433,1,0,5833,1,5835,G
2-PB1,1434,1,2,0,5808,5811,C
2-PB1,1435,5817,0,1,2,5820,A
2-PB1,1436,5814,0,3,1,5818,A
2-PB1,1437,5816,0,1,3,5820,A
2-PB1,1438,5866,0,0,1,5867,A
2-PB1,1439,5864,0,1,1,5866,A
2-PB1,1440,1,3,5846,0,5850,G
2-PB1,1441,5818,0,3,0,5821,A
2-PB1,1442,5768,0,9,1,5778,A
2-PB1,1443,0,1,5933,0,5934,G
2-PB1,1444,1,5916,0,1,5918,T
2-PB1,1445,3,0,0,5917,5920,C
2-PB1,1446,6,0,0,5956,5962,C
2-PB1,1447,2,5944,0,6,5952,T
2-PB1,1448,6015,0,2,1,6018,A
2-PB1,1449,0,6013,0,0,6013,T
2-PB1,1450,6019,1,1,1,6022,A
2-PB1,1451,0,6020,0,2,6022,T
2-PB1,1452,5918,0,3,1,5922,A
2-PB1,1453,5918,0,0,2,5920,A
2-PB1,1454,5908,0,1,0,5909,A
2-PB1,1455,1,5902,0,0,5903,T
2-PB1,1456,5851,0,1,0,5852,A
2-PB1,1457,5827,0,0,0,5827,A
2-PB1,1458,5862,0,0,1,5863,A
2-PB1,1459,5852,0,4,5,5861,A
2-PB1,1460,1,2,0,5863,5866,C
2-PB1,1461,5656,1,0,1,5658,A
2-PB1,1462,0,7,5661,0,5668,G
2-PB1,1463,1,4,5639,0,5644,G
2-PB1,1464,0,1,5645,0,5646,G
2-PB1,1465,5597,1,6,0,5604,A
2-PB1,1466,0,1,0,5639,5640,C
2-PB1,1467,5619,0,0,1,5620,A
2-PB1,1468,0,5651,0,0,5651,T
2-PB1,1469,0,5660,0,2,5662,T
2-PB1,1470,0,5667,0,3,5670,T
2-PB1,1471,0,6,5650,0,5656,G
2-PB1,1472,5615,0,1,0,5616,A
2-PB1,1473,5631,0,1,0,5632,A
2-PB1,1474,0,5623,0,0,5623,T
2-PB1,1475,0,5543,0,0,5543,T
2-PB1,1476,8,0,0,5559,5567,C
2-PB1,1477,5481,0,1,0,5482,A
2-PB1,1478,0,0,1,5528,5529,C
2-PB1,1479,0,5526,0,2,5528,T
2-PB1,1480,5533,0,0,0,5533,A
2-PB1,1481,2,0,5517,0,5519,G
2-PB1,1482,0,2,0,5496,5498,C
2-PB1,1483,0,5444,0,7,5451,T
2-PB1,1484,0,5535,0,0,5535,T
2-PB1,1485,0,5522,0,0,5522,T
2-PB1,1486,1,5511,0,2,5514,T
2-PB1,1487,0,5528,0,4,5532,T
2-PB1,1488,0,5536,0,1,5537,T
2-PB1,1489,0,5510,0,2,5512,T
2-PB1,1490,5499,0,0,0,5499,A
2-PB1,1491,0,5447,0,0,5447,T
2-PB1,1492,3,1,0,5501,5505,C
2-PB1,1493,0,2,5528,0,5530,G
2-PB1,1494,5667,0,1,0,5668,A
2-PB1,1495,0,5677,0,0,5677,T
2-PB1,1496,5644,1,32,0,5677,A
2-PB1,1497,0,5718,0,2,5720,T
2-PB1,1498,1,6,5697,0,5704,G
2-PB1,1499,1,3,5692,0,5696,G
2-PB1,1500,5698,0,6,0,5704,A
2-PB1,1501,1,5659,0,0,5660,T
2-PB1,1502,1,5609,0,1,5611,T
2-PB1,1503,1,5469,0,2,5472,T
2-PB1,1504,1,0,5478,0,5479,G
2-PB1,1505,0,5446,0,1,5447,T
2-PB1,1506,0,6,5458,0,5464,G
2-PB1,1507,0,1,5443,0,5444,G
2-PB1,1508,0,1,0,5372,5373,C
2-PB1,1509,0,5430,0,1,5431,T
2-PB1,1510,5441,0,1,0,5442,A
2-PB1,1511,5461,0,1,0,5462,A
2-PB1,1512,0,5484,0,1,5485,T
2-PB1,1513,0,5510,0,0,5510,T
2-PB1,1514,0,5506,0,0,5506,T
2-PB1,1515,0,5504,0,0,5504,T
2-PB1,1516,5505,0,3,0,5508,A
2-PB1,1517,1,2,5516,0,5519,G
2-PB1,1518,0,3,0,5527,5530,C
2-PB1,1519,5510,0,0,0,5510,A
2-PB1,1520,0,5471,0,4,5475,T
2-PB1,1521,0,4,5420,0,5424,G
2-PB1,1522,1,3,5476,1,5481,G
2-PB1,1523,5461,0,2,0,5463,A
2-PB1,1524,1,0,5446,0,5447,G
2-PB1,1525,0,4,0,5425,5429,C
2-PB1,1526,0,5406,1,1,5408,T
2-PB1,1527,5,0,5411,0,5416,G
2-PB1,1528,0,7,0,5366,5373,C
2-PB1,1529,6,0,1,5369,5376,C
2-PB1,1530,4,2,0,5423,5429,C
2-PB1,1531,5321,0,4,0,5325,A
2-PB1,1532,1,0,5578,0,5579,G
2-PB1,1533,0,5573,1,3,5577,T
2-PB1,1534,0,5579,0,0,5579,T
2-PB1,1535,0,5566,0,1,5567,T
2-PB1,1536,0,5513,0,2,5515,T
2-PB1,1537,0,3,5507,0,5510,G
2-PB1,1538,0,4,5497,0,5501,G
2-PB1,1539,5472,0,5,0,5477,A
2-PB1,1540,0,1,5510,0,5511,G
2-PB1,1541,1,5118,0,0,5119,T
2-PB1,1542,1,0,5315,0,5316,G
2-PB1,1543,1,5278,0,1,5280,T
2-PB1,1544,4,0,0,5305,5309,C
2-PB1,1545,1,5323,1,1,5326,T
2-PB1,1546,1,3,5324,0,5328,G
2-PB1,1547,0,2,5378,0,5380,G
2-PB1,1548,5384,0,2,0,5386,A
2-PB1,1549,5395,0,2,2,5399,A
2-PB1,1550,1,5375,1,1,5378,T
2-PB1,1551,5016,0,0,0,5016,A
2-PB1,1552,5010,0,2,0,5012,A
2-PB1,1553,5004,0,5,0,5009,A
2-PB1,1554,1,0,0,5004,5005,C
2-PB1,1555,1,11,4970,0,4982,G
2-PB1,1556,4913,0,5,0,4918,A
2-PB1,1557,1,1,4903,0,4905,G
2-PB1,1558,0,4871,0,5,4876,T
2-PB1,1559,3,0,0,4909,4912,C
2-PB1,1560,4914,0,5,0,4919,A
2-PB1,1561,1,2,4968,0,4971,G
2-PB1,1562,0,0,1,4959,4960,C
2-PB1,1563,0,4982,0,3,4985,T
2-PB1,1564,1,1,5122,0,5124,G
2-PB1,1565,5090,0,1,0,5091,A
2-PB1,1566,0,5112,0,1,5113,T
2-PB1,1567,5109,0,1,0,5110,A
2-PB1,1568,0,5045,0,0,5045,T
2-PB1,1569,1,6,5071,0,5078,G
2-PB1,1570,4901,0,8,0,4909,A
2-PB1,1571,1,1,4981,0,4983,G
2-PB1,1572,1,0,0,4990,4991,C
2-PB1,1573,4777,0,0,0,4777,A
2-PB1,1574,1,4770,0,1,4772,T
2-PB1,1575,0,4782,0,4,4786,T
2-PB1,1576,1,3,4830,0,4834,G
2-PB1,1577,0,3,5011,1,5015,G
2-PB1,1578,4948,1,4,0,4953,A
2-PB1,1579,0,1,4967,0,4968,G
2-PB1,1580,1,4795,0,6,4802,T
2-PB1,1581,4818,0,0,0,4818,A
2-PB1,1582,4817,0,4,0,4821,A
2-PB1,1583,0,2,0,4853,4855,C
2-PB1,1584,4828,0,3,0,4831,A
2-PB1,1585,0,0,4914,0,4914,G
2-PB1,1586,0,4509,0,2,4511,T
2-PB1,1587,0,2,4561,0,4563,G
2-PB1,1588,4603,1,6,0,4610,A
2-PB1,1589,0,4617,0,1,4618,T
2-PB1,1590,4590,0,4,0,4594,A
2-PB1,1591,4597,0,0,0,4597,A
2-PB1,1592,4485,1,4,0,4490,A
2-PB1,1593,1,5,4507,0,4513,G
2-PB1,1594,4345,0,0,0,4345,A
2-PB1,1595,4324,0,3,1,4328,A
2-PB1,1596,0,1,0,4360,4361,C
2-PB1,1597,4241,0,4,0,4245,A
2-PB1,1598,4280,0,5,0,4285,A
2-PB1,1599,0,0,0,4311,4311,C
2-PB1,1600,4373,1,1,0,4375,A
2-PB1,1601,1,4369,0,1,4371,T
2-PB1,1602,0,3,4326,0,4329,G
2-PB1,1603,4313,0,5,0,4318,A
2-PB1,1604,1,4297,0,22,4320,T
2-PB1,1605,4295,0,3,0,4298,A
2-PB1,1606,4326,1,1,0,4328,A
2-PB1,1607,4296,1,2,0,4299,A
2-PB1,1608,1,0,0,4323,4324,C
2-PB1,1609,4206,3,1,0,4210,A
2-PB1,1610,4188,1,0,0,4189,A
2-PB1,1611,1,4098,0,1,4100,T
2-PB1,1612,0,4,4110,0,4114,G
2-PB1,1613,4193,0,4,0,4197,A
2-PB1,1614,1,0,0,4237,4238,C
2-PB1,1615,4,1,0,4192,4197,C
2-PB1,1616,0,4117,0,3,4120,T
2-PB1,1617,0,4068,0,2,4070,T
2-PB1,1618,1,3,4077,0,4081,G
2-PB1,1619,1,3,4094,0,4098,G
2-PB1,1620,4139,0,4,0,4143,A
2-PB1,1621,1,0,0,4132,4133,C
2-PB1,1622,1,0,0,4092,4093,C
2-PB1,1623,4062,0,1,0,4063,A
2-PB1,1624,1,1,4087,0,4089,G
2-PB1,1625,1,0,0,4106,4107,C
2-PB1,1626,4114,1,1,0,4116,A
2-PB1,1627,4106,0,2,0,4108,A
2-PB1,1628,1,0,0,4094,4095,C
2-PB1,1629,4083,1,3,0,4087,A
2-PB1,1630,0,2,4154,0,4156,G
2-PB1,1631,0,2,0,4147,4149,C
2-PB1,1632,1,2,0,4158,4161,C
2-PB1,1633,8,1,0,4140,4149,C
2-PB1,1634,4176,0,0,1,4177,A
2-PB1,1635,4170,0,0,1,4171,A
2-PB1,1636,4161,0,0,0,4161,A
2-PB1,1637,0,4150,0,1,4151,T
2-PB1,1638,0,2,4127,0,4129,G
2-PB1,1639,4,2,4081,0,4087,G
2-PB1,1640,1,1,0,4126,4128,C
2-PB1,1641,1,4093,0,2,4096,T
2-PB1,1642,3,0,0,4198,4201,C
2-PB1,1643,0,4180,0,6,4186,T
2-PB1,1644,2,0,0,4233,4235,C
2-PB1,1645,2,0,0,4261,4263,C
2-PB1,1646,4267,0,0,0,4267,A
2-PB1,1647,4270,0,0,0,4270,A
2-PB1,1648,0,4250,0,0,4250,T
2-PB1,1649,0,4241,0,0,4241,T
2-PB1,1650,0,0,4252,0,4252,G
2-PB1,1651,0,4184,0,4,4188,T
2-PB1,1652,0,4185,0,5,4190,T
2-PB1,1653,6,6,0,4203,4215,C
2-PB1,1654,4216,0,0,0,4216,A
2-PB1,1655,0,4207,0,4,4211,T
2-PB1,1656,2,1,1,4227,4231,C
2-PB1,1657,4230,0,1,0,4231,A
2-PB1,1658,4230,0,2,1,4233,A
2-PB1,1659,4233,1,4,0,4238,A
2-PB1,1660,2,1,4320,0,4323,G
2-PB1,1661,4310,0,1,0,4311,A
2-PB1,1662,0,4317,0,2,4319,T
2-PB1,1663,0,4324,0,0,4324,T
2-PB1,1664,4343,0,1,0,4344,A
2-PB1,1665,0,0,0,4412,4412,C
2-PB1,1666,4411,1,5,0,4417,A
2-PB1,1667,0,5,4463,0,4468,G
2-PB1,1668,4450,1,4,0,4455,A
2-PB1,1669,0,4519,1,0,4520,T
2-PB1,1670,4517,0,31,0,4548,A
2-PB1,1671,0,1,0,4774,4775,C
2-PB1,1672,4851,0,6,0,4857,A
2-PB1,1673,1,2,0,5138,5141,C
2-PB1,1674,5084,1,3,0,5088,A
2-PB1,1675,0,5109,1,0,5110,T
2-PB1,1676,5081,0,0,0,5081,A
2-PB1,1677,1,5056,0,1,5058,T
2-PB1,1678,4985,0,1,0,4986,A
2-PB1,1679,1,2,4972,0,4975,G
2-PB1,1680,1,1,4936,0,4938,G
2-PB1,1681,0,4743,0,2,4745,T
2-PB1,1682,1,1,4749,0,4751,G
2-PB1,1683,0,1,0,4883,4884,C
2-PB1,1684,3,50,0,4841,4894,C
2-PB1,1685,4948,0,1,0,4949,A
2-PB1,1686,1,4955,0,0,4956,T
2-PB1,1687,4960,0,7,0,4967,A
2-PB1,1688,1,3,4982,0,4986,G
2-PB1,1689,4866,0,4,0,4870,A
2-PB1,1690,0,3,4894,0,4897,G
2-PB1,1691,1,2,4863,0,4866,G
2-PB1,1692,4727,1,8,0,4736,A
2-PB1,1693,0,4,4738,1,4743,G
2-PB1,1694,4705,0,8,0,4713,A
2-PB1,1695,0,2,0,4715,4717,C
2-PB1,1696,4716,0,4,0,4720,A
2-PB1,1697,0,0,0,4757,4757,C
2-PB1,1698,4734,0,10,0,4744,A
2-PB1,1699,0,2,0,4756,4758,C
2-PB1,1700,4730,1,2,0,4733,A
2-PB1,1701,4752,0,1,0,4753,A
2-PB1,1702,4762,0,1,0,4763,A
2-PB1,1703,2,4741,0,2,4745,T
2-PB1,1704,3,0,0,4754,4757,C
2-PB1,1705,4,0,0,4761,4765,C
2-PB1,1706,4730,0,2,0,4732,A
2-PB1,1707,1,2,4737,0,4740,G
2-PB1,1708,4741,0,1,0,4742,A
2-PB1,1709,0,0,0,4751,4751,C
2-PB1,1710,1,4,4752,0,4757,G
2-PB1,1711,4705,1,6,0,4712,A
2-PB1,1712,0,1,4735,0,4736,G
2-PB1,1713,4720,0,6,0,4726,A
2-PB1,1714,4735,0,0,0,4735,A
2-PB1,1715,0,4,4754,0,4758,G
2-PB1,1716,4747,0,1,0,4748,A
2-PB1,1717,0,4726,0,3,4729,T
2-PB1,1718,3,0,0,4707,4710,C
2-PB1,1719,4744,0,2,0,4746,A
2-PB1,1720,1,4731,0,0,4732,T
2-PB1,1721,0,4716,0,1,4717,T
2-PB1,1722,2,0,0,4734,4736,C
2-PB1,1723,0,2,4747,0,4749,G
2-PB1,1724,4718,1,0,0,4719,A
2-PB1,1725,0,1,4717,0,4718,G
2-PB1,1726,4693,0,1,0,4694,A
2-PB1,1727,0,4825,0,0,4825,T
2-PB1,1728,4833,0,0,0,4833,A
2-PB1,1729,4832,0,1,0,4833,A
2-PB1,1730,4841,0,1,0,4842,A
2-PB1,1731,3,3,4829,0,4835,G
2-PB1,1732,4836,0,0,0,4836,A
2-PB1,1733,4727,0,2,0,4729,A
2-PB1,1734,0,1,4763,0,4764,G
2-PB1,1735,0,0,0,4759,4759,C
2-PB1,1736,0,4725,0,2,4727,T
2-PB1,1737,1,45,4691,1,4738,G
2-PB1,1738,1,4704,0,0,4705,T
2-PB1,1739,2,6,4721,0,4729,G
2-PB1,1740,0,3,4730,0,4733,G
2-PB1,1741,3,1,4749,0,4753,G
2-PB1,1742,4764,0,4,0,4768,A
2-PB1,1743,0,4738,0,1,4739,T
2-PB1,1744,2,0,0,4712,4714,C
2-PB1,1745,4735,0,0,0,4735,A
2-PB1,1746,4744,0,0,0,4744,A
2-PB1,1747,4739,0,3,0,4742,A
2-PB1,1748,0,0,0,4760,4760,C
2-PB1,1749,4,0,0,4750,4754,C
2-PB1,1750,5,1,0,4744,4750,C
2-PB1,1751,4768,0,1,0,4769,A
2-PB1,1752,4811,0,2,0,4813,A
2-PB1,1753,0,4785,0,0,4785,T
2-PB1,1754,2,0,0,4817,4819,C
2-PB1,1755,4797,0,1,0,4798,A
2-PB1,1756,4760,0,1,0,4761,A
2-PB1,1757,1,9,5007,0,5017,G
2-PB1,1758,0,5,4982,0,4987,G
2-PB1,1759,0,2,4972,0,4974,G
2-PB1,1760,0,0,0,5009,5009,C
2-PB1,1761,4261,1,692,0,4954,A
2-PB1,1762,0,3,5057,0,5060,G
2-PB1,1763,1,4,5095,0,5100,G
2-PB1,1764,5110,0,5,0,5115,A
2-PB1,1765,0,1,0,5184,5185,C
2-PB1,1766,0,4882,0,0,4882,T
2-PB1,1767,4963,0,0,0,4963,A
2-PB1,1768,0,4944,0,0,4944,T
2-PB1,1769,0,4950,0,2,4952,T
2-PB1,1770,1,4,4961,0,4966,G
2-PB1,1771,1,0,5014,0,5015,G
2-PB1,1772,0,4927,1,0,4928,T
2-PB1,1773,4973,0,1,0,4974,A
2-PB1,1774,1,4907,0,4,4912,T
2-PB1,1775,2,0,0,4937,4939,C
2-PB1,1776,4863,0,2,1,4866,A
2-PB1,1777,0,0,4931,0,4931,G
2-PB1,1778,4904,0,2,0,4906,A
2-PB1,1779,0,4890,0,1,4891,T
2-PB1,1780,1,10,4711,0,4722,G
2-PB1,1781,2,7,4688,0,4697,G
2-PB1,1782,0,3,4697,0,4700,G
2-PB1,1783,0,4,4703,0,4707,G
2-PB1,1784,1,7,4715,1,4724,G
2-PB1,1785,4699,0,5,0,4704,A
2-PB1,1786,0,1,0,4688,4689,C
2-PB1,1787,3,0,0,4673,4676,C
2-PB1,1788,4682,0,0,1,4683,A
2-PB1,1789,4969,0,2,0,4971,A
2-PB1,1790,4974,0,0,0,4974,A
2-PB1,1791,2,0,0,5072,5074,C
2-PB1,1792,0,5046,0,0,5046,T
2-PB1,1793,0,5044,0,0,5044,T
2-PB1,1794,5067,0,0,0,5067,A
2-PB1,1795,0,5063,0,1,5064,T
2-PB1,1796,5056,0,3,0,5059,A
2-PB1,1797,0,3,0,5068,5071,C
2-PB1,1798,4769,1,5,0,4775,A
2-PB1,1799,4808,0,0,1,4809,A
2-PB1,1800,0,4739,0,1,4740,T
2-PB1,1801,4802,0,0,0,4802,A
2-PB1,1802,0,4783,0,17,4800,T
2-PB1,1803,1,0,0,4815,4816,C
2-PB1,1804,2,3,0,4800,4805,C
2-PB1,1805,1,3,4807,0,4811,G
2-PB1,1806,2,5,4816,1,4824,G
2-PB1,1807,4818,1,0,0,4819,A
2-PB1,1808,4821,1,1,0,4823,A
2-PB1,1809,0,4809,0,1,4810,T
2-PB1,1810,1,0,0,4813,4814,C
2-PB1,1811,0,4785,0,24,4809,T
2-PB1,1812,1,4805,1,1,4808,T
2-PB1,1813,5,0,0,4804,4809,C
2-PB1,1814,4808,0,2,0,4810,A
2-PB1,1815,1,1,0,4813,4815,C
2-PB1,1816,4807,0,1,0,4808,A
2-PB1,1817,0,5086,0,0,5086,T
2-PB1,1818,2,0,0,5107,5109,C
2-PB1,1819,2,1,0,5077,5080,C
2-PB1,1820,7,0,0,5114,5121,C
2-PB1,1821,0,5102,1,4,5107,T
2-PB1,1822,0,2,5120,0,5122,G
2-PB1,1823,5096,0,0,0,5096,A
2-PB1,1824,5098,0,0,0,5098,A
2-PB1,1825,2,0,5119,0,5121,G
2-PB1,1826,0,4853,0,3,4856,T
2-PB1,1827,1,0,0,4890,4891,C
2-PB1,1828,0,4844,0,0,4844,T
2-PB1,1829,3,2,4946,0,4951,G
2-PB1,1830,0,1,0,4935,4936,C
2-PB1,1831,1,4942,0,5,4948,T
2-PB1,1832,1,4960,0,0,4961,T
2-PB1,1833,4949,0,0,0,4949,A
2-PB1,1834,4949,0,2,0,4951,A
2-PB1,1835,4963,1,2,0,4966,A
2-PB1,1836,0,0,4989,1,4990,G
2-PB1,1837,1,4909,0,1,4911,T
2-PB1,1838,2,2,4869,0,4873,G
2-PB1,1839,0,2,4847,1,4850,G
2-PB1,1840,1,1,4864,0,4866,G
2-PB1,1841,4833,0,9,0,4842,A
2-PB1,1842,1,2,4888,0,4891,G
2-PB1,1843,3,1,0,4866,4870,C
2-PB1,1844,0,4854,0,2,4856,T
2-PB1,1845,0,3,4876,0,4879,G
2-PB1,1846,4831,0,4,0,4835,A
2-PB1,1847,0,4875,0,1,4876,T
2-PB1,1848,1,3,4893,0,4897,G
2-PB1,1849,1,1,4890,1,4893,G
2-PB1,1850,4878,1,3,0,4882,A
2-PB1,1851,0,4869,0,2,4871,T
2-PB1,1852,2,4,4855,0,4861,G
2-PB1,1853,4834,0,4,0,4838,A
2-PB1,1854,0,2,4897,0,4899,G
2-PB1,1855,4909,0,3,0,4912,A
2-PB1,1856,4915,1,0,0,4916,A
2-PB1,1857,0,4883,0,2,4885,T
2-PB1,1858,0,4870,0,0,4870,T
2-PB1,1859,4879,0,0,1,4880,A
2-PB1,1860,0,4862,0,1,4863,T
2-PB1,1861,0,2,0,4864,4866,C
2-PB1,1862,0,4,4870,0,4874,G
2-PB1,1863,2,4,4810,0,4816,G
2-PB1,1864,1,4,4801,0,4806,G
2-PB1,1865,0,1,4797,0,4798,G
2-PB1,1866,4795,1,1,0,4797,A
2-PB1,1867,4808,0,3,0,4811,A
2-PB1,1868,0,1,4838,0,4839,G
2-PB1,1869,4818,0,3,0,4821,A
2-PB1,1870,0,0,0,4871,4871,C
2-PB1,1871,0,4841,1,1,4843,T
2-PB1,1872,1,4903,0,1,4905,T
2-PB1,1873,1,4929,0,0,4930,T
2-PB1,1874,1,1,4933,0,4935,G
2-PB1,1875,0,4952,0,3,4955,T
2-PB1,1876,4926,0,0,1,4927,A
2-PB1,1877,4908,0,4,1,4913,A
2-PB1,1878,1,4823,0,0,4824,T
2-PB1,1879,2,0,0,4837,4839,C
2-PB1,1880,1,1,0,4834,4836,C
2-PB1,1881,6,0,0,4778,4784,C
2-PB1,1882,6,1,0,4799,4806,C
2-PB1,1883,0,4795,0,4,4799,T
2-PB1,1884,1,5,4780,0,4786,G
2-PB1,1885,4774,0,0,0,4774,A
2-PB1,1886,4790,0,0,0,4790,A
2-PB1,1887,2,4794,0,2,4798,T
2-PB1,1888,3,2,0,4777,4782,C
2-PB1,1889,6,1,0,4756,4763,C
2-PB1,1890,8,0,0,4732,4740,C
2-PB1,1891,0,4744,0,12,4756,T
2-PB1,1892,1,4770,0,10,4781,T
2-PB1,1893,0,4752,0,1,4753,T
2-PB1,1894,0,1,4758,0,4759,G
2-PB1,1895,0,4732,1,6,4739,T
2-PB1,1896,4,1,0,4737,4742,C
2-PB1,1897,4691,0,16,0,4707,A
2-PB1,1898,0,3,4727,0,4730,G
2-PB1,1899,0,9,0,4702,4711,C
2-PB1,1900,4,1,0,4718,4723,C
2-PB1,1901,4732,1,2,1,4736,A
2-PB1,1902,0,4766,0,2,4768,T
2-PB1,1903,4754,0,1,0,4755,A
2-PB1,1904,4760,1,1,0,4762,A
2-PB1,1905,4761,0,4,0,4765,A
2-PB1,1906,3,2,4793,0,4798,G
2-PB1,1907,4726,0,1,0,4727,A
2-PB1,1908,4723,1,2,1,4727,A
2-PB1,1909,4728,0,2,0,4730,A
2-PB1,1910,0,4692,0,2,4694,T
2-PB1,1911,0,4704,0,0,4704,T
2-PB1,1912,2,5,4711,0,4718,G
2-PB1,1913,4694,0,3,0,4697,A
2-PB1,1914,0,0,4738,0,4738,G
2-PB1,1915,1,4731,0,4,4736,T
2-PB1,1916,3,0,0,4759,4762,C
2-PB1,1917,0,4762,0,2,4764,T
2-PB1,1918,1,0,4834,0,4835,G
2-PB1,1919,0,4828,0,1,4829,T
2-PB1,1920,4894,0,0,0,4894,A
2-PB1,1921,4881,0,1,0,4882,A
2-PB1,1922,4862,0,1,0,4863,A
2-PB1,1923,1,1,0,4880,4882,C
2-PB1,1924,4772,0,0,0,4772,A
2-PB1,1925,4819,0,3,0,4822,A
2-PB1,1926,0,4779,0,36,4815,T
2-PB1,1927,1,0,4797,0,4798,G
2-PB1,1928,1,1,0,4802,4804,C
2-PB1,1929,0,4754,0,2,4756,T
2-PB1,1930,0,0,4843,0,4843,G
2-PB1,1931,1,4840,1,2,4844,T
2-PB1,1932,4927,0,2,0,4929,A
2-PB1,1933,0,0,4934,0,4934,G
2-PB1,1934,0,4817,0,1,4818,T
2-PB1,1935,4813,0,1,0,4814,A
2-PB1,1936,4752,0,0,1,4753,A
2-PB1,1937,2,4710,0,1,4713,T
2-PB1,1938,1,1,4708,0,4710,G
2-PB1,1939,0,1,0,4619,4620,C
2-PB1,1940,2,2,0,4591,4595,C
2-PB1,1941,4522,0,2,0,4524,A
2-PB1,1942,0,1,4527,0,4528,G
2-PB1,1943,0,1,0,4599,4600,C
2-PB1,1944,2,0,0,4589,4591,C
2-PB1,1945,2,1,0,4584,4587,C
2-PB1,1946,4586,0,3,0,4589,A
2-PB1,1947,0,4576,2,2,4580,T
2-PB1,1948,0,4,4579,0,4583,G
2-PB1,1949,0,0,4570,0,4570,G
2-PB1,1950,1,4532,1,2,4536,T
2-PB1,1951,0,1,1,4521,4523,C
2-PB1,1952,4,3,0,4362,4369,C
2-PB1,1953,7,0,4403,0,4410,G
2-PB1,1954,2,1,4405,0,4408,G
2-PB1,1955,0,0,0,4379,4379,C
2-PB1,1956,2,0,0,4414,4416,C
2-PB1,1957,4413,0,1,0,4414,A
2-PB1,1958,4407,1,0,0,4408,A
2-PB1,1959,4412,0,2,0,4414,A
2-PB1,1960,4418,0,3,0,4421,A
2-PB1,1961,1,0,4471,0,4472,G
2-PB1,1962,0,4339,0,0,4339,T
2-PB1,1963,4391,0,0,0,4391,A
2-PB1,1964,0,4375,0,1,4376,T
2-PB1,1965,0,0,4390,0,4390,G
2-PB1,1966,0,1,4450,0,4451,G
2-PB1,1967,4424,1,2,0,4427,A
2-PB1,1968,4474,1,0,0,4475,A
2-PB1,1969,0,4443,0,2,4445,T
2-PB1,1970,4384,0,1,0,4385,A
2-PB1,1971,0,4402,0,2,4404,T
2-PB1,1972,0,2,4373,0,4375,G
2-PB1,1973,4362,0,3,0,4365,A
2-PB1,1974,1,4348,0,0,4349,T
2-PB1,1975,0,0,4234,0,4234,G
2-PB1,1976,1,0,0,4235,4236,C
2-PB1,1977,4,0,0,4185,4189,C
2-PB1,1978,0,0,4206,0,4206,G
2-PB1,1979,0,4198,0,0,4198,T
2-PB1,1980,0,4194,0,16,4210,T
2-PB1,1981,3,0,4212,1,4216,G
2-PB1,1982,1,0,0,4266,4267,C
2-PB1,1983,4273,0,2,1,4276,A
2-PB1,1984,4301,0,0,0,4301,A
2-PB1,1985,0,1,0,4317,4318,C
2-PB1,1986,0,4280,0,2,4282,T
2-PB1,1987,4298,0,1,0,4299,A
2-PB1,1988,0,1,0,4293,4294,C
2-PB1,1989,4281,1,5,0,4287,A
2-PB1,1990,0,0,0,4302,4302,C
2-PB1,1991,4112,0,2,0,4114,A
2-PB1,1992,0,0,0,4400,4400,C
2-PB1,1993,0,4286,0,2,4288,T
2-PB1,1994,7,0,0,4337,4344,C
2-PB1,1995,2,1,2,4345,4350,C
2-PB1,1996,0,4294,0,4,4298,T
2-PB1,1997,0,2,4312,1,4315,G
2-PB1,1998,0,5,4320,0,4325,G
2-PB1,1999,4303,1,1,0,4305,A
2-PB1,2000,0,4318,0,1,4319,T
2-PB1,2001,0,3868,0,1,3869,T
2-PB1,2002,5,1,0,3912,3918,C
2-PB1,2003,2,1,0,3889,3892,C
2-PB1,2004,8,0,1,3917,3926,C
2-PB1,2005,3942,1,0,0,3943,A
2-PB1,2006,3929,0,1,0,3930,A
2-PB1,2007,0,2,3938,0,3940,G
2-PB1,2008,3922,0,2,0,3924,A
2-PB1,2009,0,1,3916,0,3917,G
2-PB1,2010,0,2,3924,0,3926,G
2-PB1,2011,3870,0,2,0,3872,A
2-PB1,2012,3874,0,3,0,3877,A
2-PB1,2013,0,0,0,3869,3869,C
2-PB1,2014,0,0,0,3849,3849,C
2-PB1,2015,1,0,3890,0,3891,G
2-PB1,2016,0,0,0,3869,3869,C
2-PB1,2017,0,3870,1,1,3872,T
2-PB1,2018,4,0,0,3878,3882,C
2-PB1,2019,0,3862,0,4,3866,T
2-PB1,2020,4089,0,0,0,4089,A
2-PB1,2021,1,4058,0,14,4073,T
2-PB1,2022,0,4066,0,2,4068,T
2-PB1,2023,2,0,1,4094,4097,C
2-PB1,2024,0,3988,0,0,3988,T
2-PB1,2025,3993,0,1,1,3995,A
2-PB1,2026,3985,0,1,0,3986,A
2-PB1,2027,3977,0,3,1,3981,A
2-PB1,2028,0,1,0,3980,3981,C
2-PB1,2029,3664,1,0,0,3665,A
2-PB1,2030,0,0,0,3680,3680,C
2-PB1,2031,3626,0,2,0,3628,A
2-PB1,2032,3634,0,4,0,3638,A
2-PB1,2033,0,0,3646,0,3646,G
2-PB1,2034,1,2,1,3633,3637,C
2-PB1,2035,2,0,0,3654,3656,C
2-PB1,2036,3609,0,2,0,3611,A
2-PB1,2037,3609,1,2,0,3612,A
2-PB1,2038,3615,0,4,0,3619,A
2-PB1,2039,0,5,3634,0,3639,G
2-PB1,2040,1,1,3623,0,3625,G
2-PB1,2041,2,3,3569,0,3574,G
2-PB1,2042,1,2,3586,0,3589,G
2-PB1,2043,3574,0,1,0,3575,A
2-PB1,2044,3579,0,3,0,3582,A
2-PB1,2045,0,3590,0,1,3591,T
2-PB1,2046,0,3583,0,1,3584,T
2-PB1,2047,3,1,0,3591,3595,C
2-PB1,2048,0,3575,0,0,3575,T
2-PB1,2049,0,3577,0,0,3577,T
2-PB1,2050,0,1,3585,0,3586,G
2-PB1,2051,3568,0,4,1,3573,A
2-PB1,2052,11,2,3565,0,3578,G
2-PB1,2053,0,6,3579,0,3585,G
2-PB1,2054,3584,2,0,0,3586,A
2-PB1,2055,0,3570,0,3,3573,T
2-PB1,2056,1,5,3576,0,3582,G
2-PB1,2057,3585,0,1,0,3586,A
2-PB1,2058,3574,0,4,0,3578,A
2-PB1,2059,0,0,0,3591,3591,C
2-PB1,2060,3547,0,0,0,3547,A
2-PB1,2061,0,2,3588,0,3590,G
2-PB1,2062,3576,0,1,0,3577,A
2-PB1,2063,1,3580,0,2,3583,T
2-PB1,2064,2,1,3578,0,3581,G
2-PB1,2065,0,3615,0,1,3616,T
2-PB1,2066,3578,0,50,1,3629,A
2-PB1,2067,1,0,0,3614,3615,C
2-PB1,2068,6,0,0,3611,3617,C
2-PB1,2069,3588,0,3,0,3591,A
2-PB1,2070,12,1,3533,0,3546,G
2-PB1,2071,3491,0,1,0,3492,A
2-PB1,2072,3481,0,1,0,3482,A
2-PB1,2073,0,0,3491,0,3491,G
2-PB1,2074,0,3291,0,0,3291,T
2-PB1,2075,1,1,3281,0,3283,G
2-PB1,2076,1,1,0,3268,3270,C
2-PB1,2077,1,3279,0,10,3290,T
2-PB1,2078,1,0,3285,0,3286,G
2-PB1,2079,0,0,1,3275,3276,C
2-PB1,2080,3285,0,0,0,3285,A
2-PB1,2081,3272,0,0,0,3272,A
2-PB1,2082,1,0,0,3241,3242,C
2-PB1,2083,0,3234,0,6,3240,T
2-PB1,2084,0,3217,0,0,3217,T
2-PB1,2085,0,1,3214,0,3215,G
2-PB1,2086,0,3211,0,1,3212,T
2-PB1,2087,1,3188,0,0,3189,T
2-PB1,2088,5,4,0,3202,3211,C
2-PB1,2089,1,4,3211,0,3216,G
2-PB1,2090,3204,0,4,1,3209,A
2-PB1,2091,0,0,3205,0,3205,G
2-PB1,2092,3184,0,2,1,3187,A
2-PB1,2093,3200,0,0,0,3200,A
2-PB1,2094,3202,0,0,0,3202,A
2-PB1,2095,0,3178,0,0,3178,T
2-PB1,2096,0,3191,0,0,3191,T
2-PB1,2097,0,3178,0,0,3178,T
2-PB1,2098,0,3187,0,0,3187,T
2-PB1,2099,0,3173,0,0,3173,T
2-PB1,2100,2,0,1,3182,3185,C
2-PB1,2101,0,2,1,3176,3179,C
2-PB1,2102,7,0,0,3200,3207,C
2-PB1,2103,0,3186,1,8,3195,T
2-PB1,2104,3207,0,0,0,3207,A
2-PB1,2105,0,0,3213,0,3213,G
2-PB1,2106,1,3198,0,0,3199,T
2-PB1,2107,3215,0,0,0,3215,A
2-PB1,2108,1,0,3237,0,3238,G
2-PB1,2109,0,3193,1,0,3194,T
2-PB1,2110,0,3246,0,7,3253,T
2-PB1,2111,5,0,0,3265,3270,C
2-PB1,2112,3304,0,4,0,3308,A
2-PB1,2113,0,3304,0,0,3304,T
2-PB1,2114,3299,0,0,0,3299,A
2-PB1,2115,0,3299,0,2,3301,T
2-PB1,2116,3190,0,0,0,3190,A
2-PB1,2117,0,1,3172,0,3173,G
2-PB1,2118,0,2,3161,0,3163,G
2-PB1,2119,2877,1,3,0,2881,A
2-PB1,2120,0,1,2875,0,2876,G
2-PB1,2121,2693,0,3,0,2696,A
2-PB1,2122,0,0,0,2681,2681,C
2-PB1,2123,3,0,0,2593,2596,C
2-PB1,2124,0,1,2606,0,2607,G
2-PB1,2125,2603,0,0,0,2603,A
2-PB1,2126,0,2592,0,0,2592,T
2-PB1,2127,0,2587,0,0,2587,T
2-PB1,2128,1,3,2580,0,2584,G
2-PB1,2129,0,0,2585,0,2585,G
2-PB1,2130,2582,0,2,0,2584,A
2-PB1,2131,2587,0,1,0,2588,A
2-PB1,2132,0,2570,0,1,2571,T
2-PB1,2133,0,2569,0,1,2570,T
2-PB1,2134,0,2559,1,0,2560,T
2-PB1,2135,0,1,0,2560,2561,C
2-PB1,2136,0,2567,2,1,2570,T
2-PB1,2137,2560,0,2,0,2562,A
2-PB1,2138,2,0,2553,0,2555,G
2-PB1,2139,0,1,0,2548,2549,C
2-PB1,2140,2543,0,0,0,2543,A
2-PB1,2141,0,2530,0,0,2530,T
2-PB1,2142,0,1,2487,0,2488,G
2-PB1,2143,0,0,2543,0,2543,G
2-PB1,2144,0,2533,0,1,2534,T
2-PB1,2145,1,0,2526,0,2527,G
2-PB1,2146,0,0,2524,0,2524,G
2-PB1,2147,2494,0,5,0,2499,A
2-PB1,2148,0,1,2495,0,2496,G
2-PB1,2149,1,0,2484,0,2485,G
2-PB1,2150,0,1,0,2434,2435,C
2-PB1,2151,1,0,0,2468,2469,C
2-PB1,2152,2294,0,1,0,2295,A
2-PB1,2153,1,2289,0,1,2291,T
2-PB1,2154,0,1,2307,1,2309,G
2-PB1,2155,0,0,2315,0,2315,G
2-PB1,2156,2,2251,0,3,2256,T
2-PB1,2157,1,1,2264,0,2266,G
2-PB1,2158,0,2212,1,2,2215,T
2-PB1,2159,4,0,0,2180,2184,C
2-PB1,2160,0,2198,1,2,2201,T
2-PB1,2161,2189,0,1,0,2190,A
2-PB1,2162,0,2,2179,0,2181,G
2-PB1,2163,0,1,2114,0,2115,G
2-PB1,2164,0,1,2081,0,2082,G
2-PB1,2165,2,1,0,2012,2015,C
2-PB1,2166,2,0,0,1932,1934,C
2-PB1,2167,2,0,0,1927,1929,C
2-PB1,2168,0,1,1933,0,1934,G
2-PB1,2169,0,1,1940,0,1941,G
2-PB1,2170,1943,0,0,0,1943,A
2-PB1,2171,1,1924,0,0,1925,T
2-PB1,2172,0,1851,0,0,1851,T
2-PB1,2173,1,0,1837,0,1838,G
2-PB1,2174,1832,0,0,0,1832,A
2-PB1,2175,0,1834,0,0,1834,T
2-PB1,2176,0,0,1838,0,1838,G
2-PB1,2177,0,1,0,1810,1811,C
2-PB1,2178,4,0,0,1805,1809,C
2-PB1,2179,1804,0,0,0,1804,A
2-PB1,2180,0,1,1808,0,1809,G
2-PB1,2181,1805,0,0,0,1805,A
2-PB1,2182,1808,0,0,0,1808,A
2-PB1,2183,0,1796,1,0,1797,T
2-PB1,2184,0,1758,0,1,1759,T
2-PB1,2185,0,1,1765,0,1766,G
2-PB1,2186,1752,0,0,0,1752,A
2-PB1,2187,0,1,0,1751,1752,C
2-PB1,2188,0,1734,0,5,1739,T
2-PB1,2189,0,1715,0,0,1715,T
2-PB1,2190,1,0,0,1725,1726,C
2-PB1,2191,1,0,1724,0,1725,G
2-PB1,2192,1725,1,0,0,1726,A
2-PB1,2193,0,0,1696,0,1696,G
2-PB1,2194,0,1693,0,0,1693,T
2-PB1,2195,2,0,0,1701,1703,C
2-PB1,2196,0,1699,0,6,1705,T
2-PB1,2197,1,1,1693,0,1695,G
2-PB1,2198,1,1,1701,0,1703,G
2-PB1,2199,1699,0,0,0,1699,A
2-PB1,2200,1573,0,1,0,1574,A
2-PB1,2201,0,2,1577,0,1579,G
2-PB1,2202,0,1,1583,0,1584,G
2-PB1,2203,1584,0,1,0,1585,A
2-PB1,2204,0,1574,0,1,1575,T
2-PB1,2205,0,1578,0,0,1578,T
2-PB1,2206,1571,0,2,0,1573,A
2-PB1,2207,1572,0,0,0,1572,A
2-PB1,2208,0,0,1575,0,1575,G
2-PB1,2209,1566,0,2,0,1568,A
2-PB1,2210,1168,0,329,0,1497,A
2-PB1,2211,0,2,1401,0,1403,G
2-PB1,2212,0,1,1398,0,1399,G
2-PB1,2213,1403,0,0,0,1403,A
2-PB1,2214,1388,0,1,0,1389,A
2-PB1,2215,0,0,1385,0,1385,G
2-PB1,2216,1088,0,2,0,1090,A
2-PB1,2217,0,0,1089,0,1089,G
2-PB1,2218,0,1021,0,1,1022,T
2-PB1,2219,0,1002,0,0,1002,T
2-PB1,2220,1,0,0,1012,1013,C
2-PB1,2221,0,988,0,0,988,T
2-PB1,2222,0,0,0,994,994,C
2-PB1,2223,0,990,0,0,990,T
2-PB1,2224,0,1,990,0,991,G
2-PB1,2225,963,0,0,0,963,A
2-PB1,2226,0,0,951,0,951,G
2-PB1,2227,943,0,0,0,943,A
2-PB1,2228,0,920,0,1,921,T
2-PB1,2229,0,0,0,855,855,C
2-PB1,2230,858,0,0,0,858,A
2-PB1,2231,0,852,0,0,852,T
2-PB1,2232,0,0,853,0,853,G
2-PB1,2233,849,0,0,0,849,A
2-PB1,2234,844,0,2,0,846,A
2-PB1,2235,0,0,835,0,835,G
2-PB1,2236,813,0,2,0,815,A
2-PB1,2237,0,808,0,0,808,T
2-PB1,2238,2,0,0,806,808,C
2-PB1,2239,0,760,0,0,760,T
2-PB1,2240,0,0,761,0,761,G
2-PB1,2241,0,757,0,0,757,T
2-PB1,2242,0,752,0,1,753,T
2-PB1,2243,2,0,0,742,744,C
2-PB1,2244,0,0,0,719,719,C
2-PB1,2245,712,0,0,0,712,A
2-PB1,2246,0,0,0,714,714,C
2-PB1,2247,0,0,0,681,681,C
2-PB1,2248,653,0,1,0,654,A
2-PB1,2249,0,598,0,0,598,T
2-PB1,2250,0,585,0,0,585,T
2-PB1,2251,0,0,585,0,585,G
2-PB1,2252,581,0,0,0,581,A
2-PB1,2253,574,0,1,0,575,A
2-PB1,2254,0,1,573,0,574,G
2-PB1,2255,499,0,0,0,499,A
2-PB1,2256,500,0,0,0,500,A
2-PB1,2257,0,0,0,496,496,C
2-PB1,2258,0,478,0,2,480,T
2-PB1,2259,0,0,0,479,479,C
2-PB1,2260,457,0,0,0,457,A
2-PB1,2261,0,1,456,0,457,G
2-PB1,2262,456,0,0,0,456,A
2-PB1,2263,0,0,0,438,438,C
2-PB1,2264,0,1,423,0,424,G
2-PB1,2265,1,0,412,0,413,G
2-PB1,2266,0,0,0,408,408,C
2-PB1,2267,407,0,0,0,407,A
2-PB1,2268,410,0,0,0,410,A
2-PB1,2269,403,0,0,0,403,A
2-PB1,2270,401,1,0,0,402,A
2-PB1,2271,401,0,0,0,401,A
2-PB1,2272,0,395,0,0,395,T
2-PB1,2273,382,0,0,0,382,A
2-PB1,2274,379,0,0,0,379,A
3-PA,1,19,0,0,0,19,A
3-PA,2,0,19,0,0,19,T
3-PA,3,0,0,19,0,19,G
3-PA,4,0,0,20,0,20,G
3-PA,5,21,0,0,0,21,A
3-PA,6,21,0,0,0,21,A
3-PA,7,0,0,21,0,21,G
3-PA,8,21,0,0,0,21,A
3-PA,9,0,23,0,0,23,T
3-PA,10,0,23,0,0,23,T
3-PA,11,0,22,0,0,22,T
3-PA,12,0,23,0,0,23,T
3-PA,13,0,0,23,0,23,G
3-PA,14,0,22,0,0,22,T
3-PA,15,0,0,23,0,23,G
3-PA,16,0,0,0,24,24,C
3-PA,17,0,0,24,0,24,G
3-PA,18,30,0,0,0,30,A
3-PA,19,0,0,0,31,31,C
3-PA,20,31,0,0,0,31,A
3-PA,21,31,0,0,0,31,A
3-PA,22,0,31,0,0,31,T
3-PA,23,0,0,34,0,34,G
3-PA,24,0,0,0,33,33,C
3-PA,25,0,34,0,0,34,T
3-PA,26,0,34,0,0,34,T
3-PA,27,0,0,0,34,34,C
3-PA,28,34,0,0,0,34,A
3-PA,29,34,0,0,0,34,A
3-PA,30,0,0,0,37,37,C
3-PA,31,0,0,0,37,37,C
3-PA,32,0,0,0,37,37,C
3-PA,33,0,0,37,0,37,G
3-PA,34,37,0,0,0,37,A
3-PA,35,0,39,0,0,39,T
3-PA,36,0,0,39,0,39,G
3-PA,37,38,0,0,0,38,A
3-PA,38,0,38,0,0,38,T
3-PA,39,0,39,0,0,39,T
3-PA,40,0,0,40,0,40,G
3-PA,41,0,39,0,0,39,T
3-PA,42,0,0,0,39,39,C
3-PA,43,0,0,40,0,40,G
3-PA,44,40,0,0,0,40,A
3-PA,45,40,0,0,0,40,A
3-PA,46,0,0,0,41,41,C
3-PA,47,0,40,0,0,40,T
3-PA,48,0,41,0,0,41,T
3-PA,49,0,0,41,0,41,G
3-PA,50,0,0,0,42,42,C
3-PA,51,42,0,0,0,42,A
3-PA,52,0,0,42,0,42,G
3-PA,53,42,0,0,0,42,A
3-PA,54,42,0,0,0,42,A
3-PA,55,40,0,0,0,40,A
3-PA,56,42,0,0,0,42,A
3-PA,57,42,0,0,0,42,A
3-PA,58,0,0,43,0,43,G
3-PA,59,0,0,0,43,43,C
3-PA,60,43,0,0,0,43,A
3-PA,61,46,0,0,0,46,A
3-PA,62,0,46,0,0,46,T
3-PA,63,0,0,46,0,46,G
3-PA,64,51,0,0,0,51,A
3-PA,65,51,0,0,0,51,A
3-PA,66,52,0,0,0,52,A
3-PA,67,0,0,58,0,58,G
3-PA,68,60,0,0,0,60,A
3-PA,69,0,0,74,0,74,G
3-PA,70,0,73,0,0,73,T
3-PA,71,73,0,0,0,73,A
3-PA,72,0,72,0,0,72,T
3-PA,73,0,0,73,0,73,G
3-PA,74,0,0,74,0,74,G
3-PA,75,0,0,74,0,74,G
3-PA,76,0,0,74,0,74,G
3-PA,77,73,0,0,0,73,A
3-PA,78,0,0,73,0,73,G
3-PA,79,0,0,75,0,75,G
3-PA,80,76,0,0,0,76,A
3-PA,81,0,78,0,0,78,T
3-PA,82,0,0,0,78,78,C
3-PA,83,0,78,0,0,78,T
3-PA,84,0,0,77,0,77,G
3-PA,85,78,0,0,0,78,A
3-PA,86,78,0,0,0,78,A
3-PA,87,78,0,0,0,78,A
3-PA,88,77,0,0,0,77,A
3-PA,89,0,78,0,0,78,T
3-PA,90,0,78,0,0,78,T
3-PA,91,0,0,78,0,78,G
3-PA,92,77,0,0,0,77,A
3-PA,93,77,0,0,0,77,A
3-PA,94,78,0,0,0,78,A
3-PA,95,0,0,0,76,76,C
3-PA,96,76,0,0,0,76,A
3-PA,97,78,0,0,0,78,A
3-PA,98,77,0,0,0,77,A
3-PA,99,0,0,0,78,78,C
3-PA,100,78,0,0,0,78,A
3-PA,101,78,0,1,0,79,A
3-PA,102,80,0,0,0,80,A
3-PA,103,0,81,0,0,81,T
3-PA,104,0,81,0,0,81,T
3-PA,105,0,80,0,1,81,T
3-PA,106,0,0,81,0,81,G
3-PA,107,0,0,0,81,81,C
3-PA,108,81,0,0,0,81,A
3-PA,109,0,0,82,0,82,G
3-PA,110,0,0,0,83,83,C
3-PA,111,88,0,0,0,88,A
3-PA,112,88,0,0,0,88,A
3-PA,113,0,89,0,0,89,T
3-PA,114,89,0,0,0,89,A
3-PA,115,0,90,0,0,90,T
3-PA,116,0,0,92,0,92,G
3-PA,117,0,0,0,92,92,C
3-PA,118,89,0,0,0,89,A
3-PA,119,0,0,0,90,90,C
3-PA,120,0,89,0,1,90,T
3-PA,121,0,0,0,108,108,C
3-PA,122,108,0,0,0,108,A
3-PA,123,0,0,0,109,109,C
3-PA,124,0,110,0,0,110,T
3-PA,125,0,109,0,0,109,T
3-PA,126,0,0,108,0,108,G
3-PA,127,0,0,111,0,111,G
3-PA,128,108,0,0,0,108,A
3-PA,129,0,0,111,0,111,G
3-PA,130,0,0,109,0,109,G
3-PA,131,0,107,0,1,108,T
3-PA,132,0,0,113,0,113,G
3-PA,133,0,112,0,0,112,T
3-PA,134,0,0,114,0,114,G
3-PA,135,0,112,0,0,112,T
3-PA,136,0,113,0,0,113,T
3-PA,137,0,113,0,0,113,T
3-PA,138,0,0,0,112,112,C
3-PA,139,112,0,0,0,112,A
3-PA,140,0,112,0,0,112,T
3-PA,141,0,0,113,0,113,G
3-PA,142,0,114,0,0,114,T
3-PA,143,117,0,0,0,117,A
3-PA,144,0,117,0,0,117,T
3-PA,145,0,117,0,0,117,T
3-PA,146,0,0,0,117,117,C
3-PA,147,116,0,0,0,116,A
3-PA,148,0,0,118,0,118,G
3-PA,149,118,0,0,0,118,A
3-PA,150,0,118,0,0,118,T
3-PA,151,0,118,0,0,118,T
3-PA,152,0,118,0,0,118,T
3-PA,153,0,0,0,117,117,C
3-PA,154,0,0,0,120,120,C
3-PA,155,119,0,0,0,119,A
3-PA,156,0,121,0,0,121,T
3-PA,157,0,120,0,0,120,T
3-PA,158,0,121,0,0,121,T
3-PA,159,0,0,0,120,120,C
3-PA,160,122,0,0,0,122,A
3-PA,161,0,122,0,0,122,T
3-PA,162,0,0,0,122,122,C
3-PA,163,122,0,0,0,122,A
3-PA,164,121,0,0,0,121,A
3-PA,165,0,121,0,0,121,T
3-PA,166,0,0,123,0,123,G
3-PA,167,124,0,0,0,124,A
3-PA,168,122,0,1,0,123,A
3-PA,169,0,0,0,123,123,C
3-PA,170,120,0,0,0,120,A
3-PA,171,123,0,0,0,123,A
3-PA,172,0,0,123,0,123,G
3-PA,173,0,0,123,0,123,G
3-PA,174,0,0,0,123,123,C
3-PA,175,0,0,122,0,122,G
3-PA,176,128,0,0,0,128,A
3-PA,177,130,0,0,0,130,A
3-PA,178,0,130,0,0,130,T
3-PA,179,1,0,0,131,132,C
3-PA,180,132,0,0,0,132,A
3-PA,181,134,0,0,0,134,A
3-PA,182,0,136,0,0,136,T
3-PA,183,136,0,0,0,136,A
3-PA,184,0,0,138,0,138,G
3-PA,185,0,137,0,0,137,T
3-PA,186,0,0,138,0,138,G
3-PA,187,0,0,138,0,138,G
3-PA,188,0,134,0,1,135,T
3-PA,189,136,0,0,0,136,A
3-PA,190,0,0,140,0,140,G
3-PA,191,141,0,0,0,141,A
3-PA,192,141,0,0,0,141,A
3-PA,193,0,0,0,141,141,C
3-PA,194,0,139,0,0,139,T
3-PA,195,0,140,0,0,140,T
3-PA,196,0,0,140,0,140,G
3-PA,197,140,0,0,0,140,A
3-PA,198,0,0,0,140,140,C
3-PA,199,0,0,140,0,140,G
3-PA,200,142,0,0,0,142,A
3-PA,201,0,144,0,0,144,T
3-PA,202,0,0,0,147,147,C
3-PA,203,0,0,0,148,148,C
3-PA,204,147,0,0,0,147,A
3-PA,205,148,0,0,0,148,A
3-PA,206,149,0,0,0,149,A
3-PA,207,0,149,0,0,149,T
3-PA,208,0,0,150,0,150,G
3-PA,209,0,0,0,146,146,C
3-PA,210,146,0,0,0,146,A
3-PA,211,0,0,0,152,152,C
3-PA,212,0,149,0,0,149,T
3-PA,213,0,0,164,0,164,G
3-PA,214,0,167,0,0,167,T
3-PA,215,0,165,0,1,166,T
3-PA,216,165,0,0,0,165,A
3-PA,217,165,0,0,0,165,A
3-PA,218,163,0,0,0,163,A
3-PA,219,0,0,164,0,164,G
3-PA,220,0,0,0,162,162,C
3-PA,221,161,0,1,0,162,A
3-PA,222,0,0,0,161,161,C
3-PA,223,149,0,0,0,149,A
3-PA,224,0,0,159,0,159,G
3-PA,225,157,0,0,0,157,A
3-PA,226,0,160,0,0,160,T
3-PA,227,0,158,0,0,158,T
3-PA,228,0,158,0,0,158,T
3-PA,229,0,0,158,0,158,G
3-PA,230,160,0,0,0,160,A
3-PA,231,160,0,0,0,160,A
3-PA,232,160,0,0,0,160,A
3-PA,233,0,159,0,0,159,T
3-PA,234,160,0,0,0,160,A
3-PA,235,162,0,0,0,162,A
3-PA,236,0,161,0,0,161,T
3-PA,237,0,0,0,161,161,C
3-PA,238,0,0,163,0,163,G
3-PA,239,157,0,0,0,157,A
3-PA,240,0,0,165,0,165,G
3-PA,241,0,0,165,0,165,G
3-PA,242,0,0,168,0,168,G
3-PA,243,0,0,168,0,168,G
3-PA,244,167,0,0,0,167,A
3-PA,245,0,0,168,0,168,G
3-PA,246,174,0,0,0,174,A
3-PA,247,0,0,172,0,172,G
3-PA,248,175,0,0,0,175,A
3-PA,249,0,0,0,175,175,C
3-PA,250,174,0,0,0,174,A
3-PA,251,0,0,175,0,175,G
3-PA,252,175,0,0,0,175,A
3-PA,253,178,0,0,0,178,A
3-PA,254,0,0,0,177,177,C
3-PA,255,171,0,0,0,171,A
3-PA,256,172,0,0,0,172,A
3-PA,257,0,173,0,0,173,T
3-PA,258,0,0,182,0,182,G
3-PA,259,0,0,183,0,183,G
3-PA,260,0,0,0,183,183,C
3-PA,261,0,0,0,184,184,C
3-PA,262,0,182,0,0,182,T
3-PA,263,0,0,192,0,192,G
3-PA,264,0,1,191,0,192,G
3-PA,265,192,0,0,0,192,A
3-PA,266,0,0,0,193,193,C
3-PA,267,190,0,1,0,191,A
3-PA,268,0,0,213,0,213,G
3-PA,269,0,209,0,0,209,T
3-PA,270,211,0,0,0,211,A
3-PA,271,0,0,212,0,212,G
3-PA,272,0,210,0,0,210,T
3-PA,273,213,0,0,0,213,A
3-PA,274,213,0,0,0,213,A
3-PA,275,213,0,0,0,213,A
3-PA,276,0,0,0,218,218,C
3-PA,277,203,0,0,0,203,A
3-PA,278,0,0,203,0,203,G
3-PA,279,0,205,0,1,206,T
3-PA,280,209,0,0,0,209,A
3-PA,281,0,206,0,0,206,T
3-PA,282,0,0,0,209,209,C
3-PA,283,0,208,0,0,208,T
3-PA,284,0,0,208,0,208,G
3-PA,285,0,0,0,210,210,C
3-PA,286,207,0,1,0,208,A
3-PA,287,209,0,0,0,209,A
3-PA,288,0,0,0,211,211,C
3-PA,289,208,0,0,0,208,A
3-PA,290,0,0,0,218,218,C
3-PA,291,0,220,0,0,220,T
3-PA,292,220,0,0,0,220,A
3-PA,293,0,0,0,221,221,C
3-PA,294,0,220,0,0,220,T
3-PA,295,0,0,219,0,219,G
3-PA,296,0,0,216,0,216,G
3-PA,297,215,0,1,0,216,A
3-PA,298,0,0,214,0,214,G
3-PA,299,0,0,0,218,218,C
3-PA,300,0,215,0,1,216,T
3-PA,301,0,0,214,0,214,G
3-PA,302,0,0,217,0,217,G
3-PA,303,216,0,0,1,217,A
3-PA,304,217,0,0,0,217,A
3-PA,305,217,0,1,0,218,A
3-PA,306,218,0,0,0,218,A
3-PA,307,0,0,0,218,218,C
3-PA,308,0,0,0,216,216,C
3-PA,309,0,1,216,0,217,G
3-PA,310,216,0,0,0,216,A
3-PA,311,216,0,0,0,216,A
3-PA,312,0,0,219,0,219,G
3-PA,313,0,215,0,0,215,T
3-PA,314,0,215,0,0,215,T
3-PA,315,0,218,0,0,218,T
3-PA,316,0,0,0,220,220,C
3-PA,317,0,222,0,0,222,T
3-PA,318,219,0,0,0,219,A
3-PA,319,0,0,0,222,222,C
3-PA,320,1,0,0,220,221,C
3-PA,321,223,0,0,0,223,A
3-PA,322,0,0,222,0,222,G
3-PA,323,221,0,0,0,221,A
3-PA,324,0,0,0,219,219,C
3-PA,325,0,222,0,0,222,T
3-PA,326,0,225,0,0,225,T
3-PA,327,0,0,227,0,227,G
3-PA,328,0,227,0,0,227,T
3-PA,329,225,0,0,0,225,A
3-PA,330,0,225,0,0,225,T
3-PA,331,0,0,223,0,223,G
3-PA,332,231,0,0,0,231,A
3-PA,333,0,230,0,0,230,T
3-PA,334,0,231,0,0,231,T
3-PA,335,231,0,0,0,231,A
3-PA,336,0,0,0,231,231,C
3-PA,337,231,0,0,0,231,A
3-PA,338,230,0,0,0,230,A
3-PA,339,0,0,233,0,233,G
3-PA,340,0,1,230,0,231,G
3-PA,341,228,0,0,0,228,A
3-PA,342,0,0,231,0,231,G
3-PA,343,230,0,0,0,230,A
3-PA,344,230,0,0,0,230,A
3-PA,345,0,1,0,228,229,C
3-PA,346,223,0,0,0,223,A
3-PA,347,0,0,226,0,226,G
3-PA,348,224,0,0,0,224,A
3-PA,349,0,222,0,1,223,T
3-PA,350,0,221,0,0,221,T
3-PA,351,0,0,0,219,219,C
3-PA,352,217,0,0,0,217,A
3-PA,353,0,216,0,0,216,T
3-PA,354,0,0,0,219,219,C
3-PA,355,0,0,218,0,218,G
3-PA,356,220,0,0,0,220,A
3-PA,357,219,0,0,0,219,A
3-PA,358,221,0,0,0,221,A
3-PA,359,0,219,0,0,219,T
3-PA,360,0,219,0,0,219,T
3-PA,361,0,2,218,0,220,G
3-PA,362,0,0,220,0,220,G
3-PA,363,0,0,219,0,219,G
3-PA,364,2,0,219,0,221,G
3-PA,365,0,216,0,0,216,T
3-PA,366,0,1,216,0,217,G
3-PA,367,218,0,1,0,219,A
3-PA,368,0,0,0,215,215,C
3-PA,369,216,0,0,0,216,A
3-PA,370,216,0,0,0,216,A
3-PA,371,0,0,219,0,219,G
3-PA,372,0,0,219,0,219,G
3-PA,373,221,0,0,0,221,A
3-PA,374,0,0,222,0,222,G
3-PA,375,217,0,0,0,217,A
3-PA,376,0,0,217,0,217,G
3-PA,377,213,0,0,0,213,A
3-PA,378,211,0,0,0,211,A
3-PA,379,0,0,217,0,217,G
3-PA,380,0,216,0,0,216,T
3-PA,381,0,0,0,218,218,C
3-PA,382,1,0,0,217,218,C
3-PA,383,216,0,1,0,217,A
3-PA,384,0,0,0,217,217,C
3-PA,385,226,0,0,0,226,A
3-PA,386,0,224,0,0,224,T
3-PA,387,228,0,0,0,228,A
3-PA,388,0,221,0,0,221,T
3-PA,389,222,0,0,0,222,A
3-PA,390,0,217,0,0,217,T
3-PA,391,0,217,0,0,217,T
3-PA,392,216,0,0,0,216,A
3-PA,393,0,0,0,221,221,C
3-PA,394,0,0,0,212,212,C
3-PA,395,0,210,0,0,210,T
3-PA,396,0,204,0,0,204,T
3-PA,397,0,0,204,0,204,G
3-PA,398,205,0,0,0,205,A
3-PA,399,205,0,0,0,205,A
3-PA,400,204,0,0,0,204,A
3-PA,401,194,0,0,0,194,A
3-PA,402,0,0,200,0,200,G
3-PA,403,0,0,201,0,201,G
3-PA,404,0,0,0,202,202,C
3-PA,405,0,0,0,202,202,C
3-PA,406,201,0,0,0,201,A
3-PA,407,201,0,0,0,201,A
3-PA,408,0,201,0,0,201,T
3-PA,409,199,1,0,0,200,A
3-PA,410,201,0,0,0,201,A
3-PA,411,0,0,206,0,206,G
3-PA,412,202,0,0,0,202,A
3-PA,413,0,203,0,0,203,T
3-PA,414,0,202,0,0,202,T
3-PA,415,203,0,0,0,203,A
3-PA,416,203,0,0,0,203,A
3-PA,417,203,0,0,0,203,A
3-PA,418,0,202,0,0,202,T
3-PA,419,0,0,0,204,204,C
3-PA,420,0,200,0,0,200,T
3-PA,421,0,0,201,0,201,G
3-PA,422,200,0,0,0,200,A
3-PA,423,0,0,205,0,205,G
3-PA,424,204,0,0,0,204,A
3-PA,425,204,0,0,0,204,A
3-PA,426,0,0,0,202,202,C
3-PA,427,205,0,0,0,205,A
3-PA,428,0,0,0,205,205,C
3-PA,429,205,0,0,0,205,A
3-PA,430,0,0,0,205,205,C
3-PA,431,203,0,0,0,203,A
3-PA,432,0,0,0,212,212,C
3-PA,433,211,0,0,0,211,A
3-PA,434,0,208,0,0,208,T
3-PA,435,0,209,0,0,209,T
3-PA,436,0,0,0,212,212,C
3-PA,437,209,0,0,0,209,A
3-PA,438,0,0,0,211,211,C
3-PA,439,210,0,0,0,210,A
3-PA,440,0,209,0,0,209,T
3-PA,441,0,203,0,0,203,T
3-PA,442,0,202,0,0,202,T
3-PA,443,0,204,0,0,204,T
3-PA,444,0,0,0,206,206,C
3-PA,445,0,206,0,0,206,T
3-PA,446,1,0,0,204,205,C
3-PA,447,204,0,0,0,204,A
3-PA,448,0,202,0,0,202,T
3-PA,449,0,204,0,0,204,T
3-PA,450,0,0,0,210,210,C
3-PA,451,207,0,0,0,207,A
3-PA,452,0,0,0,207,207,C
3-PA,453,0,206,0,0,206,T
3-PA,454,0,0,210,0,210,G
3-PA,455,0,0,206,0,206,G
3-PA,456,0,0,205,0,205,G
3-PA,457,0,0,208,0,208,G
3-PA,458,203,0,1,0,204,A
3-PA,459,0,0,205,0,205,G
3-PA,460,0,0,205,0,205,G
3-PA,461,201,0,0,0,201,A
3-PA,462,203,0,0,0,203,A
3-PA,463,197,0,0,0,197,A
3-PA,464,0,194,0,0,194,T
3-PA,465,0,0,193,0,193,G
3-PA,466,0,0,189,0,189,G
3-PA,467,0,0,0,192,192,C
3-PA,468,0,0,0,194,194,C
3-PA,469,191,1,0,0,192,A
3-PA,470,0,0,0,192,192,C
3-PA,471,192,0,0,0,192,A
3-PA,472,194,0,0,0,194,A
3-PA,473,191,0,2,0,193,A
3-PA,474,0,0,191,0,191,G
3-PA,475,0,0,193,0,193,G
3-PA,476,0,0,0,190,190,C
3-PA,477,193,0,0,0,193,A
3-PA,478,0,0,193,0,193,G
3-PA,479,195,0,0,0,195,A
3-PA,480,0,0,0,195,195,C
3-PA,481,0,199,0,0,199,T
3-PA,482,197,0,0,0,197,A
3-PA,483,0,0,0,193,193,C
3-PA,484,190,0,0,0,190,A
3-PA,485,0,0,0,193,193,C
3-PA,486,0,189,0,0,189,T
3-PA,487,0,0,0,191,191,C
3-PA,488,0,185,0,0,185,T
3-PA,489,0,0,0,185,185,C
3-PA,490,0,0,181,0,181,G
3-PA,491,183,0,0,0,183,A
3-PA,492,0,2,0,182,184,C
3-PA,493,0,0,183,0,183,G
3-PA,494,179,0,0,0,179,A
3-PA,495,0,0,184,0,184,G
3-PA,496,0,0,183,0,183,G
3-PA,497,182,0,0,0,182,A
3-PA,498,183,0,0,0,183,A
3-PA,499,182,0,0,0,182,A
3-PA,500,0,0,182,0,182,G
3-PA,501,0,1,0,182,183,C
3-PA,502,183,0,0,0,183,A
3-PA,503,0,0,183,0,183,G
3-PA,504,0,0,184,0,184,G
3-PA,505,0,0,180,0,180,G
3-PA,506,0,0,0,183,183,C
3-PA,507,0,182,0,0,182,T
3-PA,508,183,0,0,0,183,A
3-PA,509,0,0,186,0,186,G
3-PA,510,0,0,196,0,196,G
3-PA,511,197,0,0,0,197,A
3-PA,512,0,189,0,0,189,T
3-PA,513,0,188,0,0,188,T
3-PA,514,188,0,0,0,188,A
3-PA,515,188,0,0,0,188,A
3-PA,516,0,0,188,0,188,G
3-PA,517,185,0,0,0,185,A
3-PA,518,0,0,0,185,185,C
3-PA,519,1,0,0,171,172,C
3-PA,520,169,0,0,0,169,A
3-PA,521,0,0,170,0,170,G
3-PA,522,0,0,169,0,169,G
3-PA,523,0,0,0,173,173,C
3-PA,524,0,170,0,0,170,T
3-PA,525,0,0,173,0,173,G
3-PA,526,0,169,0,0,169,T
3-PA,527,0,172,0,0,172,T
3-PA,528,0,173,0,0,173,T
3-PA,529,169,0,0,0,169,A
3-PA,530,0,0,0,175,175,C
3-PA,531,0,0,0,173,173,C
3-PA,532,174,0,0,0,174,A
3-PA,533,0,175,0,0,175,T
3-PA,534,164,0,0,0,164,A
3-PA,535,162,0,0,0,162,A
3-PA,536,0,0,168,0,168,G
3-PA,537,169,0,0,0,169,A
3-PA,538,0,0,0,166,166,C
3-PA,539,166,0,0,0,166,A
3-PA,540,164,0,0,0,164,A
3-PA,541,0,0,167,0,167,G
3-PA,542,164,0,0,0,164,A
3-PA,543,167,0,0,0,167,A
3-PA,544,165,0,0,0,165,A
3-PA,545,0,156,0,0,156,T
3-PA,546,0,0,163,0,163,G
3-PA,547,0,0,158,0,158,G
3-PA,548,0,0,0,160,160,C
3-PA,549,0,0,0,161,161,C
3-PA,550,162,0,0,0,162,A
3-PA,551,165,0,0,0,165,A
3-PA,552,0,0,0,167,167,C
3-PA,553,167,0,0,0,167,A
3-PA,554,0,0,167,0,167,G
3-PA,555,162,0,0,0,162,A
3-PA,556,0,1,161,0,162,G
3-PA,557,0,0,161,0,161,G
3-PA,558,0,0,0,159,159,C
3-PA,559,0,0,0,163,163,C
3-PA,560,0,157,0,1,158,T
3-PA,561,0,0,0,160,160,C
3-PA,562,0,162,0,0,162,T
3-PA,563,0,0,162,0,162,G
3-PA,564,0,0,160,0,160,G
3-PA,565,0,0,158,0,158,G
3-PA,566,158,0,0,0,158,A
3-PA,567,0,155,0,0,155,T
3-PA,568,0,153,0,0,153,T
3-PA,569,0,0,0,331,331,C
3-PA,570,1,0,0,329,330,C
3-PA,571,0,341,0,0,341,T
3-PA,572,0,351,0,0,351,T
3-PA,573,0,355,0,0,355,T
3-PA,574,0,1,0,378,379,C
3-PA,575,0,0,381,1,382,G
3-PA,576,0,382,0,0,382,T
3-PA,577,0,0,0,387,387,C
3-PA,578,388,0,0,0,388,A
3-PA,579,1,0,630,0,631,G
3-PA,580,0,635,0,0,635,T
3-PA,581,0,0,0,638,638,C
3-PA,582,2,0,0,652,654,C
3-PA,583,1,1,663,0,665,G
3-PA,584,662,0,1,0,663,A
3-PA,585,664,0,0,0,664,A
3-PA,586,664,0,3,0,667,A
3-PA,587,0,1,704,0,705,G
3-PA,588,699,0,0,0,699,A
3-PA,589,0,0,726,0,726,G
3-PA,590,0,1,728,0,729,G
3-PA,591,0,0,0,731,731,C
3-PA,592,0,0,740,0,740,G
3-PA,593,736,0,0,0,736,A
3-PA,594,746,0,0,0,746,A
3-PA,595,1,0,756,0,757,G
3-PA,596,767,0,1,0,768,A
3-PA,597,765,0,0,0,765,A
3-PA,598,764,0,1,1,766,A
3-PA,599,0,0,0,786,786,C
3-PA,600,785,0,0,0,785,A
3-PA,601,792,0,0,0,792,A
3-PA,602,0,798,0,0,798,T
3-PA,603,0,797,0,1,798,T
3-PA,604,0,0,798,0,798,G
3-PA,605,791,0,0,0,791,A
3-PA,606,799,0,1,0,800,A
3-PA,607,0,0,805,0,805,G
3-PA,608,801,0,0,0,801,A
3-PA,609,801,0,1,0,802,A
3-PA,610,802,0,1,0,803,A
3-PA,611,802,0,1,0,803,A
3-PA,612,810,0,0,0,810,A
3-PA,613,0,816,0,1,817,T
3-PA,614,0,816,0,0,816,T
3-PA,615,0,820,0,0,820,T
3-PA,616,1,0,818,0,819,G
3-PA,617,817,0,0,0,817,A
3-PA,618,818,0,2,0,820,A
3-PA,619,828,0,0,0,828,A
3-PA,620,0,859,0,0,859,T
3-PA,621,0,0,0,1031,1031,C
3-PA,622,1028,0,0,0,1028,A
3-PA,623,0,0,0,1057,1057,C
3-PA,624,1057,0,0,0,1057,A
3-PA,625,0,0,1093,0,1093,G
3-PA,626,0,2,1147,0,1149,G
3-PA,627,1192,0,3,0,1195,A
3-PA,628,1232,0,2,0,1234,A
3-PA,629,1,0,0,1260,1261,C
3-PA,630,0,1254,0,0,1254,T
3-PA,631,1433,0,0,0,1433,A
3-PA,632,0,1479,0,1,1480,T
3-PA,633,1,1,1577,0,1579,G
3-PA,634,0,1,0,1588,1589,C
3-PA,635,1,0,1588,0,1589,G
3-PA,636,1,1561,0,2,1564,T
3-PA,637,1581,0,0,0,1581,A
3-PA,638,0,2,1605,0,1607,G
3-PA,639,1,0,1597,0,1598,G
3-PA,640,0,0,0,1610,1610,C
3-PA,641,0,1608,0,3,1611,T
3-PA,642,0,1604,0,0,1604,T
3-PA,643,1,0,1598,0,1599,G
3-PA,644,0,0,0,1601,1601,C
3-PA,645,0,0,0,1606,1606,C
3-PA,646,1,3,1627,0,1631,G
3-PA,647,1632,0,0,0,1632,A
3-PA,648,0,0,0,1645,1645,C
3-PA,649,0,0,0,1642,1642,C
3-PA,650,1653,0,0,0,1653,A
3-PA,651,1658,0,0,0,1658,A
3-PA,652,1659,0,3,0,1662,A
3-PA,653,0,0,1692,0,1692,G
3-PA,654,0,1693,0,2,1695,T
3-PA,655,1,0,0,1718,1719,C
3-PA,656,0,1721,0,0,1721,T
3-PA,657,2,0,0,1732,1734,C
3-PA,658,1,0,0,1757,1758,C
3-PA,659,0,0,0,1758,1758,C
3-PA,660,1766,0,2,0,1768,A
3-PA,661,0,0,1,1782,1783,C
3-PA,662,1,0,0,1773,1774,C
3-PA,663,1,3,1800,0,1804,G
3-PA,664,1819,0,1,0,1820,A
3-PA,665,1832,0,0,0,1832,A
3-PA,666,1,0,0,1853,1854,C
3-PA,667,0,1848,0,1,1849,T
3-PA,668,0,1900,0,3,1903,T
3-PA,669,1,0,0,1939,1940,C
3-PA,670,2,1931,0,2,1935,T
3-PA,671,1,0,0,1935,1936,C
3-PA,672,3,0,1,1932,1936,C
3-PA,673,0,1931,0,6,1937,T
3-PA,674,1,0,1986,0,1987,G
3-PA,675,0,0,0,1977,1977,C
3-PA,676,1,0,0,1994,1995,C
3-PA,677,0,1992,0,2,1994,T
3-PA,678,1,1995,0,2,1998,T
3-PA,679,0,4,1995,0,1999,G
3-PA,680,1981,0,3,0,1984,A
3-PA,681,0,1,2037,0,2038,G
3-PA,682,2031,0,2,0,2033,A
3-PA,683,2060,0,1,0,2061,A
3-PA,684,0,2116,0,0,2116,T
3-PA,685,0,2142,0,0,2142,T
3-PA,686,0,2139,0,0,2139,T
3-PA,687,0,2147,0,0,2147,T
3-PA,688,2138,0,0,0,2138,A
3-PA,689,0,1,2141,0,2142,G
3-PA,690,2131,0,2,0,2133,A
3-PA,691,0,1,2220,0,2221,G
3-PA,692,0,1,0,2231,2232,C
3-PA,693,0,0,0,2275,2275,C
3-PA,694,0,2344,0,5,2349,T
3-PA,695,2498,0,0,0,2498,A
3-PA,696,0,2507,0,1,2508,T
3-PA,697,2,0,2528,0,2530,G
3-PA,698,0,2518,0,2,2520,T
3-PA,699,1,3,2552,0,2556,G
3-PA,700,1,0,2525,0,2526,G
3-PA,701,2511,0,1,0,2512,A
3-PA,702,0,2504,0,0,2504,T
3-PA,703,0,6,2489,0,2495,G
3-PA,704,0,2,2596,0,2598,G
3-PA,705,2586,0,3,0,2589,A
3-PA,706,0,2605,0,3,2608,T
3-PA,707,1,2615,0,0,2616,T
3-PA,708,1,1,0,2612,2614,C
3-PA,709,1,5,2619,0,2625,G
3-PA,710,2628,0,3,0,2631,A
3-PA,711,2624,0,4,0,2628,A
3-PA,712,1,0,0,2644,2645,C
3-PA,713,1,1,0,2608,2610,C
3-PA,714,0,3,2627,0,2630,G
3-PA,715,2619,0,1,0,2620,A
3-PA,716,2619,0,5,0,2624,A
3-PA,717,0,47,0,2615,2662,C
3-PA,718,0,2,2653,0,2655,G
3-PA,719,1,0,2711,1,2713,G
3-PA,720,0,0,0,2739,2739,C
3-PA,721,0,2728,0,1,2729,T
3-PA,722,2,0,2801,0,2803,G
3-PA,723,0,0,0,2839,2839,C
3-PA,724,2877,0,0,0,2877,A
3-PA,725,0,2877,0,2,2879,T
3-PA,726,1,2866,0,1,2868,T
3-PA,727,0,1,2869,1,2871,G
3-PA,728,2811,1,21,1,2834,A
3-PA,729,0,7,2880,0,2887,G
3-PA,730,0,3,2880,0,2883,G
3-PA,731,2,0,2856,0,2858,G
3-PA,732,0,4,0,2850,2854,C
3-PA,733,2853,0,0,0,2853,A
3-PA,734,2858,1,2,0,2861,A
3-PA,735,1,0,2880,0,2881,G
3-PA,736,0,1,0,2890,2891,C
3-PA,737,0,2906,0,2,2908,T
3-PA,738,0,2912,0,6,2918,T
3-PA,739,1,2932,0,2,2935,T
3-PA,740,0,0,0,2942,2942,C
3-PA,741,0,2938,0,4,2942,T
3-PA,742,2,0,0,2955,2957,C
3-PA,743,2942,0,4,0,2946,A
3-PA,744,2938,0,4,0,2942,A
3-PA,745,2936,0,1,0,2937,A
3-PA,746,0,2951,0,2,2953,T
3-PA,747,1,0,3082,0,3083,G
3-PA,748,0,3073,0,4,3077,T
3-PA,749,0,1,0,3113,3114,C
3-PA,750,3,1,0,3115,3119,C
3-PA,751,3120,1,3,0,3124,A
3-PA,752,3125,0,0,0,3125,A
3-PA,753,3134,0,1,0,3135,A
3-PA,754,0,1,3173,0,3174,G
3-PA,755,3152,0,4,0,3156,A
3-PA,756,3109,0,6,0,3115,A
3-PA,757,0,0,3134,1,3135,G
3-PA,758,0,3103,0,1,3104,T
3-PA,759,1,6,3111,0,3118,G
3-PA,760,3103,0,5,0,3108,A
3-PA,761,3110,0,1,0,3111,A
3-PA,762,0,3103,0,1,3104,T
3-PA,763,0,1,3130,0,3131,G
3-PA,764,0,2,0,3138,3140,C
3-PA,765,3,5,0,3132,3140,C
3-PA,766,4,1,0,3139,3144,C
3-PA,767,3164,0,2,0,3166,A
3-PA,768,3207,0,1,0,3208,A
3-PA,769,3220,0,0,0,3220,A
3-PA,770,0,3219,0,7,3226,T
3-PA,771,0,3234,0,0,3234,T
3-PA,772,0,5,3221,0,3226,G
3-PA,773,3227,0,1,0,3228,A
3-PA,774,3213,1,10,0,3224,A
3-PA,775,0,0,0,3240,3240,C
3-PA,776,4,0,0,3232,3236,C
3-PA,777,0,3212,0,1,3213,T
3-PA,778,0,3318,0,0,3318,T
3-PA,779,0,3317,0,3,3320,T
3-PA,780,0,3420,1,0,3421,T
3-PA,781,2,2,0,3418,3422,C
3-PA,782,0,3424,0,2,3426,T
3-PA,783,0,0,3433,0,3433,G
3-PA,784,3426,1,4,0,3431,A
3-PA,785,3472,0,3,0,3475,A
3-PA,786,1,0,3488,0,3489,G
3-PA,787,3453,0,1,0,3454,A
3-PA,788,0,0,0,3461,3461,C
3-PA,789,3444,0,2,0,3446,A
3-PA,790,3461,0,6,0,3467,A
3-PA,791,1,0,0,3872,3873,C
3-PA,792,3881,0,2,0,3883,A
3-PA,793,0,1,0,3881,3882,C
3-PA,794,0,4,1,3857,3862,C
3-PA,795,3845,2,7,0,3854,A
3-PA,796,3837,13,5,1,3856,A
3-PA,797,0,6,3845,0,3851,G
3-PA,798,3852,1,3,0,3856,A
3-PA,799,0,0,0,3861,3861,C
3-PA,800,1,1,0,3675,3677,C
3-PA,801,3674,0,4,0,3678,A
3-PA,802,3674,0,1,0,3675,A
3-PA,803,0,3680,0,1,3681,T
3-PA,804,2,1,0,3682,3685,C
3-PA,805,3685,0,0,0,3685,A
3-PA,806,3655,0,3,0,3658,A
3-PA,807,3656,0,3,0,3659,A
3-PA,808,1,1,0,3713,3715,C
3-PA,809,0,3698,0,2,3700,T
3-PA,810,0,3727,0,0,3727,T
3-PA,811,1,0,0,3733,3734,C
3-PA,812,1,0,0,3735,3736,C
3-PA,813,0,2,3767,0,3769,G
3-PA,814,3752,0,4,0,3756,A
3-PA,815,3779,0,0,0,3779,A
3-PA,816,0,3779,0,1,3780,T
3-PA,817,0,3,3748,0,3751,G
3-PA,818,1,2,3757,1,3761,G
3-PA,819,3763,0,5,0,3768,A
3-PA,820,0,0,0,3809,3809,C
3-PA,821,4,0,0,3789,3793,C
3-PA,822,0,3939,0,3,3942,T
3-PA,823,2,0,0,4065,4067,C
3-PA,824,2,2,0,4086,4090,C
3-PA,825,0,4084,1,2,4087,T
3-PA,826,0,4103,0,3,4106,T
3-PA,827,3,0,4287,0,4290,G
3-PA,828,0,4260,0,4,4264,T
3-PA,829,0,4287,0,2,4289,T
3-PA,830,4273,1,3,0,4277,A
3-PA,831,0,4186,0,6,4192,T
3-PA,832,0,1,0,4185,4186,C
3-PA,833,4117,0,5,0,4122,A
3-PA,834,1,0,4110,0,4111,G
3-PA,835,0,3,0,4090,4093,C
3-PA,836,1,3,4032,0,4036,G
3-PA,837,1,0,4169,0,4170,G
3-PA,838,0,4116,0,39,4155,T
3-PA,839,3,1,0,4176,4180,C
3-PA,840,6,1,0,4182,4189,C
3-PA,841,4214,0,1,0,4215,A
3-PA,842,4224,0,1,0,4225,A
3-PA,843,4221,0,4,1,4226,A
3-PA,844,0,4216,0,1,4217,T
3-PA,845,0,4220,0,3,4223,T
3-PA,846,2,1,0,4207,4210,C
3-PA,847,3,1,0,4214,4218,C
3-PA,848,0,4203,0,4,4207,T
3-PA,849,1,0,1,4242,4244,C
3-PA,850,2,1,0,4260,4263,C
3-PA,851,0,4258,0,3,4261,T
3-PA,852,0,1,4295,0,4296,G
3-PA,853,4272,0,1,0,4273,A
3-PA,854,0,4290,0,0,4290,T
3-PA,855,2,2,4248,0,4252,G
3-PA,856,0,2,4211,0,4213,G
3-PA,857,4208,1,3,0,4212,A
3-PA,858,0,4204,0,0,4204,T
3-PA,859,0,1,4196,0,4197,G
3-PA,860,0,0,0,4423,4423,C
3-PA,861,0,4424,0,6,4430,T
3-PA,862,0,4458,0,4,4462,T
3-PA,863,1,4469,0,1,4471,T
3-PA,864,4471,1,2,0,4474,A
3-PA,865,4493,0,2,0,4495,A
3-PA,866,4485,1,3,2,4491,A
3-PA,867,4501,1,2,0,4504,A
3-PA,868,0,4496,0,0,4496,T
3-PA,869,0,4332,0,0,4332,T
3-PA,870,2,5,4337,0,4344,G
3-PA,871,4307,2,7,0,4316,A
3-PA,872,0,0,4337,0,4337,G
3-PA,873,1,0,0,4338,4339,C
3-PA,874,4352,0,1,0,4353,A
3-PA,875,0,4453,0,1,4454,T
3-PA,876,1,4466,0,3,4470,T
3-PA,877,1,3,4435,0,4439,G
3-PA,878,4453,0,10,0,4463,A
3-PA,879,4444,0,14,0,4458,A
3-PA,880,1,4,4455,0,4460,G
3-PA,881,4436,0,10,0,4446,A
3-PA,882,0,3,0,4486,4489,C
3-PA,883,1,1,0,4460,4462,C
3-PA,884,9,2,0,4436,4447,C
3-PA,885,4431,0,4,0,4435,A
3-PA,886,4435,0,2,0,4437,A
3-PA,887,2,0,4482,0,4484,G
3-PA,888,0,4483,0,1,4484,T
3-PA,889,5,0,0,4504,4509,C
3-PA,890,4494,0,0,0,4494,A
3-PA,891,0,2,0,4519,4521,C
3-PA,892,2,1,4516,0,4519,G
3-PA,893,4549,0,3,0,4552,A
3-PA,894,4572,0,7,0,4579,A
3-PA,895,4,2,4696,0,4702,G
3-PA,896,0,2,4682,0,4684,G
3-PA,897,4646,2,3,0,4651,A
3-PA,898,0,1,4719,0,4720,G
3-PA,899,4693,0,7,0,4700,A
3-PA,900,4707,0,4,1,4712,A
3-PA,901,0,5,4709,0,4714,G
3-PA,902,10,6,4630,0,4646,G
3-PA,903,2,3,4670,0,4675,G
3-PA,904,4571,0,7,0,4578,A
3-PA,905,0,4594,0,3,4597,T
3-PA,906,2,3,0,4623,4628,C
3-PA,907,3,0,0,4959,4962,C
3-PA,908,9,0,0,4994,5003,C
3-PA,909,5084,0,2,0,5086,A
3-PA,910,0,5100,0,6,5106,T
3-PA,911,0,5144,1,0,5145,T
3-PA,912,5276,0,0,0,5276,A
3-PA,913,0,5263,0,2,5265,T
3-PA,914,5265,0,2,0,5267,A
3-PA,915,0,5229,0,5,5234,T
3-PA,916,1,7,4813,0,4821,G
3-PA,917,4817,0,4,1,4822,A
3-PA,918,0,4765,0,0,4765,T
3-PA,919,1,1,4792,0,4794,G
3-PA,920,1,3,0,4763,4767,C
3-PA,921,3,10,4759,0,4772,G
3-PA,922,4771,1,4,0,4776,A
3-PA,923,0,4779,0,3,4782,T
3-PA,924,6,1,0,4794,4801,C
3-PA,925,4794,0,3,0,4797,A
3-PA,926,4757,0,5,0,4762,A
3-PA,927,2,0,4784,0,4786,G
3-PA,928,2,4724,0,0,4726,T
3-PA,929,0,1,4764,0,4765,G
3-PA,930,0,3,0,4781,4784,C
3-PA,931,4776,1,5,1,4783,A
3-PA,932,0,4789,0,1,4790,T
3-PA,933,4792,0,1,0,4793,A
3-PA,934,4848,0,2,0,4850,A
3-PA,935,4851,0,1,0,4852,A
3-PA,936,4822,0,6,1,4829,A
3-PA,937,4815,1,3,0,4819,A
3-PA,938,0,1,0,4819,4820,C
3-PA,939,4782,0,1,0,4783,A
3-PA,940,0,4775,0,0,4775,T
3-PA,941,0,4764,0,1,4765,T
3-PA,942,2,0,0,4789,4791,C
3-PA,943,0,4770,0,3,4773,T
3-PA,944,0,4757,0,1,4758,T
3-PA,945,0,4753,0,2,4755,T
3-PA,946,0,9,4752,0,4761,G
3-PA,947,1,1,4771,0,4773,G
3-PA,948,4743,0,7,0,4750,A
3-PA,949,0,4751,0,1,4752,T
3-PA,950,2,5,4793,0,4800,G
3-PA,951,0,3,4886,0,4889,G
3-PA,952,4887,0,3,0,4890,A
3-PA,953,4894,1,4,0,4899,A
3-PA,954,4922,1,5,0,4928,A
3-PA,955,0,2,4946,0,4948,G
3-PA,956,4913,0,12,0,4925,A
3-PA,957,5430,0,14,0,5444,A
3-PA,958,0,2,0,5548,5550,C
3-PA,959,3,0,0,5568,5571,C
3-PA,960,0,5555,0,17,5572,T
3-PA,961,1,5663,0,1,5665,T
3-PA,962,5689,0,4,1,5694,A
3-PA,963,0,5685,0,2,5687,T
3-PA,964,5647,2,3,0,5652,A
3-PA,965,0,5734,0,3,5737,T
3-PA,966,5402,1,1,0,5404,A
3-PA,967,0,3,5438,0,5441,G
3-PA,968,1,5364,0,7,5372,T
3-PA,969,3,0,0,5385,5388,C
3-PA,970,5331,0,4,0,5335,A
3-PA,971,5332,0,2,0,5334,A
3-PA,972,5343,0,7,1,5351,A
3-PA,973,0,1,0,5356,5357,C
3-PA,974,2,1,0,5329,5332,C
3-PA,975,5282,0,6,0,5288,A
3-PA,976,0,0,0,5329,5329,C
3-PA,977,5334,0,3,1,5338,A
3-PA,978,1,4,0,5357,5362,C
3-PA,979,1,5,5372,0,5378,G
3-PA,980,5297,2,0,0,5299,A
3-PA,981,5324,0,7,0,5331,A
3-PA,982,5331,0,3,0,5334,A
3-PA,983,5328,0,2,1,5331,A
3-PA,984,1,9,5354,0,5364,G
3-PA,985,0,3,5331,0,5334,G
3-PA,986,1,4,5375,0,5380,G
3-PA,987,5359,0,12,0,5371,A
3-PA,988,5387,0,15,0,5402,A
3-PA,989,1,5411,0,1,5413,T
3-PA,990,5412,0,0,0,5412,A
3-PA,991,5421,1,2,0,5424,A
3-PA,992,5425,1,0,0,5426,A
3-PA,993,0,5404,0,4,5408,T
3-PA,994,2,5396,1,7,5406,T
3-PA,995,3,2,0,5430,5435,C
3-PA,996,5430,0,0,0,5430,A
3-PA,997,5434,1,1,0,5436,A
3-PA,998,5443,1,1,0,5445,A
3-PA,999,1,5418,0,5,5424,T
3-PA,1000,0,5447,0,3,5450,T
3-PA,1001,5461,0,1,0,5462,A
3-PA,1002,0,1,0,5483,5484,C
3-PA,1003,2,0,0,5478,5480,C
3-PA,1004,1,5457,0,4,5462,T
3-PA,1005,1,1,5507,0,5509,G
3-PA,1006,0,38,0,5469,5507,C
3-PA,1007,0,5524,0,3,5527,T
3-PA,1008,2,0,5604,0,5606,G
3-PA,1009,0,5588,0,5,5593,T
3-PA,1010,8,0,0,5638,5646,C
3-PA,1011,5658,0,5,0,5663,A
3-PA,1012,1,5654,0,3,5658,T
3-PA,1013,1,5,5641,0,5647,G
3-PA,1014,0,1,5616,1,5618,G
3-PA,1015,5629,1,5,0,5635,A
3-PA,1016,5744,2,11,0,5757,A
3-PA,1017,2,0,5697,0,5699,G
3-PA,1018,0,0,0,5745,5745,C
3-PA,1019,5727,0,1,0,5728,A
3-PA,1020,5737,0,5,0,5742,A
3-PA,1021,2,0,5802,1,5805,G
3-PA,1022,0,5766,0,4,5770,T
3-PA,1023,5800,1,0,0,5801,A
3-PA,1024,2,1,0,5827,5830,C
3-PA,1025,0,5722,0,4,5726,T
3-PA,1026,3,0,5780,0,5783,G
3-PA,1027,0,5744,1,6,5751,T
3-PA,1028,5,1,0,5778,5784,C
3-PA,1029,5777,0,4,0,5781,A
3-PA,1030,1,7,5796,0,5804,G
3-PA,1031,5799,0,1,0,5800,A
3-PA,1032,5803,0,2,0,5805,A
3-PA,1033,0,5911,0,3,5914,T
3-PA,1034,1,5880,0,4,5885,T
3-PA,1035,1,2,5855,0,5858,G
3-PA,1036,1,1,0,5867,5869,C
3-PA,1037,5851,1,6,1,5859,A
3-PA,1038,2,5,5897,0,5904,G
3-PA,1039,0,3,5848,0,5851,G
3-PA,1040,5880,0,3,0,5883,A
3-PA,1041,1,0,0,5938,5939,C
3-PA,1042,5853,0,4,0,5857,A
3-PA,1043,1,5881,1,1,5884,T
3-PA,1044,3,5896,0,2,5901,T
3-PA,1045,1,2,5936,0,5939,G
3-PA,1046,5924,0,2,0,5926,A
3-PA,1047,5930,0,5,0,5935,A
3-PA,1048,5910,0,4,0,5914,A
3-PA,1049,5905,1,4,0,5910,A
3-PA,1050,2,5878,0,2,5882,T
3-PA,1051,1,4,5915,0,5920,G
3-PA,1052,5865,1,9,0,5875,A
3-PA,1053,0,4,5927,0,5931,G
3-PA,1054,2,5,5917,0,5924,G
3-PA,1055,5894,0,6,0,5900,A
3-PA,1056,3,5,5932,0,5940,G
3-PA,1057,5919,0,1,0,5920,A
3-PA,1058,5907,0,4,0,5911,A
3-PA,1059,0,4,5915,0,5919,G
3-PA,1060,2,2,5846,0,5850,G
3-PA,1061,0,5962,0,6,5968,T
3-PA,1062,0,6015,0,2,6017,T
3-PA,1063,3,0,1,6024,6028,C
3-PA,1064,4,0,0,6037,6041,C
3-PA,1065,6064,0,4,0,6068,A
3-PA,1066,6038,2,1,0,6041,A
3-PA,1067,1,5,6104,0,6110,G
3-PA,1068,1,1,6158,0,6160,G
3-PA,1069,6048,0,19,0,6067,A
3-PA,1070,0,1,0,6102,6103,C
3-PA,1071,1,6106,0,5,6112,T
3-PA,1072,6115,0,1,0,6116,A
3-PA,1073,6119,1,0,0,6120,A
3-PA,1074,6115,0,3,0,6118,A
3-PA,1075,6127,1,3,0,6131,A
3-PA,1076,6085,1,5,2,6093,A
3-PA,1077,1,2,0,6059,6062,C
3-PA,1078,6037,0,2,0,6039,A
3-PA,1079,0,6014,0,2,6016,T
3-PA,1080,0,2,6059,0,6061,G
3-PA,1081,6044,1,4,0,6049,A
3-PA,1082,6048,0,7,1,6056,A
3-PA,1083,4,6,6089,1,6100,G
3-PA,1084,6090,0,1,0,6091,A
3-PA,1085,6098,1,1,0,6100,A
3-PA,1086,6072,0,2,0,6074,A
3-PA,1087,6050,0,6,0,6056,A
3-PA,1088,1,2,0,6090,6093,C
3-PA,1089,0,5,6067,0,6072,G
3-PA,1090,6097,0,5,0,6102,A
3-PA,1091,1,1,6086,1,6089,G
3-PA,1092,0,6038,2,3,6043,T
3-PA,1093,11,0,0,6186,6197,C
3-PA,1094,6232,0,4,0,6236,A
3-PA,1095,6305,0,5,0,6310,A
3-PA,1096,0,1,0,6317,6318,C
3-PA,1097,1,6298,0,1,6300,T
3-PA,1098,3,1,6417,0,6421,G
3-PA,1099,6373,0,8,0,6381,A
3-PA,1100,6410,0,12,0,6422,A
3-PA,1101,3,0,6429,0,6432,G
3-PA,1102,3,6257,0,5,6265,T
3-PA,1103,0,11,6329,1,6341,G
3-PA,1104,1,5,6290,0,6296,G
3-PA,1105,2,1,6321,0,6324,G
3-PA,1106,0,0,0,6344,6344,C
3-PA,1107,1,6286,0,6,6293,T
3-PA,1108,3,1,0,6361,6365,C
3-PA,1109,0,6335,0,2,6337,T
3-PA,1110,1,6352,0,5,6358,T
3-PA,1111,1,2,6489,0,6492,G
3-PA,1112,0,0,6491,0,6491,G
3-PA,1113,0,6412,0,6,6418,T
3-PA,1114,1,8,6450,0,6459,G
3-PA,1115,6447,0,5,0,6452,A
3-PA,1116,6480,0,5,0,6485,A
3-PA,1117,6466,0,2,0,6468,A
3-PA,1118,6482,0,3,1,6486,A
3-PA,1119,1,0,0,6521,6522,C
3-PA,1120,6419,0,1,0,6420,A
3-PA,1121,0,6399,0,5,6404,T
3-PA,1122,13,4,6387,0,6404,G
3-PA,1123,3,1,6439,0,6443,G
3-PA,1124,1,1,0,6467,6469,C
3-PA,1125,6462,0,8,0,6470,A
3-PA,1126,2,1,0,6486,6489,C
3-PA,1127,6,5,0,6501,6512,C
3-PA,1128,6597,0,4,0,6601,A
3-PA,1129,0,3,6634,0,6637,G
3-PA,1130,6586,0,7,2,6595,A
3-PA,1131,5,0,6652,0,6657,G
3-PA,1132,6664,0,2,0,6666,A
3-PA,1133,6651,0,5,0,6656,A
3-PA,1134,1,4,6680,0,6685,G
3-PA,1135,2,1,6640,1,6644,G
3-PA,1136,1,6475,1,2,6479,T
3-PA,1137,6588,0,4,0,6592,A
3-PA,1138,2,5,6564,0,6571,G
3-PA,1139,6610,1,5,0,6616,A
3-PA,1140,0,3,0,6633,6636,C
3-PA,1141,0,6550,0,19,6569,T
3-PA,1142,1,6578,0,0,6579,T
3-PA,1143,0,6588,0,7,6595,T
3-PA,1144,0,4,6591,0,6595,G
3-PA,1145,6579,0,9,0,6588,A
3-PA,1146,6607,1,1,0,6609,A
3-PA,1147,6606,0,5,0,6611,A
3-PA,1148,6575,1,1,0,6577,A
3-PA,1149,0,0,0,6684,6684,C
3-PA,1150,0,6639,0,3,6642,T
3-PA,1151,0,0,6700,0,6700,G
3-PA,1152,0,2,1,6705,6708,C
3-PA,1153,6720,0,10,0,6730,A
3-PA,1154,1,1,6722,0,6724,G
3-PA,1155,6688,0,10,0,6698,A
3-PA,1156,0,2,6909,1,6912,G
3-PA,1157,6904,0,7,1,6912,A
3-PA,1158,0,3,0,6857,6860,C
3-PA,1159,6863,1,7,1,6872,A
3-PA,1160,0,6804,0,2,6806,T
3-PA,1161,6821,0,9,0,6830,A
3-PA,1162,6815,0,7,1,6823,A
3-PA,1163,1,1,6814,0,6816,G
3-PA,1164,1,0,0,6805,6806,C
3-PA,1165,1,3,6698,0,6702,G
3-PA,1166,6834,0,3,0,6837,A
3-PA,1167,1,6800,0,1,6802,T
3-PA,1168,0,6801,0,1,6802,T
3-PA,1169,1,6820,0,2,6823,T
3-PA,1170,2,2,6833,1,6838,G
3-PA,1171,6856,0,2,1,6859,A
3-PA,1172,6810,1,20,2,6833,A
3-PA,1173,3,0,6875,0,6878,G
3-PA,1174,1,1,0,6997,6999,C
3-PA,1175,6936,0,1,0,6937,A
3-PA,1176,7321,1,1,0,7323,A
3-PA,1177,0,7329,0,3,7332,T
3-PA,1178,7361,0,4,0,7365,A
3-PA,1179,0,7374,1,4,7379,T
3-PA,1180,1,11,7402,1,7415,G
3-PA,1181,7467,0,8,1,7476,A
3-PA,1182,1,7447,0,5,7453,T
3-PA,1183,7293,0,1,0,7294,A
3-PA,1184,0,0,7290,0,7290,G
3-PA,1185,1,7067,0,4,7072,T
3-PA,1186,0,8,7070,2,7080,G
3-PA,1187,7061,1,12,0,7074,A
3-PA,1188,1,1,0,7028,7030,C
3-PA,1189,3,10,7018,0,7031,G
3-PA,1190,7052,0,2,0,7054,A
3-PA,1191,7048,0,8,0,7056,A
3-PA,1192,1,1,0,7086,7088,C
3-PA,1193,4,2,0,7092,7098,C
3-PA,1194,0,7079,0,8,7087,T
3-PA,1195,1,5,7282,0,7288,G
3-PA,1196,7248,0,4,0,7252,A
3-PA,1197,7284,1,5,0,7290,A
3-PA,1198,3,7277,0,1,7281,T
3-PA,1199,0,7230,0,1,7231,T
3-PA,1200,7213,1,3,0,7217,A
3-PA,1201,7157,0,6,0,7163,A
3-PA,1202,1,7,7174,0,7182,G
3-PA,1203,1,0,7167,0,7168,G
3-PA,1204,2,7010,0,9,7021,T
3-PA,1205,11,2,0,7032,7045,C
3-PA,1206,7003,1,7,0,7011,A
3-PA,1207,0,2,0,7229,7231,C
3-PA,1208,0,7241,0,8,7249,T
3-PA,1209,1,7231,0,5,7237,T
3-PA,1210,0,7246,0,6,7252,T
3-PA,1211,6,1,0,7249,7256,C
3-PA,1212,7251,0,5,0,7256,A
3-PA,1213,7250,0,6,1,7257,A
3-PA,1214,1,0,7319,0,7320,G
3-PA,1215,0,2,0,7323,7325,C
3-PA,1216,1,7224,0,6,7231,T
3-PA,1217,0,5,7365,1,7371,G
3-PA,1218,1,4,7391,0,7396,G
3-PA,1219,7483,0,9,0,7492,A
3-PA,1220,0,7531,0,0,7531,T
3-PA,1221,7518,0,1,2,7521,A
3-PA,1222,0,1,1,7568,7570,C
3-PA,1223,7464,1,5,1,7471,A
3-PA,1224,1,5,7535,0,7541,G
3-PA,1225,7505,0,20,1,7526,A
3-PA,1226,7401,0,10,1,7412,A
3-PA,1227,0,7346,0,1,7347,T
3-PA,1228,1,14,7387,0,7402,G
3-PA,1229,7327,0,9,0,7336,A
3-PA,1230,4,1,7401,1,7407,G
3-PA,1231,1,7317,0,9,7327,T
3-PA,1232,0,7308,0,7,7315,T
3-PA,1233,7,1,0,7430,7438,C
3-PA,1234,7477,0,4,0,7481,A
3-PA,1235,7474,1,8,0,7483,A
3-PA,1236,0,3,0,7476,7479,C
3-PA,1237,7419,0,2,0,7421,A
3-PA,1238,7383,0,5,0,7388,A
3-PA,1239,1,4,7342,1,7348,G
3-PA,1240,1,6,7310,0,7317,G
3-PA,1241,0,0,1,7356,7357,C
3-PA,1242,3,2,0,7356,7361,C
3-PA,1243,1,7334,1,5,7341,T
3-PA,1244,1,0,7400,0,7401,G
3-PA,1245,1,7364,1,6,7372,T
3-PA,1246,3,3,7446,1,7453,G
3-PA,1247,7449,1,6,0,7456,A
3-PA,1248,1,0,7418,0,7419,G
3-PA,1249,1,4,0,7364,7369,C
3-PA,1250,1,7342,0,5,7348,T
3-PA,1251,7457,0,2,1,7460,A
3-PA,1252,7436,2,1,0,7439,A
3-PA,1253,1,1,0,7469,7471,C
3-PA,1254,0,7435,0,13,7448,T
3-PA,1255,1,7,7433,0,7441,G
3-PA,1256,7388,0,1,0,7389,A
3-PA,1257,0,7353,1,7,7361,T
3-PA,1258,2,7368,0,6,7376,T
3-PA,1259,3,2,1,7417,7423,C
3-PA,1260,7529,0,7,0,7536,A
3-PA,1261,4,3,7653,0,7660,G
3-PA,1262,1,7573,0,24,7598,T
3-PA,1263,2,0,1,7626,7629,C
3-PA,1264,0,7593,0,7,7600,T
3-PA,1265,2,0,7783,0,7785,G
3-PA,1266,0,5,7789,0,7794,G
3-PA,1267,7801,0,4,0,7805,A
3-PA,1268,0,7804,0,8,7812,T
3-PA,1269,7462,0,2,0,7464,A
3-PA,1270,0,8,7437,0,7445,G
3-PA,1271,7356,0,11,0,7367,A
3-PA,1272,0,0,7348,0,7348,G
3-PA,1273,0,0,0,7302,7302,C
3-PA,1274,1,7184,1,7,7193,T
3-PA,1275,9,5,0,7227,7241,C
3-PA,1276,2,4,7259,1,7266,G
3-PA,1277,7255,0,4,0,7259,A
3-PA,1278,0,7269,0,2,7271,T
3-PA,1279,0,3,7267,0,7270,G
3-PA,1280,7332,0,4,0,7336,A
3-PA,1281,7314,1,8,0,7323,A
3-PA,1282,7351,0,5,0,7356,A
3-PA,1283,0,7287,1,4,7292,T
3-PA,1284,1,7309,0,13,7323,T
3-PA,1285,2,1,7353,0,7356,G
3-PA,1286,59,7,7273,2,7341,G
3-PA,1287,7341,1,6,0,7348,A
3-PA,1288,1,5,7335,0,7341,G
3-PA,1289,7258,0,4,0,7262,A
3-PA,1290,0,4,7264,1,7269,G
3-PA,1291,3,2,7283,0,7288,G
3-PA,1292,7350,0,9,0,7359,A
3-PA,1293,1,0,0,7365,7366,C
3-PA,1294,1,0,7330,0,7331,G
3-PA,1295,0,7306,0,10,7316,T
3-PA,1296,7353,0,2,0,7355,A
3-PA,1297,0,0,7370,1,7371,G
3-PA,1298,2,3,0,7356,7361,C
3-PA,1299,6,0,1,7278,7285,C
3-PA,1300,14,2,2,7231,7249,C
3-PA,1301,5,1,0,7279,7285,C
3-PA,1302,7319,0,1,0,7320,A
3-PA,1303,7463,0,2,0,7465,A
3-PA,1304,0,7439,1,0,7440,T
3-PA,1305,1,7414,0,3,7418,T
3-PA,1306,0,7,7403,0,7410,G
3-PA,1307,7274,1,17,0,7292,A
3-PA,1308,1,2,7300,1,7304,G
3-PA,1309,3,1,0,7290,7294,C
3-PA,1310,7245,0,5,0,7250,A
3-PA,1311,0,2,0,7394,7396,C
3-PA,1312,7146,0,33,0,7179,A
3-PA,1313,1,7329,1,4,7335,T
3-PA,1314,1,7341,0,5,7347,T
3-PA,1315,3,1,7354,0,7358,G
3-PA,1316,2,0,0,7323,7325,C
3-PA,1317,7334,0,3,0,7337,A
3-PA,1318,7329,1,2,1,7333,A
3-PA,1319,0,1,7319,0,7320,G
3-PA,1320,1,2,0,7221,7224,C
3-PA,1321,7220,0,1,0,7221,A
3-PA,1322,0,7068,0,5,7073,T
3-PA,1323,0,5,7071,0,7076,G
3-PA,1324,7032,0,6,0,7038,A
3-PA,1325,0,3,7078,0,7081,G
3-PA,1326,7066,1,14,0,7081,A
3-PA,1327,7067,0,7,0,7074,A
3-PA,1328,0,2,7045,0,7047,G
3-PA,1329,1,3,7025,0,7029,G
3-PA,1330,7023,2,2,0,7027,A
3-PA,1331,7024,0,2,0,7026,A
3-PA,1332,1,7003,0,2,7006,T
3-PA,1333,0,7030,0,0,7030,T
3-PA,1334,7025,0,1,0,7026,A
3-PA,1335,0,7030,0,11,7041,T
3-PA,1336,0,7034,3,5,7042,T
3-PA,1337,1,7037,0,1,7039,T
3-PA,1338,8,0,0,6981,6989,C
3-PA,1339,6963,1,3,0,6967,A
3-PA,1340,1,2,0,7070,7073,C
3-PA,1341,7055,0,2,0,7057,A
3-PA,1342,1,0,7084,0,7085,G
3-PA,1343,2,2,0,7071,7075,C
3-PA,1344,7039,0,4,0,7043,A
3-PA,1345,1,5,7077,0,7083,G
3-PA,1346,7038,1,8,1,7048,A
3-PA,1347,0,5,7037,0,7042,G
3-PA,1348,0,1,7060,0,7061,G
3-PA,1349,0,6882,0,7,6889,T
3-PA,1350,1,0,6984,0,6985,G
3-PA,1351,1,6906,0,16,6923,T
3-PA,1352,5,0,0,6944,6949,C
3-PA,1353,7,1,1,6996,7005,C
3-PA,1354,13,2,0,6993,7008,C
3-PA,1355,7062,0,2,0,7064,A
3-PA,1356,1,7090,0,7,7098,T
3-PA,1357,0,7076,0,5,7081,T
3-PA,1358,0,0,7095,0,7095,G
3-PA,1359,1,6988,0,1,6990,T
3-PA,1360,6881,0,4,0,6885,A
3-PA,1361,0,2,6887,0,6889,G
3-PA,1362,6725,0,2,1,6728,A
3-PA,1363,3,0,6728,0,6731,G
3-PA,1364,0,1,0,6603,6604,C
3-PA,1365,5,1,0,6512,6518,C
3-PA,1366,6609,1,2,0,6612,A
3-PA,1367,0,0,0,6623,6623,C
3-PA,1368,2,6607,0,1,6610,T
3-PA,1369,1,2,6609,0,6612,G
3-PA,1370,6595,0,3,0,6598,A
3-PA,1371,6501,0,8,0,6509,A
3-PA,1372,0,6618,0,3,6621,T
3-PA,1373,6663,0,4,0,6667,A
3-PA,1374,0,1,0,6721,6722,C
3-PA,1375,6571,1,3,0,6575,A
3-PA,1376,1,6595,0,2,6598,T
3-PA,1377,6550,1,1,0,6552,A
3-PA,1378,6543,1,3,0,6547,A
3-PA,1379,0,6514,0,3,6517,T
3-PA,1380,0,2,6419,0,6421,G
3-PA,1381,6384,0,0,0,6384,A
3-PA,1382,6279,0,8,0,6287,A
3-PA,1383,1,13,6272,0,6286,G
3-PA,1384,1,8,6230,0,6239,G
3-PA,1385,9,8,6273,0,6290,G
3-PA,1386,2,2,6279,0,6283,G
3-PA,1387,1,1,6325,1,6328,G
3-PA,1388,0,6227,0,2,6229,T
3-PA,1389,6255,0,4,0,6259,A
3-PA,1390,0,6259,0,36,6295,T
3-PA,1391,6331,1,5,0,6337,A
3-PA,1392,0,1,0,6786,6787,C
3-PA,1393,6588,0,1,0,6589,A
3-PA,1394,0,6434,0,2,6436,T
3-PA,1395,0,6345,0,5,6350,T
3-PA,1396,6284,1,1,0,6286,A
3-PA,1397,6383,0,6,0,6389,A
3-PA,1398,0,0,0,6376,6376,C
3-PA,1399,6249,1,1,0,6251,A
3-PA,1400,0,4,0,6267,6271,C
3-PA,1401,1,5545,0,4,5550,T
3-PA,1402,0,0,5706,0,5706,G
3-PA,1403,1,2,0,5653,5656,C
3-PA,1404,3,0,0,5658,5661,C
3-PA,1405,8,60,0,5627,5695,C
3-PA,1406,0,5516,0,4,5520,T
3-PA,1407,1,0,5659,0,5660,G
3-PA,1408,0,3,0,5641,5644,C
3-PA,1409,0,5638,0,1,5639,T
3-PA,1410,5,1,0,5766,5772,C
3-PA,1411,5552,0,0,0,5552,A
3-PA,1412,5572,1,3,0,5576,A
3-PA,1413,0,5560,0,6,5566,T
3-PA,1414,2,1,5557,0,5560,G
3-PA,1415,0,3,0,5527,5530,C
3-PA,1416,5444,0,1,0,5445,A
3-PA,1417,0,5407,0,5,5412,T
3-PA,1418,1,0,1,5402,5404,C
3-PA,1419,3,3,0,5441,5447,C
3-PA,1420,0,5250,0,6,5256,T
3-PA,1421,1,0,5335,0,5336,G
3-PA,1422,0,5306,0,3,5309,T
3-PA,1423,2,1,5294,0,5297,G
3-PA,1424,0,2,0,5301,5303,C
3-PA,1425,5209,0,7,0,5216,A
3-PA,1426,3,0,5247,0,5250,G
3-PA,1427,1,2,0,5222,5225,C
3-PA,1428,5167,0,2,0,5169,A
3-PA,1429,5168,0,0,0,5168,A
3-PA,1430,1,4984,0,4,4989,T
3-PA,1431,0,1,4995,0,4996,G
3-PA,1432,0,5,4987,0,4992,G
3-PA,1433,4991,0,10,0,5001,A
3-PA,1434,1,1,0,4973,4975,C
3-PA,1435,2,3,4946,0,4951,G
3-PA,1436,4973,0,1,0,4974,A
3-PA,1437,0,4968,0,3,4971,T
3-PA,1438,0,4965,0,1,4966,T
3-PA,1439,0,4956,0,4,4960,T
3-PA,1440,0,4932,0,4,4936,T
3-PA,1441,3,0,1,4945,4949,C
3-PA,1442,4970,0,0,0,4970,A
3-PA,1443,4973,2,4,1,4980,A
3-PA,1444,0,1,0,4982,4983,C
3-PA,1445,0,4898,0,4,4902,T
3-PA,1446,4917,1,0,0,4918,A
3-PA,1447,4913,1,0,0,4914,A
3-PA,1448,0,4874,0,2,4876,T
3-PA,1449,1,4303,0,553,4857,T
3-PA,1450,2,2,0,4904,4908,C
3-PA,1451,3,1,0,4893,4897,C
3-PA,1452,4,0,0,4903,4907,C
3-PA,1453,4900,1,0,0,4901,A
3-PA,1454,0,4914,0,11,4925,T
3-PA,1455,1,4,4939,0,4944,G
3-PA,1456,4951,0,2,0,4953,A
3-PA,1457,0,4923,0,2,4925,T
3-PA,1458,4876,0,43,0,4919,A
3-PA,1459,4913,0,8,0,4921,A
3-PA,1460,0,0,4910,0,4910,G
3-PA,1461,1,0,0,4900,4901,C
3-PA,1462,4897,1,2,0,4900,A
3-PA,1463,4741,1,2,0,4744,A
3-PA,1464,0,0,4777,0,4777,G
3-PA,1465,1,4755,0,2,4758,T
3-PA,1466,0,1,4755,0,4756,G
3-PA,1467,1,2,0,4742,4745,C
3-PA,1468,4693,0,11,0,4704,A
3-PA,1469,1,5,4731,0,4737,G
3-PA,1470,4720,0,3,0,4723,A
3-PA,1471,4756,0,9,0,4765,A
3-PA,1472,0,3,0,4753,4756,C
3-PA,1473,0,4666,0,3,4669,T
3-PA,1474,4699,0,2,0,4701,A
3-PA,1475,4707,0,2,0,4709,A
3-PA,1476,4705,0,3,0,4708,A
3-PA,1477,0,0,4710,0,4710,G
3-PA,1478,4533,0,12,0,4545,A
3-PA,1479,1,18,4509,0,4528,G
3-PA,1480,0,4,4410,0,4414,G
3-PA,1481,1,5,4405,0,4411,G
3-PA,1482,4374,0,10,0,4384,A
3-PA,1483,4292,0,3,0,4295,A
3-PA,1484,1,2,4283,0,4286,G
3-PA,1485,1,0,4274,0,4275,G
3-PA,1486,1,1,0,4280,4282,C
3-PA,1487,1,2,4296,0,4299,G
3-PA,1488,4282,0,0,0,4282,A
3-PA,1489,4291,0,0,0,4291,A
3-PA,1490,4297,0,2,0,4299,A
3-PA,1491,4289,0,2,1,4292,A
3-PA,1492,4302,1,4,0,4307,A
3-PA,1493,0,7,0,4281,4288,C
3-PA,1494,4,0,0,4262,4266,C
3-PA,1495,4262,0,1,2,4265,A
3-PA,1496,4292,1,0,0,4293,A
3-PA,1497,1,4275,0,0,4276,T
3-PA,1498,0,4276,0,6,4282,T
3-PA,1499,0,4288,0,0,4288,T
3-PA,1500,4284,0,0,0,4284,A
3-PA,1501,0,4261,0,6,4267,T
3-PA,1502,4273,0,4,0,4277,A
3-PA,1503,0,4236,0,5,4241,T
3-PA,1504,0,3,4199,0,4202,G
3-PA,1505,0,3,4175,0,4178,G
3-PA,1506,4167,0,0,0,4167,A
3-PA,1507,0,4140,0,1,4141,T
3-PA,1508,0,4092,0,1,4093,T
3-PA,1509,4,0,0,4074,4078,C
3-PA,1510,4078,0,2,0,4080,A
3-PA,1511,1,4078,0,5,4084,T
3-PA,1512,3,3,1,4094,4101,C
3-PA,1513,4079,0,2,0,4081,A
3-PA,1514,0,4065,0,0,4065,T
3-PA,1515,4027,0,1,0,4028,A
3-PA,1516,4018,0,7,0,4025,A
3-PA,1517,4013,0,6,0,4019,A
3-PA,1518,0,6,3973,0,3979,G
3-PA,1519,0,0,3924,0,3924,G
3-PA,1520,0,2,3882,0,3884,G
3-PA,1521,3850,0,1,0,3851,A
3-PA,1522,3772,0,6,0,3778,A
3-PA,1523,0,2,3777,0,3779,G
3-PA,1524,3743,0,0,0,3743,A
3-PA,1525,0,3720,0,5,3725,T
3-PA,1526,1,0,0,3736,3737,C
3-PA,1527,0,3659,0,5,3664,T
3-PA,1528,4,0,0,3694,3698,C
3-PA,1529,3700,0,1,0,3701,A
3-PA,1530,0,3689,1,2,3692,T
3-PA,1531,1,3698,0,0,3699,T
3-PA,1532,0,3643,0,1,3644,T
3-PA,1533,3617,1,2,0,3620,A
3-PA,1534,3612,1,5,0,3618,A
3-PA,1535,0,3,3607,0,3610,G
3-PA,1536,1,2,3623,0,3626,G
3-PA,1537,3416,1,3,0,3420,A
3-PA,1538,3417,0,4,0,3421,A
3-PA,1539,0,3398,1,3,3402,T
3-PA,1540,1,4,3395,0,3400,G
3-PA,1541,3426,0,3,0,3429,A
3-PA,1542,0,3,0,3411,3414,C
3-PA,1543,3382,1,9,0,3392,A
3-PA,1544,0,1,0,3387,3388,C
3-PA,1545,3280,0,0,0,3280,A
3-PA,1546,0,0,3280,0,3280,G
3-PA,1547,3258,0,2,0,3260,A
3-PA,1548,0,0,0,3204,3204,C
3-PA,1549,0,0,3145,0,3145,G
3-PA,1550,0,2891,0,2,2893,T
3-PA,1551,0,1,2884,0,2885,G
3-PA,1552,0,0,2889,0,2889,G
3-PA,1553,1,2890,0,1,2892,T
3-PA,1554,2890,0,1,0,2891,A
3-PA,1555,2827,0,2,0,2829,A
3-PA,1556,2827,0,0,0,2827,A
3-PA,1557,0,2810,0,2,2812,T
3-PA,1558,0,2755,0,0,2755,T
3-PA,1559,0,2756,0,2,2758,T
3-PA,1560,0,2716,0,1,2717,T
3-PA,1561,2,0,2713,0,2715,G
3-PA,1562,0,2682,0,2,2684,T
3-PA,1563,3,3,2678,0,2684,G
3-PA,1564,2657,2,3,0,2662,A
3-PA,1565,3,0,2645,0,2648,G
3-PA,1566,1,3,0,2635,2639,C
3-PA,1567,2638,0,0,0,2638,A
3-PA,1568,0,2632,0,5,2637,T
3-PA,1569,0,1,2641,0,2642,G
3-PA,1570,0,2,2633,0,2635,G
3-PA,1571,2631,0,2,0,2633,A
3-PA,1572,0,0,2629,0,2629,G
3-PA,1573,0,2573,0,3,2576,T
3-PA,1574,0,2553,0,5,2558,T
3-PA,1575,0,2553,0,3,2556,T
3-PA,1576,0,2537,0,6,2543,T
3-PA,1577,1,0,0,2544,2545,C
3-PA,1578,0,2525,0,4,2529,T
3-PA,1579,3,0,0,2522,2525,C
3-PA,1580,0,2410,0,6,2416,T
3-PA,1581,1,0,0,2411,2412,C
3-PA,1582,2395,0,0,0,2395,A
3-PA,1583,1,0,0,2400,2401,C
3-PA,1584,0,2279,0,0,2279,T
3-PA,1585,0,3,2269,0,2272,G
3-PA,1586,2249,1,1,0,2251,A
3-PA,1587,0,0,0,2265,2265,C
3-PA,1588,0,0,0,2249,2249,C
3-PA,1589,5,3,0,2210,2218,C
3-PA,1590,1,4,2209,0,2214,G
3-PA,1591,2207,0,1,0,2208,A
3-PA,1592,0,3,2204,0,2207,G
3-PA,1593,2182,0,12,0,2194,A
3-PA,1594,0,0,0,2133,2133,C
3-PA,1595,0,2074,0,1,2075,T
3-PA,1596,1,1959,1,0,1961,T
3-PA,1597,0,2,1957,0,1959,G
3-PA,1598,1937,0,4,0,1941,A
3-PA,1599,0,0,1947,0,1947,G
3-PA,1600,1,0,0,1937,1938,C
3-PA,1601,1,1,0,1851,1853,C
3-PA,1602,1823,2,2,0,1827,A
3-PA,1603,0,1,0,1830,1831,C
3-PA,1604,1827,0,0,0,1827,A
3-PA,1605,0,1826,0,0,1826,T
3-PA,1606,1801,0,1,0,1802,A
3-PA,1607,1783,0,2,0,1785,A
3-PA,1608,1766,0,3,0,1769,A
3-PA,1609,0,1730,0,0,1730,T
3-PA,1610,1,5,1720,0,1726,G
3-PA,1611,0,1,1478,0,1479,G
3-PA,1612,0,0,1443,0,1443,G
3-PA,1613,1395,0,0,0,1395,A
3-PA,1614,0,2,1368,0,1370,G
3-PA,1615,1351,0,0,0,1351,A
3-PA,1616,1324,0,1,0,1325,A
3-PA,1617,1321,0,0,0,1321,A
3-PA,1618,0,1307,0,2,1309,T
3-PA,1619,1279,0,0,0,1279,A
3-PA,1620,2,52,0,1225,1279,C
3-PA,1621,0,690,0,0,690,T
3-PA,1622,0,1,680,0,681,G
3-PA,1623,0,333,1,0,334,T
3-PA,1624,0,0,328,0,328,G
3-PA,1625,0,265,0,0,265,T
3-PA,1626,0,0,0,95,95,C
3-PA,1627,0,0,0,75,75,C
3-PA,1628,0,48,0,0,48,T
3-PA,1629,0,48,0,0,48,T
3-PA,1630,0,0,49,0,49,G
3-PA,1631,50,0,0,0,50,A
3-PA,1632,0,0,50,0,50,G
3-PA,1633,50,0,0,0,50,A
3-PA,1634,0,50,0,0,50,T
3-PA,1635,49,0,0,0,49,A
3-PA,1636,0,0,50,0,50,G
3-PA,1637,0,0,50,0,50,G
3-PA,1638,49,0,0,0,49,A
3-PA,1639,0,0,50,0,50,G
3-PA,1640,50,0,0,0,50,A
3-PA,1641,0,50,0,0,50,T
3-PA,1642,50,0,0,0,50,A
3-PA,1643,0,50,0,0,50,T
3-PA,1644,0,0,50,0,50,G
3-PA,1645,0,49,0,0,49,T
3-PA,1646,0,50,0,0,50,T
3-PA,1647,51,0,0,0,51,A
3-PA,1648,0,0,0,51,51,C
3-PA,1649,0,51,0,0,51,T
3-PA,1650,50,0,0,0,50,A
3-PA,1651,50,0,0,0,50,A
3-PA,1652,0,0,50,0,50,G
3-PA,1653,50,0,0,0,50,A
3-PA,1654,49,0,0,0,49,A
3-PA,1655,0,0,49,0,49,G
3-PA,1656,0,49,0,0,49,T
3-PA,1657,0,0,50,0,50,G
3-PA,1658,0,0,0,49,49,C
3-PA,1659,0,0,0,49,49,C
3-PA,1660,49,0,0,0,49,A
3-PA,1661,0,48,0,0,48,T
3-PA,1662,49,0,0,0,49,A
3-PA,1663,0,0,49,0,49,G
3-PA,1664,0,0,50,0,50,G
3-PA,1665,0,0,0,49,49,C
3-PA,1666,0,0,0,51,51,C
3-PA,1667,49,0,0,0,49,A
3-PA,1668,49,0,0,0,49,A
3-PA,1669,49,0,0,0,49,A
3-PA,1670,0,49,0,0,49,T
3-PA,1671,0,48,0,0,48,T
3-PA,1672,0,49,0,0,49,T
3-PA,1673,0,0,0,49,49,C
3-PA,1674,38,1,0,0,39,A
3-PA,1675,41,0,0,0,41,A
3-PA,1676,0,0,44,0,44,G
3-PA,1677,0,0,43,0,43,G
3-PA,1678,0,0,0,43,43,C
3-PA,1679,0,0,0,44,44,C
3-PA,1680,0,1,40,0,41,G
3-PA,1681,40,0,0,0,40,A
3-PA,1682,0,41,0,0,41,T
3-PA,1683,0,0,42,0,42,G
3-PA,1684,0,42,0,0,42,T
3-PA,1685,0,43,0,0,43,T
3-PA,1686,0,0,0,43,43,C
3-PA,1687,0,42,0,0,42,T
3-PA,1688,0,42,0,0,42,T
3-PA,1689,0,0,44,0,44,G
3-PA,1690,0,42,0,0,42,T
3-PA,1691,43,0,0,0,43,A
3-PA,1692,0,41,0,0,41,T
3-PA,1693,0,0,41,0,41,G
3-PA,1694,0,40,0,0,40,T
3-PA,1695,0,0,40,0,40,G
3-PA,1696,41,0,0,0,41,A
3-PA,1697,0,0,41,0,41,G
3-PA,1698,0,0,41,0,41,G
3-PA,1699,40,0,0,0,40,A
3-PA,1700,0,0,0,41,41,C
3-PA,1701,40,0,0,0,40,A
3-PA,1702,40,0,0,0,40,A
3-PA,1703,38,0,2,0,40,A
3-PA,1704,0,0,0,40,40,C
3-PA,1705,0,0,40,0,40,G
3-PA,1706,0,0,40,0,40,G
3-PA,1707,40,0,0,0,40,A
3-PA,1708,40,0,0,0,40,A
3-PA,1709,0,0,0,41,41,C
3-PA,1710,41,0,0,0,41,A
3-PA,1711,0,41,0,0,41,T
3-PA,1712,0,0,0,40,40,C
3-PA,1713,41,0,0,0,41,A
3-PA,1714,40,0,0,0,40,A
3-PA,1715,39,0,0,0,39,A
3-PA,1716,0,0,40,0,40,G
3-PA,1717,0,0,39,0,39,G
3-PA,1718,0,40,0,0,40,T
3-PA,1719,39,0,0,0,39,A
3-PA,1720,40,0,0,0,40,A
3-PA,1721,40,0,0,0,40,A
3-PA,1722,40,0,0,0,40,A
3-PA,1723,39,0,0,0,39,A
3-PA,1724,0,40,0,0,40,T
3-PA,1725,0,0,39,0,39,G
3-PA,1726,39,0,0,0,39,A
3-PA,1727,39,0,0,0,39,A
3-PA,1728,39,0,0,0,39,A
3-PA,1729,0,39,0,0,39,T
3-PA,1730,0,0,40,0,40,G
3-PA,1731,0,0,39,0,39,G
3-PA,1732,0,0,40,0,40,G
3-PA,1733,0,0,44,0,44,G
3-PA,1734,42,0,0,0,42,A
3-PA,1735,44,0,0,0,44,A
3-PA,1736,0,43,0,0,43,T
3-PA,1737,0,0,44,0,44,G
3-PA,1738,0,0,44,0,44,G
3-PA,1739,43,0,0,0,43,A
3-PA,1740,0,0,43,0,43,G
3-PA,1741,43,0,0,0,43,A
3-PA,1742,0,42,0,0,42,T
3-PA,1743,0,0,43,0,43,G
3-PA,1744,42,0,0,0,42,A
3-PA,1745,0,0,42,0,42,G
3-PA,1746,42,0,0,0,42,A
3-PA,1747,0,0,0,42,42,C
3-PA,1748,0,0,42,0,42,G
3-PA,1749,0,42,0,0,42,T
3-PA,1750,0,42,0,0,42,T
3-PA,1751,0,0,42,0,42,G
3-PA,1752,0,0,0,42,42,C
3-PA,1753,0,0,0,43,43,C
3-PA,1754,0,43,0,0,43,T
3-PA,1755,0,0,0,43,43,C
3-PA,1756,0,0,0,46,46,C
3-PA,1757,0,46,0,0,46,T
3-PA,1758,0,47,0,0,47,T
3-PA,1759,0,0,0,47,47,C
3-PA,1760,47,0,0,0,47,A
3-PA,1761,0,0,47,0,47,G
3-PA,1762,0,47,0,0,47,T
3-PA,1763,0,0,0,47,47,C
3-PA,1764,46,0,0,0,46,A
3-PA,1765,0,0,0,48,48,C
3-PA,1766,0,48,0,0,48,T
3-PA,1767,0,0,0,49,49,C
3-PA,1768,0,0,0,49,49,C
3-PA,1769,49,0,0,0,49,A
3-PA,1770,0,0,49,0,49,G
3-PA,1771,0,0,0,49,49,C
3-PA,1772,49,0,0,0,49,A
3-PA,1773,0,0,50,0,50,G
3-PA,1774,48,0,0,0,48,A
3-PA,1775,0,49,0,0,49,T
3-PA,1776,0,0,0,48,48,C
3-PA,1777,0,0,49,0,49,G
3-PA,1778,49,0,0,0,49,A
3-PA,1779,0,0,50,0,50,G
3-PA,1780,50,0,0,0,50,A
3-PA,1781,0,0,50,0,50,G
3-PA,1782,0,0,0,51,51,C
3-PA,1783,51,0,0,0,51,A
3-PA,1784,0,51,0,0,51,T
3-PA,1785,0,0,53,0,53,G
3-PA,1786,53,0,0,0,53,A
3-PA,1787,0,53,0,0,53,T
3-PA,1788,0,54,0,0,54,T
3-PA,1789,0,0,54,0,54,G
3-PA,1790,55,0,0,0,55,A
3-PA,1791,55,0,0,0,55,A
3-PA,1792,0,0,55,0,55,G
3-PA,1793,0,0,0,55,55,C
3-PA,1794,0,0,0,55,55,C
3-PA,1795,0,0,53,0,53,G
3-PA,1796,54,0,0,0,54,A
3-PA,1797,0,0,54,0,54,G
3-PA,1798,0,54,0,0,54,T
3-PA,1799,0,0,0,54,54,C
3-PA,1800,0,0,0,52,52,C
3-PA,1801,0,53,0,0,53,T
3-PA,1802,0,0,0,53,53,C
3-PA,1803,0,0,53,0,53,G
3-PA,1804,0,0,54,0,54,G
3-PA,1805,0,54,0,0,54,T
3-PA,1806,0,54,0,0,54,T
3-PA,1807,54,0,0,0,54,A
3-PA,1808,54,0,0,0,54,A
3-PA,1809,53,0,0,0,53,A
3-PA,1810,0,0,54,0,54,G
3-PA,1811,54,0,0,0,54,A
3-PA,1812,0,0,54,0,54,G
3-PA,1813,54,0,0,0,54,A
3-PA,1814,54,0,0,0,54,A
3-PA,1815,54,0,0,0,54,A
3-PA,1816,0,0,53,0,53,G
3-PA,1817,52,0,0,0,52,A
3-PA,1818,0,0,0,52,52,C
3-PA,1819,53,0,0,0,53,A
3-PA,1820,0,53,0,0,53,T
3-PA,1821,0,0,52,0,52,G
3-PA,1822,53,0,0,0,53,A
3-PA,1823,0,0,0,54,54,C
3-PA,1824,0,0,0,54,54,C
3-PA,1825,54,0,0,0,54,A
3-PA,1826,54,0,0,0,54,A
3-PA,1827,54,0,0,0,54,A
3-PA,1828,0,0,54,0,54,G
3-PA,1829,54,0,0,0,54,A
3-PA,1830,0,0,53,0,53,G
3-PA,1831,0,53,0,0,53,T
3-PA,1832,0,53,0,0,53,T
3-PA,1833,0,53,0,0,53,T
3-PA,1834,0,53,0,0,53,T
3-PA,1835,0,53,0,0,53,T
3-PA,1836,0,53,0,0,53,T
3-PA,1837,0,0,53,0,53,G
3-PA,1838,53,0,0,0,53,A
3-PA,1839,0,0,49,0,49,G
3-PA,1840,53,0,0,0,53,A
3-PA,1841,53,0,0,0,53,A
3-PA,1842,0,53,0,0,53,T
3-PA,1843,53,0,0,0,53,A
3-PA,1844,52,0,0,0,52,A
3-PA,1845,53,0,0,0,53,A
3-PA,1846,0,50,0,0,50,T
3-PA,1847,0,0,0,53,53,C
3-PA,1848,53,0,0,0,53,A
3-PA,1849,0,0,53,0,53,G
3-PA,1850,53,0,0,0,53,A
3-PA,1851,53,0,0,0,53,A
3-PA,1852,0,0,53,0,53,G
3-PA,1853,0,0,0,52,52,C
3-PA,1854,51,0,0,0,51,A
3-PA,1855,0,52,0,0,52,T
3-PA,1856,0,0,52,0,52,G
3-PA,1857,0,0,52,0,52,G
3-PA,1858,0,0,0,51,51,C
3-PA,1859,0,0,0,55,55,C
3-PA,1860,0,0,0,55,55,C
3-PA,1861,58,0,0,0,58,A
3-PA,1862,0,58,0,0,58,T
3-PA,1863,0,58,0,0,58,T
3-PA,1864,0,0,58,0,58,G
3-PA,1865,0,0,58,0,58,G
3-PA,1866,0,0,57,0,57,G
3-PA,1867,0,0,58,0,58,G
3-PA,1868,58,0,0,0,58,A
3-PA,1869,0,0,57,0,57,G
3-PA,1870,0,58,0,0,58,T
3-PA,1871,0,0,0,58,58,C
3-PA,1872,0,58,0,0,58,T
3-PA,1873,0,0,0,63,63,C
3-PA,1874,0,0,0,64,64,C
3-PA,1875,0,0,0,64,64,C
3-PA,1876,64,0,0,0,64,A
3-PA,1877,64,0,0,0,64,A
3-PA,1878,0,1,63,0,64,G
3-PA,1879,0,0,61,0,61,G
3-PA,1880,0,0,61,0,61,G
3-PA,1881,53,0,0,0,53,A
3-PA,1882,0,0,54,0,54,G
3-PA,1883,0,54,0,0,54,T
3-PA,1884,0,0,55,0,55,G
3-PA,1885,0,0,55,0,55,G
3-PA,1886,55,0,0,0,55,A
3-PA,1887,54,0,0,0,54,A
3-PA,1888,0,0,54,0,54,G
3-PA,1889,54,0,0,0,54,A
3-PA,1890,53,0,0,0,53,A
3-PA,1891,0,0,54,0,54,G
3-PA,1892,0,0,54,0,54,G
3-PA,1893,0,53,0,0,53,T
3-PA,1894,0,53,0,0,53,T
3-PA,1895,0,0,0,51,51,C
3-PA,1896,0,0,0,52,52,C
3-PA,1897,53,0,0,0,53,A
3-PA,1898,0,51,0,0,51,T
3-PA,1899,0,52,0,0,52,T
3-PA,1900,0,0,53,0,53,G
3-PA,1901,0,0,54,0,54,G
3-PA,1902,0,0,54,0,54,G
3-PA,1903,54,0,0,0,54,A
3-PA,1904,54,0,0,0,54,A
3-PA,1905,55,0,0,0,55,A
3-PA,1906,0,0,56,0,56,G
3-PA,1907,0,56,0,0,56,T
3-PA,1908,0,0,0,58,58,C
3-PA,1909,0,57,0,0,57,T
3-PA,1910,0,0,57,0,57,G
3-PA,1911,0,57,0,0,57,T
3-PA,1912,57,0,0,0,57,A
3-PA,1913,0,0,57,0,57,G
3-PA,1914,0,0,55,0,55,G
3-PA,1915,54,0,0,0,54,A
3-PA,1916,0,0,0,53,53,C
3-PA,1917,0,55,0,0,55,T
3-PA,1918,0,0,0,55,55,C
3-PA,1919,0,55,0,0,55,T
3-PA,1920,55,0,0,0,55,A
3-PA,1921,0,56,0,0,56,T
3-PA,1922,0,54,0,0,54,T
3-PA,1923,0,0,56,0,56,G
3-PA,1924,0,0,56,0,56,G
3-PA,1925,0,0,0,54,54,C
3-PA,1926,0,55,0,0,55,T
3-PA,1927,52,0,0,0,52,A
3-PA,1928,54,0,0,0,54,A
3-PA,1929,0,0,54,0,54,G
3-PA,1930,0,54,0,0,54,T
3-PA,1931,0,0,0,54,54,C
3-PA,1932,53,0,0,0,53,A
3-PA,1933,0,0,55,0,55,G
3-PA,1934,0,56,0,0,56,T
3-PA,1935,56,0,0,0,56,A
3-PA,1936,0,56,0,0,56,T
3-PA,1937,0,56,0,0,56,T
3-PA,1938,0,0,0,56,56,C
3-PA,1939,56,0,0,0,56,A
3-PA,1940,56,0,0,0,56,A
3-PA,1941,0,56,0,0,56,T
3-PA,1942,53,0,0,0,53,A
3-PA,1943,0,0,53,0,53,G
3-PA,1944,0,0,0,54,54,C
3-PA,1945,0,0,0,55,55,C
3-PA,1946,0,54,0,0,54,T
3-PA,1947,0,0,54,0,54,G
3-PA,1948,0,53,0,0,53,T
3-PA,1949,54,0,0,0,54,A
3-PA,1950,0,53,0,0,53,T
3-PA,1951,0,0,53,0,53,G
3-PA,1952,0,0,0,52,52,C
3-PA,1953,52,0,0,0,52,A
3-PA,1954,0,51,0,0,51,T
3-PA,1955,0,0,0,51,51,C
3-PA,1956,49,1,0,0,50,A
3-PA,1957,0,0,0,51,51,C
3-PA,1958,0,0,0,50,50,C
3-PA,1959,49,0,0,0,49,A
3-PA,1960,0,0,0,53,53,C
3-PA,1961,53,0,0,0,53,A
3-PA,1962,53,0,0,0,53,A
3-PA,1963,0,53,0,0,53,T
3-PA,1964,0,53,0,0,53,T
3-PA,1965,1,0,52,0,53,G
3-PA,1966,0,0,52,0,52,G
3-PA,1967,52,0,0,0,52,A
3-PA,1968,52,0,0,0,52,A
3-PA,1969,0,0,52,0,52,G
3-PA,1970,0,0,52,0,52,G
3-PA,1971,52,0,0,0,52,A
3-PA,1972,0,52,0,0,52,T
3-PA,1973,0,52,0,0,52,T
3-PA,1974,0,52,0,0,52,T
3-PA,1975,0,52,0,0,52,T
3-PA,1976,0,0,0,51,51,C
3-PA,1977,51,0,0,0,51,A
3-PA,1978,0,0,51,0,51,G
3-PA,1979,0,0,0,51,51,C
3-PA,1980,0,1,50,0,51,G
3-PA,1981,0,0,51,0,51,G
3-PA,1982,50,0,0,0,50,A
3-PA,1983,0,0,51,0,51,G
3-PA,1984,0,50,0,0,50,T
3-PA,1985,0,0,0,50,50,C
3-PA,1986,51,0,0,0,51,A
3-PA,1987,51,0,0,0,51,A
3-PA,1988,0,0,51,0,51,G
3-PA,1989,51,0,0,0,51,A
3-PA,1990,51,0,0,0,51,A
3-PA,1991,50,0,0,0,50,A
3-PA,1992,51,0,1,0,52,A
3-PA,1993,0,0,0,51,51,C
3-PA,1994,0,50,0,0,50,T
3-PA,1995,0,0,51,0,51,G
3-PA,1996,0,0,0,51,51,C
3-PA,1997,0,51,0,0,51,T
3-PA,1998,0,0,0,51,51,C
3-PA,1999,0,0,0,51,51,C
3-PA,2000,0,50,0,0,50,T
3-PA,2001,0,49,0,0,49,T
3-PA,2002,1,0,49,0,50,G
3-PA,2003,0,50,0,0,50,T
3-PA,2004,0,49,0,0,49,T
3-PA,2005,0,0,49,0,49,G
3-PA,2006,0,49,0,0,49,T
3-PA,2007,0,48,0,0,48,T
3-PA,2008,0,0,0,48,48,C
3-PA,2009,48,0,0,0,48,A
3-PA,2010,0,0,48,0,48,G
3-PA,2011,0,0,49,0,49,G
3-PA,2012,0,0,0,49,49,C
3-PA,2013,0,48,0,0,48,T
3-PA,2014,0,0,0,48,48,C
3-PA,2015,0,47,0,0,47,T
3-PA,2016,0,47,0,0,47,T
3-PA,2017,47,0,0,0,47,A
3-PA,2018,0,0,47,0,47,G
3-PA,2019,0,0,45,0,45,G
3-PA,2020,0,0,45,0,45,G
3-PA,2021,45,0,0,0,45,A
3-PA,2022,0,0,0,44,44,C
3-PA,2023,43,0,0,0,43,A
3-PA,2024,43,0,0,0,43,A
3-PA,2025,0,2,0,41,43,C
3-PA,2026,0,0,0,42,42,C
3-PA,2027,0,41,0,0,41,T
3-PA,2028,0,0,2,39,41,C
3-PA,2029,0,0,42,0,42,G
3-PA,2030,40,0,0,0,40,A
3-PA,2031,40,0,0,0,40,A
3-PA,2032,0,0,0,42,42,C
3-PA,2033,0,0,0,42,42,C
3-PA,2034,0,40,0,0,40,T
3-PA,2035,0,0,40,0,40,G
3-PA,2036,0,0,40,0,40,G
3-PA,2037,0,0,40,0,40,G
3-PA,2038,40,0,0,0,40,A
3-PA,2039,0,0,0,39,39,C
3-PA,2040,38,0,0,2,40,A
3-PA,2041,0,40,0,0,40,T
3-PA,2042,0,40,0,0,40,T
3-PA,2043,0,38,0,0,38,T
3-PA,2044,0,0,40,0,40,G
3-PA,2045,39,0,0,0,39,A
3-PA,2046,0,39,0,0,39,T
3-PA,2047,0,0,0,39,39,C
3-PA,2048,0,38,0,0,38,T
3-PA,2049,0,38,0,0,38,T
3-PA,2050,0,0,38,0,38,G
3-PA,2051,0,0,38,0,38,G
3-PA,2052,0,0,38,0,38,G
3-PA,2053,0,0,37,0,37,G
3-PA,2054,0,0,37,0,37,G
3-PA,2055,0,0,37,0,37,G
3-PA,2056,0,0,0,37,37,C
3-PA,2057,0,37,0,0,37,T
3-PA,2058,38,0,0,0,38,A
3-PA,2059,0,37,0,0,37,T
3-PA,2060,37,0,0,0,37,A
3-PA,2061,0,36,0,0,36,T
3-PA,2062,0,0,32,0,32,G
3-PA,2063,33,0,0,0,33,A
3-PA,2064,33,0,0,0,33,A
3-PA,2065,0,0,33,0,33,G
3-PA,2066,0,0,0,33,33,C
3-PA,2067,32,0,0,0,32,A
3-PA,2068,32,0,0,0,32,A
3-PA,2069,0,32,0,0,32,T
3-PA,2070,0,32,0,0,32,T
3-PA,2071,0,0,32,0,32,G
3-PA,2072,32,0,0,0,32,A
3-PA,2073,0,0,32,0,32,G
3-PA,2074,0,0,32,0,32,G
3-PA,2075,31,0,0,0,31,A
3-PA,2076,0,0,31,0,31,G
3-PA,2077,0,27,0,0,27,T
3-PA,2078,0,0,26,0,26,G
3-PA,2079,0,0,0,27,27,C
3-PA,2080,0,0,0,27,27,C
3-PA,2081,0,27,0,0,27,T
3-PA,2082,0,0,26,1,27,G
3-PA,2083,27,0,0,0,27,A
3-PA,2084,0,27,0,0,27,T
3-PA,2085,0,27,0,0,27,T
3-PA,2086,26,0,0,0,26,A
3-PA,2087,26,0,0,0,26,A
3-PA,2088,0,25,0,0,25,T
3-PA,2089,0,0,25,0,25,G
3-PA,2090,24,0,0,0,24,A
3-PA,2091,0,24,0,0,24,T
3-PA,2092,0,0,0,24,24,C
3-PA,2093,0,0,0,24,24,C
3-PA,2094,0,0,0,24,24,C
3-PA,2095,0,24,0,0,24,T
3-PA,2096,0,0,24,0,24,G
3-PA,2097,0,0,24,0,24,G
3-PA,2098,0,0,25,0,25,G
3-PA,2099,0,25,0,0,25,T
3-PA,2100,0,24,0,0,24,T
3-PA,2101,0,24,0,0,24,T
3-PA,2102,0,23,0,0,23,T
3-PA,2103,0,0,24,0,24,G
3-PA,2104,0,0,0,24,24,C
3-PA,2105,0,23,0,0,23,T
3-PA,2106,0,2,0,21,23,C
3-PA,2107,22,0,0,0,22,A
3-PA,2108,22,0,0,0,22,A
3-PA,2109,0,22,0,0,22,T
3-PA,2110,0,0,21,0,21,G
3-PA,2111,0,0,0,22,22,C
3-PA,2112,0,2,19,0,21,G
3-PA,2113,0,20,0,0,20,T
3-PA,2114,0,0,0,21,21,C
3-PA,2115,0,21,0,0,21,T
3-PA,2116,0,21,0,0,21,T
3-PA,2117,0,0,21,0,21,G
3-PA,2118,0,0,21,0,21,G
3-PA,2119,0,21,0,0,21,T
3-PA,2120,0,21,0,0,21,T
3-PA,2121,0,0,0,21,21,C
3-PA,2122,21,0,0,0,21,A
3-PA,2123,22,0,0,0,22,A
3-PA,2124,0,0,0,22,22,C
3-PA,2125,0,22,0,0,22,T
3-PA,2126,0,0,0,22,22,C
3-PA,2127,0,0,0,22,22,C
3-PA,2128,0,22,0,0,22,T
3-PA,2129,0,22,0,0,22,T
3-PA,2130,0,0,0,22,22,C
3-PA,2131,0,0,0,22,22,C
3-PA,2132,0,22,0,0,22,T
3-PA,2133,2,0,20,0,22,G
3-PA,2134,22,0,0,0,22,A
3-PA,2135,0,1,0,20,21,C
3-PA,2136,20,0,0,0,20,A
3-PA,2137,0,0,0,18,18,C
3-PA,2138,18,0,0,0,18,A
3-PA,2139,0,18,0,0,18,T
3-PA,2140,0,0,18,0,18,G
3-PA,2141,0,0,0,18,18,C
3-PA,2142,17,0,0,0,17,A
3-PA,2143,0,17,0,0,17,T
3-PA,2144,0,16,0,0,16,T
3-PA,2145,15,0,1,0,16,A
3-PA,2146,16,0,0,0,16,A
3-PA,2147,15,0,1,0,16,A
3-PA,2148,16,0,0,0,16,A
3-PA,2149,0,16,0,0,16,T
3-PA,2150,14,0,0,0,14,A
3-PA,2151,0,0,14,0,14,G
4-HA,1,25,0,0,0,25,A
4-HA,2,0,26,0,0,26,T
4-HA,3,0,0,26,0,26,G
4-HA,4,27,0,0,0,27,A
4-HA,5,28,0,0,0,28,A
4-HA,6,0,0,32,0,32,G
4-HA,7,32,0,0,0,32,A
4-HA,8,0,0,0,35,35,C
4-HA,9,0,35,0,0,35,T
4-HA,10,35,0,0,0,35,A
4-HA,11,0,37,0,0,37,T
4-HA,12,0,0,0,37,37,C
4-HA,13,37,0,0,0,37,A
4-HA,14,0,37,0,0,37,T
4-HA,15,0,37,0,0,37,T
4-HA,16,0,0,40,0,40,G
4-HA,17,0,0,0,41,41,C
4-HA,18,0,41,0,0,41,T
4-HA,19,0,42,0,0,42,T
4-HA,20,0,42,0,0,42,T
4-HA,21,0,0,47,0,47,G
4-HA,22,47,0,0,0,47,A
4-HA,23,0,0,47,0,47,G
4-HA,24,0,0,0,48,48,C
4-HA,25,0,48,0,0,48,T
4-HA,26,50,0,0,0,50,A
4-HA,27,0,0,0,50,50,C
4-HA,28,48,0,0,0,48,A
4-HA,29,0,52,0,0,52,T
4-HA,30,0,53,0,0,53,T
4-HA,31,0,0,0,54,54,C
4-HA,32,0,56,0,0,56,T
4-HA,33,56,0,0,0,56,A
4-HA,34,0,56,0,0,56,T
4-HA,35,0,0,57,0,57,G
4-HA,36,0,57,0,0,57,T
4-HA,37,0,0,0,57,57,C
4-HA,38,0,57,0,0,57,T
4-HA,39,0,0,57,0,57,G
4-HA,40,0,0,58,0,58,G
4-HA,41,0,58,0,0,58,T
4-HA,42,0,59,0,0,59,T
4-HA,43,0,59,0,0,59,T
4-HA,44,0,59,0,0,59,T
4-HA,45,0,0,0,59,59,C
4-HA,46,1,0,58,0,59,G
4-HA,47,0,0,0,61,61,C
4-HA,48,0,61,0,0,61,T
4-HA,49,0,0,0,61,61,C
4-HA,50,61,0,0,0,61,A
4-HA,51,61,0,0,0,61,A
4-HA,52,61,0,0,0,61,A
4-HA,53,61,0,0,0,61,A
4-HA,54,61,0,0,0,61,A
4-HA,55,0,0,0,62,62,C
4-HA,56,0,62,0,0,62,T
4-HA,57,0,62,0,0,62,T
4-HA,58,0,0,0,62,62,C
4-HA,59,0,0,0,61,61,C
4-HA,60,0,62,0,0,62,T
4-HA,61,0,0,62,0,62,G
4-HA,62,0,0,63,0,63,G
4-HA,63,62,0,0,0,62,A
4-HA,64,63,0,0,0,63,A
4-HA,65,62,0,0,0,62,A
4-HA,66,0,63,0,0,63,T
4-HA,67,0,0,64,0,64,G
4-HA,68,64,0,0,0,64,A
4-HA,69,0,0,0,66,66,C
4-HA,70,66,0,0,0,66,A
4-HA,71,65,0,0,0,65,A
4-HA,72,0,0,0,66,66,C
4-HA,73,66,0,0,0,66,A
4-HA,74,0,0,68,0,68,G
4-HA,75,0,0,0,69,69,C
4-HA,76,68,0,0,0,68,A
4-HA,77,0,0,0,71,71,C
4-HA,78,0,0,69,0,69,G
4-HA,79,0,0,68,0,68,G
4-HA,80,0,0,0,70,70,C
4-HA,81,70,0,0,0,70,A
4-HA,82,73,0,0,0,73,A
4-HA,83,0,0,0,73,73,C
4-HA,84,0,0,74,0,74,G
4-HA,85,0,0,0,76,76,C
4-HA,86,0,74,0,0,74,T
4-HA,87,0,0,76,0,76,G
4-HA,88,0,77,0,0,77,T
4-HA,89,0,0,78,0,78,G
4-HA,90,0,0,0,80,80,C
4-HA,91,0,0,0,78,78,C
4-HA,92,0,78,0,0,78,T
4-HA,93,0,79,0,0,79,T
4-HA,94,0,0,80,0,80,G
4-HA,95,0,0,78,0,78,G
4-HA,96,0,0,79,0,79,G
4-HA,97,0,0,0,80,80,C
4-HA,98,81,0,0,0,81,A
4-HA,99,0,0,0,83,83,C
4-HA,100,0,0,0,81,81,C
4-HA,101,96,0,0,0,96,A
4-HA,102,0,96,0,0,96,T
4-HA,103,0,0,95,0,95,G
4-HA,104,0,0,0,97,97,C
4-HA,105,97,0,0,0,97,A
4-HA,106,2,0,99,0,101,G
4-HA,107,0,101,0,0,101,T
4-HA,108,102,0,0,0,102,A
4-HA,109,0,0,0,100,100,C
4-HA,110,0,0,0,98,98,C
4-HA,111,101,0,0,0,101,A
4-HA,112,101,0,0,0,101,A
4-HA,113,101,0,0,0,101,A
4-HA,114,0,0,0,101,101,C
4-HA,115,0,0,99,0,99,G
4-HA,116,0,0,101,0,101,G
4-HA,117,101,0,0,0,101,A
4-HA,118,102,0,0,0,102,A
4-HA,119,0,0,0,102,102,C
4-HA,120,100,0,0,0,100,A
4-HA,121,102,0,0,0,102,A
4-HA,122,0,102,0,0,102,T
4-HA,123,105,0,0,0,105,A
4-HA,124,0,0,106,0,106,G
4-HA,125,0,106,0,0,106,T
4-HA,126,0,0,105,0,105,G
4-HA,127,106,0,0,0,106,A
4-HA,128,106,0,0,0,106,A
4-HA,129,106,0,0,0,106,A
4-HA,130,107,0,0,0,107,A
4-HA,131,0,0,0,109,109,C
4-HA,132,108,0,0,0,108,A
4-HA,133,110,0,0,0,110,A
4-HA,134,0,110,0,0,110,T
4-HA,135,0,0,0,110,110,C
4-HA,136,110,0,0,0,110,A
4-HA,137,0,0,0,111,111,C
4-HA,138,0,0,111,0,111,G
4-HA,139,111,0,0,0,111,A
4-HA,140,111,0,0,0,111,A
4-HA,141,0,111,0,0,111,T
4-HA,142,0,1,110,0,111,G
4-HA,143,112,0,0,0,112,A
4-HA,144,0,0,0,112,112,C
4-HA,145,0,0,0,112,112,C
4-HA,146,113,0,0,0,113,A
4-HA,147,112,0,0,0,112,A
4-HA,148,112,0,0,0,112,A
4-HA,149,0,113,0,0,113,T
4-HA,150,0,113,0,0,113,T
4-HA,151,0,1,112,0,113,G
4-HA,152,113,0,0,0,113,A
4-HA,153,113,0,0,0,113,A
4-HA,154,0,0,113,0,113,G
4-HA,155,0,112,0,0,112,T
4-HA,156,0,115,0,0,115,T
4-HA,157,115,0,0,0,115,A
4-HA,158,0,0,0,116,116,C
4-HA,159,0,117,0,0,117,T
4-HA,160,116,0,0,0,116,A
4-HA,161,120,0,0,0,120,A
4-HA,162,0,120,0,0,120,T
4-HA,163,0,0,120,0,120,G
4-HA,164,0,0,0,123,123,C
4-HA,165,0,122,0,0,122,T
4-HA,166,124,0,0,0,124,A
4-HA,167,0,0,0,124,124,C
4-HA,168,0,124,0,0,124,T
4-HA,169,0,0,124,0,124,G
4-HA,170,123,0,1,0,124,A
4-HA,171,0,0,124,0,124,G
4-HA,172,0,0,0,124,124,C
4-HA,173,0,124,0,0,124,T
4-HA,174,0,0,124,0,124,G
4-HA,175,0,1,125,0,126,G
4-HA,176,0,126,0,0,126,T
4-HA,177,0,125,0,0,125,T
4-HA,178,0,0,0,126,126,C
4-HA,179,125,0,0,0,125,A
4-HA,180,0,0,125,0,125,G
4-HA,181,125,0,0,0,125,A
4-HA,182,0,0,127,0,127,G
4-HA,183,0,124,0,0,124,T
4-HA,184,0,124,0,0,124,T
4-HA,185,0,0,0,123,123,C
4-HA,186,1,0,0,124,125,C
4-HA,187,0,125,0,0,125,T
4-HA,188,0,0,0,127,127,C
4-HA,189,126,0,0,0,126,A
4-HA,190,126,0,0,0,126,A
4-HA,191,0,0,0,127,127,C
4-HA,192,124,0,0,0,124,A
4-HA,193,0,0,125,0,125,G
4-HA,194,0,0,124,0,124,G
4-HA,195,0,120,0,0,120,T
4-HA,196,0,0,120,0,120,G
4-HA,197,120,0,0,0,120,A
4-HA,198,120,0,0,0,120,A
4-HA,199,121,0,0,0,121,A
4-HA,200,0,121,0,0,121,T
4-HA,201,120,0,0,0,120,A
4-HA,202,0,118,0,0,118,T
4-HA,203,0,0,118,0,118,G
4-HA,204,0,0,0,119,119,C
4-HA,205,0,1,118,0,119,G
4-HA,206,117,0,0,0,117,A
4-HA,207,0,0,0,118,118,C
4-HA,208,118,0,0,0,118,A
4-HA,209,0,0,130,0,130,G
4-HA,210,0,128,0,1,129,T
4-HA,211,0,0,0,129,129,C
4-HA,212,0,0,0,128,128,C
4-HA,213,0,130,0,0,130,T
4-HA,214,0,0,0,130,130,C
4-HA,215,129,0,0,0,129,A
4-HA,216,0,130,0,0,130,T
4-HA,217,0,0,0,130,130,C
4-HA,218,129,0,0,0,129,A
4-HA,219,0,0,131,0,131,G
4-HA,220,129,0,0,0,129,A
4-HA,221,0,130,0,0,130,T
4-HA,222,0,0,0,133,133,C
4-HA,223,0,0,0,130,130,C
4-HA,224,0,129,0,0,129,T
4-HA,225,0,131,0,0,131,T
4-HA,226,0,0,131,0,131,G
4-HA,227,131,0,0,0,131,A
4-HA,228,0,131,0,0,131,T
4-HA,229,0,1,131,0,132,G
4-HA,230,0,0,132,0,132,G
4-HA,231,131,0,0,0,131,A
4-HA,232,0,0,132,0,132,G
4-HA,233,131,0,0,0,131,A
4-HA,234,0,0,129,0,129,G
4-HA,235,135,0,0,0,135,A
4-HA,236,134,0,0,0,134,A
4-HA,237,0,0,0,135,135,C
4-HA,238,0,134,0,0,134,T
4-HA,239,0,0,135,0,135,G
4-HA,240,0,0,0,134,134,C
4-HA,241,135,0,0,0,135,A
4-HA,242,0,0,0,141,141,C
4-HA,243,139,0,0,0,139,A
4-HA,244,0,0,0,155,155,C
4-HA,245,0,156,0,0,156,T
4-HA,246,158,0,0,0,158,A
4-HA,247,158,0,0,0,158,A
4-HA,248,0,157,0,0,157,T
4-HA,249,158,0,0,0,158,A
4-HA,250,0,0,159,0,159,G
4-HA,251,158,0,0,0,158,A
4-HA,252,0,152,0,0,152,T
4-HA,253,0,0,146,0,146,G
4-HA,254,0,0,0,149,149,C
4-HA,255,0,148,0,0,148,T
4-HA,256,0,0,0,154,154,C
4-HA,257,0,152,0,0,152,T
4-HA,258,166,0,0,0,166,A
4-HA,259,0,166,0,0,166,T
4-HA,260,0,165,0,0,165,T
4-HA,261,0,0,172,0,172,G
4-HA,262,0,0,175,0,175,G
4-HA,263,0,0,178,0,178,G
4-HA,264,172,0,0,0,172,A
4-HA,265,0,0,175,0,175,G
4-HA,266,172,0,0,0,172,A
4-HA,267,0,0,0,273,273,C
4-HA,268,0,0,0,299,299,C
4-HA,269,1,0,0,314,315,C
4-HA,270,0,322,0,0,322,T
4-HA,271,0,0,0,332,332,C
4-HA,272,331,0,0,0,331,A
4-HA,273,163,0,224,0,387,G
4-HA,274,0,396,0,0,396,T
4-HA,275,0,0,402,0,402,G
4-HA,276,0,400,0,0,400,T
4-HA,277,0,0,401,0,401,G
4-HA,278,401,0,0,0,401,A
4-HA,279,0,402,0,0,402,T
4-HA,280,0,0,401,0,401,G
4-HA,281,0,0,398,0,398,G
4-HA,282,0,0,0,404,404,C
4-HA,283,0,405,0,0,405,T
4-HA,284,0,406,0,1,407,T
4-HA,285,0,0,0,408,408,C
4-HA,286,0,0,0,409,409,C
4-HA,287,411,0,0,0,411,A
4-HA,288,412,0,0,0,412,A
4-HA,289,412,0,0,0,412,A
4-HA,290,416,0,0,0,416,A
4-HA,291,0,419,0,0,419,T
4-HA,292,419,0,0,0,419,A
4-HA,293,423,0,0,0,423,A
4-HA,294,0,0,425,0,425,G
4-HA,295,427,0,0,0,427,A
4-HA,296,431,0,0,0,431,A
4-HA,297,429,0,0,0,429,A
4-HA,298,0,432,0,0,432,T
4-HA,299,0,0,430,0,430,G
4-HA,300,0,0,435,0,435,G
4-HA,301,0,1,432,0,433,G
4-HA,302,431,0,0,0,431,A
4-HA,303,0,0,0,438,438,C
4-HA,304,0,1,0,440,441,C
4-HA,305,0,459,0,0,459,T
4-HA,306,0,455,0,0,455,T
4-HA,307,0,458,0,0,458,T
4-HA,308,0,465,0,0,465,T
4-HA,309,0,465,0,0,465,T
4-HA,310,0,0,470,0,470,G
4-HA,311,0,470,0,0,470,T
4-HA,312,0,470,0,0,470,T
4-HA,313,1,1,471,0,473,G
4-HA,314,470,0,1,0,471,A
4-HA,315,474,0,1,0,475,A
4-HA,316,0,0,0,475,475,C
4-HA,317,0,0,471,0,471,G
4-HA,318,0,0,0,484,484,C
4-HA,319,481,0,0,0,481,A
4-HA,320,0,0,485,0,485,G
4-HA,321,0,0,0,486,486,C
4-HA,322,482,0,0,1,483,A
4-HA,323,482,0,0,0,482,A
4-HA,324,485,0,2,0,487,A
4-HA,325,1,0,518,0,519,G
4-HA,326,0,0,0,520,520,C
4-HA,327,0,0,0,523,523,C
4-HA,328,0,524,0,1,525,T
4-HA,329,530,0,0,0,530,A
4-HA,330,0,0,0,536,536,C
4-HA,331,533,0,0,0,533,A
4-HA,332,0,0,534,0,534,G
4-HA,333,0,0,0,536,536,C
4-HA,334,529,0,0,0,529,A
4-HA,335,536,1,0,0,537,A
4-HA,336,0,0,0,566,566,C
4-HA,337,0,565,0,0,565,T
4-HA,338,0,0,568,0,568,G
4-HA,339,0,563,1,0,564,T
4-HA,340,0,569,0,0,569,T
4-HA,341,569,0,5,0,574,A
4-HA,342,0,0,0,640,640,C
4-HA,343,1,0,0,641,642,C
4-HA,344,0,0,0,661,661,C
4-HA,345,0,652,0,2,654,T
4-HA,346,0,654,0,0,654,T
4-HA,347,657,0,0,0,657,A
4-HA,348,0,654,0,0,654,T
4-HA,349,1,0,653,0,654,G
4-HA,350,654,0,0,0,654,A
4-HA,351,0,637,0,0,637,T
4-HA,352,0,0,653,0,653,G
4-HA,353,0,650,0,0,650,T
4-HA,354,0,0,648,0,648,G
4-HA,355,0,0,0,649,649,C
4-HA,356,0,1,0,650,651,C
4-HA,357,0,2,674,0,676,G
4-HA,358,0,0,684,0,684,G
4-HA,359,683,0,0,0,683,A
4-HA,360,0,691,0,0,691,T
4-HA,361,0,683,0,0,683,T
4-HA,362,687,0,0,0,687,A
4-HA,363,0,687,0,0,687,T
4-HA,364,0,0,684,0,684,G
4-HA,365,0,0,0,685,685,C
4-HA,366,1,1,0,678,680,C
4-HA,367,0,693,0,1,694,T
4-HA,368,0,0,0,756,756,C
4-HA,369,1,0,0,761,762,C
4-HA,370,1,0,0,760,761,C
4-HA,371,0,757,0,0,757,T
4-HA,372,0,761,0,0,761,T
4-HA,373,762,0,0,0,762,A
4-HA,374,0,0,786,0,786,G
4-HA,375,0,0,791,0,791,G
4-HA,376,0,783,0,0,783,T
4-HA,377,1,0,0,780,781,C
4-HA,378,778,0,0,0,778,A
4-HA,379,0,0,0,800,800,C
4-HA,380,2,801,0,0,803,T
4-HA,381,803,0,0,0,803,A
4-HA,382,0,0,801,0,801,G
4-HA,383,0,797,0,0,797,T
4-HA,384,0,798,0,0,798,T
4-HA,385,0,0,806,0,806,G
4-HA,386,0,0,0,802,802,C
4-HA,387,0,0,0,806,806,C
4-HA,388,0,794,0,5,799,T
4-HA,389,1,0,0,800,801,C
4-HA,390,830,0,0,0,830,A
4-HA,391,0,835,0,1,836,T
4-HA,392,1,0,0,839,840,C
4-HA,393,0,0,0,839,839,C
4-HA,394,0,1,833,0,834,G
4-HA,395,0,0,843,0,843,G
4-HA,396,0,1,0,846,847,C
4-HA,397,861,0,0,0,861,A
4-HA,398,0,0,0,882,882,C
4-HA,399,873,0,0,0,873,A
4-HA,400,0,0,0,881,881,C
4-HA,401,0,876,0,0,876,T
4-HA,402,0,1,893,0,894,G
4-HA,403,0,0,903,0,903,G
4-HA,404,895,0,0,0,895,A
4-HA,405,0,0,913,0,913,G
4-HA,406,0,906,0,0,906,T
4-HA,407,0,911,0,0,911,T
4-HA,408,0,906,0,1,907,T
4-HA,409,910,0,0,0,910,A
4-HA,410,912,0,0,0,912,A
4-HA,411,0,0,0,916,916,C
4-HA,412,909,0,0,0,909,A
4-HA,413,905,0,0,0,905,A
4-HA,414,0,910,0,1,911,T
4-HA,415,0,0,908,0,908,G
4-HA,416,909,0,0,0,909,A
4-HA,417,910,0,0,0,910,A
4-HA,418,914,0,2,0,916,A
4-HA,419,0,0,920,0,920,G
4-HA,420,0,0,0,924,924,C
4-HA,421,0,919,0,0,919,T
4-HA,422,0,921,0,0,921,T
4-HA,423,0,0,0,935,935,C
4-HA,424,934,0,0,0,934,A
4-HA,425,931,0,0,0,931,A
4-HA,426,0,937,0,0,937,T
4-HA,427,0,936,0,0,936,T
4-HA,428,0,1,960,0,961,G
4-HA,429,0,0,962,0,962,G
4-HA,430,962,0,1,0,963,A
4-HA,431,0,0,0,964,964,C
4-HA,432,0,956,0,0,956,T
4-HA,433,0,1,961,0,962,G
4-HA,434,0,2,958,0,960,G
4-HA,435,955,0,1,0,956,A
4-HA,436,0,0,966,0,966,G
4-HA,437,0,955,0,1,956,T
4-HA,438,0,0,0,945,945,C
4-HA,439,952,0,0,0,952,A
4-HA,440,0,0,0,962,962,C
4-HA,441,0,955,0,0,955,T
4-HA,442,1,0,0,957,958,C
4-HA,443,960,0,1,0,961,A
4-HA,444,971,0,0,0,971,A
4-HA,445,964,0,0,0,964,A
4-HA,446,967,0,0,0,967,A
4-HA,447,0,0,0,972,972,C
4-HA,448,1,0,969,0,970,G
4-HA,449,0,1,979,0,980,G
4-HA,450,977,0,1,1,979,A
4-HA,451,986,0,0,0,986,A
4-HA,452,0,0,0,986,986,C
4-HA,453,986,0,2,0,988,A
4-HA,454,992,0,0,0,992,A
4-HA,455,0,0,1001,0,1001,G
4-HA,456,0,1,0,997,998,C
4-HA,457,0,995,0,1,996,T
4-HA,458,1,0,0,1000,1001,C
4-HA,459,0,993,0,0,993,T
4-HA,460,1,1,991,2,995,G
4-HA,461,0,0,0,999,999,C
4-HA,462,0,1003,0,0,1003,T
4-HA,463,0,1017,0,10,1027,T
4-HA,464,0,0,1050,0,1050,G
4-HA,465,0,0,0,1060,1060,C
4-HA,466,1059,0,0,0,1059,A
4-HA,467,0,1057,0,0,1057,T
4-HA,468,1057,0,0,1,1058,A
4-HA,469,1053,0,1,0,1054,A
4-HA,470,1,1,1055,0,1057,G
4-HA,471,0,1,1046,0,1047,G
4-HA,472,1030,0,0,0,1030,A
4-HA,473,0,0,1038,0,1038,G
4-HA,474,1030,0,1,0,1031,A
4-HA,475,0,1090,0,0,1090,T
4-HA,476,0,0,0,1093,1093,C
4-HA,477,0,1105,0,0,1105,T
4-HA,478,1108,0,0,0,1108,A
4-HA,479,1104,1,0,1,1106,A
4-HA,480,0,1109,0,0,1109,T
4-HA,481,1111,0,0,0,1111,A
4-HA,482,1100,0,1,0,1101,A
4-HA,483,0,0,0,1109,1109,C
4-HA,484,1090,0,0,0,1090,A
4-HA,485,0,0,1109,0,1109,G
4-HA,486,0,1089,1,0,1090,T
4-HA,487,0,1105,0,2,1107,T
4-HA,488,0,1115,0,1,1116,T
4-HA,489,0,0,0,1149,1149,C
4-HA,490,0,1147,0,3,1150,T
4-HA,491,0,1155,0,0,1155,T
4-HA,492,0,1155,0,0,1155,T
4-HA,493,1154,0,0,0,1154,A
4-HA,494,0,0,1159,0,1159,G
4-HA,495,0,1155,0,0,1155,T
4-HA,496,1166,1,0,0,1167,A
4-HA,497,0,2,1165,0,1167,G
4-HA,498,1155,0,0,0,1155,A
4-HA,499,0,1154,0,0,1154,T
4-HA,500,0,1152,0,1,1153,T
4-HA,501,0,2,1173,0,1175,G
4-HA,502,1175,0,0,0,1175,A
4-HA,503,1170,0,0,0,1170,A
4-HA,504,0,1172,0,0,1172,T
4-HA,505,0,1160,0,0,1160,T
4-HA,506,0,1,1180,0,1181,G
4-HA,507,0,0,1178,0,1178,G
4-HA,508,0,1178,0,0,1178,T
4-HA,509,0,1180,0,0,1180,T
4-HA,510,1,3,1165,0,1169,G
4-HA,511,1167,0,2,0,1169,A
4-HA,512,0,0,0,1171,1171,C
4-HA,513,0,0,0,1170,1170,C
4-HA,514,1,0,0,1171,1172,C
4-HA,515,1174,0,1,0,1175,A
4-HA,516,0,0,0,1187,1187,C
4-HA,517,0,1186,0,0,1186,T
4-HA,518,0,1186,0,0,1186,T
4-HA,519,1188,0,0,0,1188,A
4-HA,520,1183,0,3,0,1186,A
4-HA,521,1185,0,0,0,1185,A
4-HA,522,1193,0,0,0,1193,A
4-HA,523,0,1207,0,0,1207,T
4-HA,524,0,1207,0,1,1208,T
4-HA,525,1,0,0,1219,1220,C
4-HA,526,1216,0,0,0,1216,A
4-HA,527,1216,0,1,0,1217,A
4-HA,528,1220,0,0,0,1220,A
4-HA,529,0,1220,0,0,1220,T
4-HA,530,1244,0,0,0,1244,A
4-HA,531,0,0,0,1253,1253,C
4-HA,532,1,1,0,1236,1238,C
4-HA,533,1,0,0,1236,1237,C
4-HA,534,1237,0,0,0,1237,A
4-HA,535,1,0,1284,0,1285,G
4-HA,536,0,0,0,1292,1292,C
4-HA,537,1292,0,0,0,1292,A
4-HA,538,0,1293,0,0,1293,T
4-HA,539,0,1266,0,0,1266,T
4-HA,540,0,2,1295,0,1297,G
4-HA,541,1299,0,5,0,1304,A
4-HA,542,1301,0,3,0,1304,A
4-HA,543,0,0,0,1306,1306,C
4-HA,544,0,0,1271,0,1271,G
4-HA,545,0,1275,1,1,1277,T
4-HA,546,0,0,1286,0,1286,G
4-HA,547,1286,0,0,0,1286,A
4-HA,548,0,0,0,1294,1294,C
4-HA,549,0,1260,0,4,1264,T
4-HA,550,1298,0,1,0,1299,A
4-HA,551,0,1293,0,1,1294,T
4-HA,552,0,1,1299,0,1300,G
4-HA,553,1,1,0,1297,1299,C
4-HA,554,0,0,0,1282,1282,C
4-HA,555,1287,0,0,0,1287,A
4-HA,556,1291,0,0,0,1291,A
4-HA,557,1299,0,0,1,1300,A
4-HA,558,0,0,0,1302,1302,C
4-HA,559,1285,0,0,0,1285,A
4-HA,560,1283,0,0,0,1283,A
4-HA,561,0,1273,0,0,1273,T
4-HA,562,0,0,1278,0,1278,G
4-HA,563,1277,0,3,0,1280,A
4-HA,564,1280,0,0,0,1280,A
4-HA,565,0,1,0,1263,1264,C
4-HA,566,1269,0,0,0,1269,A
4-HA,567,1278,0,0,0,1278,A
4-HA,568,0,1273,0,0,1273,T
4-HA,569,0,1276,0,1,1277,T
4-HA,570,0,1278,0,0,1278,T
4-HA,571,0,2,1274,0,1276,G
4-HA,572,1276,0,0,0,1276,A
4-HA,573,0,0,0,1281,1281,C
4-HA,574,1290,0,0,0,1290,A
4-HA,575,1291,0,1,0,1292,A
4-HA,576,1301,0,0,0,1301,A
4-HA,577,0,1307,0,0,1307,T
4-HA,578,0,1294,0,0,1294,T
4-HA,579,0,1,1305,0,1306,G
4-HA,580,0,1298,0,0,1298,T
4-HA,581,1306,0,0,0,1306,A
4-HA,582,0,0,0,1318,1318,C
4-HA,583,1317,0,0,0,1317,A
4-HA,584,0,1327,0,0,1327,T
4-HA,585,0,1325,0,0,1325,T
4-HA,586,0,1326,1,0,1327,T
4-HA,587,0,3,1322,0,1325,G
4-HA,588,0,4,1318,0,1322,G
4-HA,589,0,2,1311,0,1313,G
4-HA,590,0,4,1325,0,1329,G
4-HA,591,0,1,1306,0,1307,G
4-HA,592,1,1,1340,0,1342,G
4-HA,593,0,1333,0,0,1333,T
4-HA,594,0,1331,0,0,1331,T
4-HA,595,1,0,0,1334,1335,C
4-HA,596,1337,0,1,0,1338,A
4-HA,597,0,0,0,1343,1343,C
4-HA,598,2,0,0,1343,1345,C
4-HA,599,1342,0,0,0,1342,A
4-HA,600,0,0,0,1353,1353,C
4-HA,601,2,0,0,1337,1339,C
4-HA,602,3,1,0,1333,1337,C
4-HA,603,1,3,1332,0,1336,G
4-HA,604,0,0,1374,0,1374,G
4-HA,605,0,0,1381,0,1381,G
4-HA,606,0,1370,0,0,1370,T
4-HA,607,1382,0,0,0,1382,A
4-HA,608,0,0,0,1379,1379,C
4-HA,609,0,1,1368,0,1369,G
4-HA,610,0,0,1395,0,1395,G
4-HA,611,1387,1,1,0,1389,A
4-HA,612,0,0,0,1401,1401,C
4-HA,613,1353,0,0,0,1353,A
4-HA,614,1348,0,2,0,1350,A
4-HA,615,0,1353,0,0,1353,T
4-HA,616,0,2,1373,0,1375,G
4-HA,617,1368,0,1,0,1369,A
4-HA,618,0,0,0,1377,1377,C
4-HA,619,2,0,0,1359,1361,C
4-HA,620,1358,0,0,0,1358,A
4-HA,621,1357,0,0,0,1357,A
4-HA,622,1367,0,0,0,1367,A
4-HA,623,0,1363,0,0,1363,T
4-HA,624,0,0,0,1372,1372,C
4-HA,625,0,1326,0,1,1327,T
4-HA,626,1,1307,0,0,1308,T
4-HA,627,0,0,0,1344,1344,C
4-HA,628,1,0,0,1347,1348,C
4-HA,629,0,1344,0,1,1345,T
4-HA,630,1,0,1358,0,1359,G
4-HA,631,0,1339,0,2,1341,T
4-HA,632,1354,0,0,0,1354,A
4-HA,633,0,1336,0,2,1338,T
4-HA,634,4,0,1352,0,1356,G
4-HA,635,0,0,0,1348,1348,C
4-HA,636,0,1343,0,1,1344,T
4-HA,637,0,0,0,1351,1351,C
4-HA,638,1355,0,0,0,1355,A
4-HA,639,1354,0,1,0,1355,A
4-HA,640,0,0,1353,0,1353,G
4-HA,641,1,1,0,1351,1353,C
4-HA,642,1357,0,0,0,1357,A
4-HA,643,0,1335,1,0,1336,T
4-HA,644,2,0,0,1329,1331,C
4-HA,645,1325,0,2,0,1327,A
4-HA,646,2,0,1333,0,1335,G
4-HA,647,0,0,1338,0,1338,G
4-HA,648,1338,0,2,0,1340,A
4-HA,649,1332,0,1,0,1333,A
4-HA,650,0,0,1345,0,1345,G
4-HA,651,1341,0,0,0,1341,A
4-HA,652,1356,0,0,1,1357,A
4-HA,653,1,1364,0,1,1366,T
4-HA,654,1,0,0,1367,1368,C
4-HA,655,1353,0,2,0,1355,A
4-HA,656,1,0,0,1353,1354,C
4-HA,657,1344,0,0,0,1344,A
4-HA,658,1,0,1365,0,1366,G
4-HA,659,0,1350,1,0,1351,T
4-HA,660,0,0,0,1361,1361,C
4-HA,661,0,1341,0,1,1342,T
4-HA,662,0,0,0,1365,1365,C
4-HA,663,0,1367,0,0,1367,T
4-HA,664,1365,0,0,0,1365,A
4-HA,665,0,0,0,1368,1368,C
4-HA,666,2,0,0,1372,1374,C
4-HA,667,1350,0,1,0,1351,A
4-HA,668,1355,0,1,0,1356,A
4-HA,669,1349,0,0,0,1349,A
4-HA,670,1347,0,0,0,1347,A
4-HA,671,0,1,1347,0,1348,G
4-HA,672,1316,0,1,0,1317,A
4-HA,673,1320,0,0,0,1320,A
4-HA,674,1,0,1324,0,1325,G
4-HA,675,0,0,0,1325,1325,C
4-HA,676,0,1,0,1325,1326,C
4-HA,677,1328,0,0,0,1328,A
4-HA,678,1327,1,1,0,1329,A
4-HA,679,1,0,0,1331,1332,C
4-HA,680,1333,0,0,0,1333,A
4-HA,681,1328,0,1,2,1331,A
4-HA,682,1325,0,1,0,1326,A
4-HA,683,0,0,0,1350,1350,C
4-HA,684,0,1346,0,0,1346,T
4-HA,685,0,0,1343,0,1343,G
4-HA,686,0,1339,0,0,1339,T
4-HA,687,1347,0,0,0,1347,A
4-HA,688,1349,0,1,0,1350,A
4-HA,689,0,1327,0,0,1327,T
4-HA,690,0,0,1,1338,1339,C
4-HA,691,3,0,0,1337,1340,C
4-HA,692,1,0,0,1329,1330,C
4-HA,693,1,0,1331,0,1332,G
4-HA,694,1327,0,0,0,1327,A
4-HA,695,1328,0,1,0,1329,A
4-HA,696,0,1336,0,0,1336,T
4-HA,697,1334,0,0,0,1334,A
4-HA,698,0,1321,0,0,1321,T
4-HA,699,1,0,0,1325,1326,C
4-HA,700,0,0,1330,0,1330,G
4-HA,701,0,1,1368,0,1369,G
4-HA,702,1368,0,0,0,1368,A
4-HA,703,0,1375,0,0,1375,T
4-HA,704,0,0,0,1386,1386,C
4-HA,705,0,1382,0,0,1382,T
4-HA,706,1379,0,1,0,1380,A
4-HA,707,0,0,1384,0,1384,G
4-HA,708,1385,0,1,0,1386,A
4-HA,709,0,1,0,1385,1386,C
4-HA,710,2,0,0,1347,1349,C
4-HA,711,0,0,0,1355,1355,C
4-HA,712,1351,0,0,0,1351,A
4-HA,713,0,0,1422,0,1422,G
4-HA,714,1419,0,0,0,1419,A
4-HA,715,1,0,1437,0,1438,G
4-HA,716,0,1420,0,0,1420,T
4-HA,717,1423,0,0,0,1423,A
4-HA,718,1413,0,2,0,1415,A
4-HA,719,0,0,1438,0,1438,G
4-HA,720,0,0,1445,0,1445,G
4-HA,721,1425,0,0,0,1425,A
4-HA,722,1342,0,0,0,1342,A
4-HA,723,0,1340,0,0,1340,T
4-HA,724,1331,0,1,0,1332,A
4-HA,725,0,1323,0,0,1323,T
4-HA,726,1,0,0,1346,1347,C
4-HA,727,1,0,0,1342,1343,C
4-HA,728,3,0,0,1322,1325,C
4-HA,729,0,1321,0,0,1321,T
4-HA,730,1325,0,0,0,1325,A
4-HA,731,2,0,1321,0,1323,G
4-HA,732,1,0,1,1323,1325,C
4-HA,733,1307,0,1,0,1308,A
4-HA,734,0,0,1336,0,1336,G
4-HA,735,1320,1,1,0,1322,A
4-HA,736,1326,0,0,0,1326,A
4-HA,737,0,1328,0,0,1328,T
4-HA,738,1329,0,0,0,1329,A
4-HA,739,1334,0,0,0,1334,A
4-HA,740,0,1,1328,0,1329,G
4-HA,741,0,0,0,1332,1332,C
4-HA,742,1330,1,0,0,1331,A
4-HA,743,0,1305,0,2,1307,T
4-HA,744,0,0,1,1370,1371,C
4-HA,745,0,1372,0,0,1372,T
4-HA,746,1375,1,0,0,1376,A
4-HA,747,0,1379,0,0,1379,T
4-HA,748,0,1366,0,1,1367,T
4-HA,749,0,2,1377,0,1379,G
4-HA,750,0,0,1379,0,1379,G
4-HA,751,1375,0,1,0,1376,A
4-HA,752,0,2,0,1375,1377,C
4-HA,753,1281,0,0,0,1281,A
4-HA,754,1300,0,2,0,1302,A
4-HA,755,0,1382,0,1,1383,T
4-HA,756,1398,0,0,0,1398,A
4-HA,757,0,0,1414,0,1414,G
4-HA,758,0,1396,0,0,1396,T
4-HA,759,1402,0,0,0,1402,A
4-HA,760,1408,0,0,0,1408,A
4-HA,761,1448,0,0,0,1448,A
4-HA,762,1464,0,2,0,1466,A
4-HA,763,0,0,0,1478,1478,C
4-HA,764,3,1,0,1421,1425,C
4-HA,765,2,1,1415,0,1418,G
4-HA,766,0,0,1435,0,1435,G
4-HA,767,0,1,1454,0,1455,G
4-HA,768,1446,0,0,0,1446,A
4-HA,769,1,0,1466,0,1467,G
4-HA,770,1478,0,2,0,1480,A
4-HA,771,0,0,0,1491,1491,C
4-HA,772,1478,0,1,1,1480,A
4-HA,773,0,1492,0,0,1492,T
4-HA,774,1490,0,0,0,1490,A
4-HA,775,0,0,0,1528,1528,C
4-HA,776,0,1509,0,3,1512,T
4-HA,777,1,1535,0,0,1536,T
4-HA,778,0,1548,0,0,1548,T
4-HA,779,0,1557,0,0,1557,T
4-HA,780,0,3,1572,0,1575,G
4-HA,781,1571,0,0,0,1571,A
4-HA,782,0,1584,0,0,1584,T
4-HA,783,0,1638,0,0,1638,T
4-HA,784,1625,0,0,0,1625,A
4-HA,785,1631,0,1,0,1632,A
4-HA,786,1,0,0,1665,1666,C
4-HA,787,1660,0,0,0,1660,A
4-HA,788,0,0,1729,0,1729,G
4-HA,789,0,0,0,1720,1720,C
4-HA,790,1724,0,2,0,1726,A
4-HA,791,0,0,0,1735,1735,C
4-HA,792,1724,0,1,0,1725,A
4-HA,793,0,0,1758,0,1758,G
4-HA,794,0,2,1751,1,1754,G
4-HA,795,0,0,1820,0,1820,G
4-HA,796,1812,0,0,0,1812,A
4-HA,797,1851,0,0,0,1851,A
4-HA,798,0,1848,0,2,1850,T
4-HA,799,1,0,0,1855,1856,C
4-HA,800,0,1863,0,0,1863,T
4-HA,801,1864,0,1,0,1865,A
4-HA,802,1857,0,0,0,1857,A
4-HA,803,1,1858,0,0,1859,T
4-HA,804,0,1819,0,0,1819,T
4-HA,805,0,0,1840,0,1840,G
4-HA,806,1,1,0,1909,1911,C
4-HA,807,0,1976,0,1,1977,T
4-HA,808,3,0,0,2050,2053,C
4-HA,809,1,0,0,2054,2055,C
4-HA,810,0,2059,0,0,2059,T
4-HA,811,2066,0,0,0,2066,A
4-HA,812,0,3,2064,0,2067,G
4-HA,813,1,4,2076,0,2081,G
4-HA,814,0,6,2075,1,2082,G
4-HA,815,0,0,2076,0,2076,G
4-HA,816,0,2032,0,0,2032,T
4-HA,817,0,2028,0,1,2029,T
4-HA,818,2031,1,0,0,2032,A
4-HA,819,0,0,0,2061,2061,C
4-HA,820,0,2073,0,0,2073,T
4-HA,821,0,2080,0,2,2082,T
4-HA,822,0,0,0,2074,2074,C
4-HA,823,2076,0,0,0,2076,A
4-HA,824,2085,0,0,0,2085,A
4-HA,825,2087,0,0,1,2088,A
4-HA,826,2108,0,0,0,2108,A
4-HA,827,0,2111,0,0,2111,T
4-HA,828,2094,0,1,0,2095,A
4-HA,829,0,0,0,2098,2098,C
4-HA,830,1,0,2100,0,2101,G
4-HA,831,2096,1,0,0,2097,A
4-HA,832,2092,0,1,0,2093,A
4-HA,833,3,0,2130,0,2133,G
4-HA,834,0,2130,0,1,2131,T
4-HA,835,1,1,2141,0,2143,G
4-HA,836,0,3,2143,0,2146,G
4-HA,837,0,1,2143,0,2144,G
4-HA,838,2149,1,3,0,2153,A
4-HA,839,2160,0,1,0,2161,A
4-HA,840,2155,0,0,0,2155,A
4-HA,841,2146,0,0,0,2146,A
4-HA,842,0,1,2180,0,2181,G
4-HA,843,0,0,0,2183,2183,C
4-HA,844,0,2170,1,0,2171,T
4-HA,845,1,0,1,2220,2222,C
4-HA,846,2231,0,1,0,2232,A
4-HA,847,2250,2,0,0,2252,A
4-HA,848,0,2255,0,0,2255,T
4-HA,849,2273,0,0,0,2273,A
4-HA,850,2272,1,1,0,2274,A
4-HA,851,0,2241,0,0,2241,T
4-HA,852,0,2,2245,0,2247,G
4-HA,853,2239,0,1,0,2240,A
4-HA,854,0,0,2322,0,2322,G
4-HA,855,2328,0,1,0,2329,A
4-HA,856,0,2312,0,0,2312,T
4-HA,857,0,3,0,2359,2362,C
4-HA,858,2350,0,0,0,2350,A
4-HA,859,0,0,2398,0,2398,G
4-HA,860,2395,0,0,0,2395,A
4-HA,861,0,2394,0,0,2394,T
4-HA,862,0,0,2390,0,2390,G
4-HA,863,0,0,0,2354,2354,C
4-HA,864,2358,0,3,0,2361,A
4-HA,865,0,0,0,2425,2425,C
4-HA,866,0,0,1,2411,2412,C
4-HA,867,1,1,0,2414,2416,C
4-HA,868,2392,0,0,0,2392,A
4-HA,869,0,2388,0,0,2388,T
4-HA,870,0,2387,0,2,2389,T
4-HA,871,1,1,2420,0,2422,G
4-HA,872,1,2,2401,0,2404,G
4-HA,873,2,1,0,2413,2416,C
4-HA,874,2383,0,0,0,2383,A
4-HA,875,2374,0,0,0,2374,A
4-HA,876,2407,0,0,0,2407,A
4-HA,877,0,2422,0,0,2422,T
4-HA,878,0,0,2423,0,2423,G
4-HA,879,0,0,0,2424,2424,C
4-HA,880,2407,0,0,0,2407,A
4-HA,881,2492,0,1,0,2493,A
4-HA,882,0,2487,0,0,2487,T
4-HA,883,0,2497,0,2,2499,T
4-HA,884,1,0,0,2508,2509,C
4-HA,885,0,2487,0,0,2487,T
4-HA,886,0,3,2508,0,2511,G
4-HA,887,2505,0,3,0,2508,A
4-HA,888,2514,0,0,0,2514,A
4-HA,889,0,2519,0,1,2520,T
4-HA,890,0,0,2500,0,2500,G
4-HA,891,1,0,0,2507,2508,C
4-HA,892,2497,1,2,0,2500,A
4-HA,893,0,2504,0,1,2505,T
4-HA,894,1,0,0,2500,2501,C
4-HA,895,2492,0,1,0,2493,A
4-HA,896,0,0,0,2611,2611,C
4-HA,897,0,2590,0,3,2593,T
4-HA,898,2,0,1,2603,2606,C
4-HA,899,1,4,0,2600,2605,C
4-HA,900,2648,0,1,0,2649,A
4-HA,901,2637,0,0,0,2637,A
4-HA,902,2635,0,0,0,2635,A
4-HA,903,0,2571,0,0,2571,T
4-HA,904,0,2,2587,0,2589,G
4-HA,905,0,2,2585,0,2587,G
4-HA,906,2579,0,2,0,2581,A
4-HA,907,2572,0,4,0,2576,A
4-HA,908,0,0,2581,0,2581,G
4-HA,909,1,0,0,2562,2563,C
4-HA,910,2574,0,1,0,2575,A
4-HA,911,0,2590,0,0,2590,T
4-HA,912,0,2569,0,2,2571,T
4-HA,913,1,0,0,2661,2662,C
4-HA,914,2,0,0,2643,2645,C
4-HA,915,2,0,0,2657,2659,C
4-HA,916,2648,0,1,6,2655,A
4-HA,917,2705,0,0,0,2705,A
4-HA,918,0,2741,0,0,2741,T
4-HA,919,0,3,2738,0,2741,G
4-HA,920,2729,0,6,0,2735,A
4-HA,921,0,0,0,2743,2743,C
4-HA,922,2689,0,0,0,2689,A
4-HA,923,2712,0,0,0,2712,A
4-HA,924,2683,0,2,0,2685,A
4-HA,925,0,0,0,2713,2713,C
4-HA,926,0,1,0,2702,2703,C
4-HA,927,2666,0,3,0,2669,A
4-HA,928,0,2681,0,2,2683,T
4-HA,929,0,2669,0,2,2671,T
4-HA,930,1,2,0,2689,2692,C
4-HA,931,5,0,0,2695,2700,C
4-HA,932,2702,0,0,0,2702,A
4-HA,933,2696,0,0,0,2696,A
4-HA,934,2684,0,1,0,2685,A
4-HA,935,2731,0,1,0,2732,A
4-HA,936,0,2730,0,0,2730,T
4-HA,937,0,1,2727,0,2728,G
4-HA,938,0,2708,0,2,2710,T
4-HA,939,0,2712,0,2,2714,T
4-HA,940,2766,0,0,0,2766,A
4-HA,941,2760,0,0,0,2760,A
4-HA,942,0,1,0,2772,2773,C
4-HA,943,2757,0,3,0,2760,A
4-HA,944,0,2,2764,0,2766,G
4-HA,945,0,1,2799,0,2800,G
4-HA,946,2862,0,1,0,2863,A
4-HA,947,0,2853,0,2,2855,T
4-HA,948,1,6,0,2897,2904,C
4-HA,949,2919,0,5,0,2924,A
4-HA,950,0,0,0,3056,3056,C
4-HA,951,3067,0,1,0,3068,A
4-HA,952,1,3127,0,0,3128,T
4-HA,953,3075,0,3,0,3078,A
4-HA,954,0,5,0,3049,3054,C
4-HA,955,5,2,2965,0,2972,G
4-HA,956,0,3,2970,0,2973,G
4-HA,957,1,5,2936,0,2942,G
4-HA,958,1,0,2968,1,2970,G
4-HA,959,3,0,0,2916,2919,C
4-HA,960,1,1,0,2922,2924,C
4-HA,961,0,2893,1,3,2897,T
4-HA,962,1,0,2889,0,2890,G
4-HA,963,0,0,0,2852,2852,C
4-HA,964,1,0,0,3013,3014,C
4-HA,965,7,2,0,3011,3020,C
4-HA,966,1,0,0,3048,3049,C
4-HA,967,3047,0,3,0,3050,A
4-HA,968,1,1,3092,0,3094,G
4-HA,969,3093,0,0,0,3093,A
4-HA,970,0,3082,0,1,3083,T
4-HA,971,3044,0,0,0,3044,A
4-HA,972,0,2995,0,0,2995,T
4-HA,973,1,0,3004,0,3005,G
4-HA,974,0,2997,0,1,2998,T
4-HA,975,0,2974,0,0,2974,T
4-HA,976,3006,0,0,0,3006,A
4-HA,977,2967,0,0,0,2967,A
4-HA,978,0,1,2981,1,2983,G
4-HA,979,1,0,0,2970,2971,C
4-HA,980,2947,0,0,0,2947,A
4-HA,981,2954,0,0,0,2954,A
4-HA,982,2935,0,0,0,2935,A
4-HA,983,2932,0,0,0,2932,A
4-HA,984,0,0,0,2929,2929,C
4-HA,985,2894,0,0,0,2894,A
4-HA,986,0,0,0,2946,2946,C
4-HA,987,0,2899,0,5,2904,T
4-HA,988,0,0,0,2915,2915,C
4-HA,989,0,2926,0,2,2928,T
4-HA,990,0,0,2942,0,2942,G
4-HA,991,2930,0,0,1,2931,A
4-HA,992,2938,0,0,0,2938,A
4-HA,993,2945,0,1,0,2946,A
4-HA,994,0,2930,0,0,2930,T
4-HA,995,1,2916,0,0,2917,T
4-HA,996,1,4,2945,0,2950,G
4-HA,997,0,0,2927,0,2927,G
4-HA,998,0,2,1,2935,2938,C
4-HA,999,2922,0,0,0,2922,A
4-HA,1000,2916,0,0,0,2916,A
4-HA,1001,1,0,0,2921,2922,C
4-HA,1002,2915,0,2,0,2917,A
4-HA,1003,0,2,2941,0,2943,G
4-HA,1004,0,7,2928,0,2935,G
4-HA,1005,0,0,2931,0,2931,G
4-HA,1006,2927,0,1,1,2929,A
4-HA,1007,0,2920,0,0,2920,T
4-HA,1008,0,0,2934,0,2934,G
4-HA,1009,0,0,0,2938,2938,C
4-HA,1010,1,2,2964,0,2967,G
4-HA,1011,2953,0,3,0,2956,A
4-HA,1012,2940,0,1,0,2941,A
4-HA,1013,2970,0,0,1,2971,A
4-HA,1014,0,2944,0,0,2944,T
4-HA,1015,0,0,2993,0,2993,G
4-HA,1016,0,2981,0,1,2982,T
4-HA,1017,2984,0,0,1,2985,A
4-HA,1018,0,0,0,2991,2991,C
4-HA,1019,1,0,0,2969,2970,C
4-HA,1020,2942,0,1,0,2943,A
4-HA,1021,0,1,2948,0,2949,G
4-HA,1022,2911,0,1,1,2913,A
4-HA,1023,0,2,2929,0,2931,G
4-HA,1024,2916,0,1,0,2917,A
4-HA,1025,2915,0,0,0,2915,A
4-HA,1026,2912,0,2,0,2914,A
4-HA,1027,0,0,0,2905,2905,C
4-HA,1028,2908,0,0,1,2909,A
4-HA,1029,2933,0,1,0,2934,A
4-HA,1030,2916,0,0,1,2917,A
4-HA,1031,0,0,0,2949,2949,C
4-HA,1032,0,2928,0,0,2928,T
4-HA,1033,2913,0,2,0,2915,A
4-HA,1034,0,1,2916,0,2917,G
4-HA,1035,2896,0,3,0,2899,A
4-HA,1036,0,0,2961,0,2961,G
4-HA,1037,0,0,2954,0,2954,G
4-HA,1038,2,0,0,2924,2926,C
4-HA,1039,2942,0,1,0,2943,A
4-HA,1040,0,2946,0,0,2946,T
4-HA,1041,2958,0,11,0,2969,A
4-HA,1042,0,2951,0,1,2952,T
4-HA,1043,0,2959,0,0,2959,T
4-HA,1044,0,2960,0,0,2960,T
4-HA,1045,0,2,2902,0,2904,G
4-HA,1046,2,0,2904,0,2906,G
4-HA,1047,1,1,0,2885,2887,C
4-HA,1048,0,0,2885,0,2885,G
4-HA,1049,0,0,0,2884,2884,C
4-HA,1050,2870,0,0,0,2870,A
4-HA,1051,2893,0,1,0,2894,A
4-HA,1052,0,2872,1,0,2873,T
4-HA,1053,1,0,0,2898,2899,C
4-HA,1054,0,2,2909,0,2911,G
4-HA,1055,0,0,0,2877,2877,C
4-HA,1056,1,9,2895,0,2905,G
4-HA,1057,1,1,2916,0,2918,G
4-HA,1058,1,0,2949,0,2950,G
4-HA,1059,1,2922,0,0,2923,T
4-HA,1060,0,2928,0,0,2928,T
4-HA,1061,0,2926,0,1,2927,T
4-HA,1062,2,2,0,2928,2932,C
4-HA,1063,2942,0,3,0,2945,A
4-HA,1064,0,2945,0,0,2945,T
4-HA,1065,2946,0,1,0,2947,A
4-HA,1066,0,1,2974,0,2975,G
4-HA,1067,2912,0,0,0,2912,A
4-HA,1068,2936,0,1,0,2937,A
4-HA,1069,2922,0,0,0,2922,A
4-HA,1070,2941,0,0,0,2941,A
4-HA,1071,0,2927,0,0,2927,T
4-HA,1072,0,4,2961,0,2965,G
4-HA,1073,1,1,2986,0,2988,G
4-HA,1074,0,2961,0,1,2962,T
4-HA,1075,0,2945,0,1,2946,T
4-HA,1076,0,8,2943,0,2951,G
4-HA,1077,1,2,2970,0,2973,G
4-HA,1078,0,1,2980,0,2981,G
4-HA,1079,2945,0,2,0,2947,A
4-HA,1080,0,2,2991,0,2993,G
4-HA,1081,1,2,2953,0,2956,G
4-HA,1082,0,1,2993,0,2994,G
4-HA,1083,2974,0,0,0,2974,A
4-HA,1084,3021,0,1,0,3022,A
4-HA,1085,1,3022,0,0,3023,T
4-HA,1086,1,3,3030,0,3034,G
4-HA,1087,1,0,3095,0,3096,G
4-HA,1088,2,3031,0,1,3034,T
4-HA,1089,0,2,3068,0,3070,G
4-HA,1090,0,0,3051,0,3051,G
4-HA,1091,2977,0,1,0,2978,A
4-HA,1092,1,2995,0,0,2996,T
4-HA,1093,0,1,3033,0,3034,G
4-HA,1094,0,1,3053,0,3054,G
4-HA,1095,0,3002,0,1,3003,T
4-HA,1096,0,2969,0,1,2970,T
4-HA,1097,0,1,2959,0,2960,G
4-HA,1098,2,0,3008,0,3010,G
4-HA,1099,0,2967,0,1,2968,T
4-HA,1100,2996,1,1,0,2998,A
4-HA,1101,0,0,0,2874,2874,C
4-HA,1102,0,3,2876,0,2879,G
4-HA,1103,0,2,2972,0,2974,G
4-HA,1104,0,2964,0,0,2964,T
4-HA,1105,0,2958,0,0,2958,T
4-HA,1106,1,2947,0,0,2948,T
4-HA,1107,0,0,0,2912,2912,C
4-HA,1108,2914,1,4,1,2920,A
4-HA,1109,0,0,2924,0,2924,G
4-HA,1110,0,0,2905,1,2906,G
4-HA,1111,0,1,0,2908,2909,C
4-HA,1112,2821,0,1,0,2822,A
4-HA,1113,0,2827,0,0,2827,T
4-HA,1114,2,0,0,2841,2843,C
4-HA,1115,2852,0,1,0,2853,A
4-HA,1116,2848,0,2,0,2850,A
4-HA,1117,2855,0,0,0,2855,A
4-HA,1118,2857,0,2,0,2859,A
4-HA,1119,0,2853,0,0,2853,T
4-HA,1120,0,2848,0,2,2850,T
4-HA,1121,1,0,0,2860,2861,C
4-HA,1122,0,2848,0,0,2848,T
4-HA,1123,0,0,2844,0,2844,G
4-HA,1124,2824,0,1,0,2825,A
4-HA,1125,2818,0,1,1,2820,A
4-HA,1126,0,3,2839,0,2842,G
4-HA,1127,0,2,2870,0,2872,G
4-HA,1128,2855,0,1,0,2856,A
4-HA,1129,2864,0,0,0,2864,A
4-HA,1130,1,1,2847,0,2849,G
4-HA,1131,2870,1,1,0,2872,A
4-HA,1132,2,1,2887,0,2890,G
4-HA,1133,0,4,2897,0,2901,G
4-HA,1134,2897,0,2,0,2899,A
4-HA,1135,0,1,0,2894,2895,C
4-HA,1136,2891,0,3,0,2894,A
4-HA,1137,2881,0,4,0,2885,A
4-HA,1138,1,1,2885,0,2887,G
4-HA,1139,1,0,0,2885,2886,C
4-HA,1140,2876,0,1,0,2877,A
4-HA,1141,1,0,2863,0,2864,G
4-HA,1142,1,0,0,2856,2857,C
4-HA,1143,2863,0,0,0,2863,A
4-HA,1144,0,2,2908,0,2910,G
4-HA,1145,2870,0,0,0,2870,A
4-HA,1146,0,2942,0,0,2942,T
4-HA,1147,2,0,0,2988,2990,C
4-HA,1148,0,2974,0,0,2974,T
4-HA,1149,3,0,0,3014,3017,C
4-HA,1150,3015,0,0,0,3015,A
4-HA,1151,3011,0,7,0,3018,A
4-HA,1152,3010,1,0,0,3011,A
4-HA,1153,2941,0,15,1,2957,A
4-HA,1154,0,1,2965,0,2966,G
4-HA,1155,2,1,0,2882,2885,C
4-HA,1156,2870,0,1,0,2871,A
4-HA,1157,1,0,0,2923,2924,C
4-HA,1158,0,2910,0,0,2910,T
4-HA,1159,2,0,0,2909,2911,C
4-HA,1160,2916,0,0,0,2916,A
4-HA,1161,2963,0,1,0,2964,A
4-HA,1162,0,0,2974,0,2974,G
4-HA,1163,1,1,1,2962,2965,C
4-HA,1164,2957,0,4,0,2961,A
4-HA,1165,0,0,2957,0,2957,G
4-HA,1166,2,1,0,2909,2912,C
4-HA,1167,2916,1,1,0,2918,A
4-HA,1168,2901,0,0,0,2901,A
4-HA,1169,0,2860,0,0,2860,T
4-HA,1170,3,0,0,2829,2832,C
4-HA,1171,0,1,2856,0,2857,G
4-HA,1172,2845,0,0,0,2845,A
4-HA,1173,1,2830,0,6,2837,T
4-HA,1174,3,0,0,2839,2842,C
4-HA,1175,2839,0,0,0,2839,A
4-HA,1176,2884,0,1,0,2885,A
4-HA,1177,2886,0,0,0,2886,A
4-HA,1178,0,2884,0,0,2884,T
4-HA,1179,6,0,0,2895,2901,C
4-HA,1180,2861,0,0,0,2861,A
4-HA,1181,2869,0,0,0,2869,A
4-HA,1182,0,2879,0,0,2879,T
4-HA,1183,2,5,2878,0,2885,G
4-HA,1184,1,3,2859,0,2863,G
4-HA,1185,4,0,2834,0,2838,G
4-HA,1186,2830,0,0,0,2830,A
4-HA,1187,2832,0,4,0,2836,A
4-HA,1188,0,0,2868,0,2868,G
4-HA,1189,1,2,0,2855,2858,C
4-HA,1190,1,2851,0,1,2853,T
4-HA,1191,0,5,2959,0,2964,G
4-HA,1192,2958,0,2,0,2960,A
4-HA,1193,2962,0,1,0,2963,A
4-HA,1194,0,2960,0,0,2960,T
4-HA,1195,2895,0,11,0,2906,A
4-HA,1196,0,0,2905,0,2905,G
4-HA,1197,2704,1,0,0,2705,A
4-HA,1198,0,2704,0,0,2704,T
4-HA,1199,0,2718,0,1,2719,T
4-HA,1200,0,3,2721,0,2724,G
4-HA,1201,2710,0,0,0,2710,A
4-HA,1202,0,2695,0,0,2695,T
4-HA,1203,1,0,0,2717,2718,C
4-HA,1204,0,3,2712,0,2715,G
4-HA,1205,0,0,2701,0,2701,G
4-HA,1206,0,1,2721,0,2722,G
4-HA,1207,2715,1,0,0,2716,A
4-HA,1208,2723,0,1,0,2724,A
4-HA,1209,2716,0,1,0,2717,A
4-HA,1210,2710,0,2,0,2712,A
4-HA,1211,0,0,0,2726,2726,C
4-HA,1212,2,1,0,2711,2714,C
4-HA,1213,2720,0,1,0,2721,A
4-HA,1214,2708,0,3,0,2711,A
4-HA,1215,0,0,0,2718,2718,C
4-HA,1216,0,2,2721,0,2723,G
4-HA,1217,2723,0,0,0,2723,A
4-HA,1218,0,4,2719,0,2723,G
4-HA,1219,2719,0,1,0,2720,A
4-HA,1220,2724,0,1,0,2725,A
4-HA,1221,2727,0,0,0,2727,A
4-HA,1222,0,2712,1,1,2714,T
4-HA,1223,1,2704,0,2,2707,T
4-HA,1224,2,2,0,2726,2730,C
4-HA,1225,1,3,1,2721,2726,C
4-HA,1226,2730,0,0,0,2730,A
4-HA,1227,2,2706,0,7,2715,T
4-HA,1228,0,0,0,2723,2723,C
4-HA,1229,2710,1,0,0,2711,A
4-HA,1230,0,1,2733,0,2734,G
4-HA,1231,2710,0,2,0,2712,A
4-HA,1232,0,2724,0,1,2725,T
4-HA,1233,0,2716,0,1,2717,T
4-HA,1234,0,3,2718,0,2721,G
4-HA,1235,2720,0,1,0,2721,A
4-HA,1236,2720,0,1,0,2721,A
4-HA,1237,2729,0,0,0,2729,A
4-HA,1238,2731,0,0,0,2731,A
4-HA,1239,2715,0,1,0,2716,A
4-HA,1240,0,0,2697,0,2697,G
4-HA,1241,2697,0,1,0,2698,A
4-HA,1242,2684,19,0,0,2703,A
4-HA,1243,0,2650,0,0,2650,T
4-HA,1244,0,2657,0,2,2659,T
4-HA,1245,1,0,0,2669,2670,C
4-HA,1246,0,2675,0,1,2676,T
4-HA,1247,0,0,0,2673,2673,C
4-HA,1248,2671,0,1,0,2672,A
4-HA,1249,3,0,2666,0,2669,G
4-HA,1250,2664,1,0,0,2665,A
4-HA,1251,2652,0,4,0,2656,A
4-HA,1252,0,0,2691,0,2691,G
4-HA,1253,0,2641,0,1,2642,T
4-HA,1254,3,4,0,2655,2662,C
4-HA,1255,2,0,2667,0,2669,G
4-HA,1256,2649,1,3,0,2653,A
4-HA,1257,2651,0,2,0,2653,A
4-HA,1258,1,4,2651,0,2656,G
4-HA,1259,0,2,2678,1,2681,G
4-HA,1260,0,3,2670,0,2673,G
4-HA,1261,2629,0,2,0,2631,A
4-HA,1262,0,2,2640,0,2642,G
4-HA,1263,2640,0,0,0,2640,A
4-HA,1264,2757,0,1,0,2758,A
4-HA,1265,0,2758,0,0,2758,T
4-HA,1266,0,2752,0,0,2752,T
4-HA,1267,1,0,0,2754,2755,C
4-HA,1268,2713,0,2,0,2715,A
4-HA,1269,0,1,2713,0,2714,G
4-HA,1270,0,1,2710,0,2711,G
4-HA,1271,2681,0,0,0,2681,A
4-HA,1272,0,1,0,2693,2694,C
4-HA,1273,5,0,0,2539,2544,C
4-HA,1274,0,2522,0,2,2524,T
4-HA,1275,0,2479,0,52,2531,T
4-HA,1276,2,2,2550,0,2554,G
4-HA,1277,2551,0,6,0,2557,A
4-HA,1278,1,1,2620,0,2622,G
4-HA,1279,2604,0,0,0,2604,A
4-HA,1280,2453,1,1,1,2456,A
4-HA,1281,2356,0,79,1,2436,A
4-HA,1282,0,2422,0,0,2422,T
4-HA,1283,2488,0,1,0,2489,A
4-HA,1284,0,2476,0,0,2476,T
4-HA,1285,0,1,2476,0,2477,G
4-HA,1286,1,2472,0,3,2476,T
4-HA,1287,0,2391,0,1,2392,T
4-HA,1288,1,2,2415,0,2418,G
4-HA,1289,2393,0,3,0,2396,A
4-HA,1290,1,2,2526,0,2529,G
4-HA,1291,0,1,2500,0,2501,G
4-HA,1292,2463,0,2,0,2465,A
4-HA,1293,0,0,0,2512,2512,C
4-HA,1294,2456,0,2,0,2458,A
4-HA,1295,0,0,0,2514,2514,C
4-HA,1296,1,26,0,2493,2520,C
4-HA,1297,2528,0,1,0,2529,A
4-HA,1298,2575,0,1,0,2576,A
4-HA,1299,2573,0,0,0,2573,A
4-HA,1300,2585,0,0,0,2585,A
4-HA,1301,0,2572,0,1,2573,T
4-HA,1302,2524,0,0,0,2524,A
4-HA,1303,0,1,2529,0,2530,G
4-HA,1304,2488,0,1,0,2489,A
4-HA,1305,1,2522,1,0,2524,T
4-HA,1306,0,0,0,2527,2527,C
4-HA,1307,0,2481,1,2,2484,T
4-HA,1308,2,0,0,2534,2536,C
4-HA,1309,0,2537,1,0,2538,T
4-HA,1310,1,0,2577,0,2578,G
4-HA,1311,0,1,2621,0,2622,G
4-HA,1312,2,2607,1,8,2618,T
4-HA,1313,5,1,0,2629,2635,C
4-HA,1314,2637,0,0,0,2637,A
4-HA,1315,0,2653,0,2,2655,T
4-HA,1316,2647,0,1,1,2649,A
4-HA,1317,1,0,0,2651,2652,C
4-HA,1318,2589,0,2,0,2591,A
4-HA,1319,2608,0,2,0,2610,A
4-HA,1320,0,0,0,2545,2545,C
4-HA,1321,0,0,2538,0,2538,G
4-HA,1322,1,1,0,2534,2536,C
4-HA,1323,0,2,2523,0,2525,G
4-HA,1324,0,1,2517,0,2518,G
4-HA,1325,2514,0,0,0,2514,A
4-HA,1326,0,0,2552,0,2552,G
4-HA,1327,1,0,0,2546,2547,C
4-HA,1328,0,2542,1,2,2545,T
4-HA,1329,0,2559,1,1,2561,T
4-HA,1330,0,1,0,2577,2578,C
4-HA,1331,0,2582,1,0,2583,T
4-HA,1332,0,2587,1,1,2589,T
4-HA,1333,1,1,2586,0,2588,G
4-HA,1334,1,2564,1,2,2568,T
4-HA,1335,0,2536,2,1,2539,T
4-HA,1336,1,0,2596,0,2597,G
4-HA,1337,0,4,0,2582,2586,C
4-HA,1338,1,0,0,2574,2575,C
4-HA,1339,5,0,0,2608,2613,C
4-HA,1340,1,2598,0,3,2602,T
4-HA,1341,1,2,2634,0,2637,G
4-HA,1342,0,5,2626,0,2631,G
4-HA,1343,2629,0,0,0,2629,A
4-HA,1344,0,1,2636,0,2637,G
4-HA,1345,2605,1,1,0,2607,A
4-HA,1346,2603,0,1,0,2604,A
4-HA,1347,1,0,0,2640,2641,C
4-HA,1348,1,0,0,2638,2639,C
4-HA,1349,2636,0,2,0,2638,A
4-HA,1350,2725,0,1,0,2726,A
4-HA,1351,0,0,0,2732,2732,C
4-HA,1352,2735,0,1,0,2736,A
4-HA,1353,0,2724,0,4,2728,T
4-HA,1354,2727,0,0,0,2727,A
4-HA,1355,0,0,0,2768,2768,C
4-HA,1356,2727,0,1,0,2728,A
4-HA,1357,2724,0,1,0,2725,A
4-HA,1358,0,2704,0,0,2704,T
4-HA,1359,0,2627,0,0,2627,T
4-HA,1360,0,3,2667,0,2670,G
4-HA,1361,2680,0,0,0,2680,A
4-HA,1362,0,2661,0,3,2664,T
4-HA,1363,2,0,0,2683,2685,C
4-HA,1364,0,2646,0,1,2647,T
4-HA,1365,2662,0,0,0,2662,A
4-HA,1366,2653,0,3,0,2656,A
4-HA,1367,1,2,0,2653,2656,C
4-HA,1368,0,2641,0,0,2641,T
4-HA,1369,1,2,2617,0,2620,G
4-HA,1370,2615,0,1,0,2616,A
4-HA,1371,0,0,0,2618,2618,C
4-HA,1372,0,2615,0,1,2616,T
4-HA,1373,1,2,0,2613,2616,C
4-HA,1374,2615,0,1,0,2616,A
4-HA,1375,0,2,2649,0,2651,G
4-HA,1376,2644,1,0,0,2645,A
4-HA,1377,2652,0,0,0,2652,A
4-HA,1378,2656,0,0,0,2656,A
4-HA,1379,0,2636,0,1,2637,T
4-HA,1380,0,0,2651,0,2651,G
4-HA,1381,2645,1,4,0,2650,A
4-HA,1382,2650,1,1,0,2652,A
4-HA,1383,2,0,0,2652,2654,C
4-HA,1384,2621,0,0,0,2621,A
4-HA,1385,2624,0,0,0,2624,A
4-HA,1386,2612,0,1,0,2613,A
4-HA,1387,0,0,0,2625,2625,C
4-HA,1388,0,2595,0,2,2597,T
4-HA,1389,0,0,2609,0,2609,G
4-HA,1390,0,2578,0,0,2578,T
4-HA,1391,0,2589,0,1,2590,T
4-HA,1392,0,2596,0,1,2597,T
4-HA,1393,0,0,2595,0,2595,G
4-HA,1394,2591,0,1,0,2592,A
4-HA,1395,2600,0,0,0,2600,A
4-HA,1396,2586,0,0,0,2586,A
4-HA,1397,2580,0,0,2,2582,A
4-HA,1398,2569,0,3,0,2572,A
4-HA,1399,2572,0,0,0,2572,A
4-HA,1400,0,0,0,2587,2587,C
4-HA,1401,2583,0,1,0,2584,A
4-HA,1402,2582,0,0,0,2582,A
4-HA,1403,2576,0,1,0,2577,A
4-HA,1404,1,0,2586,0,2587,G
4-HA,1405,2583,0,0,0,2583,A
4-HA,1406,2571,0,0,0,2571,A
4-HA,1407,0,0,2567,0,2567,G
4-HA,1408,0,1,0,2569,2570,C
4-HA,1409,2598,0,0,0,2598,A
4-HA,1410,2604,0,2,1,2607,A
4-HA,1411,0,0,0,2594,2594,C
4-HA,1412,1,2584,0,1,2586,T
4-HA,1413,2584,0,2,0,2586,A
4-HA,1414,2583,0,4,0,2587,A
4-HA,1415,0,2,2590,0,2592,G
4-HA,1416,0,2,2612,0,2614,G
4-HA,1417,0,1,2614,0,2615,G
4-HA,1418,2604,0,1,0,2605,A
4-HA,1419,2594,0,0,0,2594,A
4-HA,1420,2589,0,1,0,2590,A
4-HA,1421,2609,0,0,0,2609,A
4-HA,1422,0,2596,0,0,2596,T
4-HA,1423,1,0,2614,0,2615,G
4-HA,1424,3,1,0,2609,2613,C
4-HA,1425,0,2592,0,1,2593,T
4-HA,1426,0,2,2611,0,2613,G
4-HA,1427,2608,1,1,1,2611,A
4-HA,1428,1,1,2695,0,2697,G
4-HA,1429,0,1,2726,0,2727,G
4-HA,1430,2662,0,26,0,2688,A
4-HA,1431,0,2680,0,0,2680,T
4-HA,1432,2663,0,0,0,2663,A
4-HA,1433,0,2657,0,1,2658,T
4-HA,1434,0,11,2667,0,2678,G
4-HA,1435,1,2,2683,0,2686,G
4-HA,1436,1,0,2678,0,2679,G
4-HA,1437,0,0,0,2583,2583,C
4-HA,1438,2522,0,2,0,2524,A
4-HA,1439,2526,0,0,0,2526,A
4-HA,1440,0,2520,0,0,2520,T
4-HA,1441,0,2,2524,0,2526,G
4-HA,1442,1,0,2523,0,2524,G
4-HA,1443,0,2487,0,0,2487,T
4-HA,1444,0,2451,0,0,2451,T
4-HA,1445,0,0,2458,0,2458,G
4-HA,1446,0,2466,0,2,2468,T
4-HA,1447,0,2462,0,1,2463,T
4-HA,1448,0,2455,0,0,2455,T
4-HA,1449,1,1,0,2479,2481,C
4-HA,1450,2481,0,0,0,2481,A
4-HA,1451,2486,0,1,0,2487,A
4-HA,1452,2481,0,1,0,2482,A
4-HA,1453,2497,0,0,0,2497,A
4-HA,1454,0,2482,0,0,2482,T
4-HA,1455,2472,0,0,0,2472,A
4-HA,1456,0,2469,0,1,2470,T
4-HA,1457,2442,0,1,0,2443,A
4-HA,1458,0,1,0,2460,2461,C
4-HA,1459,1,1,0,2448,2450,C
4-HA,1460,2452,1,0,0,2453,A
4-HA,1461,0,0,0,2468,2468,C
4-HA,1462,2464,0,0,0,2464,A
4-HA,1463,2464,0,0,0,2464,A
4-HA,1464,2440,24,0,0,2464,A
4-HA,1465,0,2456,0,0,2456,T
4-HA,1466,0,0,2460,0,2460,G
4-HA,1467,1,2417,0,1,2419,T
4-HA,1468,0,0,2438,0,2438,G
4-HA,1469,2439,0,1,0,2440,A
4-HA,1470,0,0,0,2435,2435,C
4-HA,1471,2399,0,0,0,2399,A
4-HA,1472,2396,0,1,0,2397,A
4-HA,1473,0,2413,0,1,2414,T
4-HA,1474,0,1,2438,0,2439,G
4-HA,1475,0,1,0,2409,2410,C
4-HA,1476,1,0,0,2420,2421,C
4-HA,1477,13,2399,0,0,2412,T
4-HA,1478,15,0,2449,0,2464,G
4-HA,1479,0,3,0,2464,2467,C
4-HA,1480,2469,0,0,0,2469,A
4-HA,1481,1,2470,0,0,2471,T
4-HA,1482,2350,0,3,0,2353,A
4-HA,1483,0,0,2365,0,2365,G
4-HA,1484,0,1,2342,0,2343,G
4-HA,1485,2329,0,3,0,2332,A
4-HA,1486,0,2321,0,0,2321,T
4-HA,1487,0,0,1,2222,2223,C
4-HA,1488,2217,0,1,1,2219,A
4-HA,1489,2221,0,0,0,2221,A
4-HA,1490,1,2223,0,1,2225,T
4-HA,1491,1,0,0,2215,2216,C
4-HA,1492,2194,0,0,0,2194,A
4-HA,1493,0,2,2196,0,2198,G
4-HA,1494,2205,0,2,0,2207,A
4-HA,1495,2202,0,0,0,2202,A
4-HA,1496,2200,0,0,0,2200,A
4-HA,1497,0,2188,0,1,2189,T
4-HA,1498,1,3,2175,0,2179,G
4-HA,1499,0,1,2183,0,2184,G
4-HA,1500,2175,0,1,0,2176,A
4-HA,1501,2187,0,1,0,2188,A
4-HA,1502,0,1,0,2177,2178,C
4-HA,1503,0,2172,0,0,2172,T
4-HA,1504,0,2177,0,0,2177,T
4-HA,1505,2173,0,0,0,2173,A
4-HA,1506,0,2161,0,2,2163,T
4-HA,1507,0,3,2164,0,2167,G
4-HA,1508,2153,0,3,0,2156,A
4-HA,1509,1,0,0,2152,2153,C
4-HA,1510,1,0,0,2146,2147,C
4-HA,1511,2142,0,0,0,2142,A
4-HA,1512,0,0,0,2179,2179,C
4-HA,1513,0,1,2228,0,2229,G
4-HA,1514,2262,0,0,0,2262,A
4-HA,1515,0,2283,0,0,2283,T
4-HA,1516,0,0,2339,0,2339,G
4-HA,1517,0,2326,0,0,2326,T
4-HA,1518,2391,0,2,0,2393,A
4-HA,1519,0,2391,0,0,2391,T
4-HA,1520,2385,0,1,0,2386,A
4-HA,1521,0,0,0,2375,2375,C
4-HA,1522,2148,0,0,0,2148,A
4-HA,1523,0,0,2158,0,2158,G
4-HA,1524,2007,0,0,0,2007,A
4-HA,1525,1,3,1926,0,1930,G
4-HA,1526,1916,0,1,0,1917,A
4-HA,1527,0,1740,0,0,1740,T
4-HA,1528,0,0,1740,0,1740,G
4-HA,1529,1739,1,0,1,1741,A
4-HA,1530,1731,0,2,0,1733,A
4-HA,1531,0,1,1750,0,1751,G
4-HA,1532,0,0,0,1698,1698,C
4-HA,1533,1697,0,0,0,1697,A
4-HA,1534,0,1681,0,0,1681,T
4-HA,1535,0,1687,0,0,1687,T
4-HA,1536,1690,0,0,0,1690,A
4-HA,1537,1688,0,0,0,1688,A
4-HA,1538,1688,0,0,0,1688,A
4-HA,1539,2,0,0,1692,1694,C
4-HA,1540,1645,0,0,0,1645,A
4-HA,1541,1645,0,0,0,1645,A
4-HA,1542,0,1,0,1640,1641,C
4-HA,1543,3,1,0,1635,1639,C
4-HA,1544,0,0,1638,0,1638,G
4-HA,1545,0,0,1655,0,1655,G
4-HA,1546,1,1651,0,1,1653,T
4-HA,1547,0,1646,0,0,1646,T
4-HA,1548,2,0,0,1643,1645,C
4-HA,1549,0,2,0,1651,1653,C
4-HA,1550,1641,0,1,0,1642,A
4-HA,1551,0,1,1656,0,1657,G
4-HA,1552,1659,0,1,0,1660,A
4-HA,1553,0,1653,0,0,1653,T
4-HA,1554,2,1,0,1576,1579,C
4-HA,1555,1558,0,0,0,1558,A
4-HA,1556,1557,0,2,0,1559,A
4-HA,1557,0,1,1564,0,1565,G
4-HA,1558,0,5,1553,0,1558,G
4-HA,1559,1,1,1555,0,1557,G
4-HA,1560,1503,0,0,1,1504,A
4-HA,1561,0,0,1513,0,1513,G
4-HA,1562,0,1514,0,0,1514,T
4-HA,1563,0,1517,0,0,1517,T
4-HA,1564,1,1,1521,0,1523,G
4-HA,1565,1507,0,0,0,1507,A
4-HA,1566,0,0,1511,0,1511,G
4-HA,1567,0,1,0,1495,1496,C
4-HA,1568,0,1497,0,0,1497,T
4-HA,1569,0,0,1499,0,1499,G
4-HA,1570,1493,0,0,0,1493,A
4-HA,1571,1489,0,1,0,1490,A
4-HA,1572,0,0,1501,0,1501,G
4-HA,1573,0,1451,0,0,1451,T
4-HA,1574,2,0,0,1457,1459,C
4-HA,1575,1425,0,1,0,1426,A
4-HA,1576,0,3,1424,0,1427,G
4-HA,1577,0,1,1428,0,1429,G
4-HA,1578,0,0,1395,0,1395,G
4-HA,1579,0,1430,0,0,1430,T
4-HA,1580,1432,0,1,0,1433,A
4-HA,1581,0,0,0,1433,1433,C
4-HA,1582,1428,0,2,0,1430,A
4-HA,1583,1429,0,1,0,1430,A
4-HA,1584,1433,0,1,0,1434,A
4-HA,1585,0,2,1423,0,1425,G
4-HA,1586,1377,0,0,1,1378,A
4-HA,1587,0,1334,0,0,1334,T
4-HA,1588,1,1321,0,0,1322,T
4-HA,1589,0,1,1325,0,1326,G
4-HA,1590,0,0,1323,0,1323,G
4-HA,1591,1317,0,0,0,1317,A
4-HA,1592,1,1318,0,2,1321,T
4-HA,1593,0,0,0,1310,1310,C
4-HA,1594,2,0,0,1291,1293,C
4-HA,1595,0,1284,0,0,1284,T
4-HA,1596,1289,0,0,0,1289,A
4-HA,1597,0,1289,1,0,1290,T
4-HA,1598,0,0,1291,0,1291,G
4-HA,1599,0,2,1289,0,1291,G
4-HA,1600,1256,0,0,0,1256,A
4-HA,1601,0,1252,0,0,1252,T
4-HA,1602,0,1238,0,1,1239,T
4-HA,1603,0,1231,0,0,1231,T
4-HA,1604,1,1,0,1222,1224,C
4-HA,1605,0,0,0,1225,1225,C
4-HA,1606,0,1205,0,0,1205,T
4-HA,1607,0,1207,0,0,1207,T
4-HA,1608,0,1197,0,1,1198,T
4-HA,1609,0,0,1202,0,1202,G
4-HA,1610,0,0,0,1198,1198,C
4-HA,1611,0,0,0,1200,1200,C
4-HA,1612,1175,0,1,0,1176,A
4-HA,1613,0,1177,0,0,1177,T
4-HA,1614,1181,0,0,0,1181,A
4-HA,1615,0,1171,0,1,1172,T
4-HA,1616,2,0,0,1171,1173,C
4-HA,1617,1170,1,0,0,1171,A
4-HA,1618,0,1154,0,2,1156,T
4-HA,1619,0,0,1158,0,1158,G
4-HA,1620,0,1160,0,0,1160,T
4-HA,1621,0,1143,0,0,1143,T
4-HA,1622,0,1141,0,0,1141,T
4-HA,1623,0,1117,0,0,1117,T
4-HA,1624,0,1122,0,0,1122,T
4-HA,1625,0,1116,0,0,1116,T
4-HA,1626,0,0,1119,0,1119,G
4-HA,1627,0,0,0,1110,1110,C
4-HA,1628,0,1089,0,2,1091,T
4-HA,1629,0,1097,0,0,1097,T
4-HA,1630,0,1090,0,0,1090,T
4-HA,1631,0,0,1101,0,1101,G
4-HA,1632,0,1099,0,1,1100,T
4-HA,1633,0,1,1095,0,1096,G
4-HA,1634,1,1098,0,1,1100,T
4-HA,1635,0,1066,0,0,1066,T
4-HA,1636,0,0,1069,1,1070,G
4-HA,1637,0,0,0,1058,1058,C
4-HA,1638,0,1060,0,1,1061,T
4-HA,1639,0,1065,0,0,1065,T
4-HA,1640,0,1012,0,0,1012,T
4-HA,1641,0,1,1017,0,1018,G
4-HA,1642,0,1017,0,0,1017,T
4-HA,1643,0,1015,0,0,1015,T
4-HA,1644,0,0,1011,0,1011,G
4-HA,1645,0,0,985,0,985,G
4-HA,1646,0,1,978,0,979,G
4-HA,1647,0,1,981,0,982,G
4-HA,1648,0,943,0,0,943,T
4-HA,1649,0,940,0,0,940,T
4-HA,1650,1,0,0,917,918,C
4-HA,1651,914,0,0,0,914,A
4-HA,1652,0,911,0,0,911,T
4-HA,1653,1,0,0,911,912,C
4-HA,1654,904,0,0,0,904,A
4-HA,1655,0,872,0,5,877,T
4-HA,1656,0,0,856,0,856,G
4-HA,1657,0,843,0,1,844,T
4-HA,1658,0,0,841,0,841,G
4-HA,1659,0,0,820,0,820,G
4-HA,1660,1,0,809,0,810,G
4-HA,1661,0,1,0,773,774,C
4-HA,1662,0,0,1,760,761,C
4-HA,1663,0,725,0,0,725,T
4-HA,1664,0,0,725,0,725,G
4-HA,1665,0,0,0,721,721,C
4-HA,1666,0,0,0,721,721,C
4-HA,1667,719,0,1,0,720,A
4-HA,1668,713,0,0,0,713,A
4-HA,1669,714,0,0,0,714,A
4-HA,1670,715,0,0,0,715,A
4-HA,1671,716,0,0,0,716,A
4-HA,1672,0,0,709,0,709,G
4-HA,1673,0,0,684,0,684,G
4-HA,1674,0,0,0,681,681,C
4-HA,1675,676,0,0,0,676,A
4-HA,1676,674,0,0,0,674,A
4-HA,1677,1,0,0,673,674,C
4-HA,1678,672,0,0,0,672,A
4-HA,1679,0,669,0,0,669,T
4-HA,1680,0,657,0,0,657,T
4-HA,1681,634,0,0,0,634,A
4-HA,1682,0,0,626,0,626,G
4-HA,1683,0,0,627,0,627,G
4-HA,1684,0,603,0,0,603,T
4-HA,1685,0,0,568,0,568,G
4-HA,1686,0,0,0,549,549,C
4-HA,1687,544,0,0,0,544,A
4-HA,1688,542,0,0,0,542,A
4-HA,1689,0,0,0,539,539,C
4-HA,1690,536,0,0,0,536,A
4-HA,1691,0,523,0,0,523,T
4-HA,1692,0,492,0,0,492,T
4-HA,1693,0,495,0,0,495,T
4-HA,1694,0,0,494,0,494,G
4-HA,1695,0,0,0,490,490,C
4-HA,1696,488,0,0,0,488,A
4-HA,1697,0,451,0,0,451,T
4-HA,1698,0,438,0,0,438,T
4-HA,1699,0,427,0,0,427,T
4-HA,1700,0,0,429,0,429,G
4-HA,1701,419,0,0,0,419,A
5-NP,1,96,0,0,0,96,A
5-NP,2,0,95,0,0,95,T
5-NP,3,0,0,94,0,94,G
5-NP,4,0,0,94,0,94,G
5-NP,5,0,1,0,94,95,C
5-NP,6,0,0,92,0,92,G
5-NP,7,0,100,0,0,100,T
5-NP,8,0,0,0,102,102,C
5-NP,9,0,0,0,102,102,C
5-NP,10,0,0,0,103,103,C
5-NP,11,102,0,0,0,102,A
5-NP,12,104,0,0,0,104,A
5-NP,13,0,0,104,0,104,G
5-NP,14,0,0,108,0,108,G
5-NP,15,0,0,0,111,111,C
5-NP,16,109,0,0,0,109,A
5-NP,17,0,0,0,112,112,C
5-NP,18,0,0,0,112,112,C
5-NP,19,114,0,0,0,114,A
5-NP,20,112,0,0,0,112,A
5-NP,21,113,0,0,0,113,A
5-NP,22,0,0,0,113,113,C
5-NP,23,0,0,114,0,114,G
5-NP,24,0,0,124,0,124,G
5-NP,25,0,122,0,0,122,T
5-NP,26,0,0,0,137,137,C
5-NP,27,0,138,0,0,138,T
5-NP,28,0,137,0,0,137,T
5-NP,29,138,0,0,0,138,A
5-NP,30,0,137,0,0,137,T
5-NP,31,0,1,139,0,140,G
5-NP,32,140,0,0,0,140,A
5-NP,33,135,0,0,0,135,A
5-NP,34,0,0,0,140,140,C
5-NP,35,137,0,0,0,137,A
5-NP,36,0,0,152,0,152,G
5-NP,37,149,0,0,0,149,A
5-NP,38,0,152,0,0,152,T
5-NP,39,0,0,151,0,151,G
5-NP,40,0,0,150,0,150,G
5-NP,41,151,0,0,0,151,A
5-NP,42,152,0,0,0,152,A
5-NP,43,155,0,0,0,155,A
5-NP,44,0,0,0,160,160,C
5-NP,45,0,159,0,0,159,T
5-NP,46,0,0,163,0,163,G
5-NP,47,157,0,0,0,157,A
5-NP,48,0,163,0,0,163,T
5-NP,49,0,0,163,0,163,G
5-NP,50,0,0,160,0,160,G
5-NP,51,0,0,159,0,159,G
5-NP,52,0,0,161,0,161,G
5-NP,53,161,0,0,0,161,A
5-NP,54,0,163,0,0,163,T
5-NP,55,0,0,0,165,165,C
5-NP,56,0,0,165,0,165,G
5-NP,57,0,1,0,169,170,C
5-NP,58,0,0,0,170,170,C
5-NP,59,170,0,1,0,171,A
5-NP,60,0,0,171,0,171,G
5-NP,61,173,0,0,0,173,A
5-NP,62,174,0,0,0,174,A
5-NP,63,0,174,0,0,174,T
5-NP,64,0,0,173,0,173,G
5-NP,65,0,0,0,179,179,C
5-NP,66,177,0,0,0,177,A
5-NP,67,178,0,1,0,179,A
5-NP,68,0,0,0,180,180,C
5-NP,69,0,182,0,0,182,T
5-NP,70,0,0,179,0,179,G
5-NP,71,179,2,0,0,181,A
5-NP,72,0,0,194,0,194,G
5-NP,73,191,0,0,0,191,A
5-NP,74,0,192,0,0,192,T
5-NP,75,0,194,0,0,194,T
5-NP,76,194,0,0,0,194,A
5-NP,77,0,0,190,0,190,G
5-NP,78,0,0,191,0,191,G
5-NP,79,0,0,193,0,193,G
5-NP,80,0,0,0,192,192,C
5-NP,81,189,0,0,0,189,A
5-NP,82,0,194,0,0,194,T
5-NP,83,0,0,0,194,194,C
5-NP,84,0,0,0,190,190,C
5-NP,85,0,0,193,0,193,G
5-NP,86,0,193,0,0,193,T
5-NP,87,0,0,0,191,191,C
5-NP,88,0,1,190,0,191,G
5-NP,89,0,0,189,0,189,G
5-NP,90,0,0,193,0,193,G
5-NP,91,188,0,0,0,188,A
5-NP,92,192,0,0,0,192,A
5-NP,93,0,0,195,0,195,G
5-NP,94,192,0,0,0,192,A
5-NP,95,0,196,0,0,196,T
5-NP,96,0,0,201,0,201,G
5-NP,97,198,0,0,0,198,A
5-NP,98,0,201,0,0,201,T
5-NP,99,0,199,0,0,199,T
5-NP,100,0,0,200,0,200,G
5-NP,101,196,0,0,0,196,A
5-NP,102,0,202,0,0,202,T
5-NP,103,0,0,200,0,200,G
5-NP,104,0,0,198,0,198,G
5-NP,105,0,0,201,0,201,G
5-NP,106,202,0,0,0,202,A
5-NP,107,0,208,0,0,208,T
5-NP,108,0,210,0,0,210,T
5-NP,109,0,0,208,0,208,G
5-NP,110,0,2,209,0,211,G
5-NP,111,0,0,208,0,208,G
5-NP,112,208,0,0,0,208,A
5-NP,113,0,0,210,0,210,G
5-NP,114,209,0,0,0,209,A
5-NP,115,0,214,0,0,214,T
5-NP,116,0,216,0,0,216,T
5-NP,117,0,0,0,217,217,C
5-NP,118,0,216,0,0,216,T
5-NP,119,223,0,0,0,223,A
5-NP,120,0,0,0,225,225,C
5-NP,121,224,0,8,0,232,A
5-NP,122,0,235,0,0,235,T
5-NP,123,0,0,0,234,234,C
5-NP,124,1,0,0,233,234,C
5-NP,125,235,0,0,0,235,A
5-NP,126,236,0,0,0,236,A
5-NP,127,241,0,0,0,241,A
5-NP,128,0,240,0,0,240,T
5-NP,129,0,0,238,0,238,G
5-NP,130,0,234,0,0,234,T
5-NP,131,0,0,238,0,238,G
5-NP,132,0,0,0,238,238,C
5-NP,133,239,0,0,0,239,A
5-NP,134,0,0,0,240,240,C
5-NP,135,0,237,0,0,237,T
5-NP,136,0,0,246,0,246,G
5-NP,137,246,0,0,0,246,A
5-NP,138,250,1,0,0,251,A
5-NP,139,0,0,0,260,260,C
5-NP,140,0,260,0,0,260,T
5-NP,141,0,259,0,0,259,T
5-NP,142,257,0,0,0,257,A
5-NP,143,258,0,0,0,258,A
5-NP,144,256,0,0,0,256,A
5-NP,145,0,0,0,258,258,C
5-NP,146,0,259,0,0,259,T
5-NP,147,0,0,0,262,262,C
5-NP,148,260,0,0,0,260,A
5-NP,149,0,0,264,0,264,G
5-NP,150,0,265,0,0,265,T
5-NP,151,0,0,265,0,265,G
5-NP,152,274,0,0,0,274,A
5-NP,153,0,277,0,0,277,T
5-NP,154,0,0,0,277,277,C
5-NP,155,279,0,0,0,279,A
5-NP,156,0,278,0,0,278,T
5-NP,157,0,0,280,0,280,G
5-NP,158,280,0,0,0,280,A
5-NP,159,278,0,0,0,278,A
5-NP,160,0,0,279,0,279,G
5-NP,161,0,0,275,0,275,G
5-NP,162,0,0,277,0,277,G
5-NP,163,0,0,0,276,276,C
5-NP,164,0,0,275,0,275,G
5-NP,165,0,0,277,0,277,G
5-NP,166,0,277,0,0,277,T
5-NP,167,0,276,0,0,276,T
5-NP,168,0,0,276,0,276,G
5-NP,169,308,0,0,0,308,A
5-NP,170,0,309,0,0,309,T
5-NP,171,0,0,0,307,307,C
5-NP,172,0,0,0,310,310,C
5-NP,173,307,0,0,0,307,A
5-NP,174,0,0,307,0,307,G
5-NP,175,307,0,0,0,307,A
5-NP,176,307,0,0,0,307,A
5-NP,177,0,0,0,310,310,C
5-NP,178,294,0,0,0,294,A
5-NP,179,0,0,303,0,303,G
5-NP,180,0,0,0,302,302,C
5-NP,181,0,303,0,0,303,T
5-NP,182,0,305,0,0,305,T
5-NP,183,0,0,302,0,302,G
5-NP,184,306,0,0,0,306,A
5-NP,185,0,0,0,309,309,C
5-NP,186,309,0,0,0,309,A
5-NP,187,310,0,0,0,310,A
5-NP,188,0,305,0,0,305,T
5-NP,189,308,0,0,0,308,A
5-NP,190,0,0,306,0,306,G
5-NP,191,306,0,0,0,306,A
5-NP,192,0,0,308,0,308,G
5-NP,193,307,0,0,0,307,A
5-NP,194,309,0,0,0,309,A
5-NP,195,310,0,0,0,310,A
5-NP,196,313,0,0,0,313,A
5-NP,197,0,315,0,0,315,T
5-NP,198,0,0,319,0,319,G
5-NP,199,0,0,319,0,319,G
5-NP,200,0,315,0,1,316,T
5-NP,201,313,0,0,0,313,A
5-NP,202,0,0,0,317,317,C
5-NP,203,0,317,0,0,317,T
5-NP,204,0,0,0,322,322,C
5-NP,205,0,317,0,1,318,T
5-NP,206,0,0,0,319,319,C
5-NP,207,0,320,0,0,320,T
5-NP,208,0,0,322,0,322,G
5-NP,209,0,0,0,323,323,C
5-NP,210,0,324,0,0,324,T
5-NP,211,0,325,0,0,325,T
5-NP,212,0,325,0,0,325,T
5-NP,213,0,323,0,0,323,T
5-NP,214,0,1,323,0,324,G
5-NP,215,321,0,0,1,322,A
5-NP,216,0,324,0,0,324,T
5-NP,217,0,0,324,0,324,G
5-NP,218,322,0,0,0,322,A
5-NP,219,322,0,0,0,322,A
5-NP,220,324,0,0,0,324,A
5-NP,221,0,1,324,0,325,G
5-NP,222,323,0,0,0,323,A
5-NP,223,323,0,0,0,323,A
5-NP,224,0,0,331,0,331,G
5-NP,225,0,0,336,0,336,G
5-NP,226,336,0,0,0,336,A
5-NP,227,342,0,0,0,342,A
5-NP,228,0,342,0,0,342,T
5-NP,229,342,0,0,0,342,A
5-NP,230,341,0,0,0,341,A
5-NP,231,340,0,0,0,340,A
5-NP,232,0,338,0,0,338,T
5-NP,233,340,0,0,0,340,A
5-NP,234,0,0,0,341,341,C
5-NP,235,0,0,0,342,342,C
5-NP,236,0,341,0,0,341,T
5-NP,237,0,0,341,0,341,G
5-NP,238,0,1,343,0,344,G
5-NP,239,345,0,0,0,345,A
5-NP,240,344,0,0,0,344,A
5-NP,241,0,0,348,0,348,G
5-NP,242,350,0,0,0,350,A
5-NP,243,348,0,0,0,348,A
5-NP,244,0,0,0,346,346,C
5-NP,245,343,0,0,0,343,A
5-NP,246,0,0,0,350,350,C
5-NP,247,0,0,0,351,351,C
5-NP,248,1,0,0,353,354,C
5-NP,249,1,0,0,353,354,C
5-NP,250,345,0,0,0,345,A
5-NP,251,0,0,343,0,343,G
5-NP,252,0,0,0,346,346,C
5-NP,253,0,0,344,0,344,G
5-NP,254,0,0,0,345,345,C
5-NP,255,0,1,344,0,345,G
5-NP,256,0,0,345,0,345,G
5-NP,257,0,1,346,0,347,G
5-NP,258,0,0,347,0,347,G
5-NP,259,349,0,0,0,349,A
5-NP,260,349,0,0,0,349,A
5-NP,261,347,0,0,0,347,A
5-NP,262,0,0,349,0,349,G
5-NP,263,347,0,1,0,348,A
5-NP,264,0,345,0,0,345,T
5-NP,265,0,0,0,350,350,C
5-NP,266,0,0,0,346,346,C
5-NP,267,0,0,0,350,350,C
5-NP,268,353,0,0,0,353,A
5-NP,269,351,0,0,0,351,A
5-NP,270,0,0,353,0,353,G
5-NP,271,352,0,0,0,352,A
5-NP,272,353,0,0,0,353,A
5-NP,273,351,0,0,0,351,A
5-NP,274,348,0,0,0,348,A
5-NP,275,0,0,0,352,352,C
5-NP,276,0,350,0,0,350,T
5-NP,277,0,0,352,0,352,G
5-NP,278,0,1,349,0,350,G
5-NP,279,0,0,349,0,349,G
5-NP,280,0,1,346,0,347,G
5-NP,281,0,0,354,0,354,G
5-NP,282,0,0,354,0,354,G
5-NP,283,0,0,0,380,380,C
5-NP,284,0,0,0,379,379,C
5-NP,285,0,0,0,380,380,C
5-NP,286,416,0,0,0,416,A
5-NP,287,0,416,0,0,416,T
5-NP,288,444,0,0,0,444,A
5-NP,289,0,446,0,0,446,T
5-NP,290,440,0,0,0,440,A
5-NP,291,0,0,0,440,440,C
5-NP,292,421,0,0,0,421,A
5-NP,293,0,0,423,0,423,G
5-NP,294,0,1,418,0,419,G
5-NP,295,381,0,0,0,381,A
5-NP,296,0,0,392,0,392,G
5-NP,297,373,0,0,0,373,A
5-NP,298,0,0,381,0,381,G
5-NP,299,0,377,0,0,377,T
5-NP,300,376,0,2,0,378,A
5-NP,301,0,0,378,0,378,G
5-NP,302,375,0,0,0,375,A
5-NP,303,0,378,0,0,378,T
5-NP,304,0,0,378,0,378,G
5-NP,305,0,0,383,0,383,G
5-NP,306,383,0,0,0,383,A
5-NP,307,389,0,0,0,389,A
5-NP,308,389,0,0,0,389,A
5-NP,309,387,0,0,0,387,A
5-NP,310,0,387,0,0,387,T
5-NP,311,0,2,389,0,391,G
5-NP,312,0,0,390,0,390,G
5-NP,313,389,0,0,0,389,A
5-NP,314,0,386,0,0,386,T
5-NP,315,0,0,392,0,392,G
5-NP,316,389,0,0,0,389,A
5-NP,317,0,0,394,0,394,G
5-NP,318,0,0,392,0,392,G
5-NP,319,0,1,402,0,403,G
5-NP,320,430,0,0,0,430,A
5-NP,321,439,0,0,0,439,A
5-NP,322,0,0,0,472,472,C
5-NP,323,0,467,0,1,468,T
5-NP,324,0,1,0,496,497,C
5-NP,325,1,0,510,0,511,G
5-NP,326,0,526,0,1,527,T
5-NP,327,0,0,0,549,549,C
5-NP,328,1,0,0,741,742,C
5-NP,329,0,742,0,0,742,T
5-NP,330,0,768,0,0,768,T
5-NP,331,0,765,0,0,765,T
5-NP,332,769,0,0,0,769,A
5-NP,333,0,780,0,0,780,T
5-NP,334,0,1,778,0,779,G
5-NP,335,791,1,1,1,794,A
5-NP,336,2,0,0,804,806,C
5-NP,337,805,0,0,0,805,A
5-NP,338,812,0,0,0,812,A
5-NP,339,812,0,1,0,813,A
5-NP,340,0,1,895,0,896,G
5-NP,341,893,0,0,0,893,A
5-NP,342,892,0,0,0,892,A
5-NP,343,0,2,994,0,996,G
5-NP,344,1014,0,0,0,1014,A
5-NP,345,1020,0,0,0,1020,A
5-NP,346,1016,0,0,0,1016,A
5-NP,347,0,1021,0,0,1021,T
5-NP,348,1023,0,0,0,1023,A
5-NP,349,1034,1,0,0,1035,A
5-NP,350,0,1,1073,0,1074,G
5-NP,351,0,0,1062,0,1062,G
5-NP,352,0,0,0,1069,1069,C
5-NP,353,1,1,1068,0,1070,G
5-NP,354,1093,0,0,0,1093,A
5-NP,355,1120,0,0,0,1120,A
5-NP,356,0,1129,0,1,1130,T
5-NP,357,2,0,0,1129,1131,C
5-NP,358,0,1127,0,1,1128,T
5-NP,359,0,0,1133,0,1133,G
5-NP,360,1,0,1130,0,1131,G
5-NP,361,0,0,0,1137,1137,C
5-NP,362,1,1,1133,0,1135,G
5-NP,363,0,1,0,1131,1132,C
5-NP,364,0,0,0,1144,1144,C
5-NP,365,1153,0,0,0,1153,A
5-NP,366,1194,0,0,0,1194,A
5-NP,367,0,0,1261,0,1261,G
5-NP,368,0,1,0,1264,1265,C
5-NP,369,0,1,0,1313,1314,C
5-NP,370,1314,0,2,0,1316,A
5-NP,371,1343,0,0,0,1343,A
5-NP,372,0,0,0,1381,1381,C
5-NP,373,1391,0,0,0,1391,A
5-NP,374,1460,0,0,0,1460,A
5-NP,375,0,1466,0,1,1467,T
5-NP,376,0,1,1561,0,1562,G
5-NP,377,0,1,1558,0,1559,G
5-NP,378,1,1547,0,0,1548,T
5-NP,379,0,0,1571,0,1571,G
5-NP,380,1562,0,1,0,1563,A
5-NP,381,0,2,1654,0,1656,G
5-NP,382,0,1,1652,0,1653,G
5-NP,383,1713,0,1,0,1714,A
5-NP,384,0,2008,0,1,2009,T
5-NP,385,0,0,2084,0,2084,G
5-NP,386,2,0,0,2095,2097,C
5-NP,387,0,2108,0,1,2109,T
5-NP,388,2128,0,0,0,2128,A
5-NP,389,0,1,0,2199,2200,C
5-NP,390,2230,0,0,0,2230,A
5-NP,391,0,2234,0,1,2235,T
5-NP,392,1,0,0,2231,2232,C
5-NP,393,0,2211,0,0,2211,T
5-NP,394,0,1,2333,0,2334,G
5-NP,395,0,0,2408,0,2408,G
5-NP,396,0,2414,0,3,2417,T
5-NP,397,1,0,0,2421,2422,C
5-NP,398,0,2421,0,0,2421,T
5-NP,399,2472,1,1,0,2474,A
5-NP,400,2481,0,0,0,2481,A
5-NP,401,0,1,0,2514,2515,C
5-NP,402,0,2508,0,3,2511,T
5-NP,403,1,1,0,2571,2573,C
5-NP,404,2556,0,1,0,2557,A
5-NP,405,0,0,0,2721,2721,C
5-NP,406,2717,1,1,0,2719,A
5-NP,407,0,2743,0,1,2744,T
5-NP,408,2724,1,1,0,2726,A
5-NP,409,2745,0,1,0,2746,A
5-NP,410,1,2773,0,1,2775,T
5-NP,411,0,1,2817,0,2818,G
5-NP,412,2815,0,0,0,2815,A
5-NP,413,0,2822,0,1,2823,T
5-NP,414,2,2801,0,1,2804,T
5-NP,415,0,2818,0,0,2818,T
5-NP,416,1,4,2796,0,2801,G
5-NP,417,2,0,2799,0,2801,G
5-NP,418,2,0,0,2803,2805,C
5-NP,419,2813,0,1,1,2815,A
5-NP,420,0,2830,0,2,2832,T
5-NP,421,0,2835,0,0,2835,T
5-NP,422,2,0,0,2833,2835,C
5-NP,423,2,3,0,2835,2840,C
5-NP,424,2925,0,0,0,2925,A
5-NP,425,2922,0,1,1,2924,A
5-NP,426,0,2932,0,0,2932,T
5-NP,427,0,2928,0,0,2928,T
5-NP,428,0,2933,0,1,2934,T
5-NP,429,1,1,2958,0,2960,G
5-NP,430,2957,0,0,0,2957,A
5-NP,431,2963,0,1,0,2964,A
5-NP,432,0,3007,0,0,3007,T
5-NP,433,0,3,2990,1,2994,G
5-NP,434,3147,0,1,0,3148,A
5-NP,435,1,3168,0,1,3170,T
5-NP,436,2,0,3190,1,3193,G
5-NP,437,1,1,0,3298,3300,C
5-NP,438,3281,0,3,0,3284,A
5-NP,439,3500,0,1,0,3501,A
5-NP,440,0,1,0,3512,3513,C
5-NP,441,3596,2,0,0,3598,A
5-NP,442,0,3714,0,1,3715,T
5-NP,443,3679,0,2,0,3681,A
5-NP,444,0,0,1,3767,3768,C
5-NP,445,2,0,0,3762,3764,C
5-NP,446,3730,0,3,0,3733,A
5-NP,447,0,2,3796,0,3798,G
5-NP,448,3747,0,4,0,3751,A
5-NP,449,0,2,3841,0,3843,G
5-NP,450,0,3,3838,0,3841,G
5-NP,451,3836,0,3,1,3840,A
5-NP,452,0,0,0,3872,3872,C
5-NP,453,3849,0,1,0,3850,A
5-NP,454,3859,0,3,0,3862,A
5-NP,455,0,6,3846,0,3852,G
5-NP,456,3823,0,5,0,3828,A
5-NP,457,9,1,3865,0,3875,G
5-NP,458,0,0,0,3879,3879,C
5-NP,459,0,3883,0,5,3888,T
5-NP,460,6,0,0,3892,3898,C
5-NP,461,0,3893,1,2,3896,T
5-NP,462,0,3896,0,0,3896,T
5-NP,463,0,1,3917,0,3918,G
5-NP,464,0,3905,0,0,3905,T
5-NP,465,0,3911,0,4,3915,T
5-NP,466,4,0,0,3907,3911,C
5-NP,467,0,2,3911,0,3913,G
5-NP,468,3970,1,4,3,3978,A
5-NP,469,4000,0,0,0,4000,A
5-NP,470,0,0,0,4039,4039,C
5-NP,471,0,4037,0,3,4040,T
5-NP,472,1,2,4115,0,4118,G
5-NP,473,0,1,4124,0,4125,G
5-NP,474,4134,0,0,0,4134,A
5-NP,475,4129,0,4,0,4133,A
5-NP,476,0,4135,0,1,4136,T
5-NP,477,1,3,4168,0,4172,G
5-NP,478,1,1,4174,1,4177,G
5-NP,479,4225,0,6,0,4231,A
5-NP,480,0,4296,0,1,4297,T
5-NP,481,2,0,0,4327,4329,C
5-NP,482,1,1,0,4341,4343,C
5-NP,483,3,0,0,4386,4389,C
5-NP,484,4453,1,2,0,4456,A
5-NP,485,0,3,4523,0,4526,G
5-NP,486,4515,0,3,0,4518,A
5-NP,487,4509,0,2,0,4511,A
5-NP,488,0,4527,0,0,4527,T
5-NP,489,3,1,4618,0,4622,G
5-NP,490,1,4578,0,1,4580,T
5-NP,491,1,2,4636,0,4639,G
5-NP,492,0,1,0,4632,4633,C
5-NP,493,2,4624,0,5,4631,T
5-NP,494,3,0,0,5107,5110,C
5-NP,495,0,5091,1,2,5094,T
5-NP,496,4,3,0,5388,5395,C
5-NP,497,0,5387,0,12,5399,T
5-NP,498,1,6,5442,1,5450,G
5-NP,499,5507,0,1,0,5508,A
5-NP,500,1,5465,0,27,5493,T
5-NP,501,0,1,5501,0,5502,G
5-NP,502,0,1,0,5500,5501,C
5-NP,503,5408,0,6,1,5415,A
5-NP,504,4,7,5572,0,5583,G
5-NP,505,0,5,5490,0,5495,G
5-NP,506,0,0,5545,0,5545,G
5-NP,507,3,4,0,5550,5557,C
5-NP,508,0,5553,1,2,5556,T
5-NP,509,2,3,0,5596,5601,C
5-NP,510,4,3,5578,1,5586,G
5-NP,511,5675,0,2,1,5678,A
5-NP,512,0,0,0,5706,5706,C
5-NP,513,0,5649,0,3,5652,T
5-NP,514,5,0,0,5992,5997,C
5-NP,515,0,5988,0,6,5994,T
5-NP,516,6,2,0,6935,6943,C
5-NP,517,9,3,0,6946,6958,C
5-NP,518,11,0,0,6972,6983,C
5-NP,519,1,7000,0,1,7002,T
5-NP,520,6988,1,1,0,6990,A
5-NP,521,0,1,6969,0,6970,G
5-NP,522,6959,0,0,0,6959,A
5-NP,523,6843,1,6,0,6850,A
5-NP,524,0,5,6861,0,6866,G
5-NP,525,4,0,6897,0,6901,G
5-NP,526,0,6814,0,4,6818,T
5-NP,527,6,0,0,6895,6901,C
5-NP,528,6,7,0,6876,6889,C
5-NP,529,2,1,6893,0,6896,G
5-NP,530,0,5,6927,0,6932,G
5-NP,531,6936,0,8,0,6944,A
5-NP,532,1,0,7037,0,7038,G
5-NP,533,1,0,0,7060,7061,C
5-NP,534,3,7007,0,2,7012,T
5-NP,535,0,0,7029,0,7029,G
5-NP,536,1,3,0,7049,7053,C
5-NP,537,7014,3,26,0,7043,A
5-NP,538,1,5,7062,0,7068,G
5-NP,539,0,2,7117,0,7119,G
5-NP,540,0,7000,0,6,7006,T
5-NP,541,12,1,7090,0,7103,G
5-NP,542,1,1,0,7100,7102,C
5-NP,543,2,7126,1,6,7135,T
5-NP,544,2,0,7169,0,7171,G
5-NP,545,2,1,0,7155,7158,C
5-NP,546,7237,0,2,0,7239,A
5-NP,547,1,2,7398,0,7401,G
5-NP,548,1,7329,0,0,7330,T
5-NP,549,1,5,0,7386,7392,C
5-NP,550,7377,1,3,0,7381,A
5-NP,551,7362,0,6,1,7369,A
5-NP,552,7367,0,11,0,7378,A
5-NP,553,2,5,7425,0,7432,G
5-NP,554,1,5,7452,1,7459,G
5-NP,555,7482,0,3,1,7486,A
5-NP,556,7469,0,5,0,7474,A
5-NP,557,0,7502,0,0,7502,T
5-NP,558,5,5,0,7508,7518,C
5-NP,559,2,12,7498,0,7512,G
5-NP,560,4,9,7700,1,7714,G
5-NP,561,1,4,7731,0,7736,G
5-NP,562,7671,0,2,0,7673,A
5-NP,563,0,1,1,7753,7755,C
5-NP,564,7695,0,1,0,7696,A
5-NP,565,7879,0,2,0,7881,A
5-NP,566,0,7935,1,3,7939,T
5-NP,567,0,3,7993,0,7996,G
5-NP,568,0,0,8182,0,8182,G
5-NP,569,0,8147,0,18,8165,T
5-NP,570,4,4,8313,0,8321,G
5-NP,571,8255,3,7,2,8267,A
5-NP,572,1,8301,0,0,8302,T
5-NP,573,2,8,8321,0,8331,G
5-NP,574,1,8,8422,0,8431,G
5-NP,575,8330,0,9,1,8340,A
5-NP,576,8407,0,4,1,8412,A
5-NP,577,0,3,0,8412,8415,C
5-NP,578,2,8249,0,1,8252,T
5-NP,579,4,6,8664,0,8674,G
5-NP,580,8582,1,5,0,8588,A
5-NP,581,1,8638,0,1,8640,T
5-NP,582,4,1,0,8672,8677,C
5-NP,583,8608,0,0,1,8609,A
5-NP,584,0,3,8894,0,8897,G
5-NP,585,8790,0,5,1,8796,A
5-NP,586,8841,0,1,0,8842,A
5-NP,587,1,8897,0,2,8900,T
5-NP,588,0,12,8869,0,8881,G
5-NP,589,7,1,8936,1,8945,G
5-NP,590,1,8907,0,9,8917,T
5-NP,591,9,1,0,8963,8973,C
5-NP,592,8973,1,3,0,8977,A
5-NP,593,8962,1,3,0,8966,A
5-NP,594,8980,0,5,3,8988,A
5-NP,595,1,6,0,8986,8993,C
5-NP,596,2,10,8968,0,8980,G
5-NP,597,2,21,9017,1,9041,G
5-NP,598,3,20,8961,0,8984,G
5-NP,599,0,3,9002,0,9005,G
5-NP,600,178,4,8853,0,9035,G
5-NP,601,9026,0,6,2,9034,A
5-NP,602,0,8993,0,3,8996,T
5-NP,603,3,1,0,9050,9054,C
5-NP,604,9074,0,3,0,9077,A
5-NP,605,9061,0,3,0,9064,A
5-NP,606,2,4,0,9016,9022,C
5-NP,607,3,4,8987,0,8994,G
5-NP,608,8950,0,1,0,8951,A
5-NP,609,0,8927,0,4,8931,T
5-NP,610,6,4,1,8955,8966,C
5-NP,611,2,1,8998,0,9001,G
5-NP,612,8890,0,0,0,8890,A
5-NP,613,8940,0,1,0,8941,A
5-NP,614,8957,0,0,0,8957,A
5-NP,615,1,9056,0,3,9060,T
5-NP,616,0,9078,0,0,9078,T
5-NP,617,0,9052,0,1,9053,T
5-NP,618,0,9075,1,3,9079,T
5-NP,619,0,9110,0,3,9113,T
5-NP,620,2,5,9093,0,9100,G
5-NP,621,2,10,9098,0,9110,G
5-NP,622,8965,0,28,0,8993,A
5-NP,623,1,3,9126,0,9130,G
5-NP,624,8969,0,7,0,8976,A
5-NP,625,0,6,9491,0,9497,G
5-NP,626,1,0,9515,0,9516,G
5-NP,627,0,9311,1,9,9321,T
5-NP,628,1,9,9543,0,9553,G
5-NP,629,9491,0,12,1,9504,A
5-NP,630,1,6,9586,0,9593,G
5-NP,631,9540,0,4,1,9545,A
5-NP,632,9546,0,3,0,9549,A
5-NP,633,1,9542,0,2,9545,T
5-NP,634,3,26,9306,1,9336,G
5-NP,635,1,8,9283,0,9292,G
5-NP,636,4,2,9267,0,9273,G
5-NP,637,6,2,0,9220,9228,C
5-NP,638,0,9,9285,0,9294,G
5-NP,639,4,3,9336,1,9344,G
5-NP,640,9308,0,1,0,9309,A
5-NP,641,9355,0,3,0,9358,A
5-NP,642,9471,0,1,0,9472,A
5-NP,643,9453,0,11,4,9468,A
5-NP,644,0,1,1,9530,9532,C
5-NP,645,9518,0,1,0,9519,A
5-NP,646,9485,1,2,0,9488,A
5-NP,647,1,6,9497,0,9504,G
5-NP,648,9274,1,5,1,9281,A
5-NP,649,9317,0,2,1,9320,A
5-NP,650,2,4,9485,0,9491,G
5-NP,651,3,9387,0,2,9392,T
5-NP,652,1,1,9839,0,9841,G
5-NP,653,0,1,0,9800,9801,C
5-NP,654,1,9840,0,3,9844,T
5-NP,655,0,9917,0,1,9918,T
5-NP,656,10002,0,1,0,10003,A
5-NP,657,0,10014,0,1,10015,T
5-NP,658,2,6,10049,0,10057,G
5-NP,659,9842,0,10,1,9853,A
5-NP,660,0,5,9890,1,9896,G
5-NP,661,9507,0,6,0,9513,A
5-NP,662,1,3,9561,0,9565,G
5-NP,663,9543,1,1,0,9545,A
5-NP,664,9647,0,1,0,9648,A
5-NP,665,0,9559,0,0,9559,T
5-NP,666,0,0,9685,0,9685,G
5-NP,667,1,9577,0,24,9602,T
5-NP,668,2,4,9670,0,9676,G
5-NP,669,0,2,0,9640,9642,C
5-NP,670,9649,1,1,0,9651,A
5-NP,671,9669,0,6,0,9675,A
5-NP,672,1,0,0,9652,9653,C
5-NP,673,9616,0,0,0,9616,A
5-NP,674,0,9637,1,2,9640,T
5-NP,675,1,9556,0,4,9561,T
5-NP,676,5,2,0,9580,9587,C
5-NP,677,1,9588,0,0,9589,T
5-NP,678,4,9602,0,0,9606,T
5-NP,679,9542,2,45,0,9589,A
5-NP,680,9561,0,0,0,9561,A
5-NP,681,9562,0,6,0,9568,A
5-NP,682,1,6,9571,0,9578,G
5-NP,683,0,1,9553,0,9554,G
5-NP,684,9508,0,0,0,9508,A
5-NP,685,9504,0,2,0,9506,A
5-NP,686,9509,0,0,0,9509,A
5-NP,687,9611,0,1,0,9612,A
5-NP,688,1,9584,0,1,9586,T
5-NP,689,1,9577,1,2,9581,T
5-NP,690,2,9576,0,3,9581,T
5-NP,691,6,2,0,9614,9622,C
5-NP,692,9637,0,3,0,9640,A
5-NP,693,9636,1,2,0,9639,A
5-NP,694,9621,0,5,2,9628,A
5-NP,695,2,1,0,9721,9724,C
5-NP,696,9634,1,1,0,9636,A
5-NP,697,0,1,9799,0,9800,G
5-NP,698,1,1,0,9801,9803,C
5-NP,699,2,9763,0,6,9771,T
5-NP,700,4,1,9932,0,9937,G
5-NP,701,0,3,0,9903,9906,C
5-NP,702,9947,2,13,0,9962,A
5-NP,703,3,2,1,9953,9959,C
5-NP,704,9956,0,0,0,9956,A
5-NP,705,10024,0,4,0,10028,A
5-NP,706,9828,0,7,0,9835,A
5-NP,707,5,7,10050,0,10062,G
5-NP,708,10020,0,20,0,10040,A
5-NP,709,5,350,9735,0,10090,G
5-NP,710,4,0,0,10087,10091,C
5-NP,711,10081,0,1,1,10083,A
5-NP,712,10406,0,3,0,10409,A
5-NP,713,0,10423,0,1,10424,T
5-NP,714,4,5,10374,1,10384,G
5-NP,715,43,1,10344,0,10388,G
5-NP,716,0,10126,0,8,10134,T
5-NP,717,2,7,10209,0,10218,G
5-NP,718,0,5,10255,1,10261,G
5-NP,719,10260,0,4,0,10264,A
5-NP,720,1,10218,0,7,10226,T
5-NP,721,11,0,2,10021,10034,C
5-NP,722,10072,0,4,0,10076,A
5-NP,723,10138,0,5,0,10143,A
5-NP,724,1,0,10207,0,10208,G
5-NP,725,0,10107,0,2,10109,T
5-NP,726,0,9,10161,0,10170,G
5-NP,727,10045,3,14,1,10063,A
5-NP,728,0,5,10060,2,10067,G
5-NP,729,10086,0,5,0,10091,A
5-NP,730,0,3,10056,0,10059,G
5-NP,731,10004,0,1,0,10005,A
5-NP,732,9850,0,1,0,9851,A
5-NP,733,9895,0,5,0,9900,A
5-NP,734,0,1,9886,0,9887,G
5-NP,735,0,9780,0,4,9784,T
5-NP,736,9,0,0,9844,9853,C
5-NP,737,6,9,9821,0,9836,G
5-NP,738,0,3,9833,1,9837,G
5-NP,739,9882,0,4,0,9886,A
5-NP,740,9879,0,1,0,9880,A
5-NP,741,1,0,0,9948,9949,C
5-NP,742,2,2,0,9873,9877,C
5-NP,743,18,1,0,9890,9909,C
5-NP,744,9892,1,11,0,9904,A
5-NP,745,1,0,9922,1,9924,G
5-NP,746,1,4,9881,2,9888,G
5-NP,747,9885,0,3,0,9888,A
5-NP,748,9906,0,1,0,9907,A
5-NP,749,9838,0,3,0,9841,A
5-NP,750,0,5,0,9841,9846,C
5-NP,751,2,3,9825,0,9830,G
5-NP,752,3,0,1,9802,9806,C
5-NP,753,0,9786,0,11,9797,T
5-NP,754,0,2,9825,0,9827,G
5-NP,755,9769,1,2,0,9772,A
5-NP,756,1,5,9912,0,9918,G
5-NP,757,9923,0,4,0,9927,A
5-NP,758,0,9834,0,0,9834,T
5-NP,759,8,0,0,9812,9820,C
5-NP,760,2,3,9864,0,9869,G
5-NP,761,9838,1,1,1,9841,A
5-NP,762,9829,0,1,0,9830,A
5-NP,763,1,3,9855,0,9859,G
5-NP,764,9841,1,1,1,9844,A
5-NP,765,0,9800,0,2,9802,T
5-NP,766,2,0,0,9863,9865,C
5-NP,767,0,9883,0,10,9893,T
5-NP,768,8,0,2,9892,9902,C
5-NP,769,9943,1,1,0,9945,A
5-NP,770,3,9927,0,4,9934,T
5-NP,771,9960,4,0,0,9964,A
5-NP,772,1,9909,1,43,9954,T
5-NP,773,0,9901,0,1,9902,T
5-NP,774,0,9876,0,1,9877,T
5-NP,775,0,9784,1,5,9790,T
5-NP,776,0,9773,11,3,9787,T
5-NP,777,9805,0,10,0,9815,A
5-NP,778,0,1,9775,0,9776,G
5-NP,779,0,7,0,9783,9790,C
5-NP,780,9779,0,0,0,9779,A
5-NP,781,9733,0,0,4,9737,A
5-NP,782,0,4,9979,0,9983,G
5-NP,783,9949,0,6,0,9955,A
5-NP,784,0,9937,0,1,9938,T
5-NP,785,2,1,0,10027,10030,C
5-NP,786,2,9967,1,7,9977,T
5-NP,787,3,1,10226,0,10230,G
5-NP,788,0,1,0,10242,10243,C
5-NP,789,10253,0,2,0,10255,A
5-NP,790,0,10326,0,5,10331,T
5-NP,791,0,10040,0,2,10042,T
5-NP,792,2,11,10535,5,10553,G
5-NP,793,10683,0,6,1,10690,A
5-NP,794,1,10694,0,1,10696,T
5-NP,795,10748,1,0,0,10749,A
5-NP,796,1,10554,1,0,10556,T
5-NP,797,0,10475,0,3,10478,T
5-NP,798,0,18,10530,0,10548,G
5-NP,799,10432,1,5,0,10438,A
5-NP,800,6,4,10498,0,10508,G
5-NP,801,10017,0,5,0,10022,A
5-NP,802,5,8,9851,3,9867,G
5-NP,803,0,4,9934,1,9939,G
5-NP,804,9895,0,3,1,9899,A
5-NP,805,2,9804,0,8,9814,T
5-NP,806,6,0,0,9931,9937,C
5-NP,807,9880,0,5,0,9885,A
5-NP,808,1,0,9916,0,9917,G
5-NP,809,0,9867,1,1,9869,T
5-NP,810,1,9785,1,0,9787,T
5-NP,811,3,0,9812,0,9815,G
5-NP,812,1,2,0,9732,9735,C
5-NP,813,0,9757,1,10,9768,T
5-NP,814,13,0,1,9762,9776,C
5-NP,815,9799,0,4,0,9803,A
5-NP,816,1,4,0,9834,9839,C
5-NP,817,9845,0,0,0,9845,A
5-NP,818,9891,0,4,0,9895,A
5-NP,819,9849,0,6,0,9855,A
5-NP,820,1,9780,0,1,9782,T
5-NP,821,6,2,0,9859,9867,C
5-NP,822,0,9833,0,6,9839,T
5-NP,823,2,9798,0,2,9802,T
5-NP,824,2,1,9828,0,9831,G
5-NP,825,0,4,0,9779,9783,C
5-NP,826,4,5,0,9907,9916,C
5-NP,827,0,9919,0,8,9927,T
5-NP,828,9819,0,6,0,9825,A
5-NP,829,3,0,0,9980,9983,C
5-NP,830,5,0,0,9990,9995,C
5-NP,831,11,9907,0,29,9947,T
5-NP,832,4,6,10057,0,10067,G
5-NP,833,2,4,0,10015,10021,C
5-NP,834,10,1,0,10064,10075,C
5-NP,835,2,9940,0,11,9953,T
5-NP,836,1,0,10061,0,10062,G
5-NP,837,1,9947,1,11,9960,T
5-NP,838,1,1,10096,0,10098,G
5-NP,839,1,8,0,10145,10154,C
5-NP,840,2,2,10293,0,10297,G
5-NP,841,0,10146,0,2,10148,T
5-NP,842,10158,1,2,0,10161,A
5-NP,843,0,10148,0,1,10149,T
5-NP,844,0,6,10145,0,10151,G
5-NP,845,1,5,10426,0,10432,G
5-NP,846,10365,1,8,0,10374,A
5-NP,847,1,2,0,10222,10225,C
5-NP,848,3,0,0,10248,10251,C
5-NP,849,7,10105,0,13,10125,T
5-NP,850,3,0,10556,0,10559,G
5-NP,851,5,5,0,10564,10574,C
5-NP,852,10602,0,2,5,10609,A
5-NP,853,0,1,10753,0,10754,G
5-NP,854,1,10308,0,2,10311,T
5-NP,855,10674,0,0,0,10674,A
5-NP,856,0,10604,7,4,10615,T
5-NP,857,3,4,2,10583,10592,C
5-NP,858,2,1,0,10637,10640,C
5-NP,859,10245,1,0,0,10246,A
5-NP,860,0,1,10278,0,10279,G
5-NP,861,0,10218,1,5,10224,T
5-NP,862,2,11,10305,0,10318,G
5-NP,863,1,10,10244,0,10255,G
5-NP,864,1,1,10109,1,10112,G
5-NP,865,0,10090,0,7,10097,T
5-NP,866,10114,0,4,0,10118,A
5-NP,867,1,6,0,10070,10077,C
5-NP,868,1,14,10017,1,10033,G
5-NP,869,9950,3,7,0,9960,A
5-NP,870,49,1,0,9935,9985,C
5-NP,871,0,9773,0,3,9776,T
5-NP,872,0,9769,0,2,9771,T
5-NP,873,4,3,0,9807,9814,C
5-NP,874,0,7,9804,0,9811,G
5-NP,875,9782,1,1,0,9784,A
5-NP,876,9805,0,0,0,9805,A
5-NP,877,9832,0,1,0,9833,A
5-NP,878,9792,0,27,0,9819,A
5-NP,879,9784,0,11,0,9795,A
5-NP,880,2,9,9786,0,9797,G
5-NP,881,9766,1,5,0,9772,A
5-NP,882,1,15,9826,1,9843,G
5-NP,883,2,7,9896,0,9905,G
5-NP,884,3,5,9906,0,9914,G
5-NP,885,9916,5,9,0,9930,A
5-NP,886,0,9917,0,3,9920,T
5-NP,887,9990,0,0,0,9990,A
5-NP,888,0,9955,0,9,9964,T
5-NP,889,0,9959,1,1,9961,T
5-NP,890,4,0,0,10055,10059,C
5-NP,891,12,5,0,10021,10038,C
5-NP,892,1,9926,2,0,9929,T
5-NP,893,0,9955,1,1,9957,T
5-NP,894,0,8,10049,0,10057,G
5-NP,895,2,0,10103,0,10105,G
5-NP,896,0,10001,0,5,10006,T
5-NP,897,4,16,10008,0,10028,G
5-NP,898,0,7,9968,0,9975,G
5-NP,899,6,4,10314,0,10324,G
5-NP,900,10312,2,1,0,10315,A
5-NP,901,10335,0,9,3,10347,A
5-NP,902,0,10338,0,0,10338,T
5-NP,903,10156,0,4,0,10160,A
5-NP,904,2,5,10157,0,10164,G
5-NP,905,10032,1,18,0,10051,A
5-NP,906,0,0,0,10032,10032,C
5-NP,907,6,0,0,9936,9942,C
5-NP,908,18,0,0,9737,9755,C
5-NP,909,0,9811,0,49,9860,T
5-NP,910,0,9861,0,2,9863,T
5-NP,911,0,9855,0,5,9860,T
5-NP,912,8,0,0,9881,9889,C
5-NP,913,9870,0,1,1,9872,A
5-NP,914,9872,0,7,0,9879,A
5-NP,915,9852,1,2,0,9855,A
5-NP,916,2,9,0,9828,9839,C
5-NP,917,0,9634,0,3,9637,T
5-NP,918,9559,1,4,0,9564,A
5-NP,919,0,1,0,9664,9665,C
5-NP,920,0,9649,0,3,9652,T
5-NP,921,1,9576,0,0,9577,T
5-NP,922,4,2,0,9676,9682,C
5-NP,923,9656,0,1,0,9657,A
5-NP,924,9659,0,2,0,9661,A
5-NP,925,9625,0,0,0,9625,A
5-NP,926,9607,1,0,1,9609,A
5-NP,927,0,9561,0,2,9563,T
5-NP,928,9458,0,2,0,9460,A
5-NP,929,2,0,9513,0,9515,G
5-NP,930,1,5,0,9530,9536,C
5-NP,931,11,0,0,9608,9619,C
5-NP,932,9654,1,1,0,9656,A
5-NP,933,9653,0,2,0,9655,A
5-NP,934,9869,0,1,0,9870,A
5-NP,935,1,9899,0,0,9900,T
5-NP,936,9946,1,2,0,9949,A
5-NP,937,0,9924,0,0,9924,T
5-NP,938,9783,0,5,0,9788,A
5-NP,939,1,0,0,9818,9819,C
5-NP,940,9610,2,0,0,9612,A
5-NP,941,1,1,9786,0,9788,G
5-NP,942,1,1,0,9757,9759,C
5-NP,943,0,9524,0,9,9533,T
5-NP,944,2,9615,0,1,9618,T
5-NP,945,9667,0,0,0,9667,A
5-NP,946,9674,0,1,0,9675,A
5-NP,947,0,9641,0,2,9643,T
5-NP,948,7,2,0,9645,9654,C
5-NP,949,9418,0,7,0,9425,A
5-NP,950,0,2,9493,0,9495,G
5-NP,951,9420,1,7,0,9428,A
5-NP,952,1,1,1,9520,9523,C
5-NP,953,9,2,0,9457,9468,C
5-NP,954,1,9360,0,4,9365,T
5-NP,955,9441,0,1,0,9442,A
5-NP,956,9412,0,4,0,9416,A
5-NP,957,0,2,0,9452,9454,C
5-NP,958,5,8,9451,0,9464,G
5-NP,959,9304,0,2,1,9307,A
5-NP,960,2,6,9283,0,9291,G
5-NP,961,9252,1,3,0,9256,A
5-NP,962,9332,1,0,0,9333,A
5-NP,963,1,9285,0,3,9289,T
5-NP,964,3,2,2,9203,9210,C
5-NP,965,8,0,0,9247,9255,C
5-NP,966,9053,0,12,1,9066,A
5-NP,967,3,2,9102,0,9107,G
5-NP,968,0,3,1,9095,9099,C
5-NP,969,9130,2,14,0,9146,A
5-NP,970,0,0,0,9189,9189,C
5-NP,971,9053,1,3,0,9057,A
5-NP,972,0,0,0,9088,9088,C
5-NP,973,9078,0,4,1,9083,A
5-NP,974,9110,1,6,0,9117,A
5-NP,975,1,6,9117,0,9124,G
5-NP,976,9026,0,3,0,9029,A
5-NP,977,0,0,9023,0,9023,G
5-NP,978,0,8807,0,4,8811,T
5-NP,979,9,20,0,8788,8817,C
5-NP,980,8798,0,6,0,8804,A
5-NP,981,9,0,8780,0,8789,G
5-NP,982,0,1,0,8753,8754,C
5-NP,983,0,8728,0,7,8735,T
5-NP,984,2,7,8773,0,8782,G
5-NP,985,2,0,8811,0,8813,G
5-NP,986,0,8754,0,6,8760,T
5-NP,987,0,0,8842,0,8842,G
5-NP,988,0,8724,0,7,8731,T
5-NP,989,1,5,8719,0,8725,G
5-NP,990,0,2,8706,0,8708,G
5-NP,991,8669,1,2,0,8672,A
5-NP,992,0,8674,0,6,8680,T
5-NP,993,0,10,8323,0,8333,G
5-NP,994,2,0,8306,0,8308,G
5-NP,995,2,0,0,8289,8291,C
5-NP,996,8233,0,1,0,8234,A
5-NP,997,0,8217,0,8,8225,T
5-NP,998,5,1,8168,1,8175,G
5-NP,999,0,1,0,8169,8170,C
5-NP,1000,9,1,1,8193,8204,C
5-NP,1001,8218,0,1,0,8219,A
5-NP,1002,0,8178,0,5,8183,T
5-NP,1003,0,8094,0,0,8094,T
5-NP,1004,8,0,0,8139,8147,C
5-NP,1005,0,8082,0,2,8084,T
5-NP,1006,0,0,8057,0,8057,G
5-NP,1007,0,0,0,8056,8056,C
5-NP,1008,2,7872,0,6,7880,T
5-NP,1009,2,1,7909,0,7912,G
5-NP,1010,1,0,0,7813,7814,C
5-NP,1011,7828,0,1,1,7830,A
5-NP,1012,0,7818,1,0,7819,T
5-NP,1013,0,7755,0,1,7756,T
5-NP,1014,0,7754,0,2,7756,T
5-NP,1015,2,3,7742,0,7747,G
5-NP,1016,7729,0,3,1,7733,A
5-NP,1017,7734,0,2,0,7736,A
5-NP,1018,26,4,7724,0,7754,G
5-NP,1019,7713,0,0,0,7713,A
5-NP,1020,0,7690,0,1,7691,T
5-NP,1021,1,7697,0,2,7700,T
5-NP,1022,0,7707,2,0,7709,T
5-NP,1023,7705,0,3,0,7708,A
5-NP,1024,7695,0,3,1,7699,A
5-NP,1025,0,1,7704,0,7705,G
5-NP,1026,7671,0,2,0,7673,A
5-NP,1027,2,7601,2,1,7606,T
5-NP,1028,0,7522,0,0,7522,T
5-NP,1029,1,0,7549,0,7550,G
5-NP,1030,1,7535,0,4,7540,T
5-NP,1031,1,7533,0,5,7539,T
5-NP,1032,7557,2,2,0,7561,A
5-NP,1033,7541,0,5,0,7546,A
5-NP,1034,1,0,7544,0,7545,G
5-NP,1035,0,16,0,7533,7549,C
5-NP,1036,0,7388,0,27,7415,T
5-NP,1037,0,7414,0,4,7418,T
5-NP,1038,7,2,0,7429,7438,C
5-NP,1039,7432,0,2,1,7435,A
5-NP,1040,1,7386,0,1,7388,T
5-NP,1041,1,0,0,7429,7430,C
5-NP,1042,7334,0,1,0,7335,A
5-NP,1043,1,2,7338,0,7341,G
5-NP,1044,7237,0,6,0,7243,A
5-NP,1045,2,10,7224,0,7236,G
5-NP,1046,3,7,7164,0,7174,G
5-NP,1047,5,3,7123,0,7131,G
5-NP,1048,7082,1,12,1,7096,A
5-NP,1049,0,1,0,7124,7125,C
5-NP,1050,7142,0,0,1,7143,A
5-NP,1051,7136,0,0,1,7137,A
5-NP,1052,7153,0,4,2,7159,A
5-NP,1053,7177,0,2,0,7179,A
5-NP,1054,1,1,7189,0,7191,G
5-NP,1055,0,7023,0,0,7023,T
5-NP,1056,6983,0,3,0,6986,A
5-NP,1057,2,6922,0,7,6931,T
5-NP,1058,1,42,0,6891,6934,C
5-NP,1059,2,6827,0,1,6830,T
5-NP,1060,8,0,0,6885,6893,C
5-NP,1061,5,0,0,6859,6864,C
5-NP,1062,2,6762,0,1,6765,T
5-NP,1063,3,2,0,6810,6815,C
5-NP,1064,0,7,6813,0,6820,G
5-NP,1065,0,7,6836,0,6843,G
5-NP,1066,1,7,6834,0,6842,G
5-NP,1067,2,4,6798,0,6804,G
5-NP,1068,3,2,6794,0,6799,G
5-NP,1069,6692,1,0,0,6693,A
5-NP,1070,6692,1,3,1,6697,A
5-NP,1071,6683,0,4,1,6688,A
5-NP,1072,0,0,0,6710,6710,C
5-NP,1073,0,6673,0,1,6674,T
5-NP,1074,4,0,6699,1,6704,G
5-NP,1075,0,6655,0,6,6661,T
5-NP,1076,8,2,0,6644,6654,C
5-NP,1077,6755,0,3,1,6759,A
5-NP,1078,6758,0,2,0,6760,A
5-NP,1079,0,0,0,6802,6802,C
5-NP,1080,0,6788,0,1,6789,T
5-NP,1081,6658,0,0,0,6658,A
5-NP,1082,1,3,6666,0,6670,G
5-NP,1083,6559,0,2,0,6561,A
5-NP,1084,0,5,6567,0,6572,G
5-NP,1085,0,3,6582,1,6586,G
5-NP,1086,6240,0,3,0,6243,A
5-NP,1087,1,0,6313,0,6314,G
5-NP,1088,0,6236,0,6,6242,T
5-NP,1089,6241,1,5,0,6247,A
5-NP,1090,0,1,0,6256,6257,C
5-NP,1091,6197,0,2,0,6199,A
5-NP,1092,6191,1,0,0,6192,A
5-NP,1093,6137,0,1,0,6138,A
5-NP,1094,2,6073,0,0,6075,T
5-NP,1095,0,6026,0,1,6027,T
5-NP,1096,1,1,5863,0,5865,G
5-NP,1097,0,0,0,5799,5799,C
5-NP,1098,1,5780,0,3,5784,T
5-NP,1099,2,5766,0,2,5770,T
5-NP,1100,3,2,1,5779,5785,C
5-NP,1101,5797,0,0,0,5797,A
5-NP,1102,5813,1,2,0,5816,A
5-NP,1103,5803,0,1,2,5806,A
5-NP,1104,0,5798,0,1,5799,T
5-NP,1105,0,4,5806,0,5810,G
5-NP,1106,5681,0,9,0,5690,A
5-NP,1107,2,4,5726,0,5732,G
5-NP,1108,5710,0,5,0,5715,A
5-NP,1109,5724,1,1,0,5726,A
5-NP,1110,0,3,0,5721,5724,C
5-NP,1111,5672,0,6,0,5678,A
5-NP,1112,1,5673,1,1,5676,T
5-NP,1113,1,2,5753,0,5756,G
5-NP,1114,0,1,5772,0,5773,G
5-NP,1115,5770,0,2,0,5772,A
5-NP,1116,0,5649,0,1,5650,T
5-NP,1117,5599,0,0,1,5600,A
5-NP,1118,5784,0,3,1,5788,A
5-NP,1119,0,5660,0,0,5660,T
5-NP,1120,5665,3,0,1,5669,A
5-NP,1121,1,5629,0,2,5632,T
5-NP,1122,0,4,5242,0,5246,G
5-NP,1123,0,4,5170,0,5174,G
5-NP,1124,1,1,5155,0,5157,G
5-NP,1125,5204,0,0,0,5204,A
5-NP,1126,0,5172,0,1,5173,T
5-NP,1127,2,0,0,4564,4566,C
5-NP,1128,1,4497,0,1,4499,T
5-NP,1129,4518,0,0,0,4518,A
5-NP,1130,2,1,4519,0,4522,G
5-NP,1131,1,0,0,4499,4500,C
5-NP,1132,4429,0,0,0,4429,A
5-NP,1133,2,0,0,4516,4518,C
5-NP,1134,0,4232,0,4,4236,T
5-NP,1135,1,1,0,4299,4301,C
5-NP,1136,0,4273,0,1,4274,T
5-NP,1137,0,4254,0,3,4257,T
5-NP,1138,2,2,4265,0,4269,G
5-NP,1139,4243,0,1,0,4244,A
5-NP,1140,4258,0,3,0,4261,A
5-NP,1141,1,1,1,4275,4278,C
5-NP,1142,0,3882,0,2,3884,T
5-NP,1143,48,0,3872,0,3920,G
5-NP,1144,3790,0,2,0,3792,A
5-NP,1145,0,2,3820,0,3822,G
5-NP,1146,3849,0,0,0,3849,A
5-NP,1147,3838,0,9,0,3847,A
5-NP,1148,1,0,3867,0,3868,G
5-NP,1149,2,0,0,3754,3756,C
5-NP,1150,594,0,3162,0,3756,G
5-NP,1151,1,3,3781,0,3785,G
5-NP,1152,0,1,3787,0,3788,G
5-NP,1153,0,3763,0,0,3763,T
5-NP,1154,3693,0,2,0,3695,A
5-NP,1155,0,1,0,3688,3689,C
5-NP,1156,0,3169,0,0,3169,T
5-NP,1157,0,0,3185,0,3185,G
5-NP,1158,0,0,3140,0,3140,G
5-NP,1159,1,0,3145,0,3146,G
5-NP,1160,0,2,0,3106,3108,C
5-NP,1161,0,0,0,2999,2999,C
5-NP,1162,3040,0,0,0,3040,A
5-NP,1163,0,3047,1,0,3048,T
5-NP,1164,3034,0,2,0,3036,A
5-NP,1165,3035,5,2,0,3042,A
5-NP,1166,2,0,3016,0,3018,G
5-NP,1167,1,1,3079,0,3081,G
5-NP,1168,3016,0,0,0,3016,A
5-NP,1169,0,0,0,3025,3025,C
5-NP,1170,1,1,0,3023,3025,C
5-NP,1171,3013,0,4,0,3017,A
5-NP,1172,0,2,3063,0,3065,G
5-NP,1173,2,0,3061,0,3063,G
5-NP,1174,3056,0,1,0,3057,A
5-NP,1175,1,0,3071,0,3072,G
5-NP,1176,0,2942,0,0,2942,T
5-NP,1177,1,1,2969,0,2971,G
5-NP,1178,0,0,3001,0,3001,G
5-NP,1179,2978,0,6,0,2984,A
5-NP,1180,1,1,3009,0,3011,G
5-NP,1181,0,1,2948,1,2950,G
5-NP,1182,2945,0,1,0,2946,A
5-NP,1183,2939,0,6,0,2945,A
5-NP,1184,2918,0,5,0,2923,A
5-NP,1185,1,0,0,2943,2944,C
5-NP,1186,2922,0,2,0,2924,A
5-NP,1187,2,0,0,2990,2992,C
5-NP,1188,0,2942,0,0,2942,T
5-NP,1189,3012,0,0,0,3012,A
5-NP,1190,3012,0,0,1,3013,A
5-NP,1191,0,3018,0,0,3018,T
5-NP,1192,1,0,0,3036,3037,C
5-NP,1193,3007,0,3,0,3010,A
5-NP,1194,3026,0,0,0,3026,A
5-NP,1195,0,1,0,3037,3038,C
5-NP,1196,2980,0,1,0,2981,A
5-NP,1197,0,3,2958,0,2961,G
5-NP,1198,2861,0,6,1,2868,A
5-NP,1199,2,2,2879,0,2883,G
5-NP,1200,0,1,2886,0,2887,G
5-NP,1201,1,0,2881,0,2882,G
5-NP,1202,1,0,1,2855,2857,C
5-NP,1203,1,1,0,2869,2871,C
5-NP,1204,0,2828,0,0,2828,T
5-NP,1205,1,0,0,2858,2859,C
5-NP,1206,3,1,0,2859,2863,C
5-NP,1207,2,0,2861,0,2863,G
5-NP,1208,0,1,0,2858,2859,C
5-NP,1209,2842,1,2,0,2845,A
5-NP,1210,1,2,2883,0,2886,G
5-NP,1211,2,0,2867,0,2869,G
5-NP,1212,0,0,0,2899,2899,C
5-NP,1213,3,1,0,2915,2919,C
5-NP,1214,2914,0,0,0,2914,A
5-NP,1215,2911,1,0,1,2913,A
5-NP,1216,2928,0,0,0,2928,A
5-NP,1217,0,0,0,2924,2924,C
5-NP,1218,0,2789,0,1,2790,T
5-NP,1219,2847,0,0,0,2847,A
5-NP,1220,3,0,2857,0,2860,G
5-NP,1221,0,2833,0,0,2833,T
5-NP,1222,5,0,2866,0,2871,G
5-NP,1223,2,2809,0,0,2811,T
5-NP,1224,0,0,2819,0,2819,G
5-NP,1225,0,1,0,2821,2822,C
5-NP,1226,2806,0,0,0,2806,A
5-NP,1227,2841,0,2,0,2843,A
5-NP,1228,0,0,0,2814,2814,C
5-NP,1229,1,0,0,2835,2836,C
5-NP,1230,0,2833,0,4,2837,T
5-NP,1231,2838,0,2,0,2840,A
5-NP,1232,1,0,0,2839,2840,C
5-NP,1233,1,0,2844,0,2845,G
5-NP,1234,0,2816,1,3,2820,T
5-NP,1235,0,2845,1,2,2848,T
5-NP,1236,1,2789,0,23,2813,T
5-NP,1237,0,2785,0,0,2785,T
5-NP,1238,3,1,0,2785,2789,C
5-NP,1239,0,2759,2,1,2762,T
5-NP,1240,1,1,2813,0,2815,G
5-NP,1241,1,2806,1,2,2810,T
5-NP,1242,2819,0,0,0,2819,A
5-NP,1243,1,2,0,2831,2834,C
5-NP,1244,2798,0,0,0,2798,A
5-NP,1245,2792,0,0,0,2792,A
5-NP,1246,2792,0,2,0,2794,A
5-NP,1247,0,0,2801,0,2801,G
5-NP,1248,2783,0,1,0,2784,A
5-NP,1249,2713,0,2,0,2715,A
5-NP,1250,2701,0,3,0,2704,A
5-NP,1251,0,0,0,2704,2704,C
5-NP,1252,0,0,0,2689,2689,C
5-NP,1253,0,2655,0,5,2660,T
5-NP,1254,0,0,0,2673,2673,C
5-NP,1255,1,0,0,2684,2685,C
5-NP,1256,8,0,0,2676,2684,C
5-NP,1257,2680,0,1,0,2681,A
5-NP,1258,0,2679,0,1,2680,T
5-NP,1259,0,2695,0,1,2696,T
5-NP,1260,0,2691,0,0,2691,T
5-NP,1261,0,0,2686,0,2686,G
5-NP,1262,2685,0,1,0,2686,A
5-NP,1263,2686,0,0,0,2686,A
5-NP,1264,2685,0,0,0,2685,A
5-NP,1265,2678,0,0,0,2678,A
5-NP,1266,0,0,2701,0,2701,G
5-NP,1267,0,2658,1,1,2660,T
5-NP,1268,4,1,0,2675,2680,C
5-NP,1269,2686,0,2,0,2688,A
5-NP,1270,2680,0,4,0,2684,A
5-NP,1271,1,0,0,2693,2694,C
5-NP,1272,3,0,0,2726,2729,C
5-NP,1273,2719,0,1,0,2720,A
5-NP,1274,0,2696,0,11,2707,T
5-NP,1275,2,0,0,2693,2695,C
5-NP,1276,2681,0,2,1,2684,A
5-NP,1277,0,2690,1,3,2694,T
5-NP,1278,1,3,2700,0,2704,G
5-NP,1279,0,0,2694,0,2694,G
5-NP,1280,0,0,0,2704,2704,C
5-NP,1281,2657,1,0,0,2658,A
5-NP,1282,0,0,2655,0,2655,G
5-NP,1283,1,0,0,2622,2623,C
5-NP,1284,2635,0,0,0,2635,A
5-NP,1285,0,2631,0,0,2631,T
5-NP,1286,0,2611,1,1,2613,T
5-NP,1287,2,1,0,2618,2621,C
5-NP,1288,2585,0,13,0,2598,A
5-NP,1289,0,0,0,2620,2620,C
5-NP,1290,0,2622,1,0,2623,T
5-NP,1291,0,1,2630,0,2631,G
5-NP,1292,1,2,2648,0,2651,G
5-NP,1293,2635,0,1,0,2636,A
5-NP,1294,2628,0,0,0,2628,A
5-NP,1295,2637,0,3,0,2640,A
5-NP,1296,0,2608,1,1,2610,T
5-NP,1297,2610,0,0,0,2610,A
5-NP,1298,0,0,0,2605,2605,C
5-NP,1299,0,0,2579,0,2579,G
5-NP,1300,1,0,2584,0,2585,G
5-NP,1301,2509,0,1,0,2510,A
5-NP,1302,0,3,2524,0,2527,G
5-NP,1303,1,1,2518,0,2520,G
5-NP,1304,1,0,2523,0,2524,G
5-NP,1305,2516,0,1,0,2517,A
5-NP,1306,2512,0,0,0,2512,A
5-NP,1307,0,1,2516,0,2517,G
5-NP,1308,2516,0,0,0,2516,A
5-NP,1309,2501,0,0,0,2501,A
5-NP,1310,1,0,0,2513,2514,C
5-NP,1311,0,2465,1,2,2468,T
5-NP,1312,0,2497,1,0,2498,T
5-NP,1313,3,1,0,2497,2501,C
5-NP,1314,2495,0,1,0,2496,A
5-NP,1315,1,0,2501,0,2502,G
5-NP,1316,2483,1,1,0,2485,A
5-NP,1317,1,0,0,2481,2482,C
5-NP,1318,2463,0,0,0,2463,A
5-NP,1319,0,2404,0,1,2405,T
5-NP,1320,0,0,2420,0,2420,G
5-NP,1321,2374,1,3,0,2378,A
5-NP,1322,0,3,2383,1,2387,G
5-NP,1323,0,1,2388,0,2389,G
5-NP,1324,0,0,2386,0,2386,G
5-NP,1325,1,0,0,2387,2388,C
5-NP,1326,2372,0,1,0,2373,A
5-NP,1327,0,3,2373,0,2376,G
5-NP,1328,2372,0,1,0,2373,A
5-NP,1329,2376,1,0,1,2378,A
5-NP,1330,2364,0,0,0,2364,A
5-NP,1331,0,2324,1,1,2326,T
5-NP,1332,1,1,0,2337,2339,C
5-NP,1333,2331,0,0,0,2331,A
5-NP,1334,1,2330,0,0,2331,T
5-NP,1335,2340,1,0,0,2341,A
5-NP,1336,2320,0,1,0,2321,A
5-NP,1337,1,1,2355,0,2357,G
5-NP,1338,2315,0,0,0,2315,A
5-NP,1339,2337,0,0,0,2337,A
5-NP,1340,0,2280,0,0,2280,T
5-NP,1341,1,1,2301,0,2303,G
5-NP,1342,2288,0,1,0,2289,A
5-NP,1343,0,2285,1,1,2287,T
5-NP,1344,1,3,2292,0,2296,G
5-NP,1345,1,0,2289,0,2290,G
5-NP,1346,2242,0,12,0,2254,A
5-NP,1347,2237,0,1,0,2238,A
5-NP,1348,1,1,2182,0,2184,G
5-NP,1349,0,0,2209,0,2209,G
5-NP,1350,0,2177,0,0,2177,T
5-NP,1351,1,0,2173,0,2174,G
5-NP,1352,1,0,0,2168,2169,C
5-NP,1353,2174,0,0,0,2174,A
5-NP,1354,2181,0,0,0,2181,A
5-NP,1355,2171,0,8,0,2179,A
5-NP,1356,2172,0,0,0,2172,A
5-NP,1357,1,1,0,2185,2187,C
5-NP,1358,0,0,0,2150,2150,C
5-NP,1359,2111,0,0,0,2111,A
5-NP,1360,0,0,2121,0,2121,G
5-NP,1361,2120,0,1,0,2121,A
5-NP,1362,2112,1,0,0,2113,A
5-NP,1363,0,1,2111,0,2112,G
5-NP,1364,2095,0,1,0,2096,A
5-NP,1365,2034,0,0,0,2034,A
5-NP,1366,1,0,2055,1,2057,G
5-NP,1367,0,2021,1,2,2024,T
5-NP,1368,1,0,2044,0,2045,G
5-NP,1369,0,2005,0,1,2006,T
5-NP,1370,4,0,0,2023,2027,C
5-NP,1371,2033,0,0,0,2033,A
5-NP,1372,0,2043,0,0,2043,T
5-NP,1373,0,2027,0,0,2027,T
5-NP,1374,0,0,0,2042,2042,C
5-NP,1375,0,1,0,2013,2014,C
5-NP,1376,1,1,2002,0,2004,G
5-NP,1377,0,5,2003,0,2008,G
5-NP,1378,1,6,1996,0,2003,G
5-NP,1379,0,1,2006,0,2007,G
5-NP,1380,0,1,1996,0,1997,G
5-NP,1381,1910,0,1,0,1911,A
5-NP,1382,1,3,1920,0,1924,G
5-NP,1383,0,2,1919,0,1921,G
5-NP,1384,1,0,1911,0,1912,G
5-NP,1385,0,0,1920,0,1920,G
5-NP,1386,1901,0,3,0,1904,A
5-NP,1387,0,0,1905,0,1905,G
5-NP,1388,0,1889,1,0,1890,T
5-NP,1389,0,1881,0,2,1883,T
5-NP,1390,0,1890,0,0,1890,T
5-NP,1391,0,1864,0,0,1864,T
5-NP,1392,2,1,0,1887,1890,C
5-NP,1393,0,2,1887,0,1889,G
5-NP,1394,1866,1,0,0,1867,A
5-NP,1395,0,0,1879,0,1879,G
5-NP,1396,0,1,0,1858,1859,C
5-NP,1397,0,1846,0,1,1847,T
5-NP,1398,0,0,0,1862,1862,C
5-NP,1399,0,1851,0,0,1851,T
5-NP,1400,1,1,0,1863,1865,C
5-NP,1401,1862,0,2,0,1864,A
5-NP,1402,0,0,1876,0,1876,G
5-NP,1403,1871,0,0,0,1871,A
5-NP,1404,0,0,0,1865,1865,C
5-NP,1405,0,4,1849,0,1853,G
5-NP,1406,1813,0,1,0,1814,A
5-NP,1407,0,0,1816,0,1816,G
5-NP,1408,1794,0,4,0,1798,A
5-NP,1409,1790,0,0,0,1790,A
5-NP,1410,0,0,1795,0,1795,G
5-NP,1411,0,0,1755,0,1755,G
5-NP,1412,0,1,0,1750,1751,C
5-NP,1413,1755,0,0,0,1755,A
5-NP,1414,1748,0,1,0,1749,A
5-NP,1415,0,0,0,1734,1734,C
5-NP,1416,0,1,1744,0,1745,G
5-NP,1417,1752,0,0,0,1752,A
5-NP,1418,1716,0,1,0,1717,A
5-NP,1419,0,0,0,1725,1725,C
5-NP,1420,2,0,0,1716,1718,C
5-NP,1421,2,1,0,1711,1714,C
5-NP,1422,1,1,1711,0,1713,G
5-NP,1423,1719,0,0,0,1719,A
5-NP,1424,0,1712,0,0,1712,T
5-NP,1425,2,0,0,1688,1690,C
5-NP,1426,1,0,1672,0,1673,G
5-NP,1427,0,1663,0,0,1663,T
5-NP,1428,0,0,1663,0,1663,G
5-NP,1429,0,1,0,1646,1647,C
5-NP,1430,3,1,0,1638,1642,C
5-NP,1431,4,0,0,1660,1664,C
5-NP,1432,0,1622,0,1,1623,T
5-NP,1433,2,0,0,1659,1661,C
5-NP,1434,0,1663,0,1,1664,T
5-NP,1435,1,1657,1,0,1659,T
5-NP,1436,0,1659,0,0,1659,T
5-NP,1437,0,1659,0,0,1659,T
5-NP,1438,0,0,1665,0,1665,G
5-NP,1439,1653,0,2,0,1655,A
5-NP,1440,0,1639,0,0,1639,T
5-NP,1441,1633,0,0,0,1633,A
5-NP,1442,0,1397,0,0,1397,T
5-NP,1443,0,0,1402,0,1402,G
5-NP,1444,1373,0,2,0,1375,A
5-NP,1445,0,0,1385,0,1385,G
5-NP,1446,0,1382,0,0,1382,T
5-NP,1447,1344,0,0,0,1344,A
5-NP,1448,1345,0,2,0,1347,A
5-NP,1449,0,1340,0,0,1340,T
5-NP,1450,0,1,1339,0,1340,G
5-NP,1451,1335,0,0,0,1335,A
5-NP,1452,1178,0,0,0,1178,A
5-NP,1453,0,1,1164,1,1166,G
5-NP,1454,0,0,1073,0,1073,G
5-NP,1455,1061,0,0,0,1061,A
5-NP,1456,0,1048,0,2,1050,T
5-NP,1457,0,0,0,1053,1053,C
5-NP,1458,0,1035,0,1,1036,T
5-NP,1459,0,1038,0,1,1039,T
5-NP,1460,1035,0,0,0,1035,A
5-NP,1461,0,1027,0,0,1027,T
5-NP,1462,0,1022,0,0,1022,T
5-NP,1463,0,1014,0,0,1014,T
5-NP,1464,1,0,0,988,989,C
5-NP,1465,0,945,0,1,946,T
5-NP,1466,0,944,0,0,944,T
5-NP,1467,1,0,0,945,946,C
5-NP,1468,0,1,946,0,947,G
5-NP,1469,0,0,948,0,948,G
5-NP,1470,941,0,1,0,942,A
5-NP,1471,0,1,945,0,946,G
5-NP,1472,938,1,1,0,940,A
5-NP,1473,0,1,0,927,928,C
5-NP,1474,889,0,0,0,889,A
5-NP,1475,885,0,1,0,886,A
5-NP,1476,0,881,0,0,881,T
5-NP,1477,2,0,882,0,884,G
5-NP,1478,0,1,0,883,884,C
5-NP,1479,866,0,0,0,866,A
5-NP,1480,0,1,862,0,863,G
5-NP,1481,855,0,1,0,856,A
5-NP,1482,800,0,0,0,800,A
5-NP,1483,0,0,798,0,798,G
5-NP,1484,527,0,2,0,529,A
5-NP,1485,0,0,529,0,529,G
5-NP,1486,0,493,0,0,493,T
5-NP,1487,490,0,0,0,490,A
5-NP,1488,0,0,0,491,491,C
5-NP,1489,0,0,453,0,453,G
5-NP,1490,452,0,0,0,452,A
5-NP,1491,0,0,0,443,443,C
5-NP,1492,309,0,0,0,309,A
5-NP,1493,304,0,0,0,304,A
5-NP,1494,0,241,0,0,241,T
5-NP,1495,0,236,0,0,236,T
5-NP,1496,237,0,0,0,237,A
5-NP,1497,226,0,0,0,226,A
6-NA,1,3,0,0,0,3,A
6-NA,2,0,3,0,0,3,T
6-NA,3,0,0,3,0,3,G
6-NA,4,3,0,0,0,3,A
6-NA,5,3,0,0,0,3,A
6-NA,6,0,3,0,0,3,T
6-NA,7,0,0,0,3,3,C
6-NA,8,0,0,0,3,3,C
6-NA,9,3,0,0,0,3,A
6-NA,10,4,0,0,0,4,A
6-NA,11,4,0,0,0,4,A
6-NA,12,0,4,0,0,4,T
6-NA,13,0,0,0,4,4,C
6-NA,14,4,0,0,0,4,A
6-NA,15,4,0,0,0,4,A
6-NA,16,4,0,0,0,4,A
6-NA,17,5,0,0,0,5,A
6-NA,18,0,0,5,0,5,G
6-NA,19,5,0,0,0,5,A
6-NA,20,0,5,0,0,5,T
6-NA,21,5,0,0,0,5,A
6-NA,22,5,0,0,0,5,A
6-NA,23,0,5,0,0,5,T
6-NA,24,5,0,0,0,5,A
6-NA,25,5,0,0,0,5,A
6-NA,26,0,0,0,5,5,C
6-NA,27,0,0,5,0,5,G
6-NA,28,5,0,0,0,5,A
6-NA,29,0,5,0,0,5,T
6-NA,30,0,5,0,0,5,T
6-NA,31,0,0,5,0,5,G
6-NA,32,0,0,5,0,5,G
6-NA,33,0,0,0,5,5,C
6-NA,34,0,5,0,0,5,T
6-NA,35,0,0,0,6,6,C
6-NA,36,0,6,0,0,6,T
6-NA,37,0,0,6,0,6,G
6-NA,38,0,6,0,0,6,T
6-NA,39,0,6,0,0,6,T
6-NA,40,0,6,0,0,6,T
6-NA,41,0,0,0,6,6,C
6-NA,42,0,6,0,0,6,T
6-NA,43,0,0,0,6,6,C
6-NA,44,0,6,0,0,6,T
6-NA,45,0,0,0,6,6,C
6-NA,46,6,0,0,0,6,A
6-NA,47,0,0,0,6,6,C
6-NA,48,0,0,0,6,6,C
6-NA,49,6,0,0,0,6,A
6-NA,50,0,6,0,0,6,T
6-NA,51,0,6,0,0,6,T
6-NA,52,0,6,0,0,6,T
6-NA,53,0,0,0,6,6,C
6-NA,54,0,0,0,6,6,C
6-NA,55,6,0,0,0,6,A
6-NA,56,0,0,0,6,6,C
6-NA,57,6,0,0,0,6,A
6-NA,58,6,0,0,0,6,A
6-NA,59,0,6,0,0,6,T
6-NA,60,6,0,0,0,6,A
6-NA,61,0,6,0,0,6,T
6-NA,62,0,0,6,0,6,G
6-NA,63,0,0,0,6,6,C
6-NA,64,0,6,0,0,6,T
6-NA,65,0,6,0,0,6,T
6-NA,66,0,0,0,6,6,C
6-NA,67,0,6,0,0,6,T
6-NA,68,0,6,0,0,6,T
6-NA,69,0,0,0,6,6,C
6-NA,70,6,0,0,0,6,A
6-NA,71,0,6,0,0,6,T
6-NA,72,0,0,6,0,6,G
6-NA,73,0,0,0,6,6,C
6-NA,74,6,0,0,0,6,A
6-NA,75,6,0,0,0,6,A
6-NA,76,6,0,0,0,6,A
6-NA,77,0,6,0,0,6,T
6-NA,78,0,6,0,0,6,T
6-NA,79,0,0,6,0,6,G
6-NA,80,0,0,0,6,6,C
6-NA,81,1,0,0,5,6,C
6-NA,82,6,0,0,0,6,A
6-NA,83,0,6,0,0,6,T
6-NA,84,0,0,0,8,8,C
6-NA,85,0,8,0,0,8,T
6-NA,86,0,8,0,0,8,T
6-NA,87,0,0,10,0,10,G
6-NA,88,10,0,0,0,10,A
6-NA,89,0,10,0,0,10,T
6-NA,90,10,0,0,0,10,A
6-NA,91,10,0,0,0,10,A
6-NA,92,0,0,0,13,13,C
6-NA,93,0,14,0,0,14,T
6-NA,94,14,0,0,0,14,A
6-NA,95,0,0,0,14,14,C
6-NA,96,0,14,0,0,14,T
6-NA,97,0,0,15,0,15,G
6-NA,98,0,15,0,0,15,T
6-NA,99,15,0,0,0,15,A
6-NA,100,15,0,0,0,15,A
6-NA,101,0,0,0,15,15,C
6-NA,102,15,0,0,0,15,A
6-NA,103,0,16,0,0,16,T
6-NA,104,0,16,0,0,16,T
6-NA,105,0,0,15,0,15,G
6-NA,106,0,0,0,16,16,C
6-NA,107,17,0,0,0,17,A
6-NA,108,0,17,0,0,17,T
6-NA,109,0,17,0,0,17,T
6-NA,110,0,17,0,0,17,T
6-NA,111,0,0,0,17,17,C
6-NA,112,17,0,0,0,17,A
6-NA,113,17,0,0,0,17,A
6-NA,114,0,0,17,0,17,G
6-NA,115,0,0,0,17,17,C
6-NA,116,17,0,0,0,17,A
6-NA,117,17,0,0,0,17,A
6-NA,118,0,17,0,0,17,T
6-NA,119,17,0,0,0,17,A
6-NA,120,0,17,0,0,17,T
6-NA,121,0,0,17,0,17,G
6-NA,122,17,0,0,0,17,A
6-NA,123,17,0,0,0,17,A
6-NA,124,0,17,0,0,17,T
6-NA,125,0,17,0,0,17,T
6-NA,126,0,0,0,17,17,C
6-NA,127,17,0,0,0,17,A
6-NA,128,17,0,0,0,17,A
6-NA,129,0,0,0,17,17,C
6-NA,130,0,17,0,0,17,T
6-NA,131,0,0,0,16,16,C
6-NA,132,0,0,0,16,16,C
6-NA,133,0,0,0,16,16,C
6-NA,134,0,0,0,16,16,C
6-NA,135,0,0,0,16,16,C
6-NA,136,0,0,0,16,16,C
6-NA,137,0,0,0,16,16,C
6-NA,138,16,0,0,0,16,A
6-NA,139,16,0,0,0,16,A
6-NA,140,16,0,0,0,16,A
6-NA,141,0,0,0,15,15,C
6-NA,142,16,0,0,0,16,A
6-NA,143,16,0,0,0,16,A
6-NA,144,0,0,0,16,16,C
6-NA,145,0,0,0,16,16,C
6-NA,146,17,0,0,0,17,A
6-NA,147,17,0,0,0,17,A
6-NA,148,0,0,17,0,17,G
6-NA,149,0,17,0,0,17,T
6-NA,150,0,0,17,0,17,G
6-NA,151,0,0,16,0,16,G
6-NA,152,0,19,0,0,19,T
6-NA,153,0,0,19,0,19,G
6-NA,154,0,0,0,18,18,C
6-NA,155,0,18,0,0,18,T
6-NA,156,0,0,20,0,20,G
6-NA,157,0,20,0,0,20,T
6-NA,158,1,0,19,0,20,G
6-NA,159,0,20,0,0,20,T
6-NA,160,0,0,19,0,19,G
6-NA,161,19,0,0,0,19,A
6-NA,162,19,0,0,0,19,A
6-NA,163,0,0,0,17,17,C
6-NA,164,0,0,0,19,19,C
6-NA,165,19,0,0,0,19,A
6-NA,166,18,0,0,0,18,A
6-NA,167,0,0,0,19,19,C
6-NA,168,19,0,0,0,19,A
6-NA,169,19,0,0,0,19,A
6-NA,170,0,19,0,0,19,T
6-NA,171,19,0,0,0,19,A
6-NA,172,19,0,0,0,19,A
6-NA,173,0,19,0,0,19,T
6-NA,174,18,0,0,0,18,A
6-NA,175,0,0,18,0,18,G
6-NA,176,18,0,0,0,18,A
6-NA,177,18,0,0,0,18,A
6-NA,178,17,0,0,0,17,A
6-NA,179,0,0,18,0,18,G
6-NA,180,18,0,0,0,18,A
6-NA,181,18,0,0,0,18,A
6-NA,182,20,0,0,0,20,A
6-NA,183,0,0,0,20,20,C
6-NA,184,20,0,0,0,20,A
6-NA,185,0,21,0,0,21,T
6-NA,186,21,0,0,0,21,A
6-NA,187,21,0,0,0,21,A
6-NA,188,0,0,0,21,21,C
6-NA,189,21,0,0,0,21,A
6-NA,190,0,0,21,0,21,G
6-NA,191,20,0,0,0,20,A
6-NA,192,0,0,22,0,22,G
6-NA,193,22,0,0,0,22,A
6-NA,194,0,24,0,0,24,T
6-NA,195,24,0,0,0,24,A
6-NA,196,0,0,24,0,24,G
6-NA,197,0,22,0,0,22,T
6-NA,198,0,0,25,0,25,G
6-NA,199,0,24,0,0,24,T
6-NA,200,25,0,0,0,25,A
6-NA,201,0,25,0,0,25,T
6-NA,202,0,0,0,25,25,C
6-NA,203,0,25,0,0,25,T
6-NA,204,0,0,25,0,25,G
6-NA,205,26,0,0,0,26,A
6-NA,206,0,0,0,26,26,C
6-NA,207,0,0,0,26,26,C
6-NA,208,26,0,0,0,26,A
6-NA,209,26,0,0,0,26,A
6-NA,210,24,0,0,0,24,A
6-NA,211,25,0,0,0,25,A
6-NA,212,0,0,0,26,26,C
6-NA,213,0,0,0,26,26,C
6-NA,214,26,0,0,0,26,A
6-NA,215,0,0,0,27,27,C
6-NA,216,0,0,0,27,27,C
6-NA,217,27,0,0,0,27,A
6-NA,218,0,27,0,0,27,T
6-NA,219,27,0,0,0,27,A
6-NA,220,0,0,28,0,28,G
6-NA,221,28,0,0,0,28,A
6-NA,222,0,0,31,0,31,G
6-NA,223,30,0,0,0,30,A
6-NA,224,30,0,0,0,30,A
6-NA,225,0,0,31,0,31,G
6-NA,226,0,0,30,0,30,G
6-NA,227,30,0,0,0,30,A
6-NA,228,31,0,0,0,31,A
6-NA,229,29,0,0,0,29,A
6-NA,230,0,31,0,0,31,T
6-NA,231,30,0,0,0,30,A
6-NA,232,0,31,0,0,31,T
6-NA,233,0,0,30,0,30,G
6-NA,234,0,0,0,31,31,C
6-NA,235,0,0,0,30,30,C
6-NA,236,0,0,0,31,31,C
6-NA,237,0,0,0,31,31,C
6-NA,238,31,0,0,0,31,A
6-NA,239,31,0,0,0,31,A
6-NA,240,32,0,0,0,32,A
6-NA,241,0,0,0,31,31,C
6-NA,242,0,32,0,0,32,T
6-NA,243,32,0,0,0,32,A
6-NA,244,0,0,32,0,32,G
6-NA,245,0,0,0,31,31,C
6-NA,246,32,0,0,0,32,A
6-NA,247,0,0,32,0,32,G
6-NA,248,32,0,0,0,32,A
6-NA,249,32,0,0,0,32,A
6-NA,250,0,32,0,0,32,T
6-NA,251,30,0,0,0,30,A
6-NA,252,0,0,0,31,31,C
6-NA,253,32,0,0,0,32,A
6-NA,254,0,0,32,0,32,G
6-NA,255,30,0,0,0,30,A
6-NA,256,31,0,0,0,31,A
6-NA,257,32,0,0,0,32,A
6-NA,258,0,31,0,0,31,T
6-NA,259,0,32,0,0,32,T
6-NA,260,0,0,32,0,32,G
6-NA,261,0,0,32,0,32,G
6-NA,262,0,32,0,0,32,T
6-NA,263,0,0,0,32,32,C
6-NA,264,32,0,0,0,32,A
6-NA,265,32,0,0,0,32,A
6-NA,266,32,0,0,0,32,A
6-NA,267,0,0,32,0,32,G
6-NA,268,0,0,0,32,32,C
6-NA,269,0,0,0,32,32,C
6-NA,270,0,0,32,0,32,G
6-NA,271,1,0,0,31,32,C
6-NA,272,32,0,0,0,32,A
6-NA,273,33,0,0,0,33,A
6-NA,274,0,33,0,0,33,T
6-NA,275,0,0,33,0,33,G
6-NA,276,0,0,0,33,33,C
6-NA,277,0,0,33,0,33,G
6-NA,278,32,0,1,0,33,A
6-NA,279,0,0,0,33,33,C
6-NA,280,33,0,0,0,33,A
6-NA,281,0,33,0,0,33,T
6-NA,282,0,33,0,0,33,T
6-NA,283,33,0,0,0,33,A
6-NA,284,0,0,0,33,33,C
6-NA,285,33,0,0,0,33,A
6-NA,286,0,0,36,0,36,G
6-NA,287,0,0,36,0,36,G
6-NA,288,36,0,0,0,36,A
6-NA,289,0,35,0,0,35,T
6-NA,290,0,35,0,0,35,T
6-NA,291,0,35,0,0,35,T
6-NA,292,0,0,35,0,35,G
6-NA,293,0,0,0,35,35,C
6-NA,294,34,0,0,0,34,A
6-NA,295,0,0,0,35,35,C
6-NA,296,0,0,0,34,34,C
6-NA,297,0,36,0,0,36,T
6-NA,298,0,36,0,0,36,T
6-NA,299,0,37,0,0,37,T
6-NA,300,0,37,0,0,37,T
6-NA,301,0,37,0,0,37,T
6-NA,302,0,0,0,37,37,C
6-NA,303,0,37,0,0,37,T
6-NA,304,36,0,0,0,36,A
6-NA,305,37,0,0,0,37,A
6-NA,306,0,0,38,0,38,G
6-NA,307,0,0,37,0,37,G
6-NA,308,36,0,0,0,36,A
6-NA,309,0,0,0,40,40,C
6-NA,310,39,0,0,0,39,A
6-NA,311,40,0,0,0,40,A
6-NA,312,0,40,0,0,40,T
6-NA,313,0,39,0,0,39,T
6-NA,314,0,0,0,39,39,C
6-NA,315,0,0,39,0,39,G
6-NA,316,39,0,0,0,39,A
6-NA,317,0,38,0,0,38,T
6-NA,318,0,0,0,39,39,C
6-NA,319,39,0,0,0,39,A
6-NA,320,0,0,39,0,39,G
6-NA,321,0,0,39,0,39,G
6-NA,322,0,0,0,37,37,C
6-NA,323,0,38,0,0,38,T
6-NA,324,0,39,0,0,39,T
6-NA,325,0,39,0,0,39,T
6-NA,326,0,0,0,39,39,C
6-NA,327,0,0,0,39,39,C
6-NA,328,0,0,39,0,39,G
6-NA,329,0,0,0,39,39,C
6-NA,330,0,39,0,0,39,T
6-NA,331,0,0,41,0,41,G
6-NA,332,0,0,41,0,41,G
6-NA,333,0,41,0,0,41,T
6-NA,334,0,0,41,0,41,G
6-NA,335,0,0,41,0,41,G
6-NA,336,0,0,41,0,41,G
6-NA,337,0,0,41,0,41,G
6-NA,338,41,0,0,0,41,A
6-NA,339,0,0,0,41,41,C
6-NA,340,41,0,0,0,41,A
6-NA,341,0,41,0,0,41,T
6-NA,342,0,0,0,41,41,C
6-NA,343,0,41,0,0,41,T
6-NA,344,0,1,40,0,41,G
6-NA,345,0,0,41,0,41,G
6-NA,346,0,0,41,0,41,G
6-NA,347,0,41,0,0,41,T
6-NA,348,0,0,40,0,40,G
6-NA,349,41,0,0,0,41,A
6-NA,350,0,0,0,41,41,C
6-NA,351,41,0,0,0,41,A
6-NA,352,58,0,0,0,58,A
6-NA,353,0,0,62,0,62,G
6-NA,354,62,0,0,0,62,A
6-NA,355,0,0,72,0,72,G
6-NA,356,84,0,0,0,84,A
6-NA,357,114,0,0,0,114,A
6-NA,358,0,0,0,225,225,C
6-NA,359,0,0,0,265,265,C
6-NA,360,0,267,0,0,267,T
6-NA,361,0,274,0,0,274,T
6-NA,362,273,0,0,0,273,A
6-NA,363,0,274,0,0,274,T
6-NA,364,0,0,302,0,302,G
6-NA,365,0,308,0,0,308,T
6-NA,366,0,0,328,0,328,G
6-NA,367,1,329,0,0,330,T
6-NA,368,0,0,0,331,331,C
6-NA,369,343,0,0,0,343,A
6-NA,370,0,345,0,0,345,T
6-NA,371,0,0,346,0,346,G
6-NA,372,0,0,0,347,347,C
6-NA,373,0,2,342,0,344,G
6-NA,374,420,0,0,0,420,A
6-NA,375,0,420,0,0,420,T
6-NA,376,0,0,0,444,444,C
6-NA,377,0,0,0,443,443,C
6-NA,378,0,479,0,0,479,T
6-NA,379,0,0,483,0,483,G
6-NA,380,488,0,0,0,488,A
6-NA,381,0,0,0,490,490,C
6-NA,382,487,0,3,0,490,A
6-NA,383,489,0,0,0,489,A
6-NA,384,0,0,510,0,510,G
6-NA,385,0,515,0,0,515,T
6-NA,386,1,0,534,0,535,G
6-NA,387,0,536,0,0,536,T
6-NA,388,0,536,0,0,536,T
6-NA,389,538,0,0,0,538,A
6-NA,390,0,534,0,2,536,T
6-NA,391,2,0,0,548,550,C
6-NA,392,551,0,1,0,552,A
6-NA,393,552,0,0,0,552,A
6-NA,394,0,553,0,0,553,T
6-NA,395,0,555,0,0,555,T
6-NA,396,0,554,0,0,554,T
6-NA,397,0,0,557,0,557,G
6-NA,398,0,0,0,608,608,C
6-NA,399,2,0,0,605,607,C
6-NA,400,2,0,0,611,613,C
6-NA,401,0,612,0,0,612,T
6-NA,402,0,613,0,0,613,T
6-NA,403,1,2,617,0,620,G
6-NA,404,0,0,618,0,618,G
6-NA,405,626,0,0,0,626,A
6-NA,406,0,0,0,625,625,C
6-NA,407,622,0,0,0,622,A
6-NA,408,0,0,650,0,650,G
6-NA,409,0,2,641,0,643,G
6-NA,410,0,3,664,0,667,G
6-NA,411,665,0,0,0,665,A
6-NA,412,667,0,1,0,668,A
6-NA,413,0,0,0,673,673,C
6-NA,414,670,0,0,0,670,A
6-NA,415,760,0,1,0,761,A
6-NA,416,0,0,0,777,777,C
6-NA,417,778,0,1,0,779,A
6-NA,418,0,2,0,782,784,C
6-NA,419,0,781,0,0,781,T
6-NA,420,794,0,0,0,794,A
6-NA,421,791,0,1,0,792,A
6-NA,422,797,0,1,0,798,A
6-NA,423,0,0,0,805,805,C
6-NA,424,785,0,0,0,785,A
6-NA,425,786,0,2,0,788,A
6-NA,426,0,0,0,792,792,C
6-NA,427,0,0,795,0,795,G
6-NA,428,0,784,0,1,785,T
6-NA,429,0,0,797,0,797,G
6-NA,430,0,0,0,796,796,C
6-NA,431,801,0,0,0,801,A
6-NA,432,1,803,0,1,805,T
6-NA,433,0,807,0,0,807,T
6-NA,434,2,0,0,818,820,C
6-NA,435,844,0,0,0,844,A
6-NA,436,844,0,0,0,844,A
6-NA,437,860,0,0,0,860,A
6-NA,438,0,861,0,0,861,T
6-NA,439,0,4,857,0,861,G
6-NA,440,873,0,2,0,875,A
6-NA,441,0,0,0,884,884,C
6-NA,442,880,0,0,0,880,A
6-NA,443,0,0,0,904,904,C
6-NA,444,891,0,2,0,893,A
6-NA,445,0,0,1188,0,1188,G
6-NA,446,0,1185,0,0,1185,T
6-NA,447,1223,1,0,0,1224,A
6-NA,448,0,0,0,1232,1232,C
6-NA,449,1,1,1231,0,1233,G
6-NA,450,0,1280,0,1,1281,T
6-NA,451,0,1,1294,0,1295,G
6-NA,452,1298,0,0,0,1298,A
6-NA,453,1,1313,0,0,1314,T
6-NA,454,1258,0,1,0,1259,A
6-NA,455,0,1,1249,0,1250,G
6-NA,456,0,1,1238,0,1239,G
6-NA,457,1247,0,2,1,1250,A
6-NA,458,0,0,0,1270,1270,C
6-NA,459,0,1,0,1258,1259,C
6-NA,460,0,1,0,1285,1286,C
6-NA,461,1,0,0,1293,1294,C
6-NA,462,0,1307,0,0,1307,T
6-NA,463,0,1325,0,0,1325,T
6-NA,464,1339,0,0,0,1339,A
6-NA,465,0,1337,0,0,1337,T
6-NA,466,0,0,0,1343,1343,C
6-NA,467,0,1,1318,0,1319,G
6-NA,468,0,0,1318,0,1318,G
6-NA,469,1332,0,0,0,1332,A
6-NA,470,0,0,0,1362,1362,C
6-NA,471,1,0,0,1356,1357,C
6-NA,472,1,0,0,1437,1438,C
6-NA,473,0,1435,0,0,1435,T
6-NA,474,1458,0,0,0,1458,A
6-NA,475,0,1460,0,0,1460,T
6-NA,476,0,1462,0,0,1462,T
6-NA,477,0,0,1465,0,1465,G
6-NA,478,1456,0,0,0,1456,A
6-NA,479,0,1465,0,0,1465,T
6-NA,480,0,0,1471,0,1471,G
6-NA,481,1438,0,1,0,1439,A
6-NA,482,1447,1,0,0,1448,A
6-NA,483,0,1446,0,2,1448,T
6-NA,484,2,1,1475,0,1478,G
6-NA,485,1491,1,0,1,1493,A
6-NA,486,0,0,1525,0,1525,G
6-NA,487,0,1525,0,1,1526,T
6-NA,488,0,1533,0,1,1534,T
6-NA,489,1527,0,3,0,1530,A
6-NA,490,1,2,1536,0,1539,G
6-NA,491,1,0,1534,0,1535,G
6-NA,492,0,1532,0,1,1533,T
6-NA,493,1,0,1538,0,1539,G
6-NA,494,0,1528,0,1,1529,T
6-NA,495,0,1519,0,2,1521,T
6-NA,496,0,0,0,1540,1540,C
6-NA,497,2,0,0,1552,1554,C
6-NA,498,0,1544,0,1,1545,T
6-NA,499,0,1545,0,1,1546,T
6-NA,500,0,1551,0,0,1551,T
6-NA,501,0,1549,0,0,1549,T
6-NA,502,1,0,0,1557,1558,C
6-NA,503,1557,0,0,0,1557,A
6-NA,504,0,1616,0,0,1616,T
6-NA,505,1,0,1,1609,1611,C
6-NA,506,0,1605,0,0,1605,T
6-NA,507,0,2,1595,0,1597,G
6-NA,508,0,4,1585,0,1589,G
6-NA,509,0,2,1593,1,1596,G
6-NA,510,0,0,1624,0,1624,G
6-NA,511,1618,0,1,0,1619,A
6-NA,512,0,0,0,1639,1639,C
6-NA,513,1,0,0,1640,1641,C
6-NA,514,1658,0,0,0,1658,A
6-NA,515,1664,0,0,0,1664,A
6-NA,516,0,0,1661,0,1661,G
6-NA,517,0,1,0,1668,1669,C
6-NA,518,1665,0,0,0,1665,A
6-NA,519,1699,0,0,0,1699,A
6-NA,520,1,0,1715,0,1716,G
6-NA,521,0,1703,0,1,1704,T
6-NA,522,0,0,1763,0,1763,G
6-NA,523,0,1743,0,2,1745,T
6-NA,524,1,0,1806,0,1807,G
6-NA,525,0,1,0,1802,1803,C
6-NA,526,1802,0,0,0,1802,A
6-NA,527,0,1820,0,0,1820,T
6-NA,528,1798,1,1,0,1800,A
6-NA,529,0,0,1848,0,1848,G
6-NA,530,0,0,0,1843,1843,C
6-NA,531,1826,0,1,0,1827,A
6-NA,532,0,1825,0,0,1825,T
6-NA,533,0,1,1798,0,1799,G
6-NA,534,0,0,2134,0,2134,G
6-NA,535,0,2133,0,2,2135,T
6-NA,536,0,1,0,2147,2148,C
6-NA,537,3,2,0,2194,2199,C
6-NA,538,2287,0,3,0,2290,A
6-NA,539,0,2,2521,0,2523,G
6-NA,540,1,0,0,2557,2558,C
6-NA,541,1,2563,0,1,2565,T
6-NA,542,3,1,0,2592,2596,C
6-NA,543,2564,0,1,0,2565,A
6-NA,544,2661,0,1,0,2662,A
6-NA,545,0,2,2689,0,2691,G
6-NA,546,0,2692,0,0,2692,T
6-NA,547,0,2707,0,0,2707,T
6-NA,548,0,0,2737,0,2737,G
6-NA,549,0,2740,0,0,2740,T
6-NA,550,4,0,0,2736,2740,C
6-NA,551,2743,0,2,1,2746,A
6-NA,552,0,1,0,2806,2807,C
6-NA,553,7,2,2812,0,2821,G
6-NA,554,2939,0,2,0,2941,A
6-NA,555,0,2970,0,1,2971,T
6-NA,556,0,1,3104,0,3105,G
6-NA,557,0,1,3136,0,3137,G
6-NA,558,3137,1,5,0,3143,A
6-NA,559,3140,1,5,0,3146,A
6-NA,560,3206,0,5,0,3211,A
6-NA,561,3223,0,11,0,3234,A
6-NA,562,1,0,3304,0,3305,G
6-NA,563,0,2,0,3316,3318,C
6-NA,564,3297,0,6,12,3315,A
6-NA,565,0,3340,1,0,3341,T
6-NA,566,1,2,3428,2,3433,G
6-NA,567,1,0,3438,0,3439,G
6-NA,568,0,0,0,3540,3540,C
6-NA,569,0,3520,0,1,3521,T
6-NA,570,1,0,3578,0,3579,G
6-NA,571,0,0,0,3575,3575,C
6-NA,572,3588,0,1,0,3589,A
6-NA,573,0,3862,0,1,3863,T
6-NA,574,0,1,3879,0,3880,G
6-NA,575,1,4009,0,2,4012,T
6-NA,576,0,4215,1,4,4220,T
6-NA,577,0,4235,0,2,4237,T
6-NA,578,1,1,4725,0,4727,G
6-NA,579,0,4690,0,7,4697,T
6-NA,580,4745,0,3,0,4748,A
6-NA,581,0,4787,0,1,4788,T
6-NA,582,4791,0,0,0,4791,A
6-NA,583,4836,0,3,0,4839,A
6-NA,584,0,3,1,4831,4835,C
6-NA,585,18,8,4797,0,4823,G
6-NA,586,1,9,4837,0,4847,G
6-NA,587,0,6,4831,0,4837,G
6-NA,588,1,3,4840,0,4844,G
6-NA,589,0,3,4860,0,4863,G
6-NA,590,4790,0,23,0,4813,A
6-NA,591,0,4873,0,0,4873,T
6-NA,592,1,2,4906,0,4909,G
6-NA,593,4935,3,5,0,4943,A
6-NA,594,1,4990,0,0,4991,T
6-NA,595,4976,0,3,0,4979,A
6-NA,596,5055,0,0,0,5055,A
6-NA,597,5109,0,0,0,5109,A
6-NA,598,5099,1,3,2,5105,A
6-NA,599,5125,0,3,0,5128,A
6-NA,600,0,5135,0,1,5136,T
6-NA,601,1,0,5136,0,5137,G
6-NA,602,0,1,0,5141,5142,C
6-NA,603,5149,0,1,0,5150,A
6-NA,604,5170,0,2,0,5172,A
6-NA,605,0,0,0,5265,5265,C
6-NA,606,0,5270,0,1,5271,T
6-NA,607,0,1,5299,0,5300,G
6-NA,608,0,0,0,5292,5292,C
6-NA,609,1,5310,0,0,5311,T
6-NA,610,5316,0,1,2,5319,A
6-NA,611,0,1,5342,0,5343,G
6-NA,612,1,1,0,5410,5412,C
6-NA,613,0,5404,0,9,5413,T
6-NA,614,0,5433,0,1,5434,T
6-NA,615,2,2,0,5547,5551,C
6-NA,616,5575,2,0,0,5577,A
6-NA,617,0,5609,0,0,5609,T
6-NA,618,0,5619,0,3,5622,T
6-NA,619,0,5693,0,0,5693,T
6-NA,620,5747,0,1,1,5749,A
6-NA,621,0,0,0,5835,5835,C
6-NA,622,5819,0,1,2,5822,A
6-NA,623,5924,1,8,2,5935,A
6-NA,624,0,5970,0,3,5973,T
6-NA,625,1,13,5948,0,5962,G
6-NA,626,0,7,5943,0,5950,G
6-NA,627,1,3,5967,0,5971,G
6-NA,628,5896,0,16,1,5913,A
6-NA,629,2,0,6220,1,6223,G
6-NA,630,0,0,6299,0,6299,G
6-NA,631,0,0,0,7056,7056,C
6-NA,632,0,7072,0,9,7081,T
6-NA,633,0,7222,0,2,7224,T
6-NA,634,2,0,7296,0,7298,G
6-NA,635,1,7258,0,3,7262,T
6-NA,636,7440,1,8,1,7450,A
6-NA,637,1,2,7495,0,7498,G
6-NA,638,7446,0,6,0,7452,A
6-NA,639,0,7480,0,0,7480,T
6-NA,640,7220,2,0,0,7222,A
6-NA,641,4,1,7229,0,7234,G
6-NA,642,0,7164,0,3,7167,T
6-NA,643,1,0,7144,1,7146,G
6-NA,644,0,7562,0,4,7566,T
6-NA,645,0,7573,0,2,7575,T
6-NA,646,1,1,7693,0,7695,G
6-NA,647,1,7649,0,11,7661,T
6-NA,648,1,7702,0,4,7707,T
6-NA,649,2,7708,0,5,7715,T
6-NA,650,5,2,0,7667,7674,C
6-NA,651,7659,0,4,0,7663,A
6-NA,652,0,7641,0,1,7642,T
6-NA,653,1,9,7654,0,7664,G
6-NA,654,1,1,8249,1,8252,G
6-NA,655,1,8219,0,7,8227,T
6-NA,656,5,1,0,8249,8255,C
6-NA,657,8,1,0,8263,8272,C
6-NA,658,8300,0,2,1,8303,A
6-NA,659,8344,0,4,2,8350,A
6-NA,660,8330,0,10,20,8360,A
6-NA,661,0,3,8411,0,8414,G
6-NA,662,8412,0,0,1,8413,A
6-NA,663,8243,2,1,1,8247,A
6-NA,664,8281,0,3,2,8286,A
6-NA,665,1,8269,1,2,8273,T
6-NA,666,9,2,0,8559,8570,C
6-NA,667,4,0,0,8572,8576,C
6-NA,668,0,8576,0,4,8580,T
6-NA,669,3,2,0,8577,8582,C
6-NA,670,8570,5,9,3,8587,A
6-NA,671,1,4,8623,0,8628,G
6-NA,672,1,5,8601,0,8607,G
6-NA,673,8885,0,8,1,8894,A
6-NA,674,1,0,0,8923,8924,C
6-NA,675,7,2,0,8815,8824,C
6-NA,676,7,4,0,8859,8870,C
6-NA,677,8854,0,10,1,8865,A
6-NA,678,0,5,8905,0,8910,G
6-NA,679,1,9,8928,0,8938,G
6-NA,680,8887,0,22,0,8909,A
6-NA,681,1,1,9078,0,9080,G
6-NA,682,0,8974,0,8,8982,T
6-NA,683,6,2,0,9037,9045,C
6-NA,684,9037,1,7,1,9046,A
6-NA,685,1,2,9141,1,9145,G
6-NA,686,9110,0,4,1,9115,A
6-NA,687,9109,1,2,0,9112,A
6-NA,688,0,9121,0,6,9127,T
6-NA,689,1,3,9177,0,9181,G
6-NA,690,1,2,0,9194,9197,C
6-NA,691,0,1,9306,0,9307,G
6-NA,692,1,9266,0,1,9268,T
6-NA,693,0,9300,0,3,9303,T
6-NA,694,0,9283,0,1,9284,T
6-NA,695,4,2,9372,0,9378,G
6-NA,696,2,9386,0,6,9394,T
6-NA,697,9421,0,1,0,9422,A
6-NA,698,1,9395,0,7,9403,T
6-NA,699,8,2,0,9466,9476,C
6-NA,700,9493,0,0,0,9493,A
6-NA,701,9487,1,0,0,9488,A
6-NA,702,0,9517,0,5,9522,T
6-NA,703,1,6,9505,0,9512,G
6-NA,704,0,11,9548,0,9559,G
6-NA,705,9773,0,6,1,9780,A
6-NA,706,9807,0,14,1,9822,A
6-NA,707,0,1,0,9914,9915,C
6-NA,708,0,10014,1,9,10024,T
6-NA,709,0,10026,0,1,10027,T
6-NA,710,0,1,10393,0,10394,G
6-NA,711,0,10367,0,2,10369,T
6-NA,712,10374,0,8,0,10382,A
6-NA,713,0,1,0,10559,10560,C
6-NA,714,10418,1,12,0,10431,A
6-NA,715,2,1,11260,0,11263,G
6-NA,716,1,11202,0,1,11204,T
6-NA,717,11759,0,5,0,11764,A
6-NA,718,2,1,11837,1,11841,G
6-NA,719,2,11687,0,5,11694,T
6-NA,720,11737,0,1,0,11738,A
6-NA,721,11707,0,3,1,11711,A
6-NA,722,1,11732,0,1,11734,T
6-NA,723,20,18,11766,1,11805,G
6-NA,724,11646,0,2,1,11649,A
6-NA,725,0,0,0,11793,11793,C
6-NA,726,2,11638,0,3,11643,T
6-NA,727,0,5,11695,0,11700,G
6-NA,728,11625,0,13,1,11639,A
6-NA,729,0,11751,0,6,11757,T
6-NA,730,1,24,11718,0,11743,G
6-NA,731,4,7,11671,0,11682,G
6-NA,732,2,15,11697,0,11714,G
6-NA,733,11555,0,8,0,11563,A
6-NA,734,2,0,11616,0,11618,G
6-NA,735,1,11543,0,6,11550,T
6-NA,736,0,2,11621,0,11623,G
6-NA,737,0,0,1,11656,11657,C
6-NA,738,0,11614,0,3,11617,T
6-NA,739,0,11611,0,1,11612,T
6-NA,740,7,4,0,11588,11599,C
6-NA,741,13,9,11575,0,11597,G
6-NA,742,2,5,11657,0,11664,G
6-NA,743,28,5,11646,0,11679,G
6-NA,744,11638,0,8,0,11646,A
6-NA,745,11650,0,2,0,11652,A
6-NA,746,11632,0,3,0,11635,A
6-NA,747,11629,1,15,0,11645,A
6-NA,748,4,0,11691,0,11695,G
6-NA,749,3,2,0,11703,11708,C
6-NA,750,0,11686,0,4,11690,T
6-NA,751,2,5,11681,0,11688,G
6-NA,752,11641,1,12,1,11655,A
6-NA,753,0,11797,0,1,11798,T
6-NA,754,11777,0,2,0,11779,A
6-NA,755,0,5,0,11770,11775,C
6-NA,756,12,2,0,11713,11727,C
6-NA,757,12171,0,2,1,12174,A
6-NA,758,12226,2,2,0,12230,A
6-NA,759,12234,0,0,0,12234,A
6-NA,760,12498,0,2,0,12500,A
6-NA,761,0,12513,0,1,12514,T
6-NA,762,12433,2,3,0,12438,A
6-NA,763,0,2,0,12548,12550,C
6-NA,764,1,12359,0,4,12364,T
6-NA,765,12469,1,6,0,12476,A
6-NA,766,2,12447,0,11,12460,T
6-NA,767,2,13360,0,4,13366,T
6-NA,768,16,2,0,13480,13498,C
6-NA,769,13351,0,0,0,13351,A
6-NA,770,0,13358,0,2,13360,T
6-NA,771,0,13361,0,1,13362,T
6-NA,772,13238,2,3,0,13243,A
6-NA,773,13255,0,5,0,13260,A
6-NA,774,0,14,13343,0,13357,G
6-NA,775,1,12,13337,0,13350,G
6-NA,776,12772,0,10,1,12783,A
6-NA,777,2,14,12948,0,12964,G
6-NA,778,2,14,12935,0,12951,G
6-NA,779,3,9,12935,0,12947,G
6-NA,780,3,6,12967,0,12976,G
6-NA,781,12956,0,12,0,12968,A
6-NA,782,13013,2,8,1,13024,A
6-NA,783,12974,1,9,3,12987,A
6-NA,784,12948,0,3,0,12951,A
6-NA,785,0,12942,0,1,12943,T
6-NA,786,9,1,1,12950,12961,C
6-NA,787,4,2,13051,0,13057,G
6-NA,788,1,13029,1,1,13032,T
6-NA,789,1,12998,0,13,13012,T
6-NA,790,20,2,0,13033,13055,C
6-NA,791,13049,0,4,1,13054,A
6-NA,792,1,13782,0,3,13786,T
6-NA,793,13750,1,2,2,13755,A
6-NA,794,0,1,0,13872,13873,C
6-NA,795,0,13817,0,10,13827,T
6-NA,796,13869,1,7,1,13878,A
6-NA,797,1,5,13846,0,13852,G
6-NA,798,2,2,0,13868,13872,C
6-NA,799,13867,0,5,2,13874,A
6-NA,800,1,2,0,13929,13932,C
6-NA,801,13517,0,2,0,13519,A
6-NA,802,0,13743,0,5,13748,T
6-NA,803,0,13711,1,1,13713,T
6-NA,804,2,1,14712,0,14715,G
6-NA,805,1,14596,0,15,14612,T
6-NA,806,11,8,0,14625,14644,C
6-NA,807,14601,2,25,1,14629,A
6-NA,808,7,5,14625,0,14637,G
6-NA,809,2,4,14624,0,14630,G
6-NA,810,14587,1,4,1,14593,A
6-NA,811,14475,0,5,1,14481,A
6-NA,812,3,0,14635,0,14638,G
6-NA,813,0,14033,0,2,14035,T
6-NA,814,1,3,14131,0,14135,G
6-NA,815,1,2,1,14138,14142,C
6-NA,816,1,14140,0,4,14145,T
6-NA,817,14,10,0,14171,14195,C
6-NA,818,14176,0,7,1,14184,A
6-NA,819,0,0,14227,0,14227,G
6-NA,820,3,3,3,14250,14259,C
6-NA,821,14241,0,11,1,14253,A
6-NA,822,0,14236,0,2,14238,T
6-NA,823,5,0,14707,0,14712,G
6-NA,824,1,14658,0,4,14663,T
6-NA,825,20,0,0,14660,14680,C
6-NA,826,5,3,14674,0,14682,G
6-NA,827,14578,0,15,1,14594,A
6-NA,828,3,9,14584,0,14596,G
6-NA,829,0,13,14569,0,14582,G
6-NA,830,14507,0,7,1,14515,A
6-NA,831,4,3,14653,1,14661,G
6-NA,832,0,14319,0,6,14325,T
6-NA,833,1,1,14350,0,14352,G
6-NA,834,3,1,0,14564,14568,C
6-NA,835,1,14555,0,11,14567,T
6-NA,836,21,1,0,14583,14605,C
6-NA,837,10,2,0,14681,14693,C
6-NA,838,0,14680,1,11,14692,T
6-NA,839,3,3,14746,0,14752,G
6-NA,840,1,2,0,14663,14666,C
6-NA,841,1,14628,1,5,14635,T
6-NA,842,14790,1,4,0,14795,A
6-NA,843,0,14541,1,8,14550,T
6-NA,844,4,118,0,14540,14662,C
6-NA,845,12,1,1,14655,14669,C
6-NA,846,0,14595,1,26,14622,T
6-NA,847,3,2,0,14768,14773,C
6-NA,848,57,4,14713,0,14774,G
6-NA,849,14828,0,12,0,14840,A
6-NA,850,1,14876,1,6,14884,T
6-NA,851,14872,0,2,0,14874,A
6-NA,852,0,14797,1,60,14858,T
6-NA,853,7,0,2,14823,14832,C
6-NA,854,9,1,0,14838,14848,C
6-NA,855,2,14800,1,6,14809,T
6-NA,856,5,13,14860,0,14878,G
6-NA,857,0,3,14873,0,14876,G
6-NA,858,2,15034,0,12,15048,T
6-NA,859,7,3,15134,0,15144,G
6-NA,860,1,15068,1,9,15079,T
6-NA,861,15,1,0,15085,15101,C
6-NA,862,15092,0,7,0,15099,A
6-NA,863,8,2,15113,1,15124,G
6-NA,864,15112,2,3,0,15117,A
6-NA,865,2,15027,1,8,15038,T
6-NA,866,5,3,15083,0,15091,G
6-NA,867,1,14924,1,6,14932,T
6-NA,868,6,0,14958,2,14966,G
6-NA,869,1,14944,1,14,14960,T
6-NA,870,13,0,0,15006,15019,C
6-NA,871,0,14968,1,16,14985,T
6-NA,872,0,2,15029,1,15032,G
6-NA,873,0,2,0,15008,15010,C
6-NA,874,14999,4,11,0,15014,A
6-NA,875,0,4,15019,1,15024,G
6-NA,876,14741,0,12,0,14753,A
6-NA,877,3,7,14784,2,14796,G
6-NA,878,14727,0,8,0,14735,A
6-NA,879,1,2,0,14882,14885,C
6-NA,880,14872,1,9,0,14882,A
6-NA,881,14924,1,4,2,14931,A
6-NA,882,1,3,0,14981,14985,C
6-NA,883,1,15004,1,7,15013,T
6-NA,884,2,8,14990,0,15000,G
6-NA,885,4,5,14955,0,14964,G
6-NA,886,14915,0,11,1,14927,A
6-NA,887,14895,1,12,0,14908,A
6-NA,888,14566,0,21,0,14587,A
6-NA,889,1,3,14773,0,14777,G
6-NA,890,4,2,14722,0,14728,G
6-NA,891,1,1,0,14721,14723,C
6-NA,892,1,14609,0,34,14644,T
6-NA,893,12,3,0,14927,14942,C
6-NA,894,9,7,0,15100,15116,C
6-NA,895,15184,2,1,0,15187,A
6-NA,896,15148,2,8,0,15158,A
6-NA,897,0,15189,0,2,15191,T
6-NA,898,14714,3,8,0,14725,A
6-NA,899,2,3,14673,0,14678,G
6-NA,900,5,0,14657,0,14662,G
6-NA,901,2,4,1,14607,14614,C
6-NA,902,4,2,2,14410,14418,C
6-NA,903,15,0,2,14273,14290,C
6-NA,904,14442,0,6,0,14448,A
6-NA,905,0,14573,0,9,14582,T
6-NA,906,10,4,0,14642,14656,C
6-NA,907,5,1,14711,0,14717,G
6-NA,908,0,14612,0,1,14613,T
6-NA,909,14355,1,3,0,14359,A
6-NA,910,1,7,14694,0,14702,G
6-NA,911,14618,1,20,1,14640,A
6-NA,912,1,14771,0,0,14772,T
6-NA,913,14533,0,2,0,14535,A
6-NA,914,1,14428,1,3,14433,T
6-NA,915,14426,0,11,1,14438,A
6-NA,916,14389,0,8,1,14398,A
6-NA,917,14632,2,9,1,14644,A
6-NA,918,1,1,0,15023,15025,C
6-NA,919,14778,0,1,0,14779,A
6-NA,920,0,14721,2,1,14724,T
6-NA,921,14668,1,2,1,14672,A
6-NA,922,14663,1,6,1,14671,A
6-NA,923,14644,2,22,1,14669,A
6-NA,924,21,6,14778,0,14805,G
6-NA,925,1,4,14877,0,14882,G
6-NA,926,14517,0,6,0,14523,A
6-NA,927,3,14514,0,9,14526,T
6-NA,928,10,3,0,14578,14591,C
6-NA,929,14689,1,14,1,14705,A
6-NA,930,1,14695,0,3,14699,T
6-NA,931,14686,1,16,0,14703,A
6-NA,932,5,2,14770,0,14777,G
6-NA,933,1,4,0,14608,14613,C
6-NA,934,14399,1,3,0,14403,A
6-NA,935,0,14072,0,4,14076,T
6-NA,936,1,14130,0,5,14136,T
6-NA,937,14,1,14451,0,14466,G
6-NA,938,1,14451,0,4,14456,T
6-NA,939,0,14658,0,2,14660,T
6-NA,940,0,14626,0,13,14639,T
6-NA,941,11,5,0,14553,14569,C
6-NA,942,5,3,0,14634,14642,C
6-NA,943,14791,2,4,2,14799,A
6-NA,944,0,1,14969,0,14970,G
6-NA,945,1,14933,0,6,14940,T
6-NA,946,1,14575,0,2,14578,T
6-NA,947,14675,0,2,0,14677,A
6-NA,948,0,14546,3,2,14551,T
6-NA,949,3,1,14584,0,14588,G
6-NA,950,0,14485,0,12,14497,T
6-NA,951,408,1,14201,0,14610,G
6-NA,952,0,14309,0,6,14315,T
6-NA,953,2,4,14693,0,14699,G
6-NA,954,0,14631,0,13,14644,T
6-NA,955,1,14577,0,5,14583,T
6-NA,956,14,5,0,14595,14614,C
6-NA,957,14357,3,30,1,14391,A
6-NA,958,5,15,14427,0,14447,G
6-NA,959,1,13,14415,0,14429,G
6-NA,960,14321,2,7,0,14330,A
6-NA,961,0,3,0,14378,14381,C
6-NA,962,0,14072,0,9,14081,T
6-NA,963,0,14163,1,0,14164,T
6-NA,964,1,1,14635,0,14637,G
6-NA,965,1,14580,0,16,14597,T
6-NA,966,2,14634,0,8,14644,T
6-NA,967,6,12,14547,0,14565,G
6-NA,968,1,18,14516,2,14537,G
6-NA,969,14447,0,29,1,14477,A
6-NA,970,0,18,14511,1,14530,G
6-NA,971,14494,1,24,0,14519,A
6-NA,972,0,3,0,14422,14425,C
6-NA,973,13948,0,9,0,13957,A
6-NA,974,1,5,0,13959,13965,C
6-NA,975,13928,1,18,0,13947,A
6-NA,976,2,4,0,14048,14054,C
6-NA,977,8,2,0,13888,13898,C
6-NA,978,19,4,0,13964,13987,C
6-NA,979,13980,0,12,1,13993,A
6-NA,980,3,4,14026,0,14033,G
6-NA,981,14004,1,6,1,14012,A
6-NA,982,14106,0,2,0,14108,A
6-NA,983,14029,0,1,0,14030,A
6-NA,984,14006,1,3,0,14010,A
6-NA,985,13929,0,9,2,13940,A
6-NA,986,13956,0,3,2,13961,A
6-NA,987,2,6,0,14005,14013,C
6-NA,988,2,14,13952,0,13968,G
6-NA,989,13881,2,10,0,13893,A
6-NA,990,0,3,0,13919,13922,C
6-NA,991,13908,0,12,0,13920,A
6-NA,992,4,2,13997,0,14003,G
6-NA,993,0,3,0,14416,14419,C
6-NA,994,2,14306,0,15,14323,T
6-NA,995,16,0,0,14409,14425,C
6-NA,996,5,7,0,14461,14473,C
6-NA,997,14507,0,21,0,14528,A
6-NA,998,2,3,14596,1,14602,G
6-NA,999,0,2,0,14572,14574,C
6-NA,1000,14544,0,0,0,14544,A
6-NA,1001,7,2,14578,0,14587,G
6-NA,1002,1,14073,1,21,14096,T
6-NA,1003,14133,0,3,0,14136,A
6-NA,1004,3,2,14120,0,14125,G
6-NA,1005,1,3,0,14086,14090,C
6-NA,1006,11,5,0,14140,14156,C
6-NA,1007,14040,0,0,0,14040,A
6-NA,1008,1,14028,0,4,14033,T
6-NA,1009,1,14076,0,2,14079,T
6-NA,1010,1,1,14385,0,14387,G
6-NA,1011,1,14292,0,16,14309,T
6-NA,1012,1,14279,1,10,14291,T
6-NA,1013,2,14269,0,3,14274,T
6-NA,1014,2,15,14148,0,14165,G
6-NA,1015,6,9,14276,0,14291,G
6-NA,1016,14208,2,3,0,14213,A
6-NA,1017,1,14258,0,5,14264,T
6-NA,1018,3,0,0,14298,14301,C
6-NA,1019,18,1,0,14088,14107,C
6-NA,1020,11,14166,1,6,14184,T
6-NA,1021,14215,1,10,0,14226,A
6-NA,1022,14241,0,10,0,14251,A
6-NA,1023,1,1,0,14428,14430,C
6-NA,1024,14157,0,4,0,14161,A
6-NA,1025,14324,1,3,0,14328,A
6-NA,1026,1,14371,1,0,14373,T
6-NA,1027,0,4,14492,0,14496,G
6-NA,1028,14402,5,11,0,14418,A
6-NA,1029,14356,1,17,1,14375,A
6-NA,1030,38,6,14403,1,14448,G
6-NA,1031,14362,1,8,0,14371,A
6-NA,1032,14067,2,19,0,14088,A
6-NA,1033,2,17,14164,0,14183,G
6-NA,1034,1,3,14161,0,14165,G
6-NA,1035,1,13861,0,8,13870,T
6-NA,1036,4,7,13994,0,14005,G
6-NA,1037,4,3,14341,0,14348,G
6-NA,1038,0,14232,0,14,14246,T
6-NA,1039,28,3,0,14238,14269,C
6-NA,1040,14273,0,0,1,14274,A
6-NA,1041,0,14287,0,6,14293,T
6-NA,1042,2,10,14290,0,14302,G
6-NA,1043,0,7,14379,0,14386,G
6-NA,1044,14257,2,13,1,14273,A
6-NA,1045,5,0,14724,0,14729,G
6-NA,1046,0,14232,2,4,14238,T
6-NA,1047,4,10,14249,0,14263,G
6-NA,1048,14165,0,3,0,14168,A
6-NA,1049,14197,0,4,0,14201,A
6-NA,1050,14224,2,29,0,14255,A
6-NA,1051,3,7,14252,0,14262,G
6-NA,1052,2,3,14108,0,14113,G
6-NA,1053,2,1,1,14108,14112,C
6-NA,1054,1,13791,0,11,13803,T
6-NA,1055,0,17,13797,0,13814,G
6-NA,1056,1,4,13772,0,13777,G
6-NA,1057,12,1,13887,1,13901,G
6-NA,1058,4,3,1,13835,13843,C
6-NA,1059,4,2,0,13942,13948,C
6-NA,1060,1,13790,4,26,13821,T
6-NA,1061,0,13853,0,4,13857,T
6-NA,1062,1,13917,0,2,13920,T
6-NA,1063,1,7,13943,0,13951,G
6-NA,1064,13878,0,8,2,13888,A
6-NA,1065,2,13849,0,4,13855,T
6-NA,1066,3,7,13686,0,13696,G
6-NA,1067,13522,1,11,0,13534,A
6-NA,1068,1,13618,0,4,13623,T
6-NA,1069,1,4,13637,0,13642,G
6-NA,1070,0,3,13817,3,13823,G
6-NA,1071,13700,2,37,0,13739,A
6-NA,1072,13750,0,15,0,13765,A
6-NA,1073,13743,0,8,0,13751,A
6-NA,1074,0,13709,0,36,13745,T
6-NA,1075,3,9,13810,0,13822,G
6-NA,1076,13720,2,4,1,13727,A
6-NA,1077,1,7,0,13723,13731,C
6-NA,1078,2,1,13801,0,13804,G
6-NA,1079,2,13451,0,23,13476,T
6-NA,1080,3,0,13640,0,13643,G
6-NA,1081,0,13566,0,2,13568,T
6-NA,1082,2,6,13605,0,13613,G
6-NA,1083,1,2,13687,1,13691,G
6-NA,1084,13529,0,6,0,13535,A
6-NA,1085,1,13611,0,4,13616,T
6-NA,1086,3,19,13584,0,13606,G
6-NA,1087,3,6,13530,1,13540,G
6-NA,1088,2,4,13657,0,13663,G
6-NA,1089,13524,0,21,0,13545,A
6-NA,1090,13524,1,15,0,13540,A
6-NA,1091,3,10,13503,0,13516,G
6-NA,1092,13368,0,5,0,13373,A
6-NA,1093,13378,0,3,0,13381,A
6-NA,1094,1,6,0,13360,13367,C
6-NA,1095,4,7,13315,0,13326,G
6-NA,1096,13285,0,4,0,13289,A
6-NA,1097,0,13068,0,4,13072,T
6-NA,1098,6,0,0,13160,13166,C
6-NA,1099,13148,0,24,0,13172,A
6-NA,1100,1,1,13180,0,13182,G
6-NA,1101,1,2,1,13151,13155,C
6-NA,1102,2,15,13179,1,13197,G
6-NA,1103,13093,1,6,0,13100,A
6-NA,1104,0,4,13166,0,13170,G
6-NA,1105,13100,0,60,0,13160,A
6-NA,1106,13136,1,3,0,13140,A
6-NA,1107,0,1,13218,0,13219,G
6-NA,1108,0,13091,1,6,13098,T
6-NA,1109,20,2,0,13069,13091,C
6-NA,1110,13034,1,5,0,13040,A
6-NA,1111,1,3,0,13373,13377,C
6-NA,1112,1,0,13371,0,13372,G
6-NA,1113,4,2,0,13363,13369,C
6-NA,1114,0,13320,1,4,13325,T
6-NA,1115,0,13364,0,2,13366,T
6-NA,1116,13231,0,6,0,13237,A
6-NA,1117,1,12,13636,0,13649,G
6-NA,1118,1,13,13619,0,13633,G
6-NA,1119,2,1,13885,0,13888,G
6-NA,1120,1,13152,1,5,13159,T
6-NA,1121,13223,0,3,0,13226,A
6-NA,1122,1,13194,1,2,13198,T
6-NA,1123,3,9,13171,0,13183,G
6-NA,1124,13190,0,11,0,13201,A
6-NA,1125,13148,0,4,0,13152,A
6-NA,1126,12594,0,4,1,12599,A
6-NA,1127,0,0,0,12684,12684,C
6-NA,1128,6,0,0,12500,12506,C
6-NA,1129,1,12376,1,16,12394,T
6-NA,1130,4,12361,2,8,12375,T
6-NA,1131,6,2,0,12398,12406,C
6-NA,1132,12434,1,1,0,12436,A
6-NA,1133,12442,0,4,0,12446,A
6-NA,1134,12415,0,4,0,12419,A
6-NA,1135,1,2,12485,0,12488,G
6-NA,1136,1,12269,0,9,12279,T
6-NA,1137,17,3,0,12376,12396,C
6-NA,1138,12611,0,6,0,12617,A
6-NA,1139,0,12588,3,9,12600,T
6-NA,1140,0,12617,0,6,12623,T
6-NA,1141,3,5,12622,0,12630,G
6-NA,1142,12548,0,29,1,12578,A
6-NA,1143,12597,0,12,0,12609,A
6-NA,1144,1,10,12994,0,13005,G
6-NA,1145,2,2,12992,0,12996,G
6-NA,1146,2,4,0,12993,12999,C
6-NA,1147,0,12643,0,8,12651,T
6-NA,1148,2,8,12720,0,12730,G
6-NA,1149,4,1,12903,1,12909,G
6-NA,1150,2,12849,1,15,12867,T
6-NA,1151,15,4,0,12813,12832,C
6-NA,1152,11,3,0,12786,12800,C
6-NA,1153,12822,0,7,1,12830,A
6-NA,1154,12834,1,3,0,12838,A
6-NA,1155,0,2,1,12891,12894,C
6-NA,1156,9,2,0,12864,12875,C
6-NA,1157,32,0,0,12894,12926,C
6-NA,1158,0,12544,3,5,12552,T
6-NA,1159,12542,0,2,0,12544,A
6-NA,1160,12534,0,4,0,12538,A
6-NA,1161,0,2,12624,0,12626,G
6-NA,1162,1,12482,0,14,12497,T
6-NA,1163,9,2,1,12471,12483,C
6-NA,1164,12,0,0,12375,12387,C
6-NA,1165,12397,0,1,0,12398,A
6-NA,1166,12368,1,1,0,12370,A
6-NA,1167,12395,0,0,1,12396,A
6-NA,1168,1,12344,0,4,12349,T
6-NA,1169,0,12372,0,1,12373,T
6-NA,1170,1,0,12330,0,12331,G
6-NA,1171,0,3,0,12275,12278,C
6-NA,1172,12295,0,8,0,12303,A
6-NA,1173,2,2,12317,0,12321,G
6-NA,1174,12311,0,4,0,12315,A
6-NA,1175,0,12490,0,1,12491,T
6-NA,1176,12507,0,1,0,12508,A
6-NA,1177,12484,1,6,0,12491,A
6-NA,1178,12499,0,9,0,12508,A
6-NA,1179,1,12439,0,1,12441,T
6-NA,1180,12429,1,7,0,12437,A
6-NA,1181,0,6,12437,0,12443,G
6-NA,1182,9,1,12357,1,12368,G
6-NA,1183,0,2,0,12334,12336,C
6-NA,1184,12102,0,4,0,12106,A
6-NA,1185,12194,0,9,0,12203,A
6-NA,1186,1,1,12324,1,12327,G
6-NA,1187,0,12288,0,13,12301,T
6-NA,1188,24,3,0,12294,12321,C
6-NA,1189,12372,1,14,1,12388,A
6-NA,1190,3,12267,1,127,12398,T
6-NA,1191,12472,2,7,0,12481,A
6-NA,1192,1,0,12500,0,12501,G
6-NA,1193,0,12490,0,10,12500,T
6-NA,1194,2,12157,0,5,12164,T
6-NA,1195,0,16,11985,0,12001,G
6-NA,1196,11935,2,12,0,11949,A
6-NA,1197,3,2,0,11921,11926,C
6-NA,1198,11797,0,2,1,11800,A
6-NA,1199,1,4,11927,0,11932,G
6-NA,1200,11794,2,14,0,11810,A
6-NA,1201,3,8,12098,0,12109,G
6-NA,1202,2,0,12134,0,12136,G
6-NA,1203,0,12037,1,6,12044,T
6-NA,1204,12064,1,3,0,12068,A
6-NA,1205,12035,2,7,0,12044,A
6-NA,1206,1,12006,1,6,12014,T
6-NA,1207,12015,1,6,0,12022,A
6-NA,1208,1,10,11820,0,11831,G
6-NA,1209,2,0,11667,0,11669,G
6-NA,1210,2,10910,1,8,10921,T
6-NA,1211,6,0,0,10884,10890,C
6-NA,1212,10,9,1,10893,10913,C
6-NA,1213,6,9,10927,0,10942,G
6-NA,1214,1,0,10963,0,10964,G
6-NA,1215,1,10942,0,8,10951,T
6-NA,1216,0,10943,0,4,10947,T
6-NA,1217,10882,0,3,0,10885,A
6-NA,1218,0,10761,0,0,10761,T
6-NA,1219,1,10784,0,12,10797,T
6-NA,1220,8,0,0,10778,10786,C
6-NA,1221,1,10578,0,6,10585,T
6-NA,1222,3,10,10594,0,10607,G
6-NA,1223,17,1,10619,2,10639,G
6-NA,1224,1,10603,0,1,10605,T
6-NA,1225,10646,0,1,0,10647,A
6-NA,1226,0,10472,1,9,10482,T
6-NA,1227,0,10517,0,8,10525,T
6-NA,1228,0,10484,0,13,10497,T
6-NA,1229,1,10463,0,11,10475,T
6-NA,1230,4,1,0,10497,10502,C
6-NA,1231,2,10281,0,26,10309,T
6-NA,1232,8,1,1,10419,10429,C
6-NA,1233,0,10393,1,5,10399,T
6-NA,1234,1,1,10549,1,10552,G
6-NA,1235,1,10514,0,13,10528,T
6-NA,1236,0,10447,0,3,10450,T
6-NA,1237,0,3,10470,0,10473,G
6-NA,1238,10375,1,6,0,10382,A
6-NA,1239,10370,5,16,0,10391,A
6-NA,1240,0,11,10416,1,10428,G
6-NA,1241,5,0,10378,0,10383,G
6-NA,1242,2,2,0,10399,10403,C
6-NA,1243,10196,0,7,1,10204,A
6-NA,1244,10267,0,11,0,10278,A
6-NA,1245,10293,0,6,1,10300,A
6-NA,1246,10290,0,11,0,10301,A
6-NA,1247,3,0,10272,0,10275,G
6-NA,1248,1,1,1,10248,10251,C
6-NA,1249,1,10109,0,4,10114,T
6-NA,1250,2,1,10211,0,10214,G
6-NA,1251,1,4,0,10185,10190,C
6-NA,1252,10207,2,5,0,10214,A
6-NA,1253,1,10110,0,10,10121,T
6-NA,1254,2,3,0,10102,10107,C
6-NA,1255,10098,0,2,0,10100,A
6-NA,1256,10108,0,1,0,10109,A
6-NA,1257,0,10001,1,0,10002,T
6-NA,1258,6,3,0,10098,10107,C
6-NA,1259,0,2,10004,0,10006,G
6-NA,1260,2,0,10111,0,10113,G
6-NA,1261,1,10091,1,5,10098,T
6-NA,1262,2,1,10092,1,10096,G
6-NA,1263,2,2,0,10084,10088,C
6-NA,1264,0,10063,1,17,10081,T
6-NA,1265,0,10147,1,2,10150,T
6-NA,1266,0,10167,1,1,10169,T
6-NA,1267,0,10192,0,0,10192,T
6-NA,1268,10222,0,2,0,10224,A
6-NA,1269,0,9822,0,6,9828,T
6-NA,1270,0,1,9862,0,9863,G
6-NA,1271,1,9718,0,7,9726,T
6-NA,1272,0,5,9647,0,9652,G
6-NA,1273,1,10,9742,0,9753,G
6-NA,1274,9545,1,5,0,9551,A
6-NA,1275,1,1,9617,0,9619,G
6-NA,1276,1,9541,2,3,9547,T
6-NA,1277,1,9472,0,7,9480,T
6-NA,1278,0,9,9529,0,9538,G
6-NA,1279,9491,0,7,0,9498,A
6-NA,1280,0,9500,2,2,9504,T
6-NA,1281,9452,0,5,0,9457,A
6-NA,1282,9188,0,7,0,9195,A
6-NA,1283,1,10,9235,0,9246,G
6-NA,1284,2,7,9048,0,9057,G
6-NA,1285,4,7,8982,0,8993,G
6-NA,1286,1,4,8949,0,8954,G
6-NA,1287,8804,1,2,0,8807,A
6-NA,1288,8782,1,12,1,8796,A
6-NA,1289,2,4,8814,1,8821,G
6-NA,1290,8806,1,8,0,8815,A
6-NA,1291,8812,0,4,0,8816,A
6-NA,1292,8694,0,2,0,8696,A
6-NA,1293,8564,0,12,0,8576,A
6-NA,1294,0,7,8560,0,8567,G
6-NA,1295,8481,2,7,1,8491,A
6-NA,1296,0,4,8468,0,8472,G
6-NA,1297,54,1,8414,0,8469,G
6-NA,1298,8348,0,3,1,8352,A
6-NA,1299,8343,1,13,0,8357,A
6-NA,1300,8349,2,4,0,8355,A
6-NA,1301,0,0,0,8372,8372,C
6-NA,1302,0,8336,0,1,8337,T
6-NA,1303,1,6,8342,1,8350,G
6-NA,1304,8325,0,4,0,8329,A
6-NA,1305,8296,1,14,0,8311,A
6-NA,1306,0,0,8319,0,8319,G
6-NA,1307,0,8214,0,8,8222,T
6-NA,1308,7,2,0,8286,8295,C
6-NA,1309,1,8236,0,14,8251,T
6-NA,1310,0,8215,0,2,8217,T
6-NA,1311,1,0,8225,0,8226,G
6-NA,1312,0,8188,1,5,8194,T
6-NA,1313,2,6,8174,0,8182,G
6-NA,1314,3,2,8179,0,8184,G
6-NA,1315,8019,1,7,0,8027,A
6-NA,1316,0,2,0,7994,7996,C
6-NA,1317,7,2,0,7812,7821,C
6-NA,1318,2,7807,0,11,7820,T
6-NA,1319,5,4,0,7830,7839,C
6-NA,1320,5,6,7820,0,7831,G
6-NA,1321,7844,0,2,0,7846,A
6-NA,1322,7820,1,5,0,7826,A
6-NA,1323,3,1,0,7853,7857,C
6-NA,1324,7654,1,1,0,7656,A
6-NA,1325,2,0,7740,0,7742,G
6-NA,1326,1,7708,0,2,7711,T
6-NA,1327,7674,0,5,0,7679,A
6-NA,1328,1,7667,0,1,7669,T
6-NA,1329,1,7477,0,1,7479,T
6-NA,1330,0,0,7507,1,7508,G
6-NA,1331,1,7464,1,5,7471,T
6-NA,1332,1,7248,0,7,7256,T
6-NA,1333,1,0,7265,0,7266,G
6-NA,1334,0,6586,0,7,6593,T
6-NA,1335,2,1,6601,0,6604,G
6-NA,1336,0,6554,1,8,6563,T
6-NA,1337,0,6461,0,3,6464,T
6-NA,1338,1,6480,0,3,6484,T
6-NA,1339,0,6293,1,1,6295,T
6-NA,1340,0,0,6313,0,6313,G
6-NA,1341,1,6291,0,5,6297,T
6-NA,1342,0,0,6259,0,6259,G
6-NA,1343,0,0,6220,1,6221,G
6-NA,1344,1,1,0,6127,6129,C
6-NA,1345,6018,0,3,0,6021,A
6-NA,1346,0,0,0,6110,6110,C
6-NA,1347,6,3,0,6086,6095,C
6-NA,1348,0,6063,0,10,6073,T
6-NA,1349,8,2,0,6086,6096,C
6-NA,1350,6093,0,8,0,6101,A
6-NA,1351,0,1,6116,0,6117,G
6-NA,1352,1,0,6100,0,6101,G
6-NA,1353,1,6080,0,1,6082,T
6-NA,1354,6018,0,2,0,6020,A
6-NA,1355,2,2,0,5642,5646,C
6-NA,1356,5548,1,2,0,5551,A
6-NA,1357,0,5531,0,0,5531,T
6-NA,1358,5378,0,2,0,5380,A
6-NA,1359,1,5357,0,1,5359,T
6-NA,1360,1,2,4966,0,4969,G
6-NA,1361,0,4,4935,0,4939,G
6-NA,1362,4906,0,3,0,4909,A
6-NA,1363,4844,0,6,0,4850,A
6-NA,1364,1,0,1,4775,4777,C
6-NA,1365,3868,0,2,0,3870,A
6-NA,1366,0,0,3887,0,3887,G
6-NA,1367,0,0,3855,0,3855,G
6-NA,1368,0,2,0,3841,3843,C
6-NA,1369,0,3833,0,12,3845,T
6-NA,1370,4,0,0,3611,3615,C
6-NA,1371,3589,0,2,0,3591,A
6-NA,1372,0,3582,0,1,3583,T
6-NA,1373,0,2,3590,0,3592,G
6-NA,1374,2,0,3582,0,3584,G
6-NA,1375,0,1,0,3427,3428,C
6-NA,1376,2,1,0,3406,3409,C
6-NA,1377,1,3183,0,3,3187,T
6-NA,1378,0,2,3186,0,3188,G
6-NA,1379,3184,0,2,0,3186,A
6-NA,1380,0,3176,0,1,3177,T
6-NA,1381,0,1,3101,0,3102,G
6-NA,1382,1,4,3012,0,3017,G
6-NA,1383,0,0,2849,0,2849,G
6-NA,1384,0,0,2847,0,2847,G
6-NA,1385,1,1,0,2748,2750,C
6-NA,1386,1,2,2775,0,2778,G
6-NA,1387,0,0,2733,0,2733,G
6-NA,1388,2682,1,1,0,2684,A
6-NA,1389,1,1,0,2663,2665,C
6-NA,1390,2677,1,2,0,2680,A
6-NA,1391,0,2615,0,2,2617,T
6-NA,1392,0,2,0,2576,2578,C
6-NA,1393,2574,1,1,0,2576,A
6-NA,1394,2561,0,1,0,2562,A
6-NA,1395,0,2536,0,7,2543,T
6-NA,1396,0,0,0,2486,2486,C
6-NA,1397,0,2386,0,7,2393,T
6-NA,1398,3,0,0,2040,2043,C
6-NA,1399,2032,0,1,0,2033,A
6-NA,1400,0,1996,0,0,1996,T
6-NA,1401,0,0,1991,0,1991,G
6-NA,1402,1,1,0,1969,1971,C
6-NA,1403,1,0,0,1883,1884,C
6-NA,1404,0,1680,0,1,1681,T
6-NA,1405,1664,0,1,0,1665,A
6-NA,1406,0,1660,0,2,1662,T
6-NA,1407,1629,0,1,0,1630,A
6-NA,1408,0,1624,0,0,1624,T
6-NA,1409,1483,0,0,0,1483,A
6-NA,1410,1415,0,0,0,1415,A
7-M,1,47,0,0,0,47,A
7-M,2,0,47,0,0,47,T
7-M,3,0,0,45,0,45,G
7-M,4,45,0,0,0,45,A
7-M,5,0,0,53,0,53,G
7-M,6,0,0,0,56,56,C
7-M,7,0,0,0,60,60,C
7-M,8,0,85,0,0,85,T
7-M,9,0,86,0,0,86,T
7-M,10,0,0,0,87,87,C
7-M,11,0,86,0,0,86,T
7-M,12,89,0,0,0,89,A
7-M,13,89,0,0,0,89,A
7-M,14,0,0,0,87,87,C
7-M,15,0,0,0,88,88,C
7-M,16,0,0,90,0,90,G
7-M,17,86,0,1,0,87,A
7-M,18,0,0,91,0,91,G
7-M,19,0,0,94,0,94,G
7-M,20,0,93,0,0,93,T
7-M,21,0,0,0,97,97,C
7-M,22,0,0,96,0,96,G
7-M,23,98,0,0,0,98,A
7-M,24,100,0,0,0,100,A
7-M,25,100,0,0,0,100,A
7-M,26,0,0,0,109,109,C
7-M,27,0,0,109,0,109,G
7-M,28,0,109,0,0,109,T
7-M,29,113,0,0,0,113,A
7-M,30,0,113,0,0,113,T
7-M,31,0,0,113,0,113,G
7-M,32,0,111,0,0,111,T
7-M,33,0,132,0,0,132,T
7-M,34,0,0,0,137,137,C
7-M,35,0,137,0,0,137,T
7-M,36,0,0,0,140,140,C
7-M,37,0,142,0,0,142,T
7-M,38,0,0,0,151,151,C
7-M,39,0,151,0,1,152,T
7-M,40,156,0,0,0,156,A
7-M,41,0,156,0,0,156,T
7-M,42,0,0,0,155,155,C
7-M,43,0,0,154,0,154,G
7-M,44,0,159,0,0,159,T
7-M,45,0,160,0,1,161,T
7-M,46,0,0,0,163,163,C
7-M,47,1,0,0,173,174,C
7-M,48,174,0,0,0,174,A
7-M,49,0,174,0,0,174,T
7-M,50,0,0,0,176,176,C
7-M,51,175,0,1,0,176,A
7-M,52,0,0,179,0,179,G
7-M,53,0,1,174,0,175,G
7-M,54,0,1,0,176,177,C
7-M,55,0,0,0,179,179,C
7-M,56,1,0,0,177,178,C
7-M,57,0,0,0,188,188,C
7-M,58,0,0,0,187,187,C
7-M,59,0,190,0,0,190,T
7-M,60,1,0,0,188,189,C
7-M,61,190,0,0,0,190,A
7-M,62,188,0,0,0,188,A
7-M,63,194,0,0,1,195,A
7-M,64,0,0,200,0,200,G
7-M,65,0,0,0,201,201,C
7-M,66,0,0,0,202,202,C
7-M,67,0,0,200,0,200,G
7-M,68,198,0,0,1,199,A
7-M,69,0,0,200,0,200,G
7-M,70,201,0,0,0,201,A
7-M,71,0,203,0,0,203,T
7-M,72,0,0,0,200,200,C
7-M,73,0,0,200,0,200,G
7-M,74,0,0,0,203,203,C
7-M,75,0,0,202,0,202,G
7-M,76,0,0,0,204,204,C
7-M,77,199,0,0,0,199,A
7-M,78,0,0,205,0,205,G
7-M,79,204,0,0,0,204,A
7-M,80,0,0,229,0,229,G
7-M,81,225,0,0,0,225,A
7-M,82,0,0,0,238,238,C
7-M,83,0,239,0,0,239,T
7-M,84,0,239,0,0,239,T
7-M,85,1,0,238,0,239,G
7-M,86,240,0,0,0,240,A
7-M,87,239,0,0,0,239,A
7-M,88,0,0,240,0,240,G
7-M,89,237,0,0,0,237,A
7-M,90,0,241,0,0,241,T
7-M,91,0,0,241,0,241,G
7-M,92,0,239,0,0,239,T
7-M,93,0,0,0,239,239,C
7-M,94,0,242,0,0,242,T
7-M,95,0,244,0,0,244,T
7-M,96,0,244,0,0,244,T
7-M,97,0,0,243,0,243,G
7-M,98,0,1,0,242,243,C
7-M,99,0,243,0,0,243,T
7-M,100,0,2,242,0,244,G
7-M,101,0,0,247,0,247,G
7-M,102,0,0,244,0,244,G
7-M,103,240,1,0,0,241,A
7-M,104,245,0,0,0,245,A
7-M,105,246,0,0,0,246,A
7-M,106,246,0,0,0,246,A
7-M,107,248,0,0,0,248,A
7-M,108,0,0,0,252,252,C
7-M,109,252,0,0,0,252,A
7-M,110,1,0,0,253,254,C
7-M,111,249,0,0,0,249,A
7-M,112,0,0,257,0,257,G
7-M,113,260,0,0,0,260,A
7-M,114,0,272,0,0,272,T
7-M,115,0,0,0,271,271,C
7-M,116,0,272,0,0,272,T
7-M,117,0,271,0,0,271,T
7-M,118,0,0,270,0,270,G
7-M,119,270,0,0,0,270,A
7-M,120,0,0,265,0,265,G
7-M,121,0,0,270,0,270,G
7-M,122,0,0,0,272,272,C
7-M,123,0,269,0,1,270,T
7-M,124,0,0,0,307,307,C
7-M,125,0,307,0,0,307,T
7-M,126,0,0,0,309,309,C
7-M,127,308,0,0,0,308,A
7-M,128,0,312,0,0,312,T
7-M,129,0,0,313,0,313,G
7-M,130,0,0,315,0,315,G
7-M,131,310,0,0,0,310,A
7-M,132,313,0,0,0,313,A
7-M,133,0,310,0,0,310,T
7-M,134,0,1,319,0,320,G
7-M,135,0,0,337,0,337,G
7-M,136,0,0,0,340,340,C
7-M,137,0,340,0,0,340,T
7-M,138,341,0,0,0,341,A
7-M,139,340,0,0,0,340,A
7-M,140,340,0,0,0,340,A
7-M,141,0,0,344,0,344,G
7-M,142,343,1,0,0,344,A
7-M,143,0,0,0,345,345,C
7-M,144,340,0,0,0,340,A
7-M,145,339,0,0,0,339,A
7-M,146,0,0,344,0,344,G
7-M,147,344,0,0,0,344,A
7-M,148,0,0,0,346,346,C
7-M,149,0,0,0,346,346,C
7-M,150,348,0,0,0,348,A
7-M,151,359,0,0,0,359,A
7-M,152,0,363,0,0,363,T
7-M,153,0,364,0,0,364,T
7-M,154,0,0,0,367,367,C
7-M,155,0,365,0,0,365,T
7-M,156,0,0,366,0,366,G
7-M,157,0,363,0,0,363,T
7-M,158,0,1,0,364,365,C
7-M,159,367,0,0,0,367,A
7-M,160,0,0,0,386,386,C
7-M,161,0,0,0,387,387,C
7-M,162,0,386,0,0,386,T
7-M,163,0,0,0,386,386,C
7-M,164,0,383,0,0,383,T
7-M,165,0,0,398,0,398,G
7-M,166,393,0,0,0,393,A
7-M,167,0,0,0,400,400,C
7-M,168,0,401,0,0,401,T
7-M,169,398,0,1,0,399,A
7-M,170,391,0,0,0,391,A
7-M,171,0,0,400,0,400,G
7-M,172,0,1,395,0,396,G
7-M,173,0,0,399,0,399,G
7-M,174,0,0,404,0,404,G
7-M,175,403,0,0,0,403,A
7-M,176,0,402,0,0,402,T
7-M,177,0,404,0,1,405,T
7-M,178,0,407,0,0,407,T
7-M,179,0,408,0,0,408,T
7-M,180,1,0,408,0,409,G
7-M,181,0,2,402,0,404,G
7-M,182,0,0,406,0,406,G
7-M,183,1,0,408,0,409,G
7-M,184,0,398,0,0,398,T
7-M,185,0,406,0,0,406,T
7-M,186,0,407,0,0,407,T
7-M,187,0,0,418,0,418,G
7-M,188,2,412,0,1,415,T
7-M,189,0,0,421,0,421,G
7-M,190,0,425,0,0,425,T
7-M,191,0,423,0,1,424,T
7-M,192,0,0,0,428,428,C
7-M,193,428,0,0,0,428,A
7-M,194,0,0,0,438,438,C
7-M,195,0,0,436,0,436,G
7-M,196,1,0,0,436,437,C
7-M,197,0,425,0,1,426,T
7-M,198,0,0,0,458,458,C
7-M,199,460,0,0,0,460,A
7-M,200,0,0,0,465,465,C
7-M,201,1,1,0,460,462,C
7-M,202,2,0,461,0,463,G
7-M,203,0,469,1,0,470,T
7-M,204,0,0,471,0,471,G
7-M,205,0,0,0,470,470,C
7-M,206,1,0,0,471,472,C
7-M,207,1,0,0,474,475,C
7-M,208,471,0,1,0,472,A
7-M,209,0,0,476,0,476,G
7-M,210,0,475,0,0,475,T
7-M,211,0,1,474,0,475,G
7-M,212,481,0,0,0,481,A
7-M,213,0,0,482,0,482,G
7-M,214,0,0,0,480,480,C
7-M,215,0,0,481,0,481,G
7-M,216,474,0,1,0,475,A
7-M,217,0,0,476,0,476,G
7-M,218,0,1,475,0,476,G
7-M,219,474,0,0,0,474,A
7-M,220,0,0,0,493,493,C
7-M,221,0,490,0,0,490,T
7-M,222,0,1,487,0,488,G
7-M,223,0,0,1,486,487,C
7-M,224,493,0,0,0,493,A
7-M,225,0,0,509,0,509,G
7-M,226,0,0,0,502,502,C
7-M,227,0,0,508,0,508,G
7-M,228,0,511,0,0,511,T
7-M,229,509,0,0,0,509,A
7-M,230,0,0,501,0,501,G
7-M,231,503,0,0,0,503,A
7-M,232,0,0,0,508,508,C
7-M,233,0,0,508,0,508,G
7-M,234,0,0,0,503,503,C
7-M,235,0,493,0,0,493,T
7-M,236,0,499,0,0,499,T
7-M,237,0,495,0,1,496,T
7-M,238,0,0,507,0,507,G
7-M,239,0,503,0,0,503,T
7-M,240,0,0,0,506,506,C
7-M,241,0,0,0,507,507,C
7-M,242,513,0,0,0,513,A
7-M,243,511,0,0,0,511,A
7-M,244,514,0,0,0,514,A
7-M,245,508,0,0,0,508,A
7-M,246,0,511,0,1,512,T
7-M,247,0,1,508,0,509,G
7-M,248,0,0,0,507,507,C
7-M,249,0,0,0,508,508,C
7-M,250,2,0,0,506,508,C
7-M,251,0,510,0,0,510,T
7-M,252,1,1,0,535,537,C
7-M,253,539,0,0,0,539,A
7-M,254,541,0,0,0,541,A
7-M,255,0,543,0,0,543,T
7-M,256,0,0,548,0,548,G
7-M,257,0,0,547,0,547,G
7-M,258,0,0,546,0,546,G
7-M,259,546,0,1,0,547,A
7-M,260,546,0,0,0,546,A
7-M,261,0,535,0,0,535,T
7-M,262,0,0,533,0,533,G
7-M,263,0,0,535,0,535,G
7-M,264,523,0,2,0,525,A
7-M,265,0,0,527,0,527,G
7-M,266,521,0,0,0,521,A
7-M,267,0,1,0,513,514,C
7-M,268,0,0,0,539,539,C
7-M,269,0,0,0,538,538,C
7-M,270,549,0,0,0,549,A
7-M,271,545,0,0,0,545,A
7-M,272,543,0,0,0,543,A
7-M,273,0,547,0,0,547,T
7-M,274,562,0,0,0,562,A
7-M,275,563,0,0,0,563,A
7-M,276,0,2,0,554,556,C
7-M,277,553,0,0,0,553,A
7-M,278,0,550,0,0,550,T
7-M,279,0,0,561,0,561,G
7-M,280,0,0,563,0,563,G
7-M,281,559,0,0,0,559,A
7-M,282,0,0,0,558,558,C
7-M,283,548,0,0,0,548,A
7-M,284,549,0,1,0,550,A
7-M,285,547,0,0,0,547,A
7-M,286,0,0,554,0,554,G
7-M,287,0,0,0,565,565,C
7-M,288,561,0,0,0,561,A
7-M,289,0,0,570,0,570,G
7-M,290,0,565,0,0,565,T
7-M,291,0,565,0,1,566,T
7-M,292,577,0,0,0,577,A
7-M,293,570,0,0,0,570,A
7-M,294,572,0,0,0,572,A
7-M,295,0,0,0,578,578,C
7-M,296,0,563,0,0,563,T
7-M,297,0,2,605,0,607,G
7-M,298,0,604,0,0,604,T
7-M,299,608,0,0,0,608,A
7-M,300,0,606,0,0,606,T
7-M,301,602,0,0,2,604,A
7-M,302,0,0,606,0,606,G
7-M,303,577,0,0,0,577,A
7-M,304,580,0,0,1,581,A
7-M,305,583,0,0,0,583,A
7-M,306,584,0,2,0,586,A
7-M,307,0,0,0,601,601,C
7-M,308,0,599,1,0,600,T
7-M,309,0,600,1,0,601,T
7-M,310,598,0,0,0,598,A
7-M,311,598,0,0,0,598,A
7-M,312,0,0,596,0,596,G
7-M,313,595,0,0,0,595,A
7-M,314,0,1,599,0,600,G
7-M,315,0,0,598,0,598,G
7-M,316,0,0,597,0,597,G
7-M,317,601,0,0,0,601,A
7-M,318,0,1,597,0,598,G
7-M,319,599,0,0,0,599,A
7-M,320,0,600,0,0,600,T
7-M,321,603,0,0,0,603,A
7-M,322,609,0,0,0,609,A
7-M,323,0,0,0,614,614,C
7-M,324,2,0,603,0,605,G
7-M,325,0,610,0,0,610,T
7-M,326,0,605,0,0,605,T
7-M,327,0,0,0,611,611,C
7-M,328,0,0,0,608,608,C
7-M,329,606,0,0,0,606,A
7-M,330,0,607,0,0,607,T
7-M,331,0,1,604,0,605,G
7-M,332,0,0,604,0,604,G
7-M,333,0,0,603,0,603,G
7-M,334,0,0,611,0,611,G
7-M,335,1,0,0,602,603,C
7-M,336,0,0,0,609,609,C
7-M,337,613,0,0,0,613,A
7-M,338,612,0,0,0,612,A
7-M,339,613,0,0,0,613,A
7-M,340,0,1,620,0,621,G
7-M,341,621,0,0,0,621,A
7-M,342,617,0,0,0,617,A
7-M,343,613,0,0,0,613,A
7-M,344,0,614,0,0,614,T
7-M,345,613,0,0,0,613,A
7-M,346,0,0,621,0,621,G
7-M,347,0,1,0,619,620,C
7-M,348,2,612,0,0,614,T
7-M,349,0,0,0,625,625,C
7-M,350,0,621,0,0,621,T
7-M,351,0,0,0,644,644,C
7-M,352,642,0,0,0,642,A
7-M,353,0,0,645,0,645,G
7-M,354,0,640,0,0,640,T
7-M,355,0,648,0,0,648,T
7-M,356,653,0,0,0,653,A
7-M,357,0,649,0,0,649,T
7-M,358,0,648,0,0,648,T
7-M,359,1,0,0,652,653,C
7-M,360,0,646,0,0,646,T
7-M,361,1,0,646,0,647,G
7-M,362,0,0,0,647,647,C
7-M,363,0,646,0,0,646,T
7-M,364,1,1,646,0,648,G
7-M,365,0,0,650,0,650,G
7-M,366,0,647,0,1,648,T
7-M,367,0,0,652,0,652,G
7-M,368,0,0,0,648,648,C
7-M,369,636,0,1,0,637,A
7-M,370,0,0,0,642,642,C
7-M,371,0,642,0,0,642,T
7-M,372,0,642,0,0,642,T
7-M,373,0,0,648,0,648,G
7-M,374,0,2,0,637,639,C
7-M,375,0,0,0,648,648,C
7-M,376,646,0,0,0,646,A
7-M,377,0,0,646,0,646,G
7-M,378,0,643,0,9,652,T
7-M,379,0,649,0,0,649,T
7-M,380,1,0,654,0,655,G
7-M,381,0,2,0,644,646,C
7-M,382,648,0,0,0,648,A
7-M,383,0,650,0,1,651,T
7-M,384,0,0,648,0,648,G
7-M,385,0,0,644,0,644,G
7-M,386,1,0,639,0,640,G
7-M,387,1,629,0,1,631,T
7-M,388,1,0,0,684,685,C
7-M,389,0,690,0,1,691,T
7-M,390,1,0,0,702,703,C
7-M,391,712,0,0,0,712,A
7-M,392,0,715,0,0,715,T
7-M,393,731,0,0,0,731,A
7-M,394,0,724,0,0,724,T
7-M,395,703,0,0,0,703,A
7-M,396,0,0,0,741,741,C
7-M,397,709,0,1,0,710,A
7-M,398,715,0,0,0,715,A
7-M,399,0,711,0,1,712,T
7-M,400,691,0,0,0,691,A
7-M,401,0,2,697,0,699,G
7-M,402,1,0,688,0,689,G
7-M,403,680,1,0,0,681,A
7-M,404,0,688,0,0,688,T
7-M,405,0,1,650,0,651,G
7-M,406,0,1,646,0,647,G
7-M,407,0,1,643,0,644,G
7-M,408,0,0,653,0,653,G
7-M,409,0,0,658,0,658,G
7-M,410,0,0,0,658,658,C
7-M,411,0,651,0,2,653,T
7-M,412,0,0,658,0,658,G
7-M,413,0,658,0,0,658,T
7-M,414,657,0,0,0,657,A
7-M,415,653,0,0,0,653,A
7-M,416,0,0,0,653,653,C
7-M,417,1,0,0,649,650,C
7-M,418,640,0,1,0,641,A
7-M,419,0,0,0,649,649,C
7-M,420,0,649,0,0,649,T
7-M,421,0,0,650,0,650,G
7-M,422,639,0,0,0,639,A
7-M,423,637,0,0,0,637,A
7-M,424,0,0,646,0,646,G
7-M,425,0,645,0,0,645,T
7-M,426,0,0,636,0,636,G
7-M,427,0,0,641,0,641,G
7-M,428,0,0,0,648,648,C
7-M,429,651,0,0,0,651,A
7-M,430,1,645,0,0,646,T
7-M,431,0,647,0,0,647,T
7-M,432,0,650,0,0,650,T
7-M,433,0,0,659,0,659,G
7-M,434,0,0,654,0,654,G
7-M,435,0,0,0,660,660,C
7-M,436,1,0,0,661,662,C
7-M,437,0,661,0,1,662,T
7-M,438,0,1,679,0,680,G
7-M,439,0,0,683,1,684,G
7-M,440,0,685,0,1,686,T
7-M,441,690,0,0,1,691,A
7-M,442,0,663,0,1,664,T
7-M,443,1,0,677,0,678,G
7-M,444,0,677,0,0,677,T
7-M,445,0,0,680,0,680,G
7-M,446,0,0,0,680,680,C
7-M,447,664,0,0,0,664,A
7-M,448,657,0,1,0,658,A
7-M,449,0,0,0,668,668,C
7-M,450,668,0,0,0,668,A
7-M,451,0,668,0,0,668,T
7-M,452,0,0,658,0,658,G
7-M,453,0,651,0,0,651,T
7-M,454,1,1,647,0,649,G
7-M,455,648,0,1,0,649,A
7-M,456,0,0,649,0,649,G
7-M,457,0,0,1,649,650,C
7-M,458,637,0,0,0,637,A
7-M,459,0,0,639,0,639,G
7-M,460,639,0,0,0,639,A
7-M,461,1,636,0,0,637,T
7-M,462,0,636,0,0,636,T
7-M,463,0,0,637,0,637,G
7-M,464,0,0,0,641,641,C
7-M,465,0,639,0,0,639,T
7-M,466,1,2,631,0,634,G
7-M,467,634,0,0,0,634,A
7-M,468,0,0,0,666,666,C
7-M,469,0,669,0,0,669,T
7-M,470,1,0,0,678,679,C
7-M,471,0,0,0,674,674,C
7-M,472,2,0,0,675,677,C
7-M,473,681,0,0,0,681,A
7-M,474,0,0,685,0,685,G
7-M,475,0,0,0,681,681,C
7-M,476,683,0,0,0,683,A
7-M,477,0,0,0,676,676,C
7-M,478,634,0,0,0,634,A
7-M,479,0,0,649,0,649,G
7-M,480,0,0,653,0,653,G
7-M,481,0,648,0,0,648,T
7-M,482,2,0,0,669,671,C
7-M,483,0,664,0,1,665,T
7-M,484,0,0,0,670,670,C
7-M,485,672,0,0,0,672,A
7-M,486,0,675,0,0,675,T
7-M,487,676,0,0,0,676,A
7-M,488,0,1,669,0,670,G
7-M,489,0,0,664,0,664,G
7-M,490,0,0,0,663,663,C
7-M,491,645,0,0,0,645,A
7-M,492,0,0,642,0,642,G
7-M,493,642,0,0,0,642,A
7-M,494,0,646,0,0,646,T
7-M,495,1,2,643,0,646,G
7-M,496,1,0,645,0,646,G
7-M,497,0,633,0,2,635,T
7-M,498,1,1,639,0,641,G
7-M,499,1,0,641,0,642,G
7-M,500,0,0,0,646,646,C
7-M,501,646,0,1,0,647,A
7-M,502,639,2,0,0,641,A
7-M,503,0,0,0,649,649,C
7-M,504,647,0,0,0,647,A
7-M,505,647,0,1,0,648,A
7-M,506,0,0,0,643,643,C
7-M,507,0,1,0,637,638,C
7-M,508,639,0,0,0,639,A
7-M,509,633,0,1,0,634,A
7-M,510,0,635,0,0,635,T
7-M,511,0,0,0,638,638,C
7-M,512,1,0,0,634,635,C
7-M,513,635,0,0,0,635,A
7-M,514,0,632,0,0,632,T
7-M,515,0,635,0,0,635,T
7-M,516,639,0,0,0,639,A
7-M,517,639,0,0,0,639,A
7-M,518,0,635,0,0,635,T
7-M,519,635,0,0,0,635,A
7-M,520,634,0,0,0,634,A
7-M,521,627,0,0,0,627,A
7-M,522,632,0,0,0,632,A
7-M,523,0,0,0,640,640,C
7-M,524,637,0,0,0,637,A
7-M,525,0,629,0,0,629,T
7-M,526,0,0,636,0,636,G
7-M,527,630,0,0,0,630,A
7-M,528,0,0,638,0,638,G
7-M,529,639,0,1,0,640,A
7-M,530,637,0,0,0,637,A
7-M,531,0,0,0,636,636,C
7-M,532,629,0,1,0,630,A
7-M,533,0,1,634,0,635,G
7-M,534,626,0,0,0,626,A
7-M,535,630,0,1,0,631,A
7-M,536,0,625,0,0,625,T
7-M,537,0,2,611,0,613,G
7-M,538,0,0,619,0,619,G
7-M,539,1,608,0,0,609,T
7-M,540,0,608,0,0,608,T
7-M,541,0,610,0,0,610,T
7-M,542,0,612,0,0,612,T
7-M,543,0,0,620,0,620,G
7-M,544,0,0,615,0,615,G
7-M,545,1,1,0,610,612,C
7-M,546,1,0,0,614,615,C
7-M,547,611,0,0,0,611,A
7-M,548,0,0,625,0,625,G
7-M,549,0,0,0,623,623,C
7-M,550,630,0,0,0,630,A
7-M,551,0,1,0,636,637,C
7-M,552,0,630,0,0,630,T
7-M,553,631,0,0,0,631,A
7-M,554,0,0,0,644,644,C
7-M,555,646,0,2,0,648,A
7-M,556,1,1,651,0,653,G
7-M,557,0,0,0,633,633,C
7-M,558,0,631,0,0,631,T
7-M,559,636,0,0,0,636,A
7-M,560,627,0,0,0,627,A
7-M,561,1,0,630,0,631,G
7-M,562,0,0,632,0,632,G
7-M,563,0,1,0,632,633,C
7-M,564,0,605,0,2,607,T
7-M,565,605,0,0,0,605,A
7-M,566,0,606,0,0,606,T
7-M,567,0,2,603,0,605,G
7-M,568,0,1,599,0,600,G
7-M,569,592,0,0,0,592,A
7-M,570,0,0,592,0,592,G
7-M,571,0,0,0,580,580,C
7-M,572,585,0,0,0,585,A
7-M,573,580,1,0,0,581,A
7-M,574,582,0,0,0,582,A
7-M,575,0,585,0,0,585,T
7-M,576,0,0,587,0,587,G
7-M,577,0,0,579,0,579,G
7-M,578,0,0,0,573,573,C
7-M,579,0,579,0,0,579,T
7-M,580,0,0,577,0,577,G
7-M,581,0,0,583,0,583,G
7-M,582,581,0,0,0,581,A
7-M,583,0,580,0,0,580,T
7-M,584,1,0,0,569,570,C
7-M,585,571,0,0,0,571,A
7-M,586,576,0,0,0,576,A
7-M,587,0,0,577,1,578,G
7-M,588,0,574,0,0,574,T
7-M,589,0,2,576,0,578,G
7-M,590,566,0,4,0,570,A
7-M,591,0,0,568,0,568,G
7-M,592,0,0,0,568,568,C
7-M,593,562,0,0,0,562,A
7-M,594,0,0,567,0,567,G
7-M,595,0,0,566,0,566,G
7-M,596,0,0,0,563,563,C
7-M,597,560,0,0,0,560,A
7-M,598,0,0,563,0,563,G
7-M,599,0,1,0,564,565,C
7-M,600,0,0,564,0,564,G
7-M,601,0,0,565,0,565,G
7-M,602,562,0,0,0,562,A
7-M,603,0,0,568,0,568,G
7-M,604,0,0,570,0,570,G
7-M,605,0,0,0,570,570,C
7-M,606,1,0,0,572,573,C
7-M,607,571,0,0,0,571,A
7-M,608,0,573,0,0,573,T
7-M,609,0,0,574,0,574,G
7-M,610,0,1,576,0,577,G
7-M,611,576,0,0,0,576,A
7-M,612,0,0,581,0,581,G
7-M,613,553,0,0,0,553,A
7-M,614,0,567,0,0,567,T
7-M,615,0,565,0,4,569,T
7-M,616,0,1,569,0,570,G
7-M,617,0,0,0,568,568,C
7-M,618,0,568,0,0,568,T
7-M,619,576,0,0,0,576,A
7-M,620,7,0,567,0,574,G
7-M,621,0,576,0,0,576,T
7-M,622,0,0,0,573,573,C
7-M,623,557,0,0,0,557,A
7-M,624,0,0,565,0,565,G
7-M,625,0,0,558,0,558,G
7-M,626,0,0,0,562,562,C
7-M,627,0,0,0,565,565,C
7-M,628,559,0,0,0,559,A
7-M,629,0,1,559,0,560,G
7-M,630,0,0,560,0,560,G
7-M,631,0,0,0,561,561,C
7-M,632,564,0,0,0,564,A
7-M,633,0,0,560,0,560,G
7-M,634,554,0,0,0,554,A
7-M,635,0,555,0,0,555,T
7-M,636,0,0,561,0,561,G
7-M,637,1,0,570,0,571,G
7-M,638,0,558,0,0,558,T
7-M,639,0,0,567,0,567,G
7-M,640,0,0,0,561,561,C
7-M,641,561,0,1,0,562,A
7-M,642,0,1,572,0,573,G
7-M,643,0,0,570,0,570,G
7-M,644,0,0,0,573,573,C
7-M,645,566,0,1,0,567,A
7-M,646,552,0,0,0,552,A
7-M,647,0,550,0,0,550,T
7-M,648,0,0,553,0,553,G
7-M,649,551,0,0,0,551,A
7-M,650,0,0,552,0,552,G
7-M,651,533,0,0,0,533,A
7-M,652,0,0,538,0,538,G
7-M,653,0,0,0,532,532,C
7-M,654,0,1,0,542,543,C
7-M,655,542,0,0,0,542,A
7-M,656,0,545,0,0,545,T
7-M,657,0,547,0,0,547,T
7-M,658,0,2,545,0,547,G
7-M,659,0,0,549,0,549,G
7-M,660,0,0,543,0,543,G
7-M,661,538,0,2,0,540,A
7-M,662,0,0,0,533,533,C
7-M,663,0,520,0,2,522,T
7-M,664,0,0,0,523,523,C
7-M,665,528,0,0,0,528,A
7-M,666,0,539,0,0,539,T
7-M,667,0,0,0,540,540,C
7-M,668,0,0,0,540,540,C
7-M,669,0,537,0,0,537,T
7-M,670,535,0,0,0,535,A
7-M,671,0,0,540,0,540,G
7-M,672,0,593,0,0,593,T
7-M,673,0,587,0,1,588,T
7-M,674,0,0,0,585,585,C
7-M,675,0,0,0,576,576,C
7-M,676,572,0,1,0,573,A
7-M,677,0,0,584,0,584,G
7-M,678,0,580,0,0,580,T
7-M,679,581,0,1,0,582,A
7-M,680,0,0,0,579,579,C
7-M,681,0,495,0,0,495,T
7-M,682,0,1,515,0,516,G
7-M,683,0,0,526,0,526,G
7-M,684,0,530,0,0,530,T
7-M,685,1,0,0,529,530,C
7-M,686,0,525,0,1,526,T
7-M,687,527,0,0,0,527,A
7-M,688,526,0,0,0,526,A
7-M,689,0,1,524,0,525,G
7-M,690,519,0,0,0,519,A
7-M,691,0,0,511,0,511,G
7-M,692,477,0,0,0,477,A
7-M,693,0,479,0,0,479,T
7-M,694,0,0,478,0,478,G
7-M,695,483,0,1,0,484,A
7-M,696,0,478,1,0,479,T
7-M,697,0,0,0,485,485,C
7-M,698,0,479,0,0,479,T
7-M,699,0,483,1,0,484,T
7-M,700,0,0,0,485,485,C
7-M,701,0,484,0,0,484,T
7-M,702,0,486,0,0,486,T
7-M,703,0,0,486,0,486,G
7-M,704,481,0,1,0,482,A
7-M,705,480,0,0,0,480,A
7-M,706,485,0,0,0,485,A
7-M,707,484,0,0,0,484,A
7-M,708,0,481,0,1,482,T
7-M,709,0,490,0,0,490,T
7-M,710,0,487,0,0,487,T
7-M,711,0,0,488,0,488,G
7-M,712,0,0,0,488,488,C
7-M,713,488,0,0,0,488,A
7-M,714,0,0,489,0,489,G
7-M,715,483,0,0,0,483,A
7-M,716,0,0,0,494,494,C
7-M,717,1,0,0,485,486,C
7-M,718,0,487,0,2,489,T
7-M,719,493,0,0,0,493,A
7-M,720,0,495,0,0,495,T
7-M,721,0,0,0,499,499,C
7-M,722,497,0,0,0,497,A
7-M,723,0,1,496,0,497,G
7-M,724,491,0,0,0,491,A
7-M,725,481,0,0,0,481,A
7-M,726,481,0,0,0,481,A
7-M,727,0,0,0,474,474,C
7-M,728,0,0,474,0,474,G
7-M,729,467,0,0,0,467,A
7-M,730,472,0,0,0,472,A
7-M,731,0,473,0,0,473,T
7-M,732,0,1,469,0,470,G
7-M,733,4,0,469,0,473,G
7-M,734,0,0,475,0,475,G
7-M,735,0,0,473,0,473,G
7-M,736,0,0,477,0,477,G
7-M,737,0,469,0,0,469,T
7-M,738,0,0,467,0,467,G
7-M,739,0,0,0,469,469,C
7-M,740,468,0,0,0,468,A
7-M,741,1,0,472,0,473,G
7-M,742,465,0,0,0,465,A
7-M,743,0,456,0,0,456,T
7-M,744,0,0,457,0,457,G
7-M,745,0,0,0,448,448,C
7-M,746,453,0,0,0,453,A
7-M,747,450,0,0,0,450,A
7-M,748,0,0,0,458,458,C
7-M,749,0,0,456,0,456,G
7-M,750,454,0,0,0,454,A
7-M,751,0,455,0,1,456,T
7-M,752,0,452,0,0,452,T
7-M,753,3,0,0,453,456,C
7-M,754,452,0,0,0,452,A
7-M,755,452,0,1,0,453,A
7-M,756,0,0,451,0,451,G
7-M,757,0,445,0,0,445,T
7-M,758,0,1,442,0,443,G
7-M,759,439,0,0,0,439,A
7-M,760,0,0,0,441,441,C
7-M,761,0,0,0,438,438,C
7-M,762,1,0,0,440,441,C
7-M,763,0,1,434,0,435,G
7-M,764,0,0,0,437,437,C
7-M,765,0,444,0,0,444,T
7-M,766,0,442,0,1,443,T
7-M,767,0,0,443,0,443,G
7-M,768,0,442,0,0,442,T
7-M,769,0,444,0,0,444,T
7-M,770,0,0,445,0,445,G
7-M,771,0,434,0,0,434,T
7-M,772,0,430,0,0,430,T
7-M,773,0,0,427,0,427,G
7-M,774,0,0,0,425,425,C
7-M,775,0,0,0,426,426,C
7-M,776,2,0,427,0,429,G
7-M,777,0,1,0,425,426,C
7-M,778,0,1,430,0,431,G
7-M,779,433,0,0,0,433,A
7-M,780,437,0,0,0,437,A
7-M,781,0,437,0,0,437,T
7-M,782,436,0,0,0,436,A
7-M,783,0,437,0,0,437,T
7-M,784,0,0,0,439,439,C
7-M,785,439,1,0,0,440,A
7-M,786,0,438,0,0,438,T
7-M,787,0,432,0,0,432,T
7-M,788,0,0,433,0,433,G
7-M,789,0,0,427,0,427,G
7-M,790,0,0,429,0,429,G
7-M,791,426,0,0,0,426,A
7-M,792,0,422,0,1,423,T
7-M,793,0,0,0,412,412,C
7-M,794,0,410,0,0,410,T
7-M,795,0,411,0,0,411,T
7-M,796,0,0,414,0,414,G
7-M,797,0,0,0,412,412,C
7-M,798,409,0,0,0,409,A
7-M,799,0,0,0,409,409,C
7-M,800,0,404,0,0,404,T
7-M,801,1,402,0,0,403,T
7-M,802,0,0,403,1,404,G
7-M,803,402,0,0,0,402,A
7-M,804,0,406,0,0,406,T
7-M,805,395,0,0,0,395,A
7-M,806,3,393,0,0,396,T
7-M,807,0,386,0,0,386,T
7-M,808,0,0,388,0,388,G
7-M,809,0,387,0,0,387,T
7-M,810,0,0,386,0,386,G
7-M,811,0,0,386,0,386,G
7-M,812,378,1,0,0,379,A
7-M,813,0,380,0,0,380,T
7-M,814,0,379,0,0,379,T
7-M,815,0,0,0,377,377,C
7-M,816,0,377,0,1,378,T
7-M,817,0,377,0,0,377,T
7-M,818,0,0,378,0,378,G
7-M,819,375,0,1,0,376,A
7-M,820,0,372,0,0,372,T
7-M,821,0,0,0,376,376,C
7-M,822,0,0,373,0,373,G
7-M,823,0,371,0,0,371,T
7-M,824,0,0,0,370,370,C
7-M,825,0,370,0,1,371,T
7-M,826,0,372,0,0,372,T
7-M,827,0,370,0,0,370,T
7-M,828,0,371,0,0,371,T
7-M,829,0,372,0,0,372,T
7-M,830,0,371,0,2,373,T
7-M,831,0,371,0,0,371,T
7-M,832,1,0,0,371,372,C
7-M,833,369,0,0,0,369,A
7-M,834,371,0,0,0,371,A
7-M,835,371,0,0,0,371,A
7-M,836,0,367,0,0,367,T
7-M,837,0,0,374,0,374,G
7-M,838,0,0,0,371,371,C
7-M,839,0,0,372,0,372,G
7-M,840,0,372,0,3,375,T
7-M,841,1,0,0,373,374,C
7-M,842,0,376,0,0,376,T
7-M,843,376,0,0,0,376,A
7-M,844,0,375,0,0,375,T
7-M,845,1,0,0,373,374,C
7-M,846,0,0,376,0,376,G
7-M,847,367,0,0,0,367,A
7-M,848,0,0,0,368,368,C
7-M,849,0,351,0,0,351,T
7-M,850,0,0,0,360,360,C
7-M,851,0,357,0,0,357,T
7-M,852,0,358,0,0,358,T
7-M,853,0,0,0,359,359,C
7-M,854,357,0,1,0,358,A
7-M,855,359,0,0,0,359,A
7-M,856,356,0,0,0,356,A
7-M,857,0,0,0,358,358,C
7-M,858,355,0,0,0,355,A
7-M,859,0,6,0,335,341,C
7-M,860,0,0,335,0,335,G
7-M,861,0,0,339,0,339,G
7-M,862,0,0,0,337,337,C
7-M,863,0,0,0,340,340,C
7-M,864,0,337,0,0,337,T
7-M,865,0,340,0,0,340,T
7-M,866,339,0,0,0,339,A
7-M,867,341,0,0,0,341,A
7-M,868,341,0,0,0,341,A
7-M,869,341,0,0,0,341,A
7-M,870,0,0,333,0,333,G
7-M,871,285,0,1,0,286,A
7-M,872,0,0,286,0,286,G
7-M,873,0,0,284,0,284,G
7-M,874,0,0,0,281,281,C
7-M,875,0,0,0,279,279,C
7-M,876,1,0,0,282,283,C
7-M,877,0,284,0,0,284,T
7-M,878,0,288,0,0,288,T
7-M,879,0,0,0,290,290,C
7-M,880,0,290,0,0,290,T
7-M,881,288,0,0,0,288,A
7-M,882,0,0,0,289,289,C
7-M,883,0,0,286,0,286,G
7-M,884,0,0,287,0,287,G
7-M,885,278,0,1,0,279,A
7-M,886,280,0,0,0,280,A
7-M,887,0,0,276,0,276,G
7-M,888,0,0,272,0,272,G
7-M,889,268,0,0,0,268,A
7-M,890,0,0,269,0,269,G
7-M,891,0,268,0,0,268,T
7-M,892,267,0,0,0,267,A
7-M,893,0,0,0,267,267,C
7-M,894,0,0,0,265,265,C
7-M,895,0,266,0,0,266,T
7-M,896,0,0,263,0,263,G
7-M,897,253,0,0,0,253,A
7-M,898,0,0,255,0,255,G
7-M,899,0,240,0,0,240,T
7-M,900,0,0,0,241,241,C
7-M,901,0,239,0,0,239,T
7-M,902,238,0,0,0,238,A
7-M,903,0,238,0,0,238,T
7-M,904,0,0,238,0,238,G
7-M,905,235,0,1,0,236,A
7-M,906,0,0,232,0,232,G
7-M,907,0,0,215,0,215,G
7-M,908,0,0,215,0,215,G
7-M,909,212,0,0,0,212,A
7-M,910,207,0,0,0,207,A
7-M,911,0,0,206,0,206,G
7-M,912,203,0,0,0,203,A
7-M,913,205,0,0,0,205,A
7-M,914,0,200,0,0,200,T
7-M,915,195,0,0,0,195,A
7-M,916,0,194,0,0,194,T
7-M,917,0,1,0,190,191,C
7-M,918,0,0,192,0,192,G
7-M,919,191,0,2,0,193,A
7-M,920,192,0,0,0,192,A
7-M,921,192,0,0,0,192,A
7-M,922,0,0,192,0,192,G
7-M,923,0,0,192,0,192,G
7-M,924,191,0,0,0,191,A
7-M,925,191,0,0,0,191,A
7-M,926,1,0,0,190,191,C
7-M,927,184,0,0,0,184,A
7-M,928,0,0,185,0,185,G
7-M,929,0,0,0,184,184,C
7-M,930,185,0,1,0,186,A
7-M,931,0,0,186,0,186,G
7-M,932,170,0,0,0,170,A
7-M,933,169,0,0,0,169,A
7-M,934,0,169,0,0,169,T
7-M,935,0,0,166,0,166,G
7-M,936,0,0,0,164,164,C
7-M,937,0,151,0,0,151,T
7-M,938,0,0,151,0,151,G
7-M,939,0,152,0,0,152,T
7-M,940,0,0,149,0,149,G
7-M,941,0,0,151,0,151,G
7-M,942,143,0,0,0,143,A
7-M,943,0,144,0,0,144,T
7-M,944,0,0,136,0,136,G
7-M,945,0,0,0,131,131,C
7-M,946,0,110,0,0,110,T
7-M,947,0,0,110,0,110,G
7-M,948,109,0,0,0,109,A
7-M,949,0,0,0,106,106,C
7-M,950,0,0,107,0,107,G
7-M,951,107,0,0,0,107,A
7-M,952,0,0,0,107,107,C
7-M,953,102,0,0,0,102,A
7-M,954,0,0,102,0,102,G
7-M,955,0,100,0,2,102,T
7-M,956,1,0,0,101,102,C
7-M,957,102,0,0,0,102,A
7-M,958,0,100,0,0,100,T
7-M,959,0,101,0,0,101,T
7-M,960,0,100,0,0,100,T
7-M,961,0,98,0,0,98,T
7-M,962,0,0,97,0,97,G
7-M,963,0,94,0,0,94,T
7-M,964,0,0,0,94,94,C
7-M,965,86,0,0,0,86,A
7-M,966,0,0,86,0,86,G
7-M,967,0,0,0,85,85,C
7-M,968,85,0,0,0,85,A
7-M,969,0,85,0,0,85,T
7-M,970,85,0,0,0,85,A
7-M,971,0,0,85,0,85,G
7-M,972,82,0,0,0,82,A
7-M,973,0,0,82,0,82,G
7-M,974,0,81,0,0,81,T
7-M,975,0,57,0,0,57,T
7-M,976,0,0,57,0,57,G
7-M,977,0,0,58,0,58,G
7-M,978,58,0,0,0,58,A
7-M,979,0,0,58,0,58,G
7-M,980,0,43,0,0,43,T
7-M,981,43,0,0,0,43,A
7-M,982,43,0,0,0,43,A
8-NS,1,766,0,0,0,766,A
8-NS,2,0,772,0,0,772,T
8-NS,3,0,0,843,0,843,G
8-NS,4,0,1,1000,0,1001,G
8-NS,5,1806,0,0,0,1806,A
8-NS,6,0,2436,0,0,2436,T
8-NS,7,0,2432,0,1,2433,T
8-NS,8,0,0,0,2436,2436,C
8-NS,9,1558,1,2,885,2446,A
8-NS,10,2486,0,3,7,2496,A
8-NS,11,2509,0,2,0,2511,A
8-NS,12,0,0,0,2515,2515,C
8-NS,13,2523,0,1,0,2524,A
8-NS,14,0,0,0,2564,2564,C
8-NS,15,1,2568,0,0,2569,T
8-NS,16,0,1,2782,0,2783,G
8-NS,17,1,2794,0,2,2797,T
8-NS,18,1,0,2818,0,2819,G
8-NS,19,0,2824,0,7,2831,T
8-NS,20,2,0,0,2829,2831,C
8-NS,21,2833,0,3,0,2836,A
8-NS,22,2830,0,2,0,2832,A
8-NS,23,0,0,2859,0,2859,G
8-NS,24,0,2922,0,10,2932,T
8-NS,25,0,2942,0,1,2943,T
8-NS,26,0,2945,0,4,2949,T
8-NS,27,1,10,0,2932,2943,C
8-NS,28,3,1,0,2964,2968,C
8-NS,29,2944,1,5,0,2950,A
8-NS,30,0,3,2992,0,2995,G
8-NS,31,0,0,2992,0,2992,G
8-NS,32,0,2960,0,1,2961,T
8-NS,33,3019,0,0,0,3019,A
8-NS,34,0,1,3043,0,3044,G
8-NS,35,3037,0,2,0,3039,A
8-NS,36,0,3056,0,1,3057,T
8-NS,37,0,3051,1,1,3053,T
8-NS,38,0,0,3081,0,3081,G
8-NS,39,0,0,0,3077,3077,C
8-NS,40,0,3091,0,7,3098,T
8-NS,41,0,3126,0,2,3128,T
8-NS,42,0,3137,1,12,3150,T
8-NS,43,1,1,0,3184,3186,C
8-NS,44,0,3186,0,5,3191,T
8-NS,45,0,3193,0,0,3193,T
8-NS,46,0,3194,0,0,3194,T
8-NS,47,0,2,3219,0,3221,G
8-NS,48,1,1,3194,0,3196,G
8-NS,49,2,0,0,3222,3224,C
8-NS,50,3221,1,0,0,3222,A
8-NS,51,0,3237,1,1,3239,T
8-NS,52,3264,0,10,0,3274,A
8-NS,53,1,3347,0,0,3348,T
8-NS,54,1,2,0,3355,3358,C
8-NS,55,2,1,0,3351,3354,C
8-NS,56,0,0,3350,0,3350,G
8-NS,57,0,0,3350,10,3360,G
8-NS,58,3363,0,0,0,3363,A
8-NS,59,3382,0,1,0,3383,A
8-NS,60,3385,0,3,0,3388,A
8-NS,61,0,0,0,3434,3434,C
8-NS,62,3437,0,1,0,3438,A
8-NS,63,3438,0,1,4,3443,A
8-NS,64,0,0,3568,0,3568,G
8-NS,65,0,3584,0,1,3585,T
8-NS,66,0,3591,0,1,3592,T
8-NS,67,1,2,3595,0,3598,G
8-NS,68,0,3580,0,11,3591,T
8-NS,69,3593,0,4,0,3597,A
8-NS,70,2,8,3605,1,3616,G
8-NS,71,3806,1,3,0,3810,A
8-NS,72,1,0,0,3848,3849,C
8-NS,73,3,0,0,3816,3819,C
8-NS,74,3826,0,0,0,3826,A
8-NS,75,3852,0,1,0,3853,A
8-NS,76,0,4,4024,0,4028,G
8-NS,77,4020,0,6,0,4026,A
8-NS,78,4057,10,3,0,4070,A
8-NS,79,0,2,0,4083,4085,C
8-NS,80,0,4037,0,1,4038,T
8-NS,81,11,5,4079,0,4095,G
8-NS,82,4018,1,13,0,4032,A
8-NS,83,1,0,4172,0,4173,G
8-NS,84,0,4153,0,11,4164,T
8-NS,85,1,2,4130,0,4133,G
8-NS,86,4161,1,4,0,4166,A
8-NS,87,1,4167,1,2,4171,T
8-NS,88,0,2,4220,0,4222,G
8-NS,89,0,0,0,4292,4292,C
8-NS,90,0,0,0,4293,4293,C
8-NS,91,2,1,0,4324,4327,C
8-NS,92,6,0,1,4307,4314,C
8-NS,93,4319,0,1,12,4332,A
8-NS,94,0,4402,0,4,4406,T
8-NS,95,0,4475,0,2,4477,T
8-NS,96,3,1,0,4492,4496,C
8-NS,97,3,1,0,4487,4491,C
8-NS,98,0,4472,0,12,4484,T
8-NS,99,0,4486,0,2,4488,T
8-NS,100,2,5,4481,0,4488,G
8-NS,101,4460,0,2,0,4462,A
8-NS,102,0,4480,1,4,4485,T
8-NS,103,2,4,0,4467,4473,C
8-NS,104,4,1,4419,0,4424,G
8-NS,105,2,1,4434,0,4437,G
8-NS,106,1,0,0,4469,4470,C
8-NS,107,0,4461,0,5,4466,T
8-NS,108,0,4485,0,2,4487,T
8-NS,109,0,0,0,4495,4495,C
8-NS,110,4,0,4497,1,4502,G
8-NS,111,0,0,0,4494,4494,C
8-NS,112,4,2,0,4509,4515,C
8-NS,113,1,3,4523,0,4527,G
8-NS,114,4464,0,0,0,4464,A
8-NS,115,0,2,4677,0,4679,G
8-NS,116,4654,0,2,1,4657,A
8-NS,117,0,4687,0,1,4688,T
8-NS,118,2,3,0,4697,4702,C
8-NS,119,4681,0,1,2,4684,A
8-NS,120,0,3,4694,0,4697,G
8-NS,121,4670,0,3,0,4673,A
8-NS,122,11,5,4704,0,4720,G
8-NS,123,1,0,4759,0,4760,G
8-NS,124,1,4826,0,1,4828,T
8-NS,125,5,2,0,5104,5111,C
8-NS,126,4,10,1,5114,5129,C
8-NS,127,6,0,0,5173,5179,C
8-NS,128,0,5196,1,1,5198,T
8-NS,129,5178,0,0,0,5178,A
8-NS,130,5162,1,6,0,5169,A
8-NS,131,12,9,5216,0,5237,G
8-NS,132,1,12,5215,0,5228,G
8-NS,133,0,1,5183,0,5184,G
8-NS,134,0,2,5145,0,5147,G
8-NS,135,5087,0,2,0,5089,A
8-NS,136,5131,0,14,0,5145,A
8-NS,137,2,2,5158,0,5162,G
8-NS,138,5243,0,4,0,5247,A
8-NS,139,1,3,5276,0,5280,G
8-NS,140,1,0,5254,0,5255,G
8-NS,141,2,0,0,5295,5297,C
8-NS,142,5308,0,8,1,5317,A
8-NS,143,5298,0,15,0,5313,A
8-NS,144,2,5326,2,11,5341,T
8-NS,145,5361,0,3,0,5364,A
8-NS,146,1,4,0,5418,5423,C
8-NS,147,0,5364,0,8,5372,T
8-NS,148,1,0,0,5377,5378,C
8-NS,149,0,5334,0,4,5338,T
8-NS,150,2,2,0,5374,5378,C
8-NS,151,1,2,5424,0,5427,G
8-NS,152,0,0,5736,0,5736,G
8-NS,153,0,5706,0,4,5710,T
8-NS,154,8,0,0,5772,5780,C
8-NS,155,0,5740,0,5,5745,T
8-NS,156,5801,1,13,1,5816,A
8-NS,157,10,4,5803,0,5817,G
8-NS,158,5802,0,9,0,5811,A
8-NS,159,2,2,0,5913,5917,C
8-NS,160,5841,0,5,1,5847,A
8-NS,161,0,5763,0,6,5769,T
8-NS,162,4,0,0,5766,5770,C
8-NS,163,5740,0,12,0,5752,A
8-NS,164,5756,0,3,0,5759,A
8-NS,165,5701,1,6,0,5708,A
8-NS,166,12,0,5689,0,5701,G
8-NS,167,0,0,0,5746,5746,C
8-NS,168,5703,1,5,0,5709,A
8-NS,169,0,0,5736,0,5736,G
8-NS,170,0,0,0,5751,5751,C
8-NS,171,7,12,0,5750,5769,C
8-NS,172,5754,0,4,48,5806,A
8-NS,173,2,51,0,5852,5905,C
8-NS,174,3,9,0,5899,5911,C
8-NS,175,12,11,0,5906,5929,C
8-NS,176,5952,5,12,0,5969,A
8-NS,177,0,5987,0,3,5990,T
8-NS,178,0,1,6005,0,6006,G
8-NS,179,1,5965,0,6,5972,T
8-NS,180,1,5963,0,6,5970,T
8-NS,181,2,3,5975,0,5980,G
8-NS,182,1,7,5921,0,5929,G
8-NS,183,5875,0,2,0,5877,A
8-NS,184,5904,0,2,0,5906,A
8-NS,185,5817,0,8,1,5826,A
8-NS,186,2,0,5855,0,5857,G
8-NS,187,1,1,0,5861,5863,C
8-NS,188,5855,0,0,0,5855,A
8-NS,189,5862,0,1,0,5863,A
8-NS,190,5848,0,1,0,5849,A
8-NS,191,0,5914,1,3,5918,T
8-NS,192,11,5921,0,1,5933,T
8-NS,193,2,0,6014,0,6016,G
8-NS,194,1,5993,0,2,5996,T
8-NS,195,6000,0,4,0,6004,A
8-NS,196,0,3,5992,0,5995,G
8-NS,197,5987,0,2,0,5989,A
8-NS,198,5986,1,16,0,6003,A
8-NS,199,6004,2,0,0,6006,A
8-NS,200,5960,0,26,0,5986,A
8-NS,201,0,4,5990,0,5994,G
8-NS,202,5949,0,3,0,5952,A
8-NS,203,0,5965,0,0,5965,T
8-NS,204,0,5968,1,2,5971,T
8-NS,205,2,0,0,5971,5973,C
8-NS,206,0,5957,3,23,5983,T
8-NS,207,0,1,5984,1,5986,G
8-NS,208,5971,0,1,0,5972,A
8-NS,209,5976,0,1,0,5977,A
8-NS,210,5954,0,8,0,5962,A
8-NS,211,1,2,5996,0,5999,G
8-NS,212,5969,0,2,0,5971,A
8-NS,213,5977,1,4,0,5982,A
8-NS,214,0,3,6025,0,6028,G
8-NS,215,6047,1,8,0,6056,A
8-NS,216,6077,0,2,0,6079,A
8-NS,217,0,6096,0,2,6098,T
8-NS,218,3,0,0,6156,6159,C
8-NS,219,0,6132,0,20,6152,T
8-NS,220,1,2,6152,0,6155,G
8-NS,221,6154,0,7,0,6161,A
8-NS,222,0,6162,0,3,6165,T
8-NS,223,1,1,6141,0,6143,G
8-NS,224,6107,0,4,0,6111,A
8-NS,225,0,3,6082,0,6085,G
8-NS,226,2,0,6081,0,6083,G
8-NS,227,1,2,0,6082,6085,C
8-NS,228,6099,0,3,0,6102,A
8-NS,229,0,1,0,6228,6229,C
8-NS,230,1,6217,0,2,6220,T
8-NS,231,0,6260,0,0,6260,T
8-NS,232,6294,0,0,1,6295,A
8-NS,233,6305,0,1,0,6306,A
8-NS,234,6298,0,1,0,6299,A
8-NS,235,6229,0,50,3,6282,A
8-NS,236,0,6274,0,1,6275,T
8-NS,237,2,8,6274,0,6284,G
8-NS,238,6275,1,3,0,6279,A
8-NS,239,1,0,0,6284,6285,C
8-NS,240,6,2,1,6244,6253,C
8-NS,241,6268,0,2,0,6270,A
8-NS,242,1,6246,0,3,6250,T
8-NS,243,1,6,6393,0,6400,G
8-NS,244,0,0,6471,0,6471,G
8-NS,245,0,6466,1,26,6493,T
8-NS,246,4,0,0,6814,6818,C
8-NS,247,0,6754,0,7,6761,T
8-NS,248,4,2,1,6864,6871,C
8-NS,249,3,1,0,6888,6892,C
8-NS,250,6890,0,22,0,6912,A
8-NS,251,0,1,0,6963,6964,C
8-NS,252,6828,0,2,0,6830,A
8-NS,253,0,1,1,6848,6850,C
8-NS,254,4,16,0,6786,6806,C
8-NS,255,1,6556,0,10,6567,T
8-NS,256,1,1,6615,1,6618,G
8-NS,257,0,0,0,6582,6582,C
8-NS,258,0,6539,0,7,6546,T
8-NS,259,1,6584,1,7,6593,T
8-NS,260,3,0,0,6595,6598,C
8-NS,261,2,1,6592,1,6596,G
8-NS,262,1,2,0,6603,6606,C
8-NS,263,2,7,6599,0,6608,G
8-NS,264,6859,0,23,0,6882,A
8-NS,265,1,6901,0,0,6902,T
8-NS,266,7055,1,5,0,7061,A
8-NS,267,0,2,0,7082,7084,C
8-NS,268,7036,2,6,16,7060,A
8-NS,269,1,7234,0,6,7241,T
8-NS,270,7193,1,1,0,7195,A
8-NS,271,7216,0,4,1,7221,A
8-NS,272,0,2,0,7221,7223,C
8-NS,273,0,7049,0,1,7050,T
8-NS,274,1,3,7136,1,7141,G
8-NS,275,7023,0,13,0,7036,A
8-NS,276,1,2,0,7059,7062,C
8-NS,277,7044,1,8,1,7054,A
8-NS,278,1,6981,0,2,6984,T
8-NS,279,1,11,6978,0,6990,G
8-NS,280,6967,1,6,0,6974,A
8-NS,281,0,2,0,7162,7164,C
8-NS,282,0,7091,0,57,7148,T
8-NS,283,7243,0,17,0,7260,A
8-NS,284,1,7227,0,3,7231,T
8-NS,285,0,7207,0,1,7208,T
8-NS,286,1,5,7226,0,7232,G
8-NS,287,7170,0,11,0,7181,A
8-NS,288,18,6,7132,0,7156,G
8-NS,289,1,3,7156,0,7160,G
8-NS,290,7029,0,2,0,7031,A
8-NS,291,7037,0,2,0,7039,A
8-NS,292,17,6917,0,0,6934,T
8-NS,293,0,6959,0,2,6961,T
8-NS,294,1,0,7050,0,7051,G
8-NS,295,0,7033,0,2,7035,T
8-NS,296,4,4,0,7059,7067,C
8-NS,297,7051,0,5,0,7056,A
8-NS,298,7054,0,4,0,7058,A
8-NS,299,3,2,7058,1,7064,G
8-NS,300,7059,1,13,0,7073,A
8-NS,301,7065,0,14,0,7079,A
8-NS,302,7062,0,2,1,7065,A
8-NS,303,0,0,0,7078,7078,C
8-NS,304,1,7018,0,0,7019,T
8-NS,305,3,5,7095,0,7103,G
8-NS,306,3,0,7150,0,7153,G
8-NS,307,1,7136,1,8,7146,T
8-NS,308,0,7127,0,12,7139,T
8-NS,309,5,0,0,7136,7141,C
8-NS,310,7114,0,17,0,7131,A
8-NS,311,0,7211,1,8,7220,T
8-NS,312,7,2,7252,0,7261,G
8-NS,313,1,2,0,7286,7289,C
8-NS,314,0,7252,1,5,7258,T
8-NS,315,7166,0,3,10,7179,A
8-NS,316,7282,0,0,0,7282,A
8-NS,317,0,7332,1,3,7336,T
8-NS,318,4,1,7326,0,7331,G
8-NS,319,1,1,1,7308,7311,C
8-NS,320,5,3,0,7215,7223,C
8-NS,321,12,2,0,7201,7215,C
8-NS,322,7241,0,1,0,7242,A
8-NS,323,7278,0,4,0,7282,A
8-NS,324,2,1,7303,0,7306,G
8-NS,325,0,0,0,7309,7309,C
8-NS,326,7282,0,9,1,7292,A
8-NS,327,12,5,7320,0,7337,G
8-NS,328,7303,0,3,0,7306,A
8-NS,329,7329,0,3,0,7332,A
8-NS,330,7325,0,7,0,7332,A
8-NS,331,2,2,7432,1,7437,G
8-NS,332,0,7358,0,3,7361,T
8-NS,333,0,10,7374,0,7384,G
8-NS,334,0,2,7381,0,7383,G
8-NS,335,7376,0,4,12,7392,A
8-NS,336,7314,12,20,0,7346,A
8-NS,337,2,5,7340,1,7348,G
8-NS,338,1,5,7349,0,7355,G
8-NS,339,7316,0,22,9,7347,A
8-NS,340,1,0,0,7325,7326,C
8-NS,341,7,2,0,7323,7332,C
8-NS,342,1,7342,0,6,7349,T
8-NS,343,4,2,0,7422,7428,C
8-NS,344,1,7431,0,11,7443,T
8-NS,345,0,7464,1,0,7465,T
8-NS,346,0,7461,0,3,7464,T
8-NS,347,1,1,7448,1,7451,G
8-NS,348,1,13,0,7491,7505,C
8-NS,349,7471,0,19,0,7490,A
8-NS,350,1,7466,0,2,7469,T
8-NS,351,1,4,0,7497,7502,C
8-NS,352,7540,0,1,1,7542,A
8-NS,353,0,2,7744,0,7746,G
8-NS,354,7717,2,5,3,7727,A
8-NS,355,7745,1,3,2,7751,A
8-NS,356,0,7713,0,2,7715,T
8-NS,357,2,8,7638,2,7650,G
8-NS,358,11,9,7686,0,7706,G
8-NS,359,7687,2,4,0,7693,A
8-NS,360,2,0,0,7663,7665,C
8-NS,361,3,15,0,7532,7550,C
8-NS,362,7461,3,13,0,7477,A
8-NS,363,2,2,7538,0,7542,G
8-NS,364,1,0,7493,0,7494,G
8-NS,365,2,2,0,7517,7521,C
8-NS,366,7493,1,0,0,7494,A
8-NS,367,7520,1,4,0,7525,A
8-NS,368,0,7507,0,3,7510,T
8-NS,369,12,2,0,7518,7532,C
8-NS,370,7532,0,0,0,7532,A
8-NS,371,0,7490,1,3,7494,T
8-NS,372,0,5,7450,0,7455,G
8-NS,373,0,6,7466,0,7472,G
8-NS,374,7431,0,8,0,7439,A
8-NS,375,1,11,7477,0,7489,G
8-NS,376,7394,0,2,0,7396,A
8-NS,377,7386,1,3,0,7390,A
8-NS,378,7402,1,11,0,7414,A
8-NS,379,7385,0,5,1,7391,A
8-NS,380,7416,0,10,2,7428,A
8-NS,381,0,0,0,7464,7464,C
8-NS,382,7430,1,4,0,7435,A
8-NS,383,2,7351,0,5,7358,T
8-NS,384,5,1,0,7387,7393,C
8-NS,385,7392,0,3,1,7396,A
8-NS,386,1,7392,0,6,7399,T
8-NS,387,7,1,7406,0,7414,G
8-NS,388,1,7389,0,12,7402,T
8-NS,389,0,7354,0,4,7358,T
8-NS,390,0,3,7368,0,7371,G
8-NS,391,7333,0,1,0,7334,A
8-NS,392,7314,1,19,1,7335,A
8-NS,393,7317,0,11,1,7329,A
8-NS,394,0,1,7327,0,7328,G
8-NS,395,0,1,0,7299,7300,C
8-NS,396,2,9,7316,1,7328,G
8-NS,397,7317,0,5,0,7322,A
8-NS,398,7315,0,5,0,7320,A
8-NS,399,1,7291,2,1,7295,T
8-NS,400,0,7319,0,4,7323,T
8-NS,401,1,7304,0,2,7307,T
8-NS,402,1,0,0,7338,7339,C
8-NS,403,7287,0,1,0,7288,A
8-NS,404,0,1,7325,0,7326,G
8-NS,405,0,7288,1,5,7294,T
8-NS,406,1,1,7288,0,7290,G
8-NS,407,0,7260,1,11,7272,T
8-NS,408,0,5,7306,0,7311,G
8-NS,409,7331,0,1,0,7332,A
8-NS,410,0,7307,0,0,7307,T
8-NS,411,0,7316,0,22,7338,T
8-NS,412,1,7316,0,2,7319,T
8-NS,413,0,7286,0,7,7293,T
8-NS,414,0,7295,0,3,7298,T
8-NS,415,0,8,7291,0,7299,G
8-NS,416,7267,1,11,0,7279,A
8-NS,417,1,1,0,7277,7279,C
8-NS,418,7,2,0,7198,7207,C
8-NS,419,1,8,7271,0,7280,G
8-NS,420,7647,1,8,0,7656,A
8-NS,421,0,8,0,7750,7758,C
8-NS,422,0,7778,0,4,7782,T
8-NS,423,7788,0,16,1,7805,A
8-NS,424,0,1,7777,0,7778,G
8-NS,425,7770,0,12,0,7782,A
8-NS,426,1,7,7815,0,7823,G
8-NS,427,7759,0,10,0,7769,A
8-NS,428,6,0,0,7950,7956,C
8-NS,429,5,10,0,7617,7632,C
8-NS,430,7433,0,3,7,7443,A
8-NS,431,0,7799,1,4,7804,T
8-NS,432,7730,0,6,0,7736,A
8-NS,433,6,1,8211,0,8218,G
8-NS,434,2,8129,1,7,8139,T
8-NS,435,8095,0,0,0,8095,A
8-NS,436,0,8075,0,2,8077,T
8-NS,437,0,7883,0,4,7887,T
8-NS,438,8065,1,0,0,8066,A
8-NS,439,2,9,0,8074,8085,C
8-NS,440,0,7757,0,3,7760,T
8-NS,441,7758,0,2,0,7760,A
8-NS,442,7081,0,4,0,7085,A
8-NS,443,1,17,7088,0,7106,G
8-NS,444,1,3,7064,0,7068,G
8-NS,445,2,1,7052,0,7055,G
8-NS,446,1,4,0,6980,6985,C
8-NS,447,2,6837,0,14,6853,T
8-NS,448,0,6828,0,4,6832,T
8-NS,449,0,6910,0,7,6917,T
8-NS,450,3,1,0,6930,6934,C
8-NS,451,6994,0,9,0,7003,A
8-NS,452,1,4,0,7024,7029,C
8-NS,453,8,0,0,6947,6955,C
8-NS,454,3,4,6973,0,6980,G
8-NS,455,6921,0,0,1,6922,A
8-NS,456,6940,2,4,0,6946,A
8-NS,457,1,3,6979,0,6983,G
8-NS,458,6903,0,5,0,6908,A
8-NS,459,2,13,6907,0,6922,G
8-NS,460,0,6,6811,0,6817,G
8-NS,461,2,4,6832,0,6838,G
8-NS,462,6827,0,15,0,6842,A
8-NS,463,2,1,6831,0,6834,G
8-NS,464,1,2,0,6804,6807,C
8-NS,465,6809,0,4,1,6814,A
8-NS,466,6811,0,2,0,6813,A
8-NS,467,1,6824,0,1,6826,T
8-NS,468,1,6815,0,0,6816,T
8-NS,469,1,0,6813,0,6814,G
8-NS,470,1,6737,1,0,6739,T
8-NS,471,1,6739,0,2,6742,T
8-NS,472,4,2,6744,0,6750,G
8-NS,473,2,0,6706,0,6708,G
8-NS,474,4,1,0,6733,6738,C
8-NS,475,0,4,6749,1,6754,G
8-NS,476,6745,3,0,1,6749,A
8-NS,477,6769,0,3,0,6772,A
8-NS,478,6782,1,0,0,6783,A
8-NS,479,0,6777,1,8,6786,T
8-NS,480,2,9,0,6800,6811,C
8-NS,481,0,6763,1,6,6770,T
8-NS,482,5,2,0,6793,6800,C
8-NS,483,6793,1,5,1,6800,A
8-NS,484,0,1,0,6806,6807,C
8-NS,485,4,3,0,6799,6806,C
8-NS,486,6761,0,0,0,6761,A
8-NS,487,0,6722,0,9,6731,T
8-NS,488,0,6702,0,3,6705,T
8-NS,489,2,1,6711,0,6714,G
8-NS,490,1,0,0,6678,6679,C
8-NS,491,6,0,0,6684,6690,C
8-NS,492,0,6704,1,8,6713,T
8-NS,493,0,6697,0,8,6705,T
8-NS,494,0,2,0,6724,6726,C
8-NS,495,0,6717,0,15,6732,T
8-NS,496,1,6737,0,1,6739,T
8-NS,497,0,6844,0,1,6845,T
8-NS,498,0,6816,0,4,6820,T
8-NS,499,0,1,0,6819,6820,C
8-NS,500,1,1,0,6834,6836,C
8-NS,501,6818,3,6,1,6828,A
8-NS,502,0,7,6880,0,6887,G
8-NS,503,1,3,6864,0,6868,G
8-NS,504,6986,0,7,0,6993,A
8-NS,505,1,1,0,6991,6993,C
8-NS,506,7031,1,3,0,7035,A
8-NS,507,0,7049,0,5,7054,T
8-NS,508,7036,0,5,0,7041,A
8-NS,509,1,2,0,7448,7451,C
8-NS,510,1,7453,0,2,7456,T
8-NS,511,7421,0,1,1,7423,A
8-NS,512,10,7355,0,5,7370,T
8-NS,513,0,7179,0,2,7181,T
8-NS,514,0,4,7189,0,7193,G
8-NS,515,6924,0,5,0,6929,A
8-NS,516,1,3,6954,0,6958,G
8-NS,517,0,3,6917,0,6920,G
8-NS,518,6378,0,1,0,6379,A
8-NS,519,0,6418,0,2,6420,T
8-NS,520,2,1,6361,0,6364,G
8-NS,521,2,6307,0,2,6311,T
8-NS,522,2,2,0,6364,6368,C
8-NS,523,6375,0,2,1,6378,A
8-NS,524,6359,1,0,0,6360,A
8-NS,525,6366,0,0,0,6366,A
8-NS,526,6344,0,2,0,6346,A
8-NS,527,6357,0,1,1,6359,A
8-NS,528,0,6349,0,1,6350,T
8-NS,529,0,0,6352,0,6352,G
8-NS,530,0,2,0,6398,6400,C
8-NS,531,6380,0,1,0,6381,A
8-NS,532,6410,1,0,0,6411,A
8-NS,533,0,6408,0,1,6409,T
8-NS,534,0,6428,0,1,6429,T
8-NS,535,1,12,6407,0,6420,G
8-NS,536,1,5,6363,0,6369,G
8-NS,537,1,3,6344,0,6348,G
8-NS,538,2,0,6388,0,6390,G
8-NS,539,1,6270,0,18,6289,T
8-NS,540,2,0,0,6327,6329,C
8-NS,541,4,0,1,6310,6315,C
8-NS,542,0,6311,1,10,6322,T
8-NS,543,2,2,0,6384,6388,C
8-NS,544,6368,0,1,0,6369,A
8-NS,545,0,6337,0,3,6340,T
8-NS,546,3,1,0,6399,6403,C
8-NS,547,1,3,6359,0,6363,G
8-NS,548,0,3,6356,1,6360,G
8-NS,549,6258,2,18,0,6278,A
8-NS,550,0,11,6269,0,6280,G
8-NS,551,0,0,6286,0,6286,G
8-NS,552,6214,2,2,0,6218,A
8-NS,553,0,1,0,6266,6267,C
8-NS,554,0,6241,0,7,6248,T
8-NS,555,0,6242,0,4,6246,T
8-NS,556,0,5,6270,0,6275,G
8-NS,557,6239,0,3,0,6242,A
8-NS,558,6229,0,9,0,6238,A
8-NS,559,0,6245,0,0,6245,T
8-NS,560,0,6,6123,0,6129,G
8-NS,561,1,4,6173,0,6178,G
8-NS,562,6094,0,2,0,6096,A
8-NS,563,6135,0,5,0,6140,A
8-NS,564,1,6350,1,1,6353,T
8-NS,565,2,3,6383,0,6388,G
8-NS,566,6391,0,6,0,6397,A
8-NS,567,0,6408,0,0,6408,T
8-NS,568,6388,1,3,1,6393,A
8-NS,569,6406,0,6,0,6412,A
8-NS,570,1,1,0,6345,6347,C
8-NS,571,6239,1,0,0,6240,A
8-NS,572,0,1,0,6290,6291,C
8-NS,573,5820,0,7,0,5827,A
8-NS,574,2,0,5885,0,5887,G
8-NS,575,1,5828,1,6,5836,T
8-NS,576,1,5805,0,16,5822,T
8-NS,577,6,0,0,5851,5857,C
8-NS,578,0,6,5813,1,5820,G
8-NS,579,5776,0,6,0,5782,A
8-NS,580,1,0,5803,0,5804,G
8-NS,581,1,5708,1,9,5719,T
8-NS,582,8,0,0,5729,5737,C
8-NS,583,0,5655,1,8,5664,T
8-NS,584,3,1,0,5661,5665,C
8-NS,585,0,5708,0,6,5714,T
8-NS,586,5707,0,13,0,5720,A
8-NS,587,5722,1,0,0,5723,A
8-NS,588,5699,1,0,0,5700,A
8-NS,589,5749,0,1,0,5750,A
8-NS,590,5741,1,2,14,5758,A
8-NS,591,0,5678,1,1,5680,T
8-NS,592,4,2,0,5730,5736,C
8-NS,593,1,5701,1,3,5706,T
8-NS,594,5702,0,5,0,5707,A
8-NS,595,0,1,0,5716,5717,C
8-NS,596,5701,0,5,0,5706,A
8-NS,597,0,3,5697,0,5700,G
8-NS,598,5590,0,5,1,5596,A
8-NS,599,1,2,5603,0,5606,G
8-NS,600,5593,0,0,0,5593,A
8-NS,601,0,5524,0,7,5531,T
8-NS,602,0,5518,1,2,5521,T
8-NS,603,6,2,1,5517,5526,C
8-NS,604,2,1,5529,0,5532,G
8-NS,605,2,0,0,5506,5508,C
8-NS,606,0,5487,0,8,5495,T
8-NS,607,1,5521,0,4,5526,T
8-NS,608,1,5,5500,0,5506,G
8-NS,609,0,1,5536,0,5537,G
8-NS,610,5533,0,3,0,5536,A
8-NS,611,0,2,5538,0,5540,G
8-NS,612,5514,0,1,0,5515,A
8-NS,613,5472,1,4,1,5478,A
8-NS,614,0,1,5540,0,5541,G
8-NS,615,2,0,0,5546,5548,C
8-NS,616,5558,0,3,0,5561,A
8-NS,617,1,0,5629,0,5630,G
8-NS,618,1,5583,0,0,5584,T
8-NS,619,5632,0,2,0,5634,A
8-NS,620,5612,0,12,0,5624,A
8-NS,621,0,5599,0,1,5600,T
8-NS,622,0,3,5638,0,5641,G
8-NS,623,5423,1,12,0,5436,A
8-NS,624,1,2,5513,0,5516,G
8-NS,625,5469,0,8,0,5477,A
8-NS,626,5275,0,8,9,5292,A
8-NS,627,0,5275,0,0,5275,T
8-NS,628,1,8,5202,0,5211,G
8-NS,629,0,2,5215,0,5217,G
8-NS,630,3,6,5189,0,5198,G
8-NS,631,1,3,5151,0,5155,G
8-NS,632,2,2,5157,0,5161,G
8-NS,633,5024,1,5,0,5030,A
8-NS,634,0,0,0,5055,5055,C
8-NS,635,3,1,1,5055,5060,C
8-NS,636,2,4861,0,4,4867,T
8-NS,637,2,2,0,4888,4892,C
8-NS,638,5,0,0,4903,4908,C
8-NS,639,4902,1,4,0,4907,A
8-NS,640,1,8,0,4892,4901,C
8-NS,641,0,4835,0,7,4842,T
8-NS,642,0,4811,0,9,4820,T
8-NS,643,4683,0,2,0,4685,A
8-NS,644,0,0,0,4709,4709,C
8-NS,645,0,4659,0,10,4669,T
8-NS,646,10,1,0,4667,4678,C
8-NS,647,2,1,0,4621,4624,C
8-NS,648,4626,0,1,0,4627,A
8-NS,649,4634,0,2,1,4637,A
8-NS,650,4621,0,2,7,4630,A
8-NS,651,4621,1,2,1,4625,A
8-NS,652,0,1,0,4623,4624,C
8-NS,653,4532,1,1,0,4534,A
8-NS,654,0,2,4525,0,4527,G
8-NS,655,4514,2,2,0,4518,A
8-NS,656,4524,0,1,0,4525,A
8-NS,657,4498,0,2,1,4501,A
8-NS,658,0,4,0,4503,4507,C
8-NS,659,0,1,4505,1,4507,G
8-NS,660,1,0,4493,1,4495,G
8-NS,661,7,0,4499,0,4506,G
8-NS,662,4506,0,3,0,4509,A
8-NS,663,4485,0,0,0,4485,A
8-NS,664,4474,1,6,0,4481,A
8-NS,665,1,4451,0,0,4452,T
8-NS,666,1,1,4491,0,4493,G
8-NS,667,1,1,4477,0,4479,G
8-NS,668,0,1,2,4452,4455,C
8-NS,669,5,2,4467,0,4474,G
8-NS,670,4457,0,8,0,4465,A
8-NS,671,2,2,4469,0,4473,G
8-NS,672,4470,0,2,0,4472,A
8-NS,673,4465,0,2,1,4468,A
8-NS,674,0,2,2,4473,4477,C
8-NS,675,4405,0,2,0,4407,A
8-NS,676,6,0,4378,0,4384,G
8-NS,677,2,0,0,4346,4348,C
8-NS,678,0,4373,0,3,4376,T
8-NS,679,4368,1,3,0,4372,A
8-NS,680,1,1,4301,0,4303,G
8-NS,681,0,0,4325,0,4325,G
8-NS,682,0,4258,0,16,4274,T
8-NS,683,2,0,0,4237,4239,C
8-NS,684,4243,0,1,0,4244,A
8-NS,685,4242,0,5,0,4247,A
8-NS,686,4241,0,0,0,4241,A
8-NS,687,4241,0,4,0,4245,A
8-NS,688,3,1,4235,0,4239,G
8-NS,689,0,4158,1,5,4164,T
8-NS,690,0,4162,0,3,4165,T
8-NS,691,0,4166,0,0,4166,T
8-NS,692,1,0,4177,0,4178,G
8-NS,693,4178,1,1,0,4180,A
8-NS,694,4174,0,5,1,4180,A
8-NS,695,1,5,4179,0,4185,G
8-NS,696,4079,0,3,0,4082,A
8-NS,697,6,3,4078,0,4087,G
8-NS,698,4070,1,10,0,4081,A
8-NS,699,0,4078,1,3,4082,T
8-NS,700,4084,0,2,0,4086,A
8-NS,701,4064,0,5,0,4069,A
8-NS,702,1,0,4054,0,4055,G
8-NS,703,3778,0,2,0,3780,A
8-NS,704,1,3749,1,2,3753,T
8-NS,705,3,5,3772,0,3780,G
8-NS,706,1,1,3766,0,3768,G
8-NS,707,1,0,0,3754,3755,C
8-NS,708,0,3753,0,3,3756,T
8-NS,709,3748,0,6,0,3754,A
8-NS,710,3752,0,0,0,3752,A
8-NS,711,0,3748,0,0,3748,T
8-NS,712,0,3736,0,1,3737,T
8-NS,713,0,1,3749,0,3750,G
8-NS,714,3676,0,3,2,3681,A
8-NS,715,3672,0,5,0,3677,A
8-NS,716,0,0,3674,0,3674,G
8-NS,717,3669,1,1,0,3671,A
8-NS,718,3620,0,1,0,3621,A
8-NS,719,2,0,3656,0,3658,G
8-NS,720,0,3573,1,2,3576,T
8-NS,721,0,2,3570,0,3572,G
8-NS,722,3532,0,4,0,3536,A
8-NS,723,1,7,3527,0,3535,G
8-NS,724,3535,0,3,0,3538,A
8-NS,725,0,0,0,3519,3519,C
8-NS,726,3486,0,4,2,3492,A
8-NS,727,0,2,1,3502,3505,C
8-NS,728,3287,0,3,1,3291,A
8-NS,729,4,3,3323,0,3330,G
8-NS,730,3317,0,4,0,3321,A
8-NS,731,0,3287,0,2,3289,T
8-NS,732,1,3287,0,0,3288,T
8-NS,733,3281,1,3,0,3285,A
8-NS,734,3275,0,1,0,3276,A
8-NS,735,3274,0,2,0,3276,A
8-NS,736,3258,0,1,0,3259,A
8-NS,737,3251,0,1,0,3252,A
8-NS,738,1,0,0,3124,3125,C
8-NS,739,2955,0,1,0,2956,A
8-NS,740,2960,0,4,0,2964,A
8-NS,741,0,1,0,2966,2967,C
8-NS,742,2,2947,0,1,2950,T
8-NS,743,1,0,2959,0,2960,G
8-NS,744,2952,0,1,0,2953,A
8-NS,745,2954,0,4,0,2958,A
8-NS,746,2954,0,1,0,2955,A
8-NS,747,2910,0,2,0,2912,A
8-NS,748,0,2897,0,4,2901,T
8-NS,749,2856,0,0,0,2856,A
8-NS,750,0,1,2833,4,2838,G
8-NS,751,0,3,0,2840,2843,C
8-NS,752,0,2762,0,2,2764,T
8-NS,753,0,2773,0,1,2774,T
8-NS,754,0,2743,0,0,2743,T
8-NS,755,0,1,2752,1,2754,G
8-NS,756,2752,0,1,0,2753,A
8-NS,757,2744,0,6,0,2750,A
8-NS,758,0,1,1,2753,2755,C
8-NS,759,2695,0,1,0,2696,A
8-NS,760,2696,0,2,0,2698,A
8-NS,761,2695,0,0,0,2695,A
8-NS,762,0,2688,0,3,2691,T
8-NS,763,2694,0,1,0,2695,A
8-NS,764,2640,0,3,0,2643,A
8-NS,765,3,0,0,2643,2646,C
8-NS,766,2635,0,0,0,2635,A
8-NS,767,0,2578,0,0,2578,T
8-NS,768,0,2506,0,1,2507,T
8-NS,769,1,2,0,2484,2487,C
8-NS,770,2460,0,4,0,2464,A
8-NS,771,0,2438,1,1,2440,T
8-NS,772,0,0,2449,0,2449,G
8-NS,773,0,0,0,2401,2401,C
8-NS,774,2365,1,0,1,2367,A
8-NS,775,2366,0,3,0,2369,A
8-NS,776,0,0,2354,0,2354,G
8-NS,777,1,0,0,2363,2364,C
8-NS,778,2329,0,0,0,2329,A
8-NS,779,0,2323,0,0,2323,T
8-NS,780,0,2313,0,0,2313,T
8-NS,781,2307,0,3,0,2310,A
8-NS,782,0,0,0,2312,2312,C
8-NS,783,2282,0,0,0,2282,A
8-NS,784,2255,0,3,0,2258,A
8-NS,785,0,0,0,2238,2238,C
8-NS,786,0,1898,0,0,1898,T
8-NS,787,1,0,1898,0,1899,G
8-NS,788,0,1,0,1842,1843,C
8-NS,789,0,1816,0,1,1817,T
8-NS,790,1,0,1812,0,1813,G
8-NS,791,0,1800,0,2,1802,T
8-NS,792,0,1795,0,1,1796,T
8-NS,793,0,1797,0,0,1797,T
8-NS,794,0,0,1769,0,1769,G
8-NS,795,1763,2,1,0,1766,A
8-NS,796,1721,0,1,0,1722,A
8-NS,797,0,0,1723,0,1723,G
8-NS,798,0,1700,0,1,1701,T
8-NS,799,11,2,1616,0,1629,G
8-NS,800,1,2,1628,0,1631,G
8-NS,801,1604,22,1,0,1627,A
8-NS,802,1623,0,6,1,1630,A
8-NS,803,0,2,0,1626,1628,C
8-NS,804,1573,0,2,0,1575,A
8-NS,805,1,0,1576,0,1577,G
8-NS,806,0,0,1534,0,1534,G
8-NS,807,1498,0,4,0,1502,A
8-NS,808,5,0,1490,0,1495,G
8-NS,809,1242,0,2,0,1244,A
8-NS,810,0,1232,0,0,1232,T
8-NS,811,1235,0,0,0,1235,A
8-NS,812,1219,0,0,0,1219,A
8-NS,813,0,0,1214,0,1214,G
8-NS,814,1070,0,0,0,1070,A
8-NS,815,1061,0,0,0,1061,A
8-NS,816,0,0,0,1045,1045,C
8-NS,817,0,918,0,3,921,T
8-NS,818,0,913,0,0,913,T
8-NS,819,0,904,0,1,905,T
8-NS,820,0,0,0,911,911,C
8-NS,821,0,894,0,2,896,T
8-NS,822,0,0,0,886,886,C
8-NS,823,854,0,0,0,854,A
8-NS,824,0,848,0,0,848,T
8-NS,825,0,831,0,0,831,T
8-NS,826,0,825,0,2,827,T
8-NS,827,0,0,0,831,831,C
8-NS,828,795,0,0,0,795,A
8-NS,829,0,0,793,0,793,G
8-NS,830,0,0,0,791,791,C
8-NS,831,0,735,0,0,735,T
8-NS,832,0,735,0,0,735,T
8-NS,833,705,0,0,0,705,A
8-NS,834,0,699,0,1,700,T
8-NS,835,0,697,0,0,697,T
8-NS,836,0,700,0,0,700,T
8-NS,837,670,1,0,0,671,A
8-NS,838,648,0,2,0,650,A
8-NS,839,0,630,0,0,630,T
8-NS,840,0,0,626,0,626,G
8-NS,841,613,0,0,0,613,A
8-NS,842,0,546,0,0,546,T
8-NS,843,536,0,1,0,537,A
8-NS,844,536,0,0,0,536,A
8-NS,845,534,1,0,0,535,A
8-NS,846,533,0,0,0,533,A
8-NS,847,519,0,0,0,519,A
8-NS,848,516,0,0,0,516,A
8-NS,849,0,0,0,513,513,C
8-NS,850,409,0,0,0,409,A
8-NS,851,0,0,0,429,429,C
8-NS,852,0,0,0,418,418,C
8-NS,853,1,0,0,406,407,C
8-NS,854,0,380,0,0,380,T
8-NS,855,0,369,0,0,369,T
8-NS,856,0,1,371,0,372,G
8-NS,857,0,345,1,1,347,T
8-NS,858,0,348,0,0,348,T
8-NS,859,0,336,0,0,336,T
8-NS,860,0,0,0,125,125,C
8-NS,861,0,89,0,0,89,T
8-NS,862,77,0,0,0,77,A
8-NS,863,0,0,0,79,79,C
