Gene,Position,A,T,G,C,Coverage,Consensus
1-PB2,1,191,0,0,0,191,A
1-PB2,2,0,192,0,0,192,T
1-PB2,3,0,0,194,0,194,G
1-PB2,4,0,0,194,0,194,G
1-PB2,5,194,0,0,0,194,A
1-PB2,6,194,0,0,0,194,A
1-PB2,7,194,0,0,0,194,A
1-PB2,8,0,0,221,0,221,G
1-PB2,9,223,0,0,0,223,A
1-PB2,10,226,0,0,0,226,A
1-PB2,11,0,230,0,0,230,T
1-PB2,12,231,0,0,0,231,A
1-PB2,13,230,1,0,0,231,A
1-PB2,14,231,0,0,0,231,A
1-PB2,15,231,0,0,0,231,A
1-PB2,16,0,0,238,0,238,G
1-PB2,17,241,1,0,0,242,A
1-PB2,18,241,0,0,0,241,A
1-PB2,19,0,0,0,243,243,C
1-PB2,20,0,244,0,0,244,T
1-PB2,21,248,0,0,0,248,A
1-PB2,22,0,0,0,248,248,C
1-PB2,23,0,0,248,0,248,G
1-PB2,24,0,0,251,0,251,G
1-PB2,25,252,0,0,0,252,A
1-PB2,26,261,0,0,0,261,A
1-PB2,27,0,261,0,0,261,T
1-PB2,28,0,0,0,265,265,C
1-PB2,29,0,264,0,1,265,T
1-PB2,30,0,0,269,0,269,G
1-PB2,31,270,0,0,0,270,A
1-PB2,32,0,273,0,0,273,T
1-PB2,33,0,0,271,0,271,G
1-PB2,34,0,275,0,0,275,T
1-PB2,35,0,1,0,272,273,C
1-PB2,36,2,0,271,0,273,G
1-PB2,37,0,0,0,274,274,C
1-PB2,38,273,0,0,0,273,A
1-PB2,39,0,1,289,0,290,G
1-PB2,40,0,289,0,1,290,T
1-PB2,41,0,0,0,293,293,C
1-PB2,42,0,293,0,1,294,T
1-PB2,43,0,0,0,293,293,C
1-PB2,44,0,0,294,0,294,G
1-PB2,45,1,0,0,296,297,C
1-PB2,46,296,0,0,0,296,A
1-PB2,47,0,0,0,300,300,C
1-PB2,48,0,295,0,0,295,T
1-PB2,49,0,0,0,301,301,C
1-PB2,50,0,0,302,0,302,G
1-PB2,51,0,0,0,301,301,C
1-PB2,52,0,0,301,0,301,G
1-PB2,53,301,0,0,0,301,A
1-PB2,54,1,0,302,0,303,G
1-PB2,55,309,0,3,0,312,A
1-PB2,56,0,310,0,0,310,T
1-PB2,57,311,0,0,0,311,A
1-PB2,58,0,0,0,313,313,C
1-PB2,59,0,312,0,0,312,T
1-PB2,60,0,0,323,0,323,G
1-PB2,61,321,0,1,0,322,A
1-PB2,62,0,0,0,328,328,C
1-PB2,63,327,0,0,0,327,A
1-PB2,64,327,0,0,0,327,A
1-PB2,65,333,0,0,0,333,A
1-PB2,66,338,0,0,0,338,A
1-PB2,67,339,0,0,0,339,A
1-PB2,68,0,0,1,341,342,C
1-PB2,69,0,0,0,340,340,C
1-PB2,70,338,0,1,0,339,A
1-PB2,71,0,0,0,342,342,C
1-PB2,72,342,0,0,0,342,A
1-PB2,73,0,0,352,0,352,G
1-PB2,74,6,344,0,0,350,T
1-PB2,75,0,0,360,0,360,G
1-PB2,76,0,0,356,0,356,G
1-PB2,77,361,0,1,0,362,A
1-PB2,78,0,0,0,378,378,C
1-PB2,79,0,0,0,377,377,C
1-PB2,80,382,0,0,0,382,A
1-PB2,81,0,381,0,0,381,T
1-PB2,82,372,1,0,0,373,A
1-PB2,83,0,377,0,0,377,T
1-PB2,84,0,0,377,0,377,G
1-PB2,85,0,0,379,0,379,G
1-PB2,86,0,1,0,376,377,C
1-PB2,87,0,0,0,376,376,C
1-PB2,88,375,0,0,0,375,A
1-PB2,89,0,412,0,0,412,T
1-PB2,90,411,0,0,0,411,A
1-PB2,91,431,0,0,0,431,A
1-PB2,92,0,431,0,1,432,T
1-PB2,93,0,430,0,0,430,T
1-PB2,94,432,0,0,0,432,A
1-PB2,95,433,0,0,0,433,A
1-PB2,96,0,0,443,0,443,G
1-PB2,97,439,0,1,0,440,A
1-PB2,98,432,0,0,0,432,A
1-PB2,99,1,0,453,0,454,G
1-PB2,100,0,446,0,0,446,T
1-PB2,101,453,0,0,0,453,A
1-PB2,102,0,0,0,451,451,C
1-PB2,103,452,0,0,0,452,A
1-PB2,104,0,0,0,464,464,C
1-PB2,105,458,0,0,0,458,A
1-PB2,106,0,463,0,0,463,T
1-PB2,107,0,0,0,465,465,C
1-PB2,108,0,1,459,0,460,G
1-PB2,109,0,1,460,0,461,G
1-PB2,110,0,0,461,0,461,G
1-PB2,111,0,0,461,0,461,G
1-PB2,112,454,1,1,0,456,A
1-PB2,113,0,0,460,0,460,G
1-PB2,114,455,0,0,0,455,A
1-PB2,115,0,0,0,457,457,C
1-PB2,116,456,0,1,0,457,A
1-PB2,117,0,0,460,0,460,G
1-PB2,118,0,0,470,0,470,G
1-PB2,119,472,0,0,0,472,A
1-PB2,120,471,0,1,0,472,A
1-PB2,121,471,0,0,0,471,A
1-PB2,122,469,0,0,0,469,A
1-PB2,123,0,0,473,0,473,G
1-PB2,124,462,0,0,0,462,A
1-PB2,125,465,0,0,0,465,A
1-PB2,126,0,0,0,463,463,C
1-PB2,127,0,0,0,461,461,C
1-PB2,128,0,0,0,460,460,C
1-PB2,129,0,0,460,0,460,G
1-PB2,130,0,455,0,3,458,T
1-PB2,131,0,0,0,461,461,C
1-PB2,132,465,0,0,0,465,A
1-PB2,133,0,0,0,469,469,C
1-PB2,134,0,470,0,0,470,T
1-PB2,135,0,468,0,1,469,T
1-PB2,136,469,0,0,0,469,A
1-PB2,137,0,0,476,0,476,G
1-PB2,138,0,0,474,0,474,G
1-PB2,139,475,0,1,0,476,A
1-PB2,140,0,471,0,1,472,T
1-PB2,141,0,1,476,1,478,G
1-PB2,142,489,0,0,0,489,A
1-PB2,143,488,0,0,0,488,A
1-PB2,144,491,0,0,0,491,A
1-PB2,145,0,491,0,0,491,T
1-PB2,146,0,1,494,0,495,G
1-PB2,147,0,0,499,0,499,G
1-PB2,148,499,0,0,0,499,A
1-PB2,149,0,500,0,0,500,T
1-PB2,150,0,0,497,0,497,G
1-PB2,151,492,1,1,0,494,A
1-PB2,152,0,496,0,0,496,T
1-PB2,153,1,0,496,0,497,G
1-PB2,154,0,0,498,0,498,G
1-PB2,155,0,1,0,496,497,C
1-PB2,156,496,0,0,0,496,A
1-PB2,157,501,1,0,0,502,A
1-PB2,158,0,502,0,0,502,T
1-PB2,159,0,0,514,0,514,G
1-PB2,160,514,0,0,0,514,A
1-PB2,161,511,0,0,0,511,A
1-PB2,162,515,0,0,0,515,A
1-PB2,163,0,516,0,0,516,T
1-PB2,164,518,1,0,0,519,A
1-PB2,165,0,0,0,530,530,C
1-PB2,166,0,0,0,527,527,C
1-PB2,167,0,0,0,532,532,C
1-PB2,168,530,0,0,0,530,A
1-PB2,169,531,0,0,0,531,A
1-PB2,170,0,528,0,0,528,T
1-PB2,171,0,0,0,530,530,C
1-PB2,172,530,0,0,0,530,A
1-PB2,173,0,0,0,543,543,C
1-PB2,174,0,533,0,0,533,T
1-PB2,175,0,0,535,0,535,G
1-PB2,176,0,0,0,536,536,C
1-PB2,177,0,536,0,0,536,T
1-PB2,178,0,0,537,0,537,G
1-PB2,179,537,0,0,0,537,A
1-PB2,180,0,0,0,539,539,C
1-PB2,181,538,0,0,0,538,A
1-PB2,182,529,0,0,0,529,A
1-PB2,183,536,0,0,0,536,A
1-PB2,184,532,0,1,0,533,A
1-PB2,185,0,0,546,0,546,G
1-PB2,186,1,0,553,0,554,G
1-PB2,187,542,1,0,0,543,A
1-PB2,188,0,545,0,0,545,T
1-PB2,189,539,0,1,0,540,A
1-PB2,190,545,0,0,0,545,A
1-PB2,191,0,0,0,553,553,C
1-PB2,192,548,1,0,0,549,A
1-PB2,193,0,0,553,0,553,G
1-PB2,194,544,0,0,0,544,A
1-PB2,195,548,1,0,0,549,A
1-PB2,196,546,0,1,0,547,A
1-PB2,197,0,547,0,0,547,T
1-PB2,198,0,0,552,0,552,G
1-PB2,199,0,0,562,0,562,G
1-PB2,200,0,558,0,0,558,T
1-PB2,201,0,557,0,0,557,T
1-PB2,202,0,0,0,558,558,C
1-PB2,203,2,0,0,554,556,C
1-PB2,204,2,0,561,0,563,G
1-PB2,205,0,0,565,0,565,G
1-PB2,206,563,0,1,0,564,A
1-PB2,207,0,0,566,0,566,G
1-PB2,208,560,0,1,0,561,A
1-PB2,209,0,0,578,0,578,G
1-PB2,210,579,0,1,0,580,A
1-PB2,211,578,0,0,0,578,A
1-PB2,212,580,0,0,0,580,A
1-PB2,213,0,576,0,0,576,T
1-PB2,214,0,0,580,0,580,G
1-PB2,215,580,0,1,0,581,A
1-PB2,216,579,0,1,0,580,A
1-PB2,217,0,1,0,577,578,C
1-PB2,218,572,0,0,0,572,A
1-PB2,219,575,0,0,0,575,A
1-PB2,220,0,0,576,0,576,G
1-PB2,221,0,0,572,0,572,G
1-PB2,222,0,0,565,0,565,G
1-PB2,223,0,0,0,582,582,C
1-PB2,224,584,0,0,0,584,A
1-PB2,225,582,0,1,0,583,A
1-PB2,226,609,0,0,0,609,A
1-PB2,227,0,0,0,614,614,C
1-PB2,228,0,608,0,1,609,T
1-PB2,229,0,0,0,629,629,C
1-PB2,230,0,625,0,0,625,T
1-PB2,231,627,0,0,0,627,A
1-PB2,232,0,626,0,0,626,T
1-PB2,233,0,0,628,0,628,G
1-PB2,234,0,0,635,0,635,G
1-PB2,235,614,0,3,0,617,A
1-PB2,236,0,1,619,0,620,G
1-PB2,237,0,621,0,0,621,T
1-PB2,238,619,0,0,0,619,A
1-PB2,239,623,1,0,0,624,A
1-PB2,240,620,0,0,0,620,A
1-PB2,241,621,0,1,0,622,A
1-PB2,242,0,619,0,0,619,T
1-PB2,243,0,0,626,0,626,G
1-PB2,244,620,0,1,0,621,A
1-PB2,245,0,0,628,0,628,G
1-PB2,246,0,624,0,1,625,T
1-PB2,247,0,0,621,0,621,G
1-PB2,248,633,0,0,0,633,A
1-PB2,249,0,642,0,0,642,T
1-PB2,250,0,0,645,0,645,G
1-PB2,251,0,0,0,644,644,C
1-PB2,252,0,638,0,0,638,T
1-PB2,253,0,0,662,0,662,G
1-PB2,254,0,0,662,0,662,G
1-PB2,255,673,0,1,0,674,A
1-PB2,256,0,674,0,0,674,T
1-PB2,257,0,1,0,674,675,C
1-PB2,258,683,0,0,0,683,A
1-PB2,259,0,0,699,0,699,G
1-PB2,260,700,0,0,0,700,A
1-PB2,261,0,700,0,0,700,T
1-PB2,262,686,1,1,0,688,A
1-PB2,263,0,0,703,0,703,G
1-PB2,264,703,0,2,0,705,A
1-PB2,265,0,1,709,0,710,G
1-PB2,266,0,706,0,0,706,T
1-PB2,267,0,0,702,0,702,G
1-PB2,268,680,1,2,0,683,A
1-PB2,269,0,692,0,0,692,T
1-PB2,270,0,1,703,0,704,G
1-PB2,271,0,1,720,0,721,G
1-PB2,272,0,709,0,0,709,T
1-PB2,273,710,1,0,0,711,A
1-PB2,274,0,699,0,2,701,T
1-PB2,275,0,0,0,697,697,C
1-PB2,276,704,0,1,1,706,A
1-PB2,277,0,1,0,717,718,C
1-PB2,278,1,1,0,718,720,C
1-PB2,279,0,700,0,1,701,T
1-PB2,280,0,695,0,2,697,T
1-PB2,281,0,700,0,0,700,T
1-PB2,282,0,0,708,0,708,G
1-PB2,283,0,0,713,0,713,G
1-PB2,284,0,2,0,714,716,C
1-PB2,285,0,704,0,0,704,T
1-PB2,286,0,0,708,0,708,G
1-PB2,287,0,709,0,0,709,T
1-PB2,288,708,0,0,0,708,A
1-PB2,289,712,0,0,0,712,A
1-PB2,290,0,0,0,712,712,C
1-PB2,291,703,0,0,0,703,A
1-PB2,292,0,704,0,0,704,T
1-PB2,293,0,1,692,0,693,G
1-PB2,294,0,0,708,0,708,G
1-PB2,295,0,704,0,0,704,T
1-PB2,296,0,0,703,0,703,G
1-PB2,297,0,0,719,0,719,G
1-PB2,298,713,0,0,1,714,A
1-PB2,299,717,0,0,1,718,A
1-PB2,300,0,718,0,0,718,T
1-PB2,301,717,0,0,0,717,A
1-PB2,302,0,0,728,0,728,G
1-PB2,303,717,0,0,0,717,A
1-PB2,304,720,0,0,0,720,A
1-PB2,305,721,0,0,0,721,A
1-PB2,306,1,706,0,0,707,T
1-PB2,307,0,1,705,0,706,G
1-PB2,308,0,1,701,0,702,G
1-PB2,309,701,0,1,1,703,A
1-PB2,310,0,0,0,705,705,C
1-PB2,311,1,0,0,701,702,C
1-PB2,312,0,0,0,705,705,C
1-PB2,313,0,0,707,0,707,G
1-PB2,314,0,711,0,0,711,T
1-PB2,315,0,0,728,0,728,G
1-PB2,316,725,0,0,0,725,A
1-PB2,317,0,0,0,729,729,C
1-PB2,318,726,1,1,0,728,A
1-PB2,319,724,0,0,0,724,A
1-PB2,320,0,0,742,0,742,G
1-PB2,321,0,737,0,0,737,T
1-PB2,322,733,0,0,1,734,A
1-PB2,323,0,2,0,730,732,C
1-PB2,324,0,0,721,0,721,G
1-PB2,325,0,0,739,0,739,G
1-PB2,326,0,733,0,0,733,T
1-PB2,327,0,0,0,734,734,C
1-PB2,328,0,0,0,734,734,C
1-PB2,329,717,1,1,0,719,A
1-PB2,330,1,723,0,0,724,T
1-PB2,331,0,725,0,0,725,T
1-PB2,332,758,0,0,0,758,A
1-PB2,333,0,0,0,754,754,C
1-PB2,334,0,0,0,747,747,C
1-PB2,335,1,0,0,747,748,C
1-PB2,336,742,0,0,0,742,A
1-PB2,337,748,0,0,0,748,A
1-PB2,338,747,0,0,0,747,A
1-PB2,339,745,0,0,0,745,A
1-PB2,340,0,0,755,0,755,G
1-PB2,341,0,735,0,1,736,T
1-PB2,342,0,0,749,1,750,G
1-PB2,343,0,749,0,0,749,T
1-PB2,344,747,0,0,0,747,A
1-PB2,345,1,0,0,745,746,C
1-PB2,346,741,0,2,0,743,A
1-PB2,347,747,0,2,0,749,A
1-PB2,348,0,0,751,0,751,G
1-PB2,349,745,0,2,0,747,A
1-PB2,350,0,0,0,749,749,C
1-PB2,351,0,738,0,0,738,T
1-PB2,352,0,749,0,0,749,T
1-PB2,353,751,0,0,0,751,A
1-PB2,354,0,745,0,0,745,T
1-PB2,355,0,749,0,1,750,T
1-PB2,356,0,749,0,0,749,T
1-PB2,357,0,2,0,744,746,C
1-PB2,358,0,0,745,0,745,G
1-PB2,359,744,0,1,0,745,A
1-PB2,360,1,0,0,743,744,C
1-PB2,361,742,0,0,0,742,A
1-PB2,362,738,0,0,0,738,A
1-PB2,363,739,0,1,0,740,A
1-PB2,364,0,0,752,0,752,G
1-PB2,365,0,754,0,0,754,T
1-PB2,366,1,1,0,751,753,C
1-PB2,367,0,0,753,0,753,G
1-PB2,368,749,2,0,0,751,A
1-PB2,369,749,0,2,0,751,A
1-PB2,370,753,0,0,0,753,A
1-PB2,371,0,2,768,0,770,G
1-PB2,372,0,0,774,0,774,G
1-PB2,373,0,767,0,0,767,T
1-PB2,374,0,767,0,0,767,T
1-PB2,375,767,1,0,0,768,A
1-PB2,376,765,0,1,0,766,A
1-PB2,377,766,0,0,0,766,A
1-PB2,378,770,0,0,0,770,A
1-PB2,379,0,0,0,770,770,C
1-PB2,380,760,0,1,0,761,A
1-PB2,381,0,754,0,0,754,T
1-PB2,382,1,0,751,0,752,G
1-PB2,383,0,0,756,0,756,G
1-PB2,384,754,0,1,0,755,A
1-PB2,385,756,0,0,0,756,A
1-PB2,386,0,0,0,750,750,C
1-PB2,387,0,741,0,1,742,T
1-PB2,388,0,768,0,0,768,T
1-PB2,389,0,766,0,0,766,T
1-PB2,390,0,766,0,0,766,T
1-PB2,391,1,0,766,0,767,G
1-PB2,392,1,0,768,0,769,G
1-PB2,393,0,3,0,762,765,C
1-PB2,394,1,1,0,758,760,C
1-PB2,395,0,1,0,758,759,C
1-PB2,396,0,750,0,0,750,T
1-PB2,397,0,0,757,0,757,G
1-PB2,398,0,758,0,0,758,T
1-PB2,399,1,753,0,1,755,T
1-PB2,400,0,0,0,757,757,C
1-PB2,401,753,0,0,0,753,A
1-PB2,402,0,756,0,0,756,T
1-PB2,403,0,752,0,0,752,T
1-PB2,404,0,754,0,0,754,T
1-PB2,405,0,755,0,0,755,T
1-PB2,406,748,0,0,0,748,A
1-PB2,407,0,0,747,0,747,G
1-PB2,408,748,0,0,0,748,A
1-PB2,409,748,0,0,0,748,A
1-PB2,410,746,0,0,0,746,A
1-PB2,411,0,747,0,0,747,T
1-PB2,412,0,0,0,748,748,C
1-PB2,413,746,0,0,0,746,A
1-PB2,414,754,0,1,0,755,A
1-PB2,415,0,0,758,0,758,G
1-PB2,416,0,758,0,0,758,T
1-PB2,417,1,0,0,757,758,C
1-PB2,418,763,0,0,0,763,A
1-PB2,419,760,0,0,1,761,A
1-PB2,420,0,0,763,0,763,G
1-PB2,421,767,0,1,0,768,A
1-PB2,422,0,769,0,0,769,T
1-PB2,423,779,0,1,0,780,A
1-PB2,424,0,0,0,780,780,C
1-PB2,425,0,0,779,0,779,G
1-PB2,426,0,0,0,806,806,C
1-PB2,427,791,0,1,0,792,A
1-PB2,428,0,0,795,0,795,G
1-PB2,429,790,0,0,0,790,A
1-PB2,430,795,0,0,0,795,A
1-PB2,431,0,0,809,0,809,G
1-PB2,432,791,0,0,0,791,A
1-PB2,433,0,0,793,0,793,G
1-PB2,434,0,788,0,1,789,T
1-PB2,435,790,0,0,0,790,A
1-PB2,436,0,0,797,0,797,G
1-PB2,437,791,0,2,0,793,A
1-PB2,438,0,0,0,826,826,C
1-PB2,439,812,0,0,0,812,A
1-PB2,440,0,801,0,0,801,T
1-PB2,441,797,0,0,1,798,A
1-PB2,442,805,0,1,0,806,A
1-PB2,443,810,0,0,0,810,A
1-PB2,444,0,0,0,818,818,C
1-PB2,445,1,0,0,800,801,C
1-PB2,446,1,0,0,790,791,C
1-PB2,447,0,737,1,1,739,T
1-PB2,448,0,0,747,0,747,G
1-PB2,449,0,0,758,0,758,G
1-PB2,450,0,761,0,2,763,T
1-PB2,451,1,0,0,755,756,C
1-PB2,452,764,0,1,0,765,A
1-PB2,453,0,761,1,1,763,T
1-PB2,454,1,0,772,0,773,G
1-PB2,455,0,0,0,772,772,C
1-PB2,456,761,0,0,0,761,A
1-PB2,457,0,1,765,0,766,G
1-PB2,458,745,0,0,0,745,A
1-PB2,459,0,1,0,758,759,C
1-PB2,460,1,0,0,756,757,C
1-PB2,461,0,743,0,2,745,T
1-PB2,462,0,0,0,745,745,C
1-PB2,463,731,0,1,0,732,A
1-PB2,464,0,0,753,0,753,G
1-PB2,465,0,754,0,0,754,T
1-PB2,466,1,0,749,0,750,G
1-PB2,467,0,0,0,747,747,C
1-PB2,468,0,0,0,742,742,C
1-PB2,469,738,0,1,0,739,A
1-PB2,470,737,0,0,0,737,A
1-PB2,471,732,1,1,0,734,A
1-PB2,472,0,1,738,0,739,G
1-PB2,473,719,0,1,0,720,A
1-PB2,474,1,0,718,0,719,G
1-PB2,475,0,0,717,0,717,G
1-PB2,476,0,0,0,719,719,C
1-PB2,477,717,0,0,0,717,A
1-PB2,478,0,1,0,717,718,C
1-PB2,479,718,0,0,0,718,A
1-PB2,480,739,0,1,0,740,A
1-PB2,481,0,0,743,0,743,G
1-PB2,482,749,1,0,0,750,A
1-PB2,483,0,747,0,0,747,T
1-PB2,484,0,2,745,0,747,G
1-PB2,485,0,754,0,0,754,T
1-PB2,486,761,0,0,0,761,A
1-PB2,487,764,0,0,1,765,A
1-PB2,488,0,764,0,0,764,T
1-PB2,489,0,735,0,0,735,T
1-PB2,490,734,0,0,0,734,A
1-PB2,491,0,710,0,0,710,T
1-PB2,492,1,1,711,0,713,G
1-PB2,493,0,0,712,0,712,G
1-PB2,494,707,1,0,0,708,A
1-PB2,495,704,0,0,0,704,A
1-PB2,496,0,0,706,0,706,G
1-PB2,497,0,704,0,0,704,T
1-PB2,498,0,709,0,0,709,T
1-PB2,499,0,0,710,0,710,G
1-PB2,500,0,712,0,0,712,T
1-PB2,501,0,709,0,1,710,T
1-PB2,502,0,711,0,0,711,T
1-PB2,503,0,711,0,0,711,T
1-PB2,504,0,715,0,0,715,T
1-PB2,505,0,0,0,718,718,C
1-PB2,506,0,0,0,713,713,C
1-PB2,507,0,0,0,716,716,C
1-PB2,508,713,0,0,0,713,A
1-PB2,509,721,1,0,0,722,A
1-PB2,510,0,717,0,0,717,T
1-PB2,511,0,0,722,0,722,G
1-PB2,512,724,0,0,0,724,A
1-PB2,513,720,0,1,0,721,A
1-PB2,514,0,0,725,0,725,G
1-PB2,515,0,724,0,0,724,T
1-PB2,516,0,1,718,0,719,G
1-PB2,517,0,0,715,0,715,G
1-PB2,518,0,0,725,0,725,G
1-PB2,519,724,0,1,0,725,A
1-PB2,520,0,0,722,0,722,G
1-PB2,521,0,0,0,722,722,C
1-PB2,522,0,0,0,723,723,C
1-PB2,523,724,0,1,0,725,A
1-PB2,524,0,0,734,0,734,G
1-PB2,525,0,0,740,0,740,G
1-PB2,526,744,0,0,0,744,A
1-PB2,527,0,739,0,0,739,T
1-PB2,528,738,0,0,0,738,A
1-PB2,529,0,0,0,737,737,C
1-PB2,530,1,729,0,0,730,T
1-PB2,531,731,0,1,0,732,A
1-PB2,532,727,0,0,0,727,A
1-PB2,533,0,0,0,732,732,C
1-PB2,534,719,0,1,0,720,A
1-PB2,535,0,713,0,1,714,T
1-PB2,536,0,0,0,719,719,C
1-PB2,537,705,0,1,0,706,A
1-PB2,538,0,1,712,0,713,G
1-PB2,539,713,0,0,0,713,A
1-PB2,540,711,1,0,0,712,A
1-PB2,541,0,708,0,1,709,T
1-PB2,542,1,0,0,700,701,C
1-PB2,543,704,0,0,0,704,A
1-PB2,544,0,0,0,709,709,C
1-PB2,545,709,0,0,0,709,A
1-PB2,546,718,0,0,0,718,A
1-PB2,547,0,709,0,0,709,T
1-PB2,548,0,712,0,0,712,T
1-PB2,549,714,0,0,1,715,A
1-PB2,550,718,1,0,0,719,A
1-PB2,551,0,0,0,721,721,C
1-PB2,552,719,0,0,0,719,A
1-PB2,553,710,0,0,0,710,A
1-PB2,554,1,712,0,1,714,T
1-PB2,555,712,1,0,0,713,A
1-PB2,556,712,0,1,0,713,A
1-PB2,557,0,1,0,712,713,C
1-PB2,558,0,710,0,0,710,T
1-PB2,559,710,0,0,0,710,A
1-PB2,560,707,0,0,0,707,A
1-PB2,561,707,0,0,0,707,A
1-PB2,562,1,0,708,0,709,G
1-PB2,563,691,0,0,0,691,A
1-PB2,564,0,0,698,0,698,G
1-PB2,565,687,1,2,0,690,A
1-PB2,566,690,0,1,0,691,A
1-PB2,567,689,0,0,0,689,A
1-PB2,568,690,0,0,0,690,A
1-PB2,569,695,0,0,0,695,A
1-PB2,570,690,0,2,0,692,A
1-PB2,571,0,0,697,0,697,G
1-PB2,572,696,0,2,0,698,A
1-PB2,573,693,0,0,0,693,A
1-PB2,574,0,0,695,0,695,G
1-PB2,575,697,0,0,0,697,A
1-PB2,576,694,0,1,0,695,A
1-PB2,577,0,0,0,700,700,C
1-PB2,578,0,689,0,0,689,T
1-PB2,579,0,0,0,686,686,C
1-PB2,580,1,0,0,690,691,C
1-PB2,581,0,0,694,0,694,G
1-PB2,582,694,0,0,0,694,A
1-PB2,583,0,0,693,0,693,G
1-PB2,584,690,0,0,0,690,A
1-PB2,585,0,684,0,0,684,T
1-PB2,586,0,679,0,0,679,T
1-PB2,587,1,0,677,0,678,G
1-PB2,588,0,0,0,680,680,C
1-PB2,589,678,0,0,0,678,A
1-PB2,590,678,0,0,0,678,A
1-PB2,591,679,0,0,0,679,A
1-PB2,592,682,0,1,0,683,A
1-PB2,593,0,682,0,0,682,T
1-PB2,594,0,678,0,1,679,T
1-PB2,595,0,680,0,2,682,T
1-PB2,596,1,1,0,682,684,C
1-PB2,597,0,681,0,1,682,T
1-PB2,598,0,1,0,792,793,C
1-PB2,599,1,0,0,799,800,C
1-PB2,600,0,0,0,979,979,C
1-PB2,601,0,971,0,1,972,T
1-PB2,602,0,1009,0,1,1010,T
1-PB2,603,0,2,1021,0,1023,G
1-PB2,604,1028,0,1,0,1029,A
1-PB2,605,0,1072,0,0,1072,T
1-PB2,606,1,0,1114,0,1115,G
1-PB2,607,0,1,1414,0,1415,G
1-PB2,608,1,1458,0,1,1460,T
1-PB2,609,0,1459,0,1,1460,T
1-PB2,610,0,0,1644,0,1644,G
1-PB2,611,0,2,0,1663,1665,C
1-PB2,612,1740,1,0,0,1741,A
1-PB2,613,1,1739,0,0,1740,T
1-PB2,614,1759,0,0,6,1765,A
1-PB2,615,0,0,0,1902,1902,C
1-PB2,616,2267,0,1,3,2271,A
1-PB2,617,0,2343,0,1,2344,T
1-PB2,618,0,0,2491,0,2491,G
1-PB2,619,0,2479,0,1,2480,T
1-PB2,620,0,2487,0,0,2487,T
1-PB2,621,2490,0,1,0,2491,A
1-PB2,622,0,2,2493,0,2495,G
1-PB2,623,2522,0,3,0,2525,A
1-PB2,624,0,4,2564,0,2568,G
1-PB2,625,2524,0,0,0,2524,A
1-PB2,626,0,1,2539,0,2540,G
1-PB2,627,2513,1,4,0,2518,A
1-PB2,628,0,0,2535,0,2535,G
1-PB2,629,2547,0,3,1,2551,A
1-PB2,630,2556,1,1,0,2558,A
1-PB2,631,0,1,0,2583,2584,C
1-PB2,632,0,2582,0,0,2582,T
1-PB2,633,0,2580,0,0,2580,T
1-PB2,634,1,0,2574,0,2575,G
1-PB2,635,1,2582,0,0,2583,T
1-PB2,636,2582,0,3,0,2585,A
1-PB2,637,0,1,0,2575,2576,C
1-PB2,638,0,1,2575,0,2576,G
1-PB2,639,2577,1,1,0,2579,A
1-PB2,640,2580,0,2,0,2582,A
1-PB2,641,2614,0,0,0,2614,A
1-PB2,642,2608,0,2,0,2610,A
1-PB2,643,2609,0,3,1,2613,A
1-PB2,644,0,1,0,2622,2623,C
1-PB2,645,2618,0,1,1,2620,A
1-PB2,646,2622,1,4,0,2627,A
1-PB2,647,0,0,2640,0,2640,G
1-PB2,648,2650,0,2,1,2653,A
1-PB2,649,0,2653,0,1,2654,T
1-PB2,650,1,2657,0,1,2659,T
1-PB2,651,0,2672,0,1,2673,T
1-PB2,652,3,0,0,2677,2680,C
1-PB2,653,0,2680,0,4,2684,T
1-PB2,654,0,0,0,2698,2698,C
1-PB2,655,2,0,0,2691,2693,C
1-PB2,656,2,0,0,2704,2706,C
1-PB2,657,2705,0,0,0,2705,A
1-PB2,658,0,1,2745,0,2746,G
1-PB2,659,0,2748,0,0,2748,T
1-PB2,660,0,2744,0,1,2745,T
1-PB2,661,0,0,2748,0,2748,G
1-PB2,662,2,2,0,2743,2747,C
1-PB2,663,0,2749,0,0,2749,T
1-PB2,664,1,1,2751,0,2753,G
1-PB2,665,0,1,2752,0,2753,G
1-PB2,666,0,3,0,2757,2760,C
1-PB2,667,1,1,2749,0,2751,G
1-PB2,668,1,1,2794,0,2796,G
1-PB2,669,2801,0,2,0,2803,A
1-PB2,670,2805,1,1,0,2807,A
1-PB2,671,0,0,0,2815,2815,C
1-PB2,672,2831,0,3,0,2834,A
1-PB2,673,2842,0,4,0,2846,A
1-PB2,674,0,1,3003,0,3004,G
1-PB2,675,1,0,0,3089,3090,C
1-PB2,676,3097,1,8,0,3106,A
1-PB2,677,1,2,3993,0,3996,G
1-PB2,678,1,3990,0,0,3991,T
1-PB2,679,4026,0,0,0,4026,A
1-PB2,680,0,4022,0,1,4023,T
1-PB2,681,4055,1,3,0,4059,A
1-PB2,682,0,4057,0,1,4058,T
1-PB2,683,4007,2,2,0,4011,A
1-PB2,684,3,0,0,4055,4058,C
1-PB2,685,3914,0,0,0,3914,A
1-PB2,686,0,3766,0,2,3768,T
1-PB2,687,0,3675,0,0,3675,T
1-PB2,688,1,0,3681,1,3683,G
1-PB2,689,3674,3,0,0,3677,A
1-PB2,690,3682,0,0,0,3682,A
1-PB2,691,1,1,3727,0,3729,G
1-PB2,692,0,3711,0,3,3714,T
1-PB2,693,0,3697,0,1,3698,T
1-PB2,694,0,3697,1,1,3699,T
1-PB2,695,0,3700,0,1,3701,T
1-PB2,696,3740,0,0,0,3740,A
1-PB2,697,1,2,0,3768,3771,C
1-PB2,698,3787,0,1,0,3788,A
1-PB2,699,0,3785,0,0,3785,T
1-PB2,700,0,3760,0,0,3760,T
1-PB2,701,0,3768,0,1,3769,T
1-PB2,702,0,1,3816,0,3817,G
1-PB2,703,3831,1,4,0,3836,A
1-PB2,704,1,1,0,3850,3852,C
1-PB2,705,2,3834,0,1,3837,T
1-PB2,706,2,0,0,3840,3842,C
1-PB2,707,3827,1,3,0,3831,A
1-PB2,708,4,2,3805,0,3811,G
1-PB2,709,1,1,3909,1,3912,G
1-PB2,710,2,1,3917,0,3920,G
1-PB2,711,3921,2,10,0,3933,A
1-PB2,712,3931,1,2,0,3934,A
1-PB2,713,0,1,0,3931,3932,C
1-PB2,714,102,0,3879,0,3981,G
1-PB2,715,0,3975,1,1,3977,T
1-PB2,716,1,1,4008,0,4010,G
1-PB2,717,1,3982,1,1,3985,T
1-PB2,718,0,3982,0,2,3984,T
1-PB2,719,3,4,4000,0,4007,G
1-PB2,720,1,0,3997,2,4000,G
1-PB2,721,0,2,4059,0,4061,G
1-PB2,722,4040,1,3,0,4044,A
1-PB2,723,4037,1,3,0,4041,A
1-PB2,724,2,0,0,4165,4167,C
1-PB2,725,4160,0,1,0,4161,A
1-PB2,726,4299,0,2,0,4301,A
1-PB2,727,4323,1,1,0,4325,A
1-PB2,728,0,4353,0,0,4353,T
1-PB2,729,2,1,4420,1,4424,G
1-PB2,730,0,4404,0,1,4405,T
1-PB2,731,4405,1,5,0,4411,A
1-PB2,732,3,1,0,4420,4424,C
1-PB2,733,4358,0,4,1,4363,A
1-PB2,734,1,0,1,4361,4363,C
1-PB2,735,0,4256,0,1,4257,T
1-PB2,736,0,0,1,4677,4678,C
1-PB2,737,2,2,0,4677,4681,C
1-PB2,738,4738,0,3,0,4741,A
1-PB2,739,1,3,4777,0,4781,G
1-PB2,740,2,3,4882,0,4887,G
1-PB2,741,1,4883,0,2,4886,T
1-PB2,742,2,1,4887,0,4890,G
1-PB2,743,1,3,4793,0,4797,G
1-PB2,744,4750,0,9,0,4759,A
1-PB2,745,2,3,4804,0,4809,G
1-PB2,746,0,1,4806,0,4807,G
1-PB2,747,4762,3,3,0,4768,A
1-PB2,748,2,0,4819,0,4821,G
1-PB2,749,1,4745,0,1,4747,T
1-PB2,750,1,2,4763,0,4766,G
1-PB2,751,4764,0,7,0,4771,A
1-PB2,752,1,1,4790,2,4794,G
1-PB2,753,2,2,4825,0,4829,G
1-PB2,754,4803,0,1,0,4804,A
1-PB2,755,4817,0,3,0,4820,A
1-PB2,756,1,4842,0,0,4843,T
1-PB2,757,2,2,4827,0,4831,G
1-PB2,758,4840,0,2,0,4842,A
1-PB2,759,0,1,0,4826,4827,C
1-PB2,760,1,0,4829,0,4830,G
1-PB2,761,4902,0,0,0,4902,A
1-PB2,762,0,4875,0,2,4877,T
1-PB2,763,1,0,4910,0,4911,G
1-PB2,764,1,4903,1,4,4909,T
1-PB2,765,0,4878,0,1,4879,T
1-PB2,766,1,2,4919,0,4922,G
1-PB2,767,4926,2,6,0,4934,A
1-PB2,768,2,1,0,4934,4937,C
1-PB2,769,1,1,2,4926,4930,C
1-PB2,770,4889,0,3,0,4892,A
1-PB2,771,4898,2,2,0,4902,A
1-PB2,772,4929,1,3,0,4933,A
1-PB2,773,0,0,5037,0,5037,G
1-PB2,774,3,2,0,5035,5040,C
1-PB2,775,1,1,0,5019,5021,C
1-PB2,776,1,5050,0,2,5053,T
1-PB2,777,5060,0,2,0,5062,A
1-PB2,778,5069,0,3,0,5072,A
1-PB2,779,0,5084,0,1,5085,T
1-PB2,780,0,5077,2,0,5079,T
1-PB2,781,5041,1,0,0,5042,A
1-PB2,782,1,4960,0,1,4962,T
1-PB2,783,0,4937,0,0,4937,T
1-PB2,784,0,2,4915,0,4917,G
1-PB2,785,0,5,0,4910,4915,C
1-PB2,786,0,5,4913,0,4918,G
1-PB2,787,1,3,5042,1,5047,G
1-PB2,788,0,1,0,5025,5026,C
1-PB2,789,1,0,0,5054,5055,C
1-PB2,790,5061,0,0,0,5061,A
1-PB2,791,0,2,5137,0,5139,G
1-PB2,792,1,2,5168,3,5174,G
1-PB2,793,5178,1,6,0,5185,A
1-PB2,794,5206,2,6,0,5214,A
1-PB2,795,0,1,1,5232,5234,C
1-PB2,796,5210,0,1,0,5211,A
1-PB2,797,0,5320,0,1,5321,T
1-PB2,798,5421,2,2,0,5425,A
1-PB2,799,0,0,5475,0,5475,G
1-PB2,800,0,5420,0,2,5422,T
1-PB2,801,5401,0,1,0,5402,A
1-PB2,802,5392,0,3,0,5395,A
1-PB2,803,1,0,5411,0,5412,G
1-PB2,804,5385,1,4,0,5390,A
1-PB2,805,5310,0,2,0,5312,A
1-PB2,806,0,0,5289,0,5289,G
1-PB2,807,5184,0,2,0,5186,A
1-PB2,808,3,2,5180,1,5186,G
1-PB2,809,1,2,0,5178,5181,C
1-PB2,810,3,2,1,5171,5177,C
1-PB2,811,3,0,5190,0,5193,G
1-PB2,812,3,0,0,5218,5221,C
1-PB2,813,5248,0,3,0,5251,A
1-PB2,814,1,2,5617,0,5620,G
1-PB2,815,1,5608,0,3,5612,T
1-PB2,816,5627,0,0,0,5627,A
1-PB2,817,0,5614,0,0,5614,T
1-PB2,818,1,1,0,5647,5649,C
1-PB2,819,5648,0,3,0,5651,A
1-PB2,820,1,2,5657,0,5660,G
1-PB2,821,0,1,0,5653,5654,C
1-PB2,822,5468,0,3,0,5471,A
1-PB2,823,0,2,5414,0,5416,G
1-PB2,824,5426,0,1,1,5428,A
1-PB2,825,0,5409,1,0,5410,T
1-PB2,826,0,1,0,5427,5428,C
1-PB2,827,3,1,2,5431,5437,C
1-PB2,828,5452,1,3,0,5456,A
1-PB2,829,0,0,0,5471,5471,C
1-PB2,830,1,5465,0,2,5468,T
1-PB2,831,5474,0,3,0,5477,A
1-PB2,832,0,1,5468,0,5469,G
1-PB2,833,1,4,0,5431,5436,C
1-PB2,834,5429,0,0,0,5429,A
1-PB2,835,2,5441,0,3,5446,T
1-PB2,836,2,0,0,5510,5512,C
1-PB2,837,1,5503,1,2,5507,T
1-PB2,838,1,5644,0,1,5646,T
1-PB2,839,1,5666,0,2,5669,T
1-PB2,840,5669,0,1,0,5670,A
1-PB2,841,0,5676,1,5,5682,T
1-PB2,842,0,5665,0,0,5665,T
1-PB2,843,8,1,5646,0,5655,G
1-PB2,844,0,1,5677,1,5679,G
1-PB2,845,5589,2,6,0,5597,A
1-PB2,846,0,1,5614,0,5615,G
1-PB2,847,5580,0,3,1,5584,A
1-PB2,848,1,5565,0,0,5566,T
1-PB2,849,1,0,5673,0,5674,G
1-PB2,850,3,5675,0,2,5680,T
1-PB2,851,0,3,5661,1,5665,G
1-PB2,852,0,1,0,5681,5682,C
1-PB2,853,1,0,1,5662,5664,C
1-PB2,854,5656,1,7,1,5665,A
1-PB2,855,2,1,0,5667,5670,C
1-PB2,856,5602,1,9,0,5612,A
1-PB2,857,1,0,5680,0,5681,G
1-PB2,858,0,2,0,5586,5588,C
1-PB2,859,5593,0,3,0,5596,A
1-PB2,860,0,6,0,5592,5598,C
1-PB2,861,5581,1,2,0,5584,A
1-PB2,862,1,0,1,5631,5633,C
1-PB2,863,5610,0,1,0,5611,A
1-PB2,864,5624,0,2,2,5628,A
1-PB2,865,5622,1,2,0,5625,A
1-PB2,866,0,5517,0,1,5518,T
1-PB2,867,0,5516,0,0,5516,T
1-PB2,868,2,1,5497,0,5500,G
1-PB2,869,1,2,5491,0,5494,G
1-PB2,870,1,2,0,5493,5496,C
1-PB2,871,1,3,5469,0,5473,G
1-PB2,872,2,2,5574,0,5578,G
1-PB2,873,0,2,5625,0,5627,G
1-PB2,874,5635,0,3,0,5638,A
1-PB2,875,0,1,0,5636,5637,C
1-PB2,876,5642,0,3,2,5647,A
1-PB2,877,5661,1,7,0,5669,A
1-PB2,878,1,4,5710,0,5715,G
1-PB2,879,2,2,5721,0,5725,G
1-PB2,880,5763,1,3,0,5767,A
1-PB2,881,0,5588,1,1,5590,T
1-PB2,882,2,3,5544,0,5549,G
1-PB2,883,2,2,5588,0,5592,G
1-PB2,884,1,5552,1,3,5557,T
1-PB2,885,0,3,5536,2,5541,G
1-PB2,886,0,0,5534,0,5534,G
1-PB2,887,5499,2,2,0,5503,A
1-PB2,888,1,0,0,5499,5500,C
1-PB2,889,5454,0,3,0,5457,A
1-PB2,890,0,6217,0,1,6218,T
1-PB2,891,0,6207,0,0,6207,T
1-PB2,892,0,0,0,6216,6216,C
1-PB2,893,1,6187,1,4,6193,T
1-PB2,894,0,6188,0,0,6188,T
1-PB2,895,6184,1,2,0,6187,A
1-PB2,896,2,2,6204,0,6208,G
1-PB2,897,6194,0,3,1,6198,A
1-PB2,898,2,0,0,6195,6197,C
1-PB2,899,5450,0,0,0,5450,A
1-PB2,900,1,0,5544,0,5545,G
1-PB2,901,5525,0,3,1,5529,A
1-PB2,902,5527,0,5,0,5532,A
1-PB2,903,4,1,0,5523,5528,C
1-PB2,904,4,0,1,5515,5520,C
1-PB2,905,6,2,0,5503,5511,C
1-PB2,906,0,2,5518,0,5520,G
1-PB2,907,5528,2,4,0,5534,A
1-PB2,908,3,0,0,5545,5548,C
1-PB2,909,1,5485,0,3,5489,T
1-PB2,910,0,1,5516,0,5517,G
1-PB2,911,5506,0,4,0,5510,A
1-PB2,912,5524,0,7,1,5532,A
1-PB2,913,0,1,5551,0,5552,G
1-PB2,914,5534,0,1,0,5535,A
1-PB2,915,5534,1,2,0,5537,A
1-PB2,916,0,0,0,5522,5522,C
1-PB2,917,5500,1,4,0,5505,A
1-PB2,918,5528,0,3,0,5531,A
1-PB2,919,1,3,5579,0,5583,G
1-PB2,920,0,0,0,5620,5620,C
1-PB2,921,0,5559,0,2,5561,T
1-PB2,922,0,1,5635,0,5636,G
1-PB2,923,0,5616,0,1,5617,T
1-PB2,924,2,3,5704,0,5709,G
1-PB2,925,1,1,5903,0,5905,G
1-PB2,926,5912,1,1,1,5915,A
1-PB2,927,0,5900,0,2,5902,T
1-PB2,928,5855,0,8,0,5863,A
1-PB2,929,1,5799,0,2,5802,T
1-PB2,930,5978,0,0,0,5978,A
1-PB2,931,1,5871,0,2,5874,T
1-PB2,932,0,1,5863,0,5864,G
1-PB2,933,1,6,0,5800,5807,C
1-PB2,934,5587,2,4,1,5594,A
1-PB2,935,5601,0,6,0,5607,A
1-PB2,936,1,0,5600,1,5602,G
1-PB2,937,0,2,5601,0,5603,G
1-PB2,938,3,3,0,5609,5615,C
1-PB2,939,1,5499,0,2,5502,T
1-PB2,940,1,1,5532,0,5534,G
1-PB2,941,1,0,0,5540,5541,C
1-PB2,942,5543,2,1,0,5546,A
1-PB2,943,5557,1,0,0,5558,A
1-PB2,944,0,5530,0,1,5531,T
1-PB2,945,4,1,5571,1,5577,G
1-PB2,946,3,2,5532,1,5538,G
1-PB2,947,3,2,5567,1,5573,G
1-PB2,948,5571,0,4,0,5575,A
1-PB2,949,0,5566,0,1,5567,T
1-PB2,950,3,5527,2,2,5534,T
1-PB2,951,0,1,5553,0,5554,G
1-PB2,952,5540,0,5,0,5545,A
1-PB2,953,0,0,5595,1,5596,G
1-PB2,954,5548,1,2,0,5551,A
1-PB2,955,5512,1,2,1,5516,A
1-PB2,956,2,5465,0,0,5467,T
1-PB2,957,1,1,0,5471,5473,C
1-PB2,958,5461,0,5,0,5466,A
1-PB2,959,2,1,5500,0,5503,G
1-PB2,960,0,1,0,5504,5505,C
1-PB2,961,0,5440,0,41,5481,T
1-PB2,962,2,1,0,5464,5467,C
1-PB2,963,5464,0,0,0,5464,A
1-PB2,964,0,5566,0,2,5568,T
1-PB2,965,4,0,0,5570,5574,C
1-PB2,966,1,1,1,5619,5622,C
1-PB2,967,0,5580,0,4,5584,T
1-PB2,968,1,5546,1,3,5551,T
1-PB2,969,2,2,0,5562,5566,C
1-PB2,970,5563,1,6,0,5570,A
1-PB2,971,1,0,5646,0,5647,G
1-PB2,972,1,0,2,5637,5640,C
1-PB2,973,0,5554,0,5,5559,T
1-PB2,974,2,5557,0,2,5561,T
1-PB2,975,0,5524,0,1,5525,T
1-PB2,976,0,3,5528,0,5531,G
1-PB2,977,0,0,5543,0,5543,G
1-PB2,978,0,5524,0,3,5527,T
1-PB2,979,1,5,5549,1,5556,G
1-PB2,980,1,4,5522,0,5527,G
1-PB2,981,0,1,5587,0,5588,G
1-PB2,982,4,5554,0,1,5559,T
1-PB2,983,1,5553,0,2,5556,T
1-PB2,984,0,5553,1,0,5554,T
1-PB2,985,5566,2,2,0,5570,A
1-PB2,986,2,1,0,5586,5589,C
1-PB2,987,5593,0,3,1,5597,A
1-PB2,988,1,5559,0,0,5560,T
1-PB2,989,0,5473,0,1,5474,T
1-PB2,990,1,5450,0,1,5452,T
1-PB2,991,5447,0,0,0,5447,A
1-PB2,992,5442,0,2,0,5444,A
1-PB2,993,5445,0,3,1,5449,A
1-PB2,994,5417,1,4,0,5422,A
1-PB2,995,0,4,5460,1,5465,G
1-PB2,996,5421,1,1,0,5423,A
1-PB2,997,5432,1,1,0,5434,A
1-PB2,998,2,0,0,5443,5445,C
1-PB2,999,5422,1,0,0,5423,A
1-PB2,1000,5422,1,3,0,5426,A
1-PB2,1001,1,1,5431,0,5433,G
1-PB2,1002,2,2,0,5431,5435,C
1-PB2,1003,0,1,5426,0,5427,G
1-PB2,1004,1,3,5438,0,5442,G
1-PB2,1005,2,1,5448,0,5451,G
1-PB2,1006,0,5430,1,9,5440,T
1-PB2,1007,3,4,0,5426,5433,C
1-PB2,1008,5451,0,2,0,5453,A
1-PB2,1009,2,5424,0,3,5429,T
1-PB2,1010,0,1,2,5427,5430,C
1-PB2,1011,5408,2,4,0,5414,A
1-PB2,1012,1,3,5486,0,5490,G
1-PB2,1013,3,5418,0,5,5426,T
1-PB2,1014,5,2,0,5421,5428,C
1-PB2,1015,5395,0,38,0,5433,A
1-PB2,1016,5443,1,0,0,5444,A
1-PB2,1017,5436,0,1,0,5437,A
1-PB2,1018,5436,0,0,0,5436,A
1-PB2,1019,5455,0,2,1,5458,A
1-PB2,1020,5454,1,7,1,5463,A
1-PB2,1021,0,2,5469,0,5471,G
1-PB2,1022,5445,0,1,0,5446,A
1-PB2,1023,5427,0,14,0,5441,A
1-PB2,1024,0,1,5436,0,5437,G
1-PB2,1025,5436,0,0,0,5436,A
1-PB2,1026,5318,0,9,0,5327,A
1-PB2,1027,0,2,5321,0,5323,G
1-PB2,1028,5299,0,5,0,5304,A
1-PB2,1029,0,4,5311,0,5315,G
1-PB2,1030,0,0,5409,1,5410,G
1-PB2,1031,3,5419,0,0,5422,T
1-PB2,1032,2,1,5532,1,5536,G
1-PB2,1033,0,0,0,5571,5571,C
1-PB2,1034,33,5538,2,4,5577,T
1-PB2,1035,0,5601,0,1,5602,T
1-PB2,1036,5592,3,2,0,5597,A
1-PB2,1037,0,2,0,5597,5599,C
1-PB2,1038,5546,1,3,1,5551,A
1-PB2,1039,1,3,5561,0,5565,G
1-PB2,1040,4,0,5557,0,5561,G
1-PB2,1041,1,3,0,5469,5473,C
1-PB2,1042,5398,1,0,0,5399,A
1-PB2,1043,5414,0,2,0,5416,A
1-PB2,1044,2,5519,0,1,5522,T
1-PB2,1045,3,0,1,5571,5575,C
1-PB2,1046,0,5549,1,5,5555,T
1-PB2,1047,2,1,1,5567,5571,C
1-PB2,1048,3,0,1,5547,5551,C
1-PB2,1049,5546,0,1,0,5547,A
1-PB2,1050,5534,1,1,1,5537,A
1-PB2,1051,5546,2,4,1,5553,A
1-PB2,1052,0,0,0,5561,5561,C
1-PB2,1053,5397,1,1,2,5401,A
1-PB2,1054,0,5360,0,5,5365,T
1-PB2,1055,4,5342,0,0,5346,T
1-PB2,1056,2,3,5399,0,5404,G
1-PB2,1057,5391,0,1,1,5393,A
1-PB2,1058,5446,0,4,0,5450,A
1-PB2,1059,5462,1,3,0,5466,A
1-PB2,1060,5455,0,4,1,5460,A
1-PB2,1061,0,5464,1,1,5466,T
1-PB2,1062,5460,0,1,0,5461,A
1-PB2,1063,5453,1,4,0,5458,A
1-PB2,1064,0,1,5567,0,5568,G
1-PB2,1065,5510,0,3,0,5513,A
1-PB2,1066,1,1,5647,0,5649,G
1-PB2,1067,0,5584,1,2,5587,T
1-PB2,1068,5607,1,2,0,5610,A
1-PB2,1069,1,0,0,5735,5736,C
1-PB2,1070,5704,0,1,0,5705,A
1-PB2,1071,0,5704,0,1,5705,T
1-PB2,1072,1,2,5697,1,5701,G
1-PB2,1073,5609,0,7,2,5618,A
1-PB2,1074,1,7,5642,0,5650,G
1-PB2,1075,3,10,5680,1,5694,G
1-PB2,1076,0,5,5968,0,5973,G
1-PB2,1077,2,4,5976,0,5982,G
1-PB2,1078,1,5848,0,2,5851,T
1-PB2,1079,5866,0,3,0,5869,A
1-PB2,1080,0,5839,0,0,5839,T
1-PB2,1081,1,3,5858,0,5862,G
1-PB2,1082,5858,1,5,0,5864,A
1-PB2,1083,2,3,5840,1,5846,G
1-PB2,1084,0,1,5809,0,5810,G
1-PB2,1085,5319,1,2,0,5322,A
1-PB2,1086,1,0,5501,0,5502,G
1-PB2,1087,0,5501,0,3,5504,T
1-PB2,1088,0,5663,0,2,5665,T
1-PB2,1089,2,1,0,5681,5684,C
1-PB2,1090,5677,1,7,0,5685,A
1-PB2,1091,1,5,0,5685,5691,C
1-PB2,1092,5661,1,0,0,5662,A
1-PB2,1093,5686,2,0,0,5688,A
1-PB2,1094,2,5673,0,1,5676,T
1-PB2,1095,1,6,5552,2,5561,G
1-PB2,1096,1,3,5609,0,5613,G
1-PB2,1097,2,5472,1,4,5479,T
1-PB2,1098,4,2,5490,0,5496,G
1-PB2,1099,2,4,5491,1,5498,G
1-PB2,1100,2,6,5484,0,5492,G
1-PB2,1101,0,0,5533,0,5533,G
1-PB2,1102,5498,0,1,0,5499,A
1-PB2,1103,5503,0,3,0,5506,A
1-PB2,1104,5489,1,1,0,5491,A
1-PB2,1105,5372,0,6,0,5378,A
1-PB2,1106,2,2,5467,0,5471,G
1-PB2,1107,5428,0,6,0,5434,A
1-PB2,1108,1,1,5447,0,5449,G
1-PB2,1109,0,1,0,5443,5444,C
1-PB2,1110,5407,1,4,0,5412,A
1-PB2,1111,5425,1,3,0,5429,A
1-PB2,1112,1,2,0,5616,5619,C
1-PB2,1113,5607,1,2,0,5610,A
1-PB2,1114,2,3,5718,1,5724,G
1-PB2,1115,1,1,0,5675,5677,C
1-PB2,1116,0,5660,0,2,5662,T
1-PB2,1117,5832,0,2,0,5834,A
1-PB2,1118,2,5819,0,0,5821,T
1-PB2,1119,5847,1,3,0,5851,A
1-PB2,1120,5,3,0,5852,5860,C
1-PB2,1121,1,5614,0,3,5618,T
1-PB2,1122,5646,0,1,0,5647,A
1-PB2,1123,5556,1,2,0,5559,A
1-PB2,1124,2,0,5564,0,5566,G
1-PB2,1125,5564,0,0,1,5565,A
1-PB2,1126,5393,1,1,0,5395,A
1-PB2,1127,5401,0,0,0,5401,A
1-PB2,1128,5382,0,10,0,5392,A
1-PB2,1129,1,1,5394,1,5397,G
1-PB2,1130,0,0,0,5389,5389,C
1-PB2,1131,5381,1,0,1,5383,A
1-PB2,1132,5394,1,3,0,5398,A
1-PB2,1133,0,1,0,5426,5427,C
1-PB2,1134,0,2,0,5426,5428,C
1-PB2,1135,5426,1,0,0,5427,A
1-PB2,1136,0,1,5463,0,5464,G
1-PB2,1137,5455,0,3,2,5460,A
1-PB2,1138,5437,0,2,1,5440,A
1-PB2,1139,0,1,5514,0,5515,G
1-PB2,1140,5490,0,5,0,5495,A
1-PB2,1141,0,5475,0,1,5476,T
1-PB2,1142,1,5476,0,1,5478,T
1-PB2,1143,0,6,5488,1,5495,G
1-PB2,1144,0,1,5591,0,5592,G
1-PB2,1145,0,5561,0,9,5570,T
1-PB2,1146,3,5554,0,3,5560,T
1-PB2,1147,1,2,0,5563,5566,C
1-PB2,1148,5644,0,3,0,5647,A
1-PB2,1149,2,1,5859,0,5862,G
1-PB2,1150,2,2,1,5903,5908,C
1-PB2,1151,0,5876,0,6,5882,T
1-PB2,1152,3,0,0,5909,5912,C
1-PB2,1153,5839,2,0,2,5843,A
1-PB2,1154,1,5854,0,3,5858,T
1-PB2,1155,5852,0,3,1,5856,A
1-PB2,1156,0,1,5887,0,5888,G
1-PB2,1157,2,5609,0,1,5612,T
1-PB2,1158,1,3,5631,0,5635,G
1-PB2,1159,5450,0,5,1,5456,A
1-PB2,1160,0,0,5536,0,5536,G
1-PB2,1161,2,5498,0,3,5503,T
1-PB2,1162,0,5,5500,0,5505,G
1-PB2,1163,0,1,5551,1,5553,G
1-PB2,1164,5548,0,3,0,5551,A
1-PB2,1165,5503,0,6,0,5509,A
1-PB2,1166,0,1,5541,0,5542,G
1-PB2,1167,5459,0,2,0,5461,A
1-PB2,1168,0,4,5488,0,5492,G
1-PB2,1169,5429,0,10,0,5439,A
1-PB2,1170,2,1,0,5426,5429,C
1-PB2,1171,2,2,5434,0,5438,G
1-PB2,1172,5386,3,0,0,5389,A
1-PB2,1173,5409,1,6,0,5416,A
1-PB2,1174,0,4,0,5418,5422,C
1-PB2,1175,5386,1,6,0,5393,A
1-PB2,1176,1,1,5691,0,5693,G
1-PB2,1177,0,5665,0,4,5669,T
1-PB2,1178,1,1,1,5669,5672,C
1-PB2,1179,5664,0,4,0,5668,A
1-PB2,1180,5659,1,2,1,5663,A
1-PB2,1181,0,5661,0,0,5661,T
1-PB2,1182,5653,0,2,0,5655,A
1-PB2,1183,1,4,5639,0,5644,G
1-PB2,1184,4,1,0,5629,5634,C
1-PB2,1185,2,2,0,5467,5471,C
1-PB2,1186,1,1,5453,0,5455,G
1-PB2,1187,5462,2,0,0,5464,A
1-PB2,1188,5475,1,4,1,5481,A
1-PB2,1189,1,0,5539,1,5541,G
1-PB2,1190,2,1,0,5644,5647,C
1-PB2,1191,5631,0,3,0,5634,A
1-PB2,1192,5634,1,0,1,5636,A
1-PB2,1193,0,5642,0,0,5642,T
1-PB2,1194,5662,0,2,0,5664,A
1-PB2,1195,5724,0,0,0,5724,A
1-PB2,1196,1,5707,0,1,5709,T
1-PB2,1197,1,2,0,5678,5681,C
1-PB2,1198,4,0,5663,0,5667,G
1-PB2,1199,0,5554,1,5,5560,T
1-PB2,1200,0,5,5538,0,5543,G
1-PB2,1201,4,1,5602,0,5607,G
1-PB2,1202,0,2,1,5605,5608,C
1-PB2,1203,3,2,0,5588,5593,C
1-PB2,1204,5554,1,4,0,5559,A
1-PB2,1205,1,5485,0,75,5561,T
1-PB2,1206,2,5,5567,1,5575,G
1-PB2,1207,1,0,5651,0,5652,G
1-PB2,1208,1,5617,3,1,5622,T
1-PB2,1209,0,0,5649,0,5649,G
1-PB2,1210,0,5513,3,3,5519,T
1-PB2,1211,0,5530,0,4,5534,T
1-PB2,1212,2,5531,1,1,5535,T
1-PB2,1213,1,5546,0,4,5551,T
1-PB2,1214,0,3,0,5595,5598,C
1-PB2,1215,5584,2,2,0,5588,A
1-PB2,1216,0,1,0,5701,5702,C
1-PB2,1217,5634,0,3,0,5637,A
1-PB2,1218,5630,0,5,0,5635,A
1-PB2,1219,0,3,5650,0,5653,G
1-PB2,1220,5593,0,0,0,5593,A
1-PB2,1221,135,4,5512,0,5651,G
1-PB2,1222,2,3,5657,0,5662,G
1-PB2,1223,5587,1,1,0,5589,A
1-PB2,1224,1,5600,1,3,5605,T
1-PB2,1225,3,5473,1,1,5478,T
1-PB2,1226,2,2,5469,0,5473,G
1-PB2,1227,3,1,0,5358,5362,C
1-PB2,1228,5401,1,0,0,5402,A
1-PB2,1229,0,5440,1,1,5442,T
1-PB2,1230,0,2,5603,0,5605,G
1-PB2,1231,5619,2,5,0,5626,A
1-PB2,1232,1,5654,0,1,5656,T
1-PB2,1233,5626,1,0,0,5627,A
1-PB2,1234,5619,1,3,1,5624,A
1-PB2,1235,5620,1,4,1,5626,A
1-PB2,1236,5626,0,7,1,5634,A
1-PB2,1237,0,2,5652,0,5654,G
1-PB2,1238,2,1,0,5741,5744,C
1-PB2,1239,5771,3,4,1,5779,A
1-PB2,1240,1,5,5930,0,5936,G
1-PB2,1241,1,5914,0,4,5919,T
1-PB2,1242,0,5910,1,2,5913,T
1-PB2,1243,5920,0,1,0,5921,A
1-PB2,1244,2,1,5936,1,5940,G
1-PB2,1245,5895,1,8,1,5905,A
1-PB2,1246,2,4,5904,0,5910,G
1-PB2,1247,3,1,5888,0,5892,G
1-PB2,1248,0,5660,0,4,5664,T
1-PB2,1249,1,1,5667,0,5669,G
1-PB2,1250,5674,1,3,0,5678,A
1-PB2,1251,1,2,0,5682,5685,C
1-PB2,1252,4,3,0,5701,5708,C
1-PB2,1253,3,5673,1,2,5679,T
1-PB2,1254,1,2,5708,1,5712,G
1-PB2,1255,5701,0,3,0,5704,A
1-PB2,1256,5707,0,0,1,5708,A
1-PB2,1257,0,5700,0,1,5701,T
1-PB2,1258,0,5737,2,5,5744,T
1-PB2,1259,1,5753,0,1,5755,T
1-PB2,1260,1,1,0,5759,5761,C
1-PB2,1261,2,0,5748,0,5750,G
1-PB2,1262,3,5752,0,4,5759,T
1-PB2,1263,0,1,0,5761,5762,C
1-PB2,1264,5764,0,3,0,5767,A
1-PB2,1265,5776,1,1,0,5778,A
1-PB2,1266,0,2,0,5777,5779,C
1-PB2,1267,5695,1,1,0,5697,A
1-PB2,1268,0,3,5776,0,5779,G
1-PB2,1269,5748,0,5,0,5753,A
1-PB2,1270,0,2,5766,0,5768,G
1-PB2,1271,0,3,0,5763,5766,C
1-PB2,1272,5749,1,1,1,5752,A
1-PB2,1273,5804,0,3,0,5807,A
1-PB2,1274,5804,1,0,0,5805,A
1-PB2,1275,0,5788,0,2,5790,T
1-PB2,1276,0,0,0,5804,5804,C
1-PB2,1277,5745,0,1,0,5746,A
1-PB2,1278,1,1,5749,0,5751,G
1-PB2,1279,3,2,0,5760,5765,C
1-PB2,1280,0,4,5758,1,5763,G
1-PB2,1281,0,0,6043,0,6043,G
1-PB2,1282,0,6002,0,1,6003,T
1-PB2,1283,0,6004,0,2,6006,T
1-PB2,1284,1,1,6027,0,6029,G
1-PB2,1285,6024,0,2,0,6026,A
1-PB2,1286,6059,0,6,0,6065,A
1-PB2,1287,0,0,0,6074,6074,C
1-PB2,1288,4,0,0,6041,6045,C
1-PB2,1289,1,1,0,6087,6089,C
1-PB2,1290,3,0,0,5866,5869,C
1-PB2,1291,5900,1,2,0,5903,A
1-PB2,1292,1,5906,0,6,5913,T
1-PB2,1293,5,4,5917,1,5927,G
1-PB2,1294,0,1,1,5932,5934,C
1-PB2,1295,5901,0,1,0,5902,A
1-PB2,1296,1,5858,1,4,5864,T
1-PB2,1297,2,2,0,5848,5852,C
1-PB2,1298,5817,0,4,1,5822,A
1-PB2,1299,1,1,5882,0,5884,G
1-PB2,1300,1,3,0,5900,5904,C
1-PB2,1301,0,5872,0,7,5879,T
1-PB2,1302,0,5879,1,2,5882,T
1-PB2,1303,0,5873,0,0,5873,T
1-PB2,1304,2,5874,2,2,5880,T
1-PB2,1305,5886,0,0,0,5886,A
1-PB2,1306,5875,2,2,0,5879,A
1-PB2,1307,0,1,5873,0,5874,G
1-PB2,1308,0,1,5846,0,5847,G
1-PB2,1309,0,1,1,5813,5815,C
1-PB2,1310,5805,0,2,0,5807,A
1-PB2,1311,2,5802,0,4,5808,T
1-PB2,1312,0,5812,1,2,5815,T
1-PB2,1313,0,5827,0,1,5828,T
1-PB2,1314,1,5843,1,1,5846,T
1-PB2,1315,2,1,0,5840,5843,C
1-PB2,1316,5837,0,3,0,5840,A
1-PB2,1317,1,0,5842,0,5843,G
1-PB2,1318,5832,2,0,0,5834,A
1-PB2,1319,5827,0,3,0,5830,A
1-PB2,1320,5803,1,6,0,5810,A
1-PB2,1321,1,2,5816,0,5819,G
1-PB2,1322,5852,1,3,0,5856,A
1-PB2,1323,0,5837,0,4,5841,T
1-PB2,1324,1,1,5837,1,5840,G
1-PB2,1325,1,5,1,5833,5840,C
1-PB2,1326,4,0,5846,0,5850,G
1-PB2,1327,5839,0,3,2,5844,A
1-PB2,1328,5841,0,0,0,5841,A
1-PB2,1329,5837,2,2,0,5841,A
1-PB2,1330,3,3,5838,0,5844,G
1-PB2,1331,2,5772,1,2,5777,T
1-PB2,1332,1,1,5778,0,5780,G
1-PB2,1333,1,1,2,5753,5757,C
1-PB2,1334,0,5765,0,5,5770,T
1-PB2,1335,1,5767,0,1,5769,T
1-PB2,1336,0,5777,1,0,5778,T
1-PB2,1337,0,5777,0,2,5779,T
1-PB2,1338,2,5767,0,2,5771,T
1-PB2,1339,3,2,0,5772,5777,C
1-PB2,1340,5770,1,2,1,5774,A
1-PB2,1341,5781,1,1,0,5783,A
1-PB2,1342,5769,0,2,0,5771,A
1-PB2,1343,5804,0,0,0,5804,A
1-PB2,1344,1,5782,2,0,5785,T
1-PB2,1345,1,5797,0,0,5798,T
1-PB2,1346,2,2,5786,0,5790,G
1-PB2,1347,0,7,5789,0,5796,G
1-PB2,1348,1,3,5780,0,5784,G
1-PB2,1349,3,1,5851,0,5855,G
1-PB2,1350,5835,0,2,0,5837,A
1-PB2,1351,0,2,5921,0,5923,G
1-PB2,1352,2,5896,0,2,5900,T
1-PB2,1353,1,5894,0,1,5896,T
1-PB2,1354,2,1,5921,0,5924,G
1-PB2,1355,5924,0,4,0,5928,A
1-PB2,1356,5916,1,10,0,5927,A
1-PB2,1357,2,3,1,6049,6055,C
1-PB2,1358,5949,1,1,0,5951,A
1-PB2,1359,0,0,0,6054,6054,C
1-PB2,1360,5954,0,4,0,5958,A
1-PB2,1361,1,5967,3,0,5971,T
1-PB2,1362,1,2,0,5990,5993,C
1-PB2,1363,1,1,5979,1,5982,G
1-PB2,1364,6002,2,2,0,6006,A
1-PB2,1365,0,1,0,5996,5997,C
1-PB2,1366,5764,0,2,1,5767,A
1-PB2,1367,1,6,5906,0,5913,G
1-PB2,1368,0,5781,1,6,5788,T
1-PB2,1369,0,1,5843,0,5844,G
1-PB2,1370,4,5807,0,2,5813,T
1-PB2,1371,3,1,5810,0,5814,G
1-PB2,1372,5816,2,3,0,5821,A
1-PB2,1373,0,5769,0,4,5773,T
1-PB2,1374,0,1,5767,0,5768,G
1-PB2,1375,1,3,5748,0,5752,G
1-PB2,1376,1,1,5656,0,5658,G
1-PB2,1377,5603,1,2,0,5606,A
1-PB2,1378,5557,0,1,0,5558,A
1-PB2,1379,1,5543,1,0,5545,T
1-PB2,1380,1,0,5570,0,5571,G
1-PB2,1381,5572,1,1,0,5574,A
1-PB2,1382,1,5560,0,0,5561,T
1-PB2,1383,1,5546,1,2,5550,T
1-PB2,1384,3,4,5510,0,5517,G
1-PB2,1385,1,2,5609,0,5612,G
1-PB2,1386,5592,4,6,0,5602,A
1-PB2,1387,1,1,5663,0,5665,G
1-PB2,1388,0,5603,0,0,5603,T
1-PB2,1389,5567,0,4,0,5571,A
1-PB2,1390,1,5576,0,2,5579,T
1-PB2,1391,0,5599,0,2,5601,T
1-PB2,1392,5638,1,5,1,5645,A
1-PB2,1393,3,0,0,5634,5637,C
1-PB2,1394,0,3,0,5539,5542,C
1-PB2,1395,5477,0,3,1,5481,A
1-PB2,1396,1,0,5504,0,5505,G
1-PB2,1397,5429,0,1,0,5430,A
1-PB2,1398,0,5381,0,1,5382,T
1-PB2,1399,5485,0,1,1,5487,A
1-PB2,1400,0,5424,0,5,5429,T
1-PB2,1401,2,4,5392,0,5398,G
1-PB2,1402,5399,0,5,0,5404,A
1-PB2,1403,2,0,0,5437,5439,C
1-PB2,1404,0,5379,0,4,5383,T
1-PB2,1405,1,3,1,5381,5386,C
1-PB2,1406,5,3,1,5307,5316,C
1-PB2,1407,5324,1,4,0,5329,A
1-PB2,1408,5337,1,11,0,5349,A
1-PB2,1409,1,1,5448,0,5450,G
1-PB2,1410,1,1,1,5421,5424,C
1-PB2,1411,5403,2,6,0,5411,A
1-PB2,1412,1,2,0,5391,5394,C
1-PB2,1413,5346,1,1,0,5348,A
1-PB2,1414,3,1,5358,0,5362,G
1-PB2,1415,5330,1,0,0,5331,A
1-PB2,1416,0,3,5351,0,5354,G
1-PB2,1417,5343,1,3,0,5347,A
1-PB2,1418,1,5188,0,1,5190,T
1-PB2,1419,0,0,5242,0,5242,G
1-PB2,1420,2,5224,0,3,5229,T
1-PB2,1421,2,0,0,5196,5198,C
1-PB2,1422,5221,1,7,0,5229,A
1-PB2,1423,5203,0,1,0,5204,A
1-PB2,1424,0,5202,0,0,5202,T
1-PB2,1425,0,2,5191,0,5193,G
1-PB2,1426,5104,2,1,0,5107,A
1-PB2,1427,1,3,5117,0,5121,G
1-PB2,1428,5055,0,1,0,5056,A
1-PB2,1429,0,1,5066,0,5067,G
1-PB2,1430,0,1,5238,0,5239,G
1-PB2,1431,5243,0,3,0,5246,A
1-PB2,1432,5253,0,1,0,5254,A
1-PB2,1433,1,5242,1,0,5244,T
1-PB2,1434,5241,0,2,0,5243,A
1-PB2,1435,5246,0,2,0,5248,A
1-PB2,1436,0,0,5234,0,5234,G
1-PB2,1437,5224,0,4,0,5228,A
1-PB2,1438,1,4,5227,0,5232,G
1-PB2,1439,1,4891,0,0,4892,T
1-PB2,1440,0,0,1,4906,4907,C
1-PB2,1441,4890,1,5,5,4901,A
1-PB2,1442,1,1,4926,0,4928,G
1-PB2,1443,2,3,0,4922,4927,C
1-PB2,1444,4921,1,1,0,4923,A
1-PB2,1445,4924,0,2,0,4926,A
1-PB2,1446,4902,0,1,0,4903,A
1-PB2,1447,4913,0,2,0,4915,A
1-PB2,1448,0,4906,0,1,4907,T
1-PB2,1449,2,2,4906,2,4912,G
1-PB2,1450,1,4,4900,0,4905,G
1-PB2,1451,2,0,4923,0,4925,G
1-PB2,1452,1,4866,2,2,4871,T
1-PB2,1453,1,2,4881,0,4884,G
1-PB2,1454,0,4844,0,7,4851,T
1-PB2,1455,0,3,4856,1,4860,G
1-PB2,1456,0,2,4903,0,4905,G
1-PB2,1457,4902,1,2,0,4905,A
1-PB2,1458,3,4855,0,3,4861,T
1-PB2,1459,3,2,4872,2,4879,G
1-PB2,1460,4835,0,3,0,4838,A
1-PB2,1461,4854,1,2,2,4859,A
1-PB2,1462,1,4846,0,1,4848,T
1-PB2,1463,4806,1,2,0,4809,A
1-PB2,1464,3,1,0,5053,5057,C
1-PB2,1465,3,4943,0,3,4949,T
1-PB2,1466,6,0,2,4986,4994,C
1-PB2,1467,2,0,0,4992,4994,C
1-PB2,1468,4930,0,2,0,4932,A
1-PB2,1469,4,1,5077,1,5083,G
1-PB2,1470,0,5043,0,1,5044,T
1-PB2,1471,5069,0,2,0,5071,A
1-PB2,1472,3,1,0,5077,5081,C
1-PB2,1473,4521,0,5,0,4526,A
1-PB2,1474,1,0,4536,1,4538,G
1-PB2,1475,4416,0,0,0,4416,A
1-PB2,1476,2,0,4432,0,4434,G
1-PB2,1477,4286,1,0,0,4287,A
1-PB2,1478,0,2,4112,0,4114,G
1-PB2,1479,0,5,4102,0,4107,G
1-PB2,1480,0,4,4085,0,4089,G
1-PB2,1481,0,4023,0,3,4026,T
1-PB2,1482,0,1,4016,0,4017,G
1-PB2,1483,2,0,4015,0,4017,G
1-PB2,1484,0,3979,0,0,3979,T
1-PB2,1485,2,2,4051,0,4055,G
1-PB2,1486,0,0,4054,1,4055,G
1-PB2,1487,1,3942,0,4,3947,T
1-PB2,1488,0,3931,0,2,3933,T
1-PB2,1489,3876,0,1,0,3877,A
1-PB2,1490,0,1,3893,0,3894,G
1-PB2,1491,0,0,0,3888,3888,C
1-PB2,1492,3862,0,1,0,3863,A
1-PB2,1493,0,3857,0,0,3857,T
1-PB2,1494,2,3593,0,0,3595,T
1-PB2,1495,0,2,3604,0,3606,G
1-PB2,1496,3599,0,1,0,3600,A
1-PB2,1497,1,3598,0,1,3600,T
1-PB2,1498,1,0,0,3596,3597,C
1-PB2,1499,0,1,3561,0,3562,G
1-PB2,1500,1,1,3633,0,3635,G
1-PB2,1501,0,3632,0,0,3632,T
1-PB2,1502,0,3626,2,2,3630,T
1-PB2,1503,0,3619,0,1,3620,T
1-PB2,1504,1,3620,0,1,3622,T
1-PB2,1505,0,3617,1,4,3622,T
1-PB2,1506,2,3,3619,0,3624,G
1-PB2,1507,3608,1,4,0,3613,A
1-PB2,1508,1,1,3621,0,3623,G
1-PB2,1509,3441,0,2,0,3443,A
1-PB2,1510,1,3,3460,0,3464,G
1-PB2,1511,0,3459,1,1,3461,T
1-PB2,1512,1,3454,1,0,3456,T
1-PB2,1513,4,3,0,3455,3462,C
1-PB2,1514,1,0,3463,0,3464,G
1-PB2,1515,3467,0,3,0,3470,A
1-PB2,1516,0,0,3469,0,3469,G
1-PB2,1517,3463,0,4,0,3467,A
1-PB2,1518,0,1,0,3455,3456,C
1-PB2,1519,4,1,0,3405,3410,C
1-PB2,1520,3348,0,2,0,3350,A
1-PB2,1521,3374,1,1,0,3376,A
1-PB2,1522,1,0,0,3374,3375,C
1-PB2,1523,0,0,3383,0,3383,G
1-PB2,1524,0,3365,0,1,3366,T
1-PB2,1525,1,1,3357,0,3359,G
1-PB2,1526,2,2,3359,0,3363,G
1-PB2,1527,3241,1,1,0,3243,A
1-PB2,1528,3254,0,6,0,3260,A
1-PB2,1529,3261,0,1,0,3262,A
1-PB2,1530,1,3261,0,0,3262,T
1-PB2,1531,0,2,3317,0,3319,G
1-PB2,1532,0,3278,0,1,3279,T
1-PB2,1533,3280,0,1,0,3281,A
1-PB2,1534,0,3284,0,0,3284,T
1-PB2,1535,0,3251,0,2,3253,T
1-PB2,1536,3290,0,1,0,3291,A
1-PB2,1537,2,3263,0,5,3270,T
1-PB2,1538,0,3223,0,1,3224,T
1-PB2,1539,3215,0,0,0,3215,A
1-PB2,1540,0,2941,0,3,2944,T
1-PB2,1541,3,0,0,2985,2988,C
1-PB2,1542,0,2948,1,6,2955,T
1-PB2,1543,2,0,1,2960,2963,C
1-PB2,1544,3,1,0,2957,2961,C
1-PB2,1545,1,2858,0,2,2861,T
1-PB2,1546,1,0,2870,0,2871,G
1-PB2,1547,2849,1,2,0,2852,A
1-PB2,1548,1,1,2854,0,2856,G
1-PB2,1549,0,1,2845,0,2846,G
1-PB2,1550,2424,1,2,0,2427,A
1-PB2,1551,0,1,2442,0,2443,G
1-PB2,1552,0,1,2413,0,2414,G
1-PB2,1553,1,2355,0,0,2356,T
1-PB2,1554,0,0,0,2356,2356,C
1-PB2,1555,2326,0,2,0,2328,A
1-PB2,1556,0,0,2348,0,2348,G
1-PB2,1557,0,2334,0,3,2337,T
1-PB2,1558,0,1,2334,0,2335,G
1-PB2,1559,2332,1,2,0,2335,A
1-PB2,1560,2209,0,3,0,2212,A
1-PB2,1561,2210,1,0,0,2211,A
1-PB2,1562,1,0,0,2211,2212,C
1-PB2,1563,2191,1,1,0,2193,A
1-PB2,1564,0,0,0,2192,2192,C
1-PB2,1565,2043,0,2,0,2045,A
1-PB2,1566,0,1,2050,0,2051,G
1-PB2,1567,0,3,2037,0,2040,G
1-PB2,1568,0,0,2049,0,2049,G
1-PB2,1569,2040,0,0,0,2040,A
1-PB2,1570,1986,1,1,0,1988,A
1-PB2,1571,0,2,0,2002,2004,C
1-PB2,1572,0,1948,0,1,1949,T
1-PB2,1573,1,1,1948,0,1950,G
1-PB2,1574,1929,0,2,0,1931,A
1-PB2,1575,1,1,1931,1,1934,G
1-PB2,1576,1882,0,0,0,1882,A
1-PB2,1577,0,0,1761,0,1761,G
1-PB2,1578,1748,0,2,0,1750,A
1-PB2,1579,0,0,0,1743,1743,C
1-PB2,1580,0,1648,0,1,1649,T
1-PB2,1581,0,0,1659,0,1659,G
1-PB2,1582,1642,0,1,0,1643,A
1-PB2,1583,0,0,0,1641,1641,C
1-PB2,1584,1636,0,0,0,1636,A
1-PB2,1585,1632,0,0,0,1632,A
1-PB2,1586,2,1615,0,0,1617,T
1-PB2,1587,1603,0,0,0,1603,A
1-PB2,1588,1607,0,0,0,1607,A
1-PB2,1589,1,0,1,1610,1612,C
1-PB2,1590,0,1437,0,1,1438,T
1-PB2,1591,0,1410,0,0,1410,T
1-PB2,1592,1386,0,0,0,1386,A
1-PB2,1593,1,1383,0,0,1384,T
1-PB2,1594,0,1379,0,0,1379,T
1-PB2,1595,0,0,0,1371,1371,C
1-PB2,1596,1245,0,0,1,1246,A
1-PB2,1597,0,1244,0,0,1244,T
1-PB2,1598,1,0,0,1169,1170,C
1-PB2,1599,0,0,1165,0,1165,G
1-PB2,1600,0,1167,0,1,1168,T
1-PB2,1601,1,0,0,1149,1150,C
1-PB2,1602,0,0,1147,0,1147,G
1-PB2,1603,1144,1,1,0,1146,A
1-PB2,1604,0,1145,1,0,1146,T
1-PB2,1605,1,0,1139,0,1140,G
1-PB2,1606,1134,0,0,0,1134,A
1-PB2,1607,0,1132,0,0,1132,T
1-PB2,1608,0,0,1121,0,1121,G
1-PB2,1609,0,1041,0,0,1041,T
1-PB2,1610,2,1,1031,0,1034,G
1-PB2,1611,1,0,1039,0,1040,G
1-PB2,1612,0,0,1037,0,1037,G
1-PB2,1613,1003,0,1,0,1004,A
1-PB2,1614,0,0,984,0,984,G
1-PB2,1615,854,0,0,0,854,A
1-PB2,1616,0,800,0,0,800,T
1-PB2,1617,1,741,0,0,742,T
1-PB2,1618,736,1,0,0,737,A
1-PB2,1619,729,1,1,0,731,A
1-PB2,1620,0,0,0,721,721,C
1-PB2,1621,0,1,611,0,612,G
1-PB2,1622,0,0,587,0,587,G
1-PB2,1623,0,394,0,0,394,T
1-PB2,1624,0,1,0,370,371,C
1-PB2,1625,0,0,0,367,367,C
1-PB2,1626,0,309,0,1,310,T
1-PB2,1627,0,0,314,0,314,G
1-PB2,1628,312,0,0,0,312,A
1-PB2,1629,0,0,311,0,311,G
1-PB2,1630,0,311,0,0,311,T
1-PB2,1631,0,0,0,299,299,C
1-PB2,1632,0,0,295,0,295,G
1-PB2,1633,0,0,299,0,299,G
1-PB2,1634,0,298,0,0,298,T
1-PB2,1635,0,298,0,0,298,T
1-PB2,1636,0,296,0,0,296,T
1-PB2,1637,0,297,0,0,297,T
1-PB2,1638,0,0,304,0,304,G
1-PB2,1639,0,0,303,0,303,G
1-PB2,1640,0,304,0,1,305,T
1-PB2,1641,0,0,0,307,307,C
1-PB2,1642,300,0,0,0,300,A
1-PB2,1643,310,0,0,0,310,A
1-PB2,1644,0,310,0,0,310,T
1-PB2,1645,312,0,0,0,312,A
1-PB2,1646,0,0,0,324,324,C
1-PB2,1647,0,0,0,317,317,C
1-PB2,1648,0,316,0,0,316,T
1-PB2,1649,320,0,1,0,321,A
1-PB2,1650,0,320,0,0,320,T
1-PB2,1651,1,0,1,317,319,C
1-PB2,1652,315,0,0,0,315,A
1-PB2,1653,314,0,0,0,314,A
1-PB2,1654,0,312,0,0,312,T
1-PB2,1655,0,0,308,0,308,G
1-PB2,1656,0,0,310,0,310,G
1-PB2,1657,309,0,0,0,309,A
1-PB2,1658,0,303,0,0,303,T
1-PB2,1659,0,0,0,303,303,C
1-PB2,1660,303,0,0,0,303,A
1-PB2,1661,0,303,0,1,304,T
1-PB2,1662,0,0,0,305,305,C
1-PB2,1663,304,0,0,0,304,A
1-PB2,1664,0,0,307,0,307,G
1-PB2,1665,306,0,0,0,306,A
1-PB2,1666,308,0,0,0,308,A
1-PB2,1667,307,0,0,0,307,A
1-PB2,1668,0,310,0,0,310,T
1-PB2,1669,0,306,0,0,306,T
1-PB2,1670,0,0,306,0,306,G
1-PB2,1671,0,0,304,0,304,G
1-PB2,1672,7,0,296,0,303,G
1-PB2,1673,304,0,0,0,304,A
1-PB2,1674,301,0,1,0,302,A
1-PB2,1675,0,0,303,0,303,G
1-PB2,1676,0,0,0,300,300,C
1-PB2,1677,0,301,0,0,301,T
1-PB2,1678,0,0,303,0,303,G
1-PB2,1679,1,300,0,0,301,T
1-PB2,1680,0,0,0,301,301,C
1-PB2,1681,302,0,0,0,302,A
1-PB2,1682,305,0,0,0,305,A
1-PB2,1683,305,0,0,0,305,A
1-PB2,1684,306,0,0,0,306,A
1-PB2,1685,0,307,0,0,307,T
1-PB2,1686,0,306,0,0,306,T
1-PB2,1687,1,0,0,301,302,C
1-PB2,1688,302,0,1,0,303,A
1-PB2,1689,303,0,0,0,303,A
1-PB2,1690,0,304,0,0,304,T
1-PB2,1691,0,0,303,0,303,G
1-PB2,1692,0,0,308,0,308,G
1-PB2,1693,0,315,0,0,315,T
1-PB2,1694,1,0,0,312,313,C
1-PB2,1695,0,313,0,1,314,T
1-PB2,1696,0,0,0,316,316,C
1-PB2,1697,316,0,0,0,316,A
1-PB2,1698,0,0,315,0,315,G
1-PB2,1699,316,0,0,0,316,A
1-PB2,1700,312,0,0,0,312,A
1-PB2,1701,0,305,0,0,305,T
1-PB2,1702,2,0,0,303,305,C
1-PB2,1703,0,0,0,309,309,C
1-PB2,1704,0,309,0,0,309,T
1-PB2,1705,0,1,307,0,308,G
1-PB2,1706,0,0,0,309,309,C
1-PB2,1707,306,0,0,0,306,A
1-PB2,1708,312,0,1,0,313,A
1-PB2,1709,0,308,0,0,308,T
1-PB2,1710,0,0,318,0,318,G
1-PB2,1711,0,318,0,0,318,T
1-PB2,1712,0,308,0,0,308,T
1-PB2,1713,0,0,311,0,311,G
1-PB2,1714,0,311,0,0,311,T
1-PB2,1715,310,0,0,0,310,A
1-PB2,1716,0,0,0,310,310,C
1-PB2,1717,307,0,0,0,307,A
1-PB2,1718,309,0,0,0,309,A
1-PB2,1719,1,0,0,304,305,C
1-PB2,1720,298,0,0,0,298,A
1-PB2,1721,298,0,0,0,298,A
1-PB2,1722,293,0,0,0,293,A
1-PB2,1723,293,0,0,0,293,A
1-PB2,1724,0,294,0,0,294,T
1-PB2,1725,0,0,292,0,292,G
1-PB2,1726,0,0,294,0,294,G
1-PB2,1727,290,1,0,0,291,A
1-PB2,1728,289,0,1,0,290,A
1-PB2,1729,0,291,0,0,291,T
1-PB2,1730,0,291,0,0,291,T
1-PB2,1731,0,292,0,0,292,T
1-PB2,1732,0,0,292,0,292,G
1-PB2,1733,291,0,0,0,291,A
1-PB2,1734,291,0,0,0,291,A
1-PB2,1735,0,0,0,291,291,C
1-PB2,1736,0,0,0,288,288,C
1-PB2,1737,0,0,287,0,287,G
1-PB2,1738,0,294,0,0,294,T
1-PB2,1739,0,293,1,0,294,T
1-PB2,1740,0,295,0,0,295,T
1-PB2,1741,0,0,0,296,296,C
1-PB2,1742,296,0,0,0,296,A
1-PB2,1743,296,0,0,0,296,A
1-PB2,1744,0,295,0,0,295,T
1-PB2,1745,0,1,0,299,300,C
1-PB2,1746,0,298,0,0,298,T
1-PB2,1747,1,300,0,0,301,T
1-PB2,1748,0,300,0,0,300,T
1-PB2,1749,300,1,0,0,301,A
1-PB2,1750,0,0,304,0,304,G
1-PB2,1751,1,301,0,0,302,T
1-PB2,1752,0,0,0,305,305,C
1-PB2,1753,1,0,0,304,305,C
1-PB2,1754,0,0,0,303,303,C
1-PB2,1755,0,0,0,301,301,C
1-PB2,1756,303,0,0,0,303,A
1-PB2,1757,301,0,1,0,302,A
1-PB2,1758,0,0,304,0,304,G
1-PB2,1759,0,0,301,0,301,G
1-PB2,1760,0,0,0,301,301,C
1-PB2,1761,0,0,0,296,296,C
1-PB2,1762,296,0,0,0,296,A
1-PB2,1763,0,302,0,0,302,T
1-PB2,1764,0,301,0,0,301,T
1-PB2,1765,302,0,0,0,302,A
1-PB2,1766,0,0,302,0,302,G
1-PB2,1767,297,0,0,0,297,A
1-PB2,1768,303,0,1,0,304,A
1-PB2,1769,0,0,307,0,307,G
1-PB2,1770,0,0,0,311,311,C
1-PB2,1771,0,0,0,311,311,C
1-PB2,1772,309,0,0,0,309,A
1-PB2,1773,316,0,0,0,316,A
1-PB2,1774,1,314,0,1,316,T
1-PB2,1775,319,0,0,0,319,A
1-PB2,1776,0,0,0,319,319,C
1-PB2,1777,294,0,0,0,294,A
1-PB2,1778,0,0,291,0,291,G
1-PB2,1779,0,288,0,0,288,T
1-PB2,1780,0,0,292,0,292,G
1-PB2,1781,0,0,292,0,292,G
1-PB2,1782,0,0,291,0,291,G
1-PB2,1783,0,289,0,1,290,T
1-PB2,1784,0,290,0,0,290,T
1-PB2,1785,0,289,0,0,289,T
1-PB2,1786,0,0,293,0,293,G
1-PB2,1787,0,293,0,0,293,T
1-PB2,1788,1,0,0,289,290,C
1-PB2,1789,291,0,0,0,291,A
1-PB2,1790,0,1,291,0,292,G
1-PB2,1791,292,0,0,0,292,A
1-PB2,1792,291,0,0,0,291,A
1-PB2,1793,0,0,0,291,291,C
1-PB2,1794,0,281,0,1,282,T
1-PB2,1795,0,0,0,289,289,C
1-PB2,1796,0,290,0,0,290,T
1-PB2,1797,291,0,0,0,291,A
1-PB2,1798,0,291,0,0,291,T
1-PB2,1799,0,290,0,0,290,T
1-PB2,1800,0,0,0,290,290,C
1-PB2,1801,1,0,0,287,288,C
1-PB2,1802,286,0,0,0,286,A
1-PB2,1803,286,0,0,0,286,A
1-PB2,1804,0,0,0,285,285,C
1-PB2,1805,283,0,0,0,283,A
1-PB2,1806,283,1,0,0,284,A
1-PB2,1807,284,0,1,0,285,A
1-PB2,1808,0,286,0,1,287,T
1-PB2,1809,0,0,288,0,288,G
1-PB2,1810,287,0,0,0,287,A
1-PB2,1811,0,0,287,0,287,G
1-PB2,1812,286,0,0,0,286,A
1-PB2,1813,0,0,284,0,284,G
1-PB2,1814,281,0,1,0,282,A
1-PB2,1815,0,0,0,278,278,C
1-PB2,1816,0,0,281,0,281,G
1-PB2,1817,0,284,0,0,284,T
1-PB2,1818,287,0,0,0,287,A
1-PB2,1819,0,0,0,289,289,C
1-PB2,1820,1,287,0,0,288,T
1-PB2,1821,0,288,0,0,288,T
1-PB2,1822,0,0,284,0,284,G
1-PB2,1823,0,0,282,0,282,G
1-PB2,1824,0,0,284,0,284,G
1-PB2,1825,285,0,0,0,285,A
1-PB2,1826,0,0,0,286,286,C
1-PB2,1827,288,0,0,0,288,A
1-PB2,1828,0,288,0,0,288,T
1-PB2,1829,0,288,0,0,288,T
1-PB2,1830,0,288,0,0,288,T
1-PB2,1831,0,1,286,0,287,G
1-PB2,1832,287,0,0,0,287,A
1-PB2,1833,0,0,0,287,287,C
1-PB2,1834,288,0,0,0,288,A
1-PB2,1835,0,0,0,290,290,C
1-PB2,1836,0,0,0,285,285,C
1-PB2,1837,293,0,0,0,293,A
1-PB2,1838,0,0,0,295,295,C
1-PB2,1839,1,0,0,294,295,C
1-PB2,1840,1,0,0,293,294,C
1-PB2,1841,295,0,0,0,295,A
1-PB2,1842,0,0,298,0,298,G
1-PB2,1843,300,0,0,0,300,A
1-PB2,1844,0,308,0,0,308,T
1-PB2,1845,300,0,0,0,300,A
1-PB2,1846,300,1,0,0,301,A
1-PB2,1847,0,301,0,0,301,T
1-PB2,1848,299,0,0,0,299,A
1-PB2,1849,299,0,0,0,299,A
1-PB2,1850,295,0,0,0,295,A
1-PB2,1851,0,0,297,0,297,G
1-PB2,1852,0,0,0,296,296,C
1-PB2,1853,0,284,0,0,284,T
1-PB2,1854,0,283,0,0,283,T
1-PB2,1855,0,0,0,285,285,C
1-PB2,1856,0,284,0,0,284,T
1-PB2,1857,0,0,0,289,289,C
1-PB2,1858,0,0,0,289,289,C
1-PB2,1859,0,0,0,294,294,C
1-PB2,1860,0,292,0,0,292,T
1-PB2,1861,0,295,0,1,296,T
1-PB2,1862,0,295,0,0,295,T
1-PB2,1863,0,296,0,0,296,T
1-PB2,1864,0,0,296,0,296,G
1-PB2,1865,0,1,0,295,296,C
1-PB2,1866,293,0,0,0,293,A
1-PB2,1867,0,0,294,0,294,G
1-PB2,1868,0,0,0,293,293,C
1-PB2,1869,0,291,0,0,291,T
1-PB2,1870,0,0,292,0,292,G
1-PB2,1871,0,0,0,293,293,C
1-PB2,1872,1,291,0,0,292,T
1-PB2,1873,2,0,1,291,294,C
1-PB2,1874,0,0,0,292,292,C
1-PB2,1875,293,0,0,0,293,A
1-PB2,1876,0,0,0,292,292,C
1-PB2,1877,0,1,0,292,293,C
1-PB2,1878,292,0,0,0,292,A
1-PB2,1879,290,0,0,0,290,A
1-PB2,1880,288,0,0,0,288,A
1-PB2,1881,0,0,287,0,287,G
1-PB2,1882,0,0,0,288,288,C
1-PB2,1883,278,0,1,0,279,A
1-PB2,1884,280,0,0,0,280,A
1-PB2,1885,276,0,0,0,276,A
1-PB2,1886,0,0,280,0,280,G
1-PB2,1887,0,0,0,279,279,C
1-PB2,1888,279,0,0,0,279,A
1-PB2,1889,1,0,281,0,282,G
1-PB2,1890,277,0,0,0,277,A
1-PB2,1891,282,0,0,0,282,A
1-PB2,1892,0,282,0,0,282,T
1-PB2,1893,0,0,282,0,282,G
1-PB2,1894,0,1,0,281,282,C
1-PB2,1895,276,0,0,0,276,A
1-PB2,1896,0,1,275,0,276,G
1-PB2,1897,0,276,0,0,276,T
1-PB2,1898,1,280,0,0,281,T
1-PB2,1899,0,0,0,284,284,C
1-PB2,1900,0,278,0,0,278,T
1-PB2,1901,0,0,0,278,278,C
1-PB2,1902,0,278,0,0,278,T
1-PB2,1903,0,278,0,0,278,T
1-PB2,1904,0,0,0,277,277,C
1-PB2,1905,272,1,1,0,274,A
1-PB2,1906,0,0,0,274,274,C
1-PB2,1907,0,267,0,0,267,T
1-PB2,1908,0,0,269,0,269,G
1-PB2,1909,269,0,0,0,269,A
1-PB2,1910,0,0,0,270,270,C
1-PB2,1911,0,269,0,0,269,T
1-PB2,1912,0,0,271,0,271,G
1-PB2,1913,0,271,0,0,271,T
1-PB2,1914,0,0,274,0,274,G
1-PB2,1915,272,0,0,0,272,A
1-PB2,1916,273,0,0,0,273,A
1-PB2,1917,0,268,0,0,268,T
1-PB2,1918,0,0,269,0,269,G
1-PB2,1919,0,258,0,0,258,T
1-PB2,1920,0,0,260,0,260,G
1-PB2,1921,254,0,0,0,254,A
1-PB2,1922,0,0,257,0,257,G
1-PB2,1923,0,0,257,0,257,G
1-PB2,1924,0,0,257,0,257,G
1-PB2,1925,0,0,265,0,265,G
1-PB2,1926,265,0,0,0,265,A
1-PB2,1927,0,262,0,0,262,T
1-PB2,1928,0,0,0,262,262,C
1-PB2,1929,261,0,0,0,261,A
1-PB2,1930,0,0,269,0,269,G
1-PB2,1931,0,2,264,0,266,G
1-PB2,1932,0,0,268,0,268,G
1-PB2,1933,269,0,0,0,269,A
1-PB2,1934,0,253,0,0,253,T
1-PB2,1935,0,0,254,0,254,G
1-PB2,1936,252,0,0,0,252,A
1-PB2,1937,0,0,258,0,258,G
1-PB2,1938,259,0,0,0,259,A
1-PB2,1939,256,0,0,0,256,A
1-PB2,1940,0,260,0,0,260,T
1-PB2,1941,258,0,1,0,259,A
1-PB2,1942,0,0,0,262,262,C
1-PB2,1943,1,261,0,0,262,T
1-PB2,1944,0,261,0,0,261,T
1-PB2,1945,0,0,263,0,263,G
1-PB2,1946,0,258,0,0,258,T
1-PB2,1947,258,0,0,0,258,A
1-PB2,1948,255,0,0,0,255,A
1-PB2,1949,0,0,247,0,247,G
1-PB2,1950,1,0,248,0,249,G
1-PB2,1951,0,0,242,0,242,G
1-PB2,1952,0,0,242,0,242,G
1-PB2,1953,0,0,0,243,243,C
1-PB2,1954,240,0,0,0,240,A
1-PB2,1955,249,0,0,0,249,A
1-PB2,1956,0,249,0,0,249,T
1-PB2,1957,0,247,0,1,248,T
1-PB2,1958,0,0,0,254,254,C
1-PB2,1959,0,253,0,0,253,T
1-PB2,1960,0,0,0,255,255,C
1-PB2,1961,0,0,0,256,256,C
1-PB2,1962,0,254,0,0,254,T
1-PB2,1963,0,0,260,0,260,G
1-PB2,1964,0,254,0,0,254,T
1-PB2,1965,259,0,0,0,259,A
1-PB2,1966,0,258,0,0,258,T
1-PB2,1967,0,254,0,0,254,T
1-PB2,1968,0,0,0,256,256,C
1-PB2,1969,254,0,0,0,254,A
1-PB2,1970,257,0,0,0,257,A
1-PB2,1971,0,0,0,257,257,C
1-PB2,1972,0,249,0,0,249,T
1-PB2,1973,251,0,0,0,251,A
1-PB2,1974,0,0,0,260,260,C
1-PB2,1975,258,0,0,0,258,A
1-PB2,1976,257,0,1,0,258,A
1-PB2,1977,0,0,0,257,257,C
1-PB2,1978,254,0,0,0,254,A
1-PB2,1979,251,0,1,0,252,A
1-PB2,1980,0,0,256,0,256,G
1-PB2,1981,255,0,1,0,256,A
1-PB2,1982,0,0,0,256,256,C
1-PB2,1983,0,0,0,250,250,C
1-PB2,1984,252,0,0,0,252,A
1-PB2,1985,0,0,0,260,260,C
1-PB2,1986,0,261,0,0,261,T
1-PB2,1987,261,0,0,0,261,A
1-PB2,1988,261,0,0,0,261,A
1-PB2,1989,261,0,0,0,261,A
1-PB2,1990,257,0,2,0,259,A
1-PB2,1991,0,0,261,0,261,G
1-PB2,1992,259,0,0,0,259,A
1-PB2,1993,0,0,0,260,260,C
1-PB2,1994,0,248,0,0,248,T
1-PB2,1995,248,0,0,0,248,A
1-PB2,1996,249,0,0,0,249,A
1-PB2,1997,0,0,0,249,249,C
1-PB2,1998,249,0,0,0,249,A
1-PB2,1999,247,0,0,0,247,A
1-PB2,2000,0,243,1,0,244,T
1-PB2,2001,0,245,0,0,245,T
1-PB2,2002,0,0,0,245,245,C
1-PB2,2003,0,245,0,0,245,T
1-PB2,2004,0,0,0,245,245,C
1-PB2,2005,0,0,244,0,244,G
1-PB2,2006,0,0,245,0,245,G
1-PB2,2007,244,0,0,0,244,A
1-PB2,2008,244,0,0,0,244,A
1-PB2,2009,243,0,1,0,244,A
1-PB2,2010,243,0,0,0,243,A
1-PB2,2011,0,0,243,0,243,G
1-PB2,2012,242,0,0,0,242,A
1-PB2,2013,0,243,0,0,243,T
1-PB2,2014,0,0,243,0,243,G
1-PB2,2015,0,0,0,242,242,C
1-PB2,2016,0,0,0,242,242,C
1-PB2,2017,0,0,242,0,242,G
1-PB2,2018,0,0,242,0,242,G
1-PB2,2019,0,0,0,241,241,C
1-PB2,2020,243,0,0,0,243,A
1-PB2,2021,0,0,0,251,251,C
1-PB2,2022,0,252,0,0,252,T
1-PB2,2023,0,251,0,0,251,T
1-PB2,2024,0,251,0,0,251,T
1-PB2,2025,252,0,0,0,252,A
1-PB2,2026,252,0,0,0,252,A
1-PB2,2027,1,251,0,0,252,T
1-PB2,2028,0,250,0,0,250,T
1-PB2,2029,0,1,251,0,252,G
1-PB2,2030,249,0,0,0,249,A
1-PB2,2031,246,0,1,0,247,A
1-PB2,2032,0,0,249,0,249,G
1-PB2,2033,253,0,0,0,253,A
1-PB2,2034,0,0,0,255,255,C
1-PB2,2035,0,0,0,253,253,C
1-PB2,2036,0,0,0,254,254,C
1-PB2,2037,253,0,0,0,253,A
1-PB2,2038,0,0,259,0,259,G
1-PB2,2039,259,0,0,0,259,A
1-PB2,2040,0,259,0,0,259,T
1-PB2,2041,0,0,259,0,259,G
1-PB2,2042,254,0,0,0,254,A
1-PB2,2043,253,0,0,0,253,A
1-PB2,2044,255,0,0,0,255,A
1-PB2,2045,0,0,255,0,255,G
1-PB2,2046,1,0,0,253,254,C
1-PB2,2047,249,0,0,0,249,A
1-PB2,2048,0,0,0,251,251,C
1-PB2,2049,250,0,0,0,250,A
1-PB2,2050,0,250,0,0,250,T
1-PB2,2051,0,0,0,253,253,C
1-PB2,2052,0,1,0,252,253,C
1-PB2,2053,0,0,259,0,259,G
1-PB2,2054,0,0,261,0,261,G
1-PB2,2055,260,0,0,0,260,A
1-PB2,2056,0,0,266,0,266,G
1-PB2,2057,0,260,0,1,261,T
1-PB2,2058,0,0,260,0,260,G
1-PB2,2059,0,0,261,0,261,G
1-PB2,2060,260,0,0,0,260,A
1-PB2,2061,0,0,263,0,263,G
1-PB2,2062,0,258,0,0,258,T
1-PB2,2063,0,0,0,253,253,C
1-PB2,2064,0,0,0,253,253,C
1-PB2,2065,0,0,255,0,255,G
1-PB2,2066,0,0,0,255,255,C
1-PB2,2067,0,0,0,251,251,C
1-PB2,2068,0,0,252,0,252,G
1-PB2,2069,0,251,0,0,251,T
1-PB2,2070,0,0,0,252,252,C
1-PB2,2071,0,250,0,0,250,T
1-PB2,2072,0,250,0,0,250,T
1-PB2,2073,0,1,251,0,252,G
1-PB2,2074,247,0,1,0,248,A
1-PB2,2075,0,0,250,0,250,G
1-PB2,2076,249,0,1,0,250,A
1-PB2,2077,0,0,244,0,244,G
1-PB2,2078,6,0,239,0,245,G
1-PB2,2079,0,0,243,0,243,G
1-PB2,2080,0,243,0,0,243,T
1-PB2,2081,0,242,0,0,242,T
1-PB2,2082,0,244,0,0,244,T
1-PB2,2083,0,0,0,244,244,C
1-PB2,2084,0,242,0,0,242,T
1-PB2,2085,0,0,0,243,243,C
1-PB2,2086,240,0,0,0,240,A
1-PB2,2087,0,241,0,0,241,T
1-PB2,2088,0,0,0,232,232,C
1-PB2,2089,236,0,0,0,236,A
1-PB2,2090,0,237,0,0,237,T
1-PB2,2091,237,0,0,0,237,A
1-PB2,2092,0,0,239,0,239,G
1-PB2,2093,1,0,239,0,240,G
1-PB2,2094,0,234,0,0,234,T
1-PB2,2095,235,0,0,0,235,A
1-PB2,2096,234,0,0,0,234,A
1-PB2,2097,0,0,235,0,235,G
1-PB2,2098,0,0,233,0,233,G
1-PB2,2099,231,0,0,0,231,A
1-PB2,2100,227,0,0,0,227,A
1-PB2,2101,0,0,225,0,225,G
1-PB2,2102,221,0,1,0,222,A
1-PB2,2103,0,1,0,223,224,C
1-PB2,2104,217,0,0,0,217,A
1-PB2,2105,0,0,219,0,219,G
1-PB2,2106,217,0,0,0,217,A
1-PB2,2107,216,0,0,0,216,A
1-PB2,2108,0,0,218,0,218,G
1-PB2,2109,217,0,0,0,217,A
1-PB2,2110,0,217,0,0,217,T
1-PB2,2111,217,0,0,0,217,A
1-PB2,2112,0,0,0,216,216,C
1-PB2,2113,1,0,215,0,216,G
1-PB2,2114,0,0,218,0,218,G
1-PB2,2115,218,0,0,0,218,A
1-PB2,2116,0,0,0,217,217,C
1-PB2,2117,0,0,0,215,215,C
1-PB2,2118,212,0,0,0,212,A
1-PB2,2119,0,0,220,0,220,G
1-PB2,2120,0,0,0,220,220,C
1-PB2,2121,220,0,0,0,220,A
1-PB2,2122,0,218,0,0,218,T
1-PB2,2123,0,207,0,0,207,T
1-PB2,2124,207,0,0,0,207,A
1-PB2,2125,205,0,0,0,205,A
1-PB2,2126,0,0,205,0,205,G
1-PB2,2127,0,0,0,206,206,C
1-PB2,2128,193,0,0,0,193,A
1-PB2,2129,0,199,0,0,199,T
1-PB2,2130,0,0,0,199,199,C
1-PB2,2131,198,0,0,0,198,A
1-PB2,2132,198,0,0,0,198,A
1-PB2,2133,0,197,0,0,197,T
1-PB2,2134,0,0,198,0,198,G
1-PB2,2135,194,0,0,0,194,A
1-PB2,2136,195,0,0,0,195,A
1-PB2,2137,0,0,0,194,194,C
1-PB2,2138,0,179,0,0,179,T
1-PB2,2139,0,0,184,0,184,G
1-PB2,2140,182,0,1,0,183,A
1-PB2,2141,0,0,184,0,184,G
1-PB2,2142,0,184,0,0,184,T
1-PB2,2143,181,0,0,0,181,A
1-PB2,2144,179,0,3,0,182,A
1-PB2,2145,0,0,0,183,183,C
1-PB2,2146,0,0,0,174,174,C
1-PB2,2147,0,176,0,0,176,T
1-PB2,2148,0,162,0,0,162,T
1-PB2,2149,0,0,164,0,164,G
1-PB2,2150,0,0,0,164,164,C
1-PB2,2151,165,0,0,0,165,A
1-PB2,2152,166,0,0,0,166,A
1-PB2,2153,162,0,0,0,162,A
1-PB2,2154,158,0,0,0,158,A
1-PB2,2155,0,0,159,0,159,G
1-PB2,2156,0,0,159,0,159,G
1-PB2,2157,0,0,156,0,156,G
1-PB2,2158,0,0,157,0,157,G
1-PB2,2159,156,0,0,0,156,A
1-PB2,2160,156,0,0,0,156,A
1-PB2,2161,156,0,0,0,156,A
1-PB2,2162,158,0,0,0,158,A
1-PB2,2163,0,0,158,0,158,G
1-PB2,2164,0,0,159,0,159,G
1-PB2,2165,0,0,0,157,157,C
1-PB2,2166,0,158,0,0,158,T
1-PB2,2167,156,0,0,0,156,A
1-PB2,2168,155,0,1,0,156,A
1-PB2,2169,0,156,0,0,156,T
1-PB2,2170,0,0,158,0,158,G
1-PB2,2171,0,153,0,1,154,T
1-PB2,2172,0,1,153,0,154,G
1-PB2,2173,0,0,0,155,155,C
1-PB2,2174,0,154,0,0,154,T
1-PB2,2175,154,0,0,0,154,A
1-PB2,2176,153,0,0,0,153,A
1-PB2,2177,0,153,0,0,153,T
1-PB2,2178,0,0,0,149,149,C
1-PB2,2179,0,0,143,0,143,G
1-PB2,2180,0,0,144,0,144,G
1-PB2,2181,1,0,143,0,144,G
1-PB2,2182,0,0,0,144,144,C
1-PB2,2183,143,0,0,0,143,A
1-PB2,2184,141,0,0,0,141,A
1-PB2,2185,0,1,140,0,141,G
1-PB2,2186,0,0,143,0,143,G
1-PB2,2187,143,0,0,0,143,A
1-PB2,2188,0,0,142,0,142,G
1-PB2,2189,134,0,0,0,134,A
1-PB2,2190,0,0,0,134,134,C
1-PB2,2191,0,0,134,0,134,G
1-PB2,2192,0,130,0,0,130,T
1-PB2,2193,0,0,133,0,133,G
1-PB2,2194,0,0,134,0,134,G
1-PB2,2195,0,127,0,0,127,T
1-PB2,2196,0,0,126,0,126,G
1-PB2,2197,0,121,0,0,121,T
1-PB2,2198,0,118,0,0,118,T
1-PB2,2199,0,0,119,0,119,G
1-PB2,2200,0,0,118,0,118,G
1-PB2,2201,0,118,0,0,118,T
1-PB2,2202,116,0,0,0,116,A
1-PB2,2203,112,0,0,0,112,A
1-PB2,2204,0,105,0,0,105,T
1-PB2,2205,0,0,104,0,104,G
1-PB2,2206,104,0,0,0,104,A
1-PB2,2207,103,0,0,0,103,A
1-PB2,2208,102,0,0,1,103,A
1-PB2,2209,0,0,0,103,103,C
1-PB2,2210,0,0,103,0,103,G
1-PB2,2211,103,0,0,0,103,A
1-PB2,2212,102,0,0,0,102,A
1-PB2,2213,102,0,0,0,102,A
1-PB2,2214,103,0,0,0,103,A
1-PB2,2215,0,0,0,103,103,C
1-PB2,2216,0,0,103,0,103,G
1-PB2,2217,0,0,103,0,103,G
1-PB2,2218,0,0,102,0,102,G
1-PB2,2219,102,0,0,0,102,A
1-PB2,2220,0,0,0,102,102,C
1-PB2,2221,0,98,0,1,99,T
1-PB2,2222,0,0,0,102,102,C
1-PB2,2223,0,103,0,0,103,T
1-PB2,2224,104,0,0,0,104,A
1-PB2,2225,0,0,104,0,104,G
1-PB2,2226,0,0,0,103,103,C
1-PB2,2227,102,0,1,0,103,A
1-PB2,2228,0,100,0,0,100,T
1-PB2,2229,93,0,0,0,93,A
1-PB2,2230,0,0,0,94,94,C
1-PB2,2231,1,81,0,0,82,T
1-PB2,2232,0,81,0,0,81,T
1-PB2,2233,82,0,0,0,82,A
1-PB2,2234,0,0,0,82,82,C
1-PB2,2235,0,80,0,0,80,T
1-PB2,2236,0,0,80,0,80,G
1-PB2,2237,78,0,0,0,78,A
1-PB2,2238,0,0,0,77,77,C
1-PB2,2239,71,0,0,0,71,A
1-PB2,2240,0,0,70,0,70,G
1-PB2,2241,0,0,0,70,70,C
1-PB2,2242,1,0,0,68,69,C
1-PB2,2243,70,0,0,0,70,A
1-PB2,2244,0,0,70,0,70,G
1-PB2,2245,70,0,0,0,70,A
1-PB2,2246,0,0,0,69,69,C
1-PB2,2247,64,0,0,0,64,A
1-PB2,2248,0,0,64,0,64,G
1-PB2,2249,0,0,0,56,56,C
1-PB2,2250,0,0,56,0,56,G
1-PB2,2251,56,0,0,0,56,A
1-PB2,2252,0,0,0,56,56,C
1-PB2,2253,0,0,0,56,56,C
1-PB2,2254,55,0,0,0,55,A
1-PB2,2255,55,0,0,0,55,A
1-PB2,2256,54,0,0,0,54,A
1-PB2,2257,55,0,0,0,55,A
1-PB2,2258,0,0,55,0,55,G
1-PB2,2259,54,0,0,0,54,A
1-PB2,2260,53,0,0,0,53,A
1-PB2,2261,0,53,0,0,53,T
1-PB2,2262,0,53,0,0,53,T
1-PB2,2263,0,0,0,53,53,C
1-PB2,2264,0,0,52,0,52,G
1-PB2,2265,0,0,52,0,52,G
1-PB2,2266,52,0,0,0,52,A
1-PB2,2267,0,49,0,0,49,T
1-PB2,2268,0,0,49,0,49,G
1-PB2,2269,0,0,49,0,49,G
1-PB2,2270,0,0,0,48,48,C
1-PB2,2271,0,0,0,49,49,C
1-PB2,2272,49,0,0,0,49,A
1-PB2,2273,0,49,0,0,49,T
1-PB2,2274,0,0,0,49,49,C
1-PB2,2275,49,0,0,0,49,A
1-PB2,2276,49,0,0,0,49,A
1-PB2,2277,0,48,0,0,48,T
1-PB2,2278,0,41,0,0,41,T
1-PB2,2279,41,0,0,0,41,A
1-PB2,2280,40,0,0,0,40,A
2-PB1,1,162,0,0,0,162,A
2-PB1,2,0,162,0,0,162,T
2-PB1,3,0,0,163,0,163,G
2-PB1,4,0,0,176,0,176,G
2-PB1,5,211,0,0,0,211,A
2-PB1,6,0,229,0,0,229,T
2-PB1,7,0,0,231,0,231,G
2-PB1,8,0,232,0,0,232,T
2-PB1,9,0,1,0,252,253,C
2-PB1,10,258,0,0,0,258,A
2-PB1,11,267,0,0,0,267,A
2-PB1,12,0,271,0,0,271,T
2-PB1,13,0,0,0,271,271,C
2-PB1,14,1,0,0,291,292,C
2-PB1,15,0,1,297,0,298,G
2-PB1,16,341,0,0,0,341,A
2-PB1,17,0,0,0,341,341,C
2-PB1,18,0,340,0,0,340,T
2-PB1,19,1,0,0,389,390,C
2-PB1,20,0,392,0,1,393,T
2-PB1,21,398,0,0,0,398,A
2-PB1,22,0,0,0,399,399,C
2-PB1,23,0,399,0,0,399,T
2-PB1,24,0,0,450,0,450,G
2-PB1,25,0,452,0,0,452,T
2-PB1,26,0,452,0,0,452,T
2-PB1,27,1,0,0,451,452,C
2-PB1,28,0,0,0,449,449,C
2-PB1,29,0,515,0,0,515,T
2-PB1,30,516,0,0,0,516,A
2-PB1,31,514,0,0,0,514,A
2-PB1,32,524,0,0,0,524,A
2-PB1,33,0,0,524,0,524,G
2-PB1,34,0,0,524,0,524,G
2-PB1,35,0,529,0,0,529,T
2-PB1,36,0,531,0,0,531,T
2-PB1,37,0,1,0,528,529,C
2-PB1,38,0,0,0,530,530,C
2-PB1,39,531,1,0,0,532,A
2-PB1,40,0,0,533,0,533,G
2-PB1,41,0,0,0,535,535,C
2-PB1,42,0,0,534,0,534,G
2-PB1,43,0,0,0,537,537,C
2-PB1,44,535,0,0,0,535,A
2-PB1,45,535,0,0,0,535,A
2-PB1,46,536,0,0,0,536,A
2-PB1,47,544,0,0,0,544,A
2-PB1,48,0,546,0,0,546,T
2-PB1,49,0,0,564,0,564,G
2-PB1,50,1,0,0,568,569,C
2-PB1,51,0,0,0,570,570,C
2-PB1,52,574,0,0,0,574,A
2-PB1,53,0,574,0,0,574,T
2-PB1,54,615,0,0,0,615,A
2-PB1,55,616,0,0,0,616,A
2-PB1,56,0,0,645,0,645,G
2-PB1,57,0,0,0,646,646,C
2-PB1,58,647,0,0,0,647,A
2-PB1,59,0,0,0,666,666,C
2-PB1,60,668,0,0,0,668,A
2-PB1,61,705,0,0,0,705,A
2-PB1,62,0,0,0,707,707,C
2-PB1,63,704,0,0,0,704,A
2-PB1,64,0,713,1,1,715,T
2-PB1,65,0,711,0,0,711,T
2-PB1,66,0,0,0,895,895,C
2-PB1,67,1,2,0,891,894,C
2-PB1,68,0,0,0,909,909,C
2-PB1,69,0,922,0,1,923,T
2-PB1,70,0,919,0,0,919,T
2-PB1,71,1001,0,0,0,1001,A
2-PB1,72,0,1010,1,0,1011,T
2-PB1,73,1020,0,0,0,1020,A
2-PB1,74,2,0,0,1029,1031,C
2-PB1,75,0,1006,0,0,1006,T
2-PB1,76,0,1,1014,0,1015,G
2-PB1,77,2,0,1011,0,1013,G
2-PB1,78,1013,0,1,0,1014,A
2-PB1,79,0,0,1015,0,1015,G
2-PB1,80,1015,0,0,0,1015,A
2-PB1,81,1,1018,0,0,1019,T
2-PB1,82,0,0,0,1098,1098,C
2-PB1,83,0,0,0,1100,1100,C
2-PB1,84,0,1098,0,0,1098,T
2-PB1,85,3,0,0,1193,1196,C
2-PB1,86,0,0,0,1197,1197,C
2-PB1,87,1208,0,0,0,1208,A
2-PB1,88,0,1210,0,0,1210,T
2-PB1,89,1208,0,0,0,1208,A
2-PB1,90,0,1,0,1215,1216,C
2-PB1,91,1203,1,0,0,1204,A
2-PB1,92,0,0,1265,0,1265,G
2-PB1,93,0,0,0,1276,1276,C
2-PB1,94,0,0,0,1269,1269,C
2-PB1,95,1274,0,1,0,1275,A
2-PB1,96,0,1276,0,0,1276,T
2-PB1,97,1,1,1273,1,1276,G
2-PB1,98,0,0,1356,0,1356,G
2-PB1,99,1372,0,0,0,1372,A
2-PB1,100,1378,0,0,0,1378,A
2-PB1,101,0,1,0,1381,1382,C
2-PB1,102,1373,0,0,0,1373,A
2-PB1,103,0,0,1404,0,1404,G
2-PB1,104,1,3,1423,0,1427,G
2-PB1,105,1430,0,0,0,1430,A
2-PB1,106,1433,1,2,0,1436,A
2-PB1,107,0,0,0,1438,1438,C
2-PB1,108,1426,0,3,0,1429,A
2-PB1,109,0,5,1613,0,1618,G
2-PB1,110,0,1,1615,0,1616,G
2-PB1,111,0,0,1643,0,1643,G
2-PB1,112,0,1638,0,1,1639,T
2-PB1,113,1637,0,0,0,1637,A
2-PB1,114,1,0,0,1652,1653,C
2-PB1,115,1716,0,1,0,1717,A
2-PB1,116,1,0,0,1776,1777,C
2-PB1,117,1,1,0,1765,1767,C
2-PB1,118,1723,0,1,0,1724,A
2-PB1,119,0,1727,1,0,1728,T
2-PB1,120,0,0,1729,0,1729,G
2-PB1,121,0,0,1733,0,1733,G
2-PB1,122,1732,1,1,0,1734,A
2-PB1,123,0,1,0,1733,1734,C
2-PB1,124,1706,1,1,0,1708,A
2-PB1,125,1,0,0,1749,1750,C
2-PB1,126,1754,0,1,0,1755,A
2-PB1,127,1,1,1802,0,1804,G
2-PB1,128,0,1799,0,2,1801,T
2-PB1,129,0,0,0,1869,1869,C
2-PB1,130,1859,0,1,1,1861,A
2-PB1,131,1878,0,1,0,1879,A
2-PB1,132,1,0,0,1882,1883,C
2-PB1,133,1877,1,1,0,1879,A
2-PB1,134,0,0,1914,1,1915,G
2-PB1,135,1895,1,0,1,1897,A
2-PB1,136,1893,0,1,0,1894,A
2-PB1,137,0,1,0,1894,1895,C
2-PB1,138,1865,0,0,2,1867,A
2-PB1,139,0,2,0,1918,1920,C
2-PB1,140,1910,1,0,0,1911,A
2-PB1,141,0,0,0,1978,1978,C
2-PB1,142,0,1,1,1981,1983,C
2-PB1,143,1986,0,1,0,1987,A
2-PB1,144,2007,0,2,1,2010,A
2-PB1,145,0,2055,1,0,2056,T
2-PB1,146,2119,0,0,0,2119,A
2-PB1,147,1,2112,0,0,2113,T
2-PB1,148,0,2103,0,1,2104,T
2-PB1,149,1,1,0,2105,2107,C
2-PB1,150,2069,0,2,1,2072,A
2-PB1,151,0,1,2070,0,2071,G
2-PB1,152,2061,0,0,0,2061,A
2-PB1,153,0,0,2057,0,2057,G
2-PB1,154,2030,0,0,0,2030,A
2-PB1,155,2,1,2001,0,2004,G
2-PB1,156,0,3,2002,0,2005,G
2-PB1,157,1,2,2063,0,2066,G
2-PB1,158,0,0,2073,1,2074,G
2-PB1,159,0,0,2080,0,2080,G
2-PB1,160,2076,1,2,0,2079,A
2-PB1,161,2076,1,0,0,2077,A
2-PB1,162,0,1,2092,0,2093,G
2-PB1,163,0,2086,0,0,2086,T
2-PB1,164,2,1,2082,0,2085,G
2-PB1,165,0,0,2075,0,2075,G
2-PB1,166,2075,0,2,0,2077,A
2-PB1,167,1,2,0,2074,2077,C
2-PB1,168,0,0,2082,0,2082,G
2-PB1,169,2096,0,0,0,2096,A
2-PB1,170,1,1,0,2110,2112,C
2-PB1,171,2106,2,0,0,2108,A
2-PB1,172,2108,0,0,0,2108,A
2-PB1,173,2127,0,0,0,2127,A
2-PB1,174,0,2162,0,0,2162,T
2-PB1,175,2167,1,0,0,2168,A
2-PB1,176,0,0,0,2172,2172,C
2-PB1,177,2147,0,0,0,2147,A
2-PB1,178,0,1,2148,0,2149,G
2-PB1,179,2138,1,0,0,2139,A
2-PB1,180,2165,0,0,0,2165,A
2-PB1,181,2168,0,0,0,2168,A
2-PB1,182,1,1,0,2165,2167,C
2-PB1,183,0,2144,0,2,2146,T
2-PB1,184,0,1,2143,0,2144,G
2-PB1,185,0,1,2137,0,2138,G
2-PB1,186,1,2,2141,0,2144,G
2-PB1,187,3,0,2137,0,2140,G
2-PB1,188,1,2,0,2142,2145,C
2-PB1,189,2135,1,0,0,2136,A
2-PB1,190,1,0,0,2237,2238,C
2-PB1,191,0,0,0,2234,2234,C
2-PB1,192,0,0,0,2231,2231,C
2-PB1,193,1,0,0,2236,2237,C
2-PB1,194,2237,0,1,0,2238,A
2-PB1,195,2262,0,0,0,2262,A
2-PB1,196,0,0,0,2261,2261,C
2-PB1,197,0,2255,0,0,2255,T
2-PB1,198,0,0,0,2262,2262,C
2-PB1,199,2193,0,4,0,2197,A
2-PB1,200,2222,1,3,0,2226,A
2-PB1,201,2,0,0,2221,2223,C
2-PB1,202,1,1,0,2217,2219,C
2-PB1,203,2,0,0,2227,2229,C
2-PB1,204,2210,0,0,0,2210,A
2-PB1,205,2216,0,0,0,2216,A
2-PB1,206,0,2223,0,0,2223,T
2-PB1,207,0,2227,0,0,2227,T
2-PB1,208,0,1,2237,0,2238,G
2-PB1,209,2234,0,0,0,2234,A
2-PB1,210,1,2237,0,0,2238,T
2-PB1,211,0,4,2224,1,2229,G
2-PB1,212,0,2,2258,0,2260,G
2-PB1,213,2272,0,2,0,2274,A
2-PB1,214,1,0,0,2278,2279,C
2-PB1,215,2,1,0,2268,2271,C
2-PB1,216,2265,1,1,0,2267,A
2-PB1,217,1,0,0,2322,2323,C
2-PB1,218,0,2326,0,0,2326,T
2-PB1,219,2364,0,1,0,2365,A
2-PB1,220,0,0,0,2376,2376,C
2-PB1,221,3,0,0,2358,2361,C
2-PB1,222,0,2324,0,1,2325,T
2-PB1,223,0,3,2334,0,2337,G
2-PB1,224,2331,0,0,0,2331,A
2-PB1,225,0,3,2355,0,2358,G
2-PB1,226,0,0,2347,0,2347,G
2-PB1,227,2344,0,1,0,2345,A
2-PB1,228,0,2339,0,0,2339,T
2-PB1,229,2308,0,3,0,2311,A
2-PB1,230,2313,0,1,0,2314,A
2-PB1,231,0,2312,0,2,2314,T
2-PB1,232,0,1,2313,0,2314,G
2-PB1,233,2311,1,0,0,2312,A
2-PB1,234,2304,0,1,0,2305,A
2-PB1,235,0,0,0,2308,2308,C
2-PB1,236,0,0,0,2281,2281,C
2-PB1,237,2284,0,0,1,2285,A
2-PB1,238,2289,0,1,0,2290,A
2-PB1,239,0,0,2301,0,2301,G
2-PB1,240,0,2302,0,2,2304,T
2-PB1,241,0,1,2308,0,2309,G
2-PB1,242,1,0,2337,0,2338,G
2-PB1,243,2330,0,1,0,2331,A
2-PB1,244,1,2322,0,0,2323,T
2-PB1,245,2327,0,2,0,2329,A
2-PB1,246,2,2376,0,0,2378,T
2-PB1,247,7,1,2375,0,2383,G
2-PB1,248,0,4,0,2376,2380,C
2-PB1,249,2374,1,1,0,2376,A
2-PB1,250,0,0,0,2440,2440,C
2-PB1,251,2402,0,1,0,2403,A
2-PB1,252,2438,0,1,0,2439,A
2-PB1,253,2437,0,0,0,2437,A
2-PB1,254,1,1,1,2440,2443,C
2-PB1,255,2378,0,1,0,2379,A
2-PB1,256,0,2,2409,0,2411,G
2-PB1,257,2399,0,1,0,2400,A
2-PB1,258,0,0,0,2405,2405,C
2-PB1,259,0,2361,0,0,2361,T
2-PB1,260,0,0,2409,0,2409,G
2-PB1,261,1,2382,0,1,2384,T
2-PB1,262,0,1,2510,0,2511,G
2-PB1,263,1,2507,0,0,2508,T
2-PB1,264,0,0,0,2519,2519,C
2-PB1,265,0,2,0,2520,2522,C
2-PB1,266,0,2501,0,0,2501,T
2-PB1,267,0,1,2499,0,2500,G
2-PB1,268,0,1,2499,0,2500,G
2-PB1,269,2460,2,2,1,2465,A
2-PB1,270,1,1,2509,0,2511,G
2-PB1,271,0,1,2441,0,2442,G
2-PB1,272,0,0,0,2440,2440,C
2-PB1,273,0,2429,0,0,2429,T
2-PB1,274,2435,3,0,1,2439,A
2-PB1,275,0,2430,0,2,2432,T
2-PB1,276,2,0,2434,0,2436,G
2-PB1,277,2,0,2432,0,2434,G
2-PB1,278,0,1,0,2430,2431,C
2-PB1,279,0,0,0,2408,2408,C
2-PB1,280,0,2383,0,2,2385,T
2-PB1,281,0,2511,0,1,2512,T
2-PB1,282,0,1,0,2523,2524,C
2-PB1,283,0,2,0,2526,2528,C
2-PB1,284,0,2522,0,0,2522,T
2-PB1,285,0,2519,0,0,2519,T
2-PB1,286,1,1,2530,0,2532,G
2-PB1,287,2530,0,0,0,2530,A
2-PB1,288,2535,0,0,0,2535,A
2-PB1,289,0,0,2528,0,2528,G
2-PB1,290,2452,1,0,0,2453,A
2-PB1,291,2478,0,0,0,2478,A
2-PB1,292,1,2476,0,0,2477,T
2-PB1,293,1,1,1,2479,2482,C
2-PB1,294,0,0,1,2466,2467,C
2-PB1,295,3,1,0,2465,2469,C
2-PB1,296,2474,1,1,0,2476,A
2-PB1,297,0,1,3,2486,2490,C
2-PB1,298,3,0,1,2476,2480,C
2-PB1,299,2,1,1,2486,2490,C
2-PB1,300,2462,0,1,0,2463,A
2-PB1,301,0,1,2477,0,2478,G
2-PB1,302,2,0,2480,0,2482,G
2-PB1,303,0,2477,0,0,2477,T
2-PB1,304,2507,0,0,0,2507,A
2-PB1,305,1,2499,0,0,2500,T
2-PB1,306,0,0,1,2495,2496,C
2-PB1,307,0,2498,0,4,2502,T
2-PB1,308,1,2500,1,0,2502,T
2-PB1,309,1,2493,0,0,2494,T
2-PB1,310,0,3,2485,0,2488,G
2-PB1,311,2469,0,1,0,2470,A
2-PB1,312,0,0,2479,0,2479,G
2-PB1,313,2454,0,0,0,2454,A
2-PB1,314,2464,0,0,0,2464,A
2-PB1,315,0,0,0,2474,2474,C
2-PB1,316,1,2458,0,1,2460,T
2-PB1,317,1,0,0,2459,2460,C
2-PB1,318,2457,1,1,0,2459,A
2-PB1,319,1,2459,0,1,2461,T
2-PB1,320,0,2,2466,0,2468,G
2-PB1,321,0,0,0,2506,2506,C
2-PB1,322,0,1,0,2516,2517,C
2-PB1,323,0,2509,0,2,2511,T
2-PB1,324,0,2491,0,0,2491,T
2-PB1,325,1,1,2500,0,2502,G
2-PB1,326,2518,0,0,0,2518,A
2-PB1,327,2515,0,0,0,2515,A
2-PB1,328,2511,0,0,1,2512,A
2-PB1,329,1,0,0,2534,2535,C
2-PB1,330,2495,0,0,0,2495,A
2-PB1,331,2500,0,3,0,2503,A
2-PB1,332,0,2503,0,1,2504,T
2-PB1,333,0,1,2500,0,2501,G
2-PB1,334,0,0,2505,1,2506,G
2-PB1,335,2469,0,1,0,2470,A
2-PB1,336,2472,0,0,0,2472,A
2-PB1,337,0,0,2469,0,2469,G
2-PB1,338,0,0,0,2481,2481,C
2-PB1,339,0,0,1,2468,2469,C
2-PB1,340,0,0,2484,0,2484,G
2-PB1,341,0,2470,0,1,2471,T
2-PB1,342,0,2479,0,3,2482,T
2-PB1,343,0,2,0,2503,2505,C
2-PB1,344,2498,0,0,0,2498,A
2-PB1,345,2526,1,3,0,2530,A
2-PB1,346,2,0,0,2531,2533,C
2-PB1,347,2540,0,0,0,2540,A
2-PB1,348,0,0,2558,0,2558,G
2-PB1,349,2517,1,2,0,2520,A
2-PB1,350,0,0,0,2518,2518,C
2-PB1,351,2505,2,1,0,2508,A
2-PB1,352,2547,1,1,0,2549,A
2-PB1,353,1,2,2571,0,2574,G
2-PB1,354,0,1,2531,0,2532,G
2-PB1,355,1,0,2542,0,2543,G
2-PB1,356,0,2508,0,0,2508,T
2-PB1,357,0,2,2502,0,2504,G
2-PB1,358,0,2,2503,1,2506,G
2-PB1,359,2500,0,3,0,2503,A
2-PB1,360,0,1,0,2505,2506,C
2-PB1,361,2461,1,0,0,2462,A
2-PB1,362,2499,0,1,0,2500,A
2-PB1,363,2493,0,0,0,2493,A
2-PB1,364,0,0,0,2501,2501,C
2-PB1,365,0,2491,0,0,2491,T
2-PB1,366,2486,0,1,0,2487,A
2-PB1,367,2497,0,2,0,2499,A
2-PB1,368,2,0,0,2494,2496,C
2-PB1,369,0,0,1,2494,2495,C
2-PB1,370,5,2,0,2488,2495,C
2-PB1,371,2429,0,0,0,2429,A
2-PB1,372,2416,0,2,0,2418,A
2-PB1,373,0,0,2420,0,2420,G
2-PB1,374,0,0,2430,0,2430,G
2-PB1,375,0,2419,0,0,2419,T
2-PB1,376,0,1,0,2402,2403,C
2-PB1,377,0,0,2411,0,2411,G
2-PB1,378,1,0,0,2402,2403,C
2-PB1,379,0,1,0,2412,2413,C
2-PB1,380,2412,0,0,0,2412,A
2-PB1,381,0,3,2449,0,2452,G
2-PB1,382,2490,1,0,0,2491,A
2-PB1,383,0,0,0,2483,2483,C
2-PB1,384,0,2464,0,1,2465,T
2-PB1,385,0,2463,0,0,2463,T
2-PB1,386,2465,0,1,0,2466,A
2-PB1,387,2,2479,0,2,2483,T
2-PB1,388,1,1,2485,0,2487,G
2-PB1,389,2463,1,0,0,2464,A
2-PB1,390,0,2431,0,0,2431,T
2-PB1,391,0,2362,0,1,2363,T
2-PB1,392,0,2,2355,0,2357,G
2-PB1,393,0,1,2358,0,2359,G
2-PB1,394,2378,1,3,0,2382,A
2-PB1,395,0,1,0,2381,2382,C
2-PB1,396,2349,1,0,0,2350,A
2-PB1,397,2,2332,0,1,2335,T
2-PB1,398,0,2355,0,1,2356,T
2-PB1,399,2364,0,0,0,2364,A
2-PB1,400,2362,0,0,0,2362,A
2-PB1,401,2373,0,0,0,2373,A
2-PB1,402,1,1,0,2373,2375,C
2-PB1,403,2338,0,0,0,2338,A
2-PB1,404,0,0,2352,0,2352,G
2-PB1,405,2342,0,1,0,2343,A
2-PB1,406,2338,1,1,0,2340,A
2-PB1,407,2348,0,1,0,2349,A
2-PB1,408,0,2315,0,0,2315,T
2-PB1,409,0,1,0,2322,2323,C
2-PB1,410,2312,0,2,0,2314,A
2-PB1,411,2320,0,1,0,2321,A
2-PB1,412,1,0,0,2320,2321,C
2-PB1,413,0,1,0,2306,2307,C
2-PB1,414,1,1,2306,1,2309,G
2-PB1,415,0,0,2307,0,2307,G
2-PB1,416,1,0,0,2312,2313,C
2-PB1,417,2313,0,2,0,2315,A
2-PB1,418,0,1,2310,0,2311,G
2-PB1,419,1,1,0,2312,2314,C
2-PB1,420,2319,2,0,0,2321,A
2-PB1,421,2324,0,0,0,2324,A
2-PB1,422,1,1,0,2331,2333,C
2-PB1,423,0,2311,0,1,2312,T
2-PB1,424,0,0,2389,0,2389,G
2-PB1,425,0,0,0,2381,2381,C
2-PB1,426,2382,1,1,0,2384,A
2-PB1,427,0,2380,0,0,2380,T
2-PB1,428,0,2348,0,0,2348,T
2-PB1,429,2485,0,2,1,2488,A
2-PB1,430,0,1,2488,0,2489,G
2-PB1,431,1,2,0,2475,2478,C
2-PB1,432,1,2,0,2477,2480,C
2-PB1,433,2392,1,0,0,2393,A
2-PB1,434,2408,0,0,0,2408,A
2-PB1,435,2,0,0,2417,2419,C
2-PB1,436,2419,1,0,0,2420,A
2-PB1,437,0,0,0,2479,2479,C
2-PB1,438,2,0,1,2286,2289,C
2-PB1,439,2284,0,2,0,2286,A
2-PB1,440,0,2285,0,1,2286,T
2-PB1,441,2285,0,0,0,2285,A
2-PB1,442,0,0,2281,0,2281,G
2-PB1,443,2258,0,0,0,2258,A
2-PB1,444,2248,1,1,0,2250,A
2-PB1,445,0,0,2258,0,2258,G
2-PB1,446,0,2175,0,1,2176,T
2-PB1,447,1,2168,0,1,2170,T
2-PB1,448,0,2173,1,1,2175,T
2-PB1,449,0,2171,0,1,2172,T
2-PB1,450,0,2179,0,1,2180,T
2-PB1,451,2177,0,0,0,2177,A
2-PB1,452,0,2,2172,0,2174,G
2-PB1,453,2163,0,1,0,2164,A
2-PB1,454,1,2143,0,1,2145,T
2-PB1,455,1,3,0,2116,2120,C
2-PB1,456,1,0,2122,0,2123,G
2-PB1,457,2123,0,0,0,2123,A
2-PB1,458,2119,1,2,0,2122,A
2-PB1,459,0,1,0,2140,2141,C
2-PB1,460,0,1,2138,1,2140,G
2-PB1,461,0,1,2237,0,2238,G
2-PB1,462,2233,0,1,0,2234,A
2-PB1,463,0,2240,0,0,2240,T
2-PB1,464,0,2238,0,0,2238,T
2-PB1,465,2229,1,6,0,2236,A
2-PB1,466,2234,2,0,0,2236,A
2-PB1,467,0,0,0,2244,2244,C
2-PB1,468,2226,1,1,0,2228,A
2-PB1,469,0,0,2252,0,2252,G
2-PB1,470,2,0,0,2150,2152,C
2-PB1,471,0,2155,0,0,2155,T
2-PB1,472,2154,0,0,0,2154,A
2-PB1,473,2160,0,0,0,2160,A
2-PB1,474,0,2151,0,1,2152,T
2-PB1,475,1,1,2176,1,2179,G
2-PB1,476,2174,0,1,0,2175,A
2-PB1,477,2178,0,1,0,2179,A
2-PB1,478,0,2133,0,1,2134,T
2-PB1,479,1,1,0,2143,2145,C
2-PB1,480,2138,0,2,0,2140,A
2-PB1,481,0,2,2128,1,2131,G
2-PB1,482,0,1,2138,0,2139,G
2-PB1,483,2133,1,0,0,2134,A
2-PB1,484,2100,0,1,1,2102,A
2-PB1,485,1,2,2185,0,2188,G
2-PB1,486,0,0,2189,0,2189,G
2-PB1,487,0,0,1,2184,2185,C
2-PB1,488,0,2185,0,0,2185,T
2-PB1,489,2188,0,0,0,2188,A
2-PB1,490,2188,0,2,0,2190,A
2-PB1,491,1,2187,1,1,2190,T
2-PB1,492,2189,0,0,1,2190,A
2-PB1,493,0,0,2196,0,2196,G
2-PB1,494,2096,0,0,0,2096,A
2-PB1,495,1,2074,0,0,2075,T
2-PB1,496,0,2071,0,1,2072,T
2-PB1,497,0,2066,0,0,2066,T
2-PB1,498,1,0,0,2144,2145,C
2-PB1,499,0,1,0,2138,2139,C
2-PB1,500,0,2138,0,2,2140,T
2-PB1,501,2,0,0,2138,2140,C
2-PB1,502,2135,0,1,1,2137,A
2-PB1,503,2142,0,1,0,2143,A
2-PB1,504,1,1,2143,0,2145,G
2-PB1,505,1,1,2180,0,2182,G
2-PB1,506,2173,0,1,0,2174,A
2-PB1,507,0,2090,0,0,2090,T
2-PB1,508,29,0,2071,0,2100,G
2-PB1,509,0,2096,0,1,2097,T
2-PB1,510,0,0,2111,0,2111,G
2-PB1,511,2111,0,2,0,2113,A
2-PB1,512,0,2100,0,0,2100,T
2-PB1,513,0,1,2087,0,2088,G
2-PB1,514,1,0,2076,0,2077,G
2-PB1,515,2084,0,3,0,2087,A
2-PB1,516,2085,0,3,0,2088,A
2-PB1,517,0,2041,0,1,2042,T
2-PB1,518,0,0,0,2059,2059,C
2-PB1,519,2027,0,0,1,2028,A
2-PB1,520,2032,1,1,0,2034,A
2-PB1,521,0,2032,0,0,2032,T
2-PB1,522,1,1,2056,0,2058,G
2-PB1,523,0,2,2062,0,2064,G
2-PB1,524,2059,0,0,0,2059,A
2-PB1,525,0,2056,1,0,2057,T
2-PB1,526,2050,0,0,0,2050,A
2-PB1,527,2047,0,1,0,2048,A
2-PB1,528,2043,0,1,0,2044,A
2-PB1,529,0,0,2064,0,2064,G
2-PB1,530,2052,0,4,0,2056,A
2-PB1,531,0,0,2043,0,2043,G
2-PB1,532,0,1,2042,0,2043,G
2-PB1,533,2035,0,0,0,2035,A
2-PB1,534,2034,0,1,0,2035,A
2-PB1,535,2037,0,0,1,2038,A
2-PB1,536,0,2034,0,1,2035,T
2-PB1,537,1,2,2063,0,2066,G
2-PB1,538,0,1,2062,1,2064,G
2-PB1,539,2041,1,6,0,2048,A
2-PB1,540,0,0,2064,0,2064,G
2-PB1,541,2044,0,0,0,2044,A
2-PB1,542,2,2089,0,1,2092,T
2-PB1,543,2091,0,0,1,2092,A
2-PB1,544,2112,0,0,0,2112,A
2-PB1,545,0,0,0,2119,2119,C
2-PB1,546,2087,0,0,0,2087,A
2-PB1,547,2102,0,0,0,2102,A
2-PB1,548,0,0,0,2099,2099,C
2-PB1,549,2076,0,0,0,2076,A
2-PB1,550,0,0,0,2079,2079,C
2-PB1,551,1993,0,1,47,2041,A
2-PB1,552,1,0,0,2051,2052,C
2-PB1,553,0,2026,0,0,2026,T
2-PB1,554,0,2035,0,0,2035,T
2-PB1,555,2,2031,0,0,2033,T
2-PB1,556,1,1,0,2028,2030,C
2-PB1,557,2033,1,0,0,2034,A
2-PB1,558,2032,1,1,0,2034,A
2-PB1,559,2036,0,1,0,2037,A
2-PB1,560,0,2,2052,0,2054,G
2-PB1,561,2026,0,1,0,2027,A
2-PB1,562,2027,0,1,0,2028,A
2-PB1,563,2022,0,1,1,2024,A
2-PB1,564,2023,0,3,0,2026,A
2-PB1,565,2031,0,0,0,2031,A
2-PB1,566,0,0,2032,0,2032,G
2-PB1,567,0,0,2033,0,2033,G
2-PB1,568,2014,0,1,0,2015,A
2-PB1,569,0,1,2047,0,2048,G
2-PB1,570,2035,0,3,0,2038,A
2-PB1,571,0,1,2091,1,2093,G
2-PB1,572,0,2089,0,0,2089,T
2-PB1,573,2090,0,1,0,2091,A
2-PB1,574,2085,0,0,0,2085,A
2-PB1,575,0,1,2084,0,2085,G
2-PB1,576,2032,0,4,0,2036,A
2-PB1,577,0,0,2069,0,2069,G
2-PB1,578,2068,0,3,0,2071,A
2-PB1,579,0,1,0,2087,2088,C
2-PB1,580,2038,0,0,0,2038,A
2-PB1,581,2046,0,1,0,2047,A
2-PB1,582,0,1,0,2041,2042,C
2-PB1,583,2035,0,1,0,2036,A
2-PB1,584,0,2014,0,2,2016,T
2-PB1,585,0,1,2026,0,2027,G
2-PB1,586,2016,2,2,0,2020,A
2-PB1,587,1,0,0,2018,2019,C
2-PB1,588,1,2,0,1988,1991,C
2-PB1,589,1995,0,1,0,1996,A
2-PB1,590,2007,0,0,0,2007,A
2-PB1,591,0,1,2011,0,2012,G
2-PB1,592,2008,0,0,0,2008,A
2-PB1,593,2013,0,1,0,2014,A
2-PB1,594,1997,1,1,0,1999,A
2-PB1,595,2000,0,1,0,2001,A
2-PB1,596,0,2000,0,0,2000,T
2-PB1,597,0,1,2004,1,2006,G
2-PB1,598,34,0,1975,0,2009,G
2-PB1,599,2,1987,0,2,1991,T
2-PB1,600,1,0,0,1979,1980,C
2-PB1,601,2013,0,0,0,2013,A
2-PB1,602,1,1,0,2286,2288,C
2-PB1,603,2363,0,1,0,2364,A
2-PB1,604,1,0,0,2387,2388,C
2-PB1,605,2391,0,1,0,2392,A
2-PB1,606,2591,0,1,0,2592,A
2-PB1,607,2575,0,1,0,2576,A
2-PB1,608,1,1,2885,0,2887,G
2-PB1,609,2886,1,1,0,2888,A
2-PB1,610,2901,0,0,0,2901,A
2-PB1,611,2,1,0,3046,3049,C
2-PB1,612,2982,0,1,0,2983,A
2-PB1,613,3051,0,1,0,3052,A
2-PB1,614,1,3038,0,0,3039,T
2-PB1,615,3024,1,4,0,3029,A
2-PB1,616,2,6,3033,1,3042,G
2-PB1,617,0,0,2962,0,2962,G
2-PB1,618,0,2,2979,1,2982,G
2-PB1,619,2975,0,1,0,2976,A
2-PB1,620,2953,1,2,0,2956,A
2-PB1,621,8,0,2993,0,3001,G
2-PB1,622,3005,1,1,0,3007,A
2-PB1,623,3014,1,2,0,3017,A
2-PB1,624,3034,0,1,1,3036,A
2-PB1,625,3049,1,2,0,3052,A
2-PB1,626,3154,1,2,0,3157,A
2-PB1,627,3158,0,1,0,3159,A
2-PB1,628,0,0,0,3167,3167,C
2-PB1,629,3161,0,2,0,3163,A
2-PB1,630,3167,0,0,0,3167,A
2-PB1,631,3156,1,0,0,3157,A
2-PB1,632,0,3,3296,0,3299,G
2-PB1,633,3301,0,2,1,3304,A
2-PB1,634,0,0,3556,0,3556,G
2-PB1,635,0,3528,0,1,3529,T
2-PB1,636,0,2,4136,0,4138,G
2-PB1,637,4175,0,5,0,4180,A
2-PB1,638,4195,0,4,0,4199,A
2-PB1,639,0,4306,1,0,4307,T
2-PB1,640,4316,0,1,0,4317,A
2-PB1,641,4299,0,1,2,4302,A
2-PB1,642,1,3,4320,1,4325,G
2-PB1,643,4230,0,10,0,4240,A
2-PB1,644,0,5,4242,0,4247,G
2-PB1,645,1,1,4078,0,4080,G
2-PB1,646,2,3,4263,1,4269,G
2-PB1,647,1,0,4282,0,4283,G
2-PB1,648,1,3,0,4305,4309,C
2-PB1,649,0,4314,0,2,4316,T
2-PB1,650,4613,1,1,0,4615,A
2-PB1,651,2,0,0,4983,4985,C
2-PB1,652,3,1,1,5000,5005,C
2-PB1,653,0,5032,1,6,5039,T
2-PB1,654,5282,0,1,0,5283,A
2-PB1,655,5283,1,0,1,5285,A
2-PB1,656,0,5299,0,1,5300,T
2-PB1,657,5293,0,1,0,5294,A
2-PB1,658,5283,1,2,2,5288,A
2-PB1,659,0,4,5304,1,5309,G
2-PB1,660,5203,0,5,0,5208,A
2-PB1,661,2,0,5269,0,5271,G
2-PB1,662,1,3,0,5312,5316,C
2-PB1,663,0,5276,0,2,5278,T
2-PB1,664,1,5292,0,2,5295,T
2-PB1,665,1,5290,0,1,5292,T
2-PB1,666,0,3,5295,0,5298,G
2-PB1,667,5407,0,6,0,5413,A
2-PB1,668,4,3,0,5437,5444,C
2-PB1,669,5456,1,0,0,5457,A
2-PB1,670,0,5464,0,1,5465,T
2-PB1,671,0,5447,0,4,5451,T
2-PB1,672,0,2,5598,2,5602,G
2-PB1,673,5604,2,2,0,5608,A
2-PB1,674,5607,1,4,0,5612,A
2-PB1,675,1,1,1,5630,5633,C
2-PB1,676,5609,2,1,0,5612,A
2-PB1,677,0,3,0,5636,5639,C
2-PB1,678,1,4,5633,0,5638,G
2-PB1,679,5657,2,5,1,5665,A
2-PB1,680,2,5663,1,1,5667,T
2-PB1,681,6,4,5831,0,5841,G
2-PB1,682,5856,3,3,0,5862,A
2-PB1,683,2,4,0,5875,5881,C
2-PB1,684,2,4,2,5866,5874,C
2-PB1,685,5887,1,2,2,5892,A
2-PB1,686,5977,0,1,0,5978,A
2-PB1,687,5971,0,6,0,5977,A
2-PB1,688,1,0,6154,0,6155,G
2-PB1,689,6241,0,4,1,6246,A
2-PB1,690,0,6236,1,0,6237,T
2-PB1,691,0,1,6254,0,6255,G
2-PB1,692,0,3,0,6232,6235,C
2-PB1,693,6239,0,2,0,6241,A
2-PB1,694,2,5,6304,0,6311,G
2-PB1,695,6261,1,2,2,6266,A
2-PB1,696,0,3,6286,0,6289,G
2-PB1,697,6195,1,2,0,6198,A
2-PB1,698,0,2,6179,0,6181,G
2-PB1,699,6140,0,12,0,6152,A
2-PB1,700,1,2,6149,1,6153,G
2-PB1,701,1,1,6149,0,6151,G
2-PB1,702,0,1,0,6144,6145,C
2-PB1,703,6124,0,3,0,6127,A
2-PB1,704,6138,0,2,0,6140,A
2-PB1,705,6177,3,0,0,6180,A
2-PB1,706,1,6207,1,0,6209,T
2-PB1,707,1,6188,1,1,6191,T
2-PB1,708,6219,3,0,1,6223,A
2-PB1,709,6215,2,2,0,6219,A
2-PB1,710,6240,0,0,0,6240,A
2-PB1,711,6261,1,1,0,6263,A
2-PB1,712,6276,0,1,0,6277,A
2-PB1,713,1,1,6291,0,6293,G
2-PB1,714,6259,2,1,1,6263,A
2-PB1,715,6240,0,5,0,6245,A
2-PB1,716,0,4,6360,0,6364,G
2-PB1,717,2,4,6523,0,6529,G
2-PB1,718,1,3,6529,0,6533,G
2-PB1,719,0,1,1,6611,6613,C
2-PB1,720,1,6597,0,1,6599,T
2-PB1,721,6658,1,2,0,6661,A
2-PB1,722,0,6755,0,0,6755,T
2-PB1,723,1,6771,1,1,6774,T
2-PB1,724,1,0,6802,1,6804,G
2-PB1,725,0,4,0,6781,6785,C
2-PB1,726,6679,2,6,2,6689,A
2-PB1,727,6697,0,3,0,6700,A
2-PB1,728,0,0,0,6753,6753,C
2-PB1,729,6760,1,4,0,6765,A
2-PB1,730,1,1,0,6775,6777,C
2-PB1,731,7,0,1,6662,6670,C
2-PB1,732,9,2,3,6676,6690,C
2-PB1,733,1,5,6662,1,6669,G
2-PB1,734,0,2,6683,1,6686,G
2-PB1,735,2,2,6694,0,6698,G
2-PB1,736,6742,1,6,0,6749,A
2-PB1,737,1,6710,0,2,6713,T
2-PB1,738,0,3,6741,0,6744,G
2-PB1,739,2,1,0,6726,6729,C
2-PB1,740,6831,1,0,0,6832,A
2-PB1,741,6942,2,1,0,6945,A
2-PB1,742,7015,0,0,1,7016,A
2-PB1,743,0,7040,0,0,7040,T
2-PB1,744,1,7051,1,3,7056,T
2-PB1,745,7037,0,0,0,7037,A
2-PB1,746,0,4,7023,0,7027,G
2-PB1,747,6982,0,5,0,6987,A
2-PB1,748,1,14,7028,1,7044,G
2-PB1,749,0,6,6970,0,6976,G
2-PB1,750,3,8,7216,0,7227,G
2-PB1,751,1,7259,0,6,7266,T
2-PB1,752,0,7258,0,4,7262,T
2-PB1,753,3,0,0,7307,7310,C
2-PB1,754,1,0,7423,0,7424,G
2-PB1,755,2,7408,0,8,7418,T
2-PB1,756,2,6,7425,0,7433,G
2-PB1,757,1,7414,0,3,7418,T
2-PB1,758,7400,2,1,0,7403,A
2-PB1,759,3,0,1,7379,7383,C
2-PB1,760,0,7108,0,7,7115,T
2-PB1,761,1,7141,2,2,7146,T
2-PB1,762,2,3,0,7122,7127,C
2-PB1,763,0,1,7091,0,7092,G
2-PB1,764,2,7078,2,2,7084,T
2-PB1,765,1,7076,2,5,7084,T
2-PB1,766,1,2,7072,1,7076,G
2-PB1,767,7067,2,0,0,7069,A
2-PB1,768,7075,0,3,0,7078,A
2-PB1,769,7134,4,2,0,7140,A
2-PB1,770,1,2,0,7171,7174,C
2-PB1,771,1,7128,0,1,7130,T
2-PB1,772,1,7111,0,0,7112,T
2-PB1,773,0,7120,1,1,7122,T
2-PB1,774,7256,2,6,0,7264,A
2-PB1,775,0,1,7315,0,7316,G
2-PB1,776,1,0,0,7323,7324,C
2-PB1,777,1,7319,0,4,7324,T
2-PB1,778,7253,1,3,0,7257,A
2-PB1,779,1,3,7015,233,7252,G
2-PB1,780,7242,0,8,0,7250,A
2-PB1,781,7238,4,4,0,7246,A
2-PB1,782,1,0,7265,0,7266,G
2-PB1,783,1,0,0,7185,7186,C
2-PB1,784,7176,0,2,0,7178,A
2-PB1,785,1,7158,0,2,7161,T
2-PB1,786,0,7155,0,2,7157,T
2-PB1,787,1,7164,0,2,7167,T
2-PB1,788,1,2,7172,0,7175,G
2-PB1,789,0,2,1,7173,7176,C
2-PB1,790,0,4,7173,2,7179,G
2-PB1,791,7159,0,3,0,7162,A
2-PB1,792,7133,0,3,0,7136,A
2-PB1,793,7145,1,2,0,7148,A
2-PB1,794,7431,0,7,0,7438,A
2-PB1,795,0,0,7531,0,7531,G
2-PB1,796,0,2,0,7538,7540,C
2-PB1,797,0,7527,1,3,7531,T
2-PB1,798,0,7543,0,0,7543,T
2-PB1,799,0,2,7553,0,7555,G
2-PB1,800,7552,1,2,0,7555,A
2-PB1,801,7555,1,6,0,7562,A
2-PB1,802,3,0,0,7590,7593,C
2-PB1,803,7480,0,0,0,7480,A
2-PB1,804,0,1,8130,0,8131,G
2-PB1,805,1,8105,0,1,8107,T
2-PB1,806,4,0,0,8117,8121,C
2-PB1,807,0,8114,0,9,8123,T
2-PB1,808,2,3,8135,0,8140,G
2-PB1,809,1,2,8155,2,8160,G
2-PB1,810,8176,0,2,1,8179,A
2-PB1,811,0,0,0,8211,8211,C
2-PB1,812,0,8045,0,8,8053,T
2-PB1,813,1,7708,0,6,7715,T
2-PB1,814,4,0,0,7698,7702,C
2-PB1,815,4,3,1,7695,7703,C
2-PB1,816,7654,1,6,0,7661,A
2-PB1,817,0,0,7792,0,7792,G
2-PB1,818,0,7762,1,3,7766,T
2-PB1,819,2,7761,0,2,7765,T
2-PB1,820,2,14,7721,0,7737,G
2-PB1,821,1,10,7744,0,7755,G
2-PB1,822,1,8,7775,1,7785,G
2-PB1,823,3,4,7761,0,7768,G
2-PB1,824,2,4,7802,0,7808,G
2-PB1,825,1,7767,0,5,7773,T
2-PB1,826,7772,0,3,0,7775,A
2-PB1,827,7812,1,3,1,7817,A
2-PB1,828,0,7817,0,1,7818,T
2-PB1,829,3,7,7827,0,7837,G
2-PB1,830,7801,1,2,1,7805,A
2-PB1,831,7737,0,7,1,7745,A
2-PB1,832,7766,1,3,0,7770,A
2-PB1,833,7730,0,4,0,7734,A
2-PB1,834,1,1,7732,0,7734,G
2-PB1,835,7677,1,1,0,7679,A
2-PB1,836,7639,0,6,0,7645,A
2-PB1,837,3,3,7683,0,7689,G
2-PB1,838,3,3,7661,1,7668,G
2-PB1,839,3,2,0,7640,7645,C
2-PB1,840,3,3,0,7642,7648,C
2-PB1,841,7666,0,4,0,7670,A
2-PB1,842,7671,1,4,0,7676,A
2-PB1,843,7672,0,8,1,7681,A
2-PB1,844,2,0,1,7682,7685,C
2-PB1,845,1,7679,0,3,7683,T
2-PB1,846,1,2,7797,0,7800,G
2-PB1,847,4,1,7780,0,7785,G
2-PB1,848,2,2,1,7800,7805,C
2-PB1,849,7809,2,4,0,7815,A
2-PB1,850,7813,0,2,0,7815,A
2-PB1,851,7828,0,2,1,7831,A
2-PB1,852,0,7836,0,1,7837,T
2-PB1,853,4,2,7845,0,7851,G
2-PB1,854,1,7823,0,7,7831,T
2-PB1,855,1,7691,1,3,7696,T
2-PB1,856,3,2,7703,1,7709,G
2-PB1,857,1,7688,1,3,7693,T
2-PB1,858,4,6,7696,0,7706,G
2-PB1,859,7697,1,2,0,7700,A
2-PB1,860,2,5,7731,0,7738,G
2-PB1,861,7717,2,5,1,7725,A
2-PB1,862,7684,1,3,0,7688,A
2-PB1,863,7700,0,1,0,7701,A
2-PB1,864,7719,0,4,0,7723,A
2-PB1,865,7743,1,7,0,7751,A
2-PB1,866,0,7731,1,2,7734,T
2-PB1,867,1,2,7731,1,7735,G
2-PB1,868,7727,0,7,1,7735,A
2-PB1,869,4,7670,0,2,7676,T
2-PB1,870,6,2,7725,0,7733,G
2-PB1,871,7724,2,6,0,7732,A
2-PB1,872,3,1,2,7811,7817,C
2-PB1,873,0,7789,0,5,7794,T
2-PB1,874,7783,0,1,0,7784,A
2-PB1,875,7849,2,2,0,7853,A
2-PB1,876,1,7848,0,1,7850,T
2-PB1,877,1,7919,0,3,7923,T
2-PB1,878,1,2,1,7975,7979,C
2-PB1,879,7958,2,8,0,7968,A
2-PB1,880,3,1,0,7993,7997,C
2-PB1,881,7923,0,1,0,7924,A
2-PB1,882,7928,1,6,0,7935,A
2-PB1,883,0,0,7947,0,7947,G
2-PB1,884,8084,3,6,1,8094,A
2-PB1,885,0,3,0,8084,8087,C
2-PB1,886,8011,3,6,0,8020,A
2-PB1,887,3,3,0,8014,8020,C
2-PB1,888,7940,3,5,0,7948,A
2-PB1,889,1,4,7996,0,8001,G
2-PB1,890,7960,2,2,0,7964,A
2-PB1,891,2,0,8007,0,8009,G
2-PB1,892,2,2,0,7971,7975,C
2-PB1,893,0,7799,0,5,7804,T
2-PB1,894,2,7894,0,2,7898,T
2-PB1,895,1,7898,0,1,7900,T
2-PB1,896,4,2,0,7927,7933,C
2-PB1,897,1,7909,1,8,7919,T
2-PB1,898,1,7911,3,5,7920,T
2-PB1,899,1,7904,3,10,7918,T
2-PB1,900,5,1,0,7925,7931,C
2-PB1,901,7914,2,4,2,7922,A
2-PB1,902,8,1,0,7954,7963,C
2-PB1,903,7877,1,1,2,7881,A
2-PB1,904,7935,1,2,0,7938,A
2-PB1,905,3,8038,1,1,8043,T
2-PB1,906,1,3,1,8142,8147,C
2-PB1,907,8192,4,1,0,8197,A
2-PB1,908,3,1,0,8228,8232,C
2-PB1,909,0,8195,1,1,8197,T
2-PB1,910,7,3,8235,1,8246,G
2-PB1,911,3,9,8186,1,8199,G
2-PB1,912,0,6,8473,0,8479,G
2-PB1,913,4,4,8457,1,8466,G
2-PB1,914,8333,2,4,0,8339,A
2-PB1,915,6,1,2,8068,8077,C
2-PB1,916,8171,1,7,1,8180,A
2-PB1,917,8726,0,6,1,8733,A
2-PB1,918,2,0,1,8806,8809,C
2-PB1,919,8776,0,6,1,8783,A
2-PB1,920,2,2,1,8776,8781,C
2-PB1,921,2,8457,0,0,8459,T
2-PB1,922,8493,1,3,0,8497,A
2-PB1,923,8479,1,10,1,8491,A
2-PB1,924,0,2,8550,0,8552,G
2-PB1,925,1,8498,1,3,8503,T
2-PB1,926,3,9,7970,1,7983,G
2-PB1,927,2,2,7935,2,7941,G
2-PB1,928,7894,1,12,0,7907,A
2-PB1,929,7916,1,5,0,7922,A
2-PB1,930,1,7902,1,0,7904,T
2-PB1,931,3,1,7888,1,7893,G
2-PB1,932,7892,1,1,0,7894,A
2-PB1,933,7800,3,7,1,7811,A
2-PB1,934,7827,2,6,1,7836,A
2-PB1,935,7867,0,4,0,7871,A
2-PB1,936,2,7841,1,1,7845,T
2-PB1,937,2,4,1,7856,7863,C
2-PB1,938,7866,1,1,1,7869,A
2-PB1,939,7863,0,1,1,7865,A
2-PB1,940,7858,0,2,1,7861,A
2-PB1,941,7855,0,1,1,7857,A
2-PB1,942,3,0,0,7873,7876,C
2-PB1,943,4,2,0,7821,7827,C
2-PB1,944,7,2,0,7799,7808,C
2-PB1,945,3,7799,1,5,7808,T
2-PB1,946,5,2,0,7822,7829,C
2-PB1,947,2,4,7821,0,7827,G
2-PB1,948,7825,2,2,0,7829,A
2-PB1,949,7825,0,1,0,7826,A
2-PB1,950,1,7821,0,1,7823,T
2-PB1,951,2,1,7845,0,7848,G
2-PB1,952,1,7777,2,10,7790,T
2-PB1,953,0,7768,0,2,7770,T
2-PB1,954,0,7779,2,4,7785,T
2-PB1,955,0,7783,0,3,7786,T
2-PB1,956,1,7787,1,2,7791,T
2-PB1,957,4,2,7780,0,7786,G
2-PB1,958,1,2,7781,0,7784,G
2-PB1,959,3,4,1,7771,7779,C
2-PB1,960,1,3,7739,0,7743,G
2-PB1,961,7736,1,3,1,7741,A
2-PB1,962,2,8012,1,1,8016,T
2-PB1,963,0,4,8311,0,8315,G
2-PB1,964,8730,2,3,1,8736,A
2-PB1,965,4,8768,0,7,8779,T
2-PB1,966,1,8769,0,2,8772,T
2-PB1,967,8830,1,5,0,8836,A
2-PB1,968,2,4,0,8838,8844,C
2-PB1,969,8884,1,9,0,8894,A
2-PB1,970,1,8876,0,4,8881,T
2-PB1,971,8515,0,4,0,8519,A
2-PB1,972,3,1,0,8594,8598,C
2-PB1,973,7952,1,4,0,7957,A
2-PB1,974,2,7951,0,4,7957,T
2-PB1,975,2,2,0,7937,7941,C
2-PB1,976,7915,1,2,1,7919,A
2-PB1,977,0,0,0,7946,7946,C
2-PB1,978,7886,2,3,1,7892,A
2-PB1,979,7896,0,1,0,7897,A
2-PB1,980,7881,1,4,0,7886,A
2-PB1,981,1,4,7684,0,7689,G
2-PB1,982,7993,0,4,0,7997,A
2-PB1,983,8015,0,1,1,8017,A
2-PB1,984,2,8013,0,1,8016,T
2-PB1,985,2,2,0,8010,8014,C
2-PB1,986,8082,0,3,0,8085,A
2-PB1,987,8137,3,0,0,8140,A
2-PB1,988,1,2,0,8166,8169,C
2-PB1,989,1,0,0,8165,8166,C
2-PB1,990,0,7883,1,4,7888,T
2-PB1,991,2,1,7950,1,7954,G
2-PB1,992,7941,1,6,0,7948,A
2-PB1,993,3,2,7944,0,7949,G
2-PB1,994,1,7917,0,4,7922,T
2-PB1,995,1,4,7778,0,7783,G
2-PB1,996,0,0,8265,0,8265,G
2-PB1,997,0,8220,0,4,8224,T
2-PB1,998,0,8227,0,6,8233,T
2-PB1,999,3,3,1,8245,8252,C
2-PB1,1000,8195,1,3,2,8201,A
2-PB1,1001,0,4,8354,0,8358,G
2-PB1,1002,8358,0,1,0,8359,A
2-PB1,1003,8361,0,4,1,8366,A
2-PB1,1004,8329,1,7,0,8337,A
2-PB1,1005,3,2,0,7898,7903,C
2-PB1,1006,8082,0,0,0,8082,A
2-PB1,1007,2,8062,0,4,8068,T
2-PB1,1008,1,1,0,8196,8198,C
2-PB1,1009,1,0,1,8198,8200,C
2-PB1,1010,2,8028,1,8,8039,T
2-PB1,1011,0,3,8067,0,8070,G
2-PB1,1012,8038,2,9,0,8049,A
2-PB1,1013,4,0,8144,0,8148,G
2-PB1,1014,2,0,0,8127,8129,C
2-PB1,1015,7925,2,2,0,7929,A
2-PB1,1016,2,7936,0,5,7943,T
2-PB1,1017,2,2,0,7861,7865,C
2-PB1,1018,1,2,7866,0,7869,G
2-PB1,1019,3,1,0,8118,8122,C
2-PB1,1020,8138,0,7,0,8145,A
2-PB1,1021,4,2,0,8378,8384,C
2-PB1,1022,4,3,0,8360,8367,C
2-PB1,1023,8381,0,2,0,8383,A
2-PB1,1024,8493,1,2,0,8496,A
2-PB1,1025,0,8475,1,3,8479,T
2-PB1,1026,8482,0,0,0,8482,A
2-PB1,1027,8478,2,3,0,8483,A
2-PB1,1028,1,8227,1,1,8230,T
2-PB1,1029,1,5,8256,0,8262,G
2-PB1,1030,1,8087,1,1,8090,T
2-PB1,1031,0,8022,3,10,8035,T
2-PB1,1032,5,1,1,8043,8050,C
2-PB1,1033,1,8012,0,1,8014,T
2-PB1,1034,1,3,0,8028,8032,C
2-PB1,1035,8030,1,0,0,8031,A
2-PB1,1036,8024,0,8,0,8032,A
2-PB1,1037,8032,1,2,1,8036,A
2-PB1,1038,2,0,0,8048,8050,C
2-PB1,1039,8020,1,2,0,8023,A
2-PB1,1040,8023,0,0,0,8023,A
2-PB1,1041,8001,2,3,0,8006,A
2-PB1,1042,8041,0,7,0,8048,A
2-PB1,1043,0,8132,0,2,8134,T
2-PB1,1044,0,0,8152,3,8155,G
2-PB1,1045,5,4,8128,0,8137,G
2-PB1,1046,0,2,1,8133,8136,C
2-PB1,1047,8125,0,3,1,8129,A
2-PB1,1048,8149,1,6,0,8156,A
2-PB1,1049,0,0,8204,0,8204,G
2-PB1,1050,8215,1,3,0,8219,A
2-PB1,1051,3,1,0,8231,8235,C
2-PB1,1052,0,8107,0,4,8111,T
2-PB1,1053,2,7,8210,1,8220,G
2-PB1,1054,1,7,8232,0,8240,G
2-PB1,1055,1,2,8286,0,8289,G
2-PB1,1056,8281,1,4,0,8286,A
2-PB1,1057,8266,0,0,0,8266,A
2-PB1,1058,8226,3,7,0,8236,A
2-PB1,1059,8215,0,6,1,8222,A
2-PB1,1060,3,2,8462,0,8467,G
2-PB1,1061,4,3,8452,0,8459,G
2-PB1,1062,8424,2,5,0,8431,A
2-PB1,1063,1,8379,0,3,8383,T
2-PB1,1064,8363,0,5,0,8368,A
2-PB1,1065,4,1,0,8382,8387,C
2-PB1,1066,8451,0,4,0,8455,A
2-PB1,1067,0,8424,0,5,8429,T
2-PB1,1068,3,1,8474,0,8478,G
2-PB1,1069,4,8316,0,8,8328,T
2-PB1,1070,2,8345,0,2,8349,T
2-PB1,1071,3,3,2,8306,8314,C
2-PB1,1072,3,8,8320,0,8331,G
2-PB1,1073,8307,1,32,0,8340,A
2-PB1,1074,2,1,8499,0,8502,G
2-PB1,1075,8381,4,4,0,8389,A
2-PB1,1076,1,3,8461,0,8465,G
2-PB1,1077,1,8405,0,1,8407,T
2-PB1,1078,8387,0,0,0,8387,A
2-PB1,1079,8399,2,8,0,8409,A
2-PB1,1080,0,3,8441,1,8445,G
2-PB1,1081,8420,1,6,1,8428,A
2-PB1,1082,0,2,8537,0,8539,G
2-PB1,1083,8349,1,3,1,8354,A
2-PB1,1084,8411,0,1,0,8412,A
2-PB1,1085,0,8341,0,3,8344,T
2-PB1,1086,0,4,8322,3,8329,G
2-PB1,1087,8329,0,9,0,8338,A
2-PB1,1088,8270,0,4,0,8274,A
2-PB1,1089,6,1,8294,0,8301,G
2-PB1,1090,2,0,0,8276,8278,C
2-PB1,1091,4,8146,1,6,8157,T
2-PB1,1092,2,0,1,8183,8186,C
2-PB1,1093,1,5,0,8190,8196,C
2-PB1,1094,7,3,8220,0,8230,G
2-PB1,1095,1,1,8252,0,8254,G
2-PB1,1096,8266,1,3,0,8270,A
2-PB1,1097,0,0,1,8363,8364,C
2-PB1,1098,8364,1,4,1,8370,A
2-PB1,1099,4,0,1,8434,8439,C
2-PB1,1100,8427,3,3,0,8433,A
2-PB1,1101,8435,1,9,0,8445,A
2-PB1,1102,8435,1,5,2,8443,A
2-PB1,1103,1,8463,1,1,8466,T
2-PB1,1104,8458,0,1,0,8459,A
2-PB1,1105,4,2,0,8429,8435,C
2-PB1,1106,7,0,0,8369,8376,C
2-PB1,1107,0,8282,0,6,8288,T
2-PB1,1108,2,0,8322,0,8324,G
2-PB1,1109,0,3,0,8334,8337,C
2-PB1,1110,8328,3,4,0,8335,A
2-PB1,1111,0,2,8325,0,8327,G
2-PB1,1112,8287,4,3,0,8294,A
2-PB1,1113,8267,1,4,0,8272,A
2-PB1,1114,8294,0,2,0,8296,A
2-PB1,1115,0,8303,0,0,8303,T
2-PB1,1116,2,0,8314,0,8316,G
2-PB1,1117,1,1,0,8266,8268,C
2-PB1,1118,0,8254,0,7,8261,T
2-PB1,1119,8366,2,7,0,8375,A
2-PB1,1120,3,2,8353,0,8358,G
2-PB1,1121,1,0,3,8358,8362,C
2-PB1,1122,8349,2,1,2,8354,A
2-PB1,1123,8328,0,4,0,8332,A
2-PB1,1124,1,2,8287,0,8290,G
2-PB1,1125,1,0,0,8279,8280,C
2-PB1,1126,8173,0,4,0,8177,A
2-PB1,1127,1,8312,0,2,8315,T
2-PB1,1128,1,8325,1,3,8330,T
2-PB1,1129,2,3,8552,1,8558,G
2-PB1,1130,8637,2,6,0,8645,A
2-PB1,1131,4,0,0,8623,8627,C
2-PB1,1132,3,1,0,8638,8642,C
2-PB1,1133,2,8473,0,9,8484,T
2-PB1,1134,1,2,8589,0,8592,G
2-PB1,1135,8602,2,3,0,8607,A
2-PB1,1136,8603,3,8,0,8614,A
2-PB1,1137,1,2,8685,0,8688,G
2-PB1,1138,1,8404,0,1,8406,T
2-PB1,1139,8427,0,1,0,8428,A
2-PB1,1140,3,8383,1,1,8388,T
2-PB1,1141,1,8376,1,4,8382,T
2-PB1,1142,2,8374,0,0,8376,T
2-PB1,1143,0,1,2,8304,8307,C
2-PB1,1144,8310,1,3,0,8314,A
2-PB1,1145,8320,0,1,1,8322,A
2-PB1,1146,1,8213,1,0,8215,T
2-PB1,1147,2,2,8243,0,8247,G
2-PB1,1148,8218,1,0,0,8219,A
2-PB1,1149,8250,1,0,1,8252,A
2-PB1,1150,0,8222,0,4,8226,T
2-PB1,1151,3,1,0,8279,8283,C
2-PB1,1152,8281,1,1,1,8284,A
2-PB1,1153,8293,1,9,0,8303,A
2-PB1,1154,4,2,0,8276,8282,C
2-PB1,1155,8275,1,6,0,8282,A
2-PB1,1156,8270,0,4,1,8275,A
2-PB1,1157,1,4,8268,0,8273,G
2-PB1,1158,0,3,8292,1,8296,G
2-PB1,1159,8279,1,2,1,8283,A
2-PB1,1160,8256,0,13,1,8270,A
2-PB1,1161,1,1,8269,0,8271,G
2-PB1,1162,8249,1,6,0,8256,A
2-PB1,1163,8247,1,3,0,8251,A
2-PB1,1164,8241,1,3,0,8245,A
2-PB1,1165,8238,0,4,0,8242,A
2-PB1,1166,1,8220,2,0,8223,T
2-PB1,1167,0,8136,2,0,8138,T
2-PB1,1168,1,2,8146,0,8149,G
2-PB1,1169,8125,3,3,1,8132,A
2-PB1,1170,1,3,8157,0,8161,G
2-PB1,1171,8140,1,1,0,8142,A
2-PB1,1172,8208,1,0,2,8211,A
2-PB1,1173,8299,1,2,1,8303,A
2-PB1,1174,8334,1,1,0,8336,A
2-PB1,1175,1,8336,0,1,8338,T
2-PB1,1176,8334,2,0,0,8336,A
2-PB1,1177,8322,0,5,3,8330,A
2-PB1,1178,3,3,8349,0,8355,G
2-PB1,1179,2,2,8337,0,8341,G
2-PB1,1180,1,2,0,8318,8321,C
2-PB1,1181,3,3,1,8291,8298,C
2-PB1,1182,3,8261,1,13,8278,T
2-PB1,1183,3,1,0,9209,9213,C
2-PB1,1184,2,9323,1,10,9336,T
2-PB1,1185,3,9342,2,2,9349,T
2-PB1,1186,6,2,0,9481,9489,C
2-PB1,1187,0,9444,0,7,9451,T
2-PB1,1188,9463,0,3,2,9468,A
2-PB1,1189,9476,0,1,1,9478,A
2-PB1,1190,0,9462,0,2,9464,T
2-PB1,1191,9548,1,1,1,9551,A
2-PB1,1192,0,3,9326,0,9329,G
2-PB1,1193,8522,1,0,0,8523,A
2-PB1,1194,2,8531,1,2,8536,T
2-PB1,1195,4,6,8405,0,8415,G
2-PB1,1196,3,7,8540,1,8551,G
2-PB1,1197,3,3,2,8531,8539,C
2-PB1,1198,8541,2,5,0,8548,A
2-PB1,1199,1,2,1,8579,8583,C
2-PB1,1200,8441,0,5,0,8446,A
2-PB1,1201,1,1,8742,2,8746,G
2-PB1,1202,1,2,0,8711,8714,C
2-PB1,1203,8730,3,2,0,8735,A
2-PB1,1204,3,8921,0,7,8931,T
2-PB1,1205,2,3,0,8833,8838,C
2-PB1,1206,8917,2,3,0,8922,A
2-PB1,1207,3,8909,0,2,8914,T
2-PB1,1208,1,8841,0,2,8844,T
2-PB1,1209,0,1,8832,1,8834,G
2-PB1,1210,8578,2,12,0,8592,A
2-PB1,1211,1,1,8812,0,8814,G
2-PB1,1212,3,8,1,8769,8781,C
2-PB1,1213,4,3,0,8650,8657,C
2-PB1,1214,6,0,1,8733,8740,C
2-PB1,1215,0,8659,0,11,8670,T
2-PB1,1216,1,2,8863,0,8866,G
2-PB1,1217,2,1,8959,2,8964,G
2-PB1,1218,8958,1,8,1,8968,A
2-PB1,1219,9047,0,2,0,9049,A
2-PB1,1220,4,8724,0,16,8744,T
2-PB1,1221,1,3,8875,1,8880,G
2-PB1,1222,8940,2,9,0,8951,A
2-PB1,1223,3,8877,1,6,8887,T
2-PB1,1224,1,7,8883,1,8892,G
2-PB1,1225,8829,2,5,2,8838,A
2-PB1,1226,1,8706,1,4,8712,T
2-PB1,1227,1,6,8713,0,8720,G
2-PB1,1228,1,12,8784,1,8798,G
2-PB1,1229,0,1,8820,2,8823,G
2-PB1,1230,4,4,0,8722,8730,C
2-PB1,1231,8705,1,1,0,8707,A
2-PB1,1232,2,8710,0,1,8713,T
2-PB1,1233,2,4,8901,0,8907,G
2-PB1,1234,1,8904,0,6,8911,T
2-PB1,1235,3,8922,1,4,8930,T
2-PB1,1236,2,2,1,8941,8946,C
2-PB1,1237,8866,1,1,1,8869,A
2-PB1,1238,8878,0,4,0,8882,A
2-PB1,1239,4,3,0,8882,8889,C
2-PB1,1240,8897,1,6,0,8904,A
2-PB1,1241,1,8901,1,1,8904,T
2-PB1,1242,2,4,8907,0,8913,G
2-PB1,1243,1,3,1,8903,8908,C
2-PB1,1244,1,8896,0,1,8898,T
2-PB1,1245,8945,2,1,1,8949,A
2-PB1,1246,8940,1,2,0,8943,A
2-PB1,1247,0,5,9080,0,9085,G
2-PB1,1248,1,9058,0,0,9059,T
2-PB1,1249,9011,1,3,0,9015,A
2-PB1,1250,0,1,0,9014,9015,C
2-PB1,1251,2,9,8984,0,8995,G
2-PB1,1252,2,2,9382,0,9386,G
2-PB1,1253,4,9348,1,4,9357,T
2-PB1,1254,0,9320,0,2,9322,T
2-PB1,1255,0,9295,0,1,9296,T
2-PB1,1256,0,9223,2,5,9230,T
2-PB1,1257,9229,0,8,1,9238,A
2-PB1,1258,0,1,9238,0,9239,G
2-PB1,1259,2,5,9218,1,9226,G
2-PB1,1260,9012,1,15,0,9028,A
2-PB1,1261,0,1,8932,0,8933,G
2-PB1,1262,1,8966,0,4,8971,T
2-PB1,1263,3,0,0,8986,8989,C
2-PB1,1264,2,8980,0,4,8986,T
2-PB1,1265,3,4,0,8984,8991,C
2-PB1,1266,6,3,8994,0,9003,G
2-PB1,1267,9225,2,1,0,9228,A
2-PB1,1268,0,9232,0,3,9235,T
2-PB1,1269,9256,0,4,0,9260,A
2-PB1,1270,6,1,0,9250,9257,C
2-PB1,1271,3,9095,4,12,9114,T
2-PB1,1272,5,1,9118,0,9124,G
2-PB1,1273,9112,0,2,0,9114,A
2-PB1,1274,9212,0,4,1,9217,A
2-PB1,1275,1,9214,1,3,9219,T
2-PB1,1276,4,0,0,9001,9005,C
2-PB1,1277,0,8975,0,4,8979,T
2-PB1,1278,1,8955,1,1,8958,T
2-PB1,1279,2,1,8971,1,8975,G
2-PB1,1280,4,2,8985,0,8991,G
2-PB1,1281,8952,0,22,0,8974,A
2-PB1,1282,1,1,1,8981,8984,C
2-PB1,1283,8856,2,1,1,8860,A
2-PB1,1284,8882,1,4,0,8887,A
2-PB1,1285,8904,0,6,1,8911,A
2-PB1,1286,8911,1,11,1,8924,A
2-PB1,1287,1,3,9036,0,9040,G
2-PB1,1288,9049,2,3,0,9054,A
2-PB1,1289,9032,3,2,0,9037,A
2-PB1,1290,9037,0,9,0,9046,A
2-PB1,1291,1,9034,0,2,9037,T
2-PB1,1292,9067,1,2,0,9070,A
2-PB1,1293,3,1,0,9311,9315,C
2-PB1,1294,9225,2,8,0,9235,A
2-PB1,1295,2,3,0,9241,9246,C
2-PB1,1296,6,1,1,9167,9175,C
2-PB1,1297,9129,1,2,2,9134,A
2-PB1,1298,9214,2,2,0,9218,A
2-PB1,1299,0,0,9432,1,9433,G
2-PB1,1300,9524,3,1,0,9528,A
2-PB1,1301,3,3,0,9567,9573,C
2-PB1,1302,9336,0,7,0,9343,A
2-PB1,1303,9573,0,7,0,9580,A
2-PB1,1304,2,1,0,9609,9612,C
2-PB1,1305,9716,1,2,0,9719,A
2-PB1,1306,0,9744,0,1,9745,T
2-PB1,1307,9656,1,4,0,9661,A
2-PB1,1308,4,1,1,9802,9808,C
2-PB1,1309,1,9486,1,3,9491,T
2-PB1,1310,0,4,9575,0,9579,G
2-PB1,1311,1,6,9568,2,9577,G
2-PB1,1312,2,9348,0,4,9354,T
2-PB1,1313,3,10,9325,0,9338,G
2-PB1,1314,2,6,9262,0,9270,G
2-PB1,1315,2,3,9305,0,9310,G
2-PB1,1316,9301,3,4,2,9310,A
2-PB1,1317,3,9116,1,1,9121,T
2-PB1,1318,1,8,9096,1,9106,G
2-PB1,1319,1,5,9044,1,9051,G
2-PB1,1320,1,3,9095,3,9102,G
2-PB1,1321,1,3,0,9160,9164,C
2-PB1,1322,4,9100,1,31,9136,T
2-PB1,1323,2,2,0,9159,9163,C
2-PB1,1324,0,4,0,9141,9145,C
2-PB1,1325,9148,2,6,0,9156,A
2-PB1,1326,9146,3,1,1,9151,A
2-PB1,1327,1,9102,0,8,9111,T
2-PB1,1328,1,0,2,9062,9065,C
2-PB1,1329,3,1,0,9009,9013,C
2-PB1,1330,3,8952,0,5,8960,T
2-PB1,1331,4,3,0,8959,8966,C
2-PB1,1332,6,1,0,8916,8923,C
2-PB1,1333,1,3,8922,0,8926,G
2-PB1,1334,8916,4,3,0,8923,A
2-PB1,1335,2,1,0,8905,8908,C
2-PB1,1336,2,3,8889,0,8894,G
2-PB1,1337,8882,0,1,0,8883,A
2-PB1,1338,0,2,0,8794,8796,C
2-PB1,1339,0,8869,3,11,8883,T
2-PB1,1340,1,8900,0,6,8907,T
2-PB1,1341,1,8905,1,5,8912,T
2-PB1,1342,4,1,8934,0,8939,G
2-PB1,1343,2,8,1,9024,9035,C
2-PB1,1344,5,2,0,9020,9027,C
2-PB1,1345,5,3,1,9220,9229,C
2-PB1,1346,0,9082,2,7,9091,T
2-PB1,1347,2,3,0,9331,9336,C
2-PB1,1348,9372,0,3,1,9376,A
2-PB1,1349,1,9398,0,2,9401,T
2-PB1,1350,9393,1,1,0,9395,A
2-PB1,1351,0,4,9463,0,9467,G
2-PB1,1352,1,9263,0,6,9270,T
2-PB1,1353,0,4,9293,0,9297,G
2-PB1,1354,8963,0,1,0,8964,A
2-PB1,1355,8962,1,5,0,8968,A
2-PB1,1356,1,8594,0,5,8600,T
2-PB1,1357,3,2,8555,0,8560,G
2-PB1,1358,1,5,1,8595,8602,C
2-PB1,1359,8591,4,6,1,8602,A
2-PB1,1360,2,0,0,8589,8591,C
2-PB1,1361,10,0,1,8552,8563,C
2-PB1,1362,8485,1,3,0,8489,A
2-PB1,1363,8487,0,1,0,8488,A
2-PB1,1364,8469,0,3,0,8472,A
2-PB1,1365,1,8253,0,2,8256,T
2-PB1,1366,1,15,0,8455,8471,C
2-PB1,1367,8490,1,2,0,8493,A
2-PB1,1368,2,8480,0,5,8487,T
2-PB1,1369,3,5,8495,1,8504,G
2-PB1,1370,8499,1,7,0,8507,A
2-PB1,1371,0,9,8536,0,8545,G
2-PB1,1372,6,3,8530,0,8539,G
2-PB1,1373,4,5,8547,0,8556,G
2-PB1,1374,8509,0,8,1,8518,A
2-PB1,1375,8613,0,5,0,8618,A
2-PB1,1376,1,8625,0,1,8627,T
2-PB1,1377,8652,3,5,0,8660,A
2-PB1,1378,1,1,0,8656,8658,C
2-PB1,1379,8640,0,5,1,8646,A
2-PB1,1380,8629,2,14,0,8645,A
2-PB1,1381,1,1,8614,0,8616,G
2-PB1,1382,0,2,0,8541,8543,C
2-PB1,1383,8503,2,5,0,8510,A
2-PB1,1384,3,3,8514,2,8522,G
2-PB1,1385,0,6,8518,0,8524,G
2-PB1,1386,8496,0,4,0,8500,A
2-PB1,1387,1,32,8502,0,8535,G
2-PB1,1388,3,8352,0,2,8357,T
2-PB1,1389,1,1,8409,0,8411,G
2-PB1,1390,2,3,8421,1,8427,G
2-PB1,1391,8385,2,8,0,8395,A
2-PB1,1392,1,8403,0,1,8405,T
2-PB1,1393,8199,1,3,2,8205,A
2-PB1,1394,0,3,8245,0,8248,G
2-PB1,1395,8334,1,2,0,8337,A
2-PB1,1396,1,8314,2,4,8321,T
2-PB1,1397,0,8289,1,2,8292,T
2-PB1,1398,7,1,0,8479,8487,C
2-PB1,1399,1,8442,0,3,8446,T
2-PB1,1400,8436,5,3,1,8445,A
2-PB1,1401,3,1,0,8433,8437,C
2-PB1,1402,8283,1,3,1,8288,A
2-PB1,1403,2,6,8293,0,8301,G
2-PB1,1404,0,2,8160,1,8163,G
2-PB1,1405,8213,1,6,1,8221,A
2-PB1,1406,1,3,0,8183,8187,C
2-PB1,1407,5,3,0,7943,7951,C
2-PB1,1408,0,7669,0,242,7911,T
2-PB1,1409,5,1,7919,1,7926,G
2-PB1,1410,0,0,1,7922,7923,C
2-PB1,1411,7933,0,4,0,7937,A
2-PB1,1412,7952,2,3,0,7957,A
2-PB1,1413,2,1,7961,0,7964,G
2-PB1,1414,0,7836,1,0,7837,T
2-PB1,1415,0,7827,0,5,7832,T
2-PB1,1416,7705,1,2,0,7708,A
2-PB1,1417,1,1,7722,0,7724,G
2-PB1,1418,3,7668,2,6,7679,T
2-PB1,1419,5,4,7664,0,7673,G
2-PB1,1420,1,5,7639,0,7645,G
2-PB1,1421,3,3,7687,1,7694,G
2-PB1,1422,7641,3,20,0,7664,A
2-PB1,1423,7687,2,2,0,7691,A
2-PB1,1424,2,7662,1,2,7667,T
2-PB1,1425,2,0,0,7685,7687,C
2-PB1,1426,7675,2,3,0,7680,A
2-PB1,1427,7685,1,2,0,7688,A
2-PB1,1428,1,2,2,7668,7673,C
2-PB1,1429,7671,0,2,0,7673,A
2-PB1,1430,0,7458,1,1,7460,T
2-PB1,1431,2,6,7453,1,7462,G
2-PB1,1432,7459,1,7,0,7467,A
2-PB1,1433,3,2,7491,1,7497,G
2-PB1,1434,2,1,0,7472,7475,C
2-PB1,1435,7435,0,4,0,7439,A
2-PB1,1436,7442,0,3,0,7445,A
2-PB1,1437,7446,1,1,1,7449,A
2-PB1,1438,7470,1,0,0,7471,A
2-PB1,1439,7468,1,5,2,7476,A
2-PB1,1440,0,2,7470,1,7473,G
2-PB1,1441,7345,2,1,2,7350,A
2-PB1,1442,7281,1,2,1,7285,A
2-PB1,1443,2,0,7479,0,7481,G
2-PB1,1444,2,7440,0,1,7443,T
2-PB1,1445,3,1,0,7439,7443,C
2-PB1,1446,4,2,0,7468,7474,C
2-PB1,1447,1,7422,0,3,7426,T
2-PB1,1448,7504,0,1,0,7505,A
2-PB1,1449,1,7482,1,2,7486,T
2-PB1,1450,7484,2,2,0,7488,A
2-PB1,1451,1,7485,0,0,7486,T
2-PB1,1452,7198,0,1,0,7199,A
2-PB1,1453,7212,0,0,0,7212,A
2-PB1,1454,7179,0,1,1,7181,A
2-PB1,1455,2,7161,0,0,7163,T
2-PB1,1456,7095,1,0,1,7097,A
2-PB1,1457,7027,1,2,0,7030,A
2-PB1,1458,7059,1,4,0,7064,A
2-PB1,1459,7066,0,3,1,7070,A
2-PB1,1460,7,1,0,7061,7069,C
2-PB1,1461,6733,1,2,0,6736,A
2-PB1,1462,0,1,6736,0,6737,G
2-PB1,1463,1,8,6704,1,6714,G
2-PB1,1464,2,1,6723,0,6726,G
2-PB1,1465,6727,0,5,0,6732,A
2-PB1,1466,4,5,0,6738,6747,C
2-PB1,1467,6693,1,0,0,6694,A
2-PB1,1468,2,6711,0,4,6717,T
2-PB1,1469,2,6712,1,5,6720,T
2-PB1,1470,1,6730,0,2,6733,T
2-PB1,1471,1,4,6730,0,6735,G
2-PB1,1472,6681,0,2,2,6685,A
2-PB1,1473,6684,2,1,0,6687,A
2-PB1,1474,1,6691,1,4,6697,T
2-PB1,1475,0,6508,0,3,6511,T
2-PB1,1476,3,0,0,6536,6539,C
2-PB1,1477,6478,1,2,0,6481,A
2-PB1,1478,1,4,0,6478,6483,C
2-PB1,1479,0,6476,0,4,6480,T
2-PB1,1480,6472,0,2,0,6474,A
2-PB1,1481,1,2,6474,0,6477,G
2-PB1,1482,2,0,0,6480,6482,C
2-PB1,1483,1,6359,8,7,6375,T
2-PB1,1484,0,6499,1,0,6500,T
2-PB1,1485,2,6492,0,1,6495,T
2-PB1,1486,4,6499,0,1,6504,T
2-PB1,1487,1,6500,1,0,6502,T
2-PB1,1488,0,6496,1,2,6499,T
2-PB1,1489,0,6478,0,1,6479,T
2-PB1,1490,6478,0,1,1,6480,A
2-PB1,1491,1,6472,0,1,6474,T
2-PB1,1492,6356,3,1,0,6360,A
2-PB1,1493,1,2,6584,1,6588,G
2-PB1,1494,6647,1,2,0,6650,A
2-PB1,1495,1,6653,0,0,6654,T
2-PB1,1496,6438,0,226,1,6665,A
2-PB1,1497,0,6667,0,1,6668,T
2-PB1,1498,3,2,6662,0,6667,G
2-PB1,1499,0,0,6669,1,6670,G
2-PB1,1500,6681,0,2,0,6683,A
2-PB1,1501,1,6584,0,7,6592,T
2-PB1,1502,0,6304,0,1,6305,T
2-PB1,1503,1,6212,2,1,6216,T
2-PB1,1504,2,1,6215,0,6218,G
2-PB1,1505,1,6186,0,1,6188,T
2-PB1,1506,1,3,6180,0,6184,G
2-PB1,1507,3,2,6173,0,6178,G
2-PB1,1508,2,0,1,6125,6128,C
2-PB1,1509,1,6134,0,0,6135,T
2-PB1,1510,6134,0,2,0,6136,A
2-PB1,1511,6177,0,1,0,6178,A
2-PB1,1512,0,6198,0,2,6200,T
2-PB1,1513,1,6193,2,1,6197,T
2-PB1,1514,1,6196,1,1,6199,T
2-PB1,1515,0,6194,0,3,6197,T
2-PB1,1516,6182,0,5,0,6187,A
2-PB1,1517,2,1,6224,0,6227,G
2-PB1,1518,0,3,0,6217,6220,C
2-PB1,1519,6188,1,3,0,6192,A
2-PB1,1520,0,6128,0,1,6129,T
2-PB1,1521,1,3,6042,0,6046,G
2-PB1,1522,1,1,6131,0,6133,G
2-PB1,1523,6108,1,6,0,6115,A
2-PB1,1524,0,0,6109,0,6109,G
2-PB1,1525,2,1,0,6087,6090,C
2-PB1,1526,0,5996,0,8,6004,T
2-PB1,1527,3,1,6044,0,6048,G
2-PB1,1528,2,3,0,6008,6013,C
2-PB1,1529,2,2,0,6022,6026,C
2-PB1,1530,0,1,1,6034,6036,C
2-PB1,1531,5828,1,2,0,5831,A
2-PB1,1532,1,3,6020,0,6024,G
2-PB1,1533,0,6015,1,1,6017,T
2-PB1,1534,1,6010,0,1,6012,T
2-PB1,1535,1,6010,0,0,6011,T
2-PB1,1536,0,5899,0,4,5903,T
2-PB1,1537,1,4,5887,0,5892,G
2-PB1,1538,1,6,5877,0,5884,G
2-PB1,1539,3,4,5353,0,5360,G
2-PB1,1540,0,1,5384,0,5385,G
2-PB1,1541,2,5383,0,7,5392,T
2-PB1,1542,2,1,5496,0,5499,G
2-PB1,1543,1,5484,0,1,5486,T
2-PB1,1544,2,0,0,5476,5478,C
2-PB1,1545,0,5487,1,3,5491,T
2-PB1,1546,2,0,5505,0,5507,G
2-PB1,1547,3,2,5544,0,5549,G
2-PB1,1548,5535,1,4,0,5540,A
2-PB1,1549,5548,0,1,1,5550,A
2-PB1,1550,0,5537,1,2,5540,T
2-PB1,1551,5128,0,0,1,5129,A
2-PB1,1552,5116,1,1,0,5118,A
2-PB1,1553,5111,1,0,1,5113,A
2-PB1,1554,0,3,0,5115,5118,C
2-PB1,1555,0,6,5035,0,5041,G
2-PB1,1556,4944,0,0,0,4944,A
2-PB1,1557,0,2,4940,0,4942,G
2-PB1,1558,2,4927,0,6,4935,T
2-PB1,1559,1,2,0,4939,4942,C
2-PB1,1560,4920,0,3,0,4923,A
2-PB1,1561,1,0,4958,0,4959,G
2-PB1,1562,3,1,0,4951,4955,C
2-PB1,1563,2,4931,0,5,4938,T
2-PB1,1564,0,3,5017,0,5020,G
2-PB1,1565,4956,1,2,0,4959,A
2-PB1,1566,1,4957,2,3,4963,T
2-PB1,1567,4967,0,0,0,4967,A
2-PB1,1568,0,4864,0,0,4864,T
2-PB1,1569,1,1,4869,0,4871,G
2-PB1,1570,4588,1,7,0,4596,A
2-PB1,1571,0,0,4617,0,4617,G
2-PB1,1572,0,0,2,4613,4615,C
2-PB1,1573,4274,0,1,0,4275,A
2-PB1,1574,1,4266,1,1,4269,T
2-PB1,1575,0,4249,1,0,4250,T
2-PB1,1576,2,2,4290,0,4294,G
2-PB1,1577,0,5,4373,1,4379,G
2-PB1,1578,4277,0,4,0,4281,A
2-PB1,1579,2,0,4281,0,4283,G
2-PB1,1580,0,4039,1,2,4042,T
2-PB1,1581,4022,0,0,0,4022,A
2-PB1,1582,4018,0,3,1,4022,A
2-PB1,1583,0,0,1,4019,4020,C
2-PB1,1584,3978,0,0,0,3978,A
2-PB1,1585,1,1,4018,0,4020,G
2-PB1,1586,1,3275,0,3,3279,T
2-PB1,1587,1,2,3298,0,3301,G
2-PB1,1588,3304,0,4,0,3308,A
2-PB1,1589,1,3303,0,1,3305,T
2-PB1,1590,3289,0,1,0,3290,A
2-PB1,1591,3277,0,0,0,3277,A
2-PB1,1592,3126,1,2,1,3130,A
2-PB1,1593,1,1,3158,0,3160,G
2-PB1,1594,2874,0,0,0,2874,A
2-PB1,1595,2868,0,1,0,2869,A
2-PB1,1596,0,0,0,2871,2871,C
2-PB1,1597,2687,0,4,0,2691,A
2-PB1,1598,2711,1,1,0,2713,A
2-PB1,1599,0,2,0,2703,2705,C
2-PB1,1600,2722,0,2,1,2725,A
2-PB1,1601,0,2700,12,1,2713,T
2-PB1,1602,0,0,2601,0,2601,G
2-PB1,1603,2601,1,2,0,2604,A
2-PB1,1604,1,2596,0,0,2597,T
2-PB1,1605,2543,0,0,0,2543,A
2-PB1,1606,2547,1,1,0,2549,A
2-PB1,1607,2463,0,2,1,2466,A
2-PB1,1608,0,0,1,2472,2473,C
2-PB1,1609,2258,0,1,0,2259,A
2-PB1,1610,2246,0,0,0,2246,A
2-PB1,1611,0,2166,0,1,2167,T
2-PB1,1612,0,1,2167,0,2168,G
2-PB1,1613,2196,0,1,0,2197,A
2-PB1,1614,0,0,0,2211,2211,C
2-PB1,1615,1,0,0,2115,2116,C
2-PB1,1616,0,1939,0,2,1941,T
2-PB1,1617,0,1838,0,1,1839,T
2-PB1,1618,0,2,1837,0,1839,G
2-PB1,1619,0,1,1852,0,1853,G
2-PB1,1620,1883,0,1,0,1884,A
2-PB1,1621,2,0,0,1896,1898,C
2-PB1,1622,0,1,0,1881,1882,C
2-PB1,1623,1874,1,1,0,1876,A
2-PB1,1624,0,0,1902,0,1902,G
2-PB1,1625,0,0,1,1900,1901,C
2-PB1,1626,1903,0,2,0,1905,A
2-PB1,1627,1900,0,1,0,1901,A
2-PB1,1628,0,0,0,1904,1904,C
2-PB1,1629,1883,0,3,0,1886,A
2-PB1,1630,0,0,1928,0,1928,G
2-PB1,1631,0,0,0,1927,1927,C
2-PB1,1632,0,1,0,1930,1931,C
2-PB1,1633,1,1,0,1927,1929,C
2-PB1,1634,1923,0,1,0,1924,A
2-PB1,1635,1922,1,1,0,1924,A
2-PB1,1636,1922,0,0,0,1922,A
2-PB1,1637,1,1924,0,2,1927,T
2-PB1,1638,0,0,1917,0,1917,G
2-PB1,1639,0,2,1906,0,1908,G
2-PB1,1640,0,1,0,1898,1899,C
2-PB1,1641,1,1893,0,1,1895,T
2-PB1,1642,0,0,0,1946,1946,C
2-PB1,1643,0,1946,0,4,1950,T
2-PB1,1644,4,0,0,1964,1968,C
2-PB1,1645,2,1,0,1964,1967,C
2-PB1,1646,1971,1,0,0,1972,A
2-PB1,1647,1978,0,0,0,1978,A
2-PB1,1648,1,1969,0,1,1971,T
2-PB1,1649,0,1951,0,0,1951,T
2-PB1,1650,0,0,1961,0,1961,G
2-PB1,1651,1,1929,0,1,1931,T
2-PB1,1652,1,1926,0,1,1928,T
2-PB1,1653,1,9,0,1916,1926,C
2-PB1,1654,1925,0,0,0,1925,A
2-PB1,1655,0,1924,0,2,1926,T
2-PB1,1656,1,1,1,1925,1928,C
2-PB1,1657,1930,0,0,0,1930,A
2-PB1,1658,1931,0,0,0,1931,A
2-PB1,1659,1929,0,1,0,1930,A
2-PB1,1660,0,0,1966,0,1966,G
2-PB1,1661,1965,1,1,0,1967,A
2-PB1,1662,0,1964,0,0,1964,T
2-PB1,1663,0,1968,0,0,1968,T
2-PB1,1664,1968,1,2,0,1971,A
2-PB1,1665,1,0,0,1999,2000,C
2-PB1,1666,1990,0,0,2,1992,A
2-PB1,1667,0,0,2012,0,2012,G
2-PB1,1668,2002,0,1,0,2003,A
2-PB1,1669,1,2036,0,0,2037,T
2-PB1,1670,2042,0,2,0,2044,A
2-PB1,1671,0,0,0,2138,2138,C
2-PB1,1672,2185,0,1,0,2186,A
2-PB1,1673,0,1,0,2330,2331,C
2-PB1,1674,2295,0,0,0,2295,A
2-PB1,1675,1,2311,0,0,2312,T
2-PB1,1676,2291,0,1,0,2292,A
2-PB1,1677,0,2286,0,1,2287,T
2-PB1,1678,2227,0,2,0,2229,A
2-PB1,1679,0,1,2226,0,2227,G
2-PB1,1680,0,0,2197,0,2197,G
2-PB1,1681,0,2097,0,0,2097,T
2-PB1,1682,0,0,2067,0,2067,G
2-PB1,1683,0,1,0,2169,2170,C
2-PB1,1684,2,1,0,2157,2160,C
2-PB1,1685,2193,0,1,0,2194,A
2-PB1,1686,0,2196,0,0,2196,T
2-PB1,1687,2202,1,0,0,2203,A
2-PB1,1688,0,3,2205,0,2208,G
2-PB1,1689,2148,0,1,0,2149,A
2-PB1,1690,1,3,2159,0,2163,G
2-PB1,1691,0,1,2155,0,2156,G
2-PB1,1692,2092,1,2,0,2095,A
2-PB1,1693,0,2,2091,1,2094,G
2-PB1,1694,2083,0,0,0,2083,A
2-PB1,1695,1,0,0,2083,2084,C
2-PB1,1696,2081,0,1,0,2082,A
2-PB1,1697,0,0,0,2122,2122,C
2-PB1,1698,2121,1,2,0,2124,A
2-PB1,1699,0,0,0,2121,2121,C
2-PB1,1700,2116,0,1,1,2118,A
2-PB1,1701,2128,0,0,0,2128,A
2-PB1,1702,2144,0,1,0,2145,A
2-PB1,1703,0,2155,0,1,2156,T
2-PB1,1704,0,0,0,2167,2167,C
2-PB1,1705,1,1,0,2157,2159,C
2-PB1,1706,2146,0,1,0,2147,A
2-PB1,1707,0,0,2151,0,2151,G
2-PB1,1708,2149,0,2,1,2152,A
2-PB1,1709,0,0,0,2163,2163,C
2-PB1,1710,0,1,2161,0,2162,G
2-PB1,1711,2151,0,0,0,2151,A
2-PB1,1712,0,1,2156,0,2157,G
2-PB1,1713,2156,0,0,0,2156,A
2-PB1,1714,2156,0,0,0,2156,A
2-PB1,1715,1,1,2173,0,2175,G
2-PB1,1716,2170,0,2,0,2172,A
2-PB1,1717,1,2174,0,1,2176,T
2-PB1,1718,0,0,0,2173,2173,C
2-PB1,1719,2184,0,0,0,2184,A
2-PB1,1720,0,2174,0,0,2174,T
2-PB1,1721,1,2176,0,0,2177,T
2-PB1,1722,0,145,0,2036,2181,C
2-PB1,1723,0,0,2187,1,2188,G
2-PB1,1724,2176,0,2,0,2178,A
2-PB1,1725,0,3,2181,0,2184,G
2-PB1,1726,2145,0,1,0,2146,A
2-PB1,1727,0,2196,0,0,2196,T
2-PB1,1728,2196,0,0,0,2196,A
2-PB1,1729,2204,0,1,0,2205,A
2-PB1,1730,2203,0,1,1,2205,A
2-PB1,1731,2,0,2202,0,2204,G
2-PB1,1732,2200,0,1,0,2201,A
2-PB1,1733,2162,0,1,0,2163,A
2-PB1,1734,0,0,2176,0,2176,G
2-PB1,1735,0,0,0,2176,2176,C
2-PB1,1736,0,2150,0,1,2151,T
2-PB1,1737,1,1,2166,0,2168,G
2-PB1,1738,0,2160,0,0,2160,T
2-PB1,1739,0,3,2148,0,2151,G
2-PB1,1740,0,3,2152,0,2155,G
2-PB1,1741,1,3,2170,0,2174,G
2-PB1,1742,2178,0,1,0,2179,A
2-PB1,1743,1,2167,0,1,2169,T
2-PB1,1744,0,1,0,2162,2163,C
2-PB1,1745,2166,0,0,1,2167,A
2-PB1,1746,2180,0,1,0,2181,A
2-PB1,1747,2188,0,0,0,2188,A
2-PB1,1748,2,0,0,2184,2186,C
2-PB1,1749,3,0,0,2173,2176,C
2-PB1,1750,3,1,0,2165,2169,C
2-PB1,1751,2165,1,0,0,2166,A
2-PB1,1752,2212,0,2,0,2214,A
2-PB1,1753,1,2205,0,1,2207,T
2-PB1,1754,1,0,0,2218,2219,C
2-PB1,1755,2200,0,1,0,2201,A
2-PB1,1756,2183,0,3,0,2186,A
2-PB1,1757,0,2,2223,0,2225,G
2-PB1,1758,0,2,2218,0,2220,G
2-PB1,1759,1,0,2209,0,2210,G
2-PB1,1760,0,1,0,2208,2209,C
2-PB1,1761,2187,0,3,0,2190,A
2-PB1,1762,1,0,2247,0,2248,G
2-PB1,1763,1,0,2257,1,2259,G
2-PB1,1764,2269,0,2,0,2271,A
2-PB1,1765,0,0,0,2298,2298,C
2-PB1,1766,0,2278,0,0,2278,T
2-PB1,1767,2322,2,0,0,2324,A
2-PB1,1768,0,2322,0,1,2323,T
2-PB1,1769,0,2316,1,2,2319,T
2-PB1,1770,0,0,2314,0,2314,G
2-PB1,1771,3,0,2341,0,2344,G
2-PB1,1772,1,2317,1,4,2323,T
2-PB1,1773,2313,2,1,0,2316,A
2-PB1,1774,0,2288,0,1,2289,T
2-PB1,1775,1,1,0,2291,2293,C
2-PB1,1776,2265,0,1,0,2266,A
2-PB1,1777,0,0,2305,0,2305,G
2-PB1,1778,2302,0,1,0,2303,A
2-PB1,1779,0,2292,0,1,2293,T
2-PB1,1780,1,5,2211,0,2217,G
2-PB1,1781,0,4,2211,0,2215,G
2-PB1,1782,1,4,2207,0,2212,G
2-PB1,1783,1,1,2211,0,2213,G
2-PB1,1784,0,0,2216,0,2216,G
2-PB1,1785,2212,0,1,0,2213,A
2-PB1,1786,0,0,0,2204,2204,C
2-PB1,1787,3,1,0,2193,2197,C
2-PB1,1788,2198,0,2,0,2200,A
2-PB1,1789,2344,0,0,0,2344,A
2-PB1,1790,2348,0,1,0,2349,A
2-PB1,1791,0,1,0,2381,2382,C
2-PB1,1792,0,2361,0,0,2361,T
2-PB1,1793,0,2344,0,1,2345,T
2-PB1,1794,2362,1,0,0,2363,A
2-PB1,1795,0,2367,0,0,2367,T
2-PB1,1796,2369,0,0,1,2370,A
2-PB1,1797,0,0,0,2372,2372,C
2-PB1,1798,2237,2,1,0,2240,A
2-PB1,1799,2246,0,0,0,2246,A
2-PB1,1800,0,2193,0,0,2193,T
2-PB1,1801,2219,0,1,0,2220,A
2-PB1,1802,0,2222,0,2,2224,T
2-PB1,1803,2,1,0,2217,2220,C
2-PB1,1804,1,1,0,2212,2214,C
2-PB1,1805,0,2,2210,1,2213,G
2-PB1,1806,0,1,2216,0,2217,G
2-PB1,1807,2219,0,1,0,2220,A
2-PB1,1808,2205,1,1,0,2207,A
2-PB1,1809,0,2220,0,0,2220,T
2-PB1,1810,0,0,0,2236,2236,C
2-PB1,1811,0,2229,0,2,2231,T
2-PB1,1812,0,2244,0,1,2245,T
2-PB1,1813,0,0,0,2240,2240,C
2-PB1,1814,2235,2,0,2,2239,A
2-PB1,1815,0,0,0,2248,2248,C
2-PB1,1816,2239,0,0,1,2240,A
2-PB1,1817,0,2439,0,1,2440,T
2-PB1,1818,0,0,0,2448,2448,C
2-PB1,1819,3,0,1,2471,2475,C
2-PB1,1820,2,0,0,2484,2486,C
2-PB1,1821,1,2479,0,4,2484,T
2-PB1,1822,1,1,2485,0,2487,G
2-PB1,1823,2487,0,0,0,2487,A
2-PB1,1824,2474,0,0,0,2474,A
2-PB1,1825,0,1,2482,0,2483,G
2-PB1,1826,0,2344,0,2,2346,T
2-PB1,1827,2,0,0,2345,2347,C
2-PB1,1828,0,2317,0,0,2317,T
2-PB1,1829,1,0,2356,0,2357,G
2-PB1,1830,0,0,1,2356,2357,C
2-PB1,1831,0,2358,0,2,2360,T
2-PB1,1832,0,2361,0,2,2363,T
2-PB1,1833,2361,0,0,1,2362,A
2-PB1,1834,2369,0,1,0,2370,A
2-PB1,1835,2381,1,0,0,2382,A
2-PB1,1836,1,0,2389,0,2390,G
2-PB1,1837,1,2362,0,1,2364,T
2-PB1,1838,1,2,2320,0,2323,G
2-PB1,1839,0,1,2313,0,2314,G
2-PB1,1840,0,2,2324,0,2326,G
2-PB1,1841,2315,1,6,1,2323,A
2-PB1,1842,1,0,2331,0,2332,G
2-PB1,1843,0,0,0,2326,2326,C
2-PB1,1844,1,2322,0,0,2323,T
2-PB1,1845,0,0,2321,0,2321,G
2-PB1,1846,2317,1,1,1,2320,A
2-PB1,1847,0,2325,0,0,2325,T
2-PB1,1848,0,2,2327,1,2330,G
2-PB1,1849,1,0,2323,0,2324,G
2-PB1,1850,2319,0,7,0,2326,A
2-PB1,1851,0,2313,0,3,2316,T
2-PB1,1852,0,1,2320,0,2321,G
2-PB1,1853,2313,0,2,0,2315,A
2-PB1,1854,0,3,2341,0,2344,G
2-PB1,1855,2331,0,0,1,2332,A
2-PB1,1856,2335,0,0,1,2336,A
2-PB1,1857,0,2325,0,0,2325,T
2-PB1,1858,0,2313,0,0,2313,T
2-PB1,1859,2318,0,0,1,2319,A
2-PB1,1860,0,2318,0,0,2318,T
2-PB1,1861,0,0,0,2315,2315,C
2-PB1,1862,0,0,2329,0,2329,G
2-PB1,1863,0,4,2303,0,2307,G
2-PB1,1864,0,1,2298,1,2300,G
2-PB1,1865,0,1,2295,0,2296,G
2-PB1,1866,2286,0,1,0,2287,A
2-PB1,1867,2282,0,5,1,2288,A
2-PB1,1868,0,2,2294,1,2297,G
2-PB1,1869,2314,0,2,1,2317,A
2-PB1,1870,1,0,0,2326,2327,C
2-PB1,1871,0,2309,0,0,2309,T
2-PB1,1872,1,2337,1,1,2340,T
2-PB1,1873,0,2339,1,0,2340,T
2-PB1,1874,1,0,2358,0,2359,G
2-PB1,1875,0,2360,0,0,2360,T
2-PB1,1876,2350,0,0,0,2350,A
2-PB1,1877,2342,0,0,0,2342,A
2-PB1,1878,0,2318,0,0,2318,T
2-PB1,1879,0,1,0,2339,2340,C
2-PB1,1880,3,0,0,2339,2342,C
2-PB1,1881,0,1,0,2332,2333,C
2-PB1,1882,2,0,0,2341,2343,C
2-PB1,1883,0,2336,0,2,2338,T
2-PB1,1884,1,1,2342,1,2345,G
2-PB1,1885,2340,0,0,1,2341,A
2-PB1,1886,2347,0,2,1,2350,A
2-PB1,1887,0,2350,0,1,2351,T
2-PB1,1888,0,0,0,2340,2340,C
2-PB1,1889,1,1,1,2321,2324,C
2-PB1,1890,2,1,0,2305,2308,C
2-PB1,1891,0,2297,1,5,2303,T
2-PB1,1892,1,2304,1,0,2306,T
2-PB1,1893,0,2301,0,1,2302,T
2-PB1,1894,0,0,2297,0,2297,G
2-PB1,1895,3,2288,0,0,2291,T
2-PB1,1896,1,0,0,2284,2285,C
2-PB1,1897,2263,0,0,0,2263,A
2-PB1,1898,3,0,2278,0,2281,G
2-PB1,1899,0,1,1,2280,2282,C
2-PB1,1900,1,2,1,2275,2279,C
2-PB1,1901,2285,0,0,0,2285,A
2-PB1,1902,1,2287,0,0,2288,T
2-PB1,1903,2287,1,2,0,2290,A
2-PB1,1904,2288,0,0,1,2289,A
2-PB1,1905,2294,0,4,0,2298,A
2-PB1,1906,0,2,2312,0,2314,G
2-PB1,1907,2277,1,0,0,2278,A
2-PB1,1908,2284,0,0,0,2284,A
2-PB1,1909,2284,1,1,0,2286,A
2-PB1,1910,0,2277,0,0,2277,T
2-PB1,1911,0,2284,0,0,2284,T
2-PB1,1912,1,1,2286,0,2288,G
2-PB1,1913,2285,0,1,0,2286,A
2-PB1,1914,1,0,2353,0,2354,G
2-PB1,1915,0,2378,0,1,2379,T
2-PB1,1916,1,0,0,2410,2411,C
2-PB1,1917,0,2405,0,2,2407,T
2-PB1,1918,1,0,2441,0,2442,G
2-PB1,1919,0,2443,0,1,2444,T
2-PB1,1920,2462,0,0,0,2462,A
2-PB1,1921,2458,0,0,0,2458,A
2-PB1,1922,2454,1,2,1,2458,A
2-PB1,1923,0,0,0,2460,2460,C
2-PB1,1924,2331,0,0,0,2331,A
2-PB1,1925,2,1,2271,0,2274,G
2-PB1,1926,1,2410,0,1,2412,T
2-PB1,1927,0,2,2431,0,2433,G
2-PB1,1928,0,0,0,2457,2457,C
2-PB1,1929,2,2434,0,0,2436,T
2-PB1,1930,0,1,2517,0,2518,G
2-PB1,1931,0,2524,0,0,2524,T
2-PB1,1932,2566,0,0,0,2566,A
2-PB1,1933,0,1,2567,0,2568,G
2-PB1,1934,0,2419,0,0,2419,T
2-PB1,1935,2411,0,0,0,2411,A
2-PB1,1936,2383,0,0,0,2383,A
2-PB1,1937,0,2382,0,0,2382,T
2-PB1,1938,1,1,2376,0,2378,G
2-PB1,1939,1,0,0,2344,2345,C
2-PB1,1940,0,0,0,2308,2308,C
2-PB1,1941,2273,0,2,0,2275,A
2-PB1,1942,1,0,2291,0,2292,G
2-PB1,1943,0,0,0,2339,2339,C
2-PB1,1944,2,0,0,2323,2325,C
2-PB1,1945,1,0,2,2327,2330,C
2-PB1,1946,2315,0,4,0,2319,A
2-PB1,1947,1,2317,1,0,2319,T
2-PB1,1948,2,1,2318,0,2321,G
2-PB1,1949,0,1,2325,0,2326,G
2-PB1,1950,1,2314,1,0,2316,T
2-PB1,1951,0,0,0,2301,2301,C
2-PB1,1952,2,1,0,2225,2228,C
2-PB1,1953,6,1,2248,0,2255,G
2-PB1,1954,2,0,2261,0,2263,G
2-PB1,1955,1,1,0,2247,2249,C
2-PB1,1956,1,0,0,2260,2261,C
2-PB1,1957,2258,0,0,0,2258,A
2-PB1,1958,2251,1,0,0,2252,A
2-PB1,1959,2253,0,1,0,2254,A
2-PB1,1960,2255,0,0,0,2255,A
2-PB1,1961,0,0,2287,0,2287,G
2-PB1,1962,0,2243,0,0,2243,T
2-PB1,1963,2250,0,1,0,2251,A
2-PB1,1964,0,2251,0,1,2252,T
2-PB1,1965,1,0,2264,0,2265,G
2-PB1,1966,1,2,2297,0,2300,G
2-PB1,1967,2276,0,0,0,2276,A
2-PB1,1968,2298,1,1,0,2300,A
2-PB1,1969,0,2286,2,0,2288,T
2-PB1,1970,2290,0,1,0,2291,A
2-PB1,1971,1,2284,0,0,2285,T
2-PB1,1972,0,1,2272,1,2274,G
2-PB1,1973,2276,0,2,0,2278,A
2-PB1,1974,0,2263,1,0,2264,T
2-PB1,1975,0,1,2192,1,2194,G
2-PB1,1976,0,0,45,2150,2195,C
2-PB1,1977,0,0,0,2184,2184,C
2-PB1,1978,0,0,2194,0,2194,G
2-PB1,1979,0,2184,0,1,2185,T
2-PB1,1980,1,2180,0,1,2182,T
2-PB1,1981,0,0,2182,0,2182,G
2-PB1,1982,0,0,0,2227,2227,C
2-PB1,1983,2231,1,0,0,2232,A
2-PB1,1984,2271,1,0,0,2272,A
2-PB1,1985,0,1,0,2283,2284,C
2-PB1,1986,0,2273,0,0,2273,T
2-PB1,1987,2280,0,0,1,2281,A
2-PB1,1988,0,1,0,2273,2274,C
2-PB1,1989,2271,0,1,1,2273,A
2-PB1,1990,0,0,0,2272,2272,C
2-PB1,1991,2198,0,0,0,2198,A
2-PB1,1992,2,2,0,2371,2375,C
2-PB1,1993,0,2335,0,1,2336,T
2-PB1,1994,2,0,0,2340,2342,C
2-PB1,1995,3,1,0,2337,2341,C
2-PB1,1996,0,2331,0,2,2333,T
2-PB1,1997,0,1,2333,0,2334,G
2-PB1,1998,0,3,2332,0,2335,G
2-PB1,1999,2334,0,0,0,2334,A
2-PB1,2000,0,2332,1,0,2333,T
2-PB1,2001,0,2149,1,1,2151,T
2-PB1,2002,0,1,0,2185,2186,C
2-PB1,2003,1,0,0,2179,2180,C
2-PB1,2004,2,0,0,2188,2190,C
2-PB1,2005,2189,0,0,1,2190,A
2-PB1,2006,2184,0,0,0,2184,A
2-PB1,2007,0,0,2193,0,2193,G
2-PB1,2008,2184,0,2,0,2186,A
2-PB1,2009,0,1,2189,0,2190,G
2-PB1,2010,0,1,2187,0,2188,G
2-PB1,2011,2161,1,1,0,2163,A
2-PB1,2012,2154,0,4,0,2158,A
2-PB1,2013,0,0,0,2158,2158,C
2-PB1,2014,4,0,1,2137,2142,C
2-PB1,2015,0,1,2173,0,2174,G
2-PB1,2016,0,0,0,2178,2178,C
2-PB1,2017,0,2171,0,1,2172,T
2-PB1,2018,0,0,0,2178,2178,C
2-PB1,2019,0,2162,0,2,2164,T
2-PB1,2020,2291,1,2,0,2294,A
2-PB1,2021,3,2290,0,2,2295,T
2-PB1,2022,0,2303,0,1,2304,T
2-PB1,2023,1,0,0,2307,2308,C
2-PB1,2024,0,2248,0,0,2248,T
2-PB1,2025,2252,0,0,0,2252,A
2-PB1,2026,2246,0,3,0,2249,A
2-PB1,2027,2252,0,0,1,2253,A
2-PB1,2028,1,0,0,2253,2254,C
2-PB1,2029,2109,0,0,0,2109,A
2-PB1,2030,0,0,1,2103,2104,C
2-PB1,2031,2079,0,1,0,2080,A
2-PB1,2032,2093,0,2,2,2097,A
2-PB1,2033,1,0,2098,0,2099,G
2-PB1,2034,0,1,0,2095,2096,C
2-PB1,2035,0,1,0,2099,2100,C
2-PB1,2036,2080,0,2,0,2082,A
2-PB1,2037,2081,1,0,0,2082,A
2-PB1,2038,2078,0,3,0,2081,A
2-PB1,2039,0,2,2097,0,2099,G
2-PB1,2040,1,1,2096,0,2098,G
2-PB1,2041,0,1,2079,1,2081,G
2-PB1,2042,0,1,2081,1,2083,G
2-PB1,2043,2069,0,0,1,2070,A
2-PB1,2044,2080,0,0,0,2080,A
2-PB1,2045,0,2077,0,1,2078,T
2-PB1,2046,0,2084,0,0,2084,T
2-PB1,2047,0,0,0,2088,2088,C
2-PB1,2048,0,2079,0,1,2080,T
2-PB1,2049,0,2082,1,0,2083,T
2-PB1,2050,0,0,2081,0,2081,G
2-PB1,2051,2080,0,2,0,2082,A
2-PB1,2052,0,3,2090,0,2093,G
2-PB1,2053,0,0,2082,0,2082,G
2-PB1,2054,2084,0,0,0,2084,A
2-PB1,2055,0,2068,0,0,2068,T
2-PB1,2056,0,1,2082,0,2083,G
2-PB1,2057,2075,0,3,0,2078,A
2-PB1,2058,2081,0,0,0,2081,A
2-PB1,2059,1,1,1,2079,2082,C
2-PB1,2060,2067,1,0,0,2068,A
2-PB1,2061,0,0,2110,0,2110,G
2-PB1,2062,2097,0,4,0,2101,A
2-PB1,2063,1,2088,0,0,2089,T
2-PB1,2064,0,0,2090,0,2090,G
2-PB1,2065,0,2116,0,1,2117,T
2-PB1,2066,2118,0,1,1,2120,A
2-PB1,2067,0,2,0,2117,2119,C
2-PB1,2068,2,1,0,2092,2095,C
2-PB1,2069,2064,1,3,1,2069,A
2-PB1,2070,0,0,2050,0,2050,G
2-PB1,2071,2023,0,0,0,2023,A
2-PB1,2072,2017,2,0,0,2019,A
2-PB1,2073,0,0,2023,0,2023,G
2-PB1,2074,0,1925,0,3,1928,T
2-PB1,2075,1,0,1935,1,1937,G
2-PB1,2076,0,0,0,1931,1931,C
2-PB1,2077,0,1913,0,17,1930,T
2-PB1,2078,2,0,1927,0,1929,G
2-PB1,2079,1,0,1,1925,1927,C
2-PB1,2080,1922,0,0,0,1922,A
2-PB1,2081,1922,2,0,0,1924,A
2-PB1,2082,0,0,0,1900,1900,C
2-PB1,2083,0,1900,0,1,1901,T
2-PB1,2084,0,1874,0,0,1874,T
2-PB1,2085,2,0,1872,0,1874,G
2-PB1,2086,0,1871,0,0,1871,T
2-PB1,2087,0,1871,0,1,1872,T
2-PB1,2088,0,1,0,1862,1863,C
2-PB1,2089,1,0,1862,0,1863,G
2-PB1,2090,1864,0,0,0,1864,A
2-PB1,2091,0,0,1866,0,1866,G
2-PB1,2092,1863,1,0,0,1864,A
2-PB1,2093,1861,0,1,0,1862,A
2-PB1,2094,1865,0,0,0,1865,A
2-PB1,2095,1,1862,1,0,1864,T
2-PB1,2096,1,1861,0,2,1864,T
2-PB1,2097,0,1859,1,0,1860,T
2-PB1,2098,0,1864,0,0,1864,T
2-PB1,2099,0,1856,0,1,1857,T
2-PB1,2100,1,1,1,1870,1873,C
2-PB1,2101,5,1,0,1870,1876,C
2-PB1,2102,1,3,0,1876,1880,C
2-PB1,2103,0,1878,0,1,1879,T
2-PB1,2104,1880,0,0,0,1880,A
2-PB1,2105,1,1,1882,0,1884,G
2-PB1,2106,1,1880,0,1,1882,T
2-PB1,2107,1886,0,2,0,1888,A
2-PB1,2108,0,1,1899,0,1900,G
2-PB1,2109,1,1879,0,1,1881,T
2-PB1,2110,0,1929,0,0,1929,T
2-PB1,2111,1,0,0,1930,1931,C
2-PB1,2112,1924,0,25,0,1949,A
2-PB1,2113,0,1946,0,0,1946,T
2-PB1,2114,1942,0,0,0,1942,A
2-PB1,2115,0,1941,0,0,1941,T
2-PB1,2116,1875,0,0,0,1875,A
2-PB1,2117,0,1,1858,0,1859,G
2-PB1,2118,0,0,1834,0,1834,G
2-PB1,2119,1661,1,2,1,1665,A
2-PB1,2120,0,0,1657,0,1657,G
2-PB1,2121,1576,0,3,0,1579,A
2-PB1,2122,0,0,0,1576,1576,C
2-PB1,2123,1,0,0,1531,1532,C
2-PB1,2124,0,1,1535,0,1536,G
2-PB1,2125,1528,0,1,0,1529,A
2-PB1,2126,1,1516,0,1,1518,T
2-PB1,2127,1,1519,0,1,1521,T
2-PB1,2128,0,0,1524,0,1524,G
2-PB1,2129,0,1,1524,0,1525,G
2-PB1,2130,1529,0,0,0,1529,A
2-PB1,2131,1529,1,0,0,1530,A
2-PB1,2132,0,1529,0,0,1529,T
2-PB1,2133,0,1533,0,0,1533,T
2-PB1,2134,0,1532,0,0,1532,T
2-PB1,2135,1,0,0,1537,1538,C
2-PB1,2136,0,1538,0,2,1540,T
2-PB1,2137,1533,0,0,0,1533,A
2-PB1,2138,0,1,1530,0,1531,G
2-PB1,2139,0,1456,0,2,1458,T
2-PB1,2140,1481,1,0,0,1482,A
2-PB1,2141,0,1484,0,0,1484,T
2-PB1,2142,0,0,1499,0,1499,G
2-PB1,2143,0,0,1529,0,1529,G
2-PB1,2144,0,1493,0,1,1494,T
2-PB1,2145,0,0,1496,0,1496,G
2-PB1,2146,0,0,1488,0,1488,G
2-PB1,2147,1457,0,1,0,1458,A
2-PB1,2148,1,0,1455,0,1456,G
2-PB1,2149,0,0,1450,0,1450,G
2-PB1,2150,0,1,0,1444,1445,C
2-PB1,2151,0,0,0,1433,1433,C
2-PB1,2152,1369,0,0,0,1369,A
2-PB1,2153,0,1366,0,0,1366,T
2-PB1,2154,0,1,1366,0,1367,G
2-PB1,2155,1,0,1373,0,1374,G
2-PB1,2156,1,1357,0,0,1358,T
2-PB1,2157,0,0,1360,0,1360,G
2-PB1,2158,0,1341,0,0,1341,T
2-PB1,2159,0,0,0,1327,1327,C
2-PB1,2160,0,1326,0,2,1328,T
2-PB1,2161,1306,1,0,0,1307,A
2-PB1,2162,0,1,1301,0,1302,G
2-PB1,2163,0,0,1278,0,1278,G
2-PB1,2164,0,0,1266,0,1266,G
2-PB1,2165,0,1,0,1245,1246,C
2-PB1,2166,0,0,0,1190,1190,C
2-PB1,2167,1,0,0,1162,1163,C
2-PB1,2168,0,1,1157,0,1158,G
2-PB1,2169,0,0,1161,0,1161,G
2-PB1,2170,1161,0,1,0,1162,A
2-PB1,2171,0,1156,0,0,1156,T
2-PB1,2172,0,1117,0,0,1117,T
2-PB1,2173,0,0,1114,0,1114,G
2-PB1,2174,1108,1,1,0,1110,A
2-PB1,2175,0,1112,0,0,1112,T
2-PB1,2176,1,0,1112,0,1113,G
2-PB1,2177,0,0,0,1105,1105,C
2-PB1,2178,0,0,0,1098,1098,C
2-PB1,2179,1096,0,0,0,1096,A
2-PB1,2180,0,0,1100,0,1100,G
2-PB1,2181,1097,0,0,0,1097,A
2-PB1,2182,1097,0,1,0,1098,A
2-PB1,2183,0,1094,0,0,1094,T
2-PB1,2184,0,1073,0,0,1073,T
2-PB1,2185,0,0,1080,0,1080,G
2-PB1,2186,1073,0,0,0,1073,A
2-PB1,2187,0,0,0,1074,1074,C
2-PB1,2188,0,1065,0,1,1066,T
2-PB1,2189,0,1064,0,0,1064,T
2-PB1,2190,0,0,0,1065,1065,C
2-PB1,2191,1,0,1063,0,1064,G
2-PB1,2192,1063,1,0,0,1064,A
2-PB1,2193,0,0,1042,0,1042,G
2-PB1,2194,0,1047,0,0,1047,T
2-PB1,2195,0,0,0,1047,1047,C
2-PB1,2196,0,1048,0,0,1048,T
2-PB1,2197,1,0,1046,0,1047,G
2-PB1,2198,0,1,1048,0,1049,G
2-PB1,2199,1048,1,0,0,1049,A
2-PB1,2200,970,0,0,0,970,A
2-PB1,2201,0,0,975,0,975,G
2-PB1,2202,0,0,977,0,977,G
2-PB1,2203,978,0,0,0,978,A
2-PB1,2204,0,968,1,0,969,T
2-PB1,2205,0,970,0,1,971,T
2-PB1,2206,968,0,0,0,968,A
2-PB1,2207,970,0,0,0,970,A
2-PB1,2208,0,1,970,0,971,G
2-PB1,2209,970,0,1,0,971,A
2-PB1,2210,930,0,0,0,930,A
2-PB1,2211,0,2,872,0,874,G
2-PB1,2212,0,0,870,0,870,G
2-PB1,2213,871,0,0,0,871,A
2-PB1,2214,869,0,1,0,870,A
2-PB1,2215,0,0,870,0,870,G
2-PB1,2216,800,0,1,0,801,A
2-PB1,2217,0,0,799,0,799,G
2-PB1,2218,0,753,0,2,755,T
2-PB1,2219,1,752,0,0,753,T
2-PB1,2220,0,0,0,755,755,C
2-PB1,2221,0,736,0,0,736,T
2-PB1,2222,2,0,0,735,737,C
2-PB1,2223,0,737,0,0,737,T
2-PB1,2224,2,0,734,0,736,G
2-PB1,2225,713,0,0,0,713,A
2-PB1,2226,0,0,707,0,707,G
2-PB1,2227,693,0,0,0,693,A
2-PB1,2228,0,668,0,0,668,T
2-PB1,2229,1,0,0,629,630,C
2-PB1,2230,633,0,0,0,633,A
2-PB1,2231,0,633,0,0,633,T
2-PB1,2232,0,1,632,0,633,G
2-PB1,2233,629,0,1,0,630,A
2-PB1,2234,624,0,0,0,624,A
2-PB1,2235,1,0,620,0,621,G
2-PB1,2236,608,0,1,0,609,A
2-PB1,2237,0,606,0,0,606,T
2-PB1,2238,0,0,0,596,596,C
2-PB1,2239,0,560,0,0,560,T
2-PB1,2240,0,0,561,0,561,G
2-PB1,2241,0,561,0,1,562,T
2-PB1,2242,0,560,0,1,561,T
2-PB1,2243,0,0,0,557,557,C
2-PB1,2244,0,0,0,536,536,C
2-PB1,2245,535,0,0,0,535,A
2-PB1,2246,0,0,0,536,536,C
2-PB1,2247,0,0,0,513,513,C
2-PB1,2248,496,0,0,0,496,A
2-PB1,2249,0,474,0,0,474,T
2-PB1,2250,0,459,0,0,459,T
2-PB1,2251,0,0,458,0,458,G
2-PB1,2252,455,0,0,0,455,A
2-PB1,2253,453,0,1,0,454,A
2-PB1,2254,0,0,453,0,453,G
2-PB1,2255,394,0,0,0,394,A
2-PB1,2256,391,0,2,0,393,A
2-PB1,2257,1,0,0,385,386,C
2-PB1,2258,1,368,0,0,369,T
2-PB1,2259,0,0,0,370,370,C
2-PB1,2260,352,0,0,0,352,A
2-PB1,2261,0,0,352,0,352,G
2-PB1,2262,348,0,0,0,348,A
2-PB1,2263,1,0,0,332,333,C
2-PB1,2264,0,0,329,0,329,G
2-PB1,2265,0,0,323,0,323,G
2-PB1,2266,0,0,0,322,322,C
2-PB1,2267,322,0,0,0,322,A
2-PB1,2268,322,0,0,0,322,A
2-PB1,2269,318,0,0,0,318,A
2-PB1,2270,317,0,0,0,317,A
2-PB1,2271,316,0,0,0,316,A
2-PB1,2272,0,311,0,0,311,T
2-PB1,2273,306,0,0,0,306,A
2-PB1,2274,305,0,0,0,305,A
3-PA,1,22,0,0,0,22,A
3-PA,2,0,22,0,0,22,T
3-PA,3,0,0,25,0,25,G
3-PA,4,0,0,25,0,25,G
3-PA,5,25,0,0,0,25,A
3-PA,6,25,0,0,0,25,A
3-PA,7,0,0,26,0,26,G
3-PA,8,28,0,0,0,28,A
3-PA,9,0,28,0,0,28,T
3-PA,10,0,28,0,0,28,T
3-PA,11,0,29,0,0,29,T
3-PA,12,0,29,0,0,29,T
3-PA,13,0,0,29,0,29,G
3-PA,14,0,29,0,0,29,T
3-PA,15,0,0,29,0,29,G
3-PA,16,0,0,0,30,30,C
3-PA,17,0,0,30,0,30,G
3-PA,18,33,0,0,0,33,A
3-PA,19,0,0,0,34,34,C
3-PA,20,34,0,0,0,34,A
3-PA,21,34,0,0,0,34,A
3-PA,22,0,36,0,0,36,T
3-PA,23,0,0,39,0,39,G
3-PA,24,0,0,0,40,40,C
3-PA,25,0,40,0,0,40,T
3-PA,26,0,41,0,0,41,T
3-PA,27,0,0,0,41,41,C
3-PA,28,45,0,0,0,45,A
3-PA,29,47,0,0,0,47,A
3-PA,30,0,0,0,47,47,C
3-PA,31,0,0,0,47,47,C
3-PA,32,0,0,0,46,46,C
3-PA,33,0,0,47,0,47,G
3-PA,34,47,0,0,0,47,A
3-PA,35,0,47,0,0,47,T
3-PA,36,0,1,46,0,47,G
3-PA,37,48,0,0,0,48,A
3-PA,38,0,51,0,1,52,T
3-PA,39,0,53,0,0,53,T
3-PA,40,0,0,53,0,53,G
3-PA,41,0,53,0,0,53,T
3-PA,42,0,0,0,53,53,C
3-PA,43,0,0,53,0,53,G
3-PA,44,53,0,0,0,53,A
3-PA,45,53,0,0,0,53,A
3-PA,46,0,0,0,53,53,C
3-PA,47,0,53,0,0,53,T
3-PA,48,0,53,0,0,53,T
3-PA,49,0,0,53,0,53,G
3-PA,50,0,0,0,53,53,C
3-PA,51,53,0,0,0,53,A
3-PA,52,0,0,53,0,53,G
3-PA,53,53,0,0,0,53,A
3-PA,54,53,0,0,0,53,A
3-PA,55,52,0,0,0,52,A
3-PA,56,52,0,0,0,52,A
3-PA,57,52,0,0,0,52,A
3-PA,58,0,0,53,0,53,G
3-PA,59,0,0,0,56,56,C
3-PA,60,56,0,0,0,56,A
3-PA,61,60,0,0,0,60,A
3-PA,62,0,60,0,0,60,T
3-PA,63,0,0,62,0,62,G
3-PA,64,63,0,0,0,63,A
3-PA,65,62,0,0,0,62,A
3-PA,66,63,0,0,0,63,A
3-PA,67,0,0,66,0,66,G
3-PA,68,71,0,0,0,71,A
3-PA,69,0,0,78,0,78,G
3-PA,70,0,79,0,0,79,T
3-PA,71,81,0,0,0,81,A
3-PA,72,0,81,0,0,81,T
3-PA,73,0,0,80,0,80,G
3-PA,74,0,0,83,0,83,G
3-PA,75,0,0,83,0,83,G
3-PA,76,0,0,83,0,83,G
3-PA,77,81,0,0,0,81,A
3-PA,78,0,0,82,0,82,G
3-PA,79,0,0,85,0,85,G
3-PA,80,84,0,0,0,84,A
3-PA,81,0,86,0,0,86,T
3-PA,82,0,1,0,84,85,C
3-PA,83,0,86,0,0,86,T
3-PA,84,0,0,87,0,87,G
3-PA,85,87,0,0,0,87,A
3-PA,86,88,0,0,0,88,A
3-PA,87,87,0,0,0,87,A
3-PA,88,87,0,0,0,87,A
3-PA,89,0,87,0,0,87,T
3-PA,90,86,0,0,0,86,A
3-PA,91,0,0,86,0,86,G
3-PA,92,86,0,0,0,86,A
3-PA,93,86,0,0,0,86,A
3-PA,94,86,0,0,0,86,A
3-PA,95,0,0,0,86,86,C
3-PA,96,86,0,0,0,86,A
3-PA,97,86,0,0,0,86,A
3-PA,98,86,0,0,0,86,A
3-PA,99,0,0,0,86,86,C
3-PA,100,86,0,0,0,86,A
3-PA,101,86,0,0,0,86,A
3-PA,102,86,0,0,0,86,A
3-PA,103,0,85,0,0,85,T
3-PA,104,0,85,0,0,85,T
3-PA,105,0,84,0,0,84,T
3-PA,106,0,0,84,0,84,G
3-PA,107,0,0,0,85,85,C
3-PA,108,84,0,1,0,85,A
3-PA,109,0,0,87,0,87,G
3-PA,110,0,0,0,87,87,C
3-PA,111,91,0,0,0,91,A
3-PA,112,95,0,0,0,95,A
3-PA,113,0,100,0,0,100,T
3-PA,114,102,0,0,0,102,A
3-PA,115,0,102,0,0,102,T
3-PA,116,0,0,103,0,103,G
3-PA,117,0,0,0,103,103,C
3-PA,118,101,0,1,0,102,A
3-PA,119,0,0,0,104,104,C
3-PA,120,0,103,0,0,103,T
3-PA,121,0,0,0,125,125,C
3-PA,122,127,0,0,0,127,A
3-PA,123,0,0,0,131,131,C
3-PA,124,0,131,0,0,131,T
3-PA,125,0,131,0,0,131,T
3-PA,126,0,0,130,0,130,G
3-PA,127,0,0,129,0,129,G
3-PA,128,129,0,0,0,129,A
3-PA,129,0,0,130,0,130,G
3-PA,130,0,0,127,0,127,G
3-PA,131,0,123,0,0,123,T
3-PA,132,0,0,127,0,127,G
3-PA,133,0,128,0,0,128,T
3-PA,134,0,0,133,0,133,G
3-PA,135,0,133,0,0,133,T
3-PA,136,0,131,0,0,131,T
3-PA,137,0,132,0,0,132,T
3-PA,138,0,0,0,133,133,C
3-PA,139,133,0,0,0,133,A
3-PA,140,0,133,0,0,133,T
3-PA,141,0,0,135,0,135,G
3-PA,142,0,132,0,0,132,T
3-PA,143,133,0,0,0,133,A
3-PA,144,0,134,0,0,134,T
3-PA,145,0,134,0,0,134,T
3-PA,146,0,0,0,134,134,C
3-PA,147,133,1,0,0,134,A
3-PA,148,0,0,135,0,135,G
3-PA,149,135,0,0,0,135,A
3-PA,150,0,136,0,0,136,T
3-PA,151,0,135,0,0,135,T
3-PA,152,0,136,0,0,136,T
3-PA,153,0,0,0,134,134,C
3-PA,154,0,0,0,150,150,C
3-PA,155,150,0,0,0,150,A
3-PA,156,0,151,0,0,151,T
3-PA,157,0,150,0,0,150,T
3-PA,158,0,152,0,0,152,T
3-PA,159,0,0,0,153,153,C
3-PA,160,154,0,0,0,154,A
3-PA,161,0,159,0,0,159,T
3-PA,162,0,0,0,159,159,C
3-PA,163,158,0,0,0,158,A
3-PA,164,158,0,0,0,158,A
3-PA,165,0,157,0,1,158,T
3-PA,166,0,0,163,0,163,G
3-PA,167,163,0,0,0,163,A
3-PA,168,161,0,0,0,161,A
3-PA,169,0,0,0,161,161,C
3-PA,170,161,0,0,0,161,A
3-PA,171,162,0,0,0,162,A
3-PA,172,0,0,161,0,161,G
3-PA,173,0,0,164,0,164,G
3-PA,174,0,0,0,165,165,C
3-PA,175,0,0,164,0,164,G
3-PA,176,177,0,0,0,177,A
3-PA,177,180,0,0,0,180,A
3-PA,178,0,180,0,0,180,T
3-PA,179,1,0,0,182,183,C
3-PA,180,184,0,0,0,184,A
3-PA,181,186,0,0,0,186,A
3-PA,182,0,187,0,0,187,T
3-PA,183,186,0,0,0,186,A
3-PA,184,0,0,193,0,193,G
3-PA,185,0,194,0,0,194,T
3-PA,186,0,1,191,0,192,G
3-PA,187,0,0,193,0,193,G
3-PA,188,0,191,0,3,194,T
3-PA,189,193,0,0,0,193,A
3-PA,190,0,0,192,0,192,G
3-PA,191,195,0,0,0,195,A
3-PA,192,195,0,0,0,195,A
3-PA,193,0,0,0,195,195,C
3-PA,194,0,194,0,0,194,T
3-PA,195,0,194,0,0,194,T
3-PA,196,0,0,194,0,194,G
3-PA,197,192,0,1,0,193,A
3-PA,198,0,0,0,194,194,C
3-PA,199,3,0,190,0,193,G
3-PA,200,192,0,0,0,192,A
3-PA,201,0,198,0,0,198,T
3-PA,202,0,0,0,199,199,C
3-PA,203,0,0,0,200,200,C
3-PA,204,200,0,0,0,200,A
3-PA,205,200,0,0,0,200,A
3-PA,206,202,0,0,0,202,A
3-PA,207,0,203,0,0,203,T
3-PA,208,0,0,202,0,202,G
3-PA,209,0,0,0,202,202,C
3-PA,210,200,0,1,0,201,A
3-PA,211,0,0,0,209,209,C
3-PA,212,1,208,0,0,209,T
3-PA,213,0,0,232,0,232,G
3-PA,214,0,232,0,0,232,T
3-PA,215,0,232,0,0,232,T
3-PA,216,232,0,0,0,232,A
3-PA,217,232,0,0,0,232,A
3-PA,218,231,0,0,0,231,A
3-PA,219,0,0,232,0,232,G
3-PA,220,0,0,0,228,228,C
3-PA,221,224,0,0,0,224,A
3-PA,222,0,0,0,225,225,C
3-PA,223,208,0,1,0,209,A
3-PA,224,0,0,219,0,219,G
3-PA,225,220,0,0,0,220,A
3-PA,226,0,219,0,0,219,T
3-PA,227,0,220,0,0,220,T
3-PA,228,0,220,0,0,220,T
3-PA,229,0,0,219,0,219,G
3-PA,230,218,0,1,0,219,A
3-PA,231,220,0,0,0,220,A
3-PA,232,220,0,0,0,220,A
3-PA,233,0,215,0,0,215,T
3-PA,234,213,0,0,0,213,A
3-PA,235,217,0,0,0,217,A
3-PA,236,0,218,0,0,218,T
3-PA,237,0,0,0,217,217,C
3-PA,238,0,0,219,0,219,G
3-PA,239,217,1,0,0,218,A
3-PA,240,218,0,0,0,218,A
3-PA,241,0,0,228,0,228,G
3-PA,242,0,0,227,0,227,G
3-PA,243,1,0,227,0,228,G
3-PA,244,226,0,0,0,226,A
3-PA,245,0,0,225,0,225,G
3-PA,246,229,0,0,0,229,A
3-PA,247,0,0,231,0,231,G
3-PA,248,229,0,0,0,229,A
3-PA,249,1,0,0,231,232,C
3-PA,250,232,0,0,0,232,A
3-PA,251,0,0,235,0,235,G
3-PA,252,236,0,0,0,236,A
3-PA,253,241,0,0,0,241,A
3-PA,254,0,0,0,240,240,C
3-PA,255,236,1,0,0,237,A
3-PA,256,238,0,0,0,238,A
3-PA,257,0,234,0,0,234,T
3-PA,258,0,0,248,0,248,G
3-PA,259,0,0,247,0,247,G
3-PA,260,0,0,0,245,245,C
3-PA,261,0,0,0,247,247,C
3-PA,262,0,244,0,0,244,T
3-PA,263,0,0,250,0,250,G
3-PA,264,0,0,249,0,249,G
3-PA,265,249,0,1,0,250,A
3-PA,266,0,0,0,249,249,C
3-PA,267,239,0,0,0,239,A
3-PA,268,0,1,276,0,277,G
3-PA,269,0,277,0,0,277,T
3-PA,270,280,0,0,0,280,A
3-PA,271,0,0,280,0,280,G
3-PA,272,0,274,0,0,274,T
3-PA,273,275,0,0,0,275,A
3-PA,274,276,0,0,0,276,A
3-PA,275,276,0,0,0,276,A
3-PA,276,0,0,0,280,280,C
3-PA,277,264,0,0,0,264,A
3-PA,278,0,0,276,0,276,G
3-PA,279,1,275,0,0,276,T
3-PA,280,277,0,0,0,277,A
3-PA,281,0,276,0,0,276,T
3-PA,282,1,0,0,283,284,C
3-PA,283,0,284,0,2,286,T
3-PA,284,0,0,286,0,286,G
3-PA,285,0,0,0,289,289,C
3-PA,286,284,0,0,0,284,A
3-PA,287,282,0,0,0,282,A
3-PA,288,0,0,0,284,284,C
3-PA,289,282,0,0,0,282,A
3-PA,290,0,0,0,290,290,C
3-PA,291,0,288,0,0,288,T
3-PA,292,289,0,0,0,289,A
3-PA,293,0,0,0,290,290,C
3-PA,294,1,286,0,0,287,T
3-PA,295,0,0,288,0,288,G
3-PA,296,0,0,291,0,291,G
3-PA,297,286,0,1,0,287,A
3-PA,298,0,0,285,0,285,G
3-PA,299,0,0,0,282,282,C
3-PA,300,0,279,0,1,280,T
3-PA,301,0,0,282,0,282,G
3-PA,302,0,0,282,0,282,G
3-PA,303,283,0,0,0,283,A
3-PA,304,283,0,0,0,283,A
3-PA,305,280,0,0,0,280,A
3-PA,306,282,0,0,0,282,A
3-PA,307,0,0,0,282,282,C
3-PA,308,0,0,0,283,283,C
3-PA,309,0,0,280,0,280,G
3-PA,310,283,0,0,0,283,A
3-PA,311,283,0,0,0,283,A
3-PA,312,0,0,286,0,286,G
3-PA,313,0,283,0,1,284,T
3-PA,314,0,286,0,0,286,T
3-PA,315,0,285,0,0,285,T
3-PA,316,0,0,0,289,289,C
3-PA,317,0,289,0,0,289,T
3-PA,318,290,0,0,0,290,A
3-PA,319,1,0,0,288,289,C
3-PA,320,0,0,0,289,289,C
3-PA,321,289,0,0,0,289,A
3-PA,322,0,0,292,0,292,G
3-PA,323,293,0,0,0,293,A
3-PA,324,0,292,0,0,292,T
3-PA,325,0,293,0,0,293,T
3-PA,326,0,291,0,0,291,T
3-PA,327,0,0,295,0,295,G
3-PA,328,0,295,0,0,295,T
3-PA,329,295,0,0,0,295,A
3-PA,330,0,294,0,0,294,T
3-PA,331,0,0,296,0,296,G
3-PA,332,316,0,0,0,316,A
3-PA,333,0,318,0,0,318,T
3-PA,334,0,318,0,0,318,T
3-PA,335,318,1,0,0,319,A
3-PA,336,0,0,0,321,321,C
3-PA,337,318,0,1,0,319,A
3-PA,338,320,0,0,0,320,A
3-PA,339,0,0,322,0,322,G
3-PA,340,0,0,324,0,324,G
3-PA,341,319,0,0,1,320,A
3-PA,342,0,0,322,0,322,G
3-PA,343,323,0,0,0,323,A
3-PA,344,323,0,0,0,323,A
3-PA,345,0,0,0,325,325,C
3-PA,346,319,0,0,0,319,A
3-PA,347,0,0,320,0,320,G
3-PA,348,319,0,0,0,319,A
3-PA,349,0,319,0,0,319,T
3-PA,350,0,315,0,0,315,T
3-PA,351,1,0,0,315,316,C
3-PA,352,313,0,1,0,314,A
3-PA,353,1,312,0,0,313,T
3-PA,354,0,1,0,313,314,C
3-PA,355,0,0,314,0,314,G
3-PA,356,312,0,0,0,312,A
3-PA,357,312,0,0,0,312,A
3-PA,358,313,0,0,0,313,A
3-PA,359,0,313,0,0,313,T
3-PA,360,0,312,0,0,312,T
3-PA,361,0,0,313,0,313,G
3-PA,362,0,0,313,0,313,G
3-PA,363,0,1,310,0,311,G
3-PA,364,0,0,314,0,314,G
3-PA,365,0,307,1,0,308,T
3-PA,366,0,0,314,0,314,G
3-PA,367,313,0,0,0,313,A
3-PA,368,0,0,0,318,318,C
3-PA,369,318,0,0,0,318,A
3-PA,370,318,0,0,0,318,A
3-PA,371,0,0,322,0,322,G
3-PA,372,1,0,321,0,322,G
3-PA,373,322,0,0,0,322,A
3-PA,374,0,0,322,0,322,G
3-PA,375,311,0,2,0,313,A
3-PA,376,0,0,313,0,313,G
3-PA,377,307,0,0,0,307,A
3-PA,378,307,0,0,0,307,A
3-PA,379,0,0,309,0,309,G
3-PA,380,0,309,0,0,309,T
3-PA,381,0,0,0,312,312,C
3-PA,382,0,0,0,311,311,C
3-PA,383,312,0,0,0,312,A
3-PA,384,1,0,0,317,318,C
3-PA,385,323,0,0,0,323,A
3-PA,386,0,330,1,0,331,T
3-PA,387,340,0,0,0,340,A
3-PA,388,0,332,0,0,332,T
3-PA,389,330,1,0,0,331,A
3-PA,390,0,326,1,0,327,T
3-PA,391,0,325,0,0,325,T
3-PA,392,337,0,0,0,337,A
3-PA,393,0,0,0,335,335,C
3-PA,394,0,0,0,324,324,C
3-PA,395,0,321,0,0,321,T
3-PA,396,0,318,0,1,319,T
3-PA,397,1,0,322,0,323,G
3-PA,398,321,0,0,0,321,A
3-PA,399,322,0,0,0,322,A
3-PA,400,322,0,0,0,322,A
3-PA,401,312,1,0,0,313,A
3-PA,402,1,0,316,0,317,G
3-PA,403,0,0,317,0,317,G
3-PA,404,0,0,0,318,318,C
3-PA,405,0,0,0,316,316,C
3-PA,406,318,0,0,0,318,A
3-PA,407,318,0,0,0,318,A
3-PA,408,0,316,0,1,317,T
3-PA,409,317,0,0,0,317,A
3-PA,410,319,0,0,0,319,A
3-PA,411,0,0,324,0,324,G
3-PA,412,323,0,0,0,323,A
3-PA,413,0,323,0,0,323,T
3-PA,414,0,321,0,0,321,T
3-PA,415,320,0,0,0,320,A
3-PA,416,320,0,0,0,320,A
3-PA,417,0,0,312,0,312,G
3-PA,418,0,322,0,0,322,T
3-PA,419,0,0,0,322,322,C
3-PA,420,0,322,0,1,323,T
3-PA,421,0,0,326,0,326,G
3-PA,422,325,0,1,0,326,A
3-PA,423,0,0,327,0,327,G
3-PA,424,329,0,0,0,329,A
3-PA,425,329,0,0,0,329,A
3-PA,426,0,0,0,326,326,C
3-PA,427,328,0,0,0,328,A
3-PA,428,0,0,0,328,328,C
3-PA,429,327,0,0,0,327,A
3-PA,430,0,0,0,326,326,C
3-PA,431,321,0,1,0,322,A
3-PA,432,0,0,0,325,325,C
3-PA,433,322,0,0,1,323,A
3-PA,434,0,321,0,0,321,T
3-PA,435,0,322,0,0,322,T
3-PA,436,0,0,0,325,325,C
3-PA,437,322,1,1,0,324,A
3-PA,438,0,0,0,326,326,C
3-PA,439,323,0,0,0,323,A
3-PA,440,0,324,0,0,324,T
3-PA,441,0,316,0,0,316,T
3-PA,442,0,322,0,0,322,T
3-PA,443,0,322,0,0,322,T
3-PA,444,0,0,0,324,324,C
3-PA,445,0,317,0,0,317,T
3-PA,446,0,0,0,320,320,C
3-PA,447,317,0,0,0,317,A
3-PA,448,0,316,1,0,317,T
3-PA,449,0,321,0,0,321,T
3-PA,450,0,0,0,321,321,C
3-PA,451,321,0,0,0,321,A
3-PA,452,0,0,0,321,321,C
3-PA,453,0,319,0,0,319,T
3-PA,454,2,0,327,0,329,G
3-PA,455,0,0,326,0,326,G
3-PA,456,0,1,321,0,322,G
3-PA,457,0,0,326,0,326,G
3-PA,458,323,0,1,0,324,A
3-PA,459,0,0,324,1,325,G
3-PA,460,0,0,328,0,328,G
3-PA,461,328,0,0,0,328,A
3-PA,462,330,0,0,0,330,A
3-PA,463,324,0,0,0,324,A
3-PA,464,0,319,0,0,319,T
3-PA,465,0,0,321,0,321,G
3-PA,466,0,0,319,0,319,G
3-PA,467,0,0,0,321,321,C
3-PA,468,0,0,0,320,320,C
3-PA,469,318,0,0,0,318,A
3-PA,470,0,0,0,320,320,C
3-PA,471,319,0,0,0,319,A
3-PA,472,321,0,0,0,321,A
3-PA,473,319,0,1,0,320,A
3-PA,474,1,0,324,0,325,G
3-PA,475,0,0,323,0,323,G
3-PA,476,0,0,0,324,324,C
3-PA,477,325,0,1,0,326,A
3-PA,478,0,0,329,0,329,G
3-PA,479,329,0,0,0,329,A
3-PA,480,0,0,0,335,335,C
3-PA,481,0,331,0,0,331,T
3-PA,482,332,0,0,0,332,A
3-PA,483,0,0,0,331,331,C
3-PA,484,332,0,0,0,332,A
3-PA,485,0,0,0,332,332,C
3-PA,486,0,328,0,0,328,T
3-PA,487,0,0,0,327,327,C
3-PA,488,0,327,0,0,327,T
3-PA,489,1,0,0,325,326,C
3-PA,490,0,0,326,0,326,G
3-PA,491,325,0,0,0,325,A
3-PA,492,0,0,0,325,325,C
3-PA,493,0,0,323,0,323,G
3-PA,494,319,0,0,0,319,A
3-PA,495,0,0,317,0,317,G
3-PA,496,0,0,319,0,319,G
3-PA,497,317,0,1,0,318,A
3-PA,498,318,0,0,0,318,A
3-PA,499,318,1,1,0,320,A
3-PA,500,0,0,318,0,318,G
3-PA,501,0,0,0,320,320,C
3-PA,502,316,0,0,0,316,A
3-PA,503,0,0,323,1,324,G
3-PA,504,1,0,324,0,325,G
3-PA,505,0,0,327,0,327,G
3-PA,506,0,0,0,325,325,C
3-PA,507,0,324,0,0,324,T
3-PA,508,322,0,2,0,324,A
3-PA,509,0,1,330,0,331,G
3-PA,510,0,0,342,0,342,G
3-PA,511,344,0,0,0,344,A
3-PA,512,0,335,0,0,335,T
3-PA,513,0,327,0,0,327,T
3-PA,514,325,0,0,0,325,A
3-PA,515,331,0,0,0,331,A
3-PA,516,0,1,332,0,333,G
3-PA,517,335,0,0,0,335,A
3-PA,518,0,0,0,335,335,C
3-PA,519,0,0,0,309,309,C
3-PA,520,307,0,0,0,307,A
3-PA,521,0,0,308,0,308,G
3-PA,522,0,0,306,0,306,G
3-PA,523,0,1,0,304,305,C
3-PA,524,0,295,0,0,295,T
3-PA,525,0,0,300,0,300,G
3-PA,526,0,299,0,0,299,T
3-PA,527,0,299,0,0,299,T
3-PA,528,0,0,0,291,291,C
3-PA,529,293,0,0,0,293,A
3-PA,530,0,0,0,305,305,C
3-PA,531,0,0,0,307,307,C
3-PA,532,306,0,0,0,306,A
3-PA,533,0,304,1,0,305,T
3-PA,534,290,0,0,0,290,A
3-PA,535,288,1,0,0,289,A
3-PA,536,0,0,293,0,293,G
3-PA,537,289,0,0,0,289,A
3-PA,538,0,0,0,290,290,C
3-PA,539,279,0,0,0,279,A
3-PA,540,279,0,1,0,280,A
3-PA,541,0,0,282,0,282,G
3-PA,542,281,0,0,0,281,A
3-PA,543,279,0,0,0,279,A
3-PA,544,279,0,0,0,279,A
3-PA,545,0,276,0,0,276,T
3-PA,546,0,1,285,0,286,G
3-PA,547,0,0,284,0,284,G
3-PA,548,0,0,0,284,284,C
3-PA,549,0,278,0,1,279,T
3-PA,550,280,0,0,0,280,A
3-PA,551,286,0,0,0,286,A
3-PA,552,0,0,0,286,286,C
3-PA,553,286,1,0,0,287,A
3-PA,554,0,0,286,0,286,G
3-PA,555,272,0,0,0,272,A
3-PA,556,0,0,276,0,276,G
3-PA,557,0,0,276,0,276,G
3-PA,558,1,0,0,276,277,C
3-PA,559,0,0,0,282,282,C
3-PA,560,0,274,0,0,274,T
3-PA,561,0,0,0,279,279,C
3-PA,562,0,279,0,1,280,T
3-PA,563,0,0,279,0,279,G
3-PA,564,0,1,280,0,281,G
3-PA,565,0,0,278,0,278,G
3-PA,566,277,0,0,0,277,A
3-PA,567,0,271,0,0,271,T
3-PA,568,0,263,0,0,263,T
3-PA,569,0,0,0,297,297,C
3-PA,570,0,1,0,298,299,C
3-PA,571,0,300,0,0,300,T
3-PA,572,0,299,0,0,299,T
3-PA,573,0,299,0,0,299,T
3-PA,574,0,1,0,306,307,C
3-PA,575,0,0,307,0,307,G
3-PA,576,0,306,0,1,307,T
3-PA,577,0,0,0,308,308,C
3-PA,578,305,0,0,0,305,A
3-PA,579,0,0,383,0,383,G
3-PA,580,0,385,0,0,385,T
3-PA,581,0,0,0,382,382,C
3-PA,582,0,0,0,391,391,C
3-PA,583,0,0,395,0,395,G
3-PA,584,396,0,0,0,396,A
3-PA,585,398,0,0,0,398,A
3-PA,586,395,0,0,0,395,A
3-PA,587,0,1,408,0,409,G
3-PA,588,395,0,0,0,395,A
3-PA,589,0,0,398,0,398,G
3-PA,590,0,0,396,0,396,G
3-PA,591,0,0,0,400,400,C
3-PA,592,0,0,401,0,401,G
3-PA,593,403,0,0,0,403,A
3-PA,594,402,0,0,0,402,A
3-PA,595,0,0,407,0,407,G
3-PA,596,408,0,0,0,408,A
3-PA,597,406,0,0,0,406,A
3-PA,598,408,0,0,0,408,A
3-PA,599,0,0,0,413,413,C
3-PA,600,412,0,0,0,412,A
3-PA,601,412,0,1,0,413,A
3-PA,602,0,412,0,0,412,T
3-PA,603,0,412,0,0,412,T
3-PA,604,0,0,413,0,413,G
3-PA,605,411,0,0,0,411,A
3-PA,606,411,0,0,0,411,A
3-PA,607,0,0,414,0,414,G
3-PA,608,414,0,0,0,414,A
3-PA,609,413,0,1,0,414,A
3-PA,610,413,0,0,0,413,A
3-PA,611,411,0,0,0,411,A
3-PA,612,416,0,0,0,416,A
3-PA,613,0,416,0,0,416,T
3-PA,614,0,415,0,0,415,T
3-PA,615,0,417,0,0,417,T
3-PA,616,0,0,413,0,413,G
3-PA,617,414,0,0,0,414,A
3-PA,618,418,0,0,0,418,A
3-PA,619,418,0,0,0,418,A
3-PA,620,0,432,0,0,432,T
3-PA,621,0,0,0,483,483,C
3-PA,622,485,0,0,0,485,A
3-PA,623,0,0,0,501,501,C
3-PA,624,500,0,0,0,500,A
3-PA,625,0,0,514,0,514,G
3-PA,626,0,0,541,0,541,G
3-PA,627,562,0,0,0,562,A
3-PA,628,578,0,0,0,578,A
3-PA,629,0,0,0,583,583,C
3-PA,630,0,573,0,0,573,T
3-PA,631,628,0,0,0,628,A
3-PA,632,0,641,0,1,642,T
3-PA,633,0,0,671,0,671,G
3-PA,634,0,0,0,666,666,C
3-PA,635,3,1,662,0,666,G
3-PA,636,0,665,0,0,665,T
3-PA,637,661,0,1,0,662,A
3-PA,638,0,1,666,0,667,G
3-PA,639,1,2,666,0,669,G
3-PA,640,1,0,0,664,665,C
3-PA,641,0,660,0,0,660,T
3-PA,642,0,649,0,0,649,T
3-PA,643,0,0,649,0,649,G
3-PA,644,0,0,0,648,648,C
3-PA,645,0,0,0,653,653,C
3-PA,646,1,0,658,0,659,G
3-PA,647,660,0,0,0,660,A
3-PA,648,1,0,0,659,660,C
3-PA,649,1,1,0,659,661,C
3-PA,650,665,0,0,1,666,A
3-PA,651,667,0,0,0,667,A
3-PA,652,665,0,0,0,665,A
3-PA,653,0,1,683,0,684,G
3-PA,654,0,682,0,1,683,T
3-PA,655,0,0,0,686,686,C
3-PA,656,0,685,0,1,686,T
3-PA,657,0,0,0,692,692,C
3-PA,658,1,1,0,688,690,C
3-PA,659,1,0,0,696,697,C
3-PA,660,697,0,0,0,697,A
3-PA,661,0,1,0,699,700,C
3-PA,662,0,0,0,689,689,C
3-PA,663,0,0,694,1,695,G
3-PA,664,715,0,0,0,715,A
3-PA,665,712,0,0,0,712,A
3-PA,666,0,0,0,723,723,C
3-PA,667,0,722,0,1,723,T
3-PA,668,0,731,0,1,732,T
3-PA,669,0,0,0,743,743,C
3-PA,670,0,742,0,0,742,T
3-PA,671,0,0,0,744,744,C
3-PA,672,1,0,1,738,740,C
3-PA,673,0,739,0,0,739,T
3-PA,674,0,0,756,0,756,G
3-PA,675,0,0,0,755,755,C
3-PA,676,0,1,0,757,758,C
3-PA,677,0,756,0,0,756,T
3-PA,678,0,753,0,0,753,T
3-PA,679,0,1,756,1,758,G
3-PA,680,757,0,0,0,757,A
3-PA,681,0,0,761,0,761,G
3-PA,682,765,0,0,0,765,A
3-PA,683,770,0,0,0,770,A
3-PA,684,0,791,0,0,791,T
3-PA,685,0,795,0,0,795,T
3-PA,686,1,795,0,0,796,T
3-PA,687,0,796,0,0,796,T
3-PA,688,796,0,0,0,796,A
3-PA,689,0,0,796,0,796,G
3-PA,690,785,0,1,0,786,A
3-PA,691,0,0,820,0,820,G
3-PA,692,0,0,0,826,826,C
3-PA,693,0,0,0,828,828,C
3-PA,694,0,841,0,0,841,T
3-PA,695,873,0,0,0,873,A
3-PA,696,0,877,0,0,877,T
3-PA,697,0,1,881,0,882,G
3-PA,698,0,877,0,0,877,T
3-PA,699,0,2,884,1,887,G
3-PA,700,0,0,883,0,883,G
3-PA,701,882,0,1,0,883,A
3-PA,702,0,876,0,0,876,T
3-PA,703,0,0,857,0,857,G
3-PA,704,0,1,882,0,883,G
3-PA,705,890,0,0,0,890,A
3-PA,706,0,886,0,0,886,T
3-PA,707,0,888,0,0,888,T
3-PA,708,0,0,0,888,888,C
3-PA,709,0,1,891,0,892,G
3-PA,710,894,0,0,0,894,A
3-PA,711,894,0,2,0,896,A
3-PA,712,0,0,0,900,900,C
3-PA,713,0,0,0,878,878,C
3-PA,714,0,0,881,0,881,G
3-PA,715,878,1,0,0,879,A
3-PA,716,880,0,0,0,880,A
3-PA,717,0,0,0,894,894,C
3-PA,718,1,0,886,0,887,G
3-PA,719,0,0,915,0,915,G
3-PA,720,0,0,0,918,918,C
3-PA,721,0,915,0,1,916,T
3-PA,722,1,0,939,0,940,G
3-PA,723,0,0,0,949,949,C
3-PA,724,963,1,0,1,965,A
3-PA,725,1,964,0,0,965,T
3-PA,726,0,961,0,0,961,T
3-PA,727,0,0,967,0,967,G
3-PA,728,939,0,1,0,940,A
3-PA,729,0,0,955,0,955,G
3-PA,730,0,0,957,0,957,G
3-PA,731,0,0,949,0,949,G
3-PA,732,0,1,0,948,949,C
3-PA,733,943,1,0,0,944,A
3-PA,734,947,0,1,0,948,A
3-PA,735,0,0,959,0,959,G
3-PA,736,0,0,0,959,959,C
3-PA,737,0,962,0,1,963,T
3-PA,738,0,964,0,0,964,T
3-PA,739,0,972,0,0,972,T
3-PA,740,0,1,0,973,974,C
3-PA,741,0,976,0,0,976,T
3-PA,742,1,0,0,978,979,C
3-PA,743,974,0,1,0,975,A
3-PA,744,969,0,0,1,970,A
3-PA,745,971,0,0,0,971,A
3-PA,746,0,967,0,0,967,T
3-PA,747,1,1,991,0,993,G
3-PA,748,0,988,0,0,988,T
3-PA,749,1,0,0,1000,1001,C
3-PA,750,0,0,0,1006,1006,C
3-PA,751,1012,0,0,0,1012,A
3-PA,752,1013,0,0,0,1013,A
3-PA,753,1010,0,0,1,1011,A
3-PA,754,0,1,1027,1,1029,G
3-PA,755,1023,0,0,0,1023,A
3-PA,756,1012,0,1,0,1013,A
3-PA,757,0,0,1021,0,1021,G
3-PA,758,0,1014,1,0,1015,T
3-PA,759,0,0,1014,0,1014,G
3-PA,760,1014,0,0,0,1014,A
3-PA,761,1015,0,0,0,1015,A
3-PA,762,0,1015,1,0,1016,T
3-PA,763,0,0,1011,0,1011,G
3-PA,764,0,0,0,1016,1016,C
3-PA,765,0,1,0,1014,1015,C
3-PA,766,0,0,0,1015,1015,C
3-PA,767,1015,0,1,0,1016,A
3-PA,768,1028,0,0,0,1028,A
3-PA,769,1026,0,1,0,1027,A
3-PA,770,0,1027,0,1,1028,T
3-PA,771,0,1022,0,0,1022,T
3-PA,772,0,0,1021,0,1021,G
3-PA,773,1015,1,0,0,1016,A
3-PA,774,1019,0,1,0,1020,A
3-PA,775,0,0,1,1021,1022,C
3-PA,776,1,0,0,1018,1019,C
3-PA,777,0,1012,0,0,1012,T
3-PA,778,0,1042,0,0,1042,T
3-PA,779,0,1044,0,1,1045,T
3-PA,780,0,1072,0,2,1074,T
3-PA,781,0,1,0,1071,1072,C
3-PA,782,0,1074,0,0,1074,T
3-PA,783,0,3,1074,0,1077,G
3-PA,784,1076,0,0,0,1076,A
3-PA,785,1080,0,0,0,1080,A
3-PA,786,0,1,1089,0,1090,G
3-PA,787,1076,1,1,0,1078,A
3-PA,788,1,0,0,1081,1082,C
3-PA,789,1073,0,1,0,1074,A
3-PA,790,1086,0,0,0,1086,A
3-PA,791,0,1,0,1200,1201,C
3-PA,792,1205,0,0,0,1205,A
3-PA,793,0,0,0,1207,1207,C
3-PA,794,0,0,0,1193,1193,C
3-PA,795,1190,0,1,1,1192,A
3-PA,796,1194,0,2,0,1196,A
3-PA,797,0,0,1197,0,1197,G
3-PA,798,1202,0,1,0,1203,A
3-PA,799,0,0,0,1202,1202,C
3-PA,800,0,0,0,1120,1120,C
3-PA,801,1118,0,0,0,1118,A
3-PA,802,1120,0,2,0,1122,A
3-PA,803,0,1121,0,0,1121,T
3-PA,804,1,0,0,1121,1122,C
3-PA,805,1118,0,0,0,1118,A
3-PA,806,1117,0,0,0,1117,A
3-PA,807,1119,0,0,0,1119,A
3-PA,808,0,0,0,1133,1133,C
3-PA,809,0,1123,0,0,1123,T
3-PA,810,1,1127,0,0,1128,T
3-PA,811,0,0,0,1132,1132,C
3-PA,812,0,0,0,1135,1135,C
3-PA,813,0,1,1137,0,1138,G
3-PA,814,1135,1,0,0,1136,A
3-PA,815,1136,0,0,1,1137,A
3-PA,816,0,1139,0,0,1139,T
3-PA,817,0,1,1135,0,1136,G
3-PA,818,0,0,1143,0,1143,G
3-PA,819,1139,0,0,0,1139,A
3-PA,820,0,0,0,1143,1143,C
3-PA,821,0,1,0,1144,1145,C
3-PA,822,0,1189,0,0,1189,T
3-PA,823,0,0,0,1226,1226,C
3-PA,824,0,0,0,1228,1228,C
3-PA,825,0,1228,0,0,1228,T
3-PA,826,1,1231,0,0,1232,T
3-PA,827,0,0,1285,0,1285,G
3-PA,828,0,1271,0,0,1271,T
3-PA,829,0,1265,1,1,1267,T
3-PA,830,1265,0,1,0,1266,A
3-PA,831,0,1226,0,0,1226,T
3-PA,832,1,1,1,1219,1222,C
3-PA,833,1201,0,0,0,1201,A
3-PA,834,0,0,1201,0,1201,G
3-PA,835,0,0,0,1195,1195,C
3-PA,836,0,1,1166,0,1167,G
3-PA,837,0,0,1202,0,1202,G
3-PA,838,0,1208,0,0,1208,T
3-PA,839,0,1,0,1204,1205,C
3-PA,840,0,1,0,1206,1207,C
3-PA,841,1206,0,0,0,1206,A
3-PA,842,1206,0,0,1,1207,A
3-PA,843,1211,0,1,0,1212,A
3-PA,844,0,1213,0,0,1213,T
3-PA,845,0,1209,0,0,1209,T
3-PA,846,0,0,0,1206,1206,C
3-PA,847,0,0,0,1194,1194,C
3-PA,848,0,1194,0,0,1194,T
3-PA,849,3,0,0,1203,1206,C
3-PA,850,0,0,0,1207,1207,C
3-PA,851,0,1201,0,1,1202,T
3-PA,852,0,0,1207,0,1207,G
3-PA,853,1208,0,0,0,1208,A
3-PA,854,0,1206,0,0,1206,T
3-PA,855,0,0,1197,0,1197,G
3-PA,856,0,3,1177,0,1180,G
3-PA,857,1177,0,3,0,1180,A
3-PA,858,1,1167,0,0,1168,T
3-PA,859,0,0,1169,0,1169,G
3-PA,860,0,0,0,1235,1235,C
3-PA,861,0,1231,0,1,1232,T
3-PA,862,0,1238,0,0,1238,T
3-PA,863,0,1238,0,1,1239,T
3-PA,864,1241,0,0,0,1241,A
3-PA,865,1245,0,0,0,1245,A
3-PA,866,1242,0,0,0,1242,A
3-PA,867,1249,0,0,0,1249,A
3-PA,868,0,1248,0,0,1248,T
3-PA,869,0,1188,0,0,1188,T
3-PA,870,2,0,1189,0,1191,G
3-PA,871,1185,1,0,0,1186,A
3-PA,872,0,0,1203,0,1203,G
3-PA,873,0,0,0,1205,1205,C
3-PA,874,1206,0,0,0,1206,A
3-PA,875,0,1249,0,0,1249,T
3-PA,876,0,1247,0,1,1248,T
3-PA,877,0,2,1250,0,1252,G
3-PA,878,1247,1,3,0,1251,A
3-PA,879,1243,0,1,0,1244,A
3-PA,880,0,1,1255,0,1256,G
3-PA,881,1247,0,1,0,1248,A
3-PA,882,0,0,0,1262,1262,C
3-PA,883,0,0,0,1254,1254,C
3-PA,884,3,0,0,1239,1242,C
3-PA,885,1241,0,1,0,1242,A
3-PA,886,1293,0,0,0,1293,A
3-PA,887,0,0,1350,0,1350,G
3-PA,888,0,1350,2,1,1353,T
3-PA,889,0,0,0,1352,1352,C
3-PA,890,1355,0,0,0,1355,A
3-PA,891,0,1,0,1344,1345,C
3-PA,892,0,0,1349,0,1349,G
3-PA,893,1376,0,1,0,1377,A
3-PA,894,1375,1,0,0,1376,A
3-PA,895,0,2,1415,0,1417,G
3-PA,896,1,1,1410,0,1412,G
3-PA,897,1411,0,1,0,1412,A
3-PA,898,0,1,1420,1,1422,G
3-PA,899,1417,0,0,0,1417,A
3-PA,900,1419,0,2,0,1421,A
3-PA,901,0,0,1428,0,1428,G
3-PA,902,1,0,1414,0,1415,G
3-PA,903,1,1,1419,0,1421,G
3-PA,904,1388,0,2,0,1390,A
3-PA,905,0,1378,0,1,1379,T
3-PA,906,1,0,0,1385,1386,C
3-PA,907,0,0,0,1475,1475,C
3-PA,908,0,1,0,1496,1497,C
3-PA,909,1518,0,0,0,1518,A
3-PA,910,0,1522,0,1,1523,T
3-PA,911,0,1530,0,1,1531,T
3-PA,912,1561,0,0,0,1561,A
3-PA,913,0,1564,0,0,1564,T
3-PA,914,1561,0,2,0,1563,A
3-PA,915,0,1557,0,1,1558,T
3-PA,916,0,3,1418,0,1421,G
3-PA,917,1419,0,1,0,1420,A
3-PA,918,0,1405,0,0,1405,T
3-PA,919,0,1,1413,0,1414,G
3-PA,920,1,0,0,1403,1404,C
3-PA,921,0,1,1409,0,1410,G
3-PA,922,1422,0,0,0,1422,A
3-PA,923,0,1420,0,1,1421,T
3-PA,924,0,0,0,1424,1424,C
3-PA,925,1420,0,3,0,1423,A
3-PA,926,1413,1,1,0,1415,A
3-PA,927,0,0,1420,0,1420,G
3-PA,928,0,1410,0,0,1410,T
3-PA,929,0,0,1429,0,1429,G
3-PA,930,0,1,1,1436,1438,C
3-PA,931,1435,0,0,0,1435,A
3-PA,932,0,1437,0,0,1437,T
3-PA,933,1429,0,1,0,1430,A
3-PA,934,1448,0,1,1,1450,A
3-PA,935,1449,0,1,0,1450,A
3-PA,936,1445,0,1,0,1446,A
3-PA,937,1449,0,0,0,1449,A
3-PA,938,1,0,0,1449,1450,C
3-PA,939,1439,0,0,0,1439,A
3-PA,940,0,1444,0,0,1444,T
3-PA,941,0,1447,0,0,1447,T
3-PA,942,0,0,0,1451,1451,C
3-PA,943,0,1431,0,1,1432,T
3-PA,944,0,1432,0,2,1434,T
3-PA,945,0,1436,0,0,1436,T
3-PA,946,0,0,1437,0,1437,G
3-PA,947,0,0,1440,0,1440,G
3-PA,948,1432,1,6,0,1439,A
3-PA,949,0,1438,0,0,1438,T
3-PA,950,1,2,1444,1,1448,G
3-PA,951,1,1,1474,0,1476,G
3-PA,952,1479,0,1,0,1480,A
3-PA,953,1477,0,0,0,1477,A
3-PA,954,1485,0,0,0,1485,A
3-PA,955,0,1,1496,1,1498,G
3-PA,956,1492,0,2,0,1494,A
3-PA,957,1635,0,1,0,1636,A
3-PA,958,0,1,0,1657,1658,C
3-PA,959,0,0,0,1661,1661,C
3-PA,960,0,1648,0,1,1649,T
3-PA,961,0,1670,0,0,1670,T
3-PA,962,1677,0,0,0,1677,A
3-PA,963,0,1677,0,0,1677,T
3-PA,964,1661,1,0,0,1662,A
3-PA,965,0,1680,0,1,1681,T
3-PA,966,1588,0,0,0,1588,A
3-PA,967,1,0,1603,0,1604,G
3-PA,968,0,1588,0,2,1590,T
3-PA,969,1,0,0,1580,1581,C
3-PA,970,1558,1,0,0,1559,A
3-PA,971,1563,0,1,0,1564,A
3-PA,972,1564,0,0,0,1564,A
3-PA,973,0,0,0,1573,1573,C
3-PA,974,1,0,0,1561,1562,C
3-PA,975,1543,0,2,0,1545,A
3-PA,976,0,1,0,1551,1552,C
3-PA,977,1550,0,1,0,1551,A
3-PA,978,1,1,0,1560,1562,C
3-PA,979,0,0,1563,1,1564,G
3-PA,980,1556,0,0,0,1556,A
3-PA,981,1562,0,0,0,1562,A
3-PA,982,1560,0,1,0,1561,A
3-PA,983,1556,0,1,0,1557,A
3-PA,984,1,2,1561,0,1564,G
3-PA,985,0,1,1552,0,1553,G
3-PA,986,1,0,1557,1,1559,G
3-PA,987,1557,0,1,0,1558,A
3-PA,988,1556,0,1,2,1559,A
3-PA,989,0,1557,0,0,1557,T
3-PA,990,1558,0,1,0,1559,A
3-PA,991,1558,0,0,0,1558,A
3-PA,992,1569,0,1,0,1570,A
3-PA,993,0,1564,0,0,1564,T
3-PA,994,0,1564,1,0,1565,T
3-PA,995,1,1,0,1571,1573,C
3-PA,996,1575,0,1,0,1576,A
3-PA,997,1575,0,0,0,1575,A
3-PA,998,1573,0,1,1,1575,A
3-PA,999,0,1583,0,0,1583,T
3-PA,1000,0,1590,0,0,1590,T
3-PA,1001,1594,0,0,0,1594,A
3-PA,1002,1,0,0,1587,1588,C
3-PA,1003,1,0,0,1586,1587,C
3-PA,1004,1,1580,0,2,1583,T
3-PA,1005,1,1,1604,0,1606,G
3-PA,1006,0,2,0,1605,1607,C
3-PA,1007,0,1601,0,3,1604,T
3-PA,1008,1,0,1627,0,1628,G
3-PA,1009,0,1632,0,0,1632,T
3-PA,1010,0,0,0,1640,1640,C
3-PA,1011,1643,1,1,0,1645,A
3-PA,1012,0,1645,0,0,1645,T
3-PA,1013,0,1,1642,0,1643,G
3-PA,1014,0,0,1630,1,1631,G
3-PA,1015,1637,0,0,0,1637,A
3-PA,1016,1675,0,1,1,1677,A
3-PA,1017,0,0,1667,0,1667,G
3-PA,1018,1,0,0,1670,1671,C
3-PA,1019,1663,1,2,0,1666,A
3-PA,1020,1665,1,2,0,1668,A
3-PA,1021,1,0,1681,0,1682,G
3-PA,1022,0,1685,0,0,1685,T
3-PA,1023,1675,0,2,0,1677,A
3-PA,1024,1,0,0,1674,1675,C
3-PA,1025,0,1644,0,1,1645,T
3-PA,1026,0,0,1656,0,1656,G
3-PA,1027,0,1648,0,2,1650,T
3-PA,1028,0,0,0,1654,1654,C
3-PA,1029,1649,0,1,0,1650,A
3-PA,1030,1,0,1665,0,1666,G
3-PA,1031,1670,0,0,0,1670,A
3-PA,1032,1668,0,0,0,1668,A
3-PA,1033,0,1716,0,0,1716,T
3-PA,1034,0,1709,0,2,1711,T
3-PA,1035,0,1,1703,0,1704,G
3-PA,1036,0,1,0,1698,1699,C
3-PA,1037,1695,0,1,0,1696,A
3-PA,1038,0,0,1707,0,1707,G
3-PA,1039,0,0,1696,0,1696,G
3-PA,1040,1693,0,1,0,1694,A
3-PA,1041,0,1,0,1700,1701,C
3-PA,1042,1686,0,1,0,1687,A
3-PA,1043,0,1698,1,0,1699,T
3-PA,1044,0,1699,0,0,1699,T
3-PA,1045,1,0,1707,0,1708,G
3-PA,1046,1711,0,0,1,1712,A
3-PA,1047,1711,0,1,0,1712,A
3-PA,1048,1707,0,1,0,1708,A
3-PA,1049,1704,0,0,0,1704,A
3-PA,1050,0,1693,0,1,1694,T
3-PA,1051,0,0,1701,0,1701,G
3-PA,1052,1682,0,3,0,1685,A
3-PA,1053,0,0,1686,0,1686,G
3-PA,1054,0,0,1685,0,1685,G
3-PA,1055,1674,0,1,0,1675,A
3-PA,1056,0,1,1687,0,1688,G
3-PA,1057,1686,0,0,0,1686,A
3-PA,1058,1681,0,5,1,1687,A
3-PA,1059,0,0,1698,0,1698,G
3-PA,1060,1697,1,1,0,1699,A
3-PA,1061,0,1686,1,2,1689,T
3-PA,1062,0,1686,1,0,1687,T
3-PA,1063,1,0,0,1686,1687,C
3-PA,1064,2,0,0,1688,1690,C
3-PA,1065,1685,0,0,0,1685,A
3-PA,1066,1680,1,2,0,1683,A
3-PA,1067,0,2,1697,0,1699,G
3-PA,1068,1,5,1710,0,1716,G
3-PA,1069,1708,1,0,0,1709,A
3-PA,1070,0,0,0,1707,1707,C
3-PA,1071,1,1711,0,0,1712,T
3-PA,1072,1713,0,0,0,1713,A
3-PA,1073,1711,0,1,0,1712,A
3-PA,1074,1711,0,0,0,1711,A
3-PA,1075,1712,0,0,0,1712,A
3-PA,1076,1707,0,1,0,1708,A
3-PA,1077,2,0,0,1696,1698,C
3-PA,1078,1688,0,0,0,1688,A
3-PA,1079,1,1681,0,1,1683,T
3-PA,1080,1,0,1700,0,1701,G
3-PA,1081,1696,0,2,0,1698,A
3-PA,1082,1693,0,0,2,1695,A
3-PA,1083,0,0,1704,0,1704,G
3-PA,1084,1701,0,1,0,1702,A
3-PA,1085,1707,0,0,0,1707,A
3-PA,1086,1693,1,0,0,1694,A
3-PA,1087,1692,0,1,1,1694,A
3-PA,1088,0,1,0,1697,1698,C
3-PA,1089,0,0,1688,0,1688,G
3-PA,1090,1698,0,3,0,1701,A
3-PA,1091,0,0,1702,0,1702,G
3-PA,1092,0,1698,0,1,1699,T
3-PA,1093,0,1,0,1719,1720,C
3-PA,1094,1725,0,1,0,1726,A
3-PA,1095,1755,1,0,0,1756,A
3-PA,1096,0,0,1,1758,1759,C
3-PA,1097,0,1757,0,1,1758,T
3-PA,1098,0,0,1786,0,1786,G
3-PA,1099,1775,0,0,0,1775,A
3-PA,1100,1788,0,1,0,1789,A
3-PA,1101,0,3,1786,1,1790,G
3-PA,1102,0,1750,0,2,1752,T
3-PA,1103,2,1,1752,1,1756,G
3-PA,1104,0,2,1740,1,1743,G
3-PA,1105,0,0,1744,0,1744,G
3-PA,1106,0,0,1,1750,1751,C
3-PA,1107,1,1727,0,1,1729,T
3-PA,1108,1,0,0,1739,1740,C
3-PA,1109,0,1734,0,0,1734,T
3-PA,1110,0,1745,0,0,1745,T
3-PA,1111,2,1,1773,1,1777,G
3-PA,1112,1,1,1779,0,1781,G
3-PA,1113,0,1774,0,1,1775,T
3-PA,1114,1,1,1772,0,1774,G
3-PA,1115,1764,0,1,0,1765,A
3-PA,1116,1776,2,2,0,1780,A
3-PA,1117,1762,0,0,0,1762,A
3-PA,1118,1772,0,1,1,1774,A
3-PA,1119,0,0,0,1784,1784,C
3-PA,1120,1764,0,1,0,1765,A
3-PA,1121,1,1765,0,0,1766,T
3-PA,1122,0,0,1767,0,1767,G
3-PA,1123,1,0,1789,0,1790,G
3-PA,1124,1,0,0,1792,1793,C
3-PA,1125,1791,0,4,0,1795,A
3-PA,1126,0,0,0,1798,1798,C
3-PA,1127,2,0,0,1804,1806,C
3-PA,1128,1826,0,0,0,1826,A
3-PA,1129,0,0,1840,0,1840,G
3-PA,1130,1835,0,1,0,1836,A
3-PA,1131,0,0,1854,0,1854,G
3-PA,1132,1844,0,0,0,1844,A
3-PA,1133,1849,1,2,0,1852,A
3-PA,1134,0,0,1857,0,1857,G
3-PA,1135,0,1,1850,0,1851,G
3-PA,1136,0,1850,0,0,1850,T
3-PA,1137,1818,0,1,0,1819,A
3-PA,1138,0,0,1816,0,1816,G
3-PA,1139,1814,0,0,1,1815,A
3-PA,1140,1,0,0,1817,1818,C
3-PA,1141,0,1799,0,0,1799,T
3-PA,1142,0,1799,0,0,1799,T
3-PA,1143,0,1806,0,0,1806,T
3-PA,1144,1,0,1810,0,1811,G
3-PA,1145,1806,2,0,1,1809,A
3-PA,1146,1812,0,0,1,1813,A
3-PA,1147,1812,0,0,1,1813,A
3-PA,1148,1794,0,0,1,1795,A
3-PA,1149,1,0,0,1827,1828,C
3-PA,1150,0,1809,0,0,1809,T
3-PA,1151,0,1,1824,0,1825,G
3-PA,1152,0,0,0,1828,1828,C
3-PA,1153,1824,1,3,1,1829,A
3-PA,1154,0,0,1823,0,1823,G
3-PA,1155,1810,1,2,2,1815,A
3-PA,1156,0,0,1888,0,1888,G
3-PA,1157,1889,0,0,0,1889,A
3-PA,1158,1,0,0,1876,1877,C
3-PA,1159,1872,0,0,0,1872,A
3-PA,1160,0,1868,0,2,1870,T
3-PA,1161,1860,1,0,0,1861,A
3-PA,1162,1865,0,1,0,1866,A
3-PA,1163,0,0,1866,0,1866,G
3-PA,1164,0,2,0,1859,1861,C
3-PA,1165,1,0,1827,0,1828,G
3-PA,1166,1858,0,0,0,1858,A
3-PA,1167,2,1839,0,0,1841,T
3-PA,1168,0,1842,0,1,1843,T
3-PA,1169,0,1839,0,0,1839,T
3-PA,1170,0,0,1845,0,1845,G
3-PA,1171,1853,0,0,0,1853,A
3-PA,1172,1842,0,3,0,1845,A
3-PA,1173,1,0,1859,0,1860,G
3-PA,1174,0,0,0,1890,1890,C
3-PA,1175,1864,0,1,0,1865,A
3-PA,1176,1968,1,0,0,1969,A
3-PA,1177,0,1968,0,0,1968,T
3-PA,1178,1975,1,1,0,1977,A
3-PA,1179,1,1989,0,0,1990,T
3-PA,1180,0,1,1992,0,1993,G
3-PA,1181,2006,1,1,1,2009,A
3-PA,1182,1,2000,0,0,2001,T
3-PA,1183,1944,0,0,0,1944,A
3-PA,1184,0,1,1947,0,1948,G
3-PA,1185,0,1867,0,0,1867,T
3-PA,1186,2,0,1866,1,1869,G
3-PA,1187,1862,0,0,1,1863,A
3-PA,1188,0,0,0,1856,1856,C
3-PA,1189,2,2,1852,0,1856,G
3-PA,1190,1857,1,0,1,1859,A
3-PA,1191,1856,1,2,1,1860,A
3-PA,1192,2,0,0,1867,1869,C
3-PA,1193,1,0,0,1868,1869,C
3-PA,1194,0,1867,0,2,1869,T
3-PA,1195,0,0,1908,1,1909,G
3-PA,1196,1899,0,1,1,1901,A
3-PA,1197,1912,0,0,0,1912,A
3-PA,1198,0,1908,1,0,1909,T
3-PA,1199,0,1891,0,0,1891,T
3-PA,1200,1889,0,0,1,1890,A
3-PA,1201,1872,0,1,0,1873,A
3-PA,1202,1,1,1877,0,1879,G
3-PA,1203,1,0,1872,0,1873,G
3-PA,1204,1,1844,0,0,1845,T
3-PA,1205,1,0,0,1832,1833,C
3-PA,1206,1838,0,2,0,1840,A
3-PA,1207,0,0,0,1882,1882,C
3-PA,1208,0,1888,0,1,1889,T
3-PA,1209,0,1892,0,0,1892,T
3-PA,1210,0,1898,0,0,1898,T
3-PA,1211,0,0,0,1893,1893,C
3-PA,1212,1890,0,6,0,1896,A
3-PA,1213,1894,0,3,0,1897,A
3-PA,1214,0,0,1926,0,1926,G
3-PA,1215,0,0,0,1923,1923,C
3-PA,1216,0,1879,0,2,1881,T
3-PA,1217,2,1,1917,1,1921,G
3-PA,1218,1,1,1934,1,1937,G
3-PA,1219,1950,0,3,0,1953,A
3-PA,1220,0,1964,0,1,1965,T
3-PA,1221,1966,1,1,0,1968,A
3-PA,1222,0,0,0,1976,1976,C
3-PA,1223,1931,0,2,0,1933,A
3-PA,1224,0,0,1953,0,1953,G
3-PA,1225,1943,0,1,0,1944,A
3-PA,1226,1904,1,0,0,1905,A
3-PA,1227,0,1885,0,1,1886,T
3-PA,1228,0,2,1877,1,1880,G
3-PA,1229,1870,0,1,0,1871,A
3-PA,1230,0,1,1890,0,1891,G
3-PA,1231,0,1881,0,1,1882,T
3-PA,1232,0,1878,0,0,1878,T
3-PA,1233,0,1,0,1893,1894,C
3-PA,1234,1911,1,0,0,1912,A
3-PA,1235,1911,0,0,0,1911,A
3-PA,1236,0,0,0,1911,1911,C
3-PA,1237,1893,0,0,0,1893,A
3-PA,1238,1892,0,0,0,1892,A
3-PA,1239,0,4,1875,0,1879,G
3-PA,1240,0,2,1894,1,1897,G
3-PA,1241,4,1,0,1907,1912,C
3-PA,1242,0,0,0,1897,1897,C
3-PA,1243,0,1881,0,2,1883,T
3-PA,1244,0,0,1904,0,1904,G
3-PA,1245,0,1901,0,1,1902,T
3-PA,1246,1,0,1925,0,1926,G
3-PA,1247,1922,2,3,0,1927,A
3-PA,1248,1,0,1916,0,1917,G
3-PA,1249,1,1,0,1903,1905,C
3-PA,1250,0,1885,0,0,1885,T
3-PA,1251,1916,0,0,0,1916,A
3-PA,1252,1920,0,0,0,1920,A
3-PA,1253,0,0,0,1922,1922,C
3-PA,1254,0,1908,0,1,1909,T
3-PA,1255,0,1,1908,0,1909,G
3-PA,1256,1899,1,0,0,1900,A
3-PA,1257,0,1894,0,0,1894,T
3-PA,1258,1,1900,0,0,1901,T
3-PA,1259,1,0,0,1902,1903,C
3-PA,1260,1938,0,0,0,1938,A
3-PA,1261,0,1,1970,0,1971,G
3-PA,1262,1,1965,0,1,1967,T
3-PA,1263,0,0,0,1963,1963,C
3-PA,1264,0,1948,0,3,1951,T
3-PA,1265,0,2,2003,0,2005,G
3-PA,1266,0,1,2006,0,2007,G
3-PA,1267,2010,0,1,0,2011,A
3-PA,1268,0,2007,0,1,2008,T
3-PA,1269,1900,0,0,0,1900,A
3-PA,1270,0,3,1896,0,1899,G
3-PA,1271,1867,0,1,0,1868,A
3-PA,1272,0,0,1866,0,1866,G
3-PA,1273,0,0,0,1865,1865,C
3-PA,1274,0,1805,0,0,1805,T
3-PA,1275,0,0,0,1809,1809,C
3-PA,1276,0,1,1808,0,1809,G
3-PA,1277,1807,0,1,1,1809,A
3-PA,1278,0,1810,0,1,1811,T
3-PA,1279,0,0,1806,0,1806,G
3-PA,1280,1819,2,0,0,1821,A
3-PA,1281,1825,0,0,0,1825,A
3-PA,1282,1829,0,1,0,1830,A
3-PA,1283,0,1825,0,1,1826,T
3-PA,1284,1,1820,0,3,1824,T
3-PA,1285,0,0,1835,1,1836,G
3-PA,1286,1,2,1831,0,1834,G
3-PA,1287,1827,0,3,0,1830,A
3-PA,1288,0,0,1833,0,1833,G
3-PA,1289,1796,0,1,0,1797,A
3-PA,1290,1,1,1806,0,1808,G
3-PA,1291,0,1,1823,0,1824,G
3-PA,1292,1829,0,1,0,1830,A
3-PA,1293,1,3,0,1834,1838,C
3-PA,1294,0,0,1821,0,1821,G
3-PA,1295,0,1823,0,0,1823,T
3-PA,1296,1834,0,1,0,1835,A
3-PA,1297,0,0,1847,0,1847,G
3-PA,1298,0,0,0,1860,1860,C
3-PA,1299,0,0,0,1840,1840,C
3-PA,1300,2,0,0,1832,1834,C
3-PA,1301,1,1,0,1826,1828,C
3-PA,1302,1826,1,1,0,1828,A
3-PA,1303,1890,0,0,0,1890,A
3-PA,1304,0,1884,0,1,1885,T
3-PA,1305,0,1875,0,0,1875,T
3-PA,1306,0,2,1871,1,1874,G
3-PA,1307,1848,0,1,0,1849,A
3-PA,1308,0,0,1849,0,1849,G
3-PA,1309,0,0,0,1845,1845,C
3-PA,1310,1837,0,1,0,1838,A
3-PA,1311,0,0,0,1871,1871,C
3-PA,1312,1821,0,0,0,1821,A
3-PA,1313,0,1860,0,0,1860,T
3-PA,1314,1,1862,0,0,1863,T
3-PA,1315,0,1,1871,0,1872,G
3-PA,1316,0,0,0,1865,1865,C
3-PA,1317,1861,0,2,0,1863,A
3-PA,1318,1864,0,1,0,1865,A
3-PA,1319,1,0,1866,0,1867,G
3-PA,1320,1,0,0,1840,1841,C
3-PA,1321,1835,1,0,0,1836,A
3-PA,1322,0,1770,0,2,1772,T
3-PA,1323,0,3,1772,0,1775,G
3-PA,1324,1771,1,1,0,1773,A
3-PA,1325,0,1,1777,0,1778,G
3-PA,1326,1767,0,3,0,1770,A
3-PA,1327,1773,0,0,0,1773,A
3-PA,1328,1,2,1761,0,1764,G
3-PA,1329,0,2,1756,0,1758,G
3-PA,1330,1756,0,0,1,1757,A
3-PA,1331,1757,0,1,0,1758,A
3-PA,1332,0,1757,0,4,1761,T
3-PA,1333,0,1761,0,0,1761,T
3-PA,1334,1757,0,0,0,1757,A
3-PA,1335,0,1760,0,0,1760,T
3-PA,1336,0,1760,0,0,1760,T
3-PA,1337,0,1762,0,2,1764,T
3-PA,1338,1,0,0,1749,1750,C
3-PA,1339,1745,0,2,0,1747,A
3-PA,1340,0,0,0,1788,1788,C
3-PA,1341,1775,0,0,0,1775,A
3-PA,1342,2,0,1784,0,1786,G
3-PA,1343,1,0,0,1783,1784,C
3-PA,1344,1774,0,1,0,1775,A
3-PA,1345,0,1,1775,0,1776,G
3-PA,1346,1772,0,2,0,1774,A
3-PA,1347,0,0,1784,0,1784,G
3-PA,1348,0,1,1785,0,1786,G
3-PA,1349,1,1722,0,1,1724,T
3-PA,1350,0,0,1761,0,1761,G
3-PA,1351,1,1749,0,2,1752,T
3-PA,1352,0,0,0,1750,1750,C
3-PA,1353,3,2,0,1751,1756,C
3-PA,1354,1,1,0,1756,1758,C
3-PA,1355,1773,0,0,0,1773,A
3-PA,1356,1,1788,0,3,1792,T
3-PA,1357,0,1774,0,1,1775,T
3-PA,1358,0,1,1785,0,1786,G
3-PA,1359,0,1758,0,0,1758,T
3-PA,1360,1737,0,0,0,1737,A
3-PA,1361,0,0,1731,0,1731,G
3-PA,1362,1688,0,1,0,1689,A
3-PA,1363,0,0,1688,0,1688,G
3-PA,1364,0,0,0,1675,1675,C
3-PA,1365,1,0,0,1646,1647,C
3-PA,1366,1668,3,1,0,1672,A
3-PA,1367,1,0,0,1672,1673,C
3-PA,1368,0,1664,0,0,1664,T
3-PA,1369,1,0,1665,0,1666,G
3-PA,1370,1654,1,1,0,1656,A
3-PA,1371,1631,0,0,0,1631,A
3-PA,1372,0,1664,0,0,1664,T
3-PA,1373,1680,0,0,1,1681,A
3-PA,1374,0,0,0,1697,1697,C
3-PA,1375,1658,0,0,0,1658,A
3-PA,1376,1,1669,0,0,1670,T
3-PA,1377,1654,0,0,0,1654,A
3-PA,1378,1654,0,0,0,1654,A
3-PA,1379,0,1651,0,1,1652,T
3-PA,1380,0,0,1610,0,1610,G
3-PA,1381,1604,0,0,0,1604,A
3-PA,1382,1584,1,1,0,1586,A
3-PA,1383,0,1,1579,0,1580,G
3-PA,1384,1,1,1562,0,1564,G
3-PA,1385,0,0,1571,0,1571,G
3-PA,1386,1,2,1567,0,1570,G
3-PA,1387,0,1,1583,0,1584,G
3-PA,1388,0,1551,0,1,1552,T
3-PA,1389,1561,1,0,0,1562,A
3-PA,1390,0,1569,0,1,1570,T
3-PA,1391,1588,0,0,0,1588,A
3-PA,1392,0,1,0,1714,1715,C
3-PA,1393,1656,1,0,0,1657,A
3-PA,1394,0,1624,0,0,1624,T
3-PA,1395,0,1606,0,0,1606,T
3-PA,1396,1578,1,2,1,1582,A
3-PA,1397,1616,0,2,0,1618,A
3-PA,1398,0,1,0,1614,1615,C
3-PA,1399,1568,0,2,0,1570,A
3-PA,1400,1,1,0,1572,1574,C
3-PA,1401,1,1397,0,0,1398,T
3-PA,1402,0,0,1457,0,1457,G
3-PA,1403,0,0,0,1455,1455,C
3-PA,1404,2,0,0,1447,1449,C
3-PA,1405,0,0,0,1457,1457,C
3-PA,1406,1,1420,0,0,1421,T
3-PA,1407,1,0,1462,0,1463,G
3-PA,1408,1,0,0,1458,1459,C
3-PA,1409,0,1457,0,1,1458,T
3-PA,1410,0,0,0,1497,1497,C
3-PA,1411,1423,0,1,0,1424,A
3-PA,1412,1433,0,1,0,1434,A
3-PA,1413,0,1431,0,0,1431,T
3-PA,1414,1,0,1425,0,1426,G
3-PA,1415,0,0,0,1423,1423,C
3-PA,1416,1385,0,0,0,1385,A
3-PA,1417,0,1381,0,2,1383,T
3-PA,1418,0,0,0,1376,1376,C
3-PA,1419,1,0,0,1386,1387,C
3-PA,1420,0,1330,0,2,1332,T
3-PA,1421,0,0,1359,0,1359,G
3-PA,1422,0,1362,0,0,1362,T
3-PA,1423,0,0,1355,0,1355,G
3-PA,1424,1,0,0,1360,1361,C
3-PA,1425,1332,0,0,0,1332,A
3-PA,1426,0,0,1345,0,1345,G
3-PA,1427,0,0,1,1343,1344,C
3-PA,1428,1326,0,0,0,1326,A
3-PA,1429,1329,0,0,0,1329,A
3-PA,1430,0,1273,0,0,1273,T
3-PA,1431,0,0,1274,0,1274,G
3-PA,1432,1,0,1270,0,1271,G
3-PA,1433,1273,0,2,0,1275,A
3-PA,1434,0,0,0,1271,1271,C
3-PA,1435,0,0,1255,0,1255,G
3-PA,1436,1270,0,0,0,1270,A
3-PA,1437,1,1267,0,0,1268,T
3-PA,1438,0,1265,0,1,1266,T
3-PA,1439,0,1262,0,0,1262,T
3-PA,1440,0,1263,0,0,1263,T
3-PA,1441,0,1,0,1262,1263,C
3-PA,1442,1264,0,0,0,1264,A
3-PA,1443,1266,0,1,0,1267,A
3-PA,1444,0,0,0,1264,1264,C
3-PA,1445,0,1248,0,0,1248,T
3-PA,1446,1247,0,0,0,1247,A
3-PA,1447,1243,0,1,0,1244,A
3-PA,1448,0,1248,0,0,1248,T
3-PA,1449,0,1245,0,0,1245,T
3-PA,1450,1,1,0,1246,1248,C
3-PA,1451,1,0,1,1244,1246,C
3-PA,1452,0,0,0,1240,1240,C
3-PA,1453,1239,0,0,0,1239,A
3-PA,1454,1,1257,0,0,1258,T
3-PA,1455,1,0,1259,0,1260,G
3-PA,1456,1258,0,0,0,1258,A
3-PA,1457,0,1252,0,0,1252,T
3-PA,1458,1253,0,1,0,1254,A
3-PA,1459,1252,0,0,0,1252,A
3-PA,1460,0,1,1251,0,1252,G
3-PA,1461,0,1,0,1247,1248,C
3-PA,1462,1242,0,1,0,1243,A
3-PA,1463,1216,0,0,0,1216,A
3-PA,1464,0,0,1229,0,1229,G
3-PA,1465,0,1225,0,0,1225,T
3-PA,1466,0,0,1224,0,1224,G
3-PA,1467,0,0,0,1219,1219,C
3-PA,1468,1209,0,4,0,1213,A
3-PA,1469,0,0,1228,0,1228,G
3-PA,1470,1214,1,0,0,1215,A
3-PA,1471,1227,0,0,0,1227,A
3-PA,1472,0,0,0,1233,1233,C
3-PA,1473,0,1199,0,0,1199,T
3-PA,1474,1211,0,0,0,1211,A
3-PA,1475,1211,0,0,0,1211,A
3-PA,1476,1205,0,2,0,1207,A
3-PA,1477,0,1,1209,0,1210,G
3-PA,1478,1146,0,0,0,1146,A
3-PA,1479,0,6,1143,0,1149,G
3-PA,1480,0,0,1119,0,1119,G
3-PA,1481,0,1,1107,0,1108,G
3-PA,1482,0,0,1069,0,1069,G
3-PA,1483,1071,1,1,0,1073,A
3-PA,1484,1,0,1073,0,1074,G
3-PA,1485,1,0,1074,0,1075,G
3-PA,1486,0,0,0,1066,1066,C
3-PA,1487,0,0,1067,0,1067,G
3-PA,1488,1057,0,1,0,1058,A
3-PA,1489,1058,0,0,0,1058,A
3-PA,1490,1054,0,1,0,1055,A
3-PA,1491,1053,0,2,0,1055,A
3-PA,1492,1058,1,2,0,1061,A
3-PA,1493,0,0,0,1052,1052,C
3-PA,1494,0,0,0,1049,1049,C
3-PA,1495,1050,0,1,0,1051,A
3-PA,1496,1057,0,1,0,1058,A
3-PA,1497,0,1059,1,0,1060,T
3-PA,1498,0,1050,0,0,1050,T
3-PA,1499,0,1060,0,0,1060,T
3-PA,1500,1058,0,0,0,1058,A
3-PA,1501,0,1053,0,0,1053,T
3-PA,1502,1052,0,0,0,1052,A
3-PA,1503,0,1047,0,0,1047,T
3-PA,1504,0,0,1033,0,1033,G
3-PA,1505,1,0,1025,0,1026,G
3-PA,1506,1027,0,0,0,1027,A
3-PA,1507,0,1020,0,0,1020,T
3-PA,1508,0,1004,0,2,1006,T
3-PA,1509,0,0,0,995,995,C
3-PA,1510,998,0,1,0,999,A
3-PA,1511,1,1003,1,1,1006,T
3-PA,1512,0,0,0,1009,1009,C
3-PA,1513,1006,0,0,0,1006,A
3-PA,1514,0,993,0,0,993,T
3-PA,1515,991,0,0,0,991,A
3-PA,1516,988,0,0,0,988,A
3-PA,1517,985,0,0,0,985,A
3-PA,1518,2,0,989,0,991,G
3-PA,1519,0,0,974,0,974,G
3-PA,1520,0,0,966,0,966,G
3-PA,1521,960,0,0,0,960,A
3-PA,1522,944,0,2,0,946,A
3-PA,1523,0,0,952,0,952,G
3-PA,1524,941,0,0,0,941,A
3-PA,1525,0,941,0,2,943,T
3-PA,1526,0,0,0,944,944,C
3-PA,1527,0,926,0,0,926,T
3-PA,1528,2,0,0,948,950,C
3-PA,1529,951,0,0,0,951,A
3-PA,1530,0,948,0,0,948,T
3-PA,1531,0,949,0,0,949,T
3-PA,1532,0,938,0,0,938,T
3-PA,1533,930,1,0,0,931,A
3-PA,1534,932,0,0,0,932,A
3-PA,1535,0,0,932,0,932,G
3-PA,1536,0,0,941,0,941,G
3-PA,1537,881,0,0,0,881,A
3-PA,1538,883,0,0,0,883,A
3-PA,1539,0,878,5,0,883,T
3-PA,1540,1,0,885,0,886,G
3-PA,1541,910,0,0,0,910,A
3-PA,1542,1,5,0,905,911,C
3-PA,1543,906,0,2,0,908,A
3-PA,1544,0,0,0,903,903,C
3-PA,1545,877,0,0,0,877,A
3-PA,1546,0,0,880,1,881,G
3-PA,1547,866,0,0,0,866,A
3-PA,1548,0,0,0,847,847,C
3-PA,1549,0,2,831,0,833,G
3-PA,1550,0,756,0,1,757,T
3-PA,1551,0,0,755,0,755,G
3-PA,1552,0,1,754,0,755,G
3-PA,1553,0,756,0,0,756,T
3-PA,1554,758,0,0,0,758,A
3-PA,1555,738,0,0,0,738,A
3-PA,1556,738,1,0,0,739,A
3-PA,1557,0,738,0,0,738,T
3-PA,1558,0,731,0,0,731,T
3-PA,1559,0,727,0,0,727,T
3-PA,1560,0,713,0,1,714,T
3-PA,1561,0,0,715,0,715,G
3-PA,1562,0,710,0,0,710,T
3-PA,1563,0,0,710,0,710,G
3-PA,1564,704,0,0,0,704,A
3-PA,1565,1,0,704,0,705,G
3-PA,1566,0,0,0,702,702,C
3-PA,1567,701,0,0,0,701,A
3-PA,1568,0,698,0,2,700,T
3-PA,1569,0,2,695,0,697,G
3-PA,1570,0,0,698,0,698,G
3-PA,1571,698,0,0,0,698,A
3-PA,1572,0,0,700,0,700,G
3-PA,1573,0,692,0,1,693,T
3-PA,1574,0,688,0,0,688,T
3-PA,1575,0,693,0,0,693,T
3-PA,1576,0,693,0,0,693,T
3-PA,1577,0,1,0,691,692,C
3-PA,1578,0,691,0,1,692,T
3-PA,1579,0,0,0,689,689,C
3-PA,1580,0,667,0,0,667,T
3-PA,1581,0,0,0,663,663,C
3-PA,1582,663,0,0,0,663,A
3-PA,1583,1,0,0,662,663,C
3-PA,1584,0,641,0,0,641,T
3-PA,1585,0,0,642,0,642,G
3-PA,1586,637,0,0,1,638,A
3-PA,1587,0,0,0,641,641,C
3-PA,1588,1,0,0,635,636,C
3-PA,1589,0,1,0,624,625,C
3-PA,1590,0,0,623,0,623,G
3-PA,1591,623,0,1,0,624,A
3-PA,1592,0,0,622,0,622,G
3-PA,1593,622,0,0,0,622,A
3-PA,1594,0,0,0,608,608,C
3-PA,1595,0,592,0,1,593,T
3-PA,1596,1,545,0,0,546,T
3-PA,1597,1,1,542,0,544,G
3-PA,1598,544,0,0,0,544,A
3-PA,1599,0,0,545,0,545,G
3-PA,1600,0,0,0,546,546,C
3-PA,1601,0,0,0,508,508,C
3-PA,1602,505,0,0,0,505,A
3-PA,1603,1,0,0,504,505,C
3-PA,1604,505,0,1,0,506,A
3-PA,1605,0,504,0,0,504,T
3-PA,1606,500,0,0,0,500,A
3-PA,1607,496,1,0,0,497,A
3-PA,1608,496,0,0,0,496,A
3-PA,1609,0,495,0,0,495,T
3-PA,1610,0,0,488,0,488,G
3-PA,1611,0,0,419,0,419,G
3-PA,1612,0,1,406,0,407,G
3-PA,1613,400,0,0,0,400,A
3-PA,1614,0,1,400,0,401,G
3-PA,1615,395,0,0,0,395,A
3-PA,1616,385,0,0,0,385,A
3-PA,1617,383,0,0,0,383,A
3-PA,1618,0,379,0,0,379,T
3-PA,1619,370,0,0,0,370,A
3-PA,1620,0,0,0,369,369,C
3-PA,1621,0,208,0,0,208,T
3-PA,1622,0,1,207,0,208,G
3-PA,1623,0,114,0,0,114,T
3-PA,1624,0,0,114,0,114,G
3-PA,1625,0,105,0,0,105,T
3-PA,1626,0,0,0,71,71,C
3-PA,1627,0,0,0,68,68,C
3-PA,1628,0,66,0,0,66,T
3-PA,1629,0,65,0,1,66,T
3-PA,1630,0,0,67,0,67,G
3-PA,1631,67,0,0,0,67,A
3-PA,1632,0,0,69,0,69,G
3-PA,1633,67,0,0,0,67,A
3-PA,1634,0,67,0,0,67,T
3-PA,1635,67,0,0,0,67,A
3-PA,1636,0,0,67,0,67,G
3-PA,1637,0,0,67,0,67,G
3-PA,1638,67,0,0,0,67,A
3-PA,1639,0,0,67,0,67,G
3-PA,1640,67,0,0,0,67,A
3-PA,1641,0,67,0,0,67,T
3-PA,1642,69,0,0,0,69,A
3-PA,1643,0,69,0,0,69,T
3-PA,1644,0,0,70,0,70,G
3-PA,1645,0,70,0,0,70,T
3-PA,1646,0,70,0,0,70,T
3-PA,1647,70,0,0,0,70,A
3-PA,1648,0,0,0,70,70,C
3-PA,1649,0,69,0,0,69,T
3-PA,1650,69,0,0,0,69,A
3-PA,1651,67,0,0,0,67,A
3-PA,1652,0,0,67,0,67,G
3-PA,1653,66,0,0,0,66,A
3-PA,1654,64,0,0,0,64,A
3-PA,1655,0,0,64,0,64,G
3-PA,1656,0,65,0,0,65,T
3-PA,1657,0,0,65,0,65,G
3-PA,1658,0,0,0,65,65,C
3-PA,1659,0,0,0,65,65,C
3-PA,1660,65,0,0,0,65,A
3-PA,1661,1,63,0,0,64,T
3-PA,1662,64,0,0,0,64,A
3-PA,1663,0,0,64,0,64,G
3-PA,1664,0,0,64,0,64,G
3-PA,1665,0,1,0,63,64,C
3-PA,1666,0,0,0,65,65,C
3-PA,1667,64,0,0,0,64,A
3-PA,1668,63,0,0,0,63,A
3-PA,1669,65,0,0,0,65,A
3-PA,1670,0,64,0,0,64,T
3-PA,1671,0,65,0,0,65,T
3-PA,1672,0,65,0,0,65,T
3-PA,1673,0,0,0,64,64,C
3-PA,1674,64,0,0,0,64,A
3-PA,1675,63,0,1,0,64,A
3-PA,1676,0,0,65,0,65,G
3-PA,1677,0,0,68,0,68,G
3-PA,1678,0,0,0,68,68,C
3-PA,1679,0,0,0,69,69,C
3-PA,1680,0,69,0,0,69,T
3-PA,1681,75,0,0,0,75,A
3-PA,1682,0,75,0,0,75,T
3-PA,1683,0,0,76,0,76,G
3-PA,1684,0,74,0,0,74,T
3-PA,1685,0,75,0,0,75,T
3-PA,1686,0,0,0,75,75,C
3-PA,1687,0,74,0,0,74,T
3-PA,1688,0,74,0,0,74,T
3-PA,1689,0,0,74,0,74,G
3-PA,1690,0,74,0,0,74,T
3-PA,1691,75,0,0,0,75,A
3-PA,1692,0,73,0,0,73,T
3-PA,1693,0,0,73,0,73,G
3-PA,1694,0,68,0,0,68,T
3-PA,1695,0,0,69,0,69,G
3-PA,1696,67,0,1,0,68,A
3-PA,1697,0,0,68,0,68,G
3-PA,1698,0,0,70,0,70,G
3-PA,1699,70,0,0,0,70,A
3-PA,1700,0,0,0,68,68,C
3-PA,1701,70,0,0,0,70,A
3-PA,1702,70,0,0,0,70,A
3-PA,1703,70,0,0,0,70,A
3-PA,1704,0,0,0,70,70,C
3-PA,1705,0,0,70,0,70,G
3-PA,1706,0,0,70,0,70,G
3-PA,1707,69,0,0,0,69,A
3-PA,1708,70,0,0,0,70,A
3-PA,1709,0,0,0,70,70,C
3-PA,1710,70,0,0,0,70,A
3-PA,1711,0,70,0,0,70,T
3-PA,1712,0,0,0,69,69,C
3-PA,1713,70,0,0,0,70,A
3-PA,1714,70,0,0,0,70,A
3-PA,1715,69,0,0,0,69,A
3-PA,1716,0,0,69,0,69,G
3-PA,1717,0,0,68,0,68,G
3-PA,1718,0,69,0,0,69,T
3-PA,1719,0,0,0,68,68,C
3-PA,1720,69,0,0,0,69,A
3-PA,1721,69,0,0,0,69,A
3-PA,1722,69,0,0,0,69,A
3-PA,1723,69,0,0,0,69,A
3-PA,1724,0,69,0,0,69,T
3-PA,1725,0,0,70,0,70,G
3-PA,1726,70,0,0,0,70,A
3-PA,1727,70,0,0,0,70,A
3-PA,1728,70,0,0,0,70,A
3-PA,1729,0,69,0,0,69,T
3-PA,1730,0,0,68,0,68,G
3-PA,1731,0,0,68,0,68,G
3-PA,1732,0,0,68,0,68,G
3-PA,1733,0,0,68,0,68,G
3-PA,1734,67,0,0,0,67,A
3-PA,1735,67,0,0,0,67,A
3-PA,1736,0,67,0,0,67,T
3-PA,1737,0,0,67,0,67,G
3-PA,1738,0,0,68,0,68,G
3-PA,1739,65,0,0,0,65,A
3-PA,1740,0,0,66,0,66,G
3-PA,1741,66,0,0,0,66,A
3-PA,1742,0,64,0,0,64,T
3-PA,1743,0,0,64,0,64,G
3-PA,1744,63,0,0,0,63,A
3-PA,1745,0,0,64,0,64,G
3-PA,1746,64,0,0,0,64,A
3-PA,1747,0,0,0,63,63,C
3-PA,1748,0,0,63,0,63,G
3-PA,1749,0,62,0,0,62,T
3-PA,1750,0,62,0,0,62,T
3-PA,1751,0,0,62,0,62,G
3-PA,1752,0,0,0,62,62,C
3-PA,1753,0,0,0,63,63,C
3-PA,1754,0,60,0,0,60,T
3-PA,1755,0,0,0,63,63,C
3-PA,1756,0,0,0,63,63,C
3-PA,1757,0,62,0,0,62,T
3-PA,1758,0,63,0,0,63,T
3-PA,1759,0,0,0,63,63,C
3-PA,1760,63,0,0,0,63,A
3-PA,1761,0,0,63,0,63,G
3-PA,1762,0,63,0,0,63,T
3-PA,1763,0,0,0,65,65,C
3-PA,1764,62,0,0,0,62,A
3-PA,1765,0,0,0,62,62,C
3-PA,1766,0,66,0,0,66,T
3-PA,1767,0,0,0,64,64,C
3-PA,1768,0,0,0,65,65,C
3-PA,1769,64,0,1,0,65,A
3-PA,1770,0,0,65,0,65,G
3-PA,1771,0,0,0,65,65,C
3-PA,1772,64,0,0,0,64,A
3-PA,1773,0,0,65,0,65,G
3-PA,1774,63,0,0,0,63,A
3-PA,1775,0,62,0,0,62,T
3-PA,1776,0,0,0,61,61,C
3-PA,1777,0,0,61,0,61,G
3-PA,1778,61,0,0,0,61,A
3-PA,1779,0,0,61,0,61,G
3-PA,1780,59,0,0,0,59,A
3-PA,1781,0,0,61,0,61,G
3-PA,1782,0,0,0,61,61,C
3-PA,1783,59,0,1,0,60,A
3-PA,1784,0,61,0,0,61,T
3-PA,1785,0,0,61,0,61,G
3-PA,1786,62,0,0,0,62,A
3-PA,1787,0,62,0,0,62,T
3-PA,1788,0,61,0,0,61,T
3-PA,1789,0,0,62,0,62,G
3-PA,1790,61,0,0,0,61,A
3-PA,1791,61,0,0,0,61,A
3-PA,1792,0,0,62,0,62,G
3-PA,1793,0,0,0,61,61,C
3-PA,1794,1,0,0,61,62,C
3-PA,1795,0,0,62,0,62,G
3-PA,1796,62,0,0,0,62,A
3-PA,1797,0,0,62,0,62,G
3-PA,1798,0,62,0,0,62,T
3-PA,1799,0,0,0,61,61,C
3-PA,1800,0,0,0,61,61,C
3-PA,1801,0,61,0,0,61,T
3-PA,1802,0,0,0,62,62,C
3-PA,1803,0,0,62,0,62,G
3-PA,1804,0,0,61,0,61,G
3-PA,1805,0,61,0,0,61,T
3-PA,1806,0,60,0,0,60,T
3-PA,1807,60,0,0,0,60,A
3-PA,1808,60,0,0,0,60,A
3-PA,1809,59,0,0,0,59,A
3-PA,1810,0,0,60,0,60,G
3-PA,1811,59,0,0,0,59,A
3-PA,1812,0,0,59,0,59,G
3-PA,1813,54,0,0,0,54,A
3-PA,1814,55,0,0,0,55,A
3-PA,1815,55,0,0,0,55,A
3-PA,1816,0,0,54,0,54,G
3-PA,1817,55,0,0,0,55,A
3-PA,1818,0,0,0,55,55,C
3-PA,1819,54,0,0,0,54,A
3-PA,1820,0,54,0,0,54,T
3-PA,1821,0,0,53,0,53,G
3-PA,1822,55,0,0,0,55,A
3-PA,1823,0,0,0,55,55,C
3-PA,1824,0,0,0,54,54,C
3-PA,1825,54,0,0,0,54,A
3-PA,1826,54,0,0,0,54,A
3-PA,1827,54,0,0,0,54,A
3-PA,1828,0,0,54,0,54,G
3-PA,1829,52,0,0,0,52,A
3-PA,1830,0,0,54,0,54,G
3-PA,1831,0,54,0,0,54,T
3-PA,1832,0,53,0,0,53,T
3-PA,1833,0,54,0,0,54,T
3-PA,1834,0,52,0,0,52,T
3-PA,1835,0,52,0,0,52,T
3-PA,1836,0,54,0,0,54,T
3-PA,1837,0,0,54,0,54,G
3-PA,1838,53,0,0,0,53,A
3-PA,1839,0,0,55,0,55,G
3-PA,1840,55,0,0,0,55,A
3-PA,1841,55,0,0,0,55,A
3-PA,1842,0,56,0,0,56,T
3-PA,1843,56,0,0,0,56,A
3-PA,1844,57,0,0,0,57,A
3-PA,1845,56,0,0,0,56,A
3-PA,1846,0,57,0,0,57,T
3-PA,1847,0,0,0,56,56,C
3-PA,1848,57,0,0,0,57,A
3-PA,1849,0,0,57,0,57,G
3-PA,1850,56,0,0,0,56,A
3-PA,1851,57,0,0,0,57,A
3-PA,1852,0,0,57,0,57,G
3-PA,1853,0,0,0,56,56,C
3-PA,1854,55,0,0,0,55,A
3-PA,1855,0,54,0,0,54,T
3-PA,1856,0,0,53,0,53,G
3-PA,1857,0,0,53,0,53,G
3-PA,1858,0,0,0,53,53,C
3-PA,1859,0,0,0,53,53,C
3-PA,1860,0,0,0,53,53,C
3-PA,1861,55,0,0,0,55,A
3-PA,1862,0,55,0,0,55,T
3-PA,1863,0,55,0,0,55,T
3-PA,1864,0,0,56,0,56,G
3-PA,1865,0,0,55,0,55,G
3-PA,1866,0,0,55,0,55,G
3-PA,1867,0,0,55,0,55,G
3-PA,1868,50,0,0,0,50,A
3-PA,1869,0,0,50,0,50,G
3-PA,1870,0,51,0,0,51,T
3-PA,1871,0,0,0,52,52,C
3-PA,1872,0,0,0,54,54,C
3-PA,1873,0,0,0,55,55,C
3-PA,1874,0,0,0,56,56,C
3-PA,1875,0,0,0,55,55,C
3-PA,1876,55,0,0,0,55,A
3-PA,1877,54,1,0,0,55,A
3-PA,1878,0,0,55,0,55,G
3-PA,1879,0,0,52,0,52,G
3-PA,1880,0,0,52,0,52,G
3-PA,1881,49,0,0,0,49,A
3-PA,1882,0,0,50,0,50,G
3-PA,1883,0,50,0,0,50,T
3-PA,1884,0,0,50,0,50,G
3-PA,1885,0,0,50,0,50,G
3-PA,1886,50,0,0,0,50,A
3-PA,1887,48,0,0,0,48,A
3-PA,1888,0,0,50,0,50,G
3-PA,1889,48,0,0,0,48,A
3-PA,1890,48,0,0,0,48,A
3-PA,1891,0,0,49,0,49,G
3-PA,1892,0,0,49,0,49,G
3-PA,1893,0,49,0,0,49,T
3-PA,1894,0,48,0,0,48,T
3-PA,1895,0,0,0,51,51,C
3-PA,1896,0,0,0,51,51,C
3-PA,1897,51,0,0,0,51,A
3-PA,1898,0,51,0,0,51,T
3-PA,1899,0,50,0,0,50,T
3-PA,1900,0,0,50,0,50,G
3-PA,1901,0,0,50,0,50,G
3-PA,1902,0,1,49,0,50,G
3-PA,1903,50,0,0,0,50,A
3-PA,1904,50,0,0,0,50,A
3-PA,1905,50,0,0,0,50,A
3-PA,1906,0,0,51,0,51,G
3-PA,1907,0,50,0,1,51,T
3-PA,1908,0,0,0,50,50,C
3-PA,1909,0,51,0,0,51,T
3-PA,1910,0,0,51,0,51,G
3-PA,1911,0,51,0,0,51,T
3-PA,1912,51,0,0,0,51,A
3-PA,1913,0,0,52,0,52,G
3-PA,1914,0,0,51,0,51,G
3-PA,1915,49,0,0,0,49,A
3-PA,1916,0,0,0,48,48,C
3-PA,1917,0,48,0,0,48,T
3-PA,1918,0,0,0,51,51,C
3-PA,1919,0,51,0,0,51,T
3-PA,1920,51,0,0,0,51,A
3-PA,1921,0,51,0,0,51,T
3-PA,1922,0,50,0,1,51,T
3-PA,1923,0,0,52,0,52,G
3-PA,1924,0,0,52,0,52,G
3-PA,1925,0,0,0,52,52,C
3-PA,1926,0,52,0,0,52,T
3-PA,1927,44,0,0,0,44,A
3-PA,1928,45,0,0,0,45,A
3-PA,1929,0,0,46,0,46,G
3-PA,1930,0,46,0,0,46,T
3-PA,1931,0,0,0,46,46,C
3-PA,1932,45,0,0,0,45,A
3-PA,1933,0,0,47,0,47,G
3-PA,1934,0,47,0,0,47,T
3-PA,1935,46,0,0,0,46,A
3-PA,1936,0,47,0,0,47,T
3-PA,1937,0,46,0,0,46,T
3-PA,1938,0,0,0,46,46,C
3-PA,1939,46,0,0,0,46,A
3-PA,1940,46,0,0,0,46,A
3-PA,1941,0,45,0,0,45,T
3-PA,1942,44,0,0,0,44,A
3-PA,1943,0,0,44,0,44,G
3-PA,1944,0,0,0,45,45,C
3-PA,1945,0,0,0,45,45,C
3-PA,1946,0,39,0,0,39,T
3-PA,1947,1,0,38,0,39,G
3-PA,1948,0,39,0,0,39,T
3-PA,1949,39,0,0,0,39,A
3-PA,1950,0,38,0,0,38,T
3-PA,1951,0,0,38,0,38,G
3-PA,1952,0,0,0,38,38,C
3-PA,1953,37,0,0,0,37,A
3-PA,1954,0,38,0,0,38,T
3-PA,1955,0,0,0,38,38,C
3-PA,1956,37,0,0,0,37,A
3-PA,1957,0,0,0,37,37,C
3-PA,1958,0,0,0,37,37,C
3-PA,1959,37,0,0,0,37,A
3-PA,1960,0,0,0,37,37,C
3-PA,1961,34,0,0,0,34,A
3-PA,1962,34,0,0,0,34,A
3-PA,1963,0,32,0,0,32,T
3-PA,1964,0,33,0,0,33,T
3-PA,1965,0,0,33,0,33,G
3-PA,1966,0,0,32,0,32,G
3-PA,1967,32,0,0,0,32,A
3-PA,1968,31,0,0,0,31,A
3-PA,1969,0,0,31,0,31,G
3-PA,1970,0,0,32,0,32,G
3-PA,1971,32,0,0,0,32,A
3-PA,1972,0,32,0,0,32,T
3-PA,1973,0,33,0,0,33,T
3-PA,1974,0,33,0,0,33,T
3-PA,1975,0,33,0,0,33,T
3-PA,1976,0,0,0,33,33,C
3-PA,1977,33,0,0,0,33,A
3-PA,1978,0,0,33,0,33,G
3-PA,1979,0,0,0,32,32,C
3-PA,1980,0,0,33,0,33,G
3-PA,1981,0,0,32,0,32,G
3-PA,1982,32,0,0,0,32,A
3-PA,1983,0,0,33,0,33,G
3-PA,1984,0,33,0,0,33,T
3-PA,1985,0,0,0,33,33,C
3-PA,1986,33,0,0,0,33,A
3-PA,1987,33,0,0,0,33,A
3-PA,1988,0,0,33,0,33,G
3-PA,1989,33,0,0,0,33,A
3-PA,1990,32,0,0,0,32,A
3-PA,1991,32,0,0,0,32,A
3-PA,1992,30,0,0,0,30,A
3-PA,1993,0,0,0,30,30,C
3-PA,1994,0,31,0,0,31,T
3-PA,1995,0,0,31,0,31,G
3-PA,1996,0,0,0,31,31,C
3-PA,1997,0,31,0,0,31,T
3-PA,1998,0,0,0,31,31,C
3-PA,1999,0,0,0,29,29,C
3-PA,2000,0,31,0,0,31,T
3-PA,2001,0,31,0,0,31,T
3-PA,2002,0,0,31,0,31,G
3-PA,2003,0,31,0,0,31,T
3-PA,2004,0,31,0,0,31,T
3-PA,2005,0,0,31,0,31,G
3-PA,2006,0,31,0,0,31,T
3-PA,2007,0,31,0,0,31,T
3-PA,2008,0,0,0,31,31,C
3-PA,2009,31,0,0,0,31,A
3-PA,2010,0,0,32,0,32,G
3-PA,2011,0,0,30,0,30,G
3-PA,2012,0,0,0,31,31,C
3-PA,2013,0,30,0,0,30,T
3-PA,2014,0,0,0,32,32,C
3-PA,2015,0,32,0,0,32,T
3-PA,2016,0,32,0,0,32,T
3-PA,2017,32,0,0,0,32,A
3-PA,2018,0,0,32,0,32,G
3-PA,2019,0,0,31,0,31,G
3-PA,2020,0,0,31,0,31,G
3-PA,2021,30,0,0,0,30,A
3-PA,2022,0,0,0,30,30,C
3-PA,2023,24,0,0,0,24,A
3-PA,2024,25,0,0,0,25,A
3-PA,2025,0,0,0,24,24,C
3-PA,2026,0,0,0,25,25,C
3-PA,2027,0,25,0,0,25,T
3-PA,2028,0,0,0,25,25,C
3-PA,2029,0,0,25,0,25,G
3-PA,2030,25,0,0,0,25,A
3-PA,2031,25,0,0,0,25,A
3-PA,2032,0,0,0,25,25,C
3-PA,2033,0,0,0,25,25,C
3-PA,2034,0,24,0,0,24,T
3-PA,2035,0,0,25,0,25,G
3-PA,2036,0,0,25,0,25,G
3-PA,2037,0,0,25,0,25,G
3-PA,2038,25,0,0,0,25,A
3-PA,2039,0,0,0,25,25,C
3-PA,2040,0,0,0,25,25,C
3-PA,2041,0,23,0,0,23,T
3-PA,2042,0,23,0,0,23,T
3-PA,2043,0,23,0,0,23,T
3-PA,2044,0,0,23,0,23,G
3-PA,2045,23,0,0,0,23,A
3-PA,2046,0,22,0,0,22,T
3-PA,2047,0,0,0,23,23,C
3-PA,2048,0,19,0,0,19,T
3-PA,2049,0,19,0,0,19,T
3-PA,2050,0,0,19,0,19,G
3-PA,2051,0,0,18,0,18,G
3-PA,2052,0,0,19,0,19,G
3-PA,2053,0,0,19,0,19,G
3-PA,2054,0,0,19,0,19,G
3-PA,2055,0,0,19,0,19,G
3-PA,2056,0,1,0,17,18,C
3-PA,2057,0,19,0,0,19,T
3-PA,2058,21,0,0,0,21,A
3-PA,2059,0,21,0,0,21,T
3-PA,2060,21,0,0,0,21,A
3-PA,2061,0,21,0,0,21,T
3-PA,2062,0,0,20,0,20,G
3-PA,2063,19,0,0,0,19,A
3-PA,2064,18,0,0,0,18,A
3-PA,2065,0,0,19,0,19,G
3-PA,2066,0,0,0,19,19,C
3-PA,2067,18,0,0,0,18,A
3-PA,2068,18,0,0,0,18,A
3-PA,2069,0,18,0,0,18,T
3-PA,2070,0,18,0,0,18,T
3-PA,2071,0,0,18,0,18,G
3-PA,2072,18,0,0,0,18,A
3-PA,2073,0,0,18,0,18,G
3-PA,2074,0,0,18,0,18,G
3-PA,2075,16,0,0,0,16,A
3-PA,2076,0,0,16,0,16,G
3-PA,2077,0,15,0,0,15,T
3-PA,2078,0,0,15,0,15,G
3-PA,2079,0,0,0,15,15,C
3-PA,2080,0,0,0,15,15,C
3-PA,2081,0,15,0,0,15,T
3-PA,2082,0,0,15,0,15,G
3-PA,2083,15,0,0,0,15,A
3-PA,2084,0,15,0,0,15,T
3-PA,2085,0,14,0,0,14,T
3-PA,2086,14,0,0,0,14,A
3-PA,2087,14,0,0,0,14,A
3-PA,2088,0,14,0,0,14,T
3-PA,2089,0,0,14,0,14,G
3-PA,2090,13,0,0,0,13,A
3-PA,2091,0,14,0,0,14,T
3-PA,2092,0,0,0,14,14,C
3-PA,2093,0,0,0,14,14,C
3-PA,2094,0,0,0,14,14,C
3-PA,2095,0,14,0,0,14,T
3-PA,2096,0,0,14,0,14,G
3-PA,2097,0,0,14,0,14,G
3-PA,2098,0,0,14,0,14,G
3-PA,2099,0,13,0,0,13,T
3-PA,2100,0,12,0,0,12,T
3-PA,2101,0,12,0,0,12,T
3-PA,2102,0,11,0,0,11,T
3-PA,2103,0,0,11,0,11,G
3-PA,2104,0,0,0,11,11,C
3-PA,2105,0,11,0,0,11,T
3-PA,2106,0,0,0,11,11,C
3-PA,2107,10,0,0,0,10,A
3-PA,2108,10,0,0,0,10,A
3-PA,2109,0,10,0,0,10,T
3-PA,2110,0,0,10,0,10,G
3-PA,2111,0,0,0,10,10,C
3-PA,2112,0,0,10,0,10,G
3-PA,2113,0,10,0,0,10,T
3-PA,2114,0,0,0,10,10,C
3-PA,2115,0,10,0,0,10,T
3-PA,2116,0,10,0,0,10,T
3-PA,2117,0,0,10,0,10,G
3-PA,2118,0,0,10,0,10,G
3-PA,2119,0,10,0,0,10,T
3-PA,2120,0,10,0,0,10,T
3-PA,2121,0,0,0,10,10,C
3-PA,2122,9,0,0,0,9,A
3-PA,2123,10,0,0,0,10,A
3-PA,2124,0,0,0,10,10,C
3-PA,2125,0,10,0,0,10,T
3-PA,2126,0,0,0,10,10,C
3-PA,2127,0,0,0,8,8,C
3-PA,2128,0,8,0,0,8,T
3-PA,2129,0,8,0,0,8,T
3-PA,2130,0,0,0,8,8,C
3-PA,2131,0,0,0,8,8,C
3-PA,2132,0,8,0,0,8,T
3-PA,2133,0,0,8,0,8,G
3-PA,2134,8,0,0,0,8,A
3-PA,2135,0,0,0,8,8,C
3-PA,2136,8,0,0,0,8,A
3-PA,2137,0,0,0,8,8,C
3-PA,2138,8,0,0,0,8,A
3-PA,2139,0,8,0,0,8,T
3-PA,2140,0,0,8,0,8,G
3-PA,2141,0,0,0,8,8,C
3-PA,2142,8,0,0,0,8,A
3-PA,2143,0,7,0,0,7,T
3-PA,2144,0,8,0,0,8,T
3-PA,2145,8,0,0,0,8,A
3-PA,2146,8,0,0,0,8,A
3-PA,2147,8,0,0,0,8,A
3-PA,2148,8,0,0,0,8,A
3-PA,2149,0,8,0,0,8,T
3-PA,2150,6,0,0,0,6,A
3-PA,2151,0,0,6,0,6,G
4-HA,1,172,0,0,0,172,A
4-HA,2,0,172,0,0,172,T
4-HA,3,0,0,175,0,175,G
4-HA,4,176,0,0,0,176,A
4-HA,5,174,0,0,0,174,A
4-HA,6,0,1,189,0,190,G
4-HA,7,189,0,2,1,192,A
4-HA,8,0,0,0,209,209,C
4-HA,9,0,210,0,0,210,T
4-HA,10,218,0,0,0,218,A
4-HA,11,0,232,0,0,232,T
4-HA,12,0,0,0,232,232,C
4-HA,13,233,0,0,0,233,A
4-HA,14,0,233,0,0,233,T
4-HA,15,0,233,0,0,233,T
4-HA,16,0,0,251,0,251,G
4-HA,17,0,0,0,252,252,C
4-HA,18,0,252,0,0,252,T
4-HA,19,0,251,0,0,251,T
4-HA,20,0,251,0,0,251,T
4-HA,21,0,0,267,0,267,G
4-HA,22,268,1,1,0,270,A
4-HA,23,0,0,276,0,276,G
4-HA,24,0,0,0,277,277,C
4-HA,25,0,277,0,0,277,T
4-HA,26,300,0,0,0,300,A
4-HA,27,0,0,0,307,307,C
4-HA,28,310,0,0,0,310,A
4-HA,29,0,335,0,0,335,T
4-HA,30,0,332,0,0,332,T
4-HA,31,0,0,0,335,335,C
4-HA,32,0,335,0,0,335,T
4-HA,33,340,0,0,0,340,A
4-HA,34,0,341,0,0,341,T
4-HA,35,0,0,342,0,342,G
4-HA,36,0,340,0,1,341,T
4-HA,37,0,0,0,338,338,C
4-HA,38,0,341,0,0,341,T
4-HA,39,0,0,344,0,344,G
4-HA,40,0,0,340,0,340,G
4-HA,41,0,343,0,0,343,T
4-HA,42,0,348,0,0,348,T
4-HA,43,0,346,0,0,346,T
4-HA,44,0,346,0,0,346,T
4-HA,45,0,0,0,345,345,C
4-HA,46,0,0,345,0,345,G
4-HA,47,0,0,0,346,346,C
4-HA,48,0,348,0,0,348,T
4-HA,49,0,0,0,348,348,C
4-HA,50,347,0,0,0,347,A
4-HA,51,348,0,0,0,348,A
4-HA,52,348,0,0,0,348,A
4-HA,53,343,0,3,0,346,A
4-HA,54,348,0,0,0,348,A
4-HA,55,0,0,0,349,349,C
4-HA,56,0,347,0,0,347,T
4-HA,57,0,350,0,0,350,T
4-HA,58,1,0,0,349,350,C
4-HA,59,0,0,0,349,349,C
4-HA,60,0,350,0,0,350,T
4-HA,61,0,0,354,0,354,G
4-HA,62,0,1,355,0,356,G
4-HA,63,357,0,0,0,357,A
4-HA,64,359,0,0,0,359,A
4-HA,65,360,0,0,0,360,A
4-HA,66,0,361,0,0,361,T
4-HA,67,0,1,367,1,369,G
4-HA,68,370,0,0,0,370,A
4-HA,69,0,0,0,381,381,C
4-HA,70,380,0,0,0,380,A
4-HA,71,381,0,0,0,381,A
4-HA,72,0,0,0,386,386,C
4-HA,73,385,0,0,0,385,A
4-HA,74,0,0,396,0,396,G
4-HA,75,0,0,0,398,398,C
4-HA,76,397,0,0,0,397,A
4-HA,77,0,0,0,397,397,C
4-HA,78,0,393,0,1,394,T
4-HA,79,0,0,432,0,432,G
4-HA,80,0,0,0,431,431,C
4-HA,81,431,0,0,0,431,A
4-HA,82,435,0,0,0,435,A
4-HA,83,0,0,0,436,436,C
4-HA,84,0,0,442,0,442,G
4-HA,85,0,0,0,442,442,C
4-HA,86,0,439,0,1,440,T
4-HA,87,0,0,451,0,451,G
4-HA,88,0,449,0,0,449,T
4-HA,89,0,0,464,0,464,G
4-HA,90,0,1,0,465,466,C
4-HA,91,0,0,0,478,478,C
4-HA,92,0,477,0,0,477,T
4-HA,93,0,478,0,0,478,T
4-HA,94,0,1,480,0,481,G
4-HA,95,1,0,482,0,483,G
4-HA,96,0,0,486,0,486,G
4-HA,97,0,0,0,489,489,C
4-HA,98,479,0,1,0,480,A
4-HA,99,0,0,0,487,487,C
4-HA,100,0,0,0,485,485,C
4-HA,101,539,0,1,0,540,A
4-HA,102,0,541,0,0,541,T
4-HA,103,0,0,543,0,543,G
4-HA,104,0,0,0,544,544,C
4-HA,105,541,0,1,0,542,A
4-HA,106,0,0,581,0,581,G
4-HA,107,0,577,0,0,577,T
4-HA,108,579,0,1,0,580,A
4-HA,109,0,0,0,578,578,C
4-HA,110,0,0,0,561,561,C
4-HA,111,567,0,0,0,567,A
4-HA,112,565,0,0,0,565,A
4-HA,113,567,0,0,0,567,A
4-HA,114,0,0,0,571,571,C
4-HA,115,0,0,555,0,555,G
4-HA,116,0,0,570,1,571,G
4-HA,117,569,0,0,0,569,A
4-HA,118,570,0,0,0,570,A
4-HA,119,0,0,0,569,569,C
4-HA,120,565,0,0,0,565,A
4-HA,121,575,0,0,0,575,A
4-HA,122,1,573,0,0,574,T
4-HA,123,581,0,0,0,581,A
4-HA,124,0,0,581,0,581,G
4-HA,125,1,570,0,0,571,T
4-HA,126,1,0,571,0,572,G
4-HA,127,567,2,0,1,570,A
4-HA,128,574,0,0,0,574,A
4-HA,129,575,0,0,0,575,A
4-HA,130,572,0,0,0,572,A
4-HA,131,1,0,0,571,572,C
4-HA,132,569,1,0,0,570,A
4-HA,133,571,1,0,0,572,A
4-HA,134,0,568,0,0,568,T
4-HA,135,0,0,0,570,570,C
4-HA,136,570,0,0,0,570,A
4-HA,137,0,0,0,575,575,C
4-HA,138,0,1,573,0,574,G
4-HA,139,575,0,0,0,575,A
4-HA,140,576,0,0,0,576,A
4-HA,141,0,573,0,0,573,T
4-HA,142,0,0,573,0,573,G
4-HA,143,578,0,1,0,579,A
4-HA,144,0,0,0,579,579,C
4-HA,145,0,0,0,576,576,C
4-HA,146,584,0,0,0,584,A
4-HA,147,584,0,0,0,584,A
4-HA,148,586,0,0,0,586,A
4-HA,149,0,584,0,0,584,T
4-HA,150,0,584,0,0,584,T
4-HA,151,0,0,588,1,589,G
4-HA,152,588,0,0,0,588,A
4-HA,153,587,0,0,0,587,A
4-HA,154,0,0,589,0,589,G
4-HA,155,0,591,0,0,591,T
4-HA,156,0,605,0,0,605,T
4-HA,157,608,0,1,0,609,A
4-HA,158,0,0,0,611,611,C
4-HA,159,0,614,0,0,614,T
4-HA,160,612,0,0,0,612,A
4-HA,161,622,0,0,0,622,A
4-HA,162,0,625,1,0,626,T
4-HA,163,0,0,626,0,626,G
4-HA,164,0,0,0,646,646,C
4-HA,165,0,640,0,1,641,T
4-HA,166,650,0,0,0,650,A
4-HA,167,1,3,0,646,650,C
4-HA,168,0,645,0,0,645,T
4-HA,169,1,0,650,0,651,G
4-HA,170,646,0,0,0,646,A
4-HA,171,1,0,646,0,647,G
4-HA,172,0,0,0,645,645,C
4-HA,173,0,631,0,0,631,T
4-HA,174,0,0,639,0,639,G
4-HA,175,0,0,652,0,652,G
4-HA,176,0,653,0,0,653,T
4-HA,177,0,653,0,0,653,T
4-HA,178,0,0,0,654,654,C
4-HA,179,652,0,0,0,652,A
4-HA,180,0,0,653,0,653,G
4-HA,181,652,0,0,0,652,A
4-HA,182,635,0,2,0,637,A
4-HA,183,0,660,0,0,660,T
4-HA,184,0,659,0,0,659,T
4-HA,185,0,0,0,664,664,C
4-HA,186,1,0,0,662,663,C
4-HA,187,0,664,0,0,664,T
4-HA,188,3,0,0,662,665,C
4-HA,189,662,0,2,0,664,A
4-HA,190,664,0,0,0,664,A
4-HA,191,0,0,0,672,672,C
4-HA,192,659,0,0,0,659,A
4-HA,193,0,0,671,0,671,G
4-HA,194,0,0,668,0,668,G
4-HA,195,0,666,0,0,666,T
4-HA,196,0,1,667,0,668,G
4-HA,197,666,1,0,0,667,A
4-HA,198,665,0,0,0,665,A
4-HA,199,681,0,2,0,683,A
4-HA,200,0,674,0,0,674,T
4-HA,201,679,0,0,0,679,A
4-HA,202,0,667,0,0,667,T
4-HA,203,0,0,672,0,672,G
4-HA,204,0,0,0,675,675,C
4-HA,205,0,0,672,0,672,G
4-HA,206,671,0,2,0,673,A
4-HA,207,0,0,0,675,675,C
4-HA,208,659,0,0,0,659,A
4-HA,209,0,0,707,0,707,G
4-HA,210,1,704,0,0,705,T
4-HA,211,0,1,0,703,704,C
4-HA,212,0,0,0,704,704,C
4-HA,213,0,701,0,0,701,T
4-HA,214,0,0,0,712,712,C
4-HA,215,713,0,0,0,713,A
4-HA,216,0,711,0,1,712,T
4-HA,217,0,0,0,714,714,C
4-HA,218,689,0,0,0,689,A
4-HA,219,1,0,692,0,693,G
4-HA,220,696,0,0,0,696,A
4-HA,221,0,692,0,0,692,T
4-HA,222,2,0,0,693,695,C
4-HA,223,1,0,0,692,693,C
4-HA,224,0,693,0,0,693,T
4-HA,225,0,690,0,1,691,T
4-HA,226,1,0,691,0,692,G
4-HA,227,692,0,0,0,692,A
4-HA,228,0,688,0,0,688,T
4-HA,229,0,0,700,0,700,G
4-HA,230,0,0,699,0,699,G
4-HA,231,695,0,0,0,695,A
4-HA,232,0,0,698,1,699,G
4-HA,233,698,0,0,0,698,A
4-HA,234,702,0,0,0,702,A
4-HA,235,703,0,0,0,703,A
4-HA,236,697,0,0,0,697,A
4-HA,237,2,0,0,697,699,C
4-HA,238,0,692,0,0,692,T
4-HA,239,0,0,696,0,696,G
4-HA,240,0,1,0,694,695,C
4-HA,241,695,0,2,0,697,A
4-HA,242,0,0,0,709,709,C
4-HA,243,709,0,0,0,709,A
4-HA,244,0,0,0,783,783,C
4-HA,245,0,781,0,0,781,T
4-HA,246,793,0,0,0,793,A
4-HA,247,793,0,0,0,793,A
4-HA,248,0,794,0,0,794,T
4-HA,249,790,0,0,1,791,A
4-HA,250,0,0,793,0,793,G
4-HA,251,776,0,0,0,776,A
4-HA,252,0,759,0,1,760,T
4-HA,253,0,0,720,0,720,G
4-HA,254,0,0,0,725,725,C
4-HA,255,0,724,0,0,724,T
4-HA,256,0,0,0,764,764,C
4-HA,257,0,760,0,1,761,T
4-HA,258,786,0,0,0,786,A
4-HA,259,0,785,0,0,785,T
4-HA,260,0,776,0,1,777,T
4-HA,261,0,0,784,0,784,G
4-HA,262,1,1,784,0,786,G
4-HA,263,0,1,784,1,786,G
4-HA,264,781,0,0,0,781,A
4-HA,265,0,0,771,0,771,G
4-HA,266,756,0,1,0,757,A
4-HA,267,1,0,0,804,805,C
4-HA,268,0,0,0,808,808,C
4-HA,269,0,0,0,814,814,C
4-HA,270,1,807,0,2,810,T
4-HA,271,2,0,0,826,828,C
4-HA,272,826,0,1,0,827,A
4-HA,273,0,0,883,0,883,G
4-HA,274,0,880,0,1,881,T
4-HA,275,0,2,884,1,887,G
4-HA,276,0,865,0,0,865,T
4-HA,277,1,1,853,0,855,G
4-HA,278,853,2,1,0,856,A
4-HA,279,0,856,0,0,856,T
4-HA,280,0,0,849,0,849,G
4-HA,281,0,1,851,0,852,G
4-HA,282,1,0,0,837,838,C
4-HA,283,0,839,0,0,839,T
4-HA,284,0,835,0,0,835,T
4-HA,285,0,0,0,838,838,C
4-HA,286,0,0,0,839,839,C
4-HA,287,838,0,0,1,839,A
4-HA,288,838,1,0,0,839,A
4-HA,289,844,1,0,0,845,A
4-HA,290,847,0,0,0,847,A
4-HA,291,0,852,0,0,852,T
4-HA,292,850,0,0,0,850,A
4-HA,293,838,0,11,0,849,A
4-HA,294,0,1,848,0,849,G
4-HA,295,857,0,0,0,857,A
4-HA,296,858,0,0,0,858,A
4-HA,297,860,0,0,0,860,A
4-HA,298,0,861,0,0,861,T
4-HA,299,0,1,858,0,859,G
4-HA,300,0,0,860,0,860,G
4-HA,301,0,1,857,0,858,G
4-HA,302,858,0,1,0,859,A
4-HA,303,0,1,1,865,867,C
4-HA,304,0,0,0,870,870,C
4-HA,305,0,879,0,1,880,T
4-HA,306,0,879,0,0,879,T
4-HA,307,0,879,0,0,879,T
4-HA,308,0,886,0,0,886,T
4-HA,309,0,884,0,0,884,T
4-HA,310,0,2,886,0,888,G
4-HA,311,0,888,0,0,888,T
4-HA,312,0,884,0,1,885,T
4-HA,313,0,0,882,0,882,G
4-HA,314,876,0,1,0,877,A
4-HA,315,878,0,0,0,878,A
4-HA,316,0,1,0,877,878,C
4-HA,317,0,0,877,0,877,G
4-HA,318,0,0,0,893,893,C
4-HA,319,890,0,0,0,890,A
4-HA,320,0,0,895,0,895,G
4-HA,321,0,0,0,894,894,C
4-HA,322,890,0,1,0,891,A
4-HA,323,889,0,4,0,893,A
4-HA,324,894,0,1,0,895,A
4-HA,325,0,0,945,0,945,G
4-HA,326,1,0,0,948,949,C
4-HA,327,0,0,0,949,949,C
4-HA,328,0,949,0,2,951,T
4-HA,329,949,1,1,0,951,A
4-HA,330,0,0,0,963,963,C
4-HA,331,961,0,1,0,962,A
4-HA,332,0,0,967,0,967,G
4-HA,333,0,0,0,966,966,C
4-HA,334,942,1,0,0,943,A
4-HA,335,948,0,0,0,948,A
4-HA,336,0,0,0,979,979,C
4-HA,337,0,980,0,0,980,T
4-HA,338,0,0,987,0,987,G
4-HA,339,0,976,0,0,976,T
4-HA,340,0,975,0,0,975,T
4-HA,341,978,0,1,0,979,A
4-HA,342,1,0,0,1052,1053,C
4-HA,343,0,6,0,1048,1054,C
4-HA,344,2,0,0,1077,1079,C
4-HA,345,0,1060,0,0,1060,T
4-HA,346,0,1056,0,0,1056,T
4-HA,347,1059,0,0,0,1059,A
4-HA,348,0,1059,0,0,1059,T
4-HA,349,0,1,1056,0,1057,G
4-HA,350,1058,0,0,0,1058,A
4-HA,351,0,989,0,0,989,T
4-HA,352,0,0,996,0,996,G
4-HA,353,0,978,1,1,980,T
4-HA,354,3,0,971,0,974,G
4-HA,355,1,1,0,976,978,C
4-HA,356,0,0,0,977,977,C
4-HA,357,0,0,999,0,999,G
4-HA,358,1,1,1008,0,1010,G
4-HA,359,1007,0,1,1,1009,A
4-HA,360,0,1012,0,0,1012,T
4-HA,361,0,1005,0,0,1005,T
4-HA,362,1011,1,0,0,1012,A
4-HA,363,1,1009,0,1,1011,T
4-HA,364,0,0,1016,0,1016,G
4-HA,365,0,0,0,1016,1016,C
4-HA,366,0,1,0,1004,1005,C
4-HA,367,0,1003,0,0,1003,T
4-HA,368,3,1,0,1046,1050,C
4-HA,369,1,0,0,1054,1055,C
4-HA,370,0,0,0,1059,1059,C
4-HA,371,0,1044,0,0,1044,T
4-HA,372,0,1055,0,0,1055,T
4-HA,373,1052,0,1,0,1053,A
4-HA,374,0,1,1072,1,1074,G
4-HA,375,0,1,1077,0,1078,G
4-HA,376,2,1063,0,0,1065,T
4-HA,377,0,0,0,1038,1038,C
4-HA,378,1035,1,1,0,1037,A
4-HA,379,0,0,0,1058,1058,C
4-HA,380,0,1059,0,0,1059,T
4-HA,381,1062,0,0,0,1062,A
4-HA,382,0,1,1056,1,1058,G
4-HA,383,0,1048,0,1,1049,T
4-HA,384,0,1047,0,0,1047,T
4-HA,385,0,0,1053,0,1053,G
4-HA,386,0,4,0,1051,1055,C
4-HA,387,0,1,0,1050,1051,C
4-HA,388,0,1040,0,5,1045,T
4-HA,389,0,0,0,1045,1045,C
4-HA,390,1062,0,0,0,1062,A
4-HA,391,0,1060,0,1,1061,T
4-HA,392,0,0,1,1064,1065,C
4-HA,393,0,2,0,1063,1065,C
4-HA,394,1,1,1054,0,1056,G
4-HA,395,0,0,1067,0,1067,G
4-HA,396,0,0,0,1070,1070,C
4-HA,397,1072,0,1,1,1074,A
4-HA,398,0,1,0,1092,1093,C
4-HA,399,1064,0,0,1,1065,A
4-HA,400,0,0,0,1066,1066,C
4-HA,401,0,1067,0,0,1067,T
4-HA,402,0,0,1075,1,1076,G
4-HA,403,0,0,1083,0,1083,G
4-HA,404,1074,1,4,0,1079,A
4-HA,405,1,0,1087,0,1088,G
4-HA,406,0,1082,0,1,1083,T
4-HA,407,0,1079,0,0,1079,T
4-HA,408,1,1086,0,7,1094,T
4-HA,409,1091,0,0,0,1091,A
4-HA,410,1091,0,1,0,1092,A
4-HA,411,0,0,1,1100,1101,C
4-HA,412,1080,0,0,1,1081,A
4-HA,413,1083,0,0,0,1083,A
4-HA,414,0,1076,0,1,1077,T
4-HA,415,0,0,1073,0,1073,G
4-HA,416,1072,0,2,0,1074,A
4-HA,417,1073,0,0,0,1073,A
4-HA,418,1071,0,2,0,1073,A
4-HA,419,0,0,1080,0,1080,G
4-HA,420,0,0,0,1084,1084,C
4-HA,421,0,1078,0,3,1081,T
4-HA,422,0,1080,0,1,1081,T
4-HA,423,1,0,0,1092,1093,C
4-HA,424,1089,1,0,0,1090,A
4-HA,425,1091,0,0,0,1091,A
4-HA,426,0,1093,0,0,1093,T
4-HA,427,0,1094,0,0,1094,T
4-HA,428,0,2,1111,0,1113,G
4-HA,429,0,0,1130,0,1130,G
4-HA,430,1133,0,1,0,1134,A
4-HA,431,0,0,0,1134,1134,C
4-HA,432,0,1127,0,0,1127,T
4-HA,433,0,1,1130,0,1131,G
4-HA,434,1,0,1129,0,1130,G
4-HA,435,1127,0,1,0,1128,A
4-HA,436,0,0,1135,0,1135,G
4-HA,437,1,1112,0,0,1113,T
4-HA,438,0,0,0,1095,1095,C
4-HA,439,1099,0,1,0,1100,A
4-HA,440,0,0,0,1109,1109,C
4-HA,441,0,1102,0,3,1105,T
4-HA,442,1,1,0,1104,1106,C
4-HA,443,1100,0,0,0,1100,A
4-HA,444,1114,0,0,0,1114,A
4-HA,445,1114,0,0,0,1114,A
4-HA,446,1112,0,0,0,1112,A
4-HA,447,0,1100,0,1,1101,T
4-HA,448,0,0,1106,2,1108,G
4-HA,449,1,0,1116,0,1117,G
4-HA,450,1114,1,1,0,1116,A
4-HA,451,1119,1,0,0,1120,A
4-HA,452,0,0,0,1121,1121,C
4-HA,453,1104,1,1,0,1106,A
4-HA,454,1119,0,0,0,1119,A
4-HA,455,0,0,1128,0,1128,G
4-HA,456,0,1,0,1126,1127,C
4-HA,457,0,1116,0,1,1117,T
4-HA,458,0,0,0,1118,1118,C
4-HA,459,0,1116,0,2,1118,T
4-HA,460,1,1,1118,0,1120,G
4-HA,461,1,0,0,1120,1121,C
4-HA,462,0,1117,0,1,1118,T
4-HA,463,0,1134,0,0,1134,T
4-HA,464,0,0,1141,0,1141,G
4-HA,465,0,1,0,1149,1150,C
4-HA,466,1149,0,0,0,1149,A
4-HA,467,0,1136,0,0,1136,T
4-HA,468,1140,0,0,0,1140,A
4-HA,469,1135,0,0,0,1135,A
4-HA,470,0,0,1140,0,1140,G
4-HA,471,1,0,1138,0,1139,G
4-HA,472,1100,1,2,1,1104,A
4-HA,473,0,0,1091,0,1091,G
4-HA,474,1085,1,0,0,1086,A
4-HA,475,0,1125,0,0,1125,T
4-HA,476,0,0,0,1126,1126,C
4-HA,477,0,1135,0,1,1136,T
4-HA,478,1138,0,0,0,1138,A
4-HA,479,1133,0,0,0,1133,A
4-HA,480,0,1138,0,0,1138,T
4-HA,481,1137,0,0,0,1137,A
4-HA,482,1122,0,0,0,1122,A
4-HA,483,0,0,0,1125,1125,C
4-HA,484,1091,1,0,0,1092,A
4-HA,485,0,0,1099,0,1099,G
4-HA,486,0,1085,0,1,1086,T
4-HA,487,0,1108,0,0,1108,T
4-HA,488,0,1109,0,0,1109,T
4-HA,489,1,0,0,1126,1127,C
4-HA,490,0,1122,0,1,1123,T
4-HA,491,0,1123,0,1,1124,T
4-HA,492,0,1129,0,0,1129,T
4-HA,493,1123,0,1,0,1124,A
4-HA,494,0,1,1124,0,1125,G
4-HA,495,0,1119,0,1,1120,T
4-HA,496,1114,0,0,0,1114,A
4-HA,497,0,0,1116,0,1116,G
4-HA,498,1097,0,0,0,1097,A
4-HA,499,0,1103,0,0,1103,T
4-HA,500,0,1096,0,0,1096,T
4-HA,501,0,0,1123,0,1123,G
4-HA,502,1122,0,0,0,1122,A
4-HA,503,1123,0,0,0,1123,A
4-HA,504,0,1122,0,0,1122,T
4-HA,505,0,1115,0,0,1115,T
4-HA,506,1,0,1129,0,1130,G
4-HA,507,0,0,1134,0,1134,G
4-HA,508,0,1133,0,1,1134,T
4-HA,509,0,1134,0,1,1135,T
4-HA,510,0,1,1116,0,1117,G
4-HA,511,1118,1,2,0,1121,A
4-HA,512,0,0,0,1117,1117,C
4-HA,513,1,0,0,1106,1107,C
4-HA,514,0,0,0,1114,1114,C
4-HA,515,1114,0,1,0,1115,A
4-HA,516,0,0,0,1122,1122,C
4-HA,517,0,1119,0,3,1122,T
4-HA,518,0,1119,0,0,1119,T
4-HA,519,1122,1,0,0,1123,A
4-HA,520,1124,0,1,0,1125,A
4-HA,521,1123,0,0,0,1123,A
4-HA,522,1122,0,0,0,1122,A
4-HA,523,0,1128,0,0,1128,T
4-HA,524,0,1124,0,0,1124,T
4-HA,525,0,43,0,1088,1131,C
4-HA,526,1128,0,0,0,1128,A
4-HA,527,1131,1,0,0,1132,A
4-HA,528,1130,0,0,0,1130,A
4-HA,529,0,1129,0,0,1129,T
4-HA,530,1127,0,0,0,1127,A
4-HA,531,0,1109,0,2,1111,T
4-HA,532,0,0,0,1151,1151,C
4-HA,533,0,0,0,1150,1150,C
4-HA,534,1151,0,1,0,1152,A
4-HA,535,0,0,1192,0,1192,G
4-HA,536,1,1,0,1197,1199,C
4-HA,537,1197,0,1,0,1198,A
4-HA,538,0,1192,0,1,1193,T
4-HA,539,1,1169,0,1,1171,T
4-HA,540,1,0,1200,0,1201,G
4-HA,541,1203,0,0,0,1203,A
4-HA,542,1199,0,9,0,1208,A
4-HA,543,1,1,0,1209,1211,C
4-HA,544,0,0,1190,0,1190,G
4-HA,545,0,1198,0,0,1198,T
4-HA,546,0,1,1198,0,1199,G
4-HA,547,1200,0,0,0,1200,A
4-HA,548,1,0,0,1200,1201,C
4-HA,549,0,1162,0,0,1162,T
4-HA,550,1201,0,0,0,1201,A
4-HA,551,0,1198,0,1,1199,T
4-HA,552,0,0,1205,0,1205,G
4-HA,553,0,0,1,1205,1206,C
4-HA,554,2,1,0,1184,1187,C
4-HA,555,1184,1,2,0,1187,A
4-HA,556,1185,0,0,0,1185,A
4-HA,557,1198,0,1,0,1199,A
4-HA,558,0,1,0,1199,1200,C
4-HA,559,1172,0,1,0,1173,A
4-HA,560,1178,0,0,0,1178,A
4-HA,561,0,1169,0,0,1169,T
4-HA,562,0,1,1171,0,1172,G
4-HA,563,1173,0,0,0,1173,A
4-HA,564,1172,0,1,0,1173,A
4-HA,565,0,0,0,1148,1148,C
4-HA,566,1154,0,0,0,1154,A
4-HA,567,1161,0,0,0,1161,A
4-HA,568,0,1157,0,0,1157,T
4-HA,569,0,1160,0,0,1160,T
4-HA,570,0,1156,0,0,1156,T
4-HA,571,0,0,1158,0,1158,G
4-HA,572,1155,1,3,0,1159,A
4-HA,573,0,0,0,1160,1160,C
4-HA,574,1159,0,0,0,1159,A
4-HA,575,1157,0,0,1,1158,A
4-HA,576,1174,0,0,0,1174,A
4-HA,577,0,1180,0,0,1180,T
4-HA,578,0,1180,0,0,1180,T
4-HA,579,1,0,1183,0,1184,G
4-HA,580,0,1187,0,0,1187,T
4-HA,581,1181,2,1,0,1184,A
4-HA,582,0,1,0,1195,1196,C
4-HA,583,1204,0,0,0,1204,A
4-HA,584,1,1214,0,0,1215,T
4-HA,585,1,1199,0,0,1200,T
4-HA,586,0,1195,2,0,1197,T
4-HA,587,0,3,1187,0,1190,G
4-HA,588,1,0,1193,0,1194,G
4-HA,589,0,3,1190,0,1193,G
4-HA,590,1,2,1194,0,1197,G
4-HA,591,0,1,1180,0,1181,G
4-HA,592,1,0,1211,0,1212,G
4-HA,593,1,1206,0,1,1208,T
4-HA,594,0,1213,0,0,1213,T
4-HA,595,1,1,0,1210,1212,C
4-HA,596,1214,0,3,0,1217,A
4-HA,597,0,0,1,1217,1218,C
4-HA,598,0,0,1,1213,1214,C
4-HA,599,1213,1,1,0,1215,A
4-HA,600,1,1,0,1223,1225,C
4-HA,601,0,0,0,1203,1203,C
4-HA,602,2,2,0,1195,1199,C
4-HA,603,0,1,1207,0,1208,G
4-HA,604,0,1,1267,1,1269,G
4-HA,605,0,0,1270,0,1270,G
4-HA,606,0,1274,0,0,1274,T
4-HA,607,1271,1,0,0,1272,A
4-HA,608,0,0,0,1261,1261,C
4-HA,609,0,1,1248,0,1249,G
4-HA,610,0,0,1264,0,1264,G
4-HA,611,1263,0,0,0,1263,A
4-HA,612,0,0,0,1260,1260,C
4-HA,613,1179,0,1,0,1180,A
4-HA,614,1179,0,1,0,1180,A
4-HA,615,0,1176,1,0,1177,T
4-HA,616,0,2,1186,1,1189,G
4-HA,617,1187,1,3,0,1191,A
4-HA,618,1,0,0,1188,1189,C
4-HA,619,0,0,0,1184,1184,C
4-HA,620,1174,2,1,1,1178,A
4-HA,621,1183,0,0,0,1183,A
4-HA,622,1202,0,0,0,1202,A
4-HA,623,0,1198,0,0,1198,T
4-HA,624,1,0,0,1210,1211,C
4-HA,625,0,1188,0,2,1190,T
4-HA,626,0,1187,0,0,1187,T
4-HA,627,0,0,0,1195,1195,C
4-HA,628,0,0,0,1197,1197,C
4-HA,629,0,1194,0,0,1194,T
4-HA,630,2,1,1196,1,1200,G
4-HA,631,0,1184,0,0,1184,T
4-HA,632,1194,0,0,0,1194,A
4-HA,633,0,1187,0,0,1187,T
4-HA,634,1,0,1199,0,1200,G
4-HA,635,1,0,0,1210,1211,C
4-HA,636,0,1194,0,1,1195,T
4-HA,637,0,2,0,1191,1193,C
4-HA,638,1193,0,2,0,1195,A
4-HA,639,1190,0,2,0,1192,A
4-HA,640,0,0,1195,0,1195,G
4-HA,641,0,0,0,1196,1196,C
4-HA,642,1197,0,0,0,1197,A
4-HA,643,0,1182,0,1,1183,T
4-HA,644,0,0,0,1182,1182,C
4-HA,645,1181,0,2,1,1184,A
4-HA,646,0,1,1193,0,1194,G
4-HA,647,0,0,1194,0,1194,G
4-HA,648,1188,0,0,0,1188,A
4-HA,649,1179,0,0,0,1179,A
4-HA,650,0,1,1224,1,1226,G
4-HA,651,1225,0,1,0,1226,A
4-HA,652,1242,0,0,0,1242,A
4-HA,653,0,1248,0,0,1248,T
4-HA,654,1,0,0,1245,1246,C
4-HA,655,1234,1,0,0,1235,A
4-HA,656,0,1,0,1236,1237,C
4-HA,657,1231,0,0,1,1232,A
4-HA,658,0,0,1266,1,1267,G
4-HA,659,1,1245,0,2,1248,T
4-HA,660,3,0,0,1248,1251,C
4-HA,661,0,1242,0,0,1242,T
4-HA,662,1,0,0,1270,1271,C
4-HA,663,0,1271,0,2,1273,T
4-HA,664,1282,0,0,0,1282,A
4-HA,665,0,0,0,1275,1275,C
4-HA,666,1,0,0,1278,1279,C
4-HA,667,1259,0,0,0,1259,A
4-HA,668,1262,0,0,0,1262,A
4-HA,669,1251,0,0,0,1251,A
4-HA,670,1247,0,3,1,1251,A
4-HA,671,0,0,1251,0,1251,G
4-HA,672,1236,0,0,1,1237,A
4-HA,673,1230,0,2,0,1232,A
4-HA,674,2,0,1230,0,1232,G
4-HA,675,0,0,0,1236,1236,C
4-HA,676,0,0,0,1240,1240,C
4-HA,677,1236,0,0,0,1236,A
4-HA,678,1239,3,0,0,1242,A
4-HA,679,1,1,0,1241,1243,C
4-HA,680,1242,0,0,0,1242,A
4-HA,681,1244,0,0,3,1247,A
4-HA,682,1258,1,0,0,1259,A
4-HA,683,1,1,0,1298,1300,C
4-HA,684,0,1291,1,0,1292,T
4-HA,685,1,0,1307,0,1308,G
4-HA,686,0,1305,1,0,1306,T
4-HA,687,1303,0,0,1,1304,A
4-HA,688,1311,0,1,1,1313,A
4-HA,689,1,1300,1,0,1302,T
4-HA,690,2,0,0,1303,1305,C
4-HA,691,1,0,0,1305,1306,C
4-HA,692,1,0,0,1277,1278,C
4-HA,693,0,0,1282,0,1282,G
4-HA,694,1274,0,0,0,1274,A
4-HA,695,1273,1,0,0,1274,A
4-HA,696,2,0,0,1260,1262,C
4-HA,697,1267,0,0,0,1267,A
4-HA,698,1,1262,0,1,1264,T
4-HA,699,0,0,0,1268,1268,C
4-HA,700,0,1,1265,0,1266,G
4-HA,701,0,0,1302,0,1302,G
4-HA,702,1304,0,1,0,1305,A
4-HA,703,0,1311,0,0,1311,T
4-HA,704,1,0,0,1318,1319,C
4-HA,705,0,1312,0,0,1312,T
4-HA,706,1307,0,2,0,1309,A
4-HA,707,0,0,1319,0,1319,G
4-HA,708,1327,0,1,0,1328,A
4-HA,709,1,0,0,1327,1328,C
4-HA,710,1,0,0,1276,1277,C
4-HA,711,0,1,0,1275,1276,C
4-HA,712,1263,0,0,0,1263,A
4-HA,713,0,0,1346,0,1346,G
4-HA,714,1339,1,2,0,1342,A
4-HA,715,0,0,1357,0,1357,G
4-HA,716,0,1346,0,0,1346,T
4-HA,717,1331,0,0,0,1331,A
4-HA,718,1326,0,1,0,1327,A
4-HA,719,0,0,1353,0,1353,G
4-HA,720,1,0,1359,0,1360,G
4-HA,721,1345,0,0,0,1345,A
4-HA,722,1254,0,0,0,1254,A
4-HA,723,0,1248,1,0,1249,T
4-HA,724,1247,1,0,0,1248,A
4-HA,725,0,1249,0,3,1252,T
4-HA,726,0,1,0,1260,1261,C
4-HA,727,0,0,0,1261,1261,C
4-HA,728,3,0,0,1248,1251,C
4-HA,729,0,1235,0,4,1239,T
4-HA,730,1243,0,1,0,1244,A
4-HA,731,0,0,1251,0,1251,G
4-HA,732,0,2,0,1245,1247,C
4-HA,733,1221,0,0,0,1221,A
4-HA,734,0,1,1257,0,1258,G
4-HA,735,1243,0,1,0,1244,A
4-HA,736,1246,0,0,0,1246,A
4-HA,737,0,1247,0,0,1247,T
4-HA,738,1246,0,0,0,1246,A
4-HA,739,1249,1,1,0,1251,A
4-HA,740,1,0,1248,0,1249,G
4-HA,741,0,1,0,1251,1252,C
4-HA,742,1244,1,0,1,1246,A
4-HA,743,0,1216,0,1,1217,T
4-HA,744,2,0,0,1261,1263,C
4-HA,745,0,1260,0,0,1260,T
4-HA,746,1261,2,0,0,1263,A
4-HA,747,0,1265,0,0,1265,T
4-HA,748,0,1255,0,0,1255,T
4-HA,749,0,1,1263,0,1264,G
4-HA,750,0,1,1257,0,1258,G
4-HA,751,1261,0,0,0,1261,A
4-HA,752,0,0,0,1259,1259,C
4-HA,753,1173,0,0,0,1173,A
4-HA,754,1187,0,0,0,1187,A
4-HA,755,0,1216,0,0,1216,T
4-HA,756,1214,1,2,0,1217,A
4-HA,757,0,2,1232,0,1234,G
4-HA,758,1,1221,0,0,1222,T
4-HA,759,1220,0,0,1,1221,A
4-HA,760,1224,1,0,0,1225,A
4-HA,761,1233,0,1,0,1234,A
4-HA,762,1247,0,0,0,1247,A
4-HA,763,0,1,0,1243,1244,C
4-HA,764,3,0,0,1171,1174,C
4-HA,765,0,0,1177,0,1177,G
4-HA,766,1,1,1181,0,1183,G
4-HA,767,0,0,1191,0,1191,G
4-HA,768,1192,0,1,0,1193,A
4-HA,769,0,0,1197,0,1197,G
4-HA,770,1214,0,0,0,1214,A
4-HA,771,0,0,0,1208,1208,C
4-HA,772,1205,1,1,1,1208,A
4-HA,773,0,1211,0,0,1211,T
4-HA,774,1220,0,0,0,1220,A
4-HA,775,0,0,0,1238,1238,C
4-HA,776,1,1227,0,0,1228,T
4-HA,777,0,1232,0,1,1233,T
4-HA,778,0,1239,0,0,1239,T
4-HA,779,1,1237,0,0,1238,T
4-HA,780,1,0,1245,0,1246,G
4-HA,781,1248,1,0,1,1250,A
4-HA,782,0,1247,0,4,1251,T
4-HA,783,0,1295,0,1,1296,T
4-HA,784,1289,1,1,0,1291,A
4-HA,785,1301,0,0,0,1301,A
4-HA,786,0,0,0,1307,1307,C
4-HA,787,1306,0,0,0,1306,A
4-HA,788,0,1,1369,0,1370,G
4-HA,789,0,0,0,1365,1365,C
4-HA,790,1364,0,1,0,1365,A
4-HA,791,1,0,0,1375,1376,C
4-HA,792,1356,0,3,1,1360,A
4-HA,793,2,2,1378,0,1382,G
4-HA,794,0,1,1376,0,1377,G
4-HA,795,0,0,1425,0,1425,G
4-HA,796,1420,0,1,0,1421,A
4-HA,797,1433,0,2,1,1436,A
4-HA,798,0,1436,0,1,1437,T
4-HA,799,0,1,0,1436,1437,C
4-HA,800,0,1446,0,0,1446,T
4-HA,801,1448,0,0,0,1448,A
4-HA,802,1447,0,0,0,1447,A
4-HA,803,2,1435,0,0,1437,T
4-HA,804,0,1395,0,2,1397,T
4-HA,805,1,2,1404,0,1407,G
4-HA,806,0,0,0,1440,1440,C
4-HA,807,0,1484,0,0,1484,T
4-HA,808,1,0,0,1528,1529,C
4-HA,809,3,0,0,1522,1525,C
4-HA,810,0,1530,1,0,1531,T
4-HA,811,1535,0,1,0,1536,A
4-HA,812,0,0,1534,0,1534,G
4-HA,813,0,1,1547,0,1548,G
4-HA,814,0,0,1551,0,1551,G
4-HA,815,1,0,1531,0,1532,G
4-HA,816,0,1501,1,0,1502,T
4-HA,817,0,1489,0,0,1489,T
4-HA,818,1490,0,1,0,1491,A
4-HA,819,0,0,0,1520,1520,C
4-HA,820,1,1510,0,2,1513,T
4-HA,821,0,1519,0,3,1522,T
4-HA,822,0,1,1,1519,1521,C
4-HA,823,1512,0,1,0,1513,A
4-HA,824,1514,0,0,0,1514,A
4-HA,825,1518,0,0,0,1518,A
4-HA,826,1524,1,1,0,1526,A
4-HA,827,0,1526,0,0,1526,T
4-HA,828,1510,0,0,0,1510,A
4-HA,829,1,0,0,1508,1509,C
4-HA,830,1,1,1500,0,1502,G
4-HA,831,1505,0,1,0,1506,A
4-HA,832,1505,0,0,0,1505,A
4-HA,833,0,0,1521,0,1521,G
4-HA,834,0,1522,0,0,1522,T
4-HA,835,0,0,1523,0,1523,G
4-HA,836,2,1,1524,0,1527,G
4-HA,837,0,2,1525,0,1527,G
4-HA,838,1524,0,1,0,1525,A
4-HA,839,1523,0,2,0,1525,A
4-HA,840,1523,0,0,0,1523,A
4-HA,841,1517,0,2,0,1519,A
4-HA,842,0,1,1539,0,1540,G
4-HA,843,0,0,0,1537,1537,C
4-HA,844,0,1515,0,2,1517,T
4-HA,845,0,0,0,1539,1539,C
4-HA,846,1533,1,0,0,1534,A
4-HA,847,1549,0,0,0,1549,A
4-HA,848,0,1545,0,1,1546,T
4-HA,849,1560,0,0,0,1560,A
4-HA,850,1559,0,0,0,1559,A
4-HA,851,0,1542,0,0,1542,T
4-HA,852,0,0,1542,1,1543,G
4-HA,853,1535,0,0,0,1535,A
4-HA,854,0,1,1589,0,1590,G
4-HA,855,1595,0,0,0,1595,A
4-HA,856,0,1589,0,1,1590,T
4-HA,857,0,0,0,1615,1615,C
4-HA,858,1606,2,0,0,1608,A
4-HA,859,0,0,1652,0,1652,G
4-HA,860,1653,0,0,0,1653,A
4-HA,861,0,1650,0,0,1650,T
4-HA,862,1,0,1639,0,1640,G
4-HA,863,0,0,0,1611,1611,C
4-HA,864,1609,0,1,0,1610,A
4-HA,865,2,0,0,1638,1640,C
4-HA,866,1,0,0,1617,1618,C
4-HA,867,1,0,0,1613,1614,C
4-HA,868,1585,0,3,0,1588,A
4-HA,869,1,1582,0,0,1583,T
4-HA,870,1,1585,0,1,1587,T
4-HA,871,0,0,1605,0,1605,G
4-HA,872,1,0,1603,0,1604,G
4-HA,873,0,1,0,1603,1604,C
4-HA,874,1584,1,0,1,1586,A
4-HA,875,1582,0,0,1,1583,A
4-HA,876,1602,1,1,1,1605,A
4-HA,877,1,1600,0,1,1602,T
4-HA,878,0,0,1601,0,1601,G
4-HA,879,0,0,0,1599,1599,C
4-HA,880,1589,0,0,0,1589,A
4-HA,881,1625,0,0,0,1625,A
4-HA,882,0,1627,0,1,1628,T
4-HA,883,1,1624,0,0,1625,T
4-HA,884,1,0,0,1629,1630,C
4-HA,885,1,1607,0,1,1609,T
4-HA,886,0,0,1624,0,1624,G
4-HA,887,1619,1,0,0,1620,A
4-HA,888,1628,0,0,1,1629,A
4-HA,889,0,1630,0,0,1630,T
4-HA,890,0,0,1619,0,1619,G
4-HA,891,0,0,0,1622,1622,C
4-HA,892,1618,0,1,0,1619,A
4-HA,893,1,1616,0,0,1617,T
4-HA,894,0,0,0,1619,1619,C
4-HA,895,1614,0,1,0,1615,A
4-HA,896,0,0,0,1688,1688,C
4-HA,897,0,1680,0,2,1682,T
4-HA,898,0,0,0,1688,1688,C
4-HA,899,3,3,0,1674,1680,C
4-HA,900,1693,0,1,0,1694,A
4-HA,901,1694,0,0,0,1694,A
4-HA,902,1690,1,1,0,1692,A
4-HA,903,0,1634,0,1,1635,T
4-HA,904,1,2,1641,0,1644,G
4-HA,905,0,1,1644,0,1645,G
4-HA,906,1648,0,1,0,1649,A
4-HA,907,1645,0,2,0,1647,A
4-HA,908,0,0,1647,0,1647,G
4-HA,909,0,1,0,1624,1625,C
4-HA,910,1617,0,1,0,1618,A
4-HA,911,0,1625,0,1,1626,T
4-HA,912,0,1619,0,1,1620,T
4-HA,913,2,0,0,1655,1657,C
4-HA,914,1,0,0,1653,1654,C
4-HA,915,0,0,0,1649,1649,C
4-HA,916,1651,0,0,0,1651,A
4-HA,917,1680,0,1,1,1682,A
4-HA,918,0,1696,0,1,1697,T
4-HA,919,0,2,1693,0,1695,G
4-HA,920,1689,0,3,0,1692,A
4-HA,921,1,0,0,1693,1694,C
4-HA,922,1655,0,2,0,1657,A
4-HA,923,1660,1,1,0,1662,A
4-HA,924,1664,0,1,0,1665,A
4-HA,925,1,0,0,1671,1672,C
4-HA,926,2,0,0,1644,1646,C
4-HA,927,1618,0,0,0,1618,A
4-HA,928,0,1614,0,0,1614,T
4-HA,929,1,1606,0,2,1609,T
4-HA,930,1,0,0,1623,1624,C
4-HA,931,1,0,0,1624,1625,C
4-HA,932,1616,1,1,0,1618,A
4-HA,933,1613,1,2,0,1616,A
4-HA,934,1599,0,1,1,1601,A
4-HA,935,1633,0,1,1,1635,A
4-HA,936,0,1616,0,0,1616,T
4-HA,937,0,1,1625,0,1626,G
4-HA,938,0,1619,0,0,1619,T
4-HA,939,1622,0,0,1,1623,A
4-HA,940,1626,0,0,1,1627,A
4-HA,941,1622,0,0,1,1623,A
4-HA,942,1,0,0,1627,1628,C
4-HA,943,1595,0,0,0,1595,A
4-HA,944,0,0,1611,0,1611,G
4-HA,945,0,0,1621,0,1621,G
4-HA,946,1661,0,1,0,1662,A
4-HA,947,0,1671,0,0,1671,T
4-HA,948,1,0,0,1674,1675,C
4-HA,949,1682,0,4,0,1686,A
4-HA,950,0,0,0,1731,1731,C
4-HA,951,1739,0,0,0,1739,A
4-HA,952,1,1775,0,1,1777,T
4-HA,953,1736,0,0,0,1736,A
4-HA,954,0,1,0,1724,1725,C
4-HA,955,2,1,1672,1,1676,G
4-HA,956,0,2,1685,0,1687,G
4-HA,957,1,1,1679,0,1681,G
4-HA,958,3,1,1684,0,1688,G
4-HA,959,0,1,0,1647,1648,C
4-HA,960,0,0,0,1651,1651,C
4-HA,961,0,1610,0,1,1611,T
4-HA,962,1,1,1746,0,1748,G
4-HA,963,0,1745,0,4,1749,T
4-HA,964,1,0,0,1749,1750,C
4-HA,965,0,2,0,1744,1746,C
4-HA,966,3,0,0,1747,1750,C
4-HA,967,1739,1,0,1,1741,A
4-HA,968,0,1,1754,0,1755,G
4-HA,969,1757,0,1,0,1758,A
4-HA,970,0,1753,0,1,1754,T
4-HA,971,1612,0,0,0,1612,A
4-HA,972,0,1587,0,0,1587,T
4-HA,973,0,0,1596,0,1596,G
4-HA,974,0,1585,0,2,1587,T
4-HA,975,0,1567,0,0,1567,T
4-HA,976,1582,0,1,0,1583,A
4-HA,977,1572,0,1,0,1573,A
4-HA,978,0,5,1587,0,1592,G
4-HA,979,0,0,0,1593,1593,C
4-HA,980,1556,0,1,0,1557,A
4-HA,981,1552,0,1,0,1553,A
4-HA,982,1542,1,0,0,1543,A
4-HA,983,1545,0,0,0,1545,A
4-HA,984,2,0,0,1545,1547,C
4-HA,985,1537,0,0,0,1537,A
4-HA,986,2,0,0,1550,1552,C
4-HA,987,0,1525,0,1,1526,T
4-HA,988,0,0,0,1536,1536,C
4-HA,989,0,1534,0,1,1535,T
4-HA,990,0,0,1547,0,1547,G
4-HA,991,1550,0,0,0,1550,A
4-HA,992,1545,0,0,0,1545,A
4-HA,993,1540,0,1,0,1541,A
4-HA,994,1,1531,0,0,1532,T
4-HA,995,0,1510,0,0,1510,T
4-HA,996,1,0,1520,0,1521,G
4-HA,997,0,0,1519,0,1519,G
4-HA,998,0,0,0,1522,1522,C
4-HA,999,1513,0,0,0,1513,A
4-HA,1000,1511,0,0,0,1511,A
4-HA,1001,0,0,0,1513,1513,C
4-HA,1002,1512,0,1,0,1513,A
4-HA,1003,2,3,1519,0,1524,G
4-HA,1004,1,0,1517,0,1518,G
4-HA,1005,0,0,1501,0,1501,G
4-HA,1006,1505,0,2,0,1507,A
4-HA,1007,1,1484,0,0,1485,T
4-HA,1008,0,1,1492,0,1493,G
4-HA,1009,0,0,0,1490,1490,C
4-HA,1010,1,0,1492,0,1493,G
4-HA,1011,1497,0,1,0,1498,A
4-HA,1012,1472,0,0,0,1472,A
4-HA,1013,1490,0,0,0,1490,A
4-HA,1014,0,1476,0,1,1477,T
4-HA,1015,0,0,1491,0,1491,G
4-HA,1016,0,1489,0,2,1491,T
4-HA,1017,1490,0,0,0,1490,A
4-HA,1018,1,0,0,1482,1483,C
4-HA,1019,1,1,1,1476,1479,C
4-HA,1020,1464,0,0,0,1464,A
4-HA,1021,0,0,1471,0,1471,G
4-HA,1022,1439,0,0,0,1439,A
4-HA,1023,0,0,1466,0,1466,G
4-HA,1024,1430,0,1,0,1431,A
4-HA,1025,1423,0,0,1,1424,A
4-HA,1026,1431,0,0,0,1431,A
4-HA,1027,0,0,0,1430,1430,C
4-HA,1028,1382,0,1,0,1383,A
4-HA,1029,1409,0,0,0,1409,A
4-HA,1030,1386,0,0,0,1386,A
4-HA,1031,0,0,0,1397,1397,C
4-HA,1032,0,1383,0,0,1383,T
4-HA,1033,1344,0,0,0,1344,A
4-HA,1034,0,1,1344,0,1345,G
4-HA,1035,1338,0,2,0,1340,A
4-HA,1036,0,1,1368,0,1369,G
4-HA,1037,0,0,1366,0,1366,G
4-HA,1038,0,1,0,1345,1346,C
4-HA,1039,1347,1,0,0,1348,A
4-HA,1040,1,1355,0,0,1356,T
4-HA,1041,1357,0,1,1,1359,A
4-HA,1042,0,1352,0,0,1352,T
4-HA,1043,1,1348,0,0,1349,T
4-HA,1044,0,1347,0,0,1347,T
4-HA,1045,0,2,1290,0,1292,G
4-HA,1046,0,0,1298,0,1298,G
4-HA,1047,0,0,0,1294,1294,C
4-HA,1048,0,0,1290,0,1290,G
4-HA,1049,1,1,0,1278,1280,C
4-HA,1050,1269,0,0,0,1269,A
4-HA,1051,1279,0,1,0,1280,A
4-HA,1052,0,1276,0,0,1276,T
4-HA,1053,0,2,0,1278,1280,C
4-HA,1054,0,0,1287,0,1287,G
4-HA,1055,0,1,0,1281,1282,C
4-HA,1056,1,0,1281,0,1282,G
4-HA,1057,0,0,1291,0,1291,G
4-HA,1058,0,0,1299,0,1299,G
4-HA,1059,1,1291,0,1,1293,T
4-HA,1060,0,1277,0,0,1277,T
4-HA,1061,0,1274,0,1,1275,T
4-HA,1062,1,0,0,1273,1274,C
4-HA,1063,1278,0,1,0,1279,A
4-HA,1064,0,1280,0,0,1280,T
4-HA,1065,1279,0,1,0,1280,A
4-HA,1066,0,0,1295,0,1295,G
4-HA,1067,1256,1,0,0,1257,A
4-HA,1068,1262,0,1,0,1263,A
4-HA,1069,1258,0,0,0,1258,A
4-HA,1070,1270,0,0,0,1270,A
4-HA,1071,0,1265,0,0,1265,T
4-HA,1072,0,0,1289,0,1289,G
4-HA,1073,0,0,1304,0,1304,G
4-HA,1074,3,1295,0,0,1298,T
4-HA,1075,0,1270,0,1,1271,T
4-HA,1076,0,0,1271,1,1272,G
4-HA,1077,0,1,1286,0,1287,G
4-HA,1078,0,1,1303,0,1304,G
4-HA,1079,1299,0,0,1,1300,A
4-HA,1080,0,0,1310,0,1310,G
4-HA,1081,0,0,1288,0,1288,G
4-HA,1082,1,1,1360,0,1362,G
4-HA,1083,1354,0,0,0,1354,A
4-HA,1084,1372,0,0,0,1372,A
4-HA,1085,1,1367,0,0,1368,T
4-HA,1086,0,1,1367,0,1368,G
4-HA,1087,0,0,1394,0,1394,G
4-HA,1088,0,1385,0,2,1387,T
4-HA,1089,0,2,1386,0,1388,G
4-HA,1090,0,1,1379,0,1380,G
4-HA,1091,1354,1,2,0,1357,A
4-HA,1092,0,1370,0,0,1370,T
4-HA,1093,1,0,1387,0,1388,G
4-HA,1094,0,0,1407,0,1407,G
4-HA,1095,0,1399,0,0,1399,T
4-HA,1096,0,1370,0,0,1370,T
4-HA,1097,0,0,1373,0,1373,G
4-HA,1098,0,0,1399,0,1399,G
4-HA,1099,0,1399,0,0,1399,T
4-HA,1100,1399,0,0,0,1399,A
4-HA,1101,0,2,0,1335,1337,C
4-HA,1102,0,0,1344,0,1344,G
4-HA,1103,0,0,1403,0,1403,G
4-HA,1104,1,1399,0,2,1402,T
4-HA,1105,1,1399,0,1,1401,T
4-HA,1106,0,1393,0,0,1393,T
4-HA,1107,0,1,0,1379,1380,C
4-HA,1108,1374,0,5,0,1379,A
4-HA,1109,0,2,1376,0,1378,G
4-HA,1110,0,0,1376,0,1376,G
4-HA,1111,0,0,0,1371,1371,C
4-HA,1112,1336,0,1,0,1337,A
4-HA,1113,2,1346,0,1,1349,T
4-HA,1114,0,0,0,1354,1354,C
4-HA,1115,1359,0,0,0,1359,A
4-HA,1116,1360,0,0,0,1360,A
4-HA,1117,1354,0,1,0,1355,A
4-HA,1118,1358,0,0,0,1358,A
4-HA,1119,0,1358,0,1,1359,T
4-HA,1120,0,1356,0,0,1356,T
4-HA,1121,1,0,0,1361,1362,C
4-HA,1122,0,1347,0,0,1347,T
4-HA,1123,0,1,1351,0,1352,G
4-HA,1124,1344,1,6,0,1351,A
4-HA,1125,0,2,1359,0,1361,G
4-HA,1126,0,2,1359,0,1361,G
4-HA,1127,2,0,1365,0,1367,G
4-HA,1128,1364,0,0,0,1364,A
4-HA,1129,1357,1,0,0,1358,A
4-HA,1130,0,0,1357,0,1357,G
4-HA,1131,1372,0,0,0,1372,A
4-HA,1132,0,0,1384,1,1385,G
4-HA,1133,1,0,1386,0,1387,G
4-HA,1134,1379,0,2,0,1381,A
4-HA,1135,0,0,0,1383,1383,C
4-HA,1136,1381,0,0,0,1381,A
4-HA,1137,1379,0,0,1,1380,A
4-HA,1138,0,0,1382,0,1382,G
4-HA,1139,0,1,0,1384,1385,C
4-HA,1140,1373,0,0,0,1373,A
4-HA,1141,1,1,1387,0,1389,G
4-HA,1142,0,0,0,1384,1384,C
4-HA,1143,1382,0,2,0,1384,A
4-HA,1144,3,0,1398,0,1401,G
4-HA,1145,1389,1,0,0,1390,A
4-HA,1146,0,1420,0,0,1420,T
4-HA,1147,0,0,0,1434,1434,C
4-HA,1148,0,1419,0,1,1420,T
4-HA,1149,0,0,0,1442,1442,C
4-HA,1150,1437,0,0,0,1437,A
4-HA,1151,1438,0,0,0,1438,A
4-HA,1152,1440,0,0,0,1440,A
4-HA,1153,1415,0,2,0,1417,A
4-HA,1154,0,0,1426,0,1426,G
4-HA,1155,0,0,1,1391,1392,C
4-HA,1156,1385,1,1,0,1387,A
4-HA,1157,1,0,0,1422,1423,C
4-HA,1158,0,1406,0,1,1407,T
4-HA,1159,2,0,0,1406,1408,C
4-HA,1160,1411,0,0,0,1411,A
4-HA,1161,1443,0,1,0,1444,A
4-HA,1162,0,0,1441,0,1441,G
4-HA,1163,0,0,0,1437,1437,C
4-HA,1164,1430,0,0,0,1430,A
4-HA,1165,1,0,1433,0,1434,G
4-HA,1166,0,0,0,1421,1421,C
4-HA,1167,1412,0,0,0,1412,A
4-HA,1168,1412,0,0,0,1412,A
4-HA,1169,0,1410,0,0,1410,T
4-HA,1170,0,0,0,1387,1387,C
4-HA,1171,0,1,1391,0,1392,G
4-HA,1172,1387,1,0,0,1388,A
4-HA,1173,0,1381,0,0,1381,T
4-HA,1174,1,0,0,1380,1381,C
4-HA,1175,1379,0,0,0,1379,A
4-HA,1176,1409,1,1,0,1411,A
4-HA,1177,1412,0,0,0,1412,A
4-HA,1178,0,1410,0,1,1411,T
4-HA,1179,0,1,0,1415,1416,C
4-HA,1180,1393,1,0,0,1394,A
4-HA,1181,1396,0,3,0,1399,A
4-HA,1182,0,1400,0,0,1400,T
4-HA,1183,1,1,1406,1,1409,G
4-HA,1184,0,1,1397,0,1398,G
4-HA,1185,0,0,1382,1,1383,G
4-HA,1186,1391,0,0,0,1391,A
4-HA,1187,1391,0,2,0,1393,A
4-HA,1188,0,0,1408,0,1408,G
4-HA,1189,0,0,0,1408,1408,C
4-HA,1190,0,1398,0,0,1398,T
4-HA,1191,1,0,1452,0,1453,G
4-HA,1192,1452,0,1,0,1453,A
4-HA,1193,1450,1,0,0,1451,A
4-HA,1194,0,1453,0,0,1453,T
4-HA,1195,1427,0,1,0,1428,A
4-HA,1196,1,0,1430,0,1431,G
4-HA,1197,1338,1,1,0,1340,A
4-HA,1198,0,1344,0,0,1344,T
4-HA,1199,0,1348,0,0,1348,T
4-HA,1200,0,0,1350,1,1351,G
4-HA,1201,1347,1,0,0,1348,A
4-HA,1202,0,1350,0,0,1350,T
4-HA,1203,0,0,0,1353,1353,C
4-HA,1204,0,0,1346,1,1347,G
4-HA,1205,0,2,1342,0,1344,G
4-HA,1206,2,0,1350,0,1352,G
4-HA,1207,1350,1,1,0,1352,A
4-HA,1208,1347,0,1,0,1348,A
4-HA,1209,1342,0,1,0,1343,A
4-HA,1210,1341,0,0,1,1342,A
4-HA,1211,0,0,0,1346,1346,C
4-HA,1212,0,0,0,1341,1341,C
4-HA,1213,1332,0,0,0,1332,A
4-HA,1214,1330,1,0,0,1331,A
4-HA,1215,0,0,0,1332,1332,C
4-HA,1216,0,2,1334,0,1336,G
4-HA,1217,1337,0,0,0,1337,A
4-HA,1218,0,0,1334,0,1334,G
4-HA,1219,1336,0,0,0,1336,A
4-HA,1220,1333,0,0,0,1333,A
4-HA,1221,1332,0,1,0,1333,A
4-HA,1222,0,1336,0,2,1338,T
4-HA,1223,1,1327,0,3,1331,T
4-HA,1224,1,0,0,1336,1337,C
4-HA,1225,1,0,0,1340,1341,C
4-HA,1226,1341,0,0,0,1341,A
4-HA,1227,0,1339,0,0,1339,T
4-HA,1228,0,0,0,1340,1340,C
4-HA,1229,1335,0,1,0,1336,A
4-HA,1230,0,0,1348,0,1348,G
4-HA,1231,1335,0,2,0,1337,A
4-HA,1232,1,1337,0,0,1338,T
4-HA,1233,0,1323,0,2,1325,T
4-HA,1234,0,0,1336,1,1337,G
4-HA,1235,1336,1,0,0,1337,A
4-HA,1236,1340,0,0,0,1340,A
4-HA,1237,1336,0,0,0,1336,A
4-HA,1238,1337,0,0,0,1337,A
4-HA,1239,1326,0,1,0,1327,A
4-HA,1240,0,1,1324,0,1325,G
4-HA,1241,1326,0,0,0,1326,A
4-HA,1242,1332,0,0,0,1332,A
4-HA,1243,0,1317,0,0,1317,T
4-HA,1244,0,1319,0,0,1319,T
4-HA,1245,1,2,0,1320,1323,C
4-HA,1246,0,1321,0,0,1321,T
4-HA,1247,1,0,0,1324,1325,C
4-HA,1248,1328,0,1,0,1329,A
4-HA,1249,0,0,1331,1,1332,G
4-HA,1250,1327,0,0,0,1327,A
4-HA,1251,1323,0,0,1,1324,A
4-HA,1252,1,0,1339,0,1340,G
4-HA,1253,1,1328,0,0,1329,T
4-HA,1254,1,0,0,1334,1335,C
4-HA,1255,1,1,1334,0,1336,G
4-HA,1256,1336,0,0,0,1336,A
4-HA,1257,1337,0,0,0,1337,A
4-HA,1258,0,3,1333,0,1336,G
4-HA,1259,0,2,1336,0,1338,G
4-HA,1260,0,0,1340,0,1340,G
4-HA,1261,1315,0,2,0,1317,A
4-HA,1262,1,0,1320,0,1321,G
4-HA,1263,1319,0,0,0,1319,A
4-HA,1264,1404,0,1,1,1406,A
4-HA,1265,0,1409,0,1,1410,T
4-HA,1266,1,1407,0,0,1408,T
4-HA,1267,0,0,0,1408,1408,C
4-HA,1268,1384,0,1,0,1385,A
4-HA,1269,2,0,1384,0,1386,G
4-HA,1270,0,0,1384,0,1384,G
4-HA,1271,1394,0,1,0,1395,A
4-HA,1272,1,0,0,1393,1394,C
4-HA,1273,0,0,0,1289,1289,C
4-HA,1274,0,1284,0,0,1284,T
4-HA,1275,0,1250,0,36,1286,T
4-HA,1276,0,0,1293,0,1293,G
4-HA,1277,1296,0,0,0,1296,A
4-HA,1278,0,0,1330,0,1330,G
4-HA,1279,1315,0,0,0,1315,A
4-HA,1280,1246,0,2,0,1248,A
4-HA,1281,1247,0,1,0,1248,A
4-HA,1282,0,1227,1,0,1228,T
4-HA,1283,1287,0,2,0,1289,A
4-HA,1284,0,1280,0,1,1281,T
4-HA,1285,0,0,1301,0,1301,G
4-HA,1286,0,1299,0,0,1299,T
4-HA,1287,1,1276,0,0,1277,T
4-HA,1288,0,0,1279,0,1279,G
4-HA,1289,1269,0,0,0,1269,A
4-HA,1290,0,1,1280,0,1281,G
4-HA,1291,0,0,1278,0,1278,G
4-HA,1292,1261,0,0,0,1261,A
4-HA,1293,0,2,0,1284,1286,C
4-HA,1294,1274,0,0,0,1274,A
4-HA,1295,0,0,0,1293,1293,C
4-HA,1296,1,0,0,1297,1298,C
4-HA,1297,1300,0,0,0,1300,A
4-HA,1298,1340,0,0,0,1340,A
4-HA,1299,1333,0,2,0,1335,A
4-HA,1300,1349,0,0,0,1349,A
4-HA,1301,0,1352,0,0,1352,T
4-HA,1302,1322,0,0,0,1322,A
4-HA,1303,0,0,1333,0,1333,G
4-HA,1304,1319,0,0,0,1319,A
4-HA,1305,0,1340,0,0,1340,T
4-HA,1306,0,0,0,1341,1341,C
4-HA,1307,1,1308,0,0,1309,T
4-HA,1308,0,0,0,1357,1357,C
4-HA,1309,0,1361,0,3,1364,T
4-HA,1310,0,1,1391,0,1392,G
4-HA,1311,0,0,1412,1,1413,G
4-HA,1312,0,1389,0,14,1403,T
4-HA,1313,0,0,0,1412,1412,C
4-HA,1314,1420,0,0,0,1420,A
4-HA,1315,0,1415,0,2,1417,T
4-HA,1316,1415,0,2,0,1417,A
4-HA,1317,1,0,0,1412,1413,C
4-HA,1318,1378,0,1,0,1379,A
4-HA,1319,1386,0,1,0,1387,A
4-HA,1320,0,1,0,1354,1355,C
4-HA,1321,0,1,1352,0,1353,G
4-HA,1322,0,1,0,1350,1351,C
4-HA,1323,0,1,1341,0,1342,G
4-HA,1324,0,0,1352,0,1352,G
4-HA,1325,1356,0,0,0,1356,A
4-HA,1326,0,1,1377,0,1378,G
4-HA,1327,0,1,0,1376,1377,C
4-HA,1328,0,1374,0,0,1374,T
4-HA,1329,1,1376,0,2,1379,T
4-HA,1330,1,0,0,1382,1383,C
4-HA,1331,0,1394,0,1,1395,T
4-HA,1332,0,1396,0,0,1396,T
4-HA,1333,0,1,1389,0,1390,G
4-HA,1334,0,1384,0,1,1385,T
4-HA,1335,0,1366,0,0,1366,T
4-HA,1336,1,0,1386,0,1387,G
4-HA,1337,1,2,0,1370,1373,C
4-HA,1338,1,1,0,1375,1377,C
4-HA,1339,0,0,0,1392,1392,C
4-HA,1340,0,1390,0,2,1392,T
4-HA,1341,1,0,1406,0,1407,G
4-HA,1342,0,0,1405,0,1405,G
4-HA,1343,1407,0,0,0,1407,A
4-HA,1344,0,1,1414,0,1415,G
4-HA,1345,1384,0,2,0,1386,A
4-HA,1346,1394,0,0,0,1394,A
4-HA,1347,1,1,0,1400,1402,C
4-HA,1348,0,0,0,1403,1403,C
4-HA,1349,1394,0,1,0,1395,A
4-HA,1350,1452,0,2,0,1454,A
4-HA,1351,1,0,0,1461,1462,C
4-HA,1352,1470,0,0,0,1470,A
4-HA,1353,0,1465,1,0,1466,T
4-HA,1354,1463,0,0,0,1463,A
4-HA,1355,0,0,0,1484,1484,C
4-HA,1356,1450,0,1,0,1451,A
4-HA,1357,1455,0,0,0,1455,A
4-HA,1358,0,1451,0,1,1452,T
4-HA,1359,0,1392,1,1,1394,T
4-HA,1360,0,1,1414,0,1415,G
4-HA,1361,1427,0,0,1,1428,A
4-HA,1362,0,1428,0,0,1428,T
4-HA,1363,0,0,0,1431,1431,C
4-HA,1364,1,1401,0,0,1402,T
4-HA,1365,1413,0,0,0,1413,A
4-HA,1366,1413,1,0,0,1414,A
4-HA,1367,0,0,1,1414,1415,C
4-HA,1368,0,1410,0,0,1410,T
4-HA,1369,0,0,1397,0,1397,G
4-HA,1370,1395,0,0,0,1395,A
4-HA,1371,0,0,0,1396,1396,C
4-HA,1372,0,1385,0,1,1386,T
4-HA,1373,2,0,1,1388,1391,C
4-HA,1374,1383,1,2,1,1387,A
4-HA,1375,0,0,1409,0,1409,G
4-HA,1376,1408,0,0,0,1408,A
4-HA,1377,1404,0,0,0,1404,A
4-HA,1378,1403,1,0,0,1404,A
4-HA,1379,0,1400,1,1,1402,T
4-HA,1380,1,0,1420,0,1421,G
4-HA,1381,1420,0,0,0,1420,A
4-HA,1382,1420,1,1,0,1422,A
4-HA,1383,0,0,0,1421,1421,C
4-HA,1384,1398,0,2,0,1400,A
4-HA,1385,1399,0,0,0,1399,A
4-HA,1386,1398,0,0,0,1398,A
4-HA,1387,1,0,0,1405,1406,C
4-HA,1388,0,1400,0,1,1401,T
4-HA,1389,1,0,1408,0,1409,G
4-HA,1390,0,1399,0,0,1399,T
4-HA,1391,1,1395,0,0,1396,T
4-HA,1392,0,1399,0,1,1400,T
4-HA,1393,0,1,1395,0,1396,G
4-HA,1394,1397,0,1,0,1398,A
4-HA,1395,1395,0,0,0,1395,A
4-HA,1396,1388,0,0,0,1388,A
4-HA,1397,1387,0,2,0,1389,A
4-HA,1398,1381,0,1,0,1382,A
4-HA,1399,1388,1,1,0,1390,A
4-HA,1400,0,0,0,1391,1391,C
4-HA,1401,1387,0,2,1,1390,A
4-HA,1402,1389,0,0,0,1389,A
4-HA,1403,1390,1,0,0,1391,A
4-HA,1404,0,0,1399,0,1399,G
4-HA,1405,1399,1,1,0,1401,A
4-HA,1406,1395,0,0,1,1396,A
4-HA,1407,0,0,1400,0,1400,G
4-HA,1408,0,1,0,1393,1394,C
4-HA,1409,1393,0,0,0,1393,A
4-HA,1410,1399,0,0,0,1399,A
4-HA,1411,1,0,0,1401,1402,C
4-HA,1412,1,1395,1,2,1399,T
4-HA,1413,1,0,1401,0,1402,G
4-HA,1414,1391,0,0,0,1391,A
4-HA,1415,1,0,1401,0,1402,G
4-HA,1416,0,3,1396,0,1399,G
4-HA,1417,0,2,1396,1,1399,G
4-HA,1418,1403,2,0,0,1405,A
4-HA,1419,1398,0,0,0,1398,A
4-HA,1420,1398,0,0,0,1398,A
4-HA,1421,1405,0,0,0,1405,A
4-HA,1422,0,1399,0,0,1399,T
4-HA,1423,1,0,1401,0,1402,G
4-HA,1424,0,0,0,1402,1402,C
4-HA,1425,0,1386,0,0,1386,T
4-HA,1426,0,0,1386,0,1386,G
4-HA,1427,1393,0,0,0,1393,A
4-HA,1428,0,0,1450,0,1450,G
4-HA,1429,1,0,1461,0,1462,G
4-HA,1430,1444,0,0,0,1444,A
4-HA,1431,0,1444,0,0,1444,T
4-HA,1432,1433,0,0,0,1433,A
4-HA,1433,0,1434,0,0,1434,T
4-HA,1434,1,0,1444,0,1445,G
4-HA,1435,0,0,1454,0,1454,G
4-HA,1436,0,0,1452,0,1452,G
4-HA,1437,1,1,0,1370,1372,C
4-HA,1438,1355,0,0,0,1355,A
4-HA,1439,1354,0,0,0,1354,A
4-HA,1440,0,1350,0,0,1350,T
4-HA,1441,0,1,1355,0,1356,G
4-HA,1442,3,1,1349,0,1353,G
4-HA,1443,0,1335,0,1,1336,T
4-HA,1444,0,1301,0,0,1301,T
4-HA,1445,0,0,1303,0,1303,G
4-HA,1446,0,1311,0,1,1312,T
4-HA,1447,1,1306,0,0,1307,T
4-HA,1448,0,1307,0,1,1308,T
4-HA,1449,0,1,0,1312,1313,C
4-HA,1450,1310,0,0,0,1310,A
4-HA,1451,1313,0,0,0,1313,A
4-HA,1452,1313,0,0,0,1313,A
4-HA,1453,1317,0,1,0,1318,A
4-HA,1454,0,1313,0,0,1313,T
4-HA,1455,1299,2,1,0,1302,A
4-HA,1456,0,1308,0,0,1308,T
4-HA,1457,1304,0,1,0,1305,A
4-HA,1458,1,0,1,1312,1314,C
4-HA,1459,0,0,0,1302,1302,C
4-HA,1460,1299,0,0,1,1300,A
4-HA,1461,0,0,0,1303,1303,C
4-HA,1462,1299,0,0,0,1299,A
4-HA,1463,1300,0,0,0,1300,A
4-HA,1464,1295,1,0,0,1296,A
4-HA,1465,0,1291,0,0,1291,T
4-HA,1466,0,1,1300,0,1301,G
4-HA,1467,1,1276,0,0,1277,T
4-HA,1468,0,2,1283,0,1285,G
4-HA,1469,1282,0,0,0,1282,A
4-HA,1470,0,1,0,1284,1285,C
4-HA,1471,1265,0,1,0,1266,A
4-HA,1472,1269,0,0,0,1269,A
4-HA,1473,0,1282,1,0,1283,T
4-HA,1474,0,2,1293,0,1295,G
4-HA,1475,1,0,0,1281,1282,C
4-HA,1476,0,0,0,1283,1283,C
4-HA,1477,0,1273,0,1,1274,T
4-HA,1478,0,1,1327,0,1328,G
4-HA,1479,1,0,0,1329,1330,C
4-HA,1480,1328,1,1,0,1330,A
4-HA,1481,0,1329,0,1,1330,T
4-HA,1482,1294,0,0,0,1294,A
4-HA,1483,0,0,1294,0,1294,G
4-HA,1484,1,0,1286,0,1287,G
4-HA,1485,1282,0,0,0,1282,A
4-HA,1486,0,1278,0,0,1278,T
4-HA,1487,0,0,0,1201,1201,C
4-HA,1488,1201,0,0,0,1201,A
4-HA,1489,1204,0,0,0,1204,A
4-HA,1490,0,1198,1,0,1199,T
4-HA,1491,0,0,0,1198,1198,C
4-HA,1492,1173,0,1,0,1174,A
4-HA,1493,1,0,1177,0,1178,G
4-HA,1494,1179,0,0,0,1179,A
4-HA,1495,1180,0,0,0,1180,A
4-HA,1496,1181,1,0,0,1182,A
4-HA,1497,0,1172,0,0,1172,T
4-HA,1498,0,0,1166,0,1166,G
4-HA,1499,0,1,1168,0,1169,G
4-HA,1500,1166,0,0,0,1166,A
4-HA,1501,1170,0,0,0,1170,A
4-HA,1502,0,2,0,1161,1163,C
4-HA,1503,0,1151,1,0,1152,T
4-HA,1504,0,1157,0,0,1157,T
4-HA,1505,1158,0,0,1,1159,A
4-HA,1506,0,1157,0,0,1157,T
4-HA,1507,0,1,1153,0,1154,G
4-HA,1508,1151,0,1,0,1152,A
4-HA,1509,0,1,0,1151,1152,C
4-HA,1510,1,0,0,1137,1138,C
4-HA,1511,1135,0,0,0,1135,A
4-HA,1512,0,0,0,1159,1159,C
4-HA,1513,0,0,1198,0,1198,G
4-HA,1514,1223,0,0,0,1223,A
4-HA,1515,1,1236,0,0,1237,T
4-HA,1516,1,1,1270,0,1272,G
4-HA,1517,0,1259,0,0,1259,T
4-HA,1518,1290,1,0,0,1291,A
4-HA,1519,1,1288,0,1,1290,T
4-HA,1520,1290,0,0,0,1290,A
4-HA,1521,0,0,0,1284,1284,C
4-HA,1522,1131,0,1,0,1132,A
4-HA,1523,0,0,1141,0,1141,G
4-HA,1524,1068,0,0,0,1068,A
4-HA,1525,0,0,1034,0,1034,G
4-HA,1526,1025,1,0,0,1026,A
4-HA,1527,1,964,0,1,966,T
4-HA,1528,0,1,966,0,967,G
4-HA,1529,966,0,0,0,966,A
4-HA,1530,964,0,1,0,965,A
4-HA,1531,0,0,983,0,983,G
4-HA,1532,0,0,0,954,954,C
4-HA,1533,954,0,0,0,954,A
4-HA,1534,0,950,0,0,950,T
4-HA,1535,1,947,0,0,948,T
4-HA,1536,953,0,0,0,953,A
4-HA,1537,953,0,0,0,953,A
4-HA,1538,950,1,1,0,952,A
4-HA,1539,0,0,0,953,953,C
4-HA,1540,915,0,0,0,915,A
4-HA,1541,917,0,1,0,918,A
4-HA,1542,0,0,0,918,918,C
4-HA,1543,0,0,0,913,913,C
4-HA,1544,0,0,904,0,904,G
4-HA,1545,0,0,916,0,916,G
4-HA,1546,0,914,0,0,914,T
4-HA,1547,0,913,0,0,913,T
4-HA,1548,1,0,0,914,915,C
4-HA,1549,0,1,0,917,918,C
4-HA,1550,909,1,0,0,910,A
4-HA,1551,1,1,926,0,928,G
4-HA,1552,922,0,0,0,922,A
4-HA,1553,0,921,0,0,921,T
4-HA,1554,0,0,0,878,878,C
4-HA,1555,869,0,1,0,870,A
4-HA,1556,869,0,0,0,869,A
4-HA,1557,0,0,869,0,869,G
4-HA,1558,0,1,860,0,861,G
4-HA,1559,0,0,860,0,860,G
4-HA,1560,832,0,1,0,833,A
4-HA,1561,0,0,844,0,844,G
4-HA,1562,0,841,0,0,841,T
4-HA,1563,0,840,0,0,840,T
4-HA,1564,0,0,840,0,840,G
4-HA,1565,838,0,0,0,838,A
4-HA,1566,0,0,840,0,840,G
4-HA,1567,0,0,0,842,842,C
4-HA,1568,0,830,0,1,831,T
4-HA,1569,1,0,832,0,833,G
4-HA,1570,829,0,0,0,829,A
4-HA,1571,828,0,1,0,829,A
4-HA,1572,0,1,830,0,831,G
4-HA,1573,0,813,0,1,814,T
4-HA,1574,1,0,0,814,815,C
4-HA,1575,804,0,3,0,807,A
4-HA,1576,0,2,806,0,808,G
4-HA,1577,2,0,804,0,806,G
4-HA,1578,0,0,794,0,794,G
4-HA,1579,0,823,0,1,824,T
4-HA,1580,886,0,0,1,887,A
4-HA,1581,2,0,0,887,889,C
4-HA,1582,884,1,0,0,885,A
4-HA,1583,884,0,0,0,884,A
4-HA,1584,877,0,1,0,878,A
4-HA,1585,0,0,876,0,876,G
4-HA,1586,844,0,0,0,844,A
4-HA,1587,0,0,0,767,767,C
4-HA,1588,1,796,0,0,797,T
4-HA,1589,0,0,798,0,798,G
4-HA,1590,0,0,800,0,800,G
4-HA,1591,826,0,0,0,826,A
4-HA,1592,1,829,0,0,830,T
4-HA,1593,0,0,0,822,822,C
4-HA,1594,0,0,0,802,802,C
4-HA,1595,0,796,0,0,796,T
4-HA,1596,802,0,0,0,802,A
4-HA,1597,0,802,0,0,802,T
4-HA,1598,0,1,803,0,804,G
4-HA,1599,0,0,807,0,807,G
4-HA,1600,782,0,1,0,783,A
4-HA,1601,0,781,0,0,781,T
4-HA,1602,0,779,2,0,781,T
4-HA,1603,0,793,0,0,793,T
4-HA,1604,1,0,0,792,793,C
4-HA,1605,0,0,0,791,791,C
4-HA,1606,0,787,0,0,787,T
4-HA,1607,0,787,0,0,787,T
4-HA,1608,0,783,0,1,784,T
4-HA,1609,0,0,793,0,793,G
4-HA,1610,0,0,0,792,792,C
4-HA,1611,0,0,0,792,792,C
4-HA,1612,779,0,0,0,779,A
4-HA,1613,0,774,0,0,774,T
4-HA,1614,779,0,0,0,779,A
4-HA,1615,0,778,0,0,778,T
4-HA,1616,0,0,0,778,778,C
4-HA,1617,776,0,0,0,776,A
4-HA,1618,0,768,0,0,768,T
4-HA,1619,0,0,775,0,775,G
4-HA,1620,0,769,0,2,771,T
4-HA,1621,0,773,0,0,773,T
4-HA,1622,0,769,0,0,769,T
4-HA,1623,0,760,0,0,760,T
4-HA,1624,0,759,0,1,760,T
4-HA,1625,0,759,0,0,759,T
4-HA,1626,0,0,766,0,766,G
4-HA,1627,0,0,0,768,768,C
4-HA,1628,0,738,0,3,741,T
4-HA,1629,0,743,0,0,743,T
4-HA,1630,0,738,0,1,739,T
4-HA,1631,0,0,751,0,751,G
4-HA,1632,0,752,0,1,753,T
4-HA,1633,0,0,754,0,754,G
4-HA,1634,0,753,0,0,753,T
4-HA,1635,0,738,0,0,738,T
4-HA,1636,0,0,745,0,745,G
4-HA,1637,0,1,0,744,745,C
4-HA,1638,0,740,0,2,742,T
4-HA,1639,0,749,0,0,749,T
4-HA,1640,0,716,0,0,716,T
4-HA,1641,0,0,724,0,724,G
4-HA,1642,1,720,0,0,721,T
4-HA,1643,0,719,0,1,720,T
4-HA,1644,0,0,720,0,720,G
4-HA,1645,0,3,703,0,706,G
4-HA,1646,0,0,712,0,712,G
4-HA,1647,1,0,714,0,715,G
4-HA,1648,0,689,0,0,689,T
4-HA,1649,1,686,0,0,687,T
4-HA,1650,1,0,0,670,671,C
4-HA,1651,663,0,0,0,663,A
4-HA,1652,0,665,0,2,667,T
4-HA,1653,0,0,0,662,662,C
4-HA,1654,666,0,0,0,666,A
4-HA,1655,0,640,0,1,641,T
4-HA,1656,0,1,633,0,634,G
4-HA,1657,0,621,1,1,623,T
4-HA,1658,1,0,618,0,619,G
4-HA,1659,0,0,600,0,600,G
4-HA,1660,1,0,598,0,599,G
4-HA,1661,0,0,0,590,590,C
4-HA,1662,0,0,0,576,576,C
4-HA,1663,0,532,0,3,535,T
4-HA,1664,0,0,536,0,536,G
4-HA,1665,0,1,1,532,534,C
4-HA,1666,0,1,0,533,534,C
4-HA,1667,534,0,0,0,534,A
4-HA,1668,531,0,0,0,531,A
4-HA,1669,531,0,0,0,531,A
4-HA,1670,529,0,0,0,529,A
4-HA,1671,529,0,0,0,529,A
4-HA,1672,0,0,528,0,528,G
4-HA,1673,0,0,509,0,509,G
4-HA,1674,1,0,0,503,504,C
4-HA,1675,504,0,0,0,504,A
4-HA,1676,512,0,0,0,512,A
4-HA,1677,1,0,0,513,514,C
4-HA,1678,512,0,0,0,512,A
4-HA,1679,0,511,0,1,512,T
4-HA,1680,0,505,0,0,505,T
4-HA,1681,494,0,0,0,494,A
4-HA,1682,0,0,492,0,492,G
4-HA,1683,0,0,495,0,495,G
4-HA,1684,0,482,0,1,483,T
4-HA,1685,0,0,445,0,445,G
4-HA,1686,0,0,0,419,419,C
4-HA,1687,411,0,0,0,411,A
4-HA,1688,412,0,0,0,412,A
4-HA,1689,0,0,0,412,412,C
4-HA,1690,406,0,0,0,406,A
4-HA,1691,0,403,0,0,403,T
4-HA,1692,0,383,0,0,383,T
4-HA,1693,1,383,0,0,384,T
4-HA,1694,0,0,382,0,382,G
4-HA,1695,0,0,0,379,379,C
4-HA,1696,376,0,0,0,376,A
4-HA,1697,0,357,0,0,357,T
4-HA,1698,0,342,0,0,342,T
4-HA,1699,0,334,0,0,334,T
4-HA,1700,0,0,332,0,332,G
4-HA,1701,321,0,0,0,321,A
5-NP,1,346,0,0,0,346,A
5-NP,2,0,347,0,0,347,T
5-NP,3,0,0,347,0,347,G
5-NP,4,0,0,348,0,348,G
5-NP,5,0,0,0,351,351,C
5-NP,6,0,0,351,0,351,G
5-NP,7,0,372,0,0,372,T
5-NP,8,0,0,0,377,377,C
5-NP,9,0,0,0,380,380,C
5-NP,10,0,0,0,379,379,C
5-NP,11,378,0,1,0,379,A
5-NP,12,378,0,1,0,379,A
5-NP,13,0,0,385,0,385,G
5-NP,14,0,0,399,0,399,G
5-NP,15,1,0,0,398,399,C
5-NP,16,400,0,0,0,400,A
5-NP,17,0,0,0,404,404,C
5-NP,18,0,0,0,405,405,C
5-NP,19,406,0,0,0,406,A
5-NP,20,405,0,1,0,406,A
5-NP,21,408,0,0,0,408,A
5-NP,22,0,1,0,408,409,C
5-NP,23,0,0,410,0,410,G
5-NP,24,0,0,440,0,440,G
5-NP,25,1,440,0,0,441,T
5-NP,26,1,0,0,479,480,C
5-NP,27,0,479,0,0,479,T
5-NP,28,0,478,0,2,480,T
5-NP,29,480,1,0,0,481,A
5-NP,30,0,480,0,0,480,T
5-NP,31,0,0,484,0,484,G
5-NP,32,484,0,1,0,485,A
5-NP,33,478,0,0,0,478,A
5-NP,34,1,0,0,478,479,C
5-NP,35,472,0,0,0,472,A
5-NP,36,0,1,503,0,504,G
5-NP,37,501,0,1,0,502,A
5-NP,38,0,502,0,0,502,T
5-NP,39,0,0,506,0,506,G
5-NP,40,0,0,508,0,508,G
5-NP,41,509,0,0,0,509,A
5-NP,42,509,0,0,0,509,A
5-NP,43,510,0,0,0,510,A
5-NP,44,0,0,0,529,529,C
5-NP,45,0,519,0,0,519,T
5-NP,46,0,0,526,0,526,G
5-NP,47,524,0,1,0,525,A
5-NP,48,0,524,0,0,524,T
5-NP,49,0,1,525,0,526,G
5-NP,50,0,0,530,0,530,G
5-NP,51,0,1,528,1,530,G
5-NP,52,0,0,530,0,530,G
5-NP,53,526,0,0,0,526,A
5-NP,54,0,527,0,1,528,T
5-NP,55,0,0,0,535,535,C
5-NP,56,0,0,534,0,534,G
5-NP,57,1,0,0,543,544,C
5-NP,58,0,1,0,545,546,C
5-NP,59,545,0,0,0,545,A
5-NP,60,0,1,557,0,558,G
5-NP,61,557,0,0,0,557,A
5-NP,62,569,0,0,0,569,A
5-NP,63,0,567,0,0,567,T
5-NP,64,0,0,569,0,569,G
5-NP,65,0,1,0,572,573,C
5-NP,66,568,0,0,1,569,A
5-NP,67,575,0,1,0,576,A
5-NP,68,0,0,0,577,577,C
5-NP,69,0,575,0,0,575,T
5-NP,70,0,0,585,0,585,G
5-NP,71,594,0,0,0,594,A
5-NP,72,0,0,632,0,632,G
5-NP,73,629,0,0,0,629,A
5-NP,74,1,626,0,0,627,T
5-NP,75,0,628,0,0,628,T
5-NP,76,628,0,0,0,628,A
5-NP,77,0,0,630,0,630,G
5-NP,78,1,0,628,0,629,G
5-NP,79,0,0,626,0,626,G
5-NP,80,0,0,0,621,621,C
5-NP,81,615,0,0,0,615,A
5-NP,82,0,618,0,1,619,T
5-NP,83,0,0,0,623,623,C
5-NP,84,1,34,0,585,620,C
5-NP,85,2,0,631,0,633,G
5-NP,86,0,631,0,0,631,T
5-NP,87,0,0,0,631,631,C
5-NP,88,0,1,635,0,636,G
5-NP,89,0,1,635,0,636,G
5-NP,90,0,0,642,0,642,G
5-NP,91,638,0,0,0,638,A
5-NP,92,637,0,0,1,638,A
5-NP,93,0,1,642,0,643,G
5-NP,94,637,0,1,0,638,A
5-NP,95,0,638,0,0,638,T
5-NP,96,0,0,641,0,641,G
5-NP,97,641,0,1,0,642,A
5-NP,98,0,642,0,1,643,T
5-NP,99,0,641,0,0,641,T
5-NP,100,0,0,640,0,640,G
5-NP,101,643,0,0,0,643,A
5-NP,102,2,641,0,0,643,T
5-NP,103,0,0,643,0,643,G
5-NP,104,0,1,660,0,661,G
5-NP,105,654,0,0,0,654,A
5-NP,106,656,1,0,0,657,A
5-NP,107,0,659,0,0,659,T
5-NP,108,0,659,0,0,659,T
5-NP,109,1,0,655,0,656,G
5-NP,110,0,0,655,0,655,G
5-NP,111,1,0,658,0,659,G
5-NP,112,655,0,0,0,655,A
5-NP,113,0,0,650,0,650,G
5-NP,114,652,0,0,0,652,A
5-NP,115,1,665,0,0,666,T
5-NP,116,0,668,0,0,668,T
5-NP,117,0,0,0,667,667,C
5-NP,118,0,668,0,0,668,T
5-NP,119,684,0,0,0,684,A
5-NP,120,0,0,0,686,686,C
5-NP,121,700,0,0,0,700,A
5-NP,122,0,705,0,0,705,T
5-NP,123,1,0,0,700,701,C
5-NP,124,1,0,0,703,704,C
5-NP,125,705,0,0,0,705,A
5-NP,126,724,0,0,0,724,A
5-NP,127,721,0,0,0,721,A
5-NP,128,0,722,0,0,722,T
5-NP,129,1,0,724,0,725,G
5-NP,130,0,718,0,0,718,T
5-NP,131,0,1,723,0,724,G
5-NP,132,1,0,0,722,723,C
5-NP,133,724,0,1,0,725,A
5-NP,134,0,0,0,726,726,C
5-NP,135,0,717,0,0,717,T
5-NP,136,0,0,756,0,756,G
5-NP,137,766,0,0,0,766,A
5-NP,138,779,0,0,0,779,A
5-NP,139,0,0,0,780,780,C
5-NP,140,0,775,0,2,777,T
5-NP,141,0,779,0,1,780,T
5-NP,142,787,0,0,0,787,A
5-NP,143,793,0,0,0,793,A
5-NP,144,794,0,0,0,794,A
5-NP,145,0,0,1,794,795,C
5-NP,146,0,772,1,0,773,T
5-NP,147,766,0,1,0,767,A
5-NP,148,775,0,1,0,776,A
5-NP,149,0,0,782,0,782,G
5-NP,150,0,781,0,0,781,T
5-NP,151,0,1,782,0,783,G
5-NP,152,804,0,1,0,805,A
5-NP,153,0,805,0,0,805,T
5-NP,154,0,0,0,821,821,C
5-NP,155,826,0,0,0,826,A
5-NP,156,0,825,0,0,825,T
5-NP,157,0,0,824,0,824,G
5-NP,158,825,0,0,0,825,A
5-NP,159,820,0,2,0,822,A
5-NP,160,0,0,824,0,824,G
5-NP,161,0,0,817,1,818,G
5-NP,162,0,0,819,0,819,G
5-NP,163,0,0,0,814,814,C
5-NP,164,1,0,814,0,815,G
5-NP,165,0,2,823,0,825,G
5-NP,166,1,822,0,2,825,T
5-NP,167,0,826,0,0,826,T
5-NP,168,0,0,826,0,826,G
5-NP,169,930,0,0,0,930,A
5-NP,170,0,927,0,1,928,T
5-NP,171,0,1,0,931,932,C
5-NP,172,0,0,0,936,936,C
5-NP,173,931,0,2,0,933,A
5-NP,174,1,0,933,0,934,G
5-NP,175,935,0,0,0,935,A
5-NP,176,935,0,1,0,936,A
5-NP,177,0,0,1,940,941,C
5-NP,178,883,0,1,0,884,A
5-NP,179,0,0,892,0,892,G
5-NP,180,0,0,0,894,894,C
5-NP,181,0,893,1,1,895,T
5-NP,182,1,900,0,0,901,T
5-NP,183,0,0,903,0,903,G
5-NP,184,909,0,1,0,910,A
5-NP,185,0,0,1,912,913,C
5-NP,186,904,0,0,0,904,A
5-NP,187,907,0,2,0,909,A
5-NP,188,0,902,0,0,902,T
5-NP,189,903,0,1,0,904,A
5-NP,190,0,0,915,0,915,G
5-NP,191,908,0,0,0,908,A
5-NP,192,0,0,917,0,917,G
5-NP,193,911,0,0,0,911,A
5-NP,194,926,0,0,0,926,A
5-NP,195,928,0,0,0,928,A
5-NP,196,952,1,0,0,953,A
5-NP,197,0,955,0,0,955,T
5-NP,198,0,1,956,0,957,G
5-NP,199,0,0,957,0,957,G
5-NP,200,0,954,0,0,954,T
5-NP,201,939,0,0,0,939,A
5-NP,202,1,1,0,949,951,C
5-NP,203,0,950,0,0,950,T
5-NP,204,0,0,0,962,962,C
5-NP,205,0,947,0,1,948,T
5-NP,206,1,0,0,955,956,C
5-NP,207,1,953,0,1,955,T
5-NP,208,0,1,954,1,956,G
5-NP,209,0,0,0,961,961,C
5-NP,210,0,952,0,1,953,T
5-NP,211,0,955,1,0,956,T
5-NP,212,0,951,0,0,951,T
5-NP,213,0,949,0,0,949,T
5-NP,214,0,1,952,0,953,G
5-NP,215,948,1,1,0,950,A
5-NP,216,1,949,0,0,950,T
5-NP,217,0,1,943,0,944,G
5-NP,218,940,2,0,0,942,A
5-NP,219,945,0,1,0,946,A
5-NP,220,942,1,0,0,943,A
5-NP,221,0,0,947,0,947,G
5-NP,222,947,0,1,0,948,A
5-NP,223,942,2,0,1,945,A
5-NP,224,0,1,951,0,952,G
5-NP,225,0,0,969,0,969,G
5-NP,226,971,0,2,1,974,A
5-NP,227,977,0,0,0,977,A
5-NP,228,0,977,0,0,977,T
5-NP,229,975,1,0,0,976,A
5-NP,230,977,0,0,0,977,A
5-NP,231,980,0,0,0,980,A
5-NP,232,0,979,0,0,979,T
5-NP,233,994,0,0,0,994,A
5-NP,234,0,0,0,992,992,C
5-NP,235,0,0,0,976,976,C
5-NP,236,0,975,0,0,975,T
5-NP,237,0,0,980,0,980,G
5-NP,238,0,1,986,0,987,G
5-NP,239,993,0,0,0,993,A
5-NP,240,989,0,0,0,989,A
5-NP,241,0,0,999,0,999,G
5-NP,242,992,1,2,0,995,A
5-NP,243,991,0,1,0,992,A
5-NP,244,0,0,0,994,994,C
5-NP,245,990,0,0,0,990,A
5-NP,246,0,0,0,1023,1023,C
5-NP,247,0,0,0,1014,1014,C
5-NP,248,0,0,0,1016,1016,C
5-NP,249,1,0,0,1016,1017,C
5-NP,250,1007,0,1,0,1008,A
5-NP,251,0,0,1012,0,1012,G
5-NP,252,0,0,0,1010,1010,C
5-NP,253,0,0,1014,0,1014,G
5-NP,254,0,0,0,1013,1013,C
5-NP,255,2,0,994,0,996,G
5-NP,256,0,0,1003,0,1003,G
5-NP,257,1,0,1003,0,1004,G
5-NP,258,0,0,1010,0,1010,G
5-NP,259,1010,0,0,0,1010,A
5-NP,260,1005,1,0,1,1007,A
5-NP,261,1008,1,1,0,1010,A
5-NP,262,0,0,1012,0,1012,G
5-NP,263,1013,0,0,0,1013,A
5-NP,264,1,1013,0,1,1015,T
5-NP,265,0,1,0,1007,1008,C
5-NP,266,0,0,0,1005,1005,C
5-NP,267,1,0,0,1012,1013,C
5-NP,268,1012,0,1,0,1013,A
5-NP,269,1017,0,1,0,1018,A
5-NP,270,0,1,1020,0,1021,G
5-NP,271,1021,0,0,0,1021,A
5-NP,272,1025,0,0,0,1025,A
5-NP,273,1019,0,1,0,1020,A
5-NP,274,1020,0,1,0,1021,A
5-NP,275,0,1,0,1025,1026,C
5-NP,276,0,1020,0,0,1020,T
5-NP,277,2,2,1015,0,1019,G
5-NP,278,0,0,1021,0,1021,G
5-NP,279,0,1,1017,0,1018,G
5-NP,280,1,1,1018,0,1020,G
5-NP,281,0,0,1023,0,1023,G
5-NP,282,1,1,1036,0,1038,G
5-NP,283,0,1,0,1102,1103,C
5-NP,284,0,2,0,1105,1107,C
5-NP,285,1,1,0,1110,1112,C
5-NP,286,1244,0,0,1,1245,A
5-NP,287,0,1244,0,1,1245,T
5-NP,288,1298,0,0,0,1298,A
5-NP,289,0,1300,0,0,1300,T
5-NP,290,1293,0,0,0,1293,A
5-NP,291,0,1,0,1305,1306,C
5-NP,292,1211,0,0,0,1211,A
5-NP,293,0,0,1225,0,1225,G
5-NP,294,0,0,1225,0,1225,G
5-NP,295,1117,1,0,0,1118,A
5-NP,296,0,1,1132,0,1133,G
5-NP,297,1077,0,0,1,1078,A
5-NP,298,0,0,1087,0,1087,G
5-NP,299,0,1087,0,0,1087,T
5-NP,300,1076,0,0,1,1077,A
5-NP,301,0,1,1081,0,1082,G
5-NP,302,1072,0,0,0,1072,A
5-NP,303,0,1070,0,0,1070,T
5-NP,304,0,1,1067,0,1068,G
5-NP,305,0,2,1069,2,1073,G
5-NP,306,1069,1,0,0,1070,A
5-NP,307,1064,0,0,0,1064,A
5-NP,308,1068,0,0,0,1068,A
5-NP,309,1070,0,1,0,1071,A
5-NP,310,0,1067,0,0,1067,T
5-NP,311,0,0,1080,0,1080,G
5-NP,312,0,0,1079,0,1079,G
5-NP,313,1075,1,1,0,1077,A
5-NP,314,0,1073,0,0,1073,T
5-NP,315,0,0,1075,0,1075,G
5-NP,316,1074,0,2,0,1076,A
5-NP,317,0,2,1074,0,1076,G
5-NP,318,1,1,1076,0,1078,G
5-NP,319,0,0,1098,0,1098,G
5-NP,320,1160,0,1,0,1161,A
5-NP,321,1178,0,0,0,1178,A
5-NP,322,0,0,0,1247,1247,C
5-NP,323,0,1246,0,1,1247,T
5-NP,324,1,0,0,1317,1318,C
5-NP,325,1,0,1367,1,1369,G
5-NP,326,0,1421,0,2,1423,T
5-NP,327,1,0,0,1454,1455,C
5-NP,328,0,0,0,2004,2004,C
5-NP,329,0,2004,0,2,2006,T
5-NP,330,1,2023,0,1,2025,T
5-NP,331,0,2028,0,0,2028,T
5-NP,332,2047,1,1,0,2049,A
5-NP,333,0,2055,0,0,2055,T
5-NP,334,0,3,2051,1,2055,G
5-NP,335,2091,3,0,0,2094,A
5-NP,336,1,1,0,2107,2109,C
5-NP,337,2085,0,1,0,2086,A
5-NP,338,2110,0,1,0,2111,A
5-NP,339,2144,1,0,0,2145,A
5-NP,340,0,1,2354,0,2355,G
5-NP,341,2352,3,0,0,2355,A
5-NP,342,2357,1,0,0,2358,A
5-NP,343,1,1,2591,0,2593,G
5-NP,344,2627,1,0,0,2628,A
5-NP,345,2636,0,0,0,2636,A
5-NP,346,2640,0,2,0,2642,A
5-NP,347,3,2642,0,0,2645,T
5-NP,348,2649,0,0,0,2649,A
5-NP,349,2647,0,0,0,2647,A
5-NP,350,0,2,2701,0,2703,G
5-NP,351,0,0,2697,0,2697,G
5-NP,352,1,1,0,2693,2695,C
5-NP,353,0,0,2688,1,2689,G
5-NP,354,2727,0,0,0,2727,A
5-NP,355,2788,0,1,0,2789,A
5-NP,356,0,2807,0,0,2807,T
5-NP,357,0,0,0,2812,2812,C
5-NP,358,0,2811,0,1,2812,T
5-NP,359,1,1,2821,1,2824,G
5-NP,360,2,0,2838,0,2840,G
5-NP,361,1,2,0,2847,2850,C
5-NP,362,0,2,2844,0,2846,G
5-NP,363,0,0,0,2843,2843,C
5-NP,364,2,1,0,2851,2854,C
5-NP,365,2868,1,0,0,2869,A
5-NP,366,2950,0,0,0,2950,A
5-NP,367,1,0,3121,0,3122,G
5-NP,368,1,0,0,3129,3130,C
5-NP,369,0,1,1,3188,3190,C
5-NP,370,3192,0,3,0,3195,A
5-NP,371,3294,0,4,0,3298,A
5-NP,372,0,1,0,3372,3373,C
5-NP,373,3375,0,0,0,3375,A
5-NP,374,3518,0,0,0,3518,A
5-NP,375,0,3522,0,1,3523,T
5-NP,376,0,5,3675,1,3681,G
5-NP,377,1,5,3685,0,3691,G
5-NP,378,0,3672,0,2,3674,T
5-NP,379,1,4,3681,1,3687,G
5-NP,380,3683,0,0,0,3683,A
5-NP,381,0,4,3866,0,3870,G
5-NP,382,0,1,3880,0,3881,G
5-NP,383,3958,0,0,1,3959,A
5-NP,384,0,4630,0,0,4630,T
5-NP,385,1,0,4765,0,4766,G
5-NP,386,1,2,0,4790,4793,C
5-NP,387,0,4795,0,6,4801,T
5-NP,388,4843,2,1,0,4846,A
5-NP,389,4,0,0,4984,4988,C
5-NP,390,5026,1,0,1,5028,A
5-NP,391,0,5019,0,2,5021,T
5-NP,392,2,0,0,5009,5011,C
5-NP,393,1,4905,0,3,4909,T
5-NP,394,1,3,5220,0,5224,G
5-NP,395,2,5,5385,1,5393,G
5-NP,396,2,5384,0,5,5391,T
5-NP,397,1,0,0,5399,5400,C
5-NP,398,1,5371,0,4,5376,T
5-NP,399,5513,0,1,0,5514,A
5-NP,400,5509,1,0,3,5513,A
5-NP,401,0,0,1,5599,5600,C
5-NP,402,2,5586,0,2,5590,T
5-NP,403,2,1,2,5676,5681,C
5-NP,404,5677,2,2,0,5681,A
5-NP,405,0,0,0,6000,6000,C
5-NP,406,5997,0,2,0,5999,A
5-NP,407,0,6029,0,1,6030,T
5-NP,408,5996,2,1,0,5999,A
5-NP,409,6036,0,4,1,6041,A
5-NP,410,0,6091,0,1,6092,T
5-NP,411,0,2,6170,2,6174,G
5-NP,412,6163,2,0,1,6166,A
5-NP,413,1,6137,2,0,6140,T
5-NP,414,1,6092,0,1,6094,T
5-NP,415,0,6113,0,1,6114,T
5-NP,416,0,2,6092,1,6095,G
5-NP,417,4,1,6105,0,6110,G
5-NP,418,0,4,2,6111,6117,C
5-NP,419,6123,1,0,0,6124,A
5-NP,420,0,6145,0,3,6148,T
5-NP,421,0,6145,0,5,6150,T
5-NP,422,3,1,0,6144,6148,C
5-NP,423,4,2,0,6160,6166,C
5-NP,424,6288,3,0,0,6291,A
5-NP,425,6295,1,4,1,6301,A
5-NP,426,1,6296,2,1,6300,T
5-NP,427,1,6305,0,3,6309,T
5-NP,428,0,6295,2,4,6301,T
5-NP,429,1,0,6364,0,6365,G
5-NP,430,6353,2,2,1,6358,A
5-NP,431,6357,1,1,0,6359,A
5-NP,432,2,6418,0,2,6422,T
5-NP,433,2,0,6389,1,6392,G
5-NP,434,6731,2,0,1,6734,A
5-NP,435,2,6743,0,1,6746,T
5-NP,436,0,2,6770,2,6774,G
5-NP,437,2,3,0,7006,7011,C
5-NP,438,6991,0,7,2,7000,A
5-NP,439,7372,2,4,1,7379,A
5-NP,440,0,1,0,7395,7396,C
5-NP,441,7554,3,1,0,7558,A
5-NP,442,0,7756,2,1,7759,T
5-NP,443,7665,0,1,0,7666,A
5-NP,444,0,2,0,7846,7848,C
5-NP,445,5,1,1,7830,7837,C
5-NP,446,7750,2,3,0,7755,A
5-NP,447,0,2,7882,0,7884,G
5-NP,448,7763,0,4,0,7767,A
5-NP,449,0,3,7976,1,7980,G
5-NP,450,2,4,7963,1,7970,G
5-NP,451,7938,1,3,1,7943,A
5-NP,452,1,0,0,8019,8020,C
5-NP,453,7951,0,5,0,7956,A
5-NP,454,7948,2,12,0,7962,A
5-NP,455,0,1,8021,0,8022,G
5-NP,456,7946,3,10,1,7960,A
5-NP,457,1,3,8018,0,8022,G
5-NP,458,2,0,0,8012,8014,C
5-NP,459,1,7968,1,10,7980,T
5-NP,460,3,0,0,8019,8022,C
5-NP,461,1,8006,0,3,8010,T
5-NP,462,2,8040,0,1,8043,T
5-NP,463,2,1,8066,0,8069,G
5-NP,464,2,8038,0,6,8046,T
5-NP,465,0,8029,1,11,8041,T
5-NP,466,1,2,1,8032,8036,C
5-NP,467,4,1,8017,2,8024,G
5-NP,468,8178,0,2,1,8181,A
5-NP,469,8193,7,2,1,8203,A
5-NP,470,1,3,0,8263,8267,C
5-NP,471,0,8251,1,2,8254,T
5-NP,472,4,2,8409,1,8416,G
5-NP,473,0,3,8451,1,8455,G
5-NP,474,8445,10,2,0,8457,A
5-NP,475,8455,2,5,0,8462,A
5-NP,476,2,8459,0,2,8463,T
5-NP,477,0,7,8498,1,8506,G
5-NP,478,1,9,8533,0,8543,G
5-NP,479,8645,1,7,0,8653,A
5-NP,480,3,8750,1,3,8757,T
5-NP,481,0,1,0,8808,8809,C
5-NP,482,5,2,0,8816,8823,C
5-NP,483,3,1,0,8859,8863,C
5-NP,484,8941,2,1,0,8944,A
5-NP,485,1,3,9025,0,9029,G
5-NP,486,9055,1,2,1,9059,A
5-NP,487,9071,0,1,1,9073,A
5-NP,488,0,8996,1,1,8998,T
5-NP,489,3,6,9117,0,9126,G
5-NP,490,3,9070,0,6,9079,T
5-NP,491,1,0,9137,1,9139,G
5-NP,492,2,0,2,9154,9158,C
5-NP,493,1,9108,0,7,9116,T
5-NP,494,3,1,0,9709,9713,C
5-NP,495,3,9671,1,5,9680,T
5-NP,496,3,1,1,10144,10149,C
5-NP,497,0,10123,1,2,10126,T
5-NP,498,1,5,10178,0,10184,G
5-NP,499,10271,2,5,1,10279,A
5-NP,500,3,10257,0,4,10264,T
5-NP,501,1,6,10248,0,10255,G
5-NP,502,2,0,0,10258,10260,C
5-NP,503,10051,0,3,2,10056,A
5-NP,504,4,7,10323,1,10335,G
5-NP,505,1,8,10166,0,10175,G
5-NP,506,2,1,10303,0,10306,G
5-NP,507,1,4,1,10301,10307,C
5-NP,508,0,10261,1,5,10267,T
5-NP,509,1,3,0,10295,10299,C
5-NP,510,2,0,10300,1,10303,G
5-NP,511,10463,3,3,4,10473,A
5-NP,512,2,0,0,10544,10546,C
5-NP,513,0,10441,0,2,10443,T
5-NP,514,5,0,0,11073,11078,C
5-NP,515,2,11040,0,4,11046,T
5-NP,516,5,4,2,12754,12765,C
5-NP,517,12,1,0,12786,12799,C
5-NP,518,8,2,0,12816,12826,C
5-NP,519,2,12817,0,2,12821,T
5-NP,520,12772,0,3,0,12775,A
5-NP,521,0,3,12776,0,12779,G
5-NP,522,12747,1,2,3,12753,A
5-NP,523,12452,0,3,2,12457,A
5-NP,524,2,9,12475,0,12486,G
5-NP,525,2,3,12378,0,12383,G
5-NP,526,1,12259,0,2,12262,T
5-NP,527,5,0,0,12256,12261,C
5-NP,528,4,10,3,12249,12266,C
5-NP,529,0,8,12263,0,12271,G
5-NP,530,2,2,12366,0,12370,G
5-NP,531,12344,0,16,0,12360,A
5-NP,532,2,3,12489,0,12494,G
5-NP,533,4,2,0,12532,12538,C
5-NP,534,0,12423,1,8,12432,T
5-NP,535,5,1,12463,0,12469,G
5-NP,536,1,0,0,12506,12507,C
5-NP,537,12460,6,16,1,12483,A
5-NP,538,1,9,12524,1,12535,G
5-NP,539,2,3,12565,0,12570,G
5-NP,540,2,12584,0,2,12588,T
5-NP,541,2,3,12512,0,12517,G
5-NP,542,0,5,0,12544,12549,C
5-NP,543,3,12535,0,6,12544,T
5-NP,544,0,1,12609,0,12610,G
5-NP,545,2,0,0,12614,12616,C
5-NP,546,12875,0,1,1,12877,A
5-NP,547,1,2,13534,1,13538,G
5-NP,548,1,13472,0,4,13477,T
5-NP,549,3,3,1,13491,13498,C
5-NP,550,13486,3,1,0,13490,A
5-NP,551,13488,3,5,0,13496,A
5-NP,552,13468,0,44,0,13512,A
5-NP,553,4,6,13507,1,13518,G
5-NP,554,2,7,13502,1,13512,G
5-NP,555,13282,2,3,0,13287,A
5-NP,556,2,10,13220,0,13232,G
5-NP,557,4,13640,1,2,13647,T
5-NP,558,7,1,0,13644,13652,C
5-NP,559,7,10,13668,0,13685,G
5-NP,560,9,9,14123,2,14143,G
5-NP,561,1,8,14154,0,14163,G
5-NP,562,14133,4,6,0,14143,A
5-NP,563,2,3,1,14162,14168,C
5-NP,564,14029,4,3,1,14037,A
5-NP,565,14257,2,4,0,14263,A
5-NP,566,3,14296,0,2,14301,T
5-NP,567,2,7,14378,0,14387,G
5-NP,568,2,1,14680,1,14684,G
5-NP,569,2,14678,1,5,14686,T
5-NP,570,1,2,14716,1,14720,G
5-NP,571,14697,1,6,1,14705,A
5-NP,572,12,14668,0,10,14690,T
5-NP,573,7,12,14663,1,14683,G
5-NP,574,1,7,14844,2,14854,G
5-NP,575,14794,6,11,1,14812,A
5-NP,576,14818,1,8,0,14827,A
5-NP,577,2,2,0,14804,14808,C
5-NP,578,0,14486,2,3,14491,T
5-NP,579,0,9,15139,0,15148,G
5-NP,580,15137,3,2,0,15142,A
5-NP,581,1,15144,0,2,15147,T
5-NP,582,4,3,1,15188,15196,C
5-NP,583,14993,3,5,2,15003,A
5-NP,584,2,7,15486,0,15495,G
5-NP,585,15432,1,4,2,15439,A
5-NP,586,15445,3,4,1,15453,A
5-NP,587,4,15482,2,4,15492,T
5-NP,588,4,9,15245,1,15259,G
5-NP,589,1,2,15419,1,15423,G
5-NP,590,8,15397,1,18,15424,T
5-NP,591,4,2,2,15449,15457,C
5-NP,592,15450,1,2,1,15454,A
5-NP,593,15385,2,4,2,15393,A
5-NP,594,15409,3,5,0,15417,A
5-NP,595,4,4,0,15413,15421,C
5-NP,596,5,20,15357,5,15387,G
5-NP,597,2,17,15498,0,15517,G
5-NP,598,7,20,15383,0,15410,G
5-NP,599,3,3,15476,1,15483,G
5-NP,600,9,2,15490,0,15501,G
5-NP,601,15502,3,16,1,15522,A
5-NP,602,0,15418,0,9,15427,T
5-NP,603,3,3,2,15413,15421,C
5-NP,604,15455,2,12,0,15469,A
5-NP,605,15468,2,7,2,15479,A
5-NP,606,7,5,1,15355,15368,C
5-NP,607,1,4,15319,1,15325,G
5-NP,608,15281,1,2,0,15284,A
5-NP,609,4,15260,1,2,15267,T
5-NP,610,4,2,0,15263,15269,C
5-NP,611,0,1,15280,2,15283,G
5-NP,612,15235,7,5,3,15250,A
5-NP,613,15226,2,2,1,15231,A
5-NP,614,15245,0,3,2,15250,A
5-NP,615,2,15368,1,1,15372,T
5-NP,616,1,15364,1,6,15372,T
5-NP,617,2,15366,2,3,15373,T
5-NP,618,1,15395,2,5,15403,T
5-NP,619,1,15442,1,5,15449,T
5-NP,620,2,9,15455,3,15469,G
5-NP,621,3,4,15450,1,15458,G
5-NP,622,15349,1,19,0,15369,A
5-NP,623,1,8,15473,1,15483,G
5-NP,624,15334,1,3,2,15340,A
5-NP,625,1,4,15970,0,15975,G
5-NP,626,1,3,16032,0,16036,G
5-NP,627,6,15971,0,13,15990,T
5-NP,628,5,11,16043,0,16059,G
5-NP,629,16026,3,11,0,16040,A
5-NP,630,2,9,16123,1,16135,G
5-NP,631,16083,3,5,1,16092,A
5-NP,632,16064,1,7,2,16074,A
5-NP,633,1,16004,0,3,16008,T
5-NP,634,5,9,15535,1,15550,G
5-NP,635,3,7,15462,0,15472,G
5-NP,636,4,3,15449,0,15456,G
5-NP,637,1,5,0,15439,15445,C
5-NP,638,9,11,15444,2,15466,G
5-NP,639,6,6,15542,0,15554,G
5-NP,640,15546,0,6,0,15552,A
5-NP,641,15557,1,5,1,15564,A
5-NP,642,15741,4,5,0,15750,A
5-NP,643,15772,3,19,9,15803,A
5-NP,644,3,4,1,15898,15906,C
5-NP,645,15847,1,4,0,15852,A
5-NP,646,15846,4,4,3,15857,A
5-NP,647,4,4,15860,1,15869,G
5-NP,648,15555,2,4,3,15564,A
5-NP,649,15601,0,4,0,15605,A
5-NP,650,2,5,15925,0,15932,G
5-NP,651,1,15904,1,0,15906,T
5-NP,652,5,7,16563,1,16576,G
5-NP,653,4,3,0,16492,16499,C
5-NP,654,2,16499,3,7,16511,T
5-NP,655,0,16600,1,2,16603,T
5-NP,656,16794,2,3,0,16799,A
5-NP,657,4,16780,2,5,16791,T
5-NP,658,5,5,16846,0,16856,G
5-NP,659,16527,4,20,2,16553,A
5-NP,660,0,8,16616,0,16624,G
5-NP,661,15994,3,6,2,16005,A
5-NP,662,2,9,16065,0,16076,G
5-NP,663,16051,2,1,0,16054,A
5-NP,664,16182,0,3,3,16188,A
5-NP,665,1,16090,0,3,16094,T
5-NP,666,4,4,16252,1,16261,G
5-NP,667,4,16165,1,19,16189,T
5-NP,668,7,3,16235,0,16245,G
5-NP,669,1,8,0,16201,16210,C
5-NP,670,16184,3,5,1,16193,A
5-NP,671,16219,2,15,1,16237,A
5-NP,672,2,1,1,16179,16183,C
5-NP,673,16097,3,2,0,16102,A
5-NP,674,1,16131,1,5,16138,T
5-NP,675,2,15996,1,6,16005,T
5-NP,676,2,1,0,16057,16060,C
5-NP,677,1,16020,0,5,16026,T
5-NP,678,4,16011,2,5,16022,T
5-NP,679,16037,5,6,1,16049,A
5-NP,680,15997,2,6,1,16006,A
5-NP,681,15994,1,6,0,16001,A
5-NP,682,0,6,16004,1,16011,G
5-NP,683,2,8,15958,2,15970,G
5-NP,684,15957,3,11,1,15972,A
5-NP,685,15941,0,6,2,15949,A
5-NP,686,15958,0,6,4,15968,A
5-NP,687,16130,2,4,0,16136,A
5-NP,688,0,16089,2,6,16097,T
5-NP,689,0,16083,2,7,16092,T
5-NP,690,1,16143,1,4,16149,T
5-NP,691,1,0,0,16174,16175,C
5-NP,692,16175,1,5,1,16182,A
5-NP,693,16157,1,8,2,16168,A
5-NP,694,16160,0,6,2,16168,A
5-NP,695,6,3,1,16329,16339,C
5-NP,696,16166,5,1,0,16172,A
5-NP,697,1,5,16445,0,16451,G
5-NP,698,2,3,0,16453,16458,C
5-NP,699,2,16468,1,5,16476,T
5-NP,700,7,3,16729,0,16739,G
5-NP,701,2,6,1,16691,16700,C
5-NP,702,16802,1,23,0,16826,A
5-NP,703,5,6,1,16833,16845,C
5-NP,704,16732,1,1,1,16735,A
5-NP,705,16763,3,12,1,16779,A
5-NP,706,16427,1,8,0,16436,A
5-NP,707,2,8,16995,0,17005,G
5-NP,708,16949,2,19,1,16971,A
5-NP,709,13,5,17057,2,17077,G
5-NP,710,6,3,0,16976,16985,C
5-NP,711,16964,3,4,2,16973,A
5-NP,712,17448,1,6,2,17457,A
5-NP,713,2,17460,0,5,17467,T
5-NP,714,5,11,17498,2,17516,G
5-NP,715,4,10,17564,2,17580,G
5-NP,716,4,17094,0,16,17114,T
5-NP,717,7,10,17124,2,17143,G
5-NP,718,2,6,17294,0,17302,G
5-NP,719,17293,5,10,2,17310,A
5-NP,720,3,17252,2,6,17263,T
5-NP,721,1,2,0,16831,16834,C
5-NP,722,16878,2,8,1,16889,A
5-NP,723,17063,2,6,1,17072,A
5-NP,724,5,9,17117,0,17131,G
5-NP,725,2,17001,1,7,17011,T
5-NP,726,1,5,17016,3,17025,G
5-NP,727,16818,5,14,0,16837,A
5-NP,728,1,11,16891,1,16904,G
5-NP,729,16869,2,9,0,16880,A
5-NP,730,3,1,16883,1,16888,G
5-NP,731,16782,4,3,1,16790,A
5-NP,732,16513,0,2,0,16515,A
5-NP,733,16552,3,14,0,16569,A
5-NP,734,1,2,16637,0,16640,G
5-NP,735,2,16576,2,2,16582,T
5-NP,736,4,4,1,16567,16576,C
5-NP,737,15,6,16511,0,16532,G
5-NP,738,2,3,16590,1,16596,G
5-NP,739,16567,3,10,1,16581,A
5-NP,740,16666,3,2,1,16672,A
5-NP,741,8,1,0,16737,16746,C
5-NP,742,15,6,1,16602,16624,C
5-NP,743,11,2,1,16681,16695,C
5-NP,744,16675,1,12,1,16689,A
5-NP,745,3,5,16730,1,16739,G
5-NP,746,2,9,16749,0,16760,G
5-NP,747,16695,2,5,1,16703,A
5-NP,748,16715,2,5,1,16723,A
5-NP,749,16658,0,9,2,16669,A
5-NP,750,1,4,0,16652,16657,C
5-NP,751,0,1,16637,1,16639,G
5-NP,752,5,1,1,16603,16610,C
5-NP,753,1,16600,1,5,16607,T
5-NP,754,2,9,16620,1,16632,G
5-NP,755,16585,3,7,1,16596,A
5-NP,756,2,5,16783,0,16790,G
5-NP,757,16794,3,5,0,16802,A
5-NP,758,1,16787,2,4,16794,T
5-NP,759,2,3,0,16627,16632,C
5-NP,760,3,2,16669,0,16674,G
5-NP,761,16668,1,4,0,16673,A
5-NP,762,16644,2,8,0,16654,A
5-NP,763,1,1,16680,1,16683,G
5-NP,764,16687,4,2,0,16693,A
5-NP,765,2,16521,3,5,16531,T
5-NP,766,4,2,1,16630,16637,C
5-NP,767,2,16608,2,14,16626,T
5-NP,768,4,5,1,16668,16678,C
5-NP,769,16706,2,6,1,16715,A
5-NP,770,5,16690,2,3,16700,T
5-NP,771,16730,0,2,0,16732,A
5-NP,772,4,16707,3,3,16717,T
5-NP,773,3,16626,3,3,16635,T
5-NP,774,3,16580,5,2,16590,T
5-NP,775,2,16461,3,4,16470,T
5-NP,776,1,16507,2,5,16515,T
5-NP,777,16547,2,7,1,16557,A
5-NP,778,7,2,16541,0,16550,G
5-NP,779,3,7,0,16523,16533,C
5-NP,780,16490,1,4,2,16497,A
5-NP,781,16441,5,4,3,16453,A
5-NP,782,3,5,16943,0,16951,G
5-NP,783,16918,4,6,1,16929,A
5-NP,784,3,16926,0,4,16933,T
5-NP,785,5,2,0,16999,17006,C
5-NP,786,3,16967,0,14,16984,T
5-NP,787,7,3,17359,1,17370,G
5-NP,788,1,3,1,17389,17394,C
5-NP,789,17410,6,4,1,17421,A
5-NP,790,2,17552,0,5,17559,T
5-NP,791,2,17007,1,4,17014,T
5-NP,792,1,3,17885,1,17890,G
5-NP,793,18148,1,9,1,18159,A
5-NP,794,1,18131,1,2,18135,T
5-NP,795,18182,1,9,1,18193,A
5-NP,796,1,17833,2,8,17844,T
5-NP,797,2,17737,1,5,17745,T
5-NP,798,2,5,17847,2,17856,G
5-NP,799,17661,1,8,0,17670,A
5-NP,800,2,7,17793,0,17802,G
5-NP,801,16964,2,25,1,16992,A
5-NP,802,3,7,16679,0,16689,G
5-NP,803,2,3,16924,1,16930,G
5-NP,804,16862,2,4,1,16869,A
5-NP,805,3,16856,1,5,16865,T
5-NP,806,6,2,1,16894,16903,C
5-NP,807,16797,3,8,1,16809,A
5-NP,808,3,5,16858,0,16866,G
5-NP,809,2,16764,2,10,16778,T
5-NP,810,3,16671,0,4,16678,T
5-NP,811,3,6,16682,0,16691,G
5-NP,812,2,6,1,16509,16518,C
5-NP,813,4,16498,0,11,16513,T
5-NP,814,6,1,1,16567,16575,C
5-NP,815,16580,3,9,0,16592,A
5-NP,816,2,3,1,16608,16614,C
5-NP,817,16530,0,3,2,16535,A
5-NP,818,16605,3,4,1,16613,A
5-NP,819,16655,1,7,3,16666,A
5-NP,820,2,16604,1,3,16610,T
5-NP,821,4,0,0,16633,16637,C
5-NP,822,1,16586,2,7,16596,T
5-NP,823,1,16557,0,6,16564,T
5-NP,824,1,4,16609,0,16614,G
5-NP,825,6,9,0,16594,16609,C
5-NP,826,6,4,0,16812,16822,C
5-NP,827,5,16743,1,20,16769,T
5-NP,828,16841,1,5,2,16849,A
5-NP,829,4,4,3,16813,16824,C
5-NP,830,6,3,1,16825,16835,C
5-NP,831,0,16763,1,15,16779,T
5-NP,832,1,4,17060,2,17067,G
5-NP,833,2,2,2,17020,17026,C
5-NP,834,13,2,4,17014,17033,C
5-NP,835,4,16742,1,11,16758,T
5-NP,836,4,5,16956,0,16965,G
5-NP,837,3,16859,1,7,16870,T
5-NP,838,1,4,17041,1,17047,G
5-NP,839,5,6,1,17127,17139,C
5-NP,840,7,4,17348,0,17359,G
5-NP,841,2,17059,0,6,17067,T
5-NP,842,17013,2,4,0,17019,A
5-NP,843,3,17026,0,7,17036,T
5-NP,844,4,11,17013,1,17029,G
5-NP,845,4,4,17637,2,17647,G
5-NP,846,17550,4,33,2,17589,A
5-NP,847,3,8,1,17273,17285,C
5-NP,848,13,2,0,17270,17285,C
5-NP,849,3,17019,0,12,17034,T
5-NP,850,5,0,17808,0,17813,G
5-NP,851,1,9,1,17816,17827,C
5-NP,852,17841,3,10,0,17854,A
5-NP,853,1,6,18122,1,18130,G
5-NP,854,1,17154,0,1,17156,T
5-NP,855,17721,5,3,0,17729,A
5-NP,856,1,17658,2,9,17670,T
5-NP,857,8,3,0,17592,17603,C
5-NP,858,11,2,1,17616,17630,C
5-NP,859,16782,3,10,3,16798,A
5-NP,860,1,5,16866,1,16873,G
5-NP,861,1,16785,1,5,16792,T
5-NP,862,6,19,16903,2,16930,G
5-NP,863,1,12,16841,0,16854,G
5-NP,864,6,3,16596,2,16607,G
5-NP,865,2,16570,1,11,16584,T
5-NP,866,16553,5,6,0,16564,A
5-NP,867,3,1,1,16612,16617,C
5-NP,868,5,8,16547,0,16560,G
5-NP,869,16503,2,3,1,16509,A
5-NP,870,3,3,0,16492,16498,C
5-NP,871,1,16112,1,6,16120,T
5-NP,872,4,16129,0,1,16134,T
5-NP,873,3,3,0,16076,16082,C
5-NP,874,5,7,16084,0,16096,G
5-NP,875,16087,0,9,1,16097,A
5-NP,876,16093,0,5,1,16099,A
5-NP,877,16082,4,4,42,16132,A
5-NP,878,16111,4,3,3,16121,A
5-NP,879,16062,2,14,5,16083,A
5-NP,880,1,4,16136,1,16142,G
5-NP,881,16063,2,28,0,16093,A
5-NP,882,1,7,16211,0,16219,G
5-NP,883,5,7,16286,0,16298,G
5-NP,884,4,2,16311,1,16318,G
5-NP,885,16337,2,11,2,16352,A
5-NP,886,1,16324,4,21,16350,T
5-NP,887,16463,0,5,0,16468,A
5-NP,888,3,16480,3,6,16492,T
5-NP,889,3,16499,2,10,16514,T
5-NP,890,1,2,1,16663,16667,C
5-NP,891,6,2,1,16540,16549,C
5-NP,892,3,16335,0,3,16341,T
5-NP,893,3,16336,1,3,16343,T
5-NP,894,2,3,16558,1,16564,G
5-NP,895,1,4,16641,2,16648,G
5-NP,896,5,16482,1,6,16494,T
5-NP,897,1,11,16379,3,16394,G
5-NP,898,5,17,16266,1,16289,G
5-NP,899,1,7,16091,1,16100,G
5-NP,900,2,5,15746,1,15754,G
5-NP,901,16621,1,9,0,16631,A
5-NP,902,0,16649,1,3,16653,T
5-NP,903,16658,2,6,0,16666,A
5-NP,904,3,3,16684,1,16691,G
5-NP,905,16590,3,29,0,16622,A
5-NP,906,7,4,0,16590,16601,C
5-NP,907,8,4,0,16313,16325,C
5-NP,908,12,2,1,15675,15690,C
5-NP,909,2,15796,2,28,15828,T
5-NP,910,5,15828,1,7,15841,T
5-NP,911,1,15847,0,5,15853,T
5-NP,912,5,4,0,15850,15859,C
5-NP,913,15782,2,2,0,15786,A
5-NP,914,15812,1,2,1,15816,A
5-NP,915,15765,3,4,2,15774,A
5-NP,916,1,2,0,15786,15789,C
5-NP,917,2,15414,0,2,15418,T
5-NP,918,15277,3,4,1,15285,A
5-NP,919,3,2,0,15432,15437,C
5-NP,920,2,15350,0,8,15360,T
5-NP,921,5,15343,1,7,15356,T
5-NP,922,3,2,2,15405,15412,C
5-NP,923,15381,0,3,0,15384,A
5-NP,924,15392,0,0,1,15393,A
5-NP,925,15345,3,1,0,15349,A
5-NP,926,15355,3,3,1,15362,A
5-NP,927,0,15260,0,4,15264,T
5-NP,928,15051,0,10,0,15061,A
5-NP,929,4,4,15205,0,15213,G
5-NP,930,4,2,0,15239,15245,C
5-NP,931,1,2,1,15384,15388,C
5-NP,932,15419,0,3,0,15422,A
5-NP,933,15438,1,4,1,15444,A
5-NP,934,15821,4,6,2,15833,A
5-NP,935,0,15868,0,1,15869,T
5-NP,936,15932,4,3,0,15939,A
5-NP,937,2,15929,1,1,15933,T
5-NP,938,15701,2,8,1,15712,A
5-NP,939,6,4,0,15716,15726,C
5-NP,940,15362,1,7,1,15371,A
5-NP,941,2,3,15693,0,15698,G
5-NP,942,2,2,0,15664,15668,C
5-NP,943,1,15246,1,12,15260,T
5-NP,944,4,15381,1,4,15390,T
5-NP,945,15449,2,5,1,15457,A
5-NP,946,15455,7,5,1,15468,A
5-NP,947,1,15455,0,4,15460,T
5-NP,948,7,3,0,15438,15448,C
5-NP,949,14989,2,4,0,14995,A
5-NP,950,1,4,15141,0,15146,G
5-NP,951,15141,1,6,0,15148,A
5-NP,952,7,0,0,15227,15234,C
5-NP,953,8,1,0,15073,15082,C
5-NP,954,6,14905,0,5,14916,T
5-NP,955,15013,0,5,0,15018,A
5-NP,956,15010,3,5,1,15019,A
5-NP,957,3,1,2,15067,15073,C
5-NP,958,4,7,15059,1,15071,G
5-NP,959,14729,4,3,0,14736,A
5-NP,960,0,2,14735,1,14738,G
5-NP,961,14617,2,9,0,14628,A
5-NP,962,14771,2,4,1,14778,A
5-NP,963,3,14737,0,1,14741,T
5-NP,964,4,0,4,14591,14599,C
5-NP,965,3,1,0,14590,14594,C
5-NP,966,14334,0,48,1,14383,A
5-NP,967,3,2,14476,0,14481,G
5-NP,968,3,2,0,14450,14455,C
5-NP,969,14553,2,6,0,14561,A
5-NP,970,7,3,0,14624,14634,C
5-NP,971,14451,4,6,0,14461,A
5-NP,972,8,1,0,14471,14480,C
5-NP,973,14431,2,10,2,14445,A
5-NP,974,14485,2,13,0,14500,A
5-NP,975,1,9,14542,1,14553,G
5-NP,976,14393,1,4,0,14398,A
5-NP,977,0,2,14459,0,14461,G
5-NP,978,4,14215,2,5,14226,T
5-NP,979,0,2,1,14192,14195,C
5-NP,980,14148,2,13,0,14163,A
5-NP,981,2,0,14178,1,14181,G
5-NP,982,2,4,0,14155,14161,C
5-NP,983,0,13997,1,9,14007,T
5-NP,984,3,8,14178,0,14189,G
5-NP,985,2,3,14272,0,14277,G
5-NP,986,1,14190,1,3,14195,T
5-NP,987,1,5,14287,0,14293,G
5-NP,988,0,14144,2,5,14151,T
5-NP,989,2,8,14137,1,14148,G
5-NP,990,1,5,14126,1,14133,G
5-NP,991,14035,3,4,0,14042,A
5-NP,992,0,14062,2,6,14070,T
5-NP,993,1,5,13507,2,13515,G
5-NP,994,5,1,13442,1,13449,G
5-NP,995,3,9,0,13395,13407,C
5-NP,996,13295,4,7,0,13306,A
5-NP,997,3,13298,2,6,13309,T
5-NP,998,7,1,13209,1,13218,G
5-NP,999,8,4,0,13289,13301,C
5-NP,1000,3,3,1,13294,13301,C
5-NP,1001,13345,1,3,2,13351,A
5-NP,1002,2,13299,0,9,13310,T
5-NP,1003,3,13126,4,3,13136,T
5-NP,1004,3,4,1,13171,13179,C
5-NP,1005,5,13025,1,3,13034,T
5-NP,1006,2,0,13015,0,13017,G
5-NP,1007,5,2,0,12989,12996,C
5-NP,1008,2,12711,1,21,12735,T
5-NP,1009,3,3,12782,1,12789,G
5-NP,1010,4,1,1,12590,12596,C
5-NP,1011,12599,1,4,0,12604,A
5-NP,1012,2,12582,2,1,12587,T
5-NP,1013,2,12495,1,4,12502,T
5-NP,1014,1,12512,0,1,12514,T
5-NP,1015,1,5,12497,1,12504,G
5-NP,1016,12489,1,8,2,12500,A
5-NP,1017,12497,2,9,1,12509,A
5-NP,1018,0,0,12580,1,12581,G
5-NP,1019,12520,0,1,1,12522,A
5-NP,1020,3,12464,1,4,12472,T
5-NP,1021,4,12458,0,2,12464,T
5-NP,1022,3,12446,2,27,12478,T
5-NP,1023,12468,1,2,1,12472,A
5-NP,1024,12471,0,9,1,12481,A
5-NP,1025,0,3,12483,0,12486,G
5-NP,1026,12460,0,4,0,12464,A
5-NP,1027,2,12422,1,4,12429,T
5-NP,1028,1,12200,0,1,12202,T
5-NP,1029,2,2,12274,0,12278,G
5-NP,1030,0,12256,1,10,12267,T
5-NP,1031,4,12251,1,5,12261,T
5-NP,1032,12253,0,6,0,12259,A
5-NP,1033,12272,2,4,0,12278,A
5-NP,1034,3,0,12299,0,12302,G
5-NP,1035,4,5,0,12297,12306,C
5-NP,1036,2,12035,1,17,12055,T
5-NP,1037,3,12082,0,2,12087,T
5-NP,1038,5,0,0,12094,12099,C
5-NP,1039,12094,1,7,0,12102,A
5-NP,1040,3,12082,1,6,12092,T
5-NP,1041,5,1,3,12097,12106,C
5-NP,1042,11898,3,1,1,11903,A
5-NP,1043,1,7,11897,0,11905,G
5-NP,1044,11732,1,13,0,11746,A
5-NP,1045,1,11,11726,1,11739,G
5-NP,1046,1,5,11682,1,11689,G
5-NP,1047,5,4,11591,0,11600,G
5-NP,1048,11577,3,14,0,11594,A
5-NP,1049,2,1,1,11582,11586,C
5-NP,1050,11586,0,2,0,11588,A
5-NP,1051,11599,1,1,0,11601,A
5-NP,1052,11583,0,5,0,11588,A
5-NP,1053,11567,1,7,1,11576,A
5-NP,1054,0,3,11646,0,11649,G
5-NP,1055,3,11322,0,8,11333,T
5-NP,1056,11271,1,2,0,11274,A
5-NP,1057,3,11223,0,8,11234,T
5-NP,1058,2,0,0,11205,11207,C
5-NP,1059,1,11145,0,4,11150,T
5-NP,1060,6,1,1,11138,11146,C
5-NP,1061,8,1,1,11029,11039,C
5-NP,1062,12,1,1,10817,10831,C
5-NP,1063,12,5,1,10960,10978,C
5-NP,1064,0,8,10977,15,11000,G
5-NP,1065,1,7,11000,1,11009,G
5-NP,1066,3,9,11001,0,11013,G
5-NP,1067,4,5,10988,1,10998,G
5-NP,1068,8,1,10970,1,10980,G
5-NP,1069,10772,2,2,1,10777,A
5-NP,1070,10771,3,7,0,10781,A
5-NP,1071,10764,0,13,2,10779,A
5-NP,1072,3,3,0,10806,10812,C
5-NP,1073,1,10693,1,2,10697,T
5-NP,1074,4,2,10764,0,10770,G
5-NP,1075,3,10627,0,62,10692,T
5-NP,1076,9,1,0,10684,10694,C
5-NP,1077,10799,1,4,0,10804,A
5-NP,1078,10830,2,2,1,10835,A
5-NP,1079,2,0,0,10850,10852,C
5-NP,1080,0,10823,0,1,10824,T
5-NP,1081,10619,0,1,0,10620,A
5-NP,1082,0,0,10644,1,10645,G
5-NP,1083,10458,0,1,1,10460,A
5-NP,1084,1,10,10452,0,10463,G
5-NP,1085,1,8,10427,0,10436,G
5-NP,1086,9876,2,2,0,9880,A
5-NP,1087,1,2,9973,0,9976,G
5-NP,1088,1,9859,0,7,9867,T
5-NP,1089,9861,3,6,0,9870,A
5-NP,1090,3,0,0,9861,9864,C
5-NP,1091,9722,2,1,0,9725,A
5-NP,1092,9730,2,3,0,9735,A
5-NP,1093,9634,0,3,0,9637,A
5-NP,1094,2,9553,0,2,9557,T
5-NP,1095,0,9471,1,3,9475,T
5-NP,1096,1,0,9215,0,9216,G
5-NP,1097,3,0,0,9144,9147,C
5-NP,1098,1,9105,1,10,9117,T
5-NP,1099,1,9083,3,4,9091,T
5-NP,1100,7,2,0,9098,9107,C
5-NP,1101,9112,0,1,0,9113,A
5-NP,1102,9111,0,4,1,9116,A
5-NP,1103,9116,1,1,0,9118,A
5-NP,1104,3,9120,0,3,9126,T
5-NP,1105,3,3,9103,0,9109,G
5-NP,1106,8943,1,12,0,8956,A
5-NP,1107,0,7,8952,0,8959,G
5-NP,1108,8978,1,9,1,8989,A
5-NP,1109,8975,0,0,0,8975,A
5-NP,1110,3,1,0,8958,8962,C
5-NP,1111,8836,1,1,1,8839,A
5-NP,1112,1,8825,1,1,8828,T
5-NP,1113,1,2,8849,3,8855,G
5-NP,1114,1,0,8884,0,8885,G
5-NP,1115,8878,1,6,0,8885,A
5-NP,1116,2,8700,0,1,8703,T
5-NP,1117,8582,0,1,0,8583,A
5-NP,1118,8837,0,0,0,8837,A
5-NP,1119,3,8641,0,2,8646,T
5-NP,1120,8586,0,0,0,8586,A
5-NP,1121,1,8550,0,2,8553,T
5-NP,1122,2,4,7862,3,7871,G
5-NP,1123,26,7,7683,1,7717,G
5-NP,1124,3,1,7674,1,7679,G
5-NP,1125,7654,0,2,0,7656,A
5-NP,1126,0,7642,0,0,7642,T
5-NP,1127,4,2,0,5759,5765,C
5-NP,1128,0,4,5760,0,5764,G
5-NP,1129,5742,1,4,0,5747,A
5-NP,1130,2,2,5747,0,5751,G
5-NP,1131,3,0,2,5721,5726,C
5-NP,1132,5633,4,2,0,5639,A
5-NP,1133,1,0,0,5787,5788,C
5-NP,1134,0,5690,1,2,5693,T
5-NP,1135,8,0,1,5707,5716,C
5-NP,1136,2,5685,2,3,5692,T
5-NP,1137,1,5610,0,2,5613,T
5-NP,1138,3,2,5624,0,5629,G
5-NP,1139,5596,0,1,0,5597,A
5-NP,1140,5604,0,3,0,5607,A
5-NP,1141,2,0,1,5596,5599,C
5-NP,1142,0,3899,0,1,3900,T
5-NP,1143,0,2,3912,0,3914,G
5-NP,1144,3722,0,2,0,3724,A
5-NP,1145,0,0,3732,1,3733,G
5-NP,1146,3730,1,3,0,3734,A
5-NP,1147,3672,0,1,0,3673,A
5-NP,1148,1,1,3680,0,3682,G
5-NP,1149,2,1,0,3557,3560,C
5-NP,1150,0,2,3550,0,3552,G
5-NP,1151,0,2,3544,0,3546,G
5-NP,1152,0,2,3450,0,3452,G
5-NP,1153,1,3401,0,0,3402,T
5-NP,1154,3310,1,1,0,3312,A
5-NP,1155,1,0,1,3308,3310,C
5-NP,1156,0,2505,0,1,2506,T
5-NP,1157,0,2,2445,0,2447,G
5-NP,1158,0,1,2369,0,2370,G
5-NP,1159,0,2,2327,0,2329,G
5-NP,1160,2,0,0,2265,2267,C
5-NP,1161,1,2,0,2058,2061,C
5-NP,1162,2063,2,0,0,2065,A
5-NP,1163,0,2063,0,0,2063,T
5-NP,1164,2065,0,0,0,2065,A
5-NP,1165,2064,2,1,0,2067,A
5-NP,1166,2,0,2048,0,2050,G
5-NP,1167,0,0,2102,0,2102,G
5-NP,1168,2057,0,2,2,2061,A
5-NP,1169,0,0,0,2062,2062,C
5-NP,1170,1,1,1,2063,2066,C
5-NP,1171,2054,0,1,0,2055,A
5-NP,1172,0,0,2086,0,2086,G
5-NP,1173,1,2,2087,0,2090,G
5-NP,1174,2081,0,0,0,2081,A
5-NP,1175,2,0,2096,0,2098,G
5-NP,1176,0,1995,0,0,1995,T
5-NP,1177,1,0,1997,0,1998,G
5-NP,1178,1,1,2014,0,2016,G
5-NP,1179,2008,0,6,0,2014,A
5-NP,1180,0,0,2024,0,2024,G
5-NP,1181,0,0,1988,0,1988,G
5-NP,1182,1972,0,1,0,1973,A
5-NP,1183,1979,0,0,1,1980,A
5-NP,1184,1964,0,1,0,1965,A
5-NP,1185,1,1,0,1975,1977,C
5-NP,1186,1968,0,0,0,1968,A
5-NP,1187,1,0,0,2003,2004,C
5-NP,1188,0,1961,0,1,1962,T
5-NP,1189,2019,0,0,0,2019,A
5-NP,1190,2020,0,3,0,2023,A
5-NP,1191,0,2016,0,0,2016,T
5-NP,1192,1,1,0,2041,2043,C
5-NP,1193,2019,0,0,0,2019,A
5-NP,1194,2054,0,0,0,2054,A
5-NP,1195,1,0,0,2058,2059,C
5-NP,1196,2028,0,0,0,2028,A
5-NP,1197,0,0,2028,0,2028,G
5-NP,1198,1977,0,4,0,1981,A
5-NP,1199,0,1,1988,0,1989,G
5-NP,1200,1,1,1996,0,1998,G
5-NP,1201,0,1,1984,0,1985,G
5-NP,1202,2,2,0,1978,1982,C
5-NP,1203,0,1,0,1958,1959,C
5-NP,1204,0,1932,0,2,1934,T
5-NP,1205,2,0,0,1960,1962,C
5-NP,1206,1,0,0,1958,1959,C
5-NP,1207,0,0,1960,0,1960,G
5-NP,1208,1,0,0,1955,1956,C
5-NP,1209,1933,0,0,0,1933,A
5-NP,1210,2,0,2027,0,2029,G
5-NP,1211,0,0,2025,0,2025,G
5-NP,1212,0,0,0,2036,2036,C
5-NP,1213,1,0,0,2033,2034,C
5-NP,1214,2019,0,0,0,2019,A
5-NP,1215,2020,1,0,0,2021,A
5-NP,1216,2020,1,1,0,2022,A
5-NP,1217,1,0,0,2032,2033,C
5-NP,1218,3,0,1,2034,2038,C
5-NP,1219,1925,0,0,0,1925,A
5-NP,1220,0,1,1950,0,1951,G
5-NP,1221,0,1942,0,0,1942,T
5-NP,1222,1,1,1961,0,1963,G
5-NP,1223,1,1950,0,1,1952,T
5-NP,1224,1,0,1944,0,1945,G
5-NP,1225,0,0,0,1948,1948,C
5-NP,1226,1933,0,1,0,1934,A
5-NP,1227,1964,1,2,0,1967,A
5-NP,1228,1,0,0,1967,1968,C
5-NP,1229,1,1,0,1953,1955,C
5-NP,1230,0,1919,0,0,1919,T
5-NP,1231,1916,0,1,0,1917,A
5-NP,1232,0,0,0,1917,1917,C
5-NP,1233,0,0,1920,0,1920,G
5-NP,1234,0,1905,1,1,1907,T
5-NP,1235,0,1917,1,1,1919,T
5-NP,1236,0,1897,1,0,1898,T
5-NP,1237,0,1887,0,1,1888,T
5-NP,1238,0,0,0,1885,1885,C
5-NP,1239,0,1860,0,1,1861,T
5-NP,1240,2,0,1904,0,1906,G
5-NP,1241,0,1901,0,1,1902,T
5-NP,1242,1899,2,1,0,1902,A
5-NP,1243,1,0,1,1905,1907,C
5-NP,1244,1868,0,1,0,1869,A
5-NP,1245,1871,0,0,0,1871,A
5-NP,1246,1868,0,1,1,1870,A
5-NP,1247,0,0,1883,0,1883,G
5-NP,1248,1872,0,0,0,1872,A
5-NP,1249,1810,0,0,0,1810,A
5-NP,1250,1808,1,2,1,1812,A
5-NP,1251,0,0,0,1809,1809,C
5-NP,1252,0,1,0,1795,1796,C
5-NP,1253,0,1789,0,2,1791,T
5-NP,1254,0,0,0,1796,1796,C
5-NP,1255,1,0,0,1801,1802,C
5-NP,1256,0,0,0,1803,1803,C
5-NP,1257,1800,0,0,0,1800,A
5-NP,1258,0,1808,0,0,1808,T
5-NP,1259,0,1799,0,1,1800,T
5-NP,1260,0,1806,0,1,1807,T
5-NP,1261,0,0,1801,0,1801,G
5-NP,1262,1802,0,0,0,1802,A
5-NP,1263,1806,0,0,0,1806,A
5-NP,1264,1804,0,0,0,1804,A
5-NP,1265,1794,0,0,0,1794,A
5-NP,1266,1,0,1806,1,1808,G
5-NP,1267,0,1802,0,1,1803,T
5-NP,1268,0,0,0,1804,1804,C
5-NP,1269,1798,0,3,0,1801,A
5-NP,1270,1811,0,0,0,1811,A
5-NP,1271,0,1,0,1806,1807,C
5-NP,1272,1,4,0,1818,1823,C
5-NP,1273,1818,0,1,0,1819,A
5-NP,1274,0,1834,0,0,1834,T
5-NP,1275,0,2,0,1816,1818,C
5-NP,1276,1804,0,3,1,1808,A
5-NP,1277,0,1811,0,1,1812,T
5-NP,1278,2,2,1806,0,1810,G
5-NP,1279,1,0,1812,0,1813,G
5-NP,1280,0,1,0,1811,1812,C
5-NP,1281,1769,0,5,0,1774,A
5-NP,1282,1,1,1779,0,1781,G
5-NP,1283,0,0,0,1765,1765,C
5-NP,1284,1767,0,0,0,1767,A
5-NP,1285,0,1768,0,0,1768,T
5-NP,1286,0,1749,0,0,1749,T
5-NP,1287,0,0,1,1759,1760,C
5-NP,1288,1746,0,0,0,1746,A
5-NP,1289,0,0,0,1753,1753,C
5-NP,1290,0,1752,1,0,1753,T
5-NP,1291,0,0,1759,0,1759,G
5-NP,1292,0,2,1764,0,1766,G
5-NP,1293,1749,0,1,0,1750,A
5-NP,1294,1754,1,1,0,1756,A
5-NP,1295,1761,2,0,0,1763,A
5-NP,1296,1,1749,0,1,1751,T
5-NP,1297,1759,0,0,0,1759,A
5-NP,1298,0,0,0,1751,1751,C
5-NP,1299,1,3,1728,0,1732,G
5-NP,1300,0,0,1734,0,1734,G
5-NP,1301,1690,0,0,0,1690,A
5-NP,1302,2,1,1694,0,1697,G
5-NP,1303,0,3,1692,0,1695,G
5-NP,1304,0,1,1702,0,1703,G
5-NP,1305,1703,0,0,0,1703,A
5-NP,1306,1692,1,3,0,1696,A
5-NP,1307,0,0,1699,0,1699,G
5-NP,1308,1696,0,1,0,1697,A
5-NP,1309,1696,0,0,0,1696,A
5-NP,1310,1,0,0,1701,1702,C
5-NP,1311,0,1674,0,1,1675,T
5-NP,1312,0,1690,0,1,1691,T
5-NP,1313,1,0,2,1674,1677,C
5-NP,1314,1681,1,0,0,1682,A
5-NP,1315,0,1,1688,0,1689,G
5-NP,1316,1675,0,2,0,1677,A
5-NP,1317,0,0,0,1686,1686,C
5-NP,1318,1676,0,0,0,1676,A
5-NP,1319,0,1637,0,1,1638,T
5-NP,1320,1,0,1639,0,1640,G
5-NP,1321,1624,0,1,0,1625,A
5-NP,1322,0,0,1640,0,1640,G
5-NP,1323,0,0,1637,1,1638,G
5-NP,1324,1,1,1628,0,1630,G
5-NP,1325,0,0,0,1631,1631,C
5-NP,1326,1620,1,2,0,1623,A
5-NP,1327,1,2,1624,0,1627,G
5-NP,1328,1621,1,0,1,1623,A
5-NP,1329,1628,0,0,0,1628,A
5-NP,1330,1621,1,0,0,1622,A
5-NP,1331,0,1604,1,0,1605,T
5-NP,1332,0,0,0,1607,1607,C
5-NP,1333,1601,0,0,0,1601,A
5-NP,1334,0,1600,0,0,1600,T
5-NP,1335,1602,0,1,0,1603,A
5-NP,1336,1592,1,0,0,1593,A
5-NP,1337,0,1,1607,0,1608,G
5-NP,1338,1576,0,1,0,1577,A
5-NP,1339,1588,0,1,0,1589,A
5-NP,1340,0,1556,0,0,1556,T
5-NP,1341,0,0,1551,0,1551,G
5-NP,1342,1546,0,4,0,1550,A
5-NP,1343,0,1544,1,3,1548,T
5-NP,1344,1,0,1545,0,1546,G
5-NP,1345,0,0,1545,0,1545,G
5-NP,1346,1508,1,0,1,1510,A
5-NP,1347,1501,0,1,0,1502,A
5-NP,1348,0,1,1472,0,1473,G
5-NP,1349,0,0,1489,0,1489,G
5-NP,1350,0,1460,1,7,1468,T
5-NP,1351,0,1,1465,0,1466,G
5-NP,1352,0,1,0,1455,1456,C
5-NP,1353,1460,0,0,0,1460,A
5-NP,1354,1460,0,1,0,1461,A
5-NP,1355,1462,0,0,0,1462,A
5-NP,1356,1472,0,0,0,1472,A
5-NP,1357,2,0,0,1468,1470,C
5-NP,1358,0,0,0,1446,1446,C
5-NP,1359,1430,0,0,0,1430,A
5-NP,1360,0,1,1435,0,1436,G
5-NP,1361,1429,0,1,0,1430,A
5-NP,1362,1432,0,1,0,1433,A
5-NP,1363,1,0,1427,0,1428,G
5-NP,1364,1421,0,2,0,1423,A
5-NP,1365,1389,0,2,1,1392,A
5-NP,1366,1,0,1406,0,1407,G
5-NP,1367,0,1390,0,0,1390,T
5-NP,1368,0,0,1394,0,1394,G
5-NP,1369,0,1383,1,1,1385,T
5-NP,1370,0,0,0,1389,1389,C
5-NP,1371,1391,0,0,0,1391,A
5-NP,1372,1,1411,0,0,1412,T
5-NP,1373,0,1402,1,1,1404,T
5-NP,1374,1,0,0,1408,1409,C
5-NP,1375,0,0,0,1386,1386,C
5-NP,1376,1,3,1382,0,1386,G
5-NP,1377,0,3,1381,0,1384,G
5-NP,1378,0,0,1384,0,1384,G
5-NP,1379,0,0,1388,0,1388,G
5-NP,1380,0,0,1381,0,1381,G
5-NP,1381,1331,0,0,0,1331,A
5-NP,1382,0,0,1335,0,1335,G
5-NP,1383,0,1,1330,0,1331,G
5-NP,1384,1,0,1328,0,1329,G
5-NP,1385,0,0,1329,0,1329,G
5-NP,1386,1314,1,1,0,1316,A
5-NP,1387,1,0,1320,0,1321,G
5-NP,1388,0,1303,2,0,1305,T
5-NP,1389,0,1301,0,3,1304,T
5-NP,1390,0,1299,0,1,1300,T
5-NP,1391,0,1300,1,0,1301,T
5-NP,1392,2,0,0,1300,1302,C
5-NP,1393,0,0,1300,0,1300,G
5-NP,1394,1296,0,0,0,1296,A
5-NP,1395,16,0,1285,0,1301,G
5-NP,1396,0,0,0,1286,1286,C
5-NP,1397,0,1280,0,2,1282,T
5-NP,1398,0,0,0,1294,1294,C
5-NP,1399,2,1291,0,1,1294,T
5-NP,1400,0,0,0,1297,1297,C
5-NP,1401,1294,0,1,0,1295,A
5-NP,1402,1,0,1301,0,1302,G
5-NP,1403,1297,0,4,0,1301,A
5-NP,1404,0,0,0,1297,1297,C
5-NP,1405,1,2,1289,0,1292,G
5-NP,1406,1266,1,1,0,1268,A
5-NP,1407,1,0,1264,0,1265,G
5-NP,1408,1259,0,0,0,1259,A
5-NP,1409,1256,0,0,0,1256,A
5-NP,1410,0,1,1255,1,1257,G
5-NP,1411,1,1,1241,0,1243,G
5-NP,1412,0,0,0,1236,1236,C
5-NP,1413,1239,0,0,0,1239,A
5-NP,1414,1237,1,1,0,1239,A
5-NP,1415,0,0,0,1233,1233,C
5-NP,1416,1,0,1231,0,1232,G
5-NP,1417,1234,0,0,0,1234,A
5-NP,1418,1233,0,1,0,1234,A
5-NP,1419,1,0,0,1225,1226,C
5-NP,1420,0,0,0,1218,1218,C
5-NP,1421,2,0,0,1209,1211,C
5-NP,1422,0,2,1208,0,1210,G
5-NP,1423,1208,0,0,0,1208,A
5-NP,1424,0,1203,0,1,1204,T
5-NP,1425,0,0,0,1188,1188,C
5-NP,1426,0,1,1184,0,1185,G
5-NP,1427,0,1174,0,2,1176,T
5-NP,1428,0,0,1174,0,1174,G
5-NP,1429,0,1,0,1165,1166,C
5-NP,1430,3,0,0,1165,1168,C
5-NP,1431,0,1,0,1166,1167,C
5-NP,1432,1,1136,0,3,1140,T
5-NP,1433,0,0,0,1173,1173,C
5-NP,1434,0,1172,0,0,1172,T
5-NP,1435,0,1166,1,0,1167,T
5-NP,1436,0,1167,0,0,1167,T
5-NP,1437,0,1159,0,0,1159,T
5-NP,1438,0,0,1161,0,1161,G
5-NP,1439,1153,0,3,0,1156,A
5-NP,1440,0,1144,1,0,1145,T
5-NP,1441,1139,0,0,0,1139,A
5-NP,1442,0,955,0,1,956,T
5-NP,1443,0,0,972,0,972,G
5-NP,1444,966,0,3,0,969,A
5-NP,1445,2,0,974,0,976,G
5-NP,1446,0,973,0,1,974,T
5-NP,1447,946,0,1,0,947,A
5-NP,1448,949,0,1,0,950,A
5-NP,1449,1,944,0,0,945,T
5-NP,1450,0,0,942,0,942,G
5-NP,1451,941,0,1,0,942,A
5-NP,1452,823,1,0,0,824,A
5-NP,1453,0,0,821,0,821,G
5-NP,1454,0,0,764,0,764,G
5-NP,1455,763,1,0,0,764,A
5-NP,1456,0,761,0,0,761,T
5-NP,1457,0,0,0,754,754,C
5-NP,1458,0,750,0,0,750,T
5-NP,1459,1,746,0,0,747,T
5-NP,1460,748,0,0,0,748,A
5-NP,1461,0,746,0,0,746,T
5-NP,1462,0,728,0,0,728,T
5-NP,1463,0,721,0,0,721,T
5-NP,1464,0,0,0,705,705,C
5-NP,1465,0,690,0,1,691,T
5-NP,1466,0,690,0,0,690,T
5-NP,1467,1,1,1,686,689,C
5-NP,1468,0,1,684,1,686,G
5-NP,1469,0,0,689,0,689,G
5-NP,1470,682,0,0,0,682,A
5-NP,1471,0,0,683,0,683,G
5-NP,1472,680,0,0,0,680,A
5-NP,1473,0,0,0,670,670,C
5-NP,1474,625,0,0,0,625,A
5-NP,1475,620,0,4,1,625,A
5-NP,1476,0,624,0,0,624,T
5-NP,1477,0,0,623,0,623,G
5-NP,1478,0,0,0,618,618,C
5-NP,1479,594,0,0,0,594,A
5-NP,1480,1,0,591,0,592,G
5-NP,1481,592,0,0,0,592,A
5-NP,1482,544,0,0,0,544,A
5-NP,1483,0,0,543,0,543,G
5-NP,1484,331,0,0,0,331,A
5-NP,1485,0,1,328,0,329,G
5-NP,1486,0,304,0,1,305,T
5-NP,1487,302,0,0,0,302,A
5-NP,1488,0,0,0,301,301,C
5-NP,1489,1,0,278,0,279,G
5-NP,1490,279,0,0,0,279,A
5-NP,1491,0,1,0,275,276,C
5-NP,1492,195,0,0,0,195,A
5-NP,1493,195,0,0,0,195,A
5-NP,1494,0,151,0,0,151,T
5-NP,1495,0,141,0,0,141,T
5-NP,1496,141,0,0,0,141,A
5-NP,1497,130,0,0,0,130,A
6-NA,1,15,0,0,0,15,A
6-NA,2,0,15,0,0,15,T
6-NA,3,0,0,15,0,15,G
6-NA,4,15,0,0,0,15,A
6-NA,5,15,0,0,0,15,A
6-NA,6,0,15,0,0,15,T
6-NA,7,0,0,0,15,15,C
6-NA,8,0,0,0,15,15,C
6-NA,9,15,0,0,0,15,A
6-NA,10,15,0,0,0,15,A
6-NA,11,15,0,0,0,15,A
6-NA,12,0,16,0,0,16,T
6-NA,13,0,0,0,16,16,C
6-NA,14,16,0,0,0,16,A
6-NA,15,16,0,0,0,16,A
6-NA,16,16,0,0,0,16,A
6-NA,17,17,0,0,0,17,A
6-NA,18,0,0,20,0,20,G
6-NA,19,21,0,0,0,21,A
6-NA,20,0,23,0,0,23,T
6-NA,21,23,0,0,0,23,A
6-NA,22,23,0,0,0,23,A
6-NA,23,0,23,0,0,23,T
6-NA,24,24,0,0,0,24,A
6-NA,25,24,0,0,0,24,A
6-NA,26,0,0,0,25,25,C
6-NA,27,0,0,25,0,25,G
6-NA,28,25,0,0,0,25,A
6-NA,29,0,25,0,0,25,T
6-NA,30,0,25,0,0,25,T
6-NA,31,0,0,25,0,25,G
6-NA,32,0,0,26,0,26,G
6-NA,33,0,0,0,26,26,C
6-NA,34,0,26,0,0,26,T
6-NA,35,0,0,0,27,27,C
6-NA,36,0,27,0,0,27,T
6-NA,37,0,0,29,0,29,G
6-NA,38,0,29,0,0,29,T
6-NA,39,0,30,0,0,30,T
6-NA,40,0,32,0,0,32,T
6-NA,41,0,0,0,32,32,C
6-NA,42,0,34,0,0,34,T
6-NA,43,0,0,0,34,34,C
6-NA,44,0,34,0,0,34,T
6-NA,45,0,0,0,34,34,C
6-NA,46,34,0,0,0,34,A
6-NA,47,0,0,0,37,37,C
6-NA,48,0,0,0,37,37,C
6-NA,49,37,0,0,0,37,A
6-NA,50,0,38,0,0,38,T
6-NA,51,0,39,0,0,39,T
6-NA,52,0,39,0,0,39,T
6-NA,53,0,0,0,40,40,C
6-NA,54,0,0,0,40,40,C
6-NA,55,40,0,0,0,40,A
6-NA,56,0,0,0,41,41,C
6-NA,57,42,0,0,0,42,A
6-NA,58,45,0,0,0,45,A
6-NA,59,0,45,0,0,45,T
6-NA,60,45,0,0,0,45,A
6-NA,61,0,45,0,0,45,T
6-NA,62,0,0,45,0,45,G
6-NA,63,0,1,0,44,45,C
6-NA,64,0,45,0,0,45,T
6-NA,65,0,46,0,0,46,T
6-NA,66,0,0,0,46,46,C
6-NA,67,0,46,0,0,46,T
6-NA,68,0,46,0,0,46,T
6-NA,69,0,0,0,46,46,C
6-NA,70,46,0,0,0,46,A
6-NA,71,0,47,0,0,47,T
6-NA,72,0,0,47,0,47,G
6-NA,73,0,0,0,47,47,C
6-NA,74,46,0,0,0,46,A
6-NA,75,46,0,0,0,46,A
6-NA,76,46,0,0,0,46,A
6-NA,77,0,47,0,0,47,T
6-NA,78,0,47,0,0,47,T
6-NA,79,0,0,47,0,47,G
6-NA,80,0,0,0,47,47,C
6-NA,81,0,0,0,47,47,C
6-NA,82,47,0,0,0,47,A
6-NA,83,0,47,0,0,47,T
6-NA,84,0,0,0,50,50,C
6-NA,85,0,50,0,0,50,T
6-NA,86,0,51,0,0,51,T
6-NA,87,0,0,52,0,52,G
6-NA,88,52,0,0,0,52,A
6-NA,89,0,52,0,0,52,T
6-NA,90,52,0,0,0,52,A
6-NA,91,52,0,0,0,52,A
6-NA,92,0,0,0,61,61,C
6-NA,93,0,62,0,0,62,T
6-NA,94,67,0,0,0,67,A
6-NA,95,0,0,0,67,67,C
6-NA,96,0,66,0,0,66,T
6-NA,97,0,0,69,0,69,G
6-NA,98,0,69,0,0,69,T
6-NA,99,69,0,0,0,69,A
6-NA,100,69,0,0,0,69,A
6-NA,101,0,0,0,68,68,C
6-NA,102,67,0,0,0,67,A
6-NA,103,0,67,0,0,67,T
6-NA,104,0,67,0,0,67,T
6-NA,105,0,0,67,0,67,G
6-NA,106,0,0,0,67,67,C
6-NA,107,67,0,0,0,67,A
6-NA,108,0,67,0,0,67,T
6-NA,109,0,66,0,0,66,T
6-NA,110,0,66,0,0,66,T
6-NA,111,0,0,0,66,66,C
6-NA,112,66,0,0,0,66,A
6-NA,113,66,0,0,0,66,A
6-NA,114,0,0,66,0,66,G
6-NA,115,0,0,0,67,67,C
6-NA,116,67,0,0,0,67,A
6-NA,117,75,0,0,0,75,A
6-NA,118,0,76,0,0,76,T
6-NA,119,76,0,0,0,76,A
6-NA,120,0,76,0,0,76,T
6-NA,121,0,0,76,0,76,G
6-NA,122,76,0,0,0,76,A
6-NA,123,78,0,0,0,78,A
6-NA,124,0,78,0,0,78,T
6-NA,125,0,78,0,0,78,T
6-NA,126,0,0,0,77,77,C
6-NA,127,76,1,0,0,77,A
6-NA,128,77,0,0,0,77,A
6-NA,129,0,0,0,77,77,C
6-NA,130,0,75,0,0,75,T
6-NA,131,0,0,0,75,75,C
6-NA,132,0,0,0,75,75,C
6-NA,133,0,0,0,79,79,C
6-NA,134,0,0,0,78,78,C
6-NA,135,0,0,0,78,78,C
6-NA,136,0,0,0,78,78,C
6-NA,137,0,0,0,79,79,C
6-NA,138,79,0,0,0,79,A
6-NA,139,79,0,0,0,79,A
6-NA,140,78,0,0,0,78,A
6-NA,141,0,0,0,78,78,C
6-NA,142,77,1,0,0,78,A
6-NA,143,81,0,0,0,81,A
6-NA,144,0,0,0,81,81,C
6-NA,145,0,0,0,80,80,C
6-NA,146,84,0,0,0,84,A
6-NA,147,85,0,0,0,85,A
6-NA,148,0,0,88,0,88,G
6-NA,149,0,87,0,0,87,T
6-NA,150,0,0,87,0,87,G
6-NA,151,87,0,0,0,87,A
6-NA,152,0,87,0,0,87,T
6-NA,153,0,0,88,0,88,G
6-NA,154,0,0,0,89,89,C
6-NA,155,0,89,0,0,89,T
6-NA,156,0,0,95,0,95,G
6-NA,157,0,95,0,0,95,T
6-NA,158,0,0,96,0,96,G
6-NA,159,0,96,0,0,96,T
6-NA,160,0,0,97,0,97,G
6-NA,161,96,1,0,0,97,A
6-NA,162,96,0,0,0,96,A
6-NA,163,0,0,0,97,97,C
6-NA,164,0,0,0,96,96,C
6-NA,165,91,0,0,0,91,A
6-NA,166,92,0,0,0,92,A
6-NA,167,0,0,0,98,98,C
6-NA,168,98,0,0,0,98,A
6-NA,169,98,0,0,0,98,A
6-NA,170,0,98,0,0,98,T
6-NA,171,99,0,0,0,99,A
6-NA,172,99,0,0,0,99,A
6-NA,173,0,98,0,0,98,T
6-NA,174,97,0,0,0,97,A
6-NA,175,0,0,97,0,97,G
6-NA,176,97,0,0,0,97,A
6-NA,177,96,0,0,0,96,A
6-NA,178,95,0,0,0,95,A
6-NA,179,0,0,97,0,97,G
6-NA,180,99,0,0,0,99,A
6-NA,181,100,0,0,0,100,A
6-NA,182,104,0,0,0,104,A
6-NA,183,0,0,0,105,105,C
6-NA,184,105,0,0,0,105,A
6-NA,185,0,108,0,0,108,T
6-NA,186,109,0,0,0,109,A
6-NA,187,109,0,0,0,109,A
6-NA,188,0,0,0,109,109,C
6-NA,189,110,0,0,0,110,A
6-NA,190,0,0,117,0,117,G
6-NA,191,117,0,0,0,117,A
6-NA,192,0,0,121,0,121,G
6-NA,193,121,0,0,0,121,A
6-NA,194,0,118,0,0,118,T
6-NA,195,120,0,0,0,120,A
6-NA,196,0,0,122,0,122,G
6-NA,197,0,122,0,0,122,T
6-NA,198,0,0,126,0,126,G
6-NA,199,0,124,0,0,124,T
6-NA,200,122,0,0,0,122,A
6-NA,201,0,122,0,0,122,T
6-NA,202,0,0,0,122,122,C
6-NA,203,0,119,0,0,119,T
6-NA,204,0,0,123,0,123,G
6-NA,205,122,1,0,0,123,A
6-NA,206,0,0,0,122,122,C
6-NA,207,0,0,0,122,122,C
6-NA,208,123,0,0,0,123,A
6-NA,209,123,0,1,0,124,A
6-NA,210,0,0,0,129,129,C
6-NA,211,127,0,0,0,127,A
6-NA,212,0,0,0,131,131,C
6-NA,213,0,0,0,130,130,C
6-NA,214,134,0,0,0,134,A
6-NA,215,0,0,0,136,136,C
6-NA,216,0,0,0,136,136,C
6-NA,217,138,0,0,0,138,A
6-NA,218,0,137,0,0,137,T
6-NA,219,139,0,0,0,139,A
6-NA,220,0,0,138,0,138,G
6-NA,221,138,0,0,0,138,A
6-NA,222,0,0,141,0,141,G
6-NA,223,139,0,0,0,139,A
6-NA,224,137,0,0,0,137,A
6-NA,225,0,0,138,0,138,G
6-NA,226,0,0,138,0,138,G
6-NA,227,138,0,0,0,138,A
6-NA,228,137,0,0,0,137,A
6-NA,229,137,0,0,0,137,A
6-NA,230,0,138,0,0,138,T
6-NA,231,132,0,0,0,132,A
6-NA,232,0,132,0,0,132,T
6-NA,233,0,0,132,0,132,G
6-NA,234,0,0,0,136,136,C
6-NA,235,0,0,0,137,137,C
6-NA,236,0,0,0,136,136,C
6-NA,237,0,0,0,137,137,C
6-NA,238,138,0,0,0,138,A
6-NA,239,138,0,0,0,138,A
6-NA,240,137,0,0,0,137,A
6-NA,241,0,137,0,0,137,T
6-NA,242,0,143,0,0,143,T
6-NA,243,143,0,0,0,143,A
6-NA,244,0,0,144,0,144,G
6-NA,245,0,0,0,144,144,C
6-NA,246,142,0,1,0,143,A
6-NA,247,0,0,147,0,147,G
6-NA,248,146,0,0,0,146,A
6-NA,249,151,0,0,0,151,A
6-NA,250,0,153,0,1,154,T
6-NA,251,153,0,0,0,153,A
6-NA,252,0,1,0,154,155,C
6-NA,253,155,0,0,0,155,A
6-NA,254,0,0,155,0,155,G
6-NA,255,155,0,0,0,155,A
6-NA,256,152,0,0,0,152,A
6-NA,257,152,0,0,0,152,A
6-NA,258,0,147,0,0,147,T
6-NA,259,0,147,0,0,147,T
6-NA,260,0,0,148,0,148,G
6-NA,261,0,0,147,0,147,G
6-NA,262,0,146,0,1,147,T
6-NA,263,0,0,0,148,148,C
6-NA,264,146,0,0,0,146,A
6-NA,265,147,0,0,0,147,A
6-NA,266,147,0,0,0,147,A
6-NA,267,0,0,146,0,146,G
6-NA,268,0,0,0,147,147,C
6-NA,269,1,0,0,146,147,C
6-NA,270,0,0,148,0,148,G
6-NA,271,0,0,0,146,146,C
6-NA,272,149,0,0,0,149,A
6-NA,273,149,0,0,0,149,A
6-NA,274,0,148,0,0,148,T
6-NA,275,0,0,148,0,148,G
6-NA,276,0,148,0,0,148,T
6-NA,277,0,0,148,0,148,G
6-NA,278,148,0,0,0,148,A
6-NA,279,0,0,0,149,149,C
6-NA,280,149,0,0,0,149,A
6-NA,281,0,152,0,0,152,T
6-NA,282,0,151,0,0,151,T
6-NA,283,151,0,0,0,151,A
6-NA,284,0,0,0,151,151,C
6-NA,285,147,0,1,0,148,A
6-NA,286,0,0,151,0,151,G
6-NA,287,0,0,152,0,152,G
6-NA,288,151,0,0,0,151,A
6-NA,289,0,152,0,0,152,T
6-NA,290,0,152,0,0,152,T
6-NA,291,0,152,0,0,152,T
6-NA,292,0,0,150,0,150,G
6-NA,293,0,0,0,150,150,C
6-NA,294,151,0,0,0,151,A
6-NA,295,0,0,0,151,151,C
6-NA,296,0,0,0,150,150,C
6-NA,297,0,149,0,0,149,T
6-NA,298,0,149,0,0,149,T
6-NA,299,0,149,0,0,149,T
6-NA,300,0,150,0,0,150,T
6-NA,301,0,152,0,0,152,T
6-NA,302,0,0,0,153,153,C
6-NA,303,0,153,0,0,153,T
6-NA,304,152,0,0,0,152,A
6-NA,305,152,0,0,0,152,A
6-NA,306,0,0,155,0,155,G
6-NA,307,0,0,154,0,154,G
6-NA,308,154,0,0,0,154,A
6-NA,309,0,0,0,154,154,C
6-NA,310,154,0,0,0,154,A
6-NA,311,152,0,0,0,152,A
6-NA,312,0,154,0,0,154,T
6-NA,313,0,152,0,0,152,T
6-NA,314,0,0,0,156,156,C
6-NA,315,0,0,157,0,157,G
6-NA,316,157,0,0,0,157,A
6-NA,317,0,157,0,0,157,T
6-NA,318,0,156,0,0,156,T
6-NA,319,156,0,0,0,156,A
6-NA,320,0,0,157,0,157,G
6-NA,321,0,0,157,0,157,G
6-NA,322,0,0,0,158,158,C
6-NA,323,0,153,0,1,154,T
6-NA,324,0,155,0,0,155,T
6-NA,325,0,155,0,0,155,T
6-NA,326,0,0,0,155,155,C
6-NA,327,2,0,0,153,155,C
6-NA,328,0,0,155,0,155,G
6-NA,329,0,0,0,156,156,C
6-NA,330,0,151,0,0,151,T
6-NA,331,0,0,155,0,155,G
6-NA,332,0,0,156,0,156,G
6-NA,333,0,156,0,0,156,T
6-NA,334,0,0,158,0,158,G
6-NA,335,0,0,157,0,157,G
6-NA,336,0,0,156,0,156,G
6-NA,337,0,0,159,0,159,G
6-NA,338,158,0,0,0,158,A
6-NA,339,0,0,0,159,159,C
6-NA,340,155,0,0,0,155,A
6-NA,341,0,154,0,0,154,T
6-NA,342,0,0,0,156,156,C
6-NA,343,0,156,0,0,156,T
6-NA,344,1,0,155,0,156,G
6-NA,345,0,0,154,0,154,G
6-NA,346,0,0,155,0,155,G
6-NA,347,0,154,0,1,155,T
6-NA,348,0,0,154,0,154,G
6-NA,349,154,0,0,0,154,A
6-NA,350,0,0,0,154,154,C
6-NA,351,151,0,0,0,151,A
6-NA,352,159,0,0,0,159,A
6-NA,353,0,0,159,0,159,G
6-NA,354,157,0,0,0,157,A
6-NA,355,1,0,159,0,160,G
6-NA,356,162,0,0,0,162,A
6-NA,357,165,0,0,0,165,A
6-NA,358,0,0,0,182,182,C
6-NA,359,0,0,0,183,183,C
6-NA,360,0,183,0,0,183,T
6-NA,361,0,183,0,0,183,T
6-NA,362,183,0,0,0,183,A
6-NA,363,0,183,0,0,183,T
6-NA,364,0,0,188,0,188,G
6-NA,365,0,187,0,0,187,T
6-NA,366,0,0,189,0,189,G
6-NA,367,0,184,0,0,184,T
6-NA,368,0,0,0,183,183,C
6-NA,369,184,0,0,0,184,A
6-NA,370,1,183,0,0,184,T
6-NA,371,0,0,184,0,184,G
6-NA,372,0,0,0,183,183,C
6-NA,373,0,0,185,0,185,G
6-NA,374,200,0,0,0,200,A
6-NA,375,0,199,0,0,199,T
6-NA,376,0,0,0,201,201,C
6-NA,377,0,0,0,201,201,C
6-NA,378,0,203,0,0,203,T
6-NA,379,0,0,206,0,206,G
6-NA,380,207,0,0,0,207,A
6-NA,381,0,0,0,207,207,C
6-NA,382,207,0,0,0,207,A
6-NA,383,200,0,0,0,200,A
6-NA,384,0,0,203,0,203,G
6-NA,385,0,202,0,0,202,T
6-NA,386,0,0,206,0,206,G
6-NA,387,0,203,0,0,203,T
6-NA,388,0,203,0,0,203,T
6-NA,389,204,0,0,0,204,A
6-NA,390,0,203,0,0,203,T
6-NA,391,0,0,0,207,207,C
6-NA,392,204,0,0,0,204,A
6-NA,393,202,0,0,0,202,A
6-NA,394,0,202,0,0,202,T
6-NA,395,0,202,0,0,202,T
6-NA,396,1,201,0,0,202,T
6-NA,397,0,0,202,0,202,G
6-NA,398,0,0,0,211,211,C
6-NA,399,0,0,0,213,213,C
6-NA,400,0,0,0,212,212,C
6-NA,401,0,213,0,0,213,T
6-NA,402,0,213,0,0,213,T
6-NA,403,0,0,217,0,217,G
6-NA,404,0,0,218,0,218,G
6-NA,405,219,0,0,0,219,A
6-NA,406,0,0,0,217,217,C
6-NA,407,215,0,0,0,215,A
6-NA,408,0,0,220,0,220,G
6-NA,409,0,0,220,0,220,G
6-NA,410,0,0,228,0,228,G
6-NA,411,227,0,0,0,227,A
6-NA,412,223,0,0,0,223,A
6-NA,413,0,0,0,224,224,C
6-NA,414,223,0,0,0,223,A
6-NA,415,245,0,0,0,245,A
6-NA,416,0,0,0,246,246,C
6-NA,417,246,0,0,0,246,A
6-NA,418,0,0,0,246,246,C
6-NA,419,0,247,0,0,247,T
6-NA,420,250,0,1,0,251,A
6-NA,421,251,0,0,0,251,A
6-NA,422,252,0,0,0,252,A
6-NA,423,0,0,0,252,252,C
6-NA,424,235,0,0,0,235,A
6-NA,425,236,0,0,0,236,A
6-NA,426,0,233,0,1,234,T
6-NA,427,0,0,235,0,235,G
6-NA,428,0,235,0,0,235,T
6-NA,429,0,0,237,0,237,G
6-NA,430,0,0,0,235,235,C
6-NA,431,234,0,0,0,234,A
6-NA,432,0,234,0,0,234,T
6-NA,433,0,234,0,0,234,T
6-NA,434,0,0,0,238,238,C
6-NA,435,242,0,1,0,243,A
6-NA,436,243,0,0,0,243,A
6-NA,437,249,0,0,0,249,A
6-NA,438,0,249,0,0,249,T
6-NA,439,0,0,249,0,249,G
6-NA,440,251,0,0,1,252,A
6-NA,441,0,0,0,253,253,C
6-NA,442,252,0,0,0,252,A
6-NA,443,0,0,0,257,257,C
6-NA,444,255,0,0,0,255,A
6-NA,445,0,0,319,0,319,G
6-NA,446,1,316,0,0,317,T
6-NA,447,320,0,0,0,320,A
6-NA,448,0,0,0,318,318,C
6-NA,449,0,0,318,0,318,G
6-NA,450,0,324,0,0,324,T
6-NA,451,0,0,326,0,326,G
6-NA,452,326,0,0,0,326,A
6-NA,453,0,329,0,0,329,T
6-NA,454,305,0,0,0,305,A
6-NA,455,0,0,308,0,308,G
6-NA,456,0,1,307,0,308,G
6-NA,457,306,0,0,0,306,A
6-NA,458,0,0,0,307,307,C
6-NA,459,0,0,0,305,305,C
6-NA,460,0,0,0,306,306,C
6-NA,461,0,0,0,309,309,C
6-NA,462,0,309,0,0,309,T
6-NA,463,0,314,0,0,314,T
6-NA,464,313,1,0,0,314,A
6-NA,465,0,315,0,0,315,T
6-NA,466,0,0,0,313,313,C
6-NA,467,0,2,312,0,314,G
6-NA,468,1,0,315,0,316,G
6-NA,469,315,0,0,0,315,A
6-NA,470,0,0,0,315,315,C
6-NA,471,1,0,0,313,314,C
6-NA,472,0,0,0,329,329,C
6-NA,473,0,330,0,0,330,T
6-NA,474,337,0,0,0,337,A
6-NA,475,0,336,0,1,337,T
6-NA,476,0,340,0,0,340,T
6-NA,477,0,1,341,0,342,G
6-NA,478,341,0,0,0,341,A
6-NA,479,0,338,0,0,338,T
6-NA,480,0,0,338,0,338,G
6-NA,481,326,0,0,0,326,A
6-NA,482,326,0,0,0,326,A
6-NA,483,0,330,0,0,330,T
6-NA,484,0,0,336,0,336,G
6-NA,485,339,0,0,0,339,A
6-NA,486,0,0,342,0,342,G
6-NA,487,0,343,0,0,343,T
6-NA,488,0,342,0,0,342,T
6-NA,489,342,0,0,0,342,A
6-NA,490,0,0,343,0,343,G
6-NA,491,0,0,344,0,344,G
6-NA,492,0,344,0,0,344,T
6-NA,493,0,0,339,0,339,G
6-NA,494,0,331,0,0,331,T
6-NA,495,0,329,0,0,329,T
6-NA,496,0,0,0,331,331,C
6-NA,497,0,0,0,333,333,C
6-NA,498,0,332,0,0,332,T
6-NA,499,0,332,0,0,332,T
6-NA,500,0,331,0,0,331,T
6-NA,501,0,328,0,0,328,T
6-NA,502,1,0,0,329,330,C
6-NA,503,330,0,0,0,330,A
6-NA,504,0,337,0,0,337,T
6-NA,505,0,0,0,332,332,C
6-NA,506,0,329,0,0,329,T
6-NA,507,0,0,328,0,328,G
6-NA,508,0,0,328,0,328,G
6-NA,509,0,0,329,0,329,G
6-NA,510,0,0,330,0,330,G
6-NA,511,332,0,0,0,332,A
6-NA,512,0,0,0,336,336,C
6-NA,513,0,0,0,328,328,C
6-NA,514,332,1,0,0,333,A
6-NA,515,332,0,0,0,332,A
6-NA,516,0,0,331,0,331,G
6-NA,517,0,0,0,333,333,C
6-NA,518,332,0,0,0,332,A
6-NA,519,331,0,0,0,331,A
6-NA,520,0,0,335,0,335,G
6-NA,521,0,332,0,0,332,T
6-NA,522,1,0,342,0,343,G
6-NA,523,0,343,0,0,343,T
6-NA,524,0,1,351,0,352,G
6-NA,525,0,2,0,350,352,C
6-NA,526,352,0,0,0,352,A
6-NA,527,0,354,0,0,354,T
6-NA,528,344,0,0,0,344,A
6-NA,529,0,0,351,0,351,G
6-NA,530,0,0,0,351,351,C
6-NA,531,340,0,1,0,341,A
6-NA,532,0,341,0,0,341,T
6-NA,533,0,0,329,0,329,G
6-NA,534,0,0,452,0,452,G
6-NA,535,0,453,0,0,453,T
6-NA,536,0,1,0,451,452,C
6-NA,537,0,0,0,493,493,C
6-NA,538,556,0,0,0,556,A
6-NA,539,0,0,706,1,707,G
6-NA,540,0,0,0,721,721,C
6-NA,541,0,718,0,0,718,T
6-NA,542,0,0,0,727,727,C
6-NA,543,711,0,0,0,711,A
6-NA,544,768,0,2,0,770,A
6-NA,545,0,0,791,0,791,G
6-NA,546,0,795,0,0,795,T
6-NA,547,0,791,0,0,791,T
6-NA,548,1,0,800,0,801,G
6-NA,549,1,805,0,0,806,T
6-NA,550,1,1,3,801,806,C
6-NA,551,808,0,1,0,809,A
6-NA,552,0,0,0,831,831,C
6-NA,553,0,0,829,0,829,G
6-NA,554,901,0,2,0,903,A
6-NA,555,0,906,0,1,907,T
6-NA,556,0,0,970,0,970,G
6-NA,557,0,1,993,0,994,G
6-NA,558,990,1,1,0,992,A
6-NA,559,992,1,2,0,995,A
6-NA,560,1032,0,0,0,1032,A
6-NA,561,1054,0,0,0,1054,A
6-NA,562,0,0,1105,0,1105,G
6-NA,563,0,0,0,1107,1107,C
6-NA,564,1106,0,0,0,1106,A
6-NA,565,0,1118,0,0,1118,T
6-NA,566,0,3,1158,0,1161,G
6-NA,567,0,0,1179,0,1179,G
6-NA,568,0,0,1,1222,1223,C
6-NA,569,0,1220,0,0,1220,T
6-NA,570,0,0,1242,0,1242,G
6-NA,571,0,2,0,1239,1241,C
6-NA,572,1251,0,0,0,1251,A
6-NA,573,0,1362,0,0,1362,T
6-NA,574,0,1,1376,0,1377,G
6-NA,575,0,1430,0,0,1430,T
6-NA,576,0,1525,0,1,1526,T
6-NA,577,0,1534,0,1,1535,T
6-NA,578,0,0,1743,0,1743,G
6-NA,579,0,1740,0,2,1742,T
6-NA,580,1749,0,0,0,1749,A
6-NA,581,0,1754,0,0,1754,T
6-NA,582,1761,0,1,1,1763,A
6-NA,583,1782,0,3,0,1785,A
6-NA,584,0,0,0,1785,1785,C
6-NA,585,0,2,1777,0,1779,G
6-NA,586,0,1,1799,0,1800,G
6-NA,587,0,2,1785,0,1787,G
6-NA,588,1,2,1797,0,1800,G
6-NA,589,12,0,1799,1,1812,G
6-NA,590,1802,2,0,0,1804,A
6-NA,591,0,1816,0,0,1816,T
6-NA,592,7,2,1830,0,1839,G
6-NA,593,1850,0,3,0,1853,A
6-NA,594,0,1870,0,1,1871,T
6-NA,595,1862,0,1,0,1863,A
6-NA,596,1871,0,0,1,1872,A
6-NA,597,1887,2,1,0,1890,A
6-NA,598,1892,0,0,0,1892,A
6-NA,599,1897,0,0,2,1899,A
6-NA,600,0,1893,1,0,1894,T
6-NA,601,1,0,1891,0,1892,G
6-NA,602,0,1,0,1894,1895,C
6-NA,603,1897,0,2,0,1899,A
6-NA,604,1907,0,0,0,1907,A
6-NA,605,0,0,0,1940,1940,C
6-NA,606,0,1956,0,1,1957,T
6-NA,607,2,1,1970,0,1973,G
6-NA,608,0,0,0,1974,1974,C
6-NA,609,0,1975,0,0,1975,T
6-NA,610,1970,0,2,0,1972,A
6-NA,611,3,0,1969,0,1972,G
6-NA,612,1,1959,0,3,1963,T
6-NA,613,0,2006,0,0,2006,T
6-NA,614,0,2005,0,0,2005,T
6-NA,615,0,0,0,2050,2050,C
6-NA,616,2061,0,0,0,2061,A
6-NA,617,0,2072,0,0,2072,T
6-NA,618,0,2080,0,0,2080,T
6-NA,619,0,2112,0,0,2112,T
6-NA,620,2129,0,0,0,2129,A
6-NA,621,0,1,0,2163,2164,C
6-NA,622,2165,0,0,0,2165,A
6-NA,623,2202,0,1,0,2203,A
6-NA,624,1,2202,0,0,2203,T
6-NA,625,0,2,2214,0,2216,G
6-NA,626,0,2,2213,0,2215,G
6-NA,627,0,0,2207,0,2207,G
6-NA,628,2203,1,2,0,2206,A
6-NA,629,0,0,2293,1,2294,G
6-NA,630,0,1,2352,0,2353,G
6-NA,631,0,1,0,2673,2674,C
6-NA,632,1,2670,0,1,2672,T
6-NA,633,1,2729,0,0,2730,T
6-NA,634,1,0,2762,0,2763,G
6-NA,635,0,2768,0,1,2769,T
6-NA,636,2841,0,3,0,2844,A
6-NA,637,0,0,2866,0,2866,G
6-NA,638,2842,0,3,1,2846,A
6-NA,639,1,2849,1,0,2851,T
6-NA,640,2733,1,1,1,2736,A
6-NA,641,1,0,2735,0,2736,G
6-NA,642,0,2728,0,2,2730,T
6-NA,643,1,0,2707,0,2708,G
6-NA,644,0,2900,0,2,2902,T
6-NA,645,0,2906,0,0,2906,T
6-NA,646,1,0,2959,0,2960,G
6-NA,647,1,2949,1,7,2958,T
6-NA,648,0,2965,0,1,2966,T
6-NA,649,1,2975,0,2,2978,T
6-NA,650,0,0,0,2951,2951,C
6-NA,651,2947,1,0,0,2948,A
6-NA,652,0,2940,0,1,2941,T
6-NA,653,2,3,2941,0,2946,G
6-NA,654,0,0,3185,0,3185,G
6-NA,655,0,3177,0,1,3178,T
6-NA,656,0,0,0,3184,3184,C
6-NA,657,2,0,0,3183,3185,C
6-NA,658,3199,0,0,0,3199,A
6-NA,659,3222,0,2,0,3224,A
6-NA,660,3217,0,2,0,3219,A
6-NA,661,0,2,3241,0,3243,G
6-NA,662,3236,1,0,0,3237,A
6-NA,663,3177,0,0,0,3177,A
6-NA,664,3173,1,1,0,3175,A
6-NA,665,0,3181,0,0,3181,T
6-NA,666,0,1,0,3323,3324,C
6-NA,667,0,0,0,3331,3331,C
6-NA,668,0,3327,0,0,3327,T
6-NA,669,0,0,0,3323,3323,C
6-NA,670,3319,1,3,0,3323,A
6-NA,671,0,1,3379,1,3381,G
6-NA,672,2,3,3376,0,3381,G
6-NA,673,3507,0,3,0,3510,A
6-NA,674,0,0,0,3521,3521,C
6-NA,675,2,0,0,3471,3473,C
6-NA,676,2,0,0,3482,3484,C
6-NA,677,3487,1,1,0,3489,A
6-NA,678,1,1,3500,0,3502,G
6-NA,679,1,1,3524,0,3526,G
6-NA,680,3508,1,3,0,3512,A
6-NA,681,2,2,3579,0,3583,G
6-NA,682,0,3534,0,2,3536,T
6-NA,683,0,1,0,3555,3556,C
6-NA,684,3550,0,4,0,3554,A
6-NA,685,2,0,3580,1,3583,G
6-NA,686,3578,0,0,0,3578,A
6-NA,687,3581,0,0,0,3581,A
6-NA,688,1,3580,0,0,3581,T
6-NA,689,0,0,3605,0,3605,G
6-NA,690,1,2,0,3609,3612,C
6-NA,691,0,0,3637,0,3637,G
6-NA,692,0,3630,0,1,3631,T
6-NA,693,0,3628,0,1,3629,T
6-NA,694,0,3621,0,1,3622,T
6-NA,695,0,0,3660,0,3660,G
6-NA,696,1,3675,0,1,3677,T
6-NA,697,3672,0,2,0,3674,A
6-NA,698,1,3663,0,3,3667,T
6-NA,699,1,1,0,3688,3690,C
6-NA,700,3692,0,0,0,3692,A
6-NA,701,3698,0,0,0,3698,A
6-NA,702,1,3698,0,0,3699,T
6-NA,703,1,2,3698,0,3701,G
6-NA,704,0,2,3701,0,3703,G
6-NA,705,3783,2,3,0,3788,A
6-NA,706,3797,1,3,0,3801,A
6-NA,707,0,0,0,3844,3844,C
6-NA,708,0,3880,0,0,3880,T
6-NA,709,0,3876,2,1,3879,T
6-NA,710,0,0,4045,0,4045,G
6-NA,711,0,4044,0,4,4048,T
6-NA,712,4046,1,1,0,4048,A
6-NA,713,2,1,1,4126,4130,C
6-NA,714,4063,2,3,0,4068,A
6-NA,715,1,2,4425,0,4428,G
6-NA,716,0,4409,0,0,4409,T
6-NA,717,4738,0,1,0,4739,A
6-NA,718,1,3,4787,0,4791,G
6-NA,719,2,4726,0,2,4730,T
6-NA,720,4724,0,2,0,4726,A
6-NA,721,4439,0,278,2,4719,A
6-NA,722,1,4721,0,2,4724,T
6-NA,723,4,1,4744,1,4750,G
6-NA,724,4678,2,3,0,4683,A
6-NA,725,2,0,0,4734,4736,C
6-NA,726,0,4606,0,0,4606,T
6-NA,727,3,2,4640,0,4645,G
6-NA,728,4646,1,4,0,4651,A
6-NA,729,1,4670,1,2,4674,T
6-NA,730,0,5,4682,0,4687,G
6-NA,731,1,6,4671,0,4678,G
6-NA,732,3,3,4683,1,4690,G
6-NA,733,4626,2,4,2,4634,A
6-NA,734,2,3,4632,0,4637,G
6-NA,735,2,4623,1,2,4628,T
6-NA,736,0,1,4662,0,4663,G
6-NA,737,0,1,0,4721,4722,C
6-NA,738,1,4720,0,2,4723,T
6-NA,739,1,4714,2,3,4720,T
6-NA,740,0,0,1,4727,4728,C
6-NA,741,4724,2,3,1,4730,A
6-NA,742,0,2,4756,0,4758,G
6-NA,743,0,4,4748,0,4752,G
6-NA,744,4748,0,1,0,4749,A
6-NA,745,4710,0,0,0,4710,A
6-NA,746,4685,0,1,0,4686,A
6-NA,747,4704,0,3,1,4708,A
6-NA,748,0,0,4739,0,4739,G
6-NA,749,3,0,0,4727,4730,C
6-NA,750,0,4717,0,4,4721,T
6-NA,751,1,1,4724,0,4726,G
6-NA,752,4726,0,2,0,4728,A
6-NA,753,0,4780,0,2,4782,T
6-NA,754,4800,0,2,0,4802,A
6-NA,755,4,1,1,5026,5032,C
6-NA,756,0,5003,0,1,5004,T
6-NA,757,5003,0,0,1,5004,A
6-NA,758,5008,1,1,0,5010,A
6-NA,759,5005,0,3,0,5008,A
6-NA,760,5130,2,1,0,5133,A
6-NA,761,0,5137,1,1,5139,T
6-NA,762,5141,1,1,0,5143,A
6-NA,763,4,0,0,5158,5162,C
6-NA,764,1,5018,0,4,5023,T
6-NA,765,5098,0,1,0,5099,A
6-NA,766,1,5092,0,1,5094,T
6-NA,767,1,5314,0,1,5316,T
6-NA,768,1,0,0,5338,5339,C
6-NA,769,5268,1,1,0,5270,A
6-NA,770,0,5267,1,1,5269,T
6-NA,771,0,5250,0,2,5252,T
6-NA,772,3,3,5271,0,5277,G
6-NA,773,5252,2,4,1,5259,A
6-NA,774,0,2,5264,0,5266,G
6-NA,775,1,0,5257,2,5260,G
6-NA,776,5106,1,4,0,5111,A
6-NA,777,1,4,5204,2,5211,G
6-NA,778,0,4,5207,0,5211,G
6-NA,779,2,2,5206,0,5210,G
6-NA,780,2,2,5212,0,5216,G
6-NA,781,5196,1,7,1,5205,A
6-NA,782,5207,0,5,0,5212,A
6-NA,783,5203,0,2,0,5205,A
6-NA,784,5186,0,6,0,5192,A
6-NA,785,0,5199,0,1,5200,T
6-NA,786,2,0,0,5171,5173,C
6-NA,787,2,0,5229,0,5231,G
6-NA,788,0,5223,0,0,5223,T
6-NA,789,1,5216,0,4,5221,T
6-NA,790,0,0,0,5236,5236,C
6-NA,791,5227,0,3,1,5231,A
6-NA,792,1,5630,0,0,5631,T
6-NA,793,5616,1,4,0,5621,A
6-NA,794,2,0,0,5663,5665,C
6-NA,795,1,5653,0,1,5655,T
6-NA,796,5662,1,2,2,5667,A
6-NA,797,1,0,5669,0,5670,G
6-NA,798,0,1,0,5675,5676,C
6-NA,799,5677,0,3,0,5680,A
6-NA,800,0,3,0,5711,5714,C
6-NA,801,5489,1,2,0,5492,A
6-NA,802,0,5578,1,4,5583,T
6-NA,803,0,5550,1,0,5551,T
6-NA,804,1,0,5951,0,5952,G
6-NA,805,1,5926,0,3,5930,T
6-NA,806,1,2,1,5917,5921,C
6-NA,807,5912,0,4,0,5916,A
6-NA,808,1,3,5915,0,5919,G
6-NA,809,0,5,5928,0,5933,G
6-NA,810,5918,0,4,0,5922,A
6-NA,811,5827,1,2,1,5831,A
6-NA,812,0,0,5930,0,5930,G
6-NA,813,2,5669,2,1,5674,T
6-NA,814,2,2,5705,0,5709,G
6-NA,815,0,0,1,5700,5701,C
6-NA,816,0,5691,1,4,5696,T
6-NA,817,2,1,0,5721,5724,C
6-NA,818,5703,1,1,0,5705,A
6-NA,819,132,0,5611,0,5743,G
6-NA,820,3,0,1,5750,5754,C
6-NA,821,5742,1,1,0,5744,A
6-NA,822,0,5745,0,0,5745,T
6-NA,823,3,0,5965,0,5968,G
6-NA,824,2,5964,0,5,5971,T
6-NA,825,2,2,0,5962,5966,C
6-NA,826,2,3,5950,0,5955,G
6-NA,827,5956,1,1,0,5958,A
6-NA,828,2,2,5926,0,5930,G
6-NA,829,0,0,5928,0,5928,G
6-NA,830,5881,1,4,0,5886,A
6-NA,831,1,1,5988,0,5990,G
6-NA,832,1,5834,1,2,5838,T
6-NA,833,3,5,5862,0,5870,G
6-NA,834,2,0,0,5987,5989,C
6-NA,835,3,5972,0,5,5980,T
6-NA,836,0,1,0,6007,6008,C
6-NA,837,3,0,1,6038,6042,C
6-NA,838,3,6029,1,1,6034,T
6-NA,839,1,0,6054,0,6055,G
6-NA,840,2,0,0,6007,6009,C
6-NA,841,0,5966,0,0,5966,T
6-NA,842,6008,1,1,0,6010,A
6-NA,843,3,5910,0,3,5916,T
6-NA,844,1,0,0,5981,5982,C
6-NA,845,5,2,1,5968,5976,C
6-NA,846,1,5977,0,2,5980,T
6-NA,847,3,3,0,6042,6048,C
6-NA,848,2,1,6055,0,6058,G
6-NA,849,6125,1,3,1,6130,A
6-NA,850,1,6128,0,1,6130,T
6-NA,851,6157,1,1,0,6159,A
6-NA,852,3,6157,0,1,6161,T
6-NA,853,3,1,4,6153,6161,C
6-NA,854,1,2,0,6151,6154,C
6-NA,855,2,6115,1,4,6122,T
6-NA,856,2,2,6166,2,6172,G
6-NA,857,1,0,6192,0,6193,G
6-NA,858,1,6257,0,1,6259,T
6-NA,859,3,1,6257,2,6263,G
6-NA,860,1,6225,0,8,6234,T
6-NA,861,1,0,0,6232,6233,C
6-NA,862,6220,2,2,1,6225,A
6-NA,863,2,1,6242,0,6245,G
6-NA,864,6235,1,0,0,6236,A
6-NA,865,1,6183,0,3,6187,T
6-NA,866,5,4,6186,0,6195,G
6-NA,867,1,6158,0,1,6160,T
6-NA,868,0,2,6181,2,6185,G
6-NA,869,0,6175,1,9,6185,T
6-NA,870,2,0,0,6197,6199,C
6-NA,871,1,6182,0,5,6188,T
6-NA,872,1,1,6203,0,6205,G
6-NA,873,0,1,0,6199,6200,C
6-NA,874,6188,1,6,0,6195,A
6-NA,875,0,4,6201,0,6205,G
6-NA,876,6072,0,6,1,6079,A
6-NA,877,3,3,6094,2,6102,G
6-NA,878,6092,0,4,0,6096,A
6-NA,879,1,2,1,6149,6153,C
6-NA,880,6163,0,0,1,6164,A
6-NA,881,6251,2,3,0,6256,A
6-NA,882,1,2,0,6293,6296,C
6-NA,883,0,6293,0,4,6297,T
6-NA,884,2,0,6309,2,6313,G
6-NA,885,0,6,6293,0,6299,G
6-NA,886,6282,1,0,1,6284,A
6-NA,887,6276,0,6,1,6283,A
6-NA,888,6158,2,4,0,6164,A
6-NA,889,0,1,6291,0,6292,G
6-NA,890,0,2,6271,0,6273,G
6-NA,891,2,1,1,6276,6280,C
6-NA,892,2,6234,0,14,6250,T
6-NA,893,5,2,0,6409,6416,C
6-NA,894,3,4,0,6484,6491,C
6-NA,895,6528,0,2,0,6530,A
6-NA,896,6520,0,2,2,6524,A
6-NA,897,2,6531,0,0,6533,T
6-NA,898,6349,0,1,1,6351,A
6-NA,899,0,2,6327,0,6329,G
6-NA,900,3,2,6351,0,6356,G
6-NA,901,0,1,0,6354,6355,C
6-NA,902,3,2,0,6240,6245,C
6-NA,903,4,2,1,6191,6198,C
6-NA,904,6285,0,2,0,6287,A
6-NA,905,2,6350,0,3,6355,T
6-NA,906,1,1,0,6358,6360,C
6-NA,907,1,0,6373,0,6374,G
6-NA,908,1,6347,0,2,6350,T
6-NA,909,6245,0,6,0,6251,A
6-NA,910,1,1,6387,0,6389,G
6-NA,911,6388,0,5,0,6393,A
6-NA,912,1,6416,0,1,6418,T
6-NA,913,6299,0,1,1,6301,A
6-NA,914,1,6256,0,3,6260,T
6-NA,915,6254,0,3,0,6257,A
6-NA,916,6250,0,2,1,6253,A
6-NA,917,6415,1,2,1,6419,A
6-NA,918,2,171,0,6491,6664,C
6-NA,919,6523,0,2,0,6525,A
6-NA,920,1,6517,0,0,6518,T
6-NA,921,6485,0,2,0,6487,A
6-NA,922,6485,2,2,2,6491,A
6-NA,923,6465,1,6,0,6472,A
6-NA,924,0,1,6555,0,6556,G
6-NA,925,0,1,6610,0,6611,G
6-NA,926,6458,2,6,0,6466,A
6-NA,927,2,6459,0,3,6464,T
6-NA,928,2,0,0,6491,6493,C
6-NA,929,6509,2,5,0,6516,A
6-NA,930,3,6526,2,2,6533,T
6-NA,931,6508,0,3,0,6511,A
6-NA,932,3,3,6549,1,6556,G
6-NA,933,3,4,0,6479,6486,C
6-NA,934,6401,0,1,0,6402,A
6-NA,935,0,6259,0,0,6259,T
6-NA,936,1,6272,0,6,6279,T
6-NA,937,1,0,6467,0,6468,G
6-NA,938,2,6467,0,3,6472,T
6-NA,939,0,6575,0,7,6582,T
6-NA,940,4,6585,0,3,6592,T
6-NA,941,3,1,1,6591,6596,C
6-NA,942,4,3,2,6641,6650,C
6-NA,943,6765,0,3,0,6768,A
6-NA,944,2,2,6847,1,6852,G
6-NA,945,1,6845,0,6,6852,T
6-NA,946,0,6420,0,289,6709,T
6-NA,947,6716,2,1,0,6719,A
6-NA,948,3,6700,2,1,6706,T
6-NA,949,3,0,6716,0,6719,G
6-NA,950,3,6672,0,5,6680,T
6-NA,951,1,3,6691,0,6695,G
6-NA,952,1,6513,0,4,6518,T
6-NA,953,1,2,6688,0,6691,G
6-NA,954,0,6687,0,3,6690,T
6-NA,955,0,6672,1,1,6674,T
6-NA,956,3,1,0,6670,6674,C
6-NA,957,6612,1,21,0,6634,A
6-NA,958,0,2,6671,0,6673,G
6-NA,959,1,3,6668,0,6672,G
6-NA,960,6650,1,5,1,6657,A
6-NA,961,0,1,1,6664,6666,C
6-NA,962,0,6538,1,2,6541,T
6-NA,963,3,6566,0,2,6571,T
6-NA,964,2,3,6843,0,6848,G
6-NA,965,2,6844,0,2,6848,T
6-NA,966,0,6831,0,8,6839,T
6-NA,967,9,6,6816,0,6831,G
6-NA,968,0,7,6864,0,6871,G
6-NA,969,6860,0,10,0,6870,A
6-NA,970,1,3,6894,0,6898,G
6-NA,971,6855,0,35,0,6890,A
6-NA,972,0,0,0,6886,6886,C
6-NA,973,6717,1,4,0,6722,A
6-NA,974,2,1,0,6759,6762,C
6-NA,975,6767,2,11,0,6780,A
6-NA,976,6,4,0,6873,6883,C
6-NA,977,9,3,1,6838,6851,C
6-NA,978,5,3,0,6861,6869,C
6-NA,979,6849,1,4,0,6854,A
6-NA,980,0,1,6890,0,6891,G
6-NA,981,6870,2,3,0,6875,A
6-NA,982,6902,0,1,1,6904,A
6-NA,983,6871,2,3,1,6877,A
6-NA,984,6867,0,1,1,6869,A
6-NA,985,6826,0,9,1,6836,A
6-NA,986,6842,1,2,2,6847,A
6-NA,987,2,3,0,6847,6852,C
6-NA,988,1,2,6852,0,6855,G
6-NA,989,6835,2,4,0,6841,A
6-NA,990,0,2,0,6834,6836,C
6-NA,991,6820,2,3,1,6826,A
6-NA,992,12,0,6903,0,6915,G
6-NA,993,3,4,0,7164,7171,C
6-NA,994,4,7157,1,5,7167,T
6-NA,995,5,1,0,7175,7181,C
6-NA,996,5,3,0,7201,7209,C
6-NA,997,7210,0,12,0,7222,A
6-NA,998,1,0,7296,0,7297,G
6-NA,999,1,1,0,7294,7296,C
6-NA,1000,7268,2,3,0,7273,A
6-NA,1001,0,4,7267,0,7271,G
6-NA,1002,1,6984,2,6,6993,T
6-NA,1003,6997,0,3,0,7000,A
6-NA,1004,0,1,7010,0,7011,G
6-NA,1005,4,1,0,7030,7035,C
6-NA,1006,2,3,0,7039,7044,C
6-NA,1007,6968,0,1,1,6970,A
6-NA,1008,2,6966,1,5,6974,T
6-NA,1009,0,6972,1,2,6975,T
6-NA,1010,1,1,7142,0,7144,G
6-NA,1011,0,7091,3,1,7095,T
6-NA,1012,0,7071,1,3,7075,T
6-NA,1013,6,7057,1,7,7071,T
6-NA,1014,2,1,7038,1,7042,G
6-NA,1015,1,4,7105,0,7110,G
6-NA,1016,7095,0,2,0,7097,A
6-NA,1017,0,7115,0,9,7124,T
6-NA,1018,2,0,0,7134,7136,C
6-NA,1019,6,1,0,7025,7032,C
6-NA,1020,4,7037,0,1,7042,T
6-NA,1021,7052,0,11,0,7063,A
6-NA,1022,7078,2,3,1,7084,A
6-NA,1023,3,2,0,7200,7205,C
6-NA,1024,7076,2,2,0,7080,A
6-NA,1025,7183,3,3,0,7189,A
6-NA,1026,0,7175,1,1,7177,T
6-NA,1027,1,0,7253,0,7254,G
6-NA,1028,7225,1,5,1,7232,A
6-NA,1029,7177,1,13,1,7192,A
6-NA,1030,1,4,7221,0,7226,G
6-NA,1031,7197,1,0,0,7198,A
6-NA,1032,7059,1,7,0,7067,A
6-NA,1033,0,5,7103,1,7109,G
6-NA,1034,1,6,7113,1,7121,G
6-NA,1035,0,7054,0,3,7057,T
6-NA,1036,0,1,7042,0,7043,G
6-NA,1037,4,2,7264,1,7271,G
6-NA,1038,3,7252,0,5,7260,T
6-NA,1039,4,0,0,7230,7234,C
6-NA,1040,7236,0,0,0,7236,A
6-NA,1041,0,7206,0,3,7209,T
6-NA,1042,3,7,7200,0,7210,G
6-NA,1043,2,1,7261,0,7264,G
6-NA,1044,7221,1,5,0,7227,A
6-NA,1045,2,3,7420,1,7426,G
6-NA,1046,1,7167,1,4,7173,T
6-NA,1047,1,2,7194,2,7199,G
6-NA,1048,7176,1,2,1,7180,A
6-NA,1049,7177,2,1,0,7180,A
6-NA,1050,7185,1,7,2,7195,A
6-NA,1051,0,2,7226,0,7228,G
6-NA,1052,0,0,7182,0,7182,G
6-NA,1053,0,0,0,7152,7152,C
6-NA,1054,3,6983,0,3,6989,T
6-NA,1055,2,1,6987,1,6991,G
6-NA,1056,4,2,6977,1,6984,G
6-NA,1057,0,2,7060,0,7062,G
6-NA,1058,1,0,0,7075,7076,C
6-NA,1059,2,1,1,7067,7071,C
6-NA,1060,0,6993,0,3,6996,T
6-NA,1061,1,7013,0,3,7017,T
6-NA,1062,2,7013,0,0,7015,T
6-NA,1063,1,1,7041,0,7043,G
6-NA,1064,7024,2,6,0,7032,A
6-NA,1065,1,6998,0,2,7001,T
6-NA,1066,1,2,6913,0,6916,G
6-NA,1067,6869,1,3,0,6873,A
6-NA,1068,2,6878,0,2,6882,T
6-NA,1069,0,1,6896,0,6897,G
6-NA,1070,1,0,6986,0,6987,G
6-NA,1071,6977,1,2,0,6980,A
6-NA,1072,6969,2,2,0,6973,A
6-NA,1073,6982,0,3,1,6986,A
6-NA,1074,0,6981,0,2,6983,T
6-NA,1075,1,2,7015,0,7018,G
6-NA,1076,7014,2,4,0,7020,A
6-NA,1077,2,2,0,6975,6979,C
6-NA,1078,0,2,7006,1,7009,G
6-NA,1079,1,6865,0,2,6868,T
6-NA,1080,1,0,6928,0,6929,G
6-NA,1081,0,6903,0,7,6910,T
6-NA,1082,4,2,6919,0,6925,G
6-NA,1083,1,2,6964,0,6967,G
6-NA,1084,6934,1,2,0,6937,A
6-NA,1085,3,6942,0,2,6947,T
6-NA,1086,0,2,6935,0,6937,G
6-NA,1087,1,3,6948,0,6952,G
6-NA,1088,2,0,6993,0,6995,G
6-NA,1089,6963,0,4,1,6968,A
6-NA,1090,6960,2,3,0,6965,A
6-NA,1091,0,3,6954,1,6958,G
6-NA,1092,6869,1,6,0,6876,A
6-NA,1093,6883,0,6,0,6889,A
6-NA,1094,1,0,0,6844,6845,C
6-NA,1095,2,0,6809,0,6811,G
6-NA,1096,6804,3,2,0,6809,A
6-NA,1097,0,6710,0,4,6714,T
6-NA,1098,4,1,1,6720,6726,C
6-NA,1099,6733,0,5,0,6738,A
6-NA,1100,0,1,6765,0,6766,G
6-NA,1101,1,0,0,6751,6752,C
6-NA,1102,2,1,6758,0,6761,G
6-NA,1103,6719,2,2,0,6723,A
6-NA,1104,0,1,6736,0,6737,G
6-NA,1105,6732,0,2,0,6734,A
6-NA,1106,6733,1,1,1,6736,A
6-NA,1107,0,2,6793,0,6795,G
6-NA,1108,1,6744,0,4,6749,T
6-NA,1109,2,0,0,6711,6713,C
6-NA,1110,6702,3,0,0,6705,A
6-NA,1111,0,1,0,6923,6924,C
6-NA,1112,17,1,6912,0,6930,G
6-NA,1113,1,2,1,6928,6932,C
6-NA,1114,0,6897,0,6,6903,T
6-NA,1115,0,6921,0,0,6921,T
6-NA,1116,6857,0,1,0,6858,A
6-NA,1117,0,6,7073,0,7079,G
6-NA,1118,1,6,7076,0,7083,G
6-NA,1119,0,4,7211,0,7215,G
6-NA,1120,1,6819,0,2,6822,T
6-NA,1121,6792,1,4,1,6798,A
6-NA,1122,1,6777,0,2,6780,T
6-NA,1123,1,1,6780,1,6783,G
6-NA,1124,6770,1,4,0,6775,A
6-NA,1125,6757,0,4,1,6762,A
6-NA,1126,6520,2,4,1,6527,A
6-NA,1127,2,2,0,6520,6524,C
6-NA,1128,6,4,0,6413,6423,C
6-NA,1129,0,6371,1,2,6374,T
6-NA,1130,1,6383,0,2,6386,T
6-NA,1131,1,0,0,6392,6393,C
6-NA,1132,6390,0,0,0,6390,A
6-NA,1133,6389,1,4,0,6394,A
6-NA,1134,6389,1,2,0,6392,A
6-NA,1135,0,3,6441,0,6444,G
6-NA,1136,2,6351,0,6,6359,T
6-NA,1137,0,1,0,6390,6391,C
6-NA,1138,6520,2,2,0,6524,A
6-NA,1139,0,6535,0,2,6537,T
6-NA,1140,4,6531,0,3,6538,T
6-NA,1141,1,2,6536,0,6539,G
6-NA,1142,6522,2,3,0,6527,A
6-NA,1143,6543,1,11,2,6557,A
6-NA,1144,1,2,6678,0,6681,G
6-NA,1145,2,4,6667,0,6673,G
6-NA,1146,0,1,0,6634,6635,C
6-NA,1147,0,6441,0,1,6442,T
6-NA,1148,3,5,6473,1,6482,G
6-NA,1149,1,0,6631,0,6632,G
6-NA,1150,1,6624,1,6,6632,T
6-NA,1151,1,1,0,6595,6597,C
6-NA,1152,3,1,0,6586,6590,C
6-NA,1153,6587,0,1,0,6588,A
6-NA,1154,6632,1,2,0,6635,A
6-NA,1155,5,2,0,6664,6671,C
6-NA,1156,7,1,0,6658,6666,C
6-NA,1157,6,1,0,6663,6670,C
6-NA,1158,2,6394,1,4,6401,T
6-NA,1159,6406,0,1,0,6407,A
6-NA,1160,6399,0,0,1,6400,A
6-NA,1161,2,1,6436,0,6439,G
6-NA,1162,1,6409,0,2,6412,T
6-NA,1163,2,1,2,6376,6381,C
6-NA,1164,7,3,3,6299,6312,C
6-NA,1165,6311,2,2,0,6315,A
6-NA,1166,6301,0,2,0,6303,A
6-NA,1167,6310,0,2,1,6313,A
6-NA,1168,0,6307,0,2,6309,T
6-NA,1169,2,6302,0,1,6305,T
6-NA,1170,2,0,6285,0,6287,G
6-NA,1171,1,1,0,6253,6255,C
6-NA,1172,6257,0,8,0,6265,A
6-NA,1173,1,1,6293,0,6295,G
6-NA,1174,6283,4,1,0,6288,A
6-NA,1175,0,6416,0,1,6417,T
6-NA,1176,6406,2,14,0,6422,A
6-NA,1177,6411,1,1,0,6413,A
6-NA,1178,6407,3,3,0,6413,A
6-NA,1179,1,6401,1,0,6403,T
6-NA,1180,6377,0,4,0,6381,A
6-NA,1181,1,1,6391,0,6393,G
6-NA,1182,1,1,6361,1,6364,G
6-NA,1183,0,3,0,6347,6350,C
6-NA,1184,6221,0,2,0,6223,A
6-NA,1185,6279,1,1,0,6281,A
6-NA,1186,1,1,6319,0,6321,G
6-NA,1187,1,6312,1,4,6318,T
6-NA,1188,2,0,0,6316,6318,C
6-NA,1189,6346,0,2,0,6348,A
6-NA,1190,1,6337,1,2,6341,T
6-NA,1191,6429,4,2,0,6435,A
6-NA,1192,2,2,6459,2,6465,G
6-NA,1193,2,6458,0,1,6461,T
6-NA,1194,1,6291,0,1,6293,T
6-NA,1195,1,2,6243,0,6246,G
6-NA,1196,6219,2,5,0,6226,A
6-NA,1197,2,1,1,6220,6224,C
6-NA,1198,6129,2,2,0,6133,A
6-NA,1199,0,1,6228,0,6229,G
6-NA,1200,6160,2,8,4,6174,A
6-NA,1201,1,3,6384,0,6388,G
6-NA,1202,1,3,6392,1,6397,G
6-NA,1203,1,6379,1,1,6382,T
6-NA,1204,6375,0,2,0,6377,A
6-NA,1205,6362,1,1,0,6364,A
6-NA,1206,2,6376,0,1,6379,T
6-NA,1207,6362,0,2,2,6366,A
6-NA,1208,2,3,6290,1,6296,G
6-NA,1209,0,3,6201,0,6204,G
6-NA,1210,1,5858,1,4,5864,T
6-NA,1211,3,0,0,5835,5838,C
6-NA,1212,5,3,1,5817,5826,C
6-NA,1213,4,2,5829,0,5835,G
6-NA,1214,0,0,5856,0,5856,G
6-NA,1215,0,5839,0,4,5843,T
6-NA,1216,0,5851,0,1,5852,T
6-NA,1217,5822,0,2,0,5824,A
6-NA,1218,1,5772,0,2,5775,T
6-NA,1219,3,5763,0,3,5769,T
6-NA,1220,1,1,1,5780,5783,C
6-NA,1221,1,5660,0,4,5665,T
6-NA,1222,0,3,5694,1,5698,G
6-NA,1223,2,3,5699,0,5704,G
6-NA,1224,0,5712,0,0,5712,T
6-NA,1225,5719,1,1,0,5721,A
6-NA,1226,1,5656,0,3,5660,T
6-NA,1227,0,5643,1,4,5648,T
6-NA,1228,1,5637,0,3,5641,T
6-NA,1229,1,5662,2,3,5668,T
6-NA,1230,5,0,0,5679,5684,C
6-NA,1231,0,5621,0,4,5625,T
6-NA,1232,4,1,2,5649,5656,C
6-NA,1233,0,5628,0,0,5628,T
6-NA,1234,0,1,5710,0,5711,G
6-NA,1235,1,5700,0,6,5707,T
6-NA,1236,0,5665,0,2,5667,T
6-NA,1237,1,1,5678,0,5680,G
6-NA,1238,5621,1,3,1,5626,A
6-NA,1239,5585,0,39,1,5625,A
6-NA,1240,0,3,5662,0,5665,G
6-NA,1241,8,2,5633,1,5644,G
6-NA,1242,4,3,0,5639,5646,C
6-NA,1243,5526,0,2,0,5528,A
6-NA,1244,5543,0,2,1,5546,A
6-NA,1245,5562,0,2,2,5566,A
6-NA,1246,5563,0,5,1,5569,A
6-NA,1247,1,0,5566,0,5567,G
6-NA,1248,3,0,0,5551,5554,C
6-NA,1249,1,5471,0,2,5474,T
6-NA,1250,4,0,5517,1,5522,G
6-NA,1251,0,2,0,5525,5527,C
6-NA,1252,5539,0,0,0,5539,A
6-NA,1253,2,5516,1,11,5530,T
6-NA,1254,1,0,1,5478,5480,C
6-NA,1255,5465,0,3,0,5468,A
6-NA,1256,5471,0,5,0,5476,A
6-NA,1257,0,5463,1,0,5464,T
6-NA,1258,3,1,0,5456,5460,C
6-NA,1259,3,2,5384,0,5389,G
6-NA,1260,0,1,5473,0,5474,G
6-NA,1261,3,5455,0,8,5466,T
6-NA,1262,2,1,5476,1,5480,G
6-NA,1263,1,1,0,5513,5515,C
6-NA,1264,1,5479,1,7,5488,T
6-NA,1265,0,5538,2,0,5540,T
6-NA,1266,0,5540,1,1,5542,T
6-NA,1267,0,5559,3,0,5562,T
6-NA,1268,5577,0,3,1,5581,A
6-NA,1269,0,5358,2,2,5362,T
6-NA,1270,1,1,5366,0,5368,G
6-NA,1271,1,5299,1,3,5304,T
6-NA,1272,0,4,5247,0,5251,G
6-NA,1273,0,2,5307,0,5309,G
6-NA,1274,5200,1,0,0,5201,A
6-NA,1275,1,1,5241,0,5243,G
6-NA,1276,0,5204,2,1,5207,T
6-NA,1277,0,5153,1,2,5156,T
6-NA,1278,0,2,5203,0,5205,G
6-NA,1279,5189,4,2,0,5195,A
6-NA,1280,2,5186,1,2,5191,T
6-NA,1281,5170,0,1,1,5172,A
6-NA,1282,4967,0,3,0,4970,A
6-NA,1283,1,1,4995,0,4997,G
6-NA,1284,3,7,4909,0,4919,G
6-NA,1285,0,3,4881,0,4884,G
6-NA,1286,0,2,4858,0,4860,G
6-NA,1287,4769,2,4,0,4775,A
6-NA,1288,4767,2,6,0,4775,A
6-NA,1289,1,0,4795,0,4796,G
6-NA,1290,4790,0,2,0,4792,A
6-NA,1291,4780,2,1,2,4785,A
6-NA,1292,4711,1,2,1,4715,A
6-NA,1293,4638,0,5,1,4644,A
6-NA,1294,0,2,4645,0,4647,G
6-NA,1295,4607,2,7,1,4617,A
6-NA,1296,5,0,4608,0,4613,G
6-NA,1297,1,4,4607,0,4612,G
6-NA,1298,4535,1,6,0,4542,A
6-NA,1299,4547,0,1,1,4549,A
6-NA,1300,4540,1,7,0,4548,A
6-NA,1301,3,1,0,4561,4565,C
6-NA,1302,1,4545,1,4,4551,T
6-NA,1303,0,1,4554,0,4555,G
6-NA,1304,4529,1,0,0,4530,A
6-NA,1305,4530,2,2,0,4534,A
6-NA,1306,0,0,4556,0,4556,G
6-NA,1307,0,4511,1,9,4521,T
6-NA,1308,3,0,0,4562,4565,C
6-NA,1309,1,4541,1,9,4552,T
6-NA,1310,0,4512,2,1,4515,T
6-NA,1311,2,1,4520,0,4523,G
6-NA,1312,3,4502,0,0,4505,T
6-NA,1313,1,2,4492,0,4495,G
6-NA,1314,2,1,4496,0,4499,G
6-NA,1315,4439,1,3,0,4443,A
6-NA,1316,0,0,0,4460,4460,C
6-NA,1317,4,3,0,4326,4333,C
6-NA,1318,3,4323,0,7,4333,T
6-NA,1319,3,0,0,4336,4339,C
6-NA,1320,4353,1,0,1,4355,A
6-NA,1321,4346,1,2,0,4349,A
6-NA,1322,4348,0,0,1,4349,A
6-NA,1323,1,1,0,4374,4376,C
6-NA,1324,4218,0,4,0,4222,A
6-NA,1325,0,1,4285,0,4286,G
6-NA,1326,0,4203,0,0,4203,T
6-NA,1327,4195,0,4,0,4199,A
6-NA,1328,0,4199,1,0,4200,T
6-NA,1329,0,4133,1,2,4136,T
6-NA,1330,1,0,4158,0,4159,G
6-NA,1331,1,4143,0,3,4147,T
6-NA,1332,0,3922,5,2,3929,T
6-NA,1333,1,1,3951,0,3953,G
6-NA,1334,2,3670,1,2,3675,T
6-NA,1335,0,3,3676,0,3679,G
6-NA,1336,1,3663,1,4,3669,T
6-NA,1337,0,3634,0,1,3635,T
6-NA,1338,0,3638,0,0,3638,T
6-NA,1339,0,3531,0,2,3533,T
6-NA,1340,2,1,3531,0,3534,G
6-NA,1341,2,3528,1,4,3535,T
6-NA,1342,3,0,3511,0,3514,G
6-NA,1343,1,2,3508,0,3511,G
6-NA,1344,1,0,0,3464,3465,C
6-NA,1345,3452,1,5,0,3458,A
6-NA,1346,1,0,0,3486,3487,C
6-NA,1347,2,1,0,3463,3466,C
6-NA,1348,0,3463,0,1,3464,T
6-NA,1349,1,0,0,3466,3467,C
6-NA,1350,3469,1,1,0,3471,A
6-NA,1351,1,3,3489,0,3493,G
6-NA,1352,0,1,3494,0,3495,G
6-NA,1353,0,3479,0,0,3479,T
6-NA,1354,3455,2,1,0,3458,A
6-NA,1355,1,0,0,3268,3269,C
6-NA,1356,3228,0,1,0,3229,A
6-NA,1357,1,3221,1,1,3224,T
6-NA,1358,3127,0,1,0,3128,A
6-NA,1359,0,3116,0,0,3116,T
6-NA,1360,1,0,2912,0,2913,G
6-NA,1361,1,1,2905,0,2907,G
6-NA,1362,2887,0,0,0,2887,A
6-NA,1363,2852,1,2,1,2856,A
6-NA,1364,0,0,1,2823,2824,C
6-NA,1365,2339,1,0,0,2340,A
6-NA,1366,0,1,2346,0,2347,G
6-NA,1367,0,0,2329,0,2329,G
6-NA,1368,0,1,0,2336,2337,C
6-NA,1369,1,2324,0,4,2329,T
6-NA,1370,0,0,0,2203,2203,C
6-NA,1371,2185,0,3,0,2188,A
6-NA,1372,0,2191,0,1,2192,T
6-NA,1373,1,1,2184,0,2186,G
6-NA,1374,1,0,2191,0,2192,G
6-NA,1375,0,0,0,2105,2105,C
6-NA,1376,1,1,0,2080,2082,C
6-NA,1377,0,1961,0,0,1961,T
6-NA,1378,1,1,1956,0,1958,G
6-NA,1379,1959,1,0,0,1960,A
6-NA,1380,3,1953,0,0,1956,T
6-NA,1381,0,1,1913,0,1914,G
6-NA,1382,0,3,1859,0,1862,G
6-NA,1383,0,3,1749,0,1752,G
6-NA,1384,0,1,1744,0,1745,G
6-NA,1385,0,0,0,1702,1702,C
6-NA,1386,0,1,1701,0,1702,G
6-NA,1387,0,0,1682,0,1682,G
6-NA,1388,1652,0,2,0,1654,A
6-NA,1389,1,1,0,1648,1650,C
6-NA,1390,1647,0,0,0,1647,A
6-NA,1391,0,1616,0,2,1618,T
6-NA,1392,0,0,0,1593,1593,C
6-NA,1393,1582,0,2,0,1584,A
6-NA,1394,1580,0,1,0,1581,A
6-NA,1395,0,1572,0,1,1573,T
6-NA,1396,0,0,0,1537,1537,C
6-NA,1397,1,1491,0,0,1492,T
6-NA,1398,0,0,0,1282,1282,C
6-NA,1399,1277,0,0,0,1277,A
6-NA,1400,0,1271,0,0,1271,T
6-NA,1401,0,0,1268,0,1268,G
6-NA,1402,0,0,0,1255,1255,C
6-NA,1403,1,2,0,1199,1202,C
6-NA,1404,0,1075,0,1,1076,T
6-NA,1405,1061,0,1,0,1062,A
6-NA,1406,0,1061,0,0,1061,T
6-NA,1407,1045,0,0,0,1045,A
6-NA,1408,0,1041,0,0,1041,T
6-NA,1409,931,0,0,0,931,A
6-NA,1410,893,0,0,0,893,A
7-M,1,22,0,0,0,22,A
7-M,2,0,22,0,0,22,T
7-M,3,0,0,21,0,21,G
7-M,4,22,0,0,0,22,A
7-M,5,0,0,25,0,25,G
7-M,6,0,0,0,29,29,C
7-M,7,0,0,0,29,29,C
7-M,8,0,37,0,0,37,T
7-M,9,0,37,0,0,37,T
7-M,10,0,0,0,37,37,C
7-M,11,0,37,0,0,37,T
7-M,12,36,0,0,0,36,A
7-M,13,37,0,0,0,37,A
7-M,14,0,0,0,37,37,C
7-M,15,0,0,0,37,37,C
7-M,16,0,0,37,0,37,G
7-M,17,37,0,0,0,37,A
7-M,18,0,0,38,0,38,G
7-M,19,0,0,40,0,40,G
7-M,20,0,40,0,0,40,T
7-M,21,0,0,0,42,42,C
7-M,22,0,0,42,0,42,G
7-M,23,44,0,0,0,44,A
7-M,24,44,0,1,0,45,A
7-M,25,46,0,0,0,46,A
7-M,26,0,0,0,47,47,C
7-M,27,0,0,48,0,48,G
7-M,28,0,50,0,0,50,T
7-M,29,50,0,0,0,50,A
7-M,30,0,50,0,0,50,T
7-M,31,0,0,54,0,54,G
7-M,32,0,55,0,0,55,T
7-M,33,0,66,0,0,66,T
7-M,34,0,0,0,70,70,C
7-M,35,0,71,0,0,71,T
7-M,36,0,0,0,77,77,C
7-M,37,0,77,0,0,77,T
7-M,38,0,0,0,79,79,C
7-M,39,0,79,0,0,79,T
7-M,40,80,0,0,0,80,A
7-M,41,0,80,0,0,80,T
7-M,42,0,0,0,82,82,C
7-M,43,0,1,82,0,83,G
7-M,44,0,85,0,0,85,T
7-M,45,0,85,0,0,85,T
7-M,46,0,0,0,85,85,C
7-M,47,0,0,0,86,86,C
7-M,48,86,0,0,0,86,A
7-M,49,0,86,0,0,86,T
7-M,50,0,0,0,86,86,C
7-M,51,86,0,0,0,86,A
7-M,52,0,0,87,0,87,G
7-M,53,0,0,86,0,86,G
7-M,54,0,0,0,88,88,C
7-M,55,0,0,0,88,88,C
7-M,56,0,0,0,87,87,C
7-M,57,0,0,0,98,98,C
7-M,58,0,0,0,99,99,C
7-M,59,0,99,0,0,99,T
7-M,60,0,0,0,99,99,C
7-M,61,99,0,0,0,99,A
7-M,62,100,0,0,0,100,A
7-M,63,102,0,0,0,102,A
7-M,64,0,0,105,0,105,G
7-M,65,0,0,0,105,105,C
7-M,66,0,0,0,105,105,C
7-M,67,1,0,104,0,105,G
7-M,68,104,0,0,0,104,A
7-M,69,0,0,105,0,105,G
7-M,70,104,0,0,0,104,A
7-M,71,0,106,0,0,106,T
7-M,72,0,0,0,106,106,C
7-M,73,0,0,107,0,107,G
7-M,74,0,0,0,108,108,C
7-M,75,0,0,108,0,108,G
7-M,76,0,0,0,108,108,C
7-M,77,108,0,0,0,108,A
7-M,78,0,0,108,0,108,G
7-M,79,106,0,0,0,106,A
7-M,80,0,0,114,0,114,G
7-M,81,112,0,0,0,112,A
7-M,82,0,0,0,115,115,C
7-M,83,0,116,0,0,116,T
7-M,84,0,116,0,0,116,T
7-M,85,0,0,118,0,118,G
7-M,86,118,0,0,0,118,A
7-M,87,117,0,1,0,118,A
7-M,88,0,0,117,0,117,G
7-M,89,117,0,0,0,117,A
7-M,90,0,118,0,0,118,T
7-M,91,1,0,117,0,118,G
7-M,92,0,118,0,0,118,T
7-M,93,0,0,0,117,117,C
7-M,94,0,117,0,0,117,T
7-M,95,0,117,0,0,117,T
7-M,96,0,117,0,0,117,T
7-M,97,0,0,117,0,117,G
7-M,98,0,0,0,117,117,C
7-M,99,0,116,0,0,116,T
7-M,100,0,0,117,0,117,G
7-M,101,0,0,118,0,118,G
7-M,102,0,0,120,0,120,G
7-M,103,120,0,0,0,120,A
7-M,104,120,0,0,0,120,A
7-M,105,120,0,0,0,120,A
7-M,106,119,0,0,0,119,A
7-M,107,120,0,0,0,120,A
7-M,108,1,0,0,119,120,C
7-M,109,120,0,0,0,120,A
7-M,110,0,0,0,120,120,C
7-M,111,119,0,1,0,120,A
7-M,112,0,0,124,0,124,G
7-M,113,124,0,0,0,124,A
7-M,114,0,126,0,0,126,T
7-M,115,0,0,0,126,126,C
7-M,116,0,126,0,0,126,T
7-M,117,0,116,0,10,126,T
7-M,118,0,0,125,0,125,G
7-M,119,126,0,0,0,126,A
7-M,120,0,0,125,0,125,G
7-M,121,1,0,121,0,122,G
7-M,122,0,0,0,128,128,C
7-M,123,0,127,0,0,127,T
7-M,124,0,0,0,149,149,C
7-M,125,0,149,0,0,149,T
7-M,126,0,0,0,149,149,C
7-M,127,149,0,0,0,149,A
7-M,128,0,149,0,0,149,T
7-M,129,0,0,148,0,148,G
7-M,130,0,0,148,0,148,G
7-M,131,148,0,0,0,148,A
7-M,132,147,0,0,0,147,A
7-M,133,0,141,0,1,142,T
7-M,134,0,0,143,0,143,G
7-M,135,0,0,148,0,148,G
7-M,136,0,0,0,150,150,C
7-M,137,0,148,0,0,148,T
7-M,138,149,0,0,0,149,A
7-M,139,149,0,0,0,149,A
7-M,140,150,0,0,0,150,A
7-M,141,0,0,151,0,151,G
7-M,142,150,0,0,0,150,A
7-M,143,0,0,0,149,149,C
7-M,144,146,0,0,0,146,A
7-M,145,145,0,0,0,145,A
7-M,146,0,0,153,0,153,G
7-M,147,153,0,0,0,153,A
7-M,148,0,0,0,153,153,C
7-M,149,0,0,0,153,153,C
7-M,150,153,0,0,0,153,A
7-M,151,158,0,0,0,158,A
7-M,152,0,160,0,0,160,T
7-M,153,0,161,0,0,161,T
7-M,154,0,0,0,163,163,C
7-M,155,0,163,0,0,163,T
7-M,156,0,0,162,0,162,G
7-M,157,0,162,0,0,162,T
7-M,158,0,0,0,162,162,C
7-M,159,164,0,0,0,164,A
7-M,160,0,0,0,173,173,C
7-M,161,0,0,0,171,171,C
7-M,162,0,173,0,0,173,T
7-M,163,0,0,0,173,173,C
7-M,164,0,172,0,0,172,T
7-M,165,0,0,178,0,178,G
7-M,166,178,0,0,0,178,A
7-M,167,0,0,0,178,178,C
7-M,168,0,175,0,0,175,T
7-M,169,177,0,0,0,177,A
7-M,170,177,0,0,0,177,A
7-M,171,0,0,179,0,179,G
7-M,172,0,0,180,0,180,G
7-M,173,0,0,179,0,179,G
7-M,174,176,0,1,0,177,A
7-M,175,180,0,0,0,180,A
7-M,176,0,180,0,1,181,T
7-M,177,0,181,0,0,181,T
7-M,178,0,179,0,0,179,T
7-M,179,0,181,0,0,181,T
7-M,180,0,0,180,0,180,G
7-M,181,0,0,183,0,183,G
7-M,182,0,0,181,0,181,G
7-M,183,0,0,182,0,182,G
7-M,184,0,183,0,0,183,T
7-M,185,0,183,0,0,183,T
7-M,186,0,181,0,0,181,T
7-M,187,0,0,187,0,187,G
7-M,188,0,188,0,0,188,T
7-M,189,0,0,191,0,191,G
7-M,190,0,190,0,0,190,T
7-M,191,0,190,0,0,190,T
7-M,192,0,0,0,191,191,C
7-M,193,190,0,0,0,190,A
7-M,194,0,0,0,193,193,C
7-M,195,0,0,193,0,193,G
7-M,196,0,0,0,195,195,C
7-M,197,0,192,0,0,192,T
7-M,198,0,0,0,197,197,C
7-M,199,197,0,0,0,197,A
7-M,200,0,0,0,199,199,C
7-M,201,1,0,0,198,199,C
7-M,202,0,0,199,0,199,G
7-M,203,0,201,0,0,201,T
7-M,204,0,0,202,0,202,G
7-M,205,0,0,0,203,203,C
7-M,206,0,0,0,202,202,C
7-M,207,0,0,0,207,207,C
7-M,208,201,0,0,0,201,A
7-M,209,0,0,203,0,203,G
7-M,210,0,202,0,0,202,T
7-M,211,0,0,204,0,204,G
7-M,212,201,0,0,0,201,A
7-M,213,0,0,202,0,202,G
7-M,214,0,1,0,199,200,C
7-M,215,0,0,204,0,204,G
7-M,216,203,0,0,0,203,A
7-M,217,0,0,206,0,206,G
7-M,218,0,0,208,0,208,G
7-M,219,205,0,0,0,205,A
7-M,220,0,0,0,209,209,C
7-M,221,0,207,0,1,208,T
7-M,222,0,0,209,0,209,G
7-M,223,0,0,0,208,208,C
7-M,224,208,0,0,0,208,A
7-M,225,0,0,215,0,215,G
7-M,226,0,0,0,209,209,C
7-M,227,0,0,210,0,210,G
7-M,228,0,210,0,0,210,T
7-M,229,209,0,0,0,209,A
7-M,230,0,0,208,0,208,G
7-M,231,208,0,0,0,208,A
7-M,232,0,0,0,210,210,C
7-M,233,0,0,211,0,211,G
7-M,234,0,0,0,209,209,C
7-M,235,0,209,0,0,209,T
7-M,236,0,208,0,0,208,T
7-M,237,0,208,0,0,208,T
7-M,238,0,0,216,0,216,G
7-M,239,0,216,0,0,216,T
7-M,240,0,1,0,215,216,C
7-M,241,0,0,0,215,215,C
7-M,242,215,0,0,0,215,A
7-M,243,217,0,0,0,217,A
7-M,244,215,0,0,0,215,A
7-M,245,217,0,0,0,217,A
7-M,246,0,217,0,0,217,T
7-M,247,0,0,218,0,218,G
7-M,248,0,0,0,217,217,C
7-M,249,0,0,0,217,217,C
7-M,250,0,0,0,221,221,C
7-M,251,0,222,0,0,222,T
7-M,252,0,0,0,228,228,C
7-M,253,228,0,0,0,228,A
7-M,254,227,0,0,0,227,A
7-M,255,0,228,0,0,228,T
7-M,256,0,2,224,0,226,G
7-M,257,0,0,225,0,225,G
7-M,258,0,0,229,0,229,G
7-M,259,226,0,0,0,226,A
7-M,260,224,0,0,0,224,A
7-M,261,0,218,0,0,218,T
7-M,262,0,0,218,0,218,G
7-M,263,0,0,218,0,218,G
7-M,264,211,0,0,0,211,A
7-M,265,0,0,211,0,211,G
7-M,266,211,0,0,0,211,A
7-M,267,0,0,0,211,211,C
7-M,268,0,0,0,220,220,C
7-M,269,0,0,0,219,219,C
7-M,270,222,0,0,0,222,A
7-M,271,222,0,0,0,222,A
7-M,272,222,0,0,0,222,A
7-M,273,0,221,0,0,221,T
7-M,274,229,0,0,0,229,A
7-M,275,229,0,0,0,229,A
7-M,276,0,1,0,223,224,C
7-M,277,224,0,0,0,224,A
7-M,278,0,224,0,0,224,T
7-M,279,0,0,226,0,226,G
7-M,280,0,0,227,0,227,G
7-M,281,227,0,0,0,227,A
7-M,282,0,0,0,227,227,C
7-M,283,220,0,0,0,220,A
7-M,284,220,0,0,0,220,A
7-M,285,220,0,0,0,220,A
7-M,286,0,0,224,0,224,G
7-M,287,0,0,0,225,225,C
7-M,288,222,0,0,0,222,A
7-M,289,0,0,220,0,220,G
7-M,290,0,220,0,0,220,T
7-M,291,0,1,0,219,220,C
7-M,292,225,0,0,0,225,A
7-M,293,225,0,0,0,225,A
7-M,294,225,0,0,0,225,A
7-M,295,0,0,0,225,225,C
7-M,296,0,220,0,0,220,T
7-M,297,0,0,244,0,244,G
7-M,298,0,245,0,0,245,T
7-M,299,245,0,0,0,245,A
7-M,300,0,1,0,240,241,C
7-M,301,241,0,0,0,241,A
7-M,302,0,0,241,0,241,G
7-M,303,1,0,243,0,244,G
7-M,304,242,0,0,0,242,A
7-M,305,243,0,0,0,243,A
7-M,306,239,0,0,0,239,A
7-M,307,0,0,0,245,245,C
7-M,308,0,245,0,0,245,T
7-M,309,0,245,0,0,245,T
7-M,310,244,0,0,0,244,A
7-M,311,241,0,0,0,241,A
7-M,312,0,0,242,0,242,G
7-M,313,238,0,0,1,239,A
7-M,314,0,0,242,0,242,G
7-M,315,0,0,248,0,248,G
7-M,316,1,0,243,0,244,G
7-M,317,246,0,0,0,246,A
7-M,318,0,0,246,0,246,G
7-M,319,247,0,0,0,247,A
7-M,320,0,246,0,0,246,T
7-M,321,247,0,0,0,247,A
7-M,322,249,0,0,0,249,A
7-M,323,0,0,0,250,250,C
7-M,324,0,0,249,0,249,G
7-M,325,0,249,0,0,249,T
7-M,326,0,246,0,1,247,T
7-M,327,0,0,0,251,251,C
7-M,328,0,0,0,247,247,C
7-M,329,246,0,0,0,246,A
7-M,330,1,245,0,0,246,T
7-M,331,0,0,243,0,243,G
7-M,332,0,0,243,0,243,G
7-M,333,0,0,239,0,239,G
7-M,334,0,0,243,0,243,G
7-M,335,0,0,0,245,245,C
7-M,336,0,0,0,244,244,C
7-M,337,245,0,0,0,245,A
7-M,338,248,0,0,0,248,A
7-M,339,248,0,0,0,248,A
7-M,340,0,0,250,0,250,G
7-M,341,251,0,0,0,251,A
7-M,342,251,0,0,0,251,A
7-M,343,249,0,0,0,249,A
7-M,344,0,250,0,0,250,T
7-M,345,249,0,0,0,249,A
7-M,346,0,0,250,0,250,G
7-M,347,0,0,0,249,249,C
7-M,348,0,249,0,0,249,T
7-M,349,0,0,0,249,249,C
7-M,350,0,250,0,0,250,T
7-M,351,0,0,0,261,261,C
7-M,352,260,1,0,0,261,A
7-M,353,0,0,261,0,261,G
7-M,354,0,260,0,0,260,T
7-M,355,0,263,0,0,263,T
7-M,356,265,0,0,0,265,A
7-M,357,0,266,0,0,266,T
7-M,358,0,265,0,1,266,T
7-M,359,0,0,0,267,267,C
7-M,360,0,257,0,0,257,T
7-M,361,0,0,257,0,257,G
7-M,362,0,0,0,258,258,C
7-M,363,0,256,0,0,256,T
7-M,364,0,0,255,0,255,G
7-M,365,0,0,257,0,257,G
7-M,366,0,256,0,0,256,T
7-M,367,0,0,255,0,255,G
7-M,368,0,0,0,254,254,C
7-M,369,256,0,0,0,256,A
7-M,370,0,0,0,258,258,C
7-M,371,0,256,0,0,256,T
7-M,372,0,258,0,0,258,T
7-M,373,0,0,257,0,257,G
7-M,374,0,1,0,255,256,C
7-M,375,0,0,0,257,257,C
7-M,376,256,0,0,0,256,A
7-M,377,0,0,257,0,257,G
7-M,378,0,258,0,0,258,T
7-M,379,0,255,0,0,255,T
7-M,380,0,0,259,0,259,G
7-M,381,0,0,0,256,256,C
7-M,382,257,0,0,0,257,A
7-M,383,0,257,0,0,257,T
7-M,384,0,0,257,0,257,G
7-M,385,0,0,257,0,257,G
7-M,386,0,0,258,0,258,G
7-M,387,0,0,0,261,261,C
7-M,388,0,0,0,267,267,C
7-M,389,0,268,0,0,268,T
7-M,390,0,0,0,271,271,C
7-M,391,277,0,0,0,277,A
7-M,392,0,279,0,0,279,T
7-M,393,287,0,0,0,287,A
7-M,394,0,282,0,0,282,T
7-M,395,276,0,0,0,276,A
7-M,396,0,0,0,291,291,C
7-M,397,281,0,0,0,281,A
7-M,398,283,0,0,0,283,A
7-M,399,0,278,0,1,279,T
7-M,400,274,0,0,0,274,A
7-M,401,0,0,273,0,273,G
7-M,402,0,0,272,0,272,G
7-M,403,269,0,0,0,269,A
7-M,404,0,268,0,1,269,T
7-M,405,0,0,251,0,251,G
7-M,406,0,0,254,0,254,G
7-M,407,0,0,249,0,249,G
7-M,408,0,0,255,0,255,G
7-M,409,0,0,257,0,257,G
7-M,410,0,0,0,256,256,C
7-M,411,0,250,0,0,250,T
7-M,412,0,0,252,0,252,G
7-M,413,0,252,0,0,252,T
7-M,414,256,0,0,0,256,A
7-M,415,256,0,0,0,256,A
7-M,416,0,0,0,259,259,C
7-M,417,0,0,0,257,257,C
7-M,418,252,0,0,0,252,A
7-M,419,0,0,0,251,251,C
7-M,420,0,252,0,0,252,T
7-M,421,0,0,255,0,255,G
7-M,422,256,0,0,0,256,A
7-M,423,256,0,0,0,256,A
7-M,424,0,0,257,0,257,G
7-M,425,0,252,0,1,253,T
7-M,426,0,0,253,0,253,G
7-M,427,1,1,253,0,255,G
7-M,428,0,0,0,256,256,C
7-M,429,255,0,0,0,255,A
7-M,430,0,255,0,0,255,T
7-M,431,0,255,0,0,255,T
7-M,432,0,255,0,0,255,T
7-M,433,0,0,261,0,261,G
7-M,434,0,0,261,0,261,G
7-M,435,0,0,0,262,262,C
7-M,436,0,0,0,259,259,C
7-M,437,0,259,0,0,259,T
7-M,438,1,0,268,0,269,G
7-M,439,0,0,275,0,275,G
7-M,440,0,275,0,0,275,T
7-M,441,275,0,0,0,275,A
7-M,442,0,270,0,0,270,T
7-M,443,0,0,269,0,269,G
7-M,444,0,269,0,0,269,T
7-M,445,0,0,270,0,270,G
7-M,446,0,0,0,272,272,C
7-M,447,265,0,0,0,265,A
7-M,448,265,0,0,0,265,A
7-M,449,0,0,0,263,263,C
7-M,450,262,0,0,0,262,A
7-M,451,0,263,0,0,263,T
7-M,452,0,1,257,0,258,G
7-M,453,0,256,0,0,256,T
7-M,454,0,0,256,0,256,G
7-M,455,255,0,0,0,255,A
7-M,456,0,0,258,0,258,G
7-M,457,0,0,0,257,257,C
7-M,458,253,0,0,0,253,A
7-M,459,0,0,253,0,253,G
7-M,460,249,0,0,0,249,A
7-M,461,0,249,0,0,249,T
7-M,462,0,249,0,0,249,T
7-M,463,0,0,248,0,248,G
7-M,464,1,0,0,247,248,C
7-M,465,0,248,0,1,249,T
7-M,466,0,0,249,0,249,G
7-M,467,247,0,0,0,247,A
7-M,468,1,0,0,252,253,C
7-M,469,0,253,0,1,254,T
7-M,470,1,0,1,250,252,C
7-M,471,0,0,0,254,254,C
7-M,472,0,0,0,254,254,C
7-M,473,251,0,0,0,251,A
7-M,474,0,0,254,0,254,G
7-M,475,0,0,0,253,253,C
7-M,476,254,0,0,0,254,A
7-M,477,0,0,0,253,253,C
7-M,478,239,0,1,0,240,A
7-M,479,0,0,248,0,248,G
7-M,480,0,0,248,0,248,G
7-M,481,0,247,0,0,247,T
7-M,482,0,0,0,245,245,C
7-M,483,0,241,0,0,241,T
7-M,484,0,0,0,242,242,C
7-M,485,243,0,0,0,243,A
7-M,486,0,243,0,0,243,T
7-M,487,241,0,0,0,241,A
7-M,488,0,0,236,0,236,G
7-M,489,1,0,236,0,237,G
7-M,490,0,0,0,237,237,C
7-M,491,235,0,0,0,235,A
7-M,492,235,0,0,0,235,A
7-M,493,234,0,0,0,234,A
7-M,494,0,234,0,0,234,T
7-M,495,0,0,233,0,233,G
7-M,496,0,0,231,0,231,G
7-M,497,0,229,0,0,229,T
7-M,498,0,0,230,0,230,G
7-M,499,0,0,232,0,232,G
7-M,500,0,0,0,232,232,C
7-M,501,230,0,1,0,231,A
7-M,502,230,0,1,0,231,A
7-M,503,0,0,0,232,232,C
7-M,504,231,0,0,0,231,A
7-M,505,231,0,0,0,231,A
7-M,506,0,0,0,231,231,C
7-M,507,0,1,0,225,226,C
7-M,508,225,0,0,0,225,A
7-M,509,226,0,0,0,226,A
7-M,510,0,226,0,1,227,T
7-M,511,0,0,0,226,226,C
7-M,512,0,0,0,225,225,C
7-M,513,223,0,0,0,223,A
7-M,514,0,222,0,0,222,T
7-M,515,0,225,0,0,225,T
7-M,516,226,0,0,0,226,A
7-M,517,227,0,0,0,227,A
7-M,518,0,227,0,0,227,T
7-M,519,224,0,0,0,224,A
7-M,520,225,0,0,0,225,A
7-M,521,223,0,0,0,223,A
7-M,522,225,0,0,0,225,A
7-M,523,1,0,0,226,227,C
7-M,524,227,0,0,0,227,A
7-M,525,0,225,0,0,225,T
7-M,526,0,0,226,0,226,G
7-M,527,225,0,0,0,225,A
7-M,528,0,0,229,0,229,G
7-M,529,228,0,0,0,228,A
7-M,530,228,0,1,0,229,A
7-M,531,0,0,0,229,229,C
7-M,532,217,0,1,0,218,A
7-M,533,0,0,221,0,221,G
7-M,534,222,0,0,0,222,A
7-M,535,219,0,0,0,219,A
7-M,536,0,221,0,0,221,T
7-M,537,0,0,217,0,217,G
7-M,538,0,0,217,0,217,G
7-M,539,0,213,1,0,214,T
7-M,540,0,213,0,0,213,T
7-M,541,0,215,0,0,215,T
7-M,542,0,218,0,0,218,T
7-M,543,0,0,219,0,219,G
7-M,544,1,0,217,0,218,G
7-M,545,0,1,0,215,216,C
7-M,546,0,0,0,218,218,C
7-M,547,215,0,0,0,215,A
7-M,548,0,0,225,0,225,G
7-M,549,0,0,0,226,226,C
7-M,550,228,0,0,0,228,A
7-M,551,0,0,0,233,233,C
7-M,552,0,230,0,0,230,T
7-M,553,231,0,0,0,231,A
7-M,554,0,0,0,232,232,C
7-M,555,235,0,0,0,235,A
7-M,556,0,0,237,0,237,G
7-M,557,1,0,0,231,232,C
7-M,558,0,226,0,0,226,T
7-M,559,225,0,0,0,225,A
7-M,560,222,0,0,0,222,A
7-M,561,0,0,225,0,225,G
7-M,562,0,0,225,0,225,G
7-M,563,0,0,0,223,223,C
7-M,564,0,213,0,0,213,T
7-M,565,214,0,0,0,214,A
7-M,566,0,214,0,0,214,T
7-M,567,0,0,215,0,215,G
7-M,568,0,0,216,0,216,G
7-M,569,213,0,0,0,213,A
7-M,570,0,0,210,0,210,G
7-M,571,0,0,0,207,207,C
7-M,572,207,0,0,1,208,A
7-M,573,208,0,0,0,208,A
7-M,574,204,0,0,0,204,A
7-M,575,0,206,0,0,206,T
7-M,576,0,0,208,0,208,G
7-M,577,0,0,207,0,207,G
7-M,578,0,0,0,206,206,C
7-M,579,0,206,0,0,206,T
7-M,580,0,0,206,0,206,G
7-M,581,0,0,211,0,211,G
7-M,582,210,0,0,0,210,A
7-M,583,0,209,0,0,209,T
7-M,584,0,0,0,207,207,C
7-M,585,208,0,0,0,208,A
7-M,586,210,0,0,0,210,A
7-M,587,0,0,210,0,210,G
7-M,588,0,210,0,0,210,T
7-M,589,0,0,207,0,207,G
7-M,590,203,0,0,0,203,A
7-M,591,0,0,204,0,204,G
7-M,592,0,0,0,204,204,C
7-M,593,200,0,1,0,201,A
7-M,594,0,0,204,0,204,G
7-M,595,0,0,201,0,201,G
7-M,596,0,0,0,202,202,C
7-M,597,204,0,0,0,204,A
7-M,598,0,0,208,0,208,G
7-M,599,0,0,0,207,207,C
7-M,600,0,1,206,0,207,G
7-M,601,0,0,207,0,207,G
7-M,602,205,0,0,0,205,A
7-M,603,0,0,211,0,211,G
7-M,604,0,0,213,0,213,G
7-M,605,0,0,0,209,209,C
7-M,606,0,0,0,211,211,C
7-M,607,211,0,0,0,211,A
7-M,608,0,211,0,0,211,T
7-M,609,0,0,212,0,212,G
7-M,610,0,0,213,0,213,G
7-M,611,209,0,1,0,210,A
7-M,612,0,0,213,0,213,G
7-M,613,208,0,0,0,208,A
7-M,614,0,215,0,0,215,T
7-M,615,0,215,0,0,215,T
7-M,616,0,0,215,0,215,G
7-M,617,0,0,0,214,214,C
7-M,618,0,213,0,0,213,T
7-M,619,215,0,0,0,215,A
7-M,620,0,0,215,0,215,G
7-M,621,0,214,0,0,214,T
7-M,622,0,0,0,214,214,C
7-M,623,211,0,0,0,211,A
7-M,624,0,0,212,0,212,G
7-M,625,0,0,210,0,210,G
7-M,626,0,0,0,211,211,C
7-M,627,0,0,0,211,211,C
7-M,628,210,0,0,0,210,A
7-M,629,0,0,210,0,210,G
7-M,630,0,0,210,0,210,G
7-M,631,0,0,0,211,211,C
7-M,632,210,0,0,0,210,A
7-M,633,0,0,205,0,205,G
7-M,634,205,0,0,0,205,A
7-M,635,0,205,0,0,205,T
7-M,636,0,0,205,0,205,G
7-M,637,0,0,213,0,213,G
7-M,638,0,210,0,0,210,T
7-M,639,0,0,210,0,210,G
7-M,640,0,0,0,211,211,C
7-M,641,210,0,0,0,210,A
7-M,642,0,0,215,0,215,G
7-M,643,0,0,214,0,214,G
7-M,644,0,0,0,211,211,C
7-M,645,209,0,1,0,210,A
7-M,646,205,0,0,0,205,A
7-M,647,0,204,0,0,204,T
7-M,648,0,0,204,0,204,G
7-M,649,203,0,0,0,203,A
7-M,650,0,0,203,0,203,G
7-M,651,195,0,1,0,196,A
7-M,652,0,0,197,0,197,G
7-M,653,0,0,0,198,198,C
7-M,654,0,0,0,201,201,C
7-M,655,199,0,0,0,199,A
7-M,656,0,201,0,0,201,T
7-M,657,0,197,0,1,198,T
7-M,658,1,0,197,0,198,G
7-M,659,0,0,197,0,197,G
7-M,660,0,0,199,0,199,G
7-M,661,195,0,1,0,196,A
7-M,662,0,0,0,197,197,C
7-M,663,0,189,0,0,189,T
7-M,664,0,0,0,189,189,C
7-M,665,191,0,0,0,191,A
7-M,666,0,201,0,0,201,T
7-M,667,0,0,0,202,202,C
7-M,668,0,0,0,201,201,C
7-M,669,0,202,0,0,202,T
7-M,670,202,0,0,0,202,A
7-M,671,0,0,206,0,206,G
7-M,672,0,229,0,0,229,T
7-M,673,0,227,0,0,227,T
7-M,674,0,0,0,224,224,C
7-M,675,2,0,0,220,222,C
7-M,676,223,0,0,0,223,A
7-M,677,0,1,222,0,223,G
7-M,678,0,222,0,0,222,T
7-M,679,223,0,0,0,223,A
7-M,680,0,0,0,223,223,C
7-M,681,0,197,0,0,197,T
7-M,682,0,0,198,0,198,G
7-M,683,0,0,202,0,202,G
7-M,684,0,203,0,0,203,T
7-M,685,0,0,0,203,203,C
7-M,686,0,198,0,1,199,T
7-M,687,199,0,0,0,199,A
7-M,688,199,0,1,0,200,A
7-M,689,0,0,202,0,202,G
7-M,690,199,0,0,0,199,A
7-M,691,0,0,195,0,195,G
7-M,692,182,0,0,0,182,A
7-M,693,0,182,0,0,182,T
7-M,694,0,0,182,0,182,G
7-M,695,183,0,0,0,183,A
7-M,696,0,183,0,0,183,T
7-M,697,0,0,0,182,182,C
7-M,698,0,178,0,0,178,T
7-M,699,0,178,0,0,178,T
7-M,700,0,0,0,179,179,C
7-M,701,0,178,0,0,178,T
7-M,702,0,178,0,0,178,T
7-M,703,0,0,178,0,178,G
7-M,704,177,0,0,0,177,A
7-M,705,177,0,0,0,177,A
7-M,706,177,0,0,0,177,A
7-M,707,177,0,0,0,177,A
7-M,708,0,173,0,0,173,T
7-M,709,0,182,0,0,182,T
7-M,710,0,182,0,0,182,T
7-M,711,0,0,181,0,181,G
7-M,712,0,0,0,182,182,C
7-M,713,182,0,0,0,182,A
7-M,714,0,0,183,0,183,G
7-M,715,183,0,0,0,183,A
7-M,716,0,0,0,186,186,C
7-M,717,0,0,0,186,186,C
7-M,718,0,185,0,0,185,T
7-M,719,186,0,0,0,186,A
7-M,720,0,186,0,0,186,T
7-M,721,0,0,0,186,186,C
7-M,722,186,0,0,0,186,A
7-M,723,0,0,185,0,185,G
7-M,724,183,0,0,0,183,A
7-M,725,180,0,0,0,180,A
7-M,726,182,0,0,0,182,A
7-M,727,1,0,0,176,177,C
7-M,728,0,0,176,0,176,G
7-M,729,176,0,0,0,176,A
7-M,730,175,0,0,0,175,A
7-M,731,0,176,0,0,176,T
7-M,732,0,0,174,0,174,G
7-M,733,0,0,178,0,178,G
7-M,734,0,1,178,0,179,G
7-M,735,0,0,177,0,177,G
7-M,736,0,0,181,0,181,G
7-M,737,0,177,0,1,178,T
7-M,738,0,0,177,0,177,G
7-M,739,0,1,0,177,178,C
7-M,740,177,0,0,0,177,A
7-M,741,0,0,178,0,178,G
7-M,742,177,0,0,0,177,A
7-M,743,0,175,0,0,175,T
7-M,744,0,0,174,0,174,G
7-M,745,0,0,0,169,169,C
7-M,746,171,0,0,0,171,A
7-M,747,171,0,0,0,171,A
7-M,748,0,0,0,171,171,C
7-M,749,0,0,170,0,170,G
7-M,750,173,0,0,0,173,A
7-M,751,0,173,0,0,173,T
7-M,752,0,172,0,0,172,T
7-M,753,0,0,0,175,175,C
7-M,754,172,0,0,0,172,A
7-M,755,174,0,0,0,174,A
7-M,756,0,0,174,0,174,G
7-M,757,0,167,0,0,167,T
7-M,758,0,0,167,0,167,G
7-M,759,164,0,0,0,164,A
7-M,760,0,0,0,165,165,C
7-M,761,0,0,0,164,164,C
7-M,762,0,0,0,164,164,C
7-M,763,0,0,162,0,162,G
7-M,764,0,0,0,163,163,C
7-M,765,0,161,0,0,161,T
7-M,766,0,160,0,0,160,T
7-M,767,0,0,161,0,161,G
7-M,768,0,161,0,0,161,T
7-M,769,0,161,0,0,161,T
7-M,770,0,0,161,0,161,G
7-M,771,0,161,0,0,161,T
7-M,772,0,159,0,0,159,T
7-M,773,0,0,160,0,160,G
7-M,774,0,0,0,159,159,C
7-M,775,0,0,0,159,159,C
7-M,776,0,0,161,0,161,G
7-M,777,0,0,0,161,161,C
7-M,778,0,1,161,0,162,G
7-M,779,164,0,0,0,164,A
7-M,780,168,0,0,0,168,A
7-M,781,0,168,0,0,168,T
7-M,782,167,0,0,0,167,A
7-M,783,0,169,0,1,170,T
7-M,784,0,0,0,174,174,C
7-M,785,174,0,0,0,174,A
7-M,786,0,172,0,0,172,T
7-M,787,0,172,0,0,172,T
7-M,788,0,0,172,0,172,G
7-M,789,0,0,171,0,171,G
7-M,790,0,0,172,0,172,G
7-M,791,172,0,0,0,172,A
7-M,792,0,171,0,0,171,T
7-M,793,0,0,0,170,170,C
7-M,794,0,169,0,0,169,T
7-M,795,0,168,0,0,168,T
7-M,796,0,0,171,0,171,G
7-M,797,0,0,0,171,171,C
7-M,798,171,0,0,0,171,A
7-M,799,0,0,0,170,170,C
7-M,800,0,166,0,1,167,T
7-M,801,0,167,0,0,167,T
7-M,802,0,0,167,1,168,G
7-M,803,169,0,0,0,169,A
7-M,804,0,169,0,0,169,T
7-M,805,166,0,0,0,166,A
7-M,806,0,166,0,0,166,T
7-M,807,0,163,0,0,163,T
7-M,808,0,0,163,0,163,G
7-M,809,0,159,0,0,159,T
7-M,810,0,0,155,0,155,G
7-M,811,0,0,155,0,155,G
7-M,812,148,0,0,0,148,A
7-M,813,0,148,0,0,148,T
7-M,814,0,148,0,0,148,T
7-M,815,0,0,0,148,148,C
7-M,816,0,148,0,0,148,T
7-M,817,0,145,0,0,145,T
7-M,818,0,0,146,0,146,G
7-M,819,147,0,0,0,147,A
7-M,820,0,147,0,0,147,T
7-M,821,0,0,0,146,146,C
7-M,822,0,0,146,0,146,G
7-M,823,0,145,0,0,145,T
7-M,824,0,0,0,145,145,C
7-M,825,0,145,0,1,146,T
7-M,826,0,146,0,0,146,T
7-M,827,0,145,0,0,145,T
7-M,828,0,145,0,0,145,T
7-M,829,0,147,0,0,147,T
7-M,830,0,147,0,0,147,T
7-M,831,0,147,0,0,147,T
7-M,832,0,0,0,147,147,C
7-M,833,146,0,0,0,146,A
7-M,834,147,0,0,0,147,A
7-M,835,147,0,0,0,147,A
7-M,836,0,146,0,0,146,T
7-M,837,0,0,146,0,146,G
7-M,838,0,0,0,144,144,C
7-M,839,0,0,145,0,145,G
7-M,840,0,146,0,0,146,T
7-M,841,0,0,0,146,146,C
7-M,842,0,145,0,0,145,T
7-M,843,145,0,0,0,145,A
7-M,844,0,146,0,0,146,T
7-M,845,0,0,0,145,145,C
7-M,846,0,0,145,0,145,G
7-M,847,145,0,0,0,145,A
7-M,848,0,0,0,145,145,C
7-M,849,0,139,0,1,140,T
7-M,850,0,0,0,141,141,C
7-M,851,0,141,0,0,141,T
7-M,852,0,140,0,1,141,T
7-M,853,0,0,0,141,141,C
7-M,854,141,0,0,0,141,A
7-M,855,142,0,0,0,142,A
7-M,856,141,0,0,0,141,A
7-M,857,0,0,0,141,141,C
7-M,858,139,0,0,0,139,A
7-M,859,0,0,0,138,138,C
7-M,860,0,0,135,0,135,G
7-M,861,0,0,139,0,139,G
7-M,862,0,0,0,138,138,C
7-M,863,1,0,0,138,139,C
7-M,864,0,140,0,0,140,T
7-M,865,0,140,0,0,140,T
7-M,866,140,0,0,0,140,A
7-M,867,141,0,0,0,141,A
7-M,868,139,0,1,0,140,A
7-M,869,141,0,0,0,141,A
7-M,870,0,0,139,0,139,G
7-M,871,119,0,1,0,120,A
7-M,872,0,0,122,0,122,G
7-M,873,0,0,122,0,122,G
7-M,874,0,0,0,120,120,C
7-M,875,0,0,0,121,121,C
7-M,876,0,0,0,120,120,C
7-M,877,0,118,0,0,118,T
7-M,878,0,118,0,0,118,T
7-M,879,0,0,0,119,119,C
7-M,880,0,119,0,0,119,T
7-M,881,119,0,0,0,119,A
7-M,882,0,0,0,120,120,C
7-M,883,0,0,117,0,117,G
7-M,884,0,0,117,0,117,G
7-M,885,113,0,0,0,113,A
7-M,886,112,0,0,0,112,A
7-M,887,0,1,109,0,110,G
7-M,888,0,0,108,0,108,G
7-M,889,106,0,0,0,106,A
7-M,890,0,0,107,0,107,G
7-M,891,0,106,0,0,106,T
7-M,892,107,0,0,0,107,A
7-M,893,0,0,0,107,107,C
7-M,894,0,0,0,106,106,C
7-M,895,0,104,0,0,104,T
7-M,896,0,0,104,0,104,G
7-M,897,99,0,0,0,99,A
7-M,898,0,0,101,0,101,G
7-M,899,0,95,0,0,95,T
7-M,900,0,0,0,95,95,C
7-M,901,0,94,0,0,94,T
7-M,902,93,0,0,0,93,A
7-M,903,0,93,0,0,93,T
7-M,904,0,0,93,0,93,G
7-M,905,89,0,0,0,89,A
7-M,906,0,0,89,0,89,G
7-M,907,0,0,79,0,79,G
7-M,908,0,0,78,0,78,G
7-M,909,77,0,0,0,77,A
7-M,910,76,0,0,0,76,A
7-M,911,0,0,77,0,77,G
7-M,912,75,0,0,0,75,A
7-M,913,76,0,0,0,76,A
7-M,914,0,74,0,0,74,T
7-M,915,70,0,0,0,70,A
7-M,916,0,70,0,0,70,T
7-M,917,0,0,0,68,68,C
7-M,918,0,0,68,0,68,G
7-M,919,68,0,0,0,68,A
7-M,920,68,0,0,0,68,A
7-M,921,68,0,0,0,68,A
7-M,922,0,0,66,0,66,G
7-M,923,0,0,66,0,66,G
7-M,924,65,0,0,0,65,A
7-M,925,64,0,0,0,64,A
7-M,926,0,0,0,64,64,C
7-M,927,63,0,0,0,63,A
7-M,928,0,0,64,0,64,G
7-M,929,0,0,0,64,64,C
7-M,930,63,0,0,0,63,A
7-M,931,0,0,63,0,63,G
7-M,932,59,0,0,0,59,A
7-M,933,59,0,0,0,59,A
7-M,934,0,59,0,0,59,T
7-M,935,0,0,59,0,59,G
7-M,936,0,0,0,59,59,C
7-M,937,0,57,0,0,57,T
7-M,938,0,0,57,0,57,G
7-M,939,0,57,0,0,57,T
7-M,940,0,0,57,0,57,G
7-M,941,0,0,56,0,56,G
7-M,942,53,0,0,0,53,A
7-M,943,0,53,0,0,53,T
7-M,944,0,0,53,0,53,G
7-M,945,0,0,0,52,52,C
7-M,946,0,45,0,0,45,T
7-M,947,0,0,45,0,45,G
7-M,948,45,0,0,0,45,A
7-M,949,0,0,0,45,45,C
7-M,950,0,0,44,0,44,G
7-M,951,43,0,0,0,43,A
7-M,952,0,0,0,43,43,C
7-M,953,42,0,0,0,42,A
7-M,954,0,0,42,0,42,G
7-M,955,0,41,0,1,42,T
7-M,956,0,0,0,42,42,C
7-M,957,42,0,0,0,42,A
7-M,958,0,41,0,0,41,T
7-M,959,0,41,0,0,41,T
7-M,960,0,41,0,0,41,T
7-M,961,0,41,0,0,41,T
7-M,962,0,0,41,0,41,G
7-M,963,0,37,0,0,37,T
7-M,964,0,0,0,37,37,C
7-M,965,34,0,0,0,34,A
7-M,966,0,0,34,0,34,G
7-M,967,0,0,0,34,34,C
7-M,968,34,0,0,0,34,A
7-M,969,0,34,0,0,34,T
7-M,970,31,0,0,0,31,A
7-M,971,0,0,31,0,31,G
7-M,972,31,0,0,0,31,A
7-M,973,0,0,31,0,31,G
7-M,974,0,31,0,0,31,T
7-M,975,0,22,0,0,22,T
7-M,976,0,0,22,0,22,G
7-M,977,0,0,22,0,22,G
7-M,978,21,0,0,0,21,A
7-M,979,0,0,21,0,21,G
7-M,980,0,15,0,0,15,T
7-M,981,14,0,0,0,14,A
7-M,982,14,0,0,0,14,A
8-NS,1,322,0,0,0,322,A
8-NS,2,0,322,0,0,322,T
8-NS,3,0,0,351,0,351,G
8-NS,4,0,1,378,0,379,G
8-NS,5,421,0,0,0,421,A
8-NS,6,0,963,0,1,964,T
8-NS,7,0,965,0,0,965,T
8-NS,8,0,0,0,999,999,C
8-NS,9,0,0,0,997,997,C
8-NS,10,1000,0,0,0,1000,A
8-NS,11,1004,0,0,0,1004,A
8-NS,12,0,0,0,1008,1008,C
8-NS,13,1013,0,0,0,1013,A
8-NS,14,0,0,0,1025,1025,C
8-NS,15,0,1023,0,2,1025,T
8-NS,16,0,1,1134,0,1135,G
8-NS,17,0,1140,0,0,1140,T
8-NS,18,0,0,1150,0,1150,G
8-NS,19,0,1147,0,3,1150,T
8-NS,20,0,0,0,1151,1151,C
8-NS,21,1152,0,0,0,1152,A
8-NS,22,1152,0,0,0,1152,A
8-NS,23,0,0,1166,0,1166,G
8-NS,24,0,1186,0,0,1186,T
8-NS,25,2,1185,0,0,1187,T
8-NS,26,0,1202,0,0,1202,T
8-NS,27,0,0,0,1202,1202,C
8-NS,28,1,0,0,1208,1209,C
8-NS,29,1215,0,0,0,1215,A
8-NS,30,0,1,1219,0,1220,G
8-NS,31,0,0,1234,0,1234,G
8-NS,32,0,1232,0,0,1232,T
8-NS,33,1233,0,0,0,1233,A
8-NS,34,0,1,1241,0,1242,G
8-NS,35,1237,2,0,0,1239,A
8-NS,36,0,1244,0,2,1246,T
8-NS,37,0,1245,0,0,1245,T
8-NS,38,0,0,1259,0,1259,G
8-NS,39,0,0,1,1258,1259,C
8-NS,40,0,1255,0,3,1258,T
8-NS,41,1,1264,0,0,1265,T
8-NS,42,0,1269,0,0,1269,T
8-NS,43,0,0,1,1298,1299,C
8-NS,44,0,1298,0,2,1300,T
8-NS,45,0,1301,0,0,1301,T
8-NS,46,0,1301,0,0,1301,T
8-NS,47,7,0,1302,0,1309,G
8-NS,48,0,0,1309,0,1309,G
8-NS,49,0,0,0,1309,1309,C
8-NS,50,1309,0,0,0,1309,A
8-NS,51,0,1312,0,1,1313,T
8-NS,52,1321,0,1,0,1322,A
8-NS,53,0,1349,0,0,1349,T
8-NS,54,1,0,0,1347,1348,C
8-NS,55,0,0,0,1347,1347,C
8-NS,56,1,0,1351,0,1352,G
8-NS,57,0,2,1358,0,1360,G
8-NS,58,1357,0,0,0,1357,A
8-NS,59,1362,0,1,0,1363,A
8-NS,60,1369,0,0,0,1369,A
8-NS,61,0,0,0,1404,1404,C
8-NS,62,1402,0,0,0,1402,A
8-NS,63,1401,0,3,0,1404,A
8-NS,64,0,0,1465,0,1465,G
8-NS,65,0,1469,0,0,1469,T
8-NS,66,0,1464,0,0,1464,T
8-NS,67,1,0,1476,0,1477,G
8-NS,68,0,1478,0,0,1478,T
8-NS,69,1478,0,0,0,1478,A
8-NS,70,0,0,1484,0,1484,G
8-NS,71,1590,0,1,0,1591,A
8-NS,72,0,2,1,1602,1605,C
8-NS,73,0,0,0,1595,1595,C
8-NS,74,1598,0,0,0,1598,A
8-NS,75,1610,0,2,0,1612,A
8-NS,76,0,0,1698,0,1698,G
8-NS,77,1698,0,1,0,1699,A
8-NS,78,1704,0,1,1,1706,A
8-NS,79,1,0,0,1714,1715,C
8-NS,80,0,1694,0,0,1694,T
8-NS,81,0,1,1711,0,1712,G
8-NS,82,1716,0,0,0,1716,A
8-NS,83,0,2,1765,0,1767,G
8-NS,84,0,1768,0,0,1768,T
8-NS,85,0,2,1747,0,1749,G
8-NS,86,1756,0,2,0,1758,A
8-NS,87,0,1752,0,1,1753,T
8-NS,88,2,1,1780,0,1783,G
8-NS,89,0,1,0,1800,1801,C
8-NS,90,2,0,0,1812,1814,C
8-NS,91,1,0,0,1818,1819,C
8-NS,92,2,0,0,1807,1809,C
8-NS,93,1816,0,0,0,1816,A
8-NS,94,0,1843,0,0,1843,T
8-NS,95,0,1872,1,0,1873,T
8-NS,96,0,0,0,1884,1884,C
8-NS,97,2,0,0,1867,1869,C
8-NS,98,0,1865,0,1,1866,T
8-NS,99,0,1861,0,1,1862,T
8-NS,100,0,1,1863,0,1864,G
8-NS,101,1864,0,0,0,1864,A
8-NS,102,0,1865,0,2,1867,T
8-NS,103,0,0,0,1856,1856,C
8-NS,104,3,0,1852,0,1855,G
8-NS,105,0,0,1868,0,1868,G
8-NS,106,2,0,0,1867,1869,C
8-NS,107,0,1869,0,0,1869,T
8-NS,108,0,1877,0,0,1877,T
8-NS,109,0,0,0,1879,1879,C
8-NS,110,0,1,1882,0,1883,G
8-NS,111,0,1,0,1885,1886,C
8-NS,112,1,0,0,1883,1884,C
8-NS,113,2,0,1883,0,1885,G
8-NS,114,1876,0,1,0,1877,A
8-NS,115,0,0,1955,0,1955,G
8-NS,116,1954,0,0,0,1954,A
8-NS,117,0,1971,1,0,1972,T
8-NS,118,0,0,0,1978,1978,C
8-NS,119,1962,0,3,0,1965,A
8-NS,120,0,0,1973,0,1973,G
8-NS,121,1974,0,1,0,1975,A
8-NS,122,2,0,1985,0,1987,G
8-NS,123,0,2,2003,0,2005,G
8-NS,124,0,2012,0,0,2012,T
8-NS,125,2,2,0,2118,2122,C
8-NS,126,2,2,0,2123,2127,C
8-NS,127,2,0,0,2131,2133,C
8-NS,128,0,2136,0,0,2136,T
8-NS,129,2148,0,0,0,2148,A
8-NS,130,2149,0,0,0,2149,A
8-NS,131,0,4,2169,1,2174,G
8-NS,132,2,3,2174,0,2179,G
8-NS,133,0,0,2169,0,2169,G
8-NS,134,2,5,2119,0,2126,G
8-NS,135,2130,0,0,0,2130,A
8-NS,136,2125,1,2,0,2128,A
8-NS,137,0,0,2143,0,2143,G
8-NS,138,2173,0,3,0,2176,A
8-NS,139,0,0,2199,0,2199,G
8-NS,140,2,1,2198,0,2201,G
8-NS,141,0,1,0,2200,2201,C
8-NS,142,2206,0,0,0,2206,A
8-NS,143,2216,0,2,0,2218,A
8-NS,144,0,2220,0,0,2220,T
8-NS,145,2236,1,0,0,2237,A
8-NS,146,0,0,0,2262,2262,C
8-NS,147,0,2219,0,1,2220,T
8-NS,148,0,0,0,2218,2218,C
8-NS,149,0,2207,0,2,2209,T
8-NS,150,0,0,0,2224,2224,C
8-NS,151,1,1,2258,1,2261,G
8-NS,152,0,0,2397,0,2397,G
8-NS,153,1,2399,0,1,2401,T
8-NS,154,1,0,0,2407,2408,C
8-NS,155,0,2395,0,1,2396,T
8-NS,156,2435,1,2,0,2438,A
8-NS,157,0,0,2441,0,2441,G
8-NS,158,2443,0,1,0,2444,A
8-NS,159,0,0,0,2492,2492,C
8-NS,160,2468,0,0,0,2468,A
8-NS,161,1,2449,0,1,2451,T
8-NS,162,2,0,0,2451,2453,C
8-NS,163,2453,0,1,0,2454,A
8-NS,164,2448,0,4,0,2452,A
8-NS,165,2444,2,1,0,2447,A
8-NS,166,0,6,2438,0,2444,G
8-NS,167,2417,0,1,0,2418,A
8-NS,168,2429,1,2,1,2433,A
8-NS,169,1,1,2444,0,2446,G
8-NS,170,1,0,0,2447,2448,C
8-NS,171,1,0,0,2438,2439,C
8-NS,172,2452,0,2,0,2454,A
8-NS,173,1,1,0,2483,2485,C
8-NS,174,1,0,0,2480,2481,C
8-NS,175,1,0,0,2482,2483,C
8-NS,176,2516,1,0,1,2518,A
8-NS,177,0,2527,0,2,2529,T
8-NS,178,0,1,2528,0,2529,G
8-NS,179,0,2531,0,1,2532,T
8-NS,180,0,2527,0,1,2528,T
8-NS,181,0,1,2525,0,2526,G
8-NS,182,0,1,2517,0,2518,G
8-NS,183,2517,0,3,1,2521,A
8-NS,184,2511,0,1,0,2512,A
8-NS,185,2483,2,1,1,2487,A
8-NS,186,0,1,2499,0,2500,G
8-NS,187,0,1,0,2500,2501,C
8-NS,188,2500,0,3,0,2503,A
8-NS,189,2493,0,1,0,2494,A
8-NS,190,2491,0,0,1,2492,A
8-NS,191,0,2506,0,1,2507,T
8-NS,192,1,2513,0,0,2514,T
8-NS,193,1,0,2536,0,2537,G
8-NS,194,0,2536,0,2,2538,T
8-NS,195,2530,0,1,0,2531,A
8-NS,196,2,0,2533,0,2535,G
8-NS,197,2526,0,0,0,2526,A
8-NS,198,2525,0,0,1,2526,A
8-NS,199,2519,0,2,0,2521,A
8-NS,200,2526,0,1,0,2527,A
8-NS,201,0,0,2532,0,2532,G
8-NS,202,2511,0,0,0,2511,A
8-NS,203,0,2507,0,0,2507,T
8-NS,204,0,2502,0,1,2503,T
8-NS,205,2,1,0,2512,2515,C
8-NS,206,1,2510,0,4,2515,T
8-NS,207,0,0,2524,0,2524,G
8-NS,208,2524,0,0,0,2524,A
8-NS,209,2525,0,1,0,2526,A
8-NS,210,2519,1,2,0,2522,A
8-NS,211,0,2,2529,0,2531,G
8-NS,212,2528,0,0,0,2528,A
8-NS,213,2535,0,2,0,2537,A
8-NS,214,1,1,2546,0,2548,G
8-NS,215,2565,1,1,0,2567,A
8-NS,216,2568,1,0,0,2569,A
8-NS,217,0,2573,0,1,2574,T
8-NS,218,4,0,1,2589,2594,C
8-NS,219,0,2593,0,0,2593,T
8-NS,220,0,1,2609,0,2610,G
8-NS,221,2604,0,3,0,2607,A
8-NS,222,0,2606,1,0,2607,T
8-NS,223,0,0,2597,0,2597,G
8-NS,224,2565,0,2,0,2567,A
8-NS,225,1,2,2564,0,2567,G
8-NS,226,1,0,2559,0,2560,G
8-NS,227,1,1,0,2560,2562,C
8-NS,228,2568,0,0,0,2568,A
8-NS,229,0,1,0,2634,2635,C
8-NS,230,0,2626,0,0,2626,T
8-NS,231,0,2643,0,0,2643,T
8-NS,232,2654,0,1,0,2655,A
8-NS,233,2657,0,1,1,2659,A
8-NS,234,2650,0,0,0,2650,A
8-NS,235,2643,1,1,1,2646,A
8-NS,236,0,2662,0,1,2663,T
8-NS,237,1,1,2664,0,2666,G
8-NS,238,2675,2,2,0,2679,A
8-NS,239,1,1,0,2668,2670,C
8-NS,240,1,0,1,2665,2667,C
8-NS,241,2678,0,2,1,2681,A
8-NS,242,0,2674,0,1,2675,T
8-NS,243,0,3,2738,0,2741,G
8-NS,244,0,0,2778,0,2778,G
8-NS,245,0,2792,1,0,2793,T
8-NS,246,1,0,0,2931,2932,C
8-NS,247,0,2908,0,2,2910,T
8-NS,248,1,0,0,2954,2955,C
8-NS,249,0,0,0,2952,2952,C
8-NS,250,2967,0,1,0,2968,A
8-NS,251,1,0,0,2980,2981,C
8-NS,252,2940,0,3,0,2943,A
8-NS,253,3,0,0,2937,2940,C
8-NS,254,1,1,0,2930,2932,C
8-NS,255,0,2807,1,3,2811,T
8-NS,256,0,0,2832,0,2832,G
8-NS,257,2,0,0,2820,2822,C
8-NS,258,0,2808,1,0,2809,T
8-NS,259,0,2826,1,0,2827,T
8-NS,260,1,0,0,2805,2806,C
8-NS,261,2,0,2811,0,2813,G
8-NS,262,2,2,0,2808,2812,C
8-NS,263,0,2,2804,0,2806,G
8-NS,264,2923,0,0,1,2924,A
8-NS,265,0,2920,1,0,2921,T
8-NS,266,2987,1,4,1,2993,A
8-NS,267,0,0,0,3001,3001,C
8-NS,268,2988,0,0,0,2988,A
8-NS,269,0,3059,0,0,3059,T
8-NS,270,3039,0,0,0,3039,A
8-NS,271,3060,0,2,0,3062,A
8-NS,272,0,1,0,3073,3074,C
8-NS,273,1,2965,0,2,2968,T
8-NS,274,0,0,3012,0,3012,G
8-NS,275,2961,3,2,0,2966,A
8-NS,276,0,0,0,2979,2979,C
8-NS,277,2963,0,1,2,2966,A
8-NS,278,0,2943,1,2,2946,T
8-NS,279,0,2,2951,0,2953,G
8-NS,280,2950,0,3,2,2955,A
8-NS,281,0,0,0,3038,3038,C
8-NS,282,1,3025,0,0,3026,T
8-NS,283,3039,0,0,0,3039,A
8-NS,284,0,3042,0,0,3042,T
8-NS,285,1,3013,1,0,3015,T
8-NS,286,1,0,3011,0,3012,G
8-NS,287,3000,0,0,0,3000,A
8-NS,288,3,1,2989,0,2993,G
8-NS,289,0,1,2986,0,2987,G
8-NS,290,2920,3,0,0,2923,A
8-NS,291,2935,0,0,0,2935,A
8-NS,292,0,2889,0,0,2889,T
8-NS,293,0,2885,0,0,2885,T
8-NS,294,1,2,2922,0,2925,G
8-NS,295,1,2918,0,1,2920,T
8-NS,296,0,1,0,2921,2922,C
8-NS,297,2926,0,1,0,2927,A
8-NS,298,2919,0,9,0,2928,A
8-NS,299,1,1,2927,0,2929,G
8-NS,300,2938,0,0,1,2939,A
8-NS,301,2943,0,1,0,2944,A
8-NS,302,2941,0,0,0,2941,A
8-NS,303,2,0,0,2937,2939,C
8-NS,304,1,2897,0,2,2900,T
8-NS,305,0,1,2934,0,2935,G
8-NS,306,0,1,2980,0,2981,G
8-NS,307,0,2983,0,0,2983,T
8-NS,308,0,2975,0,2,2977,T
8-NS,309,0,0,0,2962,2962,C
8-NS,310,2966,0,0,0,2966,A
8-NS,311,0,3005,0,3,3008,T
8-NS,312,0,2,3027,0,3029,G
8-NS,313,2,0,0,3034,3036,C
8-NS,314,1,3004,0,2,3007,T
8-NS,315,2965,0,2,1,2968,A
8-NS,316,3047,0,1,1,3049,A
8-NS,317,0,3059,0,1,3060,T
8-NS,318,1,0,3063,0,3064,G
8-NS,319,1,2,0,3058,3061,C
8-NS,320,1,0,3,3030,3034,C
8-NS,321,0,1,0,3026,3027,C
8-NS,322,3019,1,2,0,3022,A
8-NS,323,3040,1,2,0,3043,A
8-NS,324,7,0,3051,1,3059,G
8-NS,325,1,2,0,3063,3066,C
8-NS,326,3049,0,1,0,3050,A
8-NS,327,0,1,3065,0,3066,G
8-NS,328,3052,0,2,0,3054,A
8-NS,329,3057,0,1,1,3059,A
8-NS,330,3053,0,3,0,3056,A
8-NS,331,1,0,3106,0,3107,G
8-NS,332,0,3088,0,0,3088,T
8-NS,333,1,1,3080,0,3082,G
8-NS,334,1,2,3077,0,3080,G
8-NS,335,3078,3,0,1,3082,A
8-NS,336,3076,0,1,0,3077,A
8-NS,337,0,1,3071,0,3072,G
8-NS,338,0,1,3074,0,3075,G
8-NS,339,3070,1,4,0,3075,A
8-NS,340,2,0,1,3050,3053,C
8-NS,341,1,0,0,3034,3035,C
8-NS,342,0,3041,0,5,3046,T
8-NS,343,4,0,0,3090,3094,C
8-NS,344,0,3083,1,1,3085,T
8-NS,345,0,3099,0,0,3099,T
8-NS,346,1,3095,0,1,3097,T
8-NS,347,3,0,3089,0,3092,G
8-NS,348,0,1,0,3118,3119,C
8-NS,349,3102,2,1,0,3105,A
8-NS,350,1,3102,0,2,3105,T
8-NS,351,0,2,0,3103,3105,C
8-NS,352,3135,1,1,0,3137,A
8-NS,353,0,1,3225,0,3226,G
8-NS,354,3212,0,1,1,3214,A
8-NS,355,3216,0,0,0,3216,A
8-NS,356,0,3196,0,1,3197,T
8-NS,357,2,4,3160,1,3167,G
8-NS,358,2,0,3196,1,3199,G
8-NS,359,3201,0,4,0,3205,A
8-NS,360,2,1,0,3195,3198,C
8-NS,361,3,0,1,3120,3124,C
8-NS,362,3060,0,3,0,3063,A
8-NS,363,1,0,3106,0,3107,G
8-NS,364,0,2,3114,0,3116,G
8-NS,365,0,1,0,3112,3113,C
8-NS,366,3100,0,0,0,3100,A
8-NS,367,3109,0,1,0,3110,A
8-NS,368,0,3094,0,4,3098,T
8-NS,369,0,0,0,3108,3108,C
8-NS,370,3107,0,1,0,3108,A
8-NS,371,0,3085,0,0,3085,T
8-NS,372,2,1,3060,1,3064,G
8-NS,373,1,0,3078,0,3079,G
8-NS,374,3060,2,3,0,3065,A
8-NS,375,0,4,3089,0,3093,G
8-NS,376,3039,1,1,0,3041,A
8-NS,377,3042,2,4,0,3048,A
8-NS,378,3050,0,0,1,3051,A
8-NS,379,3048,0,0,0,3048,A
8-NS,380,3055,1,3,1,3060,A
8-NS,381,0,0,0,3068,3068,C
8-NS,382,3057,0,1,1,3059,A
8-NS,383,0,3045,1,0,3046,T
8-NS,384,0,0,0,3023,3023,C
8-NS,385,3031,1,0,0,3032,A
8-NS,386,1,3034,0,0,3035,T
8-NS,387,4,1,3034,0,3039,G
8-NS,388,0,3040,1,0,3041,T
8-NS,389,0,3016,1,1,3018,T
8-NS,390,0,1,3012,0,3013,G
8-NS,391,3006,1,2,0,3009,A
8-NS,392,3005,1,0,0,3006,A
8-NS,393,2998,0,4,0,3002,A
8-NS,394,0,0,3018,0,3018,G
8-NS,395,0,0,0,3013,3013,C
8-NS,396,0,2,3015,0,3017,G
8-NS,397,3012,1,1,0,3014,A
8-NS,398,3013,1,2,0,3016,A
8-NS,399,1,3016,0,1,3018,T
8-NS,400,0,3015,1,2,3018,T
8-NS,401,0,3020,0,0,3020,T
8-NS,402,2,0,0,3026,3028,C
8-NS,403,3002,0,1,0,3003,A
8-NS,404,0,1,3011,0,3012,G
8-NS,405,0,3002,0,2,3004,T
8-NS,406,0,1,3004,0,3005,G
8-NS,407,1,2999,0,1,3001,T
8-NS,408,0,0,3007,0,3007,G
8-NS,409,3035,0,1,0,3036,A
8-NS,410,0,3021,1,0,3022,T
8-NS,411,0,3026,0,0,3026,T
8-NS,412,1,3021,1,1,3024,T
8-NS,413,1,3012,0,1,3014,T
8-NS,414,1,3014,1,0,3016,T
8-NS,415,0,0,3016,0,3016,G
8-NS,416,3025,0,2,1,3028,A
8-NS,417,2,1,0,3015,3018,C
8-NS,418,3,0,0,2994,2997,C
8-NS,419,0,0,2995,1,2996,G
8-NS,420,2985,1,0,0,2986,A
8-NS,421,0,2987,0,3,2990,T
8-NS,422,0,3236,0,0,3236,T
8-NS,423,3254,0,0,0,3254,A
8-NS,424,0,0,3255,0,3255,G
8-NS,425,3249,1,4,0,3254,A
8-NS,426,0,1,3272,0,3273,G
8-NS,427,3266,1,3,0,3270,A
8-NS,428,0,0,1,3367,3368,C
8-NS,429,3,1,0,3200,3204,C
8-NS,430,3181,0,2,0,3183,A
8-NS,431,0,3355,0,3,3358,T
8-NS,432,3348,1,2,0,3351,A
8-NS,433,14,1,3561,0,3576,G
8-NS,434,0,3557,0,0,3557,T
8-NS,435,3562,0,0,0,3562,A
8-NS,436,0,3557,0,0,3557,T
8-NS,437,0,3467,0,1,3468,T
8-NS,438,3571,0,0,0,3571,A
8-NS,439,0,0,0,3570,3570,C
8-NS,440,0,3407,0,1,3408,T
8-NS,441,3393,0,0,0,3393,A
8-NS,442,3118,0,2,0,3120,A
8-NS,443,1,2,3134,0,3137,G
8-NS,444,0,2,3123,0,3125,G
8-NS,445,0,0,3131,0,3131,G
8-NS,446,0,1,0,3099,3100,C
8-NS,447,0,3027,0,10,3037,T
8-NS,448,0,3028,0,0,3028,T
8-NS,449,1,3077,0,2,3080,T
8-NS,450,3,0,0,3083,3086,C
8-NS,451,3121,1,2,0,3124,A
8-NS,452,0,1,0,3118,3119,C
8-NS,453,1,3,1,3087,3092,C
8-NS,454,5,0,3086,0,3091,G
8-NS,455,3084,0,2,0,3086,A
8-NS,456,3095,0,0,0,3095,A
8-NS,457,0,1,3095,0,3096,G
8-NS,458,3052,0,1,0,3053,A
8-NS,459,1,5,3068,0,3074,G
8-NS,460,2,3,3019,0,3024,G
8-NS,461,1,0,3043,0,3044,G
8-NS,462,3029,0,4,0,3033,A
8-NS,463,1,0,3034,0,3035,G
8-NS,464,0,0,0,3021,3021,C
8-NS,465,3019,0,0,0,3019,A
8-NS,466,3016,1,0,0,3017,A
8-NS,467,1,3017,0,0,3018,T
8-NS,468,0,3001,0,1,3002,T
8-NS,469,0,1,2999,1,3001,G
8-NS,470,1,2961,0,0,2962,T
8-NS,471,0,2963,0,0,2963,T
8-NS,472,0,1,2962,1,2964,G
8-NS,473,0,0,2969,1,2970,G
8-NS,474,1,3,0,2967,2971,C
8-NS,475,1,1,2964,0,2966,G
8-NS,476,2971,1,0,0,2972,A
8-NS,477,2984,0,0,0,2984,A
8-NS,478,2991,0,0,0,2991,A
8-NS,479,0,2998,1,0,2999,T
8-NS,480,0,0,0,2997,2997,C
8-NS,481,0,2978,0,2,2980,T
8-NS,482,2,0,0,2993,2995,C
8-NS,483,2991,1,6,0,2998,A
8-NS,484,1,4,0,3011,3016,C
8-NS,485,2,0,0,3011,3013,C
8-NS,486,2986,1,1,0,2988,A
8-NS,487,1,2972,1,0,2974,T
8-NS,488,1,2955,1,4,2961,T
8-NS,489,0,0,2962,0,2962,G
8-NS,490,2,1,0,2967,2970,C
8-NS,491,1,0,0,2959,2960,C
8-NS,492,0,2966,1,2,2969,T
8-NS,493,0,2965,0,0,2965,T
8-NS,494,1,0,0,2980,2981,C
8-NS,495,1,2969,0,0,2970,T
8-NS,496,1,2978,0,1,2980,T
8-NS,497,1,3020,0,1,3022,T
8-NS,498,1,3005,0,1,3007,T
8-NS,499,1,0,0,3004,3005,C
8-NS,500,1,2,0,3002,3005,C
8-NS,501,2992,0,1,0,2993,A
8-NS,502,1,2,3029,0,3032,G
8-NS,503,0,1,3023,0,3024,G
8-NS,504,3069,1,4,0,3074,A
8-NS,505,1,0,0,3075,3076,C
8-NS,506,3082,2,0,0,3084,A
8-NS,507,0,3088,0,3,3091,T
8-NS,508,3090,0,1,0,3091,A
8-NS,509,2,0,0,3284,3286,C
8-NS,510,1,3275,0,3,3279,T
8-NS,511,3237,1,0,0,3238,A
8-NS,512,0,3230,0,2,3232,T
8-NS,513,0,3120,0,0,3120,T
8-NS,514,0,0,3115,1,3116,G
8-NS,515,3010,0,3,0,3013,A
8-NS,516,0,1,3016,0,3017,G
8-NS,517,0,2,3003,0,3005,G
8-NS,518,2747,0,1,0,2748,A
8-NS,519,2,2750,0,1,2753,T
8-NS,520,0,0,2742,0,2742,G
8-NS,521,0,2737,0,2,2739,T
8-NS,522,3,1,0,2739,2743,C
8-NS,523,2742,0,2,0,2744,A
8-NS,524,2740,1,2,0,2743,A
8-NS,525,2736,1,1,1,2739,A
8-NS,526,2726,0,0,0,2726,A
8-NS,527,2746,0,0,0,2746,A
8-NS,528,0,2742,0,1,2743,T
8-NS,529,0,0,2738,0,2738,G
8-NS,530,0,0,0,2764,2764,C
8-NS,531,2756,0,1,0,2757,A
8-NS,532,2773,0,0,0,2773,A
8-NS,533,0,2777,0,1,2778,T
8-NS,534,1,2774,0,1,2776,T
8-NS,535,0,4,2766,0,2770,G
8-NS,536,1,3,2750,0,2754,G
8-NS,537,3,1,2758,0,2762,G
8-NS,538,1,1,2780,0,2782,G
8-NS,539,0,2743,0,4,2747,T
8-NS,540,0,0,0,2765,2765,C
8-NS,541,1,2,0,2755,2758,C
8-NS,542,1,2758,1,2,2762,T
8-NS,543,1,0,0,2790,2791,C
8-NS,544,2777,1,1,0,2779,A
8-NS,545,0,2785,0,0,2785,T
8-NS,546,1,0,0,2784,2785,C
8-NS,547,2,1,2757,0,2760,G
8-NS,548,1,1,2751,1,2754,G
8-NS,549,2723,0,0,0,2723,A
8-NS,550,0,2,2713,0,2715,G
8-NS,551,0,1,2720,0,2721,G
8-NS,552,2688,1,0,0,2689,A
8-NS,553,0,0,1,2704,2705,C
8-NS,554,0,2685,0,2,2687,T
8-NS,555,2,2686,0,3,2691,T
8-NS,556,1,1,2705,0,2707,G
8-NS,557,2689,2,0,0,2691,A
8-NS,558,2689,0,1,1,2691,A
8-NS,559,1,2674,0,0,2675,T
8-NS,560,1,4,2621,0,2626,G
8-NS,561,0,0,2656,0,2656,G
8-NS,562,2633,1,2,0,2636,A
8-NS,563,2665,2,0,0,2667,A
8-NS,564,0,2760,0,0,2760,T
8-NS,565,0,0,2780,0,2780,G
8-NS,566,2785,0,1,0,2786,A
8-NS,567,1,2784,0,0,2785,T
8-NS,568,2782,1,0,0,2783,A
8-NS,569,2794,0,2,0,2796,A
8-NS,570,1,0,0,2760,2761,C
8-NS,571,2713,0,0,0,2713,A
8-NS,572,0,0,0,2732,2732,C
8-NS,573,2504,0,0,0,2504,A
8-NS,574,2,0,2531,1,2534,G
8-NS,575,0,2510,0,3,2513,T
8-NS,576,0,2507,0,0,2507,T
8-NS,577,1,0,0,2508,2509,C
8-NS,578,2,0,2487,0,2489,G
8-NS,579,2484,0,0,0,2484,A
8-NS,580,0,0,2486,0,2486,G
8-NS,581,0,2456,0,1,2457,T
8-NS,582,0,0,0,2472,2472,C
8-NS,583,1,2414,0,2,2417,T
8-NS,584,2,2,0,2427,2431,C
8-NS,585,1,2432,0,1,2434,T
8-NS,586,2432,0,0,0,2432,A
8-NS,587,2434,0,0,0,2434,A
8-NS,588,2427,0,1,0,2428,A
8-NS,589,2455,0,0,0,2455,A
8-NS,590,2458,1,1,0,2460,A
8-NS,591,0,2433,0,0,2433,T
8-NS,592,0,0,0,2440,2440,C
8-NS,593,1,2427,0,1,2429,T
8-NS,594,2441,1,1,0,2443,A
8-NS,595,0,1,1,2440,2442,C
8-NS,596,2440,1,1,0,2442,A
8-NS,597,0,0,2447,0,2447,G
8-NS,598,2391,0,0,0,2391,A
8-NS,599,1,0,2397,0,2398,G
8-NS,600,2402,0,1,0,2403,A
8-NS,601,1,2370,0,0,2371,T
8-NS,602,1,2374,0,2,2377,T
8-NS,603,3,0,1,2366,2370,C
8-NS,604,3,0,2372,0,2375,G
8-NS,605,0,1,0,2372,2373,C
8-NS,606,0,2369,0,2,2371,T
8-NS,607,0,2373,0,0,2373,T
8-NS,608,3,4,2354,0,2361,G
8-NS,609,0,0,2366,0,2366,G
8-NS,610,2366,1,5,0,2372,A
8-NS,611,1,1,2369,0,2371,G
8-NS,612,2363,1,1,0,2365,A
8-NS,613,2341,0,0,0,2341,A
8-NS,614,2,0,2366,1,2369,G
8-NS,615,0,0,0,2379,2379,C
8-NS,616,2375,0,1,0,2376,A
8-NS,617,1,1,2414,0,2416,G
8-NS,618,0,2394,0,0,2394,T
8-NS,619,2408,1,3,0,2412,A
8-NS,620,2414,0,0,0,2414,A
8-NS,621,0,2402,0,0,2402,T
8-NS,622,0,0,2413,0,2413,G
8-NS,623,2313,0,3,0,2316,A
8-NS,624,0,1,2345,0,2346,G
8-NS,625,2331,0,0,0,2331,A
8-NS,626,2259,0,0,0,2259,A
8-NS,627,0,2263,0,0,2263,T
8-NS,628,0,2,2245,0,2247,G
8-NS,629,1,1,2246,0,2248,G
8-NS,630,0,2,2240,0,2242,G
8-NS,631,0,0,2228,0,2228,G
8-NS,632,2,1,2228,0,2231,G
8-NS,633,2174,0,0,0,2174,A
8-NS,634,2,0,0,2194,2196,C
8-NS,635,3,0,0,2188,2191,C
8-NS,636,0,2146,0,33,2179,T
8-NS,637,0,1,0,2173,2174,C
8-NS,638,0,1,0,2180,2181,C
8-NS,639,2192,0,0,0,2192,A
8-NS,640,0,0,0,2186,2186,C
8-NS,641,0,2147,0,0,2147,T
8-NS,642,0,2144,0,0,2144,T
8-NS,643,2064,0,1,0,2065,A
8-NS,644,2,1,0,2077,2080,C
8-NS,645,0,2069,0,3,2072,T
8-NS,646,1,0,0,2066,2067,C
8-NS,647,0,0,0,2058,2058,C
8-NS,648,2054,0,0,0,2054,A
8-NS,649,2055,1,1,0,2057,A
8-NS,650,2053,0,1,0,2054,A
8-NS,651,2053,0,0,0,2053,A
8-NS,652,0,1979,0,0,1979,T
8-NS,653,1986,0,0,0,1986,A
8-NS,654,0,0,1984,0,1984,G
8-NS,655,1983,0,0,0,1983,A
8-NS,656,1985,0,1,0,1986,A
8-NS,657,1975,0,1,0,1976,A
8-NS,658,0,1,0,1978,1979,C
8-NS,659,2,0,1975,0,1977,G
8-NS,660,1,2,1972,0,1975,G
8-NS,661,1972,1,1,0,1974,A
8-NS,662,1978,1,0,0,1979,A
8-NS,663,1976,0,0,0,1976,A
8-NS,664,1982,0,2,0,1984,A
8-NS,665,0,1980,0,0,1980,T
8-NS,666,0,1,1984,0,1985,G
8-NS,667,2,0,1982,0,1984,G
8-NS,668,1,1,0,1972,1974,C
8-NS,669,1,3,1972,0,1976,G
8-NS,670,1971,2,0,0,1973,A
8-NS,671,0,0,1984,0,1984,G
8-NS,672,1983,0,0,0,1983,A
8-NS,673,1981,0,0,0,1981,A
8-NS,674,1,1,0,1989,1991,C
8-NS,675,1957,1,1,0,1959,A
8-NS,676,0,0,1954,1,1955,G
8-NS,677,0,0,0,1954,1954,C
8-NS,678,0,1951,0,0,1951,T
8-NS,679,1944,0,0,0,1944,A
8-NS,680,1,2,1919,3,1925,G
8-NS,681,0,0,1928,0,1928,G
8-NS,682,2,1916,0,3,1921,T
8-NS,683,0,2,1,1899,1902,C
8-NS,684,1894,0,2,0,1896,A
8-NS,685,1898,0,1,0,1899,A
8-NS,686,1892,0,1,0,1893,A
8-NS,687,1898,0,3,0,1901,A
8-NS,688,0,1,1906,0,1907,G
8-NS,689,0,1854,0,0,1854,T
8-NS,690,0,1853,0,0,1853,T
8-NS,691,1,1856,0,0,1857,T
8-NS,692,0,1,1862,0,1863,G
8-NS,693,1861,0,1,0,1862,A
8-NS,694,1859,0,1,0,1860,A
8-NS,695,0,0,1874,0,1874,G
8-NS,696,1838,0,3,0,1841,A
8-NS,697,0,1,1844,0,1845,G
8-NS,698,1843,0,0,0,1843,A
8-NS,699,0,1844,0,1,1845,T
8-NS,700,1841,0,1,0,1842,A
8-NS,701,1835,0,0,1,1836,A
8-NS,702,0,0,1833,0,1833,G
8-NS,703,1705,1,0,0,1706,A
8-NS,704,0,1708,0,0,1708,T
8-NS,705,0,0,1713,0,1713,G
8-NS,706,0,0,1715,0,1715,G
8-NS,707,2,0,0,1709,1711,C
8-NS,708,0,1705,0,1,1706,T
8-NS,709,1712,0,0,0,1712,A
8-NS,710,1706,0,1,0,1707,A
8-NS,711,0,1710,1,0,1711,T
8-NS,712,0,1705,0,0,1705,T
8-NS,713,0,1,1710,1,1712,G
8-NS,714,1685,0,1,0,1686,A
8-NS,715,1685,0,1,0,1686,A
8-NS,716,0,0,1688,0,1688,G
8-NS,717,1685,0,0,0,1685,A
8-NS,718,1662,0,0,0,1662,A
8-NS,719,1,0,1680,0,1681,G
8-NS,720,0,1650,0,1,1651,T
8-NS,721,1,0,1652,0,1653,G
8-NS,722,1635,1,0,0,1636,A
8-NS,723,1,1,1642,0,1644,G
8-NS,724,1641,0,0,0,1641,A
8-NS,725,0,1,0,1628,1629,C
8-NS,726,1610,2,0,0,1612,A
8-NS,727,0,0,1,1610,1611,C
8-NS,728,1479,1,1,0,1481,A
8-NS,729,0,0,1508,0,1508,G
8-NS,730,1502,0,1,0,1503,A
8-NS,731,1,1487,0,0,1488,T
8-NS,732,0,1480,0,0,1480,T
8-NS,733,1476,0,0,0,1476,A
8-NS,734,1470,0,1,0,1471,A
8-NS,735,1466,0,0,2,1468,A
8-NS,736,1467,0,1,0,1468,A
8-NS,737,1465,0,0,0,1465,A
8-NS,738,0,0,0,1400,1400,C
8-NS,739,1324,0,0,0,1324,A
8-NS,740,1325,0,0,0,1325,A
8-NS,741,0,1,0,1325,1326,C
8-NS,742,0,1319,0,1,1320,T
8-NS,743,0,0,1333,0,1333,G
8-NS,744,1328,0,0,0,1328,A
8-NS,745,1328,0,0,0,1328,A
8-NS,746,1328,0,0,0,1328,A
8-NS,747,1314,0,1,0,1315,A
8-NS,748,0,1313,0,0,1313,T
8-NS,749,1296,0,0,0,1296,A
8-NS,750,0,0,1298,0,1298,G
8-NS,751,0,0,0,1299,1299,C
8-NS,752,0,1267,0,0,1267,T
8-NS,753,0,1264,0,0,1264,T
8-NS,754,0,1254,0,0,1254,T
8-NS,755,1,1,1255,0,1257,G
8-NS,756,1257,0,0,0,1257,A
8-NS,757,1257,0,1,0,1258,A
8-NS,758,0,0,0,1261,1261,C
8-NS,759,1224,0,0,0,1224,A
8-NS,760,1228,1,0,0,1229,A
8-NS,761,1230,0,0,0,1230,A
8-NS,762,0,1228,1,0,1229,T
8-NS,763,1229,0,0,0,1229,A
8-NS,764,1199,0,1,0,1200,A
8-NS,765,0,0,0,1193,1193,C
8-NS,766,1179,0,1,0,1180,A
8-NS,767,0,1160,0,0,1160,T
8-NS,768,0,1147,0,0,1147,T
8-NS,769,0,0,0,1126,1126,C
8-NS,770,1118,0,0,0,1118,A
8-NS,771,0,1111,0,1,1112,T
8-NS,772,0,0,1112,0,1112,G
8-NS,773,0,0,0,1084,1084,C
8-NS,774,1076,0,0,0,1076,A
8-NS,775,1076,0,1,0,1077,A
8-NS,776,0,0,1067,0,1067,G
8-NS,777,0,0,0,1078,1078,C
8-NS,778,1065,0,0,0,1065,A
8-NS,779,1,1050,0,0,1051,T
8-NS,780,0,1051,0,0,1051,T
8-NS,781,1053,0,0,0,1053,A
8-NS,782,0,0,0,1050,1050,C
8-NS,783,1036,0,0,0,1036,A
8-NS,784,1024,0,0,0,1024,A
8-NS,785,0,0,0,1010,1010,C
8-NS,786,0,847,0,0,847,T
8-NS,787,1,1,844,2,848,G
8-NS,788,0,0,0,825,825,C
8-NS,789,0,804,0,0,804,T
8-NS,790,1,0,806,0,807,G
8-NS,791,0,782,0,0,782,T
8-NS,792,0,784,0,0,784,T
8-NS,793,0,778,0,1,779,T
8-NS,794,0,1,768,0,769,G
8-NS,795,769,0,0,0,769,A
8-NS,796,757,0,1,0,758,A
8-NS,797,0,0,758,0,758,G
8-NS,798,0,744,0,0,744,T
8-NS,799,0,0,707,0,707,G
8-NS,800,1,0,711,0,712,G
8-NS,801,708,0,0,0,708,A
8-NS,802,707,1,0,0,708,A
8-NS,803,0,0,0,703,703,C
8-NS,804,685,0,0,0,685,A
8-NS,805,0,0,687,0,687,G
8-NS,806,0,0,676,0,676,G
8-NS,807,664,0,0,0,664,A
8-NS,808,0,0,665,0,665,G
8-NS,809,536,0,1,0,537,A
8-NS,810,0,537,0,0,537,T
8-NS,811,533,0,0,0,533,A
8-NS,812,524,0,0,0,524,A
8-NS,813,0,0,526,0,526,G
8-NS,814,470,0,0,0,470,A
8-NS,815,462,0,0,0,462,A
8-NS,816,0,1,0,454,455,C
8-NS,817,0,393,0,0,393,T
8-NS,818,1,389,0,0,390,T
8-NS,819,0,390,0,0,390,T
8-NS,820,0,0,1,391,392,C
8-NS,821,0,387,0,0,387,T
8-NS,822,0,0,0,375,375,C
8-NS,823,365,0,1,0,366,A
8-NS,824,1,360,0,0,361,T
8-NS,825,0,355,0,0,355,T
8-NS,826,0,354,0,0,354,T
8-NS,827,0,0,0,352,352,C
8-NS,828,337,0,0,0,337,A
8-NS,829,0,0,337,0,337,G
8-NS,830,0,1,0,335,336,C
8-NS,831,0,310,0,0,310,T
8-NS,832,0,309,0,1,310,T
8-NS,833,298,0,0,0,298,A
8-NS,834,0,297,0,0,297,T
8-NS,835,0,298,0,0,298,T
8-NS,836,0,295,0,0,295,T
8-NS,837,282,0,0,0,282,A
8-NS,838,279,0,0,0,279,A
8-NS,839,0,273,0,0,273,T
8-NS,840,0,0,268,0,268,G
8-NS,841,259,0,0,0,259,A
8-NS,842,0,236,0,0,236,T
8-NS,843,231,0,0,0,231,A
8-NS,844,232,0,0,0,232,A
8-NS,845,232,0,0,0,232,A
8-NS,846,232,0,0,0,232,A
8-NS,847,230,0,0,0,230,A
8-NS,848,228,0,0,1,229,A
8-NS,849,0,0,0,226,226,C
8-NS,850,192,0,0,0,192,A
8-NS,851,0,0,0,191,191,C
8-NS,852,1,0,0,182,183,C
8-NS,853,1,1,0,175,177,C
8-NS,854,0,168,0,0,168,T
8-NS,855,0,162,0,0,162,T
8-NS,856,0,0,162,0,162,G
8-NS,857,0,152,0,0,152,T
8-NS,858,0,152,0,0,152,T
8-NS,859,0,149,0,0,149,T
8-NS,860,0,0,0,55,55,C
8-NS,861,0,42,0,0,42,T
8-NS,862,38,0,0,0,38,A
8-NS,863,0,0,0,38,38,C
