Gene,Position,A,T,G,C,Coverage,Consensus
1-PB2,1,182,0,0,0,182,A
1-PB2,2,0,182,0,0,182,T
1-PB2,3,0,0,184,0,184,G
1-PB2,4,0,0,184,0,184,G
1-PB2,5,183,0,0,0,183,A
1-PB2,6,183,0,0,0,183,A
1-PB2,7,184,0,0,0,184,A
1-PB2,8,0,0,208,0,208,G
1-PB2,9,209,0,0,0,209,A
1-PB2,10,208,0,0,0,208,A
1-PB2,11,0,215,0,0,215,T
1-PB2,12,216,0,0,0,216,A
1-PB2,13,216,0,0,0,216,A
1-PB2,14,215,0,0,0,215,A
1-PB2,15,216,0,0,0,216,A
1-PB2,16,2,1,221,0,224,G
1-PB2,17,224,0,0,0,224,A
1-PB2,18,226,0,0,0,226,A
1-PB2,19,0,0,0,232,232,C
1-PB2,20,0,232,0,0,232,T
1-PB2,21,238,0,0,0,238,A
1-PB2,22,0,1,0,237,238,C
1-PB2,23,0,0,238,0,238,G
1-PB2,24,0,0,244,0,244,G
1-PB2,25,245,0,0,0,245,A
1-PB2,26,255,0,1,1,257,A
1-PB2,27,0,256,0,0,256,T
1-PB2,28,0,0,0,259,259,C
1-PB2,29,0,259,0,0,259,T
1-PB2,30,0,0,257,0,257,G
1-PB2,31,259,0,0,0,259,A
1-PB2,32,0,261,0,0,261,T
1-PB2,33,0,0,262,0,262,G
1-PB2,34,0,264,0,0,264,T
1-PB2,35,0,0,1,262,263,C
1-PB2,36,0,0,263,0,263,G
1-PB2,37,0,0,0,265,265,C
1-PB2,38,263,0,1,0,264,A
1-PB2,39,0,0,282,0,282,G
1-PB2,40,0,282,0,0,282,T
1-PB2,41,0,0,0,285,285,C
1-PB2,42,0,284,0,0,284,T
1-PB2,43,0,0,0,285,285,C
1-PB2,44,0,0,285,0,285,G
1-PB2,45,0,0,0,285,285,C
1-PB2,46,283,0,1,0,284,A
1-PB2,47,0,0,0,293,293,C
1-PB2,48,0,291,0,0,291,T
1-PB2,49,2,0,0,294,296,C
1-PB2,50,0,0,297,0,297,G
1-PB2,51,0,0,0,297,297,C
1-PB2,52,0,0,297,0,297,G
1-PB2,53,297,0,0,0,297,A
1-PB2,54,0,0,303,0,303,G
1-PB2,55,305,0,0,0,305,A
1-PB2,56,0,307,0,0,307,T
1-PB2,57,307,0,0,0,307,A
1-PB2,58,0,0,0,306,306,C
1-PB2,59,0,302,0,0,302,T
1-PB2,60,0,0,309,0,309,G
1-PB2,61,308,1,0,0,309,A
1-PB2,62,0,0,0,309,309,C
1-PB2,63,310,0,0,0,310,A
1-PB2,64,309,0,0,0,309,A
1-PB2,65,313,0,1,0,314,A
1-PB2,66,321,0,0,0,321,A
1-PB2,67,322,0,0,0,322,A
1-PB2,68,0,0,0,326,326,C
1-PB2,69,0,0,0,323,323,C
1-PB2,70,334,0,0,0,334,A
1-PB2,71,0,0,0,337,337,C
1-PB2,72,336,0,0,0,336,A
1-PB2,73,0,1,348,0,349,G
1-PB2,74,0,347,0,0,347,T
1-PB2,75,1,1,351,0,353,G
1-PB2,76,0,0,356,0,356,G
1-PB2,77,356,0,1,0,357,A
1-PB2,78,0,0,0,374,374,C
1-PB2,79,0,0,0,368,368,C
1-PB2,80,373,0,0,0,373,A
1-PB2,81,0,372,0,1,373,T
1-PB2,82,370,0,1,0,371,A
1-PB2,83,0,370,0,1,371,T
1-PB2,84,0,1,373,0,374,G
1-PB2,85,0,0,377,0,377,G
1-PB2,86,0,0,0,380,380,C
1-PB2,87,0,0,0,378,378,C
1-PB2,88,377,0,1,0,378,A
1-PB2,89,0,407,0,0,407,T
1-PB2,90,407,0,0,0,407,A
1-PB2,91,421,1,1,0,423,A
1-PB2,92,0,423,0,0,423,T
1-PB2,93,0,420,0,0,420,T
1-PB2,94,430,0,0,0,430,A
1-PB2,95,429,0,0,0,429,A
1-PB2,96,0,1,434,0,435,G
1-PB2,97,431,0,2,0,433,A
1-PB2,98,431,0,0,0,431,A
1-PB2,99,0,0,447,0,447,G
1-PB2,100,0,444,0,0,444,T
1-PB2,101,442,0,1,0,443,A
1-PB2,102,0,1,0,444,445,C
1-PB2,103,446,0,0,0,446,A
1-PB2,104,0,0,0,455,455,C
1-PB2,105,455,0,0,0,455,A
1-PB2,106,0,455,0,0,455,T
1-PB2,107,0,0,0,460,460,C
1-PB2,108,0,0,457,0,457,G
1-PB2,109,0,0,458,0,458,G
1-PB2,110,1,0,458,0,459,G
1-PB2,111,3,1,454,0,458,G
1-PB2,112,456,0,0,0,456,A
1-PB2,113,0,0,459,0,459,G
1-PB2,114,456,0,1,0,457,A
1-PB2,115,0,0,0,463,463,C
1-PB2,116,461,0,1,0,462,A
1-PB2,117,0,0,470,0,470,G
1-PB2,118,0,0,474,0,474,G
1-PB2,119,473,0,0,0,473,A
1-PB2,120,474,0,0,0,474,A
1-PB2,121,475,0,0,0,475,A
1-PB2,122,473,0,1,0,474,A
1-PB2,123,0,1,473,0,474,G
1-PB2,124,467,0,1,0,468,A
1-PB2,125,467,1,2,0,470,A
1-PB2,126,0,1,0,469,470,C
1-PB2,127,0,0,0,466,466,C
1-PB2,128,2,1,0,458,461,C
1-PB2,129,0,0,467,0,467,G
1-PB2,130,0,464,0,2,466,T
1-PB2,131,0,0,0,467,467,C
1-PB2,132,473,0,1,0,474,A
1-PB2,133,0,0,0,481,481,C
1-PB2,134,0,478,1,0,479,T
1-PB2,135,0,478,0,0,478,T
1-PB2,136,479,0,0,0,479,A
1-PB2,137,0,0,486,0,486,G
1-PB2,138,1,1,485,0,487,G
1-PB2,139,485,0,1,0,486,A
1-PB2,140,0,484,0,0,484,T
1-PB2,141,0,1,482,0,483,G
1-PB2,142,488,0,0,0,488,A
1-PB2,143,487,0,0,0,487,A
1-PB2,144,491,0,0,0,491,A
1-PB2,145,0,489,1,1,491,T
1-PB2,146,2,1,488,0,491,G
1-PB2,147,0,0,493,0,493,G
1-PB2,148,494,0,1,0,495,A
1-PB2,149,0,494,0,0,494,T
1-PB2,150,0,1,491,0,492,G
1-PB2,151,485,0,1,0,486,A
1-PB2,152,0,489,0,0,489,T
1-PB2,153,0,2,488,0,490,G
1-PB2,154,0,0,491,0,491,G
1-PB2,155,0,0,0,490,490,C
1-PB2,156,489,0,0,0,489,A
1-PB2,157,495,0,1,0,496,A
1-PB2,158,0,497,0,0,497,T
1-PB2,159,1,0,515,0,516,G
1-PB2,160,516,0,0,0,516,A
1-PB2,161,512,0,0,0,512,A
1-PB2,162,514,0,1,1,516,A
1-PB2,163,0,511,0,1,512,T
1-PB2,164,518,0,1,0,519,A
1-PB2,165,0,0,0,529,529,C
1-PB2,166,0,0,0,525,525,C
1-PB2,167,0,1,0,525,526,C
1-PB2,168,521,0,0,0,521,A
1-PB2,169,521,1,0,0,522,A
1-PB2,170,0,521,0,0,521,T
1-PB2,171,2,0,0,519,521,C
1-PB2,172,518,0,0,0,518,A
1-PB2,173,0,0,0,532,532,C
1-PB2,174,0,527,1,0,528,T
1-PB2,175,0,0,533,0,533,G
1-PB2,176,0,0,0,531,531,C
1-PB2,177,0,530,0,0,530,T
1-PB2,178,1,0,536,0,537,G
1-PB2,179,533,1,0,0,534,A
1-PB2,180,0,0,0,540,540,C
1-PB2,181,543,0,0,0,543,A
1-PB2,182,538,0,1,0,539,A
1-PB2,183,539,0,0,1,540,A
1-PB2,184,539,0,0,0,539,A
1-PB2,185,0,1,548,0,549,G
1-PB2,186,0,0,548,0,548,G
1-PB2,187,542,0,0,0,542,A
1-PB2,188,0,547,0,0,547,T
1-PB2,189,540,0,0,0,540,A
1-PB2,190,545,0,0,0,545,A
1-PB2,191,0,0,0,555,555,C
1-PB2,192,553,0,1,0,554,A
1-PB2,193,0,0,552,0,552,G
1-PB2,194,545,0,2,0,547,A
1-PB2,195,547,0,1,0,548,A
1-PB2,196,546,0,1,0,547,A
1-PB2,197,0,546,0,0,546,T
1-PB2,198,0,1,545,0,546,G
1-PB2,199,0,0,557,0,557,G
1-PB2,200,0,550,0,1,551,T
1-PB2,201,0,553,0,0,553,T
1-PB2,202,0,0,0,550,550,C
1-PB2,203,0,0,0,551,551,C
1-PB2,204,0,0,552,0,552,G
1-PB2,205,0,1,550,1,552,G
1-PB2,206,549,0,0,1,550,A
1-PB2,207,0,1,552,0,553,G
1-PB2,208,550,0,0,0,550,A
1-PB2,209,0,0,553,0,553,G
1-PB2,210,550,1,0,0,551,A
1-PB2,211,552,0,1,0,553,A
1-PB2,212,553,1,1,0,555,A
1-PB2,213,0,547,0,1,548,T
1-PB2,214,0,0,550,0,550,G
1-PB2,215,556,0,0,0,556,A
1-PB2,216,559,0,0,0,559,A
1-PB2,217,1,0,0,555,556,C
1-PB2,218,555,0,0,0,555,A
1-PB2,219,553,0,2,0,555,A
1-PB2,220,0,0,571,0,571,G
1-PB2,221,0,1,571,0,572,G
1-PB2,222,575,0,0,0,575,A
1-PB2,223,0,0,0,571,571,C
1-PB2,224,568,0,1,0,569,A
1-PB2,225,570,0,0,0,570,A
1-PB2,226,566,0,3,0,569,A
1-PB2,227,1,1,0,565,567,C
1-PB2,228,1,0,0,542,543,C
1-PB2,229,1,0,0,583,584,C
1-PB2,230,0,583,0,1,584,T
1-PB2,231,594,0,0,0,594,A
1-PB2,232,0,590,0,0,590,T
1-PB2,233,0,0,592,0,592,G
1-PB2,234,0,1,614,0,615,G
1-PB2,235,587,0,0,0,587,A
1-PB2,236,0,0,590,0,590,G
1-PB2,237,0,585,0,0,585,T
1-PB2,238,585,0,0,0,585,A
1-PB2,239,587,0,1,0,588,A
1-PB2,240,581,0,0,0,581,A
1-PB2,241,586,0,0,0,586,A
1-PB2,242,0,577,0,0,577,T
1-PB2,243,0,0,579,0,579,G
1-PB2,244,572,0,1,0,573,A
1-PB2,245,0,0,575,0,575,G
1-PB2,246,0,572,0,0,572,T
1-PB2,247,1,0,568,0,569,G
1-PB2,248,587,0,0,0,587,A
1-PB2,249,0,594,0,0,594,T
1-PB2,250,0,1,591,0,592,G
1-PB2,251,0,0,0,592,592,C
1-PB2,252,0,590,0,0,590,T
1-PB2,253,0,0,608,0,608,G
1-PB2,254,0,0,600,0,600,G
1-PB2,255,607,0,2,0,609,A
1-PB2,256,0,610,0,0,610,T
1-PB2,257,1,0,0,610,611,C
1-PB2,258,613,0,0,0,613,A
1-PB2,259,0,3,628,0,631,G
1-PB2,260,635,0,0,0,635,A
1-PB2,261,0,634,0,0,634,T
1-PB2,262,618,0,1,0,619,A
1-PB2,263,0,0,635,0,635,G
1-PB2,264,632,0,3,0,635,A
1-PB2,265,0,0,642,0,642,G
1-PB2,266,0,631,0,0,631,T
1-PB2,267,0,0,625,0,625,G
1-PB2,268,609,0,1,0,610,A
1-PB2,269,1,610,0,0,611,T
1-PB2,270,0,2,628,0,630,G
1-PB2,271,0,1,644,0,645,G
1-PB2,272,0,641,0,1,642,T
1-PB2,273,640,0,0,0,640,A
1-PB2,274,0,630,0,0,630,T
1-PB2,275,2,0,0,628,630,C
1-PB2,276,642,0,0,0,642,A
1-PB2,277,0,0,0,655,655,C
1-PB2,278,0,0,0,652,652,C
1-PB2,279,0,641,0,0,641,T
1-PB2,280,0,630,0,1,631,T
1-PB2,281,0,633,0,0,633,T
1-PB2,282,1,1,645,0,647,G
1-PB2,283,0,1,649,0,650,G
1-PB2,284,1,0,0,654,655,C
1-PB2,285,0,642,0,1,643,T
1-PB2,286,0,0,650,0,650,G
1-PB2,287,0,649,0,0,649,T
1-PB2,288,649,0,0,0,649,A
1-PB2,289,650,0,1,0,651,A
1-PB2,290,0,1,0,649,650,C
1-PB2,291,642,0,0,0,642,A
1-PB2,292,0,642,0,1,643,T
1-PB2,293,1,0,635,0,636,G
1-PB2,294,0,0,648,0,648,G
1-PB2,295,0,643,0,0,643,T
1-PB2,296,1,1,645,0,647,G
1-PB2,297,0,2,658,0,660,G
1-PB2,298,657,0,1,0,658,A
1-PB2,299,659,0,2,0,661,A
1-PB2,300,0,661,0,0,661,T
1-PB2,301,663,0,0,0,663,A
1-PB2,302,0,2,669,0,671,G
1-PB2,303,668,0,0,0,668,A
1-PB2,304,666,0,1,0,667,A
1-PB2,305,667,0,0,0,667,A
1-PB2,306,0,659,0,0,659,T
1-PB2,307,0,0,658,0,658,G
1-PB2,308,0,1,656,0,657,G
1-PB2,309,658,0,0,0,658,A
1-PB2,310,2,0,0,668,670,C
1-PB2,311,0,0,0,658,658,C
1-PB2,312,0,0,0,660,660,C
1-PB2,313,0,0,668,0,668,G
1-PB2,314,0,675,0,0,675,T
1-PB2,315,0,1,679,0,680,G
1-PB2,316,679,0,1,0,680,A
1-PB2,317,0,0,0,684,684,C
1-PB2,318,682,1,0,0,683,A
1-PB2,319,674,0,1,0,675,A
1-PB2,320,0,0,696,0,696,G
1-PB2,321,0,694,0,0,694,T
1-PB2,322,688,0,3,0,691,A
1-PB2,323,0,0,0,687,687,C
1-PB2,324,0,1,672,0,673,G
1-PB2,325,0,0,692,0,692,G
1-PB2,326,0,688,0,0,688,T
1-PB2,327,2,0,0,693,695,C
1-PB2,328,2,0,1,693,696,C
1-PB2,329,689,0,0,0,689,A
1-PB2,330,0,692,0,0,692,T
1-PB2,331,0,688,0,0,688,T
1-PB2,332,719,0,0,0,719,A
1-PB2,333,0,0,0,717,717,C
1-PB2,334,1,0,0,703,704,C
1-PB2,335,2,0,0,701,703,C
1-PB2,336,695,0,0,0,695,A
1-PB2,337,703,0,1,0,704,A
1-PB2,338,701,0,0,0,701,A
1-PB2,339,697,0,1,0,698,A
1-PB2,340,0,2,705,0,707,G
1-PB2,341,0,678,0,1,679,T
1-PB2,342,0,1,688,0,689,G
1-PB2,343,0,690,0,0,690,T
1-PB2,344,687,0,1,0,688,A
1-PB2,345,0,0,0,693,693,C
1-PB2,346,686,0,0,0,686,A
1-PB2,347,686,1,0,0,687,A
1-PB2,348,0,0,697,0,697,G
1-PB2,349,692,0,0,0,692,A
1-PB2,350,0,0,0,693,693,C
1-PB2,351,0,683,0,1,684,T
1-PB2,352,0,691,0,0,691,T
1-PB2,353,694,0,0,0,694,A
1-PB2,354,0,690,0,2,692,T
1-PB2,355,0,690,0,0,690,T
1-PB2,356,0,689,0,0,689,T
1-PB2,357,0,0,0,682,682,C
1-PB2,358,0,0,680,0,680,G
1-PB2,359,678,0,0,0,678,A
1-PB2,360,0,0,0,678,678,C
1-PB2,361,674,0,0,0,674,A
1-PB2,362,676,0,0,0,676,A
1-PB2,363,676,0,0,0,676,A
1-PB2,364,0,0,681,0,681,G
1-PB2,365,0,678,0,2,680,T
1-PB2,366,1,1,0,675,677,C
1-PB2,367,0,0,683,0,683,G
1-PB2,368,680,0,1,0,681,A
1-PB2,369,680,1,1,0,682,A
1-PB2,370,683,0,1,0,684,A
1-PB2,371,0,0,704,0,704,G
1-PB2,372,0,0,712,0,712,G
1-PB2,373,0,705,0,1,706,T
1-PB2,374,0,707,0,0,707,T
1-PB2,375,707,0,0,0,707,A
1-PB2,376,707,0,0,0,707,A
1-PB2,377,707,0,1,0,708,A
1-PB2,378,719,1,0,0,720,A
1-PB2,379,0,0,0,724,724,C
1-PB2,380,700,0,0,0,700,A
1-PB2,381,0,695,0,0,695,T
1-PB2,382,1,0,695,0,696,G
1-PB2,383,0,1,696,0,697,G
1-PB2,384,695,0,0,0,695,A
1-PB2,385,699,0,3,0,702,A
1-PB2,386,0,1,0,721,722,C
1-PB2,387,4,0,0,729,733,C
1-PB2,388,0,728,0,1,729,T
1-PB2,389,0,728,0,1,729,T
1-PB2,390,0,727,0,1,728,T
1-PB2,391,0,0,725,0,725,G
1-PB2,392,0,0,726,0,726,G
1-PB2,393,0,0,0,727,727,C
1-PB2,394,2,1,1,720,724,C
1-PB2,395,2,0,0,723,725,C
1-PB2,396,0,704,0,1,705,T
1-PB2,397,0,0,716,0,716,G
1-PB2,398,1,715,0,0,716,T
1-PB2,399,0,713,0,0,713,T
1-PB2,400,2,0,0,716,718,C
1-PB2,401,707,0,0,0,707,A
1-PB2,402,0,722,0,0,722,T
1-PB2,403,0,720,0,0,720,T
1-PB2,404,0,724,0,0,724,T
1-PB2,405,0,724,0,0,724,T
1-PB2,406,713,0,0,0,713,A
1-PB2,407,1,0,708,0,709,G
1-PB2,408,709,0,2,0,711,A
1-PB2,409,708,0,0,0,708,A
1-PB2,410,0,1,701,0,702,G
1-PB2,411,0,706,0,1,707,T
1-PB2,412,0,0,0,706,706,C
1-PB2,413,709,0,1,0,710,A
1-PB2,414,720,0,1,0,721,A
1-PB2,415,0,0,721,0,721,G
1-PB2,416,0,725,0,0,725,T
1-PB2,417,1,0,0,722,723,C
1-PB2,418,728,0,2,0,730,A
1-PB2,419,724,0,2,0,726,A
1-PB2,420,0,0,725,0,725,G
1-PB2,421,728,0,2,0,730,A
1-PB2,422,0,728,0,0,728,T
1-PB2,423,730,0,1,0,731,A
1-PB2,424,0,0,0,731,731,C
1-PB2,425,0,0,730,0,730,G
1-PB2,426,0,0,0,733,733,C
1-PB2,427,730,1,0,0,731,A
1-PB2,428,0,0,741,0,741,G
1-PB2,429,740,0,0,0,740,A
1-PB2,430,740,0,2,0,742,A
1-PB2,431,1,2,752,0,755,G
1-PB2,432,745,0,2,0,747,A
1-PB2,433,0,0,749,0,749,G
1-PB2,434,0,741,0,1,742,T
1-PB2,435,736,2,0,0,738,A
1-PB2,436,0,0,743,0,743,G
1-PB2,437,738,1,2,0,741,A
1-PB2,438,0,0,0,772,772,C
1-PB2,439,765,0,0,0,765,A
1-PB2,440,0,752,0,0,752,T
1-PB2,441,746,0,0,0,746,A
1-PB2,442,743,0,1,0,744,A
1-PB2,443,754,1,0,0,755,A
1-PB2,444,0,0,0,758,758,C
1-PB2,445,1,0,0,746,747,C
1-PB2,446,4,0,0,740,744,C
1-PB2,447,0,692,0,1,693,T
1-PB2,448,0,0,695,0,695,G
1-PB2,449,0,0,709,0,709,G
1-PB2,450,0,707,1,0,708,T
1-PB2,451,1,0,0,698,699,C
1-PB2,452,706,0,0,1,707,A
1-PB2,453,0,701,0,1,702,T
1-PB2,454,0,0,708,0,708,G
1-PB2,455,0,1,0,706,707,C
1-PB2,456,700,0,1,0,701,A
1-PB2,457,1,0,702,0,703,G
1-PB2,458,684,1,1,0,686,A
1-PB2,459,0,2,0,699,701,C
1-PB2,460,2,0,0,699,701,C
1-PB2,461,0,685,0,1,686,T
1-PB2,462,0,0,0,687,687,C
1-PB2,463,676,0,0,0,676,A
1-PB2,464,0,0,693,0,693,G
1-PB2,465,2,693,0,0,695,T
1-PB2,466,0,0,693,0,693,G
1-PB2,467,0,0,0,691,691,C
1-PB2,468,1,0,0,678,679,C
1-PB2,469,680,0,0,0,680,A
1-PB2,470,682,0,0,0,682,A
1-PB2,471,679,0,0,0,679,A
1-PB2,472,0,0,682,0,682,G
1-PB2,473,659,0,0,0,659,A
1-PB2,474,0,1,659,0,660,G
1-PB2,475,2,0,658,0,660,G
1-PB2,476,0,0,0,662,662,C
1-PB2,477,655,0,5,0,660,A
1-PB2,478,0,0,0,662,662,C
1-PB2,479,660,0,0,0,660,A
1-PB2,480,674,0,0,0,674,A
1-PB2,481,0,0,685,0,685,G
1-PB2,482,696,0,0,0,696,A
1-PB2,483,0,691,0,0,691,T
1-PB2,484,0,0,687,0,687,G
1-PB2,485,0,684,0,1,685,T
1-PB2,486,687,0,0,0,687,A
1-PB2,487,681,0,1,0,682,A
1-PB2,488,1,677,1,2,681,T
1-PB2,489,1,0,0,635,636,C
1-PB2,490,642,0,0,0,642,A
1-PB2,491,0,643,0,0,643,T
1-PB2,492,0,1,641,0,642,G
1-PB2,493,0,2,636,1,639,G
1-PB2,494,638,1,0,0,639,A
1-PB2,495,634,0,1,0,635,A
1-PB2,496,0,0,636,0,636,G
1-PB2,497,0,632,0,1,633,T
1-PB2,498,0,630,0,0,630,T
1-PB2,499,0,0,636,0,636,G
1-PB2,500,0,633,0,2,635,T
1-PB2,501,0,634,0,2,636,T
1-PB2,502,0,633,0,0,633,T
1-PB2,503,0,629,0,0,629,T
1-PB2,504,0,629,1,1,631,T
1-PB2,505,1,0,0,626,627,C
1-PB2,506,1,2,0,626,629,C
1-PB2,507,1,3,0,626,630,C
1-PB2,508,626,0,1,0,627,A
1-PB2,509,630,0,0,0,630,A
1-PB2,510,0,630,0,0,630,T
1-PB2,511,1,1,633,0,635,G
1-PB2,512,635,0,0,0,635,A
1-PB2,513,636,0,1,0,637,A
1-PB2,514,1,0,639,0,640,G
1-PB2,515,0,633,0,2,635,T
1-PB2,516,1,2,632,0,635,G
1-PB2,517,0,0,636,0,636,G
1-PB2,518,0,2,633,0,635,G
1-PB2,519,639,0,1,0,640,A
1-PB2,520,0,0,638,0,638,G
1-PB2,521,0,0,0,628,628,C
1-PB2,522,1,0,0,629,630,C
1-PB2,523,630,0,0,0,630,A
1-PB2,524,0,3,645,0,648,G
1-PB2,525,0,0,651,0,651,G
1-PB2,526,653,0,1,0,654,A
1-PB2,527,0,655,0,0,655,T
1-PB2,528,654,0,0,0,654,A
1-PB2,529,0,0,0,656,656,C
1-PB2,530,0,652,0,0,652,T
1-PB2,531,648,0,0,0,648,A
1-PB2,532,649,0,0,0,649,A
1-PB2,533,0,0,0,654,654,C
1-PB2,534,644,0,1,0,645,A
1-PB2,535,0,640,0,0,640,T
1-PB2,536,1,0,0,643,644,C
1-PB2,537,634,0,0,0,634,A
1-PB2,538,1,1,634,0,636,G
1-PB2,539,636,0,0,0,636,A
1-PB2,540,635,0,0,0,635,A
1-PB2,541,0,631,0,0,631,T
1-PB2,542,1,0,0,618,619,C
1-PB2,543,616,0,3,0,619,A
1-PB2,544,0,0,0,627,627,C
1-PB2,545,628,0,0,0,628,A
1-PB2,546,630,0,0,0,630,A
1-PB2,547,0,625,0,1,626,T
1-PB2,548,0,625,0,0,625,T
1-PB2,549,626,1,0,0,627,A
1-PB2,550,631,0,1,1,633,A
1-PB2,551,0,0,0,636,636,C
1-PB2,552,628,0,0,0,628,A
1-PB2,553,621,0,1,0,622,A
1-PB2,554,0,624,0,0,624,T
1-PB2,555,630,0,0,0,630,A
1-PB2,556,629,0,2,0,631,A
1-PB2,557,0,0,0,630,630,C
1-PB2,558,0,628,0,0,628,T
1-PB2,559,624,0,0,0,624,A
1-PB2,560,621,0,0,0,621,A
1-PB2,561,621,1,0,0,622,A
1-PB2,562,0,0,624,0,624,G
1-PB2,563,611,0,1,0,612,A
1-PB2,564,0,1,615,0,616,G
1-PB2,565,612,0,0,0,612,A
1-PB2,566,612,0,0,0,612,A
1-PB2,567,610,0,2,0,612,A
1-PB2,568,610,0,0,0,610,A
1-PB2,569,609,0,0,0,609,A
1-PB2,570,608,0,0,0,608,A
1-PB2,571,0,0,613,0,613,G
1-PB2,572,613,0,0,0,613,A
1-PB2,573,609,0,0,0,609,A
1-PB2,574,1,1,604,0,606,G
1-PB2,575,606,0,1,0,607,A
1-PB2,576,601,0,3,0,604,A
1-PB2,577,0,0,0,611,611,C
1-PB2,578,0,599,0,1,600,T
1-PB2,579,0,0,0,606,606,C
1-PB2,580,0,0,0,605,605,C
1-PB2,581,0,0,605,1,606,G
1-PB2,582,608,0,0,0,608,A
1-PB2,583,0,0,608,0,608,G
1-PB2,584,600,0,0,0,600,A
1-PB2,585,0,603,0,0,603,T
1-PB2,586,0,593,0,0,593,T
1-PB2,587,3,0,597,0,600,G
1-PB2,588,0,0,0,599,599,C
1-PB2,589,600,0,0,0,600,A
1-PB2,590,600,0,0,0,600,A
1-PB2,591,598,0,0,0,598,A
1-PB2,592,599,0,1,0,600,A
1-PB2,593,0,597,0,1,598,T
1-PB2,594,0,587,0,2,589,T
1-PB2,595,0,594,0,0,594,T
1-PB2,596,0,0,0,598,598,C
1-PB2,597,1,589,0,2,592,T
1-PB2,598,5,0,0,654,659,C
1-PB2,599,0,0,0,660,660,C
1-PB2,600,1,0,0,747,748,C
1-PB2,601,0,734,1,1,736,T
1-PB2,602,0,745,0,0,745,T
1-PB2,603,0,0,748,0,748,G
1-PB2,604,754,0,0,0,754,A
1-PB2,605,0,776,0,0,776,T
1-PB2,606,0,3,784,0,787,G
1-PB2,607,0,0,906,0,906,G
1-PB2,608,0,932,0,5,937,T
1-PB2,609,2,932,0,1,935,T
1-PB2,610,0,0,1030,1,1031,G
1-PB2,611,0,0,0,1032,1032,C
1-PB2,612,1054,0,0,0,1054,A
1-PB2,613,0,1052,0,0,1052,T
1-PB2,614,1063,0,0,0,1063,A
1-PB2,615,1,0,0,1123,1124,C
1-PB2,616,1291,0,1,6,1298,A
1-PB2,617,0,1328,0,1,1329,T
1-PB2,618,1,0,1403,0,1404,G
1-PB2,619,0,1384,0,3,1387,T
1-PB2,620,0,1387,0,2,1389,T
1-PB2,621,1384,0,0,0,1384,A
1-PB2,622,0,3,1383,0,1386,G
1-PB2,623,1404,0,1,0,1405,A
1-PB2,624,0,2,1424,0,1426,G
1-PB2,625,1383,0,0,0,1383,A
1-PB2,626,0,1,1392,0,1393,G
1-PB2,627,1369,0,4,0,1373,A
1-PB2,628,1,1,1395,0,1397,G
1-PB2,629,1402,0,0,0,1402,A
1-PB2,630,1401,1,2,0,1404,A
1-PB2,631,0,0,0,1406,1406,C
1-PB2,632,0,1403,0,1,1404,T
1-PB2,633,1,1399,0,0,1400,T
1-PB2,634,1,0,1402,0,1403,G
1-PB2,635,0,1403,0,0,1403,T
1-PB2,636,1405,0,2,0,1407,A
1-PB2,637,0,1,0,1404,1405,C
1-PB2,638,0,1,1400,0,1401,G
1-PB2,639,1405,0,0,0,1405,A
1-PB2,640,1401,0,0,0,1401,A
1-PB2,641,1416,0,1,0,1417,A
1-PB2,642,1414,0,2,0,1416,A
1-PB2,643,1414,0,1,2,1417,A
1-PB2,644,2,0,0,1422,1424,C
1-PB2,645,1423,0,0,0,1423,A
1-PB2,646,1427,0,0,0,1427,A
1-PB2,647,0,0,1435,0,1435,G
1-PB2,648,1440,0,0,0,1440,A
1-PB2,649,0,1437,0,1,1438,T
1-PB2,650,0,1435,0,2,1437,T
1-PB2,651,0,1443,0,0,1443,T
1-PB2,652,1,1,0,1447,1449,C
1-PB2,653,0,1448,0,4,1452,T
1-PB2,654,3,0,0,1451,1454,C
1-PB2,655,0,0,0,1453,1453,C
1-PB2,656,3,1,0,1449,1453,C
1-PB2,657,1452,0,2,0,1454,A
1-PB2,658,0,0,1468,0,1468,G
1-PB2,659,0,1466,0,1,1467,T
1-PB2,660,0,1466,0,1,1467,T
1-PB2,661,1,0,1468,0,1469,G
1-PB2,662,0,1,0,1463,1464,C
1-PB2,663,0,1464,0,1,1465,T
1-PB2,664,1,0,1467,0,1468,G
1-PB2,665,0,0,1466,0,1466,G
1-PB2,666,0,1,0,1468,1469,C
1-PB2,667,3,1,1466,0,1470,G
1-PB2,668,1,2,1493,0,1496,G
1-PB2,669,1500,0,2,0,1502,A
1-PB2,670,1498,0,3,0,1501,A
1-PB2,671,1,1,0,1504,1506,C
1-PB2,672,1510,0,0,0,1510,A
1-PB2,673,1500,0,6,0,1506,A
1-PB2,674,0,0,1584,0,1584,G
1-PB2,675,0,0,0,1617,1617,C
1-PB2,676,1627,0,0,0,1627,A
1-PB2,677,6,0,2096,0,2102,G
1-PB2,678,0,2091,0,1,2092,T
1-PB2,679,2109,0,0,0,2109,A
1-PB2,680,0,2108,0,0,2108,T
1-PB2,681,2123,1,0,0,2124,A
1-PB2,682,1,2120,0,0,2121,T
1-PB2,683,2086,0,0,0,2086,A
1-PB2,684,0,1,0,2119,2120,C
1-PB2,685,2041,0,1,0,2042,A
1-PB2,686,0,1955,0,0,1955,T
1-PB2,687,1,1884,0,0,1885,T
1-PB2,688,0,0,1886,0,1886,G
1-PB2,689,1881,0,1,0,1882,A
1-PB2,690,1877,1,1,0,1879,A
1-PB2,691,3,0,1906,0,1909,G
1-PB2,692,0,1898,0,1,1899,T
1-PB2,693,0,1890,0,1,1891,T
1-PB2,694,0,1890,0,1,1891,T
1-PB2,695,0,1895,0,0,1895,T
1-PB2,696,1908,0,0,0,1908,A
1-PB2,697,0,0,0,1924,1924,C
1-PB2,698,1920,0,0,0,1920,A
1-PB2,699,1,1911,1,2,1915,T
1-PB2,700,1,1903,1,1,1906,T
1-PB2,701,0,1908,0,1,1909,T
1-PB2,702,1,6,1914,0,1921,G
1-PB2,703,1928,1,4,0,1933,A
1-PB2,704,0,2,0,1938,1940,C
1-PB2,705,1,1927,1,0,1929,T
1-PB2,706,0,0,0,1929,1929,C
1-PB2,707,1927,0,4,0,1931,A
1-PB2,708,2,7,1908,0,1917,G
1-PB2,709,0,2,1965,0,1967,G
1-PB2,710,0,7,1965,0,1972,G
1-PB2,711,1970,0,2,0,1972,A
1-PB2,712,1968,1,6,0,1975,A
1-PB2,713,2,0,0,1980,1982,C
1-PB2,714,1,0,2005,0,2006,G
1-PB2,715,0,2008,1,1,2010,T
1-PB2,716,0,1,2033,0,2034,G
1-PB2,717,1,2018,0,1,2020,T
1-PB2,718,0,2020,1,1,2022,T
1-PB2,719,0,4,2018,0,2022,G
1-PB2,720,1,1,2017,0,2019,G
1-PB2,721,0,4,2032,0,2036,G
1-PB2,722,2023,0,1,2,2026,A
1-PB2,723,2012,0,1,1,2014,A
1-PB2,724,1,1,0,2083,2085,C
1-PB2,725,2079,0,1,0,2080,A
1-PB2,726,2142,0,0,0,2142,A
1-PB2,727,2142,0,1,1,2144,A
1-PB2,728,0,2166,0,0,2166,T
1-PB2,729,0,1,2185,1,2187,G
1-PB2,730,1,2172,0,0,2173,T
1-PB2,731,2172,0,0,0,2172,A
1-PB2,732,1,1,0,2176,2178,C
1-PB2,733,2146,0,2,0,2148,A
1-PB2,734,0,0,0,2146,2146,C
1-PB2,735,1,2089,0,2,2092,T
1-PB2,736,3,0,0,2265,2268,C
1-PB2,737,3,0,0,2270,2273,C
1-PB2,738,2311,0,2,0,2313,A
1-PB2,739,0,2,2325,0,2327,G
1-PB2,740,0,1,2381,0,2382,G
1-PB2,741,1,2369,0,3,2373,T
1-PB2,742,1,0,2373,0,2374,G
1-PB2,743,0,3,2308,1,2312,G
1-PB2,744,2285,2,7,1,2295,A
1-PB2,745,0,2,2301,0,2303,G
1-PB2,746,0,4,2306,0,2310,G
1-PB2,747,2295,0,5,0,2300,A
1-PB2,748,0,0,2323,0,2323,G
1-PB2,749,0,2265,0,1,2266,T
1-PB2,750,0,3,2282,0,2285,G
1-PB2,751,2283,1,1,0,2285,A
1-PB2,752,0,1,2287,0,2288,G
1-PB2,753,1,1,2298,0,2300,G
1-PB2,754,2277,0,3,0,2280,A
1-PB2,755,2290,0,3,0,2293,A
1-PB2,756,0,2284,0,0,2284,T
1-PB2,757,1,1,2281,0,2283,G
1-PB2,758,2276,0,2,0,2278,A
1-PB2,759,0,19,1,2247,2267,C
1-PB2,760,1,2,2264,0,2267,G
1-PB2,761,2295,1,1,0,2297,A
1-PB2,762,0,2289,0,1,2290,T
1-PB2,763,0,1,2298,0,2299,G
1-PB2,764,0,2300,0,2,2302,T
1-PB2,765,0,2286,0,2,2288,T
1-PB2,766,0,3,2297,0,2300,G
1-PB2,767,2306,0,1,1,2308,A
1-PB2,768,0,0,0,2311,2311,C
1-PB2,769,2,1,0,2304,2307,C
1-PB2,770,2279,0,1,0,2280,A
1-PB2,771,2277,1,2,0,2280,A
1-PB2,772,2286,0,4,0,2290,A
1-PB2,773,0,0,2345,0,2345,G
1-PB2,774,0,2,0,2344,2346,C
1-PB2,775,0,0,0,2346,2346,C
1-PB2,776,0,2350,0,1,2351,T
1-PB2,777,2358,0,0,0,2358,A
1-PB2,778,2354,0,1,0,2355,A
1-PB2,779,0,2370,0,0,2370,T
1-PB2,780,0,2362,0,2,2364,T
1-PB2,781,2335,1,1,0,2337,A
1-PB2,782,1,2300,0,0,2301,T
1-PB2,783,1,2283,1,1,2286,T
1-PB2,784,0,0,2285,0,2285,G
1-PB2,785,1,2,0,2269,2272,C
1-PB2,786,1,3,2271,0,2275,G
1-PB2,787,1,0,2309,0,2310,G
1-PB2,788,0,0,0,2315,2315,C
1-PB2,789,3,1,0,2315,2319,C
1-PB2,790,2317,0,1,0,2318,A
1-PB2,791,0,2,2346,0,2348,G
1-PB2,792,0,3,2371,0,2374,G
1-PB2,793,2373,1,5,0,2379,A
1-PB2,794,2392,0,2,0,2394,A
1-PB2,795,1,1,0,2404,2406,C
1-PB2,796,2376,0,2,0,2378,A
1-PB2,797,2,2417,0,1,2420,T
1-PB2,798,2460,0,2,0,2462,A
1-PB2,799,1,0,2484,0,2485,G
1-PB2,800,0,2465,0,1,2466,T
1-PB2,801,2455,0,0,0,2455,A
1-PB2,802,2442,2,4,1,2449,A
1-PB2,803,1,2,2446,0,2449,G
1-PB2,804,2435,0,1,0,2436,A
1-PB2,805,2401,0,2,1,2404,A
1-PB2,806,0,1,2395,0,2396,G
1-PB2,807,2319,0,11,0,2330,A
1-PB2,808,1,1,2344,0,2346,G
1-PB2,809,0,1,0,2339,2340,C
1-PB2,810,3,0,0,2335,2338,C
1-PB2,811,2,0,2336,0,2338,G
1-PB2,812,1,1,0,2360,2362,C
1-PB2,813,2366,0,1,0,2367,A
1-PB2,814,1,3,2533,0,2537,G
1-PB2,815,0,2536,0,1,2537,T
1-PB2,816,2549,0,1,0,2550,A
1-PB2,817,0,2532,0,1,2533,T
1-PB2,818,4,1,0,2533,2538,C
1-PB2,819,2543,1,2,0,2546,A
1-PB2,820,2,0,2545,1,2548,G
1-PB2,821,0,1,0,2548,2549,C
1-PB2,822,2460,0,0,1,2461,A
1-PB2,823,0,2,2429,0,2431,G
1-PB2,824,2444,1,3,0,2448,A
1-PB2,825,2,2437,0,0,2439,T
1-PB2,826,2,0,0,2444,2446,C
1-PB2,827,2,2,0,2454,2458,C
1-PB2,828,2463,0,2,0,2465,A
1-PB2,829,0,0,0,2471,2471,C
1-PB2,830,1,2464,0,1,2466,T
1-PB2,831,2483,2,2,0,2487,A
1-PB2,832,0,0,2477,1,2478,G
1-PB2,833,0,0,0,2470,2470,C
1-PB2,834,2461,1,2,0,2464,A
1-PB2,835,1,2463,0,2,2466,T
1-PB2,836,0,0,0,2499,2499,C
1-PB2,837,1,2488,0,2,2491,T
1-PB2,838,0,2540,1,1,2542,T
1-PB2,839,0,2552,0,1,2553,T
1-PB2,840,2547,0,2,0,2549,A
1-PB2,841,0,2559,0,0,2559,T
1-PB2,842,1,2540,0,3,2544,T
1-PB2,843,19,3,2521,0,2543,G
1-PB2,844,0,1,2543,0,2544,G
1-PB2,845,2482,2,11,0,2495,A
1-PB2,846,0,1,2499,0,2500,G
1-PB2,847,2461,0,3,0,2464,A
1-PB2,848,0,2448,0,1,2449,T
1-PB2,849,3,0,2489,0,2492,G
1-PB2,850,1,2494,0,3,2498,T
1-PB2,851,2,1,2498,0,2501,G
1-PB2,852,1,0,1,2502,2504,C
1-PB2,853,2,0,1,2499,2502,C
1-PB2,854,2500,0,2,0,2502,A
1-PB2,855,0,1,0,2502,2503,C
1-PB2,856,2469,0,1,1,2471,A
1-PB2,857,2,0,2518,0,2520,G
1-PB2,858,0,0,0,2470,2470,C
1-PB2,859,2465,0,1,0,2466,A
1-PB2,860,1,0,0,2463,2464,C
1-PB2,861,2458,0,4,0,2462,A
1-PB2,862,0,0,0,2476,2476,C
1-PB2,863,2467,0,1,0,2468,A
1-PB2,864,2473,0,1,0,2474,A
1-PB2,865,2477,0,1,0,2478,A
1-PB2,866,0,2424,0,2,2426,T
1-PB2,867,0,2425,0,1,2426,T
1-PB2,868,0,0,2422,0,2422,G
1-PB2,869,1,3,2408,0,2412,G
1-PB2,870,0,4,0,2407,2411,C
1-PB2,871,0,0,2400,0,2400,G
1-PB2,872,1,0,2405,0,2406,G
1-PB2,873,2395,2,2,0,2399,A
1-PB2,874,2469,0,2,1,2472,A
1-PB2,875,0,0,0,2478,2478,C
1-PB2,876,2478,0,0,0,2478,A
1-PB2,877,2475,0,1,0,2476,A
1-PB2,878,1,1,2483,0,2485,G
1-PB2,879,3,2,2480,1,2486,G
1-PB2,880,2486,0,4,0,2490,A
1-PB2,881,0,2378,0,2,2380,T
1-PB2,882,0,5,2374,0,2379,G
1-PB2,883,0,0,2399,0,2399,G
1-PB2,884,2,2377,0,3,2382,T
1-PB2,885,0,5,2368,0,2373,G
1-PB2,886,0,1,2381,0,2382,G
1-PB2,887,2364,1,4,0,2369,A
1-PB2,888,2,1,0,2363,2366,C
1-PB2,889,2341,1,0,0,2342,A
1-PB2,890,0,2661,1,0,2662,T
1-PB2,891,0,2644,0,4,2648,T
1-PB2,892,1,0,0,2666,2667,C
1-PB2,893,0,2644,0,1,2645,T
1-PB2,894,0,2644,0,0,2644,T
1-PB2,895,2637,0,2,0,2639,A
1-PB2,896,1,1,2644,0,2646,G
1-PB2,897,2638,0,5,0,2643,A
1-PB2,898,0,1,0,2642,2643,C
1-PB2,899,2230,1,1,0,2232,A
1-PB2,900,0,1,2275,0,2276,G
1-PB2,901,2266,0,2,0,2268,A
1-PB2,902,2275,0,1,1,2277,A
1-PB2,903,0,0,0,2274,2274,C
1-PB2,904,0,0,0,2272,2272,C
1-PB2,905,4,1,0,2252,2257,C
1-PB2,906,0,3,2260,0,2263,G
1-PB2,907,2259,1,4,0,2264,A
1-PB2,908,1,0,0,2274,2275,C
1-PB2,909,0,2232,0,2,2234,T
1-PB2,910,2,0,2257,0,2259,G
1-PB2,911,2247,1,4,0,2252,A
1-PB2,912,2256,1,1,0,2258,A
1-PB2,913,0,4,2266,0,2270,G
1-PB2,914,2247,0,4,0,2251,A
1-PB2,915,2254,1,1,0,2256,A
1-PB2,916,0,0,0,2253,2253,C
1-PB2,917,2243,1,2,0,2246,A
1-PB2,918,2257,0,6,0,2263,A
1-PB2,919,0,1,2292,0,2293,G
1-PB2,920,0,1,0,2317,2318,C
1-PB2,921,0,2305,0,0,2305,T
1-PB2,922,0,0,2341,0,2341,G
1-PB2,923,0,2329,0,3,2332,T
1-PB2,924,1,1,2374,0,2376,G
1-PB2,925,0,1,2457,0,2458,G
1-PB2,926,2456,1,1,0,2458,A
1-PB2,927,0,2453,0,0,2453,T
1-PB2,928,2440,0,1,0,2441,A
1-PB2,929,0,2409,0,1,2410,T
1-PB2,930,2495,0,0,0,2495,A
1-PB2,931,1,2442,0,2,2445,T
1-PB2,932,0,0,2441,0,2441,G
1-PB2,933,0,2,0,2409,2411,C
1-PB2,934,2318,1,3,1,2323,A
1-PB2,935,2313,2,5,0,2320,A
1-PB2,936,1,2,2307,0,2310,G
1-PB2,937,0,2,2321,0,2323,G
1-PB2,938,1,0,0,2326,2327,C
1-PB2,939,19,2256,0,4,2279,T
1-PB2,940,0,2,2288,1,2291,G
1-PB2,941,0,1,0,2299,2300,C
1-PB2,942,2301,1,3,0,2305,A
1-PB2,943,2312,0,2,0,2314,A
1-PB2,944,0,2287,0,1,2288,T
1-PB2,945,0,6,2294,0,2300,G
1-PB2,946,1,2,2283,0,2286,G
1-PB2,947,3,0,2296,0,2299,G
1-PB2,948,2304,1,3,0,2308,A
1-PB2,949,0,2292,1,0,2293,T
1-PB2,950,1,2283,0,2,2286,T
1-PB2,951,0,34,2259,1,2294,G
1-PB2,952,2284,0,1,1,2286,A
1-PB2,953,0,2,2310,0,2312,G
1-PB2,954,2289,1,8,1,2299,A
1-PB2,955,2281,0,1,0,2282,A
1-PB2,956,0,2253,0,0,2253,T
1-PB2,957,3,1,0,2258,2262,C
1-PB2,958,2253,0,2,0,2255,A
1-PB2,959,0,0,2273,0,2273,G
1-PB2,960,0,0,0,2263,2263,C
1-PB2,961,0,2245,0,17,2262,T
1-PB2,962,5,0,0,2246,2251,C
1-PB2,963,2244,1,1,0,2246,A
1-PB2,964,0,2304,0,4,2308,T
1-PB2,965,1,1,0,2309,2311,C
1-PB2,966,2,0,0,2336,2338,C
1-PB2,967,2,2313,1,3,2319,T
1-PB2,968,0,2293,0,4,2297,T
1-PB2,969,1,0,0,2303,2304,C
1-PB2,970,2307,0,2,0,2309,A
1-PB2,971,1,0,2330,0,2331,G
1-PB2,972,1,0,0,2325,2326,C
1-PB2,973,1,2273,0,3,2277,T
1-PB2,974,0,2294,0,1,2295,T
1-PB2,975,0,2269,0,1,2270,T
1-PB2,976,1,2,2277,1,2281,G
1-PB2,977,0,0,2284,0,2284,G
1-PB2,978,1,2275,2,2,2280,T
1-PB2,979,1,5,2290,0,2296,G
1-PB2,980,0,1,2287,0,2288,G
1-PB2,981,0,1,2309,0,2310,G
1-PB2,982,0,2304,0,3,2307,T
1-PB2,983,0,2295,2,4,2301,T
1-PB2,984,0,2304,0,1,2305,T
1-PB2,985,2317,0,1,0,2318,A
1-PB2,986,1,1,0,2327,2329,C
1-PB2,987,2330,0,1,0,2331,A
1-PB2,988,0,2316,0,1,2317,T
1-PB2,989,0,2279,0,0,2279,T
1-PB2,990,0,2277,0,1,2278,T
1-PB2,991,2278,1,0,0,2279,A
1-PB2,992,2277,2,2,0,2281,A
1-PB2,993,2277,2,2,0,2281,A
1-PB2,994,2265,1,6,0,2272,A
1-PB2,995,0,4,2282,0,2286,G
1-PB2,996,2269,0,0,0,2269,A
1-PB2,997,2274,0,2,0,2276,A
1-PB2,998,0,1,2,2279,2282,C
1-PB2,999,2272,0,0,0,2272,A
1-PB2,1000,2270,0,3,0,2273,A
1-PB2,1001,0,0,2274,0,2274,G
1-PB2,1002,23,1,0,2254,2278,C
1-PB2,1003,0,1,2270,0,2271,G
1-PB2,1004,2,0,2277,0,2279,G
1-PB2,1005,1,0,2282,0,2283,G
1-PB2,1006,1,2273,1,8,2283,T
1-PB2,1007,6,1,0,2266,2273,C
1-PB2,1008,2278,0,3,1,2282,A
1-PB2,1009,0,2276,0,1,2277,T
1-PB2,1010,4,0,0,2280,2284,C
1-PB2,1011,2271,0,4,0,2275,A
1-PB2,1012,0,2,2309,1,2312,G
1-PB2,1013,0,2279,0,4,2283,T
1-PB2,1014,5,0,0,2274,2279,C
1-PB2,1015,2284,1,0,0,2285,A
1-PB2,1016,2291,0,1,1,2293,A
1-PB2,1017,2288,1,3,0,2292,A
1-PB2,1018,2287,1,3,1,2292,A
1-PB2,1019,2300,0,9,0,2309,A
1-PB2,1020,2302,0,9,0,2311,A
1-PB2,1021,0,0,2326,0,2326,G
1-PB2,1022,2310,0,3,0,2313,A
1-PB2,1023,2301,2,2,1,2306,A
1-PB2,1024,0,0,2308,0,2308,G
1-PB2,1025,2305,0,1,0,2306,A
1-PB2,1026,2253,0,7,0,2260,A
1-PB2,1027,0,5,2257,0,2262,G
1-PB2,1028,2252,0,2,1,2255,A
1-PB2,1029,19,2,2242,0,2263,G
1-PB2,1030,0,0,2304,0,2304,G
1-PB2,1031,1,2296,1,2,2300,T
1-PB2,1032,1,0,2349,0,2350,G
1-PB2,1033,0,1,0,2355,2356,C
1-PB2,1034,1,2353,0,0,2354,T
1-PB2,1035,0,2354,0,1,2355,T
1-PB2,1036,2350,0,1,0,2351,A
1-PB2,1037,0,1,0,2353,2354,C
1-PB2,1038,2327,1,2,0,2330,A
1-PB2,1039,0,0,2329,0,2329,G
1-PB2,1040,2,1,2325,0,2328,G
1-PB2,1041,1,0,0,2290,2291,C
1-PB2,1042,2269,0,0,0,2269,A
1-PB2,1043,2261,0,3,0,2264,A
1-PB2,1044,0,2308,0,2,2310,T
1-PB2,1045,2,0,1,2333,2336,C
1-PB2,1046,2,2329,0,4,2335,T
1-PB2,1047,5,1,0,2331,2337,C
1-PB2,1048,3,0,0,2332,2335,C
1-PB2,1049,2334,0,4,0,2338,A
1-PB2,1050,2333,0,3,1,2337,A
1-PB2,1051,2340,1,0,1,2342,A
1-PB2,1052,0,0,0,2361,2361,C
1-PB2,1053,2305,0,0,0,2305,A
1-PB2,1054,0,2280,1,2,2283,T
1-PB2,1055,0,2244,0,1,2245,T
1-PB2,1056,0,3,2250,0,2253,G
1-PB2,1057,2242,0,3,0,2245,A
1-PB2,1058,0,1,2217,1,2219,G
1-PB2,1059,2302,0,1,0,2303,A
1-PB2,1060,2300,0,1,0,2301,A
1-PB2,1061,0,2322,0,1,2323,T
1-PB2,1062,2324,0,0,0,2324,A
1-PB2,1063,2329,0,5,1,2335,A
1-PB2,1064,1,3,2412,0,2416,G
1-PB2,1065,2373,1,4,0,2378,A
1-PB2,1066,0,0,2448,0,2448,G
1-PB2,1067,0,2378,0,0,2378,T
1-PB2,1068,2381,0,6,0,2387,A
1-PB2,1069,2,1,0,2431,2434,C
1-PB2,1070,2403,1,3,0,2407,A
1-PB2,1071,0,2408,0,1,2409,T
1-PB2,1072,1,0,2399,0,2400,G
1-PB2,1073,2338,0,4,0,2342,A
1-PB2,1074,0,3,2361,0,2364,G
1-PB2,1075,2,4,2369,0,2375,G
1-PB2,1076,2,0,2495,0,2497,G
1-PB2,1077,1,2,2523,0,2526,G
1-PB2,1078,0,2478,0,0,2478,T
1-PB2,1079,2483,1,1,1,2486,A
1-PB2,1080,0,2469,0,1,2470,T
1-PB2,1081,0,2,2484,0,2486,G
1-PB2,1082,2477,0,4,0,2481,A
1-PB2,1083,3,4,2474,0,2481,G
1-PB2,1084,1,3,2450,0,2454,G
1-PB2,1085,2274,0,2,0,2276,A
1-PB2,1086,1,1,2341,0,2343,G
1-PB2,1087,0,2322,0,6,2328,T
1-PB2,1088,0,2372,0,6,2378,T
1-PB2,1089,5,1,1,2388,2395,C
1-PB2,1090,2386,1,4,1,2392,A
1-PB2,1091,0,2,0,2390,2392,C
1-PB2,1092,2383,1,1,0,2385,A
1-PB2,1093,2396,0,0,0,2396,A
1-PB2,1094,0,2389,0,1,2390,T
1-PB2,1095,1,5,2328,1,2335,G
1-PB2,1096,1,0,2347,1,2349,G
1-PB2,1097,0,2288,0,3,2291,T
1-PB2,1098,1,3,2298,0,2302,G
1-PB2,1099,0,6,2296,0,2302,G
1-PB2,1100,0,2,2296,0,2298,G
1-PB2,1101,2,1,2315,0,2318,G
1-PB2,1102,2303,0,2,0,2305,A
1-PB2,1103,2300,1,2,0,2303,A
1-PB2,1104,2295,0,2,0,2297,A
1-PB2,1105,2252,0,2,0,2254,A
1-PB2,1106,1,0,2275,0,2276,G
1-PB2,1107,2261,0,5,0,2266,A
1-PB2,1108,1,0,2273,0,2274,G
1-PB2,1109,0,2,0,2269,2271,C
1-PB2,1110,2255,1,1,0,2257,A
1-PB2,1111,2261,0,1,0,2262,A
1-PB2,1112,2,0,0,2355,2357,C
1-PB2,1113,2348,0,1,0,2349,A
1-PB2,1114,0,0,2382,0,2382,G
1-PB2,1115,0,2,0,2362,2364,C
1-PB2,1116,0,2356,0,3,2359,T
1-PB2,1117,2435,0,1,0,2436,A
1-PB2,1118,0,2427,1,1,2429,T
1-PB2,1119,2434,1,3,0,2438,A
1-PB2,1120,2,1,0,2443,2446,C
1-PB2,1121,1,2328,0,2,2331,T
1-PB2,1122,2347,0,0,0,2347,A
1-PB2,1123,2293,0,0,1,2294,A
1-PB2,1124,0,2,2304,0,2306,G
1-PB2,1125,2306,0,1,0,2307,A
1-PB2,1126,2235,0,1,0,2236,A
1-PB2,1127,2234,1,1,0,2236,A
1-PB2,1128,2217,0,11,1,2229,A
1-PB2,1129,0,0,2241,0,2241,G
1-PB2,1130,0,1,0,2231,2232,C
1-PB2,1131,2221,0,2,0,2223,A
1-PB2,1132,2231,1,2,0,2234,A
1-PB2,1133,2,1,0,2244,2247,C
1-PB2,1134,2,0,0,2242,2244,C
1-PB2,1135,2247,2,1,0,2250,A
1-PB2,1136,1,1,2258,0,2260,G
1-PB2,1137,2260,0,0,1,2261,A
1-PB2,1138,2264,0,2,2,2268,A
1-PB2,1139,0,1,2273,0,2274,G
1-PB2,1140,2269,0,2,0,2271,A
1-PB2,1141,0,2266,0,0,2266,T
1-PB2,1142,1,2246,1,0,2248,T
1-PB2,1143,0,3,2258,0,2261,G
1-PB2,1144,0,0,2298,0,2298,G
1-PB2,1145,1,2285,0,2,2288,T
1-PB2,1146,1,2279,0,4,2284,T
1-PB2,1147,2,1,0,2279,2282,C
1-PB2,1148,2269,0,1,0,2270,A
1-PB2,1149,2256,3,1,1,2261,A
1-PB2,1150,0,2,0,2419,2421,C
1-PB2,1151,1,2420,0,5,2426,T
1-PB2,1152,5,0,0,2440,2445,C
1-PB2,1153,2406,1,0,0,2407,A
1-PB2,1154,1,2410,0,2,2413,T
1-PB2,1155,2413,1,3,0,2417,A
1-PB2,1156,1,0,2430,0,2431,G
1-PB2,1157,0,2355,1,2,2358,T
1-PB2,1158,0,1,2374,1,2376,G
1-PB2,1159,2273,0,2,0,2275,A
1-PB2,1160,0,0,2306,0,2306,G
1-PB2,1161,0,2286,0,2,2288,T
1-PB2,1162,1,0,2285,0,2286,G
1-PB2,1163,0,3,2292,0,2295,G
1-PB2,1164,2293,1,1,0,2295,A
1-PB2,1165,2287,0,2,1,2290,A
1-PB2,1166,0,3,2311,0,2314,G
1-PB2,1167,2257,0,3,0,2260,A
1-PB2,1168,1,3,2266,1,2271,G
1-PB2,1169,2244,2,4,0,2250,A
1-PB2,1170,0,2,0,2248,2250,C
1-PB2,1171,2,4,2244,0,2250,G
1-PB2,1172,2227,1,3,1,2232,A
1-PB2,1173,2237,0,3,0,2240,A
1-PB2,1174,0,0,0,2242,2242,C
1-PB2,1175,2220,0,5,0,2225,A
1-PB2,1176,1,0,2331,0,2332,G
1-PB2,1177,0,2310,0,4,2314,T
1-PB2,1178,1,2,0,2323,2326,C
1-PB2,1179,2324,0,0,0,2324,A
1-PB2,1180,2321,0,0,0,2321,A
1-PB2,1181,0,2321,0,1,2322,T
1-PB2,1182,2313,0,4,0,2317,A
1-PB2,1183,1,0,2316,0,2317,G
1-PB2,1184,0,0,1,2308,2309,C
1-PB2,1185,2,3,0,2227,2232,C
1-PB2,1186,0,1,2214,0,2215,G
1-PB2,1187,2215,0,2,1,2218,A
1-PB2,1188,2218,0,1,0,2219,A
1-PB2,1189,1,2,2243,0,2246,G
1-PB2,1190,0,1,0,2289,2290,C
1-PB2,1191,2289,0,1,0,2290,A
1-PB2,1192,2275,0,4,0,2279,A
1-PB2,1193,0,2289,0,0,2289,T
1-PB2,1194,2308,1,1,0,2310,A
1-PB2,1195,2325,1,3,1,2330,A
1-PB2,1196,0,2324,0,2,2326,T
1-PB2,1197,1,2,0,2302,2305,C
1-PB2,1198,1,0,2301,0,2302,G
1-PB2,1199,0,2253,0,1,2254,T
1-PB2,1200,1,4,2248,0,2253,G
1-PB2,1201,2,1,2277,0,2280,G
1-PB2,1202,0,0,0,2273,2273,C
1-PB2,1203,2,0,0,2271,2273,C
1-PB2,1204,2263,0,1,0,2264,A
1-PB2,1205,0,2257,0,4,2261,T
1-PB2,1206,2,5,2261,0,2268,G
1-PB2,1207,12,0,2281,0,2293,G
1-PB2,1208,0,2275,0,0,2275,T
1-PB2,1209,0,1,2290,0,2291,G
1-PB2,1210,0,2215,2,2,2219,T
1-PB2,1211,1,2208,0,0,2209,T
1-PB2,1212,0,2202,0,3,2205,T
1-PB2,1213,1,2210,0,2,2213,T
1-PB2,1214,1,0,0,2232,2233,C
1-PB2,1215,2224,0,2,0,2226,A
1-PB2,1216,0,1,0,2295,2296,C
1-PB2,1217,2263,1,1,0,2265,A
1-PB2,1218,2268,0,2,0,2270,A
1-PB2,1219,0,3,2268,0,2271,G
1-PB2,1220,2266,2,0,0,2268,A
1-PB2,1221,2200,1,47,0,2248,A
1-PB2,1222,0,1,2270,0,2271,G
1-PB2,1223,2266,1,2,0,2269,A
1-PB2,1224,0,2277,0,2,2279,T
1-PB2,1225,0,2233,1,1,2235,T
1-PB2,1226,0,0,2236,1,2237,G
1-PB2,1227,1,2,0,2189,2192,C
1-PB2,1228,2196,0,6,0,2202,A
1-PB2,1229,0,2215,0,0,2215,T
1-PB2,1230,0,1,2308,1,2310,G
1-PB2,1231,2322,0,5,0,2327,A
1-PB2,1232,0,2338,0,0,2338,T
1-PB2,1233,2330,0,2,0,2332,A
1-PB2,1234,2325,1,3,0,2329,A
1-PB2,1235,2337,0,0,0,2337,A
1-PB2,1236,2338,0,2,0,2340,A
1-PB2,1237,0,1,2344,0,2345,G
1-PB2,1238,0,0,0,2393,2393,C
1-PB2,1239,2421,1,3,0,2425,A
1-PB2,1240,1,1,2492,0,2494,G
1-PB2,1241,0,2482,0,2,2484,T
1-PB2,1242,0,2484,1,0,2485,T
1-PB2,1243,2484,1,2,0,2487,A
1-PB2,1244,1,3,2503,0,2507,G
1-PB2,1245,2485,1,8,0,2494,A
1-PB2,1246,1,1,2493,0,2495,G
1-PB2,1247,0,1,2492,0,2493,G
1-PB2,1248,1,2378,0,0,2379,T
1-PB2,1249,0,5,2386,0,2391,G
1-PB2,1250,2400,0,3,0,2403,A
1-PB2,1251,2,0,0,2408,2410,C
1-PB2,1252,0,0,0,2418,2418,C
1-PB2,1253,0,2408,0,3,2411,T
1-PB2,1254,0,5,2425,0,2430,G
1-PB2,1255,2428,0,1,0,2429,A
1-PB2,1256,2423,1,0,2,2426,A
1-PB2,1257,0,2424,0,2,2426,T
1-PB2,1258,0,2434,0,2,2436,T
1-PB2,1259,0,2447,0,5,2452,T
1-PB2,1260,2,0,0,2440,2442,C
1-PB2,1261,1,0,2442,0,2443,G
1-PB2,1262,0,2436,0,4,2440,T
1-PB2,1263,2,0,0,2440,2442,C
1-PB2,1264,2439,1,0,0,2440,A
1-PB2,1265,2442,0,2,0,2444,A
1-PB2,1266,1,1,0,2446,2448,C
1-PB2,1267,2427,0,2,0,2429,A
1-PB2,1268,0,8,2455,0,2463,G
1-PB2,1269,2448,1,1,0,2450,A
1-PB2,1270,1,0,2470,0,2471,G
1-PB2,1271,2,2,0,2469,2473,C
1-PB2,1272,2461,0,3,0,2464,A
1-PB2,1273,2490,0,3,0,2493,A
1-PB2,1274,2485,1,1,0,2487,A
1-PB2,1275,1,2479,0,0,2480,T
1-PB2,1276,2,0,0,2492,2494,C
1-PB2,1277,2463,0,2,0,2465,A
1-PB2,1278,0,1,2465,0,2466,G
1-PB2,1279,1,0,0,2463,2464,C
1-PB2,1280,0,3,2474,0,2477,G
1-PB2,1281,0,1,2624,0,2625,G
1-PB2,1282,0,2601,0,4,2605,T
1-PB2,1283,0,2604,0,4,2608,T
1-PB2,1284,1,7,2603,1,2612,G
1-PB2,1285,2614,0,2,0,2616,A
1-PB2,1286,2621,0,7,0,2628,A
1-PB2,1287,2,0,0,2641,2643,C
1-PB2,1288,1,2,0,2628,2631,C
1-PB2,1289,6,1,0,2652,2659,C
1-PB2,1290,5,3,0,2551,2559,C
1-PB2,1291,2569,0,1,0,2570,A
1-PB2,1292,0,2586,0,1,2587,T
1-PB2,1293,2,1,2596,1,2600,G
1-PB2,1294,1,0,0,2598,2599,C
1-PB2,1295,2586,0,2,0,2588,A
1-PB2,1296,0,2567,0,5,2572,T
1-PB2,1297,3,0,0,2567,2570,C
1-PB2,1298,2553,0,3,0,2556,A
1-PB2,1299,3,2,2588,0,2593,G
1-PB2,1300,0,0,0,2592,2592,C
1-PB2,1301,0,2589,0,3,2592,T
1-PB2,1302,0,2583,0,11,2594,T
1-PB2,1303,0,2591,0,2,2593,T
1-PB2,1304,0,2591,0,1,2592,T
1-PB2,1305,2587,0,4,0,2591,A
1-PB2,1306,2581,1,7,0,2589,A
1-PB2,1307,0,0,2590,0,2590,G
1-PB2,1308,1,2,2564,0,2567,G
1-PB2,1309,1,0,0,2545,2546,C
1-PB2,1310,2541,1,1,0,2543,A
1-PB2,1311,0,2541,0,0,2541,T
1-PB2,1312,0,2547,0,0,2547,T
1-PB2,1313,1,2552,0,2,2555,T
1-PB2,1314,1,2557,1,2,2561,T
1-PB2,1315,4,0,0,2560,2564,C
1-PB2,1316,2559,0,4,0,2563,A
1-PB2,1317,1,3,2555,0,2559,G
1-PB2,1318,2558,0,4,0,2562,A
1-PB2,1319,2554,0,1,0,2555,A
1-PB2,1320,2552,0,3,0,2555,A
1-PB2,1321,1,2,2555,0,2558,G
1-PB2,1322,2576,0,3,0,2579,A
1-PB2,1323,0,2577,0,1,2578,T
1-PB2,1324,2,1,2568,0,2571,G
1-PB2,1325,1,1,0,2583,2585,C
1-PB2,1326,2,1,2583,0,2586,G
1-PB2,1327,2575,0,5,0,2580,A
1-PB2,1328,2578,0,0,1,2579,A
1-PB2,1329,2571,1,2,0,2574,A
1-PB2,1330,0,1,2576,0,2577,G
1-PB2,1331,0,2553,0,8,2561,T
1-PB2,1332,3,2,2550,0,2555,G
1-PB2,1333,0,0,0,2555,2555,C
1-PB2,1334,1,2545,0,5,2551,T
1-PB2,1335,0,2545,0,0,2545,T
1-PB2,1336,0,2545,0,0,2545,T
1-PB2,1337,2,2553,1,0,2556,T
1-PB2,1338,0,2546,0,1,2547,T
1-PB2,1339,1,0,1,2547,2549,C
1-PB2,1340,2553,0,2,0,2555,A
1-PB2,1341,2563,0,0,0,2563,A
1-PB2,1342,2550,1,1,1,2553,A
1-PB2,1343,2564,1,0,1,2566,A
1-PB2,1344,0,2558,0,1,2559,T
1-PB2,1345,0,2558,0,2,2560,T
1-PB2,1346,0,4,2563,0,2567,G
1-PB2,1347,1,8,2550,0,2559,G
1-PB2,1348,1,4,2557,0,2562,G
1-PB2,1349,0,2,2595,1,2598,G
1-PB2,1350,2578,0,3,0,2581,A
1-PB2,1351,1,0,2635,0,2636,G
1-PB2,1352,0,2628,0,3,2631,T
1-PB2,1353,1,2627,0,0,2628,T
1-PB2,1354,0,11,2638,0,2649,G
1-PB2,1355,2642,0,4,0,2646,A
1-PB2,1356,2647,0,5,0,2652,A
1-PB2,1357,1,22,0,2693,2716,C
1-PB2,1358,2688,0,1,0,2689,A
1-PB2,1359,0,1,0,2732,2733,C
1-PB2,1360,2680,1,2,0,2683,A
1-PB2,1361,1,2686,0,2,2689,T
1-PB2,1362,1,0,1,2688,2690,C
1-PB2,1363,1,2,2687,0,2690,G
1-PB2,1364,2703,0,3,0,2706,A
1-PB2,1365,1,3,0,2690,2694,C
1-PB2,1366,2603,0,2,0,2605,A
1-PB2,1367,0,1,2684,0,2685,G
1-PB2,1368,0,2633,0,2,2635,T
1-PB2,1369,0,0,2657,0,2657,G
1-PB2,1370,0,2646,0,0,2646,T
1-PB2,1371,0,3,2648,0,2651,G
1-PB2,1372,2648,0,2,0,2650,A
1-PB2,1373,0,2639,0,1,2640,T
1-PB2,1374,1,6,2634,1,2642,G
1-PB2,1375,2,1,2636,0,2639,G
1-PB2,1376,0,3,2590,0,2593,G
1-PB2,1377,2564,1,1,0,2566,A
1-PB2,1378,2536,1,2,0,2539,A
1-PB2,1379,0,2543,1,1,2545,T
1-PB2,1380,0,4,2576,0,2580,G
1-PB2,1381,2580,0,2,0,2582,A
1-PB2,1382,0,2571,0,2,2573,T
1-PB2,1383,1,2558,1,0,2560,T
1-PB2,1384,0,2,2545,1,2548,G
1-PB2,1385,0,6,2598,0,2604,G
1-PB2,1386,2579,2,7,0,2588,A
1-PB2,1387,0,0,2615,0,2615,G
1-PB2,1388,0,2587,0,0,2587,T
1-PB2,1389,2581,1,0,0,2582,A
1-PB2,1390,0,2576,2,1,2579,T
1-PB2,1391,0,2597,1,1,2599,T
1-PB2,1392,2628,0,4,0,2632,A
1-PB2,1393,2,2,0,2631,2635,C
1-PB2,1394,0,2,0,2590,2592,C
1-PB2,1395,2555,1,2,1,2559,A
1-PB2,1396,0,0,2568,0,2568,G
1-PB2,1397,2592,0,1,1,2594,A
1-PB2,1398,0,2572,1,3,2576,T
1-PB2,1399,2556,0,1,0,2557,A
1-PB2,1400,0,2535,0,2,2537,T
1-PB2,1401,2,6,2521,0,2529,G
1-PB2,1402,2533,0,5,0,2538,A
1-PB2,1403,0,1,0,2558,2559,C
1-PB2,1404,0,2544,0,2,2546,T
1-PB2,1405,3,1,0,2528,2532,C
1-PB2,1406,2,0,0,2500,2502,C
1-PB2,1407,2513,0,4,0,2517,A
1-PB2,1408,2522,0,5,0,2527,A
1-PB2,1409,1,0,2588,0,2589,G
1-PB2,1410,2,0,0,2576,2578,C
1-PB2,1411,2563,0,3,0,2566,A
1-PB2,1412,1,0,0,2566,2567,C
1-PB2,1413,2538,0,1,0,2539,A
1-PB2,1414,0,4,2550,0,2554,G
1-PB2,1415,2538,0,1,1,2540,A
1-PB2,1416,0,2,2559,0,2561,G
1-PB2,1417,2559,2,1,0,2562,A
1-PB2,1418,0,2461,0,7,2468,T
1-PB2,1419,1,1,2498,0,2500,G
1-PB2,1420,1,2492,0,4,2497,T
1-PB2,1421,8,0,0,2473,2481,C
1-PB2,1422,2493,0,1,0,2494,A
1-PB2,1423,2489,0,0,0,2489,A
1-PB2,1424,0,2484,0,1,2485,T
1-PB2,1425,0,4,2478,0,2482,G
1-PB2,1426,2434,0,11,0,2445,A
1-PB2,1427,0,4,2450,0,2454,G
1-PB2,1428,2418,0,5,0,2423,A
1-PB2,1429,2,2,2434,0,2438,G
1-PB2,1430,0,3,2557,0,2560,G
1-PB2,1431,2556,0,2,0,2558,A
1-PB2,1432,2570,0,0,0,2570,A
1-PB2,1433,0,2564,0,1,2565,T
1-PB2,1434,2566,1,1,1,2569,A
1-PB2,1435,2559,0,2,0,2561,A
1-PB2,1436,0,1,2552,0,2553,G
1-PB2,1437,2527,1,10,0,2538,A
1-PB2,1438,0,2,2543,1,2546,G
1-PB2,1439,0,2400,0,4,2404,T
1-PB2,1440,3,0,0,2409,2412,C
1-PB2,1441,2409,0,3,0,2412,A
1-PB2,1442,0,0,2429,0,2429,G
1-PB2,1443,0,1,0,2430,2431,C
1-PB2,1444,2422,1,0,0,2423,A
1-PB2,1445,2424,0,1,0,2425,A
1-PB2,1446,2427,0,0,0,2427,A
1-PB2,1447,2421,1,3,0,2425,A
1-PB2,1448,0,2415,1,2,2418,T
1-PB2,1449,1,8,2414,0,2423,G
1-PB2,1450,1,2,2420,0,2423,G
1-PB2,1451,0,3,2431,1,2435,G
1-PB2,1452,0,2398,0,3,2401,T
1-PB2,1453,1,1,2404,0,2406,G
1-PB2,1454,0,2389,0,11,2400,T
1-PB2,1455,0,1,2411,0,2412,G
1-PB2,1456,1,0,2434,0,2435,G
1-PB2,1457,2429,0,1,0,2430,A
1-PB2,1458,2,2417,0,2,2421,T
1-PB2,1459,1,3,2440,0,2444,G
1-PB2,1460,2425,0,5,0,2430,A
1-PB2,1461,2449,0,1,0,2450,A
1-PB2,1462,0,2447,0,0,2447,T
1-PB2,1463,2444,0,1,0,2445,A
1-PB2,1464,0,0,0,2624,2624,C
1-PB2,1465,1,2556,0,3,2560,T
1-PB2,1466,4,0,0,2596,2600,C
1-PB2,1467,0,3,0,2595,2598,C
1-PB2,1468,2587,0,2,0,2589,A
1-PB2,1469,0,0,2662,0,2662,G
1-PB2,1470,0,2649,0,1,2650,T
1-PB2,1471,2669,0,2,0,2671,A
1-PB2,1472,0,1,0,2677,2678,C
1-PB2,1473,2396,0,2,0,2398,A
1-PB2,1474,1,4,2402,0,2407,G
1-PB2,1475,2324,0,8,0,2332,A
1-PB2,1476,0,0,2341,0,2341,G
1-PB2,1477,2277,1,6,0,2284,A
1-PB2,1478,0,4,2204,0,2208,G
1-PB2,1479,3,3,2189,1,2196,G
1-PB2,1480,1,1,2188,0,2190,G
1-PB2,1481,2,2165,0,3,2170,T
1-PB2,1482,0,2,2171,0,2173,G
1-PB2,1483,1,0,2169,0,2170,G
1-PB2,1484,0,2156,0,0,2156,T
1-PB2,1485,0,1,2221,0,2222,G
1-PB2,1486,0,1,2220,1,2222,G
1-PB2,1487,0,2175,0,0,2175,T
1-PB2,1488,0,2174,0,2,2176,T
1-PB2,1489,2146,1,7,1,2155,A
1-PB2,1490,0,0,2163,0,2163,G
1-PB2,1491,0,0,0,2151,2151,C
1-PB2,1492,2147,0,0,0,2147,A
1-PB2,1493,0,2144,0,1,2145,T
1-PB2,1494,0,2008,0,1,2009,T
1-PB2,1495,1,1,2016,0,2018,G
1-PB2,1496,2007,1,0,4,2012,A
1-PB2,1497,1,2017,0,0,2018,T
1-PB2,1498,3,0,0,2016,2019,C
1-PB2,1499,3,2,1987,0,1992,G
1-PB2,1500,48,0,1984,0,2032,G
1-PB2,1501,0,2023,0,1,2024,T
1-PB2,1502,0,2026,0,3,2029,T
1-PB2,1503,0,2028,0,2,2030,T
1-PB2,1504,0,2022,0,2,2024,T
1-PB2,1505,0,2026,1,0,2027,T
1-PB2,1506,1,0,2030,0,2031,G
1-PB2,1507,2020,1,4,0,2025,A
1-PB2,1508,0,5,2022,0,2027,G
1-PB2,1509,1932,0,2,0,1934,A
1-PB2,1510,2,1,1948,0,1951,G
1-PB2,1511,0,1949,0,5,1954,T
1-PB2,1512,1,1950,0,2,1953,T
1-PB2,1513,3,0,0,1953,1956,C
1-PB2,1514,0,2,1951,0,1953,G
1-PB2,1515,1949,0,5,0,1954,A
1-PB2,1516,0,2,1954,0,1956,G
1-PB2,1517,1955,0,4,0,1959,A
1-PB2,1518,0,1,0,1950,1951,C
1-PB2,1519,3,2,0,1932,1937,C
1-PB2,1520,1914,0,2,0,1916,A
1-PB2,1521,1930,0,1,0,1931,A
1-PB2,1522,3,1,0,1930,1934,C
1-PB2,1523,2,0,1934,0,1936,G
1-PB2,1524,0,1921,0,1,1922,T
1-PB2,1525,1,6,1915,0,1922,G
1-PB2,1526,1,3,1922,0,1926,G
1-PB2,1527,3,2,1920,0,1925,G
1-PB2,1528,1908,0,3,1,1912,A
1-PB2,1529,1916,0,1,0,1917,A
1-PB2,1530,1,1843,0,6,1850,T
1-PB2,1531,0,2,1901,0,1903,G
1-PB2,1532,0,1888,0,1,1889,T
1-PB2,1533,1892,1,1,0,1894,A
1-PB2,1534,0,1881,0,3,1884,T
1-PB2,1535,0,1858,0,0,1858,T
1-PB2,1536,1869,1,0,0,1870,A
1-PB2,1537,0,1860,0,1,1861,T
1-PB2,1538,0,1837,1,1,1839,T
1-PB2,1539,1834,0,1,0,1835,A
1-PB2,1540,1,1615,0,2,1618,T
1-PB2,1541,0,0,0,1687,1687,C
1-PB2,1542,1,1653,0,11,1665,T
1-PB2,1543,2,1,0,1672,1675,C
1-PB2,1544,2,0,0,1675,1677,C
1-PB2,1545,1,1636,0,1,1638,T
1-PB2,1546,0,0,1644,0,1644,G
1-PB2,1547,1632,0,2,0,1634,A
1-PB2,1548,1,0,1638,0,1639,G
1-PB2,1549,1,1,1641,0,1643,G
1-PB2,1550,1429,0,1,0,1430,A
1-PB2,1551,0,2,1439,0,1441,G
1-PB2,1552,0,0,1430,0,1430,G
1-PB2,1553,0,1384,0,1,1385,T
1-PB2,1554,2,0,0,1386,1388,C
1-PB2,1555,1357,0,2,0,1359,A
1-PB2,1556,2,0,1372,0,1374,G
1-PB2,1557,0,1361,0,2,1363,T
1-PB2,1558,0,1,1359,0,1360,G
1-PB2,1559,1360,0,2,0,1362,A
1-PB2,1560,1286,0,3,0,1289,A
1-PB2,1561,1297,0,4,0,1301,A
1-PB2,1562,0,0,0,1298,1298,C
1-PB2,1563,1283,0,2,0,1285,A
1-PB2,1564,0,0,0,1285,1285,C
1-PB2,1565,1229,1,0,0,1230,A
1-PB2,1566,1,1,1236,0,1238,G
1-PB2,1567,0,1,1234,0,1235,G
1-PB2,1568,1,4,1231,0,1236,G
1-PB2,1569,1233,0,0,0,1233,A
1-PB2,1570,1215,0,3,0,1218,A
1-PB2,1571,6,1,0,1225,1232,C
1-PB2,1572,0,1219,0,0,1219,T
1-PB2,1573,0,2,1217,0,1219,G
1-PB2,1574,1210,2,0,0,1212,A
1-PB2,1575,0,0,1208,0,1208,G
1-PB2,1576,1181,0,2,0,1183,A
1-PB2,1577,0,3,1100,0,1103,G
1-PB2,1578,1090,1,5,0,1096,A
1-PB2,1579,1,0,0,1092,1093,C
1-PB2,1580,1,1048,0,1,1050,T
1-PB2,1581,1,2,1064,0,1067,G
1-PB2,1582,1067,0,0,0,1067,A
1-PB2,1583,0,0,0,1069,1069,C
1-PB2,1584,1058,1,0,0,1059,A
1-PB2,1585,1061,0,0,0,1061,A
1-PB2,1586,0,1054,0,0,1054,T
1-PB2,1587,1062,0,0,0,1062,A
1-PB2,1588,1062,0,1,0,1063,A
1-PB2,1589,0,0,0,1067,1067,C
1-PB2,1590,0,991,0,1,992,T
1-PB2,1591,0,976,0,0,976,T
1-PB2,1592,960,0,0,0,960,A
1-PB2,1593,0,956,0,1,957,T
1-PB2,1594,0,949,0,1,950,T
1-PB2,1595,2,1,0,941,944,C
1-PB2,1596,876,0,3,0,879,A
1-PB2,1597,0,880,0,1,881,T
1-PB2,1598,0,0,0,841,841,C
1-PB2,1599,1,0,841,0,842,G
1-PB2,1600,0,845,0,1,846,T
1-PB2,1601,1,1,0,830,832,C
1-PB2,1602,0,1,835,0,836,G
1-PB2,1603,836,0,0,0,836,A
1-PB2,1604,0,834,0,0,834,T
1-PB2,1605,0,1,831,0,832,G
1-PB2,1606,836,0,0,0,836,A
1-PB2,1607,0,835,0,0,835,T
1-PB2,1608,0,2,835,0,837,G
1-PB2,1609,1,797,0,1,799,T
1-PB2,1610,2,0,793,0,795,G
1-PB2,1611,0,2,789,1,792,G
1-PB2,1612,0,0,792,0,792,G
1-PB2,1613,770,0,2,0,772,A
1-PB2,1614,0,0,772,0,772,G
1-PB2,1615,711,0,1,0,712,A
1-PB2,1616,0,694,0,0,694,T
1-PB2,1617,0,675,0,0,675,T
1-PB2,1618,671,0,0,0,671,A
1-PB2,1619,667,1,1,1,670,A
1-PB2,1620,0,2,0,658,660,C
1-PB2,1621,0,0,607,0,607,G
1-PB2,1622,0,0,609,0,609,G
1-PB2,1623,0,537,0,0,537,T
1-PB2,1624,1,0,0,528,529,C
1-PB2,1625,0,0,0,530,530,C
1-PB2,1626,0,507,0,1,508,T
1-PB2,1627,0,0,511,0,511,G
1-PB2,1628,511,0,0,0,511,A
1-PB2,1629,0,0,511,0,511,G
1-PB2,1630,0,509,0,0,509,T
1-PB2,1631,1,0,0,488,489,C
1-PB2,1632,0,0,487,0,487,G
1-PB2,1633,0,0,497,0,497,G
1-PB2,1634,1,494,0,2,497,T
1-PB2,1635,0,498,0,0,498,T
1-PB2,1636,0,496,0,0,496,T
1-PB2,1637,0,495,0,1,496,T
1-PB2,1638,0,1,507,0,508,G
1-PB2,1639,1,0,510,0,511,G
1-PB2,1640,0,513,0,0,513,T
1-PB2,1641,3,0,0,510,513,C
1-PB2,1642,505,0,1,0,506,A
1-PB2,1643,525,0,0,0,525,A
1-PB2,1644,0,526,0,0,526,T
1-PB2,1645,526,0,0,0,526,A
1-PB2,1646,0,0,0,536,536,C
1-PB2,1647,0,1,0,513,514,C
1-PB2,1648,0,509,0,0,509,T
1-PB2,1649,513,0,0,0,513,A
1-PB2,1650,0,512,0,0,512,T
1-PB2,1651,0,0,0,514,514,C
1-PB2,1652,501,0,0,0,501,A
1-PB2,1653,501,0,0,0,501,A
1-PB2,1654,0,499,0,0,499,T
1-PB2,1655,0,2,482,0,484,G
1-PB2,1656,1,0,489,0,490,G
1-PB2,1657,486,0,2,0,488,A
1-PB2,1658,0,472,0,0,472,T
1-PB2,1659,0,0,0,464,464,C
1-PB2,1660,466,0,0,0,466,A
1-PB2,1661,1,464,0,0,465,T
1-PB2,1662,0,0,0,466,466,C
1-PB2,1663,465,0,0,0,465,A
1-PB2,1664,0,0,464,0,464,G
1-PB2,1665,463,0,0,0,463,A
1-PB2,1666,463,1,1,0,465,A
1-PB2,1667,464,0,0,0,464,A
1-PB2,1668,0,464,0,0,464,T
1-PB2,1669,0,464,0,0,464,T
1-PB2,1670,0,2,460,0,462,G
1-PB2,1671,0,0,462,0,462,G
1-PB2,1672,0,0,463,0,463,G
1-PB2,1673,462,0,0,0,462,A
1-PB2,1674,462,0,0,0,462,A
1-PB2,1675,1,0,460,0,461,G
1-PB2,1676,0,0,0,458,458,C
1-PB2,1677,0,457,0,0,457,T
1-PB2,1678,0,0,464,0,464,G
1-PB2,1679,0,464,1,0,465,T
1-PB2,1680,0,0,0,464,464,C
1-PB2,1681,465,0,0,0,465,A
1-PB2,1682,464,0,0,0,464,A
1-PB2,1683,464,0,0,0,464,A
1-PB2,1684,472,0,0,0,472,A
1-PB2,1685,0,470,0,0,470,T
1-PB2,1686,0,469,0,1,470,T
1-PB2,1687,0,0,0,469,469,C
1-PB2,1688,463,0,0,0,463,A
1-PB2,1689,465,0,0,0,465,A
1-PB2,1690,0,465,0,0,465,T
1-PB2,1691,0,2,462,0,464,G
1-PB2,1692,0,2,464,0,466,G
1-PB2,1693,0,474,0,0,474,T
1-PB2,1694,0,11,0,460,471,C
1-PB2,1695,0,475,0,0,475,T
1-PB2,1696,0,0,0,474,474,C
1-PB2,1697,478,0,1,0,479,A
1-PB2,1698,0,0,482,0,482,G
1-PB2,1699,480,0,0,0,480,A
1-PB2,1700,480,0,1,0,481,A
1-PB2,1701,0,473,0,1,474,T
1-PB2,1702,0,0,0,457,457,C
1-PB2,1703,1,1,0,466,468,C
1-PB2,1704,0,466,0,0,466,T
1-PB2,1705,0,0,468,0,468,G
1-PB2,1706,0,0,0,470,470,C
1-PB2,1707,465,0,0,0,465,A
1-PB2,1708,468,0,1,0,469,A
1-PB2,1709,0,467,0,0,467,T
1-PB2,1710,0,0,475,0,475,G
1-PB2,1711,0,471,0,1,472,T
1-PB2,1712,0,456,0,0,456,T
1-PB2,1713,0,0,468,0,468,G
1-PB2,1714,0,465,0,0,465,T
1-PB2,1715,463,0,0,0,463,A
1-PB2,1716,1,0,0,465,466,C
1-PB2,1717,460,0,0,0,460,A
1-PB2,1718,463,0,1,0,464,A
1-PB2,1719,1,0,0,455,456,C
1-PB2,1720,444,0,0,0,444,A
1-PB2,1721,445,0,0,0,445,A
1-PB2,1722,439,0,0,0,439,A
1-PB2,1723,441,0,0,0,441,A
1-PB2,1724,0,441,0,0,441,T
1-PB2,1725,0,0,439,0,439,G
1-PB2,1726,0,2,440,0,442,G
1-PB2,1727,445,0,0,0,445,A
1-PB2,1728,444,0,0,0,444,A
1-PB2,1729,0,442,0,0,442,T
1-PB2,1730,0,438,0,0,438,T
1-PB2,1731,0,442,0,0,442,T
1-PB2,1732,0,1,437,1,439,G
1-PB2,1733,443,0,0,1,444,A
1-PB2,1734,444,0,1,0,445,A
1-PB2,1735,0,0,0,442,442,C
1-PB2,1736,0,0,0,439,439,C
1-PB2,1737,441,0,0,0,441,A
1-PB2,1738,0,448,0,0,448,T
1-PB2,1739,1,446,0,0,447,T
1-PB2,1740,0,449,0,0,449,T
1-PB2,1741,0,0,0,448,448,C
1-PB2,1742,448,0,0,0,448,A
1-PB2,1743,446,0,0,0,446,A
1-PB2,1744,0,446,0,1,447,T
1-PB2,1745,0,0,0,453,453,C
1-PB2,1746,0,447,0,0,447,T
1-PB2,1747,0,452,0,0,452,T
1-PB2,1748,0,453,0,0,453,T
1-PB2,1749,453,0,0,0,453,A
1-PB2,1750,0,0,456,0,456,G
1-PB2,1751,0,455,0,1,456,T
1-PB2,1752,1,0,0,465,466,C
1-PB2,1753,0,0,0,467,467,C
1-PB2,1754,3,0,0,462,465,C
1-PB2,1755,1,0,0,463,464,C
1-PB2,1756,464,0,0,0,464,A
1-PB2,1757,462,0,0,0,462,A
1-PB2,1758,0,0,470,0,470,G
1-PB2,1759,0,0,466,0,466,G
1-PB2,1760,1,0,0,466,467,C
1-PB2,1761,1,0,0,461,462,C
1-PB2,1762,461,1,0,0,462,A
1-PB2,1763,0,470,0,0,470,T
1-PB2,1764,0,471,0,0,471,T
1-PB2,1765,470,0,0,0,470,A
1-PB2,1766,0,0,466,0,466,G
1-PB2,1767,459,0,0,0,459,A
1-PB2,1768,478,0,0,0,478,A
1-PB2,1769,0,0,483,0,483,G
1-PB2,1770,0,0,0,487,487,C
1-PB2,1771,0,0,0,488,488,C
1-PB2,1772,479,0,0,0,479,A
1-PB2,1773,483,1,0,0,484,A
1-PB2,1774,0,486,0,0,486,T
1-PB2,1775,489,0,0,0,489,A
1-PB2,1776,0,0,1,489,490,C
1-PB2,1777,452,0,0,0,452,A
1-PB2,1778,0,0,453,0,453,G
1-PB2,1779,0,443,0,0,443,T
1-PB2,1780,0,1,444,0,445,G
1-PB2,1781,0,1,441,0,442,G
1-PB2,1782,0,0,443,0,443,G
1-PB2,1783,0,442,0,0,442,T
1-PB2,1784,0,435,0,0,435,T
1-PB2,1785,0,437,0,0,437,T
1-PB2,1786,0,0,440,0,440,G
1-PB2,1787,0,439,0,0,439,T
1-PB2,1788,1,0,0,438,439,C
1-PB2,1789,431,0,0,0,431,A
1-PB2,1790,0,2,430,0,432,G
1-PB2,1791,431,0,0,0,431,A
1-PB2,1792,428,0,1,0,429,A
1-PB2,1793,0,0,0,429,429,C
1-PB2,1794,0,413,0,1,414,T
1-PB2,1795,0,0,0,437,437,C
1-PB2,1796,0,438,0,0,438,T
1-PB2,1797,439,0,0,1,440,A
1-PB2,1798,0,440,0,0,440,T
1-PB2,1799,0,439,0,0,439,T
1-PB2,1800,0,0,0,438,438,C
1-PB2,1801,1,0,0,435,436,C
1-PB2,1802,434,0,0,0,434,A
1-PB2,1803,437,0,0,1,438,A
1-PB2,1804,0,0,0,439,439,C
1-PB2,1805,438,0,0,0,438,A
1-PB2,1806,439,0,1,0,440,A
1-PB2,1807,440,0,0,0,440,A
1-PB2,1808,0,444,0,0,444,T
1-PB2,1809,0,0,443,0,443,G
1-PB2,1810,442,0,1,0,443,A
1-PB2,1811,0,1,447,0,448,G
1-PB2,1812,449,0,2,0,451,A
1-PB2,1813,0,1,452,0,453,G
1-PB2,1814,455,0,0,0,455,A
1-PB2,1815,0,0,0,449,449,C
1-PB2,1816,0,0,453,0,453,G
1-PB2,1817,0,454,0,0,454,T
1-PB2,1818,458,0,0,0,458,A
1-PB2,1819,0,0,0,459,459,C
1-PB2,1820,0,457,0,0,457,T
1-PB2,1821,0,457,0,0,457,T
1-PB2,1822,0,1,455,0,456,G
1-PB2,1823,0,0,457,1,458,G
1-PB2,1824,4,0,454,0,458,G
1-PB2,1825,446,0,4,0,450,A
1-PB2,1826,0,0,0,451,451,C
1-PB2,1827,458,0,0,0,458,A
1-PB2,1828,0,462,0,0,462,T
1-PB2,1829,0,462,0,1,463,T
1-PB2,1830,0,462,0,0,462,T
1-PB2,1831,0,0,461,0,461,G
1-PB2,1832,463,0,1,0,464,A
1-PB2,1833,0,0,0,464,464,C
1-PB2,1834,460,0,1,0,461,A
1-PB2,1835,0,0,0,468,468,C
1-PB2,1836,1,0,0,450,451,C
1-PB2,1837,453,0,0,0,453,A
1-PB2,1838,1,1,0,452,454,C
1-PB2,1839,0,0,0,456,456,C
1-PB2,1840,3,0,0,452,455,C
1-PB2,1841,454,0,1,0,455,A
1-PB2,1842,0,0,463,0,463,G
1-PB2,1843,463,0,2,0,465,A
1-PB2,1844,0,486,0,0,486,T
1-PB2,1845,481,0,0,0,481,A
1-PB2,1846,474,0,3,0,477,A
1-PB2,1847,0,476,0,0,476,T
1-PB2,1848,475,0,0,0,475,A
1-PB2,1849,473,0,0,0,473,A
1-PB2,1850,473,0,0,0,473,A
1-PB2,1851,1,0,475,0,476,G
1-PB2,1852,0,0,0,483,483,C
1-PB2,1853,0,472,0,1,473,T
1-PB2,1854,0,470,0,0,470,T
1-PB2,1855,1,0,0,469,470,C
1-PB2,1856,0,467,0,1,468,T
1-PB2,1857,0,0,0,477,477,C
1-PB2,1858,1,0,0,476,477,C
1-PB2,1859,1,0,0,472,473,C
1-PB2,1860,0,0,0,462,462,C
1-PB2,1861,0,472,0,1,473,T
1-PB2,1862,0,474,0,0,474,T
1-PB2,1863,0,475,0,0,475,T
1-PB2,1864,0,0,475,0,475,G
1-PB2,1865,0,0,0,475,475,C
1-PB2,1866,469,0,0,0,469,A
1-PB2,1867,0,0,471,0,471,G
1-PB2,1868,0,0,0,472,472,C
1-PB2,1869,0,469,0,0,469,T
1-PB2,1870,0,0,471,0,471,G
1-PB2,1871,0,0,0,470,470,C
1-PB2,1872,0,470,0,1,471,T
1-PB2,1873,2,0,0,471,473,C
1-PB2,1874,0,0,0,479,479,C
1-PB2,1875,478,1,0,1,480,A
1-PB2,1876,1,0,0,479,480,C
1-PB2,1877,0,0,0,478,478,C
1-PB2,1878,475,0,0,0,475,A
1-PB2,1879,473,0,1,1,475,A
1-PB2,1880,475,0,0,0,475,A
1-PB2,1881,0,0,475,0,475,G
1-PB2,1882,0,0,0,474,474,C
1-PB2,1883,466,1,0,0,467,A
1-PB2,1884,467,0,0,0,467,A
1-PB2,1885,465,0,0,0,465,A
1-PB2,1886,0,0,472,0,472,G
1-PB2,1887,0,0,0,472,472,C
1-PB2,1888,471,0,0,0,471,A
1-PB2,1889,0,0,472,0,472,G
1-PB2,1890,470,0,0,0,470,A
1-PB2,1891,477,0,0,0,477,A
1-PB2,1892,1,476,0,0,477,T
1-PB2,1893,0,0,477,0,477,G
1-PB2,1894,0,0,0,477,477,C
1-PB2,1895,465,0,0,0,465,A
1-PB2,1896,0,0,473,0,473,G
1-PB2,1897,0,472,0,1,473,T
1-PB2,1898,0,484,0,0,484,T
1-PB2,1899,4,0,0,479,483,C
1-PB2,1900,0,472,0,0,472,T
1-PB2,1901,0,0,0,478,478,C
1-PB2,1902,0,475,0,1,476,T
1-PB2,1903,0,476,0,1,477,T
1-PB2,1904,1,2,0,476,479,C
1-PB2,1905,472,0,0,0,472,A
1-PB2,1906,0,0,0,471,471,C
1-PB2,1907,0,456,0,0,456,T
1-PB2,1908,0,0,464,0,464,G
1-PB2,1909,459,0,0,0,459,A
1-PB2,1910,0,0,0,471,471,C
1-PB2,1911,0,463,0,0,463,T
1-PB2,1912,0,0,465,0,465,G
1-PB2,1913,0,462,0,1,463,T
1-PB2,1914,0,1,464,0,465,G
1-PB2,1915,463,0,0,0,463,A
1-PB2,1916,472,1,0,0,473,A
1-PB2,1917,0,468,0,0,468,T
1-PB2,1918,0,0,470,0,470,G
1-PB2,1919,1,450,0,0,451,T
1-PB2,1920,439,0,0,0,439,A
1-PB2,1921,439,0,1,0,440,A
1-PB2,1922,0,0,443,0,443,G
1-PB2,1923,0,1,446,0,447,G
1-PB2,1924,0,0,443,0,443,G
1-PB2,1925,0,0,444,0,444,G
1-PB2,1926,441,0,1,0,442,A
1-PB2,1927,0,442,0,0,442,T
1-PB2,1928,1,0,0,442,443,C
1-PB2,1929,441,0,0,0,441,A
1-PB2,1930,0,1,452,0,453,G
1-PB2,1931,0,0,455,0,455,G
1-PB2,1932,1,0,454,0,455,G
1-PB2,1933,453,0,0,1,454,A
1-PB2,1934,0,443,0,0,443,T
1-PB2,1935,0,1,447,0,448,G
1-PB2,1936,444,0,2,0,446,A
1-PB2,1937,0,1,456,0,457,G
1-PB2,1938,452,0,1,0,453,A
1-PB2,1939,450,0,0,0,450,A
1-PB2,1940,0,449,0,2,451,T
1-PB2,1941,450,0,1,0,451,A
1-PB2,1942,0,0,0,453,453,C
1-PB2,1943,0,453,0,0,453,T
1-PB2,1944,0,451,0,0,451,T
1-PB2,1945,0,1,452,0,453,G
1-PB2,1946,0,438,0,2,440,T
1-PB2,1947,439,0,1,0,440,A
1-PB2,1948,435,0,1,0,436,A
1-PB2,1949,1,2,423,0,426,G
1-PB2,1950,0,0,425,0,425,G
1-PB2,1951,0,0,418,0,418,G
1-PB2,1952,0,0,412,0,412,G
1-PB2,1953,0,0,0,420,420,C
1-PB2,1954,417,0,0,0,417,A
1-PB2,1955,421,0,0,0,421,A
1-PB2,1956,0,423,0,0,423,T
1-PB2,1957,0,421,0,0,421,T
1-PB2,1958,1,0,0,427,428,C
1-PB2,1959,0,418,0,0,418,T
1-PB2,1960,0,0,0,420,420,C
1-PB2,1961,0,0,0,419,419,C
1-PB2,1962,0,416,0,2,418,T
1-PB2,1963,0,1,425,0,426,G
1-PB2,1964,0,412,0,1,413,T
1-PB2,1965,417,0,0,0,417,A
1-PB2,1966,0,419,0,0,419,T
1-PB2,1967,1,411,0,1,413,T
1-PB2,1968,0,0,0,417,417,C
1-PB2,1969,413,0,0,0,413,A
1-PB2,1970,420,0,0,0,420,A
1-PB2,1971,0,0,0,420,420,C
1-PB2,1972,0,412,0,0,412,T
1-PB2,1973,411,0,0,0,411,A
1-PB2,1974,0,0,0,425,425,C
1-PB2,1975,425,0,1,0,426,A
1-PB2,1976,426,0,0,0,426,A
1-PB2,1977,0,0,0,424,424,C
1-PB2,1978,418,0,0,0,418,A
1-PB2,1979,417,0,0,0,417,A
1-PB2,1980,0,1,417,0,418,G
1-PB2,1981,417,0,0,0,417,A
1-PB2,1982,0,0,0,423,423,C
1-PB2,1983,1,0,0,418,419,C
1-PB2,1984,417,0,0,0,417,A
1-PB2,1985,0,0,0,428,428,C
1-PB2,1986,0,428,0,0,428,T
1-PB2,1987,429,0,0,0,429,A
1-PB2,1988,427,0,0,1,428,A
1-PB2,1989,428,0,0,0,428,A
1-PB2,1990,428,0,0,0,428,A
1-PB2,1991,0,1,435,0,436,G
1-PB2,1992,429,0,1,0,430,A
1-PB2,1993,1,0,0,431,432,C
1-PB2,1994,0,421,0,1,422,T
1-PB2,1995,422,0,1,0,423,A
1-PB2,1996,423,0,0,0,423,A
1-PB2,1997,0,0,0,423,423,C
1-PB2,1998,421,0,0,0,421,A
1-PB2,1999,420,0,0,0,420,A
1-PB2,2000,0,414,0,0,414,T
1-PB2,2001,0,409,0,0,409,T
1-PB2,2002,0,0,0,412,412,C
1-PB2,2003,0,410,0,0,410,T
1-PB2,2004,0,0,0,413,413,C
1-PB2,2005,0,1,412,0,413,G
1-PB2,2006,0,0,413,0,413,G
1-PB2,2007,414,0,0,0,414,A
1-PB2,2008,411,0,0,0,411,A
1-PB2,2009,413,0,0,0,413,A
1-PB2,2010,410,0,1,0,411,A
1-PB2,2011,0,1,412,1,414,G
1-PB2,2012,413,0,0,0,413,A
1-PB2,2013,0,411,1,0,412,T
1-PB2,2014,0,0,413,0,413,G
1-PB2,2015,0,0,0,411,411,C
1-PB2,2016,0,0,0,412,412,C
1-PB2,2017,0,0,412,0,412,G
1-PB2,2018,0,0,413,0,413,G
1-PB2,2019,0,0,0,411,411,C
1-PB2,2020,412,1,0,0,413,A
1-PB2,2021,0,0,0,426,426,C
1-PB2,2022,0,424,0,2,426,T
1-PB2,2023,0,423,0,2,425,T
1-PB2,2024,0,428,0,0,428,T
1-PB2,2025,427,0,1,0,428,A
1-PB2,2026,430,0,0,0,430,A
1-PB2,2027,0,428,0,0,428,T
1-PB2,2028,0,426,1,0,427,T
1-PB2,2029,0,0,423,0,423,G
1-PB2,2030,414,0,1,0,415,A
1-PB2,2031,414,0,0,0,414,A
1-PB2,2032,0,0,415,0,415,G
1-PB2,2033,418,0,1,0,419,A
1-PB2,2034,0,0,0,418,418,C
1-PB2,2035,0,0,0,417,417,C
1-PB2,2036,1,0,0,419,420,C
1-PB2,2037,420,0,0,0,420,A
1-PB2,2038,0,1,427,0,428,G
1-PB2,2039,429,0,0,0,429,A
1-PB2,2040,0,427,0,0,427,T
1-PB2,2041,0,0,426,0,426,G
1-PB2,2042,410,0,1,0,411,A
1-PB2,2043,408,1,0,0,409,A
1-PB2,2044,408,0,4,0,412,A
1-PB2,2045,0,0,411,0,411,G
1-PB2,2046,2,0,0,407,409,C
1-PB2,2047,407,0,0,0,407,A
1-PB2,2048,1,0,0,409,410,C
1-PB2,2049,406,0,1,0,407,A
1-PB2,2050,1,407,0,0,408,T
1-PB2,2051,0,0,0,411,411,C
1-PB2,2052,0,0,0,414,414,C
1-PB2,2053,0,0,418,0,418,G
1-PB2,2054,0,0,419,0,419,G
1-PB2,2055,416,0,0,0,416,A
1-PB2,2056,4,0,415,0,419,G
1-PB2,2057,0,408,0,0,408,T
1-PB2,2058,0,0,410,0,410,G
1-PB2,2059,0,0,410,0,410,G
1-PB2,2060,407,0,0,0,407,A
1-PB2,2061,0,0,407,0,407,G
1-PB2,2062,0,402,1,1,404,T
1-PB2,2063,1,0,0,398,399,C
1-PB2,2064,1,393,0,0,394,T
1-PB2,2065,0,0,400,0,400,G
1-PB2,2066,0,0,0,399,399,C
1-PB2,2067,1,0,0,400,401,C
1-PB2,2068,1,0,407,0,408,G
1-PB2,2069,0,402,0,3,405,T
1-PB2,2070,1,0,0,408,409,C
1-PB2,2071,0,408,0,1,409,T
1-PB2,2072,0,406,0,1,407,T
1-PB2,2073,0,1,404,0,405,G
1-PB2,2074,405,0,0,0,405,A
1-PB2,2075,0,0,405,0,405,G
1-PB2,2076,403,0,0,0,403,A
1-PB2,2077,0,0,392,0,392,G
1-PB2,2078,0,0,394,0,394,G
1-PB2,2079,0,0,392,0,392,G
1-PB2,2080,0,390,0,0,390,T
1-PB2,2081,0,390,0,0,390,T
1-PB2,2082,1,395,0,1,397,T
1-PB2,2083,1,0,0,394,395,C
1-PB2,2084,0,396,0,1,397,T
1-PB2,2085,0,0,0,408,408,C
1-PB2,2086,409,0,0,0,409,A
1-PB2,2087,0,405,1,2,408,T
1-PB2,2088,0,406,0,0,406,T
1-PB2,2089,406,0,0,0,406,A
1-PB2,2090,0,409,0,0,409,T
1-PB2,2091,405,0,0,0,405,A
1-PB2,2092,0,0,411,0,411,G
1-PB2,2093,0,0,413,0,413,G
1-PB2,2094,0,387,0,0,387,T
1-PB2,2095,385,0,1,0,386,A
1-PB2,2096,377,0,2,0,379,A
1-PB2,2097,0,1,383,0,384,G
1-PB2,2098,0,0,386,0,386,G
1-PB2,2099,380,1,0,0,381,A
1-PB2,2100,377,0,0,0,377,A
1-PB2,2101,0,1,376,0,377,G
1-PB2,2102,370,0,0,0,370,A
1-PB2,2103,0,0,0,374,374,C
1-PB2,2104,372,0,0,0,372,A
1-PB2,2105,0,0,374,0,374,G
1-PB2,2106,370,0,2,0,372,A
1-PB2,2107,367,0,0,0,367,A
1-PB2,2108,0,0,364,0,364,G
1-PB2,2109,0,0,355,0,355,G
1-PB2,2110,0,359,0,0,359,T
1-PB2,2111,360,0,0,0,360,A
1-PB2,2112,0,0,0,360,360,C
1-PB2,2113,0,0,358,0,358,G
1-PB2,2114,0,0,365,0,365,G
1-PB2,2115,361,0,0,0,361,A
1-PB2,2116,1,0,0,357,358,C
1-PB2,2117,1,0,0,355,356,C
1-PB2,2118,341,0,1,0,342,A
1-PB2,2119,0,0,355,0,355,G
1-PB2,2120,1,0,0,356,357,C
1-PB2,2121,355,0,1,0,356,A
1-PB2,2122,0,356,0,0,356,T
1-PB2,2123,0,343,0,0,343,T
1-PB2,2124,344,0,0,0,344,A
1-PB2,2125,341,0,0,0,341,A
1-PB2,2126,0,0,340,0,340,G
1-PB2,2127,0,0,0,339,339,C
1-PB2,2128,316,0,1,0,317,A
1-PB2,2129,0,324,0,0,324,T
1-PB2,2130,1,0,0,321,322,C
1-PB2,2131,324,0,0,0,324,A
1-PB2,2132,326,0,0,0,326,A
1-PB2,2133,0,324,0,0,324,T
1-PB2,2134,0,1,328,0,329,G
1-PB2,2135,324,0,0,0,324,A
1-PB2,2136,320,0,1,0,321,A
1-PB2,2137,0,0,0,324,324,C
1-PB2,2138,0,310,0,0,310,T
1-PB2,2139,0,1,318,0,319,G
1-PB2,2140,314,0,1,0,315,A
1-PB2,2141,0,0,315,0,315,G
1-PB2,2142,0,315,0,0,315,T
1-PB2,2143,312,0,1,0,313,A
1-PB2,2144,316,0,0,0,316,A
1-PB2,2145,0,0,0,320,320,C
1-PB2,2146,0,0,0,311,311,C
1-PB2,2147,0,302,0,1,303,T
1-PB2,2148,0,293,0,0,293,T
1-PB2,2149,0,0,293,0,293,G
1-PB2,2150,0,0,0,293,293,C
1-PB2,2151,291,0,0,0,291,A
1-PB2,2152,293,0,0,0,293,A
1-PB2,2153,290,0,0,0,290,A
1-PB2,2154,286,0,0,0,286,A
1-PB2,2155,0,0,289,0,289,G
1-PB2,2156,0,0,289,0,289,G
1-PB2,2157,0,0,285,0,285,G
1-PB2,2158,0,0,288,0,288,G
1-PB2,2159,287,0,0,0,287,A
1-PB2,2160,289,0,0,0,289,A
1-PB2,2161,288,0,0,0,288,A
1-PB2,2162,291,0,0,0,291,A
1-PB2,2163,0,0,293,0,293,G
1-PB2,2164,0,0,291,0,291,G
1-PB2,2165,0,0,0,290,290,C
1-PB2,2166,0,288,0,0,288,T
1-PB2,2167,289,0,0,0,289,A
1-PB2,2168,289,0,0,0,289,A
1-PB2,2169,0,288,0,1,289,T
1-PB2,2170,1,0,293,0,294,G
1-PB2,2171,0,288,0,0,288,T
1-PB2,2172,0,0,283,0,283,G
1-PB2,2173,0,0,0,282,282,C
1-PB2,2174,0,278,0,0,278,T
1-PB2,2175,279,0,0,1,280,A
1-PB2,2176,277,0,0,0,277,A
1-PB2,2177,0,277,0,0,277,T
1-PB2,2178,0,0,0,274,274,C
1-PB2,2179,4,0,259,0,263,G
1-PB2,2180,1,0,265,0,266,G
1-PB2,2181,1,0,266,0,267,G
1-PB2,2182,0,0,0,265,265,C
1-PB2,2183,266,0,0,0,266,A
1-PB2,2184,263,0,1,0,264,A
1-PB2,2185,0,0,263,0,263,G
1-PB2,2186,0,0,263,0,263,G
1-PB2,2187,261,0,0,0,261,A
1-PB2,2188,0,0,257,0,257,G
1-PB2,2189,244,0,0,0,244,A
1-PB2,2190,0,1,0,243,244,C
1-PB2,2191,0,0,243,0,243,G
1-PB2,2192,0,244,0,0,244,T
1-PB2,2193,0,1,242,0,243,G
1-PB2,2194,0,0,244,0,244,G
1-PB2,2195,0,233,0,0,233,T
1-PB2,2196,0,0,234,0,234,G
1-PB2,2197,0,224,0,1,225,T
1-PB2,2198,0,221,0,1,222,T
1-PB2,2199,0,0,220,0,220,G
1-PB2,2200,0,0,221,0,221,G
1-PB2,2201,0,218,0,0,218,T
1-PB2,2202,212,0,0,0,212,A
1-PB2,2203,208,0,0,0,208,A
1-PB2,2204,0,203,0,0,203,T
1-PB2,2205,0,0,196,0,196,G
1-PB2,2206,194,0,1,0,195,A
1-PB2,2207,193,0,0,0,193,A
1-PB2,2208,192,0,0,0,192,A
1-PB2,2209,0,0,0,189,189,C
1-PB2,2210,0,0,190,0,190,G
1-PB2,2211,190,0,0,0,190,A
1-PB2,2212,190,0,0,0,190,A
1-PB2,2213,190,0,0,0,190,A
1-PB2,2214,190,0,0,0,190,A
1-PB2,2215,0,0,0,189,189,C
1-PB2,2216,0,0,186,0,186,G
1-PB2,2217,0,0,185,0,185,G
1-PB2,2218,2,0,184,0,186,G
1-PB2,2219,187,0,0,0,187,A
1-PB2,2220,0,0,0,186,186,C
1-PB2,2221,0,181,0,1,182,T
1-PB2,2222,1,0,0,186,187,C
1-PB2,2223,0,189,0,0,189,T
1-PB2,2224,186,0,0,0,186,A
1-PB2,2225,0,0,187,0,187,G
1-PB2,2226,0,0,0,182,182,C
1-PB2,2227,182,0,0,0,182,A
1-PB2,2228,0,179,0,0,179,T
1-PB2,2229,167,0,0,0,167,A
1-PB2,2230,0,0,0,169,169,C
1-PB2,2231,0,142,0,0,142,T
1-PB2,2232,0,142,0,0,142,T
1-PB2,2233,139,0,0,0,139,A
1-PB2,2234,0,0,0,139,139,C
1-PB2,2235,0,137,0,0,137,T
1-PB2,2236,0,0,137,0,137,G
1-PB2,2237,135,0,0,0,135,A
1-PB2,2238,0,0,0,135,135,C
1-PB2,2239,115,0,0,0,115,A
1-PB2,2240,0,0,118,0,118,G
1-PB2,2241,0,0,0,117,117,C
1-PB2,2242,1,0,0,117,118,C
1-PB2,2243,117,0,0,0,117,A
1-PB2,2244,0,0,116,0,116,G
1-PB2,2245,116,0,0,0,116,A
1-PB2,2246,0,0,0,117,117,C
1-PB2,2247,106,0,0,0,106,A
1-PB2,2248,0,0,106,0,106,G
1-PB2,2249,0,0,0,100,100,C
1-PB2,2250,0,0,101,0,101,G
1-PB2,2251,102,0,0,0,102,A
1-PB2,2252,0,0,0,101,101,C
1-PB2,2253,0,0,0,101,101,C
1-PB2,2254,102,0,0,0,102,A
1-PB2,2255,103,0,0,0,103,A
1-PB2,2256,103,0,0,0,103,A
1-PB2,2257,103,0,0,0,103,A
1-PB2,2258,0,0,103,0,103,G
1-PB2,2259,99,0,0,0,99,A
1-PB2,2260,99,0,0,0,99,A
1-PB2,2261,0,98,0,0,98,T
1-PB2,2262,0,99,0,0,99,T
1-PB2,2263,0,0,0,99,99,C
1-PB2,2264,0,1,94,0,95,G
1-PB2,2265,0,0,96,0,96,G
1-PB2,2266,96,0,0,0,96,A
1-PB2,2267,0,94,0,0,94,T
1-PB2,2268,0,0,93,0,93,G
1-PB2,2269,0,0,93,0,93,G
1-PB2,2270,0,0,0,93,93,C
1-PB2,2271,0,0,0,93,93,C
1-PB2,2272,94,0,0,0,94,A
1-PB2,2273,0,94,0,0,94,T
1-PB2,2274,0,0,0,91,91,C
1-PB2,2275,93,0,0,0,93,A
1-PB2,2276,93,0,0,0,93,A
1-PB2,2277,0,91,0,0,91,T
1-PB2,2278,0,79,0,0,79,T
1-PB2,2279,75,0,0,0,75,A
1-PB2,2280,75,0,0,0,75,A
2-PB1,1,150,0,0,0,150,A
2-PB1,2,0,150,0,0,150,T
2-PB1,3,0,0,154,0,154,G
2-PB1,4,0,1,163,0,164,G
2-PB1,5,186,0,0,0,186,A
2-PB1,6,0,210,0,1,211,T
2-PB1,7,0,0,212,0,212,G
2-PB1,8,0,215,0,0,215,T
2-PB1,9,1,0,0,228,229,C
2-PB1,10,230,0,1,0,231,A
2-PB1,11,237,0,1,0,238,A
2-PB1,12,0,239,0,0,239,T
2-PB1,13,0,0,0,241,241,C
2-PB1,14,2,0,0,260,262,C
2-PB1,15,0,2,263,0,265,G
2-PB1,16,311,0,0,0,311,A
2-PB1,17,0,0,0,320,320,C
2-PB1,18,0,320,0,0,320,T
2-PB1,19,0,0,0,363,363,C
2-PB1,20,0,364,0,0,364,T
2-PB1,21,371,0,0,0,371,A
2-PB1,22,0,0,0,372,372,C
2-PB1,23,0,372,0,0,372,T
2-PB1,24,0,0,416,0,416,G
2-PB1,25,0,423,0,0,423,T
2-PB1,26,0,423,0,0,423,T
2-PB1,27,0,0,0,420,420,C
2-PB1,28,0,0,0,421,421,C
2-PB1,29,0,480,0,0,480,T
2-PB1,30,489,0,0,0,489,A
2-PB1,31,486,0,1,0,487,A
2-PB1,32,487,1,1,0,489,A
2-PB1,33,0,1,491,0,492,G
2-PB1,34,0,0,493,0,493,G
2-PB1,35,0,496,0,1,497,T
2-PB1,36,1,493,0,1,495,T
2-PB1,37,0,0,0,494,494,C
2-PB1,38,1,1,0,494,496,C
2-PB1,39,491,0,1,0,492,A
2-PB1,40,1,0,496,0,497,G
2-PB1,41,0,1,0,498,499,C
2-PB1,42,0,0,498,1,499,G
2-PB1,43,0,0,0,502,502,C
2-PB1,44,502,0,0,0,502,A
2-PB1,45,503,0,1,0,504,A
2-PB1,46,505,0,0,0,505,A
2-PB1,47,508,0,0,0,508,A
2-PB1,48,0,509,0,0,509,T
2-PB1,49,0,0,534,0,534,G
2-PB1,50,0,0,0,535,535,C
2-PB1,51,1,0,0,539,540,C
2-PB1,52,541,0,0,0,541,A
2-PB1,53,0,541,0,0,541,T
2-PB1,54,581,0,0,0,581,A
2-PB1,55,581,0,0,0,581,A
2-PB1,56,1,0,608,0,609,G
2-PB1,57,0,0,0,607,607,C
2-PB1,58,606,1,0,0,607,A
2-PB1,59,0,0,0,626,626,C
2-PB1,60,624,0,0,0,624,A
2-PB1,61,653,0,1,0,654,A
2-PB1,62,0,0,0,656,656,C
2-PB1,63,656,0,0,0,656,A
2-PB1,64,0,666,0,0,666,T
2-PB1,65,0,665,0,0,665,T
2-PB1,66,0,0,0,820,820,C
2-PB1,67,1,1,0,819,821,C
2-PB1,68,0,1,0,829,830,C
2-PB1,69,0,840,0,1,841,T
2-PB1,70,0,836,0,0,836,T
2-PB1,71,913,0,1,1,915,A
2-PB1,72,0,919,0,1,920,T
2-PB1,73,921,0,0,1,922,A
2-PB1,74,0,0,0,932,932,C
2-PB1,75,0,900,0,2,902,T
2-PB1,76,0,0,912,0,912,G
2-PB1,77,0,1,909,0,910,G
2-PB1,78,909,0,0,0,909,A
2-PB1,79,0,1,912,0,913,G
2-PB1,80,916,1,0,1,918,A
2-PB1,81,0,920,0,0,920,T
2-PB1,82,0,0,0,980,980,C
2-PB1,83,2,0,0,978,980,C
2-PB1,84,0,983,0,0,983,T
2-PB1,85,2,0,0,1056,1058,C
2-PB1,86,0,0,0,1059,1059,C
2-PB1,87,1064,0,1,0,1065,A
2-PB1,88,0,1062,0,2,1064,T
2-PB1,89,1064,2,0,0,1066,A
2-PB1,90,0,0,0,1072,1072,C
2-PB1,91,1059,0,0,0,1059,A
2-PB1,92,0,0,1105,0,1105,G
2-PB1,93,0,1,0,1107,1108,C
2-PB1,94,3,6,0,1084,1093,C
2-PB1,95,1095,1,1,0,1097,A
2-PB1,96,0,1098,0,0,1098,T
2-PB1,97,0,2,1096,0,1098,G
2-PB1,98,1,1,1155,0,1157,G
2-PB1,99,1164,0,2,0,1166,A
2-PB1,100,1166,0,2,0,1168,A
2-PB1,101,0,0,0,1174,1174,C
2-PB1,102,1168,0,1,0,1169,A
2-PB1,103,0,0,1204,0,1204,G
2-PB1,104,0,1,1224,0,1225,G
2-PB1,105,1222,2,1,0,1225,A
2-PB1,106,1223,1,8,0,1232,A
2-PB1,107,0,1,0,1235,1236,C
2-PB1,108,1224,0,2,0,1226,A
2-PB1,109,0,1,1405,0,1406,G
2-PB1,110,0,6,1395,0,1401,G
2-PB1,111,0,1,1419,0,1420,G
2-PB1,112,0,1412,0,1,1413,T
2-PB1,113,1409,0,2,0,1411,A
2-PB1,114,1,0,0,1427,1428,C
2-PB1,115,1471,0,3,0,1474,A
2-PB1,116,0,0,0,1512,1512,C
2-PB1,117,2,0,0,1490,1492,C
2-PB1,118,1445,1,1,0,1447,A
2-PB1,119,0,1447,1,0,1448,T
2-PB1,120,1,3,1450,0,1454,G
2-PB1,121,1,0,1460,0,1461,G
2-PB1,122,1460,1,2,0,1463,A
2-PB1,123,0,1,0,1460,1461,C
2-PB1,124,1440,0,0,0,1440,A
2-PB1,125,0,2,0,1476,1478,C
2-PB1,126,1473,0,2,0,1475,A
2-PB1,127,9,1,1502,0,1512,G
2-PB1,128,0,1507,0,5,1512,T
2-PB1,129,5,0,0,1551,1556,C
2-PB1,130,1549,0,1,0,1550,A
2-PB1,131,1563,0,0,0,1563,A
2-PB1,132,0,0,0,1565,1565,C
2-PB1,133,1553,1,2,0,1556,A
2-PB1,134,0,2,1571,0,1573,G
2-PB1,135,1544,0,4,0,1548,A
2-PB1,136,1550,0,1,0,1551,A
2-PB1,137,0,0,0,1557,1557,C
2-PB1,138,1527,0,2,0,1529,A
2-PB1,139,0,0,0,1526,1526,C
2-PB1,140,1520,0,2,0,1522,A
2-PB1,141,0,1513,0,1,1514,T
2-PB1,142,1,0,0,1614,1615,C
2-PB1,143,1615,0,0,0,1615,A
2-PB1,144,1629,0,0,0,1629,A
2-PB1,145,0,1644,0,0,1644,T
2-PB1,146,1673,0,0,0,1673,A
2-PB1,147,0,1669,0,2,1671,T
2-PB1,148,0,1651,0,0,1651,T
2-PB1,149,0,2,0,1651,1653,C
2-PB1,150,1629,1,2,0,1632,A
2-PB1,151,0,1,1632,0,1633,G
2-PB1,152,1623,0,1,0,1624,A
2-PB1,153,0,4,1624,0,1628,G
2-PB1,154,1587,1,2,0,1590,A
2-PB1,155,2,0,1568,0,1570,G
2-PB1,156,1,2,1567,0,1570,G
2-PB1,157,0,1,1624,0,1625,G
2-PB1,158,0,0,1627,0,1627,G
2-PB1,159,1,2,1639,0,1642,G
2-PB1,160,1635,0,3,0,1638,A
2-PB1,161,1642,0,1,0,1643,A
2-PB1,162,0,0,1658,0,1658,G
2-PB1,163,0,1641,0,3,1644,T
2-PB1,164,0,1,1637,1,1639,G
2-PB1,165,2,0,1633,1,1636,G
2-PB1,166,1632,0,1,1,1634,A
2-PB1,167,0,0,0,1642,1642,C
2-PB1,168,1,0,1649,0,1650,G
2-PB1,169,1652,0,0,0,1652,A
2-PB1,170,1,1,0,1667,1669,C
2-PB1,171,1662,0,1,0,1663,A
2-PB1,172,1664,0,0,0,1664,A
2-PB1,173,1681,1,1,0,1683,A
2-PB1,174,0,1707,0,0,1707,T
2-PB1,175,1710,0,1,0,1711,A
2-PB1,176,0,0,0,1714,1714,C
2-PB1,177,1699,0,1,0,1700,A
2-PB1,178,0,3,1703,0,1706,G
2-PB1,179,1689,0,1,0,1690,A
2-PB1,180,1700,0,1,1,1702,A
2-PB1,181,1699,0,1,0,1700,A
2-PB1,182,0,0,0,1694,1694,C
2-PB1,183,0,1675,0,0,1675,T
2-PB1,184,1,0,1678,0,1679,G
2-PB1,185,0,4,1675,0,1679,G
2-PB1,186,2,1,1678,0,1681,G
2-PB1,187,0,1,1678,0,1679,G
2-PB1,188,1,1,0,1682,1684,C
2-PB1,189,1680,0,0,0,1680,A
2-PB1,190,1,1,0,1744,1746,C
2-PB1,191,2,3,0,1726,1731,C
2-PB1,192,6,0,1,1722,1729,C
2-PB1,193,4,0,0,1747,1751,C
2-PB1,194,1753,1,0,0,1754,A
2-PB1,195,1772,0,0,0,1772,A
2-PB1,196,0,1,0,1772,1773,C
2-PB1,197,0,1767,0,2,1769,T
2-PB1,198,5,0,0,1768,1773,C
2-PB1,199,1713,0,3,0,1716,A
2-PB1,200,1755,1,0,0,1756,A
2-PB1,201,0,1,0,1754,1755,C
2-PB1,202,2,0,0,1746,1748,C
2-PB1,203,2,0,0,1755,1757,C
2-PB1,204,1752,0,0,0,1752,A
2-PB1,205,1760,0,1,0,1761,A
2-PB1,206,1,1763,0,0,1764,T
2-PB1,207,0,1763,0,0,1763,T
2-PB1,208,1,0,1764,0,1765,G
2-PB1,209,1746,0,2,0,1748,A
2-PB1,210,0,1740,0,2,1742,T
2-PB1,211,0,0,1743,0,1743,G
2-PB1,212,0,4,1746,0,1750,G
2-PB1,213,1762,0,8,0,1770,A
2-PB1,214,0,0,0,1779,1779,C
2-PB1,215,1,0,0,1765,1766,C
2-PB1,216,1761,1,1,0,1763,A
2-PB1,217,1,0,0,1798,1799,C
2-PB1,218,0,1799,0,1,1800,T
2-PB1,219,1828,0,3,0,1831,A
2-PB1,220,0,0,0,1856,1856,C
2-PB1,221,1,0,0,1836,1837,C
2-PB1,222,0,1811,0,0,1811,T
2-PB1,223,0,1,1817,1,1819,G
2-PB1,224,1816,0,2,0,1818,A
2-PB1,225,0,3,1828,0,1831,G
2-PB1,226,1,2,1824,0,1827,G
2-PB1,227,1827,0,2,0,1829,A
2-PB1,228,0,1809,0,0,1809,T
2-PB1,229,1785,0,2,0,1787,A
2-PB1,230,1783,0,3,0,1786,A
2-PB1,231,0,1782,0,0,1782,T
2-PB1,232,0,3,1772,0,1775,G
2-PB1,233,1776,0,1,0,1777,A
2-PB1,234,1758,1,3,0,1762,A
2-PB1,235,0,0,0,1765,1765,C
2-PB1,236,2,1,0,1749,1752,C
2-PB1,237,1755,0,2,0,1757,A
2-PB1,238,1767,0,1,0,1768,A
2-PB1,239,0,0,1778,0,1778,G
2-PB1,240,0,1774,0,0,1774,T
2-PB1,241,0,1,1775,0,1776,G
2-PB1,242,1,5,1801,0,1807,G
2-PB1,243,1797,2,0,0,1799,A
2-PB1,244,0,1800,0,0,1800,T
2-PB1,245,1795,0,2,0,1797,A
2-PB1,246,0,1813,0,0,1813,T
2-PB1,247,1,1,1815,0,1817,G
2-PB1,248,0,1,0,1823,1824,C
2-PB1,249,1821,1,3,0,1825,A
2-PB1,250,1,0,0,1872,1873,C
2-PB1,251,1845,1,0,1,1847,A
2-PB1,252,1860,0,4,2,1866,A
2-PB1,253,1844,1,21,0,1866,A
2-PB1,254,0,1,0,1869,1870,C
2-PB1,255,1816,2,0,0,1818,A
2-PB1,256,1,1,1834,0,1836,G
2-PB1,257,1831,0,3,1,1835,A
2-PB1,258,1,1,0,1836,1838,C
2-PB1,259,0,1783,0,2,1785,T
2-PB1,260,0,2,1815,0,1817,G
2-PB1,261,0,1792,0,1,1793,T
2-PB1,262,0,2,1867,0,1869,G
2-PB1,263,0,1868,0,0,1868,T
2-PB1,264,0,0,0,1861,1861,C
2-PB1,265,1,0,0,1850,1851,C
2-PB1,266,1,1833,1,1,1836,T
2-PB1,267,1,3,1829,0,1833,G
2-PB1,268,1,0,1835,0,1836,G
2-PB1,269,1799,0,7,0,1806,A
2-PB1,270,0,0,1821,0,1821,G
2-PB1,271,1,3,1749,0,1753,G
2-PB1,272,0,0,0,1747,1747,C
2-PB1,273,1736,0,0,0,1736,A
2-PB1,274,1750,0,0,0,1750,A
2-PB1,275,0,1753,0,0,1753,T
2-PB1,276,0,1,1749,1,1751,G
2-PB1,277,1,0,1760,0,1761,G
2-PB1,278,0,1,1,1749,1751,C
2-PB1,279,3,1,0,1740,1744,C
2-PB1,280,0,1737,0,1,1738,T
2-PB1,281,0,1853,0,0,1853,T
2-PB1,282,1,0,0,1861,1862,C
2-PB1,283,2,0,0,1860,1862,C
2-PB1,284,1,1862,0,1,1864,T
2-PB1,285,0,1849,0,1,1850,T
2-PB1,286,0,1,1860,0,1861,G
2-PB1,287,1856,1,1,0,1858,A
2-PB1,288,1855,0,6,0,1861,A
2-PB1,289,0,0,1867,0,1867,G
2-PB1,290,1760,0,1,0,1761,A
2-PB1,291,1772,0,4,0,1776,A
2-PB1,292,0,1776,0,1,1777,T
2-PB1,293,0,2,1,1772,1775,C
2-PB1,294,3,1,0,1767,1771,C
2-PB1,295,4,0,0,1769,1773,C
2-PB1,296,1776,2,1,1,1780,A
2-PB1,297,1,0,0,1793,1794,C
2-PB1,298,2,0,0,1787,1789,C
2-PB1,299,5,1,0,1783,1789,C
2-PB1,300,1769,0,2,0,1771,A
2-PB1,301,0,1,1780,0,1781,G
2-PB1,302,0,2,1776,0,1778,G
2-PB1,303,0,1781,0,0,1781,T
2-PB1,304,1790,0,2,0,1792,A
2-PB1,305,0,1782,1,3,1786,T
2-PB1,306,3,0,0,1794,1797,C
2-PB1,307,0,1794,0,1,1795,T
2-PB1,308,0,1793,0,1,1794,T
2-PB1,309,0,1789,0,2,1791,T
2-PB1,310,2,5,1781,0,1788,G
2-PB1,311,1768,0,4,0,1772,A
2-PB1,312,0,1,1773,0,1774,G
2-PB1,313,1764,0,0,0,1764,A
2-PB1,314,1760,0,1,0,1761,A
2-PB1,315,0,0,0,1766,1766,C
2-PB1,316,0,1740,0,3,1743,T
2-PB1,317,2,1,0,1752,1755,C
2-PB1,318,1753,1,1,0,1755,A
2-PB1,319,1,1754,0,1,1756,T
2-PB1,320,0,0,1758,0,1758,G
2-PB1,321,2,1,0,1781,1784,C
2-PB1,322,2,0,1,1778,1781,C
2-PB1,323,0,1776,0,1,1777,T
2-PB1,324,1,1756,0,1,1758,T
2-PB1,325,1,0,1765,0,1766,G
2-PB1,326,1782,0,0,0,1782,A
2-PB1,327,1778,0,0,1,1779,A
2-PB1,328,1774,1,2,0,1777,A
2-PB1,329,1,2,0,1790,1793,C
2-PB1,330,1748,0,0,0,1748,A
2-PB1,331,1757,0,1,0,1758,A
2-PB1,332,0,1755,0,1,1756,T
2-PB1,333,1,1,1750,0,1752,G
2-PB1,334,0,0,1755,0,1755,G
2-PB1,335,1733,0,1,0,1734,A
2-PB1,336,1730,0,0,0,1730,A
2-PB1,337,1,0,1728,0,1729,G
2-PB1,338,0,0,0,1730,1730,C
2-PB1,339,3,0,0,1712,1715,C
2-PB1,340,1,0,1722,0,1723,G
2-PB1,341,0,1713,0,7,1720,T
2-PB1,342,0,1717,0,4,1721,T
2-PB1,343,4,0,0,1731,1735,C
2-PB1,344,1735,0,1,0,1736,A
2-PB1,345,1757,0,3,0,1760,A
2-PB1,346,1,1,0,1764,1766,C
2-PB1,347,1759,0,2,0,1761,A
2-PB1,348,0,0,1776,0,1776,G
2-PB1,349,1746,1,4,0,1751,A
2-PB1,350,0,1,0,1750,1751,C
2-PB1,351,1750,0,0,0,1750,A
2-PB1,352,1762,0,2,0,1764,A
2-PB1,353,1,4,1776,0,1781,G
2-PB1,354,0,2,1767,0,1769,G
2-PB1,355,1,2,1764,0,1767,G
2-PB1,356,1,1739,0,1,1741,T
2-PB1,357,0,3,1737,0,1740,G
2-PB1,358,0,3,1739,0,1742,G
2-PB1,359,1734,0,4,0,1738,A
2-PB1,360,0,0,0,1741,1741,C
2-PB1,361,1706,0,1,0,1707,A
2-PB1,362,1720,2,0,0,1722,A
2-PB1,363,1726,1,1,0,1728,A
2-PB1,364,1,0,0,1725,1726,C
2-PB1,365,0,1719,1,1,1721,T
2-PB1,366,1726,0,1,0,1727,A
2-PB1,367,1733,0,1,1,1735,A
2-PB1,368,1,0,0,1741,1742,C
2-PB1,369,0,1,0,1736,1737,C
2-PB1,370,4,0,0,1735,1739,C
2-PB1,371,1684,0,0,1,1685,A
2-PB1,372,1685,0,0,0,1685,A
2-PB1,373,1,3,1682,0,1686,G
2-PB1,374,2,0,1688,0,1690,G
2-PB1,375,0,1690,0,3,1693,T
2-PB1,376,3,0,0,1679,1682,C
2-PB1,377,2,0,1682,0,1684,G
2-PB1,378,0,0,0,1677,1677,C
2-PB1,379,2,0,0,1683,1685,C
2-PB1,380,1682,0,0,0,1682,A
2-PB1,381,0,2,1713,0,1715,G
2-PB1,382,1733,0,11,0,1744,A
2-PB1,383,0,0,0,1747,1747,C
2-PB1,384,0,1741,0,1,1742,T
2-PB1,385,0,1733,0,0,1733,T
2-PB1,386,1731,0,2,1,1734,A
2-PB1,387,0,1730,0,9,1739,T
2-PB1,388,0,2,1741,0,1743,G
2-PB1,389,1738,0,0,0,1738,A
2-PB1,390,1,1701,0,2,1704,T
2-PB1,391,0,1655,1,2,1658,T
2-PB1,392,2,1,1644,1,1648,G
2-PB1,393,2,1,1643,1,1647,G
2-PB1,394,1666,0,3,0,1669,A
2-PB1,395,0,2,0,1670,1672,C
2-PB1,396,1650,0,1,0,1651,A
2-PB1,397,0,1638,0,2,1640,T
2-PB1,398,0,1652,0,1,1653,T
2-PB1,399,1668,0,1,0,1669,A
2-PB1,400,1668,0,1,0,1669,A
2-PB1,401,1668,0,3,0,1671,A
2-PB1,402,0,1,0,1666,1667,C
2-PB1,403,1639,1,0,0,1640,A
2-PB1,404,0,0,1651,0,1651,G
2-PB1,405,1642,1,2,0,1645,A
2-PB1,406,1642,0,1,0,1643,A
2-PB1,407,1641,0,2,0,1643,A
2-PB1,408,0,1624,1,0,1625,T
2-PB1,409,0,0,0,1635,1635,C
2-PB1,410,1634,0,1,0,1635,A
2-PB1,411,1629,1,2,1,1633,A
2-PB1,412,0,2,0,1632,1634,C
2-PB1,413,4,0,0,1623,1627,C
2-PB1,414,0,0,1631,0,1631,G
2-PB1,415,1,0,1627,0,1628,G
2-PB1,416,1,0,0,1634,1635,C
2-PB1,417,1632,0,2,0,1634,A
2-PB1,418,2,0,1630,0,1632,G
2-PB1,419,0,0,0,1642,1642,C
2-PB1,420,1642,0,0,0,1642,A
2-PB1,421,1644,0,2,0,1646,A
2-PB1,422,1,0,0,1646,1647,C
2-PB1,423,0,1638,0,4,1642,T
2-PB1,424,0,0,1710,0,1710,G
2-PB1,425,0,0,0,1706,1706,C
2-PB1,426,1704,2,1,0,1707,A
2-PB1,427,0,1705,0,2,1707,T
2-PB1,428,0,1686,1,0,1687,T
2-PB1,429,1780,0,0,2,1782,A
2-PB1,430,0,0,1786,0,1786,G
2-PB1,431,1,3,0,1773,1777,C
2-PB1,432,0,1,0,1780,1781,C
2-PB1,433,1717,0,4,0,1721,A
2-PB1,434,1725,3,1,0,1729,A
2-PB1,435,1,1,0,1740,1742,C
2-PB1,436,1741,0,2,0,1743,A
2-PB1,437,2,0,0,1783,1785,C
2-PB1,438,0,0,0,1661,1661,C
2-PB1,439,1655,0,1,1,1657,A
2-PB1,440,0,1656,0,0,1656,T
2-PB1,441,1652,0,1,0,1653,A
2-PB1,442,0,2,1655,0,1657,G
2-PB1,443,1642,2,2,0,1646,A
2-PB1,444,1624,0,1,0,1625,A
2-PB1,445,1,0,1627,0,1628,G
2-PB1,446,0,1568,0,3,1571,T
2-PB1,447,0,1572,0,1,1573,T
2-PB1,448,0,1575,0,0,1575,T
2-PB1,449,0,1574,1,0,1575,T
2-PB1,450,0,1581,0,0,1581,T
2-PB1,451,1579,0,1,0,1580,A
2-PB1,452,0,6,1576,0,1582,G
2-PB1,453,1568,0,1,0,1569,A
2-PB1,454,0,1560,0,2,1562,T
2-PB1,455,5,1,0,1549,1555,C
2-PB1,456,2,7,1556,0,1565,G
2-PB1,457,1562,1,2,0,1565,A
2-PB1,458,1567,0,0,0,1567,A
2-PB1,459,0,0,0,1573,1573,C
2-PB1,460,0,1,1578,0,1579,G
2-PB1,461,0,1,1639,0,1640,G
2-PB1,462,1638,0,0,0,1638,A
2-PB1,463,0,1635,0,0,1635,T
2-PB1,464,0,1637,0,1,1638,T
2-PB1,465,1636,0,4,0,1640,A
2-PB1,466,1634,1,3,1,1639,A
2-PB1,467,0,0,0,1647,1647,C
2-PB1,468,1632,0,2,0,1634,A
2-PB1,469,0,1,1648,0,1649,G
2-PB1,470,1,0,0,1575,1576,C
2-PB1,471,0,1569,0,1,1570,T
2-PB1,472,1574,0,0,0,1574,A
2-PB1,473,1572,0,3,0,1575,A
2-PB1,474,1,1572,0,1,1574,T
2-PB1,475,0,3,1584,0,1587,G
2-PB1,476,1573,0,1,1,1575,A
2-PB1,477,1581,1,0,0,1582,A
2-PB1,478,0,1549,0,0,1549,T
2-PB1,479,4,0,0,1543,1547,C
2-PB1,480,1539,0,4,0,1543,A
2-PB1,481,0,5,1538,0,1543,G
2-PB1,482,0,1,1540,0,1541,G
2-PB1,483,1537,0,0,0,1537,A
2-PB1,484,1513,0,0,0,1513,A
2-PB1,485,0,0,1574,0,1574,G
2-PB1,486,0,1,1574,0,1575,G
2-PB1,487,2,0,0,1568,1570,C
2-PB1,488,0,1572,0,1,1573,T
2-PB1,489,1570,0,1,0,1571,A
2-PB1,490,1574,0,0,0,1574,A
2-PB1,491,0,1574,0,0,1574,T
2-PB1,492,1574,1,1,0,1576,A
2-PB1,493,0,1,1578,0,1579,G
2-PB1,494,1474,1,3,0,1478,A
2-PB1,495,0,1464,1,2,1467,T
2-PB1,496,0,1461,0,0,1461,T
2-PB1,497,0,1452,0,0,1452,T
2-PB1,498,1,0,1,1509,1511,C
2-PB1,499,1,1,0,1510,1512,C
2-PB1,500,0,1510,0,1,1511,T
2-PB1,501,0,1,0,1520,1521,C
2-PB1,502,1511,1,2,2,1516,A
2-PB1,503,1519,1,0,0,1520,A
2-PB1,504,0,2,1522,0,1524,G
2-PB1,505,0,1,1543,1,1545,G
2-PB1,506,1544,0,2,0,1546,A
2-PB1,507,0,1477,0,0,1477,T
2-PB1,508,0,0,1491,0,1491,G
2-PB1,509,0,1490,0,2,1492,T
2-PB1,510,0,3,1503,0,1506,G
2-PB1,511,1500,0,3,0,1503,A
2-PB1,512,1,1493,0,1,1495,T
2-PB1,513,1,3,1490,0,1494,G
2-PB1,514,1,0,1484,0,1485,G
2-PB1,515,1479,1,2,0,1482,A
2-PB1,516,1483,0,0,0,1483,A
2-PB1,517,1,1467,0,1,1469,T
2-PB1,518,1,0,0,1471,1472,C
2-PB1,519,1446,1,1,0,1448,A
2-PB1,520,1451,0,0,0,1451,A
2-PB1,521,1,1455,0,1,1457,T
2-PB1,522,0,0,1476,0,1476,G
2-PB1,523,1,0,1482,0,1483,G
2-PB1,524,1475,0,1,0,1476,A
2-PB1,525,0,1470,0,3,1473,T
2-PB1,526,1473,0,0,0,1473,A
2-PB1,527,1466,0,0,0,1466,A
2-PB1,528,1469,1,1,0,1471,A
2-PB1,529,1,2,1490,0,1493,G
2-PB1,530,1483,0,2,0,1485,A
2-PB1,531,0,1,1477,1,1479,G
2-PB1,532,0,2,1477,0,1479,G
2-PB1,533,1472,0,3,0,1475,A
2-PB1,534,1474,0,0,0,1474,A
2-PB1,535,1475,0,0,0,1475,A
2-PB1,536,0,1478,0,0,1478,T
2-PB1,537,1,1,1494,0,1496,G
2-PB1,538,1,0,1492,0,1493,G
2-PB1,539,1474,0,3,0,1477,A
2-PB1,540,0,2,1487,0,1489,G
2-PB1,541,1470,0,1,0,1471,A
2-PB1,542,0,1504,1,0,1505,T
2-PB1,543,1502,0,0,0,1502,A
2-PB1,544,1527,0,1,0,1528,A
2-PB1,545,1,0,0,1533,1534,C
2-PB1,546,1503,1,0,0,1504,A
2-PB1,547,1494,0,13,0,1507,A
2-PB1,548,0,0,1,1497,1498,C
2-PB1,549,1487,0,3,0,1490,A
2-PB1,550,0,0,0,1494,1494,C
2-PB1,551,1456,1,0,0,1457,A
2-PB1,552,0,0,0,1473,1473,C
2-PB1,553,0,1446,0,2,1448,T
2-PB1,554,0,1449,0,0,1449,T
2-PB1,555,0,1446,0,1,1447,T
2-PB1,556,0,0,0,1443,1443,C
2-PB1,557,1449,0,0,0,1449,A
2-PB1,558,1446,0,0,0,1446,A
2-PB1,559,1448,1,1,0,1450,A
2-PB1,560,0,2,1467,0,1469,G
2-PB1,561,1456,0,0,0,1456,A
2-PB1,562,1456,1,0,0,1457,A
2-PB1,563,1457,1,0,1,1459,A
2-PB1,564,1464,0,0,0,1464,A
2-PB1,565,1455,0,6,1,1462,A
2-PB1,566,0,0,1470,1,1471,G
2-PB1,567,0,5,1465,1,1471,G
2-PB1,568,1449,0,3,0,1452,A
2-PB1,569,0,2,1482,0,1484,G
2-PB1,570,1474,0,2,2,1478,A
2-PB1,571,0,1,1529,0,1530,G
2-PB1,572,2,1527,0,1,1530,T
2-PB1,573,1525,0,1,0,1526,A
2-PB1,574,1529,2,2,0,1533,A
2-PB1,575,1,3,1530,0,1534,G
2-PB1,576,0,1,1538,0,1539,G
2-PB1,577,1,0,1540,0,1541,G
2-PB1,578,1512,2,4,0,1518,A
2-PB1,579,0,0,1,1536,1537,C
2-PB1,580,1487,0,1,0,1488,A
2-PB1,581,1487,0,4,0,1491,A
2-PB1,582,1,0,0,1487,1488,C
2-PB1,583,1477,0,1,0,1478,A
2-PB1,584,0,1459,0,1,1460,T
2-PB1,585,0,4,1456,0,1460,G
2-PB1,586,1463,1,1,0,1465,A
2-PB1,587,0,1,0,1462,1463,C
2-PB1,588,2,1,0,1444,1447,C
2-PB1,589,1451,0,1,0,1452,A
2-PB1,590,1457,0,1,0,1458,A
2-PB1,591,0,3,1464,0,1467,G
2-PB1,592,1469,0,0,0,1469,A
2-PB1,593,1462,0,1,0,1463,A
2-PB1,594,1459,0,1,0,1460,A
2-PB1,595,1460,0,0,0,1460,A
2-PB1,596,1,1466,0,0,1467,T
2-PB1,597,1,2,1463,0,1466,G
2-PB1,598,0,0,1467,0,1467,G
2-PB1,599,0,1456,1,2,1459,T
2-PB1,600,1,2,0,1451,1454,C
2-PB1,601,1457,1,2,0,1460,A
2-PB1,602,1,0,0,1529,1530,C
2-PB1,603,1537,0,2,0,1539,A
2-PB1,604,0,1,0,1545,1546,C
2-PB1,605,1539,0,1,0,1540,A
2-PB1,606,1577,0,0,0,1577,A
2-PB1,607,1565,0,0,0,1565,A
2-PB1,608,0,0,1599,0,1599,G
2-PB1,609,98,2,1432,0,1532,G
2-PB1,610,1579,0,4,0,1583,A
2-PB1,611,1,0,0,1604,1605,C
2-PB1,612,1608,0,2,0,1610,A
2-PB1,613,1619,1,1,0,1621,A
2-PB1,614,0,1611,0,0,1611,T
2-PB1,615,1590,0,2,0,1592,A
2-PB1,616,2,4,1580,0,1586,G
2-PB1,617,0,3,1532,0,1535,G
2-PB1,618,1,1,1531,0,1533,G
2-PB1,619,1534,1,0,0,1535,A
2-PB1,620,1505,0,3,0,1508,A
2-PB1,621,0,0,1516,0,1516,G
2-PB1,622,1504,0,0,0,1504,A
2-PB1,623,1499,0,2,0,1501,A
2-PB1,624,1504,1,0,0,1505,A
2-PB1,625,1502,1,1,0,1504,A
2-PB1,626,1525,0,0,0,1525,A
2-PB1,627,1522,0,3,0,1525,A
2-PB1,628,1,0,0,1524,1525,C
2-PB1,629,1520,0,0,0,1520,A
2-PB1,630,1518,0,0,0,1518,A
2-PB1,631,1514,0,3,0,1517,A
2-PB1,632,0,3,1537,0,1540,G
2-PB1,633,1541,0,0,0,1541,A
2-PB1,634,0,0,1593,0,1593,G
2-PB1,635,0,1565,0,4,1569,T
2-PB1,636,0,1,1759,0,1760,G
2-PB1,637,1767,0,3,0,1770,A
2-PB1,638,1772,0,4,0,1776,A
2-PB1,639,0,1786,0,0,1786,T
2-PB1,640,1772,0,0,0,1772,A
2-PB1,641,1765,0,2,1,1768,A
2-PB1,642,0,2,1784,0,1786,G
2-PB1,643,1742,0,3,0,1745,A
2-PB1,644,0,1,1750,1,1752,G
2-PB1,645,1652,0,7,0,1659,A
2-PB1,646,2,2,1666,0,1670,G
2-PB1,647,2,0,1665,0,1667,G
2-PB1,648,1,1,0,1659,1661,C
2-PB1,649,0,1661,0,2,1663,T
2-PB1,650,1707,0,1,0,1708,A
2-PB1,651,1,3,0,1764,1768,C
2-PB1,652,1,0,1,1773,1775,C
2-PB1,653,0,1786,0,2,1788,T
2-PB1,654,1843,0,1,0,1844,A
2-PB1,655,1840,0,0,1,1841,A
2-PB1,656,0,1842,0,0,1842,T
2-PB1,657,1834,0,1,0,1835,A
2-PB1,658,1830,0,0,0,1830,A
2-PB1,659,0,4,1829,1,1834,G
2-PB1,660,1793,0,1,0,1794,A
2-PB1,661,0,0,1808,0,1808,G
2-PB1,662,0,0,0,1811,1811,C
2-PB1,663,2,1777,0,3,1782,T
2-PB1,664,0,1792,0,0,1792,T
2-PB1,665,0,1793,0,2,1795,T
2-PB1,666,0,4,1793,0,1797,G
2-PB1,667,1824,0,2,0,1826,A
2-PB1,668,0,0,0,1839,1839,C
2-PB1,669,1824,0,1,0,1825,A
2-PB1,670,2,1812,2,1,1817,T
2-PB1,671,1,1801,0,2,1804,T
2-PB1,672,1,3,1829,0,1833,G
2-PB1,673,1828,0,6,0,1834,A
2-PB1,674,1831,0,7,0,1838,A
2-PB1,675,0,2,0,1840,1842,C
2-PB1,676,1827,0,2,0,1829,A
2-PB1,677,0,0,0,1828,1828,C
2-PB1,678,0,3,1823,0,1826,G
2-PB1,679,1826,2,4,0,1832,A
2-PB1,680,0,1823,0,1,1824,T
2-PB1,681,1,6,1868,0,1875,G
2-PB1,682,1881,0,1,0,1882,A
2-PB1,683,0,3,0,1877,1880,C
2-PB1,684,2,0,0,1873,1875,C
2-PB1,685,1878,0,1,0,1879,A
2-PB1,686,1902,0,1,0,1903,A
2-PB1,687,1901,0,2,0,1903,A
2-PB1,688,0,0,1938,1,1939,G
2-PB1,689,1950,0,3,0,1953,A
2-PB1,690,0,1926,0,2,1928,T
2-PB1,691,0,0,1927,0,1927,G
2-PB1,692,0,2,0,1920,1922,C
2-PB1,693,1922,1,1,0,1924,A
2-PB1,694,0,2,1928,0,1930,G
2-PB1,695,1904,0,0,0,1904,A
2-PB1,696,1,3,1905,0,1909,G
2-PB1,697,1836,0,2,0,1838,A
2-PB1,698,0,1,1834,0,1835,G
2-PB1,699,1815,1,5,0,1821,A
2-PB1,700,0,1,1817,0,1818,G
2-PB1,701,3,0,1816,0,1819,G
2-PB1,702,1,0,0,1806,1807,C
2-PB1,703,1806,0,0,0,1806,A
2-PB1,704,1817,0,1,0,1818,A
2-PB1,705,1831,0,2,0,1833,A
2-PB1,706,0,1830,0,1,1831,T
2-PB1,707,0,1826,1,0,1827,T
2-PB1,708,1828,1,1,1,1831,A
2-PB1,709,1830,0,0,0,1830,A
2-PB1,710,1836,0,0,0,1836,A
2-PB1,711,1842,0,1,0,1843,A
2-PB1,712,1838,0,2,0,1840,A
2-PB1,713,0,0,1851,0,1851,G
2-PB1,714,1824,1,2,0,1827,A
2-PB1,715,1815,0,4,0,1819,A
2-PB1,716,2,8,1824,0,1834,G
2-PB1,717,0,3,1858,0,1861,G
2-PB1,718,1,0,1862,0,1863,G
2-PB1,719,0,2,0,1873,1875,C
2-PB1,720,0,1871,0,2,1873,T
2-PB1,721,1882,1,0,0,1883,A
2-PB1,722,1,1912,0,2,1915,T
2-PB1,723,0,1910,0,1,1911,T
2-PB1,724,5,0,1920,0,1925,G
2-PB1,725,0,1,0,1903,1904,C
2-PB1,726,1846,0,5,0,1851,A
2-PB1,727,1848,0,5,0,1853,A
2-PB1,728,0,0,0,1844,1844,C
2-PB1,729,1845,0,1,0,1846,A
2-PB1,730,0,0,0,1841,1841,C
2-PB1,731,0,0,0,1802,1802,C
2-PB1,732,3,2,0,1796,1801,C
2-PB1,733,1,2,1794,0,1797,G
2-PB1,734,0,2,1803,0,1805,G
2-PB1,735,2,0,1805,0,1807,G
2-PB1,736,1809,0,1,0,1810,A
2-PB1,737,0,1785,0,1,1786,T
2-PB1,738,1,0,1798,0,1799,G
2-PB1,739,0,11,0,1773,1784,C
2-PB1,740,1802,0,4,0,1806,A
2-PB1,741,1833,2,3,0,1838,A
2-PB1,742,1861,1,0,0,1862,A
2-PB1,743,0,1853,0,0,1853,T
2-PB1,744,0,1852,0,0,1852,T
2-PB1,745,1834,0,0,1,1835,A
2-PB1,746,0,0,1837,0,1837,G
2-PB1,747,1821,0,3,0,1824,A
2-PB1,748,0,4,1824,0,1828,G
2-PB1,749,0,3,1810,0,1813,G
2-PB1,750,1,1,1851,0,1853,G
2-PB1,751,0,1846,0,7,1853,T
2-PB1,752,0,1850,0,1,1851,T
2-PB1,753,4,1,0,1857,1862,C
2-PB1,754,0,0,1872,0,1872,G
2-PB1,755,0,1869,0,2,1871,T
2-PB1,756,1,0,1873,0,1874,G
2-PB1,757,0,1870,1,2,1873,T
2-PB1,758,1859,0,1,0,1860,A
2-PB1,759,0,0,0,1856,1856,C
2-PB1,760,0,1766,1,2,1769,T
2-PB1,761,0,1776,0,1,1777,T
2-PB1,762,2,0,0,1754,1756,C
2-PB1,763,1,0,1739,0,1740,G
2-PB1,764,0,1736,0,1,1737,T
2-PB1,765,0,1730,0,5,1735,T
2-PB1,766,0,2,1730,0,1732,G
2-PB1,767,1733,0,1,0,1734,A
2-PB1,768,1731,0,1,0,1732,A
2-PB1,769,1737,0,1,1,1739,A
2-PB1,770,0,0,0,1750,1750,C
2-PB1,771,0,1729,0,0,1729,T
2-PB1,772,1,1727,0,0,1728,T
2-PB1,773,0,1729,0,0,1729,T
2-PB1,774,1763,0,1,0,1764,A
2-PB1,775,0,0,1774,0,1774,G
2-PB1,776,0,0,0,1777,1777,C
2-PB1,777,0,1770,0,1,1771,T
2-PB1,778,1758,1,2,0,1761,A
2-PB1,779,0,1,1758,0,1759,G
2-PB1,780,1764,0,0,0,1764,A
2-PB1,781,1755,0,5,0,1760,A
2-PB1,782,0,0,1767,0,1767,G
2-PB1,783,1,1,0,1734,1736,C
2-PB1,784,1732,0,0,0,1732,A
2-PB1,785,0,1717,0,1,1718,T
2-PB1,786,0,1717,1,0,1718,T
2-PB1,787,0,1716,0,3,1719,T
2-PB1,788,1,0,1720,0,1721,G
2-PB1,789,1,1,0,1717,1719,C
2-PB1,790,0,0,1724,0,1724,G
2-PB1,791,1714,0,3,0,1717,A
2-PB1,792,1706,0,1,1,1708,A
2-PB1,793,1701,2,1,1,1705,A
2-PB1,794,1742,1,1,0,1744,A
2-PB1,795,1,0,1761,0,1762,G
2-PB1,796,1,0,0,1758,1759,C
2-PB1,797,0,1761,0,0,1761,T
2-PB1,798,1,1761,0,1,1763,T
2-PB1,799,0,2,1761,0,1763,G
2-PB1,800,1761,0,3,0,1764,A
2-PB1,801,1765,0,0,0,1765,A
2-PB1,802,0,1,0,1770,1771,C
2-PB1,803,1714,0,1,0,1715,A
2-PB1,804,0,0,1890,0,1890,G
2-PB1,805,0,1865,0,1,1866,T
2-PB1,806,3,0,0,1864,1867,C
2-PB1,807,0,1862,0,3,1865,T
2-PB1,808,0,1,1865,0,1866,G
2-PB1,809,0,1,1873,0,1874,G
2-PB1,810,1868,0,1,0,1869,A
2-PB1,811,1,0,0,1874,1875,C
2-PB1,812,0,1810,0,3,1813,T
2-PB1,813,0,1690,0,0,1690,T
2-PB1,814,1,0,0,1685,1686,C
2-PB1,815,3,1,0,1684,1688,C
2-PB1,816,1,1,1690,0,1692,G
2-PB1,817,0,1,1696,0,1697,G
2-PB1,818,0,1688,0,2,1690,T
2-PB1,819,0,1683,0,0,1683,T
2-PB1,820,0,5,1679,0,1684,G
2-PB1,821,2,4,1686,0,1692,G
2-PB1,822,2,3,1699,0,1704,G
2-PB1,823,0,2,1695,0,1697,G
2-PB1,824,1,1,1701,0,1703,G
2-PB1,825,0,1693,0,0,1693,T
2-PB1,826,1697,1,0,0,1698,A
2-PB1,827,1703,0,2,0,1705,A
2-PB1,828,1,1706,0,1,1708,T
2-PB1,829,0,3,1706,0,1709,G
2-PB1,830,1681,0,0,0,1681,A
2-PB1,831,1662,0,3,0,1665,A
2-PB1,832,1666,0,1,0,1667,A
2-PB1,833,1658,0,1,0,1659,A
2-PB1,834,0,0,1662,0,1662,G
2-PB1,835,1641,1,2,0,1644,A
2-PB1,836,1630,0,4,0,1634,A
2-PB1,837,2,1,1648,0,1651,G
2-PB1,838,0,1,1645,0,1646,G
2-PB1,839,1,0,0,1635,1636,C
2-PB1,840,2,1,0,1635,1638,C
2-PB1,841,1636,0,0,0,1636,A
2-PB1,842,1637,1,0,0,1638,A
2-PB1,843,1638,0,0,0,1638,A
2-PB1,844,0,0,0,1642,1642,C
2-PB1,845,0,1637,0,1,1638,T
2-PB1,846,1,0,1654,0,1655,G
2-PB1,847,0,0,1649,0,1649,G
2-PB1,848,1,0,0,1647,1648,C
2-PB1,849,1662,0,0,0,1662,A
2-PB1,850,1659,1,0,0,1660,A
2-PB1,851,1663,0,2,0,1665,A
2-PB1,852,0,1666,0,0,1666,T
2-PB1,853,0,0,1671,0,1671,G
2-PB1,854,0,1660,0,6,1666,T
2-PB1,855,0,1621,0,0,1621,T
2-PB1,856,1,0,1624,0,1625,G
2-PB1,857,0,1624,0,0,1624,T
2-PB1,858,0,5,1621,0,1626,G
2-PB1,859,1621,1,2,0,1624,A
2-PB1,860,0,1,1631,0,1632,G
2-PB1,861,1622,1,4,0,1627,A
2-PB1,862,1623,2,0,0,1625,A
2-PB1,863,1623,0,0,0,1623,A
2-PB1,864,1626,0,0,0,1626,A
2-PB1,865,1625,0,1,0,1626,A
2-PB1,866,0,1626,0,2,1628,T
2-PB1,867,1,0,1622,0,1623,G
2-PB1,868,1617,0,2,0,1619,A
2-PB1,869,0,1605,0,0,1605,T
2-PB1,870,0,2,1619,0,1621,G
2-PB1,871,1622,0,0,0,1622,A
2-PB1,872,1,2,0,1629,1632,C
2-PB1,873,0,1624,0,3,1627,T
2-PB1,874,1623,0,0,0,1623,A
2-PB1,875,1639,0,1,0,1640,A
2-PB1,876,2,1631,1,0,1634,T
2-PB1,877,0,1632,0,8,1640,T
2-PB1,878,3,1,0,1646,1650,C
2-PB1,879,1639,1,3,0,1643,A
2-PB1,880,0,1,0,1645,1646,C
2-PB1,881,1617,0,1,0,1618,A
2-PB1,882,1617,0,3,0,1620,A
2-PB1,883,0,2,1619,0,1621,G
2-PB1,884,1624,0,4,0,1628,A
2-PB1,885,1,0,0,1618,1619,C
2-PB1,886,1606,1,3,0,1610,A
2-PB1,887,1,0,0,1606,1607,C
2-PB1,888,1592,0,1,0,1593,A
2-PB1,889,0,1,1606,0,1607,G
2-PB1,890,1601,0,2,0,1603,A
2-PB1,891,0,0,1602,0,1602,G
2-PB1,892,0,0,0,1592,1592,C
2-PB1,893,1,1550,0,4,1555,T
2-PB1,894,0,1558,1,1,1560,T
2-PB1,895,0,1560,0,2,1562,T
2-PB1,896,1,0,0,1566,1567,C
2-PB1,897,0,1569,0,0,1569,T
2-PB1,898,0,1554,0,5,1559,T
2-PB1,899,0,1560,0,0,1560,T
2-PB1,900,2,0,0,1560,1562,C
2-PB1,901,1554,1,4,0,1559,A
2-PB1,902,0,0,0,1565,1565,C
2-PB1,903,1541,0,2,0,1543,A
2-PB1,904,1548,0,3,0,1551,A
2-PB1,905,1,1558,0,3,1562,T
2-PB1,906,6,0,1,1562,1569,C
2-PB1,907,1578,0,1,0,1579,A
2-PB1,908,1,2,0,1579,1582,C
2-PB1,909,1,1575,0,0,1576,T
2-PB1,910,0,3,1578,0,1581,G
2-PB1,911,1,4,1573,0,1578,G
2-PB1,912,0,1,1605,0,1606,G
2-PB1,913,0,0,1605,2,1607,G
2-PB1,914,1562,0,1,0,1563,A
2-PB1,915,0,0,0,1484,1484,C
2-PB1,916,1501,1,0,0,1502,A
2-PB1,917,1576,0,2,0,1578,A
2-PB1,918,2,0,0,1588,1590,C
2-PB1,919,1575,0,1,0,1576,A
2-PB1,920,0,1,0,1576,1577,C
2-PB1,921,0,1491,0,1,1492,T
2-PB1,922,1491,0,2,0,1493,A
2-PB1,923,1496,0,0,0,1496,A
2-PB1,924,0,0,1501,0,1501,G
2-PB1,925,0,1490,0,1,1491,T
2-PB1,926,0,0,1356,0,1356,G
2-PB1,927,1,0,1339,0,1340,G
2-PB1,928,1335,0,2,0,1337,A
2-PB1,929,1335,0,4,0,1339,A
2-PB1,930,0,1332,0,1,1333,T
2-PB1,931,0,2,1328,0,1330,G
2-PB1,932,1329,0,0,0,1329,A
2-PB1,933,1304,0,0,0,1304,A
2-PB1,934,1316,0,0,0,1316,A
2-PB1,935,1320,0,0,0,1320,A
2-PB1,936,0,1312,0,0,1312,T
2-PB1,937,3,0,0,1309,1312,C
2-PB1,938,1306,0,5,0,1311,A
2-PB1,939,1310,0,1,0,1311,A
2-PB1,940,1305,0,0,0,1305,A
2-PB1,941,1305,0,3,0,1308,A
2-PB1,942,1,0,0,1311,1312,C
2-PB1,943,3,0,0,1289,1292,C
2-PB1,944,4,0,0,1280,1284,C
2-PB1,945,1,1280,0,1,1282,T
2-PB1,946,0,1,0,1287,1288,C
2-PB1,947,2,1,1286,0,1289,G
2-PB1,948,1287,0,0,0,1287,A
2-PB1,949,1282,0,1,0,1283,A
2-PB1,950,1,1287,0,0,1288,T
2-PB1,951,1,0,1286,0,1287,G
2-PB1,952,1,1272,2,1,1276,T
2-PB1,953,1,1270,0,1,1272,T
2-PB1,954,0,1271,0,0,1271,T
2-PB1,955,0,1274,0,1,1275,T
2-PB1,956,0,1272,0,2,1274,T
2-PB1,957,0,1,1272,0,1273,G
2-PB1,958,1,1,1268,0,1270,G
2-PB1,959,0,0,0,1267,1267,C
2-PB1,960,0,1,1243,1,1245,G
2-PB1,961,1244,0,0,0,1244,A
2-PB1,962,1,1272,0,1,1274,T
2-PB1,963,1,1,1321,0,1323,G
2-PB1,964,1366,0,1,0,1367,A
2-PB1,965,0,1366,0,3,1369,T
2-PB1,966,0,1372,0,1,1373,T
2-PB1,967,1382,0,0,0,1382,A
2-PB1,968,0,0,0,1384,1384,C
2-PB1,969,1388,0,0,0,1388,A
2-PB1,970,1,1382,0,0,1383,T
2-PB1,971,1277,0,2,0,1279,A
2-PB1,972,0,1,1,1281,1283,C
2-PB1,973,1121,0,1,0,1122,A
2-PB1,974,2,1109,0,2,1113,T
2-PB1,975,2,0,0,1110,1112,C
2-PB1,976,1105,0,1,0,1106,A
2-PB1,977,0,1,0,1109,1110,C
2-PB1,978,1094,0,0,0,1094,A
2-PB1,979,1092,0,0,0,1092,A
2-PB1,980,1086,0,1,0,1087,A
2-PB1,981,0,0,1037,0,1037,G
2-PB1,982,1086,2,1,0,1089,A
2-PB1,983,1092,0,0,0,1092,A
2-PB1,984,0,1092,0,0,1092,T
2-PB1,985,1,0,0,1087,1088,C
2-PB1,986,1093,0,0,0,1093,A
2-PB1,987,1099,0,0,0,1099,A
2-PB1,988,0,0,0,1100,1100,C
2-PB1,989,0,1,0,1101,1102,C
2-PB1,990,1,1020,0,1,1022,T
2-PB1,991,0,2,1021,0,1023,G
2-PB1,992,1019,0,0,0,1019,A
2-PB1,993,0,0,1018,0,1018,G
2-PB1,994,1,1007,0,0,1008,T
2-PB1,995,0,1,980,0,981,G
2-PB1,996,0,1,1026,0,1027,G
2-PB1,997,0,1017,0,1,1018,T
2-PB1,998,0,1012,0,2,1014,T
2-PB1,999,3,0,0,1015,1018,C
2-PB1,1000,995,0,1,0,996,A
2-PB1,1001,0,0,1015,0,1015,G
2-PB1,1002,1009,0,2,0,1011,A
2-PB1,1003,1008,2,2,0,1012,A
2-PB1,1004,1011,0,0,0,1011,A
2-PB1,1005,0,0,0,872,872,C
2-PB1,1006,870,0,0,0,870,A
2-PB1,1007,0,866,0,1,867,T
2-PB1,1008,1,0,0,872,873,C
2-PB1,1009,0,0,0,881,881,C
2-PB1,1010,0,820,0,0,820,T
2-PB1,1011,0,1,820,0,821,G
2-PB1,1012,818,0,2,0,820,A
2-PB1,1013,0,0,821,0,821,G
2-PB1,1014,0,0,0,814,814,C
2-PB1,1015,772,0,0,0,772,A
2-PB1,1016,0,769,1,1,771,T
2-PB1,1017,3,0,0,759,762,C
2-PB1,1018,1,3,758,0,762,G
2-PB1,1019,0,1,0,785,786,C
2-PB1,1020,790,0,0,0,790,A
2-PB1,1021,1,0,0,823,824,C
2-PB1,1022,3,0,0,822,825,C
2-PB1,1023,823,0,0,0,823,A
2-PB1,1024,830,0,1,0,831,A
2-PB1,1025,0,831,0,0,831,T
2-PB1,1026,833,0,0,0,833,A
2-PB1,1027,832,0,0,0,832,A
2-PB1,1028,0,809,0,0,809,T
2-PB1,1029,0,0,807,0,807,G
2-PB1,1030,0,787,0,1,788,T
2-PB1,1031,0,779,0,1,780,T
2-PB1,1032,1,0,0,783,784,C
2-PB1,1033,0,781,0,0,781,T
2-PB1,1034,0,0,0,781,781,C
2-PB1,1035,779,0,0,0,779,A
2-PB1,1036,780,0,0,0,780,A
2-PB1,1037,778,0,1,0,779,A
2-PB1,1038,1,1,0,782,784,C
2-PB1,1039,781,0,0,0,781,A
2-PB1,1040,780,0,0,0,780,A
2-PB1,1041,776,0,1,0,777,A
2-PB1,1042,775,0,2,0,777,A
2-PB1,1043,0,778,0,1,779,T
2-PB1,1044,0,1,776,0,777,G
2-PB1,1045,0,2,774,0,776,G
2-PB1,1046,0,0,0,777,777,C
2-PB1,1047,770,0,2,0,772,A
2-PB1,1048,775,0,0,0,775,A
2-PB1,1049,0,0,777,0,777,G
2-PB1,1050,769,0,1,0,770,A
2-PB1,1051,0,758,0,1,759,T
2-PB1,1052,0,773,0,2,775,T
2-PB1,1053,2,0,779,0,781,G
2-PB1,1054,0,0,778,0,778,G
2-PB1,1055,1,0,780,0,781,G
2-PB1,1056,780,0,0,0,780,A
2-PB1,1057,777,0,0,0,777,A
2-PB1,1058,772,0,0,0,772,A
2-PB1,1059,770,0,2,0,772,A
2-PB1,1060,0,0,796,0,796,G
2-PB1,1061,0,0,795,0,795,G
2-PB1,1062,794,0,1,0,795,A
2-PB1,1063,0,796,0,1,797,T
2-PB1,1064,797,0,1,1,799,A
2-PB1,1065,0,0,0,798,798,C
2-PB1,1066,797,0,0,0,797,A
2-PB1,1067,0,797,0,1,798,T
2-PB1,1068,0,0,800,0,800,G
2-PB1,1069,0,783,0,1,784,T
2-PB1,1070,1,781,0,0,782,T
2-PB1,1071,3,0,0,781,784,C
2-PB1,1072,1,1,783,0,785,G
2-PB1,1073,785,0,1,0,786,A
2-PB1,1074,0,3,792,0,795,G
2-PB1,1075,786,0,0,0,786,A
2-PB1,1076,1,0,791,0,792,G
2-PB1,1077,0,788,0,0,788,T
2-PB1,1078,784,0,1,0,785,A
2-PB1,1079,784,0,1,0,785,A
2-PB1,1080,0,0,791,0,791,G
2-PB1,1081,785,0,1,1,787,A
2-PB1,1082,0,1,798,0,799,G
2-PB1,1083,773,0,0,0,773,A
2-PB1,1084,779,0,0,0,779,A
2-PB1,1085,0,772,0,0,772,T
2-PB1,1086,0,0,773,0,773,G
2-PB1,1087,773,0,0,0,773,A
2-PB1,1088,765,0,1,0,766,A
2-PB1,1089,0,0,768,0,768,G
2-PB1,1090,0,1,0,764,765,C
2-PB1,1091,1,753,1,0,755,T
2-PB1,1092,0,0,0,757,757,C
2-PB1,1093,0,0,0,762,762,C
2-PB1,1094,0,0,765,0,765,G
2-PB1,1095,0,0,768,0,768,G
2-PB1,1096,768,0,3,0,771,A
2-PB1,1097,0,0,0,780,780,C
2-PB1,1098,778,0,1,0,779,A
2-PB1,1099,0,0,0,783,783,C
2-PB1,1100,779,0,0,1,780,A
2-PB1,1101,779,0,1,0,780,A
2-PB1,1102,779,0,1,0,780,A
2-PB1,1103,0,778,0,0,778,T
2-PB1,1104,783,0,0,1,784,A
2-PB1,1105,0,0,0,777,777,C
2-PB1,1106,2,3,0,776,781,C
2-PB1,1107,0,772,0,1,773,T
2-PB1,1108,0,0,776,0,776,G
2-PB1,1109,1,0,0,779,780,C
2-PB1,1110,777,0,1,0,778,A
2-PB1,1111,1,1,776,0,778,G
2-PB1,1112,775,0,1,0,776,A
2-PB1,1113,776,0,0,0,776,A
2-PB1,1114,779,0,0,0,779,A
2-PB1,1115,0,781,0,0,781,T
2-PB1,1116,0,0,782,0,782,G
2-PB1,1117,0,0,0,776,776,C
2-PB1,1118,0,778,0,0,778,T
2-PB1,1119,788,0,0,0,788,A
2-PB1,1120,0,0,789,0,789,G
2-PB1,1121,0,0,0,788,788,C
2-PB1,1122,787,0,0,0,787,A
2-PB1,1123,786,0,1,0,787,A
2-PB1,1124,0,0,781,0,781,G
2-PB1,1125,2,0,0,780,782,C
2-PB1,1126,773,0,1,0,774,A
2-PB1,1127,0,781,0,0,781,T
2-PB1,1128,0,787,0,0,787,T
2-PB1,1129,0,1,813,0,814,G
2-PB1,1130,822,0,1,0,823,A
2-PB1,1131,0,0,0,822,822,C
2-PB1,1132,2,0,0,825,827,C
2-PB1,1133,0,817,0,0,817,T
2-PB1,1134,0,0,830,0,830,G
2-PB1,1135,828,0,0,0,828,A
2-PB1,1136,831,0,0,0,831,A
2-PB1,1137,1,0,842,0,843,G
2-PB1,1138,1,815,0,1,817,T
2-PB1,1139,825,0,0,0,825,A
2-PB1,1140,0,816,0,1,817,T
2-PB1,1141,0,813,0,1,814,T
2-PB1,1142,1,816,0,0,817,T
2-PB1,1143,2,0,0,805,807,C
2-PB1,1144,809,0,1,0,810,A
2-PB1,1145,810,0,0,0,810,A
2-PB1,1146,0,798,0,0,798,T
2-PB1,1147,0,0,796,0,796,G
2-PB1,1148,793,0,0,0,793,A
2-PB1,1149,791,0,0,1,792,A
2-PB1,1150,0,794,0,2,796,T
2-PB1,1151,2,3,0,795,800,C
2-PB1,1152,802,0,0,0,802,A
2-PB1,1153,799,1,3,0,803,A
2-PB1,1154,0,0,0,801,801,C
2-PB1,1155,798,0,0,0,798,A
2-PB1,1156,793,1,1,0,795,A
2-PB1,1157,0,2,793,0,795,G
2-PB1,1158,1,0,801,0,802,G
2-PB1,1159,802,0,0,0,802,A
2-PB1,1160,797,0,2,0,799,A
2-PB1,1161,0,0,799,0,799,G
2-PB1,1162,797,0,0,0,797,A
2-PB1,1163,798,0,0,0,798,A
2-PB1,1164,799,0,0,0,799,A
2-PB1,1165,794,0,1,0,795,A
2-PB1,1166,0,793,0,1,794,T
2-PB1,1167,0,785,0,0,785,T
2-PB1,1168,0,0,785,0,785,G
2-PB1,1169,777,0,5,0,782,A
2-PB1,1170,0,1,781,0,782,G
2-PB1,1171,782,0,1,0,783,A
2-PB1,1172,788,0,0,0,788,A
2-PB1,1173,802,0,2,0,804,A
2-PB1,1174,803,0,1,0,804,A
2-PB1,1175,0,806,0,0,806,T
2-PB1,1176,804,0,0,0,804,A
2-PB1,1177,803,0,0,0,803,A
2-PB1,1178,1,0,803,0,804,G
2-PB1,1179,0,0,806,0,806,G
2-PB1,1180,0,0,0,803,803,C
2-PB1,1181,1,0,0,791,792,C
2-PB1,1182,0,801,0,0,801,T
2-PB1,1183,1,0,0,892,893,C
2-PB1,1184,0,911,0,0,911,T
2-PB1,1185,0,914,0,0,914,T
2-PB1,1186,1,0,0,932,933,C
2-PB1,1187,0,932,0,0,932,T
2-PB1,1188,936,0,0,0,936,A
2-PB1,1189,933,0,1,0,934,A
2-PB1,1190,1,932,0,0,933,T
2-PB1,1191,941,0,0,0,941,A
2-PB1,1192,0,0,918,0,918,G
2-PB1,1193,843,0,0,0,843,A
2-PB1,1194,0,842,0,0,842,T
2-PB1,1195,1,0,829,0,830,G
2-PB1,1196,1,0,837,0,838,G
2-PB1,1197,0,1,0,837,838,C
2-PB1,1198,838,0,2,0,840,A
2-PB1,1199,0,0,0,839,839,C
2-PB1,1200,832,0,0,0,832,A
2-PB1,1201,0,0,855,0,855,G
2-PB1,1202,0,0,0,854,854,C
2-PB1,1203,857,0,1,0,858,A
2-PB1,1204,0,872,0,1,873,T
2-PB1,1205,0,1,0,875,876,C
2-PB1,1206,883,1,0,0,884,A
2-PB1,1207,0,883,1,0,884,T
2-PB1,1208,0,880,0,0,880,T
2-PB1,1209,0,2,874,0,876,G
2-PB1,1210,852,0,2,0,854,A
2-PB1,1211,1,0,876,0,877,G
2-PB1,1212,0,0,0,873,873,C
2-PB1,1213,0,0,0,864,864,C
2-PB1,1214,0,0,0,882,882,C
2-PB1,1215,1,867,0,2,870,T
2-PB1,1216,0,0,970,0,970,G
2-PB1,1217,1,1,991,0,993,G
2-PB1,1218,988,0,3,0,991,A
2-PB1,1219,1034,0,3,0,1037,A
2-PB1,1220,0,1015,0,0,1015,T
2-PB1,1221,1,1,1054,1,1057,G
2-PB1,1222,1086,0,0,0,1086,A
2-PB1,1223,0,1087,0,11,1098,T
2-PB1,1224,1,2,1098,1,1102,G
2-PB1,1225,1094,0,1,0,1095,A
2-PB1,1226,0,1092,0,0,1092,T
2-PB1,1227,0,2,1100,0,1102,G
2-PB1,1228,1,1,1120,2,1124,G
2-PB1,1229,0,0,1128,0,1128,G
2-PB1,1230,0,0,0,1120,1120,C
2-PB1,1231,1123,0,2,0,1125,A
2-PB1,1232,2,1130,0,2,1134,T
2-PB1,1233,0,1,1176,0,1177,G
2-PB1,1234,0,1176,0,4,1180,T
2-PB1,1235,0,1187,0,0,1187,T
2-PB1,1236,3,0,0,1184,1187,C
2-PB1,1237,1175,0,2,0,1177,A
2-PB1,1238,1183,0,2,0,1185,A
2-PB1,1239,0,0,0,1188,1188,C
2-PB1,1240,1195,0,0,0,1195,A
2-PB1,1241,0,1207,0,2,1209,T
2-PB1,1242,0,1,1214,0,1215,G
2-PB1,1243,0,0,0,1218,1218,C
2-PB1,1244,0,1214,0,1,1215,T
2-PB1,1245,1216,0,12,0,1228,A
2-PB1,1246,1225,0,1,0,1226,A
2-PB1,1247,0,1,1255,0,1256,G
2-PB1,1248,0,1251,0,1,1252,T
2-PB1,1249,1249,0,0,0,1249,A
2-PB1,1250,0,0,0,1253,1253,C
2-PB1,1251,0,4,1254,0,1258,G
2-PB1,1252,0,1,1374,0,1375,G
2-PB1,1253,0,1366,0,2,1368,T
2-PB1,1254,1,1356,0,0,1357,T
2-PB1,1255,0,1364,0,0,1364,T
2-PB1,1256,0,1354,1,0,1355,T
2-PB1,1257,1356,0,1,0,1357,A
2-PB1,1258,0,1,1358,0,1359,G
2-PB1,1259,0,4,1352,0,1356,G
2-PB1,1260,1335,1,2,0,1338,A
2-PB1,1261,1,0,1325,0,1326,G
2-PB1,1262,0,1342,0,2,1344,T
2-PB1,1263,1,1,0,1347,1349,C
2-PB1,1264,0,1345,0,2,1347,T
2-PB1,1265,4,0,0,1348,1352,C
2-PB1,1266,0,2,1348,0,1350,G
2-PB1,1267,1406,0,0,0,1406,A
2-PB1,1268,0,1401,0,2,1403,T
2-PB1,1269,1418,0,3,0,1421,A
2-PB1,1270,0,0,0,1417,1417,C
2-PB1,1271,1,1395,0,2,1398,T
2-PB1,1272,0,4,1397,1,1402,G
2-PB1,1273,1399,0,2,0,1401,A
2-PB1,1274,1423,0,0,0,1423,A
2-PB1,1275,0,1429,0,1,1430,T
2-PB1,1276,0,0,0,1407,1407,C
2-PB1,1277,0,1409,1,0,1410,T
2-PB1,1278,1,1395,1,2,1399,T
2-PB1,1279,0,3,1403,0,1406,G
2-PB1,1280,0,1,1407,0,1408,G
2-PB1,1281,1404,0,1,0,1405,A
2-PB1,1282,0,0,0,1405,1405,C
2-PB1,1283,1386,1,0,0,1387,A
2-PB1,1284,1389,0,1,0,1390,A
2-PB1,1285,1395,0,1,0,1396,A
2-PB1,1286,1390,0,8,0,1398,A
2-PB1,1287,0,3,1433,0,1436,G
2-PB1,1288,1437,0,2,0,1439,A
2-PB1,1289,1434,0,1,0,1435,A
2-PB1,1290,1434,0,5,0,1439,A
2-PB1,1291,0,1436,0,1,1437,T
2-PB1,1292,1434,0,2,0,1436,A
2-PB1,1293,0,2,0,1499,1501,C
2-PB1,1294,1492,0,0,0,1492,A
2-PB1,1295,1,0,0,1496,1497,C
2-PB1,1296,0,0,0,1487,1487,C
2-PB1,1297,1482,0,1,0,1483,A
2-PB1,1298,1501,1,2,0,1504,A
2-PB1,1299,0,1,1547,0,1548,G
2-PB1,1300,1561,0,3,0,1564,A
2-PB1,1301,0,0,0,1571,1571,C
2-PB1,1302,1551,0,3,0,1554,A
2-PB1,1303,1608,0,1,1,1610,A
2-PB1,1304,1,0,0,1619,1620,C
2-PB1,1305,1635,0,2,0,1637,A
2-PB1,1306,0,1650,1,0,1651,T
2-PB1,1307,1639,0,0,0,1639,A
2-PB1,1308,1,0,0,1672,1673,C
2-PB1,1309,0,1622,1,1,1624,T
2-PB1,1310,1,6,1638,0,1645,G
2-PB1,1311,1,0,1643,0,1644,G
2-PB1,1312,1,1596,0,4,1601,T
2-PB1,1313,0,1,1592,0,1593,G
2-PB1,1314,1,1,1580,0,1582,G
2-PB1,1315,1,4,1584,0,1589,G
2-PB1,1316,1588,0,2,0,1590,A
2-PB1,1317,0,1573,0,0,1573,T
2-PB1,1318,2,4,1562,0,1568,G
2-PB1,1319,0,1,1565,0,1566,G
2-PB1,1320,11,2,1566,1,1580,G
2-PB1,1321,1,1,0,1605,1607,C
2-PB1,1322,1,1588,2,4,1595,T
2-PB1,1323,2,3,1,1600,1606,C
2-PB1,1324,1,1,0,1600,1602,C
2-PB1,1325,1597,1,1,0,1599,A
2-PB1,1326,1599,1,0,1,1601,A
2-PB1,1327,0,1591,0,2,1593,T
2-PB1,1328,2,0,0,1589,1591,C
2-PB1,1329,0,0,1,1584,1585,C
2-PB1,1330,0,1570,0,1,1571,T
2-PB1,1331,3,0,0,1572,1575,C
2-PB1,1332,2,0,0,1571,1573,C
2-PB1,1333,1,11,1560,0,1572,G
2-PB1,1334,1571,0,0,0,1571,A
2-PB1,1335,0,0,0,1568,1568,C
2-PB1,1336,1,3,1568,0,1572,G
2-PB1,1337,1581,0,1,0,1582,A
2-PB1,1338,0,1576,0,2,1578,T
2-PB1,1339,0,1581,0,2,1583,T
2-PB1,1340,0,1579,0,1,1580,T
2-PB1,1341,0,1583,0,0,1583,T
2-PB1,1342,0,1,1585,0,1586,G
2-PB1,1343,0,0,0,1592,1592,C
2-PB1,1344,1,0,0,1595,1596,C
2-PB1,1345,1,0,1,1650,1652,C
2-PB1,1346,0,1624,0,2,1626,T
2-PB1,1347,0,4,0,1702,1706,C
2-PB1,1348,1712,0,1,0,1713,A
2-PB1,1349,0,1719,0,1,1720,T
2-PB1,1350,1721,0,0,0,1721,A
2-PB1,1351,1,0,1735,0,1736,G
2-PB1,1352,1,1717,0,1,1719,T
2-PB1,1353,0,2,1726,0,1728,G
2-PB1,1354,1682,0,1,0,1683,A
2-PB1,1355,1684,0,2,0,1686,A
2-PB1,1356,0,1631,0,0,1631,T
2-PB1,1357,1,1,1623,0,1625,G
2-PB1,1358,1,1,0,1640,1642,C
2-PB1,1359,1642,0,5,0,1647,A
2-PB1,1360,1,1,0,1651,1653,C
2-PB1,1361,2,0,0,1643,1645,C
2-PB1,1362,1635,0,2,0,1637,A
2-PB1,1363,1632,1,1,0,1634,A
2-PB1,1364,1630,0,1,0,1631,A
2-PB1,1365,0,1593,0,2,1595,T
2-PB1,1366,3,1,0,1641,1645,C
2-PB1,1367,1643,1,0,0,1644,A
2-PB1,1368,0,1645,0,1,1646,T
2-PB1,1369,32,0,1615,0,1647,G
2-PB1,1370,1650,0,5,0,1655,A
2-PB1,1371,0,2,1662,0,1664,G
2-PB1,1372,0,1,1661,0,1662,G
2-PB1,1373,3,3,1666,0,1672,G
2-PB1,1374,1654,0,3,0,1657,A
2-PB1,1375,1672,2,0,0,1674,A
2-PB1,1376,0,1679,0,0,1679,T
2-PB1,1377,1679,1,1,0,1681,A
2-PB1,1378,0,0,0,1683,1683,C
2-PB1,1379,1692,0,1,0,1693,A
2-PB1,1380,1697,0,1,0,1698,A
2-PB1,1381,0,0,1693,0,1693,G
2-PB1,1382,1,1,0,1679,1681,C
2-PB1,1383,1673,0,2,0,1675,A
2-PB1,1384,0,2,1678,0,1680,G
2-PB1,1385,0,0,1683,0,1683,G
2-PB1,1386,1663,1,1,0,1665,A
2-PB1,1387,0,1,1686,0,1687,G
2-PB1,1388,0,1666,0,1,1667,T
2-PB1,1389,0,2,1679,0,1681,G
2-PB1,1390,0,0,1692,0,1692,G
2-PB1,1391,1681,0,7,0,1688,A
2-PB1,1392,0,1691,0,1,1692,T
2-PB1,1393,1659,0,0,0,1659,A
2-PB1,1394,1,0,1670,0,1671,G
2-PB1,1395,1697,0,2,0,1699,A
2-PB1,1396,0,1700,0,1,1701,T
2-PB1,1397,0,1691,0,3,1694,T
2-PB1,1398,2,1,0,1761,1764,C
2-PB1,1399,1,1758,0,1,1760,T
2-PB1,1400,1760,0,0,0,1760,A
2-PB1,1401,1,0,0,1759,1760,C
2-PB1,1402,1732,0,2,0,1734,A
2-PB1,1403,0,0,1748,0,1748,G
2-PB1,1404,0,2,1715,0,1717,G
2-PB1,1405,1725,1,3,0,1729,A
2-PB1,1406,0,0,0,1722,1722,C
2-PB1,1407,0,1,0,1684,1685,C
2-PB1,1408,0,1674,1,5,1680,T
2-PB1,1409,1,0,1687,0,1688,G
2-PB1,1410,0,1,0,1684,1685,C
2-PB1,1411,1689,1,2,0,1692,A
2-PB1,1412,1694,0,5,1,1700,A
2-PB1,1413,0,0,1706,0,1706,G
2-PB1,1414,1,1679,0,2,1682,T
2-PB1,1415,0,1682,0,0,1682,T
2-PB1,1416,1662,1,1,0,1664,A
2-PB1,1417,0,0,1673,0,1673,G
2-PB1,1418,0,1662,0,1,1663,T
2-PB1,1419,0,4,1660,0,1664,G
2-PB1,1420,1,4,1653,0,1658,G
2-PB1,1421,0,1,1673,0,1674,G
2-PB1,1422,1666,1,3,0,1670,A
2-PB1,1423,1680,0,3,0,1683,A
2-PB1,1424,0,1680,1,0,1681,T
2-PB1,1425,1,0,0,1683,1684,C
2-PB1,1426,1676,0,3,0,1679,A
2-PB1,1427,1683,0,1,0,1684,A
2-PB1,1428,0,0,0,1681,1681,C
2-PB1,1429,1676,0,3,2,1681,A
2-PB1,1430,0,1643,0,1,1644,T
2-PB1,1431,0,5,1646,1,1652,G
2-PB1,1432,1648,0,2,0,1650,A
2-PB1,1433,2,0,1656,0,1658,G
2-PB1,1434,0,0,0,1654,1654,C
2-PB1,1435,1650,0,2,0,1652,A
2-PB1,1436,1652,0,4,0,1656,A
2-PB1,1437,1660,0,1,0,1661,A
2-PB1,1438,1668,0,1,0,1669,A
2-PB1,1439,1669,0,3,0,1672,A
2-PB1,1440,1,1,1667,0,1669,G
2-PB1,1441,1645,0,0,0,1645,A
2-PB1,1442,1629,0,2,0,1631,A
2-PB1,1443,0,0,1689,1,1690,G
2-PB1,1444,0,1683,0,0,1683,T
2-PB1,1445,4,0,0,1676,1680,C
2-PB1,1446,2,0,0,1691,1693,C
2-PB1,1447,1,1687,0,0,1688,T
2-PB1,1448,1711,0,1,0,1712,A
2-PB1,1449,0,1706,0,0,1706,T
2-PB1,1450,1707,0,0,0,1707,A
2-PB1,1451,0,1707,0,0,1707,T
2-PB1,1452,1681,0,1,0,1682,A
2-PB1,1453,1681,0,0,0,1681,A
2-PB1,1454,1675,0,0,0,1675,A
2-PB1,1455,0,1668,0,4,1672,T
2-PB1,1456,1663,0,0,1,1664,A
2-PB1,1457,1649,2,4,1,1656,A
2-PB1,1458,1668,1,0,0,1669,A
2-PB1,1459,1670,1,2,1,1674,A
2-PB1,1460,2,0,0,1674,1676,C
2-PB1,1461,1615,0,1,1,1617,A
2-PB1,1462,1,1,1609,0,1611,G
2-PB1,1463,0,1,1609,0,1610,G
2-PB1,1464,0,4,1612,0,1616,G
2-PB1,1465,1618,0,1,1,1620,A
2-PB1,1466,3,8,0,1620,1631,C
2-PB1,1467,1622,0,0,0,1622,A
2-PB1,1468,0,1623,2,2,1627,T
2-PB1,1469,0,1622,1,3,1626,T
2-PB1,1470,0,1629,1,1,1631,T
2-PB1,1471,2,5,1623,0,1630,G
2-PB1,1472,1615,0,0,1,1616,A
2-PB1,1473,1615,1,0,0,1616,A
2-PB1,1474,0,1620,0,1,1621,T
2-PB1,1475,0,1596,0,1,1597,T
2-PB1,1476,2,0,0,1596,1598,C
2-PB1,1477,1580,0,2,1,1583,A
2-PB1,1478,0,0,0,1586,1586,C
2-PB1,1479,0,1588,0,0,1588,T
2-PB1,1480,1585,0,3,1,1589,A
2-PB1,1481,0,0,1588,0,1588,G
2-PB1,1482,0,0,0,1586,1586,C
2-PB1,1483,1,1562,0,3,1566,T
2-PB1,1484,0,1588,0,2,1590,T
2-PB1,1485,0,1587,0,1,1588,T
2-PB1,1486,1,1586,0,1,1588,T
2-PB1,1487,0,1591,0,0,1591,T
2-PB1,1488,1,1585,1,1,1588,T
2-PB1,1489,0,1582,1,0,1583,T
2-PB1,1490,1574,0,0,0,1574,A
2-PB1,1491,2,1573,1,1,1577,T
2-PB1,1492,2,0,0,1581,1583,C
2-PB1,1493,1,0,1591,0,1592,G
2-PB1,1494,1654,0,1,0,1655,A
2-PB1,1495,1,1662,0,0,1663,T
2-PB1,1496,1665,0,0,0,1665,A
2-PB1,1497,1,1669,0,1,1671,T
2-PB1,1498,2,3,1666,0,1671,G
2-PB1,1499,0,5,1674,0,1679,G
2-PB1,1500,1677,0,0,0,1677,A
2-PB1,1501,1,1667,0,1,1669,T
2-PB1,1502,1,1661,0,3,1665,T
2-PB1,1503,0,1617,0,1,1618,T
2-PB1,1504,0,0,1618,0,1618,G
2-PB1,1505,0,1613,1,0,1614,T
2-PB1,1506,0,2,1601,0,1603,G
2-PB1,1507,0,1,1600,0,1601,G
2-PB1,1508,0,0,0,1601,1601,C
2-PB1,1509,0,1597,0,0,1597,T
2-PB1,1510,1604,0,0,0,1604,A
2-PB1,1511,1603,1,0,0,1604,A
2-PB1,1512,0,1624,0,0,1624,T
2-PB1,1513,0,1618,1,0,1619,T
2-PB1,1514,0,1622,0,0,1622,T
2-PB1,1515,0,1623,0,0,1623,T
2-PB1,1516,1626,0,3,0,1629,A
2-PB1,1517,3,0,1634,0,1637,G
2-PB1,1518,0,0,0,1640,1640,C
2-PB1,1519,1631,0,2,0,1633,A
2-PB1,1520,0,1618,0,2,1620,T
2-PB1,1521,1,0,1601,0,1602,G
2-PB1,1522,0,3,1622,0,1625,G
2-PB1,1523,1625,0,1,0,1626,A
2-PB1,1524,0,0,1626,0,1626,G
2-PB1,1525,0,0,1,1615,1616,C
2-PB1,1526,0,1604,0,1,1605,T
2-PB1,1527,3,1,1612,0,1616,G
2-PB1,1528,0,0,0,1612,1612,C
2-PB1,1529,2,0,0,1612,1614,C
2-PB1,1530,3,1,0,1613,1617,C
2-PB1,1531,1589,0,0,0,1589,A
2-PB1,1532,0,0,1682,0,1682,G
2-PB1,1533,0,1675,0,1,1676,T
2-PB1,1534,0,1672,0,2,1674,T
2-PB1,1535,1,1671,0,1,1673,T
2-PB1,1536,0,1668,1,0,1669,T
2-PB1,1537,0,4,1660,0,1664,G
2-PB1,1538,0,0,1666,0,1666,G
2-PB1,1539,1657,0,0,0,1657,A
2-PB1,1540,0,0,1664,0,1664,G
2-PB1,1541,0,1515,0,0,1515,T
2-PB1,1542,1,0,1590,0,1591,G
2-PB1,1543,0,1582,0,1,1583,T
2-PB1,1544,19,0,0,1560,1579,C
2-PB1,1545,0,1585,0,0,1585,T
2-PB1,1546,2,0,1592,0,1594,G
2-PB1,1547,2,2,1612,0,1616,G
2-PB1,1548,1613,1,1,0,1615,A
2-PB1,1549,1612,1,2,0,1615,A
2-PB1,1550,0,1608,0,0,1608,T
2-PB1,1551,1501,0,2,0,1503,A
2-PB1,1552,1498,0,1,0,1499,A
2-PB1,1553,1498,0,2,1,1501,A
2-PB1,1554,0,2,0,1505,1507,C
2-PB1,1555,1,4,1493,0,1498,G
2-PB1,1556,1477,0,0,0,1477,A
2-PB1,1557,1,0,1478,0,1479,G
2-PB1,1558,0,1480,0,0,1480,T
2-PB1,1559,2,1,0,1486,1489,C
2-PB1,1560,1482,1,1,0,1484,A
2-PB1,1561,1,0,1502,0,1503,G
2-PB1,1562,0,1,0,1504,1505,C
2-PB1,1563,0,1505,0,0,1505,T
2-PB1,1564,0,0,1569,0,1569,G
2-PB1,1565,1563,1,2,0,1566,A
2-PB1,1566,0,1566,1,0,1567,T
2-PB1,1567,1548,1,21,0,1570,A
2-PB1,1568,1,1545,0,2,1548,T
2-PB1,1569,0,1,1551,0,1552,G
2-PB1,1570,1497,0,1,0,1498,A
2-PB1,1571,1,0,1524,0,1525,G
2-PB1,1572,0,0,0,1529,1529,C
2-PB1,1573,1446,0,0,0,1446,A
2-PB1,1574,0,1447,0,0,1447,T
2-PB1,1575,0,1448,0,0,1448,T
2-PB1,1576,0,3,1461,0,1464,G
2-PB1,1577,1,6,1534,0,1541,G
2-PB1,1578,1522,1,3,0,1526,A
2-PB1,1579,2,0,1528,0,1530,G
2-PB1,1580,0,1477,0,0,1477,T
2-PB1,1581,1471,1,1,0,1473,A
2-PB1,1582,1473,0,1,0,1474,A
2-PB1,1583,0,1,0,1475,1476,C
2-PB1,1584,1473,0,0,0,1473,A
2-PB1,1585,0,0,1495,0,1495,G
2-PB1,1586,0,1361,0,1,1362,T
2-PB1,1587,0,3,1376,0,1379,G
2-PB1,1588,1399,2,0,0,1401,A
2-PB1,1589,2,1399,0,0,1401,T
2-PB1,1590,1392,0,3,0,1395,A
2-PB1,1591,1391,0,3,0,1394,A
2-PB1,1592,1358,0,2,1,1361,A
2-PB1,1593,1,1,1372,0,1374,G
2-PB1,1594,1325,0,1,1,1327,A
2-PB1,1595,1321,1,3,0,1325,A
2-PB1,1596,0,0,0,1331,1331,C
2-PB1,1597,1291,0,1,1,1293,A
2-PB1,1598,1300,0,2,0,1302,A
2-PB1,1599,0,1,0,1307,1308,C
2-PB1,1600,1324,0,2,0,1326,A
2-PB1,1601,1,1319,6,2,1328,T
2-PB1,1602,0,2,1316,0,1318,G
2-PB1,1603,1308,0,11,0,1319,A
2-PB1,1604,1,1317,0,1,1319,T
2-PB1,1605,1306,0,2,0,1308,A
2-PB1,1606,1314,0,2,0,1316,A
2-PB1,1607,1310,0,5,0,1315,A
2-PB1,1608,0,0,0,1319,1319,C
2-PB1,1609,1282,0,1,0,1283,A
2-PB1,1610,1280,0,0,0,1280,A
2-PB1,1611,0,1264,0,2,1266,T
2-PB1,1612,2,4,1264,0,1270,G
2-PB1,1613,1300,0,1,0,1301,A
2-PB1,1614,0,0,0,1317,1317,C
2-PB1,1615,2,0,0,1304,1306,C
2-PB1,1616,0,1260,0,2,1262,T
2-PB1,1617,1,1253,0,2,1256,T
2-PB1,1618,0,1,1254,0,1255,G
2-PB1,1619,1,1,1268,0,1270,G
2-PB1,1620,1278,0,2,0,1280,A
2-PB1,1621,0,0,0,1279,1279,C
2-PB1,1622,2,0,0,1261,1263,C
2-PB1,1623,1252,0,0,0,1252,A
2-PB1,1624,0,0,1259,0,1259,G
2-PB1,1625,1,0,0,1258,1259,C
2-PB1,1626,1260,0,0,0,1260,A
2-PB1,1627,1257,0,2,0,1259,A
2-PB1,1628,0,0,0,1260,1260,C
2-PB1,1629,1239,0,2,0,1241,A
2-PB1,1630,0,0,1270,0,1270,G
2-PB1,1631,1,0,1,1269,1271,C
2-PB1,1632,3,0,0,1257,1260,C
2-PB1,1633,3,0,0,1258,1261,C
2-PB1,1634,1262,0,0,0,1262,A
2-PB1,1635,1261,0,0,0,1261,A
2-PB1,1636,1259,0,1,0,1260,A
2-PB1,1637,0,1259,0,1,1260,T
2-PB1,1638,0,0,1253,0,1253,G
2-PB1,1639,0,1,1220,0,1221,G
2-PB1,1640,0,1,0,1234,1235,C
2-PB1,1641,1,1226,0,1,1228,T
2-PB1,1642,1,1,0,1255,1257,C
2-PB1,1643,0,1257,0,4,1261,T
2-PB1,1644,4,0,1,1261,1266,C
2-PB1,1645,1,1,1,1262,1265,C
2-PB1,1646,1270,0,0,0,1270,A
2-PB1,1647,1269,2,1,0,1272,A
2-PB1,1648,0,1265,0,1,1266,T
2-PB1,1649,0,1253,0,1,1254,T
2-PB1,1650,1,0,1260,0,1261,G
2-PB1,1651,0,1232,0,1,1233,T
2-PB1,1652,0,1233,0,0,1233,T
2-PB1,1653,6,2,1,1228,1237,C
2-PB1,1654,1232,0,3,1,1236,A
2-PB1,1655,0,1234,0,2,1236,T
2-PB1,1656,0,0,0,1234,1234,C
2-PB1,1657,1240,0,0,0,1240,A
2-PB1,1658,1240,0,0,0,1240,A
2-PB1,1659,1243,0,2,0,1245,A
2-PB1,1660,0,0,1263,0,1263,G
2-PB1,1661,1260,0,1,0,1261,A
2-PB1,1662,0,1265,0,0,1265,T
2-PB1,1663,0,1267,0,0,1267,T
2-PB1,1664,1274,0,1,0,1275,A
2-PB1,1665,0,2,1,1293,1296,C
2-PB1,1666,1292,0,0,0,1292,A
2-PB1,1667,0,0,1306,0,1306,G
2-PB1,1668,1298,0,7,0,1305,A
2-PB1,1669,0,1326,0,0,1326,T
2-PB1,1670,1332,0,1,0,1333,A
2-PB1,1671,0,1,0,1403,1404,C
2-PB1,1672,1433,0,5,0,1438,A
2-PB1,1673,0,0,0,1515,1515,C
2-PB1,1674,1480,0,2,0,1482,A
2-PB1,1675,0,1493,0,1,1494,T
2-PB1,1676,1478,1,1,0,1480,A
2-PB1,1677,0,1478,0,0,1478,T
2-PB1,1678,1453,0,0,0,1453,A
2-PB1,1679,1,1,1456,0,1458,G
2-PB1,1680,0,0,1445,0,1445,G
2-PB1,1681,0,1379,0,2,1381,T
2-PB1,1682,1,1,1348,0,1350,G
2-PB1,1683,0,1,0,1397,1398,C
2-PB1,1684,3,1,0,1388,1392,C
2-PB1,1685,1408,0,1,0,1409,A
2-PB1,1686,0,1408,0,0,1408,T
2-PB1,1687,1414,0,0,0,1414,A
2-PB1,1688,1,1,1419,0,1421,G
2-PB1,1689,1372,0,1,0,1373,A
2-PB1,1690,0,2,1381,0,1383,G
2-PB1,1691,0,3,1370,0,1373,G
2-PB1,1692,1323,0,2,0,1325,A
2-PB1,1693,0,1,1326,0,1327,G
2-PB1,1694,1319,0,0,0,1319,A
2-PB1,1695,2,0,0,1323,1325,C
2-PB1,1696,1317,0,2,0,1319,A
2-PB1,1697,0,0,0,1338,1338,C
2-PB1,1698,1339,0,0,0,1339,A
2-PB1,1699,1,0,0,1335,1336,C
2-PB1,1700,1319,0,0,0,1319,A
2-PB1,1701,1333,0,2,0,1335,A
2-PB1,1702,1339,0,0,0,1339,A
2-PB1,1703,0,1334,0,0,1334,T
2-PB1,1704,0,0,0,1333,1333,C
2-PB1,1705,2,0,0,1335,1337,C
2-PB1,1706,1317,1,1,0,1319,A
2-PB1,1707,2,2,1316,0,1320,G
2-PB1,1708,1321,0,1,0,1322,A
2-PB1,1709,0,0,0,1342,1342,C
2-PB1,1710,0,5,1339,0,1344,G
2-PB1,1711,1322,2,1,0,1325,A
2-PB1,1712,0,1,1328,0,1329,G
2-PB1,1713,1328,0,1,0,1329,A
2-PB1,1714,1328,0,2,0,1330,A
2-PB1,1715,1,2,1336,0,1339,G
2-PB1,1716,1325,0,2,0,1327,A
2-PB1,1717,0,1319,0,0,1319,T
2-PB1,1718,2,0,0,1309,1311,C
2-PB1,1719,1314,0,1,0,1315,A
2-PB1,1720,0,1309,0,3,1312,T
2-PB1,1721,0,1311,0,0,1311,T
2-PB1,1722,4,0,0,1312,1316,C
2-PB1,1723,0,3,1310,0,1313,G
2-PB1,1724,1294,0,3,0,1297,A
2-PB1,1725,0,1,1305,0,1306,G
2-PB1,1726,1304,0,2,0,1306,A
2-PB1,1727,0,1363,0,2,1365,T
2-PB1,1728,1369,0,1,0,1370,A
2-PB1,1729,1371,0,1,1,1373,A
2-PB1,1730,1373,0,1,0,1374,A
2-PB1,1731,2,1,1375,0,1378,G
2-PB1,1732,1373,0,2,0,1375,A
2-PB1,1733,1337,0,1,0,1338,A
2-PB1,1734,0,1,1347,0,1348,G
2-PB1,1735,0,0,0,1348,1348,C
2-PB1,1736,0,1332,0,0,1332,T
2-PB1,1737,0,0,1346,0,1346,G
2-PB1,1738,1,1338,0,0,1339,T
2-PB1,1739,1,2,1334,0,1337,G
2-PB1,1740,0,2,1338,1,1341,G
2-PB1,1741,0,1,1348,0,1349,G
2-PB1,1742,1353,0,4,0,1357,A
2-PB1,1743,0,1347,0,1,1348,T
2-PB1,1744,2,0,0,1338,1340,C
2-PB1,1745,1340,0,1,0,1341,A
2-PB1,1746,1342,1,0,0,1343,A
2-PB1,1747,1355,0,0,1,1356,A
2-PB1,1748,1,0,0,1353,1354,C
2-PB1,1749,1,1,0,1346,1348,C
2-PB1,1750,2,0,0,1354,1356,C
2-PB1,1751,1356,0,1,0,1357,A
2-PB1,1752,1373,0,4,1,1378,A
2-PB1,1753,0,1371,0,2,1373,T
2-PB1,1754,2,0,0,1376,1378,C
2-PB1,1755,1368,2,1,1,1372,A
2-PB1,1756,1370,0,0,0,1370,A
2-PB1,1757,2,2,1387,0,1391,G
2-PB1,1758,0,3,1381,0,1384,G
2-PB1,1759,2,0,1381,0,1383,G
2-PB1,1760,0,1,0,1389,1390,C
2-PB1,1761,1372,0,2,0,1374,A
2-PB1,1762,0,1,1404,0,1405,G
2-PB1,1763,0,2,1410,0,1412,G
2-PB1,1764,1419,0,1,0,1420,A
2-PB1,1765,0,0,0,1439,1439,C
2-PB1,1766,0,1402,0,2,1404,T
2-PB1,1767,1444,1,0,1,1446,A
2-PB1,1768,0,1441,1,1,1443,T
2-PB1,1769,0,1444,0,0,1444,T
2-PB1,1770,0,0,1445,2,1447,G
2-PB1,1771,0,1,1465,0,1466,G
2-PB1,1772,0,1462,0,2,1464,T
2-PB1,1773,1457,0,8,0,1465,A
2-PB1,1774,1,1442,0,4,1447,T
2-PB1,1775,0,3,0,1450,1453,C
2-PB1,1776,1415,0,0,0,1415,A
2-PB1,1777,0,0,1432,0,1432,G
2-PB1,1778,1430,0,3,0,1433,A
2-PB1,1779,0,1419,0,0,1419,T
2-PB1,1780,0,2,1374,0,1376,G
2-PB1,1781,0,5,1369,0,1374,G
2-PB1,1782,1,1,1363,0,1365,G
2-PB1,1783,0,4,1367,0,1371,G
2-PB1,1784,2,3,1365,0,1370,G
2-PB1,1785,1365,0,3,1,1369,A
2-PB1,1786,1,2,0,1365,1368,C
2-PB1,1787,3,0,0,1355,1358,C
2-PB1,1788,1360,0,0,0,1360,A
2-PB1,1789,1444,0,0,0,1444,A
2-PB1,1790,1446,0,2,0,1448,A
2-PB1,1791,1,1,1,1487,1490,C
2-PB1,1792,0,1469,1,0,1470,T
2-PB1,1793,0,1475,1,0,1476,T
2-PB1,1794,1482,0,1,0,1483,A
2-PB1,1795,0,1483,0,1,1484,T
2-PB1,1796,1479,0,0,0,1479,A
2-PB1,1797,1,0,0,1486,1487,C
2-PB1,1798,1375,2,1,0,1378,A
2-PB1,1799,1385,0,1,1,1387,A
2-PB1,1800,0,1356,0,0,1356,T
2-PB1,1801,1372,0,0,0,1372,A
2-PB1,1802,1,1369,0,0,1370,T
2-PB1,1803,0,2,0,1363,1365,C
2-PB1,1804,1,0,0,1366,1367,C
2-PB1,1805,1,2,1365,0,1368,G
2-PB1,1806,1,1,1368,0,1370,G
2-PB1,1807,1374,0,1,0,1375,A
2-PB1,1808,1379,0,0,0,1379,A
2-PB1,1809,0,1374,0,2,1376,T
2-PB1,1810,0,1,0,1381,1382,C
2-PB1,1811,0,1373,0,3,1376,T
2-PB1,1812,0,1369,0,1,1370,T
2-PB1,1813,1,0,0,1376,1377,C
2-PB1,1814,1372,0,0,0,1372,A
2-PB1,1815,0,1,0,1375,1376,C
2-PB1,1816,1370,0,0,0,1370,A
2-PB1,1817,0,1474,0,0,1474,T
2-PB1,1818,1,1,0,1471,1473,C
2-PB1,1819,1,0,0,1473,1474,C
2-PB1,1820,2,0,0,1479,1481,C
2-PB1,1821,0,1482,0,1,1483,T
2-PB1,1822,0,1,1483,0,1484,G
2-PB1,1823,1479,0,0,0,1479,A
2-PB1,1824,1478,0,3,0,1481,A
2-PB1,1825,0,0,1480,0,1480,G
2-PB1,1826,0,1368,0,2,1370,T
2-PB1,1827,2,0,0,1371,1373,C
2-PB1,1828,0,1336,0,2,1338,T
2-PB1,1829,0,0,1377,0,1377,G
2-PB1,1830,0,0,0,1381,1381,C
2-PB1,1831,0,1376,0,1,1377,T
2-PB1,1832,0,1379,0,0,1379,T
2-PB1,1833,1384,0,0,0,1384,A
2-PB1,1834,1381,0,0,1,1382,A
2-PB1,1835,1380,0,0,0,1380,A
2-PB1,1836,1341,0,5,0,1346,A
2-PB1,1837,0,1359,0,0,1359,T
2-PB1,1838,1,8,1351,0,1360,G
2-PB1,1839,1,9,1346,0,1356,G
2-PB1,1840,2,3,1354,0,1359,G
2-PB1,1841,1353,0,2,0,1355,A
2-PB1,1842,0,0,1363,0,1363,G
2-PB1,1843,1,0,0,1356,1357,C
2-PB1,1844,0,1352,0,0,1352,T
2-PB1,1845,0,0,1352,0,1352,G
2-PB1,1846,1348,1,3,0,1352,A
2-PB1,1847,1,1353,0,0,1354,T
2-PB1,1848,0,2,1360,1,1363,G
2-PB1,1849,1,1,1363,0,1365,G
2-PB1,1850,1362,0,0,0,1362,A
2-PB1,1851,0,1363,0,2,1365,T
2-PB1,1852,0,1,1362,0,1363,G
2-PB1,1853,1362,0,0,1,1363,A
2-PB1,1854,1,2,1375,0,1378,G
2-PB1,1855,1376,1,0,0,1377,A
2-PB1,1856,1383,0,0,0,1383,A
2-PB1,1857,0,1374,0,0,1374,T
2-PB1,1858,1,1368,1,1,1371,T
2-PB1,1859,1372,0,1,0,1373,A
2-PB1,1860,0,1372,0,0,1372,T
2-PB1,1861,2,1,0,1371,1374,C
2-PB1,1862,0,0,1391,0,1391,G
2-PB1,1863,0,2,1380,0,1382,G
2-PB1,1864,0,0,1380,0,1380,G
2-PB1,1865,0,1,1380,0,1381,G
2-PB1,1866,1380,0,2,0,1382,A
2-PB1,1867,1381,1,2,0,1384,A
2-PB1,1868,0,1,1397,0,1398,G
2-PB1,1869,1395,0,12,0,1407,A
2-PB1,1870,0,1,0,1409,1410,C
2-PB1,1871,1,1388,0,3,1392,T
2-PB1,1872,0,1415,0,0,1415,T
2-PB1,1873,0,1411,0,1,1412,T
2-PB1,1874,1,1,1433,0,1435,G
2-PB1,1875,0,1435,0,0,1435,T
2-PB1,1876,1429,0,0,0,1429,A
2-PB1,1877,1425,0,0,0,1425,A
2-PB1,1878,1,1389,1,0,1391,T
2-PB1,1879,2,0,0,1392,1394,C
2-PB1,1880,2,2,0,1381,1385,C
2-PB1,1881,2,1,0,1376,1379,C
2-PB1,1882,0,0,0,1388,1388,C
2-PB1,1883,0,1382,0,0,1382,T
2-PB1,1884,0,1,1385,0,1386,G
2-PB1,1885,1386,0,1,0,1387,A
2-PB1,1886,1388,0,0,0,1388,A
2-PB1,1887,0,1388,0,3,1391,T
2-PB1,1888,1,0,0,1383,1384,C
2-PB1,1889,3,0,0,1368,1371,C
2-PB1,1890,3,0,0,1366,1369,C
2-PB1,1891,0,1368,0,2,1370,T
2-PB1,1892,0,1371,0,1,1372,T
2-PB1,1893,0,1370,0,2,1372,T
2-PB1,1894,0,0,1370,0,1370,G
2-PB1,1895,1,1361,0,1,1363,T
2-PB1,1896,2,0,0,1362,1364,C
2-PB1,1897,1346,0,2,0,1348,A
2-PB1,1898,0,1,1353,0,1354,G
2-PB1,1899,0,0,0,1352,1352,C
2-PB1,1900,0,0,0,1351,1351,C
2-PB1,1901,1353,0,0,0,1353,A
2-PB1,1902,0,1357,1,1,1359,T
2-PB1,1903,1352,0,2,0,1354,A
2-PB1,1904,1361,0,0,0,1361,A
2-PB1,1905,1358,0,4,0,1362,A
2-PB1,1906,0,0,1371,0,1371,G
2-PB1,1907,1348,0,1,0,1349,A
2-PB1,1908,1358,0,0,0,1358,A
2-PB1,1909,1350,1,3,2,1356,A
2-PB1,1910,0,1357,0,0,1357,T
2-PB1,1911,0,1351,0,0,1351,T
2-PB1,1912,2,1,1352,0,1355,G
2-PB1,1913,1347,0,2,0,1349,A
2-PB1,1914,0,2,1357,0,1359,G
2-PB1,1915,0,1354,0,1,1355,T
2-PB1,1916,5,0,0,1361,1366,C
2-PB1,1917,0,1358,0,0,1358,T
2-PB1,1918,0,0,1387,0,1387,G
2-PB1,1919,0,1377,1,3,1381,T
2-PB1,1920,1401,0,0,0,1401,A
2-PB1,1921,1399,0,1,0,1400,A
2-PB1,1922,1396,0,1,1,1398,A
2-PB1,1923,0,1,0,1399,1400,C
2-PB1,1924,1361,0,0,0,1361,A
2-PB1,1925,1386,0,0,0,1386,A
2-PB1,1926,0,1381,0,0,1381,T
2-PB1,1927,0,0,1366,0,1366,G
2-PB1,1928,1,2,0,1375,1378,C
2-PB1,1929,0,1368,0,0,1368,T
2-PB1,1930,0,0,1400,0,1400,G
2-PB1,1931,0,1400,0,1,1401,T
2-PB1,1932,1416,1,2,0,1419,A
2-PB1,1933,0,0,1416,0,1416,G
2-PB1,1934,0,1383,0,0,1383,T
2-PB1,1935,1377,0,2,0,1379,A
2-PB1,1936,1372,0,0,0,1372,A
2-PB1,1937,0,1353,0,1,1354,T
2-PB1,1938,1,1,1349,0,1351,G
2-PB1,1939,1,0,0,1343,1344,C
2-PB1,1940,3,0,0,1320,1323,C
2-PB1,1941,1285,0,3,0,1288,A
2-PB1,1942,1,0,1322,0,1323,G
2-PB1,1943,0,0,0,1342,1342,C
2-PB1,1944,1,0,0,1342,1343,C
2-PB1,1945,6,1,0,1332,1339,C
2-PB1,1946,1332,0,3,0,1335,A
2-PB1,1947,0,1335,0,1,1336,T
2-PB1,1948,1,0,1333,0,1334,G
2-PB1,1949,0,0,1348,1,1349,G
2-PB1,1950,0,1343,0,2,1345,T
2-PB1,1951,3,5,0,1295,1303,C
2-PB1,1952,5,0,0,1272,1277,C
2-PB1,1953,0,1268,0,1,1269,T
2-PB1,1954,0,0,1300,0,1300,G
2-PB1,1955,1,0,1,1291,1293,C
2-PB1,1956,2,0,1,1294,1297,C
2-PB1,1957,1293,0,0,0,1293,A
2-PB1,1958,1282,1,0,0,1283,A
2-PB1,1959,1283,0,0,0,1283,A
2-PB1,1960,1284,0,2,0,1286,A
2-PB1,1961,0,1,1295,0,1296,G
2-PB1,1962,0,1275,0,1,1276,T
2-PB1,1963,1279,0,2,0,1281,A
2-PB1,1964,0,1282,0,0,1282,T
2-PB1,1965,1,1,1283,0,1285,G
2-PB1,1966,1,0,1305,0,1306,G
2-PB1,1967,1291,0,3,0,1294,A
2-PB1,1968,1313,0,0,0,1313,A
2-PB1,1969,0,1307,0,1,1308,T
2-PB1,1970,1290,0,1,0,1291,A
2-PB1,1971,0,1286,1,2,1289,T
2-PB1,1972,0,2,1272,0,1274,G
2-PB1,1973,1272,0,1,0,1273,A
2-PB1,1974,0,1266,0,0,1266,T
2-PB1,1975,0,0,1232,0,1232,G
2-PB1,1976,0,0,0,1237,1237,C
2-PB1,1977,1,0,0,1224,1225,C
2-PB1,1978,3,0,1226,0,1229,G
2-PB1,1979,0,1223,0,1,1224,T
2-PB1,1980,1,1221,0,5,1227,T
2-PB1,1981,2,0,1227,0,1229,G
2-PB1,1982,1,1,0,1240,1242,C
2-PB1,1983,1240,1,1,0,1242,A
2-PB1,1984,1263,0,0,0,1263,A
2-PB1,1985,0,0,0,1267,1267,C
2-PB1,1986,0,1258,0,2,1260,T
2-PB1,1987,1264,0,0,0,1264,A
2-PB1,1988,0,0,0,1262,1262,C
2-PB1,1989,1259,0,2,0,1261,A
2-PB1,1990,0,0,0,1259,1259,C
2-PB1,1991,1219,0,0,0,1219,A
2-PB1,1992,0,0,0,1324,1324,C
2-PB1,1993,0,1301,0,3,1304,T
2-PB1,1994,2,1,0,1303,1306,C
2-PB1,1995,0,1,0,1309,1310,C
2-PB1,1996,0,1301,0,1,1302,T
2-PB1,1997,0,1,1303,0,1304,G
2-PB1,1998,0,0,1306,0,1306,G
2-PB1,1999,1304,0,0,0,1304,A
2-PB1,2000,0,1301,0,0,1301,T
2-PB1,2001,0,1167,0,1,1168,T
2-PB1,2002,2,3,0,1179,1184,C
2-PB1,2003,2,1,0,1176,1179,C
2-PB1,2004,2,0,0,1180,1182,C
2-PB1,2005,1185,0,1,0,1186,A
2-PB1,2006,1181,0,1,0,1182,A
2-PB1,2007,0,0,1185,0,1185,G
2-PB1,2008,1178,0,1,0,1179,A
2-PB1,2009,0,0,1180,0,1180,G
2-PB1,2010,0,0,1181,0,1181,G
2-PB1,2011,1165,1,0,0,1166,A
2-PB1,2012,1161,0,3,0,1164,A
2-PB1,2013,0,0,0,1167,1167,C
2-PB1,2014,1,0,0,1157,1158,C
2-PB1,2015,0,1,1177,0,1178,G
2-PB1,2016,0,0,0,1173,1173,C
2-PB1,2017,0,1169,0,1,1170,T
2-PB1,2018,4,0,0,1170,1174,C
2-PB1,2019,0,1165,0,0,1165,T
2-PB1,2020,1236,0,0,0,1236,A
2-PB1,2021,0,1231,0,3,1234,T
2-PB1,2022,0,1246,0,2,1248,T
2-PB1,2023,0,0,0,1252,1252,C
2-PB1,2024,0,1207,0,1,1208,T
2-PB1,2025,1209,0,1,0,1210,A
2-PB1,2026,1209,1,0,0,1210,A
2-PB1,2027,1210,0,2,1,1213,A
2-PB1,2028,0,0,0,1213,1213,C
2-PB1,2029,1125,0,0,0,1125,A
2-PB1,2030,0,0,0,1128,1128,C
2-PB1,2031,1114,0,4,0,1118,A
2-PB1,2032,1126,0,3,0,1129,A
2-PB1,2033,0,1,1137,0,1138,G
2-PB1,2034,1,0,0,1132,1133,C
2-PB1,2035,0,1,0,1134,1135,C
2-PB1,2036,1129,0,1,0,1130,A
2-PB1,2037,1126,0,1,0,1127,A
2-PB1,2038,1123,0,1,0,1124,A
2-PB1,2039,0,2,1132,0,1134,G
2-PB1,2040,0,1,1128,0,1129,G
2-PB1,2041,1,1,1107,0,1109,G
2-PB1,2042,1,0,1107,0,1108,G
2-PB1,2043,1104,0,1,0,1105,A
2-PB1,2044,1107,0,0,0,1107,A
2-PB1,2045,1,1110,0,0,1111,T
2-PB1,2046,1,1107,0,0,1108,T
2-PB1,2047,2,0,0,1110,1112,C
2-PB1,2048,0,1097,0,3,1100,T
2-PB1,2049,1,1094,0,0,1095,T
2-PB1,2050,1,0,1092,0,1093,G
2-PB1,2051,1093,1,1,0,1095,A
2-PB1,2052,1,0,1105,0,1106,G
2-PB1,2053,0,0,1093,0,1093,G
2-PB1,2054,1099,0,0,0,1099,A
2-PB1,2055,1,1089,0,1,1091,T
2-PB1,2056,0,3,1097,0,1100,G
2-PB1,2057,1096,0,2,0,1098,A
2-PB1,2058,1097,0,2,0,1099,A
2-PB1,2059,0,0,0,1104,1104,C
2-PB1,2060,1085,0,2,0,1087,A
2-PB1,2061,0,0,1102,0,1102,G
2-PB1,2062,1099,0,1,0,1100,A
2-PB1,2063,0,1100,0,0,1100,T
2-PB1,2064,0,0,1105,0,1105,G
2-PB1,2065,0,1112,0,1,1113,T
2-PB1,2066,1112,0,2,0,1114,A
2-PB1,2067,1,2,0,1108,1111,C
2-PB1,2068,0,0,0,1106,1106,C
2-PB1,2069,1087,0,1,0,1088,A
2-PB1,2070,0,0,1077,0,1077,G
2-PB1,2071,1057,0,0,0,1057,A
2-PB1,2072,1053,0,2,0,1055,A
2-PB1,2073,0,0,1059,0,1059,G
2-PB1,2074,2,1008,0,0,1010,T
2-PB1,2075,1,0,1006,0,1007,G
2-PB1,2076,0,0,0,1009,1009,C
2-PB1,2077,2,1004,0,1,1007,T
2-PB1,2078,1,0,1004,0,1005,G
2-PB1,2079,0,0,0,1007,1007,C
2-PB1,2080,1006,0,1,0,1007,A
2-PB1,2081,1008,0,0,0,1008,A
2-PB1,2082,0,0,0,999,999,C
2-PB1,2083,0,995,0,2,997,T
2-PB1,2084,0,982,0,1,983,T
2-PB1,2085,0,0,980,0,980,G
2-PB1,2086,0,976,0,0,976,T
2-PB1,2087,0,974,0,1,975,T
2-PB1,2088,2,0,0,973,975,C
2-PB1,2089,0,0,976,0,976,G
2-PB1,2090,973,0,0,0,973,A
2-PB1,2091,0,2,969,0,971,G
2-PB1,2092,972,0,0,0,972,A
2-PB1,2093,970,0,0,0,970,A
2-PB1,2094,973,0,0,0,973,A
2-PB1,2095,0,967,0,0,967,T
2-PB1,2096,0,973,0,0,973,T
2-PB1,2097,0,972,0,0,972,T
2-PB1,2098,0,971,0,2,973,T
2-PB1,2099,0,967,1,0,968,T
2-PB1,2100,0,0,1,969,970,C
2-PB1,2101,1,0,0,968,969,C
2-PB1,2102,3,0,0,969,972,C
2-PB1,2103,0,971,0,0,971,T
2-PB1,2104,970,0,0,0,970,A
2-PB1,2105,0,0,973,0,973,G
2-PB1,2106,0,970,0,0,970,T
2-PB1,2107,978,0,0,0,978,A
2-PB1,2108,0,0,981,0,981,G
2-PB1,2109,0,971,0,0,971,T
2-PB1,2110,0,1006,0,2,1008,T
2-PB1,2111,1,0,0,1010,1011,C
2-PB1,2112,1018,0,4,0,1022,A
2-PB1,2113,0,1020,0,0,1020,T
2-PB1,2114,1025,0,0,0,1025,A
2-PB1,2115,0,1028,0,0,1028,T
2-PB1,2116,988,0,0,0,988,A
2-PB1,2117,0,1,981,0,982,G
2-PB1,2118,0,0,976,0,976,G
2-PB1,2119,873,0,2,0,875,A
2-PB1,2120,0,0,881,0,881,G
2-PB1,2121,823,0,1,0,824,A
2-PB1,2122,0,0,0,822,822,C
2-PB1,2123,4,1,0,786,791,C
2-PB1,2124,1,3,787,0,791,G
2-PB1,2125,792,0,0,0,792,A
2-PB1,2126,1,778,0,0,779,T
2-PB1,2127,0,781,0,0,781,T
2-PB1,2128,0,0,782,0,782,G
2-PB1,2129,0,0,780,0,780,G
2-PB1,2130,780,0,1,0,781,A
2-PB1,2131,779,0,2,0,781,A
2-PB1,2132,0,775,0,0,775,T
2-PB1,2133,0,774,0,1,775,T
2-PB1,2134,0,777,0,0,777,T
2-PB1,2135,0,0,0,777,777,C
2-PB1,2136,0,779,0,1,780,T
2-PB1,2137,775,0,2,0,777,A
2-PB1,2138,1,1,773,0,775,G
2-PB1,2139,0,0,0,776,776,C
2-PB1,2140,774,0,0,0,774,A
2-PB1,2141,0,776,0,0,776,T
2-PB1,2142,0,0,763,0,763,G
2-PB1,2143,0,0,785,0,785,G
2-PB1,2144,0,778,0,3,781,T
2-PB1,2145,0,0,780,0,780,G
2-PB1,2146,0,1,775,0,776,G
2-PB1,2147,769,0,3,0,772,A
2-PB1,2148,0,1,776,0,777,G
2-PB1,2149,0,0,777,0,777,G
2-PB1,2150,1,0,0,770,771,C
2-PB1,2151,0,2,0,765,767,C
2-PB1,2152,703,0,0,0,703,A
2-PB1,2153,1,700,2,1,704,T
2-PB1,2154,0,0,708,0,708,G
2-PB1,2155,0,0,712,0,712,G
2-PB1,2156,1,694,0,1,696,T
2-PB1,2157,0,0,701,0,701,G
2-PB1,2158,0,685,0,1,686,T
2-PB1,2159,2,0,0,677,679,C
2-PB1,2160,0,681,0,0,681,T
2-PB1,2161,669,0,0,0,669,A
2-PB1,2162,0,3,666,0,669,G
2-PB1,2163,0,0,649,0,649,G
2-PB1,2164,0,0,643,0,643,G
2-PB1,2165,0,0,0,634,634,C
2-PB1,2166,0,0,0,597,597,C
2-PB1,2167,0,0,0,587,587,C
2-PB1,2168,0,0,588,0,588,G
2-PB1,2169,0,0,592,0,592,G
2-PB1,2170,593,0,0,0,593,A
2-PB1,2171,0,591,0,0,591,T
2-PB1,2172,0,565,0,1,566,T
2-PB1,2173,0,1,561,0,562,G
2-PB1,2174,562,0,0,0,562,A
2-PB1,2175,0,559,0,1,560,T
2-PB1,2176,1,0,561,0,562,G
2-PB1,2177,0,0,0,551,551,C
2-PB1,2178,0,0,0,546,546,C
2-PB1,2179,544,0,0,0,544,A
2-PB1,2180,0,1,542,0,543,G
2-PB1,2181,542,0,0,0,542,A
2-PB1,2182,540,0,0,0,540,A
2-PB1,2183,0,538,0,0,538,T
2-PB1,2184,0,533,0,1,534,T
2-PB1,2185,0,1,532,0,533,G
2-PB1,2186,528,0,0,0,528,A
2-PB1,2187,0,0,0,525,525,C
2-PB1,2188,0,521,0,2,523,T
2-PB1,2189,0,521,0,0,521,T
2-PB1,2190,1,1,0,515,517,C
2-PB1,2191,0,0,520,0,520,G
2-PB1,2192,520,0,0,0,520,A
2-PB1,2193,0,0,505,0,505,G
2-PB1,2194,0,506,0,2,508,T
2-PB1,2195,3,0,0,505,508,C
2-PB1,2196,0,506,0,2,508,T
2-PB1,2197,0,1,508,0,509,G
2-PB1,2198,0,0,509,0,509,G
2-PB1,2199,509,0,0,0,509,A
2-PB1,2200,471,0,4,0,475,A
2-PB1,2201,0,0,478,0,478,G
2-PB1,2202,0,0,481,0,481,G
2-PB1,2203,482,0,0,0,482,A
2-PB1,2204,0,476,0,0,476,T
2-PB1,2205,0,477,0,0,477,T
2-PB1,2206,472,0,0,0,472,A
2-PB1,2207,468,0,0,0,468,A
2-PB1,2208,0,0,469,0,469,G
2-PB1,2209,471,0,0,0,471,A
2-PB1,2210,451,0,0,0,451,A
2-PB1,2211,0,2,415,0,417,G
2-PB1,2212,0,0,414,0,414,G
2-PB1,2213,414,0,0,0,414,A
2-PB1,2214,413,0,1,0,414,A
2-PB1,2215,0,2,412,0,414,G
2-PB1,2216,396,0,1,0,397,A
2-PB1,2217,1,0,394,1,396,G
2-PB1,2218,0,389,0,0,389,T
2-PB1,2219,0,386,0,0,386,T
2-PB1,2220,0,0,0,384,384,C
2-PB1,2221,0,375,0,1,376,T
2-PB1,2222,0,1,0,374,375,C
2-PB1,2223,0,371,0,0,371,T
2-PB1,2224,0,0,371,0,371,G
2-PB1,2225,359,0,0,0,359,A
2-PB1,2226,1,0,355,0,356,G
2-PB1,2227,353,0,0,0,353,A
2-PB1,2228,0,346,0,1,347,T
2-PB1,2229,3,0,0,330,333,C
2-PB1,2230,338,0,0,0,338,A
2-PB1,2231,0,335,0,1,336,T
2-PB1,2232,0,0,335,0,335,G
2-PB1,2233,333,0,0,0,333,A
2-PB1,2234,328,0,0,0,328,A
2-PB1,2235,0,0,325,0,325,G
2-PB1,2236,313,0,1,0,314,A
2-PB1,2237,0,313,1,0,314,T
2-PB1,2238,0,0,0,307,307,C
2-PB1,2239,0,293,0,0,293,T
2-PB1,2240,0,0,295,0,295,G
2-PB1,2241,0,293,0,1,294,T
2-PB1,2242,0,291,0,3,294,T
2-PB1,2243,1,0,0,292,293,C
2-PB1,2244,1,0,0,286,287,C
2-PB1,2245,286,0,0,0,286,A
2-PB1,2246,0,0,0,288,288,C
2-PB1,2247,0,0,0,269,269,C
2-PB1,2248,264,0,0,0,264,A
2-PB1,2249,0,245,0,1,246,T
2-PB1,2250,0,242,0,0,242,T
2-PB1,2251,0,0,241,0,241,G
2-PB1,2252,241,0,0,0,241,A
2-PB1,2253,240,0,0,0,240,A
2-PB1,2254,0,0,241,0,241,G
2-PB1,2255,203,0,1,0,204,A
2-PB1,2256,202,0,0,0,202,A
2-PB1,2257,0,0,0,202,202,C
2-PB1,2258,0,193,0,0,193,T
2-PB1,2259,1,0,0,192,193,C
2-PB1,2260,184,0,1,0,185,A
2-PB1,2261,0,0,186,0,186,G
2-PB1,2262,184,0,1,0,185,A
2-PB1,2263,0,0,0,172,172,C
2-PB1,2264,0,0,168,0,168,G
2-PB1,2265,0,0,162,0,162,G
2-PB1,2266,0,0,0,162,162,C
2-PB1,2267,161,0,0,0,161,A
2-PB1,2268,161,0,0,0,161,A
2-PB1,2269,159,0,0,0,159,A
2-PB1,2270,157,0,0,0,157,A
2-PB1,2271,156,0,0,0,156,A
2-PB1,2272,0,149,0,0,149,T
2-PB1,2273,143,0,0,0,143,A
2-PB1,2274,142,0,0,0,142,A
3-PA,1,20,0,0,0,20,A
3-PA,2,0,21,0,0,21,T
3-PA,3,0,0,25,0,25,G
3-PA,4,0,0,25,0,25,G
3-PA,5,25,0,0,0,25,A
3-PA,6,25,0,0,0,25,A
3-PA,7,0,0,26,0,26,G
3-PA,8,28,0,0,0,28,A
3-PA,9,0,28,0,0,28,T
3-PA,10,0,28,0,0,28,T
3-PA,11,0,29,0,0,29,T
3-PA,12,0,29,0,0,29,T
3-PA,13,0,0,30,0,30,G
3-PA,14,0,30,0,0,30,T
3-PA,15,0,0,29,0,29,G
3-PA,16,0,0,0,30,30,C
3-PA,17,0,0,31,0,31,G
3-PA,18,36,0,0,0,36,A
3-PA,19,0,0,0,36,36,C
3-PA,20,36,0,0,0,36,A
3-PA,21,36,0,0,0,36,A
3-PA,22,0,36,0,0,36,T
3-PA,23,0,0,45,0,45,G
3-PA,24,0,0,0,44,44,C
3-PA,25,0,45,0,0,45,T
3-PA,26,0,45,0,0,45,T
3-PA,27,0,0,0,45,45,C
3-PA,28,46,0,0,0,46,A
3-PA,29,48,0,0,0,48,A
3-PA,30,0,0,0,50,50,C
3-PA,31,0,0,0,50,50,C
3-PA,32,0,0,0,52,52,C
3-PA,33,0,0,52,0,52,G
3-PA,34,52,0,0,0,52,A
3-PA,35,0,52,0,0,52,T
3-PA,36,0,0,52,0,52,G
3-PA,37,52,0,0,0,52,A
3-PA,38,0,52,0,0,52,T
3-PA,39,0,53,0,0,53,T
3-PA,40,0,0,54,0,54,G
3-PA,41,0,53,0,0,53,T
3-PA,42,0,0,0,54,54,C
3-PA,43,1,0,53,0,54,G
3-PA,44,54,0,0,0,54,A
3-PA,45,54,0,0,0,54,A
3-PA,46,0,0,0,54,54,C
3-PA,47,0,54,0,0,54,T
3-PA,48,0,54,0,0,54,T
3-PA,49,0,0,54,0,54,G
3-PA,50,0,0,0,55,55,C
3-PA,51,55,0,0,0,55,A
3-PA,52,0,0,56,0,56,G
3-PA,53,56,0,0,0,56,A
3-PA,54,55,0,1,0,56,A
3-PA,55,56,0,0,0,56,A
3-PA,56,55,0,0,0,55,A
3-PA,57,56,0,0,0,56,A
3-PA,58,0,0,57,0,57,G
3-PA,59,0,0,0,58,58,C
3-PA,60,58,0,0,0,58,A
3-PA,61,63,0,0,0,63,A
3-PA,62,0,63,0,0,63,T
3-PA,63,0,0,65,0,65,G
3-PA,64,64,0,0,0,64,A
3-PA,65,65,0,0,0,65,A
3-PA,66,65,0,1,0,66,A
3-PA,67,0,0,69,0,69,G
3-PA,68,71,0,0,0,71,A
3-PA,69,0,0,80,0,80,G
3-PA,70,0,80,0,0,80,T
3-PA,71,80,0,0,0,80,A
3-PA,72,0,81,0,0,81,T
3-PA,73,0,1,81,0,82,G
3-PA,74,0,0,83,0,83,G
3-PA,75,0,1,82,0,83,G
3-PA,76,0,0,83,0,83,G
3-PA,77,82,0,0,0,82,A
3-PA,78,0,0,81,0,81,G
3-PA,79,0,0,82,0,82,G
3-PA,80,81,0,0,0,81,A
3-PA,81,0,81,0,0,81,T
3-PA,82,0,0,0,83,83,C
3-PA,83,0,82,0,0,82,T
3-PA,84,0,0,82,0,82,G
3-PA,85,83,0,0,0,83,A
3-PA,86,83,0,0,0,83,A
3-PA,87,84,0,0,0,84,A
3-PA,88,83,0,0,0,83,A
3-PA,89,0,82,0,0,82,T
3-PA,90,0,83,0,0,83,T
3-PA,91,0,0,83,0,83,G
3-PA,92,83,0,0,0,83,A
3-PA,93,83,0,0,0,83,A
3-PA,94,84,0,0,0,84,A
3-PA,95,0,0,0,85,85,C
3-PA,96,85,0,0,0,85,A
3-PA,97,85,0,0,0,85,A
3-PA,98,84,0,0,0,84,A
3-PA,99,0,0,0,85,85,C
3-PA,100,84,0,0,0,84,A
3-PA,101,85,0,0,0,85,A
3-PA,102,83,1,0,0,84,A
3-PA,103,0,85,0,0,85,T
3-PA,104,0,86,0,0,86,T
3-PA,105,0,85,0,0,85,T
3-PA,106,0,0,87,0,87,G
3-PA,107,0,0,0,87,87,C
3-PA,108,87,0,0,0,87,A
3-PA,109,0,0,95,0,95,G
3-PA,110,0,0,0,96,96,C
3-PA,111,102,0,0,0,102,A
3-PA,112,104,0,0,0,104,A
3-PA,113,0,106,0,0,106,T
3-PA,114,109,0,0,0,109,A
3-PA,115,0,110,0,0,110,T
3-PA,116,0,0,114,0,114,G
3-PA,117,0,0,0,113,113,C
3-PA,118,114,0,0,0,114,A
3-PA,119,0,1,0,117,118,C
3-PA,120,0,116,0,0,116,T
3-PA,121,0,0,0,137,137,C
3-PA,122,138,0,1,0,139,A
3-PA,123,0,1,0,143,144,C
3-PA,124,0,144,0,0,144,T
3-PA,125,0,143,0,0,143,T
3-PA,126,0,0,143,0,143,G
3-PA,127,0,0,149,0,149,G
3-PA,128,148,0,0,0,148,A
3-PA,129,0,0,152,0,152,G
3-PA,130,0,0,152,0,152,G
3-PA,131,0,144,0,2,146,T
3-PA,132,0,0,152,0,152,G
3-PA,133,0,151,0,0,151,T
3-PA,134,0,0,156,0,156,G
3-PA,135,0,156,0,0,156,T
3-PA,136,0,156,0,0,156,T
3-PA,137,0,156,0,0,156,T
3-PA,138,0,0,0,154,154,C
3-PA,139,154,0,0,0,154,A
3-PA,140,0,153,0,0,153,T
3-PA,141,0,0,158,0,158,G
3-PA,142,0,157,0,0,157,T
3-PA,143,157,0,0,0,157,A
3-PA,144,0,154,0,1,155,T
3-PA,145,0,156,0,0,156,T
3-PA,146,0,0,0,157,157,C
3-PA,147,156,0,0,0,156,A
3-PA,148,0,0,158,0,158,G
3-PA,149,159,0,0,0,159,A
3-PA,150,0,158,0,0,158,T
3-PA,151,0,160,0,0,160,T
3-PA,152,0,160,0,0,160,T
3-PA,153,0,0,0,158,158,C
3-PA,154,0,0,0,164,164,C
3-PA,155,164,0,0,0,164,A
3-PA,156,0,163,0,1,164,T
3-PA,157,0,164,0,0,164,T
3-PA,158,0,164,0,0,164,T
3-PA,159,0,0,0,164,164,C
3-PA,160,164,0,0,0,164,A
3-PA,161,0,166,0,0,166,T
3-PA,162,0,0,0,167,167,C
3-PA,163,167,0,0,0,167,A
3-PA,164,168,0,0,0,168,A
3-PA,165,0,168,0,0,168,T
3-PA,166,0,0,174,0,174,G
3-PA,167,173,0,0,0,173,A
3-PA,168,173,0,0,0,173,A
3-PA,169,0,0,0,173,173,C
3-PA,170,172,0,0,0,172,A
3-PA,171,172,0,0,0,172,A
3-PA,172,0,0,172,0,172,G
3-PA,173,0,1,173,0,174,G
3-PA,174,0,0,0,173,173,C
3-PA,175,0,0,173,0,173,G
3-PA,176,185,0,0,0,185,A
3-PA,177,182,0,0,0,182,A
3-PA,178,0,185,0,0,185,T
3-PA,179,0,0,0,184,184,C
3-PA,180,185,0,0,0,185,A
3-PA,181,185,0,0,0,185,A
3-PA,182,0,188,0,0,188,T
3-PA,183,187,0,0,0,187,A
3-PA,184,0,0,192,0,192,G
3-PA,185,0,196,0,0,196,T
3-PA,186,4,0,193,0,197,G
3-PA,187,0,0,195,0,195,G
3-PA,188,0,195,0,1,196,T
3-PA,189,194,0,2,0,196,A
3-PA,190,0,1,199,0,200,G
3-PA,191,202,0,0,0,202,A
3-PA,192,202,0,0,0,202,A
3-PA,193,0,0,0,201,201,C
3-PA,194,0,199,0,0,199,T
3-PA,195,0,199,0,0,199,T
3-PA,196,0,0,199,0,199,G
3-PA,197,196,0,1,0,197,A
3-PA,198,0,1,0,197,198,C
3-PA,199,0,0,197,0,197,G
3-PA,200,198,0,1,0,199,A
3-PA,201,0,201,0,0,201,T
3-PA,202,0,0,0,203,203,C
3-PA,203,0,1,0,204,205,C
3-PA,204,205,0,0,0,205,A
3-PA,205,205,0,1,0,206,A
3-PA,206,206,0,0,0,206,A
3-PA,207,0,206,0,0,206,T
3-PA,208,0,0,206,0,206,G
3-PA,209,0,0,0,205,205,C
3-PA,210,204,0,0,0,204,A
3-PA,211,0,0,0,210,210,C
3-PA,212,0,203,0,0,203,T
3-PA,213,0,0,226,0,226,G
3-PA,214,0,225,0,0,225,T
3-PA,215,0,225,0,0,225,T
3-PA,216,225,0,0,0,225,A
3-PA,217,224,0,0,0,224,A
3-PA,218,225,0,0,0,225,A
3-PA,219,0,0,226,0,226,G
3-PA,220,0,0,0,225,225,C
3-PA,221,226,0,0,0,226,A
3-PA,222,0,0,0,227,227,C
3-PA,223,209,0,0,0,209,A
3-PA,224,0,0,218,0,218,G
3-PA,225,218,0,0,0,218,A
3-PA,226,0,217,0,0,217,T
3-PA,227,0,218,0,0,218,T
3-PA,228,0,214,0,1,215,T
3-PA,229,0,0,216,0,216,G
3-PA,230,215,0,0,0,215,A
3-PA,231,216,0,0,0,216,A
3-PA,232,216,0,0,0,216,A
3-PA,233,0,210,0,0,210,T
3-PA,234,210,0,0,0,210,A
3-PA,235,212,0,0,0,212,A
3-PA,236,0,211,0,1,212,T
3-PA,237,0,0,0,213,213,C
3-PA,238,0,0,213,0,213,G
3-PA,239,211,0,0,0,211,A
3-PA,240,0,0,212,0,212,G
3-PA,241,0,1,212,0,213,G
3-PA,242,0,0,210,0,210,G
3-PA,243,0,1,213,0,214,G
3-PA,244,211,1,1,0,213,A
3-PA,245,0,0,214,0,214,G
3-PA,246,220,0,0,0,220,A
3-PA,247,0,0,219,0,219,G
3-PA,248,220,0,0,0,220,A
3-PA,249,0,0,0,220,220,C
3-PA,250,220,0,1,0,221,A
3-PA,251,0,0,222,0,222,G
3-PA,252,222,0,0,0,222,A
3-PA,253,228,0,0,0,228,A
3-PA,254,0,0,0,227,227,C
3-PA,255,221,0,0,0,221,A
3-PA,256,222,0,0,0,222,A
3-PA,257,0,221,0,1,222,T
3-PA,258,0,0,228,0,228,G
3-PA,259,0,0,227,0,227,G
3-PA,260,0,0,0,223,223,C
3-PA,261,0,0,0,229,229,C
3-PA,262,0,227,0,0,227,T
3-PA,263,0,0,232,0,232,G
3-PA,264,0,1,232,0,233,G
3-PA,265,234,0,1,0,235,A
3-PA,266,0,0,0,237,237,C
3-PA,267,231,0,0,0,231,A
3-PA,268,0,0,264,0,264,G
3-PA,269,0,265,0,0,265,T
3-PA,270,268,0,0,0,268,A
3-PA,271,0,0,269,0,269,G
3-PA,272,0,263,0,0,263,T
3-PA,273,263,0,0,0,263,A
3-PA,274,262,0,1,0,263,A
3-PA,275,261,0,1,0,262,A
3-PA,276,0,0,0,269,269,C
3-PA,277,246,0,0,0,246,A
3-PA,278,0,0,253,0,253,G
3-PA,279,0,252,0,0,252,T
3-PA,280,255,0,0,0,255,A
3-PA,281,0,255,0,0,255,T
3-PA,282,0,0,0,257,257,C
3-PA,283,0,255,0,1,256,T
3-PA,284,0,0,255,0,255,G
3-PA,285,0,0,0,257,257,C
3-PA,286,252,0,0,0,252,A
3-PA,287,248,0,2,0,250,A
3-PA,288,0,0,0,254,254,C
3-PA,289,253,0,0,0,253,A
3-PA,290,0,0,0,266,266,C
3-PA,291,0,265,0,0,265,T
3-PA,292,264,0,1,0,265,A
3-PA,293,0,0,0,265,265,C
3-PA,294,0,264,0,0,264,T
3-PA,295,0,1,264,0,265,G
3-PA,296,1,0,263,0,264,G
3-PA,297,263,0,0,0,263,A
3-PA,298,0,0,263,0,263,G
3-PA,299,0,0,0,258,258,C
3-PA,300,0,255,0,0,255,T
3-PA,301,0,0,255,0,255,G
3-PA,302,0,0,255,0,255,G
3-PA,303,0,0,253,0,253,G
3-PA,304,254,0,1,0,255,A
3-PA,305,257,0,0,0,257,A
3-PA,306,256,0,1,0,257,A
3-PA,307,0,0,0,259,259,C
3-PA,308,0,0,0,259,259,C
3-PA,309,0,0,259,0,259,G
3-PA,310,257,1,0,0,258,A
3-PA,311,257,0,2,0,259,A
3-PA,312,0,0,261,0,261,G
3-PA,313,0,259,0,0,259,T
3-PA,314,0,257,0,2,259,T
3-PA,315,0,261,0,0,261,T
3-PA,316,0,0,0,263,263,C
3-PA,317,0,263,0,0,263,T
3-PA,318,262,1,0,0,263,A
3-PA,319,0,0,0,263,263,C
3-PA,320,1,0,0,263,264,C
3-PA,321,260,0,0,0,260,A
3-PA,322,0,0,269,0,269,G
3-PA,323,268,0,0,0,268,A
3-PA,324,0,269,0,0,269,T
3-PA,325,0,269,0,0,269,T
3-PA,326,0,268,0,0,268,T
3-PA,327,0,0,270,0,270,G
3-PA,328,0,270,0,0,270,T
3-PA,329,270,0,0,0,270,A
3-PA,330,0,270,0,0,270,T
3-PA,331,0,0,270,0,270,G
3-PA,332,288,0,0,0,288,A
3-PA,333,0,287,0,0,287,T
3-PA,334,0,289,0,0,289,T
3-PA,335,289,0,0,0,289,A
3-PA,336,0,0,0,291,291,C
3-PA,337,290,0,0,0,290,A
3-PA,338,289,0,0,0,289,A
3-PA,339,2,1,287,0,290,G
3-PA,340,0,1,288,0,289,G
3-PA,341,279,0,0,0,279,A
3-PA,342,0,0,283,0,283,G
3-PA,343,282,0,1,0,283,A
3-PA,344,283,0,0,0,283,A
3-PA,345,0,0,0,283,283,C
3-PA,346,280,0,0,0,280,A
3-PA,347,0,1,281,0,282,G
3-PA,348,279,0,0,0,279,A
3-PA,349,0,277,0,0,277,T
3-PA,350,0,278,0,0,278,T
3-PA,351,0,0,0,278,278,C
3-PA,352,277,0,1,0,278,A
3-PA,353,0,276,0,0,276,T
3-PA,354,0,0,0,277,277,C
3-PA,355,0,0,277,0,277,G
3-PA,356,282,0,0,0,282,A
3-PA,357,282,0,0,0,282,A
3-PA,358,281,0,0,0,281,A
3-PA,359,0,280,0,1,281,T
3-PA,360,0,280,1,0,281,T
3-PA,361,0,1,280,0,281,G
3-PA,362,0,0,280,0,280,G
3-PA,363,0,0,282,0,282,G
3-PA,364,0,0,279,0,279,G
3-PA,365,1,275,0,1,277,T
3-PA,366,0,0,276,0,276,G
3-PA,367,278,0,0,0,278,A
3-PA,368,0,0,0,278,278,C
3-PA,369,278,0,1,0,279,A
3-PA,370,280,0,0,0,280,A
3-PA,371,1,0,283,0,284,G
3-PA,372,0,0,287,0,287,G
3-PA,373,282,0,0,0,282,A
3-PA,374,0,0,280,0,280,G
3-PA,375,273,0,1,0,274,A
3-PA,376,0,0,276,0,276,G
3-PA,377,274,0,0,0,274,A
3-PA,378,271,0,0,0,271,A
3-PA,379,0,0,281,0,281,G
3-PA,380,0,279,0,0,279,T
3-PA,381,0,0,0,281,281,C
3-PA,382,0,0,0,282,282,C
3-PA,383,280,0,0,0,280,A
3-PA,384,0,1,0,284,285,C
3-PA,385,293,0,0,1,294,A
3-PA,386,0,302,0,0,302,T
3-PA,387,308,0,0,0,308,A
3-PA,388,0,308,0,0,308,T
3-PA,389,303,4,0,0,307,A
3-PA,390,0,302,0,0,302,T
3-PA,391,0,302,0,0,302,T
3-PA,392,314,0,1,0,315,A
3-PA,393,0,1,0,314,315,C
3-PA,394,1,0,0,304,305,C
3-PA,395,0,297,0,1,298,T
3-PA,396,0,292,0,0,292,T
3-PA,397,0,0,291,0,291,G
3-PA,398,288,1,0,0,289,A
3-PA,399,0,0,275,0,275,G
3-PA,400,275,1,0,0,276,A
3-PA,401,276,0,0,0,276,A
3-PA,402,0,0,278,0,278,G
3-PA,403,0,0,279,0,279,G
3-PA,404,1,0,0,277,278,C
3-PA,405,0,0,0,281,281,C
3-PA,406,277,0,0,0,277,A
3-PA,407,278,0,1,0,279,A
3-PA,408,0,278,0,0,278,T
3-PA,409,279,0,0,0,279,A
3-PA,410,277,0,0,0,277,A
3-PA,411,0,0,282,0,282,G
3-PA,412,281,0,0,0,281,A
3-PA,413,0,282,0,0,282,T
3-PA,414,0,280,0,0,280,T
3-PA,415,280,0,0,0,280,A
3-PA,416,280,0,0,0,280,A
3-PA,417,280,0,0,0,280,A
3-PA,418,1,280,0,1,282,T
3-PA,419,0,0,0,283,283,C
3-PA,420,0,273,0,0,273,T
3-PA,421,0,1,273,0,274,G
3-PA,422,274,0,0,0,274,A
3-PA,423,0,0,277,0,277,G
3-PA,424,273,0,0,0,273,A
3-PA,425,276,0,0,0,276,A
3-PA,426,0,0,0,278,278,C
3-PA,427,277,0,0,0,277,A
3-PA,428,0,1,0,277,278,C
3-PA,429,279,0,0,0,279,A
3-PA,430,0,0,0,280,280,C
3-PA,431,280,0,0,0,280,A
3-PA,432,0,0,0,287,287,C
3-PA,433,285,0,0,0,285,A
3-PA,434,0,283,0,0,283,T
3-PA,435,0,283,0,0,283,T
3-PA,436,1,0,0,280,281,C
3-PA,437,281,0,0,0,281,A
3-PA,438,0,0,0,282,282,C
3-PA,439,281,0,0,0,281,A
3-PA,440,0,280,0,0,280,T
3-PA,441,0,271,0,0,271,T
3-PA,442,0,275,0,1,276,T
3-PA,443,0,277,0,0,277,T
3-PA,444,0,0,0,277,277,C
3-PA,445,0,274,0,0,274,T
3-PA,446,0,0,0,273,273,C
3-PA,447,274,0,0,0,274,A
3-PA,448,0,270,0,0,270,T
3-PA,449,0,271,0,1,272,T
3-PA,450,0,0,0,272,272,C
3-PA,451,265,0,1,0,266,A
3-PA,452,0,0,0,270,270,C
3-PA,453,0,270,0,0,270,T
3-PA,454,0,1,268,0,269,G
3-PA,455,0,0,267,0,267,G
3-PA,456,258,0,1,0,259,A
3-PA,457,0,0,262,0,262,G
3-PA,458,265,0,0,0,265,A
3-PA,459,0,0,267,0,267,G
3-PA,460,0,0,265,0,265,G
3-PA,461,263,0,0,0,263,A
3-PA,462,262,1,0,0,263,A
3-PA,463,263,0,0,0,263,A
3-PA,464,0,259,0,0,259,T
3-PA,465,0,0,258,0,258,G
3-PA,466,0,0,260,0,260,G
3-PA,467,0,0,0,260,260,C
3-PA,468,0,1,0,259,260,C
3-PA,469,256,0,0,0,256,A
3-PA,470,0,0,0,256,256,C
3-PA,471,256,0,1,0,257,A
3-PA,472,257,0,0,0,257,A
3-PA,473,258,0,0,0,258,A
3-PA,474,0,0,259,0,259,G
3-PA,475,0,0,258,0,258,G
3-PA,476,0,0,0,257,257,C
3-PA,477,257,0,0,0,257,A
3-PA,478,0,0,260,0,260,G
3-PA,479,260,0,0,0,260,A
3-PA,480,0,0,0,263,263,C
3-PA,481,0,259,0,0,259,T
3-PA,482,260,0,0,0,260,A
3-PA,483,0,0,0,258,258,C
3-PA,484,255,0,0,0,255,A
3-PA,485,0,0,0,256,256,C
3-PA,486,0,250,0,0,250,T
3-PA,487,0,0,0,252,252,C
3-PA,488,0,252,0,0,252,T
3-PA,489,0,0,0,248,248,C
3-PA,490,0,0,249,0,249,G
3-PA,491,247,0,0,0,247,A
3-PA,492,0,1,0,245,246,C
3-PA,493,0,0,248,0,248,G
3-PA,494,246,0,0,0,246,A
3-PA,495,0,0,248,0,248,G
3-PA,496,0,0,245,0,245,G
3-PA,497,244,0,0,0,244,A
3-PA,498,245,0,0,0,245,A
3-PA,499,246,1,0,0,247,A
3-PA,500,0,0,247,0,247,G
3-PA,501,0,0,0,245,245,C
3-PA,502,247,0,0,0,247,A
3-PA,503,0,1,248,0,249,G
3-PA,504,0,1,246,0,247,G
3-PA,505,1,0,247,0,248,G
3-PA,506,0,0,0,248,248,C
3-PA,507,0,244,0,1,245,T
3-PA,508,244,0,0,0,244,A
3-PA,509,1,0,245,0,246,G
3-PA,510,0,0,253,0,253,G
3-PA,511,253,0,0,0,253,A
3-PA,512,0,242,0,0,242,T
3-PA,513,0,236,0,0,236,T
3-PA,514,234,1,0,0,235,A
3-PA,515,235,0,0,0,235,A
3-PA,516,0,0,235,0,235,G
3-PA,517,235,1,0,0,236,A
3-PA,518,0,0,0,233,233,C
3-PA,519,0,0,0,209,209,C
3-PA,520,206,0,0,1,207,A
3-PA,521,0,0,207,0,207,G
3-PA,522,0,0,205,0,205,G
3-PA,523,0,0,0,205,205,C
3-PA,524,0,204,0,0,204,T
3-PA,525,0,0,211,0,211,G
3-PA,526,0,210,0,0,210,T
3-PA,527,0,209,0,1,210,T
3-PA,528,0,208,0,1,209,T
3-PA,529,212,0,0,0,212,A
3-PA,530,0,0,0,216,216,C
3-PA,531,0,0,0,212,212,C
3-PA,532,210,0,0,0,210,A
3-PA,533,0,211,0,0,211,T
3-PA,534,195,0,0,0,195,A
3-PA,535,193,0,0,0,193,A
3-PA,536,0,0,198,0,198,G
3-PA,537,199,0,0,0,199,A
3-PA,538,0,0,0,199,199,C
3-PA,539,196,0,0,0,196,A
3-PA,540,196,0,0,0,196,A
3-PA,541,0,0,197,0,197,G
3-PA,542,197,0,0,0,197,A
3-PA,543,195,0,1,0,196,A
3-PA,544,195,0,0,0,195,A
3-PA,545,0,195,0,0,195,T
3-PA,546,0,0,195,0,195,G
3-PA,547,0,0,197,0,197,G
3-PA,548,0,1,0,195,196,C
3-PA,549,0,0,0,196,196,C
3-PA,550,191,0,0,0,191,A
3-PA,551,198,0,0,0,198,A
3-PA,552,0,0,0,198,198,C
3-PA,553,198,0,0,0,198,A
3-PA,554,0,0,199,0,199,G
3-PA,555,194,0,0,0,194,A
3-PA,556,0,1,199,0,200,G
3-PA,557,0,0,201,0,201,G
3-PA,558,0,0,0,200,200,C
3-PA,559,0,0,0,202,202,C
3-PA,560,0,185,1,0,186,T
3-PA,561,186,0,0,0,186,A
3-PA,562,0,188,0,0,188,T
3-PA,563,0,0,191,0,191,G
3-PA,564,0,0,189,0,189,G
3-PA,565,0,0,185,0,185,G
3-PA,566,182,0,0,0,182,A
3-PA,567,0,177,0,0,177,T
3-PA,568,0,176,0,0,176,T
3-PA,569,0,0,0,193,193,C
3-PA,570,0,0,0,193,193,C
3-PA,571,0,194,0,1,195,T
3-PA,572,0,194,0,0,194,T
3-PA,573,0,196,1,0,197,T
3-PA,574,0,0,0,202,202,C
3-PA,575,0,0,204,0,204,G
3-PA,576,0,202,0,1,203,T
3-PA,577,0,0,0,202,202,C
3-PA,578,199,0,0,0,199,A
3-PA,579,0,0,229,0,229,G
3-PA,580,0,229,0,0,229,T
3-PA,581,0,0,0,230,230,C
3-PA,582,1,0,0,229,230,C
3-PA,583,1,0,230,0,231,G
3-PA,584,229,0,0,1,230,A
3-PA,585,230,0,0,1,231,A
3-PA,586,232,0,1,0,233,A
3-PA,587,0,0,246,0,246,G
3-PA,588,239,0,0,0,239,A
3-PA,589,0,0,246,0,246,G
3-PA,590,0,1,245,0,246,G
3-PA,591,0,0,0,246,246,C
3-PA,592,0,0,249,0,249,G
3-PA,593,248,0,0,0,248,A
3-PA,594,249,0,0,0,249,A
3-PA,595,0,0,253,1,254,G
3-PA,596,253,0,0,0,253,A
3-PA,597,253,0,0,0,253,A
3-PA,598,253,0,0,0,253,A
3-PA,599,0,0,0,256,256,C
3-PA,600,253,0,0,0,253,A
3-PA,601,256,0,0,0,256,A
3-PA,602,0,255,0,0,255,T
3-PA,603,0,256,0,0,256,T
3-PA,604,0,0,257,0,257,G
3-PA,605,256,0,0,0,256,A
3-PA,606,256,0,0,0,256,A
3-PA,607,0,1,255,0,256,G
3-PA,608,256,0,0,0,256,A
3-PA,609,255,0,0,0,255,A
3-PA,610,256,0,0,0,256,A
3-PA,611,259,0,0,0,259,A
3-PA,612,262,0,1,0,263,A
3-PA,613,0,260,0,0,260,T
3-PA,614,0,259,0,1,260,T
3-PA,615,0,263,0,0,263,T
3-PA,616,0,0,262,0,262,G
3-PA,617,262,0,0,0,262,A
3-PA,618,262,0,0,0,262,A
3-PA,619,261,0,0,0,261,A
3-PA,620,0,267,0,0,267,T
3-PA,621,0,0,0,297,297,C
3-PA,622,295,1,0,0,296,A
3-PA,623,0,0,0,298,298,C
3-PA,624,298,0,0,0,298,A
3-PA,625,0,0,308,0,308,G
3-PA,626,0,0,324,0,324,G
3-PA,627,331,0,0,0,331,A
3-PA,628,339,0,1,0,340,A
3-PA,629,0,0,0,345,345,C
3-PA,630,0,333,0,1,334,T
3-PA,631,361,0,0,0,361,A
3-PA,632,0,366,0,0,366,T
3-PA,633,0,0,377,0,377,G
3-PA,634,1,0,0,374,375,C
3-PA,635,1,0,372,0,373,G
3-PA,636,0,369,0,0,369,T
3-PA,637,368,0,0,0,368,A
3-PA,638,0,1,372,0,373,G
3-PA,639,0,1,375,0,376,G
3-PA,640,0,0,0,371,371,C
3-PA,641,0,367,0,0,367,T
3-PA,642,0,363,0,0,363,T
3-PA,643,0,0,362,0,362,G
3-PA,644,0,0,0,361,361,C
3-PA,645,3,0,0,360,363,C
3-PA,646,0,1,364,0,365,G
3-PA,647,367,0,0,0,367,A
3-PA,648,0,0,0,367,367,C
3-PA,649,0,0,0,368,368,C
3-PA,650,368,0,0,0,368,A
3-PA,651,368,0,0,0,368,A
3-PA,652,366,0,1,0,367,A
3-PA,653,0,0,375,0,375,G
3-PA,654,1,371,0,0,372,T
3-PA,655,0,0,0,371,371,C
3-PA,656,0,371,0,1,372,T
3-PA,657,1,0,1,373,375,C
3-PA,658,1,0,0,376,377,C
3-PA,659,1,0,0,379,380,C
3-PA,660,379,0,0,0,379,A
3-PA,661,0,0,0,383,383,C
3-PA,662,0,0,0,378,378,C
3-PA,663,0,0,382,0,382,G
3-PA,664,383,0,0,0,383,A
3-PA,665,385,0,0,0,385,A
3-PA,666,0,0,0,389,389,C
3-PA,667,0,387,0,0,387,T
3-PA,668,0,396,0,0,396,T
3-PA,669,0,0,0,397,397,C
3-PA,670,0,394,0,2,396,T
3-PA,671,0,0,0,395,395,C
3-PA,672,0,0,0,396,396,C
3-PA,673,0,392,0,0,392,T
3-PA,674,0,0,399,0,399,G
3-PA,675,0,1,0,400,401,C
3-PA,676,0,0,0,401,401,C
3-PA,677,0,398,0,0,398,T
3-PA,678,0,396,0,0,396,T
3-PA,679,0,0,398,0,398,G
3-PA,680,395,0,3,0,398,A
3-PA,681,0,0,403,0,403,G
3-PA,682,405,0,0,0,405,A
3-PA,683,403,0,0,0,403,A
3-PA,684,1,409,0,0,410,T
3-PA,685,1,408,1,0,410,T
3-PA,686,0,405,0,6,411,T
3-PA,687,0,412,0,0,412,T
3-PA,688,411,0,0,0,411,A
3-PA,689,0,0,412,0,412,G
3-PA,690,408,0,0,0,408,A
3-PA,691,0,0,423,0,423,G
3-PA,692,0,0,0,419,419,C
3-PA,693,0,0,0,427,427,C
3-PA,694,0,437,0,0,437,T
3-PA,695,460,0,1,0,461,A
3-PA,696,0,462,0,0,462,T
3-PA,697,0,0,466,0,466,G
3-PA,698,0,467,0,0,467,T
3-PA,699,2,0,467,0,469,G
3-PA,700,0,1,464,0,465,G
3-PA,701,464,0,0,0,464,A
3-PA,702,1,460,0,0,461,T
3-PA,703,0,0,455,0,455,G
3-PA,704,0,0,472,0,472,G
3-PA,705,475,0,0,0,475,A
3-PA,706,0,470,0,0,470,T
3-PA,707,0,473,0,0,473,T
3-PA,708,0,0,0,470,470,C
3-PA,709,0,0,477,0,477,G
3-PA,710,477,0,0,0,477,A
3-PA,711,473,0,3,0,476,A
3-PA,712,0,0,0,481,481,C
3-PA,713,1,0,0,468,469,C
3-PA,714,0,1,469,0,470,G
3-PA,715,472,0,0,0,472,A
3-PA,716,471,0,0,0,471,A
3-PA,717,0,0,0,479,479,C
3-PA,718,0,0,479,0,479,G
3-PA,719,0,1,491,0,492,G
3-PA,720,0,0,0,495,495,C
3-PA,721,0,493,0,1,494,T
3-PA,722,0,0,510,0,510,G
3-PA,723,0,0,0,512,512,C
3-PA,724,513,0,1,0,514,A
3-PA,725,0,510,0,0,510,T
3-PA,726,0,505,0,0,505,T
3-PA,727,0,0,506,0,506,G
3-PA,728,489,0,0,0,489,A
3-PA,729,0,0,507,1,508,G
3-PA,730,0,1,504,0,505,G
3-PA,731,2,0,503,0,505,G
3-PA,732,0,0,0,503,503,C
3-PA,733,501,0,1,0,502,A
3-PA,734,500,1,1,0,502,A
3-PA,735,1,0,504,0,505,G
3-PA,736,0,0,0,506,506,C
3-PA,737,0,495,0,4,499,T
3-PA,738,0,500,0,0,500,T
3-PA,739,0,503,0,0,503,T
3-PA,740,0,0,0,507,507,C
3-PA,741,0,504,0,1,505,T
3-PA,742,1,0,0,510,511,C
3-PA,743,509,0,0,0,509,A
3-PA,744,508,0,0,0,508,A
3-PA,745,508,0,0,0,508,A
3-PA,746,0,507,0,0,507,T
3-PA,747,0,0,520,0,520,G
3-PA,748,0,518,0,0,518,T
3-PA,749,0,0,0,524,524,C
3-PA,750,1,0,0,524,525,C
3-PA,751,525,0,0,0,525,A
3-PA,752,525,0,0,0,525,A
3-PA,753,522,0,0,0,522,A
3-PA,754,0,1,528,0,529,G
3-PA,755,525,0,0,0,525,A
3-PA,756,516,0,1,0,517,A
3-PA,757,0,0,517,0,517,G
3-PA,758,0,512,0,1,513,T
3-PA,759,5,2,507,0,514,G
3-PA,760,508,0,1,0,509,A
3-PA,761,510,0,0,0,510,A
3-PA,762,0,509,0,1,510,T
3-PA,763,0,0,506,0,506,G
3-PA,764,1,1,0,500,502,C
3-PA,765,1,0,0,502,503,C
3-PA,766,3,0,0,500,503,C
3-PA,767,504,0,0,0,504,A
3-PA,768,514,0,0,0,514,A
3-PA,769,518,0,0,0,518,A
3-PA,770,0,517,0,1,518,T
3-PA,771,0,517,0,0,517,T
3-PA,772,0,0,515,1,516,G
3-PA,773,515,0,0,0,515,A
3-PA,774,517,0,0,0,517,A
3-PA,775,1,1,0,516,518,C
3-PA,776,0,0,0,516,516,C
3-PA,777,0,503,0,1,504,T
3-PA,778,0,516,0,0,516,T
3-PA,779,0,518,0,0,518,T
3-PA,780,1,531,0,1,533,T
3-PA,781,0,0,0,536,536,C
3-PA,782,0,533,0,1,534,T
3-PA,783,0,0,537,0,537,G
3-PA,784,536,0,0,0,536,A
3-PA,785,542,0,0,0,542,A
3-PA,786,0,2,545,0,547,G
3-PA,787,543,0,1,0,544,A
3-PA,788,0,2,0,545,547,C
3-PA,789,538,0,2,0,540,A
3-PA,790,542,0,2,0,544,A
3-PA,791,0,0,0,601,601,C
3-PA,792,602,0,1,0,603,A
3-PA,793,0,0,0,601,601,C
3-PA,794,0,0,1,594,595,C
3-PA,795,594,0,0,0,594,A
3-PA,796,595,0,0,0,595,A
3-PA,797,0,0,601,0,601,G
3-PA,798,602,0,1,0,603,A
3-PA,799,0,0,0,600,600,C
3-PA,800,2,0,0,551,553,C
3-PA,801,545,0,0,0,545,A
3-PA,802,548,0,1,0,549,A
3-PA,803,0,547,0,0,547,T
3-PA,804,1,1,0,544,546,C
3-PA,805,546,0,0,0,546,A
3-PA,806,546,0,0,0,546,A
3-PA,807,545,0,0,0,545,A
3-PA,808,0,0,0,553,553,C
3-PA,809,0,545,0,1,546,T
3-PA,810,0,549,0,0,549,T
3-PA,811,0,0,0,553,553,C
3-PA,812,1,0,0,550,551,C
3-PA,813,1,1,559,0,561,G
3-PA,814,562,0,0,0,562,A
3-PA,815,563,0,0,0,563,A
3-PA,816,0,562,0,0,562,T
3-PA,817,0,1,554,0,555,G
3-PA,818,0,3,555,0,558,G
3-PA,819,555,0,1,0,556,A
3-PA,820,1,0,0,561,562,C
3-PA,821,0,0,0,559,559,C
3-PA,822,3,571,1,1,576,T
3-PA,823,1,0,0,592,593,C
3-PA,824,0,0,0,589,589,C
3-PA,825,0,586,0,1,587,T
3-PA,826,0,589,0,0,589,T
3-PA,827,0,0,618,0,618,G
3-PA,828,0,615,0,0,615,T
3-PA,829,0,610,0,1,611,T
3-PA,830,612,0,0,0,612,A
3-PA,831,0,590,0,1,591,T
3-PA,832,0,0,0,586,586,C
3-PA,833,574,0,1,0,575,A
3-PA,834,2,0,573,0,575,G
3-PA,835,0,0,0,570,570,C
3-PA,836,2,2,553,0,557,G
3-PA,837,1,0,579,0,580,G
3-PA,838,0,583,0,0,583,T
3-PA,839,1,0,0,581,582,C
3-PA,840,0,0,0,583,583,C
3-PA,841,583,0,0,0,583,A
3-PA,842,587,0,0,0,587,A
3-PA,843,587,0,0,0,587,A
3-PA,844,0,588,0,1,589,T
3-PA,845,0,588,0,0,588,T
3-PA,846,0,1,0,587,588,C
3-PA,847,1,0,0,591,592,C
3-PA,848,0,587,0,0,587,T
3-PA,849,1,0,0,590,591,C
3-PA,850,1,1,0,593,595,C
3-PA,851,0,591,0,1,592,T
3-PA,852,0,0,598,0,598,G
3-PA,853,593,0,1,0,594,A
3-PA,854,0,595,0,0,595,T
3-PA,855,0,0,589,0,589,G
3-PA,856,1,0,579,0,580,G
3-PA,857,576,0,1,0,577,A
3-PA,858,0,572,0,1,573,T
3-PA,859,1,0,574,0,575,G
3-PA,860,0,0,0,599,599,C
3-PA,861,0,589,0,5,594,T
3-PA,862,0,598,0,0,598,T
3-PA,863,0,595,0,0,595,T
3-PA,864,597,0,1,0,598,A
3-PA,865,600,0,0,0,600,A
3-PA,866,602,0,0,0,602,A
3-PA,867,607,0,0,0,607,A
3-PA,868,0,609,0,0,609,T
3-PA,869,0,564,0,0,564,T
3-PA,870,0,2,564,0,566,G
3-PA,871,560,0,3,0,563,A
3-PA,872,0,0,571,0,571,G
3-PA,873,0,0,0,571,571,C
3-PA,874,567,0,0,0,567,A
3-PA,875,0,581,0,1,582,T
3-PA,876,0,580,0,0,580,T
3-PA,877,0,0,577,0,577,G
3-PA,878,578,0,1,0,579,A
3-PA,879,569,1,3,0,573,A
3-PA,880,0,0,574,0,574,G
3-PA,881,570,0,0,1,571,A
3-PA,882,0,0,0,578,578,C
3-PA,883,0,0,0,574,574,C
3-PA,884,0,2,0,554,556,C
3-PA,885,557,0,0,0,557,A
3-PA,886,557,0,2,0,559,A
3-PA,887,0,0,571,0,571,G
3-PA,888,0,575,0,0,575,T
3-PA,889,0,0,0,574,574,C
3-PA,890,573,0,0,0,573,A
3-PA,891,0,0,0,570,570,C
3-PA,892,0,2,569,0,571,G
3-PA,893,586,0,1,0,587,A
3-PA,894,586,0,1,0,587,A
3-PA,895,0,1,604,0,605,G
3-PA,896,0,1,605,0,606,G
3-PA,897,604,0,1,0,605,A
3-PA,898,0,0,609,0,609,G
3-PA,899,605,0,1,0,606,A
3-PA,900,605,1,1,0,607,A
3-PA,901,1,0,610,0,611,G
3-PA,902,0,2,601,0,603,G
3-PA,903,0,1,608,0,609,G
3-PA,904,586,0,1,0,587,A
3-PA,905,0,585,0,2,587,T
3-PA,906,2,0,0,592,594,C
3-PA,907,0,0,0,620,620,C
3-PA,908,1,1,2,623,627,C
3-PA,909,631,0,0,0,631,A
3-PA,910,0,628,0,0,628,T
3-PA,911,0,625,0,0,625,T
3-PA,912,617,0,2,1,620,A
3-PA,913,0,620,0,0,620,T
3-PA,914,1,0,575,0,576,G
3-PA,915,0,589,0,1,590,T
3-PA,916,0,1,592,0,593,G
3-PA,917,596,0,0,0,596,A
3-PA,918,0,595,0,0,595,T
3-PA,919,2,0,607,0,609,G
3-PA,920,0,0,1,607,608,C
3-PA,921,0,3,608,0,611,G
3-PA,922,614,0,1,0,615,A
3-PA,923,0,614,0,2,616,T
3-PA,924,0,1,0,612,613,C
3-PA,925,614,0,0,0,614,A
3-PA,926,610,0,1,0,611,A
3-PA,927,0,0,616,0,616,G
3-PA,928,0,604,0,0,604,T
3-PA,929,0,1,613,0,614,G
3-PA,930,0,1,0,613,614,C
3-PA,931,609,1,1,0,611,A
3-PA,932,0,615,0,0,615,T
3-PA,933,611,0,0,0,611,A
3-PA,934,620,0,1,0,621,A
3-PA,935,622,0,0,0,622,A
3-PA,936,620,0,2,0,622,A
3-PA,937,622,0,1,0,623,A
3-PA,938,0,0,0,620,620,C
3-PA,939,610,0,2,0,612,A
3-PA,940,0,616,0,1,617,T
3-PA,941,1,614,0,0,615,T
3-PA,942,0,0,0,623,623,C
3-PA,943,0,613,0,0,613,T
3-PA,944,0,613,0,0,613,T
3-PA,945,0,615,0,0,615,T
3-PA,946,0,1,612,0,613,G
3-PA,947,2,0,618,0,620,G
3-PA,948,618,1,0,0,619,A
3-PA,949,0,620,0,0,620,T
3-PA,950,0,1,625,0,626,G
3-PA,951,0,0,639,0,639,G
3-PA,952,638,0,0,1,639,A
3-PA,953,640,0,0,0,640,A
3-PA,954,640,0,2,0,642,A
3-PA,955,0,1,640,0,641,G
3-PA,956,644,0,1,0,645,A
3-PA,957,691,0,1,0,692,A
3-PA,958,0,0,0,708,708,C
3-PA,959,1,0,0,708,709,C
3-PA,960,0,702,0,0,702,T
3-PA,961,0,717,0,1,718,T
3-PA,962,721,0,2,0,723,A
3-PA,963,0,723,0,0,723,T
3-PA,964,716,0,1,0,717,A
3-PA,965,0,728,0,0,728,T
3-PA,966,678,0,0,0,678,A
3-PA,967,0,1,681,0,682,G
3-PA,968,0,673,0,0,673,T
3-PA,969,0,0,0,673,673,C
3-PA,970,662,0,0,0,662,A
3-PA,971,662,0,0,0,662,A
3-PA,972,661,0,1,0,662,A
3-PA,973,1,0,0,663,664,C
3-PA,974,0,0,0,659,659,C
3-PA,975,651,0,0,0,651,A
3-PA,976,0,0,0,654,654,C
3-PA,977,655,0,1,0,656,A
3-PA,978,0,1,0,662,663,C
3-PA,979,0,0,663,0,663,G
3-PA,980,663,0,0,0,663,A
3-PA,981,661,0,1,0,662,A
3-PA,982,656,0,0,0,656,A
3-PA,983,655,0,0,0,655,A
3-PA,984,0,1,656,0,657,G
3-PA,985,0,0,650,0,650,G
3-PA,986,0,2,657,0,659,G
3-PA,987,655,0,2,0,657,A
3-PA,988,655,0,0,0,655,A
3-PA,989,0,655,0,0,655,T
3-PA,990,659,0,0,0,659,A
3-PA,991,659,0,0,0,659,A
3-PA,992,665,0,0,0,665,A
3-PA,993,0,662,0,0,662,T
3-PA,994,0,661,0,0,661,T
3-PA,995,2,0,1,658,661,C
3-PA,996,662,0,0,0,662,A
3-PA,997,664,0,0,0,664,A
3-PA,998,666,0,0,0,666,A
3-PA,999,0,665,1,0,666,T
3-PA,1000,0,669,0,0,669,T
3-PA,1001,677,0,0,0,677,A
3-PA,1002,0,0,0,675,675,C
3-PA,1003,0,0,0,678,678,C
3-PA,1004,0,665,0,0,665,T
3-PA,1005,0,0,667,0,667,G
3-PA,1006,0,0,0,668,668,C
3-PA,1007,0,665,0,1,666,T
3-PA,1008,0,0,687,0,687,G
3-PA,1009,0,686,0,1,687,T
3-PA,1010,1,0,0,688,689,C
3-PA,1011,690,0,1,0,691,A
3-PA,1012,0,687,0,0,687,T
3-PA,1013,2,0,686,0,688,G
3-PA,1014,0,0,696,0,696,G
3-PA,1015,696,0,1,0,697,A
3-PA,1016,725,0,0,0,725,A
3-PA,1017,0,0,721,0,721,G
3-PA,1018,0,1,0,724,725,C
3-PA,1019,722,0,0,0,722,A
3-PA,1020,725,0,2,0,727,A
3-PA,1021,0,0,730,0,730,G
3-PA,1022,1,729,0,0,730,T
3-PA,1023,729,0,0,0,729,A
3-PA,1024,0,0,0,731,731,C
3-PA,1025,0,713,0,0,713,T
3-PA,1026,0,0,716,0,716,G
3-PA,1027,0,707,0,0,707,T
3-PA,1028,0,1,1,709,711,C
3-PA,1029,710,1,0,0,711,A
3-PA,1030,0,2,718,0,720,G
3-PA,1031,720,0,2,0,722,A
3-PA,1032,717,0,1,0,718,A
3-PA,1033,0,717,0,0,717,T
3-PA,1034,0,711,0,1,712,T
3-PA,1035,0,0,708,0,708,G
3-PA,1036,0,0,13,696,709,C
3-PA,1037,708,0,0,0,708,A
3-PA,1038,0,0,707,0,707,G
3-PA,1039,0,1,703,0,704,G
3-PA,1040,703,0,1,0,704,A
3-PA,1041,700,0,0,0,700,A
3-PA,1042,0,0,700,0,700,G
3-PA,1043,0,724,0,1,725,T
3-PA,1044,0,724,0,1,725,T
3-PA,1045,0,2,727,0,729,G
3-PA,1046,729,0,1,0,730,A
3-PA,1047,729,0,0,0,729,A
3-PA,1048,732,0,0,0,732,A
3-PA,1049,728,0,2,0,730,A
3-PA,1050,0,732,0,0,732,T
3-PA,1051,0,0,738,0,738,G
3-PA,1052,730,0,0,0,730,A
3-PA,1053,0,0,739,0,739,G
3-PA,1054,0,2,740,0,742,G
3-PA,1055,737,0,3,0,740,A
3-PA,1056,0,1,740,0,741,G
3-PA,1057,739,0,1,0,740,A
3-PA,1058,740,0,0,0,740,A
3-PA,1059,1,1,738,0,740,G
3-PA,1060,0,0,736,0,736,G
3-PA,1061,0,767,0,2,769,T
3-PA,1062,0,766,0,1,767,T
3-PA,1063,4,0,0,764,768,C
3-PA,1064,1,0,0,767,768,C
3-PA,1065,770,0,1,0,771,A
3-PA,1066,771,0,0,0,771,A
3-PA,1067,0,2,770,0,772,G
3-PA,1068,0,2,777,0,779,G
3-PA,1069,772,0,0,0,772,A
3-PA,1070,0,0,0,779,779,C
3-PA,1071,0,777,0,0,777,T
3-PA,1072,777,0,0,0,777,A
3-PA,1073,777,0,1,0,778,A
3-PA,1074,774,0,2,0,776,A
3-PA,1075,782,0,0,0,782,A
3-PA,1076,776,0,1,0,777,A
3-PA,1077,0,0,0,768,768,C
3-PA,1078,765,0,1,0,766,A
3-PA,1079,0,761,0,1,762,T
3-PA,1080,0,1,765,0,766,G
3-PA,1081,762,0,1,0,763,A
3-PA,1082,766,0,0,0,766,A
3-PA,1083,0,0,768,0,768,G
3-PA,1084,762,1,0,0,763,A
3-PA,1085,760,0,0,0,760,A
3-PA,1086,758,0,4,0,762,A
3-PA,1087,762,0,1,0,763,A
3-PA,1088,0,0,0,764,764,C
3-PA,1089,0,0,762,0,762,G
3-PA,1090,761,0,0,0,761,A
3-PA,1091,0,0,763,0,763,G
3-PA,1092,0,760,0,1,761,T
3-PA,1093,1,0,0,775,776,C
3-PA,1094,777,1,0,0,778,A
3-PA,1095,791,0,2,0,793,A
3-PA,1096,0,0,0,794,794,C
3-PA,1097,1,791,0,0,792,T
3-PA,1098,0,2,801,0,803,G
3-PA,1099,798,0,0,0,798,A
3-PA,1100,805,0,1,0,806,A
3-PA,1101,0,0,807,0,807,G
3-PA,1102,0,788,0,0,788,T
3-PA,1103,0,3,790,0,793,G
3-PA,1104,1,0,787,0,788,G
3-PA,1105,0,0,791,0,791,G
3-PA,1106,0,1,0,786,787,C
3-PA,1107,0,780,0,1,781,T
3-PA,1108,1,0,0,789,790,C
3-PA,1109,0,782,0,1,783,T
3-PA,1110,0,783,0,0,783,T
3-PA,1111,0,2,814,0,816,G
3-PA,1112,0,0,818,0,818,G
3-PA,1113,1,811,0,2,814,T
3-PA,1114,1,0,813,0,814,G
3-PA,1115,814,0,0,0,814,A
3-PA,1116,823,0,1,0,824,A
3-PA,1117,823,0,2,1,826,A
3-PA,1118,832,0,2,0,834,A
3-PA,1119,0,0,0,842,842,C
3-PA,1120,825,0,0,0,825,A
3-PA,1121,0,827,0,1,828,T
3-PA,1122,10,0,817,0,827,G
3-PA,1123,1,1,844,0,846,G
3-PA,1124,0,0,0,851,851,C
3-PA,1125,848,0,0,2,850,A
3-PA,1126,0,0,0,864,864,C
3-PA,1127,2,0,0,862,864,C
3-PA,1128,882,0,2,1,885,A
3-PA,1129,0,0,904,0,904,G
3-PA,1130,900,0,3,1,904,A
3-PA,1131,2,2,916,0,920,G
3-PA,1132,926,0,0,0,926,A
3-PA,1133,924,1,0,0,925,A
3-PA,1134,0,3,928,0,931,G
3-PA,1135,1,0,926,0,927,G
3-PA,1136,0,923,1,0,924,T
3-PA,1137,914,0,0,0,914,A
3-PA,1138,0,0,915,0,915,G
3-PA,1139,917,0,2,0,919,A
3-PA,1140,0,1,0,935,936,C
3-PA,1141,0,921,0,0,921,T
3-PA,1142,0,918,0,0,918,T
3-PA,1143,0,923,0,0,923,T
3-PA,1144,0,1,924,1,926,G
3-PA,1145,923,0,2,0,925,A
3-PA,1146,929,0,1,0,930,A
3-PA,1147,924,0,2,0,926,A
3-PA,1148,921,0,0,0,921,A
3-PA,1149,0,0,0,940,940,C
3-PA,1150,0,940,0,0,940,T
3-PA,1151,0,0,958,0,958,G
3-PA,1152,0,0,0,957,957,C
3-PA,1153,956,1,0,0,957,A
3-PA,1154,0,0,958,0,958,G
3-PA,1155,954,0,0,0,954,A
3-PA,1156,0,0,997,0,997,G
3-PA,1157,1000,0,0,1,1001,A
3-PA,1158,0,0,0,1000,1000,C
3-PA,1159,1001,0,0,0,1001,A
3-PA,1160,0,995,0,0,995,T
3-PA,1161,998,0,1,0,999,A
3-PA,1162,996,0,1,0,997,A
3-PA,1163,1,0,1001,0,1002,G
3-PA,1164,0,1,0,994,995,C
3-PA,1165,0,1,974,1,976,G
3-PA,1166,993,0,0,0,993,A
3-PA,1167,0,992,0,2,994,T
3-PA,1168,0,987,0,0,987,T
3-PA,1169,0,993,0,1,994,T
3-PA,1170,0,1,992,0,993,G
3-PA,1171,997,0,3,0,1000,A
3-PA,1172,1004,0,0,0,1004,A
3-PA,1173,0,0,1012,0,1012,G
3-PA,1174,0,0,0,1034,1034,C
3-PA,1175,1023,0,0,0,1023,A
3-PA,1176,1103,0,11,0,1114,A
3-PA,1177,0,1113,0,2,1115,T
3-PA,1178,1115,0,1,1,1117,A
3-PA,1179,0,1125,0,2,1127,T
3-PA,1180,2,2,1126,0,1130,G
3-PA,1181,1134,0,2,0,1136,A
3-PA,1182,0,1129,0,0,1129,T
3-PA,1183,1110,0,1,0,1111,A
3-PA,1184,1,1,1107,0,1109,G
3-PA,1185,0,1060,0,0,1060,T
3-PA,1186,0,3,1060,0,1063,G
3-PA,1187,1059,0,1,0,1060,A
3-PA,1188,0,0,0,1056,1056,C
3-PA,1189,1,0,1055,0,1056,G
3-PA,1190,1068,0,0,0,1068,A
3-PA,1191,1071,0,1,0,1072,A
3-PA,1192,0,0,0,1083,1083,C
3-PA,1193,0,0,0,1080,1080,C
3-PA,1194,1,1081,0,1,1083,T
3-PA,1195,0,1,1130,0,1131,G
3-PA,1196,1124,1,2,0,1127,A
3-PA,1197,1129,0,0,0,1129,A
3-PA,1198,0,1127,0,2,1129,T
3-PA,1199,0,1121,0,0,1121,T
3-PA,1200,1115,0,0,0,1115,A
3-PA,1201,1110,0,2,0,1112,A
3-PA,1202,0,2,1114,0,1116,G
3-PA,1203,0,0,1117,0,1117,G
3-PA,1204,0,1092,0,6,1098,T
3-PA,1205,2,0,0,1094,1096,C
3-PA,1206,1098,0,2,0,1100,A
3-PA,1207,0,1,0,1138,1139,C
3-PA,1208,0,1139,0,3,1142,T
3-PA,1209,1,1141,0,1,1143,T
3-PA,1210,0,1150,0,0,1150,T
3-PA,1211,0,0,0,1149,1149,C
3-PA,1212,1150,0,1,0,1151,A
3-PA,1213,1146,1,2,0,1149,A
3-PA,1214,0,1,1163,0,1164,G
3-PA,1215,0,1,0,1165,1166,C
3-PA,1216,0,1146,0,0,1146,T
3-PA,1217,0,1,1187,0,1188,G
3-PA,1218,1,0,1197,0,1198,G
3-PA,1219,1216,0,1,0,1217,A
3-PA,1220,1,1228,0,0,1229,T
3-PA,1221,1231,1,0,0,1232,A
3-PA,1222,0,0,0,1243,1243,C
3-PA,1223,1221,0,0,0,1221,A
3-PA,1224,0,1,1238,0,1239,G
3-PA,1225,1236,0,0,0,1236,A
3-PA,1226,1216,0,2,0,1218,A
3-PA,1227,0,1202,0,0,1202,T
3-PA,1228,0,4,1211,0,1215,G
3-PA,1229,1210,0,0,0,1210,A
3-PA,1230,0,0,1229,0,1229,G
3-PA,1231,0,1229,0,2,1231,T
3-PA,1232,0,1232,0,1,1233,T
3-PA,1233,2,0,0,1240,1242,C
3-PA,1234,1249,0,1,0,1250,A
3-PA,1235,1244,0,0,5,1249,A
3-PA,1236,0,0,0,1251,1251,C
3-PA,1237,1235,0,3,0,1238,A
3-PA,1238,1236,0,1,0,1237,A
3-PA,1239,0,0,1251,0,1251,G
3-PA,1240,1,0,1264,0,1265,G
3-PA,1241,2,0,0,1296,1298,C
3-PA,1242,0,0,0,1291,1291,C
3-PA,1243,0,1280,3,2,1285,T
3-PA,1244,1,0,1288,0,1289,G
3-PA,1245,0,1284,0,1,1285,T
3-PA,1246,0,4,1287,0,1291,G
3-PA,1247,1290,0,1,0,1291,A
3-PA,1248,0,0,1286,0,1286,G
3-PA,1249,2,0,0,1281,1283,C
3-PA,1250,0,1256,0,0,1256,T
3-PA,1251,1,1,1247,0,1249,G
3-PA,1252,1288,0,1,0,1289,A
3-PA,1253,0,0,0,1293,1293,C
3-PA,1254,0,1289,0,2,1291,T
3-PA,1255,0,3,1295,0,1298,G
3-PA,1256,1297,0,2,0,1299,A
3-PA,1257,0,1301,0,0,1301,T
3-PA,1258,0,1299,0,1,1300,T
3-PA,1259,1,0,0,1307,1308,C
3-PA,1260,1345,1,0,0,1346,A
3-PA,1261,1,1,1380,0,1382,G
3-PA,1262,1,1373,0,4,1378,T
3-PA,1263,1,11,0,1367,1379,C
3-PA,1264,0,1363,0,10,1373,T
3-PA,1265,1,0,1433,0,1434,G
3-PA,1266,0,2,1433,0,1435,G
3-PA,1267,1436,0,2,0,1438,A
3-PA,1268,0,1435,0,1,1436,T
3-PA,1269,1371,1,9,0,1381,A
3-PA,1270,0,1,1380,0,1381,G
3-PA,1271,1364,0,2,0,1366,A
3-PA,1272,0,0,1373,0,1373,G
3-PA,1273,0,0,0,1376,1376,C
3-PA,1274,0,1336,0,2,1338,T
3-PA,1275,0,1,1,1344,1346,C
3-PA,1276,1,0,1344,0,1345,G
3-PA,1277,1346,0,2,0,1348,A
3-PA,1278,0,1349,0,1,1350,T
3-PA,1279,0,2,1342,0,1344,G
3-PA,1280,1358,0,2,0,1360,A
3-PA,1281,1354,0,3,0,1357,A
3-PA,1282,1357,0,5,0,1362,A
3-PA,1283,0,1363,1,0,1364,T
3-PA,1284,0,1362,0,0,1362,T
3-PA,1285,0,1,1375,0,1376,G
3-PA,1286,0,0,1376,1,1377,G
3-PA,1287,1371,1,2,0,1374,A
3-PA,1288,0,0,1373,1,1374,G
3-PA,1289,1362,0,0,0,1362,A
3-PA,1290,0,2,1371,0,1373,G
3-PA,1291,0,2,1382,0,1384,G
3-PA,1292,1397,0,1,0,1398,A
3-PA,1293,0,3,0,1397,1400,C
3-PA,1294,1,0,1388,0,1389,G
3-PA,1295,0,1388,0,1,1389,T
3-PA,1296,1394,1,0,0,1395,A
3-PA,1297,0,1,1403,0,1404,G
3-PA,1298,0,0,0,1417,1417,C
3-PA,1299,3,0,0,1405,1408,C
3-PA,1300,1,0,0,1397,1398,C
3-PA,1301,0,0,0,1400,1400,C
3-PA,1302,1399,0,1,0,1400,A
3-PA,1303,1468,0,0,0,1468,A
3-PA,1304,0,1464,0,0,1464,T
3-PA,1305,0,1460,0,0,1460,T
3-PA,1306,0,2,1458,0,1460,G
3-PA,1307,1436,0,2,0,1438,A
3-PA,1308,0,2,1441,0,1443,G
3-PA,1309,0,0,0,1444,1444,C
3-PA,1310,1432,0,1,0,1433,A
3-PA,1311,0,0,0,1459,1459,C
3-PA,1312,1430,0,0,0,1430,A
3-PA,1313,0,1482,0,1,1483,T
3-PA,1314,0,1476,0,1,1477,T
3-PA,1315,0,1,1481,0,1482,G
3-PA,1316,1,0,0,1479,1480,C
3-PA,1317,1475,0,2,0,1477,A
3-PA,1318,1481,0,1,0,1482,A
3-PA,1319,0,0,1484,0,1484,G
3-PA,1320,0,0,0,1468,1468,C
3-PA,1321,1467,1,0,0,1468,A
3-PA,1322,0,1436,0,0,1436,T
3-PA,1323,0,4,1441,0,1445,G
3-PA,1324,1434,1,1,0,1436,A
3-PA,1325,4,2,1436,0,1442,G
3-PA,1326,1437,1,1,1,1440,A
3-PA,1327,1434,1,1,1,1437,A
3-PA,1328,1,1,1438,0,1440,G
3-PA,1329,0,0,1442,0,1442,G
3-PA,1330,1444,0,1,1,1446,A
3-PA,1331,1444,0,0,1,1445,A
3-PA,1332,0,1448,0,0,1448,T
3-PA,1333,0,1440,0,0,1440,T
3-PA,1334,1445,0,0,1,1446,A
3-PA,1335,0,1445,0,1,1446,T
3-PA,1336,0,1439,0,1,1440,T
3-PA,1337,0,1448,0,1,1449,T
3-PA,1338,2,1,0,1437,1440,C
3-PA,1339,1438,0,0,0,1438,A
3-PA,1340,1,0,1,1466,1468,C
3-PA,1341,1450,9,4,0,1463,A
3-PA,1342,0,0,1486,0,1486,G
3-PA,1343,0,1,0,1481,1482,C
3-PA,1344,1478,0,1,0,1479,A
3-PA,1345,0,1,1488,0,1489,G
3-PA,1346,1479,0,1,0,1480,A
3-PA,1347,0,1,1494,0,1495,G
3-PA,1348,6,2,1496,0,1504,G
3-PA,1349,1,1449,0,2,1452,T
3-PA,1350,0,0,1479,0,1479,G
3-PA,1351,0,1463,0,0,1463,T
3-PA,1352,1,1,0,1459,1461,C
3-PA,1353,1,0,0,1467,1468,C
3-PA,1354,4,1,0,1454,1459,C
3-PA,1355,1482,0,4,1,1487,A
3-PA,1356,0,1513,0,2,1515,T
3-PA,1357,0,1508,0,0,1508,T
3-PA,1358,0,0,1515,0,1515,G
3-PA,1359,0,1490,0,0,1490,T
3-PA,1360,1470,0,1,0,1471,A
3-PA,1361,0,4,1466,0,1470,G
3-PA,1362,1438,0,2,0,1440,A
3-PA,1363,0,0,1445,0,1445,G
3-PA,1364,0,1,0,1421,1422,C
3-PA,1365,3,0,0,1399,1402,C
3-PA,1366,1420,0,2,0,1422,A
3-PA,1367,0,0,0,1426,1426,C
3-PA,1368,0,1407,0,0,1407,T
3-PA,1369,0,0,1407,0,1407,G
3-PA,1370,1404,0,0,0,1404,A
3-PA,1371,1385,0,1,0,1386,A
3-PA,1372,0,1424,0,0,1424,T
3-PA,1373,1430,1,2,1,1434,A
3-PA,1374,1,0,0,1443,1444,C
3-PA,1375,1420,0,0,0,1420,A
3-PA,1376,0,1422,0,1,1423,T
3-PA,1377,1410,0,1,0,1411,A
3-PA,1378,1420,0,0,0,1420,A
3-PA,1379,0,1420,0,0,1420,T
3-PA,1380,1,0,1406,0,1407,G
3-PA,1381,1400,0,0,0,1400,A
3-PA,1382,1380,0,2,0,1382,A
3-PA,1383,1,4,1378,0,1383,G
3-PA,1384,0,2,1385,0,1387,G
3-PA,1385,0,3,1415,0,1418,G
3-PA,1386,2,1,1421,0,1424,G
3-PA,1387,0,0,1434,1,1435,G
3-PA,1388,0,1414,0,0,1414,T
3-PA,1389,1420,0,2,0,1422,A
3-PA,1390,0,1427,0,2,1429,T
3-PA,1391,1449,1,3,0,1453,A
3-PA,1392,0,1,0,1594,1595,C
3-PA,1393,1562,0,0,0,1562,A
3-PA,1394,0,1524,0,1,1525,T
3-PA,1395,0,1507,0,1,1508,T
3-PA,1396,1491,0,0,0,1491,A
3-PA,1397,1525,0,1,0,1526,A
3-PA,1398,0,0,0,1528,1528,C
3-PA,1399,1502,0,2,0,1504,A
3-PA,1400,0,0,0,1500,1500,C
3-PA,1401,0,1346,0,3,1349,T
3-PA,1402,0,1,1406,0,1407,G
3-PA,1403,1,0,0,1406,1407,C
3-PA,1404,1,0,0,1397,1398,C
3-PA,1405,0,1,1,1410,1412,C
3-PA,1406,0,1359,0,4,1363,T
3-PA,1407,0,0,1412,0,1412,G
3-PA,1408,0,1,0,1408,1409,C
3-PA,1409,0,1399,0,4,1403,T
3-PA,1410,4,2,0,1445,1451,C
3-PA,1411,1373,0,1,0,1374,A
3-PA,1412,1393,0,0,0,1393,A
3-PA,1413,0,1392,0,2,1394,T
3-PA,1414,0,0,1393,0,1393,G
3-PA,1415,0,2,0,1389,1391,C
3-PA,1416,1352,0,1,0,1353,A
3-PA,1417,1,1351,0,0,1352,T
3-PA,1418,0,0,0,1346,1346,C
3-PA,1419,1,0,0,1353,1354,C
3-PA,1420,0,1305,0,2,1307,T
3-PA,1421,0,0,1331,0,1331,G
3-PA,1422,0,1324,0,2,1326,T
3-PA,1423,2,0,1326,0,1328,G
3-PA,1424,0,1,0,1323,1324,C
3-PA,1425,1294,0,2,0,1296,A
3-PA,1426,1,0,1304,0,1305,G
3-PA,1427,0,0,0,1306,1306,C
3-PA,1428,1291,0,0,0,1291,A
3-PA,1429,1288,0,1,0,1289,A
3-PA,1430,0,1250,0,0,1250,T
3-PA,1431,1,0,1246,0,1247,G
3-PA,1432,0,0,1246,0,1246,G
3-PA,1433,1240,0,3,0,1243,A
3-PA,1434,0,1,0,1244,1245,C
3-PA,1435,0,1,1235,0,1236,G
3-PA,1436,1256,0,0,0,1256,A
3-PA,1437,0,1259,0,0,1259,T
3-PA,1438,0,1255,0,0,1255,T
3-PA,1439,0,1249,0,5,1254,T
3-PA,1440,0,1251,0,4,1255,T
3-PA,1441,0,0,0,1252,1252,C
3-PA,1442,1256,1,1,0,1258,A
3-PA,1443,1256,0,1,0,1257,A
3-PA,1444,0,0,0,1262,1262,C
3-PA,1445,0,1242,0,1,1243,T
3-PA,1446,1247,0,1,0,1248,A
3-PA,1447,1248,0,0,0,1248,A
3-PA,1448,0,1251,0,1,1252,T
3-PA,1449,0,1252,0,2,1254,T
3-PA,1450,1,1,1,1256,1259,C
3-PA,1451,1,0,0,1250,1251,C
3-PA,1452,1,1,0,1240,1242,C
3-PA,1453,1241,0,3,0,1244,A
3-PA,1454,0,1253,0,2,1255,T
3-PA,1455,0,1,1263,0,1264,G
3-PA,1456,1260,0,2,0,1262,A
3-PA,1457,0,1260,0,1,1261,T
3-PA,1458,1256,0,0,0,1256,A
3-PA,1459,1261,1,2,0,1264,A
3-PA,1460,0,0,1265,0,1265,G
3-PA,1461,2,0,0,1257,1259,C
3-PA,1462,1261,0,0,0,1261,A
3-PA,1463,1229,0,3,0,1232,A
3-PA,1464,0,0,1257,0,1257,G
3-PA,1465,0,1247,1,2,1250,T
3-PA,1466,1,1,1248,0,1250,G
3-PA,1467,0,1,0,1246,1247,C
3-PA,1468,1239,0,1,0,1240,A
3-PA,1469,0,2,1257,0,1259,G
3-PA,1470,1257,0,0,0,1257,A
3-PA,1471,1283,0,1,0,1284,A
3-PA,1472,0,0,0,1286,1286,C
3-PA,1473,0,1258,1,0,1259,T
3-PA,1474,1261,0,0,0,1261,A
3-PA,1475,1262,0,1,0,1263,A
3-PA,1476,1250,0,5,0,1255,A
3-PA,1477,2,2,1258,0,1262,G
3-PA,1478,1221,0,0,0,1221,A
3-PA,1479,0,2,1219,0,1221,G
3-PA,1480,0,0,1196,0,1196,G
3-PA,1481,2,0,1193,0,1195,G
3-PA,1482,1171,0,2,0,1173,A
3-PA,1483,1157,0,0,0,1157,A
3-PA,1484,1,2,1150,0,1153,G
3-PA,1485,1,1,1152,0,1154,G
3-PA,1486,0,2,0,1147,1149,C
3-PA,1487,1,0,1152,0,1153,G
3-PA,1488,1148,2,1,0,1151,A
3-PA,1489,1153,0,0,0,1153,A
3-PA,1490,1150,0,1,0,1151,A
3-PA,1491,1149,0,0,0,1149,A
3-PA,1492,1154,0,0,1,1155,A
3-PA,1493,0,1,0,1153,1154,C
3-PA,1494,1,0,0,1150,1151,C
3-PA,1495,1151,0,1,0,1152,A
3-PA,1496,1160,0,0,0,1160,A
3-PA,1497,0,1153,1,1,1155,T
3-PA,1498,0,1159,0,0,1159,T
3-PA,1499,0,1169,0,0,1169,T
3-PA,1500,1170,0,0,0,1170,A
3-PA,1501,0,1172,0,0,1172,T
3-PA,1502,1172,1,2,0,1175,A
3-PA,1503,0,1168,0,1,1169,T
3-PA,1504,0,1,1157,1,1159,G
3-PA,1505,0,5,1141,0,1146,G
3-PA,1506,1148,0,0,0,1148,A
3-PA,1507,0,1145,0,2,1147,T
3-PA,1508,0,1138,0,0,1138,T
3-PA,1509,0,1,0,1140,1141,C
3-PA,1510,1140,0,1,0,1141,A
3-PA,1511,0,1152,0,0,1152,T
3-PA,1512,0,0,0,1158,1158,C
3-PA,1513,1147,0,6,0,1153,A
3-PA,1514,0,1149,0,0,1149,T
3-PA,1515,1143,0,0,0,1143,A
3-PA,1516,1141,0,2,1,1144,A
3-PA,1517,1144,0,2,0,1146,A
3-PA,1518,0,1,1134,0,1135,G
3-PA,1519,0,1,1120,0,1121,G
3-PA,1520,0,1,1104,0,1105,G
3-PA,1521,1097,0,1,0,1098,A
3-PA,1522,1089,0,4,0,1093,A
3-PA,1523,0,2,1092,0,1094,G
3-PA,1524,1084,0,2,0,1086,A
3-PA,1525,0,1084,0,1,1085,T
3-PA,1526,0,0,0,1083,1083,C
3-PA,1527,1,1061,0,2,1064,T
3-PA,1528,2,1,0,1097,1100,C
3-PA,1529,1098,0,0,0,1098,A
3-PA,1530,0,1097,0,0,1097,T
3-PA,1531,2,1098,0,0,1100,T
3-PA,1532,0,1089,0,0,1089,T
3-PA,1533,1086,0,0,0,1086,A
3-PA,1534,1085,0,3,0,1088,A
3-PA,1535,1,1,1083,0,1085,G
3-PA,1536,0,2,1097,0,1099,G
3-PA,1537,1051,0,0,1,1052,A
3-PA,1538,1053,0,1,0,1054,A
3-PA,1539,1,1048,2,1,1052,T
3-PA,1540,0,1,1058,0,1059,G
3-PA,1541,1077,0,1,1,1079,A
3-PA,1542,1,1,1,1075,1078,C
3-PA,1543,1072,0,4,0,1076,A
3-PA,1544,0,2,0,1075,1077,C
3-PA,1545,1049,0,1,0,1050,A
3-PA,1546,0,0,1062,0,1062,G
3-PA,1547,1049,0,3,0,1052,A
3-PA,1548,0,0,0,1044,1044,C
3-PA,1549,1,0,1034,0,1035,G
3-PA,1550,0,969,0,1,970,T
3-PA,1551,0,8,960,0,968,G
3-PA,1552,0,0,979,0,979,G
3-PA,1553,1,977,0,0,978,T
3-PA,1554,974,0,1,0,975,A
3-PA,1555,961,0,1,0,962,A
3-PA,1556,959,1,0,0,960,A
3-PA,1557,0,957,0,0,957,T
3-PA,1558,0,941,0,0,941,T
3-PA,1559,0,940,0,0,940,T
3-PA,1560,0,935,0,1,936,T
3-PA,1561,0,0,939,0,939,G
3-PA,1562,0,922,0,0,922,T
3-PA,1563,0,4,917,0,921,G
3-PA,1564,922,0,1,0,923,A
3-PA,1565,0,1,928,0,929,G
3-PA,1566,1,0,0,926,927,C
3-PA,1567,930,0,0,0,930,A
3-PA,1568,0,928,0,2,930,T
3-PA,1569,0,2,926,0,928,G
3-PA,1570,0,0,934,0,934,G
3-PA,1571,937,0,0,0,937,A
3-PA,1572,0,0,939,0,939,G
3-PA,1573,0,930,0,1,931,T
3-PA,1574,1,915,0,2,918,T
3-PA,1575,1,923,0,3,927,T
3-PA,1576,0,927,0,2,929,T
3-PA,1577,0,0,0,931,931,C
3-PA,1578,0,923,0,0,923,T
3-PA,1579,1,0,0,925,926,C
3-PA,1580,0,906,0,2,908,T
3-PA,1581,1,0,0,904,905,C
3-PA,1582,905,0,1,0,906,A
3-PA,1583,0,0,0,901,901,C
3-PA,1584,0,886,0,1,887,T
3-PA,1585,0,2,889,0,891,G
3-PA,1586,896,0,0,0,896,A
3-PA,1587,0,0,0,908,908,C
3-PA,1588,1,0,0,909,910,C
3-PA,1589,1,0,0,900,901,C
3-PA,1590,0,0,900,0,900,G
3-PA,1591,898,0,2,0,900,A
3-PA,1592,0,1,903,0,904,G
3-PA,1593,904,0,3,0,907,A
3-PA,1594,0,0,0,895,895,C
3-PA,1595,0,886,1,1,888,T
3-PA,1596,0,867,0,1,868,T
3-PA,1597,0,0,869,0,869,G
3-PA,1598,865,0,1,0,866,A
3-PA,1599,0,0,872,0,872,G
3-PA,1600,0,0,0,865,865,C
3-PA,1601,4,0,1,833,838,C
3-PA,1602,852,0,0,0,852,A
3-PA,1603,0,1,0,852,853,C
3-PA,1604,858,0,0,0,858,A
3-PA,1605,0,858,0,0,858,T
3-PA,1606,849,0,8,0,857,A
3-PA,1607,856,0,0,0,856,A
3-PA,1608,852,0,0,0,852,A
3-PA,1609,0,844,0,1,845,T
3-PA,1610,0,1,845,0,846,G
3-PA,1611,1,0,810,0,811,G
3-PA,1612,0,2,812,1,815,G
3-PA,1613,800,0,1,0,801,A
3-PA,1614,1,0,810,0,811,G
3-PA,1615,809,0,0,0,809,A
3-PA,1616,811,0,0,0,811,A
3-PA,1617,818,0,0,0,818,A
3-PA,1618,0,820,0,0,820,T
3-PA,1619,819,0,2,0,821,A
3-PA,1620,3,0,0,821,824,C
3-PA,1621,0,675,0,0,675,T
3-PA,1622,0,0,679,0,679,G
3-PA,1623,0,637,0,1,638,T
3-PA,1624,0,0,664,0,664,G
3-PA,1625,0,652,2,0,654,T
3-PA,1626,1,0,0,639,640,C
3-PA,1627,0,0,0,634,634,C
3-PA,1628,0,621,0,1,622,T
3-PA,1629,0,624,0,1,625,T
3-PA,1630,0,2,644,0,646,G
3-PA,1631,646,0,0,0,646,A
3-PA,1632,0,0,659,0,659,G
3-PA,1633,638,0,1,0,639,A
3-PA,1634,0,640,0,0,640,T
3-PA,1635,628,0,0,0,628,A
3-PA,1636,0,0,630,0,630,G
3-PA,1637,0,1,635,0,636,G
3-PA,1638,623,0,5,0,628,A
3-PA,1639,0,0,629,0,629,G
3-PA,1640,615,0,2,0,617,A
3-PA,1641,0,616,0,0,616,T
3-PA,1642,615,0,0,0,615,A
3-PA,1643,0,615,0,1,616,T
3-PA,1644,0,0,616,0,616,G
3-PA,1645,0,600,0,0,600,T
3-PA,1646,0,598,0,0,598,T
3-PA,1647,605,0,0,0,605,A
3-PA,1648,0,0,0,602,602,C
3-PA,1649,0,601,0,1,602,T
3-PA,1650,602,0,0,0,602,A
3-PA,1651,599,0,0,0,599,A
3-PA,1652,0,0,611,0,611,G
3-PA,1653,600,0,1,0,601,A
3-PA,1654,598,0,0,0,598,A
3-PA,1655,14,0,573,1,588,G
3-PA,1656,0,592,0,0,592,T
3-PA,1657,0,1,594,0,595,G
3-PA,1658,0,0,1,596,597,C
3-PA,1659,0,0,0,601,601,C
3-PA,1660,599,0,0,0,599,A
3-PA,1661,0,590,0,0,590,T
3-PA,1662,590,0,0,0,590,A
3-PA,1663,8,1,584,0,593,G
3-PA,1664,2,0,591,0,593,G
3-PA,1665,0,0,0,589,589,C
3-PA,1666,2,0,0,587,589,C
3-PA,1667,587,0,0,0,587,A
3-PA,1668,588,0,0,0,588,A
3-PA,1669,588,0,0,0,588,A
3-PA,1670,0,592,0,0,592,T
3-PA,1671,0,587,0,0,587,T
3-PA,1672,0,589,0,0,589,T
3-PA,1673,2,0,0,583,585,C
3-PA,1674,578,0,1,0,579,A
3-PA,1675,578,0,3,0,581,A
3-PA,1676,0,1,584,0,585,G
3-PA,1677,0,0,586,0,586,G
3-PA,1678,0,0,0,581,581,C
3-PA,1679,0,1,0,574,575,C
3-PA,1680,576,0,0,0,576,A
3-PA,1681,598,0,0,0,598,A
3-PA,1682,0,598,0,0,598,T
3-PA,1683,1,0,612,0,613,G
3-PA,1684,0,614,0,0,614,T
3-PA,1685,0,642,0,0,642,T
3-PA,1686,2,0,0,651,653,C
3-PA,1687,0,649,0,0,649,T
3-PA,1688,0,649,0,0,649,T
3-PA,1689,611,0,0,0,611,A
3-PA,1690,0,615,0,0,615,T
3-PA,1691,616,0,1,1,618,A
3-PA,1692,0,621,0,0,621,T
3-PA,1693,2,1,614,0,617,G
3-PA,1694,0,592,0,0,592,T
3-PA,1695,0,0,592,0,592,G
3-PA,1696,577,0,1,0,578,A
3-PA,1697,0,1,576,0,577,G
3-PA,1698,0,1,581,0,582,G
3-PA,1699,582,0,0,0,582,A
3-PA,1700,0,0,0,583,583,C
3-PA,1701,582,0,2,0,584,A
3-PA,1702,579,0,1,2,582,A
3-PA,1703,585,0,0,0,585,A
3-PA,1704,0,1,0,584,585,C
3-PA,1705,0,1,581,1,583,G
3-PA,1706,0,2,582,0,584,G
3-PA,1707,577,0,2,0,579,A
3-PA,1708,579,0,1,0,580,A
3-PA,1709,0,0,0,578,578,C
3-PA,1710,574,0,0,0,574,A
3-PA,1711,0,576,0,1,577,T
3-PA,1712,0,0,0,575,575,C
3-PA,1713,570,0,0,0,570,A
3-PA,1714,574,0,0,0,574,A
3-PA,1715,557,0,1,0,558,A
3-PA,1716,0,0,567,0,567,G
3-PA,1717,0,0,570,0,570,G
3-PA,1718,0,560,0,1,561,T
3-PA,1719,2,0,0,556,558,C
3-PA,1720,558,0,1,0,559,A
3-PA,1721,559,1,0,0,560,A
3-PA,1722,560,0,0,0,560,A
3-PA,1723,556,0,2,0,558,A
3-PA,1724,0,560,0,0,560,T
3-PA,1725,0,0,563,0,563,G
3-PA,1726,560,0,1,0,561,A
3-PA,1727,559,0,0,0,559,A
3-PA,1728,562,0,0,0,562,A
3-PA,1729,0,560,0,0,560,T
3-PA,1730,0,3,559,0,562,G
3-PA,1731,1,0,561,0,562,G
3-PA,1732,0,1,565,1,567,G
3-PA,1733,0,1,573,0,574,G
3-PA,1734,565,0,1,0,566,A
3-PA,1735,563,1,2,0,566,A
3-PA,1736,0,569,0,0,569,T
3-PA,1737,1,2,568,0,571,G
3-PA,1738,0,1,578,0,579,G
3-PA,1739,570,0,1,0,571,A
3-PA,1740,0,1,584,0,585,G
3-PA,1741,582,0,0,0,582,A
3-PA,1742,0,575,0,0,575,T
3-PA,1743,0,0,576,0,576,G
3-PA,1744,572,0,3,0,575,A
3-PA,1745,0,0,580,0,580,G
3-PA,1746,578,0,0,0,578,A
3-PA,1747,0,0,0,570,570,C
3-PA,1748,3,1,563,1,568,G
3-PA,1749,0,561,0,0,561,T
3-PA,1750,0,560,0,0,560,T
3-PA,1751,0,1,563,0,564,G
3-PA,1752,0,0,0,562,562,C
3-PA,1753,1,0,0,567,568,C
3-PA,1754,0,556,1,2,559,T
3-PA,1755,0,0,0,572,572,C
3-PA,1756,0,0,0,579,579,C
3-PA,1757,0,570,0,1,571,T
3-PA,1758,0,575,0,1,576,T
3-PA,1759,1,0,0,576,577,C
3-PA,1760,575,0,1,0,576,A
3-PA,1761,0,0,578,0,578,G
3-PA,1762,0,577,0,0,577,T
3-PA,1763,1,0,0,575,576,C
3-PA,1764,563,0,0,0,563,A
3-PA,1765,0,0,0,593,593,C
3-PA,1766,0,590,0,1,591,T
3-PA,1767,0,0,0,600,600,C
3-PA,1768,1,0,0,598,599,C
3-PA,1769,601,0,3,0,604,A
3-PA,1770,0,1,605,0,606,G
3-PA,1771,1,0,0,605,606,C
3-PA,1772,595,0,0,0,595,A
3-PA,1773,0,1,600,0,601,G
3-PA,1774,575,0,0,0,575,A
3-PA,1775,0,575,0,0,575,T
3-PA,1776,0,0,0,574,574,C
3-PA,1777,0,2,572,0,574,G
3-PA,1778,568,0,0,0,568,A
3-PA,1779,0,1,569,0,570,G
3-PA,1780,566,0,1,0,567,A
3-PA,1781,0,1,571,0,572,G
3-PA,1782,0,1,0,570,571,C
3-PA,1783,568,0,0,0,568,A
3-PA,1784,0,567,0,0,567,T
3-PA,1785,0,1,573,0,574,G
3-PA,1786,578,1,0,0,579,A
3-PA,1787,0,578,0,0,578,T
3-PA,1788,0,570,0,1,571,T
3-PA,1789,0,0,572,0,572,G
3-PA,1790,565,1,2,0,568,A
3-PA,1791,569,0,0,0,569,A
3-PA,1792,1,0,568,0,569,G
3-PA,1793,0,0,0,566,566,C
3-PA,1794,0,0,1,562,563,C
3-PA,1795,1,2,556,0,559,G
3-PA,1796,557,0,1,0,558,A
3-PA,1797,0,0,566,0,566,G
3-PA,1798,0,567,0,1,568,T
3-PA,1799,0,0,0,564,564,C
3-PA,1800,1,0,0,561,562,C
3-PA,1801,0,558,0,1,559,T
3-PA,1802,0,0,0,565,565,C
3-PA,1803,2,1,562,0,565,G
3-PA,1804,1,0,589,0,590,G
3-PA,1805,0,589,0,1,590,T
3-PA,1806,1,583,0,0,584,T
3-PA,1807,584,0,0,0,584,A
3-PA,1808,584,0,0,0,584,A
3-PA,1809,586,0,0,0,586,A
3-PA,1810,0,1,591,0,592,G
3-PA,1811,584,0,0,0,584,A
3-PA,1812,0,0,588,0,588,G
3-PA,1813,565,0,0,1,566,A
3-PA,1814,566,0,0,0,566,A
3-PA,1815,566,0,3,0,569,A
3-PA,1816,0,1,571,0,572,G
3-PA,1817,568,0,2,0,570,A
3-PA,1818,0,1,0,570,571,C
3-PA,1819,563,0,0,0,563,A
3-PA,1820,0,564,0,0,564,T
3-PA,1821,0,1,563,0,564,G
3-PA,1822,572,0,0,0,572,A
3-PA,1823,1,0,0,570,571,C
3-PA,1824,0,0,0,567,567,C
3-PA,1825,568,0,0,0,568,A
3-PA,1826,567,0,0,0,567,A
3-PA,1827,566,0,1,0,567,A
3-PA,1828,0,1,571,0,572,G
3-PA,1829,565,0,0,0,565,A
3-PA,1830,0,0,571,0,571,G
3-PA,1831,0,559,1,0,560,T
3-PA,1832,0,556,0,0,556,T
3-PA,1833,0,554,0,0,554,T
3-PA,1834,0,556,0,1,557,T
3-PA,1835,0,556,0,0,556,T
3-PA,1836,0,559,0,0,559,T
3-PA,1837,0,1,558,0,559,G
3-PA,1838,554,1,0,0,555,A
3-PA,1839,0,1,559,0,560,G
3-PA,1840,557,0,0,0,557,A
3-PA,1841,558,0,0,0,558,A
3-PA,1842,0,561,0,0,561,T
3-PA,1843,560,0,0,0,560,A
3-PA,1844,574,0,0,0,574,A
3-PA,1845,577,0,0,0,577,A
3-PA,1846,0,572,0,0,572,T
3-PA,1847,0,0,0,579,579,C
3-PA,1848,577,0,1,0,578,A
3-PA,1849,0,0,578,0,578,G
3-PA,1850,574,0,0,0,574,A
3-PA,1851,583,0,0,0,583,A
3-PA,1852,0,0,588,0,588,G
3-PA,1853,0,0,0,580,580,C
3-PA,1854,578,0,0,0,578,A
3-PA,1855,0,576,0,2,578,T
3-PA,1856,0,0,577,0,577,G
3-PA,1857,0,0,587,0,587,G
3-PA,1858,0,0,0,586,586,C
3-PA,1859,1,0,0,595,596,C
3-PA,1860,0,0,0,597,597,C
3-PA,1861,609,0,0,0,609,A
3-PA,1862,0,607,0,0,607,T
3-PA,1863,1,605,0,0,606,T
3-PA,1864,0,0,609,0,609,G
3-PA,1865,0,0,610,0,610,G
3-PA,1866,0,1,602,0,603,G
3-PA,1867,2,0,599,0,601,G
3-PA,1868,570,0,1,0,571,A
3-PA,1869,0,0,580,0,580,G
3-PA,1870,0,566,0,0,566,T
3-PA,1871,0,0,0,579,579,C
3-PA,1872,2,0,0,604,606,C
3-PA,1873,2,0,0,601,603,C
3-PA,1874,4,0,0,598,602,C
3-PA,1875,1,0,0,601,602,C
3-PA,1876,599,0,0,0,599,A
3-PA,1877,595,0,0,0,595,A
3-PA,1878,0,1,597,0,598,G
3-PA,1879,0,0,589,0,589,G
3-PA,1880,2,0,591,0,593,G
3-PA,1881,518,0,1,0,519,A
3-PA,1882,0,1,522,0,523,G
3-PA,1883,0,524,0,0,524,T
3-PA,1884,0,0,526,0,526,G
3-PA,1885,0,0,528,0,528,G
3-PA,1886,527,0,0,1,528,A
3-PA,1887,523,0,1,0,524,A
3-PA,1888,0,0,526,0,526,G
3-PA,1889,513,0,1,0,514,A
3-PA,1890,520,0,0,0,520,A
3-PA,1891,0,0,516,0,516,G
3-PA,1892,0,0,516,0,516,G
3-PA,1893,0,513,0,1,514,T
3-PA,1894,0,509,0,1,510,T
3-PA,1895,1,0,0,513,514,C
3-PA,1896,1,0,0,513,514,C
3-PA,1897,515,0,0,0,515,A
3-PA,1898,1,514,0,0,515,T
3-PA,1899,0,509,0,0,509,T
3-PA,1900,0,0,508,0,508,G
3-PA,1901,0,2,504,0,506,G
3-PA,1902,0,1,503,0,504,G
3-PA,1903,504,0,1,0,505,A
3-PA,1904,503,0,0,0,503,A
3-PA,1905,507,0,1,0,508,A
3-PA,1906,0,0,520,0,520,G
3-PA,1907,0,517,0,1,518,T
3-PA,1908,0,0,0,522,522,C
3-PA,1909,0,517,1,1,519,T
3-PA,1910,0,1,522,0,523,G
3-PA,1911,0,522,0,1,523,T
3-PA,1912,523,0,0,0,523,A
3-PA,1913,0,0,522,0,522,G
3-PA,1914,0,0,519,0,519,G
3-PA,1915,506,0,0,0,506,A
3-PA,1916,1,0,0,505,506,C
3-PA,1917,0,495,0,0,495,T
3-PA,1918,0,0,0,511,511,C
3-PA,1919,0,514,0,0,514,T
3-PA,1920,514,0,0,0,514,A
3-PA,1921,0,512,0,0,512,T
3-PA,1922,0,503,0,0,503,T
3-PA,1923,0,0,512,0,512,G
3-PA,1924,0,0,511,0,511,G
3-PA,1925,0,0,0,508,508,C
3-PA,1926,0,507,0,0,507,T
3-PA,1927,469,0,1,0,470,A
3-PA,1928,470,0,0,0,470,A
3-PA,1929,0,0,476,0,476,G
3-PA,1930,0,473,0,2,475,T
3-PA,1931,2,0,0,472,474,C
3-PA,1932,447,0,6,0,453,A
3-PA,1933,1,0,467,0,468,G
3-PA,1934,0,467,0,0,467,T
3-PA,1935,479,0,0,0,479,A
3-PA,1936,0,480,0,0,480,T
3-PA,1937,0,480,0,2,482,T
3-PA,1938,3,0,0,479,482,C
3-PA,1939,478,0,0,0,478,A
3-PA,1940,478,0,0,0,478,A
3-PA,1941,0,477,0,0,477,T
3-PA,1942,462,0,0,0,462,A
3-PA,1943,0,0,463,0,463,G
3-PA,1944,0,0,0,460,460,C
3-PA,1945,0,0,0,464,464,C
3-PA,1946,0,456,0,0,456,T
3-PA,1947,0,0,465,0,465,G
3-PA,1948,0,466,0,1,467,T
3-PA,1949,468,0,0,0,468,A
3-PA,1950,0,467,0,1,468,T
3-PA,1951,0,0,451,0,451,G
3-PA,1952,0,0,0,451,451,C
3-PA,1953,433,0,0,0,433,A
3-PA,1954,0,430,0,0,430,T
3-PA,1955,0,0,0,429,429,C
3-PA,1956,418,0,1,0,419,A
3-PA,1957,0,1,0,424,425,C
3-PA,1958,2,1,0,419,422,C
3-PA,1959,421,0,0,1,422,A
3-PA,1960,0,1,0,423,424,C
3-PA,1961,418,0,0,0,418,A
3-PA,1962,418,0,0,0,418,A
3-PA,1963,0,412,0,3,415,T
3-PA,1964,0,415,0,0,415,T
3-PA,1965,0,0,411,0,411,G
3-PA,1966,0,0,409,0,409,G
3-PA,1967,410,0,0,0,410,A
3-PA,1968,408,1,0,0,409,A
3-PA,1969,0,1,400,0,401,G
3-PA,1970,0,1,403,0,404,G
3-PA,1971,397,0,0,0,397,A
3-PA,1972,0,400,0,0,400,T
3-PA,1973,0,401,0,0,401,T
3-PA,1974,0,402,0,0,402,T
3-PA,1975,0,403,0,0,403,T
3-PA,1976,3,0,0,398,401,C
3-PA,1977,400,0,1,0,401,A
3-PA,1978,1,0,400,0,401,G
3-PA,1979,0,0,0,398,398,C
3-PA,1980,0,1,397,0,398,G
3-PA,1981,0,0,398,0,398,G
3-PA,1982,397,0,1,0,398,A
3-PA,1983,0,0,405,0,405,G
3-PA,1984,0,404,0,0,404,T
3-PA,1985,2,0,0,405,407,C
3-PA,1986,406,0,2,0,408,A
3-PA,1987,407,0,0,0,407,A
3-PA,1988,0,0,410,0,410,G
3-PA,1989,410,0,0,0,410,A
3-PA,1990,408,0,0,0,408,A
3-PA,1991,409,0,0,0,409,A
3-PA,1992,396,0,2,0,398,A
3-PA,1993,2,0,0,395,397,C
3-PA,1994,0,388,0,0,388,T
3-PA,1995,0,0,390,0,390,G
3-PA,1996,0,0,0,386,386,C
3-PA,1997,0,388,0,0,388,T
3-PA,1998,2,0,0,387,389,C
3-PA,1999,0,0,0,386,386,C
3-PA,2000,0,392,0,0,392,T
3-PA,2001,0,389,0,0,389,T
3-PA,2002,0,0,391,0,391,G
3-PA,2003,0,388,0,0,388,T
3-PA,2004,0,387,0,1,388,T
3-PA,2005,0,0,395,0,395,G
3-PA,2006,0,392,0,0,392,T
3-PA,2007,0,393,0,0,393,T
3-PA,2008,2,0,0,391,393,C
3-PA,2009,382,1,0,0,383,A
3-PA,2010,0,1,382,0,383,G
3-PA,2011,0,0,381,0,381,G
3-PA,2012,0,0,0,387,387,C
3-PA,2013,1,384,0,0,385,T
3-PA,2014,1,0,0,400,401,C
3-PA,2015,0,401,0,1,402,T
3-PA,2016,0,401,0,1,402,T
3-PA,2017,400,0,2,0,402,A
3-PA,2018,0,0,403,0,403,G
3-PA,2019,0,0,400,0,400,G
3-PA,2020,0,2,400,0,402,G
3-PA,2021,388,0,0,0,388,A
3-PA,2022,1,0,0,386,387,C
3-PA,2023,364,0,0,0,364,A
3-PA,2024,366,0,0,0,366,A
3-PA,2025,0,0,0,370,370,C
3-PA,2026,0,0,0,368,368,C
3-PA,2027,1,365,0,0,366,T
3-PA,2028,0,0,0,364,364,C
3-PA,2029,0,1,364,0,365,G
3-PA,2030,366,0,0,0,366,A
3-PA,2031,367,0,0,0,367,A
3-PA,2032,0,0,0,367,367,C
3-PA,2033,1,0,0,357,358,C
3-PA,2034,0,350,0,0,350,T
3-PA,2035,0,1,347,0,348,G
3-PA,2036,2,0,347,0,349,G
3-PA,2037,0,0,348,0,348,G
3-PA,2038,350,0,0,0,350,A
3-PA,2039,0,0,0,347,347,C
3-PA,2040,0,0,0,348,348,C
3-PA,2041,0,338,0,0,338,T
3-PA,2042,0,339,0,0,339,T
3-PA,2043,0,336,1,1,338,T
3-PA,2044,0,1,340,0,341,G
3-PA,2045,340,0,1,0,341,A
3-PA,2046,0,343,0,0,343,T
3-PA,2047,0,0,0,347,347,C
3-PA,2048,0,334,0,0,334,T
3-PA,2049,0,329,0,0,329,T
3-PA,2050,0,2,326,0,328,G
3-PA,2051,0,0,329,0,329,G
3-PA,2052,0,0,329,0,329,G
3-PA,2053,0,3,328,0,331,G
3-PA,2054,0,1,324,0,325,G
3-PA,2055,1,0,319,0,320,G
3-PA,2056,0,0,0,326,326,C
3-PA,2057,0,323,0,0,323,T
3-PA,2058,331,0,0,0,331,A
3-PA,2059,0,329,0,0,329,T
3-PA,2060,329,1,0,0,330,A
3-PA,2061,0,329,0,0,329,T
3-PA,2062,0,1,318,0,319,G
3-PA,2063,317,0,0,0,317,A
3-PA,2064,308,0,0,0,308,A
3-PA,2065,0,0,309,0,309,G
3-PA,2066,0,1,0,310,311,C
3-PA,2067,289,0,0,0,289,A
3-PA,2068,301,0,0,0,301,A
3-PA,2069,1,299,0,0,300,T
3-PA,2070,1,299,0,0,300,T
3-PA,2071,0,0,303,0,303,G
3-PA,2072,301,0,1,0,302,A
3-PA,2073,0,0,301,0,301,G
3-PA,2074,0,0,302,0,302,G
3-PA,2075,290,0,0,0,290,A
3-PA,2076,0,0,292,0,292,G
3-PA,2077,0,264,0,0,264,T
3-PA,2078,0,0,267,0,267,G
3-PA,2079,0,0,0,263,263,C
3-PA,2080,0,0,0,264,264,C
3-PA,2081,0,263,0,0,263,T
3-PA,2082,0,0,264,0,264,G
3-PA,2083,264,0,0,0,264,A
3-PA,2084,0,265,0,0,265,T
3-PA,2085,0,256,0,0,256,T
3-PA,2086,252,0,0,0,252,A
3-PA,2087,250,0,0,0,250,A
3-PA,2088,0,248,0,0,248,T
3-PA,2089,0,0,248,0,248,G
3-PA,2090,244,0,0,0,244,A
3-PA,2091,0,243,0,0,243,T
3-PA,2092,0,0,1,244,245,C
3-PA,2093,0,0,0,243,243,C
3-PA,2094,0,0,0,243,243,C
3-PA,2095,0,243,0,0,243,T
3-PA,2096,0,0,243,0,243,G
3-PA,2097,0,0,243,0,243,G
3-PA,2098,0,0,243,0,243,G
3-PA,2099,0,240,0,0,240,T
3-PA,2100,0,223,0,0,223,T
3-PA,2101,0,222,0,0,222,T
3-PA,2102,0,222,0,0,222,T
3-PA,2103,0,0,222,0,222,G
3-PA,2104,0,0,0,221,221,C
3-PA,2105,0,220,0,0,220,T
3-PA,2106,0,0,0,220,220,C
3-PA,2107,206,0,1,0,207,A
3-PA,2108,208,0,0,0,208,A
3-PA,2109,0,208,0,0,208,T
3-PA,2110,0,0,207,0,207,G
3-PA,2111,0,0,0,207,207,C
3-PA,2112,0,0,205,0,205,G
3-PA,2113,0,205,0,0,205,T
3-PA,2114,0,0,0,206,206,C
3-PA,2115,0,205,0,0,205,T
3-PA,2116,0,204,0,1,205,T
3-PA,2117,0,0,203,0,203,G
3-PA,2118,0,0,202,0,202,G
3-PA,2119,0,201,0,0,201,T
3-PA,2120,0,199,0,1,200,T
3-PA,2121,1,0,0,192,193,C
3-PA,2122,191,0,0,0,191,A
3-PA,2123,191,0,1,0,192,A
3-PA,2124,0,0,0,192,192,C
3-PA,2125,0,190,0,1,191,T
3-PA,2126,0,0,0,190,190,C
3-PA,2127,0,0,0,181,181,C
3-PA,2128,0,179,0,0,179,T
3-PA,2129,0,180,0,0,180,T
3-PA,2130,0,0,0,179,179,C
3-PA,2131,0,0,0,179,179,C
3-PA,2132,0,177,0,1,178,T
3-PA,2133,0,1,176,0,177,G
3-PA,2134,176,0,1,0,177,A
3-PA,2135,0,0,0,174,174,C
3-PA,2136,165,0,0,0,165,A
3-PA,2137,0,0,0,152,152,C
3-PA,2138,151,0,0,0,151,A
3-PA,2139,0,149,0,0,149,T
3-PA,2140,0,0,149,0,149,G
3-PA,2141,0,0,0,149,149,C
3-PA,2142,146,0,0,0,146,A
3-PA,2143,0,146,0,0,146,T
3-PA,2144,0,144,0,0,144,T
3-PA,2145,144,0,0,0,144,A
3-PA,2146,143,0,0,0,143,A
3-PA,2147,142,0,0,0,142,A
3-PA,2148,142,0,0,0,142,A
3-PA,2149,0,135,0,0,135,T
3-PA,2150,102,0,0,0,102,A
3-PA,2151,0,0,102,0,102,G
4-HA,1,99,0,0,0,99,A
4-HA,2,0,99,0,0,99,T
4-HA,3,0,0,100,0,100,G
4-HA,4,102,0,0,0,102,A
4-HA,5,101,0,1,0,102,A
4-HA,6,0,0,114,0,114,G
4-HA,7,114,0,1,0,115,A
4-HA,8,0,0,0,127,127,C
4-HA,9,0,128,0,0,128,T
4-HA,10,133,0,0,0,133,A
4-HA,11,0,135,0,0,135,T
4-HA,12,0,0,0,137,137,C
4-HA,13,137,0,0,0,137,A
4-HA,14,0,137,0,0,137,T
4-HA,15,0,137,0,0,137,T
4-HA,16,0,0,155,0,155,G
4-HA,17,0,0,0,155,155,C
4-HA,18,0,155,0,0,155,T
4-HA,19,0,155,0,0,155,T
4-HA,20,0,155,0,0,155,T
4-HA,21,0,1,164,0,165,G
4-HA,22,166,0,0,0,166,A
4-HA,23,0,0,175,0,175,G
4-HA,24,0,0,0,175,175,C
4-HA,25,0,175,0,0,175,T
4-HA,26,185,0,0,0,185,A
4-HA,27,0,0,0,188,188,C
4-HA,28,194,0,0,0,194,A
4-HA,29,0,203,0,1,204,T
4-HA,30,0,205,0,0,205,T
4-HA,31,0,0,0,206,206,C
4-HA,32,0,206,0,0,206,T
4-HA,33,205,0,1,0,206,A
4-HA,34,0,206,0,0,206,T
4-HA,35,0,1,206,0,207,G
4-HA,36,0,207,0,0,207,T
4-HA,37,1,0,0,206,207,C
4-HA,38,0,207,0,0,207,T
4-HA,39,0,1,207,0,208,G
4-HA,40,0,0,209,0,209,G
4-HA,41,0,209,0,0,209,T
4-HA,42,0,209,0,0,209,T
4-HA,43,0,210,0,0,210,T
4-HA,44,0,210,0,0,210,T
4-HA,45,0,0,0,210,210,C
4-HA,46,0,0,209,0,209,G
4-HA,47,0,0,0,211,211,C
4-HA,48,0,211,0,0,211,T
4-HA,49,0,0,0,211,211,C
4-HA,50,211,0,0,0,211,A
4-HA,51,210,0,0,0,210,A
4-HA,52,211,0,0,0,211,A
4-HA,53,211,0,0,0,211,A
4-HA,54,211,0,0,0,211,A
4-HA,55,0,0,0,210,210,C
4-HA,56,0,210,0,0,210,T
4-HA,57,0,210,0,0,210,T
4-HA,58,0,0,0,209,209,C
4-HA,59,0,0,0,210,210,C
4-HA,60,0,208,0,0,208,T
4-HA,61,0,0,211,0,211,G
4-HA,62,0,1,211,0,212,G
4-HA,63,213,0,0,0,213,A
4-HA,64,220,0,0,0,220,A
4-HA,65,221,0,0,0,221,A
4-HA,66,0,222,0,0,222,T
4-HA,67,0,0,223,0,223,G
4-HA,68,222,0,0,0,222,A
4-HA,69,0,0,0,223,223,C
4-HA,70,223,0,0,0,223,A
4-HA,71,220,0,0,0,220,A
4-HA,72,0,0,0,231,231,C
4-HA,73,230,0,0,0,230,A
4-HA,74,0,0,233,0,233,G
4-HA,75,0,0,0,230,230,C
4-HA,76,230,0,0,0,230,A
4-HA,77,0,0,0,237,237,C
4-HA,78,0,0,236,0,236,G
4-HA,79,0,0,242,0,242,G
4-HA,80,0,0,0,243,243,C
4-HA,81,242,0,0,0,242,A
4-HA,82,245,0,0,0,245,A
4-HA,83,0,0,0,250,250,C
4-HA,84,0,0,253,0,253,G
4-HA,85,0,1,0,253,254,C
4-HA,86,0,249,0,0,249,T
4-HA,87,0,0,257,0,257,G
4-HA,88,0,257,0,0,257,T
4-HA,89,0,0,257,0,257,G
4-HA,90,0,251,0,0,251,T
4-HA,91,0,0,0,297,297,C
4-HA,92,0,296,0,0,296,T
4-HA,93,0,297,0,0,297,T
4-HA,94,0,0,297,0,297,G
4-HA,95,0,0,294,0,294,G
4-HA,96,0,1,306,0,307,G
4-HA,97,0,0,0,308,308,C
4-HA,98,302,0,0,0,302,A
4-HA,99,0,0,0,308,308,C
4-HA,100,1,0,0,301,302,C
4-HA,101,329,0,0,0,329,A
4-HA,102,0,330,0,0,330,T
4-HA,103,0,0,330,0,330,G
4-HA,104,0,0,0,331,331,C
4-HA,105,326,0,1,0,327,A
4-HA,106,2,0,355,0,357,G
4-HA,107,0,355,0,0,355,T
4-HA,108,358,0,0,0,358,A
4-HA,109,0,0,0,358,358,C
4-HA,110,0,0,0,348,348,C
4-HA,111,349,0,0,0,349,A
4-HA,112,349,0,0,0,349,A
4-HA,113,348,0,0,0,348,A
4-HA,114,0,0,0,352,352,C
4-HA,115,0,0,343,1,344,G
4-HA,116,0,1,349,0,350,G
4-HA,117,349,0,1,0,350,A
4-HA,118,350,0,0,0,350,A
4-HA,119,0,0,0,350,350,C
4-HA,120,0,3,346,0,349,G
4-HA,121,0,0,348,0,348,G
4-HA,122,0,363,0,0,363,T
4-HA,123,367,0,0,0,367,A
4-HA,124,0,0,369,0,369,G
4-HA,125,0,368,0,0,368,T
4-HA,126,0,1,367,0,368,G
4-HA,127,370,0,0,0,370,A
4-HA,128,369,0,2,0,371,A
4-HA,129,371,0,0,0,371,A
4-HA,130,364,0,0,0,364,A
4-HA,131,0,0,0,366,366,C
4-HA,132,368,0,0,0,368,A
4-HA,133,369,0,0,0,369,A
4-HA,134,0,370,0,0,370,T
4-HA,135,0,0,0,371,371,C
4-HA,136,371,0,0,0,371,A
4-HA,137,0,0,0,371,371,C
4-HA,138,1,0,369,0,370,G
4-HA,139,372,0,0,0,372,A
4-HA,140,371,0,0,0,371,A
4-HA,141,0,370,0,0,370,T
4-HA,142,0,0,370,0,370,G
4-HA,143,371,0,0,0,371,A
4-HA,144,0,1,0,370,371,C
4-HA,145,0,0,0,371,371,C
4-HA,146,375,0,0,0,375,A
4-HA,147,373,0,1,0,374,A
4-HA,148,375,0,0,0,375,A
4-HA,149,0,376,0,0,376,T
4-HA,150,0,376,0,0,376,T
4-HA,151,0,0,376,0,376,G
4-HA,152,372,0,0,0,372,A
4-HA,153,375,0,2,0,377,A
4-HA,154,0,1,376,1,378,G
4-HA,155,0,370,0,1,371,T
4-HA,156,0,387,0,0,387,T
4-HA,157,392,0,0,0,392,A
4-HA,158,0,0,0,393,393,C
4-HA,159,1,395,0,0,396,T
4-HA,160,394,0,0,0,394,A
4-HA,161,404,0,0,0,404,A
4-HA,162,0,403,1,0,404,T
4-HA,163,0,0,402,0,402,G
4-HA,164,0,0,0,421,421,C
4-HA,165,0,420,0,1,421,T
4-HA,166,420,0,0,0,420,A
4-HA,167,0,0,0,421,421,C
4-HA,168,0,419,0,0,419,T
4-HA,169,0,0,421,0,421,G
4-HA,170,425,0,0,0,425,A
4-HA,171,0,0,428,0,428,G
4-HA,172,0,1,0,427,428,C
4-HA,173,0,415,0,0,415,T
4-HA,174,0,0,434,0,434,G
4-HA,175,0,0,451,0,451,G
4-HA,176,0,450,0,1,451,T
4-HA,177,0,452,0,0,452,T
4-HA,178,0,0,0,453,453,C
4-HA,179,451,0,1,0,452,A
4-HA,180,0,0,454,0,454,G
4-HA,181,453,0,0,0,453,A
4-HA,182,0,0,462,0,462,G
4-HA,183,0,462,0,0,462,T
4-HA,184,0,459,0,0,459,T
4-HA,185,0,0,0,460,460,C
4-HA,186,0,0,0,461,461,C
4-HA,187,0,459,0,0,459,T
4-HA,188,0,0,0,460,460,C
4-HA,189,459,0,0,0,459,A
4-HA,190,460,1,1,0,462,A
4-HA,191,0,0,0,466,466,C
4-HA,192,458,0,0,0,458,A
4-HA,193,0,1,463,0,464,G
4-HA,194,0,0,464,0,464,G
4-HA,195,0,461,0,1,462,T
4-HA,196,0,0,464,0,464,G
4-HA,197,464,1,0,0,465,A
4-HA,198,465,0,0,0,465,A
4-HA,199,467,0,0,0,467,A
4-HA,200,0,466,0,0,466,T
4-HA,201,462,0,0,0,462,A
4-HA,202,0,456,0,1,457,T
4-HA,203,0,0,457,0,457,G
4-HA,204,1,0,0,455,456,C
4-HA,205,0,1,456,0,457,G
4-HA,206,459,0,0,0,459,A
4-HA,207,0,0,0,458,458,C
4-HA,208,447,0,0,0,447,A
4-HA,209,0,0,490,0,490,G
4-HA,210,0,487,0,0,487,T
4-HA,211,0,0,0,492,492,C
4-HA,212,0,1,0,491,492,C
4-HA,213,0,490,0,1,491,T
4-HA,214,0,1,0,498,499,C
4-HA,215,498,0,0,0,498,A
4-HA,216,0,494,0,2,496,T
4-HA,217,0,0,0,497,497,C
4-HA,218,473,0,0,0,473,A
4-HA,219,0,0,477,0,477,G
4-HA,220,473,0,1,0,474,A
4-HA,221,0,471,0,2,473,T
4-HA,222,0,0,0,471,471,C
4-HA,223,0,0,0,466,466,C
4-HA,224,0,465,0,0,465,T
4-HA,225,1,465,0,0,466,T
4-HA,226,0,0,464,0,464,G
4-HA,227,461,0,3,0,464,A
4-HA,228,0,465,0,0,465,T
4-HA,229,0,0,470,0,470,G
4-HA,230,0,0,468,0,468,G
4-HA,231,470,0,0,0,470,A
4-HA,232,470,0,0,0,470,A
4-HA,233,469,0,0,1,470,A
4-HA,234,469,0,0,0,469,A
4-HA,235,470,0,0,0,470,A
4-HA,236,471,0,1,0,472,A
4-HA,237,1,0,0,471,472,C
4-HA,238,0,468,0,0,468,T
4-HA,239,0,0,473,0,473,G
4-HA,240,1,0,0,469,470,C
4-HA,241,473,1,1,0,475,A
4-HA,242,1,0,0,487,488,C
4-HA,243,488,0,0,0,488,A
4-HA,244,0,0,0,545,545,C
4-HA,245,0,546,0,0,546,T
4-HA,246,558,0,0,0,558,A
4-HA,247,554,0,1,0,555,A
4-HA,248,0,558,0,0,558,T
4-HA,249,558,0,0,0,558,A
4-HA,250,0,0,561,0,561,G
4-HA,251,556,0,0,0,556,A
4-HA,252,0,546,0,0,546,T
4-HA,253,0,0,515,0,515,G
4-HA,254,0,0,0,518,518,C
4-HA,255,0,516,0,0,516,T
4-HA,256,1,0,0,542,543,C
4-HA,257,0,541,0,0,541,T
4-HA,258,556,0,1,0,557,A
4-HA,259,0,555,0,1,556,T
4-HA,260,0,552,0,0,552,T
4-HA,261,0,1,555,0,556,G
4-HA,262,0,0,550,0,550,G
4-HA,263,0,1,553,0,554,G
4-HA,264,542,0,1,0,543,A
4-HA,265,0,1,544,0,545,G
4-HA,266,538,0,0,0,538,A
4-HA,267,0,0,0,632,632,C
4-HA,268,1,0,0,644,645,C
4-HA,269,0,1,0,647,648,C
4-HA,270,0,653,0,0,653,T
4-HA,271,0,0,0,672,672,C
4-HA,272,669,0,0,0,669,A
4-HA,273,0,1,747,0,748,G
4-HA,274,0,744,0,2,746,T
4-HA,275,0,1,758,0,759,G
4-HA,276,0,738,0,0,738,T
4-HA,277,0,1,733,0,734,G
4-HA,278,736,0,0,0,736,A
4-HA,279,0,734,0,1,735,T
4-HA,280,0,2,730,0,732,G
4-HA,281,0,0,731,0,731,G
4-HA,282,0,0,0,729,729,C
4-HA,283,0,731,0,1,732,T
4-HA,284,0,731,0,1,732,T
4-HA,285,2,0,0,731,733,C
4-HA,286,1,0,0,734,735,C
4-HA,287,736,0,1,0,737,A
4-HA,288,739,0,0,0,739,A
4-HA,289,741,0,1,0,742,A
4-HA,290,745,0,0,0,745,A
4-HA,291,0,748,0,0,748,T
4-HA,292,746,0,2,0,748,A
4-HA,293,751,1,0,0,752,A
4-HA,294,0,0,753,0,753,G
4-HA,295,758,0,1,0,759,A
4-HA,296,759,0,1,0,760,A
4-HA,297,757,0,1,0,758,A
4-HA,298,0,758,0,0,758,T
4-HA,299,0,2,757,0,759,G
4-HA,300,0,0,756,0,756,G
4-HA,301,1,1,755,0,757,G
4-HA,302,758,0,1,0,759,A
4-HA,303,0,0,0,761,761,C
4-HA,304,3,0,0,761,764,C
4-HA,305,0,774,0,0,774,T
4-HA,306,0,774,0,0,774,T
4-HA,307,0,774,0,0,774,T
4-HA,308,0,784,0,0,784,T
4-HA,309,0,780,0,2,782,T
4-HA,310,0,0,791,0,791,G
4-HA,311,1,787,0,2,790,T
4-HA,312,1,783,0,0,784,T
4-HA,313,0,1,786,0,787,G
4-HA,314,772,0,0,0,772,A
4-HA,315,781,0,1,0,782,A
4-HA,316,0,1,0,781,782,C
4-HA,317,0,0,776,0,776,G
4-HA,318,0,0,0,796,796,C
4-HA,319,790,1,1,0,792,A
4-HA,320,0,0,796,0,796,G
4-HA,321,0,0,0,797,797,C
4-HA,322,795,0,1,0,796,A
4-HA,323,796,0,1,0,797,A
4-HA,324,798,1,2,0,801,A
4-HA,325,0,2,851,0,853,G
4-HA,326,1,0,0,856,857,C
4-HA,327,0,0,0,860,860,C
4-HA,328,0,859,0,0,859,T
4-HA,329,856,0,0,0,856,A
4-HA,330,1,0,0,871,872,C
4-HA,331,870,0,1,0,871,A
4-HA,332,0,0,872,0,872,G
4-HA,333,1,0,1,865,867,C
4-HA,334,845,0,1,0,846,A
4-HA,335,851,0,3,0,854,A
4-HA,336,0,0,0,908,908,C
4-HA,337,0,908,0,0,908,T
4-HA,338,0,0,915,0,915,G
4-HA,339,0,911,0,0,911,T
4-HA,340,0,912,0,0,912,T
4-HA,341,911,0,2,0,913,A
4-HA,342,0,1,1,1003,1005,C
4-HA,343,4,1,0,1000,1005,C
4-HA,344,3,0,0,1025,1028,C
4-HA,345,1,1004,0,2,1007,T
4-HA,346,0,1004,0,0,1004,T
4-HA,347,1008,1,0,0,1009,A
4-HA,348,0,1008,0,1,1009,T
4-HA,349,1,1,1006,0,1008,G
4-HA,350,1002,0,3,0,1005,A
4-HA,351,0,949,0,0,949,T
4-HA,352,0,0,963,0,963,G
4-HA,353,0,950,0,0,950,T
4-HA,354,0,2,946,1,949,G
4-HA,355,0,0,0,949,949,C
4-HA,356,0,0,0,949,949,C
4-HA,357,3,1,970,0,974,G
4-HA,358,0,0,995,0,995,G
4-HA,359,996,0,1,0,997,A
4-HA,360,0,999,0,0,999,T
4-HA,361,0,987,0,1,988,T
4-HA,362,992,1,0,0,993,A
4-HA,363,0,989,0,1,990,T
4-HA,364,0,0,994,0,994,G
4-HA,365,0,2,0,990,992,C
4-HA,366,0,0,0,984,984,C
4-HA,367,0,991,0,0,991,T
4-HA,368,1,0,0,1049,1050,C
4-HA,369,0,0,0,1061,1061,C
4-HA,370,2,0,0,1062,1064,C
4-HA,371,0,1058,0,3,1061,T
4-HA,372,0,1056,0,5,1061,T
4-HA,373,1057,1,1,0,1059,A
4-HA,374,1,0,1080,0,1081,G
4-HA,375,1,0,1082,0,1083,G
4-HA,376,1,1062,0,2,1065,T
4-HA,377,2,0,0,1045,1047,C
4-HA,378,1038,0,2,2,1042,A
4-HA,379,4,0,0,1066,1070,C
4-HA,380,0,1068,0,0,1068,T
4-HA,381,1064,1,0,0,1065,A
4-HA,382,0,0,1066,0,1066,G
4-HA,383,0,1057,0,1,1058,T
4-HA,384,1,1050,0,1,1052,T
4-HA,385,1,1,1060,0,1062,G
4-HA,386,0,1,0,1063,1064,C
4-HA,387,1,0,0,1064,1065,C
4-HA,388,0,1057,0,0,1057,T
4-HA,389,2,0,0,1058,1060,C
4-HA,390,1096,0,0,0,1096,A
4-HA,391,0,1094,0,3,1097,T
4-HA,392,0,0,0,1100,1100,C
4-HA,393,0,0,0,1103,1103,C
4-HA,394,0,2,1089,0,1091,G
4-HA,395,0,0,1094,0,1094,G
4-HA,396,0,0,0,1095,1095,C
4-HA,397,1103,0,1,0,1104,A
4-HA,398,1,0,0,1123,1124,C
4-HA,399,1090,0,1,0,1091,A
4-HA,400,0,0,0,1100,1100,C
4-HA,401,0,1093,0,3,1096,T
4-HA,402,0,0,1106,0,1106,G
4-HA,403,0,3,1111,0,1114,G
4-HA,404,1109,0,4,0,1113,A
4-HA,405,0,1,1124,0,1125,G
4-HA,406,0,1116,0,0,1116,T
4-HA,407,1,1097,0,2,1100,T
4-HA,408,0,1102,0,3,1105,T
4-HA,409,1096,2,0,0,1098,A
4-HA,410,1094,0,4,0,1098,A
4-HA,411,0,3,0,1101,1104,C
4-HA,412,1091,0,1,0,1092,A
4-HA,413,1094,0,1,0,1095,A
4-HA,414,0,1089,0,1,1090,T
4-HA,415,0,1,1086,0,1087,G
4-HA,416,1088,0,1,0,1089,A
4-HA,417,1083,0,2,0,1085,A
4-HA,418,1087,0,2,1,1090,A
4-HA,419,0,1,1093,0,1094,G
4-HA,420,2,0,0,1096,1098,C
4-HA,421,0,1095,0,0,1095,T
4-HA,422,0,1096,0,0,1096,T
4-HA,423,1,1,0,1110,1112,C
4-HA,424,1115,0,2,0,1117,A
4-HA,425,1120,0,1,0,1121,A
4-HA,426,0,1119,0,0,1119,T
4-HA,427,0,1119,0,0,1119,T
4-HA,428,1,3,1144,0,1148,G
4-HA,429,1,4,1164,0,1169,G
4-HA,430,1172,0,2,0,1174,A
4-HA,431,0,0,0,1176,1176,C
4-HA,432,0,1168,0,1,1169,T
4-HA,433,0,0,1175,0,1175,G
4-HA,434,1,0,1176,0,1177,G
4-HA,435,1181,0,2,1,1184,A
4-HA,436,0,0,1184,0,1184,G
4-HA,437,0,1155,0,1,1156,T
4-HA,438,4,0,0,1138,1142,C
4-HA,439,1155,0,2,0,1157,A
4-HA,440,0,1,0,1162,1163,C
4-HA,441,0,1157,1,1,1159,T
4-HA,442,1,0,0,1159,1160,C
4-HA,443,1155,0,0,0,1155,A
4-HA,444,1156,0,2,1,1159,A
4-HA,445,1153,0,1,0,1154,A
4-HA,446,1161,0,1,0,1162,A
4-HA,447,0,0,0,1164,1164,C
4-HA,448,1,0,1150,0,1151,G
4-HA,449,1,1,1169,0,1171,G
4-HA,450,1165,0,0,1,1166,A
4-HA,451,1163,0,3,0,1166,A
4-HA,452,0,0,0,1168,1168,C
4-HA,453,1159,1,0,0,1160,A
4-HA,454,1172,0,1,0,1173,A
4-HA,455,0,0,1181,0,1181,G
4-HA,456,0,0,0,1178,1178,C
4-HA,457,1,1173,0,2,1176,T
4-HA,458,2,0,0,1171,1173,C
4-HA,459,0,1167,1,0,1168,T
4-HA,460,1,0,1175,0,1176,G
4-HA,461,1,0,0,1174,1175,C
4-HA,462,0,1177,0,1,1178,T
4-HA,463,0,1201,0,0,1201,T
4-HA,464,1,0,1220,0,1221,G
4-HA,465,0,0,1,1231,1232,C
4-HA,466,1233,0,0,0,1233,A
4-HA,467,0,1219,0,1,1220,T
4-HA,468,1218,0,0,0,1218,A
4-HA,469,1207,0,0,0,1207,A
4-HA,470,0,2,1207,0,1209,G
4-HA,471,0,0,1207,0,1207,G
4-HA,472,1170,0,0,0,1170,A
4-HA,473,0,0,1149,0,1149,G
4-HA,474,1143,0,0,0,1143,A
4-HA,475,0,1177,0,0,1177,T
4-HA,476,0,0,0,1184,1184,C
4-HA,477,1,1183,0,0,1184,T
4-HA,478,1181,0,0,0,1181,A
4-HA,479,1175,1,0,1,1177,A
4-HA,480,1171,0,0,0,1171,A
4-HA,481,1173,0,1,0,1174,A
4-HA,482,1172,1,1,1,1175,A
4-HA,483,0,0,0,1183,1183,C
4-HA,484,1158,0,0,0,1158,A
4-HA,485,0,0,1171,0,1171,G
4-HA,486,0,1167,0,3,1170,T
4-HA,487,0,1184,1,1,1186,T
4-HA,488,2,1183,0,2,1187,T
4-HA,489,1,0,0,1215,1216,C
4-HA,490,0,1215,0,0,1215,T
4-HA,491,0,1221,1,0,1222,T
4-HA,492,0,1223,0,1,1224,T
4-HA,493,1220,1,2,0,1223,A
4-HA,494,0,0,1221,0,1221,G
4-HA,495,0,1217,0,0,1217,T
4-HA,496,1205,0,2,0,1207,A
4-HA,497,0,0,1207,0,1207,G
4-HA,498,1194,0,1,0,1195,A
4-HA,499,0,1194,1,1,1196,T
4-HA,500,0,1186,0,0,1186,T
4-HA,501,0,2,1212,0,1214,G
4-HA,502,1210,0,0,0,1210,A
4-HA,503,1212,0,0,0,1212,A
4-HA,504,0,1208,0,1,1209,T
4-HA,505,1,1196,0,0,1197,T
4-HA,506,1,3,1207,0,1211,G
4-HA,507,0,2,1218,0,1220,G
4-HA,508,0,1217,0,2,1219,T
4-HA,509,0,1218,0,1,1219,T
4-HA,510,0,1,1205,0,1206,G
4-HA,511,1209,0,2,1,1212,A
4-HA,512,1,0,1,1206,1208,C
4-HA,513,2,0,0,1202,1204,C
4-HA,514,2,0,0,1223,1225,C
4-HA,515,1219,0,0,0,1219,A
4-HA,516,0,0,0,1225,1225,C
4-HA,517,0,1222,0,2,1224,T
4-HA,518,0,1226,0,0,1226,T
4-HA,519,1223,0,0,0,1223,A
4-HA,520,1218,0,1,0,1219,A
4-HA,521,1215,0,1,1,1217,A
4-HA,522,0,0,0,1193,1193,C
4-HA,523,0,1209,0,2,1211,T
4-HA,524,2,1218,0,0,1220,T
4-HA,525,0,0,0,1236,1236,C
4-HA,526,1235,0,0,0,1235,A
4-HA,527,1233,0,1,0,1234,A
4-HA,528,1238,0,1,0,1239,A
4-HA,529,0,1238,0,1,1239,T
4-HA,530,1261,0,0,0,1261,A
4-HA,531,2,0,0,1257,1259,C
4-HA,532,3,2,0,1230,1235,C
4-HA,533,3,0,0,1230,1233,C
4-HA,534,1231,1,0,0,1232,A
4-HA,535,0,1,1283,0,1284,G
4-HA,536,0,0,0,1287,1287,C
4-HA,537,1283,1,1,0,1285,A
4-HA,538,0,1279,0,2,1281,T
4-HA,539,1,1264,0,1,1266,T
4-HA,540,0,2,1308,0,1310,G
4-HA,541,1319,0,0,0,1319,A
4-HA,542,1323,0,2,0,1325,A
4-HA,543,1,3,0,1319,1323,C
4-HA,544,1,2,1277,0,1280,G
4-HA,545,0,1291,0,1,1292,T
4-HA,546,1,2,1296,0,1299,G
4-HA,547,1297,0,0,0,1297,A
4-HA,548,1,0,0,1299,1300,C
4-HA,549,0,1245,0,0,1245,T
4-HA,550,1271,0,0,0,1271,A
4-HA,551,0,1267,0,3,1270,T
4-HA,552,2,0,1281,0,1283,G
4-HA,553,0,0,0,1280,1280,C
4-HA,554,2,1,0,1260,1263,C
4-HA,555,1259,1,0,0,1260,A
4-HA,556,1258,0,0,0,1258,A
4-HA,557,1281,0,0,0,1281,A
4-HA,558,0,0,0,1288,1288,C
4-HA,559,1266,0,1,0,1267,A
4-HA,560,1269,0,0,0,1269,A
4-HA,561,0,1255,0,0,1255,T
4-HA,562,0,2,1260,0,1262,G
4-HA,563,1258,0,0,0,1258,A
4-HA,564,1252,2,1,0,1255,A
4-HA,565,1,0,0,1236,1237,C
4-HA,566,1243,0,0,0,1243,A
4-HA,567,1243,0,1,0,1244,A
4-HA,568,0,1246,0,0,1246,T
4-HA,569,0,1240,0,0,1240,T
4-HA,570,0,1241,0,1,1242,T
4-HA,571,2,1,1237,0,1240,G
4-HA,572,1238,0,2,1,1241,A
4-HA,573,0,1,0,1239,1240,C
4-HA,574,1232,0,1,1,1234,A
4-HA,575,1236,0,0,1,1237,A
4-HA,576,1259,0,0,1,1260,A
4-HA,577,0,1264,0,0,1264,T
4-HA,578,0,1257,0,0,1257,T
4-HA,579,12,1,1256,0,1269,G
4-HA,580,0,1264,0,0,1264,T
4-HA,581,1268,1,2,0,1271,A
4-HA,582,0,0,0,1285,1285,C
4-HA,583,1286,0,0,0,1286,A
4-HA,584,0,1308,1,1,1310,T
4-HA,585,0,1294,0,0,1294,T
4-HA,586,0,1292,0,0,1292,T
4-HA,587,1,1,1285,0,1287,G
4-HA,588,0,1,1283,0,1284,G
4-HA,589,3,2,1281,0,1286,G
4-HA,590,1,3,1281,0,1285,G
4-HA,591,1,1,1253,0,1255,G
4-HA,592,0,0,1295,0,1295,G
4-HA,593,0,1272,0,3,1275,T
4-HA,594,1,1280,1,1,1283,T
4-HA,595,5,0,0,1276,1281,C
4-HA,596,1286,0,1,0,1287,A
4-HA,597,0,1,1,1289,1291,C
4-HA,598,1,0,1,1287,1289,C
4-HA,599,1293,0,1,0,1294,A
4-HA,600,1,0,0,1314,1315,C
4-HA,601,1,4,0,1297,1302,C
4-HA,602,3,0,0,1283,1286,C
4-HA,603,2,4,1289,0,1295,G
4-HA,604,1,0,1328,0,1329,G
4-HA,605,1,1,1328,0,1330,G
4-HA,606,1,1318,0,0,1319,T
4-HA,607,1324,1,1,0,1326,A
4-HA,608,1,0,0,1319,1320,C
4-HA,609,1,5,1297,0,1303,G
4-HA,610,0,4,1327,0,1331,G
4-HA,611,1328,1,0,0,1329,A
4-HA,612,0,0,0,1328,1328,C
4-HA,613,1283,1,1,0,1285,A
4-HA,614,1284,0,0,0,1284,A
4-HA,615,1280,0,3,0,1283,A
4-HA,616,0,0,1301,0,1301,G
4-HA,617,1298,0,2,0,1300,A
4-HA,618,0,1,0,1302,1303,C
4-HA,619,1,0,0,1283,1284,C
4-HA,620,1285,0,1,0,1286,A
4-HA,621,1284,0,0,0,1284,A
4-HA,622,1309,0,0,0,1309,A
4-HA,623,0,1307,0,0,1307,T
4-HA,624,0,1,0,1316,1317,C
4-HA,625,0,1248,0,1,1249,T
4-HA,626,0,1252,0,3,1255,T
4-HA,627,1,0,0,1263,1264,C
4-HA,628,1,0,0,1265,1266,C
4-HA,629,0,1264,0,1,1265,T
4-HA,630,1,0,1273,0,1274,G
4-HA,631,0,1248,0,0,1248,T
4-HA,632,1260,0,0,0,1260,A
4-HA,633,0,1256,0,0,1256,T
4-HA,634,0,0,1265,0,1265,G
4-HA,635,1,0,1,1265,1267,C
4-HA,636,0,1256,0,4,1260,T
4-HA,637,3,1,0,1256,1260,C
4-HA,638,1258,0,1,0,1259,A
4-HA,639,1252,0,2,0,1254,A
4-HA,640,0,0,1266,0,1266,G
4-HA,641,0,0,0,1264,1264,C
4-HA,642,1266,0,0,0,1266,A
4-HA,643,0,1253,0,0,1253,T
4-HA,644,0,9,0,1243,1252,C
4-HA,645,1248,0,2,0,1250,A
4-HA,646,0,2,1259,0,1261,G
4-HA,647,0,1,1263,0,1264,G
4-HA,648,1264,0,1,0,1265,A
4-HA,649,1253,0,1,0,1254,A
4-HA,650,1,0,1259,0,1260,G
4-HA,651,1254,0,2,0,1256,A
4-HA,652,1262,0,2,0,1264,A
4-HA,653,0,1266,0,2,1268,T
4-HA,654,1,0,0,1271,1272,C
4-HA,655,1257,1,2,0,1260,A
4-HA,656,1,0,0,1260,1261,C
4-HA,657,1254,0,1,0,1255,A
4-HA,658,1,0,1281,0,1282,G
4-HA,659,1,1257,0,2,1260,T
4-HA,660,3,0,0,1277,1280,C
4-HA,661,0,1259,0,2,1261,T
4-HA,662,0,1,0,1287,1288,C
4-HA,663,0,1288,0,1,1289,T
4-HA,664,1298,0,0,0,1298,A
4-HA,665,2,1,0,1292,1295,C
4-HA,666,0,0,0,1293,1293,C
4-HA,667,1269,0,0,0,1269,A
4-HA,668,1266,0,1,0,1267,A
4-HA,669,1266,0,0,0,1266,A
4-HA,670,1268,0,0,0,1268,A
4-HA,671,0,0,1262,0,1262,G
4-HA,672,1231,0,0,0,1231,A
4-HA,673,1224,1,0,0,1225,A
4-HA,674,1,1,1232,0,1234,G
4-HA,675,0,1,0,1232,1233,C
4-HA,676,0,0,0,1236,1236,C
4-HA,677,1240,0,1,0,1241,A
4-HA,678,1244,1,0,0,1245,A
4-HA,679,0,1,0,1246,1247,C
4-HA,680,1247,0,0,0,1247,A
4-HA,681,1245,0,2,1,1248,A
4-HA,682,1240,1,0,0,1241,A
4-HA,683,2,0,0,1265,1267,C
4-HA,684,0,1258,0,0,1258,T
4-HA,685,0,0,1264,0,1264,G
4-HA,686,0,1259,0,0,1259,T
4-HA,687,1259,0,2,0,1261,A
4-HA,688,1267,0,0,0,1267,A
4-HA,689,0,1256,0,1,1257,T
4-HA,690,0,0,0,1271,1271,C
4-HA,691,0,0,1,1270,1271,C
4-HA,692,0,1,0,1249,1250,C
4-HA,693,1,1,1249,0,1251,G
4-HA,694,1248,1,0,0,1249,A
4-HA,695,1248,1,1,0,1250,A
4-HA,696,0,1252,0,0,1252,T
4-HA,697,1255,0,0,0,1255,A
4-HA,698,0,1248,0,0,1248,T
4-HA,699,2,1,0,1244,1247,C
4-HA,700,0,1,1245,0,1246,G
4-HA,701,0,0,1280,0,1280,G
4-HA,702,1276,2,2,0,1280,A
4-HA,703,0,1294,0,1,1295,T
4-HA,704,1,0,0,1290,1291,C
4-HA,705,0,1289,0,0,1289,T
4-HA,706,1284,0,0,0,1284,A
4-HA,707,0,2,1285,0,1287,G
4-HA,708,1294,0,3,0,1297,A
4-HA,709,0,0,0,1291,1291,C
4-HA,710,1,1,0,1253,1255,C
4-HA,711,1,0,0,1257,1258,C
4-HA,712,1251,0,0,0,1251,A
4-HA,713,0,0,1311,0,1311,G
4-HA,714,1306,0,1,0,1307,A
4-HA,715,1,0,1326,0,1327,G
4-HA,716,0,1314,0,3,1317,T
4-HA,717,1314,0,0,0,1314,A
4-HA,718,1313,1,1,0,1315,A
4-HA,719,0,1,1338,0,1339,G
4-HA,720,1,2,1336,0,1339,G
4-HA,721,1326,0,1,0,1327,A
4-HA,722,1236,0,4,0,1240,A
4-HA,723,0,1237,0,0,1237,T
4-HA,724,1235,1,1,0,1237,A
4-HA,725,0,1234,0,3,1237,T
4-HA,726,0,0,0,1250,1250,C
4-HA,727,2,0,0,1245,1247,C
4-HA,728,2,0,0,1220,1222,C
4-HA,729,0,1203,0,0,1203,T
4-HA,730,1208,0,0,0,1208,A
4-HA,731,0,0,1212,0,1212,G
4-HA,732,1,0,0,1210,1211,C
4-HA,733,1171,0,1,0,1172,A
4-HA,734,0,1,1213,0,1214,G
4-HA,735,1197,0,1,0,1198,A
4-HA,736,1200,0,0,0,1200,A
4-HA,737,0,1200,0,0,1200,T
4-HA,738,1194,0,1,0,1195,A
4-HA,739,1197,0,1,0,1198,A
4-HA,740,0,0,1197,0,1197,G
4-HA,741,0,0,0,1196,1196,C
4-HA,742,1195,1,1,0,1197,A
4-HA,743,1,1165,0,1,1167,T
4-HA,744,2,0,0,1234,1236,C
4-HA,745,0,1238,0,0,1238,T
4-HA,746,1238,1,1,0,1240,A
4-HA,747,0,1232,0,2,1234,T
4-HA,748,0,1223,0,0,1223,T
4-HA,749,0,1,1227,0,1228,G
4-HA,750,0,1,1220,0,1221,G
4-HA,751,1224,1,0,0,1225,A
4-HA,752,0,0,0,1222,1222,C
4-HA,753,1123,0,0,0,1123,A
4-HA,754,1148,0,0,0,1148,A
4-HA,755,0,1195,0,0,1195,T
4-HA,756,1210,0,1,0,1211,A
4-HA,757,0,0,1221,0,1221,G
4-HA,758,0,1214,0,1,1215,T
4-HA,759,1214,0,0,0,1214,A
4-HA,760,1221,0,0,0,1221,A
4-HA,761,1248,0,1,0,1249,A
4-HA,762,1265,1,0,0,1266,A
4-HA,763,0,1,0,1276,1277,C
4-HA,764,3,0,0,1209,1212,C
4-HA,765,1,0,1206,0,1207,G
4-HA,766,0,0,1225,0,1225,G
4-HA,767,0,1,1238,0,1239,G
4-HA,768,1258,0,0,0,1258,A
4-HA,769,2,0,1270,0,1272,G
4-HA,770,1296,0,2,0,1298,A
4-HA,771,0,0,0,1302,1302,C
4-HA,772,1274,0,8,21,1303,A
4-HA,773,0,1309,0,0,1309,T
4-HA,774,1322,0,0,0,1322,A
4-HA,775,0,1,0,1340,1341,C
4-HA,776,1,1328,0,5,1334,T
4-HA,777,0,1341,1,0,1342,T
4-HA,778,0,1349,0,1,1350,T
4-HA,779,1,1337,0,1,1339,T
4-HA,780,0,3,1358,0,1361,G
4-HA,781,1370,0,0,0,1370,A
4-HA,782,0,1369,0,0,1369,T
4-HA,783,0,1417,0,0,1417,T
4-HA,784,1412,0,1,0,1413,A
4-HA,785,1416,1,1,0,1418,A
4-HA,786,0,0,0,1443,1443,C
4-HA,787,1435,0,4,1,1440,A
4-HA,788,1,1,1536,0,1538,G
4-HA,789,0,1,0,1529,1530,C
4-HA,790,1527,0,1,0,1528,A
4-HA,791,0,0,0,1550,1550,C
4-HA,792,1516,0,0,7,1523,A
4-HA,793,1,1,1550,0,1552,G
4-HA,794,0,4,1546,0,1550,G
4-HA,795,0,1,1613,0,1614,G
4-HA,796,1609,0,0,0,1609,A
4-HA,797,1632,0,2,0,1634,A
4-HA,798,0,1634,0,2,1636,T
4-HA,799,1,1,0,1638,1640,C
4-HA,800,0,1659,0,0,1659,T
4-HA,801,1668,0,1,0,1669,A
4-HA,802,1664,0,1,0,1665,A
4-HA,803,1,1658,0,0,1659,T
4-HA,804,0,1613,0,1,1614,T
4-HA,805,0,1,1643,0,1644,G
4-HA,806,1,0,0,1697,1698,C
4-HA,807,1,1770,0,1,1772,T
4-HA,808,1,0,0,1832,1833,C
4-HA,809,0,0,0,1840,1840,C
4-HA,810,0,1837,1,1,1839,T
4-HA,811,1838,0,1,0,1839,A
4-HA,812,0,2,1841,0,1843,G
4-HA,813,0,2,1862,0,1864,G
4-HA,814,0,1,1867,0,1868,G
4-HA,815,1,2,1843,0,1846,G
4-HA,816,0,1801,0,1,1802,T
4-HA,817,0,1789,0,0,1789,T
4-HA,818,1793,0,0,0,1793,A
4-HA,819,0,1,0,1842,1843,C
4-HA,820,0,1831,0,7,1838,T
4-HA,821,0,1854,0,0,1854,T
4-HA,822,2,0,1,1846,1849,C
4-HA,823,1835,0,0,0,1835,A
4-HA,824,1843,0,1,0,1844,A
4-HA,825,1847,0,1,1,1849,A
4-HA,826,1854,0,2,0,1856,A
4-HA,827,0,1860,0,1,1861,T
4-HA,828,1850,0,2,0,1852,A
4-HA,829,0,1,0,1853,1854,C
4-HA,830,0,1,1852,0,1853,G
4-HA,831,1852,0,2,0,1854,A
4-HA,832,1857,0,1,0,1858,A
4-HA,833,1,0,1878,0,1879,G
4-HA,834,0,1877,0,0,1877,T
4-HA,835,0,4,1883,0,1887,G
4-HA,836,1,1,1891,0,1893,G
4-HA,837,1,0,1891,0,1892,G
4-HA,838,1883,1,4,0,1888,A
4-HA,839,1891,1,1,0,1893,A
4-HA,840,1888,1,3,0,1892,A
4-HA,841,1892,0,0,0,1892,A
4-HA,842,0,0,1944,0,1944,G
4-HA,843,0,0,1,1947,1948,C
4-HA,844,1,1928,0,3,1932,T
4-HA,845,3,0,0,1959,1962,C
4-HA,846,1965,0,1,0,1966,A
4-HA,847,1983,1,0,0,1984,A
4-HA,848,1,1982,0,0,1983,T
4-HA,849,2003,0,1,0,2004,A
4-HA,850,2004,2,1,0,2007,A
4-HA,851,0,1975,0,0,1975,T
4-HA,852,0,2,1986,0,1988,G
4-HA,853,1971,0,1,0,1972,A
4-HA,854,0,1,2027,1,2029,G
4-HA,855,2025,1,2,0,2028,A
4-HA,856,0,2013,0,2,2015,T
4-HA,857,2,0,0,2067,2069,C
4-HA,858,2063,0,0,0,2063,A
4-HA,859,6,1,2122,0,2129,G
4-HA,860,2134,0,2,0,2136,A
4-HA,861,0,2127,0,3,2130,T
4-HA,862,1,1,2131,0,2133,G
4-HA,863,1,2,0,2076,2079,C
4-HA,864,2079,0,2,0,2081,A
4-HA,865,2,6,0,2128,2136,C
4-HA,866,2,0,0,2104,2106,C
4-HA,867,2,0,2,2114,2118,C
4-HA,868,2091,0,0,0,2091,A
4-HA,869,0,2088,0,0,2088,T
4-HA,870,0,2087,0,2,2089,T
4-HA,871,2,3,2107,0,2112,G
4-HA,872,0,2,2115,0,2117,G
4-HA,873,1,0,1,2117,2119,C
4-HA,874,2088,0,0,0,2088,A
4-HA,875,2083,0,1,0,2084,A
4-HA,876,2124,0,0,0,2124,A
4-HA,877,0,2128,0,0,2128,T
4-HA,878,1,0,2127,0,2128,G
4-HA,879,0,1,0,2123,2124,C
4-HA,880,2111,0,0,0,2111,A
4-HA,881,2174,0,2,0,2176,A
4-HA,882,0,2170,1,1,2172,T
4-HA,883,0,2190,0,1,2191,T
4-HA,884,2,1,0,2194,2197,C
4-HA,885,1,2157,0,0,2158,T
4-HA,886,1,1,2187,0,2189,G
4-HA,887,2184,0,4,0,2188,A
4-HA,888,2207,0,1,1,2209,A
4-HA,889,0,2210,0,0,2210,T
4-HA,890,2,1,2190,0,2193,G
4-HA,891,0,1,0,2207,2208,C
4-HA,892,2206,0,0,0,2206,A
4-HA,893,0,2034,0,167,2201,T
4-HA,894,1,0,0,2202,2203,C
4-HA,895,2212,0,2,0,2214,A
4-HA,896,1,0,0,2295,2296,C
4-HA,897,1,2270,0,0,2271,T
4-HA,898,1,0,0,2282,2283,C
4-HA,899,2,0,0,2273,2275,C
4-HA,900,2302,0,1,0,2303,A
4-HA,901,2296,0,2,1,2299,A
4-HA,902,2293,1,1,1,2296,A
4-HA,903,0,2222,0,1,2223,T
4-HA,904,1,4,2237,0,2242,G
4-HA,905,0,3,2243,0,2246,G
4-HA,906,2248,0,4,1,2253,A
4-HA,907,2239,2,4,0,2245,A
4-HA,908,0,0,2252,0,2252,G
4-HA,909,1,0,1,2227,2229,C
4-HA,910,2233,0,0,0,2233,A
4-HA,911,0,2234,0,0,2234,T
4-HA,912,0,2234,0,2,2236,T
4-HA,913,1,1,0,2306,2308,C
4-HA,914,1,1,0,2286,2288,C
4-HA,915,7,2,1,2283,2293,C
4-HA,916,2291,0,1,0,2292,A
4-HA,917,2328,0,1,1,2330,A
4-HA,918,0,2377,0,0,2377,T
4-HA,919,0,8,2370,1,2379,G
4-HA,920,2367,1,2,0,2370,A
4-HA,921,0,0,0,2374,2374,C
4-HA,922,2319,0,1,0,2320,A
4-HA,923,2323,1,2,1,2327,A
4-HA,924,2324,0,3,0,2327,A
4-HA,925,1,0,0,2344,2345,C
4-HA,926,1,0,0,2314,2315,C
4-HA,927,2262,1,4,0,2267,A
4-HA,928,0,2271,0,8,2279,T
4-HA,929,0,2275,0,2,2277,T
4-HA,930,4,0,0,2283,2287,C
4-HA,931,2,1,0,2282,2285,C
4-HA,932,2280,0,0,0,2280,A
4-HA,933,2277,0,0,0,2277,A
4-HA,934,2274,0,3,1,2278,A
4-HA,935,2322,1,0,0,2323,A
4-HA,936,0,2315,0,1,2316,T
4-HA,937,0,0,2321,0,2321,G
4-HA,938,0,2320,0,1,2321,T
4-HA,939,2315,0,2,0,2317,A
4-HA,940,2324,0,1,0,2325,A
4-HA,941,2321,0,1,0,2322,A
4-HA,942,1,0,0,2334,2335,C
4-HA,943,2304,0,2,0,2306,A
4-HA,944,0,4,2323,0,2327,G
4-HA,945,1,3,2338,0,2342,G
4-HA,946,2408,0,2,1,2411,A
4-HA,947,0,2403,0,5,2408,T
4-HA,948,2,1,0,2441,2444,C
4-HA,949,2450,1,1,0,2452,A
4-HA,950,1,0,0,2533,2534,C
4-HA,951,2526,0,0,0,2526,A
4-HA,952,0,2606,0,2,2608,T
4-HA,953,2537,1,0,0,2538,A
4-HA,954,2,1,0,2526,2529,C
4-HA,955,2,5,2456,0,2463,G
4-HA,956,1,2,2472,0,2475,G
4-HA,957,1,4,2444,0,2449,G
4-HA,958,1,0,2462,0,2463,G
4-HA,959,1,3,0,2417,2421,C
4-HA,960,2,0,0,2414,2416,C
4-HA,961,0,2361,0,4,2365,T
4-HA,962,1,0,2594,0,2595,G
4-HA,963,1,2599,0,2,2602,T
4-HA,964,5,2,1,2614,2622,C
4-HA,965,0,2,0,2613,2615,C
4-HA,966,6,1,0,2611,2618,C
4-HA,967,2594,0,2,0,2596,A
4-HA,968,0,0,2627,0,2627,G
4-HA,969,2617,0,1,0,2618,A
4-HA,970,0,2616,0,1,2617,T
4-HA,971,2450,1,0,0,2451,A
4-HA,972,0,2407,0,1,2408,T
4-HA,973,1,0,2418,1,2420,G
4-HA,974,1,2419,0,2,2422,T
4-HA,975,0,2401,2,0,2403,T
4-HA,976,2431,0,0,0,2431,A
4-HA,977,2401,0,0,0,2401,A
4-HA,978,0,2,2417,0,2419,G
4-HA,979,0,1,0,2419,2420,C
4-HA,980,2383,1,0,0,2384,A
4-HA,981,2382,1,1,0,2384,A
4-HA,982,2368,1,3,0,2372,A
4-HA,983,2376,1,2,0,2379,A
4-HA,984,1,0,0,2375,2376,C
4-HA,985,2356,1,0,0,2357,A
4-HA,986,1,1,0,2379,2381,C
4-HA,987,2,2336,1,2,2341,T
4-HA,988,2,0,0,2351,2353,C
4-HA,989,0,2350,0,3,2353,T
4-HA,990,0,1,2363,0,2364,G
4-HA,991,2363,1,1,0,2365,A
4-HA,992,2363,0,0,0,2363,A
4-HA,993,2363,0,3,0,2366,A
4-HA,994,0,2353,0,0,2353,T
4-HA,995,0,2327,0,2,2329,T
4-HA,996,0,3,2350,0,2353,G
4-HA,997,2,1,2347,0,2350,G
4-HA,998,1,1,0,2363,2365,C
4-HA,999,2357,0,0,0,2357,A
4-HA,1000,2358,2,2,0,2362,A
4-HA,1001,0,0,0,2366,2366,C
4-HA,1002,2357,0,2,0,2359,A
4-HA,1003,1,1,2381,0,2383,G
4-HA,1004,0,2,2369,0,2371,G
4-HA,1005,0,0,2370,0,2370,G
4-HA,1006,2374,0,3,0,2377,A
4-HA,1007,2,2363,0,1,2366,T
4-HA,1008,3,0,2363,0,2366,G
4-HA,1009,0,1,0,2364,2365,C
4-HA,1010,2,0,2373,0,2375,G
4-HA,1011,2405,0,0,0,2405,A
4-HA,1012,2367,0,0,0,2367,A
4-HA,1013,2389,0,4,0,2393,A
4-HA,1014,0,2349,0,1,2350,T
4-HA,1015,0,1,2394,0,2395,G
4-HA,1016,0,2394,0,2,2396,T
4-HA,1017,2394,0,2,0,2396,A
4-HA,1018,1,0,0,2389,2390,C
4-HA,1019,5,1,0,2378,2384,C
4-HA,1020,2362,0,1,0,2363,A
4-HA,1021,0,0,2368,0,2368,G
4-HA,1022,2312,0,2,0,2314,A
4-HA,1023,0,1,2345,0,2346,G
4-HA,1024,2313,0,1,0,2314,A
4-HA,1025,2313,0,3,1,2317,A
4-HA,1026,2318,0,4,0,2322,A
4-HA,1027,1,0,0,2318,2319,C
4-HA,1028,2314,0,1,0,2315,A
4-HA,1029,2346,0,2,0,2348,A
4-HA,1030,2348,0,3,0,2351,A
4-HA,1031,0,0,1,2363,2364,C
4-HA,1032,0,2343,0,1,2344,T
4-HA,1033,2341,0,1,0,2342,A
4-HA,1034,1,2,2333,1,2337,G
4-HA,1035,2317,0,7,0,2324,A
4-HA,1036,0,2,2368,0,2370,G
4-HA,1037,0,0,2371,0,2371,G
4-HA,1038,0,1,1,2335,2337,C
4-HA,1039,2337,1,3,0,2341,A
4-HA,1040,0,2339,0,2,2341,T
4-HA,1041,2355,1,1,0,2357,A
4-HA,1042,1,2353,0,1,2355,T
4-HA,1043,0,2346,0,0,2346,T
4-HA,1044,1,2342,1,2,2346,T
4-HA,1045,0,5,2284,1,2290,G
4-HA,1046,1,2,2292,0,2295,G
4-HA,1047,0,2,0,2288,2290,C
4-HA,1048,0,0,2286,0,2286,G
4-HA,1049,0,0,0,2263,2263,C
4-HA,1050,2261,0,2,0,2263,A
4-HA,1051,2276,0,1,0,2277,A
4-HA,1052,0,2270,0,4,2274,T
4-HA,1053,2,2,0,2272,2276,C
4-HA,1054,0,0,2277,0,2277,G
4-HA,1055,0,1,0,2263,2264,C
4-HA,1056,1,4,2261,1,2267,G
4-HA,1057,1,1,2275,0,2277,G
4-HA,1058,0,0,2286,0,2286,G
4-HA,1059,1,2277,0,3,2281,T
4-HA,1060,0,2261,0,0,2261,T
4-HA,1061,0,2262,0,3,2265,T
4-HA,1062,3,0,0,2267,2270,C
4-HA,1063,2267,0,2,0,2269,A
4-HA,1064,1,2277,0,0,2278,T
4-HA,1065,2270,1,2,0,2273,A
4-HA,1066,2,2,2287,1,2292,G
4-HA,1067,2245,0,1,0,2246,A
4-HA,1068,2250,0,0,0,2250,A
4-HA,1069,2243,0,2,1,2246,A
4-HA,1070,2245,0,3,0,2248,A
4-HA,1071,1,2249,0,0,2250,T
4-HA,1072,0,1,2272,0,2273,G
4-HA,1073,1,1,2276,0,2278,G
4-HA,1074,1,2267,0,1,2269,T
4-HA,1075,0,2230,0,1,2231,T
4-HA,1076,0,0,2237,0,2237,G
4-HA,1077,0,1,2257,0,2258,G
4-HA,1078,2,2,2257,0,2261,G
4-HA,1079,2238,0,4,0,2242,A
4-HA,1080,1,3,2248,1,2253,G
4-HA,1081,0,3,2234,0,2237,G
4-HA,1082,1,1,2282,0,2284,G
4-HA,1083,2279,0,4,0,2283,A
4-HA,1084,2302,2,4,1,2309,A
4-HA,1085,0,2304,0,1,2305,T
4-HA,1086,1,0,2300,1,2302,G
4-HA,1087,0,1,2343,0,2344,G
4-HA,1088,0,2315,1,1,2317,T
4-HA,1089,2,2,2315,0,2319,G
4-HA,1090,1,0,2297,0,2298,G
4-HA,1091,2252,1,3,1,2257,A
4-HA,1092,1,2257,0,2,2260,T
4-HA,1093,3,2,2285,0,2290,G
4-HA,1094,1,1,2318,0,2320,G
4-HA,1095,1,2282,1,2,2286,T
4-HA,1096,1,2220,0,1,2222,T
4-HA,1097,0,8,2217,0,2225,G
4-HA,1098,1,2,2249,0,2252,G
4-HA,1099,0,2254,0,0,2254,T
4-HA,1100,2252,0,1,0,2253,A
4-HA,1101,1,1,0,2132,2134,C
4-HA,1102,1,3,2142,0,2146,G
4-HA,1103,0,0,2243,0,2243,G
4-HA,1104,0,2230,2,2,2234,T
4-HA,1105,1,2237,0,2,2240,T
4-HA,1106,0,2230,0,0,2230,T
4-HA,1107,1,0,0,2198,2199,C
4-HA,1108,2195,0,3,0,2198,A
4-HA,1109,0,0,2197,0,2197,G
4-HA,1110,0,1,2192,0,2193,G
4-HA,1111,0,1,0,2180,2181,C
4-HA,1112,2102,0,1,0,2103,A
4-HA,1113,0,2129,0,1,2130,T
4-HA,1114,2,0,0,2127,2129,C
4-HA,1115,2134,0,1,0,2135,A
4-HA,1116,2132,0,0,0,2132,A
4-HA,1117,2132,0,0,0,2132,A
4-HA,1118,2138,0,1,0,2139,A
4-HA,1119,0,2123,0,2,2125,T
4-HA,1120,1,2124,0,1,2126,T
4-HA,1121,2,0,0,2123,2125,C
4-HA,1122,0,2109,0,0,2109,T
4-HA,1123,0,2,2115,0,2117,G
4-HA,1124,2108,1,5,0,2114,A
4-HA,1125,1,6,2119,0,2126,G
4-HA,1126,3,2,2122,0,2127,G
4-HA,1127,4,1,2137,0,2142,G
4-HA,1128,2133,0,1,0,2134,A
4-HA,1129,2137,0,1,1,2139,A
4-HA,1130,0,3,2130,0,2133,G
4-HA,1131,2166,0,5,0,2171,A
4-HA,1132,1,0,2195,0,2196,G
4-HA,1133,0,2,2207,0,2209,G
4-HA,1134,2200,0,1,0,2201,A
4-HA,1135,2,2,1,2193,2198,C
4-HA,1136,2173,0,5,0,2178,A
4-HA,1137,2176,0,2,0,2178,A
4-HA,1138,0,1,2172,0,2173,G
4-HA,1139,0,0,1,2171,2172,C
4-HA,1140,2145,0,4,0,2149,A
4-HA,1141,0,0,2157,0,2157,G
4-HA,1142,0,0,0,2149,2149,C
4-HA,1143,2136,1,0,0,2137,A
4-HA,1144,1,1,2160,0,2162,G
4-HA,1145,2147,1,1,0,2149,A
4-HA,1146,0,2187,0,4,2191,T
4-HA,1147,2,0,0,2199,2201,C
4-HA,1148,0,2174,0,10,2184,T
4-HA,1149,0,1,0,2210,2211,C
4-HA,1150,2198,0,1,1,2200,A
4-HA,1151,2203,0,0,0,2203,A
4-HA,1152,2201,0,0,0,2201,A
4-HA,1153,2161,1,7,0,2169,A
4-HA,1154,0,0,2173,0,2173,G
4-HA,1155,1,0,0,2119,2120,C
4-HA,1156,2109,0,0,0,2109,A
4-HA,1157,1,1,0,2159,2161,C
4-HA,1158,0,2137,0,3,2140,T
4-HA,1159,3,0,1,2146,2150,C
4-HA,1160,2152,0,1,0,2153,A
4-HA,1161,2209,1,5,0,2215,A
4-HA,1162,2,0,2215,0,2217,G
4-HA,1163,1,0,0,2202,2203,C
4-HA,1164,2179,0,8,0,2187,A
4-HA,1165,0,0,2204,0,2204,G
4-HA,1166,0,1,0,2162,2163,C
4-HA,1167,2156,0,0,0,2156,A
4-HA,1168,2153,0,1,0,2154,A
4-HA,1169,1,2146,0,0,2147,T
4-HA,1170,3,2,1,2092,2098,C
4-HA,1171,1,6,2104,0,2111,G
4-HA,1172,2107,0,1,0,2108,A
4-HA,1173,1,2098,0,1,2100,T
4-HA,1174,5,0,0,2088,2093,C
4-HA,1175,2088,0,0,0,2088,A
4-HA,1176,2138,0,2,0,2140,A
4-HA,1177,2141,2,4,0,2147,A
4-HA,1178,0,2147,0,0,2147,T
4-HA,1179,5,0,0,2145,2150,C
4-HA,1180,2123,1,1,0,2125,A
4-HA,1181,2139,0,0,0,2139,A
4-HA,1182,0,2144,0,0,2144,T
4-HA,1183,1,3,2145,0,2149,G
4-HA,1184,1,2,2141,0,2144,G
4-HA,1185,2,2,2109,0,2113,G
4-HA,1186,2114,0,4,0,2118,A
4-HA,1187,2113,0,6,1,2120,A
4-HA,1188,2,0,2140,0,2142,G
4-HA,1189,1,1,0,2140,2142,C
4-HA,1190,0,2128,0,2,2130,T
4-HA,1191,0,2,2209,0,2211,G
4-HA,1192,2207,1,1,0,2209,A
4-HA,1193,2204,0,4,0,2208,A
4-HA,1194,0,2210,0,0,2210,T
4-HA,1195,2160,1,0,0,2161,A
4-HA,1196,0,1,2153,0,2154,G
4-HA,1197,2002,0,3,0,2005,A
4-HA,1198,0,2009,0,3,2012,T
4-HA,1199,0,2018,0,0,2018,T
4-HA,1200,1,3,2025,0,2029,G
4-HA,1201,2018,0,3,0,2021,A
4-HA,1202,0,2013,1,2,2016,T
4-HA,1203,2,4,0,2015,2021,C
4-HA,1204,0,0,2012,0,2012,G
4-HA,1205,1,3,1999,0,2003,G
4-HA,1206,1,2,2017,0,2020,G
4-HA,1207,2004,0,2,0,2006,A
4-HA,1208,2011,0,0,0,2011,A
4-HA,1209,1986,0,7,0,1993,A
4-HA,1210,2000,1,2,0,2003,A
4-HA,1211,0,1,0,2002,2003,C
4-HA,1212,1,0,0,2006,2007,C
4-HA,1213,1991,0,0,0,1991,A
4-HA,1214,1984,0,1,0,1985,A
4-HA,1215,0,0,0,1992,1992,C
4-HA,1216,0,2,1993,1,1996,G
4-HA,1217,1997,0,2,0,1999,A
4-HA,1218,0,0,2000,0,2000,G
4-HA,1219,1989,0,2,0,1991,A
4-HA,1220,1996,0,0,1,1997,A
4-HA,1221,2005,0,2,0,2007,A
4-HA,1222,0,2008,1,1,2010,T
4-HA,1223,0,2010,0,2,2012,T
4-HA,1224,5,7,0,2008,2020,C
4-HA,1225,2,1,0,2004,2007,C
4-HA,1226,2005,0,1,1,2007,A
4-HA,1227,0,2000,1,1,2002,T
4-HA,1228,2,0,0,2008,2010,C
4-HA,1229,1992,0,0,0,1992,A
4-HA,1230,0,1,2007,0,2008,G
4-HA,1231,1982,1,1,0,1984,A
4-HA,1232,0,1982,0,0,1982,T
4-HA,1233,1,1976,0,2,1979,T
4-HA,1234,1,4,1983,0,1988,G
4-HA,1235,1985,1,5,0,1991,A
4-HA,1236,1989,0,1,0,1990,A
4-HA,1237,1987,1,8,0,1996,A
4-HA,1238,1990,0,3,0,1993,A
4-HA,1239,1976,0,4,0,1980,A
4-HA,1240,0,1,1984,0,1985,G
4-HA,1241,1974,0,1,0,1975,A
4-HA,1242,1978,0,1,0,1979,A
4-HA,1243,0,1954,0,1,1955,T
4-HA,1244,2,1954,0,2,1958,T
4-HA,1245,0,0,0,1963,1963,C
4-HA,1246,1,1960,0,5,1966,T
4-HA,1247,1,1,1,1958,1961,C
4-HA,1248,1955,6,2,0,1963,A
4-HA,1249,0,2,1958,0,1960,G
4-HA,1250,1957,0,2,0,1959,A
4-HA,1251,1938,0,2,1,1941,A
4-HA,1252,0,0,1955,0,1955,G
4-HA,1253,0,1939,0,0,1939,T
4-HA,1254,8,0,0,1936,1944,C
4-HA,1255,1,1,1948,0,1950,G
4-HA,1256,1940,0,2,0,1942,A
4-HA,1257,1940,1,4,2,1947,A
4-HA,1258,0,2,1943,0,1945,G
4-HA,1259,0,1,1960,0,1961,G
4-HA,1260,0,2,1958,0,1960,G
4-HA,1261,1916,0,3,0,1919,A
4-HA,1262,0,1,1925,1,1927,G
4-HA,1263,1924,0,4,0,1928,A
4-HA,1264,2039,0,1,0,2040,A
4-HA,1265,0,2037,0,1,2038,T
4-HA,1266,1,2036,0,1,2038,T
4-HA,1267,3,0,0,2034,2037,C
4-HA,1268,1992,0,2,0,1994,A
4-HA,1269,0,4,1992,0,1996,G
4-HA,1270,0,2,1984,0,1986,G
4-HA,1271,2000,0,6,0,2006,A
4-HA,1272,1,0,0,2010,2011,C
4-HA,1273,0,0,0,1887,1887,C
4-HA,1274,0,1878,0,2,1880,T
4-HA,1275,0,1826,0,56,1882,T
4-HA,1276,0,3,1899,0,1902,G
4-HA,1277,1896,0,2,0,1898,A
4-HA,1278,0,3,1933,0,1936,G
4-HA,1279,1919,0,5,0,1924,A
4-HA,1280,1826,1,1,1,1829,A
4-HA,1281,1813,0,5,0,1818,A
4-HA,1282,0,1799,0,1,1800,T
4-HA,1283,1833,0,2,0,1835,A
4-HA,1284,0,1824,0,2,1826,T
4-HA,1285,2,1,1852,0,1855,G
4-HA,1286,0,1852,0,0,1852,T
4-HA,1287,0,1795,0,0,1795,T
4-HA,1288,0,2,1812,0,1814,G
4-HA,1289,1790,0,2,0,1792,A
4-HA,1290,0,0,1867,0,1867,G
4-HA,1291,0,1,1861,0,1862,G
4-HA,1292,1824,0,4,1,1829,A
4-HA,1293,0,0,0,1900,1900,C
4-HA,1294,1868,0,1,0,1869,A
4-HA,1295,2,0,0,1862,1864,C
4-HA,1296,0,1846,1,0,1847,T
4-HA,1297,1940,0,0,0,1940,A
4-HA,1298,1960,0,4,0,1964,A
4-HA,1299,1965,1,1,0,1967,A
4-HA,1300,1974,0,5,0,1979,A
4-HA,1301,0,1978,0,1,1979,T
4-HA,1302,1885,0,2,0,1887,A
4-HA,1303,0,1,1900,0,1901,G
4-HA,1304,1863,0,0,0,1863,A
4-HA,1305,0,1877,0,3,1880,T
4-HA,1306,1,0,0,1866,1867,C
4-HA,1307,0,1840,0,2,1842,T
4-HA,1308,1,0,0,1886,1887,C
4-HA,1309,2,1877,0,2,1881,T
4-HA,1310,0,4,1927,0,1931,G
4-HA,1311,0,0,1969,0,1969,G
4-HA,1312,0,1960,0,3,1963,T
4-HA,1313,5,0,0,1957,1962,C
4-HA,1314,1971,2,1,0,1974,A
4-HA,1315,1,1965,0,3,1969,T
4-HA,1316,1973,0,0,0,1973,A
4-HA,1317,0,0,0,1973,1973,C
4-HA,1318,1911,0,3,0,1914,A
4-HA,1319,1929,0,2,0,1931,A
4-HA,1320,0,0,0,1887,1887,C
4-HA,1321,0,1,1882,0,1883,G
4-HA,1322,1,1,0,1889,1891,C
4-HA,1323,2,4,1868,0,1874,G
4-HA,1324,0,0,1878,0,1878,G
4-HA,1325,1874,0,2,1,1877,A
4-HA,1326,0,1,1903,0,1904,G
4-HA,1327,2,0,0,1896,1898,C
4-HA,1328,1,1883,1,4,1889,T
4-HA,1329,0,1894,0,2,1896,T
4-HA,1330,0,0,0,1900,1900,C
4-HA,1331,0,1902,0,5,1907,T
4-HA,1332,0,1906,0,3,1909,T
4-HA,1333,0,1,1904,0,1905,G
4-HA,1334,0,1896,0,2,1898,T
4-HA,1335,0,1866,0,3,1869,T
4-HA,1336,0,1,1914,0,1915,G
4-HA,1337,0,0,0,1906,1906,C
4-HA,1338,1,0,0,1882,1883,C
4-HA,1339,4,1,0,1891,1896,C
4-HA,1340,0,1895,0,3,1898,T
4-HA,1341,1,4,1910,1,1916,G
4-HA,1342,0,1,1919,0,1920,G
4-HA,1343,1908,0,6,0,1914,A
4-HA,1344,0,3,1917,1,1921,G
4-HA,1345,1879,1,2,0,1882,A
4-HA,1346,1889,1,2,0,1892,A
4-HA,1347,1,3,0,1912,1916,C
4-HA,1348,2,1,0,1902,1905,C
4-HA,1349,1907,0,6,0,1913,A
4-HA,1350,1995,2,1,1,1999,A
4-HA,1351,0,0,0,2014,2014,C
4-HA,1352,2018,0,1,0,2019,A
4-HA,1353,1,2014,0,4,2019,T
4-HA,1354,2008,0,2,0,2010,A
4-HA,1355,1,0,0,2034,2035,C
4-HA,1356,1988,0,0,0,1988,A
4-HA,1357,1986,0,2,0,1988,A
4-HA,1358,0,1981,0,2,1983,T
4-HA,1359,1,1913,0,0,1914,T
4-HA,1360,2,1,1934,0,1937,G
4-HA,1361,1939,1,4,0,1944,A
4-HA,1362,1,1937,0,5,1943,T
4-HA,1363,6,1,0,1941,1948,C
4-HA,1364,0,1903,1,1,1905,T
4-HA,1365,1920,0,0,0,1920,A
4-HA,1366,1921,0,0,0,1921,A
4-HA,1367,1,0,0,1920,1921,C
4-HA,1368,0,1909,0,2,1911,T
4-HA,1369,0,5,1887,0,1892,G
4-HA,1370,1890,0,1,0,1891,A
4-HA,1371,0,0,0,1886,1886,C
4-HA,1372,0,1890,0,1,1891,T
4-HA,1373,1,2,1,1887,1891,C
4-HA,1374,1882,0,1,0,1883,A
4-HA,1375,0,2,1932,0,1934,G
4-HA,1376,1933,0,1,0,1934,A
4-HA,1377,1928,0,3,0,1931,A
4-HA,1378,1930,0,2,0,1932,A
4-HA,1379,0,1906,0,1,1907,T
4-HA,1380,1,2,1932,0,1935,G
4-HA,1381,1933,0,4,0,1937,A
4-HA,1382,1939,0,1,0,1940,A
4-HA,1383,1,1,0,1939,1941,C
4-HA,1384,1896,0,0,0,1896,A
4-HA,1385,1893,0,1,0,1894,A
4-HA,1386,1888,0,5,0,1893,A
4-HA,1387,1,0,0,1903,1904,C
4-HA,1388,0,1885,0,1,1886,T
4-HA,1389,1,1,1894,0,1896,G
4-HA,1390,0,1886,0,4,1890,T
4-HA,1391,0,1882,0,2,1884,T
4-HA,1392,1,1884,0,1,1886,T
4-HA,1393,0,1,1889,1,1891,G
4-HA,1394,1889,0,1,0,1890,A
4-HA,1395,1890,0,1,0,1891,A
4-HA,1396,1882,0,2,0,1884,A
4-HA,1397,1884,0,1,1,1886,A
4-HA,1398,1869,0,2,1,1872,A
4-HA,1399,1879,0,3,0,1882,A
4-HA,1400,0,0,0,1880,1880,C
4-HA,1401,1879,1,1,0,1881,A
4-HA,1402,1882,0,1,0,1883,A
4-HA,1403,1880,2,1,2,1885,A
4-HA,1404,1,2,1893,0,1896,G
4-HA,1405,1896,2,2,0,1900,A
4-HA,1406,1893,0,2,0,1895,A
4-HA,1407,0,2,1888,0,1890,G
4-HA,1408,0,0,0,1893,1893,C
4-HA,1409,1882,1,4,0,1887,A
4-HA,1410,1896,0,1,0,1897,A
4-HA,1411,0,0,0,1894,1894,C
4-HA,1412,0,1888,0,1,1889,T
4-HA,1413,1,2,1897,0,1900,G
4-HA,1414,1885,1,1,0,1887,A
4-HA,1415,0,3,1895,0,1898,G
4-HA,1416,0,1,1900,0,1901,G
4-HA,1417,2,0,1903,0,1905,G
4-HA,1418,1900,0,0,2,1902,A
4-HA,1419,1887,1,2,1,1891,A
4-HA,1420,1880,0,5,0,1885,A
4-HA,1421,1909,1,1,0,1911,A
4-HA,1422,0,1903,0,1,1904,T
4-HA,1423,0,2,1915,1,1918,G
4-HA,1424,0,2,0,1919,1921,C
4-HA,1425,0,1895,0,6,1901,T
4-HA,1426,1,2,1906,0,1909,G
4-HA,1427,1905,0,2,1,1908,A
4-HA,1428,0,2,2005,0,2007,G
4-HA,1429,1,2,2027,0,2030,G
4-HA,1430,2004,1,2,0,2007,A
4-HA,1431,0,2000,0,5,2005,T
4-HA,1432,1989,1,5,0,1995,A
4-HA,1433,0,1989,0,1,1990,T
4-HA,1434,0,3,2004,0,2007,G
4-HA,1435,3,1,2010,0,2014,G
4-HA,1436,0,1,2007,1,2009,G
4-HA,1437,0,0,0,1915,1915,C
4-HA,1438,1864,0,1,0,1865,A
4-HA,1439,1861,0,3,0,1864,A
4-HA,1440,0,1864,0,1,1865,T
4-HA,1441,1,3,1862,0,1866,G
4-HA,1442,1,1,1863,0,1865,G
4-HA,1443,0,1831,0,3,1834,T
4-HA,1444,0,1784,0,0,1784,T
4-HA,1445,0,1,1801,0,1802,G
4-HA,1446,0,1810,0,4,1814,T
4-HA,1447,0,1814,0,0,1814,T
4-HA,1448,1,1812,0,1,1814,T
4-HA,1449,31,0,0,1787,1818,C
4-HA,1450,1810,0,1,0,1811,A
4-HA,1451,1818,0,2,0,1820,A
4-HA,1452,1818,1,0,0,1819,A
4-HA,1453,1841,0,1,0,1842,A
4-HA,1454,0,1824,0,0,1824,T
4-HA,1455,1813,0,0,0,1813,A
4-HA,1456,1,1818,0,0,1819,T
4-HA,1457,1817,0,2,0,1819,A
4-HA,1458,0,0,0,1839,1839,C
4-HA,1459,1,0,0,1831,1832,C
4-HA,1460,1828,0,2,0,1830,A
4-HA,1461,0,0,0,1833,1833,C
4-HA,1462,1825,0,0,0,1825,A
4-HA,1463,1829,0,1,0,1830,A
4-HA,1464,1829,0,0,0,1829,A
4-HA,1465,0,1830,0,0,1830,T
4-HA,1466,0,1,1837,0,1838,G
4-HA,1467,1,1810,0,2,1813,T
4-HA,1468,0,2,1826,0,1828,G
4-HA,1469,1826,0,4,0,1830,A
4-HA,1470,1,0,0,1825,1826,C
4-HA,1471,1805,1,0,0,1806,A
4-HA,1472,1806,1,0,0,1807,A
4-HA,1473,0,1829,0,1,1830,T
4-HA,1474,0,1,1833,0,1834,G
4-HA,1475,0,1,0,1828,1829,C
4-HA,1476,0,0,0,1828,1828,C
4-HA,1477,1,1813,0,1,1815,T
4-HA,1478,0,0,1896,0,1896,G
4-HA,1479,1,1,0,1899,1901,C
4-HA,1480,1900,0,0,0,1900,A
4-HA,1481,0,1902,0,1,1903,T
4-HA,1482,1829,1,1,0,1831,A
4-HA,1483,0,1,1843,0,1844,G
4-HA,1484,0,1,1839,0,1840,G
4-HA,1485,1836,0,1,0,1837,A
4-HA,1486,0,1821,0,1,1822,T
4-HA,1487,2,0,0,1742,1744,C
4-HA,1488,1744,0,0,0,1744,A
4-HA,1489,1751,2,1,0,1754,A
4-HA,1490,1,1747,0,2,1750,T
4-HA,1491,4,0,0,1753,1757,C
4-HA,1492,1729,0,1,1,1731,A
4-HA,1493,0,3,1738,0,1741,G
4-HA,1494,1738,0,1,0,1739,A
4-HA,1495,1739,0,2,0,1741,A
4-HA,1496,1739,0,2,0,1741,A
4-HA,1497,0,1732,0,1,1733,T
4-HA,1498,0,1,1725,0,1726,G
4-HA,1499,1,2,1727,0,1730,G
4-HA,1500,1729,0,0,0,1729,A
4-HA,1501,1740,0,1,0,1741,A
4-HA,1502,0,0,17,1712,1729,C
4-HA,1503,0,1714,0,1,1715,T
4-HA,1504,1,1723,0,0,1724,T
4-HA,1505,1723,0,3,0,1726,A
4-HA,1506,1,1720,0,0,1721,T
4-HA,1507,0,1,1724,0,1725,G
4-HA,1508,1704,0,7,0,1711,A
4-HA,1509,1,0,0,1712,1713,C
4-HA,1510,1,1,0,1692,1694,C
4-HA,1511,1685,1,3,0,1689,A
4-HA,1512,0,2,0,1723,1725,C
4-HA,1513,0,2,1768,0,1770,G
4-HA,1514,1814,0,1,0,1815,A
4-HA,1515,0,1837,0,1,1838,T
4-HA,1516,1,2,1907,0,1910,G
4-HA,1517,1,1895,0,0,1896,T
4-HA,1518,1952,0,2,0,1954,A
4-HA,1519,1,1953,0,1,1955,T
4-HA,1520,1952,0,0,0,1952,A
4-HA,1521,1,0,1,1948,1950,C
4-HA,1522,1743,0,2,0,1745,A
4-HA,1523,0,0,1768,0,1768,G
4-HA,1524,1657,1,0,0,1658,A
4-HA,1525,0,0,1599,0,1599,G
4-HA,1526,1586,0,2,0,1588,A
4-HA,1527,0,1486,0,1,1487,T
4-HA,1528,0,1,1480,0,1481,G
4-HA,1529,1479,0,2,0,1481,A
4-HA,1530,1478,0,0,1,1479,A
4-HA,1531,0,1,1501,0,1502,G
4-HA,1532,0,0,0,1471,1471,C
4-HA,1533,1461,0,1,0,1462,A
4-HA,1534,0,1442,0,3,1445,T
4-HA,1535,0,1438,0,1,1439,T
4-HA,1536,1445,1,0,0,1446,A
4-HA,1537,1443,0,2,0,1445,A
4-HA,1538,1444,1,1,0,1446,A
4-HA,1539,0,0,0,1446,1446,C
4-HA,1540,1389,0,1,0,1390,A
4-HA,1541,1396,0,0,0,1396,A
4-HA,1542,0,1,1,1392,1394,C
4-HA,1543,0,0,0,1392,1392,C
4-HA,1544,1,0,1395,0,1396,G
4-HA,1545,1,0,1408,0,1409,G
4-HA,1546,0,1408,0,3,1411,T
4-HA,1547,1,1402,0,0,1403,T
4-HA,1548,0,1390,0,1,1391,T
4-HA,1549,1,0,1,1394,1396,C
4-HA,1550,1392,2,4,0,1398,A
4-HA,1551,0,1,1423,0,1424,G
4-HA,1552,1423,0,1,0,1424,A
4-HA,1553,0,1414,0,0,1414,T
4-HA,1554,3,0,0,1378,1381,C
4-HA,1555,1372,0,2,0,1374,A
4-HA,1556,1373,0,0,0,1373,A
4-HA,1557,0,1,1375,0,1376,G
4-HA,1558,0,3,1370,0,1373,G
4-HA,1559,0,3,1369,0,1372,G
4-HA,1560,1327,1,4,0,1332,A
4-HA,1561,1,0,1345,0,1346,G
4-HA,1562,0,1343,0,0,1343,T
4-HA,1563,1,1345,0,0,1346,T
4-HA,1564,0,0,1356,0,1356,G
4-HA,1565,1340,0,2,0,1342,A
4-HA,1566,0,0,1350,0,1350,G
4-HA,1567,0,0,0,1345,1345,C
4-HA,1568,0,1328,0,3,1331,T
4-HA,1569,0,0,1335,0,1335,G
4-HA,1570,1325,0,0,0,1325,A
4-HA,1571,1328,0,2,0,1330,A
4-HA,1572,0,0,1330,0,1330,G
4-HA,1573,1,1304,0,1,1306,T
4-HA,1574,6,1,0,1297,1304,C
4-HA,1575,1285,0,0,0,1285,A
4-HA,1576,1,2,1278,0,1281,G
4-HA,1577,0,3,1274,0,1277,G
4-HA,1578,0,0,1250,0,1250,G
4-HA,1579,0,1283,0,4,1287,T
4-HA,1580,1285,0,2,0,1287,A
4-HA,1581,0,2,0,1285,1287,C
4-HA,1582,1283,0,1,0,1284,A
4-HA,1583,1280,0,0,0,1280,A
4-HA,1584,1279,0,1,0,1280,A
4-HA,1585,0,0,1285,0,1285,G
4-HA,1586,1256,0,0,0,1256,A
4-HA,1587,1,1221,0,1,1223,T
4-HA,1588,0,1206,0,1,1207,T
4-HA,1589,0,1,1200,0,1201,G
4-HA,1590,7,2,1187,0,1196,G
4-HA,1591,1197,0,1,0,1198,A
4-HA,1592,0,1206,0,0,1206,T
4-HA,1593,1,0,0,1187,1188,C
4-HA,1594,2,1,0,1172,1175,C
4-HA,1595,0,1150,0,1,1151,T
4-HA,1596,1160,0,1,0,1161,A
4-HA,1597,0,1161,0,0,1161,T
4-HA,1598,1,0,1158,0,1159,G
4-HA,1599,1,3,1152,1,1157,G
4-HA,1600,1124,0,0,0,1124,A
4-HA,1601,0,1127,0,1,1128,T
4-HA,1602,0,1113,0,2,1115,T
4-HA,1603,0,1111,0,1,1112,T
4-HA,1604,1,0,0,1112,1113,C
4-HA,1605,0,0,0,1110,1110,C
4-HA,1606,0,1087,1,0,1088,T
4-HA,1607,0,1084,0,1,1085,T
4-HA,1608,0,1075,0,3,1078,T
4-HA,1609,1,0,1080,1,1082,G
4-HA,1610,0,3,0,1081,1084,C
4-HA,1611,3,1,0,1082,1086,C
4-HA,1612,1064,1,0,0,1065,A
4-HA,1613,0,1056,0,2,1058,T
4-HA,1614,1068,0,0,0,1068,A
4-HA,1615,0,1063,0,1,1064,T
4-HA,1616,2,1,0,1056,1059,C
4-HA,1617,1058,0,1,0,1059,A
4-HA,1618,0,1045,0,1,1046,T
4-HA,1619,0,0,1052,0,1052,G
4-HA,1620,0,1020,22,0,1042,T
4-HA,1621,0,1033,1,0,1034,T
4-HA,1622,0,1030,0,2,1032,T
4-HA,1623,0,1006,0,1,1007,T
4-HA,1624,0,1006,0,0,1006,T
4-HA,1625,0,1003,0,0,1003,T
4-HA,1626,0,0,1005,0,1005,G
4-HA,1627,1,1,0,996,998,C
4-HA,1628,0,969,0,4,973,T
4-HA,1629,0,974,0,2,976,T
4-HA,1630,0,970,0,0,970,T
4-HA,1631,5,0,976,0,981,G
4-HA,1632,0,980,0,1,981,T
4-HA,1633,0,0,980,0,980,G
4-HA,1634,0,982,0,2,984,T
4-HA,1635,0,960,0,2,962,T
4-HA,1636,0,1,964,0,965,G
4-HA,1637,0,0,0,961,961,C
4-HA,1638,0,956,0,0,956,T
4-HA,1639,0,957,1,1,959,T
4-HA,1640,1,892,0,0,893,T
4-HA,1641,0,1,896,0,897,G
4-HA,1642,0,892,1,3,896,T
4-HA,1643,0,891,1,0,892,T
4-HA,1644,0,1,890,0,891,G
4-HA,1645,1,2,864,0,867,G
4-HA,1646,0,2,868,0,870,G
4-HA,1647,0,0,869,0,869,G
4-HA,1648,0,838,0,0,838,T
4-HA,1649,1,830,0,3,834,T
4-HA,1650,4,0,0,806,810,C
4-HA,1651,799,0,2,0,801,A
4-HA,1652,0,800,0,0,800,T
4-HA,1653,3,1,0,790,794,C
4-HA,1654,782,0,1,0,783,A
4-HA,1655,0,756,0,0,756,T
4-HA,1656,0,0,751,0,751,G
4-HA,1657,0,726,0,0,726,T
4-HA,1658,0,0,717,0,717,G
4-HA,1659,0,0,697,0,697,G
4-HA,1660,1,1,692,0,694,G
4-HA,1661,0,0,0,684,684,C
4-HA,1662,0,0,0,657,657,C
4-HA,1663,0,617,0,0,617,T
4-HA,1664,0,0,621,0,621,G
4-HA,1665,0,0,0,619,619,C
4-HA,1666,2,0,0,614,616,C
4-HA,1667,616,0,1,0,617,A
4-HA,1668,610,0,0,0,610,A
4-HA,1669,608,0,1,0,609,A
4-HA,1670,608,0,0,0,608,A
4-HA,1671,607,0,1,0,608,A
4-HA,1672,0,1,605,0,606,G
4-HA,1673,0,0,585,0,585,G
4-HA,1674,0,0,0,575,575,C
4-HA,1675,571,0,1,0,572,A
4-HA,1676,575,0,0,0,575,A
4-HA,1677,0,0,0,574,574,C
4-HA,1678,577,0,0,0,577,A
4-HA,1679,0,576,0,0,576,T
4-HA,1680,0,565,0,0,565,T
4-HA,1681,546,0,0,0,546,A
4-HA,1682,0,0,539,0,539,G
4-HA,1683,0,0,538,0,538,G
4-HA,1684,0,518,0,0,518,T
4-HA,1685,1,0,471,0,472,G
4-HA,1686,0,0,0,453,453,C
4-HA,1687,442,0,0,0,442,A
4-HA,1688,438,0,2,0,440,A
4-HA,1689,0,0,0,441,441,C
4-HA,1690,438,0,0,0,438,A
4-HA,1691,0,422,0,1,423,T
4-HA,1692,0,401,0,0,401,T
4-HA,1693,0,399,0,0,399,T
4-HA,1694,1,0,397,0,398,G
4-HA,1695,0,0,0,393,393,C
4-HA,1696,388,0,0,0,388,A
4-HA,1697,0,363,0,0,363,T
4-HA,1698,0,337,0,0,337,T
4-HA,1699,0,331,0,0,331,T
4-HA,1700,0,0,331,0,331,G
4-HA,1701,315,0,0,0,315,A
5-NP,1,212,0,0,0,212,A
5-NP,2,0,212,0,0,212,T
5-NP,3,0,0,212,0,212,G
5-NP,4,0,0,213,0,213,G
5-NP,5,0,0,0,213,213,C
5-NP,6,0,0,220,0,220,G
5-NP,7,0,235,0,0,235,T
5-NP,8,0,0,0,239,239,C
5-NP,9,0,0,0,242,242,C
5-NP,10,0,0,0,241,241,C
5-NP,11,242,0,0,0,242,A
5-NP,12,242,0,0,0,242,A
5-NP,13,0,0,246,0,246,G
5-NP,14,0,0,255,0,255,G
5-NP,15,0,0,0,256,256,C
5-NP,16,258,0,0,0,258,A
5-NP,17,0,0,0,262,262,C
5-NP,18,0,0,0,262,262,C
5-NP,19,263,0,0,0,263,A
5-NP,20,264,0,0,0,264,A
5-NP,21,264,0,0,0,264,A
5-NP,22,0,0,0,264,264,C
5-NP,23,0,1,263,0,264,G
5-NP,24,0,0,285,0,285,G
5-NP,25,0,284,0,1,285,T
5-NP,26,1,0,0,310,311,C
5-NP,27,0,310,0,0,310,T
5-NP,28,0,314,0,0,314,T
5-NP,29,315,0,1,0,316,A
5-NP,30,0,316,0,0,316,T
5-NP,31,0,1,318,0,319,G
5-NP,32,319,0,0,0,319,A
5-NP,33,315,0,0,0,315,A
5-NP,34,0,0,0,316,316,C
5-NP,35,309,0,0,0,309,A
5-NP,36,0,1,339,0,340,G
5-NP,37,342,0,0,0,342,A
5-NP,38,0,341,0,1,342,T
5-NP,39,0,0,343,0,343,G
5-NP,40,0,1,341,0,342,G
5-NP,41,338,0,1,0,339,A
5-NP,42,343,0,0,0,343,A
5-NP,43,346,0,0,0,346,A
5-NP,44,0,0,0,360,360,C
5-NP,45,0,353,0,0,353,T
5-NP,46,1,0,357,0,358,G
5-NP,47,356,0,0,0,356,A
5-NP,48,0,356,0,0,356,T
5-NP,49,0,2,355,0,357,G
5-NP,50,0,1,355,0,356,G
5-NP,51,0,1,358,0,359,G
5-NP,52,0,0,361,0,361,G
5-NP,53,356,0,0,0,356,A
5-NP,54,0,359,0,0,359,T
5-NP,55,0,0,0,364,364,C
5-NP,56,0,0,364,0,364,G
5-NP,57,0,0,0,371,371,C
5-NP,58,0,0,0,372,372,C
5-NP,59,372,0,0,0,372,A
5-NP,60,0,0,377,0,377,G
5-NP,61,378,0,0,0,378,A
5-NP,62,384,0,0,0,384,A
5-NP,63,1,383,0,0,384,T
5-NP,64,0,0,383,0,383,G
5-NP,65,0,0,0,387,387,C
5-NP,66,384,0,0,0,384,A
5-NP,67,393,0,0,0,393,A
5-NP,68,0,0,0,393,393,C
5-NP,69,1,391,0,1,393,T
5-NP,70,0,0,402,0,402,G
5-NP,71,410,0,0,0,410,A
5-NP,72,0,0,428,0,428,G
5-NP,73,426,0,0,0,426,A
5-NP,74,0,423,0,0,423,T
5-NP,75,0,422,0,0,422,T
5-NP,76,418,0,0,0,418,A
5-NP,77,0,0,422,0,422,G
5-NP,78,0,1,423,0,424,G
5-NP,79,0,0,424,0,424,G
5-NP,80,0,0,0,420,420,C
5-NP,81,409,0,1,0,410,A
5-NP,82,0,416,0,1,417,T
5-NP,83,0,0,0,412,412,C
5-NP,84,0,0,0,417,417,C
5-NP,85,0,0,425,0,425,G
5-NP,86,0,428,0,0,428,T
5-NP,87,0,0,0,426,426,C
5-NP,88,0,0,428,0,428,G
5-NP,89,0,1,425,0,426,G
5-NP,90,0,0,434,0,434,G
5-NP,91,430,0,0,0,430,A
5-NP,92,432,0,1,0,433,A
5-NP,93,0,0,434,0,434,G
5-NP,94,431,0,1,0,432,A
5-NP,95,0,440,0,0,440,T
5-NP,96,0,2,441,0,443,G
5-NP,97,448,0,0,0,448,A
5-NP,98,0,447,0,0,447,T
5-NP,99,0,438,0,0,438,T
5-NP,100,0,0,439,0,439,G
5-NP,101,436,0,1,0,437,A
5-NP,102,0,437,0,0,437,T
5-NP,103,0,1,435,0,436,G
5-NP,104,0,0,433,0,433,G
5-NP,105,0,1,432,0,433,G
5-NP,106,464,0,0,0,464,A
5-NP,107,0,464,0,0,464,T
5-NP,108,0,466,0,0,466,T
5-NP,109,0,1,468,0,469,G
5-NP,110,0,2,468,0,470,G
5-NP,111,0,1,472,0,473,G
5-NP,112,471,0,1,0,472,A
5-NP,113,0,2,468,0,470,G
5-NP,114,467,0,0,0,467,A
5-NP,115,0,477,0,0,477,T
5-NP,116,0,476,0,1,477,T
5-NP,117,1,0,0,475,476,C
5-NP,118,0,475,0,1,476,T
5-NP,119,483,0,0,0,483,A
5-NP,120,0,0,0,481,481,C
5-NP,121,496,0,0,0,496,A
5-NP,122,0,498,0,1,499,T
5-NP,123,0,0,0,502,502,C
5-NP,124,0,0,0,497,497,C
5-NP,125,499,0,0,0,499,A
5-NP,126,507,0,0,0,507,A
5-NP,127,509,0,0,0,509,A
5-NP,128,0,505,0,1,506,T
5-NP,129,0,0,506,0,506,G
5-NP,130,0,502,0,0,502,T
5-NP,131,0,0,504,0,504,G
5-NP,132,1,0,0,505,506,C
5-NP,133,501,1,1,0,503,A
5-NP,134,0,0,0,502,502,C
5-NP,135,0,496,0,1,497,T
5-NP,136,0,2,517,0,519,G
5-NP,137,528,0,0,0,528,A
5-NP,138,533,0,2,0,535,A
5-NP,139,0,0,0,544,544,C
5-NP,140,0,539,0,0,539,T
5-NP,141,0,539,0,1,540,T
5-NP,142,539,0,0,0,539,A
5-NP,143,535,0,0,0,535,A
5-NP,144,539,0,2,0,541,A
5-NP,145,0,0,0,546,546,C
5-NP,146,0,531,0,0,531,T
5-NP,147,1,0,0,531,532,C
5-NP,148,527,0,0,0,527,A
5-NP,149,0,0,537,0,537,G
5-NP,150,0,536,0,0,536,T
5-NP,151,1,1,538,0,540,G
5-NP,152,548,1,1,1,551,A
5-NP,153,0,550,0,0,550,T
5-NP,154,1,0,0,567,568,C
5-NP,155,570,0,0,0,570,A
5-NP,156,0,568,1,0,569,T
5-NP,157,0,1,567,1,569,G
5-NP,158,567,0,1,0,568,A
5-NP,159,566,0,0,0,566,A
5-NP,160,0,1,566,0,567,G
5-NP,161,0,2,559,0,561,G
5-NP,162,0,1,561,0,562,G
5-NP,163,0,1,0,557,558,C
5-NP,164,0,1,555,0,556,G
5-NP,165,1,0,558,0,559,G
5-NP,166,0,559,0,0,559,T
5-NP,167,0,562,0,0,562,T
5-NP,168,0,1,563,0,564,G
5-NP,169,640,1,1,0,642,A
5-NP,170,0,644,0,0,644,T
5-NP,171,1,0,0,644,645,C
5-NP,172,1,0,0,644,645,C
5-NP,173,647,0,0,0,647,A
5-NP,174,0,0,648,0,648,G
5-NP,175,644,0,0,0,644,A
5-NP,176,648,0,0,0,648,A
5-NP,177,1,0,0,651,652,C
5-NP,178,608,0,2,0,610,A
5-NP,179,0,0,621,0,621,G
5-NP,180,0,0,0,619,619,C
5-NP,181,0,615,0,1,616,T
5-NP,182,1,618,0,0,619,T
5-NP,183,0,0,619,0,619,G
5-NP,184,621,0,0,0,621,A
5-NP,185,0,1,0,625,626,C
5-NP,186,616,2,1,0,619,A
5-NP,187,624,0,1,0,625,A
5-NP,188,0,620,1,0,621,T
5-NP,189,618,0,3,0,621,A
5-NP,190,0,0,625,0,625,G
5-NP,191,621,0,1,0,622,A
5-NP,192,0,0,623,0,623,G
5-NP,193,620,0,0,0,620,A
5-NP,194,623,0,0,0,623,A
5-NP,195,625,0,0,0,625,A
5-NP,196,623,1,0,0,624,A
5-NP,197,1,627,0,0,628,T
5-NP,198,0,0,626,0,626,G
5-NP,199,0,0,626,0,626,G
5-NP,200,2,624,0,0,626,T
5-NP,201,617,0,3,0,620,A
5-NP,202,0,0,0,621,621,C
5-NP,203,1,622,0,2,625,T
5-NP,204,0,0,0,626,626,C
5-NP,205,0,621,0,1,622,T
5-NP,206,1,0,0,625,626,C
5-NP,207,1,7,614,0,622,G
5-NP,208,1,0,625,0,626,G
5-NP,209,0,0,0,626,626,C
5-NP,210,0,624,0,3,627,T
5-NP,211,0,622,1,0,623,T
5-NP,212,0,628,0,0,628,T
5-NP,213,0,625,0,2,627,T
5-NP,214,0,0,632,0,632,G
5-NP,215,630,0,3,0,633,A
5-NP,216,0,631,0,0,631,T
5-NP,217,0,0,633,0,633,G
5-NP,218,632,0,0,0,632,A
5-NP,219,633,0,0,0,633,A
5-NP,220,636,0,0,0,636,A
5-NP,221,0,0,639,0,639,G
5-NP,222,639,0,1,0,640,A
5-NP,223,640,0,0,0,640,A
5-NP,224,0,0,644,0,644,G
5-NP,225,1,0,658,0,659,G
5-NP,226,658,0,0,0,658,A
5-NP,227,665,0,1,0,666,A
5-NP,228,0,665,0,1,666,T
5-NP,229,665,0,0,0,665,A
5-NP,230,662,0,0,0,662,A
5-NP,231,672,0,0,1,673,A
5-NP,232,0,670,0,0,670,T
5-NP,233,663,0,0,0,663,A
5-NP,234,0,0,0,661,661,C
5-NP,235,1,0,0,647,648,C
5-NP,236,0,640,0,1,641,T
5-NP,237,0,1,644,0,645,G
5-NP,238,0,0,651,0,651,G
5-NP,239,651,0,1,0,652,A
5-NP,240,647,0,3,0,650,A
5-NP,241,0,0,662,0,662,G
5-NP,242,659,0,0,0,659,A
5-NP,243,659,0,0,0,659,A
5-NP,244,0,0,0,659,659,C
5-NP,245,654,0,1,0,655,A
5-NP,246,1,0,0,672,673,C
5-NP,247,2,1,0,669,672,C
5-NP,248,1,0,0,665,666,C
5-NP,249,1,0,0,670,671,C
5-NP,250,659,0,1,0,660,A
5-NP,251,0,0,665,0,665,G
5-NP,252,0,0,0,662,662,C
5-NP,253,0,0,660,0,660,G
5-NP,254,1,2,0,660,663,C
5-NP,255,2,0,652,0,654,G
5-NP,256,0,2,657,0,659,G
5-NP,257,1,0,656,0,657,G
5-NP,258,0,0,660,0,660,G
5-NP,259,658,0,0,0,658,A
5-NP,260,659,1,0,0,660,A
5-NP,261,655,0,1,0,656,A
5-NP,262,0,0,657,0,657,G
5-NP,263,651,0,2,0,653,A
5-NP,264,0,644,0,0,644,T
5-NP,265,3,0,0,647,650,C
5-NP,266,1,0,1,640,642,C
5-NP,267,0,0,0,650,650,C
5-NP,268,652,0,0,0,652,A
5-NP,269,651,0,1,0,652,A
5-NP,270,1,2,651,0,654,G
5-NP,271,652,0,0,0,652,A
5-NP,272,652,0,0,0,652,A
5-NP,273,650,0,0,1,651,A
5-NP,274,655,0,0,0,655,A
5-NP,275,1,0,0,655,656,C
5-NP,276,0,652,0,0,652,T
5-NP,277,0,0,652,0,652,G
5-NP,278,1,0,651,0,652,G
5-NP,279,0,1,650,0,651,G
5-NP,280,0,2,644,0,646,G
5-NP,281,0,1,654,0,655,G
5-NP,282,0,0,660,0,660,G
5-NP,283,0,0,0,717,717,C
5-NP,284,1,0,0,711,712,C
5-NP,285,2,1,0,717,720,C
5-NP,286,817,0,3,0,820,A
5-NP,287,0,819,0,0,819,T
5-NP,288,851,0,1,0,852,A
5-NP,289,0,854,0,0,854,T
5-NP,290,847,0,0,0,847,A
5-NP,291,0,0,0,850,850,C
5-NP,292,779,0,0,0,779,A
5-NP,293,0,0,793,0,793,G
5-NP,294,0,0,792,0,792,G
5-NP,295,720,0,0,0,720,A
5-NP,296,0,1,725,0,726,G
5-NP,297,697,0,0,0,697,A
5-NP,298,0,0,707,0,707,G
5-NP,299,0,706,0,2,708,T
5-NP,300,705,0,0,0,705,A
5-NP,301,0,1,706,0,707,G
5-NP,302,698,0,1,0,699,A
5-NP,303,1,696,0,0,697,T
5-NP,304,0,0,696,0,696,G
5-NP,305,0,1,691,0,692,G
5-NP,306,695,0,0,0,695,A
5-NP,307,688,0,1,0,689,A
5-NP,308,689,0,0,0,689,A
5-NP,309,690,0,1,0,691,A
5-NP,310,0,690,0,0,690,T
5-NP,311,0,0,691,0,691,G
5-NP,312,0,0,692,0,692,G
5-NP,313,693,0,0,0,693,A
5-NP,314,1,684,0,1,686,T
5-NP,315,0,1,687,0,688,G
5-NP,316,684,0,2,0,686,A
5-NP,317,0,2,686,0,688,G
5-NP,318,0,0,685,0,685,G
5-NP,319,1,0,690,0,691,G
5-NP,320,727,0,0,0,727,A
5-NP,321,732,0,1,0,733,A
5-NP,322,0,0,1,762,763,C
5-NP,323,0,766,0,0,766,T
5-NP,324,2,2,0,784,788,C
5-NP,325,0,0,800,0,800,G
5-NP,326,0,809,0,1,810,T
5-NP,327,0,0,0,820,820,C
5-NP,328,0,0,0,1019,1019,C
5-NP,329,0,1003,0,1,1004,T
5-NP,330,0,1026,0,1,1027,T
5-NP,331,0,1025,0,0,1025,T
5-NP,332,1032,0,0,0,1032,A
5-NP,333,1,1035,0,2,1038,T
5-NP,334,0,2,1037,0,1039,G
5-NP,335,1052,0,3,0,1055,A
5-NP,336,0,0,0,1057,1057,C
5-NP,337,1035,1,3,0,1039,A
5-NP,338,1048,0,0,1,1049,A
5-NP,339,1055,1,1,0,1057,A
5-NP,340,0,1,1160,0,1161,G
5-NP,341,1161,0,1,0,1162,A
5-NP,342,1158,0,2,2,1162,A
5-NP,343,0,1,1272,0,1273,G
5-NP,344,1287,1,2,0,1290,A
5-NP,345,1300,0,1,0,1301,A
5-NP,346,1302,1,1,0,1304,A
5-NP,347,0,1302,0,0,1302,T
5-NP,348,1303,0,0,0,1303,A
5-NP,349,1303,1,1,0,1305,A
5-NP,350,1,1,1332,0,1334,G
5-NP,351,0,0,1334,0,1334,G
5-NP,352,0,0,0,1328,1328,C
5-NP,353,2,1,1326,0,1329,G
5-NP,354,1349,1,0,0,1350,A
5-NP,355,1389,0,0,0,1389,A
5-NP,356,0,1396,0,0,1396,T
5-NP,357,1,0,0,1396,1397,C
5-NP,358,0,1394,0,1,1395,T
5-NP,359,0,0,1389,0,1389,G
5-NP,360,2,0,1393,0,1395,G
5-NP,361,0,1,0,1401,1402,C
5-NP,362,1,2,1395,0,1398,G
5-NP,363,1,0,0,1400,1401,C
5-NP,364,3,0,0,1393,1396,C
5-NP,365,1404,0,2,0,1406,A
5-NP,366,1444,0,0,0,1444,A
5-NP,367,0,0,1516,0,1516,G
5-NP,368,0,0,0,1528,1528,C
5-NP,369,1,3,0,1547,1551,C
5-NP,370,1559,0,2,0,1561,A
5-NP,371,1607,0,3,0,1610,A
5-NP,372,0,0,0,1645,1645,C
5-NP,373,1643,1,0,0,1644,A
5-NP,374,1707,0,0,0,1707,A
5-NP,375,1,1706,0,3,1710,T
5-NP,376,0,3,1784,1,1788,G
5-NP,377,0,0,1790,0,1790,G
5-NP,378,0,1785,0,2,1787,T
5-NP,379,0,2,1788,0,1790,G
5-NP,380,1779,0,3,1,1783,A
5-NP,381,1,2,1858,0,1861,G
5-NP,382,1,1,1863,0,1865,G
5-NP,383,1902,1,2,0,1905,A
5-NP,384,0,2183,0,3,2186,T
5-NP,385,0,0,2226,1,2227,G
5-NP,386,1,0,0,2232,2233,C
5-NP,387,0,2236,0,6,2242,T
5-NP,388,2268,1,2,0,2271,A
5-NP,389,0,0,0,2340,2340,C
5-NP,390,2345,0,0,1,2346,A
5-NP,391,0,2347,0,3,2350,T
5-NP,392,2,0,0,2336,2338,C
5-NP,393,1,2277,0,1,2279,T
5-NP,394,0,3,2395,0,2398,G
5-NP,395,2,0,2492,0,2494,G
5-NP,396,0,2496,0,3,2499,T
5-NP,397,4,0,0,2507,2511,C
5-NP,398,0,2497,0,2,2499,T
5-NP,399,2567,0,1,0,2568,A
5-NP,400,2569,1,1,1,2572,A
5-NP,401,0,0,0,2586,2586,C
5-NP,402,0,2572,1,9,2582,T
5-NP,403,1,2,0,2626,2629,C
5-NP,404,2618,0,4,0,2622,A
5-NP,405,2,0,0,2777,2779,C
5-NP,406,2777,0,2,1,2780,A
5-NP,407,0,2792,0,1,2793,T
5-NP,408,2774,0,1,0,2775,A
5-NP,409,2793,0,3,0,2796,A
5-NP,410,0,2825,0,1,2826,T
5-NP,411,0,2,2858,0,2860,G
5-NP,412,2844,1,0,0,2845,A
5-NP,413,1,2825,0,5,2831,T
5-NP,414,1,2807,0,1,2809,T
5-NP,415,0,2808,0,5,2813,T
5-NP,416,2,3,2800,1,2806,G
5-NP,417,3,0,2810,0,2813,G
5-NP,418,0,0,0,2816,2816,C
5-NP,419,2819,0,1,0,2820,A
5-NP,420,0,2823,0,2,2825,T
5-NP,421,0,2817,0,5,2822,T
5-NP,422,0,1,0,2827,2828,C
5-NP,423,1,0,0,2830,2831,C
5-NP,424,2890,0,3,0,2893,A
5-NP,425,2902,1,0,0,2903,A
5-NP,426,0,2885,0,17,2902,T
5-NP,427,1,2904,0,2,2907,T
5-NP,428,1,2897,0,4,2902,T
5-NP,429,1,5,2917,0,2923,G
5-NP,430,2918,0,0,0,2918,A
5-NP,431,2917,0,5,0,2922,A
5-NP,432,0,2943,0,3,2946,T
5-NP,433,0,4,2919,1,2924,G
5-NP,434,3079,1,7,0,3087,A
5-NP,435,1,3090,0,2,3093,T
5-NP,436,4,0,3106,0,3110,G
5-NP,437,3,2,0,3195,3200,C
5-NP,438,3196,0,7,0,3203,A
5-NP,439,3380,1,3,0,3384,A
5-NP,440,2,0,0,3396,3398,C
5-NP,441,3446,1,2,0,3449,A
5-NP,442,1,3560,0,1,3562,T
5-NP,443,3498,0,3,0,3501,A
5-NP,444,0,2,0,3582,3584,C
5-NP,445,1,0,0,3593,3594,C
5-NP,446,3529,1,2,2,3534,A
5-NP,447,0,2,3577,0,3579,G
5-NP,448,3501,0,6,0,3507,A
5-NP,449,1,4,3611,0,3616,G
5-NP,450,1,3,3630,0,3634,G
5-NP,451,3600,0,6,0,3606,A
5-NP,452,1,0,0,3623,3624,C
5-NP,453,3581,0,5,2,3588,A
5-NP,454,3585,0,6,0,3591,A
5-NP,455,0,7,3614,0,3621,G
5-NP,456,3589,0,2,0,3591,A
5-NP,457,1,0,3610,0,3611,G
5-NP,458,1,1,0,3625,3627,C
5-NP,459,1,3597,0,9,3607,T
5-NP,460,4,0,0,3621,3625,C
5-NP,461,1,3612,0,6,3619,T
5-NP,462,0,3632,0,1,3633,T
5-NP,463,0,0,3642,0,3642,G
5-NP,464,1,3623,1,2,3627,T
5-NP,465,0,3629,0,2,3631,T
5-NP,466,9,3,0,3604,3616,C
5-NP,467,1,7,3622,1,3631,G
5-NP,468,3708,0,1,5,3714,A
5-NP,469,3713,1,2,0,3716,A
5-NP,470,1,1,0,3748,3750,C
5-NP,471,0,3744,1,2,3747,T
5-NP,472,1,1,3802,0,3804,G
5-NP,473,0,3,3827,0,3830,G
5-NP,474,3824,2,2,1,3829,A
5-NP,475,3827,0,5,2,3834,A
5-NP,476,0,3830,0,2,3832,T
5-NP,477,0,4,3837,1,3842,G
5-NP,478,0,6,3859,1,3866,G
5-NP,479,3895,1,9,0,3905,A
5-NP,480,0,3944,0,7,3951,T
5-NP,481,3,2,0,3965,3970,C
5-NP,482,3,2,0,3970,3975,C
5-NP,483,4,1,0,3985,3990,C
5-NP,484,4023,1,3,0,4027,A
5-NP,485,1,7,4058,0,4066,G
5-NP,486,4068,2,1,0,4071,A
5-NP,487,4072,2,3,0,4077,A
5-NP,488,0,4054,0,1,4055,T
5-NP,489,1,2,4086,1,4090,G
5-NP,490,0,4064,1,4,4069,T
5-NP,491,5,1,4084,0,4090,G
5-NP,492,1,1,0,4100,4102,C
5-NP,493,0,4077,0,5,4082,T
5-NP,494,4,2,0,4334,4340,C
5-NP,495,0,4313,0,3,4316,T
5-NP,496,5,0,0,4519,4524,C
5-NP,497,1,4520,0,3,4524,T
5-NP,498,1,4,4526,0,4531,G
5-NP,499,4564,0,5,0,4569,A
5-NP,500,0,4560,0,1,4561,T
5-NP,501,0,0,4551,1,4552,G
5-NP,502,0,1,0,4544,4545,C
5-NP,503,4411,1,6,0,4418,A
5-NP,504,2,5,4522,0,4529,G
5-NP,505,0,3,4448,0,4451,G
5-NP,506,4,1,4504,0,4509,G
5-NP,507,0,1,0,4502,4503,C
5-NP,508,1,4481,0,7,4489,T
5-NP,509,4,2,0,4502,4508,C
5-NP,510,2,14,4504,0,4520,G
5-NP,511,4569,1,10,0,4580,A
5-NP,512,2,1,0,4573,4576,C
5-NP,513,0,4487,0,17,4504,T
5-NP,514,5,0,1,4725,4731,C
5-NP,515,2,4707,0,6,4715,T
5-NP,516,8,3,0,5417,5428,C
5-NP,517,0,1,0,5427,5428,C
5-NP,518,10,2,0,5433,5445,C
5-NP,519,0,5437,1,7,5445,T
5-NP,520,5412,0,1,0,5413,A
5-NP,521,1,5,5397,0,5403,G
5-NP,522,5387,2,21,0,5410,A
5-NP,523,5244,0,5,0,5249,A
5-NP,524,0,3,5245,0,5248,G
5-NP,525,1,2,5167,0,5170,G
5-NP,526,0,5103,0,3,5106,T
5-NP,527,5,0,0,5091,5096,C
5-NP,528,6,2,0,5103,5111,C
5-NP,529,5,1,5095,0,5101,G
5-NP,530,1,8,5134,0,5143,G
5-NP,531,5116,0,10,0,5126,A
5-NP,532,0,3,5184,0,5187,G
5-NP,533,1,2,1,5210,5214,C
5-NP,534,0,5172,0,6,5178,T
5-NP,535,5,1,5176,0,5182,G
5-NP,536,1,2,0,5198,5201,C
5-NP,537,5179,5,11,0,5195,A
5-NP,538,2,3,5216,0,5221,G
5-NP,539,0,0,5236,1,5237,G
5-NP,540,0,5236,0,1,5237,T
5-NP,541,4,1,5199,0,5204,G
5-NP,542,1,1,1,5214,5217,C
5-NP,543,0,5198,0,6,5204,T
5-NP,544,0,0,5211,0,5211,G
5-NP,545,1,0,0,5207,5208,C
5-NP,546,5276,0,4,0,5280,A
5-NP,547,1,2,5374,0,5377,G
5-NP,548,0,5327,0,10,5337,T
5-NP,549,40,2,0,5310,5352,C
5-NP,550,5350,1,1,1,5353,A
5-NP,551,5348,0,6,0,5354,A
5-NP,552,5323,0,16,1,5340,A
5-NP,553,0,3,5363,1,5367,G
5-NP,554,8,9,5375,0,5392,G
5-NP,555,5376,2,3,0,5381,A
5-NP,556,5331,1,7,0,5339,A
5-NP,557,0,5335,0,0,5335,T
5-NP,558,4,3,0,5327,5334,C
5-NP,559,4,3,5336,0,5343,G
5-NP,560,2,5,5486,0,5493,G
5-NP,561,1,7,5485,2,5495,G
5-NP,562,5466,1,5,0,5472,A
5-NP,563,1,1,0,5480,5482,C
5-NP,564,5428,3,2,1,5434,A
5-NP,565,5535,0,5,0,5540,A
5-NP,566,0,5546,0,3,5549,T
5-NP,567,2,8,5563,1,5574,G
5-NP,568,2,1,5617,1,5621,G
5-NP,569,0,5519,1,5,5525,T
5-NP,570,0,2,5548,0,5550,G
5-NP,571,5551,0,6,0,5557,A
5-NP,572,1,5531,0,4,5536,T
5-NP,573,4,6,5533,0,5543,G
5-NP,574,2,9,5643,1,5655,G
5-NP,575,5634,0,14,1,5649,A
5-NP,576,5653,0,3,0,5656,A
5-NP,577,1,0,0,5634,5635,C
5-NP,578,1,5576,0,1,5578,T
5-NP,579,5551,0,6,1,5558,A
5-NP,580,5795,2,4,0,5801,A
5-NP,581,1,5804,0,1,5806,T
5-NP,582,3,1,0,5812,5816,C
5-NP,583,5671,1,4,2,5678,A
5-NP,584,0,8,5743,0,5751,G
5-NP,585,5732,1,3,0,5736,A
5-NP,586,5734,1,4,0,5739,A
5-NP,587,0,5738,0,5,5743,T
5-NP,588,2,7,5722,1,5732,G
5-NP,589,2,4,5791,1,5798,G
5-NP,590,2,5789,2,6,5799,T
5-NP,591,10,2,1,5797,5810,C
5-NP,592,5806,2,2,0,5810,A
5-NP,593,5811,0,6,1,5818,A
5-NP,594,5822,0,3,0,5825,A
5-NP,595,1,4,0,5821,5826,C
5-NP,596,2,10,5800,1,5813,G
5-NP,597,4,8,5850,0,5862,G
5-NP,598,0,14,5779,0,5793,G
5-NP,599,2,2,5837,0,5841,G
5-NP,600,32,6,5794,1,5833,G
5-NP,601,5829,1,9,0,5839,A
5-NP,602,1,5783,1,8,5793,T
5-NP,603,8,1,0,5795,5804,C
5-NP,604,5807,3,7,1,5818,A
5-NP,605,5820,0,3,0,5823,A
5-NP,606,0,1,0,5785,5786,C
5-NP,607,0,8,5755,0,5763,G
5-NP,608,5748,0,7,0,5755,A
5-NP,609,1,5745,0,1,5747,T
5-NP,610,4,2,0,5732,5738,C
5-NP,611,2,4,5744,0,5750,G
5-NP,612,5732,0,2,2,5736,A
5-NP,613,5734,0,2,0,5736,A
5-NP,614,5724,0,2,1,5727,A
5-NP,615,1,5777,2,3,5783,T
5-NP,616,1,5767,0,2,5770,T
5-NP,617,0,5760,2,2,5764,T
5-NP,618,0,5776,0,1,5777,T
5-NP,619,0,5790,1,2,5793,T
5-NP,620,2,9,5788,1,5800,G
5-NP,621,0,5,5791,0,5796,G
5-NP,622,5744,3,15,1,5763,A
5-NP,623,1,6,5801,0,5808,G
5-NP,624,5723,1,12,1,5737,A
5-NP,625,2,9,5956,0,5967,G
5-NP,626,1,2,5985,0,5988,G
5-NP,627,1,5955,1,24,5981,T
5-NP,628,0,7,5990,0,5997,G
5-NP,629,5993,1,11,0,6005,A
5-NP,630,2,4,6035,0,6041,G
5-NP,631,6006,0,31,2,6039,A
5-NP,632,6024,1,7,0,6032,A
5-NP,633,1,6004,3,1,6009,T
5-NP,634,2,9,5835,1,5847,G
5-NP,635,2,1,5810,0,5813,G
5-NP,636,5740,0,7,0,5747,A
5-NP,637,0,2,1,5761,5764,C
5-NP,638,1,6,5756,0,5763,G
5-NP,639,0,7,5861,0,5868,G
5-NP,640,5851,2,6,0,5859,A
5-NP,641,5866,0,5,0,5871,A
5-NP,642,5928,2,11,2,5943,A
5-NP,643,5947,0,7,3,5957,A
5-NP,644,0,1,0,5978,5979,C
5-NP,645,5975,0,2,0,5977,A
5-NP,646,5960,0,6,0,5966,A
5-NP,647,0,7,5960,0,5967,G
5-NP,648,5808,2,2,1,5813,A
5-NP,649,5830,2,5,1,5838,A
5-NP,650,0,1,5954,0,5955,G
5-NP,651,2,5927,0,3,5932,T
5-NP,652,2,3,6201,0,6206,G
5-NP,653,2,2,0,6163,6167,C
5-NP,654,3,6149,1,12,6165,T
5-NP,655,0,6197,0,7,6204,T
5-NP,656,6272,0,4,0,6276,A
5-NP,657,3,6275,0,3,6281,T
5-NP,658,1,9,6298,0,6308,G
5-NP,659,6159,5,9,2,6175,A
5-NP,660,1,9,6188,0,6198,G
5-NP,661,5930,1,7,0,5938,A
5-NP,662,0,4,5950,0,5954,G
5-NP,663,5933,0,8,1,5942,A
5-NP,664,5993,1,6,0,6000,A
5-NP,665,1,5955,1,3,5960,T
5-NP,666,0,0,6041,1,6042,G
5-NP,667,1,6005,1,9,6016,T
5-NP,668,2,2,6033,0,6037,G
5-NP,669,5,1,1,6010,6017,C
5-NP,670,6004,0,4,0,6008,A
5-NP,671,6014,2,12,0,6028,A
5-NP,672,4,2,0,5996,6002,C
5-NP,673,5943,0,5,0,5948,A
5-NP,674,1,5956,1,2,5960,T
5-NP,675,1,5882,3,15,5901,T
5-NP,676,6,4,1,5909,5920,C
5-NP,677,2,5897,0,5,5904,T
5-NP,678,1,5905,0,1,5907,T
5-NP,679,5916,0,1,0,5917,A
5-NP,680,5889,0,4,1,5894,A
5-NP,681,5884,0,8,0,5892,A
5-NP,682,0,4,5900,0,5904,G
5-NP,683,1,1,5886,0,5888,G
5-NP,684,5864,0,4,0,5868,A
5-NP,685,5855,1,4,0,5860,A
5-NP,686,5845,2,7,1,5855,A
5-NP,687,5930,1,1,1,5933,A
5-NP,688,1,5912,1,4,5918,T
5-NP,689,1,5917,0,1,5919,T
5-NP,690,0,5937,1,4,5942,T
5-NP,691,8,0,1,5945,5954,C
5-NP,692,5941,0,4,1,5946,A
5-NP,693,5940,3,7,1,5951,A
5-NP,694,5939,0,11,0,5950,A
5-NP,695,0,3,0,6006,6009,C
5-NP,696,5938,0,3,0,5941,A
5-NP,697,1,0,6062,0,6063,G
5-NP,698,0,0,0,6058,6058,C
5-NP,699,0,6048,1,4,6053,T
5-NP,700,5,1,6149,1,6156,G
5-NP,701,3,4,0,6130,6137,C
5-NP,702,6173,3,8,0,6184,A
5-NP,703,3,1,0,6189,6193,C
5-NP,704,6134,0,4,1,6139,A
5-NP,705,6156,2,6,0,6164,A
5-NP,706,6014,1,6,0,6021,A
5-NP,707,0,10,6227,0,6237,G
5-NP,708,6235,1,14,0,6250,A
5-NP,709,4,2,6261,0,6267,G
5-NP,710,2,4,4,6245,6255,C
5-NP,711,6245,1,1,1,6248,A
5-NP,712,6424,0,9,1,6434,A
5-NP,713,1,6428,0,4,6433,T
5-NP,714,2,3,6469,0,6474,G
5-NP,715,1,4,6508,0,6513,G
5-NP,716,0,6334,0,13,6347,T
5-NP,717,6,1,6339,0,6346,G
5-NP,718,2,58,6308,0,6368,G
5-NP,719,6357,3,10,0,6370,A
5-NP,720,2,6342,0,8,6352,T
5-NP,721,6,1,2,6201,6210,C
5-NP,722,6205,0,12,0,6217,A
5-NP,723,6282,1,6,0,6289,A
5-NP,724,0,5,6303,0,6308,G
5-NP,725,3,6247,0,6,6256,T
5-NP,726,1,9,6243,0,6253,G
5-NP,727,6159,2,28,0,6189,A
5-NP,728,0,11,6199,1,6211,G
5-NP,729,6181,1,14,0,6196,A
5-NP,730,9,3,6189,1,6202,G
5-NP,731,6173,0,6,0,6179,A
5-NP,732,6082,0,2,0,6084,A
5-NP,733,6062,1,26,1,6090,A
5-NP,734,1,0,6115,0,6116,G
5-NP,735,4,6087,1,2,6094,T
5-NP,736,10,3,1,6076,6090,C
5-NP,737,2,4,6068,0,6074,G
5-NP,738,2,2,6093,0,6097,G
5-NP,739,6084,1,6,0,6091,A
5-NP,740,6109,2,2,9,6122,A
5-NP,741,2,2,0,6120,6124,C
5-NP,742,7,4,0,6070,6081,C
5-NP,743,14,2,0,6091,6107,C
5-NP,744,6079,0,9,1,6089,A
5-NP,745,1,4,6104,0,6109,G
5-NP,746,1,5,6099,1,6106,G
5-NP,747,6097,0,2,0,6099,A
5-NP,748,6085,1,5,0,6091,A
5-NP,749,6070,0,7,0,6077,A
5-NP,750,1,2,1,6090,6094,C
5-NP,751,1,2,6085,0,6088,G
5-NP,752,3,0,1,6073,6077,C
5-NP,753,0,6060,1,4,6065,T
5-NP,754,0,11,6062,2,6075,G
5-NP,755,6043,2,7,0,6052,A
5-NP,756,2,5,6140,0,6147,G
5-NP,757,6190,1,9,0,6200,A
5-NP,758,3,6208,1,2,6214,T
5-NP,759,10,0,0,6138,6148,C
5-NP,760,3,7,6143,0,6153,G
5-NP,761,6145,1,5,2,6153,A
5-NP,762,6137,2,6,0,6145,A
5-NP,763,0,7,6122,0,6129,G
5-NP,764,6088,3,25,0,6116,A
5-NP,765,2,1,0,5934,5937,C
5-NP,766,10,1,1,6088,6100,C
5-NP,767,5,6090,0,11,6106,T
5-NP,768,4,0,0,6145,6149,C
5-NP,769,6152,1,5,0,6158,A
5-NP,770,0,6156,2,2,6160,T
5-NP,771,6156,12,1,0,6169,A
5-NP,772,2,6153,1,2,6158,T
5-NP,773,3,6110,1,2,6116,T
5-NP,774,1,6050,0,0,6051,T
5-NP,775,1,5997,1,2,6001,T
5-NP,776,0,6006,0,3,6009,T
5-NP,777,6016,0,4,0,6020,A
5-NP,778,4,1,6012,0,6017,G
5-NP,779,2,5,0,6000,6007,C
5-NP,780,5982,1,3,1,5987,A
5-NP,781,5967,1,7,0,5975,A
5-NP,782,0,5,6160,0,6165,G
5-NP,783,6162,1,4,0,6167,A
5-NP,784,1,6146,0,18,6165,T
5-NP,785,2,0,0,6202,6204,C
5-NP,786,2,6169,1,5,6177,T
5-NP,787,1,0,6324,0,6325,G
5-NP,788,1,2,1,6322,6326,C
5-NP,789,6285,1,7,38,6331,A
5-NP,790,0,6366,0,3,6369,T
5-NP,791,3,6170,0,7,6180,T
5-NP,792,0,6,6522,0,6528,G
5-NP,793,6619,0,4,1,6624,A
5-NP,794,0,6608,2,2,6612,T
5-NP,795,6622,1,0,0,6623,A
5-NP,796,0,6497,0,2,6499,T
5-NP,797,0,6435,2,4,6441,T
5-NP,798,0,8,6481,0,6489,G
5-NP,799,6395,1,9,1,6406,A
5-NP,800,0,6,6456,0,6462,G
5-NP,801,6152,1,10,0,6163,A
5-NP,802,2,7,6046,1,6056,G
5-NP,803,4,6,6132,4,6146,G
5-NP,804,6129,0,4,1,6134,A
5-NP,805,2,6108,0,9,6119,T
5-NP,806,7,2,0,6130,6139,C
5-NP,807,6095,3,6,0,6104,A
5-NP,808,0,2,6124,0,6126,G
5-NP,809,1,6087,1,7,6096,T
5-NP,810,1,6047,1,3,6052,T
5-NP,811,3,3,6054,1,6061,G
5-NP,812,1,1,0,5971,5973,C
5-NP,813,0,5958,0,11,5969,T
5-NP,814,13,2,0,5990,6005,C
5-NP,815,6006,5,6,0,6017,A
5-NP,816,2,4,1,6013,6020,C
5-NP,817,5998,0,1,0,5999,A
5-NP,818,6027,0,4,0,6031,A
5-NP,819,6033,2,2,0,6037,A
5-NP,820,0,6013,0,1,6014,T
5-NP,821,6,0,0,6020,6026,C
5-NP,822,2,6021,1,5,6029,T
5-NP,823,0,6015,0,1,6016,T
5-NP,824,3,0,6021,0,6024,G
5-NP,825,2,3,2,6028,6035,C
5-NP,826,9,2,1,6113,6125,C
5-NP,827,0,6097,0,6,6103,T
5-NP,828,6140,0,5,0,6145,A
5-NP,829,3,5,0,6131,6139,C
5-NP,830,7,2,0,6126,6135,C
5-NP,831,1,6108,0,5,6114,T
5-NP,832,2,2,6195,0,6199,G
5-NP,833,2,2,1,6189,6194,C
5-NP,834,4,2,0,6194,6200,C
5-NP,835,0,6085,0,9,6094,T
5-NP,836,3,3,6166,0,6172,G
5-NP,837,2,6129,1,4,6136,T
5-NP,838,1,2,6220,0,6223,G
5-NP,839,1,4,0,6242,6247,C
5-NP,840,0,1,6348,0,6349,G
5-NP,841,0,6242,1,5,6248,T
5-NP,842,6222,0,8,0,6230,A
5-NP,843,0,6231,0,6,6237,T
5-NP,844,2,12,6219,1,6234,G
5-NP,845,3,6,6513,1,6523,G
5-NP,846,6487,1,10,0,6498,A
5-NP,847,4,3,0,6374,6381,C
5-NP,848,1,0,0,6368,6369,C
5-NP,849,0,6201,0,60,6261,T
5-NP,850,1,0,6549,0,6550,G
5-NP,851,1,3,0,6555,6559,C
5-NP,852,6556,1,8,0,6565,A
5-NP,853,0,4,6686,0,6690,G
5-NP,854,0,6320,0,0,6320,T
5-NP,855,6526,1,2,1,6530,A
5-NP,856,0,6506,2,7,6515,T
5-NP,857,3,1,0,6475,6479,C
5-NP,858,7,7,3,6481,6498,C
5-NP,859,6137,1,3,0,6141,A
5-NP,860,1,0,6166,0,6167,G
5-NP,861,0,6133,1,6,6140,T
5-NP,862,2,10,6199,0,6211,G
5-NP,863,2,11,6178,1,6192,G
5-NP,864,2,3,6065,0,6070,G
5-NP,865,1,6057,1,5,6064,T
5-NP,866,6043,1,3,0,6047,A
5-NP,867,1,0,0,6035,6036,C
5-NP,868,1,12,5993,0,6006,G
5-NP,869,5978,1,5,2,5986,A
5-NP,870,0,2,0,5980,5982,C
5-NP,871,2,5794,0,6,5802,T
5-NP,872,0,5797,2,9,5808,T
5-NP,873,5,2,0,5798,5805,C
5-NP,874,1,5,5799,0,5805,G
5-NP,875,5817,2,2,1,5822,A
5-NP,876,5820,0,0,1,5821,A
5-NP,877,5834,1,1,0,5836,A
5-NP,878,5830,0,0,1,5831,A
5-NP,879,5785,0,39,0,5824,A
5-NP,880,1,1,5846,0,5848,G
5-NP,881,5823,2,15,0,5840,A
5-NP,882,2,11,5872,0,5885,G
5-NP,883,1,6,5910,1,5918,G
5-NP,884,0,5,5916,0,5921,G
5-NP,885,5919,2,14,4,5939,A
5-NP,886,1,5924,0,4,5929,T
5-NP,887,5956,1,2,0,5959,A
5-NP,888,0,5952,3,7,5962,T
5-NP,889,4,5983,0,1,5988,T
5-NP,890,7,0,1,6006,6014,C
5-NP,891,4,0,0,5987,5991,C
5-NP,892,1,5916,0,2,5919,T
5-NP,893,2,5909,0,1,5912,T
5-NP,894,1,10,5973,0,5984,G
5-NP,895,2,2,6011,0,6015,G
5-NP,896,1,5978,0,3,5982,T
5-NP,897,1,9,5945,0,5955,G
5-NP,898,0,6,5933,0,5939,G
5-NP,899,5,11,6210,0,6226,G
5-NP,900,6218,2,6,0,6226,A
5-NP,901,6225,0,4,0,6229,A
5-NP,902,0,6231,0,1,6232,T
5-NP,903,6126,0,5,0,6131,A
5-NP,904,0,9,6126,0,6135,G
5-NP,905,6075,1,8,0,6084,A
5-NP,906,4,2,0,6070,6076,C
5-NP,907,40,3,0,5963,6006,C
5-NP,908,15,1,0,5765,5781,C
5-NP,909,0,5807,0,37,5844,T
5-NP,910,1,5830,0,7,5838,T
5-NP,911,1,5836,1,8,5846,T
5-NP,912,6,1,0,5850,5857,C
5-NP,913,5822,0,3,0,5825,A
5-NP,914,5835,1,1,0,5837,A
5-NP,915,5810,1,6,0,5817,A
5-NP,916,1,1,0,5827,5829,C
5-NP,917,1,5672,0,3,5676,T
5-NP,918,5649,0,1,0,5650,A
5-NP,919,2,2,0,5699,5703,C
5-NP,920,0,5657,0,11,5668,T
5-NP,921,2,5661,0,6,5669,T
5-NP,922,6,0,0,5688,5694,C
5-NP,923,5667,2,1,2,5672,A
5-NP,924,5668,0,2,0,5670,A
5-NP,925,5649,1,2,0,5652,A
5-NP,926,5656,0,1,1,5658,A
5-NP,927,1,5601,1,3,5606,T
5-NP,928,5530,1,8,0,5539,A
5-NP,929,0,2,5606,1,5609,G
5-NP,930,4,4,0,5619,5627,C
5-NP,931,5,2,1,5683,5691,C
5-NP,932,5696,1,2,0,5699,A
5-NP,933,5708,0,3,0,5711,A
5-NP,934,5837,1,3,0,5841,A
5-NP,935,0,5851,0,2,5853,T
5-NP,936,5917,1,2,1,5921,A
5-NP,937,0,5896,0,3,5899,T
5-NP,938,5802,1,7,0,5810,A
5-NP,939,2,2,0,5816,5820,C
5-NP,940,5685,0,8,0,5693,A
5-NP,941,31,0,5796,0,5827,G
5-NP,942,0,0,1,5809,5810,C
5-NP,943,0,5620,0,8,5628,T
5-NP,944,1,5674,0,0,5675,T
5-NP,945,5705,3,2,0,5710,A
5-NP,946,5705,2,4,0,5711,A
5-NP,947,1,5712,1,3,5717,T
5-NP,948,8,2,0,5698,5708,C
5-NP,949,5510,0,6,0,5516,A
5-NP,950,1,7,5545,0,5553,G
5-NP,951,5538,1,8,0,5547,A
5-NP,952,3,2,0,5577,5582,C
5-NP,953,5,1,1,5526,5533,C
5-NP,954,1,5466,2,3,5472,T
5-NP,955,5515,0,6,2,5523,A
5-NP,956,5520,1,3,0,5524,A
5-NP,957,0,1,0,5547,5548,C
5-NP,958,2,5,5530,0,5537,G
5-NP,959,5391,2,7,0,5400,A
5-NP,960,0,6,5422,0,5428,G
5-NP,961,5367,1,6,0,5374,A
5-NP,962,5412,1,3,1,5417,A
5-NP,963,0,5390,1,4,5395,T
5-NP,964,7,1,0,5347,5355,C
5-NP,965,36,0,0,5323,5359,C
5-NP,966,5233,0,6,1,5240,A
5-NP,967,1,0,5273,0,5274,G
5-NP,968,2,1,0,5270,5273,C
5-NP,969,5289,1,5,1,5296,A
5-NP,970,3,2,0,5321,5326,C
5-NP,971,5251,3,3,1,5258,A
5-NP,972,0,0,0,5267,5267,C
5-NP,973,5258,1,4,0,5263,A
5-NP,974,5268,2,13,1,5284,A
5-NP,975,0,8,5284,0,5292,G
5-NP,976,5225,1,9,0,5235,A
5-NP,977,2,1,5252,1,5256,G
5-NP,978,1,5169,0,9,5179,T
5-NP,979,6,2,1,5154,5163,C
5-NP,980,5131,1,8,0,5140,A
5-NP,981,3,1,5134,0,5138,G
5-NP,982,5,10,0,5115,5130,C
5-NP,983,0,5090,1,7,5098,T
5-NP,984,1,8,5147,0,5156,G
5-NP,985,0,1,5175,0,5176,G
5-NP,986,0,5138,0,3,5141,T
5-NP,987,1,3,5163,0,5167,G
5-NP,988,0,5114,0,3,5117,T
5-NP,989,4,6,5090,1,5101,G
5-NP,990,0,3,5099,0,5102,G
5-NP,991,5046,0,6,0,5052,A
5-NP,992,0,5058,0,8,5066,T
5-NP,993,39,5,4809,0,4853,G
5-NP,994,2,4,4808,0,4814,G
5-NP,995,0,0,0,4801,4801,C
5-NP,996,4738,0,8,0,4746,A
5-NP,997,0,4740,1,9,4750,T
5-NP,998,2,0,4703,0,4705,G
5-NP,999,0,1,0,4738,4739,C
5-NP,1000,6,3,0,4732,4741,C
5-NP,1001,4747,2,4,0,4753,A
5-NP,1002,0,4731,1,6,4738,T
5-NP,1003,0,4675,0,6,4681,T
5-NP,1004,2,1,0,4698,4701,C
5-NP,1005,0,4640,0,7,4647,T
5-NP,1006,0,0,4643,0,4643,G
5-NP,1007,0,0,0,4641,4641,C
5-NP,1008,0,4516,0,3,4519,T
5-NP,1009,1,0,4540,0,4541,G
5-NP,1010,1,0,0,4479,4480,C
5-NP,1011,4487,0,2,0,4489,A
5-NP,1012,0,4486,0,2,4488,T
5-NP,1013,2,4444,0,2,4448,T
5-NP,1014,0,4445,0,1,4446,T
5-NP,1015,1,3,4442,0,4446,G
5-NP,1016,4440,0,2,0,4442,A
5-NP,1017,4436,3,8,0,4447,A
5-NP,1018,1,2,4467,0,4470,G
5-NP,1019,4445,0,2,0,4447,A
5-NP,1020,0,4428,1,2,4431,T
5-NP,1021,1,4416,0,0,4417,T
5-NP,1022,1,4425,0,1,4427,T
5-NP,1023,4423,0,1,0,4424,A
5-NP,1024,4423,0,4,1,4428,A
5-NP,1025,0,1,4428,0,4429,G
5-NP,1026,4412,0,8,0,4420,A
5-NP,1027,0,4402,1,0,4403,T
5-NP,1028,2,4318,0,1,4321,T
5-NP,1029,0,3,4350,0,4353,G
5-NP,1030,1,4339,0,4,4344,T
5-NP,1031,1,4339,0,6,4346,T
5-NP,1032,4342,0,4,0,4346,A
5-NP,1033,4353,1,3,0,4357,A
5-NP,1034,0,2,4368,0,4370,G
5-NP,1035,1,1,0,4369,4371,C
5-NP,1036,1,4251,0,17,4269,T
5-NP,1037,0,4279,0,3,4282,T
5-NP,1038,3,1,0,4286,4290,C
5-NP,1039,4286,3,1,0,4290,A
5-NP,1040,0,4269,1,8,4278,T
5-NP,1041,2,1,1,4282,4286,C
5-NP,1042,4214,0,8,1,4223,A
5-NP,1043,0,6,4215,1,4222,G
5-NP,1044,4154,0,7,0,4161,A
5-NP,1045,1,13,4151,0,4165,G
5-NP,1046,0,3,4169,0,4172,G
5-NP,1047,1,7,4147,1,4156,G
5-NP,1048,4143,1,9,0,4153,A
5-NP,1049,2,2,0,4152,4156,C
5-NP,1050,4151,1,3,0,4155,A
5-NP,1051,4163,0,2,0,4165,A
5-NP,1052,4157,0,1,0,4158,A
5-NP,1053,4148,0,11,1,4160,A
5-NP,1054,1,0,4179,0,4180,G
5-NP,1055,1,4055,0,0,4056,T
5-NP,1056,4025,0,3,0,4028,A
5-NP,1057,0,4000,0,9,4009,T
5-NP,1058,4,0,0,4008,4012,C
5-NP,1059,0,3979,0,6,3985,T
5-NP,1060,5,1,0,3998,4004,C
5-NP,1061,1,1,0,3972,3974,C
5-NP,1062,0,3938,0,4,3942,T
5-NP,1063,6,2,1,3924,3933,C
5-NP,1064,1,2,3927,0,3930,G
5-NP,1065,2,7,3941,0,3950,G
5-NP,1066,0,7,3946,0,3953,G
5-NP,1067,17,5,3911,1,3934,G
5-NP,1068,4,3,3925,0,3932,G
5-NP,1069,3864,0,2,0,3866,A
5-NP,1070,3870,0,5,0,3875,A
5-NP,1071,3870,0,5,0,3875,A
5-NP,1072,1,1,0,3896,3898,C
5-NP,1073,0,3862,0,5,3867,T
5-NP,1074,2,0,3884,0,3886,G
5-NP,1075,1,3846,0,8,3855,T
5-NP,1076,7,0,1,3840,3848,C
5-NP,1077,3899,0,5,1,3905,A
5-NP,1078,3916,2,1,0,3919,A
5-NP,1079,0,0,0,3927,3927,C
5-NP,1080,0,3920,0,3,3923,T
5-NP,1081,3831,1,1,0,3833,A
5-NP,1082,0,1,3844,0,3845,G
5-NP,1083,3734,0,31,0,3765,A
5-NP,1084,1,4,3760,0,3765,G
5-NP,1085,0,3,3743,0,3746,G
5-NP,1086,3544,1,6,0,3551,A
5-NP,1087,1,3,3588,0,3592,G
5-NP,1088,1,3530,0,1,3532,T
5-NP,1089,3532,0,2,0,3534,A
5-NP,1090,3,1,0,3532,3536,C
5-NP,1091,3491,0,0,0,3491,A
5-NP,1092,3491,0,0,0,3491,A
5-NP,1093,3460,1,3,0,3464,A
5-NP,1094,0,3435,0,0,3435,T
5-NP,1095,0,3396,0,3,3399,T
5-NP,1096,0,0,3280,0,3280,G
5-NP,1097,0,1,0,3234,3235,C
5-NP,1098,0,3220,1,3,3224,T
5-NP,1099,2,3213,1,1,3217,T
5-NP,1100,4,1,0,3217,3222,C
5-NP,1101,3221,0,1,0,3222,A
5-NP,1102,3224,0,0,0,3224,A
5-NP,1103,3223,1,1,0,3225,A
5-NP,1104,0,3220,0,3,3223,T
5-NP,1105,1,2,3219,1,3223,G
5-NP,1106,3144,0,10,0,3154,A
5-NP,1107,0,1,3152,0,3153,G
5-NP,1108,3166,0,4,0,3170,A
5-NP,1109,3161,1,2,0,3164,A
5-NP,1110,0,0,0,3164,3164,C
5-NP,1111,3110,3,3,0,3116,A
5-NP,1112,0,3118,0,1,3119,T
5-NP,1113,1,1,3129,0,3131,G
5-NP,1114,1,2,3131,0,3134,G
5-NP,1115,3129,0,5,0,3134,A
5-NP,1116,0,3068,0,0,3068,T
5-NP,1117,3026,0,0,0,3026,A
5-NP,1118,3124,0,1,0,3125,A
5-NP,1119,0,3058,0,0,3058,T
5-NP,1120,3037,0,3,0,3040,A
5-NP,1121,0,3015,0,0,3015,T
5-NP,1122,1,3,2750,0,2754,G
5-NP,1123,1,4,2685,0,2690,G
5-NP,1124,0,3,2670,0,2673,G
5-NP,1125,2656,1,3,0,2660,A
5-NP,1126,0,2648,0,2,2650,T
5-NP,1127,1,0,0,1961,1962,C
5-NP,1128,0,5,1961,0,1966,G
5-NP,1129,1958,0,2,0,1960,A
5-NP,1130,0,1,1956,1,1958,G
5-NP,1131,0,1,0,1952,1953,C
5-NP,1132,1926,0,0,0,1926,A
5-NP,1133,0,0,0,1976,1976,C
5-NP,1134,0,1936,0,2,1938,T
5-NP,1135,4,0,0,1951,1955,C
5-NP,1136,0,1943,0,4,1947,T
5-NP,1137,1,1913,0,5,1919,T
5-NP,1138,0,6,1907,0,1913,G
5-NP,1139,1908,0,0,0,1908,A
5-NP,1140,1903,0,2,0,1905,A
5-NP,1141,0,0,1,1896,1897,C
5-NP,1142,0,1277,0,1,1278,T
5-NP,1143,0,2,1284,0,1286,G
5-NP,1144,1197,1,4,0,1202,A
5-NP,1145,0,0,1206,0,1206,G
5-NP,1146,1203,0,0,0,1203,A
5-NP,1147,1166,0,0,0,1166,A
5-NP,1148,0,1,1173,0,1174,G
5-NP,1149,0,2,1,1123,1126,C
5-NP,1150,0,2,1118,0,1120,G
5-NP,1151,0,2,1112,0,1114,G
5-NP,1152,1,0,1072,0,1073,G
5-NP,1153,0,1056,0,0,1056,T
5-NP,1154,1006,0,0,0,1006,A
5-NP,1155,2,0,0,1000,1002,C
5-NP,1156,0,712,0,0,712,T
5-NP,1157,0,2,693,0,695,G
5-NP,1158,0,0,661,0,661,G
5-NP,1159,0,0,630,0,630,G
5-NP,1160,0,0,0,612,612,C
5-NP,1161,0,1,0,518,519,C
5-NP,1162,519,0,0,0,519,A
5-NP,1163,0,521,0,1,522,T
5-NP,1164,525,0,0,0,525,A
5-NP,1165,525,0,1,0,526,A
5-NP,1166,0,2,520,0,522,G
5-NP,1167,0,1,536,0,537,G
5-NP,1168,525,0,1,0,526,A
5-NP,1169,1,0,0,520,521,C
5-NP,1170,0,0,0,521,521,C
5-NP,1171,520,0,0,0,520,A
5-NP,1172,0,0,531,0,531,G
5-NP,1173,0,1,533,0,534,G
5-NP,1174,533,0,1,0,534,A
5-NP,1175,0,0,537,0,537,G
5-NP,1176,0,516,0,0,516,T
5-NP,1177,0,0,517,0,517,G
5-NP,1178,0,0,524,0,524,G
5-NP,1179,524,1,1,0,526,A
5-NP,1180,0,1,526,0,527,G
5-NP,1181,0,0,524,0,524,G
5-NP,1182,517,0,1,0,518,A
5-NP,1183,518,0,0,0,518,A
5-NP,1184,518,0,0,0,518,A
5-NP,1185,0,0,0,525,525,C
5-NP,1186,519,0,0,0,519,A
5-NP,1187,0,0,0,536,536,C
5-NP,1188,0,525,0,0,525,T
5-NP,1189,533,0,0,0,533,A
5-NP,1190,533,0,0,0,533,A
5-NP,1191,1,536,0,0,537,T
5-NP,1192,0,0,1,540,541,C
5-NP,1193,533,0,0,0,533,A
5-NP,1194,539,0,0,0,539,A
5-NP,1195,2,1,0,539,542,C
5-NP,1196,526,0,2,0,528,A
5-NP,1197,0,0,529,0,529,G
5-NP,1198,514,1,0,0,515,A
5-NP,1199,0,1,517,0,518,G
5-NP,1200,0,1,519,0,520,G
5-NP,1201,0,0,515,0,515,G
5-NP,1202,0,0,0,511,511,C
5-NP,1203,0,1,0,510,511,C
5-NP,1204,0,505,0,0,505,T
5-NP,1205,0,0,0,504,504,C
5-NP,1206,1,0,0,507,508,C
5-NP,1207,0,0,509,0,509,G
5-NP,1208,0,1,1,506,508,C
5-NP,1209,498,0,1,0,499,A
5-NP,1210,0,0,530,0,530,G
5-NP,1211,1,0,530,0,531,G
5-NP,1212,0,0,0,531,531,C
5-NP,1213,2,0,0,528,530,C
5-NP,1214,526,0,0,0,526,A
5-NP,1215,528,0,0,0,528,A
5-NP,1216,531,0,0,0,531,A
5-NP,1217,0,0,0,535,535,C
5-NP,1218,0,0,0,535,535,C
5-NP,1219,500,0,0,0,500,A
5-NP,1220,0,0,506,0,506,G
5-NP,1221,0,496,0,1,497,T
5-NP,1222,0,0,499,0,499,G
5-NP,1223,0,498,0,0,498,T
5-NP,1224,0,2,493,0,495,G
5-NP,1225,0,0,0,496,496,C
5-NP,1226,493,0,0,1,494,A
5-NP,1227,504,1,1,0,506,A
5-NP,1228,0,1,0,508,509,C
5-NP,1229,0,0,0,509,509,C
5-NP,1230,0,503,0,1,504,T
5-NP,1231,500,1,0,0,501,A
5-NP,1232,0,0,0,501,501,C
5-NP,1233,0,0,501,0,501,G
5-NP,1234,0,498,0,1,499,T
5-NP,1235,0,501,0,0,501,T
5-NP,1236,0,495,0,0,495,T
5-NP,1237,0,492,0,0,492,T
5-NP,1238,0,0,0,491,491,C
5-NP,1239,0,487,0,0,487,T
5-NP,1240,0,0,496,0,496,G
5-NP,1241,0,495,0,0,495,T
5-NP,1242,494,0,0,0,494,A
5-NP,1243,0,0,0,497,497,C
5-NP,1244,483,0,0,0,483,A
5-NP,1245,483,0,0,1,484,A
5-NP,1246,480,0,1,0,481,A
5-NP,1247,0,0,487,0,487,G
5-NP,1248,485,0,0,0,485,A
5-NP,1249,474,1,0,0,475,A
5-NP,1250,474,1,0,0,475,A
5-NP,1251,0,0,0,475,475,C
5-NP,1252,0,0,0,469,469,C
5-NP,1253,0,465,0,4,469,T
5-NP,1254,1,0,0,464,465,C
5-NP,1255,0,0,0,467,467,C
5-NP,1256,1,1,0,463,465,C
5-NP,1257,465,0,0,0,465,A
5-NP,1258,0,462,0,0,462,T
5-NP,1259,0,465,0,1,466,T
5-NP,1260,0,464,0,0,464,T
5-NP,1261,0,1,465,0,466,G
5-NP,1262,464,0,1,0,465,A
5-NP,1263,465,0,0,1,466,A
5-NP,1264,465,0,0,0,465,A
5-NP,1265,462,0,0,0,462,A
5-NP,1266,0,0,469,0,469,G
5-NP,1267,0,466,0,1,467,T
5-NP,1268,2,0,0,467,469,C
5-NP,1269,468,1,0,0,469,A
5-NP,1270,468,0,0,0,468,A
5-NP,1271,0,0,0,468,468,C
5-NP,1272,1,0,1,474,476,C
5-NP,1273,477,0,0,0,477,A
5-NP,1274,0,483,0,0,483,T
5-NP,1275,1,0,0,481,482,C
5-NP,1276,478,0,0,0,478,A
5-NP,1277,0,482,0,0,482,T
5-NP,1278,0,0,482,0,482,G
5-NP,1279,1,0,481,0,482,G
5-NP,1280,0,0,0,483,483,C
5-NP,1281,472,0,0,0,472,A
5-NP,1282,0,0,471,0,471,G
5-NP,1283,0,0,0,468,468,C
5-NP,1284,473,0,0,0,473,A
5-NP,1285,0,473,0,0,473,T
5-NP,1286,0,469,0,0,469,T
5-NP,1287,0,1,0,471,472,C
5-NP,1288,466,0,0,0,466,A
5-NP,1289,0,0,0,466,466,C
5-NP,1290,0,469,0,0,469,T
5-NP,1291,0,0,467,0,467,G
5-NP,1292,0,0,474,0,474,G
5-NP,1293,468,0,1,0,469,A
5-NP,1294,470,0,0,0,470,A
5-NP,1295,470,0,0,1,471,A
5-NP,1296,0,467,0,1,468,T
5-NP,1297,469,0,1,0,470,A
5-NP,1298,0,0,0,467,467,C
5-NP,1299,0,0,461,0,461,G
5-NP,1300,0,0,461,0,461,G
5-NP,1301,442,0,1,0,443,A
5-NP,1302,0,0,446,0,446,G
5-NP,1303,0,0,446,0,446,G
5-NP,1304,0,0,445,0,445,G
5-NP,1305,443,0,2,0,445,A
5-NP,1306,442,0,1,0,443,A
5-NP,1307,0,0,444,0,444,G
5-NP,1308,443,0,0,1,444,A
5-NP,1309,442,0,0,0,442,A
5-NP,1310,2,0,0,444,446,C
5-NP,1311,0,439,0,0,439,T
5-NP,1312,0,440,0,1,441,T
5-NP,1313,0,0,0,440,440,C
5-NP,1314,440,0,1,0,441,A
5-NP,1315,0,1,440,0,441,G
5-NP,1316,437,0,0,0,437,A
5-NP,1317,0,0,0,437,437,C
5-NP,1318,433,0,0,0,433,A
5-NP,1319,0,420,0,0,420,T
5-NP,1320,0,0,421,0,421,G
5-NP,1321,415,0,1,0,416,A
5-NP,1322,0,2,418,0,420,G
5-NP,1323,0,1,417,0,418,G
5-NP,1324,0,0,420,0,420,G
5-NP,1325,0,0,0,419,419,C
5-NP,1326,417,0,0,0,417,A
5-NP,1327,1,0,419,0,420,G
5-NP,1328,418,0,0,0,418,A
5-NP,1329,418,0,0,0,418,A
5-NP,1330,415,0,0,2,417,A
5-NP,1331,0,419,0,1,420,T
5-NP,1332,2,0,0,416,418,C
5-NP,1333,418,0,0,0,418,A
5-NP,1334,0,419,0,0,419,T
5-NP,1335,419,0,0,0,419,A
5-NP,1336,417,0,1,0,418,A
5-NP,1337,0,1,417,0,418,G
5-NP,1338,412,0,0,0,412,A
5-NP,1339,417,0,0,0,417,A
5-NP,1340,0,409,0,0,409,T
5-NP,1341,0,0,408,0,408,G
5-NP,1342,407,0,0,0,407,A
5-NP,1343,0,406,0,1,407,T
5-NP,1344,0,0,406,0,406,G
5-NP,1345,1,1,404,0,406,G
5-NP,1346,401,0,0,0,401,A
5-NP,1347,401,0,0,0,401,A
5-NP,1348,385,0,0,0,385,A
5-NP,1349,0,0,390,0,390,G
5-NP,1350,0,389,0,1,390,T
5-NP,1351,0,0,391,0,391,G
5-NP,1352,0,0,0,390,390,C
5-NP,1353,390,0,0,0,390,A
5-NP,1354,391,0,1,0,392,A
5-NP,1355,384,0,0,3,387,A
5-NP,1356,394,0,0,0,394,A
5-NP,1357,0,0,0,394,394,C
5-NP,1358,1,0,0,395,396,C
5-NP,1359,391,0,0,0,391,A
5-NP,1360,0,0,390,0,390,G
5-NP,1361,394,0,0,0,394,A
5-NP,1362,394,0,0,0,394,A
5-NP,1363,0,0,393,1,394,G
5-NP,1364,394,0,0,0,394,A
5-NP,1365,382,0,0,0,382,A
5-NP,1366,0,0,390,0,390,G
5-NP,1367,0,388,0,0,388,T
5-NP,1368,0,0,388,0,388,G
5-NP,1369,0,382,0,2,384,T
5-NP,1370,2,0,0,383,385,C
5-NP,1371,384,0,0,0,384,A
5-NP,1372,0,390,0,0,390,T
5-NP,1373,0,387,0,0,387,T
5-NP,1374,0,4,0,387,391,C
5-NP,1375,0,0,0,382,382,C
5-NP,1376,0,1,380,0,381,G
5-NP,1377,0,0,382,0,382,G
5-NP,1378,0,0,382,0,382,G
5-NP,1379,0,2,381,0,383,G
5-NP,1380,0,1,383,0,384,G
5-NP,1381,373,0,1,0,374,A
5-NP,1382,0,1,372,0,373,G
5-NP,1383,0,0,376,0,376,G
5-NP,1384,0,0,374,0,374,G
5-NP,1385,0,0,376,0,376,G
5-NP,1386,374,0,0,0,374,A
5-NP,1387,0,0,374,0,374,G
5-NP,1388,1,365,0,2,368,T
5-NP,1389,0,0,1,361,362,C
5-NP,1390,0,373,0,1,374,T
5-NP,1391,0,372,0,0,372,T
5-NP,1392,1,0,0,371,372,C
5-NP,1393,0,0,374,0,374,G
5-NP,1394,374,0,0,0,374,A
5-NP,1395,0,0,374,0,374,G
5-NP,1396,0,0,0,361,361,C
5-NP,1397,0,362,0,0,362,T
5-NP,1398,0,0,0,358,358,C
5-NP,1399,0,359,0,0,359,T
5-NP,1400,1,0,0,356,357,C
5-NP,1401,359,0,1,0,360,A
5-NP,1402,0,1,359,0,360,G
5-NP,1403,361,0,0,0,361,A
5-NP,1404,0,0,0,354,354,C
5-NP,1405,0,1,352,0,353,G
5-NP,1406,346,0,0,0,346,A
5-NP,1407,1,0,345,0,346,G
5-NP,1408,342,0,0,0,342,A
5-NP,1409,340,0,0,0,340,A
5-NP,1410,0,0,340,0,340,G
5-NP,1411,0,0,332,0,332,G
5-NP,1412,0,0,0,330,330,C
5-NP,1413,328,1,0,0,329,A
5-NP,1414,329,0,0,0,329,A
5-NP,1415,1,0,0,325,326,C
5-NP,1416,0,0,329,0,329,G
5-NP,1417,330,0,0,0,330,A
5-NP,1418,328,0,1,0,329,A
5-NP,1419,0,0,0,329,329,C
5-NP,1420,0,0,0,326,326,C
5-NP,1421,1,0,0,320,321,C
5-NP,1422,0,0,323,0,323,G
5-NP,1423,324,0,0,0,324,A
5-NP,1424,0,324,0,0,324,T
5-NP,1425,2,1,0,319,322,C
5-NP,1426,0,0,322,0,322,G
5-NP,1427,0,320,0,0,320,T
5-NP,1428,0,0,322,0,322,G
5-NP,1429,0,0,0,318,318,C
5-NP,1430,2,0,0,317,319,C
5-NP,1431,0,0,0,319,319,C
5-NP,1432,0,315,0,1,316,T
5-NP,1433,0,0,0,321,321,C
5-NP,1434,0,319,0,1,320,T
5-NP,1435,0,319,0,0,319,T
5-NP,1436,0,317,0,0,317,T
5-NP,1437,0,315,0,0,315,T
5-NP,1438,0,0,316,0,316,G
5-NP,1439,316,0,0,0,316,A
5-NP,1440,0,311,0,0,311,T
5-NP,1441,308,0,0,0,308,A
5-NP,1442,0,251,0,0,251,T
5-NP,1443,0,0,251,0,251,G
5-NP,1444,249,0,0,0,249,A
5-NP,1445,0,0,250,0,250,G
5-NP,1446,0,247,0,0,247,T
5-NP,1447,237,0,0,0,237,A
5-NP,1448,237,0,0,0,237,A
5-NP,1449,0,236,0,0,236,T
5-NP,1450,0,0,236,0,236,G
5-NP,1451,235,0,0,0,235,A
5-NP,1452,205,0,0,0,205,A
5-NP,1453,0,0,207,0,207,G
5-NP,1454,0,0,190,0,190,G
5-NP,1455,190,0,0,0,190,A
5-NP,1456,0,190,0,0,190,T
5-NP,1457,0,0,0,189,189,C
5-NP,1458,0,187,0,0,187,T
5-NP,1459,0,187,0,0,187,T
5-NP,1460,187,0,0,0,187,A
5-NP,1461,0,186,0,0,186,T
5-NP,1462,1,186,0,0,187,T
5-NP,1463,0,187,0,0,187,T
5-NP,1464,1,0,0,176,177,C
5-NP,1465,0,170,0,1,171,T
5-NP,1466,0,170,0,0,170,T
5-NP,1467,0,0,0,171,171,C
5-NP,1468,0,0,171,0,171,G
5-NP,1469,0,0,171,0,171,G
5-NP,1470,170,0,0,0,170,A
5-NP,1471,0,0,170,0,170,G
5-NP,1472,169,0,1,0,170,A
5-NP,1473,0,0,0,168,168,C
5-NP,1474,159,0,0,0,159,A
5-NP,1475,159,0,0,0,159,A
5-NP,1476,0,158,0,0,158,T
5-NP,1477,0,0,159,0,159,G
5-NP,1478,0,0,0,159,159,C
5-NP,1479,154,0,1,0,155,A
5-NP,1480,0,0,155,0,155,G
5-NP,1481,155,0,0,0,155,A
5-NP,1482,141,0,0,0,141,A
5-NP,1483,0,0,142,0,142,G
5-NP,1484,96,0,0,0,96,A
5-NP,1485,0,0,96,0,96,G
5-NP,1486,0,84,0,0,84,T
5-NP,1487,83,0,0,0,83,A
5-NP,1488,0,73,0,0,73,T
5-NP,1489,0,0,74,0,74,G
5-NP,1490,74,0,0,0,74,A
5-NP,1491,0,0,0,73,73,C
5-NP,1492,51,0,0,0,51,A
5-NP,1493,51,0,0,0,51,A
5-NP,1494,0,33,0,1,34,T
5-NP,1495,0,33,0,0,33,T
5-NP,1496,32,0,0,0,32,A
5-NP,1497,32,0,0,0,32,A
6-NA,1,13,0,0,0,13,A
6-NA,2,0,13,0,0,13,T
6-NA,3,0,0,13,0,13,G
6-NA,4,13,0,0,0,13,A
6-NA,5,13,0,0,0,13,A
6-NA,6,0,13,0,0,13,T
6-NA,7,0,0,0,13,13,C
6-NA,8,0,0,0,13,13,C
6-NA,9,13,0,0,0,13,A
6-NA,10,13,0,0,0,13,A
6-NA,11,14,0,0,0,14,A
6-NA,12,0,15,0,0,15,T
6-NA,13,0,0,0,15,15,C
6-NA,14,15,0,0,0,15,A
6-NA,15,15,0,0,0,15,A
6-NA,16,15,0,0,0,15,A
6-NA,17,15,0,0,0,15,A
6-NA,18,0,0,20,0,20,G
6-NA,19,20,0,0,0,20,A
6-NA,20,0,20,0,0,20,T
6-NA,21,20,0,0,0,20,A
6-NA,22,21,0,0,0,21,A
6-NA,23,0,21,0,0,21,T
6-NA,24,21,0,0,0,21,A
6-NA,25,21,0,0,0,21,A
6-NA,26,0,0,0,21,21,C
6-NA,27,0,0,21,0,21,G
6-NA,28,21,0,0,0,21,A
6-NA,29,0,21,0,0,21,T
6-NA,30,0,21,0,0,21,T
6-NA,31,0,0,23,0,23,G
6-NA,32,0,0,26,0,26,G
6-NA,33,0,0,0,26,26,C
6-NA,34,0,26,0,0,26,T
6-NA,35,0,0,0,26,26,C
6-NA,36,0,26,0,0,26,T
6-NA,37,0,0,27,0,27,G
6-NA,38,0,27,0,0,27,T
6-NA,39,0,27,0,0,27,T
6-NA,40,0,31,0,0,31,T
6-NA,41,0,0,0,31,31,C
6-NA,42,0,31,0,0,31,T
6-NA,43,0,0,0,31,31,C
6-NA,44,0,31,0,0,31,T
6-NA,45,0,0,0,32,32,C
6-NA,46,32,0,0,0,32,A
6-NA,47,0,0,0,32,32,C
6-NA,48,0,0,0,32,32,C
6-NA,49,31,0,0,0,31,A
6-NA,50,0,31,0,0,31,T
6-NA,51,0,36,0,0,36,T
6-NA,52,0,36,0,0,36,T
6-NA,53,0,0,0,37,37,C
6-NA,54,0,0,0,37,37,C
6-NA,55,38,0,0,0,38,A
6-NA,56,0,1,0,38,39,C
6-NA,57,38,0,0,0,38,A
6-NA,58,42,0,0,0,42,A
6-NA,59,0,42,0,0,42,T
6-NA,60,43,0,0,0,43,A
6-NA,61,0,43,0,0,43,T
6-NA,62,0,0,43,0,43,G
6-NA,63,0,0,0,44,44,C
6-NA,64,0,43,0,0,43,T
6-NA,65,0,44,0,0,44,T
6-NA,66,0,0,0,44,44,C
6-NA,67,0,44,0,0,44,T
6-NA,68,0,44,0,0,44,T
6-NA,69,0,0,0,43,43,C
6-NA,70,43,0,0,0,43,A
6-NA,71,0,43,0,0,43,T
6-NA,72,0,0,43,0,43,G
6-NA,73,0,0,0,43,43,C
6-NA,74,43,0,0,0,43,A
6-NA,75,43,0,0,0,43,A
6-NA,76,44,0,0,0,44,A
6-NA,77,0,44,0,0,44,T
6-NA,78,0,44,0,0,44,T
6-NA,79,0,0,45,0,45,G
6-NA,80,0,0,0,45,45,C
6-NA,81,0,0,0,45,45,C
6-NA,82,45,0,0,0,45,A
6-NA,83,0,45,0,0,45,T
6-NA,84,0,0,0,55,55,C
6-NA,85,0,56,0,0,56,T
6-NA,86,0,56,0,0,56,T
6-NA,87,0,0,58,0,58,G
6-NA,88,58,0,0,0,58,A
6-NA,89,0,59,0,0,59,T
6-NA,90,59,0,0,0,59,A
6-NA,91,59,0,0,0,59,A
6-NA,92,0,0,0,66,66,C
6-NA,93,0,67,0,0,67,T
6-NA,94,67,0,0,0,67,A
6-NA,95,0,0,0,73,73,C
6-NA,96,0,73,0,0,73,T
6-NA,97,0,0,77,0,77,G
6-NA,98,0,77,0,0,77,T
6-NA,99,77,0,0,0,77,A
6-NA,100,77,0,0,0,77,A
6-NA,101,0,0,0,78,78,C
6-NA,102,80,0,0,0,80,A
6-NA,103,0,79,0,0,79,T
6-NA,104,0,80,0,0,80,T
6-NA,105,0,0,80,0,80,G
6-NA,106,0,0,0,79,79,C
6-NA,107,80,0,0,0,80,A
6-NA,108,0,79,0,0,79,T
6-NA,109,0,80,0,0,80,T
6-NA,110,0,79,0,1,80,T
6-NA,111,0,0,0,80,80,C
6-NA,112,80,0,0,0,80,A
6-NA,113,81,0,0,0,81,A
6-NA,114,0,0,81,0,81,G
6-NA,115,0,1,0,80,81,C
6-NA,116,81,0,0,0,81,A
6-NA,117,85,0,0,0,85,A
6-NA,118,0,85,0,0,85,T
6-NA,119,85,0,0,0,85,A
6-NA,120,0,84,0,0,84,T
6-NA,121,0,0,84,0,84,G
6-NA,122,83,0,1,0,84,A
6-NA,123,86,0,0,0,86,A
6-NA,124,0,86,0,0,86,T
6-NA,125,0,85,0,0,85,T
6-NA,126,0,0,0,86,86,C
6-NA,127,86,0,0,0,86,A
6-NA,128,86,0,0,0,86,A
6-NA,129,0,0,0,86,86,C
6-NA,130,0,86,0,0,86,T
6-NA,131,0,0,0,85,85,C
6-NA,132,0,0,0,85,85,C
6-NA,133,1,0,0,87,88,C
6-NA,134,0,0,0,88,88,C
6-NA,135,0,0,0,88,88,C
6-NA,136,0,0,0,89,89,C
6-NA,137,0,0,0,89,89,C
6-NA,138,89,0,0,0,89,A
6-NA,139,89,0,0,0,89,A
6-NA,140,90,0,0,0,90,A
6-NA,141,0,0,0,91,91,C
6-NA,142,91,0,0,1,92,A
6-NA,143,93,0,1,0,94,A
6-NA,144,0,0,0,94,94,C
6-NA,145,0,0,0,92,92,C
6-NA,146,93,0,0,0,93,A
6-NA,147,94,0,0,0,94,A
6-NA,148,0,0,94,0,94,G
6-NA,149,0,95,0,0,95,T
6-NA,150,0,0,95,0,95,G
6-NA,151,94,0,0,0,94,A
6-NA,152,0,94,0,0,94,T
6-NA,153,0,0,95,0,95,G
6-NA,154,0,0,0,96,96,C
6-NA,155,0,94,0,0,94,T
6-NA,156,0,0,104,0,104,G
6-NA,157,0,103,0,0,103,T
6-NA,158,0,0,103,0,103,G
6-NA,159,1,103,0,0,104,T
6-NA,160,0,0,98,0,98,G
6-NA,161,98,0,0,0,98,A
6-NA,162,99,0,0,0,99,A
6-NA,163,0,0,0,98,98,C
6-NA,164,0,0,0,96,96,C
6-NA,165,97,0,0,0,97,A
6-NA,166,97,0,0,0,97,A
6-NA,167,0,0,0,100,100,C
6-NA,168,100,0,0,0,100,A
6-NA,169,102,0,0,0,102,A
6-NA,170,0,101,0,0,101,T
6-NA,171,101,0,0,0,101,A
6-NA,172,101,0,0,0,101,A
6-NA,173,0,101,0,0,101,T
6-NA,174,100,0,0,0,100,A
6-NA,175,0,0,100,0,100,G
6-NA,176,99,0,0,0,99,A
6-NA,177,100,0,0,0,100,A
6-NA,178,99,0,0,0,99,A
6-NA,179,0,0,99,0,99,G
6-NA,180,100,0,0,0,100,A
6-NA,181,100,0,1,0,101,A
6-NA,182,104,0,0,0,104,A
6-NA,183,0,0,0,105,105,C
6-NA,184,105,0,0,0,105,A
6-NA,185,0,105,0,0,105,T
6-NA,186,109,0,0,0,109,A
6-NA,187,110,0,0,0,110,A
6-NA,188,0,0,0,110,110,C
6-NA,189,110,0,0,0,110,A
6-NA,190,0,0,115,0,115,G
6-NA,191,112,0,0,0,112,A
6-NA,192,0,0,112,0,112,G
6-NA,193,110,0,0,0,110,A
6-NA,194,0,113,0,0,113,T
6-NA,195,113,0,0,0,113,A
6-NA,196,0,0,114,0,114,G
6-NA,197,0,112,0,0,112,T
6-NA,198,0,0,117,0,117,G
6-NA,199,0,118,0,0,118,T
6-NA,200,117,0,0,0,117,A
6-NA,201,0,114,0,0,114,T
6-NA,202,0,0,0,117,117,C
6-NA,203,0,115,0,0,115,T
6-NA,204,0,0,121,0,121,G
6-NA,205,118,0,0,0,118,A
6-NA,206,0,0,0,118,118,C
6-NA,207,0,0,0,118,118,C
6-NA,208,115,0,0,0,115,A
6-NA,209,117,0,0,0,117,A
6-NA,210,0,0,0,117,117,C
6-NA,211,116,0,0,0,116,A
6-NA,212,0,0,0,120,120,C
6-NA,213,0,0,0,121,121,C
6-NA,214,122,0,0,0,122,A
6-NA,215,0,0,0,127,127,C
6-NA,216,0,1,0,126,127,C
6-NA,217,127,0,0,0,127,A
6-NA,218,0,127,0,0,127,T
6-NA,219,124,0,0,0,124,A
6-NA,220,0,0,123,0,123,G
6-NA,221,121,1,0,0,122,A
6-NA,222,0,0,124,0,124,G
6-NA,223,123,1,0,0,124,A
6-NA,224,123,0,0,0,123,A
6-NA,225,0,0,122,0,122,G
6-NA,226,0,1,123,0,124,G
6-NA,227,124,0,0,0,124,A
6-NA,228,121,0,3,0,124,A
6-NA,229,125,0,0,0,125,A
6-NA,230,0,124,0,0,124,T
6-NA,231,125,0,0,0,125,A
6-NA,232,1,124,0,0,125,T
6-NA,233,0,0,126,0,126,G
6-NA,234,0,0,0,127,127,C
6-NA,235,1,0,0,126,127,C
6-NA,236,0,0,0,127,127,C
6-NA,237,0,0,0,128,128,C
6-NA,238,128,0,0,0,128,A
6-NA,239,128,0,0,0,128,A
6-NA,240,129,0,0,0,129,A
6-NA,241,0,0,0,129,129,C
6-NA,242,0,128,0,1,129,T
6-NA,243,128,0,1,0,129,A
6-NA,244,0,0,131,0,131,G
6-NA,245,0,0,0,131,131,C
6-NA,246,131,0,0,0,131,A
6-NA,247,0,0,131,0,131,G
6-NA,248,129,0,1,0,130,A
6-NA,249,134,0,0,0,134,A
6-NA,250,0,134,0,0,134,T
6-NA,251,133,0,0,0,133,A
6-NA,252,0,0,0,134,134,C
6-NA,253,134,0,0,0,134,A
6-NA,254,0,0,134,0,134,G
6-NA,255,134,0,0,0,134,A
6-NA,256,132,0,0,0,132,A
6-NA,257,133,0,0,0,133,A
6-NA,258,0,133,0,0,133,T
6-NA,259,0,133,0,0,133,T
6-NA,260,0,0,134,0,134,G
6-NA,261,0,0,133,0,133,G
6-NA,262,0,134,0,0,134,T
6-NA,263,0,0,0,133,133,C
6-NA,264,134,0,1,0,135,A
6-NA,265,135,0,0,0,135,A
6-NA,266,135,0,0,0,135,A
6-NA,267,0,0,135,0,135,G
6-NA,268,0,0,0,136,136,C
6-NA,269,0,0,0,134,134,C
6-NA,270,0,0,133,0,133,G
6-NA,271,0,0,0,136,136,C
6-NA,272,135,0,1,0,136,A
6-NA,273,139,0,0,0,139,A
6-NA,274,0,137,0,0,137,T
6-NA,275,0,0,138,0,138,G
6-NA,276,0,139,0,0,139,T
6-NA,277,0,1,137,0,138,G
6-NA,278,141,0,0,0,141,A
6-NA,279,0,0,0,143,143,C
6-NA,280,149,0,0,0,149,A
6-NA,281,0,152,0,0,152,T
6-NA,282,0,152,0,0,152,T
6-NA,283,151,0,0,0,151,A
6-NA,284,0,1,0,152,153,C
6-NA,285,153,0,0,0,153,A
6-NA,286,0,0,153,0,153,G
6-NA,287,0,0,151,0,151,G
6-NA,288,0,0,147,0,147,G
6-NA,289,0,151,0,0,151,T
6-NA,290,0,150,0,0,150,T
6-NA,291,0,152,0,0,152,T
6-NA,292,0,0,151,0,151,G
6-NA,293,0,0,0,152,152,C
6-NA,294,152,0,0,0,152,A
6-NA,295,0,0,0,151,151,C
6-NA,296,0,0,0,149,149,C
6-NA,297,0,150,0,0,150,T
6-NA,298,0,150,0,0,150,T
6-NA,299,0,150,0,0,150,T
6-NA,300,0,151,0,0,151,T
6-NA,301,0,154,0,0,154,T
6-NA,302,0,0,0,155,155,C
6-NA,303,0,155,0,0,155,T
6-NA,304,152,0,0,0,152,A
6-NA,305,154,0,0,0,154,A
6-NA,306,0,0,155,0,155,G
6-NA,307,0,0,154,0,154,G
6-NA,308,153,0,0,0,153,A
6-NA,309,0,1,0,153,154,C
6-NA,310,153,0,0,0,153,A
6-NA,311,153,0,1,0,154,A
6-NA,312,0,153,0,0,153,T
6-NA,313,0,152,0,0,152,T
6-NA,314,1,0,0,154,155,C
6-NA,315,0,1,153,0,154,G
6-NA,316,154,0,0,0,154,A
6-NA,317,0,153,0,0,153,T
6-NA,318,0,154,0,0,154,T
6-NA,319,154,0,0,0,154,A
6-NA,320,0,0,154,0,154,G
6-NA,321,1,0,152,0,153,G
6-NA,322,0,1,0,153,154,C
6-NA,323,0,152,0,0,152,T
6-NA,324,0,151,0,0,151,T
6-NA,325,0,152,0,0,152,T
6-NA,326,0,0,0,153,153,C
6-NA,327,0,1,0,151,152,C
6-NA,328,0,0,152,0,152,G
6-NA,329,0,0,0,152,152,C
6-NA,330,0,150,0,1,151,T
6-NA,331,0,1,153,0,154,G
6-NA,332,0,1,151,0,152,G
6-NA,333,0,153,0,0,153,T
6-NA,334,0,0,151,0,151,G
6-NA,335,0,0,151,0,151,G
6-NA,336,0,0,152,0,152,G
6-NA,337,0,0,153,0,153,G
6-NA,338,150,0,0,0,150,A
6-NA,339,0,0,0,153,153,C
6-NA,340,150,0,0,0,150,A
6-NA,341,0,151,0,0,151,T
6-NA,342,0,0,0,149,149,C
6-NA,343,0,150,0,0,150,T
6-NA,344,0,0,151,0,151,G
6-NA,345,0,0,150,0,150,G
6-NA,346,0,0,149,0,149,G
6-NA,347,0,151,0,0,151,T
6-NA,348,0,0,145,0,145,G
6-NA,349,144,0,0,0,144,A
6-NA,350,0,0,0,158,158,C
6-NA,351,157,0,1,0,158,A
6-NA,352,210,0,0,0,210,A
6-NA,353,0,1,226,0,227,G
6-NA,354,228,0,1,0,229,A
6-NA,355,0,1,272,0,273,G
6-NA,356,316,0,0,0,316,A
6-NA,357,413,0,1,0,414,A
6-NA,358,0,1,0,773,774,C
6-NA,359,0,0,0,917,917,C
6-NA,360,0,924,0,0,924,T
6-NA,361,0,940,0,1,941,T
6-NA,362,950,0,0,0,950,A
6-NA,363,0,958,0,0,958,T
6-NA,364,0,0,1072,0,1072,G
6-NA,365,1,1093,0,1,1095,T
6-NA,366,0,0,1152,0,1152,G
6-NA,367,0,1151,0,1,1152,T
6-NA,368,2,0,0,1154,1156,C
6-NA,369,1158,0,0,26,1184,A
6-NA,370,1,1187,0,0,1188,T
6-NA,371,0,0,1182,0,1182,G
6-NA,372,0,1,0,1189,1190,C
6-NA,373,2,1,1191,0,1194,G
6-NA,374,1497,0,0,0,1497,A
6-NA,375,0,1499,0,1,1500,T
6-NA,376,1,1,0,1556,1558,C
6-NA,377,2,0,0,1556,1558,C
6-NA,378,0,1612,0,8,1620,T
6-NA,379,0,2,1652,0,1654,G
6-NA,380,1649,0,3,0,1652,A
6-NA,381,0,0,0,1661,1661,C
6-NA,382,1656,0,1,0,1657,A
6-NA,383,1661,1,1,0,1663,A
6-NA,384,0,1,1750,0,1751,G
6-NA,385,0,1752,0,1,1753,T
6-NA,386,2,1,1801,0,1804,G
6-NA,387,0,1803,1,1,1805,T
6-NA,388,0,1807,0,2,1809,T
6-NA,389,1811,0,2,0,1813,A
6-NA,390,0,1811,0,1,1812,T
6-NA,391,1,0,0,1846,1847,C
6-NA,392,1859,0,0,0,1859,A
6-NA,393,1855,1,1,0,1857,A
6-NA,394,1,1862,0,2,1865,T
6-NA,395,0,1857,0,0,1857,T
6-NA,396,0,1860,0,0,1860,T
6-NA,397,0,0,1871,1,1872,G
6-NA,398,0,8,0,2045,2053,C
6-NA,399,1,1,0,2052,2054,C
6-NA,400,4,0,0,2069,2073,C
6-NA,401,0,2065,0,3,2068,T
6-NA,402,0,2068,0,1,2069,T
6-NA,403,1,4,2118,0,2123,G
6-NA,404,1,2,2123,2,2128,G
6-NA,405,2136,0,6,0,2142,A
6-NA,406,1,3,1,2138,2143,C
6-NA,407,2107,0,6,0,2113,A
6-NA,408,0,1,2187,0,2188,G
6-NA,409,0,3,2180,0,2183,G
6-NA,410,1,5,2301,1,2308,G
6-NA,411,2309,1,4,0,2314,A
6-NA,412,2308,0,3,1,2312,A
6-NA,413,0,3,0,2316,2319,C
6-NA,414,2306,1,4,2,2313,A
6-NA,415,2633,0,3,0,2636,A
6-NA,416,0,2,0,2653,2655,C
6-NA,417,2634,0,5,0,2639,A
6-NA,418,13,1,0,2644,2658,C
6-NA,419,0,2621,0,5,2626,T
6-NA,420,2663,0,0,0,2663,A
6-NA,421,2657,0,3,0,2660,A
6-NA,422,2682,1,2,1,2686,A
6-NA,423,0,0,0,2689,2689,C
6-NA,424,2593,0,1,0,2594,A
6-NA,425,2630,0,3,0,2633,A
6-NA,426,0,2,0,2654,2656,C
6-NA,427,2,0,2652,0,2654,G
6-NA,428,1,2655,0,0,2656,T
6-NA,429,2629,1,3,0,2633,A
6-NA,430,2,0,0,2691,2693,C
6-NA,431,2688,1,3,0,2692,A
6-NA,432,0,2702,0,5,2707,T
6-NA,433,2,2709,0,0,2711,T
6-NA,434,1,1,0,2861,2863,C
6-NA,435,2944,0,5,0,2949,A
6-NA,436,2989,0,0,1,2990,A
6-NA,437,2989,0,0,0,2989,A
6-NA,438,2,2992,0,0,2994,T
6-NA,439,2977,0,1,0,2978,A
6-NA,440,3086,1,4,0,3091,A
6-NA,441,0,0,0,3106,3106,C
6-NA,442,3106,2,1,0,3109,A
6-NA,443,0,1,0,3163,3164,C
6-NA,444,3101,0,9,2,3112,A
6-NA,445,2,1,3892,0,3895,G
6-NA,446,0,3892,0,1,3893,T
6-NA,447,3998,0,2,0,4000,A
6-NA,448,0,3,0,4009,4012,C
6-NA,449,1,4,4012,1,4018,G
6-NA,450,1,4219,0,9,4229,T
6-NA,451,1,9,4223,1,4234,G
6-NA,452,4253,1,9,0,4263,A
6-NA,453,0,4292,0,1,4293,T
6-NA,454,4111,1,2,1,4115,A
6-NA,455,0,4,4112,0,4116,G
6-NA,456,1,6,4092,1,4100,G
6-NA,457,4074,2,39,0,4115,A
6-NA,458,2,2,0,4203,4207,C
6-NA,459,3,0,0,4168,4171,C
6-NA,460,10,0,0,4203,4213,C
6-NA,461,10,0,0,4219,4229,C
6-NA,462,0,4259,0,5,4264,T
6-NA,463,0,4319,0,4,4323,T
6-NA,464,4326,1,3,3,4333,A
6-NA,465,0,4347,0,2,4349,T
6-NA,466,3,1,0,4336,4340,C
6-NA,467,5,2,4305,0,4312,G
6-NA,468,1,8,4311,0,4320,G
6-NA,469,4325,1,2,2,4330,A
6-NA,470,2,2,0,4379,4383,C
6-NA,471,4,0,0,4357,4361,C
6-NA,472,7,0,0,4591,4598,C
6-NA,473,1,4585,0,1,4587,T
6-NA,474,4676,2,1,0,4679,A
6-NA,475,1,4681,0,2,4684,T
6-NA,476,0,4687,1,1,4689,T
6-NA,477,1,8,4675,0,4684,G
6-NA,478,4694,0,7,1,4702,A
6-NA,479,2,4683,0,2,4687,T
6-NA,480,1,7,4687,0,4695,G
6-NA,481,4582,1,2,1,4586,A
6-NA,482,4582,1,12,1,4596,A
6-NA,483,0,4597,0,2,4599,T
6-NA,484,0,8,4668,0,4676,G
6-NA,485,4728,0,3,2,4733,A
6-NA,486,1,2,4791,0,4794,G
6-NA,487,0,4775,1,8,4784,T
6-NA,488,0,4770,0,16,4786,T
6-NA,489,4804,1,2,0,4807,A
6-NA,490,0,8,4819,0,4827,G
6-NA,491,0,2,4830,0,4832,G
6-NA,492,0,4823,0,5,4828,T
6-NA,493,2,0,4827,1,4830,G
6-NA,494,0,4775,0,16,4791,T
6-NA,495,1,4774,0,6,4781,T
6-NA,496,6,2,0,4817,4825,C
6-NA,497,3,2,0,4832,4837,C
6-NA,498,1,4835,0,5,4841,T
6-NA,499,1,4828,0,7,4836,T
6-NA,500,1,4818,0,5,4824,T
6-NA,501,1,4826,0,6,4833,T
6-NA,502,4,1,0,4841,4846,C
6-NA,503,4838,3,2,0,4843,A
6-NA,504,0,4962,0,4,4966,T
6-NA,505,1,1,0,4966,4968,C
6-NA,506,1,4931,0,13,4945,T
6-NA,507,0,17,4912,0,4929,G
6-NA,508,0,9,4901,2,4912,G
6-NA,509,22,5,4905,0,4932,G
6-NA,510,3,11,4982,0,4996,G
6-NA,511,4981,1,6,0,4988,A
6-NA,512,0,2,0,5047,5049,C
6-NA,513,6,4,0,4991,5001,C
6-NA,514,5063,0,3,1,5067,A
6-NA,515,5076,0,8,1,5085,A
6-NA,516,1,0,5080,1,5082,G
6-NA,517,0,0,1,5103,5104,C
6-NA,518,5079,1,3,1,5084,A
6-NA,519,5184,0,5,0,5189,A
6-NA,520,1,2,5215,0,5218,G
6-NA,521,0,5187,1,7,5195,T
6-NA,522,4,1,5375,1,5381,G
6-NA,523,2,5338,0,6,5346,T
6-NA,524,1,0,5553,0,5554,G
6-NA,525,0,2,0,5554,5556,C
6-NA,526,5533,0,9,0,5542,A
6-NA,527,1,5585,0,2,5588,T
6-NA,528,5474,0,8,0,5482,A
6-NA,529,1,0,5645,0,5646,G
6-NA,530,0,1,0,5634,5635,C
6-NA,531,5533,2,7,0,5542,A
6-NA,532,0,5536,0,2,5538,T
6-NA,533,0,9,5380,0,5389,G
6-NA,534,4,1,5714,2,5721,G
6-NA,535,2,5720,0,10,5732,T
6-NA,536,6,2,0,5691,5699,C
6-NA,537,8,1,0,5707,5716,C
6-NA,538,5650,0,11,0,5661,A
6-NA,539,3,2,5750,1,5756,G
6-NA,540,0,1,1,5771,5773,C
6-NA,541,2,5763,0,4,5769,T
6-NA,542,8,0,0,5772,5780,C
6-NA,543,5654,1,1,0,5656,A
6-NA,544,5690,0,6,1,5697,A
6-NA,545,2,0,5710,0,5712,G
6-NA,546,0,5701,0,6,5707,T
6-NA,547,0,5683,1,7,5691,T
6-NA,548,1,3,5679,1,5684,G
6-NA,549,0,5680,0,3,5683,T
6-NA,550,7,0,1,5667,5675,C
6-NA,551,5666,0,9,1,5676,A
6-NA,552,2,0,1,5712,5715,C
6-NA,553,2,7,5695,0,5704,G
6-NA,554,5783,1,4,0,5788,A
6-NA,555,0,5794,0,4,5798,T
6-NA,556,3,4,5875,1,5883,G
6-NA,557,0,4,5899,3,5906,G
6-NA,558,5898,2,16,0,5916,A
6-NA,559,5903,2,6,2,5913,A
6-NA,560,5943,0,16,4,5963,A
6-NA,561,5954,1,10,1,5966,A
6-NA,562,3,1,6017,0,6021,G
6-NA,563,2,0,1,6005,6008,C
6-NA,564,5983,0,6,0,5989,A
6-NA,565,2,5980,0,1,5983,T
6-NA,566,1,10,6016,1,6028,G
6-NA,567,1,3,6043,1,6048,G
6-NA,568,2,0,1,6090,6093,C
6-NA,569,3,6082,0,6,6091,T
6-NA,570,2,1,6107,0,6110,G
6-NA,571,2,2,0,6078,6082,C
6-NA,572,6099,1,6,0,6106,A
6-NA,573,2,6303,0,3,6308,T
6-NA,574,1,3,6312,0,6316,G
6-NA,575,1,6320,1,4,6326,T
6-NA,576,1,6406,0,40,6447,T
6-NA,577,1,6416,1,4,6422,T
6-NA,578,1,1,6709,0,6711,G
6-NA,579,2,6703,0,5,6710,T
6-NA,580,6716,1,5,0,6722,A
6-NA,581,0,6738,0,2,6740,T
6-NA,582,6654,0,2,0,6656,A
6-NA,583,6663,1,4,0,6668,A
6-NA,584,2,5,0,6612,6619,C
6-NA,585,1,10,6525,0,6536,G
6-NA,586,1,10,6555,0,6566,G
6-NA,587,2,14,6432,0,6448,G
6-NA,588,33,9,6420,0,6462,G
6-NA,589,4,4,6460,1,6469,G
6-NA,590,6437,3,8,0,6448,A
6-NA,591,1,6443,1,8,6453,T
6-NA,592,2,5,6468,0,6475,G
6-NA,593,6494,1,4,1,6500,A
6-NA,594,1,6519,0,1,6521,T
6-NA,595,6497,0,7,0,6504,A
6-NA,596,6634,1,3,1,6639,A
6-NA,597,6630,0,15,1,6646,A
6-NA,598,6650,0,6,0,6656,A
6-NA,599,6671,0,7,0,6678,A
6-NA,600,1,6654,0,3,6658,T
6-NA,601,1,2,6656,2,6661,G
6-NA,602,2,2,1,6635,6640,C
6-NA,603,6639,0,4,0,6643,A
6-NA,604,6671,1,1,0,6673,A
6-NA,605,2,1,0,6729,6732,C
6-NA,606,0,6722,0,5,6727,T
6-NA,607,0,2,6717,0,6719,G
6-NA,608,3,3,1,6721,6728,C
6-NA,609,0,6731,0,0,6731,T
6-NA,610,6725,2,7,0,6734,A
6-NA,611,1,3,6755,0,6759,G
6-NA,612,0,4,1,6777,6782,C
6-NA,613,0,6758,0,16,6774,T
6-NA,614,1,6749,0,10,6760,T
6-NA,615,3,3,0,6818,6824,C
6-NA,616,6854,1,2,0,6857,A
6-NA,617,2,6866,0,3,6871,T
6-NA,618,2,6872,0,3,6877,T
6-NA,619,0,6920,0,4,6924,T
6-NA,620,6946,2,2,0,6950,A
6-NA,621,2,4,0,6990,6996,C
6-NA,622,6966,1,4,1,6972,A
6-NA,623,6992,4,10,0,7006,A
6-NA,624,0,6987,0,2,6989,T
6-NA,625,1,12,6957,1,6971,G
6-NA,626,1,7,6935,0,6943,G
6-NA,627,1,6,6954,1,6962,G
6-NA,628,6903,1,10,1,6915,A
6-NA,629,3,8,7033,0,7044,G
6-NA,630,3,0,7106,1,7110,G
6-NA,631,1,2,0,7584,7587,C
6-NA,632,1,7517,0,48,7566,T
6-NA,633,1,7639,1,4,7645,T
6-NA,634,9,2,7696,1,7708,G
6-NA,635,1,7703,1,3,7708,T
6-NA,636,7812,1,11,0,7824,A
6-NA,637,2,6,7851,0,7859,G
6-NA,638,7706,2,13,0,7721,A
6-NA,639,1,7732,0,3,7736,T
6-NA,640,7158,1,3,1,7163,A
6-NA,641,0,3,7164,0,7167,G
6-NA,642,0,7120,0,4,7124,T
6-NA,643,4,2,6991,0,6997,G
6-NA,644,3,7226,1,5,7235,T
6-NA,645,0,7229,0,14,7243,T
6-NA,646,2,2,7335,0,7339,G
6-NA,647,2,7306,0,18,7326,T
6-NA,648,2,7325,1,7,7335,T
6-NA,649,0,7339,1,6,7346,T
6-NA,650,4,2,1,7238,7245,C
6-NA,651,7227,1,7,1,7236,A
6-NA,652,1,7194,0,6,7201,T
6-NA,653,2,12,7190,0,7204,G
6-NA,654,5,6,7563,0,7574,G
6-NA,655,3,7536,0,14,7553,T
6-NA,656,9,4,0,7549,7562,C
6-NA,657,12,3,0,7530,7545,C
6-NA,658,7576,0,6,0,7582,A
6-NA,659,7620,1,7,0,7628,A
6-NA,660,7615,1,9,1,7626,A
6-NA,661,2,6,7673,0,7681,G
6-NA,662,7641,3,6,0,7650,A
6-NA,663,7427,0,12,0,7439,A
6-NA,664,7438,0,9,2,7449,A
6-NA,665,1,7436,0,2,7439,T
6-NA,666,12,0,0,7664,7676,C
6-NA,667,11,3,0,7663,7677,C
6-NA,668,1,7647,1,10,7659,T
6-NA,669,7,3,1,7658,7669,C
6-NA,670,7630,2,8,0,7640,A
6-NA,671,3,8,7684,0,7695,G
6-NA,672,2,10,7683,0,7695,G
6-NA,673,7851,2,18,0,7871,A
6-NA,674,5,1,1,7869,7876,C
6-NA,675,7,2,0,7730,7739,C
6-NA,676,11,5,0,7735,7751,C
6-NA,677,7745,3,4,1,7753,A
6-NA,678,1,5,7762,0,7768,G
6-NA,679,3,10,7788,0,7801,G
6-NA,680,7744,2,18,0,7764,A
6-NA,681,1,3,7843,0,7847,G
6-NA,682,1,7705,0,5,7711,T
6-NA,683,9,3,0,7721,7733,C
6-NA,684,7703,2,10,0,7715,A
6-NA,685,1,4,7756,1,7762,G
6-NA,686,7728,0,7,1,7736,A
6-NA,687,7734,0,4,1,7739,A
6-NA,688,1,7684,0,3,7688,T
6-NA,689,1,4,7711,1,7717,G
6-NA,690,2,4,0,7693,7699,C
6-NA,691,4,0,7754,0,7758,G
6-NA,692,2,7717,1,10,7730,T
6-NA,693,3,7731,0,3,7737,T
6-NA,694,0,7683,0,9,7692,T
6-NA,695,3,1,7735,0,7739,G
6-NA,696,1,7753,0,4,7758,T
6-NA,697,7755,0,5,1,7761,A
6-NA,698,2,7723,0,9,7734,T
6-NA,699,7,2,0,7725,7734,C
6-NA,700,7702,1,2,2,7707,A
6-NA,701,7699,0,6,1,7706,A
6-NA,702,2,7708,0,4,7714,T
6-NA,703,1,12,7693,0,7706,G
6-NA,704,60,5,7660,2,7727,G
6-NA,705,7804,1,7,0,7812,A
6-NA,706,7809,1,8,0,7818,A
6-NA,707,1,0,0,7870,7871,C
6-NA,708,0,7903,0,15,7918,T
6-NA,709,2,7883,1,5,7891,T
6-NA,710,0,0,8125,1,8126,G
6-NA,711,2,8022,0,101,8125,T
6-NA,712,8123,0,6,0,8129,A
6-NA,713,2,3,1,8243,8249,C
6-NA,714,8063,2,7,0,8072,A
6-NA,715,3,3,8595,0,8601,G
6-NA,716,1,8545,0,4,8550,T
6-NA,717,8837,2,1,0,8840,A
6-NA,718,4,4,8877,0,8885,G
6-NA,719,2,8719,0,4,8725,T
6-NA,720,8693,0,23,0,8716,A
6-NA,721,8707,0,2,0,8709,A
6-NA,722,0,8628,0,3,8631,T
6-NA,723,1,18,8648,0,8667,G
6-NA,724,8406,0,13,0,8419,A
6-NA,725,0,1,0,8485,8486,C
6-NA,726,2,8225,0,7,8234,T
6-NA,727,4,6,8252,0,8262,G
6-NA,728,8240,0,11,0,8251,A
6-NA,729,1,8268,0,5,8274,T
6-NA,730,6,13,8261,0,8280,G
6-NA,731,3,12,8202,0,8217,G
6-NA,732,8,14,8212,0,8234,G
6-NA,733,8051,1,71,0,8123,A
6-NA,734,8,3,8112,1,8124,G
6-NA,735,2,8072,0,7,8081,T
6-NA,736,2,2,8113,0,8117,G
6-NA,737,2,1,0,8181,8184,C
6-NA,738,1,8149,0,10,8160,T
6-NA,739,6,8152,0,13,8171,T
6-NA,740,6,2,0,8166,8174,C
6-NA,741,8153,0,16,3,8172,A
6-NA,742,2,6,8196,0,8204,G
6-NA,743,1,7,8197,1,8206,G
6-NA,744,8118,1,76,0,8195,A
6-NA,745,8121,0,4,1,8126,A
6-NA,746,8065,1,4,1,8071,A
6-NA,747,8057,0,46,0,8103,A
6-NA,748,0,1,8127,0,8128,G
6-NA,749,1,3,1,8113,8118,C
6-NA,750,0,8090,0,4,8094,T
6-NA,751,1,6,8088,0,8095,G
6-NA,752,8091,4,8,2,8105,A
6-NA,753,1,8160,0,4,8165,T
6-NA,754,8201,1,2,0,8204,A
6-NA,755,3,1,0,8540,8544,C
6-NA,756,2,8496,0,3,8501,T
6-NA,757,8501,0,2,0,8503,A
6-NA,758,8493,1,6,2,8502,A
6-NA,759,8494,1,7,2,8504,A
6-NA,760,8676,3,14,0,8693,A
6-NA,761,1,8677,0,4,8682,T
6-NA,762,8688,2,5,2,8697,A
6-NA,763,4,3,0,8713,8720,C
6-NA,764,1,8432,1,9,8443,T
6-NA,765,8558,2,3,1,8564,A
6-NA,766,0,8498,0,10,8508,T
6-NA,767,0,8833,0,7,8840,T
6-NA,768,11,2,0,8883,8896,C
6-NA,769,8736,0,3,0,8739,A
6-NA,770,1,8723,1,3,8728,T
6-NA,771,2,8697,1,2,8702,T
6-NA,772,1,6,8725,0,8732,G
6-NA,773,8689,0,12,1,8702,A
6-NA,774,2,11,8660,2,8675,G
6-NA,775,1,8,8655,0,8664,G
6-NA,776,8359,1,10,1,8371,A
6-NA,777,4,9,8494,0,8507,G
6-NA,778,2,11,8487,0,8500,G
6-NA,779,0,9,8496,0,8505,G
6-NA,780,2,6,8525,1,8534,G
6-NA,781,8470,0,9,2,8481,A
6-NA,782,8490,1,11,0,8502,A
6-NA,783,8462,0,5,0,8467,A
6-NA,784,8470,4,5,1,8480,A
6-NA,785,0,8472,0,2,8474,T
6-NA,786,16,4,0,8392,8412,C
6-NA,787,5,1,8469,0,8475,G
6-NA,788,1,8451,0,0,8452,T
6-NA,789,3,8435,0,6,8444,T
6-NA,790,15,0,1,8447,8463,C
6-NA,791,8461,2,5,1,8469,A
6-NA,792,1,9042,1,2,9046,T
6-NA,793,9010,1,35,0,9046,A
6-NA,794,2,0,0,9087,9089,C
6-NA,795,2,9043,2,8,9055,T
6-NA,796,9045,1,4,0,9050,A
6-NA,797,4,2,9032,3,9041,G
6-NA,798,2,4,0,9032,9038,C
6-NA,799,9018,3,21,0,9042,A
6-NA,800,1,4,1,9053,9059,C
6-NA,801,8630,0,3,0,8633,A
6-NA,802,1,8766,1,4,8772,T
6-NA,803,1,8713,1,5,8720,T
6-NA,804,3,5,9375,1,9384,G
6-NA,805,1,9333,1,6,9341,T
6-NA,806,10,3,1,9324,9338,C
6-NA,807,9302,2,19,1,9324,A
6-NA,808,5,7,9341,1,9354,G
6-NA,809,4,12,9340,0,9356,G
6-NA,810,9333,3,3,1,9340,A
6-NA,811,9190,1,15,0,9206,A
6-NA,812,5,4,9327,0,9336,G
6-NA,813,3,8810,0,20,8833,T
6-NA,814,0,3,8883,0,8886,G
6-NA,815,1,1,2,8872,8876,C
6-NA,816,4,8861,3,12,8880,T
6-NA,817,9,4,1,8887,8901,C
6-NA,818,8851,0,9,0,8860,A
6-NA,819,3,2,8915,0,8920,G
6-NA,820,2,2,0,8921,8925,C
6-NA,821,8896,1,8,0,8905,A
6-NA,822,1,8911,0,1,8913,T
6-NA,823,3,0,9210,3,9216,G
6-NA,824,3,9212,0,11,9226,T
6-NA,825,12,25,0,9179,9216,C
6-NA,826,2,5,9195,0,9202,G
6-NA,827,9163,1,6,1,9171,A
6-NA,828,0,11,9126,1,9138,G
6-NA,829,3,14,9116,0,9133,G
6-NA,830,9035,0,16,1,9052,A
6-NA,831,45,1,9146,0,9192,G
6-NA,832,2,8878,1,6,8887,T
6-NA,833,2,2,8919,1,8924,G
6-NA,834,2,1,0,9065,9068,C
6-NA,835,1,9022,0,17,9040,T
6-NA,836,16,1,1,9077,9095,C
6-NA,837,4,2,0,9103,9109,C
6-NA,838,2,9103,0,7,9112,T
6-NA,839,2,2,9151,0,9155,G
6-NA,840,0,4,0,9046,9050,C
6-NA,841,0,8987,1,7,8995,T
6-NA,842,9048,0,3,0,9051,A
6-NA,843,0,8850,0,9,8859,T
6-NA,844,9,1,1,8924,8935,C
6-NA,845,10,2,0,8902,8914,C
6-NA,846,2,8895,1,15,8913,T
6-NA,847,8,2,0,8978,8988,C
6-NA,848,4,5,8969,0,8978,G
6-NA,849,9045,0,4,0,9049,A
6-NA,850,0,9039,2,10,9051,T
6-NA,851,9034,1,4,0,9039,A
6-NA,852,0,9026,1,6,9033,T
6-NA,853,3,0,3,9002,9008,C
6-NA,854,10,0,0,8992,9002,C
6-NA,855,1,8943,0,11,8955,T
6-NA,856,4,9,9009,0,9022,G
6-NA,857,0,2,9052,0,9054,G
6-NA,858,1,9151,0,14,9166,T
6-NA,859,2,4,9175,0,9181,G
6-NA,860,1,9094,0,19,9114,T
6-NA,861,14,3,0,9088,9105,C
6-NA,862,9090,3,12,1,9106,A
6-NA,863,3,7,9111,1,9122,G
6-NA,864,9105,0,13,0,9118,A
6-NA,865,0,9024,0,7,9031,T
6-NA,866,4,4,9038,0,9046,G
6-NA,867,1,8937,0,3,8941,T
6-NA,868,1,3,8959,1,8964,G
6-NA,869,1,8934,1,11,8947,T
6-NA,870,9,5,1,8953,8968,C
6-NA,871,0,8928,1,24,8953,T
6-NA,872,5,1,8970,0,8976,G
6-NA,873,2,2,0,8960,8964,C
6-NA,874,8950,0,20,0,8970,A
6-NA,875,3,7,8968,0,8978,G
6-NA,876,8777,4,6,1,8788,A
6-NA,877,1,13,8813,2,8829,G
6-NA,878,8791,2,11,0,8804,A
6-NA,879,2,4,1,8859,8866,C
6-NA,880,8860,2,7,1,8870,A
6-NA,881,8957,1,7,0,8965,A
6-NA,882,6,2,0,8990,8998,C
6-NA,883,7,8985,2,5,8999,T
6-NA,884,3,7,9008,1,9019,G
6-NA,885,1,7,8994,1,9003,G
6-NA,886,8982,1,6,1,8990,A
6-NA,887,8974,3,7,1,8985,A
6-NA,888,8831,2,12,0,8845,A
6-NA,889,2,7,8832,0,8841,G
6-NA,890,3,11,8722,2,8738,G
6-NA,891,8641,3,10,0,8654,A
6-NA,892,2,8845,0,2,8849,T
6-NA,893,6,3,1,8888,8898,C
6-NA,894,9,3,0,9059,9071,C
6-NA,895,9097,1,4,0,9102,A
6-NA,896,9085,0,7,1,9093,A
6-NA,897,2,9092,1,0,9095,T
6-NA,898,8877,0,7,0,8884,A
6-NA,899,1,7,8839,0,8847,G
6-NA,900,3,2,8863,0,8868,G
6-NA,901,4,6,0,8846,8856,C
6-NA,902,5,6,0,8813,8824,C
6-NA,903,7,6,0,8619,8632,C
6-NA,904,8684,1,2,1,8688,A
6-NA,905,0,8734,0,21,8755,T
6-NA,906,6,0,2,8754,8762,C
6-NA,907,3,2,8786,0,8791,G
6-NA,908,0,8763,1,2,8766,T
6-NA,909,8658,1,14,0,8673,A
6-NA,910,2,2,8787,0,8791,G
6-NA,911,8859,0,6,0,8865,A
6-NA,912,3,8841,1,8,8853,T
6-NA,913,8723,2,1,0,8726,A
6-NA,914,1,8646,1,4,8652,T
6-NA,915,8659,0,3,1,8663,A
6-NA,916,8657,4,2,2,8665,A
6-NA,917,9255,3,7,1,9266,A
6-NA,918,1,2,0,9496,9499,C
6-NA,919,9355,1,4,0,9360,A
6-NA,920,1,9263,0,11,9275,T
6-NA,921,2916,7,6298,0,9221,G
6-NA,922,9236,1,6,1,9244,A
6-NA,923,9233,0,13,1,9247,A
6-NA,924,2,11,9330,0,9343,G
6-NA,925,17,6,9411,0,9434,G
6-NA,926,8579,3,11,0,8593,A
6-NA,927,2,8578,0,10,8590,T
6-NA,928,6,14,0,8576,8596,C
6-NA,929,8629,2,13,0,8644,A
6-NA,930,1,8637,0,7,8645,T
6-NA,931,8627,2,4,1,8634,A
6-NA,932,12,1,8683,1,8697,G
6-NA,933,2,4,1,8601,8608,C
6-NA,934,8418,2,0,1,8421,A
6-NA,935,1,8140,0,8,8149,T
6-NA,936,1,8176,0,1,8178,T
6-NA,937,3,2,8154,0,8159,G
6-NA,938,1,8151,0,11,8163,T
6-NA,939,9,1,0,8092,8102,C
6-NA,940,1,8659,1,9,8670,T
6-NA,941,7,1,0,8744,8752,C
6-NA,942,5,3,1,8778,8787,C
6-NA,943,8899,3,8,0,8910,A
6-NA,944,0,4,9015,1,9020,G
6-NA,945,0,8986,1,18,9005,T
6-NA,946,0,8679,1,6,8686,T
6-NA,947,8702,0,3,0,8705,A
6-NA,948,1,8528,0,12,8541,T
6-NA,949,2,1,8534,0,8537,G
6-NA,950,1,8448,0,6,8455,T
6-NA,951,2,1,8486,0,8489,G
6-NA,952,2,8267,0,11,8280,T
6-NA,953,2,0,8433,0,8435,G
6-NA,954,0,8426,0,11,8437,T
6-NA,955,1,8403,0,10,8414,T
6-NA,956,6,4,1,8398,8409,C
6-NA,957,8362,0,8,0,8370,A
6-NA,958,1,10,8412,0,8423,G
6-NA,959,0,10,8412,1,8423,G
6-NA,960,8322,3,12,23,8360,A
6-NA,961,1,21,0,8362,8384,C
6-NA,962,0,8166,0,8,8174,T
6-NA,963,1,8205,1,4,8211,T
6-NA,964,2,3,8477,0,8482,G
6-NA,965,1,8458,2,10,8471,T
6-NA,966,1,8467,0,9,8477,T
6-NA,967,3,3,8432,0,8438,G
6-NA,968,0,9,8431,1,8441,G
6-NA,969,8415,2,17,0,8434,A
6-NA,970,3,12,8427,0,8442,G
6-NA,971,8415,2,7,2,8426,A
6-NA,972,2,4,0,8435,8441,C
6-NA,973,8144,1,9,0,8154,A
6-NA,974,1,1,0,8181,8183,C
6-NA,975,8184,1,7,1,8193,A
6-NA,976,7,0,0,8198,8205,C
6-NA,977,12,1,1,8148,8162,C
6-NA,978,10,5,0,8181,8196,C
6-NA,979,8180,0,2,0,8182,A
6-NA,980,1,3,8209,0,8213,G
6-NA,981,8190,2,4,0,8196,A
6-NA,982,8215,0,13,0,8228,A
6-NA,983,8186,1,6,0,8193,A
6-NA,984,8161,0,1,1,8163,A
6-NA,985,8128,0,8,1,8137,A
6-NA,986,8137,1,9,2,8149,A
6-NA,987,0,1,0,8151,8152,C
6-NA,988,2,22,8113,0,8137,G
6-NA,989,8113,1,7,0,8121,A
6-NA,990,1,2,0,8121,8124,C
6-NA,991,8086,1,20,0,8107,A
6-NA,992,0,1,8169,0,8170,G
6-NA,993,2,0,1,8396,8399,C
6-NA,994,0,8365,0,12,8377,T
6-NA,995,14,2,0,8371,8387,C
6-NA,996,6,3,0,8403,8412,C
6-NA,997,8409,0,9,0,8418,A
6-NA,998,1,2,8474,0,8477,G
6-NA,999,2,0,0,8483,8485,C
6-NA,1000,8456,1,6,0,8463,A
6-NA,1001,4,3,8453,1,8461,G
6-NA,1002,0,8066,0,6,8072,T
6-NA,1003,8026,4,43,0,8073,A
6-NA,1004,1,3,8066,1,8071,G
6-NA,1005,2,3,1,8052,8058,C
6-NA,1006,10,6,0,8056,8072,C
6-NA,1007,7944,0,5,0,7949,A
6-NA,1008,0,7939,2,8,7949,T
6-NA,1009,1,7951,1,1,7954,T
6-NA,1010,1,1,8073,0,8075,G
6-NA,1011,0,8029,0,7,8036,T
6-NA,1012,0,8009,1,7,8017,T
6-NA,1013,5,7982,0,13,8000,T
6-NA,1014,4,6,7928,0,7938,G
6-NA,1015,0,3,7998,0,8001,G
6-NA,1016,7971,1,7,0,7979,A
6-NA,1017,3,8027,1,10,8041,T
6-NA,1018,13,0,1,8020,8034,C
6-NA,1019,7,0,1,7924,7932,C
6-NA,1020,6,7913,0,10,7929,T
6-NA,1021,7932,1,4,0,7937,A
6-NA,1022,7951,1,5,1,7958,A
6-NA,1023,3,0,0,8047,8050,C
6-NA,1024,7903,0,4,0,7907,A
6-NA,1025,7930,2,3,0,7935,A
6-NA,1026,0,7834,0,2,7836,T
6-NA,1027,2,3,7828,1,7834,G
6-NA,1028,7769,2,4,1,7776,A
6-NA,1029,1,11,7489,1,7502,G
6-NA,1030,0,5,7637,0,7642,G
6-NA,1031,7621,2,9,0,7632,A
6-NA,1032,7621,1,23,2,7647,A
6-NA,1033,2,6,7671,1,7680,G
6-NA,1034,0,5,7690,0,7695,G
6-NA,1035,2,7618,0,2,7622,T
6-NA,1036,1,7,7590,0,7598,G
6-NA,1037,2,1,7742,1,7746,G
6-NA,1038,1,7662,0,14,7677,T
6-NA,1039,20,2,1,7633,7656,C
6-NA,1040,7662,0,3,0,7665,A
6-NA,1041,0,7628,0,6,7634,T
6-NA,1042,3,16,7578,0,7597,G
6-NA,1043,3,14,7518,0,7535,G
6-NA,1044,2,6,7197,0,7205,G
6-NA,1045,2,5,7483,1,7491,G
6-NA,1046,2,7482,0,9,7493,T
6-NA,1047,1,9,7494,0,7504,G
6-NA,1048,7482,2,4,0,7488,A
6-NA,1049,7481,1,7,0,7489,A
6-NA,1050,7499,0,9,0,7508,A
6-NA,1051,1,3,7522,0,7526,G
6-NA,1052,2,0,7468,0,7470,G
6-NA,1053,1,4,0,7439,7444,C
6-NA,1054,1,7177,2,13,7193,T
6-NA,1055,6,6,7184,0,7196,G
6-NA,1056,1,3,7194,0,7198,G
6-NA,1057,3,1,7264,1,7269,G
6-NA,1058,4,4,0,7248,7256,C
6-NA,1059,7,0,0,7226,7233,C
6-NA,1060,2,7143,0,11,7156,T
6-NA,1061,0,7160,0,3,7163,T
6-NA,1062,2,7156,0,1,7159,T
6-NA,1063,1,8,7187,0,7196,G
6-NA,1064,7168,2,8,1,7179,A
6-NA,1065,5,7111,0,4,7120,T
6-NA,1066,1,7,7011,0,7019,G
6-NA,1067,6919,0,11,0,6930,A
6-NA,1068,1,6944,0,2,6947,T
6-NA,1069,0,2,6955,0,6957,G
6-NA,1070,0,3,7024,2,7029,G
6-NA,1071,7016,0,5,2,7023,A
6-NA,1072,7011,0,2,0,7013,A
6-NA,1073,7007,0,3,1,7011,A
6-NA,1074,1,6999,0,7,7007,T
6-NA,1075,1,4,7021,0,7026,G
6-NA,1076,7016,0,9,0,7025,A
6-NA,1077,1,5,0,6970,6976,C
6-NA,1078,4,1,6998,1,7004,G
6-NA,1079,0,6824,2,5,6831,T
6-NA,1080,1,2,6886,0,6889,G
6-NA,1081,3,6861,1,4,6869,T
6-NA,1082,2,8,6875,1,6886,G
6-NA,1083,2,2,6924,0,6928,G
6-NA,1084,6870,1,7,0,6878,A
6-NA,1085,0,6861,1,3,6865,T
6-NA,1086,3,19,6815,0,6837,G
6-NA,1087,2,7,6804,1,6814,G
6-NA,1088,0,2,6841,0,6843,G
6-NA,1089,6787,2,10,0,6799,A
6-NA,1090,6764,1,8,3,6776,A
6-NA,1091,0,8,6757,0,6765,G
6-NA,1092,6648,3,12,0,6663,A
6-NA,1093,6669,2,6,0,6677,A
6-NA,1094,2,3,0,6633,6638,C
6-NA,1095,0,4,6596,0,6600,G
6-NA,1096,6577,2,4,0,6583,A
6-NA,1097,2,6456,2,7,6467,T
6-NA,1098,5,1,0,6469,6475,C
6-NA,1099,6454,2,5,0,6461,A
6-NA,1100,3,1,6467,0,6471,G
6-NA,1101,3,3,0,6446,6452,C
6-NA,1102,1,11,6442,0,6454,G
6-NA,1103,6428,3,10,0,6441,A
6-NA,1104,1,5,6436,1,6443,G
6-NA,1105,6427,0,4,2,6433,A
6-NA,1106,6436,0,8,1,6445,A
6-NA,1107,1,2,6473,0,6476,G
6-NA,1108,1,6408,2,7,6418,T
6-NA,1109,13,1,0,6350,6364,C
6-NA,1110,6337,0,5,0,6342,A
6-NA,1111,2,0,0,6516,6518,C
6-NA,1112,2,1,6528,0,6531,G
6-NA,1113,2,27,0,6502,6531,C
6-NA,1114,2,6477,0,6,6485,T
6-NA,1115,0,6509,2,3,6514,T
6-NA,1116,6398,2,5,0,6405,A
6-NA,1117,2,10,6507,1,6520,G
6-NA,1118,0,5,6508,2,6515,G
6-NA,1119,3,3,6601,0,6607,G
6-NA,1120,2,6128,0,4,6134,T
6-NA,1121,6108,2,3,0,6113,A
6-NA,1122,3,6100,0,1,6104,T
6-NA,1123,2,8,6083,0,6093,G
6-NA,1124,6077,2,4,1,6084,A
6-NA,1125,6070,0,0,1,6071,A
6-NA,1126,5767,1,8,2,5778,A
6-NA,1127,3,1,0,5753,5757,C
6-NA,1128,4,0,0,5588,5592,C
6-NA,1129,0,5486,0,12,5498,T
6-NA,1130,2,5492,0,4,5498,T
6-NA,1131,7,1,0,5488,5496,C
6-NA,1132,5493,1,3,0,5497,A
6-NA,1133,5500,1,2,0,5503,A
6-NA,1134,5487,2,9,0,5498,A
6-NA,1135,1,1,5528,0,5530,G
6-NA,1136,3,5403,1,2,5409,T
6-NA,1137,7,0,0,5394,5401,C
6-NA,1138,5482,3,4,0,5489,A
6-NA,1139,0,5490,0,3,5493,T
6-NA,1140,2,5485,0,2,5489,T
6-NA,1141,0,2,5493,0,5495,G
6-NA,1142,5471,1,5,0,5477,A
6-NA,1143,5480,1,9,0,5490,A
6-NA,1144,1,4,5467,0,5472,G
6-NA,1145,2,5,5459,0,5466,G
6-NA,1146,3,2,0,5444,5449,C
6-NA,1147,1,5171,1,2,5175,T
6-NA,1148,1,2,5207,0,5210,G
6-NA,1149,2,1,5299,0,5302,G
6-NA,1150,1,5285,0,9,5295,T
6-NA,1151,8,2,0,5276,5286,C
6-NA,1152,5,5,1,5237,5248,C
6-NA,1153,5219,0,6,0,5225,A
6-NA,1154,5228,3,7,0,5238,A
6-NA,1155,4,2,0,5252,5258,C
6-NA,1156,8,0,1,5236,5245,C
6-NA,1157,23,1,1,5192,5217,C
6-NA,1158,0,4884,0,3,4887,T
6-NA,1159,4879,0,3,0,4882,A
6-NA,1160,4878,2,6,0,4886,A
6-NA,1161,1,0,4913,0,4914,G
6-NA,1162,1,4871,0,5,4877,T
6-NA,1163,3,3,0,4846,4852,C
6-NA,1164,8,1,0,4728,4737,C
6-NA,1165,4719,0,2,0,4721,A
6-NA,1166,4711,0,1,1,4713,A
6-NA,1167,4716,1,1,0,4718,A
6-NA,1168,0,4710,0,4,4714,T
6-NA,1169,0,4704,1,1,4706,T
6-NA,1170,1,1,4667,0,4669,G
6-NA,1171,1,0,0,4627,4628,C
6-NA,1172,4616,0,7,0,4623,A
6-NA,1173,0,2,4635,0,4637,G
6-NA,1174,4625,0,5,0,4630,A
6-NA,1175,1,4686,0,2,4689,T
6-NA,1176,4688,0,0,0,4688,A
6-NA,1177,4679,0,4,1,4684,A
6-NA,1178,4677,1,4,0,4682,A
6-NA,1179,0,4648,1,4,4653,T
6-NA,1180,4612,1,13,0,4626,A
6-NA,1181,1,4,4625,0,4630,G
6-NA,1182,1,0,4601,0,4602,G
6-NA,1183,1,3,1,4560,4565,C
6-NA,1184,4387,0,1,1,4389,A
6-NA,1185,4412,0,6,0,4418,A
6-NA,1186,4,0,4449,0,4453,G
6-NA,1187,3,4438,0,7,4448,T
6-NA,1188,17,0,1,4430,4448,C
6-NA,1189,4446,0,12,0,4458,A
6-NA,1190,1,4424,0,4,4429,T
6-NA,1191,4459,1,3,0,4463,A
6-NA,1192,3,0,4464,1,4468,G
6-NA,1193,1,4456,0,0,4457,T
6-NA,1194,0,4215,0,17,4232,T
6-NA,1195,0,10,4130,1,4141,G
6-NA,1196,4109,0,6,0,4115,A
6-NA,1197,1,0,0,4107,4108,C
6-NA,1198,4003,0,2,0,4005,A
6-NA,1199,2,6,4020,0,4028,G
6-NA,1200,3934,1,4,0,3939,A
6-NA,1201,0,2,4005,0,4007,G
6-NA,1202,0,2,4004,0,4006,G
6-NA,1203,2,3958,0,3,3963,T
6-NA,1204,3953,1,1,0,3955,A
6-NA,1205,3943,0,7,0,3950,A
6-NA,1206,0,3941,0,1,3942,T
6-NA,1207,3916,0,4,0,3920,A
6-NA,1208,0,2,3751,0,3753,G
6-NA,1209,1,0,3580,0,3581,G
6-NA,1210,1,2994,1,1,2997,T
6-NA,1211,6,0,0,2949,2955,C
6-NA,1212,2,0,0,2919,2921,C
6-NA,1213,1,4,2916,0,2921,G
6-NA,1214,1,0,2923,0,2924,G
6-NA,1215,0,2908,1,0,2909,T
6-NA,1216,0,2896,0,1,2897,T
6-NA,1217,2817,0,0,0,2817,A
6-NA,1218,0,2714,0,0,2714,T
6-NA,1219,0,2698,0,5,2703,T
6-NA,1220,2,0,0,2702,2704,C
6-NA,1221,1,2502,1,8,2512,T
6-NA,1222,2,2,2491,0,2495,G
6-NA,1223,0,0,2489,1,2490,G
6-NA,1224,0,2473,0,0,2473,T
6-NA,1225,2468,0,1,0,2469,A
6-NA,1226,2,2416,0,2,2420,T
6-NA,1227,0,2421,0,3,2424,T
6-NA,1228,1,2411,0,3,2415,T
6-NA,1229,0,2427,0,1,2428,T
6-NA,1230,4,0,0,2423,2427,C
6-NA,1231,0,2398,0,6,2404,T
6-NA,1232,3,0,0,2416,2419,C
6-NA,1233,0,2402,1,3,2406,T
6-NA,1234,1,0,2440,0,2441,G
6-NA,1235,0,2437,0,3,2440,T
6-NA,1236,0,2425,0,3,2428,T
6-NA,1237,0,0,2427,0,2427,G
6-NA,1238,2387,1,3,0,2391,A
6-NA,1239,2381,0,5,0,2386,A
6-NA,1240,0,2,2401,0,2403,G
6-NA,1241,0,0,2402,0,2402,G
6-NA,1242,1,1,1,2399,2402,C
6-NA,1243,2347,1,2,0,2350,A
6-NA,1244,2347,0,5,0,2352,A
6-NA,1245,2353,1,3,1,2358,A
6-NA,1246,2355,0,1,0,2356,A
6-NA,1247,1,1,2361,0,2363,G
6-NA,1248,0,0,0,2354,2354,C
6-NA,1249,0,2326,0,3,2329,T
6-NA,1250,1,0,2356,1,2358,G
6-NA,1251,1,0,0,2348,2349,C
6-NA,1252,2354,0,2,0,2356,A
6-NA,1253,1,2350,0,6,2357,T
6-NA,1254,3,1,0,2327,2331,C
6-NA,1255,2334,1,1,0,2336,A
6-NA,1256,2331,1,1,0,2333,A
6-NA,1257,0,2322,1,2,2325,T
6-NA,1258,1,1,0,2324,2326,C
6-NA,1259,0,6,2289,0,2295,G
6-NA,1260,2,0,2322,0,2324,G
6-NA,1261,0,2315,0,5,2320,T
6-NA,1262,1,2,2329,0,2332,G
6-NA,1263,0,0,0,2347,2347,C
6-NA,1264,0,2329,1,9,2339,T
6-NA,1265,0,2356,1,3,2360,T
6-NA,1266,0,2351,1,3,2355,T
6-NA,1267,1,2355,0,13,2369,T
6-NA,1268,2384,0,3,0,2387,A
6-NA,1269,0,2286,0,3,2289,T
6-NA,1270,1,0,2286,0,2287,G
6-NA,1271,0,2264,0,0,2264,T
6-NA,1272,1,4,2232,1,2238,G
6-NA,1273,1,3,2264,0,2268,G
6-NA,1274,2201,1,3,0,2205,A
6-NA,1275,19,0,2206,0,2225,G
6-NA,1276,0,2210,0,1,2211,T
6-NA,1277,0,2199,0,2,2201,T
6-NA,1278,1,0,2222,0,2223,G
6-NA,1279,2209,0,7,0,2216,A
6-NA,1280,0,2216,0,0,2216,T
6-NA,1281,2201,0,1,0,2202,A
6-NA,1282,2139,0,2,0,2141,A
6-NA,1283,0,3,2149,0,2152,G
6-NA,1284,0,4,2114,0,2118,G
6-NA,1285,0,0,2107,0,2107,G
6-NA,1286,1,1,2106,0,2108,G
6-NA,1287,2061,0,1,1,2063,A
6-NA,1288,2049,0,9,1,2059,A
6-NA,1289,1,2,2073,0,2076,G
6-NA,1290,2072,1,3,0,2076,A
6-NA,1291,2071,1,1,0,2073,A
6-NA,1292,2051,0,0,0,2051,A
6-NA,1293,2015,0,4,1,2020,A
6-NA,1294,0,1,2021,0,2022,G
6-NA,1295,2004,0,6,0,2010,A
6-NA,1296,0,2,2007,0,2009,G
6-NA,1297,0,1,2008,0,2009,G
6-NA,1298,1970,1,3,0,1974,A
6-NA,1299,1972,0,1,0,1973,A
6-NA,1300,1975,0,1,1,1977,A
6-NA,1301,0,0,0,1990,1990,C
6-NA,1302,1,1986,0,0,1987,T
6-NA,1303,1,2,1989,0,1992,G
6-NA,1304,1988,0,1,0,1989,A
6-NA,1305,1983,0,2,0,1985,A
6-NA,1306,0,0,1990,0,1990,G
6-NA,1307,0,1966,0,4,1970,T
6-NA,1308,1,2,0,1976,1979,C
6-NA,1309,1,1967,1,2,1971,T
6-NA,1310,0,1952,0,0,1952,T
6-NA,1311,0,1,1954,0,1955,G
6-NA,1312,2,1938,0,2,1942,T
6-NA,1313,0,4,1933,0,1937,G
6-NA,1314,1,0,1937,0,1938,G
6-NA,1315,1905,0,4,0,1909,A
6-NA,1316,0,2,0,1918,1920,C
6-NA,1317,3,0,0,1866,1869,C
6-NA,1318,0,1862,1,5,1868,T
6-NA,1319,3,2,0,1865,1870,C
6-NA,1320,1875,0,0,1,1876,A
6-NA,1321,1872,0,2,1,1875,A
6-NA,1322,1871,0,4,0,1875,A
6-NA,1323,0,11,0,1884,1895,C
6-NA,1324,1854,0,0,0,1854,A
6-NA,1325,0,1,1888,0,1889,G
6-NA,1326,0,1859,0,1,1860,T
6-NA,1327,1860,0,1,0,1861,A
6-NA,1328,0,1840,0,0,1840,T
6-NA,1329,0,1817,0,0,1817,T
6-NA,1330,0,0,1830,0,1830,G
6-NA,1331,0,1825,0,0,1825,T
6-NA,1332,0,1750,0,1,1751,T
6-NA,1333,0,1,1755,0,1756,G
6-NA,1334,2,1631,0,0,1633,T
6-NA,1335,0,0,1638,0,1638,G
6-NA,1336,0,1628,0,2,1630,T
6-NA,1337,0,1609,0,0,1609,T
6-NA,1338,1,1609,0,1,1611,T
6-NA,1339,0,1561,0,1,1562,T
6-NA,1340,0,1,1564,0,1565,G
6-NA,1341,2,1559,0,3,1564,T
6-NA,1342,0,2,1553,0,1555,G
6-NA,1343,0,1,1553,0,1554,G
6-NA,1344,0,0,0,1530,1530,C
6-NA,1345,1528,0,2,0,1530,A
6-NA,1346,0,1,0,1545,1546,C
6-NA,1347,4,0,0,1535,1539,C
6-NA,1348,0,1523,0,14,1537,T
6-NA,1349,1,0,0,1538,1539,C
6-NA,1350,1531,0,3,0,1534,A
6-NA,1351,1,0,1549,0,1550,G
6-NA,1352,1,0,1546,0,1547,G
6-NA,1353,0,1549,0,0,1549,T
6-NA,1354,1535,0,2,0,1537,A
6-NA,1355,0,1,1,1459,1461,C
6-NA,1356,1454,1,0,0,1455,A
6-NA,1357,0,1452,0,1,1453,T
6-NA,1358,1364,0,42,0,1406,A
6-NA,1359,0,1399,0,2,1401,T
6-NA,1360,0,1,1310,0,1311,G
6-NA,1361,1,2,1305,0,1308,G
6-NA,1362,1289,0,3,0,1292,A
6-NA,1363,1267,1,3,0,1271,A
6-NA,1364,2,2,0,1244,1248,C
6-NA,1365,1030,0,3,0,1033,A
6-NA,1366,0,0,1039,0,1039,G
6-NA,1367,0,0,1035,0,1035,G
6-NA,1368,0,2,0,1041,1043,C
6-NA,1369,1,1034,0,2,1037,T
6-NA,1370,1,0,0,976,977,C
6-NA,1371,970,0,1,0,971,A
6-NA,1372,0,969,0,1,970,T
6-NA,1373,0,0,966,0,966,G
6-NA,1374,0,0,967,0,967,G
6-NA,1375,0,1,0,933,934,C
6-NA,1376,0,1,0,928,929,C
6-NA,1377,0,859,0,0,859,T
6-NA,1378,0,0,860,0,860,G
6-NA,1379,853,0,1,0,854,A
6-NA,1380,0,853,0,0,853,T
6-NA,1381,0,2,833,0,835,G
6-NA,1382,0,2,815,0,817,G
6-NA,1383,0,0,772,0,772,G
6-NA,1384,1,0,772,0,773,G
6-NA,1385,0,2,0,756,758,C
6-NA,1386,1,0,755,0,756,G
6-NA,1387,0,0,753,0,753,G
6-NA,1388,745,0,0,0,745,A
6-NA,1389,0,0,0,743,743,C
6-NA,1390,741,0,0,0,741,A
6-NA,1391,0,731,0,2,733,T
6-NA,1392,1,0,0,718,719,C
6-NA,1393,712,0,0,0,712,A
6-NA,1394,709,1,1,0,711,A
6-NA,1395,0,715,0,0,715,T
6-NA,1396,2,0,0,691,693,C
6-NA,1397,0,677,0,0,677,T
6-NA,1398,2,2,0,577,581,C
6-NA,1399,576,1,1,0,578,A
6-NA,1400,1,575,0,1,577,T
6-NA,1401,0,0,577,0,577,G
6-NA,1402,0,0,0,573,573,C
6-NA,1403,0,0,0,560,560,C
6-NA,1404,1,505,0,1,507,T
6-NA,1405,498,0,0,0,498,A
6-NA,1406,0,496,0,1,497,T
6-NA,1407,491,0,0,0,491,A
6-NA,1408,0,486,0,0,486,T
6-NA,1409,454,0,0,0,454,A
6-NA,1410,437,0,0,0,437,A
7-M,1,45,0,0,0,45,A
7-M,2,0,45,0,0,45,T
7-M,3,0,0,45,0,45,G
7-M,4,44,0,1,0,45,A
7-M,5,0,0,53,0,53,G
7-M,6,0,0,0,59,59,C
7-M,7,0,0,0,61,61,C
7-M,8,0,80,0,0,80,T
7-M,9,0,80,0,0,80,T
7-M,10,0,0,0,81,81,C
7-M,11,0,81,0,0,81,T
7-M,12,81,0,0,0,81,A
7-M,13,82,0,0,0,82,A
7-M,14,0,0,0,82,82,C
7-M,15,0,0,0,82,82,C
7-M,16,0,0,82,0,82,G
7-M,17,82,0,0,0,82,A
7-M,18,0,0,83,0,83,G
7-M,19,0,0,88,0,88,G
7-M,20,0,88,0,0,88,T
7-M,21,0,0,0,86,86,C
7-M,22,1,0,87,0,88,G
7-M,23,93,0,0,0,93,A
7-M,24,92,0,1,0,93,A
7-M,25,94,0,0,0,94,A
7-M,26,0,0,0,107,107,C
7-M,27,0,0,109,0,109,G
7-M,28,0,111,0,0,111,T
7-M,29,114,0,0,0,114,A
7-M,30,0,115,0,0,115,T
7-M,31,0,0,118,0,118,G
7-M,32,0,118,0,0,118,T
7-M,33,1,136,0,0,137,T
7-M,34,1,0,0,145,146,C
7-M,35,0,145,0,0,145,T
7-M,36,0,0,0,150,150,C
7-M,37,0,149,0,0,149,T
7-M,38,0,0,0,162,162,C
7-M,39,0,161,0,0,161,T
7-M,40,161,0,0,0,161,A
7-M,41,0,160,1,0,161,T
7-M,42,0,0,0,166,166,C
7-M,43,0,0,166,0,166,G
7-M,44,0,166,0,1,167,T
7-M,45,0,166,0,0,166,T
7-M,46,0,0,0,171,171,C
7-M,47,0,0,0,178,178,C
7-M,48,180,0,0,0,180,A
7-M,49,0,180,0,0,180,T
7-M,50,0,1,0,179,180,C
7-M,51,179,0,1,0,180,A
7-M,52,0,1,176,0,177,G
7-M,53,0,0,181,0,181,G
7-M,54,0,0,0,181,181,C
7-M,55,0,0,0,183,183,C
7-M,56,0,1,0,180,181,C
7-M,57,0,0,0,192,192,C
7-M,58,0,0,0,194,194,C
7-M,59,0,195,0,0,195,T
7-M,60,0,0,0,195,195,C
7-M,61,195,0,0,0,195,A
7-M,62,198,0,0,0,198,A
7-M,63,202,0,0,0,202,A
7-M,64,0,0,207,0,207,G
7-M,65,0,0,0,206,206,C
7-M,66,0,0,0,206,206,C
7-M,67,0,0,207,0,207,G
7-M,68,207,0,0,0,207,A
7-M,69,0,0,208,0,208,G
7-M,70,206,0,0,0,206,A
7-M,71,0,209,0,0,209,T
7-M,72,0,0,0,206,206,C
7-M,73,0,0,205,0,205,G
7-M,74,0,0,0,207,207,C
7-M,75,0,0,208,0,208,G
7-M,76,0,0,0,208,208,C
7-M,77,206,0,0,0,206,A
7-M,78,0,0,210,1,211,G
7-M,79,210,0,0,0,210,A
7-M,80,0,0,221,0,221,G
7-M,81,220,0,0,0,220,A
7-M,82,0,0,0,226,226,C
7-M,83,0,226,0,0,226,T
7-M,84,0,227,0,0,227,T
7-M,85,0,0,229,0,229,G
7-M,86,229,0,1,0,230,A
7-M,87,231,0,0,0,231,A
7-M,88,0,1,228,0,229,G
7-M,89,226,0,0,0,226,A
7-M,90,0,230,0,0,230,T
7-M,91,0,0,233,0,233,G
7-M,92,0,236,0,0,236,T
7-M,93,0,0,0,237,237,C
7-M,94,0,235,0,1,236,T
7-M,95,0,237,0,1,238,T
7-M,96,0,236,0,1,237,T
7-M,97,0,0,238,0,238,G
7-M,98,0,0,0,238,238,C
7-M,99,0,236,0,1,237,T
7-M,100,1,0,237,0,238,G
7-M,101,0,0,241,0,241,G
7-M,102,0,1,243,0,244,G
7-M,103,244,0,0,0,244,A
7-M,104,245,0,0,1,246,A
7-M,105,244,0,0,0,244,A
7-M,106,242,0,1,0,243,A
7-M,107,248,0,0,0,248,A
7-M,108,0,0,0,249,249,C
7-M,109,246,0,1,0,247,A
7-M,110,0,0,0,249,249,C
7-M,111,245,0,0,0,245,A
7-M,112,0,0,253,0,253,G
7-M,113,255,0,1,0,256,A
7-M,114,0,258,0,0,258,T
7-M,115,1,0,0,258,259,C
7-M,116,0,257,0,0,257,T
7-M,117,0,257,0,0,257,T
7-M,118,0,0,258,0,258,G
7-M,119,256,0,1,0,257,A
7-M,120,0,0,259,0,259,G
7-M,121,0,0,259,0,259,G
7-M,122,0,0,0,259,259,C
7-M,123,0,261,0,0,261,T
7-M,124,0,0,0,306,306,C
7-M,125,0,310,0,0,310,T
7-M,126,0,0,0,311,311,C
7-M,127,310,0,1,0,311,A
7-M,128,0,312,0,0,312,T
7-M,129,0,1,312,0,313,G
7-M,130,0,0,314,0,314,G
7-M,131,313,0,0,0,313,A
7-M,132,312,0,1,0,313,A
7-M,133,0,300,0,1,301,T
7-M,134,0,1,319,0,320,G
7-M,135,0,0,339,0,339,G
7-M,136,0,1,0,339,340,C
7-M,137,0,340,0,0,340,T
7-M,138,341,0,0,0,341,A
7-M,139,337,0,0,0,337,A
7-M,140,342,0,0,0,342,A
7-M,141,0,0,343,0,343,G
7-M,142,345,0,0,0,345,A
7-M,143,0,0,0,341,341,C
7-M,144,331,0,0,0,331,A
7-M,145,333,0,0,0,333,A
7-M,146,0,0,338,0,338,G
7-M,147,337,0,2,0,339,A
7-M,148,0,1,0,338,339,C
7-M,149,1,0,0,332,333,C
7-M,150,331,0,0,0,331,A
7-M,151,333,0,0,0,333,A
7-M,152,0,333,0,0,333,T
7-M,153,1,332,0,1,334,T
7-M,154,0,0,0,335,335,C
7-M,155,0,330,0,0,330,T
7-M,156,0,0,331,0,331,G
7-M,157,0,329,0,1,330,T
7-M,158,0,0,0,332,332,C
7-M,159,332,0,0,0,332,A
7-M,160,1,0,0,347,348,C
7-M,161,0,0,0,350,350,C
7-M,162,0,348,0,1,349,T
7-M,163,0,0,0,351,351,C
7-M,164,0,349,0,0,349,T
7-M,165,1,1,358,0,360,G
7-M,166,358,0,0,0,358,A
7-M,167,0,0,0,360,360,C
7-M,168,0,357,0,0,357,T
7-M,169,350,0,0,0,350,A
7-M,170,352,0,0,0,352,A
7-M,171,0,0,351,0,351,G
7-M,172,0,0,348,0,348,G
7-M,173,0,0,349,0,349,G
7-M,174,0,0,350,0,350,G
7-M,175,351,0,1,0,352,A
7-M,176,0,354,0,0,354,T
7-M,177,0,354,0,0,354,T
7-M,178,0,356,0,0,356,T
7-M,179,0,357,0,0,357,T
7-M,180,0,0,355,0,355,G
7-M,181,0,1,357,0,358,G
7-M,182,0,2,356,0,358,G
7-M,183,0,0,358,0,358,G
7-M,184,0,356,1,0,357,T
7-M,185,0,357,0,0,357,T
7-M,186,0,355,0,0,355,T
7-M,187,1,0,368,0,369,G
7-M,188,0,367,0,0,367,T
7-M,189,0,0,368,0,368,G
7-M,190,0,367,0,0,367,T
7-M,191,0,365,0,0,365,T
7-M,192,1,0,0,364,365,C
7-M,193,363,0,0,0,363,A
7-M,194,0,0,0,375,375,C
7-M,195,0,0,374,0,374,G
7-M,196,0,0,0,374,374,C
7-M,197,0,371,0,0,371,T
7-M,198,0,0,0,383,383,C
7-M,199,384,0,0,0,384,A
7-M,200,0,0,0,388,388,C
7-M,201,0,0,0,385,385,C
7-M,202,0,0,387,0,387,G
7-M,203,0,389,0,0,389,T
7-M,204,0,0,390,0,390,G
7-M,205,0,1,0,390,391,C
7-M,206,0,0,0,390,390,C
7-M,207,0,0,0,392,392,C
7-M,208,387,0,0,0,387,A
7-M,209,0,0,392,0,392,G
7-M,210,0,391,0,0,391,T
7-M,211,0,1,388,0,389,G
7-M,212,394,0,0,0,394,A
7-M,213,0,0,394,0,394,G
7-M,214,0,0,0,391,391,C
7-M,215,0,0,396,0,396,G
7-M,216,394,0,0,0,394,A
7-M,217,0,2,394,0,396,G
7-M,218,0,1,398,0,399,G
7-M,219,397,0,1,0,398,A
7-M,220,0,0,0,401,401,C
7-M,221,0,397,0,0,397,T
7-M,222,0,0,398,0,398,G
7-M,223,0,0,0,398,398,C
7-M,224,396,0,0,0,396,A
7-M,225,0,1,405,0,406,G
7-M,226,0,1,0,401,402,C
7-M,227,0,0,406,0,406,G
7-M,228,0,403,0,1,404,T
7-M,229,401,0,0,0,401,A
7-M,230,0,0,403,0,403,G
7-M,231,403,0,0,0,403,A
7-M,232,0,1,0,406,407,C
7-M,233,0,1,407,0,408,G
7-M,234,0,0,0,401,401,C
7-M,235,0,398,0,1,399,T
7-M,236,0,397,0,0,397,T
7-M,237,0,398,0,0,398,T
7-M,238,0,0,408,1,409,G
7-M,239,0,409,0,0,409,T
7-M,240,0,0,0,409,409,C
7-M,241,0,0,0,410,410,C
7-M,242,410,0,0,0,410,A
7-M,243,410,0,0,0,410,A
7-M,244,407,0,0,0,407,A
7-M,245,409,0,0,0,409,A
7-M,246,0,409,0,0,409,T
7-M,247,0,0,408,0,408,G
7-M,248,0,0,0,409,409,C
7-M,249,0,0,0,410,410,C
7-M,250,2,0,0,409,411,C
7-M,251,0,409,0,0,409,T
7-M,252,0,0,0,423,423,C
7-M,253,425,0,0,0,425,A
7-M,254,430,0,0,0,430,A
7-M,255,0,433,0,0,433,T
7-M,256,1,1,432,0,434,G
7-M,257,0,0,446,0,446,G
7-M,258,0,0,449,0,449,G
7-M,259,446,0,1,0,447,A
7-M,260,449,0,0,0,449,A
7-M,261,0,444,0,0,444,T
7-M,262,0,1,442,0,443,G
7-M,263,0,1,444,0,445,G
7-M,264,440,1,0,0,441,A
7-M,265,0,4,436,0,440,G
7-M,266,435,0,1,1,437,A
7-M,267,0,0,0,433,433,C
7-M,268,1,0,0,445,446,C
7-M,269,2,0,0,446,448,C
7-M,270,451,0,0,0,451,A
7-M,271,448,0,0,0,448,A
7-M,272,451,0,0,0,451,A
7-M,273,1,456,0,0,457,T
7-M,274,463,0,0,0,463,A
7-M,275,464,0,1,0,465,A
7-M,276,0,0,0,457,457,C
7-M,277,453,0,2,0,455,A
7-M,278,0,455,0,0,455,T
7-M,279,0,0,459,0,459,G
7-M,280,0,1,460,0,461,G
7-M,281,459,0,2,0,461,A
7-M,282,0,0,0,460,460,C
7-M,283,447,0,0,0,447,A
7-M,284,452,0,0,0,452,A
7-M,285,450,0,0,0,450,A
7-M,286,0,0,452,0,452,G
7-M,287,0,0,0,463,463,C
7-M,288,456,0,1,0,457,A
7-M,289,0,0,467,0,467,G
7-M,290,0,467,0,0,467,T
7-M,291,1,464,0,0,465,T
7-M,292,468,0,0,0,468,A
7-M,293,462,0,2,0,464,A
7-M,294,465,0,0,0,465,A
7-M,295,0,0,0,474,474,C
7-M,296,0,469,0,0,469,T
7-M,297,0,0,515,0,515,G
7-M,298,0,508,0,0,508,T
7-M,299,513,0,0,0,513,A
7-M,300,0,514,0,0,514,T
7-M,301,510,0,0,0,510,A
7-M,302,0,1,509,0,510,G
7-M,303,0,0,506,0,506,G
7-M,304,502,0,0,0,502,A
7-M,305,505,0,0,0,505,A
7-M,306,484,0,1,0,485,A
7-M,307,0,1,0,490,491,C
7-M,308,0,490,0,2,492,T
7-M,309,0,492,0,1,493,T
7-M,310,493,0,0,0,493,A
7-M,311,490,0,1,0,491,A
7-M,312,1,0,491,0,492,G
7-M,313,490,0,0,0,490,A
7-M,314,0,0,489,1,490,G
7-M,315,478,0,2,0,480,A
7-M,316,0,0,492,0,492,G
7-M,317,497,0,0,0,497,A
7-M,318,0,0,504,0,504,G
7-M,319,500,0,1,0,501,A
7-M,320,0,505,0,1,506,T
7-M,321,503,0,0,0,503,A
7-M,322,504,0,0,0,504,A
7-M,323,0,0,0,509,509,C
7-M,324,0,0,509,0,509,G
7-M,325,0,508,0,1,509,T
7-M,326,0,504,0,1,505,T
7-M,327,1,1,0,506,508,C
7-M,328,1,0,0,501,502,C
7-M,329,500,0,2,0,502,A
7-M,330,0,503,0,0,503,T
7-M,331,0,1,495,0,496,G
7-M,332,0,0,501,0,501,G
7-M,333,0,0,503,0,503,G
7-M,334,0,0,501,0,501,G
7-M,335,0,0,0,500,500,C
7-M,336,0,0,0,494,494,C
7-M,337,501,0,0,0,501,A
7-M,338,505,0,0,0,505,A
7-M,339,504,0,0,0,504,A
7-M,340,0,1,510,0,511,G
7-M,341,506,0,0,0,506,A
7-M,342,503,0,0,0,503,A
7-M,343,500,0,2,0,502,A
7-M,344,0,503,0,1,504,T
7-M,345,501,0,0,0,501,A
7-M,346,0,0,505,0,505,G
7-M,347,0,0,0,500,500,C
7-M,348,0,497,0,0,497,T
7-M,349,0,0,0,500,500,C
7-M,350,0,499,0,0,499,T
7-M,351,0,0,0,518,518,C
7-M,352,518,0,0,0,518,A
7-M,353,0,0,518,0,518,G
7-M,354,0,511,0,1,512,T
7-M,355,0,519,0,0,519,T
7-M,356,518,0,0,0,518,A
7-M,357,0,518,0,0,518,T
7-M,358,0,516,0,1,517,T
7-M,359,0,0,0,520,520,C
7-M,360,1,504,0,0,505,T
7-M,361,0,0,511,0,511,G
7-M,362,0,0,0,514,514,C
7-M,363,0,511,0,0,511,T
7-M,364,0,0,512,0,512,G
7-M,365,1,0,511,0,512,G
7-M,366,0,512,0,0,512,T
7-M,367,0,0,510,0,510,G
7-M,368,0,0,0,509,509,C
7-M,369,510,0,1,0,511,A
7-M,370,0,1,0,513,514,C
7-M,371,0,501,0,1,502,T
7-M,372,0,504,0,0,504,T
7-M,373,0,0,502,0,502,G
7-M,374,0,0,0,499,499,C
7-M,375,0,0,0,496,496,C
7-M,376,498,0,2,0,500,A
7-M,377,0,1,505,0,506,G
7-M,378,0,505,0,2,507,T
7-M,379,0,506,0,0,506,T
7-M,380,0,0,505,0,505,G
7-M,381,0,498,0,0,498,T
7-M,382,513,0,0,0,513,A
7-M,383,0,509,2,1,512,T
7-M,384,1,0,512,0,513,G
7-M,385,1,0,512,0,513,G
7-M,386,0,0,514,0,514,G
7-M,387,0,0,0,513,513,C
7-M,388,0,0,0,519,519,C
7-M,389,0,508,0,0,508,T
7-M,390,0,0,0,519,519,C
7-M,391,551,0,0,0,551,A
7-M,392,0,552,0,1,553,T
7-M,393,557,1,0,0,558,A
7-M,394,0,558,0,1,559,T
7-M,395,552,0,0,0,552,A
7-M,396,0,0,0,591,591,C
7-M,397,574,0,0,0,574,A
7-M,398,578,0,1,0,579,A
7-M,399,0,575,0,0,575,T
7-M,400,548,0,0,0,548,A
7-M,401,0,0,557,0,557,G
7-M,402,0,0,551,0,551,G
7-M,403,548,0,0,0,548,A
7-M,404,0,546,0,1,547,T
7-M,405,0,1,518,0,519,G
7-M,406,0,1,521,0,522,G
7-M,407,0,1,522,0,523,G
7-M,408,0,2,527,0,529,G
7-M,409,0,0,525,0,525,G
7-M,410,0,0,0,526,526,C
7-M,411,0,520,0,1,521,T
7-M,412,0,1,523,0,524,G
7-M,413,0,525,0,0,525,T
7-M,414,524,0,1,1,526,A
7-M,415,525,0,0,0,525,A
7-M,416,0,0,0,529,529,C
7-M,417,0,1,0,520,521,C
7-M,418,515,0,0,0,515,A
7-M,419,0,0,0,519,519,C
7-M,420,0,519,0,0,519,T
7-M,421,0,0,523,0,523,G
7-M,422,521,0,0,0,521,A
7-M,423,517,0,0,0,517,A
7-M,424,0,0,521,0,521,G
7-M,425,0,517,0,0,517,T
7-M,426,0,1,516,0,517,G
7-M,427,0,0,517,0,517,G
7-M,428,0,0,0,521,521,C
7-M,429,520,0,0,0,520,A
7-M,430,0,520,0,0,520,T
7-M,431,0,518,0,0,518,T
7-M,432,0,519,0,0,519,T
7-M,433,0,1,534,0,535,G
7-M,434,1,0,540,0,541,G
7-M,435,0,1,0,539,540,C
7-M,436,1,0,0,537,538,C
7-M,437,0,534,0,0,534,T
7-M,438,0,0,554,0,554,G
7-M,439,0,0,562,0,562,G
7-M,440,0,563,0,0,563,T
7-M,441,565,1,0,0,566,A
7-M,442,0,539,0,2,541,T
7-M,443,1,0,549,0,550,G
7-M,444,0,554,0,1,555,T
7-M,445,0,0,553,0,553,G
7-M,446,0,1,1,554,556,C
7-M,447,533,0,1,0,534,A
7-M,448,525,1,1,0,527,A
7-M,449,0,0,0,531,531,C
7-M,450,526,0,1,0,527,A
7-M,451,0,529,0,1,530,T
7-M,452,1,0,524,0,525,G
7-M,453,0,506,1,1,508,T
7-M,454,0,2,505,0,507,G
7-M,455,507,0,0,0,507,A
7-M,456,1,0,506,0,507,G
7-M,457,0,0,0,503,503,C
7-M,458,487,0,1,0,488,A
7-M,459,0,0,496,0,496,G
7-M,460,490,0,0,1,491,A
7-M,461,0,494,0,0,494,T
7-M,462,0,498,0,0,498,T
7-M,463,0,0,500,0,500,G
7-M,464,0,0,0,499,499,C
7-M,465,0,495,0,3,498,T
7-M,466,0,1,496,0,497,G
7-M,467,498,0,0,0,498,A
7-M,468,0,0,0,534,534,C
7-M,469,0,537,0,0,537,T
7-M,470,0,0,0,540,540,C
7-M,471,1,0,0,538,539,C
7-M,472,1,0,0,537,538,C
7-M,473,540,0,1,0,541,A
7-M,474,0,0,546,0,546,G
7-M,475,0,0,0,547,547,C
7-M,476,547,0,0,0,547,A
7-M,477,0,0,0,548,548,C
7-M,478,498,1,1,0,500,A
7-M,479,0,1,511,0,512,G
7-M,480,0,0,514,0,514,G
7-M,481,0,514,0,0,514,T
7-M,482,0,0,0,528,528,C
7-M,483,0,518,0,1,519,T
7-M,484,1,0,0,521,522,C
7-M,485,519,0,0,0,519,A
7-M,486,1,519,0,0,520,T
7-M,487,520,0,2,0,522,A
7-M,488,0,0,504,0,504,G
7-M,489,1,0,500,0,501,G
7-M,490,0,0,0,497,497,C
7-M,491,480,0,0,0,480,A
7-M,492,1,0,471,0,472,G
7-M,493,473,0,0,0,473,A
7-M,494,0,476,0,0,476,T
7-M,495,0,1,472,0,473,G
7-M,496,0,0,473,0,473,G
7-M,497,0,465,0,3,468,T
7-M,498,0,1,477,0,478,G
7-M,499,0,0,479,0,479,G
7-M,500,0,0,0,481,481,C
7-M,501,476,0,0,0,476,A
7-M,502,477,0,0,0,477,A
7-M,503,0,0,0,473,473,C
7-M,504,474,0,0,0,474,A
7-M,505,476,0,1,0,477,A
7-M,506,0,0,0,475,475,C
7-M,507,0,0,0,472,472,C
7-M,508,464,0,1,0,465,A
7-M,509,464,0,0,0,464,A
7-M,510,0,461,0,1,462,T
7-M,511,1,1,0,465,467,C
7-M,512,0,0,0,460,460,C
7-M,513,454,0,0,0,454,A
7-M,514,0,455,0,1,456,T
7-M,515,0,455,0,1,456,T
7-M,516,456,0,0,0,456,A
7-M,517,452,0,0,0,452,A
7-M,518,0,456,0,0,456,T
7-M,519,453,0,0,0,453,A
7-M,520,450,0,0,0,450,A
7-M,521,447,0,0,0,447,A
7-M,522,446,0,0,0,446,A
7-M,523,0,0,0,453,453,C
7-M,524,451,1,1,0,453,A
7-M,525,0,452,0,0,452,T
7-M,526,0,2,451,0,453,G
7-M,527,449,0,1,0,450,A
7-M,528,0,1,454,0,455,G
7-M,529,454,0,0,0,454,A
7-M,530,456,0,0,0,456,A
7-M,531,0,0,0,458,458,C
7-M,532,442,0,0,0,442,A
7-M,533,0,0,440,0,440,G
7-M,534,445,0,3,0,448,A
7-M,535,445,0,0,0,445,A
7-M,536,0,449,0,0,449,T
7-M,537,0,0,447,0,447,G
7-M,538,0,0,446,0,446,G
7-M,539,0,443,0,0,443,T
7-M,540,0,437,0,0,437,T
7-M,541,0,446,0,0,446,T
7-M,542,0,446,0,0,446,T
7-M,543,0,0,449,0,449,G
7-M,544,0,1,447,0,448,G
7-M,545,0,0,0,446,446,C
7-M,546,2,0,0,444,446,C
7-M,547,441,0,0,0,441,A
7-M,548,1,0,459,0,460,G
7-M,549,0,0,0,456,456,C
7-M,550,461,0,2,0,463,A
7-M,551,0,0,0,473,473,C
7-M,552,0,466,0,0,466,T
7-M,553,470,0,0,0,470,A
7-M,554,0,0,0,470,470,C
7-M,555,481,0,0,0,481,A
7-M,556,0,0,490,0,490,G
7-M,557,0,0,0,467,467,C
7-M,558,0,461,0,2,463,T
7-M,559,464,0,0,0,464,A
7-M,560,457,0,0,1,458,A
7-M,561,1,0,459,0,460,G
7-M,562,0,0,459,0,459,G
7-M,563,0,0,0,458,458,C
7-M,564,0,445,0,0,445,T
7-M,565,446,0,0,0,446,A
7-M,566,0,441,0,0,441,T
7-M,567,0,0,441,0,441,G
7-M,568,0,0,442,0,442,G
7-M,569,433,0,0,0,433,A
7-M,570,0,0,432,0,432,G
7-M,571,1,0,0,425,426,C
7-M,572,423,0,1,0,424,A
7-M,573,423,0,0,0,423,A
7-M,574,418,0,1,0,419,A
7-M,575,0,424,0,0,424,T
7-M,576,0,0,426,0,426,G
7-M,577,0,0,420,0,420,G
7-M,578,0,0,0,418,418,C
7-M,579,0,414,0,0,414,T
7-M,580,0,0,415,0,415,G
7-M,581,0,0,417,0,417,G
7-M,582,420,0,0,0,420,A
7-M,583,0,419,0,0,419,T
7-M,584,1,0,0,416,417,C
7-M,585,414,0,0,0,414,A
7-M,586,423,0,0,0,423,A
7-M,587,0,0,427,0,427,G
7-M,588,0,426,0,0,426,T
7-M,589,0,0,423,0,423,G
7-M,590,417,1,0,0,418,A
7-M,591,415,0,0,0,415,A
7-M,592,0,0,0,418,418,C
7-M,593,418,0,0,0,418,A
7-M,594,0,1,421,0,422,G
7-M,595,0,0,417,0,417,G
7-M,596,0,0,0,414,414,C
7-M,597,410,0,0,0,410,A
7-M,598,0,0,414,0,414,G
7-M,599,1,0,0,409,410,C
7-M,600,1,0,410,0,411,G
7-M,601,0,0,410,0,410,G
7-M,602,408,0,0,0,408,A
7-M,603,0,0,416,0,416,G
7-M,604,0,0,419,0,419,G
7-M,605,0,0,0,418,418,C
7-M,606,0,0,0,418,418,C
7-M,607,414,0,0,0,414,A
7-M,608,0,414,0,0,414,T
7-M,609,0,0,417,0,417,G
7-M,610,0,0,417,0,417,G
7-M,611,419,0,1,0,420,A
7-M,612,0,0,417,0,417,G
7-M,613,399,0,0,0,399,A
7-M,614,0,405,0,0,405,T
7-M,615,0,407,0,1,408,T
7-M,616,0,0,407,0,407,G
7-M,617,0,0,0,406,406,C
7-M,618,1,407,0,0,408,T
7-M,619,411,0,0,0,411,A
7-M,620,0,0,412,0,412,G
7-M,621,0,412,0,0,412,T
7-M,622,3,0,0,407,410,C
7-M,623,405,0,0,0,405,A
7-M,624,0,0,411,0,411,G
7-M,625,0,0,411,0,411,G
7-M,626,0,0,0,411,411,C
7-M,627,1,1,0,409,411,C
7-M,628,408,0,0,0,408,A
7-M,629,0,0,414,0,414,G
7-M,630,0,0,412,0,412,G
7-M,631,0,0,0,414,414,C
7-M,632,411,0,0,0,411,A
7-M,633,0,1,411,0,412,G
7-M,634,406,0,1,0,407,A
7-M,635,0,407,0,1,408,T
7-M,636,0,1,411,0,412,G
7-M,637,0,0,429,0,429,G
7-M,638,0,416,0,0,416,T
7-M,639,0,0,415,0,415,G
7-M,640,1,0,0,413,414,C
7-M,641,412,0,1,0,413,A
7-M,642,0,0,427,0,427,G
7-M,643,1,0,424,0,425,G
7-M,644,0,0,0,428,428,C
7-M,645,422,0,0,0,422,A
7-M,646,410,0,2,0,412,A
7-M,647,0,408,0,0,408,T
7-M,648,0,0,408,0,408,G
7-M,649,408,0,0,0,408,A
7-M,650,0,1,409,0,410,G
7-M,651,394,1,1,0,396,A
7-M,652,1,0,398,0,399,G
7-M,653,0,0,0,403,403,C
7-M,654,0,1,0,412,413,C
7-M,655,411,0,0,0,411,A
7-M,656,0,408,0,0,408,T
7-M,657,0,411,0,0,411,T
7-M,658,0,2,406,0,408,G
7-M,659,0,1,404,0,405,G
7-M,660,0,0,407,0,407,G
7-M,661,405,0,1,0,406,A
7-M,662,0,0,0,406,406,C
7-M,663,0,386,0,0,386,T
7-M,664,3,0,0,391,394,C
7-M,665,393,0,0,1,394,A
7-M,666,0,410,0,1,411,T
7-M,667,0,1,0,411,412,C
7-M,668,0,0,0,410,410,C
7-M,669,0,409,0,1,410,T
7-M,670,408,0,1,0,409,A
7-M,671,1,0,410,0,411,G
7-M,672,0,429,0,1,430,T
7-M,673,0,421,0,1,422,T
7-M,674,0,0,0,421,421,C
7-M,675,2,0,1,405,408,C
7-M,676,408,1,0,1,410,A
7-M,677,1,0,411,0,412,G
7-M,678,0,414,0,0,414,T
7-M,679,411,0,0,0,411,A
7-M,680,0,0,0,413,413,C
7-M,681,0,384,0,0,384,T
7-M,682,2,0,394,0,396,G
7-M,683,0,0,396,0,396,G
7-M,684,0,394,0,0,394,T
7-M,685,0,379,0,2,381,T
7-M,686,0,393,0,0,393,T
7-M,687,393,0,0,0,393,A
7-M,688,389,0,1,0,390,A
7-M,689,0,0,398,0,398,G
7-M,690,387,1,1,0,389,A
7-M,691,0,0,382,0,382,G
7-M,692,367,0,1,0,368,A
7-M,693,0,367,0,0,367,T
7-M,694,0,1,367,0,368,G
7-M,695,369,0,0,0,369,A
7-M,696,0,369,0,0,369,T
7-M,697,0,0,0,367,367,C
7-M,698,0,364,0,1,365,T
7-M,699,0,369,0,0,369,T
7-M,700,1,0,0,367,368,C
7-M,701,0,368,0,0,368,T
7-M,702,0,366,0,1,367,T
7-M,703,0,0,367,0,367,G
7-M,704,365,0,0,0,365,A
7-M,705,362,0,2,0,364,A
7-M,706,364,0,1,0,365,A
7-M,707,365,0,0,0,365,A
7-M,708,0,369,0,0,369,T
7-M,709,0,370,0,0,370,T
7-M,710,0,370,0,0,370,T
7-M,711,0,0,370,0,370,G
7-M,712,0,0,0,370,370,C
7-M,713,369,0,0,0,369,A
7-M,714,0,0,370,0,370,G
7-M,715,371,0,0,0,371,A
7-M,716,0,0,0,379,379,C
7-M,717,0,0,0,377,377,C
7-M,718,0,380,0,0,380,T
7-M,719,385,0,0,0,385,A
7-M,720,0,384,0,0,384,T
7-M,721,1,0,0,384,385,C
7-M,722,384,0,0,0,384,A
7-M,723,0,1,384,0,385,G
7-M,724,384,0,0,0,384,A
7-M,725,371,0,1,0,372,A
7-M,726,375,0,0,0,375,A
7-M,727,0,0,0,377,377,C
7-M,728,0,0,378,0,378,G
7-M,729,380,0,0,0,380,A
7-M,730,380,0,0,0,380,A
7-M,731,0,380,0,1,381,T
7-M,732,0,1,379,0,380,G
7-M,733,2,0,387,0,389,G
7-M,734,4,0,385,0,389,G
7-M,735,0,0,391,0,391,G
7-M,736,0,0,389,0,389,G
7-M,737,0,383,0,0,383,T
7-M,738,0,0,383,0,383,G
7-M,739,0,0,0,381,381,C
7-M,740,385,0,0,0,385,A
7-M,741,0,0,387,0,387,G
7-M,742,377,0,0,0,377,A
7-M,743,0,379,0,0,379,T
7-M,744,1,0,379,0,380,G
7-M,745,1,0,0,371,372,C
7-M,746,372,0,1,0,373,A
7-M,747,370,0,1,0,371,A
7-M,748,0,0,0,375,375,C
7-M,749,0,0,375,0,375,G
7-M,750,375,0,0,0,375,A
7-M,751,0,373,0,0,373,T
7-M,752,0,369,0,2,371,T
7-M,753,0,0,0,371,371,C
7-M,754,372,0,0,0,372,A
7-M,755,373,0,0,0,373,A
7-M,756,0,0,372,0,372,G
7-M,757,0,369,0,0,369,T
7-M,758,0,1,368,0,369,G
7-M,759,364,0,1,0,365,A
7-M,760,0,1,0,363,364,C
7-M,761,0,0,0,361,361,C
7-M,762,2,0,0,361,363,C
7-M,763,0,0,365,0,365,G
7-M,764,0,0,0,364,364,C
7-M,765,0,364,0,0,364,T
7-M,766,0,363,0,1,364,T
7-M,767,0,0,367,0,367,G
7-M,768,0,366,0,1,367,T
7-M,769,0,362,0,3,365,T
7-M,770,0,0,364,0,364,G
7-M,771,0,353,0,0,353,T
7-M,772,0,351,0,0,351,T
7-M,773,0,0,352,0,352,G
7-M,774,0,0,1,351,352,C
7-M,775,0,0,0,350,350,C
7-M,776,0,0,353,0,353,G
7-M,777,0,0,0,349,349,C
7-M,778,1,2,349,0,352,G
7-M,779,352,0,0,0,352,A
7-M,780,354,0,0,0,354,A
7-M,781,0,357,0,0,357,T
7-M,782,357,0,0,0,357,A
7-M,783,0,356,0,1,357,T
7-M,784,0,0,0,360,360,C
7-M,785,361,0,0,0,361,A
7-M,786,0,362,1,0,363,T
7-M,787,0,363,0,0,363,T
7-M,788,0,0,362,0,362,G
7-M,789,0,0,362,0,362,G
7-M,790,0,0,362,0,362,G
7-M,791,365,0,0,0,365,A
7-M,792,0,359,0,0,359,T
7-M,793,0,0,0,351,351,C
7-M,794,0,352,0,0,352,T
7-M,795,0,353,0,0,353,T
7-M,796,0,0,355,0,355,G
7-M,797,0,1,0,353,354,C
7-M,798,351,0,0,0,351,A
7-M,799,0,0,0,352,352,C
7-M,800,0,346,0,0,346,T
7-M,801,0,344,0,1,345,T
7-M,802,0,1,345,0,346,G
7-M,803,346,0,1,0,347,A
7-M,804,0,345,0,0,345,T
7-M,805,341,0,0,0,341,A
7-M,806,0,339,0,0,339,T
7-M,807,0,334,0,1,335,T
7-M,808,0,0,336,0,336,G
7-M,809,0,334,0,0,334,T
7-M,810,0,0,332,0,332,G
7-M,811,1,0,328,0,329,G
7-M,812,318,0,0,0,318,A
7-M,813,0,318,0,1,319,T
7-M,814,0,310,0,6,316,T
7-M,815,1,0,0,315,316,C
7-M,816,0,314,0,1,315,T
7-M,817,0,312,0,0,312,T
7-M,818,0,0,312,0,312,G
7-M,819,310,0,0,0,310,A
7-M,820,0,310,0,0,310,T
7-M,821,0,0,0,306,306,C
7-M,822,0,1,302,0,303,G
7-M,823,0,304,0,0,304,T
7-M,824,0,0,0,303,303,C
7-M,825,0,299,0,2,301,T
7-M,826,0,302,0,0,302,T
7-M,827,0,301,0,0,301,T
7-M,828,0,302,0,0,302,T
7-M,829,0,302,0,0,302,T
7-M,830,0,301,0,0,301,T
7-M,831,0,300,0,0,300,T
7-M,832,0,0,0,300,300,C
7-M,833,298,0,0,0,298,A
7-M,834,298,0,0,0,298,A
7-M,835,297,0,0,0,297,A
7-M,836,0,295,0,0,295,T
7-M,837,0,0,297,0,297,G
7-M,838,0,0,0,298,298,C
7-M,839,0,0,298,0,298,G
7-M,840,0,307,0,0,307,T
7-M,841,0,0,0,307,307,C
7-M,842,0,307,0,0,307,T
7-M,843,307,0,0,0,307,A
7-M,844,0,306,0,1,307,T
7-M,845,1,0,0,305,306,C
7-M,846,1,0,306,0,307,G
7-M,847,302,1,0,0,303,A
7-M,848,0,0,0,305,305,C
7-M,849,0,295,0,1,296,T
7-M,850,0,0,0,306,306,C
7-M,851,1,303,0,0,304,T
7-M,852,0,304,0,0,304,T
7-M,853,0,0,0,304,304,C
7-M,854,303,0,0,0,303,A
7-M,855,302,0,1,0,303,A
7-M,856,303,0,0,0,303,A
7-M,857,0,0,0,302,302,C
7-M,858,298,0,1,0,299,A
7-M,859,0,0,0,288,288,C
7-M,860,0,1,284,0,285,G
7-M,861,1,0,292,0,293,G
7-M,862,0,0,0,295,295,C
7-M,863,1,0,0,293,294,C
7-M,864,0,294,0,0,294,T
7-M,865,0,294,0,0,294,T
7-M,866,292,0,0,0,292,A
7-M,867,296,0,0,0,296,A
7-M,868,296,0,0,0,296,A
7-M,869,292,0,0,0,292,A
7-M,870,0,0,290,0,290,G
7-M,871,237,0,0,0,237,A
7-M,872,0,0,235,0,235,G
7-M,873,0,0,237,0,237,G
7-M,874,0,0,0,237,237,C
7-M,875,0,0,0,235,235,C
7-M,876,1,0,0,232,233,C
7-M,877,0,233,0,1,234,T
7-M,878,0,235,0,0,235,T
7-M,879,0,0,0,236,236,C
7-M,880,0,236,0,0,236,T
7-M,881,236,1,0,0,237,A
7-M,882,0,0,0,236,236,C
7-M,883,0,1,228,0,229,G
7-M,884,0,0,227,0,227,G
7-M,885,216,0,0,0,216,A
7-M,886,215,0,0,0,215,A
7-M,887,0,1,209,0,210,G
7-M,888,0,2,207,0,209,G
7-M,889,206,0,3,0,209,A
7-M,890,0,0,211,0,211,G
7-M,891,0,208,0,0,208,T
7-M,892,208,0,0,0,208,A
7-M,893,0,0,0,207,207,C
7-M,894,0,0,0,205,205,C
7-M,895,0,202,0,0,202,T
7-M,896,0,0,202,0,202,G
7-M,897,194,0,0,0,194,A
7-M,898,0,0,198,0,198,G
7-M,899,0,186,0,1,187,T
7-M,900,0,0,0,186,186,C
7-M,901,0,179,0,0,179,T
7-M,902,178,0,0,0,178,A
7-M,903,0,177,0,0,177,T
7-M,904,0,0,178,0,178,G
7-M,905,174,0,0,0,174,A
7-M,906,0,0,175,0,175,G
7-M,907,0,0,157,0,157,G
7-M,908,0,0,157,0,157,G
7-M,909,156,0,0,0,156,A
7-M,910,153,0,0,0,153,A
7-M,911,0,0,155,0,155,G
7-M,912,155,0,0,0,155,A
7-M,913,154,0,0,0,154,A
7-M,914,0,152,0,0,152,T
7-M,915,148,0,0,0,148,A
7-M,916,0,148,0,0,148,T
7-M,917,0,2,0,142,144,C
7-M,918,0,0,145,0,145,G
7-M,919,145,0,0,0,145,A
7-M,920,144,0,0,0,144,A
7-M,921,143,0,0,1,144,A
7-M,922,0,1,142,0,143,G
7-M,923,0,0,144,0,144,G
7-M,924,143,0,0,0,143,A
7-M,925,143,0,0,0,143,A
7-M,926,0,0,0,144,144,C
7-M,927,143,0,0,0,143,A
7-M,928,0,0,143,0,143,G
7-M,929,0,0,0,143,143,C
7-M,930,141,0,0,0,141,A
7-M,931,0,0,140,0,140,G
7-M,932,128,0,0,0,128,A
7-M,933,129,0,0,0,129,A
7-M,934,0,129,0,0,129,T
7-M,935,0,0,126,0,126,G
7-M,936,0,0,0,127,127,C
7-M,937,0,121,0,0,121,T
7-M,938,0,0,121,0,121,G
7-M,939,0,121,0,0,121,T
7-M,940,0,0,118,0,118,G
7-M,941,0,0,118,0,118,G
7-M,942,114,0,0,0,114,A
7-M,943,0,113,0,0,113,T
7-M,944,0,0,110,0,110,G
7-M,945,0,0,0,108,108,C
7-M,946,0,102,0,0,102,T
7-M,947,0,0,102,0,102,G
7-M,948,101,0,0,1,102,A
7-M,949,0,0,0,101,101,C
7-M,950,0,0,97,0,97,G
7-M,951,95,0,0,0,95,A
7-M,952,0,0,0,95,95,C
7-M,953,88,0,1,0,89,A
7-M,954,0,0,89,0,89,G
7-M,955,0,89,0,0,89,T
7-M,956,1,0,0,88,89,C
7-M,957,87,0,0,0,87,A
7-M,958,0,87,0,0,87,T
7-M,959,0,87,0,0,87,T
7-M,960,0,87,0,0,87,T
7-M,961,0,86,0,0,86,T
7-M,962,0,0,84,1,85,G
7-M,963,0,81,0,0,81,T
7-M,964,0,0,0,80,80,C
7-M,965,77,0,0,0,77,A
7-M,966,0,0,77,0,77,G
7-M,967,0,0,0,77,77,C
7-M,968,77,0,0,0,77,A
7-M,969,0,77,0,0,77,T
7-M,970,74,0,0,0,74,A
7-M,971,0,0,74,0,74,G
7-M,972,70,0,0,0,70,A
7-M,973,0,0,70,0,70,G
7-M,974,0,69,0,0,69,T
7-M,975,0,41,0,0,41,T
7-M,976,0,0,41,0,41,G
7-M,977,0,0,41,0,41,G
7-M,978,40,0,0,0,40,A
7-M,979,0,0,40,0,40,G
7-M,980,0,29,0,0,29,T
7-M,981,29,0,0,0,29,A
7-M,982,27,0,0,0,27,A
8-NS,1,158,0,0,0,158,A
8-NS,2,0,158,0,0,158,T
8-NS,3,0,0,169,0,169,G
8-NS,4,8,0,167,0,175,G
8-NS,5,194,0,0,0,194,A
8-NS,6,0,438,0,0,438,T
8-NS,7,0,440,0,0,440,T
8-NS,8,0,0,0,457,457,C
8-NS,9,0,0,1,457,458,C
8-NS,10,458,0,0,0,458,A
8-NS,11,465,0,0,0,465,A
8-NS,12,0,1,0,466,467,C
8-NS,13,468,0,0,0,468,A
8-NS,14,0,0,0,471,471,C
8-NS,15,0,470,0,2,472,T
8-NS,16,0,0,524,0,524,G
8-NS,17,0,523,0,0,523,T
8-NS,18,0,0,530,0,530,G
8-NS,19,1,528,0,2,531,T
8-NS,20,1,0,0,530,531,C
8-NS,21,531,0,0,0,531,A
8-NS,22,529,1,0,0,530,A
8-NS,23,0,0,542,0,542,G
8-NS,24,0,547,0,0,547,T
8-NS,25,0,544,0,1,545,T
8-NS,26,0,564,0,0,564,T
8-NS,27,0,12,0,550,562,C
8-NS,28,0,0,0,567,567,C
8-NS,29,568,0,0,0,568,A
8-NS,30,19,0,554,0,573,G
8-NS,31,0,0,581,0,581,G
8-NS,32,0,581,0,0,581,T
8-NS,33,580,0,1,0,581,A
8-NS,34,0,0,590,0,590,G
8-NS,35,590,0,2,0,592,A
8-NS,36,0,590,0,0,590,T
8-NS,37,0,591,0,0,591,T
8-NS,38,0,0,599,0,599,G
8-NS,39,0,0,0,598,598,C
8-NS,40,0,597,0,2,599,T
8-NS,41,0,606,0,0,606,T
8-NS,42,0,613,0,1,614,T
8-NS,43,0,0,0,619,619,C
8-NS,44,0,618,0,1,619,T
8-NS,45,0,618,0,1,619,T
8-NS,46,0,620,0,0,620,T
8-NS,47,0,1,627,0,628,G
8-NS,48,0,0,632,0,632,G
8-NS,49,1,1,0,630,632,C
8-NS,50,630,0,1,0,631,A
8-NS,51,0,628,0,3,631,T
8-NS,52,634,0,0,0,634,A
8-NS,53,0,675,0,0,675,T
8-NS,54,0,0,0,679,679,C
8-NS,55,1,3,0,674,678,C
8-NS,56,0,0,676,0,676,G
8-NS,57,0,675,1,0,676,T
8-NS,58,683,1,0,0,684,A
8-NS,59,684,0,0,0,684,A
8-NS,60,687,0,0,0,687,A
8-NS,61,0,0,0,688,688,C
8-NS,62,683,0,0,0,683,A
8-NS,63,680,0,3,0,683,A
8-NS,64,0,0,728,0,728,G
8-NS,65,0,729,0,1,730,T
8-NS,66,0,728,0,0,728,T
8-NS,67,0,0,730,0,730,G
8-NS,68,1,729,0,1,731,T
8-NS,69,732,0,0,0,732,A
8-NS,70,0,0,740,0,740,G
8-NS,71,790,0,2,0,792,A
8-NS,72,0,0,0,797,797,C
8-NS,73,4,0,0,785,789,C
8-NS,74,793,0,0,0,793,A
8-NS,75,797,0,0,1,798,A
8-NS,76,0,1,852,0,853,G
8-NS,77,856,0,0,0,856,A
8-NS,78,862,0,0,0,862,A
8-NS,79,0,0,0,868,868,C
8-NS,80,0,853,0,1,854,T
8-NS,81,0,1,863,0,864,G
8-NS,82,862,1,0,0,863,A
8-NS,83,1,0,886,0,887,G
8-NS,84,0,886,0,2,888,T
8-NS,85,0,1,878,0,879,G
8-NS,86,876,0,0,0,876,A
8-NS,87,0,876,0,2,878,T
8-NS,88,0,0,894,0,894,G
8-NS,89,0,0,0,912,912,C
8-NS,90,0,0,0,919,919,C
8-NS,91,4,0,0,919,923,C
8-NS,92,0,0,0,914,914,C
8-NS,93,921,0,0,0,921,A
8-NS,94,1,936,0,2,939,T
8-NS,95,1,946,0,0,947,T
8-NS,96,0,0,0,949,949,C
8-NS,97,0,0,0,943,943,C
8-NS,98,0,944,0,1,945,T
8-NS,99,0,942,0,0,942,T
8-NS,100,0,4,937,0,941,G
8-NS,101,943,0,0,0,943,A
8-NS,102,0,940,0,0,940,T
8-NS,103,0,1,0,935,936,C
8-NS,104,0,2,929,0,931,G
8-NS,105,1,1,946,0,948,G
8-NS,106,0,0,0,948,948,C
8-NS,107,1,946,0,1,948,T
8-NS,108,0,949,0,1,950,T
8-NS,109,0,0,0,948,948,C
8-NS,110,1,0,956,0,957,G
8-NS,111,0,0,0,958,958,C
8-NS,112,1,1,0,956,958,C
8-NS,113,0,1,958,0,959,G
8-NS,114,952,0,1,0,953,A
8-NS,115,14,1,980,0,995,G
8-NS,116,995,0,1,0,996,A
8-NS,117,0,996,0,1,997,T
8-NS,118,1,0,0,996,997,C
8-NS,119,991,0,2,0,993,A
8-NS,120,1,0,994,0,995,G
8-NS,121,994,0,1,0,995,A
8-NS,122,0,3,992,0,995,G
8-NS,123,0,1,1001,0,1002,G
8-NS,124,0,1008,0,0,1008,T
8-NS,125,2,0,0,1071,1073,C
8-NS,126,0,2,0,1068,1070,C
8-NS,127,0,0,0,1081,1081,C
8-NS,128,0,1084,0,0,1084,T
8-NS,129,1086,0,0,0,1086,A
8-NS,130,1083,0,2,0,1085,A
8-NS,131,0,3,1095,0,1098,G
8-NS,132,0,1,1100,0,1101,G
8-NS,133,0,0,1096,0,1096,G
8-NS,134,0,1,1070,0,1071,G
8-NS,135,1070,0,1,0,1071,A
8-NS,136,1061,0,3,0,1064,A
8-NS,137,1,1,1075,0,1077,G
8-NS,138,1101,1,2,0,1104,A
8-NS,139,0,2,1113,0,1115,G
8-NS,140,2,0,1115,0,1117,G
8-NS,141,1,0,1,1113,1115,C
8-NS,142,1109,0,6,0,1115,A
8-NS,143,1113,0,2,0,1115,A
8-NS,144,0,1112,0,0,1112,T
8-NS,145,1120,0,1,0,1121,A
8-NS,146,0,0,0,1141,1141,C
8-NS,147,0,1117,0,0,1117,T
8-NS,148,2,0,0,1116,1118,C
8-NS,149,0,1108,1,1,1110,T
8-NS,150,2,2,0,1118,1122,C
8-NS,151,2,3,1127,0,1132,G
8-NS,152,0,0,1192,0,1192,G
8-NS,153,0,1194,0,1,1195,T
8-NS,154,1,0,0,1189,1190,C
8-NS,155,0,1188,0,1,1189,T
8-NS,156,1202,0,1,0,1203,A
8-NS,157,0,1,1200,0,1201,G
8-NS,158,1200,2,0,0,1202,A
8-NS,159,1,1,0,1230,1232,C
8-NS,160,1213,2,1,0,1216,A
8-NS,161,0,1197,0,1,1198,T
8-NS,162,2,0,0,1194,1196,C
8-NS,163,1193,0,0,0,1193,A
8-NS,164,1192,0,4,0,1196,A
8-NS,165,1190,0,0,0,1190,A
8-NS,166,0,0,1192,0,1192,G
8-NS,167,0,0,0,1196,1196,C
8-NS,168,1173,0,2,0,1175,A
8-NS,169,0,1,1182,0,1183,G
8-NS,170,0,0,0,1179,1179,C
8-NS,171,1,0,0,1186,1187,C
8-NS,172,1192,0,2,0,1194,A
8-NS,173,0,0,0,1216,1216,C
8-NS,174,0,0,0,1216,1216,C
8-NS,175,4,0,0,1218,1222,C
8-NS,176,1237,0,1,0,1238,A
8-NS,177,1,1242,0,1,1244,T
8-NS,178,0,0,1243,0,1243,G
8-NS,179,0,1242,0,2,1244,T
8-NS,180,0,1232,0,2,1234,T
8-NS,181,0,1,1239,0,1240,G
8-NS,182,0,2,1228,0,1230,G
8-NS,183,1222,1,1,0,1224,A
8-NS,184,1222,0,5,0,1227,A
8-NS,185,1216,0,1,0,1217,A
8-NS,186,0,0,1220,0,1220,G
8-NS,187,0,0,0,1216,1216,C
8-NS,188,1213,0,0,0,1213,A
8-NS,189,1204,0,1,0,1205,A
8-NS,190,1209,0,0,0,1209,A
8-NS,191,1,1217,0,0,1218,T
8-NS,192,0,1216,0,1,1217,T
8-NS,193,0,0,1235,0,1235,G
8-NS,194,0,1231,0,0,1231,T
8-NS,195,1230,0,1,0,1231,A
8-NS,196,0,0,1230,0,1230,G
8-NS,197,1228,0,1,0,1229,A
8-NS,198,1221,0,1,0,1222,A
8-NS,199,1228,0,0,0,1228,A
8-NS,200,1216,0,2,0,1218,A
8-NS,201,0,1,1221,0,1222,G
8-NS,202,1218,0,1,0,1219,A
8-NS,203,0,1216,0,1,1217,T
8-NS,204,0,1219,0,0,1219,T
8-NS,205,0,0,0,1223,1223,C
8-NS,206,0,1224,0,0,1224,T
8-NS,207,1,1,1224,0,1226,G
8-NS,208,1222,0,1,0,1223,A
8-NS,209,1224,0,0,0,1224,A
8-NS,210,1226,0,1,0,1227,A
8-NS,211,0,1,1230,0,1231,G
8-NS,212,1232,0,0,0,1232,A
8-NS,213,1231,0,2,0,1233,A
8-NS,214,1,3,1243,0,1247,G
8-NS,215,1245,0,3,1,1249,A
8-NS,216,1251,0,1,0,1252,A
8-NS,217,0,1247,0,4,1251,T
8-NS,218,2,0,0,1265,1267,C
8-NS,219,0,1260,0,1,1261,T
8-NS,220,0,1,1261,0,1262,G
8-NS,221,1259,0,4,0,1263,A
8-NS,222,1,1263,0,0,1264,T
8-NS,223,0,4,1255,0,1259,G
8-NS,224,1247,1,1,0,1249,A
8-NS,225,0,1,1251,0,1252,G
8-NS,226,0,1,1245,0,1246,G
8-NS,227,0,0,0,1244,1244,C
8-NS,228,1249,0,1,0,1250,A
8-NS,229,0,0,0,1281,1281,C
8-NS,230,0,1277,0,2,1279,T
8-NS,231,0,1285,0,0,1285,T
8-NS,232,1288,0,1,0,1289,A
8-NS,233,1293,0,0,0,1293,A
8-NS,234,1290,2,0,0,1292,A
8-NS,235,1286,0,1,0,1287,A
8-NS,236,0,1289,0,0,1289,T
8-NS,237,0,1,1289,0,1290,G
8-NS,238,1290,0,2,0,1292,A
8-NS,239,1,0,0,1296,1297,C
8-NS,240,1,1,0,1280,1282,C
8-NS,241,1283,1,0,0,1284,A
8-NS,242,0,1280,0,2,1282,T
8-NS,243,1,2,1308,0,1311,G
8-NS,244,0,0,1325,0,1325,G
8-NS,245,0,1336,0,1,1337,T
8-NS,246,5,0,0,1407,1412,C
8-NS,247,0,1406,0,1,1407,T
8-NS,248,0,1,0,1425,1426,C
8-NS,249,3,0,0,1429,1432,C
8-NS,250,1430,0,1,0,1431,A
8-NS,251,1,1,0,1439,1441,C
8-NS,252,1415,0,2,0,1417,A
8-NS,253,0,0,0,1414,1414,C
8-NS,254,3,0,0,1400,1403,C
8-NS,255,0,1349,0,1,1350,T
8-NS,256,1,0,1352,1,1354,G
8-NS,257,0,0,0,1347,1347,C
8-NS,258,0,1323,0,4,1327,T
8-NS,259,1,1339,0,0,1340,T
8-NS,260,0,0,0,1337,1337,C
8-NS,261,2,0,1339,0,1341,G
8-NS,262,0,1,0,1341,1342,C
8-NS,263,0,0,1343,0,1343,G
8-NS,264,1409,0,1,0,1410,A
8-NS,265,0,1402,0,0,1402,T
8-NS,266,1442,0,3,2,1447,A
8-NS,267,0,0,1,1446,1447,C
8-NS,268,1448,0,2,0,1450,A
8-NS,269,0,1482,0,1,1483,T
8-NS,270,1476,0,1,0,1477,A
8-NS,271,1486,0,1,0,1487,A
8-NS,272,0,0,0,1486,1486,C
8-NS,273,0,1447,0,1,1448,T
8-NS,274,1,2,1459,0,1462,G
8-NS,275,1429,0,6,0,1435,A
8-NS,276,0,0,0,1438,1438,C
8-NS,277,1432,0,2,0,1434,A
8-NS,278,0,1434,0,1,1435,T
8-NS,279,0,4,1436,0,1440,G
8-NS,280,1440,0,1,0,1441,A
8-NS,281,0,0,0,1483,1483,C
8-NS,282,0,1475,0,4,1479,T
8-NS,283,1499,1,0,1,1501,A
8-NS,284,0,1493,0,3,1496,T
8-NS,285,0,1492,0,1,1493,T
8-NS,286,0,0,1495,0,1495,G
8-NS,287,1483,0,5,0,1488,A
8-NS,288,0,2,1480,0,1482,G
8-NS,289,1,1,1476,1,1479,G
8-NS,290,1448,0,0,0,1448,A
8-NS,291,1450,0,2,0,1452,A
8-NS,292,0,1427,0,0,1427,T
8-NS,293,0,1424,0,0,1424,T
8-NS,294,1,0,1458,0,1459,G
8-NS,295,1,1454,0,1,1456,T
8-NS,296,3,1,0,1451,1455,C
8-NS,297,1449,0,1,0,1450,A
8-NS,298,1450,0,1,0,1451,A
8-NS,299,23,0,1434,0,1457,G
8-NS,300,1447,1,0,0,1448,A
8-NS,301,1453,0,0,0,1453,A
8-NS,302,1449,0,4,0,1453,A
8-NS,303,0,0,0,1453,1453,C
8-NS,304,0,1423,0,0,1423,T
8-NS,305,1,2,1439,0,1442,G
8-NS,306,1,1,1451,0,1453,G
8-NS,307,0,1452,0,1,1453,T
8-NS,308,0,1450,0,1,1451,T
8-NS,309,1,0,0,1448,1449,C
8-NS,310,1448,0,0,0,1448,A
8-NS,311,0,1466,1,0,1467,T
8-NS,312,0,1,1482,0,1483,G
8-NS,313,1,2,0,1487,1490,C
8-NS,314,1,1478,0,2,1481,T
8-NS,315,1468,0,2,0,1470,A
8-NS,316,1533,0,0,1,1534,A
8-NS,317,0,1540,0,0,1540,T
8-NS,318,1,0,1541,0,1542,G
8-NS,319,0,0,0,1535,1535,C
8-NS,320,1,0,0,1519,1520,C
8-NS,321,2,1,0,1511,1514,C
8-NS,322,1513,0,1,0,1514,A
8-NS,323,1509,0,2,0,1511,A
8-NS,324,0,2,1518,0,1520,G
8-NS,325,0,0,0,1523,1523,C
8-NS,326,1510,0,3,0,1513,A
8-NS,327,0,0,1529,0,1529,G
8-NS,328,1527,0,1,0,1528,A
8-NS,329,1524,0,0,0,1524,A
8-NS,330,1522,0,0,0,1522,A
8-NS,331,1505,0,0,0,1505,A
8-NS,332,0,1522,0,2,1524,T
8-NS,333,1,2,1525,0,1528,G
8-NS,334,0,0,1531,0,1531,G
8-NS,335,1522,2,0,0,1524,A
8-NS,336,1516,1,3,0,1520,A
8-NS,337,0,2,1519,0,1521,G
8-NS,338,0,1,1515,0,1516,G
8-NS,339,1514,0,2,1,1517,A
8-NS,340,3,1,0,1513,1517,C
8-NS,341,2,0,0,1511,1513,C
8-NS,342,0,1504,1,2,1507,T
8-NS,343,0,0,0,1543,1543,C
8-NS,344,0,1527,2,3,1532,T
8-NS,345,0,1543,0,1,1544,T
8-NS,346,0,1545,0,0,1545,T
8-NS,347,0,0,1532,0,1532,G
8-NS,348,0,0,0,1553,1553,C
8-NS,349,1522,0,19,0,1541,A
8-NS,350,0,1542,0,0,1542,T
8-NS,351,1,0,0,1542,1543,C
8-NS,352,1557,0,0,0,1557,A
8-NS,353,0,2,1594,0,1596,G
8-NS,354,1586,1,3,0,1590,A
8-NS,355,1584,1,1,0,1586,A
8-NS,356,1,1578,0,1,1580,T
8-NS,357,0,3,1561,0,1564,G
8-NS,358,1,1,1578,0,1580,G
8-NS,359,1580,0,2,0,1582,A
8-NS,360,0,0,0,1582,1582,C
8-NS,361,4,0,0,1546,1550,C
8-NS,362,1516,0,2,0,1518,A
8-NS,363,0,2,1538,0,1540,G
8-NS,364,1,0,1538,1,1540,G
8-NS,365,0,1,0,1540,1541,C
8-NS,366,1530,0,1,0,1531,A
8-NS,367,1539,0,0,0,1539,A
8-NS,368,0,1540,0,0,1540,T
8-NS,369,2,3,0,1533,1538,C
8-NS,370,1536,0,4,0,1540,A
8-NS,371,0,1527,0,0,1527,T
8-NS,372,1,2,1508,0,1511,G
8-NS,373,0,3,1521,0,1524,G
8-NS,374,1511,0,2,0,1513,A
8-NS,375,0,2,1533,0,1535,G
8-NS,376,1516,0,0,0,1516,A
8-NS,377,1513,1,0,0,1514,A
8-NS,378,1512,1,1,0,1514,A
8-NS,379,1513,0,0,0,1513,A
8-NS,380,1522,0,2,0,1524,A
8-NS,381,0,0,0,1527,1527,C
8-NS,382,1519,0,1,0,1520,A
8-NS,383,1,1515,0,0,1516,T
8-NS,384,1,0,0,1508,1509,C
8-NS,385,1516,0,1,0,1517,A
8-NS,386,0,1515,0,2,1517,T
8-NS,387,19,0,1507,0,1526,G
8-NS,388,0,1524,1,0,1525,T
8-NS,389,0,1507,0,1,1508,T
8-NS,390,1,1,1505,1,1508,G
8-NS,391,1500,1,0,0,1501,A
8-NS,392,1486,1,6,0,1493,A
8-NS,393,1496,0,3,0,1499,A
8-NS,394,0,0,1502,0,1502,G
8-NS,395,0,1,0,1493,1494,C
8-NS,396,1,4,1490,0,1495,G
8-NS,397,1489,0,0,0,1489,A
8-NS,398,1495,0,2,0,1497,A
8-NS,399,0,1490,0,0,1490,T
8-NS,400,0,1482,1,3,1486,T
8-NS,401,0,1495,0,0,1495,T
8-NS,402,1,0,0,1492,1493,C
8-NS,403,1486,1,2,0,1489,A
8-NS,404,1,0,1489,0,1490,G
8-NS,405,0,1484,0,1,1485,T
8-NS,406,0,2,1484,0,1486,G
8-NS,407,1,1479,0,1,1481,T
8-NS,408,0,4,1486,0,1490,G
8-NS,409,1499,0,0,0,1499,A
8-NS,410,0,1498,0,0,1498,T
8-NS,411,1,1495,0,0,1496,T
8-NS,412,1,1490,1,3,1495,T
8-NS,413,0,1490,0,1,1491,T
8-NS,414,0,1492,1,0,1493,T
8-NS,415,1,1,1484,0,1486,G
8-NS,416,1488,0,6,0,1494,A
8-NS,417,2,0,0,1484,1486,C
8-NS,418,3,1,0,1476,1480,C
8-NS,419,0,0,1484,0,1484,G
8-NS,420,1555,0,0,0,1555,A
8-NS,421,2,0,0,1593,1595,C
8-NS,422,0,1599,0,0,1599,T
8-NS,423,1609,0,1,0,1610,A
8-NS,424,0,1,1612,0,1613,G
8-NS,425,1610,0,4,0,1614,A
8-NS,426,0,3,1623,0,1626,G
8-NS,427,1621,1,2,0,1624,A
8-NS,428,0,1,0,1662,1663,C
8-NS,429,1,4,0,1583,1588,C
8-NS,430,1539,0,2,1,1542,A
8-NS,431,2,1618,0,2,1622,T
8-NS,432,1608,0,1,0,1609,A
8-NS,433,0,0,1723,0,1723,G
8-NS,434,0,1712,1,1,1714,T
8-NS,435,1715,0,0,0,1715,A
8-NS,436,0,1703,0,2,1705,T
8-NS,437,0,1641,0,2,1643,T
8-NS,438,1699,1,1,0,1701,A
8-NS,439,1,1,0,1695,1697,C
8-NS,440,0,1612,0,0,1612,T
8-NS,441,1602,0,0,1,1603,A
8-NS,442,1465,0,3,0,1468,A
8-NS,443,1,2,1472,0,1475,G
8-NS,444,0,4,1466,0,1470,G
8-NS,445,0,0,1472,0,1472,G
8-NS,446,1,0,0,1458,1459,C
8-NS,447,0,1428,0,5,1433,T
8-NS,448,0,1426,0,2,1428,T
8-NS,449,0,1448,0,0,1448,T
8-NS,450,3,1,0,1453,1457,C
8-NS,451,1472,1,2,0,1475,A
8-NS,452,2,2,0,1479,1483,C
8-NS,453,3,3,0,1455,1461,C
8-NS,454,0,0,1462,1,1463,G
8-NS,455,1462,0,1,0,1463,A
8-NS,456,1455,1,1,0,1457,A
8-NS,457,0,1,1459,0,1460,G
8-NS,458,1448,0,3,0,1451,A
8-NS,459,0,2,1452,0,1454,G
8-NS,460,0,1,1429,0,1430,G
8-NS,461,1,5,1428,0,1434,G
8-NS,462,1434,0,5,0,1439,A
8-NS,463,1,0,1438,0,1439,G
8-NS,464,0,0,0,1433,1433,C
8-NS,465,1427,0,1,0,1428,A
8-NS,466,1431,0,1,0,1432,A
8-NS,467,0,1435,0,0,1435,T
8-NS,468,1,1429,0,0,1430,T
8-NS,469,3,1,1428,0,1432,G
8-NS,470,0,1404,0,0,1404,T
8-NS,471,0,1397,1,3,1401,T
8-NS,472,0,2,1401,0,1403,G
8-NS,473,2,1,1396,0,1399,G
8-NS,474,0,0,0,1401,1401,C
8-NS,475,1,0,1394,0,1395,G
8-NS,476,1398,0,0,0,1398,A
8-NS,477,1401,0,0,0,1401,A
8-NS,478,1406,0,1,0,1407,A
8-NS,479,0,1411,0,1,1412,T
8-NS,480,0,0,0,1413,1413,C
8-NS,481,0,1399,0,2,1401,T
8-NS,482,0,0,0,1409,1409,C
8-NS,483,1413,0,2,0,1415,A
8-NS,484,0,2,1,1416,1419,C
8-NS,485,2,0,0,1414,1416,C
8-NS,486,1398,0,2,0,1400,A
8-NS,487,1,1395,0,2,1398,T
8-NS,488,0,1393,0,0,1393,T
8-NS,489,0,1,1399,0,1400,G
8-NS,490,0,0,0,1395,1395,C
8-NS,491,1,0,0,1388,1389,C
8-NS,492,0,1388,0,3,1391,T
8-NS,493,0,1388,0,0,1388,T
8-NS,494,1,0,0,1393,1394,C
8-NS,495,0,1385,0,7,1392,T
8-NS,496,0,1389,0,1,1390,T
8-NS,497,0,1421,0,1,1422,T
8-NS,498,0,1411,0,2,1413,T
8-NS,499,0,1,0,1414,1415,C
8-NS,500,1,0,0,1412,1413,C
8-NS,501,1401,0,9,0,1410,A
8-NS,502,0,0,1428,0,1428,G
8-NS,503,0,1,1422,0,1423,G
8-NS,504,1452,0,2,0,1454,A
8-NS,505,0,0,0,1455,1455,C
8-NS,506,1469,0,2,0,1471,A
8-NS,507,0,1477,0,3,1480,T
8-NS,508,1484,1,2,0,1487,A
8-NS,509,0,0,0,1596,1596,C
8-NS,510,0,1592,0,1,1593,T
8-NS,511,1594,0,1,0,1595,A
8-NS,512,0,1588,0,4,1592,T
8-NS,513,1,1557,1,2,1561,T
8-NS,514,0,0,1556,0,1556,G
8-NS,515,1503,0,3,0,1506,A
8-NS,516,0,1,1505,1,1507,G
8-NS,517,0,3,1499,0,1502,G
8-NS,518,1357,1,9,0,1367,A
8-NS,519,0,1367,0,1,1368,T
8-NS,520,1,0,1363,0,1364,G
8-NS,521,0,1359,0,1,1360,T
8-NS,522,1,1,0,1364,1366,C
8-NS,523,1364,0,1,0,1365,A
8-NS,524,1362,0,0,1,1363,A
8-NS,525,1360,0,0,0,1360,A
8-NS,526,1359,0,0,0,1359,A
8-NS,527,1363,0,1,0,1364,A
8-NS,528,0,1361,0,1,1362,T
8-NS,529,0,0,1360,0,1360,G
8-NS,530,0,2,0,1364,1366,C
8-NS,531,1359,0,2,0,1361,A
8-NS,532,1355,0,3,0,1358,A
8-NS,533,0,1365,0,0,1365,T
8-NS,534,0,1368,0,1,1369,T
8-NS,535,0,3,1362,0,1365,G
8-NS,536,1,2,1356,0,1359,G
8-NS,537,0,2,1355,0,1357,G
8-NS,538,0,2,1362,0,1364,G
8-NS,539,0,1334,0,2,1336,T
8-NS,540,0,0,0,1346,1346,C
8-NS,541,2,1,0,1339,1342,C
8-NS,542,1,1332,0,5,1338,T
8-NS,543,1,0,0,1346,1347,C
8-NS,544,1350,0,0,0,1350,A
8-NS,545,0,1355,0,1,1356,T
8-NS,546,1,2,0,1351,1354,C
8-NS,547,0,2,1338,0,1340,G
8-NS,548,0,0,1344,0,1344,G
8-NS,549,1316,0,2,0,1318,A
8-NS,550,1,1,1315,0,1317,G
8-NS,551,0,3,1320,0,1323,G
8-NS,552,1299,0,2,0,1301,A
8-NS,553,0,0,0,1328,1328,C
8-NS,554,2,1318,0,0,1320,T
8-NS,555,0,1315,0,0,1315,T
8-NS,556,1,1,1324,0,1326,G
8-NS,557,1322,1,0,1,1324,A
8-NS,558,1319,0,4,1,1324,A
8-NS,559,1,1317,0,0,1318,T
8-NS,560,0,3,1294,0,1297,G
8-NS,561,6,1,1313,0,1320,G
8-NS,562,1297,0,1,0,1298,A
8-NS,563,1306,0,4,0,1310,A
8-NS,564,0,1344,0,0,1344,T
8-NS,565,0,0,1347,0,1347,G
8-NS,566,1348,0,2,0,1350,A
8-NS,567,0,1349,0,0,1349,T
8-NS,568,1343,0,2,1,1346,A
8-NS,569,1345,0,3,0,1348,A
8-NS,570,0,0,0,1332,1332,C
8-NS,571,1314,0,1,0,1315,A
8-NS,572,0,0,0,1326,1326,C
8-NS,573,1230,0,0,0,1230,A
8-NS,574,0,0,1242,0,1242,G
8-NS,575,0,1230,1,3,1234,T
8-NS,576,0,1232,0,0,1232,T
8-NS,577,3,0,0,1230,1233,C
8-NS,578,2,2,1220,0,1224,G
8-NS,579,1216,0,0,0,1216,A
8-NS,580,0,0,1218,0,1218,G
8-NS,581,0,1203,0,1,1204,T
8-NS,582,0,1,0,1206,1207,C
8-NS,583,0,1173,0,4,1177,T
8-NS,584,0,0,0,1197,1197,C
8-NS,585,0,1198,0,0,1198,T
8-NS,586,1199,0,0,0,1199,A
8-NS,587,1199,0,0,0,1199,A
8-NS,588,1192,0,0,1,1193,A
8-NS,589,1202,0,0,0,1202,A
8-NS,590,1199,1,1,0,1201,A
8-NS,591,0,1187,0,0,1187,T
8-NS,592,2,0,0,1199,1201,C
8-NS,593,0,1188,0,1,1189,T
8-NS,594,1188,0,2,0,1190,A
8-NS,595,0,0,0,1191,1191,C
8-NS,596,1184,1,1,0,1186,A
8-NS,597,0,2,1186,0,1188,G
8-NS,598,1162,0,2,0,1164,A
8-NS,599,0,0,1166,0,1166,G
8-NS,600,1162,0,0,0,1162,A
8-NS,601,1,1141,1,1,1144,T
8-NS,602,1,1146,0,0,1147,T
8-NS,603,1,2,0,1132,1135,C
8-NS,604,0,0,1138,0,1138,G
8-NS,605,1,0,0,1143,1144,C
8-NS,606,0,1135,0,2,1137,T
8-NS,607,0,1138,0,1,1139,T
8-NS,608,1,0,1135,0,1136,G
8-NS,609,18,2,1121,0,1141,G
8-NS,610,1138,0,1,0,1139,A
8-NS,611,0,0,1139,0,1139,G
8-NS,612,1124,1,1,0,1126,A
8-NS,613,1119,1,3,0,1123,A
8-NS,614,0,0,1136,0,1136,G
8-NS,615,0,3,0,1138,1141,C
8-NS,616,1134,1,0,0,1135,A
8-NS,617,0,0,1159,0,1159,G
8-NS,618,2,1150,0,0,1152,T
8-NS,619,1156,0,0,0,1156,A
8-NS,620,1140,0,12,0,1152,A
8-NS,621,0,1154,0,0,1154,T
8-NS,622,0,3,1155,1,1159,G
8-NS,623,1103,0,1,0,1104,A
8-NS,624,0,1,1124,0,1125,G
8-NS,625,1116,0,1,0,1117,A
8-NS,626,1074,2,1,0,1077,A
8-NS,627,0,1070,4,0,1074,T
8-NS,628,1,0,1054,0,1055,G
8-NS,629,0,2,1059,0,1061,G
8-NS,630,0,3,1052,0,1055,G
8-NS,631,0,1,1051,0,1052,G
8-NS,632,0,2,1051,0,1053,G
8-NS,633,1021,0,1,0,1022,A
8-NS,634,1,991,0,0,992,T
8-NS,635,2,0,0,1020,1022,C
8-NS,636,0,1018,0,2,1020,T
8-NS,637,0,0,0,1026,1026,C
8-NS,638,1,2,0,1020,1023,C
8-NS,639,1028,0,0,0,1028,A
8-NS,640,0,0,0,1026,1026,C
8-NS,641,0,1006,0,1,1007,T
8-NS,642,0,1002,0,0,1002,T
8-NS,643,984,0,2,0,986,A
8-NS,644,0,0,0,996,996,C
8-NS,645,0,990,0,2,992,T
8-NS,646,2,0,0,982,984,C
8-NS,647,2,0,0,978,980,C
8-NS,648,979,0,0,0,979,A
8-NS,649,980,0,1,0,981,A
8-NS,650,982,0,0,0,982,A
8-NS,651,984,0,0,0,984,A
8-NS,652,0,0,0,986,986,C
8-NS,653,950,0,1,0,951,A
8-NS,654,0,0,951,0,951,G
8-NS,655,946,0,1,0,947,A
8-NS,656,948,0,2,0,950,A
8-NS,657,949,0,0,0,949,A
8-NS,658,0,0,0,950,950,C
8-NS,659,1,2,943,0,946,G
8-NS,660,0,0,945,0,945,G
8-NS,661,0,0,947,0,947,G
8-NS,662,948,0,0,1,949,A
8-NS,663,944,0,0,0,944,A
8-NS,664,945,0,0,0,945,A
8-NS,665,0,942,0,0,942,T
8-NS,666,0,1,948,0,949,G
8-NS,667,0,0,946,0,946,G
8-NS,668,0,0,0,944,944,C
8-NS,669,0,0,945,0,945,G
8-NS,670,941,3,0,0,944,A
8-NS,671,2,1,946,0,949,G
8-NS,672,947,0,0,0,947,A
8-NS,673,948,0,0,0,948,A
8-NS,674,0,0,0,954,954,C
8-NS,675,926,0,2,0,928,A
8-NS,676,0,0,928,0,928,G
8-NS,677,1,0,0,927,928,C
8-NS,678,0,926,0,0,926,T
8-NS,679,926,0,0,0,926,A
8-NS,680,0,0,918,0,918,G
8-NS,681,0,0,919,0,919,G
8-NS,682,0,919,0,2,921,T
8-NS,683,2,0,0,894,896,C
8-NS,684,898,0,0,0,898,A
8-NS,685,895,0,0,0,895,A
8-NS,686,897,0,0,0,897,A
8-NS,687,903,0,0,0,903,A
8-NS,688,0,0,902,0,902,G
8-NS,689,0,881,0,1,882,T
8-NS,690,0,878,0,2,880,T
8-NS,691,0,884,0,0,884,T
8-NS,692,0,0,886,0,886,G
8-NS,693,883,2,1,1,887,A
8-NS,694,889,0,0,0,889,A
8-NS,695,1,0,891,1,893,G
8-NS,696,869,0,2,0,871,A
8-NS,697,1,1,872,0,874,G
8-NS,698,871,0,2,0,873,A
8-NS,699,1,870,0,0,871,T
8-NS,700,871,0,0,0,871,A
8-NS,701,865,0,0,0,865,A
8-NS,702,0,1,861,0,862,G
8-NS,703,798,0,2,0,800,A
8-NS,704,0,802,0,0,802,T
8-NS,705,0,0,805,0,805,G
8-NS,706,0,0,807,0,807,G
8-NS,707,0,1,0,803,804,C
8-NS,708,0,803,0,0,803,T
8-NS,709,801,0,0,0,801,A
8-NS,710,794,0,1,0,795,A
8-NS,711,0,800,0,1,801,T
8-NS,712,0,794,0,2,796,T
8-NS,713,0,0,794,0,794,G
8-NS,714,777,0,3,0,780,A
8-NS,715,773,0,4,0,777,A
8-NS,716,1,0,777,0,778,G
8-NS,717,774,0,0,0,774,A
8-NS,718,760,0,2,0,762,A
8-NS,719,0,0,773,0,773,G
8-NS,720,0,751,0,0,751,T
8-NS,721,0,0,753,0,753,G
8-NS,722,745,0,0,0,745,A
8-NS,723,0,1,744,0,745,G
8-NS,724,743,0,1,0,744,A
8-NS,725,0,0,0,737,737,C
8-NS,726,729,0,0,0,729,A
8-NS,727,0,0,0,726,726,C
8-NS,728,679,0,1,0,680,A
8-NS,729,0,0,692,0,692,G
8-NS,730,687,0,1,0,688,A
8-NS,731,0,678,0,1,679,T
8-NS,732,0,678,0,2,680,T
8-NS,733,676,0,0,0,676,A
8-NS,734,675,0,1,0,676,A
8-NS,735,673,0,1,0,674,A
8-NS,736,671,1,1,0,673,A
8-NS,737,670,1,0,1,672,A
8-NS,738,0,0,0,650,650,C
8-NS,739,605,0,0,0,605,A
8-NS,740,609,0,0,0,609,A
8-NS,741,0,0,0,609,609,C
8-NS,742,0,603,1,1,605,T
8-NS,743,1,1,603,0,605,G
8-NS,744,606,0,0,0,606,A
8-NS,745,606,0,0,0,606,A
8-NS,746,604,0,2,0,606,A
8-NS,747,598,0,0,0,598,A
8-NS,748,1,601,0,0,602,T
8-NS,749,588,1,1,0,590,A
8-NS,750,0,0,593,0,593,G
8-NS,751,1,0,0,591,592,C
8-NS,752,0,585,0,0,585,T
8-NS,753,0,581,1,1,583,T
8-NS,754,0,584,0,0,584,T
8-NS,755,0,2,584,0,586,G
8-NS,756,584,0,0,0,584,A
8-NS,757,583,0,1,0,584,A
8-NS,758,0,0,0,585,585,C
8-NS,759,568,0,0,0,568,A
8-NS,760,571,0,0,0,571,A
8-NS,761,573,0,0,0,573,A
8-NS,762,0,572,0,0,572,T
8-NS,763,572,0,0,0,572,A
8-NS,764,562,0,0,0,562,A
8-NS,765,0,1,0,558,559,C
8-NS,766,559,0,0,0,559,A
8-NS,767,0,548,0,1,549,T
8-NS,768,0,542,0,1,543,T
8-NS,769,0,0,0,533,533,C
8-NS,770,532,0,1,0,533,A
8-NS,771,0,531,0,0,531,T
8-NS,772,0,0,531,0,531,G
8-NS,773,0,0,0,521,521,C
8-NS,774,514,1,0,0,515,A
8-NS,775,505,0,2,0,507,A
8-NS,776,0,0,505,0,505,G
8-NS,777,0,0,0,509,509,C
8-NS,778,501,0,0,0,501,A
8-NS,779,1,498,0,0,499,T
8-NS,780,0,494,0,2,496,T
8-NS,781,493,0,4,0,497,A
8-NS,782,1,1,0,495,497,C
8-NS,783,494,0,0,0,494,A
8-NS,784,488,0,0,0,488,A
8-NS,785,1,0,0,483,484,C
8-NS,786,0,395,0,0,395,T
8-NS,787,1,0,395,0,396,G
8-NS,788,0,0,0,389,389,C
8-NS,789,0,380,0,1,381,T
8-NS,790,0,0,385,0,385,G
8-NS,791,0,371,0,0,371,T
8-NS,792,0,371,0,1,372,T
8-NS,793,0,372,0,0,372,T
8-NS,794,0,0,366,0,366,G
8-NS,795,365,0,0,0,365,A
8-NS,796,353,0,0,0,353,A
8-NS,797,0,0,356,0,356,G
8-NS,798,0,352,0,0,352,T
8-NS,799,0,0,335,0,335,G
8-NS,800,0,1,333,0,334,G
8-NS,801,334,0,1,0,335,A
8-NS,802,333,0,2,0,335,A
8-NS,803,0,0,0,334,334,C
8-NS,804,314,0,1,0,315,A
8-NS,805,0,0,316,0,316,G
8-NS,806,0,0,310,0,310,G
8-NS,807,299,0,2,0,301,A
8-NS,808,0,0,303,0,303,G
8-NS,809,253,0,1,0,254,A
8-NS,810,0,252,0,0,252,T
8-NS,811,252,0,0,0,252,A
8-NS,812,249,0,0,0,249,A
8-NS,813,0,0,252,0,252,G
8-NS,814,230,0,0,0,230,A
8-NS,815,226,0,0,0,226,A
8-NS,816,0,0,0,225,225,C
8-NS,817,0,187,0,0,187,T
8-NS,818,0,182,0,0,182,T
8-NS,819,0,182,0,1,183,T
8-NS,820,0,0,0,184,184,C
8-NS,821,0,177,0,0,177,T
8-NS,822,0,0,0,178,178,C
8-NS,823,172,0,0,0,172,A
8-NS,824,0,171,0,0,171,T
8-NS,825,0,165,0,0,165,T
8-NS,826,1,162,0,1,164,T
8-NS,827,0,0,0,163,163,C
8-NS,828,154,1,0,0,155,A
8-NS,829,0,0,154,0,154,G
8-NS,830,0,0,0,156,156,C
8-NS,831,0,145,0,0,145,T
8-NS,832,0,143,0,0,143,T
8-NS,833,143,0,0,0,143,A
8-NS,834,0,142,0,0,142,T
8-NS,835,0,143,0,0,143,T
8-NS,836,0,142,0,0,142,T
8-NS,837,132,0,0,0,132,A
8-NS,838,131,0,0,0,131,A
8-NS,839,0,131,0,0,131,T
8-NS,840,0,0,130,0,130,G
8-NS,841,130,0,0,0,130,A
8-NS,842,0,110,0,0,110,T
8-NS,843,110,0,0,0,110,A
8-NS,844,111,0,0,0,111,A
8-NS,845,111,0,0,0,111,A
8-NS,846,111,0,0,0,111,A
8-NS,847,110,0,1,0,111,A
8-NS,848,108,0,1,0,109,A
8-NS,849,0,0,0,109,109,C
8-NS,850,95,0,0,0,95,A
8-NS,851,0,0,0,95,95,C
8-NS,852,0,0,0,91,91,C
8-NS,853,0,0,0,90,90,C
8-NS,854,0,86,0,0,86,T
8-NS,855,0,86,0,0,86,T
8-NS,856,0,0,86,0,86,G
8-NS,857,0,82,0,0,82,T
8-NS,858,0,81,0,0,81,T
8-NS,859,0,80,0,0,80,T
8-NS,860,0,0,0,23,23,C
8-NS,861,0,17,0,0,17,T
8-NS,862,16,0,0,0,16,A
8-NS,863,0,0,0,16,16,C
