Gene,Position,A,T,G,C,Coverage,Consensus
1-PB2,1,360,0,0,0,360,A
1-PB2,2,0,359,0,0,359,T
1-PB2,3,0,0,364,0,364,G
1-PB2,4,0,1,363,0,364,G
1-PB2,5,363,0,0,0,363,A
1-PB2,6,362,0,1,0,363,A
1-PB2,7,365,0,0,0,365,A
1-PB2,8,0,2,397,1,400,G
1-PB2,9,403,0,0,0,403,A
1-PB2,10,404,1,0,0,405,A
1-PB2,11,0,420,0,0,420,T
1-PB2,12,419,0,0,0,419,A
1-PB2,13,415,0,0,0,415,A
1-PB2,14,419,0,0,0,419,A
1-PB2,15,420,0,0,0,420,A
1-PB2,16,0,0,435,0,435,G
1-PB2,17,436,0,0,0,436,A
1-PB2,18,438,0,0,0,438,A
1-PB2,19,0,0,0,441,441,C
1-PB2,20,0,444,0,0,444,T
1-PB2,21,456,0,0,0,456,A
1-PB2,22,0,0,0,456,456,C
1-PB2,23,0,1,457,0,458,G
1-PB2,24,0,0,465,0,465,G
1-PB2,25,469,0,0,0,469,A
1-PB2,26,484,0,0,0,484,A
1-PB2,27,0,483,0,0,483,T
1-PB2,28,1,0,0,482,483,C
1-PB2,29,0,484,0,0,484,T
1-PB2,30,0,0,491,0,491,G
1-PB2,31,494,0,0,0,494,A
1-PB2,32,0,495,0,0,495,T
1-PB2,33,0,1,494,0,495,G
1-PB2,34,0,510,0,0,510,T
1-PB2,35,0,1,0,507,508,C
1-PB2,36,0,0,508,0,508,G
1-PB2,37,0,1,0,508,509,C
1-PB2,38,510,0,0,0,510,A
1-PB2,39,0,0,550,1,551,G
1-PB2,40,0,548,0,0,548,T
1-PB2,41,0,0,1,550,551,C
1-PB2,42,0,550,0,0,550,T
1-PB2,43,0,0,0,550,550,C
1-PB2,44,0,0,551,0,551,G
1-PB2,45,0,0,0,550,550,C
1-PB2,46,550,0,0,0,550,A
1-PB2,47,0,0,0,560,560,C
1-PB2,48,0,557,0,0,557,T
1-PB2,49,0,1,0,581,582,C
1-PB2,50,0,0,582,0,582,G
1-PB2,51,0,0,0,582,582,C
1-PB2,52,0,0,583,0,583,G
1-PB2,53,586,0,0,0,586,A
1-PB2,54,0,1,590,0,591,G
1-PB2,55,603,0,0,0,603,A
1-PB2,56,0,603,0,0,603,T
1-PB2,57,605,0,0,0,605,A
1-PB2,58,1,0,0,606,607,C
1-PB2,59,1,601,0,0,602,T
1-PB2,60,0,0,615,0,615,G
1-PB2,61,615,0,1,0,616,A
1-PB2,62,0,0,0,622,622,C
1-PB2,63,619,0,0,0,619,A
1-PB2,64,617,0,0,0,617,A
1-PB2,65,633,0,0,0,633,A
1-PB2,66,640,1,1,0,642,A
1-PB2,67,638,0,0,0,638,A
1-PB2,68,0,0,0,652,652,C
1-PB2,69,0,0,0,651,651,C
1-PB2,70,667,1,0,0,668,A
1-PB2,71,0,0,0,683,683,C
1-PB2,72,682,0,1,0,683,A
1-PB2,73,0,0,703,0,703,G
1-PB2,74,0,700,0,0,700,T
1-PB2,75,0,0,724,0,724,G
1-PB2,76,0,1,725,0,726,G
1-PB2,77,723,0,3,0,726,A
1-PB2,78,0,0,1,773,774,C
1-PB2,79,1,0,0,769,770,C
1-PB2,80,781,0,0,0,781,A
1-PB2,81,0,785,0,0,785,T
1-PB2,82,780,0,1,0,781,A
1-PB2,83,0,781,0,0,781,T
1-PB2,84,0,0,783,0,783,G
1-PB2,85,0,0,785,0,785,G
1-PB2,86,1,0,0,784,785,C
1-PB2,87,1,1,0,773,775,C
1-PB2,88,773,0,0,0,773,A
1-PB2,89,0,818,0,0,818,T
1-PB2,90,821,0,0,0,821,A
1-PB2,91,854,0,0,0,854,A
1-PB2,92,0,857,0,0,857,T
1-PB2,93,0,851,0,0,851,T
1-PB2,94,867,0,0,0,867,A
1-PB2,95,864,0,1,0,865,A
1-PB2,96,0,0,888,0,888,G
1-PB2,97,884,0,2,0,886,A
1-PB2,98,872,1,0,0,873,A
1-PB2,99,1,3,903,0,907,G
1-PB2,100,0,897,0,0,897,T
1-PB2,101,899,0,0,0,899,A
1-PB2,102,0,0,0,902,902,C
1-PB2,103,900,0,0,0,900,A
1-PB2,104,0,0,0,917,917,C
1-PB2,105,913,0,0,0,913,A
1-PB2,106,0,912,0,0,912,T
1-PB2,107,1,0,0,918,919,C
1-PB2,108,0,2,906,0,908,G
1-PB2,109,0,2,907,0,909,G
1-PB2,110,0,2,906,0,908,G
1-PB2,111,0,1,910,0,911,G
1-PB2,112,901,0,1,0,902,A
1-PB2,113,0,1,901,0,902,G
1-PB2,114,900,0,2,0,902,A
1-PB2,115,2,0,0,912,914,C
1-PB2,116,912,0,2,0,914,A
1-PB2,117,0,0,922,0,922,G
1-PB2,118,0,0,939,0,939,G
1-PB2,119,941,0,0,0,941,A
1-PB2,120,941,0,0,0,941,A
1-PB2,121,943,0,0,0,943,A
1-PB2,122,934,0,3,0,937,A
1-PB2,123,0,2,945,0,947,G
1-PB2,124,942,0,0,0,942,A
1-PB2,125,944,0,2,0,946,A
1-PB2,126,2,0,0,942,944,C
1-PB2,127,1,0,0,932,933,C
1-PB2,128,2,1,0,934,937,C
1-PB2,129,0,0,938,0,938,G
1-PB2,130,0,934,0,3,937,T
1-PB2,131,0,0,0,944,944,C
1-PB2,132,956,0,1,0,957,A
1-PB2,133,0,0,0,960,960,C
1-PB2,134,0,958,0,0,958,T
1-PB2,135,0,958,0,0,958,T
1-PB2,136,958,0,1,0,959,A
1-PB2,137,0,5,976,0,981,G
1-PB2,138,0,0,978,0,978,G
1-PB2,139,978,0,1,1,980,A
1-PB2,140,0,975,0,1,976,T
1-PB2,141,0,1,990,0,991,G
1-PB2,142,997,0,0,0,997,A
1-PB2,143,999,0,0,0,999,A
1-PB2,144,1000,0,1,0,1001,A
1-PB2,145,0,996,0,0,996,T
1-PB2,146,1,1,997,0,999,G
1-PB2,147,0,0,1004,0,1004,G
1-PB2,148,1000,0,0,0,1000,A
1-PB2,149,0,1003,0,0,1003,T
1-PB2,150,0,0,997,0,997,G
1-PB2,151,991,0,3,0,994,A
1-PB2,152,0,995,0,0,995,T
1-PB2,153,0,1,998,0,999,G
1-PB2,154,0,0,999,0,999,G
1-PB2,155,0,0,0,998,998,C
1-PB2,156,995,1,0,0,996,A
1-PB2,157,1001,0,0,0,1001,A
1-PB2,158,0,1003,0,0,1003,T
1-PB2,159,0,0,1040,0,1040,G
1-PB2,160,1043,0,0,0,1043,A
1-PB2,161,1040,0,0,0,1040,A
1-PB2,162,1041,0,1,0,1042,A
1-PB2,163,0,1046,0,0,1046,T
1-PB2,164,1056,0,1,0,1057,A
1-PB2,165,0,0,0,1075,1075,C
1-PB2,166,0,0,0,1065,1065,C
1-PB2,167,5,0,0,1067,1072,C
1-PB2,168,1072,0,0,0,1072,A
1-PB2,169,1072,0,0,0,1072,A
1-PB2,170,0,1075,0,0,1075,T
1-PB2,171,0,0,0,1077,1077,C
1-PB2,172,1070,0,1,0,1071,A
1-PB2,173,0,0,0,1088,1088,C
1-PB2,174,0,1073,1,1,1075,T
1-PB2,175,0,0,1086,0,1086,G
1-PB2,176,0,1,0,1084,1085,C
1-PB2,177,0,1079,0,1,1080,T
1-PB2,178,0,0,1090,0,1090,G
1-PB2,179,1089,0,0,0,1089,A
1-PB2,180,0,0,0,1096,1096,C
1-PB2,181,1085,1,0,0,1086,A
1-PB2,182,1081,0,0,0,1081,A
1-PB2,183,1081,0,1,1,1083,A
1-PB2,184,1079,0,1,0,1080,A
1-PB2,185,0,1,1100,0,1101,G
1-PB2,186,17,2,1082,0,1101,G
1-PB2,187,1093,0,0,0,1093,A
1-PB2,188,0,1103,0,0,1103,T
1-PB2,189,1096,0,0,0,1096,A
1-PB2,190,1104,0,3,0,1107,A
1-PB2,191,1,1,0,1126,1128,C
1-PB2,192,1122,0,3,0,1125,A
1-PB2,193,0,0,1131,0,1131,G
1-PB2,194,1106,1,0,0,1107,A
1-PB2,195,1109,0,0,0,1109,A
1-PB2,196,1113,0,0,0,1113,A
1-PB2,197,0,1111,0,0,1111,T
1-PB2,198,0,1,1108,0,1109,G
1-PB2,199,1,0,1117,0,1118,G
1-PB2,200,0,1106,1,0,1107,T
1-PB2,201,0,1105,0,0,1105,T
1-PB2,202,0,0,1,1096,1097,C
1-PB2,203,2,1,0,1101,1104,C
1-PB2,204,0,3,1107,0,1110,G
1-PB2,205,0,3,1105,0,1108,G
1-PB2,206,1106,1,2,0,1109,A
1-PB2,207,0,0,1112,0,1112,G
1-PB2,208,1099,0,0,0,1099,A
1-PB2,209,0,1,1116,0,1117,G
1-PB2,210,1114,0,0,0,1114,A
1-PB2,211,1117,0,0,0,1117,A
1-PB2,212,1118,0,2,0,1120,A
1-PB2,213,0,1115,0,0,1115,T
1-PB2,214,0,2,1122,0,1124,G
1-PB2,215,1128,0,0,0,1128,A
1-PB2,216,1121,0,3,0,1124,A
1-PB2,217,0,1,0,1125,1126,C
1-PB2,218,1106,0,0,0,1106,A
1-PB2,219,1114,0,1,0,1115,A
1-PB2,220,0,2,1131,0,1133,G
1-PB2,221,0,0,1144,0,1144,G
1-PB2,222,1146,0,1,0,1147,A
1-PB2,223,0,2,0,1138,1140,C
1-PB2,224,1144,1,0,0,1145,A
1-PB2,225,1144,0,2,0,1146,A
1-PB2,226,1196,0,0,0,1196,A
1-PB2,227,0,0,0,1202,1202,C
1-PB2,228,0,1193,0,2,1195,T
1-PB2,229,3,0,0,1215,1218,C
1-PB2,230,0,1193,0,0,1193,T
1-PB2,231,1202,0,1,0,1203,A
1-PB2,232,0,1199,0,0,1199,T
1-PB2,233,1,2,1203,0,1206,G
1-PB2,234,1,0,1229,0,1230,G
1-PB2,235,1193,0,0,0,1193,A
1-PB2,236,0,2,1202,0,1204,G
1-PB2,237,0,1189,0,2,1191,T
1-PB2,238,1187,0,1,0,1188,A
1-PB2,239,1194,0,0,0,1194,A
1-PB2,240,1192,1,1,0,1194,A
1-PB2,241,1196,0,0,0,1196,A
1-PB2,242,0,1186,0,0,1186,T
1-PB2,243,2,1,1178,0,1181,G
1-PB2,244,1170,0,1,1,1172,A
1-PB2,245,0,0,1177,0,1177,G
1-PB2,246,0,1169,0,1,1170,T
1-PB2,247,0,1,1170,0,1171,G
1-PB2,248,1192,0,0,0,1192,A
1-PB2,249,0,1190,0,0,1190,T
1-PB2,250,0,0,1197,0,1197,G
1-PB2,251,0,0,0,1191,1191,C
1-PB2,252,0,1179,1,2,1182,T
1-PB2,253,1,1,1228,0,1230,G
1-PB2,254,0,1,1230,0,1231,G
1-PB2,255,1248,1,0,0,1249,A
1-PB2,256,0,1247,0,0,1247,T
1-PB2,257,0,0,0,1250,1250,C
1-PB2,258,1256,0,1,0,1257,A
1-PB2,259,0,0,1290,0,1290,G
1-PB2,260,1291,0,0,0,1291,A
1-PB2,261,0,1289,0,0,1289,T
1-PB2,262,1263,0,1,0,1264,A
1-PB2,263,0,1,1302,0,1303,G
1-PB2,264,1283,0,2,0,1285,A
1-PB2,265,0,0,1298,0,1298,G
1-PB2,266,0,1284,0,0,1284,T
1-PB2,267,1,0,1271,0,1272,G
1-PB2,268,1244,0,1,0,1245,A
1-PB2,269,0,1245,0,1,1246,T
1-PB2,270,0,3,1261,0,1264,G
1-PB2,271,0,1,1286,1,1288,G
1-PB2,272,0,1278,0,2,1280,T
1-PB2,273,1278,0,1,0,1279,A
1-PB2,274,0,1267,0,1,1268,T
1-PB2,275,4,0,0,1262,1266,C
1-PB2,276,1292,0,1,0,1293,A
1-PB2,277,1,0,1,1318,1320,C
1-PB2,278,0,0,0,1315,1315,C
1-PB2,279,0,1286,2,0,1288,T
1-PB2,280,0,1272,0,0,1272,T
1-PB2,281,0,1275,0,0,1275,T
1-PB2,282,0,0,1289,0,1289,G
1-PB2,283,1,0,1292,0,1293,G
1-PB2,284,0,0,0,1300,1300,C
1-PB2,285,0,1281,0,0,1281,T
1-PB2,286,0,0,1276,0,1276,G
1-PB2,287,2,1267,0,2,1271,T
1-PB2,288,1,3,1256,0,1260,G
1-PB2,289,1286,0,1,0,1287,A
1-PB2,290,1,1,0,1282,1284,C
1-PB2,291,1286,0,2,0,1288,A
1-PB2,292,0,1277,0,0,1277,T
1-PB2,293,0,1,1277,0,1278,G
1-PB2,294,0,1,1301,0,1302,G
1-PB2,295,0,1294,0,0,1294,T
1-PB2,296,0,2,1292,0,1294,G
1-PB2,297,0,3,1298,0,1301,G
1-PB2,298,1295,0,1,0,1296,A
1-PB2,299,1307,0,1,0,1308,A
1-PB2,300,1,1306,0,0,1307,T
1-PB2,301,1309,1,0,1,1311,A
1-PB2,302,1,1,1336,0,1338,G
1-PB2,303,1306,0,0,0,1306,A
1-PB2,304,1305,0,0,0,1305,A
1-PB2,305,1307,0,0,0,1307,A
1-PB2,306,2,1282,0,0,1284,T
1-PB2,307,1,0,1286,0,1287,G
1-PB2,308,0,1,1284,0,1285,G
1-PB2,309,1285,0,2,0,1287,A
1-PB2,310,1,0,0,1284,1285,C
1-PB2,311,0,0,0,1265,1265,C
1-PB2,312,2,0,0,1264,1266,C
1-PB2,313,0,0,1280,0,1280,G
1-PB2,314,0,1294,0,2,1296,T
1-PB2,315,0,1,1329,0,1330,G
1-PB2,316,1333,0,0,0,1333,A
1-PB2,317,0,0,0,1344,1344,C
1-PB2,318,1341,1,1,0,1343,A
1-PB2,319,1339,0,2,0,1341,A
1-PB2,320,1320,0,1,0,1321,A
1-PB2,321,0,1347,0,0,1347,T
1-PB2,322,1346,0,1,0,1347,A
1-PB2,323,0,3,0,1345,1348,C
1-PB2,324,0,2,1325,0,1327,G
1-PB2,325,2,0,1355,0,1357,G
1-PB2,326,0,1341,0,3,1344,T
1-PB2,327,2,0,0,1353,1355,C
1-PB2,328,1,0,0,1352,1353,C
1-PB2,329,1347,0,1,0,1348,A
1-PB2,330,0,1356,0,0,1356,T
1-PB2,331,0,1356,0,1,1357,T
1-PB2,332,1420,0,3,0,1423,A
1-PB2,333,1,1,0,1423,1425,C
1-PB2,334,2,0,0,1406,1408,C
1-PB2,335,3,0,0,1409,1412,C
1-PB2,336,1400,0,1,0,1401,A
1-PB2,337,1413,0,1,1,1415,A
1-PB2,338,1414,0,0,0,1414,A
1-PB2,339,1405,0,1,0,1406,A
1-PB2,340,0,1,1417,0,1418,G
1-PB2,341,0,1360,0,0,1360,T
1-PB2,342,0,2,1379,0,1381,G
1-PB2,343,0,1376,0,1,1377,T
1-PB2,344,1377,0,1,1,1379,A
1-PB2,345,1,1,0,1371,1373,C
1-PB2,346,1374,0,0,1,1375,A
1-PB2,347,1375,0,0,1,1376,A
1-PB2,348,1359,0,0,0,1359,A
1-PB2,349,1367,1,0,0,1368,A
1-PB2,350,0,1,0,1363,1364,C
1-PB2,351,0,1360,0,0,1360,T
1-PB2,352,0,1370,0,0,1370,T
1-PB2,353,1374,0,1,0,1375,A
1-PB2,354,0,1365,0,1,1366,T
1-PB2,355,0,1370,0,0,1370,T
1-PB2,356,1,1367,0,0,1368,T
1-PB2,357,1,2,0,1365,1368,C
1-PB2,358,0,0,1368,0,1368,G
1-PB2,359,1366,0,1,0,1367,A
1-PB2,360,1,0,0,1365,1366,C
1-PB2,361,1358,2,1,0,1361,A
1-PB2,362,1362,0,0,0,1362,A
1-PB2,363,1356,0,2,0,1358,A
1-PB2,364,0,0,1371,0,1371,G
1-PB2,365,1,1368,0,0,1369,T
1-PB2,366,1,0,0,1371,1372,C
1-PB2,367,0,0,1374,0,1374,G
1-PB2,368,1369,0,1,0,1370,A
1-PB2,369,1367,2,1,0,1370,A
1-PB2,370,1373,0,0,1,1374,A
1-PB2,371,0,2,1396,0,1398,G
1-PB2,372,1,0,1412,0,1413,G
1-PB2,373,0,1392,0,3,1395,T
1-PB2,374,0,1395,0,0,1395,T
1-PB2,375,0,2,1392,0,1394,G
1-PB2,376,1395,1,0,0,1396,A
1-PB2,377,1396,0,0,0,1396,A
1-PB2,378,1402,0,3,0,1405,A
1-PB2,379,0,0,0,1410,1410,C
1-PB2,380,1397,0,0,0,1397,A
1-PB2,381,0,1385,0,1,1386,T
1-PB2,382,2,1,1377,0,1380,G
1-PB2,383,0,0,1384,0,1384,G
1-PB2,384,1379,0,1,0,1380,A
1-PB2,385,1394,1,0,0,1395,A
1-PB2,386,0,0,1,1416,1417,C
1-PB2,387,1,0,0,1433,1434,C
1-PB2,388,0,1427,0,0,1427,T
1-PB2,389,0,1422,0,1,1423,T
1-PB2,390,3,1420,0,2,1425,T
1-PB2,391,0,0,1420,0,1420,G
1-PB2,392,1,2,1420,0,1423,G
1-PB2,393,0,0,0,1420,1420,C
1-PB2,394,0,0,0,1399,1399,C
1-PB2,395,5,2,0,1394,1401,C
1-PB2,396,1,1355,0,0,1356,T
1-PB2,397,0,2,1375,1,1378,G
1-PB2,398,0,1376,0,2,1378,T
1-PB2,399,0,1372,0,4,1376,T
1-PB2,400,1,0,0,1377,1378,C
1-PB2,401,1358,0,0,0,1358,A
1-PB2,402,0,1356,0,1,1357,T
1-PB2,403,1,1354,0,0,1355,T
1-PB2,404,0,1360,0,0,1360,T
1-PB2,405,0,1366,1,0,1367,T
1-PB2,406,1342,0,1,0,1343,A
1-PB2,407,0,2,1341,0,1343,G
1-PB2,408,1342,0,1,0,1343,A
1-PB2,409,1339,0,1,0,1340,A
1-PB2,410,1343,0,1,1,1345,A
1-PB2,411,0,1342,0,0,1342,T
1-PB2,412,1,1,0,1339,1341,C
1-PB2,413,1342,0,0,0,1342,A
1-PB2,414,1343,0,12,0,1355,A
1-PB2,415,0,1,1358,0,1359,G
1-PB2,416,0,1361,0,0,1361,T
1-PB2,417,2,0,0,1354,1356,C
1-PB2,418,1359,0,1,0,1360,A
1-PB2,419,1362,0,2,0,1364,A
1-PB2,420,0,2,1365,0,1367,G
1-PB2,421,1366,0,0,1,1367,A
1-PB2,422,0,1375,0,0,1375,T
1-PB2,423,1383,0,1,0,1384,A
1-PB2,424,1,1,0,1380,1382,C
1-PB2,425,1,1,1382,0,1384,G
1-PB2,426,0,0,0,1430,1430,C
1-PB2,427,1410,2,1,0,1413,A
1-PB2,428,0,1,1422,0,1423,G
1-PB2,429,1420,0,0,0,1420,A
1-PB2,430,1418,0,2,0,1420,A
1-PB2,431,1,2,1439,0,1442,G
1-PB2,432,1415,0,2,0,1417,A
1-PB2,433,0,2,1416,0,1418,G
1-PB2,434,1,1409,0,4,1414,T
1-PB2,435,1409,0,3,0,1412,A
1-PB2,436,0,0,1426,0,1426,G
1-PB2,437,1429,0,1,0,1430,A
1-PB2,438,1,1,0,1456,1458,C
1-PB2,439,1434,0,0,0,1434,A
1-PB2,440,0,1408,0,0,1408,T
1-PB2,441,1401,0,1,0,1402,A
1-PB2,442,1398,0,0,0,1398,A
1-PB2,443,1411,0,0,0,1411,A
1-PB2,444,0,0,0,1418,1418,C
1-PB2,445,1,0,0,1400,1401,C
1-PB2,446,5,1,0,1385,1391,C
1-PB2,447,1,1302,0,0,1303,T
1-PB2,448,1,2,1308,0,1311,G
1-PB2,449,0,1,1332,0,1333,G
1-PB2,450,1,1330,0,2,1333,T
1-PB2,451,1,0,0,1320,1321,C
1-PB2,452,1337,0,1,0,1338,A
1-PB2,453,0,1326,1,1,1328,T
1-PB2,454,1,0,1332,0,1333,G
1-PB2,455,0,3,0,1332,1335,C
1-PB2,456,1304,0,0,0,1304,A
1-PB2,457,0,2,1311,0,1313,G
1-PB2,458,1265,0,1,0,1266,A
1-PB2,459,1,0,0,1279,1280,C
1-PB2,460,2,0,0,1270,1272,C
1-PB2,461,0,1228,0,5,1233,T
1-PB2,462,1,0,0,1235,1236,C
1-PB2,463,1218,0,1,0,1219,A
1-PB2,464,0,0,1242,0,1242,G
1-PB2,465,0,1244,0,0,1244,T
1-PB2,466,0,0,1232,0,1232,G
1-PB2,467,0,1,0,1232,1233,C
1-PB2,468,1,0,1,1212,1214,C
1-PB2,469,1211,0,0,0,1211,A
1-PB2,470,1210,0,1,0,1211,A
1-PB2,471,1211,0,0,0,1211,A
1-PB2,472,0,0,1212,0,1212,G
1-PB2,473,1169,0,2,1,1172,A
1-PB2,474,0,0,1178,0,1178,G
1-PB2,475,0,1,1174,0,1175,G
1-PB2,476,0,1,0,1172,1173,C
1-PB2,477,1178,0,1,0,1179,A
1-PB2,478,2,2,0,1179,1183,C
1-PB2,479,1181,0,0,0,1181,A
1-PB2,480,1208,0,0,1,1209,A
1-PB2,481,0,0,1223,0,1223,G
1-PB2,482,1243,0,1,1,1245,A
1-PB2,483,1,1234,0,0,1235,T
1-PB2,484,0,2,1235,0,1237,G
1-PB2,485,1,1240,0,0,1241,T
1-PB2,486,1239,0,0,0,1239,A
1-PB2,487,1233,0,1,0,1234,A
1-PB2,488,0,1235,1,0,1236,T
1-PB2,489,0,1179,0,0,1179,T
1-PB2,490,1169,1,1,0,1171,A
1-PB2,491,0,1138,0,2,1140,T
1-PB2,492,0,2,1140,0,1142,G
1-PB2,493,0,1,1143,0,1144,G
1-PB2,494,1133,1,0,1,1135,A
1-PB2,495,1128,0,0,1,1129,A
1-PB2,496,0,1,1128,0,1129,G
1-PB2,497,0,1125,0,0,1125,T
1-PB2,498,0,1121,0,0,1121,T
1-PB2,499,0,0,1135,0,1135,G
1-PB2,500,1,1127,0,2,1130,T
1-PB2,501,0,1124,1,0,1125,T
1-PB2,502,0,1129,0,0,1129,T
1-PB2,503,0,1133,0,0,1133,T
1-PB2,504,0,1135,0,0,1135,T
1-PB2,505,0,0,0,1138,1138,C
1-PB2,506,2,0,1,1136,1139,C
1-PB2,507,2,0,0,1140,1142,C
1-PB2,508,1137,0,0,0,1137,A
1-PB2,509,1144,0,0,0,1144,A
1-PB2,510,0,1137,0,0,1137,T
1-PB2,511,0,0,1151,0,1151,G
1-PB2,512,1150,0,1,0,1151,A
1-PB2,513,1142,0,1,0,1143,A
1-PB2,514,0,0,1158,0,1158,G
1-PB2,515,0,1155,0,1,1156,T
1-PB2,516,0,3,1151,0,1154,G
1-PB2,517,0,0,1147,0,1147,G
1-PB2,518,0,0,1151,0,1151,G
1-PB2,519,1157,0,1,0,1158,A
1-PB2,520,1,1,1154,0,1156,G
1-PB2,521,1,0,0,1145,1146,C
1-PB2,522,0,0,0,1149,1149,C
1-PB2,523,1144,0,2,0,1146,A
1-PB2,524,0,2,1180,0,1182,G
1-PB2,525,1,0,1188,0,1189,G
1-PB2,526,1198,0,0,0,1198,A
1-PB2,527,0,1195,1,1,1197,T
1-PB2,528,1191,0,0,0,1191,A
1-PB2,529,0,0,0,1191,1191,C
1-PB2,530,0,1178,1,1,1180,T
1-PB2,531,1184,0,0,0,1184,A
1-PB2,532,1178,0,0,0,1178,A
1-PB2,533,0,0,0,1192,1192,C
1-PB2,534,1166,1,0,0,1167,A
1-PB2,535,0,1154,0,1,1155,T
1-PB2,536,1,0,0,1159,1160,C
1-PB2,537,1149,0,1,0,1150,A
1-PB2,538,0,0,1162,0,1162,G
1-PB2,539,1165,0,0,0,1165,A
1-PB2,540,1157,0,0,0,1157,A
1-PB2,541,0,1156,0,1,1157,T
1-PB2,542,1,0,0,1141,1142,C
1-PB2,543,1141,1,0,0,1142,A
1-PB2,544,0,0,0,1165,1165,C
1-PB2,545,1170,0,0,0,1170,A
1-PB2,546,1177,0,0,0,1177,A
1-PB2,547,0,1162,0,1,1163,T
1-PB2,548,0,1163,0,0,1163,T
1-PB2,549,1171,1,0,0,1172,A
1-PB2,550,1175,0,0,0,1175,A
1-PB2,551,1,0,0,1176,1177,C
1-PB2,552,1164,0,0,0,1164,A
1-PB2,553,1156,0,0,0,1156,A
1-PB2,554,0,1181,0,0,1181,T
1-PB2,555,1174,0,0,0,1174,A
1-PB2,556,1171,0,2,0,1173,A
1-PB2,557,1,0,0,1165,1166,C
1-PB2,558,1,1165,0,0,1166,T
1-PB2,559,1162,0,0,0,1162,A
1-PB2,560,1156,0,0,0,1156,A
1-PB2,561,1158,0,1,0,1159,A
1-PB2,562,0,0,1162,0,1162,G
1-PB2,563,1142,0,1,0,1143,A
1-PB2,564,6,0,1142,1,1149,G
1-PB2,565,1142,0,0,0,1142,A
1-PB2,566,1139,1,2,0,1142,A
1-PB2,567,1139,0,0,0,1139,A
1-PB2,568,1141,0,0,0,1141,A
1-PB2,569,1148,0,0,0,1148,A
1-PB2,570,1148,0,2,0,1150,A
1-PB2,571,0,0,1150,0,1150,G
1-PB2,572,1144,0,2,0,1146,A
1-PB2,573,1137,0,1,0,1138,A
1-PB2,574,0,1,1137,0,1138,G
1-PB2,575,1134,0,3,1,1138,A
1-PB2,576,1136,0,1,0,1137,A
1-PB2,577,0,0,0,1149,1149,C
1-PB2,578,0,1129,0,1,1130,T
1-PB2,579,1,0,1,1133,1135,C
1-PB2,580,0,2,0,1135,1137,C
1-PB2,581,0,1,1139,0,1140,G
1-PB2,582,1139,0,0,0,1139,A
1-PB2,583,0,0,1137,0,1137,G
1-PB2,584,1134,0,0,0,1134,A
1-PB2,585,0,1129,0,0,1129,T
1-PB2,586,0,1119,0,1,1120,T
1-PB2,587,1,1,1119,0,1121,G
1-PB2,588,1,0,0,1117,1118,C
1-PB2,589,1121,0,0,0,1121,A
1-PB2,590,1121,1,0,0,1122,A
1-PB2,591,1124,0,0,0,1124,A
1-PB2,592,1127,0,1,0,1128,A
1-PB2,593,0,1126,0,1,1127,T
1-PB2,594,0,1128,0,0,1128,T
1-PB2,595,0,1128,0,1,1129,T
1-PB2,596,0,0,0,1135,1135,C
1-PB2,597,0,1128,0,3,1131,T
1-PB2,598,1,0,0,1207,1208,C
1-PB2,599,2,0,0,1207,1209,C
1-PB2,600,2,0,0,1326,1328,C
1-PB2,601,0,1312,0,0,1312,T
1-PB2,602,1,1344,0,0,1345,T
1-PB2,603,1,1,1341,0,1343,G
1-PB2,604,1349,0,3,0,1352,A
1-PB2,605,0,1381,0,0,1381,T
1-PB2,606,0,2,1415,0,1417,G
1-PB2,607,0,0,1593,0,1593,G
1-PB2,608,0,1629,0,0,1629,T
1-PB2,609,0,1612,0,1,1613,T
1-PB2,610,0,1,1753,0,1754,G
1-PB2,611,0,1,0,1761,1762,C
1-PB2,612,1823,1,1,0,1825,A
1-PB2,613,0,1822,0,1,1823,T
1-PB2,614,1848,0,0,3,1851,A
1-PB2,615,2,1,0,1939,1942,C
1-PB2,616,2159,0,0,12,2171,A
1-PB2,617,0,2238,0,0,2238,T
1-PB2,618,0,1,2358,0,2359,G
1-PB2,619,0,2341,0,2,2343,T
1-PB2,620,0,2347,0,0,2347,T
1-PB2,621,2351,0,0,0,2351,A
1-PB2,622,0,2,2356,0,2358,G
1-PB2,623,2383,0,1,0,2384,A
1-PB2,624,0,4,2432,0,2436,G
1-PB2,625,2351,0,4,0,2355,A
1-PB2,626,0,3,2370,1,2374,G
1-PB2,627,2347,0,5,0,2352,A
1-PB2,628,1,0,2368,0,2369,G
1-PB2,629,2382,0,1,0,2383,A
1-PB2,630,2379,0,1,0,2380,A
1-PB2,631,3,0,0,2397,2400,C
1-PB2,632,0,2394,0,0,2394,T
1-PB2,633,0,2380,0,0,2380,T
1-PB2,634,1,2,2390,0,2393,G
1-PB2,635,0,2383,0,1,2384,T
1-PB2,636,2391,0,0,0,2391,A
1-PB2,637,1,0,0,2382,2383,C
1-PB2,638,0,1,2379,0,2380,G
1-PB2,639,2384,0,0,0,2384,A
1-PB2,640,2375,0,0,0,2375,A
1-PB2,641,2397,1,2,0,2400,A
1-PB2,642,2410,0,1,0,2411,A
1-PB2,643,2415,0,2,0,2417,A
1-PB2,644,1,0,0,2421,2422,C
1-PB2,645,2422,0,0,0,2422,A
1-PB2,646,2428,0,0,0,2428,A
1-PB2,647,2,3,2437,0,2442,G
1-PB2,648,2442,0,2,0,2444,A
1-PB2,649,0,2456,0,0,2456,T
1-PB2,650,0,2444,0,4,2448,T
1-PB2,651,0,2448,0,0,2448,T
1-PB2,652,2,0,0,2461,2463,C
1-PB2,653,1,2448,0,5,2454,T
1-PB2,654,5,0,0,2452,2457,C
1-PB2,655,6,0,0,2453,2459,C
1-PB2,656,3,0,0,2462,2465,C
1-PB2,657,2472,0,1,0,2473,A
1-PB2,658,0,0,2506,0,2506,G
1-PB2,659,0,2501,0,0,2501,T
1-PB2,660,0,2500,0,0,2500,T
1-PB2,661,1,2489,0,0,2490,T
1-PB2,662,3,0,0,2496,2499,C
1-PB2,663,0,2499,0,1,2500,T
1-PB2,664,0,2,2498,0,2500,G
1-PB2,665,2,4,2487,0,2493,G
1-PB2,666,1,4,0,2495,2500,C
1-PB2,667,0,3,2497,1,2501,G
1-PB2,668,0,1,2531,0,2532,G
1-PB2,669,2540,1,3,0,2544,A
1-PB2,670,2549,0,0,0,2549,A
1-PB2,671,0,0,1,2559,2560,C
1-PB2,672,2573,1,0,0,2574,A
1-PB2,673,2579,0,3,0,2582,A
1-PB2,674,0,1,2675,0,2676,G
1-PB2,675,0,2,0,2730,2732,C
1-PB2,676,2744,0,1,0,2745,A
1-PB2,677,1,0,3360,0,3361,G
1-PB2,678,0,3356,0,2,3358,T
1-PB2,679,3389,0,3,0,3392,A
1-PB2,680,1,3390,0,1,3392,T
1-PB2,681,3403,1,0,0,3404,A
1-PB2,682,0,3403,0,1,3404,T
1-PB2,683,3351,0,1,0,3352,A
1-PB2,684,0,0,0,3395,3395,C
1-PB2,685,3247,0,0,0,3247,A
1-PB2,686,1,3087,0,1,3089,T
1-PB2,687,0,2987,0,0,2987,T
1-PB2,688,0,0,2992,0,2992,G
1-PB2,689,2992,0,1,1,2994,A
1-PB2,690,2978,0,2,0,2980,A
1-PB2,691,0,0,3024,0,3024,G
1-PB2,692,1,3007,0,1,3009,T
1-PB2,693,1,2988,0,1,2990,T
1-PB2,694,0,2993,0,0,2993,T
1-PB2,695,0,2982,0,15,2997,T
1-PB2,696,3022,0,0,1,3023,A
1-PB2,697,0,1,0,3044,3045,C
1-PB2,698,3041,1,0,0,3042,A
1-PB2,699,0,3038,0,0,3038,T
1-PB2,700,1,3014,1,1,3017,T
1-PB2,701,0,3026,0,0,3026,T
1-PB2,702,1,3,3074,0,3078,G
1-PB2,703,3092,0,1,0,3093,A
1-PB2,704,0,0,0,3106,3106,C
1-PB2,705,0,3080,1,4,3085,T
1-PB2,706,3,0,0,3087,3090,C
1-PB2,707,3083,2,3,0,3088,A
1-PB2,708,2,8,3056,1,3067,G
1-PB2,709,1,2,3126,0,3129,G
1-PB2,710,0,1,3150,0,3151,G
1-PB2,711,3150,0,2,0,3152,A
1-PB2,712,3153,1,1,0,3155,A
1-PB2,713,1,2,0,3151,3154,C
1-PB2,714,2,0,3179,0,3181,G
1-PB2,715,0,3167,0,1,3168,T
1-PB2,716,1,2,3192,2,3197,G
1-PB2,717,0,3168,0,0,3168,T
1-PB2,718,0,3162,0,2,3164,T
1-PB2,719,0,4,3177,0,3181,G
1-PB2,720,0,2,3176,0,3178,G
1-PB2,721,7,4,3189,0,3200,G
1-PB2,722,3186,1,2,0,3189,A
1-PB2,723,3185,1,2,1,3189,A
1-PB2,724,3,1,0,3257,3261,C
1-PB2,725,3253,0,0,0,3253,A
1-PB2,726,3346,1,0,1,3348,A
1-PB2,727,3355,0,1,0,3356,A
1-PB2,728,1,3373,0,0,3374,T
1-PB2,729,1,2,3420,0,3423,G
1-PB2,730,1,3412,0,0,3413,T
1-PB2,731,3408,2,7,0,3417,A
1-PB2,732,1,1,0,3435,3437,C
1-PB2,733,3361,0,2,0,3363,A
1-PB2,734,0,0,0,3362,3362,C
1-PB2,735,2,3263,0,6,3271,T
1-PB2,736,4,1,0,3533,3538,C
1-PB2,737,2,0,0,3542,3544,C
1-PB2,738,3612,1,5,0,3618,A
1-PB2,739,0,5,3633,0,3638,G
1-PB2,740,0,2,3693,0,3695,G
1-PB2,741,0,3677,0,2,3679,T
1-PB2,742,1,2,3673,0,3676,G
1-PB2,743,0,0,3611,0,3611,G
1-PB2,744,3581,0,3,0,3584,A
1-PB2,745,2,4,3591,0,3597,G
1-PB2,746,0,4,3599,1,3604,G
1-PB2,747,3558,0,6,0,3564,A
1-PB2,748,0,3,3597,0,3600,G
1-PB2,749,0,3530,0,1,3531,T
1-PB2,750,0,4,3542,1,3547,G
1-PB2,751,3531,1,11,0,3543,A
1-PB2,752,0,2,3562,0,3564,G
1-PB2,753,1,4,3571,0,3576,G
1-PB2,754,3554,1,2,0,3557,A
1-PB2,755,3552,1,9,0,3562,A
1-PB2,756,0,3566,0,2,3568,T
1-PB2,757,0,2,3557,2,3561,G
1-PB2,758,3554,1,4,0,3559,A
1-PB2,759,0,0,0,3537,3537,C
1-PB2,760,3,4,3530,1,3538,G
1-PB2,761,3587,1,1,0,3589,A
1-PB2,762,1,3569,0,1,3571,T
1-PB2,763,0,1,3596,1,3598,G
1-PB2,764,1,3590,1,1,3593,T
1-PB2,765,2,3557,0,1,3560,T
1-PB2,766,1,4,3582,0,3587,G
1-PB2,767,3574,3,7,0,3584,A
1-PB2,768,1,0,0,3586,3587,C
1-PB2,769,2,0,0,3571,3573,C
1-PB2,770,3541,0,1,0,3542,A
1-PB2,771,3545,0,2,0,3547,A
1-PB2,772,3549,1,6,0,3556,A
1-PB2,773,0,1,3627,0,3628,G
1-PB2,774,0,1,0,3625,3626,C
1-PB2,775,3,1,0,3616,3620,C
1-PB2,776,0,3647,0,0,3647,T
1-PB2,777,3657,0,2,0,3659,A
1-PB2,778,3657,1,1,0,3659,A
1-PB2,779,0,3663,0,1,3664,T
1-PB2,780,0,3645,1,2,3648,T
1-PB2,781,3618,0,1,0,3619,A
1-PB2,782,0,3546,1,1,3548,T
1-PB2,783,1,3532,0,2,3535,T
1-PB2,784,1,0,3517,0,3518,G
1-PB2,785,1,3,0,3507,3511,C
1-PB2,786,4,2,3505,0,3511,G
1-PB2,787,2,1,3570,1,3574,G
1-PB2,788,0,2,0,3562,3564,C
1-PB2,789,3,1,0,3586,3590,C
1-PB2,790,3585,1,0,0,3586,A
1-PB2,791,3,1,3632,1,3637,G
1-PB2,792,2,2,3654,1,3659,G
1-PB2,793,3670,0,1,0,3671,A
1-PB2,794,3682,0,1,0,3683,A
1-PB2,795,1,1,0,3698,3700,C
1-PB2,796,3665,0,1,1,3667,A
1-PB2,797,0,3724,0,0,3724,T
1-PB2,798,3772,2,1,0,3775,A
1-PB2,799,3,1,3806,0,3810,G
1-PB2,800,1,3768,0,0,3769,T
1-PB2,801,3751,1,1,0,3753,A
1-PB2,802,3742,1,2,0,3745,A
1-PB2,803,0,3,3748,0,3751,G
1-PB2,804,3728,0,3,0,3731,A
1-PB2,805,3652,1,2,0,3655,A
1-PB2,806,0,0,3633,1,3634,G
1-PB2,807,3548,0,6,0,3554,A
1-PB2,808,0,0,3546,0,3546,G
1-PB2,809,1,1,0,3538,3540,C
1-PB2,810,4,0,1,3524,3529,C
1-PB2,811,0,1,3536,0,3537,G
1-PB2,812,1,1,0,3553,3555,C
1-PB2,813,3578,0,0,0,3578,A
1-PB2,814,2,2,3802,0,3806,G
1-PB2,815,0,3798,0,0,3798,T
1-PB2,816,3810,0,0,0,3810,A
1-PB2,817,2,3781,0,2,3785,T
1-PB2,818,3,1,0,3809,3813,C
1-PB2,819,3808,0,3,0,3811,A
1-PB2,820,0,1,3812,0,3813,G
1-PB2,821,0,1,0,3814,3815,C
1-PB2,822,3667,0,3,0,3670,A
1-PB2,823,0,1,3629,0,3630,G
1-PB2,824,3653,0,4,0,3657,A
1-PB2,825,0,3607,0,32,3639,T
1-PB2,826,5,1,0,3652,3658,C
1-PB2,827,3,0,0,3665,3668,C
1-PB2,828,3661,1,3,0,3665,A
1-PB2,829,0,1,0,3671,3672,C
1-PB2,830,0,3655,0,1,3656,T
1-PB2,831,3669,0,0,0,3669,A
1-PB2,832,0,0,3659,0,3659,G
1-PB2,833,1,1,0,3625,3627,C
1-PB2,834,3616,0,2,0,3618,A
1-PB2,835,2,3639,0,1,3642,T
1-PB2,836,1,0,0,3613,3614,C
1-PB2,837,0,3608,0,3,3611,T
1-PB2,838,0,3608,0,3,3611,T
1-PB2,839,0,3621,0,0,3621,T
1-PB2,840,3619,0,0,0,3619,A
1-PB2,841,1,3619,0,1,3621,T
1-PB2,842,0,3610,0,2,3612,T
1-PB2,843,0,2,3614,1,3617,G
1-PB2,844,2,1,3598,0,3601,G
1-PB2,845,3574,0,2,0,3576,A
1-PB2,846,3535,0,1,0,3536,A
1-PB2,847,3586,2,2,0,3590,A
1-PB2,848,0,3592,0,0,3592,T
1-PB2,849,1,2,3643,0,3646,G
1-PB2,850,1,3631,0,2,3634,T
1-PB2,851,3,1,3619,0,3623,G
1-PB2,852,3,6,0,3616,3625,C
1-PB2,853,3,0,0,3621,3624,C
1-PB2,854,3620,1,2,0,3623,A
1-PB2,855,3,0,0,3616,3619,C
1-PB2,856,3591,0,4,0,3595,A
1-PB2,857,1,2,3627,0,3630,G
1-PB2,858,0,0,0,3576,3576,C
1-PB2,859,3576,0,2,0,3578,A
1-PB2,860,2,0,0,3573,3575,C
1-PB2,861,3570,0,3,0,3573,A
1-PB2,862,0,1,0,3591,3592,C
1-PB2,863,3576,0,1,1,3578,A
1-PB2,864,3585,0,1,1,3587,A
1-PB2,865,3576,0,2,0,3578,A
1-PB2,866,0,3489,0,0,3489,T
1-PB2,867,0,3478,0,1,3479,T
1-PB2,868,1,1,3455,0,3457,G
1-PB2,869,0,1,3456,0,3457,G
1-PB2,870,2,2,0,3447,3451,C
1-PB2,871,0,7,3407,0,3414,G
1-PB2,872,0,3,3440,0,3443,G
1-PB2,873,2,2,3431,1,3436,G
1-PB2,874,3436,0,1,1,3438,A
1-PB2,875,1,0,1,3428,3430,C
1-PB2,876,3432,0,1,0,3433,A
1-PB2,877,3436,1,0,0,3437,A
1-PB2,878,3325,0,3,2,3330,A
1-PB2,879,3306,1,7,2,3316,A
1-PB2,880,3367,0,1,0,3368,A
1-PB2,881,2,3359,0,0,3361,T
1-PB2,882,2,3,3363,0,3368,G
1-PB2,883,0,2,3368,0,3370,G
1-PB2,884,2,3364,1,3,3370,T
1-PB2,885,3,0,3367,0,3370,G
1-PB2,886,0,2,3375,0,3377,G
1-PB2,887,3377,0,1,0,3378,A
1-PB2,888,2,2,1,3378,3383,C
1-PB2,889,3362,1,1,0,3364,A
1-PB2,890,0,3818,0,2,3820,T
1-PB2,891,3,3807,0,3,3813,T
1-PB2,892,2,0,0,3833,3835,C
1-PB2,893,0,3822,0,3,3825,T
1-PB2,894,0,3813,1,1,3815,T
1-PB2,895,3823,0,3,1,3827,A
1-PB2,896,0,3,3839,1,3843,G
1-PB2,897,3828,0,1,0,3829,A
1-PB2,898,1,0,0,3829,3830,C
1-PB2,899,3127,1,1,0,3129,A
1-PB2,900,1,2,3205,0,3208,G
1-PB2,901,3190,0,2,0,3192,A
1-PB2,902,3197,0,3,0,3200,A
1-PB2,903,2,0,1,3191,3194,C
1-PB2,904,3,1,0,3181,3185,C
1-PB2,905,6,0,1,3178,3185,C
1-PB2,906,0,3,3178,0,3181,G
1-PB2,907,3185,0,3,0,3188,A
1-PB2,908,2,1,0,3184,3187,C
1-PB2,909,1,3154,0,2,3157,T
1-PB2,910,1,2,3179,0,3182,G
1-PB2,911,3168,2,2,1,3173,A
1-PB2,912,3175,0,6,2,3183,A
1-PB2,913,0,2,3200,0,3202,G
1-PB2,914,3184,0,2,1,3187,A
1-PB2,915,3183,2,3,0,3188,A
1-PB2,916,3,1,0,3179,3183,C
1-PB2,917,3165,0,2,0,3167,A
1-PB2,918,3183,0,1,0,3184,A
1-PB2,919,1,2,3213,0,3216,G
1-PB2,920,1,0,0,3234,3235,C
1-PB2,921,3,3212,0,1,3216,T
1-PB2,922,2,2,3270,0,3274,G
1-PB2,923,0,3264,0,1,3265,T
1-PB2,924,0,4,3299,0,3303,G
1-PB2,925,2,2,3407,0,3411,G
1-PB2,926,3415,0,6,0,3421,A
1-PB2,927,0,3389,0,0,3389,T
1-PB2,928,3357,1,0,0,3358,A
1-PB2,929,0,3311,0,1,3312,T
1-PB2,930,3408,1,4,1,3414,A
1-PB2,931,1,3360,0,3,3364,T
1-PB2,932,1,1,3356,0,3358,G
1-PB2,933,0,2,0,3313,3315,C
1-PB2,934,3197,1,3,1,3202,A
1-PB2,935,3195,1,3,1,3200,A
1-PB2,936,0,2,3193,0,3195,G
1-PB2,937,1,1,3195,0,3197,G
1-PB2,938,1,0,0,3206,3207,C
1-PB2,939,0,3150,0,3,3153,T
1-PB2,940,1,2,3166,0,3169,G
1-PB2,941,1,1,1,3163,3166,C
1-PB2,942,3170,2,1,0,3173,A
1-PB2,943,3175,1,4,0,3180,A
1-PB2,944,0,3156,0,0,3156,T
1-PB2,945,2,4,3157,0,3163,G
1-PB2,946,0,4,3145,0,3149,G
1-PB2,947,0,1,3149,0,3150,G
1-PB2,948,3148,2,1,1,3152,A
1-PB2,949,0,3149,0,0,3149,T
1-PB2,950,0,3108,0,1,3109,T
1-PB2,951,0,3,3118,0,3121,G
1-PB2,952,3129,2,0,0,3131,A
1-PB2,953,0,1,3155,0,3156,G
1-PB2,954,3125,0,0,0,3125,A
1-PB2,955,3095,0,1,0,3096,A
1-PB2,956,0,3075,0,2,3077,T
1-PB2,957,1,0,0,3076,3077,C
1-PB2,958,3074,1,1,2,3078,A
1-PB2,959,0,0,3102,0,3102,G
1-PB2,960,2,3,0,3094,3099,C
1-PB2,961,1,3071,0,9,3081,T
1-PB2,962,0,0,0,3066,3066,C
1-PB2,963,3068,0,0,1,3069,A
1-PB2,964,0,3133,0,2,3135,T
1-PB2,965,23,1,0,3114,3138,C
1-PB2,966,2,0,1,3162,3165,C
1-PB2,967,0,3143,0,4,3147,T
1-PB2,968,1,3123,0,2,3126,T
1-PB2,969,1,0,0,3126,3127,C
1-PB2,970,3121,1,2,0,3124,A
1-PB2,971,0,0,3162,0,3162,G
1-PB2,972,1,0,0,3155,3156,C
1-PB2,973,0,3115,0,3,3118,T
1-PB2,974,2,3116,0,1,3119,T
1-PB2,975,1,3098,0,0,3099,T
1-PB2,976,1,4,3096,0,3101,G
1-PB2,977,1,0,3103,0,3104,G
1-PB2,978,1,3097,0,3,3101,T
1-PB2,979,0,13,3105,1,3119,G
1-PB2,980,0,3,3115,0,3118,G
1-PB2,981,1,3,3135,0,3139,G
1-PB2,982,1,3123,0,3,3127,T
1-PB2,983,0,3118,0,4,3122,T
1-PB2,984,0,3127,1,0,3128,T
1-PB2,985,3133,0,0,0,3133,A
1-PB2,986,3,0,0,3142,3145,C
1-PB2,987,3139,1,1,0,3141,A
1-PB2,988,0,3113,0,1,3114,T
1-PB2,989,0,3065,0,0,3065,T
1-PB2,990,0,3054,0,3,3057,T
1-PB2,991,3055,0,0,1,3056,A
1-PB2,992,3056,0,1,0,3057,A
1-PB2,993,3058,0,1,0,3059,A
1-PB2,994,3042,0,4,0,3046,A
1-PB2,995,0,4,3067,0,3071,G
1-PB2,996,3057,0,3,0,3060,A
1-PB2,997,3064,0,0,0,3064,A
1-PB2,998,2,1,0,3067,3070,C
1-PB2,999,3053,0,1,0,3054,A
1-PB2,1000,3053,1,3,0,3057,A
1-PB2,1001,2,0,3059,0,3061,G
1-PB2,1002,1,2,0,3069,3072,C
1-PB2,1003,1,7,3050,0,3058,G
1-PB2,1004,1,0,3076,1,3078,G
1-PB2,1005,1,1,3075,0,3077,G
1-PB2,1006,1,3065,0,5,3071,T
1-PB2,1007,3,0,1,3064,3068,C
1-PB2,1008,3072,1,3,0,3076,A
1-PB2,1009,2,3055,0,4,3061,T
1-PB2,1010,0,1,0,3070,3071,C
1-PB2,1011,3052,0,3,0,3055,A
1-PB2,1012,2,3,3088,0,3093,G
1-PB2,1013,1,3057,0,3,3061,T
1-PB2,1014,3,0,0,3061,3064,C
1-PB2,1015,3066,0,2,0,3068,A
1-PB2,1016,3078,0,1,0,3079,A
1-PB2,1017,3081,0,1,0,3082,A
1-PB2,1018,3065,1,1,0,3067,A
1-PB2,1019,3087,0,1,1,3089,A
1-PB2,1020,3048,1,40,1,3090,A
1-PB2,1021,0,2,3093,0,3095,G
1-PB2,1022,3088,0,3,0,3091,A
1-PB2,1023,3090,1,6,0,3097,A
1-PB2,1024,1,4,3085,0,3090,G
1-PB2,1025,3077,0,1,0,3078,A
1-PB2,1026,3002,0,7,0,3009,A
1-PB2,1027,3,1,3009,0,3013,G
1-PB2,1028,3007,0,2,0,3009,A
1-PB2,1029,1,6,3004,0,3011,G
1-PB2,1030,0,1,3061,1,3063,G
1-PB2,1031,0,3060,0,2,3062,T
1-PB2,1032,1,0,3124,0,3125,G
1-PB2,1033,0,1,0,3136,3137,C
1-PB2,1034,0,3128,0,4,3132,T
1-PB2,1035,0,3141,1,0,3142,T
1-PB2,1036,3136,0,1,0,3137,A
1-PB2,1037,3,2,0,3136,3141,C
1-PB2,1038,3104,1,5,0,3110,A
1-PB2,1039,0,4,3106,0,3110,G
1-PB2,1040,3,0,3100,0,3103,G
1-PB2,1041,0,0,0,3050,3050,C
1-PB2,1042,3006,1,0,0,3007,A
1-PB2,1043,3016,0,0,0,3016,A
1-PB2,1044,0,3064,0,2,3066,T
1-PB2,1045,4,1,0,3085,3090,C
1-PB2,1046,2,3075,1,2,3080,T
1-PB2,1047,4,1,0,3072,3077,C
1-PB2,1048,2,0,0,3070,3072,C
1-PB2,1049,3070,0,2,1,3073,A
1-PB2,1050,3069,0,2,0,3071,A
1-PB2,1051,3074,0,1,0,3075,A
1-PB2,1052,2,1,0,3086,3089,C
1-PB2,1053,2979,0,0,0,2979,A
1-PB2,1054,0,2962,0,0,2962,T
1-PB2,1055,0,2951,1,0,2952,T
1-PB2,1056,1,1,2985,1,2988,G
1-PB2,1057,2990,0,1,0,2991,A
1-PB2,1058,3025,0,2,1,3028,A
1-PB2,1059,3028,0,2,0,3030,A
1-PB2,1060,3024,1,1,1,3027,A
1-PB2,1061,1,3038,0,1,3040,T
1-PB2,1062,3038,0,0,0,3038,A
1-PB2,1063,3032,0,1,0,3033,A
1-PB2,1064,0,3,3077,0,3080,G
1-PB2,1065,3025,1,3,0,3029,A
1-PB2,1066,1,2,3113,1,3117,G
1-PB2,1067,2,3068,0,3,3073,T
1-PB2,1068,3095,0,2,0,3097,A
1-PB2,1069,3,1,0,3172,3176,C
1-PB2,1070,3147,0,1,0,3148,A
1-PB2,1071,0,3147,0,0,3147,T
1-PB2,1072,0,2,3153,1,3156,G
1-PB2,1073,3095,1,4,1,3101,A
1-PB2,1074,0,8,3117,0,3125,G
1-PB2,1075,3,5,3118,0,3126,G
1-PB2,1076,2,5,3263,0,3270,G
1-PB2,1077,2,1,3288,0,3291,G
1-PB2,1078,0,3217,0,1,3218,T
1-PB2,1079,3225,0,1,0,3226,A
1-PB2,1080,1,3193,0,0,3194,T
1-PB2,1081,0,1,3221,0,3222,G
1-PB2,1082,3203,0,5,0,3208,A
1-PB2,1083,2,2,3189,1,3194,G
1-PB2,1084,0,1,3158,0,3159,G
1-PB2,1085,2971,1,0,0,2972,A
1-PB2,1086,1,0,3043,0,3044,G
1-PB2,1087,1,3034,0,3,3038,T
1-PB2,1088,0,3133,0,2,3135,T
1-PB2,1089,4,1,0,3157,3162,C
1-PB2,1090,3150,3,3,1,3157,A
1-PB2,1091,1,0,0,3160,3161,C
1-PB2,1092,3149,0,1,1,3151,A
1-PB2,1093,3168,0,1,0,3169,A
1-PB2,1094,0,3169,0,1,3170,T
1-PB2,1095,1,6,3105,0,3112,G
1-PB2,1096,0,1,3126,0,3127,G
1-PB2,1097,2,3032,0,2,3036,T
1-PB2,1098,0,5,3047,1,3053,G
1-PB2,1099,2,9,3038,0,3049,G
1-PB2,1100,0,1,3043,0,3044,G
1-PB2,1101,1,0,3073,0,3074,G
1-PB2,1102,3054,0,2,0,3056,A
1-PB2,1103,3057,0,1,0,3058,A
1-PB2,1104,3042,1,2,0,3045,A
1-PB2,1105,2978,0,5,1,2984,A
1-PB2,1106,34,2,2987,0,3023,G
1-PB2,1107,2995,0,4,1,3000,A
1-PB2,1108,0,0,3012,0,3012,G
1-PB2,1109,0,1,0,3007,3008,C
1-PB2,1110,2994,0,1,0,2995,A
1-PB2,1111,2997,1,1,0,2999,A
1-PB2,1112,2,2,0,3096,3100,C
1-PB2,1113,3100,0,2,0,3102,A
1-PB2,1114,2,2,3147,0,3151,G
1-PB2,1115,2,0,0,3125,3127,C
1-PB2,1116,1,3114,0,0,3115,T
1-PB2,1117,3213,1,0,0,3214,A
1-PB2,1118,0,3207,0,0,3207,T
1-PB2,1119,3231,0,1,0,3232,A
1-PB2,1120,3,0,0,3221,3224,C
1-PB2,1121,0,3096,0,0,3096,T
1-PB2,1122,3111,0,0,0,3111,A
1-PB2,1123,3043,0,2,0,3045,A
1-PB2,1124,1,1,3052,0,3054,G
1-PB2,1125,3049,1,1,0,3051,A
1-PB2,1126,2965,0,1,0,2966,A
1-PB2,1127,2963,0,1,1,2965,A
1-PB2,1128,2945,0,6,0,2951,A
1-PB2,1129,0,1,2955,0,2956,G
1-PB2,1130,2,0,1,2948,2951,C
1-PB2,1131,2948,0,1,0,2949,A
1-PB2,1132,2965,1,0,1,2967,A
1-PB2,1133,1,1,0,2974,2976,C
1-PB2,1134,3,0,1,2973,2977,C
1-PB2,1135,2981,0,2,0,2983,A
1-PB2,1136,0,0,2997,0,2997,G
1-PB2,1137,2984,0,1,0,2985,A
1-PB2,1138,2990,0,1,0,2991,A
1-PB2,1139,2,3,3007,0,3012,G
1-PB2,1140,3002,1,0,0,3003,A
1-PB2,1141,1,2987,0,1,2989,T
1-PB2,1142,1,2980,0,0,2981,T
1-PB2,1143,1,4,2983,0,2988,G
1-PB2,1144,1,2,3036,0,3039,G
1-PB2,1145,0,3028,1,0,3029,T
1-PB2,1146,0,3014,0,1,3015,T
1-PB2,1147,2,0,0,3021,3023,C
1-PB2,1148,3035,0,4,0,3039,A
1-PB2,1149,2,0,3167,0,3169,G
1-PB2,1150,2,1,0,3200,3203,C
1-PB2,1151,0,3192,0,2,3194,T
1-PB2,1152,2,0,0,3220,3222,C
1-PB2,1153,3186,1,0,0,3187,A
1-PB2,1154,1,3184,0,1,3186,T
1-PB2,1155,3197,0,0,0,3197,A
1-PB2,1156,1,1,3217,0,3219,G
1-PB2,1157,0,3072,0,3,3075,T
1-PB2,1158,2,6,3068,0,3076,G
1-PB2,1159,2980,0,4,0,2984,A
1-PB2,1160,1,1,3030,0,3032,G
1-PB2,1161,1,2983,0,26,3010,T
1-PB2,1162,0,5,3003,0,3008,G
1-PB2,1163,2,1,3039,0,3042,G
1-PB2,1164,3039,0,0,1,3040,A
1-PB2,1165,3005,0,5,0,3010,A
1-PB2,1166,0,3,3027,0,3030,G
1-PB2,1167,2973,2,2,0,2977,A
1-PB2,1168,0,1,2995,0,2996,G
1-PB2,1169,2965,0,8,0,2973,A
1-PB2,1170,0,0,0,2975,2975,C
1-PB2,1171,2,4,2967,0,2973,G
1-PB2,1172,2954,2,1,1,2958,A
1-PB2,1173,2965,0,7,0,2972,A
1-PB2,1174,0,1,0,2972,2973,C
1-PB2,1175,2957,2,3,0,2962,A
1-PB2,1176,1,3,3107,0,3111,G
1-PB2,1177,0,3095,0,3,3098,T
1-PB2,1178,3,0,0,3093,3096,C
1-PB2,1179,3103,0,0,1,3104,A
1-PB2,1180,3104,0,1,0,3105,A
1-PB2,1181,0,3100,1,0,3101,T
1-PB2,1182,3098,0,1,0,3099,A
1-PB2,1183,2,0,3097,1,3100,G
1-PB2,1184,0,0,2,3080,3082,C
1-PB2,1185,2,1,0,2994,2997,C
1-PB2,1186,1,2,2985,1,2989,G
1-PB2,1187,2986,2,0,0,2988,A
1-PB2,1188,2997,0,1,1,2999,A
1-PB2,1189,0,1,3033,0,3034,G
1-PB2,1190,0,2,0,3098,3100,C
1-PB2,1191,3104,0,0,0,3104,A
1-PB2,1192,3099,0,0,0,3099,A
1-PB2,1193,1,3098,1,2,3102,T
1-PB2,1194,3115,1,0,0,3116,A
1-PB2,1195,3146,0,2,1,3149,A
1-PB2,1196,0,3142,0,1,3143,T
1-PB2,1197,0,1,0,3128,3129,C
1-PB2,1198,2,1,3098,0,3101,G
1-PB2,1199,1,3033,0,2,3036,T
1-PB2,1200,0,5,3032,0,3037,G
1-PB2,1201,2,1,3064,0,3067,G
1-PB2,1202,0,1,0,3057,3058,C
1-PB2,1203,3,0,0,3060,3063,C
1-PB2,1204,3033,3,1,1,3038,A
1-PB2,1205,0,3032,1,3,3036,T
1-PB2,1206,0,1,3035,0,3036,G
1-PB2,1207,1,1,3077,0,3079,G
1-PB2,1208,0,3068,0,2,3070,T
1-PB2,1209,1,4,3067,1,3073,G
1-PB2,1210,0,2993,1,0,2994,T
1-PB2,1211,0,2989,0,3,2992,T
1-PB2,1212,0,2995,0,1,2996,T
1-PB2,1213,0,2990,0,3,2993,T
1-PB2,1214,1,0,0,3036,3037,C
1-PB2,1215,3019,0,1,1,3021,A
1-PB2,1216,1,0,1,3074,3076,C
1-PB2,1217,3027,0,1,0,3028,A
1-PB2,1218,3004,0,1,0,3005,A
1-PB2,1219,1,2,2996,0,2999,G
1-PB2,1220,2998,0,1,0,2999,A
1-PB2,1221,2912,1,43,0,2956,A
1-PB2,1222,0,6,2984,0,2990,G
1-PB2,1223,2983,0,2,0,2985,A
1-PB2,1224,0,2996,0,1,2997,T
1-PB2,1225,0,2908,0,1,2909,T
1-PB2,1226,0,0,2900,0,2900,G
1-PB2,1227,1,3,0,2864,2868,C
1-PB2,1228,2880,1,4,0,2885,A
1-PB2,1229,1,2895,0,0,2896,T
1-PB2,1230,2,1,2999,0,3002,G
1-PB2,1231,3008,1,2,1,3012,A
1-PB2,1232,0,3020,0,0,3020,T
1-PB2,1233,3011,0,1,0,3012,A
1-PB2,1234,3010,0,0,1,3011,A
1-PB2,1235,3003,2,2,0,3007,A
1-PB2,1236,3012,0,3,1,3016,A
1-PB2,1237,0,1,3017,0,3018,G
1-PB2,1238,3,1,0,3068,3072,C
1-PB2,1239,3103,0,4,0,3107,A
1-PB2,1240,0,4,3189,0,3193,G
1-PB2,1241,2,3183,0,0,3185,T
1-PB2,1242,0,3191,0,1,3192,T
1-PB2,1243,3194,0,1,0,3195,A
1-PB2,1244,0,4,3200,0,3204,G
1-PB2,1245,3180,0,3,0,3183,A
1-PB2,1246,0,1,3189,1,3191,G
1-PB2,1247,0,0,3178,0,3178,G
1-PB2,1248,0,3047,0,0,3047,T
1-PB2,1249,1,4,3053,0,3058,G
1-PB2,1250,3067,0,6,0,3073,A
1-PB2,1251,2,2,0,3069,3073,C
1-PB2,1252,6,0,0,3068,3074,C
1-PB2,1253,2,3057,0,2,3061,T
1-PB2,1254,1,1,3080,0,3082,G
1-PB2,1255,3078,0,0,0,3078,A
1-PB2,1256,3078,0,1,0,3079,A
1-PB2,1257,0,3073,0,2,3075,T
1-PB2,1258,0,3096,1,3,3100,T
1-PB2,1259,1,3107,0,1,3109,T
1-PB2,1260,0,2,0,3105,3107,C
1-PB2,1261,2,0,3105,1,3108,G
1-PB2,1262,0,3105,1,7,3113,T
1-PB2,1263,1,0,0,3107,3108,C
1-PB2,1264,3109,0,2,0,3111,A
1-PB2,1265,3116,0,1,0,3117,A
1-PB2,1266,0,0,0,3111,3111,C
1-PB2,1267,3073,2,0,0,3075,A
1-PB2,1268,0,0,3120,0,3120,G
1-PB2,1269,3101,0,5,1,3107,A
1-PB2,1270,2,1,3112,0,3115,G
1-PB2,1271,2,0,0,3114,3116,C
1-PB2,1272,3119,0,1,0,3120,A
1-PB2,1273,3154,0,0,0,3154,A
1-PB2,1274,3153,0,0,0,3153,A
1-PB2,1275,0,3142,1,1,3144,T
1-PB2,1276,2,1,0,3156,3159,C
1-PB2,1277,3122,2,2,0,3126,A
1-PB2,1278,0,1,3124,1,3126,G
1-PB2,1279,4,1,0,3136,3141,C
1-PB2,1280,0,1,3155,0,3156,G
1-PB2,1281,1,0,3277,0,3278,G
1-PB2,1282,0,3254,0,3,3257,T
1-PB2,1283,1,3257,0,2,3260,T
1-PB2,1284,0,2,3271,0,3273,G
1-PB2,1285,3281,0,3,0,3284,A
1-PB2,1286,3305,0,5,0,3310,A
1-PB2,1287,3,0,0,3322,3325,C
1-PB2,1288,4,0,0,3293,3297,C
1-PB2,1289,10,0,0,3307,3317,C
1-PB2,1290,12,1,1,3192,3206,C
1-PB2,1291,3218,0,1,0,3219,A
1-PB2,1292,1,3226,0,1,3228,T
1-PB2,1293,1,0,3232,0,3233,G
1-PB2,1294,0,1,0,3244,3245,C
1-PB2,1295,3226,0,0,0,3226,A
1-PB2,1296,0,3203,0,3,3206,T
1-PB2,1297,1,0,0,3196,3197,C
1-PB2,1298,3177,0,3,1,3181,A
1-PB2,1299,2,0,3220,0,3222,G
1-PB2,1300,0,0,0,3229,3229,C
1-PB2,1301,0,3213,0,9,3222,T
1-PB2,1302,0,3228,0,3,3231,T
1-PB2,1303,0,3214,0,1,3215,T
1-PB2,1304,0,3214,1,2,3217,T
1-PB2,1305,3223,1,1,0,3225,A
1-PB2,1306,3219,0,0,0,3219,A
1-PB2,1307,0,4,3216,1,3221,G
1-PB2,1308,4,1,3199,0,3204,G
1-PB2,1309,0,0,1,3190,3191,C
1-PB2,1310,3166,0,1,0,3167,A
1-PB2,1311,1,3159,0,1,3161,T
1-PB2,1312,1,3179,0,4,3184,T
1-PB2,1313,1,3176,0,0,3177,T
1-PB2,1314,0,3192,1,3,3196,T
1-PB2,1315,3,1,0,3196,3200,C
1-PB2,1316,3191,0,6,0,3197,A
1-PB2,1317,0,2,3191,0,3193,G
1-PB2,1318,3192,0,0,0,3192,A
1-PB2,1319,3192,0,2,0,3194,A
1-PB2,1320,3174,1,2,1,3178,A
1-PB2,1321,1,1,3183,0,3185,G
1-PB2,1322,3210,0,2,0,3212,A
1-PB2,1323,0,3200,0,1,3201,T
1-PB2,1324,1,0,3201,0,3202,G
1-PB2,1325,2,2,0,3207,3211,C
1-PB2,1326,1,2,3214,0,3217,G
1-PB2,1327,3206,4,6,0,3216,A
1-PB2,1328,3214,0,0,1,3215,A
1-PB2,1329,3209,1,2,0,3212,A
1-PB2,1330,2,1,3219,0,3222,G
1-PB2,1331,0,3197,0,0,3197,T
1-PB2,1332,0,2,3195,0,3197,G
1-PB2,1333,0,1,0,3182,3183,C
1-PB2,1334,0,3187,0,5,3192,T
1-PB2,1335,1,3187,0,1,3189,T
1-PB2,1336,0,3193,0,1,3194,T
1-PB2,1337,0,3202,0,1,3203,T
1-PB2,1338,0,3203,0,1,3204,T
1-PB2,1339,2,0,0,3204,3206,C
1-PB2,1340,3202,0,2,0,3204,A
1-PB2,1341,3213,1,1,0,3215,A
1-PB2,1342,3197,0,0,1,3198,A
1-PB2,1343,3221,0,1,0,3222,A
1-PB2,1344,0,3212,0,1,3213,T
1-PB2,1345,0,3225,0,1,3226,T
1-PB2,1346,2,7,3208,1,3218,G
1-PB2,1347,2,3,3215,1,3221,G
1-PB2,1348,2,5,3209,0,3216,G
1-PB2,1349,4,1,3247,0,3252,G
1-PB2,1350,3236,1,1,0,3238,A
1-PB2,1351,2,2,3298,0,3302,G
1-PB2,1352,0,3297,0,1,3298,T
1-PB2,1353,1,3290,1,0,3292,T
1-PB2,1354,1,2,3302,1,3306,G
1-PB2,1355,3305,1,5,0,3311,A
1-PB2,1356,3307,1,6,0,3314,A
1-PB2,1357,0,0,1,3396,3397,C
1-PB2,1358,3347,2,3,0,3352,A
1-PB2,1359,0,0,0,3416,3416,C
1-PB2,1360,3367,1,2,0,3370,A
1-PB2,1361,0,3374,0,0,3374,T
1-PB2,1362,3,0,0,3388,3391,C
1-PB2,1363,1,4,3382,0,3387,G
1-PB2,1364,3398,1,1,0,3400,A
1-PB2,1365,0,2,0,3389,3391,C
1-PB2,1366,3290,0,1,0,3291,A
1-PB2,1367,0,1,3365,0,3366,G
1-PB2,1368,0,3297,0,3,3300,T
1-PB2,1369,3,0,3333,1,3337,G
1-PB2,1370,1,3318,0,1,3320,T
1-PB2,1371,0,5,3338,0,3343,G
1-PB2,1372,3337,0,2,0,3339,A
1-PB2,1373,0,3302,0,1,3303,T
1-PB2,1374,2,11,3291,0,3304,G
1-PB2,1375,2,8,3307,0,3317,G
1-PB2,1376,0,4,3255,0,3259,G
1-PB2,1377,3224,1,2,0,3227,A
1-PB2,1378,3195,0,1,0,3196,A
1-PB2,1379,1,3188,0,2,3191,T
1-PB2,1380,1,3,3205,0,3209,G
1-PB2,1381,3215,0,1,0,3216,A
1-PB2,1382,0,3215,0,2,3217,T
1-PB2,1383,0,3212,0,1,3213,T
1-PB2,1384,1,4,3192,2,3199,G
1-PB2,1385,0,4,3246,1,3251,G
1-PB2,1386,3223,2,6,0,3231,A
1-PB2,1387,1,4,3254,0,3259,G
1-PB2,1388,0,3219,0,0,3219,T
1-PB2,1389,3229,0,0,0,3229,A
1-PB2,1390,0,3257,0,1,3258,T
1-PB2,1391,0,3278,0,1,3279,T
1-PB2,1392,3310,2,7,0,3319,A
1-PB2,1393,1,2,0,3318,3321,C
1-PB2,1394,1,0,0,3283,3284,C
1-PB2,1395,3235,2,0,0,3237,A
1-PB2,1396,0,0,3256,0,3256,G
1-PB2,1397,3295,0,2,0,3297,A
1-PB2,1398,1,3269,1,0,3271,T
1-PB2,1399,3241,1,1,0,3243,A
1-PB2,1400,0,3209,0,3,3212,T
1-PB2,1401,1,2,3192,0,3195,G
1-PB2,1402,3200,0,3,0,3203,A
1-PB2,1403,2,1,0,3229,3232,C
1-PB2,1404,1,3223,0,3,3227,T
1-PB2,1405,4,0,0,3204,3208,C
1-PB2,1406,4,0,0,3165,3169,C
1-PB2,1407,3175,1,3,0,3179,A
1-PB2,1408,3189,0,4,1,3194,A
1-PB2,1409,2,0,3246,0,3248,G
1-PB2,1410,2,2,0,3228,3232,C
1-PB2,1411,3220,0,1,0,3221,A
1-PB2,1412,2,1,0,3214,3217,C
1-PB2,1413,3192,1,2,2,3197,A
1-PB2,1414,2,3,3203,0,3208,G
1-PB2,1415,3198,0,0,0,3198,A
1-PB2,1416,0,1,3208,0,3209,G
1-PB2,1417,3206,1,3,0,3210,A
1-PB2,1418,1,3123,0,2,3126,T
1-PB2,1419,0,0,3167,0,3167,G
1-PB2,1420,1,3150,0,15,3166,T
1-PB2,1421,2,0,0,3151,3153,C
1-PB2,1422,3150,0,18,0,3168,A
1-PB2,1423,3159,0,1,0,3160,A
1-PB2,1424,1,3158,0,0,3159,T
1-PB2,1425,0,2,3150,0,3152,G
1-PB2,1426,3096,0,3,0,3099,A
1-PB2,1427,0,4,3114,0,3118,G
1-PB2,1428,3067,0,5,1,3073,A
1-PB2,1429,1,2,3075,0,3078,G
1-PB2,1430,1,2,3152,0,3155,G
1-PB2,1431,3155,2,1,0,3158,A
1-PB2,1432,3162,1,0,0,3163,A
1-PB2,1433,1,3157,1,1,3160,T
1-PB2,1434,3158,0,2,0,3160,A
1-PB2,1435,3151,1,2,1,3155,A
1-PB2,1436,2,6,3137,0,3145,G
1-PB2,1437,3130,0,1,0,3131,A
1-PB2,1438,2976,0,0,0,2976,A
1-PB2,1439,0,2981,0,0,2981,T
1-PB2,1440,5,2,0,2988,2995,C
1-PB2,1441,2992,1,2,0,2995,A
1-PB2,1442,1,0,3024,0,3025,G
1-PB2,1443,1,0,0,3020,3021,C
1-PB2,1444,3026,0,1,0,3027,A
1-PB2,1445,3028,1,0,0,3029,A
1-PB2,1446,3021,0,0,0,3021,A
1-PB2,1447,3029,1,1,0,3031,A
1-PB2,1448,0,3028,0,0,3028,T
1-PB2,1449,0,12,3023,0,3035,G
1-PB2,1450,0,8,3040,0,3048,G
1-PB2,1451,0,2,3061,0,3063,G
1-PB2,1452,1,3024,1,4,3030,T
1-PB2,1453,0,1,3025,0,3026,G
1-PB2,1454,0,3021,1,0,3022,T
1-PB2,1455,1,1,3015,1,3018,G
1-PB2,1456,2,1,3030,0,3033,G
1-PB2,1457,3033,1,1,0,3035,A
1-PB2,1458,1,3008,0,2,3011,T
1-PB2,1459,2,4,3023,1,3030,G
1-PB2,1460,3009,0,1,0,3010,A
1-PB2,1461,3008,1,5,0,3014,A
1-PB2,1462,1,2990,0,10,3001,T
1-PB2,1463,2987,1,1,0,2989,A
1-PB2,1464,1,1,0,3143,3145,C
1-PB2,1465,2,3071,1,2,3076,T
1-PB2,1466,3,0,0,3113,3116,C
1-PB2,1467,2,0,0,3117,3119,C
1-PB2,1468,3097,1,1,0,3099,A
1-PB2,1469,0,5,3177,0,3182,G
1-PB2,1470,0,3164,0,0,3164,T
1-PB2,1471,3187,1,2,0,3190,A
1-PB2,1472,1,0,0,3191,3192,C
1-PB2,1473,2898,0,4,0,2902,A
1-PB2,1474,0,4,2911,0,2915,G
1-PB2,1475,2839,0,0,0,2839,A
1-PB2,1476,0,0,2857,0,2857,G
1-PB2,1477,2771,0,0,0,2771,A
1-PB2,1478,1,7,2686,0,2694,G
1-PB2,1479,0,1,2686,0,2687,G
1-PB2,1480,0,4,2674,0,2678,G
1-PB2,1481,1,2635,1,1,2638,T
1-PB2,1482,0,4,2628,0,2632,G
1-PB2,1483,2,2,2635,0,2639,G
1-PB2,1484,1,2618,0,3,2622,T
1-PB2,1485,0,2,2663,0,2665,G
1-PB2,1486,0,0,2672,0,2672,G
1-PB2,1487,0,2606,0,1,2607,T
1-PB2,1488,0,2600,0,2,2602,T
1-PB2,1489,2557,0,0,0,2557,A
1-PB2,1490,0,2,2565,0,2567,G
1-PB2,1491,0,0,0,2561,2561,C
1-PB2,1492,2534,0,1,0,2535,A
1-PB2,1493,1,2527,0,2,2530,T
1-PB2,1494,0,2395,0,0,2395,T
1-PB2,1495,0,2,2390,0,2392,G
1-PB2,1496,2386,0,1,0,2387,A
1-PB2,1497,0,2391,0,0,2391,T
1-PB2,1498,3,0,0,2384,2387,C
1-PB2,1499,2,3,2360,0,2365,G
1-PB2,1500,1,0,2415,0,2416,G
1-PB2,1501,1,2406,0,1,2408,T
1-PB2,1502,1,2394,0,1,2396,T
1-PB2,1503,1,2403,0,2,2406,T
1-PB2,1504,0,2405,0,0,2405,T
1-PB2,1505,0,2404,0,0,2404,T
1-PB2,1506,0,0,2405,0,2405,G
1-PB2,1507,2385,1,8,0,2394,A
1-PB2,1508,0,3,2395,0,2398,G
1-PB2,1509,2318,0,1,0,2319,A
1-PB2,1510,0,3,2323,0,2326,G
1-PB2,1511,0,2320,0,4,2324,T
1-PB2,1512,1,2320,0,0,2321,T
1-PB2,1513,3,0,0,2323,2326,C
1-PB2,1514,1,1,2323,0,2325,G
1-PB2,1515,2331,0,1,0,2332,A
1-PB2,1516,0,2,2329,0,2331,G
1-PB2,1517,2335,0,0,0,2335,A
1-PB2,1518,1,1,0,2330,2332,C
1-PB2,1519,2,1,1,2314,2318,C
1-PB2,1520,2293,1,1,0,2295,A
1-PB2,1521,2322,0,2,0,2324,A
1-PB2,1522,1,0,0,2324,2325,C
1-PB2,1523,2,0,2329,0,2331,G
1-PB2,1524,0,2306,0,2,2308,T
1-PB2,1525,0,4,2307,0,2311,G
1-PB2,1526,1,1,2311,0,2313,G
1-PB2,1527,1,0,2314,0,2315,G
1-PB2,1528,2287,0,2,0,2289,A
1-PB2,1529,2294,0,1,1,2296,A
1-PB2,1530,1,2193,0,1,2195,T
1-PB2,1531,1,1,2263,0,2265,G
1-PB2,1532,0,2252,0,0,2252,T
1-PB2,1533,2257,0,0,0,2257,A
1-PB2,1534,1,2256,0,1,2258,T
1-PB2,1535,0,2226,0,1,2227,T
1-PB2,1536,2260,1,0,0,2261,A
1-PB2,1537,1,2244,0,0,2245,T
1-PB2,1538,0,2215,0,1,2216,T
1-PB2,1539,2209,0,0,0,2209,A
1-PB2,1540,1,1943,0,4,1948,T
1-PB2,1541,0,0,0,1997,1997,C
1-PB2,1542,0,1975,0,1,1976,T
1-PB2,1543,1,1,0,1981,1983,C
1-PB2,1544,2,2,0,1984,1988,C
1-PB2,1545,0,1934,0,0,1934,T
1-PB2,1546,0,1,1940,0,1941,G
1-PB2,1547,1935,0,0,0,1935,A
1-PB2,1548,1,0,1929,0,1930,G
1-PB2,1549,0,0,1926,0,1926,G
1-PB2,1550,1718,0,1,0,1719,A
1-PB2,1551,0,1,1731,0,1732,G
1-PB2,1552,0,0,1721,0,1721,G
1-PB2,1553,0,1675,0,2,1677,T
1-PB2,1554,1,1,0,1683,1685,C
1-PB2,1555,1660,0,1,0,1661,A
1-PB2,1556,1,1,1668,1,1671,G
1-PB2,1557,0,1660,0,1,1661,T
1-PB2,1558,0,4,1659,0,1663,G
1-PB2,1559,1665,0,0,0,1665,A
1-PB2,1560,1597,0,0,0,1597,A
1-PB2,1561,1603,1,2,0,1606,A
1-PB2,1562,1,1,0,1603,1605,C
1-PB2,1563,1586,0,1,0,1587,A
1-PB2,1564,1,1,0,1589,1591,C
1-PB2,1565,1529,1,1,1,1532,A
1-PB2,1566,1,2,1530,0,1533,G
1-PB2,1567,0,1,1523,0,1524,G
1-PB2,1568,0,0,1526,0,1526,G
1-PB2,1569,1522,1,2,0,1525,A
1-PB2,1570,1506,0,1,0,1507,A
1-PB2,1571,1,0,0,1512,1513,C
1-PB2,1572,0,1481,0,1,1482,T
1-PB2,1573,0,1,1486,0,1487,G
1-PB2,1574,1472,0,2,0,1474,A
1-PB2,1575,0,0,1474,0,1474,G
1-PB2,1576,1433,0,2,1,1436,A
1-PB2,1577,1,0,1344,0,1345,G
1-PB2,1578,1332,1,2,0,1335,A
1-PB2,1579,2,1,0,1328,1331,C
1-PB2,1580,0,1280,0,0,1280,T
1-PB2,1581,0,1,1287,1,1289,G
1-PB2,1582,1269,3,4,0,1276,A
1-PB2,1583,0,0,0,1277,1277,C
1-PB2,1584,1270,0,0,0,1270,A
1-PB2,1585,1270,0,0,0,1270,A
1-PB2,1586,0,1261,0,0,1261,T
1-PB2,1587,1259,0,1,0,1260,A
1-PB2,1588,1254,0,1,1,1256,A
1-PB2,1589,0,0,0,1254,1254,C
1-PB2,1590,0,1162,0,1,1163,T
1-PB2,1591,0,1145,0,1,1146,T
1-PB2,1592,1123,0,0,0,1123,A
1-PB2,1593,0,1123,0,0,1123,T
1-PB2,1594,1,1120,0,0,1121,T
1-PB2,1595,1,0,0,1116,1117,C
1-PB2,1596,1057,1,0,0,1058,A
1-PB2,1597,0,1054,0,1,1055,T
1-PB2,1598,1,1,0,994,996,C
1-PB2,1599,0,0,999,0,999,G
1-PB2,1600,1,994,0,1,996,T
1-PB2,1601,0,0,1,990,991,C
1-PB2,1602,0,974,0,0,974,T
1-PB2,1603,992,0,0,1,993,A
1-PB2,1604,0,996,0,0,996,T
1-PB2,1605,0,1,997,0,998,G
1-PB2,1606,989,1,1,0,991,A
1-PB2,1607,2,956,0,1,959,T
1-PB2,1608,0,0,897,0,897,G
1-PB2,1609,0,707,0,0,707,T
1-PB2,1610,1,1,694,0,696,G
1-PB2,1611,0,0,698,0,698,G
1-PB2,1612,0,1,690,0,691,G
1-PB2,1613,673,0,0,0,673,A
1-PB2,1614,0,0,660,0,660,G
1-PB2,1615,580,0,0,0,580,A
1-PB2,1616,0,565,0,1,566,T
1-PB2,1617,0,530,0,0,530,T
1-PB2,1618,526,0,0,0,526,A
1-PB2,1619,523,0,1,0,524,A
1-PB2,1620,0,0,0,511,511,C
1-PB2,1621,0,0,462,0,462,G
1-PB2,1622,0,0,471,0,471,G
1-PB2,1623,0,370,0,1,371,T
1-PB2,1624,0,0,0,364,364,C
1-PB2,1625,0,0,0,364,364,C
1-PB2,1626,0,336,0,0,336,T
1-PB2,1627,0,1,336,0,337,G
1-PB2,1628,339,0,0,0,339,A
1-PB2,1629,0,0,338,0,338,G
1-PB2,1630,0,336,0,0,336,T
1-PB2,1631,0,0,0,324,324,C
1-PB2,1632,0,0,325,0,325,G
1-PB2,1633,0,0,338,0,338,G
1-PB2,1634,0,333,0,0,333,T
1-PB2,1635,0,338,0,0,338,T
1-PB2,1636,0,0,0,336,336,C
1-PB2,1637,0,336,0,0,336,T
1-PB2,1638,0,1,355,1,357,G
1-PB2,1639,0,2,356,0,358,G
1-PB2,1640,0,355,1,0,356,T
1-PB2,1641,0,0,0,355,355,C
1-PB2,1642,345,0,2,0,347,A
1-PB2,1643,363,0,0,0,363,A
1-PB2,1644,0,363,0,0,363,T
1-PB2,1645,367,0,0,0,367,A
1-PB2,1646,1,0,1,368,370,C
1-PB2,1647,0,0,0,363,363,C
1-PB2,1648,0,361,0,0,361,T
1-PB2,1649,368,0,0,0,368,A
1-PB2,1650,1,365,0,0,366,T
1-PB2,1651,0,0,0,368,368,C
1-PB2,1652,360,0,0,0,360,A
1-PB2,1653,361,0,0,0,361,A
1-PB2,1654,0,358,0,0,358,T
1-PB2,1655,0,0,354,0,354,G
1-PB2,1656,0,0,356,0,356,G
1-PB2,1657,352,0,0,0,352,A
1-PB2,1658,0,349,0,0,349,T
1-PB2,1659,0,0,0,347,347,C
1-PB2,1660,346,0,1,0,347,A
1-PB2,1661,0,347,0,0,347,T
1-PB2,1662,0,0,0,348,348,C
1-PB2,1663,347,0,0,0,347,A
1-PB2,1664,0,0,350,0,350,G
1-PB2,1665,354,0,0,0,354,A
1-PB2,1666,349,0,0,0,349,A
1-PB2,1667,351,0,0,0,351,A
1-PB2,1668,0,352,0,0,352,T
1-PB2,1669,0,350,0,0,350,T
1-PB2,1670,0,0,348,0,348,G
1-PB2,1671,0,0,348,0,348,G
1-PB2,1672,0,0,346,0,346,G
1-PB2,1673,346,0,0,0,346,A
1-PB2,1674,346,0,1,0,347,A
1-PB2,1675,0,0,349,0,349,G
1-PB2,1676,0,0,0,347,347,C
1-PB2,1677,0,346,1,0,347,T
1-PB2,1678,348,0,0,0,348,A
1-PB2,1679,0,350,0,0,350,T
1-PB2,1680,1,0,0,348,349,C
1-PB2,1681,350,0,0,0,350,A
1-PB2,1682,349,0,0,0,349,A
1-PB2,1683,346,1,0,0,347,A
1-PB2,1684,350,0,0,0,350,A
1-PB2,1685,0,351,0,0,351,T
1-PB2,1686,1,349,0,0,350,T
1-PB2,1687,1,0,0,349,350,C
1-PB2,1688,349,0,1,0,350,A
1-PB2,1689,347,0,1,0,348,A
1-PB2,1690,0,349,0,0,349,T
1-PB2,1691,0,0,349,0,349,G
1-PB2,1692,0,0,351,0,351,G
1-PB2,1693,0,350,0,0,350,T
1-PB2,1694,1,0,0,353,354,C
1-PB2,1695,0,355,0,1,356,T
1-PB2,1696,0,0,0,356,356,C
1-PB2,1697,356,0,0,0,356,A
1-PB2,1698,0,0,357,0,357,G
1-PB2,1699,352,0,1,0,353,A
1-PB2,1700,354,0,1,0,355,A
1-PB2,1701,0,350,0,0,350,T
1-PB2,1702,1,0,0,335,336,C
1-PB2,1703,0,0,0,340,340,C
1-PB2,1704,0,334,0,4,338,T
1-PB2,1705,0,0,336,0,336,G
1-PB2,1706,1,0,1,333,335,C
1-PB2,1707,338,0,0,0,338,A
1-PB2,1708,341,0,0,0,341,A
1-PB2,1709,0,338,0,0,338,T
1-PB2,1710,0,0,342,0,342,G
1-PB2,1711,0,344,0,1,345,T
1-PB2,1712,0,338,0,0,338,T
1-PB2,1713,0,0,344,0,344,G
1-PB2,1714,0,344,0,0,344,T
1-PB2,1715,344,0,1,0,345,A
1-PB2,1716,0,0,0,343,343,C
1-PB2,1717,337,0,0,0,337,A
1-PB2,1718,337,0,0,0,337,A
1-PB2,1719,0,0,0,334,334,C
1-PB2,1720,325,0,0,0,325,A
1-PB2,1721,329,0,0,0,329,A
1-PB2,1722,325,0,0,0,325,A
1-PB2,1723,324,0,0,0,324,A
1-PB2,1724,0,323,0,0,323,T
1-PB2,1725,0,0,324,0,324,G
1-PB2,1726,0,0,326,1,327,G
1-PB2,1727,320,0,1,0,321,A
1-PB2,1728,323,0,0,0,323,A
1-PB2,1729,0,323,0,0,323,T
1-PB2,1730,0,323,0,0,323,T
1-PB2,1731,0,322,0,0,322,T
1-PB2,1732,0,0,322,0,322,G
1-PB2,1733,324,0,0,0,324,A
1-PB2,1734,324,0,1,0,325,A
1-PB2,1735,1,0,0,322,323,C
1-PB2,1736,0,0,0,322,322,C
1-PB2,1737,321,0,0,0,321,A
1-PB2,1738,0,326,0,1,327,T
1-PB2,1739,0,325,0,1,326,T
1-PB2,1740,0,328,0,0,328,T
1-PB2,1741,1,0,0,328,329,C
1-PB2,1742,327,0,0,0,327,A
1-PB2,1743,328,0,0,0,328,A
1-PB2,1744,0,327,0,0,327,T
1-PB2,1745,0,0,0,335,335,C
1-PB2,1746,0,326,0,1,327,T
1-PB2,1747,0,324,0,0,324,T
1-PB2,1748,0,326,0,0,326,T
1-PB2,1749,327,0,0,0,327,A
1-PB2,1750,0,0,331,0,331,G
1-PB2,1751,0,331,0,0,331,T
1-PB2,1752,0,6,0,330,336,C
1-PB2,1753,1,0,0,332,333,C
1-PB2,1754,1,0,0,328,329,C
1-PB2,1755,2,0,0,328,330,C
1-PB2,1756,328,0,0,0,328,A
1-PB2,1757,328,0,0,0,328,A
1-PB2,1758,0,0,333,0,333,G
1-PB2,1759,0,1,333,0,334,G
1-PB2,1760,1,0,0,332,333,C
1-PB2,1761,0,0,0,330,330,C
1-PB2,1762,331,0,0,0,331,A
1-PB2,1763,0,329,1,0,330,T
1-PB2,1764,0,332,0,0,332,T
1-PB2,1765,333,0,0,0,333,A
1-PB2,1766,0,0,334,0,334,G
1-PB2,1767,328,0,0,0,328,A
1-PB2,1768,337,0,0,0,337,A
1-PB2,1769,0,0,339,0,339,G
1-PB2,1770,0,1,0,343,344,C
1-PB2,1771,1,0,0,341,342,C
1-PB2,1772,342,0,0,0,342,A
1-PB2,1773,348,0,0,0,348,A
1-PB2,1774,0,348,0,0,348,T
1-PB2,1775,355,0,0,0,355,A
1-PB2,1776,0,0,0,356,356,C
1-PB2,1777,327,0,0,0,327,A
1-PB2,1778,0,1,327,0,328,G
1-PB2,1779,0,319,0,0,319,T
1-PB2,1780,0,0,320,0,320,G
1-PB2,1781,0,0,318,0,318,G
1-PB2,1782,0,0,318,0,318,G
1-PB2,1783,0,316,0,0,316,T
1-PB2,1784,0,314,0,0,314,T
1-PB2,1785,0,319,0,0,319,T
1-PB2,1786,0,1,322,0,323,G
1-PB2,1787,0,320,0,0,320,T
1-PB2,1788,1,0,0,317,318,C
1-PB2,1789,317,0,1,0,318,A
1-PB2,1790,0,0,318,0,318,G
1-PB2,1791,318,0,0,0,318,A
1-PB2,1792,318,0,0,0,318,A
1-PB2,1793,0,0,0,316,316,C
1-PB2,1794,0,308,0,2,310,T
1-PB2,1795,1,0,0,320,321,C
1-PB2,1796,0,321,0,0,321,T
1-PB2,1797,323,0,0,0,323,A
1-PB2,1798,0,322,0,0,322,T
1-PB2,1799,0,321,0,0,321,T
1-PB2,1800,0,0,0,320,320,C
1-PB2,1801,0,0,0,319,319,C
1-PB2,1802,314,0,1,0,315,A
1-PB2,1803,318,0,0,0,318,A
1-PB2,1804,0,0,0,315,315,C
1-PB2,1805,313,0,0,0,313,A
1-PB2,1806,310,0,0,0,310,A
1-PB2,1807,311,0,0,0,311,A
1-PB2,1808,0,311,0,0,311,T
1-PB2,1809,0,2,311,0,313,G
1-PB2,1810,309,0,1,0,310,A
1-PB2,1811,0,0,314,0,314,G
1-PB2,1812,308,0,1,0,309,A
1-PB2,1813,0,1,308,0,309,G
1-PB2,1814,309,0,0,0,309,A
1-PB2,1815,0,0,0,304,304,C
1-PB2,1816,0,0,307,0,307,G
1-PB2,1817,0,310,0,0,310,T
1-PB2,1818,311,1,1,0,313,A
1-PB2,1819,1,0,0,314,315,C
1-PB2,1820,0,313,0,0,313,T
1-PB2,1821,0,312,0,0,312,T
1-PB2,1822,0,1,310,0,311,G
1-PB2,1823,0,0,307,0,307,G
1-PB2,1824,0,0,308,0,308,G
1-PB2,1825,304,0,0,0,304,A
1-PB2,1826,2,0,0,305,307,C
1-PB2,1827,309,0,0,0,309,A
1-PB2,1828,0,308,0,0,308,T
1-PB2,1829,0,308,0,0,308,T
1-PB2,1830,0,308,0,0,308,T
1-PB2,1831,1,0,307,0,308,G
1-PB2,1832,308,0,0,0,308,A
1-PB2,1833,0,0,0,307,307,C
1-PB2,1834,307,0,0,0,307,A
1-PB2,1835,0,0,0,310,310,C
1-PB2,1836,2,0,0,305,307,C
1-PB2,1837,309,0,0,0,309,A
1-PB2,1838,0,0,0,311,311,C
1-PB2,1839,0,1,0,307,308,C
1-PB2,1840,0,0,0,310,310,C
1-PB2,1841,308,0,0,0,308,A
1-PB2,1842,0,0,313,0,313,G
1-PB2,1843,314,0,0,0,314,A
1-PB2,1844,0,329,0,0,329,T
1-PB2,1845,326,0,0,0,326,A
1-PB2,1846,318,0,0,0,318,A
1-PB2,1847,0,316,0,0,316,T
1-PB2,1848,315,0,0,0,315,A
1-PB2,1849,314,0,0,1,315,A
1-PB2,1850,316,0,0,0,316,A
1-PB2,1851,0,0,318,0,318,G
1-PB2,1852,0,0,0,317,317,C
1-PB2,1853,0,309,0,0,309,T
1-PB2,1854,0,309,0,0,309,T
1-PB2,1855,0,0,0,308,308,C
1-PB2,1856,0,306,0,0,306,T
1-PB2,1857,0,0,0,309,309,C
1-PB2,1858,0,0,0,308,308,C
1-PB2,1859,0,0,0,312,312,C
1-PB2,1860,0,313,0,0,313,T
1-PB2,1861,0,314,0,0,314,T
1-PB2,1862,0,310,0,1,311,T
1-PB2,1863,0,313,0,0,313,T
1-PB2,1864,0,1,312,0,313,G
1-PB2,1865,0,0,0,313,313,C
1-PB2,1866,310,0,0,0,310,A
1-PB2,1867,0,0,309,0,309,G
1-PB2,1868,0,0,0,308,308,C
1-PB2,1869,0,309,0,0,309,T
1-PB2,1870,0,0,312,0,312,G
1-PB2,1871,0,0,0,313,313,C
1-PB2,1872,0,309,0,2,311,T
1-PB2,1873,0,0,0,314,314,C
1-PB2,1874,0,0,0,321,321,C
1-PB2,1875,321,0,0,0,321,A
1-PB2,1876,1,0,0,319,320,C
1-PB2,1877,0,0,0,319,319,C
1-PB2,1878,318,0,0,0,318,A
1-PB2,1879,315,0,0,0,315,A
1-PB2,1880,315,0,0,0,315,A
1-PB2,1881,0,1,315,0,316,G
1-PB2,1882,0,0,0,312,312,C
1-PB2,1883,311,0,0,0,311,A
1-PB2,1884,310,0,0,0,310,A
1-PB2,1885,309,0,0,0,309,A
1-PB2,1886,0,0,311,0,311,G
1-PB2,1887,0,0,0,311,311,C
1-PB2,1888,305,0,2,0,307,A
1-PB2,1889,0,0,309,0,309,G
1-PB2,1890,308,0,1,0,309,A
1-PB2,1891,310,0,1,0,311,A
1-PB2,1892,0,310,0,0,310,T
1-PB2,1893,0,0,310,0,310,G
1-PB2,1894,0,0,0,308,308,C
1-PB2,1895,306,0,0,0,306,A
1-PB2,1896,0,0,310,0,310,G
1-PB2,1897,0,309,0,0,309,T
1-PB2,1898,0,309,0,0,309,T
1-PB2,1899,0,0,0,308,308,C
1-PB2,1900,0,306,0,0,306,T
1-PB2,1901,1,0,0,306,307,C
1-PB2,1902,0,306,0,0,306,T
1-PB2,1903,0,305,0,0,305,T
1-PB2,1904,0,0,0,304,304,C
1-PB2,1905,299,0,1,0,300,A
1-PB2,1906,0,0,0,302,302,C
1-PB2,1907,0,288,0,0,288,T
1-PB2,1908,0,1,295,0,296,G
1-PB2,1909,292,0,0,0,292,A
1-PB2,1910,0,0,0,297,297,C
1-PB2,1911,0,294,0,0,294,T
1-PB2,1912,0,0,296,0,296,G
1-PB2,1913,0,296,0,0,296,T
1-PB2,1914,0,1,297,0,298,G
1-PB2,1915,297,0,0,0,297,A
1-PB2,1916,299,0,0,0,299,A
1-PB2,1917,0,291,0,0,291,T
1-PB2,1918,0,0,293,0,293,G
1-PB2,1919,0,286,0,0,286,T
1-PB2,1920,0,2,280,0,282,G
1-PB2,1921,280,0,0,0,280,A
1-PB2,1922,0,2,277,0,279,G
1-PB2,1923,0,0,277,0,277,G
1-PB2,1924,0,1,273,0,274,G
1-PB2,1925,0,0,282,0,282,G
1-PB2,1926,280,0,0,0,280,A
1-PB2,1927,0,278,0,0,278,T
1-PB2,1928,0,0,0,280,280,C
1-PB2,1929,281,0,0,0,281,A
1-PB2,1930,0,1,288,0,289,G
1-PB2,1931,0,1,285,0,286,G
1-PB2,1932,0,0,287,0,287,G
1-PB2,1933,285,0,0,0,285,A
1-PB2,1934,0,268,0,2,270,T
1-PB2,1935,0,1,271,0,272,G
1-PB2,1936,270,0,0,0,270,A
1-PB2,1937,0,1,275,0,276,G
1-PB2,1938,275,0,0,0,275,A
1-PB2,1939,265,0,0,0,265,A
1-PB2,1940,1,270,0,0,271,T
1-PB2,1941,272,0,0,0,272,A
1-PB2,1942,1,0,0,275,276,C
1-PB2,1943,0,274,0,0,274,T
1-PB2,1944,0,272,0,0,272,T
1-PB2,1945,0,0,274,0,274,G
1-PB2,1946,0,270,0,0,270,T
1-PB2,1947,269,0,0,0,269,A
1-PB2,1948,267,0,0,0,267,A
1-PB2,1949,0,1,261,0,262,G
1-PB2,1950,0,1,260,0,261,G
1-PB2,1951,0,0,253,0,253,G
1-PB2,1952,0,0,253,0,253,G
1-PB2,1953,0,0,0,253,253,C
1-PB2,1954,254,0,0,0,254,A
1-PB2,1955,257,0,0,0,257,A
1-PB2,1956,0,257,0,0,257,T
1-PB2,1957,0,257,0,0,257,T
1-PB2,1958,0,0,0,262,262,C
1-PB2,1959,0,254,0,0,254,T
1-PB2,1960,0,0,0,258,258,C
1-PB2,1961,1,0,0,259,260,C
1-PB2,1962,0,259,0,0,259,T
1-PB2,1963,0,0,264,0,264,G
1-PB2,1964,0,261,0,0,261,T
1-PB2,1965,261,0,0,0,261,A
1-PB2,1966,0,259,0,1,260,T
1-PB2,1967,0,251,0,0,251,T
1-PB2,1968,0,0,0,251,251,C
1-PB2,1969,253,0,0,0,253,A
1-PB2,1970,257,0,0,0,257,A
1-PB2,1971,0,0,0,257,257,C
1-PB2,1972,0,256,0,0,256,T
1-PB2,1973,258,0,0,0,258,A
1-PB2,1974,1,0,0,270,271,C
1-PB2,1975,271,0,0,0,271,A
1-PB2,1976,272,0,0,0,272,A
1-PB2,1977,0,0,0,270,270,C
1-PB2,1978,269,0,0,0,269,A
1-PB2,1979,269,0,0,0,269,A
1-PB2,1980,0,0,269,0,269,G
1-PB2,1981,267,0,1,0,268,A
1-PB2,1982,0,0,0,266,266,C
1-PB2,1983,0,1,0,260,261,C
1-PB2,1984,263,0,0,0,263,A
1-PB2,1985,0,0,0,272,272,C
1-PB2,1986,0,272,0,0,272,T
1-PB2,1987,272,0,0,0,272,A
1-PB2,1988,272,0,0,0,272,A
1-PB2,1989,272,0,0,0,272,A
1-PB2,1990,269,0,0,0,269,A
1-PB2,1991,0,1,272,0,273,G
1-PB2,1992,270,0,0,0,270,A
1-PB2,1993,0,0,0,270,270,C
1-PB2,1994,0,263,0,0,263,T
1-PB2,1995,262,0,1,0,263,A
1-PB2,1996,264,0,0,0,264,A
1-PB2,1997,0,0,0,264,264,C
1-PB2,1998,263,0,0,0,263,A
1-PB2,1999,265,1,0,0,266,A
1-PB2,2000,0,262,0,0,262,T
1-PB2,2001,0,262,1,0,263,T
1-PB2,2002,1,0,0,261,262,C
1-PB2,2003,0,261,0,0,261,T
1-PB2,2004,0,0,0,260,260,C
1-PB2,2005,0,0,260,0,260,G
1-PB2,2006,0,0,262,0,262,G
1-PB2,2007,261,0,0,0,261,A
1-PB2,2008,259,0,0,0,259,A
1-PB2,2009,259,0,0,0,259,A
1-PB2,2010,257,0,2,0,259,A
1-PB2,2011,0,0,260,0,260,G
1-PB2,2012,260,0,0,0,260,A
1-PB2,2013,0,258,0,0,258,T
1-PB2,2014,0,0,260,0,260,G
1-PB2,2015,1,0,0,258,259,C
1-PB2,2016,0,0,0,258,258,C
1-PB2,2017,0,1,257,0,258,G
1-PB2,2018,0,0,257,0,257,G
1-PB2,2019,0,0,0,259,259,C
1-PB2,2020,258,0,0,0,258,A
1-PB2,2021,0,0,0,264,264,C
1-PB2,2022,0,262,0,0,262,T
1-PB2,2023,0,262,0,0,262,T
1-PB2,2024,0,266,0,0,266,T
1-PB2,2025,266,0,0,0,266,A
1-PB2,2026,266,0,1,0,267,A
1-PB2,2027,0,267,0,0,267,T
1-PB2,2028,0,264,0,0,264,T
1-PB2,2029,0,0,265,0,265,G
1-PB2,2030,261,0,0,0,261,A
1-PB2,2031,258,1,0,0,259,A
1-PB2,2032,0,0,261,0,261,G
1-PB2,2033,259,0,0,0,259,A
1-PB2,2034,0,1,0,257,258,C
1-PB2,2035,0,0,0,256,256,C
1-PB2,2036,0,1,0,256,257,C
1-PB2,2037,255,0,1,1,257,A
1-PB2,2038,0,0,260,0,260,G
1-PB2,2039,260,0,0,0,260,A
1-PB2,2040,0,258,0,1,259,T
1-PB2,2041,0,0,258,0,258,G
1-PB2,2042,253,0,0,0,253,A
1-PB2,2043,253,0,0,0,253,A
1-PB2,2044,251,1,0,0,252,A
1-PB2,2045,0,0,252,0,252,G
1-PB2,2046,0,0,0,249,249,C
1-PB2,2047,247,0,0,0,247,A
1-PB2,2048,0,1,0,250,251,C
1-PB2,2049,248,0,0,0,248,A
1-PB2,2050,0,246,0,0,246,T
1-PB2,2051,0,0,0,248,248,C
1-PB2,2052,1,0,0,247,248,C
1-PB2,2053,4,1,242,0,247,G
1-PB2,2054,0,0,248,0,248,G
1-PB2,2055,245,0,0,0,245,A
1-PB2,2056,0,0,247,0,247,G
1-PB2,2057,0,243,0,1,244,T
1-PB2,2058,0,1,240,0,241,G
1-PB2,2059,0,0,242,0,242,G
1-PB2,2060,241,0,0,0,241,A
1-PB2,2061,235,0,0,0,235,A
1-PB2,2062,0,235,0,0,235,T
1-PB2,2063,0,0,0,239,239,C
1-PB2,2064,0,0,0,239,239,C
1-PB2,2065,0,0,238,0,238,G
1-PB2,2066,0,0,0,238,238,C
1-PB2,2067,235,0,0,0,235,A
1-PB2,2068,0,0,245,0,245,G
1-PB2,2069,0,244,0,0,244,T
1-PB2,2070,0,0,0,247,247,C
1-PB2,2071,0,247,0,1,248,T
1-PB2,2072,1,246,0,0,247,T
1-PB2,2073,0,0,247,0,247,G
1-PB2,2074,246,0,0,0,246,A
1-PB2,2075,0,1,246,0,247,G
1-PB2,2076,244,0,0,0,244,A
1-PB2,2077,0,1,236,0,237,G
1-PB2,2078,0,0,239,0,239,G
1-PB2,2079,0,0,238,0,238,G
1-PB2,2080,0,237,0,0,237,T
1-PB2,2081,0,236,0,0,236,T
1-PB2,2082,0,241,0,0,241,T
1-PB2,2083,0,0,0,241,241,C
1-PB2,2084,0,240,0,0,240,T
1-PB2,2085,0,0,0,244,244,C
1-PB2,2086,242,0,0,0,242,A
1-PB2,2087,0,242,0,0,242,T
1-PB2,2088,0,240,0,0,240,T
1-PB2,2089,240,0,0,0,240,A
1-PB2,2090,0,239,0,0,239,T
1-PB2,2091,239,0,0,0,239,A
1-PB2,2092,0,0,243,0,243,G
1-PB2,2093,0,0,242,0,242,G
1-PB2,2094,0,228,0,1,229,T
1-PB2,2095,227,0,0,0,227,A
1-PB2,2096,227,0,0,0,227,A
1-PB2,2097,0,0,231,0,231,G
1-PB2,2098,0,0,231,0,231,G
1-PB2,2099,229,0,0,0,229,A
1-PB2,2100,225,0,0,0,225,A
1-PB2,2101,0,0,223,0,223,G
1-PB2,2102,219,0,1,0,220,A
1-PB2,2103,0,0,0,222,222,C
1-PB2,2104,222,0,0,0,222,A
1-PB2,2105,0,0,222,0,222,G
1-PB2,2106,221,0,1,0,222,A
1-PB2,2107,217,0,0,0,217,A
1-PB2,2108,0,1,213,0,214,G
1-PB2,2109,0,0,211,0,211,G
1-PB2,2110,0,213,0,0,213,T
1-PB2,2111,213,0,0,0,213,A
1-PB2,2112,0,0,0,213,213,C
1-PB2,2113,0,0,212,0,212,G
1-PB2,2114,0,0,220,0,220,G
1-PB2,2115,219,0,0,0,219,A
1-PB2,2116,0,0,0,218,218,C
1-PB2,2117,0,0,0,218,218,C
1-PB2,2118,210,0,0,0,210,A
1-PB2,2119,0,0,217,0,217,G
1-PB2,2120,0,0,0,216,216,C
1-PB2,2121,217,0,0,0,217,A
1-PB2,2122,0,216,0,0,216,T
1-PB2,2123,0,207,0,0,207,T
1-PB2,2124,207,0,0,0,207,A
1-PB2,2125,207,0,0,0,207,A
1-PB2,2126,1,0,207,0,208,G
1-PB2,2127,0,0,0,205,205,C
1-PB2,2128,196,0,0,0,196,A
1-PB2,2129,0,202,0,0,202,T
1-PB2,2130,0,0,0,202,202,C
1-PB2,2131,202,0,0,0,202,A
1-PB2,2132,201,0,0,0,201,A
1-PB2,2133,0,201,0,0,201,T
1-PB2,2134,0,0,201,0,201,G
1-PB2,2135,197,0,0,0,197,A
1-PB2,2136,196,0,0,0,196,A
1-PB2,2137,0,0,0,197,197,C
1-PB2,2138,0,179,0,0,179,T
1-PB2,2139,0,1,179,0,180,G
1-PB2,2140,179,0,0,0,179,A
1-PB2,2141,0,0,179,0,179,G
1-PB2,2142,0,0,0,177,177,C
1-PB2,2143,177,0,0,0,177,A
1-PB2,2144,180,0,0,0,180,A
1-PB2,2145,0,0,0,180,180,C
1-PB2,2146,0,0,0,178,178,C
1-PB2,2147,0,175,0,0,175,T
1-PB2,2148,0,174,0,1,175,T
1-PB2,2149,0,0,175,0,175,G
1-PB2,2150,0,0,0,176,176,C
1-PB2,2151,176,0,0,0,176,A
1-PB2,2152,176,0,0,0,176,A
1-PB2,2153,167,0,0,0,167,A
1-PB2,2154,165,0,0,0,165,A
1-PB2,2155,0,0,165,0,165,G
1-PB2,2156,0,0,164,0,164,G
1-PB2,2157,0,0,163,0,163,G
1-PB2,2158,0,0,167,0,167,G
1-PB2,2159,167,0,0,0,167,A
1-PB2,2160,166,0,0,0,166,A
1-PB2,2161,167,0,0,0,167,A
1-PB2,2162,169,0,0,0,169,A
1-PB2,2163,0,0,168,0,168,G
1-PB2,2164,0,0,164,0,164,G
1-PB2,2165,0,0,0,162,162,C
1-PB2,2166,0,162,0,0,162,T
1-PB2,2167,160,0,0,0,160,A
1-PB2,2168,160,0,0,0,160,A
1-PB2,2169,0,160,0,0,160,T
1-PB2,2170,0,0,160,0,160,G
1-PB2,2171,0,154,0,0,154,T
1-PB2,2172,0,0,153,1,154,G
1-PB2,2173,1,0,0,152,153,C
1-PB2,2174,0,153,0,0,153,T
1-PB2,2175,154,0,0,0,154,A
1-PB2,2176,152,0,0,0,152,A
1-PB2,2177,0,153,0,0,153,T
1-PB2,2178,0,0,0,153,153,C
1-PB2,2179,0,0,148,0,148,G
1-PB2,2180,0,0,147,0,147,G
1-PB2,2181,0,0,147,0,147,G
1-PB2,2182,0,0,0,146,146,C
1-PB2,2183,147,0,0,0,147,A
1-PB2,2184,144,0,0,0,144,A
1-PB2,2185,0,0,144,0,144,G
1-PB2,2186,0,0,145,0,145,G
1-PB2,2187,143,1,0,0,144,A
1-PB2,2188,0,0,145,0,145,G
1-PB2,2189,141,0,0,0,141,A
1-PB2,2190,0,0,0,140,140,C
1-PB2,2191,0,0,140,0,140,G
1-PB2,2192,0,140,0,0,140,T
1-PB2,2193,0,0,140,0,140,G
1-PB2,2194,0,0,141,0,141,G
1-PB2,2195,0,139,0,0,139,T
1-PB2,2196,0,0,139,0,139,G
1-PB2,2197,0,139,0,0,139,T
1-PB2,2198,0,139,0,0,139,T
1-PB2,2199,0,0,140,0,140,G
1-PB2,2200,0,1,138,0,139,G
1-PB2,2201,0,139,0,0,139,T
1-PB2,2202,134,0,0,0,134,A
1-PB2,2203,132,0,0,0,132,A
1-PB2,2204,0,127,0,0,127,T
1-PB2,2205,0,0,123,0,123,G
1-PB2,2206,123,0,0,0,123,A
1-PB2,2207,122,0,0,0,122,A
1-PB2,2208,123,0,0,0,123,A
1-PB2,2209,0,0,0,122,122,C
1-PB2,2210,0,0,122,0,122,G
1-PB2,2211,122,0,0,0,122,A
1-PB2,2212,121,0,0,0,121,A
1-PB2,2213,122,0,0,0,122,A
1-PB2,2214,122,0,0,0,122,A
1-PB2,2215,0,0,0,122,122,C
1-PB2,2216,0,0,121,0,121,G
1-PB2,2217,0,0,121,0,121,G
1-PB2,2218,0,0,120,0,120,G
1-PB2,2219,121,0,0,0,121,A
1-PB2,2220,1,0,0,120,121,C
1-PB2,2221,0,117,0,0,117,T
1-PB2,2222,0,0,0,118,118,C
1-PB2,2223,0,118,0,0,118,T
1-PB2,2224,118,0,0,0,118,A
1-PB2,2225,0,0,117,0,117,G
1-PB2,2226,0,0,0,115,115,C
1-PB2,2227,112,0,1,0,113,A
1-PB2,2228,0,115,0,0,115,T
1-PB2,2229,111,0,0,0,111,A
1-PB2,2230,0,0,0,113,113,C
1-PB2,2231,0,100,0,0,100,T
1-PB2,2232,0,99,0,0,99,T
1-PB2,2233,97,0,0,0,97,A
1-PB2,2234,0,0,0,97,97,C
1-PB2,2235,0,96,0,0,96,T
1-PB2,2236,0,0,95,0,95,G
1-PB2,2237,93,0,0,0,93,A
1-PB2,2238,0,0,0,94,94,C
1-PB2,2239,84,0,0,0,84,A
1-PB2,2240,0,0,84,0,84,G
1-PB2,2241,0,0,0,84,84,C
1-PB2,2242,0,0,0,84,84,C
1-PB2,2243,82,0,0,0,82,A
1-PB2,2244,0,0,81,0,81,G
1-PB2,2245,81,0,0,0,81,A
1-PB2,2246,0,0,0,81,81,C
1-PB2,2247,72,0,1,0,73,A
1-PB2,2248,0,0,73,0,73,G
1-PB2,2249,0,0,0,69,69,C
1-PB2,2250,0,0,69,0,69,G
1-PB2,2251,70,0,0,0,70,A
1-PB2,2252,0,0,0,69,69,C
1-PB2,2253,1,0,0,69,70,C
1-PB2,2254,70,0,0,0,70,A
1-PB2,2255,70,0,0,0,70,A
1-PB2,2256,70,0,0,0,70,A
1-PB2,2257,70,0,0,0,70,A
1-PB2,2258,0,0,70,0,70,G
1-PB2,2259,66,0,0,0,66,A
1-PB2,2260,67,0,0,0,67,A
1-PB2,2261,0,66,0,0,66,T
1-PB2,2262,0,67,0,0,67,T
1-PB2,2263,0,0,0,67,67,C
1-PB2,2264,0,1,63,0,64,G
1-PB2,2265,0,0,64,0,64,G
1-PB2,2266,64,0,0,0,64,A
1-PB2,2267,0,63,0,0,63,T
1-PB2,2268,0,0,63,0,63,G
1-PB2,2269,0,0,63,0,63,G
1-PB2,2270,1,0,0,62,63,C
1-PB2,2271,0,0,0,63,63,C
1-PB2,2272,63,0,0,0,63,A
1-PB2,2273,0,63,0,0,63,T
1-PB2,2274,0,0,0,63,63,C
1-PB2,2275,63,0,0,0,63,A
1-PB2,2276,63,0,0,0,63,A
1-PB2,2277,0,60,1,0,61,T
1-PB2,2278,0,57,0,0,57,T
1-PB2,2279,54,0,0,0,54,A
1-PB2,2280,53,0,0,0,53,A
2-PB1,1,187,0,0,0,187,A
2-PB1,2,0,189,0,0,189,T
2-PB1,3,0,0,189,0,189,G
2-PB1,4,0,0,203,0,203,G
2-PB1,5,232,0,0,0,232,A
2-PB1,6,0,245,0,0,245,T
2-PB1,7,0,0,249,0,249,G
2-PB1,8,0,250,0,0,250,T
2-PB1,9,0,8,0,262,270,C
2-PB1,10,273,0,0,0,273,A
2-PB1,11,282,0,0,0,282,A
2-PB1,12,0,282,0,0,282,T
2-PB1,13,0,0,0,289,289,C
2-PB1,14,0,0,0,309,309,C
2-PB1,15,0,0,315,0,315,G
2-PB1,16,342,0,1,0,343,A
2-PB1,17,0,0,0,349,349,C
2-PB1,18,0,352,0,0,352,T
2-PB1,19,1,0,0,414,415,C
2-PB1,20,0,417,0,0,417,T
2-PB1,21,423,0,0,0,423,A
2-PB1,22,0,0,0,424,424,C
2-PB1,23,0,424,0,0,424,T
2-PB1,24,1,0,461,0,462,G
2-PB1,25,0,464,0,0,464,T
2-PB1,26,0,464,0,0,464,T
2-PB1,27,0,0,0,463,463,C
2-PB1,28,1,0,0,464,465,C
2-PB1,29,0,525,0,0,525,T
2-PB1,30,527,0,0,0,527,A
2-PB1,31,531,0,0,0,531,A
2-PB1,32,534,0,0,0,534,A
2-PB1,33,0,2,533,0,535,G
2-PB1,34,0,0,539,0,539,G
2-PB1,35,0,544,0,0,544,T
2-PB1,36,1,541,0,0,542,T
2-PB1,37,0,0,0,546,546,C
2-PB1,38,0,0,0,544,544,C
2-PB1,39,547,0,0,0,547,A
2-PB1,40,0,0,554,0,554,G
2-PB1,41,0,0,0,552,552,C
2-PB1,42,0,0,559,0,559,G
2-PB1,43,0,0,0,560,560,C
2-PB1,44,561,0,0,0,561,A
2-PB1,45,563,0,0,0,563,A
2-PB1,46,565,0,0,0,565,A
2-PB1,47,568,0,0,0,568,A
2-PB1,48,0,573,0,0,573,T
2-PB1,49,0,0,593,0,593,G
2-PB1,50,1,1,0,592,594,C
2-PB1,51,0,0,0,595,595,C
2-PB1,52,598,0,1,0,599,A
2-PB1,53,1,598,0,0,599,T
2-PB1,54,652,0,0,0,652,A
2-PB1,55,653,0,0,0,653,A
2-PB1,56,0,1,681,0,682,G
2-PB1,57,0,1,0,682,683,C
2-PB1,58,679,0,1,0,680,A
2-PB1,59,1,0,0,701,702,C
2-PB1,60,702,0,0,0,702,A
2-PB1,61,743,0,0,0,743,A
2-PB1,62,0,0,0,743,743,C
2-PB1,63,745,0,0,0,745,A
2-PB1,64,0,750,0,0,750,T
2-PB1,65,0,746,0,0,746,T
2-PB1,66,0,1,0,987,988,C
2-PB1,67,0,0,0,992,992,C
2-PB1,68,2,0,0,1004,1006,C
2-PB1,69,0,1007,0,1,1008,T
2-PB1,70,0,1011,0,0,1011,T
2-PB1,71,1096,0,0,0,1096,A
2-PB1,72,0,1104,0,0,1104,T
2-PB1,73,1143,1,0,0,1144,A
2-PB1,74,1,0,0,1157,1158,C
2-PB1,75,0,1125,0,0,1125,T
2-PB1,76,0,2,1141,0,1143,G
2-PB1,77,0,0,1142,0,1142,G
2-PB1,78,1141,0,0,0,1141,A
2-PB1,79,1,0,1143,0,1144,G
2-PB1,80,1124,1,4,0,1129,A
2-PB1,81,1,1,0,1118,1120,C
2-PB1,82,1,0,1,1212,1214,C
2-PB1,83,2,0,0,1216,1218,C
2-PB1,84,0,1224,0,0,1224,T
2-PB1,85,0,1,0,1332,1333,C
2-PB1,86,1,0,0,1332,1333,C
2-PB1,87,1347,0,0,1,1348,A
2-PB1,88,0,1347,0,0,1347,T
2-PB1,89,1346,0,0,0,1346,A
2-PB1,90,3,0,0,1344,1347,C
2-PB1,91,1329,0,0,0,1329,A
2-PB1,92,0,0,1378,0,1378,G
2-PB1,93,1,0,0,1387,1388,C
2-PB1,94,1,0,0,1383,1384,C
2-PB1,95,1384,1,1,0,1386,A
2-PB1,96,0,1385,0,0,1385,T
2-PB1,97,0,1,1386,0,1387,G
2-PB1,98,0,0,1443,0,1443,G
2-PB1,99,1452,0,2,0,1454,A
2-PB1,100,1454,0,0,0,1454,A
2-PB1,101,1,0,0,1452,1453,C
2-PB1,102,1441,1,0,0,1442,A
2-PB1,103,0,1,1478,0,1479,G
2-PB1,104,0,0,1494,0,1494,G
2-PB1,105,1488,0,1,0,1489,A
2-PB1,106,1497,0,2,0,1499,A
2-PB1,107,0,0,0,1508,1508,C
2-PB1,108,1501,0,1,0,1502,A
2-PB1,109,0,7,1649,0,1656,G
2-PB1,110,0,3,1648,0,1651,G
2-PB1,111,0,0,1687,0,1687,G
2-PB1,112,0,1680,0,0,1680,T
2-PB1,113,1677,0,1,0,1678,A
2-PB1,114,1,1,0,1703,1705,C
2-PB1,115,1736,0,20,0,1756,A
2-PB1,116,1,2,0,1810,1813,C
2-PB1,117,3,0,0,1799,1802,C
2-PB1,118,1755,0,2,0,1757,A
2-PB1,119,0,1764,0,0,1764,T
2-PB1,120,1,0,1775,0,1776,G
2-PB1,121,2,3,1773,0,1778,G
2-PB1,122,1774,0,2,0,1776,A
2-PB1,123,0,5,0,1780,1785,C
2-PB1,124,1749,0,0,0,1749,A
2-PB1,125,0,1,0,1783,1784,C
2-PB1,126,1780,0,0,0,1780,A
2-PB1,127,0,0,1812,0,1812,G
2-PB1,128,0,1804,1,2,1807,T
2-PB1,129,1,0,0,1851,1852,C
2-PB1,130,1848,0,0,1,1849,A
2-PB1,131,1864,0,0,0,1864,A
2-PB1,132,1,0,0,1866,1867,C
2-PB1,133,1859,0,1,0,1860,A
2-PB1,134,0,0,1884,0,1884,G
2-PB1,135,1859,0,0,0,1859,A
2-PB1,136,1859,0,1,0,1860,A
2-PB1,137,0,1,0,1858,1859,C
2-PB1,138,1836,0,2,0,1838,A
2-PB1,139,2,0,0,1888,1890,C
2-PB1,140,1880,1,1,0,1882,A
2-PB1,141,1,0,0,1969,1970,C
2-PB1,142,2,0,0,1963,1965,C
2-PB1,143,1958,0,0,0,1958,A
2-PB1,144,1967,0,0,0,1967,A
2-PB1,145,2,2013,0,1,2016,T
2-PB1,146,2075,1,2,0,2078,A
2-PB1,147,0,2081,0,2,2083,T
2-PB1,148,0,2052,0,0,2052,T
2-PB1,149,1,0,1,2058,2060,C
2-PB1,150,2033,1,2,0,2036,A
2-PB1,151,0,4,2035,0,2039,G
2-PB1,152,2022,1,1,0,2024,A
2-PB1,153,0,0,2031,0,2031,G
2-PB1,154,1998,1,1,0,2000,A
2-PB1,155,3,5,1958,0,1966,G
2-PB1,156,1,3,1954,0,1958,G
2-PB1,157,1,11,2023,0,2035,G
2-PB1,158,1,1,2034,1,2037,G
2-PB1,159,0,0,2048,0,2048,G
2-PB1,160,2044,1,1,0,2046,A
2-PB1,161,2047,0,0,0,2047,A
2-PB1,162,1,0,2062,0,2063,G
2-PB1,163,0,2045,0,0,2045,T
2-PB1,164,1,3,2031,0,2035,G
2-PB1,165,0,2,2026,0,2028,G
2-PB1,166,2027,0,3,0,2030,A
2-PB1,167,0,1,0,2036,2037,C
2-PB1,168,0,3,2046,0,2049,G
2-PB1,169,2058,2,0,0,2060,A
2-PB1,170,2,0,0,2072,2074,C
2-PB1,171,2063,0,0,0,2063,A
2-PB1,172,2065,0,0,0,2065,A
2-PB1,173,2086,0,0,0,2086,A
2-PB1,174,0,2119,0,1,2120,T
2-PB1,175,2126,2,1,0,2129,A
2-PB1,176,2,0,0,2128,2130,C
2-PB1,177,2070,2,2,44,2118,A
2-PB1,178,2,2,2115,0,2119,G
2-PB1,179,2123,0,0,0,2123,A
2-PB1,180,2146,0,0,0,2146,A
2-PB1,181,2147,0,0,0,2147,A
2-PB1,182,1,0,1,2137,2139,C
2-PB1,183,0,2115,0,1,2116,T
2-PB1,184,0,6,2109,0,2115,G
2-PB1,185,0,3,2108,0,2111,G
2-PB1,186,1,1,2100,0,2102,G
2-PB1,187,3,0,2111,0,2114,G
2-PB1,188,1,1,0,2116,2118,C
2-PB1,189,2118,0,0,0,2118,A
2-PB1,190,0,1,0,2204,2205,C
2-PB1,191,3,1,0,2186,2190,C
2-PB1,192,7,0,0,2188,2195,C
2-PB1,193,1,0,1,2202,2204,C
2-PB1,194,2196,0,8,0,2204,A
2-PB1,195,2227,0,0,0,2227,A
2-PB1,196,1,0,1,2225,2227,C
2-PB1,197,0,2213,0,2,2215,T
2-PB1,198,4,0,0,2220,2224,C
2-PB1,199,2166,0,0,0,2166,A
2-PB1,200,2201,1,0,1,2203,A
2-PB1,201,1,0,0,2196,2197,C
2-PB1,202,2,0,0,2191,2193,C
2-PB1,203,6,0,0,2194,2200,C
2-PB1,204,2191,1,1,0,2193,A
2-PB1,205,2196,0,1,0,2197,A
2-PB1,206,0,2203,0,0,2203,T
2-PB1,207,1,2203,0,1,2205,T
2-PB1,208,1,2,2203,0,2206,G
2-PB1,209,2185,1,1,0,2187,A
2-PB1,210,1,2188,0,1,2190,T
2-PB1,211,0,4,2186,0,2190,G
2-PB1,212,1,3,2200,0,2204,G
2-PB1,213,2227,0,3,0,2230,A
2-PB1,214,0,0,0,2248,2248,C
2-PB1,215,2,0,0,2234,2236,C
2-PB1,216,2230,0,3,0,2233,A
2-PB1,217,1,0,0,2281,2282,C
2-PB1,218,0,2278,0,0,2278,T
2-PB1,219,2313,0,1,0,2314,A
2-PB1,220,0,0,0,2331,2331,C
2-PB1,221,1,0,0,2309,2310,C
2-PB1,222,0,2275,1,0,2276,T
2-PB1,223,0,2,2278,0,2280,G
2-PB1,224,2282,0,2,0,2284,A
2-PB1,225,0,4,2296,0,2300,G
2-PB1,226,0,0,2293,0,2293,G
2-PB1,227,2293,0,1,0,2294,A
2-PB1,228,0,2297,0,0,2297,T
2-PB1,229,2263,0,0,0,2263,A
2-PB1,230,2265,0,0,0,2265,A
2-PB1,231,0,2264,0,0,2264,T
2-PB1,232,3,1,2260,0,2264,G
2-PB1,233,2264,0,0,1,2265,A
2-PB1,234,2251,1,0,1,2253,A
2-PB1,235,0,1,0,2252,2253,C
2-PB1,236,3,0,0,2218,2221,C
2-PB1,237,2236,0,1,0,2237,A
2-PB1,238,2241,1,0,0,2242,A
2-PB1,239,0,1,2249,0,2250,G
2-PB1,240,0,2256,0,0,2256,T
2-PB1,241,1,2,2236,0,2239,G
2-PB1,242,0,9,2258,1,2268,G
2-PB1,243,2262,1,0,0,2263,A
2-PB1,244,1,2260,0,0,2261,T
2-PB1,245,2256,0,3,0,2259,A
2-PB1,246,0,2286,0,1,2287,T
2-PB1,247,4,2,2291,0,2297,G
2-PB1,248,0,0,0,2289,2289,C
2-PB1,249,2280,3,1,0,2284,A
2-PB1,250,0,0,1,2333,2334,C
2-PB1,251,2302,1,0,0,2303,A
2-PB1,252,2335,0,1,0,2336,A
2-PB1,253,2336,1,0,0,2337,A
2-PB1,254,2,0,0,2341,2343,C
2-PB1,255,2264,2,3,0,2269,A
2-PB1,256,0,4,2294,0,2298,G
2-PB1,257,2289,0,2,0,2291,A
2-PB1,258,0,0,0,2296,2296,C
2-PB1,259,0,2237,0,1,2238,T
2-PB1,260,1,0,2281,0,2282,G
2-PB1,261,1,2251,0,2,2254,T
2-PB1,262,0,2,2338,0,2340,G
2-PB1,263,0,2328,0,2,2330,T
2-PB1,264,4,0,0,2344,2348,C
2-PB1,265,4,0,0,2348,2352,C
2-PB1,266,0,2328,1,2,2331,T
2-PB1,267,2,1,2330,0,2333,G
2-PB1,268,4,3,2317,0,2324,G
2-PB1,269,2291,0,4,0,2295,A
2-PB1,270,0,5,2301,0,2306,G
2-PB1,271,2,1,2281,0,2284,G
2-PB1,272,0,2,0,2290,2292,C
2-PB1,273,1,2269,0,4,2274,T
2-PB1,274,2284,0,0,0,2284,A
2-PB1,275,0,2286,0,1,2287,T
2-PB1,276,0,0,2287,1,2288,G
2-PB1,277,0,1,2291,1,2293,G
2-PB1,278,2,0,0,2280,2282,C
2-PB1,279,3,1,0,2265,2269,C
2-PB1,280,0,2245,0,1,2246,T
2-PB1,281,0,2366,0,1,2367,T
2-PB1,282,1,1,1,2373,2376,C
2-PB1,283,5,0,0,2374,2379,C
2-PB1,284,0,2375,1,2,2378,T
2-PB1,285,1,2377,0,0,2378,T
2-PB1,286,0,0,2389,0,2389,G
2-PB1,287,2389,1,0,0,2390,A
2-PB1,288,2395,1,1,0,2397,A
2-PB1,289,0,3,2394,0,2397,G
2-PB1,290,2312,2,0,0,2314,A
2-PB1,291,2338,1,2,0,2341,A
2-PB1,292,0,2333,0,1,2334,T
2-PB1,293,1,1,0,2340,2342,C
2-PB1,294,1,0,0,2342,2343,C
2-PB1,295,5,2,0,2330,2337,C
2-PB1,296,2346,1,1,0,2348,A
2-PB1,297,5,0,0,2351,2356,C
2-PB1,298,4,0,1,2349,2354,C
2-PB1,299,10,1,0,2351,2362,C
2-PB1,300,2343,0,1,0,2344,A
2-PB1,301,0,3,2358,0,2361,G
2-PB1,302,1,0,2366,1,2368,G
2-PB1,303,0,2360,0,2,2362,T
2-PB1,304,2387,0,0,0,2387,A
2-PB1,305,0,2367,0,2,2369,T
2-PB1,306,2,0,0,2370,2372,C
2-PB1,307,0,2375,0,0,2375,T
2-PB1,308,0,2368,0,2,2370,T
2-PB1,309,1,2354,1,2,2358,T
2-PB1,310,0,1,2350,2,2353,G
2-PB1,311,2337,1,1,0,2339,A
2-PB1,312,0,1,2345,0,2346,G
2-PB1,313,2323,0,0,0,2323,A
2-PB1,314,2327,1,1,0,2329,A
2-PB1,315,2,1,0,2337,2340,C
2-PB1,316,0,2313,0,1,2314,T
2-PB1,317,3,0,0,2313,2316,C
2-PB1,318,2309,1,1,1,2312,A
2-PB1,319,0,2314,0,1,2315,T
2-PB1,320,0,0,2318,0,2318,G
2-PB1,321,0,1,0,2356,2357,C
2-PB1,322,0,2,0,2351,2353,C
2-PB1,323,1,2339,0,2,2342,T
2-PB1,324,0,2325,0,3,2328,T
2-PB1,325,0,1,2340,0,2341,G
2-PB1,326,2356,0,0,0,2356,A
2-PB1,327,2360,0,0,0,2360,A
2-PB1,328,2365,1,1,0,2367,A
2-PB1,329,2,2,0,2380,2384,C
2-PB1,330,2339,1,0,0,2340,A
2-PB1,331,2350,1,0,0,2351,A
2-PB1,332,0,2352,0,2,2354,T
2-PB1,333,0,2,2349,1,2352,G
2-PB1,334,0,2,2346,1,2349,G
2-PB1,335,2323,1,0,0,2324,A
2-PB1,336,2321,0,1,1,2323,A
2-PB1,337,1,0,2318,0,2319,G
2-PB1,338,1,0,0,2327,2328,C
2-PB1,339,2,0,0,2301,2303,C
2-PB1,340,0,0,2318,0,2318,G
2-PB1,341,0,2307,0,0,2307,T
2-PB1,342,0,2310,0,0,2310,T
2-PB1,343,1,1,0,2324,2326,C
2-PB1,344,2325,0,2,0,2327,A
2-PB1,345,2353,0,2,0,2355,A
2-PB1,346,0,0,1,2354,2355,C
2-PB1,347,2349,0,1,0,2350,A
2-PB1,348,1,3,2372,0,2376,G
2-PB1,349,2346,1,3,0,2350,A
2-PB1,350,0,0,0,2349,2349,C
2-PB1,351,2341,1,2,0,2344,A
2-PB1,352,2360,1,2,0,2363,A
2-PB1,353,0,6,2379,0,2385,G
2-PB1,354,0,1,2346,0,2347,G
2-PB1,355,0,3,2361,0,2364,G
2-PB1,356,0,2306,0,1,2307,T
2-PB1,357,0,1,2305,0,2306,G
2-PB1,358,0,2,2302,0,2304,G
2-PB1,359,2297,0,5,0,2302,A
2-PB1,360,2,1,1,2303,2307,C
2-PB1,361,2263,0,0,0,2263,A
2-PB1,362,2289,0,1,0,2290,A
2-PB1,363,2289,0,1,0,2290,A
2-PB1,364,0,0,0,2298,2298,C
2-PB1,365,0,2280,0,3,2283,T
2-PB1,366,2302,0,0,0,2302,A
2-PB1,367,2311,1,3,0,2315,A
2-PB1,368,0,0,0,2313,2313,C
2-PB1,369,3,0,0,2304,2307,C
2-PB1,370,7,0,0,2303,2310,C
2-PB1,371,2262,1,0,0,2263,A
2-PB1,372,2256,0,0,0,2256,A
2-PB1,373,0,3,2245,0,2248,G
2-PB1,374,0,0,2266,0,2266,G
2-PB1,375,2,2259,0,1,2262,T
2-PB1,376,1,0,0,2249,2250,C
2-PB1,377,1,1,2250,0,2252,G
2-PB1,378,0,1,0,2244,2245,C
2-PB1,379,2,0,1,2252,2255,C
2-PB1,380,2246,0,1,0,2247,A
2-PB1,381,2228,0,1,0,2229,A
2-PB1,382,2288,0,2,0,2290,A
2-PB1,383,1,0,0,2294,2295,C
2-PB1,384,0,2281,2,1,2284,T
2-PB1,385,0,2280,0,1,2281,T
2-PB1,386,2294,1,0,0,2295,A
2-PB1,387,0,2292,0,1,2293,T
2-PB1,388,1,2,2299,0,2302,G
2-PB1,389,2295,0,2,0,2297,A
2-PB1,390,1,2279,0,0,2280,T
2-PB1,391,0,2203,0,0,2203,T
2-PB1,392,2,1,2197,0,2200,G
2-PB1,393,0,0,2216,0,2216,G
2-PB1,394,2232,0,5,0,2237,A
2-PB1,395,0,1,0,2228,2229,C
2-PB1,396,2216,0,0,0,2216,A
2-PB1,397,0,2199,0,2,2201,T
2-PB1,398,0,2217,0,2,2219,T
2-PB1,399,2228,1,1,0,2230,A
2-PB1,400,2227,0,2,0,2229,A
2-PB1,401,2228,0,0,0,2228,A
2-PB1,402,1,0,0,2235,2236,C
2-PB1,403,2186,0,0,0,2186,A
2-PB1,404,0,1,2203,0,2204,G
2-PB1,405,2201,0,1,0,2202,A
2-PB1,406,2163,1,35,0,2199,A
2-PB1,407,2198,0,3,0,2201,A
2-PB1,408,0,2159,0,30,2189,T
2-PB1,409,1,0,0,2185,2186,C
2-PB1,410,2181,0,1,0,2182,A
2-PB1,411,2188,0,1,0,2189,A
2-PB1,412,1,0,1,2184,2186,C
2-PB1,413,2,1,0,2163,2166,C
2-PB1,414,2,1,2171,0,2174,G
2-PB1,415,0,1,2173,0,2174,G
2-PB1,416,0,1,0,2177,2178,C
2-PB1,417,2177,0,3,0,2180,A
2-PB1,418,0,0,2174,0,2174,G
2-PB1,419,0,0,0,2195,2195,C
2-PB1,420,2189,0,1,0,2190,A
2-PB1,421,2191,1,0,1,2193,A
2-PB1,422,1,1,0,2194,2196,C
2-PB1,423,0,2176,0,2,2178,T
2-PB1,424,0,0,2244,0,2244,G
2-PB1,425,0,0,0,2240,2240,C
2-PB1,426,2241,1,0,1,2243,A
2-PB1,427,0,2243,0,1,2244,T
2-PB1,428,0,2212,0,1,2213,T
2-PB1,429,2341,0,1,1,2343,A
2-PB1,430,1,1,2345,0,2347,G
2-PB1,431,2,0,0,2324,2326,C
2-PB1,432,1,0,0,2339,2340,C
2-PB1,433,2254,1,1,0,2256,A
2-PB1,434,2264,0,3,0,2267,A
2-PB1,435,0,0,0,2275,2275,C
2-PB1,436,2284,2,0,0,2286,A
2-PB1,437,2,0,1,2352,2355,C
2-PB1,438,3,0,0,2211,2214,C
2-PB1,439,2203,0,3,0,2206,A
2-PB1,440,0,2204,1,1,2206,T
2-PB1,441,2201,0,0,0,2201,A
2-PB1,442,1,0,2207,0,2208,G
2-PB1,443,2190,0,2,0,2192,A
2-PB1,444,2157,0,0,2,2159,A
2-PB1,445,0,1,2173,0,2174,G
2-PB1,446,1,2099,1,1,2102,T
2-PB1,447,0,2091,0,0,2091,T
2-PB1,448,0,2086,1,0,2087,T
2-PB1,449,0,2096,1,0,2097,T
2-PB1,450,0,2095,0,2,2097,T
2-PB1,451,2096,1,0,0,2097,A
2-PB1,452,0,2,2101,0,2103,G
2-PB1,453,2088,0,0,0,2088,A
2-PB1,454,2,2079,0,1,2082,T
2-PB1,455,1,0,0,2050,2051,C
2-PB1,456,1,2,2051,0,2054,G
2-PB1,457,2057,0,0,0,2057,A
2-PB1,458,2057,1,1,0,2059,A
2-PB1,459,0,0,0,2071,2071,C
2-PB1,460,0,1,2067,0,2068,G
2-PB1,461,0,1,2153,0,2154,G
2-PB1,462,2154,0,0,0,2154,A
2-PB1,463,0,2145,0,1,2146,T
2-PB1,464,0,2154,1,1,2156,T
2-PB1,465,2146,0,3,0,2149,A
2-PB1,466,2146,0,3,0,2149,A
2-PB1,467,1,0,0,2150,2151,C
2-PB1,468,2140,0,0,0,2140,A
2-PB1,469,1,1,2158,0,2160,G
2-PB1,470,0,0,1,2076,2077,C
2-PB1,471,0,2064,0,0,2064,T
2-PB1,472,2064,0,1,1,2066,A
2-PB1,473,2065,0,3,1,2069,A
2-PB1,474,0,2066,0,2,2068,T
2-PB1,475,1,7,2087,0,2095,G
2-PB1,476,2084,1,1,0,2086,A
2-PB1,477,2082,1,1,0,2084,A
2-PB1,478,0,2052,0,0,2052,T
2-PB1,479,2,1,0,2059,2062,C
2-PB1,480,2050,0,5,0,2055,A
2-PB1,481,0,0,2058,0,2058,G
2-PB1,482,0,0,2057,0,2057,G
2-PB1,483,2042,0,2,0,2044,A
2-PB1,484,2009,0,0,0,2009,A
2-PB1,485,0,1,2064,0,2065,G
2-PB1,486,0,0,2073,1,2074,G
2-PB1,487,0,2,0,2065,2067,C
2-PB1,488,1,2063,0,3,2067,T
2-PB1,489,2067,0,1,0,2068,A
2-PB1,490,2073,0,0,0,2073,A
2-PB1,491,0,2073,0,0,2073,T
2-PB1,492,2069,1,0,0,2070,A
2-PB1,493,0,3,2081,0,2084,G
2-PB1,494,1957,1,0,0,1958,A
2-PB1,495,0,1935,0,0,1935,T
2-PB1,496,1,1936,0,0,1937,T
2-PB1,497,0,1938,0,2,1940,T
2-PB1,498,3,1,0,1979,1983,C
2-PB1,499,1,0,0,1994,1995,C
2-PB1,500,0,1996,0,0,1996,T
2-PB1,501,0,0,0,1999,1999,C
2-PB1,502,1985,0,2,2,1989,A
2-PB1,503,1991,1,1,1,1994,A
2-PB1,504,1,4,2004,0,2009,G
2-PB1,505,0,4,2011,0,2015,G
2-PB1,506,2021,0,0,0,2021,A
2-PB1,507,2,1960,0,0,1962,T
2-PB1,508,1,0,1973,0,1974,G
2-PB1,509,2,1963,0,4,1969,T
2-PB1,510,0,2,1977,0,1979,G
2-PB1,511,1973,1,1,0,1975,A
2-PB1,512,0,1961,0,0,1961,T
2-PB1,513,0,1,1947,0,1948,G
2-PB1,514,1,2,1942,1,1946,G
2-PB1,515,1949,1,0,0,1950,A
2-PB1,516,1947,0,1,0,1948,A
2-PB1,517,0,1933,0,2,1935,T
2-PB1,518,1,0,1,1937,1939,C
2-PB1,519,1907,0,0,0,1907,A
2-PB1,520,1913,0,0,0,1913,A
2-PB1,521,0,1912,0,0,1912,T
2-PB1,522,0,2,1923,0,1925,G
2-PB1,523,0,3,1927,0,1930,G
2-PB1,524,1924,0,1,0,1925,A
2-PB1,525,1,1917,0,0,1918,T
2-PB1,526,1912,0,0,0,1912,A
2-PB1,527,1914,1,0,0,1915,A
2-PB1,528,1910,0,1,0,1911,A
2-PB1,529,0,1,1926,0,1927,G
2-PB1,530,1912,0,2,0,1914,A
2-PB1,531,0,1,1911,0,1912,G
2-PB1,532,1,1,1898,1,1901,G
2-PB1,533,1893,0,0,0,1893,A
2-PB1,534,1895,0,1,0,1896,A
2-PB1,535,1892,0,1,0,1893,A
2-PB1,536,0,1898,0,0,1898,T
2-PB1,537,0,1,1931,0,1932,G
2-PB1,538,1,2,1923,0,1926,G
2-PB1,539,1901,0,1,0,1902,A
2-PB1,540,1,3,1911,0,1915,G
2-PB1,541,1894,0,2,0,1896,A
2-PB1,542,0,1927,0,0,1927,T
2-PB1,543,1918,0,1,0,1919,A
2-PB1,544,1939,0,2,0,1941,A
2-PB1,545,0,1,0,1950,1951,C
2-PB1,546,1906,0,2,0,1908,A
2-PB1,547,1911,0,1,0,1912,A
2-PB1,548,2,1,0,1907,1910,C
2-PB1,549,1896,2,0,0,1898,A
2-PB1,550,0,0,0,1895,1895,C
2-PB1,551,1856,0,2,0,1858,A
2-PB1,552,0,0,0,1877,1877,C
2-PB1,553,0,1848,2,1,1851,T
2-PB1,554,0,1851,0,0,1851,T
2-PB1,555,0,1851,0,1,1852,T
2-PB1,556,1,0,0,1847,1848,C
2-PB1,557,1851,1,0,0,1852,A
2-PB1,558,1851,0,0,0,1851,A
2-PB1,559,1852,1,0,0,1853,A
2-PB1,560,0,0,1875,0,1875,G
2-PB1,561,1847,0,0,0,1847,A
2-PB1,562,1851,0,1,0,1852,A
2-PB1,563,1855,0,0,0,1855,A
2-PB1,564,1861,0,0,1,1862,A
2-PB1,565,1852,0,7,0,1859,A
2-PB1,566,1,2,1873,0,1876,G
2-PB1,567,1,3,1873,0,1877,G
2-PB1,568,1843,0,2,0,1845,A
2-PB1,569,0,3,1877,0,1880,G
2-PB1,570,1875,1,1,0,1877,A
2-PB1,571,0,0,1947,0,1947,G
2-PB1,572,0,1941,0,0,1941,T
2-PB1,573,1935,0,0,0,1935,A
2-PB1,574,1939,0,4,0,1943,A
2-PB1,575,0,6,1944,0,1950,G
2-PB1,576,0,0,1956,0,1956,G
2-PB1,577,0,2,1955,0,1957,G
2-PB1,578,1922,1,6,0,1929,A
2-PB1,579,2,1,0,1946,1949,C
2-PB1,580,1892,0,0,0,1892,A
2-PB1,581,1897,1,1,0,1899,A
2-PB1,582,0,0,0,1898,1898,C
2-PB1,583,1888,0,0,0,1888,A
2-PB1,584,2,1865,0,1,1868,T
2-PB1,585,1,4,1857,0,1862,G
2-PB1,586,1859,0,3,0,1862,A
2-PB1,587,0,0,1,1858,1859,C
2-PB1,588,1,0,0,1833,1834,C
2-PB1,589,1838,0,0,0,1838,A
2-PB1,590,1849,1,1,0,1851,A
2-PB1,591,14,1,1847,0,1862,G
2-PB1,592,1864,0,1,0,1865,A
2-PB1,593,1863,0,0,0,1863,A
2-PB1,594,1855,0,0,0,1855,A
2-PB1,595,1851,0,0,0,1851,A
2-PB1,596,0,1843,0,1,1844,T
2-PB1,597,0,2,1836,1,1839,G
2-PB1,598,1,0,1838,0,1839,G
2-PB1,599,1,1822,0,1,1824,T
2-PB1,600,2,0,0,1794,1796,C
2-PB1,601,1817,1,1,0,1819,A
2-PB1,602,0,1,0,1928,1929,C
2-PB1,603,178,1,1797,0,1976,G
2-PB1,604,1,0,0,2020,2021,C
2-PB1,605,2025,0,1,0,2026,A
2-PB1,606,2154,1,0,0,2155,A
2-PB1,607,2153,0,1,1,2155,A
2-PB1,608,0,4,2379,0,2383,G
2-PB1,609,2376,0,0,0,2376,A
2-PB1,610,2404,1,1,0,2406,A
2-PB1,611,1,0,0,2501,2502,C
2-PB1,612,2467,0,0,0,2467,A
2-PB1,613,2507,0,0,0,2507,A
2-PB1,614,2,2500,0,1,2503,T
2-PB1,615,2495,0,0,0,2495,A
2-PB1,616,0,8,2489,0,2497,G
2-PB1,617,1,6,2432,0,2439,G
2-PB1,618,2,1,2446,0,2449,G
2-PB1,619,2430,2,1,0,2433,A
2-PB1,620,2414,1,2,0,2417,A
2-PB1,621,0,3,2438,0,2441,G
2-PB1,622,2433,0,0,0,2433,A
2-PB1,623,2439,0,0,0,2439,A
2-PB1,624,2441,1,1,1,2444,A
2-PB1,625,2459,0,1,0,2460,A
2-PB1,626,2539,0,1,1,2541,A
2-PB1,627,2542,1,3,0,2546,A
2-PB1,628,2,0,0,2554,2556,C
2-PB1,629,2552,0,0,0,2552,A
2-PB1,630,2549,0,1,0,2550,A
2-PB1,631,2545,0,1,0,2546,A
2-PB1,632,0,3,2625,0,2628,G
2-PB1,633,2615,2,2,0,2619,A
2-PB1,634,0,1,2749,0,2750,G
2-PB1,635,1,2729,0,0,2730,T
2-PB1,636,0,6,3247,1,3254,G
2-PB1,637,3266,0,0,0,3266,A
2-PB1,638,3276,0,3,0,3279,A
2-PB1,639,1,3347,1,0,3349,T
2-PB1,640,3352,0,1,0,3353,A
2-PB1,641,3372,0,2,0,3374,A
2-PB1,642,0,4,3381,0,3385,G
2-PB1,643,3326,3,5,1,3335,A
2-PB1,644,0,6,3355,0,3361,G
2-PB1,645,3253,1,7,0,3261,A
2-PB1,646,0,1,3297,1,3299,G
2-PB1,647,0,1,3303,0,3304,G
2-PB1,648,0,1,0,3305,3306,C
2-PB1,649,0,3300,1,6,3307,T
2-PB1,650,3416,1,3,0,3420,A
2-PB1,651,3,2,0,3589,3594,C
2-PB1,652,4,0,0,3596,3600,C
2-PB1,653,0,3617,0,2,3619,T
2-PB1,654,3774,0,0,0,3774,A
2-PB1,655,3740,2,26,0,3768,A
2-PB1,656,0,3779,0,1,3780,T
2-PB1,657,3763,0,2,0,3765,A
2-PB1,658,3764,2,1,0,3767,A
2-PB1,659,0,5,3772,0,3777,G
2-PB1,660,3697,0,2,0,3699,A
2-PB1,661,0,1,3751,0,3752,G
2-PB1,662,0,0,0,3769,3769,C
2-PB1,663,0,3731,0,6,3737,T
2-PB1,664,1,3752,0,1,3754,T
2-PB1,665,1,3753,0,0,3754,T
2-PB1,666,0,3,3751,0,3754,G
2-PB1,667,3825,0,6,1,3832,A
2-PB1,668,1,1,0,3849,3851,C
2-PB1,669,3831,0,0,0,3831,A
2-PB1,670,0,3835,0,1,3836,T
2-PB1,671,0,3820,0,1,3821,T
2-PB1,672,2,4,3916,0,3922,G
2-PB1,673,3909,0,4,0,3913,A
2-PB1,674,3916,0,5,0,3921,A
2-PB1,675,0,0,0,3937,3937,C
2-PB1,676,3912,0,2,0,3914,A
2-PB1,677,0,1,0,3914,3915,C
2-PB1,678,0,5,3903,0,3908,G
2-PB1,679,3932,0,4,1,3937,A
2-PB1,680,0,3931,0,1,3932,T
2-PB1,681,4,9,4009,0,4022,G
2-PB1,682,4026,1,4,0,4031,A
2-PB1,683,1,2,0,4031,4034,C
2-PB1,684,5,2,0,4020,4027,C
2-PB1,685,4045,0,1,0,4046,A
2-PB1,686,4083,1,1,1,4086,A
2-PB1,687,4086,2,7,0,4095,A
2-PB1,688,0,3,4206,0,4209,G
2-PB1,689,4264,0,1,0,4265,A
2-PB1,690,1,4225,0,2,4228,T
2-PB1,691,3,1,4239,0,4243,G
2-PB1,692,5,0,0,4222,4227,C
2-PB1,693,4217,0,6,0,4223,A
2-PB1,694,1,1,4256,1,4259,G
2-PB1,695,4215,1,7,0,4223,A
2-PB1,696,1,5,4225,0,4231,G
2-PB1,697,4153,3,0,0,4156,A
2-PB1,698,0,5,4154,1,4160,G
2-PB1,699,4112,0,12,1,4125,A
2-PB1,700,1,3,4121,0,4125,G
2-PB1,701,1,0,4124,2,4127,G
2-PB1,702,1,1,0,4115,4117,C
2-PB1,703,4099,2,1,0,4102,A
2-PB1,704,4117,0,1,0,4118,A
2-PB1,705,4141,0,1,0,4142,A
2-PB1,706,0,4144,0,1,4145,T
2-PB1,707,2,4144,0,1,4147,T
2-PB1,708,4149,2,2,0,4153,A
2-PB1,709,4152,2,2,1,4157,A
2-PB1,710,4163,0,3,1,4167,A
2-PB1,711,4190,1,0,0,4191,A
2-PB1,712,4184,1,2,0,4187,A
2-PB1,713,0,1,4199,0,4200,G
2-PB1,714,4162,1,1,0,4164,A
2-PB1,715,4163,1,1,1,4166,A
2-PB1,716,2,12,4215,1,4230,G
2-PB1,717,1,3,4312,0,4316,G
2-PB1,718,6,1,4296,0,4303,G
2-PB1,719,1,0,1,4336,4338,C
2-PB1,720,0,4317,0,4,4321,T
2-PB1,721,4355,0,2,0,4357,A
2-PB1,722,2,4421,0,3,4426,T
2-PB1,723,0,4434,0,0,4434,T
2-PB1,724,2,0,4442,1,4445,G
2-PB1,725,0,2,0,4422,4424,C
2-PB1,726,4346,0,5,0,4351,A
2-PB1,727,4366,0,2,1,4369,A
2-PB1,728,4,0,0,4366,4370,C
2-PB1,729,4379,0,4,0,4383,A
2-PB1,730,4,1,0,4384,4389,C
2-PB1,731,6,2,0,4306,4314,C
2-PB1,732,10,2,0,4315,4327,C
2-PB1,733,1,19,4294,2,4316,G
2-PB1,734,0,3,4318,0,4321,G
2-PB1,735,0,3,4326,0,4329,G
2-PB1,736,4335,2,8,0,4345,A
2-PB1,737,0,4317,1,1,4319,T
2-PB1,738,0,0,4320,0,4320,G
2-PB1,739,2,1,0,4314,4317,C
2-PB1,740,4365,1,2,0,4368,A
2-PB1,741,4445,0,2,1,4448,A
2-PB1,742,4493,1,0,0,4494,A
2-PB1,743,1,4510,0,2,4513,T
2-PB1,744,0,4507,0,1,4508,T
2-PB1,745,4477,1,2,0,4480,A
2-PB1,746,3,5,4473,0,4481,G
2-PB1,747,4443,1,7,0,4451,A
2-PB1,748,2,14,4453,0,4469,G
2-PB1,749,1,7,4421,0,4429,G
2-PB1,750,0,2,4545,0,4547,G
2-PB1,751,0,4538,0,4,4542,T
2-PB1,752,0,4546,0,2,4548,T
2-PB1,753,4,1,1,4551,4557,C
2-PB1,754,2,1,4606,1,4610,G
2-PB1,755,0,4598,0,5,4603,T
2-PB1,756,1,1,4609,0,4611,G
2-PB1,757,0,4592,0,4,4596,T
2-PB1,758,4577,0,1,0,4578,A
2-PB1,759,4,0,0,4565,4569,C
2-PB1,760,0,4397,1,4,4402,T
2-PB1,761,1,4422,0,0,4423,T
2-PB1,762,1,0,0,4397,4398,C
2-PB1,763,1,1,4395,0,4397,G
2-PB1,764,0,4385,1,2,4388,T
2-PB1,765,1,4368,0,6,4375,T
2-PB1,766,0,1,4386,1,4388,G
2-PB1,767,4378,0,2,1,4381,A
2-PB1,768,4369,0,3,0,4372,A
2-PB1,769,4399,1,6,0,4406,A
2-PB1,770,0,1,0,4422,4423,C
2-PB1,771,1,4392,0,1,4394,T
2-PB1,772,0,4378,0,1,4379,T
2-PB1,773,0,4383,0,1,4384,T
2-PB1,774,4445,1,4,0,4450,A
2-PB1,775,1,2,4463,0,4466,G
2-PB1,776,2,2,0,4467,4471,C
2-PB1,777,0,4472,0,3,4475,T
2-PB1,778,4439,1,3,0,4443,A
2-PB1,779,0,4,4426,0,4430,G
2-PB1,780,4432,2,2,0,4436,A
2-PB1,781,4421,1,6,1,4429,A
2-PB1,782,2,1,4440,0,4443,G
2-PB1,783,0,0,0,4381,4381,C
2-PB1,784,4373,0,2,0,4375,A
2-PB1,785,0,4362,0,1,4363,T
2-PB1,786,1,4363,0,2,4366,T
2-PB1,787,2,4360,0,1,4363,T
2-PB1,788,2,2,4376,0,4380,G
2-PB1,789,2,3,0,4365,4370,C
2-PB1,790,2,3,4376,0,4381,G
2-PB1,791,4360,0,3,0,4363,A
2-PB1,792,4345,0,1,1,4347,A
2-PB1,793,4340,3,1,0,4344,A
2-PB1,794,4471,0,4,0,4475,A
2-PB1,795,1,0,4517,0,4518,G
2-PB1,796,2,1,0,4512,4515,C
2-PB1,797,0,4514,0,3,4517,T
2-PB1,798,1,4515,1,1,4518,T
2-PB1,799,3,7,4521,1,4532,G
2-PB1,800,4523,1,6,0,4530,A
2-PB1,801,4527,0,3,0,4530,A
2-PB1,802,2,3,0,4556,4561,C
2-PB1,803,4462,0,3,0,4465,A
2-PB1,804,0,1,4847,0,4848,G
2-PB1,805,0,4803,0,1,4804,T
2-PB1,806,3,0,1,4813,4817,C
2-PB1,807,3,4819,0,3,4825,T
2-PB1,808,1,5,4828,0,4834,G
2-PB1,809,1,5,4826,0,4832,G
2-PB1,810,4836,0,3,1,4840,A
2-PB1,811,3,0,2,4855,4860,C
2-PB1,812,0,4709,0,3,4712,T
2-PB1,813,0,4481,0,1,4482,T
2-PB1,814,2,0,0,4464,4466,C
2-PB1,815,5,6,0,4463,4474,C
2-PB1,816,3,2,4488,2,4495,G
2-PB1,817,0,3,4518,0,4521,G
2-PB1,818,0,4488,0,3,4491,T
2-PB1,819,0,4482,0,3,4485,T
2-PB1,820,2,10,4462,1,4475,G
2-PB1,821,1,8,4470,0,4479,G
2-PB1,822,0,13,4493,1,4507,G
2-PB1,823,1,6,4484,1,4492,G
2-PB1,824,0,2,4524,0,4526,G
2-PB1,825,0,4496,0,2,4498,T
2-PB1,826,4481,1,3,0,4485,A
2-PB1,827,4512,1,2,0,4515,A
2-PB1,828,0,4510,0,3,4513,T
2-PB1,829,0,3,4526,0,4529,G
2-PB1,830,4476,4,1,1,4482,A
2-PB1,831,4449,0,2,1,4452,A
2-PB1,832,4454,0,0,1,4455,A
2-PB1,833,4435,0,3,1,4439,A
2-PB1,834,0,6,4439,1,4446,G
2-PB1,835,4415,1,1,0,4417,A
2-PB1,836,4384,1,4,1,4390,A
2-PB1,837,2,2,4403,0,4407,G
2-PB1,838,3,4,4396,0,4403,G
2-PB1,839,0,0,0,4382,4382,C
2-PB1,840,5,2,0,4376,4383,C
2-PB1,841,4385,0,4,1,4390,A
2-PB1,842,4381,2,1,2,4386,A
2-PB1,843,4388,0,2,1,4391,A
2-PB1,844,0,0,1,4396,4397,C
2-PB1,845,1,4372,1,1,4375,T
2-PB1,846,3,3,4418,0,4424,G
2-PB1,847,7,2,4396,0,4405,G
2-PB1,848,1,0,1,4405,4407,C
2-PB1,849,4427,1,1,0,4429,A
2-PB1,850,4421,2,2,0,4425,A
2-PB1,851,4420,0,2,0,4422,A
2-PB1,852,2,4429,0,0,4431,T
2-PB1,853,0,1,4447,0,4448,G
2-PB1,854,1,4428,0,3,4432,T
2-PB1,855,0,4329,0,1,4330,T
2-PB1,856,0,0,4342,0,4342,G
2-PB1,857,2,4325,0,3,4330,T
2-PB1,858,0,3,4331,0,4334,G
2-PB1,859,4345,0,0,0,4345,A
2-PB1,860,0,3,4361,0,4364,G
2-PB1,861,4351,2,2,0,4355,A
2-PB1,862,4323,0,2,0,4325,A
2-PB1,863,4332,0,1,0,4333,A
2-PB1,864,4336,0,2,0,4338,A
2-PB1,865,4369,0,1,3,4373,A
2-PB1,866,1,4351,0,0,4352,T
2-PB1,867,0,2,4356,0,4358,G
2-PB1,868,4342,1,3,0,4346,A
2-PB1,869,0,4300,0,4,4304,T
2-PB1,870,2,1,4346,0,4349,G
2-PB1,871,4337,0,7,0,4344,A
2-PB1,872,1,0,1,4381,4383,C
2-PB1,873,2,4363,0,1,4366,T
2-PB1,874,4335,0,0,29,4364,A
2-PB1,875,4402,0,1,0,4403,A
2-PB1,876,1,4391,0,2,4394,T
2-PB1,877,0,4433,0,2,4435,T
2-PB1,878,4,1,0,4464,4469,C
2-PB1,879,4449,1,5,0,4455,A
2-PB1,880,1,2,0,4453,4456,C
2-PB1,881,4416,0,2,0,4418,A
2-PB1,882,4423,0,4,0,4427,A
2-PB1,883,1,5,4430,1,4437,G
2-PB1,884,4481,0,3,0,4484,A
2-PB1,885,1,0,0,4476,4477,C
2-PB1,886,4430,1,4,0,4435,A
2-PB1,887,3,1,1,4426,4431,C
2-PB1,888,4386,0,8,0,4394,A
2-PB1,889,0,4,4413,0,4417,G
2-PB1,890,4394,2,7,0,4403,A
2-PB1,891,1,1,4421,0,4423,G
2-PB1,892,4,1,0,4400,4405,C
2-PB1,893,0,4288,0,8,4296,T
2-PB1,894,0,4345,0,0,4345,T
2-PB1,895,1,4347,0,1,4349,T
2-PB1,896,2,0,1,4356,4359,C
2-PB1,897,1,4364,1,1,4367,T
2-PB1,898,0,4339,1,1,4341,T
2-PB1,899,0,4342,1,3,4346,T
2-PB1,900,2,1,0,4352,4355,C
2-PB1,901,4348,0,3,0,4351,A
2-PB1,902,3,3,0,4360,4366,C
2-PB1,903,4332,0,1,0,4333,A
2-PB1,904,4357,0,3,1,4361,A
2-PB1,905,1,4393,1,1,4396,T
2-PB1,906,4,1,0,4433,4438,C
2-PB1,907,4469,0,2,0,4471,A
2-PB1,908,1,1,0,4483,4485,C
2-PB1,909,0,4455,1,3,4459,T
2-PB1,910,1,8,4486,0,4495,G
2-PB1,911,0,7,4470,0,4477,G
2-PB1,912,0,4,4588,0,4592,G
2-PB1,913,4,3,4580,0,4587,G
2-PB1,914,4504,1,9,0,4514,A
2-PB1,915,4,3,1,4329,4337,C
2-PB1,916,4397,0,4,0,4401,A
2-PB1,917,4609,2,1,0,4612,A
2-PB1,918,1,0,0,4656,4657,C
2-PB1,919,4633,1,2,0,4636,A
2-PB1,920,2,0,0,4627,4629,C
2-PB1,921,1,4467,1,1,4470,T
2-PB1,922,4497,0,1,0,4498,A
2-PB1,923,4487,0,3,0,4490,A
2-PB1,924,1,2,4513,1,4517,G
2-PB1,925,1,4488,0,6,4495,T
2-PB1,926,0,5,4255,0,4260,G
2-PB1,927,0,0,4224,0,4224,G
2-PB1,928,4210,1,5,0,4216,A
2-PB1,929,4223,0,4,0,4227,A
2-PB1,930,1,4219,0,0,4220,T
2-PB1,931,1,4,4197,2,4204,G
2-PB1,932,4195,0,0,0,4195,A
2-PB1,933,4160,0,1,0,4161,A
2-PB1,934,4157,0,5,0,4162,A
2-PB1,935,4153,1,3,0,4157,A
2-PB1,936,1,3,0,4123,4127,C
2-PB1,937,2,0,0,4184,4186,C
2-PB1,938,4198,0,3,1,4202,A
2-PB1,939,4188,1,3,0,4192,A
2-PB1,940,4184,0,4,1,4189,A
2-PB1,941,4184,1,4,1,4190,A
2-PB1,942,3,3,0,4207,4213,C
2-PB1,943,4,1,1,4172,4178,C
2-PB1,944,12,2,0,4157,4171,C
2-PB1,945,1,4146,0,5,4152,T
2-PB1,946,5,0,0,4160,4165,C
2-PB1,947,0,0,4176,0,4176,G
2-PB1,948,4169,0,2,0,4171,A
2-PB1,949,4169,1,1,0,4171,A
2-PB1,950,0,4168,0,0,4168,T
2-PB1,951,2,1,4184,0,4187,G
2-PB1,952,0,4151,2,4,4157,T
2-PB1,953,1,4143,0,1,4145,T
2-PB1,954,1,4145,0,3,4149,T
2-PB1,955,0,4136,1,1,4138,T
2-PB1,956,1,4132,2,1,4136,T
2-PB1,957,0,3,4132,0,4135,G
2-PB1,958,1,0,4132,0,4133,G
2-PB1,959,1,4,0,4121,4126,C
2-PB1,960,0,2,4107,0,4109,G
2-PB1,961,4101,0,0,0,4101,A
2-PB1,962,0,4214,0,1,4215,T
2-PB1,963,0,3,4365,0,4368,G
2-PB1,964,4580,0,1,0,4581,A
2-PB1,965,2,4597,0,3,4602,T
2-PB1,966,0,4610,0,2,4612,T
2-PB1,967,4647,1,3,2,4653,A
2-PB1,968,2,1,0,4654,4657,C
2-PB1,969,4669,0,4,1,4674,A
2-PB1,970,0,4648,2,5,4655,T
2-PB1,971,4448,0,2,3,4453,A
2-PB1,972,2,0,0,4474,4476,C
2-PB1,973,4085,2,1,2,4090,A
2-PB1,974,0,4083,0,2,4085,T
2-PB1,975,1,0,0,4074,4075,C
2-PB1,976,4053,0,1,1,4055,A
2-PB1,977,0,3,0,4062,4065,C
2-PB1,978,4036,0,0,0,4036,A
2-PB1,979,4037,0,2,0,4039,A
2-PB1,980,4030,0,0,0,4030,A
2-PB1,981,0,5,3898,0,3903,G
2-PB1,982,4070,1,0,0,4071,A
2-PB1,983,4078,1,3,0,4082,A
2-PB1,984,1,4076,0,3,4080,T
2-PB1,985,4,0,0,4094,4098,C
2-PB1,986,4115,1,0,0,4116,A
2-PB1,987,4134,0,2,0,4136,A
2-PB1,988,0,0,1,4149,4150,C
2-PB1,989,2,1,0,4141,4144,C
2-PB1,990,0,3955,0,0,3955,T
2-PB1,991,1,0,3984,0,3985,G
2-PB1,992,3958,3,4,1,3966,A
2-PB1,993,1,2,3973,0,3976,G
2-PB1,994,1,3961,0,2,3964,T
2-PB1,995,0,7,3888,0,3895,G
2-PB1,996,0,1,4129,0,4130,G
2-PB1,997,0,4095,1,4,4100,T
2-PB1,998,4,4083,0,8,4095,T
2-PB1,999,3,1,0,4099,4103,C
2-PB1,1000,4050,1,3,0,4054,A
2-PB1,1001,0,4,4144,0,4148,G
2-PB1,1002,4127,1,2,0,4130,A
2-PB1,1003,4135,0,1,0,4136,A
2-PB1,1004,4126,1,1,0,4128,A
2-PB1,1005,1,2,0,3836,3839,C
2-PB1,1006,3869,0,0,0,3869,A
2-PB1,1007,0,3857,0,5,3862,T
2-PB1,1008,2,0,0,3919,3921,C
2-PB1,1009,2,0,1,3920,3923,C
2-PB1,1010,0,3808,0,2,3810,T
2-PB1,1011,1,4,3815,0,3820,G
2-PB1,1012,3786,2,5,0,3793,A
2-PB1,1013,0,0,3832,0,3832,G
2-PB1,1014,3,1,0,3805,3809,C
2-PB1,1015,3696,0,2,0,3698,A
2-PB1,1016,1,3706,0,3,3710,T
2-PB1,1017,2,1,0,3680,3683,C
2-PB1,1018,2,1,3688,0,3691,G
2-PB1,1019,3,0,0,3774,3777,C
2-PB1,1020,3793,0,4,1,3798,A
2-PB1,1021,1,0,0,3912,3913,C
2-PB1,1022,11,1,1,3888,3901,C
2-PB1,1023,3907,0,2,0,3909,A
2-PB1,1024,3961,0,1,1,3963,A
2-PB1,1025,0,3955,0,1,3956,T
2-PB1,1026,3946,0,2,0,3948,A
2-PB1,1027,3949,0,0,1,3950,A
2-PB1,1028,1,3817,0,1,3819,T
2-PB1,1029,1,1,3832,0,3834,G
2-PB1,1030,0,3754,0,3,3757,T
2-PB1,1031,0,3729,0,6,3735,T
2-PB1,1032,2,0,0,3744,3746,C
2-PB1,1033,1,3716,0,4,3721,T
2-PB1,1034,5,1,0,3726,3732,C
2-PB1,1035,3729,2,0,0,3731,A
2-PB1,1036,3721,0,3,0,3724,A
2-PB1,1037,3727,0,3,3,3733,A
2-PB1,1038,0,0,0,3747,3747,C
2-PB1,1039,3744,0,1,0,3745,A
2-PB1,1040,3735,1,0,0,3736,A
2-PB1,1041,3730,0,2,0,3732,A
2-PB1,1042,3739,0,1,0,3740,A
2-PB1,1043,1,3782,0,1,3784,T
2-PB1,1044,2,3,3783,0,3788,G
2-PB1,1045,1,0,3779,0,3780,G
2-PB1,1046,0,0,0,3782,3782,C
2-PB1,1047,3769,2,3,0,3774,A
2-PB1,1048,3781,1,2,0,3784,A
2-PB1,1049,1,2,3821,0,3824,G
2-PB1,1050,3830,0,3,0,3833,A
2-PB1,1051,2,0,0,3828,3830,C
2-PB1,1052,0,3779,0,1,3780,T
2-PB1,1053,3,8,3836,1,3848,G
2-PB1,1054,3,6,3844,0,3853,G
2-PB1,1055,0,1,3867,1,3869,G
2-PB1,1056,3874,0,4,0,3878,A
2-PB1,1057,3869,0,2,0,3871,A
2-PB1,1058,3837,1,3,0,3841,A
2-PB1,1059,3823,0,5,3,3831,A
2-PB1,1060,0,4,3939,0,3943,G
2-PB1,1061,0,4,3934,0,3938,G
2-PB1,1062,3891,1,28,0,3920,A
2-PB1,1063,1,3896,0,0,3897,T
2-PB1,1064,3891,2,3,0,3896,A
2-PB1,1065,2,0,0,3895,3897,C
2-PB1,1066,3924,0,1,0,3925,A
2-PB1,1067,1,3905,0,1,3907,T
2-PB1,1068,0,4,3934,0,3938,G
2-PB1,1069,2,3877,0,5,3884,T
2-PB1,1070,0,3871,0,4,3875,T
2-PB1,1071,6,1,1,3861,3869,C
2-PB1,1072,2,1,3873,0,3876,G
2-PB1,1073,3880,1,2,0,3883,A
2-PB1,1074,0,7,3938,0,3945,G
2-PB1,1075,3888,0,2,0,3890,A
2-PB1,1076,2,2,3921,0,3925,G
2-PB1,1077,0,3899,0,1,3900,T
2-PB1,1078,3883,0,1,0,3884,A
2-PB1,1079,3889,1,4,1,3895,A
2-PB1,1080,1,3,3908,0,3912,G
2-PB1,1081,3896,0,4,0,3900,A
2-PB1,1082,0,5,3948,1,3954,G
2-PB1,1083,3835,0,2,1,3838,A
2-PB1,1084,3867,1,1,0,3869,A
2-PB1,1085,0,3829,0,1,3830,T
2-PB1,1086,1,4,3813,0,3818,G
2-PB1,1087,3811,1,5,0,3817,A
2-PB1,1088,3785,0,5,0,3790,A
2-PB1,1089,0,1,3810,0,3811,G
2-PB1,1090,2,1,0,3777,3780,C
2-PB1,1091,2,3740,0,6,3748,T
2-PB1,1092,3,1,0,3742,3746,C
2-PB1,1093,3,0,0,3750,3753,C
2-PB1,1094,0,3,3773,0,3776,G
2-PB1,1095,1,3,3783,0,3787,G
2-PB1,1096,3779,1,9,0,3789,A
2-PB1,1097,4,0,0,3839,3843,C
2-PB1,1098,3841,0,1,0,3842,A
2-PB1,1099,0,2,0,3865,3867,C
2-PB1,1100,3865,0,3,1,3869,A
2-PB1,1101,3872,1,0,0,3873,A
2-PB1,1102,3864,2,1,0,3867,A
2-PB1,1103,0,3886,0,0,3886,T
2-PB1,1104,3891,1,2,0,3894,A
2-PB1,1105,2,1,0,3887,3890,C
2-PB1,1106,6,0,0,3872,3878,C
2-PB1,1107,2,3833,1,2,3838,T
2-PB1,1108,3,1,3850,0,3854,G
2-PB1,1109,0,0,0,3868,3868,C
2-PB1,1110,3863,2,2,0,3867,A
2-PB1,1111,0,0,3867,0,3867,G
2-PB1,1112,3854,0,0,0,3854,A
2-PB1,1113,3848,0,2,0,3850,A
2-PB1,1114,3842,3,1,0,3846,A
2-PB1,1115,0,3854,0,2,3856,T
2-PB1,1116,0,1,3860,0,3861,G
2-PB1,1117,0,0,0,3856,3856,C
2-PB1,1118,0,3839,0,7,3846,T
2-PB1,1119,3876,1,4,0,3881,A
2-PB1,1120,1,1,3872,0,3874,G
2-PB1,1121,2,1,0,3875,3878,C
2-PB1,1122,3875,0,1,0,3876,A
2-PB1,1123,3865,0,3,1,3869,A
2-PB1,1124,1,0,3851,0,3852,G
2-PB1,1125,0,3,1,3847,3851,C
2-PB1,1126,3796,0,2,0,3798,A
2-PB1,1127,1,3861,0,2,3864,T
2-PB1,1128,0,3865,0,1,3866,T
2-PB1,1129,2,2,3977,0,3981,G
2-PB1,1130,4009,1,5,1,4016,A
2-PB1,1131,0,1,0,4000,4001,C
2-PB1,1132,7,0,1,4008,4016,C
2-PB1,1133,2,3930,0,3,3935,T
2-PB1,1134,0,1,3995,0,3996,G
2-PB1,1135,4008,1,2,0,4011,A
2-PB1,1136,4012,1,1,0,4014,A
2-PB1,1137,1,1,4053,0,4055,G
2-PB1,1138,0,3930,0,2,3932,T
2-PB1,1139,3959,0,0,0,3959,A
2-PB1,1140,0,3922,0,6,3928,T
2-PB1,1141,0,3923,0,5,3928,T
2-PB1,1142,0,3926,1,2,3929,T
2-PB1,1143,4,2,1,3899,3906,C
2-PB1,1144,3889,1,6,0,3896,A
2-PB1,1145,3894,2,0,0,3896,A
2-PB1,1146,0,3847,0,2,3849,T
2-PB1,1147,0,7,3865,0,3872,G
2-PB1,1148,3852,0,0,0,3852,A
2-PB1,1149,3861,0,2,0,3863,A
2-PB1,1150,0,3843,1,1,3845,T
2-PB1,1151,5,2,0,3872,3879,C
2-PB1,1152,3870,0,2,0,3872,A
2-PB1,1153,3888,1,2,1,3892,A
2-PB1,1154,2,2,0,3880,3884,C
2-PB1,1155,3879,0,1,0,3880,A
2-PB1,1156,3857,0,4,0,3861,A
2-PB1,1157,0,10,3846,0,3856,G
2-PB1,1158,1,2,3877,0,3880,G
2-PB1,1159,3870,0,1,0,3871,A
2-PB1,1160,3858,1,4,1,3864,A
2-PB1,1161,1,2,3858,1,3862,G
2-PB1,1162,3852,0,0,0,3852,A
2-PB1,1163,3845,0,2,0,3847,A
2-PB1,1164,3841,0,1,0,3842,A
2-PB1,1165,3851,0,4,0,3855,A
2-PB1,1166,1,3832,0,0,3833,T
2-PB1,1167,0,3790,1,0,3791,T
2-PB1,1168,0,3,3789,0,3792,G
2-PB1,1169,3773,4,8,0,3785,A
2-PB1,1170,0,0,3786,1,3787,G
2-PB1,1171,3780,0,1,0,3781,A
2-PB1,1172,3818,0,3,0,3821,A
2-PB1,1173,3865,0,2,0,3867,A
2-PB1,1174,3871,2,2,0,3875,A
2-PB1,1175,0,3882,0,1,3883,T
2-PB1,1176,3878,0,3,1,3882,A
2-PB1,1177,3868,1,7,1,3877,A
2-PB1,1178,1,0,3898,0,3899,G
2-PB1,1179,2,3,3888,0,3893,G
2-PB1,1180,1,1,0,3873,3875,C
2-PB1,1181,1,0,0,3865,3866,C
2-PB1,1182,2,3839,1,5,3847,T
2-PB1,1183,3,0,0,4209,4212,C
2-PB1,1184,1,4226,0,2,4229,T
2-PB1,1185,2,4236,1,3,4242,T
2-PB1,1186,2,0,0,4309,4311,C
2-PB1,1187,0,4298,0,4,4302,T
2-PB1,1188,4316,0,2,1,4319,A
2-PB1,1189,4317,1,3,0,4321,A
2-PB1,1190,1,4317,1,0,4319,T
2-PB1,1191,4361,0,1,0,4362,A
2-PB1,1192,1,1,4223,0,4225,G
2-PB1,1193,4070,1,2,0,4073,A
2-PB1,1194,2,4069,0,0,4071,T
2-PB1,1195,2,9,3989,3,4003,G
2-PB1,1196,1,2,4000,0,4003,G
2-PB1,1197,3905,0,4,0,3909,A
2-PB1,1198,4012,0,2,0,4014,A
2-PB1,1199,0,0,0,4021,4021,C
2-PB1,1200,4016,1,0,0,4017,A
2-PB1,1201,1,0,4111,0,4112,G
2-PB1,1202,0,3,0,4087,4090,C
2-PB1,1203,4094,1,5,0,4100,A
2-PB1,1204,2,4188,0,5,4195,T
2-PB1,1205,0,0,0,4136,4136,C
2-PB1,1206,4162,0,4,0,4166,A
2-PB1,1207,0,4166,0,1,4167,T
2-PB1,1208,3,4141,0,3,4147,T
2-PB1,1209,2,2,4133,0,4137,G
2-PB1,1210,4057,0,6,0,4063,A
2-PB1,1211,1,0,4176,0,4177,G
2-PB1,1212,2,3,1,4166,4172,C
2-PB1,1213,8,5,0,4088,4101,C
2-PB1,1214,11,0,1,4160,4172,C
2-PB1,1215,1,4150,1,4,4156,T
2-PB1,1216,0,4,4296,0,4300,G
2-PB1,1217,0,3,4360,0,4363,G
2-PB1,1218,4354,2,6,0,4362,A
2-PB1,1219,4426,0,1,0,4427,A
2-PB1,1220,0,4295,0,2,4297,T
2-PB1,1221,3,3,4369,0,4375,G
2-PB1,1222,4433,4,4,0,4441,A
2-PB1,1223,0,4420,0,4,4424,T
2-PB1,1224,1,4,4423,0,4428,G
2-PB1,1225,4378,2,3,1,4384,A
2-PB1,1226,0,4324,0,1,4325,T
2-PB1,1227,0,20,4310,1,4331,G
2-PB1,1228,1,9,4355,0,4365,G
2-PB1,1229,1,2,4379,0,4382,G
2-PB1,1230,1,0,0,4343,4344,C
2-PB1,1231,4339,2,0,0,4341,A
2-PB1,1232,0,4346,0,5,4351,T
2-PB1,1233,2,1,4467,0,4470,G
2-PB1,1234,2,4472,0,2,4476,T
2-PB1,1235,0,4483,0,2,4485,T
2-PB1,1236,4,0,1,4483,4488,C
2-PB1,1237,4445,0,2,1,4448,A
2-PB1,1238,4453,0,5,0,4458,A
2-PB1,1239,2,1,0,4461,4464,C
2-PB1,1240,4465,3,4,0,4472,A
2-PB1,1241,0,4463,0,1,4464,T
2-PB1,1242,3,1,4492,0,4496,G
2-PB1,1243,3,0,0,4493,4496,C
2-PB1,1244,0,4499,0,0,4499,T
2-PB1,1245,4528,0,3,1,4532,A
2-PB1,1246,4535,0,1,0,4536,A
2-PB1,1247,0,2,4655,0,4657,G
2-PB1,1248,1,4653,0,2,4656,T
2-PB1,1249,4613,1,0,1,4615,A
2-PB1,1250,3,2,1,4607,4613,C
2-PB1,1251,4494,0,4,0,4498,A
2-PB1,1252,0,5,4815,0,4820,G
2-PB1,1253,2,4811,1,2,4816,T
2-PB1,1254,0,4809,0,0,4809,T
2-PB1,1255,0,4821,0,2,4823,T
2-PB1,1256,1,4762,1,2,4766,T
2-PB1,1257,4756,2,3,1,4762,A
2-PB1,1258,4,1,4758,1,4764,G
2-PB1,1259,0,9,4751,0,4760,G
2-PB1,1260,4655,4,9,1,4669,A
2-PB1,1261,1,3,4614,0,4618,G
2-PB1,1262,1,4635,0,8,4644,T
2-PB1,1263,1,1,0,4651,4653,C
2-PB1,1264,2,4652,0,4,4658,T
2-PB1,1265,2,1,0,4666,4669,C
2-PB1,1266,2,0,4664,0,4666,G
2-PB1,1267,4791,0,0,0,4791,A
2-PB1,1268,1,4791,0,2,4794,T
2-PB1,1269,4806,0,4,1,4811,A
2-PB1,1270,1,0,0,4803,4804,C
2-PB1,1271,2,4717,0,4,4723,T
2-PB1,1272,1,6,4726,1,4734,G
2-PB1,1273,4727,2,2,1,4732,A
2-PB1,1274,4798,2,2,0,4802,A
2-PB1,1275,1,4794,0,1,4796,T
2-PB1,1276,1,0,0,4733,4734,C
2-PB1,1277,1,4718,1,1,4721,T
2-PB1,1278,0,4701,0,3,4704,T
2-PB1,1279,0,2,4706,1,4709,G
2-PB1,1280,0,4,4712,1,4717,G
2-PB1,1281,4690,2,8,0,4700,A
2-PB1,1282,1,2,0,4710,4713,C
2-PB1,1283,4628,2,1,0,4631,A
2-PB1,1284,4635,0,0,0,4635,A
2-PB1,1285,4669,0,0,0,4669,A
2-PB1,1286,4663,1,6,2,4672,A
2-PB1,1287,0,5,4741,1,4747,G
2-PB1,1288,4746,1,2,0,4749,A
2-PB1,1289,4734,3,1,0,4738,A
2-PB1,1290,4751,0,3,2,4756,A
2-PB1,1291,1,4750,0,2,4753,T
2-PB1,1292,4762,0,2,0,4764,A
2-PB1,1293,2,1,0,4873,4876,C
2-PB1,1294,4834,0,3,0,4837,A
2-PB1,1295,0,3,1,4857,4861,C
2-PB1,1296,7,1,0,4792,4800,C
2-PB1,1297,4798,0,1,0,4799,A
2-PB1,1298,4845,0,1,1,4847,A
2-PB1,1299,0,2,4977,0,4979,G
2-PB1,1300,5054,0,5,0,5059,A
2-PB1,1301,0,1,3,5086,5090,C
2-PB1,1302,4987,1,3,0,4991,A
2-PB1,1303,5133,1,8,0,5142,A
2-PB1,1304,2,0,0,5155,5157,C
2-PB1,1305,5205,2,4,0,5211,A
2-PB1,1306,2,5221,0,3,5226,T
2-PB1,1307,5181,0,1,0,5182,A
2-PB1,1308,4,0,0,5249,5253,C
2-PB1,1309,0,5096,0,3,5099,T
2-PB1,1310,2,3,5138,1,5144,G
2-PB1,1311,1,2,5145,1,5149,G
2-PB1,1312,3,5046,0,5,5054,T
2-PB1,1313,2,12,5033,1,5048,G
2-PB1,1314,0,3,4995,0,4998,G
2-PB1,1315,1,1,5017,1,5020,G
2-PB1,1316,5010,0,8,0,5018,A
2-PB1,1317,1,4900,0,2,4903,T
2-PB1,1318,1,18,4864,1,4884,G
2-PB1,1319,4,2,4873,0,4879,G
2-PB1,1320,0,0,4895,0,4895,G
2-PB1,1321,0,1,0,4945,4946,C
2-PB1,1322,3,4913,0,10,4926,T
2-PB1,1323,3,4,0,4959,4966,C
2-PB1,1324,5,1,0,4949,4955,C
2-PB1,1325,4948,1,5,0,4954,A
2-PB1,1326,4961,0,1,1,4963,A
2-PB1,1327,2,4934,1,4,4941,T
2-PB1,1328,0,0,1,4918,4919,C
2-PB1,1329,4,1,0,4887,4892,C
2-PB1,1330,0,4853,0,6,4859,T
2-PB1,1331,5,0,0,4850,4855,C
2-PB1,1332,8,3,0,4832,4843,C
2-PB1,1333,1,3,4842,0,4846,G
2-PB1,1334,4849,1,0,0,4850,A
2-PB1,1335,0,2,0,4845,4847,C
2-PB1,1336,0,1,4847,0,4848,G
2-PB1,1337,4870,0,0,0,4870,A
2-PB1,1338,0,4854,1,1,4856,T
2-PB1,1339,1,4847,0,2,4850,T
2-PB1,1340,1,4836,0,3,4840,T
2-PB1,1341,1,4852,1,0,4854,T
2-PB1,1342,0,2,4857,0,4859,G
2-PB1,1343,1,1,0,4846,4848,C
2-PB1,1344,15,3,0,4828,4846,C
2-PB1,1345,13,2,0,4957,4972,C
2-PB1,1346,1,4894,0,7,4902,T
2-PB1,1347,4,2,0,5141,5147,C
2-PB1,1348,5161,0,0,0,5161,A
2-PB1,1349,0,5160,0,0,5160,T
2-PB1,1350,5156,0,2,0,5158,A
2-PB1,1351,4980,1,2,0,4983,A
2-PB1,1352,0,5013,0,3,5016,T
2-PB1,1353,1,3,5046,0,5050,G
2-PB1,1354,5047,0,3,1,5051,A
2-PB1,1355,5045,0,4,0,5049,A
2-PB1,1356,0,4716,0,2,4718,T
2-PB1,1357,3,5,4715,0,4723,G
2-PB1,1358,0,4,1,4752,4757,C
2-PB1,1359,4758,0,11,0,4769,A
2-PB1,1360,3,3,1,4771,4778,C
2-PB1,1361,9,1,2,4759,4771,C
2-PB1,1362,4740,1,0,0,4741,A
2-PB1,1363,4733,1,2,0,4736,A
2-PB1,1364,4730,0,1,0,4731,A
2-PB1,1365,0,4621,1,0,4622,T
2-PB1,1366,4,2,0,4746,4752,C
2-PB1,1367,4757,1,0,0,4758,A
2-PB1,1368,0,4752,0,0,4752,T
2-PB1,1369,0,0,4751,0,4751,G
2-PB1,1370,4746,1,4,0,4751,A
2-PB1,1371,1,13,4746,1,4761,G
2-PB1,1372,1,6,4727,0,4734,G
2-PB1,1373,3,2,4740,0,4745,G
2-PB1,1374,4729,1,5,0,4735,A
2-PB1,1375,4790,2,2,0,4794,A
2-PB1,1376,0,4793,0,1,4794,T
2-PB1,1377,4801,1,6,1,4809,A
2-PB1,1378,2,6,0,4813,4821,C
2-PB1,1379,4824,1,2,0,4827,A
2-PB1,1380,4818,1,11,0,4830,A
2-PB1,1381,0,1,4810,0,4811,G
2-PB1,1382,1,2,0,4780,4783,C
2-PB1,1383,4771,1,1,0,4773,A
2-PB1,1384,0,6,4808,1,4815,G
2-PB1,1385,2,5,4811,0,4818,G
2-PB1,1386,4801,0,4,0,4805,A
2-PB1,1387,2,14,4810,0,4826,G
2-PB1,1388,1,4743,0,1,4745,T
2-PB1,1389,1,2,4793,2,4798,G
2-PB1,1390,0,1,4812,0,4813,G
2-PB1,1391,4799,0,4,0,4803,A
2-PB1,1392,0,4803,0,0,4803,T
2-PB1,1393,4698,1,2,0,4701,A
2-PB1,1394,0,1,4730,0,4731,G
2-PB1,1395,4778,1,3,0,4782,A
2-PB1,1396,3,4775,1,1,4780,T
2-PB1,1397,0,4754,0,2,4756,T
2-PB1,1398,0,0,0,4884,4884,C
2-PB1,1399,1,4855,0,0,4856,T
2-PB1,1400,4852,0,1,0,4853,A
2-PB1,1401,1,0,1,4851,4853,C
2-PB1,1402,4741,5,1,0,4747,A
2-PB1,1403,0,8,4741,0,4749,G
2-PB1,1404,1,2,4681,0,4684,G
2-PB1,1405,4731,1,7,0,4739,A
2-PB1,1406,2,3,0,4715,4720,C
2-PB1,1407,1,3,0,4591,4595,C
2-PB1,1408,1,4523,0,42,4566,T
2-PB1,1409,3,1,4574,0,4578,G
2-PB1,1410,2,1,1,4565,4569,C
2-PB1,1411,4581,0,3,0,4584,A
2-PB1,1412,4608,0,8,0,4616,A
2-PB1,1413,0,1,4624,0,4625,G
2-PB1,1414,1,4548,0,4,4553,T
2-PB1,1415,0,4557,0,1,4558,T
2-PB1,1416,4500,1,1,0,4502,A
2-PB1,1417,0,0,4511,0,4511,G
2-PB1,1418,2,4484,0,2,4488,T
2-PB1,1419,1,10,4465,0,4476,G
2-PB1,1420,2,8,4461,1,4472,G
2-PB1,1421,2,6,4491,0,4499,G
2-PB1,1422,4467,2,2,0,4471,A
2-PB1,1423,4491,1,3,0,4495,A
2-PB1,1424,2,4483,0,1,4486,T
2-PB1,1425,3,0,0,4492,4495,C
2-PB1,1426,4478,1,5,0,4484,A
2-PB1,1427,4491,1,3,0,4495,A
2-PB1,1428,5,4,0,4483,4492,C
2-PB1,1429,4482,0,0,0,4482,A
2-PB1,1430,1,4394,0,1,4396,T
2-PB1,1431,1,8,4394,1,4404,G
2-PB1,1432,4396,1,4,1,4402,A
2-PB1,1433,0,2,4416,0,4418,G
2-PB1,1434,2,0,0,4399,4401,C
2-PB1,1435,4394,0,0,0,4394,A
2-PB1,1436,4392,2,1,0,4395,A
2-PB1,1437,4393,1,2,0,4396,A
2-PB1,1438,4419,1,3,0,4423,A
2-PB1,1439,4419,0,2,1,4422,A
2-PB1,1440,1,1,4416,0,4418,G
2-PB1,1441,4367,0,2,0,4369,A
2-PB1,1442,4318,1,5,0,4324,A
2-PB1,1443,2,1,4448,0,4451,G
2-PB1,1444,0,4426,0,2,4428,T
2-PB1,1445,5,1,1,4421,4428,C
2-PB1,1446,5,0,0,4446,4451,C
2-PB1,1447,0,4422,0,1,4423,T
2-PB1,1448,4467,0,3,1,4471,A
2-PB1,1449,0,4449,0,3,4452,T
2-PB1,1450,4455,1,0,0,4456,A
2-PB1,1451,3,4448,1,1,4453,T
2-PB1,1452,4319,0,0,1,4320,A
2-PB1,1453,4316,1,1,2,4320,A
2-PB1,1454,4288,0,1,0,4289,A
2-PB1,1455,1,4284,1,0,4286,T
2-PB1,1456,4239,0,2,1,4242,A
2-PB1,1457,4207,0,4,1,4212,A
2-PB1,1458,4218,1,1,0,4220,A
2-PB1,1459,4228,0,4,1,4233,A
2-PB1,1460,1,1,0,4240,4242,C
2-PB1,1461,4033,4,1,0,4038,A
2-PB1,1462,1,14,4012,0,4027,G
2-PB1,1463,1,4,4026,0,4031,G
2-PB1,1464,0,3,4027,0,4030,G
2-PB1,1465,4026,4,4,0,4034,A
2-PB1,1466,1,2,0,4046,4049,C
2-PB1,1467,4000,1,1,0,4002,A
2-PB1,1468,0,4014,0,2,4016,T
2-PB1,1469,1,4009,0,4,4014,T
2-PB1,1470,2,4016,0,1,4019,T
2-PB1,1471,1,5,4013,0,4019,G
2-PB1,1472,3988,0,2,0,3990,A
2-PB1,1473,3988,0,1,3,3992,A
2-PB1,1474,2,3985,0,5,3992,T
2-PB1,1475,0,3922,0,0,3922,T
2-PB1,1476,1,0,0,3950,3951,C
2-PB1,1477,3912,1,0,0,3913,A
2-PB1,1478,4,0,0,3921,3925,C
2-PB1,1479,1,3919,0,1,3921,T
2-PB1,1480,3914,0,0,0,3914,A
2-PB1,1481,1,0,3913,0,3914,G
2-PB1,1482,1,0,0,3905,3906,C
2-PB1,1483,0,3870,0,2,3872,T
2-PB1,1484,0,3919,0,1,3920,T
2-PB1,1485,0,3906,0,0,3906,T
2-PB1,1486,2,3904,0,1,3907,T
2-PB1,1487,0,3898,1,3,3902,T
2-PB1,1488,0,3899,0,1,3900,T
2-PB1,1489,0,3879,0,0,3879,T
2-PB1,1490,3882,0,1,0,3883,A
2-PB1,1491,1,3867,0,1,3869,T
2-PB1,1492,3,0,0,3870,3873,C
2-PB1,1493,3,2,3874,0,3879,G
2-PB1,1494,3958,0,2,1,3961,A
2-PB1,1495,0,3972,1,2,3975,T
2-PB1,1496,3967,1,3,0,3971,A
2-PB1,1497,0,3998,0,2,4000,T
2-PB1,1498,0,7,3985,1,3993,G
2-PB1,1499,0,4,4013,1,4018,G
2-PB1,1500,4017,0,3,0,4020,A
2-PB1,1501,1,3976,0,2,3979,T
2-PB1,1502,1,3934,1,1,3937,T
2-PB1,1503,0,3810,0,1,3811,T
2-PB1,1504,0,3,3816,0,3819,G
2-PB1,1505,1,3794,2,1,3798,T
2-PB1,1506,0,3,3795,0,3798,G
2-PB1,1507,0,0,3798,0,3798,G
2-PB1,1508,0,4,0,3751,3755,C
2-PB1,1509,0,3751,1,1,3753,T
2-PB1,1510,3762,0,0,0,3762,A
2-PB1,1511,3785,0,0,0,3785,A
2-PB1,1512,1,3796,0,1,3798,T
2-PB1,1513,1,3794,1,0,3796,T
2-PB1,1514,1,3800,0,1,3802,T
2-PB1,1515,0,3797,0,2,3799,T
2-PB1,1516,3792,1,4,0,3797,A
2-PB1,1517,0,1,3827,0,3828,G
2-PB1,1518,0,3,0,3819,3822,C
2-PB1,1519,3805,1,1,0,3807,A
2-PB1,1520,1,3755,0,0,3756,T
2-PB1,1521,0,4,3692,0,3696,G
2-PB1,1522,1,3,3728,0,3732,G
2-PB1,1523,3711,0,6,0,3717,A
2-PB1,1524,1,1,3725,0,3727,G
2-PB1,1525,0,1,0,3710,3711,C
2-PB1,1526,1,3670,0,4,3675,T
2-PB1,1527,1,3,3688,0,3692,G
2-PB1,1528,1,0,0,3671,3672,C
2-PB1,1529,5,0,2,3670,3677,C
2-PB1,1530,8,0,0,3687,3695,C
2-PB1,1531,3597,1,2,0,3600,A
2-PB1,1532,1,2,3739,0,3742,G
2-PB1,1533,0,3720,1,4,3725,T
2-PB1,1534,1,3721,0,2,3724,T
2-PB1,1535,2,3719,1,1,3723,T
2-PB1,1536,0,3685,0,4,3689,T
2-PB1,1537,0,5,3671,0,3676,G
2-PB1,1538,1,5,3676,0,3682,G
2-PB1,1539,3655,0,4,0,3659,A
2-PB1,1540,0,1,3659,0,3660,G
2-PB1,1541,0,3342,0,1,3343,T
2-PB1,1542,0,1,3446,1,3448,G
2-PB1,1543,0,3432,0,0,3432,T
2-PB1,1544,1,1,0,3432,3434,C
2-PB1,1545,0,3431,0,2,3433,T
2-PB1,1546,0,3,3438,0,3441,G
2-PB1,1547,1,0,3468,0,3469,G
2-PB1,1548,3466,1,0,0,3467,A
2-PB1,1549,3464,1,6,0,3471,A
2-PB1,1550,1,3463,0,0,3464,T
2-PB1,1551,3164,0,0,1,3165,A
2-PB1,1552,3157,1,3,0,3161,A
2-PB1,1553,3153,0,1,0,3154,A
2-PB1,1554,0,1,0,3165,3166,C
2-PB1,1555,1,1,3135,0,3137,G
2-PB1,1556,3068,0,2,0,3070,A
2-PB1,1557,1,1,3069,0,3071,G
2-PB1,1558,0,3061,0,1,3062,T
2-PB1,1559,2,3,1,3074,3080,C
2-PB1,1560,3060,1,5,0,3066,A
2-PB1,1561,0,2,3107,0,3109,G
2-PB1,1562,1,0,0,3098,3099,C
2-PB1,1563,1,3097,1,1,3100,T
2-PB1,1564,0,0,3166,0,3166,G
2-PB1,1565,3127,2,0,0,3129,A
2-PB1,1566,0,3128,1,0,3129,T
2-PB1,1567,3126,1,0,0,3127,A
2-PB1,1568,0,3070,0,2,3072,T
2-PB1,1569,1,2,3083,0,3086,G
2-PB1,1570,2941,0,8,0,2949,A
2-PB1,1571,1,1,2979,0,2981,G
2-PB1,1572,2,0,1,2987,2990,C
2-PB1,1573,2793,1,2,0,2796,A
2-PB1,1574,1,2784,0,1,2786,T
2-PB1,1575,0,2789,1,0,2790,T
2-PB1,1576,1,3,2800,0,2804,G
2-PB1,1577,0,1,2867,0,2868,G
2-PB1,1578,2799,0,0,0,2799,A
2-PB1,1579,2,0,2806,0,2808,G
2-PB1,1580,0,2670,0,1,2671,T
2-PB1,1581,2650,0,3,0,2653,A
2-PB1,1582,2651,0,1,0,2652,A
2-PB1,1583,0,0,0,2662,2662,C
2-PB1,1584,2631,0,1,0,2632,A
2-PB1,1585,0,0,2669,0,2669,G
2-PB1,1586,0,2283,0,1,2284,T
2-PB1,1587,1,1,2308,0,2310,G
2-PB1,1588,2318,1,0,0,2319,A
2-PB1,1589,0,2315,0,0,2315,T
2-PB1,1590,2310,0,0,0,2310,A
2-PB1,1591,2306,0,1,0,2307,A
2-PB1,1592,2215,0,4,0,2219,A
2-PB1,1593,1,1,2235,0,2237,G
2-PB1,1594,2086,0,0,0,2086,A
2-PB1,1595,2086,0,3,0,2089,A
2-PB1,1596,0,0,1,2088,2089,C
2-PB1,1597,1982,1,1,0,1984,A
2-PB1,1598,2002,0,0,0,2002,A
2-PB1,1599,1,1,0,2009,2011,C
2-PB1,1600,2016,1,2,0,2019,A
2-PB1,1601,0,2016,2,1,2019,T
2-PB1,1602,0,0,1942,0,1942,G
2-PB1,1603,1936,0,2,0,1938,A
2-PB1,1604,0,1937,0,0,1937,T
2-PB1,1605,1904,0,0,0,1904,A
2-PB1,1606,1914,0,0,0,1914,A
2-PB1,1607,1869,0,2,0,1871,A
2-PB1,1608,0,2,0,1876,1878,C
2-PB1,1609,1744,0,0,0,1744,A
2-PB1,1610,1733,2,0,0,1735,A
2-PB1,1611,0,1691,0,1,1692,T
2-PB1,1612,0,1,1686,0,1687,G
2-PB1,1613,1725,0,3,0,1728,A
2-PB1,1614,0,1,0,1747,1748,C
2-PB1,1615,1,0,0,1694,1695,C
2-PB1,1616,0,1591,0,2,1593,T
2-PB1,1617,0,1525,0,0,1525,T
2-PB1,1618,0,4,1524,0,1528,G
2-PB1,1619,0,3,1541,0,1544,G
2-PB1,1620,1556,0,3,0,1559,A
2-PB1,1621,1,1,0,1578,1580,C
2-PB1,1622,3,2,0,1551,1556,C
2-PB1,1623,1545,0,1,0,1546,A
2-PB1,1624,0,1,1564,0,1565,G
2-PB1,1625,0,1,0,1569,1570,C
2-PB1,1626,1572,0,0,0,1572,A
2-PB1,1627,1568,0,2,1,1571,A
2-PB1,1628,1,0,0,1567,1568,C
2-PB1,1629,1544,0,1,0,1545,A
2-PB1,1630,1,1,1568,0,1570,G
2-PB1,1631,0,0,0,1572,1572,C
2-PB1,1632,1,0,1,1565,1567,C
2-PB1,1633,5,0,1,1557,1563,C
2-PB1,1634,1557,0,0,0,1557,A
2-PB1,1635,1555,0,0,0,1555,A
2-PB1,1636,1559,0,0,0,1559,A
2-PB1,1637,0,1558,0,0,1558,T
2-PB1,1638,0,1,1553,0,1554,G
2-PB1,1639,1,0,1534,0,1535,G
2-PB1,1640,0,0,0,1538,1538,C
2-PB1,1641,1,1524,1,5,1531,T
2-PB1,1642,1,0,0,1558,1559,C
2-PB1,1643,1,1542,2,3,1548,T
2-PB1,1644,1,1,0,1562,1564,C
2-PB1,1645,0,0,0,1570,1570,C
2-PB1,1646,1569,0,0,0,1569,A
2-PB1,1647,1570,0,1,0,1571,A
2-PB1,1648,0,1568,0,1,1569,T
2-PB1,1649,0,1551,0,2,1553,T
2-PB1,1650,1,2,1558,0,1561,G
2-PB1,1651,0,1537,0,0,1537,T
2-PB1,1652,1,1537,0,1,1539,T
2-PB1,1653,0,6,0,1531,1537,C
2-PB1,1654,1535,1,0,0,1536,A
2-PB1,1655,0,1535,0,2,1537,T
2-PB1,1656,2,0,0,1533,1535,C
2-PB1,1657,1537,0,1,0,1538,A
2-PB1,1658,1538,0,1,0,1539,A
2-PB1,1659,1536,0,2,0,1538,A
2-PB1,1660,1,0,1576,0,1577,G
2-PB1,1661,1575,0,0,0,1575,A
2-PB1,1662,0,1577,0,0,1577,T
2-PB1,1663,1,1576,0,1,1578,T
2-PB1,1664,1578,1,1,0,1580,A
2-PB1,1665,0,0,0,1597,1597,C
2-PB1,1666,1588,1,1,0,1590,A
2-PB1,1667,0,0,1612,0,1612,G
2-PB1,1668,1594,0,1,0,1595,A
2-PB1,1669,0,1623,0,1,1624,T
2-PB1,1670,1624,1,0,0,1625,A
2-PB1,1671,0,0,0,1735,1735,C
2-PB1,1672,1763,0,5,0,1768,A
2-PB1,1673,1,0,0,1870,1871,C
2-PB1,1674,1855,0,0,0,1855,A
2-PB1,1675,1,1867,1,0,1869,T
2-PB1,1676,1851,0,0,0,1851,A
2-PB1,1677,0,1842,1,1,1844,T
2-PB1,1678,1796,2,0,0,1798,A
2-PB1,1679,0,2,1794,0,1796,G
2-PB1,1680,0,4,1778,0,1782,G
2-PB1,1681,1,1721,0,0,1722,T
2-PB1,1682,0,1,1695,0,1696,G
2-PB1,1683,0,0,0,1753,1753,C
2-PB1,1684,1,1,0,1757,1759,C
2-PB1,1685,1783,0,0,0,1783,A
2-PB1,1686,0,1780,0,1,1781,T
2-PB1,1687,1793,0,0,0,1793,A
2-PB1,1688,0,1,1790,0,1791,G
2-PB1,1689,1748,0,1,1,1750,A
2-PB1,1690,0,0,1751,0,1751,G
2-PB1,1691,0,2,1752,0,1754,G
2-PB1,1692,1675,0,3,0,1678,A
2-PB1,1693,0,1,1689,1,1691,G
2-PB1,1694,1673,0,1,1,1675,A
2-PB1,1695,1,1,0,1676,1678,C
2-PB1,1696,1670,0,3,0,1673,A
2-PB1,1697,1,1,0,1692,1694,C
2-PB1,1698,1691,2,2,0,1695,A
2-PB1,1699,1,1,0,1699,1701,C
2-PB1,1700,1687,0,0,0,1687,A
2-PB1,1701,1700,0,0,0,1700,A
2-PB1,1702,1722,0,0,0,1722,A
2-PB1,1703,0,1719,0,1,1720,T
2-PB1,1704,2,0,0,1719,1721,C
2-PB1,1705,2,1,0,1714,1717,C
2-PB1,1706,1699,1,2,0,1702,A
2-PB1,1707,0,3,1699,0,1702,G
2-PB1,1708,1699,0,1,0,1700,A
2-PB1,1709,0,1,0,1709,1710,C
2-PB1,1710,0,1,1705,0,1706,G
2-PB1,1711,1697,0,2,0,1699,A
2-PB1,1712,0,1,1701,0,1702,G
2-PB1,1713,1698,0,1,1,1700,A
2-PB1,1714,1702,0,1,2,1705,A
2-PB1,1715,2,0,1708,0,1710,G
2-PB1,1716,1697,0,3,0,1700,A
2-PB1,1717,0,1687,1,0,1688,T
2-PB1,1718,2,0,0,1685,1687,C
2-PB1,1719,1693,1,0,0,1694,A
2-PB1,1720,0,1688,0,0,1688,T
2-PB1,1721,1,1687,0,1,1689,T
2-PB1,1722,2,0,1,1686,1689,C
2-PB1,1723,1,1,1686,0,1688,G
2-PB1,1724,1680,0,1,0,1681,A
2-PB1,1725,0,0,1680,0,1680,G
2-PB1,1726,1668,1,1,0,1670,A
2-PB1,1727,0,1729,0,1,1730,T
2-PB1,1728,1732,0,3,0,1735,A
2-PB1,1729,1744,0,0,0,1744,A
2-PB1,1730,1743,0,1,0,1744,A
2-PB1,1731,2,2,1740,0,1744,G
2-PB1,1732,1741,0,2,0,1743,A
2-PB1,1733,1710,0,0,1,1711,A
2-PB1,1734,0,0,1714,0,1714,G
2-PB1,1735,0,0,0,1715,1715,C
2-PB1,1736,0,1689,0,4,1693,T
2-PB1,1737,0,0,1705,0,1705,G
2-PB1,1738,0,1696,0,0,1696,T
2-PB1,1739,2,5,1680,0,1687,G
2-PB1,1740,0,3,1684,0,1687,G
2-PB1,1741,2,0,1705,0,1707,G
2-PB1,1742,1702,1,1,0,1704,A
2-PB1,1743,0,1683,0,0,1683,T
2-PB1,1744,3,1,0,1677,1681,C
2-PB1,1745,1683,1,1,0,1685,A
2-PB1,1746,1689,0,2,0,1691,A
2-PB1,1747,1698,0,2,0,1700,A
2-PB1,1748,1,0,0,1688,1689,C
2-PB1,1749,4,1,0,1683,1688,C
2-PB1,1750,5,0,0,1685,1690,C
2-PB1,1751,1693,0,1,0,1694,A
2-PB1,1752,1715,0,0,0,1715,A
2-PB1,1753,0,1717,0,1,1718,T
2-PB1,1754,1,0,0,1720,1721,C
2-PB1,1755,1711,0,1,1,1713,A
2-PB1,1756,1701,0,1,0,1702,A
2-PB1,1757,0,9,1710,0,1719,G
2-PB1,1758,1,1,1711,0,1713,G
2-PB1,1759,0,0,1712,0,1712,G
2-PB1,1760,0,1,0,1710,1711,C
2-PB1,1761,1690,0,2,0,1692,A
2-PB1,1762,2,1,1734,0,1737,G
2-PB1,1763,1,5,1742,0,1748,G
2-PB1,1764,1752,0,1,0,1753,A
2-PB1,1765,0,0,0,1775,1775,C
2-PB1,1766,0,1741,0,0,1741,T
2-PB1,1767,1780,0,0,0,1780,A
2-PB1,1768,0,1776,0,1,1777,T
2-PB1,1769,0,1776,0,0,1776,T
2-PB1,1770,1,1,1776,1,1779,G
2-PB1,1771,0,0,1776,0,1776,G
2-PB1,1772,0,1761,0,1,1762,T
2-PB1,1773,1755,0,0,0,1755,A
2-PB1,1774,0,1728,1,0,1729,T
2-PB1,1775,1,0,1,1738,1740,C
2-PB1,1776,1699,1,0,0,1700,A
2-PB1,1777,1,0,1716,0,1717,G
2-PB1,1778,1706,0,1,0,1707,A
2-PB1,1779,0,1708,0,0,1708,T
2-PB1,1780,0,4,1642,0,1646,G
2-PB1,1781,0,6,1631,0,1637,G
2-PB1,1782,0,4,1637,0,1641,G
2-PB1,1783,0,1,1637,0,1638,G
2-PB1,1784,1,1,1652,0,1654,G
2-PB1,1785,1651,1,1,0,1653,A
2-PB1,1786,0,0,0,1641,1641,C
2-PB1,1787,2,0,0,1627,1629,C
2-PB1,1788,1636,0,1,0,1637,A
2-PB1,1789,1756,0,1,0,1757,A
2-PB1,1790,1764,0,1,0,1765,A
2-PB1,1791,2,0,1,1798,1801,C
2-PB1,1792,0,1780,0,3,1783,T
2-PB1,1793,0,1785,1,0,1786,T
2-PB1,1794,1794,0,1,0,1795,A
2-PB1,1795,0,1797,0,0,1797,T
2-PB1,1796,1801,0,0,0,1801,A
2-PB1,1797,1,0,0,1806,1807,C
2-PB1,1798,1679,1,1,0,1681,A
2-PB1,1799,1685,0,1,1,1687,A
2-PB1,1800,1,1646,1,1,1649,T
2-PB1,1801,1668,0,0,0,1668,A
2-PB1,1802,0,1667,0,2,1669,T
2-PB1,1803,0,0,0,1667,1667,C
2-PB1,1804,0,0,0,1656,1656,C
2-PB1,1805,0,1,1663,0,1664,G
2-PB1,1806,0,2,1659,0,1661,G
2-PB1,1807,1668,0,1,1,1670,A
2-PB1,1808,1673,0,0,0,1673,A
2-PB1,1809,0,1675,0,0,1675,T
2-PB1,1810,0,0,0,1694,1694,C
2-PB1,1811,0,1684,0,1,1685,T
2-PB1,1812,1,1692,1,2,1696,T
2-PB1,1813,3,0,0,1697,1700,C
2-PB1,1814,1698,2,0,0,1700,A
2-PB1,1815,2,34,0,1672,1708,C
2-PB1,1816,1706,0,0,0,1706,A
2-PB1,1817,0,1837,0,0,1837,T
2-PB1,1818,1,1,0,1834,1836,C
2-PB1,1819,4,0,0,1833,1837,C
2-PB1,1820,8,1,0,1833,1842,C
2-PB1,1821,0,1839,0,2,1841,T
2-PB1,1822,0,0,1854,0,1854,G
2-PB1,1823,1850,0,0,0,1850,A
2-PB1,1824,1851,0,1,0,1852,A
2-PB1,1825,12,1,1840,0,1853,G
2-PB1,1826,1,1768,0,1,1770,T
2-PB1,1827,0,0,0,1773,1773,C
2-PB1,1828,1,1741,0,1,1743,T
2-PB1,1829,0,0,1792,0,1792,G
2-PB1,1830,0,0,0,1792,1792,C
2-PB1,1831,1,1788,0,4,1793,T
2-PB1,1832,1,1792,0,0,1793,T
2-PB1,1833,1785,0,0,0,1785,A
2-PB1,1834,1786,1,0,0,1787,A
2-PB1,1835,1801,0,0,0,1801,A
2-PB1,1836,0,1,1804,0,1805,G
2-PB1,1837,0,1771,0,1,1772,T
2-PB1,1838,0,2,1742,0,1744,G
2-PB1,1839,0,2,1747,0,1749,G
2-PB1,1840,2,4,1748,1,1755,G
2-PB1,1841,1734,0,1,0,1735,A
2-PB1,1842,1,0,1749,0,1750,G
2-PB1,1843,10,1,0,1739,1750,C
2-PB1,1844,0,1747,0,0,1747,T
2-PB1,1845,0,1,1749,0,1750,G
2-PB1,1846,1742,1,2,0,1745,A
2-PB1,1847,0,1741,0,0,1741,T
2-PB1,1848,0,1,1747,0,1748,G
2-PB1,1849,0,1,1755,0,1756,G
2-PB1,1850,1749,0,1,0,1750,A
2-PB1,1851,0,1741,0,0,1741,T
2-PB1,1852,1,1,1744,0,1746,G
2-PB1,1853,1736,0,2,0,1738,A
2-PB1,1854,0,3,1757,1,1761,G
2-PB1,1855,1758,0,1,0,1759,A
2-PB1,1856,1762,1,0,0,1763,A
2-PB1,1857,0,1752,0,0,1752,T
2-PB1,1858,0,1739,0,1,1740,T
2-PB1,1859,1747,0,0,0,1747,A
2-PB1,1860,1,1747,1,0,1749,T
2-PB1,1861,0,0,0,1749,1749,C
2-PB1,1862,1,1,1759,0,1761,G
2-PB1,1863,0,3,1744,0,1747,G
2-PB1,1864,0,5,1731,0,1736,G
2-PB1,1865,1,0,1737,0,1738,G
2-PB1,1866,1734,0,2,0,1736,A
2-PB1,1867,1736,0,0,0,1736,A
2-PB1,1868,0,2,1747,0,1749,G
2-PB1,1869,1766,0,1,0,1767,A
2-PB1,1870,0,1,0,1775,1776,C
2-PB1,1871,0,1759,0,0,1759,T
2-PB1,1872,2,1784,0,0,1786,T
2-PB1,1873,0,1795,0,1,1796,T
2-PB1,1874,0,3,1814,1,1818,G
2-PB1,1875,2,1812,0,0,1814,T
2-PB1,1876,1804,0,0,0,1804,A
2-PB1,1877,1800,0,2,0,1802,A
2-PB1,1878,0,1763,0,2,1765,T
2-PB1,1879,2,0,0,1778,1780,C
2-PB1,1880,1,0,0,1774,1775,C
2-PB1,1881,3,0,0,1775,1778,C
2-PB1,1882,4,0,0,1780,1784,C
2-PB1,1883,1,1784,0,0,1785,T
2-PB1,1884,0,2,1783,0,1785,G
2-PB1,1885,1777,1,0,1,1779,A
2-PB1,1886,1795,1,0,0,1796,A
2-PB1,1887,0,1801,0,0,1801,T
2-PB1,1888,3,0,0,1794,1797,C
2-PB1,1889,0,0,0,1790,1790,C
2-PB1,1890,5,2,0,1772,1779,C
2-PB1,1891,0,1769,0,0,1769,T
2-PB1,1892,0,1776,0,1,1777,T
2-PB1,1893,0,1778,0,0,1778,T
2-PB1,1894,0,1,1775,0,1776,G
2-PB1,1895,0,1757,0,3,1760,T
2-PB1,1896,1,0,0,1761,1762,C
2-PB1,1897,1744,1,4,0,1749,A
2-PB1,1898,1,0,1775,0,1776,G
2-PB1,1899,4,0,0,1764,1768,C
2-PB1,1900,1,1,0,1764,1766,C
2-PB1,1901,1769,0,0,0,1769,A
2-PB1,1902,0,1776,0,1,1777,T
2-PB1,1903,1778,0,0,0,1778,A
2-PB1,1904,1782,0,1,0,1783,A
2-PB1,1905,1780,0,0,0,1780,A
2-PB1,1906,0,0,1800,0,1800,G
2-PB1,1907,1739,0,3,0,1742,A
2-PB1,1908,1736,0,0,0,1736,A
2-PB1,1909,1746,0,1,0,1747,A
2-PB1,1910,1,1743,1,0,1745,T
2-PB1,1911,0,1743,0,0,1743,T
2-PB1,1912,1,2,1739,0,1742,G
2-PB1,1913,1730,0,2,0,1732,A
2-PB1,1914,0,1,1750,0,1751,G
2-PB1,1915,1,1729,0,0,1730,T
2-PB1,1916,2,1,0,1746,1749,C
2-PB1,1917,0,1739,0,1,1740,T
2-PB1,1918,1,0,1781,0,1782,G
2-PB1,1919,0,1780,1,1,1782,T
2-PB1,1920,1803,0,2,0,1805,A
2-PB1,1921,1802,1,0,0,1803,A
2-PB1,1922,1798,0,1,1,1800,A
2-PB1,1923,2,1,0,1796,1799,C
2-PB1,1924,1759,0,0,0,1759,A
2-PB1,1925,1793,0,0,0,1793,A
2-PB1,1926,0,1789,0,0,1789,T
2-PB1,1927,0,0,1775,0,1775,G
2-PB1,1928,0,1,0,1786,1787,C
2-PB1,1929,0,1767,0,3,1770,T
2-PB1,1930,3,1,1814,0,1818,G
2-PB1,1931,1,1817,0,0,1818,T
2-PB1,1932,1851,0,0,0,1851,A
2-PB1,1933,0,0,1858,0,1858,G
2-PB1,1934,1,1820,0,0,1821,T
2-PB1,1935,1810,0,0,0,1810,A
2-PB1,1936,1793,0,1,0,1794,A
2-PB1,1937,0,1775,0,0,1775,T
2-PB1,1938,1,0,1772,0,1773,G
2-PB1,1939,2,0,0,1751,1753,C
2-PB1,1940,0,1,0,1745,1746,C
2-PB1,1941,1720,0,1,0,1721,A
2-PB1,1942,1,1,1736,0,1738,G
2-PB1,1943,1,2,0,1784,1787,C
2-PB1,1944,2,0,0,1784,1786,C
2-PB1,1945,5,0,1,1781,1787,C
2-PB1,1946,1775,0,4,0,1779,A
2-PB1,1947,0,1781,0,1,1782,T
2-PB1,1948,0,2,1780,0,1782,G
2-PB1,1949,0,0,1783,0,1783,G
2-PB1,1950,0,1774,0,0,1774,T
2-PB1,1951,3,0,0,1758,1761,C
2-PB1,1952,2,0,0,1709,1711,C
2-PB1,1953,1,2,1728,0,1731,G
2-PB1,1954,3,0,1733,0,1736,G
2-PB1,1955,1,1,0,1723,1725,C
2-PB1,1956,0,0,0,1734,1734,C
2-PB1,1957,1726,0,0,0,1726,A
2-PB1,1958,1731,0,0,0,1731,A
2-PB1,1959,1736,0,0,0,1736,A
2-PB1,1960,1741,0,0,0,1741,A
2-PB1,1961,1,1,1765,0,1767,G
2-PB1,1962,0,1726,0,1,1727,T
2-PB1,1963,1741,0,2,0,1743,A
2-PB1,1964,0,1745,0,0,1745,T
2-PB1,1965,1,1,1746,0,1748,G
2-PB1,1966,0,2,1773,0,1775,G
2-PB1,1967,1766,0,0,0,1766,A
2-PB1,1968,1784,0,0,0,1784,A
2-PB1,1969,0,1780,0,0,1780,T
2-PB1,1970,1753,0,0,0,1753,A
2-PB1,1971,0,1726,0,24,1750,T
2-PB1,1972,0,0,1744,0,1744,G
2-PB1,1973,1756,0,1,0,1757,A
2-PB1,1974,0,1750,0,0,1750,T
2-PB1,1975,0,0,1694,1,1695,G
2-PB1,1976,0,0,0,1690,1690,C
2-PB1,1977,0,1648,0,0,1648,T
2-PB1,1978,0,2,1676,0,1678,G
2-PB1,1979,0,1675,0,1,1676,T
2-PB1,1980,0,1680,0,1,1681,T
2-PB1,1981,0,0,1685,0,1685,G
2-PB1,1982,0,2,0,1700,1702,C
2-PB1,1983,1702,1,0,0,1703,A
2-PB1,1984,1732,1,1,0,1734,A
2-PB1,1985,0,0,0,1729,1729,C
2-PB1,1986,0,1721,0,0,1721,T
2-PB1,1987,1709,0,1,0,1710,A
2-PB1,1988,0,0,0,1711,1711,C
2-PB1,1989,1710,0,0,0,1710,A
2-PB1,1990,1,0,0,1707,1708,C
2-PB1,1991,1669,0,0,0,1669,A
2-PB1,1992,0,0,0,1783,1783,C
2-PB1,1993,0,1761,0,3,1764,T
2-PB1,1994,3,0,0,1767,1770,C
2-PB1,1995,0,0,0,1772,1772,C
2-PB1,1996,1,1762,0,0,1763,T
2-PB1,1997,1,0,1760,0,1761,G
2-PB1,1998,0,1,1764,0,1765,G
2-PB1,1999,1758,0,1,0,1759,A
2-PB1,2000,0,1764,0,1,1765,T
2-PB1,2001,0,1627,0,1,1628,T
2-PB1,2002,2,0,0,1648,1650,C
2-PB1,2003,1,1,0,1636,1638,C
2-PB1,2004,2,1,0,1650,1653,C
2-PB1,2005,1652,0,1,1,1654,A
2-PB1,2006,1657,0,0,0,1657,A
2-PB1,2007,0,0,1662,0,1662,G
2-PB1,2008,1656,1,1,0,1658,A
2-PB1,2009,1,4,1656,0,1661,G
2-PB1,2010,0,1,1663,1,1665,G
2-PB1,2011,1648,0,1,0,1649,A
2-PB1,2012,1641,1,1,0,1643,A
2-PB1,2013,1,1,0,1643,1645,C
2-PB1,2014,1,0,0,1622,1623,C
2-PB1,2015,1,0,1647,0,1648,G
2-PB1,2016,0,0,0,1643,1643,C
2-PB1,2017,0,1643,1,0,1644,T
2-PB1,2018,2,0,0,1655,1657,C
2-PB1,2019,0,1641,0,0,1641,T
2-PB1,2020,1743,0,0,1,1744,A
2-PB1,2021,0,1744,0,4,1748,T
2-PB1,2022,0,1762,0,0,1762,T
2-PB1,2023,0,0,1,1766,1767,C
2-PB1,2024,0,1730,0,0,1730,T
2-PB1,2025,1736,0,0,0,1736,A
2-PB1,2026,1729,0,2,0,1731,A
2-PB1,2027,1734,0,0,0,1734,A
2-PB1,2028,1,2,0,1731,1734,C
2-PB1,2029,1632,0,0,0,1632,A
2-PB1,2030,1,0,0,1633,1634,C
2-PB1,2031,1617,0,0,0,1617,A
2-PB1,2032,1625,0,3,0,1628,A
2-PB1,2033,0,0,1629,1,1630,G
2-PB1,2034,2,0,0,1629,1631,C
2-PB1,2035,1,1,0,1635,1637,C
2-PB1,2036,1622,0,0,0,1622,A
2-PB1,2037,1618,0,2,0,1620,A
2-PB1,2038,1615,0,1,0,1616,A
2-PB1,2039,0,3,1625,0,1628,G
2-PB1,2040,0,1,1625,0,1626,G
2-PB1,2041,0,3,1609,0,1612,G
2-PB1,2042,2,0,1610,0,1612,G
2-PB1,2043,1595,0,1,1,1597,A
2-PB1,2044,1602,0,1,0,1603,A
2-PB1,2045,1,1606,0,0,1607,T
2-PB1,2046,1,1609,0,1,1611,T
2-PB1,2047,0,0,0,1615,1615,C
2-PB1,2048,0,1601,0,2,1603,T
2-PB1,2049,0,1601,0,0,1601,T
2-PB1,2050,0,0,1600,0,1600,G
2-PB1,2051,1597,1,2,1,1601,A
2-PB1,2052,0,0,1610,0,1610,G
2-PB1,2053,1,1,1605,0,1607,G
2-PB1,2054,1603,0,0,0,1603,A
2-PB1,2055,0,1600,0,1,1601,T
2-PB1,2056,1,1,1600,0,1602,G
2-PB1,2057,1602,1,1,0,1604,A
2-PB1,2058,1600,2,3,0,1605,A
2-PB1,2059,2,0,0,1611,1613,C
2-PB1,2060,1601,0,0,0,1601,A
2-PB1,2061,0,1,1622,0,1623,G
2-PB1,2062,1608,0,1,0,1609,A
2-PB1,2063,0,1608,0,1,1609,T
2-PB1,2064,0,0,1619,0,1619,G
2-PB1,2065,0,1634,0,0,1634,T
2-PB1,2066,1642,0,0,0,1642,A
2-PB1,2067,1,0,0,1634,1635,C
2-PB1,2068,1,0,0,1625,1626,C
2-PB1,2069,1609,0,0,0,1609,A
2-PB1,2070,0,0,1587,1,1588,G
2-PB1,2071,1563,1,1,0,1565,A
2-PB1,2072,1563,0,2,0,1565,A
2-PB1,2073,0,0,1567,0,1567,G
2-PB1,2074,0,1475,0,1,1476,T
2-PB1,2075,0,1,1473,0,1474,G
2-PB1,2076,1,0,0,1471,1472,C
2-PB1,2077,1,1462,0,2,1465,T
2-PB1,2078,1,1,1460,0,1462,G
2-PB1,2079,0,0,0,1463,1463,C
2-PB1,2080,1454,0,0,0,1454,A
2-PB1,2081,1461,0,1,0,1462,A
2-PB1,2082,0,0,0,1446,1446,C
2-PB1,2083,1,1433,0,2,1436,T
2-PB1,2084,0,1421,0,0,1421,T
2-PB1,2085,0,0,1418,0,1418,G
2-PB1,2086,0,1419,0,0,1419,T
2-PB1,2087,1,1417,0,0,1418,T
2-PB1,2088,2,0,0,1414,1416,C
2-PB1,2089,1,1,1410,0,1412,G
2-PB1,2090,1416,1,0,0,1417,A
2-PB1,2091,0,1,1416,0,1417,G
2-PB1,2092,1417,0,0,0,1417,A
2-PB1,2093,1419,0,0,0,1419,A
2-PB1,2094,1417,0,0,0,1417,A
2-PB1,2095,0,1416,0,1,1417,T
2-PB1,2096,0,1412,0,0,1412,T
2-PB1,2097,0,1417,0,1,1418,T
2-PB1,2098,0,1415,0,1,1416,T
2-PB1,2099,0,1410,0,0,1410,T
2-PB1,2100,1,1,0,1419,1421,C
2-PB1,2101,0,3,0,1419,1422,C
2-PB1,2102,2,0,0,1413,1415,C
2-PB1,2103,0,1416,0,0,1416,T
2-PB1,2104,1414,0,0,0,1414,A
2-PB1,2105,0,2,1418,0,1420,G
2-PB1,2106,1,1421,0,0,1422,T
2-PB1,2107,1429,0,0,0,1429,A
2-PB1,2108,0,1,1435,0,1436,G
2-PB1,2109,0,1418,0,2,1420,T
2-PB1,2110,0,1459,0,6,1465,T
2-PB1,2111,2,0,0,1471,1473,C
2-PB1,2112,1493,0,1,0,1494,A
2-PB1,2113,0,1496,0,0,1496,T
2-PB1,2114,1509,0,0,1,1510,A
2-PB1,2115,0,1510,0,0,1510,T
2-PB1,2116,1464,0,1,0,1465,A
2-PB1,2117,0,0,1459,0,1459,G
2-PB1,2118,0,1,1450,0,1451,G
2-PB1,2119,1304,0,1,0,1305,A
2-PB1,2120,0,1,1302,0,1303,G
2-PB1,2121,1238,0,0,0,1238,A
2-PB1,2122,0,1,0,1230,1231,C
2-PB1,2123,1,0,0,1187,1188,C
2-PB1,2124,0,1,1187,0,1188,G
2-PB1,2125,1186,0,1,0,1187,A
2-PB1,2126,1,1176,1,0,1178,T
2-PB1,2127,0,1177,0,0,1177,T
2-PB1,2128,0,1,1180,0,1181,G
2-PB1,2129,0,2,1180,0,1182,G
2-PB1,2130,1178,0,0,0,1178,A
2-PB1,2131,1181,0,0,0,1181,A
2-PB1,2132,0,1176,0,1,1177,T
2-PB1,2133,0,1189,0,0,1189,T
2-PB1,2134,0,1186,0,0,1186,T
2-PB1,2135,2,0,0,1186,1188,C
2-PB1,2136,0,1188,0,1,1189,T
2-PB1,2137,1188,0,1,0,1189,A
2-PB1,2138,1,1,1191,0,1193,G
2-PB1,2139,0,0,0,1188,1188,C
2-PB1,2140,1189,0,0,0,1189,A
2-PB1,2141,0,1185,0,0,1185,T
2-PB1,2142,0,0,1169,0,1169,G
2-PB1,2143,0,1,1194,0,1195,G
2-PB1,2144,0,1194,0,0,1194,T
2-PB1,2145,2,1,1187,0,1190,G
2-PB1,2146,0,0,1191,0,1191,G
2-PB1,2147,1167,0,3,0,1170,A
2-PB1,2148,0,0,1180,0,1180,G
2-PB1,2149,0,1,1166,0,1167,G
2-PB1,2150,1,1,0,1164,1166,C
2-PB1,2151,1,1,0,1150,1152,C
2-PB1,2152,1082,0,1,0,1083,A
2-PB1,2153,0,1086,0,0,1086,T
2-PB1,2154,0,0,1101,0,1101,G
2-PB1,2155,0,0,1098,0,1098,G
2-PB1,2156,0,1088,0,1,1089,T
2-PB1,2157,1028,0,0,0,1028,A
2-PB1,2158,0,1064,0,0,1064,T
2-PB1,2159,1,0,0,1068,1069,C
2-PB1,2160,0,1067,0,0,1067,T
2-PB1,2161,1039,1,0,0,1040,A
2-PB1,2162,0,0,1037,0,1037,G
2-PB1,2163,0,0,998,0,998,G
2-PB1,2164,0,0,988,0,988,G
2-PB1,2165,0,1,0,968,969,C
2-PB1,2166,2,0,0,957,959,C
2-PB1,2167,1,0,1,946,948,C
2-PB1,2168,1,0,949,0,950,G
2-PB1,2169,0,0,953,0,953,G
2-PB1,2170,951,0,0,0,951,A
2-PB1,2171,0,947,0,0,947,T
2-PB1,2172,0,925,0,0,925,T
2-PB1,2173,0,1,920,1,922,G
2-PB1,2174,916,0,0,0,916,A
2-PB1,2175,0,916,0,0,916,T
2-PB1,2176,1,0,914,0,915,G
2-PB1,2177,1,1,0,901,903,C
2-PB1,2178,1,0,0,905,906,C
2-PB1,2179,902,1,0,0,903,A
2-PB1,2180,0,0,904,0,904,G
2-PB1,2181,903,0,0,0,903,A
2-PB1,2182,902,0,0,0,902,A
2-PB1,2183,0,902,0,0,902,T
2-PB1,2184,1,885,0,2,888,T
2-PB1,2185,0,2,887,0,889,G
2-PB1,2186,885,1,0,0,886,A
2-PB1,2187,0,0,0,882,882,C
2-PB1,2188,0,877,0,0,877,T
2-PB1,2189,0,870,0,0,870,T
2-PB1,2190,1,0,1,868,870,C
2-PB1,2191,0,0,869,0,869,G
2-PB1,2192,866,0,0,0,866,A
2-PB1,2193,0,0,855,0,855,G
2-PB1,2194,0,858,0,0,858,T
2-PB1,2195,1,0,0,858,859,C
2-PB1,2196,0,858,0,0,858,T
2-PB1,2197,2,0,858,0,860,G
2-PB1,2198,0,0,860,0,860,G
2-PB1,2199,858,1,1,0,860,A
2-PB1,2200,795,0,0,1,796,A
2-PB1,2201,0,0,803,0,803,G
2-PB1,2202,0,1,805,1,807,G
2-PB1,2203,806,0,1,0,807,A
2-PB1,2204,0,538,0,259,797,T
2-PB1,2205,0,795,0,0,795,T
2-PB1,2206,794,0,1,0,795,A
2-PB1,2207,794,0,0,0,794,A
2-PB1,2208,0,0,796,0,796,G
2-PB1,2209,760,0,2,0,762,A
2-PB1,2210,649,0,0,0,649,A
2-PB1,2211,1,1,586,0,588,G
2-PB1,2212,0,0,579,0,579,G
2-PB1,2213,582,0,0,0,582,A
2-PB1,2214,582,0,0,0,582,A
2-PB1,2215,0,1,582,0,583,G
2-PB1,2216,564,0,0,0,564,A
2-PB1,2217,0,0,565,0,565,G
2-PB1,2218,1,537,0,1,539,T
2-PB1,2219,0,531,0,0,531,T
2-PB1,2220,1,0,0,533,534,C
2-PB1,2221,1,516,0,1,518,T
2-PB1,2222,2,0,0,519,521,C
2-PB1,2223,0,518,0,1,519,T
2-PB1,2224,0,0,518,1,519,G
2-PB1,2225,509,0,0,0,509,A
2-PB1,2226,0,0,503,0,503,G
2-PB1,2227,501,0,1,0,502,A
2-PB1,2228,0,486,0,0,486,T
2-PB1,2229,0,1,0,461,462,C
2-PB1,2230,463,0,0,0,463,A
2-PB1,2231,0,461,0,0,461,T
2-PB1,2232,1,1,458,0,460,G
2-PB1,2233,453,1,0,0,454,A
2-PB1,2234,0,0,431,0,431,G
2-PB1,2235,0,0,434,0,434,G
2-PB1,2236,432,1,0,0,433,A
2-PB1,2237,0,434,0,1,435,T
2-PB1,2238,0,0,0,430,430,C
2-PB1,2239,0,406,0,0,406,T
2-PB1,2240,0,0,408,0,408,G
2-PB1,2241,0,406,0,0,406,T
2-PB1,2242,0,406,0,0,406,T
2-PB1,2243,0,0,0,402,402,C
2-PB1,2244,0,1,0,378,379,C
2-PB1,2245,380,0,0,0,380,A
2-PB1,2246,0,0,0,381,381,C
2-PB1,2247,3,0,0,352,355,C
2-PB1,2248,341,0,1,0,342,A
2-PB1,2249,0,310,0,0,310,T
2-PB1,2250,0,298,0,0,298,T
2-PB1,2251,0,0,297,0,297,G
2-PB1,2252,296,0,0,0,296,A
2-PB1,2253,295,0,1,0,296,A
2-PB1,2254,0,0,296,0,296,G
2-PB1,2255,266,0,0,0,266,A
2-PB1,2256,265,0,0,0,265,A
2-PB1,2257,0,0,0,263,263,C
2-PB1,2258,0,249,0,1,250,T
2-PB1,2259,0,0,1,249,250,C
2-PB1,2260,242,0,0,0,242,A
2-PB1,2261,0,0,241,0,241,G
2-PB1,2262,241,0,0,0,241,A
2-PB1,2263,0,0,0,225,225,C
2-PB1,2264,0,0,210,0,210,G
2-PB1,2265,0,0,202,0,202,G
2-PB1,2266,0,0,0,203,203,C
2-PB1,2267,203,0,0,0,203,A
2-PB1,2268,202,0,0,0,202,A
2-PB1,2269,201,0,0,1,202,A
2-PB1,2270,201,0,0,0,201,A
2-PB1,2271,201,0,0,0,201,A
2-PB1,2272,0,196,0,0,196,T
2-PB1,2273,189,0,0,0,189,A
2-PB1,2274,190,0,0,0,190,A
3-PA,1,15,0,0,0,15,A
3-PA,2,0,15,0,0,15,T
3-PA,3,0,0,17,0,17,G
3-PA,4,0,0,17,0,17,G
3-PA,5,17,0,0,0,17,A
3-PA,6,17,0,0,0,17,A
3-PA,7,0,0,17,0,17,G
3-PA,8,18,0,0,0,18,A
3-PA,9,0,18,0,0,18,T
3-PA,10,0,17,0,0,17,T
3-PA,11,0,18,0,0,18,T
3-PA,12,0,18,0,0,18,T
3-PA,13,0,0,21,0,21,G
3-PA,14,0,21,0,0,21,T
3-PA,15,0,0,21,0,21,G
3-PA,16,0,0,0,21,21,C
3-PA,17,0,0,21,0,21,G
3-PA,18,0,0,21,0,21,G
3-PA,19,0,0,0,23,23,C
3-PA,20,23,0,0,0,23,A
3-PA,21,24,0,0,0,24,A
3-PA,22,0,24,0,0,24,T
3-PA,23,0,0,25,0,25,G
3-PA,24,0,0,0,26,26,C
3-PA,25,0,26,0,0,26,T
3-PA,26,0,26,0,0,26,T
3-PA,27,0,0,0,27,27,C
3-PA,28,27,0,0,0,27,A
3-PA,29,29,0,0,0,29,A
3-PA,30,0,0,0,30,30,C
3-PA,31,0,0,0,29,29,C
3-PA,32,0,0,0,30,30,C
3-PA,33,0,0,30,0,30,G
3-PA,34,30,0,0,0,30,A
3-PA,35,0,30,0,0,30,T
3-PA,36,0,0,31,0,31,G
3-PA,37,31,0,0,0,31,A
3-PA,38,0,31,0,0,31,T
3-PA,39,0,31,0,0,31,T
3-PA,40,0,0,31,0,31,G
3-PA,41,0,31,0,0,31,T
3-PA,42,0,0,0,31,31,C
3-PA,43,0,0,30,0,30,G
3-PA,44,34,0,0,0,34,A
3-PA,45,34,0,0,0,34,A
3-PA,46,0,0,0,34,34,C
3-PA,47,0,34,0,0,34,T
3-PA,48,0,34,0,0,34,T
3-PA,49,0,0,35,0,35,G
3-PA,50,0,0,0,35,35,C
3-PA,51,35,0,0,0,35,A
3-PA,52,0,0,35,0,35,G
3-PA,53,35,0,0,0,35,A
3-PA,54,35,0,0,0,35,A
3-PA,55,35,0,0,0,35,A
3-PA,56,35,0,0,0,35,A
3-PA,57,34,0,1,0,35,A
3-PA,58,0,0,37,0,37,G
3-PA,59,0,0,0,37,37,C
3-PA,60,38,0,0,0,38,A
3-PA,61,38,0,0,0,38,A
3-PA,62,0,38,0,0,38,T
3-PA,63,0,0,38,0,38,G
3-PA,64,38,0,0,0,38,A
3-PA,65,38,0,0,0,38,A
3-PA,66,39,0,0,0,39,A
3-PA,67,0,0,41,0,41,G
3-PA,68,45,0,0,0,45,A
3-PA,69,0,0,50,0,50,G
3-PA,70,0,50,0,0,50,T
3-PA,71,50,0,0,0,50,A
3-PA,72,0,50,0,0,50,T
3-PA,73,0,0,50,0,50,G
3-PA,74,0,0,52,0,52,G
3-PA,75,0,0,52,0,52,G
3-PA,76,0,0,52,0,52,G
3-PA,77,52,0,0,0,52,A
3-PA,78,0,0,52,0,52,G
3-PA,79,0,1,52,0,53,G
3-PA,80,52,0,2,0,54,A
3-PA,81,0,54,0,0,54,T
3-PA,82,0,0,0,54,54,C
3-PA,83,0,53,0,0,53,T
3-PA,84,0,0,53,0,53,G
3-PA,85,53,0,0,0,53,A
3-PA,86,53,0,0,0,53,A
3-PA,87,52,0,1,0,53,A
3-PA,88,54,0,0,0,54,A
3-PA,89,0,54,0,0,54,T
3-PA,90,0,54,0,0,54,T
3-PA,91,0,0,54,0,54,G
3-PA,92,53,0,1,0,54,A
3-PA,93,54,0,0,0,54,A
3-PA,94,53,0,0,0,53,A
3-PA,95,0,0,0,53,53,C
3-PA,96,0,0,0,54,54,C
3-PA,97,54,0,0,0,54,A
3-PA,98,55,0,0,0,55,A
3-PA,99,0,0,0,55,55,C
3-PA,100,55,0,0,0,55,A
3-PA,101,55,0,0,0,55,A
3-PA,102,55,0,0,0,55,A
3-PA,103,0,55,0,0,55,T
3-PA,104,0,55,0,0,55,T
3-PA,105,0,55,0,0,55,T
3-PA,106,0,0,55,0,55,G
3-PA,107,0,0,0,55,55,C
3-PA,108,55,0,0,0,55,A
3-PA,109,0,0,58,0,58,G
3-PA,110,0,0,0,58,58,C
3-PA,111,60,0,0,0,60,A
3-PA,112,61,0,0,0,61,A
3-PA,113,0,63,0,0,63,T
3-PA,114,65,1,0,0,66,A
3-PA,115,0,66,0,0,66,T
3-PA,116,0,0,67,0,67,G
3-PA,117,0,0,0,65,65,C
3-PA,118,67,0,0,0,67,A
3-PA,119,0,0,0,69,69,C
3-PA,120,0,66,0,1,67,T
3-PA,121,0,0,0,86,86,C
3-PA,122,88,0,0,0,88,A
3-PA,123,0,0,0,89,89,C
3-PA,124,0,89,0,0,89,T
3-PA,125,0,88,0,0,88,T
3-PA,126,0,1,89,0,90,G
3-PA,127,0,0,89,0,89,G
3-PA,128,88,0,1,0,89,A
3-PA,129,0,0,91,0,91,G
3-PA,130,0,0,91,0,91,G
3-PA,131,0,89,0,0,89,T
3-PA,132,0,0,93,0,93,G
3-PA,133,0,92,0,1,93,T
3-PA,134,0,0,96,0,96,G
3-PA,135,0,97,0,0,97,T
3-PA,136,0,97,0,0,97,T
3-PA,137,0,97,0,0,97,T
3-PA,138,0,0,0,98,98,C
3-PA,139,98,0,0,0,98,A
3-PA,140,0,98,0,0,98,T
3-PA,141,0,0,99,0,99,G
3-PA,142,0,98,0,0,98,T
3-PA,143,97,1,0,0,98,A
3-PA,144,0,97,0,0,97,T
3-PA,145,0,98,0,0,98,T
3-PA,146,0,0,0,98,98,C
3-PA,147,96,0,0,0,96,A
3-PA,148,0,0,98,0,98,G
3-PA,149,97,0,0,0,97,A
3-PA,150,0,99,0,0,99,T
3-PA,151,0,99,0,0,99,T
3-PA,152,0,99,0,0,99,T
3-PA,153,0,0,0,98,98,C
3-PA,154,0,0,0,103,103,C
3-PA,155,102,0,0,0,102,A
3-PA,156,0,102,1,0,103,T
3-PA,157,0,101,0,0,101,T
3-PA,158,0,99,0,0,99,T
3-PA,159,0,0,0,100,100,C
3-PA,160,100,0,0,0,100,A
3-PA,161,0,102,0,0,102,T
3-PA,162,0,0,0,102,102,C
3-PA,163,102,0,0,0,102,A
3-PA,164,103,0,0,0,103,A
3-PA,165,0,103,0,0,103,T
3-PA,166,0,0,109,0,109,G
3-PA,167,109,0,0,0,109,A
3-PA,168,109,0,0,0,109,A
3-PA,169,0,0,0,108,108,C
3-PA,170,108,0,0,0,108,A
3-PA,171,110,0,0,0,110,A
3-PA,172,0,0,108,0,108,G
3-PA,173,0,0,109,0,109,G
3-PA,174,0,0,0,108,108,C
3-PA,175,0,0,109,0,109,G
3-PA,176,113,0,0,0,113,A
3-PA,177,114,0,0,0,114,A
3-PA,178,0,114,0,0,114,T
3-PA,179,0,0,0,115,115,C
3-PA,180,115,0,0,0,115,A
3-PA,181,115,0,0,0,115,A
3-PA,182,0,117,0,0,117,T
3-PA,183,117,0,0,0,117,A
3-PA,184,0,0,120,0,120,G
3-PA,185,0,118,0,0,118,T
3-PA,186,0,0,119,0,119,G
3-PA,187,0,0,117,0,117,G
3-PA,188,0,119,0,0,119,T
3-PA,189,118,0,0,0,118,A
3-PA,190,0,0,118,0,118,G
3-PA,191,119,0,0,0,119,A
3-PA,192,117,0,0,0,117,A
3-PA,193,0,0,0,120,120,C
3-PA,194,0,119,0,0,119,T
3-PA,195,0,121,0,0,121,T
3-PA,196,0,0,121,0,121,G
3-PA,197,120,0,0,0,120,A
3-PA,198,0,0,0,120,120,C
3-PA,199,0,1,119,0,120,G
3-PA,200,122,0,0,0,122,A
3-PA,201,0,121,0,1,122,T
3-PA,202,1,0,0,123,124,C
3-PA,203,0,0,0,125,125,C
3-PA,204,124,0,0,0,124,A
3-PA,205,124,0,0,0,124,A
3-PA,206,125,0,0,0,125,A
3-PA,207,0,125,0,1,126,T
3-PA,208,0,0,124,0,124,G
3-PA,209,0,0,0,126,126,C
3-PA,210,124,1,0,0,125,A
3-PA,211,0,0,0,128,128,C
3-PA,212,0,127,0,0,127,T
3-PA,213,0,0,152,0,152,G
3-PA,214,0,151,0,1,152,T
3-PA,215,0,151,0,0,151,T
3-PA,216,151,0,0,0,151,A
3-PA,217,150,0,0,0,150,A
3-PA,218,150,0,0,0,150,A
3-PA,219,0,0,151,0,151,G
3-PA,220,0,0,0,149,149,C
3-PA,221,146,0,0,0,146,A
3-PA,222,0,0,0,147,147,C
3-PA,223,141,0,0,0,141,A
3-PA,224,0,0,144,0,144,G
3-PA,225,144,0,0,0,144,A
3-PA,226,0,144,0,0,144,T
3-PA,227,0,142,0,1,143,T
3-PA,228,0,143,0,0,143,T
3-PA,229,1,0,143,0,144,G
3-PA,230,144,0,0,0,144,A
3-PA,231,144,0,0,0,144,A
3-PA,232,143,0,0,0,143,A
3-PA,233,0,139,0,0,139,T
3-PA,234,138,0,0,0,138,A
3-PA,235,139,0,0,0,139,A
3-PA,236,0,139,0,0,139,T
3-PA,237,0,0,0,139,139,C
3-PA,238,0,0,139,0,139,G
3-PA,239,139,0,0,0,139,A
3-PA,240,0,0,141,0,141,G
3-PA,241,0,0,143,0,143,G
3-PA,242,0,0,143,0,143,G
3-PA,243,0,0,144,0,144,G
3-PA,244,142,0,1,0,143,A
3-PA,245,0,0,143,0,143,G
3-PA,246,146,0,0,0,146,A
3-PA,247,0,0,146,0,146,G
3-PA,248,145,0,0,0,145,A
3-PA,249,0,0,0,144,144,C
3-PA,250,144,0,0,0,144,A
3-PA,251,0,0,150,0,150,G
3-PA,252,149,0,0,0,149,A
3-PA,253,151,0,0,0,151,A
3-PA,254,0,0,0,151,151,C
3-PA,255,144,0,0,0,144,A
3-PA,256,145,0,0,0,145,A
3-PA,257,0,145,0,0,145,T
3-PA,258,0,1,150,0,151,G
3-PA,259,1,0,150,0,151,G
3-PA,260,0,0,0,148,148,C
3-PA,261,0,0,0,150,150,C
3-PA,262,0,150,0,1,151,T
3-PA,263,0,0,153,0,153,G
3-PA,264,0,1,154,0,155,G
3-PA,265,155,0,0,0,155,A
3-PA,266,0,0,0,155,155,C
3-PA,267,147,0,0,0,147,A
3-PA,268,1,0,164,0,165,G
3-PA,269,0,165,0,0,165,T
3-PA,270,169,0,0,0,169,A
3-PA,271,0,0,170,0,170,G
3-PA,272,0,168,0,0,168,T
3-PA,273,168,0,0,0,168,A
3-PA,274,168,0,0,0,168,A
3-PA,275,166,0,0,0,166,A
3-PA,276,1,0,0,166,167,C
3-PA,277,162,0,0,0,162,A
3-PA,278,0,0,166,0,166,G
3-PA,279,0,165,0,0,165,T
3-PA,280,168,0,0,0,168,A
3-PA,281,0,168,0,0,168,T
3-PA,282,0,0,0,170,170,C
3-PA,283,0,170,0,0,170,T
3-PA,284,0,0,170,0,170,G
3-PA,285,1,0,0,170,171,C
3-PA,286,171,0,0,0,171,A
3-PA,287,172,0,0,0,172,A
3-PA,288,0,0,0,173,173,C
3-PA,289,170,0,1,0,171,A
3-PA,290,0,0,0,174,174,C
3-PA,291,0,174,0,0,174,T
3-PA,292,174,0,0,0,174,A
3-PA,293,0,0,0,174,174,C
3-PA,294,0,174,0,0,174,T
3-PA,295,0,0,174,0,174,G
3-PA,296,0,0,172,0,172,G
3-PA,297,173,0,0,0,173,A
3-PA,298,0,0,173,0,173,G
3-PA,299,0,0,0,171,171,C
3-PA,300,0,172,0,0,172,T
3-PA,301,0,0,172,0,172,G
3-PA,302,0,0,172,0,172,G
3-PA,303,173,0,0,0,173,A
3-PA,304,173,0,0,0,173,A
3-PA,305,173,0,0,0,173,A
3-PA,306,173,0,0,0,173,A
3-PA,307,0,0,0,172,172,C
3-PA,308,0,0,0,173,173,C
3-PA,309,0,0,174,0,174,G
3-PA,310,174,0,0,0,174,A
3-PA,311,173,0,0,0,173,A
3-PA,312,0,0,173,0,173,G
3-PA,313,0,172,0,0,172,T
3-PA,314,0,172,0,0,172,T
3-PA,315,0,175,0,0,175,T
3-PA,316,0,0,0,173,173,C
3-PA,317,0,175,0,0,175,T
3-PA,318,175,0,0,0,175,A
3-PA,319,0,0,0,174,174,C
3-PA,320,0,0,0,175,175,C
3-PA,321,172,0,0,0,172,A
3-PA,322,0,1,173,0,174,G
3-PA,323,173,0,0,0,173,A
3-PA,324,0,173,0,0,173,T
3-PA,325,0,174,0,0,174,T
3-PA,326,0,174,0,0,174,T
3-PA,327,0,0,175,0,175,G
3-PA,328,0,174,0,0,174,T
3-PA,329,175,0,0,0,175,A
3-PA,330,1,174,0,0,175,T
3-PA,331,0,0,174,0,174,G
3-PA,332,182,0,0,0,182,A
3-PA,333,0,182,0,0,182,T
3-PA,334,0,180,0,0,180,T
3-PA,335,182,0,0,0,182,A
3-PA,336,0,0,0,179,179,C
3-PA,337,178,0,1,0,179,A
3-PA,338,179,0,0,0,179,A
3-PA,339,2,1,176,0,179,G
3-PA,340,0,1,180,0,181,G
3-PA,341,176,1,0,0,177,A
3-PA,342,0,0,177,0,177,G
3-PA,343,178,0,0,0,178,A
3-PA,344,176,0,1,0,177,A
3-PA,345,0,0,0,178,178,C
3-PA,346,177,0,0,0,177,A
3-PA,347,0,0,177,0,177,G
3-PA,348,178,0,0,0,178,A
3-PA,349,0,176,0,0,176,T
3-PA,350,0,174,0,1,175,T
3-PA,351,0,0,0,173,173,C
3-PA,352,172,0,0,0,172,A
3-PA,353,0,170,0,3,173,T
3-PA,354,1,0,0,172,173,C
3-PA,355,0,0,171,0,171,G
3-PA,356,174,0,0,0,174,A
3-PA,357,174,0,0,0,174,A
3-PA,358,173,0,0,0,173,A
3-PA,359,0,173,0,0,173,T
3-PA,360,0,171,0,0,171,T
3-PA,361,0,0,173,0,173,G
3-PA,362,0,0,176,0,176,G
3-PA,363,0,1,175,0,176,G
3-PA,364,0,0,176,0,176,G
3-PA,365,0,173,0,0,173,T
3-PA,366,173,0,0,0,173,A
3-PA,367,176,0,0,0,176,A
3-PA,368,0,0,0,184,184,C
3-PA,369,185,0,0,0,185,A
3-PA,370,182,0,1,0,183,A
3-PA,371,0,1,182,0,183,G
3-PA,372,0,0,184,0,184,G
3-PA,373,182,0,0,0,182,A
3-PA,374,0,1,183,0,184,G
3-PA,375,184,0,0,0,184,A
3-PA,376,0,0,183,0,183,G
3-PA,377,182,0,0,0,182,A
3-PA,378,179,0,1,0,180,A
3-PA,379,0,0,186,0,186,G
3-PA,380,0,184,0,0,184,T
3-PA,381,0,0,0,185,185,C
3-PA,382,0,0,0,186,186,C
3-PA,383,188,0,0,0,188,A
3-PA,384,0,0,0,191,191,C
3-PA,385,199,0,0,0,199,A
3-PA,386,0,202,0,0,202,T
3-PA,387,206,0,0,0,206,A
3-PA,388,0,205,0,0,205,T
3-PA,389,204,0,0,0,204,A
3-PA,390,0,201,0,0,201,T
3-PA,391,0,202,0,0,202,T
3-PA,392,206,0,0,0,206,A
3-PA,393,0,0,0,206,206,C
3-PA,394,0,0,0,196,196,C
3-PA,395,0,196,0,0,196,T
3-PA,396,0,187,0,0,187,T
3-PA,397,0,0,188,0,188,G
3-PA,398,188,0,0,0,188,A
3-PA,399,187,0,0,0,187,A
3-PA,400,188,0,0,0,188,A
3-PA,401,179,0,0,0,179,A
3-PA,402,0,0,179,0,179,G
3-PA,403,0,0,180,0,180,G
3-PA,404,0,0,0,180,180,C
3-PA,405,0,0,0,180,180,C
3-PA,406,177,0,0,0,177,A
3-PA,407,177,0,0,0,177,A
3-PA,408,0,179,0,0,179,T
3-PA,409,178,0,1,0,179,A
3-PA,410,179,0,0,0,179,A
3-PA,411,0,0,184,0,184,G
3-PA,412,184,0,0,0,184,A
3-PA,413,0,184,0,0,184,T
3-PA,414,0,183,0,0,183,T
3-PA,415,182,0,0,0,182,A
3-PA,416,182,0,0,0,182,A
3-PA,417,183,0,0,0,183,A
3-PA,418,0,185,0,0,185,T
3-PA,419,0,0,0,185,185,C
3-PA,420,0,178,0,0,178,T
3-PA,421,0,0,182,0,182,G
3-PA,422,181,0,0,0,181,A
3-PA,423,0,0,184,0,184,G
3-PA,424,183,0,0,0,183,A
3-PA,425,183,0,0,0,183,A
3-PA,426,0,0,0,184,184,C
3-PA,427,182,0,0,0,182,A
3-PA,428,0,0,0,183,183,C
3-PA,429,180,0,0,0,180,A
3-PA,430,0,0,0,181,181,C
3-PA,431,179,0,0,0,179,A
3-PA,432,0,0,0,177,177,C
3-PA,433,175,0,1,0,176,A
3-PA,434,0,176,0,0,176,T
3-PA,435,0,175,0,0,175,T
3-PA,436,0,0,0,177,177,C
3-PA,437,176,0,0,0,176,A
3-PA,438,0,0,0,179,179,C
3-PA,439,176,0,0,0,176,A
3-PA,440,0,176,0,0,176,T
3-PA,441,0,167,0,0,167,T
3-PA,442,0,168,0,1,169,T
3-PA,443,0,169,0,0,169,T
3-PA,444,0,0,0,171,171,C
3-PA,445,0,169,0,0,169,T
3-PA,446,0,0,0,170,170,C
3-PA,447,170,0,0,0,170,A
3-PA,448,0,170,0,0,170,T
3-PA,449,0,171,0,0,171,T
3-PA,450,0,0,0,174,174,C
3-PA,451,173,0,0,0,173,A
3-PA,452,0,0,0,174,174,C
3-PA,453,0,171,0,1,172,T
3-PA,454,0,0,174,0,174,G
3-PA,455,0,2,173,0,175,G
3-PA,456,0,0,175,0,175,G
3-PA,457,0,0,175,0,175,G
3-PA,458,173,0,1,0,174,A
3-PA,459,0,0,174,0,174,G
3-PA,460,0,0,174,0,174,G
3-PA,461,169,0,0,0,169,A
3-PA,462,168,0,0,0,168,A
3-PA,463,168,0,0,0,168,A
3-PA,464,0,165,0,0,165,T
3-PA,465,0,0,165,0,165,G
3-PA,466,0,0,164,0,164,G
3-PA,467,0,0,0,165,165,C
3-PA,468,2,0,0,164,166,C
3-PA,469,167,0,0,0,167,A
3-PA,470,0,0,0,168,168,C
3-PA,471,168,0,0,0,168,A
3-PA,472,169,0,0,0,169,A
3-PA,473,169,0,0,0,169,A
3-PA,474,0,0,167,0,167,G
3-PA,475,0,0,165,0,165,G
3-PA,476,0,0,0,165,165,C
3-PA,477,164,0,0,0,164,A
3-PA,478,0,0,168,0,168,G
3-PA,479,168,0,0,0,168,A
3-PA,480,0,0,0,172,172,C
3-PA,481,0,171,0,0,171,T
3-PA,482,170,0,0,0,170,A
3-PA,483,0,0,0,169,169,C
3-PA,484,164,0,0,0,164,A
3-PA,485,0,0,0,167,167,C
3-PA,486,0,162,0,0,162,T
3-PA,487,0,0,0,163,163,C
3-PA,488,0,160,0,0,160,T
3-PA,489,0,0,0,157,157,C
3-PA,490,0,0,156,0,156,G
3-PA,491,154,0,0,0,154,A
3-PA,492,1,0,0,153,154,C
3-PA,493,0,0,154,0,154,G
3-PA,494,153,0,0,0,153,A
3-PA,495,0,0,154,0,154,G
3-PA,496,0,0,153,0,153,G
3-PA,497,154,0,0,0,154,A
3-PA,498,153,0,0,0,153,A
3-PA,499,153,0,0,0,153,A
3-PA,500,0,0,153,0,153,G
3-PA,501,0,0,0,153,153,C
3-PA,502,152,0,1,0,153,A
3-PA,503,0,0,159,0,159,G
3-PA,504,0,1,158,0,159,G
3-PA,505,0,0,161,0,161,G
3-PA,506,0,0,0,160,160,C
3-PA,507,0,161,0,0,161,T
3-PA,508,161,0,0,0,161,A
3-PA,509,1,0,162,0,163,G
3-PA,510,0,0,175,0,175,G
3-PA,511,176,0,0,0,176,A
3-PA,512,0,171,0,0,171,T
3-PA,513,0,169,0,0,169,T
3-PA,514,167,1,0,0,168,A
3-PA,515,167,0,1,0,168,A
3-PA,516,0,0,168,0,168,G
3-PA,517,168,0,0,0,168,A
3-PA,518,0,0,0,167,167,C
3-PA,519,0,0,0,161,161,C
3-PA,520,160,0,1,0,161,A
3-PA,521,0,0,159,0,159,G
3-PA,522,0,0,162,0,162,G
3-PA,523,0,0,0,162,162,C
3-PA,524,0,157,0,1,158,T
3-PA,525,0,1,162,0,163,G
3-PA,526,1,162,0,0,163,T
3-PA,527,0,161,0,0,161,T
3-PA,528,0,162,0,0,162,T
3-PA,529,162,0,0,0,162,A
3-PA,530,0,0,0,167,167,C
3-PA,531,0,0,0,156,156,C
3-PA,532,156,0,0,0,156,A
3-PA,533,0,156,0,0,156,T
3-PA,534,149,0,0,0,149,A
3-PA,535,149,0,0,0,149,A
3-PA,536,0,0,153,0,153,G
3-PA,537,153,0,0,0,153,A
3-PA,538,0,0,0,151,151,C
3-PA,539,143,0,0,0,143,A
3-PA,540,143,0,0,0,143,A
3-PA,541,0,1,146,0,147,G
3-PA,542,146,0,0,0,146,A
3-PA,543,146,0,0,0,146,A
3-PA,544,144,0,0,0,144,A
3-PA,545,0,141,0,0,141,T
3-PA,546,0,1,140,0,141,G
3-PA,547,0,0,141,0,141,G
3-PA,548,0,0,0,141,141,C
3-PA,549,1,0,0,140,141,C
3-PA,550,142,0,0,0,142,A
3-PA,551,147,0,0,0,147,A
3-PA,552,0,0,0,148,148,C
3-PA,553,147,0,0,0,147,A
3-PA,554,0,0,146,0,146,G
3-PA,555,140,0,1,0,141,A
3-PA,556,0,0,142,0,142,G
3-PA,557,0,0,140,0,140,G
3-PA,558,0,0,0,140,140,C
3-PA,559,1,0,0,144,145,C
3-PA,560,0,141,0,0,141,T
3-PA,561,0,0,0,148,148,C
3-PA,562,0,149,0,0,149,T
3-PA,563,0,0,149,0,149,G
3-PA,564,0,0,149,0,149,G
3-PA,565,0,0,150,0,150,G
3-PA,566,150,0,0,0,150,A
3-PA,567,0,146,0,0,146,T
3-PA,568,0,144,0,0,144,T
3-PA,569,0,0,0,164,164,C
3-PA,570,0,0,0,164,164,C
3-PA,571,0,160,0,0,160,T
3-PA,572,0,160,0,0,160,T
3-PA,573,0,161,0,0,161,T
3-PA,574,0,0,1,162,163,C
3-PA,575,0,0,163,0,163,G
3-PA,576,0,164,0,0,164,T
3-PA,577,0,0,0,164,164,C
3-PA,578,162,0,0,0,162,A
3-PA,579,0,0,213,0,213,G
3-PA,580,0,212,0,0,212,T
3-PA,581,0,0,0,213,213,C
3-PA,582,0,0,0,217,217,C
3-PA,583,0,11,207,0,218,G
3-PA,584,219,0,0,0,219,A
3-PA,585,220,0,0,0,220,A
3-PA,586,220,0,0,0,220,A
3-PA,587,0,0,223,0,223,G
3-PA,588,216,0,1,0,217,A
3-PA,589,0,0,220,0,220,G
3-PA,590,0,0,222,0,222,G
3-PA,591,0,0,0,221,221,C
3-PA,592,0,0,220,0,220,G
3-PA,593,219,1,0,0,220,A
3-PA,594,222,0,0,0,222,A
3-PA,595,0,0,223,0,223,G
3-PA,596,225,0,1,0,226,A
3-PA,597,225,0,0,0,225,A
3-PA,598,224,1,0,0,225,A
3-PA,599,1,0,0,225,226,C
3-PA,600,228,0,0,0,228,A
3-PA,601,229,0,0,0,229,A
3-PA,602,0,227,0,0,227,T
3-PA,603,0,229,0,0,229,T
3-PA,604,0,0,227,0,227,G
3-PA,605,227,0,0,0,227,A
3-PA,606,228,0,0,0,228,A
3-PA,607,0,0,229,0,229,G
3-PA,608,228,1,0,0,229,A
3-PA,609,229,0,0,0,229,A
3-PA,610,229,0,0,0,229,A
3-PA,611,230,0,0,0,230,A
3-PA,612,229,0,0,0,229,A
3-PA,613,0,229,0,0,229,T
3-PA,614,0,229,0,0,229,T
3-PA,615,0,229,0,0,229,T
3-PA,616,1,0,228,0,229,G
3-PA,617,227,0,1,0,228,A
3-PA,618,228,0,0,0,228,A
3-PA,619,229,0,0,0,229,A
3-PA,620,0,236,0,0,236,T
3-PA,621,0,0,0,262,262,C
3-PA,622,260,0,0,0,260,A
3-PA,623,0,0,0,265,265,C
3-PA,624,263,0,0,0,263,A
3-PA,625,0,0,267,0,267,G
3-PA,626,0,0,291,0,291,G
3-PA,627,297,0,0,0,297,A
3-PA,628,312,0,0,0,312,A
3-PA,629,0,0,0,315,315,C
3-PA,630,0,306,0,0,306,T
3-PA,631,318,0,0,0,318,A
3-PA,632,0,319,0,0,319,T
3-PA,633,0,0,324,0,324,G
3-PA,634,0,0,0,323,323,C
3-PA,635,0,0,323,0,323,G
3-PA,636,0,0,0,319,319,C
3-PA,637,321,0,0,0,321,A
3-PA,638,0,0,330,0,330,G
3-PA,639,1,0,327,0,328,G
3-PA,640,0,0,0,329,329,C
3-PA,641,0,327,0,0,327,T
3-PA,642,0,324,0,0,324,T
3-PA,643,1,0,329,0,330,G
3-PA,644,0,0,0,331,331,C
3-PA,645,0,0,0,330,330,C
3-PA,646,0,0,331,0,331,G
3-PA,647,328,0,1,0,329,A
3-PA,648,0,0,0,331,331,C
3-PA,649,0,0,0,329,329,C
3-PA,650,333,0,0,0,333,A
3-PA,651,338,0,0,0,338,A
3-PA,652,336,0,0,0,336,A
3-PA,653,0,0,344,0,344,G
3-PA,654,0,345,0,0,345,T
3-PA,655,0,0,0,349,349,C
3-PA,656,0,348,0,0,348,T
3-PA,657,1,0,0,345,346,C
3-PA,658,0,0,0,349,349,C
3-PA,659,1,0,0,347,348,C
3-PA,660,351,0,0,0,351,A
3-PA,661,0,0,0,351,351,C
3-PA,662,1,0,0,345,346,C
3-PA,663,0,0,347,0,347,G
3-PA,664,350,0,0,0,350,A
3-PA,665,347,0,0,0,347,A
3-PA,666,1,0,0,356,357,C
3-PA,667,0,356,0,1,357,T
3-PA,668,0,363,0,1,364,T
3-PA,669,0,0,0,367,367,C
3-PA,670,0,366,0,0,366,T
3-PA,671,0,0,0,367,367,C
3-PA,672,0,0,0,367,367,C
3-PA,673,0,362,0,0,362,T
3-PA,674,0,0,368,0,368,G
3-PA,675,0,0,0,365,365,C
3-PA,676,0,0,0,366,366,C
3-PA,677,0,366,0,0,366,T
3-PA,678,0,363,0,0,363,T
3-PA,679,0,0,363,0,363,G
3-PA,680,361,0,0,0,361,A
3-PA,681,0,0,369,0,369,G
3-PA,682,368,0,0,0,368,A
3-PA,683,370,0,0,0,370,A
3-PA,684,0,376,0,1,377,T
3-PA,685,0,376,0,0,376,T
3-PA,686,0,378,1,0,379,T
3-PA,687,0,378,0,0,378,T
3-PA,688,379,0,0,0,379,A
3-PA,689,0,1,378,0,379,G
3-PA,690,379,0,1,0,380,A
3-PA,691,0,0,389,0,389,G
3-PA,692,1,0,0,391,392,C
3-PA,693,0,0,0,396,396,C
3-PA,694,0,404,0,0,404,T
3-PA,695,427,0,0,0,427,A
3-PA,696,0,426,0,0,426,T
3-PA,697,0,0,434,0,434,G
3-PA,698,0,432,0,1,433,T
3-PA,699,0,1,436,0,437,G
3-PA,700,0,1,432,0,433,G
3-PA,701,432,0,0,0,432,A
3-PA,702,0,429,0,0,429,T
3-PA,703,0,0,425,0,425,G
3-PA,704,0,0,437,0,437,G
3-PA,705,436,1,0,0,437,A
3-PA,706,0,435,0,0,435,T
3-PA,707,0,431,0,0,431,T
3-PA,708,0,0,0,432,432,C
3-PA,709,4,0,429,0,433,G
3-PA,710,433,0,0,0,433,A
3-PA,711,435,0,0,0,435,A
3-PA,712,0,0,0,435,435,C
3-PA,713,1,0,0,429,430,C
3-PA,714,0,0,428,0,428,G
3-PA,715,430,0,0,0,430,A
3-PA,716,430,0,0,0,430,A
3-PA,717,0,0,0,438,438,C
3-PA,718,0,0,433,0,433,G
3-PA,719,0,1,441,0,442,G
3-PA,720,0,0,0,442,442,C
3-PA,721,0,441,0,0,441,T
3-PA,722,0,0,451,0,451,G
3-PA,723,0,0,0,453,453,C
3-PA,724,454,0,1,0,455,A
3-PA,725,0,455,0,0,455,T
3-PA,726,0,454,0,1,455,T
3-PA,727,0,0,454,0,454,G
3-PA,728,439,0,1,0,440,A
3-PA,729,0,1,445,0,446,G
3-PA,730,0,0,448,0,448,G
3-PA,731,0,0,443,0,443,G
3-PA,732,0,0,0,442,442,C
3-PA,733,443,0,0,0,443,A
3-PA,734,446,0,1,0,447,A
3-PA,735,0,0,447,0,447,G
3-PA,736,0,0,0,452,452,C
3-PA,737,0,450,0,0,450,T
3-PA,738,0,450,0,0,450,T
3-PA,739,0,453,0,0,453,T
3-PA,740,0,0,0,453,453,C
3-PA,741,0,451,0,1,452,T
3-PA,742,1,0,0,449,450,C
3-PA,743,451,0,0,0,451,A
3-PA,744,446,0,0,0,446,A
3-PA,745,446,0,1,0,447,A
3-PA,746,0,442,0,0,442,T
3-PA,747,0,0,460,0,460,G
3-PA,748,0,459,0,0,459,T
3-PA,749,1,1,0,459,461,C
3-PA,750,0,0,0,463,463,C
3-PA,751,462,0,0,0,462,A
3-PA,752,461,0,0,0,461,A
3-PA,753,462,0,0,0,462,A
3-PA,754,0,0,469,0,469,G
3-PA,755,468,0,0,0,468,A
3-PA,756,459,0,3,0,462,A
3-PA,757,0,0,464,0,464,G
3-PA,758,0,462,0,1,463,T
3-PA,759,0,0,463,0,463,G
3-PA,760,463,0,0,0,463,A
3-PA,761,462,0,1,0,463,A
3-PA,762,0,463,0,0,463,T
3-PA,763,0,0,455,2,457,G
3-PA,764,0,0,0,461,461,C
3-PA,765,0,0,0,458,458,C
3-PA,766,1,0,0,460,461,C
3-PA,767,463,0,0,0,463,A
3-PA,768,466,0,1,0,467,A
3-PA,769,466,0,0,0,466,A
3-PA,770,1,464,0,1,466,T
3-PA,771,0,465,0,0,465,T
3-PA,772,0,0,469,0,469,G
3-PA,773,465,0,0,0,465,A
3-PA,774,467,0,0,0,467,A
3-PA,775,0,0,0,462,462,C
3-PA,776,0,0,0,467,467,C
3-PA,777,0,460,0,0,460,T
3-PA,778,0,478,0,0,478,T
3-PA,779,0,478,0,0,478,T
3-PA,780,0,487,0,0,487,T
3-PA,781,0,0,0,491,491,C
3-PA,782,0,489,0,0,489,T
3-PA,783,0,0,489,0,489,G
3-PA,784,488,0,0,0,488,A
3-PA,785,499,0,0,0,499,A
3-PA,786,0,1,501,0,502,G
3-PA,787,496,0,2,0,498,A
3-PA,788,0,1,0,498,499,C
3-PA,789,494,0,0,0,494,A
3-PA,790,495,0,1,0,496,A
3-PA,791,0,0,0,553,553,C
3-PA,792,554,0,0,0,554,A
3-PA,793,0,0,0,551,551,C
3-PA,794,0,0,0,547,547,C
3-PA,795,545,0,1,0,546,A
3-PA,796,549,0,1,0,550,A
3-PA,797,0,0,551,0,551,G
3-PA,798,553,0,1,0,554,A
3-PA,799,0,1,0,554,555,C
3-PA,800,0,1,0,527,528,C
3-PA,801,527,0,0,0,527,A
3-PA,802,528,0,0,0,528,A
3-PA,803,0,530,0,0,530,T
3-PA,804,0,0,0,532,532,C
3-PA,805,529,0,0,0,529,A
3-PA,806,529,0,0,0,529,A
3-PA,807,528,0,0,0,528,A
3-PA,808,1,0,0,531,532,C
3-PA,809,0,528,0,0,528,T
3-PA,810,0,530,0,0,530,T
3-PA,811,0,0,0,533,533,C
3-PA,812,0,0,0,535,535,C
3-PA,813,0,0,537,0,537,G
3-PA,814,539,0,0,0,539,A
3-PA,815,535,0,1,0,536,A
3-PA,816,0,540,0,0,540,T
3-PA,817,0,0,538,0,538,G
3-PA,818,0,0,538,0,538,G
3-PA,819,543,0,0,0,543,A
3-PA,820,1,0,0,545,546,C
3-PA,821,0,0,0,546,546,C
3-PA,822,0,565,0,1,566,T
3-PA,823,0,0,0,573,573,C
3-PA,824,2,0,0,573,575,C
3-PA,825,0,575,0,1,576,T
3-PA,826,0,579,0,0,579,T
3-PA,827,1,0,594,0,595,G
3-PA,828,0,589,0,0,589,T
3-PA,829,0,587,0,2,589,T
3-PA,830,588,0,0,0,588,A
3-PA,831,0,571,0,1,572,T
3-PA,832,0,0,0,566,566,C
3-PA,833,548,1,1,0,550,A
3-PA,834,0,0,548,0,548,G
3-PA,835,0,0,0,548,548,C
3-PA,836,0,1,536,1,538,G
3-PA,837,0,0,551,0,551,G
3-PA,838,0,554,0,0,554,T
3-PA,839,1,0,0,555,556,C
3-PA,840,0,0,0,559,559,C
3-PA,841,563,0,0,0,563,A
3-PA,842,565,0,0,0,565,A
3-PA,843,567,0,0,0,567,A
3-PA,844,0,572,0,0,572,T
3-PA,845,0,566,0,0,566,T
3-PA,846,0,0,0,569,569,C
3-PA,847,0,0,0,559,559,C
3-PA,848,0,556,0,0,556,T
3-PA,849,1,0,0,558,559,C
3-PA,850,0,1,0,557,558,C
3-PA,851,0,552,1,0,553,T
3-PA,852,0,0,558,0,558,G
3-PA,853,558,0,0,0,558,A
3-PA,854,0,561,0,0,561,T
3-PA,855,0,0,555,0,555,G
3-PA,856,0,1,544,0,545,G
3-PA,857,547,0,0,0,547,A
3-PA,858,0,542,0,0,542,T
3-PA,859,0,1,543,0,544,G
3-PA,860,0,0,0,563,563,C
3-PA,861,0,561,0,0,561,T
3-PA,862,1,562,0,2,565,T
3-PA,863,0,565,0,0,565,T
3-PA,864,566,0,0,1,567,A
3-PA,865,565,0,0,0,565,A
3-PA,866,571,0,0,0,571,A
3-PA,867,570,0,1,0,571,A
3-PA,868,0,567,0,0,567,T
3-PA,869,0,537,0,0,537,T
3-PA,870,0,1,535,0,536,G
3-PA,871,531,0,0,0,531,A
3-PA,872,0,0,540,0,540,G
3-PA,873,0,0,0,540,540,C
3-PA,874,541,0,1,0,542,A
3-PA,875,0,553,0,0,553,T
3-PA,876,0,550,0,0,550,T
3-PA,877,0,0,552,0,552,G
3-PA,878,552,0,1,0,553,A
3-PA,879,549,0,0,1,550,A
3-PA,880,0,2,552,0,554,G
3-PA,881,551,1,1,0,553,A
3-PA,882,0,0,0,557,557,C
3-PA,883,0,1,0,551,552,C
3-PA,884,2,0,0,540,542,C
3-PA,885,541,0,0,0,541,A
3-PA,886,556,0,0,0,556,A
3-PA,887,0,0,572,0,572,G
3-PA,888,0,574,1,0,575,T
3-PA,889,2,0,0,576,578,C
3-PA,890,575,0,0,0,575,A
3-PA,891,0,0,0,574,574,C
3-PA,892,0,1,573,0,574,G
3-PA,893,581,0,0,0,581,A
3-PA,894,574,0,0,0,574,A
3-PA,895,1,0,598,0,599,G
3-PA,896,0,0,602,0,602,G
3-PA,897,595,0,3,0,598,A
3-PA,898,0,0,604,0,604,G
3-PA,899,604,0,0,1,605,A
3-PA,900,604,0,2,1,607,A
3-PA,901,0,2,604,0,606,G
3-PA,902,1,0,603,0,604,G
3-PA,903,589,0,0,0,589,A
3-PA,904,594,2,0,0,596,A
3-PA,905,0,597,0,0,597,T
3-PA,906,0,0,0,599,599,C
3-PA,907,0,0,0,635,635,C
3-PA,908,3,0,0,636,639,C
3-PA,909,639,0,0,0,639,A
3-PA,910,1,641,0,0,642,T
3-PA,911,0,648,0,0,648,T
3-PA,912,669,0,0,0,669,A
3-PA,913,0,668,0,0,668,T
3-PA,914,665,0,0,0,665,A
3-PA,915,0,665,0,0,665,T
3-PA,916,0,1,619,0,620,G
3-PA,917,620,0,1,0,621,A
3-PA,918,0,617,0,1,618,T
3-PA,919,0,0,626,0,626,G
3-PA,920,1,0,1,617,619,C
3-PA,921,0,0,615,0,615,G
3-PA,922,619,0,1,0,620,A
3-PA,923,0,619,0,0,619,T
3-PA,924,0,0,0,622,622,C
3-PA,925,622,0,0,0,622,A
3-PA,926,618,0,0,0,618,A
3-PA,927,0,0,623,0,623,G
3-PA,928,1,620,0,0,621,T
3-PA,929,0,0,622,0,622,G
3-PA,930,0,0,0,627,627,C
3-PA,931,626,0,0,0,626,A
3-PA,932,0,633,0,0,633,T
3-PA,933,631,0,0,0,631,A
3-PA,934,642,0,1,0,643,A
3-PA,935,643,0,0,0,643,A
3-PA,936,642,0,0,0,642,A
3-PA,937,642,0,0,0,642,A
3-PA,938,0,0,0,645,645,C
3-PA,939,638,1,0,0,639,A
3-PA,940,0,637,0,0,637,T
3-PA,941,0,639,0,0,639,T
3-PA,942,0,0,0,640,640,C
3-PA,943,1,635,0,0,636,T
3-PA,944,0,636,0,1,637,T
3-PA,945,0,635,0,0,635,T
3-PA,946,0,1,637,0,638,G
3-PA,947,0,0,645,0,645,G
3-PA,948,644,0,0,0,644,A
3-PA,949,0,642,0,0,642,T
3-PA,950,1,0,642,0,643,G
3-PA,951,0,0,655,0,655,G
3-PA,952,661,1,0,0,662,A
3-PA,953,659,1,0,1,661,A
3-PA,954,658,0,1,1,660,A
3-PA,955,0,0,655,1,656,G
3-PA,956,651,0,2,0,653,A
3-PA,957,0,0,645,0,645,G
3-PA,958,0,0,0,702,702,C
3-PA,959,1,0,0,711,712,C
3-PA,960,1,716,1,0,718,T
3-PA,961,0,732,0,0,732,T
3-PA,962,737,0,0,0,737,A
3-PA,963,0,738,0,2,740,T
3-PA,964,735,0,0,0,735,A
3-PA,965,0,742,0,0,742,T
3-PA,966,704,0,1,0,705,A
3-PA,967,2,0,713,0,715,G
3-PA,968,0,705,0,1,706,T
3-PA,969,0,0,0,705,705,C
3-PA,970,694,0,0,0,694,A
3-PA,971,694,2,1,0,697,A
3-PA,972,698,0,0,0,698,A
3-PA,973,1,0,0,699,700,C
3-PA,974,0,0,0,693,693,C
3-PA,975,680,0,0,0,680,A
3-PA,976,0,0,0,684,684,C
3-PA,977,681,0,2,0,683,A
3-PA,978,0,1,0,687,688,C
3-PA,979,0,0,688,0,688,G
3-PA,980,686,1,0,0,687,A
3-PA,981,681,0,0,1,682,A
3-PA,982,676,0,1,0,677,A
3-PA,983,679,0,1,0,680,A
3-PA,984,0,2,682,0,684,G
3-PA,985,0,0,677,0,677,G
3-PA,986,0,0,683,0,683,G
3-PA,987,677,1,1,0,679,A
3-PA,988,680,0,1,0,681,A
3-PA,989,0,679,0,0,679,T
3-PA,990,677,0,0,0,677,A
3-PA,991,681,0,0,0,681,A
3-PA,992,682,0,0,0,682,A
3-PA,993,0,679,0,0,679,T
3-PA,994,0,678,0,0,678,T
3-PA,995,0,0,0,677,677,C
3-PA,996,680,0,0,0,680,A
3-PA,997,683,0,0,0,683,A
3-PA,998,682,0,0,0,682,A
3-PA,999,0,684,0,0,684,T
3-PA,1000,0,684,0,0,684,T
3-PA,1001,691,0,0,0,691,A
3-PA,1002,0,0,0,694,694,C
3-PA,1003,0,0,0,694,694,C
3-PA,1004,0,693,0,0,693,T
3-PA,1005,0,1,694,0,695,G
3-PA,1006,0,0,0,695,695,C
3-PA,1007,0,692,0,1,693,T
3-PA,1008,0,0,702,0,702,G
3-PA,1009,0,697,0,0,697,T
3-PA,1010,1,0,0,699,700,C
3-PA,1011,699,0,0,0,699,A
3-PA,1012,0,697,0,0,697,T
3-PA,1013,0,2,699,0,701,G
3-PA,1014,0,0,704,0,704,G
3-PA,1015,699,0,3,1,703,A
3-PA,1016,701,1,0,0,702,A
3-PA,1017,680,1,1,0,682,A
3-PA,1018,0,0,0,709,709,C
3-PA,1019,708,0,1,0,709,A
3-PA,1020,710,0,0,0,710,A
3-PA,1021,0,1,715,0,716,G
3-PA,1022,0,713,0,0,713,T
3-PA,1023,708,0,1,0,709,A
3-PA,1024,0,0,0,709,709,C
3-PA,1025,0,705,1,0,706,T
3-PA,1026,0,1,711,0,712,G
3-PA,1027,0,709,0,0,709,T
3-PA,1028,0,1,0,709,710,C
3-PA,1029,707,0,1,0,708,A
3-PA,1030,0,0,714,0,714,G
3-PA,1031,712,0,1,0,713,A
3-PA,1032,711,0,0,0,711,A
3-PA,1033,0,725,0,2,727,T
3-PA,1034,0,723,0,0,723,T
3-PA,1035,1,0,717,0,718,G
3-PA,1036,0,0,1,716,717,C
3-PA,1037,713,0,1,0,714,A
3-PA,1038,0,1,718,0,719,G
3-PA,1039,0,1,712,0,713,G
3-PA,1040,717,0,0,0,717,A
3-PA,1041,0,0,0,722,722,C
3-PA,1042,711,0,0,0,711,A
3-PA,1043,0,716,0,0,716,T
3-PA,1044,0,700,0,10,710,T
3-PA,1045,0,0,711,0,711,G
3-PA,1046,711,1,0,0,712,A
3-PA,1047,708,0,0,0,708,A
3-PA,1048,711,0,0,0,711,A
3-PA,1049,707,0,0,0,707,A
3-PA,1050,0,699,0,0,699,T
3-PA,1051,0,4,702,0,706,G
3-PA,1052,702,0,0,0,702,A
3-PA,1053,0,1,708,0,709,G
3-PA,1054,0,1,710,0,711,G
3-PA,1055,709,0,0,0,709,A
3-PA,1056,0,0,708,0,708,G
3-PA,1057,708,0,0,0,708,A
3-PA,1058,707,0,0,0,707,A
3-PA,1059,0,3,703,0,706,G
3-PA,1060,0,0,695,0,695,G
3-PA,1061,1,730,0,1,732,T
3-PA,1062,1,733,0,0,734,T
3-PA,1063,0,0,0,733,733,C
3-PA,1064,0,1,0,732,733,C
3-PA,1065,732,0,0,0,732,A
3-PA,1066,731,0,0,0,731,A
3-PA,1067,0,0,735,0,735,G
3-PA,1068,0,2,732,0,734,G
3-PA,1069,724,0,0,0,724,A
3-PA,1070,1,1,0,731,733,C
3-PA,1071,0,731,0,0,731,T
3-PA,1072,729,0,1,0,730,A
3-PA,1073,732,0,0,0,732,A
3-PA,1074,731,0,0,0,731,A
3-PA,1075,728,0,2,0,730,A
3-PA,1076,730,0,2,0,732,A
3-PA,1077,0,0,0,720,720,C
3-PA,1078,719,0,0,0,719,A
3-PA,1079,0,715,0,0,715,T
3-PA,1080,1,1,724,0,726,G
3-PA,1081,730,0,0,0,730,A
3-PA,1082,730,0,1,0,731,A
3-PA,1083,0,1,736,0,737,G
3-PA,1084,731,0,0,0,731,A
3-PA,1085,733,0,1,0,734,A
3-PA,1086,726,0,0,0,726,A
3-PA,1087,730,0,0,0,730,A
3-PA,1088,0,1,0,730,731,C
3-PA,1089,1,2,723,0,726,G
3-PA,1090,728,0,1,0,729,A
3-PA,1091,16,0,712,0,728,G
3-PA,1092,1,727,0,0,728,T
3-PA,1093,0,0,0,736,736,C
3-PA,1094,733,1,0,0,734,A
3-PA,1095,741,0,1,0,742,A
3-PA,1096,0,0,0,742,742,C
3-PA,1097,0,740,0,0,740,T
3-PA,1098,0,1,759,0,760,G
3-PA,1099,756,0,0,0,756,A
3-PA,1100,754,0,2,0,756,A
3-PA,1101,1,0,759,0,760,G
3-PA,1102,0,742,0,1,743,T
3-PA,1103,0,2,741,0,743,G
3-PA,1104,1,1,746,0,748,G
3-PA,1105,0,0,745,0,745,G
3-PA,1106,1,0,0,746,747,C
3-PA,1107,0,735,0,0,735,T
3-PA,1108,2,0,0,738,740,C
3-PA,1109,0,735,0,1,736,T
3-PA,1110,0,734,0,0,734,T
3-PA,1111,0,1,749,0,750,G
3-PA,1112,0,2,748,0,750,G
3-PA,1113,0,746,0,1,747,T
3-PA,1114,0,1,744,0,745,G
3-PA,1115,742,0,0,0,742,A
3-PA,1116,748,0,1,0,749,A
3-PA,1117,745,0,0,0,745,A
3-PA,1118,751,0,0,2,753,A
3-PA,1119,2,0,0,754,756,C
3-PA,1120,742,0,0,0,742,A
3-PA,1121,0,745,0,0,745,T
3-PA,1122,0,0,743,0,743,G
3-PA,1123,0,0,753,0,753,G
3-PA,1124,0,0,0,756,756,C
3-PA,1125,756,0,0,0,756,A
3-PA,1126,1,0,0,764,765,C
3-PA,1127,1,0,0,765,766,C
3-PA,1128,782,0,0,0,782,A
3-PA,1129,0,1,785,0,786,G
3-PA,1130,780,0,0,0,780,A
3-PA,1131,0,0,789,0,789,G
3-PA,1132,790,0,0,0,790,A
3-PA,1133,791,0,1,0,792,A
3-PA,1134,0,3,793,0,796,G
3-PA,1135,0,0,793,0,793,G
3-PA,1136,0,791,0,0,791,T
3-PA,1137,780,0,2,0,782,A
3-PA,1138,0,1,782,0,783,G
3-PA,1139,781,0,0,0,781,A
3-PA,1140,0,0,0,788,788,C
3-PA,1141,0,768,0,0,768,T
3-PA,1142,0,772,1,0,773,T
3-PA,1143,0,776,0,0,776,T
3-PA,1144,0,0,782,0,782,G
3-PA,1145,782,1,0,0,783,A
3-PA,1146,783,0,0,0,783,A
3-PA,1147,781,0,0,0,781,A
3-PA,1148,775,1,2,0,778,A
3-PA,1149,0,0,0,789,789,C
3-PA,1150,1,783,0,1,785,T
3-PA,1151,1,0,790,0,791,G
3-PA,1152,1,0,0,792,793,C
3-PA,1153,792,0,0,0,792,A
3-PA,1154,0,0,792,0,792,G
3-PA,1155,790,0,1,0,791,A
3-PA,1156,0,0,813,0,813,G
3-PA,1157,813,0,0,0,813,A
3-PA,1158,0,1,0,811,812,C
3-PA,1159,808,0,0,0,808,A
3-PA,1160,0,802,0,0,802,T
3-PA,1161,802,0,1,0,803,A
3-PA,1162,801,1,0,0,802,A
3-PA,1163,0,0,798,0,798,G
3-PA,1164,0,0,0,801,801,C
3-PA,1165,0,0,784,0,784,G
3-PA,1166,797,0,0,1,798,A
3-PA,1167,0,789,1,0,790,T
3-PA,1168,0,791,0,0,791,T
3-PA,1169,0,792,0,0,792,T
3-PA,1170,0,0,786,0,786,G
3-PA,1171,792,0,1,0,793,A
3-PA,1172,793,0,0,0,793,A
3-PA,1173,0,0,802,0,802,G
3-PA,1174,0,0,0,813,813,C
3-PA,1175,804,0,0,0,804,A
3-PA,1176,850,0,0,0,850,A
3-PA,1177,0,848,0,0,848,T
3-PA,1178,851,0,1,0,852,A
3-PA,1179,0,854,0,0,854,T
3-PA,1180,0,0,856,0,856,G
3-PA,1181,868,0,1,0,869,A
3-PA,1182,0,868,0,1,869,T
3-PA,1183,844,0,0,1,845,A
3-PA,1184,0,0,845,0,845,G
3-PA,1185,1,814,0,1,816,T
3-PA,1186,0,1,817,0,818,G
3-PA,1187,815,0,0,0,815,A
3-PA,1188,0,2,0,814,816,C
3-PA,1189,0,2,812,0,814,G
3-PA,1190,816,0,0,0,816,A
3-PA,1191,819,1,0,0,820,A
3-PA,1192,0,1,0,827,828,C
3-PA,1193,3,0,0,826,829,C
3-PA,1194,0,824,0,0,824,T
3-PA,1195,0,0,842,0,842,G
3-PA,1196,846,0,0,0,846,A
3-PA,1197,847,0,0,0,847,A
3-PA,1198,0,848,0,0,848,T
3-PA,1199,0,839,0,0,839,T
3-PA,1200,840,0,1,0,841,A
3-PA,1201,828,0,1,0,829,A
3-PA,1202,0,0,837,0,837,G
3-PA,1203,1,0,832,0,833,G
3-PA,1204,0,823,0,1,824,T
3-PA,1205,4,1,0,821,826,C
3-PA,1206,824,1,0,0,825,A
3-PA,1207,0,0,0,849,849,C
3-PA,1208,0,847,0,2,849,T
3-PA,1209,1,847,0,0,848,T
3-PA,1210,0,850,0,0,850,T
3-PA,1211,1,1,0,846,848,C
3-PA,1212,846,0,0,0,846,A
3-PA,1213,851,0,0,0,851,A
3-PA,1214,1,0,857,0,858,G
3-PA,1215,0,0,0,858,858,C
3-PA,1216,0,843,0,1,844,T
3-PA,1217,0,1,868,0,869,G
3-PA,1218,1,2,866,0,869,G
3-PA,1219,885,0,1,0,886,A
3-PA,1220,0,892,0,0,892,T
3-PA,1221,891,0,1,0,892,A
3-PA,1222,0,0,0,894,894,C
3-PA,1223,880,0,0,0,880,A
3-PA,1224,0,1,887,0,888,G
3-PA,1225,882,0,0,0,882,A
3-PA,1226,870,0,1,0,871,A
3-PA,1227,0,862,0,0,862,T
3-PA,1228,0,0,864,0,864,G
3-PA,1229,854,0,0,0,854,A
3-PA,1230,0,1,865,0,866,G
3-PA,1231,0,866,0,0,866,T
3-PA,1232,0,863,0,0,863,T
3-PA,1233,2,0,0,875,877,C
3-PA,1234,880,0,0,0,880,A
3-PA,1235,881,0,1,0,882,A
3-PA,1236,0,0,0,884,884,C
3-PA,1237,875,0,1,0,876,A
3-PA,1238,871,0,2,0,873,A
3-PA,1239,0,1,875,0,876,G
3-PA,1240,0,0,882,0,882,G
3-PA,1241,0,0,0,885,885,C
3-PA,1242,2,1,0,875,878,C
3-PA,1243,0,871,0,2,873,T
3-PA,1244,0,0,879,0,879,G
3-PA,1245,0,873,0,0,873,T
3-PA,1246,0,0,885,0,885,G
3-PA,1247,885,0,0,0,885,A
3-PA,1248,0,0,887,0,887,G
3-PA,1249,0,1,0,878,879,C
3-PA,1250,0,868,0,1,869,T
3-PA,1251,886,0,1,0,887,A
3-PA,1252,889,0,0,0,889,A
3-PA,1253,0,0,0,892,892,C
3-PA,1254,0,887,0,2,889,T
3-PA,1255,0,1,881,5,887,G
3-PA,1256,883,0,0,0,883,A
3-PA,1257,0,881,0,1,882,T
3-PA,1258,0,882,0,3,885,T
3-PA,1259,1,0,0,887,888,C
3-PA,1260,903,0,0,0,903,A
3-PA,1261,0,4,920,0,924,G
3-PA,1262,0,917,0,2,919,T
3-PA,1263,1,0,0,922,923,C
3-PA,1264,0,917,0,1,918,T
3-PA,1265,0,1,947,0,948,G
3-PA,1266,0,1,951,0,952,G
3-PA,1267,954,0,0,0,954,A
3-PA,1268,0,952,0,2,954,T
3-PA,1269,916,0,0,0,916,A
3-PA,1270,0,1,921,0,922,G
3-PA,1271,912,0,2,0,914,A
3-PA,1272,0,0,913,0,913,G
3-PA,1273,0,0,0,912,912,C
3-PA,1274,0,890,0,0,890,T
3-PA,1275,1,0,0,890,891,C
3-PA,1276,0,1,888,0,889,G
3-PA,1277,887,0,2,0,889,A
3-PA,1278,0,890,0,1,891,T
3-PA,1279,0,2,889,0,891,G
3-PA,1280,895,0,0,0,895,A
3-PA,1281,895,0,0,0,895,A
3-PA,1282,898,0,0,0,898,A
3-PA,1283,0,897,0,0,897,T
3-PA,1284,1,893,0,0,894,T
3-PA,1285,0,1,905,0,906,G
3-PA,1286,0,0,900,0,900,G
3-PA,1287,903,0,2,0,905,A
3-PA,1288,0,1,905,0,906,G
3-PA,1289,897,0,0,0,897,A
3-PA,1290,0,1,904,0,905,G
3-PA,1291,0,1,911,0,912,G
3-PA,1292,918,0,0,0,918,A
3-PA,1293,1,0,0,914,915,C
3-PA,1294,1,0,907,0,908,G
3-PA,1295,0,912,0,0,912,T
3-PA,1296,915,0,1,0,916,A
3-PA,1297,0,0,916,0,916,G
3-PA,1298,0,0,0,917,917,C
3-PA,1299,2,0,0,914,916,C
3-PA,1300,5,0,0,902,907,C
3-PA,1301,5,2,0,905,912,C
3-PA,1302,915,0,1,0,916,A
3-PA,1303,937,1,0,0,938,A
3-PA,1304,0,925,0,8,933,T
3-PA,1305,0,935,0,0,935,T
3-PA,1306,0,0,935,0,935,G
3-PA,1307,921,0,0,0,921,A
3-PA,1308,0,0,925,0,925,G
3-PA,1309,0,1,0,923,924,C
3-PA,1310,920,1,1,0,922,A
3-PA,1311,0,0,0,942,942,C
3-PA,1312,929,0,0,0,929,A
3-PA,1313,0,944,0,0,944,T
3-PA,1314,1,942,0,0,943,T
3-PA,1315,0,0,948,0,948,G
3-PA,1316,1,0,0,945,946,C
3-PA,1317,940,0,1,0,941,A
3-PA,1318,939,0,2,0,941,A
3-PA,1319,0,0,946,0,946,G
3-PA,1320,0,0,0,926,926,C
3-PA,1321,924,0,2,0,926,A
3-PA,1322,0,902,0,1,903,T
3-PA,1323,0,2,900,0,902,G
3-PA,1324,893,0,1,0,894,A
3-PA,1325,0,0,901,0,901,G
3-PA,1326,898,0,2,0,900,A
3-PA,1327,903,0,0,0,903,A
3-PA,1328,0,1,896,0,897,G
3-PA,1329,0,2,900,0,902,G
3-PA,1330,901,0,1,0,902,A
3-PA,1331,899,0,0,2,901,A
3-PA,1332,0,903,0,0,903,T
3-PA,1333,0,902,0,0,902,T
3-PA,1334,905,0,0,0,905,A
3-PA,1335,1,903,0,0,904,T
3-PA,1336,0,898,0,1,899,T
3-PA,1337,0,903,1,0,904,T
3-PA,1338,2,0,0,900,902,C
3-PA,1339,899,0,1,0,900,A
3-PA,1340,0,0,0,918,918,C
3-PA,1341,917,0,0,0,917,A
3-PA,1342,0,0,927,0,927,G
3-PA,1343,0,0,0,928,928,C
3-PA,1344,922,0,1,0,923,A
3-PA,1345,0,0,922,0,922,G
3-PA,1346,921,0,0,1,922,A
3-PA,1347,902,0,2,0,904,A
3-PA,1348,0,1,912,0,913,G
3-PA,1349,0,913,0,0,913,T
3-PA,1350,1,0,925,0,926,G
3-PA,1351,0,922,0,0,922,T
3-PA,1352,1,0,0,916,917,C
3-PA,1353,0,0,0,920,920,C
3-PA,1354,4,0,0,913,917,C
3-PA,1355,926,0,0,0,926,A
3-PA,1356,0,944,0,1,945,T
3-PA,1357,0,936,0,1,937,T
3-PA,1358,0,1,939,0,940,G
3-PA,1359,0,921,0,3,924,T
3-PA,1360,914,0,0,0,914,A
3-PA,1361,0,0,913,0,913,G
3-PA,1362,892,0,3,0,895,A
3-PA,1363,0,0,901,0,901,G
3-PA,1364,0,0,0,888,888,C
3-PA,1365,0,0,0,876,876,C
3-PA,1366,886,0,0,0,886,A
3-PA,1367,1,0,0,886,887,C
3-PA,1368,0,879,0,1,880,T
3-PA,1369,0,1,881,0,882,G
3-PA,1370,880,0,0,0,880,A
3-PA,1371,858,0,1,0,859,A
3-PA,1372,0,879,0,0,879,T
3-PA,1373,879,0,2,0,881,A
3-PA,1374,1,1,0,889,891,C
3-PA,1375,875,1,0,0,876,A
3-PA,1376,0,884,0,0,884,T
3-PA,1377,880,0,0,0,880,A
3-PA,1378,874,0,0,0,874,A
3-PA,1379,0,868,0,0,868,T
3-PA,1380,0,0,859,0,859,G
3-PA,1381,850,0,0,0,850,A
3-PA,1382,830,0,0,0,830,A
3-PA,1383,0,2,824,0,826,G
3-PA,1384,0,2,828,0,830,G
3-PA,1385,0,2,825,0,827,G
3-PA,1386,0,1,821,0,822,G
3-PA,1387,0,1,833,0,834,G
3-PA,1388,0,814,0,1,815,T
3-PA,1389,822,0,0,0,822,A
3-PA,1390,0,827,0,1,828,T
3-PA,1391,832,0,1,0,833,A
3-PA,1392,1,0,0,895,896,C
3-PA,1393,856,0,0,0,856,A
3-PA,1394,0,830,0,0,830,T
3-PA,1395,0,819,0,0,819,T
3-PA,1396,814,0,0,0,814,A
3-PA,1397,826,0,0,0,826,A
3-PA,1398,0,0,0,823,823,C
3-PA,1399,811,0,0,0,811,A
3-PA,1400,0,0,0,813,813,C
3-PA,1401,0,726,0,1,727,T
3-PA,1402,1,1,755,0,757,G
3-PA,1403,0,0,0,753,753,C
3-PA,1404,0,0,0,748,748,C
3-PA,1405,1,0,0,758,759,C
3-PA,1406,0,734,0,1,735,T
3-PA,1407,1,0,751,0,752,G
3-PA,1408,0,1,0,752,753,C
3-PA,1409,1,755,0,0,756,T
3-PA,1410,0,0,0,765,765,C
3-PA,1411,739,0,0,0,739,A
3-PA,1412,749,0,0,0,749,A
3-PA,1413,1,745,0,3,749,T
3-PA,1414,0,0,746,0,746,G
3-PA,1415,0,0,0,744,744,C
3-PA,1416,731,0,0,0,731,A
3-PA,1417,1,732,0,0,733,T
3-PA,1418,0,0,0,729,729,C
3-PA,1419,0,0,0,732,732,C
3-PA,1420,0,707,0,1,708,T
3-PA,1421,0,1,724,0,725,G
3-PA,1422,0,722,0,3,725,T
3-PA,1423,0,0,723,0,723,G
3-PA,1424,0,0,0,724,724,C
3-PA,1425,711,0,0,0,711,A
3-PA,1426,1,0,718,0,719,G
3-PA,1427,0,0,0,717,717,C
3-PA,1428,702,0,0,0,702,A
3-PA,1429,701,0,0,0,701,A
3-PA,1430,0,674,0,0,674,T
3-PA,1431,0,0,672,0,672,G
3-PA,1432,0,1,672,0,673,G
3-PA,1433,669,0,4,0,673,A
3-PA,1434,0,0,0,671,671,C
3-PA,1435,1,1,664,0,666,G
3-PA,1436,674,0,1,0,675,A
3-PA,1437,0,672,0,1,673,T
3-PA,1438,0,674,0,0,674,T
3-PA,1439,0,668,0,1,669,T
3-PA,1440,1,669,0,1,671,T
3-PA,1441,0,0,0,672,672,C
3-PA,1442,671,0,0,0,671,A
3-PA,1443,672,0,0,0,672,A
3-PA,1444,0,0,0,670,670,C
3-PA,1445,0,654,0,1,655,T
3-PA,1446,655,0,0,0,655,A
3-PA,1447,652,0,0,0,652,A
3-PA,1448,0,652,0,0,652,T
3-PA,1449,0,654,0,0,654,T
3-PA,1450,0,0,0,653,653,C
3-PA,1451,1,0,0,655,656,C
3-PA,1452,2,0,1,654,657,C
3-PA,1453,656,0,0,0,656,A
3-PA,1454,0,667,0,0,667,T
3-PA,1455,1,0,672,0,673,G
3-PA,1456,681,0,0,0,681,A
3-PA,1457,0,682,0,0,682,T
3-PA,1458,681,0,1,1,683,A
3-PA,1459,673,1,0,0,674,A
3-PA,1460,1,0,674,0,675,G
3-PA,1461,1,644,0,0,645,T
3-PA,1462,657,0,0,0,657,A
3-PA,1463,656,0,0,0,656,A
3-PA,1464,0,0,670,0,670,G
3-PA,1465,1,655,0,1,657,T
3-PA,1466,1,0,657,0,658,G
3-PA,1467,0,0,0,653,653,C
3-PA,1468,637,0,0,0,637,A
3-PA,1469,0,1,642,0,643,G
3-PA,1470,641,0,1,0,642,A
3-PA,1471,649,0,0,0,649,A
3-PA,1472,1,0,0,646,647,C
3-PA,1473,1,627,0,0,628,T
3-PA,1474,629,0,0,0,629,A
3-PA,1475,627,0,0,0,627,A
3-PA,1476,625,0,2,0,627,A
3-PA,1477,0,0,628,0,628,G
3-PA,1478,599,1,0,0,600,A
3-PA,1479,0,2,599,0,601,G
3-PA,1480,1,0,594,0,595,G
3-PA,1481,0,1,595,0,596,G
3-PA,1482,591,0,0,0,591,A
3-PA,1483,581,0,2,0,583,A
3-PA,1484,0,4,578,1,583,G
3-PA,1485,0,0,585,0,585,G
3-PA,1486,0,0,0,578,578,C
3-PA,1487,0,0,582,0,582,G
3-PA,1488,578,0,1,0,579,A
3-PA,1489,580,0,0,0,580,A
3-PA,1490,580,0,0,0,580,A
3-PA,1491,578,0,1,0,579,A
3-PA,1492,579,0,0,0,579,A
3-PA,1493,0,0,0,575,575,C
3-PA,1494,0,1,0,574,575,C
3-PA,1495,575,0,0,0,575,A
3-PA,1496,581,0,0,0,581,A
3-PA,1497,0,578,0,0,578,T
3-PA,1498,0,576,1,0,577,T
3-PA,1499,0,578,0,0,578,T
3-PA,1500,580,0,0,0,580,A
3-PA,1501,0,580,0,0,580,T
3-PA,1502,578,0,0,0,578,A
3-PA,1503,0,577,0,0,577,T
3-PA,1504,0,0,568,0,568,G
3-PA,1505,0,0,561,0,561,G
3-PA,1506,562,0,0,0,562,A
3-PA,1507,0,556,0,1,557,T
3-PA,1508,0,547,0,0,547,T
3-PA,1509,0,0,0,545,545,C
3-PA,1510,546,0,0,0,546,A
3-PA,1511,0,546,0,2,548,T
3-PA,1512,0,0,0,550,550,C
3-PA,1513,546,0,1,0,547,A
3-PA,1514,0,543,0,0,543,T
3-PA,1515,545,0,0,0,545,A
3-PA,1516,546,0,0,0,546,A
3-PA,1517,546,0,0,0,546,A
3-PA,1518,0,0,552,0,552,G
3-PA,1519,0,0,539,0,539,G
3-PA,1520,0,0,530,0,530,G
3-PA,1521,525,1,1,0,527,A
3-PA,1522,524,0,0,0,524,A
3-PA,1523,0,0,526,0,526,G
3-PA,1524,520,0,0,0,520,A
3-PA,1525,0,515,0,2,517,T
3-PA,1526,0,0,0,517,517,C
3-PA,1527,0,507,0,1,508,T
3-PA,1528,0,1,0,516,517,C
3-PA,1529,518,0,0,0,518,A
3-PA,1530,0,516,0,0,516,T
3-PA,1531,0,514,0,0,514,T
3-PA,1532,0,506,0,0,506,T
3-PA,1533,500,0,0,1,501,A
3-PA,1534,501,0,0,0,501,A
3-PA,1535,1,1,495,0,497,G
3-PA,1536,1,1,495,0,497,G
3-PA,1537,468,0,0,0,468,A
3-PA,1538,467,0,0,0,467,A
3-PA,1539,0,467,3,0,470,T
3-PA,1540,1,0,465,0,466,G
3-PA,1541,482,0,0,0,482,A
3-PA,1542,0,0,0,481,481,C
3-PA,1543,481,0,0,0,481,A
3-PA,1544,0,0,0,481,481,C
3-PA,1545,466,0,1,0,467,A
3-PA,1546,0,0,468,0,468,G
3-PA,1547,462,0,0,0,462,A
3-PA,1548,0,0,0,452,452,C
3-PA,1549,0,0,443,0,443,G
3-PA,1550,0,417,0,1,418,T
3-PA,1551,0,0,419,0,419,G
3-PA,1552,1,0,416,0,417,G
3-PA,1553,0,419,0,0,419,T
3-PA,1554,419,0,0,0,419,A
3-PA,1555,412,0,0,0,412,A
3-PA,1556,410,0,0,0,410,A
3-PA,1557,0,408,1,0,409,T
3-PA,1558,0,401,0,0,401,T
3-PA,1559,0,398,0,1,399,T
3-PA,1560,0,393,0,0,393,T
3-PA,1561,0,0,393,0,393,G
3-PA,1562,0,384,1,0,385,T
3-PA,1563,0,0,386,0,386,G
3-PA,1564,383,0,0,0,383,A
3-PA,1565,0,0,382,0,382,G
3-PA,1566,0,0,0,376,376,C
3-PA,1567,379,0,0,0,379,A
3-PA,1568,0,378,0,1,379,T
3-PA,1569,0,0,380,0,380,G
3-PA,1570,0,0,381,0,381,G
3-PA,1571,381,0,0,0,381,A
3-PA,1572,0,0,381,0,381,G
3-PA,1573,0,373,0,0,373,T
3-PA,1574,0,366,0,1,367,T
3-PA,1575,0,363,0,1,364,T
3-PA,1576,1,365,0,0,366,T
3-PA,1577,0,0,0,366,366,C
3-PA,1578,0,363,0,0,363,T
3-PA,1579,0,0,0,356,356,C
3-PA,1580,0,353,0,0,353,T
3-PA,1581,0,0,0,349,349,C
3-PA,1582,350,0,0,0,350,A
3-PA,1583,1,0,0,346,347,C
3-PA,1584,0,339,0,1,340,T
3-PA,1585,0,0,340,0,340,G
3-PA,1586,340,0,0,0,340,A
3-PA,1587,1,0,0,340,341,C
3-PA,1588,0,0,0,339,339,C
3-PA,1589,2,1,0,330,333,C
3-PA,1590,0,0,331,0,331,G
3-PA,1591,331,0,0,0,331,A
3-PA,1592,0,0,332,0,332,G
3-PA,1593,332,0,0,0,332,A
3-PA,1594,0,0,0,325,325,C
3-PA,1595,0,314,0,0,314,T
3-PA,1596,0,295,0,0,295,T
3-PA,1597,0,0,298,0,298,G
3-PA,1598,297,1,0,0,298,A
3-PA,1599,0,0,298,0,298,G
3-PA,1600,0,0,0,296,296,C
3-PA,1601,1,0,0,281,282,C
3-PA,1602,284,0,0,0,284,A
3-PA,1603,0,0,0,284,284,C
3-PA,1604,284,0,0,0,284,A
3-PA,1605,0,284,0,0,284,T
3-PA,1606,278,0,0,0,278,A
3-PA,1607,277,0,0,0,277,A
3-PA,1608,276,0,0,0,276,A
3-PA,1609,0,273,0,0,273,T
3-PA,1610,0,2,271,0,273,G
3-PA,1611,0,0,235,0,235,G
3-PA,1612,0,0,232,0,232,G
3-PA,1613,229,0,0,0,229,A
3-PA,1614,0,0,231,0,231,G
3-PA,1615,225,0,0,0,225,A
3-PA,1616,218,0,0,0,218,A
3-PA,1617,218,0,0,0,218,A
3-PA,1618,0,216,0,0,216,T
3-PA,1619,213,0,0,0,213,A
3-PA,1620,0,0,0,211,211,C
3-PA,1621,0,142,0,0,142,T
3-PA,1622,0,0,141,0,141,G
3-PA,1623,0,103,0,0,103,T
3-PA,1624,0,0,104,0,104,G
3-PA,1625,0,96,1,0,97,T
3-PA,1626,0,0,0,74,74,C
3-PA,1627,0,0,0,72,72,C
3-PA,1628,0,70,0,0,70,T
3-PA,1629,0,69,0,0,69,T
3-PA,1630,0,0,71,0,71,G
3-PA,1631,71,1,0,0,72,A
3-PA,1632,0,0,71,0,71,G
3-PA,1633,69,0,0,0,69,A
3-PA,1634,0,69,0,0,69,T
3-PA,1635,67,0,0,0,67,A
3-PA,1636,0,1,66,0,67,G
3-PA,1637,0,0,68,0,68,G
3-PA,1638,68,0,0,0,68,A
3-PA,1639,0,0,68,0,68,G
3-PA,1640,67,0,0,0,67,A
3-PA,1641,0,65,0,0,65,T
3-PA,1642,65,0,0,0,65,A
3-PA,1643,0,65,0,0,65,T
3-PA,1644,0,0,69,0,69,G
3-PA,1645,0,69,0,0,69,T
3-PA,1646,0,69,0,0,69,T
3-PA,1647,70,0,0,0,70,A
3-PA,1648,0,0,0,71,71,C
3-PA,1649,0,71,0,0,71,T
3-PA,1650,71,0,0,0,71,A
3-PA,1651,71,0,0,0,71,A
3-PA,1652,0,0,73,0,73,G
3-PA,1653,72,0,0,0,72,A
3-PA,1654,69,0,0,0,69,A
3-PA,1655,0,0,68,0,68,G
3-PA,1656,0,68,0,0,68,T
3-PA,1657,0,0,69,0,69,G
3-PA,1658,0,0,0,69,69,C
3-PA,1659,0,0,0,69,69,C
3-PA,1660,69,0,0,0,69,A
3-PA,1661,0,69,0,0,69,T
3-PA,1662,68,0,0,0,68,A
3-PA,1663,0,0,68,0,68,G
3-PA,1664,0,0,68,0,68,G
3-PA,1665,0,0,0,68,68,C
3-PA,1666,0,0,0,67,67,C
3-PA,1667,66,0,0,0,66,A
3-PA,1668,68,0,0,0,68,A
3-PA,1669,68,0,0,0,68,A
3-PA,1670,0,67,0,0,67,T
3-PA,1671,0,68,0,0,68,T
3-PA,1672,0,69,0,0,69,T
3-PA,1673,0,0,0,69,69,C
3-PA,1674,69,0,0,0,69,A
3-PA,1675,69,0,0,0,69,A
3-PA,1676,0,0,69,0,69,G
3-PA,1677,0,0,69,0,69,G
3-PA,1678,0,0,0,68,68,C
3-PA,1679,0,0,0,68,68,C
3-PA,1680,0,0,68,0,68,G
3-PA,1681,69,0,0,0,69,A
3-PA,1682,0,69,0,0,69,T
3-PA,1683,0,0,72,0,72,G
3-PA,1684,0,72,0,0,72,T
3-PA,1685,0,71,0,0,71,T
3-PA,1686,0,0,0,72,72,C
3-PA,1687,0,71,0,0,71,T
3-PA,1688,0,71,0,0,71,T
3-PA,1689,0,0,71,0,71,G
3-PA,1690,0,71,0,0,71,T
3-PA,1691,71,0,0,0,71,A
3-PA,1692,0,70,0,0,70,T
3-PA,1693,0,0,71,0,71,G
3-PA,1694,0,69,0,0,69,T
3-PA,1695,0,0,69,0,69,G
3-PA,1696,69,0,0,0,69,A
3-PA,1697,0,0,69,0,69,G
3-PA,1698,0,0,70,0,70,G
3-PA,1699,70,0,0,0,70,A
3-PA,1700,0,0,0,70,70,C
3-PA,1701,68,0,2,0,70,A
3-PA,1702,70,0,0,0,70,A
3-PA,1703,70,0,0,0,70,A
3-PA,1704,0,1,0,69,70,C
3-PA,1705,0,0,70,0,70,G
3-PA,1706,0,0,71,0,71,G
3-PA,1707,69,0,0,0,69,A
3-PA,1708,70,0,0,0,70,A
3-PA,1709,0,0,0,71,71,C
3-PA,1710,71,0,0,0,71,A
3-PA,1711,0,72,0,0,72,T
3-PA,1712,0,0,0,72,72,C
3-PA,1713,72,0,0,0,72,A
3-PA,1714,72,0,0,0,72,A
3-PA,1715,72,0,0,0,72,A
3-PA,1716,0,0,73,0,73,G
3-PA,1717,0,0,74,0,74,G
3-PA,1718,0,74,0,0,74,T
3-PA,1719,0,0,0,73,73,C
3-PA,1720,74,0,0,0,74,A
3-PA,1721,73,0,0,0,73,A
3-PA,1722,74,0,0,0,74,A
3-PA,1723,74,0,0,0,74,A
3-PA,1724,0,74,0,0,74,T
3-PA,1725,0,0,73,0,73,G
3-PA,1726,72,0,1,0,73,A
3-PA,1727,73,0,0,0,73,A
3-PA,1728,0,0,72,0,72,G
3-PA,1729,0,72,0,0,72,T
3-PA,1730,0,0,72,0,72,G
3-PA,1731,0,0,72,0,72,G
3-PA,1732,0,0,72,0,72,G
3-PA,1733,0,0,73,0,73,G
3-PA,1734,73,0,0,0,73,A
3-PA,1735,73,0,0,0,73,A
3-PA,1736,0,73,0,0,73,T
3-PA,1737,0,0,73,0,73,G
3-PA,1738,0,1,74,0,75,G
3-PA,1739,75,0,0,0,75,A
3-PA,1740,0,0,74,0,74,G
3-PA,1741,74,0,0,0,74,A
3-PA,1742,0,72,0,0,72,T
3-PA,1743,0,0,72,0,72,G
3-PA,1744,72,0,0,0,72,A
3-PA,1745,0,0,73,0,73,G
3-PA,1746,73,0,0,0,73,A
3-PA,1747,0,0,0,71,71,C
3-PA,1748,0,0,71,0,71,G
3-PA,1749,0,71,0,0,71,T
3-PA,1750,0,71,0,0,71,T
3-PA,1751,0,0,73,0,73,G
3-PA,1752,0,0,0,72,72,C
3-PA,1753,0,0,0,73,73,C
3-PA,1754,0,72,0,0,72,T
3-PA,1755,0,72,0,0,72,T
3-PA,1756,0,0,0,72,72,C
3-PA,1757,0,71,0,1,72,T
3-PA,1758,0,72,0,0,72,T
3-PA,1759,0,0,0,72,72,C
3-PA,1760,72,0,0,0,72,A
3-PA,1761,0,0,72,0,72,G
3-PA,1762,0,71,0,0,71,T
3-PA,1763,0,0,0,72,72,C
3-PA,1764,71,0,0,0,71,A
3-PA,1765,0,0,0,72,72,C
3-PA,1766,0,72,0,0,72,T
3-PA,1767,0,0,0,71,71,C
3-PA,1768,0,0,0,71,71,C
3-PA,1769,71,0,0,0,71,A
3-PA,1770,0,0,71,0,71,G
3-PA,1771,0,0,0,71,71,C
3-PA,1772,70,0,0,0,70,A
3-PA,1773,0,0,71,0,71,G
3-PA,1774,67,0,1,0,68,A
3-PA,1775,0,67,0,0,67,T
3-PA,1776,0,0,0,67,67,C
3-PA,1777,0,0,67,0,67,G
3-PA,1778,67,0,0,0,67,A
3-PA,1779,0,0,66,0,66,G
3-PA,1780,66,0,0,0,66,A
3-PA,1781,0,0,66,0,66,G
3-PA,1782,0,0,0,67,67,C
3-PA,1783,67,0,0,0,67,A
3-PA,1784,0,66,0,0,66,T
3-PA,1785,0,0,68,0,68,G
3-PA,1786,68,0,0,0,68,A
3-PA,1787,0,69,0,0,69,T
3-PA,1788,0,69,0,0,69,T
3-PA,1789,0,0,68,0,68,G
3-PA,1790,68,0,0,0,68,A
3-PA,1791,68,0,0,0,68,A
3-PA,1792,0,0,68,0,68,G
3-PA,1793,0,0,0,68,68,C
3-PA,1794,0,0,0,65,65,C
3-PA,1795,0,0,65,0,65,G
3-PA,1796,65,0,0,0,65,A
3-PA,1797,0,0,65,0,65,G
3-PA,1798,0,63,0,1,64,T
3-PA,1799,0,0,0,64,64,C
3-PA,1800,0,0,0,64,64,C
3-PA,1801,0,63,0,0,63,T
3-PA,1802,0,0,0,65,65,C
3-PA,1803,0,0,65,0,65,G
3-PA,1804,0,0,65,0,65,G
3-PA,1805,0,65,0,0,65,T
3-PA,1806,0,64,0,0,64,T
3-PA,1807,64,0,0,0,64,A
3-PA,1808,63,1,0,0,64,A
3-PA,1809,63,0,0,0,63,A
3-PA,1810,0,0,64,0,64,G
3-PA,1811,63,0,0,0,63,A
3-PA,1812,0,0,64,0,64,G
3-PA,1813,63,0,0,0,63,A
3-PA,1814,63,0,0,0,63,A
3-PA,1815,63,0,0,0,63,A
3-PA,1816,0,0,63,0,63,G
3-PA,1817,63,0,0,0,63,A
3-PA,1818,0,0,0,63,63,C
3-PA,1819,62,0,0,0,62,A
3-PA,1820,0,62,0,0,62,T
3-PA,1821,0,0,63,0,63,G
3-PA,1822,62,0,2,0,64,A
3-PA,1823,0,0,0,64,64,C
3-PA,1824,0,0,0,63,63,C
3-PA,1825,62,0,0,0,62,A
3-PA,1826,62,1,0,0,63,A
3-PA,1827,62,0,0,0,62,A
3-PA,1828,0,0,64,0,64,G
3-PA,1829,63,0,0,0,63,A
3-PA,1830,0,0,63,0,63,G
3-PA,1831,0,60,0,0,60,T
3-PA,1832,0,60,0,0,60,T
3-PA,1833,0,59,0,0,59,T
3-PA,1834,0,59,0,0,59,T
3-PA,1835,0,62,0,0,62,T
3-PA,1836,0,62,0,0,62,T
3-PA,1837,0,0,60,0,60,G
3-PA,1838,61,0,0,0,61,A
3-PA,1839,0,0,62,0,62,G
3-PA,1840,62,0,0,0,62,A
3-PA,1841,62,0,0,0,62,A
3-PA,1842,0,62,0,0,62,T
3-PA,1843,62,0,0,0,62,A
3-PA,1844,66,0,0,0,66,A
3-PA,1845,66,0,0,0,66,A
3-PA,1846,0,66,0,0,66,T
3-PA,1847,0,0,0,66,66,C
3-PA,1848,66,0,0,0,66,A
3-PA,1849,0,0,66,0,66,G
3-PA,1850,66,0,0,0,66,A
3-PA,1851,67,0,0,0,67,A
3-PA,1852,0,0,67,0,67,G
3-PA,1853,0,0,0,63,63,C
3-PA,1854,63,0,0,0,63,A
3-PA,1855,0,63,0,0,63,T
3-PA,1856,0,0,62,0,62,G
3-PA,1857,0,0,62,0,62,G
3-PA,1858,0,0,0,61,61,C
3-PA,1859,0,0,0,65,65,C
3-PA,1860,0,0,0,65,65,C
3-PA,1861,64,0,0,0,64,A
3-PA,1862,0,65,0,0,65,T
3-PA,1863,0,65,0,0,65,T
3-PA,1864,1,0,64,0,65,G
3-PA,1865,0,0,65,0,65,G
3-PA,1866,0,0,64,0,64,G
3-PA,1867,0,0,64,0,64,G
3-PA,1868,62,0,0,0,62,A
3-PA,1869,0,0,65,0,65,G
3-PA,1870,0,62,0,0,62,T
3-PA,1871,0,0,0,64,64,C
3-PA,1872,0,0,0,63,63,C
3-PA,1873,0,0,0,65,65,C
3-PA,1874,0,0,0,65,65,C
3-PA,1875,0,0,0,64,64,C
3-PA,1876,64,0,0,0,64,A
3-PA,1877,64,0,0,0,64,A
3-PA,1878,0,0,64,0,64,G
3-PA,1879,0,0,60,0,60,G
3-PA,1880,0,0,62,0,62,G
3-PA,1881,60,0,0,0,60,A
3-PA,1882,0,0,59,0,59,G
3-PA,1883,0,60,0,0,60,T
3-PA,1884,0,0,61,0,61,G
3-PA,1885,0,0,61,0,61,G
3-PA,1886,61,0,0,0,61,A
3-PA,1887,61,0,0,0,61,A
3-PA,1888,0,0,61,0,61,G
3-PA,1889,61,0,0,0,61,A
3-PA,1890,61,0,0,0,61,A
3-PA,1891,0,0,61,0,61,G
3-PA,1892,0,0,61,0,61,G
3-PA,1893,0,60,0,0,60,T
3-PA,1894,0,59,0,0,59,T
3-PA,1895,0,0,0,59,59,C
3-PA,1896,0,0,0,59,59,C
3-PA,1897,59,0,0,0,59,A
3-PA,1898,0,59,0,0,59,T
3-PA,1899,0,59,0,0,59,T
3-PA,1900,0,0,58,0,58,G
3-PA,1901,0,0,58,0,58,G
3-PA,1902,0,0,58,0,58,G
3-PA,1903,57,0,0,0,57,A
3-PA,1904,57,0,0,0,57,A
3-PA,1905,57,0,0,0,57,A
3-PA,1906,0,0,57,0,57,G
3-PA,1907,0,56,0,0,56,T
3-PA,1908,0,0,0,56,56,C
3-PA,1909,0,56,0,0,56,T
3-PA,1910,0,0,56,0,56,G
3-PA,1911,0,56,0,0,56,T
3-PA,1912,55,0,0,0,55,A
3-PA,1913,0,0,56,0,56,G
3-PA,1914,0,0,54,0,54,G
3-PA,1915,55,0,0,0,55,A
3-PA,1916,0,0,0,56,56,C
3-PA,1917,0,51,0,1,52,T
3-PA,1918,0,0,0,51,51,C
3-PA,1919,0,52,0,0,52,T
3-PA,1920,52,0,0,0,52,A
3-PA,1921,0,52,0,0,52,T
3-PA,1922,0,52,0,0,52,T
3-PA,1923,0,0,53,0,53,G
3-PA,1924,0,0,53,0,53,G
3-PA,1925,0,0,0,53,53,C
3-PA,1926,0,53,0,0,53,T
3-PA,1927,51,0,0,0,51,A
3-PA,1928,51,0,0,0,51,A
3-PA,1929,0,0,52,0,52,G
3-PA,1930,0,52,0,0,52,T
3-PA,1931,0,0,0,52,52,C
3-PA,1932,50,0,0,0,50,A
3-PA,1933,0,0,51,0,51,G
3-PA,1934,0,51,0,0,51,T
3-PA,1935,55,0,0,0,55,A
3-PA,1936,0,58,0,0,58,T
3-PA,1937,0,60,0,0,60,T
3-PA,1938,0,0,0,61,61,C
3-PA,1939,60,0,0,0,60,A
3-PA,1940,60,0,0,0,60,A
3-PA,1941,0,60,0,0,60,T
3-PA,1942,61,0,0,0,61,A
3-PA,1943,0,0,61,0,61,G
3-PA,1944,0,0,0,59,59,C
3-PA,1945,0,0,0,59,59,C
3-PA,1946,0,58,0,0,58,T
3-PA,1947,0,0,59,0,59,G
3-PA,1948,0,59,0,0,59,T
3-PA,1949,59,0,0,0,59,A
3-PA,1950,0,59,0,0,59,T
3-PA,1951,0,0,59,0,59,G
3-PA,1952,0,0,0,61,61,C
3-PA,1953,59,0,0,0,59,A
3-PA,1954,0,59,0,0,59,T
3-PA,1955,0,0,0,59,59,C
3-PA,1956,58,0,0,0,58,A
3-PA,1957,0,0,0,59,59,C
3-PA,1958,0,1,0,58,59,C
3-PA,1959,59,0,0,0,59,A
3-PA,1960,0,0,0,60,60,C
3-PA,1961,60,0,0,0,60,A
3-PA,1962,60,0,0,0,60,A
3-PA,1963,0,59,0,0,59,T
3-PA,1964,0,60,0,0,60,T
3-PA,1965,0,0,60,0,60,G
3-PA,1966,0,0,60,0,60,G
3-PA,1967,60,0,0,0,60,A
3-PA,1968,60,0,0,0,60,A
3-PA,1969,0,0,58,0,58,G
3-PA,1970,0,0,59,0,59,G
3-PA,1971,59,0,0,0,59,A
3-PA,1972,0,59,0,0,59,T
3-PA,1973,0,59,0,0,59,T
3-PA,1974,0,58,0,0,58,T
3-PA,1975,0,59,0,0,59,T
3-PA,1976,0,0,0,59,59,C
3-PA,1977,58,0,0,0,58,A
3-PA,1978,0,0,59,0,59,G
3-PA,1979,0,0,0,57,57,C
3-PA,1980,0,0,57,0,57,G
3-PA,1981,0,0,57,0,57,G
3-PA,1982,55,0,0,0,55,A
3-PA,1983,0,0,55,0,55,G
3-PA,1984,0,55,0,0,55,T
3-PA,1985,0,0,0,55,55,C
3-PA,1986,55,0,0,0,55,A
3-PA,1987,55,0,0,0,55,A
3-PA,1988,0,0,55,0,55,G
3-PA,1989,54,0,0,1,55,A
3-PA,1990,55,0,0,0,55,A
3-PA,1991,55,0,0,0,55,A
3-PA,1992,54,0,0,0,54,A
3-PA,1993,0,0,0,54,54,C
3-PA,1994,0,53,0,0,53,T
3-PA,1995,0,0,56,0,56,G
3-PA,1996,0,0,0,57,57,C
3-PA,1997,0,56,0,1,57,T
3-PA,1998,0,0,0,57,57,C
3-PA,1999,0,0,0,57,57,C
3-PA,2000,0,56,0,0,56,T
3-PA,2001,0,55,0,0,55,T
3-PA,2002,0,0,56,0,56,G
3-PA,2003,0,56,0,0,56,T
3-PA,2004,0,56,0,0,56,T
3-PA,2005,0,0,57,0,57,G
3-PA,2006,0,56,0,0,56,T
3-PA,2007,0,57,0,0,57,T
3-PA,2008,0,0,0,57,57,C
3-PA,2009,55,0,0,0,55,A
3-PA,2010,0,0,56,0,56,G
3-PA,2011,0,0,56,0,56,G
3-PA,2012,0,0,0,56,56,C
3-PA,2013,0,56,0,0,56,T
3-PA,2014,0,0,0,58,58,C
3-PA,2015,0,58,0,0,58,T
3-PA,2016,0,58,0,0,58,T
3-PA,2017,58,0,0,0,58,A
3-PA,2018,0,1,57,0,58,G
3-PA,2019,0,0,57,0,57,G
3-PA,2020,0,0,56,0,56,G
3-PA,2021,56,0,0,0,56,A
3-PA,2022,0,0,0,56,56,C
3-PA,2023,54,0,0,0,54,A
3-PA,2024,55,0,0,0,55,A
3-PA,2025,0,0,0,56,56,C
3-PA,2026,0,0,0,56,56,C
3-PA,2027,0,57,0,0,57,T
3-PA,2028,0,0,0,57,57,C
3-PA,2029,0,0,57,0,57,G
3-PA,2030,57,0,0,0,57,A
3-PA,2031,58,0,0,0,58,A
3-PA,2032,0,0,0,57,57,C
3-PA,2033,0,0,0,58,58,C
3-PA,2034,0,57,0,0,57,T
3-PA,2035,0,0,57,0,57,G
3-PA,2036,0,0,57,0,57,G
3-PA,2037,0,0,57,0,57,G
3-PA,2038,57,0,0,0,57,A
3-PA,2039,0,0,0,56,56,C
3-PA,2040,0,0,0,55,55,C
3-PA,2041,0,56,0,0,56,T
3-PA,2042,0,56,0,0,56,T
3-PA,2043,0,56,0,0,56,T
3-PA,2044,0,0,56,0,56,G
3-PA,2045,55,0,0,0,55,A
3-PA,2046,0,54,0,0,54,T
3-PA,2047,0,0,0,55,55,C
3-PA,2048,0,55,0,0,55,T
3-PA,2049,0,54,0,0,54,T
3-PA,2050,0,0,54,0,54,G
3-PA,2051,0,0,54,0,54,G
3-PA,2052,0,0,54,0,54,G
3-PA,2053,0,0,55,0,55,G
3-PA,2054,0,0,52,0,52,G
3-PA,2055,0,0,53,0,53,G
3-PA,2056,0,0,0,52,52,C
3-PA,2057,0,52,0,0,52,T
3-PA,2058,53,0,0,0,53,A
3-PA,2059,0,54,0,0,54,T
3-PA,2060,54,0,0,0,54,A
3-PA,2061,0,54,0,0,54,T
3-PA,2062,0,0,53,0,53,G
3-PA,2063,51,0,0,0,51,A
3-PA,2064,51,0,0,0,51,A
3-PA,2065,0,0,52,0,52,G
3-PA,2066,0,0,0,52,52,C
3-PA,2067,51,0,1,0,52,A
3-PA,2068,51,0,0,0,51,A
3-PA,2069,0,52,0,0,52,T
3-PA,2070,0,51,0,0,51,T
3-PA,2071,0,0,51,0,51,G
3-PA,2072,51,0,0,0,51,A
3-PA,2073,0,0,51,0,51,G
3-PA,2074,0,0,50,0,50,G
3-PA,2075,48,0,0,0,48,A
3-PA,2076,0,0,48,0,48,G
3-PA,2077,0,43,0,0,43,T
3-PA,2078,0,0,43,0,43,G
3-PA,2079,0,0,0,43,43,C
3-PA,2080,0,0,0,43,43,C
3-PA,2081,0,39,0,0,39,T
3-PA,2082,0,0,40,0,40,G
3-PA,2083,40,0,0,0,40,A
3-PA,2084,0,41,0,0,41,T
3-PA,2085,0,39,0,0,39,T
3-PA,2086,39,0,0,0,39,A
3-PA,2087,39,0,0,0,39,A
3-PA,2088,0,38,0,0,38,T
3-PA,2089,0,0,39,0,39,G
3-PA,2090,38,0,0,0,38,A
3-PA,2091,0,38,0,0,38,T
3-PA,2092,0,0,0,37,37,C
3-PA,2093,0,0,0,38,38,C
3-PA,2094,0,0,0,38,38,C
3-PA,2095,0,37,0,0,37,T
3-PA,2096,0,0,37,0,37,G
3-PA,2097,0,0,37,0,37,G
3-PA,2098,0,0,37,0,37,G
3-PA,2099,0,37,0,0,37,T
3-PA,2100,0,35,0,0,35,T
3-PA,2101,0,36,0,0,36,T
3-PA,2102,0,36,0,0,36,T
3-PA,2103,0,0,36,0,36,G
3-PA,2104,0,0,0,35,35,C
3-PA,2105,0,34,0,0,34,T
3-PA,2106,0,0,0,34,34,C
3-PA,2107,30,0,0,0,30,A
3-PA,2108,30,0,0,0,30,A
3-PA,2109,0,30,0,0,30,T
3-PA,2110,0,0,30,0,30,G
3-PA,2111,0,0,0,30,30,C
3-PA,2112,0,0,28,0,28,G
3-PA,2113,0,28,0,0,28,T
3-PA,2114,0,1,0,27,28,C
3-PA,2115,0,28,0,0,28,T
3-PA,2116,0,28,0,0,28,T
3-PA,2117,0,0,28,0,28,G
3-PA,2118,0,0,28,0,28,G
3-PA,2119,0,28,0,0,28,T
3-PA,2120,0,28,0,0,28,T
3-PA,2121,0,0,0,27,27,C
3-PA,2122,26,0,0,0,26,A
3-PA,2123,27,0,0,0,27,A
3-PA,2124,0,0,0,27,27,C
3-PA,2125,0,27,0,0,27,T
3-PA,2126,0,0,0,27,27,C
3-PA,2127,0,0,1,24,25,C
3-PA,2128,0,25,0,0,25,T
3-PA,2129,0,25,0,0,25,T
3-PA,2130,0,0,0,25,25,C
3-PA,2131,0,0,0,25,25,C
3-PA,2132,0,23,0,0,23,T
3-PA,2133,0,0,23,0,23,G
3-PA,2134,23,0,0,0,23,A
3-PA,2135,0,0,0,23,23,C
3-PA,2136,22,0,0,0,22,A
3-PA,2137,0,0,0,20,20,C
3-PA,2138,20,0,0,0,20,A
3-PA,2139,0,20,0,0,20,T
3-PA,2140,0,0,19,0,19,G
3-PA,2141,0,0,0,20,20,C
3-PA,2142,18,0,0,0,18,A
3-PA,2143,0,18,0,0,18,T
3-PA,2144,0,18,0,0,18,T
3-PA,2145,18,0,0,0,18,A
3-PA,2146,18,0,0,0,18,A
3-PA,2147,18,0,0,0,18,A
3-PA,2148,18,0,0,0,18,A
3-PA,2149,0,18,0,0,18,T
3-PA,2150,16,0,0,0,16,A
3-PA,2151,0,0,16,0,16,G
4-HA,1,183,0,0,0,183,A
4-HA,2,0,185,0,0,185,T
4-HA,3,0,0,184,0,184,G
4-HA,4,186,0,0,0,186,A
4-HA,5,189,0,0,0,189,A
4-HA,6,0,0,199,0,199,G
4-HA,7,201,0,0,0,201,A
4-HA,8,0,0,0,215,215,C
4-HA,9,0,216,0,1,217,T
4-HA,10,225,0,0,0,225,A
4-HA,11,0,238,0,0,238,T
4-HA,12,0,0,0,238,238,C
4-HA,13,237,0,1,0,238,A
4-HA,14,0,239,0,0,239,T
4-HA,15,0,241,0,0,241,T
4-HA,16,0,1,259,1,261,G
4-HA,17,1,0,0,266,267,C
4-HA,18,0,267,0,0,267,T
4-HA,19,0,268,0,0,268,T
4-HA,20,0,268,0,0,268,T
4-HA,21,0,0,286,0,286,G
4-HA,22,286,0,0,0,286,A
4-HA,23,0,0,293,0,293,G
4-HA,24,0,0,0,291,291,C
4-HA,25,0,296,0,0,296,T
4-HA,26,322,0,0,0,322,A
4-HA,27,0,0,0,330,330,C
4-HA,28,336,0,0,0,336,A
4-HA,29,0,355,0,0,355,T
4-HA,30,0,353,0,0,353,T
4-HA,31,0,0,0,360,360,C
4-HA,32,0,358,0,1,359,T
4-HA,33,368,0,1,0,369,A
4-HA,34,0,371,0,0,371,T
4-HA,35,0,4,367,0,371,G
4-HA,36,0,371,0,0,371,T
4-HA,37,0,0,0,371,371,C
4-HA,38,0,369,0,0,369,T
4-HA,39,0,1,365,0,366,G
4-HA,40,0,0,372,0,372,G
4-HA,41,0,369,0,0,369,T
4-HA,42,0,376,0,0,376,T
4-HA,43,0,376,0,0,376,T
4-HA,44,0,376,0,0,376,T
4-HA,45,0,0,0,375,375,C
4-HA,46,0,0,373,0,373,G
4-HA,47,0,0,0,379,379,C
4-HA,48,0,379,0,0,379,T
4-HA,49,0,0,0,380,380,C
4-HA,50,378,0,0,0,378,A
4-HA,51,382,0,1,0,383,A
4-HA,52,381,0,0,0,381,A
4-HA,53,384,0,0,0,384,A
4-HA,54,383,0,0,0,383,A
4-HA,55,0,0,0,386,386,C
4-HA,56,0,382,0,0,382,T
4-HA,57,0,383,0,0,383,T
4-HA,58,0,0,0,382,382,C
4-HA,59,0,0,0,381,381,C
4-HA,60,0,380,0,3,383,T
4-HA,61,0,1,385,0,386,G
4-HA,62,0,0,387,0,387,G
4-HA,63,387,0,0,1,388,A
4-HA,64,402,0,0,0,402,A
4-HA,65,402,0,0,0,402,A
4-HA,66,0,404,0,0,404,T
4-HA,67,0,1,412,0,413,G
4-HA,68,413,0,0,0,413,A
4-HA,69,0,0,0,416,416,C
4-HA,70,417,0,0,0,417,A
4-HA,71,414,0,1,0,415,A
4-HA,72,0,0,0,425,425,C
4-HA,73,418,0,0,0,418,A
4-HA,74,0,0,422,0,422,G
4-HA,75,0,0,0,422,422,C
4-HA,76,416,0,1,4,421,A
4-HA,77,0,0,0,429,429,C
4-HA,78,2,1,424,0,427,G
4-HA,79,0,0,435,0,435,G
4-HA,80,0,0,0,437,437,C
4-HA,81,432,0,0,0,432,A
4-HA,82,439,0,0,0,439,A
4-HA,83,0,0,0,443,443,C
4-HA,84,1,1,443,0,445,G
4-HA,85,0,0,0,446,446,C
4-HA,86,0,442,0,0,442,T
4-HA,87,0,0,449,0,449,G
4-HA,88,0,448,0,0,448,T
4-HA,89,0,0,462,0,462,G
4-HA,90,0,0,0,467,467,C
4-HA,91,2,0,0,478,480,C
4-HA,92,0,480,0,0,480,T
4-HA,93,0,475,0,0,475,T
4-HA,94,1,3,472,0,476,G
4-HA,95,0,0,479,0,479,G
4-HA,96,0,0,490,0,490,G
4-HA,97,0,0,0,488,488,C
4-HA,98,490,0,0,0,490,A
4-HA,99,0,0,0,497,497,C
4-HA,100,0,0,0,491,491,C
4-HA,101,532,0,0,0,532,A
4-HA,102,0,533,0,0,533,T
4-HA,103,0,0,531,0,531,G
4-HA,104,0,0,0,532,532,C
4-HA,105,529,0,0,0,529,A
4-HA,106,0,2,563,0,565,G
4-HA,107,0,565,0,0,565,T
4-HA,108,564,0,1,0,565,A
4-HA,109,0,0,0,563,563,C
4-HA,110,1,1,0,555,557,C
4-HA,111,558,0,0,0,558,A
4-HA,112,557,0,1,0,558,A
4-HA,113,562,0,0,1,563,A
4-HA,114,1,0,0,570,571,C
4-HA,115,0,1,559,0,560,G
4-HA,116,0,0,565,0,565,G
4-HA,117,567,0,0,0,567,A
4-HA,118,567,0,0,0,567,A
4-HA,119,0,0,0,569,569,C
4-HA,120,0,1,568,0,569,G
4-HA,121,575,0,0,0,575,A
4-HA,122,1,576,0,0,577,T
4-HA,123,585,0,2,0,587,A
4-HA,124,0,0,589,0,589,G
4-HA,125,0,583,0,0,583,T
4-HA,126,0,1,585,0,586,G
4-HA,127,585,0,2,0,587,A
4-HA,128,584,0,2,0,586,A
4-HA,129,587,0,1,0,588,A
4-HA,130,586,0,0,1,587,A
4-HA,131,0,0,0,590,590,C
4-HA,132,590,0,1,0,591,A
4-HA,133,590,1,1,0,592,A
4-HA,134,0,590,0,0,590,T
4-HA,135,2,0,0,587,589,C
4-HA,136,591,1,0,0,592,A
4-HA,137,0,0,0,588,588,C
4-HA,138,0,0,590,0,590,G
4-HA,139,587,0,0,0,587,A
4-HA,140,590,0,0,0,590,A
4-HA,141,0,589,0,0,589,T
4-HA,142,0,0,593,0,593,G
4-HA,143,597,0,0,0,597,A
4-HA,144,0,0,0,595,595,C
4-HA,145,1,0,0,594,595,C
4-HA,146,598,0,0,0,598,A
4-HA,147,596,0,0,0,596,A
4-HA,148,602,0,0,0,602,A
4-HA,149,0,602,0,0,602,T
4-HA,150,0,600,0,0,600,T
4-HA,151,0,3,599,0,602,G
4-HA,152,601,1,2,0,604,A
4-HA,153,604,0,2,0,606,A
4-HA,154,0,0,610,0,610,G
4-HA,155,0,608,0,1,609,T
4-HA,156,0,623,0,0,623,T
4-HA,157,626,0,1,0,627,A
4-HA,158,0,0,0,628,628,C
4-HA,159,0,631,0,0,631,T
4-HA,160,629,0,0,0,629,A
4-HA,161,643,0,0,0,643,A
4-HA,162,0,649,0,0,649,T
4-HA,163,1,0,646,0,647,G
4-HA,164,1,0,0,674,675,C
4-HA,165,1,672,0,1,674,T
4-HA,166,676,0,0,0,676,A
4-HA,167,0,0,0,674,674,C
4-HA,168,0,673,0,0,673,T
4-HA,169,0,0,673,0,673,G
4-HA,170,674,0,1,0,675,A
4-HA,171,0,0,679,0,679,G
4-HA,172,0,0,0,679,679,C
4-HA,173,0,671,0,0,671,T
4-HA,174,0,2,683,0,685,G
4-HA,175,0,0,695,0,695,G
4-HA,176,1,693,0,0,694,T
4-HA,177,0,701,0,1,702,T
4-HA,178,1,0,1,698,700,C
4-HA,179,697,0,0,0,697,A
4-HA,180,0,2,701,0,703,G
4-HA,181,702,0,0,0,702,A
4-HA,182,0,0,716,0,716,G
4-HA,183,0,709,0,1,710,T
4-HA,184,0,708,0,1,709,T
4-HA,185,0,1,0,705,706,C
4-HA,186,1,0,0,711,712,C
4-HA,187,0,711,0,0,711,T
4-HA,188,2,1,0,714,717,C
4-HA,189,716,0,0,0,716,A
4-HA,190,717,0,0,0,717,A
4-HA,191,0,0,0,714,714,C
4-HA,192,705,0,0,0,705,A
4-HA,193,0,1,720,0,721,G
4-HA,194,0,1,720,0,721,G
4-HA,195,0,714,0,0,714,T
4-HA,196,0,0,718,0,718,G
4-HA,197,715,1,2,0,718,A
4-HA,198,719,0,0,0,719,A
4-HA,199,739,0,0,1,740,A
4-HA,200,1,733,0,0,734,T
4-HA,201,742,0,1,0,743,A
4-HA,202,0,735,0,0,735,T
4-HA,203,0,0,729,0,729,G
4-HA,204,0,0,0,740,740,C
4-HA,205,0,1,738,0,739,G
4-HA,206,737,1,0,0,738,A
4-HA,207,0,0,0,741,741,C
4-HA,208,726,0,2,0,728,A
4-HA,209,0,1,760,0,761,G
4-HA,210,0,756,0,0,756,T
4-HA,211,0,0,0,771,771,C
4-HA,212,4,0,0,763,767,C
4-HA,213,0,763,0,1,764,T
4-HA,214,0,1,0,775,776,C
4-HA,215,780,0,0,0,780,A
4-HA,216,0,780,0,1,781,T
4-HA,217,0,0,0,782,782,C
4-HA,218,757,1,0,0,758,A
4-HA,219,0,0,760,1,761,G
4-HA,220,761,0,0,0,761,A
4-HA,221,0,761,0,0,761,T
4-HA,222,1,0,0,756,757,C
4-HA,223,0,0,0,756,756,C
4-HA,224,0,753,0,1,754,T
4-HA,225,0,754,0,0,754,T
4-HA,226,0,0,756,0,756,G
4-HA,227,758,0,0,0,758,A
4-HA,228,0,757,0,0,757,T
4-HA,229,1,1,759,0,761,G
4-HA,230,0,0,758,0,758,G
4-HA,231,750,1,0,0,751,A
4-HA,232,0,0,754,0,754,G
4-HA,233,752,0,0,0,752,A
4-HA,234,756,0,1,0,757,A
4-HA,235,756,0,1,0,757,A
4-HA,236,756,0,1,0,757,A
4-HA,237,0,0,0,759,759,C
4-HA,238,0,753,0,1,754,T
4-HA,239,0,0,756,0,756,G
4-HA,240,0,0,0,752,752,C
4-HA,241,755,0,0,0,755,A
4-HA,242,1,0,0,778,779,C
4-HA,243,778,1,0,0,779,A
4-HA,244,0,0,0,858,858,C
4-HA,245,0,850,0,0,850,T
4-HA,246,859,0,0,0,859,A
4-HA,247,856,0,0,0,856,A
4-HA,248,0,856,0,1,857,T
4-HA,249,852,0,3,1,856,A
4-HA,250,0,0,860,0,860,G
4-HA,251,842,0,1,0,843,A
4-HA,252,0,830,0,0,830,T
4-HA,253,0,0,789,0,789,G
4-HA,254,0,0,0,791,791,C
4-HA,255,0,787,0,1,788,T
4-HA,256,0,1,0,836,837,C
4-HA,257,0,836,0,0,836,T
4-HA,258,861,0,0,0,861,A
4-HA,259,0,859,0,0,859,T
4-HA,260,0,853,0,0,853,T
4-HA,261,0,6,847,0,853,G
4-HA,262,1,3,842,0,846,G
4-HA,263,0,0,852,0,852,G
4-HA,264,838,0,1,0,839,A
4-HA,265,0,1,819,0,820,G
4-HA,266,797,0,2,0,799,A
4-HA,267,1,0,0,815,816,C
4-HA,268,1,0,0,817,818,C
4-HA,269,3,0,0,820,823,C
4-HA,270,0,821,0,1,822,T
4-HA,271,0,1,1,830,832,C
4-HA,272,825,1,1,0,827,A
4-HA,273,1,0,849,0,850,G
4-HA,274,0,846,0,2,848,T
4-HA,275,1,0,855,0,856,G
4-HA,276,0,838,0,1,839,T
4-HA,277,0,1,835,0,836,G
4-HA,278,834,0,1,0,835,A
4-HA,279,0,821,0,10,831,T
4-HA,280,0,1,824,0,825,G
4-HA,281,0,0,824,0,824,G
4-HA,282,0,0,0,814,814,C
4-HA,283,0,1,0,807,808,C
4-HA,284,0,814,0,1,815,T
4-HA,285,1,0,0,819,820,C
4-HA,286,0,0,0,819,819,C
4-HA,287,818,0,1,0,819,A
4-HA,288,822,0,0,0,822,A
4-HA,289,820,0,0,0,820,A
4-HA,290,817,0,0,0,817,A
4-HA,291,0,1,0,812,813,C
4-HA,292,814,0,0,0,814,A
4-HA,293,814,0,1,0,815,A
4-HA,294,0,0,820,0,820,G
4-HA,295,824,1,0,0,825,A
4-HA,296,824,0,0,1,825,A
4-HA,297,822,0,1,0,823,A
4-HA,298,0,819,0,0,819,T
4-HA,299,0,3,821,0,824,G
4-HA,300,0,2,817,1,820,G
4-HA,301,0,1,815,0,816,G
4-HA,302,822,1,0,0,823,A
4-HA,303,0,0,0,829,829,C
4-HA,304,0,0,0,828,828,C
4-HA,305,0,832,0,1,833,T
4-HA,306,0,832,0,0,832,T
4-HA,307,0,835,0,1,836,T
4-HA,308,0,835,0,0,835,T
4-HA,309,0,836,0,0,836,T
4-HA,310,0,0,841,0,841,G
4-HA,311,0,840,0,1,841,T
4-HA,312,0,835,0,0,835,T
4-HA,313,0,1,834,0,835,G
4-HA,314,826,0,1,0,827,A
4-HA,315,829,0,0,0,829,A
4-HA,316,0,2,0,826,828,C
4-HA,317,0,1,821,0,822,G
4-HA,318,0,0,0,829,829,C
4-HA,319,830,0,0,0,830,A
4-HA,320,0,0,832,0,832,G
4-HA,321,0,0,0,829,829,C
4-HA,322,830,0,0,0,830,A
4-HA,323,833,0,0,0,833,A
4-HA,324,835,0,0,0,835,A
4-HA,325,0,0,854,0,854,G
4-HA,326,0,0,0,854,854,C
4-HA,327,1,0,0,846,847,C
4-HA,328,1,843,0,0,844,T
4-HA,329,842,0,0,0,842,A
4-HA,330,0,1,0,849,850,C
4-HA,331,846,0,0,0,846,A
4-HA,332,0,0,849,0,849,G
4-HA,333,0,0,0,843,843,C
4-HA,334,823,1,0,0,824,A
4-HA,335,830,0,0,0,830,A
4-HA,336,1,0,0,862,863,C
4-HA,337,0,861,0,0,861,T
4-HA,338,0,0,863,0,863,G
4-HA,339,0,850,0,0,850,T
4-HA,340,0,851,0,0,851,T
4-HA,341,853,0,0,0,853,A
4-HA,342,0,0,0,907,907,C
4-HA,343,1,0,0,906,907,C
4-HA,344,5,0,0,911,916,C
4-HA,345,0,888,0,0,888,T
4-HA,346,0,886,0,0,886,T
4-HA,347,890,0,0,1,891,A
4-HA,348,0,889,0,1,890,T
4-HA,349,0,0,887,0,887,G
4-HA,350,887,0,0,1,888,A
4-HA,351,1,821,0,0,822,T
4-HA,352,0,0,833,0,833,G
4-HA,353,0,812,0,1,813,T
4-HA,354,1,0,811,0,812,G
4-HA,355,0,0,0,817,817,C
4-HA,356,0,0,1,812,813,C
4-HA,357,0,0,828,0,828,G
4-HA,358,0,0,830,0,830,G
4-HA,359,828,0,1,0,829,A
4-HA,360,0,831,1,1,833,T
4-HA,361,0,817,0,0,817,T
4-HA,362,816,0,1,0,817,A
4-HA,363,0,818,0,0,818,T
4-HA,364,0,1,816,0,817,G
4-HA,365,0,0,0,819,819,C
4-HA,366,0,1,0,810,811,C
4-HA,367,0,809,0,0,809,T
4-HA,368,0,0,0,836,836,C
4-HA,369,1,0,0,839,840,C
4-HA,370,3,0,0,836,839,C
4-HA,371,0,836,1,0,837,T
4-HA,372,1,836,0,0,837,T
4-HA,373,830,0,0,0,830,A
4-HA,374,0,1,842,0,843,G
4-HA,375,0,0,847,0,847,G
4-HA,376,0,841,0,1,842,T
4-HA,377,3,0,0,814,817,C
4-HA,378,805,0,0,1,806,A
4-HA,379,0,0,0,817,817,C
4-HA,380,0,814,0,0,814,T
4-HA,381,816,0,0,0,816,A
4-HA,382,0,0,816,0,816,G
4-HA,383,0,808,0,0,808,T
4-HA,384,0,803,0,0,803,T
4-HA,385,0,0,807,0,807,G
4-HA,386,0,2,0,807,809,C
4-HA,387,2,0,0,810,812,C
4-HA,388,0,795,0,0,795,T
4-HA,389,0,1,0,799,800,C
4-HA,390,810,0,0,0,810,A
4-HA,391,0,809,0,0,809,T
4-HA,392,0,0,0,811,811,C
4-HA,393,0,1,0,812,813,C
4-HA,394,0,0,804,0,804,G
4-HA,395,0,0,809,0,809,G
4-HA,396,0,0,1,811,812,C
4-HA,397,816,0,0,0,816,A
4-HA,398,0,0,0,825,825,C
4-HA,399,802,0,0,0,802,A
4-HA,400,0,0,0,804,804,C
4-HA,401,0,801,0,0,801,T
4-HA,402,0,0,804,0,804,G
4-HA,403,0,2,805,0,807,G
4-HA,404,794,0,1,0,795,A
4-HA,405,0,0,806,0,806,G
4-HA,406,0,802,0,0,802,T
4-HA,407,0,792,0,0,792,T
4-HA,408,1,1,0,778,780,C
4-HA,409,782,0,0,0,782,A
4-HA,410,789,0,1,0,790,A
4-HA,411,0,0,0,795,795,C
4-HA,412,779,0,0,0,779,A
4-HA,413,776,0,0,0,776,A
4-HA,414,1,771,0,0,772,T
4-HA,415,0,0,769,0,769,G
4-HA,416,770,1,0,0,771,A
4-HA,417,766,0,0,0,766,A
4-HA,418,771,0,0,0,771,A
4-HA,419,0,2,777,0,779,G
4-HA,420,0,0,0,776,776,C
4-HA,421,0,776,0,1,777,T
4-HA,422,0,777,0,0,777,T
4-HA,423,0,0,0,777,777,C
4-HA,424,778,0,0,0,778,A
4-HA,425,780,0,0,0,780,A
4-HA,426,0,776,0,0,776,T
4-HA,427,0,773,0,1,774,T
4-HA,428,0,0,766,0,766,G
4-HA,429,0,0,769,0,769,G
4-HA,430,1,0,0,765,766,C
4-HA,431,0,0,0,796,796,C
4-HA,432,0,796,0,1,797,T
4-HA,433,0,0,798,0,798,G
4-HA,434,0,0,802,0,802,G
4-HA,435,803,0,1,0,804,A
4-HA,436,0,0,804,0,804,G
4-HA,437,0,783,0,0,783,T
4-HA,438,2,2,0,759,763,C
4-HA,439,769,0,0,0,769,A
4-HA,440,0,0,0,769,769,C
4-HA,441,1,762,0,1,764,T
4-HA,442,0,0,0,769,769,C
4-HA,443,761,0,0,0,761,A
4-HA,444,770,0,0,1,771,A
4-HA,445,768,0,1,0,769,A
4-HA,446,770,0,1,0,771,A
4-HA,447,1,1,0,769,771,C
4-HA,448,0,1,767,0,768,G
4-HA,449,1,1,780,0,782,G
4-HA,450,781,0,0,0,781,A
4-HA,451,783,0,0,0,783,A
4-HA,452,0,0,1,782,783,C
4-HA,453,778,0,0,0,778,A
4-HA,454,787,0,0,0,787,A
4-HA,455,0,0,789,1,790,G
4-HA,456,1,0,0,792,793,C
4-HA,457,0,778,0,2,780,T
4-HA,458,1,1,0,788,790,C
4-HA,459,0,784,0,0,784,T
4-HA,460,1,0,785,0,786,G
4-HA,461,0,0,0,784,784,C
4-HA,462,0,781,0,0,781,T
4-HA,463,0,786,0,1,787,T
4-HA,464,0,0,804,1,805,G
4-HA,465,0,0,1,811,812,C
4-HA,466,813,0,0,0,813,A
4-HA,467,0,804,0,0,804,T
4-HA,468,803,0,0,0,803,A
4-HA,469,800,0,1,0,801,A
4-HA,470,0,1,793,0,794,G
4-HA,471,0,1,797,0,798,G
4-HA,472,759,0,0,0,759,A
4-HA,473,0,1,750,0,751,G
4-HA,474,742,0,1,0,743,A
4-HA,475,0,763,0,0,763,T
4-HA,476,0,0,0,776,776,C
4-HA,477,0,776,0,1,777,T
4-HA,478,776,0,1,0,777,A
4-HA,479,776,0,0,1,777,A
4-HA,480,0,777,0,0,777,T
4-HA,481,775,0,0,0,775,A
4-HA,482,764,0,0,0,764,A
4-HA,483,0,0,0,768,768,C
4-HA,484,737,1,0,0,738,A
4-HA,485,0,0,740,0,740,G
4-HA,486,0,732,0,1,733,T
4-HA,487,0,738,0,0,738,T
4-HA,488,0,738,0,0,738,T
4-HA,489,0,0,0,755,755,C
4-HA,490,0,756,0,0,756,T
4-HA,491,0,756,0,0,756,T
4-HA,492,0,753,0,0,753,T
4-HA,493,751,0,1,0,752,A
4-HA,494,0,2,749,0,751,G
4-HA,495,0,752,0,0,752,T
4-HA,496,729,0,0,0,729,A
4-HA,497,0,0,730,0,730,G
4-HA,498,722,0,0,0,722,A
4-HA,499,0,720,1,0,721,T
4-HA,500,0,719,0,0,719,T
4-HA,501,0,0,725,0,725,G
4-HA,502,722,0,1,0,723,A
4-HA,503,724,0,0,0,724,A
4-HA,504,0,722,0,0,722,T
4-HA,505,0,714,0,1,715,T
4-HA,506,0,2,718,0,720,G
4-HA,507,1,0,719,0,720,G
4-HA,508,0,722,0,0,722,T
4-HA,509,0,721,0,0,721,T
4-HA,510,0,2,705,0,707,G
4-HA,511,709,0,1,0,710,A
4-HA,512,0,0,0,704,704,C
4-HA,513,1,1,0,703,705,C
4-HA,514,0,1,0,706,707,C
4-HA,515,703,0,0,0,703,A
4-HA,516,0,0,0,708,708,C
4-HA,517,0,707,0,0,707,T
4-HA,518,0,704,0,2,706,T
4-HA,519,707,0,0,0,707,A
4-HA,520,707,0,0,0,707,A
4-HA,521,703,0,0,0,703,A
4-HA,522,711,0,0,0,711,A
4-HA,523,0,713,0,1,714,T
4-HA,524,0,709,0,0,709,T
4-HA,525,0,0,0,709,709,C
4-HA,526,706,0,0,0,706,A
4-HA,527,707,0,0,0,707,A
4-HA,528,710,0,0,0,710,A
4-HA,529,0,710,0,0,710,T
4-HA,530,723,0,0,0,723,A
4-HA,531,0,0,0,723,723,C
4-HA,532,0,0,0,705,705,C
4-HA,533,2,0,0,703,705,C
4-HA,534,707,0,0,0,707,A
4-HA,535,0,0,743,0,743,G
4-HA,536,0,0,0,748,748,C
4-HA,537,748,0,0,0,748,A
4-HA,538,0,743,0,0,743,T
4-HA,539,0,735,0,0,735,T
4-HA,540,736,0,1,0,737,A
4-HA,541,749,1,0,0,750,A
4-HA,542,753,0,1,0,754,A
4-HA,543,0,0,0,753,753,C
4-HA,544,0,0,731,0,731,G
4-HA,545,1,726,0,0,727,T
4-HA,546,0,0,726,0,726,G
4-HA,547,726,0,0,0,726,A
4-HA,548,0,0,0,726,726,C
4-HA,549,0,711,0,0,711,T
4-HA,550,721,0,0,0,721,A
4-HA,551,0,718,0,0,718,T
4-HA,552,1,0,720,0,721,G
4-HA,553,0,0,0,718,718,C
4-HA,554,0,0,0,716,716,C
4-HA,555,718,0,0,0,718,A
4-HA,556,719,0,0,0,719,A
4-HA,557,731,1,0,0,732,A
4-HA,558,0,0,0,731,731,C
4-HA,559,709,0,1,0,710,A
4-HA,560,707,0,2,0,709,A
4-HA,561,1,702,0,0,703,T
4-HA,562,0,1,703,0,704,G
4-HA,563,704,0,1,0,705,A
4-HA,564,704,1,0,0,705,A
4-HA,565,1,0,0,688,689,C
4-HA,566,695,0,0,0,695,A
4-HA,567,697,0,0,0,697,A
4-HA,568,0,699,0,0,699,T
4-HA,569,0,696,0,0,696,T
4-HA,570,0,696,0,0,696,T
4-HA,571,0,0,695,0,695,G
4-HA,572,693,2,1,0,696,A
4-HA,573,1,1,0,694,696,C
4-HA,574,693,0,0,0,693,A
4-HA,575,689,0,0,0,689,A
4-HA,576,703,0,0,0,703,A
4-HA,577,0,701,1,0,702,T
4-HA,578,1,702,0,0,703,T
4-HA,579,0,0,716,0,716,G
4-HA,580,0,714,0,0,714,T
4-HA,581,714,2,0,0,716,A
4-HA,582,0,2,0,732,734,C
4-HA,583,727,0,0,0,727,A
4-HA,584,1,739,0,0,740,T
4-HA,585,1,732,0,0,733,T
4-HA,586,0,732,0,0,732,T
4-HA,587,0,1,722,0,723,G
4-HA,588,0,1,729,0,730,G
4-HA,589,0,2,724,0,726,G
4-HA,590,0,4,725,0,729,G
4-HA,591,1,1,717,0,719,G
4-HA,592,0,1,733,0,734,G
4-HA,593,0,727,0,1,728,T
4-HA,594,0,729,0,0,729,T
4-HA,595,1,0,0,725,726,C
4-HA,596,733,0,0,0,733,A
4-HA,597,1,1,0,739,741,C
4-HA,598,1,0,0,732,733,C
4-HA,599,729,1,0,0,730,A
4-HA,600,1,0,0,741,742,C
4-HA,601,2,0,0,724,726,C
4-HA,602,2,0,0,711,713,C
4-HA,603,0,1,719,0,720,G
4-HA,604,0,3,750,0,753,G
4-HA,605,0,1,752,0,753,G
4-HA,606,0,749,0,0,749,T
4-HA,607,749,1,0,0,750,A
4-HA,608,0,0,0,749,749,C
4-HA,609,1,0,733,0,734,G
4-HA,610,0,0,741,0,741,G
4-HA,611,736,0,1,0,737,A
4-HA,612,0,0,0,737,737,C
4-HA,613,696,0,0,0,696,A
4-HA,614,696,0,0,0,696,A
4-HA,615,0,693,0,0,693,T
4-HA,616,0,1,698,1,700,G
4-HA,617,698,0,0,0,698,A
4-HA,618,0,0,0,697,697,C
4-HA,619,0,0,0,686,686,C
4-HA,620,681,0,0,0,681,A
4-HA,621,677,1,0,0,678,A
4-HA,622,695,0,0,0,695,A
4-HA,623,0,691,0,0,691,T
4-HA,624,0,0,0,699,699,C
4-HA,625,0,685,0,0,685,T
4-HA,626,1,689,0,0,690,T
4-HA,627,0,1,0,694,695,C
4-HA,628,1,0,0,701,702,C
4-HA,629,0,696,0,0,696,T
4-HA,630,0,1,702,0,703,G
4-HA,631,0,691,0,1,692,T
4-HA,632,701,0,0,0,701,A
4-HA,633,0,695,0,0,695,T
4-HA,634,1,0,699,0,700,G
4-HA,635,0,1,0,700,701,C
4-HA,636,0,695,0,0,695,T
4-HA,637,0,1,0,689,690,C
4-HA,638,691,0,1,0,692,A
4-HA,639,688,0,2,0,690,A
4-HA,640,0,0,695,0,695,G
4-HA,641,0,0,0,698,698,C
4-HA,642,697,0,0,0,697,A
4-HA,643,0,688,0,1,689,T
4-HA,644,0,0,0,687,687,C
4-HA,645,686,0,0,0,686,A
4-HA,646,0,2,686,0,688,G
4-HA,647,0,1,688,0,689,G
4-HA,648,684,0,0,0,684,A
4-HA,649,675,0,2,0,677,A
4-HA,650,0,0,683,0,683,G
4-HA,651,680,0,0,0,680,A
4-HA,652,693,0,0,0,693,A
4-HA,653,0,698,0,0,698,T
4-HA,654,0,0,0,695,695,C
4-HA,655,695,0,0,0,695,A
4-HA,656,0,1,0,694,695,C
4-HA,657,691,0,0,0,691,A
4-HA,658,0,0,704,0,704,G
4-HA,659,0,692,0,2,694,T
4-HA,660,0,0,0,699,699,C
4-HA,661,0,689,0,0,689,T
4-HA,662,0,0,0,707,707,C
4-HA,663,0,705,0,1,706,T
4-HA,664,710,0,0,0,710,A
4-HA,665,0,1,0,706,707,C
4-HA,666,1,0,0,705,706,C
4-HA,667,701,0,0,0,701,A
4-HA,668,702,0,0,0,702,A
4-HA,669,697,0,0,0,697,A
4-HA,670,699,0,0,0,699,A
4-HA,671,1,0,696,0,697,G
4-HA,672,688,0,0,0,688,A
4-HA,673,686,0,0,0,686,A
4-HA,674,0,1,682,0,683,G
4-HA,675,0,1,0,684,685,C
4-HA,676,0,0,0,685,685,C
4-HA,677,685,0,1,0,686,A
4-HA,678,688,1,0,0,689,A
4-HA,679,1,0,0,690,691,C
4-HA,680,689,0,0,0,689,A
4-HA,681,690,0,0,0,690,A
4-HA,682,685,0,0,0,685,A
4-HA,683,0,0,0,702,702,C
4-HA,684,0,697,0,0,697,T
4-HA,685,0,0,705,0,705,G
4-HA,686,0,704,0,0,704,T
4-HA,687,706,0,0,0,706,A
4-HA,688,706,1,0,0,707,A
4-HA,689,0,708,0,0,708,T
4-HA,690,0,0,0,712,712,C
4-HA,691,0,0,0,711,711,C
4-HA,692,0,0,0,697,697,C
4-HA,693,0,0,701,0,701,G
4-HA,694,696,0,0,0,696,A
4-HA,695,701,0,0,0,701,A
4-HA,696,0,701,0,0,701,T
4-HA,697,700,0,0,0,700,A
4-HA,698,0,699,0,0,699,T
4-HA,699,1,0,0,694,695,C
4-HA,700,0,0,694,0,694,G
4-HA,701,0,0,705,0,705,G
4-HA,702,702,0,0,0,702,A
4-HA,703,0,704,0,4,708,T
4-HA,704,0,0,0,709,709,C
4-HA,705,0,707,0,0,707,T
4-HA,706,705,0,1,0,706,A
4-HA,707,0,0,709,0,709,G
4-HA,708,712,0,1,0,713,A
4-HA,709,2,0,0,706,708,C
4-HA,710,0,0,0,695,695,C
4-HA,711,0,0,0,694,694,C
4-HA,712,691,0,0,0,691,A
4-HA,713,0,0,733,0,733,G
4-HA,714,732,0,0,0,732,A
4-HA,715,1,0,742,0,743,G
4-HA,716,0,736,0,0,736,T
4-HA,717,733,0,0,0,733,A
4-HA,718,729,0,0,0,729,A
4-HA,719,0,2,739,0,741,G
4-HA,720,0,1,737,0,738,G
4-HA,721,737,0,0,0,737,A
4-HA,722,692,0,2,1,695,A
4-HA,723,0,693,0,0,693,T
4-HA,724,693,0,2,0,695,A
4-HA,725,0,691,0,0,691,T
4-HA,726,1,0,0,704,705,C
4-HA,727,0,0,0,704,704,C
4-HA,728,3,0,0,691,694,C
4-HA,729,0,684,0,2,686,T
4-HA,730,689,0,0,0,689,A
4-HA,731,1,0,692,0,693,G
4-HA,732,2,0,0,689,691,C
4-HA,733,681,0,0,0,681,A
4-HA,734,0,1,692,0,693,G
4-HA,735,687,0,1,0,688,A
4-HA,736,688,1,1,0,690,A
4-HA,737,0,689,0,1,690,T
4-HA,738,689,0,0,0,689,A
4-HA,739,693,0,0,0,693,A
4-HA,740,0,0,691,0,691,G
4-HA,741,0,0,0,696,696,C
4-HA,742,694,0,0,0,694,A
4-HA,743,1,669,0,0,670,T
4-HA,744,0,0,0,712,712,C
4-HA,745,1,713,0,0,714,T
4-HA,746,713,0,2,0,715,A
4-HA,747,0,716,0,0,716,T
4-HA,748,0,706,0,1,707,T
4-HA,749,0,0,713,0,713,G
4-HA,750,0,0,707,0,707,G
4-HA,751,706,0,2,0,708,A
4-HA,752,1,0,0,707,708,C
4-HA,753,666,0,0,0,666,A
4-HA,754,679,0,1,0,680,A
4-HA,755,0,703,0,0,703,T
4-HA,756,713,1,0,0,714,A
4-HA,757,0,0,729,0,729,G
4-HA,758,0,722,0,0,722,T
4-HA,759,729,0,0,0,729,A
4-HA,760,734,0,0,0,734,A
4-HA,761,749,1,0,0,750,A
4-HA,762,755,0,1,0,756,A
4-HA,763,0,0,0,766,766,C
4-HA,764,1,1,0,734,736,C
4-HA,765,0,0,732,0,732,G
4-HA,766,0,0,740,0,740,G
4-HA,767,0,3,746,0,749,G
4-HA,768,755,0,0,0,755,A
4-HA,769,0,1,764,0,765,G
4-HA,770,784,0,1,0,785,A
4-HA,771,0,0,1,782,783,C
4-HA,772,779,0,1,0,780,A
4-HA,773,0,782,0,0,782,T
4-HA,774,784,0,1,0,785,A
4-HA,775,1,0,0,802,803,C
4-HA,776,0,801,0,0,801,T
4-HA,777,0,804,0,0,804,T
4-HA,778,0,813,0,1,814,T
4-HA,779,0,808,0,0,808,T
4-HA,780,2,0,827,0,829,G
4-HA,781,832,0,0,0,832,A
4-HA,782,0,831,0,1,832,T
4-HA,783,0,871,0,2,873,T
4-HA,784,872,0,0,0,872,A
4-HA,785,875,0,0,1,876,A
4-HA,786,1,0,0,887,888,C
4-HA,787,891,0,0,0,891,A
4-HA,788,2,1,941,0,944,G
4-HA,789,0,0,0,947,947,C
4-HA,790,948,1,0,0,949,A
4-HA,791,0,0,0,955,955,C
4-HA,792,947,0,0,0,947,A
4-HA,793,0,2,956,1,959,G
4-HA,794,0,2,957,0,959,G
4-HA,795,1,1,988,0,990,G
4-HA,796,980,1,0,0,981,A
4-HA,797,998,0,0,0,998,A
4-HA,798,0,1003,0,0,1003,T
4-HA,799,2,0,0,1004,1006,C
4-HA,800,0,1010,0,0,1010,T
4-HA,801,1018,1,0,0,1019,A
4-HA,802,1013,1,0,0,1014,A
4-HA,803,0,1013,0,0,1013,T
4-HA,804,0,979,0,0,979,T
4-HA,805,1,0,997,0,998,G
4-HA,806,0,0,0,1025,1025,C
4-HA,807,0,1054,0,2,1056,T
4-HA,808,1,0,0,1094,1095,C
4-HA,809,0,0,1,1096,1097,C
4-HA,810,0,1099,0,0,1099,T
4-HA,811,1101,0,0,0,1101,A
4-HA,812,0,5,1099,0,1104,G
4-HA,813,2,5,1105,0,1112,G
4-HA,814,0,2,1119,0,1121,G
4-HA,815,0,0,1117,0,1117,G
4-HA,816,0,1082,0,1,1083,T
4-HA,817,0,1077,0,0,1077,T
4-HA,818,1081,0,0,0,1081,A
4-HA,819,0,0,0,1098,1098,C
4-HA,820,0,1094,0,0,1094,T
4-HA,821,0,1106,0,0,1106,T
4-HA,822,0,1,0,1102,1103,C
4-HA,823,1094,0,0,0,1094,A
4-HA,824,1099,0,0,0,1099,A
4-HA,825,1103,0,0,0,1103,A
4-HA,826,1112,0,0,0,1112,A
4-HA,827,0,1118,0,0,1118,T
4-HA,828,1111,0,1,0,1112,A
4-HA,829,0,1,0,1111,1112,C
4-HA,830,0,0,1114,0,1114,G
4-HA,831,1116,0,0,0,1116,A
4-HA,832,1110,0,2,0,1112,A
4-HA,833,0,0,1137,0,1137,G
4-HA,834,0,1140,0,0,1140,T
4-HA,835,0,2,1150,0,1152,G
4-HA,836,0,1,1154,0,1155,G
4-HA,837,0,1,1156,0,1157,G
4-HA,838,1157,0,1,0,1158,A
4-HA,839,1156,0,0,0,1156,A
4-HA,840,1157,0,0,1,1158,A
4-HA,841,1150,0,0,2,1152,A
4-HA,842,0,0,1176,0,1176,G
4-HA,843,0,0,0,1170,1170,C
4-HA,844,0,1156,0,1,1157,T
4-HA,845,1,0,0,1168,1169,C
4-HA,846,1172,0,0,0,1172,A
4-HA,847,1178,0,1,0,1179,A
4-HA,848,0,1182,0,0,1182,T
4-HA,849,1198,0,0,0,1198,A
4-HA,850,1199,0,1,0,1200,A
4-HA,851,0,1179,0,0,1179,T
4-HA,852,0,1,1181,0,1182,G
4-HA,853,1173,0,0,0,1173,A
4-HA,854,0,0,1203,0,1203,G
4-HA,855,1207,0,0,0,1207,A
4-HA,856,1,1193,0,3,1197,T
4-HA,857,1,0,0,1234,1235,C
4-HA,858,1233,0,0,0,1233,A
4-HA,859,0,0,1251,0,1251,G
4-HA,860,1251,0,1,0,1252,A
4-HA,861,0,1251,0,0,1251,T
4-HA,862,0,0,1252,0,1252,G
4-HA,863,0,0,0,1237,1237,C
4-HA,864,1240,1,0,0,1241,A
4-HA,865,0,1,0,1267,1268,C
4-HA,866,1,2,0,1251,1254,C
4-HA,867,0,0,1,1256,1257,C
4-HA,868,1237,0,0,0,1237,A
4-HA,869,0,1240,0,1,1241,T
4-HA,870,0,1238,0,0,1238,T
4-HA,871,0,1,1248,1,1250,G
4-HA,872,1,0,1249,0,1250,G
4-HA,873,0,1,0,1248,1249,C
4-HA,874,1231,0,0,1,1232,A
4-HA,875,1232,0,0,0,1232,A
4-HA,876,1259,0,1,0,1260,A
4-HA,877,0,1258,0,0,1258,T
4-HA,878,1,0,1258,0,1259,G
4-HA,879,0,0,0,1257,1257,C
4-HA,880,1247,0,0,0,1247,A
4-HA,881,1281,0,0,0,1281,A
4-HA,882,0,1279,0,0,1279,T
4-HA,883,0,1290,0,0,1290,T
4-HA,884,0,0,1,1288,1289,C
4-HA,885,1,1272,0,0,1273,T
4-HA,886,0,1,1287,0,1288,G
4-HA,887,1284,0,0,0,1284,A
4-HA,888,1283,1,1,0,1285,A
4-HA,889,0,1285,0,0,1285,T
4-HA,890,1,1,1284,0,1286,G
4-HA,891,0,0,0,1296,1296,C
4-HA,892,1289,1,2,0,1292,A
4-HA,893,0,1289,0,1,1290,T
4-HA,894,0,0,0,1289,1289,C
4-HA,895,1275,0,1,0,1276,A
4-HA,896,0,0,0,1275,1275,C
4-HA,897,1,0,1267,0,1268,G
4-HA,898,0,0,0,1277,1277,C
4-HA,899,2,1,0,1283,1286,C
4-HA,900,1308,0,0,0,1308,A
4-HA,901,1307,0,0,0,1307,A
4-HA,902,1305,1,0,0,1306,A
4-HA,903,0,1296,0,0,1296,T
4-HA,904,0,0,1315,0,1315,G
4-HA,905,0,0,1321,0,1321,G
4-HA,906,1321,0,1,0,1322,A
4-HA,907,1319,0,2,0,1321,A
4-HA,908,78,0,1246,0,1324,G
4-HA,909,0,1,0,1312,1313,C
4-HA,910,1314,0,1,0,1315,A
4-HA,911,0,1312,0,1,1313,T
4-HA,912,0,1307,0,1,1308,T
4-HA,913,1,0,0,1350,1351,C
4-HA,914,1,0,1,1337,1339,C
4-HA,915,2,0,0,1333,1335,C
4-HA,916,1332,0,1,0,1333,A
4-HA,917,1352,0,1,0,1353,A
4-HA,918,0,1378,0,0,1378,T
4-HA,919,1,4,1371,0,1376,G
4-HA,920,1374,0,0,0,1374,A
4-HA,921,0,0,0,1376,1376,C
4-HA,922,1340,0,1,0,1341,A
4-HA,923,1347,0,0,0,1347,A
4-HA,924,1345,0,1,0,1346,A
4-HA,925,1,0,0,1354,1355,C
4-HA,926,2,0,0,1341,1343,C
4-HA,927,1317,0,0,0,1317,A
4-HA,928,0,1321,1,2,1324,T
4-HA,929,0,1323,0,1,1324,T
4-HA,930,0,0,0,1325,1325,C
4-HA,931,2,0,0,1321,1323,C
4-HA,932,1320,0,0,0,1320,A
4-HA,933,1314,0,1,0,1315,A
4-HA,934,1317,0,0,0,1317,A
4-HA,935,1333,0,0,0,1333,A
4-HA,936,0,1329,0,0,1329,T
4-HA,937,0,1,1338,0,1339,G
4-HA,938,0,1334,0,0,1334,T
4-HA,939,1337,0,0,0,1337,A
4-HA,940,1340,0,0,0,1340,A
4-HA,941,1340,0,0,0,1340,A
4-HA,942,2,0,0,1341,1343,C
4-HA,943,1312,1,0,0,1313,A
4-HA,944,0,0,1326,0,1326,G
4-HA,945,0,0,1334,0,1334,G
4-HA,946,1357,0,1,0,1358,A
4-HA,947,2,1348,0,0,1350,T
4-HA,948,4,1,0,1363,1368,C
4-HA,949,1377,0,2,0,1379,A
4-HA,950,1,0,0,1422,1423,C
4-HA,951,1419,0,0,0,1419,A
4-HA,952,0,1468,1,0,1469,T
4-HA,953,1440,0,0,0,1440,A
4-HA,954,1,2,0,1419,1422,C
4-HA,955,0,0,1386,0,1386,G
4-HA,956,0,2,1394,0,1396,G
4-HA,957,1,0,1384,0,1385,G
4-HA,958,1,0,1379,0,1380,G
4-HA,959,0,1,0,1355,1356,C
4-HA,960,3,1,0,1348,1352,C
4-HA,961,1,1320,0,0,1321,T
4-HA,962,0,1,1442,0,1443,G
4-HA,963,1,1440,0,1,1442,T
4-HA,964,1,1,0,1446,1448,C
4-HA,965,1,2,1,1446,1450,C
4-HA,966,1,0,0,1455,1456,C
4-HA,967,1456,0,0,0,1456,A
4-HA,968,0,0,1463,0,1463,G
4-HA,969,1461,0,0,0,1461,A
4-HA,970,0,1459,0,0,1459,T
4-HA,971,1352,0,1,0,1353,A
4-HA,972,0,1333,0,0,1333,T
4-HA,973,0,1,1337,0,1338,G
4-HA,974,0,1332,0,1,1333,T
4-HA,975,1,1315,0,0,1316,T
4-HA,976,1327,0,0,0,1327,A
4-HA,977,1315,0,2,0,1317,A
4-HA,978,0,2,1325,0,1327,G
4-HA,979,0,0,0,1327,1327,C
4-HA,980,1311,0,0,0,1311,A
4-HA,981,1311,0,0,1,1312,A
4-HA,982,1303,0,0,0,1303,A
4-HA,983,1300,0,0,1,1301,A
4-HA,984,2,0,0,1301,1303,C
4-HA,985,1284,0,2,0,1286,A
4-HA,986,0,0,0,1295,1295,C
4-HA,987,1,1283,0,0,1284,T
4-HA,988,0,0,1,1288,1289,C
4-HA,989,0,1288,0,1,1289,T
4-HA,990,0,1,1300,0,1301,G
4-HA,991,1299,0,1,0,1300,A
4-HA,992,1299,0,0,0,1299,A
4-HA,993,1302,0,1,0,1303,A
4-HA,994,0,1285,0,0,1285,T
4-HA,995,1,1271,0,1,1273,T
4-HA,996,0,1,1291,0,1292,G
4-HA,997,1,0,1294,0,1295,G
4-HA,998,0,0,0,1298,1298,C
4-HA,999,1290,0,1,0,1291,A
4-HA,1000,1297,0,0,0,1297,A
4-HA,1001,0,0,0,1300,1300,C
4-HA,1002,1295,0,1,0,1296,A
4-HA,1003,0,0,1308,0,1308,G
4-HA,1004,1,5,1301,0,1307,G
4-HA,1005,0,1,1298,0,1299,G
4-HA,1006,1293,1,3,0,1297,A
4-HA,1007,0,1281,0,0,1281,T
4-HA,1008,0,1,1287,0,1288,G
4-HA,1009,0,0,0,1284,1284,C
4-HA,1010,0,1,1279,0,1280,G
4-HA,1011,1298,0,0,0,1298,A
4-HA,1012,1278,1,0,0,1279,A
4-HA,1013,1288,0,1,0,1289,A
4-HA,1014,1,1275,0,0,1276,T
4-HA,1015,0,1,1301,0,1302,G
4-HA,1016,0,1296,0,2,1298,T
4-HA,1017,1299,0,0,0,1299,A
4-HA,1018,1,0,0,1295,1296,C
4-HA,1019,1,0,0,1280,1281,C
4-HA,1020,1262,0,0,0,1262,A
4-HA,1021,0,3,1265,0,1268,G
4-HA,1022,1244,0,1,0,1245,A
4-HA,1023,0,0,1260,0,1260,G
4-HA,1024,1241,0,0,0,1241,A
4-HA,1025,1241,0,0,0,1241,A
4-HA,1026,1245,2,1,0,1248,A
4-HA,1027,1,0,0,1243,1244,C
4-HA,1028,1221,0,1,0,1222,A
4-HA,1029,1240,1,0,0,1241,A
4-HA,1030,1237,1,0,0,1238,A
4-HA,1031,1,0,0,1247,1248,C
4-HA,1032,0,1226,0,1,1227,T
4-HA,1033,1204,0,0,0,1204,A
4-HA,1034,0,1,1203,0,1204,G
4-HA,1035,1199,0,0,0,1199,A
4-HA,1036,0,1,1227,0,1228,G
4-HA,1037,1,0,1229,0,1230,G
4-HA,1038,1,0,0,1210,1211,C
4-HA,1039,1210,0,0,0,1210,A
4-HA,1040,0,1207,0,0,1207,T
4-HA,1041,1167,1,43,0,1211,A
4-HA,1042,0,1205,0,0,1205,T
4-HA,1043,0,1196,0,0,1196,T
4-HA,1044,1,1199,0,0,1200,T
4-HA,1045,1,3,1161,0,1165,G
4-HA,1046,0,1,1171,0,1172,G
4-HA,1047,0,3,1,1164,1168,C
4-HA,1048,2,0,1161,0,1163,G
4-HA,1049,1,0,0,1148,1149,C
4-HA,1050,1141,0,1,0,1142,A
4-HA,1051,1151,0,0,0,1151,A
4-HA,1052,0,1150,0,0,1150,T
4-HA,1053,0,1,0,1147,1148,C
4-HA,1054,1,0,1148,0,1149,G
4-HA,1055,1,0,0,1149,1150,C
4-HA,1056,1,3,1147,0,1151,G
4-HA,1057,0,0,1153,0,1153,G
4-HA,1058,0,0,1160,0,1160,G
4-HA,1059,0,1163,0,1,1164,T
4-HA,1060,0,1144,0,0,1144,T
4-HA,1061,0,1144,1,1,1146,T
4-HA,1062,1,0,0,1149,1150,C
4-HA,1063,1150,0,1,0,1151,A
4-HA,1064,0,1152,0,0,1152,T
4-HA,1065,1153,0,0,0,1153,A
4-HA,1066,0,0,1176,0,1176,G
4-HA,1067,1141,1,0,0,1142,A
4-HA,1068,1145,0,1,0,1146,A
4-HA,1069,1141,1,0,1,1143,A
4-HA,1070,1155,0,1,0,1156,A
4-HA,1071,0,1158,0,1,1159,T
4-HA,1072,0,1,1185,0,1186,G
4-HA,1073,1,1,1197,0,1199,G
4-HA,1074,1,1184,0,0,1185,T
4-HA,1075,0,1166,0,0,1166,T
4-HA,1076,1,5,1162,0,1168,G
4-HA,1077,0,1,1196,0,1197,G
4-HA,1078,0,2,1215,0,1217,G
4-HA,1079,1212,0,0,1,1213,A
4-HA,1080,0,3,1220,0,1223,G
4-HA,1081,0,1,1198,0,1199,G
4-HA,1082,0,1,1261,0,1262,G
4-HA,1083,1255,0,2,0,1257,A
4-HA,1084,1266,0,0,0,1266,A
4-HA,1085,0,1262,0,1,1263,T
4-HA,1086,1,0,1270,0,1271,G
4-HA,1087,0,0,1293,0,1293,G
4-HA,1088,0,1277,0,0,1277,T
4-HA,1089,0,2,1284,0,1286,G
4-HA,1090,0,4,1281,0,1285,G
4-HA,1091,1270,0,2,0,1272,A
4-HA,1092,1,1276,0,0,1277,T
4-HA,1093,0,1,1294,0,1295,G
4-HA,1094,0,1,1310,0,1311,G
4-HA,1095,0,1299,0,0,1299,T
4-HA,1096,0,1266,0,2,1268,T
4-HA,1097,2,4,1264,0,1270,G
4-HA,1098,0,0,1288,0,1288,G
4-HA,1099,0,1285,0,0,1285,T
4-HA,1100,1283,0,1,0,1284,A
4-HA,1101,0,0,0,1243,1243,C
4-HA,1102,0,1,1259,0,1260,G
4-HA,1103,0,0,1308,0,1308,G
4-HA,1104,0,1305,0,1,1306,T
4-HA,1105,0,1301,0,0,1301,T
4-HA,1106,0,1298,0,0,1298,T
4-HA,1107,1,1,0,1289,1291,C
4-HA,1108,1286,0,0,0,1286,A
4-HA,1109,0,0,1289,0,1289,G
4-HA,1110,0,1,1286,0,1287,G
4-HA,1111,0,1,0,1284,1285,C
4-HA,1112,1252,0,0,0,1252,A
4-HA,1113,1,1260,0,0,1261,T
4-HA,1114,1,0,0,1262,1263,C
4-HA,1115,1268,0,0,0,1268,A
4-HA,1116,1264,0,1,0,1265,A
4-HA,1117,1262,0,1,1,1264,A
4-HA,1118,1278,0,0,0,1278,A
4-HA,1119,0,1277,0,0,1277,T
4-HA,1120,0,1277,0,2,1279,T
4-HA,1121,2,0,0,1285,1287,C
4-HA,1122,0,1279,0,0,1279,T
4-HA,1123,0,0,1285,0,1285,G
4-HA,1124,1282,0,2,0,1284,A
4-HA,1125,0,1,1289,0,1290,G
4-HA,1126,0,1,1286,0,1287,G
4-HA,1127,0,1,1312,0,1313,G
4-HA,1128,1306,0,1,0,1307,A
4-HA,1129,1305,0,1,0,1306,A
4-HA,1130,0,0,1291,0,1291,G
4-HA,1131,1306,0,3,0,1309,A
4-HA,1132,0,1,1324,0,1325,G
4-HA,1133,1,0,1329,0,1330,G
4-HA,1134,1328,0,0,0,1328,A
4-HA,1135,1,1,0,1326,1328,C
4-HA,1136,1319,0,0,0,1319,A
4-HA,1137,1320,1,1,1,1323,A
4-HA,1138,22,0,1302,0,1324,G
4-HA,1139,1,0,0,1322,1323,C
4-HA,1140,1312,0,0,0,1312,A
4-HA,1141,2,0,1321,0,1323,G
4-HA,1142,0,1,1,1317,1319,C
4-HA,1143,1310,0,0,0,1310,A
4-HA,1144,1,0,1322,0,1323,G
4-HA,1145,1315,0,0,0,1315,A
4-HA,1146,0,1349,0,0,1349,T
4-HA,1147,3,0,0,1355,1358,C
4-HA,1148,0,1348,0,0,1348,T
4-HA,1149,1,0,0,1370,1371,C
4-HA,1150,1365,0,0,0,1365,A
4-HA,1151,1364,0,0,1,1365,A
4-HA,1152,1361,2,0,0,1363,A
4-HA,1153,1342,0,1,0,1343,A
4-HA,1154,0,0,1344,0,1344,G
4-HA,1155,0,0,0,1324,1324,C
4-HA,1156,1318,0,1,0,1319,A
4-HA,1157,0,0,0,1332,1332,C
4-HA,1158,0,1326,0,1,1327,T
4-HA,1159,1,0,0,1330,1331,C
4-HA,1160,1324,0,3,0,1327,A
4-HA,1161,1358,1,1,0,1360,A
4-HA,1162,1,3,1356,0,1360,G
4-HA,1163,1,0,1,1351,1353,C
4-HA,1164,1352,0,1,0,1353,A
4-HA,1165,0,0,1364,0,1364,G
4-HA,1166,0,2,0,1343,1345,C
4-HA,1167,1336,0,0,0,1336,A
4-HA,1168,1329,0,1,0,1330,A
4-HA,1169,0,1331,0,0,1331,T
4-HA,1170,1,0,0,1306,1307,C
4-HA,1171,0,1,1313,0,1314,G
4-HA,1172,1312,0,0,0,1312,A
4-HA,1173,0,1308,0,2,1310,T
4-HA,1174,2,0,0,1300,1302,C
4-HA,1175,1300,0,1,0,1301,A
4-HA,1176,1332,0,0,0,1332,A
4-HA,1177,1330,0,0,0,1330,A
4-HA,1178,0,1331,0,0,1331,T
4-HA,1179,0,0,0,1339,1339,C
4-HA,1180,1322,0,0,1,1323,A
4-HA,1181,1340,0,0,0,1340,A
4-HA,1182,0,1342,0,1,1343,T
4-HA,1183,0,2,1340,0,1342,G
4-HA,1184,0,1,1342,0,1343,G
4-HA,1185,1,0,1323,0,1324,G
4-HA,1186,1325,1,2,0,1328,A
4-HA,1187,1327,0,4,0,1331,A
4-HA,1188,0,1,1342,0,1343,G
4-HA,1189,0,0,1,1342,1343,C
4-HA,1190,0,1331,0,2,1333,T
4-HA,1191,0,2,1385,0,1387,G
4-HA,1192,1381,0,0,0,1381,A
4-HA,1193,1386,0,0,0,1386,A
4-HA,1194,0,1384,0,0,1384,T
4-HA,1195,1364,0,0,0,1364,A
4-HA,1196,0,0,1364,0,1364,G
4-HA,1197,1277,0,0,1,1278,A
4-HA,1198,0,1276,2,0,1278,T
4-HA,1199,1,1270,0,1,1272,T
4-HA,1200,1,2,1294,0,1297,G
4-HA,1201,1288,0,2,0,1290,A
4-HA,1202,0,1285,0,1,1286,T
4-HA,1203,0,0,0,1295,1295,C
4-HA,1204,1,1,1292,0,1294,G
4-HA,1205,0,0,1284,1,1285,G
4-HA,1206,6,2,1287,0,1295,G
4-HA,1207,1289,1,2,1,1293,A
4-HA,1208,1294,0,0,0,1294,A
4-HA,1209,1286,0,0,0,1286,A
4-HA,1210,1292,0,0,0,1292,A
4-HA,1211,1,0,0,1293,1294,C
4-HA,1212,3,0,0,1287,1290,C
4-HA,1213,1289,0,0,0,1289,A
4-HA,1214,1287,0,0,0,1287,A
4-HA,1215,0,0,0,1287,1287,C
4-HA,1216,0,2,1291,0,1293,G
4-HA,1217,1290,2,0,0,1292,A
4-HA,1218,0,1,1288,0,1289,G
4-HA,1219,1291,0,0,0,1291,A
4-HA,1220,1298,0,0,0,1298,A
4-HA,1221,1298,0,1,1,1300,A
4-HA,1222,0,1307,0,1,1308,T
4-HA,1223,0,1305,1,1,1307,T
4-HA,1224,2,0,0,1310,1312,C
4-HA,1225,0,0,0,1304,1304,C
4-HA,1226,1306,0,0,0,1306,A
4-HA,1227,1,1302,0,3,1306,T
4-HA,1228,1,0,0,1303,1304,C
4-HA,1229,1298,0,1,0,1299,A
4-HA,1230,0,0,1308,0,1308,G
4-HA,1231,1299,1,0,0,1300,A
4-HA,1232,0,1301,0,0,1301,T
4-HA,1233,0,1295,0,0,1295,T
4-HA,1234,0,1,1301,0,1302,G
4-HA,1235,1299,0,1,0,1300,A
4-HA,1236,1303,0,0,0,1303,A
4-HA,1237,1303,0,0,0,1303,A
4-HA,1238,1300,0,0,1,1301,A
4-HA,1239,1295,0,0,0,1295,A
4-HA,1240,0,0,1298,0,1298,G
4-HA,1241,1295,0,0,1,1296,A
4-HA,1242,1300,0,0,1,1301,A
4-HA,1243,0,1283,0,2,1285,T
4-HA,1244,0,1292,0,0,1292,T
4-HA,1245,0,0,0,1297,1297,C
4-HA,1246,0,1299,0,2,1301,T
4-HA,1247,0,0,0,1302,1302,C
4-HA,1248,1300,0,0,0,1300,A
4-HA,1249,0,0,1307,0,1307,G
4-HA,1250,1305,0,0,0,1305,A
4-HA,1251,1305,0,1,0,1306,A
4-HA,1252,0,0,1321,0,1321,G
4-HA,1253,1,1313,0,0,1314,T
4-HA,1254,1,1,0,1313,1315,C
4-HA,1255,0,0,1315,0,1315,G
4-HA,1256,1315,0,0,0,1315,A
4-HA,1257,1311,0,2,0,1313,A
4-HA,1258,0,2,1310,0,1312,G
4-HA,1259,0,1,1322,0,1323,G
4-HA,1260,0,0,1325,0,1325,G
4-HA,1261,1311,1,1,0,1313,A
4-HA,1262,0,1,1320,0,1321,G
4-HA,1263,1315,0,0,0,1315,A
4-HA,1264,1404,0,0,1,1405,A
4-HA,1265,0,1407,0,3,1410,T
4-HA,1266,0,1409,0,0,1409,T
4-HA,1267,2,1,0,1404,1407,C
4-HA,1268,1396,0,0,0,1396,A
4-HA,1269,1,1,1398,0,1400,G
4-HA,1270,0,1,1407,0,1408,G
4-HA,1271,1400,0,2,0,1402,A
4-HA,1272,0,0,0,1403,1403,C
4-HA,1273,2,0,0,1332,1334,C
4-HA,1274,0,1324,0,2,1326,T
4-HA,1275,0,1318,0,10,1328,T
4-HA,1276,0,3,1338,0,1341,G
4-HA,1277,1342,0,2,0,1344,A
4-HA,1278,0,0,1378,0,1378,G
4-HA,1279,1374,0,0,0,1374,A
4-HA,1280,1366,0,0,0,1366,A
4-HA,1281,1372,0,1,0,1373,A
4-HA,1282,0,1364,0,1,1365,T
4-HA,1283,1424,0,0,0,1424,A
4-HA,1284,0,1421,0,1,1422,T
4-HA,1285,0,0,1433,0,1433,G
4-HA,1286,0,1423,0,6,1429,T
4-HA,1287,0,1399,0,0,1399,T
4-HA,1288,0,2,1397,0,1399,G
4-HA,1289,1366,0,1,0,1367,A
4-HA,1290,0,4,1368,0,1372,G
4-HA,1291,1,0,1363,0,1364,G
4-HA,1292,1343,1,3,1,1348,A
4-HA,1293,0,0,0,1370,1370,C
4-HA,1294,1350,0,2,0,1352,A
4-HA,1295,1,1,0,1376,1378,C
4-HA,1296,1,0,0,1381,1382,C
4-HA,1297,1386,0,0,0,1386,A
4-HA,1298,1421,0,1,0,1422,A
4-HA,1299,1415,0,0,1,1416,A
4-HA,1300,1441,0,2,0,1443,A
4-HA,1301,1,1443,0,0,1444,T
4-HA,1302,1405,1,0,0,1406,A
4-HA,1303,0,0,1412,0,1412,G
4-HA,1304,1386,0,1,0,1387,A
4-HA,1305,0,1394,0,0,1394,T
4-HA,1306,2,1,0,1397,1400,C
4-HA,1307,1,1375,1,0,1377,T
4-HA,1308,0,0,0,1419,1419,C
4-HA,1309,0,1417,0,0,1417,T
4-HA,1310,0,2,1455,0,1457,G
4-HA,1311,2,0,1487,0,1489,G
4-HA,1312,0,1483,0,1,1484,T
4-HA,1313,0,1,0,1481,1482,C
4-HA,1314,1462,1,22,0,1485,A
4-HA,1315,0,1486,0,2,1488,T
4-HA,1316,1489,0,0,0,1489,A
4-HA,1317,4,0,0,1487,1491,C
4-HA,1318,1442,0,1,0,1443,A
4-HA,1319,1440,0,1,0,1441,A
4-HA,1320,1,1,0,1409,1411,C
4-HA,1321,0,0,1411,0,1411,G
4-HA,1322,0,1,0,1408,1409,C
4-HA,1323,1,2,1397,0,1400,G
4-HA,1324,1,1,1398,0,1400,G
4-HA,1325,1402,0,0,0,1402,A
4-HA,1326,0,1,1415,0,1416,G
4-HA,1327,0,1,0,1412,1413,C
4-HA,1328,0,1398,0,1,1399,T
4-HA,1329,0,1407,0,1,1408,T
4-HA,1330,1,0,0,1397,1398,C
4-HA,1331,1,1409,0,0,1410,T
4-HA,1332,0,1414,0,1,1415,T
4-HA,1333,0,0,1408,0,1408,G
4-HA,1334,1,1400,0,1,1402,T
4-HA,1335,0,1378,0,2,1380,T
4-HA,1336,0,2,1413,0,1415,G
4-HA,1337,0,2,1,1407,1410,C
4-HA,1338,2,0,0,1407,1409,C
4-HA,1339,4,0,0,1414,1418,C
4-HA,1340,1,1414,0,2,1417,T
4-HA,1341,0,1,1430,0,1431,G
4-HA,1342,0,2,1431,0,1433,G
4-HA,1343,1431,1,1,0,1433,A
4-HA,1344,0,0,1444,0,1444,G
4-HA,1345,1408,0,1,0,1409,A
4-HA,1346,1410,1,0,0,1411,A
4-HA,1347,1,1,0,1436,1438,C
4-HA,1348,1,0,0,1428,1429,C
4-HA,1349,1426,0,1,0,1427,A
4-HA,1350,1477,0,1,0,1478,A
4-HA,1351,0,0,0,1482,1482,C
4-HA,1352,1491,0,0,0,1491,A
4-HA,1353,0,1491,0,0,1491,T
4-HA,1354,1481,1,0,0,1482,A
4-HA,1355,0,0,0,1494,1494,C
4-HA,1356,1456,0,1,0,1457,A
4-HA,1357,1466,0,0,0,1466,A
4-HA,1358,2,1458,0,0,1460,T
4-HA,1359,0,1412,0,0,1412,T
4-HA,1360,0,1,1435,0,1436,G
4-HA,1361,1436,0,0,0,1436,A
4-HA,1362,0,1429,0,1,1430,T
4-HA,1363,2,0,0,1433,1435,C
4-HA,1364,0,1412,0,1,1413,T
4-HA,1365,1425,0,0,0,1425,A
4-HA,1366,1424,1,0,0,1425,A
4-HA,1367,0,0,1,1423,1424,C
4-HA,1368,0,1412,0,0,1412,T
4-HA,1369,0,3,1404,0,1407,G
4-HA,1370,1409,0,0,0,1409,A
4-HA,1371,0,1,0,1403,1404,C
4-HA,1372,0,1403,0,1,1404,T
4-HA,1373,0,2,0,1408,1410,C
4-HA,1374,1404,1,0,0,1405,A
4-HA,1375,0,0,1430,0,1430,G
4-HA,1376,1426,0,0,0,1426,A
4-HA,1377,1428,0,0,0,1428,A
4-HA,1378,1426,0,1,0,1427,A
4-HA,1379,0,1400,0,0,1400,T
4-HA,1380,0,3,1406,2,1411,G
4-HA,1381,1407,0,6,0,1413,A
4-HA,1382,1410,0,3,0,1413,A
4-HA,1383,0,0,0,1412,1412,C
4-HA,1384,1401,1,0,0,1402,A
4-HA,1385,1404,0,0,0,1404,A
4-HA,1386,1405,0,0,0,1405,A
4-HA,1387,2,0,0,1403,1405,C
4-HA,1388,0,1389,0,1,1390,T
4-HA,1389,0,1,1387,0,1388,G
4-HA,1390,0,1378,0,1,1379,T
4-HA,1391,0,1384,0,0,1384,T
4-HA,1392,0,1381,0,1,1382,T
4-HA,1393,0,1,1380,0,1381,G
4-HA,1394,1384,1,0,0,1385,A
4-HA,1395,1386,0,0,0,1386,A
4-HA,1396,1378,0,1,0,1379,A
4-HA,1397,1381,0,0,3,1384,A
4-HA,1398,1373,1,0,1,1375,A
4-HA,1399,1378,1,0,0,1379,A
4-HA,1400,2,1,0,1374,1377,C
4-HA,1401,1373,0,1,0,1374,A
4-HA,1402,1370,0,1,0,1371,A
4-HA,1403,1368,0,0,1,1369,A
4-HA,1404,0,1,1377,0,1378,G
4-HA,1405,1377,0,0,0,1377,A
4-HA,1406,1368,0,2,0,1370,A
4-HA,1407,0,0,1375,1,1376,G
4-HA,1408,0,0,0,1376,1376,C
4-HA,1409,1367,0,1,0,1368,A
4-HA,1410,1370,2,0,0,1372,A
4-HA,1411,2,0,0,1372,1374,C
4-HA,1412,0,1366,1,0,1367,T
4-HA,1413,1,1,1370,1,1373,G
4-HA,1414,1360,0,5,0,1365,A
4-HA,1415,0,3,1374,0,1377,G
4-HA,1416,1,1,1377,0,1379,G
4-HA,1417,0,0,1380,0,1380,G
4-HA,1418,1375,1,3,0,1379,A
4-HA,1419,1373,0,0,0,1373,A
4-HA,1420,1368,0,2,0,1370,A
4-HA,1421,1383,0,0,0,1383,A
4-HA,1422,1,1377,0,1,1379,T
4-HA,1423,0,1,1391,0,1392,G
4-HA,1424,0,0,0,1387,1387,C
4-HA,1425,1,1377,0,0,1378,T
4-HA,1426,0,1,1382,0,1383,G
4-HA,1427,1379,0,0,0,1379,A
4-HA,1428,0,3,1439,0,1442,G
4-HA,1429,0,1,1458,0,1459,G
4-HA,1430,1439,0,1,0,1440,A
4-HA,1431,0,1439,0,0,1439,T
4-HA,1432,1431,1,1,0,1433,A
4-HA,1433,0,1428,0,0,1428,T
4-HA,1434,0,1,1437,0,1438,G
4-HA,1435,2,1,1450,0,1453,G
4-HA,1436,1,0,1451,1,1453,G
4-HA,1437,0,0,0,1390,1390,C
4-HA,1438,1348,0,0,0,1348,A
4-HA,1439,1350,1,1,0,1352,A
4-HA,1440,0,1348,0,0,1348,T
4-HA,1441,0,0,1353,0,1353,G
4-HA,1442,2,0,1350,0,1352,G
4-HA,1443,0,1333,0,1,1334,T
4-HA,1444,1,1304,0,0,1305,T
4-HA,1445,0,0,1309,0,1309,G
4-HA,1446,1,1316,1,0,1318,T
4-HA,1447,0,1313,0,3,1316,T
4-HA,1448,0,1315,0,1,1316,T
4-HA,1449,2,0,0,1319,1321,C
4-HA,1450,1315,0,0,0,1315,A
4-HA,1451,1313,1,0,0,1314,A
4-HA,1452,1318,1,0,0,1319,A
4-HA,1453,1326,0,0,1,1327,A
4-HA,1454,0,1322,0,0,1322,T
4-HA,1455,1316,0,0,0,1316,A
4-HA,1456,0,1326,0,0,1326,T
4-HA,1457,1324,1,1,0,1326,A
4-HA,1458,1,0,0,1331,1332,C
4-HA,1459,4,1,0,1321,1326,C
4-HA,1460,1324,0,0,0,1324,A
4-HA,1461,2,0,0,1330,1332,C
4-HA,1462,1326,0,0,0,1326,A
4-HA,1463,1334,0,0,0,1334,A
4-HA,1464,1335,0,0,0,1335,A
4-HA,1465,0,1334,0,0,1334,T
4-HA,1466,0,0,1340,0,1340,G
4-HA,1467,1,1325,0,1,1327,T
4-HA,1468,0,2,1348,0,1350,G
4-HA,1469,1345,0,2,0,1347,A
4-HA,1470,0,1,0,1349,1350,C
4-HA,1471,1336,0,0,0,1336,A
4-HA,1472,1331,0,0,0,1331,A
4-HA,1473,0,1346,0,1,1347,T
4-HA,1474,0,0,1354,0,1354,G
4-HA,1475,0,1,0,1349,1350,C
4-HA,1476,1,0,0,1353,1354,C
4-HA,1477,0,1349,0,0,1349,T
4-HA,1478,1,0,1414,0,1415,G
4-HA,1479,1,0,0,1409,1410,C
4-HA,1480,1413,0,1,0,1414,A
4-HA,1481,0,1415,0,0,1415,T
4-HA,1482,1361,0,0,0,1361,A
4-HA,1483,1,1,1365,0,1367,G
4-HA,1484,0,2,1366,0,1368,G
4-HA,1485,1361,0,0,0,1361,A
4-HA,1486,0,1362,0,0,1362,T
4-HA,1487,3,1,0,1285,1289,C
4-HA,1488,1286,0,0,0,1286,A
4-HA,1489,1290,0,0,0,1290,A
4-HA,1490,0,1290,0,0,1290,T
4-HA,1491,2,2,0,1287,1291,C
4-HA,1492,1266,0,0,0,1266,A
4-HA,1493,0,0,1273,0,1273,G
4-HA,1494,1272,1,0,0,1273,A
4-HA,1495,1272,1,0,0,1273,A
4-HA,1496,1271,0,1,0,1272,A
4-HA,1497,0,1262,0,1,1263,T
4-HA,1498,0,3,1255,1,1259,G
4-HA,1499,0,1,1254,1,1256,G
4-HA,1500,1256,0,0,0,1256,A
4-HA,1501,1259,1,2,0,1262,A
4-HA,1502,0,0,0,1258,1258,C
4-HA,1503,0,1245,0,0,1245,T
4-HA,1504,0,1256,0,0,1256,T
4-HA,1505,1258,0,0,0,1258,A
4-HA,1506,0,1255,0,1,1256,T
4-HA,1507,0,1,1259,0,1260,G
4-HA,1508,1260,0,2,0,1262,A
4-HA,1509,1,0,0,1262,1263,C
4-HA,1510,0,0,0,1252,1252,C
4-HA,1511,1245,0,0,0,1245,A
4-HA,1512,0,1,0,1267,1268,C
4-HA,1513,0,1,1293,0,1294,G
4-HA,1514,1312,0,0,0,1312,A
4-HA,1515,0,1330,0,2,1332,T
4-HA,1516,0,3,1365,0,1368,G
4-HA,1517,0,1358,0,1,1359,T
4-HA,1518,1392,0,1,0,1393,A
4-HA,1519,0,1392,0,1,1393,T
4-HA,1520,1390,0,0,0,1390,A
4-HA,1521,0,1,0,1381,1382,C
4-HA,1522,1269,0,1,0,1270,A
4-HA,1523,0,4,1281,0,1285,G
4-HA,1524,1219,1,0,0,1220,A
4-HA,1525,1,1,1177,0,1179,G
4-HA,1526,1173,0,0,0,1173,A
4-HA,1527,0,1095,0,0,1095,T
4-HA,1528,0,1,1095,0,1096,G
4-HA,1529,1093,0,0,0,1093,A
4-HA,1530,1087,0,2,0,1089,A
4-HA,1531,0,0,1107,0,1107,G
4-HA,1532,0,1,0,1083,1084,C
4-HA,1533,1082,0,0,0,1082,A
4-HA,1534,0,1068,0,2,1070,T
4-HA,1535,0,1071,0,0,1071,T
4-HA,1536,1076,0,0,0,1076,A
4-HA,1537,1077,0,0,0,1077,A
4-HA,1538,1074,0,2,0,1076,A
4-HA,1539,0,0,0,1075,1075,C
4-HA,1540,1044,2,0,0,1046,A
4-HA,1541,1045,0,1,0,1046,A
4-HA,1542,0,1,0,1044,1045,C
4-HA,1543,0,2,0,1032,1034,C
4-HA,1544,0,0,1032,0,1032,G
4-HA,1545,0,0,1038,0,1038,G
4-HA,1546,0,1040,0,1,1041,T
4-HA,1547,0,1031,1,1,1033,T
4-HA,1548,1,0,0,1039,1040,C
4-HA,1549,1,0,0,1038,1039,C
4-HA,1550,1036,1,0,0,1037,A
4-HA,1551,0,1,1053,0,1054,G
4-HA,1552,1058,0,0,0,1058,A
4-HA,1553,0,1053,0,0,1053,T
4-HA,1554,2,0,0,1017,1019,C
4-HA,1555,1012,0,0,0,1012,A
4-HA,1556,1014,1,0,0,1015,A
4-HA,1557,0,4,1008,0,1012,G
4-HA,1558,0,0,1013,0,1013,G
4-HA,1559,0,1,1010,0,1011,G
4-HA,1560,969,0,1,1,971,A
4-HA,1561,0,0,979,0,979,G
4-HA,1562,0,980,0,0,980,T
4-HA,1563,0,976,0,0,976,T
4-HA,1564,0,0,981,0,981,G
4-HA,1565,975,0,1,0,976,A
4-HA,1566,0,0,980,0,980,G
4-HA,1567,0,0,0,979,979,C
4-HA,1568,0,970,0,1,971,T
4-HA,1569,2,0,972,0,974,G
4-HA,1570,968,0,0,0,968,A
4-HA,1571,971,0,1,0,972,A
4-HA,1572,0,0,971,0,971,G
4-HA,1573,0,958,0,0,958,T
4-HA,1574,1,0,0,952,953,C
4-HA,1575,944,0,0,0,944,A
4-HA,1576,0,1,938,0,939,G
4-HA,1577,0,1,937,0,938,G
4-HA,1578,0,2,914,0,916,G
4-HA,1579,0,938,0,1,939,T
4-HA,1580,942,0,0,0,942,A
4-HA,1581,0,0,0,942,942,C
4-HA,1582,937,0,0,0,937,A
4-HA,1583,937,0,1,0,938,A
4-HA,1584,930,0,0,0,930,A
4-HA,1585,0,1,933,0,934,G
4-HA,1586,904,0,0,0,904,A
4-HA,1587,0,870,0,1,871,T
4-HA,1588,0,864,0,0,864,T
4-HA,1589,0,3,860,0,863,G
4-HA,1590,1,0,860,0,861,G
4-HA,1591,868,0,0,0,868,A
4-HA,1592,0,865,0,0,865,T
4-HA,1593,3,0,0,862,865,C
4-HA,1594,2,0,0,851,853,C
4-HA,1595,0,842,0,1,843,T
4-HA,1596,850,0,0,0,850,A
4-HA,1597,0,849,0,0,849,T
4-HA,1598,0,2,847,0,849,G
4-HA,1599,0,1,846,0,847,G
4-HA,1600,825,2,1,0,828,A
4-HA,1601,0,819,0,2,821,T
4-HA,1602,0,812,0,0,812,T
4-HA,1603,0,817,0,0,817,T
4-HA,1604,0,1,0,812,813,C
4-HA,1605,0,0,0,811,811,C
4-HA,1606,0,800,0,0,800,T
4-HA,1607,0,799,0,0,799,T
4-HA,1608,0,801,0,0,801,T
4-HA,1609,0,0,805,0,805,G
4-HA,1610,0,0,0,804,804,C
4-HA,1611,0,0,0,799,799,C
4-HA,1612,785,0,0,0,785,A
4-HA,1613,0,777,0,0,777,T
4-HA,1614,785,0,3,0,788,A
4-HA,1615,1,785,0,0,786,T
4-HA,1616,0,0,0,781,781,C
4-HA,1617,783,0,0,0,783,A
4-HA,1618,0,772,0,0,772,T
4-HA,1619,0,1,772,0,773,G
4-HA,1620,0,765,0,2,767,T
4-HA,1621,0,750,1,1,752,T
4-HA,1622,0,749,0,0,749,T
4-HA,1623,0,739,0,0,739,T
4-HA,1624,0,739,0,0,739,T
4-HA,1625,0,734,0,0,734,T
4-HA,1626,0,0,736,0,736,G
4-HA,1627,0,0,0,736,736,C
4-HA,1628,0,723,0,0,723,T
4-HA,1629,0,725,0,0,725,T
4-HA,1630,0,724,0,0,724,T
4-HA,1631,0,1,728,0,729,G
4-HA,1632,0,727,0,0,727,T
4-HA,1633,0,0,729,0,729,G
4-HA,1634,0,729,0,0,729,T
4-HA,1635,0,709,0,1,710,T
4-HA,1636,0,0,714,0,714,G
4-HA,1637,0,0,0,713,713,C
4-HA,1638,0,709,0,1,710,T
4-HA,1639,0,710,0,0,710,T
4-HA,1640,0,668,0,0,668,T
4-HA,1641,0,1,670,0,671,G
4-HA,1642,0,671,0,0,671,T
4-HA,1643,0,668,0,1,669,T
4-HA,1644,0,1,667,0,668,G
4-HA,1645,0,0,642,0,642,G
4-HA,1646,0,1,643,0,644,G
4-HA,1647,0,0,650,0,650,G
4-HA,1648,1,635,0,1,637,T
4-HA,1649,0,637,0,0,637,T
4-HA,1650,0,0,0,625,625,C
4-HA,1651,610,0,1,0,611,A
4-HA,1652,0,610,0,1,611,T
4-HA,1653,1,0,0,611,612,C
4-HA,1654,607,0,0,0,607,A
4-HA,1655,0,591,0,2,593,T
4-HA,1656,0,0,588,0,588,G
4-HA,1657,0,569,0,9,578,T
4-HA,1658,1,1,566,0,568,G
4-HA,1659,0,0,552,0,552,G
4-HA,1660,0,0,547,0,547,G
4-HA,1661,1,0,0,536,537,C
4-HA,1662,2,0,0,515,517,C
4-HA,1663,1,493,0,0,494,T
4-HA,1664,0,0,495,0,495,G
4-HA,1665,0,0,0,490,490,C
4-HA,1666,1,0,0,493,494,C
4-HA,1667,494,0,0,0,494,A
4-HA,1668,494,0,0,0,494,A
4-HA,1669,495,0,0,0,495,A
4-HA,1670,494,0,0,0,494,A
4-HA,1671,492,0,0,0,492,A
4-HA,1672,0,1,492,0,493,G
4-HA,1673,1,1,469,0,471,G
4-HA,1674,0,0,0,463,463,C
4-HA,1675,459,0,2,0,461,A
4-HA,1676,466,0,2,0,468,A
4-HA,1677,0,1,0,466,467,C
4-HA,1678,465,0,0,0,465,A
4-HA,1679,0,464,0,0,464,T
4-HA,1680,0,451,0,0,451,T
4-HA,1681,440,0,0,0,440,A
4-HA,1682,0,0,434,0,434,G
4-HA,1683,0,0,432,0,432,G
4-HA,1684,0,429,0,0,429,T
4-HA,1685,0,0,394,0,394,G
4-HA,1686,0,0,0,382,382,C
4-HA,1687,376,0,0,0,376,A
4-HA,1688,376,0,0,0,376,A
4-HA,1689,1,0,0,376,377,C
4-HA,1690,374,0,0,0,374,A
4-HA,1691,0,360,0,0,360,T
4-HA,1692,0,345,0,0,345,T
4-HA,1693,0,344,0,1,345,T
4-HA,1694,0,0,344,0,344,G
4-HA,1695,0,0,0,342,342,C
4-HA,1696,341,0,0,0,341,A
4-HA,1697,0,322,0,0,322,T
4-HA,1698,0,310,0,2,312,T
4-HA,1699,0,306,0,0,306,T
4-HA,1700,0,0,305,0,305,G
4-HA,1701,294,0,0,0,294,A
5-NP,1,551,0,0,0,551,A
5-NP,2,0,550,0,0,550,T
5-NP,3,0,0,552,0,552,G
5-NP,4,0,0,550,0,550,G
5-NP,5,0,0,0,553,553,C
5-NP,6,0,1,565,0,566,G
5-NP,7,0,583,0,2,585,T
5-NP,8,0,0,0,590,590,C
5-NP,9,0,0,0,596,596,C
5-NP,10,0,0,0,598,598,C
5-NP,11,597,0,0,0,597,A
5-NP,12,603,0,0,0,603,A
5-NP,13,1,2,609,1,613,G
5-NP,14,0,0,632,0,632,G
5-NP,15,0,0,0,637,637,C
5-NP,16,639,0,0,0,639,A
5-NP,17,0,0,0,646,646,C
5-NP,18,1,0,0,647,648,C
5-NP,19,652,0,0,0,652,A
5-NP,20,651,0,0,0,651,A
5-NP,21,653,0,0,0,653,A
5-NP,22,0,0,0,654,654,C
5-NP,23,0,1,653,0,654,G
5-NP,24,0,0,716,0,716,G
5-NP,25,0,716,0,0,716,T
5-NP,26,1,0,0,755,756,C
5-NP,27,0,752,0,1,753,T
5-NP,28,0,766,0,0,766,T
5-NP,29,766,1,1,0,768,A
5-NP,30,0,767,0,0,767,T
5-NP,31,1,2,770,0,773,G
5-NP,32,772,0,0,0,772,A
5-NP,33,763,0,0,0,763,A
5-NP,34,0,0,0,769,769,C
5-NP,35,758,0,0,0,758,A
5-NP,36,0,0,806,0,806,G
5-NP,37,804,0,0,0,804,A
5-NP,38,0,805,0,1,806,T
5-NP,39,0,1,803,0,804,G
5-NP,40,0,0,803,0,803,G
5-NP,41,807,0,0,0,807,A
5-NP,42,810,0,0,0,810,A
5-NP,43,818,0,0,0,818,A
5-NP,44,3,0,0,831,834,C
5-NP,45,0,825,0,1,826,T
5-NP,46,0,1,839,0,840,G
5-NP,47,842,0,2,0,844,A
5-NP,48,0,838,0,0,838,T
5-NP,49,0,3,841,0,844,G
5-NP,50,0,6,845,0,851,G
5-NP,51,0,0,851,0,851,G
5-NP,52,0,0,856,0,856,G
5-NP,53,850,0,1,0,851,A
5-NP,54,0,849,0,0,849,T
5-NP,55,0,0,0,853,853,C
5-NP,56,1,0,855,0,856,G
5-NP,57,0,0,0,870,870,C
5-NP,58,0,0,0,872,872,C
5-NP,59,869,0,0,0,869,A
5-NP,60,0,1,887,0,888,G
5-NP,61,883,0,0,0,883,A
5-NP,62,901,0,0,0,901,A
5-NP,63,0,900,0,0,900,T
5-NP,64,0,0,902,0,902,G
5-NP,65,0,0,0,906,906,C
5-NP,66,901,0,0,0,901,A
5-NP,67,905,0,0,0,905,A
5-NP,68,0,0,0,909,909,C
5-NP,69,1,908,0,0,909,T
5-NP,70,0,0,921,0,921,G
5-NP,71,935,0,1,0,936,A
5-NP,72,1,0,973,0,974,G
5-NP,73,973,0,0,0,973,A
5-NP,74,0,971,0,0,971,T
5-NP,75,0,976,0,0,976,T
5-NP,76,966,0,2,0,968,A
5-NP,77,0,0,972,1,973,G
5-NP,78,0,2,966,0,968,G
5-NP,79,0,1,968,0,969,G
5-NP,80,0,0,0,953,953,C
5-NP,81,949,0,0,0,949,A
5-NP,82,0,953,0,0,953,T
5-NP,83,1,2,0,954,957,C
5-NP,84,1,0,0,961,962,C
5-NP,85,0,0,972,0,972,G
5-NP,86,0,979,0,1,980,T
5-NP,87,1,1,0,977,979,C
5-NP,88,0,1,978,0,979,G
5-NP,89,0,1,979,0,980,G
5-NP,90,1,0,984,0,985,G
5-NP,91,976,0,1,0,977,A
5-NP,92,981,0,0,0,981,A
5-NP,93,0,0,987,0,987,G
5-NP,94,977,0,1,0,978,A
5-NP,95,0,985,0,1,986,T
5-NP,96,0,2,988,0,990,G
5-NP,97,987,0,0,1,988,A
5-NP,98,0,994,0,0,994,T
5-NP,99,0,992,0,1,993,T
5-NP,100,0,0,995,0,995,G
5-NP,101,999,0,0,0,999,A
5-NP,102,0,998,0,0,998,T
5-NP,103,0,0,1000,0,1000,G
5-NP,104,0,1,1028,0,1029,G
5-NP,105,1032,0,0,0,1032,A
5-NP,106,1043,1,0,0,1044,A
5-NP,107,0,1040,0,0,1040,T
5-NP,108,0,1040,0,0,1040,T
5-NP,109,0,1,1045,0,1046,G
5-NP,110,0,2,1035,0,1037,G
5-NP,111,0,3,1040,0,1043,G
5-NP,112,1036,0,1,0,1037,A
5-NP,113,0,0,1026,1,1027,G
5-NP,114,1,0,1017,0,1018,G
5-NP,115,0,1080,0,0,1080,T
5-NP,116,0,1074,0,1,1075,T
5-NP,117,1,0,0,1074,1075,C
5-NP,118,0,1080,0,0,1080,T
5-NP,119,1090,0,1,0,1091,A
5-NP,120,1,0,0,1098,1099,C
5-NP,121,1130,0,1,0,1131,A
5-NP,122,0,1134,0,0,1134,T
5-NP,123,1,0,1,1111,1113,C
5-NP,124,1,0,0,1113,1114,C
5-NP,125,1113,0,0,0,1113,A
5-NP,126,1131,0,0,0,1131,A
5-NP,127,1130,0,0,0,1130,A
5-NP,128,0,1118,0,0,1118,T
5-NP,129,0,0,1119,0,1119,G
5-NP,130,0,1103,0,0,1103,T
5-NP,131,0,0,1104,0,1104,G
5-NP,132,1,0,0,1101,1102,C
5-NP,133,1097,0,1,0,1098,A
5-NP,134,0,0,0,1097,1097,C
5-NP,135,0,1088,0,0,1088,T
5-NP,136,0,1,1147,0,1148,G
5-NP,137,1159,1,0,0,1160,A
5-NP,138,1171,0,1,0,1172,A
5-NP,139,1,1,0,1185,1187,C
5-NP,140,0,1182,0,0,1182,T
5-NP,141,0,1188,0,0,1188,T
5-NP,142,1190,0,0,0,1190,A
5-NP,143,1186,0,0,0,1186,A
5-NP,144,1199,0,0,0,1199,A
5-NP,145,0,0,0,1199,1199,C
5-NP,146,0,1162,0,0,1162,T
5-NP,147,4,0,0,1171,1175,C
5-NP,148,1161,0,3,0,1164,A
5-NP,149,0,1,1182,0,1183,G
5-NP,150,0,1177,0,1,1178,T
5-NP,151,0,2,1187,0,1189,G
5-NP,152,1211,0,0,1,1212,A
5-NP,153,1,1215,0,0,1216,T
5-NP,154,1,0,1,1224,1226,C
5-NP,155,1232,0,0,0,1232,A
5-NP,156,0,1229,0,0,1229,T
5-NP,157,0,1,1229,0,1230,G
5-NP,158,1219,0,2,0,1221,A
5-NP,159,1218,1,1,0,1220,A
5-NP,160,0,3,1214,0,1217,G
5-NP,161,0,2,1210,0,1212,G
5-NP,162,0,1,1202,0,1203,G
5-NP,163,0,1,0,1192,1193,C
5-NP,164,0,0,1199,0,1199,G
5-NP,165,0,0,1198,0,1198,G
5-NP,166,0,1196,0,1,1197,T
5-NP,167,0,1198,0,0,1198,T
5-NP,168,0,3,1199,0,1202,G
5-NP,169,1298,0,0,0,1298,A
5-NP,170,0,1292,0,1,1293,T
5-NP,171,0,0,0,1297,1297,C
5-NP,172,1,0,0,1294,1295,C
5-NP,173,1290,0,1,0,1291,A
5-NP,174,0,1,1300,0,1301,G
5-NP,175,1300,0,1,0,1301,A
5-NP,176,1301,0,1,0,1302,A
5-NP,177,1,0,0,1302,1303,C
5-NP,178,1227,0,0,0,1227,A
5-NP,179,1,0,1240,0,1241,G
5-NP,180,0,0,0,1241,1241,C
5-NP,181,1,1238,0,0,1239,T
5-NP,182,0,1243,0,0,1243,T
5-NP,183,1,1,1239,0,1241,G
5-NP,184,1250,0,0,0,1250,A
5-NP,185,0,0,0,1254,1254,C
5-NP,186,1245,0,1,0,1246,A
5-NP,187,1259,0,0,0,1259,A
5-NP,188,0,1249,0,0,1249,T
5-NP,189,1252,0,0,0,1252,A
5-NP,190,0,2,1255,0,1257,G
5-NP,191,1249,0,0,0,1249,A
5-NP,192,0,1,1252,0,1253,G
5-NP,193,1241,0,0,0,1241,A
5-NP,194,1255,0,0,0,1255,A
5-NP,195,1249,0,2,0,1251,A
5-NP,196,1276,0,0,0,1276,A
5-NP,197,0,1275,0,0,1275,T
5-NP,198,0,2,1270,0,1272,G
5-NP,199,0,1,1267,0,1268,G
5-NP,200,1,1265,0,1,1267,T
5-NP,201,1241,0,0,0,1241,A
5-NP,202,2,0,0,1249,1251,C
5-NP,203,0,1254,0,1,1255,T
5-NP,204,1,0,0,1274,1275,C
5-NP,205,0,1249,0,2,1251,T
5-NP,206,0,0,0,1261,1261,C
5-NP,207,0,1258,0,0,1258,T
5-NP,208,0,0,1269,0,1269,G
5-NP,209,0,0,0,1263,1263,C
5-NP,210,0,1267,0,3,1270,T
5-NP,211,0,1264,0,0,1264,T
5-NP,212,0,1266,0,0,1266,T
5-NP,213,0,1250,0,1,1251,T
5-NP,214,0,1,1255,0,1256,G
5-NP,215,1251,0,3,0,1254,A
5-NP,216,0,1252,0,0,1252,T
5-NP,217,0,1,1252,0,1253,G
5-NP,218,1248,0,0,0,1248,A
5-NP,219,1249,0,0,0,1249,A
5-NP,220,1252,1,0,0,1253,A
5-NP,221,0,0,1256,0,1256,G
5-NP,222,1252,0,0,0,1252,A
5-NP,223,1251,0,1,0,1252,A
5-NP,224,0,2,1259,0,1261,G
5-NP,225,0,1,1297,0,1298,G
5-NP,226,1306,0,1,0,1307,A
5-NP,227,1309,1,0,0,1310,A
5-NP,228,0,1307,0,1,1308,T
5-NP,229,1308,0,0,0,1308,A
5-NP,230,1305,1,0,0,1306,A
5-NP,231,1310,0,0,0,1310,A
5-NP,232,0,1313,0,0,1313,T
5-NP,233,1321,0,0,0,1321,A
5-NP,234,0,0,0,1316,1316,C
5-NP,235,1,0,0,1298,1299,C
5-NP,236,0,1296,0,2,1298,T
5-NP,237,0,0,1303,0,1303,G
5-NP,238,0,0,1325,0,1325,G
5-NP,239,1326,0,0,0,1326,A
5-NP,240,1322,1,0,0,1323,A
5-NP,241,5,2,1339,1,1347,G
5-NP,242,1335,0,1,0,1336,A
5-NP,243,1330,1,1,0,1332,A
5-NP,244,2,0,0,1332,1334,C
5-NP,245,1328,0,1,0,1329,A
5-NP,246,2,1,0,1350,1353,C
5-NP,247,4,1,0,1332,1337,C
5-NP,248,1,1,0,1340,1342,C
5-NP,249,5,0,0,1341,1346,C
5-NP,250,1327,0,2,0,1329,A
5-NP,251,0,0,1334,0,1334,G
5-NP,252,0,0,0,1328,1328,C
5-NP,253,0,0,1328,0,1328,G
5-NP,254,1,0,0,1324,1325,C
5-NP,255,6,5,1306,0,1317,G
5-NP,256,1,6,1322,0,1329,G
5-NP,257,0,0,1317,0,1317,G
5-NP,258,0,2,1327,0,1329,G
5-NP,259,1325,0,0,0,1325,A
5-NP,260,1326,0,0,0,1326,A
5-NP,261,1319,2,0,0,1321,A
5-NP,262,1,2,1328,0,1331,G
5-NP,263,1328,0,1,1,1330,A
5-NP,264,0,1320,0,1,1321,T
5-NP,265,0,0,0,1319,1319,C
5-NP,266,4,0,0,1307,1311,C
5-NP,267,0,0,0,1317,1317,C
5-NP,268,1319,0,1,1,1321,A
5-NP,269,1321,0,0,0,1321,A
5-NP,270,0,0,1335,0,1335,G
5-NP,271,1331,0,0,0,1331,A
5-NP,272,1337,0,0,0,1337,A
5-NP,273,1335,0,1,0,1336,A
5-NP,274,1335,0,1,0,1336,A
5-NP,275,0,0,0,1339,1339,C
5-NP,276,0,1325,0,2,1327,T
5-NP,277,0,2,1326,0,1328,G
5-NP,278,0,2,1327,0,1329,G
5-NP,279,0,6,1321,0,1327,G
5-NP,280,0,3,1323,0,1326,G
5-NP,281,0,1,1325,0,1326,G
5-NP,282,0,1,1347,0,1348,G
5-NP,283,1,0,0,1437,1438,C
5-NP,284,2,1,0,1427,1430,C
5-NP,285,6,0,0,1441,1447,C
5-NP,286,1596,0,1,0,1597,A
5-NP,287,0,1597,0,1,1598,T
5-NP,288,1673,0,2,0,1675,A
5-NP,289,0,1679,0,0,1679,T
5-NP,290,1662,2,2,0,1666,A
5-NP,291,1,0,0,1670,1671,C
5-NP,292,1547,0,0,0,1547,A
5-NP,293,0,1,1565,0,1566,G
5-NP,294,0,3,1561,0,1564,G
5-NP,295,1438,0,0,0,1438,A
5-NP,296,0,3,1452,0,1455,G
5-NP,297,1380,0,1,0,1381,A
5-NP,298,0,1,1395,0,1396,G
5-NP,299,0,1393,0,0,1393,T
5-NP,300,1381,0,0,0,1381,A
5-NP,301,0,0,1385,0,1385,G
5-NP,302,1242,2,115,0,1359,A
5-NP,303,1,1358,0,1,1360,T
5-NP,304,0,1,1361,0,1362,G
5-NP,305,0,0,1361,0,1361,G
5-NP,306,1359,0,0,0,1359,A
5-NP,307,1345,0,2,1,1348,A
5-NP,308,1343,0,1,0,1344,A
5-NP,309,1348,1,0,0,1349,A
5-NP,310,0,1343,0,0,1343,T
5-NP,311,0,1,1359,0,1360,G
5-NP,312,0,0,1359,0,1359,G
5-NP,313,1359,0,1,0,1360,A
5-NP,314,0,1343,0,1,1344,T
5-NP,315,0,3,1343,0,1346,G
5-NP,316,1335,1,2,0,1338,A
5-NP,317,0,4,1339,0,1343,G
5-NP,318,0,3,1340,0,1343,G
5-NP,319,0,3,1350,0,1353,G
5-NP,320,1374,0,0,0,1374,A
5-NP,321,1374,0,1,0,1375,A
5-NP,322,0,0,0,1407,1407,C
5-NP,323,0,1407,0,0,1407,T
5-NP,324,1,0,0,1430,1431,C
5-NP,325,0,0,1455,0,1455,G
5-NP,326,0,1476,0,1,1477,T
5-NP,327,0,0,0,1491,1491,C
5-NP,328,0,0,0,1698,1698,C
5-NP,329,0,1709,0,0,1709,T
5-NP,330,0,1720,0,0,1720,T
5-NP,331,0,1721,0,1,1722,T
5-NP,332,1741,0,0,0,1741,A
5-NP,333,0,1741,0,0,1741,T
5-NP,334,0,2,1739,0,1741,G
5-NP,335,1764,0,5,0,1769,A
5-NP,336,0,0,0,1774,1774,C
5-NP,337,1743,0,1,0,1744,A
5-NP,338,1748,1,1,0,1750,A
5-NP,339,1759,0,2,1,1762,A
5-NP,340,0,0,1871,1,1872,G
5-NP,341,1864,0,0,0,1864,A
5-NP,342,1867,0,3,0,1870,A
5-NP,343,0,3,1999,0,2002,G
5-NP,344,2021,0,1,0,2022,A
5-NP,345,2037,0,0,0,2037,A
5-NP,346,2028,0,2,0,2030,A
5-NP,347,0,2032,0,1,2033,T
5-NP,348,2036,0,0,0,2036,A
5-NP,349,2026,0,0,0,2026,A
5-NP,350,0,1,2069,0,2070,G
5-NP,351,0,2,2068,0,2070,G
5-NP,352,2,0,0,2050,2052,C
5-NP,353,0,2,2052,0,2054,G
5-NP,354,2063,0,2,0,2065,A
5-NP,355,2114,0,1,0,2115,A
5-NP,356,1,2118,0,0,2119,T
5-NP,357,0,0,0,2119,2119,C
5-NP,358,0,2124,0,0,2124,T
5-NP,359,0,0,2124,1,2125,G
5-NP,360,1,2,2120,0,2123,G
5-NP,361,0,1,0,2134,2135,C
5-NP,362,0,0,2138,0,2138,G
5-NP,363,0,0,0,2133,2133,C
5-NP,364,2,0,0,2121,2123,C
5-NP,365,2144,2,0,0,2146,A
5-NP,366,2164,0,1,0,2165,A
5-NP,367,0,0,2251,0,2251,G
5-NP,368,1,3,0,2242,2246,C
5-NP,369,2,0,1,2271,2274,C
5-NP,370,2274,0,1,0,2275,A
5-NP,371,2326,0,1,1,2328,A
5-NP,372,4,0,0,2363,2367,C
5-NP,373,2366,0,1,0,2367,A
5-NP,374,2432,1,0,0,2433,A
5-NP,375,0,2442,0,0,2442,T
5-NP,376,0,6,2512,0,2518,G
5-NP,377,0,1,2525,0,2526,G
5-NP,378,0,2512,1,2,2515,T
5-NP,379,1,4,2523,0,2528,G
5-NP,380,2505,0,2,0,2507,A
5-NP,381,1,4,2628,0,2633,G
5-NP,382,0,4,2629,0,2633,G
5-NP,383,2660,0,0,0,2660,A
5-NP,384,0,2920,0,1,2921,T
5-NP,385,0,0,2961,0,2961,G
5-NP,386,3,1,0,2967,2971,C
5-NP,387,0,2969,0,5,2974,T
5-NP,388,3005,0,0,0,3005,A
5-NP,389,0,0,0,3080,3080,C
5-NP,390,3087,0,0,0,3087,A
5-NP,391,0,3082,0,2,3084,T
5-NP,392,0,0,0,3066,3066,C
5-NP,393,0,2956,0,2,2958,T
5-NP,394,0,4,3106,0,3110,G
5-NP,395,2,0,3191,0,3193,G
5-NP,396,0,3192,0,5,3197,T
5-NP,397,2,0,0,3192,3194,C
5-NP,398,0,3163,0,0,3163,T
5-NP,399,3223,0,3,0,3226,A
5-NP,400,3226,0,2,1,3229,A
5-NP,401,0,0,1,3260,3261,C
5-NP,402,0,3260,0,0,3260,T
5-NP,403,3,2,1,3323,3329,C
5-NP,404,3320,0,1,0,3321,A
5-NP,405,2,1,0,3485,3488,C
5-NP,406,3489,0,1,0,3490,A
5-NP,407,1,3505,0,2,3508,T
5-NP,408,3485,0,0,0,3485,A
5-NP,409,3493,0,0,0,3493,A
5-NP,410,0,3510,0,1,3511,T
5-NP,411,0,1,3555,0,3556,G
5-NP,412,3548,0,1,0,3549,A
5-NP,413,1,3537,1,0,3539,T
5-NP,414,1,3485,1,1,3488,T
5-NP,415,1,3487,1,3,3492,T
5-NP,416,1,7,3479,0,3487,G
5-NP,417,3,3,3495,0,3501,G
5-NP,418,1,0,0,3502,3503,C
5-NP,419,3490,0,0,0,3490,A
5-NP,420,0,3483,1,2,3486,T
5-NP,421,0,3483,1,3,3487,T
5-NP,422,0,0,0,3486,3486,C
5-NP,423,1,0,0,3495,3496,C
5-NP,424,3573,0,1,0,3574,A
5-NP,425,3576,0,0,0,3576,A
5-NP,426,0,3572,0,0,3572,T
5-NP,427,0,3576,0,1,3577,T
5-NP,428,1,3573,0,0,3574,T
5-NP,429,0,5,3607,0,3612,G
5-NP,430,3600,2,6,0,3608,A
5-NP,431,3615,0,1,0,3616,A
5-NP,432,1,3631,0,2,3634,T
5-NP,433,1,2,3613,0,3616,G
5-NP,434,3777,1,3,0,3781,A
5-NP,435,0,3790,0,0,3790,T
5-NP,436,1,0,3803,0,3804,G
5-NP,437,1,1,0,3907,3909,C
5-NP,438,3904,1,2,0,3907,A
5-NP,439,4095,1,4,1,4101,A
5-NP,440,0,0,0,4105,4105,C
5-NP,441,4168,2,1,0,4171,A
5-NP,442,0,4289,0,1,4290,T
5-NP,443,4234,0,2,0,4236,A
5-NP,444,2,1,0,4307,4310,C
5-NP,445,2,3,1,4303,4309,C
5-NP,446,4225,1,5,0,4231,A
5-NP,447,1,4,4281,0,4286,G
5-NP,448,4200,0,5,0,4205,A
5-NP,449,0,5,4295,0,4300,G
5-NP,450,1,2,4285,0,4288,G
5-NP,451,4255,1,4,0,4260,A
5-NP,452,2,0,1,4275,4278,C
5-NP,453,4243,2,2,0,4247,A
5-NP,454,4242,0,3,1,4246,A
5-NP,455,0,3,4264,1,4268,G
5-NP,456,4213,1,11,1,4226,A
5-NP,457,1,2,4255,0,4258,G
5-NP,458,0,1,1,4260,4262,C
5-NP,459,0,4240,0,7,4247,T
5-NP,460,4,0,0,4268,4272,C
5-NP,461,1,4253,0,3,4257,T
5-NP,462,3,4279,0,1,4283,T
5-NP,463,0,2,4292,0,4294,G
5-NP,464,1,4278,0,4,4283,T
5-NP,465,1,4276,1,1,4279,T
5-NP,466,2,2,0,4272,4276,C
5-NP,467,1,3,4263,0,4267,G
5-NP,468,4361,2,2,1,4366,A
5-NP,469,4360,2,1,0,4363,A
5-NP,470,5,0,0,4393,4398,C
5-NP,471,0,4396,0,2,4398,T
5-NP,472,2,2,4469,0,4473,G
5-NP,473,2,4,4465,1,4472,G
5-NP,474,4475,4,4,0,4483,A
5-NP,475,4493,0,1,0,4494,A
5-NP,476,1,4476,1,0,4478,T
5-NP,477,1,8,4491,0,4500,G
5-NP,478,1,3,4509,0,4513,G
5-NP,479,4529,1,4,0,4534,A
5-NP,480,0,4569,0,3,4572,T
5-NP,481,7,0,0,4593,4600,C
5-NP,482,3,4,0,4599,4606,C
5-NP,483,6,2,0,4627,4635,C
5-NP,484,4678,0,1,0,4679,A
5-NP,485,0,2,4729,1,4732,G
5-NP,486,4745,0,0,0,4745,A
5-NP,487,4758,2,3,1,4764,A
5-NP,488,0,4713,1,0,4714,T
5-NP,489,2,1,4785,0,4788,G
5-NP,490,0,4767,1,2,4770,T
5-NP,491,1,0,4803,1,4805,G
5-NP,492,0,4,1,4806,4811,C
5-NP,493,1,4778,2,3,4784,T
5-NP,494,9,1,1,5083,5094,C
5-NP,495,1,5056,0,4,5061,T
5-NP,496,5,1,0,5254,5260,C
5-NP,497,2,5238,2,9,5251,T
5-NP,498,0,2,5287,0,5289,G
5-NP,499,5335,1,1,0,5337,A
5-NP,500,2,5312,0,0,5314,T
5-NP,501,2,1,5313,1,5317,G
5-NP,502,2,0,0,5309,5311,C
5-NP,503,5188,0,2,1,5191,A
5-NP,504,2,14,5305,1,5322,G
5-NP,505,4,7,5224,0,5235,G
5-NP,506,1,5,5285,0,5291,G
5-NP,507,0,1,1,5278,5280,C
5-NP,508,0,5252,0,5,5257,T
5-NP,509,5,2,1,5282,5290,C
5-NP,510,3,2,5286,0,5291,G
5-NP,511,5345,3,3,1,5352,A
5-NP,512,6,1,0,5351,5358,C
5-NP,513,1,5274,8,3,5286,T
5-NP,514,8,0,1,5526,5535,C
5-NP,515,1,5532,1,2,5536,T
5-NP,516,10,0,0,6275,6285,C
5-NP,517,5,5,0,6286,6296,C
5-NP,518,11,1,0,6298,6310,C
5-NP,519,0,6306,0,2,6308,T
5-NP,520,6276,0,1,1,6278,A
5-NP,521,0,7,6276,0,6283,G
5-NP,522,6269,0,5,0,6274,A
5-NP,523,6119,2,2,1,6124,A
5-NP,524,1,8,6118,0,6127,G
5-NP,525,1,4,6067,1,6073,G
5-NP,526,1,5997,0,1,5999,T
5-NP,527,0,1,0,5975,5976,C
5-NP,528,5,3,0,5984,5992,C
5-NP,529,0,8,5990,0,5998,G
5-NP,530,4,4,6035,0,6043,G
5-NP,531,6046,0,1,1,6048,A
5-NP,532,0,4,6110,1,6115,G
5-NP,533,0,1,0,6140,6141,C
5-NP,534,0,6061,0,9,6070,T
5-NP,535,2,1,6091,0,6094,G
5-NP,536,1,1,0,6105,6107,C
5-NP,537,6092,3,6,1,6102,A
5-NP,538,1,10,6121,2,6134,G
5-NP,539,0,1,6155,0,6156,G
5-NP,540,0,6157,0,3,6160,T
5-NP,541,1,2,6109,0,6112,G
5-NP,542,3,0,0,6144,6147,C
5-NP,543,1,6136,1,4,6142,T
5-NP,544,1,1,6154,0,6156,G
5-NP,545,1,1,0,6144,6146,C
5-NP,546,6209,1,4,1,6215,A
5-NP,547,2,3,6300,0,6305,G
5-NP,548,1,6267,2,5,6275,T
5-NP,549,9,1,0,6288,6298,C
5-NP,550,6295,0,0,0,6295,A
5-NP,551,6301,0,2,0,6303,A
5-NP,552,6285,2,11,1,6299,A
5-NP,553,0,8,6318,1,6327,G
5-NP,554,1,6,6371,0,6378,G
5-NP,555,6357,0,2,0,6359,A
5-NP,556,6302,0,4,0,6306,A
5-NP,557,0,6309,0,2,6311,T
5-NP,558,7,2,0,6291,6300,C
5-NP,559,4,11,6282,1,6298,G
5-NP,560,2,10,6431,0,6443,G
5-NP,561,2,8,6454,0,6464,G
5-NP,562,6449,1,6,0,6456,A
5-NP,563,2,2,0,6466,6470,C
5-NP,564,6395,1,3,0,6399,A
5-NP,565,6569,1,3,0,6573,A
5-NP,566,0,6600,0,0,6600,T
5-NP,567,1,8,6625,0,6634,G
5-NP,568,2,3,6806,0,6811,G
5-NP,569,2,6823,1,2,6828,T
5-NP,570,1,3,6844,1,6849,G
5-NP,571,6844,2,5,1,6852,A
5-NP,572,3,6821,0,4,6828,T
5-NP,573,1,13,6830,1,6845,G
5-NP,574,1,7,6882,1,6891,G
5-NP,575,6870,4,1,1,6876,A
5-NP,576,6863,0,4,0,6867,A
5-NP,577,0,0,0,6858,6858,C
5-NP,578,0,6665,0,4,6669,T
5-NP,579,3,4,7000,1,7008,G
5-NP,580,7000,1,1,0,7002,A
5-NP,581,3,6977,1,1,6982,T
5-NP,582,8,0,0,6997,7005,C
5-NP,583,6910,2,0,0,6912,A
5-NP,584,47,4,7022,0,7073,G
5-NP,585,7060,1,1,0,7062,A
5-NP,586,7057,2,1,1,7061,A
5-NP,587,0,7055,0,3,7058,T
5-NP,588,4,4,6883,1,6892,G
5-NP,589,6824,2,8,0,6834,A
5-NP,590,2,7003,0,6,7011,T
5-NP,591,5,1,0,7028,7034,C
5-NP,592,7043,1,2,0,7046,A
5-NP,593,7021,0,0,1,7022,A
5-NP,594,7028,0,3,0,7031,A
5-NP,595,0,3,0,7031,7034,C
5-NP,596,1,14,6990,2,7007,G
5-NP,597,2,16,7067,0,7085,G
5-NP,598,5,16,7017,1,7039,G
5-NP,599,2,6,7089,0,7097,G
5-NP,600,1,10,7090,0,7101,G
5-NP,601,7093,1,3,0,7097,A
5-NP,602,0,7043,2,2,7047,T
5-NP,603,7,0,0,7037,7044,C
5-NP,604,7056,0,0,0,7056,A
5-NP,605,7049,0,7,0,7056,A
5-NP,606,3,3,0,6995,7001,C
5-NP,607,3,5,6953,0,6961,G
5-NP,608,6957,3,0,0,6960,A
5-NP,609,3,6943,0,2,6948,T
5-NP,610,4,2,1,6939,6946,C
5-NP,611,5,4,6956,0,6965,G
5-NP,612,6955,2,4,0,6961,A
5-NP,613,6948,0,2,0,6950,A
5-NP,614,6946,0,1,1,6948,A
5-NP,615,2,7007,0,1,7010,T
5-NP,616,1,7000,1,1,7003,T
5-NP,617,1,6986,0,2,6989,T
5-NP,618,1,7031,0,1,7033,T
5-NP,619,0,7039,1,0,7040,T
5-NP,620,3,4,7054,0,7061,G
5-NP,621,1,11,7049,0,7061,G
5-NP,622,7019,0,2,1,7022,A
5-NP,623,0,5,7077,0,7082,G
5-NP,624,6977,2,3,0,6982,A
5-NP,625,3,7,7276,1,7287,G
5-NP,626,1,2,7312,0,7315,G
5-NP,627,1,7280,0,3,7284,T
5-NP,628,2,8,7296,1,7307,G
5-NP,629,7295,3,6,0,7304,A
5-NP,630,1,3,7334,0,7338,G
5-NP,631,7315,0,6,0,7321,A
5-NP,632,7304,0,2,0,7306,A
5-NP,633,0,7273,0,0,7273,T
5-NP,634,0,31,7068,0,7099,G
5-NP,635,4,4,7035,0,7043,G
5-NP,636,8,6,7034,0,7048,G
5-NP,637,0,3,1,7030,7034,C
5-NP,638,3,8,7027,3,7041,G
5-NP,639,0,2,7072,0,7074,G
5-NP,640,7065,1,1,0,7067,A
5-NP,641,7077,0,1,0,7078,A
5-NP,642,7173,0,9,0,7182,A
5-NP,643,7189,0,4,5,7198,A
5-NP,644,3,0,0,7248,7251,C
5-NP,645,7233,0,2,0,7235,A
5-NP,646,7209,0,7,0,7216,A
5-NP,647,2,2,7224,0,7228,G
5-NP,648,7057,3,1,0,7061,A
5-NP,649,7082,1,1,0,7084,A
5-NP,650,1,2,7255,0,7258,G
5-NP,651,0,7251,0,2,7253,T
5-NP,652,3,2,7567,0,7572,G
5-NP,653,2,0,0,7537,7539,C
5-NP,654,1,7541,2,11,7555,T
5-NP,655,0,7582,0,3,7585,T
5-NP,656,7655,1,1,1,7658,A
5-NP,657,3,7651,2,3,7659,T
5-NP,658,2,7,7682,2,7693,G
5-NP,659,7536,2,18,5,7561,A
5-NP,660,2,6,7586,0,7594,G
5-NP,661,7270,2,5,3,7280,A
5-NP,662,1,6,7304,0,7311,G
5-NP,663,7289,0,1,0,7290,A
5-NP,664,7349,1,3,1,7354,A
5-NP,665,0,7291,0,2,7293,T
5-NP,666,2,2,7385,1,7390,G
5-NP,667,3,7358,1,4,7366,T
5-NP,668,4,0,7377,0,7381,G
5-NP,669,3,3,1,7357,7364,C
5-NP,670,7354,0,2,0,7356,A
5-NP,671,7379,1,7,0,7387,A
5-NP,672,3,3,0,7370,7376,C
5-NP,673,7309,3,1,0,7313,A
5-NP,674,0,7377,0,1,7378,T
5-NP,675,1,7297,3,2,7303,T
5-NP,676,5,1,1,7368,7375,C
5-NP,677,1,7340,1,0,7342,T
5-NP,678,1,7349,0,0,7350,T
5-NP,679,7368,2,1,0,7371,A
5-NP,680,7339,0,2,0,7341,A
5-NP,681,7325,2,3,0,7330,A
5-NP,682,0,18,7308,0,7326,G
5-NP,683,1,11,7228,1,7241,G
5-NP,684,3,6,7166,0,7175,G
5-NP,685,7197,0,3,0,7200,A
5-NP,686,7192,2,3,1,7198,A
5-NP,687,7330,0,2,0,7332,A
5-NP,688,1,7327,0,1,7329,T
5-NP,689,0,7311,1,2,7314,T
5-NP,690,2,7365,1,2,7370,T
5-NP,691,5,0,0,7374,7379,C
5-NP,692,7378,0,2,0,7380,A
5-NP,693,7370,2,1,1,7374,A
5-NP,694,7380,3,3,0,7386,A
5-NP,695,4,0,0,7456,7460,C
5-NP,696,7355,0,1,0,7356,A
5-NP,697,0,4,7465,0,7469,G
5-NP,698,2,0,0,7470,7472,C
5-NP,699,2,7455,1,5,7463,T
5-NP,700,1,2,7583,0,7586,G
5-NP,701,3,3,0,7556,7562,C
5-NP,702,7623,1,7,1,7632,A
5-NP,703,4,0,2,7632,7638,C
5-NP,704,7586,0,2,0,7588,A
5-NP,705,7596,0,10,1,7607,A
5-NP,706,7437,1,1,1,7440,A
5-NP,707,0,9,7689,0,7698,G
5-NP,708,7644,1,15,0,7660,A
5-NP,709,2,3,7683,0,7688,G
5-NP,710,3,1,0,7661,7665,C
5-NP,711,7601,0,61,1,7663,A
5-NP,712,7874,2,6,1,7883,A
5-NP,713,2,7858,1,3,7864,T
5-NP,714,1,6,7873,0,7880,G
5-NP,715,0,6,7896,1,7903,G
5-NP,716,4,7695,2,8,7709,T
5-NP,717,3,7,7708,0,7718,G
5-NP,718,0,6,7744,0,7750,G
5-NP,719,7753,2,4,0,7759,A
5-NP,720,0,7728,1,4,7733,T
5-NP,721,9,0,1,7573,7583,C
5-NP,722,7593,0,2,1,7596,A
5-NP,723,7654,0,2,0,7656,A
5-NP,724,1,1,7675,0,7677,G
5-NP,725,2,7599,2,2,7605,T
5-NP,726,5,8,7616,0,7629,G
5-NP,727,7519,0,7,2,7528,A
5-NP,728,2,2,7571,1,7576,G
5-NP,729,7539,2,11,1,7553,A
5-NP,730,1,3,7557,0,7561,G
5-NP,731,7498,0,7,1,7506,A
5-NP,732,7344,1,2,0,7347,A
5-NP,733,7360,0,3,1,7364,A
5-NP,734,1,4,7382,2,7389,G
5-NP,735,1,7363,0,4,7368,T
5-NP,736,5,2,1,7335,7343,C
5-NP,737,1,7,7324,0,7332,G
5-NP,738,0,8,7343,0,7351,G
5-NP,739,7359,1,2,0,7362,A
5-NP,740,7388,2,1,0,7391,A
5-NP,741,5,3,0,7387,7395,C
5-NP,742,9,1,0,7324,7334,C
5-NP,743,16,0,0,7357,7373,C
5-NP,744,7350,0,10,2,7362,A
5-NP,745,0,4,7391,2,7397,G
5-NP,746,1,6,7401,0,7408,G
5-NP,747,7386,1,1,1,7389,A
5-NP,748,7388,1,1,1,7391,A
5-NP,749,7361,1,9,1,7372,A
5-NP,750,2,7,0,7368,7377,C
5-NP,751,1,2,7344,1,7348,G
5-NP,752,4,1,0,7337,7342,C
5-NP,753,0,7302,0,18,7320,T
5-NP,754,4,0,7326,1,7331,G
5-NP,755,7304,1,4,0,7309,A
5-NP,756,1,3,7402,0,7406,G
5-NP,757,7403,0,5,0,7408,A
5-NP,758,1,7399,1,3,7404,T
5-NP,759,8,2,0,7332,7342,C
5-NP,760,1,3,7350,0,7354,G
5-NP,761,7354,2,2,0,7358,A
5-NP,762,7343,1,2,1,7347,A
5-NP,763,0,2,7368,0,7370,G
5-NP,764,7367,0,4,0,7371,A
5-NP,765,0,7283,1,2,7286,T
5-NP,766,1,2,0,7329,7332,C
5-NP,767,4,7322,1,4,7331,T
5-NP,768,10,2,0,7322,7334,C
5-NP,769,7354,0,0,0,7354,A
5-NP,770,3,7347,0,2,7352,T
5-NP,771,7357,0,1,0,7358,A
5-NP,772,0,7354,3,0,7357,T
5-NP,773,1,7290,0,2,7293,T
5-NP,774,0,7273,1,3,7277,T
5-NP,775,1,7186,1,1,7189,T
5-NP,776,0,7200,0,2,7202,T
5-NP,777,7222,0,7,1,7230,A
5-NP,778,1,1,7221,0,7223,G
5-NP,779,3,0,0,7210,7213,C
5-NP,780,7194,0,4,0,7198,A
5-NP,781,7174,2,3,4,7183,A
5-NP,782,1,4,7440,0,7445,G
5-NP,783,7435,2,2,1,7440,A
5-NP,784,0,7436,1,1,7438,T
5-NP,785,4,4,0,7478,7486,C
5-NP,786,1,7450,1,5,7457,T
5-NP,787,0,0,7656,0,7656,G
5-NP,788,1,1,1,7663,7666,C
5-NP,789,7677,1,2,0,7680,A
5-NP,790,1,7748,0,1,7750,T
5-NP,791,2,7492,0,4,7498,T
5-NP,792,2,5,7920,1,7928,G
5-NP,793,8052,1,2,0,8055,A
5-NP,794,0,8053,0,2,8055,T
5-NP,795,8056,4,1,0,8061,A
5-NP,796,0,7877,1,4,7882,T
5-NP,797,2,7812,0,2,7816,T
5-NP,798,3,4,7849,1,7857,G
5-NP,799,7762,1,4,0,7767,A
5-NP,800,1,8,7827,1,7837,G
5-NP,801,7433,0,1,0,7434,A
5-NP,802,0,7,7315,0,7322,G
5-NP,803,2,6,7408,2,7418,G
5-NP,804,7383,0,2,1,7386,A
5-NP,805,1,7371,0,1,7373,T
5-NP,806,3,0,0,7394,7397,C
5-NP,807,7356,0,3,0,7359,A
5-NP,808,2,2,7382,0,7386,G
5-NP,809,5,7337,0,2,7344,T
5-NP,810,0,7294,0,2,7296,T
5-NP,811,0,7,7286,0,7293,G
5-NP,812,2,0,0,7231,7233,C
5-NP,813,0,7209,0,3,7212,T
5-NP,814,10,0,0,7238,7248,C
5-NP,815,7255,1,2,0,7258,A
5-NP,816,5,3,0,7264,7272,C
5-NP,817,7244,1,2,1,7248,A
5-NP,818,7283,1,2,0,7286,A
5-NP,819,7285,0,5,0,7290,A
5-NP,820,0,7291,0,1,7292,T
5-NP,821,4,0,0,7303,7307,C
5-NP,822,1,7297,1,7,7306,T
5-NP,823,0,7287,0,3,7290,T
5-NP,824,3,2,7324,0,7329,G
5-NP,825,2,7,0,7321,7330,C
5-NP,826,4,2,0,7412,7418,C
5-NP,827,0,7388,0,8,7396,T
5-NP,828,7434,1,3,0,7438,A
5-NP,829,3,2,3,7421,7429,C
5-NP,830,7,1,0,7429,7437,C
5-NP,831,3,7406,0,7,7416,T
5-NP,832,3,0,7502,1,7506,G
5-NP,833,3,1,0,7466,7470,C
5-NP,834,3,2,0,7476,7481,C
5-NP,835,5,7354,0,3,7362,T
5-NP,836,3,2,7426,0,7431,G
5-NP,837,1,7387,1,4,7393,T
5-NP,838,0,2,7469,0,7471,G
5-NP,839,6,3,0,7495,7504,C
5-NP,840,5,4,7606,1,7616,G
5-NP,841,1,7505,0,3,7509,T
5-NP,842,7494,2,0,0,7496,A
5-NP,843,1,7487,0,1,7489,T
5-NP,844,3,6,7486,1,7496,G
5-NP,845,2,5,7735,1,7743,G
5-NP,846,7706,0,14,0,7720,A
5-NP,847,2,2,0,7608,7612,C
5-NP,848,7,1,0,7597,7605,C
5-NP,849,1,7467,0,29,7497,T
5-NP,850,0,1,7763,0,7764,G
5-NP,851,2,0,2,7767,7771,C
5-NP,852,7767,3,8,3,7781,A
5-NP,853,1,5,7891,0,7897,G
5-NP,854,1,7572,0,3,7576,T
5-NP,855,7833,0,0,1,7834,A
5-NP,856,2,7804,2,5,7813,T
5-NP,857,4,3,1,7741,7749,C
5-NP,858,8,1,1,7757,7767,C
5-NP,859,7370,3,1,0,7374,A
5-NP,860,3,7,7394,1,7405,G
5-NP,861,2,7377,0,1,7380,T
5-NP,862,2,18,7421,2,7443,G
5-NP,863,2,10,7412,0,7424,G
5-NP,864,2,6,7298,0,7306,G
5-NP,865,0,7273,0,5,7278,T
5-NP,866,7248,0,4,1,7253,A
5-NP,867,2,4,0,7231,7237,C
5-NP,868,1,5,7189,0,7195,G
5-NP,869,7151,1,3,0,7155,A
5-NP,870,1,1,1,7136,7139,C
5-NP,871,2,6952,0,4,6958,T
5-NP,872,1,6959,2,3,6965,T
5-NP,873,4,1,0,6934,6939,C
5-NP,874,1,3,6949,0,6953,G
5-NP,875,6950,1,3,0,6954,A
5-NP,876,6952,1,3,1,6957,A
5-NP,877,6975,0,2,1,6978,A
5-NP,878,6952,1,4,0,6957,A
5-NP,879,6936,3,5,1,6945,A
5-NP,880,1,3,6981,0,6985,G
5-NP,881,6950,0,9,1,6960,A
5-NP,882,5,18,6970,0,6993,G
5-NP,883,1,9,7029,0,7039,G
5-NP,884,3,5,7054,1,7063,G
5-NP,885,7056,3,11,0,7070,A
5-NP,886,3,7061,0,4,7068,T
5-NP,887,7116,0,2,0,7118,A
5-NP,888,0,7104,0,3,7107,T
5-NP,889,2,7146,0,1,7149,T
5-NP,890,5,0,0,7179,7184,C
5-NP,891,4,1,0,7123,7128,C
5-NP,892,0,7037,1,0,7038,T
5-NP,893,0,7034,0,4,7038,T
5-NP,894,2,11,7087,0,7100,G
5-NP,895,4,8,7128,0,7140,G
5-NP,896,2,7082,0,5,7089,T
5-NP,897,2,16,7050,0,7068,G
5-NP,898,3,9,7020,0,7032,G
5-NP,899,1,4,7335,0,7340,G
5-NP,900,7333,1,1,1,7336,A
5-NP,901,7345,0,3,1,7349,A
5-NP,902,2,7337,2,6,7347,T
5-NP,903,7203,0,17,1,7221,A
5-NP,904,0,3,7226,0,7229,G
5-NP,905,7155,1,9,0,7165,A
5-NP,906,6,2,0,7142,7150,C
5-NP,907,11,0,0,7068,7079,C
5-NP,908,18,1,0,6906,6925,C
5-NP,909,0,6981,0,17,6998,T
5-NP,910,0,6993,2,3,6998,T
5-NP,911,0,7005,2,1,7008,T
5-NP,912,7,1,0,6996,7004,C
5-NP,913,6973,0,2,0,6975,A
5-NP,914,6988,0,5,0,6993,A
5-NP,915,6977,1,6,1,6985,A
5-NP,916,8,0,0,6979,6987,C
5-NP,917,0,6804,0,1,6805,T
5-NP,918,6766,2,1,4,6773,A
5-NP,919,4,2,0,6829,6835,C
5-NP,920,0,6798,0,6,6804,T
5-NP,921,2,6779,0,1,6782,T
5-NP,922,5,0,1,6817,6823,C
5-NP,923,6808,2,0,1,6811,A
5-NP,924,6801,1,1,0,6803,A
5-NP,925,6781,3,1,1,6786,A
5-NP,926,6768,0,4,2,6774,A
5-NP,927,2,6710,1,1,6714,T
5-NP,928,6584,0,6,2,6592,A
5-NP,929,1,1,6645,0,6647,G
5-NP,930,2,1,0,6660,6663,C
5-NP,931,7,1,1,6731,6740,C
5-NP,932,6741,1,1,1,6744,A
5-NP,933,6759,1,1,1,6762,A
5-NP,934,6943,3,5,1,6952,A
5-NP,935,0,6969,0,3,6972,T
5-NP,936,7008,1,1,0,7010,A
5-NP,937,0,7005,1,0,7006,T
5-NP,938,6891,0,6,0,6897,A
5-NP,939,4,0,0,6903,6907,C
5-NP,940,6739,0,7,1,6747,A
5-NP,941,0,1,6905,0,6906,G
5-NP,942,1,0,0,6882,6883,C
5-NP,943,2,6690,0,3,6695,T
5-NP,944,1,6740,1,0,6742,T
5-NP,945,6766,2,1,1,6770,A
5-NP,946,6777,2,0,0,6779,A
5-NP,947,0,6772,0,0,6772,T
5-NP,948,8,0,0,6759,6767,C
5-NP,949,6581,0,2,0,6583,A
5-NP,950,0,1,6638,0,6639,G
5-NP,951,6636,0,5,0,6641,A
5-NP,952,2,2,0,6686,6690,C
5-NP,953,11,1,0,6609,6621,C
5-NP,954,2,6544,1,3,6550,T
5-NP,955,6590,0,2,1,6593,A
5-NP,956,6594,1,1,0,6596,A
5-NP,957,2,1,0,6627,6630,C
5-NP,958,1,4,6628,0,6633,G
5-NP,959,6502,0,1,2,6505,A
5-NP,960,0,7,6522,0,6529,G
5-NP,961,6455,1,3,1,6460,A
5-NP,962,6514,0,2,0,6516,A
5-NP,963,2,6487,0,0,6489,T
5-NP,964,8,0,3,6437,6448,C
5-NP,965,8,4,0,6454,6466,C
5-NP,966,6388,2,3,0,6393,A
5-NP,967,1,1,6439,0,6441,G
5-NP,968,3,2,0,6426,6431,C
5-NP,969,6479,0,3,0,6482,A
5-NP,970,5,2,0,6497,6504,C
5-NP,971,6411,2,2,0,6415,A
5-NP,972,5,0,0,6431,6436,C
5-NP,973,6415,1,2,1,6419,A
5-NP,974,6433,2,13,0,6448,A
5-NP,975,0,5,6470,0,6475,G
5-NP,976,6394,1,1,0,6396,A
5-NP,977,0,1,6420,0,6421,G
5-NP,978,1,6332,0,2,6335,T
5-NP,979,12,0,0,6312,6324,C
5-NP,980,6309,1,7,0,6317,A
5-NP,981,1,2,6300,0,6303,G
5-NP,982,0,2,0,6291,6293,C
5-NP,983,0,6231,0,4,6235,T
5-NP,984,3,11,6276,0,6290,G
5-NP,985,1,2,6331,0,6334,G
5-NP,986,1,6278,0,5,6284,T
5-NP,987,1,5,6319,0,6325,G
5-NP,988,0,6261,0,3,6264,T
5-NP,989,0,8,6235,0,6243,G
5-NP,990,1,5,6218,0,6224,G
5-NP,991,6160,2,2,0,6164,A
5-NP,992,1,6174,0,3,6178,T
5-NP,993,2,6,5901,1,5910,G
5-NP,994,1,1,5882,0,5884,G
5-NP,995,4,4,0,5861,5869,C
5-NP,996,5811,0,1,0,5812,A
5-NP,997,0,5810,1,3,5814,T
5-NP,998,1,1,5769,1,5772,G
5-NP,999,0,3,0,5798,5801,C
5-NP,1000,5,1,0,5798,5804,C
5-NP,1001,5816,2,1,0,5819,A
5-NP,1002,1,5801,1,2,5805,T
5-NP,1003,1,5730,0,2,5733,T
5-NP,1004,4,0,0,5758,5762,C
5-NP,1005,0,5664,1,3,5668,T
5-NP,1006,2,1,5658,0,5661,G
5-NP,1007,3,14,0,5639,5656,C
5-NP,1008,2,5476,1,8,5487,T
5-NP,1009,3,2,5514,0,5519,G
5-NP,1010,1,0,1,5431,5433,C
5-NP,1011,5429,0,3,1,5433,A
5-NP,1012,2,5421,0,2,5425,T
5-NP,1013,0,5382,1,2,5385,T
5-NP,1014,1,5381,0,2,5384,T
5-NP,1015,0,3,5378,0,5381,G
5-NP,1016,5370,0,7,0,5377,A
5-NP,1017,5365,0,6,0,5371,A
5-NP,1018,0,3,5408,0,5411,G
5-NP,1019,5384,0,1,0,5385,A
5-NP,1020,1,5349,1,0,5351,T
5-NP,1021,1,5337,2,1,5341,T
5-NP,1022,2,5348,0,2,5352,T
5-NP,1023,5349,0,6,0,5355,A
5-NP,1024,5349,0,2,0,5351,A
5-NP,1025,0,2,5354,0,5356,G
5-NP,1026,5339,2,2,0,5343,A
5-NP,1027,2,5336,1,0,5339,T
5-NP,1028,0,5245,0,0,5245,T
5-NP,1029,0,5,5259,0,5264,G
5-NP,1030,0,5258,1,3,5262,T
5-NP,1031,2,5251,0,2,5255,T
5-NP,1032,5255,1,2,0,5258,A
5-NP,1033,5265,2,1,0,5268,A
5-NP,1034,0,0,5279,1,5280,G
5-NP,1035,0,3,0,5264,5267,C
5-NP,1036,1,5167,2,5,5175,T
5-NP,1037,0,5200,0,1,5201,T
5-NP,1038,5,0,0,5194,5199,C
5-NP,1039,5194,0,2,0,5196,A
5-NP,1040,0,5197,1,2,5200,T
5-NP,1041,5,2,0,5198,5205,C
5-NP,1042,5127,2,2,0,5131,A
5-NP,1043,54,4,5067,0,5125,G
5-NP,1044,5041,3,7,0,5051,A
5-NP,1045,2,18,5040,0,5060,G
5-NP,1046,1,4,5029,0,5034,G
5-NP,1047,22,4,4986,0,5012,G
5-NP,1048,4996,0,8,0,5004,A
5-NP,1049,5,1,0,5005,5011,C
5-NP,1050,5004,0,1,0,5005,A
5-NP,1051,5018,1,0,0,5019,A
5-NP,1052,5011,0,0,0,5011,A
5-NP,1053,5014,0,6,0,5020,A
5-NP,1054,0,2,5043,0,5045,G
5-NP,1055,2,4904,0,5,4911,T
5-NP,1056,4884,1,0,0,4885,A
5-NP,1057,2,4854,0,9,4865,T
5-NP,1058,2,0,1,4861,4864,C
5-NP,1059,1,4824,0,3,4828,T
5-NP,1060,4,4,0,4863,4871,C
5-NP,1061,3,1,0,4836,4840,C
5-NP,1062,1,4794,0,0,4795,T
5-NP,1063,4,2,0,4793,4799,C
5-NP,1064,1,11,4787,0,4799,G
5-NP,1065,0,11,4796,1,4808,G
5-NP,1066,2,11,4801,0,4814,G
5-NP,1067,5,6,4785,0,4796,G
5-NP,1068,5,4,4790,1,4800,G
5-NP,1069,4718,1,0,0,4719,A
5-NP,1070,4718,0,2,0,4720,A
5-NP,1071,4710,1,1,0,4712,A
5-NP,1072,4,2,0,4735,4741,C
5-NP,1073,0,4687,0,2,4689,T
5-NP,1074,2,2,4726,0,4730,G
5-NP,1075,1,4680,1,7,4689,T
5-NP,1076,4,1,0,4691,4696,C
5-NP,1077,4750,0,4,1,4755,A
5-NP,1078,4775,0,2,1,4778,A
5-NP,1079,0,0,0,4790,4790,C
5-NP,1080,0,4787,0,1,4788,T
5-NP,1081,4681,1,4,1,4687,A
5-NP,1082,0,3,4690,0,4693,G
5-NP,1083,4614,0,4,0,4618,A
5-NP,1084,1,3,4620,1,4625,G
5-NP,1085,1,6,4598,0,4605,G
5-NP,1086,4357,0,2,1,4360,A
5-NP,1087,1,0,4421,0,4422,G
5-NP,1088,0,4347,1,2,4350,T
5-NP,1089,4342,1,15,0,4358,A
5-NP,1090,1,1,0,4346,4348,C
5-NP,1091,4276,0,0,0,4276,A
5-NP,1092,4279,0,1,0,4280,A
5-NP,1093,4226,1,1,0,4228,A
5-NP,1094,0,4191,0,1,4192,T
5-NP,1095,0,4156,0,1,4157,T
5-NP,1096,1,1,4023,0,4025,G
5-NP,1097,1,1,0,3976,3978,C
5-NP,1098,1,3962,1,3,3967,T
5-NP,1099,0,3964,0,0,3964,T
5-NP,1100,3,0,0,3965,3968,C
5-NP,1101,3964,0,0,0,3964,A
5-NP,1102,3969,1,2,1,3973,A
5-NP,1103,3977,1,3,1,3982,A
5-NP,1104,0,3989,0,0,3989,T
5-NP,1105,1,3,3983,0,3987,G
5-NP,1106,3909,0,3,0,3912,A
5-NP,1107,0,3,3930,0,3933,G
5-NP,1108,3939,1,2,0,3942,A
5-NP,1109,3938,0,2,0,3940,A
5-NP,1110,2,1,0,3939,3942,C
5-NP,1111,3890,0,0,0,3890,A
5-NP,1112,1,3889,0,0,3890,T
5-NP,1113,0,4,3926,0,3930,G
5-NP,1114,0,1,3950,0,3951,G
5-NP,1115,3935,1,9,0,3945,A
5-NP,1116,0,3849,0,0,3849,T
5-NP,1117,3795,0,1,0,3796,A
5-NP,1118,3910,0,1,1,3912,A
5-NP,1119,1,3822,0,1,3824,T
5-NP,1120,3780,1,2,0,3783,A
5-NP,1121,1,3765,0,1,3767,T
5-NP,1122,2,6,3472,0,3480,G
5-NP,1123,0,6,3386,0,3392,G
5-NP,1124,1,2,3373,0,3376,G
5-NP,1125,3377,0,3,0,3380,A
5-NP,1126,1,3370,1,0,3372,T
5-NP,1127,1,0,0,2876,2877,C
5-NP,1128,2840,1,0,0,2841,A
5-NP,1129,2842,0,4,0,2846,A
5-NP,1130,1,0,2850,0,2851,G
5-NP,1131,1,0,0,2847,2848,C
5-NP,1132,2766,1,0,0,2767,A
5-NP,1133,1,0,0,2828,2829,C
5-NP,1134,0,2787,0,1,2788,T
5-NP,1135,6,0,0,2802,2808,C
5-NP,1136,2,2775,1,6,2784,T
5-NP,1137,0,2766,0,3,2769,T
5-NP,1138,0,0,2777,0,2777,G
5-NP,1139,2759,0,1,0,2760,A
5-NP,1140,2762,0,1,0,2763,A
5-NP,1141,0,2,0,2749,2751,C
5-NP,1142,0,2315,0,0,2315,T
5-NP,1143,0,1,2331,0,2332,G
5-NP,1144,2255,0,2,0,2257,A
5-NP,1145,0,0,2265,1,2266,G
5-NP,1146,2275,0,1,0,2276,A
5-NP,1147,2231,0,1,0,2232,A
5-NP,1148,0,2,2243,0,2245,G
5-NP,1149,1,1,0,2180,2182,C
5-NP,1150,299,5,1874,0,2178,G
5-NP,1151,3,6,2182,0,2191,G
5-NP,1152,1,1,2158,0,2160,G
5-NP,1153,0,2143,0,0,2143,T
5-NP,1154,2087,1,0,0,2088,A
5-NP,1155,0,1,0,2079,2080,C
5-NP,1156,0,1644,0,0,1644,T
5-NP,1157,0,3,1625,0,1628,G
5-NP,1158,1,1,1599,1,1602,G
5-NP,1159,0,1,1580,0,1581,G
5-NP,1160,0,0,0,1551,1551,C
5-NP,1161,4,0,0,1449,1453,C
5-NP,1162,1456,0,0,0,1456,A
5-NP,1163,0,1456,0,0,1456,T
5-NP,1164,1454,0,0,0,1454,A
5-NP,1165,1460,0,1,0,1461,A
5-NP,1166,0,2,1449,0,1451,G
5-NP,1167,0,0,1464,0,1464,G
5-NP,1168,1441,0,1,0,1442,A
5-NP,1169,1,0,0,1439,1440,C
5-NP,1170,2,0,0,1446,1448,C
5-NP,1171,1441,0,1,0,1442,A
5-NP,1172,0,0,1457,0,1457,G
5-NP,1173,1,1,1461,0,1463,G
5-NP,1174,1457,0,0,0,1457,A
5-NP,1175,1,1,1467,0,1469,G
5-NP,1176,0,1406,1,0,1407,T
5-NP,1177,0,2,1404,1,1407,G
5-NP,1178,0,0,1415,1,1416,G
5-NP,1179,1411,0,1,0,1412,A
5-NP,1180,0,1,1414,0,1415,G
5-NP,1181,0,0,1384,0,1384,G
5-NP,1182,1366,0,1,0,1367,A
5-NP,1183,1367,1,1,0,1369,A
5-NP,1184,1364,0,0,1,1365,A
5-NP,1185,2,0,0,1371,1373,C
5-NP,1186,1374,0,0,0,1374,A
5-NP,1187,0,0,0,1414,1414,C
5-NP,1188,0,1392,0,0,1392,T
5-NP,1189,1418,1,0,0,1419,A
5-NP,1190,1418,0,1,0,1419,A
5-NP,1191,0,1415,0,0,1415,T
5-NP,1192,2,0,0,1436,1438,C
5-NP,1193,1421,1,1,0,1423,A
5-NP,1194,1440,0,0,0,1440,A
5-NP,1195,0,0,0,1442,1442,C
5-NP,1196,1408,0,0,0,1408,A
5-NP,1197,0,0,1412,0,1412,G
5-NP,1198,1372,0,1,0,1373,A
5-NP,1199,0,3,1380,0,1383,G
5-NP,1200,0,1,1382,0,1383,G
5-NP,1201,0,0,1378,0,1378,G
5-NP,1202,0,1,0,1377,1378,C
5-NP,1203,0,0,0,1363,1363,C
5-NP,1204,1,1338,1,1,1341,T
5-NP,1205,0,0,0,1352,1352,C
5-NP,1206,2,0,0,1354,1356,C
5-NP,1207,1,0,1359,0,1360,G
5-NP,1208,0,1,0,1354,1355,C
5-NP,1209,1332,0,0,0,1332,A
5-NP,1210,0,0,1381,0,1381,G
5-NP,1211,0,0,1384,0,1384,G
5-NP,1212,1,0,0,1390,1391,C
5-NP,1213,1,1,0,1385,1387,C
5-NP,1214,1390,0,0,0,1390,A
5-NP,1215,1398,0,0,0,1398,A
5-NP,1216,1398,0,0,0,1398,A
5-NP,1217,0,0,0,1409,1409,C
5-NP,1218,0,0,0,1411,1411,C
5-NP,1219,1350,1,0,0,1351,A
5-NP,1220,0,0,1383,0,1383,G
5-NP,1221,0,1367,1,0,1368,T
5-NP,1222,0,0,1373,0,1373,G
5-NP,1223,0,1370,0,3,1373,T
5-NP,1224,1,0,1366,0,1367,G
5-NP,1225,0,0,0,1376,1376,C
5-NP,1226,1362,0,1,0,1363,A
5-NP,1227,1378,0,1,0,1379,A
5-NP,1228,0,0,0,1380,1380,C
5-NP,1229,2,0,0,1376,1378,C
5-NP,1230,0,1366,0,0,1366,T
5-NP,1231,1359,1,0,0,1360,A
5-NP,1232,1,0,0,1358,1359,C
5-NP,1233,2,1,1358,0,1361,G
5-NP,1234,0,1352,0,1,1353,T
5-NP,1235,0,1349,0,0,1349,T
5-NP,1236,0,1348,0,0,1348,T
5-NP,1237,1,1335,0,0,1336,T
5-NP,1238,1,2,0,1336,1339,C
5-NP,1239,0,1311,0,1,1312,T
5-NP,1240,0,1,1347,0,1348,G
5-NP,1241,0,1339,0,1,1340,T
5-NP,1242,1346,0,0,0,1346,A
5-NP,1243,1,0,0,1345,1346,C
5-NP,1244,1330,0,2,0,1332,A
5-NP,1245,1334,0,0,0,1334,A
5-NP,1246,1331,0,1,0,1332,A
5-NP,1247,0,1,1342,0,1343,G
5-NP,1248,1339,0,0,0,1339,A
5-NP,1249,1292,0,0,0,1292,A
5-NP,1250,1294,0,2,0,1296,A
5-NP,1251,0,0,0,1293,1293,C
5-NP,1252,3,0,0,1281,1284,C
5-NP,1253,0,1273,0,4,1277,T
5-NP,1254,3,0,0,1270,1273,C
5-NP,1255,2,1,0,1265,1268,C
5-NP,1256,2,1,0,1273,1276,C
5-NP,1257,1275,0,0,1,1276,A
5-NP,1258,1,1281,0,0,1282,T
5-NP,1259,0,1285,0,1,1286,T
5-NP,1260,0,1284,0,0,1284,T
5-NP,1261,1,2,1284,1,1288,G
5-NP,1262,1283,0,1,0,1284,A
5-NP,1263,1284,0,0,0,1284,A
5-NP,1264,1285,0,0,0,1285,A
5-NP,1265,1283,0,2,0,1285,A
5-NP,1266,0,0,1302,0,1302,G
5-NP,1267,1,1272,0,15,1288,T
5-NP,1268,0,0,0,1291,1291,C
5-NP,1269,1292,0,1,0,1293,A
5-NP,1270,1308,1,0,0,1309,A
5-NP,1271,0,0,0,1316,1316,C
5-NP,1272,1,0,1,1327,1329,C
5-NP,1273,1322,0,1,0,1323,A
5-NP,1274,0,1336,0,1,1337,T
5-NP,1275,1,0,0,1325,1326,C
5-NP,1276,1323,0,0,0,1323,A
5-NP,1277,0,1329,0,0,1329,T
5-NP,1278,1,0,1329,1,1331,G
5-NP,1279,0,0,1328,0,1328,G
5-NP,1280,1,0,2,1321,1324,C
5-NP,1281,1291,0,0,0,1291,A
5-NP,1282,0,0,1295,0,1295,G
5-NP,1283,2,0,0,1283,1285,C
5-NP,1284,1293,0,0,0,1293,A
5-NP,1285,0,1289,1,0,1290,T
5-NP,1286,0,1280,0,0,1280,T
5-NP,1287,1,0,0,1281,1282,C
5-NP,1288,1277,0,0,0,1277,A
5-NP,1289,1,0,0,1285,1286,C
5-NP,1290,0,1283,1,2,1286,T
5-NP,1291,0,2,1295,0,1297,G
5-NP,1292,0,0,1306,0,1306,G
5-NP,1293,1296,0,0,0,1296,A
5-NP,1294,1295,0,0,0,1295,A
5-NP,1295,1301,1,0,0,1302,A
5-NP,1296,0,1285,0,0,1285,T
5-NP,1297,1290,0,1,0,1291,A
5-NP,1298,1,0,0,1284,1285,C
5-NP,1299,1,2,1263,1,1267,G
5-NP,1300,1,1,1266,0,1268,G
5-NP,1301,1230,0,2,0,1232,A
5-NP,1302,0,4,1238,0,1242,G
5-NP,1303,0,2,1233,0,1235,G
5-NP,1304,0,2,1236,0,1238,G
5-NP,1305,1240,0,0,0,1240,A
5-NP,1306,1232,0,2,0,1234,A
5-NP,1307,0,1,1237,0,1238,G
5-NP,1308,1235,0,0,0,1235,A
5-NP,1309,1233,0,0,0,1233,A
5-NP,1310,0,0,0,1242,1242,C
5-NP,1311,0,1228,1,1,1230,T
5-NP,1312,0,1234,1,0,1235,T
5-NP,1313,2,0,0,1229,1231,C
5-NP,1314,1233,0,0,0,1233,A
5-NP,1315,0,0,1241,0,1241,G
5-NP,1316,1230,1,1,0,1232,A
5-NP,1317,0,0,0,1233,1233,C
5-NP,1318,1219,0,1,0,1220,A
5-NP,1319,0,1197,0,0,1197,T
5-NP,1320,0,1,1195,2,1198,G
5-NP,1321,1187,0,0,0,1187,A
5-NP,1322,0,4,1193,0,1197,G
5-NP,1323,0,1,1191,1,1193,G
5-NP,1324,1,0,1194,0,1195,G
5-NP,1325,0,0,0,1194,1194,C
5-NP,1326,1177,0,2,0,1179,A
5-NP,1327,0,2,1177,0,1179,G
5-NP,1328,1176,0,1,0,1177,A
5-NP,1329,1184,0,0,0,1184,A
5-NP,1330,1181,0,0,0,1181,A
5-NP,1331,1,1170,0,2,1173,T
5-NP,1332,1,0,0,1174,1175,C
5-NP,1333,1172,0,0,0,1172,A
5-NP,1334,0,1172,0,0,1172,T
5-NP,1335,1174,0,0,0,1174,A
5-NP,1336,1169,0,1,0,1170,A
5-NP,1337,0,1,1175,0,1176,G
5-NP,1338,1151,0,0,0,1151,A
5-NP,1339,1162,0,1,0,1163,A
5-NP,1340,0,1135,0,0,1135,T
5-NP,1341,0,1,1138,0,1139,G
5-NP,1342,1142,0,1,0,1143,A
5-NP,1343,0,1134,0,1,1135,T
5-NP,1344,0,0,1136,0,1136,G
5-NP,1345,0,0,1133,0,1133,G
5-NP,1346,1114,0,0,0,1114,A
5-NP,1347,1103,0,1,0,1104,A
5-NP,1348,1,0,1075,0,1076,G
5-NP,1349,0,2,1090,0,1092,G
5-NP,1350,0,1070,0,0,1070,T
5-NP,1351,0,0,1066,0,1066,G
5-NP,1352,0,0,0,1065,1065,C
5-NP,1353,1067,0,0,0,1067,A
5-NP,1354,1069,0,0,0,1069,A
5-NP,1355,1061,0,0,0,1061,A
5-NP,1356,1078,0,0,0,1078,A
5-NP,1357,0,0,0,1075,1075,C
5-NP,1358,1,0,0,1064,1065,C
5-NP,1359,1047,0,0,0,1047,A
5-NP,1360,0,0,1056,0,1056,G
5-NP,1361,1056,0,0,0,1056,A
5-NP,1362,1058,0,0,0,1058,A
5-NP,1363,0,1,1056,0,1057,G
5-NP,1364,1047,0,0,0,1047,A
5-NP,1365,1020,0,1,0,1021,A
5-NP,1366,0,2,1026,0,1028,G
5-NP,1367,0,1010,0,1,1011,T
5-NP,1368,0,1,1020,0,1021,G
5-NP,1369,1,1004,0,3,1008,T
5-NP,1370,1,1,0,1000,1002,C
5-NP,1371,1010,0,0,0,1010,A
5-NP,1372,0,1008,0,1,1009,T
5-NP,1373,0,996,0,0,996,T
5-NP,1374,1,0,0,1001,1002,C
5-NP,1375,1,1,0,985,987,C
5-NP,1376,0,1,985,0,986,G
5-NP,1377,0,2,983,0,985,G
5-NP,1378,0,2,982,0,984,G
5-NP,1379,0,1,984,0,985,G
5-NP,1380,0,1,981,0,982,G
5-NP,1381,940,0,1,0,941,A
5-NP,1382,2,2,946,0,950,G
5-NP,1383,0,3,942,1,946,G
5-NP,1384,0,2,944,0,946,G
5-NP,1385,0,0,944,0,944,G
5-NP,1386,939,0,0,0,939,A
5-NP,1387,0,0,939,0,939,G
5-NP,1388,0,927,0,0,927,T
5-NP,1389,1,919,0,0,920,T
5-NP,1390,0,925,0,1,926,T
5-NP,1391,0,920,0,0,920,T
5-NP,1392,0,0,0,923,923,C
5-NP,1393,1,1,917,0,919,G
5-NP,1394,915,1,0,0,916,A
5-NP,1395,0,0,921,0,921,G
5-NP,1396,0,0,0,911,911,C
5-NP,1397,1,908,0,1,910,T
5-NP,1398,0,0,0,918,918,C
5-NP,1399,0,911,0,2,913,T
5-NP,1400,3,0,0,914,917,C
5-NP,1401,920,0,0,0,920,A
5-NP,1402,0,0,924,0,924,G
5-NP,1403,925,0,1,0,926,A
5-NP,1404,0,0,0,917,917,C
5-NP,1405,0,1,905,0,906,G
5-NP,1406,883,1,0,2,886,A
5-NP,1407,0,0,884,0,884,G
5-NP,1408,869,0,2,0,871,A
5-NP,1409,871,0,0,0,871,A
5-NP,1410,0,0,872,0,872,G
5-NP,1411,0,0,863,0,863,G
5-NP,1412,0,1,0,853,854,C
5-NP,1413,857,0,0,0,857,A
5-NP,1414,854,0,1,1,856,A
5-NP,1415,0,1,0,854,855,C
5-NP,1416,0,0,859,0,859,G
5-NP,1417,858,0,0,0,858,A
5-NP,1418,857,0,0,0,857,A
5-NP,1419,0,1,0,854,855,C
5-NP,1420,2,0,0,843,845,C
5-NP,1421,1,0,0,825,826,C
5-NP,1422,1,0,828,0,829,G
5-NP,1423,834,0,0,0,834,A
5-NP,1424,0,834,0,1,835,T
5-NP,1425,0,0,0,811,811,C
5-NP,1426,0,0,812,0,812,G
5-NP,1427,0,803,0,1,804,T
5-NP,1428,0,0,808,0,808,G
5-NP,1429,0,0,0,802,802,C
5-NP,1430,0,0,0,805,805,C
5-NP,1431,2,1,0,798,801,C
5-NP,1432,0,793,0,1,794,T
5-NP,1433,3,0,0,808,811,C
5-NP,1434,1,806,0,0,807,T
5-NP,1435,0,806,0,1,807,T
5-NP,1436,0,803,1,0,804,T
5-NP,1437,0,798,0,0,798,T
5-NP,1438,1,0,799,1,801,G
5-NP,1439,796,0,1,0,797,A
5-NP,1440,0,785,0,0,785,T
5-NP,1441,779,0,0,0,779,A
5-NP,1442,1,655,0,1,657,T
5-NP,1443,0,0,665,0,665,G
5-NP,1444,655,0,1,0,656,A
5-NP,1445,0,1,668,0,669,G
5-NP,1446,0,666,0,0,666,T
5-NP,1447,641,0,0,0,641,A
5-NP,1448,642,0,0,0,642,A
5-NP,1449,0,639,0,0,639,T
5-NP,1450,0,0,638,0,638,G
5-NP,1451,636,0,1,0,637,A
5-NP,1452,558,0,0,0,558,A
5-NP,1453,0,1,555,0,556,G
5-NP,1454,0,0,524,0,524,G
5-NP,1455,522,0,0,0,522,A
5-NP,1456,0,523,0,0,523,T
5-NP,1457,0,0,0,522,522,C
5-NP,1458,0,516,0,0,516,T
5-NP,1459,0,516,0,0,516,T
5-NP,1460,515,0,0,0,515,A
5-NP,1461,0,513,0,0,513,T
5-NP,1462,0,503,0,2,505,T
5-NP,1463,0,501,0,1,502,T
5-NP,1464,0,0,1,489,490,C
5-NP,1465,0,474,0,0,474,T
5-NP,1466,0,471,0,0,471,T
5-NP,1467,0,0,0,471,471,C
5-NP,1468,0,1,467,0,468,G
5-NP,1469,0,0,466,0,466,G
5-NP,1470,466,0,1,0,467,A
5-NP,1471,0,1,467,0,468,G
5-NP,1472,463,0,0,0,463,A
5-NP,1473,1,0,0,457,458,C
5-NP,1474,418,0,1,0,419,A
5-NP,1475,418,0,1,0,419,A
5-NP,1476,0,419,0,0,419,T
5-NP,1477,0,0,419,0,419,G
5-NP,1478,0,0,0,419,419,C
5-NP,1479,406,0,1,0,407,A
5-NP,1480,0,0,407,0,407,G
5-NP,1481,404,0,1,0,405,A
5-NP,1482,367,0,1,0,368,A
5-NP,1483,0,0,369,0,369,G
5-NP,1484,240,0,0,0,240,A
5-NP,1485,0,0,241,0,241,G
5-NP,1486,0,220,0,0,220,T
5-NP,1487,220,0,0,0,220,A
5-NP,1488,0,0,0,220,220,C
5-NP,1489,0,0,205,0,205,G
5-NP,1490,204,0,0,0,204,A
5-NP,1491,0,0,0,200,200,C
5-NP,1492,153,0,0,0,153,A
5-NP,1493,153,0,0,0,153,A
5-NP,1494,0,135,0,0,135,T
5-NP,1495,0,128,0,0,128,T
5-NP,1496,126,0,0,0,126,A
5-NP,1497,119,0,0,0,119,A
6-NA,1,7,0,0,0,7,A
6-NA,2,0,7,0,0,7,T
6-NA,3,0,0,7,0,7,G
6-NA,4,7,0,0,0,7,A
6-NA,5,7,0,0,0,7,A
6-NA,6,0,6,1,0,7,T
6-NA,7,0,0,0,7,7,C
6-NA,8,0,0,0,7,7,C
6-NA,9,7,0,0,0,7,A
6-NA,10,9,0,0,0,9,A
6-NA,11,9,0,0,0,9,A
6-NA,12,0,9,0,0,9,T
6-NA,13,0,0,0,9,9,C
6-NA,14,9,0,0,0,9,A
6-NA,15,9,0,0,0,9,A
6-NA,16,9,0,0,0,9,A
6-NA,17,9,0,0,0,9,A
6-NA,18,0,0,11,0,11,G
6-NA,19,12,0,0,0,12,A
6-NA,20,0,13,0,0,13,T
6-NA,21,13,0,0,0,13,A
6-NA,22,13,0,0,0,13,A
6-NA,23,0,13,0,0,13,T
6-NA,24,13,0,0,0,13,A
6-NA,25,13,0,0,0,13,A
6-NA,26,0,0,0,14,14,C
6-NA,27,0,0,14,0,14,G
6-NA,28,14,0,0,0,14,A
6-NA,29,0,14,0,0,14,T
6-NA,30,0,14,0,0,14,T
6-NA,31,0,0,14,0,14,G
6-NA,32,0,0,14,0,14,G
6-NA,33,0,0,0,14,14,C
6-NA,34,0,14,0,0,14,T
6-NA,35,0,0,0,15,15,C
6-NA,36,0,15,0,0,15,T
6-NA,37,0,0,16,0,16,G
6-NA,38,0,16,0,0,16,T
6-NA,39,0,17,0,0,17,T
6-NA,40,0,19,0,0,19,T
6-NA,41,0,0,0,19,19,C
6-NA,42,0,20,0,0,20,T
6-NA,43,0,0,0,20,20,C
6-NA,44,0,20,0,0,20,T
6-NA,45,0,0,0,21,21,C
6-NA,46,21,0,0,0,21,A
6-NA,47,0,0,0,22,22,C
6-NA,48,0,0,0,22,22,C
6-NA,49,22,0,0,0,22,A
6-NA,50,0,22,0,0,22,T
6-NA,51,0,23,0,0,23,T
6-NA,52,0,23,0,0,23,T
6-NA,53,0,0,0,23,23,C
6-NA,54,0,0,0,23,23,C
6-NA,55,23,0,0,0,23,A
6-NA,56,0,0,0,23,23,C
6-NA,57,23,0,0,0,23,A
6-NA,58,25,0,0,0,25,A
6-NA,59,0,25,0,0,25,T
6-NA,60,25,0,0,0,25,A
6-NA,61,0,25,0,0,25,T
6-NA,62,0,0,24,0,24,G
6-NA,63,0,0,0,25,25,C
6-NA,64,0,26,0,0,26,T
6-NA,65,0,26,0,1,27,T
6-NA,66,0,0,0,27,27,C
6-NA,67,0,27,0,0,27,T
6-NA,68,0,27,0,0,27,T
6-NA,69,0,0,0,27,27,C
6-NA,70,27,0,0,0,27,A
6-NA,71,0,27,0,0,27,T
6-NA,72,0,0,27,0,27,G
6-NA,73,0,0,0,28,28,C
6-NA,74,28,0,0,0,28,A
6-NA,75,28,0,0,0,28,A
6-NA,76,28,0,0,0,28,A
6-NA,77,0,28,0,0,28,T
6-NA,78,0,28,0,0,28,T
6-NA,79,0,0,28,0,28,G
6-NA,80,0,0,0,28,28,C
6-NA,81,0,0,0,28,28,C
6-NA,82,28,0,0,0,28,A
6-NA,83,0,28,0,0,28,T
6-NA,84,0,0,0,31,31,C
6-NA,85,0,32,0,0,32,T
6-NA,86,0,31,0,0,31,T
6-NA,87,0,0,34,0,34,G
6-NA,88,34,0,0,0,34,A
6-NA,89,0,35,0,0,35,T
6-NA,90,35,0,0,0,35,A
6-NA,91,35,0,0,0,35,A
6-NA,92,0,0,0,39,39,C
6-NA,93,0,39,0,0,39,T
6-NA,94,40,0,0,0,40,A
6-NA,95,0,0,0,43,43,C
6-NA,96,0,43,0,0,43,T
6-NA,97,0,0,44,0,44,G
6-NA,98,0,46,0,0,46,T
6-NA,99,46,0,0,0,46,A
6-NA,100,46,0,0,0,46,A
6-NA,101,0,0,0,46,46,C
6-NA,102,46,0,0,0,46,A
6-NA,103,0,46,0,0,46,T
6-NA,104,0,45,0,0,45,T
6-NA,105,0,0,44,0,44,G
6-NA,106,0,0,0,45,45,C
6-NA,107,46,0,0,0,46,A
6-NA,108,0,46,0,0,46,T
6-NA,109,0,46,0,0,46,T
6-NA,110,0,46,0,0,46,T
6-NA,111,0,0,0,46,46,C
6-NA,112,46,0,0,0,46,A
6-NA,113,47,0,0,0,47,A
6-NA,114,0,0,47,0,47,G
6-NA,115,0,0,0,47,47,C
6-NA,116,46,0,0,0,46,A
6-NA,117,49,0,0,0,49,A
6-NA,118,0,50,0,0,50,T
6-NA,119,50,0,0,0,50,A
6-NA,120,0,50,0,0,50,T
6-NA,121,0,0,53,0,53,G
6-NA,122,53,0,0,0,53,A
6-NA,123,53,0,0,0,53,A
6-NA,124,0,53,0,0,53,T
6-NA,125,0,53,0,0,53,T
6-NA,126,0,0,0,52,52,C
6-NA,127,51,0,0,0,51,A
6-NA,128,49,0,2,0,51,A
6-NA,129,0,0,0,51,51,C
6-NA,130,0,1,0,48,49,C
6-NA,131,0,0,0,49,49,C
6-NA,132,0,0,0,49,49,C
6-NA,133,0,0,0,52,52,C
6-NA,134,0,0,0,50,50,C
6-NA,135,1,0,0,51,52,C
6-NA,136,0,0,0,51,51,C
6-NA,137,0,0,0,53,53,C
6-NA,138,53,0,0,0,53,A
6-NA,139,52,0,0,0,52,A
6-NA,140,55,0,0,0,55,A
6-NA,141,0,0,0,55,55,C
6-NA,142,56,0,0,0,56,A
6-NA,143,56,0,0,0,56,A
6-NA,144,0,0,0,56,56,C
6-NA,145,0,0,0,55,55,C
6-NA,146,57,0,0,0,57,A
6-NA,147,58,0,0,0,58,A
6-NA,148,0,0,58,0,58,G
6-NA,149,0,59,0,0,59,T
6-NA,150,0,0,59,0,59,G
6-NA,151,59,0,0,0,59,A
6-NA,152,0,59,0,0,59,T
6-NA,153,0,0,56,0,56,G
6-NA,154,0,0,0,58,58,C
6-NA,155,0,59,0,0,59,T
6-NA,156,0,0,61,0,61,G
6-NA,157,0,61,0,0,61,T
6-NA,158,0,0,59,0,59,G
6-NA,159,0,61,0,0,61,T
6-NA,160,0,0,61,0,61,G
6-NA,161,62,0,0,0,62,A
6-NA,162,61,0,0,0,61,A
6-NA,163,0,0,0,61,61,C
6-NA,164,0,0,0,61,61,C
6-NA,165,62,0,0,0,62,A
6-NA,166,61,0,0,0,61,A
6-NA,167,0,0,0,65,65,C
6-NA,168,66,0,0,0,66,A
6-NA,169,64,0,0,0,64,A
6-NA,170,0,66,0,0,66,T
6-NA,171,66,0,0,0,66,A
6-NA,172,65,0,0,0,65,A
6-NA,173,0,66,0,0,66,T
6-NA,174,64,0,0,0,64,A
6-NA,175,0,0,62,0,62,G
6-NA,176,63,0,0,0,63,A
6-NA,177,63,0,0,0,63,A
6-NA,178,63,0,0,0,63,A
6-NA,179,0,0,63,0,63,G
6-NA,180,62,0,0,0,62,A
6-NA,181,61,0,0,0,61,A
6-NA,182,66,0,0,0,66,A
6-NA,183,0,0,0,65,65,C
6-NA,184,66,0,0,0,66,A
6-NA,185,0,67,0,0,67,T
6-NA,186,66,0,0,0,66,A
6-NA,187,66,0,0,0,66,A
6-NA,188,0,0,0,67,67,C
6-NA,189,67,0,0,0,67,A
6-NA,190,0,1,66,0,67,G
6-NA,191,64,0,1,0,65,A
6-NA,192,0,0,67,0,67,G
6-NA,193,68,0,0,0,68,A
6-NA,194,0,71,0,0,71,T
6-NA,195,70,0,0,0,70,A
6-NA,196,0,0,72,0,72,G
6-NA,197,0,71,0,0,71,T
6-NA,198,0,0,72,0,72,G
6-NA,199,0,72,0,0,72,T
6-NA,200,73,0,0,0,73,A
6-NA,201,0,74,0,0,74,T
6-NA,202,0,0,0,73,73,C
6-NA,203,0,70,0,0,70,T
6-NA,204,0,0,74,0,74,G
6-NA,205,74,0,0,0,74,A
6-NA,206,0,0,0,74,74,C
6-NA,207,0,0,0,74,74,C
6-NA,208,75,0,0,0,75,A
6-NA,209,75,0,0,0,75,A
6-NA,210,0,0,0,78,78,C
6-NA,211,78,0,0,0,78,A
6-NA,212,0,0,0,81,81,C
6-NA,213,0,0,0,80,80,C
6-NA,214,83,0,0,0,83,A
6-NA,215,0,0,0,86,86,C
6-NA,216,0,0,0,85,85,C
6-NA,217,86,0,0,0,86,A
6-NA,218,0,84,0,0,84,T
6-NA,219,85,0,0,0,85,A
6-NA,220,0,0,84,0,84,G
6-NA,221,83,0,0,0,83,A
6-NA,222,0,0,86,0,86,G
6-NA,223,87,0,0,0,87,A
6-NA,224,86,1,0,0,87,A
6-NA,225,0,0,87,0,87,G
6-NA,226,0,0,86,0,86,G
6-NA,227,88,0,0,0,88,A
6-NA,228,88,0,0,0,88,A
6-NA,229,88,0,0,0,88,A
6-NA,230,0,86,0,0,86,T
6-NA,231,86,0,0,0,86,A
6-NA,232,0,87,0,0,87,T
6-NA,233,0,0,86,0,86,G
6-NA,234,0,0,0,88,88,C
6-NA,235,0,0,0,87,87,C
6-NA,236,1,0,0,86,87,C
6-NA,237,0,0,0,88,88,C
6-NA,238,88,0,0,0,88,A
6-NA,239,90,0,0,0,90,A
6-NA,240,90,0,0,0,90,A
6-NA,241,0,0,0,91,91,C
6-NA,242,0,90,0,0,90,T
6-NA,243,90,0,0,0,90,A
6-NA,244,0,0,90,0,90,G
6-NA,245,0,0,0,90,90,C
6-NA,246,90,0,0,0,90,A
6-NA,247,0,0,90,0,90,G
6-NA,248,91,0,0,0,91,A
6-NA,249,92,0,0,0,92,A
6-NA,250,0,93,0,0,93,T
6-NA,251,93,0,0,0,93,A
6-NA,252,0,0,0,93,93,C
6-NA,253,92,0,0,0,92,A
6-NA,254,0,0,91,0,91,G
6-NA,255,91,0,0,0,91,A
6-NA,256,92,0,0,0,92,A
6-NA,257,91,0,0,0,91,A
6-NA,258,0,89,0,0,89,T
6-NA,259,0,88,0,0,88,T
6-NA,260,0,1,86,0,87,G
6-NA,261,0,0,87,0,87,G
6-NA,262,0,89,0,0,89,T
6-NA,263,0,0,0,88,88,C
6-NA,264,87,0,0,0,87,A
6-NA,265,88,0,0,0,88,A
6-NA,266,89,0,0,0,89,A
6-NA,267,0,0,89,0,89,G
6-NA,268,0,0,0,90,90,C
6-NA,269,0,0,0,90,90,C
6-NA,270,0,0,89,0,89,G
6-NA,271,0,0,0,88,88,C
6-NA,272,88,0,1,0,89,A
6-NA,273,90,0,0,0,90,A
6-NA,274,0,89,0,0,89,T
6-NA,275,0,0,91,0,91,G
6-NA,276,0,90,0,0,90,T
6-NA,277,0,0,88,0,88,G
6-NA,278,91,0,0,0,91,A
6-NA,279,0,0,0,94,94,C
6-NA,280,94,0,0,0,94,A
6-NA,281,0,95,0,0,95,T
6-NA,282,0,94,0,0,94,T
6-NA,283,95,0,1,0,96,A
6-NA,284,0,0,0,95,95,C
6-NA,285,94,0,0,0,94,A
6-NA,286,0,0,95,0,95,G
6-NA,287,0,0,97,0,97,G
6-NA,288,96,0,0,0,96,A
6-NA,289,0,95,0,0,95,T
6-NA,290,0,93,1,0,94,T
6-NA,291,0,93,0,0,93,T
6-NA,292,0,0,94,0,94,G
6-NA,293,0,0,0,93,93,C
6-NA,294,94,0,0,0,94,A
6-NA,295,0,0,0,95,95,C
6-NA,296,0,0,0,93,93,C
6-NA,297,0,92,0,0,92,T
6-NA,298,0,93,0,0,93,T
6-NA,299,0,95,0,0,95,T
6-NA,300,0,95,0,0,95,T
6-NA,301,0,96,0,0,96,T
6-NA,302,0,0,0,96,96,C
6-NA,303,0,97,0,0,97,T
6-NA,304,97,0,0,0,97,A
6-NA,305,97,0,0,0,97,A
6-NA,306,0,0,96,0,96,G
6-NA,307,0,1,96,0,97,G
6-NA,308,93,0,0,0,93,A
6-NA,309,0,0,0,95,95,C
6-NA,310,94,0,0,0,94,A
6-NA,311,94,0,0,0,94,A
6-NA,312,0,95,0,0,95,T
6-NA,313,0,94,0,0,94,T
6-NA,314,0,0,0,95,95,C
6-NA,315,0,0,95,0,95,G
6-NA,316,95,0,0,0,95,A
6-NA,317,0,95,0,0,95,T
6-NA,318,0,94,0,0,94,T
6-NA,319,94,0,0,0,94,A
6-NA,320,0,0,91,0,91,G
6-NA,321,0,0,92,0,92,G
6-NA,322,0,0,0,93,93,C
6-NA,323,0,93,0,0,93,T
6-NA,324,0,94,0,0,94,T
6-NA,325,0,93,0,0,93,T
6-NA,326,0,0,0,94,94,C
6-NA,327,0,0,0,94,94,C
6-NA,328,0,0,94,0,94,G
6-NA,329,0,0,0,95,95,C
6-NA,330,0,93,0,1,94,T
6-NA,331,0,0,98,0,98,G
6-NA,332,0,0,100,0,100,G
6-NA,333,0,99,0,0,99,T
6-NA,334,0,0,99,0,99,G
6-NA,335,0,1,98,0,99,G
6-NA,336,0,0,100,0,100,G
6-NA,337,0,0,100,0,100,G
6-NA,338,99,0,0,0,99,A
6-NA,339,0,0,0,101,101,C
6-NA,340,100,0,0,0,100,A
6-NA,341,0,100,0,0,100,T
6-NA,342,0,0,0,100,100,C
6-NA,343,0,100,0,0,100,T
6-NA,344,0,1,97,0,98,G
6-NA,345,0,0,99,0,99,G
6-NA,346,0,0,99,0,99,G
6-NA,347,0,99,0,0,99,T
6-NA,348,0,0,98,0,98,G
6-NA,349,98,0,0,0,98,A
6-NA,350,0,0,0,98,98,C
6-NA,351,96,0,0,0,96,A
6-NA,352,103,0,0,0,103,A
6-NA,353,0,0,104,0,104,G
6-NA,354,102,0,0,0,102,A
6-NA,355,0,0,105,0,105,G
6-NA,356,105,0,0,0,105,A
6-NA,357,113,0,0,0,113,A
6-NA,358,0,0,0,130,130,C
6-NA,359,1,0,0,141,142,C
6-NA,360,0,141,0,0,141,T
6-NA,361,0,142,0,0,142,T
6-NA,362,142,0,0,0,142,A
6-NA,363,0,142,0,1,143,T
6-NA,364,0,0,152,0,152,G
6-NA,365,0,151,0,0,151,T
6-NA,366,0,0,154,0,154,G
6-NA,367,0,150,0,0,150,T
6-NA,368,0,0,0,145,145,C
6-NA,369,147,0,0,0,147,A
6-NA,370,0,147,0,0,147,T
6-NA,371,0,0,148,0,148,G
6-NA,372,0,0,0,147,147,C
6-NA,373,0,0,149,0,149,G
6-NA,374,168,0,1,0,169,A
6-NA,375,0,169,0,0,169,T
6-NA,376,0,1,0,172,173,C
6-NA,377,0,0,0,174,174,C
6-NA,378,0,178,0,0,178,T
6-NA,379,0,0,180,0,180,G
6-NA,380,179,0,0,0,179,A
6-NA,381,0,0,0,180,180,C
6-NA,382,180,0,0,0,180,A
6-NA,383,181,0,0,0,181,A
6-NA,384,0,0,189,0,189,G
6-NA,385,0,188,0,0,188,T
6-NA,386,0,1,190,0,191,G
6-NA,387,0,189,0,0,189,T
6-NA,388,0,188,1,0,189,T
6-NA,389,189,0,0,0,189,A
6-NA,390,0,190,0,0,190,T
6-NA,391,0,0,0,192,192,C
6-NA,392,192,0,0,0,192,A
6-NA,393,190,0,0,0,190,A
6-NA,394,0,190,0,0,190,T
6-NA,395,0,190,0,0,190,T
6-NA,396,0,189,0,0,189,T
6-NA,397,1,0,191,0,192,G
6-NA,398,0,0,0,198,198,C
6-NA,399,0,0,0,200,200,C
6-NA,400,0,0,0,200,200,C
6-NA,401,0,202,0,0,202,T
6-NA,402,0,203,0,0,203,T
6-NA,403,0,0,209,1,210,G
6-NA,404,0,0,211,0,211,G
6-NA,405,212,0,0,0,212,A
6-NA,406,0,0,0,211,211,C
6-NA,407,209,0,0,0,209,A
6-NA,408,0,0,215,0,215,G
6-NA,409,0,0,216,0,216,G
6-NA,410,1,0,227,0,228,G
6-NA,411,228,0,0,0,228,A
6-NA,412,225,0,0,0,225,A
6-NA,413,0,0,0,226,226,C
6-NA,414,225,1,1,0,227,A
6-NA,415,239,0,0,0,239,A
6-NA,416,0,0,0,241,241,C
6-NA,417,242,0,0,0,242,A
6-NA,418,0,0,0,251,251,C
6-NA,419,0,250,0,0,250,T
6-NA,420,252,0,0,0,252,A
6-NA,421,252,0,0,0,252,A
6-NA,422,252,0,0,0,252,A
6-NA,423,0,0,0,252,252,C
6-NA,424,241,0,0,0,241,A
6-NA,425,239,0,0,0,239,A
6-NA,426,1,0,0,239,240,C
6-NA,427,0,0,240,0,240,G
6-NA,428,0,238,0,0,238,T
6-NA,429,0,0,236,0,236,G
6-NA,430,0,0,0,238,238,C
6-NA,431,238,0,0,0,238,A
6-NA,432,0,238,0,0,238,T
6-NA,433,0,238,0,1,239,T
6-NA,434,0,0,0,250,250,C
6-NA,435,260,0,0,0,260,A
6-NA,436,259,0,0,0,259,A
6-NA,437,259,0,0,0,259,A
6-NA,438,0,258,0,0,258,T
6-NA,439,259,0,0,0,259,A
6-NA,440,265,0,0,0,265,A
6-NA,441,0,0,0,267,267,C
6-NA,442,267,0,0,0,267,A
6-NA,443,0,0,0,271,271,C
6-NA,444,266,0,0,0,266,A
6-NA,445,0,0,306,0,306,G
6-NA,446,0,302,0,0,302,T
6-NA,447,308,0,0,0,308,A
6-NA,448,0,0,0,310,310,C
6-NA,449,1,0,309,0,310,G
6-NA,450,0,323,0,0,323,T
6-NA,451,0,1,318,0,319,G
6-NA,452,321,0,0,0,321,A
6-NA,453,0,325,0,0,325,T
6-NA,454,297,0,0,0,297,A
6-NA,455,0,0,297,0,297,G
6-NA,456,0,0,295,0,295,G
6-NA,457,298,0,0,0,298,A
6-NA,458,0,0,0,300,300,C
6-NA,459,0,0,0,293,293,C
6-NA,460,0,0,0,298,298,C
6-NA,461,0,0,0,297,297,C
6-NA,462,0,300,0,0,300,T
6-NA,463,0,303,0,0,303,T
6-NA,464,305,0,1,0,306,A
6-NA,465,1,308,0,0,309,T
6-NA,466,0,0,0,307,307,C
6-NA,467,0,0,307,0,307,G
6-NA,468,0,0,304,0,304,G
6-NA,469,308,0,0,0,308,A
6-NA,470,0,0,0,311,311,C
6-NA,471,0,0,0,312,312,C
6-NA,472,2,1,0,326,329,C
6-NA,473,0,328,0,0,328,T
6-NA,474,336,0,0,0,336,A
6-NA,475,0,334,0,1,335,T
6-NA,476,0,337,0,0,337,T
6-NA,477,0,0,336,0,336,G
6-NA,478,338,0,0,0,338,A
6-NA,479,0,335,0,0,335,T
6-NA,480,1,0,334,0,335,G
6-NA,481,330,0,0,0,330,A
6-NA,482,333,0,0,0,333,A
6-NA,483,0,331,0,0,331,T
6-NA,484,0,1,333,0,334,G
6-NA,485,337,0,0,0,337,A
6-NA,486,0,0,343,0,343,G
6-NA,487,1,343,0,0,344,T
6-NA,488,0,343,0,0,343,T
6-NA,489,345,0,0,0,345,A
6-NA,490,0,1,345,0,346,G
6-NA,491,0,2,345,0,347,G
6-NA,492,0,346,0,0,346,T
6-NA,493,0,0,344,0,344,G
6-NA,494,0,341,0,0,341,T
6-NA,495,0,341,0,0,341,T
6-NA,496,0,0,0,350,350,C
6-NA,497,1,0,0,351,352,C
6-NA,498,0,352,0,0,352,T
6-NA,499,0,353,0,0,353,T
6-NA,500,0,353,0,0,353,T
6-NA,501,0,354,0,0,354,T
6-NA,502,0,0,0,352,352,C
6-NA,503,353,0,0,0,353,A
6-NA,504,0,356,0,0,356,T
6-NA,505,0,0,0,357,357,C
6-NA,506,0,357,0,0,357,T
6-NA,507,1,1,355,0,357,G
6-NA,508,0,0,355,0,355,G
6-NA,509,0,0,358,0,358,G
6-NA,510,0,1,360,0,361,G
6-NA,511,360,1,0,0,361,A
6-NA,512,0,0,0,361,361,C
6-NA,513,0,0,0,355,355,C
6-NA,514,364,0,0,0,364,A
6-NA,515,365,0,0,1,366,A
6-NA,516,0,1,364,0,365,G
6-NA,517,0,0,0,366,366,C
6-NA,518,367,0,0,0,367,A
6-NA,519,371,0,0,0,371,A
6-NA,520,0,0,373,0,373,G
6-NA,521,0,370,0,0,370,T
6-NA,522,0,0,375,0,375,G
6-NA,523,0,371,0,0,371,T
6-NA,524,0,0,376,0,376,G
6-NA,525,0,0,0,374,374,C
6-NA,526,372,0,0,0,372,A
6-NA,527,0,374,0,0,374,T
6-NA,528,0,0,372,0,372,G
6-NA,529,0,1,377,0,378,G
6-NA,530,0,0,0,379,379,C
6-NA,531,378,0,0,0,378,A
6-NA,532,0,378,0,0,378,T
6-NA,533,0,0,375,0,375,G
6-NA,534,0,1,498,0,499,G
6-NA,535,0,499,0,1,500,T
6-NA,536,0,0,0,505,505,C
6-NA,537,0,0,0,542,542,C
6-NA,538,583,0,0,0,583,A
6-NA,539,0,0,698,1,699,G
6-NA,540,0,1,0,714,715,C
6-NA,541,0,714,0,0,714,T
6-NA,542,0,3,0,721,724,C
6-NA,543,704,1,0,0,705,A
6-NA,544,754,0,0,0,754,A
6-NA,545,1,0,761,0,762,G
6-NA,546,0,770,0,0,770,T
6-NA,547,0,774,0,0,774,T
6-NA,548,1,0,790,0,791,G
6-NA,549,0,790,0,2,792,T
6-NA,550,1,0,0,784,785,C
6-NA,551,790,0,0,0,790,A
6-NA,552,0,0,0,826,826,C
6-NA,553,0,1,820,0,821,G
6-NA,554,868,0,0,0,868,A
6-NA,555,0,873,0,1,874,T
6-NA,556,0,0,923,0,923,G
6-NA,557,0,1,940,0,941,G
6-NA,558,939,0,2,0,941,A
6-NA,559,944,0,1,0,945,A
6-NA,560,972,0,0,1,973,A
6-NA,561,987,0,0,0,987,A
6-NA,562,0,1,1020,0,1021,G
6-NA,563,1,1,0,1020,1022,C
6-NA,564,1021,0,0,0,1021,A
6-NA,565,0,1033,0,0,1033,T
6-NA,566,0,0,1074,0,1074,G
6-NA,567,0,0,1085,0,1085,G
6-NA,568,0,0,0,1114,1114,C
6-NA,569,0,1114,0,1,1115,T
6-NA,570,1,0,1128,0,1129,G
6-NA,571,0,2,0,1129,1131,C
6-NA,572,1138,0,0,0,1138,A
6-NA,573,0,1226,0,0,1226,T
6-NA,574,0,0,1235,0,1235,G
6-NA,575,0,1277,0,2,1279,T
6-NA,576,0,1343,0,2,1345,T
6-NA,577,0,1345,0,1,1346,T
6-NA,578,0,0,1566,0,1566,G
6-NA,579,0,1565,0,3,1568,T
6-NA,580,1575,0,0,0,1575,A
6-NA,581,0,1589,0,1,1590,T
6-NA,582,1589,0,0,0,1589,A
6-NA,583,1606,1,2,0,1609,A
6-NA,584,0,0,0,1601,1601,C
6-NA,585,0,8,1592,0,1600,G
6-NA,586,0,6,1597,0,1603,G
6-NA,587,0,9,1583,0,1592,G
6-NA,588,3,4,1597,0,1604,G
6-NA,589,0,1,1607,0,1608,G
6-NA,590,1603,0,4,0,1607,A
6-NA,591,1,1611,0,1,1613,T
6-NA,592,0,1,1620,1,1622,G
6-NA,593,1646,0,2,0,1648,A
6-NA,594,0,1663,0,1,1664,T
6-NA,595,1660,0,0,1,1661,A
6-NA,596,1689,0,0,1,1690,A
6-NA,597,1700,0,0,1,1701,A
6-NA,598,1711,0,0,1,1712,A
6-NA,599,1723,0,0,0,1723,A
6-NA,600,1,1722,0,0,1723,T
6-NA,601,0,1,1722,0,1723,G
6-NA,602,0,1,0,1718,1719,C
6-NA,603,1720,1,2,0,1723,A
6-NA,604,1736,0,0,0,1736,A
6-NA,605,1,0,0,1764,1765,C
6-NA,606,0,1762,0,1,1763,T
6-NA,607,0,0,1780,0,1780,G
6-NA,608,1,1,0,1780,1782,C
6-NA,609,1,1781,1,0,1783,T
6-NA,610,1785,0,0,0,1785,A
6-NA,611,1,0,1795,0,1796,G
6-NA,612,0,0,0,1836,1836,C
6-NA,613,1,1840,0,0,1841,T
6-NA,614,0,1842,0,1,1843,T
6-NA,615,1,2,0,1885,1888,C
6-NA,616,1906,0,1,0,1907,A
6-NA,617,0,1903,1,0,1904,T
6-NA,618,0,1910,0,1,1911,T
6-NA,619,0,1936,1,0,1937,T
6-NA,620,1952,0,0,0,1952,A
6-NA,621,0,0,0,1999,1999,C
6-NA,622,1998,0,0,0,1998,A
6-NA,623,2026,0,0,0,2026,A
6-NA,624,0,2024,0,0,2024,T
6-NA,625,0,7,2015,0,2022,G
6-NA,626,1,1,2024,0,2026,G
6-NA,627,0,4,2027,0,2031,G
6-NA,628,2021,1,3,0,2025,A
6-NA,629,0,1,2096,0,2097,G
6-NA,630,0,1,2132,0,2133,G
6-NA,631,1,0,0,2352,2353,C
6-NA,632,0,2345,0,1,2346,T
6-NA,633,0,2388,0,0,2388,T
6-NA,634,0,2,2427,0,2429,G
6-NA,635,0,2429,0,1,2430,T
6-NA,636,2479,0,6,0,2485,A
6-NA,637,0,1,2503,0,2504,G
6-NA,638,2496,0,0,1,2497,A
6-NA,639,1,2506,0,0,2507,T
6-NA,640,2414,0,1,0,2415,A
6-NA,641,0,2,2415,0,2417,G
6-NA,642,0,2404,0,1,2405,T
6-NA,643,0,2,2374,0,2376,G
6-NA,644,0,2506,1,0,2507,T
6-NA,645,0,2505,0,0,2505,T
6-NA,646,0,3,2558,0,2561,G
6-NA,647,1,2557,0,3,2561,T
6-NA,648,1,2575,0,2,2578,T
6-NA,649,1,2575,0,0,2576,T
6-NA,650,0,0,0,2551,2551,C
6-NA,651,2539,0,9,0,2548,A
6-NA,652,0,2535,0,1,2536,T
6-NA,653,0,3,2544,2,2549,G
6-NA,654,1,3,2760,0,2764,G
6-NA,655,1,2748,0,2,2751,T
6-NA,656,1,1,0,2757,2759,C
6-NA,657,9,0,0,2750,2759,C
6-NA,658,2771,1,0,0,2772,A
6-NA,659,2789,0,0,0,2789,A
6-NA,660,2790,0,1,0,2791,A
6-NA,661,0,2,2812,0,2814,G
6-NA,662,2802,1,2,0,2805,A
6-NA,663,2740,0,1,0,2741,A
6-NA,664,2747,1,2,0,2750,A
6-NA,665,2,2746,1,2,2751,T
6-NA,666,2,2,0,2855,2859,C
6-NA,667,2,1,0,2859,2862,C
6-NA,668,0,2853,0,3,2856,T
6-NA,669,3,0,0,2860,2863,C
6-NA,670,2859,0,4,0,2863,A
6-NA,671,1,4,2901,0,2906,G
6-NA,672,0,1,2902,0,2903,G
6-NA,673,3000,0,0,2,3002,A
6-NA,674,2,2,0,3006,3010,C
6-NA,675,5,2,0,2975,2982,C
6-NA,676,5,0,0,2978,2983,C
6-NA,677,2986,0,1,0,2987,A
6-NA,678,0,4,2996,0,3000,G
6-NA,679,0,4,3013,1,3018,G
6-NA,680,3016,1,3,0,3020,A
6-NA,681,0,1,3096,0,3097,G
6-NA,682,1,3062,0,4,3067,T
6-NA,683,0,0,0,3072,3072,C
6-NA,684,3063,0,1,0,3064,A
6-NA,685,1,2,3095,0,3098,G
6-NA,686,3088,0,0,1,3089,A
6-NA,687,3103,0,0,0,3103,A
6-NA,688,0,3082,0,0,3082,T
6-NA,689,1,2,3089,0,3092,G
6-NA,690,1,0,0,3104,3105,C
6-NA,691,1,1,3103,0,3105,G
6-NA,692,0,3095,0,3,3098,T
6-NA,693,1,0,0,3073,3074,C
6-NA,694,0,3104,2,5,3111,T
6-NA,695,0,1,3196,0,3197,G
6-NA,696,0,3209,1,1,3211,T
6-NA,697,3211,1,2,0,3214,A
6-NA,698,1,3203,1,0,3205,T
6-NA,699,3,1,0,3197,3201,C
6-NA,700,3185,1,0,1,3187,A
6-NA,701,3187,0,0,1,3188,A
6-NA,702,0,3188,0,0,3188,T
6-NA,703,1,2,3182,1,3186,G
6-NA,704,0,2,3188,0,3190,G
6-NA,705,3238,0,4,0,3242,A
6-NA,706,3234,1,3,0,3238,A
6-NA,707,0,0,0,3278,3278,C
6-NA,708,1,3299,0,4,3304,T
6-NA,709,0,3306,0,0,3306,T
6-NA,710,1,1,3440,0,3442,G
6-NA,711,1,3440,0,1,3442,T
6-NA,712,3434,1,3,0,3438,A
6-NA,713,1,1,0,3498,3500,C
6-NA,714,3420,1,3,0,3424,A
6-NA,715,2,3,3667,0,3672,G
6-NA,716,0,3655,0,1,3656,T
6-NA,717,3818,0,3,0,3821,A
6-NA,718,2,1,3849,0,3852,G
6-NA,719,0,3809,0,2,3811,T
6-NA,720,3796,0,4,0,3800,A
6-NA,721,3800,1,1,0,3802,A
6-NA,722,0,3814,0,1,3815,T
6-NA,723,2,4,3822,0,3828,G
6-NA,724,3777,0,0,0,3777,A
6-NA,725,2,0,0,3837,3839,C
6-NA,726,0,3758,1,3,3762,T
6-NA,727,1,4,3797,0,3802,G
6-NA,728,3800,1,6,1,3808,A
6-NA,729,0,3826,1,2,3829,T
6-NA,730,81,14,3732,0,3827,G
6-NA,731,1,6,3808,0,3815,G
6-NA,732,74,3,3755,0,3832,G
6-NA,733,3795,1,2,0,3798,A
6-NA,734,2,3,3794,1,3800,G
6-NA,735,0,3771,0,1,3772,T
6-NA,736,0,0,3854,0,3854,G
6-NA,737,1,0,1,3923,3925,C
6-NA,738,0,3918,1,0,3919,T
6-NA,739,0,3914,0,2,3916,T
6-NA,740,2,0,1,3908,3911,C
6-NA,741,3921,0,6,0,3927,A
6-NA,742,2,12,3918,0,3932,G
6-NA,743,1,3,3917,0,3921,G
6-NA,744,0,0,3775,1,3776,G
6-NA,745,3806,0,2,0,3808,A
6-NA,746,3800,0,1,0,3801,A
6-NA,747,3816,2,8,0,3826,A
6-NA,748,0,0,3859,0,3859,G
6-NA,749,0,2,0,3854,3856,C
6-NA,750,1,3842,0,0,3843,T
6-NA,751,0,7,3839,0,3846,G
6-NA,752,3840,1,6,1,3848,A
6-NA,753,0,3891,0,1,3892,T
6-NA,754,3899,0,1,0,3900,A
6-NA,755,2,2,0,4058,4062,C
6-NA,756,0,4039,1,2,4042,T
6-NA,757,4038,0,1,0,4039,A
6-NA,758,4041,2,0,0,4043,A
6-NA,759,4044,0,0,0,4044,A
6-NA,760,4136,1,1,0,4138,A
6-NA,761,1,4144,1,1,4147,T
6-NA,762,4146,0,0,0,4146,A
6-NA,763,3,0,0,4162,4165,C
6-NA,764,0,4067,0,4,4071,T
6-NA,765,4136,0,1,0,4137,A
6-NA,766,0,4124,1,4,4129,T
6-NA,767,0,4313,1,0,4314,T
6-NA,768,1,1,0,4332,4334,C
6-NA,769,4243,2,0,0,4245,A
6-NA,770,0,4252,0,1,4253,T
6-NA,771,0,4242,0,2,4244,T
6-NA,772,1,3,4273,0,4277,G
6-NA,773,4244,0,8,0,4252,A
6-NA,774,1,5,4242,0,4248,G
6-NA,775,1,2,4247,0,4250,G
6-NA,776,4101,1,9,0,4111,A
6-NA,777,2,11,4166,0,4179,G
6-NA,778,1,14,4178,0,4193,G
6-NA,779,1,5,4181,0,4187,G
6-NA,780,2,2,4192,0,4196,G
6-NA,781,4175,1,3,1,4180,A
6-NA,782,4183,1,2,0,4186,A
6-NA,783,4151,1,28,1,4181,A
6-NA,784,4177,1,1,2,4181,A
6-NA,785,0,4186,0,1,4187,T
6-NA,786,5,2,0,4148,4155,C
6-NA,787,1,1,4190,0,4192,G
6-NA,788,0,4176,1,1,4178,T
6-NA,789,2,4168,0,3,4173,T
6-NA,790,4,0,0,4178,4182,C
6-NA,791,4181,4,1,2,4188,A
6-NA,792,0,4512,0,0,4512,T
6-NA,793,4506,1,2,0,4509,A
6-NA,794,1,1,0,4540,4542,C
6-NA,795,2,4518,1,1,4522,T
6-NA,796,4543,0,2,0,4545,A
6-NA,797,3,0,4537,0,4540,G
6-NA,798,2,0,0,4541,4543,C
6-NA,799,4546,0,1,0,4547,A
6-NA,800,0,1,1,4556,4558,C
6-NA,801,4390,1,2,0,4393,A
6-NA,802,0,4452,1,2,4455,T
6-NA,803,1,4427,0,3,4431,T
6-NA,804,1,2,4730,0,4733,G
6-NA,805,1,4700,0,4,4705,T
6-NA,806,6,2,1,4701,4710,C
6-NA,807,4696,4,11,0,4711,A
6-NA,808,1,5,4709,1,4716,G
6-NA,809,1,3,4709,0,4713,G
6-NA,810,4701,0,1,0,4702,A
6-NA,811,4642,1,1,0,4644,A
6-NA,812,0,0,4701,0,4701,G
6-NA,813,0,4499,1,2,4502,T
6-NA,814,2,1,4524,0,4527,G
6-NA,815,1,1,0,4519,4521,C
6-NA,816,0,4511,0,4,4515,T
6-NA,817,4,0,1,4527,4532,C
6-NA,818,4511,0,1,0,4512,A
6-NA,819,0,2,4546,0,4548,G
6-NA,820,0,3,0,4549,4552,C
6-NA,821,4537,0,1,0,4538,A
6-NA,822,0,4544,0,1,4545,T
6-NA,823,0,3,4659,0,4662,G
6-NA,824,3,4655,0,3,4661,T
6-NA,825,4,0,0,4650,4654,C
6-NA,826,0,6,4657,0,4663,G
6-NA,827,4653,0,7,0,4660,A
6-NA,828,1,3,4629,1,4634,G
6-NA,829,0,8,4628,1,4637,G
6-NA,830,4606,1,3,0,4610,A
6-NA,831,0,1,4668,0,4669,G
6-NA,832,0,4568,0,0,4568,T
6-NA,833,1,1,4597,0,4599,G
6-NA,834,3,1,0,4663,4667,C
6-NA,835,2,4642,0,5,4649,T
6-NA,836,7,0,0,4645,4652,C
6-NA,837,0,4584,0,11,4595,T
6-NA,838,1,4658,0,3,4662,T
6-NA,839,0,3,4672,0,4675,G
6-NA,840,0,2,0,4681,4683,C
6-NA,841,2,4648,0,4,4654,T
6-NA,842,4664,0,1,0,4665,A
6-NA,843,0,4618,0,1,4619,T
6-NA,844,5,0,0,4660,4665,C
6-NA,845,7,1,0,4638,4646,C
6-NA,846,2,4651,0,3,4656,T
6-NA,847,2,1,0,4659,4662,C
6-NA,848,0,2,4668,0,4670,G
6-NA,849,4696,1,0,0,4697,A
6-NA,850,0,4697,1,3,4701,T
6-NA,851,4685,0,2,0,4687,A
6-NA,852,1,4684,0,3,4688,T
6-NA,853,3,1,2,4665,4671,C
6-NA,854,12,0,0,4647,4659,C
6-NA,855,0,4648,0,3,4651,T
6-NA,856,2,2,4627,0,4631,G
6-NA,857,0,3,4614,0,4617,G
6-NA,858,1,2,0,4589,4592,C
6-NA,859,2,2,4665,0,4669,G
6-NA,860,2,4690,1,3,4696,T
6-NA,861,1,1,0,4701,4703,C
6-NA,862,4712,1,1,0,4714,A
6-NA,863,0,4,4716,0,4720,G
6-NA,864,4705,3,4,0,4712,A
6-NA,865,0,4679,0,0,4679,T
6-NA,866,2,3,4691,1,4697,G
6-NA,867,0,4700,0,3,4703,T
6-NA,868,1,0,4724,1,4726,G
6-NA,869,0,4714,0,3,4717,T
6-NA,870,2,0,0,4730,4732,C
6-NA,871,2,4721,0,3,4726,T
6-NA,872,3,1,4736,0,4740,G
6-NA,873,0,2,0,4739,4741,C
6-NA,874,4735,1,4,0,4740,A
6-NA,875,1,2,4740,0,4743,G
6-NA,876,4670,1,3,1,4675,A
6-NA,877,0,1,4710,1,4712,G
6-NA,878,4703,1,2,1,4707,A
6-NA,879,1,1,0,4740,4742,C
6-NA,880,4739,0,2,0,4741,A
6-NA,881,4774,1,1,1,4777,A
6-NA,882,1,2,0,4797,4800,C
6-NA,883,0,4800,0,1,4801,T
6-NA,884,5,1,4793,4,4803,G
6-NA,885,0,6,4794,0,4800,G
6-NA,886,4780,1,1,0,4782,A
6-NA,887,4765,1,8,0,4774,A
6-NA,888,4696,1,2,1,4700,A
6-NA,889,0,6,4775,0,4781,G
6-NA,890,0,0,4756,0,4756,G
6-NA,891,1,1,0,4751,4753,C
6-NA,892,1,4720,1,10,4732,T
6-NA,893,3,1,1,4846,4851,C
6-NA,894,10,1,0,4894,4905,C
6-NA,895,4920,1,0,0,4921,A
6-NA,896,4908,1,2,1,4912,A
6-NA,897,0,4920,1,0,4921,T
6-NA,898,4777,0,0,1,4778,A
6-NA,899,1,4,4767,1,4773,G
6-NA,900,1,3,4796,0,4800,G
6-NA,901,0,2,0,4785,4787,C
6-NA,902,3,3,0,4703,4709,C
6-NA,903,10,0,0,4643,4653,C
6-NA,904,4699,3,1,0,4703,A
6-NA,905,3,4744,0,2,4749,T
6-NA,906,4,0,0,4746,4750,C
6-NA,907,0,1,4760,0,4761,G
6-NA,908,0,4745,0,0,4745,T
6-NA,909,4674,0,0,0,4674,A
6-NA,910,0,3,4759,0,4762,G
6-NA,911,4768,1,6,0,4775,A
6-NA,912,0,4786,0,2,4788,T
6-NA,913,4697,1,0,0,4698,A
6-NA,914,1,4658,0,1,4660,T
6-NA,915,4654,0,3,0,4657,A
6-NA,916,4647,2,1,0,4650,A
6-NA,917,4774,1,2,1,4778,A
6-NA,918,1,1,0,4880,4882,C
6-NA,919,4758,2,0,0,4760,A
6-NA,920,0,4747,0,2,4749,T
6-NA,921,4718,0,3,1,4722,A
6-NA,922,4728,1,0,0,4729,A
6-NA,923,4724,4,8,0,4736,A
6-NA,924,0,5,4782,0,4787,G
6-NA,925,0,2,4832,0,4834,G
6-NA,926,4667,2,2,0,4671,A
6-NA,927,2,4663,1,1,4667,T
6-NA,928,2,1,0,4684,4687,C
6-NA,929,4722,0,3,0,4725,A
6-NA,930,2,4720,0,2,4724,T
6-NA,931,4718,0,2,0,4720,A
6-NA,932,0,1,4737,0,4738,G
6-NA,933,1,0,0,4687,4688,C
6-NA,934,4622,0,0,0,4622,A
6-NA,935,1,4499,0,1,4501,T
6-NA,936,0,4513,0,2,4515,T
6-NA,937,1,1,4658,0,4660,G
6-NA,938,1,4664,0,6,4671,T
6-NA,939,1,4721,0,2,4724,T
6-NA,940,0,4718,0,3,4721,T
6-NA,941,3,0,0,4702,4705,C
6-NA,942,3,1,1,4719,4724,C
6-NA,943,4774,1,1,1,4777,A
6-NA,944,0,5,4857,0,4862,G
6-NA,945,0,4845,0,4,4849,T
6-NA,946,0,4724,0,1,4725,T
6-NA,947,4729,0,0,0,4729,A
6-NA,948,2,4683,0,2,4687,T
6-NA,949,2,4,4677,0,4683,G
6-NA,950,1,4650,0,4,4655,T
6-NA,951,2,1,4669,0,4672,G
6-NA,952,0,4543,1,8,4552,T
6-NA,953,0,1,4665,0,4666,G
6-NA,954,1,4659,1,5,4666,T
6-NA,955,0,4648,0,3,4651,T
6-NA,956,7,0,0,4646,4653,C
6-NA,957,4610,1,2,0,4613,A
6-NA,958,1,5,4640,1,4647,G
6-NA,959,1,3,4618,0,4622,G
6-NA,960,4617,0,8,1,4626,A
6-NA,961,3,2,0,4624,4629,C
6-NA,962,0,4517,0,2,4519,T
6-NA,963,0,4538,0,1,4539,T
6-NA,964,1,2,4699,0,4702,G
6-NA,965,1,4691,0,3,4695,T
6-NA,966,1,4695,0,1,4697,T
6-NA,967,3,5,4670,2,4680,G
6-NA,968,1,4,4685,0,4690,G
6-NA,969,4681,0,7,1,4689,A
6-NA,970,1,2,4691,2,4696,G
6-NA,971,4681,0,7,1,4689,A
6-NA,972,2,2,0,4673,4677,C
6-NA,973,4538,0,2,0,4540,A
6-NA,974,2,1,1,4545,4549,C
6-NA,975,4551,1,11,1,4564,A
6-NA,976,2,3,0,4572,4577,C
6-NA,977,3,0,2,4543,4548,C
6-NA,978,11,0,0,4545,4556,C
6-NA,979,4549,0,2,1,4552,A
6-NA,980,0,3,4575,0,4578,G
6-NA,981,4559,0,2,0,4561,A
6-NA,982,4581,0,3,0,4584,A
6-NA,983,4559,0,1,0,4560,A
6-NA,984,4540,0,1,0,4541,A
6-NA,985,4505,1,6,0,4512,A
6-NA,986,4521,1,3,1,4526,A
6-NA,987,1,4,0,4529,4534,C
6-NA,988,1,5,4524,0,4530,G
6-NA,989,4528,2,0,1,4531,A
6-NA,990,2,1,0,4529,4532,C
6-NA,991,4505,0,2,0,4507,A
6-NA,992,0,1,4566,0,4567,G
6-NA,993,2,1,0,4695,4698,C
6-NA,994,0,4676,0,2,4678,T
6-NA,995,7,0,0,4682,4689,C
6-NA,996,4,0,0,4700,4704,C
6-NA,997,4709,0,3,0,4712,A
6-NA,998,2,0,4754,0,4756,G
6-NA,999,4,2,0,4746,4752,C
6-NA,1000,4734,0,1,1,4736,A
6-NA,1001,0,2,4727,1,4730,G
6-NA,1002,0,4577,0,0,4577,T
6-NA,1003,4588,0,1,0,4589,A
6-NA,1004,0,1,4588,0,4589,G
6-NA,1005,1,1,0,4594,4596,C
6-NA,1006,3,0,0,4600,4603,C
6-NA,1007,4547,0,0,0,4547,A
6-NA,1008,0,4549,0,3,4552,T
6-NA,1009,1,4547,0,2,4550,T
6-NA,1010,1,3,4644,0,4648,G
6-NA,1011,1,4612,0,3,4616,T
6-NA,1012,0,4605,0,4,4609,T
6-NA,1013,4,4601,0,0,4605,T
6-NA,1014,3,2,4563,0,4568,G
6-NA,1015,2,7,4598,0,4607,G
6-NA,1016,4594,0,1,0,4595,A
6-NA,1017,1,4599,0,1,4601,T
6-NA,1018,1,1,1,4614,4617,C
6-NA,1019,2,1,0,4543,4546,C
6-NA,1020,5,4538,0,5,4548,T
6-NA,1021,4545,0,9,0,4554,A
6-NA,1022,4561,2,1,0,4564,A
6-NA,1023,3,1,0,4641,4645,C
6-NA,1024,4561,0,2,0,4563,A
6-NA,1025,4602,2,2,0,4606,A
6-NA,1026,0,4587,0,1,4588,T
6-NA,1027,0,2,4651,1,4654,G
6-NA,1028,4640,3,4,0,4647,A
6-NA,1029,4616,0,6,0,4622,A
6-NA,1030,0,1,4644,0,4645,G
6-NA,1031,4614,1,2,0,4617,A
6-NA,1032,4548,0,5,1,4554,A
6-NA,1033,0,7,4553,0,4560,G
6-NA,1034,0,2,4566,0,4568,G
6-NA,1035,2,4496,1,13,4512,T
6-NA,1036,1,4,4474,0,4479,G
6-NA,1037,1,2,4613,0,4616,G
6-NA,1038,1,4591,0,2,4594,T
6-NA,1039,8,0,0,4556,4564,C
6-NA,1040,4576,2,4,0,4582,A
6-NA,1041,1,4560,0,3,4564,T
6-NA,1042,0,4,4552,0,4556,G
6-NA,1043,0,3,4581,0,4584,G
6-NA,1044,4568,0,7,0,4575,A
6-NA,1045,0,2,4679,2,4683,G
6-NA,1046,0,4511,0,1,4512,T
6-NA,1047,1,3,4519,0,4523,G
6-NA,1048,4520,1,1,0,4522,A
6-NA,1049,4515,1,2,1,4519,A
6-NA,1050,4516,1,8,0,4525,A
6-NA,1051,0,1,4540,1,4542,G
6-NA,1052,0,1,4504,0,4505,G
6-NA,1053,1,0,0,4510,4511,C
6-NA,1054,0,4385,0,3,4388,T
6-NA,1055,1,10,4391,0,4402,G
6-NA,1056,2,3,4392,0,4397,G
6-NA,1057,2,2,4427,1,4432,G
6-NA,1058,2,2,0,4432,4436,C
6-NA,1059,1,2,1,4435,4439,C
6-NA,1060,2,4381,1,11,4395,T
6-NA,1061,1,4405,0,1,4407,T
6-NA,1062,0,4399,1,2,4402,T
6-NA,1063,0,0,4430,0,4430,G
6-NA,1064,4420,1,1,0,4422,A
6-NA,1065,0,4384,0,1,4385,T
6-NA,1066,0,1,4321,1,4323,G
6-NA,1067,4280,6,2,0,4288,A
6-NA,1068,2,4290,0,2,4294,T
6-NA,1069,1,2,4307,0,4310,G
6-NA,1070,1,3,4367,0,4371,G
6-NA,1071,4358,2,2,0,4362,A
6-NA,1072,4341,1,2,0,4344,A
6-NA,1073,4350,1,1,0,4352,A
6-NA,1074,1,4346,1,0,4348,T
6-NA,1075,0,3,4353,1,4357,G
6-NA,1076,4344,1,7,0,4352,A
6-NA,1077,3,1,0,4346,4350,C
6-NA,1078,1,1,4364,0,4366,G
6-NA,1079,1,4260,0,2,4263,T
6-NA,1080,4,0,4289,0,4293,G
6-NA,1081,0,4279,0,4,4283,T
6-NA,1082,1,4,4293,2,4300,G
6-NA,1083,0,2,4332,1,4335,G
6-NA,1084,4310,0,6,0,4316,A
6-NA,1085,0,4319,0,3,4322,T
6-NA,1086,2,13,4317,0,4332,G
6-NA,1087,66,6,4258,0,4330,G
6-NA,1088,0,2,4343,1,4346,G
6-NA,1089,4308,1,1,1,4311,A
6-NA,1090,4291,0,4,0,4295,A
6-NA,1091,0,9,4284,0,4293,G
6-NA,1092,4233,1,0,0,4234,A
6-NA,1093,4236,1,4,0,4241,A
6-NA,1094,1,4,0,4211,4216,C
6-NA,1095,0,0,4191,0,4191,G
6-NA,1096,4189,1,2,0,4192,A
6-NA,1097,2,4114,0,0,4116,T
6-NA,1098,5,0,0,4117,4122,C
6-NA,1099,4120,1,0,0,4121,A
6-NA,1100,1,1,4135,0,4137,G
6-NA,1101,3,2,0,4129,4134,C
6-NA,1102,0,4,4133,0,4137,G
6-NA,1103,4131,0,0,0,4131,A
6-NA,1104,0,4,4123,0,4127,G
6-NA,1105,4128,1,1,0,4130,A
6-NA,1106,4131,0,1,0,4132,A
6-NA,1107,1,2,4164,0,4167,G
6-NA,1108,0,4130,0,4,4134,T
6-NA,1109,1,2,0,4103,4106,C
6-NA,1110,4096,0,2,0,4098,A
6-NA,1111,1,1,0,4223,4225,C
6-NA,1112,2,3,4228,0,4233,G
6-NA,1113,0,1,0,4230,4231,C
6-NA,1114,0,4190,1,6,4197,T
6-NA,1115,0,4228,1,0,4229,T
6-NA,1116,4170,1,3,0,4174,A
6-NA,1117,1,18,4256,1,4276,G
6-NA,1118,1,5,4261,0,4267,G
6-NA,1119,0,1,4347,0,4348,G
6-NA,1120,1,4112,0,4,4117,T
6-NA,1121,4102,0,1,0,4103,A
6-NA,1122,0,4079,0,2,4081,T
6-NA,1123,2,1,4086,0,4089,G
6-NA,1124,4070,0,4,0,4074,A
6-NA,1125,4065,1,1,1,4068,A
6-NA,1126,3897,0,4,0,3901,A
6-NA,1127,4,0,0,3904,3908,C
6-NA,1128,3,1,1,3845,3850,C
6-NA,1129,2,3822,0,7,3831,T
6-NA,1130,0,3833,0,3,3836,T
6-NA,1131,0,1,1,3837,3839,C
6-NA,1132,3836,0,2,0,3838,A
6-NA,1133,3837,0,2,1,3840,A
6-NA,1134,3832,1,3,0,3836,A
6-NA,1135,1,1,3867,0,3869,G
6-NA,1136,3,3795,0,3,3801,T
6-NA,1137,11,0,0,3816,3827,C
6-NA,1138,3897,1,3,0,3901,A
6-NA,1139,1,3902,0,3,3906,T
6-NA,1140,1,3905,0,0,3906,T
6-NA,1141,1,2,3911,0,3914,G
6-NA,1142,3905,2,0,0,3907,A
6-NA,1143,3913,0,3,0,3916,A
6-NA,1144,1,2,3887,0,3890,G
6-NA,1145,2,1,3886,0,3889,G
6-NA,1146,0,0,0,3873,3873,C
6-NA,1147,0,3750,1,0,3751,T
6-NA,1148,0,1,3775,1,3777,G
6-NA,1149,0,0,3832,1,3833,G
6-NA,1150,1,3817,1,6,3825,T
6-NA,1151,2,0,0,3804,3806,C
6-NA,1152,8,1,1,3775,3785,C
6-NA,1153,3802,3,1,0,3806,A
6-NA,1154,3822,0,1,0,3823,A
6-NA,1155,4,0,0,3806,3810,C
6-NA,1156,6,1,0,3798,3805,C
6-NA,1157,3667,1,3,4,3675,A
6-NA,1158,1,3721,0,0,3722,T
6-NA,1159,3722,0,0,0,3722,A
6-NA,1160,3726,2,1,0,3729,A
6-NA,1161,2,1,3762,0,3765,G
6-NA,1162,0,3722,0,8,3730,T
6-NA,1163,1,1,0,3716,3718,C
6-NA,1164,3,1,0,3676,3680,C
6-NA,1165,3689,0,5,1,3695,A
6-NA,1166,3684,0,4,1,3689,A
6-NA,1167,3695,0,0,0,3695,A
6-NA,1168,0,3696,0,1,3697,T
6-NA,1169,0,3668,0,2,3670,T
6-NA,1170,0,0,3652,0,3652,G
6-NA,1171,1,1,1,3631,3634,C
6-NA,1172,3634,2,2,0,3638,A
6-NA,1173,0,3,3647,0,3650,G
6-NA,1174,3638,1,0,0,3639,A
6-NA,1175,1,3721,1,1,3724,T
6-NA,1176,3720,0,1,0,3721,A
6-NA,1177,3717,0,1,0,3718,A
6-NA,1178,3713,0,3,0,3716,A
6-NA,1179,1,3707,0,0,3708,T
6-NA,1180,3700,0,1,1,3702,A
6-NA,1181,0,1,3711,0,3712,G
6-NA,1182,1,2,3694,0,3697,G
6-NA,1183,0,0,0,3675,3675,C
6-NA,1184,3577,1,1,0,3579,A
6-NA,1185,3607,0,0,0,3607,A
6-NA,1186,2,0,3643,0,3645,G
6-NA,1187,1,3628,0,4,3633,T
6-NA,1188,6,1,0,3634,3641,C
6-NA,1189,3650,0,5,0,3655,A
6-NA,1190,0,3653,0,1,3654,T
6-NA,1191,3676,0,3,0,3679,A
6-NA,1192,1,1,3696,0,3698,G
6-NA,1193,1,3684,0,2,3687,T
6-NA,1194,1,3606,0,0,3607,T
6-NA,1195,1,2,3569,0,3572,G
6-NA,1196,3553,0,4,0,3557,A
6-NA,1197,2,0,0,3555,3557,C
6-NA,1198,3502,0,0,0,3502,A
6-NA,1199,0,2,3546,1,3549,G
6-NA,1200,3504,1,7,2,3514,A
6-NA,1201,1,1,3620,1,3623,G
6-NA,1202,1,0,3638,0,3639,G
6-NA,1203,0,3637,0,3,3640,T
6-NA,1204,3625,0,5,0,3630,A
6-NA,1205,3626,2,4,0,3632,A
6-NA,1206,1,3627,0,2,3630,T
6-NA,1207,3607,1,2,0,3610,A
6-NA,1208,0,4,3565,0,3569,G
6-NA,1209,1,1,3516,0,3518,G
6-NA,1210,1,3364,0,2,3367,T
6-NA,1211,2,0,0,3343,3345,C
6-NA,1212,7,2,0,3337,3346,C
6-NA,1213,2,3,3348,0,3353,G
6-NA,1214,0,3,3359,0,3362,G
6-NA,1215,2,3350,0,2,3354,T
6-NA,1216,0,3343,0,2,3345,T
6-NA,1217,3312,0,0,0,3312,A
6-NA,1218,0,3270,0,0,3270,T
6-NA,1219,0,3266,0,0,3266,T
6-NA,1220,1,0,0,3272,3273,C
6-NA,1221,0,3176,0,4,3180,T
6-NA,1222,1,2,3195,0,3198,G
6-NA,1223,0,2,3205,0,3207,G
6-NA,1224,5,3204,0,0,3209,T
6-NA,1225,3209,0,1,0,3210,A
6-NA,1226,1,3170,1,1,3173,T
6-NA,1227,1,3164,0,1,3166,T
6-NA,1228,1,3165,0,1,3167,T
6-NA,1229,1,3178,0,7,3186,T
6-NA,1230,1,0,0,3188,3189,C
6-NA,1231,0,3139,0,5,3144,T
6-NA,1232,1,1,0,3158,3160,C
6-NA,1233,0,3138,0,2,3140,T
6-NA,1234,0,0,3182,0,3182,G
6-NA,1235,2,3177,0,3,3182,T
6-NA,1236,2,3161,0,0,3163,T
6-NA,1237,0,1,3166,0,3167,G
6-NA,1238,3129,1,2,0,3132,A
6-NA,1239,3129,0,5,1,3135,A
6-NA,1240,0,3,3145,0,3148,G
6-NA,1241,1,3,3141,0,3145,G
6-NA,1242,0,4,0,3147,3151,C
6-NA,1243,3105,0,1,1,3107,A
6-NA,1244,3103,0,1,1,3105,A
6-NA,1245,3116,0,1,2,3119,A
6-NA,1246,3109,0,7,0,3116,A
6-NA,1247,0,1,3117,1,3119,G
6-NA,1248,0,0,0,3120,3120,C
6-NA,1249,0,3065,0,1,3066,T
6-NA,1250,1,0,3099,0,3100,G
6-NA,1251,1,1,0,3101,3103,C
6-NA,1252,3112,0,0,0,3112,A
6-NA,1253,1,3097,0,4,3102,T
6-NA,1254,5,1,0,3066,3072,C
6-NA,1255,3065,1,0,0,3066,A
6-NA,1256,3069,0,0,0,3069,A
6-NA,1257,1,3057,0,0,3058,T
6-NA,1258,2,3,1,3053,3059,C
6-NA,1259,0,2,3013,0,3015,G
6-NA,1260,3,0,3049,1,3053,G
6-NA,1261,0,3046,0,5,3051,T
6-NA,1262,0,1,3060,0,3061,G
6-NA,1263,0,0,0,3068,3068,C
6-NA,1264,1,3038,0,18,3057,T
6-NA,1265,0,3076,0,0,3076,T
6-NA,1266,2,3076,1,0,3079,T
6-NA,1267,0,3086,0,0,3086,T
6-NA,1268,3098,0,0,0,3098,A
6-NA,1269,0,2954,0,2,2956,T
6-NA,1270,2,1,2953,0,2956,G
6-NA,1271,0,2912,0,3,2915,T
6-NA,1272,3,1,2870,1,2875,G
6-NA,1273,0,0,2909,0,2909,G
6-NA,1274,2849,0,3,0,2852,A
6-NA,1275,0,2,2869,0,2871,G
6-NA,1276,0,2855,0,3,2858,T
6-NA,1277,0,2827,0,1,2828,T
6-NA,1278,0,0,2858,0,2858,G
6-NA,1279,2839,0,4,0,2843,A
6-NA,1280,0,2844,0,0,2844,T
6-NA,1281,0,2724,0,2,2726,T
6-NA,1282,2731,0,0,0,2731,A
6-NA,1283,1,6,2726,0,2733,G
6-NA,1284,1,8,2727,1,2737,G
6-NA,1285,1,0,2726,0,2727,G
6-NA,1286,0,2,2707,0,2709,G
6-NA,1287,2622,1,1,0,2624,A
6-NA,1288,2610,1,3,0,2614,A
6-NA,1289,0,1,2625,0,2626,G
6-NA,1290,2622,0,0,0,2622,A
6-NA,1291,2622,0,2,0,2624,A
6-NA,1292,2596,0,1,0,2597,A
6-NA,1293,2574,1,2,0,2577,A
6-NA,1294,0,2,2577,0,2579,G
6-NA,1295,2552,0,3,0,2555,A
6-NA,1296,1,1,2554,0,2556,G
6-NA,1297,0,0,2556,0,2556,G
6-NA,1298,2513,0,1,0,2514,A
6-NA,1299,2500,1,8,0,2509,A
6-NA,1300,2512,0,2,0,2514,A
6-NA,1301,0,0,0,2524,2524,C
6-NA,1302,0,2511,0,1,2512,T
6-NA,1303,1,1,2516,0,2518,G
6-NA,1304,2509,0,1,0,2510,A
6-NA,1305,2504,0,4,0,2508,A
6-NA,1306,0,0,2523,0,2523,G
6-NA,1307,0,2495,0,3,2498,T
6-NA,1308,2,1,0,2517,2520,C
6-NA,1309,0,2497,0,2,2499,T
6-NA,1310,0,2490,0,1,2491,T
6-NA,1311,0,1,2491,0,2492,G
6-NA,1312,0,2474,0,1,2475,T
6-NA,1313,0,5,2474,0,2479,G
6-NA,1314,0,1,2470,1,2472,G
6-NA,1315,2453,1,3,0,2457,A
6-NA,1316,1,0,0,2473,2474,C
6-NA,1317,6,0,0,2430,2436,C
6-NA,1318,0,2426,0,4,2430,T
6-NA,1319,2,2,0,2427,2431,C
6-NA,1320,2432,0,4,0,2436,A
6-NA,1321,2434,0,1,0,2435,A
6-NA,1322,2438,0,0,0,2438,A
6-NA,1323,4,1,0,2462,2467,C
6-NA,1324,2392,0,1,1,2394,A
6-NA,1325,1,2,2415,0,2418,G
6-NA,1326,0,2384,0,2,2386,T
6-NA,1327,2384,0,0,0,2384,A
6-NA,1328,1,2377,0,1,2379,T
6-NA,1329,0,2336,0,0,2336,T
6-NA,1330,0,1,2349,1,2351,G
6-NA,1331,0,2342,0,2,2344,T
6-NA,1332,1,2240,0,1,2242,T
6-NA,1333,0,0,2249,0,2249,G
6-NA,1334,1,2109,0,1,2111,T
6-NA,1335,0,1,2120,0,2121,G
6-NA,1336,0,2098,0,4,2102,T
6-NA,1337,0,2071,0,2,2073,T
6-NA,1338,0,2084,0,0,2084,T
6-NA,1339,1,2024,0,0,2025,T
6-NA,1340,0,1,2023,0,2024,G
6-NA,1341,0,2021,0,3,2024,T
6-NA,1342,1,3,2018,0,2022,G
6-NA,1343,1,2,2016,0,2019,G
6-NA,1344,0,0,0,2000,2000,C
6-NA,1345,1988,1,0,0,1989,A
6-NA,1346,1,1,0,2008,2010,C
6-NA,1347,4,0,0,1998,2002,C
6-NA,1348,0,1997,0,4,2001,T
6-NA,1349,2,1,0,1999,2002,C
6-NA,1350,1998,0,0,0,1998,A
6-NA,1351,1,1,2008,0,2010,G
6-NA,1352,1,0,2017,0,2018,G
6-NA,1353,1,2000,0,0,2001,T
6-NA,1354,1976,0,1,0,1977,A
6-NA,1355,1,0,0,1871,1872,C
6-NA,1356,1850,1,0,0,1851,A
6-NA,1357,1,1848,0,0,1849,T
6-NA,1358,1790,0,0,0,1790,A
6-NA,1359,0,1782,0,1,1783,T
6-NA,1360,0,2,1690,0,1692,G
6-NA,1361,1,0,1693,1,1695,G
6-NA,1362,1680,0,0,0,1680,A
6-NA,1363,1659,0,1,0,1660,A
6-NA,1364,0,0,0,1646,1646,C
6-NA,1365,1395,0,3,0,1398,A
6-NA,1366,0,2,1400,0,1402,G
6-NA,1367,1,1,1389,0,1391,G
6-NA,1368,3,0,0,1395,1398,C
6-NA,1369,0,1394,0,0,1394,T
6-NA,1370,1,0,0,1331,1332,C
6-NA,1371,1320,0,1,0,1321,A
6-NA,1372,0,1320,0,0,1320,T
6-NA,1373,0,2,1316,0,1318,G
6-NA,1374,0,0,1317,0,1317,G
6-NA,1375,3,0,0,1279,1282,C
6-NA,1376,1,0,0,1273,1274,C
6-NA,1377,0,1216,0,3,1219,T
6-NA,1378,0,1,1214,0,1215,G
6-NA,1379,1215,0,0,0,1215,A
6-NA,1380,0,1215,0,0,1215,T
6-NA,1381,0,2,1190,0,1192,G
6-NA,1382,2,2,1170,0,1174,G
6-NA,1383,0,1,1114,0,1115,G
6-NA,1384,0,0,1113,0,1113,G
6-NA,1385,0,0,0,1092,1092,C
6-NA,1386,0,1,1086,0,1087,G
6-NA,1387,1,0,1077,0,1078,G
6-NA,1388,1052,0,2,0,1054,A
6-NA,1389,0,0,0,1052,1052,C
6-NA,1390,2,0,0,1005,1007,C
6-NA,1391,0,1001,0,2,1003,T
6-NA,1392,0,0,0,1009,1009,C
6-NA,1393,1010,0,0,0,1010,A
6-NA,1394,1008,0,0,0,1008,A
6-NA,1395,0,1002,0,0,1002,T
6-NA,1396,0,2,0,971,973,C
6-NA,1397,0,929,0,1,930,T
6-NA,1398,0,0,0,755,755,C
6-NA,1399,748,1,0,0,749,A
6-NA,1400,1,746,0,0,747,T
6-NA,1401,0,0,739,0,739,G
6-NA,1402,0,1,0,730,731,C
6-NA,1403,1,0,0,707,708,C
6-NA,1404,0,652,0,0,652,T
6-NA,1405,639,1,1,0,641,A
6-NA,1406,0,640,0,0,640,T
6-NA,1407,635,0,0,0,635,A
6-NA,1408,0,638,0,0,638,T
6-NA,1409,577,0,0,0,577,A
6-NA,1410,545,0,0,0,545,A
7-M,1,38,0,0,0,38,A
7-M,2,0,38,0,0,38,T
7-M,3,0,0,39,0,39,G
7-M,4,39,0,0,0,39,A
7-M,5,0,0,40,0,40,G
7-M,6,0,0,0,44,44,C
7-M,7,0,0,0,45,45,C
7-M,8,0,63,0,0,63,T
7-M,9,0,62,0,0,62,T
7-M,10,0,0,0,63,63,C
7-M,11,0,63,0,0,63,T
7-M,12,69,0,0,0,69,A
7-M,13,69,0,0,0,69,A
7-M,14,0,0,0,69,69,C
7-M,15,0,0,0,69,69,C
7-M,16,0,1,67,0,68,G
7-M,17,71,0,0,0,71,A
7-M,18,0,0,71,0,71,G
7-M,19,0,0,73,0,73,G
7-M,20,0,74,0,0,74,T
7-M,21,0,0,0,74,74,C
7-M,22,0,0,74,0,74,G
7-M,23,77,0,0,0,77,A
7-M,24,76,0,1,0,77,A
7-M,25,78,0,0,0,78,A
7-M,26,0,0,0,85,85,C
7-M,27,0,0,86,0,86,G
7-M,28,0,88,0,0,88,T
7-M,29,88,0,0,0,88,A
7-M,30,0,88,0,0,88,T
7-M,31,0,1,90,0,91,G
7-M,32,0,92,0,0,92,T
7-M,33,0,111,0,0,111,T
7-M,34,0,0,0,112,112,C
7-M,35,0,113,0,0,113,T
7-M,36,0,0,0,118,118,C
7-M,37,0,118,0,0,118,T
7-M,38,0,0,0,123,123,C
7-M,39,0,121,0,0,121,T
7-M,40,124,0,0,0,124,A
7-M,41,0,125,0,0,125,T
7-M,42,1,0,0,126,127,C
7-M,43,0,0,127,0,127,G
7-M,44,0,128,0,0,128,T
7-M,45,0,127,0,1,128,T
7-M,46,1,0,0,130,131,C
7-M,47,0,0,0,135,135,C
7-M,48,139,0,0,0,139,A
7-M,49,0,138,0,1,139,T
7-M,50,0,0,0,138,138,C
7-M,51,139,0,0,0,139,A
7-M,52,0,0,141,0,141,G
7-M,53,0,0,141,0,141,G
7-M,54,0,0,0,140,140,C
7-M,55,0,0,0,139,139,C
7-M,56,0,0,1,142,143,C
7-M,57,0,0,0,148,148,C
7-M,58,0,0,0,149,149,C
7-M,59,0,150,0,0,150,T
7-M,60,0,1,0,150,151,C
7-M,61,150,0,0,0,150,A
7-M,62,152,0,0,0,152,A
7-M,63,154,0,0,0,154,A
7-M,64,0,0,155,0,155,G
7-M,65,0,0,0,156,156,C
7-M,66,0,0,0,157,157,C
7-M,67,0,0,159,0,159,G
7-M,68,158,0,0,0,158,A
7-M,69,0,0,159,0,159,G
7-M,70,159,0,0,0,159,A
7-M,71,0,159,0,0,159,T
7-M,72,0,0,0,157,157,C
7-M,73,0,0,157,0,157,G
7-M,74,0,0,0,159,159,C
7-M,75,0,0,158,0,158,G
7-M,76,0,1,0,157,158,C
7-M,77,159,0,0,0,159,A
7-M,78,0,0,159,0,159,G
7-M,79,159,0,0,0,159,A
7-M,80,0,0,169,0,169,G
7-M,81,169,0,0,0,169,A
7-M,82,0,0,0,172,172,C
7-M,83,0,170,0,0,170,T
7-M,84,0,171,0,0,171,T
7-M,85,0,0,173,0,173,G
7-M,86,171,0,0,1,172,A
7-M,87,172,0,1,0,173,A
7-M,88,0,0,173,0,173,G
7-M,89,172,0,0,0,172,A
7-M,90,0,173,0,0,173,T
7-M,91,0,0,174,0,174,G
7-M,92,0,174,0,0,174,T
7-M,93,0,0,0,174,174,C
7-M,94,0,174,0,0,174,T
7-M,95,0,175,0,0,175,T
7-M,96,0,175,0,0,175,T
7-M,97,0,0,174,0,174,G
7-M,98,0,0,0,174,174,C
7-M,99,0,172,0,0,172,T
7-M,100,0,0,175,0,175,G
7-M,101,0,0,175,0,175,G
7-M,102,0,0,180,0,180,G
7-M,103,178,0,0,0,178,A
7-M,104,180,0,0,0,180,A
7-M,105,179,0,0,0,179,A
7-M,106,180,0,0,0,180,A
7-M,107,182,0,0,0,182,A
7-M,108,1,1,0,181,183,C
7-M,109,183,0,0,0,183,A
7-M,110,1,0,0,183,184,C
7-M,111,180,0,0,0,180,A
7-M,112,0,0,181,0,181,G
7-M,113,185,0,0,0,185,A
7-M,114,0,186,0,0,186,T
7-M,115,0,0,0,185,185,C
7-M,116,0,184,0,0,184,T
7-M,117,0,185,0,0,185,T
7-M,118,0,0,185,0,185,G
7-M,119,185,0,0,0,185,A
7-M,120,0,0,186,0,186,G
7-M,121,0,1,181,0,182,G
7-M,122,0,0,0,188,188,C
7-M,123,0,185,0,0,185,T
7-M,124,0,0,0,194,194,C
7-M,125,0,193,0,0,193,T
7-M,126,0,0,0,196,196,C
7-M,127,196,0,0,0,196,A
7-M,128,0,197,0,0,197,T
7-M,129,0,0,198,0,198,G
7-M,130,0,0,195,0,195,G
7-M,131,198,0,0,0,198,A
7-M,132,198,0,0,0,198,A
7-M,133,0,184,0,0,184,T
7-M,134,0,0,193,0,193,G
7-M,135,0,0,196,0,196,G
7-M,136,0,0,0,196,196,C
7-M,137,0,196,0,0,196,T
7-M,138,196,0,0,0,196,A
7-M,139,195,0,0,1,196,A
7-M,140,198,0,0,0,198,A
7-M,141,0,0,199,0,199,G
7-M,142,199,0,0,0,199,A
7-M,143,0,0,0,199,199,C
7-M,144,192,0,0,0,192,A
7-M,145,194,0,0,0,194,A
7-M,146,0,0,200,0,200,G
7-M,147,198,0,1,0,199,A
7-M,148,0,0,0,199,199,C
7-M,149,0,0,0,201,201,C
7-M,150,200,0,0,0,200,A
7-M,151,205,0,0,0,205,A
7-M,152,0,204,1,0,205,T
7-M,153,0,205,0,0,205,T
7-M,154,0,0,0,205,205,C
7-M,155,1,202,0,0,203,T
7-M,156,0,0,204,0,204,G
7-M,157,0,203,0,0,203,T
7-M,158,1,0,1,200,202,C
7-M,159,205,0,0,0,205,A
7-M,160,0,0,0,214,214,C
7-M,161,0,0,0,214,214,C
7-M,162,0,211,0,0,211,T
7-M,163,0,0,0,213,213,C
7-M,164,0,211,0,0,211,T
7-M,165,0,0,219,0,219,G
7-M,166,221,0,0,0,221,A
7-M,167,0,0,0,221,221,C
7-M,168,0,219,0,1,220,T
7-M,169,217,0,0,0,217,A
7-M,170,218,0,0,0,218,A
7-M,171,0,0,215,0,215,G
7-M,172,0,0,217,0,217,G
7-M,173,0,0,217,0,217,G
7-M,174,0,0,218,0,218,G
7-M,175,218,0,1,0,219,A
7-M,176,0,218,0,0,218,T
7-M,177,0,218,0,0,218,T
7-M,178,0,218,0,0,218,T
7-M,179,0,217,1,0,218,T
7-M,180,0,1,218,0,219,G
7-M,181,0,0,218,1,219,G
7-M,182,0,0,217,0,217,G
7-M,183,0,0,221,0,221,G
7-M,184,0,217,0,0,217,T
7-M,185,0,220,0,0,220,T
7-M,186,0,220,0,0,220,T
7-M,187,0,1,222,0,223,G
7-M,188,0,212,0,11,223,T
7-M,189,0,0,227,0,227,G
7-M,190,0,228,0,0,228,T
7-M,191,0,228,0,0,228,T
7-M,192,0,0,0,231,231,C
7-M,193,232,0,0,0,232,A
7-M,194,0,0,0,238,238,C
7-M,195,0,0,237,0,237,G
7-M,196,0,0,0,238,238,C
7-M,197,0,238,0,0,238,T
7-M,198,0,0,0,242,242,C
7-M,199,242,0,0,0,242,A
7-M,200,1,0,0,242,243,C
7-M,201,0,2,0,242,244,C
7-M,202,0,0,243,0,243,G
7-M,203,0,242,1,0,243,T
7-M,204,0,0,241,0,241,G
7-M,205,0,0,0,244,244,C
7-M,206,1,0,0,242,243,C
7-M,207,2,0,0,241,243,C
7-M,208,241,0,1,0,242,A
7-M,209,0,0,245,0,245,G
7-M,210,0,241,0,0,241,T
7-M,211,0,3,240,0,243,G
7-M,212,245,0,0,0,245,A
7-M,213,0,0,243,0,243,G
7-M,214,0,0,0,242,242,C
7-M,215,0,0,242,0,242,G
7-M,216,237,0,0,0,237,A
7-M,217,0,0,241,0,241,G
7-M,218,0,0,242,0,242,G
7-M,219,242,0,0,0,242,A
7-M,220,0,0,0,244,244,C
7-M,221,0,239,0,0,239,T
7-M,222,0,0,242,0,242,G
7-M,223,0,0,0,241,241,C
7-M,224,241,0,0,0,241,A
7-M,225,0,0,250,0,250,G
7-M,226,0,0,0,251,251,C
7-M,227,0,0,252,0,252,G
7-M,228,0,252,0,0,252,T
7-M,229,249,0,0,0,249,A
7-M,230,0,1,248,0,249,G
7-M,231,243,0,0,0,243,A
7-M,232,0,0,0,245,245,C
7-M,233,0,1,242,1,244,G
7-M,234,0,0,0,241,241,C
7-M,235,0,236,0,0,236,T
7-M,236,0,239,0,0,239,T
7-M,237,0,239,0,0,239,T
7-M,238,0,0,244,0,244,G
7-M,239,0,243,0,0,243,T
7-M,240,1,0,0,243,244,C
7-M,241,1,0,0,240,241,C
7-M,242,245,0,0,0,245,A
7-M,243,245,0,0,0,245,A
7-M,244,241,1,0,0,242,A
7-M,245,244,0,0,1,245,A
7-M,246,0,246,0,0,246,T
7-M,247,0,0,244,0,244,G
7-M,248,0,0,0,244,244,C
7-M,249,0,0,0,244,244,C
7-M,250,1,0,0,247,248,C
7-M,251,0,244,0,0,244,T
7-M,252,0,0,0,253,253,C
7-M,253,255,0,0,0,255,A
7-M,254,255,0,0,0,255,A
7-M,255,0,257,0,0,257,T
7-M,256,0,0,262,0,262,G
7-M,257,0,0,263,0,263,G
7-M,258,0,0,267,0,267,G
7-M,259,266,0,0,0,266,A
7-M,260,268,0,0,0,268,A
7-M,261,0,263,0,0,263,T
7-M,262,0,0,264,0,264,G
7-M,263,0,0,264,0,264,G
7-M,264,260,0,1,0,261,A
7-M,265,0,0,260,0,260,G
7-M,266,258,0,1,0,259,A
7-M,267,0,0,0,257,257,C
7-M,268,0,0,0,261,261,C
7-M,269,1,0,0,262,263,C
7-M,270,268,0,0,0,268,A
7-M,271,267,0,0,0,267,A
7-M,272,268,0,0,0,268,A
7-M,273,0,267,0,0,267,T
7-M,274,275,0,0,0,275,A
7-M,275,273,0,1,0,274,A
7-M,276,0,0,0,269,269,C
7-M,277,268,0,0,0,268,A
7-M,278,0,267,0,0,267,T
7-M,279,1,0,267,0,268,G
7-M,280,0,0,269,0,269,G
7-M,281,267,0,1,0,268,A
7-M,282,0,0,0,268,268,C
7-M,283,260,0,0,0,260,A
7-M,284,260,0,0,0,260,A
7-M,285,260,0,0,0,260,A
7-M,286,0,0,263,0,263,G
7-M,287,0,0,0,268,268,C
7-M,288,267,0,0,0,267,A
7-M,289,0,0,271,0,271,G
7-M,290,0,270,0,0,270,T
7-M,291,0,271,0,0,271,T
7-M,292,276,0,0,0,276,A
7-M,293,276,0,0,0,276,A
7-M,294,277,0,0,0,277,A
7-M,295,0,0,0,280,280,C
7-M,296,0,272,0,0,272,T
7-M,297,0,0,299,0,299,G
7-M,298,0,300,0,0,300,T
7-M,299,302,0,0,0,302,A
7-M,300,0,302,0,0,302,T
7-M,301,301,0,0,0,301,A
7-M,302,0,0,305,0,305,G
7-M,303,0,0,306,0,306,G
7-M,304,305,0,0,0,305,A
7-M,305,305,0,0,0,305,A
7-M,306,292,0,0,0,292,A
7-M,307,0,0,0,297,297,C
7-M,308,0,296,0,0,296,T
7-M,309,0,294,0,0,294,T
7-M,310,295,0,0,0,295,A
7-M,311,294,0,0,0,294,A
7-M,312,0,0,294,0,294,G
7-M,313,289,0,0,0,289,A
7-M,314,0,0,290,0,290,G
7-M,315,0,0,290,0,290,G
7-M,316,0,2,288,0,290,G
7-M,317,289,0,0,0,289,A
7-M,318,0,0,291,0,291,G
7-M,319,294,0,0,0,294,A
7-M,320,0,295,0,0,295,T
7-M,321,296,0,0,0,296,A
7-M,322,300,0,1,0,301,A
7-M,323,0,0,0,303,303,C
7-M,324,0,0,303,0,303,G
7-M,325,0,300,0,0,300,T
7-M,326,0,299,0,0,299,T
7-M,327,0,0,0,302,302,C
7-M,328,1,0,0,300,301,C
7-M,329,301,0,0,0,301,A
7-M,330,0,301,0,0,301,T
7-M,331,0,0,300,0,300,G
7-M,332,0,1,308,0,309,G
7-M,333,0,0,310,0,310,G
7-M,334,0,0,309,0,309,G
7-M,335,2,0,0,311,313,C
7-M,336,0,0,0,308,308,C
7-M,337,311,0,0,0,311,A
7-M,338,314,0,0,0,314,A
7-M,339,315,0,0,0,315,A
7-M,340,0,0,317,0,317,G
7-M,341,317,0,1,0,318,A
7-M,342,313,1,0,0,314,A
7-M,343,315,0,0,0,315,A
7-M,344,0,316,0,0,316,T
7-M,345,313,0,0,0,313,A
7-M,346,0,0,314,0,314,G
7-M,347,0,0,0,316,316,C
7-M,348,0,313,0,0,313,T
7-M,349,0,0,0,312,312,C
7-M,350,0,310,0,0,310,T
7-M,351,1,0,0,314,315,C
7-M,352,316,0,0,0,316,A
7-M,353,0,1,316,0,317,G
7-M,354,0,311,0,0,311,T
7-M,355,0,318,0,0,318,T
7-M,356,319,0,0,0,319,A
7-M,357,0,319,0,0,319,T
7-M,358,0,316,0,0,316,T
7-M,359,0,0,0,319,319,C
7-M,360,0,314,0,0,314,T
7-M,361,0,0,314,0,314,G
7-M,362,0,0,0,314,314,C
7-M,363,0,313,0,1,314,T
7-M,364,0,1,313,0,314,G
7-M,365,0,1,314,0,315,G
7-M,366,0,314,0,0,314,T
7-M,367,0,0,315,0,315,G
7-M,368,0,1,0,311,312,C
7-M,369,314,0,0,0,314,A
7-M,370,0,0,0,312,312,C
7-M,371,0,309,0,0,309,T
7-M,372,0,310,0,0,310,T
7-M,373,0,0,310,0,310,G
7-M,374,0,0,0,308,308,C
7-M,375,0,0,1,305,306,C
7-M,376,308,0,1,0,309,A
7-M,377,0,0,307,0,307,G
7-M,378,0,310,0,0,310,T
7-M,379,0,309,0,0,309,T
7-M,380,0,0,311,0,311,G
7-M,381,0,0,0,305,305,C
7-M,382,306,0,1,0,307,A
7-M,383,0,305,0,1,306,T
7-M,384,0,1,305,0,306,G
7-M,385,0,0,314,0,314,G
7-M,386,0,0,316,0,316,G
7-M,387,0,0,0,319,319,C
7-M,388,0,0,0,326,326,C
7-M,389,0,326,0,1,327,T
7-M,390,2,0,0,326,328,C
7-M,391,343,0,0,0,343,A
7-M,392,0,344,0,0,344,T
7-M,393,350,0,0,0,350,A
7-M,394,0,346,0,0,346,T
7-M,395,337,0,0,0,337,A
7-M,396,0,0,0,356,356,C
7-M,397,341,0,0,0,341,A
7-M,398,340,0,0,0,340,A
7-M,399,0,337,0,0,337,T
7-M,400,334,0,0,0,334,A
7-M,401,0,1,339,0,340,G
7-M,402,0,0,339,0,339,G
7-M,403,337,0,0,0,337,A
7-M,404,0,338,0,0,338,T
7-M,405,0,0,311,1,312,G
7-M,406,1,0,312,0,313,G
7-M,407,0,1,307,0,308,G
7-M,408,0,0,314,0,314,G
7-M,409,0,0,307,0,307,G
7-M,410,0,0,0,312,312,C
7-M,411,0,304,0,0,304,T
7-M,412,0,1,304,0,305,G
7-M,413,0,306,0,0,306,T
7-M,414,304,0,0,0,304,A
7-M,415,304,0,1,0,305,A
7-M,416,0,0,0,305,305,C
7-M,417,0,0,0,307,307,C
7-M,418,305,0,0,0,305,A
7-M,419,0,0,0,306,306,C
7-M,420,0,305,0,0,305,T
7-M,421,0,0,305,0,305,G
7-M,422,304,0,0,0,304,A
7-M,423,303,0,0,0,303,A
7-M,424,0,0,303,0,303,G
7-M,425,0,298,0,0,298,T
7-M,426,0,0,298,0,298,G
7-M,427,0,1,297,0,298,G
7-M,428,0,0,0,303,303,C
7-M,429,303,0,0,0,303,A
7-M,430,0,302,0,0,302,T
7-M,431,0,301,0,0,301,T
7-M,432,0,300,0,0,300,T
7-M,433,0,0,313,0,313,G
7-M,434,0,0,310,0,310,G
7-M,435,0,1,0,304,305,C
7-M,436,2,0,0,308,310,C
7-M,437,0,305,0,0,305,T
7-M,438,0,0,318,0,318,G
7-M,439,0,0,321,0,321,G
7-M,440,0,320,0,0,320,T
7-M,441,320,1,0,0,321,A
7-M,442,0,312,0,0,312,T
7-M,443,0,0,320,0,320,G
7-M,444,0,321,0,0,321,T
7-M,445,0,0,321,0,321,G
7-M,446,0,0,0,321,321,C
7-M,447,312,0,0,0,312,A
7-M,448,308,0,0,0,308,A
7-M,449,1,0,0,315,316,C
7-M,450,313,0,0,0,313,A
7-M,451,0,312,0,0,312,T
7-M,452,0,0,305,0,305,G
7-M,453,0,300,0,0,300,T
7-M,454,0,1,297,0,298,G
7-M,455,298,0,0,0,298,A
7-M,456,0,0,298,0,298,G
7-M,457,0,0,0,299,299,C
7-M,458,294,0,0,0,294,A
7-M,459,0,0,296,0,296,G
7-M,460,294,0,1,0,295,A
7-M,461,0,297,0,0,297,T
7-M,462,0,295,0,0,295,T
7-M,463,0,0,296,0,296,G
7-M,464,0,0,0,293,293,C
7-M,465,0,291,0,0,291,T
7-M,466,0,0,289,0,289,G
7-M,467,288,0,0,0,288,A
7-M,468,0,0,0,293,293,C
7-M,469,0,295,0,0,295,T
7-M,470,0,0,0,294,294,C
7-M,471,1,0,0,294,295,C
7-M,472,2,0,0,294,296,C
7-M,473,293,0,1,0,294,A
7-M,474,0,0,300,0,300,G
7-M,475,0,0,0,298,298,C
7-M,476,298,0,0,0,298,A
7-M,477,0,0,0,297,297,C
7-M,478,281,0,0,0,281,A
7-M,479,0,0,291,0,291,G
7-M,480,0,0,291,0,291,G
7-M,481,0,290,0,2,292,T
7-M,482,0,0,0,301,301,C
7-M,483,0,298,0,0,298,T
7-M,484,0,0,0,303,303,C
7-M,485,303,0,1,0,304,A
7-M,486,0,302,0,0,302,T
7-M,487,300,0,0,0,300,A
7-M,488,0,0,300,0,300,G
7-M,489,0,0,297,0,297,G
7-M,490,0,0,0,298,298,C
7-M,491,288,0,1,0,289,A
7-M,492,0,0,289,0,289,G
7-M,493,290,0,0,0,290,A
7-M,494,0,291,0,0,291,T
7-M,495,1,0,291,0,292,G
7-M,496,0,0,292,0,292,G
7-M,497,0,290,0,0,290,T
7-M,498,1,0,290,0,291,G
7-M,499,0,0,289,0,289,G
7-M,500,0,0,0,289,289,C
7-M,501,287,0,0,0,287,A
7-M,502,286,0,0,0,286,A
7-M,503,0,0,0,291,291,C
7-M,504,290,0,0,0,290,A
7-M,505,291,0,0,0,291,A
7-M,506,3,0,0,289,292,C
7-M,507,0,0,0,291,291,C
7-M,508,290,0,0,0,290,A
7-M,509,290,0,0,0,290,A
7-M,510,0,290,0,0,290,T
7-M,511,0,0,0,287,287,C
7-M,512,0,0,0,287,287,C
7-M,513,285,0,0,0,285,A
7-M,514,0,284,0,0,284,T
7-M,515,0,283,0,0,283,T
7-M,516,285,0,0,0,285,A
7-M,517,285,0,0,0,285,A
7-M,518,0,284,0,0,284,T
7-M,519,282,0,0,0,282,A
7-M,520,283,0,0,0,283,A
7-M,521,279,0,0,0,279,A
7-M,522,284,0,0,0,284,A
7-M,523,0,0,0,292,292,C
7-M,524,292,0,0,0,292,A
7-M,525,1,288,0,0,289,T
7-M,526,0,1,289,0,290,G
7-M,527,285,4,1,0,290,A
7-M,528,0,1,291,0,292,G
7-M,529,290,0,0,0,290,A
7-M,530,287,1,5,0,293,A
7-M,531,0,0,0,293,293,C
7-M,532,286,0,0,0,286,A
7-M,533,0,1,288,0,289,G
7-M,534,287,0,1,0,288,A
7-M,535,284,4,0,0,288,A
7-M,536,0,289,0,0,289,T
7-M,537,0,0,289,0,289,G
7-M,538,0,0,285,0,285,G
7-M,539,0,284,0,0,284,T
7-M,540,0,283,0,0,283,T
7-M,541,0,282,0,1,283,T
7-M,542,0,287,0,0,287,T
7-M,543,0,0,287,0,287,G
7-M,544,0,0,288,0,288,G
7-M,545,0,0,0,288,288,C
7-M,546,285,0,0,0,285,A
7-M,547,286,0,0,0,286,A
7-M,548,0,0,291,0,291,G
7-M,549,0,0,0,292,292,C
7-M,550,295,0,0,0,295,A
7-M,551,0,0,0,306,306,C
7-M,552,0,304,0,0,304,T
7-M,553,304,0,0,0,304,A
7-M,554,1,0,0,310,311,C
7-M,555,322,0,0,0,322,A
7-M,556,0,0,326,0,326,G
7-M,557,3,0,0,318,321,C
7-M,558,0,318,0,0,318,T
7-M,559,318,0,0,0,318,A
7-M,560,306,0,0,0,306,A
7-M,561,1,1,307,0,309,G
7-M,562,0,0,309,0,309,G
7-M,563,0,0,0,303,303,C
7-M,564,0,290,0,0,290,T
7-M,565,287,0,0,0,287,A
7-M,566,0,288,0,0,288,T
7-M,567,0,0,287,0,287,G
7-M,568,0,1,287,0,288,G
7-M,569,278,0,0,0,278,A
7-M,570,0,0,281,0,281,G
7-M,571,0,0,0,273,273,C
7-M,572,272,0,0,0,272,A
7-M,573,270,0,0,0,270,A
7-M,574,268,0,0,0,268,A
7-M,575,0,270,0,0,270,T
7-M,576,0,1,270,0,271,G
7-M,577,0,0,268,0,268,G
7-M,578,0,0,0,266,266,C
7-M,579,0,267,0,0,267,T
7-M,580,1,0,266,0,267,G
7-M,581,0,0,268,0,268,G
7-M,582,268,0,0,0,268,A
7-M,583,0,268,0,0,268,T
7-M,584,1,0,0,264,265,C
7-M,585,265,0,0,0,265,A
7-M,586,263,0,0,0,263,A
7-M,587,0,0,266,0,266,G
7-M,588,0,265,0,0,265,T
7-M,589,0,0,265,0,265,G
7-M,590,260,0,0,0,260,A
7-M,591,0,0,262,0,262,G
7-M,592,0,0,0,261,261,C
7-M,593,260,0,0,0,260,A
7-M,594,0,0,263,0,263,G
7-M,595,0,0,262,0,262,G
7-M,596,0,0,0,262,262,C
7-M,597,261,0,0,0,261,A
7-M,598,0,0,264,0,264,G
7-M,599,1,0,0,262,263,C
7-M,600,0,0,263,0,263,G
7-M,601,0,0,263,0,263,G
7-M,602,262,0,0,0,262,A
7-M,603,0,0,268,0,268,G
7-M,604,0,0,270,0,270,G
7-M,605,0,0,0,270,270,C
7-M,606,0,0,0,267,267,C
7-M,607,265,0,0,0,265,A
7-M,608,0,266,0,0,266,T
7-M,609,0,0,269,0,269,G
7-M,610,0,1,269,0,270,G
7-M,611,268,0,1,0,269,A
7-M,612,0,0,269,0,269,G
7-M,613,260,0,0,0,260,A
7-M,614,0,266,0,0,266,T
7-M,615,0,266,0,0,266,T
7-M,616,0,0,267,0,267,G
7-M,617,0,0,0,266,266,C
7-M,618,0,264,0,0,264,T
7-M,619,270,0,0,0,270,A
7-M,620,0,0,270,0,270,G
7-M,621,0,266,0,0,266,T
7-M,622,2,0,1,263,266,C
7-M,623,259,0,0,0,259,A
7-M,624,0,0,260,0,260,G
7-M,625,0,0,260,0,260,G
7-M,626,0,0,0,261,261,C
7-M,627,0,0,0,259,259,C
7-M,628,261,0,0,0,261,A
7-M,629,0,1,265,0,266,G
7-M,630,0,0,265,0,265,G
7-M,631,0,0,0,264,264,C
7-M,632,262,0,2,0,264,A
7-M,633,0,0,259,0,259,G
7-M,634,258,0,1,0,259,A
7-M,635,0,259,0,0,259,T
7-M,636,0,0,263,0,263,G
7-M,637,0,0,270,0,270,G
7-M,638,0,267,0,0,267,T
7-M,639,0,0,267,0,267,G
7-M,640,0,0,0,266,266,C
7-M,641,265,0,1,0,266,A
7-M,642,0,0,271,0,271,G
7-M,643,0,0,269,0,269,G
7-M,644,0,0,0,268,268,C
7-M,645,269,0,0,0,269,A
7-M,646,264,0,0,0,264,A
7-M,647,0,262,0,0,262,T
7-M,648,0,1,260,0,261,G
7-M,649,259,1,0,0,260,A
7-M,650,0,0,262,0,262,G
7-M,651,258,0,0,0,258,A
7-M,652,0,0,262,0,262,G
7-M,653,0,0,0,262,262,C
7-M,654,0,0,0,261,261,C
7-M,655,264,0,0,0,264,A
7-M,656,0,263,0,0,263,T
7-M,657,0,265,0,0,265,T
7-M,658,0,0,263,0,263,G
7-M,659,0,0,261,0,261,G
7-M,660,0,0,264,0,264,G
7-M,661,264,0,0,0,264,A
7-M,662,0,0,0,261,261,C
7-M,663,2,249,0,1,252,T
7-M,664,1,0,0,250,251,C
7-M,665,253,0,0,0,253,A
7-M,666,0,262,0,0,262,T
7-M,667,0,0,0,263,263,C
7-M,668,0,0,0,261,261,C
7-M,669,0,259,0,0,259,T
7-M,670,261,0,0,0,261,A
7-M,671,0,0,271,0,271,G
7-M,672,0,289,0,0,289,T
7-M,673,0,286,1,0,287,T
7-M,674,1,0,1,284,286,C
7-M,675,2,0,0,279,281,C
7-M,676,281,0,0,0,281,A
7-M,677,0,0,284,0,284,G
7-M,678,0,282,0,0,282,T
7-M,679,281,0,0,0,281,A
7-M,680,0,0,0,280,280,C
7-M,681,0,251,0,0,251,T
7-M,682,0,1,256,0,257,G
7-M,683,0,0,262,0,262,G
7-M,684,0,264,0,0,264,T
7-M,685,1,0,0,260,261,C
7-M,686,0,259,0,0,259,T
7-M,687,261,0,0,0,261,A
7-M,688,260,0,0,0,260,A
7-M,689,0,0,263,0,263,G
7-M,690,259,0,1,0,260,A
7-M,691,0,0,254,0,254,G
7-M,692,237,0,0,0,237,A
7-M,693,0,235,0,0,235,T
7-M,694,1,0,234,0,235,G
7-M,695,235,0,0,0,235,A
7-M,696,0,234,0,0,234,T
7-M,697,0,0,0,235,235,C
7-M,698,0,230,0,0,230,T
7-M,699,0,232,0,0,232,T
7-M,700,0,0,0,232,232,C
7-M,701,0,232,0,0,232,T
7-M,702,0,233,0,0,233,T
7-M,703,0,0,233,0,233,G
7-M,704,233,0,0,0,233,A
7-M,705,230,0,1,0,231,A
7-M,706,233,0,0,0,233,A
7-M,707,233,0,0,0,233,A
7-M,708,0,231,0,0,231,T
7-M,709,0,234,0,0,234,T
7-M,710,0,233,0,0,233,T
7-M,711,0,0,233,0,233,G
7-M,712,0,0,0,233,233,C
7-M,713,234,0,0,0,234,A
7-M,714,0,0,234,0,234,G
7-M,715,233,0,1,0,234,A
7-M,716,0,0,0,238,238,C
7-M,717,0,0,0,236,236,C
7-M,718,0,235,0,0,235,T
7-M,719,234,0,0,0,234,A
7-M,720,1,233,0,0,234,T
7-M,721,0,0,0,235,235,C
7-M,722,233,0,0,0,233,A
7-M,723,0,1,235,0,236,G
7-M,724,236,0,0,0,236,A
7-M,725,234,0,0,0,234,A
7-M,726,234,0,0,0,234,A
7-M,727,0,0,0,232,232,C
7-M,728,1,0,231,0,232,G
7-M,729,232,0,0,0,232,A
7-M,730,233,0,0,0,233,A
7-M,731,0,232,0,0,232,T
7-M,732,0,1,231,0,232,G
7-M,733,0,0,235,0,235,G
7-M,734,0,2,232,0,234,G
7-M,735,0,2,231,0,233,G
7-M,736,0,0,238,0,238,G
7-M,737,1,227,0,0,228,T
7-M,738,0,0,231,0,231,G
7-M,739,0,1,0,230,231,C
7-M,740,228,0,1,0,229,A
7-M,741,0,1,227,0,228,G
7-M,742,224,0,0,1,225,A
7-M,743,0,221,0,0,221,T
7-M,744,0,0,222,0,222,G
7-M,745,0,0,0,218,218,C
7-M,746,219,0,0,0,219,A
7-M,747,218,0,0,0,218,A
7-M,748,0,0,0,218,218,C
7-M,749,0,0,214,0,214,G
7-M,750,217,0,0,0,217,A
7-M,751,0,217,0,0,217,T
7-M,752,0,214,0,0,214,T
7-M,753,0,0,0,216,216,C
7-M,754,216,0,0,0,216,A
7-M,755,220,0,0,0,220,A
7-M,756,0,0,220,0,220,G
7-M,757,0,217,0,0,217,T
7-M,758,0,2,211,0,213,G
7-M,759,214,0,0,0,214,A
7-M,760,0,0,0,210,210,C
7-M,761,0,0,0,211,211,C
7-M,762,1,0,0,213,214,C
7-M,763,0,0,216,0,216,G
7-M,764,0,0,0,215,215,C
7-M,765,0,214,0,0,214,T
7-M,766,0,213,0,1,214,T
7-M,767,0,0,214,0,214,G
7-M,768,0,214,0,0,214,T
7-M,769,0,211,0,1,212,T
7-M,770,1,0,213,0,214,G
7-M,771,0,207,0,0,207,T
7-M,772,0,206,0,0,206,T
7-M,773,0,0,206,0,206,G
7-M,774,0,0,0,206,206,C
7-M,775,0,0,0,202,202,C
7-M,776,1,0,205,0,206,G
7-M,777,0,0,0,199,199,C
7-M,778,0,0,203,0,203,G
7-M,779,204,0,0,0,204,A
7-M,780,204,0,0,0,204,A
7-M,781,0,206,0,0,206,T
7-M,782,205,1,0,0,206,A
7-M,783,0,208,0,0,208,T
7-M,784,0,0,0,211,211,C
7-M,785,212,0,0,0,212,A
7-M,786,0,210,0,1,211,T
7-M,787,0,209,0,0,209,T
7-M,788,0,2,208,0,210,G
7-M,789,0,0,209,0,209,G
7-M,790,0,1,207,0,208,G
7-M,791,206,0,0,0,206,A
7-M,792,0,204,0,0,204,T
7-M,793,0,0,0,196,196,C
7-M,794,0,195,0,1,196,T
7-M,795,0,195,0,0,195,T
7-M,796,0,0,200,0,200,G
7-M,797,0,0,0,200,200,C
7-M,798,200,0,0,0,200,A
7-M,799,0,0,0,200,200,C
7-M,800,0,200,0,0,200,T
7-M,801,0,202,0,0,202,T
7-M,802,0,0,201,0,201,G
7-M,803,198,0,0,0,198,A
7-M,804,0,198,0,0,198,T
7-M,805,200,0,0,0,200,A
7-M,806,0,197,0,1,198,T
7-M,807,0,197,0,0,197,T
7-M,808,0,0,196,0,196,G
7-M,809,0,197,0,0,197,T
7-M,810,0,0,196,0,196,G
7-M,811,0,0,197,0,197,G
7-M,812,194,0,0,0,194,A
7-M,813,0,194,0,0,194,T
7-M,814,0,193,0,0,193,T
7-M,815,0,0,0,194,194,C
7-M,816,0,195,0,0,195,T
7-M,817,0,192,0,0,192,T
7-M,818,0,0,192,0,192,G
7-M,819,191,0,0,0,191,A
7-M,820,0,190,0,0,190,T
7-M,821,0,0,0,187,187,C
7-M,822,0,0,185,0,185,G
7-M,823,0,185,0,1,186,T
7-M,824,0,0,0,186,186,C
7-M,825,0,185,0,1,186,T
7-M,826,0,186,0,0,186,T
7-M,827,0,186,0,0,186,T
7-M,828,0,186,0,0,186,T
7-M,829,0,186,0,0,186,T
7-M,830,0,186,0,0,186,T
7-M,831,0,186,0,0,186,T
7-M,832,0,0,0,187,187,C
7-M,833,187,0,0,0,187,A
7-M,834,187,0,0,0,187,A
7-M,835,187,0,0,0,187,A
7-M,836,0,186,0,0,186,T
7-M,837,1,0,185,0,186,G
7-M,838,0,0,0,186,186,C
7-M,839,0,0,187,0,187,G
7-M,840,0,189,0,0,189,T
7-M,841,0,0,0,188,188,C
7-M,842,0,190,0,0,190,T
7-M,843,190,0,0,0,190,A
7-M,844,1,189,0,0,190,T
7-M,845,0,0,0,189,189,C
7-M,846,0,1,188,0,189,G
7-M,847,188,0,0,0,188,A
7-M,848,0,0,0,186,186,C
7-M,849,0,183,0,0,183,T
7-M,850,0,0,0,184,184,C
7-M,851,0,183,0,0,183,T
7-M,852,0,183,0,0,183,T
7-M,853,0,0,0,184,184,C
7-M,854,183,0,1,0,184,A
7-M,855,184,0,0,0,184,A
7-M,856,184,0,0,0,184,A
7-M,857,1,0,0,182,183,C
7-M,858,183,0,0,0,183,A
7-M,859,0,0,0,174,174,C
7-M,860,0,0,170,0,170,G
7-M,861,0,0,174,0,174,G
7-M,862,0,0,0,178,178,C
7-M,863,0,0,0,176,176,C
7-M,864,0,177,0,0,177,T
7-M,865,0,177,0,0,177,T
7-M,866,177,0,0,0,177,A
7-M,867,176,0,0,0,176,A
7-M,868,176,0,0,0,176,A
7-M,869,177,0,0,0,177,A
7-M,870,0,0,174,0,174,G
7-M,871,160,0,0,0,160,A
7-M,872,0,0,161,0,161,G
7-M,873,0,0,159,0,159,G
7-M,874,0,0,0,160,160,C
7-M,875,1,0,0,156,157,C
7-M,876,0,52,0,106,158,C
7-M,877,1,156,0,1,158,T
7-M,878,0,157,0,1,158,T
7-M,879,0,0,0,159,159,C
7-M,880,0,160,0,0,160,T
7-M,881,162,0,0,0,162,A
7-M,882,1,0,1,159,161,C
7-M,883,0,0,159,0,159,G
7-M,884,0,0,159,0,159,G
7-M,885,155,0,0,0,155,A
7-M,886,153,0,0,0,153,A
7-M,887,0,0,151,0,151,G
7-M,888,0,1,150,0,151,G
7-M,889,146,0,0,0,146,A
7-M,890,0,0,146,0,146,G
7-M,891,0,142,0,0,142,T
7-M,892,142,0,0,0,142,A
7-M,893,0,0,0,141,141,C
7-M,894,0,0,0,143,143,C
7-M,895,0,142,0,0,142,T
7-M,896,0,1,141,0,142,G
7-M,897,135,0,0,0,135,A
7-M,898,0,0,137,0,137,G
7-M,899,0,134,0,0,134,T
7-M,900,0,0,0,134,134,C
7-M,901,0,132,0,0,132,T
7-M,902,132,0,0,0,132,A
7-M,903,0,132,0,0,132,T
7-M,904,0,0,131,0,131,G
7-M,905,128,0,0,0,128,A
7-M,906,0,0,130,0,130,G
7-M,907,0,0,121,0,121,G
7-M,908,0,0,122,0,122,G
7-M,909,123,0,0,0,123,A
7-M,910,123,0,0,0,123,A
7-M,911,0,0,123,0,123,G
7-M,912,122,0,0,0,122,A
7-M,913,124,0,0,0,124,A
7-M,914,0,121,0,0,121,T
7-M,915,120,0,0,0,120,A
7-M,916,0,119,0,1,120,T
7-M,917,0,3,0,114,117,C
7-M,918,0,0,119,0,119,G
7-M,919,118,0,0,0,118,A
7-M,920,115,0,0,0,115,A
7-M,921,116,0,0,0,116,A
7-M,922,0,0,116,0,116,G
7-M,923,0,0,117,0,117,G
7-M,924,117,0,0,0,117,A
7-M,925,115,1,0,0,116,A
7-M,926,0,0,0,116,116,C
7-M,927,115,0,1,0,116,A
7-M,928,0,0,117,0,117,G
7-M,929,0,0,0,117,117,C
7-M,930,115,0,0,0,115,A
7-M,931,0,0,115,0,115,G
7-M,932,112,0,0,0,112,A
7-M,933,112,0,0,0,112,A
7-M,934,0,110,0,0,110,T
7-M,935,0,0,106,0,106,G
7-M,936,0,0,0,106,106,C
7-M,937,0,96,0,0,96,T
7-M,938,0,0,96,0,96,G
7-M,939,0,96,0,0,96,T
7-M,940,0,0,96,0,96,G
7-M,941,0,0,96,0,96,G
7-M,942,93,0,0,0,93,A
7-M,943,0,94,0,0,94,T
7-M,944,0,0,89,0,89,G
7-M,945,0,0,0,87,87,C
7-M,946,0,83,0,0,83,T
7-M,947,0,0,84,0,84,G
7-M,948,83,0,0,0,83,A
7-M,949,0,0,0,83,83,C
7-M,950,0,0,81,0,81,G
7-M,951,81,0,0,0,81,A
7-M,952,0,0,0,82,82,C
7-M,953,78,0,0,0,78,A
7-M,954,0,0,78,0,78,G
7-M,955,0,78,0,0,78,T
7-M,956,0,0,0,75,75,C
7-M,957,75,0,0,0,75,A
7-M,958,0,75,0,0,75,T
7-M,959,0,75,0,0,75,T
7-M,960,0,74,0,0,74,T
7-M,961,0,74,0,0,74,T
7-M,962,0,0,74,0,74,G
7-M,963,0,74,0,0,74,T
7-M,964,0,0,0,74,74,C
7-M,965,69,0,0,0,69,A
7-M,966,0,0,69,0,69,G
7-M,967,0,0,0,68,68,C
7-M,968,68,0,0,0,68,A
7-M,969,0,68,0,0,68,T
7-M,970,64,0,1,0,65,A
7-M,971,0,0,65,0,65,G
7-M,972,65,0,0,0,65,A
7-M,973,1,0,63,0,64,G
7-M,974,0,0,0,46,46,C
7-M,975,0,46,0,0,46,T
7-M,976,0,0,46,0,46,G
7-M,977,0,0,46,0,46,G
7-M,978,46,0,0,0,46,A
7-M,979,0,0,46,0,46,G
7-M,980,0,28,0,0,28,T
7-M,981,26,0,0,0,26,A
7-M,982,24,0,0,0,24,A
8-NS,1,223,0,0,0,223,A
8-NS,2,0,225,0,0,225,T
8-NS,3,0,0,241,0,241,G
8-NS,4,0,1,256,0,257,G
8-NS,5,275,0,0,0,275,A
8-NS,6,0,582,0,0,582,T
8-NS,7,0,584,0,0,584,T
8-NS,8,0,1,0,608,609,C
8-NS,9,0,0,0,610,610,C
8-NS,10,609,0,1,0,610,A
8-NS,11,616,0,1,0,617,A
8-NS,12,0,0,0,618,618,C
8-NS,13,623,0,0,0,623,A
8-NS,14,0,0,0,628,628,C
8-NS,15,0,628,0,0,628,T
8-NS,16,0,1,694,0,695,G
8-NS,17,0,692,1,3,696,T
8-NS,18,0,0,701,0,701,G
8-NS,19,0,704,0,0,704,T
8-NS,20,0,0,0,704,704,C
8-NS,21,705,0,1,0,706,A
8-NS,22,705,0,0,0,705,A
8-NS,23,0,0,713,0,713,G
8-NS,24,0,727,1,0,728,T
8-NS,25,1,727,1,1,730,T
8-NS,26,0,740,0,0,740,T
8-NS,27,0,1,0,739,740,C
8-NS,28,1,0,0,741,742,C
8-NS,29,741,0,1,0,742,A
8-NS,30,0,0,751,0,751,G
8-NS,31,0,0,755,0,755,G
8-NS,32,1,754,0,0,755,T
8-NS,33,760,0,1,0,761,A
8-NS,34,0,0,768,0,768,G
8-NS,35,767,0,0,0,767,A
8-NS,36,0,768,0,1,769,T
8-NS,37,0,771,0,0,771,T
8-NS,38,0,0,790,0,790,G
8-NS,39,0,0,0,789,789,C
8-NS,40,0,789,0,0,789,T
8-NS,41,0,795,0,0,795,T
8-NS,42,0,796,0,1,797,T
8-NS,43,1,0,0,807,808,C
8-NS,44,0,810,0,0,810,T
8-NS,45,0,810,0,1,811,T
8-NS,46,0,811,0,0,811,T
8-NS,47,1,1,813,0,815,G
8-NS,48,0,0,813,0,813,G
8-NS,49,0,1,0,815,816,C
8-NS,50,816,0,0,0,816,A
8-NS,51,0,817,0,0,817,T
8-NS,52,824,0,0,0,824,A
8-NS,53,0,845,0,0,845,T
8-NS,54,1,0,0,845,846,C
8-NS,55,1,0,0,842,843,C
8-NS,56,0,1,843,0,844,G
8-NS,57,0,1,852,0,853,G
8-NS,58,853,0,0,0,853,A
8-NS,59,853,0,1,0,854,A
8-NS,60,859,0,0,0,859,A
8-NS,61,1,0,0,873,874,C
8-NS,62,870,1,1,0,872,A
8-NS,63,872,0,2,0,874,A
8-NS,64,0,0,917,0,917,G
8-NS,65,0,923,0,0,923,T
8-NS,66,0,919,0,0,919,T
8-NS,67,0,1,921,0,922,G
8-NS,68,0,921,0,0,921,T
8-NS,69,917,0,6,0,923,A
8-NS,70,1,0,925,0,926,G
8-NS,71,931,0,1,0,932,A
8-NS,72,1,0,0,943,944,C
8-NS,73,1,0,0,938,939,C
8-NS,74,939,0,0,0,939,A
8-NS,75,962,0,0,0,962,A
8-NS,76,0,1,997,0,998,G
8-NS,77,997,0,0,0,997,A
8-NS,78,999,0,0,0,999,A
8-NS,79,984,0,0,0,984,A
8-NS,80,0,999,0,2,1001,T
8-NS,81,0,1,1001,0,1002,G
8-NS,82,1004,0,1,0,1005,A
8-NS,83,0,1,1023,0,1024,G
8-NS,84,1,1018,0,1,1020,T
8-NS,85,1,0,1007,0,1008,G
8-NS,86,1020,0,0,0,1020,A
8-NS,87,1,1019,0,0,1020,T
8-NS,88,1,0,1047,0,1048,G
8-NS,89,0,1,0,1063,1064,C
8-NS,90,0,1,0,1069,1070,C
8-NS,91,3,1,0,1070,1074,C
8-NS,92,1,0,0,1072,1073,C
8-NS,93,1084,0,0,0,1084,A
8-NS,94,0,1108,0,0,1108,T
8-NS,95,1,1127,0,0,1128,T
8-NS,96,2,0,0,1142,1144,C
8-NS,97,1,0,0,1139,1140,C
8-NS,98,0,1145,0,0,1145,T
8-NS,99,0,1137,0,1,1138,T
8-NS,100,0,2,1143,0,1145,G
8-NS,101,1144,0,0,0,1144,A
8-NS,102,0,1148,0,1,1149,T
8-NS,103,1,0,0,1138,1139,C
8-NS,104,1,0,1134,0,1135,G
8-NS,105,0,0,1146,0,1146,G
8-NS,106,0,0,0,1146,1146,C
8-NS,107,1,1143,0,0,1144,T
8-NS,108,0,1151,0,0,1151,T
8-NS,109,0,0,0,1150,1150,C
8-NS,110,0,0,1153,0,1153,G
8-NS,111,0,0,0,1153,1153,C
8-NS,112,0,0,0,1152,1152,C
8-NS,113,0,0,1156,0,1156,G
8-NS,114,1145,0,0,0,1145,A
8-NS,115,0,1,1197,0,1198,G
8-NS,116,1197,0,0,0,1197,A
8-NS,117,0,1201,0,0,1201,T
8-NS,118,1,2,0,1199,1202,C
8-NS,119,1199,0,1,0,1200,A
8-NS,120,0,1,1206,0,1207,G
8-NS,121,1202,0,1,0,1203,A
8-NS,122,0,2,1210,0,1212,G
8-NS,123,0,0,1221,0,1221,G
8-NS,124,0,1220,0,0,1220,T
8-NS,125,0,0,0,1297,1297,C
8-NS,126,1,1,1,1302,1305,C
8-NS,127,3,0,0,1308,1311,C
8-NS,128,0,1311,0,0,1311,T
8-NS,129,1320,0,0,0,1320,A
8-NS,130,1319,0,1,0,1320,A
8-NS,131,0,3,1339,0,1342,G
8-NS,132,0,8,1343,0,1351,G
8-NS,133,2,1,1340,0,1343,G
8-NS,134,0,2,1324,0,1326,G
8-NS,135,1320,0,0,0,1320,A
8-NS,136,1321,1,1,0,1323,A
8-NS,137,0,1,1330,0,1331,G
8-NS,138,1347,1,3,0,1351,A
8-NS,139,0,0,1356,0,1356,G
8-NS,140,0,1,1359,0,1360,G
8-NS,141,0,0,0,1365,1365,C
8-NS,142,1357,1,0,0,1358,A
8-NS,143,1365,0,0,0,1365,A
8-NS,144,0,1366,0,0,1366,T
8-NS,145,1383,1,1,0,1385,A
8-NS,146,0,0,0,1407,1407,C
8-NS,147,0,1375,0,1,1376,T
8-NS,148,2,0,0,1370,1372,C
8-NS,149,0,1363,0,0,1363,T
8-NS,150,2,0,0,1370,1372,C
8-NS,151,0,1,1383,1,1385,G
8-NS,152,0,0,1454,1,1455,G
8-NS,153,0,1457,0,0,1457,T
8-NS,154,0,0,0,1458,1458,C
8-NS,155,1,1456,0,1,1458,T
8-NS,156,1466,0,1,1,1468,A
8-NS,157,0,1,1469,0,1470,G
8-NS,158,1463,0,1,0,1464,A
8-NS,159,1,0,0,1491,1492,C
8-NS,160,1472,1,0,0,1473,A
8-NS,161,0,1456,0,0,1456,T
8-NS,162,0,1,0,1458,1459,C
8-NS,163,1453,0,0,0,1453,A
8-NS,164,1449,0,1,0,1450,A
8-NS,165,1431,0,14,0,1445,A
8-NS,166,1,1,1450,0,1452,G
8-NS,167,1,0,0,1450,1451,C
8-NS,168,1440,0,1,1,1442,A
8-NS,169,0,1,1452,1,1454,G
8-NS,170,1,2,0,1453,1456,C
8-NS,171,1,0,0,1453,1454,C
8-NS,172,1466,0,0,0,1466,A
8-NS,173,1,1,0,1486,1488,C
8-NS,174,1,0,0,1489,1490,C
8-NS,175,5,0,1,1487,1493,C
8-NS,176,1523,0,0,1,1524,A
8-NS,177,0,1532,0,0,1532,T
8-NS,178,0,0,1534,0,1534,G
8-NS,179,0,1532,0,1,1533,T
8-NS,180,0,1520,0,4,1524,T
8-NS,181,0,0,1521,0,1521,G
8-NS,182,0,0,1521,0,1521,G
8-NS,183,1513,0,3,0,1516,A
8-NS,184,1512,1,0,1,1514,A
8-NS,185,1499,0,0,0,1499,A
8-NS,186,1,0,1504,1,1506,G
8-NS,187,0,0,0,1504,1504,C
8-NS,188,1502,0,1,0,1503,A
8-NS,189,1501,0,0,0,1501,A
8-NS,190,1497,0,1,0,1498,A
8-NS,191,0,1510,0,0,1510,T
8-NS,192,0,1508,0,0,1508,T
8-NS,193,1,1,1531,0,1533,G
8-NS,194,0,1534,0,1,1535,T
8-NS,195,1530,0,1,0,1531,A
8-NS,196,0,0,1527,0,1527,G
8-NS,197,1528,0,1,0,1529,A
8-NS,198,1527,0,0,0,1527,A
8-NS,199,1525,0,3,0,1528,A
8-NS,200,1524,0,4,0,1528,A
8-NS,201,0,2,1533,0,1535,G
8-NS,202,1519,1,0,0,1520,A
8-NS,203,0,1517,0,0,1517,T
8-NS,204,0,1517,0,0,1517,T
8-NS,205,0,1,0,1522,1523,C
8-NS,206,0,1520,0,1,1521,T
8-NS,207,1,2,1525,0,1528,G
8-NS,208,1526,1,0,0,1527,A
8-NS,209,1518,0,2,0,1520,A
8-NS,210,1524,0,1,0,1525,A
8-NS,211,1,1,1528,0,1530,G
8-NS,212,1526,0,1,0,1527,A
8-NS,213,1529,0,0,0,1529,A
8-NS,214,0,2,1537,0,1539,G
8-NS,215,1557,0,0,0,1557,A
8-NS,216,1553,0,0,0,1553,A
8-NS,217,1,1554,0,1,1556,T
8-NS,218,2,0,1,1565,1568,C
8-NS,219,1,1572,0,0,1573,T
8-NS,220,0,1,1578,0,1579,G
8-NS,221,1579,0,2,0,1581,A
8-NS,222,0,1583,0,0,1583,T
8-NS,223,0,2,1579,0,1581,G
8-NS,224,1554,0,2,0,1556,A
8-NS,225,0,2,1546,0,1548,G
8-NS,226,0,0,1548,0,1548,G
8-NS,227,0,1,0,1547,1548,C
8-NS,228,1550,0,0,0,1550,A
8-NS,229,0,0,0,1577,1577,C
8-NS,230,0,1574,0,0,1574,T
8-NS,231,0,1585,0,1,1586,T
8-NS,232,1590,0,0,1,1591,A
8-NS,233,1594,0,3,0,1597,A
8-NS,234,1593,0,1,0,1594,A
8-NS,235,1594,0,1,1,1596,A
8-NS,236,0,1602,0,0,1602,T
8-NS,237,1,1,1603,0,1605,G
8-NS,238,1606,1,1,0,1608,A
8-NS,239,0,0,0,1611,1611,C
8-NS,240,1,0,0,1609,1610,C
8-NS,241,1609,0,0,0,1609,A
8-NS,242,0,1608,0,1,1609,T
8-NS,243,0,6,1641,0,1647,G
8-NS,244,0,0,1662,0,1662,G
8-NS,245,0,1684,0,0,1684,T
8-NS,246,0,0,0,1771,1771,C
8-NS,247,1,1749,0,6,1756,T
8-NS,248,1,0,0,1786,1787,C
8-NS,249,2,1,0,1788,1791,C
8-NS,250,1794,0,2,0,1796,A
8-NS,251,1,0,0,1816,1817,C
8-NS,252,1787,0,3,0,1790,A
8-NS,253,0,0,0,1794,1794,C
8-NS,254,0,0,0,1783,1783,C
8-NS,255,0,1741,0,2,1743,T
8-NS,256,1,1,1751,0,1753,G
8-NS,257,0,0,0,1738,1738,C
8-NS,258,0,1725,0,0,1725,T
8-NS,259,0,1742,0,0,1742,T
8-NS,260,0,0,0,1740,1740,C
8-NS,261,1,0,1746,0,1747,G
8-NS,262,0,1,0,1745,1746,C
8-NS,263,1,2,1742,0,1745,G
8-NS,264,1819,0,3,0,1822,A
8-NS,265,0,1816,0,1,1817,T
8-NS,266,1883,0,2,0,1885,A
8-NS,267,0,1,0,1886,1887,C
8-NS,268,1884,0,1,0,1885,A
8-NS,269,0,1952,0,0,1952,T
8-NS,270,1939,0,0,0,1939,A
8-NS,271,1943,1,0,0,1944,A
8-NS,272,0,0,0,1951,1951,C
8-NS,273,0,1903,0,7,1910,T
8-NS,274,0,1,1933,0,1934,G
8-NS,275,1905,1,2,0,1908,A
8-NS,276,0,0,1,1922,1923,C
8-NS,277,1926,0,0,0,1926,A
8-NS,278,1,1915,0,0,1916,T
8-NS,279,0,2,1918,0,1920,G
8-NS,280,1914,0,1,0,1915,A
8-NS,281,1,0,0,1960,1961,C
8-NS,282,1,1954,0,0,1955,T
8-NS,283,1977,0,1,0,1978,A
8-NS,284,0,1974,1,0,1975,T
8-NS,285,0,1970,0,0,1970,T
8-NS,286,1,0,1977,0,1978,G
8-NS,287,1972,0,1,0,1973,A
8-NS,288,1,3,1967,1,1972,G
8-NS,289,2,1,1971,0,1974,G
8-NS,290,1921,0,1,0,1922,A
8-NS,291,1927,1,1,0,1929,A
8-NS,292,0,1890,0,1,1891,T
8-NS,293,0,1892,0,0,1892,T
8-NS,294,1,0,1927,0,1928,G
8-NS,295,0,1926,0,1,1927,T
8-NS,296,1,0,0,1925,1926,C
8-NS,297,1925,0,1,0,1926,A
8-NS,298,1924,1,1,0,1926,A
8-NS,299,1,2,1928,0,1931,G
8-NS,300,1930,1,0,0,1931,A
8-NS,301,1936,1,0,0,1937,A
8-NS,302,1936,0,1,0,1937,A
8-NS,303,1,0,0,1926,1927,C
8-NS,304,0,1904,0,0,1904,T
8-NS,305,0,3,1923,0,1926,G
8-NS,306,2,0,1959,1,1962,G
8-NS,307,0,1959,0,1,1960,T
8-NS,308,0,1959,0,0,1959,T
8-NS,309,2,0,0,1952,1954,C
8-NS,310,1962,0,1,0,1963,A
8-NS,311,0,1987,0,2,1989,T
8-NS,312,0,0,2003,0,2003,G
8-NS,313,0,0,0,2016,2016,C
8-NS,314,0,1994,0,0,1994,T
8-NS,315,1972,0,2,0,1974,A
8-NS,316,1975,0,2,0,1977,A
8-NS,317,0,1987,0,0,1987,T
8-NS,318,0,1,1984,0,1985,G
8-NS,319,1,1,0,1980,1982,C
8-NS,320,0,1,0,1963,1964,C
8-NS,321,10,0,0,1954,1964,C
8-NS,322,1959,2,3,0,1964,A
8-NS,323,1975,0,0,0,1975,A
8-NS,324,0,2,1977,0,1979,G
8-NS,325,1,0,0,1984,1985,C
8-NS,326,1977,0,1,0,1978,A
8-NS,327,0,0,1987,0,1987,G
8-NS,328,1974,0,4,0,1978,A
8-NS,329,1985,0,1,1,1987,A
8-NS,330,1981,1,1,0,1983,A
8-NS,331,0,0,2014,0,2014,G
8-NS,332,1,2003,0,0,2004,T
8-NS,333,0,4,1990,0,1994,G
8-NS,334,0,0,1999,0,1999,G
8-NS,335,2003,0,0,0,2003,A
8-NS,336,1994,0,1,0,1995,A
8-NS,337,1,5,1982,0,1988,G
8-NS,338,0,0,2001,0,2001,G
8-NS,339,2002,0,1,0,2003,A
8-NS,340,1,1,1,2000,2003,C
8-NS,341,2,0,0,1994,1996,C
8-NS,342,2,1998,0,1,2001,T
8-NS,343,2,0,0,2090,2092,C
8-NS,344,0,2086,0,2,2088,T
8-NS,345,0,2084,0,0,2084,T
8-NS,346,0,2089,0,1,2090,T
8-NS,347,2034,1,2,1,2038,A
8-NS,348,0,0,0,2090,2090,C
8-NS,349,2090,0,0,0,2090,A
8-NS,350,0,2088,0,2,2090,T
8-NS,351,1,4,0,2087,2092,C
8-NS,352,2045,0,0,1,2046,A
8-NS,353,0,0,2089,0,2089,G
8-NS,354,2082,0,0,2,2084,A
8-NS,355,2085,0,0,0,2085,A
8-NS,356,1,2079,0,0,2080,T
8-NS,357,1,3,2066,0,2070,G
8-NS,358,3,0,2089,0,2092,G
8-NS,359,2087,0,2,0,2089,A
8-NS,360,0,0,0,2085,2085,C
8-NS,361,2,0,0,2057,2059,C
8-NS,362,2009,2,0,0,2011,A
8-NS,363,0,2,2034,0,2036,G
8-NS,364,1,0,2025,0,2026,G
8-NS,365,1,2,0,2031,2034,C
8-NS,366,2012,0,0,1,2013,A
8-NS,367,2020,0,0,0,2020,A
8-NS,368,1,2013,0,1,2015,T
8-NS,369,1,0,0,2019,2020,C
8-NS,370,2012,0,3,0,2015,A
8-NS,371,1,2003,0,0,2004,T
8-NS,372,0,3,1991,1,1995,G
8-NS,373,1,0,2002,0,2003,G
8-NS,374,2006,0,0,0,2006,A
8-NS,375,0,0,2018,0,2018,G
8-NS,376,2003,1,0,0,2004,A
8-NS,377,2002,0,0,0,2002,A
8-NS,378,2008,0,2,0,2010,A
8-NS,379,2000,0,1,1,2002,A
8-NS,380,2013,0,1,0,2014,A
8-NS,381,0,0,0,2013,2013,C
8-NS,382,2003,0,0,0,2003,A
8-NS,383,1,1997,0,0,1998,T
8-NS,384,3,0,0,1973,1976,C
8-NS,385,1974,0,1,0,1975,A
8-NS,386,0,0,0,1971,1971,C
8-NS,387,0,0,1982,0,1982,G
8-NS,388,1,1979,0,2,1982,T
8-NS,389,0,1977,0,0,1977,T
8-NS,390,0,1,1983,0,1984,G
8-NS,391,1978,0,0,0,1978,A
8-NS,392,1974,0,8,0,1982,A
8-NS,393,1984,1,1,0,1986,A
8-NS,394,0,2,1983,0,1985,G
8-NS,395,0,2,0,1974,1976,C
8-NS,396,1,1,1978,0,1980,G
8-NS,397,1981,0,0,0,1981,A
8-NS,398,1987,0,0,0,1987,A
8-NS,399,0,1975,0,0,1975,T
8-NS,400,0,1975,1,1,1977,T
8-NS,401,0,1982,1,1,1984,T
8-NS,402,0,0,1,1987,1988,C
8-NS,403,1964,0,2,0,1966,A
8-NS,404,0,2,1968,0,1970,G
8-NS,405,1,1960,1,2,1964,T
8-NS,406,1,1,1956,0,1958,G
8-NS,407,3,1950,1,2,1956,T
8-NS,408,0,1,1961,0,1962,G
8-NS,409,1980,0,1,0,1981,A
8-NS,410,0,1969,0,0,1969,T
8-NS,411,0,1974,1,0,1975,T
8-NS,412,0,1971,0,1,1972,T
8-NS,413,1,1977,0,0,1978,T
8-NS,414,0,1976,2,0,1978,T
8-NS,415,1,1,1966,0,1968,G
8-NS,416,1974,2,3,0,1979,A
8-NS,417,0,0,0,1976,1976,C
8-NS,418,2,0,0,1960,1962,C
8-NS,419,0,1,1974,0,1975,G
8-NS,420,2092,0,0,1,2093,A
8-NS,421,1,0,0,2134,2135,C
8-NS,422,0,2134,1,1,2136,T
8-NS,423,2142,0,3,0,2145,A
8-NS,424,1,1,2144,1,2147,G
8-NS,425,2145,0,0,0,2145,A
8-NS,426,0,2,2158,0,2160,G
8-NS,427,2158,0,0,0,2158,A
8-NS,428,2,0,0,2203,2205,C
8-NS,429,3,0,0,2116,2119,C
8-NS,430,2045,0,3,1,2049,A
8-NS,431,1,2144,1,0,2146,T
8-NS,432,2135,0,3,0,2138,A
8-NS,433,1,2,2267,0,2270,G
8-NS,434,0,2253,0,1,2254,T
8-NS,435,2238,0,0,0,2238,A
8-NS,436,0,2237,0,2,2239,T
8-NS,437,0,2178,0,1,2179,T
8-NS,438,2246,0,1,0,2247,A
8-NS,439,0,0,0,2245,2245,C
8-NS,440,0,2161,0,1,2162,T
8-NS,441,2156,1,1,0,2158,A
8-NS,442,2004,0,0,0,2004,A
8-NS,443,0,3,2005,1,2009,G
8-NS,444,0,4,1988,0,1992,G
8-NS,445,0,0,1997,0,1997,G
8-NS,446,0,0,1,1975,1976,C
8-NS,447,0,1947,0,3,1950,T
8-NS,448,1,1945,0,0,1946,T
8-NS,449,0,1971,0,2,1973,T
8-NS,450,1,0,0,1979,1980,C
8-NS,451,2001,1,0,0,2002,A
8-NS,452,2,1,0,2006,2009,C
8-NS,453,2,0,0,1992,1994,C
8-NS,454,0,0,1994,0,1994,G
8-NS,455,1992,0,0,0,1992,A
8-NS,456,1990,0,1,0,1991,A
8-NS,457,0,4,1991,0,1995,G
8-NS,458,1964,1,2,0,1967,A
8-NS,459,1,7,1965,1,1974,G
8-NS,460,1,1,1936,0,1938,G
8-NS,461,1,4,1944,0,1949,G
8-NS,462,1939,0,0,0,1939,A
8-NS,463,0,0,1947,0,1947,G
8-NS,464,0,1,0,1942,1943,C
8-NS,465,1939,0,1,0,1940,A
8-NS,466,1939,1,1,0,1941,A
8-NS,467,0,1940,0,1,1941,T
8-NS,468,0,1929,0,0,1929,T
8-NS,469,1,2,1926,0,1929,G
8-NS,470,0,1913,0,1,1914,T
8-NS,471,0,1909,0,1,1910,T
8-NS,472,0,0,1912,1,1913,G
8-NS,473,0,1,1912,0,1913,G
8-NS,474,1,1,0,1917,1919,C
8-NS,475,1,2,1912,1,1916,G
8-NS,476,1922,0,1,0,1923,A
8-NS,477,1922,1,1,0,1924,A
8-NS,478,1933,0,0,0,1933,A
8-NS,479,1,1942,0,0,1943,T
8-NS,480,3,0,0,1943,1946,C
8-NS,481,1,1934,0,0,1935,T
8-NS,482,0,0,0,1937,1937,C
8-NS,483,1941,1,1,0,1943,A
8-NS,484,1,0,0,1942,1943,C
8-NS,485,3,0,1,1938,1942,C
8-NS,486,1922,0,1,0,1923,A
8-NS,487,0,1924,0,1,1925,T
8-NS,488,0,1909,0,1,1910,T
8-NS,489,2,0,1906,0,1908,G
8-NS,490,1,0,0,1906,1907,C
8-NS,491,4,1,0,1898,1903,C
8-NS,492,0,1890,0,24,1914,T
8-NS,493,0,1912,0,1,1913,T
8-NS,494,0,0,0,1921,1921,C
8-NS,495,0,1919,0,2,1921,T
8-NS,496,0,1924,0,0,1924,T
8-NS,497,1,1954,1,0,1956,T
8-NS,498,0,1945,0,0,1945,T
8-NS,499,1,0,0,1946,1947,C
8-NS,500,0,2,0,1940,1942,C
8-NS,501,1933,1,2,0,1936,A
8-NS,502,0,4,1957,0,1961,G
8-NS,503,0,0,1950,0,1950,G
8-NS,504,1981,1,0,0,1982,A
8-NS,505,0,0,0,1985,1985,C
8-NS,506,1994,1,2,0,1997,A
8-NS,507,0,2003,1,0,2004,T
8-NS,508,2006,0,0,0,2006,A
8-NS,509,2,0,1,2130,2133,C
8-NS,510,1,2129,0,0,2130,T
8-NS,511,2103,0,1,0,2104,A
8-NS,512,1,2090,0,5,2096,T
8-NS,513,0,2041,0,1,2042,T
8-NS,514,1,5,2032,0,2038,G
8-NS,515,1969,0,1,0,1970,A
8-NS,516,0,0,1968,0,1968,G
8-NS,517,0,2,1954,0,1956,G
8-NS,518,1798,1,0,0,1799,A
8-NS,519,0,1793,0,0,1793,T
8-NS,520,0,1,1785,0,1786,G
8-NS,521,1,1772,0,1,1774,T
8-NS,522,5,0,0,1773,1778,C
8-NS,523,1780,0,0,0,1780,A
8-NS,524,1783,0,0,0,1783,A
8-NS,525,1781,0,1,0,1782,A
8-NS,526,1774,0,0,0,1774,A
8-NS,527,1782,0,0,0,1782,A
8-NS,528,0,1772,0,2,1774,T
8-NS,529,0,1,1773,0,1774,G
8-NS,530,2,1,0,1787,1790,C
8-NS,531,1784,0,1,0,1785,A
8-NS,532,1797,0,1,0,1798,A
8-NS,533,0,1803,0,0,1803,T
8-NS,534,0,1800,0,0,1800,T
8-NS,535,0,1,1800,0,1801,G
8-NS,536,2,5,1778,0,1785,G
8-NS,537,0,3,1785,0,1788,G
8-NS,538,0,0,1798,0,1798,G
8-NS,539,0,1777,0,1,1778,T
8-NS,540,3,0,1,1785,1789,C
8-NS,541,2,0,1,1787,1790,C
8-NS,542,0,1781,0,2,1783,T
8-NS,543,0,0,0,1798,1798,C
8-NS,544,1793,0,0,0,1793,A
8-NS,545,0,1789,0,0,1789,T
8-NS,546,6,0,0,1786,1792,C
8-NS,547,2,2,1770,0,1774,G
8-NS,548,0,0,1778,0,1778,G
8-NS,549,1750,2,2,0,1754,A
8-NS,550,0,1,1746,0,1747,G
8-NS,551,0,1,1749,0,1750,G
8-NS,552,1735,1,0,0,1736,A
8-NS,553,0,0,0,1740,1740,C
8-NS,554,0,1730,1,3,1734,T
8-NS,555,0,1731,0,0,1731,T
8-NS,556,1,0,1738,0,1739,G
8-NS,557,1731,0,2,1,1734,A
8-NS,558,1738,0,0,0,1738,A
8-NS,559,1,1724,0,0,1725,T
8-NS,560,0,2,1698,0,1700,G
8-NS,561,1,1,1717,0,1719,G
8-NS,562,1693,0,0,0,1693,A
8-NS,563,1704,0,0,0,1704,A
8-NS,564,0,1767,0,0,1767,T
8-NS,565,0,1,1774,0,1775,G
8-NS,566,1778,0,1,0,1779,A
8-NS,567,0,1777,0,0,1777,T
8-NS,568,1774,0,1,0,1775,A
8-NS,569,1782,0,0,1,1783,A
8-NS,570,0,1,0,1768,1769,C
8-NS,571,1743,0,0,0,1743,A
8-NS,572,2,0,0,1750,1752,C
8-NS,573,1626,0,1,0,1627,A
8-NS,574,0,0,1649,0,1649,G
8-NS,575,0,1637,0,1,1638,T
8-NS,576,0,1635,0,2,1637,T
8-NS,577,2,0,0,1637,1639,C
8-NS,578,1,0,1618,0,1619,G
8-NS,579,1617,0,1,0,1618,A
8-NS,580,0,0,1616,0,1616,G
8-NS,581,0,1591,0,2,1593,T
8-NS,582,3,0,0,1598,1601,C
8-NS,583,0,1560,0,1,1561,T
8-NS,584,2,1,0,1569,1572,C
8-NS,585,0,1574,0,0,1574,T
8-NS,586,1578,0,0,0,1578,A
8-NS,587,1577,0,0,0,1577,A
8-NS,588,1576,0,0,0,1576,A
8-NS,589,1583,0,1,0,1584,A
8-NS,590,1581,0,0,0,1581,A
8-NS,591,1,1564,0,0,1565,T
8-NS,592,0,0,0,1582,1582,C
8-NS,593,0,1574,0,0,1574,T
8-NS,594,1582,1,0,0,1583,A
8-NS,595,2,0,0,1578,1580,C
8-NS,596,1579,1,0,0,1580,A
8-NS,597,0,2,1582,0,1584,G
8-NS,598,1552,1,2,0,1555,A
8-NS,599,1,1,1556,0,1558,G
8-NS,600,1551,0,0,0,1551,A
8-NS,601,0,1531,0,3,1534,T
8-NS,602,0,1527,0,0,1527,T
8-NS,603,1,0,0,1529,1530,C
8-NS,604,2,0,1537,0,1539,G
8-NS,605,0,0,0,1532,1532,C
8-NS,606,0,1527,0,3,1530,T
8-NS,607,0,1528,0,2,1530,T
8-NS,608,1,1,1520,0,1522,G
8-NS,609,1,0,1528,0,1529,G
8-NS,610,1523,1,2,0,1526,A
8-NS,611,0,0,1530,0,1530,G
8-NS,612,1508,0,1,0,1509,A
8-NS,613,1494,0,1,0,1495,A
8-NS,614,0,0,1515,0,1515,G
8-NS,615,0,0,0,1515,1515,C
8-NS,616,1511,0,0,0,1511,A
8-NS,617,0,2,1535,1,1538,G
8-NS,618,2,1521,0,0,1523,T
8-NS,619,1526,0,0,0,1526,A
8-NS,620,1524,0,1,0,1525,A
8-NS,621,0,1519,0,2,1521,T
8-NS,622,0,1,1525,0,1526,G
8-NS,623,1453,0,0,0,1453,A
8-NS,624,0,0,1473,1,1474,G
8-NS,625,1462,1,0,0,1463,A
8-NS,626,1423,0,0,0,1423,A
8-NS,627,1,1422,0,0,1423,T
8-NS,628,0,3,1390,0,1393,G
8-NS,629,0,1,1397,0,1398,G
8-NS,630,1,6,1386,0,1393,G
8-NS,631,1,0,1390,0,1391,G
8-NS,632,0,2,1385,0,1387,G
8-NS,633,1359,0,2,0,1361,A
8-NS,634,2,1,0,1358,1361,C
8-NS,635,1,1,0,1363,1365,C
8-NS,636,0,1344,0,3,1347,T
8-NS,637,3,0,0,1348,1351,C
8-NS,638,2,1,0,1344,1347,C
8-NS,639,1349,0,1,1,1351,A
8-NS,640,0,0,0,1350,1350,C
8-NS,641,0,1328,0,0,1328,T
8-NS,642,0,1313,0,1,1314,T
8-NS,643,1274,0,1,0,1275,A
8-NS,644,0,3,0,1287,1290,C
8-NS,645,1,1282,0,0,1283,T
8-NS,646,0,0,0,1275,1275,C
8-NS,647,3,0,0,1259,1262,C
8-NS,648,1254,0,0,0,1254,A
8-NS,649,1257,0,0,0,1257,A
8-NS,650,1258,0,0,0,1258,A
8-NS,651,1216,0,35,0,1251,A
8-NS,652,0,0,0,1255,1255,C
8-NS,653,1223,0,0,0,1223,A
8-NS,654,0,0,1229,0,1229,G
8-NS,655,1226,0,0,0,1226,A
8-NS,656,1218,0,1,0,1219,A
8-NS,657,1224,1,0,0,1225,A
8-NS,658,1,2,0,1216,1219,C
8-NS,659,0,4,1217,0,1221,G
8-NS,660,0,1,1220,0,1221,G
8-NS,661,1,0,1214,0,1215,G
8-NS,662,1217,1,1,0,1219,A
8-NS,663,1206,1,0,0,1207,A
8-NS,664,1211,0,1,0,1212,A
8-NS,665,0,1205,0,0,1205,T
8-NS,666,0,1,1215,0,1216,G
8-NS,667,1,0,1211,0,1212,G
8-NS,668,1,1,0,1211,1213,C
8-NS,669,1,2,1203,0,1206,G
8-NS,670,1209,1,0,0,1210,A
8-NS,671,0,1,1217,0,1218,G
8-NS,672,1216,0,0,0,1216,A
8-NS,673,1215,0,0,0,1215,A
8-NS,674,2,0,0,1223,1225,C
8-NS,675,1201,0,1,0,1202,A
8-NS,676,0,0,1202,0,1202,G
8-NS,677,0,0,0,1198,1198,C
8-NS,678,0,1194,0,2,1196,T
8-NS,679,1189,0,0,0,1189,A
8-NS,680,1,0,1178,0,1179,G
8-NS,681,0,0,1181,0,1181,G
8-NS,682,0,1180,0,1,1181,T
8-NS,683,0,1,0,1164,1165,C
8-NS,684,1164,0,1,0,1165,A
8-NS,685,1161,0,0,0,1161,A
8-NS,686,1165,0,0,0,1165,A
8-NS,687,1166,0,1,0,1167,A
8-NS,688,0,0,1171,0,1171,G
8-NS,689,0,1147,0,0,1147,T
8-NS,690,0,1142,0,0,1142,T
8-NS,691,0,1146,1,0,1147,T
8-NS,692,0,0,1148,0,1148,G
8-NS,693,1144,0,4,0,1148,A
8-NS,694,1146,0,0,0,1146,A
8-NS,695,0,1,1152,0,1153,G
8-NS,696,1116,0,0,0,1116,A
8-NS,697,0,2,1116,0,1118,G
8-NS,698,1120,0,0,0,1120,A
8-NS,699,0,1119,0,0,1119,T
8-NS,700,1118,0,1,0,1119,A
8-NS,701,1113,0,0,0,1113,A
8-NS,702,0,1,1109,0,1110,G
8-NS,703,1038,0,1,0,1039,A
8-NS,704,0,1043,0,0,1043,T
8-NS,705,1,2,1043,0,1046,G
8-NS,706,0,1,1046,0,1047,G
8-NS,707,1,0,0,1039,1040,C
8-NS,708,0,1037,0,0,1037,T
8-NS,709,1035,0,0,0,1035,A
8-NS,710,1032,0,0,0,1032,A
8-NS,711,1,1033,0,0,1034,T
8-NS,712,0,1028,0,0,1028,T
8-NS,713,0,0,1034,0,1034,G
8-NS,714,1020,0,0,0,1020,A
8-NS,715,1020,0,0,0,1020,A
8-NS,716,0,0,1017,0,1017,G
8-NS,717,1016,0,0,0,1016,A
8-NS,718,1004,0,2,0,1006,A
8-NS,719,0,1,1015,0,1016,G
8-NS,720,0,997,0,0,997,T
8-NS,721,0,0,1000,0,1000,G
8-NS,722,987,0,1,0,988,A
8-NS,723,0,0,987,0,987,G
8-NS,724,991,1,0,0,992,A
8-NS,725,2,0,0,981,983,C
8-NS,726,972,2,0,0,974,A
8-NS,727,0,0,0,970,970,C
8-NS,728,915,0,1,0,916,A
8-NS,729,0,0,929,0,929,G
8-NS,730,923,0,2,0,925,A
8-NS,731,0,917,0,0,917,T
8-NS,732,0,923,0,0,923,T
8-NS,733,914,0,0,0,914,A
8-NS,734,914,0,0,0,914,A
8-NS,735,913,0,0,0,913,A
8-NS,736,911,0,0,0,911,A
8-NS,737,911,0,0,1,912,A
8-NS,738,0,0,0,875,875,C
8-NS,739,820,0,1,0,821,A
8-NS,740,823,1,0,0,824,A
8-NS,741,0,0,0,825,825,C
8-NS,742,0,820,0,0,820,T
8-NS,743,0,0,817,0,817,G
8-NS,744,815,0,0,0,815,A
8-NS,745,816,1,0,0,817,A
8-NS,746,815,0,0,0,815,A
8-NS,747,807,0,0,0,807,A
8-NS,748,0,807,0,1,808,T
8-NS,749,797,0,0,0,797,A
8-NS,750,0,0,796,0,796,G
8-NS,751,0,773,0,1,774,T
8-NS,752,0,774,0,1,775,T
8-NS,753,0,776,0,1,777,T
8-NS,754,0,777,1,0,778,T
8-NS,755,0,3,776,0,779,G
8-NS,756,778,0,1,0,779,A
8-NS,757,780,0,0,0,780,A
8-NS,758,0,1,0,778,779,C
8-NS,759,765,0,1,0,766,A
8-NS,760,768,0,0,0,768,A
8-NS,761,767,0,1,0,768,A
8-NS,762,0,767,0,1,768,T
8-NS,763,768,0,0,0,768,A
8-NS,764,763,0,0,0,763,A
8-NS,765,1,2,0,760,763,C
8-NS,766,760,0,0,0,760,A
8-NS,767,0,747,0,1,748,T
8-NS,768,0,734,0,0,734,T
8-NS,769,2,0,0,724,726,C
8-NS,770,722,0,0,0,722,A
8-NS,771,0,723,0,1,724,T
8-NS,772,0,0,725,0,725,G
8-NS,773,0,0,1,699,700,C
8-NS,774,686,0,0,0,686,A
8-NS,775,684,0,0,0,684,A
8-NS,776,0,0,678,0,678,G
8-NS,777,0,0,0,683,683,C
8-NS,778,672,0,1,0,673,A
8-NS,779,0,668,0,1,669,T
8-NS,780,0,666,0,1,667,T
8-NS,781,667,0,1,0,668,A
8-NS,782,1,0,0,669,670,C
8-NS,783,666,0,1,0,667,A
8-NS,784,658,0,0,0,658,A
8-NS,785,0,0,0,657,657,C
8-NS,786,0,561,0,0,561,T
8-NS,787,0,0,556,0,556,G
8-NS,788,0,0,0,543,543,C
8-NS,789,0,527,0,0,527,T
8-NS,790,0,2,527,0,529,G
8-NS,791,0,514,0,4,518,T
8-NS,792,0,519,0,0,519,T
8-NS,793,0,516,0,0,516,T
8-NS,794,0,1,513,0,514,G
8-NS,795,512,0,2,0,514,A
8-NS,796,498,0,0,0,498,A
8-NS,797,0,0,497,0,497,G
8-NS,798,0,493,0,1,494,T
8-NS,799,0,0,471,0,471,G
8-NS,800,0,0,468,0,468,G
8-NS,801,470,0,1,0,471,A
8-NS,802,471,0,0,0,471,A
8-NS,803,1,0,0,470,471,C
8-NS,804,461,0,0,0,461,A
8-NS,805,1,0,461,0,462,G
8-NS,806,0,0,454,0,454,G
8-NS,807,445,0,1,0,446,A
8-NS,808,0,1,446,0,447,G
8-NS,809,382,0,0,0,382,A
8-NS,810,0,379,0,0,379,T
8-NS,811,378,0,0,0,378,A
8-NS,812,375,0,0,0,375,A
8-NS,813,0,2,373,0,375,G
8-NS,814,326,0,0,0,326,A
8-NS,815,322,0,0,0,322,A
8-NS,816,0,0,0,321,321,C
8-NS,817,0,268,0,0,268,T
8-NS,818,0,263,0,0,263,T
8-NS,819,1,264,0,0,265,T
8-NS,820,0,0,0,266,266,C
8-NS,821,0,262,0,0,262,T
8-NS,822,0,0,0,259,259,C
8-NS,823,251,0,0,0,251,A
8-NS,824,0,250,0,0,250,T
8-NS,825,0,250,0,0,250,T
8-NS,826,2,246,0,0,248,T
8-NS,827,0,0,0,249,249,C
8-NS,828,241,1,0,0,242,A
8-NS,829,0,0,242,0,242,G
8-NS,830,1,0,0,240,241,C
8-NS,831,0,227,0,0,227,T
8-NS,832,0,226,0,0,226,T
8-NS,833,219,0,0,0,219,A
8-NS,834,0,219,0,0,219,T
8-NS,835,0,219,0,0,219,T
8-NS,836,1,216,0,0,217,T
8-NS,837,207,0,0,0,207,A
8-NS,838,205,0,0,0,205,A
8-NS,839,0,197,0,0,197,T
8-NS,840,0,0,195,0,195,G
8-NS,841,187,0,0,0,187,A
8-NS,842,0,166,0,0,166,T
8-NS,843,162,0,1,0,163,A
8-NS,844,162,0,0,0,162,A
8-NS,845,162,0,0,0,162,A
8-NS,846,163,0,0,0,163,A
8-NS,847,157,0,1,0,158,A
8-NS,848,158,0,0,0,158,A
8-NS,849,0,0,0,158,158,C
8-NS,850,137,0,0,0,137,A
8-NS,851,0,0,0,137,137,C
8-NS,852,0,0,0,131,131,C
8-NS,853,2,0,0,128,130,C
8-NS,854,0,117,0,0,117,T
8-NS,855,0,112,0,0,112,T
8-NS,856,0,0,112,0,112,G
8-NS,857,0,105,0,0,105,T
8-NS,858,0,103,0,0,103,T
8-NS,859,0,102,0,0,102,T
8-NS,860,0,0,0,31,31,C
8-NS,861,0,22,0,0,22,T
8-NS,862,15,0,0,0,15,A
8-NS,863,0,0,0,15,15,C
