Gene,Position,A,T,G,C,Coverage,Consensus
1-PB2,1,272,0,0,0,272,A
1-PB2,2,0,271,0,0,271,T
1-PB2,3,0,0,277,0,277,G
1-PB2,4,0,0,278,0,278,G
1-PB2,5,278,0,0,0,278,A
1-PB2,6,278,0,0,1,279,A
1-PB2,7,279,0,0,0,279,A
1-PB2,8,0,0,309,0,309,G
1-PB2,9,311,0,0,0,311,A
1-PB2,10,311,0,1,0,312,A
1-PB2,11,0,323,0,0,323,T
1-PB2,12,325,0,0,0,325,A
1-PB2,13,326,0,0,0,326,A
1-PB2,14,326,0,0,0,326,A
1-PB2,15,324,0,0,0,324,A
1-PB2,16,0,0,336,0,336,G
1-PB2,17,336,0,1,0,337,A
1-PB2,18,338,0,0,0,338,A
1-PB2,19,0,0,0,351,351,C
1-PB2,20,0,349,0,0,349,T
1-PB2,21,357,0,0,0,357,A
1-PB2,22,0,0,0,359,359,C
1-PB2,23,0,0,359,0,359,G
1-PB2,24,0,0,361,0,361,G
1-PB2,25,359,0,0,0,359,A
1-PB2,26,376,0,0,0,376,A
1-PB2,27,0,378,0,0,378,T
1-PB2,28,0,0,0,380,380,C
1-PB2,29,0,380,0,0,380,T
1-PB2,30,0,0,382,0,382,G
1-PB2,31,383,1,0,0,384,A
1-PB2,32,0,385,0,0,385,T
1-PB2,33,0,0,384,0,384,G
1-PB2,34,0,392,0,0,392,T
1-PB2,35,0,0,0,392,392,C
1-PB2,36,0,0,390,0,390,G
1-PB2,37,0,0,0,392,392,C
1-PB2,38,390,0,0,0,390,A
1-PB2,39,2,0,414,0,416,G
1-PB2,40,0,418,0,0,418,T
1-PB2,41,0,0,0,419,419,C
1-PB2,42,0,419,0,0,419,T
1-PB2,43,0,0,0,420,420,C
1-PB2,44,0,0,421,0,421,G
1-PB2,45,1,0,0,424,425,C
1-PB2,46,424,0,1,0,425,A
1-PB2,47,0,0,0,431,431,C
1-PB2,48,0,430,0,0,430,T
1-PB2,49,0,0,0,437,437,C
1-PB2,50,0,0,442,0,442,G
1-PB2,51,0,0,0,443,443,C
1-PB2,52,0,0,443,0,443,G
1-PB2,53,444,0,0,0,444,A
1-PB2,54,0,0,444,0,444,G
1-PB2,55,450,0,0,0,450,A
1-PB2,56,0,451,0,0,451,T
1-PB2,57,453,1,0,0,454,A
1-PB2,58,0,1,0,453,454,C
1-PB2,59,0,452,0,1,453,T
1-PB2,60,0,0,465,0,465,G
1-PB2,61,467,0,0,0,467,A
1-PB2,62,0,0,1,465,466,C
1-PB2,63,468,0,0,0,468,A
1-PB2,64,466,0,0,0,466,A
1-PB2,65,479,0,0,0,479,A
1-PB2,66,485,0,2,0,487,A
1-PB2,67,488,0,0,0,488,A
1-PB2,68,0,0,0,489,489,C
1-PB2,69,0,0,0,492,492,C
1-PB2,70,502,0,0,0,502,A
1-PB2,71,0,0,0,510,510,C
1-PB2,72,512,0,0,0,512,A
1-PB2,73,0,0,532,0,532,G
1-PB2,74,0,527,0,0,527,T
1-PB2,75,0,0,541,0,541,G
1-PB2,76,1,0,548,0,549,G
1-PB2,77,549,0,0,1,550,A
1-PB2,78,0,1,0,573,574,C
1-PB2,79,0,0,0,572,572,C
1-PB2,80,585,0,0,0,585,A
1-PB2,81,0,584,0,0,584,T
1-PB2,82,580,0,0,0,580,A
1-PB2,83,0,579,0,0,579,T
1-PB2,84,1,0,580,0,581,G
1-PB2,85,0,0,586,0,586,G
1-PB2,86,0,0,0,585,585,C
1-PB2,87,0,0,0,580,580,C
1-PB2,88,578,0,0,0,578,A
1-PB2,89,0,615,0,0,615,T
1-PB2,90,623,0,0,0,623,A
1-PB2,91,649,0,0,0,649,A
1-PB2,92,0,650,0,0,650,T
1-PB2,93,0,646,0,0,646,T
1-PB2,94,660,0,0,0,660,A
1-PB2,95,657,0,0,0,657,A
1-PB2,96,0,0,675,0,675,G
1-PB2,97,674,0,1,0,675,A
1-PB2,98,668,0,0,0,668,A
1-PB2,99,0,0,713,0,713,G
1-PB2,100,0,711,0,1,712,T
1-PB2,101,714,0,0,0,714,A
1-PB2,102,0,0,0,715,715,C
1-PB2,103,716,0,2,0,718,A
1-PB2,104,0,0,0,737,737,C
1-PB2,105,736,0,0,0,736,A
1-PB2,106,0,740,0,0,740,T
1-PB2,107,0,0,0,743,743,C
1-PB2,108,1,0,736,0,737,G
1-PB2,109,0,0,739,0,739,G
1-PB2,110,0,0,736,0,736,G
1-PB2,111,0,0,739,0,739,G
1-PB2,112,732,0,1,0,733,A
1-PB2,113,0,0,738,0,738,G
1-PB2,114,734,0,2,0,736,A
1-PB2,115,0,0,0,734,734,C
1-PB2,116,734,0,2,0,736,A
1-PB2,117,0,1,747,0,748,G
1-PB2,118,0,0,765,0,765,G
1-PB2,119,763,0,0,0,763,A
1-PB2,120,762,0,0,0,762,A
1-PB2,121,763,0,0,0,763,A
1-PB2,122,762,0,0,0,762,A
1-PB2,123,0,0,768,0,768,G
1-PB2,124,764,0,1,0,765,A
1-PB2,125,763,0,0,0,763,A
1-PB2,126,0,0,0,760,760,C
1-PB2,127,1,0,0,759,760,C
1-PB2,128,0,1,0,761,762,C
1-PB2,129,0,0,763,0,763,G
1-PB2,130,0,761,0,0,761,T
1-PB2,131,0,1,0,762,763,C
1-PB2,132,769,0,0,0,769,A
1-PB2,133,0,0,0,778,778,C
1-PB2,134,0,773,0,0,773,T
1-PB2,135,0,776,0,0,776,T
1-PB2,136,778,0,0,0,778,A
1-PB2,137,0,0,788,0,788,G
1-PB2,138,1,0,786,0,787,G
1-PB2,139,786,0,0,0,786,A
1-PB2,140,0,787,0,0,787,T
1-PB2,141,0,0,785,0,785,G
1-PB2,142,799,0,0,0,799,A
1-PB2,143,798,0,0,1,799,A
1-PB2,144,797,0,0,1,798,A
1-PB2,145,0,800,0,0,800,T
1-PB2,146,2,0,801,1,804,G
1-PB2,147,0,0,806,0,806,G
1-PB2,148,806,0,0,0,806,A
1-PB2,149,0,809,0,0,809,T
1-PB2,150,0,0,804,0,804,G
1-PB2,151,799,0,0,0,799,A
1-PB2,152,0,804,0,0,804,T
1-PB2,153,1,0,808,0,809,G
1-PB2,154,0,0,810,0,810,G
1-PB2,155,0,0,0,806,806,C
1-PB2,156,806,0,0,0,806,A
1-PB2,157,816,1,0,0,817,A
1-PB2,158,1,818,0,0,819,T
1-PB2,159,0,0,850,0,850,G
1-PB2,160,847,0,1,0,848,A
1-PB2,161,849,0,0,0,849,A
1-PB2,162,853,0,0,0,853,A
1-PB2,163,0,858,0,0,858,T
1-PB2,164,863,0,0,0,863,A
1-PB2,165,0,0,0,884,884,C
1-PB2,166,0,0,0,886,886,C
1-PB2,167,0,1,0,886,887,C
1-PB2,168,886,0,0,1,887,A
1-PB2,169,885,1,0,0,886,A
1-PB2,170,0,885,0,0,885,T
1-PB2,171,0,0,0,886,886,C
1-PB2,172,882,0,0,0,882,A
1-PB2,173,0,0,0,900,900,C
1-PB2,174,0,885,0,1,886,T
1-PB2,175,0,0,894,0,894,G
1-PB2,176,0,0,0,897,897,C
1-PB2,177,0,895,0,1,896,T
1-PB2,178,0,0,900,0,900,G
1-PB2,179,901,0,1,0,902,A
1-PB2,180,0,0,0,906,906,C
1-PB2,181,908,1,0,0,909,A
1-PB2,182,900,0,0,0,900,A
1-PB2,183,905,0,0,0,905,A
1-PB2,184,900,0,1,0,901,A
1-PB2,185,0,0,916,0,916,G
1-PB2,186,0,0,918,0,918,G
1-PB2,187,917,0,0,0,917,A
1-PB2,188,0,916,0,0,916,T
1-PB2,189,912,0,2,0,914,A
1-PB2,190,926,0,1,0,927,A
1-PB2,191,0,0,1,936,937,C
1-PB2,192,933,0,0,0,933,A
1-PB2,193,0,0,934,1,935,G
1-PB2,194,936,0,0,0,936,A
1-PB2,195,934,0,0,0,934,A
1-PB2,196,934,0,0,0,934,A
1-PB2,197,0,931,0,0,931,T
1-PB2,198,0,0,932,0,932,G
1-PB2,199,0,0,946,0,946,G
1-PB2,200,1,925,0,1,927,T
1-PB2,201,0,928,0,0,928,T
1-PB2,202,0,0,0,927,927,C
1-PB2,203,0,0,0,927,927,C
1-PB2,204,0,1,929,0,930,G
1-PB2,205,0,0,932,0,932,G
1-PB2,206,929,1,0,0,930,A
1-PB2,207,0,0,930,0,930,G
1-PB2,208,919,0,1,0,920,A
1-PB2,209,0,0,939,0,939,G
1-PB2,210,939,0,1,0,940,A
1-PB2,211,942,1,0,0,943,A
1-PB2,212,940,0,1,0,941,A
1-PB2,213,1,935,0,0,936,T
1-PB2,214,0,1,958,0,959,G
1-PB2,215,962,0,1,0,963,A
1-PB2,216,962,0,1,0,963,A
1-PB2,217,0,1,0,961,962,C
1-PB2,218,959,0,0,0,959,A
1-PB2,219,955,0,1,0,956,A
1-PB2,220,0,1,981,0,982,G
1-PB2,221,0,1,990,0,991,G
1-PB2,222,993,0,0,0,993,A
1-PB2,223,0,1,0,982,983,C
1-PB2,224,984,0,0,1,985,A
1-PB2,225,988,0,0,0,988,A
1-PB2,226,986,0,0,0,986,A
1-PB2,227,0,0,0,982,982,C
1-PB2,228,0,0,0,947,947,C
1-PB2,229,0,0,0,1013,1013,C
1-PB2,230,1,1008,0,1,1010,T
1-PB2,231,1019,0,0,0,1019,A
1-PB2,232,0,1016,0,0,1016,T
1-PB2,233,0,0,1026,0,1026,G
1-PB2,234,0,0,1051,0,1051,G
1-PB2,235,1000,0,2,0,1002,A
1-PB2,236,0,0,1011,0,1011,G
1-PB2,237,0,1013,0,0,1013,T
1-PB2,238,1006,0,0,0,1006,A
1-PB2,239,1010,0,0,0,1010,A
1-PB2,240,1000,1,0,0,1001,A
1-PB2,241,1008,0,0,0,1008,A
1-PB2,242,0,1003,0,0,1003,T
1-PB2,243,0,0,996,0,996,G
1-PB2,244,977,1,0,0,978,A
1-PB2,245,0,0,983,0,983,G
1-PB2,246,0,975,0,2,977,T
1-PB2,247,0,1,977,0,978,G
1-PB2,248,1005,0,2,1,1008,A
1-PB2,249,0,1015,0,0,1015,T
1-PB2,250,0,0,1017,0,1017,G
1-PB2,251,0,0,0,1015,1015,C
1-PB2,252,0,1012,0,0,1012,T
1-PB2,253,1,0,1025,0,1026,G
1-PB2,254,0,1,1026,0,1027,G
1-PB2,255,1033,0,1,0,1034,A
1-PB2,256,0,1035,0,0,1035,T
1-PB2,257,0,0,0,1035,1035,C
1-PB2,258,1041,0,0,0,1041,A
1-PB2,259,0,1,1071,0,1072,G
1-PB2,260,1072,0,1,0,1073,A
1-PB2,261,1,1071,0,1,1073,T
1-PB2,262,1032,0,2,0,1034,A
1-PB2,263,0,1,1045,0,1046,G
1-PB2,264,1036,0,3,0,1039,A
1-PB2,265,0,0,1056,0,1056,G
1-PB2,266,1,1040,1,1,1043,T
1-PB2,267,0,0,1035,0,1035,G
1-PB2,268,1013,1,0,0,1014,A
1-PB2,269,1,1018,1,0,1020,T
1-PB2,270,0,0,1036,0,1036,G
1-PB2,271,0,0,1065,0,1065,G
1-PB2,272,0,1044,0,0,1044,T
1-PB2,273,1040,0,1,0,1041,A
1-PB2,274,0,1032,0,3,1035,T
1-PB2,275,0,1,0,1038,1039,C
1-PB2,276,1058,0,0,0,1058,A
1-PB2,277,0,0,0,1083,1083,C
1-PB2,278,0,0,0,1075,1075,C
1-PB2,279,0,1060,0,2,1062,T
1-PB2,280,0,1059,0,0,1059,T
1-PB2,281,0,1059,0,0,1059,T
1-PB2,282,0,2,1073,0,1075,G
1-PB2,283,0,0,1075,0,1075,G
1-PB2,284,0,0,0,1087,1087,C
1-PB2,285,1,1066,0,2,1069,T
1-PB2,286,1,0,1061,0,1062,G
1-PB2,287,0,1069,0,0,1069,T
1-PB2,288,1071,0,0,1,1072,A
1-PB2,289,1072,0,0,0,1072,A
1-PB2,290,0,0,0,1074,1074,C
1-PB2,291,1052,0,0,0,1052,A
1-PB2,292,0,1056,0,0,1056,T
1-PB2,293,0,0,1045,0,1045,G
1-PB2,294,0,0,1061,0,1061,G
1-PB2,295,0,1056,0,0,1056,T
1-PB2,296,1,1,1049,0,1051,G
1-PB2,297,0,0,1071,0,1071,G
1-PB2,298,1060,0,1,0,1061,A
1-PB2,299,1061,0,0,0,1061,A
1-PB2,300,0,1063,0,0,1063,T
1-PB2,301,1062,0,1,0,1063,A
1-PB2,302,1,0,1090,0,1091,G
1-PB2,303,1081,0,1,0,1082,A
1-PB2,304,1080,0,0,0,1080,A
1-PB2,305,1080,0,1,0,1081,A
1-PB2,306,0,1062,0,1,1063,T
1-PB2,307,0,1,1061,1,1063,G
1-PB2,308,0,0,1057,0,1057,G
1-PB2,309,1055,1,0,0,1056,A
1-PB2,310,0,0,0,1061,1061,C
1-PB2,311,0,0,0,1057,1057,C
1-PB2,312,1,0,0,1050,1051,C
1-PB2,313,0,0,1058,0,1058,G
1-PB2,314,0,1065,0,0,1065,T
1-PB2,315,0,0,1082,0,1082,G
1-PB2,316,1085,0,1,0,1086,A
1-PB2,317,0,0,0,1089,1089,C
1-PB2,318,1091,0,0,0,1091,A
1-PB2,319,1087,1,1,0,1089,A
1-PB2,320,0,0,1119,0,1119,G
1-PB2,321,0,1113,0,1,1114,T
1-PB2,322,1108,1,1,0,1110,A
1-PB2,323,0,0,0,1103,1103,C
1-PB2,324,0,0,1085,0,1085,G
1-PB2,325,0,0,1105,0,1105,G
1-PB2,326,0,1101,0,1,1102,T
1-PB2,327,0,0,0,1106,1106,C
1-PB2,328,1,0,0,1111,1112,C
1-PB2,329,1094,0,0,0,1094,A
1-PB2,330,0,1097,0,0,1097,T
1-PB2,331,0,1097,1,1,1099,T
1-PB2,332,1142,1,0,0,1143,A
1-PB2,333,0,0,0,1144,1144,C
1-PB2,334,0,0,0,1123,1123,C
1-PB2,335,1,0,0,1118,1119,C
1-PB2,336,1106,0,1,0,1107,A
1-PB2,337,1120,1,0,0,1121,A
1-PB2,338,1118,0,0,1,1119,A
1-PB2,339,1119,0,0,0,1119,A
1-PB2,340,0,0,1131,0,1131,G
1-PB2,341,0,1098,0,1,1099,T
1-PB2,342,1,0,1121,0,1122,G
1-PB2,343,1,1120,0,0,1121,T
1-PB2,344,1121,0,0,0,1121,A
1-PB2,345,0,0,0,1122,1122,C
1-PB2,346,1111,0,0,0,1111,A
1-PB2,347,1115,0,0,0,1115,A
1-PB2,348,0,0,1122,0,1122,G
1-PB2,349,1115,0,1,0,1116,A
1-PB2,350,0,0,0,1117,1117,C
1-PB2,351,0,1100,0,1,1101,T
1-PB2,352,0,1103,0,1,1104,T
1-PB2,353,1104,1,1,0,1106,A
1-PB2,354,0,1103,0,0,1103,T
1-PB2,355,0,1105,0,0,1105,T
1-PB2,356,2,1100,0,0,1102,T
1-PB2,357,0,0,0,1099,1099,C
1-PB2,358,0,1,1099,0,1100,G
1-PB2,359,1098,0,3,0,1101,A
1-PB2,360,0,0,0,1102,1102,C
1-PB2,361,1096,0,0,0,1096,A
1-PB2,362,1093,0,0,0,1093,A
1-PB2,363,1097,0,0,0,1097,A
1-PB2,364,0,0,1117,0,1117,G
1-PB2,365,0,1115,0,1,1116,T
1-PB2,366,0,0,0,1114,1114,C
1-PB2,367,0,0,1116,0,1116,G
1-PB2,368,1114,0,0,0,1114,A
1-PB2,369,1113,0,1,0,1114,A
1-PB2,370,1118,0,2,0,1120,A
1-PB2,371,1,1,1144,0,1146,G
1-PB2,372,0,1,1147,0,1148,G
1-PB2,373,0,1143,0,1,1144,T
1-PB2,374,0,1142,0,0,1142,T
1-PB2,375,1143,0,1,0,1144,A
1-PB2,376,1141,0,0,0,1141,A
1-PB2,377,1143,2,0,0,1145,A
1-PB2,378,1156,0,1,0,1157,A
1-PB2,379,0,0,0,1161,1161,C
1-PB2,380,1136,0,0,0,1136,A
1-PB2,381,1,1135,0,0,1136,T
1-PB2,382,0,0,1130,0,1130,G
1-PB2,383,0,0,1134,0,1134,G
1-PB2,384,1132,0,0,0,1132,A
1-PB2,385,1148,0,0,0,1148,A
1-PB2,386,0,1,0,1159,1160,C
1-PB2,387,1,0,0,1160,1161,C
1-PB2,388,0,1152,0,1,1153,T
1-PB2,389,0,1157,0,0,1157,T
1-PB2,390,0,1155,1,0,1156,T
1-PB2,391,0,0,1154,0,1154,G
1-PB2,392,0,0,1154,0,1154,G
1-PB2,393,0,1,0,1151,1152,C
1-PB2,394,1,38,0,1113,1152,C
1-PB2,395,0,0,0,1145,1145,C
1-PB2,396,0,1111,0,3,1114,T
1-PB2,397,0,0,1128,0,1128,G
1-PB2,398,0,1121,0,0,1121,T
1-PB2,399,0,1125,0,0,1125,T
1-PB2,400,0,0,0,1130,1130,C
1-PB2,401,1117,0,0,0,1117,A
1-PB2,402,0,1116,0,0,1116,T
1-PB2,403,0,1112,1,2,1115,T
1-PB2,404,0,1116,0,1,1117,T
1-PB2,405,0,1118,0,1,1119,T
1-PB2,406,1107,0,0,0,1107,A
1-PB2,407,0,0,1104,0,1104,G
1-PB2,408,1104,0,0,0,1104,A
1-PB2,409,1104,0,0,0,1104,A
1-PB2,410,1103,0,0,0,1103,A
1-PB2,411,0,1101,0,0,1101,T
1-PB2,412,0,0,0,1103,1103,C
1-PB2,413,1104,0,0,0,1104,A
1-PB2,414,1110,0,2,0,1112,A
1-PB2,415,0,0,1118,0,1118,G
1-PB2,416,0,1113,0,1,1114,T
1-PB2,417,0,1,0,1113,1114,C
1-PB2,418,1119,0,1,0,1120,A
1-PB2,419,1124,0,1,0,1125,A
1-PB2,420,0,0,1128,0,1128,G
1-PB2,421,1130,0,0,0,1130,A
1-PB2,422,0,1125,0,0,1125,T
1-PB2,423,1142,0,2,0,1144,A
1-PB2,424,0,0,0,1139,1139,C
1-PB2,425,4,0,1137,0,1141,G
1-PB2,426,0,0,0,1191,1191,C
1-PB2,427,1181,1,1,0,1183,A
1-PB2,428,0,0,1193,0,1193,G
1-PB2,429,1185,0,1,0,1186,A
1-PB2,430,1194,0,0,0,1194,A
1-PB2,431,0,0,1224,0,1224,G
1-PB2,432,1207,0,0,0,1207,A
1-PB2,433,0,0,1213,0,1213,G
1-PB2,434,0,1213,0,1,1214,T
1-PB2,435,1209,0,1,0,1210,A
1-PB2,436,0,0,1229,0,1229,G
1-PB2,437,1221,0,0,0,1221,A
1-PB2,438,0,0,0,1273,1273,C
1-PB2,439,1255,0,1,0,1256,A
1-PB2,440,0,1244,0,0,1244,T
1-PB2,441,1239,0,0,0,1239,A
1-PB2,442,1238,0,1,0,1239,A
1-PB2,443,1247,0,0,0,1247,A
1-PB2,444,0,0,0,1247,1247,C
1-PB2,445,0,0,0,1235,1235,C
1-PB2,446,0,0,0,1217,1217,C
1-PB2,447,0,1124,0,1,1125,T
1-PB2,448,0,0,1128,0,1128,G
1-PB2,449,0,1,1149,0,1150,G
1-PB2,450,0,1150,0,0,1150,T
1-PB2,451,0,0,0,1143,1143,C
1-PB2,452,1147,0,0,0,1147,A
1-PB2,453,0,1142,0,0,1142,T
1-PB2,454,0,1,1151,0,1152,G
1-PB2,455,0,0,0,1151,1151,C
1-PB2,456,1139,0,1,0,1140,A
1-PB2,457,0,0,1148,0,1148,G
1-PB2,458,1102,0,0,0,1102,A
1-PB2,459,0,0,0,1115,1115,C
1-PB2,460,1,1,0,1112,1114,C
1-PB2,461,0,1076,0,0,1076,T
1-PB2,462,1,0,0,1077,1078,C
1-PB2,463,1066,0,1,0,1067,A
1-PB2,464,0,0,1091,0,1091,G
1-PB2,465,0,1089,0,0,1089,T
1-PB2,466,1,0,1090,0,1091,G
1-PB2,467,1,0,0,1091,1092,C
1-PB2,468,0,0,1,1075,1076,C
1-PB2,469,1076,0,0,0,1076,A
1-PB2,470,1077,0,0,0,1077,A
1-PB2,471,1079,0,0,0,1079,A
1-PB2,472,0,1,1079,0,1080,G
1-PB2,473,1051,0,1,0,1052,A
1-PB2,474,0,1,1053,0,1054,G
1-PB2,475,0,0,1053,0,1053,G
1-PB2,476,0,1,0,1056,1057,C
1-PB2,477,1058,0,0,0,1058,A
1-PB2,478,1,1,0,1058,1060,C
1-PB2,479,1060,0,0,0,1060,A
1-PB2,480,1092,0,0,0,1092,A
1-PB2,481,0,0,1102,0,1102,G
1-PB2,482,1117,0,1,0,1118,A
1-PB2,483,0,1109,0,0,1109,T
1-PB2,484,0,0,1105,0,1105,G
1-PB2,485,0,1108,0,0,1108,T
1-PB2,486,1113,0,1,0,1114,A
1-PB2,487,1111,0,0,0,1111,A
1-PB2,488,1,1118,1,0,1120,T
1-PB2,489,0,1085,0,1,1086,T
1-PB2,490,1078,0,0,0,1078,A
1-PB2,491,0,1056,0,0,1056,T
1-PB2,492,0,0,1057,0,1057,G
1-PB2,493,0,0,1060,1,1061,G
1-PB2,494,1054,0,0,0,1054,A
1-PB2,495,1054,0,0,0,1054,A
1-PB2,496,0,0,1054,0,1054,G
1-PB2,497,0,1055,0,0,1055,T
1-PB2,498,0,1053,0,0,1053,T
1-PB2,499,2,0,1056,0,1058,G
1-PB2,500,1,1053,0,0,1054,T
1-PB2,501,0,1054,0,1,1055,T
1-PB2,502,0,1052,0,0,1052,T
1-PB2,503,0,1050,0,0,1050,T
1-PB2,504,0,1059,0,0,1059,T
1-PB2,505,0,0,1,1061,1062,C
1-PB2,506,1,1,0,1064,1066,C
1-PB2,507,1,0,0,1064,1065,C
1-PB2,508,1064,0,0,0,1064,A
1-PB2,509,1068,0,1,0,1069,A
1-PB2,510,0,1071,0,0,1071,T
1-PB2,511,0,0,1078,0,1078,G
1-PB2,512,1078,1,1,0,1080,A
1-PB2,513,1070,0,0,1,1071,A
1-PB2,514,0,0,1081,0,1081,G
1-PB2,515,1,1078,0,0,1079,T
1-PB2,516,0,0,1080,0,1080,G
1-PB2,517,0,0,1081,0,1081,G
1-PB2,518,3,0,1078,0,1081,G
1-PB2,519,1089,0,0,0,1089,A
1-PB2,520,0,0,1086,0,1086,G
1-PB2,521,0,0,0,1088,1088,C
1-PB2,522,0,0,0,1093,1093,C
1-PB2,523,1094,1,1,1,1097,A
1-PB2,524,0,0,1118,0,1118,G
1-PB2,525,0,1,1125,0,1126,G
1-PB2,526,1128,0,0,0,1128,A
1-PB2,527,0,1125,0,0,1125,T
1-PB2,528,1122,0,2,0,1124,A
1-PB2,529,0,0,0,1127,1127,C
1-PB2,530,0,1121,0,0,1121,T
1-PB2,531,1121,0,0,0,1121,A
1-PB2,532,1117,1,3,0,1121,A
1-PB2,533,0,1,0,1123,1124,C
1-PB2,534,1098,2,0,0,1100,A
1-PB2,535,0,1096,0,0,1096,T
1-PB2,536,0,1,0,1091,1092,C
1-PB2,537,1081,1,0,0,1082,A
1-PB2,538,0,0,1093,0,1093,G
1-PB2,539,1096,1,0,0,1097,A
1-PB2,540,1093,1,0,0,1094,A
1-PB2,541,0,1094,0,0,1094,T
1-PB2,542,0,0,0,1079,1079,C
1-PB2,543,1077,0,1,0,1078,A
1-PB2,544,0,0,0,1102,1102,C
1-PB2,545,1101,0,0,0,1101,A
1-PB2,546,1111,0,1,0,1112,A
1-PB2,547,0,1096,0,1,1097,T
1-PB2,548,0,1094,0,1,1095,T
1-PB2,549,1107,0,0,0,1107,A
1-PB2,550,1108,2,2,0,1112,A
1-PB2,551,0,1,0,1115,1116,C
1-PB2,552,1114,0,0,0,1114,A
1-PB2,553,1103,0,2,0,1105,A
1-PB2,554,0,1115,0,0,1115,T
1-PB2,555,1107,1,1,1,1110,A
1-PB2,556,1115,0,0,0,1115,A
1-PB2,557,1,1,0,1112,1114,C
1-PB2,558,0,1109,0,0,1109,T
1-PB2,559,1108,0,0,0,1108,A
1-PB2,560,1097,0,1,0,1098,A
1-PB2,561,1103,0,0,0,1103,A
1-PB2,562,0,0,1102,0,1102,G
1-PB2,563,1082,0,0,0,1082,A
1-PB2,564,0,0,1087,0,1087,G
1-PB2,565,1081,1,1,0,1083,A
1-PB2,566,1077,1,2,0,1080,A
1-PB2,567,1081,0,0,0,1081,A
1-PB2,568,1078,0,0,0,1078,A
1-PB2,569,1081,0,1,0,1082,A
1-PB2,570,1084,0,0,0,1084,A
1-PB2,571,0,1,1088,0,1089,G
1-PB2,572,1084,0,1,0,1085,A
1-PB2,573,1077,0,0,0,1077,A
1-PB2,574,0,0,1079,0,1079,G
1-PB2,575,1073,0,0,0,1073,A
1-PB2,576,1079,1,1,0,1081,A
1-PB2,577,0,0,0,1078,1078,C
1-PB2,578,1,1054,0,3,1058,T
1-PB2,579,0,0,0,1076,1076,C
1-PB2,580,0,0,0,1077,1077,C
1-PB2,581,0,0,1080,0,1080,G
1-PB2,582,1077,0,2,1,1080,A
1-PB2,583,1,0,1076,0,1077,G
1-PB2,584,1078,0,0,0,1078,A
1-PB2,585,2,1074,0,0,1076,T
1-PB2,586,1,1063,0,1,1065,T
1-PB2,587,0,0,1060,1,1061,G
1-PB2,588,0,0,0,1060,1060,C
1-PB2,589,1065,0,0,0,1065,A
1-PB2,590,1068,0,0,0,1068,A
1-PB2,591,1068,0,0,0,1068,A
1-PB2,592,1074,0,0,0,1074,A
1-PB2,593,0,1070,0,0,1070,T
1-PB2,594,0,1072,0,3,1075,T
1-PB2,595,1,1074,0,0,1075,T
1-PB2,596,1,0,0,1073,1074,C
1-PB2,597,1,1064,0,1,1066,T
1-PB2,598,1,2,0,1246,1249,C
1-PB2,599,0,0,0,1263,1263,C
1-PB2,600,0,0,0,1525,1525,C
1-PB2,601,1,1516,0,0,1517,T
1-PB2,602,0,1561,0,1,1562,T
1-PB2,603,0,0,1572,0,1572,G
1-PB2,604,1577,1,3,0,1581,A
1-PB2,605,0,1646,0,1,1647,T
1-PB2,606,1,0,1706,0,1707,G
1-PB2,607,0,1,2116,0,2117,G
1-PB2,608,1,2191,0,3,2195,T
1-PB2,609,0,2209,0,0,2209,T
1-PB2,610,2,0,2519,0,2521,G
1-PB2,611,1,2,0,2533,2536,C
1-PB2,612,2638,0,0,0,2638,A
1-PB2,613,0,2639,0,1,2640,T
1-PB2,614,2673,0,0,15,2688,A
1-PB2,615,0,2,0,2858,2860,C
1-PB2,616,3433,0,1,5,3439,A
1-PB2,617,0,3549,0,7,3556,T
1-PB2,618,1,0,3832,0,3833,G
1-PB2,619,2,3825,0,1,3828,T
1-PB2,620,0,3829,0,2,3831,T
1-PB2,621,3833,0,0,0,3833,A
1-PB2,622,0,0,3844,0,3844,G
1-PB2,623,3887,1,0,0,3888,A
1-PB2,624,0,1,3957,0,3958,G
1-PB2,625,3873,4,2,0,3879,A
1-PB2,626,0,2,3893,0,3895,G
1-PB2,627,3862,0,2,0,3864,A
1-PB2,628,0,0,3908,0,3908,G
1-PB2,629,3905,1,5,1,3912,A
1-PB2,630,3925,0,1,0,3926,A
1-PB2,631,0,0,0,3966,3966,C
1-PB2,632,0,3962,0,0,3962,T
1-PB2,633,1,3953,0,1,3955,T
1-PB2,634,0,0,3958,0,3958,G
1-PB2,635,0,3962,0,0,3962,T
1-PB2,636,3967,1,2,0,3970,A
1-PB2,637,1,5,0,3954,3960,C
1-PB2,638,0,0,3959,0,3959,G
1-PB2,639,3965,0,0,0,3965,A
1-PB2,640,3965,0,0,1,3966,A
1-PB2,641,4028,0,0,0,4028,A
1-PB2,642,4030,1,1,0,4032,A
1-PB2,643,4020,1,3,0,4024,A
1-PB2,644,1,0,1,4032,4034,C
1-PB2,645,4035,0,0,0,4035,A
1-PB2,646,4039,0,4,0,4043,A
1-PB2,647,0,1,4059,0,4060,G
1-PB2,648,4070,1,2,0,4073,A
1-PB2,649,0,4061,0,5,4066,T
1-PB2,650,0,4070,0,2,4072,T
1-PB2,651,0,4102,0,0,4102,T
1-PB2,652,1,0,0,4116,4117,C
1-PB2,653,1,4126,0,2,4129,T
1-PB2,654,1,0,0,4139,4140,C
1-PB2,655,2,1,0,4137,4140,C
1-PB2,656,2,0,0,4147,4149,C
1-PB2,657,4159,0,1,0,4160,A
1-PB2,658,1,0,4213,0,4214,G
1-PB2,659,0,4220,0,3,4223,T
1-PB2,660,0,4214,0,3,4217,T
1-PB2,661,1,2,4212,0,4215,G
1-PB2,662,1,2,0,4217,4220,C
1-PB2,663,1,4221,0,1,4223,T
1-PB2,664,1,1,4232,0,4234,G
1-PB2,665,2,1,4226,0,4229,G
1-PB2,666,0,0,1,4225,4226,C
1-PB2,667,1,0,4246,0,4247,G
1-PB2,668,1,0,4306,0,4307,G
1-PB2,669,4289,0,26,0,4315,A
1-PB2,670,4322,2,1,0,4325,A
1-PB2,671,0,1,0,4331,4332,C
1-PB2,672,4370,1,3,1,4375,A
1-PB2,673,4378,1,3,0,4382,A
1-PB2,674,0,1,4657,1,4659,G
1-PB2,675,0,1,0,4794,4795,C
1-PB2,676,4841,2,3,0,4846,A
1-PB2,677,0,0,6403,0,6403,G
1-PB2,678,0,6409,0,2,6411,T
1-PB2,679,6449,0,2,0,6451,A
1-PB2,680,0,6452,0,1,6453,T
1-PB2,681,6478,1,3,0,6482,A
1-PB2,682,2,6474,0,1,6477,T
1-PB2,683,6457,1,1,0,6459,A
1-PB2,684,0,0,0,6551,6551,C
1-PB2,685,6374,1,0,1,6376,A
1-PB2,686,1,6160,0,0,6161,T
1-PB2,687,0,6059,0,0,6059,T
1-PB2,688,1,0,6067,0,6068,G
1-PB2,689,6056,0,1,0,6057,A
1-PB2,690,6051,0,1,0,6052,A
1-PB2,691,0,0,6134,0,6134,G
1-PB2,692,0,6113,0,2,6115,T
1-PB2,693,2,6086,0,3,6091,T
1-PB2,694,0,6106,0,0,6106,T
1-PB2,695,0,6103,0,1,6104,T
1-PB2,696,6155,0,4,0,6159,A
1-PB2,697,0,0,0,6205,6205,C
1-PB2,698,6207,1,1,0,6209,A
1-PB2,699,0,6195,1,2,6198,T
1-PB2,700,2,6180,0,3,6185,T
1-PB2,701,1,6184,0,2,6187,T
1-PB2,702,0,3,6273,1,6277,G
1-PB2,703,6304,1,4,0,6309,A
1-PB2,704,0,0,0,6346,6346,C
1-PB2,705,1,6323,0,5,6329,T
1-PB2,706,0,0,1,6330,6331,C
1-PB2,707,6315,0,8,0,6323,A
1-PB2,708,2,4,6297,0,6303,G
1-PB2,709,4,1,6442,0,6447,G
1-PB2,710,0,2,6460,0,6462,G
1-PB2,711,6483,0,3,0,6486,A
1-PB2,712,6473,0,7,2,6482,A
1-PB2,713,0,3,0,6504,6507,C
1-PB2,714,0,0,6573,0,6573,G
1-PB2,715,0,6574,0,0,6574,T
1-PB2,716,2,0,6621,0,6623,G
1-PB2,717,0,6587,1,1,6589,T
1-PB2,718,1,6583,0,1,6585,T
1-PB2,719,4,1,6609,0,6614,G
1-PB2,720,0,2,6592,0,6594,G
1-PB2,721,2,2,6677,1,6682,G
1-PB2,722,6653,0,4,0,6657,A
1-PB2,723,6644,2,3,1,6650,A
1-PB2,724,0,2,0,6829,6831,C
1-PB2,725,6814,1,0,0,6815,A
1-PB2,726,7017,2,3,0,7022,A
1-PB2,727,7042,2,1,0,7045,A
1-PB2,728,1,7095,0,1,7097,T
1-PB2,729,3,1,7179,1,7184,G
1-PB2,730,1,7146,0,5,7152,T
1-PB2,731,7152,0,3,0,7155,A
1-PB2,732,0,10,0,7164,7174,C
1-PB2,733,7046,1,6,0,7053,A
1-PB2,734,0,2,0,7059,7061,C
1-PB2,735,1,6926,0,2,6929,T
1-PB2,736,1,0,0,7510,7511,C
1-PB2,737,0,0,2,7527,7529,C
1-PB2,738,7636,1,6,0,7643,A
1-PB2,739,0,1,7696,0,7697,G
1-PB2,740,2,2,7851,0,7855,G
1-PB2,741,1,7849,0,6,7856,T
1-PB2,742,3,0,7854,1,7858,G
1-PB2,743,0,2,7726,1,7729,G
1-PB2,744,7662,1,11,0,7674,A
1-PB2,745,3,0,7705,0,7708,G
1-PB2,746,0,2,7722,0,7724,G
1-PB2,747,7684,0,6,2,7692,A
1-PB2,748,3,0,7755,1,7759,G
1-PB2,749,1,7634,0,4,7639,T
1-PB2,750,0,4,7668,0,7672,G
1-PB2,751,7652,2,14,0,7668,A
1-PB2,752,0,5,7689,1,7695,G
1-PB2,753,2,4,7730,0,7736,G
1-PB2,754,7676,1,2,0,7679,A
1-PB2,755,7680,0,3,1,7684,A
1-PB2,756,2,7702,0,0,7704,T
1-PB2,757,1,2,7692,0,7695,G
1-PB2,758,7692,2,6,0,7700,A
1-PB2,759,0,2,0,7665,7667,C
1-PB2,760,3,2,7663,1,7669,G
1-PB2,761,7770,1,2,1,7774,A
1-PB2,762,2,7741,0,3,7746,T
1-PB2,763,1,1,7799,0,7801,G
1-PB2,764,0,7789,0,1,7790,T
1-PB2,765,2,7753,0,2,7757,T
1-PB2,766,4,1,7804,0,7809,G
1-PB2,767,7828,1,4,0,7833,A
1-PB2,768,0,1,0,7838,7839,C
1-PB2,769,0,4,0,7827,7831,C
1-PB2,770,7737,3,0,1,7741,A
1-PB2,771,7756,1,2,2,7761,A
1-PB2,772,7789,1,4,0,7794,A
1-PB2,773,0,0,7979,0,7979,G
1-PB2,774,1,3,0,7995,7999,C
1-PB2,775,1,0,1,7979,7981,C
1-PB2,776,1,8050,0,2,8053,T
1-PB2,777,8073,0,1,0,8074,A
1-PB2,778,8071,0,2,0,8073,A
1-PB2,779,0,8095,1,1,8097,T
1-PB2,780,0,8079,0,1,8080,T
1-PB2,781,8025,0,1,1,8027,A
1-PB2,782,2,7913,0,1,7916,T
1-PB2,783,1,7881,0,5,7887,T
1-PB2,784,1,3,7816,0,7820,G
1-PB2,785,1,3,0,7861,7865,C
1-PB2,786,6,2,7869,0,7877,G
1-PB2,787,1,1,8021,0,8023,G
1-PB2,788,1,1,0,8034,8036,C
1-PB2,789,2,2,0,8070,8074,C
1-PB2,790,8066,2,3,0,8071,A
1-PB2,791,1,1,8163,0,8165,G
1-PB2,792,0,2,8226,0,8228,G
1-PB2,793,8227,2,6,0,8235,A
1-PB2,794,8271,2,6,0,8279,A
1-PB2,795,0,1,0,8310,8311,C
1-PB2,796,8246,1,3,1,8251,A
1-PB2,797,1,8392,0,3,8396,T
1-PB2,798,8531,1,4,1,8537,A
1-PB2,799,2,1,8617,0,8620,G
1-PB2,800,0,8555,0,2,8557,T
1-PB2,801,8537,0,0,0,8537,A
1-PB2,802,8509,0,3,0,8512,A
1-PB2,803,2,2,8517,0,8521,G
1-PB2,804,8499,0,4,1,8504,A
1-PB2,805,8389,2,5,0,8396,A
1-PB2,806,0,2,8388,0,8390,G
1-PB2,807,8230,1,6,1,8238,A
1-PB2,808,1,0,8224,0,8225,G
1-PB2,809,5,1,2,8220,8228,C
1-PB2,810,1,1,1,8212,8215,C
1-PB2,811,0,0,8233,1,8234,G
1-PB2,812,0,0,0,8304,8304,C
1-PB2,813,8336,1,4,0,8341,A
1-PB2,814,2,0,8903,0,8905,G
1-PB2,815,2,8896,0,3,8901,T
1-PB2,816,8925,0,2,1,8928,A
1-PB2,817,1,8885,1,3,8890,T
1-PB2,818,0,0,1,8949,8950,C
1-PB2,819,8942,1,6,0,8949,A
1-PB2,820,3,0,8948,0,8951,G
1-PB2,821,0,3,1,8952,8956,C
1-PB2,822,8656,2,4,0,8662,A
1-PB2,823,1,0,8578,0,8579,G
1-PB2,824,8620,0,2,1,8623,A
1-PB2,825,4,8608,0,1,8613,T
1-PB2,826,2,1,1,8643,8647,C
1-PB2,827,0,3,0,8653,8656,C
1-PB2,828,8674,3,3,0,8680,A
1-PB2,829,3,0,0,8682,8685,C
1-PB2,830,1,8667,1,2,8671,T
1-PB2,831,8685,4,3,1,8693,A
1-PB2,832,1,1,8673,1,8676,G
1-PB2,833,1,2,1,8637,8641,C
1-PB2,834,8637,1,2,0,8640,A
1-PB2,835,1,8679,0,1,8681,T
1-PB2,836,0,1,0,8783,8784,C
1-PB2,837,0,8759,0,3,8762,T
1-PB2,838,1,8964,1,5,8971,T
1-PB2,839,0,8989,0,2,8991,T
1-PB2,840,8996,0,1,0,8997,A
1-PB2,841,2,9015,0,3,9020,T
1-PB2,842,1,8982,2,4,8989,T
1-PB2,843,2,3,8980,1,8986,G
1-PB2,844,0,0,8999,0,8999,G
1-PB2,845,8869,1,17,0,8887,A
1-PB2,846,0,1,8900,1,8902,G
1-PB2,847,8888,1,3,0,8892,A
1-PB2,848,0,8861,0,0,8861,T
1-PB2,849,3,0,9027,0,9030,G
1-PB2,850,1,9032,0,8,9041,T
1-PB2,851,5,4,9003,0,9012,G
1-PB2,852,3,2,0,9024,9029,C
1-PB2,853,1,2,1,9032,9036,C
1-PB2,854,9018,2,3,2,9025,A
1-PB2,855,3,2,0,9020,9025,C
1-PB2,856,8948,2,4,1,8955,A
1-PB2,857,2,1,9072,0,9075,G
1-PB2,858,0,2,1,8912,8915,C
1-PB2,859,8903,2,17,0,8922,A
1-PB2,860,0,2,0,8912,8914,C
1-PB2,861,8901,2,13,1,8917,A
1-PB2,862,1,4,1,8970,8976,C
1-PB2,863,8955,1,1,0,8957,A
1-PB2,864,8966,0,1,0,8967,A
1-PB2,865,8958,1,3,1,8963,A
1-PB2,866,3,8802,3,0,8808,T
1-PB2,867,1,8807,1,4,8813,T
1-PB2,868,3,1,8779,0,8783,G
1-PB2,869,0,1,8766,0,8767,G
1-PB2,870,4,3,0,8761,8768,C
1-PB2,871,4,1,8722,0,8727,G
1-PB2,872,1,1,8731,1,8734,G
1-PB2,873,8706,0,6,1,8713,A
1-PB2,874,8929,0,0,0,8929,A
1-PB2,875,1,2,1,8935,8939,C
1-PB2,876,8957,2,2,0,8961,A
1-PB2,877,8956,3,10,0,8969,A
1-PB2,878,3,1,9006,0,9010,G
1-PB2,879,1,0,9019,2,9022,G
1-PB2,880,9042,0,7,0,9049,A
1-PB2,881,1,8743,0,0,8744,T
1-PB2,882,1,0,8755,0,8756,G
1-PB2,883,1,1,8794,0,8796,G
1-PB2,884,2,8752,0,2,8756,T
1-PB2,885,2,2,8743,1,8748,G
1-PB2,886,3,2,8735,1,8741,G
1-PB2,887,8705,3,6,0,8714,A
1-PB2,888,2,3,0,8708,8713,C
1-PB2,889,8638,1,2,1,8642,A
1-PB2,890,1,9830,0,2,9833,T
1-PB2,891,1,9794,0,7,9802,T
1-PB2,892,3,1,0,9830,9834,C
1-PB2,893,1,9768,1,0,9770,T
1-PB2,894,0,9773,0,3,9776,T
1-PB2,895,9784,2,1,0,9787,A
1-PB2,896,2,1,9827,1,9831,G
1-PB2,897,9802,2,8,0,9812,A
1-PB2,898,0,2,1,9812,9815,C
1-PB2,899,8658,0,2,0,8660,A
1-PB2,900,0,0,8755,0,8755,G
1-PB2,901,8713,0,3,0,8716,A
1-PB2,902,8736,0,5,0,8741,A
1-PB2,903,0,3,0,8725,8728,C
1-PB2,904,4,2,1,8696,8703,C
1-PB2,905,4,3,1,8701,8709,C
1-PB2,906,5,1,8714,0,8720,G
1-PB2,907,8698,1,40,0,8739,A
1-PB2,908,2,1,0,8771,8774,C
1-PB2,909,2,8664,1,5,8672,T
1-PB2,910,2,0,8732,1,8735,G
1-PB2,911,8716,2,4,1,8723,A
1-PB2,912,8745,4,7,1,8757,A
1-PB2,913,1,0,8775,0,8776,G
1-PB2,914,8747,0,4,2,8753,A
1-PB2,915,8760,2,2,0,8764,A
1-PB2,916,0,2,0,8744,8746,C
1-PB2,917,8704,1,2,1,8708,A
1-PB2,918,8735,0,4,0,8739,A
1-PB2,919,1,0,8849,0,8850,G
1-PB2,920,2,1,0,8894,8897,C
1-PB2,921,2,8839,0,2,8843,T
1-PB2,922,0,0,8979,1,8980,G
1-PB2,923,0,8967,0,1,8968,T
1-PB2,924,1,1,9099,1,9102,G
1-PB2,925,1,1,9432,0,9434,G
1-PB2,926,9423,5,8,6,9442,A
1-PB2,927,0,9423,0,2,9425,T
1-PB2,928,9332,1,0,0,9333,A
1-PB2,929,0,9233,1,1,9235,T
1-PB2,930,9513,3,2,0,9518,A
1-PB2,931,2,9375,1,2,9380,T
1-PB2,932,3,2,9365,0,9370,G
1-PB2,933,1,2,1,9249,9253,C
1-PB2,934,8880,2,5,0,8887,A
1-PB2,935,8880,1,8,1,8890,A
1-PB2,936,0,1,8877,0,8878,G
1-PB2,937,0,1,8874,0,8875,G
1-PB2,938,0,0,1,8878,8879,C
1-PB2,939,2,8674,1,7,8684,T
1-PB2,940,2,1,8721,0,8724,G
1-PB2,941,2,2,1,8729,8734,C
1-PB2,942,8743,0,4,0,8747,A
1-PB2,943,8750,1,5,0,8756,A
1-PB2,944,2,8721,1,2,8726,T
1-PB2,945,1,2,8734,0,8737,G
1-PB2,946,0,1,8673,2,8676,G
1-PB2,947,1,0,8739,1,8741,G
1-PB2,948,8742,2,9,0,8753,A
1-PB2,949,0,8722,1,5,8728,T
1-PB2,950,0,8670,0,2,8672,T
1-PB2,951,2,2,8693,0,8697,G
1-PB2,952,8667,0,7,0,8674,A
1-PB2,953,1,1,8748,0,8750,G
1-PB2,954,8689,2,3,1,8695,A
1-PB2,955,8612,3,0,1,8616,A
1-PB2,956,0,8540,1,0,8541,T
1-PB2,957,1,2,0,8564,8567,C
1-PB2,958,8562,0,3,0,8565,A
1-PB2,959,1,2,8625,0,8628,G
1-PB2,960,0,0,0,8597,8597,C
1-PB2,961,1,8541,0,21,8563,T
1-PB2,962,2,0,1,8533,8536,C
1-PB2,963,8537,1,1,0,8539,A
1-PB2,964,1,8684,0,2,8687,T
1-PB2,965,3,2,0,8698,8703,C
1-PB2,966,2,1,0,8744,8747,C
1-PB2,967,0,8704,1,11,8716,T
1-PB2,968,2,8657,2,6,8667,T
1-PB2,969,3,0,0,8669,8672,C
1-PB2,970,8678,1,3,0,8682,A
1-PB2,971,1,1,8777,0,8779,G
1-PB2,972,2,0,0,8759,8761,C
1-PB2,973,0,8612,0,18,8630,T
1-PB2,974,3,8624,2,2,8631,T
1-PB2,975,1,8594,0,2,8597,T
1-PB2,976,3,0,8596,0,8599,G
1-PB2,977,3,1,8608,0,8612,G
1-PB2,978,2,8594,1,8,8605,T
1-PB2,979,1,2,8639,0,8642,G
1-PB2,980,0,1,8641,2,8644,G
1-PB2,981,0,0,8714,0,8714,G
1-PB2,982,2,8686,1,6,8695,T
1-PB2,983,2,8671,1,4,8678,T
1-PB2,984,1,8680,0,3,8684,T
1-PB2,985,8702,1,3,1,8707,A
1-PB2,986,1,1,2,8722,8726,C
1-PB2,987,8743,1,1,0,8745,A
1-PB2,988,1,8708,0,2,8711,T
1-PB2,989,1,8564,0,3,8568,T
1-PB2,990,1,8540,2,1,8544,T
1-PB2,991,8546,2,2,0,8550,A
1-PB2,992,8548,1,2,1,8552,A
1-PB2,993,8551,2,2,0,8555,A
1-PB2,994,8509,1,12,0,8522,A
1-PB2,995,1,1,8561,1,8564,G
1-PB2,996,8505,1,5,0,8511,A
1-PB2,997,8516,1,2,1,8520,A
1-PB2,998,1,2,1,8522,8526,C
1-PB2,999,8335,2,157,1,8495,A
1-PB2,1000,8515,0,3,0,8518,A
1-PB2,1001,0,1,8502,1,8504,G
1-PB2,1002,2,3,1,8524,8530,C
1-PB2,1003,1,2,8516,0,8519,G
1-PB2,1004,3,2,8518,0,8523,G
1-PB2,1005,2,1,8538,0,8541,G
1-PB2,1006,2,8504,1,6,8513,T
1-PB2,1007,5,2,1,8489,8497,C
1-PB2,1008,8523,1,3,0,8527,A
1-PB2,1009,1,8491,2,3,8497,T
1-PB2,1010,1,1,1,8516,8519,C
1-PB2,1011,8499,1,5,0,8505,A
1-PB2,1012,1,0,8569,1,8571,G
1-PB2,1013,0,8475,1,4,8480,T
1-PB2,1014,0,1,0,8469,8470,C
1-PB2,1015,8478,3,4,0,8485,A
1-PB2,1016,8490,0,2,1,8493,A
1-PB2,1017,8487,0,0,0,8487,A
1-PB2,1018,8479,0,2,1,8482,A
1-PB2,1019,8520,1,2,0,8523,A
1-PB2,1020,8516,0,11,0,8527,A
1-PB2,1021,2,1,8564,0,8567,G
1-PB2,1022,8536,0,5,2,8543,A
1-PB2,1023,8505,1,36,0,8542,A
1-PB2,1024,0,1,8545,1,8547,G
1-PB2,1025,8523,2,3,1,8529,A
1-PB2,1026,8378,1,11,1,8391,A
1-PB2,1027,0,0,8383,0,8383,G
1-PB2,1028,8352,0,5,1,8358,A
1-PB2,1029,0,0,8369,0,8369,G
1-PB2,1030,0,0,8476,1,8477,G
1-PB2,1031,3,8469,0,3,8475,T
1-PB2,1032,3,0,8593,0,8596,G
1-PB2,1033,2,0,0,8648,8650,C
1-PB2,1034,0,8640,1,12,8653,T
1-PB2,1035,0,8675,1,1,8677,T
1-PB2,1036,8664,2,3,0,8669,A
1-PB2,1037,0,3,0,8674,8677,C
1-PB2,1038,8589,1,4,1,8595,A
1-PB2,1039,1,0,8591,0,8592,G
1-PB2,1040,3,0,8563,0,8566,G
1-PB2,1041,1,4,2,8437,8444,C
1-PB2,1042,8319,1,0,0,8320,A
1-PB2,1043,8327,1,1,0,8329,A
1-PB2,1044,0,8447,2,1,8450,T
1-PB2,1045,3,1,0,8534,8538,C
1-PB2,1046,1,8521,1,13,8536,T
1-PB2,1047,5,0,5,8525,8535,C
1-PB2,1048,1,2,2,8535,8540,C
1-PB2,1049,8540,1,4,0,8545,A
1-PB2,1050,8526,1,2,0,8529,A
1-PB2,1051,8549,3,5,1,8558,A
1-PB2,1052,0,1,0,8603,8604,C
1-PB2,1053,8367,0,2,0,8369,A
1-PB2,1054,0,8270,0,1,8271,T
1-PB2,1055,3,8168,0,3,8174,T
1-PB2,1056,1,1,8190,0,8192,G
1-PB2,1057,8160,3,4,2,8169,A
1-PB2,1058,0,0,8084,1,8085,G
1-PB2,1059,8418,0,0,0,8418,A
1-PB2,1060,8422,0,0,1,8423,A
1-PB2,1061,1,8480,1,3,8485,T
1-PB2,1062,8489,1,2,0,8492,A
1-PB2,1063,8503,0,7,1,8511,A
1-PB2,1064,0,2,8758,0,8760,G
1-PB2,1065,8627,0,11,0,8638,A
1-PB2,1066,0,1,8886,1,8888,G
1-PB2,1067,0,8630,2,0,8632,T
1-PB2,1068,8676,1,3,0,8680,A
1-PB2,1069,1,1,0,8842,8844,C
1-PB2,1070,8770,4,0,1,8775,A
1-PB2,1071,2,8764,1,1,8768,T
1-PB2,1072,3,1,8741,0,8745,G
1-PB2,1073,8482,1,5,1,8489,A
1-PB2,1074,3,5,8553,0,8561,G
1-PB2,1075,2,7,8551,1,8561,G
1-PB2,1076,3,2,8971,0,8976,G
1-PB2,1077,2,2,9021,1,9026,G
1-PB2,1078,0,8851,1,2,8854,T
1-PB2,1079,8886,0,2,1,8889,A
1-PB2,1080,2,8836,1,4,8843,T
1-PB2,1081,2,0,8873,0,8875,G
1-PB2,1082,8855,2,3,1,8861,A
1-PB2,1083,0,2,8829,1,8832,G
1-PB2,1084,3,0,8781,1,8785,G
1-PB2,1085,8090,1,3,2,8096,A
1-PB2,1086,2,1,8364,0,8367,G
1-PB2,1087,0,8361,0,4,8365,T
1-PB2,1088,2,8570,1,9,8582,T
1-PB2,1089,1,0,0,8623,8624,C
1-PB2,1090,8609,10,3,1,8623,A
1-PB2,1091,1,3,1,8625,8630,C
1-PB2,1092,8596,1,3,2,8602,A
1-PB2,1093,8613,1,4,0,8618,A
1-PB2,1094,1,8605,0,1,8607,T
1-PB2,1095,3,1,8414,1,8419,G
1-PB2,1096,2,0,8481,0,8483,G
1-PB2,1097,1,8261,1,4,8267,T
1-PB2,1098,3,1,8264,1,8269,G
1-PB2,1099,4,1,8281,0,8286,G
1-PB2,1100,2,0,8284,0,8286,G
1-PB2,1101,2,2,8329,0,8333,G
1-PB2,1102,8292,0,1,0,8293,A
1-PB2,1103,8290,3,8,0,8301,A
1-PB2,1104,8267,1,1,0,8269,A
1-PB2,1105,8108,2,14,1,8125,A
1-PB2,1106,2,3,8202,2,8209,G
1-PB2,1107,8160,2,6,1,8169,A
1-PB2,1108,2,2,8178,0,8182,G
1-PB2,1109,0,1,0,8173,8174,C
1-PB2,1110,8112,1,2,1,8116,A
1-PB2,1111,8113,0,4,0,8117,A
1-PB2,1112,0,2,1,8358,8361,C
1-PB2,1113,8352,1,4,0,8357,A
1-PB2,1114,0,0,8518,0,8518,G
1-PB2,1115,0,2,0,8449,8451,C
1-PB2,1116,0,8435,0,0,8435,T
1-PB2,1117,8667,1,2,0,8670,A
1-PB2,1118,0,8653,0,4,8657,T
1-PB2,1119,8699,0,6,0,8705,A
1-PB2,1120,3,2,0,8696,8701,C
1-PB2,1121,2,8290,0,3,8295,T
1-PB2,1122,8325,0,2,0,8327,A
1-PB2,1123,8169,1,3,0,8173,A
1-PB2,1124,2,1,8198,0,8201,G
1-PB2,1125,8183,1,2,0,8186,A
1-PB2,1126,7914,1,2,1,7918,A
1-PB2,1127,7918,0,4,0,7922,A
1-PB2,1128,7877,0,12,0,7889,A
1-PB2,1129,2,0,7899,0,7901,G
1-PB2,1130,0,3,0,7893,7896,C
1-PB2,1131,7868,4,4,1,7877,A
1-PB2,1132,7883,1,5,0,7889,A
1-PB2,1133,3,1,1,7932,7937,C
1-PB2,1134,2,1,0,7944,7947,C
1-PB2,1135,7951,0,3,0,7954,A
1-PB2,1136,0,0,7991,0,7991,G
1-PB2,1137,7975,0,0,2,7977,A
1-PB2,1138,7968,1,4,1,7974,A
1-PB2,1139,0,1,8013,0,8014,G
1-PB2,1140,7993,2,5,0,8000,A
1-PB2,1141,1,7972,1,2,7976,T
1-PB2,1142,2,7931,1,2,7936,T
1-PB2,1143,0,0,7956,2,7958,G
1-PB2,1144,1,0,8101,0,8102,G
1-PB2,1145,2,8055,2,12,8071,T
1-PB2,1146,1,8033,1,8,8043,T
1-PB2,1147,3,2,2,8048,8055,C
1-PB2,1148,8019,0,1,0,8020,A
1-PB2,1149,7988,1,5,2,7996,A
1-PB2,1150,0,2,0,8554,8556,C
1-PB2,1151,0,8538,1,8,8547,T
1-PB2,1152,3,0,0,8632,8635,C
1-PB2,1153,8498,1,1,2,8502,A
1-PB2,1154,2,8519,0,2,8523,T
1-PB2,1155,8528,0,2,1,8531,A
1-PB2,1156,0,1,8558,0,8559,G
1-PB2,1157,1,8260,0,7,8268,T
1-PB2,1158,1,0,8346,0,8347,G
1-PB2,1159,8037,0,3,1,8041,A
1-PB2,1160,2,0,8148,1,8151,G
1-PB2,1161,1,8109,2,4,8116,T
1-PB2,1162,0,2,8116,1,8119,G
1-PB2,1163,0,0,8182,0,8182,G
1-PB2,1164,8181,1,1,0,8183,A
1-PB2,1165,8139,0,11,0,8150,A
1-PB2,1166,0,2,8173,1,8176,G
1-PB2,1167,8046,1,4,0,8051,A
1-PB2,1168,0,1,8099,0,8100,G
1-PB2,1169,8018,1,4,0,8023,A
1-PB2,1170,1,2,0,8015,8018,C
1-PB2,1171,4,5,8016,0,8025,G
1-PB2,1172,7959,3,4,3,7969,A
1-PB2,1173,7985,0,17,3,8005,A
1-PB2,1174,1,0,0,8007,8008,C
1-PB2,1175,7944,0,9,2,7955,A
1-PB2,1176,2,0,8352,0,8354,G
1-PB2,1177,1,8308,0,7,8316,T
1-PB2,1178,1,1,1,8308,8311,C
1-PB2,1179,8323,2,3,2,8330,A
1-PB2,1180,8305,0,9,6,8320,A
1-PB2,1181,3,8311,0,0,8314,T
1-PB2,1182,8298,1,3,3,8305,A
1-PB2,1183,2,0,8291,0,8293,G
1-PB2,1184,2,2,0,8252,8256,C
1-PB2,1185,1,0,1,7992,7994,C
1-PB2,1186,3,2,7960,0,7965,G
1-PB2,1187,7959,0,0,2,7961,A
1-PB2,1188,7974,1,4,0,7979,A
1-PB2,1189,1,1,8065,1,8068,G
1-PB2,1190,1,1,1,8232,8235,C
1-PB2,1191,8229,2,4,0,8235,A
1-PB2,1192,8227,2,1,2,8232,A
1-PB2,1193,0,8225,0,1,8226,T
1-PB2,1194,8262,0,4,1,8267,A
1-PB2,1195,8338,0,2,2,8342,A
1-PB2,1196,0,8336,1,1,8338,T
1-PB2,1197,2,0,0,8313,8315,C
1-PB2,1198,0,1,8269,0,8270,G
1-PB2,1199,3,8068,0,10,8081,T
1-PB2,1200,3,1,8045,1,8050,G
1-PB2,1201,5,4,8132,0,8141,G
1-PB2,1202,2,1,0,8122,8125,C
1-PB2,1203,0,3,1,8116,8120,C
1-PB2,1204,8055,2,2,2,8061,A
1-PB2,1205,0,8051,1,6,8058,T
1-PB2,1206,3,0,8081,0,8084,G
1-PB2,1207,3,1,8190,0,8194,G
1-PB2,1208,1,8160,2,3,8166,T
1-PB2,1209,2,0,8203,0,8205,G
1-PB2,1210,0,8026,3,1,8030,T
1-PB2,1211,1,8000,0,10,8011,T
1-PB2,1212,2,8020,0,1,8023,T
1-PB2,1213,2,8015,0,6,8023,T
1-PB2,1214,0,5,0,8086,8091,C
1-PB2,1215,8076,1,0,0,8077,A
1-PB2,1216,1,1,0,8169,8171,C
1-PB2,1217,8034,0,7,1,8042,A
1-PB2,1218,7977,0,0,0,7977,A
1-PB2,1219,0,1,7970,1,7972,G
1-PB2,1220,7926,4,1,0,7931,A
1-PB2,1221,7778,0,70,0,7848,A
1-PB2,1222,1,0,7962,0,7963,G
1-PB2,1223,7962,0,6,1,7969,A
1-PB2,1224,0,7981,0,4,7985,T
1-PB2,1225,2,7828,0,7,7837,T
1-PB2,1226,0,0,7843,0,7843,G
1-PB2,1227,2,2,0,7743,7747,C
1-PB2,1228,7765,0,6,0,7771,A
1-PB2,1229,1,7816,0,4,7821,T
1-PB2,1230,2,2,8065,0,8069,G
1-PB2,1231,8109,1,2,0,8112,A
1-PB2,1232,1,8156,0,3,8160,T
1-PB2,1233,8119,0,1,1,8121,A
1-PB2,1234,8117,0,5,1,8123,A
1-PB2,1235,8119,1,3,0,8123,A
1-PB2,1236,8123,0,5,2,8130,A
1-PB2,1237,1,0,8127,0,8128,G
1-PB2,1238,1,1,0,8276,8278,C
1-PB2,1239,8289,0,2,4,8295,A
1-PB2,1240,1,1,8526,2,8530,G
1-PB2,1241,1,8490,1,2,8494,T
1-PB2,1242,3,8488,0,3,8494,T
1-PB2,1243,8507,1,2,0,8510,A
1-PB2,1244,3,3,8526,1,8533,G
1-PB2,1245,8473,0,3,3,8479,A
1-PB2,1246,2,1,8473,0,8476,G
1-PB2,1247,2,2,8449,0,8453,G
1-PB2,1248,3,8075,0,3,8081,T
1-PB2,1249,1,1,8086,0,8088,G
1-PB2,1250,8106,2,8,2,8118,A
1-PB2,1251,3,4,0,8124,8131,C
1-PB2,1252,2,0,1,8135,8138,C
1-PB2,1253,0,8091,0,10,8101,T
1-PB2,1254,1,1,8129,0,8131,G
1-PB2,1255,8123,1,3,1,8128,A
1-PB2,1256,8123,1,1,1,8126,A
1-PB2,1257,0,8114,1,2,8117,T
1-PB2,1258,1,8161,0,3,8165,T
1-PB2,1259,4,8187,0,3,8194,T
1-PB2,1260,1,2,0,8193,8196,C
1-PB2,1261,3,0,8192,0,8195,G
1-PB2,1262,0,8183,0,10,8193,T
1-PB2,1263,2,2,0,8171,8175,C
1-PB2,1264,8174,4,1,0,8179,A
1-PB2,1265,8192,1,1,1,8195,A
1-PB2,1266,1,2,0,8180,8183,C
1-PB2,1267,8061,1,0,0,8062,A
1-PB2,1268,1,3,8148,2,8154,G
1-PB2,1269,8123,2,8,0,8133,A
1-PB2,1270,1,0,8140,0,8141,G
1-PB2,1271,0,1,0,8148,8149,C
1-PB2,1272,8123,2,3,1,8129,A
1-PB2,1273,8218,0,2,2,8222,A
1-PB2,1274,8201,1,7,1,8210,A
1-PB2,1275,3,8183,0,0,8186,T
1-PB2,1276,1,2,0,8212,8215,C
1-PB2,1277,8141,2,2,1,8146,A
1-PB2,1278,5,1,8144,0,8150,G
1-PB2,1279,0,1,0,8165,8166,C
1-PB2,1280,2,1,8173,0,8176,G
1-PB2,1281,1,1,8538,1,8541,G
1-PB2,1282,1,8464,0,6,8471,T
1-PB2,1283,3,8475,0,2,8480,T
1-PB2,1284,2,1,8484,2,8489,G
1-PB2,1285,8494,0,9,0,8503,A
1-PB2,1286,8565,0,3,0,8568,A
1-PB2,1287,2,3,0,8573,8578,C
1-PB2,1288,5,3,0,8520,8528,C
1-PB2,1289,6,1,0,8586,8593,C
1-PB2,1290,2,1,0,8291,8294,C
1-PB2,1291,8327,1,9,0,8337,A
1-PB2,1292,2,8344,0,10,8356,T
1-PB2,1293,1,0,8373,0,8374,G
1-PB2,1294,1,1,0,8388,8390,C
1-PB2,1295,8326,1,5,0,8332,A
1-PB2,1296,0,8286,0,4,8290,T
1-PB2,1297,0,1,0,8267,8268,C
1-PB2,1298,8202,0,3,1,8206,A
1-PB2,1299,2,0,8315,1,8318,G
1-PB2,1300,0,0,0,8334,8334,C
1-PB2,1301,0,8292,1,14,8307,T
1-PB2,1302,0,8312,1,1,8314,T
1-PB2,1303,3,8294,1,2,8300,T
1-PB2,1304,0,8303,1,1,8305,T
1-PB2,1305,8314,1,1,0,8316,A
1-PB2,1306,8297,2,4,1,8304,A
1-PB2,1307,1,2,8308,0,8311,G
1-PB2,1308,4,4,8237,0,8245,G
1-PB2,1309,0,3,1,8225,8229,C
1-PB2,1310,8212,0,1,0,8213,A
1-PB2,1311,5,8192,3,2,8202,T
1-PB2,1312,3,8223,1,4,8231,T
1-PB2,1313,1,8229,1,5,8236,T
1-PB2,1314,1,8249,2,3,8255,T
1-PB2,1315,1,3,1,8258,8263,C
1-PB2,1316,8251,1,6,1,8259,A
1-PB2,1317,0,1,8260,0,8261,G
1-PB2,1318,8229,2,6,0,8237,A
1-PB2,1319,8241,0,2,1,8244,A
1-PB2,1320,8220,0,4,0,8224,A
1-PB2,1321,3,1,8220,1,8225,G
1-PB2,1322,8267,0,4,0,8271,A
1-PB2,1323,1,8263,1,1,8266,T
1-PB2,1324,0,2,8267,1,8270,G
1-PB2,1325,1,2,1,8256,8260,C
1-PB2,1326,0,0,8281,0,8281,G
1-PB2,1327,8281,0,4,0,8285,A
1-PB2,1328,8274,0,2,0,8276,A
1-PB2,1329,8266,0,1,0,8267,A
1-PB2,1330,0,0,8273,1,8274,G
1-PB2,1331,3,8194,0,8,8205,T
1-PB2,1332,2,1,8207,0,8210,G
1-PB2,1333,0,3,0,8194,8197,C
1-PB2,1334,1,8178,0,16,8195,T
1-PB2,1335,0,8187,2,3,8192,T
1-PB2,1336,0,8193,5,1,8199,T
1-PB2,1337,2,8195,0,4,8201,T
1-PB2,1338,4,8192,1,7,8204,T
1-PB2,1339,1,1,0,8207,8209,C
1-PB2,1340,8215,0,6,0,8221,A
1-PB2,1341,8240,0,3,0,8243,A
1-PB2,1342,8228,1,2,1,8232,A
1-PB2,1343,8267,0,1,0,8268,A
1-PB2,1344,2,8223,0,1,8226,T
1-PB2,1345,0,8252,0,3,8255,T
1-PB2,1346,2,4,8235,0,8241,G
1-PB2,1347,1,2,8236,0,8239,G
1-PB2,1348,5,2,8221,0,8228,G
1-PB2,1349,0,3,8338,1,8342,G
1-PB2,1350,8297,2,8,1,8308,A
1-PB2,1351,2,0,8445,0,8447,G
1-PB2,1352,3,8422,3,2,8430,T
1-PB2,1353,0,8410,3,0,8413,T
1-PB2,1354,1,0,8436,0,8437,G
1-PB2,1355,8424,2,5,0,8431,A
1-PB2,1356,8426,1,17,0,8444,A
1-PB2,1357,4,2,0,8599,8605,C
1-PB2,1358,8489,2,7,1,8499,A
1-PB2,1359,1,2,0,8618,8621,C
1-PB2,1360,8476,1,4,0,8481,A
1-PB2,1361,1,8490,0,6,8497,T
1-PB2,1362,1,4,0,8530,8535,C
1-PB2,1363,2,1,8509,0,8512,G
1-PB2,1364,8549,2,10,0,8561,A
1-PB2,1365,1,5,1,8530,8537,C
1-PB2,1366,8247,0,1,0,8248,A
1-PB2,1367,2,1,8507,0,8510,G
1-PB2,1368,1,8307,0,6,8314,T
1-PB2,1369,0,0,8425,0,8425,G
1-PB2,1370,4,8373,0,7,8384,T
1-PB2,1371,0,2,8388,0,8390,G
1-PB2,1372,8395,1,1,1,8398,A
1-PB2,1373,1,8333,0,15,8349,T
1-PB2,1374,4,5,8339,1,8349,G
1-PB2,1375,0,3,8342,2,8347,G
1-PB2,1376,3,0,8161,1,8165,G
1-PB2,1377,8113,3,7,0,8123,A
1-PB2,1378,8044,1,1,1,8047,A
1-PB2,1379,0,7976,0,1,7977,T
1-PB2,1380,1,2,8079,1,8083,G
1-PB2,1381,8079,4,3,0,8086,A
1-PB2,1382,2,8085,0,2,8089,T
1-PB2,1383,4,8067,1,1,8073,T
1-PB2,1384,4,0,8057,0,8061,G
1-PB2,1385,1,0,8034,0,8035,G
1-PB2,1386,8025,2,2,0,8029,A
1-PB2,1387,7829,0,3,0,7832,A
1-PB2,1388,0,7996,1,0,7997,T
1-PB2,1389,8046,1,1,0,8048,A
1-PB2,1390,1,8081,0,2,8084,T
1-PB2,1391,0,8103,0,6,8109,T
1-PB2,1392,8159,2,1,0,8162,A
1-PB2,1393,0,1,0,8156,8157,C
1-PB2,1394,1,2,0,7994,7997,C
1-PB2,1395,7926,2,4,1,7933,A
1-PB2,1396,0,0,7990,0,7990,G
1-PB2,1397,8137,0,1,1,8139,A
1-PB2,1398,1,8093,0,2,8096,T
1-PB2,1399,8051,1,1,1,8054,A
1-PB2,1400,1,7974,0,5,7980,T
1-PB2,1401,0,3,7932,1,7936,G
1-PB2,1402,7984,1,1,1,7987,A
1-PB2,1403,2,0,0,8009,8011,C
1-PB2,1404,2,7958,0,6,7966,T
1-PB2,1405,0,1,0,7967,7968,C
1-PB2,1406,1,1,0,7814,7816,C
1-PB2,1407,7840,0,4,0,7844,A
1-PB2,1408,7859,0,6,0,7865,A
1-PB2,1409,1,0,7978,0,7979,G
1-PB2,1410,1,3,0,7939,7943,C
1-PB2,1411,7892,0,4,1,7897,A
1-PB2,1412,0,1,0,7884,7885,C
1-PB2,1413,7815,1,5,1,7822,A
1-PB2,1414,0,0,7843,0,7843,G
1-PB2,1415,7815,0,4,0,7819,A
1-PB2,1416,0,0,7836,0,7836,G
1-PB2,1417,7809,1,1,0,7811,A
1-PB2,1418,0,7560,1,6,7567,T
1-PB2,1419,4,0,7648,0,7652,G
1-PB2,1420,0,7606,1,10,7617,T
1-PB2,1421,3,3,1,7532,7539,C
1-PB2,1422,7605,0,3,1,7609,A
1-PB2,1423,7593,2,0,0,7595,A
1-PB2,1424,1,7587,1,1,7590,T
1-PB2,1425,4,1,7564,0,7569,G
1-PB2,1426,7438,3,3,0,7444,A
1-PB2,1427,0,2,7472,0,7474,G
1-PB2,1428,7338,1,6,0,7345,A
1-PB2,1429,1,0,7370,0,7371,G
1-PB2,1430,3,1,7594,0,7598,G
1-PB2,1431,7592,0,2,0,7594,A
1-PB2,1432,7603,1,3,0,7607,A
1-PB2,1433,1,7593,0,1,7595,T
1-PB2,1434,7600,0,2,0,7602,A
1-PB2,1435,7595,2,4,0,7601,A
1-PB2,1436,0,0,7573,0,7573,G
1-PB2,1437,7523,1,6,0,7530,A
1-PB2,1438,0,0,7544,0,7544,G
1-PB2,1439,1,7030,0,1,7032,T
1-PB2,1440,0,2,0,7058,7060,C
1-PB2,1441,7055,2,8,1,7066,A
1-PB2,1442,2,2,7093,1,7098,G
1-PB2,1443,1,3,0,7101,7105,C
1-PB2,1444,7108,2,1,0,7111,A
1-PB2,1445,7100,0,4,1,7105,A
1-PB2,1446,7088,0,0,2,7090,A
1-PB2,1447,7089,2,2,1,7094,A
1-PB2,1448,0,7081,1,0,7082,T
1-PB2,1449,1,4,7072,0,7077,G
1-PB2,1450,0,1,7064,0,7065,G
1-PB2,1451,3,3,7076,1,7083,G
1-PB2,1452,0,7000,0,1,7001,T
1-PB2,1453,1,0,7013,0,7014,G
1-PB2,1454,0,6987,0,3,6990,T
1-PB2,1455,1,0,6992,0,6993,G
1-PB2,1456,0,0,7052,0,7052,G
1-PB2,1457,7052,2,1,2,7057,A
1-PB2,1458,1,7018,0,2,7021,T
1-PB2,1459,1,2,7045,2,7050,G
1-PB2,1460,6997,2,1,0,7000,A
1-PB2,1461,7012,1,2,1,7016,A
1-PB2,1462,2,6995,0,1,6998,T
1-PB2,1463,6948,1,3,0,6952,A
1-PB2,1464,1,1,0,7207,7209,C
1-PB2,1465,0,7064,0,4,7068,T
1-PB2,1466,3,1,1,7117,7122,C
1-PB2,1467,2,0,2,7107,7111,C
1-PB2,1468,7032,3,3,0,7038,A
1-PB2,1469,0,0,7229,1,7230,G
1-PB2,1470,0,7184,0,1,7185,T
1-PB2,1471,7178,0,40,0,7218,A
1-PB2,1472,0,1,0,7218,7219,C
1-PB2,1473,6476,0,1,0,6477,A
1-PB2,1474,0,0,6484,1,6485,G
1-PB2,1475,6335,0,2,2,6339,A
1-PB2,1476,1,0,6356,0,6357,G
1-PB2,1477,6158,0,1,0,6159,A
1-PB2,1478,0,2,5897,0,5899,G
1-PB2,1479,2,2,5872,0,5876,G
1-PB2,1480,0,0,5862,0,5862,G
1-PB2,1481,2,5780,2,2,5786,T
1-PB2,1482,0,0,5778,0,5778,G
1-PB2,1483,1,0,5770,1,5772,G
1-PB2,1484,0,5735,0,3,5738,T
1-PB2,1485,0,0,5843,1,5844,G
1-PB2,1486,1,0,5832,0,5833,G
1-PB2,1487,0,5673,0,2,5675,T
1-PB2,1488,0,5667,0,1,5668,T
1-PB2,1489,5581,2,2,2,5587,A
1-PB2,1490,1,0,5599,0,5600,G
1-PB2,1491,0,2,1,5581,5584,C
1-PB2,1492,5546,1,0,1,5548,A
1-PB2,1493,0,5542,0,1,5543,T
1-PB2,1494,0,5154,0,2,5156,T
1-PB2,1495,0,1,5163,0,5164,G
1-PB2,1496,5153,2,2,0,5157,A
1-PB2,1497,1,5161,0,2,5164,T
1-PB2,1498,0,2,0,5167,5169,C
1-PB2,1499,1,1,5107,0,5109,G
1-PB2,1500,0,1,5159,0,5160,G
1-PB2,1501,0,5150,0,4,5154,T
1-PB2,1502,0,5129,1,1,5131,T
1-PB2,1503,0,5128,0,1,5129,T
1-PB2,1504,0,5129,0,2,5131,T
1-PB2,1505,0,5141,0,1,5142,T
1-PB2,1506,0,1,5143,0,5144,G
1-PB2,1507,5118,0,5,0,5123,A
1-PB2,1508,0,1,5136,1,5138,G
1-PB2,1509,4935,0,2,0,4937,A
1-PB2,1510,1,0,4949,0,4950,G
1-PB2,1511,1,4945,0,2,4948,T
1-PB2,1512,2,4924,0,3,4929,T
1-PB2,1513,0,0,1,4942,4943,C
1-PB2,1514,2,2,4946,0,4950,G
1-PB2,1515,4948,0,9,0,4957,A
1-PB2,1516,2,2,4945,0,4949,G
1-PB2,1517,4937,0,5,0,4942,A
1-PB2,1518,1,2,0,4935,4938,C
1-PB2,1519,0,0,1,4890,4891,C
1-PB2,1520,4855,2,0,1,4858,A
1-PB2,1521,4882,0,0,0,4882,A
1-PB2,1522,0,1,0,4875,4876,C
1-PB2,1523,2,0,4878,0,4880,G
1-PB2,1524,1,4846,0,0,4847,T
1-PB2,1525,1,0,4845,0,4846,G
1-PB2,1526,2,0,4836,0,4838,G
1-PB2,1527,0,0,4840,0,4840,G
1-PB2,1528,4800,0,2,0,4802,A
1-PB2,1529,4800,0,7,0,4807,A
1-PB2,1530,0,4636,0,0,4636,T
1-PB2,1531,0,0,4739,0,4739,G
1-PB2,1532,0,4707,0,2,4709,T
1-PB2,1533,4706,2,0,0,4708,A
1-PB2,1534,0,4717,0,0,4717,T
1-PB2,1535,1,4624,0,2,4627,T
1-PB2,1536,4648,0,0,0,4648,A
1-PB2,1537,0,4615,0,2,4617,T
1-PB2,1538,0,4561,0,2,4563,T
1-PB2,1539,4557,0,0,0,4557,A
1-PB2,1540,1,3977,1,3,3982,T
1-PB2,1541,0,0,0,4017,4017,C
1-PB2,1542,2,3939,0,3,3944,T
1-PB2,1543,0,0,0,3930,3930,C
1-PB2,1544,0,1,0,3927,3928,C
1-PB2,1545,0,3796,0,4,3800,T
1-PB2,1546,0,1,3809,0,3810,G
1-PB2,1547,3786,0,1,0,3787,A
1-PB2,1548,0,0,3796,0,3796,G
1-PB2,1549,0,0,3791,0,3791,G
1-PB2,1550,3259,0,2,0,3261,A
1-PB2,1551,0,0,3269,0,3269,G
1-PB2,1552,0,1,3237,0,3238,G
1-PB2,1553,0,3138,0,0,3138,T
1-PB2,1554,1,0,0,3143,3144,C
1-PB2,1555,3106,1,3,1,3111,A
1-PB2,1556,0,0,3127,0,3127,G
1-PB2,1557,2,3109,0,1,3112,T
1-PB2,1558,1,1,3112,0,3114,G
1-PB2,1559,3109,0,4,0,3113,A
1-PB2,1560,2979,0,2,0,2981,A
1-PB2,1561,2977,0,7,0,2984,A
1-PB2,1562,0,1,0,2978,2979,C
1-PB2,1563,2943,0,2,0,2945,A
1-PB2,1564,0,0,0,2947,2947,C
1-PB2,1565,2766,0,5,1,2772,A
1-PB2,1566,1,0,2768,0,2769,G
1-PB2,1567,0,0,2753,0,2753,G
1-PB2,1568,0,1,2759,1,2761,G
1-PB2,1569,2758,0,1,0,2759,A
1-PB2,1570,2704,2,2,0,2708,A
1-PB2,1571,0,0,0,2715,2715,C
1-PB2,1572,0,2661,0,0,2661,T
1-PB2,1573,0,0,2660,0,2660,G
1-PB2,1574,2633,1,0,0,2634,A
1-PB2,1575,0,0,2636,0,2636,G
1-PB2,1576,2540,0,1,0,2541,A
1-PB2,1577,0,0,2340,0,2340,G
1-PB2,1578,2335,0,1,0,2336,A
1-PB2,1579,0,0,0,2319,2319,C
1-PB2,1580,1,2211,0,0,2212,T
1-PB2,1581,0,0,2227,0,2227,G
1-PB2,1582,2206,0,1,0,2207,A
1-PB2,1583,0,0,0,2201,2201,C
1-PB2,1584,2190,0,0,0,2190,A
1-PB2,1585,2188,1,0,0,2189,A
1-PB2,1586,0,2172,0,1,2173,T
1-PB2,1587,2140,0,0,0,2140,A
1-PB2,1588,2142,0,2,0,2144,A
1-PB2,1589,0,0,0,2142,2142,C
1-PB2,1590,0,1903,0,5,1908,T
1-PB2,1591,0,1869,0,0,1869,T
1-PB2,1592,1833,1,0,0,1834,A
1-PB2,1593,0,1832,0,0,1832,T
1-PB2,1594,0,1824,0,2,1826,T
1-PB2,1595,0,0,0,1821,1821,C
1-PB2,1596,1620,0,0,0,1620,A
1-PB2,1597,1,1614,0,0,1615,T
1-PB2,1598,1,0,0,1526,1527,C
1-PB2,1599,1,0,1516,0,1517,G
1-PB2,1600,1,1509,0,0,1510,T
1-PB2,1601,0,0,0,1484,1484,C
1-PB2,1602,1,0,1486,0,1487,G
1-PB2,1603,1488,0,1,0,1489,A
1-PB2,1604,1,1480,0,1,1482,T
1-PB2,1605,1,0,1476,0,1477,G
1-PB2,1606,1465,0,0,0,1465,A
1-PB2,1607,0,1451,1,0,1452,T
1-PB2,1608,0,0,1435,0,1435,G
1-PB2,1609,0,1325,0,0,1325,T
1-PB2,1610,0,0,1314,0,1314,G
1-PB2,1611,0,0,1311,0,1311,G
1-PB2,1612,1,0,1302,0,1303,G
1-PB2,1613,1237,0,1,0,1238,A
1-PB2,1614,0,0,1217,0,1217,G
1-PB2,1615,1000,0,0,0,1000,A
1-PB2,1616,0,930,0,0,930,T
1-PB2,1617,0,869,0,1,870,T
1-PB2,1618,862,0,0,1,863,A
1-PB2,1619,846,1,0,0,847,A
1-PB2,1620,1,0,0,821,822,C
1-PB2,1621,0,0,673,0,673,G
1-PB2,1622,0,0,630,0,630,G
1-PB2,1623,0,398,0,0,398,T
1-PB2,1624,0,0,0,386,386,C
1-PB2,1625,0,0,0,384,384,C
1-PB2,1626,0,306,0,0,306,T
1-PB2,1627,0,0,304,0,304,G
1-PB2,1628,307,0,0,0,307,A
1-PB2,1629,0,0,306,0,306,G
1-PB2,1630,0,307,0,0,307,T
1-PB2,1631,0,0,1,295,296,C
1-PB2,1632,0,0,295,0,295,G
1-PB2,1633,0,0,297,0,297,G
1-PB2,1634,0,296,0,0,296,T
1-PB2,1635,0,296,0,0,296,T
1-PB2,1636,0,294,0,0,294,T
1-PB2,1637,0,295,0,0,295,T
1-PB2,1638,0,0,309,0,309,G
1-PB2,1639,0,0,310,0,310,G
1-PB2,1640,0,309,0,0,309,T
1-PB2,1641,0,1,0,307,308,C
1-PB2,1642,302,0,0,0,302,A
1-PB2,1643,310,0,0,0,310,A
1-PB2,1644,0,311,0,0,311,T
1-PB2,1645,316,0,0,0,316,A
1-PB2,1646,0,0,0,324,324,C
1-PB2,1647,0,0,0,310,310,C
1-PB2,1648,0,312,0,0,312,T
1-PB2,1649,320,0,0,0,320,A
1-PB2,1650,0,317,0,0,317,T
1-PB2,1651,0,0,0,321,321,C
1-PB2,1652,309,0,0,0,309,A
1-PB2,1653,309,0,0,0,309,A
1-PB2,1654,1,309,0,0,310,T
1-PB2,1655,0,0,307,0,307,G
1-PB2,1656,0,0,304,0,304,G
1-PB2,1657,306,0,0,0,306,A
1-PB2,1658,0,302,0,0,302,T
1-PB2,1659,0,0,0,304,304,C
1-PB2,1660,305,0,0,0,305,A
1-PB2,1661,0,306,0,0,306,T
1-PB2,1662,0,0,0,305,305,C
1-PB2,1663,307,0,0,0,307,A
1-PB2,1664,0,0,308,0,308,G
1-PB2,1665,307,0,0,0,307,A
1-PB2,1666,306,0,0,0,306,A
1-PB2,1667,306,0,0,0,306,A
1-PB2,1668,0,304,0,0,304,T
1-PB2,1669,0,303,0,1,304,T
1-PB2,1670,0,0,306,0,306,G
1-PB2,1671,0,0,305,0,305,G
1-PB2,1672,0,0,302,0,302,G
1-PB2,1673,302,0,0,1,303,A
1-PB2,1674,303,0,0,0,303,A
1-PB2,1675,0,0,303,0,303,G
1-PB2,1676,0,0,0,303,303,C
1-PB2,1677,0,300,0,0,300,T
1-PB2,1678,0,0,304,0,304,G
1-PB2,1679,0,302,0,0,302,T
1-PB2,1680,0,0,0,301,301,C
1-PB2,1681,303,0,0,0,303,A
1-PB2,1682,303,0,0,0,303,A
1-PB2,1683,303,0,0,0,303,A
1-PB2,1684,303,0,0,0,303,A
1-PB2,1685,0,303,0,0,303,T
1-PB2,1686,0,302,0,0,302,T
1-PB2,1687,0,0,0,301,301,C
1-PB2,1688,303,0,0,0,303,A
1-PB2,1689,302,0,0,0,302,A
1-PB2,1690,0,303,0,0,303,T
1-PB2,1691,0,0,303,0,303,G
1-PB2,1692,0,0,305,0,305,G
1-PB2,1693,0,315,0,0,315,T
1-PB2,1694,0,0,0,315,315,C
1-PB2,1695,0,315,0,0,315,T
1-PB2,1696,0,0,0,316,316,C
1-PB2,1697,316,0,0,0,316,A
1-PB2,1698,0,0,318,0,318,G
1-PB2,1699,318,0,0,0,318,A
1-PB2,1700,315,0,0,0,315,A
1-PB2,1701,0,313,0,0,313,T
1-PB2,1702,0,0,0,305,305,C
1-PB2,1703,0,0,0,312,312,C
1-PB2,1704,0,312,0,0,312,T
1-PB2,1705,0,0,311,0,311,G
1-PB2,1706,0,0,0,311,311,C
1-PB2,1707,311,0,0,0,311,A
1-PB2,1708,317,0,0,0,317,A
1-PB2,1709,0,310,0,0,310,T
1-PB2,1710,0,0,316,0,316,G
1-PB2,1711,0,316,0,1,317,T
1-PB2,1712,0,304,0,0,304,T
1-PB2,1713,0,0,308,0,308,G
1-PB2,1714,0,308,0,0,308,T
1-PB2,1715,308,0,0,0,308,A
1-PB2,1716,0,0,0,309,309,C
1-PB2,1717,302,0,1,0,303,A
1-PB2,1718,304,0,0,0,304,A
1-PB2,1719,0,0,0,299,299,C
1-PB2,1720,284,0,0,0,284,A
1-PB2,1721,295,0,0,0,295,A
1-PB2,1722,290,0,0,0,290,A
1-PB2,1723,291,0,0,0,291,A
1-PB2,1724,0,289,0,0,289,T
1-PB2,1725,0,0,291,0,291,G
1-PB2,1726,0,0,290,0,290,G
1-PB2,1727,289,0,2,0,291,A
1-PB2,1728,292,1,0,0,293,A
1-PB2,1729,0,292,0,0,292,T
1-PB2,1730,0,291,0,1,292,T
1-PB2,1731,0,292,0,0,292,T
1-PB2,1732,0,0,291,0,291,G
1-PB2,1733,292,0,0,0,292,A
1-PB2,1734,292,0,0,0,292,A
1-PB2,1735,0,0,0,291,291,C
1-PB2,1736,0,0,0,289,289,C
1-PB2,1737,295,0,0,0,295,A
1-PB2,1738,0,299,0,0,299,T
1-PB2,1739,0,300,0,0,300,T
1-PB2,1740,0,301,0,0,301,T
1-PB2,1741,0,0,1,299,300,C
1-PB2,1742,301,0,0,0,301,A
1-PB2,1743,302,0,0,0,302,A
1-PB2,1744,0,299,0,0,299,T
1-PB2,1745,0,0,0,304,304,C
1-PB2,1746,0,299,0,0,299,T
1-PB2,1747,0,298,0,0,298,T
1-PB2,1748,0,299,0,0,299,T
1-PB2,1749,299,0,0,0,299,A
1-PB2,1750,1,0,296,0,297,G
1-PB2,1751,0,298,0,0,298,T
1-PB2,1752,0,0,0,305,305,C
1-PB2,1753,0,0,0,307,307,C
1-PB2,1754,1,0,0,304,305,C
1-PB2,1755,0,0,0,302,302,C
1-PB2,1756,305,0,0,0,305,A
1-PB2,1757,303,0,0,0,303,A
1-PB2,1758,0,0,307,0,307,G
1-PB2,1759,0,0,306,0,306,G
1-PB2,1760,1,0,0,303,304,C
1-PB2,1761,0,0,0,300,300,C
1-PB2,1762,302,0,0,0,302,A
1-PB2,1763,0,305,0,0,305,T
1-PB2,1764,0,306,0,0,306,T
1-PB2,1765,307,0,0,0,307,A
1-PB2,1766,0,0,307,0,307,G
1-PB2,1767,296,0,0,0,296,A
1-PB2,1768,314,0,0,0,314,A
1-PB2,1769,0,0,313,0,313,G
1-PB2,1770,0,0,0,318,318,C
1-PB2,1771,0,0,0,318,318,C
1-PB2,1772,311,0,1,0,312,A
1-PB2,1773,315,1,0,0,316,A
1-PB2,1774,0,318,0,0,318,T
1-PB2,1775,320,0,0,0,320,A
1-PB2,1776,0,0,0,322,322,C
1-PB2,1777,297,0,0,0,297,A
1-PB2,1778,0,0,299,0,299,G
1-PB2,1779,0,288,0,0,288,T
1-PB2,1780,0,0,292,0,292,G
1-PB2,1781,0,0,291,0,291,G
1-PB2,1782,0,0,292,0,292,G
1-PB2,1783,0,287,0,0,287,T
1-PB2,1784,0,284,0,0,284,T
1-PB2,1785,0,283,0,0,283,T
1-PB2,1786,0,0,285,0,285,G
1-PB2,1787,0,281,0,1,282,T
1-PB2,1788,0,0,0,282,282,C
1-PB2,1789,279,0,0,0,279,A
1-PB2,1790,0,0,279,0,279,G
1-PB2,1791,278,0,0,0,278,A
1-PB2,1792,278,0,0,0,278,A
1-PB2,1793,0,0,0,278,278,C
1-PB2,1794,0,275,0,0,275,T
1-PB2,1795,0,0,0,283,283,C
1-PB2,1796,0,284,0,0,284,T
1-PB2,1797,284,0,0,0,284,A
1-PB2,1798,0,284,0,0,284,T
1-PB2,1799,0,282,0,0,282,T
1-PB2,1800,0,0,0,282,282,C
1-PB2,1801,1,0,0,280,281,C
1-PB2,1802,278,0,0,0,278,A
1-PB2,1803,279,0,0,0,279,A
1-PB2,1804,0,0,0,280,280,C
1-PB2,1805,278,0,0,0,278,A
1-PB2,1806,278,0,0,0,278,A
1-PB2,1807,275,0,0,0,275,A
1-PB2,1808,0,278,0,0,278,T
1-PB2,1809,1,0,277,0,278,G
1-PB2,1810,277,0,0,0,277,A
1-PB2,1811,0,0,281,0,281,G
1-PB2,1812,276,0,2,0,278,A
1-PB2,1813,0,0,279,0,279,G
1-PB2,1814,281,0,0,0,281,A
1-PB2,1815,0,0,0,277,277,C
1-PB2,1816,0,0,278,0,278,G
1-PB2,1817,0,280,0,0,280,T
1-PB2,1818,284,0,0,0,284,A
1-PB2,1819,0,0,0,284,284,C
1-PB2,1820,0,283,0,0,283,T
1-PB2,1821,0,281,0,0,281,T
1-PB2,1822,0,0,281,0,281,G
1-PB2,1823,0,0,280,0,280,G
1-PB2,1824,0,0,280,0,280,G
1-PB2,1825,279,0,0,0,279,A
1-PB2,1826,0,0,0,277,277,C
1-PB2,1827,281,0,0,0,281,A
1-PB2,1828,0,280,0,0,280,T
1-PB2,1829,1,276,3,0,280,T
1-PB2,1830,0,281,0,0,281,T
1-PB2,1831,0,0,281,0,281,G
1-PB2,1832,279,0,1,0,280,A
1-PB2,1833,0,0,0,282,282,C
1-PB2,1834,281,0,0,0,281,A
1-PB2,1835,0,0,0,280,280,C
1-PB2,1836,0,0,0,277,277,C
1-PB2,1837,282,0,0,0,282,A
1-PB2,1838,0,0,0,284,284,C
1-PB2,1839,0,0,0,284,284,C
1-PB2,1840,0,0,0,283,283,C
1-PB2,1841,278,1,1,0,280,A
1-PB2,1842,0,0,282,0,282,G
1-PB2,1843,281,0,0,0,281,A
1-PB2,1844,0,293,0,0,293,T
1-PB2,1845,290,0,1,0,291,A
1-PB2,1846,285,0,0,0,285,A
1-PB2,1847,0,286,0,0,286,T
1-PB2,1848,282,0,0,0,282,A
1-PB2,1849,280,0,0,0,280,A
1-PB2,1850,280,0,0,0,280,A
1-PB2,1851,0,0,280,0,280,G
1-PB2,1852,0,0,0,276,276,C
1-PB2,1853,0,264,0,0,264,T
1-PB2,1854,0,263,0,0,263,T
1-PB2,1855,0,0,0,262,262,C
1-PB2,1856,0,262,0,0,262,T
1-PB2,1857,1,0,0,263,264,C
1-PB2,1858,0,0,0,264,264,C
1-PB2,1859,0,0,0,267,267,C
1-PB2,1860,0,264,0,0,264,T
1-PB2,1861,0,263,0,0,263,T
1-PB2,1862,0,264,0,0,264,T
1-PB2,1863,0,263,0,0,263,T
1-PB2,1864,0,0,263,0,263,G
1-PB2,1865,0,1,0,263,264,C
1-PB2,1866,260,0,0,0,260,A
1-PB2,1867,0,0,259,0,259,G
1-PB2,1868,0,0,0,261,261,C
1-PB2,1869,0,258,0,2,260,T
1-PB2,1870,0,0,258,1,259,G
1-PB2,1871,0,0,0,259,259,C
1-PB2,1872,0,260,0,0,260,T
1-PB2,1873,0,0,0,259,259,C
1-PB2,1874,0,0,0,260,260,C
1-PB2,1875,262,0,0,0,262,A
1-PB2,1876,0,0,0,264,264,C
1-PB2,1877,0,0,0,262,262,C
1-PB2,1878,262,0,0,0,262,A
1-PB2,1879,264,0,0,0,264,A
1-PB2,1880,265,0,0,0,265,A
1-PB2,1881,0,0,265,0,265,G
1-PB2,1882,0,0,0,264,264,C
1-PB2,1883,258,0,0,0,258,A
1-PB2,1884,257,0,0,0,257,A
1-PB2,1885,258,0,0,0,258,A
1-PB2,1886,0,0,260,0,260,G
1-PB2,1887,0,1,0,259,260,C
1-PB2,1888,258,0,0,0,258,A
1-PB2,1889,0,0,257,0,257,G
1-PB2,1890,254,0,0,0,254,A
1-PB2,1891,259,0,0,0,259,A
1-PB2,1892,0,261,0,0,261,T
1-PB2,1893,0,0,259,0,259,G
1-PB2,1894,0,1,0,258,259,C
1-PB2,1895,253,0,0,0,253,A
1-PB2,1896,0,0,258,0,258,G
1-PB2,1897,1,257,0,0,258,T
1-PB2,1898,0,266,0,0,266,T
1-PB2,1899,0,0,0,266,266,C
1-PB2,1900,0,265,0,0,265,T
1-PB2,1901,0,0,0,270,270,C
1-PB2,1902,0,269,0,0,269,T
1-PB2,1903,0,270,0,0,270,T
1-PB2,1904,0,0,0,270,270,C
1-PB2,1905,266,0,0,0,266,A
1-PB2,1906,0,0,0,267,267,C
1-PB2,1907,0,256,0,0,256,T
1-PB2,1908,0,0,258,0,258,G
1-PB2,1909,255,0,0,0,255,A
1-PB2,1910,0,0,0,267,267,C
1-PB2,1911,0,265,0,1,266,T
1-PB2,1912,0,0,266,0,266,G
1-PB2,1913,0,266,0,0,266,T
1-PB2,1914,0,263,0,0,263,T
1-PB2,1915,269,0,0,0,269,A
1-PB2,1916,279,0,0,0,279,A
1-PB2,1917,0,281,0,0,281,T
1-PB2,1918,0,0,278,0,278,G
1-PB2,1919,0,268,0,0,268,T
1-PB2,1920,258,0,0,0,258,A
1-PB2,1921,258,0,0,0,258,A
1-PB2,1922,0,0,259,0,259,G
1-PB2,1923,0,1,261,0,262,G
1-PB2,1924,1,0,261,0,262,G
1-PB2,1925,0,0,263,0,263,G
1-PB2,1926,262,0,0,0,262,A
1-PB2,1927,0,263,0,0,263,T
1-PB2,1928,0,0,0,265,265,C
1-PB2,1929,266,0,0,0,266,A
1-PB2,1930,0,0,268,0,268,G
1-PB2,1931,1,1,263,0,265,G
1-PB2,1932,0,0,267,0,267,G
1-PB2,1933,268,0,0,0,268,A
1-PB2,1934,0,257,0,0,257,T
1-PB2,1935,0,0,257,0,257,G
1-PB2,1936,257,0,0,0,257,A
1-PB2,1937,0,0,263,0,263,G
1-PB2,1938,261,0,0,0,261,A
1-PB2,1939,253,0,0,0,253,A
1-PB2,1940,0,255,0,0,255,T
1-PB2,1941,253,0,0,0,253,A
1-PB2,1942,0,0,0,257,257,C
1-PB2,1943,0,256,0,0,256,T
1-PB2,1944,0,254,0,0,254,T
1-PB2,1945,0,0,258,0,258,G
1-PB2,1946,0,248,0,0,248,T
1-PB2,1947,250,0,0,0,250,A
1-PB2,1948,247,0,0,0,247,A
1-PB2,1949,0,0,245,0,245,G
1-PB2,1950,0,0,249,0,249,G
1-PB2,1951,0,1,246,0,247,G
1-PB2,1952,1,0,246,0,247,G
1-PB2,1953,0,0,0,245,245,C
1-PB2,1954,245,1,0,0,246,A
1-PB2,1955,253,0,0,0,253,A
1-PB2,1956,0,252,0,1,253,T
1-PB2,1957,0,252,0,0,252,T
1-PB2,1958,0,0,0,252,252,C
1-PB2,1959,0,253,0,0,253,T
1-PB2,1960,0,1,0,253,254,C
1-PB2,1961,0,0,0,255,255,C
1-PB2,1962,0,253,0,0,253,T
1-PB2,1963,0,0,263,0,263,G
1-PB2,1964,0,259,0,0,259,T
1-PB2,1965,258,0,0,0,258,A
1-PB2,1966,0,258,0,0,258,T
1-PB2,1967,0,255,0,0,255,T
1-PB2,1968,0,0,0,256,256,C
1-PB2,1969,253,0,0,0,253,A
1-PB2,1970,256,0,0,0,256,A
1-PB2,1971,0,0,0,257,257,C
1-PB2,1972,0,253,0,0,253,T
1-PB2,1973,254,0,0,0,254,A
1-PB2,1974,0,0,0,261,261,C
1-PB2,1975,260,0,0,0,260,A
1-PB2,1976,260,0,0,0,260,A
1-PB2,1977,0,0,0,259,259,C
1-PB2,1978,257,0,1,0,258,A
1-PB2,1979,258,0,0,0,258,A
1-PB2,1980,0,1,257,0,258,G
1-PB2,1981,257,0,0,0,257,A
1-PB2,1982,0,0,0,261,261,C
1-PB2,1983,0,0,0,251,251,C
1-PB2,1984,249,0,0,0,249,A
1-PB2,1985,0,1,1,252,254,C
1-PB2,1986,0,255,0,0,255,T
1-PB2,1987,255,0,0,0,255,A
1-PB2,1988,255,0,0,0,255,A
1-PB2,1989,254,0,0,0,254,A
1-PB2,1990,254,0,0,0,254,A
1-PB2,1991,0,0,255,0,255,G
1-PB2,1992,252,0,0,0,252,A
1-PB2,1993,0,0,0,255,255,C
1-PB2,1994,0,249,0,0,249,T
1-PB2,1995,140,0,109,0,249,A
1-PB2,1996,249,0,0,0,249,A
1-PB2,1997,0,0,0,250,250,C
1-PB2,1998,250,0,0,0,250,A
1-PB2,1999,248,0,0,0,248,A
1-PB2,2000,0,247,0,0,247,T
1-PB2,2001,0,247,0,0,247,T
1-PB2,2002,0,0,0,245,245,C
1-PB2,2003,0,245,1,0,246,T
1-PB2,2004,0,0,0,248,248,C
1-PB2,2005,0,0,246,0,246,G
1-PB2,2006,0,0,247,0,247,G
1-PB2,2007,248,0,0,0,248,A
1-PB2,2008,247,0,0,0,247,A
1-PB2,2009,248,0,0,0,248,A
1-PB2,2010,248,0,0,0,248,A
1-PB2,2011,0,1,247,0,248,G
1-PB2,2012,248,0,0,0,248,A
1-PB2,2013,0,248,0,0,248,T
1-PB2,2014,0,0,247,0,247,G
1-PB2,2015,0,1,0,246,247,C
1-PB2,2016,0,0,0,245,245,C
1-PB2,2017,0,0,246,0,246,G
1-PB2,2018,0,0,246,0,246,G
1-PB2,2019,0,0,0,246,246,C
1-PB2,2020,246,0,0,0,246,A
1-PB2,2021,0,0,0,250,250,C
1-PB2,2022,0,247,0,0,247,T
1-PB2,2023,0,247,0,0,247,T
1-PB2,2024,0,248,0,0,248,T
1-PB2,2025,248,0,0,0,248,A
1-PB2,2026,248,0,0,0,248,A
1-PB2,2027,0,246,0,1,247,T
1-PB2,2028,0,247,0,0,247,T
1-PB2,2029,0,0,247,0,247,G
1-PB2,2030,240,0,1,0,241,A
1-PB2,2031,242,0,0,0,242,A
1-PB2,2032,0,0,242,0,242,G
1-PB2,2033,248,0,0,0,248,A
1-PB2,2034,0,0,0,248,248,C
1-PB2,2035,0,0,0,248,248,C
1-PB2,2036,0,1,0,247,248,C
1-PB2,2037,248,0,0,0,248,A
1-PB2,2038,0,0,254,0,254,G
1-PB2,2039,254,0,0,0,254,A
1-PB2,2040,0,253,0,0,253,T
1-PB2,2041,0,0,254,0,254,G
1-PB2,2042,248,0,0,0,248,A
1-PB2,2043,249,0,0,0,249,A
1-PB2,2044,249,0,0,0,249,A
1-PB2,2045,0,0,250,0,250,G
1-PB2,2046,0,0,0,249,249,C
1-PB2,2047,248,0,0,0,248,A
1-PB2,2048,0,0,0,247,247,C
1-PB2,2049,247,0,0,0,247,A
1-PB2,2050,0,246,0,0,246,T
1-PB2,2051,0,0,0,247,247,C
1-PB2,2052,0,0,0,246,246,C
1-PB2,2053,0,0,246,0,246,G
1-PB2,2054,0,0,244,0,244,G
1-PB2,2055,243,0,0,0,243,A
1-PB2,2056,0,0,246,0,246,G
1-PB2,2057,0,242,0,0,242,T
1-PB2,2058,0,0,240,0,240,G
1-PB2,2059,0,0,241,0,241,G
1-PB2,2060,237,0,0,0,237,A
1-PB2,2061,0,0,237,0,237,G
1-PB2,2062,0,231,0,0,231,T
1-PB2,2063,0,0,0,231,231,C
1-PB2,2064,0,0,0,231,231,C
1-PB2,2065,0,0,232,0,232,G
1-PB2,2066,1,0,0,230,231,C
1-PB2,2067,0,0,0,231,231,C
1-PB2,2068,0,0,237,0,237,G
1-PB2,2069,0,236,0,0,236,T
1-PB2,2070,0,0,0,239,239,C
1-PB2,2071,0,239,0,0,239,T
1-PB2,2072,0,239,0,0,239,T
1-PB2,2073,0,0,239,0,239,G
1-PB2,2074,239,0,0,0,239,A
1-PB2,2075,0,0,239,0,239,G
1-PB2,2076,237,0,1,0,238,A
1-PB2,2077,0,0,229,0,229,G
1-PB2,2078,0,0,231,0,231,G
1-PB2,2079,0,0,230,0,230,G
1-PB2,2080,0,228,0,0,228,T
1-PB2,2081,0,229,0,0,229,T
1-PB2,2082,0,235,0,0,235,T
1-PB2,2083,0,0,0,233,233,C
1-PB2,2084,0,234,0,0,234,T
1-PB2,2085,0,0,0,241,241,C
1-PB2,2086,240,0,0,0,240,A
1-PB2,2087,0,240,0,0,240,T
1-PB2,2088,0,238,0,0,238,T
1-PB2,2089,241,0,0,0,241,A
1-PB2,2090,0,241,0,0,241,T
1-PB2,2091,237,0,0,0,237,A
1-PB2,2092,0,0,237,0,237,G
1-PB2,2093,0,0,238,0,238,G
1-PB2,2094,0,225,0,0,225,T
1-PB2,2095,225,0,0,0,225,A
1-PB2,2096,222,0,0,0,222,A
1-PB2,2097,1,0,221,0,222,G
1-PB2,2098,0,0,224,0,224,G
1-PB2,2099,223,0,0,0,223,A
1-PB2,2100,220,0,0,0,220,A
1-PB2,2101,0,1,218,0,219,G
1-PB2,2102,215,0,1,0,216,A
1-PB2,2103,0,0,0,215,215,C
1-PB2,2104,216,0,0,0,216,A
1-PB2,2105,0,0,216,0,216,G
1-PB2,2106,215,0,0,0,215,A
1-PB2,2107,214,0,0,0,214,A
1-PB2,2108,0,0,214,0,214,G
1-PB2,2109,0,0,209,0,209,G
1-PB2,2110,0,214,0,0,214,T
1-PB2,2111,213,0,1,0,214,A
1-PB2,2112,0,0,0,214,214,C
1-PB2,2113,0,0,213,0,213,G
1-PB2,2114,0,0,216,0,216,G
1-PB2,2115,218,0,0,0,218,A
1-PB2,2116,0,0,0,215,215,C
1-PB2,2117,0,0,0,214,214,C
1-PB2,2118,209,0,0,0,209,A
1-PB2,2119,0,0,215,0,215,G
1-PB2,2120,0,0,0,215,215,C
1-PB2,2121,215,0,0,0,215,A
1-PB2,2122,0,214,0,0,214,T
1-PB2,2123,0,205,0,0,205,T
1-PB2,2124,207,0,0,0,207,A
1-PB2,2125,207,0,0,0,207,A
1-PB2,2126,0,0,208,0,208,G
1-PB2,2127,0,0,0,208,208,C
1-PB2,2128,200,0,0,0,200,A
1-PB2,2129,0,205,0,0,205,T
1-PB2,2130,0,0,0,205,205,C
1-PB2,2131,204,1,0,0,205,A
1-PB2,2132,205,0,0,0,205,A
1-PB2,2133,0,204,0,0,204,T
1-PB2,2134,0,0,204,0,204,G
1-PB2,2135,199,1,0,0,200,A
1-PB2,2136,200,0,0,0,200,A
1-PB2,2137,0,0,0,203,203,C
1-PB2,2138,0,193,0,0,193,T
1-PB2,2139,0,0,199,0,199,G
1-PB2,2140,196,0,0,0,196,A
1-PB2,2141,0,0,196,0,196,G
1-PB2,2142,0,197,0,0,197,T
1-PB2,2143,195,0,0,0,195,A
1-PB2,2144,197,0,0,0,197,A
1-PB2,2145,0,0,0,198,198,C
1-PB2,2146,0,0,0,187,187,C
1-PB2,2147,0,185,0,0,185,T
1-PB2,2148,0,179,0,0,179,T
1-PB2,2149,0,0,180,0,180,G
1-PB2,2150,0,0,0,180,180,C
1-PB2,2151,181,0,0,0,181,A
1-PB2,2152,180,0,0,0,180,A
1-PB2,2153,179,0,0,0,179,A
1-PB2,2154,177,0,0,0,177,A
1-PB2,2155,0,0,178,0,178,G
1-PB2,2156,0,0,178,0,178,G
1-PB2,2157,0,0,176,0,176,G
1-PB2,2158,0,0,175,0,175,G
1-PB2,2159,174,1,0,0,175,A
1-PB2,2160,175,0,0,0,175,A
1-PB2,2161,175,0,0,0,175,A
1-PB2,2162,175,0,0,0,175,A
1-PB2,2163,0,0,175,0,175,G
1-PB2,2164,1,0,172,0,173,G
1-PB2,2165,0,0,0,174,174,C
1-PB2,2166,0,172,0,1,173,T
1-PB2,2167,172,0,0,0,172,A
1-PB2,2168,172,0,0,0,172,A
1-PB2,2169,0,171,0,0,171,T
1-PB2,2170,0,1,171,0,172,G
1-PB2,2171,0,162,0,1,163,T
1-PB2,2172,0,0,161,0,161,G
1-PB2,2173,0,0,0,160,160,C
1-PB2,2174,0,159,0,0,159,T
1-PB2,2175,159,0,0,0,159,A
1-PB2,2176,160,0,0,0,160,A
1-PB2,2177,0,160,0,0,160,T
1-PB2,2178,0,0,0,158,158,C
1-PB2,2179,0,0,151,0,151,G
1-PB2,2180,0,0,153,0,153,G
1-PB2,2181,0,0,154,0,154,G
1-PB2,2182,0,0,0,153,153,C
1-PB2,2183,154,0,0,0,154,A
1-PB2,2184,152,0,0,0,152,A
1-PB2,2185,0,0,152,0,152,G
1-PB2,2186,0,0,151,0,151,G
1-PB2,2187,150,0,0,0,150,A
1-PB2,2188,0,0,149,0,149,G
1-PB2,2189,147,0,1,0,148,A
1-PB2,2190,0,0,0,148,148,C
1-PB2,2191,0,0,147,0,147,G
1-PB2,2192,0,147,0,0,147,T
1-PB2,2193,1,0,145,1,147,G
1-PB2,2194,0,0,149,0,149,G
1-PB2,2195,0,146,0,0,146,T
1-PB2,2196,0,0,147,0,147,G
1-PB2,2197,0,145,0,0,145,T
1-PB2,2198,0,145,0,0,145,T
1-PB2,2199,0,0,145,0,145,G
1-PB2,2200,0,0,145,0,145,G
1-PB2,2201,0,146,0,0,146,T
1-PB2,2202,143,0,0,0,143,A
1-PB2,2203,137,0,0,0,137,A
1-PB2,2204,0,132,0,0,132,T
1-PB2,2205,0,0,131,0,131,G
1-PB2,2206,130,0,0,0,130,A
1-PB2,2207,128,0,0,0,128,A
1-PB2,2208,127,0,0,0,127,A
1-PB2,2209,0,0,0,126,126,C
1-PB2,2210,0,0,127,0,127,G
1-PB2,2211,127,0,0,0,127,A
1-PB2,2212,126,0,0,0,126,A
1-PB2,2213,126,0,0,0,126,A
1-PB2,2214,127,0,0,0,127,A
1-PB2,2215,0,0,0,127,127,C
1-PB2,2216,0,0,127,0,127,G
1-PB2,2217,0,0,127,0,127,G
1-PB2,2218,0,0,127,0,127,G
1-PB2,2219,127,0,0,0,127,A
1-PB2,2220,0,0,0,127,127,C
1-PB2,2221,0,127,0,0,127,T
1-PB2,2222,0,0,0,127,127,C
1-PB2,2223,0,127,0,0,127,T
1-PB2,2224,127,0,0,0,127,A
1-PB2,2225,0,0,127,0,127,G
1-PB2,2226,0,0,0,122,122,C
1-PB2,2227,121,0,0,0,121,A
1-PB2,2228,0,121,0,0,121,T
1-PB2,2229,119,0,0,0,119,A
1-PB2,2230,0,0,0,120,120,C
1-PB2,2231,0,103,0,0,103,T
1-PB2,2232,0,102,0,0,102,T
1-PB2,2233,102,0,0,0,102,A
1-PB2,2234,0,0,0,102,102,C
1-PB2,2235,0,102,0,0,102,T
1-PB2,2236,0,0,102,0,102,G
1-PB2,2237,97,0,0,0,97,A
1-PB2,2238,0,0,0,97,97,C
1-PB2,2239,84,0,0,0,84,A
1-PB2,2240,0,0,84,0,84,G
1-PB2,2241,0,0,0,83,83,C
1-PB2,2242,0,0,0,83,83,C
1-PB2,2243,83,0,0,0,83,A
1-PB2,2244,0,0,83,0,83,G
1-PB2,2245,81,0,0,0,81,A
1-PB2,2246,0,0,0,82,82,C
1-PB2,2247,76,0,0,0,76,A
1-PB2,2248,0,0,76,0,76,G
1-PB2,2249,0,0,0,72,72,C
1-PB2,2250,0,0,72,0,72,G
1-PB2,2251,72,0,0,0,72,A
1-PB2,2252,0,0,0,72,72,C
1-PB2,2253,0,0,0,72,72,C
1-PB2,2254,72,0,0,0,72,A
1-PB2,2255,72,0,0,0,72,A
1-PB2,2256,72,0,0,0,72,A
1-PB2,2257,72,0,0,0,72,A
1-PB2,2258,0,0,72,0,72,G
1-PB2,2259,70,0,0,0,70,A
1-PB2,2260,69,0,1,0,70,A
1-PB2,2261,0,69,0,0,69,T
1-PB2,2262,0,69,0,0,69,T
1-PB2,2263,0,0,0,69,69,C
1-PB2,2264,1,0,67,0,68,G
1-PB2,2265,0,0,68,0,68,G
1-PB2,2266,68,0,0,0,68,A
1-PB2,2267,0,67,0,0,67,T
1-PB2,2268,0,0,67,0,67,G
1-PB2,2269,0,0,67,0,67,G
1-PB2,2270,0,0,0,67,67,C
1-PB2,2271,0,0,0,67,67,C
1-PB2,2272,67,0,0,0,67,A
1-PB2,2273,0,67,0,0,67,T
1-PB2,2274,0,0,0,67,67,C
1-PB2,2275,67,0,0,0,67,A
1-PB2,2276,67,0,0,0,67,A
1-PB2,2277,0,66,0,0,66,T
1-PB2,2278,0,59,0,0,59,T
1-PB2,2279,56,0,0,0,56,A
1-PB2,2280,56,0,0,0,56,A
2-PB1,1,216,0,0,0,216,A
2-PB1,2,0,218,0,0,218,T
2-PB1,3,0,0,218,0,218,G
2-PB1,4,0,0,237,0,237,G
2-PB1,5,279,0,0,0,279,A
2-PB1,6,0,301,0,0,301,T
2-PB1,7,0,0,304,0,304,G
2-PB1,8,0,304,0,0,304,T
2-PB1,9,0,1,0,317,318,C
2-PB1,10,319,0,0,0,319,A
2-PB1,11,330,0,0,0,330,A
2-PB1,12,0,331,0,0,331,T
2-PB1,13,0,0,0,333,333,C
2-PB1,14,0,0,0,352,352,C
2-PB1,15,0,0,360,0,360,G
2-PB1,16,414,0,0,0,414,A
2-PB1,17,0,0,0,421,421,C
2-PB1,18,0,420,0,0,420,T
2-PB1,19,0,0,0,488,488,C
2-PB1,20,0,489,0,0,489,T
2-PB1,21,501,0,0,0,501,A
2-PB1,22,0,0,0,503,503,C
2-PB1,23,0,503,0,0,503,T
2-PB1,24,1,0,559,0,560,G
2-PB1,25,0,566,0,0,566,T
2-PB1,26,0,568,0,0,568,T
2-PB1,27,0,0,0,567,567,C
2-PB1,28,0,0,0,567,567,C
2-PB1,29,0,668,0,0,668,T
2-PB1,30,671,0,1,0,672,A
2-PB1,31,671,0,0,0,671,A
2-PB1,32,676,0,0,0,676,A
2-PB1,33,0,0,679,0,679,G
2-PB1,34,0,0,682,0,682,G
2-PB1,35,0,687,0,0,687,T
2-PB1,36,0,686,0,0,686,T
2-PB1,37,0,0,0,688,688,C
2-PB1,38,0,1,0,689,690,C
2-PB1,39,690,0,0,0,690,A
2-PB1,40,1,0,694,0,695,G
2-PB1,41,0,0,0,695,695,C
2-PB1,42,0,0,696,0,696,G
2-PB1,43,0,0,0,698,698,C
2-PB1,44,697,0,2,0,699,A
2-PB1,45,699,1,0,0,700,A
2-PB1,46,701,0,0,0,701,A
2-PB1,47,710,0,0,0,710,A
2-PB1,48,0,715,0,0,715,T
2-PB1,49,2,0,743,0,745,G
2-PB1,50,0,1,0,751,752,C
2-PB1,51,0,1,0,753,754,C
2-PB1,52,758,0,0,0,758,A
2-PB1,53,0,759,0,0,759,T
2-PB1,54,815,0,0,0,815,A
2-PB1,55,817,0,0,0,817,A
2-PB1,56,0,0,855,0,855,G
2-PB1,57,0,0,0,854,854,C
2-PB1,58,857,0,0,0,857,A
2-PB1,59,0,0,0,879,879,C
2-PB1,60,884,0,0,0,884,A
2-PB1,61,940,0,0,0,940,A
2-PB1,62,0,0,0,945,945,C
2-PB1,63,945,0,0,0,945,A
2-PB1,64,0,954,0,0,954,T
2-PB1,65,0,952,0,0,952,T
2-PB1,66,0,0,0,1190,1190,C
2-PB1,67,1,0,0,1187,1188,C
2-PB1,68,0,0,0,1199,1199,C
2-PB1,69,0,1207,0,1,1208,T
2-PB1,70,0,1203,0,1,1204,T
2-PB1,71,1320,0,0,0,1320,A
2-PB1,72,0,1327,0,0,1327,T
2-PB1,73,1327,0,0,0,1327,A
2-PB1,74,0,0,0,1337,1337,C
2-PB1,75,0,1309,0,0,1309,T
2-PB1,76,0,0,1319,0,1319,G
2-PB1,77,0,0,1321,0,1321,G
2-PB1,78,1321,0,0,0,1321,A
2-PB1,79,1,1,1324,0,1326,G
2-PB1,80,1317,0,1,0,1318,A
2-PB1,81,1,1321,0,0,1322,T
2-PB1,82,0,0,0,1389,1389,C
2-PB1,83,0,0,0,1394,1394,C
2-PB1,84,0,1402,0,1,1403,T
2-PB1,85,2,2,2,1493,1499,C
2-PB1,86,0,0,0,1498,1498,C
2-PB1,87,1515,0,0,0,1515,A
2-PB1,88,0,1515,0,0,1515,T
2-PB1,89,1511,2,2,0,1515,A
2-PB1,90,0,0,0,1523,1523,C
2-PB1,91,1513,0,1,0,1514,A
2-PB1,92,0,0,1593,0,1593,G
2-PB1,93,1,1,0,1608,1610,C
2-PB1,94,0,1,0,1601,1602,C
2-PB1,95,1598,1,2,0,1601,A
2-PB1,96,0,1600,0,0,1600,T
2-PB1,97,0,0,1601,0,1601,G
2-PB1,98,0,0,1685,0,1685,G
2-PB1,99,1697,0,1,1,1699,A
2-PB1,100,1698,0,1,0,1699,A
2-PB1,101,0,0,1,1708,1709,C
2-PB1,102,1707,0,0,0,1707,A
2-PB1,103,0,1,1746,0,1747,G
2-PB1,104,0,1,1765,1,1767,G
2-PB1,105,1765,0,1,0,1766,A
2-PB1,106,1785,0,0,0,1785,A
2-PB1,107,0,1,0,1786,1787,C
2-PB1,108,1777,1,1,0,1779,A
2-PB1,109,0,0,2028,0,2028,G
2-PB1,110,0,1,2023,0,2024,G
2-PB1,111,0,0,2067,0,2067,G
2-PB1,112,0,2058,1,2,2061,T
2-PB1,113,2059,0,0,0,2059,A
2-PB1,114,0,0,0,2081,2081,C
2-PB1,115,2164,2,0,0,2166,A
2-PB1,116,0,0,1,2257,2258,C
2-PB1,117,1,1,0,2256,2258,C
2-PB1,118,2200,2,1,0,2203,A
2-PB1,119,0,2206,0,0,2206,T
2-PB1,120,0,2,2212,0,2214,G
2-PB1,121,0,0,2218,0,2218,G
2-PB1,122,2214,1,1,0,2216,A
2-PB1,123,0,0,0,2227,2227,C
2-PB1,124,2192,0,0,0,2192,A
2-PB1,125,0,0,0,2240,2240,C
2-PB1,126,2240,0,1,1,2242,A
2-PB1,127,1,0,2277,0,2278,G
2-PB1,128,0,2278,0,2,2280,T
2-PB1,129,0,0,0,2339,2339,C
2-PB1,130,2338,1,1,0,2340,A
2-PB1,131,2362,0,2,0,2364,A
2-PB1,132,0,0,0,2366,2366,C
2-PB1,133,2358,1,1,0,2360,A
2-PB1,134,1,1,2381,0,2383,G
2-PB1,135,2359,0,0,0,2359,A
2-PB1,136,2359,0,1,0,2360,A
2-PB1,137,0,0,0,2362,2362,C
2-PB1,138,2333,0,0,0,2333,A
2-PB1,139,0,1,0,2333,2334,C
2-PB1,140,2329,0,0,1,2330,A
2-PB1,141,0,2317,0,2,2319,T
2-PB1,142,0,1,0,2489,2490,C
2-PB1,143,2495,0,2,0,2497,A
2-PB1,144,2528,0,0,0,2528,A
2-PB1,145,0,2555,0,0,2555,T
2-PB1,146,2625,0,0,0,2625,A
2-PB1,147,1,2624,0,0,2625,T
2-PB1,148,0,2613,0,0,2613,T
2-PB1,149,1,0,0,2619,2620,C
2-PB1,150,2588,1,2,0,2591,A
2-PB1,151,1,0,2598,0,2599,G
2-PB1,152,2578,1,1,0,2580,A
2-PB1,153,0,0,2588,0,2588,G
2-PB1,154,2556,0,1,0,2557,A
2-PB1,155,0,1,2524,0,2525,G
2-PB1,156,0,0,2520,1,2521,G
2-PB1,157,0,1,2603,0,2604,G
2-PB1,158,0,3,2602,0,2605,G
2-PB1,159,0,1,2617,0,2618,G
2-PB1,160,2616,2,1,1,2620,A
2-PB1,161,2616,1,2,0,2619,A
2-PB1,162,0,0,2638,0,2638,G
2-PB1,163,0,2632,1,1,2634,T
2-PB1,164,1,0,2626,0,2627,G
2-PB1,165,2,0,2622,1,2625,G
2-PB1,166,2616,1,2,1,2620,A
2-PB1,167,1,2,0,2639,2642,C
2-PB1,168,0,0,2661,0,2661,G
2-PB1,169,2669,3,1,1,2674,A
2-PB1,170,0,0,0,2689,2689,C
2-PB1,171,2680,0,0,0,2680,A
2-PB1,172,2680,0,1,1,2682,A
2-PB1,173,2684,0,0,9,2693,A
2-PB1,174,0,2736,0,1,2737,T
2-PB1,175,2744,0,1,0,2745,A
2-PB1,176,0,0,0,2749,2749,C
2-PB1,177,2728,0,1,0,2729,A
2-PB1,178,1,0,2727,0,2728,G
2-PB1,179,2721,0,0,0,2721,A
2-PB1,180,2765,0,0,0,2765,A
2-PB1,181,2760,0,1,0,2761,A
2-PB1,182,0,0,0,2763,2763,C
2-PB1,183,0,2747,0,0,2747,T
2-PB1,184,1,1,2746,1,2749,G
2-PB1,185,0,1,2741,0,2742,G
2-PB1,186,0,2,2725,0,2727,G
2-PB1,187,1,2,2732,0,2735,G
2-PB1,188,0,0,2,2749,2751,C
2-PB1,189,2747,0,0,0,2747,A
2-PB1,190,0,0,0,2840,2840,C
2-PB1,191,1,0,0,2834,2835,C
2-PB1,192,2,1,0,2831,2834,C
2-PB1,193,2,2,0,2842,2846,C
2-PB1,194,2859,0,1,0,2860,A
2-PB1,195,2884,1,0,0,2885,A
2-PB1,196,0,1,0,2887,2888,C
2-PB1,197,0,2879,0,1,2880,T
2-PB1,198,0,1,0,2888,2889,C
2-PB1,199,2814,0,2,0,2816,A
2-PB1,200,2849,0,0,0,2849,A
2-PB1,201,1,0,0,2848,2849,C
2-PB1,202,2,0,0,2833,2835,C
2-PB1,203,0,0,0,2844,2844,C
2-PB1,204,2838,1,0,0,2839,A
2-PB1,205,2859,0,0,0,2859,A
2-PB1,206,0,2866,1,0,2867,T
2-PB1,207,1,2866,0,0,2867,T
2-PB1,208,0,0,2870,0,2870,G
2-PB1,209,2857,1,2,0,2860,A
2-PB1,210,0,2852,0,2,2854,T
2-PB1,211,2,0,2853,0,2855,G
2-PB1,212,1,0,2869,1,2871,G
2-PB1,213,2912,0,0,0,2912,A
2-PB1,214,1,2,0,2914,2917,C
2-PB1,215,0,1,0,2914,2915,C
2-PB1,216,2913,1,1,0,2915,A
2-PB1,217,0,0,0,2975,2975,C
2-PB1,218,0,2973,0,1,2974,T
2-PB1,219,3016,3,1,0,3020,A
2-PB1,220,0,0,0,3044,3044,C
2-PB1,221,0,0,0,3022,3022,C
2-PB1,222,0,2993,1,0,2994,T
2-PB1,223,0,1,3017,0,3018,G
2-PB1,224,3011,0,0,1,3012,A
2-PB1,225,1,2,3031,0,3034,G
2-PB1,226,0,1,3022,0,3023,G
2-PB1,227,3027,1,0,2,3030,A
2-PB1,228,2,3015,0,0,3017,T
2-PB1,229,2986,0,1,1,2988,A
2-PB1,230,2986,1,0,1,2988,A
2-PB1,231,2,2985,0,0,2987,T
2-PB1,232,0,0,2989,1,2990,G
2-PB1,233,2989,1,0,0,2990,A
2-PB1,234,2977,0,0,1,2978,A
2-PB1,235,0,0,0,2979,2979,C
2-PB1,236,0,0,0,2957,2957,C
2-PB1,237,2962,0,1,0,2963,A
2-PB1,238,2962,4,0,0,2966,A
2-PB1,239,0,1,2977,0,2978,G
2-PB1,240,0,2977,0,0,2977,T
2-PB1,241,1,0,2980,0,2981,G
2-PB1,242,0,0,3030,0,3030,G
2-PB1,243,3022,0,2,0,3024,A
2-PB1,244,0,3014,0,0,3014,T
2-PB1,245,3013,0,0,0,3013,A
2-PB1,246,1,3058,0,1,3060,T
2-PB1,247,0,0,3080,0,3080,G
2-PB1,248,0,3,0,3078,3081,C
2-PB1,249,3079,0,2,0,3081,A
2-PB1,250,1,0,0,3161,3162,C
2-PB1,251,3119,0,0,0,3119,A
2-PB1,252,3169,0,1,0,3170,A
2-PB1,253,3165,1,0,0,3166,A
2-PB1,254,0,0,1,3174,3175,C
2-PB1,255,3107,2,0,0,3109,A
2-PB1,256,0,1,3146,1,3148,G
2-PB1,257,3124,0,0,0,3124,A
2-PB1,258,0,1,0,3130,3131,C
2-PB1,259,1,3058,0,2,3061,T
2-PB1,260,0,0,3121,0,3121,G
2-PB1,261,0,3071,0,3,3074,T
2-PB1,262,0,0,3201,0,3201,G
2-PB1,263,1,3184,0,1,3186,T
2-PB1,264,0,2,0,3205,3207,C
2-PB1,265,1,0,0,3195,3196,C
2-PB1,266,0,3174,0,2,3176,T
2-PB1,267,1,1,3177,1,3180,G
2-PB1,268,0,0,3181,0,3181,G
2-PB1,269,3131,0,0,0,3131,A
2-PB1,270,0,0,3172,0,3172,G
2-PB1,271,0,0,3078,0,3078,G
2-PB1,272,0,0,0,3082,3082,C
2-PB1,273,0,3072,0,1,3073,T
2-PB1,274,3074,2,1,0,3077,A
2-PB1,275,1,3078,0,1,3080,T
2-PB1,276,1,1,3086,0,3088,G
2-PB1,277,0,1,3078,0,3079,G
2-PB1,278,1,0,0,3076,3077,C
2-PB1,279,1,0,1,3051,3053,C
2-PB1,280,0,3020,0,1,3021,T
2-PB1,281,1,3189,0,0,3190,T
2-PB1,282,5,0,0,3192,3197,C
2-PB1,283,3,1,1,3196,3201,C
2-PB1,284,1,3201,0,1,3203,T
2-PB1,285,1,3198,0,0,3199,T
2-PB1,286,1,3,3197,0,3201,G
2-PB1,287,3199,0,1,0,3200,A
2-PB1,288,3198,1,0,0,3199,A
2-PB1,289,0,0,3209,0,3209,G
2-PB1,290,3088,0,0,0,3088,A
2-PB1,291,3103,1,0,0,3104,A
2-PB1,292,0,3102,0,1,3103,T
2-PB1,293,0,0,0,3095,3095,C
2-PB1,294,0,0,0,3090,3090,C
2-PB1,295,1,0,0,3093,3094,C
2-PB1,296,3109,0,2,0,3111,A
2-PB1,297,0,0,1,3121,3122,C
2-PB1,298,0,1,0,3125,3126,C
2-PB1,299,0,0,0,3133,3133,C
2-PB1,300,3093,2,1,0,3096,A
2-PB1,301,3,0,3118,0,3121,G
2-PB1,302,0,0,3135,0,3135,G
2-PB1,303,1,3126,0,1,3128,T
2-PB1,304,3156,0,1,0,3157,A
2-PB1,305,0,3138,0,0,3138,T
2-PB1,306,0,0,0,3147,3147,C
2-PB1,307,1,3152,0,1,3154,T
2-PB1,308,1,3147,1,3,3152,T
2-PB1,309,2,3145,0,1,3148,T
2-PB1,310,0,0,3144,0,3144,G
2-PB1,311,3122,3,1,0,3126,A
2-PB1,312,0,0,3126,0,3126,G
2-PB1,313,3099,1,0,0,3100,A
2-PB1,314,3106,1,1,0,3108,A
2-PB1,315,1,0,0,3125,3126,C
2-PB1,316,0,3098,1,1,3100,T
2-PB1,317,1,0,0,3099,3100,C
2-PB1,318,3101,0,2,0,3103,A
2-PB1,319,2,3099,0,1,3102,T
2-PB1,320,0,0,3109,0,3109,G
2-PB1,321,1,0,1,3152,3154,C
2-PB1,322,0,0,0,3160,3160,C
2-PB1,323,0,3144,1,3,3148,T
2-PB1,324,1,3132,0,0,3133,T
2-PB1,325,0,1,3138,0,3139,G
2-PB1,326,3163,0,1,0,3164,A
2-PB1,327,3164,0,0,0,3164,A
2-PB1,328,3160,0,1,1,3162,A
2-PB1,329,0,1,0,3181,3182,C
2-PB1,330,3113,0,1,0,3114,A
2-PB1,331,3124,1,2,1,3128,A
2-PB1,332,0,3125,0,2,3127,T
2-PB1,333,0,0,3120,0,3120,G
2-PB1,334,0,0,3115,0,3115,G
2-PB1,335,3085,1,0,0,3086,A
2-PB1,336,3087,0,2,0,3089,A
2-PB1,337,2,0,3077,0,3079,G
2-PB1,338,1,0,0,3072,3073,C
2-PB1,339,2,0,0,3069,3071,C
2-PB1,340,0,0,3098,0,3098,G
2-PB1,341,2,3080,0,2,3084,T
2-PB1,342,0,3090,0,0,3090,T
2-PB1,343,0,1,0,3109,3110,C
2-PB1,344,3113,1,1,0,3115,A
2-PB1,345,3144,2,1,0,3147,A
2-PB1,346,0,1,0,3146,3147,C
2-PB1,347,3163,2,1,0,3166,A
2-PB1,348,0,0,3191,0,3191,G
2-PB1,349,3146,1,1,0,3148,A
2-PB1,350,0,0,0,3153,3153,C
2-PB1,351,3141,0,3,0,3144,A
2-PB1,352,3158,1,0,0,3159,A
2-PB1,353,0,3,3187,0,3190,G
2-PB1,354,0,0,3165,0,3165,G
2-PB1,355,0,1,3173,0,3174,G
2-PB1,356,1,3099,2,4,3106,T
2-PB1,357,2,1,3107,1,3111,G
2-PB1,358,1,0,3106,0,3107,G
2-PB1,359,3101,1,4,1,3107,A
2-PB1,360,1,0,0,3107,3108,C
2-PB1,361,3051,0,0,0,3051,A
2-PB1,362,3088,2,0,0,3090,A
2-PB1,363,3084,1,0,1,3086,A
2-PB1,364,0,0,0,3092,3092,C
2-PB1,365,0,3072,0,2,3074,T
2-PB1,366,3080,0,1,1,3082,A
2-PB1,367,3100,1,1,0,3102,A
2-PB1,368,2,0,1,3092,3095,C
2-PB1,369,1,0,0,3098,3099,C
2-PB1,370,2,0,0,3094,3096,C
2-PB1,371,3015,0,2,0,3017,A
2-PB1,372,3017,0,1,0,3018,A
2-PB1,373,0,0,3015,0,3015,G
2-PB1,374,0,0,3026,0,3026,G
2-PB1,375,1,3029,0,1,3031,T
2-PB1,376,1,1,0,3009,3011,C
2-PB1,377,2,0,3016,0,3018,G
2-PB1,378,0,1,0,3003,3004,C
2-PB1,379,0,0,0,3019,3019,C
2-PB1,380,3026,1,1,0,3028,A
2-PB1,381,0,3,3064,0,3067,G
2-PB1,382,3107,0,1,0,3108,A
2-PB1,383,0,0,0,3104,3104,C
2-PB1,384,0,3095,1,1,3097,T
2-PB1,385,1,3078,0,0,3079,T
2-PB1,386,3091,0,1,0,3092,A
2-PB1,387,0,3089,2,2,3093,T
2-PB1,388,0,1,3099,0,3100,G
2-PB1,389,3100,0,0,0,3100,A
2-PB1,390,1,3035,0,0,3036,T
2-PB1,391,0,2953,2,1,2956,T
2-PB1,392,0,0,2938,1,2939,G
2-PB1,393,0,0,2946,0,2946,G
2-PB1,394,2968,0,4,0,2972,A
2-PB1,395,1,1,0,2970,2972,C
2-PB1,396,2939,0,0,0,2939,A
2-PB1,397,0,2928,0,0,2928,T
2-PB1,398,0,2955,0,0,2955,T
2-PB1,399,2978,0,2,0,2980,A
2-PB1,400,2967,1,2,0,2970,A
2-PB1,401,2973,2,2,0,2977,A
2-PB1,402,0,0,0,2981,2981,C
2-PB1,403,2932,0,1,0,2933,A
2-PB1,404,0,0,2954,0,2954,G
2-PB1,405,2944,0,1,0,2945,A
2-PB1,406,2942,0,1,0,2943,A
2-PB1,407,2944,1,1,0,2946,A
2-PB1,408,0,2912,0,0,2912,T
2-PB1,409,2,1,1,2915,2919,C
2-PB1,410,2909,0,1,0,2910,A
2-PB1,411,2920,0,1,0,2921,A
2-PB1,412,1,1,0,2911,2913,C
2-PB1,413,1,1,0,2895,2897,C
2-PB1,414,0,1,2905,0,2906,G
2-PB1,415,0,1,2899,0,2900,G
2-PB1,416,0,1,0,2903,2904,C
2-PB1,417,2905,0,4,0,2909,A
2-PB1,418,1,1,2908,0,2910,G
2-PB1,419,0,0,0,2923,2923,C
2-PB1,420,2929,1,0,0,2930,A
2-PB1,421,2932,0,0,0,2932,A
2-PB1,422,0,0,0,2938,2938,C
2-PB1,423,0,2917,1,2,2920,T
2-PB1,424,1,1,3021,0,3023,G
2-PB1,425,0,0,0,3020,3020,C
2-PB1,426,3020,5,1,0,3026,A
2-PB1,427,1,3023,0,1,3025,T
2-PB1,428,0,2987,0,2,2989,T
2-PB1,429,3141,1,0,4,3146,A
2-PB1,430,0,1,3160,0,3161,G
2-PB1,431,0,1,0,3149,3150,C
2-PB1,432,1,2,0,3142,3145,C
2-PB1,433,3044,0,0,0,3044,A
2-PB1,434,3063,1,1,0,3065,A
2-PB1,435,0,4,1,3066,3071,C
2-PB1,436,3080,0,1,0,3081,A
2-PB1,437,0,0,0,3170,3170,C
2-PB1,438,0,1,0,2933,2934,C
2-PB1,439,2924,2,0,0,2926,A
2-PB1,440,1,2928,0,0,2929,T
2-PB1,441,2934,0,0,0,2934,A
2-PB1,442,1,0,2934,0,2935,G
2-PB1,443,2900,0,0,1,2901,A
2-PB1,444,2473,0,388,0,2861,A
2-PB1,445,1,0,2868,0,2869,G
2-PB1,446,0,2784,0,4,2788,T
2-PB1,447,0,2792,1,0,2793,T
2-PB1,448,0,2789,0,2,2791,T
2-PB1,449,0,2795,0,0,2795,T
2-PB1,450,0,2800,1,1,2802,T
2-PB1,451,2799,1,2,0,2802,A
2-PB1,452,2,0,2798,0,2800,G
2-PB1,453,2789,0,0,0,2789,A
2-PB1,454,1,2781,1,0,2783,T
2-PB1,455,1,0,0,2745,2746,C
2-PB1,456,0,1,2746,0,2747,G
2-PB1,457,2749,0,1,0,2750,A
2-PB1,458,2754,0,1,0,2755,A
2-PB1,459,1,1,0,2775,2777,C
2-PB1,460,1,0,2774,0,2775,G
2-PB1,461,0,0,2895,0,2895,G
2-PB1,462,2888,1,1,0,2890,A
2-PB1,463,1,2895,0,0,2896,T
2-PB1,464,0,2882,0,2,2884,T
2-PB1,465,2863,2,17,0,2882,A
2-PB1,466,2888,0,0,0,2888,A
2-PB1,467,1,0,0,2901,2902,C
2-PB1,468,2875,1,5,0,2881,A
2-PB1,469,0,1,2906,0,2907,G
2-PB1,470,0,0,0,2804,2804,C
2-PB1,471,0,2803,0,0,2803,T
2-PB1,472,2808,0,1,0,2809,A
2-PB1,473,2803,0,0,0,2803,A
2-PB1,474,0,2803,0,0,2803,T
2-PB1,475,0,0,2833,0,2833,G
2-PB1,476,2805,1,2,0,2808,A
2-PB1,477,2812,0,1,0,2813,A
2-PB1,478,0,2755,0,1,2756,T
2-PB1,479,0,0,1,2769,2770,C
2-PB1,480,2749,0,7,0,2756,A
2-PB1,481,0,1,2752,0,2753,G
2-PB1,482,1,0,2746,0,2747,G
2-PB1,483,2737,0,0,0,2737,A
2-PB1,484,2696,0,0,0,2696,A
2-PB1,485,1,0,2790,0,2791,G
2-PB1,486,0,0,2806,0,2806,G
2-PB1,487,0,0,0,2797,2797,C
2-PB1,488,0,2792,0,2,2794,T
2-PB1,489,2798,0,2,0,2800,A
2-PB1,490,2800,0,2,0,2802,A
2-PB1,491,0,2805,0,0,2805,T
2-PB1,492,2801,0,1,0,2802,A
2-PB1,493,0,1,2809,0,2810,G
2-PB1,494,2611,0,2,0,2613,A
2-PB1,495,0,2585,0,0,2585,T
2-PB1,496,0,2579,0,0,2579,T
2-PB1,497,0,2573,0,1,2574,T
2-PB1,498,1,0,0,2654,2655,C
2-PB1,499,1,0,0,2656,2657,C
2-PB1,500,0,2659,0,1,2660,T
2-PB1,501,0,0,0,2672,2672,C
2-PB1,502,2667,1,0,2,2670,A
2-PB1,503,2670,0,0,0,2670,A
2-PB1,504,0,1,2679,0,2680,G
2-PB1,505,0,1,2712,0,2713,G
2-PB1,506,2633,1,74,0,2708,A
2-PB1,507,1,2610,0,0,2611,T
2-PB1,508,1,0,2643,0,2644,G
2-PB1,509,1,2633,0,4,2638,T
2-PB1,510,0,0,2662,0,2662,G
2-PB1,511,2658,1,5,1,2665,A
2-PB1,512,0,2650,0,0,2650,T
2-PB1,513,0,0,2639,0,2639,G
2-PB1,514,1,1,2611,0,2613,G
2-PB1,515,2630,0,0,0,2630,A
2-PB1,516,2631,1,1,0,2633,A
2-PB1,517,1,2604,0,2,2607,T
2-PB1,518,0,1,0,2610,2611,C
2-PB1,519,2578,0,1,1,2580,A
2-PB1,520,2584,0,1,0,2585,A
2-PB1,521,2,2589,0,0,2591,T
2-PB1,522,2,0,2615,0,2617,G
2-PB1,523,0,0,2621,0,2621,G
2-PB1,524,2617,0,1,0,2618,A
2-PB1,525,0,2614,0,0,2614,T
2-PB1,526,2612,1,1,0,2614,A
2-PB1,527,2616,0,1,0,2617,A
2-PB1,528,2609,2,0,0,2611,A
2-PB1,529,1,0,2640,0,2641,G
2-PB1,530,2627,0,0,0,2627,A
2-PB1,531,0,2,2609,1,2612,G
2-PB1,532,1,0,2608,0,2609,G
2-PB1,533,2602,1,0,0,2603,A
2-PB1,534,2600,1,1,0,2602,A
2-PB1,535,2614,0,0,0,2614,A
2-PB1,536,0,2613,0,0,2613,T
2-PB1,537,0,0,2642,0,2642,G
2-PB1,538,0,0,2640,0,2640,G
2-PB1,539,2616,0,2,0,2618,A
2-PB1,540,0,1,2634,0,2635,G
2-PB1,541,2607,2,0,0,2609,A
2-PB1,542,1,2650,0,0,2651,T
2-PB1,543,2650,0,3,0,2653,A
2-PB1,544,2689,0,2,0,2691,A
2-PB1,545,0,0,0,2696,2696,C
2-PB1,546,2645,0,0,0,2645,A
2-PB1,547,2648,1,0,0,2649,A
2-PB1,548,0,0,0,2643,2643,C
2-PB1,549,2633,0,0,0,2633,A
2-PB1,550,0,0,0,2631,2631,C
2-PB1,551,2585,0,1,0,2586,A
2-PB1,552,1,0,0,2600,2601,C
2-PB1,553,0,2560,0,2,2562,T
2-PB1,554,0,2556,1,0,2557,T
2-PB1,555,1,2566,0,1,2568,T
2-PB1,556,1,0,0,2570,2571,C
2-PB1,557,2573,0,0,1,2574,A
2-PB1,558,2575,0,0,0,2575,A
2-PB1,559,2585,0,3,0,2588,A
2-PB1,560,0,1,2613,0,2614,G
2-PB1,561,2575,1,0,1,2577,A
2-PB1,562,2586,0,1,1,2588,A
2-PB1,563,2587,1,2,0,2590,A
2-PB1,564,2593,0,1,1,2595,A
2-PB1,565,2586,2,1,0,2589,A
2-PB1,566,0,0,2600,1,2601,G
2-PB1,567,2,2,2601,0,2605,G
2-PB1,568,2563,1,3,1,2568,A
2-PB1,569,0,2,2621,0,2623,G
2-PB1,570,2612,0,4,0,2616,A
2-PB1,571,1,0,2691,0,2692,G
2-PB1,572,1,2688,0,1,2690,T
2-PB1,573,2691,1,0,1,2693,A
2-PB1,574,2698,1,0,0,2699,A
2-PB1,575,0,0,2690,0,2690,G
2-PB1,576,0,1,2704,0,2705,G
2-PB1,577,0,0,2694,0,2694,G
2-PB1,578,2654,0,2,0,2656,A
2-PB1,579,1,1,0,2667,2669,C
2-PB1,580,2586,0,1,0,2587,A
2-PB1,581,2592,0,0,0,2592,A
2-PB1,582,2,0,0,2590,2592,C
2-PB1,583,2579,0,0,2,2581,A
2-PB1,584,0,2564,0,0,2564,T
2-PB1,585,0,0,2546,0,2546,G
2-PB1,586,2551,0,3,0,2554,A
2-PB1,587,0,1,0,2549,2550,C
2-PB1,588,0,0,0,2520,2520,C
2-PB1,589,2526,0,0,0,2526,A
2-PB1,590,2535,2,2,0,2539,A
2-PB1,591,0,0,2566,0,2566,G
2-PB1,592,2560,0,0,0,2560,A
2-PB1,593,2561,0,1,0,2562,A
2-PB1,594,2550,0,0,0,2550,A
2-PB1,595,2540,0,0,1,2541,A
2-PB1,596,0,2550,0,0,2550,T
2-PB1,597,1,1,2547,0,2549,G
2-PB1,598,0,0,2554,0,2554,G
2-PB1,599,1,2535,0,0,2536,T
2-PB1,600,2,0,0,2529,2531,C
2-PB1,601,2549,0,1,0,2550,A
2-PB1,602,0,2,0,2788,2790,C
2-PB1,603,2868,1,0,0,2869,A
2-PB1,604,1,0,0,2895,2896,C
2-PB1,605,2891,0,0,0,2891,A
2-PB1,606,3063,0,0,1,3064,A
2-PB1,607,3057,0,2,0,3059,A
2-PB1,608,0,1,3343,0,3344,G
2-PB1,609,3340,1,1,0,3342,A
2-PB1,610,3362,1,1,0,3364,A
2-PB1,611,0,2,0,3504,3506,C
2-PB1,612,3435,1,2,0,3438,A
2-PB1,613,3467,0,0,2,3469,A
2-PB1,614,0,3460,0,0,3460,T
2-PB1,615,3423,0,0,0,3423,A
2-PB1,616,2,0,3436,0,3438,G
2-PB1,617,0,4,3358,0,3362,G
2-PB1,618,0,2,3367,0,3369,G
2-PB1,619,3375,0,0,0,3375,A
2-PB1,620,3339,1,4,0,3344,A
2-PB1,621,0,0,3390,0,3390,G
2-PB1,622,3389,1,1,0,3391,A
2-PB1,623,3395,0,1,0,3396,A
2-PB1,624,3405,0,1,0,3406,A
2-PB1,625,3418,1,1,3,3423,A
2-PB1,626,3532,0,2,0,3534,A
2-PB1,627,3536,0,1,2,3539,A
2-PB1,628,0,0,1,3547,3548,C
2-PB1,629,3541,0,1,0,3542,A
2-PB1,630,3540,1,0,1,3542,A
2-PB1,631,3530,0,0,1,3531,A
2-PB1,632,1,1,3623,0,3625,G
2-PB1,633,3620,0,0,0,3620,A
2-PB1,634,1,0,3844,0,3845,G
2-PB1,635,1,3814,0,0,3815,T
2-PB1,636,2,1,4587,0,4590,G
2-PB1,637,4600,0,1,0,4601,A
2-PB1,638,4615,1,2,0,4618,A
2-PB1,639,2,4687,0,1,4690,T
2-PB1,640,4710,0,0,0,4710,A
2-PB1,641,4725,0,4,0,4729,A
2-PB1,642,0,3,4740,0,4743,G
2-PB1,643,4661,2,3,0,4666,A
2-PB1,644,0,0,4678,0,4678,G
2-PB1,645,4493,2,6,1,4502,A
2-PB1,646,0,0,4528,1,4529,G
2-PB1,647,0,1,4526,0,4527,G
2-PB1,648,2,0,1,4537,4540,C
2-PB1,649,1,4532,0,2,4535,T
2-PB1,650,4704,1,3,0,4708,A
2-PB1,651,0,1,1,4982,4984,C
2-PB1,652,1,0,0,5006,5007,C
2-PB1,653,0,5045,0,2,5047,T
2-PB1,654,5251,0,1,0,5252,A
2-PB1,655,5237,1,3,0,5241,A
2-PB1,656,1,5252,0,0,5253,T
2-PB1,657,5241,0,0,0,5241,A
2-PB1,658,5225,0,2,1,5228,A
2-PB1,659,0,2,5256,0,5258,G
2-PB1,660,5164,1,3,0,5168,A
2-PB1,661,44,1,5177,0,5222,G
2-PB1,662,0,0,0,5255,5255,C
2-PB1,663,1,5199,1,4,5205,T
2-PB1,664,2,5226,0,1,5229,T
2-PB1,665,0,5226,0,2,5228,T
2-PB1,666,3,2,5228,0,5233,G
2-PB1,667,5314,0,3,0,5317,A
2-PB1,668,0,1,1,5343,5345,C
2-PB1,669,5335,2,0,0,5337,A
2-PB1,670,2,5315,0,3,5320,T
2-PB1,671,0,5310,0,1,5311,T
2-PB1,672,1,0,5416,0,5417,G
2-PB1,673,5418,2,3,0,5423,A
2-PB1,674,5423,0,3,1,5427,A
2-PB1,675,0,1,0,5440,5441,C
2-PB1,676,5412,0,2,0,5414,A
2-PB1,677,0,0,0,5426,5426,C
2-PB1,678,1,0,5423,0,5424,G
2-PB1,679,5452,0,1,1,5454,A
2-PB1,680,0,5463,0,4,5467,T
2-PB1,681,1,3,5554,0,5558,G
2-PB1,682,5565,1,5,0,5571,A
2-PB1,683,1,0,0,5590,5591,C
2-PB1,684,0,3,1,5600,5604,C
2-PB1,685,5612,1,3,0,5616,A
2-PB1,686,5691,2,1,0,5694,A
2-PB1,687,5690,1,9,0,5700,A
2-PB1,688,0,0,5866,0,5866,G
2-PB1,689,5938,1,3,0,5942,A
2-PB1,690,1,5899,0,1,5901,T
2-PB1,691,0,2,5917,0,5919,G
2-PB1,692,2,2,0,5905,5909,C
2-PB1,693,5904,0,3,1,5908,A
2-PB1,694,0,0,5947,0,5947,G
2-PB1,695,5902,1,2,0,5905,A
2-PB1,696,0,0,5932,0,5932,G
2-PB1,697,5805,1,2,0,5808,A
2-PB1,698,0,1,5796,0,5797,G
2-PB1,699,5758,0,14,0,5772,A
2-PB1,700,0,0,5772,1,5773,G
2-PB1,701,1,2,5762,1,5766,G
2-PB1,702,3,2,0,5758,5763,C
2-PB1,703,5753,0,4,1,5758,A
2-PB1,704,5779,0,0,1,5780,A
2-PB1,705,5835,1,3,0,5839,A
2-PB1,706,0,5853,1,2,5856,T
2-PB1,707,2,5845,1,1,5849,T
2-PB1,708,5855,4,2,0,5861,A
2-PB1,709,5847,1,1,1,5850,A
2-PB1,710,5858,1,2,0,5861,A
2-PB1,711,5896,0,0,0,5896,A
2-PB1,712,5918,0,0,0,5918,A
2-PB1,713,0,0,5931,0,5931,G
2-PB1,714,5887,2,2,0,5891,A
2-PB1,715,5708,1,183,0,5892,A
2-PB1,716,0,0,5978,0,5978,G
2-PB1,717,4,1,6089,0,6094,G
2-PB1,718,1,5,6100,0,6106,G
2-PB1,719,1,2,1,6139,6143,C
2-PB1,720,1,6137,0,1,6139,T
2-PB1,721,6163,3,3,0,6169,A
2-PB1,722,1,6270,0,3,6274,T
2-PB1,723,1,6285,0,1,6287,T
2-PB1,724,1,2,6307,1,6311,G
2-PB1,725,1,5,0,6288,6294,C
2-PB1,726,6195,2,3,0,6200,A
2-PB1,727,6203,2,4,0,6209,A
2-PB1,728,0,1,0,6211,6212,C
2-PB1,729,6218,1,0,0,6219,A
2-PB1,730,2,1,0,6223,6226,C
2-PB1,731,1,1,0,6145,6147,C
2-PB1,732,2,1,1,6149,6153,C
2-PB1,733,3,0,6143,0,6146,G
2-PB1,734,1,2,6156,1,6160,G
2-PB1,735,0,0,6176,0,6176,G
2-PB1,736,6182,2,4,1,6189,A
2-PB1,737,0,6168,0,1,6169,T
2-PB1,738,0,1,6209,0,6210,G
2-PB1,739,0,1,1,6187,6189,C
2-PB1,740,6282,2,2,0,6286,A
2-PB1,741,6368,0,3,0,6371,A
2-PB1,742,6422,1,1,2,6426,A
2-PB1,743,1,6438,0,2,6441,T
2-PB1,744,0,6444,0,1,6445,T
2-PB1,745,6429,0,0,0,6429,A
2-PB1,746,0,0,6421,0,6421,G
2-PB1,747,6388,1,4,0,6393,A
2-PB1,748,1,1,6425,0,6427,G
2-PB1,749,0,1,6355,1,6357,G
2-PB1,750,1,1,6536,0,6538,G
2-PB1,751,0,6531,0,1,6532,T
2-PB1,752,0,6528,0,5,6533,T
2-PB1,753,0,1,0,6564,6565,C
2-PB1,754,1,1,6661,1,6664,G
2-PB1,755,0,6659,0,5,6664,T
2-PB1,756,2,0,6672,0,6674,G
2-PB1,757,0,6661,0,3,6664,T
2-PB1,758,6642,0,2,0,6644,A
2-PB1,759,0,1,0,6626,6627,C
2-PB1,760,1,6392,0,4,6397,T
2-PB1,761,2,6421,0,0,6423,T
2-PB1,762,0,0,0,6377,6377,C
2-PB1,763,0,0,6359,0,6359,G
2-PB1,764,1,6133,0,201,6335,T
2-PB1,765,0,6335,0,3,6338,T
2-PB1,766,0,0,6337,1,6338,G
2-PB1,767,6346,1,0,0,6347,A
2-PB1,768,6329,2,1,0,6332,A
2-PB1,769,6376,0,3,0,6379,A
2-PB1,770,0,0,0,6410,6410,C
2-PB1,771,0,6358,0,2,6360,T
2-PB1,772,0,6349,1,1,6351,T
2-PB1,773,1,6355,1,2,6359,T
2-PB1,774,6462,0,4,0,6466,A
2-PB1,775,2,1,6481,0,6484,G
2-PB1,776,3,1,0,6490,6494,C
2-PB1,777,1,6488,1,3,6493,T
2-PB1,778,6453,1,1,0,6455,A
2-PB1,779,1,0,6446,0,6447,G
2-PB1,780,6430,2,1,0,6433,A
2-PB1,781,6432,0,5,0,6437,A
2-PB1,782,1,1,6452,0,6454,G
2-PB1,783,2,0,0,6365,6367,C
2-PB1,784,6363,1,0,0,6364,A
2-PB1,785,1,6358,1,0,6360,T
2-PB1,786,0,6352,1,1,6354,T
2-PB1,787,0,6365,1,1,6367,T
2-PB1,788,2,0,6372,0,6374,G
2-PB1,789,1,1,1,6374,6377,C
2-PB1,790,2,0,6378,1,6381,G
2-PB1,791,6368,0,5,0,6373,A
2-PB1,792,6333,1,1,1,6336,A
2-PB1,793,6351,1,2,0,6354,A
2-PB1,794,6571,0,0,0,6571,A
2-PB1,795,1,2,6645,0,6648,G
2-PB1,796,0,1,0,6662,6663,C
2-PB1,797,0,6655,0,6,6661,T
2-PB1,798,0,6659,0,3,6662,T
2-PB1,799,1,1,6670,1,6673,G
2-PB1,800,6659,2,6,0,6667,A
2-PB1,801,6659,3,4,0,6666,A
2-PB1,802,0,0,0,6704,6704,C
2-PB1,803,6564,1,1,0,6566,A
2-PB1,804,0,0,7276,1,7277,G
2-PB1,805,2,7239,0,0,7241,T
2-PB1,806,0,0,0,7251,7251,C
2-PB1,807,1,7252,1,4,7258,T
2-PB1,808,4,0,7272,0,7276,G
2-PB1,809,0,1,7278,1,7280,G
2-PB1,810,7290,3,4,0,7297,A
2-PB1,811,0,3,0,7300,7303,C
2-PB1,812,0,7105,0,4,7109,T
2-PB1,813,0,6747,0,7,6754,T
2-PB1,814,0,0,0,6742,6742,C
2-PB1,815,1,4,0,6747,6752,C
2-PB1,816,4,2,6782,0,6788,G
2-PB1,817,1,0,6817,1,6819,G
2-PB1,818,0,6778,0,1,6779,T
2-PB1,819,2,6763,0,5,6770,T
2-PB1,820,3,1,6744,0,6748,G
2-PB1,821,1,1,6785,0,6787,G
2-PB1,822,3,4,6822,0,6829,G
2-PB1,823,3,3,6817,1,6824,G
2-PB1,824,2,0,6870,0,6872,G
2-PB1,825,1,6817,0,0,6818,T
2-PB1,826,6830,0,1,0,6831,A
2-PB1,827,6866,3,1,1,6871,A
2-PB1,828,2,6865,0,2,6869,T
2-PB1,829,1,0,6904,0,6905,G
2-PB1,830,6851,0,1,0,6852,A
2-PB1,831,6784,0,2,1,6787,A
2-PB1,832,6796,0,1,0,6797,A
2-PB1,833,6766,1,9,0,6776,A
2-PB1,834,0,0,6774,0,6774,G
2-PB1,835,6732,0,2,0,6734,A
2-PB1,836,6682,2,8,0,6692,A
2-PB1,837,0,0,6725,0,6725,G
2-PB1,838,4,2,6705,0,6711,G
2-PB1,839,1,2,0,6697,6700,C
2-PB1,840,1,3,0,6705,6709,C
2-PB1,841,6712,0,6,0,6718,A
2-PB1,842,6703,0,2,0,6705,A
2-PB1,843,6715,1,0,1,6717,A
2-PB1,844,0,0,1,6707,6708,C
2-PB1,845,0,6704,1,4,6709,T
2-PB1,846,3,1,6798,1,6803,G
2-PB1,847,6,1,6792,0,6799,G
2-PB1,848,0,6,0,6801,6807,C
2-PB1,849,6812,2,7,0,6821,A
2-PB1,850,6806,0,4,1,6811,A
2-PB1,851,6815,1,1,0,6817,A
2-PB1,852,0,6827,1,2,6830,T
2-PB1,853,1,0,6840,0,6841,G
2-PB1,854,0,6801,1,17,6819,T
2-PB1,855,0,6716,0,0,6716,T
2-PB1,856,1,0,6720,0,6721,G
2-PB1,857,2,6708,0,2,6712,T
2-PB1,858,1,0,6719,0,6720,G
2-PB1,859,6718,0,2,2,6722,A
2-PB1,860,1,2,6739,0,6742,G
2-PB1,861,6726,0,3,0,6729,A
2-PB1,862,6709,0,1,0,6710,A
2-PB1,863,6696,0,1,1,6698,A
2-PB1,864,6716,2,0,1,6719,A
2-PB1,865,6739,1,4,1,6745,A
2-PB1,866,2,6717,1,1,6721,T
2-PB1,867,0,1,6726,1,6728,G
2-PB1,868,6717,4,7,0,6728,A
2-PB1,869,1,6667,0,5,6673,T
2-PB1,870,3,1,6725,0,6729,G
2-PB1,871,6735,1,1,0,6737,A
2-PB1,872,0,1,1,6790,6792,C
2-PB1,873,1,6753,0,6,6760,T
2-PB1,874,6738,0,0,0,6738,A
2-PB1,875,6798,2,1,0,6801,A
2-PB1,876,0,6784,0,2,6786,T
2-PB1,877,3,6823,0,2,6828,T
2-PB1,878,1,1,1,6876,6879,C
2-PB1,879,6863,1,3,0,6867,A
2-PB1,880,1,3,0,6878,6882,C
2-PB1,881,6818,1,3,1,6823,A
2-PB1,882,6831,1,3,0,6835,A
2-PB1,883,4,2,6833,0,6839,G
2-PB1,884,6937,1,6,1,6945,A
2-PB1,885,2,0,1,6940,6943,C
2-PB1,886,6867,0,5,1,6873,A
2-PB1,887,0,2,0,6866,6868,C
2-PB1,888,6797,2,3,0,6802,A
2-PB1,889,2,0,6843,0,6845,G
2-PB1,890,6820,2,3,0,6825,A
2-PB1,891,1,0,6835,0,6836,G
2-PB1,892,2,0,0,6799,6801,C
2-PB1,893,0,6661,0,4,6665,T
2-PB1,894,1,6734,1,1,6737,T
2-PB1,895,3,6735,0,1,6739,T
2-PB1,896,2,0,0,6765,6767,C
2-PB1,897,1,6749,2,6,6758,T
2-PB1,898,0,6727,0,1,6728,T
2-PB1,899,1,6711,2,9,6723,T
2-PB1,900,0,2,1,6727,6730,C
2-PB1,901,6721,2,6,0,6729,A
2-PB1,902,1,3,2,6747,6753,C
2-PB1,903,6679,2,2,0,6683,A
2-PB1,904,6703,1,2,1,6707,A
2-PB1,905,2,6774,0,3,6779,T
2-PB1,906,3,1,1,6854,6859,C
2-PB1,907,6907,2,3,0,6912,A
2-PB1,908,0,1,0,6916,6917,C
2-PB1,909,2,6858,0,0,6860,T
2-PB1,910,3,0,6909,1,6913,G
2-PB1,911,0,0,6873,0,6873,G
2-PB1,912,2,2,7039,0,7043,G
2-PB1,913,1,0,7042,1,7044,G
2-PB1,914,6937,0,4,0,6941,A
2-PB1,915,3,4,0,6677,6684,C
2-PB1,916,6756,3,7,3,6769,A
2-PB1,917,7223,2,3,1,7229,A
2-PB1,918,2,3,1,7279,7285,C
2-PB1,919,7285,1,2,0,7288,A
2-PB1,920,2,0,0,7271,7273,C
2-PB1,921,1,7014,0,2,7017,T
2-PB1,922,7034,1,2,0,7037,A
2-PB1,923,7021,1,5,0,7027,A
2-PB1,924,0,0,7069,0,7069,G
2-PB1,925,0,7037,0,1,7038,T
2-PB1,926,1,2,6533,0,6536,G
2-PB1,927,0,5,6487,0,6492,G
2-PB1,928,6473,3,2,1,6479,A
2-PB1,929,6497,1,2,0,6500,A
2-PB1,930,0,6481,0,6,6487,T
2-PB1,931,1,0,6482,0,6483,G
2-PB1,932,6477,0,1,3,6481,A
2-PB1,933,6397,0,3,0,6400,A
2-PB1,934,6421,0,1,1,6423,A
2-PB1,935,6447,2,5,0,6454,A
2-PB1,936,0,6437,1,0,6438,T
2-PB1,937,2,1,1,6447,6451,C
2-PB1,938,6449,0,3,0,6452,A
2-PB1,939,6449,0,1,0,6450,A
2-PB1,940,6433,0,4,2,6439,A
2-PB1,941,6438,2,1,0,6441,A
2-PB1,942,0,1,0,6450,6451,C
2-PB1,943,2,0,0,6403,6405,C
2-PB1,944,4,1,0,6421,6426,C
2-PB1,945,0,6381,1,9,6391,T
2-PB1,946,3,2,0,6407,6412,C
2-PB1,947,0,2,6417,1,6420,G
2-PB1,948,6405,1,2,0,6408,A
2-PB1,949,6403,1,0,0,6404,A
2-PB1,950,0,6421,0,0,6421,T
2-PB1,951,0,0,6464,0,6464,G
2-PB1,952,1,6404,3,7,6415,T
2-PB1,953,6,6381,3,5,6395,T
2-PB1,954,0,6402,2,0,6404,T
2-PB1,955,2,6403,0,0,6405,T
2-PB1,956,0,6403,2,2,6407,T
2-PB1,957,3,2,6393,3,6401,G
2-PB1,958,1,1,6389,0,6391,G
2-PB1,959,0,6,1,6393,6400,C
2-PB1,960,2,1,6366,0,6369,G
2-PB1,961,6363,0,2,1,6366,A
2-PB1,962,2,6563,0,1,6566,T
2-PB1,963,2,0,6791,1,6794,G
2-PB1,964,7130,0,1,0,7131,A
2-PB1,965,1,7157,0,0,7158,T
2-PB1,966,0,7164,0,5,7169,T
2-PB1,967,7215,2,2,1,7220,A
2-PB1,968,0,4,0,7217,7221,C
2-PB1,969,7257,0,0,0,7257,A
2-PB1,970,0,7242,0,2,7244,T
2-PB1,971,6912,2,3,0,6917,A
2-PB1,972,1,0,0,6972,6973,C
2-PB1,973,6387,0,2,0,6389,A
2-PB1,974,2,6369,0,5,6376,T
2-PB1,975,0,0,0,6376,6376,C
2-PB1,976,6359,2,2,0,6363,A
2-PB1,977,1,0,1,6375,6377,C
2-PB1,978,6336,1,1,0,6338,A
2-PB1,979,6344,0,1,0,6345,A
2-PB1,980,6326,1,2,0,6329,A
2-PB1,981,2,0,6139,0,6141,G
2-PB1,982,6419,1,3,0,6423,A
2-PB1,983,6430,1,6,0,6437,A
2-PB1,984,3,6429,0,2,6434,T
2-PB1,985,3,1,0,6429,6433,C
2-PB1,986,6486,2,2,0,6490,A
2-PB1,987,6530,0,5,0,6535,A
2-PB1,988,1,3,0,6542,6546,C
2-PB1,989,2,0,0,6549,6551,C
2-PB1,990,1,6283,1,1,6286,T
2-PB1,991,1,1,6344,0,6346,G
2-PB1,992,6322,0,3,0,6325,A
2-PB1,993,0,1,6344,0,6345,G
2-PB1,994,1,6315,0,2,6318,T
2-PB1,995,0,4,6193,2,6199,G
2-PB1,996,4,0,6585,0,6589,G
2-PB1,997,1,6543,2,4,6550,T
2-PB1,998,3,6543,0,4,6550,T
2-PB1,999,0,2,0,6557,6559,C
2-PB1,1000,6511,1,4,1,6517,A
2-PB1,1001,0,1,6640,0,6641,G
2-PB1,1002,6621,1,3,1,6626,A
2-PB1,1003,6631,1,2,2,6636,A
2-PB1,1004,6593,2,1,1,6597,A
2-PB1,1005,2,0,0,6167,6169,C
2-PB1,1006,6323,0,2,1,6326,A
2-PB1,1007,1,6309,1,2,6313,T
2-PB1,1008,2,0,1,6389,6392,C
2-PB1,1009,3,1,0,6387,6391,C
2-PB1,1010,1,6246,1,13,6261,T
2-PB1,1011,2,1,6282,0,6285,G
2-PB1,1012,6251,0,3,0,6254,A
2-PB1,1013,2,1,6320,0,6323,G
2-PB1,1014,3,1,0,6297,6301,C
2-PB1,1015,6138,1,1,1,6141,A
2-PB1,1016,1,6133,0,4,6138,T
2-PB1,1017,1,0,1,6080,6082,C
2-PB1,1018,2,1,6075,0,6078,G
2-PB1,1019,0,0,0,6259,6259,C
2-PB1,1020,6285,2,2,0,6289,A
2-PB1,1021,0,1,0,6477,6478,C
2-PB1,1022,1,1,0,6468,6470,C
2-PB1,1023,6461,0,26,0,6487,A
2-PB1,1024,6572,1,0,0,6573,A
2-PB1,1025,1,6569,0,3,6573,T
2-PB1,1026,6573,0,1,0,6574,A
2-PB1,1027,6574,0,1,0,6575,A
2-PB1,1028,1,6380,0,0,6381,T
2-PB1,1029,0,0,6397,0,6397,G
2-PB1,1030,0,6252,1,2,6255,T
2-PB1,1031,1,6183,3,5,6192,T
2-PB1,1032,0,2,0,6214,6216,C
2-PB1,1033,1,6184,0,0,6185,T
2-PB1,1034,1,2,0,6205,6208,C
2-PB1,1035,6207,0,0,1,6208,A
2-PB1,1036,6203,0,2,0,6205,A
2-PB1,1037,6205,2,5,1,6213,A
2-PB1,1038,0,0,0,6215,6215,C
2-PB1,1039,6213,0,2,0,6215,A
2-PB1,1040,6207,1,2,2,6212,A
2-PB1,1041,6198,0,3,0,6201,A
2-PB1,1042,6204,1,4,0,6209,A
2-PB1,1043,2,6214,0,2,6218,T
2-PB1,1044,2,0,6229,0,6231,G
2-PB1,1045,1,2,6210,0,6213,G
2-PB1,1046,1,1,0,6206,6208,C
2-PB1,1047,6200,1,3,0,6204,A
2-PB1,1048,6226,0,1,0,6227,A
2-PB1,1049,1,0,6226,0,6227,G
2-PB1,1050,6209,0,2,1,6212,A
2-PB1,1051,0,6174,0,2,6176,T
2-PB1,1052,1,6259,1,1,6262,T
2-PB1,1053,2,2,6308,0,6312,G
2-PB1,1054,1,2,6294,1,6298,G
2-PB1,1055,1,0,6337,1,6339,G
2-PB1,1056,6339,1,2,0,6342,A
2-PB1,1057,6321,0,0,0,6321,A
2-PB1,1058,6298,2,1,0,6301,A
2-PB1,1059,6264,0,4,0,6268,A
2-PB1,1060,0,0,6475,0,6475,G
2-PB1,1061,0,1,6484,1,6486,G
2-PB1,1062,6477,0,8,0,6485,A
2-PB1,1063,0,6466,0,0,6466,T
2-PB1,1064,6462,2,7,0,6471,A
2-PB1,1065,1,3,0,6476,6480,C
2-PB1,1066,6534,1,5,0,6540,A
2-PB1,1067,2,6521,0,2,6525,T
2-PB1,1068,1,2,6569,0,6572,G
2-PB1,1069,1,6436,2,9,6448,T
2-PB1,1070,2,6443,0,2,6447,T
2-PB1,1071,1,4,0,6445,6450,C
2-PB1,1072,6,0,6448,0,6454,G
2-PB1,1073,6447,1,8,1,6457,A
2-PB1,1074,0,1,6570,1,6572,G
2-PB1,1075,6492,0,2,0,6494,A
2-PB1,1076,1,1,6562,0,6564,G
2-PB1,1077,0,6519,0,5,6524,T
2-PB1,1078,6499,0,1,0,6500,A
2-PB1,1079,6527,0,5,0,6532,A
2-PB1,1080,1,0,6546,0,6547,G
2-PB1,1081,6521,1,10,0,6532,A
2-PB1,1082,0,1,6617,0,6618,G
2-PB1,1083,6449,2,1,0,6452,A
2-PB1,1084,6502,1,0,0,6503,A
2-PB1,1085,0,6449,0,2,6451,T
2-PB1,1086,2,0,6445,1,6448,G
2-PB1,1087,6434,3,5,0,6442,A
2-PB1,1088,6400,1,3,0,6404,A
2-PB1,1089,2,1,6420,0,6423,G
2-PB1,1090,2,1,0,6410,6413,C
2-PB1,1091,1,6310,0,1,6312,T
2-PB1,1092,1,1,0,6335,6337,C
2-PB1,1093,2,0,0,6343,6345,C
2-PB1,1094,3,2,6366,0,6371,G
2-PB1,1095,1,0,6383,0,6384,G
2-PB1,1096,6393,0,6,0,6399,A
2-PB1,1097,1,1,0,6462,6464,C
2-PB1,1098,6472,0,6,0,6478,A
2-PB1,1099,0,2,0,6505,6507,C
2-PB1,1100,6498,0,2,0,6500,A
2-PB1,1101,6503,0,5,1,6509,A
2-PB1,1102,6505,1,1,2,6509,A
2-PB1,1103,2,6513,0,0,6515,T
2-PB1,1104,6518,0,2,0,6520,A
2-PB1,1105,1,2,0,6509,6512,C
2-PB1,1106,1,0,0,6446,6447,C
2-PB1,1107,0,6357,0,6,6363,T
2-PB1,1108,1,1,6401,0,6403,G
2-PB1,1109,3,3,0,6421,6427,C
2-PB1,1110,6426,0,2,0,6428,A
2-PB1,1111,0,0,6424,0,6424,G
2-PB1,1112,6392,0,3,0,6395,A
2-PB1,1113,6386,1,1,1,6389,A
2-PB1,1114,6415,0,0,0,6415,A
2-PB1,1115,0,6414,0,0,6414,T
2-PB1,1116,4,1,6419,0,6424,G
2-PB1,1117,0,2,0,6397,6399,C
2-PB1,1118,3,6397,1,4,6405,T
2-PB1,1119,6495,0,2,0,6497,A
2-PB1,1120,3,1,6484,1,6489,G
2-PB1,1121,2,1,0,6480,6483,C
2-PB1,1122,6484,0,2,0,6486,A
2-PB1,1123,6472,2,0,0,6474,A
2-PB1,1124,0,0,6446,0,6446,G
2-PB1,1125,0,6,0,6439,6445,C
2-PB1,1126,6371,1,1,0,6373,A
2-PB1,1127,1,6474,0,2,6477,T
2-PB1,1128,1,6484,0,0,6485,T
2-PB1,1129,1,3,6648,0,6652,G
2-PB1,1130,6712,1,6,0,6719,A
2-PB1,1131,1,1,1,6696,6699,C
2-PB1,1132,1,1,1,6701,6704,C
2-PB1,1133,0,6549,2,6,6557,T
2-PB1,1134,0,0,6691,1,6692,G
2-PB1,1135,6713,0,3,0,6716,A
2-PB1,1136,6700,1,15,1,6717,A
2-PB1,1137,5,0,6791,1,6797,G
2-PB1,1138,1,6573,1,2,6577,T
2-PB1,1139,6600,0,1,0,6601,A
2-PB1,1140,0,6565,0,4,6569,T
2-PB1,1141,0,6570,0,1,6571,T
2-PB1,1142,4,6556,0,3,6563,T
2-PB1,1143,2,2,0,6469,6473,C
2-PB1,1144,6494,0,3,0,6497,A
2-PB1,1145,6500,0,1,0,6501,A
2-PB1,1146,0,6399,0,2,6401,T
2-PB1,1147,1,0,6431,1,6433,G
2-PB1,1148,6385,0,0,1,6386,A
2-PB1,1149,6401,0,2,1,6404,A
2-PB1,1150,4,6353,1,4,6362,T
2-PB1,1151,1,0,0,6408,6409,C
2-PB1,1152,6418,2,1,0,6421,A
2-PB1,1153,6436,1,1,0,6438,A
2-PB1,1154,0,2,0,6421,6423,C
2-PB1,1155,6418,0,3,1,6422,A
2-PB1,1156,6382,1,9,0,6392,A
2-PB1,1157,1,1,6396,0,6398,G
2-PB1,1158,2,3,6407,0,6412,G
2-PB1,1159,6406,1,1,0,6408,A
2-PB1,1160,6370,1,7,0,6378,A
2-PB1,1161,4,0,6383,0,6387,G
2-PB1,1162,6377,0,0,0,6377,A
2-PB1,1163,6366,2,1,1,6370,A
2-PB1,1164,6369,1,4,0,6374,A
2-PB1,1165,6365,1,5,1,6372,A
2-PB1,1166,0,6342,0,1,6343,T
2-PB1,1167,1,6308,0,4,6313,T
2-PB1,1168,0,0,6318,0,6318,G
2-PB1,1169,6311,0,0,2,6313,A
2-PB1,1170,6302,0,3,1,6306,A
2-PB1,1171,6315,1,2,1,6319,A
2-PB1,1172,6358,2,2,1,6363,A
2-PB1,1173,6409,0,0,1,6410,A
2-PB1,1174,6421,1,1,1,6424,A
2-PB1,1175,0,6402,3,2,6407,T
2-PB1,1176,6416,0,2,1,6419,A
2-PB1,1177,6412,0,7,2,6421,A
2-PB1,1178,2,2,6433,0,6437,G
2-PB1,1179,0,3,6434,0,6437,G
2-PB1,1180,1,2,0,6412,6415,C
2-PB1,1181,3,2,1,6392,6398,C
2-PB1,1182,0,6379,1,4,6384,T
2-PB1,1183,2,1,0,7206,7209,C
2-PB1,1184,0,7323,1,2,7326,T
2-PB1,1185,1,7327,1,8,7337,T
2-PB1,1186,2,0,0,7455,7457,C
2-PB1,1187,1,7435,0,3,7439,T
2-PB1,1188,7448,0,1,1,7450,A
2-PB1,1189,7456,0,3,1,7460,A
2-PB1,1190,1,7452,0,0,7453,T
2-PB1,1191,7502,1,2,0,7505,A
2-PB1,1192,0,1,7362,2,7365,G
2-PB1,1193,6763,2,1,0,6766,A
2-PB1,1194,0,6766,1,1,6768,T
2-PB1,1195,1,0,6670,2,6673,G
2-PB1,1196,3,1,6761,0,6765,G
2-PB1,1197,0,1,0,6734,6735,C
2-PB1,1198,6759,1,4,0,6764,A
2-PB1,1199,1,1,0,6799,6801,C
2-PB1,1200,6691,0,5,0,6696,A
2-PB1,1201,1,0,6918,0,6919,G
2-PB1,1202,1,3,0,6902,6906,C
2-PB1,1203,6904,1,4,1,6910,A
2-PB1,1204,0,7058,1,4,7063,T
2-PB1,1205,3,1,0,7008,7012,C
2-PB1,1206,7076,0,0,1,7077,A
2-PB1,1207,0,7076,1,2,7079,T
2-PB1,1208,2,7040,0,2,7044,T
2-PB1,1209,1,2,7017,3,7023,G
2-PB1,1210,6795,2,6,0,6803,A
2-PB1,1211,0,0,6986,0,6986,G
2-PB1,1212,3,2,1,6961,6967,C
2-PB1,1213,1,2,1,6858,6862,C
2-PB1,1214,3,0,0,6917,6920,C
2-PB1,1215,1,6872,1,8,6882,T
2-PB1,1216,1,0,7029,0,7030,G
2-PB1,1217,1,2,7116,0,7119,G
2-PB1,1218,7113,1,2,0,7116,A
2-PB1,1219,7180,0,1,0,7181,A
2-PB1,1220,0,6984,0,3,6987,T
2-PB1,1221,0,1,7085,0,7086,G
2-PB1,1222,7159,2,3,1,7165,A
2-PB1,1223,0,7131,1,3,7135,T
2-PB1,1224,2,2,7144,0,7148,G
2-PB1,1225,7065,1,2,0,7068,A
2-PB1,1226,0,6986,0,1,6987,T
2-PB1,1227,1,5,6972,1,6979,G
2-PB1,1228,1,0,7025,0,7026,G
2-PB1,1229,0,2,7027,0,7029,G
2-PB1,1230,0,2,0,6966,6968,C
2-PB1,1231,6970,0,1,0,6971,A
2-PB1,1232,1,6994,1,0,6996,T
2-PB1,1233,2,1,7176,0,7179,G
2-PB1,1234,2,7178,0,3,7183,T
2-PB1,1235,2,7204,0,2,7208,T
2-PB1,1236,0,4,1,7209,7214,C
2-PB1,1237,7127,0,37,0,7164,A
2-PB1,1238,7163,1,6,1,7171,A
2-PB1,1239,1,2,0,7171,7174,C
2-PB1,1240,7170,1,5,0,7176,A
2-PB1,1241,0,7189,0,0,7189,T
2-PB1,1242,4,1,7196,0,7201,G
2-PB1,1243,0,1,0,7199,7200,C
2-PB1,1244,0,7202,1,1,7204,T
2-PB1,1245,7231,0,3,0,7234,A
2-PB1,1246,7214,1,3,1,7219,A
2-PB1,1247,1,2,7317,0,7320,G
2-PB1,1248,2,7312,0,1,7315,T
2-PB1,1249,7272,3,1,1,7277,A
2-PB1,1250,1,4,0,7298,7303,C
2-PB1,1251,1,0,7292,0,7293,G
2-PB1,1252,0,2,7556,0,7558,G
2-PB1,1253,3,7542,1,1,7547,T
2-PB1,1254,1,7503,1,0,7505,T
2-PB1,1255,0,7510,0,0,7510,T
2-PB1,1256,0,7471,1,1,7473,T
2-PB1,1257,7469,7,9,0,7485,A
2-PB1,1258,0,3,7476,0,7479,G
2-PB1,1259,0,5,7464,0,7469,G
2-PB1,1260,7308,0,10,1,7319,A
2-PB1,1261,3,2,7265,0,7270,G
2-PB1,1262,2,7220,0,3,7225,T
2-PB1,1263,2,5,0,7218,7225,C
2-PB1,1264,3,7208,1,11,7223,T
2-PB1,1265,0,0,0,7216,7216,C
2-PB1,1266,0,0,7211,0,7211,G
2-PB1,1267,7213,0,3,0,7216,A
2-PB1,1268,1,7203,2,5,7211,T
2-PB1,1269,2,4,0,7141,7147,C
2-PB1,1270,0,1,0,7377,7378,C
2-PB1,1271,3,7370,2,5,7380,T
2-PB1,1272,0,2,7391,0,7393,G
2-PB1,1273,7392,0,2,0,7394,A
2-PB1,1274,7437,0,1,1,7439,A
2-PB1,1275,1,7423,1,8,7433,T
2-PB1,1276,1,1,0,7263,7265,C
2-PB1,1277,1,7244,0,4,7249,T
2-PB1,1278,1,7225,0,5,7231,T
2-PB1,1279,1,1,7221,1,7224,G
2-PB1,1280,1,1,7243,0,7245,G
2-PB1,1281,7244,1,5,0,7250,A
2-PB1,1282,0,3,0,7253,7256,C
2-PB1,1283,7163,0,3,0,7166,A
2-PB1,1284,7206,1,0,0,7207,A
2-PB1,1285,7217,0,3,0,7220,A
2-PB1,1286,7212,2,10,3,7227,A
2-PB1,1287,1,2,7347,0,7350,G
2-PB1,1288,7360,0,2,0,7362,A
2-PB1,1289,7336,1,3,0,7340,A
2-PB1,1290,7352,0,3,0,7355,A
2-PB1,1291,0,7352,0,2,7354,T
2-PB1,1292,7361,0,0,1,7362,A
2-PB1,1293,1,2,0,7517,7520,C
2-PB1,1294,7449,1,8,0,7458,A
2-PB1,1295,1,0,0,7469,7470,C
2-PB1,1296,1,3,0,7377,7381,C
2-PB1,1297,7368,2,4,0,7374,A
2-PB1,1298,7420,2,1,1,7424,A
2-PB1,1299,0,2,7571,0,7573,G
2-PB1,1300,7664,0,5,1,7670,A
2-PB1,1301,1,0,0,7704,7705,C
2-PB1,1302,7538,2,5,0,7545,A
2-PB1,1303,7694,1,4,0,7699,A
2-PB1,1304,0,2,0,7713,7715,C
2-PB1,1305,7761,0,3,1,7765,A
2-PB1,1306,1,7789,1,0,7791,T
2-PB1,1307,7723,0,1,0,7724,A
2-PB1,1308,1,1,0,7785,7787,C
2-PB1,1309,3,7534,0,6,7543,T
2-PB1,1310,1,2,7614,0,7617,G
2-PB1,1311,1,3,7589,3,7596,G
2-PB1,1312,1,7440,0,4,7445,T
2-PB1,1313,1,3,7419,0,7423,G
2-PB1,1314,3,0,7352,1,7356,G
2-PB1,1315,1,1,7380,0,7382,G
2-PB1,1316,7395,1,4,1,7401,A
2-PB1,1317,1,7322,0,2,7325,T
2-PB1,1318,5,0,7292,0,7297,G
2-PB1,1319,1,0,7234,2,7237,G
2-PB1,1320,7163,2,10,0,7175,A
2-PB1,1321,1,1,0,7365,7367,C
2-PB1,1322,1,7352,0,10,7363,T
2-PB1,1323,2,2,1,7418,7423,C
2-PB1,1324,1,0,1,7399,7401,C
2-PB1,1325,7410,1,3,0,7414,A
2-PB1,1326,7408,1,1,1,7411,A
2-PB1,1327,2,7376,0,4,7382,T
2-PB1,1328,3,0,5,7373,7381,C
2-PB1,1329,3,0,1,7360,7364,C
2-PB1,1330,1,7204,1,7,7213,T
2-PB1,1331,2,0,0,7214,7216,C
2-PB1,1332,1,7072,0,8,7081,T
2-PB1,1333,0,0,7082,0,7082,G
2-PB1,1334,7072,0,1,0,7073,A
2-PB1,1335,0,7080,0,3,7083,T
2-PB1,1336,1,1,7188,0,7190,G
2-PB1,1337,7223,0,0,0,7223,A
2-PB1,1338,0,7212,0,0,7212,T
2-PB1,1339,0,7167,0,2,7169,T
2-PB1,1340,2,7169,0,2,7173,T
2-PB1,1341,0,7173,0,7,7180,T
2-PB1,1342,2,3,7178,1,7184,G
2-PB1,1343,2,0,0,7230,7232,C
2-PB1,1344,1,2,0,7218,7221,C
2-PB1,1345,3,4,1,7422,7430,C
2-PB1,1346,1,7263,0,12,7276,T
2-PB1,1347,0,2,0,7503,7505,C
2-PB1,1348,7527,1,7,0,7535,A
2-PB1,1349,1,7562,1,1,7565,T
2-PB1,1350,7560,1,1,2,7564,A
2-PB1,1351,1,1,7627,0,7629,G
2-PB1,1352,0,7523,0,3,7526,T
2-PB1,1353,1,0,7547,1,7549,G
2-PB1,1354,7315,0,1,2,7318,A
2-PB1,1355,7318,1,1,2,7322,A
2-PB1,1356,0,7019,0,5,7024,T
2-PB1,1357,0,1,6998,1,7000,G
2-PB1,1358,0,3,0,7035,7038,C
2-PB1,1359,7050,5,2,1,7058,A
2-PB1,1360,0,1,0,7048,7049,C
2-PB1,1361,2,0,0,7016,7018,C
2-PB1,1362,6996,1,1,0,6998,A
2-PB1,1363,6992,1,3,0,6996,A
2-PB1,1364,6980,0,1,1,6982,A
2-PB1,1365,1,6817,1,0,6819,T
2-PB1,1366,0,0,0,7033,7033,C
2-PB1,1367,7044,0,0,0,7044,A
2-PB1,1368,1,7042,2,1,7046,T
2-PB1,1369,0,0,7043,3,7046,G
2-PB1,1370,7022,0,19,0,7041,A
2-PB1,1371,1,2,7075,0,7078,G
2-PB1,1372,1,1,7050,1,7053,G
2-PB1,1373,4,1,7085,1,7091,G
2-PB1,1374,7050,2,6,0,7058,A
2-PB1,1375,7137,0,8,1,7146,A
2-PB1,1376,1,7154,1,3,7159,T
2-PB1,1377,7178,1,5,1,7185,A
2-PB1,1378,1,0,0,7191,7192,C
2-PB1,1379,7197,1,2,1,7201,A
2-PB1,1380,7173,1,4,0,7178,A
2-PB1,1381,14,0,7142,0,7156,G
2-PB1,1382,2,4,0,7092,7098,C
2-PB1,1383,7033,1,1,1,7036,A
2-PB1,1384,2,1,7078,0,7081,G
2-PB1,1385,0,1,7072,0,7073,G
2-PB1,1386,7047,0,8,1,7056,A
2-PB1,1387,2,3,7080,0,7085,G
2-PB1,1388,0,6969,0,5,6974,T
2-PB1,1389,2,1,7068,0,7071,G
2-PB1,1390,0,2,7085,2,7089,G
2-PB1,1391,7059,2,16,0,7077,A
2-PB1,1392,1,7079,0,2,7082,T
2-PB1,1393,6949,1,0,0,6950,A
2-PB1,1394,1,0,6983,0,6984,G
2-PB1,1395,7091,0,0,0,7091,A
2-PB1,1396,1,7064,0,1,7066,T
2-PB1,1397,0,7037,1,1,7039,T
2-PB1,1398,2,0,0,7186,7188,C
2-PB1,1399,0,7145,0,4,7149,T
2-PB1,1400,7148,3,2,0,7153,A
2-PB1,1401,1,4,0,7143,7148,C
2-PB1,1402,7037,1,1,2,7041,A
2-PB1,1403,2,1,7030,0,7033,G
2-PB1,1404,0,1,6916,0,6917,G
2-PB1,1405,6954,1,1,0,6956,A
2-PB1,1406,4,2,0,6921,6927,C
2-PB1,1407,4,0,0,6758,6762,C
2-PB1,1408,2,6687,1,11,6701,T
2-PB1,1409,4,0,6720,0,6724,G
2-PB1,1410,1,1,1,6713,6716,C
2-PB1,1411,6721,3,1,0,6725,A
2-PB1,1412,6759,3,2,0,6764,A
2-PB1,1413,0,0,6787,0,6787,G
2-PB1,1414,1,6662,0,2,6665,T
2-PB1,1415,1,6662,0,1,6664,T
2-PB1,1416,6555,0,1,0,6556,A
2-PB1,1417,2,0,6555,0,6557,G
2-PB1,1418,1,6520,1,5,6527,T
2-PB1,1419,0,2,6524,0,6526,G
2-PB1,1420,0,0,6507,0,6507,G
2-PB1,1421,3,1,6530,0,6534,G
2-PB1,1422,6512,0,4,1,6517,A
2-PB1,1423,6536,1,1,0,6538,A
2-PB1,1424,0,6510,0,4,6514,T
2-PB1,1425,2,0,0,6540,6542,C
2-PB1,1426,6521,2,7,0,6530,A
2-PB1,1427,6529,2,7,2,6540,A
2-PB1,1428,1,1,0,6529,6531,C
2-PB1,1429,6521,0,3,0,6524,A
2-PB1,1430,1,6355,1,0,6357,T
2-PB1,1431,1,1,6383,0,6385,G
2-PB1,1432,6379,1,4,2,6386,A
2-PB1,1433,1,1,6422,0,6424,G
2-PB1,1434,3,1,1,6393,6398,C
2-PB1,1435,6390,1,2,1,6394,A
2-PB1,1436,6385,1,4,2,6392,A
2-PB1,1437,6392,0,0,2,6394,A
2-PB1,1438,6426,1,2,1,6430,A
2-PB1,1439,6434,3,1,0,6438,A
2-PB1,1440,1,1,6432,0,6434,G
2-PB1,1441,6361,2,0,2,6365,A
2-PB1,1442,6308,0,3,1,6312,A
2-PB1,1443,1,0,6520,3,6524,G
2-PB1,1444,0,6496,0,0,6496,T
2-PB1,1445,0,0,0,6487,6487,C
2-PB1,1446,1,1,0,6519,6521,C
2-PB1,1447,1,6457,1,4,6463,T
2-PB1,1448,6531,0,3,0,6534,A
2-PB1,1449,0,6519,0,0,6519,T
2-PB1,1450,6528,0,3,0,6531,A
2-PB1,1451,2,6525,0,1,6528,T
2-PB1,1452,6351,1,0,1,6353,A
2-PB1,1453,6359,0,1,1,6361,A
2-PB1,1454,6342,1,3,0,6346,A
2-PB1,1455,1,6322,0,2,6325,T
2-PB1,1456,6258,0,1,1,6260,A
2-PB1,1457,6195,3,3,1,6202,A
2-PB1,1458,6228,0,2,2,6232,A
2-PB1,1459,6232,0,6,1,6239,A
2-PB1,1460,1,6,0,6235,6242,C
2-PB1,1461,5970,1,0,0,5971,A
2-PB1,1462,1,2,5960,0,5963,G
2-PB1,1463,1,2,5938,1,5942,G
2-PB1,1464,1,0,5952,0,5953,G
2-PB1,1465,5958,1,6,0,5965,A
2-PB1,1466,1,0,1,5959,5961,C
2-PB1,1467,5925,1,2,0,5928,A
2-PB1,1468,0,5936,1,0,5937,T
2-PB1,1469,1,5937,2,3,5943,T
2-PB1,1470,1,5947,0,3,5951,T
2-PB1,1471,4,1,5941,1,5947,G
2-PB1,1472,5900,2,5,0,5907,A
2-PB1,1473,5915,1,1,0,5917,A
2-PB1,1474,1,5904,0,1,5906,T
2-PB1,1475,0,5800,0,0,5800,T
2-PB1,1476,1,1,3,5806,5811,C
2-PB1,1477,5762,0,1,2,5765,A
2-PB1,1478,0,0,1,5757,5758,C
2-PB1,1479,0,5754,1,3,5758,T
2-PB1,1480,5750,0,1,1,5752,A
2-PB1,1481,0,1,5745,0,5746,G
2-PB1,1482,1,1,0,5726,5728,C
2-PB1,1483,1,5704,0,8,5713,T
2-PB1,1484,0,5735,0,1,5736,T
2-PB1,1485,1,5707,0,3,5711,T
2-PB1,1486,0,5716,0,0,5716,T
2-PB1,1487,0,5712,0,2,5714,T
2-PB1,1488,0,5715,0,1,5716,T
2-PB1,1489,0,5697,0,1,5698,T
2-PB1,1490,5693,0,6,0,5699,A
2-PB1,1491,0,5669,0,2,5671,T
2-PB1,1492,4,3,1,5686,5694,C
2-PB1,1493,1,0,5706,0,5707,G
2-PB1,1494,5799,1,1,0,5801,A
2-PB1,1495,1,5820,0,2,5823,T
2-PB1,1496,5801,0,0,0,5801,A
2-PB1,1497,0,5840,0,8,5848,T
2-PB1,1498,2,0,5836,0,5838,G
2-PB1,1499,0,1,5847,0,5848,G
2-PB1,1500,5846,0,6,1,5853,A
2-PB1,1501,1,5812,0,1,5814,T
2-PB1,1502,2,5764,0,1,5767,T
2-PB1,1503,2,5571,0,1,5574,T
2-PB1,1504,0,0,5582,1,5583,G
2-PB1,1505,2,5554,0,2,5558,T
2-PB1,1506,1,1,5545,0,5547,G
2-PB1,1507,3,0,5548,0,5551,G
2-PB1,1508,3,1,1,5498,5503,C
2-PB1,1509,2,5499,1,6,5508,T
2-PB1,1510,5503,0,0,0,5503,A
2-PB1,1511,5518,0,0,0,5518,A
2-PB1,1512,3,5529,1,0,5533,T
2-PB1,1513,2,5544,0,0,5546,T
2-PB1,1514,1,5545,0,1,5547,T
2-PB1,1515,0,5555,0,0,5555,T
2-PB1,1516,5553,0,0,0,5553,A
2-PB1,1517,2,0,5572,0,5574,G
2-PB1,1518,0,4,0,5566,5570,C
2-PB1,1519,5533,5,3,1,5542,A
2-PB1,1520,1,5459,1,3,5464,T
2-PB1,1521,1,0,5388,2,5391,G
2-PB1,1522,1,0,5461,0,5462,G
2-PB1,1523,5436,0,3,0,5439,A
2-PB1,1524,0,0,5459,1,5460,G
2-PB1,1525,0,1,0,5439,5440,C
2-PB1,1526,1,5362,1,1,5365,T
2-PB1,1527,2,1,5379,0,5382,G
2-PB1,1528,2,1,0,5357,5360,C
2-PB1,1529,1,3,2,5361,5367,C
2-PB1,1530,1,1,0,5380,5382,C
2-PB1,1531,5228,0,1,0,5229,A
2-PB1,1532,0,0,5376,1,5377,G
2-PB1,1533,0,5365,0,0,5365,T
2-PB1,1534,0,5358,0,1,5359,T
2-PB1,1535,1,5372,0,0,5373,T
2-PB1,1536,1,5287,1,0,5289,T
2-PB1,1537,0,0,5283,0,5283,G
2-PB1,1538,0,1,5278,1,5280,G
2-PB1,1539,5253,2,1,0,5256,A
2-PB1,1540,0,0,5265,1,5266,G
2-PB1,1541,3,4835,0,2,4840,T
2-PB1,1542,0,1,4950,0,4951,G
2-PB1,1543,0,4936,0,1,4937,T
2-PB1,1544,1,0,0,4939,4940,C
2-PB1,1545,0,4940,0,5,4945,T
2-PB1,1546,2,1,4943,0,4946,G
2-PB1,1547,1,1,4988,0,4990,G
2-PB1,1548,4988,0,3,0,4991,A
2-PB1,1549,4999,0,0,1,5000,A
2-PB1,1550,0,4980,0,2,4982,T
2-PB1,1551,4548,0,0,0,4548,A
2-PB1,1552,4543,0,1,0,4544,A
2-PB1,1553,4536,0,1,1,4538,A
2-PB1,1554,0,0,1,4542,4543,C
2-PB1,1555,0,0,4499,0,4499,G
2-PB1,1556,4409,1,2,0,4412,A
2-PB1,1557,2,0,4411,0,4413,G
2-PB1,1558,1,4402,0,1,4404,T
2-PB1,1559,1,3,0,4410,4414,C
2-PB1,1560,4389,3,1,0,4393,A
2-PB1,1561,0,0,4428,0,4428,G
2-PB1,1562,1,0,0,4425,4426,C
2-PB1,1563,0,4418,0,1,4419,T
2-PB1,1564,2,0,4478,0,4480,G
2-PB1,1565,4444,0,1,0,4445,A
2-PB1,1566,1,4428,2,0,4431,T
2-PB1,1567,4436,0,4,0,4440,A
2-PB1,1568,0,4350,0,0,4350,T
2-PB1,1569,0,1,4362,0,4363,G
2-PB1,1570,4109,0,2,0,4111,A
2-PB1,1571,0,0,4146,0,4146,G
2-PB1,1572,0,0,4,4140,4144,C
2-PB1,1573,3820,0,2,0,3822,A
2-PB1,1574,0,3817,1,1,3819,T
2-PB1,1575,1,3799,0,0,3800,T
2-PB1,1576,0,0,3827,0,3827,G
2-PB1,1577,1,2,3903,1,3907,G
2-PB1,1578,3817,0,13,1,3831,A
2-PB1,1579,1,0,3836,0,3837,G
2-PB1,1580,1,3602,0,1,3604,T
2-PB1,1581,3581,0,1,0,3582,A
2-PB1,1582,3573,0,4,1,3578,A
2-PB1,1583,1,1,0,3590,3592,C
2-PB1,1584,3546,1,2,0,3549,A
2-PB1,1585,3,1,3582,0,3586,G
2-PB1,1586,1,2976,0,0,2977,T
2-PB1,1587,0,0,2997,2,2999,G
2-PB1,1588,3024,1,1,0,3026,A
2-PB1,1589,0,3020,0,1,3021,T
2-PB1,1590,3003,0,3,1,3007,A
2-PB1,1591,3000,0,0,1,3001,A
2-PB1,1592,2850,0,5,0,2855,A
2-PB1,1593,2,0,2871,0,2873,G
2-PB1,1594,2642,0,0,0,2642,A
2-PB1,1595,2638,0,2,0,2640,A
2-PB1,1596,0,0,0,2631,2631,C
2-PB1,1597,2467,0,1,0,2468,A
2-PB1,1598,2496,0,0,0,2496,A
2-PB1,1599,0,2,0,2491,2493,C
2-PB1,1600,2507,1,1,0,2509,A
2-PB1,1601,1,2492,4,0,2497,T
2-PB1,1602,0,0,2392,0,2392,G
2-PB1,1603,2392,1,1,0,2394,A
2-PB1,1604,1,2393,0,1,2395,T
2-PB1,1605,2347,1,0,0,2348,A
2-PB1,1606,2366,0,0,0,2366,A
2-PB1,1607,2315,0,2,0,2317,A
2-PB1,1608,0,0,1,2312,2313,C
2-PB1,1609,2124,0,1,0,2125,A
2-PB1,1610,2112,0,1,0,2113,A
2-PB1,1611,0,2042,1,0,2043,T
2-PB1,1612,0,1,2048,0,2049,G
2-PB1,1613,2085,0,1,0,2086,A
2-PB1,1614,1,0,0,2102,2103,C
2-PB1,1615,0,0,0,2015,2015,C
2-PB1,1616,0,1878,0,1,1879,T
2-PB1,1617,0,1770,0,0,1770,T
2-PB1,1618,1,0,1765,0,1766,G
2-PB1,1619,0,0,1790,0,1790,G
2-PB1,1620,1818,0,1,0,1819,A
2-PB1,1621,0,0,0,1855,1855,C
2-PB1,1622,1,0,0,1820,1821,C
2-PB1,1623,1820,0,0,0,1820,A
2-PB1,1624,0,0,1836,0,1836,G
2-PB1,1625,0,0,0,1838,1838,C
2-PB1,1626,1842,0,1,0,1843,A
2-PB1,1627,1838,2,1,0,1841,A
2-PB1,1628,0,0,0,1834,1834,C
2-PB1,1629,1820,1,1,0,1822,A
2-PB1,1630,1,0,1865,0,1866,G
2-PB1,1631,0,2,0,1851,1853,C
2-PB1,1632,0,1,0,1865,1866,C
2-PB1,1633,1,0,0,1865,1866,C
2-PB1,1634,1862,1,2,0,1865,A
2-PB1,1635,1859,0,1,0,1860,A
2-PB1,1636,1864,1,0,0,1865,A
2-PB1,1637,0,1855,0,0,1855,T
2-PB1,1638,0,0,1853,0,1853,G
2-PB1,1639,0,0,1834,0,1834,G
2-PB1,1640,0,0,0,1841,1841,C
2-PB1,1641,0,1831,0,1,1832,T
2-PB1,1642,1,1,0,1876,1878,C
2-PB1,1643,0,1876,0,0,1876,T
2-PB1,1644,0,0,0,1890,1890,C
2-PB1,1645,0,0,0,1892,1892,C
2-PB1,1646,1893,0,2,0,1895,A
2-PB1,1647,1904,0,0,0,1904,A
2-PB1,1648,0,1896,0,0,1896,T
2-PB1,1649,0,1881,0,0,1881,T
2-PB1,1650,0,0,1898,0,1898,G
2-PB1,1651,1,1852,0,1,1854,T
2-PB1,1652,1,1848,0,0,1849,T
2-PB1,1653,1,7,0,1841,1849,C
2-PB1,1654,1846,1,0,0,1847,A
2-PB1,1655,0,1841,0,0,1841,T
2-PB1,1656,0,0,0,1846,1846,C
2-PB1,1657,1851,0,0,0,1851,A
2-PB1,1658,1851,0,0,0,1851,A
2-PB1,1659,1844,2,1,0,1847,A
2-PB1,1660,0,0,1893,0,1893,G
2-PB1,1661,1891,0,0,0,1891,A
2-PB1,1662,0,1895,0,0,1895,T
2-PB1,1663,0,1895,0,1,1896,T
2-PB1,1664,1898,2,0,1,1901,A
2-PB1,1665,0,0,0,1929,1929,C
2-PB1,1666,1918,0,0,0,1918,A
2-PB1,1667,1,1,1936,1,1939,G
2-PB1,1668,1935,0,2,0,1937,A
2-PB1,1669,0,1972,0,0,1972,T
2-PB1,1670,1981,0,1,0,1982,A
2-PB1,1671,1,0,0,2087,2088,C
2-PB1,1672,2124,1,0,0,2125,A
2-PB1,1673,2,0,0,2249,2251,C
2-PB1,1674,2217,0,1,0,2218,A
2-PB1,1675,0,2222,0,0,2222,T
2-PB1,1676,2212,0,0,0,2212,A
2-PB1,1677,0,2209,0,1,2210,T
2-PB1,1678,2173,0,2,0,2175,A
2-PB1,1679,1,1,2170,0,2172,G
2-PB1,1680,0,0,2144,0,2144,G
2-PB1,1681,0,2029,0,0,2029,T
2-PB1,1682,2,1,1997,0,2000,G
2-PB1,1683,2,0,0,2075,2077,C
2-PB1,1684,0,1,0,2074,2075,C
2-PB1,1685,2104,0,0,0,2104,A
2-PB1,1686,1,2098,0,0,2099,T
2-PB1,1687,2109,2,0,0,2111,A
2-PB1,1688,0,0,2121,0,2121,G
2-PB1,1689,2073,0,2,1,2076,A
2-PB1,1690,0,2,2079,1,2082,G
2-PB1,1691,0,0,2089,0,2089,G
2-PB1,1692,2016,1,1,0,2018,A
2-PB1,1693,0,0,2017,0,2017,G
2-PB1,1694,2000,3,7,0,2010,A
2-PB1,1695,0,1,1,2009,2011,C
2-PB1,1696,1996,0,6,0,2002,A
2-PB1,1697,0,0,0,2038,2038,C
2-PB1,1698,2041,2,1,0,2044,A
2-PB1,1699,0,0,0,2040,2040,C
2-PB1,1700,2021,0,1,0,2022,A
2-PB1,1701,2032,0,0,0,2032,A
2-PB1,1702,2030,2,2,0,2034,A
2-PB1,1703,1,2037,0,1,2039,T
2-PB1,1704,0,0,0,2042,2042,C
2-PB1,1705,0,0,0,2048,2048,C
2-PB1,1706,2016,0,0,0,2016,A
2-PB1,1707,0,0,2019,0,2019,G
2-PB1,1708,2015,2,0,0,2017,A
2-PB1,1709,0,0,0,2028,2028,C
2-PB1,1710,0,1,2023,0,2024,G
2-PB1,1711,2015,0,1,1,2017,A
2-PB1,1712,0,1,2017,0,2018,G
2-PB1,1713,2020,0,1,0,2021,A
2-PB1,1714,2015,0,1,0,2016,A
2-PB1,1715,0,0,2019,0,2019,G
2-PB1,1716,2005,1,4,0,2010,A
2-PB1,1717,0,2007,0,0,2007,T
2-PB1,1718,1,0,0,2006,2007,C
2-PB1,1719,2012,1,0,0,2013,A
2-PB1,1720,0,1997,0,0,1997,T
2-PB1,1721,1,2006,0,0,2007,T
2-PB1,1722,0,1,0,2006,2007,C
2-PB1,1723,0,1,2007,0,2008,G
2-PB1,1724,1999,0,0,0,1999,A
2-PB1,1725,0,0,1999,0,1999,G
2-PB1,1726,1967,0,16,0,1983,A
2-PB1,1727,1,2047,0,2,2050,T
2-PB1,1728,2058,1,0,0,2059,A
2-PB1,1729,2069,0,0,0,2069,A
2-PB1,1730,2063,0,0,0,2063,A
2-PB1,1731,6,0,2066,0,2072,G
2-PB1,1732,2062,1,0,0,2063,A
2-PB1,1733,2020,0,1,1,2022,A
2-PB1,1734,1,0,2027,0,2028,G
2-PB1,1735,0,1,0,2021,2022,C
2-PB1,1736,0,2014,1,0,2015,T
2-PB1,1737,0,0,2016,0,2016,G
2-PB1,1738,0,2010,0,1,2011,T
2-PB1,1739,0,0,2006,0,2006,G
2-PB1,1740,1,0,2015,0,2016,G
2-PB1,1741,1,0,2028,1,2030,G
2-PB1,1742,2032,0,2,0,2034,A
2-PB1,1743,1,2025,0,1,2027,T
2-PB1,1744,0,0,0,2020,2020,C
2-PB1,1745,2028,0,1,0,2029,A
2-PB1,1746,2036,1,1,0,2038,A
2-PB1,1747,2047,0,0,0,2047,A
2-PB1,1748,0,0,0,2034,2034,C
2-PB1,1749,0,0,0,2026,2026,C
2-PB1,1750,0,2,0,2022,2024,C
2-PB1,1751,2014,0,2,0,2016,A
2-PB1,1752,2054,0,2,0,2056,A
2-PB1,1753,0,2044,0,0,2044,T
2-PB1,1754,2,0,0,2051,2053,C
2-PB1,1755,2043,0,1,0,2044,A
2-PB1,1756,2027,1,0,0,2028,A
2-PB1,1757,2,2,2048,0,2052,G
2-PB1,1758,2,0,2037,0,2039,G
2-PB1,1759,1,1,2041,0,2043,G
2-PB1,1760,0,0,0,2045,2045,C
2-PB1,1761,2024,1,1,0,2026,A
2-PB1,1762,0,0,2073,0,2073,G
2-PB1,1763,0,0,2089,2,2091,G
2-PB1,1764,2100,0,1,0,2101,A
2-PB1,1765,1,0,0,2110,2111,C
2-PB1,1766,1,2068,0,0,2069,T
2-PB1,1767,2118,2,0,0,2120,A
2-PB1,1768,0,2114,0,2,2116,T
2-PB1,1769,1,2118,1,1,2121,T
2-PB1,1770,1,1,2115,0,2117,G
2-PB1,1771,0,0,2126,0,2126,G
2-PB1,1772,0,2113,0,3,2116,T
2-PB1,1773,2120,0,0,0,2120,A
2-PB1,1774,0,2085,2,2,2089,T
2-PB1,1775,0,2,1,2088,2091,C
2-PB1,1776,2058,0,1,0,2059,A
2-PB1,1777,0,1,2079,0,2080,G
2-PB1,1778,2078,0,1,0,2079,A
2-PB1,1779,1,2061,0,0,2062,T
2-PB1,1780,1,2,1996,0,1999,G
2-PB1,1781,0,0,1996,0,1996,G
2-PB1,1782,1,2,2000,1,2004,G
2-PB1,1783,1,0,2017,0,2018,G
2-PB1,1784,1,0,2015,0,2016,G
2-PB1,1785,2011,1,1,0,2013,A
2-PB1,1786,0,0,0,1998,1998,C
2-PB1,1787,1,0,0,1997,1998,C
2-PB1,1788,2002,1,2,0,2005,A
2-PB1,1789,2123,0,1,0,2124,A
2-PB1,1790,2134,0,0,0,2134,A
2-PB1,1791,0,1,1,2166,2168,C
2-PB1,1792,0,2149,0,0,2149,T
2-PB1,1793,0,2141,0,1,2142,T
2-PB1,1794,2155,0,1,0,2156,A
2-PB1,1795,0,2152,0,0,2152,T
2-PB1,1796,2159,2,0,0,2161,A
2-PB1,1797,0,0,0,2165,2165,C
2-PB1,1798,2028,0,0,0,2028,A
2-PB1,1799,2034,0,0,1,2035,A
2-PB1,1800,1,1979,0,1,1981,T
2-PB1,1801,2015,0,0,0,2015,A
2-PB1,1802,1,2018,0,1,2020,T
2-PB1,1803,1,0,0,2011,2012,C
2-PB1,1804,0,1,0,2009,2010,C
2-PB1,1805,0,0,2016,0,2016,G
2-PB1,1806,0,0,2018,1,2019,G
2-PB1,1807,2022,0,1,0,2023,A
2-PB1,1808,2017,1,2,0,2020,A
2-PB1,1809,0,2026,0,0,2026,T
2-PB1,1810,0,0,0,2037,2037,C
2-PB1,1811,1,2029,0,0,2030,T
2-PB1,1812,0,2046,0,0,2046,T
2-PB1,1813,0,0,0,2043,2043,C
2-PB1,1814,2040,0,1,0,2041,A
2-PB1,1815,0,0,0,2040,2040,C
2-PB1,1816,2032,0,0,0,2032,A
2-PB1,1817,1,2176,0,2,2179,T
2-PB1,1818,0,0,0,2186,2186,C
2-PB1,1819,0,0,0,2188,2188,C
2-PB1,1820,0,0,0,2213,2213,C
2-PB1,1821,1,2205,0,3,2209,T
2-PB1,1822,1,0,2214,1,2216,G
2-PB1,1823,2215,0,0,0,2215,A
2-PB1,1824,2212,0,1,0,2213,A
2-PB1,1825,0,0,2211,0,2211,G
2-PB1,1826,0,2095,0,0,2095,T
2-PB1,1827,1,0,0,2092,2093,C
2-PB1,1828,0,2069,1,0,2070,T
2-PB1,1829,0,0,2107,0,2107,G
2-PB1,1830,0,1,0,2107,2108,C
2-PB1,1831,0,2102,0,1,2103,T
2-PB1,1832,0,2109,0,0,2109,T
2-PB1,1833,2104,2,0,1,2107,A
2-PB1,1834,2101,0,1,0,2102,A
2-PB1,1835,2104,0,0,0,2104,A
2-PB1,1836,2040,1,2,0,2043,A
2-PB1,1837,0,2055,0,0,2055,T
2-PB1,1838,1,0,2052,0,2053,G
2-PB1,1839,0,0,2056,0,2056,G
2-PB1,1840,0,0,2055,0,2055,G
2-PB1,1841,2045,0,1,0,2046,A
2-PB1,1842,1,1,2054,0,2056,G
2-PB1,1843,1,0,0,2044,2045,C
2-PB1,1844,0,2035,2,1,2038,T
2-PB1,1845,0,1,2047,0,2048,G
2-PB1,1846,2044,1,1,0,2046,A
2-PB1,1847,1,2039,0,0,2040,T
2-PB1,1848,0,1,2047,0,2048,G
2-PB1,1849,0,0,2045,0,2045,G
2-PB1,1850,2043,0,3,0,2046,A
2-PB1,1851,0,2033,1,1,2035,T
2-PB1,1852,0,0,2039,0,2039,G
2-PB1,1853,2023,0,2,0,2025,A
2-PB1,1854,1,0,2057,0,2058,G
2-PB1,1855,2059,2,0,0,2061,A
2-PB1,1856,2064,0,1,0,2065,A
2-PB1,1857,0,2035,0,1,2036,T
2-PB1,1858,0,2031,0,0,2031,T
2-PB1,1859,2034,0,0,0,2034,A
2-PB1,1860,2,2029,0,0,2031,T
2-PB1,1861,0,1,0,2029,2030,C
2-PB1,1862,0,0,2036,0,2036,G
2-PB1,1863,2,0,2015,0,2017,G
2-PB1,1864,0,0,2002,0,2002,G
2-PB1,1865,0,3,1994,0,1997,G
2-PB1,1866,2002,1,3,0,2006,A
2-PB1,1867,2002,0,3,0,2005,A
2-PB1,1868,0,0,2013,0,2013,G
2-PB1,1869,2023,0,2,0,2025,A
2-PB1,1870,0,0,0,2033,2033,C
2-PB1,1871,0,2011,1,0,2012,T
2-PB1,1872,0,2059,0,0,2059,T
2-PB1,1873,0,2066,0,2,2068,T
2-PB1,1874,1,0,2078,0,2079,G
2-PB1,1875,1,2080,0,0,2081,T
2-PB1,1876,2073,0,0,0,2073,A
2-PB1,1877,2066,0,1,0,2067,A
2-PB1,1878,1,2036,0,0,2037,T
2-PB1,1879,1,0,0,2059,2060,C
2-PB1,1880,0,2,0,2052,2054,C
2-PB1,1881,2,0,0,2045,2047,C
2-PB1,1882,2,1,0,2054,2057,C
2-PB1,1883,0,2051,0,1,2052,T
2-PB1,1884,1,0,2051,0,2052,G
2-PB1,1885,2054,0,0,0,2054,A
2-PB1,1886,2061,0,0,0,2061,A
2-PB1,1887,1,2062,0,1,2064,T
2-PB1,1888,0,0,0,2042,2042,C
2-PB1,1889,1,1,0,2028,2030,C
2-PB1,1890,1,0,0,2005,2006,C
2-PB1,1891,0,1988,0,2,1990,T
2-PB1,1892,0,2007,0,0,2007,T
2-PB1,1893,0,1996,0,1,1997,T
2-PB1,1894,0,0,1999,0,1999,G
2-PB1,1895,0,1987,1,2,1990,T
2-PB1,1896,0,0,0,1989,1989,C
2-PB1,1897,1962,0,1,0,1963,A
2-PB1,1898,0,1,1981,0,1982,G
2-PB1,1899,1,1,0,1975,1977,C
2-PB1,1900,0,0,0,1980,1980,C
2-PB1,1901,1976,0,1,0,1977,A
2-PB1,1902,0,1981,0,1,1982,T
2-PB1,1903,1981,2,0,1,1984,A
2-PB1,1904,1990,0,0,0,1990,A
2-PB1,1905,1987,0,0,0,1987,A
2-PB1,1906,0,0,2013,0,2013,G
2-PB1,1907,1964,0,0,0,1964,A
2-PB1,1908,1959,1,0,0,1960,A
2-PB1,1909,1965,0,0,0,1965,A
2-PB1,1910,0,1964,0,2,1966,T
2-PB1,1911,0,1961,0,0,1961,T
2-PB1,1912,0,0,1962,1,1963,G
2-PB1,1913,1953,0,0,0,1953,A
2-PB1,1914,1,1,1986,1,1989,G
2-PB1,1915,0,1998,0,0,1998,T
2-PB1,1916,1,1,0,2013,2015,C
2-PB1,1917,0,2005,0,1,2006,T
2-PB1,1918,1,0,2046,0,2047,G
2-PB1,1919,0,2045,0,1,2046,T
2-PB1,1920,2073,0,0,0,2073,A
2-PB1,1921,2072,0,1,0,2073,A
2-PB1,1922,2072,0,1,0,2073,A
2-PB1,1923,0,1,1,2073,2075,C
2-PB1,1924,2011,1,0,0,2012,A
2-PB1,1925,2039,0,0,0,2039,A
2-PB1,1926,1,2040,0,0,2041,T
2-PB1,1927,0,0,2025,0,2025,G
2-PB1,1928,0,4,0,2033,2037,C
2-PB1,1929,0,2006,0,0,2006,T
2-PB1,1930,0,0,2065,0,2065,G
2-PB1,1931,0,2067,0,0,2067,T
2-PB1,1932,2113,0,0,0,2113,A
2-PB1,1933,1,0,2122,0,2123,G
2-PB1,1934,0,2077,1,0,2078,T
2-PB1,1935,2068,0,0,0,2068,A
2-PB1,1936,2050,0,0,0,2050,A
2-PB1,1937,0,2044,0,0,2044,T
2-PB1,1938,1,0,2039,0,2040,G
2-PB1,1939,1,0,0,2002,2003,C
2-PB1,1940,0,0,0,1979,1979,C
2-PB1,1941,1945,0,0,0,1945,A
2-PB1,1942,0,0,1984,0,1984,G
2-PB1,1943,0,1,0,1997,1998,C
2-PB1,1944,1,0,0,2006,2007,C
2-PB1,1945,2,1,0,1996,1999,C
2-PB1,1946,1994,0,1,0,1995,A
2-PB1,1947,0,2000,0,0,2000,T
2-PB1,1948,1,0,1992,0,1993,G
2-PB1,1949,1,1,2007,1,2010,G
2-PB1,1950,1,2002,0,2,2005,T
2-PB1,1951,0,0,0,1946,1946,C
2-PB1,1952,0,0,0,1929,1929,C
2-PB1,1953,1,1914,0,2,1917,T
2-PB1,1954,1,0,1943,0,1944,G
2-PB1,1955,1,2,0,1934,1937,C
2-PB1,1956,0,1,0,1942,1943,C
2-PB1,1957,1940,0,3,0,1943,A
2-PB1,1958,1913,0,0,0,1913,A
2-PB1,1959,1912,0,0,0,1912,A
2-PB1,1960,1918,0,0,0,1918,A
2-PB1,1961,1,0,1948,0,1949,G
2-PB1,1962,0,1930,0,1,1931,T
2-PB1,1963,1932,0,0,0,1932,A
2-PB1,1964,0,1930,0,0,1930,T
2-PB1,1965,0,0,1930,0,1930,G
2-PB1,1966,0,1,1963,1,1965,G
2-PB1,1967,1959,0,1,0,1960,A
2-PB1,1968,1977,0,0,0,1977,A
2-PB1,1969,0,1964,0,1,1965,T
2-PB1,1970,1938,0,1,0,1939,A
2-PB1,1971,0,1936,0,0,1936,T
2-PB1,1972,0,1,1931,0,1932,G
2-PB1,1973,1926,0,2,1,1929,A
2-PB1,1974,0,1931,0,0,1931,T
2-PB1,1975,0,0,1864,1,1865,G
2-PB1,1976,0,0,0,1868,1868,C
2-PB1,1977,0,2,0,1859,1861,C
2-PB1,1978,1,1,1856,1,1859,G
2-PB1,1979,0,1854,0,1,1855,T
2-PB1,1980,1,1853,0,0,1854,T
2-PB1,1981,2,0,1857,0,1859,G
2-PB1,1982,0,0,0,1877,1877,C
2-PB1,1983,1882,0,0,0,1882,A
2-PB1,1984,1904,0,0,0,1904,A
2-PB1,1985,0,0,0,1909,1909,C
2-PB1,1986,0,1898,0,0,1898,T
2-PB1,1987,1902,0,1,0,1903,A
2-PB1,1988,0,0,0,1902,1902,C
2-PB1,1989,1902,0,0,0,1902,A
2-PB1,1990,0,0,0,1901,1901,C
2-PB1,1991,1825,0,2,0,1827,A
2-PB1,1992,0,0,1,1952,1953,C
2-PB1,1993,0,1911,0,14,1925,T
2-PB1,1994,0,1,0,1939,1940,C
2-PB1,1995,0,0,0,1939,1939,C
2-PB1,1996,1,1930,0,4,1935,T
2-PB1,1997,0,0,1931,0,1931,G
2-PB1,1998,0,0,1929,0,1929,G
2-PB1,1999,1931,2,0,0,1933,A
2-PB1,2000,1,1936,0,0,1937,T
2-PB1,2001,0,1787,0,0,1787,T
2-PB1,2002,0,0,0,1788,1788,C
2-PB1,2003,0,0,1,1777,1778,C
2-PB1,2004,0,1772,0,2,1774,T
2-PB1,2005,1828,0,0,0,1828,A
2-PB1,2006,1827,1,0,0,1828,A
2-PB1,2007,0,0,1828,0,1828,G
2-PB1,2008,1821,0,2,0,1823,A
2-PB1,2009,2,1,1815,0,1818,G
2-PB1,2010,0,1,1815,0,1816,G
2-PB1,2011,1754,0,3,0,1757,A
2-PB1,2012,1757,1,2,0,1760,A
2-PB1,2013,0,1,0,1759,1760,C
2-PB1,2014,0,0,0,1747,1747,C
2-PB1,2015,1,0,1771,0,1772,G
2-PB1,2016,0,0,0,1768,1768,C
2-PB1,2017,1,1762,0,2,1765,T
2-PB1,2018,0,1,0,1768,1769,C
2-PB1,2019,0,1757,0,1,1758,T
2-PB1,2020,1852,3,0,0,1855,A
2-PB1,2021,0,1849,0,0,1849,T
2-PB1,2022,0,1871,0,0,1871,T
2-PB1,2023,1,0,0,1869,1870,C
2-PB1,2024,1,1820,0,0,1821,T
2-PB1,2025,1818,0,1,0,1819,A
2-PB1,2026,1818,0,0,0,1818,A
2-PB1,2027,1818,0,0,0,1818,A
2-PB1,2028,0,0,0,1818,1818,C
2-PB1,2029,1685,1,2,0,1688,A
2-PB1,2030,0,0,0,1682,1682,C
2-PB1,2031,1662,0,2,0,1664,A
2-PB1,2032,1672,0,3,0,1675,A
2-PB1,2033,0,0,1679,0,1679,G
2-PB1,2034,1,0,0,1675,1676,C
2-PB1,2035,0,1,0,1679,1680,C
2-PB1,2036,1675,0,1,0,1676,A
2-PB1,2037,1670,1,1,0,1672,A
2-PB1,2038,1672,0,2,0,1674,A
2-PB1,2039,0,0,1694,0,1694,G
2-PB1,2040,0,0,1690,0,1690,G
2-PB1,2041,2,1,1680,0,1683,G
2-PB1,2042,1,3,1679,0,1683,G
2-PB1,2043,1667,0,4,1,1672,A
2-PB1,2044,1680,0,1,0,1681,A
2-PB1,2045,0,1678,0,0,1678,T
2-PB1,2046,0,1678,0,1,1679,T
2-PB1,2047,0,1,0,1682,1683,C
2-PB1,2048,0,1663,0,3,1666,T
2-PB1,2049,0,1663,0,0,1663,T
2-PB1,2050,1,0,1665,0,1666,G
2-PB1,2051,1665,0,4,0,1669,A
2-PB1,2052,0,0,1670,0,1670,G
2-PB1,2053,0,0,1670,1,1671,G
2-PB1,2054,1672,0,1,0,1673,A
2-PB1,2055,0,1665,1,1,1667,T
2-PB1,2056,0,0,1674,0,1674,G
2-PB1,2057,1666,0,1,0,1667,A
2-PB1,2058,1667,0,1,0,1668,A
2-PB1,2059,0,0,0,1673,1673,C
2-PB1,2060,1651,0,0,0,1651,A
2-PB1,2061,0,0,1665,0,1665,G
2-PB1,2062,1662,0,1,0,1663,A
2-PB1,2063,0,1657,0,1,1658,T
2-PB1,2064,0,0,1661,0,1661,G
2-PB1,2065,0,1671,0,2,1673,T
2-PB1,2066,1666,1,1,0,1668,A
2-PB1,2067,2,0,1,1666,1669,C
2-PB1,2068,1,1,1,1660,1663,C
2-PB1,2069,1652,0,1,0,1653,A
2-PB1,2070,0,0,1636,0,1636,G
2-PB1,2071,1626,0,1,0,1627,A
2-PB1,2072,1619,2,0,0,1621,A
2-PB1,2073,0,0,1625,0,1625,G
2-PB1,2074,0,1553,0,0,1553,T
2-PB1,2075,0,0,1553,0,1553,G
2-PB1,2076,0,0,0,1549,1549,C
2-PB1,2077,0,1552,0,1,1553,T
2-PB1,2078,0,0,1549,0,1549,G
2-PB1,2079,1,0,0,1547,1548,C
2-PB1,2080,1546,0,0,0,1546,A
2-PB1,2081,1547,0,1,0,1548,A
2-PB1,2082,0,0,0,1530,1530,C
2-PB1,2083,1,1521,0,3,1525,T
2-PB1,2084,0,1516,0,0,1516,T
2-PB1,2085,0,1,1511,0,1512,G
2-PB1,2086,0,1508,0,1,1509,T
2-PB1,2087,0,1507,0,1,1508,T
2-PB1,2088,0,0,0,1505,1505,C
2-PB1,2089,1,1,1503,0,1505,G
2-PB1,2090,1502,0,2,0,1504,A
2-PB1,2091,0,0,1504,0,1504,G
2-PB1,2092,1500,0,0,0,1500,A
2-PB1,2093,1499,1,0,1,1501,A
2-PB1,2094,1504,0,0,0,1504,A
2-PB1,2095,0,1501,0,0,1501,T
2-PB1,2096,0,1499,0,1,1500,T
2-PB1,2097,0,1499,0,0,1499,T
2-PB1,2098,1,1496,0,1,1498,T
2-PB1,2099,0,1496,0,0,1496,T
2-PB1,2100,0,1,0,1499,1500,C
2-PB1,2101,0,0,0,1494,1494,C
2-PB1,2102,0,1,0,1498,1499,C
2-PB1,2103,0,1501,0,0,1501,T
2-PB1,2104,1501,0,0,0,1501,A
2-PB1,2105,0,0,1497,0,1497,G
2-PB1,2106,0,1502,0,0,1502,T
2-PB1,2107,1509,0,0,0,1509,A
2-PB1,2108,0,0,1512,0,1512,G
2-PB1,2109,0,1500,0,0,1500,T
2-PB1,2110,0,1536,0,1,1537,T
2-PB1,2111,0,2,0,1534,1536,C
2-PB1,2112,1558,0,0,0,1558,A
2-PB1,2113,0,1554,0,1,1555,T
2-PB1,2114,1562,1,0,0,1563,A
2-PB1,2115,0,1561,0,0,1561,T
2-PB1,2116,1513,0,1,0,1514,A
2-PB1,2117,0,0,1509,1,1510,G
2-PB1,2118,1,0,1496,0,1497,G
2-PB1,2119,1345,0,1,0,1346,A
2-PB1,2120,1,1,1345,0,1347,G
2-PB1,2121,1241,1,1,0,1243,A
2-PB1,2122,0,0,0,1245,1245,C
2-PB1,2123,0,1,0,1191,1192,C
2-PB1,2124,0,0,1191,0,1191,G
2-PB1,2125,1188,0,0,0,1188,A
2-PB1,2126,0,1183,0,0,1183,T
2-PB1,2127,0,1184,0,0,1184,T
2-PB1,2128,0,1,1183,0,1184,G
2-PB1,2129,0,0,1182,0,1182,G
2-PB1,2130,1181,0,0,0,1181,A
2-PB1,2131,1183,0,0,0,1183,A
2-PB1,2132,0,1174,0,0,1174,T
2-PB1,2133,0,1172,0,0,1172,T
2-PB1,2134,1,1163,0,1,1165,T
2-PB1,2135,0,0,0,1166,1166,C
2-PB1,2136,0,1170,0,0,1170,T
2-PB1,2137,1164,0,3,0,1167,A
2-PB1,2138,0,0,1175,0,1175,G
2-PB1,2139,1,1,0,1166,1168,C
2-PB1,2140,1164,0,0,0,1164,A
2-PB1,2141,0,1163,0,1,1164,T
2-PB1,2142,0,0,1129,0,1129,G
2-PB1,2143,0,0,1145,1,1146,G
2-PB1,2144,1,1140,0,0,1141,T
2-PB1,2145,0,1,1139,1,1141,G
2-PB1,2146,0,0,1138,0,1138,G
2-PB1,2147,1125,0,1,0,1126,A
2-PB1,2148,0,0,1122,0,1122,G
2-PB1,2149,0,0,1124,0,1124,G
2-PB1,2150,0,0,0,1118,1118,C
2-PB1,2151,0,0,1,1107,1108,C
2-PB1,2152,1035,0,2,0,1037,A
2-PB1,2153,0,1037,0,0,1037,T
2-PB1,2154,1,0,1043,0,1044,G
2-PB1,2155,0,0,1050,0,1050,G
2-PB1,2156,1,1026,0,0,1027,T
2-PB1,2157,0,0,1035,0,1035,G
2-PB1,2158,0,1017,0,1,1018,T
2-PB1,2159,0,0,0,1007,1007,C
2-PB1,2160,0,1010,0,0,1010,T
2-PB1,2161,1003,0,1,0,1004,A
2-PB1,2162,0,0,1002,0,1002,G
2-PB1,2163,0,0,981,0,981,G
2-PB1,2164,0,0,968,0,968,G
2-PB1,2165,0,1,0,948,949,C
2-PB1,2166,0,1,1,904,906,C
2-PB1,2167,0,1,0,897,898,C
2-PB1,2168,1,0,899,0,900,G
2-PB1,2169,0,0,901,0,901,G
2-PB1,2170,898,0,1,0,899,A
2-PB1,2171,0,893,0,0,893,T
2-PB1,2172,0,857,0,0,857,T
2-PB1,2173,0,0,851,0,851,G
2-PB1,2174,849,0,0,0,849,A
2-PB1,2175,0,850,0,0,850,T
2-PB1,2176,0,0,850,0,850,G
2-PB1,2177,0,0,0,844,844,C
2-PB1,2178,0,0,0,839,839,C
2-PB1,2179,836,0,0,0,836,A
2-PB1,2180,0,1,836,0,837,G
2-PB1,2181,835,0,0,0,835,A
2-PB1,2182,836,0,0,0,836,A
2-PB1,2183,0,832,0,0,832,T
2-PB1,2184,0,816,0,0,816,T
2-PB1,2185,0,1,816,0,817,G
2-PB1,2186,814,0,0,0,814,A
2-PB1,2187,0,0,0,813,813,C
2-PB1,2188,0,807,0,1,808,T
2-PB1,2189,0,803,0,0,803,T
2-PB1,2190,0,1,1,798,800,C
2-PB1,2191,0,1,798,0,799,G
2-PB1,2192,799,0,0,0,799,A
2-PB1,2193,0,0,785,0,785,G
2-PB1,2194,0,790,0,0,790,T
2-PB1,2195,0,0,0,792,792,C
2-PB1,2196,2,786,0,0,788,T
2-PB1,2197,0,0,789,0,789,G
2-PB1,2198,0,0,792,0,792,G
2-PB1,2199,792,0,0,0,792,A
2-PB1,2200,727,1,0,0,728,A
2-PB1,2201,0,0,729,0,729,G
2-PB1,2202,0,0,739,0,739,G
2-PB1,2203,738,0,1,0,739,A
2-PB1,2204,0,737,0,0,737,T
2-PB1,2205,0,738,0,0,738,T
2-PB1,2206,737,0,0,0,737,A
2-PB1,2207,733,0,1,0,734,A
2-PB1,2208,0,0,736,0,736,G
2-PB1,2209,735,0,0,0,735,A
2-PB1,2210,716,0,1,0,717,A
2-PB1,2211,652,0,0,0,652,A
2-PB1,2212,0,0,653,2,655,G
2-PB1,2213,655,0,1,0,656,A
2-PB1,2214,656,0,0,0,656,A
2-PB1,2215,0,0,654,0,654,G
2-PB1,2216,536,0,0,0,536,A
2-PB1,2217,0,0,536,0,536,G
2-PB1,2218,1,499,0,0,500,T
2-PB1,2219,0,493,0,1,494,T
2-PB1,2220,0,0,0,497,497,C
2-PB1,2221,0,488,0,0,488,T
2-PB1,2222,0,0,0,487,487,C
2-PB1,2223,0,477,0,8,485,T
2-PB1,2224,0,0,484,0,484,G
2-PB1,2225,474,0,0,0,474,A
2-PB1,2226,0,0,468,0,468,G
2-PB1,2227,463,0,0,0,463,A
2-PB1,2228,0,454,0,0,454,T
2-PB1,2229,0,0,0,430,430,C
2-PB1,2230,429,0,0,0,429,A
2-PB1,2231,0,427,0,0,427,T
2-PB1,2232,0,0,427,0,427,G
2-PB1,2233,425,0,0,0,425,A
2-PB1,2234,427,0,0,0,427,A
2-PB1,2235,0,1,420,0,421,G
2-PB1,2236,407,0,1,0,408,A
2-PB1,2237,0,406,0,0,406,T
2-PB1,2238,0,0,0,403,403,C
2-PB1,2239,0,369,0,1,370,T
2-PB1,2240,0,0,371,0,371,G
2-PB1,2241,0,370,0,1,371,T
2-PB1,2242,0,369,0,0,369,T
2-PB1,2243,0,0,0,366,366,C
2-PB1,2244,0,1,0,350,351,C
2-PB1,2245,351,0,0,0,351,A
2-PB1,2246,0,0,0,352,352,C
2-PB1,2247,0,0,0,327,327,C
2-PB1,2248,312,0,0,0,312,A
2-PB1,2249,0,294,0,0,294,T
2-PB1,2250,0,286,0,0,286,T
2-PB1,2251,1,0,284,0,285,G
2-PB1,2252,282,0,0,0,282,A
2-PB1,2253,283,0,0,0,283,A
2-PB1,2254,0,0,282,0,282,G
2-PB1,2255,232,0,1,0,233,A
2-PB1,2256,232,0,0,0,232,A
2-PB1,2257,0,0,0,230,230,C
2-PB1,2258,0,223,0,0,223,T
2-PB1,2259,0,0,0,225,225,C
2-PB1,2260,215,0,0,0,215,A
2-PB1,2261,0,0,215,0,215,G
2-PB1,2262,215,0,0,0,215,A
2-PB1,2263,0,0,0,209,209,C
2-PB1,2264,0,0,207,0,207,G
2-PB1,2265,0,0,200,0,200,G
2-PB1,2266,0,0,0,201,201,C
2-PB1,2267,200,0,0,0,200,A
2-PB1,2268,199,0,0,0,199,A
2-PB1,2269,198,0,0,0,198,A
2-PB1,2270,198,0,0,0,198,A
2-PB1,2271,196,1,0,0,197,A
2-PB1,2272,0,196,0,0,196,T
2-PB1,2273,194,0,0,0,194,A
2-PB1,2274,193,0,0,0,193,A
3-PA,1,70,0,0,0,70,A
3-PA,2,0,69,0,0,69,T
3-PA,3,0,0,73,0,73,G
3-PA,4,0,0,74,0,74,G
3-PA,5,74,0,0,0,74,A
3-PA,6,75,0,0,0,75,A
3-PA,7,0,0,76,0,76,G
3-PA,8,78,0,0,0,78,A
3-PA,9,1,77,0,0,78,T
3-PA,10,0,77,0,0,77,T
3-PA,11,0,81,0,0,81,T
3-PA,12,0,79,0,0,79,T
3-PA,13,0,0,83,0,83,G
3-PA,14,0,83,0,0,83,T
3-PA,15,0,0,84,0,84,G
3-PA,16,0,0,0,86,86,C
3-PA,17,0,0,86,0,86,G
3-PA,18,105,0,0,0,105,A
3-PA,19,0,0,1,108,109,C
3-PA,20,109,0,0,0,109,A
3-PA,21,110,1,0,0,111,A
3-PA,22,0,116,0,0,116,T
3-PA,23,0,0,127,0,127,G
3-PA,24,0,0,0,131,131,C
3-PA,25,0,130,0,1,131,T
3-PA,26,0,131,0,0,131,T
3-PA,27,0,0,0,132,132,C
3-PA,28,133,0,0,0,133,A
3-PA,29,140,0,0,0,140,A
3-PA,30,0,0,0,144,144,C
3-PA,31,0,0,0,144,144,C
3-PA,32,1,0,0,145,146,C
3-PA,33,0,0,146,0,146,G
3-PA,34,146,1,0,0,147,A
3-PA,35,0,150,0,0,150,T
3-PA,36,0,0,150,0,150,G
3-PA,37,153,0,0,0,153,A
3-PA,38,0,161,0,0,161,T
3-PA,39,0,162,0,0,162,T
3-PA,40,0,0,163,0,163,G
3-PA,41,0,163,0,0,163,T
3-PA,42,0,0,0,163,163,C
3-PA,43,0,1,161,0,162,G
3-PA,44,164,0,0,0,164,A
3-PA,45,164,0,0,0,164,A
3-PA,46,0,0,0,164,164,C
3-PA,47,0,164,0,0,164,T
3-PA,48,0,165,0,0,165,T
3-PA,49,0,0,165,0,165,G
3-PA,50,0,0,0,165,165,C
3-PA,51,165,0,0,0,165,A
3-PA,52,0,0,165,0,165,G
3-PA,53,165,0,0,0,165,A
3-PA,54,165,0,0,0,165,A
3-PA,55,164,0,0,0,164,A
3-PA,56,166,0,0,0,166,A
3-PA,57,166,0,0,0,166,A
3-PA,58,0,0,165,0,165,G
3-PA,59,0,0,0,172,172,C
3-PA,60,171,1,0,0,172,A
3-PA,61,182,1,0,0,183,A
3-PA,62,0,186,0,0,186,T
3-PA,63,0,0,191,0,191,G
3-PA,64,197,0,0,0,197,A
3-PA,65,197,0,0,0,197,A
3-PA,66,196,0,1,0,197,A
3-PA,67,0,0,210,0,210,G
3-PA,68,224,0,0,0,224,A
3-PA,69,1,0,257,0,258,G
3-PA,70,0,258,0,0,258,T
3-PA,71,259,0,0,0,259,A
3-PA,72,0,259,1,0,260,T
3-PA,73,0,0,261,0,261,G
3-PA,74,0,0,263,0,263,G
3-PA,75,0,0,264,0,264,G
3-PA,76,0,0,264,0,264,G
3-PA,77,261,0,1,0,262,A
3-PA,78,0,0,263,0,263,G
3-PA,79,0,0,269,0,269,G
3-PA,80,268,0,0,0,268,A
3-PA,81,0,268,0,0,268,T
3-PA,82,0,0,0,269,269,C
3-PA,83,0,267,1,0,268,T
3-PA,84,0,0,270,0,270,G
3-PA,85,270,0,0,0,270,A
3-PA,86,270,0,0,0,270,A
3-PA,87,267,0,0,0,267,A
3-PA,88,269,0,0,0,269,A
3-PA,89,0,269,0,0,269,T
3-PA,90,0,269,0,0,269,T
3-PA,91,0,0,268,0,268,G
3-PA,92,269,0,0,0,269,A
3-PA,93,267,0,0,0,267,A
3-PA,94,269,0,0,1,270,A
3-PA,95,0,0,0,269,269,C
3-PA,96,270,0,0,0,270,A
3-PA,97,273,0,0,0,273,A
3-PA,98,273,0,0,0,273,A
3-PA,99,0,0,0,275,275,C
3-PA,100,274,0,0,0,274,A
3-PA,101,277,0,0,0,277,A
3-PA,102,276,0,0,0,276,A
3-PA,103,0,276,0,0,276,T
3-PA,104,0,278,0,0,278,T
3-PA,105,0,276,0,1,277,T
3-PA,106,0,0,277,0,277,G
3-PA,107,0,1,0,277,278,C
3-PA,108,277,0,1,0,278,A
3-PA,109,0,0,295,0,295,G
3-PA,110,0,0,0,297,297,C
3-PA,111,312,0,0,0,312,A
3-PA,112,315,0,0,0,315,A
3-PA,113,0,317,0,0,317,T
3-PA,114,317,0,0,0,317,A
3-PA,115,0,321,0,0,321,T
3-PA,116,0,0,323,0,323,G
3-PA,117,0,0,0,325,325,C
3-PA,118,324,0,0,0,324,A
3-PA,119,0,0,0,332,332,C
3-PA,120,0,330,0,0,330,T
3-PA,121,0,0,0,389,389,C
3-PA,122,398,0,0,0,398,A
3-PA,123,0,0,0,410,410,C
3-PA,124,0,409,0,1,410,T
3-PA,125,0,408,0,0,408,T
3-PA,126,0,0,409,0,409,G
3-PA,127,0,0,414,0,414,G
3-PA,128,409,0,2,0,411,A
3-PA,129,0,0,415,0,415,G
3-PA,130,0,0,412,0,412,G
3-PA,131,0,406,0,0,406,T
3-PA,132,0,0,428,0,428,G
3-PA,133,0,429,0,0,429,T
3-PA,134,0,0,435,0,435,G
3-PA,135,0,437,0,1,438,T
3-PA,136,0,434,0,1,435,T
3-PA,137,0,439,0,0,439,T
3-PA,138,0,0,0,442,442,C
3-PA,139,443,0,1,0,444,A
3-PA,140,0,445,0,0,445,T
3-PA,141,0,0,455,0,455,G
3-PA,142,0,451,0,1,452,T
3-PA,143,455,0,0,0,455,A
3-PA,144,0,458,0,0,458,T
3-PA,145,0,458,0,0,458,T
3-PA,146,0,0,0,457,457,C
3-PA,147,455,0,0,0,455,A
3-PA,148,0,1,458,0,459,G
3-PA,149,460,0,0,0,460,A
3-PA,150,0,461,0,0,461,T
3-PA,151,0,461,0,0,461,T
3-PA,152,0,458,0,0,458,T
3-PA,153,0,0,0,458,458,C
3-PA,154,0,0,0,486,486,C
3-PA,155,488,0,0,0,488,A
3-PA,156,0,488,0,0,488,T
3-PA,157,0,486,0,0,486,T
3-PA,158,0,486,0,0,486,T
3-PA,159,0,0,0,488,488,C
3-PA,160,485,0,3,0,488,A
3-PA,161,0,496,0,0,496,T
3-PA,162,0,0,0,495,495,C
3-PA,163,494,0,0,0,494,A
3-PA,164,495,0,0,0,495,A
3-PA,165,0,499,0,0,499,T
3-PA,166,0,0,515,0,515,G
3-PA,167,519,0,0,0,519,A
3-PA,168,520,0,0,0,520,A
3-PA,169,0,0,0,523,523,C
3-PA,170,521,0,0,0,521,A
3-PA,171,524,0,0,0,524,A
3-PA,172,0,0,521,0,521,G
3-PA,173,0,0,522,0,522,G
3-PA,174,520,0,0,0,520,A
3-PA,175,0,0,542,0,542,G
3-PA,176,560,0,0,0,560,A
3-PA,177,566,0,0,0,566,A
3-PA,178,0,568,0,0,568,T
3-PA,179,0,0,0,574,574,C
3-PA,180,576,0,0,0,576,A
3-PA,181,579,0,0,0,579,A
3-PA,182,0,579,0,0,579,T
3-PA,183,579,0,1,0,580,A
3-PA,184,0,0,590,0,590,G
3-PA,185,0,594,0,0,594,T
3-PA,186,0,0,598,0,598,G
3-PA,187,0,0,600,0,600,G
3-PA,188,0,601,0,0,601,T
3-PA,189,599,1,1,0,601,A
3-PA,190,0,0,613,0,613,G
3-PA,191,609,0,1,0,610,A
3-PA,192,612,0,0,0,612,A
3-PA,193,0,0,0,612,612,C
3-PA,194,0,603,0,1,604,T
3-PA,195,0,605,0,0,605,T
3-PA,196,0,0,605,0,605,G
3-PA,197,600,0,3,0,603,A
3-PA,198,0,0,0,604,604,C
3-PA,199,0,0,601,0,601,G
3-PA,200,607,0,0,0,607,A
3-PA,201,0,615,0,0,615,T
3-PA,202,0,0,0,620,620,C
3-PA,203,0,0,0,631,631,C
3-PA,204,634,0,0,0,634,A
3-PA,205,632,0,0,0,632,A
3-PA,206,633,1,0,0,634,A
3-PA,207,0,636,0,0,636,T
3-PA,208,0,0,634,0,634,G
3-PA,209,0,0,0,633,633,C
3-PA,210,632,0,1,0,633,A
3-PA,211,0,0,0,655,655,C
3-PA,212,1,652,0,0,653,T
3-PA,213,0,0,768,0,768,G
3-PA,214,0,766,0,3,769,T
3-PA,215,0,766,0,0,766,T
3-PA,216,768,0,1,0,769,A
3-PA,217,766,0,0,0,766,A
3-PA,218,769,0,0,0,769,A
3-PA,219,0,0,768,0,768,G
3-PA,220,0,1,0,762,763,C
3-PA,221,756,0,0,0,756,A
3-PA,222,0,0,0,752,752,C
3-PA,223,727,1,0,0,728,A
3-PA,224,0,0,748,0,748,G
3-PA,225,748,0,0,0,748,A
3-PA,226,0,748,0,0,748,T
3-PA,227,0,747,0,0,747,T
3-PA,228,0,744,0,0,744,T
3-PA,229,0,0,747,1,748,G
3-PA,230,749,0,0,1,750,A
3-PA,231,751,0,1,0,752,A
3-PA,232,751,0,0,0,751,A
3-PA,233,0,746,0,0,746,T
3-PA,234,744,1,0,0,745,A
3-PA,235,745,0,1,0,746,A
3-PA,236,0,744,0,0,744,T
3-PA,237,0,741,0,0,741,T
3-PA,238,0,0,748,0,748,G
3-PA,239,747,0,0,0,747,A
3-PA,240,0,1,755,0,756,G
3-PA,241,0,0,756,1,757,G
3-PA,242,0,0,756,0,756,G
3-PA,243,0,0,760,0,760,G
3-PA,244,754,0,0,0,754,A
3-PA,245,0,0,756,0,756,G
3-PA,246,773,0,0,0,773,A
3-PA,247,0,0,780,0,780,G
3-PA,248,783,0,0,0,783,A
3-PA,249,0,0,0,784,784,C
3-PA,250,780,0,0,0,780,A
3-PA,251,0,0,788,0,788,G
3-PA,252,785,1,1,0,787,A
3-PA,253,793,0,1,0,794,A
3-PA,254,1,1,0,793,795,C
3-PA,255,773,0,0,0,773,A
3-PA,256,769,0,0,0,769,A
3-PA,257,0,771,0,0,771,T
3-PA,258,0,0,817,0,817,G
3-PA,259,0,0,818,0,818,G
3-PA,260,1,1,0,809,811,C
3-PA,261,0,0,0,812,812,C
3-PA,262,0,804,0,0,804,T
3-PA,263,0,0,825,0,825,G
3-PA,264,0,1,822,0,823,G
3-PA,265,822,0,0,0,822,A
3-PA,266,0,1,0,832,833,C
3-PA,267,809,0,1,0,810,A
3-PA,268,0,1,890,0,891,G
3-PA,269,0,891,0,0,891,T
3-PA,270,899,0,1,0,900,A
3-PA,271,0,0,903,0,903,G
3-PA,272,1,885,0,1,887,T
3-PA,273,892,0,0,0,892,A
3-PA,274,893,0,0,0,893,A
3-PA,275,887,0,0,0,887,A
3-PA,276,0,0,0,902,902,C
3-PA,277,847,1,0,0,848,A
3-PA,278,0,0,862,0,862,G
3-PA,279,0,856,0,0,856,T
3-PA,280,867,0,0,0,867,A
3-PA,281,1,864,0,0,865,T
3-PA,282,0,0,0,875,875,C
3-PA,283,0,875,0,0,875,T
3-PA,284,1,0,871,0,872,G
3-PA,285,0,0,0,869,869,C
3-PA,286,862,1,0,0,863,A
3-PA,287,871,0,0,0,871,A
3-PA,288,0,0,0,878,878,C
3-PA,289,871,0,0,0,871,A
3-PA,290,1,0,0,905,906,C
3-PA,291,0,899,0,0,899,T
3-PA,292,902,0,0,1,903,A
3-PA,293,0,0,0,902,902,C
3-PA,294,1,899,0,0,900,T
3-PA,295,0,0,898,0,898,G
3-PA,296,0,0,902,0,902,G
3-PA,297,899,0,2,0,901,A
3-PA,298,0,0,901,0,901,G
3-PA,299,0,0,0,884,884,C
3-PA,300,0,878,0,1,879,T
3-PA,301,1,0,877,0,878,G
3-PA,302,0,0,874,0,874,G
3-PA,303,0,0,873,0,873,G
3-PA,304,870,1,0,0,871,A
3-PA,305,874,0,1,0,875,A
3-PA,306,874,0,5,0,879,A
3-PA,307,0,0,0,877,877,C
3-PA,308,0,0,0,880,880,C
3-PA,309,0,0,878,0,878,G
3-PA,310,880,0,0,0,880,A
3-PA,311,879,0,0,0,879,A
3-PA,312,0,0,884,0,884,G
3-PA,313,0,884,0,0,884,T
3-PA,314,0,886,0,0,886,T
3-PA,315,0,883,0,0,883,T
3-PA,316,1,0,0,883,884,C
3-PA,317,0,886,0,1,887,T
3-PA,318,886,1,0,0,887,A
3-PA,319,0,0,0,884,884,C
3-PA,320,0,0,0,887,887,C
3-PA,321,881,0,1,0,882,A
3-PA,322,0,0,899,0,899,G
3-PA,323,899,0,0,0,899,A
3-PA,324,0,898,0,0,898,T
3-PA,325,0,897,0,1,898,T
3-PA,326,0,900,0,0,900,T
3-PA,327,0,0,905,0,905,G
3-PA,328,0,905,0,0,905,T
3-PA,329,899,0,3,0,902,A
3-PA,330,0,902,0,0,902,T
3-PA,331,0,0,896,0,896,G
3-PA,332,928,0,0,0,928,A
3-PA,333,0,928,0,0,928,T
3-PA,334,1,925,0,0,926,T
3-PA,335,926,0,0,0,926,A
3-PA,336,0,0,0,928,928,C
3-PA,337,932,0,0,0,932,A
3-PA,338,932,0,0,0,932,A
3-PA,339,0,1,930,0,931,G
3-PA,340,0,0,938,0,938,G
3-PA,341,895,0,0,0,895,A
3-PA,342,0,1,911,0,912,G
3-PA,343,909,0,1,0,910,A
3-PA,344,910,0,2,0,912,A
3-PA,345,0,0,0,912,912,C
3-PA,346,897,0,0,0,897,A
3-PA,347,0,0,902,0,902,G
3-PA,348,898,0,0,0,898,A
3-PA,349,0,892,0,0,892,T
3-PA,350,0,887,0,0,887,T
3-PA,351,0,0,0,886,886,C
3-PA,352,885,0,1,0,886,A
3-PA,353,0,882,0,0,882,T
3-PA,354,1,0,0,882,883,C
3-PA,355,0,0,883,0,883,G
3-PA,356,883,0,0,0,883,A
3-PA,357,887,0,0,0,887,A
3-PA,358,886,0,0,0,886,A
3-PA,359,0,884,0,0,884,T
3-PA,360,0,882,0,1,883,T
3-PA,361,0,0,885,0,885,G
3-PA,362,1,0,886,0,887,G
3-PA,363,0,0,887,0,887,G
3-PA,364,0,1,888,0,889,G
3-PA,365,0,876,0,0,876,T
3-PA,366,0,1,886,0,887,G
3-PA,367,888,0,0,0,888,A
3-PA,368,0,0,0,898,898,C
3-PA,369,900,0,0,1,901,A
3-PA,370,900,1,0,0,901,A
3-PA,371,2,0,907,0,909,G
3-PA,372,0,0,915,0,915,G
3-PA,373,906,0,0,0,906,A
3-PA,374,0,0,911,0,911,G
3-PA,375,899,1,1,0,901,A
3-PA,376,1,0,902,0,903,G
3-PA,377,896,0,0,0,896,A
3-PA,378,938,0,0,1,939,A
3-PA,379,0,0,1030,0,1030,G
3-PA,380,0,1014,0,0,1014,T
3-PA,381,0,0,0,1039,1039,C
3-PA,382,0,0,1,1046,1047,C
3-PA,383,1078,0,1,0,1079,A
3-PA,384,1,0,0,1130,1131,C
3-PA,385,1183,0,0,0,1183,A
3-PA,386,0,1224,0,0,1224,T
3-PA,387,1256,0,2,0,1258,A
3-PA,388,0,1226,0,2,1228,T
3-PA,389,1220,0,0,0,1220,A
3-PA,390,0,1209,1,0,1210,T
3-PA,391,0,1206,0,0,1206,T
3-PA,392,1269,0,0,0,1269,A
3-PA,393,0,0,0,1263,1263,C
3-PA,394,0,0,0,1222,1222,C
3-PA,395,0,1213,0,1,1214,T
3-PA,396,0,1197,0,2,1199,T
3-PA,397,0,1,1220,0,1221,G
3-PA,398,1219,0,0,0,1219,A
3-PA,399,1219,1,0,1,1221,A
3-PA,400,1219,0,1,0,1220,A
3-PA,401,1187,0,0,0,1187,A
3-PA,402,0,0,1202,0,1202,G
3-PA,403,1,0,1204,0,1205,G
3-PA,404,0,0,0,1209,1209,C
3-PA,405,0,0,0,1216,1216,C
3-PA,406,1218,0,0,0,1218,A
3-PA,407,1221,0,0,0,1221,A
3-PA,408,0,1223,0,0,1223,T
3-PA,409,1222,1,0,0,1223,A
3-PA,410,1221,2,2,0,1225,A
3-PA,411,0,1,1264,0,1265,G
3-PA,412,1262,0,1,0,1263,A
3-PA,413,0,1264,0,1,1265,T
3-PA,414,0,1257,0,1,1258,T
3-PA,415,1261,0,0,0,1261,A
3-PA,416,1264,0,1,0,1265,A
3-PA,417,1265,0,0,0,1265,A
3-PA,418,1,1274,0,0,1275,T
3-PA,419,0,0,0,1277,1277,C
3-PA,420,0,1257,0,1,1258,T
3-PA,421,0,0,1275,0,1275,G
3-PA,422,1275,0,0,0,1275,A
3-PA,423,0,0,1286,0,1286,G
3-PA,424,1286,0,0,0,1286,A
3-PA,425,1287,1,0,0,1288,A
3-PA,426,0,0,0,1296,1296,C
3-PA,427,1292,0,1,0,1293,A
3-PA,428,0,0,0,1301,1301,C
3-PA,429,1300,0,0,0,1300,A
3-PA,430,1,2,0,1302,1305,C
3-PA,431,1300,0,1,0,1301,A
3-PA,432,2,0,0,1331,1333,C
3-PA,433,1330,1,0,0,1331,A
3-PA,434,0,1326,0,0,1326,T
3-PA,435,0,1327,0,1,1328,T
3-PA,436,0,0,0,1328,1328,C
3-PA,437,1321,1,1,0,1323,A
3-PA,438,0,1,0,1329,1330,C
3-PA,439,1326,0,1,0,1327,A
3-PA,440,0,1322,0,1,1323,T
3-PA,441,0,1303,2,0,1305,T
3-PA,442,0,1327,0,1,1328,T
3-PA,443,0,1327,0,0,1327,T
3-PA,444,0,0,0,1332,1332,C
3-PA,445,0,1324,0,3,1327,T
3-PA,446,0,0,0,1330,1330,C
3-PA,447,1332,0,0,0,1332,A
3-PA,448,0,1327,1,3,1331,T
3-PA,449,0,1341,0,0,1341,T
3-PA,450,2,0,0,1340,1342,C
3-PA,451,1331,0,0,0,1331,A
3-PA,452,0,0,0,1351,1351,C
3-PA,453,0,1343,0,0,1343,T
3-PA,454,0,0,1342,0,1342,G
3-PA,455,1,0,1340,0,1341,G
3-PA,456,1326,0,2,0,1328,A
3-PA,457,0,0,1355,0,1355,G
3-PA,458,1347,0,4,0,1351,A
3-PA,459,0,0,1356,1,1357,G
3-PA,460,0,0,1355,0,1355,G
3-PA,461,1354,0,2,0,1356,A
3-PA,462,1355,0,2,0,1357,A
3-PA,463,1342,0,0,0,1342,A
3-PA,464,0,1324,0,0,1324,T
3-PA,465,0,0,1329,0,1329,G
3-PA,466,1,0,1324,0,1325,G
3-PA,467,0,0,0,1333,1333,C
3-PA,468,0,0,0,1329,1329,C
3-PA,469,1325,0,0,0,1325,A
3-PA,470,0,0,0,1330,1330,C
3-PA,471,1331,0,0,0,1331,A
3-PA,472,1335,0,1,0,1336,A
3-PA,473,1335,0,1,0,1336,A
3-PA,474,0,0,1346,0,1346,G
3-PA,475,1,0,1340,0,1341,G
3-PA,476,0,0,0,1338,1338,C
3-PA,477,1339,0,0,0,1339,A
3-PA,478,0,0,1353,0,1353,G
3-PA,479,1351,0,1,0,1352,A
3-PA,480,1,0,0,1358,1359,C
3-PA,481,0,1346,0,1,1347,T
3-PA,482,1340,0,6,0,1346,A
3-PA,483,1,0,0,1338,1339,C
3-PA,484,1330,0,0,0,1330,A
3-PA,485,0,0,0,1335,1335,C
3-PA,486,0,1311,1,0,1312,T
3-PA,487,0,0,0,1306,1306,C
3-PA,488,0,1300,0,0,1300,T
3-PA,489,0,0,0,1284,1284,C
3-PA,490,0,0,1285,0,1285,G
3-PA,491,1283,1,0,0,1284,A
3-PA,492,0,0,0,1283,1283,C
3-PA,493,0,0,1285,0,1285,G
3-PA,494,1284,0,0,0,1284,A
3-PA,495,0,1,1291,0,1292,G
3-PA,496,0,0,1282,0,1282,G
3-PA,497,1282,0,0,0,1282,A
3-PA,498,1285,0,1,0,1286,A
3-PA,499,1276,0,6,0,1282,A
3-PA,500,0,0,1282,0,1282,G
3-PA,501,0,0,0,1282,1282,C
3-PA,502,1258,0,3,0,1261,A
3-PA,503,1,1,1267,0,1269,G
3-PA,504,0,0,1262,0,1262,G
3-PA,505,0,2,1262,0,1264,G
3-PA,506,0,0,0,1265,1265,C
3-PA,507,0,1252,0,0,1252,T
3-PA,508,1249,0,0,0,1249,A
3-PA,509,0,0,1262,0,1262,G
3-PA,510,0,0,1307,0,1307,G
3-PA,511,1316,0,0,0,1316,A
3-PA,512,0,1278,0,2,1280,T
3-PA,513,1,1262,0,0,1263,T
3-PA,514,1260,0,1,0,1261,A
3-PA,515,1266,0,0,0,1266,A
3-PA,516,0,0,1269,0,1269,G
3-PA,517,1265,0,1,0,1266,A
3-PA,518,0,0,0,1262,1262,C
3-PA,519,0,0,0,1196,1196,C
3-PA,520,1186,0,0,0,1186,A
3-PA,521,0,0,1191,0,1191,G
3-PA,522,0,0,1194,0,1194,G
3-PA,523,0,0,0,1195,1195,C
3-PA,524,0,1180,0,0,1180,T
3-PA,525,0,0,784,0,784,G
3-PA,526,0,781,0,0,781,T
3-PA,527,0,780,0,0,780,T
3-PA,528,0,779,0,0,779,T
3-PA,529,780,0,0,0,780,A
3-PA,530,0,0,0,804,804,C
3-PA,531,0,0,0,784,784,C
3-PA,532,775,0,0,0,775,A
3-PA,533,0,773,0,0,773,T
3-PA,534,738,0,0,0,738,A
3-PA,535,738,1,1,0,740,A
3-PA,536,0,1,747,0,748,G
3-PA,537,746,0,0,0,746,A
3-PA,538,0,0,0,746,746,C
3-PA,539,726,0,0,0,726,A
3-PA,540,725,1,0,0,726,A
3-PA,541,0,0,727,0,727,G
3-PA,542,723,1,0,0,724,A
3-PA,543,723,0,1,0,724,A
3-PA,544,720,0,0,0,720,A
3-PA,545,0,713,0,0,713,T
3-PA,546,0,0,720,0,720,G
3-PA,547,0,0,721,0,721,G
3-PA,548,0,1,0,719,720,C
3-PA,549,2,1,0,719,722,C
3-PA,550,719,0,0,0,719,A
3-PA,551,733,0,0,0,733,A
3-PA,552,0,0,0,733,733,C
3-PA,553,732,0,1,0,733,A
3-PA,554,0,0,733,0,733,G
3-PA,555,716,0,1,0,717,A
3-PA,556,0,0,730,0,730,G
3-PA,557,0,0,736,0,736,G
3-PA,558,0,0,0,732,732,C
3-PA,559,0,0,0,734,734,C
3-PA,560,0,714,0,1,715,T
3-PA,561,714,0,0,0,714,A
3-PA,562,1,721,0,0,722,T
3-PA,563,2,0,718,0,720,G
3-PA,564,0,1,724,1,726,G
3-PA,565,0,0,709,0,709,G
3-PA,566,694,0,0,0,694,A
3-PA,567,0,683,0,1,684,T
3-PA,568,0,671,0,0,671,T
3-PA,569,0,0,0,743,743,C
3-PA,570,0,0,0,725,725,C
3-PA,571,0,726,0,1,727,T
3-PA,572,0,725,0,0,725,T
3-PA,573,0,720,0,0,720,T
3-PA,574,0,0,0,725,725,C
3-PA,575,0,0,724,0,724,G
3-PA,576,0,724,1,0,725,T
3-PA,577,0,0,1,721,722,C
3-PA,578,711,0,0,0,711,A
3-PA,579,0,0,788,0,788,G
3-PA,580,0,788,0,1,789,T
3-PA,581,0,0,0,792,792,C
3-PA,582,0,0,0,797,797,C
3-PA,583,0,0,797,0,797,G
3-PA,584,798,1,0,0,799,A
3-PA,585,800,0,0,0,800,A
3-PA,586,799,0,1,0,800,A
3-PA,587,0,0,812,0,812,G
3-PA,588,778,0,0,0,778,A
3-PA,589,0,0,791,0,791,G
3-PA,590,0,0,792,0,792,G
3-PA,591,0,0,0,795,795,C
3-PA,592,0,0,796,0,796,G
3-PA,593,794,1,0,0,795,A
3-PA,594,794,0,0,0,794,A
3-PA,595,0,0,801,0,801,G
3-PA,596,801,0,0,0,801,A
3-PA,597,803,0,1,0,804,A
3-PA,598,797,0,0,0,797,A
3-PA,599,0,0,0,811,811,C
3-PA,600,807,0,0,0,807,A
3-PA,601,807,0,0,0,807,A
3-PA,602,0,810,0,0,810,T
3-PA,603,0,804,0,1,805,T
3-PA,604,0,0,810,0,810,G
3-PA,605,808,0,0,0,808,A
3-PA,606,806,1,0,0,807,A
3-PA,607,0,0,807,0,807,G
3-PA,608,803,0,0,0,803,A
3-PA,609,802,0,0,0,802,A
3-PA,610,806,0,0,0,806,A
3-PA,611,808,0,0,0,808,A
3-PA,612,810,0,0,0,810,A
3-PA,613,0,811,1,0,812,T
3-PA,614,0,814,0,0,814,T
3-PA,615,0,814,0,0,814,T
3-PA,616,0,0,817,0,817,G
3-PA,617,817,0,0,0,817,A
3-PA,618,813,0,0,0,813,A
3-PA,619,817,1,0,0,818,A
3-PA,620,0,838,0,0,838,T
3-PA,621,1,1,0,912,914,C
3-PA,622,914,0,0,0,914,A
3-PA,623,1,0,0,928,929,C
3-PA,624,922,1,0,0,923,A
3-PA,625,0,0,945,0,945,G
3-PA,626,0,1,975,1,977,G
3-PA,627,989,1,0,0,990,A
3-PA,628,1010,0,1,0,1011,A
3-PA,629,1,0,0,1018,1019,C
3-PA,630,1,970,0,0,971,T
3-PA,631,1053,0,0,0,1053,A
3-PA,632,1,1062,0,0,1063,T
3-PA,633,1,1,1114,0,1116,G
3-PA,634,0,0,0,1113,1113,C
3-PA,635,0,0,1109,0,1109,G
3-PA,636,0,1104,0,0,1104,T
3-PA,637,1102,0,0,0,1102,A
3-PA,638,0,0,1105,0,1105,G
3-PA,639,1,0,1098,0,1099,G
3-PA,640,1,1,0,1079,1081,C
3-PA,641,0,1067,0,0,1067,T
3-PA,642,0,1056,0,0,1056,T
3-PA,643,0,0,1058,0,1058,G
3-PA,644,0,1,0,1056,1057,C
3-PA,645,0,1,0,1059,1060,C
3-PA,646,0,0,1073,0,1073,G
3-PA,647,1076,0,1,0,1077,A
3-PA,648,0,0,0,1086,1086,C
3-PA,649,1,0,0,1085,1086,C
3-PA,650,1086,1,0,0,1087,A
3-PA,651,1089,0,0,0,1089,A
3-PA,652,1083,1,0,0,1084,A
3-PA,653,0,0,1098,0,1098,G
3-PA,654,0,1098,0,2,1100,T
3-PA,655,0,0,0,1092,1092,C
3-PA,656,0,1087,0,2,1089,T
3-PA,657,2,2,0,1089,1093,C
3-PA,658,1,0,0,1091,1092,C
3-PA,659,0,0,0,1103,1103,C
3-PA,660,1106,0,0,0,1106,A
3-PA,661,0,0,0,1112,1112,C
3-PA,662,0,0,0,1107,1107,C
3-PA,663,2,0,1115,0,1117,G
3-PA,664,1124,0,0,0,1124,A
3-PA,665,1125,0,0,0,1125,A
3-PA,666,0,0,0,1134,1134,C
3-PA,667,0,1121,0,0,1121,T
3-PA,668,0,1138,0,0,1138,T
3-PA,669,0,0,0,1158,1158,C
3-PA,670,1,1147,0,1,1149,T
3-PA,671,1,0,0,1157,1158,C
3-PA,672,0,0,0,1156,1156,C
3-PA,673,0,1149,0,0,1149,T
3-PA,674,0,0,1154,0,1154,G
3-PA,675,0,0,0,1149,1149,C
3-PA,676,0,1,0,1161,1162,C
3-PA,677,0,1143,0,2,1145,T
3-PA,678,0,1141,1,0,1142,T
3-PA,679,0,0,1148,0,1148,G
3-PA,680,1142,0,1,0,1143,A
3-PA,681,0,0,1158,0,1158,G
3-PA,682,1156,0,1,0,1157,A
3-PA,683,1172,0,0,0,1172,A
3-PA,684,0,1195,0,0,1195,T
3-PA,685,2,1189,0,1,1192,T
3-PA,686,0,1194,0,0,1194,T
3-PA,687,0,1196,0,0,1196,T
3-PA,688,1193,0,2,0,1195,A
3-PA,689,3,0,1194,0,1197,G
3-PA,690,1186,0,0,1,1187,A
3-PA,691,0,0,1223,0,1223,G
3-PA,692,0,1,0,1219,1220,C
3-PA,693,0,0,0,1232,1232,C
3-PA,694,1,1259,0,1,1261,T
3-PA,695,1293,0,1,0,1294,A
3-PA,696,1,1298,0,2,1301,T
3-PA,697,0,1,1312,0,1313,G
3-PA,698,0,1313,0,0,1313,T
3-PA,699,0,0,1322,0,1322,G
3-PA,700,0,0,1299,0,1299,G
3-PA,701,1296,0,1,0,1297,A
3-PA,702,0,1285,0,0,1285,T
3-PA,703,1,0,1272,1,1274,G
3-PA,704,0,0,1306,0,1306,G
3-PA,705,1306,0,1,0,1307,A
3-PA,706,0,1306,0,1,1307,T
3-PA,707,0,1299,0,0,1299,T
3-PA,708,0,0,0,1293,1293,C
3-PA,709,0,0,1299,0,1299,G
3-PA,710,1304,0,0,0,1304,A
3-PA,711,1307,0,0,0,1307,A
3-PA,712,0,0,0,1311,1311,C
3-PA,713,0,0,0,1282,1282,C
3-PA,714,0,0,1289,0,1289,G
3-PA,715,1288,0,0,0,1288,A
3-PA,716,1289,0,0,0,1289,A
3-PA,717,1,0,0,1299,1300,C
3-PA,718,2,0,1288,1,1291,G
3-PA,719,0,0,1323,0,1323,G
3-PA,720,1,0,0,1325,1326,C
3-PA,721,0,1321,0,2,1323,T
3-PA,722,2,0,1361,0,1363,G
3-PA,723,0,0,0,1374,1374,C
3-PA,724,1387,1,0,0,1388,A
3-PA,725,0,1388,0,0,1388,T
3-PA,726,0,1373,0,1,1374,T
3-PA,727,1,0,1378,0,1379,G
3-PA,728,1339,0,0,0,1339,A
3-PA,729,0,1,1355,0,1356,G
3-PA,730,1,0,1349,0,1350,G
3-PA,731,1,0,1333,0,1334,G
3-PA,732,0,0,1,1333,1334,C
3-PA,733,1329,0,0,0,1329,A
3-PA,734,1332,0,1,0,1333,A
3-PA,735,0,0,1344,0,1344,G
3-PA,736,0,0,0,1343,1343,C
3-PA,737,0,1345,0,1,1346,T
3-PA,738,1,1342,0,1,1344,T
3-PA,739,1,1347,0,0,1348,T
3-PA,740,0,0,0,1351,1351,C
3-PA,741,0,1353,0,0,1353,T
3-PA,742,0,0,0,1355,1355,C
3-PA,743,1353,0,0,0,1353,A
3-PA,744,1340,1,1,1,1343,A
3-PA,745,1342,0,0,0,1342,A
3-PA,746,1,1337,0,0,1338,T
3-PA,747,0,0,1376,0,1376,G
3-PA,748,0,1366,0,3,1369,T
3-PA,749,1,0,0,1371,1372,C
3-PA,750,0,1,0,1375,1376,C
3-PA,751,1388,1,0,0,1389,A
3-PA,752,1387,0,1,0,1388,A
3-PA,753,1385,0,2,0,1387,A
3-PA,754,0,0,1398,0,1398,G
3-PA,755,1386,0,1,0,1387,A
3-PA,756,1349,2,0,0,1351,A
3-PA,757,0,0,1364,0,1364,G
3-PA,758,0,1348,0,1,1349,T
3-PA,759,0,0,1349,0,1349,G
3-PA,760,1346,0,0,0,1346,A
3-PA,761,1347,0,0,0,1347,A
3-PA,762,1,1351,0,0,1352,T
3-PA,763,0,0,1343,0,1343,G
3-PA,764,0,2,0,1348,1350,C
3-PA,765,0,0,0,1348,1348,C
3-PA,766,1,1,0,1352,1354,C
3-PA,767,1355,0,0,0,1355,A
3-PA,768,1370,0,0,0,1370,A
3-PA,769,1381,0,0,0,1381,A
3-PA,770,0,1380,0,0,1380,T
3-PA,771,1,1368,0,0,1369,T
3-PA,772,0,0,1376,0,1376,G
3-PA,773,1371,0,0,0,1371,A
3-PA,774,1363,0,1,1,1365,A
3-PA,775,0,0,0,1374,1374,C
3-PA,776,0,2,0,1369,1371,C
3-PA,777,0,1363,0,0,1363,T
3-PA,778,0,1397,0,0,1397,T
3-PA,779,2,1393,0,1,1396,T
3-PA,780,0,1431,0,2,1433,T
3-PA,781,0,1,0,1439,1440,C
3-PA,782,1,1435,0,1,1437,T
3-PA,783,0,0,1438,0,1438,G
3-PA,784,1439,0,0,0,1439,A
3-PA,785,1452,0,2,0,1454,A
3-PA,786,0,0,1458,0,1458,G
3-PA,787,1440,0,0,0,1440,A
3-PA,788,0,0,0,1450,1450,C
3-PA,789,1441,0,0,0,1441,A
3-PA,790,1459,0,0,0,1459,A
3-PA,791,1,0,0,1596,1597,C
3-PA,792,1605,0,0,0,1605,A
3-PA,793,1,0,0,1607,1608,C
3-PA,794,0,0,1,1597,1598,C
3-PA,795,1588,0,1,0,1589,A
3-PA,796,1587,0,1,0,1588,A
3-PA,797,0,1,1589,0,1590,G
3-PA,798,1595,0,2,0,1597,A
3-PA,799,0,0,0,1594,1594,C
3-PA,800,0,2,0,1479,1481,C
3-PA,801,1473,0,2,0,1475,A
3-PA,802,1482,0,1,1,1484,A
3-PA,803,0,1484,0,0,1484,T
3-PA,804,0,0,0,1487,1487,C
3-PA,805,1481,0,0,0,1481,A
3-PA,806,1479,1,0,0,1480,A
3-PA,807,1481,0,0,0,1481,A
3-PA,808,0,1,0,1495,1496,C
3-PA,809,0,1487,0,1,1488,T
3-PA,810,0,1496,1,0,1497,T
3-PA,811,0,0,0,1499,1499,C
3-PA,812,0,2,0,1495,1497,C
3-PA,813,0,0,1510,0,1510,G
3-PA,814,1505,0,0,0,1505,A
3-PA,815,1509,0,1,0,1510,A
3-PA,816,1,1513,0,0,1514,T
3-PA,817,0,0,1504,0,1504,G
3-PA,818,0,0,1500,1,1501,G
3-PA,819,1507,0,2,0,1509,A
3-PA,820,0,1,0,1516,1517,C
3-PA,821,1,0,0,1514,1515,C
3-PA,822,1,1549,0,0,1550,T
3-PA,823,0,0,0,1581,1581,C
3-PA,824,1,0,0,1587,1588,C
3-PA,825,0,1584,0,0,1584,T
3-PA,826,1,1590,0,2,1593,T
3-PA,827,0,2,1662,0,1664,G
3-PA,828,0,1656,1,0,1657,T
3-PA,829,0,1654,0,0,1654,T
3-PA,830,1651,0,1,0,1652,A
3-PA,831,2,1612,0,1,1615,T
3-PA,832,1,0,0,1600,1601,C
3-PA,833,1582,0,0,0,1582,A
3-PA,834,0,0,1577,0,1577,G
3-PA,835,0,0,0,1574,1574,C
3-PA,836,0,1,1528,0,1529,G
3-PA,837,1,0,1573,0,1574,G
3-PA,838,0,1574,0,3,1577,T
3-PA,839,1,0,0,1576,1577,C
3-PA,840,0,0,0,1579,1579,C
3-PA,841,1582,0,0,0,1582,A
3-PA,842,1581,0,1,0,1582,A
3-PA,843,1585,0,0,0,1585,A
3-PA,844,0,1588,0,0,1588,T
3-PA,845,0,1586,0,0,1586,T
3-PA,846,0,0,0,1571,1571,C
3-PA,847,1,0,0,1562,1563,C
3-PA,848,0,1561,0,0,1561,T
3-PA,849,1,0,0,1571,1572,C
3-PA,850,0,0,0,1571,1571,C
3-PA,851,0,1561,1,1,1563,T
3-PA,852,0,0,1580,0,1580,G
3-PA,853,1575,0,1,0,1576,A
3-PA,854,0,1576,0,1,1577,T
3-PA,855,1,0,1555,0,1556,G
3-PA,856,0,1,1537,0,1538,G
3-PA,857,1532,1,0,0,1533,A
3-PA,858,0,1520,0,1,1521,T
3-PA,859,0,0,1530,0,1530,G
3-PA,860,0,0,0,1593,1593,C
3-PA,861,0,1579,1,5,1585,T
3-PA,862,0,1592,0,3,1595,T
3-PA,863,0,1597,0,0,1597,T
3-PA,864,1597,0,1,0,1598,A
3-PA,865,1601,0,2,0,1603,A
3-PA,866,1601,1,0,0,1602,A
3-PA,867,1606,0,0,0,1606,A
3-PA,868,0,1605,0,0,1605,T
3-PA,869,0,1515,0,0,1515,T
3-PA,870,0,2,1513,0,1515,G
3-PA,871,1512,0,1,0,1513,A
3-PA,872,0,0,1527,0,1527,G
3-PA,873,1,0,0,1528,1529,C
3-PA,874,1525,1,0,0,1526,A
3-PA,875,1,1566,0,0,1567,T
3-PA,876,1,1568,0,0,1569,T
3-PA,877,0,0,1568,0,1568,G
3-PA,878,1574,0,0,0,1574,A
3-PA,879,1558,0,1,0,1559,A
3-PA,880,1,0,1566,0,1567,G
3-PA,881,1536,0,1,0,1537,A
3-PA,882,0,0,0,1547,1547,C
3-PA,883,0,1,0,1546,1547,C
3-PA,884,0,0,2,1523,1525,C
3-PA,885,1512,0,1,0,1513,A
3-PA,886,1541,0,2,0,1543,A
3-PA,887,0,0,1577,0,1577,G
3-PA,888,0,1580,2,0,1582,T
3-PA,889,1,0,0,1584,1585,C
3-PA,890,1581,0,4,0,1585,A
3-PA,891,1,1,0,1579,1581,C
3-PA,892,0,0,1576,0,1576,G
3-PA,893,1568,0,24,0,1592,A
3-PA,894,1594,0,1,0,1595,A
3-PA,895,0,0,1640,0,1640,G
3-PA,896,0,0,1635,2,1637,G
3-PA,897,1629,1,4,0,1634,A
3-PA,898,0,0,1648,0,1648,G
3-PA,899,1640,0,3,0,1643,A
3-PA,900,1642,1,2,0,1645,A
3-PA,901,0,0,1658,0,1658,G
3-PA,902,0,0,1639,0,1639,G
3-PA,903,0,1,1637,0,1638,G
3-PA,904,1599,0,2,0,1601,A
3-PA,905,1,1604,0,0,1605,T
3-PA,906,1,0,0,1608,1609,C
3-PA,907,0,0,0,1746,1746,C
3-PA,908,1,0,0,1770,1771,C
3-PA,909,1784,0,0,0,1784,A
3-PA,910,0,1779,1,1,1781,T
3-PA,911,0,1789,0,1,1790,T
3-PA,912,1829,0,0,1,1830,A
3-PA,913,0,1829,0,1,1830,T
3-PA,914,1825,0,1,0,1826,A
3-PA,915,0,1812,0,1,1813,T
3-PA,916,0,2,1656,0,1658,G
3-PA,917,1652,0,1,0,1653,A
3-PA,918,0,1634,0,0,1634,T
3-PA,919,1,0,1650,0,1651,G
3-PA,920,0,2,0,1635,1637,C
3-PA,921,0,0,1643,1,1644,G
3-PA,922,1650,0,1,0,1651,A
3-PA,923,0,1650,0,0,1650,T
3-PA,924,0,1,0,1650,1651,C
3-PA,925,1648,0,3,0,1651,A
3-PA,926,1635,0,2,6,1643,A
3-PA,927,0,0,1654,0,1654,G
3-PA,928,0,1640,0,0,1640,T
3-PA,929,2,0,1654,0,1656,G
3-PA,930,0,0,0,1662,1662,C
3-PA,931,1650,0,3,0,1653,A
3-PA,932,0,1658,0,1,1659,T
3-PA,933,1655,0,0,0,1655,A
3-PA,934,1674,0,0,0,1674,A
3-PA,935,1671,0,0,0,1671,A
3-PA,936,1663,0,0,1,1664,A
3-PA,937,1662,1,1,0,1664,A
3-PA,938,1,0,0,1664,1665,C
3-PA,939,1647,0,0,0,1647,A
3-PA,940,0,1646,0,1,1647,T
3-PA,941,0,1648,0,0,1648,T
3-PA,942,0,0,0,1654,1654,C
3-PA,943,0,1637,0,0,1637,T
3-PA,944,1,1635,0,1,1637,T
3-PA,945,2,1634,0,0,1636,T
3-PA,946,0,2,1637,0,1639,G
3-PA,947,0,0,1641,0,1641,G
3-PA,948,1644,0,0,0,1644,A
3-PA,949,1,1637,0,0,1638,T
3-PA,950,0,0,1654,0,1654,G
3-PA,951,0,2,1675,0,1677,G
3-PA,952,1683,0,3,0,1686,A
3-PA,953,1685,0,0,0,1685,A
3-PA,954,1687,0,1,0,1688,A
3-PA,955,0,0,1698,0,1698,G
3-PA,956,1701,1,1,0,1703,A
3-PA,957,1883,0,0,0,1883,A
3-PA,958,0,0,0,1905,1905,C
3-PA,959,0,0,0,1907,1907,C
3-PA,960,0,1906,0,0,1906,T
3-PA,961,0,1932,0,0,1932,T
3-PA,962,1940,0,0,0,1940,A
3-PA,963,0,1947,0,0,1947,T
3-PA,964,1930,0,0,0,1930,A
3-PA,965,0,1960,0,1,1961,T
3-PA,966,1836,0,0,0,1836,A
3-PA,967,0,1,1842,0,1843,G
3-PA,968,0,1827,0,2,1829,T
3-PA,969,0,0,0,1820,1820,C
3-PA,970,1805,0,0,0,1805,A
3-PA,971,1815,0,0,0,1815,A
3-PA,972,1814,0,1,0,1815,A
3-PA,973,1,0,0,1814,1815,C
3-PA,974,1,0,0,1789,1790,C
3-PA,975,1767,2,1,0,1770,A
3-PA,976,1,0,1,1787,1789,C
3-PA,977,1785,0,2,0,1787,A
3-PA,978,0,0,0,1799,1799,C
3-PA,979,0,0,1799,0,1799,G
3-PA,980,1787,1,0,0,1788,A
3-PA,981,1789,1,0,0,1790,A
3-PA,982,1790,0,0,0,1790,A
3-PA,983,1786,1,2,0,1789,A
3-PA,984,0,1,1801,0,1802,G
3-PA,985,1,1,1795,1,1798,G
3-PA,986,5,2,1804,1,1812,G
3-PA,987,1807,0,2,0,1809,A
3-PA,988,1811,0,0,0,1811,A
3-PA,989,0,1813,0,0,1813,T
3-PA,990,1815,0,0,0,1815,A
3-PA,991,1813,0,0,0,1813,A
3-PA,992,1810,0,0,0,1810,A
3-PA,993,0,1806,0,0,1806,T
3-PA,994,0,1804,0,0,1804,T
3-PA,995,0,0,0,1809,1809,C
3-PA,996,1808,0,1,0,1809,A
3-PA,997,1810,1,0,0,1811,A
3-PA,998,1809,0,0,0,1809,A
3-PA,999,0,1807,0,0,1807,T
3-PA,1000,0,1814,0,1,1815,T
3-PA,1001,1821,0,1,0,1822,A
3-PA,1002,0,0,0,1815,1815,C
3-PA,1003,0,2,0,1814,1816,C
3-PA,1004,0,1805,0,2,1807,T
3-PA,1005,0,0,1820,0,1820,G
3-PA,1006,0,0,0,1822,1822,C
3-PA,1007,0,1816,0,0,1816,T
3-PA,1008,0,0,1849,0,1849,G
3-PA,1009,0,1840,0,1,1841,T
3-PA,1010,0,0,1,1838,1839,C
3-PA,1011,1850,0,1,0,1851,A
3-PA,1012,0,1846,0,0,1846,T
3-PA,1013,0,0,1847,1,1848,G
3-PA,1014,1,0,1844,0,1845,G
3-PA,1015,1839,0,1,0,1840,A
3-PA,1016,1889,1,1,1,1892,A
3-PA,1017,0,0,1887,0,1887,G
3-PA,1018,0,0,0,1881,1881,C
3-PA,1019,1878,0,0,0,1878,A
3-PA,1020,1884,0,0,0,1884,A
3-PA,1021,2,0,1894,0,1896,G
3-PA,1022,0,1893,0,0,1893,T
3-PA,1023,1891,0,0,0,1891,A
3-PA,1024,0,0,0,1894,1894,C
3-PA,1025,0,1850,0,0,1850,T
3-PA,1026,1,0,1864,0,1865,G
3-PA,1027,0,1854,0,0,1854,T
3-PA,1028,0,0,0,1863,1863,C
3-PA,1029,1849,0,2,0,1851,A
3-PA,1030,0,1,1875,0,1876,G
3-PA,1031,1870,0,0,0,1870,A
3-PA,1032,1876,0,0,0,1876,A
3-PA,1033,0,1887,0,0,1887,T
3-PA,1034,0,1880,0,0,1880,T
3-PA,1035,1,1,1875,0,1877,G
3-PA,1036,0,1,0,1878,1879,C
3-PA,1037,1867,2,1,0,1870,A
3-PA,1038,0,0,1869,0,1869,G
3-PA,1039,0,0,1854,0,1854,G
3-PA,1040,1856,0,0,0,1856,A
3-PA,1041,0,0,0,1851,1851,C
3-PA,1042,2,0,1828,0,1830,G
3-PA,1043,0,1856,0,1,1857,T
3-PA,1044,0,1852,1,0,1853,T
3-PA,1045,1,0,1867,0,1868,G
3-PA,1046,1872,0,0,0,1872,A
3-PA,1047,1866,0,0,1,1867,A
3-PA,1048,1870,0,1,0,1871,A
3-PA,1049,1861,0,1,1,1863,A
3-PA,1050,0,1866,0,0,1866,T
3-PA,1051,0,1,1876,0,1877,G
3-PA,1052,1859,2,1,0,1862,A
3-PA,1053,0,1,1874,1,1876,G
3-PA,1054,0,1,1876,0,1877,G
3-PA,1055,1869,1,0,0,1870,A
3-PA,1056,1,0,1872,0,1873,G
3-PA,1057,1878,0,0,0,1878,A
3-PA,1058,1877,0,0,0,1877,A
3-PA,1059,0,0,1874,0,1874,G
3-PA,1060,0,0,1852,0,1852,G
3-PA,1061,0,1922,3,2,1927,T
3-PA,1062,0,1938,0,0,1938,T
3-PA,1063,1,0,0,1933,1934,C
3-PA,1064,0,0,0,1935,1935,C
3-PA,1065,1939,0,0,0,1939,A
3-PA,1066,1935,0,1,0,1936,A
3-PA,1067,0,0,1955,0,1955,G
3-PA,1068,0,1,1974,0,1975,G
3-PA,1069,1943,1,0,0,1944,A
3-PA,1070,0,1,0,1948,1949,C
3-PA,1071,0,1952,0,0,1952,T
3-PA,1072,1953,0,1,0,1954,A
3-PA,1073,1951,0,1,0,1952,A
3-PA,1074,1949,0,0,0,1949,A
3-PA,1075,1949,0,3,0,1952,A
3-PA,1076,1943,0,0,1,1944,A
3-PA,1077,0,0,0,1933,1933,C
3-PA,1078,1928,0,1,0,1929,A
3-PA,1079,0,1923,0,0,1923,T
3-PA,1080,0,0,1947,0,1947,G
3-PA,1081,1945,2,1,0,1948,A
3-PA,1082,1949,0,0,0,1949,A
3-PA,1083,1,1,1955,0,1957,G
3-PA,1084,1946,0,0,0,1946,A
3-PA,1085,1948,0,1,0,1949,A
3-PA,1086,1937,0,0,0,1937,A
3-PA,1087,1933,1,3,0,1937,A
3-PA,1088,0,0,0,1943,1943,C
3-PA,1089,0,0,1941,0,1941,G
3-PA,1090,1946,0,0,0,1946,A
3-PA,1091,1,0,1937,0,1938,G
3-PA,1092,1,1937,0,0,1938,T
3-PA,1093,1,0,0,1965,1966,C
3-PA,1094,1963,0,2,0,1965,A
3-PA,1095,1993,0,1,0,1994,A
3-PA,1096,0,0,0,1996,1996,C
3-PA,1097,0,1989,0,0,1989,T
3-PA,1098,1,0,2020,0,2021,G
3-PA,1099,2014,0,2,0,2016,A
3-PA,1100,2025,0,2,1,2028,A
3-PA,1101,0,0,2031,0,2031,G
3-PA,1102,0,1988,0,2,1990,T
3-PA,1103,0,0,1983,0,1983,G
3-PA,1104,0,0,1973,0,1973,G
3-PA,1105,0,1,1974,0,1975,G
3-PA,1106,0,0,0,1993,1993,C
3-PA,1107,0,1972,0,1,1973,T
3-PA,1108,1,1,0,1988,1990,C
3-PA,1109,1,1972,0,0,1973,T
3-PA,1110,0,1979,0,0,1979,T
3-PA,1111,1,0,2022,0,2023,G
3-PA,1112,1,0,2030,0,2031,G
3-PA,1113,0,2027,0,0,2027,T
3-PA,1114,1,0,2018,0,2019,G
3-PA,1115,2021,0,0,0,2021,A
3-PA,1116,2039,0,0,0,2039,A
3-PA,1117,2027,0,0,0,2027,A
3-PA,1118,2031,0,1,2,2034,A
3-PA,1119,0,0,0,2042,2042,C
3-PA,1120,2007,0,0,0,2007,A
3-PA,1121,0,2005,0,0,2005,T
3-PA,1122,2,1,2000,0,2003,G
3-PA,1123,1,0,2031,0,2032,G
3-PA,1124,1,0,0,2029,2030,C
3-PA,1125,2037,1,0,0,2038,A
3-PA,1126,0,0,0,2050,2050,C
3-PA,1127,0,1,0,2049,2050,C
3-PA,1128,2082,0,3,0,2085,A
3-PA,1129,0,1,2101,0,2102,G
3-PA,1130,2098,0,0,0,2098,A
3-PA,1131,0,0,2115,0,2115,G
3-PA,1132,2112,0,1,0,2113,A
3-PA,1133,2108,0,10,0,2118,A
3-PA,1134,0,0,2123,0,2123,G
3-PA,1135,2,0,2107,0,2109,G
3-PA,1136,0,2108,0,0,2108,T
3-PA,1137,2088,0,0,0,2088,A
3-PA,1138,0,0,2092,0,2092,G
3-PA,1139,2093,0,0,0,2093,A
3-PA,1140,0,2,1,2099,2102,C
3-PA,1141,0,2064,1,3,2068,T
3-PA,1142,0,2058,1,1,2060,T
3-PA,1143,0,2068,0,0,2068,T
3-PA,1144,0,0,2076,0,2076,G
3-PA,1145,2071,0,2,1,2074,A
3-PA,1146,2075,0,1,0,2076,A
3-PA,1147,2079,0,0,0,2079,A
3-PA,1148,2061,0,1,0,2062,A
3-PA,1149,0,0,0,2113,2113,C
3-PA,1150,1,2095,0,1,2097,T
3-PA,1151,1,0,2121,0,2122,G
3-PA,1152,0,1,0,2118,2119,C
3-PA,1153,2113,0,4,0,2117,A
3-PA,1154,0,0,2116,0,2116,G
3-PA,1155,2113,1,1,0,2115,A
3-PA,1156,1,0,2192,0,2193,G
3-PA,1157,2192,0,1,0,2193,A
3-PA,1158,0,0,0,2169,2169,C
3-PA,1159,2166,1,1,0,2168,A
3-PA,1160,0,2155,0,0,2155,T
3-PA,1161,2146,0,1,0,2147,A
3-PA,1162,2142,1,0,0,2143,A
3-PA,1163,0,0,2148,0,2148,G
3-PA,1164,0,0,0,2141,2141,C
3-PA,1165,0,0,2117,1,2118,G
3-PA,1166,2156,0,1,0,2157,A
3-PA,1167,1,2134,0,1,2136,T
3-PA,1168,1,2135,0,0,2136,T
3-PA,1169,0,2137,0,0,2137,T
3-PA,1170,0,0,2153,0,2153,G
3-PA,1171,2152,0,1,0,2153,A
3-PA,1172,2157,0,0,0,2157,A
3-PA,1173,0,0,2161,0,2161,G
3-PA,1174,0,2,0,2199,2201,C
3-PA,1175,2180,0,0,1,2181,A
3-PA,1176,2321,0,0,0,2321,A
3-PA,1177,1,2319,0,1,2321,T
3-PA,1178,2320,0,0,0,2320,A
3-PA,1179,0,2334,0,0,2334,T
3-PA,1180,1,0,2334,0,2335,G
3-PA,1181,2358,0,2,0,2360,A
3-PA,1182,0,2355,0,0,2355,T
3-PA,1183,2295,0,2,0,2297,A
3-PA,1184,1,1,2296,0,2298,G
3-PA,1185,0,2224,0,0,2224,T
3-PA,1186,0,1,2223,0,2224,G
3-PA,1187,2218,1,6,0,2225,A
3-PA,1188,0,1,0,2205,2206,C
3-PA,1189,1,0,2202,0,2203,G
3-PA,1190,2206,0,0,0,2206,A
3-PA,1191,2198,0,3,0,2201,A
3-PA,1192,0,0,0,2220,2220,C
3-PA,1193,0,0,0,2218,2218,C
3-PA,1194,0,2207,0,1,2208,T
3-PA,1195,1,1,2270,0,2272,G
3-PA,1196,2264,0,8,0,2272,A
3-PA,1197,2275,0,0,0,2275,A
3-PA,1198,0,2270,0,0,2270,T
3-PA,1199,0,2257,1,0,2258,T
3-PA,1200,2253,0,1,0,2254,A
3-PA,1201,2237,1,0,0,2238,A
3-PA,1202,1,0,2233,0,2234,G
3-PA,1203,1,1,2233,0,2235,G
3-PA,1204,2,2188,0,1,2191,T
3-PA,1205,1,1,0,2188,2190,C
3-PA,1206,2194,0,2,0,2196,A
3-PA,1207,0,1,0,2245,2246,C
3-PA,1208,0,2248,0,2,2250,T
3-PA,1209,1,2251,0,0,2252,T
3-PA,1210,0,2258,0,0,2258,T
3-PA,1211,1,2,0,2246,2249,C
3-PA,1212,2245,0,2,0,2247,A
3-PA,1213,2248,0,2,0,2250,A
3-PA,1214,0,1,2271,0,2272,G
3-PA,1215,0,0,0,2261,2261,C
3-PA,1216,0,2229,0,1,2230,T
3-PA,1217,0,0,2282,0,2282,G
3-PA,1218,0,0,2298,0,2298,G
3-PA,1219,2317,1,0,0,2318,A
3-PA,1220,0,2344,0,0,2344,T
3-PA,1221,2339,0,1,0,2340,A
3-PA,1222,0,0,0,2356,2356,C
3-PA,1223,2319,1,1,0,2321,A
3-PA,1224,0,0,2345,0,2345,G
3-PA,1225,2340,0,1,0,2341,A
3-PA,1226,2295,0,0,0,2295,A
3-PA,1227,0,2264,0,0,2264,T
3-PA,1228,1,0,2262,1,2264,G
3-PA,1229,2250,0,0,0,2250,A
3-PA,1230,1,1,2278,0,2280,G
3-PA,1231,1,2261,0,1,2263,T
3-PA,1232,0,2256,0,0,2256,T
3-PA,1233,1,0,1,2283,2285,C
3-PA,1234,2304,0,0,0,2304,A
3-PA,1235,2295,2,3,4,2304,A
3-PA,1236,0,1,0,2309,2310,C
3-PA,1237,2281,0,0,0,2281,A
3-PA,1238,2282,1,1,0,2284,A
3-PA,1239,1,2,2290,0,2293,G
3-PA,1240,0,5,2309,0,2314,G
3-PA,1241,0,0,0,2323,2323,C
3-PA,1242,0,0,0,2306,2306,C
3-PA,1243,0,2296,0,2,2298,T
3-PA,1244,0,0,2320,0,2320,G
3-PA,1245,0,2316,0,1,2317,T
3-PA,1246,1,0,2335,0,2336,G
3-PA,1247,2338,1,3,0,2342,A
3-PA,1248,0,0,2337,0,2337,G
3-PA,1249,3,0,0,2313,2316,C
3-PA,1250,0,2285,0,3,2288,T
3-PA,1251,2329,0,0,0,2329,A
3-PA,1252,2332,0,0,0,2332,A
3-PA,1253,0,0,0,2339,2339,C
3-PA,1254,0,2320,1,0,2321,T
3-PA,1255,0,0,2323,5,2328,G
3-PA,1256,2325,1,2,0,2328,A
3-PA,1257,0,2324,1,1,2326,T
3-PA,1258,1,2326,1,1,2329,T
3-PA,1259,1,1,0,2327,2329,C
3-PA,1260,2356,1,1,0,2358,A
3-PA,1261,0,0,2407,0,2407,G
3-PA,1262,3,2395,0,1,2399,T
3-PA,1263,0,0,0,2407,2407,C
3-PA,1264,0,2391,0,0,2391,T
3-PA,1265,1,0,2493,0,2494,G
3-PA,1266,1,0,2493,0,2494,G
3-PA,1267,2493,0,2,1,2496,A
3-PA,1268,0,2493,0,2,2495,T
3-PA,1269,2378,0,0,0,2378,A
3-PA,1270,1,1,2367,0,2369,G
3-PA,1271,2329,0,0,0,2329,A
3-PA,1272,0,0,2330,0,2330,G
3-PA,1273,0,1,0,2333,2334,C
3-PA,1274,0,2284,0,0,2284,T
3-PA,1275,0,1,0,2290,2291,C
3-PA,1276,0,0,2306,0,2306,G
3-PA,1277,2303,1,0,0,2304,A
3-PA,1278,2,2306,0,1,2309,T
3-PA,1279,0,1,2301,0,2302,G
3-PA,1280,2320,2,0,0,2322,A
3-PA,1281,2326,0,0,1,2327,A
3-PA,1282,2336,0,0,0,2336,A
3-PA,1283,0,2329,0,1,2330,T
3-PA,1284,3,2321,1,1,2326,T
3-PA,1285,1,2,2336,0,2339,G
3-PA,1286,1,0,2343,0,2344,G
3-PA,1287,2268,1,68,1,2338,A
3-PA,1288,0,0,2338,0,2338,G
3-PA,1289,2302,1,2,0,2305,A
3-PA,1290,0,0,2332,0,2332,G
3-PA,1291,0,3,2337,0,2340,G
3-PA,1292,2356,0,1,1,2358,A
3-PA,1293,0,1,0,2360,2361,C
3-PA,1294,0,1,2349,0,2350,G
3-PA,1295,0,2356,0,0,2356,T
3-PA,1296,2379,0,1,0,2380,A
3-PA,1297,0,0,2397,0,2397,G
3-PA,1298,2,2,0,2409,2413,C
3-PA,1299,1,0,0,2386,2387,C
3-PA,1300,2,2,0,2366,2370,C
3-PA,1301,1,0,1,2367,2369,C
3-PA,1302,2378,0,1,0,2379,A
3-PA,1303,2433,0,1,0,2434,A
3-PA,1304,3,2424,0,0,2427,T
3-PA,1305,1,2410,0,0,2411,T
3-PA,1306,0,1,2410,0,2411,G
3-PA,1307,2365,0,5,0,2370,A
3-PA,1308,0,0,2373,0,2373,G
3-PA,1309,1,1,0,2369,2371,C
3-PA,1310,2354,0,0,0,2354,A
3-PA,1311,0,0,0,2390,2390,C
3-PA,1312,2338,0,1,0,2339,A
3-PA,1313,0,2383,0,0,2383,T
3-PA,1314,0,2389,0,0,2389,T
3-PA,1315,0,1,2389,0,2390,G
3-PA,1316,0,1,0,2380,2381,C
3-PA,1317,2376,1,1,0,2378,A
3-PA,1318,2380,1,0,0,2381,A
3-PA,1319,1,0,2381,0,2382,G
3-PA,1320,1,0,0,2345,2346,C
3-PA,1321,2348,0,0,0,2348,A
3-PA,1322,0,2297,0,2,2299,T
3-PA,1323,0,1,2302,0,2303,G
3-PA,1324,2289,2,0,1,2292,A
3-PA,1325,0,0,2304,0,2304,G
3-PA,1326,2295,0,3,0,2298,A
3-PA,1327,2302,0,0,0,2302,A
3-PA,1328,1,0,2297,0,2298,G
3-PA,1329,0,0,2289,0,2289,G
3-PA,1330,2286,1,0,0,2287,A
3-PA,1331,2281,0,1,0,2282,A
3-PA,1332,0,2284,0,0,2284,T
3-PA,1333,0,2283,0,1,2284,T
3-PA,1334,2294,0,0,0,2294,A
3-PA,1335,0,2291,0,0,2291,T
3-PA,1336,0,2297,0,0,2297,T
3-PA,1337,0,2298,1,2,2301,T
3-PA,1338,0,0,0,2286,2286,C
3-PA,1339,2285,0,0,0,2285,A
3-PA,1340,0,1,0,2332,2333,C
3-PA,1341,2327,0,0,0,2327,A
3-PA,1342,0,0,2349,0,2349,G
3-PA,1343,0,0,0,2346,2346,C
3-PA,1344,2334,0,1,0,2335,A
3-PA,1345,0,0,2342,0,2342,G
3-PA,1346,2330,1,0,0,2331,A
3-PA,1347,1,1,2334,0,2336,G
3-PA,1348,1,0,2341,0,2342,G
3-PA,1349,0,2287,0,0,2287,T
3-PA,1350,2,1,2305,0,2308,G
3-PA,1351,1,2298,0,2,2301,T
3-PA,1352,1,0,0,2298,2299,C
3-PA,1353,0,0,1,2316,2317,C
3-PA,1354,1,0,0,2311,2312,C
3-PA,1355,2315,1,0,0,2316,A
3-PA,1356,1,2338,0,1,2340,T
3-PA,1357,0,2321,0,0,2321,T
3-PA,1358,0,0,2332,1,2333,G
3-PA,1359,1,2294,0,1,2296,T
3-PA,1360,2267,0,1,0,2268,A
3-PA,1361,0,0,2264,0,2264,G
3-PA,1362,2207,0,1,0,2208,A
3-PA,1363,1,1,2212,0,2214,G
3-PA,1364,0,0,0,2197,2197,C
3-PA,1365,0,0,1,2152,2153,C
3-PA,1366,2183,0,2,0,2185,A
3-PA,1367,0,1,0,2185,2186,C
3-PA,1368,0,2185,0,0,2185,T
3-PA,1369,1,0,2186,0,2187,G
3-PA,1370,2170,0,1,0,2171,A
3-PA,1371,2136,0,8,0,2144,A
3-PA,1372,0,2193,0,0,2193,T
3-PA,1373,2212,0,1,0,2213,A
3-PA,1374,0,1,0,2227,2228,C
3-PA,1375,2175,0,1,0,2176,A
3-PA,1376,0,2561,0,0,2561,T
3-PA,1377,2568,0,0,0,2568,A
3-PA,1378,2588,0,0,0,2588,A
3-PA,1379,0,2582,0,2,2584,T
3-PA,1380,0,0,2566,0,2566,G
3-PA,1381,2549,0,1,1,2551,A
3-PA,1382,2520,0,0,1,2521,A
3-PA,1383,0,1,2527,0,2528,G
3-PA,1384,0,1,2545,0,2546,G
3-PA,1385,0,1,2578,0,2579,G
3-PA,1386,0,0,2591,0,2591,G
3-PA,1387,0,0,2612,0,2612,G
3-PA,1388,0,2589,0,1,2590,T
3-PA,1389,2604,0,0,0,2604,A
3-PA,1390,1,2617,0,2,2620,T
3-PA,1391,2654,0,1,0,2655,A
3-PA,1392,0,0,0,2888,2888,C
3-PA,1393,2802,0,0,0,2802,A
3-PA,1394,1,2767,0,0,2768,T
3-PA,1395,0,2742,0,0,2742,T
3-PA,1396,2724,0,0,0,2724,A
3-PA,1397,2784,0,1,0,2785,A
3-PA,1398,1,1,0,2787,2789,C
3-PA,1399,2745,0,2,0,2747,A
3-PA,1400,0,0,0,2751,2751,C
3-PA,1401,1,2483,0,3,2487,T
3-PA,1402,0,0,2603,0,2603,G
3-PA,1403,0,0,0,2591,2591,C
3-PA,1404,0,1,0,2587,2588,C
3-PA,1405,1,0,0,2600,2601,C
3-PA,1406,0,2547,0,0,2547,T
3-PA,1407,1,0,2614,0,2615,G
3-PA,1408,0,0,0,2625,2625,C
3-PA,1409,1,2613,0,1,2615,T
3-PA,1410,0,0,1,2696,2697,C
3-PA,1411,2622,0,2,0,2624,A
3-PA,1412,2642,0,1,0,2643,A
3-PA,1413,0,2650,0,1,2651,T
3-PA,1414,0,0,2650,0,2650,G
3-PA,1415,0,0,1,2648,2649,C
3-PA,1416,2600,1,0,0,2601,A
3-PA,1417,0,2593,0,1,2594,T
3-PA,1418,0,0,0,2590,2590,C
3-PA,1419,0,1,0,2609,2610,C
3-PA,1420,0,2546,0,0,2546,T
3-PA,1421,1,0,2608,0,2609,G
3-PA,1422,0,2607,0,0,2607,T
3-PA,1423,0,0,2606,0,2606,G
3-PA,1424,0,2,0,2606,2608,C
3-PA,1425,2579,1,1,0,2581,A
3-PA,1426,0,0,2602,0,2602,G
3-PA,1427,1,1,0,2596,2598,C
3-PA,1428,2568,0,0,0,2568,A
3-PA,1429,2566,1,0,0,2567,A
3-PA,1430,0,2504,0,1,2505,T
3-PA,1431,0,1,2498,0,2499,G
3-PA,1432,0,2,2501,0,2503,G
3-PA,1433,2501,0,2,0,2503,A
3-PA,1434,0,2,0,2501,2503,C
3-PA,1435,2,1,2477,0,2480,G
3-PA,1436,2509,0,0,0,2509,A
3-PA,1437,1,2505,0,0,2506,T
3-PA,1438,0,2508,1,0,2509,T
3-PA,1439,0,2508,0,2,2510,T
3-PA,1440,1,2504,0,0,2505,T
3-PA,1441,0,0,0,2513,2513,C
3-PA,1442,2517,0,0,0,2517,A
3-PA,1443,2522,1,1,0,2524,A
3-PA,1444,1,0,0,2523,2524,C
3-PA,1445,0,2484,0,2,2486,T
3-PA,1446,2484,1,1,0,2486,A
3-PA,1447,2480,1,1,0,2482,A
3-PA,1448,0,2486,0,0,2486,T
3-PA,1449,1,2482,0,2,2485,T
3-PA,1450,1,0,0,2490,2491,C
3-PA,1451,0,1,0,2487,2488,C
3-PA,1452,0,2,0,2493,2495,C
3-PA,1453,2491,2,1,0,2494,A
3-PA,1454,1,2518,1,1,2521,T
3-PA,1455,0,0,2528,0,2528,G
3-PA,1456,2527,1,0,0,2528,A
3-PA,1457,0,2516,1,2,2519,T
3-PA,1458,2509,1,1,0,2511,A
3-PA,1459,2514,0,4,0,2518,A
3-PA,1460,0,0,2520,0,2520,G
3-PA,1461,1,1,0,2511,2513,C
3-PA,1462,2496,1,1,0,2498,A
3-PA,1463,2433,1,0,0,2434,A
3-PA,1464,0,0,2454,0,2454,G
3-PA,1465,1,2445,1,0,2447,T
3-PA,1466,1,0,2450,0,2451,G
3-PA,1467,2,2,1,2437,2442,C
3-PA,1468,2425,1,1,0,2427,A
3-PA,1469,0,0,2460,0,2460,G
3-PA,1470,2455,0,0,0,2455,A
3-PA,1471,2478,0,1,0,2479,A
3-PA,1472,2,0,0,2473,2475,C
3-PA,1473,1,2435,0,1,2437,T
3-PA,1474,2451,0,0,0,2451,A
3-PA,1475,2448,0,0,0,2448,A
3-PA,1476,2442,0,1,1,2444,A
3-PA,1477,0,0,2449,0,2449,G
3-PA,1478,2353,1,3,0,2357,A
3-PA,1479,3,3,2346,0,2352,G
3-PA,1480,2,0,2305,1,2308,G
3-PA,1481,0,0,2301,0,2301,G
3-PA,1482,2286,1,3,0,2290,A
3-PA,1483,2245,0,2,0,2247,A
3-PA,1484,0,0,2243,1,2244,G
3-PA,1485,0,0,2241,0,2241,G
3-PA,1486,0,2,0,2229,2231,C
3-PA,1487,0,0,2239,0,2239,G
3-PA,1488,2226,0,7,0,2233,A
3-PA,1489,2235,0,1,0,2236,A
3-PA,1490,2232,1,1,0,2234,A
3-PA,1491,2236,0,0,0,2236,A
3-PA,1492,2233,0,3,0,2236,A
3-PA,1493,1,0,0,2233,2234,C
3-PA,1494,0,0,0,2232,2232,C
3-PA,1495,2222,0,1,0,2223,A
3-PA,1496,2233,0,1,0,2234,A
3-PA,1497,0,2227,0,0,2227,T
3-PA,1498,1,2226,0,1,2228,T
3-PA,1499,0,2238,0,0,2238,T
3-PA,1500,2237,0,1,0,2238,A
3-PA,1501,0,2229,0,1,2230,T
3-PA,1502,2225,0,1,0,2226,A
3-PA,1503,0,2220,1,1,2222,T
3-PA,1504,0,0,2200,1,2201,G
3-PA,1505,1,0,2183,0,2184,G
3-PA,1506,2184,0,0,0,2184,A
3-PA,1507,0,2170,0,2,2172,T
3-PA,1508,0,2146,0,0,2146,T
3-PA,1509,0,0,0,2134,2134,C
3-PA,1510,2140,0,0,0,2140,A
3-PA,1511,2,2140,0,7,2149,T
3-PA,1512,0,1,0,2154,2155,C
3-PA,1513,2143,1,0,0,2144,A
3-PA,1514,0,2111,0,0,2111,T
3-PA,1515,2094,0,0,0,2094,A
3-PA,1516,2089,0,0,0,2089,A
3-PA,1517,2087,3,0,1,2091,A
3-PA,1518,0,0,2082,0,2082,G
3-PA,1519,0,0,2034,0,2034,G
3-PA,1520,0,0,2010,0,2010,G
3-PA,1521,1995,0,1,0,1996,A
3-PA,1522,1958,0,2,1,1961,A
3-PA,1523,0,0,1964,0,1964,G
3-PA,1524,1952,0,0,0,1952,A
3-PA,1525,0,1950,0,0,1950,T
3-PA,1526,0,0,0,1943,1943,C
3-PA,1527,0,1917,1,2,1920,T
3-PA,1528,0,0,0,1943,1943,C
3-PA,1529,1939,0,0,0,1939,A
3-PA,1530,0,1932,0,1,1933,T
3-PA,1531,0,1935,0,1,1936,T
3-PA,1532,0,1908,0,0,1908,T
3-PA,1533,1895,1,0,0,1896,A
3-PA,1534,1890,1,0,0,1891,A
3-PA,1535,0,0,1890,1,1891,G
3-PA,1536,1,0,1899,0,1900,G
3-PA,1537,1787,0,1,1,1789,A
3-PA,1538,1784,0,1,0,1785,A
3-PA,1539,0,1768,16,1,1785,T
3-PA,1540,1,0,1787,0,1788,G
3-PA,1541,1815,1,0,0,1816,A
3-PA,1542,0,1,0,1819,1820,C
3-PA,1543,1802,0,2,0,1804,A
3-PA,1544,0,0,0,1799,1799,C
3-PA,1545,1739,0,0,0,1739,A
3-PA,1546,1,0,1741,0,1742,G
3-PA,1547,1712,0,2,1,1715,A
3-PA,1548,0,0,1,1677,1678,C
3-PA,1549,0,1,1648,0,1649,G
3-PA,1550,1,1488,0,1,1490,T
3-PA,1551,0,0,1494,0,1494,G
3-PA,1552,0,0,1494,0,1494,G
3-PA,1553,0,1495,0,1,1496,T
3-PA,1554,1493,1,1,0,1495,A
3-PA,1555,1462,0,0,0,1462,A
3-PA,1556,1460,1,0,1,1462,A
3-PA,1557,0,1452,1,0,1453,T
3-PA,1558,0,1433,0,0,1433,T
3-PA,1559,0,1432,0,0,1432,T
3-PA,1560,1,1402,1,0,1404,T
3-PA,1561,0,0,1407,0,1407,G
3-PA,1562,0,1388,0,2,1390,T
3-PA,1563,0,0,1387,0,1387,G
3-PA,1564,1373,0,2,0,1375,A
3-PA,1565,0,0,1376,0,1376,G
3-PA,1566,1,0,0,1368,1369,C
3-PA,1567,1372,0,0,1,1373,A
3-PA,1568,0,1371,1,0,1372,T
3-PA,1569,1,0,1368,0,1369,G
3-PA,1570,0,0,1373,0,1373,G
3-PA,1571,1371,1,1,1,1374,A
3-PA,1572,1,0,1373,0,1374,G
3-PA,1573,0,1347,0,1,1348,T
3-PA,1574,0,1322,1,3,1326,T
3-PA,1575,0,1325,0,0,1325,T
3-PA,1576,0,1321,0,1,1322,T
3-PA,1577,1,0,0,1327,1328,C
3-PA,1578,0,1319,0,1,1320,T
3-PA,1579,0,0,0,1316,1316,C
3-PA,1580,0,1273,0,1,1274,T
3-PA,1581,0,0,0,1267,1267,C
3-PA,1582,1263,0,0,0,1263,A
3-PA,1583,0,1,0,1262,1263,C
3-PA,1584,0,1207,0,1,1208,T
3-PA,1585,0,0,1200,0,1200,G
3-PA,1586,1198,0,0,0,1198,A
3-PA,1587,0,0,0,1197,1197,C
3-PA,1588,0,0,1,1191,1192,C
3-PA,1589,0,0,0,1177,1177,C
3-PA,1590,1,0,1171,0,1172,G
3-PA,1591,1170,0,0,0,1170,A
3-PA,1592,0,0,1174,0,1174,G
3-PA,1593,1168,1,1,0,1170,A
3-PA,1594,0,0,0,1134,1134,C
3-PA,1595,0,1109,0,0,1109,T
3-PA,1596,0,1031,0,1,1032,T
3-PA,1597,0,0,1034,0,1034,G
3-PA,1598,1029,0,1,0,1030,A
3-PA,1599,0,0,1033,0,1033,G
3-PA,1600,1,1,0,1026,1028,C
3-PA,1601,2,0,0,961,963,C
3-PA,1602,963,0,1,0,964,A
3-PA,1603,0,1,0,952,953,C
3-PA,1604,959,0,0,0,959,A
3-PA,1605,0,956,0,0,956,T
3-PA,1606,944,0,0,0,944,A
3-PA,1607,934,0,0,0,934,A
3-PA,1608,936,0,0,0,936,A
3-PA,1609,0,924,0,0,924,T
3-PA,1610,0,0,920,0,920,G
3-PA,1611,0,0,805,0,805,G
3-PA,1612,0,0,796,0,796,G
3-PA,1613,780,0,0,0,780,A
3-PA,1614,0,0,779,0,779,G
3-PA,1615,764,0,1,0,765,A
3-PA,1616,742,1,0,0,743,A
3-PA,1617,746,0,1,0,747,A
3-PA,1618,0,739,0,0,739,T
3-PA,1619,732,0,0,0,732,A
3-PA,1620,0,0,0,729,729,C
3-PA,1621,0,416,0,1,417,T
3-PA,1622,0,0,421,0,421,G
3-PA,1623,0,269,0,1,270,T
3-PA,1624,0,0,275,0,275,G
3-PA,1625,0,262,0,0,262,T
3-PA,1626,0,0,0,177,177,C
3-PA,1627,0,0,0,171,171,C
3-PA,1628,0,163,0,0,163,T
3-PA,1629,0,161,0,0,161,T
3-PA,1630,0,0,161,0,161,G
3-PA,1631,160,0,0,0,160,A
3-PA,1632,0,0,162,0,162,G
3-PA,1633,156,0,0,0,156,A
3-PA,1634,0,156,0,0,156,T
3-PA,1635,155,0,0,0,155,A
3-PA,1636,0,0,161,0,161,G
3-PA,1637,0,0,163,0,163,G
3-PA,1638,163,0,1,0,164,A
3-PA,1639,0,0,164,0,164,G
3-PA,1640,163,0,0,0,163,A
3-PA,1641,0,163,0,0,163,T
3-PA,1642,166,0,0,0,166,A
3-PA,1643,0,167,0,0,167,T
3-PA,1644,0,0,168,0,168,G
3-PA,1645,0,171,0,0,171,T
3-PA,1646,0,168,0,0,168,T
3-PA,1647,172,0,0,0,172,A
3-PA,1648,0,0,0,173,173,C
3-PA,1649,0,172,0,0,172,T
3-PA,1650,172,0,0,0,172,A
3-PA,1651,171,0,0,0,171,A
3-PA,1652,0,0,172,0,172,G
3-PA,1653,173,0,0,0,173,A
3-PA,1654,171,0,0,0,171,A
3-PA,1655,0,0,166,0,166,G
3-PA,1656,0,168,0,0,168,T
3-PA,1657,0,0,172,0,172,G
3-PA,1658,0,15,0,157,172,C
3-PA,1659,0,0,0,172,172,C
3-PA,1660,172,0,0,0,172,A
3-PA,1661,0,171,0,0,171,T
3-PA,1662,172,0,0,0,172,A
3-PA,1663,0,0,173,0,173,G
3-PA,1664,0,0,173,0,173,G
3-PA,1665,0,0,0,172,172,C
3-PA,1666,1,1,0,169,171,C
3-PA,1667,172,0,0,0,172,A
3-PA,1668,172,0,0,0,172,A
3-PA,1669,171,0,0,0,171,A
3-PA,1670,1,172,0,0,173,T
3-PA,1671,0,173,0,0,173,T
3-PA,1672,0,172,0,0,172,T
3-PA,1673,0,0,0,171,171,C
3-PA,1674,165,0,0,0,165,A
3-PA,1675,167,0,0,0,167,A
3-PA,1676,0,0,167,0,167,G
3-PA,1677,0,0,167,0,167,G
3-PA,1678,0,0,0,161,161,C
3-PA,1679,0,0,0,164,164,C
3-PA,1680,165,0,0,0,165,A
3-PA,1681,167,0,0,0,167,A
3-PA,1682,0,167,0,0,167,T
3-PA,1683,0,0,173,0,173,G
3-PA,1684,0,174,0,0,174,T
3-PA,1685,0,182,0,0,182,T
3-PA,1686,0,0,0,187,187,C
3-PA,1687,0,185,0,0,185,T
3-PA,1688,0,183,0,0,183,T
3-PA,1689,170,0,0,0,170,A
3-PA,1690,0,176,0,0,176,T
3-PA,1691,177,0,0,0,177,A
3-PA,1692,0,177,0,0,177,T
3-PA,1693,0,0,177,0,177,G
3-PA,1694,0,171,0,0,171,T
3-PA,1695,0,0,171,0,171,G
3-PA,1696,166,0,0,0,166,A
3-PA,1697,0,0,168,0,168,G
3-PA,1698,0,0,167,0,167,G
3-PA,1699,168,0,0,0,168,A
3-PA,1700,0,0,0,168,168,C
3-PA,1701,169,0,0,0,169,A
3-PA,1702,168,0,0,0,168,A
3-PA,1703,168,0,0,0,168,A
3-PA,1704,0,0,0,169,169,C
3-PA,1705,0,0,168,0,168,G
3-PA,1706,0,0,170,0,170,G
3-PA,1707,167,0,0,0,167,A
3-PA,1708,168,0,0,0,168,A
3-PA,1709,0,0,0,172,172,C
3-PA,1710,170,0,0,0,170,A
3-PA,1711,0,172,0,0,172,T
3-PA,1712,0,0,0,171,171,C
3-PA,1713,171,0,0,0,171,A
3-PA,1714,169,0,1,0,170,A
3-PA,1715,169,0,0,0,169,A
3-PA,1716,0,0,171,0,171,G
3-PA,1717,0,0,170,0,170,G
3-PA,1718,0,170,0,1,171,T
3-PA,1719,0,0,0,171,171,C
3-PA,1720,171,0,0,0,171,A
3-PA,1721,170,0,1,0,171,A
3-PA,1722,170,0,1,0,171,A
3-PA,1723,171,0,0,0,171,A
3-PA,1724,0,171,0,0,171,T
3-PA,1725,0,0,172,0,172,G
3-PA,1726,172,0,0,0,172,A
3-PA,1727,169,0,1,0,170,A
3-PA,1728,173,0,0,0,173,A
3-PA,1729,0,172,0,0,172,T
3-PA,1730,0,0,172,0,172,G
3-PA,1731,0,0,173,0,173,G
3-PA,1732,0,0,173,0,173,G
3-PA,1733,0,0,176,0,176,G
3-PA,1734,172,0,0,0,172,A
3-PA,1735,174,0,1,0,175,A
3-PA,1736,0,175,0,0,175,T
3-PA,1737,0,0,175,0,175,G
3-PA,1738,0,0,179,0,179,G
3-PA,1739,179,0,0,0,179,A
3-PA,1740,0,0,181,0,181,G
3-PA,1741,181,0,0,0,181,A
3-PA,1742,0,175,1,0,176,T
3-PA,1743,0,0,176,0,176,G
3-PA,1744,172,0,1,0,173,A
3-PA,1745,0,0,173,0,173,G
3-PA,1746,173,0,0,0,173,A
3-PA,1747,0,0,0,172,172,C
3-PA,1748,0,0,171,0,171,G
3-PA,1749,0,172,0,0,172,T
3-PA,1750,0,170,0,0,170,T
3-PA,1751,0,0,172,0,172,G
3-PA,1752,0,0,0,173,173,C
3-PA,1753,0,0,0,173,173,C
3-PA,1754,0,175,0,0,175,T
3-PA,1755,0,0,0,177,177,C
3-PA,1756,0,0,0,177,177,C
3-PA,1757,1,178,0,0,179,T
3-PA,1758,0,179,0,0,179,T
3-PA,1759,0,0,0,179,179,C
3-PA,1760,176,0,0,1,177,A
3-PA,1761,0,0,177,0,177,G
3-PA,1762,0,174,0,2,176,T
3-PA,1763,0,0,0,178,178,C
3-PA,1764,174,1,0,0,175,A
3-PA,1765,0,0,0,179,179,C
3-PA,1766,0,181,0,0,181,T
3-PA,1767,0,0,0,180,180,C
3-PA,1768,0,0,0,179,179,C
3-PA,1769,182,0,0,0,182,A
3-PA,1770,0,0,181,0,181,G
3-PA,1771,0,0,0,182,182,C
3-PA,1772,175,0,0,0,175,A
3-PA,1773,0,0,180,0,180,G
3-PA,1774,174,0,0,0,174,A
3-PA,1775,1,174,0,0,175,T
3-PA,1776,0,0,0,174,174,C
3-PA,1777,0,0,174,0,174,G
3-PA,1778,173,0,0,0,173,A
3-PA,1779,0,0,173,0,173,G
3-PA,1780,173,0,0,0,173,A
3-PA,1781,1,0,172,0,173,G
3-PA,1782,0,0,0,171,171,C
3-PA,1783,171,0,0,0,171,A
3-PA,1784,0,171,0,0,171,T
3-PA,1785,0,0,174,0,174,G
3-PA,1786,175,0,0,0,175,A
3-PA,1787,0,176,0,0,176,T
3-PA,1788,0,174,0,0,174,T
3-PA,1789,0,0,174,0,174,G
3-PA,1790,174,0,0,0,174,A
3-PA,1791,174,0,0,0,174,A
3-PA,1792,0,0,176,0,176,G
3-PA,1793,0,0,0,176,176,C
3-PA,1794,0,0,0,172,172,C
3-PA,1795,0,0,172,0,172,G
3-PA,1796,172,0,0,0,172,A
3-PA,1797,0,0,172,0,172,G
3-PA,1798,0,173,0,0,173,T
3-PA,1799,0,0,0,172,172,C
3-PA,1800,0,1,0,171,172,C
3-PA,1801,0,171,0,0,171,T
3-PA,1802,0,0,0,172,172,C
3-PA,1803,0,0,171,0,171,G
3-PA,1804,0,0,174,0,174,G
3-PA,1805,0,174,0,0,174,T
3-PA,1806,0,173,0,0,173,T
3-PA,1807,173,0,0,0,173,A
3-PA,1808,173,0,0,0,173,A
3-PA,1809,171,0,1,0,172,A
3-PA,1810,0,0,174,0,174,G
3-PA,1811,172,0,0,0,172,A
3-PA,1812,0,0,171,0,171,G
3-PA,1813,167,0,0,0,167,A
3-PA,1814,168,0,1,0,169,A
3-PA,1815,169,0,0,0,169,A
3-PA,1816,0,0,168,0,168,G
3-PA,1817,167,0,0,0,167,A
3-PA,1818,1,0,0,166,167,C
3-PA,1819,166,0,0,0,166,A
3-PA,1820,0,166,0,0,166,T
3-PA,1821,0,0,165,0,165,G
3-PA,1822,166,0,0,0,166,A
3-PA,1823,0,0,0,166,166,C
3-PA,1824,0,0,0,166,166,C
3-PA,1825,164,0,0,0,164,A
3-PA,1826,164,0,0,0,164,A
3-PA,1827,163,0,0,0,163,A
3-PA,1828,0,0,164,0,164,G
3-PA,1829,164,0,0,0,164,A
3-PA,1830,0,0,167,0,167,G
3-PA,1831,0,166,0,0,166,T
3-PA,1832,0,165,0,0,165,T
3-PA,1833,0,162,0,0,162,T
3-PA,1834,0,165,0,0,165,T
3-PA,1835,0,164,0,0,164,T
3-PA,1836,0,164,0,0,164,T
3-PA,1837,0,0,165,0,165,G
3-PA,1838,163,0,0,0,163,A
3-PA,1839,0,0,165,0,165,G
3-PA,1840,164,0,0,0,164,A
3-PA,1841,163,1,0,0,164,A
3-PA,1842,0,164,0,0,164,T
3-PA,1843,164,0,0,0,164,A
3-PA,1844,167,0,0,0,167,A
3-PA,1845,167,0,0,0,167,A
3-PA,1846,0,166,0,0,166,T
3-PA,1847,0,0,0,166,166,C
3-PA,1848,166,0,0,0,166,A
3-PA,1849,0,0,166,0,166,G
3-PA,1850,166,0,0,0,166,A
3-PA,1851,166,0,0,0,166,A
3-PA,1852,0,0,166,0,166,G
3-PA,1853,0,0,0,160,160,C
3-PA,1854,158,0,1,0,159,A
3-PA,1855,0,158,1,0,159,T
3-PA,1856,0,0,160,0,160,G
3-PA,1857,0,0,166,0,166,G
3-PA,1858,0,0,0,166,166,C
3-PA,1859,0,0,0,169,169,C
3-PA,1860,0,0,0,165,165,C
3-PA,1861,168,0,1,0,169,A
3-PA,1862,0,168,0,0,168,T
3-PA,1863,0,169,0,0,169,T
3-PA,1864,0,0,168,0,168,G
3-PA,1865,0,0,169,0,169,G
3-PA,1866,0,0,164,0,164,G
3-PA,1867,0,0,163,0,163,G
3-PA,1868,157,0,0,0,157,A
3-PA,1869,0,0,157,0,157,G
3-PA,1870,0,156,0,0,156,T
3-PA,1871,0,0,0,160,160,C
3-PA,1872,0,0,0,161,161,C
3-PA,1873,0,0,0,162,162,C
3-PA,1874,2,0,0,161,163,C
3-PA,1875,0,0,0,163,163,C
3-PA,1876,164,0,0,0,164,A
3-PA,1877,164,0,0,0,164,A
3-PA,1878,0,0,163,0,163,G
3-PA,1879,0,0,163,0,163,G
3-PA,1880,0,0,162,0,162,G
3-PA,1881,149,0,0,0,149,A
3-PA,1882,0,0,151,0,151,G
3-PA,1883,0,151,0,0,151,T
3-PA,1884,0,0,150,0,150,G
3-PA,1885,0,0,150,1,151,G
3-PA,1886,150,0,1,0,151,A
3-PA,1887,151,0,0,0,151,A
3-PA,1888,0,0,150,0,150,G
3-PA,1889,149,0,0,0,149,A
3-PA,1890,149,0,0,0,149,A
3-PA,1891,0,1,146,0,147,G
3-PA,1892,0,0,145,0,145,G
3-PA,1893,0,147,0,0,147,T
3-PA,1894,0,147,0,0,147,T
3-PA,1895,0,0,0,145,145,C
3-PA,1896,0,0,0,146,146,C
3-PA,1897,146,0,0,0,146,A
3-PA,1898,0,146,0,0,146,T
3-PA,1899,0,146,0,0,146,T
3-PA,1900,0,0,149,0,149,G
3-PA,1901,0,0,149,0,149,G
3-PA,1902,0,0,148,0,148,G
3-PA,1903,148,0,0,0,148,A
3-PA,1904,148,0,0,0,148,A
3-PA,1905,148,0,0,0,148,A
3-PA,1906,0,0,149,0,149,G
3-PA,1907,0,148,0,0,148,T
3-PA,1908,0,0,0,150,150,C
3-PA,1909,0,148,0,0,148,T
3-PA,1910,0,1,147,0,148,G
3-PA,1911,0,148,0,0,148,T
3-PA,1912,148,0,0,0,148,A
3-PA,1913,0,0,148,0,148,G
3-PA,1914,0,0,147,0,147,G
3-PA,1915,139,0,0,0,139,A
3-PA,1916,0,0,0,139,139,C
3-PA,1917,0,135,0,0,135,T
3-PA,1918,0,0,0,138,138,C
3-PA,1919,0,140,0,0,140,T
3-PA,1920,140,0,0,0,140,A
3-PA,1921,0,140,0,0,140,T
3-PA,1922,0,140,0,0,140,T
3-PA,1923,0,0,144,0,144,G
3-PA,1924,0,0,141,0,141,G
3-PA,1925,0,0,0,142,142,C
3-PA,1926,0,142,0,0,142,T
3-PA,1927,137,0,0,0,137,A
3-PA,1928,139,0,0,0,139,A
3-PA,1929,0,0,138,1,139,G
3-PA,1930,0,138,0,0,138,T
3-PA,1931,0,0,0,140,140,C
3-PA,1932,137,0,0,0,137,A
3-PA,1933,0,0,140,0,140,G
3-PA,1934,0,140,0,0,140,T
3-PA,1935,145,1,0,0,146,A
3-PA,1936,0,146,0,0,146,T
3-PA,1937,0,148,0,0,148,T
3-PA,1938,0,0,0,148,148,C
3-PA,1939,147,0,0,0,147,A
3-PA,1940,147,0,0,0,147,A
3-PA,1941,0,147,0,0,147,T
3-PA,1942,134,0,0,0,134,A
3-PA,1943,0,0,136,0,136,G
3-PA,1944,0,0,0,135,135,C
3-PA,1945,0,0,0,135,135,C
3-PA,1946,0,131,0,0,131,T
3-PA,1947,0,0,135,0,135,G
3-PA,1948,0,134,0,0,134,T
3-PA,1949,136,0,0,0,136,A
3-PA,1950,0,136,0,0,136,T
3-PA,1951,0,0,135,0,135,G
3-PA,1952,0,0,0,135,135,C
3-PA,1953,129,0,0,0,129,A
3-PA,1954,0,128,0,0,128,T
3-PA,1955,0,0,0,129,129,C
3-PA,1956,125,0,0,0,125,A
3-PA,1957,0,0,0,127,127,C
3-PA,1958,0,0,0,127,127,C
3-PA,1959,127,0,0,0,127,A
3-PA,1960,0,0,0,128,128,C
3-PA,1961,127,0,0,0,127,A
3-PA,1962,127,0,0,0,127,A
3-PA,1963,1,125,0,0,126,T
3-PA,1964,0,125,0,0,125,T
3-PA,1965,0,0,123,0,123,G
3-PA,1966,0,0,122,0,122,G
3-PA,1967,122,0,0,0,122,A
3-PA,1968,121,0,0,0,121,A
3-PA,1969,0,0,119,0,119,G
3-PA,1970,0,0,121,0,121,G
3-PA,1971,120,0,0,0,120,A
3-PA,1972,0,119,0,0,119,T
3-PA,1973,0,121,0,0,121,T
3-PA,1974,0,121,0,0,121,T
3-PA,1975,0,120,0,0,120,T
3-PA,1976,0,0,0,118,118,C
3-PA,1977,119,0,1,0,120,A
3-PA,1978,0,0,120,0,120,G
3-PA,1979,0,0,0,119,119,C
3-PA,1980,0,0,119,0,119,G
3-PA,1981,0,0,119,0,119,G
3-PA,1982,119,0,0,0,119,A
3-PA,1983,0,0,120,0,120,G
3-PA,1984,0,120,0,0,120,T
3-PA,1985,0,0,0,122,122,C
3-PA,1986,122,0,0,0,122,A
3-PA,1987,121,0,0,0,121,A
3-PA,1988,0,0,122,0,122,G
3-PA,1989,122,0,0,0,122,A
3-PA,1990,119,0,0,0,119,A
3-PA,1991,119,0,0,0,119,A
3-PA,1992,118,0,0,0,118,A
3-PA,1993,0,0,0,119,119,C
3-PA,1994,0,114,0,0,114,T
3-PA,1995,0,0,114,0,114,G
3-PA,1996,0,0,0,114,114,C
3-PA,1997,0,114,0,0,114,T
3-PA,1998,0,0,0,114,114,C
3-PA,1999,0,0,0,114,114,C
3-PA,2000,0,116,0,0,116,T
3-PA,2001,0,116,0,0,116,T
3-PA,2002,0,0,115,0,115,G
3-PA,2003,0,115,0,0,115,T
3-PA,2004,0,113,0,0,113,T
3-PA,2005,0,0,113,0,113,G
3-PA,2006,0,112,0,0,112,T
3-PA,2007,0,110,0,2,112,T
3-PA,2008,0,0,0,110,110,C
3-PA,2009,108,0,1,0,109,A
3-PA,2010,0,0,109,0,109,G
3-PA,2011,0,1,108,0,109,G
3-PA,2012,0,0,0,110,110,C
3-PA,2013,0,110,0,0,110,T
3-PA,2014,0,0,0,110,110,C
3-PA,2015,0,109,0,0,109,T
3-PA,2016,0,109,0,0,109,T
3-PA,2017,109,0,0,0,109,A
3-PA,2018,0,0,109,0,109,G
3-PA,2019,0,0,107,0,107,G
3-PA,2020,0,0,108,0,108,G
3-PA,2021,106,0,0,0,106,A
3-PA,2022,0,0,0,106,106,C
3-PA,2023,101,0,0,0,101,A
3-PA,2024,101,0,0,0,101,A
3-PA,2025,0,0,0,104,104,C
3-PA,2026,0,0,0,104,104,C
3-PA,2027,0,104,0,0,104,T
3-PA,2028,0,0,0,103,103,C
3-PA,2029,0,0,103,0,103,G
3-PA,2030,103,0,0,0,103,A
3-PA,2031,103,0,0,0,103,A
3-PA,2032,0,0,0,102,102,C
3-PA,2033,0,0,0,101,101,C
3-PA,2034,0,98,0,0,98,T
3-PA,2035,0,0,99,0,99,G
3-PA,2036,1,0,98,0,99,G
3-PA,2037,0,0,99,0,99,G
3-PA,2038,98,0,0,0,98,A
3-PA,2039,0,0,0,100,100,C
3-PA,2040,0,0,0,100,100,C
3-PA,2041,0,98,0,0,98,T
3-PA,2042,0,96,0,0,96,T
3-PA,2043,0,96,0,0,96,T
3-PA,2044,0,0,99,0,99,G
3-PA,2045,99,0,0,0,99,A
3-PA,2046,0,100,0,0,100,T
3-PA,2047,0,0,0,100,100,C
3-PA,2048,0,97,0,0,97,T
3-PA,2049,0,98,0,0,98,T
3-PA,2050,0,0,98,0,98,G
3-PA,2051,0,0,98,0,98,G
3-PA,2052,0,0,99,0,99,G
3-PA,2053,0,0,95,0,95,G
3-PA,2054,0,0,95,0,95,G
3-PA,2055,0,0,95,0,95,G
3-PA,2056,0,0,0,95,95,C
3-PA,2057,0,93,0,0,93,T
3-PA,2058,95,0,0,0,95,A
3-PA,2059,0,95,0,0,95,T
3-PA,2060,95,0,0,0,95,A
3-PA,2061,0,95,0,0,95,T
3-PA,2062,0,0,87,0,87,G
3-PA,2063,86,0,0,0,86,A
3-PA,2064,84,0,0,0,84,A
3-PA,2065,0,0,85,0,85,G
3-PA,2066,0,0,0,86,86,C
3-PA,2067,80,0,0,0,80,A
3-PA,2068,80,0,0,0,80,A
3-PA,2069,0,80,0,0,80,T
3-PA,2070,0,80,0,0,80,T
3-PA,2071,0,0,80,0,80,G
3-PA,2072,79,0,0,0,79,A
3-PA,2073,0,0,79,0,79,G
3-PA,2074,0,0,79,0,79,G
3-PA,2075,76,0,0,0,76,A
3-PA,2076,0,0,76,0,76,G
3-PA,2077,0,71,0,0,71,T
3-PA,2078,0,0,71,0,71,G
3-PA,2079,0,0,0,71,71,C
3-PA,2080,0,0,0,71,71,C
3-PA,2081,0,71,0,0,71,T
3-PA,2082,0,0,72,0,72,G
3-PA,2083,72,0,0,0,72,A
3-PA,2084,0,73,0,0,73,T
3-PA,2085,0,70,0,0,70,T
3-PA,2086,70,0,0,0,70,A
3-PA,2087,70,0,0,0,70,A
3-PA,2088,0,69,0,0,69,T
3-PA,2089,0,0,69,0,69,G
3-PA,2090,70,0,0,0,70,A
3-PA,2091,0,65,0,0,65,T
3-PA,2092,0,0,0,65,65,C
3-PA,2093,0,0,0,64,64,C
3-PA,2094,0,0,0,64,64,C
3-PA,2095,0,64,0,0,64,T
3-PA,2096,0,0,64,0,64,G
3-PA,2097,0,0,64,0,64,G
3-PA,2098,0,0,65,0,65,G
3-PA,2099,0,62,0,0,62,T
3-PA,2100,0,58,0,0,58,T
3-PA,2101,0,58,0,0,58,T
3-PA,2102,0,57,0,0,57,T
3-PA,2103,0,0,57,0,57,G
3-PA,2104,0,0,0,57,57,C
3-PA,2105,0,56,0,0,56,T
3-PA,2106,0,0,0,56,56,C
3-PA,2107,54,0,0,0,54,A
3-PA,2108,54,0,0,0,54,A
3-PA,2109,0,54,0,0,54,T
3-PA,2110,0,0,54,0,54,G
3-PA,2111,0,0,0,54,54,C
3-PA,2112,0,0,52,0,52,G
3-PA,2113,0,52,0,0,52,T
3-PA,2114,0,0,0,52,52,C
3-PA,2115,0,52,0,0,52,T
3-PA,2116,0,52,0,0,52,T
3-PA,2117,0,0,50,0,50,G
3-PA,2118,0,0,50,0,50,G
3-PA,2119,0,50,0,0,50,T
3-PA,2120,0,50,0,0,50,T
3-PA,2121,0,0,0,47,47,C
3-PA,2122,47,0,0,0,47,A
3-PA,2123,46,1,0,0,47,A
3-PA,2124,0,0,0,47,47,C
3-PA,2125,0,47,0,0,47,T
3-PA,2126,0,0,0,47,47,C
3-PA,2127,0,0,0,43,43,C
3-PA,2128,0,42,0,1,43,T
3-PA,2129,0,43,0,0,43,T
3-PA,2130,0,0,0,43,43,C
3-PA,2131,0,0,0,43,43,C
3-PA,2132,0,41,0,0,41,T
3-PA,2133,0,0,41,0,41,G
3-PA,2134,40,0,0,0,40,A
3-PA,2135,0,0,0,40,40,C
3-PA,2136,37,0,0,0,37,A
3-PA,2137,0,0,0,32,32,C
3-PA,2138,32,0,0,0,32,A
3-PA,2139,0,30,1,0,31,T
3-PA,2140,0,0,31,0,31,G
3-PA,2141,0,0,0,31,31,C
3-PA,2142,30,0,0,0,30,A
3-PA,2143,0,30,0,0,30,T
3-PA,2144,0,30,0,0,30,T
3-PA,2145,30,0,0,0,30,A
3-PA,2146,29,0,0,0,29,A
3-PA,2147,29,0,0,0,29,A
3-PA,2148,29,0,0,0,29,A
3-PA,2149,0,29,0,0,29,T
3-PA,2150,26,0,0,0,26,A
3-PA,2151,0,0,26,0,26,G
4-HA,1,191,0,0,0,191,A
4-HA,2,0,190,0,0,190,T
4-HA,3,0,0,196,0,196,G
4-HA,4,197,0,0,0,197,A
4-HA,5,200,0,0,0,200,A
4-HA,6,0,0,216,0,216,G
4-HA,7,217,0,0,0,217,A
4-HA,8,0,0,0,234,234,C
4-HA,9,0,234,0,0,234,T
4-HA,10,246,0,0,0,246,A
4-HA,11,0,255,0,0,255,T
4-HA,12,0,0,0,257,257,C
4-HA,13,257,0,0,0,257,A
4-HA,14,0,256,0,0,256,T
4-HA,15,1,256,0,0,257,T
4-HA,16,0,0,274,0,274,G
4-HA,17,0,0,0,276,276,C
4-HA,18,0,275,0,0,275,T
4-HA,19,0,276,0,0,276,T
4-HA,20,0,276,0,0,276,T
4-HA,21,0,0,294,0,294,G
4-HA,22,297,0,0,0,297,A
4-HA,23,0,0,309,0,309,G
4-HA,24,0,0,0,311,311,C
4-HA,25,0,311,0,0,311,T
4-HA,26,339,0,0,0,339,A
4-HA,27,0,0,0,345,345,C
4-HA,28,357,0,0,0,357,A
4-HA,29,0,372,0,0,372,T
4-HA,30,0,370,0,0,370,T
4-HA,31,0,0,0,373,373,C
4-HA,32,0,370,1,1,372,T
4-HA,33,377,0,0,0,377,A
4-HA,34,0,379,0,0,379,T
4-HA,35,0,0,377,0,377,G
4-HA,36,0,378,0,1,379,T
4-HA,37,0,0,0,377,377,C
4-HA,38,0,378,0,0,378,T
4-HA,39,0,0,377,0,377,G
4-HA,40,0,0,380,0,380,G
4-HA,41,0,381,0,0,381,T
4-HA,42,0,382,0,0,382,T
4-HA,43,0,380,0,0,380,T
4-HA,44,0,382,0,0,382,T
4-HA,45,0,0,0,382,382,C
4-HA,46,0,0,381,0,381,G
4-HA,47,0,1,0,382,383,C
4-HA,48,0,383,0,1,384,T
4-HA,49,0,0,0,385,385,C
4-HA,50,386,0,0,0,386,A
4-HA,51,385,0,0,0,385,A
4-HA,52,388,0,0,0,388,A
4-HA,53,388,0,0,0,388,A
4-HA,54,387,0,0,1,388,A
4-HA,55,0,0,0,388,388,C
4-HA,56,0,389,0,0,389,T
4-HA,57,0,389,0,0,389,T
4-HA,58,0,0,0,390,390,C
4-HA,59,0,0,0,389,389,C
4-HA,60,0,389,0,0,389,T
4-HA,61,0,0,393,0,393,G
4-HA,62,0,0,394,0,394,G
4-HA,63,396,0,0,0,396,A
4-HA,64,399,0,0,0,399,A
4-HA,65,398,0,0,0,398,A
4-HA,66,0,402,0,0,402,T
4-HA,67,1,0,402,0,403,G
4-HA,68,403,0,0,0,403,A
4-HA,69,0,1,0,407,408,C
4-HA,70,406,0,1,0,407,A
4-HA,71,408,0,0,0,408,A
4-HA,72,0,0,0,421,421,C
4-HA,73,419,0,0,0,419,A
4-HA,74,0,0,418,0,418,G
4-HA,75,0,0,0,420,420,C
4-HA,76,418,0,0,0,418,A
4-HA,77,0,0,0,427,427,C
4-HA,78,0,0,427,1,428,G
4-HA,79,0,0,432,0,432,G
4-HA,80,0,1,1,431,433,C
4-HA,81,431,0,0,0,431,A
4-HA,82,444,0,0,0,444,A
4-HA,83,0,1,0,448,449,C
4-HA,84,0,0,458,0,458,G
4-HA,85,0,0,0,460,460,C
4-HA,86,0,457,0,0,457,T
4-HA,87,1,0,458,0,459,G
4-HA,88,0,454,0,0,454,T
4-HA,89,0,0,473,0,473,G
4-HA,90,0,0,0,484,484,C
4-HA,91,0,0,0,496,496,C
4-HA,92,0,499,0,0,499,T
4-HA,93,0,495,0,0,495,T
4-HA,94,1,0,507,0,508,G
4-HA,95,0,0,511,0,511,G
4-HA,96,0,0,524,0,524,G
4-HA,97,0,0,0,519,519,C
4-HA,98,520,0,0,0,520,A
4-HA,99,0,0,0,531,531,C
4-HA,100,0,0,0,532,532,C
4-HA,101,588,0,0,0,588,A
4-HA,102,0,588,0,0,588,T
4-HA,103,0,0,590,0,590,G
4-HA,104,0,0,0,593,593,C
4-HA,105,588,0,0,0,588,A
4-HA,106,0,0,624,0,624,G
4-HA,107,0,623,0,1,624,T
4-HA,108,630,0,0,0,630,A
4-HA,109,0,0,0,626,626,C
4-HA,110,0,0,0,617,617,C
4-HA,111,619,0,0,0,619,A
4-HA,112,617,0,0,0,617,A
4-HA,113,621,0,0,0,621,A
4-HA,114,0,0,0,622,622,C
4-HA,115,0,0,615,0,615,G
4-HA,116,0,0,621,0,621,G
4-HA,117,623,2,0,0,625,A
4-HA,118,622,0,3,0,625,A
4-HA,119,0,0,0,626,626,C
4-HA,120,0,0,630,0,630,G
4-HA,121,638,0,0,0,638,A
4-HA,122,0,638,0,0,638,T
4-HA,123,649,0,1,0,650,A
4-HA,124,0,0,654,0,654,G
4-HA,125,0,649,0,1,650,T
4-HA,126,0,1,647,0,648,G
4-HA,127,650,0,0,0,650,A
4-HA,128,649,0,0,0,649,A
4-HA,129,647,0,0,0,647,A
4-HA,130,647,0,1,0,648,A
4-HA,131,0,0,0,652,652,C
4-HA,132,653,0,0,0,653,A
4-HA,133,655,0,0,0,655,A
4-HA,134,0,654,0,1,655,T
4-HA,135,0,1,0,655,656,C
4-HA,136,655,1,0,0,656,A
4-HA,137,0,0,0,655,655,C
4-HA,138,0,0,656,0,656,G
4-HA,139,657,0,0,0,657,A
4-HA,140,654,0,0,0,654,A
4-HA,141,0,655,0,0,655,T
4-HA,142,0,0,653,0,653,G
4-HA,143,661,0,0,0,661,A
4-HA,144,0,0,0,659,659,C
4-HA,145,0,0,0,660,660,C
4-HA,146,668,0,0,0,668,A
4-HA,147,671,0,0,0,671,A
4-HA,148,669,0,0,0,669,A
4-HA,149,0,668,0,0,668,T
4-HA,150,0,669,0,0,669,T
4-HA,151,0,0,669,0,669,G
4-HA,152,661,0,0,0,661,A
4-HA,153,667,0,1,0,668,A
4-HA,154,0,0,670,1,671,G
4-HA,155,0,674,0,0,674,T
4-HA,156,0,700,0,0,700,T
4-HA,157,707,0,1,0,708,A
4-HA,158,0,0,0,711,711,C
4-HA,159,0,713,0,0,713,T
4-HA,160,711,1,0,0,712,A
4-HA,161,723,0,0,1,724,A
4-HA,162,0,724,0,0,724,T
4-HA,163,0,0,726,0,726,G
4-HA,164,1,0,0,758,759,C
4-HA,165,0,757,0,0,757,T
4-HA,166,761,0,1,0,762,A
4-HA,167,0,0,0,762,762,C
4-HA,168,0,760,0,0,760,T
4-HA,169,0,0,767,0,767,G
4-HA,170,763,0,0,0,763,A
4-HA,171,0,0,762,0,762,G
4-HA,172,1,0,0,763,764,C
4-HA,173,0,760,0,0,760,T
4-HA,174,0,0,773,0,773,G
4-HA,175,0,0,786,0,786,G
4-HA,176,1,785,0,0,786,T
4-HA,177,0,787,0,0,787,T
4-HA,178,0,0,0,786,786,C
4-HA,179,784,0,0,0,784,A
4-HA,180,0,0,785,0,785,G
4-HA,181,783,0,0,1,784,A
4-HA,182,1,1,809,0,811,G
4-HA,183,0,802,0,1,803,T
4-HA,184,0,797,0,0,797,T
4-HA,185,0,0,0,805,805,C
4-HA,186,1,1,0,804,806,C
4-HA,187,0,802,0,0,802,T
4-HA,188,0,0,0,804,804,C
4-HA,189,802,0,2,0,804,A
4-HA,190,806,0,0,0,806,A
4-HA,191,1,1,0,806,808,C
4-HA,192,789,0,0,0,789,A
4-HA,193,0,0,802,1,803,G
4-HA,194,0,0,802,0,802,G
4-HA,195,0,798,0,0,798,T
4-HA,196,0,0,799,0,799,G
4-HA,197,802,0,0,0,802,A
4-HA,198,799,0,1,0,800,A
4-HA,199,819,0,0,0,819,A
4-HA,200,0,816,0,0,816,T
4-HA,201,817,0,1,0,818,A
4-HA,202,0,808,0,0,808,T
4-HA,203,1,0,807,0,808,G
4-HA,204,0,0,0,815,815,C
4-HA,205,0,0,814,0,814,G
4-HA,206,814,0,0,0,814,A
4-HA,207,0,0,0,814,814,C
4-HA,208,803,0,0,0,803,A
4-HA,209,0,1,860,0,861,G
4-HA,210,0,854,0,1,855,T
4-HA,211,0,0,0,855,855,C
4-HA,212,0,0,0,859,859,C
4-HA,213,1,852,0,0,853,T
4-HA,214,0,0,0,874,874,C
4-HA,215,869,0,0,0,869,A
4-HA,216,0,873,0,1,874,T
4-HA,217,1,0,0,874,875,C
4-HA,218,844,0,0,0,844,A
4-HA,219,0,0,845,0,845,G
4-HA,220,844,0,0,0,844,A
4-HA,221,0,846,0,0,846,T
4-HA,222,0,0,0,842,842,C
4-HA,223,0,0,0,830,830,C
4-HA,224,0,835,0,0,835,T
4-HA,225,0,835,0,0,835,T
4-HA,226,0,0,836,0,836,G
4-HA,227,836,0,1,0,837,A
4-HA,228,1,834,0,0,835,T
4-HA,229,0,0,835,0,835,G
4-HA,230,0,0,836,0,836,G
4-HA,231,833,0,0,0,833,A
4-HA,232,828,0,0,0,828,A
4-HA,233,836,0,0,0,836,A
4-HA,234,837,0,0,0,837,A
4-HA,235,836,1,0,0,837,A
4-HA,236,836,0,0,0,836,A
4-HA,237,0,0,0,839,839,C
4-HA,238,0,831,0,0,831,T
4-HA,239,0,0,836,0,836,G
4-HA,240,0,0,0,836,836,C
4-HA,241,839,0,0,0,839,A
4-HA,242,0,1,0,866,867,C
4-HA,243,861,0,0,0,861,A
4-HA,244,0,0,1,979,980,C
4-HA,245,0,982,0,0,982,T
4-HA,246,998,0,0,0,998,A
4-HA,247,993,0,1,0,994,A
4-HA,248,0,999,0,2,1001,T
4-HA,249,1002,0,0,0,1002,A
4-HA,250,0,0,1002,0,1002,G
4-HA,251,983,2,1,0,986,A
4-HA,252,1,965,0,0,966,T
4-HA,253,2,1,935,0,938,G
4-HA,254,0,1,0,942,943,C
4-HA,255,0,946,1,1,948,T
4-HA,256,0,0,0,988,988,C
4-HA,257,0,991,0,0,991,T
4-HA,258,1007,0,0,0,1007,A
4-HA,259,0,1008,0,0,1008,T
4-HA,260,0,1004,0,1,1005,T
4-HA,261,1,1,1011,0,1013,G
4-HA,262,0,0,1008,0,1008,G
4-HA,263,0,2,1009,1,1012,G
4-HA,264,1005,0,1,0,1006,A
4-HA,265,0,1,987,0,988,G
4-HA,266,970,0,1,0,971,A
4-HA,267,0,0,0,1060,1060,C
4-HA,268,1,0,0,1075,1076,C
4-HA,269,0,0,0,1079,1079,C
4-HA,270,1,1081,0,1,1083,T
4-HA,271,0,0,0,1108,1108,C
4-HA,272,1103,0,1,1,1105,A
4-HA,273,0,1,1183,0,1184,G
4-HA,274,0,1178,0,0,1178,T
4-HA,275,0,5,1185,0,1190,G
4-HA,276,1,1146,0,2,1149,T
4-HA,277,0,12,1133,0,1145,G
4-HA,278,1138,5,0,0,1143,A
4-HA,279,0,1143,0,0,1143,T
4-HA,280,0,0,1131,0,1131,G
4-HA,281,0,0,1133,0,1133,G
4-HA,282,0,0,0,1115,1115,C
4-HA,283,1,1114,0,0,1115,T
4-HA,284,2,1110,0,0,1112,T
4-HA,285,1,0,0,1120,1121,C
4-HA,286,1,0,0,1119,1120,C
4-HA,287,1126,0,0,0,1126,A
4-HA,288,1127,0,0,0,1127,A
4-HA,289,1125,0,1,0,1126,A
4-HA,290,1148,0,0,0,1148,A
4-HA,291,0,1156,0,1,1157,T
4-HA,292,1155,0,0,0,1155,A
4-HA,293,1152,1,0,0,1153,A
4-HA,294,0,1150,0,0,1150,T
4-HA,295,1160,0,0,0,1160,A
4-HA,296,1164,0,0,0,1164,A
4-HA,297,1163,0,1,0,1164,A
4-HA,298,0,1165,0,0,1165,T
4-HA,299,0,0,1160,0,1160,G
4-HA,300,1,0,1156,0,1157,G
4-HA,301,2,1,1146,0,1149,G
4-HA,302,1153,0,2,0,1155,A
4-HA,303,0,0,0,1168,1168,C
4-HA,304,0,0,0,1165,1165,C
4-HA,305,0,1180,1,0,1181,T
4-HA,306,0,1181,0,0,1181,T
4-HA,307,0,1183,0,0,1183,T
4-HA,308,0,1195,0,1,1196,T
4-HA,309,0,1192,0,0,1192,T
4-HA,310,1,0,1197,0,1198,G
4-HA,311,0,1197,0,0,1197,T
4-HA,312,0,1192,0,1,1193,T
4-HA,313,0,0,1192,0,1192,G
4-HA,314,1188,0,1,1,1190,A
4-HA,315,1202,0,0,0,1202,A
4-HA,316,0,1,0,1198,1199,C
4-HA,317,1,0,1199,0,1200,G
4-HA,318,0,0,0,1217,1217,C
4-HA,319,1215,0,1,0,1216,A
4-HA,320,0,0,1225,0,1225,G
4-HA,321,0,0,0,1221,1221,C
4-HA,322,1223,0,0,0,1223,A
4-HA,323,1225,0,0,0,1225,A
4-HA,324,1217,1,0,0,1218,A
4-HA,325,1,0,1233,0,1234,G
4-HA,326,0,0,0,1236,1236,C
4-HA,327,0,1,0,1221,1222,C
4-HA,328,0,0,0,1215,1215,C
4-HA,329,1229,0,1,0,1230,A
4-HA,330,0,0,0,1251,1251,C
4-HA,331,1249,0,0,1,1250,A
4-HA,332,3,1,1249,0,1253,G
4-HA,333,0,0,0,1254,1254,C
4-HA,334,1243,0,0,0,1243,A
4-HA,335,1253,1,1,0,1255,A
4-HA,336,0,0,0,1301,1301,C
4-HA,337,0,1299,0,0,1299,T
4-HA,338,1,0,1303,0,1304,G
4-HA,339,0,1297,0,2,1299,T
4-HA,340,1,1297,0,0,1298,T
4-HA,341,1297,0,1,0,1298,A
4-HA,342,0,0,0,1401,1401,C
4-HA,343,0,0,0,1411,1411,C
4-HA,344,0,0,0,1440,1440,C
4-HA,345,0,1408,0,0,1408,T
4-HA,346,0,1406,0,1,1407,T
4-HA,347,1406,0,0,0,1406,A
4-HA,348,0,1408,0,0,1408,T
4-HA,349,0,0,1406,0,1406,G
4-HA,350,1404,0,1,0,1405,A
4-HA,351,0,1334,0,0,1334,T
4-HA,352,0,0,1342,0,1342,G
4-HA,353,2,1319,0,0,1321,T
4-HA,354,0,0,1321,1,1322,G
4-HA,355,0,2,0,1324,1326,C
4-HA,356,0,1,0,1325,1326,C
4-HA,357,0,0,1357,0,1357,G
4-HA,358,0,0,1373,0,1373,G
4-HA,359,1370,0,0,0,1370,A
4-HA,360,0,1374,0,0,1374,T
4-HA,361,0,1350,0,1,1351,T
4-HA,362,1361,0,0,0,1361,A
4-HA,363,0,1357,0,2,1359,T
4-HA,364,2,0,1361,0,1363,G
4-HA,365,0,1,0,1358,1359,C
4-HA,366,1,0,0,1343,1344,C
4-HA,367,0,1358,1,0,1359,T
4-HA,368,0,0,0,1431,1431,C
4-HA,369,0,1,0,1439,1440,C
4-HA,370,1,0,0,1443,1444,C
4-HA,371,2,1440,0,0,1442,T
4-HA,372,0,1444,0,0,1444,T
4-HA,373,1440,0,1,1,1442,A
4-HA,374,0,0,1468,0,1468,G
4-HA,375,0,0,1474,0,1474,G
4-HA,376,0,1459,0,0,1459,T
4-HA,377,2,0,0,1426,1428,C
4-HA,378,1410,0,0,0,1410,A
4-HA,379,0,0,0,1426,1426,C
4-HA,380,0,1430,0,0,1430,T
4-HA,381,1430,0,0,1,1431,A
4-HA,382,0,0,1426,0,1426,G
4-HA,383,0,1415,0,0,1415,T
4-HA,384,0,1409,0,1,1410,T
4-HA,385,2,0,1417,0,1419,G
4-HA,386,0,0,0,1421,1421,C
4-HA,387,0,0,0,1421,1421,C
4-HA,388,0,1397,0,4,1401,T
4-HA,389,0,0,0,1407,1407,C
4-HA,390,1467,0,0,0,1467,A
4-HA,391,0,1466,0,1,1467,T
4-HA,392,0,0,0,1469,1469,C
4-HA,393,0,1,0,1470,1471,C
4-HA,394,0,0,1463,0,1463,G
4-HA,395,1,0,1467,1,1469,G
4-HA,396,0,0,0,1474,1474,C
4-HA,397,1481,0,3,0,1484,A
4-HA,398,0,0,0,1499,1499,C
4-HA,399,1471,0,0,0,1471,A
4-HA,400,0,0,0,1481,1481,C
4-HA,401,2,1477,0,0,1479,T
4-HA,402,0,0,1487,0,1487,G
4-HA,403,0,1,1493,0,1494,G
4-HA,404,1493,0,2,0,1495,A
4-HA,405,1,0,1547,0,1548,G
4-HA,406,0,1530,1,0,1531,T
4-HA,407,0,1520,0,0,1520,T
4-HA,408,1,1490,0,36,1527,T
4-HA,409,1524,0,0,0,1524,A
4-HA,410,1523,0,1,0,1524,A
4-HA,411,0,0,0,1528,1528,C
4-HA,412,1504,0,0,0,1504,A
4-HA,413,1508,0,1,0,1509,A
4-HA,414,0,1496,0,1,1497,T
4-HA,415,0,0,1501,0,1501,G
4-HA,416,1498,1,1,0,1500,A
4-HA,417,1495,0,0,0,1495,A
4-HA,418,1501,0,1,0,1502,A
4-HA,419,0,0,1501,0,1501,G
4-HA,420,0,0,0,1502,1502,C
4-HA,421,0,1505,1,0,1506,T
4-HA,422,1,1508,0,0,1509,T
4-HA,423,0,0,0,1527,1527,C
4-HA,424,1524,0,2,0,1526,A
4-HA,425,1534,0,0,1,1535,A
4-HA,426,0,1535,0,0,1535,T
4-HA,427,0,1528,0,1,1529,T
4-HA,428,0,0,1562,0,1562,G
4-HA,429,0,1,1588,0,1589,G
4-HA,430,1586,2,3,0,1591,A
4-HA,431,0,0,0,1588,1588,C
4-HA,432,0,1583,0,0,1583,T
4-HA,433,0,1,1591,0,1592,G
4-HA,434,0,1,1601,0,1602,G
4-HA,435,1595,0,3,1,1599,A
4-HA,436,0,2,1605,0,1607,G
4-HA,437,1,1582,0,1,1584,T
4-HA,438,0,0,0,1566,1566,C
4-HA,439,1569,0,2,0,1571,A
4-HA,440,0,0,0,1577,1577,C
4-HA,441,0,1570,0,0,1570,T
4-HA,442,0,0,0,1575,1575,C
4-HA,443,1559,0,0,0,1559,A
4-HA,444,1580,0,0,0,1580,A
4-HA,445,1574,1,0,0,1575,A
4-HA,446,1579,0,1,0,1580,A
4-HA,447,0,0,0,1580,1580,C
4-HA,448,1,1,1569,0,1571,G
4-HA,449,0,0,1593,0,1593,G
4-HA,450,1595,0,0,0,1595,A
4-HA,451,1592,0,1,0,1593,A
4-HA,452,1,0,0,1595,1596,C
4-HA,453,1587,1,0,0,1588,A
4-HA,454,1602,0,0,1,1603,A
4-HA,455,2,0,1611,0,1613,G
4-HA,456,0,0,0,1614,1614,C
4-HA,457,0,1593,0,2,1595,T
4-HA,458,0,0,0,1601,1601,C
4-HA,459,0,1600,0,0,1600,T
4-HA,460,0,0,1606,0,1606,G
4-HA,461,0,0,0,1607,1607,C
4-HA,462,0,1606,0,0,1606,T
4-HA,463,0,1640,0,1,1641,T
4-HA,464,0,0,1670,0,1670,G
4-HA,465,0,0,0,1685,1685,C
4-HA,466,1686,0,0,0,1686,A
4-HA,467,0,1665,0,0,1665,T
4-HA,468,1657,0,0,0,1657,A
4-HA,469,1650,0,1,0,1651,A
4-HA,470,0,3,1646,1,1650,G
4-HA,471,0,0,1652,0,1652,G
4-HA,472,1586,0,0,0,1586,A
4-HA,473,1,1,1567,0,1569,G
4-HA,474,1552,0,1,0,1553,A
4-HA,475,2,1588,0,0,1590,T
4-HA,476,1,0,0,1602,1603,C
4-HA,477,0,1601,0,0,1601,T
4-HA,478,1600,0,0,0,1600,A
4-HA,479,1601,0,0,0,1601,A
4-HA,480,1584,1,0,0,1585,A
4-HA,481,1586,0,0,0,1586,A
4-HA,482,1588,0,1,0,1589,A
4-HA,483,0,0,0,1593,1593,C
4-HA,484,1561,0,0,0,1561,A
4-HA,485,0,0,1570,0,1570,G
4-HA,486,0,1563,0,1,1564,T
4-HA,487,0,1591,0,0,1591,T
4-HA,488,0,1594,0,0,1594,T
4-HA,489,0,0,0,1625,1625,C
4-HA,490,0,1626,0,0,1626,T
4-HA,491,1,1632,0,0,1633,T
4-HA,492,0,1630,0,0,1630,T
4-HA,493,1631,0,0,0,1631,A
4-HA,494,0,0,1633,0,1633,G
4-HA,495,0,1629,0,0,1629,T
4-HA,496,1612,0,1,0,1613,A
4-HA,497,0,0,1626,0,1626,G
4-HA,498,1604,0,2,0,1606,A
4-HA,499,0,1611,0,0,1611,T
4-HA,500,0,1607,1,0,1608,T
4-HA,501,1,0,1621,0,1622,G
4-HA,502,1621,0,0,0,1621,A
4-HA,503,1624,0,0,0,1624,A
4-HA,504,0,1625,0,0,1625,T
4-HA,505,1,1606,0,0,1607,T
4-HA,506,0,0,1622,0,1622,G
4-HA,507,1,0,1612,0,1613,G
4-HA,508,0,1619,0,2,1621,T
4-HA,509,1,1619,0,1,1621,T
4-HA,510,1,0,1600,0,1601,G
4-HA,511,1609,0,1,0,1610,A
4-HA,512,0,0,0,1607,1607,C
4-HA,513,0,0,0,1605,1605,C
4-HA,514,0,1,0,1621,1622,C
4-HA,515,1628,0,0,0,1628,A
4-HA,516,0,0,0,1630,1630,C
4-HA,517,1,1624,0,4,1629,T
4-HA,518,0,1626,0,1,1627,T
4-HA,519,1626,0,0,0,1626,A
4-HA,520,1620,0,0,0,1620,A
4-HA,521,1615,0,2,0,1617,A
4-HA,522,0,0,0,1580,1580,C
4-HA,523,0,1629,0,0,1629,T
4-HA,524,0,1629,0,0,1629,T
4-HA,525,0,0,0,1638,1638,C
4-HA,526,1640,0,0,0,1640,A
4-HA,527,1641,0,0,0,1641,A
4-HA,528,1642,0,1,0,1643,A
4-HA,529,0,1645,0,0,1645,T
4-HA,530,1663,1,0,0,1664,A
4-HA,531,0,0,0,1658,1658,C
4-HA,532,0,0,0,1635,1635,C
4-HA,533,0,0,1,1638,1639,C
4-HA,534,1625,1,0,0,1626,A
4-HA,535,0,0,1696,0,1696,G
4-HA,536,0,0,0,1702,1702,C
4-HA,537,1701,0,1,0,1702,A
4-HA,538,0,1700,0,0,1700,T
4-HA,539,0,1678,0,0,1678,T
4-HA,540,0,0,1724,0,1724,G
4-HA,541,1732,0,0,1,1733,A
4-HA,542,1729,0,1,0,1730,A
4-HA,543,1,0,0,1735,1736,C
4-HA,544,0,0,1688,0,1688,G
4-HA,545,0,1710,0,0,1710,T
4-HA,546,1,1,1708,0,1710,G
4-HA,547,1717,0,0,0,1717,A
4-HA,548,0,0,0,1707,1707,C
4-HA,549,0,1660,0,0,1660,T
4-HA,550,1704,1,0,0,1705,A
4-HA,551,1,1695,0,1,1697,T
4-HA,552,0,0,1722,0,1722,G
4-HA,553,0,3,0,1717,1720,C
4-HA,554,1,2,0,1695,1698,C
4-HA,555,1700,0,0,0,1700,A
4-HA,556,1695,0,0,0,1695,A
4-HA,557,1716,1,0,0,1717,A
4-HA,558,1,0,0,1725,1726,C
4-HA,559,1680,0,0,0,1680,A
4-HA,560,1689,0,0,0,1689,A
4-HA,561,0,1670,0,0,1670,T
4-HA,562,0,0,1674,0,1674,G
4-HA,563,1674,0,0,0,1674,A
4-HA,564,1663,0,0,0,1663,A
4-HA,565,0,0,0,1641,1641,C
4-HA,566,1651,0,0,0,1651,A
4-HA,567,1668,0,0,0,1668,A
4-HA,568,0,1668,0,0,1668,T
4-HA,569,1,1666,1,1,1669,T
4-HA,570,0,1669,0,0,1669,T
4-HA,571,0,1,1665,0,1666,G
4-HA,572,1662,3,1,0,1666,A
4-HA,573,0,0,0,1666,1666,C
4-HA,574,1669,0,0,1,1670,A
4-HA,575,1671,0,0,1,1672,A
4-HA,576,1679,0,1,1,1681,A
4-HA,577,1,1689,0,0,1690,T
4-HA,578,0,1689,0,1,1690,T
4-HA,579,2,0,1706,0,1708,G
4-HA,580,0,1704,0,0,1704,T
4-HA,581,1704,0,0,1,1705,A
4-HA,582,0,1,0,1737,1738,C
4-HA,583,1759,0,1,0,1760,A
4-HA,584,0,1793,0,0,1793,T
4-HA,585,0,1766,0,1,1767,T
4-HA,586,1,1763,0,3,1767,T
4-HA,587,0,1,1756,1,1758,G
4-HA,588,0,0,1753,0,1753,G
4-HA,589,1,0,1759,0,1760,G
4-HA,590,0,1,1758,0,1759,G
4-HA,591,0,0,1732,0,1732,G
4-HA,592,0,0,1774,0,1774,G
4-HA,593,0,1757,0,5,1762,T
4-HA,594,0,1775,0,1,1776,T
4-HA,595,0,0,0,1773,1773,C
4-HA,596,1777,0,2,0,1779,A
4-HA,597,1,0,0,1786,1787,C
4-HA,598,0,1,0,1782,1783,C
4-HA,599,1780,0,0,0,1780,A
4-HA,600,0,0,0,1792,1792,C
4-HA,601,0,1,0,1771,1772,C
4-HA,602,2,0,0,1757,1759,C
4-HA,603,0,1,1756,0,1757,G
4-HA,604,1,1,1783,1,1786,G
4-HA,605,1,1,1798,0,1800,G
4-HA,606,0,1792,0,0,1792,T
4-HA,607,1797,0,1,0,1798,A
4-HA,608,0,2,0,1781,1783,C
4-HA,609,2,0,1762,1,1765,G
4-HA,610,0,0,1811,1,1812,G
4-HA,611,1814,0,0,0,1814,A
4-HA,612,0,0,0,1815,1815,C
4-HA,613,1777,0,0,0,1777,A
4-HA,614,1771,0,1,0,1772,A
4-HA,615,1774,0,0,0,1774,A
4-HA,616,0,1,1798,0,1799,G
4-HA,617,1795,0,3,0,1798,A
4-HA,618,0,0,0,1797,1797,C
4-HA,619,0,0,0,1769,1769,C
4-HA,620,1780,0,0,0,1780,A
4-HA,621,1778,0,0,0,1778,A
4-HA,622,1798,0,0,0,1798,A
4-HA,623,1,1802,0,0,1803,T
4-HA,624,1,0,0,1819,1820,C
4-HA,625,0,1762,1,1,1764,T
4-HA,626,0,1761,0,1,1762,T
4-HA,627,0,0,0,1774,1774,C
4-HA,628,1,1,0,1782,1784,C
4-HA,629,0,1773,0,2,1775,T
4-HA,630,1,0,1793,0,1794,G
4-HA,631,1,1766,0,2,1769,T
4-HA,632,1783,0,0,0,1783,A
4-HA,633,1,1763,0,1,1765,T
4-HA,634,2,0,1773,0,1775,G
4-HA,635,0,0,0,1785,1785,C
4-HA,636,1,1766,0,2,1769,T
4-HA,637,0,3,0,1763,1766,C
4-HA,638,1770,0,2,0,1772,A
4-HA,639,1758,0,1,0,1759,A
4-HA,640,0,0,1766,0,1766,G
4-HA,641,0,0,0,1773,1773,C
4-HA,642,1769,0,1,0,1770,A
4-HA,643,0,1762,0,0,1762,T
4-HA,644,0,0,0,1749,1749,C
4-HA,645,1745,1,1,0,1747,A
4-HA,646,0,0,1760,0,1760,G
4-HA,647,0,0,1760,0,1760,G
4-HA,648,1764,0,1,0,1765,A
4-HA,649,1757,0,0,0,1757,A
4-HA,650,0,0,1835,0,1835,G
4-HA,651,1836,0,0,0,1836,A
4-HA,652,1851,0,0,2,1853,A
4-HA,653,0,1873,0,3,1876,T
4-HA,654,0,0,0,1875,1875,C
4-HA,655,1870,0,0,0,1870,A
4-HA,656,0,0,0,1869,1869,C
4-HA,657,1860,0,0,0,1860,A
4-HA,658,0,0,1895,0,1895,G
4-HA,659,0,1869,0,1,1870,T
4-HA,660,1,0,0,1881,1882,C
4-HA,661,1,1859,0,2,1862,T
4-HA,662,0,0,0,1899,1899,C
4-HA,663,0,1902,0,2,1904,T
4-HA,664,1925,0,0,0,1925,A
4-HA,665,0,0,1,1924,1925,C
4-HA,666,0,0,0,1921,1921,C
4-HA,667,1893,0,1,0,1894,A
4-HA,668,1904,0,0,0,1904,A
4-HA,669,1896,0,0,0,1896,A
4-HA,670,1897,1,0,0,1898,A
4-HA,671,0,0,1918,0,1918,G
4-HA,672,1873,0,1,0,1874,A
4-HA,673,1867,0,0,0,1867,A
4-HA,674,1,0,1869,0,1870,G
4-HA,675,1,0,0,1870,1871,C
4-HA,676,0,0,0,1881,1881,C
4-HA,677,1873,0,2,1,1876,A
4-HA,678,1869,14,1,0,1884,A
4-HA,679,0,0,0,1884,1884,C
4-HA,680,1882,0,0,0,1882,A
4-HA,681,1872,0,0,14,1886,A
4-HA,682,1915,0,1,1,1917,A
4-HA,683,0,0,0,1994,1994,C
4-HA,684,0,1973,0,0,1973,T
4-HA,685,0,1,1994,0,1995,G
4-HA,686,0,1989,0,0,1989,T
4-HA,687,1983,0,0,2,1985,A
4-HA,688,1986,0,3,0,1989,A
4-HA,689,1,1979,0,0,1980,T
4-HA,690,0,0,0,1981,1981,C
4-HA,691,1,0,0,1989,1990,C
4-HA,692,1,1,0,1949,1951,C
4-HA,693,0,0,1961,0,1961,G
4-HA,694,1954,2,0,0,1956,A
4-HA,695,1953,1,1,0,1955,A
4-HA,696,0,1959,0,0,1959,T
4-HA,697,1958,0,0,0,1958,A
4-HA,698,0,1954,0,0,1954,T
4-HA,699,1,0,0,1943,1944,C
4-HA,700,1,1,1941,0,1943,G
4-HA,701,0,0,2002,0,2002,G
4-HA,702,1992,1,2,0,1995,A
4-HA,703,0,2017,0,1,2018,T
4-HA,704,0,0,0,2017,2017,C
4-HA,705,0,2015,0,1,2016,T
4-HA,706,2010,0,0,0,2010,A
4-HA,707,0,0,2022,0,2022,G
4-HA,708,2025,0,2,1,2028,A
4-HA,709,0,0,0,2025,2025,C
4-HA,710,0,0,0,1969,1969,C
4-HA,711,0,1,0,1964,1965,C
4-HA,712,1957,0,0,0,1957,A
4-HA,713,1,0,2057,0,2058,G
4-HA,714,2051,0,1,0,2052,A
4-HA,715,0,0,2097,0,2097,G
4-HA,716,1,2074,0,1,2076,T
4-HA,717,2066,0,0,0,2066,A
4-HA,718,2063,0,1,0,2064,A
4-HA,719,0,0,2090,0,2090,G
4-HA,720,1,1,2106,0,2108,G
4-HA,721,2099,0,0,1,2100,A
4-HA,722,1960,0,0,0,1960,A
4-HA,723,0,1952,0,4,1956,T
4-HA,724,1949,2,0,0,1951,A
4-HA,725,0,1936,0,1,1937,T
4-HA,726,0,1,0,1971,1972,C
4-HA,727,1,0,0,1961,1962,C
4-HA,728,2,0,0,1942,1944,C
4-HA,729,0,1939,0,1,1940,T
4-HA,730,1945,0,0,0,1945,A
4-HA,731,1,0,1952,0,1953,G
4-HA,732,0,0,0,1951,1951,C
4-HA,733,1912,2,1,0,1915,A
4-HA,734,1,1,1964,0,1966,G
4-HA,735,1946,0,0,1,1947,A
4-HA,736,1951,0,0,0,1951,A
4-HA,737,0,1953,0,0,1953,T
4-HA,738,1947,0,0,0,1947,A
4-HA,739,1949,0,1,0,1950,A
4-HA,740,1,0,1947,0,1948,G
4-HA,741,0,1,0,1952,1953,C
4-HA,742,1952,0,0,0,1952,A
4-HA,743,0,1899,0,1,1900,T
4-HA,744,0,0,0,1980,1980,C
4-HA,745,0,1976,0,0,1976,T
4-HA,746,1982,1,0,0,1983,A
4-HA,747,0,1979,0,2,1981,T
4-HA,748,1,1977,0,0,1978,T
4-HA,749,0,0,1989,0,1989,G
4-HA,750,1,0,1983,0,1984,G
4-HA,751,1981,2,2,0,1985,A
4-HA,752,0,0,0,1978,1978,C
4-HA,753,1845,1,0,0,1846,A
4-HA,754,1866,2,1,0,1869,A
4-HA,755,0,1926,0,0,1926,T
4-HA,756,1947,0,1,0,1948,A
4-HA,757,1,0,1961,0,1962,G
4-HA,758,0,1941,0,1,1942,T
4-HA,759,1943,0,0,0,1943,A
4-HA,760,1947,0,0,0,1947,A
4-HA,761,1958,0,1,0,1959,A
4-HA,762,1968,0,2,0,1970,A
4-HA,763,1,0,0,1984,1985,C
4-HA,764,0,1,0,1884,1885,C
4-HA,765,0,0,1881,0,1881,G
4-HA,766,0,0,1893,0,1893,G
4-HA,767,0,0,1911,0,1911,G
4-HA,768,1908,0,1,0,1909,A
4-HA,769,0,0,1926,0,1926,G
4-HA,770,1954,0,2,0,1956,A
4-HA,771,0,0,1,1950,1951,C
4-HA,772,1949,1,1,0,1951,A
4-HA,773,0,1954,0,1,1955,T
4-HA,774,1965,0,1,0,1966,A
4-HA,775,0,0,0,1994,1994,C
4-HA,776,0,1989,0,0,1989,T
4-HA,777,0,1991,0,1,1992,T
4-HA,778,0,2007,0,0,2007,T
4-HA,779,0,1997,0,0,1997,T
4-HA,780,0,0,2022,0,2022,G
4-HA,781,2032,0,0,1,2033,A
4-HA,782,0,2029,0,1,2030,T
4-HA,783,0,2083,0,3,2086,T
4-HA,784,2080,0,0,1,2081,A
4-HA,785,2090,1,1,0,2092,A
4-HA,786,1,0,0,2108,2109,C
4-HA,787,2107,0,0,0,2107,A
4-HA,788,0,0,2203,0,2203,G
4-HA,789,0,1,0,2186,2187,C
4-HA,790,2185,1,1,1,2188,A
4-HA,791,0,0,0,2206,2206,C
4-HA,792,2190,2,1,0,2193,A
4-HA,793,0,0,2221,0,2221,G
4-HA,794,0,1,2214,0,2215,G
4-HA,795,0,2,2274,0,2276,G
4-HA,796,2271,0,1,0,2272,A
4-HA,797,2288,0,0,0,2288,A
4-HA,798,0,2290,0,0,2290,T
4-HA,799,1,0,0,2289,2290,C
4-HA,800,1,2308,1,0,2310,T
4-HA,801,2311,0,2,1,2314,A
4-HA,802,2304,0,0,0,2304,A
4-HA,803,0,2294,0,0,2294,T
4-HA,804,0,2249,0,0,2249,T
4-HA,805,1,0,2278,0,2279,G
4-HA,806,0,0,0,2335,2335,C
4-HA,807,0,2438,0,1,2439,T
4-HA,808,2,0,0,2494,2496,C
4-HA,809,0,0,0,2498,2498,C
4-HA,810,0,2492,0,0,2492,T
4-HA,811,2497,2,1,0,2500,A
4-HA,812,0,1,2499,0,2500,G
4-HA,813,1,2,2511,0,2514,G
4-HA,814,2,0,2520,0,2522,G
4-HA,815,0,0,2493,0,2493,G
4-HA,816,0,2439,0,0,2439,T
4-HA,817,0,2421,0,0,2421,T
4-HA,818,2421,0,1,0,2422,A
4-HA,819,0,1,0,2458,2459,C
4-HA,820,0,2461,0,0,2461,T
4-HA,821,2,2481,0,0,2483,T
4-HA,822,1,1,0,2473,2475,C
4-HA,823,2458,2,0,0,2460,A
4-HA,824,2461,0,0,1,2462,A
4-HA,825,2469,0,0,0,2469,A
4-HA,826,2474,0,0,0,2474,A
4-HA,827,0,2478,0,0,2478,T
4-HA,828,2459,1,0,0,2460,A
4-HA,829,0,0,0,2459,2459,C
4-HA,830,0,0,2456,0,2456,G
4-HA,831,2464,0,0,0,2464,A
4-HA,832,2461,0,0,0,2461,A
4-HA,833,0,0,2490,0,2490,G
4-HA,834,0,2490,0,0,2490,T
4-HA,835,2,1,2501,0,2504,G
4-HA,836,2,1,2510,0,2513,G
4-HA,837,0,2,2520,0,2522,G
4-HA,838,2520,1,1,0,2522,A
4-HA,839,2521,0,0,0,2521,A
4-HA,840,2513,0,3,0,2516,A
4-HA,841,2502,0,6,0,2508,A
4-HA,842,0,0,2556,0,2556,G
4-HA,843,0,0,0,2554,2554,C
4-HA,844,0,2540,0,1,2541,T
4-HA,845,0,0,0,2568,2568,C
4-HA,846,2565,0,0,0,2565,A
4-HA,847,2585,0,1,0,2586,A
4-HA,848,1,2579,0,0,2580,T
4-HA,849,2606,0,0,0,2606,A
4-HA,850,2599,0,0,0,2599,A
4-HA,851,1,2568,0,1,2570,T
4-HA,852,0,0,2574,0,2574,G
4-HA,853,2567,1,1,0,2569,A
4-HA,854,0,1,2643,0,2644,G
4-HA,855,2642,1,1,0,2644,A
4-HA,856,0,2619,0,0,2619,T
4-HA,857,1,2,0,2674,2677,C
4-HA,858,2668,0,1,0,2669,A
4-HA,859,0,0,2720,0,2720,G
4-HA,860,2719,0,1,0,2720,A
4-HA,861,1,2709,0,0,2710,T
4-HA,862,1,0,2708,0,2709,G
4-HA,863,0,0,1,2678,2679,C
4-HA,864,2678,0,3,0,2681,A
4-HA,865,0,0,0,2731,2731,C
4-HA,866,0,3,0,2704,2707,C
4-HA,867,0,0,0,2710,2710,C
4-HA,868,2684,0,0,0,2684,A
4-HA,869,0,2679,0,1,2680,T
4-HA,870,1,2672,1,3,2677,T
4-HA,871,2,0,2710,0,2712,G
4-HA,872,0,0,2704,0,2704,G
4-HA,873,0,2,0,2696,2698,C
4-HA,874,2669,0,2,0,2671,A
4-HA,875,2659,0,1,0,2660,A
4-HA,876,2719,0,2,0,2721,A
4-HA,877,0,2719,0,0,2719,T
4-HA,878,0,0,2723,1,2724,G
4-HA,879,0,0,0,2722,2722,C
4-HA,880,2700,0,1,0,2701,A
4-HA,881,2759,1,0,0,2760,A
4-HA,882,0,2766,0,0,2766,T
4-HA,883,1,2778,0,0,2779,T
4-HA,884,0,0,0,2784,2784,C
4-HA,885,0,2752,0,1,2753,T
4-HA,886,1,1,2777,0,2779,G
4-HA,887,2773,2,0,0,2775,A
4-HA,888,2788,1,0,0,2789,A
4-HA,889,0,2787,0,0,2787,T
4-HA,890,0,0,2764,0,2764,G
4-HA,891,0,0,0,2778,2778,C
4-HA,892,2766,1,0,0,2767,A
4-HA,893,2,2767,0,0,2769,T
4-HA,894,0,1,0,2764,2765,C
4-HA,895,2758,0,3,0,2761,A
4-HA,896,0,0,0,2854,2854,C
4-HA,897,1,2843,0,2,2846,T
4-HA,898,0,0,0,2847,2847,C
4-HA,899,1,0,0,2844,2845,C
4-HA,900,2864,0,1,0,2865,A
4-HA,901,2863,0,1,0,2864,A
4-HA,902,2860,0,0,0,2860,A
4-HA,903,0,2763,0,1,2764,T
4-HA,904,1,1,2781,1,2784,G
4-HA,905,0,0,2792,0,2792,G
4-HA,906,2792,1,1,0,2794,A
4-HA,907,2784,0,0,1,2785,A
4-HA,908,0,0,2794,0,2794,G
4-HA,909,0,0,0,2775,2775,C
4-HA,910,2775,0,0,0,2775,A
4-HA,911,1,2780,0,0,2781,T
4-HA,912,0,2771,0,4,2775,T
4-HA,913,1,0,0,2855,2856,C
4-HA,914,2,2,0,2845,2849,C
4-HA,915,1,5,0,2846,2852,C
4-HA,916,2847,1,0,0,2848,A
4-HA,917,2883,0,2,0,2885,A
4-HA,918,0,2936,0,1,2937,T
4-HA,919,0,0,2934,0,2934,G
4-HA,920,2933,1,1,0,2935,A
4-HA,921,0,1,0,2943,2944,C
4-HA,922,2887,0,1,0,2888,A
4-HA,923,2892,0,1,0,2893,A
4-HA,924,2888,0,3,0,2891,A
4-HA,925,0,1,0,2903,2904,C
4-HA,926,0,0,0,2870,2870,C
4-HA,927,2805,0,1,1,2807,A
4-HA,928,0,2813,1,4,2818,T
4-HA,929,1,2804,0,7,2812,T
4-HA,930,1,0,0,2826,2827,C
4-HA,931,0,1,0,2831,2832,C
4-HA,932,2830,0,1,0,2831,A
4-HA,933,2824,1,1,1,2827,A
4-HA,934,2814,0,1,0,2815,A
4-HA,935,2848,0,0,0,2848,A
4-HA,936,0,2839,0,0,2839,T
4-HA,937,2,0,2854,0,2856,G
4-HA,938,0,2852,0,0,2852,T
4-HA,939,2861,0,0,0,2861,A
4-HA,940,2863,0,1,0,2864,A
4-HA,941,2856,0,5,2,2863,A
4-HA,942,0,0,0,2871,2871,C
4-HA,943,2841,0,0,0,2841,A
4-HA,944,0,3,2889,0,2892,G
4-HA,945,0,2,2897,0,2899,G
4-HA,946,2948,1,2,0,2951,A
4-HA,947,2,2947,0,0,2949,T
4-HA,948,0,2,0,2975,2977,C
4-HA,949,2998,0,2,0,3000,A
4-HA,950,0,2,0,3083,3085,C
4-HA,951,3080,1,2,0,3083,A
4-HA,952,0,3170,0,1,3171,T
4-HA,953,3111,1,0,0,3112,A
4-HA,954,0,0,0,3095,3095,C
4-HA,955,2,1,3008,0,3011,G
4-HA,956,0,1,2995,0,2996,G
4-HA,957,0,1,2962,1,2964,G
4-HA,958,2,1,2967,0,2970,G
4-HA,959,0,0,0,2916,2916,C
4-HA,960,0,2,0,2904,2906,C
4-HA,961,0,2862,0,2,2864,T
4-HA,962,0,0,3103,0,3103,G
4-HA,963,2,3108,0,2,3112,T
4-HA,964,1,0,0,3120,3121,C
4-HA,965,0,1,0,3116,3117,C
4-HA,966,0,0,0,3123,3123,C
4-HA,967,3109,0,0,0,3109,A
4-HA,968,0,1,3133,0,3134,G
4-HA,969,3122,0,3,0,3125,A
4-HA,970,2,3117,1,0,3120,T
4-HA,971,2909,0,1,0,2910,A
4-HA,972,0,2863,0,0,2863,T
4-HA,973,1,1,2878,0,2880,G
4-HA,974,1,2873,0,1,2875,T
4-HA,975,1,2834,0,1,2836,T
4-HA,976,2858,0,0,0,2858,A
4-HA,977,2824,0,0,0,2824,A
4-HA,978,3,9,2842,0,2854,G
4-HA,979,0,1,0,2843,2844,C
4-HA,980,2810,0,0,0,2810,A
4-HA,981,2803,3,2,1,2809,A
4-HA,982,2782,0,2,0,2784,A
4-HA,983,2793,0,1,0,2794,A
4-HA,984,0,0,0,2796,2796,C
4-HA,985,2764,0,0,0,2764,A
4-HA,986,0,0,0,2785,2785,C
4-HA,987,1,2737,0,1,2739,T
4-HA,988,1,0,0,2762,2763,C
4-HA,989,1,2758,0,2,2761,T
4-HA,990,0,1,2774,0,2775,G
4-HA,991,2771,2,1,0,2774,A
4-HA,992,2763,0,1,0,2764,A
4-HA,993,2771,0,1,0,2772,A
4-HA,994,0,2753,0,0,2753,T
4-HA,995,1,2730,0,1,2732,T
4-HA,996,0,0,2763,0,2763,G
4-HA,997,1,1,2753,0,2755,G
4-HA,998,0,2,0,2756,2758,C
4-HA,999,2742,1,1,0,2744,A
4-HA,1000,2748,0,0,0,2748,A
4-HA,1001,0,0,0,2755,2755,C
4-HA,1002,2745,0,2,0,2747,A
4-HA,1003,1,1,2778,0,2780,G
4-HA,1004,0,1,2761,1,2763,G
4-HA,1005,0,0,2754,1,2755,G
4-HA,1006,2755,0,1,0,2756,A
4-HA,1007,0,2732,0,3,2735,T
4-HA,1008,1,0,2737,0,2738,G
4-HA,1009,0,1,0,2741,2742,C
4-HA,1010,0,1,2739,0,2740,G
4-HA,1011,2759,0,1,0,2760,A
4-HA,1012,2717,1,0,0,2718,A
4-HA,1013,2732,0,0,0,2732,A
4-HA,1014,0,2703,1,1,2705,T
4-HA,1015,0,2,2735,0,2737,G
4-HA,1016,1,2732,0,6,2739,T
4-HA,1017,2721,1,9,0,2731,A
4-HA,1018,0,1,0,2721,2722,C
4-HA,1019,0,1,0,2719,2720,C
4-HA,1020,2680,0,0,0,2680,A
4-HA,1021,0,0,2685,0,2685,G
4-HA,1022,2631,0,0,0,2631,A
4-HA,1023,0,0,2658,0,2658,G
4-HA,1024,2600,0,0,0,2600,A
4-HA,1025,2598,0,1,0,2599,A
4-HA,1026,2606,0,0,0,2606,A
4-HA,1027,0,0,0,2599,2599,C
4-HA,1028,2519,1,0,0,2520,A
4-HA,1029,2576,0,1,0,2577,A
4-HA,1030,2563,0,0,0,2563,A
4-HA,1031,0,1,0,2584,2585,C
4-HA,1032,0,2551,0,0,2551,T
4-HA,1033,2481,0,1,0,2482,A
4-HA,1034,0,0,2493,0,2493,G
4-HA,1035,2465,0,3,1,2469,A
4-HA,1036,0,1,2538,0,2539,G
4-HA,1037,0,1,2535,0,2536,G
4-HA,1038,0,0,0,2496,2496,C
4-HA,1039,2523,0,1,0,2524,A
4-HA,1040,0,2540,0,1,2541,T
4-HA,1041,2549,0,0,0,2549,A
4-HA,1042,0,2533,1,2,2536,T
4-HA,1043,0,2536,0,0,2536,T
4-HA,1044,2420,1,4,0,2425,A
4-HA,1045,0,0,2428,0,2428,G
4-HA,1046,0,0,2436,0,2436,G
4-HA,1047,0,1,0,2435,2436,C
4-HA,1048,1,1,2394,0,2396,G
4-HA,1049,0,1,0,2371,2372,C
4-HA,1050,2359,0,0,0,2359,A
4-HA,1051,2389,0,0,0,2389,A
4-HA,1052,0,2374,0,0,2374,T
4-HA,1053,0,0,0,2382,2382,C
4-HA,1054,0,0,2383,0,2383,G
4-HA,1055,0,1,0,2370,2371,C
4-HA,1056,3,0,2373,0,2376,G
4-HA,1057,1,1,2379,1,2382,G
4-HA,1058,54,1,2336,0,2391,G
4-HA,1059,0,2389,0,1,2390,T
4-HA,1060,0,2374,0,0,2374,T
4-HA,1061,0,2370,1,1,2372,T
4-HA,1062,0,0,0,2377,2377,C
4-HA,1063,2393,0,0,0,2393,A
4-HA,1064,0,2394,0,1,2395,T
4-HA,1065,2389,0,1,0,2390,A
4-HA,1066,1,0,2425,0,2426,G
4-HA,1067,2372,0,0,1,2373,A
4-HA,1068,2387,0,1,0,2388,A
4-HA,1069,2388,1,0,0,2389,A
4-HA,1070,2406,0,0,0,2406,A
4-HA,1071,0,2409,0,0,2409,T
4-HA,1072,1,1,2446,0,2448,G
4-HA,1073,0,0,2458,0,2458,G
4-HA,1074,0,2442,0,0,2442,T
4-HA,1075,1,2406,1,2,2410,T
4-HA,1076,2,2,2411,0,2415,G
4-HA,1077,1,0,2461,0,2462,G
4-HA,1078,3,0,2479,0,2482,G
4-HA,1079,2474,1,2,0,2477,A
4-HA,1080,0,1,2507,0,2508,G
4-HA,1081,1,0,2494,0,2495,G
4-HA,1082,1,0,2568,0,2569,G
4-HA,1083,2557,0,2,0,2559,A
4-HA,1084,2591,0,0,0,2591,A
4-HA,1085,0,2584,0,1,2585,T
4-HA,1086,0,1,2598,0,2599,G
4-HA,1087,0,0,2647,0,2647,G
4-HA,1088,1,2611,0,1,2613,T
4-HA,1089,0,1,2602,1,2604,G
4-HA,1090,0,2,2593,0,2595,G
4-HA,1091,2546,0,3,0,2549,A
4-HA,1092,0,2549,0,1,2550,T
4-HA,1093,0,0,2595,1,2596,G
4-HA,1094,1,0,2634,1,2636,G
4-HA,1095,0,2603,0,0,2603,T
4-HA,1096,1,2545,0,0,2546,T
4-HA,1097,1,0,2546,0,2547,G
4-HA,1098,0,0,2591,1,2592,G
4-HA,1099,0,2595,0,0,2595,T
4-HA,1100,2593,0,0,0,2593,A
4-HA,1101,0,1,0,2495,2496,C
4-HA,1102,1,2,2509,0,2512,G
4-HA,1103,1,0,2594,0,2595,G
4-HA,1104,0,2594,0,2,2596,T
4-HA,1105,0,2586,0,0,2586,T
4-HA,1106,0,2586,0,0,2586,T
4-HA,1107,1,2,0,2555,2558,C
4-HA,1108,2553,1,3,0,2557,A
4-HA,1109,0,0,2553,0,2553,G
4-HA,1110,1,0,2553,0,2554,G
4-HA,1111,1,1,0,2544,2546,C
4-HA,1112,2474,1,0,0,2475,A
4-HA,1113,0,2497,0,1,2498,T
4-HA,1114,0,1,0,2497,2498,C
4-HA,1115,2505,0,3,0,2508,A
4-HA,1116,2503,0,1,0,2504,A
4-HA,1117,2507,0,0,1,2508,A
4-HA,1118,2523,1,0,0,2524,A
4-HA,1119,1,2517,0,0,2518,T
4-HA,1120,1,2517,0,1,2519,T
4-HA,1121,0,0,0,2519,2519,C
4-HA,1122,0,2512,0,0,2512,T
4-HA,1123,1,0,2515,0,2516,G
4-HA,1124,2510,0,1,0,2511,A
4-HA,1125,0,0,2530,0,2530,G
4-HA,1126,2,1,2531,0,2534,G
4-HA,1127,1,2,2547,0,2550,G
4-HA,1128,2544,0,0,0,2544,A
4-HA,1129,2539,0,0,0,2539,A
4-HA,1130,1,0,2522,0,2523,G
4-HA,1131,2566,0,3,0,2569,A
4-HA,1132,0,0,2582,0,2582,G
4-HA,1133,0,0,2587,1,2588,G
4-HA,1134,2572,1,5,0,2578,A
4-HA,1135,0,2,0,2579,2581,C
4-HA,1136,2561,0,0,0,2561,A
4-HA,1137,2562,0,3,0,2565,A
4-HA,1138,0,0,2560,0,2560,G
4-HA,1139,1,0,0,2574,2575,C
4-HA,1140,2539,1,1,0,2541,A
4-HA,1141,1,0,2552,0,2553,G
4-HA,1142,0,0,0,2543,2543,C
4-HA,1143,2538,0,0,0,2538,A
4-HA,1144,0,0,2555,0,2555,G
4-HA,1145,2543,0,1,0,2544,A
4-HA,1146,0,2589,0,0,2589,T
4-HA,1147,1,0,0,2615,2616,C
4-HA,1148,0,2592,0,4,2596,T
4-HA,1149,0,0,1,2618,2619,C
4-HA,1150,2611,1,0,0,2612,A
4-HA,1151,2616,1,3,0,2620,A
4-HA,1152,2617,1,0,0,2618,A
4-HA,1153,2570,0,0,0,2570,A
4-HA,1154,2,0,2567,0,2569,G
4-HA,1155,0,1,1,2517,2519,C
4-HA,1156,2509,0,2,0,2511,A
4-HA,1157,0,0,0,2564,2564,C
4-HA,1158,0,2545,0,2,2547,T
4-HA,1159,0,0,0,2553,2553,C
4-HA,1160,2556,0,0,1,2557,A
4-HA,1161,2597,0,1,0,2598,A
4-HA,1162,1,0,2596,1,2598,G
4-HA,1163,0,1,0,2586,2587,C
4-HA,1164,2573,0,0,0,2573,A
4-HA,1165,1,0,2582,0,2583,G
4-HA,1166,0,4,0,2532,2536,C
4-HA,1167,2534,0,1,0,2535,A
4-HA,1168,2530,0,1,0,2531,A
4-HA,1169,1,2525,0,0,2526,T
4-HA,1170,0,0,0,2464,2464,C
4-HA,1171,1,0,2467,0,2468,G
4-HA,1172,2466,1,1,0,2468,A
4-HA,1173,2,2456,0,0,2458,T
4-HA,1174,1,0,0,2444,2445,C
4-HA,1175,2430,3,1,0,2434,A
4-HA,1176,2490,0,0,0,2490,A
4-HA,1177,2491,0,0,0,2491,A
4-HA,1178,0,2490,0,1,2491,T
4-HA,1179,1,1,0,2496,2498,C
4-HA,1180,2455,1,1,0,2457,A
4-HA,1181,2466,0,1,0,2467,A
4-HA,1182,0,2467,0,1,2468,T
4-HA,1183,0,0,2468,1,2469,G
4-HA,1184,0,1,2458,0,2459,G
4-HA,1185,0,0,2438,1,2439,G
4-HA,1186,2443,0,2,0,2445,A
4-HA,1187,2442,0,3,1,2446,A
4-HA,1188,0,1,2481,0,2482,G
4-HA,1189,0,0,0,2483,2483,C
4-HA,1190,0,2470,0,4,2474,T
4-HA,1191,1,1,2599,0,2601,G
4-HA,1192,2597,0,1,0,2598,A
4-HA,1193,2603,0,0,0,2603,A
4-HA,1194,0,2605,0,0,2605,T
4-HA,1195,2558,0,1,1,2560,A
4-HA,1196,0,1,2551,1,2553,G
4-HA,1197,2363,0,1,0,2364,A
4-HA,1198,1,2376,1,2,2380,T
4-HA,1199,3,2387,0,1,2391,T
4-HA,1200,0,0,2401,1,2402,G
4-HA,1201,2399,0,1,0,2400,A
4-HA,1202,1,2388,0,2,2391,T
4-HA,1203,0,0,0,2399,2399,C
4-HA,1204,1,0,2398,0,2399,G
4-HA,1205,0,2,2391,0,2393,G
4-HA,1206,0,0,2396,0,2396,G
4-HA,1207,2396,0,0,0,2396,A
4-HA,1208,2404,0,0,0,2404,A
4-HA,1209,2385,0,2,1,2388,A
4-HA,1210,2398,0,1,1,2400,A
4-HA,1211,1,0,0,2400,2401,C
4-HA,1212,0,0,0,2397,2397,C
4-HA,1213,2386,0,1,0,2387,A
4-HA,1214,2386,0,0,0,2386,A
4-HA,1215,0,0,0,2389,2389,C
4-HA,1216,0,0,2389,0,2389,G
4-HA,1217,2393,0,1,0,2394,A
4-HA,1218,1,0,2388,0,2389,G
4-HA,1219,2382,1,1,0,2384,A
4-HA,1220,2392,0,0,0,2392,A
4-HA,1221,2386,0,0,0,2386,A
4-HA,1222,0,2406,0,0,2406,T
4-HA,1223,1,2390,0,3,2394,T
4-HA,1224,1,1,0,2404,2406,C
4-HA,1225,0,0,0,2395,2395,C
4-HA,1226,2347,0,54,3,2404,A
4-HA,1227,2,2394,1,0,2397,T
4-HA,1228,0,0,0,2394,2394,C
4-HA,1229,2387,0,0,0,2387,A
4-HA,1230,0,1,2412,0,2413,G
4-HA,1231,2404,0,0,0,2404,A
4-HA,1232,0,2404,0,0,2404,T
4-HA,1233,0,2385,0,0,2385,T
4-HA,1234,0,0,2398,0,2398,G
4-HA,1235,2397,1,1,0,2399,A
4-HA,1236,2397,0,1,0,2398,A
4-HA,1237,2394,0,6,0,2400,A
4-HA,1238,2399,1,0,1,2401,A
4-HA,1239,2377,0,1,0,2378,A
4-HA,1240,0,1,2379,0,2380,G
4-HA,1241,2371,0,2,0,2373,A
4-HA,1242,2381,0,0,0,2381,A
4-HA,1243,0,2352,0,0,2352,T
4-HA,1244,2,2350,0,1,2353,T
4-HA,1245,1,1,0,2366,2368,C
4-HA,1246,1,2361,0,2,2364,T
4-HA,1247,0,2,0,2358,2360,C
4-HA,1248,2363,0,1,0,2364,A
4-HA,1249,0,0,2359,0,2359,G
4-HA,1250,2355,0,0,0,2355,A
4-HA,1251,2347,1,0,0,2348,A
4-HA,1252,0,1,2370,0,2371,G
4-HA,1253,0,2357,0,0,2357,T
4-HA,1254,0,1,0,2351,2352,C
4-HA,1255,0,0,2357,0,2357,G
4-HA,1256,2353,1,0,0,2354,A
4-HA,1257,2351,0,2,1,2354,A
4-HA,1258,1,0,2354,0,2355,G
4-HA,1259,0,1,2369,0,2370,G
4-HA,1260,1,0,2368,1,2370,G
4-HA,1261,2332,0,5,1,2338,A
4-HA,1262,0,0,2347,0,2347,G
4-HA,1263,2341,0,0,0,2341,A
4-HA,1264,2482,0,2,1,2485,A
4-HA,1265,0,2487,0,1,2488,T
4-HA,1266,0,2485,0,0,2485,T
4-HA,1267,0,0,1,2481,2482,C
4-HA,1268,2452,0,2,0,2454,A
4-HA,1269,0,0,2451,0,2451,G
4-HA,1270,1,0,2448,0,2449,G
4-HA,1271,2442,0,1,0,2443,A
4-HA,1272,1,0,0,2461,2462,C
4-HA,1273,0,1,0,2280,2281,C
4-HA,1274,0,2270,0,1,2271,T
4-HA,1275,1,2238,0,40,2279,T
4-HA,1276,0,1,2293,1,2295,G
4-HA,1277,2259,1,34,0,2294,A
4-HA,1278,0,0,2375,0,2375,G
4-HA,1279,2355,0,2,1,2358,A
4-HA,1280,2267,2,0,0,2269,A
4-HA,1281,2285,0,3,1,2289,A
4-HA,1282,0,2258,1,0,2259,T
4-HA,1283,2418,0,0,0,2418,A
4-HA,1284,1,2415,0,2,2418,T
4-HA,1285,0,0,2462,0,2462,G
4-HA,1286,0,2449,0,10,2459,T
4-HA,1287,0,2400,0,0,2400,T
4-HA,1288,0,1,2408,0,2409,G
4-HA,1289,2389,0,1,1,2391,A
4-HA,1290,0,1,2400,1,2402,G
4-HA,1291,0,0,2390,0,2390,G
4-HA,1292,2367,0,1,0,2368,A
4-HA,1293,0,0,0,2448,2448,C
4-HA,1294,2422,0,0,0,2422,A
4-HA,1295,0,0,0,2412,2412,C
4-HA,1296,0,2406,1,1,2408,T
4-HA,1297,2490,0,2,0,2492,A
4-HA,1298,2522,0,0,0,2522,A
4-HA,1299,2534,0,0,0,2534,A
4-HA,1300,2545,0,1,0,2546,A
4-HA,1301,0,2549,0,0,2549,T
4-HA,1302,2472,1,1,0,2474,A
4-HA,1303,1,0,2485,0,2486,G
4-HA,1304,2448,0,0,0,2448,A
4-HA,1305,0,2475,0,0,2475,T
4-HA,1306,2,0,0,2462,2464,C
4-HA,1307,0,2430,0,0,2430,T
4-HA,1308,0,0,0,2477,2477,C
4-HA,1309,0,2477,0,0,2477,T
4-HA,1310,0,0,2516,0,2516,G
4-HA,1311,1,0,2569,0,2570,G
4-HA,1312,0,2560,0,1,2561,T
4-HA,1313,0,0,0,2570,2570,C
4-HA,1314,2574,2,0,0,2576,A
4-HA,1315,0,2582,0,0,2582,T
4-HA,1316,2580,0,1,0,2581,A
4-HA,1317,1,0,0,2573,2574,C
4-HA,1318,2516,0,2,0,2518,A
4-HA,1319,2534,0,0,1,2535,A
4-HA,1320,0,0,0,2462,2462,C
4-HA,1321,1,2,2458,0,2461,G
4-HA,1322,0,0,0,2461,2461,C
4-HA,1323,1,1,2440,0,2442,G
4-HA,1324,0,1,2453,0,2454,G
4-HA,1325,2435,1,2,0,2438,A
4-HA,1326,0,0,2479,0,2479,G
4-HA,1327,0,1,0,2472,2473,C
4-HA,1328,0,2462,0,2,2464,T
4-HA,1329,0,2474,0,3,2477,T
4-HA,1330,0,0,0,2469,2469,C
4-HA,1331,1,2475,0,4,2480,T
4-HA,1332,0,2480,0,1,2481,T
4-HA,1333,0,0,2479,0,2479,G
4-HA,1334,0,2465,0,4,2469,T
4-HA,1335,1,2424,0,1,2426,T
4-HA,1336,0,0,2481,0,2481,G
4-HA,1337,2,1,0,2483,2486,C
4-HA,1338,0,0,1,2473,2474,C
4-HA,1339,1,0,0,2493,2494,C
4-HA,1340,0,2490,0,3,2493,T
4-HA,1341,1,0,2507,0,2508,G
4-HA,1342,2,1,2508,0,2511,G
4-HA,1343,2511,1,0,0,2512,A
4-HA,1344,0,0,2520,0,2520,G
4-HA,1345,2472,0,3,0,2475,A
4-HA,1346,2485,0,0,0,2485,A
4-HA,1347,1,0,0,2507,2508,C
4-HA,1348,1,0,0,2499,2500,C
4-HA,1349,2498,0,3,1,2502,A
4-HA,1350,2600,0,1,0,2601,A
4-HA,1351,0,0,0,2605,2605,C
4-HA,1352,2620,0,0,0,2620,A
4-HA,1353,1,2611,0,1,2613,T
4-HA,1354,2607,1,0,0,2608,A
4-HA,1355,1,1,0,2645,2647,C
4-HA,1356,2592,0,3,0,2595,A
4-HA,1357,2591,0,0,0,2591,A
4-HA,1358,1,2584,0,0,2585,T
4-HA,1359,1,2500,0,0,2501,T
4-HA,1360,0,0,2518,0,2518,G
4-HA,1361,2532,0,2,0,2534,A
4-HA,1362,2,2520,0,3,2525,T
4-HA,1363,1,0,0,2535,2536,C
4-HA,1364,0,2499,0,0,2499,T
4-HA,1365,2521,0,0,0,2521,A
4-HA,1366,2517,0,0,0,2517,A
4-HA,1367,0,0,0,2519,2519,C
4-HA,1368,0,2500,0,2,2502,T
4-HA,1369,1,0,2487,0,2488,G
4-HA,1370,2491,0,1,0,2492,A
4-HA,1371,0,0,0,2496,2496,C
4-HA,1372,0,2488,0,3,2491,T
4-HA,1373,1,1,0,2493,2495,C
4-HA,1374,2487,0,1,0,2488,A
4-HA,1375,1,0,2517,0,2518,G
4-HA,1376,2513,0,1,0,2514,A
4-HA,1377,2509,1,0,0,2510,A
4-HA,1378,2506,0,1,0,2507,A
4-HA,1379,0,2483,0,0,2483,T
4-HA,1380,0,0,2506,0,2506,G
4-HA,1381,2506,0,2,0,2508,A
4-HA,1382,2505,1,2,0,2508,A
4-HA,1383,0,1,0,2502,2503,C
4-HA,1384,2466,1,0,0,2467,A
4-HA,1385,2471,0,0,0,2471,A
4-HA,1386,2467,0,0,0,2467,A
4-HA,1387,0,0,0,2467,2467,C
4-HA,1388,1,2452,0,1,2454,T
4-HA,1389,1,0,2462,0,2463,G
4-HA,1390,1,2442,0,1,2444,T
4-HA,1391,0,2441,0,1,2442,T
4-HA,1392,1,2446,0,0,2447,T
4-HA,1393,1,0,2453,0,2454,G
4-HA,1394,2449,0,0,0,2449,A
4-HA,1395,2450,2,0,0,2452,A
4-HA,1396,2440,0,0,0,2440,A
4-HA,1397,2436,0,0,1,2437,A
4-HA,1398,2424,0,0,0,2424,A
4-HA,1399,2428,1,1,0,2430,A
4-HA,1400,0,0,0,2438,2438,C
4-HA,1401,2439,1,0,0,2440,A
4-HA,1402,2443,0,0,0,2443,A
4-HA,1403,2441,0,1,0,2442,A
4-HA,1404,0,0,2446,0,2446,G
4-HA,1405,2455,0,0,0,2455,A
4-HA,1406,2447,0,4,0,2451,A
4-HA,1407,0,0,2452,0,2452,G
4-HA,1408,0,1,1,2440,2442,C
4-HA,1409,2432,1,2,0,2435,A
4-HA,1410,2452,0,0,0,2452,A
4-HA,1411,1,0,0,2454,2455,C
4-HA,1412,2,2450,0,0,2452,T
4-HA,1413,0,1,2458,0,2459,G
4-HA,1414,2433,0,2,0,2435,A
4-HA,1415,0,1,2455,0,2456,G
4-HA,1416,3,1,2459,3,2466,G
4-HA,1417,3,2,2456,0,2461,G
4-HA,1418,2459,0,1,0,2460,A
4-HA,1419,2437,1,0,0,2438,A
4-HA,1420,2426,0,3,0,2429,A
4-HA,1421,2455,0,1,0,2456,A
4-HA,1422,0,2447,0,1,2448,T
4-HA,1423,0,0,2453,0,2453,G
4-HA,1424,0,1,0,2447,2448,C
4-HA,1425,0,2422,0,0,2422,T
4-HA,1426,0,1,2433,0,2434,G
4-HA,1427,2427,0,2,1,2430,A
4-HA,1428,0,0,2515,0,2515,G
4-HA,1429,0,0,2547,0,2547,G
4-HA,1430,2521,0,1,0,2522,A
4-HA,1431,0,2508,0,2,2510,T
4-HA,1432,2492,0,2,0,2494,A
4-HA,1433,0,2482,0,1,2483,T
4-HA,1434,2,0,2500,0,2502,G
4-HA,1435,0,0,2508,0,2508,G
4-HA,1436,0,0,2510,0,2510,G
4-HA,1437,0,0,0,2395,2395,C
4-HA,1438,2349,0,1,0,2350,A
4-HA,1439,2351,0,1,1,2353,A
4-HA,1440,0,2342,0,1,2343,T
4-HA,1441,0,0,2355,0,2355,G
4-HA,1442,0,1,2355,0,2356,G
4-HA,1443,0,2333,0,1,2334,T
4-HA,1444,1,2280,0,1,2282,T
4-HA,1445,0,0,2292,0,2292,G
4-HA,1446,1,2308,0,1,2310,T
4-HA,1447,0,2303,0,4,2307,T
4-HA,1448,0,2309,0,1,2310,T
4-HA,1449,0,0,0,2311,2311,C
4-HA,1450,2302,2,1,0,2305,A
4-HA,1451,2312,0,1,0,2313,A
4-HA,1452,2309,0,0,0,2309,A
4-HA,1453,2316,0,0,0,2316,A
4-HA,1454,0,2310,0,0,2310,T
4-HA,1455,2279,1,0,0,2280,A
4-HA,1456,1,2287,0,1,2289,T
4-HA,1457,2281,0,2,0,2283,A
4-HA,1458,0,0,0,2299,2299,C
4-HA,1459,0,1,0,2282,2283,C
4-HA,1460,2282,0,1,0,2283,A
4-HA,1461,0,0,0,2286,2286,C
4-HA,1462,2283,2,1,0,2286,A
4-HA,1463,2288,0,1,0,2289,A
4-HA,1464,2291,0,0,0,2291,A
4-HA,1465,0,2291,0,0,2291,T
4-HA,1466,1,0,2298,0,2299,G
4-HA,1467,0,2278,0,1,2279,T
4-HA,1468,0,1,2295,0,2296,G
4-HA,1469,2295,0,2,0,2297,A
4-HA,1470,0,1,0,2292,2293,C
4-HA,1471,2268,1,0,0,2269,A
4-HA,1472,2266,0,0,0,2266,A
4-HA,1473,0,2280,0,0,2280,T
4-HA,1474,0,0,2297,0,2297,G
4-HA,1475,0,0,0,2282,2282,C
4-HA,1476,0,1,0,2290,2291,C
4-HA,1477,2,2279,0,2,2283,T
4-HA,1478,0,0,2351,0,2351,G
4-HA,1479,1,0,0,2349,2350,C
4-HA,1480,2349,0,1,0,2350,A
4-HA,1481,0,2348,0,0,2348,T
4-HA,1482,2241,0,2,0,2243,A
4-HA,1483,1,1,2238,0,2240,G
4-HA,1484,0,0,2233,0,2233,G
4-HA,1485,2222,0,1,0,2223,A
4-HA,1486,1,2217,0,0,2218,T
4-HA,1487,1,0,0,2091,2092,C
4-HA,1488,2088,0,0,0,2088,A
4-HA,1489,2094,1,0,0,2095,A
4-HA,1490,2,2093,0,0,2095,T
4-HA,1491,1,0,0,2093,2094,C
4-HA,1492,2059,1,1,0,2061,A
4-HA,1493,0,0,2070,0,2070,G
4-HA,1494,2076,0,0,0,2076,A
4-HA,1495,2079,0,0,0,2079,A
4-HA,1496,2078,0,0,0,2078,A
4-HA,1497,0,2074,0,1,2075,T
4-HA,1498,0,0,2074,0,2074,G
4-HA,1499,0,1,2072,0,2073,G
4-HA,1500,2070,0,1,0,2071,A
4-HA,1501,2083,0,1,0,2084,A
4-HA,1502,0,0,1,2079,2080,C
4-HA,1503,0,2065,0,1,2066,T
4-HA,1504,0,2065,1,1,2067,T
4-HA,1505,2073,0,1,0,2074,A
4-HA,1506,0,2071,0,0,2071,T
4-HA,1507,0,0,2063,0,2063,G
4-HA,1508,2068,0,0,0,2068,A
4-HA,1509,0,0,1,2069,2070,C
4-HA,1510,0,0,1,2036,2037,C
4-HA,1511,2029,0,1,0,2030,A
4-HA,1512,0,1,0,2073,2074,C
4-HA,1513,0,0,2141,0,2141,G
4-HA,1514,2171,1,1,0,2173,A
4-HA,1515,0,2186,0,0,2186,T
4-HA,1516,0,0,2257,0,2257,G
4-HA,1517,0,2245,0,0,2245,T
4-HA,1518,2300,0,0,0,2300,A
4-HA,1519,0,2300,0,0,2300,T
4-HA,1520,2295,0,0,0,2295,A
4-HA,1521,0,0,0,2287,2287,C
4-HA,1522,2033,0,0,0,2033,A
4-HA,1523,0,0,2046,0,2046,G
4-HA,1524,1919,0,0,0,1919,A
4-HA,1525,0,0,1862,0,1862,G
4-HA,1526,1848,0,1,0,1849,A
4-HA,1527,0,1720,0,0,1720,T
4-HA,1528,0,0,1717,0,1717,G
4-HA,1529,1711,0,1,0,1712,A
4-HA,1530,1702,0,1,0,1703,A
4-HA,1531,0,0,1736,0,1736,G
4-HA,1532,0,1,0,1674,1675,C
4-HA,1533,1677,0,0,0,1677,A
4-HA,1534,0,1667,0,0,1667,T
4-HA,1535,0,1662,0,0,1662,T
4-HA,1536,1664,0,1,0,1665,A
4-HA,1537,1662,1,0,1,1664,A
4-HA,1538,1664,0,1,0,1665,A
4-HA,1539,0,0,0,1664,1664,C
4-HA,1540,1596,1,0,1,1598,A
4-HA,1541,1597,0,1,0,1598,A
4-HA,1542,0,0,0,1600,1600,C
4-HA,1543,1,0,0,1586,1587,C
4-HA,1544,0,0,1594,0,1594,G
4-HA,1545,0,1,1593,0,1594,G
4-HA,1546,0,1591,1,3,1595,T
4-HA,1547,0,1587,0,1,1588,T
4-HA,1548,0,1572,0,0,1572,T
4-HA,1549,0,0,0,1576,1576,C
4-HA,1550,1580,0,1,0,1581,A
4-HA,1551,0,0,1604,0,1604,G
4-HA,1552,1600,1,2,0,1603,A
4-HA,1553,0,1589,0,0,1589,T
4-HA,1554,0,0,0,1550,1550,C
4-HA,1555,1547,0,1,0,1548,A
4-HA,1556,1549,0,0,0,1549,A
4-HA,1557,0,1,1542,0,1543,G
4-HA,1558,0,1,1540,1,1542,G
4-HA,1559,0,1,1548,0,1549,G
4-HA,1560,1480,0,0,0,1480,A
4-HA,1561,1,0,1496,0,1497,G
4-HA,1562,0,1497,0,0,1497,T
4-HA,1563,0,1500,0,0,1500,T
4-HA,1564,1,0,1506,0,1507,G
4-HA,1565,1493,0,0,0,1493,A
4-HA,1566,0,0,1500,0,1500,G
4-HA,1567,1,0,0,1502,1503,C
4-HA,1568,0,1482,0,3,1485,T
4-HA,1569,1,1,1488,1,1491,G
4-HA,1570,1484,0,0,0,1484,A
4-HA,1571,1492,0,0,0,1492,A
4-HA,1572,0,0,1492,0,1492,G
4-HA,1573,0,1465,0,1,1466,T
4-HA,1574,1,0,0,1463,1464,C
4-HA,1575,1445,1,2,0,1448,A
4-HA,1576,0,1,1441,0,1442,G
4-HA,1577,2,0,1439,0,1441,G
4-HA,1578,0,0,1418,0,1418,G
4-HA,1579,0,1449,0,0,1449,T
4-HA,1580,1453,0,0,0,1453,A
4-HA,1581,0,0,0,1452,1452,C
4-HA,1582,1452,1,0,0,1453,A
4-HA,1583,1452,0,0,0,1452,A
4-HA,1584,1445,0,0,0,1445,A
4-HA,1585,0,1,1447,0,1448,G
4-HA,1586,1406,0,0,0,1406,A
4-HA,1587,0,1353,0,0,1353,T
4-HA,1588,0,1332,0,0,1332,T
4-HA,1589,0,2,1329,0,1331,G
4-HA,1590,1,1,1327,1,1330,G
4-HA,1591,1326,0,0,0,1326,A
4-HA,1592,0,1322,0,0,1322,T
4-HA,1593,1,0,0,1325,1326,C
4-HA,1594,1,0,0,1292,1293,C
4-HA,1595,0,1288,0,1,1289,T
4-HA,1596,1291,0,0,0,1291,A
4-HA,1597,0,1286,0,0,1286,T
4-HA,1598,0,0,1281,0,1281,G
4-HA,1599,0,0,1282,0,1282,G
4-HA,1600,1257,0,0,0,1257,A
4-HA,1601,1,1252,0,0,1253,T
4-HA,1602,1,1237,0,0,1238,T
4-HA,1603,0,1230,0,1,1231,T
4-HA,1604,1,0,0,1233,1234,C
4-HA,1605,0,0,0,1226,1226,C
4-HA,1606,0,1201,0,1,1202,T
4-HA,1607,1,1197,0,0,1198,T
4-HA,1608,0,1190,0,0,1190,T
4-HA,1609,0,0,1191,0,1191,G
4-HA,1610,0,1,0,1190,1191,C
4-HA,1611,0,1,0,1189,1190,C
4-HA,1612,1166,0,0,0,1166,A
4-HA,1613,0,1150,0,1,1151,T
4-HA,1614,1160,0,0,0,1160,A
4-HA,1615,0,1158,0,2,1160,T
4-HA,1616,0,0,0,1156,1156,C
4-HA,1617,1153,0,0,0,1153,A
4-HA,1618,0,1136,0,0,1136,T
4-HA,1619,1,0,1137,0,1138,G
4-HA,1620,0,1135,0,2,1137,T
4-HA,1621,0,1129,0,0,1129,T
4-HA,1622,0,1128,0,0,1128,T
4-HA,1623,0,1100,0,0,1100,T
4-HA,1624,0,1100,0,0,1100,T
4-HA,1625,0,1099,0,0,1099,T
4-HA,1626,0,0,1099,0,1099,G
4-HA,1627,0,0,0,1100,1100,C
4-HA,1628,0,1064,0,3,1067,T
4-HA,1629,0,1069,0,0,1069,T
4-HA,1630,1,1062,2,0,1065,T
4-HA,1631,0,0,1075,0,1075,G
4-HA,1632,0,1076,0,0,1076,T
4-HA,1633,0,0,1075,0,1075,G
4-HA,1634,1,1070,0,1,1072,T
4-HA,1635,0,1053,0,1,1054,T
4-HA,1636,0,0,1052,0,1052,G
4-HA,1637,0,0,0,1052,1052,C
4-HA,1638,0,1044,0,0,1044,T
4-HA,1639,0,1049,0,0,1049,T
4-HA,1640,0,995,0,0,995,T
4-HA,1641,0,0,994,0,994,G
4-HA,1642,0,989,0,0,989,T
4-HA,1643,0,990,0,1,991,T
4-HA,1644,2,0,984,0,986,G
4-HA,1645,0,0,956,0,956,G
4-HA,1646,1,0,953,0,954,G
4-HA,1647,0,0,950,1,951,G
4-HA,1648,0,918,0,0,918,T
4-HA,1649,0,914,0,0,914,T
4-HA,1650,0,0,0,891,891,C
4-HA,1651,887,0,1,0,888,A
4-HA,1652,0,887,0,0,887,T
4-HA,1653,0,0,0,885,885,C
4-HA,1654,874,0,0,1,875,A
4-HA,1655,0,837,0,1,838,T
4-HA,1656,1,0,827,0,828,G
4-HA,1657,1,813,0,0,814,T
4-HA,1658,0,0,808,0,808,G
4-HA,1659,0,0,789,0,789,G
4-HA,1660,0,0,780,0,780,G
4-HA,1661,0,0,0,762,762,C
4-HA,1662,0,0,0,727,727,C
4-HA,1663,0,674,0,0,674,T
4-HA,1664,0,0,675,0,675,G
4-HA,1665,0,0,0,672,672,C
4-HA,1666,0,1,0,673,674,C
4-HA,1667,671,0,0,0,671,A
4-HA,1668,670,0,0,0,670,A
4-HA,1669,670,0,0,0,670,A
4-HA,1670,664,0,0,0,664,A
4-HA,1671,665,0,0,1,666,A
4-HA,1672,0,0,666,0,666,G
4-HA,1673,0,0,642,0,642,G
4-HA,1674,0,1,0,636,637,C
4-HA,1675,638,0,1,0,639,A
4-HA,1676,642,0,0,0,642,A
4-HA,1677,0,0,0,638,638,C
4-HA,1678,639,0,0,0,639,A
4-HA,1679,0,636,0,0,636,T
4-HA,1680,0,628,0,0,628,T
4-HA,1681,608,0,0,0,608,A
4-HA,1682,0,0,606,0,606,G
4-HA,1683,0,0,606,0,606,G
4-HA,1684,0,578,0,0,578,T
4-HA,1685,0,0,531,0,531,G
4-HA,1686,0,0,0,505,505,C
4-HA,1687,507,0,0,0,507,A
4-HA,1688,507,0,0,0,507,A
4-HA,1689,0,0,0,505,505,C
4-HA,1690,500,0,0,0,500,A
4-HA,1691,0,488,0,0,488,T
4-HA,1692,0,456,0,1,457,T
4-HA,1693,0,459,0,0,459,T
4-HA,1694,0,0,458,0,458,G
4-HA,1695,0,0,0,450,450,C
4-HA,1696,452,0,0,0,452,A
4-HA,1697,0,419,0,1,420,T
4-HA,1698,0,398,0,0,398,T
4-HA,1699,0,392,0,0,392,T
4-HA,1700,0,0,392,0,392,G
4-HA,1701,369,0,0,0,369,A
5-NP,1,41,0,0,0,41,A
5-NP,2,0,41,0,0,41,T
5-NP,3,0,0,41,0,41,G
5-NP,4,0,0,40,0,40,G
5-NP,5,0,0,0,41,41,C
5-NP,6,0,0,41,0,41,G
5-NP,7,0,43,0,0,43,T
5-NP,8,0,0,0,44,44,C
5-NP,9,0,0,0,44,44,C
5-NP,10,0,0,0,44,44,C
5-NP,11,44,0,0,0,44,A
5-NP,12,44,0,0,0,44,A
5-NP,13,0,0,44,0,44,G
5-NP,14,0,0,45,0,45,G
5-NP,15,0,0,0,45,45,C
5-NP,16,45,0,0,0,45,A
5-NP,17,0,0,0,46,46,C
5-NP,18,0,0,0,46,46,C
5-NP,19,46,0,0,0,46,A
5-NP,20,46,0,0,0,46,A
5-NP,21,46,0,0,0,46,A
5-NP,22,0,0,0,46,46,C
5-NP,23,0,0,46,0,46,G
5-NP,24,0,0,53,0,53,G
5-NP,25,0,53,0,0,53,T
5-NP,26,0,0,0,59,59,C
5-NP,27,0,59,0,0,59,T
5-NP,28,0,59,0,0,59,T
5-NP,29,59,0,0,0,59,A
5-NP,30,0,59,0,0,59,T
5-NP,31,0,0,60,0,60,G
5-NP,32,60,0,0,0,60,A
5-NP,33,59,0,0,0,59,A
5-NP,34,0,0,0,59,59,C
5-NP,35,59,0,0,0,59,A
5-NP,36,0,0,68,0,68,G
5-NP,37,68,0,0,0,68,A
5-NP,38,0,68,0,0,68,T
5-NP,39,0,0,68,0,68,G
5-NP,40,0,0,67,0,67,G
5-NP,41,67,0,0,0,67,A
5-NP,42,68,0,0,0,68,A
5-NP,43,68,0,0,0,68,A
5-NP,44,0,0,0,70,70,C
5-NP,45,0,69,0,0,69,T
5-NP,46,0,0,71,0,71,G
5-NP,47,70,0,0,0,70,A
5-NP,48,0,71,0,0,71,T
5-NP,49,0,0,71,0,71,G
5-NP,50,0,0,72,0,72,G
5-NP,51,0,0,72,0,72,G
5-NP,52,1,0,71,0,72,G
5-NP,53,72,0,1,0,73,A
5-NP,54,0,72,0,0,72,T
5-NP,55,0,0,0,73,73,C
5-NP,56,0,0,73,0,73,G
5-NP,57,0,0,0,74,74,C
5-NP,58,0,0,0,74,74,C
5-NP,59,73,0,0,0,73,A
5-NP,60,0,0,72,0,72,G
5-NP,61,73,0,0,0,73,A
5-NP,62,75,0,0,0,75,A
5-NP,63,0,74,0,0,74,T
5-NP,64,0,0,76,0,76,G
5-NP,65,0,0,0,76,76,C
5-NP,66,75,0,1,0,76,A
5-NP,67,76,0,0,0,76,A
5-NP,68,0,0,0,76,76,C
5-NP,69,0,76,0,0,76,T
5-NP,70,0,0,76,0,76,G
5-NP,71,78,0,0,0,78,A
5-NP,72,0,0,81,0,81,G
5-NP,73,81,0,0,0,81,A
5-NP,74,0,81,0,0,81,T
5-NP,75,0,81,0,0,81,T
5-NP,76,80,0,0,0,80,A
5-NP,77,0,0,80,0,80,G
5-NP,78,0,0,80,0,80,G
5-NP,79,1,0,79,0,80,G
5-NP,80,0,0,0,80,80,C
5-NP,81,80,0,0,0,80,A
5-NP,82,0,79,0,1,80,T
5-NP,83,0,0,0,80,80,C
5-NP,84,0,0,0,81,81,C
5-NP,85,0,0,82,0,82,G
5-NP,86,0,83,0,0,83,T
5-NP,87,0,0,0,83,83,C
5-NP,88,0,1,82,0,83,G
5-NP,89,0,0,83,0,83,G
5-NP,90,0,0,83,0,83,G
5-NP,91,83,0,0,0,83,A
5-NP,92,83,0,0,0,83,A
5-NP,93,0,0,84,0,84,G
5-NP,94,83,1,0,0,84,A
5-NP,95,0,84,0,0,84,T
5-NP,96,0,0,83,0,83,G
5-NP,97,84,0,0,0,84,A
5-NP,98,0,84,0,0,84,T
5-NP,99,0,83,0,0,83,T
5-NP,100,0,0,84,0,84,G
5-NP,101,84,0,0,0,84,A
5-NP,102,0,84,0,0,84,T
5-NP,103,0,0,85,0,85,G
5-NP,104,0,0,87,0,87,G
5-NP,105,85,0,2,0,87,A
5-NP,106,87,0,0,0,87,A
5-NP,107,0,87,0,0,87,T
5-NP,108,0,87,0,0,87,T
5-NP,109,0,0,88,0,88,G
5-NP,110,0,0,88,0,88,G
5-NP,111,0,0,88,0,88,G
5-NP,112,87,0,0,0,87,A
5-NP,113,0,0,88,0,88,G
5-NP,114,84,0,0,0,84,A
5-NP,115,0,88,0,0,88,T
5-NP,116,0,89,0,0,89,T
5-NP,117,0,0,0,89,89,C
5-NP,118,0,88,0,0,88,T
5-NP,119,89,0,0,0,89,A
5-NP,120,0,0,0,89,89,C
5-NP,121,90,0,0,0,90,A
5-NP,122,1,88,0,1,90,T
5-NP,123,0,0,0,89,89,C
5-NP,124,0,0,0,89,89,C
5-NP,125,89,0,0,0,89,A
5-NP,126,90,0,0,0,90,A
5-NP,127,91,0,0,0,91,A
5-NP,128,0,91,0,0,91,T
5-NP,129,0,0,91,0,91,G
5-NP,130,0,88,0,0,88,T
5-NP,131,0,0,88,0,88,G
5-NP,132,0,0,0,88,88,C
5-NP,133,87,0,0,0,87,A
5-NP,134,0,0,0,87,87,C
5-NP,135,0,87,0,0,87,T
5-NP,136,0,0,90,0,90,G
5-NP,137,91,0,0,0,91,A
5-NP,138,91,0,0,0,91,A
5-NP,139,0,0,0,91,91,C
5-NP,140,0,91,0,0,91,T
5-NP,141,0,92,0,0,92,T
5-NP,142,92,0,0,0,92,A
5-NP,143,92,0,0,0,92,A
5-NP,144,91,0,1,0,92,A
5-NP,145,0,0,0,92,92,C
5-NP,146,0,90,0,0,90,T
5-NP,147,0,0,0,92,92,C
5-NP,148,90,0,0,0,90,A
5-NP,149,0,0,90,0,90,G
5-NP,150,0,91,0,0,91,T
5-NP,151,0,0,93,0,93,G
5-NP,152,94,0,0,0,94,A
5-NP,153,0,96,0,0,96,T
5-NP,154,0,0,0,97,97,C
5-NP,155,99,0,0,0,99,A
5-NP,156,0,97,0,0,97,T
5-NP,157,0,1,96,0,97,G
5-NP,158,96,0,0,0,96,A
5-NP,159,95,0,0,1,96,A
5-NP,160,0,0,95,0,95,G
5-NP,161,0,0,92,0,92,G
5-NP,162,0,0,92,0,92,G
5-NP,163,0,0,0,91,91,C
5-NP,164,0,0,91,0,91,G
5-NP,165,0,0,91,0,91,G
5-NP,166,0,91,0,0,91,T
5-NP,167,0,90,0,0,90,T
5-NP,168,0,0,91,0,91,G
5-NP,169,94,0,0,0,94,A
5-NP,170,0,91,0,0,91,T
5-NP,171,0,0,0,93,93,C
5-NP,172,0,0,0,95,95,C
5-NP,173,93,0,1,0,94,A
5-NP,174,0,0,94,0,94,G
5-NP,175,94,0,0,0,94,A
5-NP,176,92,1,0,0,93,A
5-NP,177,0,0,0,94,94,C
5-NP,178,90,0,0,0,90,A
5-NP,179,0,0,90,0,90,G
5-NP,180,0,0,0,91,91,C
5-NP,181,0,91,0,0,91,T
5-NP,182,0,91,0,0,91,T
5-NP,183,0,0,91,0,91,G
5-NP,184,91,0,0,0,91,A
5-NP,185,0,0,0,94,94,C
5-NP,186,93,0,0,0,93,A
5-NP,187,91,0,1,0,92,A
5-NP,188,0,92,0,0,92,T
5-NP,189,93,0,0,0,93,A
5-NP,190,0,0,95,0,95,G
5-NP,191,93,0,0,0,93,A
5-NP,192,0,0,94,0,94,G
5-NP,193,94,0,0,0,94,A
5-NP,194,95,0,0,0,95,A
5-NP,195,94,0,0,0,94,A
5-NP,196,98,0,0,0,98,A
5-NP,197,0,99,0,0,99,T
5-NP,198,0,0,99,0,99,G
5-NP,199,0,0,99,0,99,G
5-NP,200,0,97,0,0,97,T
5-NP,201,92,0,0,0,92,A
5-NP,202,0,0,0,93,93,C
5-NP,203,0,96,0,0,96,T
5-NP,204,0,0,0,100,100,C
5-NP,205,0,96,0,1,97,T
5-NP,206,0,0,0,97,97,C
5-NP,207,0,97,0,0,97,T
5-NP,208,0,0,97,0,97,G
5-NP,209,0,0,0,99,99,C
5-NP,210,0,98,0,0,98,T
5-NP,211,0,98,0,0,98,T
5-NP,212,0,99,0,0,99,T
5-NP,213,0,98,0,0,98,T
5-NP,214,0,0,98,0,98,G
5-NP,215,97,0,0,0,97,A
5-NP,216,0,98,0,0,98,T
5-NP,217,0,0,98,0,98,G
5-NP,218,98,0,0,0,98,A
5-NP,219,98,0,1,0,99,A
5-NP,220,98,0,0,0,98,A
5-NP,221,0,0,99,0,99,G
5-NP,222,98,1,0,0,99,A
5-NP,223,98,0,0,0,98,A
5-NP,224,0,0,99,0,99,G
5-NP,225,0,0,104,0,104,G
5-NP,226,103,0,0,0,103,A
5-NP,227,104,0,0,0,104,A
5-NP,228,0,104,0,0,104,T
5-NP,229,103,0,0,0,103,A
5-NP,230,104,0,0,0,104,A
5-NP,231,103,0,0,0,103,A
5-NP,232,0,106,0,0,106,T
5-NP,233,106,0,0,0,106,A
5-NP,234,0,0,0,107,107,C
5-NP,235,0,0,0,105,105,C
5-NP,236,0,105,0,0,105,T
5-NP,237,0,0,105,0,105,G
5-NP,238,0,0,106,0,106,G
5-NP,239,106,0,0,0,106,A
5-NP,240,105,0,1,0,106,A
5-NP,241,0,0,107,0,107,G
5-NP,242,107,0,0,0,107,A
5-NP,243,107,0,0,0,107,A
5-NP,244,0,0,0,108,108,C
5-NP,245,107,0,0,0,107,A
5-NP,246,0,0,0,109,109,C
5-NP,247,0,0,0,109,109,C
5-NP,248,0,0,0,108,108,C
5-NP,249,0,0,0,109,109,C
5-NP,250,109,0,0,0,109,A
5-NP,251,0,0,111,0,111,G
5-NP,252,0,0,0,111,111,C
5-NP,253,0,0,110,0,110,G
5-NP,254,0,0,0,108,108,C
5-NP,255,0,0,109,0,109,G
5-NP,256,0,0,109,0,109,G
5-NP,257,0,0,109,0,109,G
5-NP,258,0,0,109,0,109,G
5-NP,259,109,0,0,0,109,A
5-NP,260,109,0,0,0,109,A
5-NP,261,109,0,0,0,109,A
5-NP,262,0,0,108,0,108,G
5-NP,263,107,0,1,0,108,A
5-NP,264,0,107,0,0,107,T
5-NP,265,0,0,0,107,107,C
5-NP,266,0,0,0,107,107,C
5-NP,267,0,1,0,106,107,C
5-NP,268,106,0,0,0,106,A
5-NP,269,106,0,0,0,106,A
5-NP,270,0,0,107,0,107,G
5-NP,271,105,0,0,0,105,A
5-NP,272,106,0,0,0,106,A
5-NP,273,105,0,0,0,105,A
5-NP,274,106,0,0,0,106,A
5-NP,275,0,0,0,107,107,C
5-NP,276,0,105,0,0,105,T
5-NP,277,0,0,106,0,106,G
5-NP,278,0,0,106,0,106,G
5-NP,279,0,0,105,0,105,G
5-NP,280,0,0,105,0,105,G
5-NP,281,0,0,105,0,105,G
5-NP,282,0,0,107,0,107,G
5-NP,283,0,0,0,116,116,C
5-NP,284,0,0,0,116,116,C
5-NP,285,0,0,0,116,116,C
5-NP,286,124,0,0,0,124,A
5-NP,287,0,124,0,0,124,T
5-NP,288,128,0,0,0,128,A
5-NP,289,0,127,0,0,127,T
5-NP,290,126,0,0,0,126,A
5-NP,291,0,0,0,126,126,C
5-NP,292,108,0,0,0,108,A
5-NP,293,0,0,114,0,114,G
5-NP,294,0,0,113,0,113,G
5-NP,295,110,0,0,0,110,A
5-NP,296,0,0,110,0,110,G
5-NP,297,110,0,0,0,110,A
5-NP,298,107,0,0,0,107,A
5-NP,299,0,111,0,0,111,T
5-NP,300,112,0,0,0,112,A
5-NP,301,0,0,115,0,115,G
5-NP,302,113,0,0,0,113,A
5-NP,303,0,113,0,0,113,T
5-NP,304,1,0,111,0,112,G
5-NP,305,0,0,113,0,113,G
5-NP,306,113,0,0,0,113,A
5-NP,307,111,0,0,0,111,A
5-NP,308,0,0,110,0,110,G
5-NP,309,112,0,0,0,112,A
5-NP,310,0,112,0,0,112,T
5-NP,311,0,0,113,0,113,G
5-NP,312,0,0,114,0,114,G
5-NP,313,115,0,0,0,115,A
5-NP,314,0,113,0,0,113,T
5-NP,315,0,1,112,0,113,G
5-NP,316,112,0,0,0,112,A
5-NP,317,0,0,109,0,109,G
5-NP,318,0,0,113,0,113,G
5-NP,319,0,0,152,0,152,G
5-NP,320,314,0,0,0,314,A
5-NP,321,344,0,0,0,344,A
5-NP,322,0,0,0,508,508,C
5-NP,323,0,511,0,0,511,T
5-NP,324,1,0,0,626,627,C
5-NP,325,0,0,722,0,722,G
5-NP,326,0,829,0,0,829,T
5-NP,327,0,1,0,898,899,C
5-NP,328,0,0,0,1925,1925,C
5-NP,329,1,1931,0,0,1932,T
5-NP,330,0,1989,0,0,1989,T
5-NP,331,0,1993,0,0,1993,T
5-NP,332,2013,1,0,1,2015,A
5-NP,333,0,2038,0,0,2038,T
5-NP,334,1,1,2043,0,2045,G
5-NP,335,2137,0,3,0,2140,A
5-NP,336,0,1,0,2155,2156,C
5-NP,337,2151,0,0,0,2151,A
5-NP,338,2179,1,2,0,2182,A
5-NP,339,2221,1,1,0,2223,A
5-NP,340,0,0,2680,0,2680,G
5-NP,341,2676,0,0,1,2677,A
5-NP,342,2685,0,1,0,2686,A
5-NP,343,0,0,3190,0,3190,G
5-NP,344,3278,0,2,0,3280,A
5-NP,345,3323,0,1,0,3324,A
5-NP,346,3329,0,0,0,3329,A
5-NP,347,1,3324,0,2,3327,T
5-NP,348,3343,0,0,0,3343,A
5-NP,349,3365,1,4,0,3370,A
5-NP,350,1,1,3502,0,3504,G
5-NP,351,0,2,3496,0,3498,G
5-NP,352,2,0,0,3508,3510,C
5-NP,353,1,0,3518,0,3519,G
5-NP,354,3589,0,1,1,3591,A
5-NP,355,3749,0,0,0,3749,A
5-NP,356,1,3799,0,1,3801,T
5-NP,357,0,1,0,3802,3803,C
5-NP,358,0,3804,0,1,3805,T
5-NP,359,1,2,3807,0,3810,G
5-NP,360,3,1,3833,0,3837,G
5-NP,361,0,0,0,3867,3867,C
5-NP,362,2,0,3858,0,3860,G
5-NP,363,1,0,0,3873,3874,C
5-NP,364,1,0,0,3883,3884,C
5-NP,365,3907,3,1,1,3912,A
5-NP,366,4092,0,1,0,4093,A
5-NP,367,2,0,4398,0,4400,G
5-NP,368,0,0,1,4431,4432,C
5-NP,369,2,0,0,4595,4597,C
5-NP,370,4610,0,1,0,4611,A
5-NP,371,4830,0,5,1,4836,A
5-NP,372,0,0,0,5020,5020,C
5-NP,373,5024,0,0,1,5025,A
5-NP,374,5331,1,0,0,5332,A
5-NP,375,0,5373,1,0,5374,T
5-NP,376,2,2,5761,1,5766,G
5-NP,377,2,1,5788,0,5791,G
5-NP,378,1,5795,0,2,5798,T
5-NP,379,0,0,5829,0,5829,G
5-NP,380,5825,1,8,0,5834,A
5-NP,381,1,2,6241,0,6244,G
5-NP,382,1,2,6269,1,6273,G
5-NP,383,6466,1,3,0,6470,A
5-NP,384,0,7863,0,0,7863,T
5-NP,385,1,0,8190,1,8192,G
5-NP,386,0,2,0,8266,8268,C
5-NP,387,3,8278,0,6,8287,T
5-NP,388,8391,1,0,0,8392,A
5-NP,389,0,4,0,8651,8655,C
5-NP,390,8764,0,3,0,8767,A
5-NP,391,0,8778,0,2,8780,T
5-NP,392,0,0,0,8773,8773,C
5-NP,393,0,8681,0,3,8684,T
5-NP,394,0,1,9357,0,9358,G
5-NP,395,0,3,9716,0,9719,G
5-NP,396,0,9737,0,4,9741,T
5-NP,397,2,1,0,9756,9759,C
5-NP,398,0,9754,0,2,9756,T
5-NP,399,10018,0,4,0,10022,A
5-NP,400,10027,2,2,1,10032,A
5-NP,401,1,2,0,10148,10151,C
5-NP,402,2,10132,0,13,10147,T
5-NP,403,0,1,1,10412,10414,C
5-NP,404,10471,2,6,0,10479,A
5-NP,405,0,0,1,11129,11130,C
5-NP,406,11121,2,1,1,11125,A
5-NP,407,0,11191,2,1,11194,T
5-NP,408,11156,1,2,0,11159,A
5-NP,409,11220,4,1,0,11225,A
5-NP,410,0,11338,0,6,11344,T
5-NP,411,1,5,11535,0,11541,G
5-NP,412,11507,0,1,0,11508,A
5-NP,413,1,11485,1,1,11488,T
5-NP,414,2,11442,0,7,11451,T
5-NP,415,1,11468,0,5,11474,T
5-NP,416,2,2,11422,3,11429,G
5-NP,417,2,7,11470,2,11481,G
5-NP,418,2,2,1,11473,11478,C
5-NP,419,11514,2,3,1,11520,A
5-NP,420,2,11565,0,1,11568,T
5-NP,421,2,11557,3,11,11573,T
5-NP,422,0,2,0,11572,11574,C
5-NP,423,3,4,0,11609,11616,C
5-NP,424,11914,2,0,0,11916,A
5-NP,425,11935,2,1,0,11938,A
5-NP,426,0,11944,0,0,11944,T
5-NP,427,1,11950,1,2,11954,T
5-NP,428,1,11947,1,4,11953,T
5-NP,429,4,0,12095,0,12099,G
5-NP,430,12080,0,10,0,12090,A
5-NP,431,12110,1,2,0,12113,A
5-NP,432,0,12279,1,2,12282,T
5-NP,433,2,1,12252,0,12255,G
5-NP,434,13010,1,3,1,13015,A
5-NP,435,2,13038,1,6,13047,T
5-NP,436,121,0,12977,4,13102,G
5-NP,437,2,3,0,13609,13614,C
5-NP,438,13591,0,9,0,13600,A
5-NP,439,14358,0,10,2,14370,A
5-NP,440,0,0,0,14408,14408,C
5-NP,441,14690,1,1,0,14692,A
5-NP,442,1,15119,1,4,15125,T
5-NP,443,14984,0,5,1,14990,A
5-NP,444,2,1,1,15351,15355,C
5-NP,445,1,4,0,15352,15357,C
5-NP,446,15213,3,5,0,15221,A
5-NP,447,2,3,15422,2,15429,G
5-NP,448,15251,3,6,0,15260,A
5-NP,449,2,0,15715,2,15719,G
5-NP,450,4,2,15729,0,15735,G
5-NP,451,15677,5,15,1,15698,A
5-NP,452,1,1,1,15842,15845,C
5-NP,453,15738,3,6,3,15750,A
5-NP,454,15742,5,15,1,15763,A
5-NP,455,3,3,15831,2,15839,G
5-NP,456,15747,0,23,1,15771,A
5-NP,457,0,1,15881,0,15882,G
5-NP,458,1,3,0,15966,15970,C
5-NP,459,2,15885,2,34,15923,T
5-NP,460,1,4,0,16007,16012,C
5-NP,461,2,15999,1,2,16004,T
5-NP,462,3,16062,0,4,16069,T
5-NP,463,3,5,16145,0,16153,G
5-NP,464,4,16106,0,2,16112,T
5-NP,465,3,16073,1,32,16109,T
5-NP,466,2,2,1,16083,16088,C
5-NP,467,7,3,16081,0,16091,G
5-NP,468,16479,5,2,4,16490,A
5-NP,469,16496,4,3,2,16505,A
5-NP,470,0,3,1,16646,16650,C
5-NP,471,0,16613,0,9,16622,T
5-NP,472,5,3,16932,0,16940,G
5-NP,473,0,0,17008,0,17008,G
5-NP,474,17004,8,8,2,17022,A
5-NP,475,17035,0,9,3,17047,A
5-NP,476,3,17042,2,5,17052,T
5-NP,477,5,3,17102,1,17111,G
5-NP,478,0,6,17160,0,17166,G
5-NP,479,17334,6,15,2,17357,A
5-NP,480,6,17497,1,5,17509,T
5-NP,481,1,4,0,17654,17659,C
5-NP,482,5,4,3,17644,17656,C
5-NP,483,0,7,0,17723,17730,C
5-NP,484,17832,3,3,1,17839,A
5-NP,485,0,1,18051,0,18052,G
5-NP,486,18056,1,1,3,18061,A
5-NP,487,18031,0,4,0,18035,A
5-NP,488,1,17943,0,5,17949,T
5-NP,489,2,1,18119,3,18125,G
5-NP,490,5,18070,0,3,18078,T
5-NP,491,3,2,18149,1,18155,G
5-NP,492,4,1,0,18177,18182,C
5-NP,493,2,18117,0,18,18137,T
5-NP,494,0,4,1,19243,19248,C
5-NP,495,3,19144,2,22,19171,T
5-NP,496,0,3,0,20058,20061,C
5-NP,497,2,20024,1,5,20032,T
5-NP,498,6,4,20114,0,20124,G
5-NP,499,20281,2,4,2,20289,A
5-NP,500,8,20233,0,5,20246,T
5-NP,501,6,6,20247,1,20260,G
5-NP,502,3,1,1,20241,20246,C
5-NP,503,19844,1,9,0,19854,A
5-NP,504,1,7,20379,0,20387,G
5-NP,505,1,8,20044,3,20056,G
5-NP,506,7,4,20332,3,20346,G
5-NP,507,2,9,0,20317,20328,C
5-NP,508,4,20265,1,15,20285,T
5-NP,509,2,3,2,20331,20338,C
5-NP,510,4,3,20343,1,20351,G
5-NP,511,20657,3,11,1,20672,A
5-NP,512,3,6,0,20652,20661,C
5-NP,513,4,20475,2,12,20493,T
5-NP,514,3,2,0,21614,21619,C
5-NP,515,4,21541,0,17,21562,T
5-NP,516,7,17,0,24931,24955,C
5-NP,517,6,2,1,25000,25009,C
5-NP,518,6,2,0,25052,25060,C
5-NP,519,2,25049,0,11,25062,T
5-NP,520,24961,3,8,0,24972,A
5-NP,521,3,3,24947,0,24953,G
5-NP,522,24912,2,6,0,24920,A
5-NP,523,24342,3,10,2,24357,A
5-NP,524,1,1,24425,0,24427,G
5-NP,525,3,3,24192,1,24199,G
5-NP,526,3,23977,1,11,23992,T
5-NP,527,1,6,2,23969,23978,C
5-NP,528,3,13,0,23977,23993,C
5-NP,529,6,6,23994,0,24006,G
5-NP,530,3,10,24194,1,24208,G
5-NP,531,24183,0,16,1,24200,A
5-NP,532,3,4,24476,0,24483,G
5-NP,533,3,6,1,24571,24581,C
5-NP,534,5,24412,2,19,24438,T
5-NP,535,15,9,24446,2,24472,G
5-NP,536,4,5,2,24549,24560,C
5-NP,537,24475,9,28,1,24513,A
5-NP,538,1,4,24602,1,24608,G
5-NP,539,5,5,24655,1,24666,G
5-NP,540,5,24662,0,11,24678,T
5-NP,541,3,5,24496,1,24505,G
5-NP,542,3,5,1,24630,24639,C
5-NP,543,3,24628,3,16,24650,T
5-NP,544,4,2,24680,0,24686,G
5-NP,545,4,5,1,24694,24704,C
5-NP,546,24968,5,16,1,24990,A
5-NP,547,2,3,25446,1,25452,G
5-NP,548,5,25313,1,12,25331,T
5-NP,549,6,4,0,25397,25407,C
5-NP,550,25343,3,3,2,25351,A
5-NP,551,25356,5,10,4,25375,A
5-NP,552,25314,10,38,4,25366,A
5-NP,553,3,3,25469,2,25477,G
5-NP,554,1,4,25582,1,25588,G
5-NP,555,25552,5,9,1,25567,A
5-NP,556,25464,0,3,0,25467,A
5-NP,557,4,25469,0,6,25479,T
5-NP,558,5,8,0,25457,25470,C
5-NP,559,10,8,25461,0,25479,G
5-NP,560,6,6,26156,3,26171,G
5-NP,561,8,6,26237,3,26254,G
5-NP,562,26175,0,25,0,26200,A
5-NP,563,3,5,0,26251,26259,C
5-NP,564,26062,5,4,1,26072,A
5-NP,565,26669,2,12,1,26684,A
5-NP,566,2,26771,1,5,26779,T
5-NP,567,6,4,26878,2,26890,G
5-NP,568,3,3,27136,3,27145,G
5-NP,569,5,26838,1,14,26858,T
5-NP,570,6,1,26925,1,26933,G
5-NP,571,26896,2,12,0,26910,A
5-NP,572,5,26838,2,8,26853,T
5-NP,573,5,3,26861,1,26870,G
5-NP,574,3,7,27442,1,27453,G
5-NP,575,27384,3,18,3,27408,A
5-NP,576,27440,5,8,0,27453,A
5-NP,577,1,4,0,27340,27345,C
5-NP,578,2,27103,0,12,27117,T
5-NP,579,27042,0,6,1,27049,A
5-NP,580,28221,5,11,0,28237,A
5-NP,581,6,28290,0,3,28299,T
5-NP,582,4,5,0,28323,28332,C
5-NP,583,27702,8,12,1,27723,A
5-NP,584,2,9,28135,1,28147,G
5-NP,585,28037,6,6,0,28049,A
5-NP,586,28051,3,9,1,28064,A
5-NP,587,1,28084,0,4,28089,T
5-NP,588,6,2,27940,1,27949,G
5-NP,589,12,4,28265,4,28285,G
5-NP,590,8,28263,1,28,28300,T
5-NP,591,2,5,2,28310,28319,C
5-NP,592,28316,3,7,4,28330,A
5-NP,593,28319,4,6,2,28331,A
5-NP,594,28354,3,24,2,28383,A
5-NP,595,1,4,0,28372,28377,C
5-NP,596,5,12,28314,3,28334,G
5-NP,597,2,15,28456,3,28476,G
5-NP,598,4,21,28239,3,28267,G
5-NP,599,5,11,28368,1,28385,G
5-NP,600,5,7,28414,2,28428,G
5-NP,601,28436,4,28,0,28468,A
5-NP,602,2,28249,4,17,28272,T
5-NP,603,7,3,1,28289,28300,C
5-NP,604,28366,2,11,1,28380,A
5-NP,605,28368,3,16,0,28387,A
5-NP,606,4,10,2,28180,28196,C
5-NP,607,6,3,28090,1,28100,G
5-NP,608,28069,5,5,0,28079,A
5-NP,609,4,28046,1,5,28056,T
5-NP,610,9,11,0,28040,28060,C
5-NP,611,5,3,28087,0,28095,G
5-NP,612,28063,2,12,0,28077,A
5-NP,613,28058,1,3,1,28063,A
5-NP,614,28032,3,6,3,28044,A
5-NP,615,4,28299,3,3,28309,T
5-NP,616,4,28232,5,8,28249,T
5-NP,617,5,28217,2,3,28227,T
5-NP,618,3,28341,1,4,28349,T
5-NP,619,4,28387,1,7,28399,T
5-NP,620,6,9,28424,3,28442,G
5-NP,621,6,8,28416,3,28433,G
5-NP,622,28257,5,22,4,28288,A
5-NP,623,1,3,28450,2,28456,G
5-NP,624,28121,5,7,1,28134,A
5-NP,625,4,7,29339,0,29350,G
5-NP,626,5,3,29440,1,29449,G
5-NP,627,4,29410,2,21,29437,T
5-NP,628,5,3,29491,0,29499,G
5-NP,629,29481,14,54,1,29550,A
5-NP,630,5,4,29712,0,29721,G
5-NP,631,29665,5,18,4,29692,A
5-NP,632,29626,5,10,5,29646,A
5-NP,633,2,29631,0,8,29641,T
5-NP,634,9,4,28861,2,28876,G
5-NP,635,5,6,28705,1,28717,G
5-NP,636,28499,9,69,2,28579,A
5-NP,637,4,10,1,28687,28702,C
5-NP,638,14,3,28706,0,28723,G
5-NP,639,6,5,29038,3,29052,G
5-NP,640,29012,3,5,2,29022,A
5-NP,641,29036,7,16,5,29064,A
5-NP,642,29356,2,5,2,29365,A
5-NP,643,29385,7,14,10,29416,A
5-NP,644,3,7,3,29598,29611,C
5-NP,645,29571,3,28,0,29602,A
5-NP,646,29562,2,12,1,29577,A
5-NP,647,2,3,29541,3,29549,G
5-NP,648,28857,6,9,1,28873,A
5-NP,649,28941,1,12,4,28958,A
5-NP,650,2,1,29537,2,29542,G
5-NP,651,4,29451,1,8,29464,T
5-NP,652,5,4,30831,0,30840,G
5-NP,653,5,5,6,30681,30697,C
5-NP,654,3,30756,3,20,30782,T
5-NP,655,1,30890,3,10,30904,T
5-NP,656,31217,4,1,4,31226,A
5-NP,657,1,31208,2,7,31218,T
5-NP,658,2,3,31336,0,31341,G
5-NP,659,30739,8,25,1,30773,A
5-NP,660,2,5,30920,0,30927,G
5-NP,661,29614,7,28,2,29651,A
5-NP,662,0,3,29777,1,29781,G
5-NP,663,29733,5,6,1,29745,A
5-NP,664,29985,1,6,2,29994,A
5-NP,665,1,29778,2,6,29787,T
5-NP,666,6,7,30125,3,30141,G
5-NP,667,6,29995,2,15,30018,T
5-NP,668,33,3,30055,1,30092,G
5-NP,669,2,12,1,29994,30009,C
5-NP,670,29986,5,8,1,30000,A
5-NP,671,29987,2,28,3,30020,A
5-NP,672,2,6,0,29942,29950,C
5-NP,673,29744,4,7,1,29756,A
5-NP,674,4,29802,4,4,29814,T
5-NP,675,1,29564,1,17,29583,T
5-NP,676,3,4,0,29667,29674,C
5-NP,677,4,29567,5,5,29581,T
5-NP,678,9,29590,1,8,29608,T
5-NP,679,29627,7,10,0,29644,A
5-NP,680,29488,1,8,3,29500,A
5-NP,681,29492,5,13,3,29513,A
5-NP,682,4,5,29514,1,29524,G
5-NP,683,3,7,29429,2,29441,G
5-NP,684,29357,8,5,0,29370,A
5-NP,685,29299,8,15,3,29325,A
5-NP,686,29329,2,9,0,29340,A
5-NP,687,29651,3,5,0,29659,A
5-NP,688,4,29573,2,4,29583,T
5-NP,689,9,29543,7,5,29564,T
5-NP,690,6,29706,3,7,29722,T
5-NP,691,3,4,2,29713,29722,C
5-NP,692,29729,4,14,2,29749,A
5-NP,693,29721,6,12,3,29742,A
5-NP,694,29702,5,15,1,29723,A
5-NP,695,6,8,1,29996,30011,C
5-NP,696,29642,1,6,3,29652,A
5-NP,697,5,8,30116,1,30130,G
5-NP,698,11,8,0,30070,30089,C
5-NP,699,7,30049,2,18,30076,T
5-NP,700,6,3,30610,2,30621,G
5-NP,701,5,15,1,30490,30511,C
5-NP,702,30733,8,56,3,30800,A
5-NP,703,7,14,2,30794,30817,C
5-NP,704,30581,2,5,2,30590,A
5-NP,705,30652,5,16,2,30675,A
5-NP,706,29932,3,44,6,29985,A
5-NP,707,2,5,30913,1,30921,G
5-NP,708,30827,6,59,2,30894,A
5-NP,709,14,3,30919,0,30936,G
5-NP,710,4,4,2,30762,30772,C
5-NP,711,30746,7,14,2,30769,A
5-NP,712,31566,5,19,4,31594,A
5-NP,713,4,31630,0,7,31641,T
5-NP,714,7,5,31684,1,31697,G
5-NP,715,2,1,31814,0,31817,G
5-NP,716,6,31082,0,21,31109,T
5-NP,717,10,5,31099,1,31115,G
5-NP,718,3,6,31313,1,31323,G
5-NP,719,31300,9,13,1,31323,A
5-NP,720,6,31233,1,14,31254,T
5-NP,721,4,3,2,30458,30467,C
5-NP,722,30586,1,11,3,30601,A
5-NP,723,30988,3,8,4,31003,A
5-NP,724,1,3,31084,0,31088,G
5-NP,725,3,30871,2,5,30881,T
5-NP,726,0,10,30897,3,30910,G
5-NP,727,30513,5,28,5,30551,A
5-NP,728,2,1,30681,2,30686,G
5-NP,729,30590,6,30,2,30628,A
5-NP,730,2,3,30666,3,30674,G
5-NP,731,30490,5,7,0,30502,A
5-NP,732,29976,1,5,1,29983,A
5-NP,733,30039,4,26,2,30071,A
5-NP,734,4,2,30198,0,30204,G
5-NP,735,6,30095,2,5,30108,T
5-NP,736,4,4,1,30099,30108,C
5-NP,737,13,7,29987,1,30008,G
5-NP,738,3,5,30068,3,30079,G
5-NP,739,30083,4,10,1,30098,A
5-NP,740,30224,6,11,0,30241,A
5-NP,741,5,4,0,30268,30277,C
5-NP,742,11,7,1,30034,30053,C
5-NP,743,10,7,1,30168,30186,C
5-NP,744,30167,3,29,2,30201,A
5-NP,745,3,4,30259,1,30267,G
5-NP,746,3,10,30304,2,30319,G
5-NP,747,30202,7,6,0,30215,A
5-NP,748,30153,3,12,4,30172,A
5-NP,749,30028,3,38,2,30071,A
5-NP,750,5,5,2,30062,30074,C
5-NP,751,4,2,30054,3,30063,G
5-NP,752,5,7,1,29982,29995,C
5-NP,753,3,29951,0,18,29972,T
5-NP,754,4,3,30019,2,30028,G
5-NP,755,29932,1,9,2,29944,A
5-NP,756,1,5,30334,2,30342,G
5-NP,757,30351,4,9,1,30365,A
5-NP,758,3,30346,0,5,30354,T
5-NP,759,5,5,1,30049,30060,C
5-NP,760,7,4,30127,2,30140,G
5-NP,761,30101,5,4,2,30112,A
5-NP,762,30078,3,6,3,30090,A
5-NP,763,3,6,30154,0,30163,G
5-NP,764,30179,2,3,1,30185,A
5-NP,765,10,29861,2,5,29878,T
5-NP,766,6,4,2,30137,30149,C
5-NP,767,5,30104,1,28,30138,T
5-NP,768,10,10,4,30237,30261,C
5-NP,769,30307,3,5,1,30316,A
5-NP,770,3,30266,0,6,30275,T
5-NP,771,30344,1,5,1,30351,A
5-NP,772,5,30255,2,4,30266,T
5-NP,773,1,30071,4,5,30081,T
5-NP,774,3,29980,5,7,29995,T
5-NP,775,1,29723,4,5,29733,T
5-NP,776,1,29792,2,9,29804,T
5-NP,777,29860,5,5,1,29871,A
5-NP,778,5,4,29830,1,29840,G
5-NP,779,3,9,3,29814,29829,C
5-NP,780,29729,5,9,2,29745,A
5-NP,781,29641,6,11,3,29661,A
5-NP,782,0,4,30573,0,30577,G
5-NP,783,30559,7,5,1,30572,A
5-NP,784,2,30560,2,7,30571,T
5-NP,785,3,2,5,30715,30725,C
5-NP,786,5,30592,3,23,30623,T
5-NP,787,7,2,31428,2,31439,G
5-NP,788,5,5,0,31488,31498,C
5-NP,789,31535,1,16,0,31552,A
5-NP,790,7,31796,3,4,31810,T
5-NP,791,5,30826,4,24,30859,T
5-NP,792,2,3,32541,0,32546,G
5-NP,793,33151,3,6,0,33160,A
5-NP,794,4,33113,1,6,33124,T
5-NP,795,33187,6,32,1,33226,A
5-NP,796,3,32625,3,10,32641,T
5-NP,797,3,32457,0,9,32469,T
5-NP,798,4,1,32622,4,32631,G
5-NP,799,32255,6,11,1,32273,A
5-NP,800,3,6,32508,2,32519,G
5-NP,801,30845,4,36,4,30889,A
5-NP,802,6,6,30309,0,30321,G
5-NP,803,2,10,30667,0,30679,G
5-NP,804,30617,7,9,1,30634,A
5-NP,805,3,30590,1,12,30606,T
5-NP,806,3,2,1,30699,30705,C
5-NP,807,30516,7,11,2,30536,A
5-NP,808,2,0,30656,1,30659,G
5-NP,809,6,30486,1,14,30507,T
5-NP,810,4,30325,2,5,30336,T
5-NP,811,11,5,30293,2,30311,G
5-NP,812,4,3,1,30073,30081,C
5-NP,813,5,30029,3,34,30071,T
5-NP,814,6,5,0,30208,30219,C
5-NP,815,30185,7,80,3,30275,A
5-NP,816,8,7,1,30291,30307,C
5-NP,817,30198,3,7,0,30208,A
5-NP,818,30340,1,8,4,30353,A
5-NP,819,30365,3,4,2,30374,A
5-NP,820,3,30314,1,2,30320,T
5-NP,821,5,3,0,30354,30362,C
5-NP,822,3,30308,2,12,30325,T
5-NP,823,3,30252,0,13,30268,T
5-NP,824,3,1,30316,1,30321,G
5-NP,825,7,25,1,30269,30302,C
5-NP,826,2,5,2,30707,30716,C
5-NP,827,7,30592,0,11,30610,T
5-NP,828,30756,6,5,1,30768,A
5-NP,829,4,7,3,30705,30719,C
5-NP,830,10,5,3,30693,30711,C
5-NP,831,10,30606,4,27,30647,T
5-NP,832,6,6,31089,1,31102,G
5-NP,833,14,5,2,30999,31020,C
5-NP,834,11,5,1,31049,31066,C
5-NP,835,4,30533,0,25,30562,T
5-NP,836,6,3,30956,0,30965,G
5-NP,837,8,30788,2,21,30819,T
5-NP,838,2,5,31157,0,31164,G
5-NP,839,6,13,2,31316,31337,C
5-NP,840,7,6,31794,0,31807,G
5-NP,841,3,31311,1,17,31332,T
5-NP,842,31250,7,6,2,31265,A
5-NP,843,2,31266,1,10,31279,T
5-NP,844,6,10,31240,4,31260,G
5-NP,845,5,6,32357,1,32369,G
5-NP,846,32233,2,17,0,32252,A
5-NP,847,5,7,0,31683,31695,C
5-NP,848,2,0,0,31663,31665,C
5-NP,849,6,31146,2,40,31194,T
5-NP,850,10,3,32633,0,32646,G
5-NP,851,4,13,2,32666,32685,C
5-NP,852,32742,1,18,1,32762,A
5-NP,853,4,4,33244,1,33253,G
5-NP,854,1,31693,1,6,31701,T
5-NP,855,32807,5,22,2,32836,A
5-NP,856,3,32697,1,19,32720,T
5-NP,857,10,4,0,32545,32559,C
5-NP,858,4,7,1,32620,32632,C
5-NP,859,31165,4,10,1,31180,A
5-NP,860,1,0,31337,0,31338,G
5-NP,861,1,31210,2,3,31216,T
5-NP,862,4,7,31407,3,31421,G
5-NP,863,10,9,31299,1,31319,G
5-NP,864,9,10,30782,4,30805,G
5-NP,865,3,30782,0,16,30801,T
5-NP,866,30717,4,13,2,30736,A
5-NP,867,1,6,1,30647,30655,C
5-NP,868,3,2,30537,0,30542,G
5-NP,869,30397,7,13,0,30417,A
5-NP,870,3,2,1,30409,30415,C
5-NP,871,2,29689,3,12,29706,T
5-NP,872,3,29739,2,6,29750,T
5-NP,873,4,8,2,29673,29687,C
5-NP,874,7,4,29705,1,29717,G
5-NP,875,29711,5,19,1,29736,A
5-NP,876,29699,6,8,1,29714,A
5-NP,877,29755,1,6,3,29765,A
5-NP,878,29718,2,3,2,29725,A
5-NP,879,29638,4,21,1,29664,A
5-NP,880,2,3,29790,0,29795,G
5-NP,881,29679,3,36,0,29718,A
5-NP,882,5,9,29903,1,29918,G
5-NP,883,8,10,30090,3,30111,G
5-NP,884,3,9,30155,0,30167,G
5-NP,885,30252,1,22,2,30277,A
5-NP,886,7,30249,0,9,30265,T
5-NP,887,30404,4,12,1,30421,A
5-NP,888,6,30349,4,11,30370,T
5-NP,889,8,30497,2,3,30510,T
5-NP,890,5,1,0,30662,30668,C
5-NP,891,1,1,0,30503,30505,C
5-NP,892,2,30126,0,9,30137,T
5-NP,893,2,30123,1,6,30132,T
5-NP,894,2,8,30407,0,30417,G
5-NP,895,5,4,30556,0,30565,G
5-NP,896,7,30402,0,9,30418,T
5-NP,897,9,11,30284,1,30305,G
5-NP,898,5,13,30189,1,30208,G
5-NP,899,10,3,31498,0,31511,G
5-NP,900,31499,2,11,1,31513,A
5-NP,901,31520,10,9,1,31540,A
5-NP,902,4,31525,1,6,31536,T
5-NP,903,31062,1,19,5,31087,A
5-NP,904,3,4,31086,4,31097,G
5-NP,905,30861,6,54,1,30922,A
5-NP,906,5,5,4,30866,30880,C
5-NP,907,8,5,2,30605,30620,C
5-NP,908,8,1,0,29621,29630,C
5-NP,909,3,29848,2,56,29909,T
5-NP,910,4,29906,2,12,29924,T
5-NP,911,6,29919,3,16,29944,T
5-NP,912,5,5,0,29969,29979,C
5-NP,913,29868,4,2,0,29874,A
5-NP,914,29884,3,7,2,29896,A
5-NP,915,29828,5,5,2,29840,A
5-NP,916,2,4,0,29836,29842,C
5-NP,917,3,29122,2,6,29133,T
5-NP,918,28926,3,4,0,28933,A
5-NP,919,1,2,1,29196,29200,C
5-NP,920,5,29067,0,10,29082,T
5-NP,921,3,29077,4,7,29091,T
5-NP,922,6,1,1,29191,29199,C
5-NP,923,29136,6,3,3,29148,A
5-NP,924,29146,4,4,3,29157,A
5-NP,925,29049,7,4,2,29062,A
5-NP,926,29050,4,17,2,29073,A
5-NP,927,4,28888,0,6,28898,T
5-NP,928,28508,1,10,1,28520,A
5-NP,929,3,5,28838,2,28848,G
5-NP,930,5,13,0,28930,28948,C
5-NP,931,4,3,1,29211,29219,C
5-NP,932,29234,3,3,2,29242,A
5-NP,933,29329,5,4,1,29339,A
5-NP,934,30067,5,4,3,30079,A
5-NP,935,3,30127,1,2,30133,T
5-NP,936,30285,3,6,1,30295,A
5-NP,937,2,30269,0,6,30277,T
5-NP,938,29830,8,15,3,29856,A
5-NP,939,2,4,4,29884,29894,C
5-NP,940,29216,2,18,0,29236,A
5-NP,941,3,3,29919,0,29925,G
5-NP,942,1,3,0,29834,29838,C
5-NP,943,1,28946,3,22,28972,T
5-NP,944,5,29169,0,7,29181,T
5-NP,945,29344,4,1,1,29350,A
5-NP,946,29342,3,9,1,29355,A
5-NP,947,4,29349,0,3,29356,T
5-NP,948,2,5,1,29326,29334,C
5-NP,949,28399,1,20,2,28422,A
5-NP,950,3,2,28590,1,28596,G
5-NP,951,28577,3,21,2,28603,A
5-NP,952,7,2,1,28718,28728,C
5-NP,953,6,2,3,28502,28513,C
5-NP,954,1,28212,0,15,28228,T
5-NP,955,28393,1,11,2,28407,A
5-NP,956,28383,2,7,1,28393,A
5-NP,957,2,12,1,28514,28529,C
5-NP,958,3,4,28521,0,28528,G
5-NP,959,28003,7,19,3,28032,A
5-NP,960,0,2,28069,3,28074,G
5-NP,961,27814,2,15,2,27833,A
5-NP,962,28041,0,8,1,28050,A
5-NP,963,6,27955,3,6,27970,T
5-NP,964,3,2,4,27728,27737,C
5-NP,965,4,9,1,27746,27760,C
5-NP,966,27440,70,31,3,27544,A
5-NP,967,6,2,27670,1,27679,G
5-NP,968,3,10,3,27654,27670,C
5-NP,969,27840,4,11,2,27857,A
5-NP,970,2,4,0,27981,27987,C
5-NP,971,27656,3,16,1,27676,A
5-NP,972,1,3,1,27689,27694,C
5-NP,973,27665,2,10,1,27678,A
5-NP,974,27725,8,22,3,27758,A
5-NP,975,1,4,27859,2,27866,G
5-NP,976,27566,4,13,0,27583,A
5-NP,977,4,0,27647,0,27651,G
5-NP,978,5,27022,2,170,27199,T
5-NP,979,2,7,1,27108,27118,C
5-NP,980,27039,1,16,0,27056,A
5-NP,981,3,4,27042,0,27049,G
5-NP,982,2,9,0,27025,27036,C
5-NP,983,2,26782,0,14,26798,T
5-NP,984,4,0,27074,2,27080,G
5-NP,985,1,4,27192,2,27199,G
5-NP,986,5,27046,1,16,27068,T
5-NP,987,2,2,27200,2,27206,G
5-NP,988,1,26981,2,17,27001,T
5-NP,989,7,0,26972,2,26981,G
5-NP,990,2,7,26924,2,26935,G
5-NP,991,26818,5,7,0,26830,A
5-NP,992,4,26846,0,20,26870,T
5-NP,993,6,1,25937,3,25947,G
5-NP,994,5,9,25814,1,25829,G
5-NP,995,1,7,2,25750,25760,C
5-NP,996,25571,4,15,0,25590,A
5-NP,997,4,25543,1,21,25569,T
5-NP,998,8,1,25443,1,25453,G
5-NP,999,5,10,0,25549,25564,C
5-NP,1000,1,10,0,25608,25619,C
5-NP,1001,25652,5,5,0,25662,A
5-NP,1002,1,25565,3,9,25578,T
5-NP,1003,2,25303,1,8,25314,T
5-NP,1004,3,2,0,25392,25397,C
5-NP,1005,1,25131,0,15,25147,T
5-NP,1006,6,0,25124,2,25132,G
5-NP,1007,5,3,2,25087,25097,C
5-NP,1008,4,24593,1,30,24628,T
5-NP,1009,4,3,24712,1,24720,G
5-NP,1010,2,4,0,24411,24417,C
5-NP,1011,24439,2,4,0,24445,A
5-NP,1012,3,24411,0,2,24416,T
5-NP,1013,1,24228,3,12,24244,T
5-NP,1014,3,24281,2,8,24294,T
5-NP,1015,6,6,24250,3,24265,G
5-NP,1016,24266,3,7,0,24276,A
5-NP,1017,24263,5,10,1,24279,A
5-NP,1018,1,0,24342,1,24344,G
5-NP,1019,24149,2,1,1,24153,A
5-NP,1020,4,24034,1,3,24042,T
5-NP,1021,4,23999,2,2,24007,T
5-NP,1022,3,24028,1,2,24034,T
5-NP,1023,24026,5,6,0,24037,A
5-NP,1024,24028,5,8,2,24043,A
5-NP,1025,1,1,24042,3,24047,G
5-NP,1026,23973,4,13,2,23992,A
5-NP,1027,5,23811,1,7,23824,T
5-NP,1028,1,23286,1,93,23381,T
5-NP,1029,1,2,23508,1,23512,G
5-NP,1030,4,23462,2,16,23484,T
5-NP,1031,6,23478,2,4,23490,T
5-NP,1032,23481,2,7,0,23490,A
5-NP,1033,23464,1,6,1,23472,A
5-NP,1034,2,0,23499,1,23502,G
5-NP,1035,2,1,0,23513,23516,C
5-NP,1036,0,23005,3,28,23036,T
5-NP,1037,6,23008,3,9,23026,T
5-NP,1038,5,4,1,23004,23014,C
5-NP,1039,23008,3,13,1,23025,A
5-NP,1040,3,22966,1,6,22976,T
5-NP,1041,2,2,1,23009,23014,C
5-NP,1042,22649,2,12,0,22663,A
5-NP,1043,3,1,22648,2,22654,G
5-NP,1044,22325,3,17,0,22345,A
5-NP,1045,6,5,22342,0,22353,G
5-NP,1046,2,8,22216,0,22226,G
5-NP,1047,12,5,22021,0,22038,G
5-NP,1048,22006,3,59,0,22068,A
5-NP,1049,4,7,0,22018,22029,C
5-NP,1050,22038,3,6,1,22048,A
5-NP,1051,22073,3,4,1,22081,A
5-NP,1052,22057,4,3,2,22066,A
5-NP,1053,22034,3,17,0,22054,A
5-NP,1054,4,2,22113,0,22119,G
5-NP,1055,0,21480,2,9,21491,T
5-NP,1056,21333,3,16,1,21353,A
5-NP,1057,2,21216,1,26,21245,T
5-NP,1058,4,4,1,21208,21217,C
5-NP,1059,2,21077,3,29,21111,T
5-NP,1060,5,1,0,21171,21177,C
5-NP,1061,3,3,0,20995,21001,C
5-NP,1062,4,20856,2,4,20866,T
5-NP,1063,5,1,2,20809,20817,C
5-NP,1064,9,6,20742,0,20757,G
5-NP,1065,8,8,20795,0,20811,G
5-NP,1066,6,6,20772,3,20787,G
5-NP,1067,4,4,20729,0,20737,G
5-NP,1068,8,6,20670,2,20686,G
5-NP,1069,20339,3,4,0,20346,A
5-NP,1070,20340,3,5,1,20349,A
5-NP,1071,20320,3,21,4,20348,A
5-NP,1072,2,2,2,20371,20377,C
5-NP,1073,1,20235,0,5,20241,T
5-NP,1074,6,0,20273,0,20279,G
5-NP,1075,3,20083,1,15,20102,T
5-NP,1076,4,6,1,20065,20076,C
5-NP,1077,20233,5,16,0,20254,A
5-NP,1078,20271,3,6,0,20280,A
5-NP,1079,1,2,0,20297,20300,C
5-NP,1080,1,20261,1,4,20267,T
5-NP,1081,19860,3,6,0,19869,A
5-NP,1082,1,1,19887,1,19890,G
5-NP,1083,19498,1,11,2,19512,A
5-NP,1084,1,5,19516,1,19523,G
5-NP,1085,1,2,19469,0,19472,G
5-NP,1086,18289,4,12,0,18305,A
5-NP,1087,3,1,18422,0,18426,G
5-NP,1088,1,18181,2,8,18192,T
5-NP,1089,18191,2,8,1,18202,A
5-NP,1090,4,3,2,18186,18195,C
5-NP,1091,17953,4,4,0,17961,A
5-NP,1092,17959,1,5,0,17965,A
5-NP,1093,17784,1,6,0,17791,A
5-NP,1094,4,17591,3,2,17600,T
5-NP,1095,1,17456,3,4,17464,T
5-NP,1096,1,0,16864,1,16866,G
5-NP,1097,5,4,2,16583,16594,C
5-NP,1098,2,16532,7,12,16553,T
5-NP,1099,6,16473,2,12,16493,T
5-NP,1100,5,2,0,16517,16524,C
5-NP,1101,16529,1,3,0,16533,A
5-NP,1102,16542,2,4,1,16549,A
5-NP,1103,16535,3,2,2,16542,A
5-NP,1104,3,16532,2,3,16540,T
5-NP,1105,4,3,16521,0,16528,G
5-NP,1106,16191,3,25,1,16220,A
5-NP,1107,0,1,16211,0,16212,G
5-NP,1108,16240,3,15,1,16259,A
5-NP,1109,16228,3,4,0,16235,A
5-NP,1110,2,2,0,16177,16181,C
5-NP,1111,15957,2,7,0,15966,A
5-NP,1112,0,15938,0,5,15943,T
5-NP,1113,8,0,15919,1,15928,G
5-NP,1114,3,2,15943,0,15948,G
5-NP,1115,15914,2,11,0,15927,A
5-NP,1116,2,15537,0,2,15541,T
5-NP,1117,15305,0,1,1,15307,A
5-NP,1118,15465,3,4,0,15472,A
5-NP,1119,3,15094,0,0,15097,T
5-NP,1120,14981,2,4,0,14987,A
5-NP,1121,1,14903,0,4,14908,T
5-NP,1122,8,5,13439,3,13455,G
5-NP,1123,3,3,13029,0,13035,G
5-NP,1124,0,4,12968,1,12973,G
5-NP,1125,12869,2,7,1,12879,A
5-NP,1126,2,12859,0,2,12863,T
5-NP,1127,2,2,0,9087,9091,C
5-NP,1128,4,1,9076,0,9081,G
5-NP,1129,9031,1,11,1,9044,A
5-NP,1130,3,1,9045,0,9049,G
5-NP,1131,1,4,1,9011,9017,C
5-NP,1132,8840,0,1,1,8842,A
5-NP,1133,1,1,0,8912,8914,C
5-NP,1134,1,8692,1,3,8697,T
5-NP,1135,0,1,0,8726,8727,C
5-NP,1136,2,8689,2,6,8699,T
5-NP,1137,1,8468,1,2,8472,T
5-NP,1138,1,1,8468,0,8470,G
5-NP,1139,8415,3,5,1,8424,A
5-NP,1140,8431,1,1,0,8433,A
5-NP,1141,1,1,0,8415,8417,C
5-NP,1142,0,5250,0,1,5251,T
5-NP,1143,0,0,5260,0,5260,G
5-NP,1144,4913,1,3,0,4917,A
5-NP,1145,1,0,4918,0,4919,G
5-NP,1146,4917,0,1,0,4918,A
5-NP,1147,4702,0,0,0,4702,A
5-NP,1148,1,1,4702,0,4704,G
5-NP,1149,0,2,0,4451,4453,C
5-NP,1150,4,1,4411,0,4416,G
5-NP,1151,2,1,4393,0,4396,G
5-NP,1152,4,3,4089,0,4096,G
5-NP,1153,1,4024,0,0,4025,T
5-NP,1154,3795,1,2,0,3798,A
5-NP,1155,2,0,1,3766,3769,C
5-NP,1156,0,2010,0,1,2011,T
5-NP,1157,1,0,1894,0,1895,G
5-NP,1158,0,0,1725,0,1725,G
5-NP,1159,1,0,1573,0,1574,G
5-NP,1160,1,0,0,1513,1514,C
5-NP,1161,0,0,0,1150,1150,C
5-NP,1162,1146,0,0,0,1146,A
5-NP,1163,0,1143,0,0,1143,T
5-NP,1164,1144,0,0,0,1144,A
5-NP,1165,1148,1,0,0,1149,A
5-NP,1166,0,0,1139,0,1139,G
5-NP,1167,0,1,1168,0,1169,G
5-NP,1168,1138,1,1,0,1140,A
5-NP,1169,1,1,0,1132,1134,C
5-NP,1170,1,0,0,1128,1129,C
5-NP,1171,1127,0,1,0,1128,A
5-NP,1172,0,0,1148,0,1148,G
5-NP,1173,0,0,1154,0,1154,G
5-NP,1174,1151,0,1,0,1152,A
5-NP,1175,0,0,1157,0,1157,G
5-NP,1176,0,1107,0,2,1109,T
5-NP,1177,0,0,1117,0,1117,G
5-NP,1178,0,1,1129,0,1130,G
5-NP,1179,1123,0,1,0,1124,A
5-NP,1180,0,0,1128,0,1128,G
5-NP,1181,1,0,1111,0,1112,G
5-NP,1182,1100,1,0,1,1102,A
5-NP,1183,1104,0,1,0,1105,A
5-NP,1184,1101,0,0,0,1101,A
5-NP,1185,0,0,0,1111,1111,C
5-NP,1186,1110,0,0,0,1110,A
5-NP,1187,0,0,0,1130,1130,C
5-NP,1188,0,1107,0,0,1107,T
5-NP,1189,1137,0,0,0,1137,A
5-NP,1190,1136,0,0,0,1136,A
5-NP,1191,0,1133,0,0,1133,T
5-NP,1192,0,1,0,1146,1147,C
5-NP,1193,1136,0,0,0,1136,A
5-NP,1194,1152,0,2,0,1154,A
5-NP,1195,2,0,0,1157,1159,C
5-NP,1196,1141,0,0,0,1141,A
5-NP,1197,0,0,1140,0,1140,G
5-NP,1198,1108,0,1,0,1109,A
5-NP,1199,1,0,1117,0,1118,G
5-NP,1200,0,1,1124,0,1125,G
5-NP,1201,0,1,1113,0,1114,G
5-NP,1202,1,1,0,1110,1112,C
5-NP,1203,0,1,0,1107,1108,C
5-NP,1204,0,1092,0,0,1092,T
5-NP,1205,0,0,0,1106,1106,C
5-NP,1206,0,0,0,1104,1104,C
5-NP,1207,0,0,1105,0,1105,G
5-NP,1208,0,0,0,1105,1105,C
5-NP,1209,1093,0,0,0,1093,A
5-NP,1210,1,0,1123,0,1124,G
5-NP,1211,0,0,1129,0,1129,G
5-NP,1212,0,1,0,1127,1128,C
5-NP,1213,1,0,0,1132,1133,C
5-NP,1214,1123,0,0,0,1123,A
5-NP,1215,1127,1,0,0,1128,A
5-NP,1216,1128,0,0,1,1129,A
5-NP,1217,0,0,0,1134,1134,C
5-NP,1218,0,0,0,1137,1137,C
5-NP,1219,1084,1,0,0,1085,A
5-NP,1220,0,0,1107,0,1107,G
5-NP,1221,0,1097,0,0,1097,T
5-NP,1222,0,0,1104,0,1104,G
5-NP,1223,0,1102,0,0,1102,T
5-NP,1224,0,0,1097,0,1097,G
5-NP,1225,0,0,0,1101,1101,C
5-NP,1226,1097,0,1,0,1098,A
5-NP,1227,1110,0,2,0,1112,A
5-NP,1228,0,0,0,1115,1115,C
5-NP,1229,0,0,0,1109,1109,C
5-NP,1230,0,1097,0,2,1099,T
5-NP,1231,1099,0,1,0,1100,A
5-NP,1232,0,0,0,1100,1100,C
5-NP,1233,0,0,1099,0,1099,G
5-NP,1234,0,1095,0,0,1095,T
5-NP,1235,0,1096,0,0,1096,T
5-NP,1236,0,1084,0,0,1084,T
5-NP,1237,0,1080,0,0,1080,T
5-NP,1238,0,0,0,1077,1077,C
5-NP,1239,1,1066,0,2,1069,T
5-NP,1240,1,0,1096,0,1097,G
5-NP,1241,0,1092,0,0,1092,T
5-NP,1242,1095,0,0,0,1095,A
5-NP,1243,0,0,0,1096,1096,C
5-NP,1244,1082,0,0,0,1082,A
5-NP,1245,1085,0,0,0,1085,A
5-NP,1246,1080,1,0,0,1081,A
5-NP,1247,0,0,1088,0,1088,G
5-NP,1248,1087,1,0,0,1088,A
5-NP,1249,1054,0,0,0,1054,A
5-NP,1250,1056,0,1,0,1057,A
5-NP,1251,0,0,0,1059,1059,C
5-NP,1252,0,1,0,1044,1045,C
5-NP,1253,0,1038,0,1,1039,T
5-NP,1254,0,1,0,1040,1041,C
5-NP,1255,2,0,0,1040,1042,C
5-NP,1256,0,0,0,1043,1043,C
5-NP,1257,1042,0,0,0,1042,A
5-NP,1258,0,1042,0,0,1042,T
5-NP,1259,0,1039,0,0,1039,T
5-NP,1260,1,1042,0,0,1043,T
5-NP,1261,0,0,1036,0,1036,G
5-NP,1262,1036,1,0,0,1037,A
5-NP,1263,1040,0,0,0,1040,A
5-NP,1264,1039,0,0,0,1039,A
5-NP,1265,1036,0,0,0,1036,A
5-NP,1266,0,0,1043,0,1043,G
5-NP,1267,0,1037,0,0,1037,T
5-NP,1268,0,0,0,1039,1039,C
5-NP,1269,1037,0,0,0,1037,A
5-NP,1270,1045,0,0,0,1045,A
5-NP,1271,0,0,0,1041,1041,C
5-NP,1272,0,0,0,1054,1054,C
5-NP,1273,1053,0,1,0,1054,A
5-NP,1274,1,1052,0,1,1054,T
5-NP,1275,0,0,0,1045,1045,C
5-NP,1276,1041,0,0,0,1041,A
5-NP,1277,0,1043,0,0,1043,T
5-NP,1278,0,0,1042,0,1042,G
5-NP,1279,0,0,1046,0,1046,G
5-NP,1280,0,0,0,1045,1045,C
5-NP,1281,1030,0,0,0,1030,A
5-NP,1282,0,0,1027,0,1027,G
5-NP,1283,0,0,0,1021,1021,C
5-NP,1284,1024,0,0,0,1024,A
5-NP,1285,0,1019,0,0,1019,T
5-NP,1286,0,1013,0,0,1013,T
5-NP,1287,0,0,0,1019,1019,C
5-NP,1288,1012,0,0,0,1012,A
5-NP,1289,0,0,0,1021,1021,C
5-NP,1290,0,1015,0,0,1015,T
5-NP,1291,0,1,1017,0,1018,G
5-NP,1292,0,0,1015,0,1015,G
5-NP,1293,1010,1,0,0,1011,A
5-NP,1294,1015,0,0,0,1015,A
5-NP,1295,1016,0,1,0,1017,A
5-NP,1296,0,1003,0,0,1003,T
5-NP,1297,1011,1,0,0,1012,A
5-NP,1298,0,1,0,1008,1009,C
5-NP,1299,1,0,997,0,998,G
5-NP,1300,0,0,994,0,994,G
5-NP,1301,990,0,1,0,991,A
5-NP,1302,980,0,1,0,981,A
5-NP,1303,0,0,992,0,992,G
5-NP,1304,0,0,997,0,997,G
5-NP,1305,997,0,0,0,997,A
5-NP,1306,993,0,1,0,994,A
5-NP,1307,0,0,995,0,995,G
5-NP,1308,985,0,9,0,994,A
5-NP,1309,987,0,1,0,988,A
5-NP,1310,0,0,0,991,991,C
5-NP,1311,0,979,0,1,980,T
5-NP,1312,0,985,0,0,985,T
5-NP,1313,0,0,0,981,981,C
5-NP,1314,987,0,0,0,987,A
5-NP,1315,0,0,989,0,989,G
5-NP,1316,987,0,0,0,987,A
5-NP,1317,0,1,0,981,982,C
5-NP,1318,973,0,0,0,973,A
5-NP,1319,0,949,0,0,949,T
5-NP,1320,0,0,953,0,953,G
5-NP,1321,940,0,0,0,940,A
5-NP,1322,0,0,946,0,946,G
5-NP,1323,1,0,943,0,944,G
5-NP,1324,2,0,942,0,944,G
5-NP,1325,0,1,0,943,944,C
5-NP,1326,930,1,0,0,931,A
5-NP,1327,0,0,931,0,931,G
5-NP,1328,928,0,1,0,929,A
5-NP,1329,935,0,0,0,935,A
5-NP,1330,934,0,1,0,935,A
5-NP,1331,0,919,0,2,921,T
5-NP,1332,0,0,0,925,925,C
5-NP,1333,918,0,0,0,918,A
5-NP,1334,0,916,0,0,916,T
5-NP,1335,923,0,0,0,923,A
5-NP,1336,913,0,0,0,913,A
5-NP,1337,0,0,923,0,923,G
5-NP,1338,910,0,0,0,910,A
5-NP,1339,916,0,0,1,917,A
5-NP,1340,0,898,0,1,899,T
5-NP,1341,0,0,896,0,896,G
5-NP,1342,897,0,0,0,897,A
5-NP,1343,0,895,0,2,897,T
5-NP,1344,0,0,900,0,900,G
5-NP,1345,1,0,898,0,899,G
5-NP,1346,888,0,0,0,888,A
5-NP,1347,889,0,0,0,889,A
5-NP,1348,858,1,0,0,859,A
5-NP,1349,0,0,863,0,863,G
5-NP,1350,0,859,0,0,859,T
5-NP,1351,0,0,863,1,864,G
5-NP,1352,0,0,0,862,862,C
5-NP,1353,863,1,0,0,864,A
5-NP,1354,862,0,1,0,863,A
5-NP,1355,861,0,0,0,861,A
5-NP,1356,865,0,0,0,865,A
5-NP,1357,0,0,0,869,869,C
5-NP,1358,0,0,0,859,859,C
5-NP,1359,849,0,2,0,851,A
5-NP,1360,0,0,856,0,856,G
5-NP,1361,855,0,2,0,857,A
5-NP,1362,860,0,0,0,860,A
5-NP,1363,0,0,859,0,859,G
5-NP,1364,859,0,0,0,859,A
5-NP,1365,832,1,0,4,837,A
5-NP,1366,0,0,840,0,840,G
5-NP,1367,0,833,0,1,834,T
5-NP,1368,0,0,837,0,837,G
5-NP,1369,0,828,0,1,829,T
5-NP,1370,0,1,0,828,829,C
5-NP,1371,834,0,0,0,834,A
5-NP,1372,0,835,0,0,835,T
5-NP,1373,0,831,0,0,831,T
5-NP,1374,0,0,0,835,835,C
5-NP,1375,0,1,0,815,816,C
5-NP,1376,0,0,815,0,815,G
5-NP,1377,805,0,0,0,805,A
5-NP,1378,0,0,810,0,810,G
5-NP,1379,0,1,811,0,812,G
5-NP,1380,0,0,812,0,812,G
5-NP,1381,792,0,0,0,792,A
5-NP,1382,0,2,787,0,789,G
5-NP,1383,0,0,790,0,790,G
5-NP,1384,0,0,787,0,787,G
5-NP,1385,1,0,788,0,789,G
5-NP,1386,772,2,0,0,774,A
5-NP,1387,0,0,776,0,776,G
5-NP,1388,0,765,0,0,765,T
5-NP,1389,0,0,0,761,761,C
5-NP,1390,0,769,0,0,769,T
5-NP,1391,0,770,0,0,770,T
5-NP,1392,0,0,0,773,773,C
5-NP,1393,0,0,771,0,771,G
5-NP,1394,769,0,0,0,769,A
5-NP,1395,0,0,767,0,767,G
5-NP,1396,0,0,0,756,756,C
5-NP,1397,0,749,0,2,751,T
5-NP,1398,0,0,0,759,759,C
5-NP,1399,0,759,0,1,760,T
5-NP,1400,1,0,0,759,760,C
5-NP,1401,758,1,2,0,761,A
5-NP,1402,0,0,763,0,763,G
5-NP,1403,761,0,0,1,762,A
5-NP,1404,0,0,0,761,761,C
5-NP,1405,1,0,755,0,756,G
5-NP,1406,735,0,2,0,737,A
5-NP,1407,0,0,735,1,736,G
5-NP,1408,731,0,0,0,731,A
5-NP,1409,728,1,0,0,729,A
5-NP,1410,0,1,731,0,732,G
5-NP,1411,0,0,723,0,723,G
5-NP,1412,0,0,0,722,722,C
5-NP,1413,717,0,1,0,718,A
5-NP,1414,719,0,0,0,719,A
5-NP,1415,0,0,0,717,717,C
5-NP,1416,0,0,717,0,717,G
5-NP,1417,716,0,0,0,716,A
5-NP,1418,712,1,0,0,713,A
5-NP,1419,0,0,0,711,711,C
5-NP,1420,0,0,0,711,711,C
5-NP,1421,0,0,0,706,706,C
5-NP,1422,2,1,699,0,702,G
5-NP,1423,704,0,0,0,704,A
5-NP,1424,0,702,0,0,702,T
5-NP,1425,0,0,0,688,688,C
5-NP,1426,0,0,686,0,686,G
5-NP,1427,1,678,0,0,679,T
5-NP,1428,0,0,680,0,680,G
5-NP,1429,1,0,0,681,682,C
5-NP,1430,0,0,0,680,680,C
5-NP,1431,0,1,0,678,679,C
5-NP,1432,0,669,0,2,671,T
5-NP,1433,0,0,0,681,681,C
5-NP,1434,0,681,0,0,681,T
5-NP,1435,0,681,0,0,681,T
5-NP,1436,0,677,0,0,677,T
5-NP,1437,0,675,0,0,675,T
5-NP,1438,0,0,673,0,673,G
5-NP,1439,670,0,0,0,670,A
5-NP,1440,0,666,0,0,666,T
5-NP,1441,658,1,0,0,659,A
5-NP,1442,0,558,0,0,558,T
5-NP,1443,0,0,564,0,564,G
5-NP,1444,557,0,0,0,557,A
5-NP,1445,0,0,558,0,558,G
5-NP,1446,0,555,0,0,555,T
5-NP,1447,548,0,0,0,548,A
5-NP,1448,548,0,0,0,548,A
5-NP,1449,0,547,0,0,547,T
5-NP,1450,0,0,547,0,547,G
5-NP,1451,547,0,0,0,547,A
5-NP,1452,466,0,2,0,468,A
5-NP,1453,0,0,466,0,466,G
5-NP,1454,0,0,436,0,436,G
5-NP,1455,433,0,0,0,433,A
5-NP,1456,0,430,0,0,430,T
5-NP,1457,1,0,0,424,425,C
5-NP,1458,0,422,0,0,422,T
5-NP,1459,0,420,0,0,420,T
5-NP,1460,420,0,0,0,420,A
5-NP,1461,0,421,0,0,421,T
5-NP,1462,0,411,0,0,411,T
5-NP,1463,0,402,0,0,402,T
5-NP,1464,0,0,0,392,392,C
5-NP,1465,0,379,0,0,379,T
5-NP,1466,0,379,0,0,379,T
5-NP,1467,0,0,0,379,379,C
5-NP,1468,0,0,378,0,378,G
5-NP,1469,1,0,378,0,379,G
5-NP,1470,375,0,0,0,375,A
5-NP,1471,0,0,377,0,377,G
5-NP,1472,374,0,0,0,374,A
5-NP,1473,0,0,0,373,373,C
5-NP,1474,345,0,0,0,345,A
5-NP,1475,346,0,0,0,346,A
5-NP,1476,1,345,0,0,346,T
5-NP,1477,0,0,346,0,346,G
5-NP,1478,0,0,0,346,346,C
5-NP,1479,336,1,0,0,337,A
5-NP,1480,0,0,337,0,337,G
5-NP,1481,335,0,0,0,335,A
5-NP,1482,316,0,0,0,316,A
5-NP,1483,0,0,315,0,315,G
5-NP,1484,213,0,0,0,213,A
5-NP,1485,0,0,215,0,215,G
5-NP,1486,0,186,0,0,186,T
5-NP,1487,186,0,0,0,186,A
5-NP,1488,0,175,0,0,175,T
5-NP,1489,0,0,175,0,175,G
5-NP,1490,175,0,0,0,175,A
5-NP,1491,0,0,0,175,175,C
5-NP,1492,112,0,0,0,112,A
5-NP,1493,112,0,0,0,112,A
5-NP,1494,0,79,0,0,79,T
5-NP,1495,0,74,0,0,74,T
5-NP,1496,75,0,0,0,75,A
5-NP,1497,75,0,0,0,75,A
6-NA,1,125,0,0,0,125,A
6-NA,2,0,124,0,0,124,T
6-NA,3,0,0,124,0,124,G
6-NA,4,126,0,0,0,126,A
6-NA,5,137,0,0,0,137,A
6-NA,6,0,136,0,0,136,T
6-NA,7,0,0,0,138,138,C
6-NA,8,0,0,0,138,138,C
6-NA,9,138,0,0,0,138,A
6-NA,10,142,0,0,0,142,A
6-NA,11,142,0,0,0,142,A
6-NA,12,0,142,0,0,142,T
6-NA,13,0,0,0,144,144,C
6-NA,14,141,0,0,1,142,A
6-NA,15,144,0,0,0,144,A
6-NA,16,143,0,0,0,143,A
6-NA,17,155,0,0,0,155,A
6-NA,18,0,0,166,0,166,G
6-NA,19,172,0,0,0,172,A
6-NA,20,0,175,0,0,175,T
6-NA,21,178,0,0,0,178,A
6-NA,22,180,0,0,0,180,A
6-NA,23,0,183,0,0,183,T
6-NA,24,184,0,0,0,184,A
6-NA,25,185,0,0,0,185,A
6-NA,26,0,0,0,194,194,C
6-NA,27,1,0,194,0,195,G
6-NA,28,195,0,0,0,195,A
6-NA,29,0,194,0,0,194,T
6-NA,30,0,195,0,0,195,T
6-NA,31,0,0,197,0,197,G
6-NA,32,0,0,218,0,218,G
6-NA,33,0,0,0,220,220,C
6-NA,34,0,219,0,0,219,T
6-NA,35,0,0,0,229,229,C
6-NA,36,0,230,0,0,230,T
6-NA,37,0,0,245,0,245,G
6-NA,38,0,245,0,0,245,T
6-NA,39,0,248,0,0,248,T
6-NA,40,0,251,0,0,251,T
6-NA,41,0,0,0,260,260,C
6-NA,42,0,259,0,1,260,T
6-NA,43,0,0,0,261,261,C
6-NA,44,0,259,0,1,260,T
6-NA,45,0,0,0,269,269,C
6-NA,46,268,0,1,0,269,A
6-NA,47,0,0,0,285,285,C
6-NA,48,0,0,0,286,286,C
6-NA,49,287,0,0,0,287,A
6-NA,50,0,288,0,0,288,T
6-NA,51,0,300,0,0,300,T
6-NA,52,0,303,0,0,303,T
6-NA,53,0,0,0,310,310,C
6-NA,54,0,0,0,313,313,C
6-NA,55,316,0,0,0,316,A
6-NA,56,0,0,0,341,341,C
6-NA,57,341,0,0,0,341,A
6-NA,58,359,0,0,0,359,A
6-NA,59,0,359,0,0,359,T
6-NA,60,376,0,0,0,376,A
6-NA,61,0,378,0,0,378,T
6-NA,62,0,0,377,0,377,G
6-NA,63,0,0,0,379,379,C
6-NA,64,0,378,0,1,379,T
6-NA,65,0,381,0,0,381,T
6-NA,66,0,0,0,385,385,C
6-NA,67,0,387,0,0,387,T
6-NA,68,0,387,0,0,387,T
6-NA,69,0,1,0,383,384,C
6-NA,70,383,0,1,0,384,A
6-NA,71,1,385,0,0,386,T
6-NA,72,0,0,386,0,386,G
6-NA,73,0,0,0,389,389,C
6-NA,74,389,0,1,0,390,A
6-NA,75,392,0,0,0,392,A
6-NA,76,392,0,0,0,392,A
6-NA,77,0,399,0,0,399,T
6-NA,78,0,396,0,2,398,T
6-NA,79,0,0,399,0,399,G
6-NA,80,0,0,0,401,401,C
6-NA,81,0,0,0,401,401,C
6-NA,82,404,0,0,0,404,A
6-NA,83,0,405,0,0,405,T
6-NA,84,0,0,0,441,441,C
6-NA,85,0,441,0,0,441,T
6-NA,86,0,441,0,1,442,T
6-NA,87,0,0,451,0,451,G
6-NA,88,451,0,0,0,451,A
6-NA,89,0,457,0,0,457,T
6-NA,90,459,0,0,0,459,A
6-NA,91,458,0,0,0,458,A
6-NA,92,0,0,0,519,519,C
6-NA,93,0,523,0,0,523,T
6-NA,94,530,0,0,0,530,A
6-NA,95,0,0,0,564,564,C
6-NA,96,1,559,0,0,560,T
6-NA,97,0,0,568,0,568,G
6-NA,98,0,569,0,0,569,T
6-NA,99,568,1,0,0,569,A
6-NA,100,580,0,0,0,580,A
6-NA,101,0,0,0,573,573,C
6-NA,102,575,0,0,0,575,A
6-NA,103,0,574,0,0,574,T
6-NA,104,0,574,0,0,574,T
6-NA,105,0,0,573,0,573,G
6-NA,106,0,0,0,579,579,C
6-NA,107,588,0,0,0,588,A
6-NA,108,0,588,0,0,588,T
6-NA,109,0,585,0,1,586,T
6-NA,110,0,586,0,0,586,T
6-NA,111,0,0,0,585,585,C
6-NA,112,585,0,0,0,585,A
6-NA,113,589,0,0,0,589,A
6-NA,114,0,0,590,0,590,G
6-NA,115,0,0,0,594,594,C
6-NA,116,591,0,1,0,592,A
6-NA,117,615,0,0,0,615,A
6-NA,118,0,628,0,0,628,T
6-NA,119,628,0,0,0,628,A
6-NA,120,0,628,0,0,628,T
6-NA,121,0,0,644,0,644,G
6-NA,122,643,0,0,0,643,A
6-NA,123,655,0,0,0,655,A
6-NA,124,0,657,0,0,657,T
6-NA,125,0,657,0,0,657,T
6-NA,126,0,1,0,655,656,C
6-NA,127,653,0,0,0,653,A
6-NA,128,657,0,0,0,657,A
6-NA,129,0,0,0,656,656,C
6-NA,130,0,657,0,0,657,T
6-NA,131,0,0,0,655,655,C
6-NA,132,0,0,0,660,660,C
6-NA,133,0,1,0,679,680,C
6-NA,134,0,0,0,678,678,C
6-NA,135,1,0,0,678,679,C
6-NA,136,0,0,0,687,687,C
6-NA,137,0,0,0,692,692,C
6-NA,138,692,0,1,0,693,A
6-NA,139,689,0,0,0,689,A
6-NA,140,689,1,0,0,690,A
6-NA,141,0,1,0,707,708,C
6-NA,142,705,1,0,0,706,A
6-NA,143,728,0,0,0,728,A
6-NA,144,0,0,0,731,731,C
6-NA,145,0,0,0,729,729,C
6-NA,146,748,0,0,0,748,A
6-NA,147,751,0,1,0,752,A
6-NA,148,0,0,767,0,767,G
6-NA,149,0,767,0,0,767,T
6-NA,150,0,0,764,0,764,G
6-NA,151,772,1,0,0,773,A
6-NA,152,0,770,0,0,770,T
6-NA,153,1,0,771,0,772,G
6-NA,154,0,0,0,771,771,C
6-NA,155,0,759,1,0,760,T
6-NA,156,0,0,816,0,816,G
6-NA,157,0,812,0,1,813,T
6-NA,158,0,0,817,0,817,G
6-NA,159,0,820,0,0,820,T
6-NA,160,1,0,815,1,817,G
6-NA,161,832,0,0,0,832,A
6-NA,162,835,0,0,0,835,A
6-NA,163,0,0,0,834,834,C
6-NA,164,1,0,0,833,834,C
6-NA,165,820,1,0,0,821,A
6-NA,166,822,0,0,0,822,A
6-NA,167,0,0,0,821,821,C
6-NA,168,817,0,0,0,817,A
6-NA,169,0,0,815,0,815,G
6-NA,170,0,880,1,0,881,T
6-NA,171,882,0,0,0,882,A
6-NA,172,881,0,0,0,881,A
6-NA,173,0,882,0,1,883,T
6-NA,174,876,0,2,0,878,A
6-NA,175,0,1,884,0,885,G
6-NA,176,877,0,0,0,877,A
6-NA,177,876,0,0,1,877,A
6-NA,178,871,0,2,0,873,A
6-NA,179,1,0,873,0,874,G
6-NA,180,896,0,1,0,897,A
6-NA,181,895,0,0,0,895,A
6-NA,182,934,0,3,0,937,A
6-NA,183,0,0,0,934,934,C
6-NA,184,937,0,0,0,937,A
6-NA,185,0,945,0,1,946,T
6-NA,186,956,0,0,0,956,A
6-NA,187,960,0,0,0,960,A
6-NA,188,0,0,0,973,973,C
6-NA,189,963,1,1,0,965,A
6-NA,190,0,0,1001,0,1001,G
6-NA,191,994,1,2,0,997,A
6-NA,192,0,0,1002,0,1002,G
6-NA,193,1005,0,0,0,1005,A
6-NA,194,0,1038,0,0,1038,T
6-NA,195,1034,0,1,0,1035,A
6-NA,196,1,0,1055,1,1057,G
6-NA,197,0,1049,0,1,1050,T
6-NA,198,0,0,1072,0,1072,G
6-NA,199,0,1071,0,0,1071,T
6-NA,200,1066,0,0,0,1066,A
6-NA,201,0,1065,0,1,1066,T
6-NA,202,1,1,0,1063,1065,C
6-NA,203,0,1057,0,1,1058,T
6-NA,204,0,0,1092,0,1092,G
6-NA,205,1085,0,0,0,1085,A
6-NA,206,0,0,0,1081,1081,C
6-NA,207,0,0,0,1076,1076,C
6-NA,208,1073,0,0,0,1073,A
6-NA,209,1077,0,0,0,1077,A
6-NA,210,1,0,0,1086,1087,C
6-NA,211,1086,0,0,0,1086,A
6-NA,212,0,0,0,1123,1123,C
6-NA,213,0,0,0,1114,1114,C
6-NA,214,1143,0,0,0,1143,A
6-NA,215,0,0,0,1178,1178,C
6-NA,216,0,0,0,1180,1180,C
6-NA,217,1195,0,0,0,1195,A
6-NA,218,0,1188,0,1,1189,T
6-NA,219,1186,0,0,0,1186,A
6-NA,220,0,0,1193,0,1193,G
6-NA,221,1183,0,0,0,1183,A
6-NA,222,0,0,1193,0,1193,G
6-NA,223,1179,0,1,0,1180,A
6-NA,224,1157,0,0,0,1157,A
6-NA,225,0,0,1166,0,1166,G
6-NA,226,0,0,1167,0,1167,G
6-NA,227,1167,1,0,0,1168,A
6-NA,228,1177,0,0,0,1177,A
6-NA,229,1173,0,1,0,1174,A
6-NA,230,0,1177,0,0,1177,T
6-NA,231,1166,0,0,0,1166,A
6-NA,232,0,1161,0,1,1162,T
6-NA,233,2,0,1158,0,1160,G
6-NA,234,0,0,0,1171,1171,C
6-NA,235,0,0,0,1163,1163,C
6-NA,236,0,0,0,1167,1167,C
6-NA,237,0,0,0,1168,1168,C
6-NA,238,1168,0,0,0,1168,A
6-NA,239,1180,1,0,0,1181,A
6-NA,240,1183,0,1,0,1184,A
6-NA,241,0,0,0,1189,1189,C
6-NA,242,1,1187,0,0,1188,T
6-NA,243,1185,0,1,0,1186,A
6-NA,244,0,0,1190,0,1190,G
6-NA,245,0,0,0,1188,1188,C
6-NA,246,1190,0,0,0,1190,A
6-NA,247,0,0,1204,0,1204,G
6-NA,248,1191,0,0,0,1191,A
6-NA,249,1218,0,0,0,1218,A
6-NA,250,0,1221,0,1,1222,T
6-NA,251,1226,0,0,0,1226,A
6-NA,252,0,0,0,1226,1226,C
6-NA,253,1225,0,1,0,1226,A
6-NA,254,0,0,1229,0,1229,G
6-NA,255,1230,0,0,0,1230,A
6-NA,256,1214,0,1,0,1215,A
6-NA,257,1217,0,0,0,1217,A
6-NA,258,0,1194,1,0,1195,T
6-NA,259,0,1202,0,0,1202,T
6-NA,260,1,1,1202,0,1204,G
6-NA,261,0,2,1200,0,1202,G
6-NA,262,1,1208,0,0,1209,T
6-NA,263,0,0,0,1209,1209,C
6-NA,264,1206,0,0,0,1206,A
6-NA,265,1208,0,0,0,1208,A
6-NA,266,1201,0,1,0,1202,A
6-NA,267,1,0,1206,0,1207,G
6-NA,268,0,1,0,1204,1205,C
6-NA,269,1,1,0,1203,1205,C
6-NA,270,0,0,1208,0,1208,G
6-NA,271,0,0,0,1210,1210,C
6-NA,272,1210,0,0,0,1210,A
6-NA,273,1219,1,0,0,1220,A
6-NA,274,0,1217,0,0,1217,T
6-NA,275,0,0,1229,0,1229,G
6-NA,276,0,1229,0,3,1232,T
6-NA,277,1,0,1229,0,1230,G
6-NA,278,1247,0,3,0,1250,A
6-NA,279,0,0,0,1261,1261,C
6-NA,280,1290,0,0,0,1290,A
6-NA,281,0,1292,0,0,1292,T
6-NA,282,0,1291,0,0,1291,T
6-NA,283,1297,0,0,0,1297,A
6-NA,284,0,0,0,1293,1293,C
6-NA,285,1282,1,0,0,1283,A
6-NA,286,1,2,1280,0,1283,G
6-NA,287,0,2,1265,0,1267,G
6-NA,288,1,1,1234,0,1236,G
6-NA,289,0,1273,0,0,1273,T
6-NA,290,0,1272,0,0,1272,T
6-NA,291,0,1272,0,1,1273,T
6-NA,292,0,0,1276,0,1276,G
6-NA,293,0,0,0,1262,1262,C
6-NA,294,1277,0,1,0,1278,A
6-NA,295,0,0,0,1279,1279,C
6-NA,296,0,0,0,1255,1255,C
6-NA,297,0,1241,0,1,1242,T
6-NA,298,0,1250,0,1,1251,T
6-NA,299,0,1250,0,0,1250,T
6-NA,300,0,1254,0,0,1254,T
6-NA,301,2,1273,0,0,1275,T
6-NA,302,0,0,0,1276,1276,C
6-NA,303,0,1276,0,0,1276,T
6-NA,304,1273,0,0,0,1273,A
6-NA,305,1271,0,0,0,1271,A
6-NA,306,0,2,1274,0,1276,G
6-NA,307,1,2,1272,0,1275,G
6-NA,308,1272,0,0,0,1272,A
6-NA,309,0,0,0,1275,1275,C
6-NA,310,1267,0,1,0,1268,A
6-NA,311,1270,0,0,0,1270,A
6-NA,312,0,1268,0,1,1269,T
6-NA,313,1,1269,0,0,1270,T
6-NA,314,0,1,1,1288,1290,C
6-NA,315,1,0,1291,0,1292,G
6-NA,316,1287,0,0,0,1287,A
6-NA,317,0,1289,1,0,1290,T
6-NA,318,0,1289,0,1,1290,T
6-NA,319,1288,1,0,0,1289,A
6-NA,320,0,0,1289,0,1289,G
6-NA,321,1270,0,0,0,1270,A
6-NA,322,0,0,0,1281,1281,C
6-NA,323,0,1278,0,0,1278,T
6-NA,324,0,1281,1,0,1282,T
6-NA,325,0,1282,0,0,1282,T
6-NA,326,2,0,0,1282,1284,C
6-NA,327,0,0,0,1286,1286,C
6-NA,328,0,0,1286,0,1286,G
6-NA,329,0,0,0,1286,1286,C
6-NA,330,0,1278,0,2,1280,T
6-NA,331,0,2,1314,0,1316,G
6-NA,332,0,0,1314,0,1314,G
6-NA,333,0,1315,0,0,1315,T
6-NA,334,0,0,1316,0,1316,G
6-NA,335,0,1,1310,0,1311,G
6-NA,336,0,0,1318,0,1318,G
6-NA,337,1,0,1316,0,1317,G
6-NA,338,1316,0,1,0,1317,A
6-NA,339,1,2,0,1327,1330,C
6-NA,340,1301,0,0,0,1301,A
6-NA,341,1,1302,1,0,1304,T
6-NA,342,0,0,1,1308,1309,C
6-NA,343,0,1303,0,0,1303,T
6-NA,344,0,1,1302,0,1303,G
6-NA,345,0,0,1299,0,1299,G
6-NA,346,1,1,1301,0,1303,G
6-NA,347,0,1306,0,0,1306,T
6-NA,348,0,0,1290,0,1290,G
6-NA,349,1291,0,0,0,1291,A
6-NA,350,0,0,0,1320,1320,C
6-NA,351,1323,0,0,0,1323,A
6-NA,352,1392,0,0,0,1392,A
6-NA,353,0,0,1417,0,1417,G
6-NA,354,1397,0,0,0,1397,A
6-NA,355,0,0,1464,0,1464,G
6-NA,356,1519,0,1,0,1520,A
6-NA,357,1704,0,1,0,1705,A
6-NA,358,0,1,0,2275,2276,C
6-NA,359,0,0,0,2443,2443,C
6-NA,360,0,2445,0,0,2445,T
6-NA,361,0,2469,0,0,2469,T
6-NA,362,2473,1,0,0,2474,A
6-NA,363,0,2477,0,0,2477,T
6-NA,364,0,0,2664,1,2665,G
6-NA,365,2,2672,1,0,2675,T
6-NA,366,0,0,2777,0,2777,G
6-NA,367,0,2730,1,3,2734,T
6-NA,368,0,1,0,2716,2717,C
6-NA,369,2753,0,4,22,2779,A
6-NA,370,0,2778,0,4,2782,T
6-NA,371,1,0,2778,0,2779,G
6-NA,372,0,1,0,2777,2778,C
6-NA,373,61,0,2712,0,2773,G
6-NA,374,3270,0,10,0,3280,A
6-NA,375,0,3275,0,3,3278,T
6-NA,376,0,2,0,3365,3367,C
6-NA,377,1,1,0,3371,3373,C
6-NA,378,0,3462,0,5,3467,T
6-NA,379,0,1,3506,0,3507,G
6-NA,380,3506,5,2,1,3514,A
6-NA,381,1,2,0,3509,3512,C
6-NA,382,3512,0,2,0,3514,A
6-NA,383,3477,2,3,0,3482,A
6-NA,384,1,1,3642,0,3644,G
6-NA,385,0,3631,0,4,3635,T
6-NA,386,0,1,3709,0,3710,G
6-NA,387,1,3707,0,2,3710,T
6-NA,388,0,3709,0,2,3711,T
6-NA,389,3715,0,3,1,3719,A
6-NA,390,0,3709,0,7,3716,T
6-NA,391,0,0,0,3780,3780,C
6-NA,392,3777,0,3,1,3781,A
6-NA,393,3757,2,4,1,3764,A
6-NA,394,1,3764,0,0,3765,T
6-NA,395,1,3749,0,9,3759,T
6-NA,396,0,3753,2,3,3758,T
6-NA,397,0,3,3757,0,3760,G
6-NA,398,0,2,1,4035,4038,C
6-NA,399,0,0,0,4034,4034,C
6-NA,400,1,0,0,4061,4062,C
6-NA,401,0,4049,1,3,4053,T
6-NA,402,1,4050,0,8,4059,T
6-NA,403,1,0,4135,0,4136,G
6-NA,404,1,0,4144,1,4146,G
6-NA,405,4183,0,5,1,4189,A
6-NA,406,1,0,0,4187,4188,C
6-NA,407,4124,0,3,2,4129,A
6-NA,408,1,2,4253,1,4257,G
6-NA,409,0,1,4251,0,4252,G
6-NA,410,3,0,4427,0,4430,G
6-NA,411,4421,0,10,1,4432,A
6-NA,412,4404,1,10,0,4415,A
6-NA,413,1,0,0,4439,4440,C
6-NA,414,4425,0,6,0,4431,A
6-NA,415,4913,1,6,0,4920,A
6-NA,416,0,1,0,4947,4948,C
6-NA,417,4936,0,2,1,4939,A
6-NA,418,0,0,0,4976,4976,C
6-NA,419,3,4911,0,9,4923,T
6-NA,420,5017,0,4,0,5021,A
6-NA,421,5010,0,4,0,5014,A
6-NA,422,5065,0,4,1,5070,A
6-NA,423,0,0,0,5081,5081,C
6-NA,424,4920,1,1,0,4922,A
6-NA,425,5010,0,10,0,5020,A
6-NA,426,0,2,0,5048,5050,C
6-NA,427,2,0,5041,0,5043,G
6-NA,428,0,5042,0,4,5046,T
6-NA,429,5002,1,2,2,5007,A
6-NA,430,0,2,0,5105,5107,C
6-NA,431,5101,0,5,0,5106,A
6-NA,432,1,5125,0,2,5128,T
6-NA,433,0,5135,0,5,5140,T
6-NA,434,0,1,3,5401,5405,C
6-NA,435,5570,0,6,0,5576,A
6-NA,436,5624,0,4,0,5628,A
6-NA,437,5611,0,6,2,5619,A
6-NA,438,1,5628,0,1,5630,T
6-NA,439,5584,0,3,1,5588,A
6-NA,440,5800,0,6,0,5806,A
6-NA,441,1,1,0,5831,5833,C
6-NA,442,5827,1,6,0,5834,A
6-NA,443,0,0,0,5953,5953,C
6-NA,444,5846,1,8,2,5857,A
6-NA,445,3,0,7147,0,7150,G
6-NA,446,0,7152,0,1,7153,T
6-NA,447,7301,1,7,0,7309,A
6-NA,448,1,4,0,7341,7346,C
6-NA,449,2,1,7336,0,7339,G
6-NA,450,1,7721,1,11,7734,T
6-NA,451,3,0,7746,0,7749,G
6-NA,452,7764,3,5,0,7772,A
6-NA,453,2,7807,0,4,7813,T
6-NA,454,7491,7,5,1,7504,A
6-NA,455,3,1,7493,0,7497,G
6-NA,456,4,3,7452,0,7459,G
6-NA,457,7470,1,19,0,7490,A
6-NA,458,1,3,0,7610,7614,C
6-NA,459,2,3,1,7557,7563,C
6-NA,460,3,3,0,7644,7650,C
6-NA,461,1,0,0,7668,7669,C
6-NA,462,1,7702,1,14,7718,T
6-NA,463,0,7823,0,4,7827,T
6-NA,464,7846,1,5,1,7853,A
6-NA,465,0,7856,0,8,7864,T
6-NA,466,1,4,0,7847,7852,C
6-NA,467,5,4,7809,1,7819,G
6-NA,468,1,3,7823,1,7828,G
6-NA,469,7814,1,4,0,7819,A
6-NA,470,2,1,1,7880,7884,C
6-NA,471,5,1,0,7884,7890,C
6-NA,472,3,0,0,8272,8275,C
6-NA,473,0,8259,0,6,8265,T
6-NA,474,8397,1,4,0,8402,A
6-NA,475,0,8395,2,11,8408,T
6-NA,476,1,8406,0,2,8409,T
6-NA,477,4,2,8427,0,8433,G
6-NA,478,8425,1,11,0,8437,A
6-NA,479,1,8407,1,11,8420,T
6-NA,480,4,1,8442,1,8448,G
6-NA,481,8265,0,7,1,8273,A
6-NA,482,8284,3,12,2,8301,A
6-NA,483,0,8315,0,1,8316,T
6-NA,484,2,1,8466,0,8469,G
6-NA,485,8677,2,12,1,8692,A
6-NA,486,13,1,8784,0,8798,G
6-NA,487,1,8780,0,6,8787,T
6-NA,488,0,8792,0,4,8796,T
6-NA,489,8820,0,7,2,8829,A
6-NA,490,2,0,8846,0,8848,G
6-NA,491,1,2,8873,0,8876,G
6-NA,492,1,8892,0,4,8897,T
6-NA,493,2,1,8885,1,8889,G
6-NA,494,4,8762,0,19,8785,T
6-NA,495,2,8765,0,18,8785,T
6-NA,496,2,3,0,8774,8779,C
6-NA,497,2,1,0,8762,8765,C
6-NA,498,1,2,0,8737,8740,C
6-NA,499,0,9023,1,18,9042,T
6-NA,500,1,9053,0,16,9070,T
6-NA,501,3,9051,1,11,9066,T
6-NA,502,1,1,0,9120,9122,C
6-NA,503,9120,1,4,2,9127,A
6-NA,504,0,9297,0,14,9311,T
6-NA,505,1,1,0,9310,9312,C
6-NA,506,0,9200,0,12,9212,T
6-NA,507,3,3,9201,0,9207,G
6-NA,508,3,6,9145,0,9154,G
6-NA,509,1,4,9172,0,9177,G
6-NA,510,4,3,9264,2,9273,G
6-NA,511,9274,1,13,0,9288,A
6-NA,512,1,4,0,9388,9393,C
6-NA,513,1,4,0,9294,9299,C
6-NA,514,9418,0,11,0,9429,A
6-NA,515,9434,0,9,1,9444,A
6-NA,516,1,1,9435,0,9437,G
6-NA,517,2,6,0,9465,9473,C
6-NA,518,9458,5,3,0,9466,A
6-NA,519,9611,1,16,0,9628,A
6-NA,520,1,0,9675,0,9676,G
6-NA,521,0,9635,1,8,9644,T
6-NA,522,8,2,9870,0,9880,G
6-NA,523,2,9801,2,17,9822,T
6-NA,524,3,0,10113,0,10116,G
6-NA,525,1,6,0,10113,10120,C
6-NA,526,10092,1,8,1,10102,A
6-NA,527,2,10205,1,7,10215,T
6-NA,528,10084,1,2,0,10087,A
6-NA,529,2,0,10422,1,10425,G
6-NA,530,3,3,0,10413,10419,C
6-NA,531,10219,3,14,0,10236,A
6-NA,532,0,10231,1,10,10242,T
6-NA,533,4,2,10040,1,10047,G
6-NA,534,5,3,10592,0,10600,G
6-NA,535,3,10610,0,16,10629,T
6-NA,536,2,3,4,10567,10576,C
6-NA,537,1,4,1,10624,10630,C
6-NA,538,10561,4,10,1,10576,A
6-NA,539,2,0,10793,1,10796,G
6-NA,540,4,6,0,10805,10815,C
6-NA,541,1,10771,1,18,10791,T
6-NA,542,0,1,0,10814,10815,C
6-NA,543,10614,5,9,0,10628,A
6-NA,544,10681,4,18,2,10705,A
6-NA,545,4,2,10731,0,10737,G
6-NA,546,0,10753,1,9,10763,T
6-NA,547,0,10740,0,7,10747,T
6-NA,548,1,1,10732,0,10734,G
6-NA,549,1,10730,0,10,10741,T
6-NA,550,2,2,0,10711,10715,C
6-NA,551,10719,3,18,0,10740,A
6-NA,552,0,6,2,10807,10815,C
6-NA,553,5,3,10774,0,10782,G
6-NA,554,10871,3,11,0,10885,A
6-NA,555,0,10902,0,13,10915,T
6-NA,556,5,2,11055,0,11062,G
6-NA,557,2,3,11108,0,11113,G
6-NA,558,11078,3,15,0,11096,A
6-NA,559,11088,2,20,1,11111,A
6-NA,560,11170,1,16,1,11188,A
6-NA,561,11175,1,15,1,11192,A
6-NA,562,2,2,11246,1,11251,G
6-NA,563,1,3,0,11231,11235,C
6-NA,564,11227,1,10,1,11239,A
6-NA,565,3,11201,0,10,11214,T
6-NA,566,3,2,11317,1,11323,G
6-NA,567,3,3,11357,0,11363,G
6-NA,568,2,2,0,11435,11439,C
6-NA,569,4,11408,0,16,11428,T
6-NA,570,5,1,11489,0,11495,G
6-NA,571,2,7,1,11431,11441,C
6-NA,572,11469,1,3,0,11473,A
6-NA,573,2,11760,0,6,11768,T
6-NA,574,4,1,11785,0,11790,G
6-NA,575,2,11864,0,15,11881,T
6-NA,576,1,12057,0,19,12077,T
6-NA,577,1,12040,1,10,12052,T
6-NA,578,7,1,12601,0,12609,G
6-NA,579,3,12574,0,8,12585,T
6-NA,580,12583,1,10,0,12594,A
6-NA,581,0,12611,0,6,12617,T
6-NA,582,12467,0,8,1,12476,A
6-NA,583,12502,2,14,0,12518,A
6-NA,584,1,5,0,12423,12429,C
6-NA,585,9,7,12326,1,12343,G
6-NA,586,2,4,12384,0,12390,G
6-NA,587,4,7,12165,0,12176,G
6-NA,588,3,7,12218,0,12228,G
6-NA,589,7,2,12247,0,12256,G
6-NA,590,12212,4,18,0,12234,A
6-NA,591,2,12242,2,11,12257,T
6-NA,592,5,2,12283,0,12290,G
6-NA,593,12326,2,10,0,12338,A
6-NA,594,3,12365,0,7,12375,T
6-NA,595,12324,0,13,1,12338,A
6-NA,596,12345,3,6,2,12356,A
6-NA,597,12339,2,25,3,12369,A
6-NA,598,12348,0,11,1,12360,A
6-NA,599,12376,3,16,0,12395,A
6-NA,600,3,12381,1,1,12386,T
6-NA,601,3,1,12375,0,12379,G
6-NA,602,3,14,1,12326,12344,C
6-NA,603,12321,2,12,0,12335,A
6-NA,604,12370,3,5,1,12379,A
6-NA,605,2,1,0,12446,12449,C
6-NA,606,4,12438,0,12,12454,T
6-NA,607,5,1,12490,0,12496,G
6-NA,608,1,3,0,12492,12496,C
6-NA,609,1,12512,1,3,12517,T
6-NA,610,12518,2,6,1,12527,A
6-NA,611,9,1,12543,0,12553,G
6-NA,612,2,1,0,12626,12629,C
6-NA,613,1,12591,0,25,12617,T
6-NA,614,2,12571,0,20,12593,T
6-NA,615,1,3,1,12676,12681,C
6-NA,616,12694,2,4,2,12702,A
6-NA,617,1,12698,1,4,12704,T
6-NA,618,0,12680,1,45,12726,T
6-NA,619,0,12734,0,2,12736,T
6-NA,620,12783,3,15,1,12802,A
6-NA,621,0,2,1,12815,12818,C
6-NA,622,12741,3,5,0,12749,A
6-NA,623,12798,2,13,0,12813,A
6-NA,624,2,12729,1,15,12747,T
6-NA,625,4,5,12755,2,12766,G
6-NA,626,2,4,12733,0,12739,G
6-NA,627,3,3,12733,1,12740,G
6-NA,628,12677,2,47,1,12727,A
6-NA,629,12598,2,24,0,12624,A
6-NA,630,4,2,13020,0,13026,G
6-NA,631,1,3,0,13828,13832,C
6-NA,632,1,13817,0,43,13861,T
6-NA,633,0,14018,0,6,14024,T
6-NA,634,0,0,14080,0,14080,G
6-NA,635,4,14048,0,15,14067,T
6-NA,636,14225,2,11,0,14238,A
6-NA,637,3,1,14272,1,14277,G
6-NA,638,14195,5,17,1,14218,A
6-NA,639,0,14215,1,6,14222,T
6-NA,640,13205,15,6,0,13226,A
6-NA,641,1,1,13237,1,13240,G
6-NA,642,4,13111,0,16,13131,T
6-NA,643,4,2,12989,0,12995,G
6-NA,644,1,13464,1,19,13485,T
6-NA,645,1,13455,2,13,13471,T
6-NA,646,2,2,13619,1,13624,G
6-NA,647,3,13557,2,17,13579,T
6-NA,648,0,13583,0,21,13604,T
6-NA,649,2,13609,0,15,13626,T
6-NA,650,2,4,0,13428,13434,C
6-NA,651,13401,2,22,2,13427,A
6-NA,652,2,13349,0,13,13364,T
6-NA,653,1,1,13338,0,13340,G
6-NA,654,6,3,13946,0,13955,G
6-NA,655,4,13842,0,19,13865,T
6-NA,656,7,5,0,13821,13833,C
6-NA,657,4,10,3,13826,13843,C
6-NA,658,13904,0,10,2,13916,A
6-NA,659,13973,1,2,1,13977,A
6-NA,660,13974,1,16,0,13991,A
6-NA,661,1,1,14050,1,14053,G
6-NA,662,14003,4,7,0,14014,A
6-NA,663,13535,0,13,2,13550,A
6-NA,664,13544,3,11,2,13560,A
6-NA,665,0,13531,1,7,13539,T
6-NA,666,2,2,1,13861,13866,C
6-NA,667,4,1,0,13861,13866,C
6-NA,668,2,13787,1,22,13812,T
6-NA,669,2,11,0,13829,13842,C
6-NA,670,13814,2,14,0,13830,A
6-NA,671,7,2,13899,1,13909,G
6-NA,672,2,4,13850,1,13857,G
6-NA,673,14125,4,21,1,14151,A
6-NA,674,0,5,2,14119,14126,C
6-NA,675,3,2,0,13922,13927,C
6-NA,676,3,5,0,13934,13942,C
6-NA,677,13967,4,16,0,13987,A
6-NA,678,1,4,13994,1,14000,G
6-NA,679,5,3,14017,2,14027,G
6-NA,680,13921,4,32,1,13958,A
6-NA,681,0,1,14093,2,14096,G
6-NA,682,2,13818,0,13,13833,T
6-NA,683,0,5,1,13851,13857,C
6-NA,684,13834,3,8,2,13847,A
6-NA,685,6,3,13924,1,13934,G
6-NA,686,13889,2,15,0,13906,A
6-NA,687,13869,2,16,1,13888,A
6-NA,688,2,13826,0,22,13850,T
6-NA,689,5,2,13902,0,13909,G
6-NA,690,3,3,0,13880,13886,C
6-NA,691,16,1,13959,0,13976,G
6-NA,692,4,13909,3,13,13929,T
6-NA,693,0,13935,0,10,13945,T
6-NA,694,4,13875,1,9,13889,T
6-NA,695,4,19,13964,0,13987,G
6-NA,696,2,14003,0,13,14018,T
6-NA,697,14018,2,5,0,14025,A
6-NA,698,3,13947,1,14,13965,T
6-NA,699,4,1,0,13951,13956,C
6-NA,700,13919,1,9,0,13929,A
6-NA,701,13915,3,10,1,13929,A
6-NA,702,0,13927,0,8,13935,T
6-NA,703,7,2,13901,0,13910,G
6-NA,704,8,3,13919,1,13931,G
6-NA,705,14107,5,21,1,14134,A
6-NA,706,14128,1,23,0,14152,A
6-NA,707,1,3,0,14225,14229,C
6-NA,708,0,14270,1,19,14290,T
6-NA,709,4,14260,2,5,14271,T
6-NA,710,5,1,14613,0,14619,G
6-NA,711,7,14599,1,10,14617,T
6-NA,712,14603,3,7,2,14615,A
6-NA,713,2,4,0,14780,14786,C
6-NA,714,14429,2,13,0,14444,A
6-NA,715,4,2,15320,0,15326,G
6-NA,716,0,15195,1,6,15202,T
6-NA,717,15693,0,4,1,15698,A
6-NA,718,7,1,15776,0,15784,G
6-NA,719,2,15481,1,7,15491,T
6-NA,720,15477,0,17,1,15495,A
6-NA,721,15472,0,12,3,15487,A
6-NA,722,5,15338,3,6,15352,T
6-NA,723,4,1,15396,0,15401,G
6-NA,724,14989,3,12,0,15004,A
6-NA,725,0,1,2,15114,15117,C
6-NA,726,5,14617,2,12,14636,T
6-NA,727,3,3,14670,0,14676,G
6-NA,728,14626,2,16,0,14644,A
6-NA,729,2,14670,0,8,14680,T
6-NA,730,8,7,14668,0,14683,G
6-NA,731,6,3,14561,3,14573,G
6-NA,732,7,5,14580,2,14594,G
6-NA,733,14358,2,23,2,14385,A
6-NA,734,3,1,14397,0,14401,G
6-NA,735,1,14296,0,11,14308,T
6-NA,736,5,4,14368,0,14377,G
6-NA,737,0,5,3,14464,14472,C
6-NA,738,1,14422,2,22,14447,T
6-NA,739,7,14441,1,7,14456,T
6-NA,740,2,4,0,14467,14473,C
6-NA,741,14466,1,13,2,14482,A
6-NA,742,4,3,14495,2,14504,G
6-NA,743,2,2,14513,0,14517,G
6-NA,744,14461,2,10,0,14473,A
6-NA,745,14290,2,20,0,14312,A
6-NA,746,14166,1,18,0,14185,A
6-NA,747,14222,2,30,0,14254,A
6-NA,748,1,2,14289,0,14292,G
6-NA,749,2,0,0,14271,14273,C
6-NA,750,1,14222,1,13,14237,T
6-NA,751,3,2,14244,1,14250,G
6-NA,752,14197,1,14,3,14215,A
6-NA,753,2,14333,1,7,14343,T
6-NA,754,14374,1,8,0,14383,A
6-NA,755,0,2,0,14875,14877,C
6-NA,756,1,14787,0,5,14793,T
6-NA,757,14777,1,6,1,14785,A
6-NA,758,14753,4,5,0,14762,A
6-NA,759,14770,4,9,1,14784,A
6-NA,760,15092,2,8,1,15103,A
6-NA,761,0,15098,1,6,15105,T
6-NA,762,15077,3,3,1,15084,A
6-NA,763,1,7,0,15143,15151,C
6-NA,764,3,14555,0,4,14562,T
6-NA,765,14725,3,9,1,14738,A
6-NA,766,1,14602,1,28,14632,T
6-NA,767,1,15131,1,14,15147,T
6-NA,768,3,5,1,15216,15225,C
6-NA,769,14934,1,3,2,14940,A
6-NA,770,2,14921,0,7,14930,T
6-NA,771,2,14892,1,4,14899,T
6-NA,772,2,0,14943,0,14945,G
6-NA,773,14802,2,29,3,14836,A
6-NA,774,6,2,14796,1,14805,G
6-NA,775,1,5,14757,1,14764,G
6-NA,776,14161,0,14,2,14177,A
6-NA,777,3,5,14355,1,14364,G
6-NA,778,5,7,14333,1,14346,G
6-NA,779,5,7,14337,0,14349,G
6-NA,780,7,1,14368,1,14377,G
6-NA,781,14276,5,15,2,14298,A
6-NA,782,14314,2,10,3,14329,A
6-NA,783,14257,0,24,2,14283,A
6-NA,784,14261,3,17,4,14285,A
6-NA,785,1,14262,0,6,14269,T
6-NA,786,3,6,0,14166,14175,C
6-NA,787,6,0,14296,3,14305,G
6-NA,788,1,14242,0,13,14256,T
6-NA,789,3,14245,1,3,14252,T
6-NA,790,2,5,1,14267,14275,C
6-NA,791,14271,1,5,1,14278,A
6-NA,792,1,15124,0,8,15133,T
6-NA,793,15104,2,7,1,15114,A
6-NA,794,3,2,1,15192,15198,C
6-NA,795,6,15113,0,30,15149,T
6-NA,796,15105,2,15,1,15123,A
6-NA,797,3,2,15102,1,15108,G
6-NA,798,2,2,0,15103,15107,C
6-NA,799,15115,5,12,0,15132,A
6-NA,800,0,1,0,15164,15165,C
6-NA,801,14387,1,6,0,14394,A
6-NA,802,3,14652,1,6,14662,T
6-NA,803,0,14576,2,15,14593,T
6-NA,804,4,0,15651,0,15655,G
6-NA,805,3,15555,1,15,15574,T
6-NA,806,1,6,0,15561,15568,C
6-NA,807,15535,1,11,1,15548,A
6-NA,808,2,3,15544,1,15550,G
6-NA,809,3,8,15518,1,15530,G
6-NA,810,15511,4,5,1,15521,A
6-NA,811,15174,2,10,0,15186,A
6-NA,812,1,2,15455,1,15459,G
6-NA,813,2,14434,0,11,14447,T
6-NA,814,5,2,14512,0,14519,G
6-NA,815,0,4,1,14496,14501,C
6-NA,816,1,14502,0,15,14518,T
6-NA,817,2,3,0,14516,14521,C
6-NA,818,14497,2,11,0,14510,A
6-NA,819,14183,1,8,0,14192,A
6-NA,820,1,1,0,14330,14332,C
6-NA,821,14412,2,12,0,14426,A
6-NA,822,1,14433,1,11,14446,T
6-NA,823,5,3,14765,1,14774,G
6-NA,824,2,14764,1,26,14793,T
6-NA,825,3,5,1,14791,14800,C
6-NA,826,5,2,14753,1,14761,G
6-NA,827,14735,5,6,0,14746,A
6-NA,828,3,0,14686,0,14689,G
6-NA,829,1,4,14680,2,14687,G
6-NA,830,14534,3,18,1,14556,A
6-NA,831,4,2,14722,2,14730,G
6-NA,832,3,14326,0,9,14338,T
6-NA,833,4,1,14380,0,14385,G
6-NA,834,1,2,1,14605,14609,C
6-NA,835,2,14537,2,27,14568,T
6-NA,836,2,0,0,14633,14635,C
6-NA,837,2,1,1,14684,14688,C
6-NA,838,3,14501,3,162,14669,T
6-NA,839,3,2,14704,1,14710,G
6-NA,840,1,2,2,14543,14548,C
6-NA,841,1,14436,1,10,14448,T
6-NA,842,14480,1,14,0,14495,A
6-NA,843,2,14156,2,10,14170,T
6-NA,844,2,2,0,14252,14256,C
6-NA,845,4,4,1,14198,14207,C
6-NA,846,2,14194,0,16,14212,T
6-NA,847,5,4,0,14313,14322,C
6-NA,848,5,3,14297,0,14305,G
6-NA,849,14451,1,11,0,14463,A
6-NA,850,3,14451,0,8,14462,T
6-NA,851,14452,0,4,0,14456,A
6-NA,852,1,14421,1,11,14434,T
6-NA,853,0,4,0,14410,14414,C
6-NA,854,3,5,1,14382,14391,C
6-NA,855,3,14291,1,9,14304,T
6-NA,856,16,1,14349,3,14369,G
6-NA,857,1,2,14407,1,14411,G
6-NA,858,4,14554,0,13,14571,T
6-NA,859,3,2,14587,1,14593,G
6-NA,860,3,14495,5,16,14519,T
6-NA,861,2,4,0,14501,14507,C
6-NA,862,14493,3,12,1,14509,A
6-NA,863,3,3,14515,1,14522,G
6-NA,864,14493,2,16,1,14512,A
6-NA,865,2,14341,2,9,14354,T
6-NA,866,6,0,14332,0,14338,G
6-NA,867,0,13891,0,14,13905,T
6-NA,868,3,4,13906,1,13914,G
6-NA,869,2,13890,0,18,13910,T
6-NA,870,2,2,0,13952,13956,C
6-NA,871,3,13888,2,44,13937,T
6-NA,872,10,1,13938,2,13951,G
6-NA,873,2,4,2,13918,13926,C
6-NA,874,13926,3,9,2,13940,A
6-NA,875,13727,1,11,0,13739,A
6-NA,876,13739,0,23,2,13764,A
6-NA,877,1,0,13820,0,13821,G
6-NA,878,13797,6,16,2,13821,A
6-NA,879,1,4,1,13871,13877,C
6-NA,880,13859,1,9,1,13870,A
6-NA,881,13950,3,19,2,13974,A
6-NA,882,1,2,0,13996,13999,C
6-NA,883,1,13996,1,8,14006,T
6-NA,884,3,3,14062,2,14070,G
6-NA,885,0,3,14050,1,14054,G
6-NA,886,14001,2,10,1,14014,A
6-NA,887,13969,1,16,1,13987,A
6-NA,888,13776,1,30,2,13809,A
6-NA,889,2,2,13764,1,13769,G
6-NA,890,2,1,13620,1,13624,G
6-NA,891,13461,4,19,3,13487,A
6-NA,892,3,13807,1,12,13823,T
6-NA,893,4,7,1,13886,13898,C
6-NA,894,3,3,2,14233,14241,C
6-NA,895,14276,3,9,0,14288,A
6-NA,896,14266,3,13,1,14283,A
6-NA,897,1,14286,1,4,14292,T
6-NA,898,13900,1,13,0,13914,A
6-NA,899,3,1,13839,0,13843,G
6-NA,900,6,6,13871,0,13883,G
6-NA,901,2,4,0,13863,13869,C
6-NA,902,3,4,0,13799,13806,C
6-NA,903,4,3,0,13418,13425,C
6-NA,904,13587,2,19,0,13608,A
6-NA,905,3,13696,1,11,13711,T
6-NA,906,3,6,0,13726,13735,C
6-NA,907,4,3,13754,0,13761,G
6-NA,908,1,13699,0,4,13704,T
6-NA,909,13445,3,12,1,13461,A
6-NA,910,2,3,13754,0,13759,G
6-NA,911,13767,2,12,0,13781,A
6-NA,912,2,13815,1,8,13826,T
6-NA,913,13527,1,8,1,13537,A
6-NA,914,1,13386,1,2,13390,T
6-NA,915,13389,0,5,0,13394,A
6-NA,916,13364,3,11,1,13379,A
6-NA,917,13651,1,16,2,13670,A
6-NA,918,1,4,0,13958,13963,C
6-NA,919,13561,2,3,0,13566,A
6-NA,920,0,13539,0,3,13542,T
6-NA,921,13427,0,2,1,13430,A
6-NA,922,13430,2,11,1,13444,A
6-NA,923,13424,3,17,1,13445,A
6-NA,924,4,2,13519,1,13526,G
6-NA,925,1,3,13651,0,13655,G
6-NA,926,13178,1,15,0,13194,A
6-NA,927,4,13090,2,15,13111,T
6-NA,928,0,7,1,13139,13147,C
6-NA,929,13208,0,11,0,13219,A
6-NA,930,1,13222,2,14,13239,T
6-NA,931,13185,2,16,0,13203,A
6-NA,932,4,2,13301,0,13307,G
6-NA,933,0,1,0,13132,13133,C
6-NA,934,12847,2,5,0,12854,A
6-NA,935,1,12480,0,8,12489,T
6-NA,936,0,12522,0,4,12526,T
6-NA,937,2,2,12705,2,12711,G
6-NA,938,4,12710,1,12,12727,T
6-NA,939,0,12724,2,19,12745,T
6-NA,940,1,12721,1,19,12742,T
6-NA,941,2,2,1,12644,12649,C
6-NA,942,1,1,2,12650,12654,C
6-NA,943,12724,3,10,2,12739,A
6-NA,944,2,0,12824,0,12826,G
6-NA,945,0,12781,4,7,12792,T
6-NA,946,2,12621,1,4,12628,T
6-NA,947,12609,1,0,2,12612,A
6-NA,948,1,12508,0,7,12516,T
6-NA,949,0,12326,3,11,12340,T
6-NA,950,1,12390,1,8,12400,T
6-NA,951,3,2,12431,1,12437,G
6-NA,952,4,12438,0,8,12450,T
6-NA,953,1,1,12672,1,12675,G
6-NA,954,2,12651,0,11,12664,T
6-NA,955,2,12596,2,11,12611,T
6-NA,956,1,4,1,12611,12617,C
6-NA,957,12554,0,12,2,12568,A
6-NA,958,2,3,12735,0,12740,G
6-NA,959,1,2,12732,0,12735,G
6-NA,960,12703,3,19,0,12725,A
6-NA,961,1,1,1,12759,12762,C
6-NA,962,1,12573,1,7,12582,T
6-NA,963,4,12652,0,5,12661,T
6-NA,964,3,1,13411,1,13416,G
6-NA,965,0,13421,3,8,13432,T
6-NA,966,1,13413,0,10,13424,T
6-NA,967,7,1,13387,1,13396,G
6-NA,968,0,5,13474,11,13490,G
6-NA,969,13487,2,27,0,13516,A
6-NA,970,1,4,13625,0,13630,G
6-NA,971,13575,4,39,2,13620,A
6-NA,972,4,3,2,13669,13678,C
6-NA,973,13257,1,17,1,13276,A
6-NA,974,3,3,0,13329,13335,C
6-NA,975,13339,4,17,0,13360,A
6-NA,976,4,3,0,13324,13331,C
6-NA,977,2,3,1,13271,13277,C
6-NA,978,6,4,0,13306,13316,C
6-NA,979,13266,1,15,3,13285,A
6-NA,980,3,0,13342,0,13345,G
6-NA,981,13304,0,7,0,13311,A
6-NA,982,13353,1,9,0,13363,A
6-NA,983,13261,1,9,1,13272,A
6-NA,984,13255,0,8,0,13263,A
6-NA,985,13211,1,15,2,13229,A
6-NA,986,13244,0,8,2,13254,A
6-NA,987,0,2,1,13258,13261,C
6-NA,988,5,5,13229,2,13241,G
6-NA,989,13198,1,15,0,13214,A
6-NA,990,1,2,0,13203,13206,C
6-NA,991,13148,4,13,0,13165,A
6-NA,992,6,0,13258,0,13264,G
6-NA,993,4,1,1,13581,13587,C
6-NA,994,0,13525,3,12,13540,T
6-NA,995,5,5,1,13575,13586,C
6-NA,996,2,4,0,13619,13625,C
6-NA,997,13612,0,14,1,13627,A
6-NA,998,2,1,13714,0,13717,G
6-NA,999,2,9,0,13706,13717,C
6-NA,1000,13675,2,10,0,13687,A
6-NA,1001,1,1,13660,1,13663,G
6-NA,1002,3,13105,1,7,13116,T
6-NA,1003,13125,1,11,1,13138,A
6-NA,1004,1,2,13125,0,13128,G
6-NA,1005,0,5,0,13121,13126,C
6-NA,1006,2,5,1,13160,13168,C
6-NA,1007,13041,3,8,0,13052,A
6-NA,1008,0,13039,1,6,13046,T
6-NA,1009,2,13048,0,7,13057,T
6-NA,1010,5,0,13293,1,13299,G
6-NA,1011,4,13199,2,18,13223,T
6-NA,1012,0,13187,0,7,13194,T
6-NA,1013,17,13144,0,11,13172,T
6-NA,1014,5,0,13083,0,13088,G
6-NA,1015,3,2,13188,0,13193,G
6-NA,1016,13133,7,9,0,13149,A
6-NA,1017,0,13280,1,12,13293,T
6-NA,1018,5,3,0,13273,13281,C
6-NA,1019,2,3,1,13117,13123,C
6-NA,1020,18,13075,1,8,13102,T
6-NA,1021,13101,1,28,0,13130,A
6-NA,1022,13144,1,9,0,13154,A
6-NA,1023,0,0,0,13318,13318,C
6-NA,1024,13071,1,8,0,13080,A
6-NA,1025,13142,1,6,1,13150,A
6-NA,1026,1,13010,1,1,13013,T
6-NA,1027,2,2,13010,0,13014,G
6-NA,1028,12878,6,18,1,12903,A
6-NA,1029,5,0,12476,1,12482,G
6-NA,1030,1,1,12663,2,12667,G
6-NA,1031,12646,4,13,1,12664,A
6-NA,1032,12659,3,18,0,12680,A
6-NA,1033,4,1,12709,1,12715,G
6-NA,1034,4,5,12757,2,12768,G
6-NA,1035,0,12647,0,6,12653,T
6-NA,1036,4,2,12621,0,12627,G
6-NA,1037,3,0,12824,0,12827,G
6-NA,1038,3,12747,0,15,12765,T
6-NA,1039,4,4,2,12720,12730,C
6-NA,1040,12750,1,3,0,12754,A
6-NA,1041,0,12687,4,7,12698,T
6-NA,1042,2,3,12650,1,12656,G
6-NA,1043,1,3,12568,0,12572,G
6-NA,1044,4,2,12152,0,12158,G
6-NA,1045,3,1,12619,0,12623,G
6-NA,1046,3,12613,1,17,12634,T
6-NA,1047,1,0,12650,2,12653,G
6-NA,1048,12614,1,6,0,12621,A
6-NA,1049,12600,0,10,1,12611,A
6-NA,1050,12622,1,17,4,12644,A
6-NA,1051,1,0,12646,0,12647,G
6-NA,1052,1,2,12547,0,12550,G
6-NA,1053,3,1,1,12488,12493,C
6-NA,1054,3,12148,0,10,12161,T
6-NA,1055,5,4,12145,0,12154,G
6-NA,1056,4,5,12138,1,12148,G
6-NA,1057,5,3,12267,1,12276,G
6-NA,1058,0,3,2,12243,12248,C
6-NA,1059,4,3,0,12251,12258,C
6-NA,1060,1,12136,1,13,12151,T
6-NA,1061,1,12152,1,5,12159,T
6-NA,1062,1,12158,2,6,12167,T
6-NA,1063,1,4,12194,1,12200,G
6-NA,1064,12187,2,5,2,12196,A
6-NA,1065,1,12092,0,9,12102,T
6-NA,1066,5,4,11920,1,11930,G
6-NA,1067,11764,4,16,1,11785,A
6-NA,1068,4,11796,1,11,11812,T
6-NA,1069,3,0,11816,0,11819,G
6-NA,1070,2,1,11939,1,11943,G
6-NA,1071,11911,1,9,3,11924,A
6-NA,1072,11885,2,9,2,11898,A
6-NA,1073,11885,3,9,1,11898,A
6-NA,1074,1,11887,0,5,11893,T
6-NA,1075,1,3,11910,1,11915,G
6-NA,1076,11905,0,17,0,11922,A
6-NA,1077,1,3,0,11858,11862,C
6-NA,1078,3,0,11892,0,11895,G
6-NA,1079,3,11607,0,15,11625,T
6-NA,1080,3,0,11679,0,11682,G
6-NA,1081,0,11646,1,9,11656,T
6-NA,1082,4,3,11664,0,11671,G
6-NA,1083,2,4,11721,1,11728,G
6-NA,1084,11655,2,8,1,11666,A
6-NA,1085,3,11639,0,10,11652,T
6-NA,1086,0,6,11580,0,11586,G
6-NA,1087,5,0,11549,1,11555,G
6-NA,1088,4,1,11588,1,11594,G
6-NA,1089,11514,3,17,0,11534,A
6-NA,1090,11491,1,9,1,11502,A
6-NA,1091,0,1,11498,1,11500,G
6-NA,1092,11337,2,15,0,11354,A
6-NA,1093,11347,0,12,0,11359,A
6-NA,1094,0,4,1,11285,11290,C
6-NA,1095,1,3,11237,0,11241,G
6-NA,1096,11208,2,8,0,11218,A
6-NA,1097,2,11020,2,5,11029,T
6-NA,1098,2,5,0,11048,11055,C
6-NA,1099,11031,0,14,0,11045,A
6-NA,1100,1,3,11069,1,11074,G
6-NA,1101,0,3,1,11060,11064,C
6-NA,1102,3,4,11063,0,11070,G
6-NA,1103,11027,0,9,3,11039,A
6-NA,1104,0,1,11048,0,11049,G
6-NA,1105,11028,0,6,0,11034,A
6-NA,1106,11028,3,10,0,11041,A
6-NA,1107,1,0,11099,0,11100,G
6-NA,1108,0,11023,1,12,11036,T
6-NA,1109,2,0,0,10965,10967,C
6-NA,1110,10949,1,2,0,10952,A
6-NA,1111,0,3,0,11180,11183,C
6-NA,1112,2,0,11196,0,11198,G
6-NA,1113,1,2,0,11183,11186,C
6-NA,1114,2,11107,3,8,11120,T
6-NA,1115,0,11124,0,12,11136,T
6-NA,1116,10965,0,7,0,10972,A
6-NA,1117,2,7,11201,0,11210,G
6-NA,1118,1,1,11195,0,11197,G
6-NA,1119,1,7,11351,0,11359,G
6-NA,1120,3,10607,1,6,10617,T
6-NA,1121,10567,1,8,0,10576,A
6-NA,1122,2,10530,0,5,10537,T
6-NA,1123,1,3,10531,2,10537,G
6-NA,1124,10500,1,13,0,10514,A
6-NA,1125,10501,3,2,0,10506,A
6-NA,1126,9965,1,35,1,10002,A
6-NA,1127,3,1,2,9953,9959,C
6-NA,1128,1,3,1,9718,9723,C
6-NA,1129,2,9564,0,13,9579,T
6-NA,1130,1,9561,1,9,9572,T
6-NA,1131,0,2,0,9584,9586,C
6-NA,1132,9569,0,3,1,9573,A
6-NA,1133,9576,1,4,0,9581,A
6-NA,1134,9566,1,8,1,9576,A
6-NA,1135,1,0,9611,0,9612,G
6-NA,1136,1,9422,1,6,9430,T
6-NA,1137,4,1,0,9427,9432,C
6-NA,1138,9539,2,6,0,9547,A
6-NA,1139,0,9544,0,3,9547,T
6-NA,1140,1,9539,1,8,9549,T
6-NA,1141,4,1,9550,0,9555,G
6-NA,1142,9528,3,3,0,9534,A
6-NA,1143,9525,1,10,1,9537,A
6-NA,1144,2,2,9557,0,9561,G
6-NA,1145,2,0,9555,0,9557,G
6-NA,1146,0,3,0,9499,9502,C
6-NA,1147,1,9103,1,3,9108,T
6-NA,1148,3,1,9131,2,9137,G
6-NA,1149,4,0,9273,0,9277,G
6-NA,1150,2,9257,1,15,9275,T
6-NA,1151,4,3,1,9247,9255,C
6-NA,1152,1,3,0,9199,9203,C
6-NA,1153,9177,3,6,0,9186,A
6-NA,1154,9200,0,10,1,9211,A
6-NA,1155,2,2,0,9251,9255,C
6-NA,1156,0,4,2,9224,9230,C
6-NA,1157,5,3,0,9179,9187,C
6-NA,1158,1,8697,2,5,8705,T
6-NA,1159,8702,0,2,0,8704,A
6-NA,1160,8696,1,6,0,8703,A
6-NA,1161,2,1,8748,0,8751,G
6-NA,1162,1,8671,1,10,8683,T
6-NA,1163,0,4,1,8629,8634,C
6-NA,1164,3,1,3,8444,8451,C
6-NA,1165,8421,1,0,0,8422,A
6-NA,1166,8392,0,3,1,8396,A
6-NA,1167,8410,0,4,2,8416,A
6-NA,1168,1,8396,1,3,8401,T
6-NA,1169,1,8358,1,1,8361,T
6-NA,1170,3,1,8289,0,8293,G
6-NA,1171,1,2,1,8221,8225,C
6-NA,1172,8209,0,12,0,8221,A
6-NA,1173,2,0,8246,0,8248,G
6-NA,1174,8226,1,3,0,8230,A
6-NA,1175,2,8330,0,1,8333,T
6-NA,1176,8325,1,2,2,8330,A
6-NA,1177,8314,1,2,0,8317,A
6-NA,1178,8303,0,10,1,8314,A
6-NA,1179,1,8273,0,0,8274,T
6-NA,1180,8210,2,10,1,8223,A
6-NA,1181,0,2,8230,1,8233,G
6-NA,1182,0,0,8176,1,8177,G
6-NA,1183,2,1,0,8133,8136,C
6-NA,1184,7800,1,7,0,7808,A
6-NA,1185,7826,2,15,0,7843,A
6-NA,1186,1,1,7876,0,7878,G
6-NA,1187,2,7843,0,6,7851,T
6-NA,1188,1,2,1,7845,7849,C
6-NA,1189,7848,1,3,0,7852,A
6-NA,1190,0,7823,1,3,7827,T
6-NA,1191,7844,0,4,1,7849,A
6-NA,1192,2,0,7872,0,7874,G
6-NA,1193,3,7849,0,1,7853,T
6-NA,1194,1,7497,0,5,7503,T
6-NA,1195,3,1,7308,1,7313,G
6-NA,1196,7258,3,10,0,7271,A
6-NA,1197,1,4,0,7263,7268,C
6-NA,1198,7129,0,4,0,7133,A
6-NA,1199,1,4,7177,0,7182,G
6-NA,1200,7064,1,10,1,7076,A
6-NA,1201,2,3,7189,1,7195,G
6-NA,1202,3,1,7192,0,7196,G
6-NA,1203,2,7125,0,2,7129,T
6-NA,1204,7102,0,5,0,7107,A
6-NA,1205,7086,3,3,0,7092,A
6-NA,1206,1,7097,0,1,7099,T
6-NA,1207,7063,2,4,0,7069,A
6-NA,1208,1,1,6775,1,6778,G
6-NA,1209,0,1,6432,0,6433,G
6-NA,1210,1,5467,0,4,5472,T
6-NA,1211,2,2,0,5387,5391,C
6-NA,1212,2,3,0,5332,5337,C
6-NA,1213,1,0,5351,0,5352,G
6-NA,1214,1,0,5368,0,5369,G
6-NA,1215,1,5344,1,2,5348,T
6-NA,1216,0,5336,0,1,5337,T
6-NA,1217,5238,0,1,0,5239,A
6-NA,1218,0,5087,0,1,5088,T
6-NA,1219,0,5087,0,1,5088,T
6-NA,1220,0,1,1,5098,5100,C
6-NA,1221,2,4702,0,3,4707,T
6-NA,1222,3,1,4696,0,4700,G
6-NA,1223,0,1,4702,0,4703,G
6-NA,1224,2,4679,0,1,4682,T
6-NA,1225,4681,0,0,0,4681,A
6-NA,1226,1,4606,0,3,4610,T
6-NA,1227,0,4608,1,1,4610,T
6-NA,1228,0,4609,0,4,4613,T
6-NA,1229,1,4639,0,3,4643,T
6-NA,1230,0,1,0,4652,4653,C
6-NA,1231,1,4592,0,8,4601,T
6-NA,1232,0,1,0,4614,4615,C
6-NA,1233,1,4600,0,0,4601,T
6-NA,1234,0,2,4660,0,4662,G
6-NA,1235,1,4655,0,5,4661,T
6-NA,1236,0,4622,0,5,4627,T
6-NA,1237,0,0,4642,0,4642,G
6-NA,1238,4597,0,1,0,4598,A
6-NA,1239,4590,3,9,0,4602,A
6-NA,1240,0,0,4626,0,4626,G
6-NA,1241,2,0,4606,1,4609,G
6-NA,1242,0,1,0,4605,4606,C
6-NA,1243,4531,0,0,0,4531,A
6-NA,1244,4530,0,3,0,4533,A
6-NA,1245,4529,0,3,1,4533,A
6-NA,1246,4537,0,6,1,4544,A
6-NA,1247,0,0,4545,0,4545,G
6-NA,1248,3,2,0,4528,4533,C
6-NA,1249,0,4488,0,4,4492,T
6-NA,1250,2,0,4535,0,4537,G
6-NA,1251,0,3,0,4533,4536,C
6-NA,1252,4541,0,2,0,4543,A
6-NA,1253,1,4531,0,4,4536,T
6-NA,1254,1,1,0,4499,4501,C
6-NA,1255,4496,1,0,0,4497,A
6-NA,1256,4498,2,2,0,4502,A
6-NA,1257,0,4482,0,0,4482,T
6-NA,1258,0,2,0,4486,4488,C
6-NA,1259,2,0,4429,0,4431,G
6-NA,1260,0,12,4458,1,4471,G
6-NA,1261,0,4460,0,1,4461,T
6-NA,1262,2,1,4469,0,4472,G
6-NA,1263,0,1,0,4496,4497,C
6-NA,1264,1,4467,2,7,4477,T
6-NA,1265,2,4493,0,3,4498,T
6-NA,1266,0,4507,1,1,4509,T
6-NA,1267,0,4515,0,1,4516,T
6-NA,1268,4540,0,2,0,4542,A
6-NA,1269,0,4371,1,1,4373,T
6-NA,1270,0,0,4372,0,4372,G
6-NA,1271,1,4318,1,3,4323,T
6-NA,1272,0,1,4293,0,4294,G
6-NA,1273,0,3,4329,0,4332,G
6-NA,1274,4266,0,0,0,4266,A
6-NA,1275,0,0,4303,0,4303,G
6-NA,1276,1,4272,0,5,4278,T
6-NA,1277,1,4221,0,3,4225,T
6-NA,1278,0,1,4253,1,4255,G
6-NA,1279,4248,0,4,0,4252,A
6-NA,1280,0,4254,0,0,4254,T
6-NA,1281,4236,0,3,0,4239,A
6-NA,1282,4083,1,2,0,4086,A
6-NA,1283,0,0,4107,0,4107,G
6-NA,1284,1,0,4032,0,4033,G
6-NA,1285,0,1,4005,0,4006,G
6-NA,1286,0,1,3990,1,3992,G
6-NA,1287,3923,1,10,0,3934,A
6-NA,1288,3930,0,2,0,3932,A
6-NA,1289,0,1,3947,1,3949,G
6-NA,1290,3944,0,0,0,3944,A
6-NA,1291,3939,1,0,0,3940,A
6-NA,1292,3893,0,1,0,3894,A
6-NA,1293,3835,0,5,6,3846,A
6-NA,1294,0,0,3851,0,3851,G
6-NA,1295,3816,1,1,0,3818,A
6-NA,1296,0,2,3817,0,3819,G
6-NA,1297,0,0,3809,0,3809,G
6-NA,1298,3766,1,1,0,3768,A
6-NA,1299,3767,0,1,0,3768,A
6-NA,1300,3767,1,0,0,3768,A
6-NA,1301,0,0,0,3776,3776,C
6-NA,1302,0,3768,1,0,3769,T
6-NA,1303,1,0,3764,0,3765,G
6-NA,1304,3763,0,0,0,3763,A
6-NA,1305,3755,1,3,0,3759,A
6-NA,1306,0,0,3765,0,3765,G
6-NA,1307,0,3733,0,3,3736,T
6-NA,1308,3,1,0,3756,3760,C
6-NA,1309,0,3748,1,3,3752,T
6-NA,1310,0,3724,0,3,3727,T
6-NA,1311,0,0,3733,0,3733,G
6-NA,1312,0,3711,0,8,3719,T
6-NA,1313,1,0,3720,0,3721,G
6-NA,1314,1,0,3706,1,3708,G
6-NA,1315,3665,0,2,0,3667,A
6-NA,1316,1,2,0,3664,3667,C
6-NA,1317,2,0,0,3570,3572,C
6-NA,1318,2,3567,3,9,3581,T
6-NA,1319,1,0,0,3583,3584,C
6-NA,1320,3588,0,0,0,3588,A
6-NA,1321,3581,0,1,0,3582,A
6-NA,1322,3579,1,1,2,3583,A
6-NA,1323,0,0,0,3610,3610,C
6-NA,1324,3502,0,1,2,3505,A
6-NA,1325,2,0,3515,0,3517,G
6-NA,1326,0,3456,0,0,3456,T
6-NA,1327,3450,1,1,0,3452,A
6-NA,1328,0,3438,1,2,3441,T
6-NA,1329,0,3393,1,1,3395,T
6-NA,1330,0,0,3417,0,3417,G
6-NA,1331,0,3401,0,4,3405,T
6-NA,1332,0,3253,1,3,3257,T
6-NA,1333,0,0,3262,0,3262,G
6-NA,1334,0,3052,1,1,3054,T
6-NA,1335,0,0,3055,0,3055,G
6-NA,1336,1,3036,1,2,3040,T
6-NA,1337,0,3003,1,0,3004,T
6-NA,1338,1,3002,0,1,3004,T
6-NA,1339,0,2911,0,0,2911,T
6-NA,1340,0,0,2911,0,2911,G
6-NA,1341,0,2913,0,2,2915,T
6-NA,1342,0,1,2904,0,2905,G
6-NA,1343,1,0,2892,0,2893,G
6-NA,1344,2,1,0,2835,2838,C
6-NA,1345,2834,0,0,0,2834,A
6-NA,1346,1,1,0,2843,2845,C
6-NA,1347,0,0,0,2834,2834,C
6-NA,1348,1,2823,0,0,2824,T
6-NA,1349,2,4,0,2822,2828,C
6-NA,1350,2818,0,7,0,2825,A
6-NA,1351,0,1,2834,0,2835,G
6-NA,1352,1,0,2836,0,2837,G
6-NA,1353,0,2836,0,0,2836,T
6-NA,1354,2804,0,0,0,2804,A
6-NA,1355,1,1,1,2642,2645,C
6-NA,1356,2607,0,4,0,2611,A
6-NA,1357,0,2602,1,0,2603,T
6-NA,1358,2526,0,0,0,2526,A
6-NA,1359,1,2516,0,1,2518,T
6-NA,1360,0,0,2360,0,2360,G
6-NA,1361,2,0,2349,0,2351,G
6-NA,1362,2332,0,0,0,2332,A
6-NA,1363,2314,0,0,0,2314,A
6-NA,1364,2,0,0,2280,2282,C
6-NA,1365,1885,1,1,0,1887,A
6-NA,1366,1,0,1887,0,1888,G
6-NA,1367,0,0,1882,0,1882,G
6-NA,1368,0,0,0,1888,1888,C
6-NA,1369,0,1882,0,2,1884,T
6-NA,1370,0,0,0,1787,1787,C
6-NA,1371,1774,0,0,0,1774,A
6-NA,1372,1,1774,0,3,1778,T
6-NA,1373,2,0,1776,0,1778,G
6-NA,1374,1,0,1773,1,1775,G
6-NA,1375,1,0,0,1710,1711,C
6-NA,1376,0,2,0,1681,1683,C
6-NA,1377,1,1580,0,1,1582,T
6-NA,1378,0,1,1582,0,1583,G
6-NA,1379,1582,0,0,0,1582,A
6-NA,1380,0,1584,0,0,1584,T
6-NA,1381,0,0,1553,0,1553,G
6-NA,1382,0,0,1512,0,1512,G
6-NA,1383,1,0,1422,0,1423,G
6-NA,1384,2,0,1420,0,1422,G
6-NA,1385,0,0,0,1388,1388,C
6-NA,1386,2,0,1390,0,1392,G
6-NA,1387,0,0,1386,0,1386,G
6-NA,1388,1359,0,1,0,1360,A
6-NA,1389,0,0,0,1355,1355,C
6-NA,1390,1355,0,0,0,1355,A
6-NA,1391,0,1328,0,0,1328,T
6-NA,1392,0,0,0,1314,1314,C
6-NA,1393,1304,0,1,0,1305,A
6-NA,1394,1305,0,0,0,1305,A
6-NA,1395,0,1299,0,0,1299,T
6-NA,1396,0,0,0,1268,1268,C
6-NA,1397,0,1230,0,0,1230,T
6-NA,1398,0,0,0,1089,1089,C
6-NA,1399,1084,0,1,0,1085,A
6-NA,1400,0,1077,0,0,1077,T
6-NA,1401,0,0,1073,0,1073,G
6-NA,1402,0,1,0,1070,1071,C
6-NA,1403,0,1,0,1022,1023,C
6-NA,1404,0,926,0,0,926,T
6-NA,1405,923,0,0,0,923,A
6-NA,1406,1,921,0,0,922,T
6-NA,1407,909,0,0,0,909,A
6-NA,1408,0,905,0,0,905,T
6-NA,1409,835,0,0,0,835,A
6-NA,1410,789,0,0,0,789,A
7-M,1,39,0,0,0,39,A
7-M,2,0,40,0,0,40,T
7-M,3,0,0,39,0,39,G
7-M,4,41,0,0,0,41,A
7-M,5,0,0,45,0,45,G
7-M,6,0,0,0,49,49,C
7-M,7,0,0,0,50,50,C
7-M,8,0,80,0,0,80,T
7-M,9,0,80,0,0,80,T
7-M,10,0,0,0,80,80,C
7-M,11,0,81,0,0,81,T
7-M,12,80,0,0,0,80,A
7-M,13,80,0,1,0,81,A
7-M,14,0,0,0,81,81,C
7-M,15,0,0,0,81,81,C
7-M,16,0,0,81,0,81,G
7-M,17,84,0,0,0,84,A
7-M,18,0,0,85,0,85,G
7-M,19,0,0,90,0,90,G
7-M,20,0,90,0,0,90,T
7-M,21,0,0,0,90,90,C
7-M,22,0,0,90,0,90,G
7-M,23,90,0,0,0,90,A
7-M,24,90,0,0,0,90,A
7-M,25,92,0,0,0,92,A
7-M,26,0,0,0,99,99,C
7-M,27,0,0,101,0,101,G
7-M,28,0,102,0,0,102,T
7-M,29,102,0,0,0,102,A
7-M,30,0,105,0,0,105,T
7-M,31,0,0,109,0,109,G
7-M,32,0,109,0,0,109,T
7-M,33,0,119,0,0,119,T
7-M,34,0,0,0,120,120,C
7-M,35,0,119,0,0,119,T
7-M,36,0,0,0,129,129,C
7-M,37,0,129,0,0,129,T
7-M,38,0,0,0,136,136,C
7-M,39,0,136,0,0,136,T
7-M,40,138,0,0,0,138,A
7-M,41,0,138,0,0,138,T
7-M,42,0,0,0,140,140,C
7-M,43,0,0,141,0,141,G
7-M,44,0,140,0,1,141,T
7-M,45,0,142,0,0,142,T
7-M,46,0,0,0,142,142,C
7-M,47,0,0,0,144,144,C
7-M,48,146,0,0,0,146,A
7-M,49,0,145,0,1,146,T
7-M,50,0,0,0,146,146,C
7-M,51,146,0,0,0,146,A
7-M,52,0,0,148,0,148,G
7-M,53,0,0,147,0,147,G
7-M,54,0,0,0,147,147,C
7-M,55,0,0,0,147,147,C
7-M,56,0,0,0,148,148,C
7-M,57,0,0,0,156,156,C
7-M,58,0,0,0,159,159,C
7-M,59,0,158,0,0,158,T
7-M,60,0,0,0,159,159,C
7-M,61,158,0,0,0,158,A
7-M,62,159,0,0,0,159,A
7-M,63,161,0,0,0,161,A
7-M,64,0,0,160,0,160,G
7-M,65,0,0,0,162,162,C
7-M,66,0,0,0,162,162,C
7-M,67,0,0,162,0,162,G
7-M,68,162,0,0,0,162,A
7-M,69,0,0,162,0,162,G
7-M,70,163,0,0,0,163,A
7-M,71,0,163,0,0,163,T
7-M,72,0,0,0,162,162,C
7-M,73,0,0,162,0,162,G
7-M,74,0,0,0,165,165,C
7-M,75,0,0,165,0,165,G
7-M,76,0,0,0,164,164,C
7-M,77,165,0,0,0,165,A
7-M,78,0,0,165,0,165,G
7-M,79,164,0,0,0,164,A
7-M,80,0,0,183,0,183,G
7-M,81,183,1,0,0,184,A
7-M,82,0,0,0,183,183,C
7-M,83,0,184,0,0,184,T
7-M,84,0,185,0,0,185,T
7-M,85,0,0,187,0,187,G
7-M,86,185,0,0,0,185,A
7-M,87,187,0,0,0,187,A
7-M,88,0,0,186,0,186,G
7-M,89,186,0,0,0,186,A
7-M,90,0,186,0,0,186,T
7-M,91,0,0,192,0,192,G
7-M,92,0,192,0,1,193,T
7-M,93,0,0,0,193,193,C
7-M,94,0,192,0,0,192,T
7-M,95,0,193,0,0,193,T
7-M,96,0,193,0,0,193,T
7-M,97,0,0,192,0,192,G
7-M,98,0,0,0,193,193,C
7-M,99,0,193,0,0,193,T
7-M,100,0,0,190,0,190,G
7-M,101,0,0,191,0,191,G
7-M,102,190,0,0,0,190,A
7-M,103,196,0,0,0,196,A
7-M,104,196,0,0,0,196,A
7-M,105,196,0,0,0,196,A
7-M,106,195,0,0,0,195,A
7-M,107,197,0,0,0,197,A
7-M,108,0,0,0,199,199,C
7-M,109,198,0,0,0,198,A
7-M,110,0,0,0,198,198,C
7-M,111,195,0,1,0,196,A
7-M,112,0,1,204,0,205,G
7-M,113,211,0,0,0,211,A
7-M,114,0,212,0,0,212,T
7-M,115,0,0,0,215,215,C
7-M,116,0,215,0,0,215,T
7-M,117,0,215,0,0,215,T
7-M,118,0,0,215,0,215,G
7-M,119,213,0,1,0,214,A
7-M,120,0,0,213,0,213,G
7-M,121,0,0,215,0,215,G
7-M,122,0,0,0,216,216,C
7-M,123,0,216,0,0,216,T
7-M,124,0,0,0,239,239,C
7-M,125,0,239,0,0,239,T
7-M,126,0,0,0,239,239,C
7-M,127,239,0,0,0,239,A
7-M,128,0,242,0,0,242,T
7-M,129,0,0,242,0,242,G
7-M,130,0,0,241,0,241,G
7-M,131,241,0,0,0,241,A
7-M,132,238,0,0,0,238,A
7-M,133,0,235,0,0,235,T
7-M,134,0,0,250,0,250,G
7-M,135,0,0,262,0,262,G
7-M,136,0,0,0,265,265,C
7-M,137,0,264,0,0,264,T
7-M,138,264,0,0,0,264,A
7-M,139,261,0,0,0,261,A
7-M,140,267,0,0,0,267,A
7-M,141,0,0,273,0,273,G
7-M,142,268,1,1,0,270,A
7-M,143,0,0,0,269,269,C
7-M,144,261,0,1,0,262,A
7-M,145,264,0,0,0,264,A
7-M,146,0,0,268,0,268,G
7-M,147,269,0,0,0,269,A
7-M,148,0,0,0,269,269,C
7-M,149,0,0,0,268,268,C
7-M,150,268,0,0,0,268,A
7-M,151,272,0,0,0,272,A
7-M,152,0,273,0,0,273,T
7-M,153,0,274,0,0,274,T
7-M,154,0,0,0,277,277,C
7-M,155,0,276,0,0,276,T
7-M,156,0,0,275,0,275,G
7-M,157,0,276,0,0,276,T
7-M,158,0,0,0,274,274,C
7-M,159,276,0,0,0,276,A
7-M,160,0,0,0,278,278,C
7-M,161,0,0,0,279,279,C
7-M,162,0,279,0,0,279,T
7-M,163,0,0,0,279,279,C
7-M,164,0,278,0,0,278,T
7-M,165,0,0,289,0,289,G
7-M,166,289,0,0,0,289,A
7-M,167,0,0,0,289,289,C
7-M,168,0,289,0,0,289,T
7-M,169,286,0,0,0,286,A
7-M,170,282,0,0,0,282,A
7-M,171,282,0,0,0,282,A
7-M,172,0,0,286,0,286,G
7-M,173,0,0,286,0,286,G
7-M,174,0,0,291,0,291,G
7-M,175,293,0,0,0,293,A
7-M,176,0,293,0,0,293,T
7-M,177,0,292,0,0,292,T
7-M,178,0,290,0,1,291,T
7-M,179,1,294,0,0,295,T
7-M,180,0,0,294,0,294,G
7-M,181,0,0,294,0,294,G
7-M,182,0,0,290,0,290,G
7-M,183,0,0,293,0,293,G
7-M,184,0,293,0,0,293,T
7-M,185,0,292,0,1,293,T
7-M,186,0,292,0,0,292,T
7-M,187,0,0,298,0,298,G
7-M,188,0,299,0,0,299,T
7-M,189,0,0,300,0,300,G
7-M,190,0,300,0,0,300,T
7-M,191,0,298,0,0,298,T
7-M,192,0,0,0,298,298,C
7-M,193,298,0,0,0,298,A
7-M,194,0,0,0,302,302,C
7-M,195,0,0,303,0,303,G
7-M,196,0,1,0,303,304,C
7-M,197,0,298,0,1,299,T
7-M,198,0,0,1,308,309,C
7-M,199,309,0,0,0,309,A
7-M,200,0,0,0,313,313,C
7-M,201,0,0,0,310,310,C
7-M,202,0,0,311,0,311,G
7-M,203,1,311,0,0,312,T
7-M,204,0,0,309,0,309,G
7-M,205,0,0,0,311,311,C
7-M,206,0,0,0,310,310,C
7-M,207,0,0,0,311,311,C
7-M,208,309,0,0,0,309,A
7-M,209,0,0,312,0,312,G
7-M,210,0,309,0,0,309,T
7-M,211,0,0,312,0,312,G
7-M,212,315,0,0,0,315,A
7-M,213,0,0,317,0,317,G
7-M,214,0,0,0,317,317,C
7-M,215,0,0,318,0,318,G
7-M,216,316,0,0,0,316,A
7-M,217,0,0,317,0,317,G
7-M,218,0,0,319,0,319,G
7-M,219,319,0,0,0,319,A
7-M,220,0,0,0,325,325,C
7-M,221,0,324,0,0,324,T
7-M,222,0,0,327,0,327,G
7-M,223,0,0,0,326,326,C
7-M,224,326,0,0,0,326,A
7-M,225,0,0,334,0,334,G
7-M,226,0,0,0,334,334,C
7-M,227,0,0,335,0,335,G
7-M,228,0,335,0,0,335,T
7-M,229,331,0,0,0,331,A
7-M,230,0,0,332,0,332,G
7-M,231,330,0,0,0,330,A
7-M,232,0,0,0,331,331,C
7-M,233,0,0,333,0,333,G
7-M,234,0,0,0,329,329,C
7-M,235,0,326,0,0,326,T
7-M,236,0,325,0,0,325,T
7-M,237,0,324,0,0,324,T
7-M,238,1,0,331,0,332,G
7-M,239,0,333,0,0,333,T
7-M,240,0,0,0,331,331,C
7-M,241,0,0,1,331,332,C
7-M,242,331,1,0,0,332,A
7-M,243,328,1,0,0,329,A
7-M,244,330,1,0,0,331,A
7-M,245,333,0,0,0,333,A
7-M,246,0,333,0,0,333,T
7-M,247,0,0,330,0,330,G
7-M,248,0,0,0,328,328,C
7-M,249,0,0,0,329,329,C
7-M,250,1,0,0,332,333,C
7-M,251,0,333,0,0,333,T
7-M,252,0,0,0,339,339,C
7-M,253,342,0,0,0,342,A
7-M,254,345,0,1,0,346,A
7-M,255,0,356,0,0,356,T
7-M,256,0,0,356,0,356,G
7-M,257,0,0,354,0,354,G
7-M,258,0,348,0,0,348,T
7-M,259,364,0,0,0,364,A
7-M,260,361,0,0,0,361,A
7-M,261,0,367,0,0,367,T
7-M,262,0,0,364,0,364,G
7-M,263,0,0,365,0,365,G
7-M,264,354,0,0,0,354,A
7-M,265,0,0,353,0,353,G
7-M,266,348,0,0,0,348,A
7-M,267,0,0,0,343,343,C
7-M,268,0,0,0,358,358,C
7-M,269,0,0,0,361,361,C
7-M,270,366,0,0,0,366,A
7-M,271,364,0,0,0,364,A
7-M,272,367,0,0,0,367,A
7-M,273,0,365,0,0,365,T
7-M,274,374,0,0,0,374,A
7-M,275,373,1,0,0,374,A
7-M,276,0,0,0,368,368,C
7-M,277,360,1,1,0,362,A
7-M,278,0,363,0,0,363,T
7-M,279,0,0,369,0,369,G
7-M,280,2,0,368,0,370,G
7-M,281,372,0,0,0,372,A
7-M,282,0,0,0,369,369,C
7-M,283,368,0,0,0,368,A
7-M,284,367,1,0,0,368,A
7-M,285,367,0,1,0,368,A
7-M,286,0,2,369,0,371,G
7-M,287,0,0,0,375,375,C
7-M,288,372,0,0,0,372,A
7-M,289,0,0,378,0,378,G
7-M,290,0,377,0,0,377,T
7-M,291,0,378,0,0,378,T
7-M,292,378,0,0,0,378,A
7-M,293,378,0,0,0,378,A
7-M,294,379,0,0,0,379,A
7-M,295,0,0,0,377,377,C
7-M,296,0,370,0,0,370,T
7-M,297,0,0,407,0,407,G
7-M,298,0,403,0,0,403,T
7-M,299,404,0,0,0,404,A
7-M,300,0,402,0,0,402,T
7-M,301,402,0,0,0,402,A
7-M,302,0,0,402,0,402,G
7-M,303,0,0,402,0,402,G
7-M,304,400,0,0,0,400,A
7-M,305,399,0,0,0,399,A
7-M,306,381,0,0,0,381,A
7-M,307,0,0,0,387,387,C
7-M,308,0,386,0,0,386,T
7-M,309,0,388,0,0,388,T
7-M,310,388,0,0,0,388,A
7-M,311,385,0,0,0,385,A
7-M,312,0,0,386,0,386,G
7-M,313,381,0,0,0,381,A
7-M,314,0,0,383,0,383,G
7-M,315,0,0,378,0,378,G
7-M,316,0,0,381,0,381,G
7-M,317,377,0,0,0,377,A
7-M,318,0,0,381,0,381,G
7-M,319,384,0,1,0,385,A
7-M,320,0,385,0,0,385,T
7-M,321,383,0,0,0,383,A
7-M,322,387,0,1,0,388,A
7-M,323,0,1,0,391,392,C
7-M,324,0,0,391,0,391,G
7-M,325,0,394,0,0,394,T
7-M,326,0,391,0,0,391,T
7-M,327,0,0,0,394,394,C
7-M,328,0,0,0,391,391,C
7-M,329,391,1,0,0,392,A
7-M,330,0,392,0,0,392,T
7-M,331,0,0,390,0,390,G
7-M,332,0,3,384,0,387,G
7-M,333,0,0,387,0,387,G
7-M,334,0,0,390,0,390,G
7-M,335,0,0,0,390,390,C
7-M,336,0,0,0,388,388,C
7-M,337,388,0,0,0,388,A
7-M,338,392,0,0,0,392,A
7-M,339,392,0,1,0,393,A
7-M,340,0,0,398,0,398,G
7-M,341,405,0,0,0,405,A
7-M,342,401,0,0,0,401,A
7-M,343,400,0,0,0,400,A
7-M,344,0,400,0,0,400,T
7-M,345,400,0,0,0,400,A
7-M,346,0,0,400,0,400,G
7-M,347,0,0,0,399,399,C
7-M,348,0,398,0,0,398,T
7-M,349,0,0,0,398,398,C
7-M,350,0,396,0,0,396,T
7-M,351,0,0,0,408,408,C
7-M,352,409,0,0,0,409,A
7-M,353,0,0,409,0,409,G
7-M,354,0,404,0,2,406,T
7-M,355,0,408,0,1,409,T
7-M,356,412,0,0,0,412,A
7-M,357,0,412,0,0,412,T
7-M,358,0,409,0,1,410,T
7-M,359,0,0,0,413,413,C
7-M,360,0,408,0,0,408,T
7-M,361,0,0,412,0,412,G
7-M,362,0,0,0,409,409,C
7-M,363,0,408,0,0,408,T
7-M,364,0,0,408,0,408,G
7-M,365,0,0,408,0,408,G
7-M,366,0,408,0,0,408,T
7-M,367,0,0,408,0,408,G
7-M,368,0,0,0,408,408,C
7-M,369,411,0,0,0,411,A
7-M,370,0,0,0,413,413,C
7-M,371,1,407,0,1,409,T
7-M,372,0,413,0,0,413,T
7-M,373,1,0,408,0,409,G
7-M,374,0,1,0,410,411,C
7-M,375,0,0,0,413,413,C
7-M,376,410,0,0,0,410,A
7-M,377,0,0,414,0,414,G
7-M,378,0,416,0,0,416,T
7-M,379,0,417,0,0,417,T
7-M,380,0,0,418,0,418,G
7-M,381,0,0,0,413,413,C
7-M,382,413,0,0,0,413,A
7-M,383,0,413,0,0,413,T
7-M,384,0,0,411,0,411,G
7-M,385,0,0,416,0,416,G
7-M,386,1,0,420,0,421,G
7-M,387,0,0,0,422,422,C
7-M,388,0,0,0,427,427,C
7-M,389,0,422,0,0,422,T
7-M,390,0,0,0,430,430,C
7-M,391,452,0,0,0,452,A
7-M,392,0,452,0,0,452,T
7-M,393,458,0,0,0,458,A
7-M,394,0,447,0,0,447,T
7-M,395,444,0,0,0,444,A
7-M,396,0,0,0,472,472,C
7-M,397,458,0,0,0,458,A
7-M,398,460,0,0,0,460,A
7-M,399,0,455,0,0,455,T
7-M,400,440,0,0,0,440,A
7-M,401,0,0,444,0,444,G
7-M,402,0,0,436,0,436,G
7-M,403,432,0,0,0,432,A
7-M,404,0,434,0,0,434,T
7-M,405,0,0,413,0,413,G
7-M,406,0,0,411,0,411,G
7-M,407,0,1,410,0,411,G
7-M,408,0,0,416,0,416,G
7-M,409,0,1,422,0,423,G
7-M,410,0,0,0,420,420,C
7-M,411,0,419,0,0,419,T
7-M,412,0,0,419,0,419,G
7-M,413,0,420,0,1,421,T
7-M,414,422,0,0,0,422,A
7-M,415,419,0,1,0,420,A
7-M,416,0,0,0,419,419,C
7-M,417,0,0,0,418,418,C
7-M,418,410,0,1,0,411,A
7-M,419,0,0,0,413,413,C
7-M,420,0,413,0,0,413,T
7-M,421,0,0,415,0,415,G
7-M,422,414,0,0,0,414,A
7-M,423,409,0,0,0,409,A
7-M,424,0,0,413,0,413,G
7-M,425,0,409,0,0,409,T
7-M,426,0,0,406,0,406,G
7-M,427,0,0,406,0,406,G
7-M,428,0,1,0,403,404,C
7-M,429,404,0,0,0,404,A
7-M,430,0,401,0,0,401,T
7-M,431,0,404,0,0,404,T
7-M,432,0,403,0,0,403,T
7-M,433,1,0,410,0,411,G
7-M,434,1,0,412,0,413,G
7-M,435,0,0,0,412,412,C
7-M,436,0,0,0,411,411,C
7-M,437,0,409,0,1,410,T
7-M,438,0,0,418,0,418,G
7-M,439,0,0,425,0,425,G
7-M,440,0,426,0,0,426,T
7-M,441,430,0,0,0,430,A
7-M,442,0,410,0,0,410,T
7-M,443,0,0,418,0,418,G
7-M,444,0,418,0,1,419,T
7-M,445,0,0,418,0,418,G
7-M,446,0,1,0,420,421,C
7-M,447,410,0,0,0,410,A
7-M,448,403,0,0,0,403,A
7-M,449,0,0,0,412,412,C
7-M,450,408,0,0,0,408,A
7-M,451,0,410,0,0,410,T
7-M,452,0,0,400,0,400,G
7-M,453,0,392,0,0,392,T
7-M,454,0,0,391,0,391,G
7-M,455,389,1,0,0,390,A
7-M,456,0,0,391,0,391,G
7-M,457,0,0,0,388,388,C
7-M,458,381,0,0,0,381,A
7-M,459,0,0,382,0,382,G
7-M,460,377,0,0,0,377,A
7-M,461,0,377,0,0,377,T
7-M,462,0,376,0,0,376,T
7-M,463,0,0,382,0,382,G
7-M,464,0,0,0,382,382,C
7-M,465,1,382,0,0,383,T
7-M,466,0,0,379,0,379,G
7-M,467,382,0,0,0,382,A
7-M,468,0,0,0,403,403,C
7-M,469,0,405,0,0,405,T
7-M,470,0,0,0,406,406,C
7-M,471,0,0,0,405,405,C
7-M,472,0,0,0,405,405,C
7-M,473,405,0,0,0,405,A
7-M,474,0,0,407,0,407,G
7-M,475,0,0,0,403,403,C
7-M,476,409,0,0,0,409,A
7-M,477,0,0,0,409,409,C
7-M,478,394,0,0,0,394,A
7-M,479,0,1,398,0,399,G
7-M,480,0,0,403,0,403,G
7-M,481,0,402,0,1,403,T
7-M,482,0,0,0,409,409,C
7-M,483,0,402,0,3,405,T
7-M,484,0,0,0,406,406,C
7-M,485,406,0,0,0,406,A
7-M,486,0,407,0,0,407,T
7-M,487,406,0,1,0,407,A
7-M,488,0,0,401,1,402,G
7-M,489,1,0,401,0,402,G
7-M,490,0,0,0,403,403,C
7-M,491,394,0,0,0,394,A
7-M,492,0,0,389,0,389,G
7-M,493,391,0,0,0,391,A
7-M,494,0,391,0,0,391,T
7-M,495,0,0,393,0,393,G
7-M,496,0,0,393,0,393,G
7-M,497,1,388,0,0,389,T
7-M,498,0,0,391,0,391,G
7-M,499,0,0,390,0,390,G
7-M,500,0,0,0,389,389,C
7-M,501,386,0,0,0,386,A
7-M,502,387,0,0,0,387,A
7-M,503,0,0,0,391,391,C
7-M,504,391,0,0,0,391,A
7-M,505,390,0,0,0,390,A
7-M,506,0,0,0,390,390,C
7-M,507,0,0,0,387,387,C
7-M,508,387,0,0,0,387,A
7-M,509,388,0,0,0,388,A
7-M,510,0,393,0,0,393,T
7-M,511,0,0,0,388,388,C
7-M,512,0,0,0,389,389,C
7-M,513,388,0,1,0,389,A
7-M,514,0,382,0,5,387,T
7-M,515,0,386,0,0,386,T
7-M,516,386,0,1,0,387,A
7-M,517,386,1,0,0,387,A
7-M,518,0,386,0,0,386,T
7-M,519,385,0,0,0,385,A
7-M,520,385,0,0,0,385,A
7-M,521,380,0,0,0,380,A
7-M,522,378,0,0,1,379,A
7-M,523,0,0,0,384,384,C
7-M,524,384,0,0,0,384,A
7-M,525,0,382,0,0,382,T
7-M,526,0,0,381,0,381,G
7-M,527,381,0,0,0,381,A
7-M,528,0,0,385,0,385,G
7-M,529,384,0,0,0,384,A
7-M,530,382,0,0,0,382,A
7-M,531,0,0,0,384,384,C
7-M,532,374,0,0,0,374,A
7-M,533,0,0,379,0,379,G
7-M,534,373,0,0,0,373,A
7-M,535,377,0,0,0,377,A
7-M,536,0,375,0,1,376,T
7-M,537,0,0,370,0,370,G
7-M,538,0,0,371,0,371,G
7-M,539,0,368,0,1,369,T
7-M,540,0,362,0,0,362,T
7-M,541,0,370,0,0,370,T
7-M,542,0,371,0,0,371,T
7-M,543,0,0,374,0,374,G
7-M,544,0,0,371,0,371,G
7-M,545,0,0,0,372,372,C
7-M,546,0,0,0,369,369,C
7-M,547,368,0,0,0,368,A
7-M,548,0,0,380,0,380,G
7-M,549,1,0,0,377,378,C
7-M,550,380,0,0,0,380,A
7-M,551,0,0,0,388,388,C
7-M,552,0,379,0,0,379,T
7-M,553,387,0,0,0,387,A
7-M,554,0,0,0,385,385,C
7-M,555,392,0,0,0,392,A
7-M,556,0,0,396,0,396,G
7-M,557,0,0,0,384,384,C
7-M,558,0,379,0,0,379,T
7-M,559,379,0,0,0,379,A
7-M,560,371,1,0,0,372,A
7-M,561,0,0,375,0,375,G
7-M,562,0,0,377,0,377,G
7-M,563,1,0,0,376,377,C
7-M,564,0,354,0,1,355,T
7-M,565,356,0,0,0,356,A
7-M,566,0,352,0,0,352,T
7-M,567,0,0,353,0,353,G
7-M,568,0,0,354,0,354,G
7-M,569,342,0,0,0,342,A
7-M,570,0,0,342,0,342,G
7-M,571,0,0,0,338,338,C
7-M,572,337,0,0,0,337,A
7-M,573,338,0,0,0,338,A
7-M,574,337,0,0,0,337,A
7-M,575,0,342,0,0,342,T
7-M,576,0,0,343,0,343,G
7-M,577,0,0,341,0,341,G
7-M,578,0,0,0,341,341,C
7-M,579,0,334,0,0,334,T
7-M,580,0,0,338,0,338,G
7-M,581,0,0,341,0,341,G
7-M,582,342,0,0,0,342,A
7-M,583,0,340,0,0,340,T
7-M,584,0,0,0,344,344,C
7-M,585,344,0,0,0,344,A
7-M,586,346,0,0,0,346,A
7-M,587,0,0,347,0,347,G
7-M,588,0,347,0,0,347,T
7-M,589,0,0,346,0,346,G
7-M,590,341,1,0,0,342,A
7-M,591,336,1,0,0,337,A
7-M,592,0,0,0,337,337,C
7-M,593,339,0,0,0,339,A
7-M,594,0,0,339,0,339,G
7-M,595,0,0,338,0,338,G
7-M,596,0,0,0,338,338,C
7-M,597,337,0,0,0,337,A
7-M,598,1,0,342,0,343,G
7-M,599,0,0,0,341,341,C
7-M,600,0,0,341,0,341,G
7-M,601,0,0,339,0,339,G
7-M,602,336,0,0,0,336,A
7-M,603,0,0,342,0,342,G
7-M,604,0,0,345,0,345,G
7-M,605,0,0,0,344,344,C
7-M,606,1,0,0,344,345,C
7-M,607,348,0,0,0,348,A
7-M,608,0,347,0,1,348,T
7-M,609,0,0,349,0,349,G
7-M,610,0,0,352,0,352,G
7-M,611,352,0,0,0,352,A
7-M,612,0,0,351,0,351,G
7-M,613,335,0,0,0,335,A
7-M,614,0,341,0,0,341,T
7-M,615,0,340,0,0,340,T
7-M,616,0,0,340,0,340,G
7-M,617,0,0,0,342,342,C
7-M,618,0,342,0,0,342,T
7-M,619,339,0,0,0,339,A
7-M,620,0,0,340,0,340,G
7-M,621,0,338,0,0,338,T
7-M,622,0,0,0,338,338,C
7-M,623,319,0,0,0,319,A
7-M,624,0,0,322,0,322,G
7-M,625,1,0,318,0,319,G
7-M,626,0,0,0,321,321,C
7-M,627,0,0,0,319,319,C
7-M,628,324,0,0,0,324,A
7-M,629,0,0,327,0,327,G
7-M,630,0,0,325,0,325,G
7-M,631,0,0,0,327,327,C
7-M,632,328,0,0,0,328,A
7-M,633,0,0,327,0,327,G
7-M,634,326,0,0,0,326,A
7-M,635,0,325,0,0,325,T
7-M,636,0,0,324,0,324,G
7-M,637,0,0,335,0,335,G
7-M,638,0,330,0,1,331,T
7-M,639,0,0,331,0,331,G
7-M,640,0,0,0,330,330,C
7-M,641,327,0,0,0,327,A
7-M,642,0,0,332,0,332,G
7-M,643,0,1,330,0,331,G
7-M,644,0,0,0,330,330,C
7-M,645,323,0,0,0,323,A
7-M,646,313,0,0,0,313,A
7-M,647,0,309,0,0,309,T
7-M,648,0,0,308,0,308,G
7-M,649,308,0,0,0,308,A
7-M,650,0,0,311,0,311,G
7-M,651,299,0,0,0,299,A
7-M,652,0,0,300,0,300,G
7-M,653,0,0,0,302,302,C
7-M,654,0,0,0,306,306,C
7-M,655,310,0,0,0,310,A
7-M,656,0,310,0,0,310,T
7-M,657,0,310,0,0,310,T
7-M,658,0,0,309,0,309,G
7-M,659,0,1,305,0,306,G
7-M,660,0,0,309,0,309,G
7-M,661,308,0,1,0,309,A
7-M,662,0,0,0,305,305,C
7-M,663,0,294,0,0,294,T
7-M,664,0,0,0,295,295,C
7-M,665,298,0,0,0,298,A
7-M,666,0,312,0,0,312,T
7-M,667,1,0,0,311,312,C
7-M,668,0,0,0,312,312,C
7-M,669,0,311,0,0,311,T
7-M,670,314,0,0,0,314,A
7-M,671,0,0,317,0,317,G
7-M,672,0,331,0,0,331,T
7-M,673,0,327,0,0,327,T
7-M,674,0,0,0,327,327,C
7-M,675,1,0,0,327,328,C
7-M,676,326,0,0,0,326,A
7-M,677,0,0,327,0,327,G
7-M,678,0,325,0,0,325,T
7-M,679,327,0,0,0,327,A
7-M,680,0,0,0,327,327,C
7-M,681,0,310,0,0,310,T
7-M,682,0,0,315,0,315,G
7-M,683,0,0,313,0,313,G
7-M,684,0,314,0,0,314,T
7-M,685,0,308,0,0,308,T
7-M,686,0,311,0,0,311,T
7-M,687,310,0,0,1,311,A
7-M,688,311,0,0,0,311,A
7-M,689,0,0,313,0,313,G
7-M,690,310,0,0,0,310,A
7-M,691,0,0,304,1,305,G
7-M,692,291,0,0,0,291,A
7-M,693,0,287,0,0,287,T
7-M,694,0,0,288,0,288,G
7-M,695,287,0,0,0,287,A
7-M,696,0,287,0,0,287,T
7-M,697,0,1,0,284,285,C
7-M,698,0,282,0,0,282,T
7-M,699,0,282,0,1,283,T
7-M,700,0,0,0,284,284,C
7-M,701,0,284,0,0,284,T
7-M,702,0,284,0,0,284,T
7-M,703,0,0,284,0,284,G
7-M,704,282,0,0,0,282,A
7-M,705,283,0,0,0,283,A
7-M,706,283,0,0,0,283,A
7-M,707,282,0,0,0,282,A
7-M,708,0,282,0,0,282,T
7-M,709,0,282,1,1,284,T
7-M,710,0,284,0,0,284,T
7-M,711,0,0,283,0,283,G
7-M,712,0,0,0,284,284,C
7-M,713,280,0,2,0,282,A
7-M,714,0,0,283,0,283,G
7-M,715,284,0,0,0,284,A
7-M,716,0,0,0,288,288,C
7-M,717,0,0,0,284,284,C
7-M,718,1,284,0,0,285,T
7-M,719,287,0,1,0,288,A
7-M,720,1,286,0,0,287,T
7-M,721,0,0,0,288,288,C
7-M,722,286,0,0,0,286,A
7-M,723,0,0,285,0,285,G
7-M,724,283,0,0,0,283,A
7-M,725,279,0,0,0,279,A
7-M,726,278,0,0,1,279,A
7-M,727,0,0,0,275,275,C
7-M,728,0,0,280,0,280,G
7-M,729,279,0,0,0,279,A
7-M,730,279,0,0,0,279,A
7-M,731,0,280,0,0,280,T
7-M,732,0,0,277,0,277,G
7-M,733,0,0,283,0,283,G
7-M,734,0,0,283,0,283,G
7-M,735,0,0,282,0,282,G
7-M,736,0,0,286,0,286,G
7-M,737,0,278,0,0,278,T
7-M,738,0,0,279,0,279,G
7-M,739,0,0,0,279,279,C
7-M,740,277,0,0,0,277,A
7-M,741,0,0,278,0,278,G
7-M,742,278,0,0,0,278,A
7-M,743,0,274,0,0,274,T
7-M,744,0,0,273,0,273,G
7-M,745,0,0,0,270,270,C
7-M,746,270,0,0,0,270,A
7-M,747,267,0,1,0,268,A
7-M,748,0,2,0,272,274,C
7-M,749,0,0,275,0,275,G
7-M,750,276,0,0,0,276,A
7-M,751,0,273,0,1,274,T
7-M,752,0,273,0,0,273,T
7-M,753,0,0,0,273,273,C
7-M,754,272,0,0,0,272,A
7-M,755,270,0,1,0,271,A
7-M,756,0,0,271,0,271,G
7-M,757,0,267,0,0,267,T
7-M,758,0,0,265,0,265,G
7-M,759,261,0,0,0,261,A
7-M,760,0,0,0,260,260,C
7-M,761,1,0,0,262,263,C
7-M,762,0,0,0,264,264,C
7-M,763,0,0,267,0,267,G
7-M,764,0,0,0,267,267,C
7-M,765,0,267,0,0,267,T
7-M,766,0,268,0,0,268,T
7-M,767,0,0,268,0,268,G
7-M,768,0,268,0,0,268,T
7-M,769,0,266,0,0,266,T
7-M,770,0,0,267,0,267,G
7-M,771,0,259,0,0,259,T
7-M,772,0,256,0,0,256,T
7-M,773,0,0,257,0,257,G
7-M,774,0,0,0,258,258,C
7-M,775,0,0,0,256,256,C
7-M,776,0,0,257,0,257,G
7-M,777,0,0,0,255,255,C
7-M,778,0,0,259,0,259,G
7-M,779,258,0,1,0,259,A
7-M,780,259,0,0,0,259,A
7-M,781,0,260,0,0,260,T
7-M,782,260,0,0,0,260,A
7-M,783,0,264,0,0,264,T
7-M,784,0,0,0,262,262,C
7-M,785,264,0,0,0,264,A
7-M,786,0,263,0,0,263,T
7-M,787,0,262,0,0,262,T
7-M,788,0,0,261,0,261,G
7-M,789,0,0,263,0,263,G
7-M,790,0,0,264,0,264,G
7-M,791,261,0,0,0,261,A
7-M,792,0,257,0,0,257,T
7-M,793,0,0,0,252,252,C
7-M,794,0,252,0,0,252,T
7-M,795,0,252,0,0,252,T
7-M,796,0,0,252,0,252,G
7-M,797,0,0,0,251,251,C
7-M,798,248,0,0,0,248,A
7-M,799,0,0,0,249,249,C
7-M,800,0,246,0,0,246,T
7-M,801,0,247,0,0,247,T
7-M,802,0,0,247,0,247,G
7-M,803,249,0,0,0,249,A
7-M,804,0,248,0,0,248,T
7-M,805,246,0,0,0,246,A
7-M,806,0,246,0,0,246,T
7-M,807,0,239,0,0,239,T
7-M,808,0,0,241,0,241,G
7-M,809,0,240,0,0,240,T
7-M,810,0,0,239,0,239,G
7-M,811,0,0,240,0,240,G
7-M,812,238,0,0,0,238,A
7-M,813,0,237,0,0,237,T
7-M,814,0,236,0,0,236,T
7-M,815,0,0,0,236,236,C
7-M,816,0,235,1,0,236,T
7-M,817,0,232,0,0,232,T
7-M,818,0,0,232,0,232,G
7-M,819,232,0,0,0,232,A
7-M,820,0,231,0,0,231,T
7-M,821,0,0,0,231,231,C
7-M,822,0,0,233,0,233,G
7-M,823,0,232,0,0,232,T
7-M,824,0,1,1,231,233,C
7-M,825,0,229,0,3,232,T
7-M,826,0,233,0,0,233,T
7-M,827,0,232,0,0,232,T
7-M,828,0,233,0,0,233,T
7-M,829,0,232,0,0,232,T
7-M,830,0,234,0,0,234,T
7-M,831,0,234,0,0,234,T
7-M,832,0,0,0,232,232,C
7-M,833,232,0,0,0,232,A
7-M,834,231,0,0,0,231,A
7-M,835,232,0,0,0,232,A
7-M,836,0,233,0,0,233,T
7-M,837,0,0,234,0,234,G
7-M,838,0,0,0,232,232,C
7-M,839,0,0,232,0,232,G
7-M,840,0,234,0,0,234,T
7-M,841,0,0,0,233,233,C
7-M,842,0,232,0,0,232,T
7-M,843,232,0,0,0,232,A
7-M,844,0,232,0,0,232,T
7-M,845,1,0,0,228,229,C
7-M,846,0,0,228,0,228,G
7-M,847,227,0,0,0,227,A
7-M,848,0,0,0,229,229,C
7-M,849,0,224,0,0,224,T
7-M,850,0,0,0,227,227,C
7-M,851,0,223,1,0,224,T
7-M,852,0,224,0,0,224,T
7-M,853,0,0,0,224,224,C
7-M,854,223,0,0,0,223,A
7-M,855,223,0,1,0,224,A
7-M,856,223,0,0,0,223,A
7-M,857,0,0,0,222,222,C
7-M,858,222,0,0,0,222,A
7-M,859,0,0,0,210,210,C
7-M,860,1,0,204,0,205,G
7-M,861,0,0,211,0,211,G
7-M,862,0,0,0,211,211,C
7-M,863,0,0,0,210,210,C
7-M,864,0,211,0,0,211,T
7-M,865,0,212,0,0,212,T
7-M,866,212,0,0,0,212,A
7-M,867,212,0,0,0,212,A
7-M,868,212,0,0,0,212,A
7-M,869,211,0,0,0,211,A
7-M,870,0,0,207,0,207,G
7-M,871,172,0,0,0,172,A
7-M,872,0,0,172,0,172,G
7-M,873,0,0,172,0,172,G
7-M,874,0,0,0,172,172,C
7-M,875,0,0,0,170,170,C
7-M,876,0,0,0,170,170,C
7-M,877,0,168,0,0,168,T
7-M,878,0,170,0,0,170,T
7-M,879,0,0,0,170,170,C
7-M,880,0,170,0,0,170,T
7-M,881,172,0,0,0,172,A
7-M,882,0,0,0,172,172,C
7-M,883,0,0,171,0,171,G
7-M,884,0,0,170,0,170,G
7-M,885,162,0,1,0,163,A
7-M,886,163,0,0,0,163,A
7-M,887,0,0,158,0,158,G
7-M,888,0,0,159,0,159,G
7-M,889,157,0,0,0,157,A
7-M,890,0,0,157,0,157,G
7-M,891,0,157,0,0,157,T
7-M,892,158,0,0,0,158,A
7-M,893,0,0,0,157,157,C
7-M,894,0,0,0,156,156,C
7-M,895,0,155,0,0,155,T
7-M,896,0,0,154,0,154,G
7-M,897,149,0,0,0,149,A
7-M,898,0,0,151,0,151,G
7-M,899,0,145,0,0,145,T
7-M,900,0,0,0,145,145,C
7-M,901,0,140,0,0,140,T
7-M,902,140,0,0,0,140,A
7-M,903,0,140,0,0,140,T
7-M,904,0,0,140,0,140,G
7-M,905,137,0,1,0,138,A
7-M,906,0,0,137,0,137,G
7-M,907,0,0,127,0,127,G
7-M,908,0,0,126,0,126,G
7-M,909,124,0,0,0,124,A
7-M,910,123,0,0,0,123,A
7-M,911,0,0,123,0,123,G
7-M,912,121,0,0,0,121,A
7-M,913,121,0,0,0,121,A
7-M,914,0,122,0,0,122,T
7-M,915,118,0,0,0,118,A
7-M,916,0,118,0,0,118,T
7-M,917,0,0,0,111,111,C
7-M,918,0,0,113,0,113,G
7-M,919,112,0,0,0,112,A
7-M,920,111,0,0,0,111,A
7-M,921,111,0,0,0,111,A
7-M,922,0,0,110,0,110,G
7-M,923,0,0,111,0,111,G
7-M,924,110,0,0,0,110,A
7-M,925,109,0,0,0,109,A
7-M,926,0,0,0,109,109,C
7-M,927,106,0,0,0,106,A
7-M,928,0,0,106,0,106,G
7-M,929,0,0,0,106,106,C
7-M,930,105,0,0,0,105,A
7-M,931,0,0,106,0,106,G
7-M,932,100,0,0,0,100,A
7-M,933,100,0,0,0,100,A
7-M,934,0,99,0,1,100,T
7-M,935,0,0,99,0,99,G
7-M,936,0,0,0,99,99,C
7-M,937,0,86,0,0,86,T
7-M,938,0,0,86,0,86,G
7-M,939,0,86,0,0,86,T
7-M,940,0,0,86,0,86,G
7-M,941,0,0,86,0,86,G
7-M,942,84,0,0,0,84,A
7-M,943,0,83,0,1,84,T
7-M,944,0,0,81,0,81,G
7-M,945,0,0,0,79,79,C
7-M,946,0,75,0,0,75,T
7-M,947,0,0,74,0,74,G
7-M,948,73,0,0,0,73,A
7-M,949,0,0,0,70,70,C
7-M,950,0,0,70,0,70,G
7-M,951,70,0,0,0,70,A
7-M,952,0,0,0,70,70,C
7-M,953,68,0,0,0,68,A
7-M,954,0,0,67,0,67,G
7-M,955,0,66,0,0,66,T
7-M,956,0,0,0,66,66,C
7-M,957,66,0,0,0,66,A
7-M,958,0,64,0,0,64,T
7-M,959,0,63,0,0,63,T
7-M,960,0,63,0,0,63,T
7-M,961,0,62,0,0,62,T
7-M,962,0,0,62,0,62,G
7-M,963,0,60,0,0,60,T
7-M,964,0,0,0,60,60,C
7-M,965,58,0,0,0,58,A
7-M,966,0,0,57,0,57,G
7-M,967,0,0,0,58,58,C
7-M,968,58,0,0,0,58,A
7-M,969,0,58,0,0,58,T
7-M,970,54,0,0,0,54,A
7-M,971,0,0,54,0,54,G
7-M,972,53,0,0,0,53,A
7-M,973,0,0,53,0,53,G
7-M,974,0,53,0,0,53,T
7-M,975,0,32,0,0,32,T
7-M,976,0,0,32,0,32,G
7-M,977,0,0,32,0,32,G
7-M,978,32,0,0,0,32,A
7-M,979,0,0,32,0,32,G
7-M,980,0,15,0,0,15,T
7-M,981,15,0,0,0,15,A
7-M,982,15,0,0,0,15,A
8-NS,1,744,0,0,0,744,A
8-NS,2,0,744,0,0,744,T
8-NS,3,0,0,798,0,798,G
8-NS,4,0,1,852,1,854,G
8-NS,5,893,0,0,0,893,A
8-NS,6,0,1602,0,0,1602,T
8-NS,7,0,1605,0,0,1605,T
8-NS,8,0,0,0,1629,1629,C
8-NS,9,0,0,0,1640,1640,C
8-NS,10,1639,1,0,0,1640,A
8-NS,11,1674,0,1,0,1675,A
8-NS,12,0,0,0,1682,1682,C
8-NS,13,1690,0,0,0,1690,A
8-NS,14,0,0,0,1738,1738,C
8-NS,15,0,1743,0,1,1744,T
8-NS,16,0,0,1747,0,1747,G
8-NS,17,1,1745,0,0,1746,T
8-NS,18,1743,1,0,0,1744,A
8-NS,19,0,2102,0,3,2105,T
8-NS,20,0,1,0,2105,2106,C
8-NS,21,2110,0,0,0,2110,A
8-NS,22,2111,0,1,0,2112,A
8-NS,23,0,0,2127,0,2127,G
8-NS,24,0,2176,0,0,2176,T
8-NS,25,2,2160,0,1,2163,T
8-NS,26,0,2184,0,0,2184,T
8-NS,27,1,0,0,2184,2185,C
8-NS,28,0,2,0,2204,2206,C
8-NS,29,2207,0,1,0,2208,A
8-NS,30,0,0,2225,0,2225,G
8-NS,31,1,1,2234,1,2237,G
8-NS,32,0,2248,0,0,2248,T
8-NS,33,2260,0,0,0,2260,A
8-NS,34,0,0,2276,0,2276,G
8-NS,35,2269,0,2,1,2272,A
8-NS,36,1,2288,0,1,2290,T
8-NS,37,0,2282,0,1,2283,T
8-NS,38,0,0,2313,0,2313,G
8-NS,39,1,2,0,2313,2316,C
8-NS,40,1,2310,0,5,2316,T
8-NS,41,0,2330,0,2,2332,T
8-NS,42,0,2344,0,1,2345,T
8-NS,43,0,0,0,2387,2387,C
8-NS,44,1,2385,0,0,2386,T
8-NS,45,0,2385,0,1,2386,T
8-NS,46,1,2386,0,0,2387,T
8-NS,47,1,2,2412,0,2415,G
8-NS,48,0,2,2411,0,2413,G
8-NS,49,0,0,0,2420,2420,C
8-NS,50,2420,0,0,0,2420,A
8-NS,51,0,2418,0,2,2420,T
8-NS,52,2446,0,0,0,2446,A
8-NS,53,0,2491,0,0,2491,T
8-NS,54,2,0,0,2487,2489,C
8-NS,55,0,0,0,2498,2498,C
8-NS,56,0,0,2494,1,2495,G
8-NS,57,0,0,2518,0,2518,G
8-NS,58,2516,0,0,0,2516,A
8-NS,59,2528,0,2,0,2530,A
8-NS,60,2541,0,1,0,2542,A
8-NS,61,0,0,0,2584,2584,C
8-NS,62,2589,0,0,0,2589,A
8-NS,63,2587,0,0,0,2587,A
8-NS,64,0,0,2686,0,2686,G
8-NS,65,0,2691,0,0,2691,T
8-NS,66,0,2690,0,0,2690,T
8-NS,67,0,0,2694,0,2694,G
8-NS,68,0,2700,0,0,2700,T
8-NS,69,2697,0,3,0,2700,A
8-NS,70,1,0,2718,0,2719,G
8-NS,71,2914,0,1,0,2915,A
8-NS,72,0,0,0,2950,2950,C
8-NS,73,0,2,0,2926,2928,C
8-NS,74,2937,1,0,0,2938,A
8-NS,75,2953,1,2,0,2956,A
8-NS,76,0,0,3137,0,3137,G
8-NS,77,3141,1,0,0,3142,A
8-NS,78,3169,0,1,0,3170,A
8-NS,79,0,1,1,3167,3169,C
8-NS,80,1,3135,0,0,3136,T
8-NS,81,0,0,3168,0,3168,G
8-NS,82,3165,0,3,0,3168,A
8-NS,83,0,0,3236,0,3236,G
8-NS,84,0,3233,0,2,3235,T
8-NS,85,0,0,3214,0,3214,G
8-NS,86,3225,0,2,0,3227,A
8-NS,87,0,3237,0,0,3237,T
8-NS,88,0,0,3284,0,3284,G
8-NS,89,0,0,0,3321,3321,C
8-NS,90,1,1,0,3333,3335,C
8-NS,91,0,0,0,3358,3358,C
8-NS,92,1,0,0,3351,3352,C
8-NS,93,3360,0,0,0,3360,A
8-NS,94,0,3425,0,2,3427,T
8-NS,95,0,3472,0,0,3472,T
8-NS,96,0,0,0,3493,3493,C
8-NS,97,1,1,0,3491,3493,C
8-NS,98,0,3494,0,4,3498,T
8-NS,99,1,3486,0,1,3488,T
8-NS,100,1,0,3491,0,3492,G
8-NS,101,3476,0,0,0,3476,A
8-NS,102,2,3489,0,3,3494,T
8-NS,103,1,1,0,3488,3490,C
8-NS,104,0,0,3485,0,3485,G
8-NS,105,1,0,3510,0,3511,G
8-NS,106,0,0,0,3518,3518,C
8-NS,107,2,3516,0,2,3520,T
8-NS,108,0,3528,0,0,3528,T
8-NS,109,2,0,0,3525,3527,C
8-NS,110,2,0,3542,0,3544,G
8-NS,111,0,2,0,3547,3549,C
8-NS,112,1,2,0,3546,3549,C
8-NS,113,1,0,3557,1,3559,G
8-NS,114,3535,1,1,0,3537,A
8-NS,115,1,0,3672,0,3673,G
8-NS,116,3663,0,1,0,3664,A
8-NS,117,0,3682,0,2,3684,T
8-NS,118,0,0,0,3686,3686,C
8-NS,119,3676,0,1,0,3677,A
8-NS,120,0,1,3703,0,3704,G
8-NS,121,3688,0,3,2,3693,A
8-NS,122,0,2,3702,0,3704,G
8-NS,123,3,2,3755,0,3760,G
8-NS,124,0,3775,0,2,3777,T
8-NS,125,1,1,0,4075,4077,C
8-NS,126,0,0,1,4088,4089,C
8-NS,127,0,1,1,4121,4123,C
8-NS,128,2,4121,0,1,4124,T
8-NS,129,4139,0,1,0,4140,A
8-NS,130,4134,0,1,0,4135,A
8-NS,131,4,0,4201,0,4205,G
8-NS,132,1,2,4218,0,4221,G
8-NS,133,0,2,4202,0,4204,G
8-NS,134,1,1,4116,0,4118,G
8-NS,135,4109,3,0,0,4112,A
8-NS,136,4113,1,1,0,4115,A
8-NS,137,1,0,4131,0,4132,G
8-NS,138,4213,0,2,1,4216,A
8-NS,139,0,1,4271,0,4272,G
8-NS,140,1,0,4283,0,4284,G
8-NS,141,1,3,0,4293,4297,C
8-NS,142,4297,1,3,0,4301,A
8-NS,143,4289,0,2,0,4291,A
8-NS,144,1,4295,0,1,4297,T
8-NS,145,4343,1,1,0,4345,A
8-NS,146,0,1,0,4419,4420,C
8-NS,147,1,4370,0,3,4374,T
8-NS,148,2,1,0,4378,4381,C
8-NS,149,0,4345,0,1,4346,T
8-NS,150,1,6,0,4382,4389,C
8-NS,151,2,1,4451,0,4454,G
8-NS,152,2,1,4701,0,4704,G
8-NS,153,2,4701,0,0,4703,T
8-NS,154,0,1,0,4727,4728,C
8-NS,155,0,4713,0,0,4713,T
8-NS,156,4795,1,3,1,4800,A
8-NS,157,1,0,4795,1,4797,G
8-NS,158,4811,0,1,0,4812,A
8-NS,159,0,0,0,4927,4927,C
8-NS,160,4872,1,0,0,4873,A
8-NS,161,1,4791,1,7,4800,T
8-NS,162,0,0,0,4799,4799,C
8-NS,163,4800,0,2,0,4802,A
8-NS,164,4812,0,0,1,4813,A
8-NS,165,4794,0,2,0,4796,A
8-NS,166,1,0,4793,0,4794,G
8-NS,167,0,1,0,4820,4821,C
8-NS,168,4765,1,3,1,4770,A
8-NS,169,1,0,4790,0,4791,G
8-NS,170,1,0,0,4790,4791,C
8-NS,171,0,2,0,4803,4805,C
8-NS,172,4832,0,4,0,4836,A
8-NS,173,1,1,0,4876,4878,C
8-NS,174,1,0,0,4881,4882,C
8-NS,175,3,2,0,4895,4900,C
8-NS,176,4976,1,1,0,4978,A
8-NS,177,0,5014,0,2,5016,T
8-NS,178,1,0,5011,1,5013,G
8-NS,179,0,4994,0,4,4998,T
8-NS,180,0,4982,0,6,4988,T
8-NS,181,2,0,4992,0,4994,G
8-NS,182,1,0,4990,0,4991,G
8-NS,183,4975,0,3,0,4978,A
8-NS,184,4973,1,0,0,4974,A
8-NS,185,4930,0,6,0,4936,A
8-NS,186,0,0,4960,0,4960,G
8-NS,187,2,0,0,4955,4957,C
8-NS,188,4964,2,1,0,4967,A
8-NS,189,4958,0,1,1,4960,A
8-NS,190,4957,0,1,0,4958,A
8-NS,191,0,4995,0,1,4996,T
8-NS,192,0,4998,0,1,4999,T
8-NS,193,0,0,5079,0,5079,G
8-NS,194,2,5076,2,0,5080,T
8-NS,195,5061,0,3,0,5064,A
8-NS,196,2,1,5066,0,5069,G
8-NS,197,5055,2,3,0,5060,A
8-NS,198,5052,0,0,0,5052,A
8-NS,199,5057,0,1,0,5058,A
8-NS,200,5047,0,1,0,5048,A
8-NS,201,0,0,5067,1,5068,G
8-NS,202,5021,0,1,0,5022,A
8-NS,203,0,5026,0,1,5027,T
8-NS,204,0,5018,1,3,5022,T
8-NS,205,0,0,0,5038,5038,C
8-NS,206,0,5041,0,1,5042,T
8-NS,207,1,0,5049,3,5053,G
8-NS,208,5046,0,2,0,5048,A
8-NS,209,5047,0,1,1,5049,A
8-NS,210,5038,1,4,0,5043,A
8-NS,211,0,1,5064,0,5065,G
8-NS,212,5057,3,0,0,5060,A
8-NS,213,5062,2,3,0,5067,A
8-NS,214,0,0,5100,0,5100,G
8-NS,215,5133,1,0,0,5134,A
8-NS,216,5147,0,1,0,5148,A
8-NS,217,0,5139,0,0,5139,T
8-NS,218,0,0,0,5197,5197,C
8-NS,219,0,5193,0,1,5194,T
8-NS,220,2,0,5217,0,5219,G
8-NS,221,5219,0,1,0,5220,A
8-NS,222,0,5216,1,1,5218,T
8-NS,223,2,0,5205,0,5207,G
8-NS,224,5144,2,5,1,5152,A
8-NS,225,1,0,5150,0,5151,G
8-NS,226,2,4,5134,0,5140,G
8-NS,227,0,3,0,5134,5137,C
8-NS,228,5148,1,5,0,5154,A
8-NS,229,0,0,1,5266,5267,C
8-NS,230,1,5258,0,2,5261,T
8-NS,231,2,5284,1,0,5287,T
8-NS,232,5309,1,2,1,5313,A
8-NS,233,5320,1,0,0,5321,A
8-NS,234,5305,0,1,0,5306,A
8-NS,235,5288,0,2,0,5290,A
8-NS,236,0,5299,0,0,5299,T
8-NS,237,1,1,5292,0,5294,G
8-NS,238,5329,2,5,0,5336,A
8-NS,239,1,3,0,5319,5323,C
8-NS,240,1,1,0,5320,5322,C
8-NS,241,5326,2,1,0,5329,A
8-NS,242,0,5317,0,1,5318,T
8-NS,243,0,0,5455,0,5455,G
8-NS,244,2,1,5518,0,5521,G
8-NS,245,2,5561,0,0,5563,T
8-NS,246,0,1,1,5829,5831,C
8-NS,247,0,5796,0,4,5800,T
8-NS,248,3,1,1,5860,5865,C
8-NS,249,0,1,0,5873,5874,C
8-NS,250,5886,1,3,0,5890,A
8-NS,251,1,1,0,5948,5950,C
8-NS,252,5861,2,3,1,5867,A
8-NS,253,5,0,0,5893,5898,C
8-NS,254,0,0,0,5884,5884,C
8-NS,255,0,5662,0,6,5668,T
8-NS,256,2,0,5730,0,5732,G
8-NS,257,0,0,0,5699,5699,C
8-NS,258,0,5665,0,1,5666,T
8-NS,259,0,5703,0,0,5703,T
8-NS,260,0,1,0,5674,5675,C
8-NS,261,3,1,5680,0,5684,G
8-NS,262,0,1,0,5677,5678,C
8-NS,263,0,0,5680,0,5680,G
8-NS,264,5949,1,1,0,5951,A
8-NS,265,0,5943,2,0,5945,T
8-NS,266,6139,0,3,0,6142,A
8-NS,267,1,1,0,6159,6161,C
8-NS,268,6146,1,0,0,6147,A
8-NS,269,1,6274,1,4,6280,T
8-NS,270,6244,0,2,0,6246,A
8-NS,271,6263,1,3,0,6267,A
8-NS,272,0,1,0,6271,6272,C
8-NS,273,2,6114,4,1,6121,T
8-NS,274,1,1,6200,1,6203,G
8-NS,275,6108,1,2,0,6111,A
8-NS,276,0,3,0,6130,6133,C
8-NS,277,6131,0,1,0,6132,A
8-NS,278,1,6059,0,1,6061,T
8-NS,279,1,1,6060,0,6062,G
8-NS,280,6053,2,3,0,6058,A
8-NS,281,1,0,0,6187,6188,C
8-NS,282,0,6179,1,1,6181,T
8-NS,283,6257,1,3,1,6262,A
8-NS,284,0,6259,0,0,6259,T
8-NS,285,1,6238,0,0,6239,T
8-NS,286,0,1,6246,1,6248,G
8-NS,287,6214,1,7,0,6222,A
8-NS,288,1,0,6212,0,6213,G
8-NS,289,0,0,6204,0,6204,G
8-NS,290,6095,1,2,0,6098,A
8-NS,291,6123,0,0,0,6123,A
8-NS,292,0,6011,1,2,6014,T
8-NS,293,1,6020,0,2,6023,T
8-NS,294,2,1,6118,0,6121,G
8-NS,295,0,6107,0,8,6115,T
8-NS,296,0,1,0,6125,6126,C
8-NS,297,6130,0,2,0,6132,A
8-NS,298,6137,0,1,0,6138,A
8-NS,299,1,0,6136,0,6137,G
8-NS,300,6157,0,1,1,6159,A
8-NS,301,6146,1,2,0,6149,A
8-NS,302,6159,0,1,1,6161,A
8-NS,303,0,1,0,6140,6141,C
8-NS,304,0,6074,1,0,6075,T
8-NS,305,0,1,6173,0,6174,G
8-NS,306,0,1,6235,0,6236,G
8-NS,307,1,6228,0,3,6232,T
8-NS,308,2,6225,0,3,6230,T
8-NS,309,2,1,0,6200,6203,C
8-NS,310,6217,1,1,1,6220,A
8-NS,311,1,6299,1,1,6302,T
8-NS,312,0,3,6333,0,6336,G
8-NS,313,0,2,0,6357,6359,C
8-NS,314,1,6319,0,9,6329,T
8-NS,315,6259,1,4,0,6264,A
8-NS,316,6682,1,1,0,6684,A
8-NS,317,0,6725,0,1,6726,T
8-NS,318,4,0,6729,0,6733,G
8-NS,319,0,3,0,6702,6705,C
8-NS,320,2,3,0,6643,6648,C
8-NS,321,0,0,0,6649,6649,C
8-NS,322,6623,2,4,0,6629,A
8-NS,323,6629,2,4,0,6635,A
8-NS,324,1,3,6663,0,6667,G
8-NS,325,0,1,0,6675,6676,C
8-NS,326,6642,1,9,1,6653,A
8-NS,327,0,1,6707,0,6708,G
8-NS,328,6692,0,0,0,6692,A
8-NS,329,6688,2,1,1,6692,A
8-NS,330,6676,1,2,0,6679,A
8-NS,331,6648,1,0,1,6650,A
8-NS,332,1,6715,0,1,6717,T
8-NS,333,1,1,6725,0,6727,G
8-NS,334,0,0,6726,0,6726,G
8-NS,335,6702,2,2,0,6706,A
8-NS,336,6663,0,6,0,6669,A
8-NS,337,0,4,6661,0,6665,G
8-NS,338,0,2,6681,0,6683,G
8-NS,339,6697,1,2,0,6700,A
8-NS,340,1,0,0,6696,6697,C
8-NS,341,1,2,1,6688,6692,C
8-NS,342,0,6696,0,3,6699,T
8-NS,343,1,1,0,6784,6786,C
8-NS,344,0,6785,0,3,6788,T
8-NS,345,1,6813,1,1,6816,T
8-NS,346,1,6793,0,2,6796,T
8-NS,347,3,0,6763,0,6766,G
8-NS,348,1,0,0,6850,6851,C
8-NS,349,6812,0,2,0,6814,A
8-NS,350,4,6805,0,1,6810,T
8-NS,351,0,3,1,6807,6811,C
8-NS,352,6842,2,2,0,6846,A
8-NS,353,0,0,7016,0,7016,G
8-NS,354,6992,0,2,3,6997,A
8-NS,355,7001,0,1,0,7002,A
8-NS,356,1,6989,0,0,6990,T
8-NS,357,3,1,6926,0,6930,G
8-NS,358,13,1,6968,1,6983,G
8-NS,359,6992,0,6,0,6998,A
8-NS,360,3,2,0,6986,6991,C
8-NS,361,2,3,0,6843,6848,C
8-NS,362,6738,1,4,1,6744,A
8-NS,363,2,1,6820,0,6823,G
8-NS,364,1,1,6817,1,6820,G
8-NS,365,0,0,0,6831,6831,C
8-NS,366,6795,2,0,0,6797,A
8-NS,367,6812,0,1,0,6813,A
8-NS,368,0,6795,0,7,6802,T
8-NS,369,0,1,0,6811,6812,C
8-NS,370,6809,1,1,0,6811,A
8-NS,371,1,6769,0,0,6770,T
8-NS,372,3,5,6696,0,6704,G
8-NS,373,2,3,6726,0,6731,G
8-NS,374,6693,0,6,0,6699,A
8-NS,375,1,1,6748,0,6750,G
8-NS,376,6669,1,4,1,6675,A
8-NS,377,6683,1,0,0,6684,A
8-NS,378,6686,2,1,0,6689,A
8-NS,379,6683,0,2,0,6685,A
8-NS,380,6716,3,2,0,6721,A
8-NS,381,1,1,0,6735,6737,C
8-NS,382,6719,1,1,1,6722,A
8-NS,383,0,6702,0,5,6707,T
8-NS,384,1,0,1,6653,6655,C
8-NS,385,6656,1,4,0,6661,A
8-NS,386,3,6679,0,1,6683,T
8-NS,387,2,0,6705,0,6707,G
8-NS,388,0,6697,2,9,6708,T
8-NS,389,2,6655,0,2,6659,T
8-NS,390,0,0,6661,2,6663,G
8-NS,391,6645,1,1,0,6647,A
8-NS,392,6644,0,5,0,6649,A
8-NS,393,6649,0,2,0,6651,A
8-NS,394,0,0,6666,0,6666,G
8-NS,395,0,1,1,6643,6645,C
8-NS,396,0,3,6652,0,6655,G
8-NS,397,6652,5,0,0,6657,A
8-NS,398,6659,2,2,2,6665,A
8-NS,399,0,6638,2,0,6640,T
8-NS,400,0,6640,0,15,6655,T
8-NS,401,1,6665,3,2,6671,T
8-NS,402,2,0,0,6678,6680,C
8-NS,403,6623,1,5,0,6629,A
8-NS,404,0,0,6647,0,6647,G
8-NS,405,0,6652,0,3,6655,T
8-NS,406,0,0,6643,0,6643,G
8-NS,407,2,6627,0,4,6633,T
8-NS,408,0,2,6665,0,6667,G
8-NS,409,6697,1,1,0,6699,A
8-NS,410,2,6689,0,0,6691,T
8-NS,411,3,6685,1,4,6693,T
8-NS,412,0,6685,1,4,6690,T
8-NS,413,0,6670,1,2,6673,T
8-NS,414,2,6676,0,3,6681,T
8-NS,415,2,0,6658,0,6660,G
8-NS,416,6668,1,9,0,6678,A
8-NS,417,4,3,0,6654,6661,C
8-NS,418,1,2,0,6584,6587,C
8-NS,419,1,0,6623,0,6624,G
8-NS,420,6992,2,1,0,6995,A
8-NS,421,1,1,0,7114,7116,C
8-NS,422,0,7108,0,4,7112,T
8-NS,423,7141,2,1,0,7144,A
8-NS,424,1,1,7142,1,7145,G
8-NS,425,7143,0,12,0,7155,A
8-NS,426,1,3,7198,1,7203,G
8-NS,427,7174,3,6,1,7184,A
8-NS,428,1,0,0,7362,7363,C
8-NS,429,2,1,0,7012,7015,C
8-NS,430,6814,0,1,0,6815,A
8-NS,431,0,7173,0,1,7174,T
8-NS,432,7132,0,1,0,7133,A
8-NS,433,0,0,7631,0,7631,G
8-NS,434,1,7592,0,2,7595,T
8-NS,435,7547,0,1,0,7548,A
8-NS,436,0,7543,0,1,7544,T
8-NS,437,1,7344,0,1,7346,T
8-NS,438,7535,0,2,0,7537,A
8-NS,439,2,0,0,7524,7526,C
8-NS,440,0,7231,1,3,7235,T
8-NS,441,7216,0,0,0,7216,A
8-NS,442,6622,1,2,0,6625,A
8-NS,443,0,1,6659,0,6660,G
8-NS,444,1,3,6625,2,6631,G
8-NS,445,0,1,6658,1,6660,G
8-NS,446,0,2,1,6594,6597,C
8-NS,447,0,6466,1,14,6481,T
8-NS,448,1,6456,1,4,6462,T
8-NS,449,1,6549,0,1,6551,T
8-NS,450,0,2,0,6564,6566,C
8-NS,451,6647,0,4,1,6652,A
8-NS,452,1,80,1,6567,6649,C
8-NS,453,0,2,0,6596,6598,C
8-NS,454,0,0,6611,0,6611,G
8-NS,455,6578,2,0,0,6580,A
8-NS,456,6593,4,1,0,6598,A
8-NS,457,1,3,6613,0,6617,G
8-NS,458,6533,0,3,1,6537,A
8-NS,459,2,4,6553,0,6559,G
8-NS,460,0,2,6461,0,6463,G
8-NS,461,1,0,6512,0,6513,G
8-NS,462,6504,1,4,0,6509,A
8-NS,463,1,1,6517,0,6519,G
8-NS,464,0,0,2,6507,6509,C
8-NS,465,6510,2,1,0,6513,A
8-NS,466,6520,1,6,0,6527,A
8-NS,467,0,6522,0,0,6522,T
8-NS,468,0,6503,0,1,6504,T
8-NS,469,804,0,5700,0,6504,G
8-NS,470,0,6444,1,3,6448,T
8-NS,471,1,6444,1,1,6447,T
8-NS,472,1,0,6438,0,6439,G
8-NS,473,3,0,6432,2,6437,G
8-NS,474,0,4,0,6437,6441,C
8-NS,475,2,1,6429,0,6432,G
8-NS,476,6424,0,1,0,6425,A
8-NS,477,6445,1,0,0,6446,A
8-NS,478,6459,2,1,1,6463,A
8-NS,479,1,6482,0,0,6483,T
8-NS,480,0,0,0,6475,6475,C
8-NS,481,1,6443,2,4,6450,T
8-NS,482,2,1,0,6454,6457,C
8-NS,483,6463,0,6,0,6469,A
8-NS,484,1,0,0,6487,6488,C
8-NS,485,1,1,0,6478,6480,C
8-NS,486,6422,0,1,0,6423,A
8-NS,487,1,6396,0,5,6402,T
8-NS,488,0,6368,0,1,6369,T
8-NS,489,0,0,6368,0,6368,G
8-NS,490,2,1,0,6367,6370,C
8-NS,491,1,4,0,6369,6374,C
8-NS,492,1,6374,0,5,6380,T
8-NS,493,2,6360,0,5,6367,T
8-NS,494,1,1,2,6376,6380,C
8-NS,495,0,6376,1,4,6381,T
8-NS,496,0,6378,0,0,6378,T
8-NS,497,1,6483,0,1,6485,T
8-NS,498,2,6446,0,3,6451,T
8-NS,499,2,1,0,6454,6457,C
8-NS,500,1,2,1,6459,6463,C
8-NS,501,6428,1,5,1,6435,A
8-NS,502,1,2,6518,1,6522,G
8-NS,503,1,0,6507,0,6508,G
8-NS,504,6601,1,2,0,6604,A
8-NS,505,0,2,0,6621,6623,C
8-NS,506,6657,0,1,0,6658,A
8-NS,507,1,6683,0,4,6688,T
8-NS,508,6708,0,1,1,6710,A
8-NS,509,0,2,0,7102,7104,C
8-NS,510,2,7085,0,1,7088,T
8-NS,511,7050,1,0,0,7051,A
8-NS,512,0,7027,2,1,7030,T
8-NS,513,0,6824,0,3,6827,T
8-NS,514,2,3,6810,0,6815,G
8-NS,515,6601,1,8,0,6610,A
8-NS,516,2,0,6602,0,6604,G
8-NS,517,2,0,6589,0,6591,G
8-NS,518,6075,1,0,0,6076,A
8-NS,519,1,6069,0,2,6072,T
8-NS,520,2,0,6023,0,6025,G
8-NS,521,0,6007,0,8,6015,T
8-NS,522,4,1,2,6028,6035,C
8-NS,523,6042,0,2,1,6045,A
8-NS,524,6032,2,0,0,6034,A
8-NS,525,6034,0,3,0,6037,A
8-NS,526,6012,1,0,0,6013,A
8-NS,527,6047,1,2,0,6050,A
8-NS,528,0,6026,0,0,6026,T
8-NS,529,1,1,6019,0,6021,G
8-NS,530,0,0,0,6050,6050,C
8-NS,531,6042,2,1,0,6045,A
8-NS,532,6076,1,0,0,6077,A
8-NS,533,0,6081,1,1,6083,T
8-NS,534,1,6082,2,2,6087,T
8-NS,535,0,2,6071,1,6074,G
8-NS,536,4,4,6026,0,6034,G
8-NS,537,5,1,6039,0,6045,G
8-NS,538,0,1,6080,0,6081,G
8-NS,539,16,5950,1,8,5975,T
8-NS,540,1,2,2,6020,6025,C
8-NS,541,2,0,0,6010,6012,C
8-NS,542,1,6010,0,7,6018,T
8-NS,543,4,0,2,6064,6070,C
8-NS,544,6053,4,0,0,6057,A
8-NS,545,0,6077,0,2,6079,T
8-NS,546,1,0,0,6074,6075,C
8-NS,547,3,1,6019,0,6023,G
8-NS,548,1,1,6009,0,6011,G
8-NS,549,5907,1,2,0,5910,A
8-NS,550,2,1,5921,1,5925,G
8-NS,551,0,1,5954,0,5955,G
8-NS,552,5881,0,11,0,5892,A
8-NS,553,1,1,0,5925,5927,C
8-NS,554,1,5920,1,2,5924,T
8-NS,555,1,5930,0,2,5933,T
8-NS,556,1,1,5980,1,5983,G
8-NS,557,5928,1,33,1,5963,A
8-NS,558,5959,0,5,0,5964,A
8-NS,559,0,5946,1,1,5948,T
8-NS,560,0,0,5862,0,5862,G
8-NS,561,1,2,5910,2,5915,G
8-NS,562,5837,2,1,0,5840,A
8-NS,563,5884,0,3,0,5887,A
8-NS,564,2,6120,0,1,6123,T
8-NS,565,0,0,6152,0,6152,G
8-NS,566,6159,0,2,0,6161,A
8-NS,567,1,6157,0,0,6158,T
8-NS,568,6152,0,4,0,6156,A
8-NS,569,6179,1,1,0,6181,A
8-NS,570,0,1,0,6120,6121,C
8-NS,571,6025,2,1,0,6028,A
8-NS,572,1,1,0,6054,6056,C
8-NS,573,5563,0,1,1,5565,A
8-NS,574,0,0,5647,0,5647,G
8-NS,575,2,5596,1,3,5602,T
8-NS,576,1,5584,0,3,5588,T
8-NS,577,1,0,0,5582,5583,C
8-NS,578,1,1,5548,0,5550,G
8-NS,579,5540,0,2,1,5543,A
8-NS,580,0,0,5546,0,5546,G
8-NS,581,0,5492,0,2,5494,T
8-NS,582,1,1,0,5511,5513,C
8-NS,583,2,5391,1,7,5401,T
8-NS,584,1,0,0,5445,5446,C
8-NS,585,0,5451,0,0,5451,T
8-NS,586,5446,0,3,0,5449,A
8-NS,587,5454,0,1,0,5455,A
8-NS,588,5436,0,0,1,5437,A
8-NS,589,5473,2,2,0,5477,A
8-NS,590,5477,0,1,1,5479,A
8-NS,591,0,5433,0,0,5433,T
8-NS,592,1,0,0,5459,5460,C
8-NS,593,2,5418,0,3,5423,T
8-NS,594,5439,2,3,1,5445,A
8-NS,595,1,0,0,5440,5441,C
8-NS,596,5423,4,1,1,5429,A
8-NS,597,0,1,5432,0,5433,G
8-NS,598,5331,2,3,1,5337,A
8-NS,599,0,0,5353,0,5353,G
8-NS,600,5349,0,2,0,5351,A
8-NS,601,1,5316,0,6,5323,T
8-NS,602,1,5319,1,2,5323,T
8-NS,603,0,2,1,5327,5330,C
8-NS,604,1,0,5337,0,5338,G
8-NS,605,0,516,0,4823,5339,C
8-NS,606,0,5334,0,3,5337,T
8-NS,607,0,5338,0,1,5339,T
8-NS,608,0,0,5315,0,5315,G
8-NS,609,360,1,4970,0,5331,G
8-NS,610,5311,2,1,0,5314,A
8-NS,611,0,0,5321,0,5321,G
8-NS,612,5283,0,2,0,5285,A
8-NS,613,5234,2,7,0,5243,A
8-NS,614,0,0,5312,0,5312,G
8-NS,615,0,2,0,5307,5309,C
8-NS,616,5299,2,4,0,5305,A
8-NS,617,1,0,5388,0,5389,G
8-NS,618,1,5335,0,0,5336,T
8-NS,619,5358,0,0,0,5358,A
8-NS,620,5358,0,2,0,5360,A
8-NS,621,0,5338,0,0,5338,T
8-NS,622,2,3,5361,0,5366,G
8-NS,623,5182,2,4,0,5188,A
8-NS,624,0,1,5256,0,5257,G
8-NS,625,5220,0,3,0,5223,A
8-NS,626,5031,2,1,0,5034,A
8-NS,627,1,5005,1,1,5008,T
8-NS,628,0,2,4942,1,4945,G
8-NS,629,1,3,4947,0,4951,G
8-NS,630,1,2,4928,0,4931,G
8-NS,631,2,2,4901,0,4905,G
8-NS,632,2,0,4895,0,4897,G
8-NS,633,4715,2,3,1,4721,A
8-NS,634,0,4511,0,0,4511,T
8-NS,635,3,0,0,4618,4621,C
8-NS,636,3,4617,2,8,4630,T
8-NS,637,1,1,0,4639,4641,C
8-NS,638,1,1,0,4652,4654,C
8-NS,639,4669,1,1,0,4671,A
8-NS,640,0,0,0,4664,4664,C
8-NS,641,2,4553,1,1,4557,T
8-NS,642,0,4535,0,0,4535,T
8-NS,643,4452,0,1,1,4454,A
8-NS,644,1,0,0,4468,4469,C
8-NS,645,1,4432,0,4,4437,T
8-NS,646,2,1,0,4419,4422,C
8-NS,647,1,0,0,4381,4382,C
8-NS,648,4371,0,1,0,4372,A
8-NS,649,4376,1,0,0,4377,A
8-NS,650,4375,0,0,0,4375,A
8-NS,651,4376,0,2,1,4379,A
8-NS,652,1,0,0,4377,4378,C
8-NS,653,4267,0,1,0,4268,A
8-NS,654,0,0,4274,0,4274,G
8-NS,655,4260,0,0,0,4260,A
8-NS,656,4259,0,0,0,4259,A
8-NS,657,4260,1,2,2,4265,A
8-NS,658,0,1,0,4258,4259,C
8-NS,659,0,1,4257,0,4258,G
8-NS,660,0,1,4254,0,4255,G
8-NS,661,0,0,4266,0,4266,G
8-NS,662,4255,1,3,0,4259,A
8-NS,663,4238,1,2,1,4242,A
8-NS,664,4235,2,2,0,4239,A
8-NS,665,0,4227,0,1,4228,T
8-NS,666,0,0,4254,0,4254,G
8-NS,667,1,0,4247,0,4248,G
8-NS,668,0,0,0,4220,4220,C
8-NS,669,1,0,4224,0,4225,G
8-NS,670,4208,0,2,0,4210,A
8-NS,671,1,0,4233,0,4234,G
8-NS,672,4231,1,1,0,4233,A
8-NS,673,4226,0,3,1,4230,A
8-NS,674,1,1,0,4245,4247,C
8-NS,675,4169,2,3,1,4175,A
8-NS,676,1,0,4170,0,4171,G
8-NS,677,1,0,0,4159,4160,C
8-NS,678,0,4166,0,0,4166,T
8-NS,679,4155,1,1,0,4157,A
8-NS,680,0,2,4112,0,4114,G
8-NS,681,1,0,4118,0,4119,G
8-NS,682,0,4101,1,4,4106,T
8-NS,683,1,1,1,4034,4037,C
8-NS,684,4045,1,1,0,4047,A
8-NS,685,4042,0,1,1,4044,A
8-NS,686,4034,0,0,0,4034,A
8-NS,687,4068,0,0,0,4068,A
8-NS,688,1,0,4067,0,4068,G
8-NS,689,0,3993,0,0,3993,T
8-NS,690,0,3974,1,0,3975,T
8-NS,691,1,3992,0,0,3993,T
8-NS,692,0,1,3992,2,3995,G
8-NS,693,3993,0,4,0,3997,A
8-NS,694,3992,0,4,1,3997,A
8-NS,695,1,0,4009,0,4010,G
8-NS,696,3911,0,1,0,3912,A
8-NS,697,0,1,3926,0,3927,G
8-NS,698,3920,0,2,0,3922,A
8-NS,699,0,3923,0,0,3923,T
8-NS,700,3923,0,2,1,3926,A
8-NS,701,3908,1,0,0,3909,A
8-NS,702,0,0,3905,0,3905,G
8-NS,703,3658,1,3,1,3663,A
8-NS,704,1,3656,0,0,3657,T
8-NS,705,2,1,3669,0,3672,G
8-NS,706,1,0,3670,0,3671,G
8-NS,707,1,0,0,3657,3658,C
8-NS,708,0,3649,0,1,3650,T
8-NS,709,3661,0,1,0,3662,A
8-NS,710,3649,1,0,0,3650,A
8-NS,711,0,3657,1,0,3658,T
8-NS,712,0,3659,0,3,3662,T
8-NS,713,0,1,3674,1,3676,G
8-NS,714,3633,0,2,0,3635,A
8-NS,715,3624,0,2,0,3626,A
8-NS,716,0,1,3624,0,3625,G
8-NS,717,3617,0,0,1,3618,A
8-NS,718,3566,0,2,0,3568,A
8-NS,719,0,0,3594,1,3595,G
8-NS,720,1,3518,0,4,3523,T
8-NS,721,0,0,3522,1,3523,G
8-NS,722,3492,1,4,2,3499,A
8-NS,723,0,1,3511,0,3512,G
8-NS,724,3510,1,2,0,3513,A
8-NS,725,0,0,0,3499,3499,C
8-NS,726,3464,0,2,0,3466,A
8-NS,727,0,0,0,3456,3456,C
8-NS,728,3242,0,1,0,3243,A
8-NS,729,1,0,3281,0,3282,G
8-NS,730,3267,1,0,1,3269,A
8-NS,731,1,3251,0,2,3254,T
8-NS,732,0,3241,0,0,3241,T
8-NS,733,3220,1,1,0,3222,A
8-NS,734,3217,0,1,0,3218,A
8-NS,735,3210,0,3,0,3213,A
8-NS,736,3210,1,0,0,3211,A
8-NS,737,3209,0,1,0,3210,A
8-NS,738,0,1,0,3085,3086,C
8-NS,739,2924,1,0,0,2925,A
8-NS,740,2937,0,0,0,2937,A
8-NS,741,0,1,0,2933,2934,C
8-NS,742,2,2917,1,1,2921,T
8-NS,743,0,0,2943,0,2943,G
8-NS,744,2940,0,1,0,2941,A
8-NS,745,2941,0,0,0,2941,A
8-NS,746,2937,1,1,1,2940,A
8-NS,747,2899,0,1,0,2900,A
8-NS,748,0,2888,2,0,2890,T
8-NS,749,2844,0,0,0,2844,A
8-NS,750,0,0,2851,1,2852,G
8-NS,751,0,1,0,2851,2852,C
8-NS,752,0,2786,0,0,2786,T
8-NS,753,0,2786,0,0,2786,T
8-NS,754,0,2771,0,1,2772,T
8-NS,755,0,0,2781,1,2782,G
8-NS,756,2784,0,0,0,2784,A
8-NS,757,2786,0,1,0,2787,A
8-NS,758,0,0,0,2789,2789,C
8-NS,759,2712,1,1,0,2714,A
8-NS,760,2721,1,0,0,2722,A
8-NS,761,2717,2,0,0,2719,A
8-NS,762,0,2720,0,0,2720,T
8-NS,763,2716,0,1,0,2717,A
8-NS,764,2664,0,2,0,2666,A
8-NS,765,0,2,0,2657,2659,C
8-NS,766,2645,0,1,0,2646,A
8-NS,767,0,2618,0,0,2618,T
8-NS,768,0,2561,0,1,2562,T
8-NS,769,1,0,0,2537,2538,C
8-NS,770,2522,0,0,0,2522,A
8-NS,771,0,2511,0,0,2511,T
8-NS,772,1,1,2512,0,2514,G
8-NS,773,0,0,1,2459,2460,C
8-NS,774,2415,0,1,0,2416,A
8-NS,775,2408,1,3,0,2412,A
8-NS,776,0,0,2401,0,2401,G
8-NS,777,1,0,0,2421,2422,C
8-NS,778,2365,0,0,0,2365,A
8-NS,779,2,2343,0,2,2347,T
8-NS,780,1,2337,1,0,2339,T
8-NS,781,2340,0,1,0,2341,A
8-NS,782,0,0,0,2338,2338,C
8-NS,783,2299,0,0,0,2299,A
8-NS,784,2280,0,0,0,2280,A
8-NS,785,0,0,0,2261,2261,C
8-NS,786,2,1886,0,1,1889,T
8-NS,787,0,0,1891,0,1891,G
8-NS,788,1,0,0,1840,1841,C
8-NS,789,0,1781,0,1,1782,T
8-NS,790,0,0,1783,0,1783,G
8-NS,791,1,1745,1,1,1748,T
8-NS,792,1,1743,0,1,1745,T
8-NS,793,0,1746,0,0,1746,T
8-NS,794,0,0,1722,0,1722,G
8-NS,795,1720,0,1,0,1721,A
8-NS,796,1684,0,2,0,1686,A
8-NS,797,0,0,1686,0,1686,G
8-NS,798,0,1663,0,0,1663,T
8-NS,799,0,0,1599,0,1599,G
8-NS,800,0,0,1604,0,1604,G
8-NS,801,1600,0,0,0,1600,A
8-NS,802,1597,1,2,0,1600,A
8-NS,803,0,2,0,1598,1600,C
8-NS,804,1550,0,0,0,1550,A
8-NS,805,0,0,1550,0,1550,G
8-NS,806,0,0,1528,0,1528,G
8-NS,807,1497,0,1,0,1498,A
8-NS,808,0,0,1498,0,1498,G
8-NS,809,1216,0,0,0,1216,A
8-NS,810,0,1210,0,0,1210,T
8-NS,811,1206,0,0,0,1206,A
8-NS,812,1195,0,1,0,1196,A
8-NS,813,0,0,1198,0,1198,G
8-NS,814,1061,0,0,0,1061,A
8-NS,815,1055,0,0,0,1055,A
8-NS,816,0,0,0,1042,1042,C
8-NS,817,0,885,1,0,886,T
8-NS,818,0,880,0,0,880,T
8-NS,819,0,875,0,1,876,T
8-NS,820,1,0,0,877,878,C
8-NS,821,1,836,0,2,839,T
8-NS,822,1,0,0,816,817,C
8-NS,823,795,0,0,0,795,A
8-NS,824,1,792,0,0,793,T
8-NS,825,1,782,0,2,785,T
8-NS,826,0,784,0,0,784,T
8-NS,827,0,0,0,777,777,C
8-NS,828,750,0,0,0,750,A
8-NS,829,0,0,748,0,748,G
8-NS,830,0,0,0,748,748,C
8-NS,831,0,702,0,1,703,T
8-NS,832,0,700,0,0,700,T
8-NS,833,679,0,0,0,679,A
8-NS,834,0,677,0,0,677,T
8-NS,835,0,677,0,1,678,T
8-NS,836,0,668,0,1,669,T
8-NS,837,639,0,0,0,639,A
8-NS,838,622,0,0,0,622,A
8-NS,839,0,606,0,0,606,T
8-NS,840,0,0,596,1,597,G
8-NS,841,574,0,0,0,574,A
8-NS,842,0,505,0,1,506,T
8-NS,843,499,0,0,0,499,A
8-NS,844,497,0,0,0,497,A
8-NS,845,499,0,0,0,499,A
8-NS,846,499,0,0,0,499,A
8-NS,847,496,0,0,0,496,A
8-NS,848,490,1,0,1,492,A
8-NS,849,1,0,0,485,486,C
8-NS,850,417,0,0,0,417,A
8-NS,851,0,0,0,415,415,C
8-NS,852,0,0,0,397,397,C
8-NS,853,0,0,0,377,377,C
8-NS,854,0,357,0,0,357,T
8-NS,855,0,345,1,0,346,T
8-NS,856,0,0,345,0,345,G
8-NS,857,0,334,0,0,334,T
8-NS,858,0,333,0,0,333,T
8-NS,859,0,324,0,0,324,T
8-NS,860,0,0,0,117,117,C
8-NS,861,0,87,0,0,87,T
8-NS,862,68,0,0,0,68,A
8-NS,863,0,0,0,66,66,C
