Gene,Position,A,T,G,C,Coverage,Consensus
1-PB2,1,457,0,0,0,457,A
1-PB2,2,0,456,0,0,456,T
1-PB2,3,0,0,467,0,467,G
1-PB2,4,0,0,466,0,466,G
1-PB2,5,467,0,0,0,467,A
1-PB2,6,465,0,1,0,466,A
1-PB2,7,467,0,0,0,467,A
1-PB2,8,0,3,536,0,539,G
1-PB2,9,538,0,0,0,538,A
1-PB2,10,541,0,1,0,542,A
1-PB2,11,0,556,0,0,556,T
1-PB2,12,556,0,0,0,556,A
1-PB2,13,556,0,0,0,556,A
1-PB2,14,556,0,0,0,556,A
1-PB2,15,557,0,1,0,558,A
1-PB2,16,0,1,576,0,577,G
1-PB2,17,579,0,0,0,579,A
1-PB2,18,579,0,0,0,579,A
1-PB2,19,0,1,0,596,597,C
1-PB2,20,0,596,0,0,596,T
1-PB2,21,608,0,1,0,609,A
1-PB2,22,0,1,0,608,609,C
1-PB2,23,0,1,609,0,610,G
1-PB2,24,0,1,622,0,623,G
1-PB2,25,623,0,0,0,623,A
1-PB2,26,641,0,0,0,641,A
1-PB2,27,0,642,0,0,642,T
1-PB2,28,1,0,0,645,646,C
1-PB2,29,0,647,0,1,648,T
1-PB2,30,1,1,645,0,647,G
1-PB2,31,648,0,0,0,648,A
1-PB2,32,0,648,0,1,649,T
1-PB2,33,0,0,649,0,649,G
1-PB2,34,0,659,0,1,660,T
1-PB2,35,0,0,0,660,660,C
1-PB2,36,0,0,659,0,659,G
1-PB2,37,0,1,0,660,661,C
1-PB2,38,658,0,0,0,658,A
1-PB2,39,0,0,694,0,694,G
1-PB2,40,0,690,0,2,692,T
1-PB2,41,2,0,0,694,696,C
1-PB2,42,0,694,0,0,694,T
1-PB2,43,1,0,0,695,696,C
1-PB2,44,2,0,695,0,697,G
1-PB2,45,0,0,0,699,699,C
1-PB2,46,697,0,0,0,697,A
1-PB2,47,0,0,0,704,704,C
1-PB2,48,0,692,0,2,694,T
1-PB2,49,1,1,0,698,700,C
1-PB2,50,0,0,702,0,702,G
1-PB2,51,1,0,0,702,703,C
1-PB2,52,0,1,704,0,705,G
1-PB2,53,702,0,2,0,704,A
1-PB2,54,0,1,708,0,709,G
1-PB2,55,724,0,0,0,724,A
1-PB2,56,0,722,0,0,722,T
1-PB2,57,725,0,0,0,725,A
1-PB2,58,0,0,0,721,721,C
1-PB2,59,1,712,0,1,714,T
1-PB2,60,0,3,725,0,728,G
1-PB2,61,729,0,0,0,729,A
1-PB2,62,0,0,0,741,741,C
1-PB2,63,738,0,1,0,739,A
1-PB2,64,736,0,0,0,736,A
1-PB2,65,759,0,0,0,759,A
1-PB2,66,762,0,0,0,762,A
1-PB2,67,760,0,0,0,760,A
1-PB2,68,0,0,0,765,765,C
1-PB2,69,0,0,0,760,760,C
1-PB2,70,764,0,0,0,764,A
1-PB2,71,0,0,0,774,774,C
1-PB2,72,768,0,5,0,773,A
1-PB2,73,0,0,794,0,794,G
1-PB2,74,0,785,1,0,786,T
1-PB2,75,0,1,804,0,805,G
1-PB2,76,2,2,801,0,805,G
1-PB2,77,810,0,1,0,811,A
1-PB2,78,0,0,0,835,835,C
1-PB2,79,2,0,0,828,830,C
1-PB2,80,830,0,1,0,831,A
1-PB2,81,0,832,0,1,833,T
1-PB2,82,812,0,0,0,812,A
1-PB2,83,0,811,0,0,811,T
1-PB2,84,0,1,806,1,808,G
1-PB2,85,1,0,810,0,811,G
1-PB2,86,0,0,0,810,810,C
1-PB2,87,1,1,0,782,784,C
1-PB2,88,779,1,0,0,780,A
1-PB2,89,0,836,0,1,837,T
1-PB2,90,840,0,0,0,840,A
1-PB2,91,885,1,0,0,886,A
1-PB2,92,0,883,0,1,884,T
1-PB2,93,0,876,0,0,876,T
1-PB2,94,881,0,0,0,881,A
1-PB2,95,880,0,0,0,880,A
1-PB2,96,0,1,905,0,906,G
1-PB2,97,900,0,0,0,900,A
1-PB2,98,886,0,0,0,886,A
1-PB2,99,0,0,924,0,924,G
1-PB2,100,0,911,0,1,912,T
1-PB2,101,913,0,1,0,914,A
1-PB2,102,0,0,0,915,915,C
1-PB2,103,915,0,0,0,915,A
1-PB2,104,0,1,0,931,932,C
1-PB2,105,919,0,0,0,919,A
1-PB2,106,0,925,0,1,926,T
1-PB2,107,1,0,0,924,925,C
1-PB2,108,2,1,905,0,908,G
1-PB2,109,0,0,908,0,908,G
1-PB2,110,0,0,911,0,911,G
1-PB2,111,0,0,909,0,909,G
1-PB2,112,899,2,1,0,902,A
1-PB2,113,0,0,902,0,902,G
1-PB2,114,891,0,2,0,893,A
1-PB2,115,1,0,0,903,904,C
1-PB2,116,900,0,2,0,902,A
1-PB2,117,0,0,912,0,912,G
1-PB2,118,0,1,932,0,933,G
1-PB2,119,931,0,1,0,932,A
1-PB2,120,932,0,3,0,935,A
1-PB2,121,931,0,1,0,932,A
1-PB2,122,931,0,0,0,931,A
1-PB2,123,0,1,934,0,935,G
1-PB2,124,913,7,1,0,921,A
1-PB2,125,921,0,2,0,923,A
1-PB2,126,0,0,0,923,923,C
1-PB2,127,1,1,0,899,901,C
1-PB2,128,0,1,0,898,899,C
1-PB2,129,2,0,897,0,899,G
1-PB2,130,0,903,0,1,904,T
1-PB2,131,2,0,0,905,907,C
1-PB2,132,910,0,0,0,910,A
1-PB2,133,0,0,0,915,915,C
1-PB2,134,0,908,0,0,908,T
1-PB2,135,0,911,0,0,911,T
1-PB2,136,908,0,0,0,908,A
1-PB2,137,0,3,929,0,932,G
1-PB2,138,0,0,931,0,931,G
1-PB2,139,926,0,1,0,927,A
1-PB2,140,0,926,0,0,926,T
1-PB2,141,1,2,927,0,930,G
1-PB2,142,942,0,0,0,942,A
1-PB2,143,938,0,2,0,940,A
1-PB2,144,945,0,1,0,946,A
1-PB2,145,0,944,0,0,944,T
1-PB2,146,0,3,940,0,943,G
1-PB2,147,0,1,943,0,944,G
1-PB2,148,943,0,1,0,944,A
1-PB2,149,0,946,0,0,946,T
1-PB2,150,1,0,934,0,935,G
1-PB2,151,922,0,1,0,923,A
1-PB2,152,0,923,0,0,923,T
1-PB2,153,0,3,926,0,929,G
1-PB2,154,1,0,936,0,937,G
1-PB2,155,0,1,0,923,924,C
1-PB2,156,916,0,0,0,916,A
1-PB2,157,928,0,3,0,931,A
1-PB2,158,0,930,0,0,930,T
1-PB2,159,0,0,966,0,966,G
1-PB2,160,966,0,0,0,966,A
1-PB2,161,957,0,2,0,959,A
1-PB2,162,961,0,1,0,962,A
1-PB2,163,0,965,0,1,966,T
1-PB2,164,966,0,0,0,966,A
1-PB2,165,0,0,0,996,996,C
1-PB2,166,2,0,0,990,992,C
1-PB2,167,3,0,0,989,992,C
1-PB2,168,983,0,0,0,983,A
1-PB2,169,985,0,0,0,985,A
1-PB2,170,0,982,0,1,983,T
1-PB2,171,3,0,0,981,984,C
1-PB2,172,976,0,0,0,976,A
1-PB2,173,0,0,0,997,997,C
1-PB2,174,0,972,0,0,972,T
1-PB2,175,1,0,981,0,982,G
1-PB2,176,0,2,0,977,979,C
1-PB2,177,0,975,0,1,976,T
1-PB2,178,1,1,990,0,992,G
1-PB2,179,989,0,0,0,989,A
1-PB2,180,0,1,0,1000,1001,C
1-PB2,181,999,0,0,0,999,A
1-PB2,182,981,0,0,0,981,A
1-PB2,183,984,0,0,0,984,A
1-PB2,184,981,0,1,0,982,A
1-PB2,185,0,0,1003,0,1003,G
1-PB2,186,0,0,1005,0,1005,G
1-PB2,187,997,0,3,0,1000,A
1-PB2,188,0,1001,0,0,1001,T
1-PB2,189,988,0,1,0,989,A
1-PB2,190,1001,0,1,0,1002,A
1-PB2,191,0,0,0,1014,1014,C
1-PB2,192,1008,0,0,0,1008,A
1-PB2,193,0,1,1011,0,1012,G
1-PB2,194,1001,0,0,0,1001,A
1-PB2,195,1001,0,0,0,1001,A
1-PB2,196,1000,0,1,0,1001,A
1-PB2,197,0,997,0,1,998,T
1-PB2,198,0,4,996,0,1000,G
1-PB2,199,1,0,1006,0,1007,G
1-PB2,200,1,991,0,1,993,T
1-PB2,201,0,996,0,0,996,T
1-PB2,202,1,0,0,990,991,C
1-PB2,203,0,2,0,991,993,C
1-PB2,204,0,1,993,0,994,G
1-PB2,205,0,2,991,0,993,G
1-PB2,206,988,0,3,0,991,A
1-PB2,207,0,3,992,0,995,G
1-PB2,208,980,0,1,0,981,A
1-PB2,209,0,1,998,0,999,G
1-PB2,210,1005,0,0,0,1005,A
1-PB2,211,1001,0,1,0,1002,A
1-PB2,212,1004,0,0,0,1004,A
1-PB2,213,0,997,0,0,997,T
1-PB2,214,0,10,1000,0,1010,G
1-PB2,215,1015,0,1,0,1016,A
1-PB2,216,1007,0,4,0,1011,A
1-PB2,217,1,0,0,1009,1010,C
1-PB2,218,997,0,0,0,997,A
1-PB2,219,999,0,3,0,1002,A
1-PB2,220,0,0,1048,0,1048,G
1-PB2,221,0,4,1056,0,1060,G
1-PB2,222,1058,0,2,2,1062,A
1-PB2,223,0,0,0,1049,1049,C
1-PB2,224,1041,0,1,0,1042,A
1-PB2,225,1043,0,5,1,1049,A
1-PB2,226,1047,0,1,0,1048,A
1-PB2,227,0,0,0,1049,1049,C
1-PB2,228,0,0,0,990,990,C
1-PB2,229,1,0,0,1093,1094,C
1-PB2,230,0,1090,0,2,1092,T
1-PB2,231,1099,1,0,0,1100,A
1-PB2,232,0,1094,0,1,1095,T
1-PB2,233,0,1,1102,0,1103,G
1-PB2,234,0,2,1134,0,1136,G
1-PB2,235,1067,0,3,0,1070,A
1-PB2,236,1,0,1076,0,1077,G
1-PB2,237,0,1076,0,0,1076,T
1-PB2,238,1069,0,0,0,1069,A
1-PB2,239,1075,0,0,0,1075,A
1-PB2,240,1078,0,1,0,1079,A
1-PB2,241,1075,0,3,0,1078,A
1-PB2,242,0,1067,0,1,1068,T
1-PB2,243,0,4,1052,0,1056,G
1-PB2,244,1029,0,0,0,1029,A
1-PB2,245,0,1,1031,0,1032,G
1-PB2,246,0,1027,0,0,1027,T
1-PB2,247,0,0,1028,0,1028,G
1-PB2,248,1047,0,1,0,1048,A
1-PB2,249,0,1055,0,0,1055,T
1-PB2,250,1,0,1054,0,1055,G
1-PB2,251,0,0,0,1053,1053,C
1-PB2,252,0,1048,0,1,1049,T
1-PB2,253,0,1,1091,0,1092,G
1-PB2,254,0,2,1090,0,1092,G
1-PB2,255,1099,0,2,0,1101,A
1-PB2,256,0,1096,0,1,1097,T
1-PB2,257,1,0,0,1097,1098,C
1-PB2,258,1106,0,2,0,1108,A
1-PB2,259,0,0,1133,0,1133,G
1-PB2,260,1131,0,1,0,1132,A
1-PB2,261,0,1135,0,0,1135,T
1-PB2,262,1085,0,0,0,1085,A
1-PB2,263,0,1,1116,0,1117,G
1-PB2,264,1102,0,2,0,1104,A
1-PB2,265,0,0,1124,0,1124,G
1-PB2,266,0,1102,0,2,1104,T
1-PB2,267,0,1,1089,0,1090,G
1-PB2,268,1072,0,0,0,1072,A
1-PB2,269,2,1080,0,0,1082,T
1-PB2,270,1,2,1094,0,1097,G
1-PB2,271,0,0,1122,0,1122,G
1-PB2,272,0,1102,0,2,1104,T
1-PB2,273,1106,0,1,0,1107,A
1-PB2,274,0,1086,0,1,1087,T
1-PB2,275,1,1,0,1088,1090,C
1-PB2,276,1123,0,0,0,1123,A
1-PB2,277,0,0,0,1142,1142,C
1-PB2,278,0,1,0,1140,1141,C
1-PB2,279,0,1108,0,2,1110,T
1-PB2,280,0,1092,0,1,1093,T
1-PB2,281,0,1098,0,1,1099,T
1-PB2,282,1,1,1106,1,1109,G
1-PB2,283,0,0,1104,0,1104,G
1-PB2,284,0,0,0,1123,1123,C
1-PB2,285,0,1086,0,0,1086,T
1-PB2,286,0,0,1078,0,1078,G
1-PB2,287,1,1078,0,0,1079,T
1-PB2,288,1080,0,0,0,1080,A
1-PB2,289,1091,0,0,0,1091,A
1-PB2,290,0,0,0,1091,1091,C
1-PB2,291,1074,0,0,0,1074,A
1-PB2,292,0,1066,0,0,1066,T
1-PB2,293,0,2,1047,0,1049,G
1-PB2,294,0,0,1071,0,1071,G
1-PB2,295,1,1058,0,0,1059,T
1-PB2,296,1,4,1050,0,1055,G
1-PB2,297,0,2,1073,0,1075,G
1-PB2,298,1070,1,1,0,1072,A
1-PB2,299,1077,0,1,0,1078,A
1-PB2,300,0,1076,0,0,1076,T
1-PB2,301,1068,0,5,0,1073,A
1-PB2,302,0,1,1090,0,1091,G
1-PB2,303,1065,0,0,0,1065,A
1-PB2,304,1064,0,4,0,1068,A
1-PB2,305,1065,0,2,0,1067,A
1-PB2,306,0,1040,0,0,1040,T
1-PB2,307,0,0,1039,0,1039,G
1-PB2,308,0,1,1033,0,1034,G
1-PB2,309,1036,0,3,0,1039,A
1-PB2,310,0,0,0,1050,1050,C
1-PB2,311,0,0,0,1036,1036,C
1-PB2,312,4,1,0,1022,1027,C
1-PB2,313,2,0,1036,0,1038,G
1-PB2,314,0,1045,0,0,1045,T
1-PB2,315,1,2,1073,0,1076,G
1-PB2,316,1070,0,0,0,1070,A
1-PB2,317,0,1,0,1080,1081,C
1-PB2,318,1079,0,0,0,1079,A
1-PB2,319,1075,0,1,0,1076,A
1-PB2,320,0,0,1113,1,1114,G
1-PB2,321,0,1108,0,1,1109,T
1-PB2,322,1109,0,0,0,1109,A
1-PB2,323,0,0,0,1098,1098,C
1-PB2,324,0,23,1060,0,1083,G
1-PB2,325,1,0,1127,0,1128,G
1-PB2,326,0,1121,0,0,1121,T
1-PB2,327,3,0,1,1133,1137,C
1-PB2,328,0,0,0,1136,1136,C
1-PB2,329,1107,1,0,0,1108,A
1-PB2,330,0,1113,0,1,1114,T
1-PB2,331,0,1114,0,0,1114,T
1-PB2,332,1163,0,1,0,1164,A
1-PB2,333,0,0,0,1165,1165,C
1-PB2,334,0,0,0,1131,1131,C
1-PB2,335,1,0,0,1128,1129,C
1-PB2,336,1113,0,0,0,1113,A
1-PB2,337,1126,0,0,0,1126,A
1-PB2,338,1127,0,0,0,1127,A
1-PB2,339,1130,1,0,0,1131,A
1-PB2,340,1,0,1151,0,1152,G
1-PB2,341,0,1100,0,0,1100,T
1-PB2,342,0,0,1123,0,1123,G
1-PB2,343,0,1121,0,1,1122,T
1-PB2,344,1124,0,0,0,1124,A
1-PB2,345,0,0,0,1124,1124,C
1-PB2,346,1112,0,0,0,1112,A
1-PB2,347,1115,0,0,0,1115,A
1-PB2,348,0,2,1128,0,1130,G
1-PB2,349,1115,0,4,0,1119,A
1-PB2,350,0,0,0,1121,1121,C
1-PB2,351,0,1093,0,1,1094,T
1-PB2,352,0,1103,0,1,1104,T
1-PB2,353,1101,0,0,0,1101,A
1-PB2,354,0,1102,0,1,1103,T
1-PB2,355,0,1100,0,0,1100,T
1-PB2,356,1,1099,0,0,1100,T
1-PB2,357,3,0,0,1083,1086,C
1-PB2,358,0,2,1085,0,1087,G
1-PB2,359,1084,0,2,0,1086,A
1-PB2,360,0,1,0,1087,1088,C
1-PB2,361,1077,0,0,0,1077,A
1-PB2,362,1076,0,0,0,1076,A
1-PB2,363,1074,0,1,0,1075,A
1-PB2,364,0,0,1094,0,1094,G
1-PB2,365,1,1088,1,0,1090,T
1-PB2,366,8,2,0,1082,1092,C
1-PB2,367,2,0,1094,0,1096,G
1-PB2,368,1085,0,2,0,1087,A
1-PB2,369,1085,0,4,0,1089,A
1-PB2,370,1089,2,3,0,1094,A
1-PB2,371,0,1,1145,0,1146,G
1-PB2,372,0,0,1149,0,1149,G
1-PB2,373,0,1134,0,1,1135,T
1-PB2,374,0,1139,0,2,1141,T
1-PB2,375,1141,0,0,0,1141,A
1-PB2,376,1138,1,0,0,1139,A
1-PB2,377,1142,0,0,0,1142,A
1-PB2,378,1140,0,9,0,1149,A
1-PB2,379,1,0,0,1163,1164,C
1-PB2,380,1112,0,1,0,1113,A
1-PB2,381,0,1108,0,0,1108,T
1-PB2,382,0,1,1103,0,1104,G
1-PB2,383,0,3,1106,0,1109,G
1-PB2,384,1107,0,0,0,1107,A
1-PB2,385,1114,0,1,0,1115,A
1-PB2,386,0,0,0,1151,1151,C
1-PB2,387,2,0,0,1156,1158,C
1-PB2,388,0,1137,0,1,1138,T
1-PB2,389,0,1138,0,0,1138,T
1-PB2,390,0,1142,0,0,1142,T
1-PB2,391,0,3,1134,0,1137,G
1-PB2,392,0,0,1148,0,1148,G
1-PB2,393,0,0,0,1148,1148,C
1-PB2,394,0,0,0,1141,1141,C
1-PB2,395,0,0,0,1136,1136,C
1-PB2,396,0,1097,0,1,1098,T
1-PB2,397,2,0,1116,0,1118,G
1-PB2,398,0,1116,0,2,1118,T
1-PB2,399,0,1118,0,0,1118,T
1-PB2,400,5,0,0,1112,1117,C
1-PB2,401,1094,0,1,0,1095,A
1-PB2,402,0,1099,0,2,1101,T
1-PB2,403,0,1101,0,0,1101,T
1-PB2,404,0,1103,0,1,1104,T
1-PB2,405,0,1105,0,0,1105,T
1-PB2,406,1089,0,0,0,1089,A
1-PB2,407,0,3,1085,0,1088,G
1-PB2,408,1085,0,0,0,1085,A
1-PB2,409,1089,0,0,0,1089,A
1-PB2,410,1089,0,1,0,1090,A
1-PB2,411,0,1081,0,1,1082,T
1-PB2,412,4,1,0,1080,1085,C
1-PB2,413,1083,0,0,0,1083,A
1-PB2,414,1091,0,1,0,1092,A
1-PB2,415,0,0,1100,0,1100,G
1-PB2,416,0,1095,0,2,1097,T
1-PB2,417,3,0,0,1095,1098,C
1-PB2,418,1109,0,0,0,1109,A
1-PB2,419,1110,1,1,0,1112,A
1-PB2,420,0,0,1111,0,1111,G
1-PB2,421,1107,0,1,0,1108,A
1-PB2,422,0,1107,0,1,1108,T
1-PB2,423,1130,0,1,0,1131,A
1-PB2,424,1,2,0,1125,1128,C
1-PB2,425,3,0,1127,1,1131,G
1-PB2,426,0,0,0,1138,1138,C
1-PB2,427,1132,0,0,0,1132,A
1-PB2,428,0,1,1147,0,1148,G
1-PB2,429,1146,1,0,0,1147,A
1-PB2,430,1152,0,5,0,1157,A
1-PB2,431,1,2,1183,0,1186,G
1-PB2,432,1149,0,3,0,1152,A
1-PB2,433,2,0,1160,0,1162,G
1-PB2,434,0,1157,0,0,1157,T
1-PB2,435,1145,0,0,0,1145,A
1-PB2,436,0,2,1161,0,1163,G
1-PB2,437,1149,0,4,0,1153,A
1-PB2,438,0,0,0,1204,1204,C
1-PB2,439,1194,0,2,0,1196,A
1-PB2,440,0,1172,0,0,1172,T
1-PB2,441,1167,0,0,0,1167,A
1-PB2,442,1174,0,0,0,1174,A
1-PB2,443,1179,0,0,0,1179,A
1-PB2,444,0,1,0,1184,1185,C
1-PB2,445,1,0,0,1159,1160,C
1-PB2,446,2,0,0,1149,1151,C
1-PB2,447,0,1071,0,1,1072,T
1-PB2,448,0,3,1078,0,1081,G
1-PB2,449,0,0,1094,0,1094,G
1-PB2,450,0,1090,1,3,1094,T
1-PB2,451,5,0,0,1079,1084,C
1-PB2,452,1099,0,0,0,1099,A
1-PB2,453,0,1097,0,3,1100,T
1-PB2,454,0,0,1115,0,1115,G
1-PB2,455,0,0,0,1120,1120,C
1-PB2,456,1109,0,3,0,1112,A
1-PB2,457,0,3,1119,0,1122,G
1-PB2,458,1103,0,1,0,1104,A
1-PB2,459,1,0,0,1119,1120,C
1-PB2,460,1,1,0,1117,1119,C
1-PB2,461,0,1094,0,3,1097,T
1-PB2,462,1,0,0,1100,1101,C
1-PB2,463,1094,0,0,0,1094,A
1-PB2,464,2,0,1120,0,1122,G
1-PB2,465,1,1116,0,4,1121,T
1-PB2,466,0,2,1126,0,1128,G
1-PB2,467,0,0,0,1122,1122,C
1-PB2,468,1,0,0,1104,1105,C
1-PB2,469,1101,0,0,1,1102,A
1-PB2,470,1105,0,0,0,1105,A
1-PB2,471,1099,0,0,0,1099,A
1-PB2,472,0,1,1105,0,1106,G
1-PB2,473,1073,0,2,0,1075,A
1-PB2,474,0,1,1075,0,1076,G
1-PB2,475,0,0,1066,0,1066,G
1-PB2,476,0,18,0,1046,1064,C
1-PB2,477,1068,0,0,0,1068,A
1-PB2,478,0,0,0,1073,1073,C
1-PB2,479,1069,0,4,0,1073,A
1-PB2,480,1107,0,0,0,1107,A
1-PB2,481,4,0,1107,0,1111,G
1-PB2,482,1126,0,3,0,1129,A
1-PB2,483,0,1116,0,0,1116,T
1-PB2,484,0,0,1119,0,1119,G
1-PB2,485,1,1121,0,0,1122,T
1-PB2,486,1123,0,1,0,1124,A
1-PB2,487,1127,0,0,0,1127,A
1-PB2,488,0,1129,0,0,1129,T
1-PB2,489,0,1078,0,0,1078,T
1-PB2,490,1073,0,0,0,1073,A
1-PB2,491,1,1033,0,0,1034,T
1-PB2,492,0,0,1033,0,1033,G
1-PB2,493,0,1,1034,0,1035,G
1-PB2,494,1029,0,0,0,1029,A
1-PB2,495,1027,1,0,0,1028,A
1-PB2,496,1,0,1030,0,1031,G
1-PB2,497,0,1031,0,0,1031,T
1-PB2,498,0,1025,1,3,1029,T
1-PB2,499,0,0,1046,1,1047,G
1-PB2,500,0,1044,0,0,1044,T
1-PB2,501,0,1044,0,0,1044,T
1-PB2,502,0,1042,0,2,1044,T
1-PB2,503,0,1046,0,1,1047,T
1-PB2,504,0,1019,0,24,1043,T
1-PB2,505,2,0,0,1044,1046,C
1-PB2,506,1,0,0,1043,1044,C
1-PB2,507,3,1,0,1044,1048,C
1-PB2,508,1039,0,0,0,1039,A
1-PB2,509,1037,0,1,0,1038,A
1-PB2,510,0,1042,0,2,1044,T
1-PB2,511,1,2,1042,0,1045,G
1-PB2,512,1047,0,0,0,1047,A
1-PB2,513,1042,0,1,0,1043,A
1-PB2,514,0,0,1053,0,1053,G
1-PB2,515,0,1047,0,1,1048,T
1-PB2,516,0,1,1043,0,1044,G
1-PB2,517,0,1,1037,0,1038,G
1-PB2,518,0,0,1033,0,1033,G
1-PB2,519,1037,0,5,0,1042,A
1-PB2,520,0,0,1051,0,1051,G
1-PB2,521,1,0,0,1044,1045,C
1-PB2,522,1,1,0,1050,1052,C
1-PB2,523,1047,0,1,0,1048,A
1-PB2,524,1,2,1076,0,1079,G
1-PB2,525,0,0,1090,0,1090,G
1-PB2,526,1093,0,1,0,1094,A
1-PB2,527,0,1090,0,0,1090,T
1-PB2,528,1089,1,1,0,1091,A
1-PB2,529,0,0,0,1090,1090,C
1-PB2,530,0,1083,0,0,1083,T
1-PB2,531,1078,0,0,0,1078,A
1-PB2,532,1077,0,1,0,1078,A
1-PB2,533,0,0,0,1082,1082,C
1-PB2,534,1044,0,1,0,1045,A
1-PB2,535,1,1036,0,2,1039,T
1-PB2,536,1,0,1,1038,1040,C
1-PB2,537,1023,0,1,0,1024,A
1-PB2,538,0,0,1040,0,1040,G
1-PB2,539,1038,0,0,0,1038,A
1-PB2,540,1038,0,1,0,1039,A
1-PB2,541,0,1035,0,1,1036,T
1-PB2,542,3,0,0,1015,1018,C
1-PB2,543,1018,0,1,0,1019,A
1-PB2,544,0,0,0,1038,1038,C
1-PB2,545,1038,0,0,0,1038,A
1-PB2,546,1039,0,0,1,1040,A
1-PB2,547,0,1022,0,2,1024,T
1-PB2,548,1,1024,0,2,1027,T
1-PB2,549,1032,0,0,0,1032,A
1-PB2,550,1036,0,0,0,1036,A
1-PB2,551,0,0,0,1045,1045,C
1-PB2,552,1032,0,0,0,1032,A
1-PB2,553,1022,0,0,1,1023,A
1-PB2,554,0,1026,0,0,1026,T
1-PB2,555,1026,0,0,0,1026,A
1-PB2,556,1023,0,1,0,1024,A
1-PB2,557,0,0,0,1029,1029,C
1-PB2,558,0,1022,0,0,1022,T
1-PB2,559,1025,0,0,0,1025,A
1-PB2,560,1012,0,0,0,1012,A
1-PB2,561,1013,0,3,0,1016,A
1-PB2,562,0,1,1018,0,1019,G
1-PB2,563,994,0,0,0,994,A
1-PB2,564,0,2,1003,1,1006,G
1-PB2,565,1000,0,0,0,1000,A
1-PB2,566,992,1,5,0,998,A
1-PB2,567,1002,0,1,0,1003,A
1-PB2,568,1000,0,2,0,1002,A
1-PB2,569,1006,0,0,0,1006,A
1-PB2,570,1003,0,1,0,1004,A
1-PB2,571,0,0,1013,0,1013,G
1-PB2,572,1006,0,2,0,1008,A
1-PB2,573,990,7,0,0,997,A
1-PB2,574,0,4,999,0,1003,G
1-PB2,575,995,0,1,1,997,A
1-PB2,576,997,0,1,0,998,A
1-PB2,577,0,0,0,1010,1010,C
1-PB2,578,0,990,0,2,992,T
1-PB2,579,1,0,0,1003,1004,C
1-PB2,580,1,0,0,996,997,C
1-PB2,581,0,1,999,0,1000,G
1-PB2,582,993,0,1,0,994,A
1-PB2,583,1,0,1002,0,1003,G
1-PB2,584,1001,0,0,0,1001,A
1-PB2,585,0,998,0,3,1001,T
1-PB2,586,0,983,0,2,985,T
1-PB2,587,0,1,983,0,984,G
1-PB2,588,0,1,0,987,988,C
1-PB2,589,992,0,0,0,992,A
1-PB2,590,988,0,0,1,989,A
1-PB2,591,0,1,981,0,982,G
1-PB2,592,1004,0,0,0,1004,A
1-PB2,593,0,1007,0,0,1007,T
1-PB2,594,0,1009,0,1,1010,T
1-PB2,595,0,1006,0,2,1008,T
1-PB2,596,0,0,0,1012,1012,C
1-PB2,597,1,1009,0,2,1012,T
1-PB2,598,2,0,0,1387,1389,C
1-PB2,599,0,0,0,1413,1413,C
1-PB2,600,2,0,0,1807,1809,C
1-PB2,601,0,1803,0,1,1804,T
1-PB2,602,0,1888,0,1,1889,T
1-PB2,603,0,3,1908,0,1911,G
1-PB2,604,1912,0,8,0,1920,A
1-PB2,605,0,2025,0,0,2025,T
1-PB2,606,0,8,2102,0,2110,G
1-PB2,607,1,1,2753,0,2755,G
1-PB2,608,0,2846,0,3,2849,T
1-PB2,609,0,2880,0,0,2880,T
1-PB2,610,1,0,3330,0,3331,G
1-PB2,611,0,3,0,3374,3377,C
1-PB2,612,3492,0,1,0,3493,A
1-PB2,613,0,3506,0,0,3506,T
1-PB2,614,3560,0,1,11,3572,A
1-PB2,615,0,1,0,3899,3900,C
1-PB2,616,4818,0,2,11,4831,A
1-PB2,617,0,5038,0,0,5038,T
1-PB2,618,0,1,5432,0,5433,G
1-PB2,619,0,5417,0,5,5422,T
1-PB2,620,0,5421,1,2,5424,T
1-PB2,621,5449,1,2,0,5452,A
1-PB2,622,0,9,5448,1,5458,G
1-PB2,623,5578,0,7,0,5585,A
1-PB2,624,0,10,5674,0,5684,G
1-PB2,625,5607,0,6,0,5613,A
1-PB2,626,1,9,5669,0,5679,G
1-PB2,627,5617,1,16,0,5634,A
1-PB2,628,0,7,5700,1,5708,G
1-PB2,629,5718,1,16,0,5735,A
1-PB2,630,5748,0,3,0,5751,A
1-PB2,631,0,0,0,5823,5823,C
1-PB2,632,0,5801,0,4,5805,T
1-PB2,633,0,5803,0,1,5804,T
1-PB2,634,2,0,5812,0,5814,G
1-PB2,635,1,5818,0,3,5822,T
1-PB2,636,5829,0,1,0,5830,A
1-PB2,637,0,3,0,5823,5826,C
1-PB2,638,0,8,5803,0,5811,G
1-PB2,639,5818,0,3,0,5821,A
1-PB2,640,5823,0,2,0,5825,A
1-PB2,641,5946,0,4,0,5950,A
1-PB2,642,5963,0,3,0,5966,A
1-PB2,643,5977,0,7,0,5984,A
1-PB2,644,1,1,0,6002,6004,C
1-PB2,645,6002,0,3,0,6005,A
1-PB2,646,6005,0,7,0,6012,A
1-PB2,647,1,8,6061,1,6071,G
1-PB2,648,6082,0,4,0,6086,A
1-PB2,649,0,6101,0,5,6106,T
1-PB2,650,0,6074,0,6,6080,T
1-PB2,651,4,6099,2,2,6107,T
1-PB2,652,6,0,0,6124,6130,C
1-PB2,653,2,6146,0,13,6161,T
1-PB2,654,8,2,0,6171,6181,C
1-PB2,655,9,3,0,6156,6168,C
1-PB2,656,9,1,0,6167,6177,C
1-PB2,657,6158,0,3,0,6161,A
1-PB2,658,0,0,6219,0,6219,G
1-PB2,659,0,6227,0,5,6232,T
1-PB2,660,0,6235,0,0,6235,T
1-PB2,661,1,2,6239,2,6244,G
1-PB2,662,1,4,1,6234,6240,C
1-PB2,663,0,6229,0,7,6236,T
1-PB2,664,0,2,6251,0,6253,G
1-PB2,665,2,0,6241,0,6243,G
1-PB2,666,0,5,0,6242,6247,C
1-PB2,667,2,2,6261,0,6265,G
1-PB2,668,1,8,6341,0,6350,G
1-PB2,669,6365,1,4,0,6370,A
1-PB2,670,6387,2,7,0,6396,A
1-PB2,671,0,0,0,6405,6405,C
1-PB2,672,6443,0,2,0,6445,A
1-PB2,673,6445,0,10,0,6455,A
1-PB2,674,1,0,6818,1,6820,G
1-PB2,675,0,3,0,6960,6963,C
1-PB2,676,7002,0,3,0,7005,A
1-PB2,677,0,0,9108,1,9109,G
1-PB2,678,0,9082,0,5,9087,T
1-PB2,679,9143,0,8,1,9152,A
1-PB2,680,0,9156,0,4,9160,T
1-PB2,681,9198,0,2,0,9200,A
1-PB2,682,2,9197,2,7,9208,T
1-PB2,683,9090,1,1,0,9092,A
1-PB2,684,1,3,0,9240,9244,C
1-PB2,685,8881,1,1,0,8883,A
1-PB2,686,0,8408,0,3,8411,T
1-PB2,687,0,7936,1,204,8141,T
1-PB2,688,0,4,8138,0,8142,G
1-PB2,689,8124,4,1,0,8129,A
1-PB2,690,8105,0,9,0,8114,A
1-PB2,691,1,0,8283,0,8284,G
1-PB2,692,1,8208,0,3,8212,T
1-PB2,693,0,8134,0,1,8135,T
1-PB2,694,0,8145,2,7,8154,T
1-PB2,695,0,8158,0,9,8167,T
1-PB2,696,8260,0,11,0,8271,A
1-PB2,697,2,3,0,8321,8326,C
1-PB2,698,8344,0,1,0,8345,A
1-PB2,699,0,8326,1,12,8339,T
1-PB2,700,1,8248,0,2,8251,T
1-PB2,701,1,8274,0,1,8276,T
1-PB2,702,0,34,8355,0,8389,G
1-PB2,703,8415,3,6,0,8424,A
1-PB2,704,1,1,0,8507,8509,C
1-PB2,705,1,8437,0,3,8441,T
1-PB2,706,12,1,0,8449,8462,C
1-PB2,707,8412,2,13,1,8428,A
1-PB2,708,4,11,8369,0,8384,G
1-PB2,709,0,4,8628,0,8632,G
1-PB2,710,0,15,8652,0,8667,G
1-PB2,711,8657,0,10,0,8667,A
1-PB2,712,8642,0,12,4,8658,A
1-PB2,713,1,21,0,8642,8664,C
1-PB2,714,2,0,8737,0,8739,G
1-PB2,715,0,8710,0,3,8713,T
1-PB2,716,2,2,8800,0,8804,G
1-PB2,717,0,8722,0,0,8722,T
1-PB2,718,0,8724,0,2,8726,T
1-PB2,719,6,10,8718,0,8734,G
1-PB2,720,2,9,8712,0,8723,G
1-PB2,721,0,17,8810,0,8827,G
1-PB2,722,8745,1,22,1,8769,A
1-PB2,723,8730,3,13,0,8746,A
1-PB2,724,1,2,0,9064,9067,C
1-PB2,725,9021,0,2,0,9023,A
1-PB2,726,9317,0,2,0,9319,A
1-PB2,727,9365,0,7,2,9374,A
1-PB2,728,2,9424,0,1,9427,T
1-PB2,729,2,0,9603,0,9605,G
1-PB2,730,0,9520,0,2,9522,T
1-PB2,731,9527,1,7,1,9536,A
1-PB2,732,0,3,0,9548,9551,C
1-PB2,733,9319,2,7,0,9328,A
1-PB2,734,0,1,1,9319,9321,C
1-PB2,735,0,8995,0,34,9029,T
1-PB2,736,12,1,0,9914,9927,C
1-PB2,737,5,2,0,9906,9913,C
1-PB2,738,10095,0,5,0,10100,A
1-PB2,739,1,6,10198,1,10206,G
1-PB2,740,1,3,10431,0,10435,G
1-PB2,741,4,10347,0,8,10359,T
1-PB2,742,0,11,10394,0,10405,G
1-PB2,743,1,9,10110,0,10120,G
1-PB2,744,10005,1,19,0,10025,A
1-PB2,745,1,7,10137,0,10145,G
1-PB2,746,0,14,10116,0,10130,G
1-PB2,747,9920,2,13,0,9935,A
1-PB2,748,2,3,10085,0,10090,G
1-PB2,749,4,9810,0,2,9816,T
1-PB2,750,6,11,9896,1,9914,G
1-PB2,751,9878,1,22,0,9901,A
1-PB2,752,1,4,9969,0,9974,G
1-PB2,753,0,8,10040,0,10048,G
1-PB2,754,9926,0,7,0,9933,A
1-PB2,755,9951,0,5,0,9956,A
1-PB2,756,0,9967,0,2,9969,T
1-PB2,757,2,13,9934,0,9949,G
1-PB2,758,9936,1,12,0,9949,A
1-PB2,759,0,6,0,9921,9927,C
1-PB2,760,3,4,9924,0,9931,G
1-PB2,761,10056,0,4,0,10060,A
1-PB2,762,0,10024,0,1,10025,T
1-PB2,763,1,0,10093,0,10094,G
1-PB2,764,1,10065,0,9,10075,T
1-PB2,765,0,10008,1,4,10013,T
1-PB2,766,4,32,10058,0,10094,G
1-PB2,767,10109,3,15,1,10128,A
1-PB2,768,1,1,0,10126,10128,C
1-PB2,769,21,2,0,10089,10112,C
1-PB2,770,9990,1,5,0,9996,A
1-PB2,771,10002,1,5,0,10008,A
1-PB2,772,10015,0,8,0,10023,A
1-PB2,773,1,1,10325,0,10327,G
1-PB2,774,1,1,0,10352,10354,C
1-PB2,775,8,6,0,10317,10331,C
1-PB2,776,1,10403,0,6,10410,T
1-PB2,777,10430,0,2,0,10432,A
1-PB2,778,10429,1,3,0,10433,A
1-PB2,779,1,10462,0,1,10464,T
1-PB2,780,1,10435,0,5,10441,T
1-PB2,781,10326,0,0,0,10326,A
1-PB2,782,1,10086,0,3,10090,T
1-PB2,783,0,10040,1,2,10043,T
1-PB2,784,0,0,9996,1,9997,G
1-PB2,785,1,7,4,9944,9956,C
1-PB2,786,14,7,9946,0,9967,G
1-PB2,787,5,3,10162,1,10171,G
1-PB2,788,1,0,0,10142,10143,C
1-PB2,789,6,2,0,10191,10199,C
1-PB2,790,10195,0,6,0,10201,A
1-PB2,791,2,4,10370,1,10377,G
1-PB2,792,0,20,10455,1,10476,G
1-PB2,793,10443,2,12,0,10457,A
1-PB2,794,10499,3,8,1,10511,A
1-PB2,795,1,3,1,10561,10566,C
1-PB2,796,10409,2,9,0,10420,A
1-PB2,797,0,10628,0,2,10630,T
1-PB2,798,10784,2,12,0,10798,A
1-PB2,799,2,1,10930,0,10933,G
1-PB2,800,0,10752,1,2,10755,T
1-PB2,801,10693,0,4,0,10697,A
1-PB2,802,10675,0,6,1,10682,A
1-PB2,803,0,11,10690,0,10701,G
1-PB2,804,10628,0,6,3,10637,A
1-PB2,805,10487,0,5,0,10492,A
1-PB2,806,2,6,10447,0,10455,G
1-PB2,807,10197,0,9,0,10206,A
1-PB2,808,2,2,10186,0,10190,G
1-PB2,809,0,1,0,10192,10193,C
1-PB2,810,9,4,0,10172,10185,C
1-PB2,811,9,0,10192,0,10201,G
1-PB2,812,4,2,0,10245,10251,C
1-PB2,813,10280,0,5,1,10286,A
1-PB2,814,2,1,11113,0,11116,G
1-PB2,815,1,11050,0,4,11055,T
1-PB2,816,11143,0,4,0,11147,A
1-PB2,817,0,11044,0,12,11056,T
1-PB2,818,12,2,2,11145,11161,C
1-PB2,819,11160,0,9,1,11170,A
1-PB2,820,2,1,11148,0,11151,G
1-PB2,821,3,7,0,11132,11142,C
1-PB2,822,10774,1,14,0,10789,A
1-PB2,823,0,7,10639,0,10646,G
1-PB2,824,10702,0,12,0,10714,A
1-PB2,825,2,10692,0,8,10702,T
1-PB2,826,5,1,0,10753,10759,C
1-PB2,827,15,2,0,10758,10775,C
1-PB2,828,10796,1,4,0,10801,A
1-PB2,829,1,0,0,10837,10838,C
1-PB2,830,2,10802,2,16,10822,T
1-PB2,831,10870,0,4,0,10874,A
1-PB2,832,3,1,10833,1,10838,G
1-PB2,833,2,7,2,10759,10770,C
1-PB2,834,10719,0,3,0,10722,A
1-PB2,835,0,10779,1,12,10792,T
1-PB2,836,7,1,0,10897,10905,C
1-PB2,837,2,10872,0,12,10886,T
1-PB2,838,0,11201,1,0,11202,T
1-PB2,839,0,11268,0,3,11271,T
1-PB2,840,11263,1,4,0,11268,A
1-PB2,841,2,11278,0,4,11284,T
1-PB2,842,0,11228,1,22,11251,T
1-PB2,843,0,11,11230,1,11242,G
1-PB2,844,2,19,11221,0,11242,G
1-PB2,845,11041,3,36,2,11082,A
1-PB2,846,3,11,11087,0,11101,G
1-PB2,847,10998,1,5,0,11004,A
1-PB2,848,1,10959,0,4,10964,T
1-PB2,849,5,1,11210,0,11216,G
1-PB2,850,1,11183,2,6,11192,T
1-PB2,851,1,1,11203,0,11205,G
1-PB2,852,3,1,0,11216,11220,C
1-PB2,853,20,4,0,11172,11196,C
1-PB2,854,11163,0,16,1,11180,A
1-PB2,855,3,2,0,11184,11189,C
1-PB2,856,11013,2,13,3,11031,A
1-PB2,857,5,2,11240,0,11247,G
1-PB2,858,5,5,1,10968,10979,C
1-PB2,859,10969,3,12,1,10985,A
1-PB2,860,3,9,0,10982,10994,C
1-PB2,861,10954,1,13,1,10969,A
1-PB2,862,0,5,0,11057,11062,C
1-PB2,863,11036,0,5,0,11041,A
1-PB2,864,11037,0,13,0,11050,A
1-PB2,865,11037,0,5,0,11042,A
1-PB2,866,0,10744,1,0,10745,T
1-PB2,867,1,10748,1,1,10751,T
1-PB2,868,16,4,10720,0,10740,G
1-PB2,869,2,1,10695,0,10698,G
1-PB2,870,4,4,1,10704,10713,C
1-PB2,871,4,6,10656,0,10666,G
1-PB2,872,2,16,10637,0,10655,G
1-PB2,873,10603,0,5,0,10608,A
1-PB2,874,10843,1,5,0,10849,A
1-PB2,875,2,3,0,10880,10885,C
1-PB2,876,10896,1,7,0,10904,A
1-PB2,877,10894,1,13,0,10908,A
1-PB2,878,4,5,10967,0,10976,G
1-PB2,879,2,3,11009,0,11014,G
1-PB2,880,10991,2,8,0,11001,A
1-PB2,881,0,10524,1,4,10529,T
1-PB2,882,2,7,10518,0,10527,G
1-PB2,883,0,2,10606,0,10608,G
1-PB2,884,0,10471,2,9,10482,T
1-PB2,885,6,10,10520,1,10537,G
1-PB2,886,3,6,10498,2,10509,G
1-PB2,887,10391,2,16,0,10409,A
1-PB2,888,2,3,1,10406,10412,C
1-PB2,889,10334,0,3,0,10337,A
1-PB2,890,0,11897,0,2,11899,T
1-PB2,891,1,11826,0,9,11836,T
1-PB2,892,6,1,0,11870,11877,C
1-PB2,893,2,11725,1,11,11739,T
1-PB2,894,1,11716,4,2,11723,T
1-PB2,895,11755,0,6,0,11761,A
1-PB2,896,3,9,11817,0,11829,G
1-PB2,897,11767,3,11,0,11781,A
1-PB2,898,2,3,0,11783,11788,C
1-PB2,899,10076,0,7,1,10084,A
1-PB2,900,3,7,10220,1,10231,G
1-PB2,901,10180,1,10,0,10191,A
1-PB2,902,10177,0,13,0,10190,A
1-PB2,903,2,3,0,10196,10201,C
1-PB2,904,9,3,0,10194,10206,C
1-PB2,905,19,2,0,10172,10193,C
1-PB2,906,11,19,10165,0,10195,G
1-PB2,907,10173,0,13,0,10186,A
1-PB2,908,1,4,0,10232,10237,C
1-PB2,909,0,10056,0,5,10061,T
1-PB2,910,0,4,10117,0,10121,G
1-PB2,911,10045,2,9,0,10056,A
1-PB2,912,10085,1,20,2,10108,A
1-PB2,913,2,8,10169,0,10179,G
1-PB2,914,10142,2,10,0,10154,A
1-PB2,915,10169,0,4,0,10173,A
1-PB2,916,0,2,1,10136,10139,C
1-PB2,917,10093,1,5,1,10100,A
1-PB2,918,10136,0,11,0,10147,A
1-PB2,919,1,0,10242,0,10243,G
1-PB2,920,1,3,0,10310,10314,C
1-PB2,921,0,10204,0,23,10227,T
1-PB2,922,1,1,10415,0,10417,G
1-PB2,923,0,10374,0,10,10384,T
1-PB2,924,3,10,10616,0,10629,G
1-PB2,925,1,5,11012,0,11018,G
1-PB2,926,10989,1,10,0,11000,A
1-PB2,927,0,10973,0,4,10977,T
1-PB2,928,10852,2,3,0,10857,A
1-PB2,929,1,10720,0,0,10721,T
1-PB2,930,11091,1,5,0,11097,A
1-PB2,931,0,10862,0,11,10873,T
1-PB2,932,8,3,10855,0,10866,G
1-PB2,933,3,1,0,10708,10712,C
1-PB2,934,10290,0,5,0,10295,A
1-PB2,935,10284,0,7,0,10291,A
1-PB2,936,0,3,10307,0,10310,G
1-PB2,937,4,0,10338,0,10342,G
1-PB2,938,3,2,1,10346,10352,C
1-PB2,939,2,10081,1,11,10095,T
1-PB2,940,3,0,10151,0,10154,G
1-PB2,941,2,5,0,10193,10200,C
1-PB2,942,10211,0,3,0,10214,A
1-PB2,943,10236,1,6,1,10244,A
1-PB2,944,0,10152,0,3,10155,T
1-PB2,945,5,14,10205,1,10225,G
1-PB2,946,3,7,10141,1,10152,G
1-PB2,947,3,5,10170,0,10178,G
1-PB2,948,10129,1,13,1,10144,A
1-PB2,949,0,10115,1,5,10121,T
1-PB2,950,1,10075,1,4,10081,T
1-PB2,951,1,13,10101,1,10116,G
1-PB2,952,10070,2,25,1,10098,A
1-PB2,953,1,8,10184,0,10193,G
1-PB2,954,10093,1,9,0,10103,A
1-PB2,955,10019,1,2,0,10022,A
1-PB2,956,1,9882,0,4,9887,T
1-PB2,957,13,1,0,9980,9994,C
1-PB2,958,9950,0,8,0,9958,A
1-PB2,959,2,0,10023,1,10026,G
1-PB2,960,2,0,0,9998,10000,C
1-PB2,961,1,9910,0,16,9927,T
1-PB2,962,18,1,0,9911,9930,C
1-PB2,963,9936,1,3,0,9940,A
1-PB2,964,0,10162,1,10,10173,T
1-PB2,965,7,2,0,10206,10215,C
1-PB2,966,10,2,0,10264,10276,C
1-PB2,967,0,10176,1,11,10188,T
1-PB2,968,1,10119,0,11,10131,T
1-PB2,969,7,1,0,10141,10149,C
1-PB2,970,10136,0,7,1,10144,A
1-PB2,971,4,1,10297,0,10302,G
1-PB2,972,1,1,1,10260,10263,C
1-PB2,973,0,10088,0,14,10102,T
1-PB2,974,1,10111,1,3,10116,T
1-PB2,975,0,10041,0,3,10044,T
1-PB2,976,0,9,10054,0,10063,G
1-PB2,977,2,1,10076,0,10079,G
1-PB2,978,0,9958,1,17,9976,T
1-PB2,979,3,11,10094,0,10108,G
1-PB2,980,4,4,10037,0,10045,G
1-PB2,981,3,0,10152,0,10155,G
1-PB2,982,0,10064,4,6,10074,T
1-PB2,983,1,10095,1,4,10101,T
1-PB2,984,0,10106,1,4,10111,T
1-PB2,985,10161,0,3,0,10164,A
1-PB2,986,3,3,0,10199,10205,C
1-PB2,987,10210,2,1,0,10213,A
1-PB2,988,2,10097,1,67,10167,T
1-PB2,989,0,9950,1,1,9952,T
1-PB2,990,3,9913,1,0,9917,T
1-PB2,991,9899,1,2,0,9902,A
1-PB2,992,9903,0,5,0,9908,A
1-PB2,993,9894,0,4,0,9898,A
1-PB2,994,9851,2,16,1,9870,A
1-PB2,995,1,10,9940,0,9951,G
1-PB2,996,9871,1,11,1,9884,A
1-PB2,997,9856,0,8,1,9865,A
1-PB2,998,2,2,0,9907,9911,C
1-PB2,999,9872,0,11,1,9884,A
1-PB2,1000,9829,1,48,0,9878,A
1-PB2,1001,1,1,9872,1,9875,G
1-PB2,1002,1,10,0,9893,9904,C
1-PB2,1003,7,11,9855,0,9873,G
1-PB2,1004,2,7,9894,0,9903,G
1-PB2,1005,4,1,9891,0,9896,G
1-PB2,1006,1,9849,0,18,9868,T
1-PB2,1007,27,2,0,9850,9879,C
1-PB2,1008,9898,1,10,1,9910,A
1-PB2,1009,0,9809,0,18,9827,T
1-PB2,1010,7,1,0,9890,9898,C
1-PB2,1011,9855,1,7,0,9863,A
1-PB2,1012,0,0,10024,0,10024,G
1-PB2,1013,2,9812,0,20,9834,T
1-PB2,1014,22,4,0,9837,9863,C
1-PB2,1015,9880,0,3,0,9883,A
1-PB2,1016,9891,1,7,0,9899,A
1-PB2,1017,9904,0,2,0,9906,A
1-PB2,1018,9905,0,2,0,9907,A
1-PB2,1019,9948,0,3,1,9952,A
1-PB2,1020,9929,2,16,1,9948,A
1-PB2,1021,0,3,10009,0,10012,G
1-PB2,1022,9970,0,9,1,9980,A
1-PB2,1023,9964,1,11,0,9976,A
1-PB2,1024,3,5,9963,0,9971,G
1-PB2,1025,9911,1,7,0,9919,A
1-PB2,1026,9541,0,72,1,9614,A
1-PB2,1027,2,7,9607,0,9616,G
1-PB2,1028,9570,1,13,1,9585,A
1-PB2,1029,2,6,9587,0,9595,G
1-PB2,1030,3,2,9765,0,9770,G
1-PB2,1031,1,9723,0,3,9727,T
1-PB2,1032,2,2,9930,1,9935,G
1-PB2,1033,3,5,0,9987,9995,C
1-PB2,1034,1,9990,2,14,10007,T
1-PB2,1035,0,10050,1,7,10058,T
1-PB2,1036,10042,1,3,1,10047,A
1-PB2,1037,2,4,0,10022,10028,C
1-PB2,1038,9865,7,10,82,9964,A
1-PB2,1039,1,6,9983,0,9990,G
1-PB2,1040,1,1,9942,0,9944,G
1-PB2,1041,1,2,0,9790,9793,C
1-PB2,1042,9731,0,4,0,9735,A
1-PB2,1043,9732,1,2,0,9735,A
1-PB2,1044,0,9904,0,7,9911,T
1-PB2,1045,6,2,0,10062,10070,C
1-PB2,1046,0,10000,0,19,10019,T
1-PB2,1047,9,1,0,10049,10059,C
1-PB2,1048,6,0,0,10038,10044,C
1-PB2,1049,10071,0,7,0,10078,A
1-PB2,1050,10078,1,4,0,10083,A
1-PB2,1051,10069,3,10,1,10083,A
1-PB2,1052,1,1,1,10155,10158,C
1-PB2,1053,9881,0,2,1,9884,A
1-PB2,1054,1,9722,1,2,9726,T
1-PB2,1055,1,9489,0,2,9492,T
1-PB2,1056,3,5,9506,1,9515,G
1-PB2,1057,9473,3,9,0,9485,A
1-PB2,1058,7,8,9332,0,9347,G
1-PB2,1059,9778,0,9,0,9787,A
1-PB2,1060,9778,0,3,0,9781,A
1-PB2,1061,2,9869,1,1,9873,T
1-PB2,1062,9871,2,2,0,9875,A
1-PB2,1063,9885,2,16,2,9905,A
1-PB2,1064,0,7,10161,0,10168,G
1-PB2,1065,9954,1,26,1,9982,A
1-PB2,1066,0,1,10309,0,10310,G
1-PB2,1067,1,9879,0,3,9883,T
1-PB2,1068,9935,0,19,0,9954,A
1-PB2,1069,0,2,0,10136,10138,C
1-PB2,1070,10045,1,11,1,10058,A
1-PB2,1071,1,10018,1,0,10020,T
1-PB2,1072,0,5,10024,0,10029,G
1-PB2,1073,9680,1,12,1,9694,A
1-PB2,1074,2,16,9778,0,9796,G
1-PB2,1075,6,14,9720,0,9740,G
1-PB2,1076,6,5,10184,0,10195,G
1-PB2,1077,3,1,10245,0,10249,G
1-PB2,1078,2,9987,0,7,9996,T
1-PB2,1079,10071,1,10,0,10082,A
1-PB2,1080,0,10047,1,6,10054,T
1-PB2,1081,2,8,10093,0,10103,G
1-PB2,1082,10038,1,14,1,10054,A
1-PB2,1083,6,2,10039,0,10047,G
1-PB2,1084,3,7,9959,0,9969,G
1-PB2,1085,9287,0,8,0,9295,A
1-PB2,1086,0,0,9569,0,9569,G
1-PB2,1087,2,9565,0,7,9574,T
1-PB2,1088,0,9847,1,20,9868,T
1-PB2,1089,17,2,0,9893,9912,C
1-PB2,1090,9887,4,10,0,9901,A
1-PB2,1091,1,2,1,9911,9915,C
1-PB2,1092,9895,0,5,1,9901,A
1-PB2,1093,9982,0,3,1,9986,A
1-PB2,1094,0,9973,1,2,9976,T
1-PB2,1095,0,13,9790,0,9803,G
1-PB2,1096,1,2,9869,0,9872,G
1-PB2,1097,0,9550,3,6,9559,T
1-PB2,1098,5,10,9587,0,9602,G
1-PB2,1099,2,9,9627,0,9638,G
1-PB2,1100,5,7,9616,0,9628,G
1-PB2,1101,2,7,9689,0,9698,G
1-PB2,1102,9605,0,4,0,9609,A
1-PB2,1103,9632,0,8,2,9642,A
1-PB2,1104,9598,0,4,0,9602,A
1-PB2,1105,9418,0,23,0,9441,A
1-PB2,1106,2,8,9570,0,9580,G
1-PB2,1107,9470,0,20,1,9491,A
1-PB2,1108,44,0,9475,0,9519,G
1-PB2,1109,1,3,0,9475,9479,C
1-PB2,1110,9453,0,3,1,9457,A
1-PB2,1111,9465,2,11,0,9478,A
1-PB2,1112,1,2,2,9779,9784,C
1-PB2,1113,9778,1,5,0,9784,A
1-PB2,1114,1,2,9953,1,9957,G
1-PB2,1115,1,2,0,9845,9848,C
1-PB2,1116,0,9811,1,6,9818,T
1-PB2,1117,10137,0,4,0,10141,A
1-PB2,1118,0,10118,1,3,10122,T
1-PB2,1119,10174,0,6,1,10181,A
1-PB2,1120,4,0,0,10177,10181,C
1-PB2,1121,0,9619,2,6,9627,T
1-PB2,1122,9673,0,2,0,9675,A
1-PB2,1123,9453,0,12,1,9466,A
1-PB2,1124,0,9,9478,0,9487,G
1-PB2,1125,9466,0,4,2,9472,A
1-PB2,1126,9126,1,6,0,9133,A
1-PB2,1127,9116,1,3,1,9121,A
1-PB2,1128,9053,0,16,0,9069,A
1-PB2,1129,1,1,9101,0,9103,G
1-PB2,1130,3,2,0,9059,9064,C
1-PB2,1131,9080,0,22,0,9102,A
1-PB2,1132,9080,1,8,0,9089,A
1-PB2,1133,3,0,0,9159,9162,C
1-PB2,1134,10,4,0,9167,9181,C
1-PB2,1135,9188,0,5,0,9193,A
1-PB2,1136,2,4,9222,0,9228,G
1-PB2,1137,9201,2,10,1,9214,A
1-PB2,1138,9184,0,17,2,9203,A
1-PB2,1139,1,1,9268,0,9270,G
1-PB2,1140,9213,0,5,0,9218,A
1-PB2,1141,0,9183,0,3,9186,T
1-PB2,1142,1,9124,0,3,9128,T
1-PB2,1143,4,6,9170,0,9180,G
1-PB2,1144,4,0,9342,0,9346,G
1-PB2,1145,2,9258,1,19,9280,T
1-PB2,1146,0,9226,1,3,9230,T
1-PB2,1147,21,1,1,9232,9255,C
1-PB2,1148,9219,1,7,0,9227,A
1-PB2,1149,9162,2,24,0,9188,A
1-PB2,1150,0,2,0,9877,9879,C
1-PB2,1151,2,9838,1,8,9849,T
1-PB2,1152,8,1,1,9935,9945,C
1-PB2,1153,9771,0,3,2,9776,A
1-PB2,1154,1,9780,0,6,9787,T
1-PB2,1155,9798,0,5,0,9803,A
1-PB2,1156,0,0,9839,0,9839,G
1-PB2,1157,3,9329,0,95,9427,T
1-PB2,1158,1,18,9570,1,9590,G
1-PB2,1159,9159,1,4,1,9165,A
1-PB2,1160,1,3,9328,0,9332,G
1-PB2,1161,3,9224,0,6,9233,T
1-PB2,1162,3,7,9244,1,9255,G
1-PB2,1163,2,0,9318,0,9320,G
1-PB2,1164,9313,2,5,2,9322,A
1-PB2,1165,9273,0,21,2,9296,A
1-PB2,1166,1,8,9323,0,9332,G
1-PB2,1167,9134,1,12,1,9148,A
1-PB2,1168,0,5,9203,0,9208,G
1-PB2,1169,9077,0,12,0,9089,A
1-PB2,1170,5,6,0,9068,9079,C
1-PB2,1171,4,14,9089,0,9107,G
1-PB2,1172,9009,0,8,0,9017,A
1-PB2,1173,9086,2,9,0,9097,A
1-PB2,1174,0,6,1,9074,9081,C
1-PB2,1175,9019,1,7,1,9028,A
1-PB2,1176,4,0,9499,0,9503,G
1-PB2,1177,2,9414,0,6,9422,T
1-PB2,1178,14,2,0,9454,9470,C
1-PB2,1179,9503,1,3,0,9507,A
1-PB2,1180,9451,1,24,0,9476,A
1-PB2,1181,0,9469,1,6,9476,T
1-PB2,1182,9443,1,9,0,9453,A
1-PB2,1183,2,1,9445,1,9449,G
1-PB2,1184,3,3,0,9401,9407,C
1-PB2,1185,3,1,0,9086,9090,C
1-PB2,1186,2,4,9033,0,9039,G
1-PB2,1187,9042,0,1,0,9043,A
1-PB2,1188,9051,0,9,0,9060,A
1-PB2,1189,1,0,9161,0,9162,G
1-PB2,1190,0,1,0,9348,9349,C
1-PB2,1191,9373,0,3,1,9377,A
1-PB2,1192,9352,0,8,0,9360,A
1-PB2,1193,0,9373,0,5,9378,T
1-PB2,1194,9422,0,6,0,9428,A
1-PB2,1195,9548,0,2,1,9551,A
1-PB2,1196,0,9507,1,8,9516,T
1-PB2,1197,13,2,0,9467,9482,C
1-PB2,1198,3,0,9449,0,9452,G
1-PB2,1199,0,9170,3,12,9185,T
1-PB2,1200,0,4,9183,1,9188,G
1-PB2,1201,4,2,9248,0,9254,G
1-PB2,1202,1,1,0,9240,9242,C
1-PB2,1203,7,0,0,9249,9256,C
1-PB2,1204,9148,0,8,0,9156,A
1-PB2,1205,0,9153,1,5,9159,T
1-PB2,1206,1,5,9196,1,9203,G
1-PB2,1207,5,1,9328,2,9336,G
1-PB2,1208,1,9128,1,2,9132,T
1-PB2,1209,4,1,9291,2,9298,G
1-PB2,1210,2,9058,4,8,9072,T
1-PB2,1211,1,9063,1,9,9074,T
1-PB2,1212,1,9105,0,9,9115,T
1-PB2,1213,0,9114,0,6,9120,T
1-PB2,1214,7,2,0,9201,9210,C
1-PB2,1215,9199,2,4,0,9205,A
1-PB2,1216,0,0,0,9353,9353,C
1-PB2,1217,9215,1,4,0,9220,A
1-PB2,1218,9152,1,8,0,9161,A
1-PB2,1219,0,4,9178,0,9182,G
1-PB2,1220,9121,0,3,0,9124,A
1-PB2,1221,8936,1,80,1,9018,A
1-PB2,1222,1,5,9135,0,9141,G
1-PB2,1223,9119,0,7,0,9126,A
1-PB2,1224,2,9108,0,9,9119,T
1-PB2,1225,0,9030,0,1,9031,T
1-PB2,1226,0,2,9031,0,9033,G
1-PB2,1227,1,6,0,8905,8912,C
1-PB2,1228,8952,2,8,0,8962,A
1-PB2,1229,2,9009,0,18,9029,T
1-PB2,1230,0,9,9290,0,9299,G
1-PB2,1231,9363,0,4,0,9367,A
1-PB2,1232,0,9402,0,1,9403,T
1-PB2,1233,9386,0,2,0,9388,A
1-PB2,1234,9381,0,0,0,9381,A
1-PB2,1235,9367,1,6,0,9374,A
1-PB2,1236,9383,0,9,0,9392,A
1-PB2,1237,2,1,9391,0,9394,G
1-PB2,1238,1,3,0,9563,9567,C
1-PB2,1239,9557,0,1,0,9558,A
1-PB2,1240,1,0,9921,1,9923,G
1-PB2,1241,3,9877,0,7,9887,T
1-PB2,1242,0,9886,0,4,9890,T
1-PB2,1243,9901,0,6,0,9907,A
1-PB2,1244,0,3,9943,0,9946,G
1-PB2,1245,9864,0,12,2,9878,A
1-PB2,1246,2,4,9930,0,9936,G
1-PB2,1247,2,0,9877,0,9879,G
1-PB2,1248,0,9257,1,7,9265,T
1-PB2,1249,4,11,9205,0,9220,G
1-PB2,1250,9216,1,11,0,9228,A
1-PB2,1251,1,9042,0,9,9052,T
1-PB2,1252,5,2,0,9285,9292,C
1-PB2,1253,1,9283,1,10,9295,T
1-PB2,1254,1,13,9355,3,9372,G
1-PB2,1255,9347,0,2,0,9349,A
1-PB2,1256,9345,1,4,0,9350,A
1-PB2,1257,0,9365,0,5,9370,T
1-PB2,1258,0,9366,0,3,9369,T
1-PB2,1259,0,9374,0,5,9379,T
1-PB2,1260,6,2,0,9395,9403,C
1-PB2,1261,7,1,9410,0,9418,G
1-PB2,1262,2,9378,0,14,9394,T
1-PB2,1263,11,0,0,9378,9389,C
1-PB2,1264,9396,0,3,0,9399,A
1-PB2,1265,9412,1,2,0,9415,A
1-PB2,1266,0,2,1,9401,9404,C
1-PB2,1267,9286,1,2,0,9289,A
1-PB2,1268,1,5,9409,0,9415,G
1-PB2,1269,9302,1,29,0,9332,A
1-PB2,1270,0,1,9386,1,9388,G
1-PB2,1271,2,0,2,9390,9394,C
1-PB2,1272,9370,1,5,0,9376,A
1-PB2,1273,9480,0,9,1,9490,A
1-PB2,1274,9471,1,1,1,9474,A
1-PB2,1275,2,9420,0,2,9424,T
1-PB2,1276,9,2,0,9467,9478,C
1-PB2,1277,9358,0,8,2,9368,A
1-PB2,1278,0,1,9363,0,9364,G
1-PB2,1279,1,7,0,9348,9356,C
1-PB2,1280,2,5,9405,0,9412,G
1-PB2,1281,1,55,9857,1,9914,G
1-PB2,1282,0,9829,1,7,9837,T
1-PB2,1283,2,9836,2,9,9849,T
1-PB2,1284,1,10,9849,1,9861,G
1-PB2,1285,9857,0,6,0,9863,A
1-PB2,1286,9908,1,17,0,9926,A
1-PB2,1287,4,8,0,9946,9958,C
1-PB2,1288,7,1,1,9879,9888,C
1-PB2,1289,9,4,0,9971,9984,C
1-PB2,1290,9,1,2,9571,9583,C
1-PB2,1291,9626,1,9,0,9636,A
1-PB2,1292,1,9667,0,8,9676,T
1-PB2,1293,3,3,9707,0,9713,G
1-PB2,1294,1,5,0,9725,9731,C
1-PB2,1295,9660,1,2,0,9663,A
1-PB2,1296,1,9577,0,10,9588,T
1-PB2,1297,4,3,1,9557,9565,C
1-PB2,1298,9495,0,8,0,9503,A
1-PB2,1299,5,0,9611,0,9616,G
1-PB2,1300,4,1,0,9622,9627,C
1-PB2,1301,2,9594,0,22,9618,T
1-PB2,1302,1,9627,2,2,9632,T
1-PB2,1303,0,9592,0,1,9593,T
1-PB2,1304,1,9597,1,0,9599,T
1-PB2,1305,9600,2,2,0,9604,A
1-PB2,1306,9594,2,10,0,9606,A
1-PB2,1307,1,4,9597,1,9603,G
1-PB2,1308,1,1,9517,0,9519,G
1-PB2,1309,2,1,0,9405,9408,C
1-PB2,1310,9398,0,7,0,9405,A
1-PB2,1311,3,9425,0,1,9429,T
1-PB2,1312,2,9432,0,5,9439,T
1-PB2,1313,0,9455,1,1,9457,T
1-PB2,1314,4,9472,0,7,9483,T
1-PB2,1315,8,2,0,9493,9503,C
1-PB2,1316,9475,2,7,0,9484,A
1-PB2,1317,0,4,9486,0,9490,G
1-PB2,1318,9468,0,5,0,9473,A
1-PB2,1319,9460,0,1,0,9461,A
1-PB2,1320,9379,0,34,0,9413,A
1-PB2,1321,1,8,9420,0,9429,G
1-PB2,1322,9516,0,7,1,9524,A
1-PB2,1323,0,9485,1,5,9491,T
1-PB2,1324,1,0,9514,0,9515,G
1-PB2,1325,3,3,0,9510,9516,C
1-PB2,1326,2,4,9550,0,9556,G
1-PB2,1327,9509,0,1,0,9510,A
1-PB2,1328,9528,0,2,0,9530,A
1-PB2,1329,9518,0,3,1,9522,A
1-PB2,1330,0,2,9558,1,9561,G
1-PB2,1331,0,9389,0,7,9396,T
1-PB2,1332,2,1,9425,0,9428,G
1-PB2,1333,1,1,0,9359,9361,C
1-PB2,1334,0,9377,0,6,9383,T
1-PB2,1335,0,9401,0,0,9401,T
1-PB2,1336,0,9419,2,5,9426,T
1-PB2,1337,0,9423,1,3,9427,T
1-PB2,1338,0,9378,0,11,9389,T
1-PB2,1339,9,2,0,9392,9403,C
1-PB2,1340,9414,0,6,0,9420,A
1-PB2,1341,9462,0,5,1,9468,A
1-PB2,1342,9460,0,2,2,9464,A
1-PB2,1343,9486,0,3,1,9490,A
1-PB2,1344,0,9451,0,1,9452,T
1-PB2,1345,1,9466,1,1,9469,T
1-PB2,1346,1,8,9478,0,9487,G
1-PB2,1347,4,13,9460,0,9477,G
1-PB2,1348,0,8,9466,1,9475,G
1-PB2,1349,1,15,9603,0,9619,G
1-PB2,1350,9516,3,7,0,9526,A
1-PB2,1351,3,0,9703,0,9706,G
1-PB2,1352,0,9672,1,11,9684,T
1-PB2,1353,2,9661,0,2,9665,T
1-PB2,1354,0,10,9704,1,9715,G
1-PB2,1355,9680,0,20,1,9701,A
1-PB2,1356,9712,0,14,1,9727,A
1-PB2,1357,3,1,0,9927,9931,C
1-PB2,1358,9773,1,3,0,9777,A
1-PB2,1359,2,1,0,9994,9997,C
1-PB2,1360,9827,1,6,2,9836,A
1-PB2,1361,0,9803,1,17,9821,T
1-PB2,1362,8,2,1,9896,9907,C
1-PB2,1363,2,8,9884,0,9894,G
1-PB2,1364,9915,1,10,0,9926,A
1-PB2,1365,0,8,0,9887,9895,C
1-PB2,1366,9547,0,5,0,9552,A
1-PB2,1367,2,2,9842,0,9846,G
1-PB2,1368,2,9589,0,12,9603,T
1-PB2,1369,1,2,9736,0,9739,G
1-PB2,1370,0,9636,0,7,9643,T
1-PB2,1371,1,5,9679,1,9686,G
1-PB2,1372,9667,0,10,1,9678,A
1-PB2,1373,1,9597,1,3,9602,T
1-PB2,1374,1,12,9617,0,9630,G
1-PB2,1375,3,7,9641,0,9651,G
1-PB2,1376,1,6,9478,0,9485,G
1-PB2,1377,9403,1,4,0,9408,A
1-PB2,1378,9329,1,4,0,9334,A
1-PB2,1379,1,9340,0,7,9348,T
1-PB2,1380,0,10,9460,0,9470,G
1-PB2,1381,9495,0,1,0,9496,A
1-PB2,1382,1,9469,0,1,9471,T
1-PB2,1383,2,9453,0,4,9459,T
1-PB2,1384,0,5,9406,1,9412,G
1-PB2,1385,0,16,9638,0,9654,G
1-PB2,1386,9515,2,9,0,9526,A
1-PB2,1387,2,0,9672,0,9674,G
1-PB2,1388,1,9549,0,4,9554,T
1-PB2,1389,9486,1,4,0,9491,A
1-PB2,1390,2,9468,1,6,9477,T
1-PB2,1391,0,9548,0,10,9558,T
1-PB2,1392,9627,0,5,0,9632,A
1-PB2,1393,0,2,1,9598,9601,C
1-PB2,1394,8,1,0,9424,9433,C
1-PB2,1395,9315,3,3,0,9321,A
1-PB2,1396,1,0,9364,0,9365,G
1-PB2,1397,9564,1,4,0,9569,A
1-PB2,1398,1,9489,0,2,9492,T
1-PB2,1399,9416,1,1,0,9418,A
1-PB2,1400,0,9283,0,15,9298,T
1-PB2,1401,0,22,9237,0,9259,G
1-PB2,1402,9245,0,11,2,9258,A
1-PB2,1403,1,1,0,9298,9300,C
1-PB2,1404,4,9115,0,80,9199,T
1-PB2,1405,11,0,1,9182,9194,C
1-PB2,1406,5,4,3,9048,9060,C
1-PB2,1407,9121,1,5,1,9128,A
1-PB2,1408,9138,0,5,0,9143,A
1-PB2,1409,1,3,9368,0,9372,G
1-PB2,1410,2,1,0,9321,9324,C
1-PB2,1411,9298,1,5,0,9304,A
1-PB2,1412,1,3,0,9301,9305,C
1-PB2,1413,9228,1,5,0,9234,A
1-PB2,1414,1,5,9269,0,9275,G
1-PB2,1415,9233,0,4,0,9237,A
1-PB2,1416,2,4,9326,0,9332,G
1-PB2,1417,9373,0,6,0,9379,A
1-PB2,1418,0,9038,1,7,9046,T
1-PB2,1419,2,0,9203,0,9205,G
1-PB2,1420,1,9114,2,12,9129,T
1-PB2,1421,13,0,0,9110,9123,C
1-PB2,1422,9156,0,12,1,9169,A
1-PB2,1423,9132,0,1,1,9134,A
1-PB2,1424,1,9094,0,2,9097,T
1-PB2,1425,1,13,9079,0,9093,G
1-PB2,1426,8951,1,12,2,8966,A
1-PB2,1427,1,3,9001,0,9005,G
1-PB2,1428,8833,0,11,0,8844,A
1-PB2,1429,0,4,8884,0,8888,G
1-PB2,1430,1,12,9377,0,9390,G
1-PB2,1431,9356,2,6,1,9365,A
1-PB2,1432,9387,1,5,0,9393,A
1-PB2,1433,0,9359,1,1,9361,T
1-PB2,1434,9370,0,4,0,9374,A
1-PB2,1435,9356,2,10,0,9368,A
1-PB2,1436,0,8,9346,0,9354,G
1-PB2,1437,9304,0,17,0,9321,A
1-PB2,1438,2,1,9333,1,9337,G
1-PB2,1439,3,8657,0,5,8665,T
1-PB2,1440,19,2,0,8701,8722,C
1-PB2,1441,8708,1,8,0,8717,A
1-PB2,1442,2,0,8744,0,8746,G
1-PB2,1443,0,1,0,8791,8792,C
1-PB2,1444,8804,1,2,0,8807,A
1-PB2,1445,8832,0,4,0,8836,A
1-PB2,1446,8788,0,3,1,8792,A
1-PB2,1447,8802,0,8,0,8810,A
1-PB2,1448,0,8789,2,1,8792,T
1-PB2,1449,1,11,8803,0,8815,G
1-PB2,1450,3,11,8798,1,8813,G
1-PB2,1451,2,1,8846,0,8849,G
1-PB2,1452,0,8732,0,4,8736,T
1-PB2,1453,3,1,8783,1,8788,G
1-PB2,1454,0,8738,0,11,8749,T
1-PB2,1455,0,7,8767,0,8774,G
1-PB2,1456,0,3,8915,0,8918,G
1-PB2,1457,8909,0,6,0,8915,A
1-PB2,1458,0,8844,0,7,8851,T
1-PB2,1459,3,12,8904,1,8920,G
1-PB2,1460,8839,1,9,0,8849,A
1-PB2,1461,8868,0,11,0,8879,A
1-PB2,1462,0,8845,0,3,8848,T
1-PB2,1463,8739,0,1,0,8740,A
1-PB2,1464,0,1,0,9294,9295,C
1-PB2,1465,0,9002,0,12,9014,T
1-PB2,1466,11,1,1,9145,9158,C
1-PB2,1467,8,6,0,9176,9190,C
1-PB2,1468,9119,0,5,0,9124,A
1-PB2,1469,2,0,9502,0,9504,G
1-PB2,1470,1,9450,0,6,9457,T
1-PB2,1471,9497,0,4,1,9502,A
1-PB2,1472,1,2,0,9532,9535,C
1-PB2,1473,8621,0,6,1,8628,A
1-PB2,1474,1,10,8659,0,8670,G
1-PB2,1475,8469,0,7,0,8476,A
1-PB2,1476,0,7,8497,0,8504,G
1-PB2,1477,8244,0,13,0,8257,A
1-PB2,1478,3,11,7998,0,8012,G
1-PB2,1479,2,4,7961,1,7968,G
1-PB2,1480,0,1,7987,0,7988,G
1-PB2,1481,0,7856,0,5,7861,T
1-PB2,1482,3,4,7854,0,7861,G
1-PB2,1483,1,2,7871,0,7874,G
1-PB2,1484,1,7784,0,5,7790,T
1-PB2,1485,0,8,8042,0,8050,G
1-PB2,1486,2,2,8043,0,8047,G
1-PB2,1487,2,7870,1,2,7875,T
1-PB2,1488,0,7876,0,2,7878,T
1-PB2,1489,7754,0,5,0,7759,A
1-PB2,1490,4,1,7796,0,7801,G
1-PB2,1491,4,1,0,7786,7791,C
1-PB2,1492,7745,1,5,1,7752,A
1-PB2,1493,2,7729,0,3,7734,T
1-PB2,1494,0,7346,1,3,7350,T
1-PB2,1495,0,11,7353,0,7364,G
1-PB2,1496,7331,0,3,0,7334,A
1-PB2,1497,0,7331,0,5,7336,T
1-PB2,1498,22,0,0,7330,7352,C
1-PB2,1499,2,10,7344,0,7356,G
1-PB2,1500,1,0,7504,0,7505,G
1-PB2,1501,1,7468,1,6,7476,T
1-PB2,1502,1,7468,0,4,7473,T
1-PB2,1503,0,7487,0,3,7490,T
1-PB2,1504,0,7463,1,3,7467,T
1-PB2,1505,0,7476,0,4,7480,T
1-PB2,1506,0,14,7483,0,7497,G
1-PB2,1507,7460,2,12,0,7474,A
1-PB2,1508,3,9,7481,0,7493,G
1-PB2,1509,7170,0,11,0,7181,A
1-PB2,1510,0,1,7234,0,7235,G
1-PB2,1511,0,7216,0,11,7227,T
1-PB2,1512,1,7201,1,8,7211,T
1-PB2,1513,22,3,0,7206,7231,C
1-PB2,1514,0,11,7239,0,7250,G
1-PB2,1515,7227,1,23,0,7251,A
1-PB2,1516,1,15,7236,1,7253,G
1-PB2,1517,7210,1,13,0,7224,A
1-PB2,1518,0,4,0,7224,7228,C
1-PB2,1519,6,2,0,7137,7145,C
1-PB2,1520,7066,1,3,0,7070,A
1-PB2,1521,7116,0,11,0,7127,A
1-PB2,1522,1,1,0,7154,7156,C
1-PB2,1523,2,0,7167,0,7169,G
1-PB2,1524,0,7099,0,5,7104,T
1-PB2,1525,1,9,7092,0,7102,G
1-PB2,1526,0,4,7117,0,7121,G
1-PB2,1527,2,2,7125,0,7129,G
1-PB2,1528,7062,0,3,0,7065,A
1-PB2,1529,7063,2,3,0,7068,A
1-PB2,1530,2,6811,0,5,6818,T
1-PB2,1531,3,2,7094,0,7099,G
1-PB2,1532,3,7065,0,2,7070,T
1-PB2,1533,7081,0,1,0,7082,A
1-PB2,1534,1,7061,0,10,7072,T
1-PB2,1535,1,6963,0,5,6969,T
1-PB2,1536,7067,0,1,0,7068,A
1-PB2,1537,0,7015,0,6,7021,T
1-PB2,1538,0,6923,0,6,6929,T
1-PB2,1539,6897,0,2,0,6899,A
1-PB2,1540,0,5882,0,3,5885,T
1-PB2,1541,4,2,0,6093,6099,C
1-PB2,1542,1,5980,0,8,5989,T
1-PB2,1543,4,0,0,6031,6035,C
1-PB2,1544,2,1,0,6042,6045,C
1-PB2,1545,0,5824,0,2,5826,T
1-PB2,1546,2,5,5839,0,5846,G
1-PB2,1547,5794,1,9,0,5804,A
1-PB2,1548,2,3,5817,0,5822,G
1-PB2,1549,0,7,5810,0,5817,G
1-PB2,1550,5073,0,4,0,5077,A
1-PB2,1551,0,5,5111,0,5116,G
1-PB2,1552,0,0,5084,0,5084,G
1-PB2,1553,0,4841,0,7,4848,T
1-PB2,1554,11,0,1,4852,4864,C
1-PB2,1555,4808,1,3,0,4812,A
1-PB2,1556,1,0,4857,0,4858,G
1-PB2,1557,0,4842,0,4,4846,T
1-PB2,1558,1,3,4840,1,4845,G
1-PB2,1559,4827,0,7,0,4834,A
1-PB2,1560,4608,0,1,0,4609,A
1-PB2,1561,4605,1,12,0,4618,A
1-PB2,1562,0,2,0,4619,4621,C
1-PB2,1563,4551,2,6,0,4559,A
1-PB2,1564,0,1,0,4559,4560,C
1-PB2,1565,4315,0,5,0,4320,A
1-PB2,1566,0,6,4326,0,4332,G
1-PB2,1567,1,3,4320,0,4324,G
1-PB2,1568,1,4,4345,0,4350,G
1-PB2,1569,4337,2,1,0,4340,A
1-PB2,1570,4241,1,8,0,4250,A
1-PB2,1571,0,2,0,4265,4267,C
1-PB2,1572,0,4178,0,2,4180,T
1-PB2,1573,0,4,4180,0,4184,G
1-PB2,1574,4147,0,4,0,4151,A
1-PB2,1575,0,2,4150,0,4152,G
1-PB2,1576,4033,0,5,0,4038,A
1-PB2,1577,1,8,3739,0,3748,G
1-PB2,1578,3707,1,9,0,3717,A
1-PB2,1579,1,0,0,3695,3696,C
1-PB2,1580,0,3470,0,2,3472,T
1-PB2,1581,1,4,3495,0,3500,G
1-PB2,1582,3479,0,3,0,3482,A
1-PB2,1583,0,2,0,3485,3487,C
1-PB2,1584,3456,0,2,0,3458,A
1-PB2,1585,3447,0,1,0,3448,A
1-PB2,1586,1,3429,0,1,3431,T
1-PB2,1587,3397,0,4,0,3401,A
1-PB2,1588,3391,0,2,0,3393,A
1-PB2,1589,0,1,0,3399,3400,C
1-PB2,1590,1,3043,0,7,3051,T
1-PB2,1591,0,2989,0,1,2990,T
1-PB2,1592,2919,0,2,0,2921,A
1-PB2,1593,1,2911,0,3,2915,T
1-PB2,1594,1,2893,0,1,2895,T
1-PB2,1595,2,2,0,2885,2889,C
1-PB2,1596,2570,0,1,1,2572,A
1-PB2,1597,0,2554,0,3,2557,T
1-PB2,1598,0,0,0,2393,2393,C
1-PB2,1599,1,0,2381,0,2382,G
1-PB2,1600,0,2372,0,2,2374,T
1-PB2,1601,1,0,0,2333,2334,C
1-PB2,1602,1,1,2323,0,2325,G
1-PB2,1603,2324,0,2,0,2326,A
1-PB2,1604,0,2318,0,4,2322,T
1-PB2,1605,0,1,2297,0,2298,G
1-PB2,1606,2261,0,2,0,2263,A
1-PB2,1607,0,2249,0,2,2251,T
1-PB2,1608,2,0,2224,0,2226,G
1-PB2,1609,1,2071,0,0,2072,T
1-PB2,1610,5,1,2057,0,2063,G
1-PB2,1611,0,2,2054,0,2056,G
1-PB2,1612,1,1,2036,0,2038,G
1-PB2,1613,1940,0,2,0,1942,A
1-PB2,1614,3,2,1879,0,1884,G
1-PB2,1615,1581,0,1,0,1582,A
1-PB2,1616,0,1472,0,0,1472,T
1-PB2,1617,0,1365,0,0,1365,T
1-PB2,1618,1347,0,0,0,1347,A
1-PB2,1619,1328,0,0,0,1328,A
1-PB2,1620,0,0,0,1294,1294,C
1-PB2,1621,1,0,1054,0,1055,G
1-PB2,1622,0,0,954,0,954,G
1-PB2,1623,0,510,0,0,510,T
1-PB2,1624,1,1,0,471,473,C
1-PB2,1625,1,0,0,470,471,C
1-PB2,1626,1,247,0,0,248,T
1-PB2,1627,0,1,248,0,249,G
1-PB2,1628,245,0,0,0,245,A
1-PB2,1629,0,0,242,0,242,G
1-PB2,1630,0,242,0,0,242,T
1-PB2,1631,0,0,0,235,235,C
1-PB2,1632,1,0,209,0,210,G
1-PB2,1633,0,1,209,0,210,G
1-PB2,1634,0,213,0,0,213,T
1-PB2,1635,0,211,0,0,211,T
1-PB2,1636,0,212,0,0,212,T
1-PB2,1637,0,209,0,0,209,T
1-PB2,1638,0,0,216,0,216,G
1-PB2,1639,0,0,215,0,215,G
1-PB2,1640,0,216,0,0,216,T
1-PB2,1641,0,0,0,214,214,C
1-PB2,1642,209,0,0,0,209,A
1-PB2,1643,214,0,0,0,214,A
1-PB2,1644,0,215,0,0,215,T
1-PB2,1645,216,0,0,0,216,A
1-PB2,1646,1,0,0,219,220,C
1-PB2,1647,0,0,0,212,212,C
1-PB2,1648,0,212,1,0,213,T
1-PB2,1649,217,0,0,0,217,A
1-PB2,1650,0,215,0,0,215,T
1-PB2,1651,1,0,0,215,216,C
1-PB2,1652,208,0,0,0,208,A
1-PB2,1653,209,0,0,0,209,A
1-PB2,1654,0,209,0,0,209,T
1-PB2,1655,0,0,206,0,206,G
1-PB2,1656,0,0,206,0,206,G
1-PB2,1657,205,0,0,0,205,A
1-PB2,1658,0,201,0,0,201,T
1-PB2,1659,0,0,0,201,201,C
1-PB2,1660,203,0,0,0,203,A
1-PB2,1661,0,203,0,0,203,T
1-PB2,1662,1,0,0,204,205,C
1-PB2,1663,204,0,0,0,204,A
1-PB2,1664,0,0,205,0,205,G
1-PB2,1665,204,0,0,0,204,A
1-PB2,1666,205,0,0,0,205,A
1-PB2,1667,204,0,0,0,204,A
1-PB2,1668,0,203,0,0,203,T
1-PB2,1669,0,201,0,0,201,T
1-PB2,1670,0,0,202,0,202,G
1-PB2,1671,0,0,199,0,199,G
1-PB2,1672,0,0,202,0,202,G
1-PB2,1673,196,0,0,1,197,A
1-PB2,1674,198,0,1,0,199,A
1-PB2,1675,0,0,199,0,199,G
1-PB2,1676,0,0,0,198,198,C
1-PB2,1677,0,195,0,0,195,T
1-PB2,1678,0,0,196,0,196,G
1-PB2,1679,0,195,0,1,196,T
1-PB2,1680,0,0,0,195,195,C
1-PB2,1681,197,0,0,0,197,A
1-PB2,1682,199,0,0,0,199,A
1-PB2,1683,199,0,0,0,199,A
1-PB2,1684,200,0,1,0,201,A
1-PB2,1685,0,201,0,0,201,T
1-PB2,1686,0,196,0,0,196,T
1-PB2,1687,0,0,0,196,196,C
1-PB2,1688,194,0,1,0,195,A
1-PB2,1689,192,0,1,0,193,A
1-PB2,1690,0,197,0,0,197,T
1-PB2,1691,0,0,190,0,190,G
1-PB2,1692,0,0,190,0,190,G
1-PB2,1693,0,199,0,2,201,T
1-PB2,1694,0,0,0,203,203,C
1-PB2,1695,0,200,0,0,200,T
1-PB2,1696,0,0,0,199,199,C
1-PB2,1697,203,0,0,0,203,A
1-PB2,1698,0,0,200,0,200,G
1-PB2,1699,202,0,0,0,202,A
1-PB2,1700,202,0,0,0,202,A
1-PB2,1701,0,196,0,0,196,T
1-PB2,1702,0,0,0,195,195,C
1-PB2,1703,0,0,0,178,178,C
1-PB2,1704,0,175,0,0,175,T
1-PB2,1705,0,0,178,0,178,G
1-PB2,1706,0,0,0,177,177,C
1-PB2,1707,176,0,0,0,176,A
1-PB2,1708,182,0,0,0,182,A
1-PB2,1709,0,175,0,0,175,T
1-PB2,1710,0,0,179,0,179,G
1-PB2,1711,0,180,0,0,180,T
1-PB2,1712,0,172,0,0,172,T
1-PB2,1713,0,0,173,0,173,G
1-PB2,1714,0,173,0,0,173,T
1-PB2,1715,174,0,0,0,174,A
1-PB2,1716,0,0,0,174,174,C
1-PB2,1717,173,0,0,0,173,A
1-PB2,1718,177,0,0,0,177,A
1-PB2,1719,0,0,0,173,173,C
1-PB2,1720,171,0,0,0,171,A
1-PB2,1721,171,0,0,0,171,A
1-PB2,1722,166,0,0,0,166,A
1-PB2,1723,167,0,0,0,167,A
1-PB2,1724,0,167,0,0,167,T
1-PB2,1725,0,0,165,0,165,G
1-PB2,1726,0,1,165,0,166,G
1-PB2,1727,165,0,0,0,165,A
1-PB2,1728,168,0,0,0,168,A
1-PB2,1729,0,168,0,0,168,T
1-PB2,1730,0,168,0,0,168,T
1-PB2,1731,0,166,0,0,166,T
1-PB2,1732,1,1,165,0,167,G
1-PB2,1733,166,0,1,0,167,A
1-PB2,1734,167,0,0,0,167,A
1-PB2,1735,0,0,0,168,168,C
1-PB2,1736,1,0,0,154,155,C
1-PB2,1737,162,0,0,0,162,A
1-PB2,1738,0,165,0,0,165,T
1-PB2,1739,0,163,0,1,164,T
1-PB2,1740,0,165,0,0,165,T
1-PB2,1741,1,0,0,164,165,C
1-PB2,1742,168,0,0,0,168,A
1-PB2,1743,167,0,0,0,167,A
1-PB2,1744,0,166,0,0,166,T
1-PB2,1745,0,0,0,170,170,C
1-PB2,1746,0,168,0,1,169,T
1-PB2,1747,0,170,1,0,171,T
1-PB2,1748,0,172,0,0,172,T
1-PB2,1749,172,0,0,0,172,A
1-PB2,1750,0,0,173,0,173,G
1-PB2,1751,0,171,0,1,172,T
1-PB2,1752,1,0,0,171,172,C
1-PB2,1753,0,0,0,174,174,C
1-PB2,1754,1,0,0,172,173,C
1-PB2,1755,0,0,0,172,172,C
1-PB2,1756,173,0,0,0,173,A
1-PB2,1757,171,0,0,0,171,A
1-PB2,1758,0,0,175,0,175,G
1-PB2,1759,0,0,173,0,173,G
1-PB2,1760,0,0,0,174,174,C
1-PB2,1761,0,1,0,169,170,C
1-PB2,1762,170,0,0,0,170,A
1-PB2,1763,0,172,0,0,172,T
1-PB2,1764,0,173,0,0,173,T
1-PB2,1765,172,0,1,0,173,A
1-PB2,1766,0,0,174,0,174,G
1-PB2,1767,168,0,0,0,168,A
1-PB2,1768,175,0,0,0,175,A
1-PB2,1769,0,0,178,0,178,G
1-PB2,1770,0,0,0,181,181,C
1-PB2,1771,0,0,0,181,181,C
1-PB2,1772,179,0,0,0,179,A
1-PB2,1773,183,0,0,0,183,A
1-PB2,1774,0,181,0,0,181,T
1-PB2,1775,181,0,0,0,181,A
1-PB2,1776,0,0,0,183,183,C
1-PB2,1777,165,0,0,0,165,A
1-PB2,1778,0,0,165,0,165,G
1-PB2,1779,0,158,0,0,158,T
1-PB2,1780,0,1,162,0,163,G
1-PB2,1781,0,0,164,0,164,G
1-PB2,1782,0,0,164,0,164,G
1-PB2,1783,0,162,0,0,162,T
1-PB2,1784,0,162,0,0,162,T
1-PB2,1785,0,160,0,0,160,T
1-PB2,1786,0,0,160,0,160,G
1-PB2,1787,0,160,0,1,161,T
1-PB2,1788,0,0,0,162,162,C
1-PB2,1789,160,0,0,0,160,A
1-PB2,1790,0,1,160,0,161,G
1-PB2,1791,160,0,0,0,160,A
1-PB2,1792,160,0,0,0,160,A
1-PB2,1793,0,0,0,161,161,C
1-PB2,1794,0,158,0,0,158,T
1-PB2,1795,0,0,0,162,162,C
1-PB2,1796,0,162,0,0,162,T
1-PB2,1797,161,0,0,0,161,A
1-PB2,1798,0,162,0,0,162,T
1-PB2,1799,0,163,0,0,163,T
1-PB2,1800,0,0,0,162,162,C
1-PB2,1801,0,0,0,157,157,C
1-PB2,1802,157,0,0,0,157,A
1-PB2,1803,160,0,0,0,160,A
1-PB2,1804,0,0,0,159,159,C
1-PB2,1805,156,0,0,0,156,A
1-PB2,1806,156,0,0,0,156,A
1-PB2,1807,157,0,0,0,157,A
1-PB2,1808,0,158,0,0,158,T
1-PB2,1809,0,0,156,0,156,G
1-PB2,1810,153,0,0,0,153,A
1-PB2,1811,0,0,156,0,156,G
1-PB2,1812,155,0,0,0,155,A
1-PB2,1813,0,0,154,0,154,G
1-PB2,1814,154,0,0,0,154,A
1-PB2,1815,0,0,0,155,155,C
1-PB2,1816,0,0,155,0,155,G
1-PB2,1817,0,154,0,0,154,T
1-PB2,1818,153,0,0,0,153,A
1-PB2,1819,0,0,0,156,156,C
1-PB2,1820,0,153,0,0,153,T
1-PB2,1821,0,154,0,0,154,T
1-PB2,1822,0,2,151,0,153,G
1-PB2,1823,0,1,150,0,151,G
1-PB2,1824,0,0,152,0,152,G
1-PB2,1825,154,0,0,0,154,A
1-PB2,1826,0,0,0,150,150,C
1-PB2,1827,151,0,0,0,151,A
1-PB2,1828,0,153,0,0,153,T
1-PB2,1829,0,152,0,1,153,T
1-PB2,1830,0,153,0,0,153,T
1-PB2,1831,0,0,153,0,153,G
1-PB2,1832,152,0,0,0,152,A
1-PB2,1833,0,0,0,152,152,C
1-PB2,1834,151,0,0,0,151,A
1-PB2,1835,0,0,0,154,154,C
1-PB2,1836,0,0,0,150,150,C
1-PB2,1837,152,0,0,0,152,A
1-PB2,1838,0,0,0,160,160,C
1-PB2,1839,1,0,0,157,158,C
1-PB2,1840,0,0,0,161,161,C
1-PB2,1841,161,0,0,0,161,A
1-PB2,1842,0,0,163,0,163,G
1-PB2,1843,164,0,0,0,164,A
1-PB2,1844,0,171,0,0,171,T
1-PB2,1845,167,0,0,0,167,A
1-PB2,1846,167,0,0,0,167,A
1-PB2,1847,0,164,0,0,164,T
1-PB2,1848,164,0,0,0,164,A
1-PB2,1849,166,0,0,0,166,A
1-PB2,1850,163,0,0,0,163,A
1-PB2,1851,0,0,168,0,168,G
1-PB2,1852,1,0,0,163,164,C
1-PB2,1853,0,154,0,0,154,T
1-PB2,1854,0,153,0,0,153,T
1-PB2,1855,0,0,0,154,154,C
1-PB2,1856,0,153,0,0,153,T
1-PB2,1857,0,0,0,155,155,C
1-PB2,1858,0,0,0,155,155,C
1-PB2,1859,0,0,0,161,161,C
1-PB2,1860,0,161,0,0,161,T
1-PB2,1861,0,162,0,0,162,T
1-PB2,1862,0,161,0,0,161,T
1-PB2,1863,0,160,0,0,160,T
1-PB2,1864,0,0,159,0,159,G
1-PB2,1865,0,0,0,160,160,C
1-PB2,1866,155,0,0,0,155,A
1-PB2,1867,0,0,156,0,156,G
1-PB2,1868,0,0,0,154,154,C
1-PB2,1869,0,155,0,0,155,T
1-PB2,1870,0,0,157,0,157,G
1-PB2,1871,0,0,0,155,155,C
1-PB2,1872,0,0,0,154,154,C
1-PB2,1873,0,0,0,159,159,C
1-PB2,1874,0,0,0,162,162,C
1-PB2,1875,162,0,0,0,162,A
1-PB2,1876,0,0,0,162,162,C
1-PB2,1877,0,0,0,163,163,C
1-PB2,1878,160,0,0,0,160,A
1-PB2,1879,164,0,0,0,164,A
1-PB2,1880,163,0,0,0,163,A
1-PB2,1881,0,0,166,0,166,G
1-PB2,1882,0,0,0,166,166,C
1-PB2,1883,160,0,0,0,160,A
1-PB2,1884,160,0,0,0,160,A
1-PB2,1885,162,0,0,0,162,A
1-PB2,1886,0,0,163,0,163,G
1-PB2,1887,0,0,0,162,162,C
1-PB2,1888,163,0,0,0,163,A
1-PB2,1889,0,1,162,0,163,G
1-PB2,1890,164,0,0,0,164,A
1-PB2,1891,165,0,0,0,165,A
1-PB2,1892,0,165,0,0,165,T
1-PB2,1893,0,0,166,0,166,G
1-PB2,1894,0,0,0,166,166,C
1-PB2,1895,165,0,0,0,165,A
1-PB2,1896,0,0,170,0,170,G
1-PB2,1897,0,169,0,0,169,T
1-PB2,1898,0,174,0,0,174,T
1-PB2,1899,1,0,0,172,173,C
1-PB2,1900,0,173,0,1,174,T
1-PB2,1901,0,0,0,175,175,C
1-PB2,1902,0,174,0,0,174,T
1-PB2,1903,0,175,0,0,175,T
1-PB2,1904,2,0,0,174,176,C
1-PB2,1905,175,0,0,0,175,A
1-PB2,1906,0,1,0,176,177,C
1-PB2,1907,0,171,0,0,171,T
1-PB2,1908,0,0,173,0,173,G
1-PB2,1909,172,0,0,0,172,A
1-PB2,1910,0,0,0,175,175,C
1-PB2,1911,0,169,0,0,169,T
1-PB2,1912,0,0,170,0,170,G
1-PB2,1913,0,167,0,0,167,T
1-PB2,1914,0,0,171,0,171,G
1-PB2,1915,170,0,1,0,171,A
1-PB2,1916,174,0,0,0,174,A
1-PB2,1917,0,174,0,0,174,T
1-PB2,1918,0,0,173,0,173,G
1-PB2,1919,0,165,0,0,165,T
1-PB2,1920,162,0,0,0,162,A
1-PB2,1921,164,0,0,0,164,A
1-PB2,1922,0,0,164,0,164,G
1-PB2,1923,0,0,167,0,167,G
1-PB2,1924,0,0,166,0,166,G
1-PB2,1925,0,0,160,0,160,G
1-PB2,1926,157,0,0,0,157,A
1-PB2,1927,0,157,0,0,157,T
1-PB2,1928,0,0,1,156,157,C
1-PB2,1929,155,0,0,0,155,A
1-PB2,1930,0,0,163,0,163,G
1-PB2,1931,0,0,163,0,163,G
1-PB2,1932,0,0,165,0,165,G
1-PB2,1933,163,0,0,0,163,A
1-PB2,1934,0,160,0,0,160,T
1-PB2,1935,0,0,160,0,160,G
1-PB2,1936,159,0,0,0,159,A
1-PB2,1937,0,0,167,0,167,G
1-PB2,1938,165,0,0,0,165,A
1-PB2,1939,162,0,0,0,162,A
1-PB2,1940,0,164,0,1,165,T
1-PB2,1941,165,0,0,0,165,A
1-PB2,1942,0,0,0,166,166,C
1-PB2,1943,0,164,0,0,164,T
1-PB2,1944,0,163,0,0,163,T
1-PB2,1945,0,0,165,0,165,G
1-PB2,1946,0,161,0,0,161,T
1-PB2,1947,161,0,0,0,161,A
1-PB2,1948,160,0,0,0,160,A
1-PB2,1949,0,0,157,0,157,G
1-PB2,1950,0,0,163,0,163,G
1-PB2,1951,0,0,158,0,158,G
1-PB2,1952,0,0,158,0,158,G
1-PB2,1953,0,0,0,161,161,C
1-PB2,1954,160,0,0,0,160,A
1-PB2,1955,166,0,0,0,166,A
1-PB2,1956,0,167,0,0,167,T
1-PB2,1957,0,168,0,0,168,T
1-PB2,1958,0,0,0,174,174,C
1-PB2,1959,0,170,1,0,171,T
1-PB2,1960,2,0,0,169,171,C
1-PB2,1961,0,0,0,171,171,C
1-PB2,1962,0,166,0,1,167,T
1-PB2,1963,0,0,172,0,172,G
1-PB2,1964,0,171,0,0,171,T
1-PB2,1965,171,1,0,0,172,A
1-PB2,1966,0,175,0,0,175,T
1-PB2,1967,0,172,0,1,173,T
1-PB2,1968,0,0,0,174,174,C
1-PB2,1969,171,0,0,0,171,A
1-PB2,1970,173,0,0,1,174,A
1-PB2,1971,0,0,0,174,174,C
1-PB2,1972,0,166,0,0,166,T
1-PB2,1973,166,0,0,0,166,A
1-PB2,1974,0,0,0,172,172,C
1-PB2,1975,173,0,0,0,173,A
1-PB2,1976,174,0,0,0,174,A
1-PB2,1977,0,0,0,173,173,C
1-PB2,1978,171,0,0,0,171,A
1-PB2,1979,166,0,0,0,166,A
1-PB2,1980,0,2,167,0,169,G
1-PB2,1981,168,0,0,0,168,A
1-PB2,1982,0,0,0,168,168,C
1-PB2,1983,0,0,0,166,166,C
1-PB2,1984,167,0,0,0,167,A
1-PB2,1985,0,0,0,178,178,C
1-PB2,1986,0,178,0,0,178,T
1-PB2,1987,178,0,0,0,178,A
1-PB2,1988,178,0,0,0,178,A
1-PB2,1989,177,0,0,0,177,A
1-PB2,1990,177,0,0,0,177,A
1-PB2,1991,0,0,179,0,179,G
1-PB2,1992,179,0,0,0,179,A
1-PB2,1993,0,0,0,180,180,C
1-PB2,1994,0,172,0,0,172,T
1-PB2,1995,171,0,0,0,171,A
1-PB2,1996,174,0,0,0,174,A
1-PB2,1997,0,0,0,169,169,C
1-PB2,1998,172,0,0,0,172,A
1-PB2,1999,171,0,0,0,171,A
1-PB2,2000,0,170,0,0,170,T
1-PB2,2001,0,169,0,0,169,T
1-PB2,2002,0,0,0,168,168,C
1-PB2,2003,1,167,0,0,168,T
1-PB2,2004,1,0,0,168,169,C
1-PB2,2005,0,0,169,0,169,G
1-PB2,2006,0,0,170,0,170,G
1-PB2,2007,171,0,0,0,171,A
1-PB2,2008,170,0,0,0,170,A
1-PB2,2009,170,0,0,0,170,A
1-PB2,2010,170,0,1,0,171,A
1-PB2,2011,0,0,170,0,170,G
1-PB2,2012,169,0,0,0,169,A
1-PB2,2013,0,168,0,1,169,T
1-PB2,2014,0,0,170,0,170,G
1-PB2,2015,0,1,0,170,171,C
1-PB2,2016,1,1,0,166,168,C
1-PB2,2017,0,0,170,0,170,G
1-PB2,2018,0,0,167,1,168,G
1-PB2,2019,0,0,0,168,168,C
1-PB2,2020,171,0,0,0,171,A
1-PB2,2021,0,0,0,170,170,C
1-PB2,2022,0,170,0,0,170,T
1-PB2,2023,0,168,0,0,168,T
1-PB2,2024,0,171,0,0,171,T
1-PB2,2025,170,0,0,0,170,A
1-PB2,2026,170,0,0,0,170,A
1-PB2,2027,0,168,0,0,168,T
1-PB2,2028,0,164,0,0,164,T
1-PB2,2029,0,0,166,0,166,G
1-PB2,2030,163,0,0,0,163,A
1-PB2,2031,161,0,0,0,161,A
1-PB2,2032,0,1,161,0,162,G
1-PB2,2033,163,0,0,0,163,A
1-PB2,2034,0,0,0,166,166,C
1-PB2,2035,0,0,0,165,165,C
1-PB2,2036,1,0,0,164,165,C
1-PB2,2037,163,0,0,0,163,A
1-PB2,2038,0,0,165,0,165,G
1-PB2,2039,167,0,0,0,167,A
1-PB2,2040,0,164,0,0,164,T
1-PB2,2041,0,0,162,0,162,G
1-PB2,2042,160,0,0,0,160,A
1-PB2,2043,161,0,0,0,161,A
1-PB2,2044,159,0,1,0,160,A
1-PB2,2045,0,0,160,0,160,G
1-PB2,2046,0,0,0,160,160,C
1-PB2,2047,159,0,0,0,159,A
1-PB2,2048,0,0,0,158,158,C
1-PB2,2049,157,0,0,0,157,A
1-PB2,2050,0,160,0,0,160,T
1-PB2,2051,0,0,0,161,161,C
1-PB2,2052,0,0,0,162,162,C
1-PB2,2053,0,0,161,0,161,G
1-PB2,2054,0,0,163,0,163,G
1-PB2,2055,162,0,0,0,162,A
1-PB2,2056,0,0,163,0,163,G
1-PB2,2057,0,156,0,0,156,T
1-PB2,2058,0,0,157,0,157,G
1-PB2,2059,0,0,159,0,159,G
1-PB2,2060,159,0,0,0,159,A
1-PB2,2061,0,0,157,0,157,G
1-PB2,2062,0,154,0,0,154,T
1-PB2,2063,1,0,0,152,153,C
1-PB2,2064,0,0,0,155,155,C
1-PB2,2065,0,0,154,0,154,G
1-PB2,2066,0,0,0,153,153,C
1-PB2,2067,0,0,0,151,151,C
1-PB2,2068,0,0,157,0,157,G
1-PB2,2069,0,151,0,1,152,T
1-PB2,2070,1,0,0,157,158,C
1-PB2,2071,0,156,0,0,156,T
1-PB2,2072,0,156,0,1,157,T
1-PB2,2073,2,0,155,0,157,G
1-PB2,2074,155,0,0,0,155,A
1-PB2,2075,0,0,156,0,156,G
1-PB2,2076,155,0,1,0,156,A
1-PB2,2077,0,0,154,0,154,G
1-PB2,2078,0,0,154,0,154,G
1-PB2,2079,0,0,149,0,149,G
1-PB2,2080,0,147,0,0,147,T
1-PB2,2081,0,148,0,0,148,T
1-PB2,2082,0,150,0,0,150,T
1-PB2,2083,0,1,0,149,150,C
1-PB2,2084,0,149,0,0,149,T
1-PB2,2085,1,0,0,147,148,C
1-PB2,2086,150,0,0,0,150,A
1-PB2,2087,0,148,0,0,148,T
1-PB2,2088,0,148,0,0,148,T
1-PB2,2089,147,0,0,0,147,A
1-PB2,2090,0,149,0,0,149,T
1-PB2,2091,147,0,0,0,147,A
1-PB2,2092,0,0,148,0,148,G
1-PB2,2093,0,0,148,0,148,G
1-PB2,2094,0,128,0,0,128,T
1-PB2,2095,131,0,0,0,131,A
1-PB2,2096,129,0,0,0,129,A
1-PB2,2097,0,0,130,0,130,G
1-PB2,2098,0,0,130,0,130,G
1-PB2,2099,129,0,0,0,129,A
1-PB2,2100,125,0,0,0,125,A
1-PB2,2101,0,0,128,0,128,G
1-PB2,2102,123,0,0,0,123,A
1-PB2,2103,0,0,0,126,126,C
1-PB2,2104,125,0,0,0,125,A
1-PB2,2105,0,0,125,0,125,G
1-PB2,2106,124,0,0,0,124,A
1-PB2,2107,123,0,0,0,123,A
1-PB2,2108,0,0,123,0,123,G
1-PB2,2109,0,0,118,0,118,G
1-PB2,2110,0,126,0,0,126,T
1-PB2,2111,126,0,0,0,126,A
1-PB2,2112,0,0,0,126,126,C
1-PB2,2113,0,1,125,0,126,G
1-PB2,2114,0,0,130,0,130,G
1-PB2,2115,131,0,0,0,131,A
1-PB2,2116,0,0,0,127,127,C
1-PB2,2117,0,0,0,128,128,C
1-PB2,2118,121,0,1,0,122,A
1-PB2,2119,0,0,130,0,130,G
1-PB2,2120,0,0,0,132,132,C
1-PB2,2121,132,0,0,0,132,A
1-PB2,2122,0,130,0,0,130,T
1-PB2,2123,0,125,0,0,125,T
1-PB2,2124,126,0,0,0,126,A
1-PB2,2125,125,0,0,0,125,A
1-PB2,2126,0,0,125,0,125,G
1-PB2,2127,0,0,0,124,124,C
1-PB2,2128,117,0,0,0,117,A
1-PB2,2129,0,123,0,0,123,T
1-PB2,2130,0,0,1,123,124,C
1-PB2,2131,124,0,0,0,124,A
1-PB2,2132,123,0,0,0,123,A
1-PB2,2133,0,123,0,0,123,T
1-PB2,2134,0,0,123,0,123,G
1-PB2,2135,120,0,0,0,120,A
1-PB2,2136,122,0,0,0,122,A
1-PB2,2137,0,0,0,127,127,C
1-PB2,2138,1,121,0,0,122,T
1-PB2,2139,0,1,126,0,127,G
1-PB2,2140,125,0,0,0,125,A
1-PB2,2141,0,0,124,0,124,G
1-PB2,2142,1,122,0,0,123,T
1-PB2,2143,124,0,0,0,124,A
1-PB2,2144,122,0,0,0,122,A
1-PB2,2145,0,0,0,126,126,C
1-PB2,2146,0,0,0,124,124,C
1-PB2,2147,0,124,0,0,124,T
1-PB2,2148,0,118,0,0,118,T
1-PB2,2149,1,0,117,0,118,G
1-PB2,2150,0,0,0,117,117,C
1-PB2,2151,118,0,0,0,118,A
1-PB2,2152,118,0,0,0,118,A
1-PB2,2153,117,0,0,0,117,A
1-PB2,2154,117,0,0,0,117,A
1-PB2,2155,0,0,118,0,118,G
1-PB2,2156,0,0,121,0,121,G
1-PB2,2157,0,0,121,0,121,G
1-PB2,2158,0,0,119,0,119,G
1-PB2,2159,120,0,0,0,120,A
1-PB2,2160,119,0,1,0,120,A
1-PB2,2161,120,0,0,0,120,A
1-PB2,2162,121,0,0,0,121,A
1-PB2,2163,0,0,122,0,122,G
1-PB2,2164,0,0,121,0,121,G
1-PB2,2165,0,0,0,120,120,C
1-PB2,2166,0,118,0,0,118,T
1-PB2,2167,117,0,0,0,117,A
1-PB2,2168,118,0,0,0,118,A
1-PB2,2169,0,118,0,0,118,T
1-PB2,2170,0,0,125,0,125,G
1-PB2,2171,0,119,0,0,119,T
1-PB2,2172,0,1,120,0,121,G
1-PB2,2173,0,0,0,121,121,C
1-PB2,2174,0,116,0,2,118,T
1-PB2,2175,119,0,0,0,119,A
1-PB2,2176,119,0,0,0,119,A
1-PB2,2177,0,117,0,0,117,T
1-PB2,2178,2,0,0,115,117,C
1-PB2,2179,0,0,113,0,113,G
1-PB2,2180,0,0,114,0,114,G
1-PB2,2181,0,0,113,0,113,G
1-PB2,2182,0,0,0,115,115,C
1-PB2,2183,113,0,0,0,113,A
1-PB2,2184,112,0,0,0,112,A
1-PB2,2185,0,0,112,0,112,G
1-PB2,2186,0,0,113,0,113,G
1-PB2,2187,113,0,0,0,113,A
1-PB2,2188,1,0,113,0,114,G
1-PB2,2189,113,0,0,0,113,A
1-PB2,2190,0,0,0,113,113,C
1-PB2,2191,0,0,113,0,113,G
1-PB2,2192,0,110,0,0,110,T
1-PB2,2193,0,0,115,0,115,G
1-PB2,2194,0,0,116,0,116,G
1-PB2,2195,0,113,0,0,113,T
1-PB2,2196,0,0,113,0,113,G
1-PB2,2197,0,110,0,0,110,T
1-PB2,2198,0,107,0,0,107,T
1-PB2,2199,0,0,109,0,109,G
1-PB2,2200,0,0,109,0,109,G
1-PB2,2201,0,108,0,1,109,T
1-PB2,2202,107,0,0,0,107,A
1-PB2,2203,103,0,1,0,104,A
1-PB2,2204,0,101,0,0,101,T
1-PB2,2205,0,1,101,0,102,G
1-PB2,2206,102,0,0,0,102,A
1-PB2,2207,101,0,0,0,101,A
1-PB2,2208,101,0,0,0,101,A
1-PB2,2209,0,0,0,100,100,C
1-PB2,2210,0,0,100,0,100,G
1-PB2,2211,100,0,0,0,100,A
1-PB2,2212,99,0,1,0,100,A
1-PB2,2213,100,0,0,0,100,A
1-PB2,2214,99,0,0,0,99,A
1-PB2,2215,0,0,0,99,99,C
1-PB2,2216,0,0,99,0,99,G
1-PB2,2217,0,0,99,0,99,G
1-PB2,2218,0,0,99,0,99,G
1-PB2,2219,99,0,0,0,99,A
1-PB2,2220,0,0,0,101,101,C
1-PB2,2221,0,100,0,0,100,T
1-PB2,2222,0,0,0,102,102,C
1-PB2,2223,0,102,0,0,102,T
1-PB2,2224,103,0,0,0,103,A
1-PB2,2225,0,0,103,0,103,G
1-PB2,2226,0,0,0,102,102,C
1-PB2,2227,102,0,0,0,102,A
1-PB2,2228,0,101,0,0,101,T
1-PB2,2229,98,0,1,0,99,A
1-PB2,2230,0,0,0,98,98,C
1-PB2,2231,0,86,0,0,86,T
1-PB2,2232,0,86,0,0,86,T
1-PB2,2233,83,0,0,0,83,A
1-PB2,2234,0,0,0,83,83,C
1-PB2,2235,0,81,0,0,81,T
1-PB2,2236,0,0,82,0,82,G
1-PB2,2237,78,0,0,0,78,A
1-PB2,2238,0,0,0,76,76,C
1-PB2,2239,72,0,0,0,72,A
1-PB2,2240,0,0,72,0,72,G
1-PB2,2241,0,0,0,72,72,C
1-PB2,2242,1,0,0,71,72,C
1-PB2,2243,72,0,0,0,72,A
1-PB2,2244,0,0,72,0,72,G
1-PB2,2245,72,0,0,0,72,A
1-PB2,2246,0,0,0,72,72,C
1-PB2,2247,68,0,1,0,69,A
1-PB2,2248,0,0,69,0,69,G
1-PB2,2249,0,0,0,65,65,C
1-PB2,2250,0,0,66,0,66,G
1-PB2,2251,65,0,0,0,65,A
1-PB2,2252,0,0,0,64,64,C
1-PB2,2253,0,0,0,65,65,C
1-PB2,2254,64,0,0,0,64,A
1-PB2,2255,64,0,0,0,64,A
1-PB2,2256,64,0,0,0,64,A
1-PB2,2257,64,0,0,0,64,A
1-PB2,2258,0,0,64,0,64,G
1-PB2,2259,61,0,0,0,61,A
1-PB2,2260,61,0,0,0,61,A
1-PB2,2261,0,60,0,0,60,T
1-PB2,2262,0,61,0,0,61,T
1-PB2,2263,0,0,0,61,61,C
1-PB2,2264,0,0,61,0,61,G
1-PB2,2265,0,0,61,0,61,G
1-PB2,2266,60,0,0,0,60,A
1-PB2,2267,0,57,0,0,57,T
1-PB2,2268,0,0,58,0,58,G
1-PB2,2269,0,0,58,0,58,G
1-PB2,2270,0,0,0,58,58,C
1-PB2,2271,0,0,0,58,58,C
1-PB2,2272,58,0,0,0,58,A
1-PB2,2273,0,58,0,0,58,T
1-PB2,2274,0,0,0,58,58,C
1-PB2,2275,58,0,0,0,58,A
1-PB2,2276,58,0,0,0,58,A
1-PB2,2277,0,57,0,0,57,T
1-PB2,2278,0,54,0,0,54,T
1-PB2,2279,51,0,0,0,51,A
1-PB2,2280,50,0,0,0,50,A
2-PB1,1,3149,0,0,0,3149,A
2-PB1,2,0,3159,0,0,3159,T
2-PB1,3,0,0,3192,0,3192,G
2-PB1,4,0,6,3393,0,3399,G
2-PB1,5,3834,0,5,0,3839,A
2-PB1,6,0,4093,0,2,4095,T
2-PB1,7,1,2,4119,0,4122,G
2-PB1,8,0,4121,1,9,4131,T
2-PB1,9,6,3,0,4423,4432,C
2-PB1,10,4456,0,4,0,4460,A
2-PB1,11,4639,0,8,0,4647,A
2-PB1,12,1,4654,0,4,4659,T
2-PB1,13,4,0,0,4701,4705,C
2-PB1,14,1,6,0,4968,4975,C
2-PB1,15,2,30,5033,0,5065,G
2-PB1,16,5733,1,5,0,5739,A
2-PB1,17,1,1,0,5806,5808,C
2-PB1,18,0,5801,1,9,5811,T
2-PB1,19,4,1,0,6836,6841,C
2-PB1,20,0,6845,0,6,6851,T
2-PB1,21,6893,0,5,0,6898,A
2-PB1,22,0,2,0,6901,6903,C
2-PB1,23,0,6911,0,0,6911,T
2-PB1,24,0,1,7724,0,7725,G
2-PB1,25,0,7783,1,8,7792,T
2-PB1,26,0,7776,0,16,7792,T
2-PB1,27,13,119,0,7654,7786,C
2-PB1,28,6,0,0,7743,7749,C
2-PB1,29,1,9048,0,21,9070,T
2-PB1,30,9173,0,1,0,9174,A
2-PB1,31,9168,0,1,0,9169,A
2-PB1,32,9214,0,7,1,9222,A
2-PB1,33,1,13,9241,0,9255,G
2-PB1,34,1,1,9319,0,9321,G
2-PB1,35,1,9328,0,12,9341,T
2-PB1,36,0,9340,0,9,9349,T
2-PB1,37,12,0,0,9341,9353,C
2-PB1,38,4,3,0,9357,9364,C
2-PB1,39,9359,1,9,1,9370,A
2-PB1,40,2,3,9446,0,9451,G
2-PB1,41,1,5,0,9453,9459,C
2-PB1,42,3,1,9497,0,9501,G
2-PB1,43,5,0,0,9531,9536,C
2-PB1,44,9537,0,2,0,9539,A
2-PB1,45,9549,1,1,0,9551,A
2-PB1,46,9544,1,3,1,9549,A
2-PB1,47,9597,0,7,1,9605,A
2-PB1,48,0,9655,0,1,9656,T
2-PB1,49,1,3,10084,0,10088,G
2-PB1,50,0,4,1,10114,10119,C
2-PB1,51,18,1,0,10140,10159,C
2-PB1,52,10165,2,12,2,10181,A
2-PB1,53,0,10176,0,4,10180,T
2-PB1,54,10887,0,4,1,10892,A
2-PB1,55,10908,0,9,1,10918,A
2-PB1,56,1,5,11352,0,11358,G
2-PB1,57,0,11,0,11342,11353,C
2-PB1,58,11309,2,6,1,11318,A
2-PB1,59,1,7,0,11814,11822,C
2-PB1,60,11820,2,10,0,11832,A
2-PB1,61,12389,0,13,0,12402,A
2-PB1,62,0,5,0,12435,12440,C
2-PB1,63,12333,0,3,1,12337,A
2-PB1,64,0,12450,0,8,12458,T
2-PB1,65,0,12284,1,4,12289,T
2-PB1,66,23,2,0,15534,15559,C
2-PB1,67,13,3,0,15585,15601,C
2-PB1,68,26,1,0,15618,15645,C
2-PB1,69,4,15700,0,32,15736,T
2-PB1,70,0,15636,0,7,15643,T
2-PB1,71,16957,0,3,0,16960,A
2-PB1,72,1,17031,0,5,17037,T
2-PB1,73,17069,1,1,0,17071,A
2-PB1,74,2,3,0,17235,17240,C
2-PB1,75,0,16256,0,18,16274,T
2-PB1,76,4,9,16430,1,16444,G
2-PB1,77,2,33,16447,0,16482,G
2-PB1,78,16426,1,14,1,16442,A
2-PB1,79,1,20,16436,0,16457,G
2-PB1,80,16234,0,18,2,16254,A
2-PB1,81,2,16251,0,13,16266,T
2-PB1,82,22,3,0,17176,17201,C
2-PB1,83,10,2,0,17221,17233,C
2-PB1,84,2,17233,0,20,17255,T
2-PB1,85,21,2,1,18383,18407,C
2-PB1,86,17,3,0,18389,18409,C
2-PB1,87,18531,1,12,0,18544,A
2-PB1,88,1,18548,0,7,18556,T
2-PB1,89,18504,1,8,0,18513,A
2-PB1,90,0,4,0,18581,18585,C
2-PB1,91,18189,0,21,0,18210,A
2-PB1,92,3,6,18868,0,18877,G
2-PB1,93,0,4,1,19052,19057,C
2-PB1,94,20,2,0,18797,18819,C
2-PB1,95,18813,0,16,2,18831,A
2-PB1,96,3,18813,1,10,18827,T
2-PB1,97,2,32,18809,1,18844,G
2-PB1,98,1,64,19614,1,19680,G
2-PB1,99,19753,3,18,1,19775,A
2-PB1,100,19797,0,24,0,19821,A
2-PB1,101,3,6,0,19808,19817,C
2-PB1,102,19554,1,27,1,19583,A
2-PB1,103,1,19,20021,0,20041,G
2-PB1,104,2,66,20261,3,20332,G
2-PB1,105,20302,0,27,0,20329,A
2-PB1,106,20400,0,25,1,20426,A
2-PB1,107,0,1,0,20474,20475,C
2-PB1,108,20174,1,17,0,20192,A
2-PB1,109,2,42,22236,1,22281,G
2-PB1,110,0,62,22181,1,22244,G
2-PB1,111,5,2,22582,0,22589,G
2-PB1,112,0,22418,0,14,22432,T
2-PB1,113,22328,0,14,1,22343,A
2-PB1,114,3,12,1,22525,22541,C
2-PB1,115,23090,3,21,2,23116,A
2-PB1,116,3,2,1,23894,23900,C
2-PB1,117,32,5,0,23610,23647,C
2-PB1,118,22657,3,15,1,22676,A
2-PB1,119,4,22591,0,9,22604,T
2-PB1,120,7,48,22518,1,22574,G
2-PB1,121,2,54,22555,0,22611,G
2-PB1,122,22553,3,35,1,22592,A
2-PB1,123,1,2,0,22639,22642,C
2-PB1,124,22003,5,26,2,22036,A
2-PB1,125,3,4,0,22321,22328,C
2-PB1,126,22176,0,21,1,22198,A
2-PB1,127,4,0,22688,0,22692,G
2-PB1,128,1,22630,0,27,22658,T
2-PB1,129,76,1,1,23416,23494,C
2-PB1,130,23392,0,25,0,23417,A
2-PB1,131,23668,3,28,1,23700,A
2-PB1,132,3,2,0,23698,23703,C
2-PB1,133,23581,1,18,1,23601,A
2-PB1,134,1,58,23880,2,23941,G
2-PB1,135,23485,6,31,1,23523,A
2-PB1,136,23392,0,32,2,23426,A
2-PB1,137,2,7,0,23418,23427,C
2-PB1,138,22688,1,19,3,22711,A
2-PB1,139,4,4,0,22734,22742,C
2-PB1,140,22520,2,10,4,22536,A
2-PB1,141,1,22206,0,13,22220,T
2-PB1,142,27,2,0,24314,24343,C
2-PB1,143,24431,0,10,0,24441,A
2-PB1,144,24752,1,1,0,24754,A
2-PB1,145,3,25090,0,4,25097,T
2-PB1,146,25819,2,11,2,25834,A
2-PB1,147,2,25854,0,7,25863,T
2-PB1,148,3,25070,0,3,25076,T
2-PB1,149,43,1,1,25050,25095,C
2-PB1,150,24579,3,24,2,24608,A
2-PB1,151,2,48,24569,1,24620,G
2-PB1,152,24402,2,9,2,24415,A
2-PB1,153,3,26,24420,1,24450,G
2-PB1,154,23878,2,26,0,23906,A
2-PB1,155,14,51,23191,0,23256,G
2-PB1,156,4,56,23183,1,23244,G
2-PB1,157,2,39,24258,0,24299,G
2-PB1,158,1,31,24317,0,24349,G
2-PB1,159,6,35,24476,1,24518,G
2-PB1,160,24482,7,35,0,24524,A
2-PB1,161,24535,1,30,1,24567,A
2-PB1,162,1,1,24771,0,24773,G
2-PB1,163,3,24521,2,24,24550,T
2-PB1,164,7,59,24353,0,24419,G
2-PB1,165,5,37,24246,1,24289,G
2-PB1,166,24217,1,40,0,24258,A
2-PB1,167,2,28,0,24351,24381,C
2-PB1,168,4,100,24321,2,24427,G
2-PB1,169,24527,5,31,0,24563,A
2-PB1,170,1,2,0,24842,24845,C
2-PB1,171,24676,0,12,0,24688,A
2-PB1,172,24714,2,8,1,24725,A
2-PB1,173,24875,2,23,0,24900,A
2-PB1,174,1,25350,1,7,25359,T
2-PB1,175,25401,1,17,1,25420,A
2-PB1,176,3,0,0,25475,25478,C
2-PB1,177,25116,2,24,1,25143,A
2-PB1,178,3,30,25201,0,25234,G
2-PB1,179,25056,0,12,0,25068,A
2-PB1,180,25385,2,10,0,25397,A
2-PB1,181,25381,1,5,3,25390,A
2-PB1,182,1,4,0,25426,25431,C
2-PB1,183,0,25056,1,5,25062,T
2-PB1,184,3,33,25017,1,25054,G
2-PB1,185,8,40,24977,4,25029,G
2-PB1,186,4,33,24938,2,24977,G
2-PB1,187,11,7,24964,2,24984,G
2-PB1,188,3,10,2,25001,25016,C
2-PB1,189,24813,4,20,0,24837,A
2-PB1,190,2,7,0,25949,25958,C
2-PB1,191,34,5,1,25834,25874,C
2-PB1,192,55,8,2,25803,25868,C
2-PB1,193,56,4,1,25922,25983,C
2-PB1,194,25870,3,182,0,26055,A
2-PB1,195,26358,1,13,0,26372,A
2-PB1,196,1,2,0,26365,26368,C
2-PB1,197,3,26244,0,18,26265,T
2-PB1,198,65,1,1,26326,26393,C
2-PB1,199,25233,1,17,4,25255,A
2-PB1,200,25779,3,15,1,25798,A
2-PB1,201,6,6,0,25804,25816,C
2-PB1,202,35,31,0,25622,25688,C
2-PB1,203,81,3,0,25656,25740,C
2-PB1,204,25496,1,6,1,25504,A
2-PB1,205,25576,0,6,0,25582,A
2-PB1,206,2,25703,4,2,25711,T
2-PB1,207,0,25579,3,4,25586,T
2-PB1,208,3,35,25603,1,25642,G
2-PB1,209,25235,4,21,1,25261,A
2-PB1,210,4,25249,2,16,25271,T
2-PB1,211,3,39,25184,0,25226,G
2-PB1,212,4,74,25471,0,25549,G
2-PB1,213,25798,6,21,0,25825,A
2-PB1,214,4,5,2,25985,25996,C
2-PB1,215,48,8,0,25779,25835,C
2-PB1,216,25769,3,39,2,25813,A
2-PB1,217,3,5,0,26410,26418,C
2-PB1,218,2,26361,0,10,26373,T
2-PB1,219,26735,1,12,0,26748,A
2-PB1,220,5,3,0,27105,27113,C
2-PB1,221,25,1,0,26662,26688,C
2-PB1,222,1,26032,0,29,26062,T
2-PB1,223,4,31,26140,0,26175,G
2-PB1,224,26007,2,73,1,26083,A
2-PB1,225,4,35,26315,0,26354,G
2-PB1,226,0,16,26104,0,26120,G
2-PB1,227,26084,4,8,1,26097,A
2-PB1,228,1,25845,1,4,25851,T
2-PB1,229,25369,1,7,0,25377,A
2-PB1,230,25350,3,25,0,25378,A
2-PB1,231,3,25382,0,8,25393,T
2-PB1,232,1,88,25283,1,25373,G
2-PB1,233,25322,2,37,0,25361,A
2-PB1,234,25060,0,33,1,25094,A
2-PB1,235,3,4,2,25151,25160,C
2-PB1,236,49,1,0,24579,24629,C
2-PB1,237,24685,1,4,1,24691,A
2-PB1,238,24711,1,20,2,24734,A
2-PB1,239,2,4,24904,0,24910,G
2-PB1,240,1,24871,0,7,24879,T
2-PB1,241,29,44,24821,0,24894,G
2-PB1,242,0,19,25321,1,25341,G
2-PB1,243,25222,2,33,1,25258,A
2-PB1,244,0,25178,3,4,25185,T
2-PB1,245,25203,2,10,1,25216,A
2-PB1,246,1,25639,1,11,25652,T
2-PB1,247,8,10,25748,1,25767,G
2-PB1,248,2,12,0,25753,25767,C
2-PB1,249,25712,4,36,0,25752,A
2-PB1,250,1,2,1,26527,26531,C
2-PB1,251,25907,1,2,0,25910,A
2-PB1,252,26398,0,27,1,26426,A
2-PB1,253,26416,2,11,2,26431,A
2-PB1,254,2,22,1,26460,26485,C
2-PB1,255,25682,1,11,0,25694,A
2-PB1,256,3,72,25993,0,26068,G
2-PB1,257,25905,5,29,0,25939,A
2-PB1,258,3,2,0,26024,26029,C
2-PB1,259,3,24982,0,11,24996,T
2-PB1,260,3,3,25500,0,25506,G
2-PB1,261,3,24998,1,25,25027,T
2-PB1,262,9,4,26275,1,26289,G
2-PB1,263,7,26203,1,26,26237,T
2-PB1,264,57,0,1,26282,26340,C
2-PB1,265,36,41,0,26180,26257,C
2-PB1,266,2,25977,2,30,26011,T
2-PB1,267,4,14,25965,0,25983,G
2-PB1,268,2,12,25950,0,25964,G
2-PB1,269,25422,6,26,2,25456,A
2-PB1,270,2,25,25984,1,26012,G
2-PB1,271,6,4,25076,1,25087,G
2-PB1,272,2,2,1,25132,25137,C
2-PB1,273,1,24932,0,22,24955,T
2-PB1,274,25016,3,15,0,25034,A
2-PB1,275,4,25007,2,20,25033,T
2-PB1,276,3,25,25017,1,25046,G
2-PB1,277,14,12,24999,2,25027,G
2-PB1,278,4,2,0,24987,24993,C
2-PB1,279,29,4,2,24547,24582,C
2-PB1,280,0,24189,1,22,24212,T
2-PB1,281,6,25754,3,3,25766,T
2-PB1,282,21,4,0,25841,25866,C
2-PB1,283,33,1,1,25846,25881,C
2-PB1,284,1,25851,2,21,25875,T
2-PB1,285,2,25789,1,24,25816,T
2-PB1,286,4,24,25942,1,25971,G
2-PB1,287,25951,1,5,0,25957,A
2-PB1,288,25938,2,20,3,25963,A
2-PB1,289,2,42,25973,3,26020,G
2-PB1,290,24661,3,6,0,24670,A
2-PB1,291,24949,1,23,1,24974,A
2-PB1,292,5,24896,1,8,24910,T
2-PB1,293,43,11,0,24886,24940,C
2-PB1,294,44,7,1,24897,24949,C
2-PB1,295,56,3,0,24805,24864,C
2-PB1,296,24931,3,17,1,24952,A
2-PB1,297,2,2,0,25203,25207,C
2-PB1,298,26,7,0,25118,25151,C
2-PB1,299,51,4,1,25108,25164,C
2-PB1,300,24707,3,23,1,24734,A
2-PB1,301,7,13,24990,0,25010,G
2-PB1,302,0,1,25094,0,25095,G
2-PB1,303,1,24926,0,21,24948,T
2-PB1,304,25157,1,4,1,25163,A
2-PB1,305,0,24952,1,73,25026,T
2-PB1,306,15,1,2,24974,24992,C
2-PB1,307,3,25049,2,12,25066,T
2-PB1,308,2,25040,4,5,25051,T
2-PB1,309,0,24926,2,8,24936,T
2-PB1,310,4,46,24780,1,24831,G
2-PB1,311,24505,4,51,3,24563,A
2-PB1,312,2,53,24560,1,24616,G
2-PB1,313,24327,1,23,2,24353,A
2-PB1,314,24435,3,8,0,24446,A
2-PB1,315,0,3,0,24649,24652,C
2-PB1,316,4,24283,2,38,24327,T
2-PB1,317,62,1,1,24321,24385,C
2-PB1,318,24328,2,15,20,24365,A
2-PB1,319,5,24325,0,22,24352,T
2-PB1,320,2,12,24385,1,24400,G
2-PB1,321,3,7,2,24931,24943,C
2-PB1,322,33,5,2,24862,24902,C
2-PB1,323,2,24744,0,14,24760,T
2-PB1,324,4,24443,4,28,24479,T
2-PB1,325,5,36,24521,0,24562,G
2-PB1,326,24684,8,21,0,24713,A
2-PB1,327,24733,0,14,1,24748,A
2-PB1,328,24727,2,27,0,24756,A
2-PB1,329,2,5,0,25006,25013,C
2-PB1,330,24177,4,8,1,24190,A
2-PB1,331,24347,4,20,2,24373,A
2-PB1,332,2,24357,1,10,24370,T
2-PB1,333,8,26,24328,1,24363,G
2-PB1,334,6,15,24280,0,24301,G
2-PB1,335,23943,6,18,1,23968,A
2-PB1,336,23869,3,51,5,23928,A
2-PB1,337,1,1,23957,1,23960,G
2-PB1,338,5,9,0,23979,23993,C
2-PB1,339,28,12,0,23660,23700,C
2-PB1,340,19,2,24043,0,24064,G
2-PB1,341,2,23959,2,29,23992,T
2-PB1,342,7,23953,1,29,23990,T
2-PB1,343,94,6,1,24133,24234,C
2-PB1,344,24205,1,15,0,24221,A
2-PB1,345,24471,0,92,0,24563,A
2-PB1,346,1,1,0,24601,24603,C
2-PB1,347,24549,2,24,3,24578,A
2-PB1,348,2,33,24797,0,24832,G
2-PB1,349,24353,2,43,1,24399,A
2-PB1,350,2,6,0,24416,24424,C
2-PB1,351,24352,1,15,3,24371,A
2-PB1,352,24466,2,22,3,24493,A
2-PB1,353,2,73,24660,0,24735,G
2-PB1,354,4,31,24382,0,24417,G
2-PB1,355,9,3,24465,1,24478,G
2-PB1,356,4,23710,5,34,23753,T
2-PB1,357,9,42,23719,0,23770,G
2-PB1,358,4,58,23775,0,23837,G
2-PB1,359,23804,2,42,1,23849,A
2-PB1,360,1,4,0,23840,23845,C
2-PB1,361,23324,0,6,1,23331,A
2-PB1,362,23729,2,12,0,23743,A
2-PB1,363,23660,1,37,3,23701,A
2-PB1,364,0,0,0,23723,23723,C
2-PB1,365,2,23571,1,13,23587,T
2-PB1,366,23605,2,10,0,23617,A
2-PB1,367,23756,0,15,4,23775,A
2-PB1,368,0,5,0,23834,23839,C
2-PB1,369,28,8,1,23771,23808,C
2-PB1,370,49,4,0,23735,23788,C
2-PB1,371,22982,0,3,4,22989,A
2-PB1,372,22974,5,15,2,22996,A
2-PB1,373,0,32,22951,1,22984,G
2-PB1,374,3,2,23101,2,23108,G
2-PB1,375,2,22951,0,28,22981,T
2-PB1,376,101,6,1,22735,22843,C
2-PB1,377,13,3,22833,2,22851,G
2-PB1,378,6,5,1,22840,22852,C
2-PB1,379,20,3,0,22884,22907,C
2-PB1,380,22897,5,15,1,22918,A
2-PB1,381,4,40,23402,0,23446,G
2-PB1,382,23808,2,42,1,23853,A
2-PB1,383,2,0,0,23960,23962,C
2-PB1,384,0,23725,1,23,23749,T
2-PB1,385,1,23612,2,14,23629,T
2-PB1,386,23636,1,16,1,23654,A
2-PB1,387,1,23794,3,19,23817,T
2-PB1,388,2,47,23830,0,23879,G
2-PB1,389,23799,2,14,2,23817,A
2-PB1,390,1,23267,1,8,23277,T
2-PB1,391,4,22460,1,7,22472,T
2-PB1,392,11,48,22305,2,22366,G
2-PB1,393,0,41,22381,2,22424,G
2-PB1,394,22732,2,27,0,22761,A
2-PB1,395,4,3,0,22735,22742,C
2-PB1,396,22410,4,3,1,22418,A
2-PB1,397,1,22272,1,4,22278,T
2-PB1,398,3,22466,3,5,22477,T
2-PB1,399,22666,2,1,0,22669,A
2-PB1,400,22645,4,8,0,22657,A
2-PB1,401,22659,3,26,2,22690,A
2-PB1,402,3,9,0,22716,22728,C
2-PB1,403,22079,0,16,2,22097,A
2-PB1,404,1,18,22323,0,22342,G
2-PB1,405,22207,0,20,0,22227,A
2-PB1,406,22235,2,11,0,22248,A
2-PB1,407,22237,1,9,4,22251,A
2-PB1,408,1,22008,2,12,22023,T
2-PB1,409,59,5,1,22040,22105,C
2-PB1,410,22040,1,14,1,22056,A
2-PB1,411,22064,0,15,3,22082,A
2-PB1,412,2,1,0,22061,22064,C
2-PB1,413,25,13,3,21811,21852,C
2-PB1,414,16,25,21842,0,21883,G
2-PB1,415,4,1,21890,0,21895,G
2-PB1,416,2,8,0,21936,21946,C
2-PB1,417,21862,2,42,3,21909,A
2-PB1,418,3,2,21942,0,21947,G
2-PB1,419,5,6,1,22092,22104,C
2-PB1,420,22086,0,20,0,22106,A
2-PB1,421,22112,1,7,2,22122,A
2-PB1,422,1,4,0,22207,22212,C
2-PB1,423,2,22058,1,22,22083,T
2-PB1,424,11,7,23276,0,23294,G
2-PB1,425,4,7,0,23245,23256,C
2-PB1,426,23248,9,19,3,23279,A
2-PB1,427,1,23221,1,11,23234,T
2-PB1,428,1,22850,0,3,22854,T
2-PB1,429,24349,5,9,3,24366,A
2-PB1,430,3,4,24405,1,24413,G
2-PB1,431,7,5,1,24276,24289,C
2-PB1,432,28,5,0,24277,24310,C
2-PB1,433,23095,4,7,2,23108,A
2-PB1,434,23280,1,10,1,23292,A
2-PB1,435,2,5,0,23415,23422,C
2-PB1,436,23431,1,16,1,23449,A
2-PB1,437,2,1,0,24586,24589,C
2-PB1,438,32,6,0,22755,22793,C
2-PB1,439,22763,2,11,2,22778,A
2-PB1,440,1,22706,1,15,22723,T
2-PB1,441,22742,5,5,3,22755,A
2-PB1,442,4,15,22791,0,22810,G
2-PB1,443,22590,1,13,0,22604,A
2-PB1,444,22357,0,15,0,22372,A
2-PB1,445,1,0,22594,1,22596,G
2-PB1,446,3,21485,5,5,21498,T
2-PB1,447,2,21481,0,11,21494,T
2-PB1,448,0,21446,1,52,21499,T
2-PB1,449,3,21533,2,7,21545,T
2-PB1,450,0,21571,0,3,21574,T
2-PB1,451,21494,3,10,3,21510,A
2-PB1,452,19,30,21481,1,21531,G
2-PB1,453,21402,1,7,1,21411,A
2-PB1,454,1,21365,1,12,21379,T
2-PB1,455,35,14,0,20965,21014,C
2-PB1,456,10,53,21031,2,21096,G
2-PB1,457,21078,1,7,0,21086,A
2-PB1,458,21105,2,9,2,21118,A
2-PB1,459,1,17,0,21223,21241,C
2-PB1,460,6,33,21204,0,21243,G
2-PB1,461,25,31,22324,0,22380,G
2-PB1,462,22308,5,60,0,22373,A
2-PB1,463,0,22337,2,7,22346,T
2-PB1,464,2,22335,1,1,22339,T
2-PB1,465,22287,7,34,1,22329,A
2-PB1,466,22336,0,24,0,22360,A
2-PB1,467,5,3,0,22512,22520,C
2-PB1,468,22310,2,25,1,22338,A
2-PB1,469,2,0,22610,1,22613,G
2-PB1,470,5,3,0,21563,21571,C
2-PB1,471,1,21488,0,17,21506,T
2-PB1,472,21538,0,7,1,21546,A
2-PB1,473,21544,0,11,1,21556,A
2-PB1,474,3,21528,0,6,21537,T
2-PB1,475,3,52,21754,0,21809,G
2-PB1,476,21597,3,16,0,21616,A
2-PB1,477,21662,3,9,1,21675,A
2-PB1,478,3,21259,0,6,21268,T
2-PB1,479,50,7,1,21341,21399,C
2-PB1,480,21326,6,31,2,21365,A
2-PB1,481,1,21,21359,0,21381,G
2-PB1,482,10,10,21344,1,21365,G
2-PB1,483,21296,1,13,3,21313,A
2-PB1,484,20886,1,31,0,20918,A
2-PB1,485,0,30,22311,1,22342,G
2-PB1,486,3,2,22410,0,22415,G
2-PB1,487,4,7,1,22423,22435,C
2-PB1,488,4,22341,2,14,22361,T
2-PB1,489,22394,0,8,0,22402,A
2-PB1,490,22322,0,88,0,22410,A
2-PB1,491,2,22424,1,4,22431,T
2-PB1,492,22438,1,17,0,22456,A
2-PB1,493,1,29,22522,0,22552,G
2-PB1,494,20473,2,17,1,20493,A
2-PB1,495,0,20256,0,9,20265,T
2-PB1,496,1,20241,0,11,20253,T
2-PB1,497,6,20254,0,17,20277,T
2-PB1,498,21,4,0,21059,21084,C
2-PB1,499,14,4,0,21104,21122,C
2-PB1,500,5,20996,2,32,21035,T
2-PB1,501,30,4,2,21076,21112,C
2-PB1,502,21037,3,10,2,21052,A
2-PB1,503,21101,2,9,0,21112,A
2-PB1,504,5,28,21266,1,21300,G
2-PB1,505,4,18,21587,0,21609,G
2-PB1,506,21551,3,11,0,21565,A
2-PB1,507,0,20684,0,18,20702,T
2-PB1,508,3,1,20942,0,20946,G
2-PB1,509,4,20858,2,18,20882,T
2-PB1,510,4,28,21140,3,21175,G
2-PB1,511,21132,2,23,1,21158,A
2-PB1,512,1,21071,1,13,21086,T
2-PB1,513,8,29,20940,0,20977,G
2-PB1,514,3,38,20834,0,20875,G
2-PB1,515,20862,4,27,2,20895,A
2-PB1,516,20895,5,38,0,20938,A
2-PB1,517,1,20612,0,5,20618,T
2-PB1,518,49,3,1,20609,20662,C
2-PB1,519,20391,2,4,1,20398,A
2-PB1,520,20451,0,4,0,20455,A
2-PB1,521,3,20431,4,12,20450,T
2-PB1,522,3,18,20708,1,20730,G
2-PB1,523,0,29,20829,0,20858,G
2-PB1,524,20775,7,22,0,20804,A
2-PB1,525,1,20529,1,234,20765,T
2-PB1,526,20768,1,11,1,20781,A
2-PB1,527,20738,3,5,1,20747,A
2-PB1,528,20742,2,14,0,20758,A
2-PB1,529,3,19,21119,0,21141,G
2-PB1,530,20922,3,32,1,20958,A
2-PB1,531,5,21,20799,0,20825,G
2-PB1,532,325,23,20467,1,20816,G
2-PB1,533,20706,2,16,1,20725,A
2-PB1,534,20717,2,48,2,20769,A
2-PB1,535,20766,0,19,1,20786,A
2-PB1,536,2,20786,2,4,20794,T
2-PB1,537,5,14,21200,1,21220,G
2-PB1,538,3,31,21151,0,21185,G
2-PB1,539,20790,5,33,1,20829,A
2-PB1,540,1,25,21033,1,21060,G
2-PB1,541,20709,4,9,0,20722,A
2-PB1,542,2,21345,1,8,21356,T
2-PB1,543,21345,0,13,0,21358,A
2-PB1,544,21629,2,68,0,21699,A
2-PB1,545,1,4,1,21744,21750,C
2-PB1,546,21271,2,8,0,21281,A
2-PB1,547,21342,5,10,1,21358,A
2-PB1,548,1,7,0,21310,21318,C
2-PB1,549,21099,2,22,1,21124,A
2-PB1,550,4,6,1,21142,21153,C
2-PB1,551,20462,2,51,1,20516,A
2-PB1,552,5,7,2,20880,20894,C
2-PB1,553,2,20520,0,33,20555,T
2-PB1,554,4,20472,3,2,20481,T
2-PB1,555,2,20465,2,9,20478,T
2-PB1,556,38,3,2,20390,20433,C
2-PB1,557,20470,2,4,4,20480,A
2-PB1,558,20505,4,9,1,20519,A
2-PB1,559,20531,1,22,3,20557,A
2-PB1,560,2,18,20907,0,20927,G
2-PB1,561,20444,2,6,3,20455,A
2-PB1,562,20459,0,3,1,20463,A
2-PB1,563,20676,2,6,0,20684,A
2-PB1,564,20685,3,7,0,20695,A
2-PB1,565,20633,3,43,0,20679,A
2-PB1,566,1,18,20843,0,20862,G
2-PB1,567,0,34,20823,2,20859,G
2-PB1,568,20457,3,41,1,20502,A
2-PB1,569,3,44,21027,1,21075,G
2-PB1,570,20886,2,36,1,20925,A
2-PB1,571,2,3,21953,0,21958,G
2-PB1,572,1,21848,2,4,21855,T
2-PB1,573,21848,3,8,0,21859,A
2-PB1,574,21869,6,41,5,21921,A
2-PB1,575,2,52,21875,0,21929,G
2-PB1,576,8,39,22099,2,22148,G
2-PB1,577,4,43,22094,0,22141,G
2-PB1,578,21612,1,34,1,21648,A
2-PB1,579,1,4,1,21844,21850,C
2-PB1,580,20946,1,33,0,20980,A
2-PB1,581,21066,1,24,1,21092,A
2-PB1,582,1,8,0,21039,21048,C
2-PB1,583,20987,3,26,2,21018,A
2-PB1,584,1,20791,1,4,20797,T
2-PB1,585,4,132,20448,1,20585,G
2-PB1,586,20571,4,75,0,20650,A
2-PB1,587,2,6,3,20606,20617,C
2-PB1,588,46,3,1,20253,20303,C
2-PB1,589,20301,0,5,1,20307,A
2-PB1,590,20362,5,21,0,20388,A
2-PB1,591,1,23,20506,1,20531,G
2-PB1,592,20533,2,5,0,20540,A
2-PB1,593,20515,3,3,2,20523,A
2-PB1,594,20408,0,3,0,20411,A
2-PB1,595,20378,0,7,1,20386,A
2-PB1,596,4,20377,1,5,20387,T
2-PB1,597,0,36,20353,2,20391,G
2-PB1,598,5,2,20479,0,20486,G
2-PB1,599,5,20317,3,36,20361,T
2-PB1,600,107,3,1,20102,20213,C
2-PB1,601,20276,2,15,0,20293,A
2-PB1,602,4,4,0,21052,21060,C
2-PB1,603,21179,1,12,2,21194,A
2-PB1,604,1,5,0,21239,21245,C
2-PB1,605,21112,1,8,0,21121,A
2-PB1,606,21557,3,6,0,21566,A
2-PB1,607,21385,1,19,1,21406,A
2-PB1,608,4,45,22616,0,22665,G
2-PB1,609,22580,2,26,1,22609,A
2-PB1,610,22681,4,24,1,22710,A
2-PB1,611,1,2,0,23085,23088,C
2-PB1,612,22460,2,9,1,22472,A
2-PB1,613,22598,0,17,1,22616,A
2-PB1,614,0,22506,4,1,22511,T
2-PB1,615,22187,0,17,1,22205,A
2-PB1,616,4,67,22198,0,22269,G
2-PB1,617,5,32,21183,0,21220,G
2-PB1,618,5,18,21193,0,21216,G
2-PB1,619,21153,0,10,2,21165,A
2-PB1,620,20650,2,53,1,20706,A
2-PB1,621,1,30,20841,1,20873,G
2-PB1,622,20767,3,12,1,20783,A
2-PB1,623,20780,0,6,1,20787,A
2-PB1,624,20843,2,9,2,20856,A
2-PB1,625,20941,1,15,2,20959,A
2-PB1,626,21268,2,25,0,21295,A
2-PB1,627,21281,5,32,3,21321,A
2-PB1,628,2,4,2,21316,21324,C
2-PB1,629,21260,1,3,3,21267,A
2-PB1,630,21242,1,8,3,21254,A
2-PB1,631,21088,3,41,3,21135,A
2-PB1,632,3,47,21528,0,21578,G
2-PB1,633,21513,1,24,1,21539,A
2-PB1,634,0,1,22344,0,22345,G
2-PB1,635,2,21962,2,7,21973,T
2-PB1,636,3,60,24422,3,24488,G
2-PB1,637,24303,0,244,2,24549,A
2-PB1,638,24610,2,18,2,24632,A
2-PB1,639,4,24842,1,5,24852,T
2-PB1,640,24898,1,1,2,24902,A
2-PB1,641,24632,3,40,1,24676,A
2-PB1,642,2,48,24685,0,24735,G
2-PB1,643,23774,1,30,4,23809,A
2-PB1,644,1,27,23899,0,23927,G
2-PB1,645,22010,1,86,1,22098,A
2-PB1,646,4,23,22200,1,22228,G
2-PB1,647,71,5,22148,0,22224,G
2-PB1,648,5,2,1,22168,22176,C
2-PB1,649,1,22110,4,10,22125,T
2-PB1,650,22583,5,11,2,22601,A
2-PB1,651,4,5,0,23523,23532,C
2-PB1,652,25,13,2,23537,23577,C
2-PB1,653,5,23609,2,24,23640,T
2-PB1,654,24340,0,4,1,24345,A
2-PB1,655,24315,0,4,0,24319,A
2-PB1,656,1,24290,3,4,24298,T
2-PB1,657,24284,0,6,1,24291,A
2-PB1,658,24175,0,20,0,24195,A
2-PB1,659,1,47,24160,1,24209,G
2-PB1,660,23084,2,25,1,23112,A
2-PB1,661,6,4,23350,0,23360,G
2-PB1,662,3,1,2,23415,23421,C
2-PB1,663,2,22951,3,32,22988,T
2-PB1,664,1,23019,0,11,23031,T
2-PB1,665,0,23054,2,9,23065,T
2-PB1,666,4,79,22979,1,23063,G
2-PB1,667,23373,6,36,1,23416,A
2-PB1,668,1,6,3,23468,23478,C
2-PB1,669,23239,1,8,0,23248,A
2-PB1,670,2,23098,1,22,23123,T
2-PB1,671,5,22872,0,28,22905,T
2-PB1,672,3,66,23233,1,23303,G
2-PB1,673,23278,3,26,0,23307,A
2-PB1,674,23302,2,31,2,23337,A
2-PB1,675,3,7,0,23373,23383,C
2-PB1,676,23100,0,17,1,23118,A
2-PB1,677,2,11,0,23082,23095,C
2-PB1,678,4,24,23018,1,23047,G
2-PB1,679,23045,4,46,3,23098,A
2-PB1,680,5,23040,3,9,23057,T
2-PB1,681,3,101,23195,1,23300,G
2-PB1,682,23357,3,27,1,23388,A
2-PB1,683,4,5,1,23471,23481,C
2-PB1,684,56,20,1,23362,23439,C
2-PB1,685,23426,1,15,1,23443,A
2-PB1,686,23648,0,13,4,23665,A
2-PB1,687,23619,6,32,8,23665,A
2-PB1,688,3,13,24324,1,24341,G
2-PB1,689,24432,1,109,2,24544,A
2-PB1,690,1,23839,1,66,23907,T
2-PB1,691,13,3,23957,0,23973,G
2-PB1,692,5,12,0,23827,23844,C
2-PB1,693,23792,4,27,0,23823,A
2-PB1,694,5,24,24045,1,24075,G
2-PB1,695,23626,3,28,2,23659,A
2-PB1,696,4,36,23718,2,23760,G
2-PB1,697,22759,4,32,2,22797,A
2-PB1,698,4,22,22672,0,22698,G
2-PB1,699,22402,1,34,1,22438,A
2-PB1,700,6,28,22416,0,22450,G
2-PB1,701,16,7,22387,0,22410,G
2-PB1,702,6,3,2,22347,22358,C
2-PB1,703,22146,2,15,0,22163,A
2-PB1,704,22219,4,5,0,22228,A
2-PB1,705,22337,1,9,1,22348,A
2-PB1,706,1,22408,2,5,22416,T
2-PB1,707,1,22347,3,2,22353,T
2-PB1,708,22392,11,10,0,22413,A
2-PB1,709,22341,0,6,4,22351,A
2-PB1,710,22399,0,12,3,22414,A
2-PB1,711,22482,3,9,0,22494,A
2-PB1,712,22498,2,8,2,22510,A
2-PB1,713,2,15,22521,0,22538,G
2-PB1,714,22295,3,11,1,22310,A
2-PB1,715,22226,1,26,0,22253,A
2-PB1,716,1,33,22653,0,22687,G
2-PB1,717,5,13,23088,0,23106,G
2-PB1,718,5,4,23110,0,23119,G
2-PB1,719,4,6,1,23220,23231,C
2-PB1,720,1,23128,4,21,23154,T
2-PB1,721,23267,2,14,0,23283,A
2-PB1,722,1,23599,3,19,23622,T
2-PB1,723,4,23622,0,14,23640,T
2-PB1,724,1,7,23732,1,23741,G
2-PB1,725,1,13,1,23398,23413,C
2-PB1,726,22626,17,28,0,22671,A
2-PB1,727,22651,1,30,1,22683,A
2-PB1,728,0,3,1,22623,22627,C
2-PB1,729,22587,2,21,1,22611,A
2-PB1,730,4,2,0,22647,22653,C
2-PB1,731,12,5,1,22101,22119,C
2-PB1,732,38,15,0,22064,22117,C
2-PB1,733,5,35,22007,1,22048,G
2-PB1,734,3,17,22091,0,22111,G
2-PB1,735,4,18,22126,0,22148,G
2-PB1,736,22195,5,17,0,22217,A
2-PB1,737,1,21992,0,12,22005,T
2-PB1,738,7,5,22035,0,22047,G
2-PB1,739,5,7,1,21938,21951,C
2-PB1,740,22274,2,11,1,22288,A
2-PB1,741,22619,0,13,1,22633,A
2-PB1,742,22852,0,1,0,22853,A
2-PB1,743,1,22773,1,7,22782,T
2-PB1,744,0,22786,0,7,22793,T
2-PB1,745,22581,3,9,0,22593,A
2-PB1,746,3,27,22556,1,22587,G
2-PB1,747,22414,4,30,1,22449,A
2-PB1,748,8,46,22551,0,22605,G
2-PB1,749,5,26,22160,0,22191,G
2-PB1,750,4,2,22708,1,22715,G
2-PB1,751,1,22545,2,26,22574,T
2-PB1,752,3,22544,0,25,22572,T
2-PB1,753,77,6,0,22542,22625,C
2-PB1,754,9,2,22902,0,22913,G
2-PB1,755,1,22832,2,41,22876,T
2-PB1,756,6,2,22922,0,22930,G
2-PB1,757,3,22806,0,16,22825,T
2-PB1,758,22636,3,3,0,22642,A
2-PB1,759,4,6,0,22573,22583,C
2-PB1,760,2,21054,3,25,21084,T
2-PB1,761,2,21154,1,3,21160,T
2-PB1,762,32,6,3,21008,21049,C
2-PB1,763,8,3,20804,2,20817,G
2-PB1,764,1,20789,0,8,20798,T
2-PB1,765,3,20699,1,27,20730,T
2-PB1,766,3,41,20663,0,20707,G
2-PB1,767,20691,0,6,0,20697,A
2-PB1,768,20663,0,17,2,20682,A
2-PB1,769,20846,0,19,2,20867,A
2-PB1,770,2,3,1,20953,20959,C
2-PB1,771,0,20718,3,18,20739,T
2-PB1,772,2,20605,0,3,20610,T
2-PB1,773,1,20625,0,8,20634,T
2-PB1,774,21016,0,21,1,21038,A
2-PB1,775,4,2,21122,0,21128,G
2-PB1,776,2,4,0,21153,21159,C
2-PB1,777,2,21120,4,15,21141,T
2-PB1,778,20838,1,13,0,20852,A
2-PB1,779,1,12,20775,2,20790,G
2-PB1,780,20786,2,11,1,20800,A
2-PB1,781,20759,0,22,2,20783,A
2-PB1,782,3,8,20831,1,20843,G
2-PB1,783,2,6,0,20383,20391,C
2-PB1,784,20320,1,5,1,20327,A
2-PB1,785,0,20230,1,3,20234,T
2-PB1,786,6,20213,2,10,20231,T
2-PB1,787,1,20215,0,3,20219,T
2-PB1,788,187,4,20058,1,20250,G
2-PB1,789,7,10,0,20198,20215,C
2-PB1,790,12,25,20203,0,20240,G
2-PB1,791,20175,2,10,0,20187,A
2-PB1,792,20088,0,2,0,20090,A
2-PB1,793,20123,3,6,1,20133,A
2-PB1,794,20705,0,11,0,20716,A
2-PB1,795,0,4,20958,0,20962,G
2-PB1,796,2,4,0,20984,20990,C
2-PB1,797,1,20956,0,28,20985,T
2-PB1,798,0,20957,0,8,20965,T
2-PB1,799,3,65,20930,2,21000,G
2-PB1,800,20980,5,20,0,21005,A
2-PB1,801,20985,3,24,0,21012,A
2-PB1,802,2,3,0,21087,21092,C
2-PB1,803,20136,0,33,1,20170,A
2-PB1,804,3,1,21993,0,21997,G
2-PB1,805,2,21723,0,24,21749,T
2-PB1,806,54,4,0,21734,21792,C
2-PB1,807,3,21768,1,23,21795,T
2-PB1,808,8,32,21815,0,21855,G
2-PB1,809,2,48,21827,0,21877,G
2-PB1,810,21885,0,20,2,21907,A
2-PB1,811,2,2,0,21970,21974,C
2-PB1,812,0,20965,1,24,20990,T
2-PB1,813,1,19396,0,7,19404,T
2-PB1,814,19,6,0,19345,19370,C
2-PB1,815,16,20,0,19323,19359,C
2-PB1,816,16,21,19461,0,19498,G
2-PB1,817,5,2,19566,0,19573,G
2-PB1,818,0,19405,0,11,19416,T
2-PB1,819,0,19392,0,6,19398,T
2-PB1,820,2,31,19237,2,19272,G
2-PB1,821,4,32,19374,0,19410,G
2-PB1,822,2,46,19546,2,19596,G
2-PB1,823,4,19,19556,1,19580,G
2-PB1,824,4,5,19629,0,19638,G
2-PB1,825,0,19354,0,8,19362,T
2-PB1,826,19309,0,7,0,19316,A
2-PB1,827,19455,0,5,0,19460,A
2-PB1,828,1,19468,0,11,19480,T
2-PB1,829,0,29,19496,0,19525,G
2-PB1,830,19233,0,9,0,19242,A
2-PB1,831,18992,1,21,2,19016,A
2-PB1,832,19007,2,13,2,19024,A
2-PB1,833,18937,2,25,0,18964,A
2-PB1,834,0,13,18950,0,18963,G
2-PB1,835,18731,3,16,0,18750,A
2-PB1,836,18553,1,23,1,18578,A
2-PB1,837,2,18,18668,0,18688,G
2-PB1,838,9,9,18605,0,18623,G
2-PB1,839,2,6,1,18581,18590,C
2-PB1,840,27,3,0,18506,18536,C
2-PB1,841,18551,1,7,0,18559,A
2-PB1,842,18550,0,5,0,18555,A
2-PB1,843,18545,3,14,2,18564,A
2-PB1,844,1,2,0,18609,18612,C
2-PB1,845,4,18522,6,15,18547,T
2-PB1,846,11,21,18830,0,18862,G
2-PB1,847,16,5,18819,0,18840,G
2-PB1,848,2,3,2,18847,18854,C
2-PB1,849,18905,1,4,1,18911,A
2-PB1,850,18875,1,5,1,18882,A
2-PB1,851,18881,0,5,0,18886,A
2-PB1,852,1,18885,0,6,18892,T
2-PB1,853,4,2,18923,1,18930,G
2-PB1,854,2,18772,1,21,18796,T
2-PB1,855,1,18185,2,10,18198,T
2-PB1,856,4,0,18228,0,18232,G
2-PB1,857,4,18113,4,32,18153,T
2-PB1,858,5,28,18184,0,18217,G
2-PB1,859,18181,4,15,1,18201,A
2-PB1,860,1,21,18221,1,18244,G
2-PB1,861,18220,4,17,1,18242,A
2-PB1,862,18087,1,4,0,18092,A
2-PB1,863,18084,1,6,1,18092,A
2-PB1,864,18151,1,7,0,18159,A
2-PB1,865,18215,2,18,1,18236,A
2-PB1,866,1,18171,0,1,18173,T
2-PB1,867,3,23,18136,1,18163,G
2-PB1,868,18114,2,18,1,18135,A
2-PB1,869,5,17868,0,11,17884,T
2-PB1,870,3,51,18044,1,18099,G
2-PB1,871,18035,1,25,1,18062,A
2-PB1,872,4,2,0,18329,18335,C
2-PB1,873,0,18233,2,10,18245,T
2-PB1,874,18147,1,4,0,18152,A
2-PB1,875,18377,0,2,0,18379,A
2-PB1,876,0,18353,2,2,18357,T
2-PB1,877,0,18494,1,16,18511,T
2-PB1,878,50,4,0,18601,18655,C
2-PB1,879,18482,2,9,2,18495,A
2-PB1,880,0,4,0,18517,18521,C
2-PB1,881,18156,0,19,0,18175,A
2-PB1,882,18172,1,24,0,18197,A
2-PB1,883,1,26,18182,0,18209,G
2-PB1,884,18424,3,38,0,18465,A
2-PB1,885,1,9,0,18418,18428,C
2-PB1,886,18244,2,19,1,18266,A
2-PB1,887,5,1,0,18241,18247,C
2-PB1,888,17989,1,8,1,17999,A
2-PB1,889,6,29,18097,0,18132,G
2-PB1,890,18009,0,30,0,18039,A
2-PB1,891,3,2,18114,2,18121,G
2-PB1,892,5,7,1,17955,17968,C
2-PB1,893,1,17331,1,39,17372,T
2-PB1,894,4,17624,0,7,17635,T
2-PB1,895,0,17596,0,10,17606,T
2-PB1,896,19,0,0,17655,17674,C
2-PB1,897,2,17586,1,44,17633,T
2-PB1,898,1,17453,2,11,17467,T
2-PB1,899,3,17425,2,26,17456,T
2-PB1,900,20,1,0,17407,17428,C
2-PB1,901,17335,1,24,2,17362,A
2-PB1,902,0,1,0,17467,17468,C
2-PB1,903,17201,1,4,0,17206,A
2-PB1,904,17276,2,4,1,17283,A
2-PB1,905,3,17391,2,18,17414,T
2-PB1,906,32,8,0,17567,17607,C
2-PB1,907,17727,0,9,1,17737,A
2-PB1,908,1,1,0,17871,17873,C
2-PB1,909,2,17699,3,10,17714,T
2-PB1,910,6,24,17849,1,17880,G
2-PB1,911,4,22,17727,3,17756,G
2-PB1,912,10,19,18175,4,18208,G
2-PB1,913,4,25,18164,1,18194,G
2-PB1,914,17758,1,29,1,17789,A
2-PB1,915,7,7,1,16959,16974,C
2-PB1,916,17142,1,12,4,17159,A
2-PB1,917,18219,1,26,2,18248,A
2-PB1,918,4,1,0,18397,18402,C
2-PB1,919,18280,3,13,1,18297,A
2-PB1,920,1,3,1,18297,18302,C
2-PB1,921,1,17166,0,14,17181,T
2-PB1,922,17239,0,12,0,17251,A
2-PB1,923,17208,4,18,2,17232,A
2-PB1,924,1,1,17364,0,17366,G
2-PB1,925,1,17125,1,63,17190,T
2-PB1,926,5,13,15638,3,15659,G
2-PB1,927,2,19,15454,0,15475,G
2-PB1,928,15383,2,9,0,15394,A
2-PB1,929,15410,3,12,2,15427,A
2-PB1,930,0,15371,0,21,15392,T
2-PB1,931,2,22,15325,0,15349,G
2-PB1,932,15336,2,5,2,15345,A
2-PB1,933,14992,2,3,1,14998,A
2-PB1,934,15097,1,9,1,15108,A
2-PB1,935,15190,1,4,0,15195,A
2-PB1,936,0,15082,2,3,15087,T
2-PB1,937,57,2,0,15076,15135,C
2-PB1,938,15105,2,6,1,15114,A
2-PB1,939,15107,0,13,0,15120,A
2-PB1,940,15070,0,10,1,15081,A
2-PB1,941,15039,3,13,2,15057,A
2-PB1,942,4,2,0,15123,15129,C
2-PB1,943,16,4,0,14905,14925,C
2-PB1,944,41,2,1,14768,14812,C
2-PB1,945,1,14722,1,26,14750,T
2-PB1,946,31,7,0,14768,14806,C
2-PB1,947,3,13,14792,0,14808,G
2-PB1,948,14796,1,12,4,14813,A
2-PB1,949,14790,1,3,0,14794,A
2-PB1,950,1,14795,0,6,14802,T
2-PB1,951,1,0,14809,0,14810,G
2-PB1,952,1,14604,2,25,14632,T
2-PB1,953,2,14528,1,16,14547,T
2-PB1,954,1,14578,0,12,14591,T
2-PB1,955,2,14548,1,0,14551,T
2-PB1,956,1,14552,0,2,14555,T
2-PB1,957,2,17,14525,1,14545,G
2-PB1,958,2,1,14509,0,14512,G
2-PB1,959,3,3,0,14456,14462,C
2-PB1,960,5,10,14265,0,14280,G
2-PB1,961,14237,0,5,0,14242,A
2-PB1,962,1,14544,0,4,14549,T
2-PB1,963,0,19,14887,0,14906,G
2-PB1,964,15417,0,4,1,15422,A
2-PB1,965,0,15442,0,9,15451,T
2-PB1,966,0,15437,0,3,15440,T
2-PB1,967,15498,1,8,0,15507,A
2-PB1,968,1,6,0,15512,15519,C
2-PB1,969,15509,2,17,0,15528,A
2-PB1,970,0,15470,0,4,15474,T
2-PB1,971,14079,2,7,1,14089,A
2-PB1,972,2,1,0,14012,14015,C
2-PB1,973,11886,1,3,0,11890,A
2-PB1,974,1,11798,0,11,11810,T
2-PB1,975,18,3,0,11741,11762,C
2-PB1,976,11630,0,3,0,11633,A
2-PB1,977,1,3,0,11605,11609,C
2-PB1,978,11458,0,3,0,11461,A
2-PB1,979,11468,1,0,0,11469,A
2-PB1,980,11426,0,6,0,11432,A
2-PB1,981,1,8,10832,0,10841,G
2-PB1,982,11064,1,8,1,11074,A
2-PB1,983,11078,1,12,1,11092,A
2-PB1,984,1,11044,7,8,11060,T
2-PB1,985,32,2,0,10993,11027,C
2-PB1,986,10916,1,22,0,10939,A
2-PB1,987,10952,2,6,1,10961,A
2-PB1,988,0,3,0,10975,10978,C
2-PB1,989,9,1,1,10975,10986,C
2-PB1,990,1,9784,0,3,9788,T
2-PB1,991,5,9,9840,0,9854,G
2-PB1,992,9762,1,6,1,9770,A
2-PB1,993,0,0,9797,0,9797,G
2-PB1,994,0,9638,0,21,9659,T
2-PB1,995,5,7,9266,0,9278,G
2-PB1,996,4,3,9480,0,9487,G
2-PB1,997,2,9241,0,70,9313,T
2-PB1,998,1,9280,0,21,9302,T
2-PB1,999,26,1,0,9316,9343,C
2-PB1,1000,8991,1,8,1,9001,A
2-PB1,1001,0,3,9107,0,9110,G
2-PB1,1002,9077,1,8,1,9087,A
2-PB1,1003,9067,1,8,0,9076,A
2-PB1,1004,8930,2,9,1,8942,A
2-PB1,1005,1,1,0,6844,6846,C
2-PB1,1006,6620,1,2,0,6623,A
2-PB1,1007,0,6577,0,8,6585,T
2-PB1,1008,4,1,0,6636,6641,C
2-PB1,1009,0,1,0,6635,6636,C
2-PB1,1010,0,5652,0,25,5677,T
2-PB1,1011,3,10,5674,0,5687,G
2-PB1,1012,5550,0,10,0,5560,A
2-PB1,1013,0,1,5615,0,5616,G
2-PB1,1014,0,2,0,5322,5324,C
2-PB1,1015,4844,1,2,0,4847,A
2-PB1,1016,0,4841,0,6,4847,T
2-PB1,1017,4,5,0,4802,4811,C
2-PB1,1018,2,1,4816,0,4819,G
2-PB1,1019,0,1,0,4995,4996,C
2-PB1,1020,5018,2,1,0,5021,A
2-PB1,1021,0,5,0,5189,5194,C
2-PB1,1022,6,0,0,5181,5187,C
2-PB1,1023,5197,0,2,0,5199,A
2-PB1,1024,5288,2,3,0,5293,A
2-PB1,1025,0,5294,0,2,5296,T
2-PB1,1026,5277,1,1,0,5279,A
2-PB1,1027,5275,0,3,0,5278,A
2-PB1,1028,0,5094,0,0,5094,T
2-PB1,1029,1,2,5100,0,5103,G
2-PB1,1030,0,4953,0,3,4956,T
2-PB1,1031,1,4908,0,6,4915,T
2-PB1,1032,4,1,0,4938,4943,C
2-PB1,1033,1,4906,0,2,4909,T
2-PB1,1034,3,1,0,4907,4911,C
2-PB1,1035,4915,1,3,0,4919,A
2-PB1,1036,4918,0,4,0,4922,A
2-PB1,1037,4915,0,4,0,4919,A
2-PB1,1038,0,5,0,4929,4934,C
2-PB1,1039,4914,0,1,0,4915,A
2-PB1,1040,4912,0,2,0,4914,A
2-PB1,1041,4877,0,3,0,4880,A
2-PB1,1042,4856,1,33,0,4890,A
2-PB1,1043,0,4903,0,4,4907,T
2-PB1,1044,1,4,4897,0,4902,G
2-PB1,1045,1,2,4900,0,4903,G
2-PB1,1046,1,1,0,4900,4902,C
2-PB1,1047,4890,0,7,0,4897,A
2-PB1,1048,4891,0,3,3,4897,A
2-PB1,1049,0,1,4907,1,4909,G
2-PB1,1050,4882,1,4,1,4888,A
2-PB1,1051,0,4834,1,1,4836,T
2-PB1,1052,1,4931,0,2,4934,T
2-PB1,1053,0,1,4961,0,4962,G
2-PB1,1054,1,7,4941,0,4949,G
2-PB1,1055,1,4,4976,0,4981,G
2-PB1,1056,4990,1,1,0,4992,A
2-PB1,1057,4975,0,1,0,4976,A
2-PB1,1058,4935,0,7,0,4942,A
2-PB1,1059,4894,0,5,0,4899,A
2-PB1,1060,2,6,5098,0,5106,G
2-PB1,1061,1,3,5108,0,5112,G
2-PB1,1062,5099,0,5,0,5104,A
2-PB1,1063,0,5090,0,1,5091,T
2-PB1,1064,5089,0,1,0,5090,A
2-PB1,1065,1,3,1,5092,5097,C
2-PB1,1066,5142,0,3,0,5145,A
2-PB1,1067,0,5124,0,3,5127,T
2-PB1,1068,0,0,5169,0,5169,G
2-PB1,1069,0,5017,1,9,5027,T
2-PB1,1070,1,5016,0,13,5030,T
2-PB1,1071,13,0,1,5014,5028,C
2-PB1,1072,0,6,5021,0,5027,G
2-PB1,1073,5016,2,5,0,5023,A
2-PB1,1074,0,9,5143,0,5152,G
2-PB1,1075,5081,0,10,0,5091,A
2-PB1,1076,2,0,5152,0,5154,G
2-PB1,1077,0,5098,0,3,5101,T
2-PB1,1078,5091,0,1,0,5092,A
2-PB1,1079,5092,0,11,0,5103,A
2-PB1,1080,1,7,5110,0,5118,G
2-PB1,1081,5105,1,7,0,5113,A
2-PB1,1082,1,2,5193,0,5196,G
2-PB1,1083,5039,0,6,1,5046,A
2-PB1,1084,5095,1,2,0,5098,A
2-PB1,1085,0,5036,0,2,5038,T
2-PB1,1086,2,2,5023,0,5027,G
2-PB1,1087,5018,0,8,1,5027,A
2-PB1,1088,4981,0,18,0,4999,A
2-PB1,1089,1,0,4998,0,4999,G
2-PB1,1090,0,1,0,4987,4988,C
2-PB1,1091,0,4911,0,2,4913,T
2-PB1,1092,6,1,0,4934,4941,C
2-PB1,1093,3,2,0,4932,4937,C
2-PB1,1094,2,5,4952,0,4959,G
2-PB1,1095,0,5,4956,0,4961,G
2-PB1,1096,4972,0,8,0,4980,A
2-PB1,1097,1,1,0,5066,5068,C
2-PB1,1098,5076,0,3,0,5079,A
2-PB1,1099,0,0,0,5135,5135,C
2-PB1,1100,5132,2,9,0,5143,A
2-PB1,1101,5137,0,6,0,5143,A
2-PB1,1102,5140,0,5,0,5145,A
2-PB1,1103,0,5135,1,0,5136,T
2-PB1,1104,5154,0,2,0,5156,A
2-PB1,1105,0,2,0,5154,5156,C
2-PB1,1106,5,1,0,5105,5111,C
2-PB1,1107,3,5018,1,5,5027,T
2-PB1,1108,5,0,5056,0,5061,G
2-PB1,1109,1,2,0,5080,5083,C
2-PB1,1110,5080,0,2,0,5082,A
2-PB1,1111,0,1,5080,0,5081,G
2-PB1,1112,5066,0,1,0,5067,A
2-PB1,1113,5067,0,1,0,5068,A
2-PB1,1114,5067,2,1,0,5070,A
2-PB1,1115,0,5065,0,0,5065,T
2-PB1,1116,0,0,5091,0,5091,G
2-PB1,1117,1,1,0,5062,5064,C
2-PB1,1118,0,5066,0,6,5072,T
2-PB1,1119,5141,1,1,1,5144,A
2-PB1,1120,3,0,5127,0,5130,G
2-PB1,1121,1,0,0,5110,5111,C
2-PB1,1122,5134,0,1,0,5135,A
2-PB1,1123,5124,1,2,0,5127,A
2-PB1,1124,0,1,5087,0,5088,G
2-PB1,1125,0,1,0,5085,5086,C
2-PB1,1126,5014,0,3,1,5018,A
2-PB1,1127,1,5112,0,5,5118,T
2-PB1,1128,1,5132,0,3,5136,T
2-PB1,1129,1,6,5308,1,5316,G
2-PB1,1130,5346,1,18,0,5365,A
2-PB1,1131,1,1,0,5340,5342,C
2-PB1,1132,4,1,0,5368,5373,C
2-PB1,1133,1,5220,0,24,5245,T
2-PB1,1134,0,4,5349,0,5353,G
2-PB1,1135,5370,0,4,0,5374,A
2-PB1,1136,5377,0,3,0,5380,A
2-PB1,1137,0,0,5456,0,5456,G
2-PB1,1138,1,5222,0,1,5224,T
2-PB1,1139,5256,0,1,0,5257,A
2-PB1,1140,1,5230,1,4,5236,T
2-PB1,1141,0,5229,0,1,5230,T
2-PB1,1142,1,5216,0,4,5221,T
2-PB1,1143,4,4,0,5161,5169,C
2-PB1,1144,5167,0,3,0,5170,A
2-PB1,1145,5181,0,1,0,5182,A
2-PB1,1146,2,5090,1,0,5093,T
2-PB1,1147,1,9,5101,0,5111,G
2-PB1,1148,5065,0,2,0,5067,A
2-PB1,1149,5089,1,2,0,5092,A
2-PB1,1150,0,5048,0,5,5053,T
2-PB1,1151,8,5,0,5088,5101,C
2-PB1,1152,5092,0,8,0,5100,A
2-PB1,1153,5113,0,2,0,5115,A
2-PB1,1154,1,0,0,5104,5105,C
2-PB1,1155,5104,0,3,0,5107,A
2-PB1,1156,5089,0,5,1,5095,A
2-PB1,1157,1,3,5078,1,5083,G
2-PB1,1158,0,1,5100,0,5101,G
2-PB1,1159,5090,0,1,0,5091,A
2-PB1,1160,5081,1,7,0,5089,A
2-PB1,1161,3,1,5087,1,5092,G
2-PB1,1162,5072,0,2,0,5074,A
2-PB1,1163,5071,0,3,0,5074,A
2-PB1,1164,5058,0,3,0,5061,A
2-PB1,1165,5068,0,6,0,5074,A
2-PB1,1166,1,5056,0,1,5058,T
2-PB1,1167,0,5024,0,1,5025,T
2-PB1,1168,0,6,5019,0,5025,G
2-PB1,1169,5026,0,4,0,5030,A
2-PB1,1170,5025,0,7,1,5033,A
2-PB1,1171,5042,1,2,0,5045,A
2-PB1,1172,5092,0,1,0,5093,A
2-PB1,1173,5161,0,0,0,5161,A
2-PB1,1174,5162,0,2,0,5164,A
2-PB1,1175,0,5146,0,0,5146,T
2-PB1,1176,5154,0,4,0,5158,A
2-PB1,1177,5152,2,5,0,5159,A
2-PB1,1178,2,2,5176,0,5180,G
2-PB1,1179,1,2,5182,0,5185,G
2-PB1,1180,0,1,0,5150,5151,C
2-PB1,1181,4,1,0,5128,5133,C
2-PB1,1182,0,5094,0,4,5098,T
2-PB1,1183,4,0,0,5733,5737,C
2-PB1,1184,1,5804,1,9,5815,T
2-PB1,1185,1,5823,0,2,5826,T
2-PB1,1186,3,0,0,5951,5954,C
2-PB1,1187,0,5926,0,3,5929,T
2-PB1,1188,5941,0,5,0,5946,A
2-PB1,1189,5950,0,2,1,5953,A
2-PB1,1190,0,5952,1,0,5953,T
2-PB1,1191,5989,0,3,0,5992,A
2-PB1,1192,0,1,5841,0,5842,G
2-PB1,1193,5381,0,3,0,5384,A
2-PB1,1194,0,5380,0,4,5384,T
2-PB1,1195,1,7,5301,0,5309,G
2-PB1,1196,4,0,5381,0,5385,G
2-PB1,1197,2,1,0,5382,5385,C
2-PB1,1198,5389,0,5,0,5394,A
2-PB1,1199,2,2,0,5410,5414,C
2-PB1,1200,5282,0,44,0,5326,A
2-PB1,1201,2,1,5547,0,5550,G
2-PB1,1202,1,43,0,5499,5543,C
2-PB1,1203,5544,1,2,0,5547,A
2-PB1,1204,0,5674,0,3,5677,T
2-PB1,1205,7,2,0,5609,5618,C
2-PB1,1206,5665,0,0,0,5665,A
2-PB1,1207,1,5604,0,40,5645,T
2-PB1,1208,0,5620,0,1,5621,T
2-PB1,1209,0,6,5621,0,5627,G
2-PB1,1210,5434,0,3,0,5437,A
2-PB1,1211,1,0,5595,1,5597,G
2-PB1,1212,0,6,1,5568,5575,C
2-PB1,1213,2,1,0,5503,5506,C
2-PB1,1214,4,2,0,5592,5598,C
2-PB1,1215,3,5531,0,11,5545,T
2-PB1,1216,1,2,6037,0,6040,G
2-PB1,1217,0,7,6236,0,6243,G
2-PB1,1218,6192,0,36,0,6228,A
2-PB1,1219,6586,0,1,0,6587,A
2-PB1,1220,0,6387,0,8,6395,T
2-PB1,1221,0,7,6726,0,6733,G
2-PB1,1222,6861,1,5,1,6868,A
2-PB1,1223,0,6952,1,4,6957,T
2-PB1,1224,0,11,6981,0,6992,G
2-PB1,1225,6913,0,8,1,6922,A
2-PB1,1226,0,6838,0,3,6841,T
2-PB1,1227,1,13,6869,1,6884,G
2-PB1,1228,0,6,7076,0,7082,G
2-PB1,1229,1,0,7088,0,7089,G
2-PB1,1230,1,1,0,7029,7031,C
2-PB1,1231,7056,0,8,1,7065,A
2-PB1,1232,1,7093,0,9,7103,T
2-PB1,1233,1,3,7468,0,7472,G
2-PB1,1234,1,7468,0,15,7484,T
2-PB1,1235,1,7542,0,4,7547,T
2-PB1,1236,22,3,1,7552,7578,C
2-PB1,1237,7523,0,3,0,7526,A
2-PB1,1238,7542,0,10,1,7553,A
2-PB1,1239,1,0,0,7555,7556,C
2-PB1,1240,7618,0,4,1,7623,A
2-PB1,1241,0,7630,0,6,7636,T
2-PB1,1242,0,1,7828,0,7829,G
2-PB1,1243,0,2,0,7830,7832,C
2-PB1,1244,0,7845,0,5,7850,T
2-PB1,1245,7977,0,4,0,7981,A
2-PB1,1246,7966,1,4,0,7971,A
2-PB1,1247,0,0,8252,0,8252,G
2-PB1,1248,1,8247,0,4,8252,T
2-PB1,1249,8209,1,10,1,8221,A
2-PB1,1250,0,6,1,8283,8290,C
2-PB1,1251,43,5,8295,0,8343,G
2-PB1,1252,0,0,9062,0,9062,G
2-PB1,1253,1,9022,1,9,9033,T
2-PB1,1254,0,9012,1,0,9013,T
2-PB1,1255,0,9011,0,5,9016,T
2-PB1,1256,0,8948,1,2,8951,T
2-PB1,1257,8957,3,9,0,8969,A
2-PB1,1258,2,5,8944,0,8951,G
2-PB1,1259,1,9,8926,0,8936,G
2-PB1,1260,8712,0,20,3,8735,A
2-PB1,1261,2,0,8725,0,8727,G
2-PB1,1262,0,8694,1,15,8710,T
2-PB1,1263,13,0,0,8703,8716,C
2-PB1,1264,0,8683,1,16,8700,T
2-PB1,1265,9,4,0,8698,8711,C
2-PB1,1266,3,18,8695,0,8716,G
2-PB1,1267,8678,0,3,0,8681,A
2-PB1,1268,1,8674,0,11,8686,T
2-PB1,1269,15,11,0,8588,8614,C
2-PB1,1270,7,0,0,9077,9084,C
2-PB1,1271,1,9081,0,17,9099,T
2-PB1,1272,1,12,9113,0,9126,G
2-PB1,1273,9119,0,7,0,9126,A
2-PB1,1274,9321,0,4,0,9325,A
2-PB1,1275,0,9311,0,9,9320,T
2-PB1,1276,18,0,1,9081,9100,C
2-PB1,1277,0,9029,1,9,9039,T
2-PB1,1278,1,9018,0,5,9024,T
2-PB1,1279,0,12,9035,0,9047,G
2-PB1,1280,2,14,9037,0,9053,G
2-PB1,1281,9011,1,22,0,9034,A
2-PB1,1282,1,5,0,9068,9074,C
2-PB1,1283,8941,1,1,1,8944,A
2-PB1,1284,9043,0,1,0,9044,A
2-PB1,1285,9071,0,3,0,9074,A
2-PB1,1286,9091,3,15,0,9109,A
2-PB1,1287,1,8,9344,1,9354,G
2-PB1,1288,9364,0,19,0,9383,A
2-PB1,1289,9376,1,6,1,9384,A
2-PB1,1290,9383,1,14,0,9398,A
2-PB1,1291,0,9376,0,1,9377,T
2-PB1,1292,9388,2,8,1,9399,A
2-PB1,1293,1,2,1,9811,9815,C
2-PB1,1294,9714,1,16,1,9732,A
2-PB1,1295,1,4,0,9784,9789,C
2-PB1,1296,13,2,1,9647,9663,C
2-PB1,1297,9612,0,4,0,9616,A
2-PB1,1298,9752,1,9,1,9763,A
2-PB1,1299,39,21,10088,0,10148,G
2-PB1,1300,10251,5,18,0,10274,A
2-PB1,1301,0,3,0,10387,10390,C
2-PB1,1302,10102,1,9,0,10112,A
2-PB1,1303,10424,1,10,0,10435,A
2-PB1,1304,0,4,0,10461,10465,C
2-PB1,1305,10664,0,9,0,10673,A
2-PB1,1306,0,10734,0,3,10737,T
2-PB1,1307,10576,1,8,2,10587,A
2-PB1,1308,1,0,0,10732,10733,C
2-PB1,1309,1,10388,0,7,10396,T
2-PB1,1310,0,17,10543,0,10560,G
2-PB1,1311,7,2,10572,1,10582,G
2-PB1,1312,2,10314,1,2,10319,T
2-PB1,1313,3,21,10355,0,10379,G
2-PB1,1314,1,12,10273,0,10286,G
2-PB1,1315,1,7,10333,0,10341,G
2-PB1,1316,10329,1,14,1,10345,A
2-PB1,1317,1,10256,0,6,10263,T
2-PB1,1318,4,17,10213,1,10235,G
2-PB1,1319,5,13,10126,0,10144,G
2-PB1,1320,10001,2,26,0,10029,A
2-PB1,1321,1,2,0,10485,10488,C
2-PB1,1322,2,10472,0,11,10485,T
2-PB1,1323,18,1,2,10612,10633,C
2-PB1,1324,7,1,0,10570,10578,C
2-PB1,1325,10569,0,11,1,10581,A
2-PB1,1326,10565,1,13,1,10580,A
2-PB1,1327,4,10518,1,4,10527,T
2-PB1,1328,6,0,4,10486,10496,C
2-PB1,1329,12,1,0,10462,10475,C
2-PB1,1330,0,10377,0,9,10386,T
2-PB1,1331,10,1,2,10381,10394,C
2-PB1,1332,8,3,1,10327,10339,C
2-PB1,1333,3,8,10325,0,10336,G
2-PB1,1334,10311,0,3,0,10314,A
2-PB1,1335,0,10264,0,13,10277,T
2-PB1,1336,2,19,10367,0,10388,G
2-PB1,1337,10471,1,6,1,10479,A
2-PB1,1338,1,10474,0,2,10477,T
2-PB1,1339,0,10444,0,3,10447,T
2-PB1,1340,0,10436,3,14,10453,T
2-PB1,1341,0,10451,0,5,10456,T
2-PB1,1342,1,3,10483,0,10487,G
2-PB1,1343,4,9,0,10596,10609,C
2-PB1,1344,15,4,1,10563,10583,C
2-PB1,1345,15,1,1,10975,10992,C
2-PB1,1346,2,10859,0,34,10895,T
2-PB1,1347,12,3,1,11352,11368,C
2-PB1,1348,11452,1,3,0,11456,A
2-PB1,1349,0,11491,0,3,11494,T
2-PB1,1350,11488,0,13,0,11501,A
2-PB1,1351,5,1,11634,0,11640,G
2-PB1,1352,4,11460,0,3,11467,T
2-PB1,1353,1,20,11547,0,11568,G
2-PB1,1354,11195,1,7,0,11203,A
2-PB1,1355,11195,0,11,0,11206,A
2-PB1,1356,1,10687,0,7,10695,T
2-PB1,1357,2,1,10705,0,10708,G
2-PB1,1358,0,4,0,10818,10822,C
2-PB1,1359,10823,1,11,0,10835,A
2-PB1,1360,1,5,1,10850,10857,C
2-PB1,1361,16,0,0,10750,10766,C
2-PB1,1362,10694,1,2,0,10697,A
2-PB1,1363,10682,1,2,0,10685,A
2-PB1,1364,10640,0,29,0,10669,A
2-PB1,1365,1,10376,0,7,10384,T
2-PB1,1366,31,3,0,10729,10763,C
2-PB1,1367,10756,0,8,0,10764,A
2-PB1,1368,0,10764,1,8,10773,T
2-PB1,1369,0,7,10806,0,10813,G
2-PB1,1370,10870,3,22,0,10895,A
2-PB1,1371,100,25,10858,0,10983,G
2-PB1,1372,1,9,10936,1,10947,G
2-PB1,1373,3,11,10998,0,11012,G
2-PB1,1374,10793,2,142,0,10937,A
2-PB1,1375,11076,2,19,0,11097,A
2-PB1,1376,0,11115,0,1,11116,T
2-PB1,1377,11127,1,10,0,11138,A
2-PB1,1378,1,3,1,11148,11153,C
2-PB1,1379,11155,1,14,0,11170,A
2-PB1,1380,11118,4,22,1,11145,A
2-PB1,1381,2,3,11086,0,11091,G
2-PB1,1382,2,3,0,11020,11025,C
2-PB1,1383,10918,2,8,0,10928,A
2-PB1,1384,3,2,11164,1,11170,G
2-PB1,1385,3,16,11176,0,11195,G
2-PB1,1386,11212,2,11,1,11226,A
2-PB1,1387,2,6,11293,0,11301,G
2-PB1,1388,1,11100,0,7,11108,T
2-PB1,1389,1,11,11264,0,11276,G
2-PB1,1390,359,10,10955,0,11324,G
2-PB1,1391,11291,1,20,0,11312,A
2-PB1,1392,1,11324,0,2,11327,T
2-PB1,1393,11068,0,5,0,11073,A
2-PB1,1394,3,12,11181,0,11196,G
2-PB1,1395,11230,1,11,0,11242,A
2-PB1,1396,2,11207,2,5,11216,T
2-PB1,1397,0,11153,0,6,11159,T
2-PB1,1398,12,2,0,11609,11623,C
2-PB1,1399,1,11553,0,7,11561,T
2-PB1,1400,11561,1,3,0,11565,A
2-PB1,1401,1,4,0,11559,11564,C
2-PB1,1402,11339,1,9,0,11349,A
2-PB1,1403,0,14,11348,0,11362,G
2-PB1,1404,1,25,11156,0,11182,G
2-PB1,1405,11295,0,15,0,11310,A
2-PB1,1406,0,1,0,11275,11276,C
2-PB1,1407,17,3,0,10924,10944,C
2-PB1,1408,3,10834,2,25,10864,T
2-PB1,1409,21,1,10890,1,10913,G
2-PB1,1410,2,1,0,10905,10908,C
2-PB1,1411,10898,0,15,0,10913,A
2-PB1,1412,10993,2,13,0,11008,A
2-PB1,1413,0,1,11047,1,11049,G
2-PB1,1414,0,10851,0,6,10857,T
2-PB1,1415,0,10862,0,2,10864,T
2-PB1,1416,10689,0,14,1,10704,A
2-PB1,1417,4,1,10755,0,10760,G
2-PB1,1418,1,10684,0,13,10698,T
2-PB1,1419,2,14,10678,0,10694,G
2-PB1,1420,1,10,10690,1,10702,G
2-PB1,1421,4,20,10741,1,10766,G
2-PB1,1422,10699,2,12,1,10714,A
2-PB1,1423,10748,1,4,0,10753,A
2-PB1,1424,3,10727,0,10,10740,T
2-PB1,1425,22,1,0,10740,10763,C
2-PB1,1426,10736,2,8,0,10746,A
2-PB1,1427,10765,7,7,0,10779,A
2-PB1,1428,1,0,0,10748,10749,C
2-PB1,1429,10726,1,12,0,10739,A
2-PB1,1430,0,10450,0,3,10453,T
2-PB1,1431,3,30,10462,1,10496,G
2-PB1,1432,10488,0,16,0,10504,A
2-PB1,1433,1,1,10608,0,10610,G
2-PB1,1434,1,2,0,10539,10542,C
2-PB1,1435,10519,1,4,0,10524,A
2-PB1,1436,10543,2,5,0,10550,A
2-PB1,1437,10551,0,6,1,10558,A
2-PB1,1438,10646,0,12,1,10659,A
2-PB1,1439,10658,1,11,0,10670,A
2-PB1,1440,0,4,10649,0,10653,G
2-PB1,1441,10527,1,7,0,10535,A
2-PB1,1442,10392,1,21,0,10414,A
2-PB1,1443,3,3,11013,0,11019,G
2-PB1,1444,0,10988,1,10,10999,T
2-PB1,1445,15,1,0,10976,10992,C
2-PB1,1446,17,2,0,10995,11014,C
2-PB1,1447,2,10901,1,10,10914,T
2-PB1,1448,11064,2,3,0,11069,A
2-PB1,1449,1,11024,1,9,11035,T
2-PB1,1450,11030,0,6,0,11036,A
2-PB1,1451,0,11021,1,2,11024,T
2-PB1,1452,10617,2,9,2,10630,A
2-PB1,1453,10637,1,4,0,10642,A
2-PB1,1454,10624,0,8,0,10632,A
2-PB1,1455,0,10616,0,3,10619,T
2-PB1,1456,10513,0,1,0,10514,A
2-PB1,1457,10478,0,9,0,10487,A
2-PB1,1458,10519,0,10,0,10529,A
2-PB1,1459,10516,2,25,3,10546,A
2-PB1,1460,2,3,0,10542,10547,C
2-PB1,1461,9956,2,7,0,9965,A
2-PB1,1462,5,14,9970,0,9989,G
2-PB1,1463,3,21,9973,0,9997,G
2-PB1,1464,1,14,9973,0,9988,G
2-PB1,1465,9951,1,12,1,9965,A
2-PB1,1466,1,3,0,10104,10108,C
2-PB1,1467,10023,0,10,0,10033,A
2-PB1,1468,0,10119,1,3,10123,T
2-PB1,1469,1,10110,0,7,10118,T
2-PB1,1470,0,10127,0,5,10132,T
2-PB1,1471,2,17,10126,0,10145,G
2-PB1,1472,10043,0,11,0,10054,A
2-PB1,1473,10076,0,7,0,10083,A
2-PB1,1474,2,10075,1,5,10083,T
2-PB1,1475,1,9819,0,5,9825,T
2-PB1,1476,29,1,0,9884,9914,C
2-PB1,1477,9793,1,8,0,9802,A
2-PB1,1478,0,3,0,9798,9801,C
2-PB1,1479,0,9807,1,4,9812,T
2-PB1,1480,9773,0,68,1,9842,A
2-PB1,1481,2,0,9857,0,9859,G
2-PB1,1482,0,2,0,9857,9859,C
2-PB1,1483,1,9794,2,17,9814,T
2-PB1,1484,0,9797,0,71,9868,T
2-PB1,1485,0,9813,2,2,9817,T
2-PB1,1486,3,9812,0,4,9819,T
2-PB1,1487,0,9813,0,4,9817,T
2-PB1,1488,0,9798,0,9,9807,T
2-PB1,1489,0,9755,0,0,9755,T
2-PB1,1490,9733,2,2,1,9738,A
2-PB1,1491,1,9687,1,3,9692,T
2-PB1,1492,13,4,0,9709,9726,C
2-PB1,1493,3,5,9826,1,9835,G
2-PB1,1494,10262,0,5,1,10268,A
2-PB1,1495,2,10257,0,6,10265,T
2-PB1,1496,10286,0,4,0,10290,A
2-PB1,1497,0,10368,0,7,10375,T
2-PB1,1498,4,12,10362,1,10379,G
2-PB1,1499,2,8,10482,0,10492,G
2-PB1,1500,10475,0,15,0,10490,A
2-PB1,1501,0,10412,0,8,10420,T
2-PB1,1502,0,10318,0,1,10319,T
2-PB1,1503,2,9944,1,3,9950,T
2-PB1,1504,1,1,9981,1,9984,G
2-PB1,1505,2,9921,0,5,9928,T
2-PB1,1506,31,4,9884,1,9920,G
2-PB1,1507,3,2,9922,0,9927,G
2-PB1,1508,5,3,1,9780,9789,C
2-PB1,1509,1,9803,0,2,9806,T
2-PB1,1510,9846,0,1,1,9848,A
2-PB1,1511,9920,1,5,0,9926,A
2-PB1,1512,1,10005,1,2,10009,T
2-PB1,1513,1,10005,0,4,10010,T
2-PB1,1514,1,10010,0,0,10011,T
2-PB1,1515,0,10019,0,2,10021,T
2-PB1,1516,10027,0,3,0,10030,A
2-PB1,1517,0,2,10138,0,10140,G
2-PB1,1518,0,5,0,10119,10124,C
2-PB1,1519,10069,2,20,1,10092,A
2-PB1,1520,2,9962,0,12,9976,T
2-PB1,1521,5,12,9832,0,9849,G
2-PB1,1522,1,18,10008,1,10028,G
2-PB1,1523,9963,0,13,2,9978,A
2-PB1,1524,3,0,10006,0,10009,G
2-PB1,1525,1,4,0,9939,9944,C
2-PB1,1526,1,9827,0,8,9836,T
2-PB1,1527,4,2,9948,0,9954,G
2-PB1,1528,3,2,0,9904,9909,C
2-PB1,1529,17,2,0,9880,9899,C
2-PB1,1530,12,3,0,9953,9968,C
2-PB1,1531,9691,0,9,0,9700,A
2-PB1,1532,1,0,10441,0,10442,G
2-PB1,1533,0,10415,3,4,10422,T
2-PB1,1534,0,10422,0,3,10425,T
2-PB1,1535,0,10437,0,4,10441,T
2-PB1,1536,0,10269,0,11,10280,T
2-PB1,1537,8,16,10241,0,10265,G
2-PB1,1538,2,16,10264,1,10283,G
2-PB1,1539,10186,0,21,0,10207,A
2-PB1,1540,1,2,10247,0,10250,G
2-PB1,1541,2,9331,0,4,9337,T
2-PB1,1542,1,0,9859,0,9860,G
2-PB1,1543,0,9833,0,8,9841,T
2-PB1,1544,20,1,0,9818,9839,C
2-PB1,1545,0,9823,3,23,9849,T
2-PB1,1546,2,9,9883,0,9894,G
2-PB1,1547,2,16,10047,1,10066,G
2-PB1,1548,10049,1,11,0,10061,A
2-PB1,1549,10079,1,13,0,10093,A
2-PB1,1550,2,10053,0,1,10056,T
2-PB1,1551,9362,0,4,0,9366,A
2-PB1,1552,9357,1,3,0,9361,A
2-PB1,1553,9344,1,9,1,9355,A
2-PB1,1554,1,4,0,9371,9376,C
2-PB1,1555,6,15,9270,0,9291,G
2-PB1,1556,9153,1,11,0,9165,A
2-PB1,1557,1,1,9168,1,9171,G
2-PB1,1558,1,9129,0,8,9138,T
2-PB1,1559,27,3,0,9181,9211,C
2-PB1,1560,9169,1,7,1,9178,A
2-PB1,1561,1,1,9344,0,9346,G
2-PB1,1562,1,2,0,9333,9336,C
2-PB1,1563,0,9306,0,18,9324,T
2-PB1,1564,0,8,9689,0,9697,G
2-PB1,1565,9632,0,8,0,9640,A
2-PB1,1566,1,9662,1,5,9669,T
2-PB1,1567,9658,0,11,3,9672,A
2-PB1,1568,1,9518,1,8,9528,T
2-PB1,1569,1,27,9554,0,9582,G
2-PB1,1570,9220,0,8,0,9228,A
2-PB1,1571,1,4,9450,0,9455,G
2-PB1,1572,3,3,1,9434,9441,C
2-PB1,1573,8924,0,2,0,8926,A
2-PB1,1574,0,8924,0,4,8928,T
2-PB1,1575,0,8900,0,6,8906,T
2-PB1,1576,3,6,9030,0,9039,G
2-PB1,1577,0,21,9353,0,9374,G
2-PB1,1578,9215,1,17,0,9233,A
2-PB1,1579,1,2,9261,0,9264,G
2-PB1,1580,1,8911,0,10,8922,T
2-PB1,1581,8913,0,3,0,8916,A
2-PB1,1582,8897,0,13,0,8910,A
2-PB1,1583,0,26,0,8948,8974,C
2-PB1,1584,8911,0,10,0,8921,A
2-PB1,1585,0,0,9141,0,9141,G
2-PB1,1586,1,8191,0,9,8201,T
2-PB1,1587,0,10,8296,0,8306,G
2-PB1,1588,8416,1,10,1,8428,A
2-PB1,1589,0,8417,0,10,8427,T
2-PB1,1590,8392,0,6,0,8398,A
2-PB1,1591,8383,1,1,0,8385,A
2-PB1,1592,8048,1,108,1,8158,A
2-PB1,1593,0,15,8267,0,8282,G
2-PB1,1594,7869,0,12,1,7882,A
2-PB1,1595,7839,1,21,0,7861,A
2-PB1,1596,1,2,0,7891,7894,C
2-PB1,1597,7530,1,7,0,7538,A
2-PB1,1598,7606,0,20,0,7626,A
2-PB1,1599,0,3,0,7643,7646,C
2-PB1,1600,7725,1,11,0,7737,A
2-PB1,1601,1,7717,18,5,7741,T
2-PB1,1602,3,9,7569,0,7581,G
2-PB1,1603,7575,4,12,1,7592,A
2-PB1,1604,2,7571,0,7,7580,T
2-PB1,1605,7479,0,10,2,7491,A
2-PB1,1606,7571,0,4,0,7575,A
2-PB1,1607,7579,2,7,2,7590,A
2-PB1,1608,0,2,2,7638,7642,C
2-PB1,1609,7382,2,1,0,7385,A
2-PB1,1610,7359,1,5,0,7365,A
2-PB1,1611,0,7185,2,53,7240,T
2-PB1,1612,1,31,7221,0,7253,G
2-PB1,1613,7431,1,6,1,7439,A
2-PB1,1614,0,2,1,7541,7544,C
2-PB1,1615,10,1,0,7408,7419,C
2-PB1,1616,1,7138,0,7,7146,T
2-PB1,1617,1,6954,0,5,6960,T
2-PB1,1618,5,7,6969,0,6981,G
2-PB1,1619,3,21,6992,1,7017,G
2-PB1,1620,7066,1,21,0,7088,A
2-PB1,1621,1,2,1,7080,7084,C
2-PB1,1622,12,2,0,6965,6979,C
2-PB1,1623,6874,0,11,0,6885,A
2-PB1,1624,3,0,6949,0,6952,G
2-PB1,1625,3,2,0,6968,6973,C
2-PB1,1626,6981,1,5,0,6987,A
2-PB1,1627,6971,1,6,1,6979,A
2-PB1,1628,0,3,0,6946,6949,C
2-PB1,1629,6875,0,8,0,6883,A
2-PB1,1630,1,0,7072,0,7073,G
2-PB1,1631,1,0,0,7077,7078,C
2-PB1,1632,9,2,0,7088,7099,C
2-PB1,1633,9,0,0,7061,7070,C
2-PB1,1634,7075,0,3,0,7078,A
2-PB1,1635,7069,0,0,0,7069,A
2-PB1,1636,7078,1,2,0,7081,A
2-PB1,1637,3,7056,0,4,7063,T
2-PB1,1638,0,10,7048,0,7058,G
2-PB1,1639,2,5,6929,0,6936,G
2-PB1,1640,1,1,0,6952,6954,C
2-PB1,1641,2,6861,1,16,6880,T
2-PB1,1642,11,1,1,7198,7211,C
2-PB1,1643,0,7163,0,11,7174,T
2-PB1,1644,8,0,0,7263,7271,C
2-PB1,1645,6,1,0,7281,7288,C
2-PB1,1646,7290,0,3,0,7293,A
2-PB1,1647,7084,2,217,0,7303,A
2-PB1,1648,0,7263,1,4,7268,T
2-PB1,1649,0,7188,0,4,7192,T
2-PB1,1650,1,1,7230,0,7232,G
2-PB1,1651,1,6903,0,22,6926,T
2-PB1,1652,1,6906,0,5,6912,T
2-PB1,1653,37,14,0,6860,6911,C
2-PB1,1654,6872,2,4,0,6878,A
2-PB1,1655,0,6870,0,4,6874,T
2-PB1,1656,6,1,1,6861,6869,C
2-PB1,1657,6876,0,6,0,6882,A
2-PB1,1658,6886,0,4,0,6890,A
2-PB1,1659,6860,0,10,0,6870,A
2-PB1,1660,2,7,7019,0,7028,G
2-PB1,1661,7012,2,8,0,7022,A
2-PB1,1662,0,7021,4,0,7025,T
2-PB1,1663,0,7009,0,1,7010,T
2-PB1,1664,7032,0,11,0,7043,A
2-PB1,1665,1,4,0,7189,7194,C
2-PB1,1666,7154,2,4,0,7160,A
2-PB1,1667,0,5,7248,0,7253,G
2-PB1,1668,7204,0,8,1,7213,A
2-PB1,1669,1,7278,0,3,7282,T
2-PB1,1670,7294,1,5,0,7300,A
2-PB1,1671,0,2,1,7739,7742,C
2-PB1,1672,7887,1,9,0,7897,A
2-PB1,1673,0,1,0,8413,8414,C
2-PB1,1674,8232,1,4,1,8238,A
2-PB1,1675,1,8298,0,4,8303,T
2-PB1,1676,8222,3,5,0,8230,A
2-PB1,1677,0,8193,0,0,8193,T
2-PB1,1678,7968,2,0,1,7971,A
2-PB1,1679,4,7,7965,0,7976,G
2-PB1,1680,0,0,7881,1,7882,G
2-PB1,1681,0,7426,0,7,7433,T
2-PB1,1682,4,3,7277,0,7284,G
2-PB1,1683,3,2,1,7599,7605,C
2-PB1,1684,21,2,0,7552,7575,C
2-PB1,1685,7681,0,12,0,7693,A
2-PB1,1686,1,7692,0,1,7694,T
2-PB1,1687,7722,0,1,0,7723,A
2-PB1,1688,0,8,7762,0,7770,G
2-PB1,1689,7526,1,11,7,7545,A
2-PB1,1690,1,6,7598,0,7605,G
2-PB1,1691,0,10,7581,0,7591,G
2-PB1,1692,7253,0,13,0,7266,A
2-PB1,1693,0,16,7285,0,7301,G
2-PB1,1694,7233,2,9,0,7244,A
2-PB1,1695,1,3,0,7245,7249,C
2-PB1,1696,7251,1,4,1,7257,A
2-PB1,1697,2,9,0,7362,7373,C
2-PB1,1698,7371,1,4,1,7377,A
2-PB1,1699,1,3,0,7377,7381,C
2-PB1,1700,7305,0,5,0,7310,A
2-PB1,1701,7330,2,9,1,7342,A
2-PB1,1702,7376,0,17,0,7393,A
2-PB1,1703,1,7388,1,0,7390,T
2-PB1,1704,8,2,0,7395,7405,C
2-PB1,1705,12,4,0,7369,7385,C
2-PB1,1706,7235,0,6,0,7241,A
2-PB1,1707,1,17,7264,2,7284,G
2-PB1,1708,7271,0,8,1,7280,A
2-PB1,1709,1,5,0,7336,7342,C
2-PB1,1710,62,12,7249,0,7323,G
2-PB1,1711,7252,0,3,1,7256,A
2-PB1,1712,0,12,7259,0,7271,G
2-PB1,1713,7257,0,18,2,7277,A
2-PB1,1714,7258,0,16,1,7275,A
2-PB1,1715,1,10,7323,0,7334,G
2-PB1,1716,7294,0,6,0,7300,A
2-PB1,1717,3,7270,1,3,7277,T
2-PB1,1718,19,0,0,7213,7232,C
2-PB1,1719,7226,0,6,0,7232,A
2-PB1,1720,0,7221,0,1,7222,T
2-PB1,1721,1,7207,1,0,7209,T
2-PB1,1722,15,2,0,7200,7217,C
2-PB1,1723,0,16,7203,1,7220,G
2-PB1,1724,7150,1,4,1,7156,A
2-PB1,1725,2,7,7165,0,7174,G
2-PB1,1726,7110,1,5,0,7116,A
2-PB1,1727,0,7441,0,4,7445,T
2-PB1,1728,7464,0,2,0,7466,A
2-PB1,1729,7504,3,1,0,7508,A
2-PB1,1730,7484,0,18,0,7502,A
2-PB1,1731,3,5,7496,1,7505,G
2-PB1,1732,7509,1,4,0,7514,A
2-PB1,1733,7272,1,20,0,7293,A
2-PB1,1734,3,3,7329,0,7335,G
2-PB1,1735,2,0,0,7351,7353,C
2-PB1,1736,2,7238,0,5,7245,T
2-PB1,1737,3,2,7299,1,7305,G
2-PB1,1738,1,7268,0,3,7272,T
2-PB1,1739,3,18,7236,0,7257,G
2-PB1,1740,1,13,7264,0,7278,G
2-PB1,1741,1,13,7343,2,7359,G
2-PB1,1742,7355,1,13,1,7370,A
2-PB1,1743,0,7296,0,4,7300,T
2-PB1,1744,13,2,0,7255,7270,C
2-PB1,1745,7276,0,6,0,7282,A
2-PB1,1746,7323,0,7,1,7331,A
2-PB1,1747,7371,0,5,1,7377,A
2-PB1,1748,3,4,0,7368,7375,C
2-PB1,1749,10,1,1,7339,7351,C
2-PB1,1750,17,2,0,7274,7293,C
2-PB1,1751,7254,0,4,0,7258,A
2-PB1,1752,7456,0,3,0,7459,A
2-PB1,1753,1,7436,0,4,7441,T
2-PB1,1754,20,1,0,7439,7460,C
2-PB1,1755,7369,2,9,0,7380,A
2-PB1,1756,7333,0,8,1,7342,A
2-PB1,1757,1,17,7449,0,7467,G
2-PB1,1758,1,11,7434,0,7446,G
2-PB1,1759,4,0,7431,0,7435,G
2-PB1,1760,3,1,0,7431,7435,C
2-PB1,1761,7259,1,12,0,7272,A
2-PB1,1762,4,14,7492,0,7510,G
2-PB1,1763,2,11,7526,0,7539,G
2-PB1,1764,7582,1,7,0,7590,A
2-PB1,1765,2,0,1,7652,7655,C
2-PB1,1766,0,7472,0,5,7477,T
2-PB1,1767,7661,0,2,0,7663,A
2-PB1,1768,1,7647,0,6,7654,T
2-PB1,1769,1,7645,0,3,7649,T
2-PB1,1770,25,8,7630,0,7663,G
2-PB1,1771,4,2,7642,0,7648,G
2-PB1,1772,1,7523,0,5,7529,T
2-PB1,1773,7527,0,3,1,7531,A
2-PB1,1774,2,7399,0,9,7410,T
2-PB1,1775,17,1,0,7424,7442,C
2-PB1,1776,7289,0,5,2,7296,A
2-PB1,1777,0,7,7369,0,7376,G
2-PB1,1778,7367,0,13,0,7380,A
2-PB1,1779,0,7324,0,5,7329,T
2-PB1,1780,1,17,7005,1,7024,G
2-PB1,1781,1,14,6999,0,7014,G
2-PB1,1782,3,11,7002,0,7016,G
2-PB1,1783,2,5,7027,0,7034,G
2-PB1,1784,2,22,7023,1,7048,G
2-PB1,1785,6881,0,130,0,7011,A
2-PB1,1786,2,1,1,6980,6984,C
2-PB1,1787,15,1,1,6939,6956,C
2-PB1,1788,6954,0,6,1,6961,A
2-PB1,1789,7593,0,6,0,7599,A
2-PB1,1790,7623,1,2,1,7627,A
2-PB1,1791,1,0,0,7802,7803,C
2-PB1,1792,0,7706,0,10,7716,T
2-PB1,1793,1,7657,0,4,7662,T
2-PB1,1794,7708,1,4,0,7713,A
2-PB1,1795,1,7707,1,4,7713,T
2-PB1,1796,7715,1,3,0,7719,A
2-PB1,1797,0,1,0,7722,7723,C
2-PB1,1798,7016,0,24,1,7041,A
2-PB1,1799,7074,0,3,0,7077,A
2-PB1,1800,0,6833,0,2,6835,T
2-PB1,1801,6977,0,2,0,6979,A
2-PB1,1802,1,6985,0,3,6989,T
2-PB1,1803,9,1,0,6951,6961,C
2-PB1,1804,10,6,0,6945,6961,C
2-PB1,1805,6,3,6962,0,6971,G
2-PB1,1806,2,15,6968,0,6985,G
2-PB1,1807,6971,3,3,0,6977,A
2-PB1,1808,7005,0,1,0,7006,A
2-PB1,1809,0,6991,0,5,6996,T
2-PB1,1810,10,0,0,7043,7053,C
2-PB1,1811,0,7012,1,12,7025,T
2-PB1,1812,0,7048,2,4,7054,T
2-PB1,1813,9,0,0,7040,7049,C
2-PB1,1814,7033,3,9,1,7046,A
2-PB1,1815,1,0,0,7063,7064,C
2-PB1,1816,7036,0,7,0,7043,A
2-PB1,1817,1,7692,0,8,7701,T
2-PB1,1818,7,2,0,7728,7737,C
2-PB1,1819,14,0,0,7773,7787,C
2-PB1,1820,18,0,0,7817,7835,C
2-PB1,1821,0,7805,1,10,7816,T
2-PB1,1822,3,6,7814,0,7823,G
2-PB1,1823,7806,0,2,1,7809,A
2-PB1,1824,7763,0,16,0,7779,A
2-PB1,1825,1,1,7779,0,7781,G
2-PB1,1826,0,7217,0,3,7220,T
2-PB1,1827,10,0,0,7229,7239,C
2-PB1,1828,0,7075,0,7,7082,T
2-PB1,1829,0,1,7285,1,7287,G
2-PB1,1830,1,1,0,7293,7295,C
2-PB1,1831,1,7263,0,11,7275,T
2-PB1,1832,0,7294,0,1,7295,T
2-PB1,1833,7293,0,0,0,7293,A
2-PB1,1834,7283,0,5,0,7288,A
2-PB1,1835,7271,0,2,0,7273,A
2-PB1,1836,7014,1,24,0,7039,A
2-PB1,1837,1,7118,0,3,7122,T
2-PB1,1838,39,16,7067,0,7122,G
2-PB1,1839,2,5,7105,0,7112,G
2-PB1,1840,2,21,7142,0,7165,G
2-PB1,1841,7124,0,5,0,7129,A
2-PB1,1842,2,0,7182,0,7184,G
2-PB1,1843,1,2,0,7162,7165,C
2-PB1,1844,2,7140,1,5,7148,T
2-PB1,1845,1,6,7175,0,7182,G
2-PB1,1846,7162,1,10,1,7174,A
2-PB1,1847,1,7168,0,6,7175,T
2-PB1,1848,3,9,7210,1,7223,G
2-PB1,1849,1,10,7225,0,7236,G
2-PB1,1850,7220,2,9,2,7233,A
2-PB1,1851,1,7205,1,9,7216,T
2-PB1,1852,1,16,7199,0,7216,G
2-PB1,1853,7170,1,9,1,7181,A
2-PB1,1854,3,14,7299,0,7316,G
2-PB1,1855,7305,0,10,0,7315,A
2-PB1,1856,7309,0,3,0,7312,A
2-PB1,1857,0,7256,1,2,7259,T
2-PB1,1858,0,7166,0,1,7167,T
2-PB1,1859,7176,0,8,0,7184,A
2-PB1,1860,0,7177,0,0,7177,T
2-PB1,1861,7,4,1,7178,7190,C
2-PB1,1862,5,14,7201,0,7220,G
2-PB1,1863,2,15,7109,0,7126,G
2-PB1,1864,5,11,7086,0,7102,G
2-PB1,1865,1,8,7111,1,7121,G
2-PB1,1866,7083,0,2,0,7085,A
2-PB1,1867,7074,0,9,1,7084,A
2-PB1,1868,4,12,7145,0,7161,G
2-PB1,1869,7216,0,5,0,7221,A
2-PB1,1870,0,0,0,7267,7267,C
2-PB1,1871,1,7144,0,6,7151,T
2-PB1,1872,0,7344,0,5,7349,T
2-PB1,1873,2,7341,0,2,7345,T
2-PB1,1874,1,2,7413,0,7416,G
2-PB1,1875,2,7416,0,3,7421,T
2-PB1,1876,7345,1,10,0,7356,A
2-PB1,1877,7330,0,4,0,7334,A
2-PB1,1878,0,7183,0,7,7190,T
2-PB1,1879,7,0,0,7238,7245,C
2-PB1,1880,7,1,1,7261,7270,C
2-PB1,1881,8,2,1,7184,7195,C
2-PB1,1882,10,0,0,7249,7259,C
2-PB1,1883,1,7189,1,14,7205,T
2-PB1,1884,0,9,7220,0,7229,G
2-PB1,1885,7205,1,2,0,7208,A
2-PB1,1886,7230,1,5,0,7236,A
2-PB1,1887,1,7228,1,3,7233,T
2-PB1,1888,12,1,2,7151,7166,C
2-PB1,1889,10,2,1,7127,7140,C
2-PB1,1890,9,1,2,7042,7054,C
2-PB1,1891,2,7019,1,7,7029,T
2-PB1,1892,1,7036,1,5,7043,T
2-PB1,1893,0,7017,0,4,7021,T
2-PB1,1894,0,2,7025,0,7027,G
2-PB1,1895,2,6985,0,7,6994,T
2-PB1,1896,18,3,1,6978,7000,C
2-PB1,1897,6929,1,6,0,6936,A
2-PB1,1898,1,1,7092,0,7094,G
2-PB1,1899,1,3,0,7076,7080,C
2-PB1,1900,12,1,0,7071,7084,C
2-PB1,1901,7092,0,4,1,7097,A
2-PB1,1902,1,7116,0,0,7117,T
2-PB1,1903,7129,0,0,0,7129,A
2-PB1,1904,7158,2,3,2,7165,A
2-PB1,1905,7157,1,7,0,7165,A
2-PB1,1906,0,12,7276,0,7288,G
2-PB1,1907,7041,0,6,0,7047,A
2-PB1,1908,7064,0,11,0,7075,A
2-PB1,1909,7073,0,5,1,7079,A
2-PB1,1910,0,7061,1,1,7063,T
2-PB1,1911,0,7046,0,3,7049,T
2-PB1,1912,1,17,7034,0,7052,G
2-PB1,1913,6994,0,9,0,7003,A
2-PB1,1914,1,1,7130,0,7132,G
2-PB1,1915,2,7020,0,53,7075,T
2-PB1,1916,21,0,0,7125,7146,C
2-PB1,1917,1,7100,0,5,7106,T
2-PB1,1918,1,0,7288,0,7289,G
2-PB1,1919,3,7280,0,1,7284,T
2-PB1,1920,7431,0,3,0,7434,A
2-PB1,1921,7413,0,10,1,7424,A
2-PB1,1922,7421,0,8,2,7431,A
2-PB1,1923,2,3,0,7467,7472,C
2-PB1,1924,7211,0,1,1,7213,A
2-PB1,1925,7474,4,5,0,7483,A
2-PB1,1926,1,7467,0,4,7472,T
2-PB1,1927,2,1,7415,0,7418,G
2-PB1,1928,3,1,0,7477,7481,C
2-PB1,1929,2,7326,0,7,7335,T
2-PB1,1930,1,0,7645,0,7646,G
2-PB1,1931,2,7647,0,7,7656,T
2-PB1,1932,7794,0,7,0,7801,A
2-PB1,1933,0,2,7815,0,7817,G
2-PB1,1934,0,7564,0,18,7582,T
2-PB1,1935,7544,1,3,0,7548,A
2-PB1,1936,7488,0,2,0,7490,A
2-PB1,1937,0,7413,1,4,7418,T
2-PB1,1938,3,0,7404,0,7407,G
2-PB1,1939,0,2,0,7282,7284,C
2-PB1,1940,11,4,0,7147,7162,C
2-PB1,1941,7049,0,8,0,7057,A
2-PB1,1942,2,0,7237,0,7239,G
2-PB1,1943,2,2,0,7360,7364,C
2-PB1,1944,6,2,0,7378,7386,C
2-PB1,1945,11,4,0,7361,7376,C
2-PB1,1946,7353,0,4,0,7357,A
2-PB1,1947,1,7345,1,8,7355,T
2-PB1,1948,1,20,7333,0,7354,G
2-PB1,1949,2,1,7459,0,7462,G
2-PB1,1950,0,7423,0,12,7435,T
2-PB1,1951,23,0,0,7211,7234,C
2-PB1,1952,9,0,0,7102,7111,C
2-PB1,1953,1,7034,0,12,7047,T
2-PB1,1954,2,2,7223,0,7227,G
2-PB1,1955,0,2,0,7188,7190,C
2-PB1,1956,17,2,0,7202,7221,C
2-PB1,1957,7214,0,2,0,7216,A
2-PB1,1958,7133,0,2,0,7135,A
2-PB1,1959,7148,0,1,0,7149,A
2-PB1,1960,7137,0,41,0,7178,A
2-PB1,1961,1,1,7328,0,7330,G
2-PB1,1962,1,7188,1,3,7193,T
2-PB1,1963,7185,0,2,1,7188,A
2-PB1,1964,0,7173,0,3,7176,T
2-PB1,1965,2,6,7187,1,7196,G
2-PB1,1966,0,10,7394,0,7404,G
2-PB1,1967,7373,3,4,0,7380,A
2-PB1,1968,7467,1,15,0,7483,A
2-PB1,1969,0,7454,0,4,7458,T
2-PB1,1970,7303,0,2,0,7305,A
2-PB1,1971,0,7244,0,62,7306,T
2-PB1,1972,0,7,7218,0,7225,G
2-PB1,1973,7225,2,7,0,7234,A
2-PB1,1974,1,7149,0,62,7212,T
2-PB1,1975,2,0,6978,0,6980,G
2-PB1,1976,1,3,0,6974,6978,C
2-PB1,1977,10,2,0,6841,6853,C
2-PB1,1978,4,0,6863,0,6867,G
2-PB1,1979,3,6819,1,7,6830,T
2-PB1,1980,1,6815,1,17,6834,T
2-PB1,1981,1,2,6842,0,6845,G
2-PB1,1982,3,0,0,6967,6970,C
2-PB1,1983,6978,3,6,0,6987,A
2-PB1,1984,7078,0,4,0,7082,A
2-PB1,1985,1,2,0,7115,7118,C
2-PB1,1986,0,7070,0,0,7070,T
2-PB1,1987,7126,0,1,0,7127,A
2-PB1,1988,1,2,0,7122,7125,C
2-PB1,1989,7109,1,13,0,7123,A
2-PB1,1990,0,0,0,7131,7131,C
2-PB1,1991,6865,1,6,0,6872,A
2-PB1,1992,1,2,0,7528,7531,C
2-PB1,1993,0,7354,1,7,7362,T
2-PB1,1994,5,0,0,7394,7399,C
2-PB1,1995,3,2,0,7389,7394,C
2-PB1,1996,2,7356,1,6,7365,T
2-PB1,1997,3,8,7349,0,7360,G
2-PB1,1998,1,12,7345,0,7358,G
2-PB1,1999,7334,0,1,0,7335,A
2-PB1,2000,0,7329,0,1,7330,T
2-PB1,2001,1,6635,1,8,6645,T
2-PB1,2002,15,2,0,6740,6757,C
2-PB1,2003,6,2,1,6709,6718,C
2-PB1,2004,9,0,0,6746,6755,C
2-PB1,2005,6762,2,2,0,6766,A
2-PB1,2006,6757,1,5,0,6763,A
2-PB1,2007,3,8,6764,0,6775,G
2-PB1,2008,6739,0,12,0,6751,A
2-PB1,2009,1,6,6742,3,6752,G
2-PB1,2010,2,14,6762,1,6779,G
2-PB1,2011,6661,0,6,0,6667,A
2-PB1,2012,6654,0,11,1,6666,A
2-PB1,2013,1,2,0,6663,6666,C
2-PB1,2014,7,3,0,6616,6626,C
2-PB1,2015,8,1,6764,0,6773,G
2-PB1,2016,0,2,1,6767,6770,C
2-PB1,2017,0,6740,0,8,6748,T
2-PB1,2018,21,1,0,6771,6793,C
2-PB1,2019,0,6729,0,4,6733,T
2-PB1,2020,7398,0,2,0,7400,A
2-PB1,2021,0,7390,1,5,7396,T
2-PB1,2022,0,7415,0,3,7418,T
2-PB1,2023,6,0,0,7440,7446,C
2-PB1,2024,0,7118,0,3,7121,T
2-PB1,2025,7130,0,6,1,7137,A
2-PB1,2026,7123,1,5,0,7129,A
2-PB1,2027,7166,0,10,1,7177,A
2-PB1,2028,0,2,0,7176,7178,C
2-PB1,2029,6466,2,5,0,6473,A
2-PB1,2030,0,1,0,6475,6476,C
2-PB1,2031,6371,0,3,0,6374,A
2-PB1,2032,6450,0,11,0,6461,A
2-PB1,2033,1,0,6499,0,6500,G
2-PB1,2034,0,2,1,6511,6514,C
2-PB1,2035,9,1,1,6509,6520,C
2-PB1,2036,6452,1,4,0,6457,A
2-PB1,2037,6451,1,1,0,6453,A
2-PB1,2038,6426,0,18,1,6445,A
2-PB1,2039,0,11,6521,0,6532,G
2-PB1,2040,0,14,6515,0,6529,G
2-PB1,2041,0,12,6408,0,6420,G
2-PB1,2042,0,12,6399,1,6412,G
2-PB1,2043,6361,1,4,1,6367,A
2-PB1,2044,6398,0,4,0,6402,A
2-PB1,2045,1,6384,1,0,6386,T
2-PB1,2046,0,6402,0,6,6408,T
2-PB1,2047,10,2,0,6418,6430,C
2-PB1,2048,1,6333,1,8,6343,T
2-PB1,2049,0,6327,0,2,6329,T
2-PB1,2050,2,8,6324,2,6336,G
2-PB1,2051,6344,0,5,0,6349,A
2-PB1,2052,1,6,6356,0,6363,G
2-PB1,2053,0,7,6356,0,6363,G
2-PB1,2054,6360,0,4,0,6364,A
2-PB1,2055,0,6313,0,3,6316,T
2-PB1,2056,1,25,6350,0,6376,G
2-PB1,2057,6368,0,0,0,6368,A
2-PB1,2058,6343,1,24,0,6368,A
2-PB1,2059,0,0,0,6406,6406,C
2-PB1,2060,6305,1,3,0,6309,A
2-PB1,2061,1,6,6435,0,6442,G
2-PB1,2062,6392,0,8,0,6400,A
2-PB1,2063,0,6399,0,6,6405,T
2-PB1,2064,1,0,6441,0,6442,G
2-PB1,2065,2,6595,0,4,6601,T
2-PB1,2066,6612,0,3,0,6615,A
2-PB1,2067,1,2,0,6610,6613,C
2-PB1,2068,6,0,0,6531,6537,C
2-PB1,2069,6442,0,6,0,6448,A
2-PB1,2070,0,1,6378,0,6379,G
2-PB1,2071,6288,0,4,3,6295,A
2-PB1,2072,6272,0,9,0,6281,A
2-PB1,2073,1,0,6312,0,6313,G
2-PB1,2074,1,5873,0,4,5878,T
2-PB1,2075,2,0,5914,0,5916,G
2-PB1,2076,0,2,1,5911,5914,C
2-PB1,2077,1,5881,1,11,5894,T
2-PB1,2078,1,1,5895,0,5897,G
2-PB1,2079,2,1,1,5870,5874,C
2-PB1,2080,5862,0,7,1,5870,A
2-PB1,2081,5868,0,6,0,5874,A
2-PB1,2082,0,0,0,5796,5796,C
2-PB1,2083,0,5756,0,10,5766,T
2-PB1,2084,0,5702,0,1,5703,T
2-PB1,2085,2,1,5685,1,5689,G
2-PB1,2086,0,5676,0,7,5683,T
2-PB1,2087,0,5676,0,2,5678,T
2-PB1,2088,19,1,0,5653,5673,C
2-PB1,2089,8,11,5657,0,5676,G
2-PB1,2090,5660,2,3,0,5665,A
2-PB1,2091,0,5,5659,0,5664,G
2-PB1,2092,5666,0,4,1,5671,A
2-PB1,2093,5667,0,0,0,5667,A
2-PB1,2094,5645,1,26,0,5672,A
2-PB1,2095,0,5654,0,5,5659,T
2-PB1,2096,0,5656,0,2,5658,T
2-PB1,2097,0,5660,1,3,5664,T
2-PB1,2098,0,5674,0,2,5676,T
2-PB1,2099,1,5649,0,5,5655,T
2-PB1,2100,10,24,0,5662,5696,C
2-PB1,2101,5,1,0,5682,5688,C
2-PB1,2102,16,0,0,5675,5691,C
2-PB1,2103,0,5645,0,4,5649,T
2-PB1,2104,5655,1,4,0,5660,A
2-PB1,2105,0,1,5700,0,5701,G
2-PB1,2106,1,5692,0,3,5696,T
2-PB1,2107,5762,1,1,0,5764,A
2-PB1,2108,2,0,5809,0,5811,G
2-PB1,2109,0,5720,0,7,5727,T
2-PB1,2110,2,5989,0,5,5996,T
2-PB1,2111,27,0,0,6015,6042,C
2-PB1,2112,6235,0,11,0,6246,A
2-PB1,2113,0,6261,0,1,6262,T
2-PB1,2114,6331,1,6,0,6338,A
2-PB1,2115,0,6346,1,3,6350,T
2-PB1,2116,6096,0,3,0,6099,A
2-PB1,2117,1,2,6071,0,6074,G
2-PB1,2118,2,8,6006,1,6017,G
2-PB1,2119,5337,1,29,0,5367,A
2-PB1,2120,3,15,5355,0,5373,G
2-PB1,2121,5042,0,3,0,5045,A
2-PB1,2122,0,3,0,5026,5029,C
2-PB1,2123,8,0,0,4753,4761,C
2-PB1,2124,1,4,4745,0,4750,G
2-PB1,2125,4724,2,1,0,4727,A
2-PB1,2126,0,4712,0,1,4713,T
2-PB1,2127,11,6,0,4683,4700,C
2-PB1,2128,1,1,4705,0,4707,G
2-PB1,2129,1,12,4719,0,4732,G
2-PB1,2130,4723,0,2,0,4725,A
2-PB1,2131,4743,0,4,0,4747,A
2-PB1,2132,0,4746,1,7,4754,T
2-PB1,2133,0,4760,0,2,4762,T
2-PB1,2134,0,4755,0,2,4757,T
2-PB1,2135,6,0,0,4760,4766,C
2-PB1,2136,1,4767,2,7,4777,T
2-PB1,2137,4759,0,0,0,4759,A
2-PB1,2138,2,0,4771,0,4773,G
2-PB1,2139,1,0,1,4729,4731,C
2-PB1,2140,4720,0,1,0,4721,A
2-PB1,2141,0,4715,0,2,4717,T
2-PB1,2142,0,6,4671,0,4677,G
2-PB1,2143,0,0,4880,0,4880,G
2-PB1,2144,0,4852,0,2,4854,T
2-PB1,2145,2,2,4853,0,4857,G
2-PB1,2146,0,2,4852,1,4855,G
2-PB1,2147,4796,0,5,0,4801,A
2-PB1,2148,2,1,4830,0,4833,G
2-PB1,2149,2,2,4821,0,4825,G
2-PB1,2150,1,3,0,4766,4770,C
2-PB1,2151,7,0,0,4746,4753,C
2-PB1,2152,4432,0,10,0,4442,A
2-PB1,2153,0,4428,0,1,4429,T
2-PB1,2154,0,4,4473,0,4477,G
2-PB1,2155,0,0,4527,0,4527,G
2-PB1,2156,1,4414,0,5,4420,T
2-PB1,2157,5,0,4496,1,4502,G
2-PB1,2158,0,4412,0,5,4417,T
2-PB1,2159,6,1,1,4368,4376,C
2-PB1,2160,1,4372,1,2,4376,T
2-PB1,2161,4322,1,3,0,4326,A
2-PB1,2162,3,2,4328,0,4333,G
2-PB1,2163,1,3,4241,0,4245,G
2-PB1,2164,1,2,4201,0,4204,G
2-PB1,2165,0,1,0,4119,4120,C
2-PB1,2166,5,0,0,3921,3926,C
2-PB1,2167,7,3,0,3855,3865,C
2-PB1,2168,1,4,3858,0,3863,G
2-PB1,2169,2,3,3873,0,3878,G
2-PB1,2170,3874,0,2,0,3876,A
2-PB1,2171,0,3871,0,1,3872,T
2-PB1,2172,0,3689,0,2,3691,T
2-PB1,2173,2,3,3649,0,3654,G
2-PB1,2174,3654,1,3,0,3658,A
2-PB1,2175,0,3674,0,2,3676,T
2-PB1,2176,3,0,3672,0,3675,G
2-PB1,2177,0,1,0,3630,3631,C
2-PB1,2178,3,1,0,3620,3624,C
2-PB1,2179,3601,0,7,0,3608,A
2-PB1,2180,0,6,3618,0,3624,G
2-PB1,2181,3616,1,1,0,3618,A
2-PB1,2182,3621,0,2,0,3623,A
2-PB1,2183,0,3607,0,4,3611,T
2-PB1,2184,0,3518,1,6,3525,T
2-PB1,2185,1,8,3529,0,3538,G
2-PB1,2186,3518,1,1,0,3520,A
2-PB1,2187,0,1,0,3521,3522,C
2-PB1,2188,0,3469,0,5,3474,T
2-PB1,2189,0,3453,0,3,3456,T
2-PB1,2190,5,0,0,3437,3442,C
2-PB1,2191,2,3,3443,0,3448,G
2-PB1,2192,3429,0,3,1,3433,A
2-PB1,2193,0,0,3372,0,3372,G
2-PB1,2194,0,3402,0,11,3413,T
2-PB1,2195,7,6,0,3410,3423,C
2-PB1,2196,0,3416,0,4,3420,T
2-PB1,2197,2,3,3426,0,3431,G
2-PB1,2198,0,3,3427,0,3430,G
2-PB1,2199,3422,0,2,0,3424,A
2-PB1,2200,3161,0,9,0,3170,A
2-PB1,2201,0,7,3190,0,3197,G
2-PB1,2202,2,3,3263,0,3268,G
2-PB1,2203,3268,0,0,0,3268,A
2-PB1,2204,0,3229,0,6,3235,T
2-PB1,2205,0,3239,0,2,3241,T
2-PB1,2206,3230,2,1,0,3233,A
2-PB1,2207,3239,0,8,0,3247,A
2-PB1,2208,0,2,3261,0,3263,G
2-PB1,2209,3249,0,1,0,3250,A
2-PB1,2210,3176,0,0,1,3177,A
2-PB1,2211,2687,0,11,0,2698,A
2-PB1,2212,0,0,2720,0,2720,G
2-PB1,2213,2717,0,1,0,2718,A
2-PB1,2214,2712,1,5,0,2718,A
2-PB1,2215,0,8,2722,0,2730,G
2-PB1,2216,2566,0,4,0,2570,A
2-PB1,2217,0,0,2579,0,2579,G
2-PB1,2218,0,2461,0,6,2467,T
2-PB1,2219,0,2466,0,1,2467,T
2-PB1,2220,4,0,0,2496,2500,C
2-PB1,2221,0,2428,1,2,2431,T
2-PB1,2222,9,0,0,2439,2448,C
2-PB1,2223,3,2426,0,2,2431,T
2-PB1,2224,0,3,2421,0,2424,G
2-PB1,2225,2370,1,6,0,2377,A
2-PB1,2226,1,2,2351,0,2354,G
2-PB1,2227,2337,0,2,0,2339,A
2-PB1,2228,0,2265,0,3,2268,T
2-PB1,2229,10,0,0,2130,2140,C
2-PB1,2230,2152,0,0,0,2152,A
2-PB1,2231,0,2148,0,0,2148,T
2-PB1,2232,0,2,2145,0,2147,G
2-PB1,2233,2135,0,1,0,2136,A
2-PB1,2234,2120,0,6,0,2126,A
2-PB1,2235,0,6,2099,0,2105,G
2-PB1,2236,2065,0,1,0,2066,A
2-PB1,2237,1,2049,0,1,2051,T
2-PB1,2238,2,0,0,2045,2047,C
2-PB1,2239,0,1910,1,0,1911,T
2-PB1,2240,0,0,1928,0,1928,G
2-PB1,2241,1,1923,0,4,1928,T
2-PB1,2242,1,1921,0,1,1923,T
2-PB1,2243,5,0,0,1910,1915,C
2-PB1,2244,3,2,0,1810,1815,C
2-PB1,2245,1798,0,1,0,1799,A
2-PB1,2246,0,0,0,1825,1825,C
2-PB1,2247,6,0,0,1724,1730,C
2-PB1,2248,1682,1,0,0,1683,A
2-PB1,2249,0,1586,0,0,1586,T
2-PB1,2250,0,1546,0,3,1549,T
2-PB1,2251,0,6,1542,0,1548,G
2-PB1,2252,1529,0,1,0,1530,A
2-PB1,2253,1522,0,6,0,1528,A
2-PB1,2254,0,2,1524,0,1526,G
2-PB1,2255,1283,0,5,0,1288,A
2-PB1,2256,1279,0,5,0,1284,A
2-PB1,2257,0,0,0,1272,1272,C
2-PB1,2258,0,1218,0,0,1218,T
2-PB1,2259,2,0,0,1216,1218,C
2-PB1,2260,1157,0,1,0,1158,A
2-PB1,2261,0,1,1157,0,1158,G
2-PB1,2262,1157,0,0,0,1157,A
2-PB1,2263,0,0,0,1107,1107,C
2-PB1,2264,1,2,1079,0,1082,G
2-PB1,2265,1,0,1067,0,1068,G
2-PB1,2266,0,0,0,1061,1061,C
2-PB1,2267,1060,0,2,0,1062,A
2-PB1,2268,1058,0,2,1,1061,A
2-PB1,2269,1059,0,2,0,1061,A
2-PB1,2270,1058,0,0,0,1058,A
2-PB1,2271,1055,0,2,0,1057,A
2-PB1,2272,0,1039,0,0,1039,T
2-PB1,2273,990,0,0,0,990,A
2-PB1,2274,990,0,0,0,990,A
3-PA,1,227,0,0,0,227,A
3-PA,2,0,227,0,0,227,T
3-PA,3,0,0,247,0,247,G
3-PA,4,0,0,248,0,248,G
3-PA,5,247,0,0,0,247,A
3-PA,6,248,0,1,0,249,A
3-PA,7,0,0,254,0,254,G
3-PA,8,263,0,1,0,264,A
3-PA,9,0,263,0,0,263,T
3-PA,10,0,264,0,0,264,T
3-PA,11,0,264,0,2,266,T
3-PA,12,0,265,0,0,265,T
3-PA,13,0,0,277,0,277,G
3-PA,14,0,277,0,0,277,T
3-PA,15,0,0,277,0,277,G
3-PA,16,0,2,0,289,291,C
3-PA,17,0,2,289,0,291,G
3-PA,18,317,0,0,0,317,A
3-PA,19,0,0,0,320,320,C
3-PA,20,320,0,0,0,320,A
3-PA,21,322,0,0,0,322,A
3-PA,22,0,335,0,0,335,T
3-PA,23,0,0,402,0,402,G
3-PA,24,0,0,0,412,412,C
3-PA,25,0,410,0,0,410,T
3-PA,26,0,411,0,0,411,T
3-PA,27,0,0,0,411,411,C
3-PA,28,416,0,1,0,417,A
3-PA,29,428,0,1,0,429,A
3-PA,30,0,0,0,444,444,C
3-PA,31,0,0,0,444,444,C
3-PA,32,1,0,0,439,440,C
3-PA,33,0,1,441,0,442,G
3-PA,34,443,0,0,0,443,A
3-PA,35,0,443,0,0,443,T
3-PA,36,0,3,440,0,443,G
3-PA,37,443,0,0,0,443,A
3-PA,38,0,453,0,0,453,T
3-PA,39,0,457,0,0,457,T
3-PA,40,0,0,461,0,461,G
3-PA,41,0,459,0,2,461,T
3-PA,42,5,0,0,452,457,C
3-PA,43,0,1,455,0,456,G
3-PA,44,464,1,1,0,466,A
3-PA,45,466,0,0,0,466,A
3-PA,46,0,0,0,469,469,C
3-PA,47,0,463,0,2,465,T
3-PA,48,1,465,0,0,466,T
3-PA,49,0,0,469,0,469,G
3-PA,50,0,0,0,471,471,C
3-PA,51,471,0,1,0,472,A
3-PA,52,0,0,472,0,472,G
3-PA,53,474,0,0,0,474,A
3-PA,54,471,0,1,0,472,A
3-PA,55,474,0,0,0,474,A
3-PA,56,477,0,0,0,477,A
3-PA,57,476,0,2,0,478,A
3-PA,58,0,0,495,0,495,G
3-PA,59,0,0,0,513,513,C
3-PA,60,513,0,0,0,513,A
3-PA,61,541,0,0,0,541,A
3-PA,62,0,542,0,0,542,T
3-PA,63,0,0,556,0,556,G
3-PA,64,554,0,1,0,555,A
3-PA,65,554,0,0,0,554,A
3-PA,66,0,1,549,0,550,G
3-PA,67,0,1,620,0,621,G
3-PA,68,648,0,2,0,650,A
3-PA,69,0,0,786,0,786,G
3-PA,70,1,781,0,0,782,T
3-PA,71,791,0,1,0,792,A
3-PA,72,0,789,0,0,789,T
3-PA,73,1,7,785,0,793,G
3-PA,74,0,6,791,0,797,G
3-PA,75,0,1,789,0,790,G
3-PA,76,0,2,786,0,788,G
3-PA,77,777,0,0,0,777,A
3-PA,78,0,1,762,0,763,G
3-PA,79,0,2,770,0,772,G
3-PA,80,768,0,0,0,768,A
3-PA,81,0,776,0,2,778,T
3-PA,82,1,0,0,780,781,C
3-PA,83,0,776,0,0,776,T
3-PA,84,1,1,772,0,774,G
3-PA,85,770,0,0,1,771,A
3-PA,86,774,0,1,0,775,A
3-PA,87,777,0,1,0,778,A
3-PA,88,774,0,0,0,774,A
3-PA,89,0,774,0,0,774,T
3-PA,90,0,770,0,1,771,T
3-PA,91,0,0,775,0,775,G
3-PA,92,775,0,0,0,775,A
3-PA,93,767,0,7,0,774,A
3-PA,94,773,0,1,0,774,A
3-PA,95,0,0,0,778,778,C
3-PA,96,782,0,0,0,782,A
3-PA,97,785,0,0,0,785,A
3-PA,98,775,0,8,0,783,A
3-PA,99,0,1,0,788,789,C
3-PA,100,787,0,0,0,787,A
3-PA,101,793,0,2,0,795,A
3-PA,102,793,0,1,0,794,A
3-PA,103,0,795,0,0,795,T
3-PA,104,0,797,0,1,798,T
3-PA,105,0,798,0,1,799,T
3-PA,106,0,1,798,0,799,G
3-PA,107,0,0,0,803,803,C
3-PA,108,802,0,1,0,803,A
3-PA,109,0,1,830,0,831,G
3-PA,110,0,1,0,829,830,C
3-PA,111,885,0,0,0,885,A
3-PA,112,895,0,0,0,895,A
3-PA,113,0,903,0,0,903,T
3-PA,114,917,0,0,0,917,A
3-PA,115,0,916,0,1,917,T
3-PA,116,1,1,926,1,929,G
3-PA,117,0,1,0,929,930,C
3-PA,118,913,0,2,0,915,A
3-PA,119,1,0,0,923,924,C
3-PA,120,0,895,0,4,899,T
3-PA,121,2,0,0,1099,1101,C
3-PA,122,1130,0,1,0,1131,A
3-PA,123,1,0,0,1145,1146,C
3-PA,124,0,1138,0,3,1141,T
3-PA,125,0,1141,0,0,1141,T
3-PA,126,1,2,1137,0,1140,G
3-PA,127,0,1,1164,0,1165,G
3-PA,128,1150,1,0,0,1151,A
3-PA,129,1,0,1181,0,1182,G
3-PA,130,0,0,1159,0,1159,G
3-PA,131,0,1107,0,1,1108,T
3-PA,132,0,0,1154,0,1154,G
3-PA,133,0,1153,0,1,1154,T
3-PA,134,0,0,1178,0,1178,G
3-PA,135,0,1175,0,2,1177,T
3-PA,136,0,1174,0,0,1174,T
3-PA,137,0,1171,0,3,1174,T
3-PA,138,3,0,0,1170,1173,C
3-PA,139,1172,0,1,0,1173,A
3-PA,140,0,1173,0,1,1174,T
3-PA,141,1,0,1198,0,1199,G
3-PA,142,0,1176,0,1,1177,T
3-PA,143,1180,0,2,0,1182,A
3-PA,144,0,1177,0,2,1179,T
3-PA,145,0,1177,0,1,1178,T
3-PA,146,0,0,0,1178,1178,C
3-PA,147,1159,0,17,0,1176,A
3-PA,148,0,1,1192,0,1193,G
3-PA,149,1194,0,0,0,1194,A
3-PA,150,0,1185,0,2,1187,T
3-PA,151,0,1184,0,3,1187,T
3-PA,152,0,1183,0,1,1184,T
3-PA,153,2,0,0,1183,1185,C
3-PA,154,2,0,0,1216,1218,C
3-PA,155,1220,0,0,0,1220,A
3-PA,156,0,1215,0,6,1221,T
3-PA,157,0,1214,0,2,1216,T
3-PA,158,0,1216,0,0,1216,T
3-PA,159,3,1,0,1218,1222,C
3-PA,160,1222,0,3,0,1225,A
3-PA,161,0,1242,0,4,1246,T
3-PA,162,0,0,0,1242,1242,C
3-PA,163,1244,0,0,0,1244,A
3-PA,164,1247,0,2,0,1249,A
3-PA,165,0,1253,0,0,1253,T
3-PA,166,0,5,1304,0,1309,G
3-PA,167,1316,0,4,0,1320,A
3-PA,168,1316,0,2,0,1318,A
3-PA,169,0,2,0,1322,1324,C
3-PA,170,1315,0,3,0,1318,A
3-PA,171,1323,0,2,1,1326,A
3-PA,172,0,2,1327,0,1329,G
3-PA,173,0,2,1326,0,1328,G
3-PA,174,1290,0,3,1,1294,A
3-PA,175,0,5,1364,0,1369,G
3-PA,176,1429,0,0,0,1429,A
3-PA,177,1435,1,1,0,1437,A
3-PA,178,0,1443,0,0,1443,T
3-PA,179,3,0,0,1449,1452,C
3-PA,180,1444,1,1,0,1446,A
3-PA,181,1445,0,1,0,1446,A
3-PA,182,0,1450,0,0,1450,T
3-PA,183,1440,0,0,0,1440,A
3-PA,184,0,0,1479,0,1479,G
3-PA,185,1,1463,0,3,1467,T
3-PA,186,2,0,1471,0,1473,G
3-PA,187,0,0,1472,0,1472,G
3-PA,188,0,1464,0,1,1465,T
3-PA,189,1467,0,0,0,1467,A
3-PA,190,0,8,1482,0,1490,G
3-PA,191,1491,0,3,1,1495,A
3-PA,192,1494,0,2,0,1496,A
3-PA,193,0,0,0,1497,1497,C
3-PA,194,0,1466,0,1,1467,T
3-PA,195,0,1465,1,1,1467,T
3-PA,196,0,5,1462,0,1467,G
3-PA,197,1464,0,4,0,1468,A
3-PA,198,0,20,0,1448,1468,C
3-PA,199,1,0,1456,0,1457,G
3-PA,200,1490,1,0,0,1491,A
3-PA,201,0,1520,0,1,1521,T
3-PA,202,2,0,0,1534,1536,C
3-PA,203,2,0,0,1567,1569,C
3-PA,204,1572,0,0,0,1572,A
3-PA,205,1572,0,1,0,1573,A
3-PA,206,1576,0,0,0,1576,A
3-PA,207,0,1578,0,0,1578,T
3-PA,208,0,0,1579,0,1579,G
3-PA,209,0,0,0,1562,1562,C
3-PA,210,1545,0,1,0,1546,A
3-PA,211,0,1,0,1609,1610,C
3-PA,212,0,1591,0,2,1593,T
3-PA,213,0,0,1823,0,1823,G
3-PA,214,1,1822,0,1,1824,T
3-PA,215,0,1820,0,1,1821,T
3-PA,216,1821,0,1,0,1822,A
3-PA,217,1821,0,1,0,1822,A
3-PA,218,1815,0,4,0,1819,A
3-PA,219,1,2,1825,0,1828,G
3-PA,220,0,1,0,1795,1796,C
3-PA,221,1762,1,1,0,1764,A
3-PA,222,0,1,0,1753,1754,C
3-PA,223,1621,0,2,0,1623,A
3-PA,224,0,1,1691,0,1692,G
3-PA,225,1691,0,0,0,1691,A
3-PA,226,0,1691,0,1,1692,T
3-PA,227,0,1687,0,0,1687,T
3-PA,228,0,1680,0,0,1680,T
3-PA,229,0,2,1682,0,1684,G
3-PA,230,1701,0,2,0,1703,A
3-PA,231,1697,0,3,0,1700,A
3-PA,232,1702,0,1,0,1703,A
3-PA,233,0,1654,0,0,1654,T
3-PA,234,1646,0,0,0,1646,A
3-PA,235,1645,0,1,0,1646,A
3-PA,236,0,1647,0,1,1648,T
3-PA,237,0,1621,0,0,1621,T
3-PA,238,1,1,1645,0,1647,G
3-PA,239,1641,1,1,0,1643,A
3-PA,240,2,7,1647,1,1657,G
3-PA,241,0,6,1672,0,1678,G
3-PA,242,0,2,1665,0,1667,G
3-PA,243,0,5,1666,0,1671,G
3-PA,244,1644,1,3,0,1648,A
3-PA,245,0,4,1651,1,1656,G
3-PA,246,1713,1,4,0,1718,A
3-PA,247,1,2,1719,0,1722,G
3-PA,248,1730,0,5,0,1735,A
3-PA,249,0,0,0,1730,1730,C
3-PA,250,1690,0,4,0,1694,A
3-PA,251,1,6,1730,0,1737,G
3-PA,252,1737,0,1,0,1738,A
3-PA,253,1767,0,2,0,1769,A
3-PA,254,0,1,0,1759,1760,C
3-PA,255,1701,0,0,0,1701,A
3-PA,256,1696,0,2,0,1698,A
3-PA,257,0,1691,0,1,1692,T
3-PA,258,2,0,1768,0,1770,G
3-PA,259,0,0,1770,0,1770,G
3-PA,260,0,0,0,1757,1757,C
3-PA,261,0,0,0,1765,1765,C
3-PA,262,1,1734,0,1,1736,T
3-PA,263,1,2,1782,0,1785,G
3-PA,264,1,4,1777,0,1782,G
3-PA,265,1771,0,7,0,1778,A
3-PA,266,1,1,0,1794,1796,C
3-PA,267,1699,0,4,0,1703,A
3-PA,268,0,0,1948,0,1948,G
3-PA,269,0,1942,0,3,1945,T
3-PA,270,1978,0,0,0,1978,A
3-PA,271,1,0,1976,0,1977,G
3-PA,272,0,1931,0,0,1931,T
3-PA,273,1946,0,0,0,1946,A
3-PA,274,1947,0,2,0,1949,A
3-PA,275,1936,1,3,1,1941,A
3-PA,276,0,0,0,1959,1959,C
3-PA,277,1777,0,1,0,1778,A
3-PA,278,1,0,1820,0,1821,G
3-PA,279,0,1797,0,0,1797,T
3-PA,280,1829,0,0,0,1829,A
3-PA,281,0,1827,0,4,1831,T
3-PA,282,0,0,0,1856,1856,C
3-PA,283,0,1847,0,1,1848,T
3-PA,284,1,0,1841,0,1842,G
3-PA,285,0,1,0,1835,1836,C
3-PA,286,1825,0,1,0,1826,A
3-PA,287,1824,1,3,0,1828,A
3-PA,288,1,0,0,1840,1841,C
3-PA,289,1828,2,0,0,1830,A
3-PA,290,16,0,0,1895,1911,C
3-PA,291,0,1875,0,1,1876,T
3-PA,292,1882,0,0,0,1882,A
3-PA,293,1,1,0,1875,1877,C
3-PA,294,0,1872,0,2,1874,T
3-PA,295,0,2,1867,0,1869,G
3-PA,296,0,1,1868,0,1869,G
3-PA,297,1852,1,4,0,1857,A
3-PA,298,1,1,1856,0,1858,G
3-PA,299,1,1,0,1771,1773,C
3-PA,300,0,1765,0,1,1766,T
3-PA,301,0,1,1755,0,1756,G
3-PA,302,1,2,1750,0,1753,G
3-PA,303,1,3,1743,0,1747,G
3-PA,304,1752,1,2,0,1755,A
3-PA,305,1752,0,3,0,1755,A
3-PA,306,1759,0,1,0,1760,A
3-PA,307,0,0,0,1770,1770,C
3-PA,308,4,0,0,1761,1765,C
3-PA,309,0,0,1765,0,1765,G
3-PA,310,1762,0,0,0,1762,A
3-PA,311,1762,0,0,0,1762,A
3-PA,312,0,0,1782,0,1782,G
3-PA,313,0,1779,0,0,1779,T
3-PA,314,0,1779,0,6,1785,T
3-PA,315,0,1782,0,1,1783,T
3-PA,316,0,0,0,1790,1790,C
3-PA,317,1,1788,0,1,1790,T
3-PA,318,1794,0,0,0,1794,A
3-PA,319,0,1,0,1783,1784,C
3-PA,320,0,0,0,1793,1793,C
3-PA,321,1771,0,2,0,1773,A
3-PA,322,0,0,1818,0,1818,G
3-PA,323,1822,0,0,0,1822,A
3-PA,324,1,1822,0,2,1825,T
3-PA,325,0,1820,0,3,1823,T
3-PA,326,1,1811,0,2,1814,T
3-PA,327,0,0,1833,0,1833,G
3-PA,328,0,1830,0,2,1832,T
3-PA,329,1831,0,0,0,1831,A
3-PA,330,0,1829,0,1,1830,T
3-PA,331,0,3,1784,0,1787,G
3-PA,332,1912,0,0,0,1912,A
3-PA,333,1,1907,0,1,1909,T
3-PA,334,2,1904,0,0,1906,T
3-PA,335,1907,0,2,0,1909,A
3-PA,336,0,0,0,1914,1914,C
3-PA,337,1925,0,1,0,1926,A
3-PA,338,1919,1,2,1,1923,A
3-PA,339,1,2,1935,0,1938,G
3-PA,340,0,1,1950,0,1951,G
3-PA,341,1817,0,3,0,1820,A
3-PA,342,0,6,1853,0,1859,G
3-PA,343,1853,0,2,0,1855,A
3-PA,344,1856,0,2,0,1858,A
3-PA,345,0,2,0,1853,1855,C
3-PA,346,1814,1,1,1,1817,A
3-PA,347,1,1,1827,0,1829,G
3-PA,348,1817,0,0,0,1817,A
3-PA,349,0,1794,0,1,1795,T
3-PA,350,1,1782,0,1,1784,T
3-PA,351,9,1,0,1733,1743,C
3-PA,352,1740,0,0,0,1740,A
3-PA,353,0,1735,0,1,1736,T
3-PA,354,2,0,0,1739,1741,C
3-PA,355,0,0,1742,0,1742,G
3-PA,356,1771,0,0,0,1771,A
3-PA,357,1763,0,2,0,1765,A
3-PA,358,1771,0,0,0,1771,A
3-PA,359,0,1766,0,0,1766,T
3-PA,360,0,1768,0,1,1769,T
3-PA,361,0,5,1765,0,1770,G
3-PA,362,0,3,1768,0,1771,G
3-PA,363,0,1,1773,0,1774,G
3-PA,364,0,0,1788,0,1788,G
3-PA,365,0,1754,0,4,1758,T
3-PA,366,0,8,1776,0,1784,G
3-PA,367,1785,1,2,1,1789,A
3-PA,368,0,0,0,1796,1796,C
3-PA,369,1802,0,2,0,1804,A
3-PA,370,1796,0,1,0,1797,A
3-PA,371,0,3,1841,0,1844,G
3-PA,372,0,1,1847,0,1848,G
3-PA,373,1833,0,4,0,1837,A
3-PA,374,1,2,1845,0,1848,G
3-PA,375,1806,2,5,0,1813,A
3-PA,376,0,1,1818,0,1819,G
3-PA,377,1790,0,2,0,1792,A
3-PA,378,1794,0,2,0,1796,A
3-PA,379,1,0,1862,0,1863,G
3-PA,380,0,1817,0,0,1817,T
3-PA,381,3,0,0,1834,1837,C
3-PA,382,3,2,0,1825,1830,C
3-PA,383,1837,0,1,1,1839,A
3-PA,384,0,5,0,1888,1893,C
3-PA,385,1949,0,1,0,1950,A
3-PA,386,0,2007,0,0,2007,T
3-PA,387,2073,0,0,0,2073,A
3-PA,388,0,1999,0,1,2000,T
3-PA,389,1978,0,6,0,1984,A
3-PA,390,0,1943,0,1,1944,T
3-PA,391,0,1931,0,0,1931,T
3-PA,392,1993,0,0,0,1993,A
3-PA,393,1,0,0,1983,1984,C
3-PA,394,7,0,0,1888,1895,C
3-PA,395,0,1864,0,2,1866,T
3-PA,396,0,1807,0,3,1810,T
3-PA,397,0,5,1815,0,1820,G
3-PA,398,1823,0,1,0,1824,A
3-PA,399,1828,0,0,0,1828,A
3-PA,400,1823,0,3,0,1826,A
3-PA,401,1734,0,0,0,1734,A
3-PA,402,0,1,1753,0,1754,G
3-PA,403,0,0,1764,0,1764,G
3-PA,404,1,0,0,1769,1770,C
3-PA,405,6,0,0,1767,1773,C
3-PA,406,1765,0,1,0,1766,A
3-PA,407,1766,2,0,0,1768,A
3-PA,408,0,1771,0,0,1771,T
3-PA,409,1770,0,1,0,1771,A
3-PA,410,1770,0,0,0,1770,A
3-PA,411,11,1,1790,0,1802,G
3-PA,412,1782,0,2,0,1784,A
3-PA,413,0,1788,0,0,1788,T
3-PA,414,0,1782,0,0,1782,T
3-PA,415,1788,0,0,0,1788,A
3-PA,416,1789,0,1,0,1790,A
3-PA,417,1794,0,0,0,1794,A
3-PA,418,2,1812,0,1,1815,T
3-PA,419,1,0,0,1815,1816,C
3-PA,420,0,1731,0,1,1732,T
3-PA,421,0,3,1749,0,1752,G
3-PA,422,1750,0,1,1,1752,A
3-PA,423,0,6,1766,0,1772,G
3-PA,424,1767,0,1,0,1768,A
3-PA,425,1747,0,2,0,1749,A
3-PA,426,0,2,0,1758,1760,C
3-PA,427,1769,1,1,1,1772,A
3-PA,428,0,0,0,1788,1788,C
3-PA,429,1788,0,1,0,1789,A
3-PA,430,0,1,0,1803,1804,C
3-PA,431,1781,0,0,0,1781,A
3-PA,432,1,0,0,1857,1858,C
3-PA,433,1837,0,0,1,1838,A
3-PA,434,0,1836,0,8,1844,T
3-PA,435,0,1818,0,1,1819,T
3-PA,436,3,1,0,1834,1838,C
3-PA,437,1821,0,3,0,1824,A
3-PA,438,2,1,0,1836,1839,C
3-PA,439,1807,0,0,0,1807,A
3-PA,440,0,1808,0,3,1811,T
3-PA,441,0,1747,0,2,1749,T
3-PA,442,0,1779,0,2,1781,T
3-PA,443,1,1775,0,0,1776,T
3-PA,444,3,0,0,1787,1790,C
3-PA,445,0,1771,0,2,1773,T
3-PA,446,6,1,0,1773,1780,C
3-PA,447,1783,0,1,0,1784,A
3-PA,448,0,1769,0,2,1771,T
3-PA,449,0,1790,0,1,1791,T
3-PA,450,4,0,0,1793,1797,C
3-PA,451,1770,0,5,0,1775,A
3-PA,452,0,0,0,1797,1797,C
3-PA,453,0,1795,0,1,1796,T
3-PA,454,0,3,1790,0,1793,G
3-PA,455,0,2,1789,0,1791,G
3-PA,456,1741,1,7,0,1749,A
3-PA,457,1,1,1815,0,1817,G
3-PA,458,1816,0,1,0,1817,A
3-PA,459,0,0,1840,0,1840,G
3-PA,460,0,4,1839,0,1843,G
3-PA,461,1815,0,2,0,1817,A
3-PA,462,1819,0,4,0,1823,A
3-PA,463,1786,0,0,0,1786,A
3-PA,464,0,1752,0,3,1755,T
3-PA,465,0,1,1766,0,1767,G
3-PA,466,1,0,1765,0,1766,G
3-PA,467,0,1,0,1772,1773,C
3-PA,468,1,1,0,1758,1760,C
3-PA,469,1752,1,1,0,1754,A
3-PA,470,0,1,0,1756,1757,C
3-PA,471,1754,0,1,0,1755,A
3-PA,472,1766,1,1,0,1768,A
3-PA,473,1769,0,3,0,1772,A
3-PA,474,0,1,1786,0,1787,G
3-PA,475,1,1,1788,0,1790,G
3-PA,476,1,0,0,1791,1792,C
3-PA,477,1789,0,0,1,1790,A
3-PA,478,1,2,1810,0,1813,G
3-PA,479,1813,0,2,0,1815,A
3-PA,480,0,1,0,1838,1839,C
3-PA,481,0,1827,1,2,1830,T
3-PA,482,1830,0,2,0,1832,A
3-PA,483,0,0,0,1816,1816,C
3-PA,484,1785,0,1,0,1786,A
3-PA,485,0,0,0,1800,1800,C
3-PA,486,0,1739,1,4,1744,T
3-PA,487,4,0,0,1733,1737,C
3-PA,488,1,1719,0,1,1721,T
3-PA,489,5,2,0,1689,1696,C
3-PA,490,0,4,1692,0,1696,G
3-PA,491,1691,0,2,0,1693,A
3-PA,492,0,3,0,1686,1689,C
3-PA,493,0,5,1689,0,1694,G
3-PA,494,1678,0,0,0,1678,A
3-PA,495,0,3,1676,0,1679,G
3-PA,496,0,1,1668,0,1669,G
3-PA,497,1666,1,0,0,1667,A
3-PA,498,1670,0,1,0,1671,A
3-PA,499,1669,0,2,0,1671,A
3-PA,500,1,1,1671,0,1673,G
3-PA,501,1,0,0,1665,1666,C
3-PA,502,1639,0,1,0,1640,A
3-PA,503,1,2,1680,0,1683,G
3-PA,504,0,2,1680,0,1682,G
3-PA,505,0,1,1684,0,1685,G
3-PA,506,0,0,0,1683,1683,C
3-PA,507,0,1673,0,0,1673,T
3-PA,508,1669,0,1,0,1670,A
3-PA,509,0,2,1714,0,1716,G
3-PA,510,0,0,1827,0,1827,G
3-PA,511,1831,0,1,0,1832,A
3-PA,512,0,1781,0,1,1782,T
3-PA,513,0,1747,0,0,1747,T
3-PA,514,1749,0,2,0,1751,A
3-PA,515,1753,0,2,0,1755,A
3-PA,516,2,6,1755,0,1763,G
3-PA,517,1766,0,1,0,1767,A
3-PA,518,0,0,0,1759,1759,C
3-PA,519,4,0,0,1568,1572,C
3-PA,520,1540,0,3,0,1543,A
3-PA,521,1,1,1549,0,1551,G
3-PA,522,1,0,1556,0,1557,G
3-PA,523,1,0,0,1561,1562,C
3-PA,524,0,1516,0,3,1519,T
3-PA,525,1,0,1559,0,1560,G
3-PA,526,0,1551,0,0,1551,T
3-PA,527,0,1549,0,0,1549,T
3-PA,528,0,1554,0,0,1554,T
3-PA,529,1548,0,0,0,1548,A
3-PA,530,0,0,0,1590,1590,C
3-PA,531,3,0,0,1552,1555,C
3-PA,532,1548,0,0,0,1548,A
3-PA,533,0,1547,0,0,1547,T
3-PA,534,1471,0,1,0,1472,A
3-PA,535,1474,0,0,0,1474,A
3-PA,536,1,1,1506,0,1508,G
3-PA,537,1503,1,1,0,1505,A
3-PA,538,0,0,0,1507,1507,C
3-PA,539,1453,0,2,0,1455,A
3-PA,540,1454,0,2,0,1456,A
3-PA,541,0,1,1467,0,1468,G
3-PA,542,1455,0,9,0,1464,A
3-PA,543,1466,0,0,0,1466,A
3-PA,544,1453,0,2,0,1455,A
3-PA,545,0,1415,0,0,1415,T
3-PA,546,0,2,1441,0,1443,G
3-PA,547,0,1,1441,0,1442,G
3-PA,548,1,0,0,1446,1447,C
3-PA,549,3,0,0,1439,1442,C
3-PA,550,1425,0,1,0,1426,A
3-PA,551,1472,0,0,1,1473,A
3-PA,552,0,2,0,1470,1472,C
3-PA,553,1469,0,1,0,1470,A
3-PA,554,0,2,1470,0,1472,G
3-PA,555,1423,0,3,0,1426,A
3-PA,556,0,2,1473,0,1475,G
3-PA,557,2,1,1481,0,1484,G
3-PA,558,2,0,0,1471,1473,C
3-PA,559,1,0,0,1485,1486,C
3-PA,560,0,1426,1,1,1428,T
3-PA,561,1413,0,0,0,1413,A
3-PA,562,0,1446,1,1,1448,T
3-PA,563,1,3,1442,0,1446,G
3-PA,564,1,2,1452,0,1455,G
3-PA,565,0,2,1392,0,1394,G
3-PA,566,1361,0,1,0,1362,A
3-PA,567,0,1352,0,3,1355,T
3-PA,568,1,1333,0,0,1334,T
3-PA,569,5,0,0,1833,1838,C
3-PA,570,1,0,0,1840,1841,C
3-PA,571,0,1841,0,11,1852,T
3-PA,572,1,1848,0,8,1857,T
3-PA,573,2,1863,0,0,1865,T
3-PA,574,1,1,0,1927,1929,C
3-PA,575,1,0,1930,0,1931,G
3-PA,576,1,1920,0,3,1924,T
3-PA,577,5,1,0,1931,1937,C
3-PA,578,1885,0,1,1,1887,A
3-PA,579,0,0,2476,0,2476,G
3-PA,580,0,2478,0,3,2481,T
3-PA,581,5,1,0,2472,2478,C
3-PA,582,2,1,0,2495,2498,C
3-PA,583,1,3,2511,1,2516,G
3-PA,584,2516,1,2,0,2519,A
3-PA,585,2522,0,2,0,2524,A
3-PA,586,2520,1,6,0,2527,A
3-PA,587,0,0,2619,0,2619,G
3-PA,588,2545,0,4,0,2549,A
3-PA,589,0,4,2599,0,2603,G
3-PA,590,1,0,2616,0,2617,G
3-PA,591,1,2,0,2618,2621,C
3-PA,592,1,3,2625,0,2629,G
3-PA,593,2631,0,1,0,2632,A
3-PA,594,2638,0,4,0,2642,A
3-PA,595,0,3,2669,0,2672,G
3-PA,596,2694,0,3,0,2697,A
3-PA,597,2694,0,4,0,2698,A
3-PA,598,2680,0,7,0,2687,A
3-PA,599,0,0,0,2736,2736,C
3-PA,600,2730,1,2,0,2733,A
3-PA,601,2737,0,0,0,2737,A
3-PA,602,1,2737,0,1,2739,T
3-PA,603,1,2739,0,2,2742,T
3-PA,604,0,4,2750,0,2754,G
3-PA,605,2740,1,2,0,2743,A
3-PA,606,2739,0,5,0,2744,A
3-PA,607,1,3,2742,0,2746,G
3-PA,608,2730,0,1,0,2731,A
3-PA,609,2732,0,1,0,2733,A
3-PA,610,2726,0,1,0,2727,A
3-PA,611,2737,0,1,0,2738,A
3-PA,612,2753,0,0,0,2753,A
3-PA,613,1,2765,0,0,2766,T
3-PA,614,0,2759,0,0,2759,T
3-PA,615,1,2764,0,2,2767,T
3-PA,616,0,3,2761,0,2764,G
3-PA,617,2756,2,3,0,2761,A
3-PA,618,2761,0,3,0,2764,A
3-PA,619,2775,0,0,0,2775,A
3-PA,620,0,2845,0,2,2847,T
3-PA,621,8,1,0,3236,3245,C
3-PA,622,3251,0,0,0,3251,A
3-PA,623,1,1,0,3322,3324,C
3-PA,624,3310,0,9,0,3319,A
3-PA,625,0,2,3404,0,3406,G
3-PA,626,0,17,3562,0,3579,G
3-PA,627,3663,0,7,0,3670,A
3-PA,628,3722,0,0,0,3722,A
3-PA,629,1,1,0,3770,3772,C
3-PA,630,1,3620,0,2,3623,T
3-PA,631,4041,0,0,0,4041,A
3-PA,632,1,4107,0,3,4111,T
3-PA,633,1,1,4304,0,4306,G
3-PA,634,0,2,0,4280,4282,C
3-PA,635,4,1,4221,0,4226,G
3-PA,636,0,4202,0,2,4204,T
3-PA,637,4177,0,2,0,4179,A
3-PA,638,0,4,4229,0,4233,G
3-PA,639,0,2,4222,0,4224,G
3-PA,640,1,0,1,4177,4179,C
3-PA,641,0,4118,0,3,4121,T
3-PA,642,0,4072,0,1,4073,T
3-PA,643,0,2,4080,0,4082,G
3-PA,644,0,1,0,4075,4076,C
3-PA,645,4,1,0,4078,4083,C
3-PA,646,1,18,4138,0,4157,G
3-PA,647,4176,0,6,0,4182,A
3-PA,648,0,2,0,4193,4195,C
3-PA,649,10,1,0,4196,4207,C
3-PA,650,4222,0,4,0,4226,A
3-PA,651,4238,1,3,0,4242,A
3-PA,652,4237,0,5,0,4242,A
3-PA,653,1,0,4384,0,4385,G
3-PA,654,0,4369,0,6,4375,T
3-PA,655,8,0,0,4383,4391,C
3-PA,656,0,4366,0,1,4367,T
3-PA,657,7,4,0,4402,4413,C
3-PA,658,2,1,0,4455,4458,C
3-PA,659,8,1,1,4469,4479,C
3-PA,660,4483,0,4,1,4488,A
3-PA,661,0,0,1,4506,4507,C
3-PA,662,10,3,0,4442,4455,C
3-PA,663,6,12,4495,0,4513,G
3-PA,664,4620,0,0,0,4620,A
3-PA,665,4631,1,4,0,4636,A
3-PA,666,0,2,0,4688,4690,C
3-PA,667,1,4642,3,8,4654,T
3-PA,668,0,4781,0,5,4786,T
3-PA,669,1,0,0,4875,4876,C
3-PA,670,2,4837,0,9,4848,T
3-PA,671,10,0,0,4866,4876,C
3-PA,672,2,1,0,4852,4855,C
3-PA,673,0,4808,1,5,4814,T
3-PA,674,0,1,4914,0,4915,G
3-PA,675,1,0,0,4912,4913,C
3-PA,676,4,0,0,4931,4935,C
3-PA,677,0,4882,1,5,4888,T
3-PA,678,0,4856,0,3,4859,T
3-PA,679,0,9,4876,0,4885,G
3-PA,680,4864,1,8,0,4873,A
3-PA,681,0,5,4970,0,4975,G
3-PA,682,4974,0,9,0,4983,A
3-PA,683,5039,0,4,0,5043,A
3-PA,684,1,5199,1,0,5201,T
3-PA,685,0,5217,0,3,5220,T
3-PA,686,0,5236,0,1,5237,T
3-PA,687,0,5234,0,1,5235,T
3-PA,688,5227,0,1,0,5228,A
3-PA,689,6,3,5214,0,5223,G
3-PA,690,5169,0,5,0,5174,A
3-PA,691,3,1,5397,1,5402,G
3-PA,692,0,2,0,5383,5385,C
3-PA,693,3,0,0,5417,5420,C
3-PA,694,12,5513,0,4,5529,T
3-PA,695,5812,0,2,0,5814,A
3-PA,696,0,5809,10,2,5821,T
3-PA,697,0,0,5860,0,5860,G
3-PA,698,1,5851,0,3,5855,T
3-PA,699,1,7,5883,1,5892,G
3-PA,700,1,5,5857,0,5863,G
3-PA,701,5822,1,5,0,5828,A
3-PA,702,0,5762,0,2,5764,T
3-PA,703,14,22,5665,1,5702,G
3-PA,704,0,4,5907,0,5911,G
3-PA,705,5905,0,5,0,5910,A
3-PA,706,0,5904,0,2,5906,T
3-PA,707,0,5911,0,2,5913,T
3-PA,708,8,2,0,5855,5865,C
3-PA,709,26,13,5858,1,5898,G
3-PA,710,5901,0,13,1,5915,A
3-PA,711,5915,1,7,0,5923,A
3-PA,712,1,4,0,5947,5952,C
3-PA,713,6,3,0,5779,5788,C
3-PA,714,3,11,5817,0,5831,G
3-PA,715,5809,0,7,0,5816,A
3-PA,716,5818,0,5,0,5823,A
3-PA,717,0,12,0,5898,5910,C
3-PA,718,2,10,5879,0,5891,G
3-PA,719,3,1,6073,0,6077,G
3-PA,720,1,0,0,6103,6104,C
3-PA,721,2,6084,0,5,6091,T
3-PA,722,71,1,6248,0,6320,G
3-PA,723,0,0,0,6350,6350,C
3-PA,724,6415,0,5,0,6420,A
3-PA,725,0,6423,1,2,6426,T
3-PA,726,0,6366,0,2,6368,T
3-PA,727,0,4,6379,0,6383,G
3-PA,728,6110,1,53,0,6164,A
3-PA,729,1,11,6266,0,6278,G
3-PA,730,2,8,6276,0,6286,G
3-PA,731,6,3,6201,1,6211,G
3-PA,732,3,2,1,6187,6193,C
3-PA,733,6160,3,0,0,6163,A
3-PA,734,6189,0,8,2,6199,A
3-PA,735,1,0,6246,0,6247,G
3-PA,736,0,0,0,6264,6264,C
3-PA,737,0,6252,0,14,6266,T
3-PA,738,2,6238,1,1,6242,T
3-PA,739,0,6397,0,5,6402,T
3-PA,740,8,0,1,6415,6424,C
3-PA,741,0,6405,0,8,6413,T
3-PA,742,12,1,1,6439,6453,C
3-PA,743,6058,345,8,0,6411,A
3-PA,744,6382,3,0,0,6385,A
3-PA,745,6384,1,2,0,6387,A
3-PA,746,0,6383,0,2,6385,T
3-PA,747,3,1,6731,0,6735,G
3-PA,748,1,6682,1,12,6696,T
3-PA,749,9,5,0,6802,6816,C
3-PA,750,10,0,0,6811,6821,C
3-PA,751,6828,1,6,2,6837,A
3-PA,752,6843,1,2,0,6846,A
3-PA,753,6843,0,9,0,6852,A
3-PA,754,36,2,6934,0,6972,G
3-PA,755,6928,0,7,0,6935,A
3-PA,756,6710,1,12,0,6723,A
3-PA,757,5,0,6779,0,6784,G
3-PA,758,1,6687,0,3,6691,T
3-PA,759,0,11,6684,0,6695,G
3-PA,760,6665,1,13,1,6680,A
3-PA,761,6677,0,2,0,6679,A
3-PA,762,2,6705,0,1,6708,T
3-PA,763,2,2,6674,0,6678,G
3-PA,764,0,0,0,6701,6701,C
3-PA,765,7,0,0,6679,6686,C
3-PA,766,9,2,0,6674,6685,C
3-PA,767,6717,1,2,0,6720,A
3-PA,768,6841,1,0,0,6842,A
3-PA,769,6872,0,1,0,6873,A
3-PA,770,0,6868,0,1,6869,T
3-PA,771,1,6847,0,4,6852,T
3-PA,772,3,24,6829,0,6856,G
3-PA,773,6815,1,9,0,6825,A
3-PA,774,6830,0,15,1,6846,A
3-PA,775,3,1,0,6855,6859,C
3-PA,776,6,3,0,6822,6831,C
3-PA,777,2,6733,0,6,6741,T
3-PA,778,0,6981,0,3,6984,T
3-PA,779,0,6989,0,3,6992,T
3-PA,780,1,7130,0,1,7132,T
3-PA,781,6,1,0,7149,7156,C
3-PA,782,0,7127,0,4,7131,T
3-PA,783,3,1,7160,0,7164,G
3-PA,784,7125,3,3,1,7132,A
3-PA,785,7224,1,15,2,7242,A
3-PA,786,1,9,7294,0,7304,G
3-PA,787,7156,0,10,0,7166,A
3-PA,788,1,0,0,7193,7194,C
3-PA,789,7107,0,8,0,7115,A
3-PA,790,7148,0,26,0,7174,A
3-PA,791,1,1,2,7946,7950,C
3-PA,792,7977,0,4,1,7982,A
3-PA,793,0,0,0,7986,7986,C
3-PA,794,7,1,0,7891,7899,C
3-PA,795,7878,0,6,2,7886,A
3-PA,796,7882,1,6,1,7890,A
3-PA,797,7,20,7885,0,7912,G
3-PA,798,7901,1,11,0,7913,A
3-PA,799,0,2,1,7899,7902,C
3-PA,800,9,1,0,7311,7321,C
3-PA,801,7286,0,10,1,7297,A
3-PA,802,7293,0,6,2,7301,A
3-PA,803,0,7310,2,1,7313,T
3-PA,804,13,0,0,7306,7319,C
3-PA,805,7285,0,0,1,7286,A
3-PA,806,7262,1,5,0,7268,A
3-PA,807,7270,0,0,0,7270,A
3-PA,808,0,2,0,7372,7374,C
3-PA,809,0,7303,0,11,7314,T
3-PA,810,1,7357,0,5,7363,T
3-PA,811,2,0,0,7388,7390,C
3-PA,812,10,4,1,7385,7400,C
3-PA,813,2,5,7468,0,7475,G
3-PA,814,7469,1,1,0,7471,A
3-PA,815,7495,0,2,1,7498,A
3-PA,816,0,7500,0,3,7503,T
3-PA,817,4,12,7418,0,7434,G
3-PA,818,2,21,7448,1,7472,G
3-PA,819,7479,1,9,0,7489,A
3-PA,820,0,39,0,7501,7540,C
3-PA,821,11,2,0,7514,7527,C
3-PA,822,2,7778,0,3,7783,T
3-PA,823,8,0,0,7980,7988,C
3-PA,824,7,1,0,7991,7999,C
3-PA,825,1,7997,1,5,8004,T
3-PA,826,0,8072,0,1,8073,T
3-PA,827,1,1,8492,0,8494,G
3-PA,828,2,8428,0,1,8431,T
3-PA,829,0,8423,0,2,8425,T
3-PA,830,8228,2,172,0,8402,A
3-PA,831,1,8160,0,9,8170,T
3-PA,832,3,1,0,8127,8131,C
3-PA,833,7983,0,5,0,7988,A
3-PA,834,1,0,7982,0,7983,G
3-PA,835,0,6,0,7927,7933,C
3-PA,836,3,9,7690,0,7702,G
3-PA,837,2,1,8024,0,8027,G
3-PA,838,2,7995,0,13,8010,T
3-PA,839,21,3,0,8021,8045,C
3-PA,840,16,2,1,8038,8057,C
3-PA,841,8085,0,4,0,8089,A
3-PA,842,8133,0,2,0,8135,A
3-PA,843,8109,1,6,0,8116,A
3-PA,844,1,8124,1,3,8129,T
3-PA,845,0,8103,0,0,8103,T
3-PA,846,21,0,1,8016,8038,C
3-PA,847,5,0,0,7963,7968,C
3-PA,848,1,7937,0,7,7945,T
3-PA,849,10,0,0,7982,7992,C
3-PA,850,5,2,0,8000,8007,C
3-PA,851,2,7944,1,5,7952,T
3-PA,852,1,3,8026,0,8030,G
3-PA,853,7990,3,3,1,7997,A
3-PA,854,0,8032,0,2,8034,T
3-PA,855,3,14,7938,0,7955,G
3-PA,856,2,5,7848,0,7855,G
3-PA,857,7824,1,13,1,7839,A
3-PA,858,0,7797,0,1,7798,T
3-PA,859,1,2,7849,0,7852,G
3-PA,860,0,3,0,8379,8382,C
3-PA,861,0,8301,0,5,8306,T
3-PA,862,0,8299,1,25,8325,T
3-PA,863,2,8336,0,2,8340,T
3-PA,864,8342,0,2,1,8345,A
3-PA,865,8397,0,5,0,8402,A
3-PA,866,8401,1,3,0,8405,A
3-PA,867,8433,1,4,0,8438,A
3-PA,868,1,8427,0,2,8430,T
3-PA,869,0,7723,5,5,7733,T
3-PA,870,1,25,7706,0,7732,G
3-PA,871,7677,2,26,0,7705,A
3-PA,872,1,0,7819,0,7820,G
3-PA,873,2,6,0,7813,7821,C
3-PA,874,7806,1,0,0,7807,A
3-PA,875,1,8021,0,7,8029,T
3-PA,876,0,7996,2,4,8002,T
3-PA,877,4,9,7989,0,8002,G
3-PA,878,8007,0,6,0,8013,A
3-PA,879,7928,0,50,0,7978,A
3-PA,880,1,15,7971,0,7987,G
3-PA,881,7861,1,14,0,7876,A
3-PA,882,0,2,1,7929,7932,C
3-PA,883,5,2,1,7880,7888,C
3-PA,884,22,9,0,7721,7752,C
3-PA,885,7730,1,6,1,7738,A
3-PA,886,7780,0,10,0,7790,A
3-PA,887,0,0,7821,0,7821,G
3-PA,888,3,7822,1,3,7829,T
3-PA,889,26,0,1,7802,7829,C
3-PA,890,7805,0,6,0,7811,A
3-PA,891,1,2,0,7795,7798,C
3-PA,892,2,8,7794,0,7804,G
3-PA,893,7885,2,4,0,7891,A
3-PA,894,7846,0,16,0,7862,A
3-PA,895,4,12,8121,0,8137,G
3-PA,896,2,15,8119,1,8137,G
3-PA,897,8037,2,16,0,8055,A
3-PA,898,1,8,8155,0,8164,G
3-PA,899,8187,1,9,1,8198,A
3-PA,900,8206,1,15,1,8223,A
3-PA,901,1,19,8214,0,8234,G
3-PA,902,3,7,8196,0,8206,G
3-PA,903,4,7,8202,0,8213,G
3-PA,904,7968,2,8,2,7980,A
3-PA,905,0,7962,0,15,7977,T
3-PA,906,10,0,0,8009,8019,C
3-PA,907,8,2,1,8594,8605,C
3-PA,908,20,3,0,8688,8711,C
3-PA,909,8806,1,2,0,8809,A
3-PA,910,1,8803,0,12,8816,T
3-PA,911,0,8813,0,5,8818,T
3-PA,912,8995,1,2,0,8998,A
3-PA,913,0,8997,0,1,8998,T
3-PA,914,8970,0,4,0,8974,A
3-PA,915,0,8931,1,3,8935,T
3-PA,916,3,13,7880,0,7896,G
3-PA,917,7877,3,10,0,7890,A
3-PA,918,0,7779,0,5,7784,T
3-PA,919,1,1,7867,0,7869,G
3-PA,920,2,3,3,7769,7777,C
3-PA,921,5,16,7765,1,7787,G
3-PA,922,7837,2,12,1,7852,A
3-PA,923,3,7818,0,5,7826,T
3-PA,924,25,1,0,7837,7863,C
3-PA,925,7846,0,5,0,7851,A
3-PA,926,7775,0,14,0,7789,A
3-PA,927,1,0,7854,0,7855,G
3-PA,928,0,7744,0,1,7745,T
3-PA,929,1,0,7817,0,7818,G
3-PA,930,1,6,0,7814,7821,C
3-PA,931,7781,1,2,0,7784,A
3-PA,932,2,7806,1,0,7809,T
3-PA,933,7789,0,2,0,7791,A
3-PA,934,7919,0,3,1,7923,A
3-PA,935,7904,0,3,1,7908,A
3-PA,936,7861,0,7,0,7868,A
3-PA,937,7869,0,7,0,7876,A
3-PA,938,1,3,0,7877,7881,C
3-PA,939,7798,0,0,1,7799,A
3-PA,940,1,7827,0,2,7830,T
3-PA,941,0,7803,0,2,7805,T
3-PA,942,9,0,1,7827,7837,C
3-PA,943,0,7703,0,2,7705,T
3-PA,944,1,7688,0,5,7694,T
3-PA,945,0,7680,1,0,7681,T
3-PA,946,1,6,7694,0,7701,G
3-PA,947,0,7,7699,0,7706,G
3-PA,948,7673,0,9,0,7682,A
3-PA,949,0,7648,0,20,7668,T
3-PA,950,2,8,7710,0,7720,G
3-PA,951,1,11,7846,0,7858,G
3-PA,952,7875,0,8,2,7885,A
3-PA,953,7880,0,8,0,7888,A
3-PA,954,7889,1,12,0,7902,A
3-PA,955,2,8,7982,0,7992,G
3-PA,956,7964,2,4,0,7970,A
3-PA,957,8839,0,6,0,8845,A
3-PA,958,3,1,0,8984,8988,C
3-PA,959,12,1,1,8986,9000,C
3-PA,960,1,8849,1,4,8855,T
3-PA,961,0,8970,0,2,8972,T
3-PA,962,9003,0,3,0,9006,A
3-PA,963,0,8997,1,0,8998,T
3-PA,964,8899,1,4,0,8904,A
3-PA,965,1,9022,2,3,9028,T
3-PA,966,8113,1,6,0,8120,A
3-PA,967,6,0,8211,1,8218,G
3-PA,968,1,8085,0,10,8096,T
3-PA,969,20,0,0,8057,8077,C
3-PA,970,7984,0,3,0,7987,A
3-PA,971,8008,1,2,0,8011,A
3-PA,972,7988,0,5,1,7994,A
3-PA,973,1,2,0,8012,8015,C
3-PA,974,11,3,0,7908,7922,C
3-PA,975,7769,0,9,0,7778,A
3-PA,976,1,0,0,7845,7846,C
3-PA,977,7846,1,10,5,7862,A
3-PA,978,0,3,0,7898,7901,C
3-PA,979,3,14,7887,0,7904,G
3-PA,980,7865,0,7,1,7873,A
3-PA,981,7878,1,6,0,7885,A
3-PA,982,7835,1,9,0,7845,A
3-PA,983,7851,0,14,0,7865,A
3-PA,984,0,14,7925,0,7939,G
3-PA,985,0,9,7843,0,7852,G
3-PA,986,2,23,7893,0,7918,G
3-PA,987,7893,0,9,0,7902,A
3-PA,988,7900,1,11,0,7912,A
3-PA,989,2,7905,0,3,7910,T
3-PA,990,7905,0,3,0,7908,A
3-PA,991,7921,2,6,1,7930,A
3-PA,992,7947,0,2,0,7949,A
3-PA,993,3,7887,0,1,7891,T
3-PA,994,0,7858,0,0,7858,T
3-PA,995,21,2,1,7865,7889,C
3-PA,996,7898,1,6,0,7905,A
3-PA,997,7906,0,1,2,7909,A
3-PA,998,7915,0,2,0,7917,A
3-PA,999,1,7903,0,2,7906,T
3-PA,1000,0,7933,1,1,7935,T
3-PA,1001,7938,1,2,0,7941,A
3-PA,1002,1,2,0,7939,7942,C
3-PA,1003,4,0,0,7954,7958,C
3-PA,1004,1,7789,0,15,7805,T
3-PA,1005,2,0,7905,0,7907,G
3-PA,1006,1,1,0,7913,7915,C
3-PA,1007,0,7889,0,22,7911,T
3-PA,1008,4,1,8064,0,8069,G
3-PA,1009,1,8030,0,11,8042,T
3-PA,1010,18,1,0,8040,8059,C
3-PA,1011,8064,1,10,0,8075,A
3-PA,1012,0,8046,0,11,8057,T
3-PA,1013,0,7,8055,0,8062,G
3-PA,1014,0,6,8024,0,8030,G
3-PA,1015,8018,1,9,0,8028,A
3-PA,1016,8204,1,12,1,8218,A
3-PA,1017,1,2,8140,0,8143,G
3-PA,1018,2,3,0,8147,8152,C
3-PA,1019,8122,0,8,0,8130,A
3-PA,1020,8146,0,6,0,8152,A
3-PA,1021,0,1,8187,0,8188,G
3-PA,1022,1,8175,0,1,8177,T
3-PA,1023,8141,0,1,0,8142,A
3-PA,1024,0,1,0,8173,8174,C
3-PA,1025,0,7913,0,5,7918,T
3-PA,1026,3,0,7993,0,7996,G
3-PA,1027,2,7916,1,7,7926,T
3-PA,1028,22,1,0,7940,7963,C
3-PA,1029,7934,3,10,0,7947,A
3-PA,1030,3,9,8031,0,8043,G
3-PA,1031,8029,1,3,0,8033,A
3-PA,1032,8050,0,3,0,8053,A
3-PA,1033,1,8151,0,5,8157,T
3-PA,1034,2,8085,0,2,8089,T
3-PA,1035,4,2,8063,1,8070,G
3-PA,1036,1,4,0,8045,8050,C
3-PA,1037,8016,3,18,0,8037,A
3-PA,1038,2,6,8034,0,8042,G
3-PA,1039,3,12,7902,0,7917,G
3-PA,1040,7908,2,7,0,7917,A
3-PA,1041,0,4,0,7887,7891,C
3-PA,1042,5,0,7769,1,7775,G
3-PA,1043,0,7910,0,7,7917,T
3-PA,1044,0,7940,1,3,7944,T
3-PA,1045,1,14,7996,1,8012,G
3-PA,1046,8038,0,1,0,8039,A
3-PA,1047,8013,2,9,1,8025,A
3-PA,1048,8015,0,7,1,8023,A
3-PA,1049,8018,2,7,1,8028,A
3-PA,1050,1,7951,1,5,7958,T
3-PA,1051,1,18,8007,0,8026,G
3-PA,1052,7944,1,12,0,7957,A
3-PA,1053,2,5,8015,1,8023,G
3-PA,1054,3,11,8035,0,8049,G
3-PA,1055,7981,2,10,1,7994,A
3-PA,1056,0,2,8037,0,8039,G
3-PA,1057,8006,0,16,0,8022,A
3-PA,1058,7985,0,13,0,7998,A
3-PA,1059,0,6,7984,0,7990,G
3-PA,1060,5,0,7862,0,7867,G
3-PA,1061,0,8264,0,6,8270,T
3-PA,1062,0,8337,0,4,8341,T
3-PA,1063,10,1,1,8333,8345,C
3-PA,1064,5,1,0,8325,8331,C
3-PA,1065,8172,0,162,0,8334,A
3-PA,1066,8310,0,11,1,8322,A
3-PA,1067,0,7,8402,0,8409,G
3-PA,1068,0,12,8536,0,8548,G
3-PA,1069,8254,0,9,1,8264,A
3-PA,1070,0,3,0,8317,8320,C
3-PA,1071,1,8293,0,7,8301,T
3-PA,1072,8331,0,2,0,8333,A
3-PA,1073,8322,0,7,0,8329,A
3-PA,1074,8316,0,8,0,8324,A
3-PA,1075,8334,0,7,0,8341,A
3-PA,1076,8251,0,4,1,8256,A
3-PA,1077,1,0,0,8133,8134,C
3-PA,1078,8076,0,3,1,8080,A
3-PA,1079,2,8036,0,5,8043,T
3-PA,1080,0,4,8112,0,8116,G
3-PA,1081,8105,1,7,0,8113,A
3-PA,1082,8111,0,15,0,8126,A
3-PA,1083,3,8,8194,0,8205,G
3-PA,1084,8178,0,4,0,8182,A
3-PA,1085,8194,0,3,0,8197,A
3-PA,1086,8151,0,9,0,8160,A
3-PA,1087,8139,0,10,1,8150,A
3-PA,1088,0,4,0,8187,8191,C
3-PA,1089,2,16,8127,2,8147,G
3-PA,1090,8183,0,13,0,8196,A
3-PA,1091,0,0,8193,0,8193,G
3-PA,1092,4,8130,3,4,8141,T
3-PA,1093,30,1,0,8308,8339,C
3-PA,1094,8370,0,2,0,8372,A
3-PA,1095,8493,2,8,0,8503,A
3-PA,1096,0,2,0,8513,8515,C
3-PA,1097,0,8487,1,6,8494,T
3-PA,1098,2,9,8663,1,8675,G
3-PA,1099,8622,0,8,0,8630,A
3-PA,1100,8634,1,12,0,8647,A
3-PA,1101,1,0,8670,0,8671,G
3-PA,1102,0,8384,3,6,8393,T
3-PA,1103,6,15,8424,0,8445,G
3-PA,1104,2,6,8398,1,8407,G
3-PA,1105,4,2,8409,1,8416,G
3-PA,1106,1,1,0,8456,8458,C
3-PA,1107,1,8305,1,25,8332,T
3-PA,1108,10,1,0,8418,8429,C
3-PA,1109,1,8389,1,8,8399,T
3-PA,1110,0,8410,0,3,8413,T
3-PA,1111,2,8,8642,1,8653,G
3-PA,1112,2,0,8677,0,8679,G
3-PA,1113,1,8617,1,9,8628,T
3-PA,1114,3,13,8595,0,8611,G
3-PA,1115,8581,0,6,1,8588,A
3-PA,1116,8639,1,12,0,8652,A
3-PA,1117,8604,0,4,0,8608,A
3-PA,1118,8674,1,9,1,8685,A
3-PA,1119,0,2,0,8732,8734,C
3-PA,1120,8589,0,2,0,8591,A
3-PA,1121,1,8580,1,10,8592,T
3-PA,1122,2,11,8563,1,8577,G
3-PA,1123,4,2,8698,0,8704,G
3-PA,1124,0,0,0,8746,8746,C
3-PA,1125,8735,1,8,0,8744,A
3-PA,1126,3,3,0,8772,8778,C
3-PA,1127,12,4,0,8806,8822,C
3-PA,1128,8984,0,5,1,8990,A
3-PA,1129,1,15,9091,0,9107,G
3-PA,1130,9069,1,9,1,9080,A
3-PA,1131,25,5,9186,0,9216,G
3-PA,1132,9152,1,13,0,9166,A
3-PA,1133,9132,2,9,1,9144,A
3-PA,1134,3,18,9215,0,9236,G
3-PA,1135,2,0,9181,0,9183,G
3-PA,1136,0,9126,0,13,9139,T
3-PA,1137,9075,2,9,0,9086,A
3-PA,1138,1,16,9069,1,9087,G
3-PA,1139,9067,2,7,0,9076,A
3-PA,1140,0,2,0,9140,9142,C
3-PA,1141,1,8994,0,9,9004,T
3-PA,1142,0,8992,2,4,8998,T
3-PA,1143,0,8989,0,6,8995,T
3-PA,1144,2,12,9004,0,9018,G
3-PA,1145,8995,0,9,0,9004,A
3-PA,1146,9034,0,3,1,9038,A
3-PA,1147,9022,3,5,1,9031,A
3-PA,1148,9001,1,4,0,9006,A
3-PA,1149,1,0,1,9223,9225,C
3-PA,1150,1,9152,1,5,9159,T
3-PA,1151,0,2,9268,1,9271,G
3-PA,1152,3,2,0,9268,9273,C
3-PA,1153,9252,4,10,1,9267,A
3-PA,1154,3,6,9264,0,9273,G
3-PA,1155,9208,2,9,0,9219,A
3-PA,1156,4,17,9636,0,9657,G
3-PA,1157,9660,1,10,0,9671,A
3-PA,1158,0,0,0,9514,9514,C
3-PA,1159,9492,1,10,0,9503,A
3-PA,1160,0,9427,2,4,9433,T
3-PA,1161,9444,0,6,0,9450,A
3-PA,1162,9415,1,11,1,9428,A
3-PA,1163,0,0,9451,0,9451,G
3-PA,1164,2,1,0,9409,9412,C
3-PA,1165,1,21,9185,0,9207,G
3-PA,1166,9422,3,3,2,9430,A
3-PA,1167,2,9363,2,2,9369,T
3-PA,1168,1,9359,1,3,9364,T
3-PA,1169,0,9362,0,6,9368,T
3-PA,1170,5,14,9356,0,9375,G
3-PA,1171,9403,1,8,0,9412,A
3-PA,1172,9397,1,17,0,9415,A
3-PA,1173,2,6,9458,0,9466,G
3-PA,1174,2,4,0,9700,9706,C
3-PA,1175,9538,1,4,0,9543,A
3-PA,1176,10339,3,3,0,10345,A
3-PA,1177,2,10357,0,2,10361,T
3-PA,1178,10396,1,5,2,10404,A
3-PA,1179,2,10419,0,7,10428,T
3-PA,1180,3,17,10428,0,10448,G
3-PA,1181,10435,1,117,0,10553,A
3-PA,1182,2,10518,0,5,10525,T
3-PA,1183,10152,0,6,0,10158,A
3-PA,1184,1,1,10198,1,10201,G
3-PA,1185,2,9651,0,15,9668,T
3-PA,1186,0,19,9663,0,9682,G
3-PA,1187,9644,1,9,1,9655,A
3-PA,1188,0,3,0,9587,9590,C
3-PA,1189,8,27,9541,0,9576,G
3-PA,1190,9631,2,2,0,9635,A
3-PA,1191,9623,2,14,1,9640,A
3-PA,1192,0,1,0,9752,9753,C
3-PA,1193,10,0,0,9746,9756,C
3-PA,1194,1,9680,0,25,9706,T
3-PA,1195,1,16,10044,0,10061,G
3-PA,1196,10048,0,8,0,10056,A
3-PA,1197,10082,0,1,0,10083,A
3-PA,1198,1,10073,0,7,10081,T
3-PA,1199,0,9970,0,0,9970,T
3-PA,1200,9953,2,3,1,9959,A
3-PA,1201,9820,1,8,1,9830,A
3-PA,1202,1,6,9866,0,9873,G
3-PA,1203,2,1,9866,0,9869,G
3-PA,1204,3,9614,1,15,9633,T
3-PA,1205,40,4,0,9573,9617,C
3-PA,1206,9639,1,3,2,9645,A
3-PA,1207,1,1,1,10076,10079,C
3-PA,1208,1,10061,0,13,10075,T
3-PA,1209,3,10104,1,5,10113,T
3-PA,1210,1,10097,0,12,10110,T
3-PA,1211,15,1,0,10062,10078,C
3-PA,1212,10059,0,12,0,10071,A
3-PA,1213,10063,0,18,0,10081,A
3-PA,1214,0,1,10239,0,10240,G
3-PA,1215,0,0,1,10207,10208,C
3-PA,1216,0,9960,0,7,9967,T
3-PA,1217,2,14,10228,1,10245,G
3-PA,1218,5,6,10274,1,10286,G
3-PA,1219,10420,2,8,0,10430,A
3-PA,1220,2,10500,1,5,10508,T
3-PA,1221,10513,2,3,0,10518,A
3-PA,1222,0,6,0,10575,10581,C
3-PA,1223,10380,0,14,0,10394,A
3-PA,1224,4,11,10512,1,10528,G
3-PA,1225,10448,1,33,1,10483,A
3-PA,1226,10300,1,16,1,10318,A
3-PA,1227,1,10161,2,5,10169,T
3-PA,1228,1,21,10200,2,10224,G
3-PA,1229,10155,1,12,1,10169,A
3-PA,1230,1,0,10313,0,10314,G
3-PA,1231,1,10239,1,14,10255,T
3-PA,1232,1,10196,0,12,10209,T
3-PA,1233,19,1,2,10322,10344,C
3-PA,1234,10423,0,9,0,10432,A
3-PA,1235,10417,0,9,11,10437,A
3-PA,1236,2,2,0,10423,10427,C
3-PA,1237,10307,0,4,0,10311,A
3-PA,1238,10283,2,10,1,10296,A
3-PA,1239,1,8,10212,0,10221,G
3-PA,1240,2,4,10289,0,10295,G
3-PA,1241,2,5,0,10344,10351,C
3-PA,1242,4,0,0,10259,10263,C
3-PA,1243,1,10173,1,16,10191,T
3-PA,1244,1,0,10284,0,10285,G
3-PA,1245,1,10255,0,3,10259,T
3-PA,1246,5,24,10339,0,10368,G
3-PA,1247,10340,1,22,1,10364,A
3-PA,1248,3,1,10348,0,10352,G
3-PA,1249,0,5,0,10256,10261,C
3-PA,1250,0,10149,0,4,10153,T
3-PA,1251,10406,0,5,1,10412,A
3-PA,1252,10425,0,2,0,10427,A
3-PA,1253,1,0,0,10468,10469,C
3-PA,1254,1,10379,0,7,10387,T
3-PA,1255,1,25,10417,2,10445,G
3-PA,1256,10411,2,5,0,10418,A
3-PA,1257,1,10404,0,22,10427,T
3-PA,1258,1,10411,0,16,10428,T
3-PA,1259,21,1,0,10426,10448,C
3-PA,1260,10678,2,44,1,10725,A
3-PA,1261,1,6,10977,0,10984,G
3-PA,1262,0,10914,0,12,10926,T
3-PA,1263,20,1,0,10925,10946,C
3-PA,1264,1,10828,0,11,10840,T
3-PA,1265,2,8,11359,0,11369,G
3-PA,1266,1,7,11366,0,11374,G
3-PA,1267,11363,2,13,0,11378,A
3-PA,1268,1,11365,0,7,11373,T
3-PA,1269,10742,2,6,0,10750,A
3-PA,1270,1,17,10712,0,10730,G
3-PA,1271,10553,0,20,3,10576,A
3-PA,1272,0,3,10663,0,10666,G
3-PA,1273,0,1,0,10634,10635,C
3-PA,1274,0,10388,0,7,10395,T
3-PA,1275,14,3,0,10442,10459,C
3-PA,1276,3,13,10476,0,10492,G
3-PA,1277,10483,2,3,1,10489,A
3-PA,1278,1,10499,1,3,10504,T
3-PA,1279,3,16,10464,0,10483,G
3-PA,1280,10685,0,11,0,10696,A
3-PA,1281,10684,0,15,0,10699,A
3-PA,1282,10739,3,5,0,10747,A
3-PA,1283,0,10710,0,0,10710,T
3-PA,1284,0,10703,0,3,10706,T
3-PA,1285,6,19,10827,0,10852,G
3-PA,1286,0,26,10837,0,10863,G
3-PA,1287,10808,0,31,7,10846,A
3-PA,1288,1,11,10852,0,10864,G
3-PA,1289,10644,2,13,0,10659,A
3-PA,1290,1,13,10729,0,10743,G
3-PA,1291,1,12,10828,0,10841,G
3-PA,1292,10946,0,13,2,10961,A
3-PA,1293,4,6,0,10960,10970,C
3-PA,1294,3,2,10866,0,10871,G
3-PA,1295,0,10831,0,26,10857,T
3-PA,1296,10915,1,10,1,10927,A
3-PA,1297,2,2,11012,0,11016,G
3-PA,1298,3,3,0,11128,11134,C
3-PA,1299,17,5,1,10972,10995,C
3-PA,1300,14,3,0,10891,10908,C
3-PA,1301,16,1,1,10891,10909,C
3-PA,1302,10935,0,3,0,10938,A
3-PA,1303,11387,0,4,0,11391,A
3-PA,1304,0,11356,0,4,11360,T
3-PA,1305,0,11267,1,3,11271,T
3-PA,1306,0,27,11256,1,11284,G
3-PA,1307,11006,1,27,1,11035,A
3-PA,1308,2,0,11055,0,11057,G
3-PA,1309,0,4,0,11045,11049,C
3-PA,1310,10911,1,10,0,10922,A
3-PA,1311,4,5,0,11226,11235,C
3-PA,1312,10878,1,5,0,10884,A
3-PA,1313,0,11228,1,13,11242,T
3-PA,1314,0,11243,1,3,11247,T
3-PA,1315,2,0,11268,0,11270,G
3-PA,1316,1,3,1,11232,11237,C
3-PA,1317,11220,1,14,1,11236,A
3-PA,1318,11250,0,11,0,11261,A
3-PA,1319,8,2,11252,0,11262,G
3-PA,1320,1,2,0,11151,11154,C
3-PA,1321,11135,2,4,0,11141,A
3-PA,1322,0,10859,0,6,10865,T
3-PA,1323,1,23,10874,0,10898,G
3-PA,1324,10843,1,11,0,10855,A
3-PA,1325,1,6,10909,2,10918,G
3-PA,1326,10889,1,18,1,10909,A
3-PA,1327,10890,0,7,1,10898,A
3-PA,1328,0,8,10887,0,10895,G
3-PA,1329,1,21,10932,0,10954,G
3-PA,1330,10921,1,8,0,10930,A
3-PA,1331,10910,1,5,2,10918,A
3-PA,1332,0,10958,0,7,10965,T
3-PA,1333,0,10965,0,2,10967,T
3-PA,1334,10973,1,3,1,10978,A
3-PA,1335,1,11009,0,11,11021,T
3-PA,1336,2,11013,0,4,11019,T
3-PA,1337,0,11006,0,15,11021,T
3-PA,1338,19,0,1,10863,10883,C
3-PA,1339,10808,1,11,0,10820,A
3-PA,1340,0,6,1,11122,11129,C
3-PA,1341,11062,0,6,0,11068,A
3-PA,1342,2,3,11221,0,11226,G
3-PA,1343,0,3,0,11188,11191,C
3-PA,1344,11136,0,7,1,11144,A
3-PA,1345,1,7,11186,1,11195,G
3-PA,1346,11159,0,19,0,11178,A
3-PA,1347,3,10,11243,0,11256,G
3-PA,1348,1,2,11297,0,11300,G
3-PA,1349,1,10887,2,46,10936,T
3-PA,1350,3,3,11108,1,11115,G
3-PA,1351,0,11054,2,10,11066,T
3-PA,1352,27,3,0,11011,11041,C
3-PA,1353,13,3,0,11160,11176,C
3-PA,1354,31,0,0,11102,11133,C
3-PA,1355,11247,0,2,1,11250,A
3-PA,1356,1,11361,0,9,11371,T
3-PA,1357,0,11261,0,14,11275,T
3-PA,1358,6,2,11344,0,11352,G
3-PA,1359,0,11111,0,3,11114,T
3-PA,1360,10965,1,6,0,10972,A
3-PA,1361,1,7,10962,0,10970,G
3-PA,1362,10616,0,10,1,10627,A
3-PA,1363,4,0,10661,0,10665,G
3-PA,1364,1,5,0,10495,10501,C
3-PA,1365,16,1,0,10310,10327,C
3-PA,1366,10493,3,1,0,10497,A
3-PA,1367,3,2,0,10512,10517,C
3-PA,1368,1,10436,0,11,10448,T
3-PA,1369,3,11,10434,1,10449,G
3-PA,1370,10411,2,3,0,10416,A
3-PA,1371,10191,1,9,0,10201,A
3-PA,1372,0,10487,0,1,10488,T
3-PA,1373,10559,1,9,0,10569,A
3-PA,1374,1,1,0,10689,10691,C
3-PA,1375,10368,2,7,1,10378,A
3-PA,1376,1,10445,0,4,10450,T
3-PA,1377,10356,0,2,0,10358,A
3-PA,1378,10400,0,6,1,10407,A
3-PA,1379,0,10370,0,4,10374,T
3-PA,1380,34,10,10160,0,10204,G
3-PA,1381,10141,2,4,1,10148,A
3-PA,1382,9957,0,12,1,9970,A
3-PA,1383,2,24,9965,0,9991,G
3-PA,1384,1,20,9966,0,9987,G
3-PA,1385,1,20,10097,0,10118,G
3-PA,1386,2,8,10125,0,10135,G
3-PA,1387,3,1,10218,0,10222,G
3-PA,1388,1,10005,0,12,10018,T
3-PA,1389,10057,0,6,1,10064,A
3-PA,1390,2,10109,0,4,10115,T
3-PA,1391,10279,0,3,0,10282,A
3-PA,1392,0,3,0,11368,11371,C
3-PA,1393,10945,2,0,0,10947,A
3-PA,1394,1,10694,0,5,10700,T
3-PA,1395,0,10563,0,5,10568,T
3-PA,1396,10425,0,1,0,10426,A
3-PA,1397,10653,1,6,0,10660,A
3-PA,1398,0,0,2,10650,10652,C
3-PA,1399,10479,1,8,0,10488,A
3-PA,1400,0,0,0,10505,10505,C
3-PA,1401,0,9212,0,1,9213,T
3-PA,1402,5,2,9608,0,9615,G
3-PA,1403,2,1,0,9593,9596,C
3-PA,1404,9,3,0,9570,9582,C
3-PA,1405,13,0,0,9589,9602,C
3-PA,1406,2,9312,1,5,9320,T
3-PA,1407,9,2,9679,0,9690,G
3-PA,1408,2,1,1,9691,9695,C
3-PA,1409,0,9651,1,11,9663,T
3-PA,1410,30,4,1,9924,9959,C
3-PA,1411,9601,0,1,0,9602,A
3-PA,1412,9697,0,5,0,9702,A
3-PA,1413,0,9707,0,4,9711,T
3-PA,1414,2,1,9691,0,9694,G
3-PA,1415,6,2,0,9660,9668,C
3-PA,1416,9446,0,5,0,9451,A
3-PA,1417,1,9413,1,12,9427,T
3-PA,1418,15,0,0,9420,9435,C
3-PA,1419,10,0,0,9510,9520,C
3-PA,1420,2,9191,0,9,9202,T
3-PA,1421,4,1,9486,0,9491,G
3-PA,1422,3,9448,1,13,9465,T
3-PA,1423,4,0,9443,1,9448,G
3-PA,1424,2,3,0,9446,9451,C
3-PA,1425,9315,0,10,0,9325,A
3-PA,1426,4,1,9408,0,9413,G
3-PA,1427,2,1,0,9374,9377,C
3-PA,1428,9269,0,1,0,9270,A
3-PA,1429,9286,1,2,1,9290,A
3-PA,1430,1,8870,0,3,8874,T
3-PA,1431,1,12,8888,0,8901,G
3-PA,1432,1,10,8899,0,8910,G
3-PA,1433,8904,2,8,0,8914,A
3-PA,1434,2,4,0,8890,8896,C
3-PA,1435,8,15,8764,0,8787,G
3-PA,1436,8940,1,7,0,8948,A
3-PA,1437,0,8942,0,5,8947,T
3-PA,1438,0,8935,0,1,8936,T
3-PA,1439,0,8908,0,6,8914,T
3-PA,1440,0,8888,0,6,8894,T
3-PA,1441,10,3,0,8900,8913,C
3-PA,1442,8927,1,5,0,8933,A
3-PA,1443,8953,1,5,0,8959,A
3-PA,1444,1,0,0,8957,8958,C
3-PA,1445,0,8714,0,9,8723,T
3-PA,1446,8700,0,0,0,8700,A
3-PA,1447,8707,0,2,0,8709,A
3-PA,1448,2,8721,0,5,8728,T
3-PA,1449,1,8689,0,5,8695,T
3-PA,1450,14,2,0,8726,8742,C
3-PA,1451,12,2,0,8700,8714,C
3-PA,1452,17,1,0,8666,8684,C
3-PA,1453,8699,0,6,1,8706,A
3-PA,1454,0,8881,0,7,8888,T
3-PA,1455,5,12,8895,1,8913,G
3-PA,1456,8912,3,4,0,8919,A
3-PA,1457,1,8862,0,12,8875,T
3-PA,1458,8824,0,10,0,8834,A
3-PA,1459,8837,0,8,0,8845,A
3-PA,1460,3,0,8852,0,8855,G
3-PA,1461,1,1,0,8822,8824,C
3-PA,1462,8763,0,6,0,8769,A
3-PA,1463,8454,0,10,0,8464,A
3-PA,1464,0,1,8661,0,8662,G
3-PA,1465,1,8599,0,5,8605,T
3-PA,1466,6,0,8595,0,8601,G
3-PA,1467,2,2,1,8578,8583,C
3-PA,1468,8458,1,14,0,8473,A
3-PA,1469,1,19,8790,0,8810,G
3-PA,1470,8757,4,4,1,8766,A
3-PA,1471,8923,0,27,0,8950,A
3-PA,1472,127,1,1,8861,8990,C
3-PA,1473,0,8641,1,4,8646,T
3-PA,1474,8724,0,4,0,8728,A
3-PA,1475,8718,0,3,3,8724,A
3-PA,1476,8696,2,11,0,8709,A
3-PA,1477,2,6,8743,0,8751,G
3-PA,1478,8226,0,20,0,8246,A
3-PA,1479,3,20,8232,0,8255,G
3-PA,1480,3,6,8005,0,8014,G
3-PA,1481,2,4,7975,0,7981,G
3-PA,1482,7890,1,11,0,7902,A
3-PA,1483,7712,1,8,0,7721,A
3-PA,1484,1,5,7722,0,7728,G
3-PA,1485,3,1,7739,1,7744,G
3-PA,1486,2,8,0,7714,7724,C
3-PA,1487,4,12,7699,0,7715,G
3-PA,1488,7696,0,3,0,7699,A
3-PA,1489,7696,0,6,0,7702,A
3-PA,1490,7708,0,3,0,7711,A
3-PA,1491,7722,1,0,0,7723,A
3-PA,1492,7731,2,5,0,7738,A
3-PA,1493,3,2,1,7743,7749,C
3-PA,1494,12,0,0,7685,7697,C
3-PA,1495,7693,0,2,0,7695,A
3-PA,1496,7808,0,0,0,7808,A
3-PA,1497,0,7806,1,1,7808,T
3-PA,1498,2,7815,4,4,7825,T
3-PA,1499,0,7873,0,3,7876,T
3-PA,1500,7914,2,1,0,7917,A
3-PA,1501,0,7897,0,3,7900,T
3-PA,1502,7882,2,4,0,7888,A
3-PA,1503,0,7855,0,8,7863,T
3-PA,1504,3,8,7769,0,7780,G
3-PA,1505,2,14,7702,0,7718,G
3-PA,1506,7699,1,3,0,7703,A
3-PA,1507,1,7651,1,10,7663,T
3-PA,1508,0,7562,0,3,7565,T
3-PA,1509,19,1,0,7520,7540,C
3-PA,1510,7589,0,4,0,7593,A
3-PA,1511,0,7649,1,10,7660,T
3-PA,1512,20,1,0,7654,7675,C
3-PA,1513,7639,2,4,0,7645,A
3-PA,1514,4,7565,0,1,7570,T
3-PA,1515,7543,0,1,0,7544,A
3-PA,1516,7531,1,11,1,7544,A
3-PA,1517,7528,0,12,2,7542,A
3-PA,1518,1,14,7558,0,7573,G
3-PA,1519,0,5,7396,1,7402,G
3-PA,1520,0,8,7317,1,7326,G
3-PA,1521,7267,2,8,0,7277,A
3-PA,1522,7179,1,13,0,7193,A
3-PA,1523,1,3,7247,0,7251,G
3-PA,1524,7188,0,6,1,7195,A
3-PA,1525,0,7147,0,24,7171,T
3-PA,1526,10,0,0,7161,7171,C
3-PA,1527,0,6966,1,13,6980,T
3-PA,1528,20,2,0,7207,7229,C
3-PA,1529,7213,0,5,0,7218,A
3-PA,1530,0,7204,1,4,7209,T
3-PA,1531,1,7218,1,3,7223,T
3-PA,1532,0,7080,0,2,7082,T
3-PA,1533,7041,2,4,0,7047,A
3-PA,1534,7052,1,6,0,7059,A
3-PA,1535,0,9,7037,1,7047,G
3-PA,1536,2,6,7162,0,7170,G
3-PA,1537,6666,1,5,0,6672,A
3-PA,1538,6681,1,5,0,6687,A
3-PA,1539,0,6639,32,4,6675,T
3-PA,1540,1,20,6686,1,6708,G
3-PA,1541,6913,1,16,0,6930,A
3-PA,1542,1,1,0,6924,6926,C
3-PA,1543,6884,0,8,1,6893,A
3-PA,1544,1,1,1,6877,6880,C
3-PA,1545,6566,0,8,0,6574,A
3-PA,1546,2,16,6630,0,6648,G
3-PA,1547,6577,0,5,1,6583,A
3-PA,1548,0,1,0,6514,6515,C
3-PA,1549,3,1,6461,0,6465,G
3-PA,1550,1,5939,0,7,5947,T
3-PA,1551,2,5,5976,0,5983,G
3-PA,1552,1,0,6007,0,6008,G
3-PA,1553,0,6006,0,2,6008,T
3-PA,1554,5903,1,91,0,5995,A
3-PA,1555,5879,0,3,0,5882,A
3-PA,1556,5890,0,0,1,5891,A
3-PA,1557,0,5870,0,7,5877,T
3-PA,1558,1,5754,0,1,5756,T
3-PA,1559,0,5727,1,2,5730,T
3-PA,1560,1,5586,0,4,5591,T
3-PA,1561,2,1,5607,0,5610,G
3-PA,1562,3,5520,0,8,5531,T
3-PA,1563,1,15,5523,0,5539,G
3-PA,1564,5494,1,10,0,5505,A
3-PA,1565,2,0,5525,0,5527,G
3-PA,1566,0,3,0,5498,5501,C
3-PA,1567,5513,0,1,0,5514,A
3-PA,1568,0,5502,0,3,5505,T
3-PA,1569,0,8,5506,0,5514,G
3-PA,1570,0,4,5562,0,5566,G
3-PA,1571,5547,1,10,0,5558,A
3-PA,1572,0,0,5568,0,5568,G
3-PA,1573,0,5443,0,3,5446,T
3-PA,1574,0,5340,1,15,5356,T
3-PA,1575,0,5389,1,4,5394,T
3-PA,1576,0,5379,0,4,5383,T
3-PA,1577,6,0,0,5378,5384,C
3-PA,1578,1,5333,0,23,5357,T
3-PA,1579,14,1,0,5338,5353,C
3-PA,1580,1,5124,0,11,5136,T
3-PA,1581,8,1,0,5096,5105,C
3-PA,1582,5092,0,7,0,5099,A
3-PA,1583,0,0,0,5081,5081,C
3-PA,1584,0,4941,0,9,4950,T
3-PA,1585,1,18,4932,0,4951,G
3-PA,1586,4925,1,5,0,4931,A
3-PA,1587,0,0,0,4943,4943,C
3-PA,1588,8,1,0,4916,4925,C
3-PA,1589,18,3,0,4812,4833,C
3-PA,1590,2,5,4806,0,4813,G
3-PA,1591,4789,0,5,0,4794,A
3-PA,1592,0,11,4792,1,4804,G
3-PA,1593,4790,0,5,0,4795,A
3-PA,1594,0,1,0,4681,4682,C
3-PA,1595,0,4579,1,2,4582,T
3-PA,1596,0,4282,1,3,4286,T
3-PA,1597,1,10,4267,0,4278,G
3-PA,1598,4257,0,8,0,4265,A
3-PA,1599,1,0,4278,0,4279,G
3-PA,1600,1,0,1,4250,4252,C
3-PA,1601,5,1,0,4032,4038,C
3-PA,1602,3992,0,3,0,3995,A
3-PA,1603,1,1,0,3974,3976,C
3-PA,1604,3973,0,6,0,3979,A
3-PA,1605,0,3974,0,0,3974,T
3-PA,1606,3903,0,0,0,3903,A
3-PA,1607,3884,0,2,0,3886,A
3-PA,1608,3866,0,0,0,3866,A
3-PA,1609,0,3832,0,0,3832,T
3-PA,1610,1,8,3803,0,3812,G
3-PA,1611,1,2,3338,0,3341,G
3-PA,1612,1,4,3273,0,3278,G
3-PA,1613,3183,0,0,0,3183,A
3-PA,1614,2,3,3170,0,3175,G
3-PA,1615,3107,0,2,0,3109,A
3-PA,1616,3041,0,0,0,3041,A
3-PA,1617,3031,0,2,0,3033,A
3-PA,1618,0,3017,0,0,3017,T
3-PA,1619,2969,0,0,0,2969,A
3-PA,1620,4,9,0,2948,2961,C
3-PA,1621,0,1460,0,0,1460,T
3-PA,1622,1,0,1443,0,1444,G
3-PA,1623,0,690,0,11,701,T
3-PA,1624,1,0,683,0,684,G
3-PA,1625,0,618,1,0,619,T
3-PA,1626,0,0,0,230,230,C
3-PA,1627,2,0,0,189,191,C
3-PA,1628,0,143,0,0,143,T
3-PA,1629,0,139,0,0,139,T
3-PA,1630,0,0,127,0,127,G
3-PA,1631,125,0,0,0,125,A
3-PA,1632,0,0,126,0,126,G
3-PA,1633,117,0,0,0,117,A
3-PA,1634,0,116,0,0,116,T
3-PA,1635,114,0,0,0,114,A
3-PA,1636,0,0,120,0,120,G
3-PA,1637,0,1,118,0,119,G
3-PA,1638,114,0,0,0,114,A
3-PA,1639,0,0,114,0,114,G
3-PA,1640,115,0,0,0,115,A
3-PA,1641,0,114,0,0,114,T
3-PA,1642,118,0,0,0,118,A
3-PA,1643,0,118,0,0,118,T
3-PA,1644,0,1,119,0,120,G
3-PA,1645,0,119,0,1,120,T
3-PA,1646,0,119,0,0,119,T
3-PA,1647,120,0,0,0,120,A
3-PA,1648,0,0,0,119,119,C
3-PA,1649,0,118,0,1,119,T
3-PA,1650,119,0,0,0,119,A
3-PA,1651,119,0,0,0,119,A
3-PA,1652,0,0,118,0,118,G
3-PA,1653,118,0,0,0,118,A
3-PA,1654,115,0,0,0,115,A
3-PA,1655,0,0,113,0,113,G
3-PA,1656,0,0,0,114,114,C
3-PA,1657,0,0,120,0,120,G
3-PA,1658,0,0,0,122,122,C
3-PA,1659,0,0,0,124,124,C
3-PA,1660,123,0,0,0,123,A
3-PA,1661,0,122,0,1,123,T
3-PA,1662,123,0,0,0,123,A
3-PA,1663,0,0,123,0,123,G
3-PA,1664,0,0,120,0,120,G
3-PA,1665,0,0,0,124,124,C
3-PA,1666,0,0,0,123,123,C
3-PA,1667,123,0,0,0,123,A
3-PA,1668,123,0,0,0,123,A
3-PA,1669,123,0,0,0,123,A
3-PA,1670,0,124,0,0,124,T
3-PA,1671,0,122,0,0,122,T
3-PA,1672,0,121,0,0,121,T
3-PA,1673,1,0,0,120,121,C
3-PA,1674,116,0,0,0,116,A
3-PA,1675,119,0,0,0,119,A
3-PA,1676,0,0,119,0,119,G
3-PA,1677,0,0,123,0,123,G
3-PA,1678,0,0,0,122,122,C
3-PA,1679,0,0,0,119,119,C
3-PA,1680,122,0,0,0,122,A
3-PA,1681,126,0,0,0,126,A
3-PA,1682,0,126,0,0,126,T
3-PA,1683,0,0,127,0,127,G
3-PA,1684,0,125,0,0,125,T
3-PA,1685,0,127,0,0,127,T
3-PA,1686,0,0,0,130,130,C
3-PA,1687,0,129,0,0,129,T
3-PA,1688,0,128,0,1,129,T
3-PA,1689,114,0,0,0,114,A
3-PA,1690,0,115,0,0,115,T
3-PA,1691,118,0,0,0,118,A
3-PA,1692,0,118,0,0,118,T
3-PA,1693,0,0,118,0,118,G
3-PA,1694,0,108,0,0,108,T
3-PA,1695,0,0,109,0,109,G
3-PA,1696,108,0,0,0,108,A
3-PA,1697,0,0,108,0,108,G
3-PA,1698,0,0,107,0,107,G
3-PA,1699,107,0,1,0,108,A
3-PA,1700,0,0,0,108,108,C
3-PA,1701,104,0,0,0,104,A
3-PA,1702,104,0,0,0,104,A
3-PA,1703,106,0,0,0,106,A
3-PA,1704,0,0,0,104,104,C
3-PA,1705,0,0,105,0,105,G
3-PA,1706,0,0,105,0,105,G
3-PA,1707,103,0,0,0,103,A
3-PA,1708,103,0,0,0,103,A
3-PA,1709,0,0,0,105,105,C
3-PA,1710,107,0,0,0,107,A
3-PA,1711,0,107,0,0,107,T
3-PA,1712,0,0,0,106,106,C
3-PA,1713,107,0,0,0,107,A
3-PA,1714,107,0,0,0,107,A
3-PA,1715,104,0,0,0,104,A
3-PA,1716,0,0,106,0,106,G
3-PA,1717,0,0,108,0,108,G
3-PA,1718,0,105,0,0,105,T
3-PA,1719,0,0,0,103,103,C
3-PA,1720,104,0,0,0,104,A
3-PA,1721,105,0,0,0,105,A
3-PA,1722,105,0,0,0,105,A
3-PA,1723,104,1,0,0,105,A
3-PA,1724,0,105,0,0,105,T
3-PA,1725,0,0,106,0,106,G
3-PA,1726,106,0,0,0,106,A
3-PA,1727,105,0,0,0,105,A
3-PA,1728,106,0,0,0,106,A
3-PA,1729,0,106,0,0,106,T
3-PA,1730,0,1,106,0,107,G
3-PA,1731,0,0,107,0,107,G
3-PA,1732,0,0,106,0,106,G
3-PA,1733,0,0,109,0,109,G
3-PA,1734,109,0,0,0,109,A
3-PA,1735,109,0,0,0,109,A
3-PA,1736,0,105,0,0,105,T
3-PA,1737,0,0,106,0,106,G
3-PA,1738,0,0,107,0,107,G
3-PA,1739,106,0,0,0,106,A
3-PA,1740,0,0,107,0,107,G
3-PA,1741,107,0,0,0,107,A
3-PA,1742,0,107,0,0,107,T
3-PA,1743,0,0,107,0,107,G
3-PA,1744,105,0,0,0,105,A
3-PA,1745,0,1,105,0,106,G
3-PA,1746,106,0,0,0,106,A
3-PA,1747,0,0,0,106,106,C
3-PA,1748,0,0,106,0,106,G
3-PA,1749,0,105,0,0,105,T
3-PA,1750,0,105,0,0,105,T
3-PA,1751,0,0,104,0,104,G
3-PA,1752,0,0,0,104,104,C
3-PA,1753,0,0,0,104,104,C
3-PA,1754,0,104,0,0,104,T
3-PA,1755,1,0,0,108,109,C
3-PA,1756,0,0,0,109,109,C
3-PA,1757,0,109,0,0,109,T
3-PA,1758,0,109,0,0,109,T
3-PA,1759,0,0,0,109,109,C
3-PA,1760,107,0,0,0,107,A
3-PA,1761,0,0,108,0,108,G
3-PA,1762,0,108,0,0,108,T
3-PA,1763,0,0,0,108,108,C
3-PA,1764,106,0,0,0,106,A
3-PA,1765,0,0,0,111,111,C
3-PA,1766,0,112,0,0,112,T
3-PA,1767,0,0,0,112,112,C
3-PA,1768,0,1,0,111,112,C
3-PA,1769,111,0,0,0,111,A
3-PA,1770,0,0,111,0,111,G
3-PA,1771,0,0,0,111,111,C
3-PA,1772,109,0,0,0,109,A
3-PA,1773,0,0,112,0,112,G
3-PA,1774,109,0,1,0,110,A
3-PA,1775,0,110,0,0,110,T
3-PA,1776,0,0,0,108,108,C
3-PA,1777,0,0,109,0,109,G
3-PA,1778,106,0,1,0,107,A
3-PA,1779,0,0,109,0,109,G
3-PA,1780,109,0,0,0,109,A
3-PA,1781,1,0,110,0,111,G
3-PA,1782,0,0,0,109,109,C
3-PA,1783,108,0,0,0,108,A
3-PA,1784,0,108,0,0,108,T
3-PA,1785,0,0,112,0,112,G
3-PA,1786,113,0,0,0,113,A
3-PA,1787,0,112,0,0,112,T
3-PA,1788,0,110,1,0,111,T
3-PA,1789,0,1,112,0,113,G
3-PA,1790,112,0,0,0,112,A
3-PA,1791,112,0,0,0,112,A
3-PA,1792,0,0,113,0,113,G
3-PA,1793,0,0,0,113,113,C
3-PA,1794,0,0,0,112,112,C
3-PA,1795,0,0,110,0,110,G
3-PA,1796,109,0,0,0,109,A
3-PA,1797,0,0,110,0,110,G
3-PA,1798,0,110,0,0,110,T
3-PA,1799,0,0,0,110,110,C
3-PA,1800,0,0,0,109,109,C
3-PA,1801,0,108,0,1,109,T
3-PA,1802,0,0,0,111,111,C
3-PA,1803,0,1,110,0,111,G
3-PA,1804,0,0,117,0,117,G
3-PA,1805,0,116,0,0,116,T
3-PA,1806,0,114,0,0,114,T
3-PA,1807,114,0,0,0,114,A
3-PA,1808,115,0,0,0,115,A
3-PA,1809,115,0,0,0,115,A
3-PA,1810,0,0,117,0,117,G
3-PA,1811,113,0,0,0,113,A
3-PA,1812,0,0,113,0,113,G
3-PA,1813,106,0,0,0,106,A
3-PA,1814,0,0,104,0,104,G
3-PA,1815,108,0,0,0,108,A
3-PA,1816,0,0,108,0,108,G
3-PA,1817,108,0,0,0,108,A
3-PA,1818,0,0,0,108,108,C
3-PA,1819,108,0,0,0,108,A
3-PA,1820,0,107,0,0,107,T
3-PA,1821,0,0,107,0,107,G
3-PA,1822,107,0,1,0,108,A
3-PA,1823,0,0,0,107,107,C
3-PA,1824,0,0,0,108,108,C
3-PA,1825,107,0,0,0,107,A
3-PA,1826,107,0,0,0,107,A
3-PA,1827,106,0,0,0,106,A
3-PA,1828,0,0,108,0,108,G
3-PA,1829,106,0,0,0,106,A
3-PA,1830,0,0,109,0,109,G
3-PA,1831,0,108,0,0,108,T
3-PA,1832,0,109,0,0,109,T
3-PA,1833,0,109,0,0,109,T
3-PA,1834,0,109,0,0,109,T
3-PA,1835,0,107,0,1,108,T
3-PA,1836,0,108,0,0,108,T
3-PA,1837,0,0,109,0,109,G
3-PA,1838,107,0,0,0,107,A
3-PA,1839,0,0,109,0,109,G
3-PA,1840,107,0,2,0,109,A
3-PA,1841,109,0,0,0,109,A
3-PA,1842,0,109,0,0,109,T
3-PA,1843,108,0,1,0,109,A
3-PA,1844,110,0,0,0,110,A
3-PA,1845,111,0,0,0,111,A
3-PA,1846,1,108,0,0,109,T
3-PA,1847,0,0,0,111,111,C
3-PA,1848,110,0,0,0,110,A
3-PA,1849,0,0,111,0,111,G
3-PA,1850,110,0,0,0,110,A
3-PA,1851,111,0,0,0,111,A
3-PA,1852,0,0,112,0,112,G
3-PA,1853,0,0,0,110,110,C
3-PA,1854,109,0,0,0,109,A
3-PA,1855,0,106,0,0,106,T
3-PA,1856,0,0,106,0,106,G
3-PA,1857,0,0,104,0,104,G
3-PA,1858,1,0,0,108,109,C
3-PA,1859,0,0,0,109,109,C
3-PA,1860,1,0,0,110,111,C
3-PA,1861,112,0,0,0,112,A
3-PA,1862,0,111,0,0,111,T
3-PA,1863,0,112,0,0,112,T
3-PA,1864,0,0,112,0,112,G
3-PA,1865,0,0,113,0,113,G
3-PA,1866,1,0,112,0,113,G
3-PA,1867,0,0,113,0,113,G
3-PA,1868,107,0,0,0,107,A
3-PA,1869,0,0,107,0,107,G
3-PA,1870,0,108,0,0,108,T
3-PA,1871,0,0,0,113,113,C
3-PA,1872,1,0,0,121,122,C
3-PA,1873,1,0,0,119,120,C
3-PA,1874,0,0,0,122,122,C
3-PA,1875,0,0,0,120,120,C
3-PA,1876,121,0,0,0,121,A
3-PA,1877,122,0,0,0,122,A
3-PA,1878,0,1,120,0,121,G
3-PA,1879,0,1,118,0,119,G
3-PA,1880,0,0,120,0,120,G
3-PA,1881,107,0,0,0,107,A
3-PA,1882,0,0,109,0,109,G
3-PA,1883,1,108,0,0,109,T
3-PA,1884,0,0,109,0,109,G
3-PA,1885,0,0,110,0,110,G
3-PA,1886,110,0,0,0,110,A
3-PA,1887,109,0,1,0,110,A
3-PA,1888,0,0,111,0,111,G
3-PA,1889,110,0,0,0,110,A
3-PA,1890,110,0,0,0,110,A
3-PA,1891,0,0,109,0,109,G
3-PA,1892,0,0,109,0,109,G
3-PA,1893,0,108,0,1,109,T
3-PA,1894,1,107,0,0,108,T
3-PA,1895,1,0,0,107,108,C
3-PA,1896,0,0,0,107,107,C
3-PA,1897,107,0,0,0,107,A
3-PA,1898,0,106,0,1,107,T
3-PA,1899,0,104,2,0,106,T
3-PA,1900,0,0,108,0,108,G
3-PA,1901,0,0,108,0,108,G
3-PA,1902,0,0,109,0,109,G
3-PA,1903,109,0,0,0,109,A
3-PA,1904,107,0,0,0,107,A
3-PA,1905,108,0,0,0,108,A
3-PA,1906,0,0,110,0,110,G
3-PA,1907,0,109,0,0,109,T
3-PA,1908,0,0,0,110,110,C
3-PA,1909,0,110,0,0,110,T
3-PA,1910,0,0,110,0,110,G
3-PA,1911,0,110,0,0,110,T
3-PA,1912,110,0,0,0,110,A
3-PA,1913,0,0,109,0,109,G
3-PA,1914,0,1,106,0,107,G
3-PA,1915,99,0,1,0,100,A
3-PA,1916,0,0,0,101,101,C
3-PA,1917,0,97,0,0,97,T
3-PA,1918,0,0,0,102,102,C
3-PA,1919,0,101,0,0,101,T
3-PA,1920,101,0,0,0,101,A
3-PA,1921,0,101,0,0,101,T
3-PA,1922,0,101,0,0,101,T
3-PA,1923,0,0,104,0,104,G
3-PA,1924,0,0,104,0,104,G
3-PA,1925,0,0,0,104,104,C
3-PA,1926,0,101,0,0,101,T
3-PA,1927,94,0,0,0,94,A
3-PA,1928,95,0,1,0,96,A
3-PA,1929,0,0,97,0,97,G
3-PA,1930,0,95,0,0,95,T
3-PA,1931,0,0,0,97,97,C
3-PA,1932,95,0,0,0,95,A
3-PA,1933,0,0,100,0,100,G
3-PA,1934,0,100,0,0,100,T
3-PA,1935,102,0,0,0,102,A
3-PA,1936,0,102,0,0,102,T
3-PA,1937,0,105,0,0,105,T
3-PA,1938,1,0,0,105,106,C
3-PA,1939,105,0,0,0,105,A
3-PA,1940,106,0,0,0,106,A
3-PA,1941,0,105,1,0,106,T
3-PA,1942,100,0,0,0,100,A
3-PA,1943,0,0,102,0,102,G
3-PA,1944,0,0,0,99,99,C
3-PA,1945,0,0,0,100,100,C
3-PA,1946,0,96,0,0,96,T
3-PA,1947,0,0,101,0,101,G
3-PA,1948,0,100,0,0,100,T
3-PA,1949,101,0,0,0,101,A
3-PA,1950,0,100,0,1,101,T
3-PA,1951,0,0,100,0,100,G
3-PA,1952,0,0,0,101,101,C
3-PA,1953,99,0,0,0,99,A
3-PA,1954,0,98,0,0,98,T
3-PA,1955,0,0,0,98,98,C
3-PA,1956,95,0,0,0,95,A
3-PA,1957,0,0,0,98,98,C
3-PA,1958,1,0,0,94,95,C
3-PA,1959,96,0,0,0,96,A
3-PA,1960,0,0,0,95,95,C
3-PA,1961,93,0,0,0,93,A
3-PA,1962,93,0,0,0,93,A
3-PA,1963,0,92,0,0,92,T
3-PA,1964,0,92,0,0,92,T
3-PA,1965,0,0,92,0,92,G
3-PA,1966,0,0,90,0,90,G
3-PA,1967,89,0,0,0,89,A
3-PA,1968,89,0,0,0,89,A
3-PA,1969,0,0,89,0,89,G
3-PA,1970,0,0,89,0,89,G
3-PA,1971,90,0,0,0,90,A
3-PA,1972,0,83,0,1,84,T
3-PA,1973,0,84,0,0,84,T
3-PA,1974,0,84,0,0,84,T
3-PA,1975,0,83,0,0,83,T
3-PA,1976,0,0,0,83,83,C
3-PA,1977,81,0,0,0,81,A
3-PA,1978,0,0,79,0,79,G
3-PA,1979,0,0,0,78,78,C
3-PA,1980,0,0,78,0,78,G
3-PA,1981,0,0,77,0,77,G
3-PA,1982,78,0,0,0,78,A
3-PA,1983,0,0,82,0,82,G
3-PA,1984,0,82,0,0,82,T
3-PA,1985,0,0,0,84,84,C
3-PA,1986,84,0,0,0,84,A
3-PA,1987,84,0,0,0,84,A
3-PA,1988,0,0,83,0,83,G
3-PA,1989,84,0,0,0,84,A
3-PA,1990,84,0,0,0,84,A
3-PA,1991,84,0,0,0,84,A
3-PA,1992,80,0,0,1,81,A
3-PA,1993,0,0,0,81,81,C
3-PA,1994,0,81,0,0,81,T
3-PA,1995,0,0,81,0,81,G
3-PA,1996,0,0,0,81,81,C
3-PA,1997,0,81,0,0,81,T
3-PA,1998,0,0,0,82,82,C
3-PA,1999,0,0,0,82,82,C
3-PA,2000,0,86,0,0,86,T
3-PA,2001,0,86,0,0,86,T
3-PA,2002,0,0,86,0,86,G
3-PA,2003,0,85,0,0,85,T
3-PA,2004,0,84,0,0,84,T
3-PA,2005,0,0,87,0,87,G
3-PA,2006,0,86,0,0,86,T
3-PA,2007,0,84,0,1,85,T
3-PA,2008,0,0,0,85,85,C
3-PA,2009,81,0,0,0,81,A
3-PA,2010,0,0,82,0,82,G
3-PA,2011,0,0,82,0,82,G
3-PA,2012,0,0,0,81,81,C
3-PA,2013,0,81,0,0,81,T
3-PA,2014,0,0,0,86,86,C
3-PA,2015,0,86,0,0,86,T
3-PA,2016,0,85,0,0,85,T
3-PA,2017,85,0,0,0,85,A
3-PA,2018,0,0,85,0,85,G
3-PA,2019,0,0,83,0,83,G
3-PA,2020,0,0,83,0,83,G
3-PA,2021,81,0,0,0,81,A
3-PA,2022,0,0,0,81,81,C
3-PA,2023,72,0,1,0,73,A
3-PA,2024,76,0,0,0,76,A
3-PA,2025,2,0,0,77,79,C
3-PA,2026,0,0,0,79,79,C
3-PA,2027,0,79,0,1,80,T
3-PA,2028,0,0,0,80,80,C
3-PA,2029,0,0,78,0,78,G
3-PA,2030,79,0,0,0,79,A
3-PA,2031,79,0,0,0,79,A
3-PA,2032,0,0,0,79,79,C
3-PA,2033,0,0,0,77,77,C
3-PA,2034,0,74,0,0,74,T
3-PA,2035,0,0,72,0,72,G
3-PA,2036,0,0,74,0,74,G
3-PA,2037,1,0,73,0,74,G
3-PA,2038,74,0,0,0,74,A
3-PA,2039,0,0,0,73,73,C
3-PA,2040,0,0,0,73,73,C
3-PA,2041,0,71,0,0,71,T
3-PA,2042,0,71,0,0,71,T
3-PA,2043,0,71,0,0,71,T
3-PA,2044,0,0,72,0,72,G
3-PA,2045,72,0,0,0,72,A
3-PA,2046,0,72,0,0,72,T
3-PA,2047,0,0,0,72,72,C
3-PA,2048,0,72,0,0,72,T
3-PA,2049,0,72,0,0,72,T
3-PA,2050,0,0,72,0,72,G
3-PA,2051,0,0,72,0,72,G
3-PA,2052,0,0,71,0,71,G
3-PA,2053,0,1,71,0,72,G
3-PA,2054,0,0,72,0,72,G
3-PA,2055,0,0,71,0,71,G
3-PA,2056,1,0,0,70,71,C
3-PA,2057,0,71,0,0,71,T
3-PA,2058,72,0,0,0,72,A
3-PA,2059,0,72,0,0,72,T
3-PA,2060,72,0,0,0,72,A
3-PA,2061,0,72,0,0,72,T
3-PA,2062,0,0,69,0,69,G
3-PA,2063,70,0,0,0,70,A
3-PA,2064,69,0,0,0,69,A
3-PA,2065,0,0,70,0,70,G
3-PA,2066,0,0,0,70,70,C
3-PA,2067,66,0,0,0,66,A
3-PA,2068,68,0,0,0,68,A
3-PA,2069,0,68,0,0,68,T
3-PA,2070,0,68,0,0,68,T
3-PA,2071,0,0,68,0,68,G
3-PA,2072,68,0,0,0,68,A
3-PA,2073,0,0,68,0,68,G
3-PA,2074,0,0,66,0,66,G
3-PA,2075,60,0,0,0,60,A
3-PA,2076,0,0,60,0,60,G
3-PA,2077,0,60,0,0,60,T
3-PA,2078,0,0,60,0,60,G
3-PA,2079,0,0,0,60,60,C
3-PA,2080,0,0,0,59,59,C
3-PA,2081,0,59,0,0,59,T
3-PA,2082,0,1,58,0,59,G
3-PA,2083,59,0,0,0,59,A
3-PA,2084,0,59,0,0,59,T
3-PA,2085,0,56,0,0,56,T
3-PA,2086,55,0,0,0,55,A
3-PA,2087,55,0,0,0,55,A
3-PA,2088,0,53,0,0,53,T
3-PA,2089,0,0,53,0,53,G
3-PA,2090,52,0,0,0,52,A
3-PA,2091,0,51,0,0,51,T
3-PA,2092,0,0,0,51,51,C
3-PA,2093,0,0,0,52,52,C
3-PA,2094,0,0,0,52,52,C
3-PA,2095,0,50,0,0,50,T
3-PA,2096,0,0,51,0,51,G
3-PA,2097,0,0,51,0,51,G
3-PA,2098,0,0,51,0,51,G
3-PA,2099,0,50,0,0,50,T
3-PA,2100,0,48,0,0,48,T
3-PA,2101,0,48,0,0,48,T
3-PA,2102,0,48,0,0,48,T
3-PA,2103,0,0,48,0,48,G
3-PA,2104,0,0,0,48,48,C
3-PA,2105,0,48,0,0,48,T
3-PA,2106,0,0,0,48,48,C
3-PA,2107,45,0,0,0,45,A
3-PA,2108,46,0,0,0,46,A
3-PA,2109,0,46,0,0,46,T
3-PA,2110,0,0,46,0,46,G
3-PA,2111,0,0,0,46,46,C
3-PA,2112,0,0,46,0,46,G
3-PA,2113,0,47,0,0,47,T
3-PA,2114,0,1,0,46,47,C
3-PA,2115,0,47,0,0,47,T
3-PA,2116,0,48,0,0,48,T
3-PA,2117,0,1,46,0,47,G
3-PA,2118,0,0,47,0,47,G
3-PA,2119,0,45,0,1,46,T
3-PA,2120,0,46,0,0,46,T
3-PA,2121,0,0,0,45,45,C
3-PA,2122,43,0,0,0,43,A
3-PA,2123,43,0,0,0,43,A
3-PA,2124,0,0,0,43,43,C
3-PA,2125,0,42,0,0,42,T
3-PA,2126,0,0,0,42,42,C
3-PA,2127,0,0,0,40,40,C
3-PA,2128,0,39,0,0,39,T
3-PA,2129,0,39,0,0,39,T
3-PA,2130,1,0,0,38,39,C
3-PA,2131,0,0,0,39,39,C
3-PA,2132,0,36,0,0,36,T
3-PA,2133,0,0,36,0,36,G
3-PA,2134,36,0,0,0,36,A
3-PA,2135,0,0,0,36,36,C
3-PA,2136,35,0,0,0,35,A
3-PA,2137,0,0,0,32,32,C
3-PA,2138,31,0,0,0,31,A
3-PA,2139,0,31,0,0,31,T
3-PA,2140,0,0,30,0,30,G
3-PA,2141,0,0,0,30,30,C
3-PA,2142,30,0,0,0,30,A
3-PA,2143,0,30,0,0,30,T
3-PA,2144,0,30,0,0,30,T
3-PA,2145,30,0,0,0,30,A
3-PA,2146,30,0,0,0,30,A
3-PA,2147,30,0,0,0,30,A
3-PA,2148,30,0,0,0,30,A
3-PA,2149,0,29,0,0,29,T
3-PA,2150,23,0,0,0,23,A
3-PA,2151,0,0,23,0,23,G
4-HA,1,399,0,0,0,399,A
4-HA,2,0,399,0,0,399,T
4-HA,3,0,0,402,0,402,G
4-HA,4,418,0,1,0,419,A
4-HA,5,421,0,1,0,422,A
4-HA,6,0,0,462,0,462,G
4-HA,7,461,0,0,0,461,A
4-HA,8,0,0,0,503,503,C
4-HA,9,0,511,0,1,512,T
4-HA,10,524,0,0,0,524,A
4-HA,11,0,550,0,1,551,T
4-HA,12,0,0,0,553,553,C
4-HA,13,553,0,0,0,553,A
4-HA,14,0,553,0,0,553,T
4-HA,15,0,554,0,0,554,T
4-HA,16,1,0,607,0,608,G
4-HA,17,0,1,0,612,613,C
4-HA,18,0,616,0,0,616,T
4-HA,19,0,612,0,0,612,T
4-HA,20,0,615,0,0,615,T
4-HA,21,0,1,651,0,652,G
4-HA,22,656,0,0,0,656,A
4-HA,23,0,1,670,0,671,G
4-HA,24,0,0,0,675,675,C
4-HA,25,0,673,0,1,674,T
4-HA,26,726,0,0,0,726,A
4-HA,27,0,1,0,733,734,C
4-HA,28,745,0,0,0,745,A
4-HA,29,0,795,0,1,796,T
4-HA,30,0,787,0,0,787,T
4-HA,31,2,0,0,794,796,C
4-HA,32,0,795,0,0,795,T
4-HA,33,809,0,0,0,809,A
4-HA,34,0,813,0,0,813,T
4-HA,35,0,0,814,0,814,G
4-HA,36,0,811,0,2,813,T
4-HA,37,1,0,0,810,811,C
4-HA,38,0,802,0,4,806,T
4-HA,39,0,0,810,0,810,G
4-HA,40,0,0,816,0,816,G
4-HA,41,0,814,0,0,814,T
4-HA,42,0,814,0,0,814,T
4-HA,43,0,816,0,0,816,T
4-HA,44,0,816,0,0,816,T
4-HA,45,0,0,0,816,816,C
4-HA,46,1,0,815,0,816,G
4-HA,47,0,0,0,828,828,C
4-HA,48,0,819,0,3,822,T
4-HA,49,4,0,0,827,831,C
4-HA,50,832,0,0,0,832,A
4-HA,51,835,0,0,0,835,A
4-HA,52,833,0,0,0,833,A
4-HA,53,829,0,0,0,829,A
4-HA,54,833,0,0,0,833,A
4-HA,55,0,0,0,837,837,C
4-HA,56,0,828,0,2,830,T
4-HA,57,0,836,0,0,836,T
4-HA,58,1,0,0,831,832,C
4-HA,59,0,0,0,833,833,C
4-HA,60,0,828,0,1,829,T
4-HA,61,0,0,845,0,845,G
4-HA,62,0,1,844,0,845,G
4-HA,63,848,0,0,0,848,A
4-HA,64,861,0,5,0,866,A
4-HA,65,865,0,1,0,866,A
4-HA,66,0,875,0,0,875,T
4-HA,67,0,5,875,0,880,G
4-HA,68,877,0,1,0,878,A
4-HA,69,0,0,0,888,888,C
4-HA,70,884,0,1,0,885,A
4-HA,71,883,0,0,0,883,A
4-HA,72,0,0,0,910,910,C
4-HA,73,895,0,1,0,896,A
4-HA,74,0,1,905,0,906,G
4-HA,75,2,0,0,903,905,C
4-HA,76,900,0,0,0,900,A
4-HA,77,0,1,0,931,932,C
4-HA,78,0,2,923,0,925,G
4-HA,79,0,0,935,0,935,G
4-HA,80,0,0,0,936,936,C
4-HA,81,924,0,0,0,924,A
4-HA,82,939,0,2,0,941,A
4-HA,83,0,0,0,949,949,C
4-HA,84,0,0,963,0,963,G
4-HA,85,0,0,0,965,965,C
4-HA,86,0,954,0,0,954,T
4-HA,87,0,0,969,0,969,G
4-HA,88,0,965,0,1,966,T
4-HA,89,0,0,1006,0,1006,G
4-HA,90,0,0,0,1022,1022,C
4-HA,91,3,0,0,1037,1040,C
4-HA,92,0,1033,0,0,1033,T
4-HA,93,0,1024,0,0,1024,T
4-HA,94,0,0,1034,0,1034,G
4-HA,95,0,1,1030,0,1031,G
4-HA,96,3,0,1041,0,1044,G
4-HA,97,0,1,0,1042,1043,C
4-HA,98,1029,0,2,0,1031,A
4-HA,99,0,0,0,1045,1045,C
4-HA,100,2,0,0,1027,1029,C
4-HA,101,1124,1,0,0,1125,A
4-HA,102,0,1127,0,0,1127,T
4-HA,103,0,0,1136,0,1136,G
4-HA,104,0,0,0,1140,1140,C
4-HA,105,1116,0,0,0,1116,A
4-HA,106,0,1,1197,0,1198,G
4-HA,107,0,1198,0,0,1198,T
4-HA,108,1200,0,0,0,1200,A
4-HA,109,0,1,0,1197,1198,C
4-HA,110,0,1,0,1148,1149,C
4-HA,111,1153,0,0,0,1153,A
4-HA,112,1149,0,0,0,1149,A
4-HA,113,1148,0,1,0,1149,A
4-HA,114,0,0,0,1161,1161,C
4-HA,115,1,1,1105,0,1107,G
4-HA,116,0,5,1125,0,1130,G
4-HA,117,1123,0,0,0,1123,A
4-HA,118,1127,0,3,0,1130,A
4-HA,119,0,1,0,1131,1132,C
4-HA,120,0,1,1135,0,1136,G
4-HA,121,1149,0,3,0,1152,A
4-HA,122,0,1154,0,0,1154,T
4-HA,123,1169,0,0,0,1169,A
4-HA,124,0,0,1169,0,1169,G
4-HA,125,0,1150,0,3,1153,T
4-HA,126,0,0,1156,0,1156,G
4-HA,127,1155,0,0,0,1155,A
4-HA,128,1151,0,0,0,1151,A
4-HA,129,1155,0,1,0,1156,A
4-HA,130,1146,0,0,0,1146,A
4-HA,131,0,0,0,1155,1155,C
4-HA,132,1144,0,1,0,1145,A
4-HA,133,1152,0,0,0,1152,A
4-HA,134,0,1148,0,1,1149,T
4-HA,135,0,0,0,1150,1150,C
4-HA,136,1149,0,2,0,1151,A
4-HA,137,0,0,0,1158,1158,C
4-HA,138,0,3,1153,0,1156,G
4-HA,139,1154,0,0,0,1154,A
4-HA,140,1150,0,0,1,1151,A
4-HA,141,0,1152,0,0,1152,T
4-HA,142,0,4,1147,0,1151,G
4-HA,143,1155,0,6,0,1161,A
4-HA,144,0,0,0,1160,1160,C
4-HA,145,2,0,0,1159,1161,C
4-HA,146,1178,0,0,0,1178,A
4-HA,147,1180,0,1,0,1181,A
4-HA,148,1177,0,0,0,1177,A
4-HA,149,0,1174,0,1,1175,T
4-HA,150,0,1174,0,2,1176,T
4-HA,151,0,2,1182,0,1184,G
4-HA,152,1168,0,2,0,1170,A
4-HA,153,1174,0,3,0,1177,A
4-HA,154,1,0,1179,0,1180,G
4-HA,155,0,1170,0,0,1170,T
4-HA,156,0,1216,0,1,1217,T
4-HA,157,1216,0,0,0,1216,A
4-HA,158,0,0,0,1228,1228,C
4-HA,159,0,1231,0,1,1232,T
4-HA,160,1220,0,1,0,1221,A
4-HA,161,1244,0,0,0,1244,A
4-HA,162,1,1243,0,0,1244,T
4-HA,163,0,0,1241,0,1241,G
4-HA,164,0,0,0,1311,1311,C
4-HA,165,0,1290,0,0,1290,T
4-HA,166,1293,0,0,0,1293,A
4-HA,167,0,0,0,1295,1295,C
4-HA,168,0,1288,0,0,1288,T
4-HA,169,1,6,1287,0,1294,G
4-HA,170,1271,0,1,0,1272,A
4-HA,171,0,0,1276,0,1276,G
4-HA,172,0,0,0,1275,1275,C
4-HA,173,0,1234,0,1,1235,T
4-HA,174,0,2,1275,0,1277,G
4-HA,175,1,0,1305,0,1306,G
4-HA,176,0,1309,0,0,1309,T
4-HA,177,0,1307,0,0,1307,T
4-HA,178,2,0,0,1303,1305,C
4-HA,179,1299,0,2,0,1301,A
4-HA,180,0,4,1304,0,1308,G
4-HA,181,1303,0,1,0,1304,A
4-HA,182,0,0,1341,0,1341,G
4-HA,183,0,1321,0,0,1321,T
4-HA,184,1,1289,0,1,1291,T
4-HA,185,4,0,1,1294,1299,C
4-HA,186,0,0,0,1304,1304,C
4-HA,187,0,1291,0,1,1292,T
4-HA,188,2,0,0,1304,1306,C
4-HA,189,1295,0,0,0,1295,A
4-HA,190,1298,0,2,0,1300,A
4-HA,191,0,0,0,1309,1309,C
4-HA,192,1271,0,2,0,1273,A
4-HA,193,0,0,1317,0,1317,G
4-HA,194,0,0,1312,0,1312,G
4-HA,195,2,1303,0,1,1306,T
4-HA,196,1,0,1310,0,1311,G
4-HA,197,1308,0,0,0,1308,A
4-HA,198,1310,0,1,1,1312,A
4-HA,199,1366,2,0,0,1368,A
4-HA,200,0,1357,0,0,1357,T
4-HA,201,1368,0,1,0,1369,A
4-HA,202,0,1339,0,0,1339,T
4-HA,203,0,0,1333,0,1333,G
4-HA,204,1,0,0,1345,1346,C
4-HA,205,1,2,1340,0,1343,G
4-HA,206,1335,1,5,0,1341,A
4-HA,207,0,1,0,1340,1341,C
4-HA,208,1308,0,0,0,1308,A
4-HA,209,0,1,1432,0,1433,G
4-HA,210,0,1421,0,2,1423,T
4-HA,211,2,1,0,1438,1441,C
4-HA,212,5,1,0,1436,1442,C
4-HA,213,0,1425,0,3,1428,T
4-HA,214,3,0,0,1463,1466,C
4-HA,215,1464,0,1,0,1465,A
4-HA,216,0,1465,0,1,1466,T
4-HA,217,2,0,0,1468,1470,C
4-HA,218,1363,0,2,0,1365,A
4-HA,219,0,3,1371,0,1374,G
4-HA,220,1353,0,1,0,1354,A
4-HA,221,0,1357,0,0,1357,T
4-HA,222,7,0,0,1358,1365,C
4-HA,223,1,0,0,1328,1329,C
4-HA,224,1,1323,0,0,1324,T
4-HA,225,0,1321,1,2,1324,T
4-HA,226,0,1,1325,0,1326,G
4-HA,227,1330,0,0,0,1330,A
4-HA,228,1,1324,0,0,1325,T
4-HA,229,1,0,1347,0,1348,G
4-HA,230,0,2,1344,0,1346,G
4-HA,231,1337,0,1,0,1338,A
4-HA,232,1340,0,0,0,1340,A
4-HA,233,1342,0,0,0,1342,A
4-HA,234,1349,0,0,0,1349,A
4-HA,235,1349,0,1,0,1350,A
4-HA,236,1355,0,0,1,1356,A
4-HA,237,0,0,0,1364,1364,C
4-HA,238,0,1347,0,0,1347,T
4-HA,239,1,2,1351,0,1354,G
4-HA,240,0,0,0,1353,1353,C
4-HA,241,1355,0,0,0,1355,A
4-HA,242,0,0,0,1416,1416,C
4-HA,243,1410,0,6,0,1416,A
4-HA,244,0,0,0,1599,1599,C
4-HA,245,0,1592,0,0,1592,T
4-HA,246,1624,0,0,0,1624,A
4-HA,247,1618,0,4,0,1622,A
4-HA,248,0,1627,0,0,1627,T
4-HA,249,1620,0,2,0,1622,A
4-HA,250,0,3,1620,0,1623,G
4-HA,251,1579,0,1,0,1580,A
4-HA,252,0,1542,0,0,1542,T
4-HA,253,0,0,1436,0,1436,G
4-HA,254,0,0,0,1444,1444,C
4-HA,255,0,1434,1,0,1435,T
4-HA,256,4,0,0,1558,1562,C
4-HA,257,0,1553,0,1,1554,T
4-HA,258,1603,0,0,0,1603,A
4-HA,259,0,1602,0,1,1603,T
4-HA,260,0,1598,0,0,1598,T
4-HA,261,0,6,1625,0,1631,G
4-HA,262,0,1,1624,0,1625,G
4-HA,263,0,5,1632,0,1637,G
4-HA,264,1621,0,0,1,1622,A
4-HA,265,0,4,1593,0,1597,G
4-HA,266,1563,0,2,0,1565,A
4-HA,267,2,1,1,1809,1813,C
4-HA,268,4,0,0,1839,1843,C
4-HA,269,1,1,0,1854,1856,C
4-HA,270,0,1838,0,6,1844,T
4-HA,271,1,0,0,1907,1908,C
4-HA,272,1907,1,1,0,1909,A
4-HA,273,0,1,2093,0,2094,G
4-HA,274,0,2091,0,3,2094,T
4-HA,275,0,5,2102,0,2107,G
4-HA,276,1,2047,0,0,2048,T
4-HA,277,0,2,2039,0,2041,G
4-HA,278,2025,5,3,1,2034,A
4-HA,279,0,2035,0,1,2036,T
4-HA,280,0,5,2016,0,2021,G
4-HA,281,0,0,2027,0,2027,G
4-HA,282,0,0,0,1991,1991,C
4-HA,283,0,1997,0,2,1999,T
4-HA,284,1,1991,0,2,1994,T
4-HA,285,1,0,0,1999,2000,C
4-HA,286,1,1,0,1995,1997,C
4-HA,287,2001,0,0,0,2001,A
4-HA,288,2011,0,1,0,2012,A
4-HA,289,2013,0,1,0,2014,A
4-HA,290,2016,0,0,0,2016,A
4-HA,291,0,2029,0,1,2030,T
4-HA,292,2027,0,0,0,2027,A
4-HA,293,2032,0,0,0,2032,A
4-HA,294,0,1,2050,0,2051,G
4-HA,295,2066,0,2,1,2069,A
4-HA,296,2068,0,0,0,2068,A
4-HA,297,2066,0,4,0,2070,A
4-HA,298,0,2074,0,0,2074,T
4-HA,299,1,5,2070,0,2076,G
4-HA,300,1,1,2073,0,2075,G
4-HA,301,0,6,2069,0,2075,G
4-HA,302,2073,0,1,0,2074,A
4-HA,303,0,0,0,2094,2094,C
4-HA,304,1,0,1,2080,2082,C
4-HA,305,0,2131,0,1,2132,T
4-HA,306,0,2125,0,0,2125,T
4-HA,307,0,2122,0,1,2123,T
4-HA,308,0,2146,0,1,2147,T
4-HA,309,0,2141,0,0,2141,T
4-HA,310,0,1,2153,0,2154,G
4-HA,311,0,2153,1,0,2154,T
4-HA,312,0,2145,0,0,2145,T
4-HA,313,4,11,2131,0,2146,G
4-HA,314,2120,1,0,0,2121,A
4-HA,315,2135,0,1,0,2136,A
4-HA,316,0,0,0,2129,2129,C
4-HA,317,1,0,2121,0,2122,G
4-HA,318,1,0,0,2157,2158,C
4-HA,319,2153,0,1,1,2155,A
4-HA,320,2,0,2170,0,2172,G
4-HA,321,2,1,0,2173,2176,C
4-HA,322,2177,0,1,0,2178,A
4-HA,323,2177,0,1,0,2178,A
4-HA,324,2158,0,2,0,2160,A
4-HA,325,1,1,2207,1,2210,G
4-HA,326,0,0,0,2209,2209,C
4-HA,327,0,0,0,2184,2184,C
4-HA,328,4,0,0,2157,2161,C
4-HA,329,2177,0,1,0,2178,A
4-HA,330,0,1,0,2239,2240,C
4-HA,331,2238,0,2,0,2240,A
4-HA,332,0,0,2246,0,2246,G
4-HA,333,0,0,0,2241,2241,C
4-HA,334,2210,0,2,0,2212,A
4-HA,335,2229,0,0,0,2229,A
4-HA,336,0,0,0,2358,2358,C
4-HA,337,0,2354,0,0,2354,T
4-HA,338,0,0,2361,0,2361,G
4-HA,339,0,2321,0,4,2325,T
4-HA,340,1,2328,0,0,2329,T
4-HA,341,2324,0,0,0,2324,A
4-HA,342,0,0,1,2496,2497,C
4-HA,343,3,0,0,2508,2511,C
4-HA,344,13,0,0,2585,2598,C
4-HA,345,0,2477,0,0,2477,T
4-HA,346,0,2475,0,1,2476,T
4-HA,347,2479,0,0,0,2479,A
4-HA,348,0,2481,0,3,2484,T
4-HA,349,1,2,2480,0,2483,G
4-HA,350,2465,0,3,0,2468,A
4-HA,351,0,2277,0,1,2278,T
4-HA,352,1,0,2325,0,2326,G
4-HA,353,0,2267,0,0,2267,T
4-HA,354,0,0,2265,0,2265,G
4-HA,355,1,1,0,2265,2267,C
4-HA,356,7,3,0,2248,2258,C
4-HA,357,1,0,2329,0,2330,G
4-HA,358,0,2,2359,0,2361,G
4-HA,359,2354,1,3,0,2358,A
4-HA,360,0,2369,0,1,2370,T
4-HA,361,0,2328,0,1,2329,T
4-HA,362,2350,0,1,0,2351,A
4-HA,363,0,2350,0,2,2352,T
4-HA,364,0,0,2356,0,2356,G
4-HA,365,1,4,0,2349,2354,C
4-HA,366,2,0,0,2315,2317,C
4-HA,367,0,2329,0,1,2330,T
4-HA,368,4,1,0,2449,2454,C
4-HA,369,2,0,0,2474,2476,C
4-HA,370,5,0,0,2477,2482,C
4-HA,371,0,2471,0,0,2471,T
4-HA,372,0,2478,0,1,2479,T
4-HA,373,2472,0,0,0,2472,A
4-HA,374,1,2,2541,0,2544,G
4-HA,375,1,0,2563,0,2564,G
4-HA,376,1,2522,0,1,2524,T
4-HA,377,8,1,0,2476,2485,C
4-HA,378,2446,1,1,0,2448,A
4-HA,379,0,1,0,2517,2518,C
4-HA,380,0,2520,0,0,2520,T
4-HA,381,2522,0,1,0,2523,A
4-HA,382,1,1,2519,0,2521,G
4-HA,383,0,2474,0,1,2475,T
4-HA,384,1,2454,0,0,2455,T
4-HA,385,1,1,2493,0,2495,G
4-HA,386,0,0,0,2498,2498,C
4-HA,387,3,0,0,2497,2500,C
4-HA,388,0,2463,0,0,2463,T
4-HA,389,0,0,0,2482,2482,C
4-HA,390,2584,0,1,0,2585,A
4-HA,391,0,2578,1,1,2580,T
4-HA,392,1,0,0,2583,2584,C
4-HA,393,2,2,0,2578,2582,C
4-HA,394,3,2,2554,0,2559,G
4-HA,395,1,1,2570,0,2572,G
4-HA,396,2,4,0,2578,2584,C
4-HA,397,2595,0,3,0,2598,A
4-HA,398,0,1,0,2634,2635,C
4-HA,399,2565,0,1,0,2566,A
4-HA,400,0,0,0,2582,2582,C
4-HA,401,0,2570,0,3,2573,T
4-HA,402,11,1,2588,0,2600,G
4-HA,403,0,8,2633,0,2641,G
4-HA,404,2620,0,0,1,2621,A
4-HA,405,53,1,2608,0,2662,G
4-HA,406,0,2628,0,0,2628,T
4-HA,407,0,2604,0,1,2605,T
4-HA,408,0,2575,0,38,2613,T
4-HA,409,2606,0,1,0,2607,A
4-HA,410,2607,1,3,0,2611,A
4-HA,411,0,0,0,2624,2624,C
4-HA,412,2549,0,0,0,2549,A
4-HA,413,2545,0,2,0,2547,A
4-HA,414,0,2530,0,0,2530,T
4-HA,415,0,5,2524,0,2529,G
4-HA,416,2530,0,3,0,2533,A
4-HA,417,2533,0,3,0,2536,A
4-HA,418,2523,0,6,0,2529,A
4-HA,419,1,0,2543,0,2544,G
4-HA,420,0,1,0,2565,2566,C
4-HA,421,0,2555,0,2,2557,T
4-HA,422,0,2547,0,1,2548,T
4-HA,423,1,0,0,2589,2590,C
4-HA,424,2590,1,0,0,2591,A
4-HA,425,2589,0,1,7,2597,A
4-HA,426,0,2595,1,1,2597,T
4-HA,427,1,2594,0,0,2595,T
4-HA,428,2,4,2663,1,2670,G
4-HA,429,0,9,2687,0,2696,G
4-HA,430,2692,0,3,0,2695,A
4-HA,431,0,1,0,2701,2702,C
4-HA,432,1,2657,0,1,2659,T
4-HA,433,1,4,2666,0,2671,G
4-HA,434,0,1,2681,0,2682,G
4-HA,435,2673,1,8,0,2682,A
4-HA,436,0,0,2693,0,2693,G
4-HA,437,2,2599,0,5,2606,T
4-HA,438,6,0,0,2565,2571,C
4-HA,439,2603,0,2,0,2605,A
4-HA,440,1,0,0,2621,2622,C
4-HA,441,0,2608,0,2,2610,T
4-HA,442,4,0,0,2610,2614,C
4-HA,443,2582,0,0,0,2582,A
4-HA,444,2613,0,0,0,2613,A
4-HA,445,2605,0,1,0,2606,A
4-HA,446,2607,0,3,0,2610,A
4-HA,447,0,2,0,2620,2622,C
4-HA,448,0,2,2588,0,2590,G
4-HA,449,2,5,2642,0,2649,G
4-HA,450,2638,0,1,0,2639,A
4-HA,451,2637,0,6,0,2643,A
4-HA,452,0,0,0,2648,2648,C
4-HA,453,2628,0,1,0,2629,A
4-HA,454,2653,0,3,0,2656,A
4-HA,455,0,1,2687,0,2688,G
4-HA,456,0,0,0,2685,2685,C
4-HA,457,0,2665,0,1,2666,T
4-HA,458,5,0,0,2685,2690,C
4-HA,459,0,2658,0,0,2658,T
4-HA,460,1,1,2682,0,2684,G
4-HA,461,1,0,0,2685,2686,C
4-HA,462,0,2682,0,1,2683,T
4-HA,463,0,2761,0,2,2763,T
4-HA,464,0,0,2807,0,2807,G
4-HA,465,2,0,0,2843,2845,C
4-HA,466,2845,0,0,0,2845,A
4-HA,467,0,2808,0,0,2808,T
4-HA,468,2803,0,1,1,2805,A
4-HA,469,2787,1,1,0,2789,A
4-HA,470,0,0,2795,0,2795,G
4-HA,471,0,5,2781,0,2786,G
4-HA,472,2661,0,0,0,2661,A
4-HA,473,0,2,2620,0,2622,G
4-HA,474,2600,0,2,0,2602,A
4-HA,475,0,2708,0,0,2708,T
4-HA,476,4,0,0,2730,2734,C
4-HA,477,0,2726,0,1,2727,T
4-HA,478,2730,0,1,0,2731,A
4-HA,479,2712,0,1,0,2713,A
4-HA,480,2688,0,0,1,2689,A
4-HA,481,2699,0,1,0,2700,A
4-HA,482,2701,0,0,1,2702,A
4-HA,483,0,2,0,2716,2718,C
4-HA,484,2623,0,0,0,2623,A
4-HA,485,1,0,2629,1,2631,G
4-HA,486,0,2615,0,2,2617,T
4-HA,487,0,2660,0,0,2660,T
4-HA,488,0,2657,0,7,2664,T
4-HA,489,6,0,1,2750,2757,C
4-HA,490,0,2751,0,3,2754,T
4-HA,491,0,2768,0,0,2768,T
4-HA,492,0,2766,0,1,2767,T
4-HA,493,2758,0,2,0,2760,A
4-HA,494,2,1,2760,0,2763,G
4-HA,495,0,2751,0,2,2753,T
4-HA,496,2749,0,2,0,2751,A
4-HA,497,0,3,2749,0,2752,G
4-HA,498,2689,0,1,0,2690,A
4-HA,499,0,2695,0,1,2696,T
4-HA,500,0,2674,0,0,2674,T
4-HA,501,2,8,2732,0,2742,G
4-HA,502,2741,0,2,0,2743,A
4-HA,503,2743,0,2,0,2745,A
4-HA,504,0,2739,0,0,2739,T
4-HA,505,2,2693,0,1,2696,T
4-HA,506,0,2,2724,0,2726,G
4-HA,507,0,1,2720,0,2721,G
4-HA,508,0,2728,0,0,2728,T
4-HA,509,0,2721,0,2,2723,T
4-HA,510,2,7,2669,0,2678,G
4-HA,511,2687,1,3,0,2691,A
4-HA,512,1,0,0,2690,2691,C
4-HA,513,3,1,0,2676,2680,C
4-HA,514,4,1,0,2719,2724,C
4-HA,515,2713,2,2,1,2718,A
4-HA,516,0,1,0,2738,2739,C
4-HA,517,1,2733,1,0,2735,T
4-HA,518,0,2742,0,0,2742,T
4-HA,519,2741,0,0,0,2741,A
4-HA,520,2733,0,1,0,2734,A
4-HA,521,2720,0,4,2,2726,A
4-HA,522,0,2,0,2648,2650,C
4-HA,523,0,2733,0,1,2734,T
4-HA,524,0,2741,0,3,2744,T
4-HA,525,3,0,0,2786,2789,C
4-HA,526,2782,2,2,0,2786,A
4-HA,527,2796,0,0,0,2796,A
4-HA,528,2796,0,0,0,2796,A
4-HA,529,0,2798,0,0,2798,T
4-HA,530,2849,0,0,0,2849,A
4-HA,531,0,1,0,2857,2858,C
4-HA,532,2,1,0,2781,2784,C
4-HA,533,6,0,1,2783,2790,C
4-HA,534,2766,0,4,0,2770,A
4-HA,535,0,1,2919,0,2920,G
4-HA,536,0,0,0,2936,2936,C
4-HA,537,2922,0,0,0,2922,A
4-HA,538,0,2903,0,14,2917,T
4-HA,539,0,2879,1,2,2882,T
4-HA,540,0,9,2991,0,3000,G
4-HA,541,3000,0,3,0,3003,A
4-HA,542,3013,0,3,0,3016,A
4-HA,543,0,1,0,3018,3019,C
4-HA,544,2,0,2930,0,2932,G
4-HA,545,0,2938,0,1,2939,T
4-HA,546,0,7,2944,0,2951,G
4-HA,547,2949,0,3,0,2952,A
4-HA,548,0,0,0,2956,2956,C
4-HA,549,0,2836,0,2,2838,T
4-HA,550,2934,0,0,0,2934,A
4-HA,551,0,2929,0,2,2931,T
4-HA,552,1,2,2955,0,2958,G
4-HA,553,1,1,0,2960,2962,C
4-HA,554,5,0,0,2906,2911,C
4-HA,555,2902,0,1,0,2903,A
4-HA,556,2900,0,2,0,2902,A
4-HA,557,2971,0,0,0,2971,A
4-HA,558,0,0,0,2987,2987,C
4-HA,559,2877,0,0,0,2877,A
4-HA,560,2897,0,2,0,2899,A
4-HA,561,0,2860,0,0,2860,T
4-HA,562,0,11,2857,0,2868,G
4-HA,563,2860,0,2,0,2862,A
4-HA,564,2857,1,2,0,2860,A
4-HA,565,0,1,0,2783,2784,C
4-HA,566,2810,0,1,0,2811,A
4-HA,567,2839,1,2,0,2842,A
4-HA,568,0,2841,0,0,2841,T
4-HA,569,1,2833,0,0,2834,T
4-HA,570,0,2841,0,0,2841,T
4-HA,571,1,13,2829,0,2843,G
4-HA,572,2841,0,4,0,2845,A
4-HA,573,0,0,0,2851,2851,C
4-HA,574,2840,0,1,0,2841,A
4-HA,575,2840,0,1,1,2842,A
4-HA,576,2842,0,35,1,2878,A
4-HA,577,0,2905,0,0,2905,T
4-HA,578,0,2884,0,0,2884,T
4-HA,579,2,0,2910,0,2912,G
4-HA,580,0,2911,0,0,2911,T
4-HA,581,2916,0,0,0,2916,A
4-HA,582,0,2,0,2997,2999,C
4-HA,583,2998,0,0,0,2998,A
4-HA,584,0,3057,0,0,3057,T
4-HA,585,0,2994,0,0,2994,T
4-HA,586,0,2976,0,0,2976,T
4-HA,587,0,6,2961,0,2967,G
4-HA,588,1,14,2943,0,2958,G
4-HA,589,1,7,2957,0,2965,G
4-HA,590,0,13,2955,0,2968,G
4-HA,591,1,7,2915,0,2923,G
4-HA,592,0,0,3009,0,3009,G
4-HA,593,0,2962,0,4,2966,T
4-HA,594,0,2972,0,4,2976,T
4-HA,595,9,1,0,2968,2978,C
4-HA,596,2973,0,4,1,2978,A
4-HA,597,1,1,0,3005,3007,C
4-HA,598,5,2,0,2997,3004,C
4-HA,599,2996,0,2,1,2999,A
4-HA,600,0,0,0,3041,3041,C
4-HA,601,3,0,0,2993,2996,C
4-HA,602,9,4,0,2966,2979,C
4-HA,603,6,4,2981,0,2991,G
4-HA,604,0,5,3071,0,3076,G
4-HA,605,1,0,3069,0,3070,G
4-HA,606,0,3036,0,0,3036,T
4-HA,607,3047,2,2,0,3051,A
4-HA,608,0,1,1,3020,3022,C
4-HA,609,15,4,2972,0,2991,G
4-HA,610,4,5,3043,0,3052,G
4-HA,611,3058,2,1,1,3062,A
4-HA,612,0,0,0,3050,3050,C
4-HA,613,2940,3,2,0,2945,A
4-HA,614,2938,0,0,0,2938,A
4-HA,615,2927,2,3,0,2932,A
4-HA,616,1,5,3007,0,3013,G
4-HA,617,3010,1,3,0,3014,A
4-HA,618,1,0,1,3016,3018,C
4-HA,619,1,1,0,2950,2952,C
4-HA,620,2962,3,1,1,2967,A
4-HA,621,2966,0,0,0,2966,A
4-HA,622,3020,0,0,0,3020,A
4-HA,623,1,3008,0,2,3011,T
4-HA,624,5,0,0,3040,3045,C
4-HA,625,0,2937,0,1,2938,T
4-HA,626,0,2928,0,1,2929,T
4-HA,627,1,0,1,2960,2962,C
4-HA,628,1,0,0,2976,2977,C
4-HA,629,0,2971,0,0,2971,T
4-HA,630,2,0,2995,0,2997,G
4-HA,631,1,2940,0,1,2942,T
4-HA,632,2977,0,0,0,2977,A
4-HA,633,0,2946,0,3,2949,T
4-HA,634,3,1,2963,0,2967,G
4-HA,635,1,1,1,2974,2977,C
4-HA,636,1,2936,0,8,2945,T
4-HA,637,10,3,0,2932,2945,C
4-HA,638,2945,0,3,0,2948,A
4-HA,639,2944,0,1,0,2945,A
4-HA,640,2,1,2951,0,2954,G
4-HA,641,0,1,0,2967,2968,C
4-HA,642,2958,0,0,2,2960,A
4-HA,643,0,2926,0,0,2926,T
4-HA,644,3,2,0,2912,2917,C
4-HA,645,2911,0,5,0,2916,A
4-HA,646,1,2,2948,0,2951,G
4-HA,647,2,8,2942,0,2952,G
4-HA,648,2945,0,1,0,2946,A
4-HA,649,2921,1,3,0,2925,A
4-HA,650,0,7,3061,0,3068,G
4-HA,651,3067,0,3,0,3070,A
4-HA,652,3129,0,2,0,3131,A
4-HA,653,0,3154,0,4,3158,T
4-HA,654,4,0,0,3151,3155,C
4-HA,655,3133,0,1,0,3134,A
4-HA,656,0,0,0,3142,3142,C
4-HA,657,3122,0,2,0,3124,A
4-HA,658,0,0,3191,0,3191,G
4-HA,659,0,3127,0,1,3128,T
4-HA,660,11,1,0,3133,3145,C
4-HA,661,0,3089,0,4,3093,T
4-HA,662,1,0,0,3185,3186,C
4-HA,663,1,3187,0,2,3190,T
4-HA,664,3211,0,1,0,3212,A
4-HA,665,0,1,0,3202,3203,C
4-HA,666,5,1,0,3197,3203,C
4-HA,667,3132,0,1,0,3133,A
4-HA,668,3144,0,1,1,3146,A
4-HA,669,3134,0,0,0,3134,A
4-HA,670,3128,0,1,0,3129,A
4-HA,671,0,2,3146,0,3148,G
4-HA,672,3059,0,1,0,3060,A
4-HA,673,3052,0,9,0,3061,A
4-HA,674,0,0,3061,0,3061,G
4-HA,675,1,1,0,3060,3062,C
4-HA,676,5,0,0,3070,3075,C
4-HA,677,3089,0,0,0,3089,A
4-HA,678,3083,7,4,0,3094,A
4-HA,679,0,1,0,3090,3091,C
4-HA,680,3082,0,1,1,3084,A
4-HA,681,3085,0,0,7,3092,A
4-HA,682,3092,0,1,0,3093,A
4-HA,683,0,1,0,3215,3216,C
4-HA,684,0,3197,1,1,3199,T
4-HA,685,2,0,3228,0,3230,G
4-HA,686,1,3217,0,1,3219,T
4-HA,687,3216,0,1,0,3217,A
4-HA,688,3228,1,5,0,3234,A
4-HA,689,0,3216,0,1,3217,T
4-HA,690,7,1,0,3245,3253,C
4-HA,691,1,0,0,3249,3250,C
4-HA,692,4,2,0,3177,3183,C
4-HA,693,3,5,3178,0,3186,G
4-HA,694,3180,0,1,0,3181,A
4-HA,695,3185,0,0,0,3185,A
4-HA,696,0,3185,0,0,3185,T
4-HA,697,3188,0,1,0,3189,A
4-HA,698,0,3163,1,21,3185,T
4-HA,699,2,0,0,3162,3164,C
4-HA,700,3,3,3154,0,3160,G
4-HA,701,0,5,3269,0,3274,G
4-HA,702,3271,0,1,0,3272,A
4-HA,703,0,3282,0,14,3296,T
4-HA,704,5,1,0,3304,3310,C
4-HA,705,0,3288,0,6,3294,T
4-HA,706,3286,0,1,0,3287,A
4-HA,707,0,9,3298,1,3308,G
4-HA,708,3332,2,4,0,3338,A
4-HA,709,1,1,0,3326,3328,C
4-HA,710,1,1,0,3227,3229,C
4-HA,711,3,0,0,3226,3229,C
4-HA,712,3204,0,2,0,3206,A
4-HA,713,1,4,3421,0,3426,G
4-HA,714,3420,0,5,0,3425,A
4-HA,715,0,1,3470,0,3471,G
4-HA,716,0,3418,0,0,3418,T
4-HA,717,3414,0,1,0,3415,A
4-HA,718,3410,0,5,0,3415,A
4-HA,719,0,2,3481,0,3483,G
4-HA,720,1,4,3506,1,3512,G
4-HA,721,3467,1,0,0,3468,A
4-HA,722,3187,0,8,0,3195,A
4-HA,723,0,3180,0,4,3184,T
4-HA,724,3184,0,4,0,3188,A
4-HA,725,0,3154,0,22,3176,T
4-HA,726,2,0,0,3213,3215,C
4-HA,727,2,0,0,3193,3195,C
4-HA,728,4,1,0,3120,3125,C
4-HA,729,0,3107,0,1,3108,T
4-HA,730,3120,0,0,0,3120,A
4-HA,731,0,0,3123,0,3123,G
4-HA,732,0,0,0,3126,3126,C
4-HA,733,3040,0,3,0,3043,A
4-HA,734,0,2,3119,0,3121,G
4-HA,735,3070,0,1,0,3071,A
4-HA,736,3076,1,0,0,3077,A
4-HA,737,0,3073,0,0,3073,T
4-HA,738,3068,0,0,0,3068,A
4-HA,739,3078,0,3,0,3081,A
4-HA,740,2,0,3090,0,3092,G
4-HA,741,1,4,0,3089,3094,C
4-HA,742,3088,0,1,0,3089,A
4-HA,743,0,3003,0,2,3005,T
4-HA,744,2,0,0,3216,3218,C
4-HA,745,0,3207,0,0,3207,T
4-HA,746,3222,1,0,0,3223,A
4-HA,747,1,3221,0,1,3223,T
4-HA,748,0,3186,0,2,3188,T
4-HA,749,1,4,3213,0,3218,G
4-HA,750,0,8,3196,0,3204,G
4-HA,751,3203,1,2,0,3206,A
4-HA,752,1,0,0,3202,3203,C
4-HA,753,2966,0,4,0,2970,A
4-HA,754,3062,0,3,0,3065,A
4-HA,755,0,3293,1,0,3294,T
4-HA,756,3394,0,1,0,3395,A
4-HA,757,0,0,3499,0,3499,G
4-HA,758,0,3452,0,0,3452,T
4-HA,759,3453,1,1,0,3455,A
4-HA,760,3474,0,4,0,3478,A
4-HA,761,3683,1,0,1,3685,A
4-HA,762,3757,0,3,0,3760,A
4-HA,763,0,1,0,3854,3855,C
4-HA,764,6,8,0,3673,3687,C
4-HA,765,3,12,3676,0,3691,G
4-HA,766,1,2,3795,0,3798,G
4-HA,767,1,9,3880,0,3890,G
4-HA,768,3902,0,3,0,3905,A
4-HA,769,0,4,3958,0,3962,G
4-HA,770,4076,0,5,0,4081,A
4-HA,771,2,1,0,4091,4094,C
4-HA,772,4087,0,2,10,4099,A
4-HA,773,0,4120,1,2,4123,T
4-HA,774,4151,0,2,1,4154,A
4-HA,775,1,1,0,4299,4301,C
4-HA,776,1,4245,0,27,4273,T
4-HA,777,0,4314,0,6,4320,T
4-HA,778,0,4367,0,2,4369,T
4-HA,779,1,4357,0,3,4361,T
4-HA,780,0,17,4434,0,4451,G
4-HA,781,4453,0,2,0,4455,A
4-HA,782,0,4464,0,1,4465,T
4-HA,783,0,4665,0,2,4667,T
4-HA,784,4626,0,2,0,4628,A
4-HA,785,4677,1,3,0,4681,A
4-HA,786,1,2,0,4788,4791,C
4-HA,787,4788,0,2,0,4790,A
4-HA,788,1,0,5103,0,5104,G
4-HA,789,1,1,0,5077,5079,C
4-HA,790,5072,0,3,0,5075,A
4-HA,791,1,1,0,5125,5127,C
4-HA,792,5064,0,4,0,5068,A
4-HA,793,3,7,5199,0,5209,G
4-HA,794,1,6,5184,0,5191,G
4-HA,795,2,10,5474,0,5486,G
4-HA,796,5449,2,5,0,5456,A
4-HA,797,5552,0,9,0,5561,A
4-HA,798,0,5578,1,4,5583,T
4-HA,799,9,0,0,5588,5597,C
4-HA,800,0,5635,0,1,5636,T
4-HA,801,5651,0,3,0,5654,A
4-HA,802,5631,0,0,1,5632,A
4-HA,803,1,5609,1,3,5614,T
4-HA,804,1,5462,1,2,5466,T
4-HA,805,4,1,5560,0,5565,G
4-HA,806,2,1,0,5828,5831,C
4-HA,807,0,6117,0,7,6124,T
4-HA,808,13,0,0,6367,6380,C
4-HA,809,4,1,0,6379,6384,C
4-HA,810,0,6357,0,7,6364,T
4-HA,811,6375,1,2,1,6379,A
4-HA,812,3,12,6386,0,6401,G
4-HA,813,3,17,6478,0,6498,G
4-HA,814,1,9,6518,0,6528,G
4-HA,815,2,0,6467,0,6469,G
4-HA,816,1,6330,1,0,6332,T
4-HA,817,0,6295,0,0,6295,T
4-HA,818,6297,1,3,0,6301,A
4-HA,819,0,0,0,6457,6457,C
4-HA,820,0,6425,1,11,6437,T
4-HA,821,0,6495,0,7,6502,T
4-HA,822,15,1,0,6484,6500,C
4-HA,823,6445,1,4,0,6450,A
4-HA,824,6470,0,3,0,6473,A
4-HA,825,6489,0,0,1,6490,A
4-HA,826,6537,0,6,0,6543,A
4-HA,827,1,6536,0,1,6538,T
4-HA,828,6459,0,2,0,6461,A
4-HA,829,1,2,0,6472,6475,C
4-HA,830,1,12,6445,0,6458,G
4-HA,831,6456,0,4,0,6460,A
4-HA,832,6477,0,2,1,6480,A
4-HA,833,4,1,6574,0,6579,G
4-HA,834,0,6553,0,5,6558,T
4-HA,835,1,12,6638,0,6651,G
4-HA,836,0,10,6655,0,6665,G
4-HA,837,2,5,6692,0,6699,G
4-HA,838,6679,0,13,1,6693,A
4-HA,839,6705,0,1,0,6706,A
4-HA,840,6719,1,5,0,6725,A
4-HA,841,6674,1,10,1,6686,A
4-HA,842,1,3,6879,1,6884,G
4-HA,843,0,2,0,6886,6888,C
4-HA,844,0,6800,0,10,6810,T
4-HA,845,16,2,0,6932,6950,C
4-HA,846,6950,1,6,0,6957,A
4-HA,847,7030,2,0,0,7032,A
4-HA,848,0,7032,0,0,7032,T
4-HA,849,7117,0,0,0,7117,A
4-HA,850,7103,1,3,0,7107,A
4-HA,851,0,6920,0,1,6921,T
4-HA,852,0,15,6914,0,6929,G
4-HA,853,6855,1,8,0,6864,A
4-HA,854,5,5,7195,1,7206,G
4-HA,855,7208,1,9,0,7218,A
4-HA,856,0,7157,0,4,7161,T
4-HA,857,11,1,0,7350,7362,C
4-HA,858,7326,0,8,0,7334,A
4-HA,859,0,2,7510,0,7512,G
4-HA,860,7511,1,6,0,7518,A
4-HA,861,0,7496,0,8,7504,T
4-HA,862,0,3,7499,0,7502,G
4-HA,863,0,5,0,7355,7360,C
4-HA,864,7352,1,7,0,7360,A
4-HA,865,2,3,0,7547,7552,C
4-HA,866,5,1,0,7449,7455,C
4-HA,867,13,2,0,7455,7470,C
4-HA,868,7358,0,1,0,7359,A
4-HA,869,0,7340,0,3,7343,T
4-HA,870,0,7327,2,4,7333,T
4-HA,871,1,10,7479,0,7490,G
4-HA,872,2,0,7468,0,7470,G
4-HA,873,2,3,0,7458,7463,C
4-HA,874,7347,0,3,1,7351,A
4-HA,875,7327,1,4,1,7333,A
4-HA,876,7496,3,11,0,7510,A
4-HA,877,1,7519,0,2,7522,T
4-HA,878,2,0,7511,1,7514,G
4-HA,879,3,1,0,7516,7520,C
4-HA,880,7400,2,5,0,7407,A
4-HA,881,7696,1,6,0,7703,A
4-HA,882,0,7695,0,4,7699,T
4-HA,883,1,7768,0,3,7772,T
4-HA,884,12,0,0,7788,7800,C
4-HA,885,0,7624,0,6,7630,T
4-HA,886,3,5,7758,0,7766,G
4-HA,887,7756,0,8,0,7764,A
4-HA,888,7798,0,7,0,7805,A
4-HA,889,0,7801,1,5,7807,T
4-HA,890,0,3,7710,0,7713,G
4-HA,891,3,2,0,7754,7759,C
4-HA,892,7729,0,3,0,7732,A
4-HA,893,1,7723,0,11,7735,T
4-HA,894,12,0,0,7725,7737,C
4-HA,895,7730,0,7,0,7737,A
4-HA,896,3,0,0,8217,8220,C
4-HA,897,0,8177,0,4,8181,T
4-HA,898,10,3,0,8186,8199,C
4-HA,899,3,0,0,8159,8162,C
4-HA,900,8264,0,6,0,8270,A
4-HA,901,8258,0,0,0,8258,A
4-HA,902,8248,1,4,0,8253,A
4-HA,903,1,7922,0,3,7926,T
4-HA,904,0,11,7982,0,7993,G
4-HA,905,0,8,8014,0,8022,G
4-HA,906,8030,0,5,0,8035,A
4-HA,907,7996,0,20,1,8017,A
4-HA,908,2,3,8034,0,8039,G
4-HA,909,2,4,0,7957,7963,C
4-HA,910,7927,2,2,0,7931,A
4-HA,911,0,7943,0,11,7954,T
4-HA,912,0,7927,0,5,7932,T
4-HA,913,12,1,0,8216,8229,C
4-HA,914,11,1,0,8181,8193,C
4-HA,915,13,3,1,8205,8222,C
4-HA,916,8197,2,3,2,8204,A
4-HA,917,8339,0,4,1,8344,A
4-HA,918,2,8531,0,8,8541,T
4-HA,919,0,19,8513,0,8532,G
4-HA,920,8514,1,11,1,8527,A
4-HA,921,0,0,0,8517,8517,C
4-HA,922,8294,0,3,0,8297,A
4-HA,923,8320,0,3,0,8323,A
4-HA,924,8299,1,8,1,8309,A
4-HA,925,0,0,1,8384,8385,C
4-HA,926,10,1,0,8256,8267,C
4-HA,927,8114,0,3,1,8118,A
4-HA,928,0,8125,1,3,8129,T
4-HA,929,2,8117,0,5,8124,T
4-HA,930,12,2,0,8138,8152,C
4-HA,931,7,2,1,8147,8157,C
4-HA,932,8154,0,2,0,8156,A
4-HA,933,8147,0,1,0,8148,A
4-HA,934,8127,0,2,0,8129,A
4-HA,935,8312,0,2,1,8315,A
4-HA,936,2,8267,0,3,8272,T
4-HA,937,0,2,8313,1,8316,G
4-HA,938,0,8276,0,2,8278,T
4-HA,939,8330,2,2,0,8334,A
4-HA,940,8339,0,4,3,8346,A
4-HA,941,8328,1,5,0,8334,A
4-HA,942,0,0,0,8390,8390,C
4-HA,943,8249,1,4,0,8254,A
4-HA,944,1,4,8343,0,8348,G
4-HA,945,2,13,8369,0,8384,G
4-HA,946,8546,2,10,0,8558,A
4-HA,947,0,8545,0,6,8551,T
4-HA,948,18,1,0,8607,8626,C
4-HA,949,8677,0,4,0,8681,A
4-HA,950,1,0,0,9002,9003,C
4-HA,951,8998,0,2,0,9000,A
4-HA,952,0,9287,0,8,9295,T
4-HA,953,9053,1,0,0,9054,A
4-HA,954,0,7,0,8974,8981,C
4-HA,955,5,13,8747,0,8765,G
4-HA,956,1,12,8750,1,8764,G
4-HA,957,2,5,8722,0,8729,G
4-HA,958,1,2,8770,2,8775,G
4-HA,959,2,3,0,8611,8616,C
4-HA,960,5,4,0,8604,8613,C
4-HA,961,3,8407,1,11,8422,T
4-HA,962,27,1,9297,0,9325,G
4-HA,963,1,9320,1,22,9344,T
4-HA,964,10,3,0,9420,9433,C
4-HA,965,14,6,2,9389,9411,C
4-HA,966,11,4,0,9435,9450,C
4-HA,967,9393,0,8,0,9401,A
4-HA,968,119,2,9369,0,9490,G
4-HA,969,9468,0,3,0,9471,A
4-HA,970,0,9455,0,3,9458,T
4-HA,971,8859,0,2,0,8861,A
4-HA,972,0,8733,0,6,8739,T
4-HA,973,0,0,8754,1,8755,G
4-HA,974,1,8721,0,4,8726,T
4-HA,975,0,8612,0,1,8613,T
4-HA,976,8735,0,2,0,8737,A
4-HA,977,8626,0,10,2,8638,A
4-HA,978,4,13,8737,1,8755,G
4-HA,979,2,2,0,8743,8747,C
4-HA,980,8612,0,3,0,8615,A
4-HA,981,8601,1,6,0,8608,A
4-HA,982,8554,0,3,1,8558,A
4-HA,983,8566,0,13,0,8579,A
4-HA,984,1,0,0,8581,8582,C
4-HA,985,8483,0,4,0,8487,A
4-HA,986,0,1,0,8609,8610,C
4-HA,987,1,8432,1,25,8459,T
4-HA,988,12,1,0,8500,8513,C
4-HA,989,1,8477,0,9,8487,T
4-HA,990,1,6,8580,0,8587,G
4-HA,991,8562,1,6,1,8570,A
4-HA,992,8556,0,3,0,8559,A
4-HA,993,8567,0,9,3,8579,A
4-HA,994,1,8516,0,0,8517,T
4-HA,995,0,8404,0,5,8409,T
4-HA,996,4,16,8496,1,8517,G
4-HA,997,3,0,8482,0,8485,G
4-HA,998,1,1,0,8532,8534,C
4-HA,999,8478,2,5,0,8485,A
4-HA,1000,8494,0,2,0,8496,A
4-HA,1001,1,4,0,8508,8513,C
4-HA,1002,8469,2,2,2,8475,A
4-HA,1003,3,10,8602,0,8615,G
4-HA,1004,0,10,8569,0,8579,G
4-HA,1005,1,7,8577,0,8585,G
4-HA,1006,8550,1,9,0,8560,A
4-HA,1007,3,8533,0,3,8539,T
4-HA,1008,5,5,8550,0,8560,G
4-HA,1009,2,8,1,8568,8579,C
4-HA,1010,7,12,8601,1,8621,G
4-HA,1011,8718,2,2,0,8722,A
4-HA,1012,8543,0,2,0,8545,A
4-HA,1013,8628,0,2,0,8630,A
4-HA,1014,0,8495,0,1,8496,T
4-HA,1015,2,0,8700,0,8702,G
4-HA,1016,2,8678,1,7,8688,T
4-HA,1017,8681,0,6,0,8687,A
4-HA,1018,1,2,0,8682,8685,C
4-HA,1019,15,1,1,8610,8627,C
4-HA,1020,8451,1,8,0,8460,A
4-HA,1021,0,13,8453,0,8466,G
4-HA,1022,8313,0,5,0,8318,A
4-HA,1023,2,6,8417,0,8425,G
4-HA,1024,8277,0,10,0,8287,A
4-HA,1025,8272,0,7,0,8279,A
4-HA,1026,8281,0,9,1,8291,A
4-HA,1027,2,1,1,8295,8299,C
4-HA,1028,8280,0,1,1,8282,A
4-HA,1029,8429,0,2,0,8431,A
4-HA,1030,8394,1,11,1,8407,A
4-HA,1031,0,1,1,8491,8493,C
4-HA,1032,1,8405,1,0,8407,T
4-HA,1033,8351,1,3,0,8355,A
4-HA,1034,0,5,8366,0,8371,G
4-HA,1035,8295,2,15,1,8313,A
4-HA,1036,2,7,8486,0,8495,G
4-HA,1037,1,2,8474,0,8477,G
4-HA,1038,0,5,1,8326,8332,C
4-HA,1039,8326,0,5,0,8331,A
4-HA,1040,2,8302,0,4,8308,T
4-HA,1041,8361,0,1,1,8363,A
4-HA,1042,0,8328,2,3,8333,T
4-HA,1043,0,8314,0,1,8315,T
4-HA,1044,1,8301,1,0,8303,T
4-HA,1045,1,10,8000,1,8012,G
4-HA,1046,3,6,8020,0,8029,G
4-HA,1047,2,6,0,8002,8010,C
4-HA,1048,6,4,8008,0,8018,G
4-HA,1049,2,1,0,7952,7955,C
4-HA,1050,7911,0,3,1,7915,A
4-HA,1051,7993,0,3,1,7997,A
4-HA,1052,3,7957,0,5,7965,T
4-HA,1053,10,1,0,8012,8023,C
4-HA,1054,3,2,8024,0,8029,G
4-HA,1055,1,3,0,7977,7981,C
4-HA,1056,5,16,7998,0,8019,G
4-HA,1057,2,4,8060,0,8066,G
4-HA,1058,0,1,8126,0,8127,G
4-HA,1059,0,8044,1,5,8050,T
4-HA,1060,0,7974,0,5,7979,T
4-HA,1061,2,7994,0,7,8003,T
4-HA,1062,10,0,0,8021,8031,C
4-HA,1063,8058,0,3,0,8061,A
4-HA,1064,0,8065,0,3,8068,T
4-HA,1065,8063,2,10,1,8076,A
4-HA,1066,0,6,8157,0,8163,G
4-HA,1067,7998,0,0,0,7998,A
4-HA,1068,8013,0,4,0,8017,A
4-HA,1069,7988,2,3,3,7996,A
4-HA,1070,8021,0,4,1,8026,A
4-HA,1071,1,7993,0,1,7995,T
4-HA,1072,0,8,8102,0,8110,G
4-HA,1073,2,2,8146,0,8150,G
4-HA,1074,2,8045,1,5,8053,T
4-HA,1075,2,7947,0,11,7960,T
4-HA,1076,1,10,7969,0,7980,G
4-HA,1077,2,4,7998,0,8004,G
4-HA,1078,0,3,8053,1,8057,G
4-HA,1079,7963,2,11,2,7978,A
4-HA,1080,1,9,8040,1,8051,G
4-HA,1081,0,3,7929,0,7932,G
4-HA,1082,0,6,8012,0,8018,G
4-HA,1083,7942,1,22,0,7965,A
4-HA,1084,8057,0,7,1,8065,A
4-HA,1085,0,8050,0,4,8054,T
4-HA,1086,4,9,8028,0,8041,G
4-HA,1087,4,0,8192,1,8197,G
4-HA,1088,1,8059,0,5,8065,T
4-HA,1089,2,6,8080,2,8090,G
4-HA,1090,2,2,8051,0,8055,G
4-HA,1091,7844,1,11,0,7856,A
4-HA,1092,0,7894,0,3,7897,T
4-HA,1093,1,7,8008,0,8016,G
4-HA,1094,4,3,8138,0,8145,G
4-HA,1095,0,7997,1,3,8001,T
4-HA,1096,0,7824,1,6,7831,T
4-HA,1097,1,7,7835,0,7843,G
4-HA,1098,1,1,7998,0,8000,G
4-HA,1099,0,7937,0,2,7939,T
4-HA,1100,7964,0,1,0,7965,A
4-HA,1101,0,5,0,7602,7607,C
4-HA,1102,3,5,7688,1,7697,G
4-HA,1103,2,1,8004,0,8007,G
4-HA,1104,0,7974,1,11,7986,T
4-HA,1105,0,7990,0,1,7991,T
4-HA,1106,1,7965,0,7,7973,T
4-HA,1107,7,1,1,7828,7837,C
4-HA,1108,7818,2,11,0,7831,A
4-HA,1109,4,3,7825,0,7832,G
4-HA,1110,6,2,7806,0,7814,G
4-HA,1111,2,1,0,7779,7782,C
4-HA,1112,7490,2,4,0,7496,A
4-HA,1113,3,7555,0,10,7568,T
4-HA,1114,11,1,0,7581,7593,C
4-HA,1115,7620,0,2,0,7622,A
4-HA,1116,7623,0,1,0,7624,A
4-HA,1117,7622,0,0,0,7622,A
4-HA,1118,7665,0,1,0,7666,A
4-HA,1119,0,7643,1,2,7646,T
4-HA,1120,1,7616,0,2,7619,T
4-HA,1121,5,0,0,7649,7654,C
4-HA,1122,0,7595,1,3,7599,T
4-HA,1123,1,6,7614,0,7621,G
4-HA,1124,7540,1,25,0,7566,A
4-HA,1125,1,11,7637,0,7649,G
4-HA,1126,3,3,7649,2,7657,G
4-HA,1127,2,6,7720,0,7728,G
4-HA,1128,7683,0,3,1,7687,A
4-HA,1129,7684,1,4,0,7689,A
4-HA,1130,2,5,7657,0,7664,G
4-HA,1131,7722,0,12,0,7734,A
4-HA,1132,2,9,7809,0,7820,G
4-HA,1133,1,5,7848,0,7854,G
4-HA,1134,7799,1,4,1,7805,A
4-HA,1135,3,3,0,7792,7798,C
4-HA,1136,7743,0,3,1,7747,A
4-HA,1137,7741,0,14,1,7756,A
4-HA,1138,1,0,7749,0,7750,G
4-HA,1139,2,2,0,7784,7788,C
4-HA,1140,7685,1,12,0,7698,A
4-HA,1141,0,1,7690,0,7691,G
4-HA,1142,1,2,1,7685,7689,C
4-HA,1143,7641,0,5,0,7646,A
4-HA,1144,1,7,7748,0,7756,G
4-HA,1145,7684,0,1,0,7685,A
4-HA,1146,0,7895,0,4,7899,T
4-HA,1147,6,3,0,7959,7968,C
4-HA,1148,1,7864,1,15,7881,T
4-HA,1149,17,1,0,7972,7990,C
4-HA,1150,7974,1,1,0,7976,A
4-HA,1151,7966,1,2,0,7969,A
4-HA,1152,7958,0,2,1,7961,A
4-HA,1153,7801,0,25,0,7826,A
4-HA,1154,0,0,7821,1,7822,G
4-HA,1155,3,1,0,7674,7678,C
4-HA,1156,7629,1,3,0,7633,A
4-HA,1157,1,0,0,7824,7825,C
4-HA,1158,0,7740,0,9,7749,T
4-HA,1159,6,1,1,7773,7781,C
4-HA,1160,7794,0,1,2,7797,A
4-HA,1161,7913,1,9,0,7923,A
4-HA,1162,0,1,7925,0,7926,G
4-HA,1163,1,3,0,7913,7917,C
4-HA,1164,7852,0,6,0,7858,A
4-HA,1165,4,2,7873,0,7879,G
4-HA,1166,1,2,0,7733,7736,C
4-HA,1167,7725,0,4,0,7729,A
4-HA,1168,7711,0,4,0,7715,A
4-HA,1169,0,7650,0,3,7653,T
4-HA,1170,6,2,0,7530,7538,C
4-HA,1171,3,10,7585,0,7598,G
4-HA,1172,7593,0,2,0,7595,A
4-HA,1173,2,7532,1,5,7540,T
4-HA,1174,22,2,0,7513,7537,C
4-HA,1175,7540,2,2,0,7544,A
4-HA,1176,7732,0,8,0,7740,A
4-HA,1177,7748,1,4,1,7754,A
4-HA,1178,1,7720,0,4,7725,T
4-HA,1179,12,3,0,7756,7771,C
4-HA,1180,7656,0,5,0,7661,A
4-HA,1181,7710,0,30,0,7740,A
4-HA,1182,0,7725,1,2,7728,T
4-HA,1183,3,14,7754,0,7771,G
4-HA,1184,2,7,7742,1,7752,G
4-HA,1185,0,3,7662,1,7666,G
4-HA,1186,7650,1,6,0,7657,A
4-HA,1187,7676,0,11,0,7687,A
4-HA,1188,2,1,7806,0,7809,G
4-HA,1189,3,1,0,7790,7794,C
4-HA,1190,0,7745,4,11,7760,T
4-HA,1191,1,9,8072,0,8082,G
4-HA,1192,8060,1,10,0,8071,A
4-HA,1193,8073,0,8,0,8081,A
4-HA,1194,0,8063,0,1,8064,T
4-HA,1195,7878,1,2,0,7881,A
4-HA,1196,0,6,7868,0,7874,G
4-HA,1197,7244,1,8,0,7253,A
4-HA,1198,1,7277,1,10,7289,T
4-HA,1199,2,7309,0,3,7314,T
4-HA,1200,3,16,7320,0,7339,G
4-HA,1201,7301,1,1,0,7303,A
4-HA,1202,0,7279,0,6,7285,T
4-HA,1203,14,2,0,7295,7311,C
4-HA,1204,4,8,7325,0,7337,G
4-HA,1205,3,6,7302,0,7311,G
4-HA,1206,4,2,7330,1,7337,G
4-HA,1207,7311,1,5,0,7317,A
4-HA,1208,7332,0,2,0,7334,A
4-HA,1209,7285,0,4,0,7289,A
4-HA,1210,7283,0,5,0,7288,A
4-HA,1211,0,0,0,7340,7340,C
4-HA,1212,14,1,0,7308,7323,C
4-HA,1213,7239,0,3,1,7243,A
4-HA,1214,7240,0,5,0,7245,A
4-HA,1215,0,6,0,7266,7272,C
4-HA,1216,7,11,7289,0,7307,G
4-HA,1217,7283,1,9,0,7293,A
4-HA,1218,2,5,7298,0,7305,G
4-HA,1219,7274,1,12,0,7287,A
4-HA,1220,7268,1,6,0,7275,A
4-HA,1221,7272,1,7,1,7281,A
4-HA,1222,0,7267,0,22,7289,T
4-HA,1223,0,7277,0,7,7284,T
4-HA,1224,9,1,0,7335,7345,C
4-HA,1225,4,3,0,7315,7322,C
4-HA,1226,7318,0,3,1,7322,A
4-HA,1227,1,7275,2,10,7288,T
4-HA,1228,9,3,0,7307,7319,C
4-HA,1229,7257,2,3,0,7262,A
4-HA,1230,1,4,7342,0,7347,G
4-HA,1231,7281,3,2,1,7287,A
4-HA,1232,2,7283,0,3,7288,T
4-HA,1233,0,7247,0,3,7250,T
4-HA,1234,0,9,7293,0,7302,G
4-HA,1235,7287,1,11,0,7299,A
4-HA,1236,7307,1,2,0,7310,A
4-HA,1237,7318,0,10,1,7329,A
4-HA,1238,7316,0,2,0,7318,A
4-HA,1239,7223,0,9,0,7232,A
4-HA,1240,0,4,7242,1,7247,G
4-HA,1241,7210,0,7,0,7217,A
4-HA,1242,7244,0,3,1,7248,A
4-HA,1243,1,7120,0,7,7128,T
4-HA,1244,2,7161,0,2,7165,T
4-HA,1245,7,0,0,7188,7195,C
4-HA,1246,0,7173,1,8,7182,T
4-HA,1247,6,0,1,7190,7197,C
4-HA,1248,7170,0,5,1,7176,A
4-HA,1249,0,3,7174,0,7177,G
4-HA,1250,7155,1,0,0,7156,A
4-HA,1251,7091,0,18,0,7109,A
4-HA,1252,0,0,7211,0,7211,G
4-HA,1253,0,7142,1,2,7145,T
4-HA,1254,16,3,0,7132,7151,C
4-HA,1255,2,7,7149,0,7158,G
4-HA,1256,7141,0,12,0,7153,A
4-HA,1257,7149,1,13,1,7164,A
4-HA,1258,1,14,7165,0,7180,G
4-HA,1259,2,8,7252,1,7263,G
4-HA,1260,2,12,7263,0,7277,G
4-HA,1261,6986,0,93,0,7079,A
4-HA,1262,2,11,7147,0,7160,G
4-HA,1263,7127,1,11,0,7139,A
4-HA,1264,7644,0,2,0,7646,A
4-HA,1265,2,7642,0,3,7647,T
4-HA,1266,0,7636,0,5,7641,T
4-HA,1267,7,5,0,7622,7634,C
4-HA,1268,7481,2,10,0,7493,A
4-HA,1269,2,4,7499,0,7505,G
4-HA,1270,1,8,7487,0,7496,G
4-HA,1271,7432,1,7,0,7440,A
4-HA,1272,3,1,0,7455,7459,C
4-HA,1273,5,0,0,6945,6950,C
4-HA,1274,1,6910,2,12,6925,T
4-HA,1275,0,6863,0,96,6959,T
4-HA,1276,2,9,7001,0,7012,G
4-HA,1277,6997,1,10,0,7008,A
4-HA,1278,0,8,7142,1,7151,G
4-HA,1279,7111,1,13,0,7125,A
4-HA,1280,6951,0,1,0,6952,A
4-HA,1281,6928,2,7,0,6937,A
4-HA,1282,0,6832,0,1,6833,T
4-HA,1283,7024,0,2,0,7026,A
4-HA,1284,0,6993,0,1,6994,T
4-HA,1285,3,1,7096,0,7100,G
4-HA,1286,0,7071,1,8,7080,T
4-HA,1287,1,6868,0,4,6873,T
4-HA,1288,0,5,6890,0,6895,G
4-HA,1289,6798,0,5,1,6804,A
4-HA,1290,1,9,6858,0,6868,G
4-HA,1291,1,11,6826,0,6838,G
4-HA,1292,6707,2,7,0,6716,A
4-HA,1293,1,2,1,7077,7081,C
4-HA,1294,6935,0,6,1,6942,A
4-HA,1295,2,1,0,6928,6931,C
4-HA,1296,0,6875,0,8,6883,T
4-HA,1297,7292,0,1,0,7293,A
4-HA,1298,7374,1,2,0,7377,A
4-HA,1299,7388,0,2,1,7391,A
4-HA,1300,7453,1,7,0,7461,A
4-HA,1301,0,7443,1,1,7445,T
4-HA,1302,7058,2,0,1,7061,A
4-HA,1303,3,6,7113,0,7122,G
4-HA,1304,6869,0,10,0,6879,A
4-HA,1305,1,6921,1,3,6926,T
4-HA,1306,2,1,0,6917,6920,C
4-HA,1307,1,6795,2,5,6803,T
4-HA,1308,7,0,0,6974,6981,C
4-HA,1309,2,6965,0,4,6971,T
4-HA,1310,0,8,7126,0,7134,G
4-HA,1311,0,2,7314,0,7316,G
4-HA,1312,1,7258,0,13,7272,T
4-HA,1313,34,1,0,7278,7313,C
4-HA,1314,7345,0,6,0,7351,A
4-HA,1315,0,7362,2,6,7370,T
4-HA,1316,7369,0,6,0,7375,A
4-HA,1317,0,0,0,7373,7373,C
4-HA,1318,7134,0,4,0,7138,A
4-HA,1319,7178,1,14,0,7193,A
4-HA,1320,1,6,0,7001,7008,C
4-HA,1321,1,2,6980,0,6983,G
4-HA,1322,2,10,0,6971,6983,C
4-HA,1323,2,1,6942,0,6945,G
4-HA,1324,0,9,6961,0,6970,G
4-HA,1325,6954,0,7,1,6962,A
4-HA,1326,1,0,7096,0,7097,G
4-HA,1327,1,1,0,7096,7098,C
4-HA,1328,0,7065,0,6,7071,T
4-HA,1329,0,7095,0,10,7105,T
4-HA,1330,5,2,0,7149,7156,C
4-HA,1331,0,7224,0,9,7233,T
4-HA,1332,2,7219,1,3,7225,T
4-HA,1333,4,0,7209,0,7213,G
4-HA,1334,1,7154,0,10,7165,T
4-HA,1335,0,6907,127,8,7042,T
4-HA,1336,0,3,7160,0,7163,G
4-HA,1337,2,2,1,7151,7156,C
4-HA,1338,7,2,0,7096,7105,C
4-HA,1339,10,2,0,7152,7164,C
4-HA,1340,2,7109,0,13,7124,T
4-HA,1341,1,2,7234,0,7237,G
4-HA,1342,0,8,7223,0,7231,G
4-HA,1343,7229,0,8,0,7237,A
4-HA,1344,0,7,7253,0,7260,G
4-HA,1345,7153,1,7,0,7161,A
4-HA,1346,7191,0,5,0,7196,A
4-HA,1347,1,5,0,7302,7308,C
4-HA,1348,10,2,0,7274,7286,C
4-HA,1349,7281,0,5,0,7286,A
4-HA,1350,7574,0,36,0,7610,A
4-HA,1351,2,2,0,7646,7650,C
4-HA,1352,7686,1,3,0,7690,A
4-HA,1353,2,7655,0,6,7663,T
4-HA,1354,7634,2,2,0,7638,A
4-HA,1355,0,0,1,7794,7795,C
4-HA,1356,7602,3,1,0,7606,A
4-HA,1357,7618,0,5,1,7624,A
4-HA,1358,1,7579,1,5,7586,T
4-HA,1359,0,7328,0,1,7329,T
4-HA,1360,1,16,7429,0,7446,G
4-HA,1361,7496,0,0,0,7496,A
4-HA,1362,1,7480,0,12,7493,T
4-HA,1363,10,2,0,7510,7522,C
4-HA,1364,0,7372,1,6,7379,T
4-HA,1365,7433,0,2,0,7435,A
4-HA,1366,7442,0,2,0,7444,A
4-HA,1367,1,0,0,7438,7439,C
4-HA,1368,0,7370,0,4,7374,T
4-HA,1369,1,22,7302,2,7327,G
4-HA,1370,7337,1,6,0,7344,A
4-HA,1371,0,0,0,7358,7358,C
4-HA,1372,1,7298,0,21,7320,T
4-HA,1373,13,0,0,7360,7373,C
4-HA,1374,7322,0,5,1,7328,A
4-HA,1375,0,6,7497,0,7503,G
4-HA,1376,7474,0,8,0,7482,A
4-HA,1377,7484,2,6,0,7492,A
4-HA,1378,7496,0,0,0,7496,A
4-HA,1379,0,7431,0,3,7434,T
4-HA,1380,0,18,7527,0,7545,G
4-HA,1381,7544,1,6,1,7552,A
4-HA,1382,7535,1,18,0,7554,A
4-HA,1383,0,1,0,7557,7558,C
4-HA,1384,7424,0,3,1,7428,A
4-HA,1385,7417,0,5,0,7422,A
4-HA,1386,7406,1,6,0,7413,A
4-HA,1387,1,53,0,7399,7453,C
4-HA,1388,0,7359,0,2,7361,T
4-HA,1389,1,0,7416,0,7417,G
4-HA,1390,0,7308,1,15,7324,T
4-HA,1391,0,7331,0,5,7336,T
4-HA,1392,0,7346,1,2,7349,T
4-HA,1393,2,8,7345,1,7356,G
4-HA,1394,7322,0,4,0,7326,A
4-HA,1395,7351,1,2,0,7354,A
4-HA,1396,7308,2,5,0,7315,A
4-HA,1397,7326,1,0,1,7328,A
4-HA,1398,7266,1,6,0,7273,A
4-HA,1399,7294,1,5,6,7306,A
4-HA,1400,0,1,0,7320,7321,C
4-HA,1401,7326,2,2,0,7330,A
4-HA,1402,7324,0,3,1,7328,A
4-HA,1403,7305,1,13,1,7320,A
4-HA,1404,4,5,7363,0,7372,G
4-HA,1405,7395,0,0,0,7395,A
4-HA,1406,7358,0,12,1,7371,A
4-HA,1407,0,3,7365,2,7370,G
4-HA,1408,1,2,0,7355,7358,C
4-HA,1409,7347,1,15,0,7363,A
4-HA,1410,7399,0,1,1,7401,A
4-HA,1411,0,0,0,7413,7413,C
4-HA,1412,0,7350,0,0,7350,T
4-HA,1413,2,8,7409,0,7419,G
4-HA,1414,7308,5,8,0,7321,A
4-HA,1415,2,10,7399,0,7411,G
4-HA,1416,1,4,7433,0,7438,G
4-HA,1417,2,5,7420,1,7428,G
4-HA,1418,7436,2,8,0,7446,A
4-HA,1419,7404,1,9,0,7414,A
4-HA,1420,7407,0,5,0,7412,A
4-HA,1421,7492,0,3,0,7495,A
4-HA,1422,0,7470,0,1,7471,T
4-HA,1423,3,0,7531,0,7534,G
4-HA,1424,4,3,0,7514,7521,C
4-HA,1425,1,7440,0,13,7454,T
4-HA,1426,1,14,7453,0,7468,G
4-HA,1427,7465,0,4,0,7469,A
4-HA,1428,1,4,7882,0,7887,G
4-HA,1429,1,10,8001,0,8012,G
4-HA,1430,7886,1,5,1,7893,A
4-HA,1431,0,7870,0,2,7872,T
4-HA,1432,7802,0,7,0,7809,A
4-HA,1433,1,7802,1,4,7808,T
4-HA,1434,1,14,7916,0,7931,G
4-HA,1435,1,8,8016,1,8026,G
4-HA,1436,7,4,7993,1,8005,G
4-HA,1437,1,1,1,7566,7569,C
4-HA,1438,7326,0,4,3,7333,A
4-HA,1439,7345,1,4,1,7351,A
4-HA,1440,2,7327,1,2,7332,T
4-HA,1441,5,7,7374,0,7386,G
4-HA,1442,1,0,7386,0,7387,G
4-HA,1443,1,7222,1,6,7230,T
4-HA,1444,0,7092,0,2,7094,T
4-HA,1445,1,1,7121,0,7123,G
4-HA,1446,0,7187,0,9,7196,T
4-HA,1447,0,7190,0,4,7194,T
4-HA,1448,3,7204,0,1,7208,T
4-HA,1449,13,15,1,7199,7228,C
4-HA,1450,7209,0,3,0,7212,A
4-HA,1451,7233,0,0,0,7233,A
4-HA,1452,7233,0,1,1,7235,A
4-HA,1453,7328,1,2,0,7331,A
4-HA,1454,0,7281,0,2,7283,T
4-HA,1455,7250,0,1,0,7251,A
4-HA,1456,0,7264,0,4,7268,T
4-HA,1457,7243,0,1,0,7244,A
4-HA,1458,2,0,0,7353,7355,C
4-HA,1459,5,1,0,7317,7323,C
4-HA,1460,7291,2,4,0,7297,A
4-HA,1461,1,2,0,7341,7344,C
4-HA,1462,7314,0,4,0,7318,A
4-HA,1463,7338,2,4,0,7344,A
4-HA,1464,7296,0,50,1,7347,A
4-HA,1465,0,7336,0,4,7340,T
4-HA,1466,2,0,7373,0,7375,G
4-HA,1467,2,7240,1,6,7249,T
4-HA,1468,1,20,7329,1,7351,G
4-HA,1469,7334,1,8,0,7343,A
4-HA,1470,2,1,0,7329,7332,C
4-HA,1471,7245,0,3,0,7248,A
4-HA,1472,7249,0,4,0,7253,A
4-HA,1473,1,7366,1,2,7370,T
4-HA,1474,1,1,7437,0,7439,G
4-HA,1475,1,5,0,7364,7370,C
4-HA,1476,4,2,1,7399,7406,C
4-HA,1477,0,7339,0,12,7351,T
4-HA,1478,2,0,7714,1,7717,G
4-HA,1479,3,1,0,7711,7715,C
4-HA,1480,7727,0,1,0,7728,A
4-HA,1481,1,7718,0,2,7721,T
4-HA,1482,7387,0,10,0,7397,A
4-HA,1483,1,8,7478,0,7487,G
4-HA,1484,2,13,7440,0,7455,G
4-HA,1485,7431,1,5,0,7437,A
4-HA,1486,2,7387,1,5,7395,T
4-HA,1487,15,0,0,6977,6992,C
4-HA,1488,6983,0,2,0,6985,A
4-HA,1489,7013,1,2,1,7017,A
4-HA,1490,0,7003,1,6,7010,T
4-HA,1491,6,0,0,7015,7021,C
4-HA,1492,6888,1,7,0,6896,A
4-HA,1493,0,8,6953,0,6961,G
4-HA,1494,6963,0,2,0,6965,A
4-HA,1495,6980,0,4,0,6984,A
4-HA,1496,6974,0,1,0,6975,A
4-HA,1497,0,6942,0,2,6944,T
4-HA,1498,2,9,6888,1,6900,G
4-HA,1499,1,14,6910,1,6926,G
4-HA,1500,6903,0,6,0,6909,A
4-HA,1501,6952,0,7,1,6960,A
4-HA,1502,0,1,0,6923,6924,C
4-HA,1503,0,6851,0,6,6857,T
4-HA,1504,0,6893,0,1,6894,T
4-HA,1505,6885,0,5,0,6890,A
4-HA,1506,1,6873,0,4,6878,T
4-HA,1507,2,24,6861,0,6887,G
4-HA,1508,6861,1,6,1,6869,A
4-HA,1509,0,0,0,6871,6871,C
4-HA,1510,8,0,0,6807,6815,C
4-HA,1511,6799,0,2,0,6801,A
4-HA,1512,1,1,0,6971,6973,C
4-HA,1513,4,4,7197,0,7205,G
4-HA,1514,7347,0,8,0,7355,A
4-HA,1515,0,7452,0,2,7454,T
4-HA,1516,2,0,7755,0,7757,G
4-HA,1517,2,7695,0,8,7705,T
4-HA,1518,8028,0,4,0,8032,A
4-HA,1519,1,8018,0,5,8024,T
4-HA,1520,7993,1,6,0,8000,A
4-HA,1521,0,1,0,8006,8007,C
4-HA,1522,7197,1,1,0,7199,A
4-HA,1523,1,4,7303,0,7308,G
4-HA,1524,6847,0,6,3,6856,A
4-HA,1525,1,4,6677,0,6682,G
4-HA,1526,6645,0,2,0,6647,A
4-HA,1527,1,6097,0,3,6101,T
4-HA,1528,1,8,6090,0,6099,G
4-HA,1529,6091,1,4,3,6099,A
4-HA,1530,6069,0,10,1,6080,A
4-HA,1531,0,0,6190,0,6190,G
4-HA,1532,0,1,0,6019,6020,C
4-HA,1533,5993,0,2,0,5995,A
4-HA,1534,0,5953,1,7,5961,T
4-HA,1535,0,5950,0,1,5951,T
4-HA,1536,5980,1,1,0,5982,A
4-HA,1537,5971,0,3,0,5974,A
4-HA,1538,5963,0,7,0,5970,A
4-HA,1539,0,0,0,5968,5968,C
4-HA,1540,5737,0,1,0,5738,A
4-HA,1541,5751,1,0,0,5752,A
4-HA,1542,1,11,0,5738,5750,C
4-HA,1543,4,3,0,5702,5709,C
4-HA,1544,1,6,5708,0,5715,G
4-HA,1545,0,0,5790,0,5790,G
4-HA,1546,0,5770,1,12,5783,T
4-HA,1547,1,5757,0,4,5762,T
4-HA,1548,0,5679,1,7,5687,T
4-HA,1549,7,0,0,5717,5724,C
4-HA,1550,5725,1,7,0,5733,A
4-HA,1551,0,10,5822,0,5832,G
4-HA,1552,5810,0,6,1,5817,A
4-HA,1553,0,5784,1,5,5790,T
4-HA,1554,12,2,0,5639,5653,C
4-HA,1555,5636,0,2,0,5638,A
4-HA,1556,5646,0,5,0,5651,A
4-HA,1557,0,9,5637,0,5646,G
4-HA,1558,0,7,5622,0,5629,G
4-HA,1559,0,5,5609,1,5615,G
4-HA,1560,5385,1,13,0,5399,A
4-HA,1561,2,1,5456,0,5459,G
4-HA,1562,0,5460,0,2,5462,T
4-HA,1563,0,5453,0,6,5459,T
4-HA,1564,0,10,5490,0,5500,G
4-HA,1565,5441,0,10,0,5451,A
4-HA,1566,2,0,5477,0,5479,G
4-HA,1567,3,1,0,5471,5475,C
4-HA,1568,0,5399,1,6,5406,T
4-HA,1569,0,4,5432,0,5436,G
4-HA,1570,5407,0,1,1,5409,A
4-HA,1571,5437,0,8,2,5447,A
4-HA,1572,0,0,5447,1,5448,G
4-HA,1573,1,5318,0,1,5320,T
4-HA,1574,15,0,0,5290,5305,C
4-HA,1575,5204,0,10,0,5214,A
4-HA,1576,1,13,5203,0,5217,G
4-HA,1577,0,8,5191,1,5200,G
4-HA,1578,3,0,5061,0,5064,G
4-HA,1579,0,5268,0,0,5268,T
4-HA,1580,5292,0,4,0,5296,A
4-HA,1581,0,2,0,5290,5292,C
4-HA,1582,5292,0,2,0,5294,A
4-HA,1583,5294,0,0,0,5294,A
4-HA,1584,5281,0,1,0,5282,A
4-HA,1585,0,5,5336,0,5341,G
4-HA,1586,5186,0,1,0,5187,A
4-HA,1587,0,4927,0,23,4950,T
4-HA,1588,0,4900,0,4,4904,T
4-HA,1589,2,10,4891,0,4903,G
4-HA,1590,4,1,4887,0,4892,G
4-HA,1591,4924,3,5,0,4932,A
4-HA,1592,0,4930,0,2,4932,T
4-HA,1593,4,1,1,4889,4895,C
4-HA,1594,2,1,0,4802,4805,C
4-HA,1595,1,4738,0,3,4742,T
4-HA,1596,4800,0,3,0,4803,A
4-HA,1597,0,4798,0,4,4802,T
4-HA,1598,5,5,4798,1,4809,G
4-HA,1599,0,6,4796,0,4802,G
4-HA,1600,4704,0,5,0,4709,A
4-HA,1601,0,4679,0,10,4689,T
4-HA,1602,1,4613,0,2,4616,T
4-HA,1603,0,4628,0,6,4634,T
4-HA,1604,7,1,0,4625,4633,C
4-HA,1605,3,1,0,4619,4623,C
4-HA,1606,0,4537,0,8,4545,T
4-HA,1607,0,4546,0,0,4546,T
4-HA,1608,0,4520,0,2,4522,T
4-HA,1609,0,3,4542,0,4545,G
4-HA,1610,0,0,0,4547,4547,C
4-HA,1611,12,5,1,4529,4547,C
4-HA,1612,4484,0,1,0,4485,A
4-HA,1613,1,4449,0,1,4451,T
4-HA,1614,4508,0,1,0,4509,A
4-HA,1615,0,4503,0,3,4506,T
4-HA,1616,6,1,0,4476,4483,C
4-HA,1617,4474,0,5,0,4479,A
4-HA,1618,0,4382,0,12,4394,T
4-HA,1619,0,0,4439,0,4439,G
4-HA,1620,0,4408,1,6,4415,T
4-HA,1621,2,4342,0,0,4344,T
4-HA,1622,0,4331,0,2,4333,T
4-HA,1623,0,4223,0,2,4225,T
4-HA,1624,0,4211,0,3,4214,T
4-HA,1625,0,4216,0,2,4218,T
4-HA,1626,1,1,4243,0,4245,G
4-HA,1627,1,0,0,4200,4201,C
4-HA,1628,1,4077,0,7,4085,T
4-HA,1629,1,4106,0,2,4109,T
4-HA,1630,1,4086,0,1,4088,T
4-HA,1631,1,1,4174,0,4176,G
4-HA,1632,0,4168,0,2,4170,T
4-HA,1633,2,0,4174,0,4176,G
4-HA,1634,1,4173,0,4,4178,T
4-HA,1635,0,4082,0,3,4085,T
4-HA,1636,0,0,4153,0,4153,G
4-HA,1637,0,0,0,4138,4138,C
4-HA,1638,0,4125,2,7,4134,T
4-HA,1639,1,4190,0,1,4192,T
4-HA,1640,0,3943,0,1,3944,T
4-HA,1641,0,2,3987,0,3989,G
4-HA,1642,0,3973,0,3,3976,T
4-HA,1643,0,3961,0,3,3964,T
4-HA,1644,0,7,3963,0,3970,G
4-HA,1645,0,0,3857,0,3857,G
4-HA,1646,1,2,3860,0,3863,G
4-HA,1647,1,2,3881,0,3884,G
4-HA,1648,1,3754,0,5,3760,T
4-HA,1649,0,3739,0,7,3746,T
4-HA,1650,13,0,1,3664,3678,C
4-HA,1651,3636,0,1,0,3637,A
4-HA,1652,1,3648,0,3,3652,T
4-HA,1653,4,1,0,3665,3670,C
4-HA,1654,3645,0,2,0,3647,A
4-HA,1655,0,3544,0,0,3544,T
4-HA,1656,1,0,3514,0,3515,G
4-HA,1657,0,3454,0,4,3458,T
4-HA,1658,3,4,3418,0,3425,G
4-HA,1659,0,1,3350,0,3351,G
4-HA,1660,0,0,3330,0,3330,G
4-HA,1661,2,1,0,3273,3276,C
4-HA,1662,2,0,0,3184,3186,C
4-HA,1663,1,3063,1,3,3068,T
4-HA,1664,2,1,3089,0,3092,G
4-HA,1665,1,2,0,3074,3077,C
4-HA,1666,2,1,0,3082,3085,C
4-HA,1667,3082,0,2,0,3084,A
4-HA,1668,3056,0,0,0,3056,A
4-HA,1669,3057,0,1,0,3058,A
4-HA,1670,3055,0,1,1,3057,A
4-HA,1671,3047,0,6,0,3053,A
4-HA,1672,1,2,3044,0,3047,G
4-HA,1673,0,0,2954,0,2954,G
4-HA,1674,0,0,0,2902,2902,C
4-HA,1675,2891,1,4,0,2896,A
4-HA,1676,2928,0,2,0,2930,A
4-HA,1677,0,2,0,2930,2932,C
4-HA,1678,2921,0,2,0,2923,A
4-HA,1679,0,2914,1,3,2918,T
4-HA,1680,1,2876,0,1,2878,T
4-HA,1681,2778,0,5,0,2783,A
4-HA,1682,0,3,2761,0,2764,G
4-HA,1683,1,0,2759,0,2760,G
4-HA,1684,1,2669,0,6,2676,T
4-HA,1685,1,0,2520,0,2521,G
4-HA,1686,0,0,0,2414,2414,C
4-HA,1687,2383,0,1,0,2384,A
4-HA,1688,2380,0,1,0,2381,A
4-HA,1689,1,0,0,2379,2380,C
4-HA,1690,2356,0,0,0,2356,A
4-HA,1691,0,2297,0,1,2298,T
4-HA,1692,0,2159,0,0,2159,T
4-HA,1693,0,2154,0,2,2156,T
4-HA,1694,0,1,2158,0,2159,G
4-HA,1695,1,1,0,2126,2128,C
4-HA,1696,2117,0,2,0,2119,A
4-HA,1697,0,2022,0,2,2024,T
4-HA,1698,0,1960,0,0,1960,T
4-HA,1699,0,1907,0,0,1907,T
4-HA,1700,0,0,1904,0,1904,G
4-HA,1701,1822,0,0,0,1822,A
5-NP,1,1560,0,0,0,1560,A
5-NP,2,0,1567,0,0,1567,T
5-NP,3,0,0,1563,0,1563,G
5-NP,4,0,0,1556,0,1556,G
5-NP,5,0,2,0,1580,1582,C
5-NP,6,1,0,1601,0,1602,G
5-NP,7,0,1688,0,4,1692,T
5-NP,8,0,0,0,1707,1707,C
5-NP,9,3,0,0,1719,1722,C
5-NP,10,4,0,0,1728,1732,C
5-NP,11,1730,0,1,0,1731,A
5-NP,12,1730,0,1,0,1731,A
5-NP,13,0,2,1744,0,1746,G
5-NP,14,1,0,1809,0,1810,G
5-NP,15,1,2,0,1821,1824,C
5-NP,16,1835,1,0,0,1836,A
5-NP,17,0,0,0,1850,1850,C
5-NP,18,1,0,0,1858,1859,C
5-NP,19,1873,0,0,0,1873,A
5-NP,20,1867,1,1,0,1869,A
5-NP,21,1878,0,1,0,1879,A
5-NP,22,0,4,0,1884,1888,C
5-NP,23,1,2,1892,0,1895,G
5-NP,24,0,0,2089,0,2089,G
5-NP,25,0,2069,0,7,2076,T
5-NP,26,7,0,0,2281,2288,C
5-NP,27,0,2284,1,2,2287,T
5-NP,28,0,2323,0,0,2323,T
5-NP,29,2329,0,0,0,2329,A
5-NP,30,0,2330,0,1,2331,T
5-NP,31,0,12,2338,0,2350,G
5-NP,32,2337,1,0,0,2338,A
5-NP,33,2279,0,1,0,2280,A
5-NP,34,0,0,0,2287,2287,C
5-NP,35,2202,0,0,0,2202,A
5-NP,36,0,1,2416,0,2417,G
5-NP,37,2394,0,3,0,2397,A
5-NP,38,1,2408,0,0,2409,T
5-NP,39,1,5,2405,1,2412,G
5-NP,40,0,3,2407,1,2411,G
5-NP,41,2414,1,2,0,2417,A
5-NP,42,2420,0,2,0,2422,A
5-NP,43,2423,0,1,0,2424,A
5-NP,44,0,0,0,2506,2506,C
5-NP,45,0,2433,1,0,2434,T
5-NP,46,1,4,2466,0,2471,G
5-NP,47,2433,0,4,0,2437,A
5-NP,48,0,2461,1,1,2463,T
5-NP,49,0,3,2467,0,2470,G
5-NP,50,0,2,2476,0,2478,G
5-NP,51,2,2,2479,0,2483,G
5-NP,52,0,1,2485,0,2486,G
5-NP,53,2458,2,2,0,2462,A
5-NP,54,0,2463,0,2,2465,T
5-NP,55,1,0,0,2481,2482,C
5-NP,56,1,1,2484,0,2486,G
5-NP,57,0,1,0,2523,2524,C
5-NP,58,2,0,0,2529,2531,C
5-NP,59,2515,0,1,0,2516,A
5-NP,60,7,2,2548,0,2557,G
5-NP,61,2549,0,1,0,2550,A
5-NP,62,2587,0,0,0,2587,A
5-NP,63,0,2597,0,1,2598,T
5-NP,64,0,0,2587,0,2587,G
5-NP,65,0,1,0,2601,2602,C
5-NP,66,2593,1,2,0,2596,A
5-NP,67,2635,1,8,0,2644,A
5-NP,68,0,0,0,2643,2643,C
5-NP,69,0,2620,0,0,2620,T
5-NP,70,0,3,2647,0,2650,G
5-NP,71,2670,0,8,0,2678,A
5-NP,72,0,1,2854,0,2855,G
5-NP,73,2834,1,2,1,2838,A
5-NP,74,0,2837,0,0,2837,T
5-NP,75,0,2830,0,0,2830,T
5-NP,76,2813,0,1,0,2814,A
5-NP,77,0,7,2819,0,2826,G
5-NP,78,0,2,2826,0,2828,G
5-NP,79,2,0,2815,0,2817,G
5-NP,80,1,0,0,2788,2789,C
5-NP,81,2679,0,4,43,2726,A
5-NP,82,0,2752,0,4,2756,T
5-NP,83,1,0,0,2767,2768,C
5-NP,84,2,9,1,2761,2773,C
5-NP,85,0,0,2797,0,2797,G
5-NP,86,0,2778,0,2,2780,T
5-NP,87,3,1,0,2781,2785,C
5-NP,88,1,3,2797,0,2801,G
5-NP,89,0,1,2803,0,2804,G
5-NP,90,0,3,2822,0,2825,G
5-NP,91,2812,0,0,0,2812,A
5-NP,92,2806,0,4,0,2810,A
5-NP,93,1,1,2815,0,2817,G
5-NP,94,2779,0,3,0,2782,A
5-NP,95,0,2787,0,0,2787,T
5-NP,96,0,8,2798,0,2806,G
5-NP,97,2790,0,8,1,2799,A
5-NP,98,1,2804,0,1,2806,T
5-NP,99,0,2799,0,1,2800,T
5-NP,100,0,0,2801,0,2801,G
5-NP,101,2796,1,1,0,2798,A
5-NP,102,0,2803,0,1,2804,T
5-NP,103,0,1,2813,0,2814,G
5-NP,104,0,3,2881,0,2884,G
5-NP,105,2880,0,3,0,2883,A
5-NP,106,2896,0,0,0,2896,A
5-NP,107,0,2888,0,0,2888,T
5-NP,108,0,2885,0,2,2887,T
5-NP,109,0,4,2901,0,2905,G
5-NP,110,1,2,2894,0,2897,G
5-NP,111,1,5,2896,0,2902,G
5-NP,112,2888,2,9,0,2899,A
5-NP,113,0,1,2866,0,2867,G
5-NP,114,2856,1,0,0,2857,A
5-NP,115,0,2922,0,3,2925,T
5-NP,116,0,2926,0,0,2926,T
5-NP,117,4,1,0,2932,2937,C
5-NP,118,0,2922,0,1,2923,T
5-NP,119,2960,1,1,0,2962,A
5-NP,120,0,2,0,2968,2970,C
5-NP,121,3066,0,0,0,3066,A
5-NP,122,1,3084,0,0,3085,T
5-NP,123,0,0,0,3067,3067,C
5-NP,124,1,0,0,3066,3067,C
5-NP,125,3067,0,1,0,3068,A
5-NP,126,3142,0,1,0,3143,A
5-NP,127,3145,0,0,0,3145,A
5-NP,128,0,3114,0,0,3114,T
5-NP,129,2,0,3113,0,3115,G
5-NP,130,0,3050,0,5,3055,T
5-NP,131,2,2,3076,0,3080,G
5-NP,132,1,0,0,3083,3084,C
5-NP,133,3065,1,2,0,3068,A
5-NP,134,0,0,0,3075,3075,C
5-NP,135,0,3018,0,2,3020,T
5-NP,136,0,7,3166,0,3173,G
5-NP,137,3227,0,0,1,3228,A
5-NP,138,3283,0,2,0,3285,A
5-NP,139,0,0,0,3348,3348,C
5-NP,140,0,3323,0,3,3326,T
5-NP,141,1,3336,0,0,3337,T
5-NP,142,3332,0,0,1,3333,A
5-NP,143,3333,0,2,0,3335,A
5-NP,144,3354,1,2,0,3357,A
5-NP,145,0,0,0,3365,3365,C
5-NP,146,0,3216,0,0,3216,T
5-NP,147,3,0,0,3239,3242,C
5-NP,148,3205,0,3,0,3208,A
5-NP,149,0,0,3250,0,3250,G
5-NP,150,0,3238,0,2,3240,T
5-NP,151,1,11,3242,0,3254,G
5-NP,152,3295,0,0,1,3296,A
5-NP,153,0,3291,0,2,3293,T
5-NP,154,4,2,0,3349,3355,C
5-NP,155,3354,0,4,2,3360,A
5-NP,156,0,3340,0,3,3343,T
5-NP,157,0,1,3344,0,3345,G
5-NP,158,3315,0,12,0,3327,A
5-NP,159,3313,1,4,0,3318,A
5-NP,160,1,2,3319,0,3322,G
5-NP,161,0,4,3290,0,3294,G
5-NP,162,0,0,3281,0,3281,G
5-NP,163,1,0,0,3252,3253,C
5-NP,164,1,3,3276,0,3280,G
5-NP,165,0,1,3281,0,3282,G
5-NP,166,0,3273,1,3,3277,T
5-NP,167,1,3278,1,2,3282,T
5-NP,168,0,3,3280,0,3283,G
5-NP,169,3620,0,3,1,3624,A
5-NP,170,0,3628,0,1,3629,T
5-NP,171,4,2,0,3624,3630,C
5-NP,172,2,1,0,3634,3637,C
5-NP,173,3614,0,4,0,3618,A
5-NP,174,1,9,3612,0,3622,G
5-NP,175,3621,0,0,1,3622,A
5-NP,176,3629,0,4,0,3633,A
5-NP,177,0,0,0,3663,3663,C
5-NP,178,3409,0,2,0,3411,A
5-NP,179,0,2,3451,0,3453,G
5-NP,180,1,0,0,3462,3463,C
5-NP,181,0,3444,0,4,3448,T
5-NP,182,0,3479,0,0,3479,T
5-NP,183,0,5,3462,2,3469,G
5-NP,184,3491,0,8,1,3500,A
5-NP,185,0,1,1,3519,3521,C
5-NP,186,3466,0,2,0,3468,A
5-NP,187,3480,0,1,0,3481,A
5-NP,188,1,3453,1,1,3456,T
5-NP,189,3453,0,0,0,3453,A
5-NP,190,0,7,3462,0,3469,G
5-NP,191,3453,0,5,0,3458,A
5-NP,192,0,3,3475,0,3478,G
5-NP,193,3456,1,0,1,3458,A
5-NP,194,3557,0,0,1,3558,A
5-NP,195,3560,0,0,1,3561,A
5-NP,196,3647,1,3,1,3652,A
5-NP,197,1,3648,1,1,3651,T
5-NP,198,0,7,3653,0,3660,G
5-NP,199,2,1,3647,0,3650,G
5-NP,200,0,3628,0,3,3631,T
5-NP,201,3554,0,3,0,3557,A
5-NP,202,0,0,0,3587,3587,C
5-NP,203,2,3588,0,5,3595,T
5-NP,204,4,0,0,3663,3667,C
5-NP,205,0,3589,0,7,3596,T
5-NP,206,1,0,0,3623,3624,C
5-NP,207,1,3610,1,2,3614,T
5-NP,208,0,1,3656,0,3657,G
5-NP,209,0,1,0,3641,3642,C
5-NP,210,0,3629,0,4,3633,T
5-NP,211,0,3630,0,2,3632,T
5-NP,212,1,3623,0,1,3625,T
5-NP,213,0,3592,0,2,3594,T
5-NP,214,0,4,3604,0,3608,G
5-NP,215,3573,0,2,1,3576,A
5-NP,216,0,3588,1,4,3593,T
5-NP,217,0,5,3585,0,3590,G
5-NP,218,3566,1,0,0,3567,A
5-NP,219,3583,0,2,0,3585,A
5-NP,220,3576,1,1,1,3579,A
5-NP,221,0,1,3593,0,3594,G
5-NP,222,3592,0,4,0,3596,A
5-NP,223,3589,1,6,0,3596,A
5-NP,224,0,0,3651,0,3651,G
5-NP,225,81,8,3683,0,3772,G
5-NP,226,3794,1,2,0,3797,A
5-NP,227,3825,0,4,0,3829,A
5-NP,228,0,3817,0,2,3819,T
5-NP,229,3815,0,1,0,3816,A
5-NP,230,3811,0,1,0,3812,A
5-NP,231,3822,0,0,0,3822,A
5-NP,232,1,3802,0,0,3803,T
5-NP,233,3799,0,2,0,3801,A
5-NP,234,0,1,0,3791,3792,C
5-NP,235,3,0,0,3691,3694,C
5-NP,236,0,3685,0,3,3688,T
5-NP,237,0,4,3699,0,3703,G
5-NP,238,0,2,3782,0,3784,G
5-NP,239,3780,0,1,0,3781,A
5-NP,240,3777,0,0,0,3777,A
5-NP,241,0,3,3812,0,3815,G
5-NP,242,3788,0,4,0,3792,A
5-NP,243,3769,1,3,0,3773,A
5-NP,244,1,1,0,3772,3774,C
5-NP,245,3754,1,4,1,3760,A
5-NP,246,1,1,0,3856,3858,C
5-NP,247,3,0,0,3798,3801,C
5-NP,248,4,1,0,3784,3789,C
5-NP,249,8,2,1,3793,3804,C
5-NP,250,3745,0,2,0,3747,A
5-NP,251,0,2,3759,0,3761,G
5-NP,252,0,0,0,3748,3748,C
5-NP,253,1,1,3744,1,3747,G
5-NP,254,1,0,0,3753,3754,C
5-NP,255,2,7,3685,0,3694,G
5-NP,256,1,3,3733,0,3737,G
5-NP,257,1,2,3732,0,3735,G
5-NP,258,1,3,3758,0,3762,G
5-NP,259,3755,0,2,0,3757,A
5-NP,260,3758,0,4,0,3762,A
5-NP,261,3747,0,8,0,3755,A
5-NP,262,0,1,3757,0,3758,G
5-NP,263,3757,1,1,1,3760,A
5-NP,264,0,3718,0,1,3719,T
5-NP,265,4,1,0,3716,3721,C
5-NP,266,9,0,1,3693,3703,C
5-NP,267,7,0,0,3736,3743,C
5-NP,268,3758,0,1,0,3759,A
5-NP,269,3758,1,3,0,3762,A
5-NP,270,0,2,3771,0,3773,G
5-NP,271,3750,0,0,0,3750,A
5-NP,272,3788,0,0,0,3788,A
5-NP,273,3780,0,1,0,3781,A
5-NP,274,3782,0,1,0,3783,A
5-NP,275,1,65,0,3718,3784,C
5-NP,276,1,3731,0,1,3733,T
5-NP,277,0,4,3736,0,3740,G
5-NP,278,1,3,3743,0,3747,G
5-NP,279,1,4,3739,0,3744,G
5-NP,280,1,3,3739,0,3743,G
5-NP,281,1,2,3735,0,3738,G
5-NP,282,2,0,3795,0,3797,G
5-NP,283,1,2,2,4132,4137,C
5-NP,284,4,1,0,4141,4146,C
5-NP,285,1,1,0,4158,4160,C
5-NP,286,4563,0,0,0,4563,A
5-NP,287,0,4579,0,0,4579,T
5-NP,288,4741,1,5,1,4748,A
5-NP,289,0,4752,0,0,4752,T
5-NP,290,4659,0,1,0,4660,A
5-NP,291,0,0,1,4730,4731,C
5-NP,292,4257,0,2,1,4260,A
5-NP,293,1,3,4382,0,4386,G
5-NP,294,0,3,4381,0,4384,G
5-NP,295,4041,0,1,0,4042,A
5-NP,296,0,3,4061,0,4064,G
5-NP,297,3895,0,4,0,3899,A
5-NP,298,3831,0,5,0,3836,A
5-NP,299,0,3890,0,0,3890,T
5-NP,300,3891,0,1,1,3893,A
5-NP,301,0,2,3932,0,3934,G
5-NP,302,3831,1,4,1,3837,A
5-NP,303,0,3821,0,2,3823,T
5-NP,304,72,3,3752,1,3828,G
5-NP,305,0,5,3844,0,3849,G
5-NP,306,3848,0,1,0,3849,A
5-NP,307,3882,0,2,1,3885,A
5-NP,308,3869,1,1,0,3871,A
5-NP,309,3880,0,3,0,3883,A
5-NP,310,0,3868,0,0,3868,T
5-NP,311,1,3,3926,0,3930,G
5-NP,312,0,7,3933,0,3940,G
5-NP,313,3924,1,5,0,3930,A
5-NP,314,0,3887,0,0,3887,T
5-NP,315,0,4,3897,1,3902,G
5-NP,316,3900,2,4,2,3908,A
5-NP,317,0,2,3929,0,3931,G
5-NP,318,0,3,3916,0,3919,G
5-NP,319,2,10,4006,0,4018,G
5-NP,320,4304,0,4,1,4309,A
5-NP,321,4363,1,2,0,4366,A
5-NP,322,0,1,0,4648,4649,C
5-NP,323,1,4634,0,1,4636,T
5-NP,324,12,2,1,4880,4895,C
5-NP,325,2,0,5022,0,5024,G
5-NP,326,0,5141,0,8,5149,T
5-NP,327,5,0,0,5284,5289,C
5-NP,328,3,0,0,7104,7107,C
5-NP,329,0,7098,0,2,7100,T
5-NP,330,1,7191,0,4,7196,T
5-NP,331,0,7187,0,2,7189,T
5-NP,332,7228,0,2,0,7230,A
5-NP,333,0,7257,0,1,7258,T
5-NP,334,1,46,7222,0,7269,G
5-NP,335,7428,0,17,0,7445,A
5-NP,336,0,1,0,7484,7485,C
5-NP,337,7383,0,2,0,7385,A
5-NP,338,7452,0,1,1,7454,A
5-NP,339,7541,0,4,1,7546,A
5-NP,340,1,5,8523,0,8529,G
5-NP,341,8512,0,4,0,8516,A
5-NP,342,8552,2,12,1,8567,A
5-NP,343,1,8,9566,0,9575,G
5-NP,344,9730,2,6,1,9739,A
5-NP,345,9810,1,5,0,9816,A
5-NP,346,9810,0,6,0,9816,A
5-NP,347,1,9816,1,0,9818,T
5-NP,348,9835,0,5,0,9840,A
5-NP,349,9876,0,7,0,9883,A
5-NP,350,2,11,10214,0,10227,G
5-NP,351,4,1,10216,0,10221,G
5-NP,352,1,5,0,10195,10201,C
5-NP,353,1,18,10177,0,10196,G
5-NP,354,10279,1,3,0,10283,A
5-NP,355,10565,0,1,0,10566,A
5-NP,356,0,10620,1,5,10626,T
5-NP,357,15,0,0,10629,10644,C
5-NP,358,2,10614,3,17,10636,T
5-NP,359,3,11,10653,0,10667,G
5-NP,360,3,2,10658,0,10663,G
5-NP,361,1,5,0,10711,10717,C
5-NP,362,6,4,10714,1,10725,G
5-NP,363,3,9,0,10712,10724,C
5-NP,364,10,1,0,10708,10719,C
5-NP,365,10755,1,13,0,10769,A
5-NP,366,11094,0,4,2,11100,A
5-NP,367,3,2,11554,0,11559,G
5-NP,368,0,2,0,11595,11597,C
5-NP,369,15,1,1,11882,11899,C
5-NP,370,11855,41,32,1,11929,A
5-NP,371,12201,2,13,0,12216,A
5-NP,372,0,1,0,12542,12543,C
5-NP,373,12565,0,5,0,12570,A
5-NP,374,12976,0,8,0,12984,A
5-NP,375,0,12966,0,3,12969,T
5-NP,376,1,23,13473,0,13497,G
5-NP,377,57,3,13444,0,13504,G
5-NP,378,0,13390,0,5,13395,T
5-NP,379,1,15,13445,0,13461,G
5-NP,380,13392,1,16,0,13409,A
5-NP,381,2,19,14232,2,14255,G
5-NP,382,0,11,14377,0,14388,G
5-NP,383,14598,1,2,1,14602,A
5-NP,384,0,16242,0,8,16250,T
5-NP,385,8,5,16553,0,16566,G
5-NP,386,1,7,298,16361,16667,C
5-NP,387,0,16708,0,15,16723,T
5-NP,388,16881,2,7,1,16891,A
5-NP,389,0,2,1,17428,17431,C
5-NP,390,17363,1,8,1,17373,A
5-NP,391,1,17307,0,51,17359,T
5-NP,392,4,2,0,17267,17273,C
5-NP,393,1,16710,0,51,16762,T
5-NP,394,1,19,17777,0,17797,G
5-NP,395,3,5,18371,0,18379,G
5-NP,396,3,18374,1,25,18403,T
5-NP,397,31,1,0,18416,18448,C
5-NP,398,2,18334,0,16,18352,T
5-NP,399,18767,0,1,0,18768,A
5-NP,400,18785,3,8,2,18798,A
5-NP,401,1,3,0,19112,19116,C
5-NP,402,2,19049,2,29,19082,T
5-NP,403,39,6,0,19308,19353,C
5-NP,404,19175,2,19,2,19198,A
5-NP,405,1,154,0,20183,20338,C
5-NP,406,20305,3,11,1,20320,A
5-NP,407,0,20438,0,10,20448,T
5-NP,408,20280,0,7,0,20287,A
5-NP,409,20385,2,14,0,20401,A
5-NP,410,3,20549,0,2,20554,T
5-NP,411,3,69,20816,0,20888,G
5-NP,412,20806,1,4,1,20812,A
5-NP,413,0,20723,2,7,20732,T
5-NP,414,2,20449,0,9,20460,T
5-NP,415,3,20476,2,13,20494,T
5-NP,416,6,42,20373,1,20422,G
5-NP,417,6,3,20467,1,20477,G
5-NP,418,4,7,0,20489,20500,C
5-NP,419,20457,1,6,0,20464,A
5-NP,420,2,20492,1,17,20512,T
5-NP,421,2,20485,0,19,20506,T
5-NP,422,31,0,0,20498,20529,C
5-NP,423,19,6,0,20558,20583,C
5-NP,424,21040,2,10,0,21052,A
5-NP,425,21054,1,1,0,21056,A
5-NP,426,1,21102,0,4,21107,T
5-NP,427,2,21089,1,7,21099,T
5-NP,428,1,21081,0,7,21089,T
5-NP,429,3,45,21290,0,21338,G
5-NP,430,21306,4,18,1,21329,A
5-NP,431,21323,2,14,1,21340,A
5-NP,432,1,21499,1,3,21504,T
5-NP,433,1,29,21297,0,21327,G
5-NP,434,22378,9,30,0,22417,A
5-NP,435,2,22479,1,13,22495,T
5-NP,436,5,4,22586,0,22595,G
5-NP,437,3,18,0,23414,23435,C
5-NP,438,23322,0,21,4,23347,A
5-NP,439,24566,1,40,1,24608,A
5-NP,440,2,2,1,24656,24661,C
5-NP,441,24994,0,23,0,25017,A
5-NP,442,1,25714,0,9,25724,T
5-NP,443,25129,1,21,1,25152,A
5-NP,444,1,4,2,25752,25759,C
5-NP,445,26,5,0,25679,25710,C
5-NP,446,25043,1,73,0,25117,A
5-NP,447,4,22,25518,0,25544,G
5-NP,448,24826,3,33,1,24863,A
5-NP,449,6,27,25631,1,25665,G
5-NP,450,1,45,25462,1,25509,G
5-NP,451,25289,4,49,0,25342,A
5-NP,452,1,3,1,25652,25657,C
5-NP,453,25380,4,20,1,25405,A
5-NP,454,25291,0,89,1,25381,A
5-NP,455,0,44,25487,1,25532,G
5-NP,456,25181,0,66,1,25248,A
5-NP,457,5,6,25456,0,25467,G
5-NP,458,3,4,0,25379,25386,C
5-NP,459,1,25147,3,80,25231,T
5-NP,460,33,5,1,25342,25381,C
5-NP,461,2,25281,2,19,25304,T
5-NP,462,1,25457,1,3,25462,T
5-NP,463,2,0,25563,1,25566,G
5-NP,464,1,25410,0,11,25422,T
5-NP,465,3,25420,1,23,25447,T
5-NP,466,72,4,1,25322,25399,C
5-NP,467,2,73,25307,0,25382,G
5-NP,468,25981,2,11,2,25996,A
5-NP,469,25991,3,9,0,26003,A
5-NP,470,3,4,0,26297,26304,C
5-NP,471,3,26181,0,21,26205,T
5-NP,472,5,16,26753,4,26778,G
5-NP,473,1,33,26831,0,26865,G
5-NP,474,26830,7,32,1,26870,A
5-NP,475,26840,1,73,2,26916,A
5-NP,476,4,26845,0,2,26851,T
5-NP,477,6,35,26798,0,26839,G
5-NP,478,0,35,26956,0,26991,G
5-NP,479,27084,1,61,1,27147,A
5-NP,480,2,27406,0,26,27434,T
5-NP,481,36,5,0,27401,27442,C
5-NP,482,26,3,1,27402,27432,C
5-NP,483,36,8,0,27508,27552,C
5-NP,484,27680,1,10,0,27691,A
5-NP,485,3,43,27914,1,27961,G
5-NP,486,27888,1,10,1,27900,A
5-NP,487,27831,0,2,0,27833,A
5-NP,488,2,27583,0,9,27594,T
5-NP,489,3,6,27823,1,27833,G
5-NP,490,3,27605,0,25,27633,T
5-NP,491,14,8,27762,0,27784,G
5-NP,492,3,5,2,27800,27810,C
5-NP,493,1,27591,0,68,27660,T
5-NP,494,54,3,0,29267,29324,C
5-NP,495,2,29112,0,16,29130,T
5-NP,496,35,1,1,30227,30264,C
5-NP,497,2,30171,1,20,30194,T
5-NP,498,2,35,30128,0,30165,G
5-NP,499,30377,2,29,2,30410,A
5-NP,500,1,30300,1,11,30313,T
5-NP,501,3,3,30315,2,30323,G
5-NP,502,5,6,1,30259,30271,C
5-NP,503,29207,15,26,1,29249,A
5-NP,504,6,29,29957,2,29994,G
5-NP,505,4,31,29279,0,29314,G
5-NP,506,11,6,29603,0,29620,G
5-NP,507,7,7,1,29599,29614,C
5-NP,508,7,29382,2,29,29420,T
5-NP,509,33,20,1,29554,29608,C
5-NP,510,7,81,29526,3,29617,G
5-NP,511,29917,2,37,1,29957,A
5-NP,512,1,7,1,30015,30024,C
5-NP,513,0,29483,1,50,29534,T
5-NP,514,40,2,1,30942,30985,C
5-NP,515,4,30694,0,34,30732,T
5-NP,516,44,7,0,34592,34643,C
5-NP,517,28,6,1,34688,34723,C
5-NP,518,50,7,1,34714,34772,C
5-NP,519,2,34701,2,71,34776,T
5-NP,520,34545,3,1,1,34550,A
5-NP,521,1,23,34497,0,34521,G
5-NP,522,34449,2,3,0,34454,A
5-NP,523,33219,1,196,1,33417,A
5-NP,524,0,31,33460,3,33494,G
5-NP,525,2,6,32856,0,32864,G
5-NP,526,1,32176,0,25,32202,T
5-NP,527,42,6,1,32329,32378,C
5-NP,528,33,30,5,32322,32390,C
5-NP,529,17,27,32333,2,32379,G
5-NP,530,5,44,32571,0,32620,G
5-NP,531,32499,5,38,0,32542,A
5-NP,532,5,1,32905,0,32911,G
5-NP,533,2,3,1,33016,33022,C
5-NP,534,5,32488,1,46,32540,T
5-NP,535,5,2,32670,0,32677,G
5-NP,536,4,12,0,32703,32719,C
5-NP,537,32555,18,70,3,32646,A
5-NP,538,7,16,32775,0,32798,G
5-NP,539,3,7,32796,0,32806,G
5-NP,540,1,32543,3,16,32563,T
5-NP,541,9,8,32496,2,32515,G
5-NP,542,2,34,1,32551,32588,C
5-NP,543,3,32548,2,48,32601,T
5-NP,544,5,6,32686,2,32699,G
5-NP,545,7,7,2,32668,32684,C
5-NP,546,32932,1,52,1,32986,A
5-NP,547,5,2,33626,0,33633,G
5-NP,548,2,33252,2,21,33277,T
5-NP,549,88,3,0,33339,33430,C
5-NP,550,33322,3,18,2,33345,A
5-NP,551,33375,1,32,5,33413,A
5-NP,552,33323,6,42,1,33372,A
5-NP,553,2,19,33565,1,33587,G
5-NP,554,6,44,33658,1,33709,G
5-NP,555,33505,0,26,0,33531,A
5-NP,556,33259,0,20,1,33280,A
5-NP,557,3,33230,47,4,33284,T
5-NP,558,49,11,1,33253,33314,C
5-NP,559,18,39,33233,0,33290,G
5-NP,560,11,32,34318,2,34363,G
5-NP,561,8,64,34347,1,34420,G
5-NP,562,34157,3,42,0,34202,A
5-NP,563,2,10,1,34290,34303,C
5-NP,564,33852,0,15,1,33868,A
5-NP,565,34673,0,24,1,34698,A
5-NP,566,0,34828,1,11,34840,T
5-NP,567,2,32,35018,0,35052,G
5-NP,568,8,2,35413,0,35423,G
5-NP,569,5,34377,2,53,34437,T
5-NP,570,11,22,34703,1,34737,G
5-NP,571,34464,3,168,3,34638,A
5-NP,572,5,34509,6,23,34543,T
5-NP,573,8,35,34566,1,34610,G
5-NP,574,8,64,35237,0,35309,G
5-NP,575,35128,2,53,1,35184,A
5-NP,576,35242,4,31,1,35278,A
5-NP,577,1,3,0,35075,35079,C
5-NP,578,0,34643,1,8,34652,T
5-NP,579,34533,1,17,0,34551,A
5-NP,580,36218,9,22,2,36251,A
5-NP,581,3,36320,2,7,36332,T
5-NP,582,51,4,2,36382,36439,C
5-NP,583,35116,3,13,1,35133,A
5-NP,584,3,38,35565,0,35606,G
5-NP,585,35359,2,23,1,35385,A
5-NP,586,35513,1,16,2,35532,A
5-NP,587,3,35571,1,4,35579,T
5-NP,588,17,54,35104,1,35176,G
5-NP,589,13,6,35665,4,35688,G
5-NP,590,6,35526,1,56,35589,T
5-NP,591,113,10,1,35546,35670,C
5-NP,592,35679,0,11,2,35692,A
5-NP,593,35638,1,15,1,35655,A
5-NP,594,35701,5,11,2,35719,A
5-NP,595,1,15,0,35727,35743,C
5-NP,596,10,52,35589,1,35652,G
5-NP,597,3,54,35658,1,35716,G
5-NP,598,6,51,35250,3,35310,G
5-NP,599,7,44,35371,1,35423,G
5-NP,600,6,54,35476,1,35537,G
5-NP,601,35490,2,37,4,35533,A
5-NP,602,2,35175,2,61,35240,T
5-NP,603,71,6,0,35256,35333,C
5-NP,604,35389,3,27,0,35419,A
5-NP,605,35404,4,31,2,35441,A
5-NP,606,0,14,0,35096,35110,C
5-NP,607,8,73,34804,2,34887,G
5-NP,608,34733,5,13,1,34752,A
5-NP,609,4,34624,1,10,34639,T
5-NP,610,61,12,0,34659,34732,C
5-NP,611,14,42,34757,0,34813,G
5-NP,612,34726,4,2,0,34732,A
5-NP,613,34729,2,8,2,34741,A
5-NP,614,34777,1,6,2,34786,A
5-NP,615,1,35253,2,3,35259,T
5-NP,616,1,35273,0,5,35279,T
5-NP,617,1,35207,0,9,35217,T
5-NP,618,1,35299,0,7,35307,T
5-NP,619,2,35376,3,4,35385,T
5-NP,620,3,38,35383,3,35427,G
5-NP,621,6,41,35378,1,35426,G
5-NP,622,35125,4,82,2,35213,A
5-NP,623,2,26,35450,0,35478,G
5-NP,624,34774,6,34,3,34817,A
5-NP,625,3,16,36626,0,36645,G
5-NP,626,4,3,36747,1,36755,G
5-NP,627,3,36464,1,64,36532,T
5-NP,628,7,61,36721,0,36789,G
5-NP,629,36689,5,70,1,36765,A
5-NP,630,2,38,37067,0,37107,G
5-NP,631,37005,4,51,0,37060,A
5-NP,632,36950,1,19,0,36970,A
5-NP,633,3,36913,0,10,36926,T
5-NP,634,7,52,35324,1,35384,G
5-NP,635,4,33,35091,2,35130,G
5-NP,636,34665,8,115,4,34792,A
5-NP,637,4,23,3,34902,34932,C
5-NP,638,8,28,34957,0,34993,G
5-NP,639,10,34,35430,3,35477,G
5-NP,640,35394,5,14,1,35414,A
5-NP,641,35492,1,16,1,35510,A
5-NP,642,35899,0,20,2,35921,A
5-NP,643,35881,3,53,9,35946,A
5-NP,644,3,4,0,36290,36297,C
5-NP,645,36209,2,14,0,36225,A
5-NP,646,36117,5,47,0,36169,A
5-NP,647,1,18,36138,1,36158,G
5-NP,648,35022,3,23,1,35049,A
5-NP,649,35159,2,29,1,35191,A
5-NP,650,3,4,36163,0,36170,G
5-NP,651,2,35970,3,12,35987,T
5-NP,652,9,7,38020,1,38037,G
5-NP,653,10,6,1,37790,37807,C
5-NP,654,3,37799,1,45,37848,T
5-NP,655,3,38056,4,8,38071,T
5-NP,656,38429,2,12,1,38444,A
5-NP,657,4,38443,3,17,38467,T
5-NP,658,6,62,38597,0,38665,G
5-NP,659,37439,2,58,4,37503,A
5-NP,660,4,54,37632,0,37690,G
5-NP,661,35480,10,37,2,35529,A
5-NP,662,3,39,35743,0,35785,G
5-NP,663,35577,0,18,3,35598,A
5-NP,664,35991,5,18,1,36015,A
5-NP,665,4,35700,1,18,35723,T
5-NP,666,5,2,36383,1,36391,G
5-NP,667,5,36045,7,49,36106,T
5-NP,668,13,4,36294,2,36313,G
5-NP,669,9,12,1,36211,36233,C
5-NP,670,36166,2,19,2,36189,A
5-NP,671,36146,4,58,1,36209,A
5-NP,672,2,6,2,36101,36111,C
5-NP,673,35759,1,8,0,35768,A
5-NP,674,3,35857,0,12,35872,T
5-NP,675,2,35362,3,42,35409,T
5-NP,676,41,3,0,35398,35442,C
5-NP,677,1,35330,4,17,35352,T
5-NP,678,2,35356,3,4,35365,T
5-NP,679,35368,1,2,4,35375,A
5-NP,680,35286,2,6,0,35294,A
5-NP,681,35227,3,29,0,35259,A
5-NP,682,12,23,35281,1,35317,G
5-NP,683,4,36,35204,1,35245,G
5-NP,684,35072,3,14,0,35089,A
5-NP,685,35040,5,13,0,35058,A
5-NP,686,35051,2,13,1,35067,A
5-NP,687,35682,3,9,1,35695,A
5-NP,688,3,35614,4,12,35633,T
5-NP,689,0,35606,3,6,35615,T
5-NP,690,3,35634,2,10,35649,T
5-NP,691,52,6,3,35631,35692,C
5-NP,692,35728,2,23,1,35754,A
5-NP,693,35749,0,7,2,35758,A
5-NP,694,35707,2,22,0,35731,A
5-NP,695,1,5,0,36221,36227,C
5-NP,696,35600,0,12,2,35614,A
5-NP,697,2,6,36344,1,36353,G
5-NP,698,3,12,0,36328,36343,C
5-NP,699,3,36240,5,41,36289,T
5-NP,700,26,4,37071,0,37101,G
5-NP,701,5,15,0,36995,37015,C
5-NP,702,37189,3,104,2,37298,A
5-NP,703,1,3,2,37309,37315,C
5-NP,704,36625,3,7,0,36635,A
5-NP,705,37124,3,25,2,37154,A
5-NP,706,36055,1,32,1,36089,A
5-NP,707,1,56,37433,0,37490,G
5-NP,708,37242,2,85,2,37331,A
5-NP,709,9,7,37402,0,37418,G
5-NP,710,7,12,2,37153,37174,C
5-NP,711,37080,4,15,2,37101,A
5-NP,712,38220,1,31,2,38254,A
5-NP,713,2,38257,3,11,38273,T
5-NP,714,6,50,38388,1,38445,G
5-NP,715,13,4,38602,0,38619,G
5-NP,716,6,37336,3,46,37391,T
5-NP,717,15,50,37449,1,37515,G
5-NP,718,4,48,37742,0,37794,G
5-NP,719,37682,3,105,1,37791,A
5-NP,720,5,37660,2,35,37702,T
5-NP,721,62,5,3,36693,36763,C
5-NP,722,36929,3,7,2,36941,A
5-NP,723,37175,2,29,1,37207,A
5-NP,724,1,6,37350,3,37360,G
5-NP,725,2,36968,1,17,36988,T
5-NP,726,4,59,37037,1,37101,G
5-NP,727,36540,2,60,0,36602,A
5-NP,728,5,51,36715,0,36771,G
5-NP,729,36646,4,60,1,36711,A
5-NP,730,5,30,36706,1,36742,G
5-NP,731,36461,0,37,2,36500,A
5-NP,732,35851,4,8,2,35865,A
5-NP,733,35946,14,92,3,36055,A
5-NP,734,3,5,36228,0,36236,G
5-NP,735,4,35960,2,12,35978,T
5-NP,736,82,13,1,36014,36110,C
5-NP,737,19,35,35940,3,35997,G
5-NP,738,4,46,36036,0,36086,G
5-NP,739,36109,1,24,0,36134,A
5-NP,740,36180,6,57,1,36244,A
5-NP,741,6,9,2,36409,36426,C
5-NP,742,19,11,0,36146,36176,C
5-NP,743,55,8,1,36191,36255,C
5-NP,744,36164,6,23,4,36197,A
5-NP,745,7,22,36308,1,36338,G
5-NP,746,0,31,36321,1,36353,G
5-NP,747,36208,3,7,0,36218,A
5-NP,748,36218,2,10,1,36231,A
5-NP,749,36002,2,41,8,36053,A
5-NP,750,6,14,1,36244,36265,C
5-NP,751,13,5,36174,0,36192,G
5-NP,752,4,6,0,36212,36222,C
5-NP,753,3,36073,3,47,36126,T
5-NP,754,6,54,36169,2,36231,G
5-NP,755,35999,4,27,0,36030,A
5-NP,756,684,27,36218,0,36929,G
5-NP,757,37000,2,26,1,37029,A
5-NP,758,0,36882,2,13,36897,T
5-NP,759,49,10,0,36489,36548,C
5-NP,760,12,37,35967,622,36638,G
5-NP,761,36506,4,15,1,36526,A
5-NP,762,36489,3,18,0,36510,A
5-NP,763,3,17,36609,1,36630,G
5-NP,764,36696,3,14,1,36714,A
5-NP,765,4,36072,0,23,36099,T
5-NP,766,32,6,0,36372,36410,C
5-NP,767,5,36336,2,50,36393,T
5-NP,768,59,9,1,36498,36567,C
5-NP,769,36635,4,12,2,36653,A
5-NP,770,2,36612,0,13,36627,T
5-NP,771,36712,0,8,1,36721,A
5-NP,772,2,36523,0,5,36530,T
5-NP,773,3,36245,3,10,36261,T
5-NP,774,5,36125,2,7,36139,T
5-NP,775,2,35750,2,3,35757,T
5-NP,776,1,35776,1,6,35784,T
5-NP,777,35892,1,16,0,35909,A
5-NP,778,7,6,35813,0,35826,G
5-NP,779,6,2,2,35832,35842,C
5-NP,780,35766,2,15,0,35783,A
5-NP,781,35647,1,15,2,35665,A
5-NP,782,3,30,37090,1,37124,G
5-NP,783,36998,1,14,0,37013,A
5-NP,784,2,37092,0,15,37109,T
5-NP,785,14,12,0,37373,37399,C
5-NP,786,7,37148,4,52,37211,T
5-NP,787,31,9,38333,0,38373,G
5-NP,788,7,12,1,38429,38449,C
5-NP,789,38476,3,22,0,38501,A
5-NP,790,2,38885,2,7,38896,T
5-NP,791,3,37209,0,91,37303,T
5-NP,792,7,40,39983,4,40034,G
5-NP,793,40700,3,25,1,40729,A
5-NP,794,3,40703,2,14,40722,T
5-NP,795,40869,4,22,0,40895,A
5-NP,796,2,39946,3,13,39964,T
5-NP,797,2,39673,3,15,39693,T
5-NP,798,2,92,39883,3,39980,G
5-NP,799,39441,4,42,3,39490,A
5-NP,800,4,29,39827,0,39860,G
5-NP,801,37509,5,47,2,37563,A
5-NP,802,3,34,36943,1,36981,G
5-NP,803,13,43,37581,1,37638,G
5-NP,804,37464,1,22,1,37488,A
5-NP,805,2,37354,1,20,37377,T
5-NP,806,47,9,1,37540,37597,C
5-NP,807,37331,3,29,1,37364,A
5-NP,808,4,0,37567,0,37571,G
5-NP,809,5,37385,1,24,37415,T
5-NP,810,1,37094,1,10,37106,T
5-NP,811,6,14,37191,2,37213,G
5-NP,812,9,7,0,36815,36831,C
5-NP,813,4,36727,3,68,36802,T
5-NP,814,88,7,1,36993,37089,C
5-NP,815,37069,5,19,0,37093,A
5-NP,816,6,6,0,37160,37172,C
5-NP,817,37080,0,7,0,37087,A
5-NP,818,37328,1,11,0,37340,A
5-NP,819,37288,0,8,1,37297,A
5-NP,820,3,37152,2,4,37161,T
5-NP,821,27,6,1,37262,37296,C
5-NP,822,8,37116,2,35,37161,T
5-NP,823,2,37136,2,18,37158,T
5-NP,824,10,4,37247,1,37262,G
5-NP,825,7,16,0,37216,37239,C
5-NP,826,32,8,0,37795,37835,C
5-NP,827,6,37779,2,18,37805,T
5-NP,828,37819,6,16,0,37841,A
5-NP,829,2,6,2,38000,38010,C
5-NP,830,28,4,3,37973,38008,C
5-NP,831,5,37784,1,50,37840,T
5-NP,832,11,4,38423,0,38438,G
5-NP,833,3,18,0,38201,38222,C
5-NP,834,26,7,1,38376,38410,C
5-NP,835,7,37624,16,39,37686,T
5-NP,836,8,4,38138,0,38150,G
5-NP,837,2,37818,6,36,37862,T
5-NP,838,96,14,38197,0,38307,G
5-NP,839,14,12,4,38480,38510,C
5-NP,840,12,6,39227,0,39245,G
5-NP,841,0,38563,2,22,38587,T
5-NP,842,38545,6,10,1,38562,A
5-NP,843,1,38560,1,16,38578,T
5-NP,844,6,51,38498,2,38557,G
5-NP,845,3,71,40026,0,40100,G
5-NP,846,39619,3,286,1,39909,A
5-NP,847,7,9,2,39248,39266,C
5-NP,848,34,4,0,39266,39304,C
5-NP,849,10,38637,2,61,38710,T
5-NP,850,13,3,40663,0,40679,G
5-NP,851,4,17,0,40705,40726,C
5-NP,852,40757,6,39,3,40805,A
5-NP,853,16,9,41484,0,41509,G
5-NP,854,1,39520,0,17,39538,T
5-NP,855,41257,2,5,1,41265,A
5-NP,856,1,40992,2,35,41030,T
5-NP,857,34,8,0,40961,41003,C
5-NP,858,42,8,0,41036,41086,C
5-NP,859,39097,5,15,3,39120,A
5-NP,860,32,4,39297,0,39333,G
5-NP,861,2,39080,3,23,39108,T
5-NP,862,10,65,39584,0,39659,G
5-NP,863,6,44,39457,2,39509,G
5-NP,864,7,12,38950,2,38971,G
5-NP,865,3,38855,1,22,38881,T
5-NP,866,38842,3,22,0,38867,A
5-NP,867,1,13,2,38735,38751,C
5-NP,868,10,123,38517,1,38651,G
5-NP,869,38452,2,30,0,38484,A
5-NP,870,0,4,1,38496,38501,C
5-NP,871,1,37483,2,55,37541,T
5-NP,872,2,37607,1,5,37615,T
5-NP,873,37,15,0,37496,37548,C
5-NP,874,7,33,37572,1,37613,G
5-NP,875,37538,1,9,1,37549,A
5-NP,876,37593,2,7,2,37604,A
5-NP,877,37689,2,3,0,37694,A
5-NP,878,37647,1,7,3,37658,A
5-NP,879,37508,2,48,1,37559,A
5-NP,880,8,19,37755,0,37782,G
5-NP,881,37516,3,124,1,37644,A
5-NP,882,5,59,37967,1,38032,G
5-NP,883,6,44,38397,1,38448,G
5-NP,884,51,26,38411,1,38489,G
5-NP,885,38441,2,104,0,38547,A
5-NP,886,4,38499,1,19,38523,T
5-NP,887,38791,4,7,0,38802,A
5-NP,888,2,38674,3,46,38725,T
5-NP,889,5,38824,3,20,38852,T
5-NP,890,65,4,1,39066,39136,C
5-NP,891,33,4,0,38771,38808,C
5-NP,892,2,38215,0,15,38232,T
5-NP,893,2,38211,0,4,38217,T
5-NP,894,5,44,38619,1,38669,G
5-NP,895,6,1,38920,1,38928,G
5-NP,896,6,38560,1,42,38609,T
5-NP,897,10,41,38541,0,38592,G
5-NP,898,6,16,38733,3,38758,G
5-NP,899,14,39,40750,0,40803,G
5-NP,900,40781,3,27,1,40812,A
5-NP,901,40862,0,15,1,40878,A
5-NP,902,5,38607,2181,7,40800,T
5-NP,903,40097,4,31,1,40133,A
5-NP,904,3,70,40073,1,40147,G
5-NP,905,39713,6,75,2,39796,A
5-NP,906,3,3,1,39700,39707,C
5-NP,907,63,6,1,39075,39145,C
5-NP,908,69,2,0,37761,37832,C
5-NP,909,2,38085,2,63,38152,T
5-NP,910,5,38134,3,12,38154,T
5-NP,911,3,38129,0,40,38172,T
5-NP,912,53,3,0,38174,38230,C
5-NP,913,38127,3,7,0,38137,A
5-NP,914,38158,6,7,0,38171,A
5-NP,915,38047,5,21,2,38075,A
5-NP,916,1,1,0,38105,38107,C
5-NP,917,1,37025,1,10,37037,T
5-NP,918,36890,1,10,1,36902,A
5-NP,919,2,3,1,37447,37453,C
5-NP,920,1,37244,2,46,37293,T
5-NP,921,4,37163,3,14,37184,T
5-NP,922,34,5,0,37369,37408,C
5-NP,923,37340,3,9,0,37352,A
5-NP,924,37359,1,3,3,37366,A
5-NP,925,37171,1,9,2,37183,A
5-NP,926,37209,2,18,2,37231,A
5-NP,927,1,36822,1,6,36830,T
5-NP,928,36112,4,23,0,36139,A
5-NP,929,12,11,36624,0,36647,G
5-NP,930,7,10,0,36710,36727,C
5-NP,931,57,6,0,37178,37241,C
5-NP,932,37302,3,6,1,37312,A
5-NP,933,37422,0,6,1,37429,A
5-NP,934,38891,0,15,1,38907,A
5-NP,935,2,38983,3,5,38993,T
5-NP,936,39178,3,3,1,39185,A
5-NP,937,4,39078,1,29,39112,T
5-NP,938,38382,1,24,1,38408,A
5-NP,939,1,13,0,38484,38498,C
5-NP,940,37436,1,37,0,37474,A
5-NP,941,3,4,38450,0,38457,G
5-NP,942,5,4,1,38333,38343,C
5-NP,943,2,36867,4,61,36934,T
5-NP,944,4,37180,1,16,37201,T
5-NP,945,37432,3,8,0,37443,A
5-NP,946,37478,1,10,1,37490,A
5-NP,947,4,37385,5,5,37399,T
5-NP,948,43,3,2,37376,37424,C
5-NP,949,35983,2,32,0,36017,A
5-NP,950,5,73,36790,0,36868,G
5-NP,951,37028,3,31,0,37062,A
5-NP,952,6,5,0,38435,38446,C
5-NP,953,27,3,0,38222,38252,C
5-NP,954,3,37689,1,24,37717,T
5-NP,955,38014,0,17,2,38033,A
5-NP,956,37975,4,27,1,38007,A
5-NP,957,7090,15,2,30435,37542,C
5-NP,958,5,79,37545,1,37630,G
5-NP,959,36845,2,16,1,36864,A
5-NP,960,1,49,36928,0,36978,G
5-NP,961,34631,2,32,3,34668,A
5-NP,962,34932,0,30,1,34963,A
5-NP,963,4,34835,4,16,34859,T
5-NP,964,47,6,7,34454,34514,C
5-NP,965,32,8,1,34503,34544,C
5-NP,966,33892,3,84,1,33980,A
5-NP,967,13,6,34196,1,34216,G
5-NP,968,5,11,0,34164,34180,C
5-NP,969,34458,4,24,1,34487,A
5-NP,970,4,8,0,34744,34756,C
5-NP,971,34135,5,58,0,34198,A
5-NP,972,2,5,0,34264,34271,C
5-NP,973,34234,1,18,1,34254,A
5-NP,974,34287,1,84,11,34383,A
5-NP,975,4,38,34451,2,34495,G
5-NP,976,33990,1,54,0,34045,A
5-NP,977,3,2,34217,0,34222,G
5-NP,978,4,33460,0,33,33497,T
5-NP,979,90,4,1,33373,33468,C
5-NP,980,33368,2,48,2,33420,A
5-NP,981,11,2,33411,0,33424,G
5-NP,982,4,8,1,33371,33384,C
5-NP,983,6,33188,2,30,33226,T
5-NP,984,8,25,33729,0,33762,G
5-NP,985,3,4,33963,1,33971,G
5-NP,986,1,33734,1,22,33758,T
5-NP,987,6,4,34045,0,34055,G
5-NP,988,140,33403,1,32,33576,T
5-NP,989,10,41,33565,0,33616,G
5-NP,990,4,15,33547,2,33568,G
5-NP,991,33415,3,25,0,33443,A
5-NP,992,4,33479,3,30,33516,T
5-NP,993,7,38,32098,0,32143,G
5-NP,994,439,6,31493,0,31938,G
5-NP,995,8,12,1,31857,31878,C
5-NP,996,31646,3,38,0,31687,A
5-NP,997,6,31626,14,33,31679,T
5-NP,998,10,5,31486,1,31502,G
5-NP,999,9,8,0,31758,31775,C
5-NP,1000,48,5,1,31729,31783,C
5-NP,1001,31852,0,19,0,31871,A
5-NP,1002,2,31729,0,23,31754,T
5-NP,1003,1,31346,2,29,31378,T
5-NP,1004,40,1,1,31520,31562,C
5-NP,1005,4,31121,1,24,31150,T
5-NP,1006,7,2,31118,1,31128,G
5-NP,1007,3,4,1,31056,31064,C
5-NP,1008,3,29953,2,62,30020,T
5-NP,1009,416,4,29812,0,30232,G
5-NP,1010,5,3,2,29729,29739,C
5-NP,1011,29763,8,7,3,29781,A
5-NP,1012,4,29761,0,7,29772,T
5-NP,1013,0,29447,2,10,29459,T
5-NP,1014,3,29393,0,11,29407,T
5-NP,1015,4,28,29341,0,29373,G
5-NP,1016,29313,0,23,0,29336,A
5-NP,1017,29322,4,27,0,29353,A
5-NP,1018,2,31,29652,0,29685,G
5-NP,1019,29622,2,14,0,29638,A
5-NP,1020,1,29522,1,2,29526,T
5-NP,1021,1,29462,5,6,29474,T
5-NP,1022,3,29499,1,2,29505,T
5-NP,1023,29481,4,11,0,29496,A
5-NP,1024,29514,2,14,0,29530,A
5-NP,1025,2,22,29509,0,29533,G
5-NP,1026,29433,1,15,0,29449,A
5-NP,1027,2,29333,1,9,29345,T
5-NP,1028,4,28418,2,10,28434,T
5-NP,1029,3,2,28627,1,28633,G
5-NP,1030,8,28562,5,56,28631,T
5-NP,1031,5,28572,1,23,28601,T
5-NP,1032,28595,2,13,0,28610,A
5-NP,1033,28606,2,19,3,28630,A
5-NP,1034,8,2,28695,0,28705,G
5-NP,1035,4,6,1,28787,28798,C
5-NP,1036,2,27971,1,71,28045,T
5-NP,1037,3,28064,0,31,28098,T
5-NP,1038,31,3,0,28120,28154,C
5-NP,1039,28160,4,24,0,28188,A
5-NP,1040,2,28076,3,17,28098,T
5-NP,1041,22,4,0,28158,28184,C
5-NP,1042,27648,3,17,1,27669,A
5-NP,1043,4,17,27644,0,27665,G
5-NP,1044,27097,2,54,1,27154,A
5-NP,1045,2,44,27160,1,27207,G
5-NP,1046,1,33,27285,0,27319,G
5-NP,1047,5,37,27030,1,27073,G
5-NP,1048,27001,5,54,0,27060,A
5-NP,1049,3,4,0,27089,27096,C
5-NP,1050,27085,2,3,2,27092,A
5-NP,1051,27165,1,12,0,27178,A
5-NP,1052,27196,2,10,0,27208,A
5-NP,1053,27231,0,36,3,27270,A
5-NP,1054,6,1,27398,0,27405,G
5-NP,1055,4,26318,0,21,26343,T
5-NP,1056,26147,1,4,1,26153,A
5-NP,1057,2,25946,1,43,25992,T
5-NP,1058,27,3,0,25962,25992,C
5-NP,1059,3,25442,0,107,25552,T
5-NP,1060,32,2,1,25899,25934,C
5-NP,1061,20,3,0,25688,25711,C
5-NP,1062,1,25455,2,9,25467,T
5-NP,1063,28,4,1,25383,25416,C
5-NP,1064,7,35,25273,1,25316,G
5-NP,1065,10,30,25423,0,25463,G
5-NP,1066,5,48,25375,2,25430,G
5-NP,1067,9,18,25317,1,25345,G
5-NP,1068,8,22,25298,1,25329,G
5-NP,1069,24754,2,8,1,24765,A
5-NP,1070,24745,3,11,0,24759,A
5-NP,1071,24700,2,54,1,24757,A
5-NP,1072,0,4,0,24903,24907,C
5-NP,1073,0,24703,4,22,24729,T
5-NP,1074,9,0,24893,2,24904,G
5-NP,1075,4,24589,1,35,24629,T
5-NP,1076,88,3,2,24588,24681,C
5-NP,1077,25135,1,23,0,25159,A
5-NP,1078,25281,1,18,1,25301,A
5-NP,1079,0,0,0,25481,25481,C
5-NP,1080,2,25335,0,45,25382,T
5-NP,1081,24713,0,11,1,24725,A
5-NP,1082,1,20,24827,0,24848,G
5-NP,1083,24206,2,22,4,24234,A
5-NP,1084,0,6,24288,0,24294,G
5-NP,1085,0,38,24189,0,24227,G
5-NP,1086,22647,3,38,1,22689,A
5-NP,1087,2,0,23101,0,23103,G
5-NP,1088,1,22673,3,13,22690,T
5-NP,1089,22677,2,15,0,22694,A
5-NP,1090,2,3,0,22686,22691,C
5-NP,1091,22313,1,5,1,22320,A
5-NP,1092,22313,0,8,1,22322,A
5-NP,1093,22037,1,8,0,22046,A
5-NP,1094,1,21762,1,3,21767,T
5-NP,1095,0,21546,1,1,21548,T
5-NP,1096,1,3,20696,0,20700,G
5-NP,1097,4,2,0,20356,20362,C
5-NP,1098,3,20283,2,26,20314,T
5-NP,1099,6,20268,0,19,20293,T
5-NP,1100,27,2,1,20278,20308,C
5-NP,1101,20327,0,6,0,20333,A
5-NP,1102,20402,1,7,0,20410,A
5-NP,1103,20383,2,9,0,20394,A
5-NP,1104,0,20377,0,6,20383,T
5-NP,1105,3,38,20327,1,20369,G
5-NP,1106,19818,2,30,1,19851,A
5-NP,1107,1,36,19929,0,19966,G
5-NP,1108,19877,1,66,0,19944,A
5-NP,1109,19900,1,14,0,19915,A
5-NP,1110,2,3,1,19878,19884,C
5-NP,1111,19583,3,6,1,19593,A
5-NP,1112,2,19524,0,13,19539,T
5-NP,1113,1,20,19570,1,19592,G
5-NP,1114,2,10,19618,0,19630,G
5-NP,1115,19564,1,17,1,19583,A
5-NP,1116,0,19072,2,3,19077,T
5-NP,1117,18759,0,6,0,18765,A
5-NP,1118,19217,0,6,0,19223,A
5-NP,1119,2,18661,2,5,18670,T
5-NP,1120,18573,1,10,0,18584,A
5-NP,1121,1,18422,1,16,18440,T
5-NP,1122,8,18,16520,0,16546,G
5-NP,1123,1,13,15961,0,15975,G
5-NP,1124,1,11,15854,0,15866,G
5-NP,1125,15697,0,7,0,15704,A
5-NP,1126,0,15651,2,1,15654,T
5-NP,1127,29,2,0,10917,10948,C
5-NP,1128,7,22,10926,1,10956,G
5-NP,1129,10888,3,10,1,10902,A
5-NP,1130,3,3,10900,0,10906,G
5-NP,1131,2,3,0,10843,10848,C
5-NP,1132,10585,0,7,0,10592,A
5-NP,1133,2,0,0,10607,10609,C
5-NP,1134,0,10305,0,4,10309,T
5-NP,1135,23,0,1,10355,10379,C
5-NP,1136,0,10342,0,10,10352,T
5-NP,1137,1,10078,0,2,10081,T
5-NP,1138,0,19,10061,0,10080,G
5-NP,1139,10001,2,11,0,10014,A
5-NP,1140,10000,0,7,0,10007,A
5-NP,1141,1,0,0,9985,9986,C
5-NP,1142,0,6525,0,1,6526,T
5-NP,1143,2,3,6517,0,6522,G
5-NP,1144,6026,1,26,0,6053,A
5-NP,1145,0,3,6064,1,6068,G
5-NP,1146,6056,0,0,0,6056,A
5-NP,1147,5785,0,0,0,5785,A
5-NP,1148,0,0,5786,0,5786,G
5-NP,1149,1,1,0,5417,5419,C
5-NP,1150,246,3,5136,0,5385,G
5-NP,1151,1,4,5352,0,5357,G
5-NP,1152,3,0,4899,0,4902,G
5-NP,1153,0,4761,0,0,4761,T
5-NP,1154,4389,0,3,0,4392,A
5-NP,1155,1,2,0,4350,4353,C
5-NP,1156,2,1828,0,1,1831,T
5-NP,1157,1,2,1631,0,1634,G
5-NP,1158,0,0,1379,0,1379,G
5-NP,1159,0,0,1151,0,1151,G
5-NP,1160,1,0,0,1034,1035,C
5-NP,1161,0,0,0,492,492,C
5-NP,1162,478,0,0,0,478,A
5-NP,1163,0,477,0,0,477,T
5-NP,1164,478,0,0,0,478,A
5-NP,1165,474,0,1,0,475,A
5-NP,1166,0,0,466,0,466,G
5-NP,1167,0,1,474,0,475,G
5-NP,1168,466,0,0,0,466,A
5-NP,1169,0,0,0,464,464,C
5-NP,1170,0,0,0,471,471,C
5-NP,1171,466,0,0,1,467,A
5-NP,1172,0,0,474,0,474,G
5-NP,1173,0,0,480,0,480,G
5-NP,1174,475,0,0,0,475,A
5-NP,1175,0,0,482,0,482,G
5-NP,1176,0,448,0,0,448,T
5-NP,1177,0,1,448,0,449,G
5-NP,1178,0,0,448,1,449,G
5-NP,1179,449,0,0,0,449,A
5-NP,1180,0,1,449,0,450,G
5-NP,1181,0,0,447,0,447,G
5-NP,1182,440,0,0,0,440,A
5-NP,1183,441,0,0,0,441,A
5-NP,1184,435,1,0,0,436,A
5-NP,1185,0,0,0,438,438,C
5-NP,1186,436,0,0,0,436,A
5-NP,1187,0,0,0,454,454,C
5-NP,1188,0,446,0,0,446,T
5-NP,1189,454,0,1,0,455,A
5-NP,1190,452,0,1,0,453,A
5-NP,1191,0,457,0,0,457,T
5-NP,1192,0,0,0,460,460,C
5-NP,1193,459,0,0,0,459,A
5-NP,1194,465,0,0,0,465,A
5-NP,1195,1,0,0,466,467,C
5-NP,1196,457,0,0,0,457,A
5-NP,1197,0,0,455,0,455,G
5-NP,1198,444,0,0,0,444,A
5-NP,1199,0,0,446,0,446,G
5-NP,1200,1,0,447,0,448,G
5-NP,1201,0,0,448,0,448,G
5-NP,1202,0,0,0,446,446,C
5-NP,1203,0,0,0,441,441,C
5-NP,1204,0,436,0,0,436,T
5-NP,1205,0,0,0,443,443,C
5-NP,1206,0,1,0,445,446,C
5-NP,1207,0,0,445,0,445,G
5-NP,1208,0,0,0,444,444,C
5-NP,1209,439,0,0,0,439,A
5-NP,1210,0,0,457,0,457,G
5-NP,1211,1,0,455,0,456,G
5-NP,1212,1,0,0,458,459,C
5-NP,1213,0,0,0,459,459,C
5-NP,1214,452,0,2,0,454,A
5-NP,1215,459,0,0,0,459,A
5-NP,1216,459,0,0,0,459,A
5-NP,1217,0,0,0,462,462,C
5-NP,1218,0,0,0,460,460,C
5-NP,1219,417,0,1,0,418,A
5-NP,1220,0,0,429,0,429,G
5-NP,1221,0,420,0,0,420,T
5-NP,1222,0,0,426,0,426,G
5-NP,1223,0,421,0,0,421,T
5-NP,1224,1,0,421,0,422,G
5-NP,1225,0,0,0,422,422,C
5-NP,1226,420,0,0,0,420,A
5-NP,1227,419,0,3,0,422,A
5-NP,1228,0,0,0,419,419,C
5-NP,1229,0,0,0,421,421,C
5-NP,1230,0,412,1,1,414,T
5-NP,1231,411,0,0,0,411,A
5-NP,1232,0,0,0,407,407,C
5-NP,1233,0,0,409,0,409,G
5-NP,1234,0,406,0,0,406,T
5-NP,1235,0,412,0,0,412,T
5-NP,1236,0,404,0,2,406,T
5-NP,1237,0,404,0,0,404,T
5-NP,1238,0,0,0,406,406,C
5-NP,1239,0,398,0,0,398,T
5-NP,1240,0,0,405,0,405,G
5-NP,1241,0,405,0,0,405,T
5-NP,1242,407,0,1,0,408,A
5-NP,1243,0,0,0,409,409,C
5-NP,1244,405,0,0,0,405,A
5-NP,1245,403,0,0,0,403,A
5-NP,1246,405,0,0,0,405,A
5-NP,1247,0,0,405,0,405,G
5-NP,1248,401,0,0,0,401,A
5-NP,1249,394,0,0,0,394,A
5-NP,1250,393,0,1,0,394,A
5-NP,1251,0,0,0,392,392,C
5-NP,1252,0,0,0,387,387,C
5-NP,1253,0,386,0,2,388,T
5-NP,1254,0,0,0,391,391,C
5-NP,1255,0,0,0,389,389,C
5-NP,1256,0,0,0,388,388,C
5-NP,1257,389,0,0,0,389,A
5-NP,1258,0,388,0,0,388,T
5-NP,1259,0,388,0,1,389,T
5-NP,1260,0,386,0,1,387,T
5-NP,1261,0,0,388,0,388,G
5-NP,1262,388,0,0,0,388,A
5-NP,1263,387,0,0,0,387,A
5-NP,1264,388,0,0,0,388,A
5-NP,1265,384,0,0,0,384,A
5-NP,1266,0,0,388,0,388,G
5-NP,1267,0,386,0,0,386,T
5-NP,1268,2,0,0,387,389,C
5-NP,1269,388,0,0,0,388,A
5-NP,1270,390,0,0,0,390,A
5-NP,1271,0,0,0,394,394,C
5-NP,1272,1,0,0,396,397,C
5-NP,1273,398,0,0,0,398,A
5-NP,1274,0,398,0,5,403,T
5-NP,1275,0,0,0,397,397,C
5-NP,1276,397,0,0,0,397,A
5-NP,1277,0,401,0,0,401,T
5-NP,1278,2,2,398,0,402,G
5-NP,1279,0,0,403,0,403,G
5-NP,1280,0,0,0,402,402,C
5-NP,1281,395,0,0,0,395,A
5-NP,1282,0,0,395,0,395,G
5-NP,1283,0,0,0,393,393,C
5-NP,1284,394,0,0,0,394,A
5-NP,1285,0,394,0,0,394,T
5-NP,1286,1,391,0,0,392,T
5-NP,1287,1,0,0,392,393,C
5-NP,1288,389,1,0,0,390,A
5-NP,1289,0,0,0,394,394,C
5-NP,1290,0,392,0,1,393,T
5-NP,1291,0,0,395,0,395,G
5-NP,1292,0,0,401,0,401,G
5-NP,1293,396,0,1,0,397,A
5-NP,1294,398,0,0,0,398,A
5-NP,1295,398,0,0,0,398,A
5-NP,1296,0,395,0,0,395,T
5-NP,1297,393,0,0,0,393,A
5-NP,1298,1,0,1,390,392,C
5-NP,1299,0,0,392,0,392,G
5-NP,1300,0,0,390,0,390,G
5-NP,1301,388,0,0,0,388,A
5-NP,1302,383,0,0,0,383,A
5-NP,1303,0,0,387,0,387,G
5-NP,1304,0,0,389,0,389,G
5-NP,1305,389,0,0,0,389,A
5-NP,1306,390,0,0,0,390,A
5-NP,1307,0,1,389,0,390,G
5-NP,1308,389,0,0,0,389,A
5-NP,1309,391,0,0,0,391,A
5-NP,1310,0,0,0,400,400,C
5-NP,1311,0,392,0,0,392,T
5-NP,1312,0,396,0,0,396,T
5-NP,1313,3,0,0,395,398,C
5-NP,1314,398,0,0,0,398,A
5-NP,1315,0,0,400,0,400,G
5-NP,1316,399,0,0,0,399,A
5-NP,1317,0,0,0,400,400,C
5-NP,1318,399,0,0,0,399,A
5-NP,1319,0,387,0,0,387,T
5-NP,1320,0,0,388,0,388,G
5-NP,1321,381,0,0,0,381,A
5-NP,1322,0,0,385,0,385,G
5-NP,1323,0,0,388,0,388,G
5-NP,1324,0,0,384,0,384,G
5-NP,1325,0,7,0,376,383,C
5-NP,1326,378,0,1,0,379,A
5-NP,1327,1,0,378,0,379,G
5-NP,1328,379,0,0,0,379,A
5-NP,1329,383,0,0,0,383,A
5-NP,1330,384,0,0,0,384,A
5-NP,1331,0,379,0,0,379,T
5-NP,1332,1,0,0,381,382,C
5-NP,1333,382,0,0,0,382,A
5-NP,1334,0,377,1,0,378,T
5-NP,1335,379,0,0,0,379,A
5-NP,1336,378,0,0,0,378,A
5-NP,1337,0,0,381,0,381,G
5-NP,1338,378,0,0,0,378,A
5-NP,1339,384,0,0,0,384,A
5-NP,1340,0,377,0,0,377,T
5-NP,1341,0,0,380,0,380,G
5-NP,1342,378,0,0,0,378,A
5-NP,1343,0,379,0,0,379,T
5-NP,1344,0,0,381,0,381,G
5-NP,1345,0,0,383,0,383,G
5-NP,1346,381,0,0,0,381,A
5-NP,1347,378,0,0,0,378,A
5-NP,1348,365,0,0,0,365,A
5-NP,1349,0,0,374,0,374,G
5-NP,1350,0,373,0,1,374,T
5-NP,1351,0,0,373,0,373,G
5-NP,1352,0,0,0,374,374,C
5-NP,1353,372,1,0,0,373,A
5-NP,1354,371,0,0,0,371,A
5-NP,1355,374,0,0,0,374,A
5-NP,1356,385,0,0,0,385,A
5-NP,1357,0,0,0,386,386,C
5-NP,1358,0,0,0,379,379,C
5-NP,1359,379,0,0,0,379,A
5-NP,1360,0,0,386,0,386,G
5-NP,1361,384,1,0,0,385,A
5-NP,1362,385,0,1,0,386,A
5-NP,1363,0,1,387,0,388,G
5-NP,1364,385,0,0,0,385,A
5-NP,1365,371,0,0,0,371,A
5-NP,1366,0,1,377,0,378,G
5-NP,1367,0,372,1,0,373,T
5-NP,1368,0,0,373,1,374,G
5-NP,1369,0,374,1,0,375,T
5-NP,1370,1,0,0,375,376,C
5-NP,1371,375,0,0,0,375,A
5-NP,1372,0,377,0,0,377,T
5-NP,1373,0,378,0,0,378,T
5-NP,1374,1,0,0,377,378,C
5-NP,1375,0,1,0,369,370,C
5-NP,1376,0,0,370,0,370,G
5-NP,1377,363,0,1,0,364,A
5-NP,1378,0,1,365,0,366,G
5-NP,1379,0,0,369,0,369,G
5-NP,1380,0,0,368,0,368,G
5-NP,1381,355,0,0,0,355,A
5-NP,1382,0,1,353,0,354,G
5-NP,1383,0,1,357,0,358,G
5-NP,1384,0,0,355,0,355,G
5-NP,1385,0,0,351,0,351,G
5-NP,1386,351,0,0,0,351,A
5-NP,1387,0,0,351,0,351,G
5-NP,1388,0,347,0,0,347,T
5-NP,1389,1,0,1,339,341,C
5-NP,1390,0,346,0,0,346,T
5-NP,1391,0,346,0,0,346,T
5-NP,1392,1,0,0,346,347,C
5-NP,1393,0,0,346,0,346,G
5-NP,1394,343,0,0,0,343,A
5-NP,1395,0,0,344,0,344,G
5-NP,1396,0,0,0,339,339,C
5-NP,1397,0,339,0,0,339,T
5-NP,1398,0,0,0,339,339,C
5-NP,1399,0,335,0,0,335,T
5-NP,1400,0,0,0,339,339,C
5-NP,1401,340,0,0,0,340,A
5-NP,1402,0,0,342,0,342,G
5-NP,1403,340,0,0,0,340,A
5-NP,1404,0,0,0,342,342,C
5-NP,1405,0,1,337,0,338,G
5-NP,1406,331,0,0,0,331,A
5-NP,1407,0,1,329,0,330,G
5-NP,1408,328,0,1,0,329,A
5-NP,1409,328,0,0,0,328,A
5-NP,1410,1,0,327,0,328,G
5-NP,1411,0,1,325,0,326,G
5-NP,1412,0,0,0,329,329,C
5-NP,1413,323,0,1,0,324,A
5-NP,1414,324,0,0,0,324,A
5-NP,1415,0,0,0,324,324,C
5-NP,1416,0,0,325,0,325,G
5-NP,1417,323,0,0,0,323,A
5-NP,1418,324,0,0,0,324,A
5-NP,1419,0,0,0,326,326,C
5-NP,1420,0,0,0,323,323,C
5-NP,1421,1,0,0,318,319,C
5-NP,1422,0,0,320,0,320,G
5-NP,1423,316,0,0,0,316,A
5-NP,1424,0,318,0,0,318,T
5-NP,1425,2,0,0,310,312,C
5-NP,1426,0,0,311,0,311,G
5-NP,1427,0,308,0,0,308,T
5-NP,1428,0,0,307,0,307,G
5-NP,1429,0,0,0,303,303,C
5-NP,1430,0,0,0,301,301,C
5-NP,1431,0,0,0,305,305,C
5-NP,1432,0,300,0,1,301,T
5-NP,1433,0,0,0,315,315,C
5-NP,1434,0,316,0,0,316,T
5-NP,1435,0,313,2,0,315,T
5-NP,1436,0,318,0,0,318,T
5-NP,1437,0,315,0,0,315,T
5-NP,1438,0,1,315,0,316,G
5-NP,1439,314,0,0,0,314,A
5-NP,1440,1,310,0,0,311,T
5-NP,1441,305,0,0,0,305,A
5-NP,1442,0,265,0,0,265,T
5-NP,1443,0,2,273,0,275,G
5-NP,1444,271,0,0,0,271,A
5-NP,1445,0,0,277,0,277,G
5-NP,1446,0,277,0,0,277,T
5-NP,1447,271,0,0,0,271,A
5-NP,1448,270,0,1,0,271,A
5-NP,1449,0,270,0,0,270,T
5-NP,1450,2,0,269,0,271,G
5-NP,1451,269,0,0,1,270,A
5-NP,1452,246,0,0,0,246,A
5-NP,1453,0,0,246,0,246,G
5-NP,1454,0,0,224,0,224,G
5-NP,1455,226,0,0,0,226,A
5-NP,1456,0,222,0,1,223,T
5-NP,1457,0,0,0,222,222,C
5-NP,1458,2,218,0,1,221,T
5-NP,1459,0,221,0,0,221,T
5-NP,1460,220,0,2,0,222,A
5-NP,1461,0,221,0,0,221,T
5-NP,1462,0,217,0,1,218,T
5-NP,1463,0,214,0,0,214,T
5-NP,1464,0,0,0,211,211,C
5-NP,1465,0,205,0,0,205,T
5-NP,1466,0,207,0,0,207,T
5-NP,1467,1,0,0,205,206,C
5-NP,1468,0,0,205,0,205,G
5-NP,1469,0,0,204,0,204,G
5-NP,1470,202,0,0,0,202,A
5-NP,1471,0,0,204,0,204,G
5-NP,1472,204,0,0,0,204,A
5-NP,1473,0,0,0,201,201,C
5-NP,1474,189,0,0,0,189,A
5-NP,1475,189,1,0,0,190,A
5-NP,1476,0,187,1,1,189,T
5-NP,1477,0,0,188,0,188,G
5-NP,1478,0,1,0,187,188,C
5-NP,1479,184,0,0,0,184,A
5-NP,1480,0,0,182,0,182,G
5-NP,1481,182,0,0,1,183,A
5-NP,1482,170,0,0,0,170,A
5-NP,1483,0,0,171,0,171,G
5-NP,1484,119,0,0,0,119,A
5-NP,1485,0,0,118,0,118,G
5-NP,1486,0,107,0,0,107,T
5-NP,1487,105,0,0,0,105,A
5-NP,1488,0,102,0,0,102,T
5-NP,1489,0,0,102,0,102,G
5-NP,1490,102,0,0,0,102,A
5-NP,1491,0,0,0,102,102,C
5-NP,1492,71,0,0,0,71,A
5-NP,1493,71,0,0,0,71,A
5-NP,1494,0,47,0,0,47,T
5-NP,1495,0,45,0,0,45,T
5-NP,1496,44,0,0,0,44,A
5-NP,1497,43,0,0,0,43,A
6-NA,1,121,0,0,0,121,A
6-NA,2,0,121,0,0,121,T
6-NA,3,0,0,120,0,120,G
6-NA,4,118,0,3,0,121,A
6-NA,5,127,0,1,0,128,A
6-NA,6,0,126,0,0,126,T
6-NA,7,0,0,0,127,127,C
6-NA,8,0,0,0,128,128,C
6-NA,9,129,0,0,0,129,A
6-NA,10,131,0,0,0,131,A
6-NA,11,132,0,0,0,132,A
6-NA,12,0,137,0,0,137,T
6-NA,13,1,0,0,137,138,C
6-NA,14,138,0,1,0,139,A
6-NA,15,141,0,0,0,141,A
6-NA,16,142,0,0,0,142,A
6-NA,17,148,0,0,0,148,A
6-NA,18,0,0,166,0,166,G
6-NA,19,171,0,0,0,171,A
6-NA,20,0,171,0,0,171,T
6-NA,21,173,0,0,0,173,A
6-NA,22,175,0,0,1,176,A
6-NA,23,0,178,0,0,178,T
6-NA,24,183,0,0,0,183,A
6-NA,25,185,0,0,0,185,A
6-NA,26,0,2,0,196,198,C
6-NA,27,0,2,200,0,202,G
6-NA,28,199,0,1,0,200,A
6-NA,29,0,203,0,0,203,T
6-NA,30,0,203,0,0,203,T
6-NA,31,0,1,202,0,203,G
6-NA,32,0,0,222,0,222,G
6-NA,33,0,0,0,226,226,C
6-NA,34,1,223,0,0,224,T
6-NA,35,1,0,0,233,234,C
6-NA,36,0,234,0,1,235,T
6-NA,37,0,0,238,0,238,G
6-NA,38,0,239,0,1,240,T
6-NA,39,0,241,0,0,241,T
6-NA,40,0,254,0,1,255,T
6-NA,41,0,0,0,252,252,C
6-NA,42,0,254,0,0,254,T
6-NA,43,0,0,0,255,255,C
6-NA,44,0,258,0,0,258,T
6-NA,45,0,0,0,263,263,C
6-NA,46,259,0,0,0,259,A
6-NA,47,0,0,0,271,271,C
6-NA,48,1,1,0,269,271,C
6-NA,49,270,0,0,0,270,A
6-NA,50,0,274,0,0,274,T
6-NA,51,0,282,0,0,282,T
6-NA,52,0,284,0,0,284,T
6-NA,53,2,0,0,290,292,C
6-NA,54,0,1,0,291,292,C
6-NA,55,297,0,0,0,297,A
6-NA,56,0,0,0,308,308,C
6-NA,57,308,0,0,0,308,A
6-NA,58,327,0,0,0,327,A
6-NA,59,0,326,0,1,327,T
6-NA,60,348,0,0,0,348,A
6-NA,61,0,347,0,1,348,T
6-NA,62,1,0,346,0,347,G
6-NA,63,0,0,0,347,347,C
6-NA,64,0,347,0,1,348,T
6-NA,65,0,349,0,0,349,T
6-NA,66,0,0,0,350,350,C
6-NA,67,0,345,0,0,345,T
6-NA,68,0,344,0,0,344,T
6-NA,69,1,0,0,339,340,C
6-NA,70,340,0,0,0,340,A
6-NA,71,0,340,0,0,340,T
6-NA,72,0,0,341,1,342,G
6-NA,73,1,0,0,342,343,C
6-NA,74,343,0,0,0,343,A
6-NA,75,342,1,0,0,343,A
6-NA,76,344,0,0,0,344,A
6-NA,77,0,349,0,0,349,T
6-NA,78,0,343,0,2,345,T
6-NA,79,0,0,348,0,348,G
6-NA,80,0,1,0,347,348,C
6-NA,81,0,0,0,351,351,C
6-NA,82,349,0,0,1,350,A
6-NA,83,0,351,0,0,351,T
6-NA,84,0,0,0,383,383,C
6-NA,85,0,382,0,0,382,T
6-NA,86,0,382,0,1,383,T
6-NA,87,0,1,391,0,392,G
6-NA,88,390,0,1,0,391,A
6-NA,89,0,395,0,0,395,T
6-NA,90,396,0,0,0,396,A
6-NA,91,393,0,0,0,393,A
6-NA,92,1,0,0,448,449,C
6-NA,93,0,446,0,0,446,T
6-NA,94,449,0,0,0,449,A
6-NA,95,0,0,0,469,469,C
6-NA,96,0,465,0,1,466,T
6-NA,97,0,0,476,0,476,G
6-NA,98,0,475,0,1,476,T
6-NA,99,477,0,0,0,477,A
6-NA,100,479,0,1,0,480,A
6-NA,101,0,0,0,467,467,C
6-NA,102,456,0,0,0,456,A
6-NA,103,0,454,0,0,454,T
6-NA,104,0,440,0,2,442,T
6-NA,105,0,0,440,0,440,G
6-NA,106,0,0,0,440,440,C
6-NA,107,442,0,1,0,443,A
6-NA,108,0,446,0,0,446,T
6-NA,109,0,443,0,1,444,T
6-NA,110,0,436,0,6,442,T
6-NA,111,0,1,0,442,443,C
6-NA,112,442,0,1,0,443,A
6-NA,113,445,0,1,0,446,A
6-NA,114,0,0,449,0,449,G
6-NA,115,0,0,0,450,450,C
6-NA,116,448,0,1,0,449,A
6-NA,117,472,0,0,0,472,A
6-NA,118,0,477,0,0,477,T
6-NA,119,477,0,1,0,478,A
6-NA,120,0,478,0,0,478,T
6-NA,121,0,2,489,0,491,G
6-NA,122,488,0,0,0,488,A
6-NA,123,493,0,0,0,493,A
6-NA,124,2,497,0,0,499,T
6-NA,125,0,499,0,0,499,T
6-NA,126,0,0,0,490,490,C
6-NA,127,492,0,0,0,492,A
6-NA,128,496,1,0,0,497,A
6-NA,129,0,0,0,500,500,C
6-NA,130,0,496,0,2,498,T
6-NA,131,0,1,0,498,499,C
6-NA,132,2,0,0,499,501,C
6-NA,133,0,0,0,515,515,C
6-NA,134,2,0,0,512,514,C
6-NA,135,1,0,0,510,511,C
6-NA,136,1,0,0,521,522,C
6-NA,137,3,0,0,518,521,C
6-NA,138,523,0,0,0,523,A
6-NA,139,518,0,0,0,518,A
6-NA,140,520,0,0,0,520,A
6-NA,141,0,0,0,536,536,C
6-NA,142,525,0,0,0,525,A
6-NA,143,536,0,1,0,537,A
6-NA,144,0,1,0,538,539,C
6-NA,145,0,0,0,535,535,C
6-NA,146,536,0,0,0,536,A
6-NA,147,539,0,0,0,539,A
6-NA,148,0,0,552,0,552,G
6-NA,149,0,548,0,2,550,T
6-NA,150,0,1,549,0,550,G
6-NA,151,557,0,0,0,557,A
6-NA,152,0,556,0,1,557,T
6-NA,153,0,0,553,0,553,G
6-NA,154,0,0,0,558,558,C
6-NA,155,0,549,0,0,549,T
6-NA,156,0,0,579,0,579,G
6-NA,157,0,574,0,3,577,T
6-NA,158,0,0,576,0,576,G
6-NA,159,0,574,0,0,574,T
6-NA,160,0,0,572,1,573,G
6-NA,161,574,0,0,0,574,A
6-NA,162,576,0,0,0,576,A
6-NA,163,0,1,0,580,581,C
6-NA,164,1,0,0,579,580,C
6-NA,165,561,0,0,0,561,A
6-NA,166,566,0,0,0,566,A
6-NA,167,0,0,0,584,584,C
6-NA,168,580,0,0,0,580,A
6-NA,169,588,0,0,0,588,A
6-NA,170,1,584,0,0,585,T
6-NA,171,588,0,0,0,588,A
6-NA,172,593,0,0,0,593,A
6-NA,173,0,591,0,0,591,T
6-NA,174,586,0,0,0,586,A
6-NA,175,0,1,589,0,590,G
6-NA,176,563,0,0,0,563,A
6-NA,177,566,0,0,0,566,A
6-NA,178,562,0,0,0,562,A
6-NA,179,0,3,565,0,568,G
6-NA,180,589,0,0,0,589,A
6-NA,181,589,0,0,0,589,A
6-NA,182,613,0,1,0,614,A
6-NA,183,0,0,0,620,620,C
6-NA,184,614,0,0,0,614,A
6-NA,185,0,618,0,0,618,T
6-NA,186,619,0,1,0,620,A
6-NA,187,626,0,2,0,628,A
6-NA,188,0,1,0,634,635,C
6-NA,189,623,0,0,0,623,A
6-NA,190,0,1,660,0,661,G
6-NA,191,645,0,0,0,645,A
6-NA,192,0,1,646,0,647,G
6-NA,193,646,0,0,0,646,A
6-NA,194,0,661,0,0,661,T
6-NA,195,658,0,0,0,658,A
6-NA,196,0,0,669,0,669,G
6-NA,197,1,661,0,0,662,T
6-NA,198,0,0,676,0,676,G
6-NA,199,0,664,0,1,665,T
6-NA,200,664,0,0,0,664,A
6-NA,201,0,663,0,0,663,T
6-NA,202,0,0,0,661,661,C
6-NA,203,0,644,0,0,644,T
6-NA,204,0,1,664,0,665,G
6-NA,205,654,0,1,0,655,A
6-NA,206,0,0,0,655,655,C
6-NA,207,1,1,0,651,653,C
6-NA,208,650,0,1,0,651,A
6-NA,209,653,0,0,0,653,A
6-NA,210,0,1,0,665,666,C
6-NA,211,666,0,1,0,667,A
6-NA,212,0,1,0,703,704,C
6-NA,213,0,0,0,691,691,C
6-NA,214,704,0,2,0,706,A
6-NA,215,0,0,0,738,738,C
6-NA,216,0,1,0,734,735,C
6-NA,217,739,0,1,0,740,A
6-NA,218,0,737,0,3,740,T
6-NA,219,733,0,0,0,733,A
6-NA,220,1,0,735,0,736,G
6-NA,221,714,0,0,0,714,A
6-NA,222,0,0,724,0,724,G
6-NA,223,720,0,1,0,721,A
6-NA,224,699,0,1,0,700,A
6-NA,225,0,1,702,0,703,G
6-NA,226,0,0,703,0,703,G
6-NA,227,701,0,0,0,701,A
6-NA,228,705,0,0,0,705,A
6-NA,229,703,0,0,0,703,A
6-NA,230,0,704,0,0,704,T
6-NA,231,700,0,1,0,701,A
6-NA,232,0,698,0,0,698,T
6-NA,233,1,1,695,0,697,G
6-NA,234,1,1,0,705,707,C
6-NA,235,1,0,0,699,700,C
6-NA,236,25,0,0,680,705,C
6-NA,237,1,0,0,707,708,C
6-NA,238,711,0,0,0,711,A
6-NA,239,730,0,0,0,730,A
6-NA,240,725,0,0,0,725,A
6-NA,241,14,0,0,720,734,C
6-NA,242,0,735,0,0,735,T
6-NA,243,729,0,1,0,730,A
6-NA,244,0,0,734,0,734,G
6-NA,245,0,0,0,736,736,C
6-NA,246,731,0,1,0,732,A
6-NA,247,0,1,758,0,759,G
6-NA,248,748,0,0,0,748,A
6-NA,249,780,0,0,0,780,A
6-NA,250,0,780,0,1,781,T
6-NA,251,780,0,0,0,780,A
6-NA,252,0,1,0,782,783,C
6-NA,253,773,0,1,0,774,A
6-NA,254,0,0,778,0,778,G
6-NA,255,779,0,0,0,779,A
6-NA,256,768,0,1,0,769,A
6-NA,257,770,0,0,0,770,A
6-NA,258,0,756,0,0,756,T
6-NA,259,0,750,0,4,754,T
6-NA,260,0,1,757,0,758,G
6-NA,261,1,1,754,0,756,G
6-NA,262,0,760,0,1,761,T
6-NA,263,2,0,0,759,761,C
6-NA,264,755,0,0,0,755,A
6-NA,265,760,0,1,0,761,A
6-NA,266,759,0,1,0,760,A
6-NA,267,0,0,764,0,764,G
6-NA,268,0,0,0,764,764,C
6-NA,269,0,0,0,761,761,C
6-NA,270,0,0,760,0,760,G
6-NA,271,0,0,0,760,760,C
6-NA,272,763,0,0,0,763,A
6-NA,273,774,0,0,0,774,A
6-NA,274,0,771,0,0,771,T
6-NA,275,2,0,775,0,777,G
6-NA,276,0,771,0,1,772,T
6-NA,277,1,2,773,0,776,G
6-NA,278,786,0,3,0,789,A
6-NA,279,0,0,0,797,797,C
6-NA,280,822,0,0,0,822,A
6-NA,281,0,823,0,5,828,T
6-NA,282,0,826,0,0,826,T
6-NA,283,830,0,0,0,830,A
6-NA,284,0,0,0,829,829,C
6-NA,285,819,0,0,0,819,A
6-NA,286,0,3,817,0,820,G
6-NA,287,0,1,804,0,805,G
6-NA,288,1,0,785,0,786,G
6-NA,289,0,816,0,0,816,T
6-NA,290,0,814,0,4,818,T
6-NA,291,0,819,0,1,820,T
6-NA,292,0,0,822,0,822,G
6-NA,293,1,1,0,818,820,C
6-NA,294,825,0,0,0,825,A
6-NA,295,0,0,0,823,823,C
6-NA,296,0,0,0,808,808,C
6-NA,297,1,802,0,0,803,T
6-NA,298,0,803,0,0,803,T
6-NA,299,0,807,0,1,808,T
6-NA,300,0,810,0,0,810,T
6-NA,301,0,828,0,0,828,T
6-NA,302,0,0,1,848,849,C
6-NA,303,0,843,0,0,843,T
6-NA,304,838,0,1,1,840,A
6-NA,305,837,0,0,0,837,A
6-NA,306,0,2,842,0,844,G
6-NA,307,0,2,842,0,844,G
6-NA,308,843,0,0,0,843,A
6-NA,309,0,0,0,848,848,C
6-NA,310,842,0,0,0,842,A
6-NA,311,841,0,1,0,842,A
6-NA,312,0,841,0,0,841,T
6-NA,313,0,840,0,0,840,T
6-NA,314,1,1,1,853,856,C
6-NA,315,0,2,849,0,851,G
6-NA,316,852,1,0,0,853,A
6-NA,317,0,850,0,0,850,T
6-NA,318,0,847,0,0,847,T
6-NA,319,846,0,0,0,846,A
6-NA,320,0,2,849,0,851,G
6-NA,321,0,0,855,0,855,G
6-NA,322,2,0,0,848,850,C
6-NA,323,0,842,0,0,842,T
6-NA,324,0,844,0,2,846,T
6-NA,325,0,847,0,0,847,T
6-NA,326,0,0,0,851,851,C
6-NA,327,0,1,0,846,847,C
6-NA,328,1,0,848,0,849,G
6-NA,329,0,0,0,853,853,C
6-NA,330,0,843,0,1,844,T
6-NA,331,0,0,877,0,877,G
6-NA,332,0,0,882,0,882,G
6-NA,333,0,878,0,1,879,T
6-NA,334,0,1,888,0,889,G
6-NA,335,0,0,887,0,887,G
6-NA,336,6,1,890,0,897,G
6-NA,337,0,1,907,0,908,G
6-NA,338,907,0,0,0,907,A
6-NA,339,0,0,0,924,924,C
6-NA,340,907,0,0,0,907,A
6-NA,341,0,905,0,2,907,T
6-NA,342,1,0,0,910,911,C
6-NA,343,0,902,0,0,902,T
6-NA,344,0,0,910,0,910,G
6-NA,345,0,1,909,0,910,G
6-NA,346,0,0,957,0,957,G
6-NA,347,0,953,0,2,955,T
6-NA,348,0,2,940,0,942,G
6-NA,349,944,0,1,0,945,A
6-NA,350,0,0,0,1009,1009,C
6-NA,351,1015,0,0,0,1015,A
6-NA,352,1192,1,0,0,1193,A
6-NA,353,0,3,1250,0,1253,G
6-NA,354,1265,0,0,0,1265,A
6-NA,355,0,0,1435,0,1435,G
6-NA,356,1517,0,1,0,1518,A
6-NA,357,1846,0,0,0,1846,A
6-NA,358,0,0,0,3094,3094,C
6-NA,359,2,3,0,3534,3539,C
6-NA,360,0,3537,0,5,3542,T
6-NA,361,1,3585,0,1,3587,T
6-NA,362,3594,0,0,0,3594,A
6-NA,363,0,3609,0,2,3611,T
6-NA,364,1,1,3978,1,3981,G
6-NA,365,1,4038,0,1,4040,T
6-NA,366,1,1,4273,0,4275,G
6-NA,367,0,4251,0,4,4255,T
6-NA,368,4,1,0,4262,4267,C
6-NA,369,4351,1,5,83,4440,A
6-NA,370,1,4449,0,15,4465,T
6-NA,371,3,1,4456,0,4460,G
6-NA,372,2,14,0,4450,4466,C
6-NA,373,87,5,4370,0,4462,G
6-NA,374,5265,0,3,0,5268,A
6-NA,375,0,5302,0,1,5303,T
6-NA,376,4,1,0,5484,5489,C
6-NA,377,3,1,1,5510,5515,C
6-NA,378,0,5705,0,12,5717,T
6-NA,379,0,21,5797,0,5818,G
6-NA,380,5812,1,5,0,5818,A
6-NA,381,1,0,0,5828,5829,C
6-NA,382,5825,1,2,0,5828,A
6-NA,383,5825,0,4,0,5829,A
6-NA,384,0,1,6226,0,6227,G
6-NA,385,0,6235,0,5,6240,T
6-NA,386,0,0,6365,0,6365,G
6-NA,387,0,6354,0,5,6359,T
6-NA,388,0,6357,2,2,6361,T
6-NA,389,6359,0,5,0,6364,A
6-NA,390,0,6364,0,5,6369,T
6-NA,391,6,2,0,6514,6522,C
6-NA,392,6541,1,1,0,6543,A
6-NA,393,6507,0,1,0,6508,A
6-NA,394,0,6498,0,3,6501,T
6-NA,395,1,6481,0,7,6489,T
6-NA,396,0,6482,0,8,6490,T
6-NA,397,2,1,6522,0,6525,G
6-NA,398,0,1,1,6940,6942,C
6-NA,399,3,2,0,6933,6938,C
6-NA,400,11,4,0,6963,6978,C
6-NA,401,2,6951,3,8,6964,T
6-NA,402,0,6975,0,1,6976,T
6-NA,403,3,11,7124,0,7138,G
6-NA,404,1,11,7150,2,7164,G
6-NA,405,7198,1,21,1,7221,A
6-NA,406,1,1,1,7227,7230,C
6-NA,407,7064,2,4,2,7072,A
6-NA,408,0,12,7253,0,7265,G
6-NA,409,1,8,7248,0,7257,G
6-NA,410,4,15,7545,0,7564,G
6-NA,411,7560,1,11,1,7573,A
6-NA,412,7505,1,17,0,7523,A
6-NA,413,2,2,0,7550,7554,C
6-NA,414,7511,1,14,1,7527,A
6-NA,415,8390,0,5,0,8395,A
6-NA,416,1,6,0,8435,8442,C
6-NA,417,8345,0,9,1,8355,A
6-NA,418,0,3,0,8433,8436,C
6-NA,419,0,8278,0,9,8287,T
6-NA,420,8415,0,4,0,8419,A
6-NA,421,8402,2,4,0,8408,A
6-NA,422,8465,1,15,1,8482,A
6-NA,423,2,4,0,8500,8506,C
6-NA,424,7996,0,17,0,8013,A
6-NA,425,8125,1,7,0,8133,A
6-NA,426,0,2,0,8165,8167,C
6-NA,427,2,1,8144,0,8147,G
6-NA,428,1,8116,0,0,8117,T
6-NA,429,8003,0,8,1,8012,A
6-NA,430,2,2,0,8201,8205,C
6-NA,431,8204,1,4,1,8210,A
6-NA,432,2,8253,0,2,8257,T
6-NA,433,0,8249,1,7,8257,T
6-NA,434,11,73,0,8629,8713,C
6-NA,435,8993,0,4,0,8997,A
6-NA,436,9064,0,2,0,9066,A
6-NA,437,9056,1,4,0,9061,A
6-NA,438,1,9067,0,0,9068,T
6-NA,439,8944,0,3,0,8947,A
6-NA,440,9254,2,5,2,9263,A
6-NA,441,1,1,0,9316,9318,C
6-NA,442,9300,1,5,4,9310,A
6-NA,443,2,2,0,9463,9467,C
6-NA,444,9142,0,5,2,9149,A
6-NA,445,1,0,10951,0,10952,G
6-NA,446,1,10945,0,2,10948,T
6-NA,447,11165,0,5,0,11170,A
6-NA,448,2,6,0,11192,11200,C
6-NA,449,2,2,11146,0,11150,G
6-NA,450,1,11656,0,12,11669,T
6-NA,451,0,11,11697,0,11708,G
6-NA,452,11728,2,11,0,11741,A
6-NA,453,1,11823,0,4,11828,T
6-NA,454,11047,1,12,1,11061,A
6-NA,455,1,17,11056,0,11074,G
6-NA,456,4,18,10968,0,10990,G
6-NA,457,11019,3,10,0,11032,A
6-NA,458,2,3,1,11199,11205,C
6-NA,459,9,2,0,11024,11035,C
6-NA,460,6,2,0,11135,11143,C
6-NA,461,14,2,0,11133,11149,C
6-NA,462,1,11215,0,8,11224,T
6-NA,463,0,11409,0,4,11413,T
6-NA,464,11492,1,2,1,11496,A
6-NA,465,0,11479,0,4,11483,T
6-NA,466,8,9,0,11453,11470,C
6-NA,467,6,4,11391,1,11402,G
6-NA,468,5,24,11352,0,11381,G
6-NA,469,11375,0,15,1,11391,A
6-NA,470,4,2,1,11509,11516,C
6-NA,471,11,1,0,11463,11475,C
6-NA,472,14,1,0,12129,12144,C
6-NA,473,0,12100,0,9,12109,T
6-NA,474,12320,2,15,0,12337,A
6-NA,475,0,12328,1,7,12336,T
6-NA,476,1,12344,1,8,12354,T
6-NA,477,3,7,12372,0,12382,G
6-NA,478,12371,1,10,0,12382,A
6-NA,479,1,12316,0,4,12321,T
6-NA,480,2,15,12337,0,12354,G
6-NA,481,11840,1,11,2,11854,A
6-NA,482,11885,0,9,2,11896,A
6-NA,483,0,11803,1,3,11807,T
6-NA,484,0,23,12035,0,12058,G
6-NA,485,12311,2,16,0,12329,A
6-NA,486,2,2,12488,1,12493,G
6-NA,487,1,12439,1,5,12446,T
6-NA,488,0,12460,1,3,12464,T
6-NA,489,12488,0,5,0,12493,A
6-NA,490,1,8,12562,0,12571,G
6-NA,491,0,0,12621,0,12621,G
6-NA,492,1,12556,0,2,12559,T
6-NA,493,7,2,12536,0,12545,G
6-NA,494,0,12216,0,22,12238,T
6-NA,495,0,12198,0,12,12210,T
6-NA,496,31,2,1,12155,12189,C
6-NA,497,16,3,0,12160,12179,C
6-NA,498,18,7,1,12059,12085,C
6-NA,499,0,12476,1,22,12499,T
6-NA,500,1,12509,0,11,12521,T
6-NA,501,1,12518,1,17,12537,T
6-NA,502,11,2,0,12636,12649,C
6-NA,503,12646,1,5,1,12653,A
6-NA,504,0,12962,0,11,12973,T
6-NA,505,10,3,0,12949,12962,C
6-NA,506,1,12743,1,10,12755,T
6-NA,507,2,12,12689,0,12703,G
6-NA,508,3,17,12665,1,12686,G
6-NA,509,3,16,12636,0,12655,G
6-NA,510,4,32,12763,0,12799,G
6-NA,511,12697,3,29,0,12729,A
6-NA,512,2,4,0,12856,12862,C
6-NA,513,19,3,1,12605,12628,C
6-NA,514,12760,2,11,0,12773,A
6-NA,515,12794,1,15,0,12810,A
6-NA,516,1,3,12815,0,12819,G
6-NA,517,3,2,0,12869,12874,C
6-NA,518,12830,2,5,0,12837,A
6-NA,519,12951,3,21,1,12976,A
6-NA,520,1,3,13054,0,13058,G
6-NA,521,1,12943,0,6,12950,T
6-NA,522,7,2,13305,0,13314,G
6-NA,523,2,13130,0,7,13139,T
6-NA,524,2,3,13553,0,13558,G
6-NA,525,5,2,0,13568,13575,C
6-NA,526,13521,0,8,3,13532,A
6-NA,527,0,13637,0,12,13649,T
6-NA,528,13339,0,5,0,13344,A
6-NA,529,2,0,13757,0,13759,G
6-NA,530,2,3,0,13719,13724,C
6-NA,531,13328,0,10,2,13340,A
6-NA,532,2,13294,0,7,13303,T
6-NA,533,3,8,12907,0,12918,G
6-NA,534,3,1,13958,0,13962,G
6-NA,535,1,13982,0,24,14007,T
6-NA,536,21,1,1,13931,13954,C
6-NA,537,17,4,1,14095,14117,C
6-NA,538,14056,2,9,1,14068,A
6-NA,539,2,3,14703,1,14709,G
6-NA,540,0,4,0,14756,14760,C
6-NA,541,1,14718,1,15,14735,T
6-NA,542,10,4,1,14812,14827,C
6-NA,543,14460,1,5,1,14467,A
6-NA,544,14707,2,16,2,14727,A
6-NA,545,46,2,14762,1,14811,G
6-NA,546,1,14948,1,2,14952,T
6-NA,547,0,14892,1,12,14905,T
6-NA,548,2,1,14896,0,14899,G
6-NA,549,1,14900,0,9,14910,T
6-NA,550,32,3,1,14866,14902,C
6-NA,551,14871,2,39,0,14912,A
6-NA,552,1,6,5,15037,15049,C
6-NA,553,4,10,14989,0,15003,G
6-NA,554,15331,0,5,1,15337,A
6-NA,555,0,15406,0,11,15417,T
6-NA,556,1,15,15761,0,15777,G
6-NA,557,2,15,15861,2,15880,G
6-NA,558,15824,4,59,0,15887,A
6-NA,559,15873,1,14,3,15891,A
6-NA,560,16073,1,18,1,16093,A
6-NA,561,16091,0,30,0,16121,A
6-NA,562,2,3,16402,0,16407,G
6-NA,563,0,2,0,16311,16313,C
6-NA,564,16260,1,12,0,16273,A
6-NA,565,4,16242,0,23,16269,T
6-NA,566,3,17,16458,0,16478,G
6-NA,567,148,1,16441,1,16591,G
6-NA,568,3,6,0,16776,16785,C
6-NA,569,2,16696,0,24,16722,T
6-NA,570,6,4,16854,0,16864,G
6-NA,571,1,4,1,16804,16810,C
6-NA,572,16848,0,8,1,16857,A
6-NA,573,3,17622,0,8,17633,T
6-NA,574,2,1,17665,0,17668,G
6-NA,575,2,17734,0,14,17750,T
6-NA,576,2,18243,0,8,18253,T
6-NA,577,2,18179,0,19,18200,T
6-NA,578,6,1,19728,1,19736,G
6-NA,579,2,19645,0,21,19668,T
6-NA,580,19743,0,9,1,19753,A
6-NA,581,1,19826,1,2,19830,T
6-NA,582,19498,0,9,0,19507,A
6-NA,583,19589,2,20,2,19613,A
6-NA,584,3,18,0,19492,19513,C
6-NA,585,10,27,19315,1,19353,G
6-NA,586,4,28,19419,0,19451,G
6-NA,587,6,30,18931,0,18967,G
6-NA,588,5,12,19045,1,19063,G
6-NA,589,2,11,19082,0,19095,G
6-NA,590,19012,1,39,0,19052,A
6-NA,591,0,19152,0,8,19160,T
6-NA,592,5,32,19194,0,19231,G
6-NA,593,19319,2,33,0,19354,A
6-NA,594,3,19368,0,6,19377,T
6-NA,595,19312,2,12,0,19326,A
6-NA,596,19352,2,3,11,19368,A
6-NA,597,19493,3,6,1,19503,A
6-NA,598,19472,0,10,0,19482,A
6-NA,599,19587,1,9,1,19598,A
6-NA,600,0,19580,0,13,19593,T
6-NA,601,5,6,19575,1,19587,G
6-NA,602,3,0,0,19556,19559,C
6-NA,603,19523,2,6,0,19531,A
6-NA,604,19619,0,44,1,19664,A
6-NA,605,2,3,1,19918,19924,C
6-NA,606,2,19863,1,14,19880,T
6-NA,607,3,4,19963,0,19970,G
6-NA,608,33,6,0,19887,19926,C
6-NA,609,1,19935,0,15,19951,T
6-NA,610,19930,1,25,2,19958,A
6-NA,611,3,1,20016,0,20020,G
6-NA,612,2,2,0,20213,20217,C
6-NA,613,2,20167,0,29,20198,T
6-NA,614,2,20069,2,15,20088,T
6-NA,615,17,7,1,20326,20351,C
6-NA,616,20406,1,9,0,20416,A
6-NA,617,1,20448,0,10,20459,T
6-NA,618,4,20492,0,11,20507,T
6-NA,619,0,20493,2,2,20497,T
6-NA,620,20575,3,8,1,20587,A
6-NA,621,2,9,1,20688,20700,C
6-NA,622,20496,2,13,1,20512,A
6-NA,623,20690,0,27,2,20719,A
6-NA,624,1,20571,0,11,20583,T
6-NA,625,3,32,20620,1,20656,G
6-NA,626,1,24,20588,0,20613,G
6-NA,627,3,16,20585,2,20606,G
6-NA,628,20565,4,28,1,20598,A
6-NA,629,20277,1,51,0,20329,A
6-NA,630,1,6,21243,0,21250,G
6-NA,631,1,3,0,23384,23388,C
6-NA,632,1,23404,0,22,23427,T
6-NA,633,1,23836,1,10,23848,T
6-NA,634,5,2,23951,0,23958,G
6-NA,635,5,23922,0,6,23933,T
6-NA,636,24387,3,19,1,24410,A
6-NA,637,4,10,24519,0,24533,G
6-NA,638,24404,3,41,1,24449,A
6-NA,639,2,24414,0,10,24426,T
6-NA,640,22461,0,15,0,22476,A
6-NA,641,4,3,22478,1,22486,G
6-NA,642,3,22200,1,18,22222,T
6-NA,643,7,3,21880,0,21890,G
6-NA,644,1,23105,0,67,23173,T
6-NA,645,0,23211,0,17,23228,T
6-NA,646,5,1,23693,0,23699,G
6-NA,647,5,23596,4,33,23638,T
6-NA,648,1,23676,1,24,23702,T
6-NA,649,5,23663,13,29,23710,T
6-NA,650,33,2,1,23279,23315,C
6-NA,651,23249,3,21,2,23275,A
6-NA,652,1,23158,1,12,23172,T
6-NA,653,8,30,23119,1,23158,G
6-NA,654,6,6,24747,1,24760,G
6-NA,655,2,24384,0,18,24404,T
6-NA,656,43,3,1,24311,24358,C
6-NA,657,33,6,0,24329,24368,C
6-NA,658,24495,1,16,0,24512,A
6-NA,659,24738,3,13,1,24755,A
6-NA,660,24733,3,27,1,24764,A
6-NA,661,3,17,24882,0,24902,G
6-NA,662,24821,2,20,1,24844,A
6-NA,663,24046,3,17,1,24067,A
6-NA,664,24094,1,21,1,24117,A
6-NA,665,4,24062,0,5,24071,T
6-NA,666,19,3,0,25052,25074,C
6-NA,667,20,4,0,25083,25107,C
6-NA,668,1,24959,1,29,24990,T
6-NA,669,15,8,1,24981,25005,C
6-NA,670,24740,4,26,167,24937,A
6-NA,671,6,141,25052,0,25199,G
6-NA,672,3,43,25149,1,25196,G
6-NA,673,25921,2,25,0,25948,A
6-NA,674,3,6,1,25930,25940,C
6-NA,675,22,4,4,25343,25373,C
6-NA,676,33,8,1,25380,25422,C
6-NA,677,25404,4,21,2,25431,A
6-NA,678,3,12,25506,0,25521,G
6-NA,679,3,25,25558,1,25587,G
6-NA,680,25442,7,32,0,25481,A
6-NA,681,1,2,25711,0,25714,G
6-NA,682,0,25193,1,21,25215,T
6-NA,683,41,5,1,25200,25247,C
6-NA,684,25178,2,34,1,25215,A
6-NA,685,4,21,25490,0,25515,G
6-NA,686,25442,0,24,1,25467,A
6-NA,687,25585,2,14,1,25602,A
6-NA,688,1,25528,0,13,25542,T
6-NA,689,2,2,25433,2,25439,G
6-NA,690,2,6,2,25303,25313,C
6-NA,691,24941,2,18,0,24961,A
6-NA,692,2,25742,2,9,25755,T
6-NA,693,1,25770,1,8,25780,T
6-NA,694,3,25831,1,4,25839,T
6-NA,695,4,36,26068,1,26109,G
6-NA,696,2,26072,0,20,26094,T
6-NA,697,26040,1,13,1,26055,A
6-NA,698,2,25919,0,16,25937,T
6-NA,699,36,2,0,25738,25776,C
6-NA,700,25779,3,15,0,25797,A
6-NA,701,25795,1,8,0,25804,A
6-NA,702,4,25803,1,10,25818,T
6-NA,703,8,20,25740,1,25769,G
6-NA,704,3,41,25798,1,25843,G
6-NA,705,26431,0,35,0,26466,A
6-NA,706,26479,3,31,1,26514,A
6-NA,707,3,5,0,26735,26743,C
6-NA,708,3,26786,0,50,26839,T
6-NA,709,2,26759,0,4,26765,T
6-NA,710,7,1,27945,0,27953,G
6-NA,711,3,27934,0,10,27947,T
6-NA,712,27927,2,18,2,27949,A
6-NA,713,5,9,0,28397,28411,C
6-NA,714,27498,2,29,2,27531,A
6-NA,715,5,3,29836,1,29845,G
6-NA,716,2,29626,0,10,29638,T
6-NA,717,30992,3,10,0,31005,A
6-NA,718,4,3,31183,0,31190,G
6-NA,719,6,30428,1,6,30441,T
6-NA,720,30399,1,9,2,30411,A
6-NA,721,30425,1,11,1,30438,A
6-NA,722,1,30294,2,7,30304,T
6-NA,723,4,97,30341,2,30444,G
6-NA,724,29491,3,19,5,29518,A
6-NA,725,1,12,1,29794,29808,C
6-NA,726,2,28881,0,24,28907,T
6-NA,727,1,23,29054,0,29078,G
6-NA,728,28916,6,37,1,28960,A
6-NA,729,3,29062,6,25,29096,T
6-NA,730,8,45,29085,1,29139,G
6-NA,731,4,26,28855,2,28887,G
6-NA,732,4,32,28935,1,28972,G
6-NA,733,28416,4,58,2,28480,A
6-NA,734,5,1,28527,0,28533,G
6-NA,735,3,28337,1,24,28365,T
6-NA,736,6,9,28571,0,28586,G
6-NA,737,10,6,1,28784,28801,C
6-NA,738,2,28722,0,25,28749,T
6-NA,739,2,28720,0,13,28735,T
6-NA,740,132,8,3,28595,28738,C
6-NA,741,28728,4,26,5,28763,A
6-NA,742,7,19,28913,0,28939,G
6-NA,743,2,35,28905,0,28942,G
6-NA,744,28851,4,10,2,28867,A
6-NA,745,28561,2,19,0,28582,A
6-NA,746,28281,0,46,1,28328,A
6-NA,747,28469,2,44,4,28519,A
6-NA,748,1,3,28681,0,28685,G
6-NA,749,5,5,2,28676,28688,C
6-NA,750,0,28503,1,8,28512,T
6-NA,751,8,15,28461,1,28485,G
6-NA,752,28365,3,22,0,28390,A
6-NA,753,4,28783,0,5,28792,T
6-NA,754,28918,3,18,0,28939,A
6-NA,755,7,1,2,30780,30790,C
6-NA,756,4,30533,0,14,30551,T
6-NA,757,30557,0,7,1,30565,A
6-NA,758,30552,1,16,6,30575,A
6-NA,759,30601,2,7,1,30611,A
6-NA,760,31649,2,15,1,31667,A
6-NA,761,0,31673,0,7,31680,T
6-NA,762,31612,3,14,0,31629,A
6-NA,763,4,3,0,31833,31840,C
6-NA,764,0,30094,1,30,30125,T
6-NA,765,30507,2,9,1,30519,A
6-NA,766,6,30378,2,46,30432,T
6-NA,767,4,32022,1,30,32057,T
6-NA,768,44,8,1,32180,32233,C
6-NA,769,31341,3,34,1,31379,A
6-NA,770,0,31333,2,15,31350,T
6-NA,771,2,31232,0,16,31250,T
6-NA,772,3,31,31345,0,31379,G
6-NA,773,31095,1,32,2,31130,A
6-NA,774,8,25,31060,0,31093,G
6-NA,775,3,35,30981,1,31020,G
6-NA,776,29429,1,26,4,29460,A
6-NA,777,10,25,30103,0,30138,G
6-NA,778,7,38,30112,0,30157,G
6-NA,779,12,20,30196,0,30228,G
6-NA,780,9,25,30229,1,30264,G
6-NA,781,30078,5,25,3,30111,A
6-NA,782,30177,3,37,3,30220,A
6-NA,783,30089,2,29,3,30123,A
6-NA,784,30031,2,39,2,30074,A
6-NA,785,2,30092,2,2,30098,T
6-NA,786,57,11,1,29700,29769,C
6-NA,787,69,6,30028,0,30103,G
6-NA,788,5,29944,1,8,29958,T
6-NA,789,2,29933,2,21,29958,T
6-NA,790,78,4,0,29926,30008,C
6-NA,791,29996,2,15,11,30024,A
6-NA,792,0,32272,1,19,32292,T
6-NA,793,32233,1,4,0,32238,A
6-NA,794,3,4,0,32431,32438,C
6-NA,795,5,32259,4,27,32295,T
6-NA,796,32177,4,22,0,32203,A
6-NA,797,13,6,32184,1,32204,G
6-NA,798,4,8,1,32176,32189,C
6-NA,799,32145,10,31,1,32187,A
6-NA,800,3,4,0,32270,32277,C
6-NA,801,30694,1,13,2,30710,A
6-NA,802,1,31489,1,10,31501,T
6-NA,803,3,31343,1,13,31360,T
6-NA,804,5,4,33919,0,33928,G
6-NA,805,2,33721,1,36,33760,T
6-NA,806,69,12,0,33660,33741,C
6-NA,807,33668,3,44,1,33716,A
6-NA,808,4,27,33762,0,33793,G
6-NA,809,11,36,33750,0,33797,G
6-NA,810,33719,0,9,2,33730,A
6-NA,811,33037,1,42,0,33080,A
6-NA,812,11,5,33651,0,33667,G
6-NA,813,1,31325,0,33,31359,T
6-NA,814,6,4,31611,1,31622,G
6-NA,815,6,12,0,31530,31548,C
6-NA,816,2,31482,2,39,31525,T
6-NA,817,67,11,1,31482,31561,C
6-NA,818,31494,1,12,1,31508,A
6-NA,819,30797,2,28,1,30828,A
6-NA,820,3,10,0,31169,31182,C
6-NA,821,31475,3,21,1,31500,A
6-NA,822,0,31537,0,17,31554,T
6-NA,823,11,4,32510,2,32527,G
6-NA,824,4,32427,2,35,32468,T
6-NA,825,52,17,2,32383,32454,C
6-NA,826,9,35,32425,1,32470,G
6-NA,827,32313,3,19,0,32335,A
6-NA,828,5,30,32332,1,32368,G
6-NA,829,2,45,32403,0,32450,G
6-NA,830,31996,4,47,1,32048,A
6-NA,831,6,3,32524,0,32533,G
6-NA,832,1,31473,0,32,31506,T
6-NA,833,16,5,31581,0,31602,G
6-NA,834,1,6,1,32086,32094,C
6-NA,835,5,31971,2,41,32019,T
6-NA,836,57,4,1,32145,32207,C
6-NA,837,25,5,0,32307,32337,C
6-NA,838,2,32283,1,25,32311,T
6-NA,839,5,6,32460,1,32472,G
6-NA,840,2,12,1,32119,32134,C
6-NA,841,1,31883,0,22,31906,T
6-NA,842,32185,7,24,3,32219,A
6-NA,843,0,31595,2,20,31617,T
6-NA,844,26,3,0,31879,31908,C
6-NA,845,35,38,0,31814,31887,C
6-NA,846,3,31691,1,150,31845,T
6-NA,847,28,12,1,32120,32161,C
6-NA,848,14,30,32059,0,32103,G
6-NA,849,32458,0,13,1,32472,A
6-NA,850,1,32479,1,21,32502,T
6-NA,851,32470,2,23,3,32498,A
6-NA,852,4,32390,5,7,32406,T
6-NA,853,23,1,0,32362,32386,C
6-NA,854,22,3,1,32288,32314,C
6-NA,855,5,32029,3,30,32067,T
6-NA,856,7,18,32232,1,32258,G
6-NA,857,5,3,32353,0,32361,G
6-NA,858,3,32775,4,36,32818,T
6-NA,859,5,7,32884,1,32897,G
6-NA,860,1,32653,0,43,32697,T
6-NA,861,72,6,0,32644,32722,C
6-NA,862,32641,4,41,4,32690,A
6-NA,863,8,14,32754,2,32778,G
6-NA,864,32643,10,32,0,32685,A
6-NA,865,0,32296,0,24,32320,T
6-NA,866,4,8,32328,0,32340,G
6-NA,867,1,31698,0,15,31714,T
6-NA,868,6,2,31764,6,31778,G
6-NA,869,2,31703,0,31,31736,T
6-NA,870,48,1,0,31761,31810,C
6-NA,871,8,31728,2,46,31784,T
6-NA,872,10,4,31775,4,31793,G
6-NA,873,5,7,1,31729,31742,C
6-NA,874,31700,5,45,2,31752,A
6-NA,875,1,20,31776,0,31797,G
6-NA,876,30980,3,37,3,31023,A
6-NA,877,4,28,31119,5,31156,G
6-NA,878,31057,5,35,0,31097,A
6-NA,879,7,10,2,31266,31285,C
6-NA,880,31209,1,25,1,31236,A
6-NA,881,31418,8,26,1,31453,A
6-NA,882,5,4,0,31718,31727,C
6-NA,883,2,31632,0,26,31660,T
6-NA,884,10,16,31698,1,31725,G
6-NA,885,1,20,31640,1,31662,G
6-NA,886,31519,3,31,3,31556,A
6-NA,887,31488,4,34,1,31527,A
6-NA,888,30777,1,41,1,30820,A
6-NA,889,5,21,30686,0,30712,G
6-NA,890,5,26,30240,1,30272,G
6-NA,891,29773,6,27,3,29809,A
6-NA,892,2,30693,1,25,30721,T
6-NA,893,29,8,0,30868,30905,C
6-NA,894,39,8,1,31691,31739,C
6-NA,895,31831,0,12,1,31844,A
6-NA,896,31761,0,19,2,31782,A
6-NA,897,2,31797,0,4,31803,T
6-NA,898,30642,5,19,1,30667,A
6-NA,899,4,14,30469,0,30487,G
6-NA,900,9,5,30475,0,30489,G
6-NA,901,6,6,2,30437,30451,C
6-NA,902,19,10,1,30310,30340,C
6-NA,903,31,9,1,29279,29320,C
6-NA,904,29556,2,16,0,29574,A
6-NA,905,3,29791,2,48,29844,T
6-NA,906,25,6,0,29918,29949,C
6-NA,907,17,1,30029,0,30047,G
6-NA,908,1,29833,0,4,29838,T
6-NA,909,29247,3,10,1,29261,A
6-NA,910,1,11,29990,0,30002,G
6-NA,911,29997,6,46,0,30049,A
6-NA,912,2,30131,1,12,30146,T
6-NA,913,29578,1,5,0,29584,A
6-NA,914,1,29237,3,7,29248,T
6-NA,915,29228,0,18,0,29246,A
6-NA,916,29210,1,18,1,29230,A
6-NA,917,29937,6,19,1,29963,A
6-NA,918,2,6,1,30760,30769,C
6-NA,919,29756,2,9,2,29769,A
6-NA,920,0,29705,2,8,29715,T
6-NA,921,29413,0,8,1,29422,A
6-NA,922,29386,4,72,0,29462,A
6-NA,923,29423,6,24,0,29453,A
6-NA,924,5,26,29868,1,29900,G
6-NA,925,11,31,30157,0,30199,G
6-NA,926,28980,4,29,0,29013,A
6-NA,927,8,28640,1,26,28675,T
6-NA,928,39,7,1,28739,28786,C
6-NA,929,29001,1,29,1,29032,A
6-NA,930,4,29073,0,12,29089,T
6-NA,931,29000,3,28,1,29032,A
6-NA,932,11,6,29282,0,29299,G
6-NA,933,6,4,0,28640,28650,C
6-NA,934,27974,1,9,0,27984,A
6-NA,935,4,26994,0,21,27019,T
6-NA,936,1,27119,0,7,27127,T
6-NA,937,6,1,27711,0,27718,G
6-NA,938,2,27708,4,28,27742,T
6-NA,939,2,27853,0,44,27899,T
6-NA,940,2,27822,2,21,27847,T
6-NA,941,22,4,0,27602,27628,C
6-NA,942,15,8,2,27667,27692,C
6-NA,943,27793,3,34,0,27830,A
6-NA,944,2,5,28098,0,28105,G
6-NA,945,0,27987,1,20,28008,T
6-NA,946,0,27567,2,7,27576,T
6-NA,947,27557,2,8,0,27567,A
6-NA,948,3,27274,2,7,27286,T
6-NA,949,2,26783,6,37,26828,T
6-NA,950,3,27059,0,11,27073,T
6-NA,951,9,1,27238,0,27248,G
6-NA,952,1,27249,1,23,27274,T
6-NA,953,9,4,27933,0,27946,G
6-NA,954,0,27843,0,35,27878,T
6-NA,955,3,27654,16,20,27693,T
6-NA,956,54,9,2,27721,27786,C
6-NA,957,27627,2,34,5,27668,A
6-NA,958,12,22,27876,0,27910,G
6-NA,959,1,42,27832,2,27877,G
6-NA,960,27664,3,23,3,27693,A
6-NA,961,2,7,0,27760,27769,C
6-NA,962,4,27110,1,24,27139,T
6-NA,963,2,27238,3,19,27262,T
6-NA,964,10,0,28442,1,28453,G
6-NA,965,2,28378,2,35,28417,T
6-NA,966,3,28365,1,25,28394,T
6-NA,967,6,8,28143,1,28158,G
6-NA,968,4,33,28154,0,28191,G
6-NA,969,28068,4,65,2,28139,A
6-NA,970,4,34,28176,0,28214,G
6-NA,971,28095,3,60,3,28161,A
6-NA,972,3,9,0,28128,28140,C
6-NA,973,27007,2,24,2,27035,A
6-NA,974,4,5,0,27124,27133,C
6-NA,975,27136,3,47,0,27186,A
6-NA,976,8,6,1,27242,27257,C
6-NA,977,25,4,2,26992,27023,C
6-NA,978,46,11,0,26987,27044,C
6-NA,979,26919,2,21,2,26944,A
6-NA,980,6,14,27067,0,27087,G
6-NA,981,26935,2,30,1,26968,A
6-NA,982,27261,0,4,0,27265,A
6-NA,983,27018,1,10,1,27030,A
6-NA,984,26996,1,8,1,27006,A
6-NA,985,26802,1,21,2,26826,A
6-NA,986,26522,1,326,2,26851,A
6-NA,987,3,22,0,26893,26918,C
6-NA,988,8,65,26781,3,26857,G
6-NA,989,26703,2,33,0,26738,A
6-NA,990,3,6,0,26761,26770,C
6-NA,991,26567,0,23,2,26592,A
6-NA,992,7,4,26876,0,26887,G
6-NA,993,1,8,2,27784,27795,C
6-NA,994,1,27596,0,32,27629,T
6-NA,995,33,4,0,27734,27771,C
6-NA,996,19,8,2,27855,27884,C
6-NA,997,27888,4,36,1,27929,A
6-NA,998,4,3,28231,0,28238,G
6-NA,999,12,12,2,28184,28210,C
6-NA,1000,28068,4,28,0,28100,A
6-NA,1001,4,0,28086,0,28090,G
6-NA,1002,3,26791,2,18,26814,T
6-NA,1003,26828,5,26,0,26859,A
6-NA,1004,4,2,26884,2,26892,G
6-NA,1005,7,4,2,26879,26892,C
6-NA,1006,26,8,2,26925,26961,C
6-NA,1007,26480,2,5,0,26487,A
6-NA,1008,1,26453,0,12,26466,T
6-NA,1009,2,26344,1,4,26351,T
6-NA,1010,17,1,27112,0,27130,G
6-NA,1011,2,26925,2,14,26943,T
6-NA,1012,1,26903,0,12,26916,T
6-NA,1013,13,26824,0,27,26864,T
6-NA,1014,5,21,26560,1,26587,G
6-NA,1015,5,20,26910,2,26937,G
6-NA,1016,26727,0,35,1,26763,A
6-NA,1017,7,27075,0,22,27104,T
6-NA,1018,38,3,0,27067,27108,C
6-NA,1019,24,2,0,26629,26655,C
6-NA,1020,15,26494,0,26,26535,T
6-NA,1021,26552,0,48,0,26600,A
6-NA,1022,26647,4,17,1,26669,A
6-NA,1023,1,1,1,27146,27149,C
6-NA,1024,26492,4,16,0,26512,A
6-NA,1025,26678,0,8,1,26687,A
6-NA,1026,0,26536,2,7,26545,T
6-NA,1027,2,36,26516,1,26555,G
6-NA,1028,26170,15,28,1,26214,A
6-NA,1029,8,18,25142,0,25168,G
6-NA,1030,6,10,25736,4,25756,G
6-NA,1031,25702,5,17,0,25724,A
6-NA,1032,25747,2,65,0,25814,A
6-NA,1033,6,16,25934,0,25956,G
6-NA,1034,3,3,26083,0,26089,G
6-NA,1035,3,25610,1,13,25627,T
6-NA,1036,11,27,25680,1,25719,G
6-NA,1037,6,4,26350,1,26361,G
6-NA,1038,3,25978,1,38,26020,T
6-NA,1039,72,5,1,25896,25974,C
6-NA,1040,25943,2,15,1,25961,A
6-NA,1041,0,25878,1,10,25889,T
6-NA,1042,5,41,25765,0,25811,G
6-NA,1043,19,42,25505,2,25568,G
6-NA,1044,1,15,24566,1,24583,G
6-NA,1045,4,3,25949,0,25956,G
6-NA,1046,1,25876,1,30,25908,T
6-NA,1047,0,27,25964,0,25991,G
6-NA,1048,25877,3,10,2,25892,A
6-NA,1049,25923,1,16,0,25940,A
6-NA,1050,25952,3,64,0,26019,A
6-NA,1051,2,12,26274,0,26288,G
6-NA,1052,6,8,26072,0,26086,G
6-NA,1053,8,7,2,25895,25912,C
6-NA,1054,5,24990,3,102,25100,T
6-NA,1055,5,15,25114,1,25135,G
6-NA,1056,4,11,25143,0,25158,G
6-NA,1057,7,3,25394,0,25404,G
6-NA,1058,10,9,0,25362,25381,C
6-NA,1059,16,5,0,25355,25376,C
6-NA,1060,3,25027,5,40,25075,T
6-NA,1061,3,25068,3,16,25090,T
6-NA,1062,1,25110,0,10,25121,T
6-NA,1063,2,14,25222,0,25238,G
6-NA,1064,25154,5,23,2,25184,A
6-NA,1065,5,24993,1,5,25004,T
6-NA,1066,3,20,24647,0,24670,G
6-NA,1067,24330,6,38,2,24376,A
6-NA,1068,1,24462,2,12,24477,T
6-NA,1069,5,18,24576,0,24599,G
6-NA,1070,4,16,24996,1,25017,G
6-NA,1071,24951,1,20,2,24974,A
6-NA,1072,24931,1,16,0,24948,A
6-NA,1073,24945,1,12,1,24959,A
6-NA,1074,3,24903,3,19,24928,T
6-NA,1075,6,57,24992,2,25057,G
6-NA,1076,24974,1,51,0,25026,A
6-NA,1077,4,11,3,24960,24978,C
6-NA,1078,154,4,24950,1,25109,G
6-NA,1079,0,24373,1,9,24383,T
6-NA,1080,4,2,24570,0,24576,G
6-NA,1081,4,24505,1,15,24525,T
6-NA,1082,9,17,24576,1,24603,G
6-NA,1083,2,22,24690,1,24715,G
6-NA,1084,24441,2,17,2,24462,A
6-NA,1085,0,24434,1,20,24455,T
6-NA,1086,26,33,24341,1,24401,G
6-NA,1087,5,14,24355,1,24375,G
6-NA,1088,5,11,24513,0,24529,G
6-NA,1089,24237,1,101,0,24339,A
6-NA,1090,24300,1,24,6,24331,A
6-NA,1091,3,43,24307,1,24354,G
6-NA,1092,23951,3,26,1,23981,A
6-NA,1093,23954,1,28,2,23985,A
6-NA,1094,2,9,1,23876,23888,C
6-NA,1095,7,37,23751,0,23795,G
6-NA,1096,23671,7,21,1,23700,A
6-NA,1097,8,23290,0,8,23306,T
6-NA,1098,35,3,1,23369,23408,C
6-NA,1099,23330,3,30,2,23365,A
6-NA,1100,1,5,23470,0,23476,G
6-NA,1101,6,4,1,23391,23402,C
6-NA,1102,7,32,23401,0,23440,G
6-NA,1103,23310,5,14,0,23329,A
6-NA,1104,2,5,23402,0,23409,G
6-NA,1105,23367,3,10,1,23381,A
6-NA,1106,23402,3,24,0,23429,A
6-NA,1107,5,0,23594,3,23602,G
6-NA,1108,2,23319,0,55,23376,T
6-NA,1109,67,1,0,23166,23234,C
6-NA,1110,23193,0,12,3,23208,A
6-NA,1111,1,5,0,23940,23946,C
6-NA,1112,14,4,23986,1,24005,G
6-NA,1113,5,3,0,23994,24002,C
6-NA,1114,1,23817,4,16,23838,T
6-NA,1115,0,23851,1,6,23858,T
6-NA,1116,23426,2,10,0,23438,A
6-NA,1117,6,34,24336,0,24376,G
6-NA,1118,2,22,24364,0,24388,G
6-NA,1119,8,3,25098,0,25109,G
6-NA,1120,0,23484,2,19,23505,T
6-NA,1121,23492,1,20,0,23513,A
6-NA,1122,0,23437,0,30,23467,T
6-NA,1123,6,21,23417,1,23445,G
6-NA,1124,23431,0,24,2,23457,A
6-NA,1125,23395,4,8,1,23408,A
6-NA,1126,22126,1,35,4,22166,A
6-NA,1127,3,3,0,22141,22147,C
6-NA,1128,16,5,0,21276,21297,C
6-NA,1129,4,20056,1,43,20104,T
6-NA,1130,3,20056,2,18,20079,T
6-NA,1131,14,4,2,20081,20101,C
6-NA,1132,20096,1,10,1,20108,A
6-NA,1133,20144,5,6,0,20155,A
6-NA,1134,20115,11,12,2,20140,A
6-NA,1135,5,0,20290,0,20295,G
6-NA,1136,10,19773,1,11,19795,T
6-NA,1137,57,1,0,19867,19925,C
6-NA,1138,20352,9,1,0,20362,A
6-NA,1139,1,20366,1,10,20378,T
6-NA,1140,2,20387,0,12,20401,T
6-NA,1141,3,10,20389,0,20402,G
6-NA,1142,20330,3,10,1,20344,A
6-NA,1143,20393,0,28,3,20424,A
6-NA,1144,3,8,21082,0,21093,G
6-NA,1145,1,6,21131,1,21139,G
6-NA,1146,6,4,0,21025,21035,C
6-NA,1147,0,20394,2,20,20416,T
6-NA,1148,12,23,20541,0,20576,G
6-NA,1149,4,3,21089,0,21096,G
6-NA,1150,2,21048,0,26,21076,T
6-NA,1151,57,3,2,20958,21020,C
6-NA,1152,22,5,4,20871,20902,C
6-NA,1153,20846,2,10,1,20859,A
6-NA,1154,20931,4,32,1,20968,A
6-NA,1155,42,6,2,21089,21139,C
6-NA,1156,28,4,0,20969,21001,C
6-NA,1157,39,6,0,20825,20870,C
6-NA,1158,0,19742,1,16,19759,T
6-NA,1159,19794,0,2,0,19796,A
6-NA,1160,19770,2,18,4,19794,A
6-NA,1161,1,1,19952,0,19954,G
6-NA,1162,3,19791,1,24,19819,T
6-NA,1163,23,5,0,19763,19791,C
6-NA,1164,31,2,1,19402,19436,C
6-NA,1165,19356,2,14,1,19373,A
6-NA,1166,19356,1,8,0,19365,A
6-NA,1167,19379,2,8,0,19389,A
6-NA,1168,1,19352,0,9,19362,T
6-NA,1169,3,19327,3,5,19338,T
6-NA,1170,2,4,19221,0,19227,G
6-NA,1171,1,4,2,19097,19104,C
6-NA,1172,19116,3,19,0,19138,A
6-NA,1173,8,6,19221,1,19236,G
6-NA,1174,19206,3,12,0,19221,A
6-NA,1175,1,19629,1,1,19632,T
6-NA,1176,19662,0,4,1,19667,A
6-NA,1177,19584,2,14,0,19600,A
6-NA,1178,19632,1,22,1,19656,A
6-NA,1179,2,19542,0,11,19555,T
6-NA,1180,19490,5,21,0,19516,A
6-NA,1181,2,14,19523,0,19539,G
6-NA,1182,12,4,19381,9,19406,G
6-NA,1183,4,5,2,19312,19323,C
6-NA,1184,18604,2,9,2,18617,A
6-NA,1185,18780,3,24,0,18807,A
6-NA,1186,134,2,18870,0,19006,G
6-NA,1187,3,18916,0,12,18931,T
6-NA,1188,82,2,1,18866,18951,C
6-NA,1189,18965,0,18,0,18983,A
6-NA,1190,2,18886,2,8,18898,T
6-NA,1191,18897,3,11,0,18911,A
6-NA,1192,6,0,18954,1,18961,G
6-NA,1193,2,18914,0,8,18924,T
6-NA,1194,2,18028,0,11,18041,T
6-NA,1195,5,37,17674,1,17717,G
6-NA,1196,17575,3,23,0,17601,A
6-NA,1197,1,0,0,17605,17606,C
6-NA,1198,17386,2,13,0,17401,A
6-NA,1199,0,4,17627,1,17632,G
6-NA,1200,17214,3,23,1,17241,A
6-NA,1201,1,12,17249,1,17263,G
6-NA,1202,16960,4,49,6,17019,A
6-NA,1203,2,18042,0,4,18048,T
6-NA,1204,18061,0,11,0,18072,A
6-NA,1205,18052,0,20,0,18072,A
6-NA,1206,4,18022,0,5,18031,T
6-NA,1207,17868,3,19,2,17892,A
6-NA,1208,1,17,17361,1,17380,G
6-NA,1209,3,3,16752,1,16759,G
6-NA,1210,3,15219,1,9,15232,T
6-NA,1211,30,2,0,15183,15215,C
6-NA,1212,16,11,1,14860,14888,C
6-NA,1213,17,7,14928,0,14952,G
6-NA,1214,4,2,14956,0,14962,G
6-NA,1215,0,14927,0,6,14933,T
6-NA,1216,1,14888,0,9,14898,T
6-NA,1217,14714,0,3,0,14717,A
6-NA,1218,1,14469,3,3,14476,T
6-NA,1219,1,14448,0,10,14459,T
6-NA,1220,17,3,2,14473,14495,C
6-NA,1221,3,13646,0,13,13662,T
6-NA,1222,3,20,13720,1,13744,G
6-NA,1223,3,0,13745,0,13748,G
6-NA,1224,1,13696,1,5,13703,T
6-NA,1225,13693,1,3,1,13698,A
6-NA,1226,1,13490,0,6,13497,T
6-NA,1227,1,13441,0,20,13462,T
6-NA,1228,3,13431,1,13,13448,T
6-NA,1229,1,13520,0,22,13543,T
6-NA,1230,12,3,0,13538,13553,C
6-NA,1231,0,13297,0,18,13315,T
6-NA,1232,14,1,2,13811,13828,C
6-NA,1233,0,13753,2,8,13763,T
6-NA,1234,7,1,14048,1,14057,G
6-NA,1235,1,14035,0,15,14051,T
6-NA,1236,1,13916,0,8,13925,T
6-NA,1237,1,8,13927,0,13936,G
6-NA,1238,13764,0,7,1,13772,A
6-NA,1239,13758,2,26,1,13787,A
6-NA,1240,4,8,13929,0,13941,G
6-NA,1241,1,1,13878,0,13880,G
6-NA,1242,0,1,0,13874,13875,C
6-NA,1243,13633,0,18,0,13651,A
6-NA,1244,13662,2,15,0,13679,A
6-NA,1245,13724,0,8,1,13733,A
6-NA,1246,13718,1,38,0,13757,A
6-NA,1247,4,1,13752,0,13757,G
6-NA,1248,1,0,0,13745,13746,C
6-NA,1249,2,13559,0,15,13576,T
6-NA,1250,2,1,13713,1,13717,G
6-NA,1251,2,1,1,13698,13702,C
6-NA,1252,13734,1,15,0,13750,A
6-NA,1253,1,13680,1,9,13691,T
6-NA,1254,12,2,0,13600,13614,C
6-NA,1255,13619,0,1,0,13620,A
6-NA,1256,13619,0,11,0,13630,A
6-NA,1257,1,13583,0,3,13587,T
6-NA,1258,12,8,0,13605,13625,C
6-NA,1259,5,17,13401,0,13423,G
6-NA,1260,4,1,13691,0,13696,G
6-NA,1261,0,13649,1,6,13656,T
6-NA,1262,1,2,13717,0,13720,G
6-NA,1263,3,3,1,13794,13801,C
6-NA,1264,0,13698,0,39,13737,T
6-NA,1265,2,13836,1,6,13845,T
6-NA,1266,0,13846,1,7,13854,T
6-NA,1267,0,13864,0,3,13867,T
6-NA,1268,13946,0,4,0,13950,A
6-NA,1269,2,13312,0,2,13316,T
6-NA,1270,3,1,13365,0,13369,G
6-NA,1271,2,13198,1,7,13208,T
6-NA,1272,4,7,13340,0,13351,G
6-NA,1273,1,15,13453,0,13469,G
6-NA,1274,13283,2,5,1,13291,A
6-NA,1275,5730,1,7628,0,13359,G
6-NA,1276,1,13574,0,6,13581,T
6-NA,1277,1,13571,2,10,13584,T
6-NA,1278,1,23,13654,1,13679,G
6-NA,1279,13619,1,9,1,13630,A
6-NA,1280,0,13609,2,3,13614,T
6-NA,1281,13045,0,10,0,13055,A
6-NA,1282,12474,0,20,0,12494,A
6-NA,1283,4,19,12616,0,12639,G
6-NA,1284,2,32,12470,0,12504,G
6-NA,1285,2,12,12403,1,12418,G
6-NA,1286,6,12,12407,2,12427,G
6-NA,1287,12249,0,13,1,12263,A
6-NA,1288,12238,1,25,3,12267,A
6-NA,1289,1,8,12370,0,12379,G
6-NA,1290,12347,1,8,0,12356,A
6-NA,1291,12234,0,122,1,12357,A
6-NA,1292,12168,0,3,1,12172,A
6-NA,1293,11954,0,35,5,11994,A
6-NA,1294,1,10,12005,0,12016,G
6-NA,1295,11818,1,15,0,11834,A
6-NA,1296,2,5,11831,0,11838,G
6-NA,1297,0,5,11821,0,11826,G
6-NA,1298,11629,2,11,1,11643,A
6-NA,1299,11638,1,12,2,11653,A
6-NA,1300,11655,0,13,0,11668,A
6-NA,1301,0,2,0,11759,11761,C
6-NA,1302,1,11671,0,39,11711,T
6-NA,1303,1,8,11736,0,11745,G
6-NA,1304,11669,0,15,1,11685,A
6-NA,1305,11654,3,18,0,11675,A
6-NA,1306,0,1,11785,0,11786,G
6-NA,1307,1,11635,0,14,11650,T
6-NA,1308,25,2,1,11776,11804,C
6-NA,1309,0,11744,1,19,11764,T
6-NA,1310,0,11635,1,4,11640,T
6-NA,1311,3,0,11657,0,11660,G
6-NA,1312,2,11570,1,27,11600,T
6-NA,1313,4,14,11572,0,11590,G
6-NA,1314,1,25,11559,0,11585,G
6-NA,1315,11400,3,12,0,11415,A
6-NA,1316,1,5,0,11489,11495,C
6-NA,1317,7,2,0,11235,11244,C
6-NA,1318,3,11246,0,18,11267,T
6-NA,1319,9,0,0,11279,11288,C
6-NA,1320,11331,0,9,0,11340,A
6-NA,1321,11348,1,2,0,11351,A
6-NA,1322,11325,1,9,0,11335,A
6-NA,1323,1,4,0,11503,11508,C
6-NA,1324,11193,2,7,0,11202,A
6-NA,1325,0,1,11444,1,11446,G
6-NA,1326,1,11287,1,8,11297,T
6-NA,1327,11314,0,4,0,11318,A
6-NA,1328,1,11280,1,4,11286,T
6-NA,1329,2,11084,1,2,11089,T
6-NA,1330,3,0,11241,0,11244,G
6-NA,1331,0,11191,2,12,11205,T
6-NA,1332,0,10637,0,16,10653,T
6-NA,1333,3,0,10677,0,10680,G
6-NA,1334,1,9978,0,7,9986,T
6-NA,1335,6,1,10038,0,10045,G
6-NA,1336,2,9967,4,14,9987,T
6-NA,1337,0,9812,0,25,9837,T
6-NA,1338,0,9853,0,5,9858,T
6-NA,1339,1,9542,1,7,9551,T
6-NA,1340,1,1,9600,1,9603,G
6-NA,1341,1,9582,0,10,9593,T
6-NA,1342,0,11,9529,0,9540,G
6-NA,1343,2,1,9507,1,9511,G
6-NA,1344,4,3,1,9324,9332,C
6-NA,1345,9321,3,10,1,9335,A
6-NA,1346,3,1,0,9465,9469,C
6-NA,1347,13,2,1,9420,9436,C
6-NA,1348,0,9409,3,7,9419,T
6-NA,1349,12,0,0,9462,9474,C
6-NA,1350,9462,2,18,1,9483,A
6-NA,1351,2,5,9600,0,9607,G
6-NA,1352,0,2,9610,0,9612,G
6-NA,1353,1,9573,0,4,9578,T
6-NA,1354,9520,2,8,2,9532,A
6-NA,1355,2,1,0,9086,9089,C
6-NA,1356,9131,0,5,0,9136,A
6-NA,1357,0,9120,0,0,9120,T
6-NA,1358,8897,0,1,0,8898,A
6-NA,1359,0,8856,0,8,8864,T
6-NA,1360,3,10,8189,0,8202,G
6-NA,1361,2,10,8219,0,8231,G
6-NA,1362,8165,2,2,0,8169,A
6-NA,1363,8093,0,6,1,8100,A
6-NA,1364,0,3,0,8007,8010,C
6-NA,1365,6768,1,5,0,6774,A
6-NA,1366,1,3,6797,1,6802,G
6-NA,1367,0,1,6781,0,6782,G
6-NA,1368,1,3,0,6791,6795,C
6-NA,1369,0,6762,0,11,6773,T
6-NA,1370,11,2,0,6457,6470,C
6-NA,1371,6384,0,51,0,6435,A
6-NA,1372,0,6436,1,5,6442,T
6-NA,1373,1,3,6448,0,6452,G
6-NA,1374,1,0,6473,0,6474,G
6-NA,1375,2,2,1,6257,6262,C
6-NA,1376,9,0,1,6200,6210,C
6-NA,1377,1,5850,0,4,5855,T
6-NA,1378,0,7,5854,0,5861,G
6-NA,1379,5847,0,2,0,5849,A
6-NA,1380,0,5848,0,0,5848,T
6-NA,1381,1,4,5763,0,5768,G
6-NA,1382,0,8,5639,0,5647,G
6-NA,1383,0,4,5407,0,5411,G
6-NA,1384,1,0,5415,0,5416,G
6-NA,1385,3,2,0,5288,5293,C
6-NA,1386,1,4,5314,0,5319,G
6-NA,1387,0,0,5280,0,5280,G
6-NA,1388,5235,0,4,0,5239,A
6-NA,1389,1,15,0,5188,5204,C
6-NA,1390,5210,0,2,0,5212,A
6-NA,1391,0,5116,0,8,5124,T
6-NA,1392,7,0,0,5061,5068,C
6-NA,1393,5024,0,2,0,5026,A
6-NA,1394,5018,1,2,0,5021,A
6-NA,1395,0,4989,0,2,4991,T
6-NA,1396,4,0,0,4902,4906,C
6-NA,1397,2,4736,0,14,4752,T
6-NA,1398,14,1,0,4160,4175,C
6-NA,1399,4161,0,2,0,4163,A
6-NA,1400,0,4118,0,4,4122,T
6-NA,1401,0,1,4120,0,4121,G
6-NA,1402,0,1,0,4074,4075,C
6-NA,1403,5,0,0,3930,3935,C
6-NA,1404,1,3509,0,3,3513,T
6-NA,1405,3476,0,1,0,3477,A
6-NA,1406,0,3476,0,1,3477,T
6-NA,1407,3439,0,1,0,3440,A
6-NA,1408,0,3433,0,0,3433,T
6-NA,1409,3203,0,0,0,3203,A
6-NA,1410,3088,0,0,0,3088,A
7-M,1,76,0,0,0,76,A
7-M,2,0,77,0,0,77,T
7-M,3,0,0,76,0,76,G
7-M,4,79,0,0,0,79,A
7-M,5,0,0,92,0,92,G
7-M,6,0,0,0,93,93,C
7-M,7,0,0,0,96,96,C
7-M,8,0,124,0,1,125,T
7-M,9,0,127,0,0,127,T
7-M,10,0,0,0,127,127,C
7-M,11,0,127,0,0,127,T
7-M,12,133,0,0,0,133,A
7-M,13,133,0,1,0,134,A
7-M,14,0,0,0,134,134,C
7-M,15,0,0,0,134,134,C
7-M,16,0,0,134,0,134,G
7-M,17,136,0,0,0,136,A
7-M,18,0,0,138,0,138,G
7-M,19,0,0,140,0,140,G
7-M,20,0,139,0,0,139,T
7-M,21,1,0,0,141,142,C
7-M,22,0,0,142,0,142,G
7-M,23,147,0,0,0,147,A
7-M,24,148,0,0,0,148,A
7-M,25,149,0,0,0,149,A
7-M,26,0,0,0,174,174,C
7-M,27,0,0,175,0,175,G
7-M,28,0,178,0,0,178,T
7-M,29,179,0,0,0,179,A
7-M,30,0,181,0,0,181,T
7-M,31,0,0,185,0,185,G
7-M,32,0,187,0,0,187,T
7-M,33,0,199,0,0,199,T
7-M,34,1,0,0,205,206,C
7-M,35,0,210,0,0,210,T
7-M,36,0,0,0,226,226,C
7-M,37,0,221,0,4,225,T
7-M,38,0,0,0,239,239,C
7-M,39,0,239,0,0,239,T
7-M,40,241,0,0,0,241,A
7-M,41,0,242,0,0,242,T
7-M,42,0,0,0,244,244,C
7-M,43,0,0,243,0,243,G
7-M,44,0,246,0,0,246,T
7-M,45,0,244,0,0,244,T
7-M,46,0,0,0,247,247,C
7-M,47,0,0,0,256,256,C
7-M,48,254,0,1,0,255,A
7-M,49,0,255,0,2,257,T
7-M,50,0,0,0,257,257,C
7-M,51,237,0,2,17,256,A
7-M,52,0,0,256,0,256,G
7-M,53,0,0,257,0,257,G
7-M,54,0,0,0,262,262,C
7-M,55,0,0,0,261,261,C
7-M,56,0,0,0,262,262,C
7-M,57,0,0,0,270,270,C
7-M,58,0,0,0,271,271,C
7-M,59,0,271,0,1,272,T
7-M,60,0,1,0,271,272,C
7-M,61,271,0,1,0,272,A
7-M,62,271,0,0,0,271,A
7-M,63,274,0,0,0,274,A
7-M,64,0,0,275,0,275,G
7-M,65,0,0,0,275,275,C
7-M,66,0,0,0,270,270,C
7-M,67,0,2,267,0,269,G
7-M,68,268,0,0,0,268,A
7-M,69,0,0,269,0,269,G
7-M,70,271,0,0,0,271,A
7-M,71,0,273,0,0,273,T
7-M,72,1,0,0,270,271,C
7-M,73,0,0,274,0,274,G
7-M,74,0,0,0,277,277,C
7-M,75,0,0,277,0,277,G
7-M,76,0,1,0,276,277,C
7-M,77,273,0,1,0,274,A
7-M,78,0,0,279,0,279,G
7-M,79,273,1,0,0,274,A
7-M,80,0,1,306,0,307,G
7-M,81,307,0,1,0,308,A
7-M,82,0,0,0,311,311,C
7-M,83,0,312,0,0,312,T
7-M,84,0,312,0,0,312,T
7-M,85,0,0,316,0,316,G
7-M,86,313,0,1,0,314,A
7-M,87,313,0,1,0,314,A
7-M,88,0,0,317,0,317,G
7-M,89,301,0,0,0,301,A
7-M,90,0,307,0,1,308,T
7-M,91,0,0,307,0,307,G
7-M,92,0,305,0,1,306,T
7-M,93,0,0,0,309,309,C
7-M,94,0,307,0,0,307,T
7-M,95,0,308,0,0,308,T
7-M,96,0,308,0,0,308,T
7-M,97,0,0,308,0,308,G
7-M,98,0,0,0,308,308,C
7-M,99,0,307,0,0,307,T
7-M,100,0,0,305,0,305,G
7-M,101,0,0,304,0,304,G
7-M,102,297,0,6,0,303,A
7-M,103,310,0,0,0,310,A
7-M,104,314,0,0,0,314,A
7-M,105,315,0,1,0,316,A
7-M,106,315,0,1,0,316,A
7-M,107,315,0,0,0,315,A
7-M,108,0,0,0,317,317,C
7-M,109,315,0,0,0,315,A
7-M,110,0,1,0,316,317,C
7-M,111,310,0,1,0,311,A
7-M,112,0,0,319,0,319,G
7-M,113,328,0,0,0,328,A
7-M,114,0,336,0,1,337,T
7-M,115,0,0,0,336,336,C
7-M,116,0,335,0,0,335,T
7-M,117,0,335,0,0,335,T
7-M,118,0,1,333,0,334,G
7-M,119,334,0,0,0,334,A
7-M,120,0,1,335,0,336,G
7-M,121,0,0,333,0,333,G
7-M,122,0,0,0,329,329,C
7-M,123,0,328,0,1,329,T
7-M,124,0,0,0,365,365,C
7-M,125,0,364,0,0,364,T
7-M,126,0,0,0,367,367,C
7-M,127,365,0,0,0,365,A
7-M,128,0,366,0,1,367,T
7-M,129,0,0,366,0,366,G
7-M,130,0,0,367,0,367,G
7-M,131,364,0,1,0,365,A
7-M,132,362,0,0,0,362,A
7-M,133,0,345,0,0,345,T
7-M,134,0,1,366,0,367,G
7-M,135,0,0,393,0,393,G
7-M,136,0,0,1,394,395,C
7-M,137,0,394,0,0,394,T
7-M,138,393,0,0,1,394,A
7-M,139,393,0,0,0,393,A
7-M,140,402,0,0,0,402,A
7-M,141,0,0,405,0,405,G
7-M,142,404,1,1,0,406,A
7-M,143,0,0,0,405,405,C
7-M,144,379,0,0,0,379,A
7-M,145,377,0,1,0,378,A
7-M,146,0,0,382,0,382,G
7-M,147,383,0,1,0,384,A
7-M,148,0,0,0,387,387,C
7-M,149,1,0,0,376,377,C
7-M,150,375,0,1,0,376,A
7-M,151,380,0,0,0,380,A
7-M,152,0,381,0,0,381,T
7-M,153,0,386,0,0,386,T
7-M,154,0,0,0,387,387,C
7-M,155,0,384,0,0,384,T
7-M,156,0,0,384,0,384,G
7-M,157,0,386,0,0,386,T
7-M,158,1,0,0,384,385,C
7-M,159,387,0,0,0,387,A
7-M,160,0,0,0,394,394,C
7-M,161,0,0,0,395,395,C
7-M,162,0,394,0,0,394,T
7-M,163,2,0,0,391,393,C
7-M,164,0,392,0,0,392,T
7-M,165,0,5,406,0,411,G
7-M,166,410,1,0,0,411,A
7-M,167,0,0,0,411,411,C
7-M,168,0,411,0,0,411,T
7-M,169,405,0,0,0,405,A
7-M,170,403,0,1,0,404,A
7-M,171,400,0,0,0,400,A
7-M,172,0,2,397,0,399,G
7-M,173,0,1,398,0,399,G
7-M,174,0,0,407,0,407,G
7-M,175,413,0,0,0,413,A
7-M,176,0,415,0,1,416,T
7-M,177,0,416,0,0,416,T
7-M,178,0,414,0,1,415,T
7-M,179,0,416,0,0,416,T
7-M,180,1,0,415,0,416,G
7-M,181,0,2,415,0,417,G
7-M,182,0,0,421,0,421,G
7-M,183,0,0,418,0,418,G
7-M,184,0,416,0,0,416,T
7-M,185,0,415,0,0,415,T
7-M,186,0,415,0,0,415,T
7-M,187,0,0,424,0,424,G
7-M,188,0,427,0,0,427,T
7-M,189,0,0,429,0,429,G
7-M,190,0,428,0,1,429,T
7-M,191,0,428,0,0,428,T
7-M,192,1,0,0,430,431,C
7-M,193,431,0,0,0,431,A
7-M,194,0,0,0,438,438,C
7-M,195,1,0,437,0,438,G
7-M,196,0,0,0,437,437,C
7-M,197,0,432,0,1,433,T
7-M,198,2,0,0,446,448,C
7-M,199,446,0,1,0,447,A
7-M,200,0,0,0,456,456,C
7-M,201,1,0,0,453,454,C
7-M,202,1,0,456,0,457,G
7-M,203,0,454,0,0,454,T
7-M,204,0,0,454,0,454,G
7-M,205,0,0,0,457,457,C
7-M,206,1,0,0,455,456,C
7-M,207,0,1,0,455,456,C
7-M,208,448,0,0,0,448,A
7-M,209,0,0,454,0,454,G
7-M,210,0,451,0,0,451,T
7-M,211,0,1,456,0,457,G
7-M,212,456,0,0,0,456,A
7-M,213,0,0,457,0,457,G
7-M,214,0,1,0,452,453,C
7-M,215,0,0,455,0,455,G
7-M,216,454,0,0,0,454,A
7-M,217,0,0,461,0,461,G
7-M,218,0,2,459,0,461,G
7-M,219,455,0,0,0,455,A
7-M,220,0,0,0,460,460,C
7-M,221,0,454,0,0,454,T
7-M,222,0,0,451,0,451,G
7-M,223,0,0,0,453,453,C
7-M,224,450,0,0,0,450,A
7-M,225,0,0,465,0,465,G
7-M,226,0,0,0,459,459,C
7-M,227,0,0,459,0,459,G
7-M,228,0,462,0,0,462,T
7-M,229,455,0,0,0,455,A
7-M,230,0,1,453,0,454,G
7-M,231,454,0,1,0,455,A
7-M,232,0,0,0,457,457,C
7-M,233,0,0,459,0,459,G
7-M,234,0,0,0,458,458,C
7-M,235,0,449,0,1,450,T
7-M,236,0,446,0,0,446,T
7-M,237,0,442,0,1,443,T
7-M,238,0,0,462,0,462,G
7-M,239,0,464,0,0,464,T
7-M,240,3,1,0,459,463,C
7-M,241,1,0,0,464,465,C
7-M,242,464,0,0,0,464,A
7-M,243,462,1,0,0,463,A
7-M,244,463,0,0,0,463,A
7-M,245,464,0,0,0,464,A
7-M,246,0,463,0,0,463,T
7-M,247,0,0,453,0,453,G
7-M,248,0,1,0,452,453,C
7-M,249,0,0,0,455,455,C
7-M,250,0,0,0,461,461,C
7-M,251,0,457,0,0,457,T
7-M,252,1,0,0,474,475,C
7-M,253,475,0,0,0,475,A
7-M,254,485,0,0,0,485,A
7-M,255,0,497,0,0,497,T
7-M,256,0,0,492,0,492,G
7-M,257,0,0,492,0,492,G
7-M,258,0,475,0,0,475,T
7-M,259,500,0,0,0,500,A
7-M,260,503,0,0,0,503,A
7-M,261,0,502,0,0,502,T
7-M,262,5,2,493,0,500,G
7-M,263,0,0,503,0,503,G
7-M,264,490,1,1,0,492,A
7-M,265,0,1,491,1,493,G
7-M,266,479,0,0,0,479,A
7-M,267,0,0,0,476,476,C
7-M,268,0,0,0,500,500,C
7-M,269,2,0,0,500,502,C
7-M,270,511,0,0,0,511,A
7-M,271,509,0,0,0,509,A
7-M,272,505,0,0,0,505,A
7-M,273,0,510,0,2,512,T
7-M,274,517,0,0,0,517,A
7-M,275,520,0,1,0,521,A
7-M,276,0,0,0,511,511,C
7-M,277,504,0,0,0,504,A
7-M,278,0,503,0,0,503,T
7-M,279,0,1,505,0,506,G
7-M,280,0,0,507,0,507,G
7-M,281,504,0,2,0,506,A
7-M,282,0,0,0,509,509,C
7-M,283,497,0,0,0,497,A
7-M,284,498,0,1,0,499,A
7-M,285,497,0,0,0,497,A
7-M,286,0,0,507,0,507,G
7-M,287,0,1,0,511,512,C
7-M,288,503,0,0,0,503,A
7-M,289,0,0,511,0,511,G
7-M,290,0,510,0,1,511,T
7-M,291,0,511,0,0,511,T
7-M,292,517,0,0,0,517,A
7-M,293,517,0,0,0,517,A
7-M,294,517,0,1,0,518,A
7-M,295,0,1,0,523,524,C
7-M,296,0,508,0,1,509,T
7-M,297,0,0,588,0,588,G
7-M,298,0,582,0,0,582,T
7-M,299,582,0,1,0,583,A
7-M,300,0,587,0,0,587,T
7-M,301,582,0,0,0,582,A
7-M,302,0,0,586,0,586,G
7-M,303,0,0,584,0,584,G
7-M,304,583,0,0,0,583,A
7-M,305,583,0,0,0,583,A
7-M,306,551,0,2,0,553,A
7-M,307,0,0,0,561,561,C
7-M,308,0,559,0,0,559,T
7-M,309,0,562,0,0,562,T
7-M,310,558,0,0,0,558,A
7-M,311,560,0,0,0,560,A
7-M,312,0,1,561,0,562,G
7-M,313,550,0,1,0,551,A
7-M,314,0,1,559,0,560,G
7-M,315,0,0,561,0,561,G
7-M,316,1,3,558,0,562,G
7-M,317,555,0,1,0,556,A
7-M,318,0,0,561,0,561,G
7-M,319,555,0,3,0,558,A
7-M,320,0,560,0,0,560,T
7-M,321,561,0,0,0,561,A
7-M,322,565,1,3,0,569,A
7-M,323,0,0,0,573,573,C
7-M,324,0,0,567,0,567,G
7-M,325,0,561,0,2,563,T
7-M,326,0,559,0,0,559,T
7-M,327,1,0,0,563,564,C
7-M,328,2,0,0,558,560,C
7-M,329,562,0,0,0,562,A
7-M,330,0,560,0,0,560,T
7-M,331,0,2,551,0,553,G
7-M,332,0,1,552,0,553,G
7-M,333,0,1,555,0,556,G
7-M,334,1,0,551,0,552,G
7-M,335,0,0,0,555,555,C
7-M,336,1,0,0,559,560,C
7-M,337,562,0,0,0,562,A
7-M,338,569,0,1,0,570,A
7-M,339,568,0,2,0,570,A
7-M,340,0,0,571,0,571,G
7-M,341,580,0,0,0,580,A
7-M,342,572,0,1,0,573,A
7-M,343,571,0,0,0,571,A
7-M,344,0,574,0,1,575,T
7-M,345,572,0,1,0,573,A
7-M,346,0,0,580,0,580,G
7-M,347,1,0,0,577,578,C
7-M,348,0,577,0,0,577,T
7-M,349,1,0,0,572,573,C
7-M,350,0,557,0,0,557,T
7-M,351,2,0,0,581,583,C
7-M,352,584,0,0,0,584,A
7-M,353,0,0,584,0,584,G
7-M,354,0,575,0,1,576,T
7-M,355,0,588,0,1,589,T
7-M,356,591,0,0,0,591,A
7-M,357,0,589,0,0,589,T
7-M,358,0,586,0,0,586,T
7-M,359,0,0,0,596,596,C
7-M,360,0,564,0,0,564,T
7-M,361,1,0,568,0,569,G
7-M,362,0,0,0,566,566,C
7-M,363,2,563,1,1,567,T
7-M,364,0,1,564,0,565,G
7-M,365,0,0,560,0,560,G
7-M,366,0,557,1,2,560,T
7-M,367,0,1,559,0,560,G
7-M,368,0,0,0,556,556,C
7-M,369,558,0,1,0,559,A
7-M,370,0,0,0,560,560,C
7-M,371,0,554,1,0,555,T
7-M,372,0,566,0,0,566,T
7-M,373,0,0,568,0,568,G
7-M,374,0,0,0,564,564,C
7-M,375,0,0,0,563,563,C
7-M,376,558,0,0,0,558,A
7-M,377,1,1,555,0,557,G
7-M,378,0,561,0,0,561,T
7-M,379,0,557,0,0,557,T
7-M,380,0,0,567,0,567,G
7-M,381,0,1,0,560,561,C
7-M,382,557,0,1,0,558,A
7-M,383,0,558,0,0,558,T
7-M,384,0,0,555,0,555,G
7-M,385,0,2,565,0,567,G
7-M,386,0,0,570,0,570,G
7-M,387,0,1,0,571,572,C
7-M,388,0,0,0,587,587,C
7-M,389,1,576,0,0,577,T
7-M,390,2,1,0,591,594,C
7-M,391,627,0,0,1,628,A
7-M,392,0,632,0,0,632,T
7-M,393,642,0,0,0,642,A
7-M,394,1,628,0,1,630,T
7-M,395,623,0,0,0,623,A
7-M,396,0,0,0,664,664,C
7-M,397,636,0,0,0,636,A
7-M,398,639,0,0,0,639,A
7-M,399,0,635,0,0,635,T
7-M,400,618,0,0,0,618,A
7-M,401,0,0,628,0,628,G
7-M,402,0,0,621,0,621,G
7-M,403,610,1,1,0,612,A
7-M,404,0,614,0,1,615,T
7-M,405,0,1,573,0,574,G
7-M,406,0,2,574,0,576,G
7-M,407,0,0,572,0,572,G
7-M,408,0,1,577,0,578,G
7-M,409,4,0,573,0,577,G
7-M,410,0,0,0,575,575,C
7-M,411,0,566,0,1,567,T
7-M,412,0,0,571,0,571,G
7-M,413,0,572,0,0,572,T
7-M,414,571,0,1,1,573,A
7-M,415,570,0,1,0,571,A
7-M,416,1,0,0,577,578,C
7-M,417,0,2,0,571,573,C
7-M,418,570,0,1,0,571,A
7-M,419,0,0,0,573,573,C
7-M,420,1,573,0,0,574,T
7-M,421,0,0,576,0,576,G
7-M,422,574,0,1,0,575,A
7-M,423,572,0,2,0,574,A
7-M,424,0,0,574,0,574,G
7-M,425,0,564,0,0,564,T
7-M,426,0,1,562,0,563,G
7-M,427,0,0,564,0,564,G
7-M,428,0,0,0,572,572,C
7-M,429,569,0,0,0,569,A
7-M,430,0,565,0,0,565,T
7-M,431,0,562,0,0,562,T
7-M,432,0,562,0,0,562,T
7-M,433,1,0,577,0,578,G
7-M,434,0,0,577,0,577,G
7-M,435,0,0,0,578,578,C
7-M,436,0,0,0,578,578,C
7-M,437,0,567,0,0,567,T
7-M,438,0,1,603,0,604,G
7-M,439,0,0,611,0,611,G
7-M,440,0,609,0,1,610,T
7-M,441,614,0,0,0,614,A
7-M,442,0,581,0,1,582,T
7-M,443,0,0,589,0,589,G
7-M,444,0,598,0,0,598,T
7-M,445,0,0,597,0,597,G
7-M,446,0,2,0,594,596,C
7-M,447,575,0,0,0,575,A
7-M,448,570,0,2,0,572,A
7-M,449,0,0,0,577,577,C
7-M,450,576,0,0,0,576,A
7-M,451,0,578,0,0,578,T
7-M,452,1,0,569,0,570,G
7-M,453,0,559,0,0,559,T
7-M,454,0,0,559,0,559,G
7-M,455,559,0,1,0,560,A
7-M,456,0,0,560,0,560,G
7-M,457,0,0,0,558,558,C
7-M,458,548,0,1,0,549,A
7-M,459,0,0,551,0,551,G
7-M,460,547,0,0,0,547,A
7-M,461,0,549,0,0,549,T
7-M,462,0,548,0,0,548,T
7-M,463,0,0,549,0,549,G
7-M,464,0,0,0,552,552,C
7-M,465,1,549,0,1,551,T
7-M,466,1,1,549,0,551,G
7-M,467,544,0,1,0,545,A
7-M,468,0,0,0,577,577,C
7-M,469,0,581,0,1,582,T
7-M,470,1,0,0,582,583,C
7-M,471,0,0,0,579,579,C
7-M,472,0,0,0,581,581,C
7-M,473,580,0,0,0,580,A
7-M,474,0,0,587,0,587,G
7-M,475,0,1,0,584,585,C
7-M,476,586,0,0,0,586,A
7-M,477,0,0,0,586,586,C
7-M,478,545,0,2,0,547,A
7-M,479,0,1,562,0,563,G
7-M,480,5,1,558,0,564,G
7-M,481,0,561,0,0,561,T
7-M,482,2,0,0,577,579,C
7-M,483,0,578,0,0,578,T
7-M,484,1,0,0,581,582,C
7-M,485,578,0,0,0,578,A
7-M,486,0,577,0,0,577,T
7-M,487,572,0,0,0,572,A
7-M,488,0,0,561,0,561,G
7-M,489,0,0,558,0,558,G
7-M,490,0,0,0,554,554,C
7-M,491,534,0,0,0,534,A
7-M,492,1,0,531,0,532,G
7-M,493,533,0,0,0,533,A
7-M,494,0,536,0,0,536,T
7-M,495,0,1,538,0,539,G
7-M,496,0,0,536,0,536,G
7-M,497,0,529,0,0,529,T
7-M,498,0,0,536,0,536,G
7-M,499,0,0,534,0,534,G
7-M,500,0,0,0,536,536,C
7-M,501,530,0,1,0,531,A
7-M,502,527,0,0,0,527,A
7-M,503,0,0,0,529,529,C
7-M,504,526,0,0,0,526,A
7-M,505,527,0,0,0,527,A
7-M,506,1,0,0,530,531,C
7-M,507,0,0,0,523,523,C
7-M,508,517,0,0,0,517,A
7-M,509,515,0,1,0,516,A
7-M,510,0,516,0,0,516,T
7-M,511,1,0,0,521,522,C
7-M,512,1,0,0,511,512,C
7-M,513,508,0,0,0,508,A
7-M,514,0,508,0,0,508,T
7-M,515,0,505,0,0,505,T
7-M,516,505,0,0,0,505,A
7-M,517,504,0,0,0,504,A
7-M,518,0,503,0,0,503,T
7-M,519,503,0,0,0,503,A
7-M,520,501,0,0,0,501,A
7-M,521,499,0,0,0,499,A
7-M,522,500,0,0,0,500,A
7-M,523,0,0,0,511,511,C
7-M,524,510,0,0,0,510,A
7-M,525,0,511,0,0,511,T
7-M,526,0,0,512,1,513,G
7-M,527,508,0,1,0,509,A
7-M,528,0,1,517,0,518,G
7-M,529,508,0,0,0,508,A
7-M,530,518,0,0,0,518,A
7-M,531,0,0,0,518,518,C
7-M,532,496,0,0,0,496,A
7-M,533,0,0,509,0,509,G
7-M,534,505,0,0,0,505,A
7-M,535,503,0,0,0,503,A
7-M,536,0,502,0,1,503,T
7-M,537,0,1,493,0,494,G
7-M,538,0,0,497,0,497,G
7-M,539,0,492,0,0,492,T
7-M,540,0,479,0,0,479,T
7-M,541,0,485,0,0,485,T
7-M,542,0,487,0,0,487,T
7-M,543,1,1,488,0,490,G
7-M,544,0,0,487,0,487,G
7-M,545,0,0,0,488,488,C
7-M,546,0,0,0,492,492,C
7-M,547,479,0,0,0,479,A
7-M,548,0,1,494,0,495,G
7-M,549,2,0,0,493,495,C
7-M,550,498,0,0,0,498,A
7-M,551,0,11,0,496,507,C
7-M,552,0,503,0,1,504,T
7-M,553,504,1,0,0,505,A
7-M,554,0,1,0,512,513,C
7-M,555,519,0,3,0,522,A
7-M,556,2,1,533,0,536,G
7-M,557,0,0,0,516,516,C
7-M,558,0,504,1,0,505,T
7-M,559,507,0,0,0,507,A
7-M,560,495,0,0,0,495,A
7-M,561,0,1,495,0,496,G
7-M,562,0,0,509,0,509,G
7-M,563,0,0,0,508,508,C
7-M,564,0,483,0,0,483,T
7-M,565,481,0,0,0,481,A
7-M,566,0,480,0,0,480,T
7-M,567,0,1,483,0,484,G
7-M,568,0,0,486,0,486,G
7-M,569,483,0,0,0,483,A
7-M,570,0,0,481,0,481,G
7-M,571,0,0,0,471,471,C
7-M,572,472,0,0,0,472,A
7-M,573,470,0,0,0,470,A
7-M,574,468,0,1,0,469,A
7-M,575,0,477,0,0,477,T
7-M,576,0,1,479,0,480,G
7-M,577,0,0,475,1,476,G
7-M,578,0,0,0,478,478,C
7-M,579,0,471,0,1,472,T
7-M,580,0,0,475,0,475,G
7-M,581,0,1,477,0,478,G
7-M,582,476,0,0,0,476,A
7-M,583,0,471,0,4,475,T
7-M,584,1,0,0,474,475,C
7-M,585,476,0,0,0,476,A
7-M,586,483,0,0,0,483,A
7-M,587,0,0,482,0,482,G
7-M,588,0,482,0,0,482,T
7-M,589,0,2,482,0,484,G
7-M,590,476,0,1,0,477,A
7-M,591,469,0,2,0,471,A
7-M,592,0,1,0,472,473,C
7-M,593,474,0,0,0,474,A
7-M,594,0,0,477,0,477,G
7-M,595,0,0,471,0,471,G
7-M,596,0,0,0,471,471,C
7-M,597,468,0,2,0,470,A
7-M,598,0,1,475,0,476,G
7-M,599,0,0,0,473,473,C
7-M,600,0,0,473,0,473,G
7-M,601,0,1,474,0,475,G
7-M,602,469,0,3,0,472,A
7-M,603,0,0,478,0,478,G
7-M,604,0,1,482,0,483,G
7-M,605,0,0,0,480,480,C
7-M,606,1,0,0,483,484,C
7-M,607,481,0,0,0,481,A
7-M,608,0,483,0,0,483,T
7-M,609,0,0,483,0,483,G
7-M,610,0,2,485,0,487,G
7-M,611,480,0,2,0,482,A
7-M,612,0,0,483,1,484,G
7-M,613,469,0,1,0,470,A
7-M,614,0,480,0,0,480,T
7-M,615,1,475,0,0,476,T
7-M,616,0,0,477,0,477,G
7-M,617,0,0,0,478,478,C
7-M,618,0,477,0,1,478,T
7-M,619,480,0,0,0,480,A
7-M,620,0,0,478,0,478,G
7-M,621,0,474,0,0,474,T
7-M,622,1,0,0,474,475,C
7-M,623,457,0,0,0,457,A
7-M,624,0,1,463,0,464,G
7-M,625,0,0,466,0,466,G
7-M,626,0,0,0,465,465,C
7-M,627,0,0,0,466,466,C
7-M,628,463,0,0,0,463,A
7-M,629,0,0,475,0,475,G
7-M,630,44,0,429,0,473,G
7-M,631,0,0,0,476,476,C
7-M,632,475,0,1,0,476,A
7-M,633,0,0,475,0,475,G
7-M,634,470,0,1,0,471,A
7-M,635,1,471,0,0,472,T
7-M,636,0,0,475,0,475,G
7-M,637,0,0,483,0,483,G
7-M,638,0,472,0,0,472,T
7-M,639,0,0,473,0,473,G
7-M,640,0,1,0,473,474,C
7-M,641,465,1,0,0,466,A
7-M,642,0,0,476,0,476,G
7-M,643,0,0,478,0,478,G
7-M,644,0,0,0,481,481,C
7-M,645,480,0,0,0,480,A
7-M,646,472,0,0,0,472,A
7-M,647,0,466,0,0,466,T
7-M,648,0,2,463,0,465,G
7-M,649,461,0,0,0,461,A
7-M,650,0,0,463,0,463,G
7-M,651,452,0,0,0,452,A
7-M,652,0,1,452,0,453,G
7-M,653,0,0,0,457,457,C
7-M,654,0,1,0,466,467,C
7-M,655,466,0,0,0,466,A
7-M,656,0,468,0,0,468,T
7-M,657,0,466,0,0,466,T
7-M,658,0,1,466,0,467,G
7-M,659,0,0,464,0,464,G
7-M,660,0,0,463,0,463,G
7-M,661,461,0,0,0,461,A
7-M,662,0,0,0,454,454,C
7-M,663,0,443,0,1,444,T
7-M,664,2,0,0,444,446,C
7-M,665,443,0,0,0,443,A
7-M,666,0,454,0,1,455,T
7-M,667,0,0,0,459,459,C
7-M,668,0,0,0,459,459,C
7-M,669,0,456,0,0,456,T
7-M,670,454,0,0,0,454,A
7-M,671,0,0,460,0,460,G
7-M,672,0,478,0,1,479,T
7-M,673,1,471,0,0,472,T
7-M,674,0,0,0,474,474,C
7-M,675,0,0,0,461,461,C
7-M,676,460,0,0,0,460,A
7-M,677,0,0,465,0,465,G
7-M,678,0,465,0,0,465,T
7-M,679,463,0,0,0,463,A
7-M,680,0,0,0,462,462,C
7-M,681,0,430,0,0,430,T
7-M,682,0,1,451,0,452,G
7-M,683,0,0,451,0,451,G
7-M,684,0,446,0,1,447,T
7-M,685,0,440,0,1,441,T
7-M,686,0,449,0,0,449,T
7-M,687,448,0,1,0,449,A
7-M,688,451,0,0,0,451,A
7-M,689,0,1,453,0,454,G
7-M,690,442,0,0,0,442,A
7-M,691,0,0,435,0,435,G
7-M,692,412,1,0,0,413,A
7-M,693,0,413,0,0,413,T
7-M,694,0,0,414,0,414,G
7-M,695,414,0,0,0,414,A
7-M,696,0,411,0,0,411,T
7-M,697,2,0,0,409,411,C
7-M,698,0,399,0,1,400,T
7-M,699,0,403,0,0,403,T
7-M,700,1,0,0,403,404,C
7-M,701,0,402,1,0,403,T
7-M,702,0,405,0,0,405,T
7-M,703,0,1,403,0,404,G
7-M,704,400,0,0,0,400,A
7-M,705,401,0,0,0,401,A
7-M,706,402,0,0,0,402,A
7-M,707,401,0,0,0,401,A
7-M,708,0,400,0,0,400,T
7-M,709,0,402,0,0,402,T
7-M,710,0,401,0,0,401,T
7-M,711,0,0,403,0,403,G
7-M,712,0,1,0,401,402,C
7-M,713,402,0,0,0,402,A
7-M,714,0,1,403,0,404,G
7-M,715,397,0,0,0,397,A
7-M,716,0,0,1,415,416,C
7-M,717,0,0,0,410,410,C
7-M,718,0,414,0,0,414,T
7-M,719,417,0,0,0,417,A
7-M,720,0,413,0,0,413,T
7-M,721,0,0,0,418,418,C
7-M,722,416,0,0,0,416,A
7-M,723,0,0,415,0,415,G
7-M,724,414,0,0,0,414,A
7-M,725,401,0,0,0,401,A
7-M,726,402,0,1,0,403,A
7-M,727,0,0,0,399,399,C
7-M,728,0,1,401,0,402,G
7-M,729,399,0,0,0,399,A
7-M,730,399,0,1,0,400,A
7-M,731,0,399,0,0,399,T
7-M,732,0,1,401,0,402,G
7-M,733,0,1,401,0,402,G
7-M,734,0,0,404,0,404,G
7-M,735,1,0,398,0,399,G
7-M,736,1,0,400,0,401,G
7-M,737,0,385,0,0,385,T
7-M,738,0,0,386,0,386,G
7-M,739,0,0,0,388,388,C
7-M,740,389,0,1,0,390,A
7-M,741,0,1,389,0,390,G
7-M,742,385,0,0,0,385,A
7-M,743,0,381,0,0,381,T
7-M,744,0,0,379,0,379,G
7-M,745,0,1,0,371,372,C
7-M,746,374,0,0,0,374,A
7-M,747,373,0,0,0,373,A
7-M,748,0,0,0,375,375,C
7-M,749,0,0,380,0,380,G
7-M,750,381,0,0,0,381,A
7-M,751,0,381,0,0,381,T
7-M,752,0,381,0,0,381,T
7-M,753,0,0,0,381,381,C
7-M,754,379,0,1,0,380,A
7-M,755,381,0,0,0,381,A
7-M,756,0,0,379,0,379,G
7-M,757,0,373,0,0,373,T
7-M,758,0,1,371,0,372,G
7-M,759,367,1,1,0,369,A
7-M,760,0,0,0,369,369,C
7-M,761,0,0,0,371,371,C
7-M,762,0,0,0,365,365,C
7-M,763,0,0,363,0,363,G
7-M,764,0,0,0,361,361,C
7-M,765,0,364,0,1,365,T
7-M,766,0,366,0,0,366,T
7-M,767,0,0,369,0,369,G
7-M,768,0,369,0,0,369,T
7-M,769,0,367,0,0,367,T
7-M,770,0,0,368,0,368,G
7-M,771,1,360,0,0,361,T
7-M,772,0,358,0,0,358,T
7-M,773,0,0,356,0,356,G
7-M,774,0,0,0,353,353,C
7-M,775,0,0,0,357,357,C
7-M,776,0,0,357,0,357,G
7-M,777,0,0,0,355,355,C
7-M,778,0,0,362,0,362,G
7-M,779,361,0,0,0,361,A
7-M,780,363,0,0,0,363,A
7-M,781,0,367,0,0,367,T
7-M,782,364,1,0,0,365,A
7-M,783,0,369,0,0,369,T
7-M,784,0,0,0,375,375,C
7-M,785,376,0,0,0,376,A
7-M,786,0,376,0,0,376,T
7-M,787,0,372,0,0,372,T
7-M,788,0,0,371,0,371,G
7-M,789,2,0,369,0,371,G
7-M,790,0,0,368,0,368,G
7-M,791,375,0,0,0,375,A
7-M,792,0,370,0,0,370,T
7-M,793,0,0,0,353,353,C
7-M,794,0,352,0,0,352,T
7-M,795,0,352,0,0,352,T
7-M,796,1,1,355,0,357,G
7-M,797,0,0,0,354,354,C
7-M,798,358,0,0,0,358,A
7-M,799,0,0,0,357,357,C
7-M,800,0,353,0,2,355,T
7-M,801,0,355,0,0,355,T
7-M,802,0,1,355,0,356,G
7-M,803,360,0,4,0,364,A
7-M,804,0,366,0,0,366,T
7-M,805,357,0,0,0,357,A
7-M,806,0,357,0,0,357,T
7-M,807,0,350,0,0,350,T
7-M,808,0,0,354,0,354,G
7-M,809,0,348,0,1,349,T
7-M,810,0,1,341,0,342,G
7-M,811,0,0,342,0,342,G
7-M,812,331,0,0,0,331,A
7-M,813,0,330,0,0,330,T
7-M,814,0,327,0,1,328,T
7-M,815,0,0,0,329,329,C
7-M,816,0,324,0,2,326,T
7-M,817,0,319,0,2,321,T
7-M,818,0,0,322,0,322,G
7-M,819,316,0,0,0,316,A
7-M,820,0,318,0,0,318,T
7-M,821,1,0,0,315,316,C
7-M,822,0,0,313,0,313,G
7-M,823,0,313,0,0,313,T
7-M,824,0,0,0,314,314,C
7-M,825,0,312,0,0,312,T
7-M,826,0,314,0,0,314,T
7-M,827,0,313,0,0,313,T
7-M,828,0,315,0,0,315,T
7-M,829,0,312,0,1,313,T
7-M,830,0,316,0,0,316,T
7-M,831,0,315,0,0,315,T
7-M,832,0,0,0,316,316,C
7-M,833,315,0,0,0,315,A
7-M,834,313,0,0,0,313,A
7-M,835,315,0,0,0,315,A
7-M,836,0,312,0,1,313,T
7-M,837,0,0,314,0,314,G
7-M,838,0,0,0,316,316,C
7-M,839,0,0,315,0,315,G
7-M,840,0,325,0,1,326,T
7-M,841,1,0,0,326,327,C
7-M,842,0,327,0,1,328,T
7-M,843,328,0,0,0,328,A
7-M,844,0,326,0,0,326,T
7-M,845,0,0,0,326,326,C
7-M,846,0,2,322,0,324,G
7-M,847,320,1,1,0,322,A
7-M,848,0,0,0,323,323,C
7-M,849,0,308,0,0,308,T
7-M,850,0,2,0,316,318,C
7-M,851,0,314,0,1,315,T
7-M,852,0,315,0,0,315,T
7-M,853,0,0,1,317,318,C
7-M,854,319,0,0,0,319,A
7-M,855,320,0,0,0,320,A
7-M,856,319,0,0,0,319,A
7-M,857,0,1,0,316,317,C
7-M,858,317,0,0,0,317,A
7-M,859,0,0,0,300,300,C
7-M,860,0,0,296,0,296,G
7-M,861,0,0,321,0,321,G
7-M,862,0,0,0,329,329,C
7-M,863,1,0,0,325,326,C
7-M,864,0,327,0,1,328,T
7-M,865,0,325,0,0,325,T
7-M,866,328,0,0,0,328,A
7-M,867,331,0,0,0,331,A
7-M,868,330,0,0,0,330,A
7-M,869,329,0,0,0,329,A
7-M,870,0,0,324,0,324,G
7-M,871,285,0,0,0,285,A
7-M,872,0,0,284,0,284,G
7-M,873,1,0,284,0,285,G
7-M,874,0,0,0,286,286,C
7-M,875,1,0,0,284,285,C
7-M,876,3,0,0,291,294,C
7-M,877,0,294,0,1,295,T
7-M,878,0,293,0,0,293,T
7-M,879,0,0,0,295,295,C
7-M,880,0,297,0,0,297,T
7-M,881,297,0,0,0,297,A
7-M,882,0,0,0,299,299,C
7-M,883,0,1,292,0,293,G
7-M,884,2,0,294,0,296,G
7-M,885,286,0,0,0,286,A
7-M,886,285,0,0,0,285,A
7-M,887,0,1,284,0,285,G
7-M,888,0,0,287,0,287,G
7-M,889,281,0,0,0,281,A
7-M,890,0,1,282,0,283,G
7-M,891,0,282,0,0,282,T
7-M,892,283,0,0,0,283,A
7-M,893,0,0,0,281,281,C
7-M,894,1,0,0,280,281,C
7-M,895,0,273,1,2,276,T
7-M,896,0,1,276,0,277,G
7-M,897,264,0,0,0,264,A
7-M,898,0,0,270,0,270,G
7-M,899,0,268,0,0,268,T
7-M,900,0,0,0,265,265,C
7-M,901,0,258,0,1,259,T
7-M,902,261,0,0,0,261,A
7-M,903,0,260,0,0,260,T
7-M,904,0,0,259,0,259,G
7-M,905,248,0,0,0,248,A
7-M,906,0,0,251,0,251,G
7-M,907,0,0,225,0,225,G
7-M,908,0,1,225,0,226,G
7-M,909,220,0,0,0,220,A
7-M,910,218,0,0,0,218,A
7-M,911,0,2,219,0,221,G
7-M,912,219,0,0,0,219,A
7-M,913,223,0,0,0,223,A
7-M,914,0,222,0,0,222,T
7-M,915,219,0,0,0,219,A
7-M,916,0,217,0,0,217,T
7-M,917,0,6,0,207,213,C
7-M,918,0,0,216,0,216,G
7-M,919,216,0,0,0,216,A
7-M,920,214,0,0,0,214,A
7-M,921,214,0,0,0,214,A
7-M,922,0,0,212,0,212,G
7-M,923,0,0,213,0,213,G
7-M,924,214,0,0,0,214,A
7-M,925,214,0,0,0,214,A
7-M,926,0,0,0,215,215,C
7-M,927,211,0,0,0,211,A
7-M,928,0,0,217,0,217,G
7-M,929,0,1,0,215,216,C
7-M,930,219,0,0,0,219,A
7-M,931,0,0,220,0,220,G
7-M,932,210,0,0,0,210,A
7-M,933,211,0,0,0,211,A
7-M,934,0,210,0,0,210,T
7-M,935,1,0,208,0,209,G
7-M,936,0,0,0,208,208,C
7-M,937,0,194,0,0,194,T
7-M,938,0,0,196,0,196,G
7-M,939,0,195,0,0,195,T
7-M,940,0,0,194,0,194,G
7-M,941,0,0,195,0,195,G
7-M,942,189,0,0,0,189,A
7-M,943,0,190,0,0,190,T
7-M,944,0,0,182,0,182,G
7-M,945,0,0,0,179,179,C
7-M,946,0,170,0,1,171,T
7-M,947,0,0,169,0,169,G
7-M,948,168,0,0,0,168,A
7-M,949,0,0,0,168,168,C
7-M,950,0,0,167,0,167,G
7-M,951,164,0,1,0,165,A
7-M,952,0,0,0,165,165,C
7-M,953,159,0,0,0,159,A
7-M,954,0,0,160,0,160,G
7-M,955,0,159,0,0,159,T
7-M,956,2,0,0,157,159,C
7-M,957,159,0,0,0,159,A
7-M,958,0,158,0,0,158,T
7-M,959,0,156,0,0,156,T
7-M,960,0,156,0,0,156,T
7-M,961,0,153,0,0,153,T
7-M,962,1,0,152,0,153,G
7-M,963,0,147,0,0,147,T
7-M,964,0,0,0,146,146,C
7-M,965,143,0,0,0,143,A
7-M,966,0,0,141,0,141,G
7-M,967,0,0,0,143,143,C
7-M,968,143,0,0,0,143,A
7-M,969,0,143,0,0,143,T
7-M,970,136,0,0,0,136,A
7-M,971,0,0,135,0,135,G
7-M,972,135,0,0,0,135,A
7-M,973,0,0,134,0,134,G
7-M,974,0,134,0,0,134,T
7-M,975,0,88,0,0,88,T
7-M,976,0,0,85,0,85,G
7-M,977,0,1,84,0,85,G
7-M,978,84,0,0,0,84,A
7-M,979,0,0,84,0,84,G
7-M,980,0,50,0,0,50,T
7-M,981,50,0,0,0,50,A
7-M,982,50,0,0,0,50,A
8-NS,1,2493,0,0,0,2493,A
8-NS,2,0,2502,0,0,2502,T
8-NS,3,0,0,2652,0,2652,G
8-NS,4,0,6,2860,0,2866,G
8-NS,5,2999,0,2,0,3001,A
8-NS,6,1,5019,0,3,5023,T
8-NS,7,0,5037,0,5,5042,T
8-NS,8,3,0,0,5129,5132,C
8-NS,9,1,3,0,5147,5151,C
8-NS,10,5145,2,2,0,5149,A
8-NS,11,5249,0,3,0,5252,A
8-NS,12,1,1,0,5280,5282,C
8-NS,13,5299,0,1,0,5300,A
8-NS,14,0,1,0,5525,5526,C
8-NS,15,1,5523,0,5,5529,T
8-NS,16,0,0,5534,0,5534,G
8-NS,17,0,5525,0,4,5529,T
8-NS,18,5529,0,3,1,5533,A
8-NS,19,0,6617,0,9,6626,T
8-NS,20,5,1,0,6637,6643,C
8-NS,21,6654,0,2,0,6656,A
8-NS,22,6660,0,3,3,6666,A
8-NS,23,0,1,6734,0,6735,G
8-NS,24,0,6876,0,9,6885,T
8-NS,25,0,6894,0,4,6898,T
8-NS,26,1,6929,0,1,6931,T
8-NS,27,7,1,0,6933,6941,C
8-NS,28,2,1,0,6961,6964,C
8-NS,29,6963,0,4,0,6967,A
8-NS,30,0,3,7045,1,7049,G
8-NS,31,0,1,7110,0,7111,G
8-NS,32,0,7077,0,6,7083,T
8-NS,33,7157,1,3,0,7161,A
8-NS,34,3,8,7224,0,7235,G
8-NS,35,7220,0,2,0,7222,A
8-NS,36,0,7220,0,66,7286,T
8-NS,37,1,7271,0,2,7274,T
8-NS,38,1,1,7379,0,7381,G
8-NS,39,2,2,0,7369,7373,C
8-NS,40,0,7362,0,10,7372,T
8-NS,41,2,7418,1,5,7426,T
8-NS,42,0,7479,0,5,7484,T
8-NS,43,6,0,0,7618,7624,C
8-NS,44,0,7572,0,12,7584,T
8-NS,45,0,7575,0,5,7580,T
8-NS,46,0,7548,0,34,7582,T
8-NS,47,2,11,7633,0,7646,G
8-NS,48,2,0,7627,1,7630,G
8-NS,49,2,2,0,7666,7670,C
8-NS,50,7641,0,8,0,7649,A
8-NS,51,0,7660,0,2,7662,T
8-NS,52,7707,0,0,0,7707,A
8-NS,53,1,7871,0,5,7877,T
8-NS,54,3,0,0,7878,7881,C
8-NS,55,8,3,1,7865,7877,C
8-NS,56,5,5,7844,0,7854,G
8-NS,57,0,8,7879,0,7887,G
8-NS,58,7897,0,4,0,7901,A
8-NS,59,7926,1,5,0,7932,A
8-NS,60,7956,1,7,2,7966,A
8-NS,61,0,2,0,8076,8078,C
8-NS,62,8029,1,0,0,8030,A
8-NS,63,8040,0,6,0,8046,A
8-NS,64,0,0,8406,0,8406,G
8-NS,65,0,8409,0,20,8429,T
8-NS,66,0,8367,0,6,8373,T
8-NS,67,3,3,8392,0,8398,G
8-NS,68,1,8397,0,6,8404,T
8-NS,69,8374,0,11,0,8385,A
8-NS,70,3,20,8435,0,8458,G
8-NS,71,8892,1,16,0,8909,A
8-NS,72,2,4,0,9002,9008,C
8-NS,73,12,1,0,8818,8831,C
8-NS,74,8809,0,13,4,8826,A
8-NS,75,8798,0,56,1,8855,A
8-NS,76,2,22,9256,0,9280,G
8-NS,77,9260,1,14,0,9275,A
8-NS,78,9348,1,4,0,9353,A
8-NS,79,2,3,0,9365,9370,C
8-NS,80,0,9008,0,7,9015,T
8-NS,81,1,20,9126,0,9147,G
8-NS,82,9058,1,7,1,9067,A
8-NS,83,1,4,9319,0,9324,G
8-NS,84,0,9294,1,6,9301,T
8-NS,85,2,11,9068,0,9081,G
8-NS,86,9102,2,16,3,9123,A
8-NS,87,0,9084,1,8,9093,T
8-NS,88,7,3,9205,0,9215,G
8-NS,89,1,5,0,9360,9366,C
8-NS,90,8,0,0,9359,9367,C
8-NS,91,10,3,1,9418,9432,C
8-NS,92,14,2,0,9297,9313,C
8-NS,93,9352,1,2,1,9356,A
8-NS,94,2,9594,0,7,9603,T
8-NS,95,0,9719,1,4,9724,T
8-NS,96,6,3,0,9753,9762,C
8-NS,97,11,3,1,9661,9676,C
8-NS,98,0,9421,0,212,9633,T
8-NS,99,0,9554,0,7,9561,T
8-NS,100,2,15,9547,0,9564,G
8-NS,101,9507,0,6,0,9513,A
8-NS,102,0,9542,0,5,9547,T
8-NS,103,17,2,0,9412,9431,C
8-NS,104,5,7,9343,0,9355,G
8-NS,105,4,3,9401,0,9408,G
8-NS,106,2,0,0,9428,9430,C
8-NS,107,0,9354,0,13,9367,T
8-NS,108,0,9417,0,3,9420,T
8-NS,109,7,3,1,9413,9424,C
8-NS,110,1,1,9448,0,9450,G
8-NS,111,1,4,0,9459,9464,C
8-NS,112,5,4,1,9453,9463,C
8-NS,113,2,15,9463,1,9481,G
8-NS,114,9333,3,2,0,9338,A
8-NS,115,0,8,9728,0,9736,G
8-NS,116,9725,3,6,0,9734,A
8-NS,117,1,9749,0,10,9760,T
8-NS,118,21,4,0,9755,9780,C
8-NS,119,9692,4,31,0,9727,A
8-NS,120,1,12,9747,1,9761,G
8-NS,121,9721,1,13,0,9735,A
8-NS,122,1,11,9793,0,9805,G
8-NS,123,0,4,9865,0,9869,G
8-NS,124,2,9810,0,12,9824,T
8-NS,125,25,6,0,10277,10308,C
8-NS,126,17,11,0,10310,10338,C
8-NS,127,10,1,0,10385,10396,C
8-NS,128,0,10400,0,5,10405,T
8-NS,129,10421,1,1,0,10423,A
8-NS,130,10379,1,8,3,10391,A
8-NS,131,2,23,10536,0,10561,G
8-NS,132,3,26,10522,0,10551,G
8-NS,133,1,10,10385,0,10396,G
8-NS,134,1,12,10122,0,10135,G
8-NS,135,10058,2,9,1,10070,A
8-NS,136,10049,0,18,3,10070,A
8-NS,137,2,5,10108,0,10115,G
8-NS,138,10336,1,17,1,10355,A
8-NS,139,2,7,10463,1,10473,G
8-NS,140,6,1,10391,0,10398,G
8-NS,141,2,3,0,10379,10384,C
8-NS,142,10306,3,11,1,10321,A
8-NS,143,10341,1,14,0,10356,A
8-NS,144,1,10385,0,0,10386,T
8-NS,145,10433,0,2,0,10435,A
8-NS,146,2,0,0,10589,10591,C
8-NS,147,1,10190,1,14,10206,T
8-NS,148,11,0,0,10187,10198,C
8-NS,149,2,10076,0,8,10086,T
8-NS,150,13,10,0,10098,10121,C
8-NS,151,7,19,10190,0,10216,G
8-NS,152,2,2,10732,0,10736,G
8-NS,153,1,10712,0,10,10723,T
8-NS,154,28,1,0,10744,10773,C
8-NS,155,1,10656,0,12,10669,T
8-NS,156,10728,0,9,0,10737,A
8-NS,157,1,16,10712,0,10729,G
8-NS,158,10703,0,11,1,10715,A
8-NS,159,1,0,1,11009,11011,C
8-NS,160,10723,0,15,0,10738,A
8-NS,161,0,10366,0,6,10372,T
8-NS,162,9,4,0,10340,10353,C
8-NS,163,10318,0,3,0,10321,A
8-NS,164,10314,1,4,2,10321,A
8-NS,165,10253,3,11,0,10267,A
8-NS,166,1,1,10293,0,10295,G
8-NS,167,0,1,0,10337,10338,C
8-NS,168,10026,1,17,0,10044,A
8-NS,169,3,0,10102,0,10105,G
8-NS,170,5,0,0,10099,10104,C
8-NS,171,7,2,0,10114,10123,C
8-NS,172,10167,3,7,0,10177,A
8-NS,173,3,2,0,10369,10374,C
8-NS,174,5,2,1,10360,10368,C
8-NS,175,15,4,1,10329,10349,C
8-NS,176,9813,561,6,0,10380,A
8-NS,177,0,10401,2,1,10404,T
8-NS,178,6,1,10431,0,10438,G
8-NS,179,1,10396,1,8,10406,T
8-NS,180,0,10368,1,7,10376,T
8-NS,181,3,10,9836,0,9849,G
8-NS,182,1,15,9751,0,9767,G
8-NS,183,9694,2,13,1,9710,A
8-NS,184,9728,2,1,0,9731,A
8-NS,185,9541,2,10,2,9555,A
8-NS,186,0,1,9634,0,9635,G
8-NS,187,2,2,0,9606,9610,C
8-NS,188,9617,0,4,0,9621,A
8-NS,189,9595,1,7,1,9604,A
8-NS,190,9568,1,7,0,9576,A
8-NS,191,1,9677,2,4,9684,T
8-NS,192,0,9671,0,5,9676,T
8-NS,193,1,0,9902,0,9903,G
8-NS,194,0,9884,1,6,9891,T
8-NS,195,9844,0,5,0,9849,A
8-NS,196,1,7,9844,0,9852,G
8-NS,197,9832,1,0,1,9834,A
8-NS,198,9835,1,7,0,9843,A
8-NS,199,9846,0,2,0,9848,A
8-NS,200,9772,1,15,1,9789,A
8-NS,201,0,11,9838,0,9849,G
8-NS,202,9654,0,4,0,9658,A
8-NS,203,1,9643,0,1,9645,T
8-NS,204,1,9661,1,2,9665,T
8-NS,205,15,1,0,9676,9692,C
8-NS,206,0,9682,0,6,9688,T
8-NS,207,1,5,9709,0,9715,G
8-NS,208,9705,0,0,0,9705,A
8-NS,209,9711,0,2,1,9714,A
8-NS,210,9600,0,57,0,9657,A
8-NS,211,1,5,9717,0,9723,G
8-NS,212,9687,4,6,0,9697,A
8-NS,213,9706,0,12,0,9718,A
8-NS,214,3,16,9774,0,9793,G
8-NS,215,9846,0,7,0,9853,A
8-NS,216,9878,0,8,0,9886,A
8-NS,217,0,9908,0,5,9913,T
8-NS,218,4,2,0,9981,9987,C
8-NS,219,1,9971,2,8,9982,T
8-NS,220,4,7,10023,0,10034,G
8-NS,221,10002,0,13,1,10016,A
8-NS,222,0,10011,0,6,10017,T
8-NS,223,0,11,9947,0,9958,G
8-NS,224,9824,1,14,0,9839,A
8-NS,225,1,9,9815,0,9825,G
8-NS,226,1,2,9817,0,9820,G
8-NS,227,5,1,0,9788,9794,C
8-NS,228,9818,1,7,0,9826,A
8-NS,229,1,2,0,10059,10062,C
8-NS,230,0,10050,2,3,10055,T
8-NS,231,1,10100,0,3,10104,T
8-NS,232,10164,0,1,0,10165,A
8-NS,233,10193,3,4,0,10200,A
8-NS,234,10181,1,7,0,10189,A
8-NS,235,10145,1,14,0,10160,A
8-NS,236,0,10159,0,6,10165,T
8-NS,237,1,37,10142,0,10180,G
8-NS,238,10137,0,6,0,10143,A
8-NS,239,2,2,0,10137,10141,C
8-NS,240,13,4,0,10089,10106,C
8-NS,241,10120,0,1,0,10121,A
8-NS,242,2,10083,0,9,10094,T
8-NS,243,2,21,10348,0,10371,G
8-NS,244,0,0,10480,1,10481,G
8-NS,245,1,10487,0,11,10499,T
8-NS,246,22,5,1,10991,11019,C
8-NS,247,0,10912,1,11,10924,T
8-NS,248,16,0,1,11030,11047,C
8-NS,249,6,3,0,11057,11066,C
8-NS,250,11059,1,13,0,11073,A
8-NS,251,2,4,0,11154,11160,C
8-NS,252,10903,0,10,1,10914,A
8-NS,253,1,5,1,11030,11037,C
8-NS,254,6,3,0,10944,10953,C
8-NS,255,2,10414,5,13,10434,T
8-NS,256,3,1,10499,0,10503,G
8-NS,257,1,0,0,10435,10436,C
8-NS,258,0,10357,1,11,10369,T
8-NS,259,2,10423,0,4,10429,T
8-NS,260,9,10,0,10373,10392,C
8-NS,261,3,2,10417,0,10422,G
8-NS,262,0,6,0,10413,10419,C
8-NS,263,2,9,10412,0,10423,G
8-NS,264,10994,0,4,0,10998,A
8-NS,265,0,10988,0,8,10996,T
8-NS,266,11398,2,1,0,11401,A
8-NS,267,1,1,0,11425,11427,C
8-NS,268,11371,1,9,0,11381,A
8-NS,269,0,11705,1,9,11715,T
8-NS,270,11638,0,7,0,11645,A
8-NS,271,11683,2,5,0,11690,A
8-NS,272,0,1,0,11697,11698,C
8-NS,273,1,11247,0,15,11263,T
8-NS,274,1,21,11374,1,11397,G
8-NS,275,11193,3,12,1,11209,A
8-NS,276,0,2,0,11258,11260,C
8-NS,277,11218,0,5,0,11223,A
8-NS,278,1,11094,1,8,11104,T
8-NS,279,1,23,11112,0,11136,G
8-NS,280,11064,1,29,0,11094,A
8-NS,281,2,1,0,11527,11530,C
8-NS,282,0,11478,0,5,11483,T
8-NS,283,11677,0,1,1,11679,A
8-NS,284,1,11649,1,7,11658,T
8-NS,285,2,11578,0,11,11591,T
8-NS,286,3,9,11593,0,11605,G
8-NS,287,11513,2,16,0,11531,A
8-NS,288,4,10,11525,0,11539,G
8-NS,289,1,13,11506,0,11520,G
8-NS,290,11136,0,3,0,11139,A
8-NS,291,11166,0,8,1,11175,A
8-NS,292,2,10976,1,2,10981,T
8-NS,293,2,10982,0,2,10986,T
8-NS,294,3,0,11185,1,11189,G
8-NS,295,4,11153,0,11,11168,T
8-NS,296,16,1,0,11153,11170,C
8-NS,297,11172,1,10,1,11184,A
8-NS,298,11165,0,6,1,11172,A
8-NS,299,0,4,11180,0,11184,G
8-NS,300,11253,0,5,0,11258,A
8-NS,301,11260,0,4,0,11264,A
8-NS,302,11242,2,10,1,11255,A
8-NS,303,2,2,0,11240,11244,C
8-NS,304,4,11027,2,6,11039,T
8-NS,305,1,14,11223,0,11238,G
8-NS,306,4,1,11374,1,11380,G
8-NS,307,2,11366,0,7,11375,T
8-NS,308,0,11332,0,15,11347,T
8-NS,309,23,0,1,11249,11273,C
8-NS,310,11319,2,7,0,11328,A
8-NS,311,1,11519,1,5,11526,T
8-NS,312,5,19,11591,0,11615,G
8-NS,313,1,2,0,11699,11702,C
8-NS,314,2,11535,0,11,11548,T
8-NS,315,11370,0,33,0,11403,A
8-NS,316,11556,0,4,0,11560,A
8-NS,317,1,11651,2,10,11664,T
8-NS,318,1,1,11668,0,11670,G
8-NS,319,3,2,0,11627,11632,C
8-NS,320,10,1,0,11458,11469,C
8-NS,321,10,1,0,11445,11456,C
8-NS,322,11406,0,3,0,11409,A
8-NS,323,11404,0,9,0,11413,A
8-NS,324,1,1,11473,0,11475,G
8-NS,325,4,3,0,11488,11495,C
8-NS,326,11394,1,7,1,11403,A
8-NS,327,2,6,11513,0,11521,G
8-NS,328,11470,1,4,1,11476,A
8-NS,329,11465,0,7,1,11473,A
8-NS,330,11470,0,1,0,11471,A
8-NS,331,11347,0,9,0,11356,A
8-NS,332,1,11487,1,4,11493,T
8-NS,333,1,10,11558,0,11569,G
8-NS,334,2,8,11578,1,11589,G
8-NS,335,11570,1,21,0,11592,A
8-NS,336,11424,1,26,3,11454,A
8-NS,337,4,17,11432,0,11453,G
8-NS,338,2,26,11468,0,11496,G
8-NS,339,11498,0,6,0,11504,A
8-NS,340,4,1,1,11554,11560,C
8-NS,341,12,3,0,11535,11550,C
8-NS,342,0,11485,0,14,11499,T
8-NS,343,12,2,0,11716,11730,C
8-NS,344,1,11687,0,16,11704,T
8-NS,345,1,11752,0,6,11759,T
8-NS,346,0,11762,0,3,11765,T
8-NS,347,2,2,11708,0,11712,G
8-NS,348,1,2,1,11827,11831,C
8-NS,349,11724,0,8,0,11732,A
8-NS,350,2,11720,1,19,11742,T
8-NS,351,12,2,0,11745,11759,C
8-NS,352,11880,1,7,1,11889,A
8-NS,353,2,13,12281,0,12296,G
8-NS,354,12230,0,13,0,12243,A
8-NS,355,12246,1,4,0,12251,A
8-NS,356,0,12202,0,2,12204,T
8-NS,357,2,16,12075,1,12094,G
8-NS,358,3,31,12170,0,12204,G
8-NS,359,12173,0,13,0,12186,A
8-NS,360,0,2,0,12149,12151,C
8-NS,361,10,1,0,11872,11883,C
8-NS,362,11618,1,42,0,11661,A
8-NS,363,4,8,11788,0,11800,G
8-NS,364,4,0,11750,0,11754,G
8-NS,365,3,4,1,11797,11805,C
8-NS,366,11717,1,9,0,11727,A
8-NS,367,11734,1,9,0,11744,A
8-NS,368,3,11706,0,1,11710,T
8-NS,369,13,0,0,11718,11731,C
8-NS,370,11734,1,6,1,11742,A
8-NS,371,1,11641,1,5,11648,T
8-NS,372,2,10,11528,1,11541,G
8-NS,373,2,17,11580,0,11599,G
8-NS,374,11541,2,8,1,11552,A
8-NS,375,1,17,11673,0,11691,G
8-NS,376,11562,0,11,0,11573,A
8-NS,377,11565,0,6,2,11573,A
8-NS,378,11595,1,7,0,11603,A
8-NS,379,11546,0,21,4,11571,A
8-NS,380,11629,0,14,11,11654,A
8-NS,381,1,4,0,11688,11693,C
8-NS,382,11593,2,3,1,11599,A
8-NS,383,1,11532,0,12,11545,T
8-NS,384,10,3,0,11442,11455,C
8-NS,385,11425,0,10,0,11435,A
8-NS,386,2,11468,0,4,11474,T
8-NS,387,2,1,11505,0,11508,G
8-NS,388,2,11480,1,18,11501,T
8-NS,389,0,11402,0,7,11409,T
8-NS,390,0,19,11372,5,11396,G
8-NS,391,11338,0,9,0,11347,A
8-NS,392,11370,3,2,0,11375,A
8-NS,393,11342,1,17,0,11360,A
8-NS,394,1,1,11417,0,11419,G
8-NS,395,1,2,0,11338,11341,C
8-NS,396,3,26,11320,1,11350,G
8-NS,397,11326,0,10,0,11336,A
8-NS,398,11345,7,5,0,11357,A
8-NS,399,1,11326,1,10,11338,T
8-NS,400,0,11265,0,51,11316,T
8-NS,401,2,11352,0,8,11362,T
8-NS,402,13,1,0,11365,11379,C
8-NS,403,11244,1,14,1,11260,A
8-NS,404,2,0,11311,0,11313,G
8-NS,405,1,11291,0,5,11297,T
8-NS,406,3,3,11305,0,11311,G
8-NS,407,1,11241,0,14,11256,T
8-NS,408,3,20,11299,0,11322,G
8-NS,409,11406,3,7,0,11416,A
8-NS,410,1,11383,0,4,11388,T
8-NS,411,1,11392,1,4,11398,T
8-NS,412,0,11368,1,3,11372,T
8-NS,413,1,11340,2,3,11346,T
8-NS,414,1,11358,0,7,11366,T
8-NS,415,1,38,11274,0,11313,G
8-NS,416,11304,3,17,0,11324,A
8-NS,417,3,2,0,11284,11289,C
8-NS,418,12,4,0,11146,11162,C
8-NS,419,5,26,11202,0,11233,G
8-NS,420,11821,3,19,2,11845,A
8-NS,421,1,1,0,12069,12071,C
8-NS,422,0,12082,0,5,12087,T
8-NS,423,12135,2,7,2,12146,A
8-NS,424,4,9,12143,0,12156,G
8-NS,425,12127,1,27,0,12155,A
8-NS,426,2,25,12221,1,12249,G
8-NS,427,12171,2,21,7,12201,A
8-NS,428,1,2,0,12613,12616,C
8-NS,429,22,5,0,12019,12046,C
8-NS,430,11709,2,14,0,11725,A
8-NS,431,0,12406,0,11,12417,T
8-NS,432,12361,0,5,0,12366,A
8-NS,433,3,1,13390,0,13394,G
8-NS,434,2,13309,0,8,13319,T
8-NS,435,13225,0,1,0,13226,A
8-NS,436,2,13192,1,17,13212,T
8-NS,437,0,12759,1,15,12775,T
8-NS,438,13179,3,1,0,13183,A
8-NS,439,1,2,0,13181,13184,C
8-NS,440,1,12565,1,8,12575,T
8-NS,441,12544,1,1,0,12546,A
8-NS,442,11291,0,11,3,11305,A
8-NS,443,1,17,11362,0,11380,G
8-NS,444,1,8,11369,0,11378,G
8-NS,445,3,2,11376,0,11381,G
8-NS,446,2,4,0,11224,11230,C
8-NS,447,1,11019,1,15,11036,T
8-NS,448,0,11004,2,8,11014,T
8-NS,449,1,11161,1,9,11172,T
8-NS,450,6,1,0,11225,11232,C
8-NS,451,11350,1,10,0,11361,A
8-NS,452,3,1,0,11406,11410,C
8-NS,453,5,7,1,11244,11257,C
8-NS,454,6,11,11266,0,11283,G
8-NS,455,11208,2,2,1,11213,A
8-NS,456,11228,6,16,3,11253,A
8-NS,457,2,5,11281,0,11288,G
8-NS,458,11151,0,14,2,11167,A
8-NS,459,0,16,11213,0,11229,G
8-NS,460,1,14,11071,0,11086,G
8-NS,461,8,26,11166,1,11201,G
8-NS,462,11132,2,29,0,11163,A
8-NS,463,5,1,11181,0,11187,G
8-NS,464,1,6,0,11152,11159,C
8-NS,465,11150,1,5,2,11158,A
8-NS,466,11156,0,7,0,11163,A
8-NS,467,1,11161,0,4,11166,T
8-NS,468,2,11090,2,3,11097,T
8-NS,469,2,1,11104,0,11107,G
8-NS,470,3,10954,0,3,10960,T
8-NS,471,0,10923,0,6,10929,T
8-NS,472,4,11,10949,0,10964,G
8-NS,473,6,0,10932,1,10939,G
8-NS,474,1,3,0,10951,10955,C
8-NS,475,6,9,10942,0,10957,G
8-NS,476,10976,1,3,1,10981,A
8-NS,477,11033,1,3,0,11037,A
8-NS,478,11073,0,1,0,11074,A
8-NS,479,0,11113,0,7,11120,T
8-NS,480,11,3,0,11082,11096,C
8-NS,481,2,11008,1,18,11029,T
8-NS,482,20,2,0,11066,11088,C
8-NS,483,11105,0,11,0,11116,A
8-NS,484,2,1,0,11127,11130,C
8-NS,485,11,1,0,11134,11146,C
8-NS,486,11016,1,2,0,11019,A
8-NS,487,0,10971,1,5,10977,T
8-NS,488,2,10837,0,6,10845,T
8-NS,489,3,2,10893,0,10898,G
8-NS,490,1,1,0,10855,10857,C
8-NS,491,14,0,0,10838,10852,C
8-NS,492,4,10874,0,26,10904,T
8-NS,493,1,10827,0,7,10835,T
8-NS,494,3,2,0,10923,10928,C
8-NS,495,0,10876,0,19,10895,T
8-NS,496,0,10914,0,7,10921,T
8-NS,497,0,11091,1,6,11098,T
8-NS,498,0,11035,0,4,11039,T
8-NS,499,10,5,0,11039,11054,C
8-NS,500,3,6,2,11041,11052,C
8-NS,501,11016,2,8,1,11027,A
8-NS,502,2,6,11191,1,11200,G
8-NS,503,1,11,11141,0,11153,G
8-NS,504,11358,0,12,0,11370,A
8-NS,505,1,3,0,11382,11386,C
8-NS,506,11526,3,9,0,11538,A
8-NS,507,0,11571,0,6,11577,T
8-NS,508,11583,1,8,0,11592,A
8-NS,509,0,5,0,12578,12583,C
8-NS,510,1,12528,1,7,12537,T
8-NS,511,12421,1,7,0,12429,A
8-NS,512,0,12372,2,14,12388,T
8-NS,513,0,11943,1,26,11970,T
8-NS,514,2,10,11957,1,11970,G
8-NS,515,11505,1,21,1,11528,A
8-NS,516,0,12,11523,0,11535,G
8-NS,517,1,4,11468,0,11473,G
8-NS,518,10189,1,2,1,10193,A
8-NS,519,1,10196,0,15,10212,T
8-NS,520,3,1,10173,0,10177,G
8-NS,521,1,10105,0,15,10121,T
8-NS,522,20,1,2,10127,10150,C
8-NS,523,10180,3,7,1,10191,A
8-NS,524,10193,1,1,0,10195,A
8-NS,525,10191,0,2,0,10193,A
8-NS,526,10150,1,2,0,10153,A
8-NS,527,10190,0,4,1,10195,A
8-NS,528,0,10179,0,2,10181,T
8-NS,529,3,1,10164,0,10168,G
8-NS,530,2,1,0,10261,10264,C
8-NS,531,10253,0,3,0,10256,A
8-NS,532,10370,0,5,0,10375,A
8-NS,533,0,10379,0,6,10385,T
8-NS,534,0,10401,2,5,10408,T
8-NS,535,1,24,10387,0,10412,G
8-NS,536,442,13,9872,1,10328,G
8-NS,537,9,11,10309,0,10329,G
8-NS,538,2,2,10397,1,10402,G
8-NS,539,3,10170,3,22,10198,T
8-NS,540,15,2,0,10313,10330,C
8-NS,541,5,1,0,10243,10249,C
8-NS,542,2,10163,1,27,10193,T
8-NS,543,6,1,0,10314,10321,C
8-NS,544,10265,2,5,0,10272,A
8-NS,545,0,10309,1,8,10318,T
8-NS,546,11,4,0,10329,10344,C
8-NS,547,5,5,10215,0,10225,G
8-NS,548,1,9,10217,0,10227,G
8-NS,549,10033,1,22,1,10057,A
8-NS,550,3,11,10061,0,10075,G
8-NS,551,1,22,10159,0,10182,G
8-NS,552,10010,2,9,1,10022,A
8-NS,553,1,0,0,10185,10186,C
8-NS,554,0,10127,1,9,10137,T
8-NS,555,1,10123,0,8,10132,T
8-NS,556,3,14,10203,0,10220,G
8-NS,557,10153,2,6,0,10161,A
8-NS,558,10179,1,7,1,10188,A
8-NS,559,2,10140,0,5,10147,T
8-NS,560,1,8,9958,0,9967,G
8-NS,561,1,12,10087,0,10100,G
8-NS,562,9945,1,3,1,9950,A
8-NS,563,10044,2,6,1,10053,A
8-NS,564,2,10510,1,5,10518,T
8-NS,565,2,9,10602,0,10613,G
8-NS,566,10634,1,9,1,10645,A
8-NS,567,1,10639,0,6,10646,T
8-NS,568,10620,0,8,0,10628,A
8-NS,569,10685,1,13,1,10700,A
8-NS,570,0,2,0,10544,10546,C
8-NS,571,10374,2,5,2,10383,A
8-NS,572,1,2,0,10465,10468,C
8-NS,573,9511,0,5,1,9517,A
8-NS,574,1,1,9687,0,9689,G
8-NS,575,0,9594,0,18,9612,T
8-NS,576,3,9567,0,5,9575,T
8-NS,577,21,2,2,9586,9611,C
8-NS,578,3,19,9547,1,9570,G
8-NS,579,9535,0,15,0,9550,A
8-NS,580,3,0,9574,0,9577,G
8-NS,581,0,9444,0,15,9459,T
8-NS,582,14,2,1,9478,9495,C
8-NS,583,1,9236,0,21,9258,T
8-NS,584,5,0,0,9341,9346,C
8-NS,585,0,9377,0,8,9385,T
8-NS,586,9389,0,0,0,9389,A
8-NS,587,9394,0,2,1,9397,A
8-NS,588,9370,0,5,0,9375,A
8-NS,589,9479,0,3,0,9482,A
8-NS,590,9500,0,6,0,9506,A
8-NS,591,0,9397,0,1,9398,T
8-NS,592,8,0,0,9504,9512,C
8-NS,593,0,9420,0,9,9429,T
8-NS,594,9458,2,5,0,9465,A
8-NS,595,2,1,1,9468,9472,C
8-NS,596,9452,0,6,0,9458,A
8-NS,597,0,7,9474,0,9481,G
8-NS,598,9249,1,9,2,9261,A
8-NS,599,5,15,9302,0,9322,G
8-NS,600,9292,1,7,0,9300,A
8-NS,601,0,9162,0,8,9170,T
8-NS,602,0,9161,1,7,9169,T
8-NS,603,22,2,1,9166,9191,C
8-NS,604,4,1,9203,0,9208,G
8-NS,605,2,2,0,9201,9205,C
8-NS,606,1,9154,1,6,9162,T
8-NS,607,0,9185,0,4,9189,T
8-NS,608,33,3,9078,0,9114,G
8-NS,609,0,13,9172,1,9186,G
8-NS,610,9164,0,16,0,9180,A
8-NS,611,2,5,9179,2,9188,G
8-NS,612,9120,0,8,0,9128,A
8-NS,613,9053,0,7,0,9060,A
8-NS,614,0,0,9225,0,9225,G
8-NS,615,3,0,1,9237,9241,C
8-NS,616,9251,3,11,0,9265,A
8-NS,617,2,0,9475,0,9477,G
8-NS,618,4,9356,0,1,9361,T
8-NS,619,9422,2,4,0,9428,A
8-NS,620,9423,0,6,1,9430,A
8-NS,621,2,9393,0,2,9397,T
8-NS,622,3,15,9436,2,9456,G
8-NS,623,9022,1,8,2,9033,A
8-NS,624,0,11,9229,0,9240,G
8-NS,625,9170,0,11,0,9181,A
8-NS,626,8833,0,6,0,8839,A
8-NS,627,1,8785,1,1,8788,T
8-NS,628,1,14,8677,0,8692,G
8-NS,629,1,7,8703,0,8711,G
8-NS,630,3,9,8672,0,8684,G
8-NS,631,3,8,8613,0,8624,G
8-NS,632,4,7,8603,0,8614,G
8-NS,633,8285,0,2,0,8287,A
8-NS,634,2,8039,0,18,8059,T
8-NS,635,9,1,0,8317,8327,C
8-NS,636,1,8305,3,15,8324,T
8-NS,637,7,0,0,8371,8378,C
8-NS,638,6,3,1,8385,8395,C
8-NS,639,8415,0,8,1,8424,A
8-NS,640,1,4,0,8402,8407,C
8-NS,641,0,8220,0,13,8233,T
8-NS,642,0,8206,0,1,8207,T
8-NS,643,8079,1,3,0,8083,A
8-NS,644,1,0,0,8159,8160,C
8-NS,645,4,8073,1,18,8096,T
8-NS,646,11,11,1,8053,8076,C
8-NS,647,8,2,0,8011,8021,C
8-NS,648,8034,0,0,0,8034,A
8-NS,649,8056,0,3,0,8059,A
8-NS,650,8054,3,3,0,8060,A
8-NS,651,8055,2,5,0,8062,A
8-NS,652,0,4,0,8061,8065,C
8-NS,653,7820,0,8,0,7828,A
8-NS,654,3,6,7850,0,7859,G
8-NS,655,7824,1,8,0,7833,A
8-NS,656,7834,0,7,1,7842,A
8-NS,657,7816,2,7,0,7825,A
8-NS,658,0,8,1,7815,7824,C
8-NS,659,19,6,7811,0,7836,G
8-NS,660,1,3,7845,0,7849,G
8-NS,661,0,9,7846,0,7855,G
8-NS,662,7847,0,6,0,7853,A
8-NS,663,7830,1,2,0,7833,A
8-NS,664,7819,0,11,1,7831,A
8-NS,665,1,7799,1,3,7804,T
8-NS,666,1,13,7900,0,7914,G
8-NS,667,3,0,7885,0,7888,G
8-NS,668,2,9,0,7790,7801,C
8-NS,669,1,5,7841,0,7847,G
8-NS,670,7821,0,5,1,7827,A
8-NS,671,3,11,7859,1,7874,G
8-NS,672,7858,1,7,0,7866,A
8-NS,673,7864,0,3,0,7867,A
8-NS,674,0,2,0,7907,7909,C
8-NS,675,7762,3,6,0,7771,A
8-NS,676,0,0,7751,1,7752,G
8-NS,677,3,1,0,7720,7724,C
8-NS,678,0,7740,0,1,7741,T
8-NS,679,7732,2,5,1,7740,A
8-NS,680,2,9,7704,0,7715,G
8-NS,681,2,0,7725,0,7727,G
8-NS,682,1,7670,1,5,7677,T
8-NS,683,18,2,0,7528,7548,C
8-NS,684,7561,0,2,0,7563,A
8-NS,685,7560,0,2,0,7562,A
8-NS,686,7552,1,3,0,7556,A
8-NS,687,7627,0,4,1,7632,A
8-NS,688,0,1,7655,0,7656,G
8-NS,689,1,7421,1,9,7432,T
8-NS,690,0,7408,0,0,7408,T
8-NS,691,0,7424,0,1,7425,T
8-NS,692,1,2,7446,0,7449,G
8-NS,693,7437,2,7,1,7447,A
8-NS,694,7439,0,14,0,7453,A
8-NS,695,0,6,7511,0,7517,G
8-NS,696,7277,0,8,2,7287,A
8-NS,697,2,6,7341,0,7349,G
8-NS,698,7327,2,11,0,7340,A
8-NS,699,0,7350,1,2,7353,T
8-NS,700,7370,1,3,0,7374,A
8-NS,701,7341,0,2,0,7343,A
8-NS,702,0,3,7328,1,7332,G
8-NS,703,6807,2,19,0,6828,A
8-NS,704,0,6817,1,5,6823,T
8-NS,705,3,2,6857,0,6862,G
8-NS,706,0,1,6854,0,6855,G
8-NS,707,2,1,0,6810,6813,C
8-NS,708,0,6810,0,5,6815,T
8-NS,709,6849,0,1,0,6850,A
8-NS,710,6836,0,2,0,6838,A
8-NS,711,0,6870,0,0,6870,T
8-NS,712,0,6861,0,1,6862,T
8-NS,713,1,6,6889,0,6896,G
8-NS,714,6752,0,22,0,6774,A
8-NS,715,6765,0,3,0,6768,A
8-NS,716,0,5,6760,1,6766,G
8-NS,717,6769,0,3,0,6772,A
8-NS,718,6700,1,4,0,6705,A
8-NS,719,1,0,6834,0,6835,G
8-NS,720,0,6696,0,10,6706,T
8-NS,721,1,8,6710,0,6719,G
8-NS,722,6637,1,14,0,6652,A
8-NS,723,0,8,6666,0,6674,G
8-NS,724,6665,0,11,0,6676,A
8-NS,725,0,2,0,6635,6637,C
8-NS,726,6552,2,9,0,6563,A
8-NS,727,2,0,0,6577,6579,C
8-NS,728,6091,0,9,0,6100,A
8-NS,729,0,6,6311,0,6317,G
8-NS,730,6310,0,4,0,6314,A
8-NS,731,0,6266,0,7,6273,T
8-NS,732,1,6249,0,2,6252,T
8-NS,733,6197,1,3,0,6201,A
8-NS,734,6249,0,0,0,6249,A
8-NS,735,6250,0,1,0,6251,A
8-NS,736,6227,0,6,0,6233,A
8-NS,737,6186,0,8,1,6195,A
8-NS,738,0,1,0,5907,5908,C
8-NS,739,5569,0,4,0,5573,A
8-NS,740,5623,0,4,0,5627,A
8-NS,741,0,2,0,5629,5631,C
8-NS,742,4,5592,0,3,5599,T
8-NS,743,0,5,5652,1,5658,G
8-NS,744,5626,1,6,0,5633,A
8-NS,745,5669,0,0,1,5670,A
8-NS,746,5655,0,7,0,5662,A
8-NS,747,5593,2,2,0,5597,A
8-NS,748,0,5574,0,1,5575,T
8-NS,749,5478,1,4,2,5485,A
8-NS,750,2,2,5542,0,5546,G
8-NS,751,3,0,0,5553,5556,C
8-NS,752,0,5432,3,2,5437,T
8-NS,753,0,5444,0,2,5446,T
8-NS,754,0,5379,1,3,5383,T
8-NS,755,0,28,5370,5,5403,G
8-NS,756,5395,0,5,0,5400,A
8-NS,757,5404,2,2,0,5408,A
8-NS,758,0,0,0,5431,5431,C
8-NS,759,5308,1,1,1,5311,A
8-NS,760,5342,1,2,0,5345,A
8-NS,761,5349,0,2,0,5351,A
8-NS,762,0,5338,0,6,5344,T
8-NS,763,5350,1,0,0,5351,A
8-NS,764,5298,0,3,0,5301,A
8-NS,765,0,0,0,5298,5298,C
8-NS,766,5286,0,3,0,5289,A
8-NS,767,1,5219,0,1,5221,T
8-NS,768,0,5091,0,10,5101,T
8-NS,769,12,0,1,5047,5060,C
8-NS,770,5022,1,3,1,5027,A
8-NS,771,2,5005,0,2,5009,T
8-NS,772,0,1,5011,0,5012,G
8-NS,773,1,2,0,4915,4918,C
8-NS,774,4847,1,3,0,4851,A
8-NS,775,4841,0,5,0,4846,A
8-NS,776,2,1,4848,0,4851,G
8-NS,777,1,0,0,4991,4992,C
8-NS,778,4910,0,0,0,4910,A
8-NS,779,0,4926,0,3,4929,T
8-NS,780,0,4913,0,8,4921,T
8-NS,781,4926,0,4,0,4930,A
8-NS,782,1,0,0,4924,4925,C
8-NS,783,4888,0,6,0,4894,A
8-NS,784,4848,1,3,0,4852,A
8-NS,785,1,1,0,4807,4809,C
8-NS,786,0,4137,0,5,4142,T
8-NS,787,2,1,4149,0,4152,G
8-NS,788,1,0,0,4073,4074,C
8-NS,789,0,3989,0,1,3990,T
8-NS,790,0,0,4023,0,4023,G
8-NS,791,0,3937,0,6,3943,T
8-NS,792,1,3934,2,1,3938,T
8-NS,793,2,3931,0,2,3935,T
8-NS,794,0,6,3888,0,3894,G
8-NS,795,3894,0,12,0,3906,A
8-NS,796,3836,0,4,0,3840,A
8-NS,797,0,0,3859,0,3859,G
8-NS,798,0,3819,0,1,3820,T
8-NS,799,1,3,3641,0,3645,G
8-NS,800,1,6,3686,0,3693,G
8-NS,801,3680,0,2,0,3682,A
8-NS,802,3676,1,3,0,3680,A
8-NS,803,0,1,0,3669,3670,C
8-NS,804,3553,0,12,0,3565,A
8-NS,805,0,3,3572,0,3575,G
8-NS,806,0,2,3531,0,3533,G
8-NS,807,3458,1,9,0,3468,A
8-NS,808,1,2,3500,0,3503,G
8-NS,809,3009,0,6,0,3015,A
8-NS,810,1,3010,0,0,3011,T
8-NS,811,3003,0,1,0,3004,A
8-NS,812,2987,0,2,0,2989,A
8-NS,813,1,8,2987,0,2996,G
8-NS,814,2686,1,0,0,2687,A
8-NS,815,2676,0,0,0,2676,A
8-NS,816,0,0,0,2651,2651,C
8-NS,817,0,2259,2,7,2268,T
8-NS,818,0,2219,0,4,2223,T
8-NS,819,0,2209,0,4,2213,T
8-NS,820,0,0,0,2223,2223,C
8-NS,821,0,2160,0,3,2163,T
8-NS,822,2,0,0,2127,2129,C
8-NS,823,2074,0,3,0,2077,A
8-NS,824,0,2052,0,3,2055,T
8-NS,825,0,2022,0,17,2039,T
8-NS,826,2,2009,2,2,2015,T
8-NS,827,0,0,0,2009,2009,C
8-NS,828,1947,2,2,0,1951,A
8-NS,829,0,1,1952,0,1953,G
8-NS,830,0,0,0,1944,1944,C
8-NS,831,0,1806,0,1,1807,T
8-NS,832,0,1797,0,2,1799,T
8-NS,833,1754,1,0,0,1755,A
8-NS,834,0,1749,0,2,1751,T
8-NS,835,0,1749,0,0,1749,T
8-NS,836,0,1746,0,0,1746,T
8-NS,837,1678,0,1,0,1679,A
8-NS,838,1647,0,0,0,1647,A
8-NS,839,0,1608,0,0,1608,T
8-NS,840,0,3,1591,0,1594,G
8-NS,841,1551,0,2,1,1554,A
8-NS,842,0,1412,0,0,1412,T
8-NS,843,1394,0,1,0,1395,A
8-NS,844,1401,0,0,0,1401,A
8-NS,845,1394,0,1,0,1395,A
8-NS,846,1389,0,1,1,1391,A
8-NS,847,1377,2,2,0,1381,A
8-NS,848,1365,0,9,0,1374,A
8-NS,849,0,1,0,1370,1371,C
8-NS,850,1207,0,0,0,1207,A
8-NS,851,1,0,0,1212,1213,C
8-NS,852,5,0,0,1168,1173,C
8-NS,853,5,0,0,1125,1130,C
8-NS,854,0,1074,0,0,1074,T
8-NS,855,0,1036,1,0,1037,T
8-NS,856,0,1,1038,0,1039,G
8-NS,857,0,988,0,0,988,T
8-NS,858,0,965,0,0,965,T
8-NS,859,0,945,0,0,945,T
8-NS,860,0,0,0,344,344,C
8-NS,861,0,263,0,0,263,T
8-NS,862,232,0,0,0,232,A
8-NS,863,0,0,0,232,232,C
