Gene,Position,A,T,G,C,Coverage,Consensus
1-PB2,1,414,0,0,0,414,A
1-PB2,2,0,415,0,0,415,T
1-PB2,3,0,0,428,0,428,G
1-PB2,4,0,0,429,0,429,G
1-PB2,5,427,0,0,0,427,A
1-PB2,6,429,0,0,0,429,A
1-PB2,7,429,0,0,0,429,A
1-PB2,8,0,0,495,0,495,G
1-PB2,9,486,0,0,0,486,A
1-PB2,10,498,0,0,0,498,A
1-PB2,11,0,513,0,0,513,T
1-PB2,12,510,0,0,0,510,A
1-PB2,13,515,0,0,0,515,A
1-PB2,14,514,0,0,0,514,A
1-PB2,15,516,0,1,0,517,A
1-PB2,16,0,2,545,0,547,G
1-PB2,17,543,0,0,0,543,A
1-PB2,18,549,0,0,0,549,A
1-PB2,19,0,0,0,563,563,C
1-PB2,20,0,564,0,0,564,T
1-PB2,21,568,1,0,0,569,A
1-PB2,22,0,0,0,569,569,C
1-PB2,23,0,0,567,0,567,G
1-PB2,24,0,1,576,0,577,G
1-PB2,25,581,0,0,0,581,A
1-PB2,26,601,0,0,0,601,A
1-PB2,27,0,606,0,0,606,T
1-PB2,28,1,0,0,610,611,C
1-PB2,29,0,610,0,0,610,T
1-PB2,30,0,2,609,0,611,G
1-PB2,31,614,0,0,1,615,A
1-PB2,32,0,616,0,0,616,T
1-PB2,33,0,0,617,0,617,G
1-PB2,34,0,627,0,0,627,T
1-PB2,35,0,0,0,624,624,C
1-PB2,36,0,0,618,0,618,G
1-PB2,37,0,0,0,623,623,C
1-PB2,38,618,0,0,0,618,A
1-PB2,39,0,0,650,0,650,G
1-PB2,40,0,655,0,0,655,T
1-PB2,41,0,0,0,658,658,C
1-PB2,42,0,653,0,0,653,T
1-PB2,43,1,1,0,654,656,C
1-PB2,44,0,0,654,0,654,G
1-PB2,45,0,0,0,655,655,C
1-PB2,46,656,0,0,0,656,A
1-PB2,47,0,0,0,669,669,C
1-PB2,48,0,661,0,0,661,T
1-PB2,49,0,0,0,684,684,C
1-PB2,50,0,0,688,0,688,G
1-PB2,51,0,0,0,686,686,C
1-PB2,52,0,1,682,0,683,G
1-PB2,53,689,0,1,0,690,A
1-PB2,54,0,1,690,0,691,G
1-PB2,55,707,0,0,0,707,A
1-PB2,56,0,709,0,0,709,T
1-PB2,57,714,0,0,0,714,A
1-PB2,58,0,0,0,717,717,C
1-PB2,59,0,714,0,0,714,T
1-PB2,60,1,0,725,0,726,G
1-PB2,61,729,0,1,0,730,A
1-PB2,62,0,0,0,738,738,C
1-PB2,63,741,0,0,0,741,A
1-PB2,64,741,0,0,0,741,A
1-PB2,65,744,0,0,0,744,A
1-PB2,66,761,1,0,0,762,A
1-PB2,67,759,0,0,1,760,A
1-PB2,68,0,0,0,771,771,C
1-PB2,69,2,0,0,767,769,C
1-PB2,70,793,0,0,0,793,A
1-PB2,71,0,0,0,805,805,C
1-PB2,72,798,0,0,0,798,A
1-PB2,73,0,0,822,0,822,G
1-PB2,74,0,814,0,0,814,T
1-PB2,75,0,0,847,0,847,G
1-PB2,76,0,2,847,0,849,G
1-PB2,77,846,0,0,0,846,A
1-PB2,78,0,0,0,879,879,C
1-PB2,79,1,0,0,878,879,C
1-PB2,80,890,0,1,0,891,A
1-PB2,81,0,896,0,0,896,T
1-PB2,82,894,0,0,0,894,A
1-PB2,83,0,893,0,0,893,T
1-PB2,84,0,1,895,0,896,G
1-PB2,85,1,0,904,0,905,G
1-PB2,86,0,0,0,907,907,C
1-PB2,87,0,0,0,901,901,C
1-PB2,88,899,0,0,0,899,A
1-PB2,89,0,942,0,0,942,T
1-PB2,90,942,0,0,0,942,A
1-PB2,91,975,0,0,0,975,A
1-PB2,92,0,981,0,0,981,T
1-PB2,93,0,976,0,0,976,T
1-PB2,94,991,0,0,0,991,A
1-PB2,95,989,0,0,0,989,A
1-PB2,96,0,0,1019,0,1019,G
1-PB2,97,1010,0,0,0,1010,A
1-PB2,98,996,0,1,0,997,A
1-PB2,99,0,0,1028,0,1028,G
1-PB2,100,0,1015,0,1,1016,T
1-PB2,101,1018,0,0,0,1018,A
1-PB2,102,0,0,0,1026,1026,C
1-PB2,103,1024,0,1,0,1025,A
1-PB2,104,0,0,0,1045,1045,C
1-PB2,105,1030,0,0,0,1030,A
1-PB2,106,0,1030,0,0,1030,T
1-PB2,107,0,1,0,1042,1043,C
1-PB2,108,3,3,1017,0,1023,G
1-PB2,109,0,0,1010,0,1010,G
1-PB2,110,0,0,1017,0,1017,G
1-PB2,111,0,3,1023,0,1026,G
1-PB2,112,1021,0,0,0,1021,A
1-PB2,113,0,1,1020,0,1021,G
1-PB2,114,1024,0,1,0,1025,A
1-PB2,115,0,0,0,1035,1035,C
1-PB2,116,1034,0,0,0,1034,A
1-PB2,117,0,1,1041,0,1042,G
1-PB2,118,0,2,1059,0,1061,G
1-PB2,119,1062,0,0,0,1062,A
1-PB2,120,1056,0,0,0,1056,A
1-PB2,121,1067,0,0,1,1068,A
1-PB2,122,1063,0,0,0,1063,A
1-PB2,123,0,1,1059,0,1060,G
1-PB2,124,1060,0,1,0,1061,A
1-PB2,125,1062,0,2,0,1064,A
1-PB2,126,1,1,1,1055,1058,C
1-PB2,127,1,0,0,1058,1059,C
1-PB2,128,1,0,0,1065,1066,C
1-PB2,129,1,0,1065,0,1066,G
1-PB2,130,0,1063,0,0,1063,T
1-PB2,131,2,0,0,1069,1071,C
1-PB2,132,1073,0,0,0,1073,A
1-PB2,133,0,0,0,1081,1081,C
1-PB2,134,0,1073,0,0,1073,T
1-PB2,135,0,1082,0,0,1082,T
1-PB2,136,1080,0,0,0,1080,A
1-PB2,137,0,0,1091,0,1091,G
1-PB2,138,2,1,1084,0,1087,G
1-PB2,139,1085,0,1,0,1086,A
1-PB2,140,0,1089,0,0,1089,T
1-PB2,141,0,0,1094,0,1094,G
1-PB2,142,1111,1,0,0,1112,A
1-PB2,143,1112,0,0,0,1112,A
1-PB2,144,1119,0,0,0,1119,A
1-PB2,145,0,1114,0,0,1114,T
1-PB2,146,0,0,1116,0,1116,G
1-PB2,147,0,1,1125,0,1126,G
1-PB2,148,1125,0,1,0,1126,A
1-PB2,149,0,1127,0,0,1127,T
1-PB2,150,0,0,1110,0,1110,G
1-PB2,151,1094,0,1,0,1095,A
1-PB2,152,0,1101,0,0,1101,T
1-PB2,153,1,1,1100,0,1102,G
1-PB2,154,0,0,1113,0,1113,G
1-PB2,155,0,0,0,1110,1110,C
1-PB2,156,1107,0,1,0,1108,A
1-PB2,157,1123,0,0,0,1123,A
1-PB2,158,0,1128,0,0,1128,T
1-PB2,159,0,2,1173,0,1175,G
1-PB2,160,1170,1,0,0,1171,A
1-PB2,161,1172,0,0,0,1172,A
1-PB2,162,1172,0,1,0,1173,A
1-PB2,163,0,1176,0,0,1176,T
1-PB2,164,1186,0,2,0,1188,A
1-PB2,165,1,0,0,1209,1210,C
1-PB2,166,0,0,0,1201,1201,C
1-PB2,167,0,0,0,1202,1202,C
1-PB2,168,1206,0,0,0,1206,A
1-PB2,169,1198,0,1,0,1199,A
1-PB2,170,0,1202,0,0,1202,T
1-PB2,171,0,0,0,1203,1203,C
1-PB2,172,1200,0,0,0,1200,A
1-PB2,173,0,0,0,1228,1228,C
1-PB2,174,0,1216,0,0,1216,T
1-PB2,175,0,1,1220,0,1221,G
1-PB2,176,0,1,0,1216,1217,C
1-PB2,177,0,1223,0,0,1223,T
1-PB2,178,0,0,1233,1,1234,G
1-PB2,179,1223,0,0,0,1223,A
1-PB2,180,0,0,0,1244,1244,C
1-PB2,181,1245,0,0,0,1245,A
1-PB2,182,1225,0,0,0,1225,A
1-PB2,183,1237,0,0,0,1237,A
1-PB2,184,1231,1,2,0,1234,A
1-PB2,185,0,0,1252,0,1252,G
1-PB2,186,1,0,1262,0,1263,G
1-PB2,187,1260,0,0,0,1260,A
1-PB2,188,0,1259,0,0,1259,T
1-PB2,189,1260,0,0,0,1260,A
1-PB2,190,1270,0,1,0,1271,A
1-PB2,191,0,0,0,1284,1284,C
1-PB2,192,1281,0,0,0,1281,A
1-PB2,193,0,0,1287,0,1287,G
1-PB2,194,1271,0,3,0,1274,A
1-PB2,195,1270,0,0,0,1270,A
1-PB2,196,1274,0,0,0,1274,A
1-PB2,197,0,1271,0,0,1271,T
1-PB2,198,2,0,1269,0,1271,G
1-PB2,199,0,1,1284,0,1285,G
1-PB2,200,0,1279,0,1,1280,T
1-PB2,201,0,1277,0,0,1277,T
1-PB2,202,2,0,0,1279,1281,C
1-PB2,203,0,0,0,1280,1280,C
1-PB2,204,0,0,1294,0,1294,G
1-PB2,205,0,0,1290,0,1290,G
1-PB2,206,1287,0,1,0,1288,A
1-PB2,207,2,1,1293,0,1296,G
1-PB2,208,1275,0,0,0,1275,A
1-PB2,209,0,1,1310,0,1311,G
1-PB2,210,1303,0,0,0,1303,A
1-PB2,211,1306,0,1,0,1307,A
1-PB2,212,1312,0,1,0,1313,A
1-PB2,213,0,1304,0,0,1304,T
1-PB2,214,1,1,1308,0,1310,G
1-PB2,215,1314,0,0,0,1314,A
1-PB2,216,1311,1,1,0,1313,A
1-PB2,217,0,1,0,1316,1317,C
1-PB2,218,1313,0,1,0,1314,A
1-PB2,219,1312,0,0,0,1312,A
1-PB2,220,0,1,1348,0,1349,G
1-PB2,221,0,1,1365,0,1366,G
1-PB2,222,1362,0,1,1,1364,A
1-PB2,223,0,0,0,1368,1368,C
1-PB2,224,1361,0,0,0,1361,A
1-PB2,225,1360,1,1,0,1362,A
1-PB2,226,1344,0,2,0,1346,A
1-PB2,227,0,0,0,1352,1352,C
1-PB2,228,2,0,0,1310,1312,C
1-PB2,229,1,0,0,1442,1443,C
1-PB2,230,0,1449,0,0,1449,T
1-PB2,231,1446,0,0,0,1446,A
1-PB2,232,0,1451,0,0,1451,T
1-PB2,233,0,4,1452,0,1456,G
1-PB2,234,0,0,1486,0,1486,G
1-PB2,235,1440,0,2,0,1442,A
1-PB2,236,0,0,1458,0,1458,G
1-PB2,237,0,1449,0,2,1451,T
1-PB2,238,1452,0,0,0,1452,A
1-PB2,239,1454,0,0,0,1454,A
1-PB2,240,1455,0,0,0,1455,A
1-PB2,241,1444,0,0,0,1444,A
1-PB2,242,0,1444,0,0,1444,T
1-PB2,243,0,0,1435,0,1435,G
1-PB2,244,1421,0,0,0,1421,A
1-PB2,245,0,0,1424,0,1424,G
1-PB2,246,0,1397,0,1,1398,T
1-PB2,247,0,1,1407,1,1409,G
1-PB2,248,1423,1,1,0,1425,A
1-PB2,249,0,1442,0,0,1442,T
1-PB2,250,1,0,1444,0,1445,G
1-PB2,251,1,3,0,1434,1438,C
1-PB2,252,0,1441,0,0,1441,T
1-PB2,253,0,1,1481,0,1482,G
1-PB2,254,2,1,1480,0,1483,G
1-PB2,255,1500,0,0,0,1500,A
1-PB2,256,0,1497,0,0,1497,T
1-PB2,257,0,0,0,1505,1505,C
1-PB2,258,1512,0,0,0,1512,A
1-PB2,259,3,2,1547,0,1552,G
1-PB2,260,1546,0,0,0,1546,A
1-PB2,261,0,1551,0,0,1551,T
1-PB2,262,1512,0,0,0,1512,A
1-PB2,263,3,0,1549,0,1552,G
1-PB2,264,1534,1,0,0,1535,A
1-PB2,265,0,0,1558,0,1558,G
1-PB2,266,0,1521,0,1,1522,T
1-PB2,267,0,0,1530,0,1530,G
1-PB2,268,1497,0,0,0,1497,A
1-PB2,269,0,1499,0,1,1500,T
1-PB2,270,0,0,1522,0,1522,G
1-PB2,271,1,0,1552,0,1553,G
1-PB2,272,0,1527,0,0,1527,T
1-PB2,273,1528,0,1,0,1529,A
1-PB2,274,0,1496,0,0,1496,T
1-PB2,275,2,0,0,1500,1502,C
1-PB2,276,1502,0,0,0,1502,A
1-PB2,277,1,0,0,1552,1553,C
1-PB2,278,3,1,0,1551,1555,C
1-PB2,279,0,1529,0,0,1529,T
1-PB2,280,0,1517,0,2,1519,T
1-PB2,281,0,1524,0,0,1524,T
1-PB2,282,0,0,1536,0,1536,G
1-PB2,283,1,1,1523,0,1525,G
1-PB2,284,0,0,1,1535,1536,C
1-PB2,285,0,1517,0,2,1519,T
1-PB2,286,1,0,1531,0,1532,G
1-PB2,287,0,1536,0,0,1536,T
1-PB2,288,1541,0,1,1,1543,A
1-PB2,289,1547,0,0,0,1547,A
1-PB2,290,1,0,0,1551,1552,C
1-PB2,291,1525,0,1,1,1527,A
1-PB2,292,0,1530,0,0,1530,T
1-PB2,293,0,1,1518,0,1519,G
1-PB2,294,0,0,1538,0,1538,G
1-PB2,295,0,1532,0,1,1533,T
1-PB2,296,0,2,1540,0,1542,G
1-PB2,297,1,0,1545,0,1546,G
1-PB2,298,1555,0,0,0,1555,A
1-PB2,299,1560,0,0,1,1561,A
1-PB2,300,0,1556,1,3,1560,T
1-PB2,301,1564,0,0,0,1564,A
1-PB2,302,0,2,1575,0,1577,G
1-PB2,303,1555,0,0,0,1555,A
1-PB2,304,1567,0,0,0,1567,A
1-PB2,305,1565,0,1,0,1566,A
1-PB2,306,0,1530,0,0,1530,T
1-PB2,307,1,2,1521,0,1524,G
1-PB2,308,0,0,1520,0,1520,G
1-PB2,309,1530,1,0,1,1532,A
1-PB2,310,0,0,0,1543,1543,C
1-PB2,311,2,0,0,1517,1519,C
1-PB2,312,0,1,0,1508,1509,C
1-PB2,313,0,0,1528,0,1528,G
1-PB2,314,0,1539,0,2,1541,T
1-PB2,315,3,3,1570,0,1576,G
1-PB2,316,1576,0,1,1,1578,A
1-PB2,317,1,0,0,1583,1584,C
1-PB2,318,1587,0,0,1,1588,A
1-PB2,319,1579,0,0,1,1580,A
1-PB2,320,1,2,1628,0,1631,G
1-PB2,321,0,1621,0,1,1622,T
1-PB2,322,1633,0,0,1,1634,A
1-PB2,323,1,2,0,1622,1625,C
1-PB2,324,1,2,1590,0,1593,G
1-PB2,325,1,1,1631,0,1633,G
1-PB2,326,0,1618,0,1,1619,T
1-PB2,327,0,0,0,1644,1644,C
1-PB2,328,0,0,0,1650,1650,C
1-PB2,329,1625,0,0,0,1625,A
1-PB2,330,0,1630,0,1,1631,T
1-PB2,331,0,1631,0,0,1631,T
1-PB2,332,1711,0,1,1,1713,A
1-PB2,333,1,1,0,1713,1715,C
1-PB2,334,1,2,0,1688,1691,C
1-PB2,335,2,1,0,1679,1682,C
1-PB2,336,1672,0,0,1,1673,A
1-PB2,337,1680,0,0,1,1681,A
1-PB2,338,1684,0,0,1,1685,A
1-PB2,339,1676,0,1,1,1678,A
1-PB2,340,0,0,1711,0,1711,G
1-PB2,341,0,1638,0,0,1638,T
1-PB2,342,0,1,1702,0,1703,G
1-PB2,343,0,1698,0,0,1698,T
1-PB2,344,1693,0,4,1,1698,A
1-PB2,345,2,0,0,1700,1702,C
1-PB2,346,1693,0,0,1,1694,A
1-PB2,347,1695,0,0,1,1696,A
1-PB2,348,1,0,1714,0,1715,G
1-PB2,349,1686,0,2,1,1689,A
1-PB2,350,1,1,0,1705,1707,C
1-PB2,351,1,1683,0,0,1684,T
1-PB2,352,0,1702,0,1,1703,T
1-PB2,353,1692,0,0,1,1693,A
1-PB2,354,0,1702,0,0,1702,T
1-PB2,355,0,1699,0,0,1699,T
1-PB2,356,0,1689,0,0,1689,T
1-PB2,357,2,0,0,1677,1679,C
1-PB2,358,2,2,1673,0,1677,G
1-PB2,359,1669,0,1,0,1670,A
1-PB2,360,0,0,0,1674,1674,C
1-PB2,361,1674,0,0,0,1674,A
1-PB2,362,1659,0,0,0,1659,A
1-PB2,363,1667,0,0,0,1667,A
1-PB2,364,0,1,1680,0,1681,G
1-PB2,365,0,1665,0,0,1665,T
1-PB2,366,2,0,0,1677,1679,C
1-PB2,367,2,0,1687,1,1690,G
1-PB2,368,1671,0,1,0,1672,A
1-PB2,369,1671,0,2,0,1673,A
1-PB2,370,1680,0,1,0,1681,A
1-PB2,371,0,1,1708,0,1709,G
1-PB2,372,0,1,1714,0,1715,G
1-PB2,373,0,1704,0,1,1705,T
1-PB2,374,0,1713,0,0,1713,T
1-PB2,375,1703,0,3,0,1706,A
1-PB2,376,1708,0,0,0,1708,A
1-PB2,377,1703,0,0,0,1703,A
1-PB2,378,1714,0,1,0,1715,A
1-PB2,379,0,0,0,1728,1728,C
1-PB2,380,1690,0,0,0,1690,A
1-PB2,381,0,1677,0,0,1677,T
1-PB2,382,0,1,1677,0,1678,G
1-PB2,383,0,3,1680,0,1683,G
1-PB2,384,1669,0,2,1,1672,A
1-PB2,385,1685,0,1,0,1686,A
1-PB2,386,0,0,0,1718,1718,C
1-PB2,387,1,0,0,1739,1740,C
1-PB2,388,0,1721,0,2,1723,T
1-PB2,389,0,1715,0,0,1715,T
1-PB2,390,0,1722,0,0,1722,T
1-PB2,391,2,1,1717,0,1720,G
1-PB2,392,1,1,1706,0,1708,G
1-PB2,393,0,1,0,1715,1716,C
1-PB2,394,1,1,0,1715,1717,C
1-PB2,395,2,1,0,1705,1708,C
1-PB2,396,0,1665,1,1,1667,T
1-PB2,397,3,0,1680,0,1683,G
1-PB2,398,0,1679,0,0,1679,T
1-PB2,399,0,1675,0,0,1675,T
1-PB2,400,2,0,0,1677,1679,C
1-PB2,401,1671,0,0,0,1671,A
1-PB2,402,0,1672,0,1,1673,T
1-PB2,403,0,1675,0,0,1675,T
1-PB2,404,0,1676,0,0,1676,T
1-PB2,405,0,1682,0,0,1682,T
1-PB2,406,1674,0,1,0,1675,A
1-PB2,407,0,2,1666,0,1668,G
1-PB2,408,1663,0,0,1,1664,A
1-PB2,409,1671,0,0,0,1671,A
1-PB2,410,1676,0,0,0,1676,A
1-PB2,411,0,1661,0,0,1661,T
1-PB2,412,2,0,0,1667,1669,C
1-PB2,413,1668,0,0,0,1668,A
1-PB2,414,1672,0,1,0,1673,A
1-PB2,415,0,0,1690,0,1690,G
1-PB2,416,0,1680,0,1,1681,T
1-PB2,417,4,0,0,1679,1683,C
1-PB2,418,1693,0,0,0,1693,A
1-PB2,419,1689,0,3,0,1692,A
1-PB2,420,0,1,1695,0,1696,G
1-PB2,421,1701,0,0,0,1701,A
1-PB2,422,0,1698,0,0,1698,T
1-PB2,423,1714,1,1,0,1716,A
1-PB2,424,2,0,0,1716,1718,C
1-PB2,425,2,0,1716,0,1718,G
1-PB2,426,0,0,0,1721,1721,C
1-PB2,427,1720,0,1,0,1721,A
1-PB2,428,0,1,1728,1,1730,G
1-PB2,429,1721,0,0,0,1721,A
1-PB2,430,1733,0,2,0,1735,A
1-PB2,431,0,0,1773,0,1773,G
1-PB2,432,1729,0,2,0,1731,A
1-PB2,433,0,0,1744,0,1744,G
1-PB2,434,0,1733,0,1,1734,T
1-PB2,435,1725,0,0,0,1725,A
1-PB2,436,0,1,1748,0,1749,G
1-PB2,437,1749,0,2,1,1752,A
1-PB2,438,1,2,0,1815,1818,C
1-PB2,439,1794,0,0,0,1794,A
1-PB2,440,0,1774,0,0,1774,T
1-PB2,441,1770,0,0,0,1770,A
1-PB2,442,1764,0,0,0,1764,A
1-PB2,443,1771,0,0,3,1774,A
1-PB2,444,0,0,0,1785,1785,C
1-PB2,445,2,0,0,1753,1755,C
1-PB2,446,2,2,0,1745,1749,C
1-PB2,447,0,1681,0,3,1684,T
1-PB2,448,0,1,1689,0,1690,G
1-PB2,449,0,0,1728,0,1728,G
1-PB2,450,0,1720,0,0,1720,T
1-PB2,451,0,0,0,1724,1724,C
1-PB2,452,1759,0,1,0,1760,A
1-PB2,453,0,1751,0,1,1752,T
1-PB2,454,11,0,1752,0,1763,G
1-PB2,455,0,0,0,1765,1765,C
1-PB2,456,1757,0,2,0,1759,A
1-PB2,457,0,2,1773,0,1775,G
1-PB2,458,1728,0,1,0,1729,A
1-PB2,459,0,1,0,1757,1758,C
1-PB2,460,1,0,0,1751,1752,C
1-PB2,461,1,1712,0,0,1713,T
1-PB2,462,3,0,0,1710,1713,C
1-PB2,463,1699,0,1,0,1700,A
1-PB2,464,1,0,1730,0,1731,G
1-PB2,465,0,1724,0,0,1724,T
1-PB2,466,0,0,1727,0,1727,G
1-PB2,467,0,0,0,1723,1723,C
1-PB2,468,3,0,0,1706,1709,C
1-PB2,469,1708,0,0,0,1708,A
1-PB2,470,1712,0,0,0,1712,A
1-PB2,471,1700,0,0,0,1700,A
1-PB2,472,2,0,1703,0,1705,G
1-PB2,473,1669,1,1,0,1671,A
1-PB2,474,1,2,1667,0,1670,G
1-PB2,475,1,0,1673,0,1674,G
1-PB2,476,0,1,0,1667,1668,C
1-PB2,477,1672,0,2,0,1674,A
1-PB2,478,0,0,0,1678,1678,C
1-PB2,479,1683,1,0,0,1684,A
1-PB2,480,1706,0,0,0,1706,A
1-PB2,481,3,1,1716,0,1720,G
1-PB2,482,1732,0,0,0,1732,A
1-PB2,483,0,1721,0,0,1721,T
1-PB2,484,1,0,1727,0,1728,G
1-PB2,485,1,1707,0,0,1708,T
1-PB2,486,1727,0,0,0,1727,A
1-PB2,487,1718,0,1,1,1720,A
1-PB2,488,0,1706,0,0,1706,T
1-PB2,489,0,0,0,1626,1626,C
1-PB2,490,1640,0,0,0,1640,A
1-PB2,491,0,1647,0,0,1647,T
1-PB2,492,0,1,1641,0,1642,G
1-PB2,493,0,0,1647,0,1647,G
1-PB2,494,1642,1,0,0,1643,A
1-PB2,495,1625,1,2,0,1628,A
1-PB2,496,0,0,1637,0,1637,G
1-PB2,497,0,1627,0,0,1627,T
1-PB2,498,0,1639,0,0,1639,T
1-PB2,499,0,0,1641,0,1641,G
1-PB2,500,0,1628,1,0,1629,T
1-PB2,501,0,1628,0,1,1629,T
1-PB2,502,0,1628,0,0,1628,T
1-PB2,503,0,1623,0,0,1623,T
1-PB2,504,0,1625,0,0,1625,T
1-PB2,505,0,0,0,1632,1632,C
1-PB2,506,0,0,0,1629,1629,C
1-PB2,507,1,0,0,1641,1642,C
1-PB2,508,1633,0,0,0,1633,A
1-PB2,509,1634,0,0,0,1634,A
1-PB2,510,0,1647,0,0,1647,T
1-PB2,511,0,0,1654,0,1654,G
1-PB2,512,1650,0,0,0,1650,A
1-PB2,513,1642,0,3,0,1645,A
1-PB2,514,4,0,1657,0,1661,G
1-PB2,515,1,1644,0,0,1645,T
1-PB2,516,0,3,1632,0,1635,G
1-PB2,517,0,1,1630,0,1631,G
1-PB2,518,0,0,1625,0,1625,G
1-PB2,519,1648,0,2,0,1650,A
1-PB2,520,3,0,1641,0,1644,G
1-PB2,521,0,1,0,1617,1618,C
1-PB2,522,1,0,0,1646,1647,C
1-PB2,523,1638,0,2,0,1640,A
1-PB2,524,1,0,1678,0,1679,G
1-PB2,525,0,3,1686,0,1689,G
1-PB2,526,1684,0,0,0,1684,A
1-PB2,527,0,1665,0,0,1665,T
1-PB2,528,1673,0,0,0,1673,A
1-PB2,529,0,0,0,1669,1669,C
1-PB2,530,0,1663,0,1,1664,T
1-PB2,531,1656,0,1,0,1657,A
1-PB2,532,1655,0,3,0,1658,A
1-PB2,533,0,1,0,1656,1657,C
1-PB2,534,1619,0,0,0,1619,A
1-PB2,535,0,1605,1,0,1606,T
1-PB2,536,1,0,0,1608,1609,C
1-PB2,537,1596,1,0,0,1597,A
1-PB2,538,0,1,1613,0,1614,G
1-PB2,539,1613,0,0,0,1613,A
1-PB2,540,1606,0,1,0,1607,A
1-PB2,541,0,1607,0,0,1607,T
1-PB2,542,2,1,0,1584,1587,C
1-PB2,543,1591,1,0,0,1592,A
1-PB2,544,1,0,0,1616,1617,C
1-PB2,545,1617,1,0,0,1618,A
1-PB2,546,1616,0,0,0,1616,A
1-PB2,547,1,1600,0,0,1601,T
1-PB2,548,0,1609,1,0,1610,T
1-PB2,549,1618,0,0,0,1618,A
1-PB2,550,1622,0,1,0,1623,A
1-PB2,551,1,1,0,1627,1629,C
1-PB2,552,1616,0,0,0,1616,A
1-PB2,553,1597,0,0,0,1597,A
1-PB2,554,0,1623,0,0,1623,T
1-PB2,555,1617,0,0,0,1617,A
1-PB2,556,1623,0,0,0,1623,A
1-PB2,557,0,1,0,1621,1622,C
1-PB2,558,0,1620,1,0,1621,T
1-PB2,559,1616,0,0,0,1616,A
1-PB2,560,1598,0,1,0,1599,A
1-PB2,561,1602,0,0,0,1602,A
1-PB2,562,0,1,1602,0,1603,G
1-PB2,563,1573,0,0,0,1573,A
1-PB2,564,0,3,1573,0,1576,G
1-PB2,565,1574,0,0,0,1574,A
1-PB2,566,1572,0,0,0,1572,A
1-PB2,567,1573,0,0,0,1573,A
1-PB2,568,1574,1,0,0,1575,A
1-PB2,569,1578,0,0,0,1578,A
1-PB2,570,1575,1,1,0,1577,A
1-PB2,571,0,1,1572,0,1573,G
1-PB2,572,1570,1,1,0,1572,A
1-PB2,573,1564,0,1,0,1565,A
1-PB2,574,0,1,1563,0,1564,G
1-PB2,575,1559,0,1,0,1560,A
1-PB2,576,1552,0,0,0,1552,A
1-PB2,577,2,0,0,1567,1569,C
1-PB2,578,0,1528,0,0,1528,T
1-PB2,579,0,1,0,1558,1559,C
1-PB2,580,1,0,0,1562,1563,C
1-PB2,581,1,0,1572,0,1573,G
1-PB2,582,1569,0,0,0,1569,A
1-PB2,583,0,0,1567,0,1567,G
1-PB2,584,1560,0,0,0,1560,A
1-PB2,585,0,1545,0,0,1545,T
1-PB2,586,0,1548,0,0,1548,T
1-PB2,587,0,0,1545,0,1545,G
1-PB2,588,0,0,0,1544,1544,C
1-PB2,589,1553,0,1,0,1554,A
1-PB2,590,1554,0,0,0,1554,A
1-PB2,591,1547,0,0,0,1547,A
1-PB2,592,1567,0,0,0,1567,A
1-PB2,593,0,1559,1,0,1560,T
1-PB2,594,0,1545,1,0,1546,T
1-PB2,595,0,1546,0,2,1548,T
1-PB2,596,0,0,1,1556,1557,C
1-PB2,597,0,1536,0,2,1538,T
1-PB2,598,0,0,0,1718,1718,C
1-PB2,599,2,0,1,1730,1733,C
1-PB2,600,1,0,0,1974,1975,C
1-PB2,601,1,1955,0,0,1956,T
1-PB2,602,0,2021,0,1,2022,T
1-PB2,603,0,2,2033,0,2035,G
1-PB2,604,2037,0,0,0,2037,A
1-PB2,605,0,2099,0,0,2099,T
1-PB2,606,3,1,2151,0,2155,G
1-PB2,607,0,0,2531,0,2531,G
1-PB2,608,1,2568,0,2,2571,T
1-PB2,609,0,2590,0,1,2591,T
1-PB2,610,3,2,2842,0,2847,G
1-PB2,611,3,2,0,2857,2862,C
1-PB2,612,2956,0,0,0,2956,A
1-PB2,613,0,2947,0,3,2950,T
1-PB2,614,2993,0,3,6,3002,A
1-PB2,615,1,1,0,3153,3155,C
1-PB2,616,3572,0,0,23,3595,A
1-PB2,617,0,3714,1,2,3717,T
1-PB2,618,5,1,3948,0,3954,G
1-PB2,619,0,3920,0,1,3921,T
1-PB2,620,0,3937,0,0,3937,T
1-PB2,621,3938,0,0,0,3938,A
1-PB2,622,10,3,3931,0,3944,G
1-PB2,623,4012,0,1,0,4013,A
1-PB2,624,0,2,4043,0,4045,G
1-PB2,625,3939,1,1,0,3941,A
1-PB2,626,0,1,3966,0,3967,G
1-PB2,627,3927,1,2,6,3936,A
1-PB2,628,4,7,3950,0,3961,G
1-PB2,629,3976,0,3,0,3979,A
1-PB2,630,3993,0,0,0,3993,A
1-PB2,631,0,0,0,4032,4032,C
1-PB2,632,0,4018,0,1,4019,T
1-PB2,633,0,4011,0,0,4011,T
1-PB2,634,3,0,4019,0,4022,G
1-PB2,635,0,4013,0,1,4014,T
1-PB2,636,4023,0,2,0,4025,A
1-PB2,637,0,3,0,4005,4008,C
1-PB2,638,8,7,3985,1,4001,G
1-PB2,639,4002,0,0,0,4002,A
1-PB2,640,4014,0,0,0,4014,A
1-PB2,641,4064,0,2,0,4066,A
1-PB2,642,4069,0,1,0,4070,A
1-PB2,643,4078,0,2,1,4081,A
1-PB2,644,0,0,0,4092,4092,C
1-PB2,645,4086,0,2,0,4088,A
1-PB2,646,4092,0,1,0,4093,A
1-PB2,647,1,2,4124,0,4127,G
1-PB2,648,4125,0,0,0,4125,A
1-PB2,649,0,4131,1,2,4134,T
1-PB2,650,0,4124,1,2,4127,T
1-PB2,651,1,4146,0,0,4147,T
1-PB2,652,1,5,0,4154,4160,C
1-PB2,653,0,4139,1,6,4146,T
1-PB2,654,7,0,0,4159,4166,C
1-PB2,655,3,0,0,4159,4162,C
1-PB2,656,3,0,0,4175,4178,C
1-PB2,657,4184,0,0,0,4184,A
1-PB2,658,1,0,4205,0,4206,G
1-PB2,659,0,4197,0,0,4197,T
1-PB2,660,0,4203,0,1,4204,T
1-PB2,661,8,1,4192,0,4201,G
1-PB2,662,0,1,0,4188,4189,C
1-PB2,663,1,4189,0,5,4195,T
1-PB2,664,4,2,4202,0,4208,G
1-PB2,665,1,0,4185,0,4186,G
1-PB2,666,1,0,0,4190,4191,C
1-PB2,667,0,2,4214,0,4216,G
1-PB2,668,2,3,4258,0,4263,G
1-PB2,669,4296,1,1,3,4301,A
1-PB2,670,4286,0,3,0,4289,A
1-PB2,671,0,2,0,4295,4297,C
1-PB2,672,4339,1,1,0,4341,A
1-PB2,673,4344,0,2,0,4346,A
1-PB2,674,1,2,4539,0,4542,G
1-PB2,675,0,1,0,4630,4631,C
1-PB2,676,4661,0,0,0,4661,A
1-PB2,677,0,1,5939,0,5940,G
1-PB2,678,0,5911,0,1,5912,T
1-PB2,679,5958,0,5,0,5963,A
1-PB2,680,1,5972,0,1,5974,T
1-PB2,681,6010,1,1,0,6012,A
1-PB2,682,2,5999,0,1,6002,T
1-PB2,683,5970,0,2,1,5973,A
1-PB2,684,0,1,0,6035,6036,C
1-PB2,685,5820,1,2,0,5823,A
1-PB2,686,0,5581,0,1,5582,T
1-PB2,687,1,5431,0,5,5437,T
1-PB2,688,0,6,5424,0,5430,G
1-PB2,689,5423,0,1,0,5424,A
1-PB2,690,5423,0,3,2,5428,A
1-PB2,691,6,0,5510,0,5516,G
1-PB2,692,0,5487,1,2,5490,T
1-PB2,693,0,5465,0,1,5466,T
1-PB2,694,0,5472,1,4,5477,T
1-PB2,695,0,5480,0,0,5480,T
1-PB2,696,5528,0,3,0,5531,A
1-PB2,697,2,0,0,5556,5558,C
1-PB2,698,5567,0,1,0,5568,A
1-PB2,699,0,5552,0,0,5552,T
1-PB2,700,0,5514,0,2,5516,T
1-PB2,701,1,5534,0,0,5535,T
1-PB2,702,0,6,5576,0,5582,G
1-PB2,703,5594,1,8,0,5603,A
1-PB2,704,0,0,0,5576,5576,C
1-PB2,705,0,5544,0,2,5546,T
1-PB2,706,5,0,0,5553,5558,C
1-PB2,707,5537,0,6,0,5543,A
1-PB2,708,4,5,5514,0,5523,G
1-PB2,709,0,3,5645,0,5648,G
1-PB2,710,1,7,5665,1,5674,G
1-PB2,711,5652,1,2,0,5655,A
1-PB2,712,5655,0,9,4,5668,A
1-PB2,713,2,3,4,5690,5699,C
1-PB2,714,3,2,5748,1,5754,G
1-PB2,715,0,5723,1,1,5725,T
1-PB2,716,1,0,5780,0,5781,G
1-PB2,717,0,5725,1,3,5729,T
1-PB2,718,1,5740,0,0,5741,T
1-PB2,719,8,4,5727,0,5739,G
1-PB2,720,9,5,5711,0,5725,G
1-PB2,721,8,8,5761,0,5777,G
1-PB2,722,5718,0,8,0,5726,A
1-PB2,723,5740,0,4,0,5744,A
1-PB2,724,0,1,0,5894,5895,C
1-PB2,725,5890,0,2,0,5892,A
1-PB2,726,6059,0,0,0,6059,A
1-PB2,727,6087,0,0,0,6087,A
1-PB2,728,0,6137,0,2,6139,T
1-PB2,729,3,11,6198,0,6212,G
1-PB2,730,2,6148,0,3,6153,T
1-PB2,731,6171,1,5,1,6178,A
1-PB2,732,0,2,0,6189,6191,C
1-PB2,733,6091,0,4,0,6095,A
1-PB2,734,1,1,0,6105,6107,C
1-PB2,735,0,5958,0,2,5960,T
1-PB2,736,8,1,0,6501,6510,C
1-PB2,737,2,1,0,6505,6508,C
1-PB2,738,6599,0,5,0,6604,A
1-PB2,739,0,4,6683,0,6687,G
1-PB2,740,1,1,6820,0,6822,G
1-PB2,741,0,6731,0,2,6733,T
1-PB2,742,1,6,6823,0,6830,G
1-PB2,743,9,1,6659,0,6669,G
1-PB2,744,6541,0,14,1,6556,A
1-PB2,745,1,3,6648,0,6652,G
1-PB2,746,3,7,6652,0,6662,G
1-PB2,747,6523,1,6,0,6530,A
1-PB2,748,1,0,6652,0,6653,G
1-PB2,749,1,6466,0,20,6487,T
1-PB2,750,6,5,6563,0,6574,G
1-PB2,751,6565,0,9,0,6574,A
1-PB2,752,11,3,6595,0,6609,G
1-PB2,753,6,4,6633,0,6643,G
1-PB2,754,6602,1,2,0,6605,A
1-PB2,755,6603,0,5,0,6608,A
1-PB2,756,1,6622,0,1,6624,T
1-PB2,757,1,5,6595,0,6601,G
1-PB2,758,6583,1,6,0,6590,A
1-PB2,759,2,5,0,6580,6587,C
1-PB2,760,7,4,6570,0,6581,G
1-PB2,761,6595,0,1,0,6596,A
1-PB2,762,1,6581,0,16,6598,T
1-PB2,763,10,1,6633,0,6644,G
1-PB2,764,0,6623,1,2,6626,T
1-PB2,765,2,6608,0,1,6611,T
1-PB2,766,4,9,6630,0,6643,G
1-PB2,767,6641,0,10,1,6652,A
1-PB2,768,0,1,0,6650,6651,C
1-PB2,769,5,0,0,6631,6636,C
1-PB2,770,6600,0,0,0,6600,A
1-PB2,771,6607,0,2,0,6609,A
1-PB2,772,6603,0,2,0,6605,A
1-PB2,773,17,1,6750,0,6768,G
1-PB2,774,2,2,0,6782,6786,C
1-PB2,775,1,0,0,6787,6788,C
1-PB2,776,0,6813,0,8,6821,T
1-PB2,777,6827,0,1,0,6828,A
1-PB2,778,6822,0,1,0,6823,A
1-PB2,779,0,6832,0,0,6832,T
1-PB2,780,0,6835,0,1,6836,T
1-PB2,781,6761,0,0,0,6761,A
1-PB2,782,0,6618,0,1,6619,T
1-PB2,783,1,6600,0,2,6603,T
1-PB2,784,0,0,6595,0,6595,G
1-PB2,785,0,2,0,6563,6565,C
1-PB2,786,6,3,6547,0,6556,G
1-PB2,787,3,2,6685,0,6690,G
1-PB2,788,2,1,0,6658,6661,C
1-PB2,789,5,3,0,6706,6714,C
1-PB2,790,6721,0,6,0,6727,A
1-PB2,791,1,3,6785,0,6789,G
1-PB2,792,0,8,6859,0,6867,G
1-PB2,793,6833,0,4,0,6837,A
1-PB2,794,6897,1,6,0,6904,A
1-PB2,795,1,2,0,6940,6943,C
1-PB2,796,6914,1,1,0,6916,A
1-PB2,797,0,6973,0,0,6973,T
1-PB2,798,7091,1,2,1,7095,A
1-PB2,799,1,1,7188,1,7191,G
1-PB2,800,0,7100,0,2,7102,T
1-PB2,801,7071,0,2,0,7073,A
1-PB2,802,7044,1,3,0,7048,A
1-PB2,803,3,4,7081,0,7088,G
1-PB2,804,7043,1,0,0,7044,A
1-PB2,805,6964,0,5,0,6969,A
1-PB2,806,3,7,6961,0,6971,G
1-PB2,807,6789,0,8,0,6797,A
1-PB2,808,2,2,6810,0,6814,G
1-PB2,809,0,5,0,6802,6807,C
1-PB2,810,8,5,0,6813,6826,C
1-PB2,811,0,1,6815,0,6816,G
1-PB2,812,0,0,0,6863,6863,C
1-PB2,813,6889,0,5,0,6894,A
1-PB2,814,6,1,7368,0,7375,G
1-PB2,815,0,7325,0,2,7327,T
1-PB2,816,7371,1,2,0,7374,A
1-PB2,817,0,7352,0,0,7352,T
1-PB2,818,3,1,0,7405,7409,C
1-PB2,819,7404,1,7,0,7412,A
1-PB2,820,1,1,7397,0,7399,G
1-PB2,821,2,0,0,7408,7410,C
1-PB2,822,7217,0,2,0,7219,A
1-PB2,823,2,4,7129,0,7135,G
1-PB2,824,7225,0,6,0,7231,A
1-PB2,825,2,7203,1,1,7207,T
1-PB2,826,9,1,0,7237,7247,C
1-PB2,827,4,0,0,7246,7250,C
1-PB2,828,7254,0,2,0,7256,A
1-PB2,829,10,1,0,7275,7286,C
1-PB2,830,0,7275,0,2,7277,T
1-PB2,831,7276,0,0,0,7276,A
1-PB2,832,0,1,7270,0,7271,G
1-PB2,833,3,1,12,7148,7164,C
1-PB2,834,1,1,7097,0,7099,G
1-PB2,835,2,7107,0,3,7112,T
1-PB2,836,2,1,0,7221,7224,C
1-PB2,837,0,7223,1,2,7226,T
1-PB2,838,0,7354,0,14,7368,T
1-PB2,839,0,7398,0,1,7399,T
1-PB2,840,7413,0,13,1,7427,A
1-PB2,841,0,7421,0,2,7423,T
1-PB2,842,0,7420,0,0,7420,T
1-PB2,843,2,17,7375,0,7394,G
1-PB2,844,0,4,7370,0,7374,G
1-PB2,845,7314,0,6,0,7320,A
1-PB2,846,7,4,7327,0,7338,G
1-PB2,847,7316,0,2,0,7318,A
1-PB2,848,0,7226,0,1,7227,T
1-PB2,849,1,1,7382,0,7384,G
1-PB2,850,0,7352,0,8,7360,T
1-PB2,851,1,1,7383,0,7385,G
1-PB2,852,0,1,0,7378,7379,C
1-PB2,853,4,1,0,7367,7372,C
1-PB2,854,7364,0,7,0,7371,A
1-PB2,855,1,0,0,7378,7379,C
1-PB2,856,7296,1,5,2,7304,A
1-PB2,857,0,1,7378,0,7379,G
1-PB2,858,4,0,0,7244,7248,C
1-PB2,859,7260,0,6,0,7266,A
1-PB2,860,2,3,0,7245,7250,C
1-PB2,861,7222,1,5,0,7228,A
1-PB2,862,1,2,0,7289,7292,C
1-PB2,863,7281,0,0,0,7281,A
1-PB2,864,7293,0,3,0,7296,A
1-PB2,865,7284,0,0,0,7284,A
1-PB2,866,0,7115,0,0,7115,T
1-PB2,867,0,7121,0,2,7123,T
1-PB2,868,0,5,7096,0,7101,G
1-PB2,869,1,3,7053,0,7057,G
1-PB2,870,1,3,0,7083,7087,C
1-PB2,871,5,4,7067,0,7076,G
1-PB2,872,3,6,7041,0,7050,G
1-PB2,873,7033,0,3,0,7036,A
1-PB2,874,7206,0,0,0,7206,A
1-PB2,875,0,0,0,7218,7218,C
1-PB2,876,7213,0,2,0,7215,A
1-PB2,877,7203,0,7,0,7210,A
1-PB2,878,1,6,7250,1,7258,G
1-PB2,879,2,4,7256,0,7262,G
1-PB2,880,7248,0,3,0,7251,A
1-PB2,881,0,7037,0,1,7038,T
1-PB2,882,1,4,7029,0,7034,G
1-PB2,883,2,1,7061,0,7064,G
1-PB2,884,2,6952,0,2,6956,T
1-PB2,885,1,4,7017,0,7022,G
1-PB2,886,2,5,7000,0,7007,G
1-PB2,887,6926,0,3,0,6929,A
1-PB2,888,3,1,0,6955,6959,C
1-PB2,889,6909,0,0,0,6909,A
1-PB2,890,0,7752,0,1,7753,T
1-PB2,891,0,7712,0,4,7716,T
1-PB2,892,4,2,0,7731,7737,C
1-PB2,893,0,7663,1,3,7667,T
1-PB2,894,0,7682,0,0,7682,T
1-PB2,895,7674,0,1,0,7675,A
1-PB2,896,15,8,7674,0,7697,G
1-PB2,897,7672,1,7,1,7681,A
1-PB2,898,2,3,0,7689,7694,C
1-PB2,899,6675,0,1,1,6677,A
1-PB2,900,1,4,6764,0,6769,G
1-PB2,901,6706,0,4,0,6710,A
1-PB2,902,6711,2,2,0,6715,A
1-PB2,903,2,14,0,6692,6708,C
1-PB2,904,3,2,0,6700,6705,C
1-PB2,905,7,2,0,6686,6695,C
1-PB2,906,13,3,6687,0,6703,G
1-PB2,907,6675,3,2,0,6680,A
1-PB2,908,2,0,0,6746,6748,C
1-PB2,909,0,6676,0,14,6690,T
1-PB2,910,2,1,6729,0,6732,G
1-PB2,911,6670,1,7,0,6678,A
1-PB2,912,6704,0,22,1,6727,A
1-PB2,913,1,2,6759,0,6762,G
1-PB2,914,6743,1,3,0,6747,A
1-PB2,915,6759,0,1,1,6761,A
1-PB2,916,0,0,0,6750,6750,C
1-PB2,917,6712,0,6,0,6718,A
1-PB2,918,6747,0,4,1,6752,A
1-PB2,919,6,0,6795,0,6801,G
1-PB2,920,1,0,0,6841,6842,C
1-PB2,921,0,6800,0,5,6805,T
1-PB2,922,9,0,6928,1,6938,G
1-PB2,923,0,6880,0,4,6884,T
1-PB2,924,19,3,7024,1,7047,G
1-PB2,925,0,3,7274,0,7277,G
1-PB2,926,7232,0,5,1,7238,A
1-PB2,927,1,7231,0,0,7232,T
1-PB2,928,7197,0,0,0,7197,A
1-PB2,929,1,7118,0,3,7122,T
1-PB2,930,7306,1,7,0,7314,A
1-PB2,931,0,7191,0,4,7195,T
1-PB2,932,10,1,7170,0,7181,G
1-PB2,933,0,0,0,7118,7118,C
1-PB2,934,6897,0,2,0,6899,A
1-PB2,935,6876,0,7,0,6883,A
1-PB2,936,16,5,6842,1,6864,G
1-PB2,937,7,1,6874,0,6882,G
1-PB2,938,3,2,0,6858,6863,C
1-PB2,939,1,6765,0,11,6777,T
1-PB2,940,3,0,6807,0,6810,G
1-PB2,941,2,1,0,6822,6825,C
1-PB2,942,6842,0,0,0,6842,A
1-PB2,943,6855,0,1,0,6856,A
1-PB2,944,1,6812,0,1,6814,T
1-PB2,945,1,6,6822,0,6829,G
1-PB2,946,7,6,6758,0,6771,G
1-PB2,947,3,2,6802,0,6807,G
1-PB2,948,6764,0,14,0,6778,A
1-PB2,949,0,6768,0,2,6770,T
1-PB2,950,0,6755,0,1,6756,T
1-PB2,951,10,3,6754,0,6767,G
1-PB2,952,6726,1,5,0,6732,A
1-PB2,953,2,2,6806,0,6810,G
1-PB2,954,6767,2,7,0,6776,A
1-PB2,955,6736,1,0,0,6737,A
1-PB2,956,1,6637,0,2,6640,T
1-PB2,957,1,1,1,6686,6689,C
1-PB2,958,6677,0,8,2,6687,A
1-PB2,959,2,2,6701,0,6705,G
1-PB2,960,0,0,0,6677,6677,C
1-PB2,961,2,6623,0,10,6635,T
1-PB2,962,7,0,0,6644,6651,C
1-PB2,963,6625,1,2,1,6629,A
1-PB2,964,1,6738,0,5,6744,T
1-PB2,965,5,1,0,6767,6773,C
1-PB2,966,5,1,0,6814,6820,C
1-PB2,967,0,6772,1,12,6785,T
1-PB2,968,0,6745,0,4,6749,T
1-PB2,969,2,0,0,6762,6764,C
1-PB2,970,6777,0,4,0,6781,A
1-PB2,971,5,1,6839,0,6845,G
1-PB2,972,2,1,0,6820,6823,C
1-PB2,973,0,6719,1,8,6728,T
1-PB2,974,1,6747,1,10,6759,T
1-PB2,975,0,6717,0,4,6721,T
1-PB2,976,1,9,6726,0,6736,G
1-PB2,977,1,3,6714,0,6718,G
1-PB2,978,2,6652,0,6,6660,T
1-PB2,979,4,9,6734,1,6748,G
1-PB2,980,10,3,6725,0,6738,G
1-PB2,981,3,1,6777,0,6781,G
1-PB2,982,0,6695,1,3,6699,T
1-PB2,983,0,6734,0,10,6744,T
1-PB2,984,0,6777,0,1,6778,T
1-PB2,985,6772,1,1,1,6775,A
1-PB2,986,1,0,1,6787,6789,C
1-PB2,987,6808,0,9,0,6817,A
1-PB2,988,0,6782,0,0,6782,T
1-PB2,989,0,6684,0,4,6688,T
1-PB2,990,0,6708,0,2,6710,T
1-PB2,991,6709,2,1,0,6712,A
1-PB2,992,6708,0,3,1,6712,A
1-PB2,993,6713,0,4,1,6718,A
1-PB2,994,6672,0,5,0,6677,A
1-PB2,995,3,7,6702,0,6712,G
1-PB2,996,6681,0,3,0,6684,A
1-PB2,997,6649,2,6,1,6658,A
1-PB2,998,3,2,0,6695,6700,C
1-PB2,999,6673,0,3,0,6676,A
1-PB2,1000,6677,0,6,0,6683,A
1-PB2,1001,11,3,6662,1,6677,G
1-PB2,1002,3,4,0,6685,6692,C
1-PB2,1003,13,9,6654,1,6677,G
1-PB2,1004,19,1,6669,0,6689,G
1-PB2,1005,6,1,6711,0,6718,G
1-PB2,1006,1,6674,0,8,6683,T
1-PB2,1007,12,0,0,6667,6679,C
1-PB2,1008,6697,3,5,0,6705,A
1-PB2,1009,0,6616,0,7,6623,T
1-PB2,1010,5,2,0,6692,6699,C
1-PB2,1011,6654,0,6,1,6661,A
1-PB2,1012,0,3,6725,0,6728,G
1-PB2,1013,2,6589,1,1,6593,T
1-PB2,1014,4,0,0,6647,6651,C
1-PB2,1015,6660,1,4,0,6665,A
1-PB2,1016,6665,1,1,2,6669,A
1-PB2,1017,6663,0,0,0,6663,A
1-PB2,1018,6684,0,1,0,6685,A
1-PB2,1019,6702,0,1,0,6703,A
1-PB2,1020,6687,1,8,1,6697,A
1-PB2,1021,0,2,6735,0,6737,G
1-PB2,1022,6688,0,5,0,6693,A
1-PB2,1023,6701,0,1,0,6702,A
1-PB2,1024,4,2,6688,0,6694,G
1-PB2,1025,6661,0,1,0,6662,A
1-PB2,1026,6519,0,10,0,6529,A
1-PB2,1027,8,2,6528,0,6538,G
1-PB2,1028,6503,0,7,0,6510,A
1-PB2,1029,22,9,6479,0,6510,G
1-PB2,1030,3,1,6617,0,6621,G
1-PB2,1031,4,6573,0,1,6578,T
1-PB2,1032,1,0,6724,0,6725,G
1-PB2,1033,1,1,0,6754,6756,C
1-PB2,1034,1,6743,0,9,6753,T
1-PB2,1035,0,6786,0,4,6790,T
1-PB2,1036,6792,1,2,0,6795,A
1-PB2,1037,4,3,0,6785,6792,C
1-PB2,1038,6757,0,5,0,6762,A
1-PB2,1039,1,5,6749,0,6755,G
1-PB2,1040,5,1,6726,0,6732,G
1-PB2,1041,2,1,1,6627,6631,C
1-PB2,1042,6574,0,1,1,6576,A
1-PB2,1043,6585,0,2,1,6588,A
1-PB2,1044,0,6686,0,5,6691,T
1-PB2,1045,11,1,0,6753,6765,C
1-PB2,1046,0,6731,0,10,6741,T
1-PB2,1047,3,0,0,6763,6766,C
1-PB2,1048,3,1,0,6746,6750,C
1-PB2,1049,6778,1,3,1,6783,A
1-PB2,1050,6779,0,1,1,6781,A
1-PB2,1051,6768,0,4,2,6774,A
1-PB2,1052,0,2,0,6825,6827,C
1-PB2,1053,6679,0,1,1,6681,A
1-PB2,1054,2,6569,1,1,6573,T
1-PB2,1055,0,6486,0,1,6487,T
1-PB2,1056,0,7,6493,0,6500,G
1-PB2,1057,6479,1,4,1,6485,A
1-PB2,1058,0,5,6404,0,6409,G
1-PB2,1059,6645,0,2,1,6648,A
1-PB2,1060,6662,0,2,0,6664,A
1-PB2,1061,0,6688,0,2,6690,T
1-PB2,1062,6719,0,2,0,6721,A
1-PB2,1063,6721,1,11,1,6734,A
1-PB2,1064,0,10,6890,0,6900,G
1-PB2,1065,6800,0,10,0,6810,A
1-PB2,1066,3,0,6987,0,6990,G
1-PB2,1067,1,6756,0,1,6758,T
1-PB2,1068,6817,0,6,0,6823,A
1-PB2,1069,2,3,1,6932,6938,C
1-PB2,1070,6882,0,5,2,6889,A
1-PB2,1071,1,6868,0,2,6871,T
1-PB2,1072,16,3,6857,0,6876,G
1-PB2,1073,6643,1,8,2,6654,A
1-PB2,1074,3,5,6745,0,6753,G
1-PB2,1075,1,5,6669,0,6675,G
1-PB2,1076,6,1,6957,0,6964,G
1-PB2,1077,2,0,6987,0,6989,G
1-PB2,1078,0,6779,1,4,6784,T
1-PB2,1079,6876,0,6,0,6882,A
1-PB2,1080,2,6840,0,2,6844,T
1-PB2,1081,4,7,6887,0,6898,G
1-PB2,1082,6875,0,8,0,6883,A
1-PB2,1083,2,2,6837,1,6842,G
1-PB2,1084,0,4,6800,0,6804,G
1-PB2,1085,6366,0,1,0,6367,A
1-PB2,1086,2,2,6542,0,6546,G
1-PB2,1087,1,6535,2,9,6547,T
1-PB2,1088,1,6738,0,4,6743,T
1-PB2,1089,10,1,1,6757,6769,C
1-PB2,1090,6748,6,7,1,6762,A
1-PB2,1091,0,1,0,6798,6799,C
1-PB2,1092,6768,0,0,1,6769,A
1-PB2,1093,6768,0,1,1,6770,A
1-PB2,1094,0,6773,0,1,6774,T
1-PB2,1095,1,4,6638,0,6643,G
1-PB2,1096,2,4,6680,1,6687,G
1-PB2,1097,0,6478,1,1,6480,T
1-PB2,1098,1,3,6563,1,6568,G
1-PB2,1099,2,7,6519,0,6528,G
1-PB2,1100,2,4,6536,0,6542,G
1-PB2,1101,7,5,6607,0,6619,G
1-PB2,1102,6577,2,1,0,6580,A
1-PB2,1103,6590,0,6,0,6596,A
1-PB2,1104,6561,0,4,1,6566,A
1-PB2,1105,6411,0,32,0,6443,A
1-PB2,1106,5,6,6530,0,6541,G
1-PB2,1107,6464,1,9,0,6474,A
1-PB2,1108,2,0,6501,0,6503,G
1-PB2,1109,3,0,0,6474,6477,C
1-PB2,1110,6464,1,3,0,6468,A
1-PB2,1111,6474,3,5,1,6483,A
1-PB2,1112,1,0,0,6656,6657,C
1-PB2,1113,6659,0,4,1,6664,A
1-PB2,1114,13,2,6746,0,6761,G
1-PB2,1115,3,4,0,6693,6700,C
1-PB2,1116,0,6692,0,3,6695,T
1-PB2,1117,6888,0,1,0,6889,A
1-PB2,1118,0,6905,0,0,6905,T
1-PB2,1119,6911,2,2,0,6915,A
1-PB2,1120,2,4,0,6912,6918,C
1-PB2,1121,0,6608,1,3,6612,T
1-PB2,1122,6635,0,5,0,6640,A
1-PB2,1123,6533,0,0,0,6533,A
1-PB2,1124,1,4,6547,0,6552,G
1-PB2,1125,6527,0,7,0,6534,A
1-PB2,1126,6376,2,1,0,6379,A
1-PB2,1127,6374,0,1,0,6375,A
1-PB2,1128,6325,0,8,0,6333,A
1-PB2,1129,0,2,6342,0,6344,G
1-PB2,1130,1,0,0,6321,6322,C
1-PB2,1131,6331,0,3,0,6334,A
1-PB2,1132,6318,2,5,0,6325,A
1-PB2,1133,1,0,1,6350,6352,C
1-PB2,1134,1,2,0,6392,6395,C
1-PB2,1135,6381,0,1,0,6382,A
1-PB2,1136,0,5,6398,0,6403,G
1-PB2,1137,6375,0,3,0,6378,A
1-PB2,1138,6386,0,6,0,6392,A
1-PB2,1139,1,1,6433,0,6435,G
1-PB2,1140,6416,0,3,0,6419,A
1-PB2,1141,0,6365,0,2,6367,T
1-PB2,1142,0,6343,1,1,6345,T
1-PB2,1143,11,5,6369,0,6385,G
1-PB2,1144,1,1,6464,0,6466,G
1-PB2,1145,2,6419,0,10,6431,T
1-PB2,1146,1,6372,0,3,6376,T
1-PB2,1147,9,0,0,6430,6439,C
1-PB2,1148,6420,1,2,0,6423,A
1-PB2,1149,6408,1,3,0,6412,A
1-PB2,1150,2,3,0,6850,6855,C
1-PB2,1151,0,6834,3,2,6839,T
1-PB2,1152,4,1,0,6877,6882,C
1-PB2,1153,6808,1,3,0,6812,A
1-PB2,1154,0,6825,0,9,6834,T
1-PB2,1155,6826,0,2,1,6829,A
1-PB2,1156,0,2,6854,0,6856,G
1-PB2,1157,0,6569,0,2,6571,T
1-PB2,1158,0,5,6717,0,6722,G
1-PB2,1159,6386,1,2,1,6390,A
1-PB2,1160,2,1,6469,0,6472,G
1-PB2,1161,3,6408,6,5,6422,T
1-PB2,1162,11,19,6405,0,6435,G
1-PB2,1163,1,3,6489,0,6493,G
1-PB2,1164,6492,0,2,1,6495,A
1-PB2,1165,6486,1,9,0,6496,A
1-PB2,1166,1,5,6510,0,6516,G
1-PB2,1167,6396,1,13,0,6410,A
1-PB2,1168,3,1,6434,0,6438,G
1-PB2,1169,6355,0,4,0,6359,A
1-PB2,1170,1,2,0,6361,6364,C
1-PB2,1171,0,12,6378,0,6390,G
1-PB2,1172,6293,2,3,1,6299,A
1-PB2,1173,6330,1,7,1,6339,A
1-PB2,1174,0,3,0,6340,6343,C
1-PB2,1175,6283,1,5,0,6289,A
1-PB2,1176,2,0,6577,0,6579,G
1-PB2,1177,1,6506,0,9,6516,T
1-PB2,1178,8,1,0,6562,6571,C
1-PB2,1179,6591,0,2,1,6594,A
1-PB2,1180,6555,0,4,0,6559,A
1-PB2,1181,1,6552,0,1,6554,T
1-PB2,1182,6564,0,4,0,6568,A
1-PB2,1183,1,0,6539,0,6540,G
1-PB2,1184,1,2,0,6500,6503,C
1-PB2,1185,1,0,0,6333,6334,C
1-PB2,1186,5,2,6294,0,6301,G
1-PB2,1187,6291,0,1,1,6293,A
1-PB2,1188,6321,0,6,0,6327,A
1-PB2,1189,0,0,6373,1,6374,G
1-PB2,1190,1,0,0,6505,6506,C
1-PB2,1191,6545,0,3,0,6548,A
1-PB2,1192,6521,0,0,0,6521,A
1-PB2,1193,1,6540,0,5,6546,T
1-PB2,1194,6599,0,1,0,6600,A
1-PB2,1195,6636,0,1,0,6637,A
1-PB2,1196,1,6626,1,2,6630,T
1-PB2,1197,2,4,0,6615,6621,C
1-PB2,1198,1,1,6597,0,6599,G
1-PB2,1199,0,6350,0,8,6358,T
1-PB2,1200,4,1,6393,0,6398,G
1-PB2,1201,1,0,6444,0,6445,G
1-PB2,1202,0,0,0,6420,6420,C
1-PB2,1203,2,2,0,6451,6455,C
1-PB2,1204,6384,0,1,0,6385,A
1-PB2,1205,7,6359,0,10,6376,T
1-PB2,1206,22,8,6392,0,6422,G
1-PB2,1207,0,3,6479,0,6482,G
1-PB2,1208,2,6296,0,2,6300,T
1-PB2,1209,2,1,6471,0,6474,G
1-PB2,1210,0,6274,1,4,6279,T
1-PB2,1211,0,6292,1,6,6299,T
1-PB2,1212,0,6356,0,7,6363,T
1-PB2,1213,0,6355,0,1,6356,T
1-PB2,1214,3,0,0,6425,6428,C
1-PB2,1215,6409,2,5,0,6416,A
1-PB2,1216,2,2,1,6495,6500,C
1-PB2,1217,6405,1,16,0,6422,A
1-PB2,1218,6392,0,1,1,6394,A
1-PB2,1219,0,3,6418,0,6421,G
1-PB2,1220,6352,0,1,0,6353,A
1-PB2,1221,6288,2,42,0,6332,A
1-PB2,1222,1,5,6404,0,6410,G
1-PB2,1223,6380,0,3,1,6384,A
1-PB2,1224,0,6399,0,3,6402,T
1-PB2,1225,1,6358,1,2,6362,T
1-PB2,1226,1,4,6346,0,6351,G
1-PB2,1227,2,0,0,6304,6306,C
1-PB2,1228,6323,0,2,0,6325,A
1-PB2,1229,0,6378,0,5,6383,T
1-PB2,1230,1,4,6577,1,6583,G
1-PB2,1231,6588,0,4,0,6592,A
1-PB2,1232,0,6630,0,1,6631,T
1-PB2,1233,6618,0,1,0,6619,A
1-PB2,1234,6616,0,2,0,6618,A
1-PB2,1235,6609,0,1,0,6610,A
1-PB2,1236,6613,0,11,0,6624,A
1-PB2,1237,8,1,6613,0,6622,G
1-PB2,1238,2,1,0,6728,6731,C
1-PB2,1239,6712,0,3,0,6715,A
1-PB2,1240,12,1,6890,0,6903,G
1-PB2,1241,0,6881,0,2,6883,T
1-PB2,1242,1,6891,1,1,6894,T
1-PB2,1243,6885,0,2,0,6887,A
1-PB2,1244,1,4,6903,1,6909,G
1-PB2,1245,6834,0,3,1,6838,A
1-PB2,1246,0,7,6832,0,6839,G
1-PB2,1247,3,3,6795,0,6801,G
1-PB2,1248,0,6462,0,7,6469,T
1-PB2,1249,0,5,6544,0,6549,G
1-PB2,1250,6575,0,2,0,6577,A
1-PB2,1251,0,0,1,6583,6584,C
1-PB2,1252,1,0,1,6614,6616,C
1-PB2,1253,0,6559,0,14,6573,T
1-PB2,1254,1,8,6594,0,6603,G
1-PB2,1255,6560,3,1,1,6565,A
1-PB2,1256,6571,0,0,0,6571,A
1-PB2,1257,0,6557,0,3,6560,T
1-PB2,1258,0,6590,0,2,6592,T
1-PB2,1259,1,6600,1,1,6603,T
1-PB2,1260,4,0,1,6595,6600,C
1-PB2,1261,3,2,6606,0,6611,G
1-PB2,1262,0,6570,0,12,6582,T
1-PB2,1263,8,0,0,6567,6575,C
1-PB2,1264,6589,0,12,0,6601,A
1-PB2,1265,6582,1,0,0,6583,A
1-PB2,1266,1,0,0,6596,6597,C
1-PB2,1267,6506,0,1,0,6507,A
1-PB2,1268,1,6,6558,0,6565,G
1-PB2,1269,6507,0,6,0,6513,A
1-PB2,1270,1,1,6538,0,6540,G
1-PB2,1271,0,4,0,6526,6530,C
1-PB2,1272,6528,1,2,0,6531,A
1-PB2,1273,6607,0,0,0,6607,A
1-PB2,1274,6592,0,2,1,6595,A
1-PB2,1275,0,6516,1,1,6518,T
1-PB2,1276,10,0,0,6570,6580,C
1-PB2,1277,6548,0,6,0,6554,A
1-PB2,1278,1,2,6523,0,6526,G
1-PB2,1279,0,0,0,6554,6554,C
1-PB2,1280,2,2,6570,0,6574,G
1-PB2,1281,3,1,6796,0,6800,G
1-PB2,1282,0,6752,0,2,6754,T
1-PB2,1283,0,6775,0,0,6775,T
1-PB2,1284,1,5,6766,0,6772,G
1-PB2,1285,6771,2,6,0,6779,A
1-PB2,1286,6804,0,8,0,6812,A
1-PB2,1287,1,3,0,6833,6837,C
1-PB2,1288,2,2,0,6800,6804,C
1-PB2,1289,2,0,0,6855,6857,C
1-PB2,1290,6,0,0,6672,6678,C
1-PB2,1291,6710,0,6,0,6716,A
1-PB2,1292,0,6712,0,10,6722,T
1-PB2,1293,4,2,6729,1,6736,G
1-PB2,1294,2,0,1,6757,6760,C
1-PB2,1295,6711,0,10,2,6723,A
1-PB2,1296,1,6660,0,7,6668,T
1-PB2,1297,5,2,0,6665,6672,C
1-PB2,1298,6624,0,2,0,6626,A
1-PB2,1299,1,1,6692,0,6694,G
1-PB2,1300,0,0,0,6716,6716,C
1-PB2,1301,0,6695,0,17,6712,T
1-PB2,1302,0,6722,0,4,6726,T
1-PB2,1303,0,6706,0,1,6707,T
1-PB2,1304,1,6700,0,2,6703,T
1-PB2,1305,6707,1,1,0,6709,A
1-PB2,1306,6696,0,9,0,6705,A
1-PB2,1307,0,3,6695,0,6698,G
1-PB2,1308,3,1,6619,0,6623,G
1-PB2,1309,11,1,1,6601,6614,C
1-PB2,1310,6614,0,0,0,6614,A
1-PB2,1311,0,6597,0,2,6599,T
1-PB2,1312,0,6618,0,3,6621,T
1-PB2,1313,0,6628,0,1,6629,T
1-PB2,1314,0,6638,0,1,6639,T
1-PB2,1315,2,0,1,6641,6644,C
1-PB2,1316,6649,1,0,1,6651,A
1-PB2,1317,0,5,6639,0,6644,G
1-PB2,1318,6623,0,3,0,6626,A
1-PB2,1319,6635,0,1,0,6636,A
1-PB2,1320,6614,0,0,2,6616,A
1-PB2,1321,0,1,6622,1,6624,G
1-PB2,1322,6668,0,2,0,6670,A
1-PB2,1323,0,6654,0,3,6657,T
1-PB2,1324,0,1,6661,0,6662,G
1-PB2,1325,1,1,0,6639,6641,C
1-PB2,1326,1,5,6669,0,6675,G
1-PB2,1327,6621,0,3,1,6625,A
1-PB2,1328,6634,0,2,0,6636,A
1-PB2,1329,6626,0,17,0,6643,A
1-PB2,1330,2,1,6660,0,6663,G
1-PB2,1331,0,6561,0,6,6567,T
1-PB2,1332,2,0,6585,0,6587,G
1-PB2,1333,2,2,0,6492,6496,C
1-PB2,1334,0,6532,1,10,6543,T
1-PB2,1335,1,6557,1,0,6559,T
1-PB2,1336,0,6587,1,1,6589,T
1-PB2,1337,0,6585,0,0,6585,T
1-PB2,1338,0,6528,1,4,6533,T
1-PB2,1339,5,1,0,6586,6592,C
1-PB2,1340,6589,0,2,0,6591,A
1-PB2,1341,6601,0,0,0,6601,A
1-PB2,1342,6578,0,1,1,6580,A
1-PB2,1343,6606,1,0,0,6607,A
1-PB2,1344,1,6576,0,0,6577,T
1-PB2,1345,0,6606,0,5,6611,T
1-PB2,1346,11,13,6578,0,6602,G
1-PB2,1347,1,6,6592,0,6599,G
1-PB2,1348,3,1,6594,1,6599,G
1-PB2,1349,8,2,6678,0,6688,G
1-PB2,1350,6643,0,2,0,6645,A
1-PB2,1351,6,0,6743,0,6749,G
1-PB2,1352,0,6731,1,5,6737,T
1-PB2,1353,1,6736,0,0,6737,T
1-PB2,1354,1,4,6744,0,6749,G
1-PB2,1355,6719,1,7,1,6728,A
1-PB2,1356,6730,0,7,0,6737,A
1-PB2,1357,3,0,0,6890,6893,C
1-PB2,1358,6774,1,6,0,6781,A
1-PB2,1359,0,2,0,6919,6921,C
1-PB2,1360,6796,1,4,0,6801,A
1-PB2,1361,0,6791,1,4,6796,T
1-PB2,1362,1,3,0,6844,6848,C
1-PB2,1363,2,7,6844,0,6853,G
1-PB2,1364,6850,0,3,0,6853,A
1-PB2,1365,1,2,1,6853,6857,C
1-PB2,1366,6672,0,1,0,6673,A
1-PB2,1367,3,1,6828,1,6833,G
1-PB2,1368,0,6659,0,4,6663,T
1-PB2,1369,2,1,6757,0,6760,G
1-PB2,1370,1,6700,0,6,6707,T
1-PB2,1371,20,4,6723,0,6747,G
1-PB2,1372,6746,0,5,0,6751,A
1-PB2,1373,1,6693,1,3,6698,T
1-PB2,1374,3,2,6712,0,6717,G
1-PB2,1375,2,4,6714,1,6721,G
1-PB2,1376,1,3,6619,1,6624,G
1-PB2,1377,6538,2,5,0,6545,A
1-PB2,1378,6498,0,3,0,6501,A
1-PB2,1379,1,6507,0,0,6508,T
1-PB2,1380,1,3,6556,0,6560,G
1-PB2,1381,6569,1,4,0,6574,A
1-PB2,1382,1,6555,0,0,6556,T
1-PB2,1383,0,6547,0,2,6549,T
1-PB2,1384,2,5,6527,0,6534,G
1-PB2,1385,0,4,6658,0,6662,G
1-PB2,1386,6594,0,17,0,6611,A
1-PB2,1387,2,1,6681,0,6684,G
1-PB2,1388,0,6594,0,5,6599,T
1-PB2,1389,6564,0,1,0,6565,A
1-PB2,1390,0,6567,0,1,6568,T
1-PB2,1391,0,6589,0,1,6590,T
1-PB2,1392,6623,0,3,0,6626,A
1-PB2,1393,1,0,0,6613,6614,C
1-PB2,1394,11,2,0,6515,6528,C
1-PB2,1395,6456,1,4,2,6463,A
1-PB2,1396,0,1,6487,0,6488,G
1-PB2,1397,6579,0,0,0,6579,A
1-PB2,1398,0,6527,0,1,6528,T
1-PB2,1399,6473,0,3,0,6476,A
1-PB2,1400,0,6393,0,6,6399,T
1-PB2,1401,4,10,6349,0,6363,G
1-PB2,1402,6337,0,3,0,6340,A
1-PB2,1403,3,1,0,6349,6353,C
1-PB2,1404,1,6303,0,9,6313,T
1-PB2,1405,3,0,0,6244,6247,C
1-PB2,1406,4,1,0,6207,6212,C
1-PB2,1407,6258,0,4,0,6262,A
1-PB2,1408,6285,1,5,0,6291,A
1-PB2,1409,3,2,6419,0,6424,G
1-PB2,1410,0,1,0,6396,6397,C
1-PB2,1411,6364,1,2,0,6367,A
1-PB2,1412,2,2,0,6370,6374,C
1-PB2,1413,6336,0,2,1,6339,A
1-PB2,1414,0,4,6353,0,6357,G
1-PB2,1415,6341,0,2,0,6343,A
1-PB2,1416,0,1,6371,0,6372,G
1-PB2,1417,6390,0,0,0,6390,A
1-PB2,1418,0,6192,0,6,6198,T
1-PB2,1419,1,2,6280,0,6283,G
1-PB2,1420,1,6230,0,8,6239,T
1-PB2,1421,6,0,0,6231,6237,C
1-PB2,1422,6254,1,4,0,6259,A
1-PB2,1423,6223,0,2,0,6225,A
1-PB2,1424,0,6211,1,0,6212,T
1-PB2,1425,0,7,6210,0,6217,G
1-PB2,1426,6115,0,6,0,6121,A
1-PB2,1427,0,7,6125,0,6132,G
1-PB2,1428,6026,0,10,1,6037,A
1-PB2,1429,1,6,6041,0,6048,G
1-PB2,1430,1,6,6234,0,6241,G
1-PB2,1431,6234,1,2,0,6237,A
1-PB2,1432,6231,1,3,0,6235,A
1-PB2,1433,1,6218,0,0,6219,T
1-PB2,1434,6210,1,2,0,6213,A
1-PB2,1435,6207,0,1,0,6208,A
1-PB2,1436,15,4,6176,0,6195,G
1-PB2,1437,6134,0,6,0,6140,A
1-PB2,1438,0,2,6150,0,6152,G
1-PB2,1439,0,5790,0,2,5792,T
1-PB2,1440,3,0,0,5814,5817,C
1-PB2,1441,5825,2,6,0,5833,A
1-PB2,1442,3,2,5831,0,5836,G
1-PB2,1443,3,2,1,5823,5829,C
1-PB2,1444,5869,1,0,0,5870,A
1-PB2,1445,5872,0,3,0,5875,A
1-PB2,1446,5851,0,0,0,5851,A
1-PB2,1447,5857,0,4,0,5861,A
1-PB2,1448,0,5840,0,2,5842,T
1-PB2,1449,0,5,5854,0,5859,G
1-PB2,1450,0,4,5852,0,5856,G
1-PB2,1451,2,2,5869,0,5873,G
1-PB2,1452,0,5777,0,3,5780,T
1-PB2,1453,0,0,5807,0,5807,G
1-PB2,1454,0,5776,1,0,5777,T
1-PB2,1455,2,7,5773,0,5782,G
1-PB2,1456,0,1,5878,0,5879,G
1-PB2,1457,5849,0,4,0,5853,A
1-PB2,1458,1,5826,0,0,5827,T
1-PB2,1459,0,5,5841,0,5846,G
1-PB2,1460,5811,1,9,1,5822,A
1-PB2,1461,5812,1,13,0,5826,A
1-PB2,1462,0,5815,0,0,5815,T
1-PB2,1463,5725,0,1,1,5727,A
1-PB2,1464,1,1,0,6057,6059,C
1-PB2,1465,1,5871,0,6,5878,T
1-PB2,1466,6,0,0,5924,5930,C
1-PB2,1467,6,0,0,5982,5988,C
1-PB2,1468,5929,2,1,0,5932,A
1-PB2,1469,1,2,6116,0,6119,G
1-PB2,1470,0,6055,0,0,6055,T
1-PB2,1471,6089,0,2,0,6091,A
1-PB2,1472,2,2,0,6106,6110,C
1-PB2,1473,5548,1,8,1,5558,A
1-PB2,1474,1,2,5590,0,5593,G
1-PB2,1475,5419,0,0,0,5419,A
1-PB2,1476,2,6,5442,0,5450,G
1-PB2,1477,5287,1,6,0,5294,A
1-PB2,1478,0,8,5083,0,5091,G
1-PB2,1479,8,5,5076,0,5089,G
1-PB2,1480,3,4,5086,0,5093,G
1-PB2,1481,0,4990,0,8,4998,T
1-PB2,1482,0,6,5009,0,5015,G
1-PB2,1483,0,24,5010,0,5034,G
1-PB2,1484,1,4969,0,1,4971,T
1-PB2,1485,1,6,5045,0,5052,G
1-PB2,1486,2,1,5036,0,5039,G
1-PB2,1487,0,4922,1,2,4925,T
1-PB2,1488,1,4939,0,0,4940,T
1-PB2,1489,4881,0,5,0,4886,A
1-PB2,1490,1,0,4888,0,4889,G
1-PB2,1491,1,0,0,4882,4883,C
1-PB2,1492,4865,0,0,0,4865,A
1-PB2,1493,0,4943,0,1,4944,T
1-PB2,1494,0,4672,0,0,4672,T
1-PB2,1495,0,5,4653,0,4658,G
1-PB2,1496,4645,1,0,0,4646,A
1-PB2,1497,0,4624,0,2,4626,T
1-PB2,1498,4,1,1,4649,4655,C
1-PB2,1499,2,1,4607,0,4610,G
1-PB2,1500,0,0,4683,0,4683,G
1-PB2,1501,0,4649,0,3,4652,T
1-PB2,1502,0,4655,0,0,4655,T
1-PB2,1503,0,4661,1,3,4665,T
1-PB2,1504,1,4652,0,0,4653,T
1-PB2,1505,0,4659,0,1,4660,T
1-PB2,1506,1,4,4669,0,4674,G
1-PB2,1507,4675,0,2,0,4677,A
1-PB2,1508,0,2,4695,0,4697,G
1-PB2,1509,4575,0,5,0,4580,A
1-PB2,1510,5,0,4613,0,4618,G
1-PB2,1511,0,4609,0,0,4609,T
1-PB2,1512,0,4572,0,1,4573,T
1-PB2,1513,3,1,1,4604,4609,C
1-PB2,1514,1,2,4621,0,4624,G
1-PB2,1515,4616,1,6,0,4623,A
1-PB2,1516,0,0,4617,0,4617,G
1-PB2,1517,4586,0,2,0,4588,A
1-PB2,1518,1,0,0,4582,4583,C
1-PB2,1519,2,1,0,4535,4538,C
1-PB2,1520,4519,1,0,0,4520,A
1-PB2,1521,4523,0,5,0,4528,A
1-PB2,1522,2,1,0,4559,4562,C
1-PB2,1523,0,0,4574,0,4574,G
1-PB2,1524,0,4537,0,1,4538,T
1-PB2,1525,6,3,4535,0,4544,G
1-PB2,1526,15,3,4540,0,4558,G
1-PB2,1527,4,2,4558,0,4564,G
1-PB2,1528,4506,0,3,0,4509,A
1-PB2,1529,4524,0,2,0,4526,A
1-PB2,1530,0,4369,0,0,4369,T
1-PB2,1531,0,1,4453,0,4454,G
1-PB2,1532,0,4418,1,1,4420,T
1-PB2,1533,4424,1,0,0,4425,A
1-PB2,1534,0,4396,0,5,4401,T
1-PB2,1535,0,4343,1,1,4345,T
1-PB2,1536,4371,1,3,0,4375,A
1-PB2,1537,0,4338,0,1,4339,T
1-PB2,1538,0,4301,0,0,4301,T
1-PB2,1539,4294,0,0,0,4294,A
1-PB2,1540,1,3701,2,3,3707,T
1-PB2,1541,2,5,0,3781,3788,C
1-PB2,1542,0,3719,0,5,3724,T
1-PB2,1543,4,1,0,3735,3740,C
1-PB2,1544,3,0,0,3746,3749,C
1-PB2,1545,1,3623,1,2,3627,T
1-PB2,1546,13,14,3612,1,3640,G
1-PB2,1547,3622,0,0,0,3622,A
1-PB2,1548,0,2,3613,0,3615,G
1-PB2,1549,5,2,3600,0,3607,G
1-PB2,1550,3139,0,0,0,3139,A
1-PB2,1551,0,4,3145,0,3149,G
1-PB2,1552,1,1,3132,0,3134,G
1-PB2,1553,1,2991,0,1,2993,T
1-PB2,1554,6,1,0,3012,3019,C
1-PB2,1555,2968,0,3,0,2971,A
1-PB2,1556,1,1,2993,0,2995,G
1-PB2,1557,0,2987,0,1,2988,T
1-PB2,1558,0,4,2982,0,2986,G
1-PB2,1559,2974,0,1,0,2975,A
1-PB2,1560,2857,0,1,0,2858,A
1-PB2,1561,2860,0,0,0,2860,A
1-PB2,1562,0,0,0,2856,2856,C
1-PB2,1563,2834,0,1,0,2835,A
1-PB2,1564,0,0,0,2838,2838,C
1-PB2,1565,2682,0,5,0,2687,A
1-PB2,1566,0,0,2697,0,2697,G
1-PB2,1567,0,1,2682,1,2684,G
1-PB2,1568,0,1,2682,0,2683,G
1-PB2,1569,2668,1,1,0,2670,A
1-PB2,1570,2625,0,0,0,2625,A
1-PB2,1571,1,1,0,2634,2636,C
1-PB2,1572,0,2579,0,0,2579,T
1-PB2,1573,0,0,2584,0,2584,G
1-PB2,1574,2545,0,2,0,2547,A
1-PB2,1575,0,0,2561,0,2561,G
1-PB2,1576,2494,0,2,0,2496,A
1-PB2,1577,0,1,2323,0,2324,G
1-PB2,1578,2307,0,2,0,2309,A
1-PB2,1579,0,0,0,2310,2310,C
1-PB2,1580,0,2211,0,0,2211,T
1-PB2,1581,4,0,2222,0,2226,G
1-PB2,1582,2202,1,1,0,2204,A
1-PB2,1583,1,1,0,2207,2209,C
1-PB2,1584,2186,0,5,0,2191,A
1-PB2,1585,2188,0,0,0,2188,A
1-PB2,1586,0,2170,0,0,2170,T
1-PB2,1587,2151,0,0,0,2151,A
1-PB2,1588,2146,0,1,0,2147,A
1-PB2,1589,0,0,0,2148,2148,C
1-PB2,1590,2,1937,1,1,1941,T
1-PB2,1591,0,1900,0,0,1900,T
1-PB2,1592,1858,1,0,0,1859,A
1-PB2,1593,0,1851,0,0,1851,T
1-PB2,1594,0,1842,0,0,1842,T
1-PB2,1595,2,0,0,1837,1839,C
1-PB2,1596,1660,0,0,0,1660,A
1-PB2,1597,0,1638,0,2,1640,T
1-PB2,1598,0,1,0,1573,1574,C
1-PB2,1599,1,0,1574,0,1575,G
1-PB2,1600,0,1561,0,0,1561,T
1-PB2,1601,1,0,0,1537,1538,C
1-PB2,1602,0,1,1536,0,1537,G
1-PB2,1603,1535,0,1,0,1536,A
1-PB2,1604,0,1524,0,0,1524,T
1-PB2,1605,0,1,1516,0,1517,G
1-PB2,1606,1505,0,0,0,1505,A
1-PB2,1607,0,1488,0,1,1489,T
1-PB2,1608,1,0,1466,0,1467,G
1-PB2,1609,0,1345,0,4,1349,T
1-PB2,1610,2,0,1340,0,1342,G
1-PB2,1611,0,1,1340,0,1341,G
1-PB2,1612,0,1,1332,0,1333,G
1-PB2,1613,1275,0,1,0,1276,A
1-PB2,1614,1,0,1229,0,1230,G
1-PB2,1615,1059,0,0,0,1059,A
1-PB2,1616,1,989,0,0,990,T
1-PB2,1617,0,910,0,1,911,T
1-PB2,1618,907,0,1,0,908,A
1-PB2,1619,894,0,0,0,894,A
1-PB2,1620,1,0,0,855,856,C
1-PB2,1621,0,0,726,0,726,G
1-PB2,1622,0,0,692,0,692,G
1-PB2,1623,0,427,0,0,427,T
1-PB2,1624,0,0,0,407,407,C
1-PB2,1625,0,0,0,402,402,C
1-PB2,1626,0,295,0,0,295,T
1-PB2,1627,0,0,298,0,298,G
1-PB2,1628,297,0,0,0,297,A
1-PB2,1629,0,0,301,0,301,G
1-PB2,1630,0,300,0,0,300,T
1-PB2,1631,0,0,0,287,287,C
1-PB2,1632,1,0,281,0,282,G
1-PB2,1633,0,0,285,0,285,G
1-PB2,1634,0,285,0,0,285,T
1-PB2,1635,0,285,0,0,285,T
1-PB2,1636,0,284,0,0,284,T
1-PB2,1637,0,286,0,0,286,T
1-PB2,1638,0,0,289,0,289,G
1-PB2,1639,0,0,290,0,290,G
1-PB2,1640,0,289,0,0,289,T
1-PB2,1641,1,0,0,291,292,C
1-PB2,1642,285,0,0,0,285,A
1-PB2,1643,299,0,0,0,299,A
1-PB2,1644,0,295,0,1,296,T
1-PB2,1645,299,0,0,0,299,A
1-PB2,1646,0,0,0,298,298,C
1-PB2,1647,0,0,0,290,290,C
1-PB2,1648,0,288,0,0,288,T
1-PB2,1649,294,0,0,0,294,A
1-PB2,1650,0,289,0,0,289,T
1-PB2,1651,0,0,0,290,290,C
1-PB2,1652,291,0,0,0,291,A
1-PB2,1653,290,0,0,0,290,A
1-PB2,1654,0,285,0,1,286,T
1-PB2,1655,0,0,281,0,281,G
1-PB2,1656,1,0,278,0,279,G
1-PB2,1657,278,0,0,0,278,A
1-PB2,1658,0,276,0,0,276,T
1-PB2,1659,0,0,0,275,275,C
1-PB2,1660,274,0,1,0,275,A
1-PB2,1661,0,275,1,0,276,T
1-PB2,1662,0,0,0,278,278,C
1-PB2,1663,277,0,1,0,278,A
1-PB2,1664,0,0,277,0,277,G
1-PB2,1665,275,0,2,0,277,A
1-PB2,1666,277,0,0,0,277,A
1-PB2,1667,276,0,0,0,276,A
1-PB2,1668,0,276,0,1,277,T
1-PB2,1669,0,274,0,1,275,T
1-PB2,1670,0,0,278,0,278,G
1-PB2,1671,0,0,274,0,274,G
1-PB2,1672,0,0,272,0,272,G
1-PB2,1673,278,0,0,0,278,A
1-PB2,1674,275,0,0,0,275,A
1-PB2,1675,0,0,275,0,275,G
1-PB2,1676,0,0,0,273,273,C
1-PB2,1677,0,274,0,0,274,T
1-PB2,1678,0,0,280,0,280,G
1-PB2,1679,0,277,0,0,277,T
1-PB2,1680,0,0,0,279,279,C
1-PB2,1681,280,0,0,0,280,A
1-PB2,1682,280,0,0,0,280,A
1-PB2,1683,280,0,0,0,280,A
1-PB2,1684,285,0,0,0,285,A
1-PB2,1685,0,285,0,0,285,T
1-PB2,1686,0,280,0,0,280,T
1-PB2,1687,0,0,0,281,281,C
1-PB2,1688,278,0,0,0,278,A
1-PB2,1689,276,0,0,0,276,A
1-PB2,1690,0,278,0,0,278,T
1-PB2,1691,0,1,274,0,275,G
1-PB2,1692,0,0,279,0,279,G
1-PB2,1693,0,282,0,0,282,T
1-PB2,1694,0,0,0,280,280,C
1-PB2,1695,0,282,0,0,282,T
1-PB2,1696,0,0,0,285,285,C
1-PB2,1697,286,0,0,0,286,A
1-PB2,1698,0,0,286,0,286,G
1-PB2,1699,286,0,0,0,286,A
1-PB2,1700,287,0,0,0,287,A
1-PB2,1701,0,282,0,0,282,T
1-PB2,1702,0,0,0,280,280,C
1-PB2,1703,0,0,0,276,276,C
1-PB2,1704,0,276,0,0,276,T
1-PB2,1705,0,0,279,0,279,G
1-PB2,1706,0,0,0,276,276,C
1-PB2,1707,276,0,0,0,276,A
1-PB2,1708,277,0,0,0,277,A
1-PB2,1709,0,272,0,0,272,T
1-PB2,1710,0,0,282,0,282,G
1-PB2,1711,0,286,0,0,286,T
1-PB2,1712,0,274,0,0,274,T
1-PB2,1713,0,0,277,0,277,G
1-PB2,1714,0,276,0,0,276,T
1-PB2,1715,275,0,1,0,276,A
1-PB2,1716,0,0,0,273,273,C
1-PB2,1717,271,0,0,0,271,A
1-PB2,1718,271,0,0,0,271,A
1-PB2,1719,0,0,0,268,268,C
1-PB2,1720,267,0,0,0,267,A
1-PB2,1721,268,0,0,0,268,A
1-PB2,1722,264,0,0,0,264,A
1-PB2,1723,267,0,1,0,268,A
1-PB2,1724,0,265,0,0,265,T
1-PB2,1725,0,0,266,0,266,G
1-PB2,1726,0,0,266,0,266,G
1-PB2,1727,265,0,0,0,265,A
1-PB2,1728,267,0,0,0,267,A
1-PB2,1729,0,268,0,0,268,T
1-PB2,1730,0,269,0,0,269,T
1-PB2,1731,0,268,0,0,268,T
1-PB2,1732,0,0,269,0,269,G
1-PB2,1733,267,1,0,0,268,A
1-PB2,1734,265,0,0,0,265,A
1-PB2,1735,0,0,0,269,269,C
1-PB2,1736,1,0,0,264,265,C
1-PB2,1737,269,0,0,0,269,A
1-PB2,1738,0,266,0,0,266,T
1-PB2,1739,0,269,0,0,269,T
1-PB2,1740,0,268,0,0,268,T
1-PB2,1741,0,0,0,269,269,C
1-PB2,1742,271,0,1,0,272,A
1-PB2,1743,268,0,0,0,268,A
1-PB2,1744,0,269,0,0,269,T
1-PB2,1745,0,0,0,274,274,C
1-PB2,1746,0,266,0,0,266,T
1-PB2,1747,0,260,0,2,262,T
1-PB2,1748,0,266,0,0,266,T
1-PB2,1749,266,0,0,0,266,A
1-PB2,1750,0,0,266,0,266,G
1-PB2,1751,0,265,0,0,265,T
1-PB2,1752,0,0,1,267,268,C
1-PB2,1753,0,0,0,266,266,C
1-PB2,1754,0,0,0,265,265,C
1-PB2,1755,1,0,0,265,266,C
1-PB2,1756,265,0,0,0,265,A
1-PB2,1757,266,0,0,0,266,A
1-PB2,1758,1,0,268,0,269,G
1-PB2,1759,0,0,270,0,270,G
1-PB2,1760,0,0,0,268,268,C
1-PB2,1761,0,0,0,269,269,C
1-PB2,1762,269,0,0,0,269,A
1-PB2,1763,0,270,0,0,270,T
1-PB2,1764,0,270,0,0,270,T
1-PB2,1765,272,0,0,0,272,A
1-PB2,1766,1,0,268,1,270,G
1-PB2,1767,273,0,0,0,273,A
1-PB2,1768,279,0,0,0,279,A
1-PB2,1769,0,0,276,0,276,G
1-PB2,1770,0,0,0,277,277,C
1-PB2,1771,0,0,0,279,279,C
1-PB2,1772,274,0,0,0,274,A
1-PB2,1773,278,0,0,0,278,A
1-PB2,1774,0,281,0,0,281,T
1-PB2,1775,284,0,0,0,284,A
1-PB2,1776,1,0,0,281,282,C
1-PB2,1777,260,0,0,0,260,A
1-PB2,1778,0,0,260,0,260,G
1-PB2,1779,0,252,0,0,252,T
1-PB2,1780,0,0,255,0,255,G
1-PB2,1781,0,0,255,0,255,G
1-PB2,1782,0,0,254,0,254,G
1-PB2,1783,0,248,0,0,248,T
1-PB2,1784,0,245,0,0,245,T
1-PB2,1785,0,247,0,0,247,T
1-PB2,1786,0,0,249,0,249,G
1-PB2,1787,0,254,0,0,254,T
1-PB2,1788,0,0,0,252,252,C
1-PB2,1789,251,0,0,0,251,A
1-PB2,1790,0,0,253,0,253,G
1-PB2,1791,255,0,0,0,255,A
1-PB2,1792,254,0,0,0,254,A
1-PB2,1793,0,0,0,254,254,C
1-PB2,1794,0,245,0,0,245,T
1-PB2,1795,0,0,0,257,257,C
1-PB2,1796,0,258,0,1,259,T
1-PB2,1797,262,0,0,0,262,A
1-PB2,1798,0,261,0,0,261,T
1-PB2,1799,0,256,0,0,256,T
1-PB2,1800,1,0,0,260,261,C
1-PB2,1801,0,0,0,258,258,C
1-PB2,1802,259,0,0,0,259,A
1-PB2,1803,257,0,0,0,257,A
1-PB2,1804,0,0,0,259,259,C
1-PB2,1805,258,0,0,0,258,A
1-PB2,1806,260,0,0,0,260,A
1-PB2,1807,259,0,0,0,259,A
1-PB2,1808,0,262,0,0,262,T
1-PB2,1809,0,0,262,0,262,G
1-PB2,1810,262,0,0,0,262,A
1-PB2,1811,0,0,261,0,261,G
1-PB2,1812,260,0,0,0,260,A
1-PB2,1813,0,0,258,0,258,G
1-PB2,1814,257,0,0,0,257,A
1-PB2,1815,0,0,0,259,259,C
1-PB2,1816,0,0,262,0,262,G
1-PB2,1817,0,257,0,0,257,T
1-PB2,1818,260,0,0,0,260,A
1-PB2,1819,0,0,0,263,263,C
1-PB2,1820,0,259,0,0,259,T
1-PB2,1821,0,261,0,0,261,T
1-PB2,1822,0,1,254,0,255,G
1-PB2,1823,1,0,257,0,258,G
1-PB2,1824,0,0,257,0,257,G
1-PB2,1825,257,0,0,0,257,A
1-PB2,1826,0,0,0,265,265,C
1-PB2,1827,266,0,0,0,266,A
1-PB2,1828,0,264,0,0,264,T
1-PB2,1829,0,265,0,0,265,T
1-PB2,1830,0,265,0,0,265,T
1-PB2,1831,0,1,268,0,269,G
1-PB2,1832,268,0,0,0,268,A
1-PB2,1833,0,0,0,269,269,C
1-PB2,1834,262,0,0,0,262,A
1-PB2,1835,0,0,0,263,263,C
1-PB2,1836,1,0,0,257,258,C
1-PB2,1837,257,0,0,0,257,A
1-PB2,1838,0,0,0,260,260,C
1-PB2,1839,0,0,0,260,260,C
1-PB2,1840,0,0,0,263,263,C
1-PB2,1841,260,0,0,0,260,A
1-PB2,1842,0,0,265,0,265,G
1-PB2,1843,265,0,0,0,265,A
1-PB2,1844,0,276,0,0,276,T
1-PB2,1845,276,0,0,0,276,A
1-PB2,1846,274,0,0,0,274,A
1-PB2,1847,0,271,0,0,271,T
1-PB2,1848,270,0,0,0,270,A
1-PB2,1849,271,0,0,0,271,A
1-PB2,1850,269,0,0,0,269,A
1-PB2,1851,0,0,270,0,270,G
1-PB2,1852,0,0,0,271,271,C
1-PB2,1853,0,266,0,1,267,T
1-PB2,1854,0,267,0,0,267,T
1-PB2,1855,1,0,0,270,271,C
1-PB2,1856,0,270,0,0,270,T
1-PB2,1857,0,0,0,270,270,C
1-PB2,1858,0,0,0,270,270,C
1-PB2,1859,0,0,0,268,268,C
1-PB2,1860,0,0,0,261,261,C
1-PB2,1861,0,268,0,0,268,T
1-PB2,1862,0,266,0,0,266,T
1-PB2,1863,0,269,0,0,269,T
1-PB2,1864,0,0,268,0,268,G
1-PB2,1865,0,1,0,268,269,C
1-PB2,1866,265,0,0,0,265,A
1-PB2,1867,0,0,265,0,265,G
1-PB2,1868,0,0,0,264,264,C
1-PB2,1869,0,261,0,0,261,T
1-PB2,1870,0,0,262,0,262,G
1-PB2,1871,2,0,0,261,263,C
1-PB2,1872,0,256,0,0,256,T
1-PB2,1873,0,1,0,254,255,C
1-PB2,1874,0,0,0,264,264,C
1-PB2,1875,259,1,1,0,261,A
1-PB2,1876,0,0,0,262,262,C
1-PB2,1877,0,0,0,267,267,C
1-PB2,1878,266,0,0,0,266,A
1-PB2,1879,262,0,0,0,262,A
1-PB2,1880,262,0,0,0,262,A
1-PB2,1881,0,0,265,0,265,G
1-PB2,1882,0,0,0,265,265,C
1-PB2,1883,261,0,0,0,261,A
1-PB2,1884,263,0,0,0,263,A
1-PB2,1885,261,0,0,0,261,A
1-PB2,1886,0,0,265,0,265,G
1-PB2,1887,0,0,0,263,263,C
1-PB2,1888,262,0,0,0,262,A
1-PB2,1889,0,0,263,0,263,G
1-PB2,1890,259,0,0,0,259,A
1-PB2,1891,261,0,0,0,261,A
1-PB2,1892,0,263,0,0,263,T
1-PB2,1893,0,0,261,0,261,G
1-PB2,1894,0,0,0,263,263,C
1-PB2,1895,259,0,0,0,259,A
1-PB2,1896,0,0,260,0,260,G
1-PB2,1897,0,260,0,0,260,T
1-PB2,1898,0,267,0,0,267,T
1-PB2,1899,0,0,0,266,266,C
1-PB2,1900,0,265,0,0,265,T
1-PB2,1901,0,0,0,275,275,C
1-PB2,1902,0,276,0,0,276,T
1-PB2,1903,0,273,0,0,273,T
1-PB2,1904,0,0,0,273,273,C
1-PB2,1905,269,0,0,0,269,A
1-PB2,1906,0,0,0,268,268,C
1-PB2,1907,0,258,0,0,258,T
1-PB2,1908,0,0,263,0,263,G
1-PB2,1909,261,0,0,0,261,A
1-PB2,1910,1,0,0,269,270,C
1-PB2,1911,0,264,0,0,264,T
1-PB2,1912,0,0,270,0,270,G
1-PB2,1913,0,263,1,0,264,T
1-PB2,1914,0,0,269,0,269,G
1-PB2,1915,268,0,0,0,268,A
1-PB2,1916,272,0,0,0,272,A
1-PB2,1917,0,269,0,0,269,T
1-PB2,1918,0,0,272,0,272,G
1-PB2,1919,0,265,0,0,265,T
1-PB2,1920,258,0,0,0,258,A
1-PB2,1921,261,0,0,0,261,A
1-PB2,1922,0,2,263,0,265,G
1-PB2,1923,0,0,260,0,260,G
1-PB2,1924,0,0,264,1,265,G
1-PB2,1925,1,0,261,0,262,G
1-PB2,1926,261,0,0,0,261,A
1-PB2,1927,0,258,0,0,258,T
1-PB2,1928,0,0,0,267,267,C
1-PB2,1929,267,0,0,0,267,A
1-PB2,1930,0,0,267,0,267,G
1-PB2,1931,0,0,265,0,265,G
1-PB2,1932,0,0,265,0,265,G
1-PB2,1933,264,0,0,0,264,A
1-PB2,1934,0,259,0,0,259,T
1-PB2,1935,0,1,258,0,259,G
1-PB2,1936,257,0,0,0,257,A
1-PB2,1937,0,0,267,0,267,G
1-PB2,1938,264,0,0,0,264,A
1-PB2,1939,262,0,0,0,262,A
1-PB2,1940,0,262,0,0,262,T
1-PB2,1941,260,0,0,0,260,A
1-PB2,1942,0,0,0,262,262,C
1-PB2,1943,0,257,0,0,257,T
1-PB2,1944,0,257,0,1,258,T
1-PB2,1945,1,0,260,0,261,G
1-PB2,1946,0,254,0,0,254,T
1-PB2,1947,252,0,0,0,252,A
1-PB2,1948,250,0,0,0,250,A
1-PB2,1949,0,0,251,0,251,G
1-PB2,1950,0,0,250,0,250,G
1-PB2,1951,0,0,248,0,248,G
1-PB2,1952,1,0,245,0,246,G
1-PB2,1953,0,0,0,242,242,C
1-PB2,1954,246,0,0,0,246,A
1-PB2,1955,252,0,0,0,252,A
1-PB2,1956,0,251,0,0,251,T
1-PB2,1957,0,252,0,0,252,T
1-PB2,1958,2,0,0,250,252,C
1-PB2,1959,0,251,0,0,251,T
1-PB2,1960,0,0,0,257,257,C
1-PB2,1961,0,0,0,259,259,C
1-PB2,1962,0,259,0,0,259,T
1-PB2,1963,0,0,264,0,264,G
1-PB2,1964,0,258,0,0,258,T
1-PB2,1965,260,0,0,0,260,A
1-PB2,1966,0,260,0,0,260,T
1-PB2,1967,0,254,0,0,254,T
1-PB2,1968,1,0,0,254,255,C
1-PB2,1969,251,0,0,0,251,A
1-PB2,1970,256,0,0,0,256,A
1-PB2,1971,0,0,0,253,253,C
1-PB2,1972,0,249,0,0,249,T
1-PB2,1973,251,0,0,0,251,A
1-PB2,1974,0,0,0,261,261,C
1-PB2,1975,259,0,0,0,259,A
1-PB2,1976,259,0,0,0,259,A
1-PB2,1977,0,0,0,260,260,C
1-PB2,1978,260,0,0,0,260,A
1-PB2,1979,258,0,0,0,258,A
1-PB2,1980,0,0,259,0,259,G
1-PB2,1981,256,0,0,0,256,A
1-PB2,1982,0,0,0,260,260,C
1-PB2,1983,1,0,0,257,258,C
1-PB2,1984,258,0,0,0,258,A
1-PB2,1985,0,0,0,267,267,C
1-PB2,1986,0,267,0,0,267,T
1-PB2,1987,266,0,0,0,266,A
1-PB2,1988,266,0,0,0,266,A
1-PB2,1989,266,0,0,0,266,A
1-PB2,1990,265,0,0,0,265,A
1-PB2,1991,0,0,263,0,263,G
1-PB2,1992,265,0,0,0,265,A
1-PB2,1993,0,0,0,262,262,C
1-PB2,1994,0,260,0,0,260,T
1-PB2,1995,259,0,0,0,259,A
1-PB2,1996,259,0,0,0,259,A
1-PB2,1997,0,0,0,258,258,C
1-PB2,1998,260,0,0,0,260,A
1-PB2,1999,256,0,0,0,256,A
1-PB2,2000,0,251,0,0,251,T
1-PB2,2001,0,253,0,0,253,T
1-PB2,2002,0,0,0,258,258,C
1-PB2,2003,0,257,0,0,257,T
1-PB2,2004,0,0,0,262,262,C
1-PB2,2005,0,0,261,0,261,G
1-PB2,2006,0,0,260,0,260,G
1-PB2,2007,261,0,0,0,261,A
1-PB2,2008,260,0,0,0,260,A
1-PB2,2009,258,0,0,0,258,A
1-PB2,2010,261,0,0,0,261,A
1-PB2,2011,0,0,259,0,259,G
1-PB2,2012,258,0,0,0,258,A
1-PB2,2013,0,259,0,0,259,T
1-PB2,2014,0,0,258,0,258,G
1-PB2,2015,0,0,0,257,257,C
1-PB2,2016,0,0,0,258,258,C
1-PB2,2017,1,0,254,0,255,G
1-PB2,2018,0,0,254,0,254,G
1-PB2,2019,0,0,0,257,257,C
1-PB2,2020,256,0,0,0,256,A
1-PB2,2021,0,1,0,259,260,C
1-PB2,2022,0,258,0,0,258,T
1-PB2,2023,0,257,0,0,257,T
1-PB2,2024,0,257,0,0,257,T
1-PB2,2025,260,0,0,0,260,A
1-PB2,2026,263,0,0,0,263,A
1-PB2,2027,0,261,0,0,261,T
1-PB2,2028,0,260,0,0,260,T
1-PB2,2029,0,0,261,0,261,G
1-PB2,2030,257,0,0,0,257,A
1-PB2,2031,255,0,0,0,255,A
1-PB2,2032,0,0,254,0,254,G
1-PB2,2033,257,0,0,0,257,A
1-PB2,2034,0,0,0,257,257,C
1-PB2,2035,0,0,0,254,254,C
1-PB2,2036,0,0,0,257,257,C
1-PB2,2037,256,0,0,0,256,A
1-PB2,2038,0,1,255,0,256,G
1-PB2,2039,257,0,0,0,257,A
1-PB2,2040,0,258,0,0,258,T
1-PB2,2041,0,0,257,0,257,G
1-PB2,2042,254,0,0,0,254,A
1-PB2,2043,253,0,0,0,253,A
1-PB2,2044,255,0,0,0,255,A
1-PB2,2045,1,0,251,0,252,G
1-PB2,2046,0,0,0,253,253,C
1-PB2,2047,250,0,0,0,250,A
1-PB2,2048,0,0,0,252,252,C
1-PB2,2049,250,0,0,0,250,A
1-PB2,2050,1,237,0,6,244,T
1-PB2,2051,0,0,0,252,252,C
1-PB2,2052,0,0,0,247,247,C
1-PB2,2053,0,0,251,0,251,G
1-PB2,2054,0,0,251,0,251,G
1-PB2,2055,250,0,0,0,250,A
1-PB2,2056,0,0,251,0,251,G
1-PB2,2057,0,242,0,0,242,T
1-PB2,2058,0,0,241,0,241,G
1-PB2,2059,0,0,242,0,242,G
1-PB2,2060,242,0,0,1,243,A
1-PB2,2061,0,0,242,0,242,G
1-PB2,2062,0,238,0,0,238,T
1-PB2,2063,0,0,0,236,236,C
1-PB2,2064,0,0,0,235,235,C
1-PB2,2065,0,0,233,0,233,G
1-PB2,2066,0,0,0,237,237,C
1-PB2,2067,0,0,0,238,238,C
1-PB2,2068,0,0,242,0,242,G
1-PB2,2069,0,243,0,0,243,T
1-PB2,2070,1,0,0,247,248,C
1-PB2,2071,0,247,0,0,247,T
1-PB2,2072,0,247,0,0,247,T
1-PB2,2073,0,0,247,0,247,G
1-PB2,2074,244,0,0,0,244,A
1-PB2,2075,0,0,244,0,244,G
1-PB2,2076,242,0,0,0,242,A
1-PB2,2077,0,0,229,0,229,G
1-PB2,2078,1,0,229,0,230,G
1-PB2,2079,0,0,224,0,224,G
1-PB2,2080,0,228,0,0,228,T
1-PB2,2081,0,225,0,0,225,T
1-PB2,2082,0,228,0,0,228,T
1-PB2,2083,0,0,0,230,230,C
1-PB2,2084,0,229,0,0,229,T
1-PB2,2085,1,0,0,234,235,C
1-PB2,2086,234,0,0,0,234,A
1-PB2,2087,0,233,0,0,233,T
1-PB2,2088,0,233,0,0,233,T
1-PB2,2089,231,1,0,0,232,A
1-PB2,2090,0,232,0,0,232,T
1-PB2,2091,227,0,0,0,227,A
1-PB2,2092,0,0,226,0,226,G
1-PB2,2093,0,0,227,0,227,G
1-PB2,2094,0,217,0,1,218,T
1-PB2,2095,220,0,0,0,220,A
1-PB2,2096,219,0,0,0,219,A
1-PB2,2097,0,0,217,0,217,G
1-PB2,2098,0,0,223,0,223,G
1-PB2,2099,220,0,0,0,220,A
1-PB2,2100,219,0,0,0,219,A
1-PB2,2101,0,0,217,0,217,G
1-PB2,2102,219,0,0,0,219,A
1-PB2,2103,0,0,0,220,220,C
1-PB2,2104,218,0,0,0,218,A
1-PB2,2105,0,1,220,0,221,G
1-PB2,2106,222,0,0,0,222,A
1-PB2,2107,216,0,0,0,216,A
1-PB2,2108,0,0,219,0,219,G
1-PB2,2109,0,0,212,0,212,G
1-PB2,2110,0,214,0,0,214,T
1-PB2,2111,215,0,0,0,215,A
1-PB2,2112,0,0,0,217,217,C
1-PB2,2113,0,0,217,0,217,G
1-PB2,2114,0,0,218,0,218,G
1-PB2,2115,217,0,0,0,217,A
1-PB2,2116,0,0,0,215,215,C
1-PB2,2117,0,0,0,211,211,C
1-PB2,2118,201,0,0,0,201,A
1-PB2,2119,0,0,211,0,211,G
1-PB2,2120,0,0,1,210,211,C
1-PB2,2121,211,0,0,0,211,A
1-PB2,2122,0,211,0,0,211,T
1-PB2,2123,0,199,0,0,199,T
1-PB2,2124,199,0,0,0,199,A
1-PB2,2125,196,0,0,0,196,A
1-PB2,2126,0,0,201,0,201,G
1-PB2,2127,0,0,0,201,201,C
1-PB2,2128,187,0,0,0,187,A
1-PB2,2129,0,186,0,0,186,T
1-PB2,2130,0,0,0,186,186,C
1-PB2,2131,187,0,0,0,187,A
1-PB2,2132,188,0,0,0,188,A
1-PB2,2133,0,186,0,0,186,T
1-PB2,2134,0,0,188,0,188,G
1-PB2,2135,187,0,0,0,187,A
1-PB2,2136,187,0,0,0,187,A
1-PB2,2137,0,0,0,189,189,C
1-PB2,2138,0,175,0,0,175,T
1-PB2,2139,0,1,180,0,181,G
1-PB2,2140,176,0,0,0,176,A
1-PB2,2141,0,0,180,0,180,G
1-PB2,2142,0,176,0,0,176,T
1-PB2,2143,179,0,0,0,179,A
1-PB2,2144,180,0,0,0,180,A
1-PB2,2145,0,0,0,180,180,C
1-PB2,2146,0,0,0,176,176,C
1-PB2,2147,0,174,0,1,175,T
1-PB2,2148,0,170,0,0,170,T
1-PB2,2149,2,0,167,0,169,G
1-PB2,2150,0,0,0,168,168,C
1-PB2,2151,169,0,0,0,169,A
1-PB2,2152,167,0,0,0,167,A
1-PB2,2153,166,0,0,0,166,A
1-PB2,2154,162,0,0,0,162,A
1-PB2,2155,0,0,161,0,161,G
1-PB2,2156,0,0,162,0,162,G
1-PB2,2157,0,0,163,0,163,G
1-PB2,2158,0,0,161,0,161,G
1-PB2,2159,163,0,0,0,163,A
1-PB2,2160,164,0,0,0,164,A
1-PB2,2161,163,0,0,0,163,A
1-PB2,2162,165,0,0,0,165,A
1-PB2,2163,0,0,164,0,164,G
1-PB2,2164,0,0,162,0,162,G
1-PB2,2165,1,0,0,160,161,C
1-PB2,2166,0,161,0,0,161,T
1-PB2,2167,160,0,0,0,160,A
1-PB2,2168,160,0,0,0,160,A
1-PB2,2169,0,160,0,0,160,T
1-PB2,2170,0,0,164,0,164,G
1-PB2,2171,0,158,0,1,159,T
1-PB2,2172,0,0,157,0,157,G
1-PB2,2173,0,0,0,156,156,C
1-PB2,2174,0,157,0,0,157,T
1-PB2,2175,159,0,0,0,159,A
1-PB2,2176,155,0,0,0,155,A
1-PB2,2177,0,156,0,0,156,T
1-PB2,2178,0,0,0,154,154,C
1-PB2,2179,0,0,150,0,150,G
1-PB2,2180,0,0,150,0,150,G
1-PB2,2181,0,0,149,0,149,G
1-PB2,2182,0,0,0,148,148,C
1-PB2,2183,150,0,0,0,150,A
1-PB2,2184,150,0,0,0,150,A
1-PB2,2185,0,0,149,0,149,G
1-PB2,2186,0,0,151,0,151,G
1-PB2,2187,149,0,0,0,149,A
1-PB2,2188,0,0,150,0,150,G
1-PB2,2189,146,0,0,0,146,A
1-PB2,2190,0,0,0,144,144,C
1-PB2,2191,0,0,145,0,145,G
1-PB2,2192,0,142,0,0,142,T
1-PB2,2193,1,0,143,0,144,G
1-PB2,2194,0,0,142,0,142,G
1-PB2,2195,0,139,0,1,140,T
1-PB2,2196,1,0,143,0,144,G
1-PB2,2197,0,133,0,0,133,T
1-PB2,2198,0,134,0,0,134,T
1-PB2,2199,0,0,134,0,134,G
1-PB2,2200,0,0,136,0,136,G
1-PB2,2201,0,136,0,0,136,T
1-PB2,2202,131,0,0,0,131,A
1-PB2,2203,129,0,0,0,129,A
1-PB2,2204,0,124,0,0,124,T
1-PB2,2205,0,1,122,0,123,G
1-PB2,2206,120,0,0,0,120,A
1-PB2,2207,120,0,0,0,120,A
1-PB2,2208,118,0,0,0,118,A
1-PB2,2209,0,0,0,119,119,C
1-PB2,2210,0,0,120,0,120,G
1-PB2,2211,118,0,0,0,118,A
1-PB2,2212,118,0,0,0,118,A
1-PB2,2213,119,0,0,0,119,A
1-PB2,2214,120,0,0,0,120,A
1-PB2,2215,0,0,0,120,120,C
1-PB2,2216,0,0,116,0,116,G
1-PB2,2217,0,0,119,0,119,G
1-PB2,2218,0,1,119,0,120,G
1-PB2,2219,117,0,0,0,117,A
1-PB2,2220,0,0,0,122,122,C
1-PB2,2221,0,119,0,0,119,T
1-PB2,2222,0,0,0,121,121,C
1-PB2,2223,0,118,0,0,118,T
1-PB2,2224,119,0,0,0,119,A
1-PB2,2225,0,0,120,0,120,G
1-PB2,2226,0,0,0,117,117,C
1-PB2,2227,118,0,0,0,118,A
1-PB2,2228,0,116,0,0,116,T
1-PB2,2229,113,0,0,0,113,A
1-PB2,2230,0,0,0,116,116,C
1-PB2,2231,0,101,0,0,101,T
1-PB2,2232,0,100,0,0,100,T
1-PB2,2233,98,0,0,0,98,A
1-PB2,2234,0,0,0,99,99,C
1-PB2,2235,0,99,0,0,99,T
1-PB2,2236,0,0,97,0,97,G
1-PB2,2237,95,0,0,0,95,A
1-PB2,2238,0,0,0,94,94,C
1-PB2,2239,88,0,0,0,88,A
1-PB2,2240,0,0,90,0,90,G
1-PB2,2241,0,0,0,90,90,C
1-PB2,2242,0,0,0,89,89,C
1-PB2,2243,88,0,0,0,88,A
1-PB2,2244,0,0,85,0,85,G
1-PB2,2245,88,0,0,0,88,A
1-PB2,2246,0,0,0,86,86,C
1-PB2,2247,83,0,0,0,83,A
1-PB2,2248,0,0,81,0,81,G
1-PB2,2249,0,0,0,79,79,C
1-PB2,2250,0,0,81,0,81,G
1-PB2,2251,78,0,0,0,78,A
1-PB2,2252,0,0,0,80,80,C
1-PB2,2253,0,0,0,80,80,C
1-PB2,2254,81,0,0,0,81,A
1-PB2,2255,80,0,0,0,80,A
1-PB2,2256,80,0,0,0,80,A
1-PB2,2257,81,0,0,0,81,A
1-PB2,2258,0,0,81,0,81,G
1-PB2,2259,80,0,0,0,80,A
1-PB2,2260,79,0,0,0,79,A
1-PB2,2261,0,80,0,0,80,T
1-PB2,2262,1,79,0,0,80,T
1-PB2,2263,0,0,0,79,79,C
1-PB2,2264,0,0,78,0,78,G
1-PB2,2265,0,0,76,0,76,G
1-PB2,2266,75,0,0,0,75,A
1-PB2,2267,0,73,0,0,73,T
1-PB2,2268,0,0,74,0,74,G
1-PB2,2269,0,0,72,0,72,G
1-PB2,2270,0,0,0,71,71,C
1-PB2,2271,0,0,0,72,72,C
1-PB2,2272,72,0,0,0,72,A
1-PB2,2273,0,73,0,0,73,T
1-PB2,2274,0,0,0,73,73,C
1-PB2,2275,73,0,0,0,73,A
1-PB2,2276,73,0,0,0,73,A
1-PB2,2277,0,72,0,0,72,T
1-PB2,2278,0,63,0,0,63,T
1-PB2,2279,57,0,0,0,57,A
1-PB2,2280,56,0,0,0,56,A
2-PB1,1,474,0,0,0,474,A
2-PB1,2,0,474,0,0,474,T
2-PB1,3,0,0,479,0,479,G
2-PB1,4,0,0,503,0,503,G
2-PB1,5,573,0,1,0,574,A
2-PB1,6,0,616,0,0,616,T
2-PB1,7,0,0,622,0,622,G
2-PB1,8,0,625,0,2,627,T
2-PB1,9,1,0,0,676,677,C
2-PB1,10,682,0,0,0,682,A
2-PB1,11,705,0,0,0,705,A
2-PB1,12,0,710,0,0,710,T
2-PB1,13,0,0,0,718,718,C
2-PB1,14,1,1,0,764,766,C
2-PB1,15,1,0,773,0,774,G
2-PB1,16,878,0,0,0,878,A
2-PB1,17,0,0,0,892,892,C
2-PB1,18,0,890,0,1,891,T
2-PB1,19,0,0,0,1036,1036,C
2-PB1,20,0,1031,0,2,1033,T
2-PB1,21,1052,1,0,0,1053,A
2-PB1,22,0,0,0,1053,1053,C
2-PB1,23,0,1054,0,1,1055,T
2-PB1,24,0,0,1175,0,1175,G
2-PB1,25,0,1192,0,2,1194,T
2-PB1,26,0,1194,0,2,1196,T
2-PB1,27,0,0,0,1190,1190,C
2-PB1,28,0,2,0,1192,1194,C
2-PB1,29,1,1406,0,1,1408,T
2-PB1,30,1421,0,0,0,1421,A
2-PB1,31,1421,0,0,0,1421,A
2-PB1,32,1421,0,0,0,1421,A
2-PB1,33,3,3,1424,0,1430,G
2-PB1,34,1,2,1433,0,1436,G
2-PB1,35,0,1439,0,3,1442,T
2-PB1,36,0,1452,0,0,1452,T
2-PB1,37,0,0,0,1453,1453,C
2-PB1,38,0,0,0,1451,1451,C
2-PB1,39,1451,0,4,0,1455,A
2-PB1,40,1,0,1481,0,1482,G
2-PB1,41,0,1,0,1481,1482,C
2-PB1,42,0,0,1489,0,1489,G
2-PB1,43,0,0,0,1498,1498,C
2-PB1,44,1497,0,1,0,1498,A
2-PB1,45,1500,0,2,0,1502,A
2-PB1,46,1502,0,0,0,1502,A
2-PB1,47,1512,0,0,0,1512,A
2-PB1,48,0,1524,0,1,1525,T
2-PB1,49,0,1,1605,0,1606,G
2-PB1,50,0,2,0,1626,1628,C
2-PB1,51,0,0,0,1643,1643,C
2-PB1,52,1642,0,2,0,1644,A
2-PB1,53,0,1652,0,1,1653,T
2-PB1,54,1769,0,1,0,1770,A
2-PB1,55,1772,0,0,0,1772,A
2-PB1,56,0,0,1839,0,1839,G
2-PB1,57,0,0,0,1845,1845,C
2-PB1,58,1843,1,0,0,1844,A
2-PB1,59,0,1,0,1917,1918,C
2-PB1,60,1911,0,1,0,1912,A
2-PB1,61,2014,0,1,0,2015,A
2-PB1,62,0,0,0,2020,2020,C
2-PB1,63,2024,0,0,0,2024,A
2-PB1,64,0,2035,0,1,2036,T
2-PB1,65,0,2037,0,1,2038,T
2-PB1,66,0,0,0,2568,2568,C
2-PB1,67,0,0,0,2568,2568,C
2-PB1,68,2,0,0,2584,2586,C
2-PB1,69,0,2617,1,1,2619,T
2-PB1,70,0,2619,0,0,2619,T
2-PB1,71,2873,0,0,0,2873,A
2-PB1,72,0,2897,0,0,2897,T
2-PB1,73,2914,0,0,0,2914,A
2-PB1,74,0,1,0,2936,2937,C
2-PB1,75,0,2879,0,4,2883,T
2-PB1,76,0,1,2939,0,2940,G
2-PB1,77,0,4,2909,2,2915,G
2-PB1,78,2917,1,1,0,2919,A
2-PB1,79,0,5,2920,0,2925,G
2-PB1,80,2922,0,0,0,2922,A
2-PB1,81,0,2939,0,3,2942,T
2-PB1,82,1,0,0,3122,3123,C
2-PB1,83,0,0,0,3136,3136,C
2-PB1,84,0,3157,0,2,3159,T
2-PB1,85,3,0,0,3364,3367,C
2-PB1,86,2,0,0,3380,3382,C
2-PB1,87,3407,1,0,0,3408,A
2-PB1,88,0,3408,0,0,3408,T
2-PB1,89,3413,0,1,0,3414,A
2-PB1,90,10,0,0,3415,3425,C
2-PB1,91,3399,0,1,0,3400,A
2-PB1,92,1,0,3551,0,3552,G
2-PB1,93,1,1,0,3604,3606,C
2-PB1,94,0,1,0,3587,3588,C
2-PB1,95,3586,0,0,0,3586,A
2-PB1,96,0,3599,0,5,3604,T
2-PB1,97,1,5,3591,0,3597,G
2-PB1,98,0,2,3782,0,3784,G
2-PB1,99,3811,0,1,0,3812,A
2-PB1,100,3835,1,4,0,3840,A
2-PB1,101,0,1,0,3853,3854,C
2-PB1,102,3813,0,6,0,3819,A
2-PB1,103,0,2,3886,1,3889,G
2-PB1,104,1,1,3944,0,3946,G
2-PB1,105,3942,0,2,0,3944,A
2-PB1,106,3979,0,4,0,3983,A
2-PB1,107,0,1,0,4008,4009,C
2-PB1,108,3983,0,2,0,3985,A
2-PB1,109,1,5,4434,0,4440,G
2-PB1,110,1,5,4408,0,4414,G
2-PB1,111,0,1,4478,0,4479,G
2-PB1,112,0,4469,0,4,4473,T
2-PB1,113,4494,0,5,0,4499,A
2-PB1,114,0,3,0,4546,4549,C
2-PB1,115,4713,0,3,0,4716,A
2-PB1,116,1,0,0,4894,4895,C
2-PB1,117,3,1,0,4884,4888,C
2-PB1,118,4777,0,5,0,4782,A
2-PB1,119,0,4770,0,2,4772,T
2-PB1,120,0,11,4774,0,4785,G
2-PB1,121,0,3,4775,0,4778,G
2-PB1,122,4764,0,9,0,4773,A
2-PB1,123,0,1,0,4824,4825,C
2-PB1,124,4751,0,4,0,4755,A
2-PB1,125,2,1,0,4863,4866,C
2-PB1,126,4841,1,5,6,4853,A
2-PB1,127,0,0,4934,0,4934,G
2-PB1,128,0,4931,0,2,4933,T
2-PB1,129,3,0,0,5107,5110,C
2-PB1,130,5089,0,3,0,5092,A
2-PB1,131,5135,0,4,1,5140,A
2-PB1,132,2,0,0,5141,5143,C
2-PB1,133,5140,0,3,0,5143,A
2-PB1,134,4,4,5185,0,5193,G
2-PB1,135,5145,0,3,0,5148,A
2-PB1,136,5143,0,4,0,5147,A
2-PB1,137,0,2,0,5153,5155,C
2-PB1,138,5088,1,2,2,5093,A
2-PB1,139,0,0,0,5108,5108,C
2-PB1,140,5075,0,1,0,5076,A
2-PB1,141,0,5047,0,2,5049,T
2-PB1,142,5,0,0,5412,5417,C
2-PB1,143,5410,0,2,0,5412,A
2-PB1,144,5458,0,1,0,5459,A
2-PB1,145,0,5576,0,0,5576,T
2-PB1,146,5710,0,0,0,5710,A
2-PB1,147,1,5722,0,0,5723,T
2-PB1,148,0,5668,0,1,5669,T
2-PB1,149,2,1,0,5666,5669,C
2-PB1,150,5601,0,7,0,5608,A
2-PB1,151,0,1,5621,0,5622,G
2-PB1,152,5565,1,4,0,5570,A
2-PB1,153,0,2,5604,0,5606,G
2-PB1,154,5501,0,2,0,5503,A
2-PB1,155,1,5,5418,0,5424,G
2-PB1,156,2,3,5406,0,5411,G
2-PB1,157,0,3,5578,1,5582,G
2-PB1,158,1,4,5586,0,5591,G
2-PB1,159,8,2,5621,0,5631,G
2-PB1,160,5625,0,8,0,5633,A
2-PB1,161,5655,1,1,0,5657,A
2-PB1,162,4,1,5688,0,5693,G
2-PB1,163,0,5584,0,4,5588,T
2-PB1,164,1,4,5621,2,5628,G
2-PB1,165,1,1,5586,0,5588,G
2-PB1,166,5582,0,11,0,5593,A
2-PB1,167,2,2,0,5641,5645,C
2-PB1,168,2,5,5630,0,5637,G
2-PB1,169,5658,0,3,0,5661,A
2-PB1,170,0,1,0,5721,5722,C
2-PB1,171,5699,0,6,0,5705,A
2-PB1,172,5722,0,0,0,5722,A
2-PB1,173,5721,0,3,0,5724,A
2-PB1,174,0,5820,0,0,5820,T
2-PB1,175,5846,0,3,1,5850,A
2-PB1,176,2,1,0,5854,5857,C
2-PB1,177,5810,0,3,0,5813,A
2-PB1,178,0,2,5829,0,5831,G
2-PB1,179,5801,0,1,0,5802,A
2-PB1,180,5854,1,0,0,5855,A
2-PB1,181,5841,0,1,0,5842,A
2-PB1,182,0,1,1,5873,5875,C
2-PB1,183,0,5810,0,2,5812,T
2-PB1,184,0,6,5795,0,5801,G
2-PB1,185,2,6,5739,0,5747,G
2-PB1,186,0,3,5691,0,5694,G
2-PB1,187,9,1,5709,0,5719,G
2-PB1,188,2,1,1,5774,5778,C
2-PB1,189,5788,0,1,0,5789,A
2-PB1,190,0,0,0,5981,5981,C
2-PB1,191,1,0,1,5976,5978,C
2-PB1,192,3,2,0,5970,5975,C
2-PB1,193,3,0,0,6007,6010,C
2-PB1,194,6032,1,3,0,6036,A
2-PB1,195,6067,1,2,0,6070,A
2-PB1,196,1,8,0,6052,6061,C
2-PB1,197,0,6042,0,3,6045,T
2-PB1,198,4,0,0,6078,6082,C
2-PB1,199,5948,0,1,0,5949,A
2-PB1,200,6004,0,4,0,6008,A
2-PB1,201,4,1,0,6006,6011,C
2-PB1,202,6,0,0,5988,5994,C
2-PB1,203,3,1,0,6013,6017,C
2-PB1,204,6006,0,3,0,6009,A
2-PB1,205,6013,0,1,0,6014,A
2-PB1,206,1,6040,0,0,6041,T
2-PB1,207,0,6032,0,3,6035,T
2-PB1,208,0,1,6039,0,6040,G
2-PB1,209,5990,0,2,0,5992,A
2-PB1,210,0,5973,0,6,5979,T
2-PB1,211,0,7,5976,0,5983,G
2-PB1,212,0,6,6012,0,6018,G
2-PB1,213,6117,0,3,1,6121,A
2-PB1,214,1,1,0,6132,6134,C
2-PB1,215,3,1,1,6128,6133,C
2-PB1,216,6118,2,3,0,6123,A
2-PB1,217,3,1,0,6266,6270,C
2-PB1,218,1,6256,0,4,6261,T
2-PB1,219,6324,3,1,0,6328,A
2-PB1,220,1,2,0,6416,6419,C
2-PB1,221,8,0,0,6349,6357,C
2-PB1,222,0,6275,0,2,6277,T
2-PB1,223,0,3,6298,0,6301,G
2-PB1,224,6286,0,5,0,6291,A
2-PB1,225,0,3,6340,0,6343,G
2-PB1,226,1,1,6315,0,6317,G
2-PB1,227,6320,1,0,0,6321,A
2-PB1,228,0,6297,0,0,6297,T
2-PB1,229,6227,0,5,0,6232,A
2-PB1,230,6222,1,4,1,6228,A
2-PB1,231,0,6221,1,0,6222,T
2-PB1,232,12,9,6198,0,6219,G
2-PB1,233,6230,0,2,1,6233,A
2-PB1,234,6192,1,7,1,6201,A
2-PB1,235,1,1,0,6236,6238,C
2-PB1,236,3,0,0,6133,6136,C
2-PB1,237,6162,0,1,0,6163,A
2-PB1,238,6140,0,1,0,6141,A
2-PB1,239,0,0,6155,0,6155,G
2-PB1,240,0,6101,0,5,6106,T
2-PB1,241,1,8,6154,0,6163,G
2-PB1,242,0,2,6242,0,6244,G
2-PB1,243,6236,0,4,0,6240,A
2-PB1,244,1,6226,1,0,6228,T
2-PB1,245,6248,0,2,0,6250,A
2-PB1,246,0,6365,0,1,6366,T
2-PB1,247,0,1,6385,0,6386,G
2-PB1,248,0,2,0,6393,6395,C
2-PB1,249,6379,1,4,0,6384,A
2-PB1,250,0,1,0,6546,6547,C
2-PB1,251,6448,1,1,0,6450,A
2-PB1,252,6547,0,6,0,6553,A
2-PB1,253,6516,0,1,0,6517,A
2-PB1,254,0,2,0,6546,6548,C
2-PB1,255,6408,0,2,0,6410,A
2-PB1,256,7,5,6453,0,6465,G
2-PB1,257,6426,1,4,0,6431,A
2-PB1,258,0,1,0,6449,6450,C
2-PB1,259,0,6291,1,3,6295,T
2-PB1,260,12,0,6395,0,6407,G
2-PB1,261,0,6291,0,7,6298,T
2-PB1,262,0,0,6592,0,6592,G
2-PB1,263,1,6570,0,8,6579,T
2-PB1,264,4,1,0,6590,6595,C
2-PB1,265,4,1,0,6591,6596,C
2-PB1,266,0,6560,0,4,6564,T
2-PB1,267,2,6,6541,0,6549,G
2-PB1,268,0,4,6533,0,6537,G
2-PB1,269,6444,0,3,0,6447,A
2-PB1,270,0,4,6574,0,6578,G
2-PB1,271,1,0,6391,0,6392,G
2-PB1,272,0,1,0,6416,6417,C
2-PB1,273,0,6403,0,6,6409,T
2-PB1,274,6406,0,2,0,6408,A
2-PB1,275,0,6394,0,3,6397,T
2-PB1,276,0,3,6395,0,6398,G
2-PB1,277,1,1,6366,0,6368,G
2-PB1,278,1,1,0,6359,6361,C
2-PB1,279,5,0,0,6301,6306,C
2-PB1,280,0,6263,0,8,6271,T
2-PB1,281,0,6554,0,0,6554,T
2-PB1,282,3,0,0,6588,6591,C
2-PB1,283,5,0,0,6598,6603,C
2-PB1,284,0,6600,1,4,6605,T
2-PB1,285,0,6608,0,4,6612,T
2-PB1,286,17,2,6607,0,6626,G
2-PB1,287,6587,0,2,0,6589,A
2-PB1,288,6606,0,2,0,6608,A
2-PB1,289,3,1,6612,0,6616,G
2-PB1,290,6421,0,1,0,6422,A
2-PB1,291,6467,0,1,0,6468,A
2-PB1,292,0,6410,0,14,6424,T
2-PB1,293,2,0,0,6473,6475,C
2-PB1,294,4,0,0,6443,6447,C
2-PB1,295,11,0,0,6426,6437,C
2-PB1,296,6396,1,9,0,6406,A
2-PB1,297,1,1,0,6503,6505,C
2-PB1,298,4,0,1,6474,6479,C
2-PB1,299,5,0,0,6497,6502,C
2-PB1,300,6436,1,1,0,6438,A
2-PB1,301,0,2,6458,0,6460,G
2-PB1,302,1,0,6489,0,6490,G
2-PB1,303,0,6374,0,15,6389,T
2-PB1,304,6522,0,1,0,6523,A
2-PB1,305,0,6492,0,3,6495,T
2-PB1,306,1,0,0,6524,6525,C
2-PB1,307,1,6518,1,2,6522,T
2-PB1,308,0,6516,0,3,6519,T
2-PB1,309,0,6514,0,2,6516,T
2-PB1,310,2,3,6484,0,6489,G
2-PB1,311,6415,1,7,0,6423,A
2-PB1,312,0,4,6438,0,6442,G
2-PB1,313,6351,0,2,0,6353,A
2-PB1,314,6413,1,1,0,6415,A
2-PB1,315,1,0,1,6442,6444,C
2-PB1,316,0,6375,0,4,6379,T
2-PB1,317,3,2,0,6409,6414,C
2-PB1,318,6404,0,0,0,6404,A
2-PB1,319,1,6388,0,7,6396,T
2-PB1,320,0,1,6423,0,6424,G
2-PB1,321,0,1,0,6522,6523,C
2-PB1,322,6,1,0,6521,6528,C
2-PB1,323,0,6508,0,10,6518,T
2-PB1,324,0,6465,0,3,6468,T
2-PB1,325,1,3,6493,0,6497,G
2-PB1,326,6524,1,3,0,6528,A
2-PB1,327,6534,0,3,0,6537,A
2-PB1,328,6534,1,2,0,6537,A
2-PB1,329,2,0,0,6617,6619,C
2-PB1,330,6484,1,0,0,6485,A
2-PB1,331,6498,0,1,0,6499,A
2-PB1,332,0,6506,0,4,6510,T
2-PB1,333,2,6,6501,0,6509,G
2-PB1,334,0,1,6491,0,6492,G
2-PB1,335,6425,1,3,0,6429,A
2-PB1,336,6428,0,7,0,6435,A
2-PB1,337,20,0,6403,0,6423,G
2-PB1,338,0,0,1,6410,6411,C
2-PB1,339,3,1,0,6393,6397,C
2-PB1,340,4,1,6444,0,6449,G
2-PB1,341,0,6388,0,6,6394,T
2-PB1,342,0,6407,0,2,6409,T
2-PB1,343,5,1,0,6480,6486,C
2-PB1,344,6491,0,2,0,6493,A
2-PB1,345,6568,0,6,0,6574,A
2-PB1,346,0,0,0,6584,6584,C
2-PB1,347,6585,0,6,0,6591,A
2-PB1,348,8,4,6595,0,6607,G
2-PB1,349,6494,0,9,0,6503,A
2-PB1,350,1,1,0,6520,6522,C
2-PB1,351,6521,0,3,1,6525,A
2-PB1,352,6520,0,6,2,6528,A
2-PB1,353,1,3,6583,0,6587,G
2-PB1,354,2,1,6523,0,6526,G
2-PB1,355,3,2,6513,0,6518,G
2-PB1,356,1,6261,0,7,6269,T
2-PB1,357,16,6,6355,0,6377,G
2-PB1,358,1,4,6386,0,6391,G
2-PB1,359,6389,1,9,0,6399,A
2-PB1,360,1,1,0,6439,6441,C
2-PB1,361,6344,0,1,0,6345,A
2-PB1,362,6408,1,3,0,6412,A
2-PB1,363,6414,0,0,0,6414,A
2-PB1,364,2,0,0,6399,6401,C
2-PB1,365,0,6370,0,1,6371,T
2-PB1,366,6384,0,1,0,6385,A
2-PB1,367,6343,0,8,0,6351,A
2-PB1,368,4,1,0,6414,6419,C
2-PB1,369,2,2,0,6411,6415,C
2-PB1,370,2,1,0,6448,6451,C
2-PB1,371,6268,0,1,0,6269,A
2-PB1,372,6244,0,1,1,6246,A
2-PB1,373,0,7,6242,0,6249,G
2-PB1,374,0,0,6257,0,6257,G
2-PB1,375,0,6149,0,2,6151,T
2-PB1,376,5,1,0,6264,6270,C
2-PB1,377,4,1,6236,0,6241,G
2-PB1,378,1,2,0,6219,6222,C
2-PB1,379,3,10,2,6270,6285,C
2-PB1,380,6261,1,4,0,6266,A
2-PB1,381,1,5,6396,0,6402,G
2-PB1,382,6416,0,7,0,6423,A
2-PB1,383,0,0,0,6472,6472,C
2-PB1,384,0,6436,0,6,6442,T
2-PB1,385,0,6422,0,2,6424,T
2-PB1,386,6418,0,6,0,6424,A
2-PB1,387,0,6454,0,1,6455,T
2-PB1,388,0,4,6453,0,6457,G
2-PB1,389,6423,0,1,0,6424,A
2-PB1,390,0,6311,0,2,6313,T
2-PB1,391,1,6146,1,1,6149,T
2-PB1,392,6,6,6118,0,6130,G
2-PB1,393,6,1,6098,0,6105,G
2-PB1,394,6197,2,7,0,6206,A
2-PB1,395,1,1,0,6229,6231,C
2-PB1,396,6163,0,0,0,6163,A
2-PB1,397,0,6127,0,1,6128,T
2-PB1,398,0,6186,0,0,6186,T
2-PB1,399,6227,2,0,1,6230,A
2-PB1,400,6219,0,2,0,6221,A
2-PB1,401,6207,0,5,2,6214,A
2-PB1,402,1,0,0,6239,6240,C
2-PB1,403,6133,1,2,0,6136,A
2-PB1,404,0,1,6173,0,6174,G
2-PB1,405,6145,0,2,0,6147,A
2-PB1,406,6173,0,0,1,6174,A
2-PB1,407,6168,0,1,0,6169,A
2-PB1,408,0,6055,0,0,6055,T
2-PB1,409,5,0,0,6126,6131,C
2-PB1,410,6128,0,1,0,6129,A
2-PB1,411,6112,0,7,0,6119,A
2-PB1,412,0,1,0,6127,6128,C
2-PB1,413,3,3,0,6098,6104,C
2-PB1,414,7,5,6066,0,6078,G
2-PB1,415,2,0,6056,0,6058,G
2-PB1,416,1,0,0,6095,6096,C
2-PB1,417,6107,0,5,0,6112,A
2-PB1,418,1,1,6109,0,6111,G
2-PB1,419,2,1,1,6140,6144,C
2-PB1,420,6155,0,7,0,6162,A
2-PB1,421,6161,0,3,0,6164,A
2-PB1,422,2,0,0,6172,6174,C
2-PB1,423,2,6112,1,3,6118,T
2-PB1,424,1,0,6351,1,6353,G
2-PB1,425,1,2,9,6342,6354,C
2-PB1,426,6354,2,3,0,6359,A
2-PB1,427,1,6341,0,3,6345,T
2-PB1,428,0,6274,0,0,6274,T
2-PB1,429,6559,1,4,0,6564,A
2-PB1,430,1,0,6544,0,6545,G
2-PB1,431,2,0,0,6500,6502,C
2-PB1,432,4,3,0,6546,6553,C
2-PB1,433,6317,0,2,1,6320,A
2-PB1,434,6346,1,3,0,6350,A
2-PB1,435,1,0,0,6396,6397,C
2-PB1,436,6353,0,3,0,6356,A
2-PB1,437,1,0,0,6538,6539,C
2-PB1,438,9,0,0,6191,6200,C
2-PB1,439,6192,0,4,0,6196,A
2-PB1,440,1,6159,0,3,6163,T
2-PB1,441,6204,0,1,0,6205,A
2-PB1,442,0,2,6191,0,6193,G
2-PB1,443,6146,0,0,0,6146,A
2-PB1,444,6048,0,2,0,6050,A
2-PB1,445,0,1,6094,0,6095,G
2-PB1,446,0,5888,1,2,5891,T
2-PB1,447,3,5862,1,0,5866,T
2-PB1,448,0,5929,0,1,5930,T
2-PB1,449,0,5937,2,2,5941,T
2-PB1,450,0,5961,0,0,5961,T
2-PB1,451,5944,1,7,0,5952,A
2-PB1,452,11,2,5921,0,5934,G
2-PB1,453,5911,0,0,1,5912,A
2-PB1,454,0,5837,0,4,5841,T
2-PB1,455,8,11,0,5809,5828,C
2-PB1,456,0,10,5825,0,5835,G
2-PB1,457,5810,0,1,0,5811,A
2-PB1,458,5808,0,2,1,5811,A
2-PB1,459,0,2,0,5849,5851,C
2-PB1,460,0,0,5841,0,5841,G
2-PB1,461,0,3,6071,0,6074,G
2-PB1,462,6059,0,3,0,6062,A
2-PB1,463,0,6046,0,4,6050,T
2-PB1,464,0,6077,0,2,6079,T
2-PB1,465,6049,2,30,0,6081,A
2-PB1,466,6080,1,2,0,6083,A
2-PB1,467,1,2,0,6110,6113,C
2-PB1,468,6058,1,20,0,6079,A
2-PB1,469,0,1,6091,0,6092,G
2-PB1,470,1,2,0,5882,5885,C
2-PB1,471,0,5881,0,1,5882,T
2-PB1,472,5906,0,3,0,5909,A
2-PB1,473,5898,0,2,0,5900,A
2-PB1,474,0,5882,0,0,5882,T
2-PB1,475,0,3,5936,0,5939,G
2-PB1,476,5904,1,2,1,5908,A
2-PB1,477,5914,1,2,0,5917,A
2-PB1,478,0,5789,1,2,5792,T
2-PB1,479,5,0,0,5830,5835,C
2-PB1,480,5822,0,8,0,5830,A
2-PB1,481,1,2,5811,0,5814,G
2-PB1,482,0,3,5798,0,5801,G
2-PB1,483,5800,0,1,0,5801,A
2-PB1,484,5723,0,3,0,5726,A
2-PB1,485,1,1,5948,1,5951,G
2-PB1,486,2,0,5923,0,5925,G
2-PB1,487,2,4,0,5952,5958,C
2-PB1,488,0,5975,0,7,5982,T
2-PB1,489,5988,1,1,0,5990,A
2-PB1,490,5979,0,6,0,5985,A
2-PB1,491,0,6003,0,1,6004,T
2-PB1,492,5996,0,2,0,5998,A
2-PB1,493,0,2,6035,0,6037,G
2-PB1,494,5653,1,1,0,5655,A
2-PB1,495,1,5572,0,2,5575,T
2-PB1,496,0,5573,0,2,5575,T
2-PB1,497,1,5503,0,1,5505,T
2-PB1,498,3,0,0,5664,5667,C
2-PB1,499,2,1,0,5691,5694,C
2-PB1,500,0,5649,0,6,5655,T
2-PB1,501,1,1,1,5756,5759,C
2-PB1,502,5740,0,1,0,5741,A
2-PB1,503,5740,0,1,0,5741,A
2-PB1,504,0,5,5766,0,5771,G
2-PB1,505,2,1,5830,0,5833,G
2-PB1,506,5815,0,0,1,5816,A
2-PB1,507,0,5624,0,2,5626,T
2-PB1,508,0,0,5674,0,5674,G
2-PB1,509,5,5615,0,13,5633,T
2-PB1,510,1,3,5743,0,5747,G
2-PB1,511,5738,1,2,0,5741,A
2-PB1,512,0,5718,0,2,5720,T
2-PB1,513,1,2,5712,0,5715,G
2-PB1,514,0,5,5659,1,5665,G
2-PB1,515,5671,1,6,0,5678,A
2-PB1,516,5677,0,4,0,5681,A
2-PB1,517,0,5543,0,1,5544,T
2-PB1,518,2,1,0,5598,5601,C
2-PB1,519,5541,0,2,0,5543,A
2-PB1,520,5545,0,0,1,5546,A
2-PB1,521,3,5535,0,0,5538,T
2-PB1,522,0,4,5619,0,5623,G
2-PB1,523,0,2,5621,0,5623,G
2-PB1,524,5608,2,3,0,5613,A
2-PB1,525,0,5611,0,0,5611,T
2-PB1,526,5629,0,4,0,5633,A
2-PB1,527,5604,0,1,0,5605,A
2-PB1,528,5615,0,1,0,5616,A
2-PB1,529,5,1,5675,0,5681,G
2-PB1,530,5635,0,5,0,5640,A
2-PB1,531,0,3,5578,0,5581,G
2-PB1,532,1,1,5583,0,5585,G
2-PB1,533,5576,1,2,0,5579,A
2-PB1,534,5590,1,4,1,5596,A
2-PB1,535,5600,0,2,0,5602,A
2-PB1,536,1,5573,0,2,5576,T
2-PB1,537,1,5,5656,2,5664,G
2-PB1,538,0,3,5659,0,5662,G
2-PB1,539,5593,2,5,0,5600,A
2-PB1,540,0,0,5645,0,5645,G
2-PB1,541,5584,0,3,0,5587,A
2-PB1,542,1,5676,0,2,5679,T
2-PB1,543,5676,0,2,0,5678,A
2-PB1,544,5715,1,2,1,5719,A
2-PB1,545,0,3,0,5736,5739,C
2-PB1,546,5650,0,2,0,5652,A
2-PB1,547,5660,0,4,0,5664,A
2-PB1,548,0,1,0,5647,5648,C
2-PB1,549,5585,0,4,0,5589,A
2-PB1,550,1,0,0,5614,5615,C
2-PB1,551,5511,0,3,0,5514,A
2-PB1,552,0,1,0,5558,5559,C
2-PB1,553,0,5491,0,4,5495,T
2-PB1,554,0,5497,2,2,5501,T
2-PB1,555,0,5474,1,0,5475,T
2-PB1,556,1,1,0,5529,5531,C
2-PB1,557,5540,0,1,0,5541,A
2-PB1,558,5553,0,1,0,5554,A
2-PB1,559,5532,0,6,0,5538,A
2-PB1,560,1,4,5599,0,5604,G
2-PB1,561,5530,0,7,0,5537,A
2-PB1,562,5564,0,1,0,5565,A
2-PB1,563,5574,0,1,0,5575,A
2-PB1,564,5580,0,4,0,5584,A
2-PB1,565,5580,0,8,0,5588,A
2-PB1,566,13,7,5583,0,5603,G
2-PB1,567,11,5,5587,0,5603,G
2-PB1,568,5531,0,8,0,5539,A
2-PB1,569,2,8,5617,0,5627,G
2-PB1,570,5587,0,4,1,5592,A
2-PB1,571,5,0,5737,0,5742,G
2-PB1,572,1,5695,0,0,5696,T
2-PB1,573,5728,0,1,0,5729,A
2-PB1,574,5715,0,10,0,5725,A
2-PB1,575,2,8,5724,0,5734,G
2-PB1,576,2,2,5738,0,5742,G
2-PB1,577,2,2,5724,0,5728,G
2-PB1,578,5653,0,6,0,5659,A
2-PB1,579,5,0,0,5692,5697,C
2-PB1,580,5536,0,5,0,5541,A
2-PB1,581,5571,0,1,0,5572,A
2-PB1,582,1,1,0,5541,5543,C
2-PB1,583,5556,1,3,0,5560,A
2-PB1,584,0,5450,0,2,5452,T
2-PB1,585,1,7,5436,0,5444,G
2-PB1,586,5433,0,14,0,5447,A
2-PB1,587,2,0,1,5401,5404,C
2-PB1,588,8,1,0,5399,5408,C
2-PB1,589,5441,0,0,0,5441,A
2-PB1,590,5446,0,1,0,5447,A
2-PB1,591,13,1,5456,1,5471,G
2-PB1,592,5467,0,1,0,5468,A
2-PB1,593,5474,0,1,0,5475,A
2-PB1,594,5461,0,0,0,5461,A
2-PB1,595,5447,0,2,0,5449,A
2-PB1,596,0,5419,0,2,5421,T
2-PB1,597,4,4,5445,0,5453,G
2-PB1,598,1,1,5444,0,5446,G
2-PB1,599,1,5387,0,10,5398,T
2-PB1,600,15,1,0,5373,5389,C
2-PB1,601,5431,0,3,0,5434,A
2-PB1,602,3,1,0,5669,5673,C
2-PB1,603,5733,0,3,0,5736,A
2-PB1,604,0,1,0,5751,5752,C
2-PB1,605,5712,0,1,0,5713,A
2-PB1,606,5838,0,5,0,5843,A
2-PB1,607,5777,0,7,1,5785,A
2-PB1,608,0,3,5905,0,5908,G
2-PB1,609,368,5,5332,0,5705,G
2-PB1,610,5866,0,4,0,5870,A
2-PB1,611,3,1,9,6007,6020,C
2-PB1,612,6032,0,1,0,6033,A
2-PB1,613,6054,0,4,0,6058,A
2-PB1,614,0,6037,0,1,6038,T
2-PB1,615,5968,0,5,0,5973,A
2-PB1,616,0,5,5969,0,5974,G
2-PB1,617,0,2,5791,1,5794,G
2-PB1,618,10,5,5777,0,5792,G
2-PB1,619,5782,0,2,0,5784,A
2-PB1,620,5706,0,2,0,5708,A
2-PB1,621,2,6,5735,0,5743,G
2-PB1,622,5700,0,0,0,5700,A
2-PB1,623,5719,0,2,0,5721,A
2-PB1,624,5731,0,0,0,5731,A
2-PB1,625,5755,0,3,0,5758,A
2-PB1,626,5836,0,5,0,5841,A
2-PB1,627,5848,0,3,0,5851,A
2-PB1,628,1,0,0,5858,5859,C
2-PB1,629,5851,0,1,0,5852,A
2-PB1,630,5842,0,3,0,5845,A
2-PB1,631,5818,0,7,0,5825,A
2-PB1,632,6,7,5861,0,5874,G
2-PB1,633,5893,0,1,0,5894,A
2-PB1,634,1,2,6031,1,6035,G
2-PB1,635,0,5879,1,3,5883,T
2-PB1,636,1,0,6561,0,6562,G
2-PB1,637,6576,1,6,2,6585,A
2-PB1,638,6590,2,3,0,6595,A
2-PB1,639,1,6615,1,0,6617,T
2-PB1,640,6689,0,4,0,6693,A
2-PB1,641,6655,0,9,0,6664,A
2-PB1,642,0,2,6664,0,6666,G
2-PB1,643,6494,0,10,0,6504,A
2-PB1,644,0,5,6523,0,6528,G
2-PB1,645,6127,1,4,0,6132,A
2-PB1,646,8,1,6132,1,6142,G
2-PB1,647,2,1,6099,0,6102,G
2-PB1,648,4,1,0,6098,6103,C
2-PB1,649,0,6064,0,3,6067,T
2-PB1,650,6235,0,1,0,6236,A
2-PB1,651,1,0,0,6466,6467,C
2-PB1,652,3,2,0,6499,6504,C
2-PB1,653,0,6527,0,7,6534,T
2-PB1,654,6741,0,0,0,6741,A
2-PB1,655,6706,1,0,0,6707,A
2-PB1,656,0,6711,0,0,6711,T
2-PB1,657,6710,1,1,1,6713,A
2-PB1,658,6697,0,2,0,6699,A
2-PB1,659,5,7,6666,0,6678,G
2-PB1,660,6434,0,2,0,6436,A
2-PB1,661,1,1,6429,0,6431,G
2-PB1,662,0,2,0,6439,6441,C
2-PB1,663,1,6296,0,7,6304,T
2-PB1,664,1,6338,0,0,6339,T
2-PB1,665,0,6341,0,2,6343,T
2-PB1,666,0,7,6335,0,6342,G
2-PB1,667,6429,0,12,0,6441,A
2-PB1,668,0,1,0,6461,6462,C
2-PB1,669,6436,0,0,0,6436,A
2-PB1,670,0,6371,0,5,6376,T
2-PB1,671,0,6355,0,1,6356,T
2-PB1,672,14,12,6415,1,6442,G
2-PB1,673,6422,1,4,0,6427,A
2-PB1,674,6421,0,8,1,6430,A
2-PB1,675,0,1,0,6438,6439,C
2-PB1,676,6405,0,2,0,6407,A
2-PB1,677,0,4,0,6416,6420,C
2-PB1,678,7,2,6414,0,6423,G
2-PB1,679,6414,0,8,1,6423,A
2-PB1,680,1,6433,0,1,6435,T
2-PB1,681,3,11,6511,0,6525,G
2-PB1,682,6513,0,6,2,6521,A
2-PB1,683,1,3,0,6552,6556,C
2-PB1,684,10,0,1,6561,6572,C
2-PB1,685,6583,1,4,0,6588,A
2-PB1,686,6636,2,0,0,6638,A
2-PB1,687,6629,0,4,0,6633,A
2-PB1,688,1,2,6778,0,6781,G
2-PB1,689,6798,0,3,0,6801,A
2-PB1,690,0,6710,1,1,6712,T
2-PB1,691,2,1,6768,0,6771,G
2-PB1,692,1,3,0,6719,6723,C
2-PB1,693,6718,0,12,0,6730,A
2-PB1,694,14,3,6760,0,6777,G
2-PB1,695,6700,0,3,0,6703,A
2-PB1,696,1,5,6733,0,6739,G
2-PB1,697,6535,0,4,0,6539,A
2-PB1,698,0,3,6499,0,6502,G
2-PB1,699,6424,0,14,0,6438,A
2-PB1,700,3,5,6412,0,6420,G
2-PB1,701,4,1,6405,0,6410,G
2-PB1,702,0,0,0,6408,6408,C
2-PB1,703,6393,0,1,0,6394,A
2-PB1,704,6401,0,0,0,6401,A
2-PB1,705,6429,0,0,0,6429,A
2-PB1,706,0,6451,0,0,6451,T
2-PB1,707,0,6448,0,0,6448,T
2-PB1,708,6468,2,1,0,6471,A
2-PB1,709,6452,0,0,0,6452,A
2-PB1,710,6453,0,1,0,6454,A
2-PB1,711,6487,0,2,0,6489,A
2-PB1,712,6465,1,10,0,6476,A
2-PB1,713,0,2,6478,0,6480,G
2-PB1,714,6428,0,2,0,6430,A
2-PB1,715,6413,0,3,0,6416,A
2-PB1,716,0,8,6470,0,6478,G
2-PB1,717,3,4,6566,0,6573,G
2-PB1,718,2,1,6565,0,6568,G
2-PB1,719,1,1,0,6593,6595,C
2-PB1,720,0,6615,0,2,6617,T
2-PB1,721,6637,0,0,0,6637,A
2-PB1,722,0,6708,0,5,6713,T
2-PB1,723,0,6717,1,3,6721,T
2-PB1,724,0,1,6744,0,6745,G
2-PB1,725,0,2,0,6690,6692,C
2-PB1,726,6524,1,18,1,6544,A
2-PB1,727,6540,0,8,0,6548,A
2-PB1,728,1,2,0,6527,6530,C
2-PB1,729,6503,0,2,0,6505,A
2-PB1,730,2,0,0,6537,6539,C
2-PB1,731,7,3,0,6418,6428,C
2-PB1,732,2,2,1,6424,6429,C
2-PB1,733,4,8,6412,0,6424,G
2-PB1,734,0,5,6429,1,6435,G
2-PB1,735,0,6,6427,0,6433,G
2-PB1,736,6429,0,1,0,6430,A
2-PB1,737,0,6389,0,3,6392,T
2-PB1,738,3,2,6436,0,6441,G
2-PB1,739,0,4,0,6386,6390,C
2-PB1,740,6478,1,6,0,6485,A
2-PB1,741,6573,0,1,0,6574,A
2-PB1,742,6621,0,2,0,6623,A
2-PB1,743,0,6613,0,1,6614,T
2-PB1,744,0,6618,0,0,6618,T
2-PB1,745,6570,1,2,0,6573,A
2-PB1,746,0,2,6564,0,6566,G
2-PB1,747,6496,2,17,0,6515,A
2-PB1,748,1,4,6557,0,6562,G
2-PB1,749,2,3,6453,0,6458,G
2-PB1,750,0,1,6561,0,6562,G
2-PB1,751,2,6453,0,4,6459,T
2-PB1,752,0,6511,1,4,6516,T
2-PB1,753,7,1,0,6515,6523,C
2-PB1,754,3,1,6604,0,6608,G
2-PB1,755,2,6564,0,15,6581,T
2-PB1,756,0,0,6607,0,6607,G
2-PB1,757,0,6561,0,11,6572,T
2-PB1,758,6503,0,1,0,6504,A
2-PB1,759,3,1,0,6481,6485,C
2-PB1,760,1,6173,2,4,6180,T
2-PB1,761,2,6198,0,2,6202,T
2-PB1,762,4,0,0,6180,6184,C
2-PB1,763,2,0,6125,0,6127,G
2-PB1,764,0,6123,0,0,6123,T
2-PB1,765,0,6114,0,9,6123,T
2-PB1,766,0,2,6114,0,6116,G
2-PB1,767,6091,0,12,0,6103,A
2-PB1,768,6084,0,2,0,6086,A
2-PB1,769,6121,0,0,1,6122,A
2-PB1,770,1,1,0,6144,6146,C
2-PB1,771,0,6084,0,1,6085,T
2-PB1,772,0,6053,0,0,6053,T
2-PB1,773,0,6061,1,3,6065,T
2-PB1,774,6103,0,7,0,6110,A
2-PB1,775,0,1,6125,0,6126,G
2-PB1,776,2,4,2,6120,6128,C
2-PB1,777,0,6135,0,2,6137,T
2-PB1,778,6056,1,2,0,6059,A
2-PB1,779,0,3,6070,0,6073,G
2-PB1,780,6042,0,1,0,6043,A
2-PB1,781,6049,1,0,0,6050,A
2-PB1,782,3,1,6076,0,6080,G
2-PB1,783,0,0,0,5952,5952,C
2-PB1,784,5959,0,3,0,5962,A
2-PB1,785,1,5907,0,2,5910,T
2-PB1,786,0,5925,0,2,5927,T
2-PB1,787,1,5923,0,2,5926,T
2-PB1,788,0,0,5919,0,5919,G
2-PB1,789,1,3,0,5912,5916,C
2-PB1,790,1,2,5940,0,5943,G
2-PB1,791,5921,0,0,0,5921,A
2-PB1,792,5918,1,1,0,5920,A
2-PB1,793,5922,0,0,0,5922,A
2-PB1,794,6008,0,5,0,6013,A
2-PB1,795,1,1,6044,0,6046,G
2-PB1,796,2,0,0,6066,6068,C
2-PB1,797,0,6064,0,6,6070,T
2-PB1,798,1,6070,0,0,6071,T
2-PB1,799,0,9,6066,0,6075,G
2-PB1,800,6068,0,5,0,6073,A
2-PB1,801,6046,0,7,0,6053,A
2-PB1,802,1,1,1,6075,6078,C
2-PB1,803,5900,0,1,0,5901,A
2-PB1,804,0,1,6357,0,6358,G
2-PB1,805,0,6247,0,0,6247,T
2-PB1,806,12,0,0,6251,6263,C
2-PB1,807,1,6253,1,8,6263,T
2-PB1,808,3,1,6262,0,6266,G
2-PB1,809,1,1,6279,0,6281,G
2-PB1,810,6257,1,1,0,6259,A
2-PB1,811,0,0,0,6272,6272,C
2-PB1,812,0,6073,0,6,6079,T
2-PB1,813,0,5693,0,0,5693,T
2-PB1,814,3,1,0,5673,5677,C
2-PB1,815,2,6,0,5688,5696,C
2-PB1,816,2,4,5731,0,5737,G
2-PB1,817,1,0,5733,0,5734,G
2-PB1,818,0,5680,1,1,5682,T
2-PB1,819,0,5703,0,0,5703,T
2-PB1,820,0,8,5657,0,5665,G
2-PB1,821,2,8,5687,1,5698,G
2-PB1,822,2,8,5718,0,5728,G
2-PB1,823,9,3,5726,0,5738,G
2-PB1,824,0,0,5758,0,5758,G
2-PB1,825,1,5695,0,3,5699,T
2-PB1,826,5681,0,3,3,5687,A
2-PB1,827,5715,1,3,0,5719,A
2-PB1,828,0,5729,0,1,5730,T
2-PB1,829,2,2,5739,0,5743,G
2-PB1,830,5682,1,1,0,5684,A
2-PB1,831,5633,0,0,0,5633,A
2-PB1,832,5640,1,2,0,5643,A
2-PB1,833,5619,0,1,0,5620,A
2-PB1,834,8,5,5599,0,5612,G
2-PB1,835,5563,0,2,0,5565,A
2-PB1,836,5508,0,11,0,5519,A
2-PB1,837,4,3,5521,0,5528,G
2-PB1,838,1,2,5500,0,5503,G
2-PB1,839,0,0,0,5485,5485,C
2-PB1,840,6,1,0,5495,5502,C
2-PB1,841,5516,0,1,0,5517,A
2-PB1,842,5512,1,1,0,5514,A
2-PB1,843,5499,1,2,0,5502,A
2-PB1,844,0,0,0,5525,5525,C
2-PB1,845,0,5503,0,3,5506,T
2-PB1,846,0,3,5538,1,5542,G
2-PB1,847,3,0,5520,0,5523,G
2-PB1,848,0,3,0,5540,5543,C
2-PB1,849,5557,0,0,0,5557,A
2-PB1,850,5542,1,1,1,5545,A
2-PB1,851,5549,0,1,0,5550,A
2-PB1,852,0,5560,0,0,5560,T
2-PB1,853,0,1,5568,0,5569,G
2-PB1,854,0,5543,0,0,5543,T
2-PB1,855,0,5413,0,1,5414,T
2-PB1,856,9,0,5416,0,5425,G
2-PB1,857,0,5382,0,3,5385,T
2-PB1,858,0,5,5399,0,5404,G
2-PB1,859,5393,0,2,1,5396,A
2-PB1,860,3,5,5385,0,5393,G
2-PB1,861,5404,0,3,0,5407,A
2-PB1,862,5378,0,0,0,5378,A
2-PB1,863,5369,0,0,0,5369,A
2-PB1,864,5384,0,1,0,5385,A
2-PB1,865,5398,0,0,1,5399,A
2-PB1,866,0,5370,0,1,5371,T
2-PB1,867,0,4,5376,0,5380,G
2-PB1,868,5361,0,3,0,5364,A
2-PB1,869,1,5303,0,2,5306,T
2-PB1,870,0,4,5355,0,5359,G
2-PB1,871,5332,1,5,1,5339,A
2-PB1,872,1,2,0,5371,5374,C
2-PB1,873,0,5366,0,3,5369,T
2-PB1,874,5377,0,1,1,5379,A
2-PB1,875,5406,0,3,0,5409,A
2-PB1,876,0,5395,0,1,5396,T
2-PB1,877,1,5408,0,5,5414,T
2-PB1,878,4,1,0,5438,5443,C
2-PB1,879,5420,1,3,0,5424,A
2-PB1,880,2,2,0,5445,5449,C
2-PB1,881,5382,0,6,1,5389,A
2-PB1,882,5376,1,5,0,5382,A
2-PB1,883,3,2,5396,0,5401,G
2-PB1,884,5434,1,6,0,5441,A
2-PB1,885,0,0,0,5448,5448,C
2-PB1,886,5389,2,5,0,5396,A
2-PB1,887,12,1,8,5365,5386,C
2-PB1,888,5326,0,3,0,5329,A
2-PB1,889,6,4,5342,0,5352,G
2-PB1,890,5318,0,8,1,5327,A
2-PB1,891,2,0,5303,0,5305,G
2-PB1,892,0,3,0,5266,5269,C
2-PB1,893,0,5142,1,11,5154,T
2-PB1,894,0,5209,0,1,5210,T
2-PB1,895,0,5182,0,3,5185,T
2-PB1,896,1,1,0,5214,5216,C
2-PB1,897,0,5215,0,4,5219,T
2-PB1,898,0,5185,0,0,5185,T
2-PB1,899,1,5168,0,4,5173,T
2-PB1,900,3,0,1,5186,5190,C
2-PB1,901,5147,0,1,2,5150,A
2-PB1,902,2,0,0,5182,5184,C
2-PB1,903,5127,0,0,0,5127,A
2-PB1,904,5116,0,3,0,5119,A
2-PB1,905,1,5139,0,0,5140,T
2-PB1,906,3,0,0,5195,5198,C
2-PB1,907,5204,0,1,0,5205,A
2-PB1,908,0,0,0,5235,5235,C
2-PB1,909,0,5167,0,4,5171,T
2-PB1,910,3,3,5203,0,5209,G
2-PB1,911,1,5,5144,0,5150,G
2-PB1,912,1,4,5288,0,5293,G
2-PB1,913,3,1,5298,0,5302,G
2-PB1,914,5155,0,8,0,5163,A
2-PB1,915,1,1,0,4971,4973,C
2-PB1,916,5022,2,5,0,5029,A
2-PB1,917,5254,0,6,0,5260,A
2-PB1,918,1,0,0,5288,5289,C
2-PB1,919,5253,1,1,0,5255,A
2-PB1,920,1,0,0,5284,5285,C
2-PB1,921,0,5049,0,1,5050,T
2-PB1,922,5073,0,1,0,5074,A
2-PB1,923,5054,3,5,0,5062,A
2-PB1,924,0,1,5071,0,5072,G
2-PB1,925,0,5021,0,1,5022,T
2-PB1,926,3,5,4643,0,4651,G
2-PB1,927,0,1,4598,0,4599,G
2-PB1,928,4583,0,0,0,4583,A
2-PB1,929,4611,0,1,1,4613,A
2-PB1,930,0,4598,0,1,4599,T
2-PB1,931,1,0,4577,0,4578,G
2-PB1,932,4580,0,3,0,4583,A
2-PB1,933,4488,0,0,0,4488,A
2-PB1,934,4508,0,5,0,4513,A
2-PB1,935,4532,0,0,0,4532,A
2-PB1,936,0,4463,0,3,4466,T
2-PB1,937,1,0,0,4507,4508,C
2-PB1,938,4516,0,1,0,4517,A
2-PB1,939,4496,0,1,0,4497,A
2-PB1,940,4485,0,1,0,4486,A
2-PB1,941,4455,0,1,1,4457,A
2-PB1,942,1,0,0,4498,4499,C
2-PB1,943,1,0,0,4474,4475,C
2-PB1,944,10,1,0,4435,4446,C
2-PB1,945,0,4410,0,7,4417,T
2-PB1,946,2,2,0,4450,4454,C
2-PB1,947,14,2,4444,0,4460,G
2-PB1,948,4438,0,1,0,4439,A
2-PB1,949,4450,0,0,0,4450,A
2-PB1,950,0,4458,0,0,4458,T
2-PB1,951,0,0,4463,0,4463,G
2-PB1,952,0,4399,1,3,4403,T
2-PB1,953,0,4398,0,1,4399,T
2-PB1,954,0,4416,0,0,4416,T
2-PB1,955,0,4416,0,0,4416,T
2-PB1,956,0,4419,0,1,4420,T
2-PB1,957,1,2,4415,0,4418,G
2-PB1,958,8,0,4378,0,4386,G
2-PB1,959,1,6,0,4383,4390,C
2-PB1,960,1,1,4326,0,4328,G
2-PB1,961,4314,0,1,0,4315,A
2-PB1,962,1,4417,0,1,4419,T
2-PB1,963,6,4,4528,0,4538,G
2-PB1,964,4708,0,1,0,4709,A
2-PB1,965,0,4718,0,0,4718,T
2-PB1,966,0,4722,1,0,4723,T
2-PB1,967,4735,0,5,0,4740,A
2-PB1,968,2,0,0,4749,4751,C
2-PB1,969,4755,0,1,0,4756,A
2-PB1,970,0,4755,0,1,4756,T
2-PB1,971,4480,0,1,0,4481,A
2-PB1,972,0,1,0,4485,4486,C
2-PB1,973,3994,0,1,0,3995,A
2-PB1,974,0,3958,0,1,3959,T
2-PB1,975,1,0,0,3952,3953,C
2-PB1,976,3901,0,1,1,3903,A
2-PB1,977,0,1,0,3940,3941,C
2-PB1,978,3910,1,1,0,3912,A
2-PB1,979,3909,0,0,0,3909,A
2-PB1,980,3901,0,0,0,3901,A
2-PB1,981,2,2,3734,1,3739,G
2-PB1,982,3863,0,0,1,3864,A
2-PB1,983,3864,0,1,0,3865,A
2-PB1,984,2,3834,0,1,3837,T
2-PB1,985,4,0,0,3862,3866,C
2-PB1,986,3861,0,4,0,3865,A
2-PB1,987,3852,0,2,0,3854,A
2-PB1,988,2,1,0,3859,3862,C
2-PB1,989,5,0,0,3872,3877,C
2-PB1,990,1,3607,0,1,3609,T
2-PB1,991,2,0,3646,0,3648,G
2-PB1,992,3621,1,0,0,3622,A
2-PB1,993,0,1,3635,0,3636,G
2-PB1,994,0,3592,0,1,3593,T
2-PB1,995,0,4,3518,0,3522,G
2-PB1,996,0,2,3654,0,3656,G
2-PB1,997,0,3621,0,2,3623,T
2-PB1,998,0,3615,0,2,3617,T
2-PB1,999,1,1,0,3634,3636,C
2-PB1,1000,3585,0,2,0,3587,A
2-PB1,1001,0,1,3631,0,3632,G
2-PB1,1002,3626,0,1,0,3627,A
2-PB1,1003,3628,0,0,0,3628,A
2-PB1,1004,3604,0,1,0,3605,A
2-PB1,1005,1,0,0,3158,3159,C
2-PB1,1006,3139,1,0,0,3140,A
2-PB1,1007,1,3109,0,0,3110,T
2-PB1,1008,0,0,0,3170,3170,C
2-PB1,1009,1,0,0,3173,3174,C
2-PB1,1010,1,2982,0,3,2986,T
2-PB1,1011,1,2,2981,0,2984,G
2-PB1,1012,2960,0,0,0,2960,A
2-PB1,1013,0,0,2963,0,2963,G
2-PB1,1014,0,1,0,2932,2933,C
2-PB1,1015,2828,0,2,1,2831,A
2-PB1,1016,0,2801,0,1,2802,T
2-PB1,1017,1,1,0,2803,2805,C
2-PB1,1018,0,1,2801,0,2802,G
2-PB1,1019,0,1,0,2897,2898,C
2-PB1,1020,2888,0,1,0,2889,A
2-PB1,1021,3,0,0,2969,2972,C
2-PB1,1022,3,0,0,2976,2979,C
2-PB1,1023,2977,0,2,0,2979,A
2-PB1,1024,3016,0,2,0,3018,A
2-PB1,1025,1,3012,0,1,3014,T
2-PB1,1026,3008,0,0,0,3008,A
2-PB1,1027,3000,0,1,1,3002,A
2-PB1,1028,0,2921,0,1,2922,T
2-PB1,1029,0,0,2945,0,2945,G
2-PB1,1030,0,2873,0,1,2874,T
2-PB1,1031,0,2840,0,6,2846,T
2-PB1,1032,3,0,0,2874,2877,C
2-PB1,1033,0,2854,0,0,2854,T
2-PB1,1034,2,1,0,2864,2867,C
2-PB1,1035,2871,0,2,0,2873,A
2-PB1,1036,2877,0,0,0,2877,A
2-PB1,1037,2870,0,2,0,2872,A
2-PB1,1038,0,0,0,2871,2871,C
2-PB1,1039,2880,0,1,0,2881,A
2-PB1,1040,2876,0,1,0,2877,A
2-PB1,1041,2873,0,0,0,2873,A
2-PB1,1042,2863,1,1,0,2865,A
2-PB1,1043,0,2878,0,1,2879,T
2-PB1,1044,0,2,2882,0,2884,G
2-PB1,1045,1,0,2860,0,2861,G
2-PB1,1046,0,0,0,2873,2873,C
2-PB1,1047,2860,0,7,0,2867,A
2-PB1,1048,2867,0,0,0,2867,A
2-PB1,1049,0,4,2865,0,2869,G
2-PB1,1050,2842,0,0,0,2842,A
2-PB1,1051,0,2841,0,1,2842,T
2-PB1,1052,0,2907,0,0,2907,T
2-PB1,1053,0,4,2910,0,2914,G
2-PB1,1054,2,2,2911,1,2916,G
2-PB1,1055,1,2,2913,1,2917,G
2-PB1,1056,2910,0,0,0,2910,A
2-PB1,1057,2924,0,0,0,2924,A
2-PB1,1058,2912,0,0,0,2912,A
2-PB1,1059,2901,0,2,0,2903,A
2-PB1,1060,0,1,2984,0,2985,G
2-PB1,1061,1,5,2986,0,2992,G
2-PB1,1062,2979,0,3,0,2982,A
2-PB1,1063,0,2967,0,0,2967,T
2-PB1,1064,2978,0,2,0,2980,A
2-PB1,1065,0,1,0,2987,2988,C
2-PB1,1066,3015,0,0,0,3015,A
2-PB1,1067,0,3007,0,1,3008,T
2-PB1,1068,1,0,3033,0,3034,G
2-PB1,1069,0,2922,0,0,2922,T
2-PB1,1070,0,2924,0,12,2936,T
2-PB1,1071,2,2,0,2938,2942,C
2-PB1,1072,1,3,2941,0,2945,G
2-PB1,1073,2926,0,3,0,2929,A
2-PB1,1074,1,3,3001,0,3005,G
2-PB1,1075,2962,0,0,0,2962,A
2-PB1,1076,0,0,3013,0,3013,G
2-PB1,1077,0,2975,0,0,2975,T
2-PB1,1078,2985,0,0,1,2986,A
2-PB1,1079,2991,0,3,0,2994,A
2-PB1,1080,0,3,3003,0,3006,G
2-PB1,1081,2982,0,9,0,2991,A
2-PB1,1082,0,0,3030,0,3030,G
2-PB1,1083,2963,0,0,0,2963,A
2-PB1,1084,2979,0,0,1,2980,A
2-PB1,1085,0,2959,1,0,2960,T
2-PB1,1086,0,2,2961,0,2963,G
2-PB1,1087,2944,0,5,0,2949,A
2-PB1,1088,2927,0,0,1,2928,A
2-PB1,1089,7,0,2927,0,2934,G
2-PB1,1090,1,1,0,2924,2926,C
2-PB1,1091,0,2878,0,0,2878,T
2-PB1,1092,3,0,0,2897,2900,C
2-PB1,1093,2,0,0,2908,2910,C
2-PB1,1094,2,1,2912,0,2915,G
2-PB1,1095,2,4,2907,0,2913,G
2-PB1,1096,2923,0,3,0,2926,A
2-PB1,1097,0,0,0,2973,2973,C
2-PB1,1098,2977,0,0,0,2977,A
2-PB1,1099,0,1,0,3001,3002,C
2-PB1,1100,3003,0,0,0,3003,A
2-PB1,1101,2992,0,1,0,2993,A
2-PB1,1102,2990,0,1,1,2992,A
2-PB1,1103,0,2998,0,0,2998,T
2-PB1,1104,2981,0,2,0,2983,A
2-PB1,1105,0,1,0,2977,2978,C
2-PB1,1106,4,0,0,2963,2967,C
2-PB1,1107,1,2942,0,1,2944,T
2-PB1,1108,1,0,2988,0,2989,G
2-PB1,1109,0,0,0,2988,2988,C
2-PB1,1110,2989,0,2,0,2991,A
2-PB1,1111,0,2,2989,0,2991,G
2-PB1,1112,2982,1,0,0,2983,A
2-PB1,1113,2970,0,0,0,2970,A
2-PB1,1114,2989,0,0,0,2989,A
2-PB1,1115,0,2983,0,0,2983,T
2-PB1,1116,0,2,2999,0,3001,G
2-PB1,1117,0,0,0,2989,2989,C
2-PB1,1118,0,2987,0,1,2988,T
2-PB1,1119,3027,0,0,0,3027,A
2-PB1,1120,0,2,3010,0,3012,G
2-PB1,1121,1,0,0,3008,3009,C
2-PB1,1122,3023,2,0,0,3025,A
2-PB1,1123,3011,0,3,0,3014,A
2-PB1,1124,0,0,3006,0,3006,G
2-PB1,1125,0,0,0,3003,3003,C
2-PB1,1126,2970,0,0,1,2971,A
2-PB1,1127,0,3012,0,0,3012,T
2-PB1,1128,0,3018,0,1,3019,T
2-PB1,1129,2,1,3105,0,3108,G
2-PB1,1130,3141,0,0,0,3141,A
2-PB1,1131,1,1,0,3117,3119,C
2-PB1,1132,0,7,0,3124,3131,C
2-PB1,1133,0,3101,0,2,3103,T
2-PB1,1134,0,1,3188,0,3189,G
2-PB1,1135,3194,0,0,0,3194,A
2-PB1,1136,3194,0,1,0,3195,A
2-PB1,1137,0,1,3234,0,3235,G
2-PB1,1138,0,3134,0,0,3134,T
2-PB1,1139,3149,0,0,5,3154,A
2-PB1,1140,0,3148,0,1,3149,T
2-PB1,1141,1,3142,0,1,3144,T
2-PB1,1142,1,3138,0,0,3139,T
2-PB1,1143,2,0,0,3132,3134,C
2-PB1,1144,3127,0,1,0,3128,A
2-PB1,1145,3122,0,0,0,3122,A
2-PB1,1146,0,3081,0,1,3082,T
2-PB1,1147,4,1,3099,0,3104,G
2-PB1,1148,3070,0,1,0,3071,A
2-PB1,1149,3081,0,0,0,3081,A
2-PB1,1150,0,3063,0,3,3066,T
2-PB1,1151,4,0,0,3086,3090,C
2-PB1,1152,3096,0,1,0,3097,A
2-PB1,1153,3084,0,3,0,3087,A
2-PB1,1154,0,0,0,3088,3088,C
2-PB1,1155,3085,0,0,0,3085,A
2-PB1,1156,3068,0,1,0,3069,A
2-PB1,1157,0,4,3076,0,3080,G
2-PB1,1158,1,3,3087,0,3091,G
2-PB1,1159,3070,1,0,0,3071,A
2-PB1,1160,3085,0,0,0,3085,A
2-PB1,1161,0,2,3084,0,3086,G
2-PB1,1162,3073,0,0,0,3073,A
2-PB1,1163,3065,0,1,0,3066,A
2-PB1,1164,3078,0,0,0,3078,A
2-PB1,1165,3078,0,0,1,3079,A
2-PB1,1166,0,3064,0,0,3064,T
2-PB1,1167,0,3054,0,0,3054,T
2-PB1,1168,7,2,3054,0,3063,G
2-PB1,1169,3045,0,2,0,3047,A
2-PB1,1170,0,1,3059,0,3060,G
2-PB1,1171,3057,0,0,0,3057,A
2-PB1,1172,3082,0,1,0,3083,A
2-PB1,1173,3129,0,0,0,3129,A
2-PB1,1174,3128,0,0,0,3128,A
2-PB1,1175,0,3121,0,0,3121,T
2-PB1,1176,3122,0,0,0,3122,A
2-PB1,1177,3122,0,4,0,3126,A
2-PB1,1178,1,0,3134,0,3135,G
2-PB1,1179,1,9,3107,0,3117,G
2-PB1,1180,1,2,0,3100,3103,C
2-PB1,1181,1,0,0,3110,3111,C
2-PB1,1182,0,3070,0,5,3075,T
2-PB1,1183,1,0,0,3416,3417,C
2-PB1,1184,1,3445,0,2,3448,T
2-PB1,1185,0,3435,0,26,3461,T
2-PB1,1186,0,1,0,3531,3532,C
2-PB1,1187,0,3514,0,0,3514,T
2-PB1,1188,3534,0,0,0,3534,A
2-PB1,1189,3540,0,0,0,3540,A
2-PB1,1190,0,3520,0,0,3520,T
2-PB1,1191,3535,0,0,0,3535,A
2-PB1,1192,0,0,3485,0,3485,G
2-PB1,1193,3203,0,3,0,3206,A
2-PB1,1194,0,3195,0,1,3196,T
2-PB1,1195,0,5,3142,0,3147,G
2-PB1,1196,2,0,3171,0,3173,G
2-PB1,1197,0,0,0,3176,3176,C
2-PB1,1198,3179,0,1,0,3180,A
2-PB1,1199,1,1,0,3203,3205,C
2-PB1,1200,3165,0,2,0,3167,A
2-PB1,1201,0,2,3261,1,3264,G
2-PB1,1202,0,0,0,3245,3245,C
2-PB1,1203,3246,0,2,1,3249,A
2-PB1,1204,0,3315,0,0,3315,T
2-PB1,1205,4,9,0,3265,3278,C
2-PB1,1206,3295,1,1,0,3297,A
2-PB1,1207,1,3293,0,1,3295,T
2-PB1,1208,0,3272,0,0,3272,T
2-PB1,1209,0,2,3268,0,3270,G
2-PB1,1210,3161,0,2,0,3163,A
2-PB1,1211,0,0,3257,0,3257,G
2-PB1,1212,0,1,0,3231,3232,C
2-PB1,1213,2,1,0,3200,3203,C
2-PB1,1214,3,1,0,3247,3251,C
2-PB1,1215,0,3235,1,5,3241,T
2-PB1,1216,1,1,3471,0,3473,G
2-PB1,1217,10,1,3519,0,3530,G
2-PB1,1218,3499,1,9,0,3509,A
2-PB1,1219,3598,0,0,0,3598,A
2-PB1,1220,0,3521,0,0,3521,T
2-PB1,1221,0,1,3659,0,3660,G
2-PB1,1222,3702,1,1,1,3705,A
2-PB1,1223,0,3738,0,1,3739,T
2-PB1,1224,7,2,3743,0,3752,G
2-PB1,1225,3708,2,3,0,3713,A
2-PB1,1226,1,3682,0,2,3685,T
2-PB1,1227,0,7,3680,1,3688,G
2-PB1,1228,1,3,3706,0,3710,G
2-PB1,1229,0,2,3728,0,3730,G
2-PB1,1230,1,1,1,3709,3712,C
2-PB1,1231,3737,1,2,0,3740,A
2-PB1,1232,0,3779,1,1,3781,T
2-PB1,1233,1,0,3885,0,3886,G
2-PB1,1234,0,3883,0,8,3891,T
2-PB1,1235,0,3910,0,0,3910,T
2-PB1,1236,14,1,0,3912,3927,C
2-PB1,1237,3912,0,1,0,3913,A
2-PB1,1238,3907,0,1,0,3908,A
2-PB1,1239,0,0,0,3914,3914,C
2-PB1,1240,3929,0,4,0,3933,A
2-PB1,1241,0,3955,0,1,3956,T
2-PB1,1242,14,0,3954,0,3968,G
2-PB1,1243,0,0,0,4010,4010,C
2-PB1,1244,0,4063,0,0,4063,T
2-PB1,1245,4075,0,5,0,4080,A
2-PB1,1246,4069,0,1,0,4070,A
2-PB1,1247,1,1,4052,0,4054,G
2-PB1,1248,2,682,0,3296,3980,C
2-PB1,1249,4019,0,0,0,4019,A
2-PB1,1250,1,1,1,4113,4116,C
2-PB1,1251,7,2,4135,0,4144,G
2-PB1,1252,1,0,4488,0,4489,G
2-PB1,1253,0,4436,0,2,4438,T
2-PB1,1254,0,4449,0,0,4449,T
2-PB1,1255,0,4461,0,1,4462,T
2-PB1,1256,0,4468,0,2,4470,T
2-PB1,1257,4479,1,3,0,4483,A
2-PB1,1258,1,3,4457,0,4461,G
2-PB1,1259,1,5,4448,0,4454,G
2-PB1,1260,4310,0,1,0,4311,A
2-PB1,1261,0,1,4262,0,4263,G
2-PB1,1262,0,4286,0,5,4291,T
2-PB1,1263,1,0,0,4310,4311,C
2-PB1,1264,0,4294,0,0,4294,T
2-PB1,1265,2,0,0,4327,4329,C
2-PB1,1266,2,0,4326,0,4328,G
2-PB1,1267,4419,0,1,0,4420,A
2-PB1,1268,0,4452,0,2,4454,T
2-PB1,1269,4464,1,1,0,4466,A
2-PB1,1270,0,3,0,4465,4468,C
2-PB1,1271,0,4431,0,5,4436,T
2-PB1,1272,2,7,4440,0,4449,G
2-PB1,1273,4426,1,1,0,4428,A
2-PB1,1274,4491,0,1,0,4492,A
2-PB1,1275,0,4499,0,0,4499,T
2-PB1,1276,0,0,0,4421,4421,C
2-PB1,1277,0,4417,0,2,4419,T
2-PB1,1278,1,4408,0,0,4409,T
2-PB1,1279,0,4,4407,0,4411,G
2-PB1,1280,14,3,4373,0,4390,G
2-PB1,1281,4365,1,7,0,4373,A
2-PB1,1282,1,2,8,4393,4404,C
2-PB1,1283,4356,0,1,0,4357,A
2-PB1,1284,4361,0,0,0,4361,A
2-PB1,1285,4370,0,0,0,4370,A
2-PB1,1286,4377,0,3,0,4380,A
2-PB1,1287,0,1,4475,0,4476,G
2-PB1,1288,4474,0,0,0,4474,A
2-PB1,1289,4472,1,0,0,4473,A
2-PB1,1290,4471,0,0,0,4471,A
2-PB1,1291,0,4473,0,0,4473,T
2-PB1,1292,4492,0,2,1,4495,A
2-PB1,1293,0,0,0,4617,4617,C
2-PB1,1294,4562,1,3,0,4566,A
2-PB1,1295,1,1,0,4601,4603,C
2-PB1,1296,4,1,0,4566,4571,C
2-PB1,1297,4567,0,1,0,4568,A
2-PB1,1298,4615,0,3,0,4618,A
2-PB1,1299,2,5,4730,0,4737,G
2-PB1,1300,4785,0,8,0,4793,A
2-PB1,1301,1,1,0,4829,4831,C
2-PB1,1302,4749,0,3,0,4752,A
2-PB1,1303,4865,0,0,0,4865,A
2-PB1,1304,0,2,0,4896,4898,C
2-PB1,1305,4974,0,0,1,4975,A
2-PB1,1306,0,4986,0,0,4986,T
2-PB1,1307,4960,0,2,0,4962,A
2-PB1,1308,2,0,0,5038,5040,C
2-PB1,1309,1,4906,1,0,4908,T
2-PB1,1310,0,5,4991,0,4996,G
2-PB1,1311,1,1,4991,0,4993,G
2-PB1,1312,0,4881,0,0,4881,T
2-PB1,1313,1,6,4878,0,4885,G
2-PB1,1314,14,1,4828,0,4843,G
2-PB1,1315,1,4,4875,0,4880,G
2-PB1,1316,4854,0,2,1,4857,A
2-PB1,1317,1,4815,0,0,4816,T
2-PB1,1318,1,6,4805,0,4812,G
2-PB1,1319,0,2,4783,0,4785,G
2-PB1,1320,7,1,4805,0,4813,G
2-PB1,1321,1,2,0,4872,4875,C
2-PB1,1322,0,4864,0,4,4868,T
2-PB1,1323,2,2,1,4904,4909,C
2-PB1,1324,1,0,0,4907,4908,C
2-PB1,1325,4912,0,2,0,4914,A
2-PB1,1326,4886,0,7,0,4893,A
2-PB1,1327,0,4874,0,2,4876,T
2-PB1,1328,2,0,3,4849,4854,C
2-PB1,1329,3,0,0,4812,4815,C
2-PB1,1330,1,4759,0,3,4763,T
2-PB1,1331,4,0,0,4765,4769,C
2-PB1,1332,3,0,0,4760,4763,C
2-PB1,1333,2,0,4771,0,4773,G
2-PB1,1334,4735,1,1,0,4737,A
2-PB1,1335,0,0,0,4754,4754,C
2-PB1,1336,0,4,4766,0,4770,G
2-PB1,1337,4783,0,0,0,4783,A
2-PB1,1338,1,4771,0,0,4772,T
2-PB1,1339,0,4783,0,0,4783,T
2-PB1,1340,0,4789,0,3,4792,T
2-PB1,1341,0,4782,0,2,4784,T
2-PB1,1342,6,1,4796,3,4806,G
2-PB1,1343,1,4,0,4794,4799,C
2-PB1,1344,2,0,0,4792,4794,C
2-PB1,1345,6,2,0,4945,4953,C
2-PB1,1346,1,4901,0,4,4906,T
2-PB1,1347,3,0,0,5085,5088,C
2-PB1,1348,5121,0,0,0,5121,A
2-PB1,1349,0,5157,0,1,5158,T
2-PB1,1350,5147,0,3,0,5150,A
2-PB1,1351,0,0,5195,0,5195,G
2-PB1,1352,1,5133,0,1,5135,T
2-PB1,1353,2,3,5178,0,5183,G
2-PB1,1354,5019,0,0,0,5019,A
2-PB1,1355,5027,0,0,0,5027,A
2-PB1,1356,0,4858,0,1,4859,T
2-PB1,1357,1,1,4845,0,4847,G
2-PB1,1358,2,0,0,4888,4890,C
2-PB1,1359,4874,1,2,0,4877,A
2-PB1,1360,1,2,0,4889,4892,C
2-PB1,1361,2,0,0,4857,4859,C
2-PB1,1362,4837,0,0,0,4837,A
2-PB1,1363,4831,0,0,0,4831,A
2-PB1,1364,4806,0,0,0,4806,A
2-PB1,1365,0,4730,0,0,4730,T
2-PB1,1366,4,0,0,4875,4879,C
2-PB1,1367,4865,0,1,0,4866,A
2-PB1,1368,0,4884,0,1,4885,T
2-PB1,1369,13,3,4869,0,4885,G
2-PB1,1370,4887,0,5,0,4892,A
2-PB1,1371,0,0,4924,1,4925,G
2-PB1,1372,1,6,4902,0,4909,G
2-PB1,1373,3,5,4918,0,4926,G
2-PB1,1374,4877,1,3,0,4881,A
2-PB1,1375,4964,0,1,0,4965,A
2-PB1,1376,1,5000,0,2,5003,T
2-PB1,1377,4991,0,4,0,4995,A
2-PB1,1378,0,0,0,5022,5022,C
2-PB1,1379,5015,0,1,8,5024,A
2-PB1,1380,5013,0,7,0,5020,A
2-PB1,1381,2,0,4997,0,4999,G
2-PB1,1382,0,7,0,4977,4984,C
2-PB1,1383,4955,1,1,0,4957,A
2-PB1,1384,0,3,5007,0,5010,G
2-PB1,1385,0,0,5009,0,5009,G
2-PB1,1386,4964,0,4,0,4968,A
2-PB1,1387,1,13,5004,0,5018,G
2-PB1,1388,1,4900,0,1,4902,T
2-PB1,1389,14,1,4949,0,4964,G
2-PB1,1390,5,1,4982,0,4988,G
2-PB1,1391,4973,0,8,0,4981,A
2-PB1,1392,0,4984,0,1,4985,T
2-PB1,1393,4920,1,0,0,4921,A
2-PB1,1394,0,3,4949,0,4952,G
2-PB1,1395,4979,0,2,0,4981,A
2-PB1,1396,0,4979,0,0,4979,T
2-PB1,1397,0,4958,0,0,4958,T
2-PB1,1398,6,0,0,5076,5082,C
2-PB1,1399,1,5045,0,0,5046,T
2-PB1,1400,5049,0,3,0,5052,A
2-PB1,1401,1,2,0,5058,5061,C
2-PB1,1402,4967,0,6,2,4975,A
2-PB1,1403,0,0,4993,0,4993,G
2-PB1,1404,2,5,4890,1,4898,G
2-PB1,1405,4953,2,3,0,4958,A
2-PB1,1406,3,1,0,4919,4923,C
2-PB1,1407,3,1,0,4837,4841,C
2-PB1,1408,4,4787,0,11,4802,T
2-PB1,1409,2,0,4830,0,4832,G
2-PB1,1410,1,1,0,4836,4838,C
2-PB1,1411,4832,0,1,0,4833,A
2-PB1,1412,4869,0,2,0,4871,A
2-PB1,1413,0,0,4881,0,4881,G
2-PB1,1414,0,4792,0,1,4793,T
2-PB1,1415,0,4815,0,0,4815,T
2-PB1,1416,4757,0,1,0,4758,A
2-PB1,1417,0,0,4766,0,4766,G
2-PB1,1418,0,4737,0,4,4741,T
2-PB1,1419,6,1,4726,0,4733,G
2-PB1,1420,2,3,4728,0,4733,G
2-PB1,1421,0,3,4766,1,4770,G
2-PB1,1422,4756,0,4,0,4760,A
2-PB1,1423,4777,0,0,0,4777,A
2-PB1,1424,0,4751,1,3,4755,T
2-PB1,1425,3,0,0,4772,4775,C
2-PB1,1426,4759,1,2,0,4762,A
2-PB1,1427,4779,0,1,0,4780,A
2-PB1,1428,1,1,0,4752,4754,C
2-PB1,1429,4768,0,0,0,4768,A
2-PB1,1430,0,4661,0,0,4661,T
2-PB1,1431,1,7,4677,0,4685,G
2-PB1,1432,4672,0,5,0,4677,A
2-PB1,1433,4,2,4705,0,4711,G
2-PB1,1434,0,1,0,4672,4673,C
2-PB1,1435,4695,0,3,0,4698,A
2-PB1,1436,4679,0,14,0,4693,A
2-PB1,1437,4691,0,0,1,4692,A
2-PB1,1438,4735,0,1,0,4736,A
2-PB1,1439,4743,0,2,0,4745,A
2-PB1,1440,0,5,4721,0,4726,G
2-PB1,1441,4683,0,2,0,4685,A
2-PB1,1442,4642,1,3,0,4646,A
2-PB1,1443,0,0,4794,0,4794,G
2-PB1,1444,2,4772,0,0,4774,T
2-PB1,1445,2,0,0,4786,4788,C
2-PB1,1446,4,1,0,4800,4805,C
2-PB1,1447,1,4794,0,3,4798,T
2-PB1,1448,4870,0,0,0,4870,A
2-PB1,1449,0,4858,0,0,4858,T
2-PB1,1450,4858,0,1,0,4859,A
2-PB1,1451,0,4849,0,0,4849,T
2-PB1,1452,4742,0,3,0,4745,A
2-PB1,1453,4744,0,0,1,4745,A
2-PB1,1454,4731,0,0,0,4731,A
2-PB1,1455,0,4740,0,0,4740,T
2-PB1,1456,4690,0,0,0,4690,A
2-PB1,1457,4683,0,0,0,4683,A
2-PB1,1458,4700,0,0,0,4700,A
2-PB1,1459,4692,0,2,2,4696,A
2-PB1,1460,0,0,0,4706,4706,C
2-PB1,1461,4506,1,1,0,4508,A
2-PB1,1462,3,5,4492,0,4500,G
2-PB1,1463,1,1,4505,0,4507,G
2-PB1,1464,0,3,4505,0,4508,G
2-PB1,1465,4492,0,2,0,4494,A
2-PB1,1466,2,1,0,4540,4543,C
2-PB1,1467,4509,1,1,0,4511,A
2-PB1,1468,0,4534,0,1,4535,T
2-PB1,1469,0,4531,0,0,4531,T
2-PB1,1470,1,4537,2,4,4544,T
2-PB1,1471,0,2,4546,0,4548,G
2-PB1,1472,4490,1,1,0,4492,A
2-PB1,1473,4525,0,0,0,4525,A
2-PB1,1474,0,4505,0,1,4506,T
2-PB1,1475,0,4453,0,0,4453,T
2-PB1,1476,0,1,0,4472,4473,C
2-PB1,1477,4414,0,0,0,4414,A
2-PB1,1478,1,0,0,4436,4437,C
2-PB1,1479,3,4445,0,1,4449,T
2-PB1,1480,4451,0,0,0,4451,A
2-PB1,1481,0,0,4434,0,4434,G
2-PB1,1482,1,0,0,4430,4431,C
2-PB1,1483,0,4407,0,3,4410,T
2-PB1,1484,0,4437,0,1,4438,T
2-PB1,1485,0,4435,0,1,4436,T
2-PB1,1486,1,4446,0,1,4448,T
2-PB1,1487,0,4440,0,8,4448,T
2-PB1,1488,0,4435,0,1,4436,T
2-PB1,1489,0,4429,0,1,4430,T
2-PB1,1490,4408,2,6,0,4416,A
2-PB1,1491,0,4396,0,0,4396,T
2-PB1,1492,3,1,0,4424,4428,C
2-PB1,1493,11,1,4439,0,4451,G
2-PB1,1494,4590,0,0,0,4590,A
2-PB1,1495,0,4577,0,0,4577,T
2-PB1,1496,4582,0,13,0,4595,A
2-PB1,1497,1,4630,0,1,4632,T
2-PB1,1498,0,4,4603,0,4607,G
2-PB1,1499,0,1,4642,0,4643,G
2-PB1,1500,4655,0,2,0,4657,A
2-PB1,1501,0,4604,0,0,4604,T
2-PB1,1502,0,4581,0,0,4581,T
2-PB1,1503,0,4474,0,0,4474,T
2-PB1,1504,0,3,4473,0,4476,G
2-PB1,1505,0,4444,1,4,4449,T
2-PB1,1506,0,5,4450,0,4455,G
2-PB1,1507,4,0,4442,0,4446,G
2-PB1,1508,1,1,0,4369,4371,C
2-PB1,1509,1,4437,0,2,4440,T
2-PB1,1510,4451,0,0,0,4451,A
2-PB1,1511,4478,0,0,0,4478,A
2-PB1,1512,0,4499,0,0,4499,T
2-PB1,1513,0,4500,0,0,4500,T
2-PB1,1514,0,4504,1,0,4505,T
2-PB1,1515,0,4513,0,0,4513,T
2-PB1,1516,4516,0,2,0,4518,A
2-PB1,1517,1,1,4538,0,4540,G
2-PB1,1518,1,14,0,4511,4526,C
2-PB1,1519,4522,1,2,0,4525,A
2-PB1,1520,0,4487,0,1,4488,T
2-PB1,1521,0,3,4430,1,4434,G
2-PB1,1522,0,2,4492,1,4495,G
2-PB1,1523,4480,0,0,0,4480,A
2-PB1,1524,0,1,4474,0,4475,G
2-PB1,1525,0,2,0,4439,4441,C
2-PB1,1526,0,4427,0,1,4428,T
2-PB1,1527,0,0,4430,0,4430,G
2-PB1,1528,0,1,0,4387,4388,C
2-PB1,1529,1,1,1,4366,4369,C
2-PB1,1530,4,2,0,4445,4451,C
2-PB1,1531,4381,0,0,0,4381,A
2-PB1,1532,0,2,4592,0,4594,G
2-PB1,1533,1,4582,0,1,4584,T
2-PB1,1534,0,4586,0,1,4587,T
2-PB1,1535,0,4590,0,0,4590,T
2-PB1,1536,0,4544,1,0,4545,T
2-PB1,1537,0,4,4537,0,4541,G
2-PB1,1538,3,2,4535,0,4540,G
2-PB1,1539,4519,0,2,0,4521,A
2-PB1,1540,0,0,4534,0,4534,G
2-PB1,1541,1,4205,0,0,4206,T
2-PB1,1542,4,7,4368,0,4379,G
2-PB1,1543,0,4344,0,0,4344,T
2-PB1,1544,4,3,0,4373,4380,C
2-PB1,1545,0,4384,0,4,4388,T
2-PB1,1546,1,2,4389,1,4393,G
2-PB1,1547,9,1,4450,0,4460,G
2-PB1,1548,4463,0,1,0,4464,A
2-PB1,1549,4470,0,0,0,4470,A
2-PB1,1550,0,4452,1,1,4454,T
2-PB1,1551,4162,0,0,0,4162,A
2-PB1,1552,4158,0,1,0,4159,A
2-PB1,1553,4151,0,2,0,4153,A
2-PB1,1554,1,0,0,4157,4158,C
2-PB1,1555,0,3,4119,0,4122,G
2-PB1,1556,4090,0,0,0,4090,A
2-PB1,1557,0,1,4086,0,4087,G
2-PB1,1558,0,4063,0,0,4063,T
2-PB1,1559,2,0,0,4089,4091,C
2-PB1,1560,4100,0,2,0,4102,A
2-PB1,1561,0,1,4136,0,4137,G
2-PB1,1562,0,0,0,4145,4145,C
2-PB1,1563,0,4143,0,1,4144,T
2-PB1,1564,8,2,4245,0,4255,G
2-PB1,1565,4214,1,1,0,4216,A
2-PB1,1566,0,4220,0,0,4220,T
2-PB1,1567,4225,0,1,0,4226,A
2-PB1,1568,1,4141,0,1,4143,T
2-PB1,1569,5,4,4173,0,4182,G
2-PB1,1570,4028,0,4,0,4032,A
2-PB1,1571,2,0,4083,0,4085,G
2-PB1,1572,0,1,0,4072,4073,C
2-PB1,1573,3898,0,2,0,3900,A
2-PB1,1574,0,3888,0,0,3888,T
2-PB1,1575,0,3891,0,0,3891,T
2-PB1,1576,2,4,3921,1,3928,G
2-PB1,1577,1,3,4047,0,4051,G
2-PB1,1578,4005,0,4,0,4009,A
2-PB1,1579,5,0,4010,0,4015,G
2-PB1,1580,0,3863,1,4,3868,T
2-PB1,1581,3871,0,0,0,3871,A
2-PB1,1582,3868,0,0,0,3868,A
2-PB1,1583,1,1,0,3889,3891,C
2-PB1,1584,3849,0,1,0,3850,A
2-PB1,1585,0,1,3906,0,3907,G
2-PB1,1586,0,3521,0,1,3522,T
2-PB1,1587,2,4,3558,0,3564,G
2-PB1,1588,3587,1,2,0,3590,A
2-PB1,1589,0,3602,0,0,3602,T
2-PB1,1590,3585,0,1,1,3587,A
2-PB1,1591,3585,0,0,0,3585,A
2-PB1,1592,3497,0,12,0,3509,A
2-PB1,1593,0,0,3539,0,3539,G
2-PB1,1594,3414,0,1,0,3415,A
2-PB1,1595,3407,0,1,0,3408,A
2-PB1,1596,0,1,0,3408,3409,C
2-PB1,1597,3289,0,1,0,3290,A
2-PB1,1598,3324,0,1,0,3325,A
2-PB1,1599,0,1,0,3343,3344,C
2-PB1,1600,3372,0,1,0,3373,A
2-PB1,1601,0,3363,1,2,3366,T
2-PB1,1602,0,2,3314,0,3316,G
2-PB1,1603,3311,0,2,0,3313,A
2-PB1,1604,1,3303,3,0,3307,T
2-PB1,1605,3291,0,1,0,3292,A
2-PB1,1606,3304,0,0,0,3304,A
2-PB1,1607,3290,0,0,0,3290,A
2-PB1,1608,1,0,0,3318,3319,C
2-PB1,1609,3191,0,0,0,3191,A
2-PB1,1610,3175,0,0,0,3175,A
2-PB1,1611,0,3105,0,0,3105,T
2-PB1,1612,0,4,3109,0,3113,G
2-PB1,1613,3159,0,3,1,3163,A
2-PB1,1614,0,0,0,3204,3204,C
2-PB1,1615,3,0,0,3154,3157,C
2-PB1,1616,0,3088,0,1,3089,T
2-PB1,1617,0,3029,0,0,3029,T
2-PB1,1618,1,2,3028,0,3031,G
2-PB1,1619,0,3,3033,0,3036,G
2-PB1,1620,3046,1,3,0,3050,A
2-PB1,1621,0,0,0,3044,3044,C
2-PB1,1622,0,0,0,3002,3002,C
2-PB1,1623,2992,0,2,0,2994,A
2-PB1,1624,0,1,3012,0,3013,G
2-PB1,1625,0,2,0,3009,3011,C
2-PB1,1626,3029,1,0,0,3030,A
2-PB1,1627,3024,0,0,0,3024,A
2-PB1,1628,0,0,0,3012,3012,C
2-PB1,1629,2978,0,0,0,2978,A
2-PB1,1630,1,0,3020,0,3021,G
2-PB1,1631,0,1,0,3019,3020,C
2-PB1,1632,1,0,0,3030,3031,C
2-PB1,1633,4,0,0,3026,3030,C
2-PB1,1634,3037,0,0,0,3037,A
2-PB1,1635,3040,1,0,0,3041,A
2-PB1,1636,3039,0,0,0,3039,A
2-PB1,1637,0,3033,0,0,3033,T
2-PB1,1638,1,3,3014,0,3018,G
2-PB1,1639,3,1,2966,0,2970,G
2-PB1,1640,0,1,0,2982,2983,C
2-PB1,1641,0,2967,0,3,2970,T
2-PB1,1642,0,0,0,3045,3045,C
2-PB1,1643,2,3011,0,6,3019,T
2-PB1,1644,2,0,0,3046,3048,C
2-PB1,1645,2,0,0,3081,3083,C
2-PB1,1646,3092,0,3,0,3095,A
2-PB1,1647,3095,0,5,0,3100,A
2-PB1,1648,0,3060,0,0,3060,T
2-PB1,1649,0,3072,0,0,3072,T
2-PB1,1650,0,0,3080,0,3080,G
2-PB1,1651,0,3008,0,3,3011,T
2-PB1,1652,0,2996,0,1,2997,T
2-PB1,1653,3,11,0,2999,3013,C
2-PB1,1654,3008,0,0,0,3008,A
2-PB1,1655,0,2992,0,1,2993,T
2-PB1,1656,3,0,0,3012,3015,C
2-PB1,1657,3028,0,0,0,3028,A
2-PB1,1658,3013,0,0,0,3013,A
2-PB1,1659,3017,0,1,0,3018,A
2-PB1,1660,0,1,3072,0,3073,G
2-PB1,1661,3061,0,0,1,3062,A
2-PB1,1662,0,3067,0,0,3067,T
2-PB1,1663,0,3070,0,0,3070,T
2-PB1,1664,3075,0,3,0,3078,A
2-PB1,1665,0,0,0,3117,3117,C
2-PB1,1666,3115,0,2,0,3117,A
2-PB1,1667,0,3,3136,0,3139,G
2-PB1,1668,3126,0,1,0,3127,A
2-PB1,1669,0,3201,0,0,3201,T
2-PB1,1670,3207,0,0,0,3207,A
2-PB1,1671,1,0,1,3407,3409,C
2-PB1,1672,3472,0,3,0,3475,A
2-PB1,1673,0,0,0,3687,3687,C
2-PB1,1674,3655,0,0,0,3655,A
2-PB1,1675,0,3677,0,0,3677,T
2-PB1,1676,3657,0,0,0,3657,A
2-PB1,1677,0,3643,0,0,3643,T
2-PB1,1678,3578,0,0,0,3578,A
2-PB1,1679,2,3,3560,0,3565,G
2-PB1,1680,0,0,3529,0,3529,G
2-PB1,1681,0,3324,0,3,3327,T
2-PB1,1682,1,0,3312,0,3313,G
2-PB1,1683,0,2,0,3385,3387,C
2-PB1,1684,3,1,0,3399,3403,C
2-PB1,1685,3450,0,0,0,3450,A
2-PB1,1686,0,3450,0,0,3450,T
2-PB1,1687,3459,0,0,0,3459,A
2-PB1,1688,0,2,3475,0,3477,G
2-PB1,1689,3419,0,0,0,3419,A
2-PB1,1690,0,3,3427,0,3430,G
2-PB1,1691,0,6,3417,0,3423,G
2-PB1,1692,3339,0,2,0,3341,A
2-PB1,1693,0,3,3336,0,3339,G
2-PB1,1694,3308,0,4,2,3314,A
2-PB1,1695,2,1,0,3316,3319,C
2-PB1,1696,3320,0,2,1,3323,A
2-PB1,1697,1,0,0,3351,3352,C
2-PB1,1698,3345,0,7,0,3352,A
2-PB1,1699,1,0,1,3362,3364,C
2-PB1,1700,3341,0,0,1,3342,A
2-PB1,1701,3358,0,0,0,3358,A
2-PB1,1702,3350,0,9,0,3359,A
2-PB1,1703,1,3357,0,4,3362,T
2-PB1,1704,1,0,0,3379,3380,C
2-PB1,1705,1,4,0,3360,3365,C
2-PB1,1706,3322,0,2,0,3324,A
2-PB1,1707,0,1,3339,0,3340,G
2-PB1,1708,3326,1,0,0,3327,A
2-PB1,1709,1,0,1,3353,3355,C
2-PB1,1710,1,1,3350,1,3353,G
2-PB1,1711,3314,1,3,0,3318,A
2-PB1,1712,2,3,3323,0,3328,G
2-PB1,1713,3338,2,1,0,3341,A
2-PB1,1714,3330,0,3,4,3337,A
2-PB1,1715,0,1,3351,0,3352,G
2-PB1,1716,3330,0,2,0,3332,A
2-PB1,1717,0,3336,0,0,3336,T
2-PB1,1718,0,0,1,3299,3300,C
2-PB1,1719,3318,0,0,0,3318,A
2-PB1,1720,0,3308,0,1,3309,T
2-PB1,1721,1,3294,0,1,3296,T
2-PB1,1722,2,1,0,3305,3308,C
2-PB1,1723,0,1,3316,0,3317,G
2-PB1,1724,3288,0,1,0,3289,A
2-PB1,1725,4,2,3282,0,3288,G
2-PB1,1726,3265,0,0,0,3265,A
2-PB1,1727,0,3410,0,0,3410,T
2-PB1,1728,3430,0,0,0,3430,A
2-PB1,1729,3434,0,0,0,3434,A
2-PB1,1730,3427,0,0,0,3427,A
2-PB1,1731,48,0,3383,0,3431,G
2-PB1,1732,3439,1,0,0,3440,A
2-PB1,1733,3365,0,1,0,3366,A
2-PB1,1734,2,0,3378,0,3380,G
2-PB1,1735,0,0,0,3374,3374,C
2-PB1,1736,0,3334,0,0,3334,T
2-PB1,1737,1,0,3355,0,3356,G
2-PB1,1738,0,3331,0,0,3331,T
2-PB1,1739,0,2,3340,0,3342,G
2-PB1,1740,0,4,3349,0,3353,G
2-PB1,1741,8,2,3348,1,3359,G
2-PB1,1742,3376,0,1,0,3377,A
2-PB1,1743,0,3355,0,2,3357,T
2-PB1,1744,1,1,0,3335,3337,C
2-PB1,1745,3353,0,0,0,3353,A
2-PB1,1746,3353,0,4,0,3357,A
2-PB1,1747,3352,0,1,0,3353,A
2-PB1,1748,1,0,0,3358,3359,C
2-PB1,1749,2,0,0,3349,3351,C
2-PB1,1750,5,0,0,3353,3358,C
2-PB1,1751,3350,0,2,1,3353,A
2-PB1,1752,3418,0,1,0,3419,A
2-PB1,1753,0,3399,0,1,3400,T
2-PB1,1754,2,0,0,3413,3415,C
2-PB1,1755,3378,0,9,0,3387,A
2-PB1,1756,3367,2,1,0,3370,A
2-PB1,1757,0,2,3410,0,3412,G
2-PB1,1758,0,0,3382,0,3382,G
2-PB1,1759,1,1,3381,0,3383,G
2-PB1,1760,0,0,0,3396,3396,C
2-PB1,1761,3335,1,3,0,3339,A
2-PB1,1762,0,1,3409,1,3411,G
2-PB1,1763,1,1,3436,0,3438,G
2-PB1,1764,3429,0,9,0,3438,A
2-PB1,1765,1,1,0,3523,3525,C
2-PB1,1766,0,3464,1,0,3465,T
2-PB1,1767,3574,0,0,0,3574,A
2-PB1,1768,0,3569,0,1,3570,T
2-PB1,1769,0,3564,0,2,3566,T
2-PB1,1770,1,4,3589,0,3594,G
2-PB1,1771,10,1,3587,0,3598,G
2-PB1,1772,0,3548,1,3,3552,T
2-PB1,1773,3571,0,7,0,3578,A
2-PB1,1774,0,3542,0,0,3542,T
2-PB1,1775,3,0,1,3549,3553,C
2-PB1,1776,3500,0,0,0,3500,A
2-PB1,1777,1,2,3539,1,3543,G
2-PB1,1778,3512,0,1,0,3513,A
2-PB1,1779,0,3511,0,0,3511,T
2-PB1,1780,18,1,3384,0,3403,G
2-PB1,1781,0,1,3400,0,3401,G
2-PB1,1782,0,4,3398,0,3402,G
2-PB1,1783,0,2,3396,0,3398,G
2-PB1,1784,1,3,3414,0,3418,G
2-PB1,1785,3379,1,3,0,3383,A
2-PB1,1786,1,0,0,3371,3372,C
2-PB1,1787,0,0,0,3375,3375,C
2-PB1,1788,3383,0,1,0,3384,A
2-PB1,1789,3601,0,0,0,3601,A
2-PB1,1790,3618,0,2,0,3620,A
2-PB1,1791,1,1,0,3688,3690,C
2-PB1,1792,0,3675,0,0,3675,T
2-PB1,1793,0,3674,0,1,3675,T
2-PB1,1794,3682,0,0,0,3682,A
2-PB1,1795,0,3679,0,1,3680,T
2-PB1,1796,3672,1,1,0,3674,A
2-PB1,1797,1,1,0,3692,3694,C
2-PB1,1798,3453,0,1,1,3455,A
2-PB1,1799,3453,1,1,0,3455,A
2-PB1,1800,0,3387,0,1,3388,T
2-PB1,1801,3433,0,0,0,3433,A
2-PB1,1802,0,3427,0,0,3427,T
2-PB1,1803,1,0,0,3414,3415,C
2-PB1,1804,0,0,0,3411,3411,C
2-PB1,1805,1,1,3426,0,3428,G
2-PB1,1806,0,4,3435,0,3439,G
2-PB1,1807,3430,0,1,0,3431,A
2-PB1,1808,3446,0,0,0,3446,A
2-PB1,1809,0,3441,0,0,3441,T
2-PB1,1810,0,1,0,3475,3476,C
2-PB1,1811,0,3462,0,1,3463,T
2-PB1,1812,0,3482,0,3,3485,T
2-PB1,1813,4,0,1,3471,3476,C
2-PB1,1814,3473,0,3,0,3476,A
2-PB1,1815,0,0,0,3483,3483,C
2-PB1,1816,3483,1,0,0,3484,A
2-PB1,1817,0,3669,0,1,3670,T
2-PB1,1818,1,0,0,3689,3690,C
2-PB1,1819,3,1,0,3652,3656,C
2-PB1,1820,5,0,0,3699,3704,C
2-PB1,1821,0,3692,0,5,3697,T
2-PB1,1822,0,0,3706,0,3706,G
2-PB1,1823,3673,0,1,0,3674,A
2-PB1,1824,3666,0,1,0,3667,A
2-PB1,1825,0,1,3680,1,3682,G
2-PB1,1826,0,3480,0,0,3480,T
2-PB1,1827,1,1,0,3506,3508,C
2-PB1,1828,0,3457,0,1,3458,T
2-PB1,1829,15,0,3492,0,3507,G
2-PB1,1830,0,1,0,3519,3520,C
2-PB1,1831,0,3512,0,0,3512,T
2-PB1,1832,0,3524,0,2,3526,T
2-PB1,1833,3522,0,0,0,3522,A
2-PB1,1834,3521,0,1,0,3522,A
2-PB1,1835,3515,0,1,0,3516,A
2-PB1,1836,3437,0,1,0,3438,A
2-PB1,1837,0,3453,0,0,3453,T
2-PB1,1838,0,1,3447,0,3448,G
2-PB1,1839,0,3,3429,0,3432,G
2-PB1,1840,0,1,3448,0,3449,G
2-PB1,1841,3437,1,7,0,3445,A
2-PB1,1842,0,1,3466,0,3467,G
2-PB1,1843,3,1,0,3443,3447,C
2-PB1,1844,0,3475,0,1,3476,T
2-PB1,1845,0,0,3485,0,3485,G
2-PB1,1846,3448,0,2,1,3451,A
2-PB1,1847,0,3461,0,0,3461,T
2-PB1,1848,20,3,3464,1,3488,G
2-PB1,1849,0,0,3486,0,3486,G
2-PB1,1850,3472,0,1,0,3473,A
2-PB1,1851,0,3481,0,0,3481,T
2-PB1,1852,2,0,3476,0,3478,G
2-PB1,1853,3449,0,3,0,3452,A
2-PB1,1854,1,2,3495,0,3498,G
2-PB1,1855,3506,0,0,0,3506,A
2-PB1,1856,3496,0,0,0,3496,A
2-PB1,1857,1,3478,0,1,3480,T
2-PB1,1858,0,3473,0,0,3473,T
2-PB1,1859,3472,0,1,0,3473,A
2-PB1,1860,1,3466,0,2,3469,T
2-PB1,1861,1,3,0,3477,3481,C
2-PB1,1862,2,1,3480,0,3483,G
2-PB1,1863,1,5,3434,0,3440,G
2-PB1,1864,0,2,3432,0,3434,G
2-PB1,1865,0,0,3413,0,3413,G
2-PB1,1866,3416,0,0,0,3416,A
2-PB1,1867,3412,0,1,0,3413,A
2-PB1,1868,0,2,3454,0,3456,G
2-PB1,1869,3452,0,2,0,3454,A
2-PB1,1870,0,0,0,3494,3494,C
2-PB1,1871,0,3459,0,0,3459,T
2-PB1,1872,0,3523,0,0,3523,T
2-PB1,1873,0,3533,0,0,3533,T
2-PB1,1874,1,1,3546,0,3548,G
2-PB1,1875,0,3545,0,1,3546,T
2-PB1,1876,3544,0,0,0,3544,A
2-PB1,1877,3530,0,0,0,3530,A
2-PB1,1878,0,3473,0,0,3473,T
2-PB1,1879,1,1,0,3499,3501,C
2-PB1,1880,3,0,0,3482,3485,C
2-PB1,1881,3,0,0,3471,3474,C
2-PB1,1882,2,1,0,3485,3488,C
2-PB1,1883,0,3470,0,3,3473,T
2-PB1,1884,0,1,3483,0,3484,G
2-PB1,1885,3460,1,0,0,3461,A
2-PB1,1886,3471,0,3,0,3474,A
2-PB1,1887,0,3479,0,1,3480,T
2-PB1,1888,0,0,0,3460,3460,C
2-PB1,1889,2,0,0,3445,3447,C
2-PB1,1890,2,1,0,3434,3437,C
2-PB1,1891,0,3423,0,4,3427,T
2-PB1,1892,0,3449,0,0,3449,T
2-PB1,1893,0,3429,1,2,3432,T
2-PB1,1894,0,0,3439,0,3439,G
2-PB1,1895,0,3407,0,1,3408,T
2-PB1,1896,3,0,0,3410,3413,C
2-PB1,1897,3393,0,3,0,3396,A
2-PB1,1898,0,0,3434,0,3434,G
2-PB1,1899,0,1,0,3417,3418,C
2-PB1,1900,3,0,0,3427,3430,C
2-PB1,1901,3447,0,0,0,3447,A
2-PB1,1902,0,3459,0,0,3459,T
2-PB1,1903,3448,1,1,0,3450,A
2-PB1,1904,3456,1,0,0,3457,A
2-PB1,1905,3460,0,1,0,3461,A
2-PB1,1906,1,1,3486,0,3488,G
2-PB1,1907,3414,0,0,0,3414,A
2-PB1,1908,3429,1,0,1,3431,A
2-PB1,1909,3437,0,0,0,3437,A
2-PB1,1910,0,3406,0,0,3406,T
2-PB1,1911,0,3409,0,1,3410,T
2-PB1,1912,13,3,3405,0,3421,G
2-PB1,1913,3379,1,3,0,3383,A
2-PB1,1914,5,0,3414,0,3419,G
2-PB1,1915,0,3398,0,0,3398,T
2-PB1,1916,4,0,0,3417,3421,C
2-PB1,1917,0,3414,1,1,3416,T
2-PB1,1918,0,2,3465,0,3467,G
2-PB1,1919,1,3474,0,0,3475,T
2-PB1,1920,3518,0,1,0,3519,A
2-PB1,1921,3515,0,1,0,3516,A
2-PB1,1922,3500,0,0,0,3500,A
2-PB1,1923,0,1,0,3522,3523,C
2-PB1,1924,3419,0,2,0,3421,A
2-PB1,1925,3479,0,0,0,3479,A
2-PB1,1926,0,3473,0,0,3473,T
2-PB1,1927,3,0,3439,0,3442,G
2-PB1,1928,1,0,0,3464,3465,C
2-PB1,1929,0,3422,0,3,3425,T
2-PB1,1930,0,1,3509,0,3510,G
2-PB1,1931,0,3509,0,0,3509,T
2-PB1,1932,3551,0,0,0,3551,A
2-PB1,1933,2,2,3558,0,3562,G
2-PB1,1934,0,3484,0,1,3485,T
2-PB1,1935,3474,0,4,0,3478,A
2-PB1,1936,3433,0,0,0,3433,A
2-PB1,1937,0,3415,0,0,3415,T
2-PB1,1938,1,1,3401,0,3403,G
2-PB1,1939,0,0,0,3346,3346,C
2-PB1,1940,1,0,0,3316,3317,C
2-PB1,1941,3256,0,5,0,3261,A
2-PB1,1942,7,2,3299,0,3308,G
2-PB1,1943,0,0,9,3325,3334,C
2-PB1,1944,0,1,0,3327,3328,C
2-PB1,1945,1,1,0,3352,3354,C
2-PB1,1946,3339,0,0,0,3339,A
2-PB1,1947,0,3325,1,4,3330,T
2-PB1,1948,0,3,3346,0,3349,G
2-PB1,1949,5,0,3361,0,3366,G
2-PB1,1950,0,3337,0,4,3341,T
2-PB1,1951,2,0,0,3261,3263,C
2-PB1,1952,1,1,0,3213,3215,C
2-PB1,1953,1,3204,1,4,3210,T
2-PB1,1954,3,1,3259,0,3263,G
2-PB1,1955,0,0,0,3238,3238,C
2-PB1,1956,2,1,0,3243,3246,C
2-PB1,1957,3269,1,0,0,3270,A
2-PB1,1958,3209,0,0,0,3209,A
2-PB1,1959,3206,0,0,0,3206,A
2-PB1,1960,3213,0,0,0,3213,A
2-PB1,1961,1,1,3265,0,3267,G
2-PB1,1962,0,3201,0,0,3201,T
2-PB1,1963,3214,0,1,0,3215,A
2-PB1,1964,0,3212,0,2,3214,T
2-PB1,1965,0,1,3210,0,3211,G
2-PB1,1966,1,0,3259,0,3260,G
2-PB1,1967,3247,0,2,1,3250,A
2-PB1,1968,3274,1,10,0,3285,A
2-PB1,1969,0,3265,0,0,3265,T
2-PB1,1970,3225,0,1,0,3226,A
2-PB1,1971,0,3222,0,1,3223,T
2-PB1,1972,1,1,3194,0,3196,G
2-PB1,1973,3198,0,1,0,3199,A
2-PB1,1974,0,3180,0,2,3182,T
2-PB1,1975,2,0,3115,0,3117,G
2-PB1,1976,1,0,0,3104,3105,C
2-PB1,1977,4,5,0,3065,3074,C
2-PB1,1978,4,0,3078,0,3082,G
2-PB1,1979,0,3071,0,0,3071,T
2-PB1,1980,0,3070,0,1,3071,T
2-PB1,1981,1,1,3080,0,3082,G
2-PB1,1982,0,0,0,3154,3154,C
2-PB1,1983,3152,0,0,0,3152,A
2-PB1,1984,3184,0,2,0,3186,A
2-PB1,1985,0,3,0,3195,3198,C
2-PB1,1986,0,3170,1,0,3171,T
2-PB1,1987,3179,0,2,0,3181,A
2-PB1,1988,8,1,0,3173,3182,C
2-PB1,1989,3168,0,2,2,3172,A
2-PB1,1990,2,1,0,3184,3187,C
2-PB1,1991,3049,0,1,0,3050,A
2-PB1,1992,1,1,0,3280,3282,C
2-PB1,1993,1,3181,0,0,3182,T
2-PB1,1994,2,1,1,3207,3211,C
2-PB1,1995,0,0,0,3217,3217,C
2-PB1,1996,0,3179,0,6,3185,T
2-PB1,1997,2,0,3198,0,3200,G
2-PB1,1998,0,1,3186,0,3187,G
2-PB1,1999,3184,0,0,0,3184,A
2-PB1,2000,0,3189,0,0,3189,T
2-PB1,2001,0,2885,0,4,2889,T
2-PB1,2002,2,1,0,2947,2950,C
2-PB1,2003,2,1,0,2909,2912,C
2-PB1,2004,1,1,0,2936,2938,C
2-PB1,2005,2950,0,0,1,2951,A
2-PB1,2006,2933,0,2,0,2935,A
2-PB1,2007,9,0,2935,0,2944,G
2-PB1,2008,2923,0,1,0,2924,A
2-PB1,2009,0,2,2919,0,2921,G
2-PB1,2010,0,1,2913,0,2914,G
2-PB1,2011,2863,1,0,0,2864,A
2-PB1,2012,2868,0,2,0,2870,A
2-PB1,2013,3,1,0,2854,2858,C
2-PB1,2014,0,0,0,2857,2857,C
2-PB1,2015,2,0,2888,0,2890,G
2-PB1,2016,1,0,0,2877,2878,C
2-PB1,2017,0,2868,1,2,2871,T
2-PB1,2018,1,1,0,2878,2880,C
2-PB1,2019,0,2869,0,1,2870,T
2-PB1,2020,3040,0,0,0,3040,A
2-PB1,2021,0,3032,0,1,3033,T
2-PB1,2022,0,3031,0,1,3032,T
2-PB1,2023,2,0,0,3044,3046,C
2-PB1,2024,0,2949,0,2,2951,T
2-PB1,2025,2951,0,2,0,2953,A
2-PB1,2026,2953,0,1,0,2954,A
2-PB1,2027,2951,0,0,0,2951,A
2-PB1,2028,0,0,0,2949,2949,C
2-PB1,2029,2774,0,0,0,2774,A
2-PB1,2030,2,0,0,2775,2777,C
2-PB1,2031,2738,0,1,0,2739,A
2-PB1,2032,2748,0,2,1,2751,A
2-PB1,2033,0,0,2764,0,2764,G
2-PB1,2034,2,0,0,2749,2751,C
2-PB1,2035,4,2,0,2754,2760,C
2-PB1,2036,2739,0,0,0,2739,A
2-PB1,2037,2729,0,0,0,2729,A
2-PB1,2038,2728,0,3,0,2731,A
2-PB1,2039,0,2,2763,0,2765,G
2-PB1,2040,0,2,2744,0,2746,G
2-PB1,2041,0,2,2710,0,2712,G
2-PB1,2042,0,3,2687,0,2690,G
2-PB1,2043,2691,0,1,0,2692,A
2-PB1,2044,2698,1,0,0,2699,A
2-PB1,2045,0,2702,0,2,2704,T
2-PB1,2046,0,2689,0,1,2690,T
2-PB1,2047,1,0,0,2706,2707,C
2-PB1,2048,0,2685,0,0,2685,T
2-PB1,2049,0,2693,0,4,2697,T
2-PB1,2050,0,0,2698,0,2698,G
2-PB1,2051,2696,0,3,0,2699,A
2-PB1,2052,0,1,2699,0,2700,G
2-PB1,2053,0,1,2694,0,2695,G
2-PB1,2054,2695,0,4,0,2699,A
2-PB1,2055,0,2686,0,0,2686,T
2-PB1,2056,0,4,2683,0,2687,G
2-PB1,2057,2688,0,1,1,2690,A
2-PB1,2058,2694,0,1,0,2695,A
2-PB1,2059,0,0,0,2695,2695,C
2-PB1,2060,2666,1,0,0,2667,A
2-PB1,2061,0,2,2706,0,2708,G
2-PB1,2062,2683,2,9,0,2694,A
2-PB1,2063,0,2682,0,3,2685,T
2-PB1,2064,0,0,2685,0,2685,G
2-PB1,2065,0,2703,0,1,2704,T
2-PB1,2066,2698,0,0,0,2698,A
2-PB1,2067,0,0,0,2699,2699,C
2-PB1,2068,3,1,0,2690,2694,C
2-PB1,2069,2665,0,0,0,2665,A
2-PB1,2070,1,0,2640,0,2641,G
2-PB1,2071,2613,0,0,0,2613,A
2-PB1,2072,2599,0,1,1,2601,A
2-PB1,2073,0,1,2612,0,2613,G
2-PB1,2074,0,2462,0,0,2462,T
2-PB1,2075,0,0,2469,0,2469,G
2-PB1,2076,0,0,0,2470,2470,C
2-PB1,2077,0,2457,0,4,2461,T
2-PB1,2078,0,0,2471,0,2471,G
2-PB1,2079,0,2,0,2455,2457,C
2-PB1,2080,2466,0,0,0,2466,A
2-PB1,2081,2455,0,0,0,2455,A
2-PB1,2082,0,0,0,2415,2415,C
2-PB1,2083,0,2406,1,1,2408,T
2-PB1,2084,0,2388,0,1,2389,T
2-PB1,2085,0,0,2384,0,2384,G
2-PB1,2086,1,2373,0,2,2376,T
2-PB1,2087,1,2368,0,0,2369,T
2-PB1,2088,3,0,0,2374,2377,C
2-PB1,2089,0,2,2385,0,2387,G
2-PB1,2090,2381,1,0,0,2382,A
2-PB1,2091,1,1,2382,0,2384,G
2-PB1,2092,2385,0,0,0,2385,A
2-PB1,2093,2379,0,0,0,2379,A
2-PB1,2094,2380,0,0,0,2380,A
2-PB1,2095,0,2378,0,0,2378,T
2-PB1,2096,0,2376,0,0,2376,T
2-PB1,2097,0,2373,0,0,2373,T
2-PB1,2098,0,2377,0,0,2377,T
2-PB1,2099,0,2360,0,0,2360,T
2-PB1,2100,0,0,0,2358,2358,C
2-PB1,2101,0,0,0,2372,2372,C
2-PB1,2102,2,1,0,2381,2384,C
2-PB1,2103,0,2377,0,0,2377,T
2-PB1,2104,2379,0,0,0,2379,A
2-PB1,2105,1,1,2388,0,2390,G
2-PB1,2106,0,2390,0,1,2391,T
2-PB1,2107,2399,1,0,0,2400,A
2-PB1,2108,2,2,2411,0,2415,G
2-PB1,2109,0,2371,0,0,2371,T
2-PB1,2110,1,2420,0,2,2423,T
2-PB1,2111,2,0,0,2449,2451,C
2-PB1,2112,2476,0,0,0,2476,A
2-PB1,2113,0,2458,0,0,2458,T
2-PB1,2114,2469,0,0,0,2469,A
2-PB1,2115,1,2459,0,1,2461,T
2-PB1,2116,2379,0,3,0,2382,A
2-PB1,2117,0,1,2369,0,2370,G
2-PB1,2118,1,1,2355,0,2357,G
2-PB1,2119,2089,0,7,0,2096,A
2-PB1,2120,1,2,2093,0,2096,G
2-PB1,2121,1978,0,0,0,1978,A
2-PB1,2122,0,0,0,1974,1974,C
2-PB1,2123,2,0,0,1888,1890,C
2-PB1,2124,2,0,1897,0,1899,G
2-PB1,2125,1896,0,0,0,1896,A
2-PB1,2126,0,1886,0,0,1886,T
2-PB1,2127,0,1891,0,0,1891,T
2-PB1,2128,0,1,1890,0,1891,G
2-PB1,2129,1,1,1891,0,1893,G
2-PB1,2130,1891,0,2,1,1894,A
2-PB1,2131,1891,0,0,0,1891,A
2-PB1,2132,4,1870,1,0,1875,T
2-PB1,2133,0,1880,0,0,1880,T
2-PB1,2134,0,1869,0,0,1869,T
2-PB1,2135,0,0,0,1876,1876,C
2-PB1,2136,0,1877,0,0,1877,T
2-PB1,2137,1875,0,3,0,1878,A
2-PB1,2138,0,0,1880,0,1880,G
2-PB1,2139,0,1,0,1869,1870,C
2-PB1,2140,1869,0,1,0,1870,A
2-PB1,2141,0,1858,0,1,1859,T
2-PB1,2142,0,0,1828,0,1828,G
2-PB1,2143,0,0,1858,0,1858,G
2-PB1,2144,0,1842,0,0,1842,T
2-PB1,2145,0,1,1837,0,1838,G
2-PB1,2146,0,1,1835,0,1836,G
2-PB1,2147,1812,0,0,0,1812,A
2-PB1,2148,1,0,1818,0,1819,G
2-PB1,2149,0,0,1814,0,1814,G
2-PB1,2150,0,0,0,1755,1755,C
2-PB1,2151,1,0,0,1776,1777,C
2-PB1,2152,1648,0,1,0,1649,A
2-PB1,2153,0,1654,0,1,1655,T
2-PB1,2154,0,0,1655,0,1655,G
2-PB1,2155,0,0,1669,0,1669,G
2-PB1,2156,1,1624,0,1,1626,T
2-PB1,2157,0,0,1641,0,1641,G
2-PB1,2158,0,1608,0,0,1608,T
2-PB1,2159,2,0,0,1593,1595,C
2-PB1,2160,0,1596,0,1,1597,T
2-PB1,2161,1600,0,0,0,1600,A
2-PB1,2162,0,1,1594,0,1595,G
2-PB1,2163,0,0,1544,0,1544,G
2-PB1,2164,0,0,1537,0,1537,G
2-PB1,2165,1,0,0,1467,1468,C
2-PB1,2166,1,0,0,1418,1419,C
2-PB1,2167,1,1,0,1412,1414,C
2-PB1,2168,2,2,1416,0,1420,G
2-PB1,2169,10,1,1415,0,1426,G
2-PB1,2170,1429,0,0,0,1429,A
2-PB1,2171,1,1415,0,0,1416,T
2-PB1,2172,0,1376,0,2,1378,T
2-PB1,2173,1,0,1363,0,1364,G
2-PB1,2174,1357,0,0,0,1357,A
2-PB1,2175,0,1354,0,0,1354,T
2-PB1,2176,0,0,1357,0,1357,G
2-PB1,2177,2,0,0,1339,1341,C
2-PB1,2178,0,1,0,1335,1336,C
2-PB1,2179,1326,0,1,0,1327,A
2-PB1,2180,0,0,1331,0,1331,G
2-PB1,2181,1337,0,0,0,1337,A
2-PB1,2182,1334,1,0,0,1335,A
2-PB1,2183,0,1319,1,2,1322,T
2-PB1,2184,0,1287,0,1,1288,T
2-PB1,2185,0,1,1290,0,1291,G
2-PB1,2186,1280,0,0,0,1280,A
2-PB1,2187,0,0,0,1276,1276,C
2-PB1,2188,0,1279,0,1,1280,T
2-PB1,2189,0,1255,0,1,1256,T
2-PB1,2190,1,0,0,1257,1258,C
2-PB1,2191,0,0,1255,0,1255,G
2-PB1,2192,1253,0,1,0,1254,A
2-PB1,2193,0,0,1236,0,1236,G
2-PB1,2194,0,1248,0,1,1249,T
2-PB1,2195,1,0,0,1251,1252,C
2-PB1,2196,0,1250,0,3,1253,T
2-PB1,2197,0,2,1244,0,1246,G
2-PB1,2198,0,1,1249,0,1250,G
2-PB1,2199,1245,0,0,0,1245,A
2-PB1,2200,1166,0,1,0,1167,A
2-PB1,2201,0,0,1169,0,1169,G
2-PB1,2202,0,0,1182,0,1182,G
2-PB1,2203,1184,0,0,0,1184,A
2-PB1,2204,0,1164,0,1,1165,T
2-PB1,2205,0,1182,0,0,1182,T
2-PB1,2206,1177,0,1,0,1178,A
2-PB1,2207,1169,0,1,0,1170,A
2-PB1,2208,0,0,1179,0,1179,G
2-PB1,2209,1169,0,0,0,1169,A
2-PB1,2210,1126,0,0,0,1126,A
2-PB1,2211,0,1,1032,2,1035,G
2-PB1,2212,0,2,1039,0,1041,G
2-PB1,2213,1038,0,0,0,1038,A
2-PB1,2214,1036,0,0,0,1036,A
2-PB1,2215,0,1,1042,0,1043,G
2-PB1,2216,949,0,0,0,949,A
2-PB1,2217,0,0,949,0,949,G
2-PB1,2218,0,884,0,0,884,T
2-PB1,2219,0,877,0,0,877,T
2-PB1,2220,0,0,0,882,882,C
2-PB1,2221,0,857,0,0,857,T
2-PB1,2222,1,0,0,863,864,C
2-PB1,2223,0,864,0,0,864,T
2-PB1,2224,0,0,859,0,859,G
2-PB1,2225,828,0,0,0,828,A
2-PB1,2226,0,0,822,0,822,G
2-PB1,2227,811,0,0,0,811,A
2-PB1,2228,0,782,0,0,782,T
2-PB1,2229,0,0,0,741,741,C
2-PB1,2230,743,0,0,0,743,A
2-PB1,2231,0,747,0,0,747,T
2-PB1,2232,0,0,743,0,743,G
2-PB1,2233,744,0,0,0,744,A
2-PB1,2234,741,0,0,0,741,A
2-PB1,2235,0,0,738,0,738,G
2-PB1,2236,722,0,1,0,723,A
2-PB1,2237,0,716,0,0,716,T
2-PB1,2238,1,0,0,712,713,C
2-PB1,2239,0,683,0,0,683,T
2-PB1,2240,0,0,683,0,683,G
2-PB1,2241,0,682,0,1,683,T
2-PB1,2242,0,677,0,0,677,T
2-PB1,2243,0,0,0,672,672,C
2-PB1,2244,0,0,1,639,640,C
2-PB1,2245,635,0,0,0,635,A
2-PB1,2246,0,2,0,636,638,C
2-PB1,2247,1,0,0,610,611,C
2-PB1,2248,601,0,0,0,601,A
2-PB1,2249,0,566,0,0,566,T
2-PB1,2250,0,556,0,0,556,T
2-PB1,2251,0,0,557,0,557,G
2-PB1,2252,550,0,0,0,550,A
2-PB1,2253,549,0,0,0,549,A
2-PB1,2254,0,0,549,0,549,G
2-PB1,2255,480,0,0,0,480,A
2-PB1,2256,476,0,2,0,478,A
2-PB1,2257,0,0,0,480,480,C
2-PB1,2258,0,455,0,1,456,T
2-PB1,2259,0,0,0,459,459,C
2-PB1,2260,441,0,0,0,441,A
2-PB1,2261,0,0,441,0,441,G
2-PB1,2262,437,0,0,0,437,A
2-PB1,2263,0,0,0,432,432,C
2-PB1,2264,1,0,422,0,423,G
2-PB1,2265,0,0,410,0,410,G
2-PB1,2266,0,0,0,409,409,C
2-PB1,2267,404,0,0,0,404,A
2-PB1,2268,400,0,1,0,401,A
2-PB1,2269,399,0,0,0,399,A
2-PB1,2270,398,0,1,0,399,A
2-PB1,2271,396,0,0,0,396,A
2-PB1,2272,0,389,0,0,389,T
2-PB1,2273,381,0,0,0,381,A
2-PB1,2274,377,0,0,0,377,A
3-PA,1,64,0,0,0,64,A
3-PA,2,0,65,0,0,65,T
3-PA,3,0,0,69,0,69,G
3-PA,4,0,0,71,0,71,G
3-PA,5,72,0,0,0,72,A
3-PA,6,71,0,0,0,71,A
3-PA,7,0,0,75,0,75,G
3-PA,8,80,0,0,0,80,A
3-PA,9,0,80,0,0,80,T
3-PA,10,0,82,0,0,82,T
3-PA,11,0,83,0,0,83,T
3-PA,12,0,84,0,0,84,T
3-PA,13,0,0,89,0,89,G
3-PA,14,0,85,0,0,85,T
3-PA,15,0,0,88,0,88,G
3-PA,16,0,0,0,90,90,C
3-PA,17,0,0,92,0,92,G
3-PA,18,99,0,0,0,99,A
3-PA,19,0,0,0,100,100,C
3-PA,20,103,0,0,0,103,A
3-PA,21,104,0,0,0,104,A
3-PA,22,0,105,0,0,105,T
3-PA,23,0,0,120,0,120,G
3-PA,24,0,1,0,121,122,C
3-PA,25,0,121,0,0,121,T
3-PA,26,0,123,0,0,123,T
3-PA,27,0,0,0,122,122,C
3-PA,28,125,0,0,0,125,A
3-PA,29,129,0,0,0,129,A
3-PA,30,0,0,0,132,132,C
3-PA,31,1,0,0,129,130,C
3-PA,32,0,0,0,131,131,C
3-PA,33,0,0,137,0,137,G
3-PA,34,137,0,0,0,137,A
3-PA,35,0,137,0,0,137,T
3-PA,36,0,1,138,0,139,G
3-PA,37,141,0,0,0,141,A
3-PA,38,0,143,0,0,143,T
3-PA,39,0,145,0,0,145,T
3-PA,40,0,0,145,0,145,G
3-PA,41,0,145,0,0,145,T
3-PA,42,0,0,0,145,145,C
3-PA,43,0,0,145,0,145,G
3-PA,44,145,0,0,0,145,A
3-PA,45,147,0,0,0,147,A
3-PA,46,0,0,0,148,148,C
3-PA,47,0,148,0,0,148,T
3-PA,48,0,149,0,0,149,T
3-PA,49,0,0,149,0,149,G
3-PA,50,0,0,0,150,150,C
3-PA,51,149,0,0,0,149,A
3-PA,52,0,0,152,0,152,G
3-PA,53,153,0,0,0,153,A
3-PA,54,152,0,0,0,152,A
3-PA,55,152,0,0,0,152,A
3-PA,56,151,0,0,0,151,A
3-PA,57,152,0,1,0,153,A
3-PA,58,0,0,154,0,154,G
3-PA,59,0,0,0,162,162,C
3-PA,60,162,0,0,0,162,A
3-PA,61,168,0,0,0,168,A
3-PA,62,0,169,0,0,169,T
3-PA,63,0,0,171,1,172,G
3-PA,64,181,0,0,0,181,A
3-PA,65,181,0,1,0,182,A
3-PA,66,183,0,0,0,183,A
3-PA,67,0,0,195,0,195,G
3-PA,68,205,1,0,0,206,A
3-PA,69,0,1,252,0,253,G
3-PA,70,0,251,0,1,252,T
3-PA,71,256,0,0,0,256,A
3-PA,72,0,256,0,0,256,T
3-PA,73,0,1,257,0,258,G
3-PA,74,0,0,258,0,258,G
3-PA,75,0,1,256,0,257,G
3-PA,76,0,0,258,0,258,G
3-PA,77,258,0,0,0,258,A
3-PA,78,0,0,257,0,257,G
3-PA,79,0,1,256,0,257,G
3-PA,80,258,0,0,0,258,A
3-PA,81,0,262,0,0,262,T
3-PA,82,0,0,0,262,262,C
3-PA,83,0,264,0,0,264,T
3-PA,84,0,0,265,0,265,G
3-PA,85,265,0,0,0,265,A
3-PA,86,265,0,0,0,265,A
3-PA,87,266,0,0,0,266,A
3-PA,88,263,0,0,0,263,A
3-PA,89,0,264,0,0,264,T
3-PA,90,0,264,0,0,264,T
3-PA,91,0,0,261,0,261,G
3-PA,92,264,0,0,0,264,A
3-PA,93,264,0,0,0,264,A
3-PA,94,263,0,0,0,263,A
3-PA,95,0,0,0,264,264,C
3-PA,96,266,0,0,0,266,A
3-PA,97,270,0,0,0,270,A
3-PA,98,269,0,0,0,269,A
3-PA,99,0,0,0,271,271,C
3-PA,100,271,0,0,0,271,A
3-PA,101,273,0,0,0,273,A
3-PA,102,272,0,0,0,272,A
3-PA,103,0,274,0,0,274,T
3-PA,104,0,273,0,0,273,T
3-PA,105,0,274,0,0,274,T
3-PA,106,0,0,272,0,272,G
3-PA,107,0,0,0,277,277,C
3-PA,108,276,0,1,0,277,A
3-PA,109,0,0,288,0,288,G
3-PA,110,0,0,0,287,287,C
3-PA,111,311,0,0,0,311,A
3-PA,112,316,0,0,0,316,A
3-PA,113,0,320,0,0,320,T
3-PA,114,330,0,0,0,330,A
3-PA,115,0,332,0,0,332,T
3-PA,116,2,0,337,0,339,G
3-PA,117,0,0,0,338,338,C
3-PA,118,335,0,1,0,336,A
3-PA,119,0,0,0,344,344,C
3-PA,120,0,339,0,0,339,T
3-PA,121,0,0,0,404,404,C
3-PA,122,416,0,0,0,416,A
3-PA,123,0,0,0,429,429,C
3-PA,124,0,428,0,0,428,T
3-PA,125,0,429,0,0,429,T
3-PA,126,0,1,429,0,430,G
3-PA,127,0,0,432,0,432,G
3-PA,128,431,1,0,0,432,A
3-PA,129,0,0,440,0,440,G
3-PA,130,0,0,436,0,436,G
3-PA,131,0,420,0,0,420,T
3-PA,132,1,0,449,0,450,G
3-PA,133,0,450,0,0,450,T
3-PA,134,2,0,454,0,456,G
3-PA,135,0,458,0,0,458,T
3-PA,136,0,461,0,0,461,T
3-PA,137,0,458,0,0,458,T
3-PA,138,0,0,0,466,466,C
3-PA,139,472,0,0,0,472,A
3-PA,140,0,469,0,0,469,T
3-PA,141,0,0,481,0,481,G
3-PA,142,0,475,0,0,475,T
3-PA,143,482,0,0,0,482,A
3-PA,144,0,484,0,0,484,T
3-PA,145,0,482,0,0,482,T
3-PA,146,0,1,0,482,483,C
3-PA,147,483,0,0,0,483,A
3-PA,148,0,1,492,0,493,G
3-PA,149,489,0,1,0,490,A
3-PA,150,0,494,0,0,494,T
3-PA,151,0,492,0,0,492,T
3-PA,152,0,490,0,2,492,T
3-PA,153,0,0,0,492,492,C
3-PA,154,1,0,0,497,498,C
3-PA,155,498,0,0,0,498,A
3-PA,156,0,499,0,0,499,T
3-PA,157,0,493,0,0,493,T
3-PA,158,0,496,0,0,496,T
3-PA,159,0,0,0,499,499,C
3-PA,160,496,0,0,0,496,A
3-PA,161,0,511,0,0,511,T
3-PA,162,2,0,0,511,513,C
3-PA,163,513,0,2,0,515,A
3-PA,164,513,0,0,0,513,A
3-PA,165,0,514,0,0,514,T
3-PA,166,0,1,536,0,537,G
3-PA,167,539,0,0,0,539,A
3-PA,168,539,0,0,0,539,A
3-PA,169,0,0,0,540,540,C
3-PA,170,536,0,0,0,536,A
3-PA,171,540,0,0,0,540,A
3-PA,172,1,1,544,0,546,G
3-PA,173,1,0,539,0,540,G
3-PA,174,0,0,0,544,544,C
3-PA,175,0,2,537,0,539,G
3-PA,176,562,0,0,0,562,A
3-PA,177,564,0,0,0,564,A
3-PA,178,0,565,0,0,565,T
3-PA,179,0,0,0,576,576,C
3-PA,180,570,0,0,0,570,A
3-PA,181,568,0,0,0,568,A
3-PA,182,0,575,0,0,575,T
3-PA,183,575,0,0,0,575,A
3-PA,184,0,0,590,0,590,G
3-PA,185,0,590,0,0,590,T
3-PA,186,0,0,595,0,595,G
3-PA,187,0,0,592,0,592,G
3-PA,188,0,596,0,0,596,T
3-PA,189,594,0,0,0,594,A
3-PA,190,0,1,604,1,606,G
3-PA,191,606,0,0,0,606,A
3-PA,192,609,0,0,0,609,A
3-PA,193,0,0,0,607,607,C
3-PA,194,0,599,0,0,599,T
3-PA,195,0,599,0,0,599,T
3-PA,196,0,0,596,0,596,G
3-PA,197,593,0,1,0,594,A
3-PA,198,1,1,0,590,592,C
3-PA,199,0,0,595,0,595,G
3-PA,200,598,0,0,0,598,A
3-PA,201,0,604,0,1,605,T
3-PA,202,0,0,0,612,612,C
3-PA,203,0,0,0,618,618,C
3-PA,204,619,0,0,0,619,A
3-PA,205,618,0,0,0,618,A
3-PA,206,622,0,0,0,622,A
3-PA,207,0,622,0,0,622,T
3-PA,208,0,0,626,0,626,G
3-PA,209,0,0,0,625,625,C
3-PA,210,617,0,1,0,618,A
3-PA,211,0,0,0,648,648,C
3-PA,212,0,646,0,0,646,T
3-PA,213,0,1,738,0,739,G
3-PA,214,0,741,0,0,741,T
3-PA,215,0,740,0,1,741,T
3-PA,216,737,0,0,0,737,A
3-PA,217,739,0,0,0,739,A
3-PA,218,738,0,1,0,739,A
3-PA,219,0,0,743,0,743,G
3-PA,220,0,0,0,734,734,C
3-PA,221,716,0,0,0,716,A
3-PA,222,0,0,0,726,726,C
3-PA,223,687,0,0,0,687,A
3-PA,224,0,1,713,0,714,G
3-PA,225,708,0,0,0,708,A
3-PA,226,0,711,0,0,711,T
3-PA,227,0,716,0,0,716,T
3-PA,228,0,716,0,0,716,T
3-PA,229,1,1,713,0,715,G
3-PA,230,712,0,1,0,713,A
3-PA,231,715,0,0,0,715,A
3-PA,232,713,0,1,0,714,A
3-PA,233,0,703,0,0,703,T
3-PA,234,702,0,0,0,702,A
3-PA,235,713,0,0,0,713,A
3-PA,236,0,710,0,0,710,T
3-PA,237,1,1,0,713,715,C
3-PA,238,0,1,715,0,716,G
3-PA,239,705,0,1,0,706,A
3-PA,240,1,1,715,0,717,G
3-PA,241,0,0,720,0,720,G
3-PA,242,0,0,717,0,717,G
3-PA,243,0,1,721,0,722,G
3-PA,244,699,0,1,0,700,A
3-PA,245,2,1,714,0,717,G
3-PA,246,737,0,1,0,738,A
3-PA,247,0,0,743,0,743,G
3-PA,248,739,0,2,0,741,A
3-PA,249,0,1,0,751,752,C
3-PA,250,746,0,0,0,746,A
3-PA,251,0,0,760,0,760,G
3-PA,252,761,0,1,0,762,A
3-PA,253,777,0,1,0,778,A
3-PA,254,0,0,0,773,773,C
3-PA,255,767,0,0,0,767,A
3-PA,256,764,0,0,0,764,A
3-PA,257,0,761,0,0,761,T
3-PA,258,0,1,783,0,784,G
3-PA,259,0,0,783,0,783,G
3-PA,260,0,0,0,776,776,C
3-PA,261,0,0,0,785,785,C
3-PA,262,0,776,0,0,776,T
3-PA,263,0,0,801,0,801,G
3-PA,264,1,2,798,0,801,G
3-PA,265,798,0,0,0,798,A
3-PA,266,0,0,1,818,819,C
3-PA,267,795,0,0,0,795,A
3-PA,268,1,1,897,0,899,G
3-PA,269,0,896,0,2,898,T
3-PA,270,905,0,1,0,906,A
3-PA,271,0,0,910,0,910,G
3-PA,272,0,891,0,0,891,T
3-PA,273,901,0,0,0,901,A
3-PA,274,899,0,0,1,900,A
3-PA,275,898,0,1,0,899,A
3-PA,276,0,2,0,907,909,C
3-PA,277,849,0,0,0,849,A
3-PA,278,0,0,870,0,870,G
3-PA,279,0,854,0,0,854,T
3-PA,280,870,0,0,0,870,A
3-PA,281,0,867,0,0,867,T
3-PA,282,0,0,0,886,886,C
3-PA,283,0,886,0,2,888,T
3-PA,284,0,0,885,0,885,G
3-PA,285,0,0,0,891,891,C
3-PA,286,880,0,0,0,880,A
3-PA,287,885,0,0,1,886,A
3-PA,288,0,0,2,884,886,C
3-PA,289,881,0,0,0,881,A
3-PA,290,1,0,0,922,923,C
3-PA,291,0,909,0,0,909,T
3-PA,292,916,0,0,0,916,A
3-PA,293,0,0,0,912,912,C
3-PA,294,0,916,0,0,916,T
3-PA,295,3,0,907,0,910,G
3-PA,296,0,1,907,0,908,G
3-PA,297,901,0,0,0,901,A
3-PA,298,0,0,904,0,904,G
3-PA,299,0,0,0,889,889,C
3-PA,300,0,891,0,1,892,T
3-PA,301,0,0,890,0,890,G
3-PA,302,0,2,880,0,882,G
3-PA,303,0,0,882,0,882,G
3-PA,304,882,0,0,0,882,A
3-PA,305,884,0,0,0,884,A
3-PA,306,884,0,0,0,884,A
3-PA,307,1,0,0,887,888,C
3-PA,308,0,0,0,884,884,C
3-PA,309,2,0,888,0,890,G
3-PA,310,882,0,0,0,882,A
3-PA,311,883,0,0,0,883,A
3-PA,312,0,0,894,0,894,G
3-PA,313,0,893,0,0,893,T
3-PA,314,0,894,0,0,894,T
3-PA,315,0,896,0,0,896,T
3-PA,316,1,0,0,891,892,C
3-PA,317,0,899,0,0,899,T
3-PA,318,896,1,0,0,897,A
3-PA,319,0,0,0,890,890,C
3-PA,320,1,0,0,895,896,C
3-PA,321,893,0,0,0,893,A
3-PA,322,0,0,903,0,903,G
3-PA,323,898,0,0,0,898,A
3-PA,324,0,903,0,0,903,T
3-PA,325,0,906,0,0,906,T
3-PA,326,0,909,0,0,909,T
3-PA,327,2,0,907,0,909,G
3-PA,328,0,905,0,0,905,T
3-PA,329,908,0,0,0,908,A
3-PA,330,0,901,1,0,902,T
3-PA,331,1,2,897,0,900,G
3-PA,332,938,0,0,0,938,A
3-PA,333,0,929,1,0,930,T
3-PA,334,0,933,0,1,934,T
3-PA,335,927,1,0,0,928,A
3-PA,336,0,0,0,939,939,C
3-PA,337,943,0,2,0,945,A
3-PA,338,940,0,1,0,941,A
3-PA,339,2,2,945,0,949,G
3-PA,340,0,0,962,0,962,G
3-PA,341,924,0,0,0,924,A
3-PA,342,0,2,930,0,932,G
3-PA,343,931,0,0,0,931,A
3-PA,344,932,0,0,0,932,A
3-PA,345,0,0,0,935,935,C
3-PA,346,922,0,0,0,922,A
3-PA,347,0,0,926,0,926,G
3-PA,348,915,0,0,0,915,A
3-PA,349,0,917,0,0,917,T
3-PA,350,0,916,0,0,916,T
3-PA,351,1,0,0,912,913,C
3-PA,352,914,0,0,0,914,A
3-PA,353,0,913,0,0,913,T
3-PA,354,0,0,0,917,917,C
3-PA,355,1,0,916,0,917,G
3-PA,356,920,0,0,0,920,A
3-PA,357,919,0,0,0,919,A
3-PA,358,920,0,0,0,920,A
3-PA,359,0,917,0,0,917,T
3-PA,360,0,915,0,0,915,T
3-PA,361,0,0,918,0,918,G
3-PA,362,1,1,916,0,918,G
3-PA,363,0,1,919,0,920,G
3-PA,364,0,0,917,0,917,G
3-PA,365,0,901,0,0,901,T
3-PA,366,1,0,922,0,923,G
3-PA,367,920,0,1,0,921,A
3-PA,368,0,0,0,924,924,C
3-PA,369,929,0,0,0,929,A
3-PA,370,924,0,0,0,924,A
3-PA,371,1,1,933,0,935,G
3-PA,372,0,1,937,0,938,G
3-PA,373,938,0,1,0,939,A
3-PA,374,0,1,944,0,945,G
3-PA,375,934,0,1,0,935,A
3-PA,376,0,2,934,0,936,G
3-PA,377,928,0,0,0,928,A
3-PA,378,933,0,1,0,934,A
3-PA,379,0,1,964,0,965,G
3-PA,380,0,942,0,0,942,T
3-PA,381,1,0,0,955,956,C
3-PA,382,0,0,0,955,955,C
3-PA,383,960,0,0,0,960,A
3-PA,384,0,0,0,974,974,C
3-PA,385,997,0,0,0,997,A
3-PA,386,0,1013,0,0,1013,T
3-PA,387,1045,0,0,0,1045,A
3-PA,388,0,1032,0,0,1032,T
3-PA,389,1028,0,4,0,1032,A
3-PA,390,0,1015,0,1,1016,T
3-PA,391,0,1015,0,1,1016,T
3-PA,392,1060,0,0,0,1060,A
3-PA,393,0,0,0,1060,1060,C
3-PA,394,0,0,0,1038,1038,C
3-PA,395,0,1030,0,0,1030,T
3-PA,396,0,1013,0,2,1015,T
3-PA,397,0,0,1018,0,1018,G
3-PA,398,1012,0,0,0,1012,A
3-PA,399,0,0,962,0,962,G
3-PA,400,963,0,1,0,964,A
3-PA,401,967,0,0,0,967,A
3-PA,402,0,2,971,0,973,G
3-PA,403,1,0,972,0,973,G
3-PA,404,0,1,0,973,974,C
3-PA,405,0,0,0,978,978,C
3-PA,406,969,0,0,1,970,A
3-PA,407,969,0,0,0,969,A
3-PA,408,0,965,0,0,965,T
3-PA,409,974,0,0,0,974,A
3-PA,410,971,0,0,0,971,A
3-PA,411,1,0,978,0,979,G
3-PA,412,973,0,1,0,974,A
3-PA,413,0,973,0,0,973,T
3-PA,414,0,979,0,0,979,T
3-PA,415,976,0,0,0,976,A
3-PA,416,978,0,0,0,978,A
3-PA,417,984,0,0,0,984,A
3-PA,418,0,978,0,0,978,T
3-PA,419,1,1,0,988,990,C
3-PA,420,0,962,0,1,963,T
3-PA,421,0,1,979,1,981,G
3-PA,422,977,0,2,0,979,A
3-PA,423,0,3,988,0,991,G
3-PA,424,989,0,1,0,990,A
3-PA,425,987,0,1,0,988,A
3-PA,426,0,0,0,993,993,C
3-PA,427,992,1,0,0,993,A
3-PA,428,1,1,0,998,1000,C
3-PA,429,998,0,1,1,1000,A
3-PA,430,0,1,0,1008,1009,C
3-PA,431,1009,0,0,0,1009,A
3-PA,432,0,1,0,1019,1020,C
3-PA,433,1021,0,1,0,1022,A
3-PA,434,0,1018,0,0,1018,T
3-PA,435,0,1020,0,0,1020,T
3-PA,436,0,0,0,1021,1021,C
3-PA,437,1011,0,0,0,1011,A
3-PA,438,0,1,0,1026,1027,C
3-PA,439,1025,0,0,0,1025,A
3-PA,440,0,1018,0,0,1018,T
3-PA,441,0,993,0,0,993,T
3-PA,442,0,1007,0,0,1007,T
3-PA,443,0,1002,0,1,1003,T
3-PA,444,0,0,0,1011,1011,C
3-PA,445,0,1001,0,2,1003,T
3-PA,446,2,0,0,1012,1014,C
3-PA,447,1011,0,0,0,1011,A
3-PA,448,0,995,0,1,996,T
3-PA,449,0,1005,0,0,1005,T
3-PA,450,0,0,0,1011,1011,C
3-PA,451,996,0,1,0,997,A
3-PA,452,0,0,0,1016,1016,C
3-PA,453,0,1009,0,0,1009,T
3-PA,454,1,0,1015,0,1016,G
3-PA,455,0,1,1010,0,1011,G
3-PA,456,991,1,0,0,992,A
3-PA,457,0,1,1004,0,1005,G
3-PA,458,1001,0,0,0,1001,A
3-PA,459,1,0,1006,0,1007,G
3-PA,460,0,0,1006,0,1006,G
3-PA,461,1005,0,0,0,1005,A
3-PA,462,1002,0,1,1,1004,A
3-PA,463,995,0,0,0,995,A
3-PA,464,0,979,0,0,979,T
3-PA,465,3,0,986,0,989,G
3-PA,466,0,0,971,0,971,G
3-PA,467,0,1,0,980,981,C
3-PA,468,2,0,0,980,982,C
3-PA,469,985,0,0,0,985,A
3-PA,470,1,0,0,985,986,C
3-PA,471,988,0,0,0,988,A
3-PA,472,982,0,0,0,982,A
3-PA,473,990,0,0,0,990,A
3-PA,474,0,0,991,0,991,G
3-PA,475,1,0,982,0,983,G
3-PA,476,1,0,0,989,990,C
3-PA,477,993,0,1,0,994,A
3-PA,478,0,1,1008,0,1009,G
3-PA,479,1007,0,1,0,1008,A
3-PA,480,0,0,0,1008,1008,C
3-PA,481,0,1006,0,0,1006,T
3-PA,482,1008,1,1,0,1010,A
3-PA,483,0,0,0,1000,1000,C
3-PA,484,994,0,0,0,994,A
3-PA,485,0,0,0,998,998,C
3-PA,486,1,969,0,0,970,T
3-PA,487,1,0,0,973,974,C
3-PA,488,0,963,0,0,963,T
3-PA,489,0,0,0,966,966,C
3-PA,490,0,0,970,0,970,G
3-PA,491,957,0,0,0,957,A
3-PA,492,0,0,0,959,959,C
3-PA,493,1,0,969,1,971,G
3-PA,494,964,0,0,0,964,A
3-PA,495,0,1,970,0,971,G
3-PA,496,0,1,967,0,968,G
3-PA,497,968,0,0,0,968,A
3-PA,498,965,0,0,0,965,A
3-PA,499,964,0,1,0,965,A
3-PA,500,0,1,966,0,967,G
3-PA,501,0,0,0,966,966,C
3-PA,502,963,0,1,0,964,A
3-PA,503,0,0,977,0,977,G
3-PA,504,0,0,984,0,984,G
3-PA,505,0,1,982,0,983,G
3-PA,506,0,0,0,977,977,C
3-PA,507,1,977,0,0,978,T
3-PA,508,977,0,0,0,977,A
3-PA,509,0,0,992,0,992,G
3-PA,510,0,0,1036,0,1036,G
3-PA,511,1041,0,0,0,1041,A
3-PA,512,0,1013,0,0,1013,T
3-PA,513,0,1004,0,0,1004,T
3-PA,514,1000,0,0,0,1000,A
3-PA,515,1007,0,1,1,1009,A
3-PA,516,0,3,1002,0,1005,G
3-PA,517,1000,0,0,0,1000,A
3-PA,518,0,0,0,1000,1000,C
3-PA,519,0,0,0,919,919,C
3-PA,520,916,0,0,0,916,A
3-PA,521,0,0,918,0,918,G
3-PA,522,1,0,919,0,920,G
3-PA,523,0,0,0,922,922,C
3-PA,524,0,894,0,0,894,T
3-PA,525,0,0,905,0,905,G
3-PA,526,0,898,0,1,899,T
3-PA,527,0,904,0,0,904,T
3-PA,528,0,902,0,0,902,T
3-PA,529,898,0,0,0,898,A
3-PA,530,0,0,0,902,902,C
3-PA,531,1,0,0,901,902,C
3-PA,532,884,0,0,0,884,A
3-PA,533,0,892,0,0,892,T
3-PA,534,854,0,0,0,854,A
3-PA,535,849,1,0,0,850,A
3-PA,536,0,1,857,0,858,G
3-PA,537,853,0,0,0,853,A
3-PA,538,0,0,0,855,855,C
3-PA,539,842,0,0,0,842,A
3-PA,540,846,0,1,0,847,A
3-PA,541,0,0,850,0,850,G
3-PA,542,845,0,0,0,845,A
3-PA,543,845,0,1,0,846,A
3-PA,544,849,0,0,0,849,A
3-PA,545,0,811,0,0,811,T
3-PA,546,0,0,826,1,827,G
3-PA,547,0,0,827,0,827,G
3-PA,548,0,0,0,826,826,C
3-PA,549,0,0,0,828,828,C
3-PA,550,825,0,0,0,825,A
3-PA,551,830,0,0,0,830,A
3-PA,552,0,0,0,831,831,C
3-PA,553,828,0,0,0,828,A
3-PA,554,0,0,826,0,826,G
3-PA,555,801,0,2,0,803,A
3-PA,556,0,0,813,0,813,G
3-PA,557,0,0,823,0,823,G
3-PA,558,0,0,0,815,815,C
3-PA,559,2,0,0,818,820,C
3-PA,560,0,807,0,0,807,T
3-PA,561,797,0,0,0,797,A
3-PA,562,0,809,0,1,810,T
3-PA,563,0,1,812,0,813,G
3-PA,564,0,0,815,0,815,G
3-PA,565,0,1,771,0,772,G
3-PA,566,746,0,0,0,746,A
3-PA,567,0,731,0,2,733,T
3-PA,568,0,710,0,0,710,T
3-PA,569,0,0,0,767,767,C
3-PA,570,1,0,0,729,730,C
3-PA,571,0,698,0,1,699,T
3-PA,572,0,694,0,0,694,T
3-PA,573,0,683,0,0,683,T
3-PA,574,0,0,0,688,688,C
3-PA,575,0,0,684,0,684,G
3-PA,576,0,676,0,0,676,T
3-PA,577,0,0,0,681,681,C
3-PA,578,664,0,0,0,664,A
3-PA,579,0,0,755,0,755,G
3-PA,580,0,761,0,0,761,T
3-PA,581,0,0,0,756,756,C
3-PA,582,2,1,0,761,764,C
3-PA,583,0,5,757,0,762,G
3-PA,584,769,0,0,0,769,A
3-PA,585,768,0,0,0,768,A
3-PA,586,769,0,0,0,769,A
3-PA,587,0,0,782,0,782,G
3-PA,588,755,0,1,0,756,A
3-PA,589,0,0,767,0,767,G
3-PA,590,0,0,738,0,738,G
3-PA,591,0,1,0,745,746,C
3-PA,592,1,1,752,0,754,G
3-PA,593,748,0,0,0,748,A
3-PA,594,756,0,0,0,756,A
3-PA,595,0,1,761,0,762,G
3-PA,596,756,0,2,0,758,A
3-PA,597,758,0,0,0,758,A
3-PA,598,742,0,0,0,742,A
3-PA,599,0,0,0,762,762,C
3-PA,600,756,0,0,0,756,A
3-PA,601,758,0,0,0,758,A
3-PA,602,0,753,0,0,753,T
3-PA,603,0,755,0,0,755,T
3-PA,604,0,0,753,0,753,G
3-PA,605,745,0,0,0,745,A
3-PA,606,751,0,0,0,751,A
3-PA,607,0,0,753,0,753,G
3-PA,608,752,0,0,0,752,A
3-PA,609,753,0,0,0,753,A
3-PA,610,749,0,0,0,749,A
3-PA,611,751,0,0,0,751,A
3-PA,612,752,0,0,0,752,A
3-PA,613,0,753,0,0,753,T
3-PA,614,0,754,0,0,754,T
3-PA,615,0,754,0,0,754,T
3-PA,616,0,1,752,0,753,G
3-PA,617,750,0,0,0,750,A
3-PA,618,752,0,0,0,752,A
3-PA,619,754,0,0,0,754,A
3-PA,620,0,763,0,0,763,T
3-PA,621,0,0,0,847,847,C
3-PA,622,841,2,0,0,843,A
3-PA,623,0,0,0,862,862,C
3-PA,624,857,0,1,0,858,A
3-PA,625,0,2,876,0,878,G
3-PA,626,0,4,903,0,907,G
3-PA,627,914,0,1,0,915,A
3-PA,628,924,0,0,0,924,A
3-PA,629,0,0,0,945,945,C
3-PA,630,0,909,0,0,909,T
3-PA,631,980,0,1,0,981,A
3-PA,632,0,993,0,0,993,T
3-PA,633,0,0,1030,0,1030,G
3-PA,634,2,0,0,1029,1031,C
3-PA,635,1,0,1014,0,1015,G
3-PA,636,0,1008,0,0,1008,T
3-PA,637,1002,0,0,0,1002,A
3-PA,638,0,0,1000,0,1000,G
3-PA,639,1,0,987,0,988,G
3-PA,640,0,0,0,986,986,C
3-PA,641,0,978,0,0,978,T
3-PA,642,0,970,0,0,970,T
3-PA,643,1,0,963,0,964,G
3-PA,644,0,0,0,963,963,C
3-PA,645,1,0,0,973,974,C
3-PA,646,0,0,989,0,989,G
3-PA,647,979,1,0,0,980,A
3-PA,648,0,0,0,984,984,C
3-PA,649,0,0,0,980,980,C
3-PA,650,988,0,0,0,988,A
3-PA,651,992,0,1,0,993,A
3-PA,652,992,0,0,0,992,A
3-PA,653,0,0,1010,0,1010,G
3-PA,654,0,996,0,0,996,T
3-PA,655,1,0,0,1005,1006,C
3-PA,656,0,1004,0,2,1006,T
3-PA,657,2,0,0,1016,1018,C
3-PA,658,2,0,0,1018,1020,C
3-PA,659,0,0,0,1021,1021,C
3-PA,660,1020,0,0,0,1020,A
3-PA,661,0,0,0,1028,1028,C
3-PA,662,1,0,0,1027,1028,C
3-PA,663,0,2,1023,0,1025,G
3-PA,664,1041,0,0,0,1041,A
3-PA,665,1037,0,0,0,1037,A
3-PA,666,1,0,1,1054,1056,C
3-PA,667,0,1044,0,1,1045,T
3-PA,668,0,1055,1,0,1056,T
3-PA,669,1,0,0,1068,1069,C
3-PA,670,0,1064,0,0,1064,T
3-PA,671,0,0,0,1077,1077,C
3-PA,672,1,0,0,1072,1073,C
3-PA,673,0,1072,0,1,1073,T
3-PA,674,1,1,1073,0,1075,G
3-PA,675,0,0,0,1070,1070,C
3-PA,676,2,0,0,1075,1077,C
3-PA,677,0,1067,0,0,1067,T
3-PA,678,0,1074,0,0,1074,T
3-PA,679,0,0,1074,0,1074,G
3-PA,680,1069,0,0,0,1069,A
3-PA,681,0,0,1087,0,1087,G
3-PA,682,1083,0,0,0,1083,A
3-PA,683,1094,0,0,0,1094,A
3-PA,684,0,1115,0,0,1115,T
3-PA,685,0,1123,0,0,1123,T
3-PA,686,0,1117,0,0,1117,T
3-PA,687,0,1123,0,0,1123,T
3-PA,688,1121,0,1,0,1122,A
3-PA,689,2,0,1120,0,1122,G
3-PA,690,1107,1,0,0,1108,A
3-PA,691,0,0,1150,0,1150,G
3-PA,692,0,0,0,1158,1158,C
3-PA,693,0,1,0,1164,1165,C
3-PA,694,0,1178,0,1,1179,T
3-PA,695,1219,0,0,0,1219,A
3-PA,696,0,1211,0,0,1211,T
3-PA,697,0,0,1217,0,1217,G
3-PA,698,0,1213,0,0,1213,T
3-PA,699,0,3,1220,0,1223,G
3-PA,700,0,0,1217,0,1217,G
3-PA,701,1207,0,0,0,1207,A
3-PA,702,0,1196,0,1,1197,T
3-PA,703,0,2,1176,0,1178,G
3-PA,704,0,0,1206,0,1206,G
3-PA,705,1204,0,0,0,1204,A
3-PA,706,0,1201,0,0,1201,T
3-PA,707,0,1202,0,0,1202,T
3-PA,708,1,0,0,1195,1196,C
3-PA,709,3,1,1207,0,1211,G
3-PA,710,1202,0,1,0,1203,A
3-PA,711,1211,0,0,0,1211,A
3-PA,712,0,0,0,1216,1216,C
3-PA,713,1,0,0,1189,1190,C
3-PA,714,0,2,1192,0,1194,G
3-PA,715,1188,0,0,0,1188,A
3-PA,716,1192,0,0,0,1192,A
3-PA,717,0,0,0,1204,1204,C
3-PA,718,0,0,1192,0,1192,G
3-PA,719,1,0,1224,0,1225,G
3-PA,720,0,0,0,1225,1225,C
3-PA,721,0,1230,0,1,1231,T
3-PA,722,3,0,1257,0,1260,G
3-PA,723,0,0,0,1262,1262,C
3-PA,724,1278,1,0,0,1279,A
3-PA,725,0,1277,0,0,1277,T
3-PA,726,0,1266,0,2,1268,T
3-PA,727,1,1,1266,0,1268,G
3-PA,728,1223,0,2,0,1225,A
3-PA,729,0,0,1238,0,1238,G
3-PA,730,0,1,1236,0,1237,G
3-PA,731,0,1,1230,0,1231,G
3-PA,732,0,0,1,1225,1226,C
3-PA,733,1226,0,0,0,1226,A
3-PA,734,1231,0,1,1,1233,A
3-PA,735,0,0,1242,0,1242,G
3-PA,736,0,0,0,1246,1246,C
3-PA,737,0,1248,0,1,1249,T
3-PA,738,0,1254,0,0,1254,T
3-PA,739,0,1258,0,0,1258,T
3-PA,740,2,0,0,1263,1265,C
3-PA,741,0,1265,0,0,1265,T
3-PA,742,1,0,0,1264,1265,C
3-PA,743,1268,0,0,0,1268,A
3-PA,744,1252,0,1,0,1253,A
3-PA,745,1256,0,0,0,1256,A
3-PA,746,0,1263,0,0,1263,T
3-PA,747,1,1,1296,0,1298,G
3-PA,748,0,1290,0,1,1291,T
3-PA,749,0,0,0,1303,1303,C
3-PA,750,0,1,0,1312,1313,C
3-PA,751,1320,0,0,0,1320,A
3-PA,752,1315,0,0,0,1315,A
3-PA,753,1320,0,0,0,1320,A
3-PA,754,1,0,1329,0,1330,G
3-PA,755,1322,0,0,0,1322,A
3-PA,756,1290,0,0,0,1290,A
3-PA,757,0,0,1287,0,1287,G
3-PA,758,0,1279,0,0,1279,T
3-PA,759,0,1,1281,0,1282,G
3-PA,760,1276,0,0,0,1276,A
3-PA,761,1277,0,0,0,1277,A
3-PA,762,1,1280,0,1,1282,T
3-PA,763,1,0,1275,0,1276,G
3-PA,764,2,1,0,1280,1283,C
3-PA,765,0,0,1,1282,1283,C
3-PA,766,1,0,0,1288,1289,C
3-PA,767,1286,0,1,0,1287,A
3-PA,768,1304,0,0,0,1304,A
3-PA,769,1308,0,1,0,1309,A
3-PA,770,0,1310,0,0,1310,T
3-PA,771,0,1316,0,0,1316,T
3-PA,772,0,0,1307,0,1307,G
3-PA,773,1302,0,0,0,1302,A
3-PA,774,1301,0,1,0,1302,A
3-PA,775,0,0,0,1314,1314,C
3-PA,776,0,0,0,1309,1309,C
3-PA,777,0,1292,0,0,1292,T
3-PA,778,0,1339,0,0,1339,T
3-PA,779,0,1339,0,2,1341,T
3-PA,780,0,1376,0,1,1377,T
3-PA,781,0,1,0,1383,1384,C
3-PA,782,0,1384,0,1,1385,T
3-PA,783,0,0,1378,0,1378,G
3-PA,784,1374,0,0,0,1374,A
3-PA,785,1393,0,0,0,1393,A
3-PA,786,1,0,1407,0,1408,G
3-PA,787,1387,0,0,0,1387,A
3-PA,788,0,0,0,1391,1391,C
3-PA,789,1370,0,1,0,1371,A
3-PA,790,1385,0,0,0,1385,A
3-PA,791,0,0,1,1501,1502,C
3-PA,792,1487,0,0,0,1487,A
3-PA,793,0,1,0,1495,1496,C
3-PA,794,0,0,0,1495,1495,C
3-PA,795,1484,0,1,0,1485,A
3-PA,796,1485,0,1,0,1486,A
3-PA,797,0,0,1486,0,1486,G
3-PA,798,1483,1,0,0,1484,A
3-PA,799,1,0,0,1485,1486,C
3-PA,800,3,0,0,1403,1406,C
3-PA,801,1403,0,1,0,1404,A
3-PA,802,1401,0,0,0,1401,A
3-PA,803,0,1407,0,0,1407,T
3-PA,804,0,0,0,1408,1408,C
3-PA,805,1397,0,1,0,1398,A
3-PA,806,1399,0,0,0,1399,A
3-PA,807,1394,0,0,0,1394,A
3-PA,808,0,0,0,1407,1407,C
3-PA,809,0,1393,0,0,1393,T
3-PA,810,0,1389,0,3,1392,T
3-PA,811,0,0,0,1409,1409,C
3-PA,812,3,1,0,1399,1403,C
3-PA,813,0,1,1418,0,1419,G
3-PA,814,1409,0,0,0,1409,A
3-PA,815,1415,0,0,0,1415,A
3-PA,816,0,1411,0,8,1419,T
3-PA,817,0,2,1401,0,1403,G
3-PA,818,0,0,1404,0,1404,G
3-PA,819,1402,0,0,0,1402,A
3-PA,820,0,0,0,1418,1418,C
3-PA,821,1,0,0,1413,1414,C
3-PA,822,0,1452,0,0,1452,T
3-PA,823,4,0,0,1500,1504,C
3-PA,824,1,0,0,1513,1514,C
3-PA,825,0,1507,0,0,1507,T
3-PA,826,0,1510,0,0,1510,T
3-PA,827,0,0,1548,0,1548,G
3-PA,828,0,1540,2,2,1544,T
3-PA,829,0,1545,0,0,1545,T
3-PA,830,1541,0,0,0,1541,A
3-PA,831,0,1498,0,0,1498,T
3-PA,832,0,1,0,1478,1479,C
3-PA,833,1447,0,0,0,1447,A
3-PA,834,1,0,1448,0,1449,G
3-PA,835,0,0,0,1443,1443,C
3-PA,836,0,0,1415,0,1415,G
3-PA,837,0,0,1466,0,1466,G
3-PA,838,0,1462,0,1,1463,T
3-PA,839,1,1,1,1461,1464,C
3-PA,840,2,0,0,1465,1467,C
3-PA,841,1476,0,0,0,1476,A
3-PA,842,1473,0,0,0,1473,A
3-PA,843,1476,0,0,0,1476,A
3-PA,844,0,1475,0,0,1475,T
3-PA,845,0,1470,0,0,1470,T
3-PA,846,0,0,0,1452,1452,C
3-PA,847,0,1,0,1436,1437,C
3-PA,848,0,1430,0,0,1430,T
3-PA,849,0,0,0,1445,1445,C
3-PA,850,2,0,0,1443,1445,C
3-PA,851,0,1441,0,0,1441,T
3-PA,852,0,0,1451,0,1451,G
3-PA,853,1442,0,0,0,1442,A
3-PA,854,0,1445,0,0,1445,T
3-PA,855,2,1,1437,0,1440,G
3-PA,856,0,1,1419,0,1420,G
3-PA,857,1406,0,0,0,1406,A
3-PA,858,0,1399,0,1,1400,T
3-PA,859,0,0,1408,0,1408,G
3-PA,860,0,0,0,1478,1478,C
3-PA,861,0,1473,1,0,1474,T
3-PA,862,0,1480,0,1,1481,T
3-PA,863,0,1483,0,0,1483,T
3-PA,864,1480,0,0,0,1480,A
3-PA,865,1485,1,0,0,1486,A
3-PA,866,1481,0,0,0,1481,A
3-PA,867,1490,0,0,0,1490,A
3-PA,868,0,1487,0,0,1487,T
3-PA,869,0,1371,0,1,1372,T
3-PA,870,0,2,1373,0,1375,G
3-PA,871,1355,0,1,1,1357,A
3-PA,872,0,0,1375,0,1375,G
3-PA,873,0,0,0,1370,1370,C
3-PA,874,1375,0,0,0,1375,A
3-PA,875,0,1392,0,1,1393,T
3-PA,876,0,1385,0,1,1386,T
3-PA,877,0,0,1380,0,1380,G
3-PA,878,1388,1,1,0,1390,A
3-PA,879,1379,0,1,0,1380,A
3-PA,880,0,0,1382,0,1382,G
3-PA,881,1353,0,0,0,1353,A
3-PA,882,0,0,0,1360,1360,C
3-PA,883,1,1,0,1353,1355,C
3-PA,884,1,0,0,1338,1339,C
3-PA,885,1327,0,3,0,1330,A
3-PA,886,1336,0,0,0,1336,A
3-PA,887,0,0,1332,0,1332,G
3-PA,888,0,1346,0,0,1346,T
3-PA,889,4,0,0,1341,1345,C
3-PA,890,1339,0,0,0,1339,A
3-PA,891,0,1,0,1352,1353,C
3-PA,892,1,0,1343,0,1344,G
3-PA,893,1345,1,0,0,1346,A
3-PA,894,1354,0,2,0,1356,A
3-PA,895,2,1,1402,0,1405,G
3-PA,896,1,0,1406,0,1407,G
3-PA,897,1393,0,1,0,1394,A
3-PA,898,0,0,1412,0,1412,G
3-PA,899,1405,0,1,0,1406,A
3-PA,900,1402,0,0,0,1402,A
3-PA,901,0,1,1399,0,1400,G
3-PA,902,0,1,1373,0,1374,G
3-PA,903,0,1,1382,0,1383,G
3-PA,904,1335,0,1,0,1336,A
3-PA,905,0,1347,0,0,1347,T
3-PA,906,1,0,0,1354,1355,C
3-PA,907,2,0,0,1474,1476,C
3-PA,908,0,0,0,1499,1499,C
3-PA,909,1518,0,0,0,1518,A
3-PA,910,0,1517,0,0,1517,T
3-PA,911,0,1532,0,0,1532,T
3-PA,912,1574,0,0,0,1574,A
3-PA,913,0,1559,0,0,1559,T
3-PA,914,1572,0,0,0,1572,A
3-PA,915,0,1560,0,0,1560,T
3-PA,916,2,2,1426,0,1430,G
3-PA,917,1422,0,0,0,1422,A
3-PA,918,0,1419,0,0,1419,T
3-PA,919,0,0,1433,0,1433,G
3-PA,920,0,0,2,1410,1412,C
3-PA,921,0,0,1416,0,1416,G
3-PA,922,1418,0,1,0,1419,A
3-PA,923,0,1422,0,0,1422,T
3-PA,924,2,0,0,1427,1429,C
3-PA,925,1416,0,0,0,1416,A
3-PA,926,1410,0,2,0,1412,A
3-PA,927,1,0,1419,0,1420,G
3-PA,928,0,1403,0,0,1403,T
3-PA,929,2,2,1412,1,1417,G
3-PA,930,2,0,0,1419,1421,C
3-PA,931,1419,0,2,1,1422,A
3-PA,932,1,1427,0,0,1428,T
3-PA,933,1424,0,0,0,1424,A
3-PA,934,1444,0,0,0,1444,A
3-PA,935,1448,0,0,0,1448,A
3-PA,936,1436,0,3,0,1439,A
3-PA,937,1429,0,0,0,1429,A
3-PA,938,0,0,0,1434,1434,C
3-PA,939,1428,0,0,0,1428,A
3-PA,940,0,1436,0,0,1436,T
3-PA,941,0,1433,0,0,1433,T
3-PA,942,0,0,0,1437,1437,C
3-PA,943,0,1438,0,0,1438,T
3-PA,944,0,1437,0,0,1437,T
3-PA,945,0,1433,0,0,1433,T
3-PA,946,0,1,1436,0,1437,G
3-PA,947,3,0,1427,0,1430,G
3-PA,948,1423,0,3,0,1426,A
3-PA,949,0,1423,0,2,1425,T
3-PA,950,3,1,1439,0,1443,G
3-PA,951,1,0,1466,1,1468,G
3-PA,952,1473,0,0,0,1473,A
3-PA,953,1481,0,0,0,1481,A
3-PA,954,1480,0,0,0,1480,A
3-PA,955,0,1,1483,0,1484,G
3-PA,956,1486,0,0,0,1486,A
3-PA,957,1614,1,1,0,1616,A
3-PA,958,0,0,0,1648,1648,C
3-PA,959,1,0,0,1660,1661,C
3-PA,960,0,1644,0,0,1644,T
3-PA,961,0,1683,0,0,1683,T
3-PA,962,1682,0,3,0,1685,A
3-PA,963,0,1684,0,0,1684,T
3-PA,964,1680,0,0,0,1680,A
3-PA,965,0,1691,0,3,1694,T
3-PA,966,1581,0,0,0,1581,A
3-PA,967,1,0,1587,0,1588,G
3-PA,968,0,1572,0,1,1573,T
3-PA,969,2,0,0,1571,1573,C
3-PA,970,1566,0,0,0,1566,A
3-PA,971,1566,0,0,0,1566,A
3-PA,972,1561,0,2,0,1563,A
3-PA,973,0,0,0,1561,1561,C
3-PA,974,2,0,0,1535,1537,C
3-PA,975,1535,0,0,0,1535,A
3-PA,976,0,0,0,1551,1551,C
3-PA,977,1543,0,5,0,1548,A
3-PA,978,1,4,0,1553,1558,C
3-PA,979,1,0,1566,0,1567,G
3-PA,980,1535,0,0,0,1535,A
3-PA,981,1557,0,0,0,1557,A
3-PA,982,1544,0,1,0,1545,A
3-PA,983,1542,0,2,0,1544,A
3-PA,984,1,0,1558,0,1559,G
3-PA,985,0,2,1545,0,1547,G
3-PA,986,0,2,1547,0,1549,G
3-PA,987,1548,0,0,0,1548,A
3-PA,988,1565,0,0,0,1565,A
3-PA,989,1,1558,0,0,1559,T
3-PA,990,1561,0,0,0,1561,A
3-PA,991,1570,0,0,0,1570,A
3-PA,992,1573,0,1,0,1574,A
3-PA,993,0,1562,0,0,1562,T
3-PA,994,1,1553,1,0,1555,T
3-PA,995,2,0,0,1565,1567,C
3-PA,996,1562,0,0,0,1562,A
3-PA,997,1568,0,0,0,1568,A
3-PA,998,1563,0,0,0,1563,A
3-PA,999,0,1564,0,0,1564,T
3-PA,1000,0,1571,0,0,1571,T
3-PA,1001,1565,0,0,0,1565,A
3-PA,1002,0,0,0,1561,1561,C
3-PA,1003,0,2,0,1568,1570,C
3-PA,1004,0,1548,0,1,1549,T
3-PA,1005,0,0,1574,1,1575,G
3-PA,1006,0,0,0,1569,1569,C
3-PA,1007,0,1570,0,0,1570,T
3-PA,1008,0,0,1608,0,1608,G
3-PA,1009,1,1597,0,1,1599,T
3-PA,1010,0,0,0,1603,1603,C
3-PA,1011,1611,0,2,0,1613,A
3-PA,1012,0,1609,0,3,1612,T
3-PA,1013,0,1,1611,0,1612,G
3-PA,1014,0,1,1606,0,1607,G
3-PA,1015,1606,0,0,0,1606,A
3-PA,1016,1639,0,2,0,1641,A
3-PA,1017,0,0,1629,0,1629,G
3-PA,1018,0,1,0,1631,1632,C
3-PA,1019,1629,0,0,0,1629,A
3-PA,1020,1628,0,2,0,1630,A
3-PA,1021,0,0,1642,0,1642,G
3-PA,1022,0,1639,0,0,1639,T
3-PA,1023,1643,0,0,0,1643,A
3-PA,1024,1,1,0,1635,1637,C
3-PA,1025,1,1599,0,0,1600,T
3-PA,1026,0,0,1624,0,1624,G
3-PA,1027,0,1604,1,0,1605,T
3-PA,1028,2,1,0,1619,1622,C
3-PA,1029,1616,0,0,0,1616,A
3-PA,1030,0,2,1631,0,1633,G
3-PA,1031,1628,0,0,0,1628,A
3-PA,1032,1635,0,2,0,1637,A
3-PA,1033,0,1654,0,0,1654,T
3-PA,1034,0,1651,0,1,1652,T
3-PA,1035,0,0,1646,0,1646,G
3-PA,1036,0,0,0,1642,1642,C
3-PA,1037,1646,1,1,0,1648,A
3-PA,1038,0,0,1642,0,1642,G
3-PA,1039,0,1,1625,0,1626,G
3-PA,1040,1623,0,2,0,1625,A
3-PA,1041,0,0,0,1621,1621,C
3-PA,1042,0,1,1607,0,1608,G
3-PA,1043,0,1630,1,2,1633,T
3-PA,1044,0,1651,0,0,1651,T
3-PA,1045,0,1,1655,0,1656,G
3-PA,1046,1655,0,0,0,1655,A
3-PA,1047,1655,0,1,0,1656,A
3-PA,1048,1660,0,0,0,1660,A
3-PA,1049,1643,0,0,0,1643,A
3-PA,1050,0,1639,0,0,1639,T
3-PA,1051,0,0,1657,0,1657,G
3-PA,1052,1651,0,1,0,1652,A
3-PA,1053,0,0,1657,0,1657,G
3-PA,1054,0,2,1657,0,1659,G
3-PA,1055,1652,0,0,0,1652,A
3-PA,1056,4,0,1659,0,1663,G
3-PA,1057,1661,0,0,0,1661,A
3-PA,1058,1658,0,0,0,1658,A
3-PA,1059,1,0,1660,0,1661,G
3-PA,1060,0,0,1644,0,1644,G
3-PA,1061,0,1689,0,1,1690,T
3-PA,1062,0,1722,0,0,1722,T
3-PA,1063,1,0,0,1716,1717,C
3-PA,1064,2,0,0,1725,1727,C
3-PA,1065,1725,0,2,0,1727,A
3-PA,1066,1713,0,2,0,1715,A
3-PA,1067,1,1,1716,0,1718,G
3-PA,1068,5,4,1729,0,1738,G
3-PA,1069,1710,0,0,0,1710,A
3-PA,1070,0,0,1,1722,1723,C
3-PA,1071,0,1725,0,0,1725,T
3-PA,1072,1730,0,0,0,1730,A
3-PA,1073,1724,0,1,0,1725,A
3-PA,1074,1727,0,0,0,1727,A
3-PA,1075,1730,0,0,0,1730,A
3-PA,1076,1712,0,0,5,1717,A
3-PA,1077,0,0,0,1701,1701,C
3-PA,1078,1694,0,1,0,1695,A
3-PA,1079,0,1695,0,0,1695,T
3-PA,1080,1,0,1706,0,1707,G
3-PA,1081,1709,0,0,0,1709,A
3-PA,1082,1710,0,0,0,1710,A
3-PA,1083,0,0,1714,0,1714,G
3-PA,1084,1711,0,0,0,1711,A
3-PA,1085,1713,0,0,0,1713,A
3-PA,1086,1704,0,1,0,1705,A
3-PA,1087,1700,0,0,0,1700,A
3-PA,1088,0,1,0,1708,1709,C
3-PA,1089,0,1,1705,0,1706,G
3-PA,1090,1710,0,1,0,1711,A
3-PA,1091,2,0,1706,0,1708,G
3-PA,1092,0,1699,0,1,1700,T
3-PA,1093,2,0,1,1729,1732,C
3-PA,1094,1749,0,0,0,1749,A
3-PA,1095,1759,1,2,0,1762,A
3-PA,1096,0,0,0,1766,1766,C
3-PA,1097,0,1757,0,2,1759,T
3-PA,1098,1,0,1790,0,1791,G
3-PA,1099,1776,0,0,0,1776,A
3-PA,1100,1780,0,0,0,1780,A
3-PA,1101,0,0,1779,1,1780,G
3-PA,1102,1,1728,0,0,1729,T
3-PA,1103,0,1,1745,0,1746,G
3-PA,1104,0,1,1726,0,1727,G
3-PA,1105,0,0,1730,0,1730,G
3-PA,1106,0,0,1,1737,1738,C
3-PA,1107,0,1730,0,0,1730,T
3-PA,1108,0,0,0,1740,1740,C
3-PA,1109,0,1738,0,0,1738,T
3-PA,1110,0,1743,0,0,1743,T
3-PA,1111,0,2,1778,0,1780,G
3-PA,1112,0,0,1778,0,1778,G
3-PA,1113,0,1765,0,1,1766,T
3-PA,1114,0,1,1771,0,1772,G
3-PA,1115,1770,0,1,0,1771,A
3-PA,1116,1782,0,0,0,1782,A
3-PA,1117,1774,0,1,0,1775,A
3-PA,1118,1786,1,0,0,1787,A
3-PA,1119,0,1,0,1794,1795,C
3-PA,1120,1761,0,0,0,1761,A
3-PA,1121,0,1755,0,0,1755,T
3-PA,1122,8,0,1736,0,1744,G
3-PA,1123,1,1,1750,0,1752,G
3-PA,1124,0,0,0,1761,1761,C
3-PA,1125,1754,0,1,0,1755,A
3-PA,1126,0,0,0,1770,1770,C
3-PA,1127,1,1,0,1766,1768,C
3-PA,1128,1813,0,0,0,1813,A
3-PA,1129,1,3,1827,0,1831,G
3-PA,1130,1814,0,0,0,1814,A
3-PA,1131,9,1,1834,0,1844,G
3-PA,1132,1832,1,1,0,1834,A
3-PA,1133,1837,0,0,0,1837,A
3-PA,1134,0,0,1854,0,1854,G
3-PA,1135,0,0,1847,0,1847,G
3-PA,1136,0,1788,0,0,1788,T
3-PA,1137,1814,1,0,0,1815,A
3-PA,1138,0,0,1813,0,1813,G
3-PA,1139,1814,0,0,0,1814,A
3-PA,1140,0,0,0,1827,1827,C
3-PA,1141,0,1808,0,1,1809,T
3-PA,1142,0,1808,0,0,1808,T
3-PA,1143,0,1812,0,0,1812,T
3-PA,1144,0,2,1809,1,1812,G
3-PA,1145,1812,1,1,0,1814,A
3-PA,1146,1811,0,0,0,1811,A
3-PA,1147,1815,0,0,0,1815,A
3-PA,1148,1807,0,0,0,1807,A
3-PA,1149,0,1,0,1846,1847,C
3-PA,1150,0,1828,0,0,1828,T
3-PA,1151,0,0,1851,0,1851,G
3-PA,1152,0,0,0,1847,1847,C
3-PA,1153,1841,1,3,0,1845,A
3-PA,1154,0,0,1851,0,1851,G
3-PA,1155,1834,0,0,0,1834,A
3-PA,1156,0,0,1909,0,1909,G
3-PA,1157,1903,0,2,0,1905,A
3-PA,1158,0,0,0,1896,1896,C
3-PA,1159,1894,0,2,0,1896,A
3-PA,1160,0,1873,0,0,1873,T
3-PA,1161,1879,0,2,0,1881,A
3-PA,1162,1879,0,0,0,1879,A
3-PA,1163,5,0,1877,0,1882,G
3-PA,1164,3,0,0,1862,1865,C
3-PA,1165,0,1,1838,0,1839,G
3-PA,1166,1865,0,0,0,1865,A
3-PA,1167,0,1862,0,1,1863,T
3-PA,1168,0,1865,0,0,1865,T
3-PA,1169,0,1872,0,0,1872,T
3-PA,1170,0,1,1868,0,1869,G
3-PA,1171,1870,0,2,0,1872,A
3-PA,1172,1869,0,4,0,1873,A
3-PA,1173,3,0,1870,0,1873,G
3-PA,1174,0,0,0,1911,1911,C
3-PA,1175,1901,0,0,0,1901,A
3-PA,1176,2030,1,0,0,2031,A
3-PA,1177,0,2032,0,0,2032,T
3-PA,1178,2036,1,1,0,2038,A
3-PA,1179,0,2036,0,0,2036,T
3-PA,1180,10,0,2046,0,2056,G
3-PA,1181,2071,0,2,0,2073,A
3-PA,1182,1,2065,0,0,2066,T
3-PA,1183,2020,0,0,0,2020,A
3-PA,1184,1,0,2023,0,2024,G
3-PA,1185,0,1939,0,0,1939,T
3-PA,1186,0,5,1939,0,1944,G
3-PA,1187,1946,0,0,0,1946,A
3-PA,1188,0,0,0,1931,1931,C
3-PA,1189,8,3,1908,0,1919,G
3-PA,1190,1922,0,0,0,1922,A
3-PA,1191,1916,0,0,0,1916,A
3-PA,1192,1,0,0,1927,1928,C
3-PA,1193,2,0,0,1931,1933,C
3-PA,1194,0,1922,0,0,1922,T
3-PA,1195,0,1,1971,0,1972,G
3-PA,1196,1962,0,0,1,1963,A
3-PA,1197,1960,0,2,0,1962,A
3-PA,1198,0,1971,0,1,1972,T
3-PA,1199,0,1971,0,0,1971,T
3-PA,1200,1977,0,0,0,1977,A
3-PA,1201,1958,0,1,0,1959,A
3-PA,1202,0,0,1965,0,1965,G
3-PA,1203,1,1,1964,0,1966,G
3-PA,1204,0,1923,0,1,1924,T
3-PA,1205,0,0,0,1930,1930,C
3-PA,1206,1919,0,0,0,1919,A
3-PA,1207,0,0,0,1991,1991,C
3-PA,1208,0,1988,1,1,1990,T
3-PA,1209,0,1991,0,0,1991,T
3-PA,1210,0,1992,0,2,1994,T
3-PA,1211,3,1,0,1992,1996,C
3-PA,1212,1987,0,4,0,1991,A
3-PA,1213,1981,1,1,0,1983,A
3-PA,1214,0,0,2017,0,2017,G
3-PA,1215,0,0,0,2010,2010,C
3-PA,1216,0,1989,0,0,1989,T
3-PA,1217,0,0,2040,0,2040,G
3-PA,1218,0,2,2043,0,2045,G
3-PA,1219,2060,0,1,0,2061,A
3-PA,1220,1,2078,0,0,2079,T
3-PA,1221,2079,0,2,0,2081,A
3-PA,1222,1,0,0,2083,2084,C
3-PA,1223,2058,0,3,0,2061,A
3-PA,1224,0,0,2081,0,2081,G
3-PA,1225,2066,0,1,0,2067,A
3-PA,1226,2046,0,0,0,2046,A
3-PA,1227,0,2031,0,0,2031,T
3-PA,1228,0,3,2039,0,2042,G
3-PA,1229,2029,0,1,0,2030,A
3-PA,1230,0,0,2061,0,2061,G
3-PA,1231,0,2029,0,1,2030,T
3-PA,1232,0,2036,0,0,2036,T
3-PA,1233,3,0,0,2055,2058,C
3-PA,1234,2078,0,0,0,2078,A
3-PA,1235,2076,0,0,0,2076,A
3-PA,1236,0,0,1,2080,2081,C
3-PA,1237,2049,0,0,0,2049,A
3-PA,1238,2050,0,1,0,2051,A
3-PA,1239,0,0,2047,0,2047,G
3-PA,1240,0,0,2051,0,2051,G
3-PA,1241,0,1,0,2071,2072,C
3-PA,1242,0,0,0,2068,2068,C
3-PA,1243,0,2055,0,0,2055,T
3-PA,1244,0,1,2078,0,2079,G
3-PA,1245,0,2068,0,4,2072,T
3-PA,1246,0,1,2101,0,2102,G
3-PA,1247,2100,1,0,0,2101,A
3-PA,1248,1,0,2097,0,2098,G
3-PA,1249,0,0,0,2085,2085,C
3-PA,1250,0,2074,0,1,2075,T
3-PA,1251,2115,0,2,0,2117,A
3-PA,1252,2116,0,0,0,2116,A
3-PA,1253,0,0,0,2122,2122,C
3-PA,1254,0,2114,0,0,2114,T
3-PA,1255,9,2,2092,0,2103,G
3-PA,1256,2093,0,0,0,2093,A
3-PA,1257,0,2094,0,0,2094,T
3-PA,1258,1,2098,0,0,2099,T
3-PA,1259,0,0,0,2109,2109,C
3-PA,1260,2133,0,5,0,2138,A
3-PA,1261,0,0,2170,0,2170,G
3-PA,1262,0,2153,0,1,2154,T
3-PA,1263,2,0,0,2157,2159,C
3-PA,1264,0,2141,0,0,2141,T
3-PA,1265,0,3,2217,0,2220,G
3-PA,1266,3,2,2209,0,2214,G
3-PA,1267,2213,0,1,0,2214,A
3-PA,1268,0,2213,0,0,2213,T
3-PA,1269,2125,0,1,0,2126,A
3-PA,1270,0,1,2114,0,2115,G
3-PA,1271,2094,0,0,1,2095,A
3-PA,1272,1,0,2090,0,2091,G
3-PA,1273,1,1,0,2081,2083,C
3-PA,1274,0,2027,0,1,2028,T
3-PA,1275,2,1,0,2062,2065,C
3-PA,1276,0,0,2066,0,2066,G
3-PA,1277,2062,0,1,0,2063,A
3-PA,1278,0,2072,0,0,2072,T
3-PA,1279,0,0,2068,0,2068,G
3-PA,1280,2090,0,1,0,2091,A
3-PA,1281,2093,0,0,0,2093,A
3-PA,1282,2100,0,0,0,2100,A
3-PA,1283,0,2077,0,0,2077,T
3-PA,1284,0,2090,0,0,2090,T
3-PA,1285,0,2,2113,0,2115,G
3-PA,1286,0,0,2112,1,2113,G
3-PA,1287,2108,1,4,0,2113,A
3-PA,1288,0,0,2111,0,2111,G
3-PA,1289,2082,0,0,0,2082,A
3-PA,1290,4,1,2096,0,2101,G
3-PA,1291,1,1,2111,0,2113,G
3-PA,1292,2135,0,2,0,2137,A
3-PA,1293,0,2,0,2144,2146,C
3-PA,1294,0,1,2123,0,2124,G
3-PA,1295,0,2119,0,1,2120,T
3-PA,1296,2139,0,1,0,2140,A
3-PA,1297,2,0,2155,0,2157,G
3-PA,1298,1,1,0,2152,2154,C
3-PA,1299,1,0,0,2116,2117,C
3-PA,1300,1,0,0,2112,2113,C
3-PA,1301,12,0,0,2106,2118,C
3-PA,1302,2115,0,7,0,2122,A
3-PA,1303,2180,0,0,0,2180,A
3-PA,1304,0,2177,0,1,2178,T
3-PA,1305,0,2176,0,0,2176,T
3-PA,1306,0,0,2174,0,2174,G
3-PA,1307,2141,0,1,0,2142,A
3-PA,1308,1,0,2148,0,2149,G
3-PA,1309,0,0,0,2133,2133,C
3-PA,1310,2129,0,2,0,2131,A
3-PA,1311,0,1,0,2171,2172,C
3-PA,1312,2122,0,0,0,2122,A
3-PA,1313,0,2163,0,0,2163,T
3-PA,1314,0,2151,1,0,2152,T
3-PA,1315,0,0,2159,1,2160,G
3-PA,1316,1,1,0,2150,2152,C
3-PA,1317,2153,0,3,0,2156,A
3-PA,1318,2151,0,2,0,2153,A
3-PA,1319,3,0,2158,0,2161,G
3-PA,1320,0,0,0,2139,2139,C
3-PA,1321,2136,0,0,0,2136,A
3-PA,1322,0,2096,0,0,2096,T
3-PA,1323,0,2,2093,0,2095,G
3-PA,1324,2087,0,1,0,2088,A
3-PA,1325,0,1,2089,0,2090,G
3-PA,1326,2099,0,0,0,2099,A
3-PA,1327,2094,0,0,0,2094,A
3-PA,1328,0,3,2091,0,2094,G
3-PA,1329,0,1,2099,0,2100,G
3-PA,1330,2100,0,0,0,2100,A
3-PA,1331,2095,1,0,0,2096,A
3-PA,1332,0,2095,0,0,2095,T
3-PA,1333,0,2090,0,3,2093,T
3-PA,1334,2099,0,0,0,2099,A
3-PA,1335,0,2097,0,6,2103,T
3-PA,1336,0,2111,0,1,2112,T
3-PA,1337,0,2121,0,0,2121,T
3-PA,1338,0,1,0,2094,2095,C
3-PA,1339,2100,0,0,0,2100,A
3-PA,1340,1,0,0,2138,2139,C
3-PA,1341,2137,0,1,0,2138,A
3-PA,1342,0,0,2169,0,2169,G
3-PA,1343,0,0,0,2152,2152,C
3-PA,1344,2142,0,0,0,2142,A
3-PA,1345,0,1,2156,0,2157,G
3-PA,1346,2140,0,2,0,2142,A
3-PA,1347,0,1,2155,0,2156,G
3-PA,1348,0,0,2163,0,2163,G
3-PA,1349,0,2104,0,1,2105,T
3-PA,1350,1,0,2144,0,2145,G
3-PA,1351,0,2123,0,1,2124,T
3-PA,1352,1,1,1,2117,2120,C
3-PA,1353,4,0,0,2137,2141,C
3-PA,1354,1,0,0,2132,2133,C
3-PA,1355,2148,0,0,0,2148,A
3-PA,1356,0,2164,0,0,2164,T
3-PA,1357,0,2160,0,0,2160,T
3-PA,1358,1,1,2163,0,2165,G
3-PA,1359,1,2134,0,0,2135,T
3-PA,1360,2121,0,0,0,2121,A
3-PA,1361,0,3,2128,0,2131,G
3-PA,1362,2055,0,0,0,2055,A
3-PA,1363,0,0,2061,0,2061,G
3-PA,1364,0,1,0,2027,2028,C
3-PA,1365,2,2,0,2004,2008,C
3-PA,1366,2033,0,0,0,2033,A
3-PA,1367,0,1,0,2042,2043,C
3-PA,1368,0,2026,0,0,2026,T
3-PA,1369,1,0,2027,0,2028,G
3-PA,1370,2026,0,1,0,2027,A
3-PA,1371,2002,0,2,0,2004,A
3-PA,1372,0,2052,0,0,2052,T
3-PA,1373,2069,0,1,1,2071,A
3-PA,1374,0,0,0,2097,2097,C
3-PA,1375,2046,1,10,0,2057,A
3-PA,1376,0,2053,0,5,2058,T
3-PA,1377,2046,0,1,0,2047,A
3-PA,1378,2045,0,1,0,2046,A
3-PA,1379,0,2028,0,6,2034,T
3-PA,1380,1,2,2017,0,2020,G
3-PA,1381,2010,1,0,0,2011,A
3-PA,1382,1972,0,2,0,1974,A
3-PA,1383,0,0,1979,0,1979,G
3-PA,1384,0,1,1967,0,1968,G
3-PA,1385,0,1,1975,0,1976,G
3-PA,1386,0,2,1971,0,1973,G
3-PA,1387,0,0,1997,0,1997,G
3-PA,1388,0,1947,0,1,1948,T
3-PA,1389,1957,0,0,0,1957,A
3-PA,1390,0,1967,0,0,1967,T
3-PA,1391,2013,0,1,0,2014,A
3-PA,1392,0,0,0,2184,2184,C
3-PA,1393,2093,0,0,0,2093,A
3-PA,1394,2,2035,0,0,2037,T
3-PA,1395,0,2006,0,3,2009,T
3-PA,1396,1999,0,0,0,1999,A
3-PA,1397,2033,0,0,0,2033,A
3-PA,1398,0,1,0,2030,2031,C
3-PA,1399,1995,0,0,0,1995,A
3-PA,1400,1,0,0,2001,2002,C
3-PA,1401,0,1760,0,1,1761,T
3-PA,1402,0,0,1813,0,1813,G
3-PA,1403,0,1,0,1801,1802,C
3-PA,1404,0,0,0,1798,1798,C
3-PA,1405,2,0,0,1812,1814,C
3-PA,1406,1,1758,0,2,1761,T
3-PA,1407,0,0,1820,0,1820,G
3-PA,1408,0,0,0,1814,1814,C
3-PA,1409,0,1812,0,0,1812,T
3-PA,1410,0,0,0,1844,1844,C
3-PA,1411,1788,0,1,0,1789,A
3-PA,1412,1802,0,0,0,1802,A
3-PA,1413,0,1797,0,0,1797,T
3-PA,1414,0,0,1796,0,1796,G
3-PA,1415,0,0,0,1778,1778,C
3-PA,1416,1736,1,0,0,1737,A
3-PA,1417,1,1724,0,1,1726,T
3-PA,1418,0,1,0,1722,1723,C
3-PA,1419,2,1,0,1742,1745,C
3-PA,1420,0,1688,0,1,1689,T
3-PA,1421,0,0,1729,0,1729,G
3-PA,1422,0,1714,0,4,1718,T
3-PA,1423,0,0,1716,0,1716,G
3-PA,1424,0,1,0,1712,1713,C
3-PA,1425,1685,0,1,0,1686,A
3-PA,1426,0,0,1701,0,1701,G
3-PA,1427,0,0,1,1696,1697,C
3-PA,1428,1691,0,0,0,1691,A
3-PA,1429,1687,0,1,0,1688,A
3-PA,1430,0,1621,0,0,1621,T
3-PA,1431,0,4,1620,0,1624,G
3-PA,1432,0,0,1619,0,1619,G
3-PA,1433,1630,0,2,0,1632,A
3-PA,1434,0,0,0,1629,1629,C
3-PA,1435,1,1,1612,0,1614,G
3-PA,1436,1633,0,0,0,1633,A
3-PA,1437,0,1630,0,0,1630,T
3-PA,1438,0,1622,0,1,1623,T
3-PA,1439,0,1629,0,0,1629,T
3-PA,1440,0,1625,0,0,1625,T
3-PA,1441,0,2,0,1630,1632,C
3-PA,1442,1635,0,0,0,1635,A
3-PA,1443,1638,0,0,0,1638,A
3-PA,1444,0,0,0,1636,1636,C
3-PA,1445,0,1616,0,0,1616,T
3-PA,1446,1619,0,0,0,1619,A
3-PA,1447,1617,0,0,0,1617,A
3-PA,1448,0,1608,0,0,1608,T
3-PA,1449,0,1605,0,0,1605,T
3-PA,1450,2,0,0,1608,1610,C
3-PA,1451,0,0,1,1611,1612,C
3-PA,1452,2,7,1,1605,1615,C
3-PA,1453,1611,0,0,0,1611,A
3-PA,1454,1,1628,0,1,1630,T
3-PA,1455,0,1,1635,0,1636,G
3-PA,1456,1639,0,0,0,1639,A
3-PA,1457,0,1631,0,1,1632,T
3-PA,1458,1630,0,1,0,1631,A
3-PA,1459,1624,0,1,0,1625,A
3-PA,1460,1,0,1624,0,1625,G
3-PA,1461,0,1,0,1620,1621,C
3-PA,1462,1614,0,1,0,1615,A
3-PA,1463,1574,0,0,0,1574,A
3-PA,1464,0,0,1592,0,1592,G
3-PA,1465,0,1582,0,1,1583,T
3-PA,1466,0,1,1579,0,1580,G
3-PA,1467,1,0,0,1581,1582,C
3-PA,1468,1567,0,2,0,1569,A
3-PA,1469,0,0,1589,0,1589,G
3-PA,1470,1577,0,1,0,1578,A
3-PA,1471,1595,0,0,0,1595,A
3-PA,1472,0,0,0,1594,1594,C
3-PA,1473,0,1571,0,0,1571,T
3-PA,1474,1570,0,1,0,1571,A
3-PA,1475,1576,0,1,0,1577,A
3-PA,1476,1567,0,1,0,1568,A
3-PA,1477,0,2,1574,0,1576,G
3-PA,1478,1519,0,1,0,1520,A
3-PA,1479,0,1,1518,0,1519,G
3-PA,1480,1,1,1473,0,1475,G
3-PA,1481,0,0,1482,0,1482,G
3-PA,1482,1467,0,1,0,1468,A
3-PA,1483,1439,0,0,0,1439,A
3-PA,1484,0,0,1437,0,1437,G
3-PA,1485,0,0,1427,0,1427,G
3-PA,1486,0,0,0,1429,1429,C
3-PA,1487,0,0,1430,0,1430,G
3-PA,1488,1425,2,1,0,1428,A
3-PA,1489,1426,0,0,0,1426,A
3-PA,1490,1419,0,7,0,1426,A
3-PA,1491,1430,0,0,0,1430,A
3-PA,1492,1430,0,1,0,1431,A
3-PA,1493,0,0,0,1426,1426,C
3-PA,1494,2,4,0,1418,1424,C
3-PA,1495,1420,0,1,0,1421,A
3-PA,1496,1434,0,0,0,1434,A
3-PA,1497,0,1434,0,0,1434,T
3-PA,1498,0,1433,0,0,1433,T
3-PA,1499,0,1439,0,0,1439,T
3-PA,1500,1436,0,4,0,1440,A
3-PA,1501,0,1440,0,1,1441,T
3-PA,1502,1437,0,0,0,1437,A
3-PA,1503,0,1431,0,0,1431,T
3-PA,1504,1,0,1423,0,1424,G
3-PA,1505,0,0,1413,0,1413,G
3-PA,1506,1409,0,0,0,1409,A
3-PA,1507,0,1405,0,0,1405,T
3-PA,1508,1,1387,0,0,1388,T
3-PA,1509,1,0,0,1380,1381,C
3-PA,1510,1393,0,0,0,1393,A
3-PA,1511,0,1399,0,0,1399,T
3-PA,1512,1,0,3,1398,1402,C
3-PA,1513,1386,0,0,0,1386,A
3-PA,1514,0,1377,0,0,1377,T
3-PA,1515,1373,0,2,0,1375,A
3-PA,1516,1376,0,0,0,1376,A
3-PA,1517,1371,0,2,0,1373,A
3-PA,1518,0,1,1361,0,1362,G
3-PA,1519,0,3,1337,0,1340,G
3-PA,1520,0,0,1328,0,1328,G
3-PA,1521,1325,0,1,0,1326,A
3-PA,1522,1309,0,1,0,1310,A
3-PA,1523,0,0,1316,0,1316,G
3-PA,1524,1295,0,1,0,1296,A
3-PA,1525,0,1289,0,1,1290,T
3-PA,1526,1,0,0,1294,1295,C
3-PA,1527,0,1271,0,0,1271,T
3-PA,1528,1,1,0,1306,1308,C
3-PA,1529,1303,0,4,0,1307,A
3-PA,1530,0,1307,0,0,1307,T
3-PA,1531,1,1304,0,0,1305,T
3-PA,1532,0,1284,0,0,1284,T
3-PA,1533,1277,0,0,0,1277,A
3-PA,1534,1277,0,0,0,1277,A
3-PA,1535,0,3,1269,0,1272,G
3-PA,1536,1,1,1278,0,1280,G
3-PA,1537,1188,0,1,0,1189,A
3-PA,1538,1187,0,0,0,1187,A
3-PA,1539,0,1185,2,0,1187,T
3-PA,1540,0,1,1188,0,1189,G
3-PA,1541,1205,1,2,0,1208,A
3-PA,1542,0,0,0,1208,1208,C
3-PA,1543,1203,0,0,0,1203,A
3-PA,1544,0,0,0,1199,1199,C
3-PA,1545,1157,0,0,0,1157,A
3-PA,1546,0,0,1161,0,1161,G
3-PA,1547,1153,0,1,0,1154,A
3-PA,1548,0,0,0,1135,1135,C
3-PA,1549,1,0,1110,0,1111,G
3-PA,1550,0,1014,0,2,1016,T
3-PA,1551,0,1,1018,0,1019,G
3-PA,1552,0,0,1023,0,1023,G
3-PA,1553,0,1018,0,0,1018,T
3-PA,1554,1018,0,0,0,1018,A
3-PA,1555,993,0,0,0,993,A
3-PA,1556,992,0,0,0,992,A
3-PA,1557,0,988,0,0,988,T
3-PA,1558,0,976,0,0,976,T
3-PA,1559,0,965,0,0,965,T
3-PA,1560,0,948,0,0,948,T
3-PA,1561,1,0,943,0,944,G
3-PA,1562,0,936,0,0,936,T
3-PA,1563,0,3,934,0,937,G
3-PA,1564,930,0,0,0,930,A
3-PA,1565,0,0,922,0,922,G
3-PA,1566,0,0,0,918,918,C
3-PA,1567,915,0,2,0,917,A
3-PA,1568,0,916,0,1,917,T
3-PA,1569,0,1,915,0,916,G
3-PA,1570,0,1,919,0,920,G
3-PA,1571,916,0,0,0,916,A
3-PA,1572,0,0,919,0,919,G
3-PA,1573,0,900,0,0,900,T
3-PA,1574,0,883,0,3,886,T
3-PA,1575,0,888,0,0,888,T
3-PA,1576,0,883,0,0,883,T
3-PA,1577,1,0,0,889,890,C
3-PA,1578,0,880,0,3,883,T
3-PA,1579,0,0,0,878,878,C
3-PA,1580,0,845,0,1,846,T
3-PA,1581,0,0,0,844,844,C
3-PA,1582,843,0,1,0,844,A
3-PA,1583,0,0,0,844,844,C
3-PA,1584,0,823,0,1,824,T
3-PA,1585,0,0,823,0,823,G
3-PA,1586,805,0,0,0,805,A
3-PA,1587,1,0,0,815,816,C
3-PA,1588,0,0,0,811,811,C
3-PA,1589,4,0,0,800,804,C
3-PA,1590,0,0,797,0,797,G
3-PA,1591,793,0,1,0,794,A
3-PA,1592,0,0,796,0,796,G
3-PA,1593,790,0,0,0,790,A
3-PA,1594,0,0,0,763,763,C
3-PA,1595,0,753,0,0,753,T
3-PA,1596,0,700,0,0,700,T
3-PA,1597,0,1,700,0,701,G
3-PA,1598,697,0,0,0,697,A
3-PA,1599,0,0,698,0,698,G
3-PA,1600,0,1,0,695,696,C
3-PA,1601,0,0,0,669,669,C
3-PA,1602,666,0,0,0,666,A
3-PA,1603,0,1,0,664,665,C
3-PA,1604,668,0,0,0,668,A
3-PA,1605,0,669,0,0,669,T
3-PA,1606,654,1,0,0,655,A
3-PA,1607,651,0,1,0,652,A
3-PA,1608,647,0,0,0,647,A
3-PA,1609,0,640,0,0,640,T
3-PA,1610,1,0,639,0,640,G
3-PA,1611,0,0,541,0,541,G
3-PA,1612,0,0,522,0,522,G
3-PA,1613,505,0,0,0,505,A
3-PA,1614,0,0,503,0,503,G
3-PA,1615,489,0,0,0,489,A
3-PA,1616,480,0,0,0,480,A
3-PA,1617,471,0,1,0,472,A
3-PA,1618,0,470,0,0,470,T
3-PA,1619,459,0,0,0,459,A
3-PA,1620,1,0,0,465,466,C
3-PA,1621,0,205,0,0,205,T
3-PA,1622,1,0,207,0,208,G
3-PA,1623,0,92,0,0,92,T
3-PA,1624,0,0,91,0,91,G
3-PA,1625,0,81,0,0,81,T
3-PA,1626,0,0,0,23,23,C
3-PA,1627,0,0,0,20,20,C
3-PA,1628,0,9,0,0,9,T
3-PA,1629,0,9,0,0,9,T
3-PA,1630,0,0,9,0,9,G
3-PA,1631,9,0,0,0,9,A
3-PA,1632,0,0,9,0,9,G
3-PA,1633,9,0,0,0,9,A
3-PA,1634,0,9,0,0,9,T
3-PA,1635,9,0,0,0,9,A
3-PA,1636,0,0,9,0,9,G
3-PA,1637,0,0,9,0,9,G
3-PA,1638,9,0,0,0,9,A
3-PA,1639,0,0,9,0,9,G
3-PA,1640,9,0,0,0,9,A
3-PA,1641,0,9,0,0,9,T
3-PA,1642,9,0,0,0,9,A
3-PA,1643,0,8,0,0,8,T
3-PA,1644,0,0,8,0,8,G
3-PA,1645,0,8,0,0,8,T
3-PA,1646,0,8,0,0,8,T
3-PA,1647,8,0,0,0,8,A
3-PA,1648,0,0,0,8,8,C
3-PA,1649,0,8,0,0,8,T
3-PA,1650,8,0,0,0,8,A
3-PA,1651,8,0,0,0,8,A
3-PA,1652,0,0,8,0,8,G
3-PA,1653,8,0,0,0,8,A
3-PA,1654,7,0,0,0,7,A
3-PA,1655,0,0,7,0,7,G
3-PA,1656,0,7,0,0,7,T
3-PA,1657,0,0,7,0,7,G
3-PA,1658,0,0,0,7,7,C
3-PA,1659,0,0,0,7,7,C
3-PA,1660,7,0,0,0,7,A
3-PA,1661,0,7,0,0,7,T
3-PA,1662,6,0,0,0,6,A
3-PA,1663,0,0,6,0,6,G
3-PA,1664,0,0,6,0,6,G
3-PA,1665,0,0,0,6,6,C
3-PA,1666,0,0,0,6,6,C
3-PA,1667,6,0,0,0,6,A
3-PA,1668,6,0,0,0,6,A
3-PA,1669,6,0,0,0,6,A
3-PA,1670,0,6,0,0,6,T
3-PA,1671,0,5,0,0,5,T
3-PA,1672,0,5,0,0,5,T
3-PA,1673,0,0,0,5,5,C
3-PA,1674,4,0,0,0,4,A
3-PA,1675,4,0,0,0,4,A
3-PA,1676,0,0,4,0,4,G
3-PA,1677,0,0,4,0,4,G
3-PA,1678,0,0,0,4,4,C
3-PA,1679,0,0,0,4,4,C
3-PA,1680,4,0,0,0,4,A
3-PA,1681,4,0,0,0,4,A
3-PA,1682,0,4,0,0,4,T
3-PA,1683,0,0,4,0,4,G
3-PA,1684,0,4,0,0,4,T
3-PA,1685,0,5,0,0,5,T
3-PA,1686,0,0,0,6,6,C
3-PA,1687,0,5,0,0,5,T
3-PA,1688,0,5,0,0,5,T
3-PA,1689,5,0,0,0,5,A
3-PA,1690,0,5,0,0,5,T
3-PA,1691,5,0,0,0,5,A
3-PA,1692,0,5,0,0,5,T
3-PA,1693,0,0,5,0,5,G
3-PA,1694,0,4,0,0,4,T
3-PA,1695,0,0,4,0,4,G
3-PA,1696,4,0,0,0,4,A
3-PA,1697,0,0,4,0,4,G
3-PA,1698,0,0,4,0,4,G
3-PA,1699,4,0,0,0,4,A
3-PA,1700,0,0,0,4,4,C
3-PA,1701,4,0,0,0,4,A
3-PA,1702,4,0,0,0,4,A
3-PA,1703,4,0,0,0,4,A
3-PA,1704,0,0,0,4,4,C
3-PA,1705,0,0,4,0,4,G
3-PA,1706,0,0,4,0,4,G
3-PA,1707,4,0,0,0,4,A
3-PA,1708,4,0,0,0,4,A
3-PA,1709,0,0,0,4,4,C
3-PA,1710,4,0,0,0,4,A
3-PA,1711,0,3,0,1,4,T
3-PA,1712,0,0,0,4,4,C
3-PA,1713,4,0,0,0,4,A
3-PA,1714,4,0,0,0,4,A
3-PA,1715,4,0,0,0,4,A
3-PA,1716,0,0,4,0,4,G
3-PA,1717,0,0,4,0,4,G
3-PA,1718,0,4,0,0,4,T
3-PA,1719,0,0,0,4,4,C
3-PA,1720,4,0,0,0,4,A
3-PA,1721,4,0,0,0,4,A
3-PA,1722,4,0,0,0,4,A
3-PA,1723,4,0,0,0,4,A
3-PA,1724,0,4,0,0,4,T
3-PA,1725,0,0,4,0,4,G
3-PA,1726,4,0,0,0,4,A
3-PA,1727,4,0,0,0,4,A
3-PA,1728,4,0,0,0,4,A
3-PA,1729,0,4,0,0,4,T
3-PA,1730,0,0,4,0,4,G
3-PA,1731,0,0,4,0,4,G
3-PA,1732,0,0,4,0,4,G
3-PA,1733,0,0,4,0,4,G
3-PA,1734,4,0,0,0,4,A
3-PA,1735,4,0,0,0,4,A
3-PA,1736,0,4,0,0,4,T
3-PA,1737,0,0,4,0,4,G
3-PA,1738,0,0,5,0,5,G
3-PA,1739,5,0,0,0,5,A
3-PA,1740,0,0,5,0,5,G
3-PA,1741,5,0,0,0,5,A
3-PA,1742,0,5,0,0,5,T
3-PA,1743,0,0,5,0,5,G
3-PA,1744,5,0,0,0,5,A
3-PA,1745,0,0,5,0,5,G
3-PA,1746,7,0,0,0,7,A
3-PA,1747,0,0,0,7,7,C
3-PA,1748,0,0,7,0,7,G
3-PA,1749,0,7,0,0,7,T
3-PA,1750,0,7,0,0,7,T
3-PA,1751,0,0,7,0,7,G
3-PA,1752,0,0,0,7,7,C
3-PA,1753,0,0,0,7,7,C
3-PA,1754,0,7,0,0,7,T
3-PA,1755,0,0,0,7,7,C
3-PA,1756,0,0,0,7,7,C
3-PA,1757,0,7,0,0,7,T
3-PA,1758,0,7,0,0,7,T
3-PA,1759,0,0,0,7,7,C
3-PA,1760,7,0,0,0,7,A
3-PA,1761,0,0,7,0,7,G
3-PA,1762,0,7,0,0,7,T
3-PA,1763,0,0,0,7,7,C
3-PA,1764,7,0,0,0,7,A
3-PA,1765,0,0,0,8,8,C
3-PA,1766,0,8,0,0,8,T
3-PA,1767,0,0,0,8,8,C
3-PA,1768,0,0,0,8,8,C
3-PA,1769,9,0,0,0,9,A
3-PA,1770,0,0,9,0,9,G
3-PA,1771,0,0,0,9,9,C
3-PA,1772,9,0,0,0,9,A
3-PA,1773,0,0,9,0,9,G
3-PA,1774,9,0,0,0,9,A
3-PA,1775,0,9,0,0,9,T
3-PA,1776,0,0,0,9,9,C
3-PA,1777,0,0,9,0,9,G
3-PA,1778,9,0,0,0,9,A
3-PA,1779,0,0,9,0,9,G
3-PA,1780,9,0,0,0,9,A
3-PA,1781,0,0,9,0,9,G
3-PA,1782,0,0,0,9,9,C
3-PA,1783,9,0,0,0,9,A
3-PA,1784,0,9,0,0,9,T
3-PA,1785,0,0,9,0,9,G
3-PA,1786,9,0,0,0,9,A
3-PA,1787,0,9,0,0,9,T
3-PA,1788,0,9,0,0,9,T
3-PA,1789,0,0,9,0,9,G
3-PA,1790,9,0,0,0,9,A
3-PA,1791,9,0,0,0,9,A
3-PA,1792,0,0,9,0,9,G
3-PA,1793,0,0,0,9,9,C
3-PA,1794,0,0,0,9,9,C
3-PA,1795,0,0,9,0,9,G
3-PA,1796,9,0,0,0,9,A
3-PA,1797,0,0,9,0,9,G
3-PA,1798,0,9,0,0,9,T
3-PA,1799,0,0,0,9,9,C
3-PA,1800,0,0,0,9,9,C
3-PA,1801,1,8,0,0,9,T
3-PA,1802,0,0,0,9,9,C
3-PA,1803,0,0,9,0,9,G
3-PA,1804,0,0,9,0,9,G
3-PA,1805,0,9,0,0,9,T
3-PA,1806,0,9,0,0,9,T
3-PA,1807,9,0,0,0,9,A
3-PA,1808,9,0,0,0,9,A
3-PA,1809,9,0,0,0,9,A
3-PA,1810,0,0,9,0,9,G
3-PA,1811,9,0,0,0,9,A
3-PA,1812,0,0,9,0,9,G
3-PA,1813,8,0,0,0,8,A
3-PA,1814,8,0,0,0,8,A
3-PA,1815,8,0,0,0,8,A
3-PA,1816,0,0,9,0,9,G
3-PA,1817,9,0,0,0,9,A
3-PA,1818,0,0,0,9,9,C
3-PA,1819,9,0,0,0,9,A
3-PA,1820,0,9,0,0,9,T
3-PA,1821,0,0,9,0,9,G
3-PA,1822,10,0,0,0,10,A
3-PA,1823,0,0,0,10,10,C
3-PA,1824,0,0,0,10,10,C
3-PA,1825,10,0,0,0,10,A
3-PA,1826,10,0,0,0,10,A
3-PA,1827,10,0,0,0,10,A
3-PA,1828,0,0,10,0,10,G
3-PA,1829,10,0,0,0,10,A
3-PA,1830,0,0,10,0,10,G
3-PA,1831,0,10,0,0,10,T
3-PA,1832,0,10,0,0,10,T
3-PA,1833,0,10,0,0,10,T
3-PA,1834,0,10,0,0,10,T
3-PA,1835,0,10,0,0,10,T
3-PA,1836,0,10,0,0,10,T
3-PA,1837,0,0,10,0,10,G
3-PA,1838,10,0,0,0,10,A
3-PA,1839,0,0,10,0,10,G
3-PA,1840,10,0,0,0,10,A
3-PA,1841,10,0,0,0,10,A
3-PA,1842,0,10,0,0,10,T
3-PA,1843,10,0,0,0,10,A
3-PA,1844,10,0,0,0,10,A
3-PA,1845,10,0,0,0,10,A
3-PA,1846,0,10,0,0,10,T
3-PA,1847,0,0,0,10,10,C
3-PA,1848,10,0,0,0,10,A
3-PA,1849,0,0,10,0,10,G
3-PA,1850,10,0,0,0,10,A
3-PA,1851,10,0,0,0,10,A
3-PA,1852,0,0,10,0,10,G
3-PA,1853,0,0,0,10,10,C
3-PA,1854,10,0,0,0,10,A
3-PA,1855,0,10,0,0,10,T
3-PA,1856,0,0,10,0,10,G
3-PA,1857,0,0,10,0,10,G
3-PA,1858,0,0,0,10,10,C
3-PA,1859,0,0,0,10,10,C
3-PA,1860,0,0,0,10,10,C
3-PA,1861,10,0,0,0,10,A
3-PA,1862,0,10,0,0,10,T
3-PA,1863,0,10,0,0,10,T
3-PA,1864,0,0,10,0,10,G
3-PA,1865,0,0,10,0,10,G
3-PA,1866,0,0,10,0,10,G
3-PA,1867,0,0,9,0,9,G
3-PA,1868,0,0,0,9,9,C
3-PA,1869,0,0,10,0,10,G
3-PA,1870,0,10,0,0,10,T
3-PA,1871,0,0,0,11,11,C
3-PA,1872,0,0,0,11,11,C
3-PA,1873,0,0,0,11,11,C
3-PA,1874,0,0,0,10,10,C
3-PA,1875,0,0,0,11,11,C
3-PA,1876,11,0,0,0,11,A
3-PA,1877,11,0,0,0,11,A
3-PA,1878,0,0,11,0,11,G
3-PA,1879,0,0,10,0,10,G
3-PA,1880,0,0,11,0,11,G
3-PA,1881,11,0,0,0,11,A
3-PA,1882,0,0,11,0,11,G
3-PA,1883,0,11,0,0,11,T
3-PA,1884,0,0,11,0,11,G
3-PA,1885,0,0,11,0,11,G
3-PA,1886,11,0,0,0,11,A
3-PA,1887,11,0,0,0,11,A
3-PA,1888,0,0,11,0,11,G
3-PA,1889,11,0,0,0,11,A
3-PA,1890,11,0,0,0,11,A
3-PA,1891,0,1,10,0,11,G
3-PA,1892,0,0,11,0,11,G
3-PA,1893,0,11,0,0,11,T
3-PA,1894,0,11,0,0,11,T
3-PA,1895,0,0,0,11,11,C
3-PA,1896,0,0,0,11,11,C
3-PA,1897,11,0,0,0,11,A
3-PA,1898,0,11,0,0,11,T
3-PA,1899,0,11,0,0,11,T
3-PA,1900,0,0,12,0,12,G
3-PA,1901,0,0,13,0,13,G
3-PA,1902,0,0,13,0,13,G
3-PA,1903,13,0,0,0,13,A
3-PA,1904,13,0,0,0,13,A
3-PA,1905,13,0,0,0,13,A
3-PA,1906,0,0,13,0,13,G
3-PA,1907,0,13,0,0,13,T
3-PA,1908,0,0,0,13,13,C
3-PA,1909,0,12,0,0,12,T
3-PA,1910,0,0,12,0,12,G
3-PA,1911,0,12,0,0,12,T
3-PA,1912,12,0,0,0,12,A
3-PA,1913,0,0,12,0,12,G
3-PA,1914,0,0,12,0,12,G
3-PA,1915,11,0,0,0,11,A
3-PA,1916,0,0,0,11,11,C
3-PA,1917,0,11,0,0,11,T
3-PA,1918,0,0,0,11,11,C
3-PA,1919,0,11,0,0,11,T
3-PA,1920,11,0,0,0,11,A
3-PA,1921,0,11,0,0,11,T
3-PA,1922,0,10,0,0,10,T
3-PA,1923,0,0,10,0,10,G
3-PA,1924,0,0,10,0,10,G
3-PA,1925,0,0,0,10,10,C
3-PA,1926,0,10,0,0,10,T
3-PA,1927,9,0,0,0,9,A
3-PA,1928,9,0,0,0,9,A
3-PA,1929,0,0,9,0,9,G
3-PA,1930,0,9,0,0,9,T
3-PA,1931,0,0,0,9,9,C
3-PA,1932,7,0,0,0,7,A
3-PA,1933,0,0,9,0,9,G
3-PA,1934,0,9,0,0,9,T
3-PA,1935,9,0,0,0,9,A
3-PA,1936,0,9,0,0,9,T
3-PA,1937,0,9,0,0,9,T
3-PA,1938,0,0,0,10,10,C
3-PA,1939,10,0,0,0,10,A
3-PA,1940,10,0,0,0,10,A
3-PA,1941,0,10,0,0,10,T
3-PA,1942,11,0,0,0,11,A
3-PA,1943,0,0,11,0,11,G
3-PA,1944,0,0,0,11,11,C
3-PA,1945,0,0,0,11,11,C
3-PA,1946,0,11,0,0,11,T
3-PA,1947,0,0,11,0,11,G
3-PA,1948,0,11,0,0,11,T
3-PA,1949,12,0,0,0,12,A
3-PA,1950,0,12,0,0,12,T
3-PA,1951,0,0,12,0,12,G
3-PA,1952,0,0,0,15,15,C
3-PA,1953,15,0,0,0,15,A
3-PA,1954,0,16,0,0,16,T
3-PA,1955,0,3,0,13,16,C
3-PA,1956,16,0,0,0,16,A
3-PA,1957,0,0,0,16,16,C
3-PA,1958,0,0,0,16,16,C
3-PA,1959,16,0,0,0,16,A
3-PA,1960,0,0,0,16,16,C
3-PA,1961,16,0,0,0,16,A
3-PA,1962,16,0,0,0,16,A
3-PA,1963,0,16,0,0,16,T
3-PA,1964,0,15,0,0,15,T
3-PA,1965,0,0,14,0,14,G
3-PA,1966,0,0,15,0,15,G
3-PA,1967,15,0,0,0,15,A
3-PA,1968,15,0,0,0,15,A
3-PA,1969,0,0,15,0,15,G
3-PA,1970,0,0,15,0,15,G
3-PA,1971,14,0,0,0,14,A
3-PA,1972,0,14,0,0,14,T
3-PA,1973,0,14,0,0,14,T
3-PA,1974,0,14,0,0,14,T
3-PA,1975,0,14,0,0,14,T
3-PA,1976,0,0,0,14,14,C
3-PA,1977,14,0,0,0,14,A
3-PA,1978,0,0,14,0,14,G
3-PA,1979,0,0,0,14,14,C
3-PA,1980,0,0,14,0,14,G
3-PA,1981,0,0,14,0,14,G
3-PA,1982,14,0,0,0,14,A
3-PA,1983,0,0,14,0,14,G
3-PA,1984,0,14,0,0,14,T
3-PA,1985,0,0,0,14,14,C
3-PA,1986,14,0,0,0,14,A
3-PA,1987,14,0,0,0,14,A
3-PA,1988,0,0,14,0,14,G
3-PA,1989,14,0,0,0,14,A
3-PA,1990,14,0,0,0,14,A
3-PA,1991,14,0,0,0,14,A
3-PA,1992,14,0,0,0,14,A
3-PA,1993,0,0,0,15,15,C
3-PA,1994,0,15,0,0,15,T
3-PA,1995,0,0,15,0,15,G
3-PA,1996,0,0,0,15,15,C
3-PA,1997,0,15,0,0,15,T
3-PA,1998,0,0,0,15,15,C
3-PA,1999,0,0,0,15,15,C
3-PA,2000,0,15,0,0,15,T
3-PA,2001,0,15,0,0,15,T
3-PA,2002,0,0,15,0,15,G
3-PA,2003,0,15,0,0,15,T
3-PA,2004,0,14,0,0,14,T
3-PA,2005,0,0,14,0,14,G
3-PA,2006,0,14,0,0,14,T
3-PA,2007,0,14,0,0,14,T
3-PA,2008,0,0,0,14,14,C
3-PA,2009,14,0,0,0,14,A
3-PA,2010,0,0,14,0,14,G
3-PA,2011,0,0,14,0,14,G
3-PA,2012,0,0,0,15,15,C
3-PA,2013,0,15,0,0,15,T
3-PA,2014,0,0,0,15,15,C
3-PA,2015,0,15,0,0,15,T
3-PA,2016,0,15,0,0,15,T
3-PA,2017,15,0,0,0,15,A
3-PA,2018,0,0,15,0,15,G
3-PA,2019,0,0,15,0,15,G
3-PA,2020,0,0,15,0,15,G
3-PA,2021,13,0,0,0,13,A
3-PA,2022,0,0,0,13,13,C
3-PA,2023,12,0,0,0,12,A
3-PA,2024,13,0,0,0,13,A
3-PA,2025,0,0,0,13,13,C
3-PA,2026,0,0,0,13,13,C
3-PA,2027,0,13,0,0,13,T
3-PA,2028,0,0,0,13,13,C
3-PA,2029,0,0,13,0,13,G
3-PA,2030,13,0,0,0,13,A
3-PA,2031,13,0,0,0,13,A
3-PA,2032,0,0,0,13,13,C
3-PA,2033,0,0,0,12,12,C
3-PA,2034,0,12,0,0,12,T
3-PA,2035,0,0,12,0,12,G
3-PA,2036,0,0,12,0,12,G
3-PA,2037,0,0,12,0,12,G
3-PA,2038,12,0,0,0,12,A
3-PA,2039,0,0,0,12,12,C
3-PA,2040,0,0,0,12,12,C
3-PA,2041,0,10,0,0,10,T
3-PA,2042,0,10,0,0,10,T
3-PA,2043,0,10,0,0,10,T
3-PA,2044,0,0,10,0,10,G
3-PA,2045,11,0,0,0,11,A
3-PA,2046,0,11,0,0,11,T
3-PA,2047,0,0,0,11,11,C
3-PA,2048,0,10,0,0,10,T
3-PA,2049,0,10,0,0,10,T
3-PA,2050,0,0,10,0,10,G
3-PA,2051,0,0,10,0,10,G
3-PA,2052,0,0,10,0,10,G
3-PA,2053,0,0,10,0,10,G
3-PA,2054,0,0,9,0,9,G
3-PA,2055,0,0,9,0,9,G
3-PA,2056,0,0,0,9,9,C
3-PA,2057,0,9,0,0,9,T
3-PA,2058,9,0,0,0,9,A
3-PA,2059,0,9,0,0,9,T
3-PA,2060,9,0,0,0,9,A
3-PA,2061,0,9,0,0,9,T
3-PA,2062,0,0,8,0,8,G
3-PA,2063,8,0,0,0,8,A
3-PA,2064,8,0,0,0,8,A
3-PA,2065,0,0,8,0,8,G
3-PA,2066,0,0,0,8,8,C
3-PA,2067,8,0,0,0,8,A
3-PA,2068,8,0,0,0,8,A
3-PA,2069,0,8,0,0,8,T
3-PA,2070,0,8,0,0,8,T
3-PA,2071,0,0,8,0,8,G
3-PA,2072,8,0,0,0,8,A
3-PA,2073,0,0,8,0,8,G
3-PA,2074,0,0,8,0,8,G
3-PA,2075,8,0,0,0,8,A
3-PA,2076,0,0,8,0,8,G
3-PA,2077,0,8,0,0,8,T
3-PA,2078,0,0,7,0,7,G
3-PA,2079,0,0,0,7,7,C
3-PA,2080,0,0,0,8,8,C
3-PA,2081,0,8,0,0,8,T
3-PA,2082,0,0,8,0,8,G
3-PA,2083,8,0,0,0,8,A
3-PA,2084,0,8,0,0,8,T
3-PA,2085,0,8,0,0,8,T
3-PA,2086,8,0,0,0,8,A
3-PA,2087,7,0,0,0,7,A
3-PA,2088,0,6,0,0,6,T
3-PA,2089,0,0,7,0,7,G
3-PA,2090,7,0,0,0,7,A
3-PA,2091,0,7,0,0,7,T
3-PA,2092,0,0,0,7,7,C
3-PA,2093,0,0,0,7,7,C
3-PA,2094,0,0,0,6,6,C
3-PA,2095,0,7,0,0,7,T
3-PA,2096,0,0,7,0,7,G
3-PA,2097,0,0,7,0,7,G
3-PA,2098,0,0,6,0,6,G
3-PA,2099,0,6,0,0,6,T
3-PA,2100,0,5,0,0,5,T
3-PA,2101,0,5,0,0,5,T
3-PA,2102,0,5,0,0,5,T
3-PA,2103,0,0,5,0,5,G
3-PA,2104,0,0,0,5,5,C
3-PA,2105,0,5,0,0,5,T
3-PA,2106,0,0,0,5,5,C
3-PA,2107,5,0,0,0,5,A
3-PA,2108,5,0,0,0,5,A
3-PA,2109,0,5,0,0,5,T
3-PA,2110,0,0,5,0,5,G
3-PA,2111,0,0,0,5,5,C
3-PA,2112,0,0,5,0,5,G
3-PA,2113,0,5,0,0,5,T
3-PA,2114,0,0,0,5,5,C
3-PA,2115,0,5,0,0,5,T
3-PA,2116,0,5,0,0,5,T
3-PA,2117,0,0,5,0,5,G
3-PA,2118,0,0,5,0,5,G
3-PA,2119,0,5,0,0,5,T
3-PA,2120,0,5,0,0,5,T
3-PA,2121,0,0,0,5,5,C
3-PA,2122,5,0,0,0,5,A
3-PA,2123,5,0,0,0,5,A
3-PA,2124,0,0,0,5,5,C
3-PA,2125,0,5,0,0,5,T
3-PA,2126,0,0,0,5,5,C
3-PA,2127,0,0,0,5,5,C
3-PA,2128,0,5,0,0,5,T
3-PA,2129,0,5,0,0,5,T
3-PA,2130,0,0,0,5,5,C
3-PA,2131,0,0,0,5,5,C
3-PA,2132,0,5,0,0,5,T
3-PA,2133,0,0,5,0,5,G
3-PA,2134,5,0,0,0,5,A
3-PA,2135,0,0,0,5,5,C
3-PA,2136,5,0,0,0,5,A
3-PA,2137,0,0,0,5,5,C
3-PA,2138,5,0,0,0,5,A
3-PA,2139,0,5,0,0,5,T
3-PA,2140,0,0,5,0,5,G
3-PA,2141,0,0,0,5,5,C
3-PA,2142,5,0,0,0,5,A
3-PA,2143,0,5,0,0,5,T
3-PA,2144,0,5,0,0,5,T
3-PA,2145,5,0,0,0,5,A
3-PA,2146,5,0,0,0,5,A
3-PA,2147,5,0,0,0,5,A
3-PA,2148,5,0,0,0,5,A
3-PA,2149,0,5,0,0,5,T
3-PA,2150,5,0,0,0,5,A
3-PA,2151,0,0,5,0,5,G
4-HA,1,174,0,0,0,174,A
4-HA,2,0,174,0,0,174,T
4-HA,3,0,0,178,0,178,G
4-HA,4,179,0,0,0,179,A
4-HA,5,179,0,0,0,179,A
4-HA,6,0,1,202,0,203,G
4-HA,7,202,0,0,0,202,A
4-HA,8,0,0,0,224,224,C
4-HA,9,0,227,0,0,227,T
4-HA,10,235,0,0,0,235,A
4-HA,11,0,241,0,0,241,T
4-HA,12,1,0,0,240,241,C
4-HA,13,242,0,0,0,242,A
4-HA,14,0,241,0,0,241,T
4-HA,15,0,241,0,0,241,T
4-HA,16,0,0,265,0,265,G
4-HA,17,0,0,0,263,263,C
4-HA,18,0,263,0,0,263,T
4-HA,19,0,266,0,0,266,T
4-HA,20,0,265,0,0,265,T
4-HA,21,1,0,280,0,281,G
4-HA,22,285,0,0,0,285,A
4-HA,23,0,0,289,0,289,G
4-HA,24,0,0,0,293,293,C
4-HA,25,0,294,0,0,294,T
4-HA,26,321,0,0,0,321,A
4-HA,27,0,2,0,323,325,C
4-HA,28,331,0,0,0,331,A
4-HA,29,0,356,0,0,356,T
4-HA,30,0,355,0,0,355,T
4-HA,31,0,0,0,358,358,C
4-HA,32,0,358,0,0,358,T
4-HA,33,364,0,0,0,364,A
4-HA,34,0,365,0,0,365,T
4-HA,35,0,0,363,0,363,G
4-HA,36,0,362,0,0,362,T
4-HA,37,0,0,0,364,364,C
4-HA,38,0,364,0,0,364,T
4-HA,39,0,0,365,0,365,G
4-HA,40,0,0,361,0,361,G
4-HA,41,0,362,0,0,362,T
4-HA,42,0,363,0,0,363,T
4-HA,43,0,363,0,0,363,T
4-HA,44,0,362,0,0,362,T
4-HA,45,0,0,0,365,365,C
4-HA,46,1,0,361,0,362,G
4-HA,47,0,0,0,363,363,C
4-HA,48,0,366,0,0,366,T
4-HA,49,1,0,0,366,367,C
4-HA,50,367,0,0,0,367,A
4-HA,51,366,0,0,0,366,A
4-HA,52,367,0,0,0,367,A
4-HA,53,369,0,0,0,369,A
4-HA,54,365,0,0,0,365,A
4-HA,55,0,0,0,370,370,C
4-HA,56,0,365,0,1,366,T
4-HA,57,0,373,0,0,373,T
4-HA,58,0,0,0,372,372,C
4-HA,59,1,0,0,371,372,C
4-HA,60,0,371,0,0,371,T
4-HA,61,1,0,374,0,375,G
4-HA,62,0,0,378,0,378,G
4-HA,63,377,0,0,0,377,A
4-HA,64,385,0,0,0,385,A
4-HA,65,387,0,0,0,387,A
4-HA,66,0,391,0,0,391,T
4-HA,67,2,0,390,0,392,G
4-HA,68,393,0,0,0,393,A
4-HA,69,0,0,0,399,399,C
4-HA,70,399,0,0,0,399,A
4-HA,71,399,0,0,0,399,A
4-HA,72,0,0,0,404,404,C
4-HA,73,401,0,0,0,401,A
4-HA,74,0,0,404,0,404,G
4-HA,75,0,0,0,404,404,C
4-HA,76,406,0,0,0,406,A
4-HA,77,0,1,0,418,419,C
4-HA,78,0,1,411,0,412,G
4-HA,79,0,0,416,0,416,G
4-HA,80,0,0,0,420,420,C
4-HA,81,418,0,0,0,418,A
4-HA,82,426,0,1,0,427,A
4-HA,83,0,0,0,429,429,C
4-HA,84,0,1,432,0,433,G
4-HA,85,0,0,0,430,430,C
4-HA,86,0,428,0,0,428,T
4-HA,87,0,0,435,0,435,G
4-HA,88,0,435,0,0,435,T
4-HA,89,0,0,445,0,445,G
4-HA,90,0,0,0,455,455,C
4-HA,91,0,0,0,466,466,C
4-HA,92,0,465,0,0,465,T
4-HA,93,0,463,0,0,463,T
4-HA,94,0,1,463,0,464,G
4-HA,95,0,0,466,0,466,G
4-HA,96,0,0,475,0,475,G
4-HA,97,0,0,0,479,479,C
4-HA,98,472,0,1,0,473,A
4-HA,99,0,0,0,481,481,C
4-HA,100,1,0,0,474,475,C
4-HA,101,515,0,0,0,515,A
4-HA,102,0,515,0,0,515,T
4-HA,103,0,1,516,0,517,G
4-HA,104,0,1,0,522,523,C
4-HA,105,514,0,1,0,515,A
4-HA,106,0,1,546,0,547,G
4-HA,107,0,548,0,0,548,T
4-HA,108,546,0,1,0,547,A
4-HA,109,0,0,0,545,545,C
4-HA,110,0,0,0,537,537,C
4-HA,111,538,0,0,0,538,A
4-HA,112,538,0,1,0,539,A
4-HA,113,538,0,0,0,538,A
4-HA,114,0,1,0,543,544,C
4-HA,115,1,0,531,0,532,G
4-HA,116,1,0,539,0,540,G
4-HA,117,538,0,0,0,538,A
4-HA,118,540,0,1,0,541,A
4-HA,119,0,0,0,543,543,C
4-HA,120,1,1,537,0,539,G
4-HA,121,1,0,538,0,539,G
4-HA,122,0,558,0,0,558,T
4-HA,123,568,0,1,0,569,A
4-HA,124,1,0,567,0,568,G
4-HA,125,0,559,0,1,560,T
4-HA,126,1,0,563,0,564,G
4-HA,127,561,0,0,0,561,A
4-HA,128,564,0,0,0,564,A
4-HA,129,564,0,0,0,564,A
4-HA,130,559,0,1,0,560,A
4-HA,131,0,0,0,561,561,C
4-HA,132,561,0,0,0,561,A
4-HA,133,559,0,0,0,559,A
4-HA,134,0,564,0,2,566,T
4-HA,135,0,0,0,565,565,C
4-HA,136,565,0,0,0,565,A
4-HA,137,0,0,0,565,565,C
4-HA,138,0,1,566,0,567,G
4-HA,139,563,0,0,0,563,A
4-HA,140,559,0,0,0,559,A
4-HA,141,0,562,0,0,562,T
4-HA,142,1,0,559,0,560,G
4-HA,143,564,1,0,0,565,A
4-HA,144,0,0,0,565,565,C
4-HA,145,1,0,0,563,564,C
4-HA,146,567,1,0,0,568,A
4-HA,147,569,0,0,0,569,A
4-HA,148,572,0,0,0,572,A
4-HA,149,0,574,0,0,574,T
4-HA,150,0,575,0,0,575,T
4-HA,151,0,1,575,0,576,G
4-HA,152,569,0,1,0,570,A
4-HA,153,571,0,0,0,571,A
4-HA,154,0,0,577,0,577,G
4-HA,155,0,573,0,0,573,T
4-HA,156,0,594,0,0,594,T
4-HA,157,596,0,0,0,596,A
4-HA,158,1,0,0,598,599,C
4-HA,159,0,600,0,1,601,T
4-HA,160,599,0,0,0,599,A
4-HA,161,609,0,0,0,609,A
4-HA,162,0,611,0,0,611,T
4-HA,163,0,0,611,0,611,G
4-HA,164,0,0,0,637,637,C
4-HA,165,0,635,0,0,635,T
4-HA,166,636,0,0,0,636,A
4-HA,167,0,0,0,637,637,C
4-HA,168,0,633,0,0,633,T
4-HA,169,0,1,632,0,633,G
4-HA,170,628,0,1,0,629,A
4-HA,171,0,1,627,0,628,G
4-HA,172,1,0,0,628,629,C
4-HA,173,0,621,0,0,621,T
4-HA,174,1,0,633,0,634,G
4-HA,175,1,0,643,0,644,G
4-HA,176,0,644,0,0,644,T
4-HA,177,0,646,0,0,646,T
4-HA,178,1,0,0,649,650,C
4-HA,179,648,0,0,0,648,A
4-HA,180,0,0,647,0,647,G
4-HA,181,648,0,0,0,648,A
4-HA,182,0,0,657,0,657,G
4-HA,183,0,655,0,0,655,T
4-HA,184,0,643,0,1,644,T
4-HA,185,0,0,0,651,651,C
4-HA,186,1,0,0,654,655,C
4-HA,187,0,650,0,0,650,T
4-HA,188,0,0,0,652,652,C
4-HA,189,651,0,1,0,652,A
4-HA,190,653,0,0,0,653,A
4-HA,191,0,0,0,661,661,C
4-HA,192,649,0,0,0,649,A
4-HA,193,0,0,659,0,659,G
4-HA,194,0,0,664,0,664,G
4-HA,195,0,650,0,0,650,T
4-HA,196,0,1,662,0,663,G
4-HA,197,666,0,0,0,666,A
4-HA,198,668,0,0,0,668,A
4-HA,199,679,0,0,0,679,A
4-HA,200,0,676,0,0,676,T
4-HA,201,681,1,0,0,682,A
4-HA,202,0,677,0,0,677,T
4-HA,203,0,0,675,0,675,G
4-HA,204,0,1,0,679,680,C
4-HA,205,1,3,675,0,679,G
4-HA,206,674,1,1,0,676,A
4-HA,207,0,0,0,678,678,C
4-HA,208,669,0,0,0,669,A
4-HA,209,0,0,701,0,701,G
4-HA,210,0,698,0,0,698,T
4-HA,211,0,0,0,700,700,C
4-HA,212,0,0,0,703,703,C
4-HA,213,0,698,0,0,698,T
4-HA,214,0,0,0,708,708,C
4-HA,215,707,0,0,0,707,A
4-HA,216,0,708,0,0,708,T
4-HA,217,0,0,0,708,708,C
4-HA,218,672,0,0,0,672,A
4-HA,219,0,0,675,0,675,G
4-HA,220,661,0,1,0,662,A
4-HA,221,0,670,0,0,670,T
4-HA,222,0,0,0,668,668,C
4-HA,223,0,0,0,660,660,C
4-HA,224,0,663,0,0,663,T
4-HA,225,0,663,0,0,663,T
4-HA,226,1,0,662,0,663,G
4-HA,227,656,0,1,0,657,A
4-HA,228,0,659,0,0,659,T
4-HA,229,0,0,667,0,667,G
4-HA,230,0,0,662,0,662,G
4-HA,231,660,0,2,0,662,A
4-HA,232,666,0,0,0,666,A
4-HA,233,669,0,0,0,669,A
4-HA,234,670,0,0,0,670,A
4-HA,235,673,0,0,0,673,A
4-HA,236,674,0,1,0,675,A
4-HA,237,0,1,0,675,676,C
4-HA,238,0,670,0,0,670,T
4-HA,239,0,0,674,0,674,G
4-HA,240,0,0,0,670,670,C
4-HA,241,673,0,2,0,675,A
4-HA,242,0,0,0,701,701,C
4-HA,243,699,0,0,0,699,A
4-HA,244,0,0,0,780,780,C
4-HA,245,0,782,0,1,783,T
4-HA,246,802,0,0,0,802,A
4-HA,247,801,0,0,0,801,A
4-HA,248,0,808,0,0,808,T
4-HA,249,808,1,0,0,809,A
4-HA,250,0,0,807,0,807,G
4-HA,251,788,0,0,0,788,A
4-HA,252,0,771,0,0,771,T
4-HA,253,0,0,734,0,734,G
4-HA,254,0,0,0,740,740,C
4-HA,255,0,734,0,0,734,T
4-HA,256,0,0,0,784,784,C
4-HA,257,0,779,0,0,779,T
4-HA,258,798,0,0,0,798,A
4-HA,259,0,795,0,0,795,T
4-HA,260,0,793,0,0,793,T
4-HA,261,0,0,812,0,812,G
4-HA,262,0,0,808,0,808,G
4-HA,263,1,1,799,0,801,G
4-HA,264,796,0,0,0,796,A
4-HA,265,2,0,783,0,785,G
4-HA,266,773,0,0,0,773,A
4-HA,267,0,0,0,902,902,C
4-HA,268,0,0,0,941,941,C
4-HA,269,2,0,0,944,946,C
4-HA,270,0,944,0,1,945,T
4-HA,271,1,0,0,974,975,C
4-HA,272,970,0,0,0,970,A
4-HA,273,0,0,1047,0,1047,G
4-HA,274,0,1039,0,1,1040,T
4-HA,275,0,0,1052,0,1052,G
4-HA,276,0,1028,0,0,1028,T
4-HA,277,1,1,1028,0,1030,G
4-HA,278,1027,0,1,0,1028,A
4-HA,279,0,1017,0,0,1017,T
4-HA,280,0,2,1013,0,1015,G
4-HA,281,0,0,1012,0,1012,G
4-HA,282,0,0,0,1010,1010,C
4-HA,283,0,1010,0,0,1010,T
4-HA,284,0,1013,0,1,1014,T
4-HA,285,0,0,0,1018,1018,C
4-HA,286,1,0,0,1020,1021,C
4-HA,287,1015,0,0,0,1015,A
4-HA,288,1015,0,1,0,1016,A
4-HA,289,1015,0,0,0,1015,A
4-HA,290,1018,0,0,0,1018,A
4-HA,291,0,1031,0,0,1031,T
4-HA,292,1020,0,0,0,1020,A
4-HA,293,1026,0,0,0,1026,A
4-HA,294,0,0,1038,0,1038,G
4-HA,295,1042,0,0,0,1042,A
4-HA,296,1047,0,0,0,1047,A
4-HA,297,1049,0,0,0,1049,A
4-HA,298,0,1052,0,1,1053,T
4-HA,299,2,2,1046,0,1050,G
4-HA,300,0,0,1049,0,1049,G
4-HA,301,1,0,1044,0,1045,G
4-HA,302,1037,1,0,0,1038,A
4-HA,303,0,0,0,1060,1060,C
4-HA,304,1,0,0,1060,1061,C
4-HA,305,0,1080,0,2,1082,T
4-HA,306,0,1094,0,1,1095,T
4-HA,307,0,1090,1,0,1091,T
4-HA,308,0,1094,0,0,1094,T
4-HA,309,0,1095,0,1,1096,T
4-HA,310,0,1,1102,0,1103,G
4-HA,311,0,1103,0,0,1103,T
4-HA,312,0,1095,0,0,1095,T
4-HA,313,2,1,1100,0,1103,G
4-HA,314,1088,0,0,0,1088,A
4-HA,315,1096,0,1,0,1097,A
4-HA,316,0,0,0,1101,1101,C
4-HA,317,0,0,1092,0,1092,G
4-HA,318,0,0,0,1113,1113,C
4-HA,319,1111,0,0,0,1111,A
4-HA,320,0,0,1111,0,1111,G
4-HA,321,0,0,0,1119,1119,C
4-HA,322,1121,0,0,0,1121,A
4-HA,323,1122,0,0,0,1122,A
4-HA,324,1120,0,2,0,1122,A
4-HA,325,3,0,1193,0,1196,G
4-HA,326,0,1,0,1198,1199,C
4-HA,327,0,0,0,1198,1198,C
4-HA,328,0,1196,0,0,1196,T
4-HA,329,1197,2,0,0,1199,A
4-HA,330,2,0,0,1217,1219,C
4-HA,331,1216,0,1,0,1217,A
4-HA,332,0,1,1217,0,1218,G
4-HA,333,0,0,0,1217,1217,C
4-HA,334,1201,0,0,0,1201,A
4-HA,335,1222,1,0,0,1223,A
4-HA,336,0,0,0,1286,1286,C
4-HA,337,0,1286,0,1,1287,T
4-HA,338,0,0,1287,0,1287,G
4-HA,339,0,1278,0,0,1278,T
4-HA,340,0,1285,0,0,1285,T
4-HA,341,1283,0,1,0,1284,A
4-HA,342,0,1,0,1399,1400,C
4-HA,343,2,0,0,1405,1407,C
4-HA,344,0,0,0,1449,1449,C
4-HA,345,0,1407,0,0,1407,T
4-HA,346,0,1416,0,0,1416,T
4-HA,347,1416,0,0,0,1416,A
4-HA,348,1,1420,0,0,1421,T
4-HA,349,1,2,1421,0,1424,G
4-HA,350,1410,0,0,0,1410,A
4-HA,351,0,1331,0,0,1331,T
4-HA,352,0,0,1356,0,1356,G
4-HA,353,0,1338,0,0,1338,T
4-HA,354,1,0,1339,0,1340,G
4-HA,355,0,1,0,1338,1339,C
4-HA,356,1,1,0,1342,1344,C
4-HA,357,0,0,1369,0,1369,G
4-HA,358,2,0,1375,0,1377,G
4-HA,359,1386,0,0,0,1386,A
4-HA,360,0,1393,0,0,1393,T
4-HA,361,0,1380,0,1,1381,T
4-HA,362,1390,0,0,0,1390,A
4-HA,363,0,1390,0,0,1390,T
4-HA,364,0,1,1384,0,1385,G
4-HA,365,0,1,0,1384,1385,C
4-HA,366,1,0,0,1373,1374,C
4-HA,367,0,1383,0,1,1384,T
4-HA,368,1,0,0,1479,1480,C
4-HA,369,0,0,0,1485,1485,C
4-HA,370,2,0,0,1491,1493,C
4-HA,371,0,1490,0,0,1490,T
4-HA,372,0,1494,0,0,1494,T
4-HA,373,1485,0,0,0,1485,A
4-HA,374,1,2,1507,0,1510,G
4-HA,375,1,1,1506,0,1508,G
4-HA,376,0,1490,0,1,1491,T
4-HA,377,1,0,0,1476,1477,C
4-HA,378,1467,0,0,0,1467,A
4-HA,379,1,1,0,1500,1502,C
4-HA,380,0,1515,0,0,1515,T
4-HA,381,1512,0,0,0,1512,A
4-HA,382,4,1,1497,0,1502,G
4-HA,383,0,1479,0,0,1479,T
4-HA,384,0,1484,0,0,1484,T
4-HA,385,0,0,1499,0,1499,G
4-HA,386,0,1,0,1495,1496,C
4-HA,387,1,0,0,1497,1498,C
4-HA,388,0,1477,0,2,1479,T
4-HA,389,0,0,0,1495,1495,C
4-HA,390,1548,0,1,0,1549,A
4-HA,391,0,1553,0,2,1555,T
4-HA,392,1,0,0,1559,1560,C
4-HA,393,1,4,0,1547,1552,C
4-HA,394,0,1,1548,0,1549,G
4-HA,395,0,0,1546,0,1546,G
4-HA,396,0,0,0,1558,1558,C
4-HA,397,1582,0,0,0,1582,A
4-HA,398,0,0,0,1606,1606,C
4-HA,399,1571,0,1,0,1572,A
4-HA,400,1,1,0,1580,1582,C
4-HA,401,0,1578,0,1,1579,T
4-HA,402,0,0,1590,0,1590,G
4-HA,403,0,2,1602,0,1604,G
4-HA,404,1592,0,1,0,1593,A
4-HA,405,0,1,1627,0,1628,G
4-HA,406,0,1612,0,0,1612,T
4-HA,407,0,1610,0,0,1610,T
4-HA,408,0,1618,0,1,1619,T
4-HA,409,1618,0,0,0,1618,A
4-HA,410,1619,0,0,0,1619,A
4-HA,411,0,0,0,1624,1624,C
4-HA,412,1605,0,1,0,1606,A
4-HA,413,1600,0,1,0,1601,A
4-HA,414,0,1602,0,0,1602,T
4-HA,415,0,0,1595,0,1595,G
4-HA,416,1601,0,1,0,1602,A
4-HA,417,1598,0,0,0,1598,A
4-HA,418,1595,0,3,0,1598,A
4-HA,419,0,0,1613,0,1613,G
4-HA,420,0,1,0,1607,1608,C
4-HA,421,0,1607,0,2,1609,T
4-HA,422,0,1619,0,0,1619,T
4-HA,423,0,0,0,1638,1638,C
4-HA,424,1637,0,1,0,1638,A
4-HA,425,1638,0,0,0,1638,A
4-HA,426,0,1634,0,0,1634,T
4-HA,427,0,1628,0,1,1629,T
4-HA,428,2,1,1667,0,1670,G
4-HA,429,0,0,1683,0,1683,G
4-HA,430,1681,0,0,0,1681,A
4-HA,431,1,0,0,1697,1698,C
4-HA,432,0,1673,0,0,1673,T
4-HA,433,2,0,1686,0,1688,G
4-HA,434,0,1,1699,0,1700,G
4-HA,435,1672,0,3,0,1675,A
4-HA,436,0,1,1698,0,1699,G
4-HA,437,0,1678,0,0,1678,T
4-HA,438,1,0,0,1649,1650,C
4-HA,439,1682,0,3,0,1685,A
4-HA,440,0,0,0,1688,1688,C
4-HA,441,1,1686,0,0,1687,T
4-HA,442,1,0,0,1692,1693,C
4-HA,443,1684,0,1,0,1685,A
4-HA,444,1699,0,1,0,1700,A
4-HA,445,1698,0,0,0,1698,A
4-HA,446,1700,0,0,0,1700,A
4-HA,447,0,0,0,1712,1712,C
4-HA,448,3,0,1690,1,1694,G
4-HA,449,0,2,1704,0,1706,G
4-HA,450,1713,1,0,0,1714,A
4-HA,451,1715,0,0,0,1715,A
4-HA,452,0,1,0,1721,1722,C
4-HA,453,1712,0,0,0,1712,A
4-HA,454,1720,1,2,0,1723,A
4-HA,455,0,0,1734,1,1735,G
4-HA,456,0,0,0,1730,1730,C
4-HA,457,0,1730,0,0,1730,T
4-HA,458,1,0,0,1721,1722,C
4-HA,459,0,1715,0,2,1717,T
4-HA,460,0,0,1716,0,1716,G
4-HA,461,0,1,0,1718,1719,C
4-HA,462,0,1719,0,2,1721,T
4-HA,463,0,1748,0,1,1749,T
4-HA,464,1,0,1793,0,1794,G
4-HA,465,1,1,2,1818,1822,C
4-HA,466,1828,0,0,0,1828,A
4-HA,467,0,1820,0,0,1820,T
4-HA,468,1812,0,0,0,1812,A
4-HA,469,1802,0,0,0,1802,A
4-HA,470,3,1,1803,0,1807,G
4-HA,471,0,1,1802,0,1803,G
4-HA,472,1761,0,2,0,1763,A
4-HA,473,0,1,1737,0,1738,G
4-HA,474,1728,0,2,0,1730,A
4-HA,475,0,1764,0,0,1764,T
4-HA,476,0,0,0,1773,1773,C
4-HA,477,0,1775,1,0,1776,T
4-HA,478,1775,0,0,0,1775,A
4-HA,479,1776,1,1,0,1778,A
4-HA,480,1757,0,0,0,1757,A
4-HA,481,1762,0,1,0,1763,A
4-HA,482,1760,0,0,0,1760,A
4-HA,483,0,0,0,1774,1774,C
4-HA,484,1745,0,1,0,1746,A
4-HA,485,4,0,1746,0,1750,G
4-HA,486,0,1747,0,0,1747,T
4-HA,487,1,1780,1,1,1783,T
4-HA,488,0,1788,0,0,1788,T
4-HA,489,0,0,0,1837,1837,C
4-HA,490,1,1829,0,0,1830,T
4-HA,491,0,1841,0,0,1841,T
4-HA,492,0,1839,0,4,1843,T
4-HA,493,1839,0,1,0,1840,A
4-HA,494,0,0,1841,0,1841,G
4-HA,495,0,1836,0,0,1836,T
4-HA,496,1845,0,0,0,1845,A
4-HA,497,0,1,1843,1,1845,G
4-HA,498,1831,0,1,0,1832,A
4-HA,499,0,1832,0,1,1833,T
4-HA,500,0,1832,0,0,1832,T
4-HA,501,0,2,1866,0,1868,G
4-HA,502,1858,1,2,0,1861,A
4-HA,503,1865,0,3,0,1868,A
4-HA,504,0,1859,0,2,1861,T
4-HA,505,0,1849,0,0,1849,T
4-HA,506,0,1,1873,0,1874,G
4-HA,507,3,0,1871,0,1874,G
4-HA,508,0,1871,0,0,1871,T
4-HA,509,0,1877,0,0,1877,T
4-HA,510,6,1,1852,0,1859,G
4-HA,511,1852,0,1,0,1853,A
4-HA,512,0,0,0,1851,1851,C
4-HA,513,1,1,0,1848,1850,C
4-HA,514,0,0,0,1875,1875,C
4-HA,515,1887,0,0,0,1887,A
4-HA,516,1,1,0,1887,1889,C
4-HA,517,1,1893,0,2,1896,T
4-HA,518,0,1901,0,1,1902,T
4-HA,519,1898,0,0,0,1898,A
4-HA,520,1892,0,1,0,1893,A
4-HA,521,1894,0,0,0,1894,A
4-HA,522,0,0,0,1868,1868,C
4-HA,523,0,1902,0,2,1904,T
4-HA,524,0,1916,0,0,1916,T
4-HA,525,1,0,0,1923,1924,C
4-HA,526,1930,0,0,0,1930,A
4-HA,527,1928,0,0,0,1928,A
4-HA,528,1928,0,0,0,1928,A
4-HA,529,0,1922,0,0,1922,T
4-HA,530,1947,0,1,0,1948,A
4-HA,531,1,0,0,1952,1953,C
4-HA,532,6,0,0,1910,1916,C
4-HA,533,4,1,0,1923,1928,C
4-HA,534,1921,0,2,0,1923,A
4-HA,535,0,0,1997,0,1997,G
4-HA,536,0,1,0,2012,2013,C
4-HA,537,2010,0,0,0,2010,A
4-HA,538,0,2010,0,0,2010,T
4-HA,539,0,1978,0,0,1978,T
4-HA,540,1,5,2034,0,2040,G
4-HA,541,2033,0,0,0,2033,A
4-HA,542,2041,1,0,0,2042,A
4-HA,543,3,0,0,2044,2047,C
4-HA,544,0,1,1993,0,1994,G
4-HA,545,0,2001,0,2,2003,T
4-HA,546,0,3,2016,0,2019,G
4-HA,547,2014,0,1,0,2015,A
4-HA,548,1,0,0,2022,2023,C
4-HA,549,0,1965,0,1,1966,T
4-HA,550,2022,0,0,0,2022,A
4-HA,551,0,2019,0,0,2019,T
4-HA,552,7,0,2030,0,2037,G
4-HA,553,0,0,0,2037,2037,C
4-HA,554,1,0,0,2017,2018,C
4-HA,555,2009,0,0,1,2010,A
4-HA,556,2002,0,0,0,2002,A
4-HA,557,2033,1,1,0,2035,A
4-HA,558,0,0,0,2045,2045,C
4-HA,559,2007,0,0,0,2007,A
4-HA,560,2009,0,0,0,2009,A
4-HA,561,0,2001,0,0,2001,T
4-HA,562,1,8,1998,0,2007,G
4-HA,563,2000,1,0,1,2002,A
4-HA,564,2000,0,0,0,2000,A
4-HA,565,1,0,0,1978,1979,C
4-HA,566,1988,0,0,0,1988,A
4-HA,567,1996,0,0,0,1996,A
4-HA,568,0,1992,0,0,1992,T
4-HA,569,0,1994,0,0,1994,T
4-HA,570,0,2002,0,0,2002,T
4-HA,571,0,2,1991,0,1993,G
4-HA,572,2001,0,0,0,2001,A
4-HA,573,0,0,0,2009,2009,C
4-HA,574,2004,0,1,0,2005,A
4-HA,575,2008,0,0,0,2008,A
4-HA,576,2023,0,0,0,2023,A
4-HA,577,0,2029,0,0,2029,T
4-HA,578,0,2008,0,0,2008,T
4-HA,579,12,0,2008,1,2021,G
4-HA,580,1,2021,0,1,2023,T
4-HA,581,2024,0,1,0,2025,A
4-HA,582,0,0,0,2067,2067,C
4-HA,583,2057,0,0,0,2057,A
4-HA,584,0,2091,0,0,2091,T
4-HA,585,0,2055,0,0,2055,T
4-HA,586,1,2061,0,0,2062,T
4-HA,587,0,0,2049,0,2049,G
4-HA,588,0,3,2045,0,2048,G
4-HA,589,0,1,2045,0,2046,G
4-HA,590,0,1,2045,0,2046,G
4-HA,591,1,2,2005,0,2008,G
4-HA,592,1,1,2054,0,2056,G
4-HA,593,0,2030,1,2,2033,T
4-HA,594,0,2052,0,0,2052,T
4-HA,595,0,0,0,2044,2044,C
4-HA,596,2040,0,2,0,2042,A
4-HA,597,0,0,0,2059,2059,C
4-HA,598,2,0,0,2052,2054,C
4-HA,599,2044,0,2,1,2047,A
4-HA,600,0,0,0,2070,2070,C
4-HA,601,2,0,0,2046,2048,C
4-HA,602,1,0,0,2037,2038,C
4-HA,603,1,1,2033,0,2035,G
4-HA,604,7,2,2084,0,2093,G
4-HA,605,1,0,2102,0,2103,G
4-HA,606,0,2087,0,1,2088,T
4-HA,607,2092,0,0,0,2092,A
4-HA,608,5,1,0,2083,2089,C
4-HA,609,2,1,2066,0,2069,G
4-HA,610,0,0,2093,0,2093,G
4-HA,611,2095,0,1,0,2096,A
4-HA,612,0,0,0,2101,2101,C
4-HA,613,2058,0,0,0,2058,A
4-HA,614,2046,0,1,0,2047,A
4-HA,615,2055,0,2,0,2057,A
4-HA,616,0,1,2079,0,2080,G
4-HA,617,2078,1,0,0,2079,A
4-HA,618,0,0,0,2087,2087,C
4-HA,619,2,0,0,2060,2062,C
4-HA,620,2069,0,0,0,2069,A
4-HA,621,2072,0,0,0,2072,A
4-HA,622,2077,0,1,0,2078,A
4-HA,623,0,2075,0,0,2075,T
4-HA,624,0,0,0,2096,2096,C
4-HA,625,0,1996,0,0,1996,T
4-HA,626,0,1990,0,0,1990,T
4-HA,627,0,0,0,1998,1998,C
4-HA,628,0,0,0,2020,2020,C
4-HA,629,0,2014,0,0,2014,T
4-HA,630,0,0,2023,0,2023,G
4-HA,631,0,1999,0,1,2000,T
4-HA,632,2005,0,2,0,2007,A
4-HA,633,0,1991,0,0,1991,T
4-HA,634,1,0,2011,0,2012,G
4-HA,635,0,0,0,2009,2009,C
4-HA,636,0,1988,0,2,1990,T
4-HA,637,0,4,0,2001,2005,C
4-HA,638,2005,0,1,0,2006,A
4-HA,639,2000,0,2,0,2002,A
4-HA,640,1,0,2011,0,2012,G
4-HA,641,1,1,1,2009,2012,C
4-HA,642,2019,0,2,0,2021,A
4-HA,643,0,1993,0,2,1995,T
4-HA,644,4,0,0,1996,2000,C
4-HA,645,1992,0,6,0,1998,A
4-HA,646,0,1,2012,0,2013,G
4-HA,647,1,1,2008,0,2010,G
4-HA,648,2012,0,0,0,2012,A
4-HA,649,2001,0,1,0,2002,A
4-HA,650,0,2,2030,0,2032,G
4-HA,651,2030,0,0,0,2030,A
4-HA,652,2058,0,1,0,2059,A
4-HA,653,0,2049,3,0,2052,T
4-HA,654,3,2,0,2049,2054,C
4-HA,655,2036,0,1,0,2037,A
4-HA,656,0,1,0,2043,2044,C
4-HA,657,2048,0,0,0,2048,A
4-HA,658,0,2,2073,0,2075,G
4-HA,659,0,2037,0,1,2038,T
4-HA,660,2,0,1,2034,2037,C
4-HA,661,0,2006,0,1,2007,T
4-HA,662,0,1,1,2052,2054,C
4-HA,663,0,2059,0,0,2059,T
4-HA,664,2069,0,0,0,2069,A
4-HA,665,3,1,0,2056,2060,C
4-HA,666,2,1,0,2064,2067,C
4-HA,667,2044,0,0,0,2044,A
4-HA,668,2039,0,0,0,2039,A
4-HA,669,2033,0,0,1,2034,A
4-HA,670,2036,0,4,0,2040,A
4-HA,671,0,0,2030,0,2030,G
4-HA,672,1989,0,0,0,1989,A
4-HA,673,1984,0,1,0,1985,A
4-HA,674,0,0,1973,0,1973,G
4-HA,675,0,0,0,1968,1968,C
4-HA,676,3,0,0,1988,1991,C
4-HA,677,1980,0,0,0,1980,A
4-HA,678,1987,3,0,0,1990,A
4-HA,679,0,0,1,1991,1992,C
4-HA,680,1999,0,0,0,1999,A
4-HA,681,1991,0,0,2,1993,A
4-HA,682,1976,0,0,0,1976,A
4-HA,683,0,0,0,2017,2017,C
4-HA,684,0,2004,0,2,2006,T
4-HA,685,0,0,2011,0,2011,G
4-HA,686,0,2004,0,0,2004,T
4-HA,687,2003,0,0,0,2003,A
4-HA,688,2000,0,1,0,2001,A
4-HA,689,1,1986,1,0,1988,T
4-HA,690,0,0,0,2012,2012,C
4-HA,691,2,0,0,1999,2001,C
4-HA,692,2,0,0,1969,1971,C
4-HA,693,1,0,1972,0,1973,G
4-HA,694,1967,0,1,0,1968,A
4-HA,695,1978,0,0,0,1978,A
4-HA,696,0,1969,0,3,1972,T
4-HA,697,1976,0,0,4,1980,A
4-HA,698,0,1956,0,0,1956,T
4-HA,699,1,1,0,1965,1967,C
4-HA,700,0,0,1960,0,1960,G
4-HA,701,1,1,1998,0,2000,G
4-HA,702,1998,0,3,0,2001,A
4-HA,703,0,2012,1,0,2013,T
4-HA,704,1,0,0,2023,2024,C
4-HA,705,1,2021,0,1,2023,T
4-HA,706,2017,0,0,0,2017,A
4-HA,707,0,1,2021,1,2023,G
4-HA,708,2025,0,5,0,2030,A
4-HA,709,0,1,0,2035,2036,C
4-HA,710,2,0,0,1957,1959,C
4-HA,711,3,0,0,1964,1967,C
4-HA,712,1961,0,0,1,1962,A
4-HA,713,2,0,2071,0,2073,G
4-HA,714,2062,0,2,0,2064,A
4-HA,715,4,0,2087,0,2091,G
4-HA,716,0,2072,0,1,2073,T
4-HA,717,2074,0,1,0,2075,A
4-HA,718,2063,0,0,0,2063,A
4-HA,719,1,1,2090,0,2092,G
4-HA,720,1,1,2095,0,2097,G
4-HA,721,2065,0,2,0,2067,A
4-HA,722,1925,0,0,0,1925,A
4-HA,723,0,1921,0,0,1921,T
4-HA,724,1915,0,0,0,1915,A
4-HA,725,1,1906,0,0,1907,T
4-HA,726,3,2,0,1942,1947,C
4-HA,727,1,0,0,1936,1937,C
4-HA,728,3,2,0,1892,1897,C
4-HA,729,0,1889,0,2,1891,T
4-HA,730,1897,0,0,0,1897,A
4-HA,731,0,0,1902,0,1902,G
4-HA,732,0,0,0,1899,1899,C
4-HA,733,1857,0,0,0,1857,A
4-HA,734,0,1,1915,0,1916,G
4-HA,735,1896,0,1,0,1897,A
4-HA,736,1908,0,0,0,1908,A
4-HA,737,0,1907,0,0,1907,T
4-HA,738,1899,0,0,0,1899,A
4-HA,739,1906,0,1,0,1907,A
4-HA,740,0,0,1903,0,1903,G
4-HA,741,1,0,0,1894,1895,C
4-HA,742,1898,0,1,0,1899,A
4-HA,743,0,1856,0,0,1856,T
4-HA,744,2,0,0,1967,1969,C
4-HA,745,0,1959,0,1,1960,T
4-HA,746,1976,0,0,0,1976,A
4-HA,747,0,1982,0,0,1982,T
4-HA,748,0,1977,0,0,1977,T
4-HA,749,1,0,1975,0,1976,G
4-HA,750,0,0,1970,0,1970,G
4-HA,751,1967,0,2,0,1969,A
4-HA,752,1,0,0,1970,1971,C
4-HA,753,1882,0,0,0,1882,A
4-HA,754,1922,0,0,0,1922,A
4-HA,755,0,2010,0,0,2010,T
4-HA,756,2029,0,7,0,2036,A
4-HA,757,5,0,2046,0,2051,G
4-HA,758,0,2036,0,0,2036,T
4-HA,759,2042,0,1,0,2043,A
4-HA,760,2057,0,0,0,2057,A
4-HA,761,2086,0,0,0,2086,A
4-HA,762,2096,0,0,0,2096,A
4-HA,763,0,0,0,2107,2107,C
4-HA,764,1,0,0,2022,2023,C
4-HA,765,2,2,2009,1,2014,G
4-HA,766,0,2,2034,0,2036,G
4-HA,767,0,2,2057,0,2059,G
4-HA,768,2062,0,2,0,2064,A
4-HA,769,1,1,2085,0,2087,G
4-HA,770,2112,0,4,0,2116,A
4-HA,771,0,0,0,2128,2128,C
4-HA,772,2126,0,0,2,2128,A
4-HA,773,0,2128,0,0,2128,T
4-HA,774,2124,0,0,0,2124,A
4-HA,775,0,1,0,2179,2180,C
4-HA,776,0,2170,0,3,2173,T
4-HA,777,0,2192,0,0,2192,T
4-HA,778,0,2201,1,1,2203,T
4-HA,779,1,2197,0,2,2200,T
4-HA,780,1,1,2223,0,2225,G
4-HA,781,2224,0,0,1,2225,A
4-HA,782,0,2224,0,0,2224,T
4-HA,783,0,2289,0,0,2289,T
4-HA,784,2267,0,0,0,2267,A
4-HA,785,2270,0,0,0,2270,A
4-HA,786,2,0,0,2309,2311,C
4-HA,787,2296,0,2,0,2298,A
4-HA,788,2,0,2377,0,2379,G
4-HA,789,0,0,0,2387,2387,C
4-HA,790,2384,0,0,0,2384,A
4-HA,791,0,0,0,2403,2403,C
4-HA,792,2382,0,3,0,2385,A
4-HA,793,0,3,2417,0,2420,G
4-HA,794,1,2,2410,0,2413,G
4-HA,795,3,2,2502,0,2507,G
4-HA,796,2492,0,0,0,2492,A
4-HA,797,2513,0,0,0,2513,A
4-HA,798,0,2518,0,1,2519,T
4-HA,799,2,0,0,2528,2530,C
4-HA,800,0,2549,0,1,2550,T
4-HA,801,2555,0,0,0,2555,A
4-HA,802,2534,0,3,0,2537,A
4-HA,803,0,2540,0,0,2540,T
4-HA,804,0,2476,0,0,2476,T
4-HA,805,1,0,2522,0,2523,G
4-HA,806,3,0,0,2572,2575,C
4-HA,807,0,2670,0,1,2671,T
4-HA,808,1,1,0,2745,2747,C
4-HA,809,2,1,0,2739,2742,C
4-HA,810,1,2742,0,0,2743,T
4-HA,811,2741,1,1,0,2743,A
4-HA,812,0,3,2747,0,2750,G
4-HA,813,1,2,2755,0,2758,G
4-HA,814,1,3,2764,0,2768,G
4-HA,815,2,0,2744,0,2746,G
4-HA,816,0,2694,0,1,2695,T
4-HA,817,0,2682,0,0,2682,T
4-HA,818,2670,1,0,0,2671,A
4-HA,819,0,1,0,2705,2706,C
4-HA,820,0,2698,0,3,2701,T
4-HA,821,0,2713,0,1,2714,T
4-HA,822,2,0,0,2712,2714,C
4-HA,823,2699,0,1,0,2700,A
4-HA,824,2707,0,0,0,2707,A
4-HA,825,2708,0,0,0,2708,A
4-HA,826,2733,0,3,0,2736,A
4-HA,827,0,2725,0,0,2725,T
4-HA,828,2695,0,0,0,2695,A
4-HA,829,0,0,0,2704,2704,C
4-HA,830,2,2,2702,0,2706,G
4-HA,831,2694,0,0,1,2695,A
4-HA,832,2711,0,0,1,2712,A
4-HA,833,2,0,2766,0,2768,G
4-HA,834,1,2742,0,1,2744,T
4-HA,835,1,0,2768,0,2769,G
4-HA,836,1,0,2779,0,2780,G
4-HA,837,0,1,2785,0,2786,G
4-HA,838,2786,1,2,0,2789,A
4-HA,839,2800,1,0,0,2801,A
4-HA,840,2800,0,0,0,2800,A
4-HA,841,2777,0,6,0,2783,A
4-HA,842,1,0,2837,0,2838,G
4-HA,843,2,1,0,2815,2818,C
4-HA,844,0,2809,0,0,2809,T
4-HA,845,2,0,0,2863,2865,C
4-HA,846,2856,0,1,0,2857,A
4-HA,847,2881,0,2,0,2883,A
4-HA,848,0,2881,0,0,2881,T
4-HA,849,2917,0,0,0,2917,A
4-HA,850,2908,0,0,0,2908,A
4-HA,851,0,2867,0,0,2867,T
4-HA,852,1,2,2877,0,2880,G
4-HA,853,2864,1,1,0,2866,A
4-HA,854,0,1,2955,0,2956,G
4-HA,855,2951,0,1,0,2952,A
4-HA,856,0,2929,0,6,2935,T
4-HA,857,1,1,0,3006,3008,C
4-HA,858,2984,2,2,0,2988,A
4-HA,859,0,1,3052,0,3053,G
4-HA,860,3055,0,2,1,3058,A
4-HA,861,0,3055,0,0,3055,T
4-HA,862,1,0,3044,0,3045,G
4-HA,863,0,1,0,2995,2996,C
4-HA,864,2994,0,3,0,2997,A
4-HA,865,0,0,1,3056,3057,C
4-HA,866,2,1,0,3032,3035,C
4-HA,867,5,1,0,3048,3054,C
4-HA,868,3017,0,1,0,3018,A
4-HA,869,0,2997,0,0,2997,T
4-HA,870,0,3003,0,0,3003,T
4-HA,871,0,3,3044,0,3047,G
4-HA,872,1,0,3019,1,3021,G
4-HA,873,1,0,0,3051,3052,C
4-HA,874,3010,2,0,0,3012,A
4-HA,875,2998,0,0,0,2998,A
4-HA,876,3064,0,1,0,3065,A
4-HA,877,1,3072,0,1,3074,T
4-HA,878,1,0,3063,1,3065,G
4-HA,879,1,1,0,3071,3073,C
4-HA,880,3052,0,0,0,3052,A
4-HA,881,3125,2,0,1,3128,A
4-HA,882,0,3132,0,0,3132,T
4-HA,883,0,3158,0,0,3158,T
4-HA,884,2,2,0,3166,3170,C
4-HA,885,0,3121,0,5,3126,T
4-HA,886,2,1,3162,0,3165,G
4-HA,887,3165,0,2,0,3167,A
4-HA,888,3177,0,1,0,3178,A
4-HA,889,0,3179,0,0,3179,T
4-HA,890,4,2,3149,1,3156,G
4-HA,891,1,0,0,3178,3179,C
4-HA,892,3158,0,1,0,3159,A
4-HA,893,1,3164,0,1,3166,T
4-HA,894,3,0,1,3162,3166,C
4-HA,895,3144,0,5,0,3149,A
4-HA,896,0,2,0,3279,3281,C
4-HA,897,0,3252,0,2,3254,T
4-HA,898,2,1,0,3281,3284,C
4-HA,899,5,0,0,3259,3264,C
4-HA,900,3303,0,0,0,3303,A
4-HA,901,3297,0,1,0,3298,A
4-HA,902,3289,1,4,0,3294,A
4-HA,903,0,3203,0,0,3203,T
4-HA,904,0,1,3223,0,3224,G
4-HA,905,2,1,3213,0,3216,G
4-HA,906,3227,0,0,0,3227,A
4-HA,907,3212,0,4,0,3216,A
4-HA,908,2,1,3218,0,3221,G
4-HA,909,0,0,0,3194,3194,C
4-HA,910,3186,1,1,0,3188,A
4-HA,911,0,3188,0,1,3189,T
4-HA,912,0,3183,0,1,3184,T
4-HA,913,1,0,0,3265,3266,C
4-HA,914,0,0,0,3258,3258,C
4-HA,915,3,0,0,3263,3266,C
4-HA,916,3259,0,4,0,3263,A
4-HA,917,3295,0,0,0,3295,A
4-HA,918,1,3354,0,1,3356,T
4-HA,919,1,1,3359,0,3361,G
4-HA,920,3351,0,2,1,3354,A
4-HA,921,0,0,1,3357,3358,C
4-HA,922,3285,0,0,0,3285,A
4-HA,923,3291,0,1,0,3292,A
4-HA,924,3255,0,2,0,3257,A
4-HA,925,2,0,0,3291,3293,C
4-HA,926,2,0,0,3263,3265,C
4-HA,927,3222,0,1,0,3223,A
4-HA,928,0,3218,0,1,3219,T
4-HA,929,0,3193,0,0,3193,T
4-HA,930,4,0,0,3214,3218,C
4-HA,931,1,1,0,3224,3226,C
4-HA,932,3239,0,0,0,3239,A
4-HA,933,3226,0,0,0,3226,A
4-HA,934,3210,0,1,0,3211,A
4-HA,935,3257,0,0,0,3257,A
4-HA,936,1,3251,0,0,3252,T
4-HA,937,0,1,3268,0,3269,G
4-HA,938,2,3245,0,2,3249,T
4-HA,939,3274,0,0,0,3274,A
4-HA,940,3274,1,0,0,3275,A
4-HA,941,3269,0,0,1,3270,A
4-HA,942,1,0,0,3287,3288,C
4-HA,943,3261,0,4,0,3265,A
4-HA,944,0,2,3276,0,3278,G
4-HA,945,0,2,3290,0,3292,G
4-HA,946,3353,0,1,0,3354,A
4-HA,947,0,3349,0,0,3349,T
4-HA,948,1,1,0,3383,3385,C
4-HA,949,3391,0,1,1,3393,A
4-HA,950,1,1,0,3514,3516,C
4-HA,951,3520,4,0,0,3524,A
4-HA,952,0,3615,0,0,3615,T
4-HA,953,3522,0,0,0,3522,A
4-HA,954,1,7,0,3511,3519,C
4-HA,955,1,6,3423,0,3430,G
4-HA,956,3,1,3408,0,3412,G
4-HA,957,1,0,3390,0,3391,G
4-HA,958,2,1,3384,0,3387,G
4-HA,959,0,1,2,3351,3354,C
4-HA,960,0,0,1,3352,3353,C
4-HA,961,1,3302,0,3,3306,T
4-HA,962,2,0,3589,0,3591,G
4-HA,963,1,3552,0,4,3557,T
4-HA,964,1,1,0,3609,3611,C
4-HA,965,4,0,0,3604,3608,C
4-HA,966,4,0,0,3619,3623,C
4-HA,967,3611,0,3,0,3614,A
4-HA,968,0,0,3637,0,3637,G
4-HA,969,3624,0,0,2,3626,A
4-HA,970,0,3611,0,0,3611,T
4-HA,971,3395,0,3,0,3398,A
4-HA,972,2,3338,0,2,3342,T
4-HA,973,1,1,3366,0,3368,G
4-HA,974,0,3351,0,0,3351,T
4-HA,975,1,3315,0,0,3316,T
4-HA,976,3339,0,1,0,3340,A
4-HA,977,3308,0,2,1,3311,A
4-HA,978,3,4,3335,0,3342,G
4-HA,979,0,0,0,3335,3335,C
4-HA,980,3292,1,0,0,3293,A
4-HA,981,3286,0,3,0,3289,A
4-HA,982,3266,0,0,0,3266,A
4-HA,983,3262,0,3,0,3265,A
4-HA,984,0,0,0,3275,3275,C
4-HA,985,3255,0,0,0,3255,A
4-HA,986,0,0,0,3280,3280,C
4-HA,987,0,3230,0,1,3231,T
4-HA,988,9,0,0,3248,3257,C
4-HA,989,0,3253,0,1,3254,T
4-HA,990,0,2,3275,0,3277,G
4-HA,991,3283,0,0,0,3283,A
4-HA,992,3275,0,0,0,3275,A
4-HA,993,3274,0,0,0,3274,A
4-HA,994,1,3253,0,0,3254,T
4-HA,995,0,3242,0,1,3243,T
4-HA,996,1,4,3261,0,3266,G
4-HA,997,4,0,3235,0,3239,G
4-HA,998,0,0,0,3259,3259,C
4-HA,999,3233,0,8,0,3241,A
4-HA,1000,3241,0,0,0,3241,A
4-HA,1001,0,1,0,3251,3252,C
4-HA,1002,3244,0,1,0,3245,A
4-HA,1003,1,1,3261,1,3264,G
4-HA,1004,0,2,3255,0,3257,G
4-HA,1005,4,0,3233,0,3237,G
4-HA,1006,3228,0,8,0,3236,A
4-HA,1007,0,3216,0,1,3217,T
4-HA,1008,2,1,3241,0,3244,G
4-HA,1009,0,0,0,3229,3229,C
4-HA,1010,3,2,3256,0,3261,G
4-HA,1011,3269,1,1,0,3271,A
4-HA,1012,3243,0,1,0,3244,A
4-HA,1013,3270,0,1,0,3271,A
4-HA,1014,0,3223,0,1,3224,T
4-HA,1015,2,0,3274,0,3276,G
4-HA,1016,0,3263,1,1,3265,T
4-HA,1017,3259,5,2,0,3266,A
4-HA,1018,2,2,0,3254,3258,C
4-HA,1019,8,0,0,3251,3259,C
4-HA,1020,3225,0,1,0,3226,A
4-HA,1021,0,3,3216,0,3219,G
4-HA,1022,3197,0,2,0,3199,A
4-HA,1023,0,0,3226,0,3226,G
4-HA,1024,3195,0,0,0,3195,A
4-HA,1025,3187,0,2,0,3189,A
4-HA,1026,3177,0,2,0,3179,A
4-HA,1027,1,2,0,3181,3184,C
4-HA,1028,3185,0,0,0,3185,A
4-HA,1029,3233,0,0,0,3233,A
4-HA,1030,3216,1,1,1,3219,A
4-HA,1031,0,0,0,3279,3279,C
4-HA,1032,0,3236,0,0,3236,T
4-HA,1033,3240,0,0,0,3240,A
4-HA,1034,0,3,3239,0,3242,G
4-HA,1035,3207,1,2,0,3210,A
4-HA,1036,1,1,3283,0,3285,G
4-HA,1037,2,0,3260,1,3263,G
4-HA,1038,2,1,0,3215,3218,C
4-HA,1039,3222,1,3,0,3226,A
4-HA,1040,0,3259,0,1,3260,T
4-HA,1041,3282,0,0,0,3282,A
4-HA,1042,0,3270,0,1,3271,T
4-HA,1043,0,3265,0,0,3265,T
4-HA,1044,0,3257,0,0,3257,T
4-HA,1045,1,1,3173,0,3175,G
4-HA,1046,3,0,3170,0,3173,G
4-HA,1047,1,2,0,3155,3158,C
4-HA,1048,0,0,3177,0,3177,G
4-HA,1049,0,0,1,3149,3150,C
4-HA,1050,3140,0,0,0,3140,A
4-HA,1051,3163,0,1,0,3164,A
4-HA,1052,0,3136,0,1,3137,T
4-HA,1053,0,0,0,3175,3175,C
4-HA,1054,0,1,3182,0,3183,G
4-HA,1055,0,1,0,3148,3149,C
4-HA,1056,5,2,3170,0,3177,G
4-HA,1057,0,0,3185,0,3185,G
4-HA,1058,0,2,3198,0,3200,G
4-HA,1059,0,3171,0,1,3172,T
4-HA,1060,0,3159,0,1,3160,T
4-HA,1061,0,3156,0,1,3157,T
4-HA,1062,1,0,0,3160,3161,C
4-HA,1063,3167,0,0,0,3167,A
4-HA,1064,0,3166,0,0,3166,T
4-HA,1065,3171,0,2,0,3173,A
4-HA,1066,0,2,3206,0,3208,G
4-HA,1067,3136,0,0,1,3137,A
4-HA,1068,3148,0,0,0,3148,A
4-HA,1069,3129,0,0,0,3129,A
4-HA,1070,3152,0,0,0,3152,A
4-HA,1071,0,3137,0,0,3137,T
4-HA,1072,16,2,3148,0,3166,G
4-HA,1073,0,0,3178,0,3178,G
4-HA,1074,0,3135,0,1,3136,T
4-HA,1075,0,3131,0,2,3133,T
4-HA,1076,0,3,3130,0,3133,G
4-HA,1077,4,0,3140,0,3144,G
4-HA,1078,1,1,3164,0,3166,G
4-HA,1079,3114,1,4,0,3119,A
4-HA,1080,0,0,3143,0,3143,G
4-HA,1081,1,1,3108,1,3111,G
4-HA,1082,2,3,3156,0,3161,G
4-HA,1083,3140,1,0,0,3141,A
4-HA,1084,3192,0,1,0,3193,A
4-HA,1085,0,3181,0,2,3183,T
4-HA,1086,10,0,3190,0,3200,G
4-HA,1087,7,1,3245,0,3253,G
4-HA,1088,1,3204,0,0,3205,T
4-HA,1089,0,2,3236,0,3238,G
4-HA,1090,0,2,3228,0,3230,G
4-HA,1091,3145,1,2,0,3148,A
4-HA,1092,1,3161,0,0,3162,T
4-HA,1093,2,5,3193,0,3200,G
4-HA,1094,2,0,3221,0,3223,G
4-HA,1095,0,3162,0,0,3162,T
4-HA,1096,0,3122,0,2,3124,T
4-HA,1097,1,4,3126,0,3131,G
4-HA,1098,4,0,3179,0,3183,G
4-HA,1099,0,3146,0,2,3148,T
4-HA,1100,3165,0,0,0,3165,A
4-HA,1101,0,2,1,3046,3049,C
4-HA,1102,1,2,3066,0,3069,G
4-HA,1103,0,0,3191,0,3191,G
4-HA,1104,2,3163,2,1,3168,T
4-HA,1105,1,3184,0,1,3186,T
4-HA,1106,0,3180,0,0,3180,T
4-HA,1107,1,0,0,3119,3120,C
4-HA,1108,3115,1,6,1,3123,A
4-HA,1109,0,3,3119,0,3122,G
4-HA,1110,5,0,3101,0,3106,G
4-HA,1111,0,5,1,3096,3102,C
4-HA,1112,3019,0,1,0,3020,A
4-HA,1113,1,3043,0,0,3044,T
4-HA,1114,1,0,0,3065,3066,C
4-HA,1115,3063,0,0,0,3063,A
4-HA,1116,3061,0,2,0,3063,A
4-HA,1117,3072,1,0,0,3073,A
4-HA,1118,3088,0,0,0,3088,A
4-HA,1119,0,3071,0,0,3071,T
4-HA,1120,0,3063,0,1,3064,T
4-HA,1121,0,0,0,3084,3084,C
4-HA,1122,0,3064,0,1,3065,T
4-HA,1123,1,3,3069,0,3073,G
4-HA,1124,3062,1,3,0,3066,A
4-HA,1125,5,1,3077,0,3083,G
4-HA,1126,2,3,3073,0,3078,G
4-HA,1127,1,3,3095,0,3099,G
4-HA,1128,3078,0,0,0,3078,A
4-HA,1129,3072,0,2,0,3074,A
4-HA,1130,0,2,3069,0,3071,G
4-HA,1131,3091,0,3,8,3102,A
4-HA,1132,0,1,3124,0,3125,G
4-HA,1133,3,1,3126,0,3130,G
4-HA,1134,3103,0,5,0,3108,A
4-HA,1135,0,1,0,3108,3109,C
4-HA,1136,3086,0,0,0,3086,A
4-HA,1137,3085,0,4,0,3089,A
4-HA,1138,0,0,3085,0,3085,G
4-HA,1139,0,3,0,3081,3084,C
4-HA,1140,3066,0,1,0,3067,A
4-HA,1141,0,1,3050,0,3051,G
4-HA,1142,0,0,2,3042,3044,C
4-HA,1143,3050,0,1,0,3051,A
4-HA,1144,1,1,3071,0,3073,G
4-HA,1145,3045,0,1,0,3046,A
4-HA,1146,1,3096,0,2,3099,T
4-HA,1147,0,0,0,3110,3110,C
4-HA,1148,0,3086,0,7,3093,T
4-HA,1149,3,0,0,3133,3136,C
4-HA,1150,3132,0,0,0,3132,A
4-HA,1151,3130,0,1,0,3131,A
4-HA,1152,3126,0,4,0,3130,A
4-HA,1153,3071,1,5,0,3077,A
4-HA,1154,1,1,3071,0,3073,G
4-HA,1155,0,0,0,3010,3010,C
4-HA,1156,3003,0,2,0,3005,A
4-HA,1157,1,1,0,3026,3028,C
4-HA,1158,0,3002,0,2,3004,T
4-HA,1159,3,0,0,3029,3032,C
4-HA,1160,3035,0,1,0,3036,A
4-HA,1161,3069,0,1,1,3071,A
4-HA,1162,0,0,3075,0,3075,G
4-HA,1163,1,2,1,3077,3081,C
4-HA,1164,3054,0,2,0,3056,A
4-HA,1165,0,0,3054,0,3054,G
4-HA,1166,2,0,0,3025,3027,C
4-HA,1167,3015,0,0,1,3016,A
4-HA,1168,3010,1,0,0,3011,A
4-HA,1169,0,2978,0,0,2978,T
4-HA,1170,1,1,0,2939,2941,C
4-HA,1171,1,4,2962,0,2967,G
4-HA,1172,2950,0,0,0,2950,A
4-HA,1173,0,2944,0,1,2945,T
4-HA,1174,5,0,0,2929,2934,C
4-HA,1175,2943,0,1,0,2944,A
4-HA,1176,3005,0,0,1,3006,A
4-HA,1177,2997,0,0,0,2997,A
4-HA,1178,1,2987,0,1,2989,T
4-HA,1179,6,0,0,3001,3007,C
4-HA,1180,2964,0,1,0,2965,A
4-HA,1181,2979,0,2,1,2982,A
4-HA,1182,0,2990,0,0,2990,T
4-HA,1183,7,2,2992,0,3001,G
4-HA,1184,0,2,2977,0,2979,G
4-HA,1185,0,0,2952,0,2952,G
4-HA,1186,2961,1,2,0,2964,A
4-HA,1187,2972,0,0,0,2972,A
4-HA,1188,4,2,2994,0,3000,G
4-HA,1189,1,7,0,2985,2993,C
4-HA,1190,0,2972,0,3,2975,T
4-HA,1191,0,0,3099,0,3099,G
4-HA,1192,3084,0,0,0,3084,A
4-HA,1193,3095,0,0,0,3095,A
4-HA,1194,1,3088,0,0,3089,T
4-HA,1195,3054,0,0,0,3054,A
4-HA,1196,0,2,3044,0,3046,G
4-HA,1197,2832,0,1,0,2833,A
4-HA,1198,0,2851,0,0,2851,T
4-HA,1199,0,2864,0,0,2864,T
4-HA,1200,0,7,2865,0,2872,G
4-HA,1201,2854,0,0,1,2855,A
4-HA,1202,0,2840,0,0,2840,T
4-HA,1203,4,2,0,2868,2874,C
4-HA,1204,1,1,2872,0,2874,G
4-HA,1205,0,1,2850,0,2851,G
4-HA,1206,3,2,2856,0,2861,G
4-HA,1207,2860,0,1,0,2861,A
4-HA,1208,2866,0,1,0,2867,A
4-HA,1209,2846,0,0,0,2846,A
4-HA,1210,2829,0,0,5,2834,A
4-HA,1211,1,0,0,2859,2860,C
4-HA,1212,0,0,0,2863,2863,C
4-HA,1213,2841,0,2,0,2843,A
4-HA,1214,2842,0,1,0,2843,A
4-HA,1215,1,2,0,2847,2850,C
4-HA,1216,0,1,2861,0,2862,G
4-HA,1217,2851,0,0,0,2851,A
4-HA,1218,0,1,2855,0,2856,G
4-HA,1219,2847,0,0,1,2848,A
4-HA,1220,2847,0,0,1,2848,A
4-HA,1221,2845,0,0,0,2845,A
4-HA,1222,0,2842,0,0,2842,T
4-HA,1223,0,2821,0,3,2824,T
4-HA,1224,1,1,0,2848,2850,C
4-HA,1225,1,0,0,2846,2847,C
4-HA,1226,2847,0,0,1,2848,A
4-HA,1227,0,2827,0,0,2827,T
4-HA,1228,0,0,0,2847,2847,C
4-HA,1229,2827,1,0,0,2828,A
4-HA,1230,1,1,2853,0,2855,G
4-HA,1231,2832,0,2,0,2834,A
4-HA,1232,0,2834,1,0,2835,T
4-HA,1233,0,2822,0,3,2825,T
4-HA,1234,1,1,2839,0,2841,G
4-HA,1235,2839,0,4,0,2843,A
4-HA,1236,2845,0,0,0,2845,A
4-HA,1237,2849,0,0,0,2849,A
4-HA,1238,2847,0,0,0,2847,A
4-HA,1239,2822,0,0,0,2822,A
4-HA,1240,0,1,2813,0,2814,G
4-HA,1241,2812,2,0,0,2814,A
4-HA,1242,2808,0,3,0,2811,A
4-HA,1243,0,2766,0,0,2766,T
4-HA,1244,0,2774,0,1,2775,T
4-HA,1245,2,0,0,2793,2795,C
4-HA,1246,0,2789,0,0,2789,T
4-HA,1247,1,0,0,2787,2788,C
4-HA,1248,2784,0,1,0,2785,A
4-HA,1249,0,1,2788,0,2789,G
4-HA,1250,2777,0,1,0,2778,A
4-HA,1251,2774,0,0,0,2774,A
4-HA,1252,1,0,2794,0,2795,G
4-HA,1253,0,2735,0,1,2736,T
4-HA,1254,3,0,0,2768,2771,C
4-HA,1255,7,2,2762,0,2771,G
4-HA,1256,2760,1,3,0,2764,A
4-HA,1257,2768,1,3,0,2772,A
4-HA,1258,0,3,2759,0,2762,G
4-HA,1259,3,0,2774,0,2777,G
4-HA,1260,0,0,2783,0,2783,G
4-HA,1261,2723,0,4,0,2727,A
4-HA,1262,0,0,2739,0,2739,G
4-HA,1263,2738,0,0,0,2738,A
4-HA,1264,2889,0,2,0,2891,A
4-HA,1265,0,2873,0,0,2873,T
4-HA,1266,0,2875,0,4,2879,T
4-HA,1267,1,0,0,2884,2885,C
4-HA,1268,2803,1,5,1,2810,A
4-HA,1269,0,3,2826,0,2829,G
4-HA,1270,3,3,2807,0,2813,G
4-HA,1271,2782,0,1,0,2783,A
4-HA,1272,1,0,0,2803,2804,C
4-HA,1273,3,2,0,2616,2621,C
4-HA,1274,0,2608,1,1,2610,T
4-HA,1275,0,2557,2,67,2626,T
4-HA,1276,2,1,2648,0,2651,G
4-HA,1277,2642,0,1,0,2643,A
4-HA,1278,0,0,2694,0,2694,G
4-HA,1279,2661,0,1,0,2662,A
4-HA,1280,2459,0,0,1,2460,A
4-HA,1281,2427,0,2,1,2430,A
4-HA,1282,0,2382,0,0,2382,T
4-HA,1283,2452,0,2,1,2455,A
4-HA,1284,0,2438,0,0,2438,T
4-HA,1285,0,3,2454,0,2457,G
4-HA,1286,0,2441,0,1,2442,T
4-HA,1287,0,2379,0,1,2380,T
4-HA,1288,12,2,2367,0,2381,G
4-HA,1289,2343,0,1,0,2344,A
4-HA,1290,3,1,2350,0,2354,G
4-HA,1291,0,0,2342,0,2342,G
4-HA,1292,2314,0,2,0,2316,A
4-HA,1293,0,5,0,2393,2398,C
4-HA,1294,2338,0,3,0,2341,A
4-HA,1295,1,0,0,2343,2344,C
4-HA,1296,0,2326,1,3,2330,T
4-HA,1297,2425,0,1,0,2426,A
4-HA,1298,2456,0,1,0,2457,A
4-HA,1299,2467,0,0,1,2468,A
4-HA,1300,2481,0,2,0,2483,A
4-HA,1301,0,2473,0,0,2473,T
4-HA,1302,2368,0,0,0,2368,A
4-HA,1303,0,1,2379,0,2380,G
4-HA,1304,2308,0,2,0,2310,A
4-HA,1305,0,2325,0,0,2325,T
4-HA,1306,1,0,0,2338,2339,C
4-HA,1307,0,2277,0,1,2278,T
4-HA,1308,1,0,0,2338,2339,C
4-HA,1309,0,2343,0,3,2346,T
4-HA,1310,0,1,2373,0,2374,G
4-HA,1311,1,0,2409,0,2410,G
4-HA,1312,2,2378,0,6,2386,T
4-HA,1313,6,0,1,2399,2406,C
4-HA,1314,2404,0,1,0,2405,A
4-HA,1315,0,2417,0,0,2417,T
4-HA,1316,2406,0,2,0,2408,A
4-HA,1317,0,0,0,2413,2413,C
4-HA,1318,2338,0,0,0,2338,A
4-HA,1319,2352,0,1,0,2353,A
4-HA,1320,0,1,0,2289,2290,C
4-HA,1321,0,0,2288,0,2288,G
4-HA,1322,1,0,0,2281,2282,C
4-HA,1323,0,0,2273,0,2273,G
4-HA,1324,0,3,2268,0,2271,G
4-HA,1325,2259,0,1,0,2260,A
4-HA,1326,1,0,2281,0,2282,G
4-HA,1327,0,0,0,2278,2278,C
4-HA,1328,0,2275,0,0,2275,T
4-HA,1329,2,2288,0,5,2295,T
4-HA,1330,1,0,0,2300,2301,C
4-HA,1331,0,2309,1,0,2310,T
4-HA,1332,0,2305,0,3,2308,T
4-HA,1333,0,2,2295,0,2297,G
4-HA,1334,0,2293,0,3,2296,T
4-HA,1335,0,2259,0,2,2261,T
4-HA,1336,1,0,2292,0,2293,G
4-HA,1337,1,1,0,2281,2283,C
4-HA,1338,2,0,0,2274,2276,C
4-HA,1339,0,0,0,2300,2300,C
4-HA,1340,1,2301,1,2,2305,T
4-HA,1341,0,1,2352,0,2353,G
4-HA,1342,0,1,2340,0,2341,G
4-HA,1343,2337,0,0,0,2337,A
4-HA,1344,0,3,2343,0,2346,G
4-HA,1345,2311,0,1,0,2312,A
4-HA,1346,2329,0,3,0,2332,A
4-HA,1347,0,0,0,2342,2342,C
4-HA,1348,1,1,0,2355,2357,C
4-HA,1349,2357,1,3,0,2361,A
4-HA,1350,2430,0,1,0,2431,A
4-HA,1351,2,1,0,2445,2448,C
4-HA,1352,2460,0,0,0,2460,A
4-HA,1353,0,2449,0,0,2449,T
4-HA,1354,2439,0,1,0,2440,A
4-HA,1355,0,0,0,2485,2485,C
4-HA,1356,2437,0,1,0,2438,A
4-HA,1357,2436,0,1,0,2437,A
4-HA,1358,0,2430,0,0,2430,T
4-HA,1359,0,2350,0,0,2350,T
4-HA,1360,0,1,2383,0,2384,G
4-HA,1361,2398,0,0,0,2398,A
4-HA,1362,0,2386,0,1,2387,T
4-HA,1363,1,0,0,2393,2394,C
4-HA,1364,0,2366,0,2,2368,T
4-HA,1365,2385,0,0,0,2385,A
4-HA,1366,2382,0,0,0,2382,A
4-HA,1367,0,0,0,2388,2388,C
4-HA,1368,1,2374,0,1,2376,T
4-HA,1369,6,6,2339,0,2351,G
4-HA,1370,2353,1,1,0,2355,A
4-HA,1371,0,0,0,2352,2352,C
4-HA,1372,2,2348,0,0,2350,T
4-HA,1373,2,0,0,2358,2360,C
4-HA,1374,2347,0,3,0,2350,A
4-HA,1375,0,1,2394,0,2395,G
4-HA,1376,2384,0,0,1,2385,A
4-HA,1377,2389,0,0,0,2389,A
4-HA,1378,2394,1,0,0,2395,A
4-HA,1379,1,2375,0,0,2376,T
4-HA,1380,2,2,2399,0,2403,G
4-HA,1381,2393,0,1,0,2394,A
4-HA,1382,2396,0,3,0,2399,A
4-HA,1383,0,0,0,2401,2401,C
4-HA,1384,2362,0,1,0,2363,A
4-HA,1385,2366,1,2,0,2369,A
4-HA,1386,2357,0,0,0,2357,A
4-HA,1387,0,0,0,2365,2365,C
4-HA,1388,0,2344,0,0,2344,T
4-HA,1389,0,1,2368,0,2369,G
4-HA,1390,0,2321,0,0,2321,T
4-HA,1391,0,2331,0,1,2332,T
4-HA,1392,0,2341,0,0,2341,T
4-HA,1393,1,2,2341,0,2344,G
4-HA,1394,2336,0,0,0,2336,A
4-HA,1395,2334,0,1,0,2335,A
4-HA,1396,2336,0,2,0,2338,A
4-HA,1397,2336,0,0,0,2336,A
4-HA,1398,2306,0,0,0,2306,A
4-HA,1399,2310,0,0,0,2310,A
4-HA,1400,1,0,0,2322,2323,C
4-HA,1401,2319,0,0,0,2319,A
4-HA,1402,2320,0,0,0,2320,A
4-HA,1403,2321,0,0,0,2321,A
4-HA,1404,0,2,2318,0,2320,G
4-HA,1405,2331,0,0,0,2331,A
4-HA,1406,2313,0,3,0,2316,A
4-HA,1407,2,0,2314,0,2316,G
4-HA,1408,0,0,0,2318,2318,C
4-HA,1409,2330,0,3,0,2333,A
4-HA,1410,2339,0,1,0,2340,A
4-HA,1411,1,0,0,2339,2340,C
4-HA,1412,0,2318,0,0,2318,T
4-HA,1413,0,2,2346,0,2348,G
4-HA,1414,2315,1,1,0,2317,A
4-HA,1415,4,2,2336,0,2342,G
4-HA,1416,0,2,2337,0,2339,G
4-HA,1417,1,0,2348,0,2349,G
4-HA,1418,2361,0,0,0,2361,A
4-HA,1419,2356,0,0,0,2356,A
4-HA,1420,2348,0,2,0,2350,A
4-HA,1421,2375,0,1,0,2376,A
4-HA,1422,0,2350,0,2,2352,T
4-HA,1423,0,1,2371,0,2372,G
4-HA,1424,0,1,0,2367,2368,C
4-HA,1425,0,2347,0,2,2349,T
4-HA,1426,0,1,2353,0,2354,G
4-HA,1427,2351,1,2,0,2354,A
4-HA,1428,3,3,2463,0,2469,G
4-HA,1429,0,0,2497,0,2497,G
4-HA,1430,2452,0,5,0,2457,A
4-HA,1431,0,2446,5,0,2451,T
4-HA,1432,2429,0,2,0,2431,A
4-HA,1433,0,2416,1,0,2417,T
4-HA,1434,9,4,2435,0,2448,G
4-HA,1435,2,1,2460,0,2463,G
4-HA,1436,2,0,2459,0,2461,G
4-HA,1437,0,1,0,2352,2353,C
4-HA,1438,2293,0,0,4,2297,A
4-HA,1439,2286,0,0,0,2286,A
4-HA,1440,0,2278,0,0,2278,T
4-HA,1441,0,4,2280,0,2284,G
4-HA,1442,0,0,2289,0,2289,G
4-HA,1443,0,2229,0,1,2230,T
4-HA,1444,2,2188,0,0,2190,T
4-HA,1445,4,1,2194,1,2200,G
4-HA,1446,1,2195,1,1,2198,T
4-HA,1447,0,2205,1,0,2206,T
4-HA,1448,0,2206,1,0,2207,T
4-HA,1449,1,0,0,2216,2217,C
4-HA,1450,2216,0,6,0,2222,A
4-HA,1451,2225,0,1,0,2226,A
4-HA,1452,2227,0,0,0,2227,A
4-HA,1453,2253,0,0,0,2253,A
4-HA,1454,0,2228,0,0,2228,T
4-HA,1455,2223,0,0,0,2223,A
4-HA,1456,0,2209,0,0,2209,T
4-HA,1457,2198,1,0,0,2199,A
4-HA,1458,1,0,0,2224,2225,C
4-HA,1459,1,2,0,2212,2215,C
4-HA,1460,2207,0,1,0,2208,A
4-HA,1461,0,0,0,2213,2213,C
4-HA,1462,2195,0,1,0,2196,A
4-HA,1463,2202,0,1,0,2203,A
4-HA,1464,2199,0,0,0,2199,A
4-HA,1465,0,2192,0,1,2193,T
4-HA,1466,0,0,2209,0,2209,G
4-HA,1467,0,2168,0,1,2169,T
4-HA,1468,1,1,2189,0,2191,G
4-HA,1469,2193,0,5,0,2198,A
4-HA,1470,1,1,0,2197,2199,C
4-HA,1471,2175,0,0,0,2175,A
4-HA,1472,2167,0,0,0,2167,A
4-HA,1473,0,2185,0,0,2185,T
4-HA,1474,2,1,2201,0,2204,G
4-HA,1475,2,0,0,2175,2177,C
4-HA,1476,0,1,0,2188,2189,C
4-HA,1477,1,2179,0,3,2183,T
4-HA,1478,2,0,2247,0,2249,G
4-HA,1479,0,0,0,2244,2244,C
4-HA,1480,2255,0,0,0,2255,A
4-HA,1481,0,2247,0,2,2249,T
4-HA,1482,2160,0,5,0,2165,A
4-HA,1483,1,2,2169,0,2172,G
4-HA,1484,0,2,2162,0,2164,G
4-HA,1485,2158,0,0,0,2158,A
4-HA,1486,0,2146,0,0,2146,T
4-HA,1487,2,0,0,2044,2046,C
4-HA,1488,2051,0,0,0,2051,A
4-HA,1489,2056,0,0,0,2056,A
4-HA,1490,0,2049,0,1,2050,T
4-HA,1491,1,0,0,2057,2058,C
4-HA,1492,2019,0,0,0,2019,A
4-HA,1493,0,0,2026,0,2026,G
4-HA,1494,2028,0,0,0,2028,A
4-HA,1495,2031,0,2,0,2033,A
4-HA,1496,2036,0,0,0,2036,A
4-HA,1497,0,2022,0,0,2022,T
4-HA,1498,0,1,2016,0,2017,G
4-HA,1499,0,1,2018,0,2019,G
4-HA,1500,2013,0,1,0,2014,A
4-HA,1501,2034,0,1,0,2035,A
4-HA,1502,3,0,0,2024,2027,C
4-HA,1503,0,1995,0,3,1998,T
4-HA,1504,0,2007,0,3,2010,T
4-HA,1505,2015,0,0,0,2015,A
4-HA,1506,0,2004,0,0,2004,T
4-HA,1507,1,1,2002,0,2004,G
4-HA,1508,1984,0,3,0,1987,A
4-HA,1509,0,0,0,1991,1991,C
4-HA,1510,1,0,0,1977,1978,C
4-HA,1511,1967,0,0,0,1967,A
4-HA,1512,0,0,0,2002,2002,C
4-HA,1513,5,1,2054,0,2060,G
4-HA,1514,2097,1,3,0,2101,A
4-HA,1515,0,2120,0,1,2121,T
4-HA,1516,1,0,2195,0,2196,G
4-HA,1517,0,2169,0,0,2169,T
4-HA,1518,2242,0,1,0,2243,A
4-HA,1519,0,2237,0,0,2237,T
4-HA,1520,2219,0,1,0,2220,A
4-HA,1521,0,2,0,2225,2227,C
4-HA,1522,2033,0,1,0,2034,A
4-HA,1523,0,1,2050,0,2051,G
4-HA,1524,1941,1,0,1,1943,A
4-HA,1525,1,0,1894,0,1895,G
4-HA,1526,1884,0,0,0,1884,A
4-HA,1527,0,1730,0,1,1731,T
4-HA,1528,1,0,1724,0,1725,G
4-HA,1529,1727,0,1,0,1728,A
4-HA,1530,1711,0,1,0,1712,A
4-HA,1531,0,0,1737,0,1737,G
4-HA,1532,1,0,0,1701,1702,C
4-HA,1533,1699,0,0,0,1699,A
4-HA,1534,0,1686,0,0,1686,T
4-HA,1535,0,1688,0,0,1688,T
4-HA,1536,1694,0,0,0,1694,A
4-HA,1537,1688,0,2,0,1690,A
4-HA,1538,1687,0,0,0,1687,A
4-HA,1539,1,1,0,1687,1689,C
4-HA,1540,1622,0,0,0,1622,A
4-HA,1541,1614,0,2,0,1616,A
4-HA,1542,0,0,0,1616,1616,C
4-HA,1543,1,0,0,1616,1617,C
4-HA,1544,1,0,1619,0,1620,G
4-HA,1545,0,1,1626,0,1627,G
4-HA,1546,0,1624,0,1,1625,T
4-HA,1547,0,1615,0,0,1615,T
4-HA,1548,0,1599,0,1,1600,T
4-HA,1549,1,0,0,1609,1610,C
4-HA,1550,1618,0,0,0,1618,A
4-HA,1551,0,0,1632,0,1632,G
4-HA,1552,1622,0,0,0,1622,A
4-HA,1553,0,1613,0,0,1613,T
4-HA,1554,0,0,0,1588,1588,C
4-HA,1555,1583,0,0,0,1583,A
4-HA,1556,1583,0,1,0,1584,A
4-HA,1557,0,3,1583,0,1586,G
4-HA,1558,1,0,1574,0,1575,G
4-HA,1559,0,3,1574,1,1578,G
4-HA,1560,1519,0,0,0,1519,A
4-HA,1561,0,0,1535,0,1535,G
4-HA,1562,0,1536,0,0,1536,T
4-HA,1563,0,1538,0,0,1538,T
4-HA,1564,0,3,1543,0,1546,G
4-HA,1565,1533,0,1,0,1534,A
4-HA,1566,1,0,1537,0,1538,G
4-HA,1567,0,0,0,1532,1532,C
4-HA,1568,0,1528,0,0,1528,T
4-HA,1569,1,0,1524,0,1525,G
4-HA,1570,1526,0,1,0,1527,A
4-HA,1571,1524,0,0,0,1524,A
4-HA,1572,0,2,1523,0,1525,G
4-HA,1573,0,1489,0,0,1489,T
4-HA,1574,1,0,0,1495,1496,C
4-HA,1575,1478,0,3,0,1481,A
4-HA,1576,0,1,1478,0,1479,G
4-HA,1577,0,2,1470,0,1472,G
4-HA,1578,0,1,1442,0,1443,G
4-HA,1579,0,1485,0,1,1486,T
4-HA,1580,1490,0,3,0,1493,A
4-HA,1581,0,0,0,1489,1489,C
4-HA,1582,1488,0,0,0,1488,A
4-HA,1583,1484,0,1,0,1485,A
4-HA,1584,1482,0,0,0,1482,A
4-HA,1585,0,0,1487,0,1487,G
4-HA,1586,1441,1,0,0,1442,A
4-HA,1587,0,1387,0,5,1392,T
4-HA,1588,0,1387,0,1,1388,T
4-HA,1589,0,2,1374,0,1376,G
4-HA,1590,0,0,1378,0,1378,G
4-HA,1591,1378,0,0,0,1378,A
4-HA,1592,0,1384,0,0,1384,T
4-HA,1593,1,0,0,1358,1359,C
4-HA,1594,1,1,0,1335,1337,C
4-HA,1595,0,1330,0,0,1330,T
4-HA,1596,1335,0,0,0,1335,A
4-HA,1597,0,1335,0,0,1335,T
4-HA,1598,0,0,1332,0,1332,G
4-HA,1599,0,1,1331,0,1332,G
4-HA,1600,1293,0,0,0,1293,A
4-HA,1601,0,1289,0,1,1290,T
4-HA,1602,0,1271,0,0,1271,T
4-HA,1603,0,1266,0,0,1266,T
4-HA,1604,0,0,0,1261,1261,C
4-HA,1605,0,0,0,1267,1267,C
4-HA,1606,0,1262,0,0,1262,T
4-HA,1607,0,1258,0,0,1258,T
4-HA,1608,0,1252,0,0,1252,T
4-HA,1609,1,0,1253,0,1254,G
4-HA,1610,0,0,0,1248,1248,C
4-HA,1611,0,0,0,1250,1250,C
4-HA,1612,1220,0,0,0,1220,A
4-HA,1613,0,1216,0,0,1216,T
4-HA,1614,1216,0,1,0,1217,A
4-HA,1615,0,1216,0,0,1216,T
4-HA,1616,2,0,0,1206,1208,C
4-HA,1617,1206,0,0,0,1206,A
4-HA,1618,0,1184,0,1,1185,T
4-HA,1619,0,0,1194,0,1194,G
4-HA,1620,0,1187,0,1,1188,T
4-HA,1621,1,1172,0,0,1173,T
4-HA,1622,0,1176,0,0,1176,T
4-HA,1623,0,1144,0,0,1144,T
4-HA,1624,0,1145,0,0,1145,T
4-HA,1625,0,1137,0,0,1137,T
4-HA,1626,1,0,1133,0,1134,G
4-HA,1627,0,0,0,1120,1120,C
4-HA,1628,0,1106,0,2,1108,T
4-HA,1629,0,1113,0,0,1113,T
4-HA,1630,0,1106,0,0,1106,T
4-HA,1631,0,0,1125,0,1125,G
4-HA,1632,0,1124,1,0,1125,T
4-HA,1633,0,0,1121,0,1121,G
4-HA,1634,0,1122,0,0,1122,T
4-HA,1635,0,1098,0,0,1098,T
4-HA,1636,0,0,1100,0,1100,G
4-HA,1637,1,0,0,1090,1091,C
4-HA,1638,0,1092,0,3,1095,T
4-HA,1639,0,1096,0,0,1096,T
4-HA,1640,0,1038,0,0,1038,T
4-HA,1641,0,0,1047,0,1047,G
4-HA,1642,0,1046,0,0,1046,T
4-HA,1643,0,1042,0,0,1042,T
4-HA,1644,0,1,1044,0,1045,G
4-HA,1645,0,2,1011,0,1013,G
4-HA,1646,1,0,1010,0,1011,G
4-HA,1647,0,0,1014,0,1014,G
4-HA,1648,0,992,0,0,992,T
4-HA,1649,0,987,0,0,987,T
4-HA,1650,1,0,0,963,964,C
4-HA,1651,955,0,0,0,955,A
4-HA,1652,0,949,0,1,950,T
4-HA,1653,0,0,0,952,952,C
4-HA,1654,948,0,0,0,948,A
4-HA,1655,0,921,0,3,924,T
4-HA,1656,0,0,914,0,914,G
4-HA,1657,0,899,0,1,900,T
4-HA,1658,0,0,887,0,887,G
4-HA,1659,0,0,862,0,862,G
4-HA,1660,0,0,856,0,856,G
4-HA,1661,0,0,0,842,842,C
4-HA,1662,0,1,0,816,817,C
4-HA,1663,0,779,1,0,780,T
4-HA,1664,0,0,779,0,779,G
4-HA,1665,0,0,0,773,773,C
4-HA,1666,0,0,0,772,772,C
4-HA,1667,777,0,0,0,777,A
4-HA,1668,771,0,0,0,771,A
4-HA,1669,769,0,0,0,769,A
4-HA,1670,769,0,0,0,769,A
4-HA,1671,769,0,0,0,769,A
4-HA,1672,0,0,763,0,763,G
4-HA,1673,0,0,725,0,725,G
4-HA,1674,0,0,0,718,718,C
4-HA,1675,718,0,0,0,718,A
4-HA,1676,719,0,1,1,721,A
4-HA,1677,0,0,0,721,721,C
4-HA,1678,723,0,0,0,723,A
4-HA,1679,0,720,0,0,720,T
4-HA,1680,0,720,0,0,720,T
4-HA,1681,696,0,2,0,698,A
4-HA,1682,2,0,692,0,694,G
4-HA,1683,0,0,691,0,691,G
4-HA,1684,0,665,0,0,665,T
4-HA,1685,0,0,631,0,631,G
4-HA,1686,0,1,0,596,597,C
4-HA,1687,593,0,0,0,593,A
4-HA,1688,589,0,0,0,589,A
4-HA,1689,1,0,0,588,589,C
4-HA,1690,580,0,0,0,580,A
4-HA,1691,0,566,0,0,566,T
4-HA,1692,0,531,0,0,531,T
4-HA,1693,0,531,0,0,531,T
4-HA,1694,2,0,529,0,531,G
4-HA,1695,0,1,0,515,516,C
4-HA,1696,516,0,0,0,516,A
4-HA,1697,0,471,0,1,472,T
4-HA,1698,0,459,0,0,459,T
4-HA,1699,0,439,0,0,439,T
4-HA,1700,0,0,439,0,439,G
4-HA,1701,424,0,0,0,424,A
5-NP,1,276,0,0,0,276,A
5-NP,2,0,275,0,0,275,T
5-NP,3,0,0,274,0,274,G
5-NP,4,0,0,273,0,273,G
5-NP,5,0,0,0,276,276,C
5-NP,6,0,0,286,0,286,G
5-NP,7,0,300,0,0,300,T
5-NP,8,0,0,0,305,305,C
5-NP,9,0,0,0,306,306,C
5-NP,10,0,0,0,307,307,C
5-NP,11,308,0,0,0,308,A
5-NP,12,307,0,0,0,307,A
5-NP,13,0,0,311,0,311,G
5-NP,14,1,0,324,0,325,G
5-NP,15,0,0,0,329,329,C
5-NP,16,331,0,0,0,331,A
5-NP,17,0,1,0,333,334,C
5-NP,18,0,0,0,333,333,C
5-NP,19,335,0,0,0,335,A
5-NP,20,335,0,0,0,335,A
5-NP,21,333,0,0,0,333,A
5-NP,22,0,0,0,337,337,C
5-NP,23,1,1,336,0,338,G
5-NP,24,0,0,377,0,377,G
5-NP,25,0,370,0,0,370,T
5-NP,26,1,0,0,419,420,C
5-NP,27,0,416,0,0,416,T
5-NP,28,0,425,0,0,425,T
5-NP,29,425,0,0,0,425,A
5-NP,30,0,428,0,0,428,T
5-NP,31,0,0,432,0,432,G
5-NP,32,429,0,1,0,430,A
5-NP,33,423,0,0,0,423,A
5-NP,34,0,0,0,428,428,C
5-NP,35,427,0,0,0,427,A
5-NP,36,0,0,465,0,465,G
5-NP,37,458,1,0,0,459,A
5-NP,38,0,468,0,0,468,T
5-NP,39,0,1,468,0,469,G
5-NP,40,0,0,465,0,465,G
5-NP,41,466,0,0,0,466,A
5-NP,42,469,0,0,0,469,A
5-NP,43,468,0,2,0,470,A
5-NP,44,0,0,0,491,491,C
5-NP,45,0,490,0,0,490,T
5-NP,46,0,1,496,0,497,G
5-NP,47,486,0,1,0,487,A
5-NP,48,0,495,0,0,495,T
5-NP,49,0,0,496,0,496,G
5-NP,50,0,0,496,0,496,G
5-NP,51,0,0,498,0,498,G
5-NP,52,0,1,497,0,498,G
5-NP,53,494,0,1,0,495,A
5-NP,54,0,491,0,1,492,T
5-NP,55,0,0,0,500,500,C
5-NP,56,0,0,504,0,504,G
5-NP,57,0,0,0,512,512,C
5-NP,58,0,1,0,513,514,C
5-NP,59,516,0,0,0,516,A
5-NP,60,1,1,519,0,521,G
5-NP,61,518,0,0,0,518,A
5-NP,62,526,0,0,0,526,A
5-NP,63,0,525,0,0,525,T
5-NP,64,0,1,523,0,524,G
5-NP,65,0,0,0,528,528,C
5-NP,66,525,0,0,0,525,A
5-NP,67,537,0,1,0,538,A
5-NP,68,0,4,0,533,537,C
5-NP,69,0,537,0,0,537,T
5-NP,70,0,0,543,0,543,G
5-NP,71,551,0,0,0,551,A
5-NP,72,0,1,578,0,579,G
5-NP,73,581,0,0,0,581,A
5-NP,74,0,578,0,0,578,T
5-NP,75,0,577,0,0,577,T
5-NP,76,573,0,1,0,574,A
5-NP,77,0,0,582,0,582,G
5-NP,78,0,1,581,0,582,G
5-NP,79,0,1,580,0,581,G
5-NP,80,1,0,0,577,578,C
5-NP,81,581,0,0,0,581,A
5-NP,82,0,582,0,0,582,T
5-NP,83,0,0,0,580,580,C
5-NP,84,1,0,0,581,582,C
5-NP,85,0,0,590,0,590,G
5-NP,86,0,593,0,0,593,T
5-NP,87,0,0,0,593,593,C
5-NP,88,0,1,590,0,591,G
5-NP,89,0,2,591,0,593,G
5-NP,90,1,0,600,0,601,G
5-NP,91,596,0,0,0,596,A
5-NP,92,596,0,1,0,597,A
5-NP,93,0,0,603,0,603,G
5-NP,94,598,0,0,0,598,A
5-NP,95,0,602,0,0,602,T
5-NP,96,0,0,602,0,602,G
5-NP,97,608,0,0,0,608,A
5-NP,98,0,611,0,0,611,T
5-NP,99,0,605,0,0,605,T
5-NP,100,0,1,607,0,608,G
5-NP,101,601,0,1,0,602,A
5-NP,102,0,607,0,0,607,T
5-NP,103,1,1,605,0,607,G
5-NP,104,0,0,602,0,602,G
5-NP,105,0,0,606,0,606,G
5-NP,106,632,0,0,0,632,A
5-NP,107,0,628,0,0,628,T
5-NP,108,0,633,0,0,633,T
5-NP,109,0,0,640,0,640,G
5-NP,110,0,1,639,0,640,G
5-NP,111,0,0,640,0,640,G
5-NP,112,640,0,0,0,640,A
5-NP,113,0,0,641,0,641,G
5-NP,114,629,0,0,0,629,A
5-NP,115,0,637,0,0,637,T
5-NP,116,0,643,0,0,643,T
5-NP,117,0,0,0,641,641,C
5-NP,118,0,636,0,0,636,T
5-NP,119,651,0,0,0,651,A
5-NP,120,0,1,0,650,651,C
5-NP,121,668,0,0,0,668,A
5-NP,122,0,668,0,0,668,T
5-NP,123,0,0,0,667,667,C
5-NP,124,1,1,0,663,665,C
5-NP,125,664,0,0,0,664,A
5-NP,126,676,0,0,0,676,A
5-NP,127,673,1,0,0,674,A
5-NP,128,0,670,0,0,670,T
5-NP,129,0,0,672,0,672,G
5-NP,130,1,662,0,1,664,T
5-NP,131,1,0,676,0,677,G
5-NP,132,0,1,0,677,678,C
5-NP,133,678,0,0,0,678,A
5-NP,134,0,0,0,679,679,C
5-NP,135,0,670,0,1,671,T
5-NP,136,0,1,704,0,705,G
5-NP,137,704,0,0,0,704,A
5-NP,138,723,0,0,0,723,A
5-NP,139,0,0,0,736,736,C
5-NP,140,0,731,0,0,731,T
5-NP,141,0,735,0,0,735,T
5-NP,142,733,0,0,0,733,A
5-NP,143,728,0,0,0,728,A
5-NP,144,1,0,705,0,706,G
5-NP,145,0,0,0,713,713,C
5-NP,146,0,717,0,0,717,T
5-NP,147,1,0,0,717,718,C
5-NP,148,714,0,1,0,715,A
5-NP,149,0,0,732,0,732,G
5-NP,150,2,731,0,1,734,T
5-NP,151,0,1,742,0,743,G
5-NP,152,751,0,0,0,751,A
5-NP,153,0,752,0,0,752,T
5-NP,154,2,0,0,764,766,C
5-NP,155,772,0,1,0,773,A
5-NP,156,0,769,0,0,769,T
5-NP,157,1,0,770,0,771,G
5-NP,158,763,0,1,0,764,A
5-NP,159,763,0,0,0,763,A
5-NP,160,1,1,761,0,763,G
5-NP,161,2,1,752,0,755,G
5-NP,162,0,0,754,0,754,G
5-NP,163,0,1,0,745,746,C
5-NP,164,0,0,752,0,752,G
5-NP,165,0,0,757,0,757,G
5-NP,166,0,754,0,0,754,T
5-NP,167,0,753,0,1,754,T
5-NP,168,0,0,759,1,760,G
5-NP,169,821,0,1,0,822,A
5-NP,170,0,821,0,0,821,T
5-NP,171,0,3,0,818,821,C
5-NP,172,0,0,0,824,824,C
5-NP,173,817,0,0,0,817,A
5-NP,174,4,1,809,0,814,G
5-NP,175,817,0,0,0,817,A
5-NP,176,817,0,0,0,817,A
5-NP,177,0,2,0,824,826,C
5-NP,178,771,0,0,0,771,A
5-NP,179,0,0,784,0,784,G
5-NP,180,0,0,0,780,780,C
5-NP,181,0,786,0,0,786,T
5-NP,182,0,794,0,0,794,T
5-NP,183,0,0,795,0,795,G
5-NP,184,798,0,1,0,799,A
5-NP,185,0,0,0,809,809,C
5-NP,186,803,0,0,0,803,A
5-NP,187,811,0,1,0,812,A
5-NP,188,0,814,0,0,814,T
5-NP,189,814,0,0,0,814,A
5-NP,190,0,0,825,0,825,G
5-NP,191,819,0,1,0,820,A
5-NP,192,2,0,827,0,829,G
5-NP,193,820,0,0,0,820,A
5-NP,194,830,0,1,0,831,A
5-NP,195,827,0,0,0,827,A
5-NP,196,847,0,0,0,847,A
5-NP,197,0,855,0,0,855,T
5-NP,198,0,0,855,0,855,G
5-NP,199,0,0,855,0,855,G
5-NP,200,0,848,0,1,849,T
5-NP,201,832,0,1,0,833,A
5-NP,202,0,0,0,844,844,C
5-NP,203,0,839,0,1,840,T
5-NP,204,0,0,0,854,854,C
5-NP,205,0,840,0,1,841,T
5-NP,206,1,0,0,848,849,C
5-NP,207,0,847,0,1,848,T
5-NP,208,0,0,857,0,857,G
5-NP,209,0,0,0,849,849,C
5-NP,210,0,849,0,0,849,T
5-NP,211,0,854,0,1,855,T
5-NP,212,0,857,0,0,857,T
5-NP,213,0,850,0,0,850,T
5-NP,214,0,0,853,0,853,G
5-NP,215,846,0,0,0,846,A
5-NP,216,0,853,0,0,853,T
5-NP,217,0,0,851,0,851,G
5-NP,218,849,0,0,0,849,A
5-NP,219,845,0,2,0,847,A
5-NP,220,847,0,0,0,847,A
5-NP,221,0,0,853,0,853,G
5-NP,222,850,0,0,0,850,A
5-NP,223,847,0,0,0,847,A
5-NP,224,0,0,857,0,857,G
5-NP,225,0,0,876,0,876,G
5-NP,226,872,0,0,0,872,A
5-NP,227,879,0,0,0,879,A
5-NP,228,0,877,0,0,877,T
5-NP,229,876,0,0,0,876,A
5-NP,230,880,0,0,0,880,A
5-NP,231,881,0,1,0,882,A
5-NP,232,0,880,0,0,880,T
5-NP,233,872,0,0,0,872,A
5-NP,234,0,0,0,881,881,C
5-NP,235,1,0,0,868,869,C
5-NP,236,0,864,0,0,864,T
5-NP,237,0,0,865,0,865,G
5-NP,238,0,0,871,0,871,G
5-NP,239,872,0,0,0,872,A
5-NP,240,864,0,1,0,865,A
5-NP,241,0,0,883,0,883,G
5-NP,242,872,0,0,0,872,A
5-NP,243,872,0,1,0,873,A
5-NP,244,0,1,0,869,870,C
5-NP,245,868,0,0,0,868,A
5-NP,246,0,0,0,896,896,C
5-NP,247,0,0,0,888,888,C
5-NP,248,1,0,0,881,882,C
5-NP,249,0,0,0,888,888,C
5-NP,250,880,0,1,0,881,A
5-NP,251,0,0,874,0,874,G
5-NP,252,1,1,0,876,878,C
5-NP,253,0,0,880,0,880,G
5-NP,254,0,0,0,883,883,C
5-NP,255,0,0,873,0,873,G
5-NP,256,0,2,873,0,875,G
5-NP,257,0,0,877,0,877,G
5-NP,258,0,0,881,0,881,G
5-NP,259,879,1,0,0,880,A
5-NP,260,884,0,0,0,884,A
5-NP,261,881,0,0,0,881,A
5-NP,262,4,0,874,0,878,G
5-NP,263,879,1,0,0,880,A
5-NP,264,0,858,0,0,858,T
5-NP,265,0,0,0,869,869,C
5-NP,266,0,0,0,869,869,C
5-NP,267,0,0,1,879,880,C
5-NP,268,879,0,1,0,880,A
5-NP,269,877,0,0,0,877,A
5-NP,270,0,0,881,0,881,G
5-NP,271,881,0,0,0,881,A
5-NP,272,885,0,0,0,885,A
5-NP,273,886,0,0,0,886,A
5-NP,274,885,0,0,0,885,A
5-NP,275,1,0,0,884,885,C
5-NP,276,0,878,0,0,878,T
5-NP,277,0,0,882,0,882,G
5-NP,278,0,2,875,0,877,G
5-NP,279,0,1,877,0,878,G
5-NP,280,0,0,878,0,878,G
5-NP,281,0,1,883,0,884,G
5-NP,282,2,0,891,0,893,G
5-NP,283,0,0,0,938,938,C
5-NP,284,0,0,0,938,938,C
5-NP,285,2,0,0,940,942,C
5-NP,286,1060,0,1,0,1061,A
5-NP,287,0,1072,0,0,1072,T
5-NP,288,1114,0,1,0,1115,A
5-NP,289,0,1119,0,0,1119,T
5-NP,290,1102,0,0,0,1102,A
5-NP,291,0,0,0,1118,1118,C
5-NP,292,1046,0,1,0,1047,A
5-NP,293,0,0,1059,0,1059,G
5-NP,294,0,1,1058,0,1059,G
5-NP,295,972,0,0,0,972,A
5-NP,296,0,0,988,0,988,G
5-NP,297,945,0,0,0,945,A
5-NP,298,0,0,962,0,962,G
5-NP,299,0,954,0,0,954,T
5-NP,300,954,0,0,0,954,A
5-NP,301,0,0,961,0,961,G
5-NP,302,946,0,0,0,946,A
5-NP,303,0,947,0,0,947,T
5-NP,304,0,0,950,0,950,G
5-NP,305,0,0,958,0,958,G
5-NP,306,947,0,0,0,947,A
5-NP,307,944,0,0,0,944,A
5-NP,308,948,0,0,0,948,A
5-NP,309,943,0,0,0,943,A
5-NP,310,0,945,0,0,945,T
5-NP,311,0,2,942,0,944,G
5-NP,312,0,0,943,0,943,G
5-NP,313,938,0,0,0,938,A
5-NP,314,0,932,0,0,932,T
5-NP,315,1,0,935,0,936,G
5-NP,316,934,0,1,0,935,A
5-NP,317,1,1,938,0,940,G
5-NP,318,0,0,936,1,937,G
5-NP,319,1,1,940,1,943,G
5-NP,320,968,0,0,0,968,A
5-NP,321,982,0,0,0,982,A
5-NP,322,0,0,0,1014,1014,C
5-NP,323,0,1007,0,1,1008,T
5-NP,324,2,0,0,1043,1045,C
5-NP,325,0,0,1061,0,1061,G
5-NP,326,0,1068,0,1,1069,T
5-NP,327,0,0,0,1090,1090,C
5-NP,328,0,0,0,1293,1293,C
5-NP,329,0,1295,0,1,1296,T
5-NP,330,0,1313,0,0,1313,T
5-NP,331,0,1308,0,0,1308,T
5-NP,332,1313,0,0,0,1313,A
5-NP,333,0,1318,0,1,1319,T
5-NP,334,0,5,1315,0,1320,G
5-NP,335,1323,0,1,0,1324,A
5-NP,336,0,0,0,1332,1332,C
5-NP,337,1312,0,1,0,1313,A
5-NP,338,1317,0,0,0,1317,A
5-NP,339,1326,0,0,0,1326,A
5-NP,340,0,0,1437,0,1437,G
5-NP,341,1426,0,0,0,1426,A
5-NP,342,1438,0,0,0,1438,A
5-NP,343,0,2,1561,0,1563,G
5-NP,344,1569,0,4,0,1573,A
5-NP,345,1586,0,0,0,1586,A
5-NP,346,1585,0,1,0,1586,A
5-NP,347,0,1587,0,0,1587,T
5-NP,348,1584,0,0,0,1584,A
5-NP,349,1583,1,1,2,1587,A
5-NP,350,0,2,1609,0,1611,G
5-NP,351,0,0,1609,1,1610,G
5-NP,352,0,0,0,1604,1604,C
5-NP,353,0,0,1603,0,1603,G
5-NP,354,1617,0,0,0,1617,A
5-NP,355,1643,0,1,0,1644,A
5-NP,356,0,1667,0,0,1667,T
5-NP,357,1,0,0,1656,1657,C
5-NP,358,0,1662,0,0,1662,T
5-NP,359,1,1,1675,0,1677,G
5-NP,360,5,0,1669,0,1674,G
5-NP,361,1,0,0,1682,1683,C
5-NP,362,3,0,1675,0,1678,G
5-NP,363,0,0,0,1672,1672,C
5-NP,364,1,0,0,1677,1678,C
5-NP,365,1691,0,0,0,1691,A
5-NP,366,1722,0,1,1,1724,A
5-NP,367,0,0,1797,0,1797,G
5-NP,368,0,0,0,1812,1812,C
5-NP,369,2,0,0,1840,1842,C
5-NP,370,1847,0,0,0,1847,A
5-NP,371,1890,1,0,0,1891,A
5-NP,372,0,2,0,1928,1930,C
5-NP,373,1931,0,0,0,1931,A
5-NP,374,1994,0,1,0,1995,A
5-NP,375,0,2015,0,0,2015,T
5-NP,376,0,0,2092,0,2092,G
5-NP,377,0,2,2090,0,2092,G
5-NP,378,1,2078,0,1,2080,T
5-NP,379,0,1,2093,0,2094,G
5-NP,380,2088,0,1,0,2089,A
5-NP,381,2,2,2182,0,2186,G
5-NP,382,3,1,2189,0,2193,G
5-NP,383,2222,0,2,0,2224,A
5-NP,384,0,2511,1,0,2512,T
5-NP,385,0,1,2586,0,2587,G
5-NP,386,1,0,0,2606,2607,C
5-NP,387,0,2613,0,2,2615,T
5-NP,388,2638,0,1,0,2639,A
5-NP,389,0,1,0,2717,2718,C
5-NP,390,2711,0,0,0,2711,A
5-NP,391,0,2715,0,0,2715,T
5-NP,392,1,0,0,2706,2707,C
5-NP,393,0,2626,0,0,2626,T
5-NP,394,1,3,2762,0,2766,G
5-NP,395,0,1,2863,0,2864,G
5-NP,396,0,2864,0,2,2866,T
5-NP,397,2,1,0,2883,2886,C
5-NP,398,0,2867,0,3,2870,T
5-NP,399,2928,1,0,0,2929,A
5-NP,400,2935,0,2,0,2937,A
5-NP,401,0,0,0,2976,2976,C
5-NP,402,0,2979,0,2,2981,T
5-NP,403,4,0,0,3021,3025,C
5-NP,404,3010,0,4,0,3014,A
5-NP,405,0,0,0,3170,3170,C
5-NP,406,3161,0,0,0,3161,A
5-NP,407,0,3196,0,1,3197,T
5-NP,408,3172,0,0,0,3172,A
5-NP,409,3179,0,0,0,3179,A
5-NP,410,0,3211,0,0,3211,T
5-NP,411,0,11,3239,0,3250,G
5-NP,412,3235,0,0,1,3236,A
5-NP,413,0,3231,0,0,3231,T
5-NP,414,0,3201,0,0,3201,T
5-NP,415,1,3206,0,3,3210,T
5-NP,416,0,4,3198,0,3202,G
5-NP,417,2,1,3188,0,3191,G
5-NP,418,0,2,0,3206,3208,C
5-NP,419,3214,0,1,0,3215,A
5-NP,420,0,3230,0,0,3230,T
5-NP,421,0,3232,0,1,3233,T
5-NP,422,0,0,0,3224,3224,C
5-NP,423,1,0,0,3243,3244,C
5-NP,424,3313,0,0,0,3313,A
5-NP,425,3303,0,1,0,3304,A
5-NP,426,0,3314,0,1,3315,T
5-NP,427,0,3317,0,1,3318,T
5-NP,428,0,3317,0,0,3317,T
5-NP,429,1,1,3349,0,3351,G
5-NP,430,3342,1,3,0,3346,A
5-NP,431,3356,0,0,0,3356,A
5-NP,432,0,3383,0,0,3383,T
5-NP,433,0,3,3356,0,3359,G
5-NP,434,3512,1,1,0,3514,A
5-NP,435,0,3525,0,2,3527,T
5-NP,436,3,2,3531,0,3536,G
5-NP,437,0,4,0,3630,3634,C
5-NP,438,3633,0,3,0,3636,A
5-NP,439,3798,0,0,0,3798,A
5-NP,440,0,3,0,3805,3808,C
5-NP,441,3900,1,0,0,3901,A
5-NP,442,0,3982,0,0,3982,T
5-NP,443,3940,0,3,0,3943,A
5-NP,444,0,1,0,4017,4018,C
5-NP,445,3,0,0,4018,4021,C
5-NP,446,3966,0,1,0,3967,A
5-NP,447,1,3,4012,0,4016,G
5-NP,448,3930,1,0,0,3931,A
5-NP,449,0,2,4050,0,4052,G
5-NP,450,0,2,4020,0,4022,G
5-NP,451,4015,0,2,0,4017,A
5-NP,452,1,1,0,4073,4075,C
5-NP,453,4036,1,0,1,4038,A
5-NP,454,4036,1,6,0,4043,A
5-NP,455,1,3,4068,0,4072,G
5-NP,456,4017,0,2,0,4019,A
5-NP,457,0,1,4069,0,4070,G
5-NP,458,1,0,0,4065,4066,C
5-NP,459,0,4049,0,4,4053,T
5-NP,460,1,0,0,4082,4083,C
5-NP,461,1,4079,0,1,4081,T
5-NP,462,0,4105,0,0,4105,T
5-NP,463,0,0,4122,0,4122,G
5-NP,464,0,4105,0,0,4105,T
5-NP,465,0,4104,0,0,4104,T
5-NP,466,0,1,0,4096,4097,C
5-NP,467,1,2,4090,0,4093,G
5-NP,468,4186,2,0,0,4188,A
5-NP,469,4197,0,3,0,4200,A
5-NP,470,1,0,0,4248,4249,C
5-NP,471,0,4243,0,3,4246,T
5-NP,472,0,3,4319,1,4323,G
5-NP,473,0,4,4317,0,4321,G
5-NP,474,4322,1,3,0,4326,A
5-NP,475,4327,0,0,6,4333,A
5-NP,476,0,4324,0,2,4326,T
5-NP,477,1,3,4339,0,4343,G
5-NP,478,0,2,4379,0,4381,G
5-NP,479,4437,0,0,0,4437,A
5-NP,480,0,4479,0,2,4481,T
5-NP,481,5,1,0,4494,4500,C
5-NP,482,2,0,0,4500,4502,C
5-NP,483,0,0,1,4528,4529,C
5-NP,484,4553,0,4,0,4557,A
5-NP,485,0,3,4640,0,4643,G
5-NP,486,4624,0,5,0,4629,A
5-NP,487,4613,0,1,0,4614,A
5-NP,488,0,4598,0,0,4598,T
5-NP,489,1,1,4666,0,4668,G
5-NP,490,0,4632,0,0,4632,T
5-NP,491,1,1,4669,0,4671,G
5-NP,492,0,0,0,4664,4664,C
5-NP,493,0,4646,0,5,4651,T
5-NP,494,4,1,0,4992,4997,C
5-NP,495,0,4970,0,6,4976,T
5-NP,496,4,0,0,5205,5209,C
5-NP,497,0,5191,0,4,5195,T
5-NP,498,6,2,5205,0,5213,G
5-NP,499,5244,0,1,0,5245,A
5-NP,500,1,5237,0,2,5240,T
5-NP,501,11,0,5237,1,5249,G
5-NP,502,1,1,0,5239,5241,C
5-NP,503,5090,0,10,0,5100,A
5-NP,504,4,5,5240,0,5249,G
5-NP,505,1,6,5154,0,5161,G
5-NP,506,2,0,5197,0,5199,G
5-NP,507,0,0,0,5204,5204,C
5-NP,508,1,5179,0,4,5184,T
5-NP,509,1,0,0,5233,5234,C
5-NP,510,6,4,5215,0,5225,G
5-NP,511,5272,0,3,0,5275,A
5-NP,512,1,2,0,5294,5297,C
5-NP,513,0,5233,0,6,5239,T
5-NP,514,4,1,0,5455,5460,C
5-NP,515,1,5432,0,0,5433,T
5-NP,516,1,1,0,6194,6196,C
5-NP,517,5,0,0,6182,6187,C
5-NP,518,6,3,1,6198,6208,C
5-NP,519,0,6220,0,1,6221,T
5-NP,520,6191,0,0,0,6191,A
5-NP,521,1,7,6168,0,6176,G
5-NP,522,6172,0,0,0,6172,A
5-NP,523,6046,0,1,0,6047,A
5-NP,524,4,5,6056,0,6065,G
5-NP,525,5,3,5965,0,5973,G
5-NP,526,0,5877,0,1,5878,T
5-NP,527,2,0,0,5935,5937,C
5-NP,528,0,2,0,5926,5928,C
5-NP,529,2,3,5931,0,5936,G
5-NP,530,0,5,5953,0,5958,G
5-NP,531,5933,1,12,0,5946,A
5-NP,532,1,2,6029,0,6032,G
5-NP,533,0,0,0,6029,6029,C
5-NP,534,5,5960,1,5,5971,T
5-NP,535,2,1,5994,0,5997,G
5-NP,536,1,1,0,6013,6015,C
5-NP,537,5997,2,11,2,6012,A
5-NP,538,0,5,6025,0,6030,G
5-NP,539,0,1,6021,0,6022,G
5-NP,540,1,5932,0,4,5937,T
5-NP,541,3,2,5996,1,6002,G
5-NP,542,0,0,0,6003,6003,C
5-NP,543,1,5997,0,14,6012,T
5-NP,544,0,1,6040,1,6042,G
5-NP,545,0,2,0,6041,6043,C
5-NP,546,6141,0,1,0,6142,A
5-NP,547,0,1,6248,0,6249,G
5-NP,548,0,6186,0,3,6189,T
5-NP,549,6,1,0,6220,6227,C
5-NP,550,6204,0,0,0,6204,A
5-NP,551,6217,1,5,0,6223,A
5-NP,552,6209,1,9,0,6219,A
5-NP,553,0,3,6253,0,6256,G
5-NP,554,1,4,6268,0,6273,G
5-NP,555,6258,1,3,0,6262,A
5-NP,556,6242,0,0,0,6242,A
5-NP,557,0,6261,0,2,6263,T
5-NP,558,5,2,0,6268,6275,C
5-NP,559,7,4,6256,1,6268,G
5-NP,560,6,3,6425,0,6434,G
5-NP,561,2,2,6439,0,6443,G
5-NP,562,6402,0,11,3,6416,A
5-NP,563,1,0,0,6440,6441,C
5-NP,564,6374,0,0,0,6374,A
5-NP,565,6482,2,1,0,6485,A
5-NP,566,0,6536,0,0,6536,T
5-NP,567,3,5,6560,0,6568,G
5-NP,568,9,0,6616,0,6625,G
5-NP,569,0,6453,0,1,6454,T
5-NP,570,6,5,6536,0,6547,G
5-NP,571,6521,0,2,0,6523,A
5-NP,572,2,6522,0,2,6526,T
5-NP,573,2,4,6536,1,6543,G
5-NP,574,1,4,6652,0,6657,G
5-NP,575,6626,1,4,1,6632,A
5-NP,576,6674,0,2,0,6676,A
5-NP,577,0,0,0,6629,6629,C
5-NP,578,0,6583,0,1,6584,T
5-NP,579,6561,0,1,1,6563,A
5-NP,580,6807,1,1,0,6809,A
5-NP,581,1,6826,0,1,6828,T
5-NP,582,3,1,1,6846,6851,C
5-NP,583,6698,1,3,0,6702,A
5-NP,584,0,7,6810,0,6817,G
5-NP,585,6760,1,0,1,6762,A
5-NP,586,6784,1,2,0,6787,A
5-NP,587,0,6803,0,0,6803,T
5-NP,588,1,7,6743,0,6751,G
5-NP,589,0,0,6837,1,6838,G
5-NP,590,0,6802,1,4,6807,T
5-NP,591,8,1,0,6846,6855,C
5-NP,592,6862,0,0,0,6862,A
5-NP,593,6853,0,0,1,6854,A
5-NP,594,6874,0,1,0,6875,A
5-NP,595,0,1,0,6878,6879,C
5-NP,596,1,9,6858,1,6869,G
5-NP,597,2,3,6837,1,6843,G
5-NP,598,2,7,6815,0,6824,G
5-NP,599,3,11,6801,0,6815,G
5-NP,600,0,4,6863,0,6867,G
5-NP,601,6860,0,6,0,6866,A
5-NP,602,0,6817,0,1,6818,T
5-NP,603,3,0,2,6847,6852,C
5-NP,604,6853,0,3,0,6856,A
5-NP,605,6840,0,3,0,6843,A
5-NP,606,1,0,0,6817,6818,C
5-NP,607,0,4,6783,0,6787,G
5-NP,608,6768,0,1,0,6769,A
5-NP,609,0,6750,0,2,6752,T
5-NP,610,5,0,0,6784,6789,C
5-NP,611,0,0,6802,0,6802,G
5-NP,612,6751,2,1,0,6754,A
5-NP,613,6783,0,1,0,6784,A
5-NP,614,6774,0,0,0,6774,A
5-NP,615,1,6864,0,0,6865,T
5-NP,616,1,6879,0,0,6880,T
5-NP,617,0,6867,0,1,6868,T
5-NP,618,0,6874,0,2,6876,T
5-NP,619,0,6896,0,9,6905,T
5-NP,620,1,3,6887,0,6891,G
5-NP,621,1,11,6872,1,6885,G
5-NP,622,6832,0,5,0,6837,A
5-NP,623,0,2,6896,0,6898,G
5-NP,624,6807,0,2,0,6809,A
5-NP,625,0,5,7121,0,7126,G
5-NP,626,5,4,7135,0,7144,G
5-NP,627,0,7047,0,11,7058,T
5-NP,628,25,4,7123,0,7152,G
5-NP,629,7122,2,4,1,7129,A
5-NP,630,0,7,7196,0,7203,G
5-NP,631,7192,0,2,0,7194,A
5-NP,632,7171,1,1,0,7173,A
5-NP,633,0,7155,0,4,7159,T
5-NP,634,5,10,6969,0,6984,G
5-NP,635,10,6,6906,0,6922,G
5-NP,636,6875,1,4,0,6880,A
5-NP,637,2,3,0,6892,6897,C
5-NP,638,2,5,6922,1,6930,G
5-NP,639,0,4,7020,0,7024,G
5-NP,640,6985,0,2,0,6987,A
5-NP,641,7011,0,1,0,7012,A
5-NP,642,7100,0,3,0,7103,A
5-NP,643,7105,1,1,1,7108,A
5-NP,644,9,0,0,7170,7179,C
5-NP,645,7159,0,2,0,7161,A
5-NP,646,7148,0,2,0,7150,A
5-NP,647,3,2,7148,1,7154,G
5-NP,648,6971,0,2,0,6973,A
5-NP,649,7007,0,2,0,7009,A
5-NP,650,0,0,7145,0,7145,G
5-NP,651,2,7056,7,1,7066,T
5-NP,652,0,1,7444,0,7445,G
5-NP,653,1,2,0,7387,7390,C
5-NP,654,0,7406,0,6,7412,T
5-NP,655,0,7463,0,0,7463,T
5-NP,656,7538,0,0,1,7539,A
5-NP,657,0,7558,0,1,7559,T
5-NP,658,0,4,7581,0,7585,G
5-NP,659,7415,1,4,0,7420,A
5-NP,660,0,3,7469,0,7472,G
5-NP,661,7116,2,2,0,7120,A
5-NP,662,0,10,7154,0,7164,G
5-NP,663,7158,0,0,0,7158,A
5-NP,664,7232,0,0,0,7232,A
5-NP,665,0,7152,1,1,7154,T
5-NP,666,1,1,7250,0,7252,G
5-NP,667,0,7182,0,2,7184,T
5-NP,668,12,3,7235,0,7250,G
5-NP,669,1,2,7,7223,7233,C
5-NP,670,7233,0,2,0,7235,A
5-NP,671,7245,1,2,0,7248,A
5-NP,672,2,0,0,7228,7230,C
5-NP,673,7174,0,1,1,7176,A
5-NP,674,0,7193,0,0,7193,T
5-NP,675,0,7098,0,6,7104,T
5-NP,676,4,0,0,7111,7115,C
5-NP,677,0,7111,0,1,7112,T
5-NP,678,0,7117,0,1,7118,T
5-NP,679,7106,1,0,1,7108,A
5-NP,680,7079,1,1,0,7081,A
5-NP,681,7097,0,1,1,7099,A
5-NP,682,1,1,7082,0,7084,G
5-NP,683,0,2,7049,0,7051,G
5-NP,684,7022,0,16,0,7038,A
5-NP,685,7033,0,2,0,7035,A
5-NP,686,7018,1,0,0,7019,A
5-NP,687,7114,1,0,0,7115,A
5-NP,688,0,7082,0,1,7083,T
5-NP,689,0,7075,0,0,7075,T
5-NP,690,1,7085,0,0,7086,T
5-NP,691,0,1,0,7103,7104,C
5-NP,692,7121,1,3,0,7125,A
5-NP,693,7095,1,0,0,7096,A
5-NP,694,7116,0,3,0,7119,A
5-NP,695,7,1,0,7153,7161,C
5-NP,696,7067,0,0,0,7067,A
5-NP,697,6,0,7172,0,7178,G
5-NP,698,0,0,0,7175,7175,C
5-NP,699,0,7165,0,3,7168,T
5-NP,700,2,0,7281,0,7283,G
5-NP,701,4,2,0,7250,7256,C
5-NP,702,7328,0,9,0,7337,A
5-NP,703,0,1,0,7322,7323,C
5-NP,704,7304,0,0,0,7304,A
5-NP,705,7293,0,1,0,7294,A
5-NP,706,7148,2,3,0,7153,A
5-NP,707,20,8,7324,0,7352,G
5-NP,708,7336,1,9,0,7346,A
5-NP,709,2,1,7358,0,7361,G
5-NP,710,0,0,9,7352,7361,C
5-NP,711,7337,1,0,0,7338,A
5-NP,712,7534,1,3,0,7538,A
5-NP,713,1,7554,0,0,7555,T
5-NP,714,7,7,7549,0,7563,G
5-NP,715,3,2,7562,0,7567,G
5-NP,716,0,7342,1,4,7347,T
5-NP,717,3,9,7385,0,7397,G
5-NP,718,1,4,7410,1,7416,G
5-NP,719,7420,1,2,0,7423,A
5-NP,720,0,7387,1,13,7401,T
5-NP,721,8,2,0,7245,7255,C
5-NP,722,7276,0,1,0,7277,A
5-NP,723,7321,0,4,0,7325,A
5-NP,724,8,1,7352,0,7361,G
5-NP,725,1,7289,1,0,7291,T
5-NP,726,3,8,7325,0,7336,G
5-NP,727,7247,2,8,0,7257,A
5-NP,728,24,5,7235,0,7264,G
5-NP,729,7253,1,3,0,7257,A
5-NP,730,3,4,7252,0,7259,G
5-NP,731,7224,1,1,0,7226,A
5-NP,732,7113,0,2,0,7115,A
5-NP,733,7126,0,5,1,7132,A
5-NP,734,3,1,7140,0,7144,G
5-NP,735,0,7064,0,0,7064,T
5-NP,736,6,1,0,7119,7126,C
5-NP,737,1,5,7102,0,7108,G
5-NP,738,8,4,7092,0,7104,G
5-NP,739,7113,0,1,0,7114,A
5-NP,740,7084,0,9,0,7093,A
5-NP,741,1,0,0,7157,7158,C
5-NP,742,3,0,0,7102,7105,C
5-NP,743,3,0,0,7123,7126,C
5-NP,744,7110,1,5,0,7116,A
5-NP,745,1,3,7123,0,7127,G
5-NP,746,2,4,7105,1,7112,G
5-NP,747,7114,0,2,1,7117,A
5-NP,748,7119,2,1,0,7122,A
5-NP,749,7051,0,5,0,7056,A
5-NP,750,1,3,0,7072,7076,C
5-NP,751,3,2,7052,1,7058,G
5-NP,752,0,1,1,7058,7060,C
5-NP,753,1,7027,1,4,7033,T
5-NP,754,1,2,7070,1,7074,G
5-NP,755,7047,0,2,0,7049,A
5-NP,756,3,4,7152,0,7159,G
5-NP,757,7227,0,2,0,7229,A
5-NP,758,0,7221,0,3,7224,T
5-NP,759,2,1,0,7155,7158,C
5-NP,760,16,1,7171,0,7188,G
5-NP,761,7161,0,1,0,7162,A
5-NP,762,7152,0,1,1,7154,A
5-NP,763,1,7,7146,0,7154,G
5-NP,764,7067,1,2,0,7070,A
5-NP,765,0,4,1,6883,6888,C
5-NP,766,2,1,0,7144,7147,C
5-NP,767,0,7144,1,12,7157,T
5-NP,768,4,2,0,7164,7170,C
5-NP,769,7200,0,3,0,7203,A
5-NP,770,0,7200,0,2,7202,T
5-NP,771,7231,1,0,0,7232,A
5-NP,772,0,7239,0,0,7239,T
5-NP,773,1,7207,0,0,7208,T
5-NP,774,1,7093,0,0,7094,T
5-NP,775,0,7004,1,1,7006,T
5-NP,776,0,7013,0,2,7015,T
5-NP,777,7046,2,1,0,7049,A
5-NP,778,0,0,7009,0,7009,G
5-NP,779,0,2,0,7034,7036,C
5-NP,780,7023,0,2,1,7026,A
5-NP,781,6993,0,1,0,6994,A
5-NP,782,2,4,7214,0,7220,G
5-NP,783,7194,1,1,0,7196,A
5-NP,784,2,7180,0,3,7185,T
5-NP,785,5,0,0,7253,7258,C
5-NP,786,0,7218,0,5,7223,T
5-NP,787,0,1,7422,0,7423,G
5-NP,788,0,0,0,7431,7431,C
5-NP,789,7436,0,5,0,7441,A
5-NP,790,0,7517,1,1,7519,T
5-NP,791,0,7305,0,2,7307,T
5-NP,792,2,0,7772,0,7774,G
5-NP,793,7881,0,7,0,7888,A
5-NP,794,2,7878,0,0,7880,T
5-NP,795,7911,0,0,0,7911,A
5-NP,796,0,7755,0,0,7755,T
5-NP,797,1,7703,0,0,7704,T
5-NP,798,0,5,7747,1,7753,G
5-NP,799,7644,0,10,0,7654,A
5-NP,800,0,5,7718,0,7723,G
5-NP,801,7348,1,7,0,7356,A
5-NP,802,1,3,7246,0,7250,G
5-NP,803,0,2,7315,0,7317,G
5-NP,804,7272,0,1,0,7273,A
5-NP,805,3,7211,0,1,7215,T
5-NP,806,5,1,0,7293,7299,C
5-NP,807,7243,0,14,1,7258,A
5-NP,808,0,3,7310,0,7313,G
5-NP,809,1,7269,0,2,7272,T
5-NP,810,1,7214,1,0,7216,T
5-NP,811,10,0,7203,0,7213,G
5-NP,812,0,5,0,7143,7148,C
5-NP,813,0,7122,0,5,7127,T
5-NP,814,9,3,0,7183,7195,C
5-NP,815,7184,1,3,0,7188,A
5-NP,816,3,2,0,7192,7197,C
5-NP,817,7206,0,3,0,7209,A
5-NP,818,7237,0,0,0,7237,A
5-NP,819,7209,0,1,0,7210,A
5-NP,820,0,7163,0,1,7164,T
5-NP,821,3,0,0,7238,7241,C
5-NP,822,0,7233,0,6,7239,T
5-NP,823,0,7234,0,3,7237,T
5-NP,824,2,0,7245,0,7247,G
5-NP,825,0,7,0,7235,7242,C
5-NP,826,3,0,1,7296,7300,C
5-NP,827,0,7325,0,4,7329,T
5-NP,828,7258,1,3,0,7262,A
5-NP,829,0,2,0,7365,7367,C
5-NP,830,5,1,0,7382,7388,C
5-NP,831,1,7330,0,15,7346,T
5-NP,832,5,1,7451,0,7457,G
5-NP,833,2,3,0,7387,7392,C
5-NP,834,4,2,1,7432,7439,C
5-NP,835,1,7312,0,7,7320,T
5-NP,836,11,2,7396,0,7409,G
5-NP,837,1,7330,0,8,7339,T
5-NP,838,1,0,7451,1,7453,G
5-NP,839,0,1,0,7461,7462,C
5-NP,840,5,1,7593,0,7599,G
5-NP,841,1,7473,0,1,7475,T
5-NP,842,7459,0,0,0,7459,A
5-NP,843,0,7465,1,0,7466,T
5-NP,844,0,7,7465,0,7472,G
5-NP,845,0,6,7707,0,7713,G
5-NP,846,7664,1,4,0,7669,A
5-NP,847,2,1,0,7577,7580,C
5-NP,848,4,0,1,7590,7595,C
5-NP,849,4,7460,0,7,7471,T
5-NP,850,9,1,7827,0,7837,G
5-NP,851,12,0,0,7809,7821,C
5-NP,852,7850,0,2,1,7853,A
5-NP,853,0,4,7937,0,7941,G
5-NP,854,1,7585,0,2,7588,T
5-NP,855,7820,0,0,0,7820,A
5-NP,856,0,7766,0,2,7768,T
5-NP,857,2,1,0,7735,7738,C
5-NP,858,5,1,0,7774,7780,C
5-NP,859,7392,0,2,0,7394,A
5-NP,860,2,2,7439,0,7443,G
5-NP,861,0,7384,0,2,7386,T
5-NP,862,8,6,7442,1,7457,G
5-NP,863,1,12,7391,0,7404,G
5-NP,864,1,4,7303,0,7308,G
5-NP,865,1,7284,0,4,7289,T
5-NP,866,7283,0,4,0,7287,A
5-NP,867,1,2,4,7280,7287,C
5-NP,868,7,9,7237,0,7253,G
5-NP,869,7204,0,1,0,7205,A
5-NP,870,0,0,0,7246,7246,C
5-NP,871,0,7070,0,1,7071,T
5-NP,872,1,7062,0,3,7066,T
5-NP,873,2,3,0,7093,7098,C
5-NP,874,2,5,7083,1,7091,G
5-NP,875,7059,0,1,1,7061,A
5-NP,876,7087,0,3,0,7090,A
5-NP,877,7125,0,0,0,7125,A
5-NP,878,7105,0,0,1,7106,A
5-NP,879,7078,1,17,1,7097,A
5-NP,880,0,2,7136,0,7138,G
5-NP,881,7078,0,8,0,7086,A
5-NP,882,2,7,7119,0,7128,G
5-NP,883,1,7,7171,0,7179,G
5-NP,884,1,1,7186,0,7188,G
5-NP,885,7197,1,5,0,7203,A
5-NP,886,1,7190,0,4,7195,T
5-NP,887,7246,0,1,0,7247,A
5-NP,888,0,7224,0,0,7224,T
5-NP,889,1,7210,0,1,7212,T
5-NP,890,2,1,1,7278,7282,C
5-NP,891,3,0,0,7260,7263,C
5-NP,892,1,7179,0,2,7182,T
5-NP,893,0,7189,1,3,7193,T
5-NP,894,2,2,7257,0,7261,G
5-NP,895,1,5,7270,0,7276,G
5-NP,896,2,7208,0,1,7211,T
5-NP,897,1,8,7199,0,7208,G
5-NP,898,1,5,7154,1,7161,G
5-NP,899,1,4,7422,0,7427,G
5-NP,900,7412,0,1,0,7413,A
5-NP,901,7430,2,0,0,7432,A
5-NP,902,0,7423,0,1,7424,T
5-NP,903,7290,0,2,0,7292,A
5-NP,904,1,5,7298,0,7304,G
5-NP,905,7228,0,4,0,7232,A
5-NP,906,2,3,0,7221,7226,C
5-NP,907,4,0,1,7150,7155,C
5-NP,908,8,1,0,6989,6998,C
5-NP,909,11,7044,1,11,7067,T
5-NP,910,2,7052,0,5,7059,T
5-NP,911,1,7052,0,2,7055,T
5-NP,912,3,0,0,7072,7075,C
5-NP,913,7066,1,0,0,7067,A
5-NP,914,7061,1,5,0,7067,A
5-NP,915,7033,0,2,1,7036,A
5-NP,916,0,1,0,7041,7042,C
5-NP,917,0,6886,0,0,6886,T
5-NP,918,6852,0,0,0,6852,A
5-NP,919,2,0,0,6925,6927,C
5-NP,920,0,6899,0,4,6903,T
5-NP,921,1,6863,0,0,6864,T
5-NP,922,1,0,0,6933,6934,C
5-NP,923,6937,0,2,0,6939,A
5-NP,924,6937,0,0,0,6937,A
5-NP,925,6908,1,2,0,6911,A
5-NP,926,6922,1,2,0,6925,A
5-NP,927,0,6845,1,0,6846,T
5-NP,928,6750,1,4,0,6755,A
5-NP,929,4,0,6834,0,6838,G
5-NP,930,2,2,0,6852,6856,C
5-NP,931,2,1,0,6939,6942,C
5-NP,932,6949,0,3,0,6952,A
5-NP,933,6957,0,2,0,6959,A
5-NP,934,7142,0,12,0,7154,A
5-NP,935,0,7151,1,0,7152,T
5-NP,936,7211,1,1,0,7213,A
5-NP,937,0,7182,1,3,7186,T
5-NP,938,7087,0,1,0,7088,A
5-NP,939,3,0,1,7097,7101,C
5-NP,940,6917,0,3,1,6921,A
5-NP,941,2,0,7051,0,7053,G
5-NP,942,0,0,0,7032,7032,C
5-NP,943,1,6805,0,5,6811,T
5-NP,944,0,6876,0,1,6877,T
5-NP,945,6883,0,1,0,6884,A
5-NP,946,6887,0,0,0,6887,A
5-NP,947,0,6845,0,9,6854,T
5-NP,948,4,2,0,6861,6867,C
5-NP,949,6637,0,2,1,6640,A
5-NP,950,0,8,6663,0,6671,G
5-NP,951,6604,0,40,0,6644,A
5-NP,952,1,2,13,6677,6693,C
5-NP,953,8,1,0,6657,6666,C
5-NP,954,0,6585,0,8,6593,T
5-NP,955,6637,0,1,0,6638,A
5-NP,956,6625,1,3,0,6629,A
5-NP,957,1,1,0,6646,6648,C
5-NP,958,1,3,6641,0,6645,G
5-NP,959,6508,0,3,0,6511,A
5-NP,960,0,6,6517,0,6523,G
5-NP,961,6480,1,2,0,6483,A
5-NP,962,6508,0,0,0,6508,A
5-NP,963,1,6491,0,3,6495,T
5-NP,964,3,0,1,6418,6422,C
5-NP,965,2,0,0,6421,6423,C
5-NP,966,6286,0,8,1,6295,A
5-NP,967,0,0,6358,0,6358,G
5-NP,968,0,1,0,6346,6347,C
5-NP,969,6402,1,4,0,6407,A
5-NP,970,1,0,1,6432,6434,C
5-NP,971,6367,0,6,0,6373,A
5-NP,972,1,1,0,6398,6400,C
5-NP,973,6384,0,2,0,6386,A
5-NP,974,6409,0,7,0,6416,A
5-NP,975,6,1,6423,0,6430,G
5-NP,976,6351,0,1,0,6352,A
5-NP,977,0,0,6348,0,6348,G
5-NP,978,2,6234,1,2,6239,T
5-NP,979,4,2,1,6194,6201,C
5-NP,980,6199,0,8,3,6210,A
5-NP,981,1,0,6179,0,6180,G
5-NP,982,1,0,0,6174,6175,C
5-NP,983,0,6147,1,1,6149,T
5-NP,984,0,4,6205,1,6210,G
5-NP,985,0,1,6234,0,6235,G
5-NP,986,0,6202,1,0,6203,T
5-NP,987,9,1,6232,0,6242,G
5-NP,988,0,6167,0,2,6169,T
5-NP,989,1,7,6153,1,6162,G
5-NP,990,0,3,6155,0,6158,G
5-NP,991,6098,0,1,0,6099,A
5-NP,992,0,6109,0,5,6114,T
5-NP,993,2,4,5852,0,5858,G
5-NP,994,1,2,5793,0,5796,G
5-NP,995,1,0,0,5786,5787,C
5-NP,996,5746,0,2,1,5749,A
5-NP,997,0,5735,0,3,5738,T
5-NP,998,3,0,5707,0,5710,G
5-NP,999,1,4,0,5707,5712,C
5-NP,1000,6,1,0,5731,5738,C
5-NP,1001,5747,0,0,0,5747,A
5-NP,1002,1,5719,0,0,5720,T
5-NP,1003,0,5657,1,0,5658,T
5-NP,1004,1,0,1,5677,5679,C
5-NP,1005,0,5628,2,1,5631,T
5-NP,1006,0,0,5620,0,5620,G
5-NP,1007,0,1,0,5606,5607,C
5-NP,1008,0,5436,0,10,5446,T
5-NP,1009,0,1,5487,0,5488,G
5-NP,1010,2,2,0,5417,5421,C
5-NP,1011,5431,1,0,0,5432,A
5-NP,1012,0,5420,0,0,5420,T
5-NP,1013,0,5382,0,5,5387,T
5-NP,1014,0,5386,0,1,5387,T
5-NP,1015,1,1,5386,0,5388,G
5-NP,1016,5372,0,5,0,5377,A
5-NP,1017,5380,1,6,0,5387,A
5-NP,1018,1,2,5402,0,5405,G
5-NP,1019,5382,0,1,0,5383,A
5-NP,1020,1,5359,0,0,5360,T
5-NP,1021,0,5361,0,1,5362,T
5-NP,1022,1,5361,0,1,5363,T
5-NP,1023,5365,1,5,0,5371,A
5-NP,1024,5363,0,6,0,5369,A
5-NP,1025,0,3,5370,0,5373,G
5-NP,1026,5356,0,1,0,5357,A
5-NP,1027,0,5308,0,1,5309,T
5-NP,1028,0,5232,0,1,5233,T
5-NP,1029,0,1,5244,0,5245,G
5-NP,1030,0,5231,0,9,5240,T
5-NP,1031,1,5239,0,1,5241,T
5-NP,1032,5245,1,1,0,5247,A
5-NP,1033,5236,0,3,0,5239,A
5-NP,1034,7,1,5248,0,5256,G
5-NP,1035,0,1,0,5246,5247,C
5-NP,1036,1,5142,0,8,5151,T
5-NP,1037,0,5152,0,1,5153,T
5-NP,1038,0,0,0,5161,5161,C
5-NP,1039,5149,0,3,0,5152,A
5-NP,1040,0,5139,0,0,5139,T
5-NP,1041,7,2,0,5149,5158,C
5-NP,1042,5099,0,1,0,5100,A
5-NP,1043,0,4,5085,0,5089,G
5-NP,1044,5016,0,5,0,5021,A
5-NP,1045,0,8,5005,0,5013,G
5-NP,1046,0,1,4978,0,4979,G
5-NP,1047,2,4,4970,0,4976,G
5-NP,1048,4956,0,4,0,4960,A
5-NP,1049,0,1,0,4971,4972,C
5-NP,1050,4982,0,4,0,4986,A
5-NP,1051,5000,0,0,0,5000,A
5-NP,1052,5000,0,0,1,5001,A
5-NP,1053,4991,1,6,0,4998,A
5-NP,1054,0,1,5007,0,5008,G
5-NP,1055,2,4838,1,3,4844,T
5-NP,1056,4822,0,11,0,4833,A
5-NP,1057,0,4786,0,4,4790,T
5-NP,1058,3,0,0,4782,4785,C
5-NP,1059,1,4724,0,5,4730,T
5-NP,1060,4,0,0,4742,4746,C
5-NP,1061,0,0,0,4733,4733,C
5-NP,1062,0,4645,0,1,4646,T
5-NP,1063,2,0,0,4685,4687,C
5-NP,1064,0,0,4692,0,4692,G
5-NP,1065,0,2,4702,0,4704,G
5-NP,1066,0,4,4681,0,4685,G
5-NP,1067,4,2,4671,0,4677,G
5-NP,1068,1,2,4687,0,4690,G
5-NP,1069,4626,0,0,0,4626,A
5-NP,1070,4609,0,0,0,4609,A
5-NP,1071,4593,0,4,0,4597,A
5-NP,1072,0,1,0,4625,4626,C
5-NP,1073,1,4616,0,2,4619,T
5-NP,1074,0,0,4640,0,4640,G
5-NP,1075,3,4583,0,3,4589,T
5-NP,1076,9,1,0,4583,4593,C
5-NP,1077,4631,0,9,0,4640,A
5-NP,1078,4637,1,0,0,4638,A
5-NP,1079,0,0,0,4658,4658,C
5-NP,1080,0,4616,1,5,4622,T
5-NP,1081,4560,0,0,0,4560,A
5-NP,1082,0,2,4568,0,4570,G
5-NP,1083,4480,0,1,0,4481,A
5-NP,1084,0,2,4488,0,4490,G
5-NP,1085,0,2,4496,0,4498,G
5-NP,1086,4261,1,6,0,4268,A
5-NP,1087,3,0,4322,0,4325,G
5-NP,1088,0,4258,0,3,4261,T
5-NP,1089,4258,0,4,0,4262,A
5-NP,1090,0,1,0,4272,4273,C
5-NP,1091,4214,0,1,0,4215,A
5-NP,1092,4200,0,1,0,4201,A
5-NP,1093,4177,0,0,0,4177,A
5-NP,1094,0,4116,0,0,4116,T
5-NP,1095,0,4093,1,1,4095,T
5-NP,1096,5,1,3969,0,3975,G
5-NP,1097,0,0,0,3931,3931,C
5-NP,1098,0,3913,0,2,3915,T
5-NP,1099,0,3908,0,1,3909,T
5-NP,1100,5,3,0,3925,3933,C
5-NP,1101,3932,0,2,0,3934,A
5-NP,1102,3938,0,0,0,3938,A
5-NP,1103,3931,0,2,1,3934,A
5-NP,1104,1,3937,0,0,3938,T
5-NP,1105,1,3,3936,0,3940,G
5-NP,1106,3851,1,0,0,3852,A
5-NP,1107,0,6,3871,0,3877,G
5-NP,1108,3878,0,1,0,3879,A
5-NP,1109,3869,0,1,0,3870,A
5-NP,1110,1,9,0,3853,3863,C
5-NP,1111,3810,1,1,0,3812,A
5-NP,1112,1,3808,0,2,3811,T
5-NP,1113,1,2,3826,0,3829,G
5-NP,1114,0,0,3839,0,3839,G
5-NP,1115,3824,0,4,1,3829,A
5-NP,1116,0,3744,0,1,3745,T
5-NP,1117,3707,0,1,0,3708,A
5-NP,1118,3824,0,0,0,3824,A
5-NP,1119,0,3735,0,0,3735,T
5-NP,1120,3736,0,1,0,3737,A
5-NP,1121,0,3690,0,2,3692,T
5-NP,1122,5,4,3399,0,3408,G
5-NP,1123,0,2,3326,0,3328,G
5-NP,1124,0,1,3315,0,3316,G
5-NP,1125,3287,0,2,0,3289,A
5-NP,1126,0,3273,0,0,3273,T
5-NP,1127,3,2,3,2448,2456,C
5-NP,1128,1,1,2455,0,2457,G
5-NP,1129,2439,0,3,0,2442,A
5-NP,1130,0,0,2452,0,2452,G
5-NP,1131,0,1,0,2428,2429,C
5-NP,1132,2397,0,1,0,2398,A
5-NP,1133,0,0,0,2459,2459,C
5-NP,1134,0,2396,0,10,2406,T
5-NP,1135,1,0,0,2419,2420,C
5-NP,1136,0,2420,0,2,2422,T
5-NP,1137,2,2383,0,0,2385,T
5-NP,1138,1,2,2389,0,2392,G
5-NP,1139,2366,0,2,0,2368,A
5-NP,1140,2372,0,1,0,2373,A
5-NP,1141,0,0,0,2368,2368,C
5-NP,1142,0,1780,0,1,1781,T
5-NP,1143,0,0,1790,0,1790,G
5-NP,1144,1723,0,0,0,1723,A
5-NP,1145,1,0,1726,0,1727,G
5-NP,1146,1730,0,0,0,1730,A
5-NP,1147,1700,0,0,0,1700,A
5-NP,1148,0,0,1708,0,1708,G
5-NP,1149,1,0,0,1641,1642,C
5-NP,1150,0,0,1639,0,1639,G
5-NP,1151,1,1,1634,0,1636,G
5-NP,1152,0,2,1596,0,1598,G
5-NP,1153,0,1560,0,0,1560,T
5-NP,1154,1511,1,0,0,1512,A
5-NP,1155,1,0,0,1500,1501,C
5-NP,1156,0,1191,0,0,1191,T
5-NP,1157,0,1,1181,0,1182,G
5-NP,1158,0,2,1147,0,1149,G
5-NP,1159,0,0,1127,0,1127,G
5-NP,1160,0,0,0,1100,1100,C
5-NP,1161,1,0,0,1038,1039,C
5-NP,1162,1059,0,0,0,1059,A
5-NP,1163,0,1063,0,1,1064,T
5-NP,1164,1059,0,0,0,1059,A
5-NP,1165,1066,0,1,0,1067,A
5-NP,1166,0,0,1054,0,1054,G
5-NP,1167,0,0,1070,0,1070,G
5-NP,1168,1044,0,0,0,1044,A
5-NP,1169,0,0,0,1049,1049,C
5-NP,1170,0,0,0,1049,1049,C
5-NP,1171,1045,0,0,0,1045,A
5-NP,1172,0,0,1073,0,1073,G
5-NP,1173,0,0,1073,0,1073,G
5-NP,1174,1065,0,1,0,1066,A
5-NP,1175,0,0,1077,0,1077,G
5-NP,1176,0,1042,0,0,1042,T
5-NP,1177,0,1,1045,0,1046,G
5-NP,1178,0,0,1055,0,1055,G
5-NP,1179,1045,0,3,4,1052,A
5-NP,1180,1,0,1062,0,1063,G
5-NP,1181,0,2,1039,0,1041,G
5-NP,1182,1031,0,0,0,1031,A
5-NP,1183,1039,0,0,0,1039,A
5-NP,1184,1034,1,0,0,1035,A
5-NP,1185,1,0,0,1041,1042,C
5-NP,1186,1046,0,0,0,1046,A
5-NP,1187,0,0,0,1060,1060,C
5-NP,1188,0,1045,0,0,1045,T
5-NP,1189,1074,0,0,0,1074,A
5-NP,1190,1072,0,0,0,1072,A
5-NP,1191,0,1072,0,0,1072,T
5-NP,1192,0,0,0,1078,1078,C
5-NP,1193,1069,0,2,0,1071,A
5-NP,1194,1062,1,1,0,1064,A
5-NP,1195,1,0,0,1073,1074,C
5-NP,1196,1048,0,0,0,1048,A
5-NP,1197,0,0,1047,0,1047,G
5-NP,1198,1024,0,1,0,1025,A
5-NP,1199,1,0,1033,0,1034,G
5-NP,1200,0,0,1040,0,1040,G
5-NP,1201,1,0,1030,0,1031,G
5-NP,1202,0,0,0,1017,1017,C
5-NP,1203,0,0,0,1022,1022,C
5-NP,1204,0,1012,0,1,1013,T
5-NP,1205,1,0,0,1018,1019,C
5-NP,1206,1,0,0,1023,1024,C
5-NP,1207,2,0,1021,0,1023,G
5-NP,1208,0,0,0,1026,1026,C
5-NP,1209,1013,1,1,0,1015,A
5-NP,1210,0,1,1046,0,1047,G
5-NP,1211,0,0,1044,0,1044,G
5-NP,1212,0,4,0,1045,1049,C
5-NP,1213,1,0,0,1049,1050,C
5-NP,1214,1040,0,0,0,1040,A
5-NP,1215,1044,0,0,0,1044,A
5-NP,1216,1037,0,1,0,1038,A
5-NP,1217,0,0,0,1050,1050,C
5-NP,1218,1,0,0,1046,1047,C
5-NP,1219,985,0,0,0,985,A
5-NP,1220,0,0,1006,0,1006,G
5-NP,1221,0,996,0,0,996,T
5-NP,1222,0,0,1007,0,1007,G
5-NP,1223,0,1001,0,1,1002,T
5-NP,1224,0,0,1008,0,1008,G
5-NP,1225,0,0,0,1012,1012,C
5-NP,1226,1006,0,0,0,1006,A
5-NP,1227,1017,0,0,0,1017,A
5-NP,1228,0,0,0,1013,1013,C
5-NP,1229,0,0,0,1001,1001,C
5-NP,1230,0,996,0,0,996,T
5-NP,1231,994,0,0,0,994,A
5-NP,1232,0,0,0,994,994,C
5-NP,1233,0,0,992,0,992,G
5-NP,1234,0,980,0,0,980,T
5-NP,1235,0,992,0,0,992,T
5-NP,1236,0,977,0,0,977,T
5-NP,1237,0,966,0,0,966,T
5-NP,1238,0,0,0,968,968,C
5-NP,1239,0,949,0,1,950,T
5-NP,1240,1,1,972,0,974,G
5-NP,1241,0,966,0,1,967,T
5-NP,1242,973,1,0,0,974,A
5-NP,1243,0,0,0,978,978,C
5-NP,1244,967,0,0,0,967,A
5-NP,1245,967,0,0,0,967,A
5-NP,1246,969,0,0,0,969,A
5-NP,1247,0,0,966,0,966,G
5-NP,1248,967,0,0,0,967,A
5-NP,1249,943,0,0,0,943,A
5-NP,1250,937,0,1,1,939,A
5-NP,1251,1,0,0,944,945,C
5-NP,1252,1,0,0,942,943,C
5-NP,1253,0,930,0,1,931,T
5-NP,1254,0,0,0,938,938,C
5-NP,1255,0,0,0,937,937,C
5-NP,1256,0,0,0,936,936,C
5-NP,1257,939,0,0,0,939,A
5-NP,1258,0,939,0,0,939,T
5-NP,1259,0,935,0,0,935,T
5-NP,1260,0,934,0,0,934,T
5-NP,1261,2,0,933,0,935,G
5-NP,1262,932,0,1,0,933,A
5-NP,1263,936,0,0,0,936,A
5-NP,1264,938,0,0,0,938,A
5-NP,1265,932,0,0,0,932,A
5-NP,1266,0,0,942,0,942,G
5-NP,1267,0,936,0,1,937,T
5-NP,1268,0,0,0,935,935,C
5-NP,1269,936,0,0,0,936,A
5-NP,1270,940,0,0,0,940,A
5-NP,1271,1,0,0,945,946,C
5-NP,1272,1,0,0,954,955,C
5-NP,1273,958,0,0,0,958,A
5-NP,1274,0,955,0,1,956,T
5-NP,1275,0,0,0,958,958,C
5-NP,1276,956,0,1,0,957,A
5-NP,1277,0,958,0,0,958,T
5-NP,1278,1,1,953,0,955,G
5-NP,1279,0,0,953,1,954,G
5-NP,1280,1,0,0,949,950,C
5-NP,1281,939,0,0,0,939,A
5-NP,1282,0,0,938,0,938,G
5-NP,1283,0,0,0,927,927,C
5-NP,1284,933,0,1,0,934,A
5-NP,1285,0,925,0,0,925,T
5-NP,1286,0,919,1,0,920,T
5-NP,1287,1,0,0,926,927,C
5-NP,1288,927,0,0,0,927,A
5-NP,1289,0,1,0,931,932,C
5-NP,1290,0,930,0,0,930,T
5-NP,1291,0,1,929,0,930,G
5-NP,1292,0,0,946,0,946,G
5-NP,1293,944,0,0,0,944,A
5-NP,1294,943,0,0,0,943,A
5-NP,1295,941,1,0,0,942,A
5-NP,1296,0,935,0,0,935,T
5-NP,1297,933,0,0,0,933,A
5-NP,1298,1,0,0,936,937,C
5-NP,1299,0,0,917,0,917,G
5-NP,1300,0,0,919,0,919,G
5-NP,1301,895,0,0,0,895,A
5-NP,1302,0,0,905,0,905,G
5-NP,1303,0,0,904,0,904,G
5-NP,1304,0,0,895,0,895,G
5-NP,1305,902,0,0,0,902,A
5-NP,1306,894,0,0,0,894,A
5-NP,1307,0,1,898,0,899,G
5-NP,1308,899,0,0,0,899,A
5-NP,1309,890,0,0,0,890,A
5-NP,1310,0,0,0,903,903,C
5-NP,1311,0,886,0,0,886,T
5-NP,1312,0,889,0,0,889,T
5-NP,1313,0,2,1,886,889,C
5-NP,1314,883,1,0,0,884,A
5-NP,1315,0,1,883,0,884,G
5-NP,1316,881,1,1,0,883,A
5-NP,1317,2,0,0,881,883,C
5-NP,1318,880,0,0,0,880,A
5-NP,1319,0,859,0,0,859,T
5-NP,1320,0,0,863,0,863,G
5-NP,1321,853,0,2,0,855,A
5-NP,1322,0,0,864,0,864,G
5-NP,1323,0,0,863,0,863,G
5-NP,1324,0,0,858,0,858,G
5-NP,1325,0,0,0,858,858,C
5-NP,1326,847,0,1,0,848,A
5-NP,1327,0,0,851,0,851,G
5-NP,1328,847,0,0,0,847,A
5-NP,1329,855,0,0,0,855,A
5-NP,1330,850,0,0,0,850,A
5-NP,1331,0,848,0,0,848,T
5-NP,1332,2,0,0,857,859,C
5-NP,1333,857,0,1,0,858,A
5-NP,1334,0,854,0,0,854,T
5-NP,1335,856,0,0,0,856,A
5-NP,1336,847,0,1,0,848,A
5-NP,1337,0,0,859,0,859,G
5-NP,1338,841,0,1,0,842,A
5-NP,1339,846,0,0,0,846,A
5-NP,1340,0,826,0,0,826,T
5-NP,1341,0,0,827,0,827,G
5-NP,1342,825,0,0,0,825,A
5-NP,1343,0,822,0,0,822,T
5-NP,1344,0,0,824,0,824,G
5-NP,1345,0,0,827,0,827,G
5-NP,1346,817,0,1,0,818,A
5-NP,1347,820,0,0,0,820,A
5-NP,1348,794,0,0,0,794,A
5-NP,1349,0,0,810,0,810,G
5-NP,1350,0,805,0,0,805,T
5-NP,1351,0,0,810,0,810,G
5-NP,1352,0,1,0,801,802,C
5-NP,1353,805,0,0,0,805,A
5-NP,1354,803,0,0,0,803,A
5-NP,1355,806,0,0,0,806,A
5-NP,1356,804,0,1,0,805,A
5-NP,1357,0,0,0,811,811,C
5-NP,1358,0,1,0,802,803,C
5-NP,1359,793,0,0,0,793,A
5-NP,1360,1,0,796,0,797,G
5-NP,1361,794,0,0,0,794,A
5-NP,1362,795,1,0,0,796,A
5-NP,1363,0,0,793,0,793,G
5-NP,1364,795,0,0,0,795,A
5-NP,1365,775,0,0,1,776,A
5-NP,1366,0,0,784,0,784,G
5-NP,1367,0,776,0,0,776,T
5-NP,1368,0,1,786,0,787,G
5-NP,1369,0,771,0,2,773,T
5-NP,1370,1,0,0,777,778,C
5-NP,1371,776,0,0,0,776,A
5-NP,1372,0,781,0,0,781,T
5-NP,1373,0,775,0,1,776,T
5-NP,1374,0,0,0,784,784,C
5-NP,1375,0,0,0,780,780,C
5-NP,1376,1,0,774,1,776,G
5-NP,1377,1,0,778,0,779,G
5-NP,1378,0,0,777,0,777,G
5-NP,1379,0,0,778,0,778,G
5-NP,1380,0,0,779,0,779,G
5-NP,1381,747,0,0,0,747,A
5-NP,1382,0,0,748,0,748,G
5-NP,1383,0,0,747,0,747,G
5-NP,1384,0,0,736,0,736,G
5-NP,1385,0,0,745,0,745,G
5-NP,1386,725,0,3,0,728,A
5-NP,1387,0,0,727,0,727,G
5-NP,1388,0,713,1,0,714,T
5-NP,1389,1,0,0,709,710,C
5-NP,1390,0,717,0,1,718,T
5-NP,1391,0,723,0,0,723,T
5-NP,1392,0,0,0,722,722,C
5-NP,1393,0,2,720,0,722,G
5-NP,1394,724,0,0,0,724,A
5-NP,1395,0,0,724,0,724,G
5-NP,1396,0,0,0,702,702,C
5-NP,1397,0,702,0,0,702,T
5-NP,1398,0,0,0,710,710,C
5-NP,1399,0,701,0,0,701,T
5-NP,1400,0,0,0,709,709,C
5-NP,1401,712,0,0,0,712,A
5-NP,1402,0,0,712,0,712,G
5-NP,1403,710,0,0,0,710,A
5-NP,1404,0,0,0,699,699,C
5-NP,1405,0,2,696,0,698,G
5-NP,1406,694,0,0,0,694,A
5-NP,1407,0,0,692,0,692,G
5-NP,1408,690,0,0,0,690,A
5-NP,1409,685,0,1,0,686,A
5-NP,1410,0,0,682,0,682,G
5-NP,1411,0,0,682,0,682,G
5-NP,1412,0,0,0,682,682,C
5-NP,1413,679,0,1,0,680,A
5-NP,1414,675,0,1,0,676,A
5-NP,1415,0,1,0,670,671,C
5-NP,1416,1,1,670,0,672,G
5-NP,1417,673,0,0,0,673,A
5-NP,1418,666,0,0,0,666,A
5-NP,1419,0,1,0,657,658,C
5-NP,1420,0,0,0,659,659,C
5-NP,1421,0,0,0,650,650,C
5-NP,1422,0,0,656,0,656,G
5-NP,1423,660,0,0,0,660,A
5-NP,1424,0,657,0,0,657,T
5-NP,1425,1,0,0,650,651,C
5-NP,1426,0,0,649,0,649,G
5-NP,1427,0,642,0,0,642,T
5-NP,1428,0,0,645,0,645,G
5-NP,1429,0,1,0,633,634,C
5-NP,1430,1,0,0,633,634,C
5-NP,1431,1,0,0,636,637,C
5-NP,1432,0,627,0,0,627,T
5-NP,1433,0,0,0,643,643,C
5-NP,1434,0,646,0,0,646,T
5-NP,1435,0,641,1,0,642,T
5-NP,1436,0,647,0,0,647,T
5-NP,1437,0,644,0,0,644,T
5-NP,1438,0,0,647,0,647,G
5-NP,1439,647,0,0,0,647,A
5-NP,1440,0,634,0,0,634,T
5-NP,1441,631,0,0,0,631,A
5-NP,1442,0,536,0,0,536,T
5-NP,1443,0,1,543,0,544,G
5-NP,1444,541,0,1,0,542,A
5-NP,1445,2,0,543,0,545,G
5-NP,1446,0,542,0,0,542,T
5-NP,1447,530,0,0,0,530,A
5-NP,1448,531,0,0,0,531,A
5-NP,1449,0,528,0,0,528,T
5-NP,1450,0,0,530,0,530,G
5-NP,1451,528,0,0,0,528,A
5-NP,1452,452,0,0,0,452,A
5-NP,1453,2,0,448,0,450,G
5-NP,1454,0,0,426,0,426,G
5-NP,1455,424,0,0,0,424,A
5-NP,1456,0,418,0,1,419,T
5-NP,1457,0,0,0,414,414,C
5-NP,1458,0,406,0,0,406,T
5-NP,1459,0,403,0,1,404,T
5-NP,1460,401,0,0,0,401,A
5-NP,1461,0,400,0,0,400,T
5-NP,1462,0,395,0,0,395,T
5-NP,1463,0,393,0,0,393,T
5-NP,1464,0,0,0,385,385,C
5-NP,1465,0,363,0,1,364,T
5-NP,1466,0,362,1,0,363,T
5-NP,1467,0,0,0,365,365,C
5-NP,1468,0,0,364,0,364,G
5-NP,1469,0,1,363,0,364,G
5-NP,1470,362,0,0,0,362,A
5-NP,1471,0,0,364,0,364,G
5-NP,1472,361,0,0,0,361,A
5-NP,1473,0,0,0,355,355,C
5-NP,1474,342,0,0,0,342,A
5-NP,1475,340,0,0,0,340,A
5-NP,1476,0,338,0,0,338,T
5-NP,1477,1,0,336,0,337,G
5-NP,1478,0,0,0,337,337,C
5-NP,1479,328,0,0,0,328,A
5-NP,1480,0,0,330,0,330,G
5-NP,1481,331,0,0,0,331,A
5-NP,1482,307,0,0,1,308,A
5-NP,1483,0,0,309,0,309,G
5-NP,1484,231,0,0,0,231,A
5-NP,1485,0,0,231,0,231,G
5-NP,1486,0,203,0,0,203,T
5-NP,1487,203,0,0,0,203,A
5-NP,1488,0,185,0,0,185,T
5-NP,1489,0,0,183,0,183,G
5-NP,1490,184,0,0,0,184,A
5-NP,1491,0,0,0,180,180,C
5-NP,1492,135,0,0,0,135,A
5-NP,1493,136,0,0,0,136,A
5-NP,1494,0,86,0,0,86,T
5-NP,1495,0,82,0,0,82,T
5-NP,1496,81,0,0,0,81,A
5-NP,1497,77,0,0,0,77,A
6-NA,1,15,0,0,0,15,A
6-NA,2,0,15,0,0,15,T
6-NA,3,0,0,15,0,15,G
6-NA,4,15,0,0,0,15,A
6-NA,5,17,0,0,0,17,A
6-NA,6,0,17,0,0,17,T
6-NA,7,0,0,0,17,17,C
6-NA,8,0,0,0,17,17,C
6-NA,9,17,0,0,0,17,A
6-NA,10,17,0,0,0,17,A
6-NA,11,17,0,0,0,17,A
6-NA,12,0,18,0,0,18,T
6-NA,13,0,0,0,19,19,C
6-NA,14,18,0,0,0,18,A
6-NA,15,19,0,0,0,19,A
6-NA,16,19,0,0,0,19,A
6-NA,17,19,0,0,0,19,A
6-NA,18,0,0,23,0,23,G
6-NA,19,23,0,0,0,23,A
6-NA,20,0,24,0,0,24,T
6-NA,21,24,0,0,0,24,A
6-NA,22,25,0,0,0,25,A
6-NA,23,0,26,0,0,26,T
6-NA,24,26,0,0,0,26,A
6-NA,25,27,0,0,0,27,A
6-NA,26,0,0,0,26,26,C
6-NA,27,0,0,27,0,27,G
6-NA,28,27,0,0,0,27,A
6-NA,29,0,27,0,0,27,T
6-NA,30,0,25,1,0,26,T
6-NA,31,0,0,26,0,26,G
6-NA,32,0,0,28,0,28,G
6-NA,33,0,0,0,28,28,C
6-NA,34,0,27,0,0,27,T
6-NA,35,0,0,0,29,29,C
6-NA,36,0,29,0,0,29,T
6-NA,37,0,0,30,0,30,G
6-NA,38,0,30,0,0,30,T
6-NA,39,0,30,0,0,30,T
6-NA,40,0,30,0,0,30,T
6-NA,41,0,0,0,32,32,C
6-NA,42,0,32,0,0,32,T
6-NA,43,0,0,0,32,32,C
6-NA,44,0,32,0,0,32,T
6-NA,45,0,0,0,32,32,C
6-NA,46,30,0,0,0,30,A
6-NA,47,0,0,0,34,34,C
6-NA,48,0,0,0,34,34,C
6-NA,49,34,0,0,0,34,A
6-NA,50,0,34,0,0,34,T
6-NA,51,0,34,0,0,34,T
6-NA,52,0,33,0,0,33,T
6-NA,53,0,0,0,34,34,C
6-NA,54,0,0,0,33,33,C
6-NA,55,34,0,0,0,34,A
6-NA,56,0,0,0,37,37,C
6-NA,57,37,0,0,0,37,A
6-NA,58,40,0,0,0,40,A
6-NA,59,0,40,0,0,40,T
6-NA,60,41,0,0,0,41,A
6-NA,61,0,41,0,0,41,T
6-NA,62,0,0,42,0,42,G
6-NA,63,0,0,0,42,42,C
6-NA,64,0,41,0,0,41,T
6-NA,65,0,41,0,0,41,T
6-NA,66,0,0,0,42,42,C
6-NA,67,0,42,0,0,42,T
6-NA,68,0,42,0,0,42,T
6-NA,69,0,0,0,41,41,C
6-NA,70,41,0,0,0,41,A
6-NA,71,0,41,0,0,41,T
6-NA,72,0,0,41,0,41,G
6-NA,73,0,0,0,41,41,C
6-NA,74,41,0,0,0,41,A
6-NA,75,41,0,0,0,41,A
6-NA,76,42,0,0,0,42,A
6-NA,77,0,43,0,0,43,T
6-NA,78,0,43,0,0,43,T
6-NA,79,0,0,43,0,43,G
6-NA,80,0,0,0,43,43,C
6-NA,81,0,0,0,42,42,C
6-NA,82,43,0,0,0,43,A
6-NA,83,0,43,0,0,43,T
6-NA,84,0,0,0,47,47,C
6-NA,85,0,48,0,0,48,T
6-NA,86,0,48,0,0,48,T
6-NA,87,0,0,49,0,49,G
6-NA,88,49,0,0,0,49,A
6-NA,89,0,49,0,0,49,T
6-NA,90,49,0,0,0,49,A
6-NA,91,49,0,0,0,49,A
6-NA,92,0,0,0,52,52,C
6-NA,93,0,53,0,0,53,T
6-NA,94,52,0,0,0,52,A
6-NA,95,0,0,0,57,57,C
6-NA,96,0,58,0,0,58,T
6-NA,97,0,1,58,0,59,G
6-NA,98,0,59,0,0,59,T
6-NA,99,59,0,0,0,59,A
6-NA,100,59,0,0,0,59,A
6-NA,101,0,0,0,59,59,C
6-NA,102,58,0,0,0,58,A
6-NA,103,0,58,0,0,58,T
6-NA,104,0,57,0,0,57,T
6-NA,105,0,0,58,0,58,G
6-NA,106,0,0,0,58,58,C
6-NA,107,58,0,0,0,58,A
6-NA,108,0,57,0,0,57,T
6-NA,109,0,57,0,0,57,T
6-NA,110,0,58,0,0,58,T
6-NA,111,0,0,0,58,58,C
6-NA,112,58,0,0,0,58,A
6-NA,113,58,0,0,0,58,A
6-NA,114,0,0,58,0,58,G
6-NA,115,0,0,0,58,58,C
6-NA,116,58,0,0,0,58,A
6-NA,117,59,0,0,0,59,A
6-NA,118,0,59,0,0,59,T
6-NA,119,60,0,0,0,60,A
6-NA,120,0,61,0,0,61,T
6-NA,121,0,0,64,0,64,G
6-NA,122,64,0,0,0,64,A
6-NA,123,65,0,0,0,65,A
6-NA,124,0,65,0,0,65,T
6-NA,125,0,65,0,0,65,T
6-NA,126,0,0,0,66,66,C
6-NA,127,64,0,0,0,64,A
6-NA,128,64,1,0,0,65,A
6-NA,129,0,0,0,64,64,C
6-NA,130,0,63,0,0,63,T
6-NA,131,0,0,0,65,65,C
6-NA,132,0,0,0,63,63,C
6-NA,133,0,0,0,65,65,C
6-NA,134,0,0,0,65,65,C
6-NA,135,0,0,0,64,64,C
6-NA,136,0,0,0,63,63,C
6-NA,137,0,0,0,65,65,C
6-NA,138,64,0,0,0,64,A
6-NA,139,64,0,0,0,64,A
6-NA,140,64,0,0,0,64,A
6-NA,141,0,0,0,68,68,C
6-NA,142,69,0,0,0,69,A
6-NA,143,71,0,0,0,71,A
6-NA,144,0,0,0,70,70,C
6-NA,145,0,0,0,73,73,C
6-NA,146,77,0,0,0,77,A
6-NA,147,77,0,0,0,77,A
6-NA,148,0,0,77,0,77,G
6-NA,149,0,78,0,0,78,T
6-NA,150,0,0,77,0,77,G
6-NA,151,79,0,0,0,79,A
6-NA,152,0,79,0,0,79,T
6-NA,153,0,1,79,0,80,G
6-NA,154,0,0,0,79,79,C
6-NA,155,0,79,0,0,79,T
6-NA,156,0,0,90,0,90,G
6-NA,157,0,88,0,0,88,T
6-NA,158,0,0,88,0,88,G
6-NA,159,0,89,0,0,89,T
6-NA,160,0,0,88,0,88,G
6-NA,161,87,0,0,0,87,A
6-NA,162,89,0,0,0,89,A
6-NA,163,1,0,0,87,88,C
6-NA,164,0,0,0,88,88,C
6-NA,165,83,0,0,0,83,A
6-NA,166,84,0,0,0,84,A
6-NA,167,0,0,0,89,89,C
6-NA,168,91,0,0,0,91,A
6-NA,169,88,0,0,0,88,A
6-NA,170,0,91,0,0,91,T
6-NA,171,91,0,0,0,91,A
6-NA,172,89,0,0,0,89,A
6-NA,173,0,90,0,0,90,T
6-NA,174,91,0,0,0,91,A
6-NA,175,0,0,91,0,91,G
6-NA,176,89,0,0,0,89,A
6-NA,177,89,0,0,0,89,A
6-NA,178,88,0,0,0,88,A
6-NA,179,0,0,92,0,92,G
6-NA,180,97,0,0,0,97,A
6-NA,181,97,0,0,0,97,A
6-NA,182,99,0,1,0,100,A
6-NA,183,0,0,0,103,103,C
6-NA,184,103,0,0,0,103,A
6-NA,185,0,106,0,0,106,T
6-NA,186,108,0,0,0,108,A
6-NA,187,108,0,0,0,108,A
6-NA,188,0,0,0,110,110,C
6-NA,189,107,0,1,0,108,A
6-NA,190,0,0,111,0,111,G
6-NA,191,113,0,0,0,113,A
6-NA,192,0,0,114,0,114,G
6-NA,193,114,0,0,0,114,A
6-NA,194,0,126,0,0,126,T
6-NA,195,127,0,0,0,127,A
6-NA,196,0,0,128,0,128,G
6-NA,197,0,129,0,0,129,T
6-NA,198,0,0,134,0,134,G
6-NA,199,0,130,0,0,130,T
6-NA,200,131,0,1,0,132,A
6-NA,201,0,133,0,0,133,T
6-NA,202,1,0,0,133,134,C
6-NA,203,0,131,0,0,131,T
6-NA,204,0,1,127,0,128,G
6-NA,205,130,0,1,0,131,A
6-NA,206,0,0,0,132,132,C
6-NA,207,0,0,0,130,130,C
6-NA,208,129,0,0,0,129,A
6-NA,209,132,0,0,0,132,A
6-NA,210,0,0,0,132,132,C
6-NA,211,131,0,0,0,131,A
6-NA,212,0,0,0,134,134,C
6-NA,213,0,0,0,134,134,C
6-NA,214,141,0,0,0,141,A
6-NA,215,0,0,1,145,146,C
6-NA,216,0,0,0,145,145,C
6-NA,217,145,0,0,0,145,A
6-NA,218,0,146,0,0,146,T
6-NA,219,145,0,0,0,145,A
6-NA,220,0,0,148,0,148,G
6-NA,221,148,0,0,0,148,A
6-NA,222,0,1,148,0,149,G
6-NA,223,146,0,0,0,146,A
6-NA,224,147,0,0,0,147,A
6-NA,225,0,0,146,0,146,G
6-NA,226,0,0,149,0,149,G
6-NA,227,147,0,1,0,148,A
6-NA,228,150,0,0,0,150,A
6-NA,229,149,0,0,0,149,A
6-NA,230,0,148,0,0,148,T
6-NA,231,150,0,0,0,150,A
6-NA,232,0,149,0,0,149,T
6-NA,233,0,0,149,0,149,G
6-NA,234,0,0,0,152,152,C
6-NA,235,0,0,0,151,151,C
6-NA,236,0,0,0,152,152,C
6-NA,237,0,0,0,154,154,C
6-NA,238,153,0,0,0,153,A
6-NA,239,156,0,0,0,156,A
6-NA,240,155,0,0,0,155,A
6-NA,241,0,0,0,155,155,C
6-NA,242,0,158,0,0,158,T
6-NA,243,156,0,0,0,156,A
6-NA,244,0,0,152,0,152,G
6-NA,245,0,0,0,156,156,C
6-NA,246,156,0,0,0,156,A
6-NA,247,0,0,155,0,155,G
6-NA,248,152,1,0,0,153,A
6-NA,249,157,0,1,0,158,A
6-NA,250,0,159,0,0,159,T
6-NA,251,159,0,0,0,159,A
6-NA,252,0,0,0,162,162,C
6-NA,253,161,0,0,0,161,A
6-NA,254,0,0,162,0,162,G
6-NA,255,162,0,0,0,162,A
6-NA,256,163,0,0,0,163,A
6-NA,257,163,0,0,0,163,A
6-NA,258,0,158,0,0,158,T
6-NA,259,0,158,0,0,158,T
6-NA,260,0,0,159,0,159,G
6-NA,261,0,0,156,0,156,G
6-NA,262,0,158,0,1,159,T
6-NA,263,0,0,0,159,159,C
6-NA,264,157,0,0,0,157,A
6-NA,265,160,0,0,0,160,A
6-NA,266,160,0,0,0,160,A
6-NA,267,1,0,157,0,158,G
6-NA,268,0,0,0,159,159,C
6-NA,269,0,0,0,158,158,C
6-NA,270,0,0,159,0,159,G
6-NA,271,0,0,0,159,159,C
6-NA,272,162,0,0,0,162,A
6-NA,273,164,0,0,0,164,A
6-NA,274,0,162,0,0,162,T
6-NA,275,0,0,163,0,163,G
6-NA,276,0,163,0,0,163,T
6-NA,277,0,0,164,0,164,G
6-NA,278,170,0,0,0,170,A
6-NA,279,0,0,0,171,171,C
6-NA,280,173,0,0,0,173,A
6-NA,281,0,174,0,0,174,T
6-NA,282,0,173,0,0,173,T
6-NA,283,174,0,0,0,174,A
6-NA,284,0,0,0,174,174,C
6-NA,285,173,0,1,0,174,A
6-NA,286,0,1,172,0,173,G
6-NA,287,0,0,169,0,169,G
6-NA,288,0,0,169,0,169,G
6-NA,289,0,170,0,0,170,T
6-NA,290,0,174,0,0,174,T
6-NA,291,0,172,0,0,172,T
6-NA,292,1,0,169,0,170,G
6-NA,293,1,0,0,171,172,C
6-NA,294,173,0,0,0,173,A
6-NA,295,0,1,0,173,174,C
6-NA,296,0,0,0,170,170,C
6-NA,297,0,172,0,0,172,T
6-NA,298,0,172,0,0,172,T
6-NA,299,0,174,0,0,174,T
6-NA,300,0,173,0,0,173,T
6-NA,301,0,178,0,0,178,T
6-NA,302,0,0,0,179,179,C
6-NA,303,0,175,0,0,175,T
6-NA,304,178,0,0,0,178,A
6-NA,305,178,0,0,0,178,A
6-NA,306,0,0,180,0,180,G
6-NA,307,0,2,179,0,181,G
6-NA,308,180,0,0,0,180,A
6-NA,309,0,0,0,179,179,C
6-NA,310,180,0,0,0,180,A
6-NA,311,179,0,0,0,179,A
6-NA,312,0,178,0,0,178,T
6-NA,313,0,179,0,0,179,T
6-NA,314,0,0,0,183,183,C
6-NA,315,0,0,180,0,180,G
6-NA,316,180,1,0,0,181,A
6-NA,317,0,182,0,0,182,T
6-NA,318,0,181,0,0,181,T
6-NA,319,182,0,0,0,182,A
6-NA,320,0,0,180,0,180,G
6-NA,321,0,0,181,0,181,G
6-NA,322,0,0,0,179,179,C
6-NA,323,0,181,0,0,181,T
6-NA,324,0,181,0,0,181,T
6-NA,325,0,179,0,0,179,T
6-NA,326,0,0,0,181,181,C
6-NA,327,0,0,0,183,183,C
6-NA,328,0,0,184,0,184,G
6-NA,329,0,0,0,183,183,C
6-NA,330,0,181,0,1,182,T
6-NA,331,0,0,185,0,185,G
6-NA,332,0,0,186,0,186,G
6-NA,333,0,186,0,0,186,T
6-NA,334,0,1,185,0,186,G
6-NA,335,0,0,184,0,184,G
6-NA,336,0,0,189,0,189,G
6-NA,337,0,0,187,0,187,G
6-NA,338,187,0,0,0,187,A
6-NA,339,0,0,0,189,189,C
6-NA,340,183,0,0,0,183,A
6-NA,341,0,185,0,0,185,T
6-NA,342,0,0,0,185,185,C
6-NA,343,0,183,0,0,183,T
6-NA,344,0,0,184,0,184,G
6-NA,345,0,0,182,0,182,G
6-NA,346,0,0,183,0,183,G
6-NA,347,0,185,0,0,185,T
6-NA,348,0,0,183,0,183,G
6-NA,349,180,0,1,0,181,A
6-NA,350,0,0,0,183,183,C
6-NA,351,185,0,0,0,185,A
6-NA,352,191,0,0,0,191,A
6-NA,353,0,0,192,0,192,G
6-NA,354,190,0,0,0,190,A
6-NA,355,0,0,189,0,189,G
6-NA,356,192,0,0,0,192,A
6-NA,357,200,0,0,0,200,A
6-NA,358,0,0,0,250,250,C
6-NA,359,0,0,0,263,263,C
6-NA,360,0,265,0,0,265,T
6-NA,361,0,265,0,0,265,T
6-NA,362,261,0,0,0,261,A
6-NA,363,0,262,0,0,262,T
6-NA,364,0,0,276,0,276,G
6-NA,365,0,274,0,0,274,T
6-NA,366,0,1,286,0,287,G
6-NA,367,0,289,0,0,289,T
6-NA,368,0,0,0,286,286,C
6-NA,369,289,0,0,0,289,A
6-NA,370,0,290,0,0,290,T
6-NA,371,0,0,290,0,290,G
6-NA,372,0,0,0,287,287,C
6-NA,373,1,1,287,0,289,G
6-NA,374,325,0,0,0,325,A
6-NA,375,0,328,0,0,328,T
6-NA,376,0,0,0,338,338,C
6-NA,377,0,0,0,340,340,C
6-NA,378,0,342,0,0,342,T
6-NA,379,7,0,342,0,349,G
6-NA,380,350,0,0,0,350,A
6-NA,381,0,0,0,351,351,C
6-NA,382,349,0,0,0,349,A
6-NA,383,337,0,0,0,337,A
6-NA,384,1,0,357,0,358,G
6-NA,385,0,354,0,0,354,T
6-NA,386,1,0,362,0,363,G
6-NA,387,1,361,0,0,362,T
6-NA,388,0,364,0,0,364,T
6-NA,389,365,0,0,0,365,A
6-NA,390,0,364,0,1,365,T
6-NA,391,0,2,0,369,371,C
6-NA,392,372,0,0,0,372,A
6-NA,393,368,0,0,1,369,A
6-NA,394,0,368,0,0,368,T
6-NA,395,0,366,0,1,367,T
6-NA,396,0,370,0,0,370,T
6-NA,397,1,0,367,0,368,G
6-NA,398,0,0,0,380,380,C
6-NA,399,0,0,0,380,380,C
6-NA,400,2,0,0,378,380,C
6-NA,401,0,378,0,0,378,T
6-NA,402,0,377,0,0,377,T
6-NA,403,0,0,387,0,387,G
6-NA,404,0,0,382,0,382,G
6-NA,405,384,0,0,0,384,A
6-NA,406,0,1,0,388,389,C
6-NA,407,384,0,0,0,384,A
6-NA,408,0,2,391,0,393,G
6-NA,409,0,0,394,0,394,G
6-NA,410,0,1,404,0,405,G
6-NA,411,397,0,1,0,398,A
6-NA,412,404,0,1,0,405,A
6-NA,413,0,0,0,406,406,C
6-NA,414,400,0,0,0,400,A
6-NA,415,426,0,0,0,426,A
6-NA,416,0,0,0,433,433,C
6-NA,417,429,0,0,0,429,A
6-NA,418,0,0,0,431,431,C
6-NA,419,0,422,0,0,422,T
6-NA,420,427,0,0,0,427,A
6-NA,421,427,0,0,0,427,A
6-NA,422,428,0,0,0,428,A
6-NA,423,0,0,0,428,428,C
6-NA,424,406,0,0,0,406,A
6-NA,425,410,0,0,0,410,A
6-NA,426,0,0,0,413,413,C
6-NA,427,0,0,412,0,412,G
6-NA,428,0,407,0,0,407,T
6-NA,429,403,0,1,0,404,A
6-NA,430,0,0,0,416,416,C
6-NA,431,417,0,0,0,417,A
6-NA,432,0,421,0,0,421,T
6-NA,433,0,423,0,0,423,T
6-NA,434,1,0,0,443,444,C
6-NA,435,454,0,0,0,454,A
6-NA,436,457,0,0,0,457,A
6-NA,437,453,0,0,0,453,A
6-NA,438,0,458,0,0,458,T
6-NA,439,452,0,0,0,452,A
6-NA,440,470,0,0,0,470,A
6-NA,441,0,0,0,469,469,C
6-NA,442,469,0,0,0,469,A
6-NA,443,0,0,0,478,478,C
6-NA,444,475,0,0,0,475,A
6-NA,445,0,0,568,0,568,G
6-NA,446,0,569,0,0,569,T
6-NA,447,579,0,0,0,579,A
6-NA,448,0,1,0,576,577,C
6-NA,449,0,0,581,0,581,G
6-NA,450,0,611,0,0,611,T
6-NA,451,0,0,608,0,608,G
6-NA,452,602,1,0,0,603,A
6-NA,453,0,611,0,1,612,T
6-NA,454,578,0,1,0,579,A
6-NA,455,1,0,574,0,575,G
6-NA,456,2,0,572,0,574,G
6-NA,457,577,0,0,0,577,A
6-NA,458,0,0,0,590,590,C
6-NA,459,0,0,0,579,579,C
6-NA,460,1,0,0,586,587,C
6-NA,461,1,3,0,582,586,C
6-NA,462,0,595,0,0,595,T
6-NA,463,0,608,0,0,608,T
6-NA,464,616,0,0,0,616,A
6-NA,465,0,609,0,0,609,T
6-NA,466,0,0,0,609,609,C
6-NA,467,0,0,609,0,609,G
6-NA,468,0,0,601,0,601,G
6-NA,469,600,0,0,0,600,A
6-NA,470,0,0,0,608,608,C
6-NA,471,1,0,0,604,605,C
6-NA,472,0,0,0,636,636,C
6-NA,473,0,637,0,0,637,T
6-NA,474,648,0,0,0,648,A
6-NA,475,0,646,0,0,646,T
6-NA,476,0,649,0,0,649,T
6-NA,477,0,0,650,0,650,G
6-NA,478,645,0,1,0,646,A
6-NA,479,0,645,0,0,645,T
6-NA,480,0,0,647,0,647,G
6-NA,481,625,0,1,0,626,A
6-NA,482,629,0,0,0,629,A
6-NA,483,0,631,0,2,633,T
6-NA,484,0,0,642,0,642,G
6-NA,485,644,0,0,1,645,A
6-NA,486,0,0,662,0,662,G
6-NA,487,0,660,0,0,660,T
6-NA,488,0,659,0,0,659,T
6-NA,489,670,0,0,0,670,A
6-NA,490,1,0,664,0,665,G
6-NA,491,0,0,671,0,671,G
6-NA,492,0,668,0,0,668,T
6-NA,493,0,1,667,0,668,G
6-NA,494,0,660,0,1,661,T
6-NA,495,0,656,0,0,656,T
6-NA,496,0,0,0,668,668,C
6-NA,497,0,0,0,674,674,C
6-NA,498,0,674,0,0,674,T
6-NA,499,0,674,0,1,675,T
6-NA,500,0,672,0,0,672,T
6-NA,501,0,672,0,0,672,T
6-NA,502,2,0,0,676,678,C
6-NA,503,674,0,0,0,674,A
6-NA,504,0,688,0,0,688,T
6-NA,505,1,0,0,693,694,C
6-NA,506,0,684,0,0,684,T
6-NA,507,0,1,680,0,681,G
6-NA,508,0,0,678,0,678,G
6-NA,509,1,1,673,0,675,G
6-NA,510,0,0,685,0,685,G
6-NA,511,684,0,1,0,685,A
6-NA,512,0,0,0,696,696,C
6-NA,513,0,0,0,690,690,C
6-NA,514,698,1,1,0,700,A
6-NA,515,696,0,0,0,696,A
6-NA,516,0,0,699,0,699,G
6-NA,517,0,0,0,703,703,C
6-NA,518,702,0,0,0,702,A
6-NA,519,707,0,0,0,707,A
6-NA,520,1,0,711,0,712,G
6-NA,521,0,704,0,0,704,T
6-NA,522,0,0,725,0,725,G
6-NA,523,0,715,0,1,716,T
6-NA,524,0,1,741,0,742,G
6-NA,525,0,0,0,743,743,C
6-NA,526,742,0,0,0,742,A
6-NA,527,0,751,0,0,751,T
6-NA,528,740,0,0,0,740,A
6-NA,529,1,0,759,0,760,G
6-NA,530,0,0,0,759,759,C
6-NA,531,748,0,1,0,749,A
6-NA,532,0,747,0,0,747,T
6-NA,533,2,0,729,0,731,G
6-NA,534,2,0,870,0,872,G
6-NA,535,0,879,0,0,879,T
6-NA,536,0,0,0,883,883,C
6-NA,537,1,1,0,906,908,C
6-NA,538,939,0,1,0,940,A
6-NA,539,0,0,1045,0,1045,G
6-NA,540,1,0,0,1053,1054,C
6-NA,541,0,1059,0,0,1059,T
6-NA,542,1,0,0,1066,1067,C
6-NA,543,1057,0,0,0,1057,A
6-NA,544,1098,0,0,0,1098,A
6-NA,545,0,0,1110,0,1110,G
6-NA,546,0,1120,0,0,1120,T
6-NA,547,0,1123,0,0,1123,T
6-NA,548,1,1,1130,0,1132,G
6-NA,549,1,1126,0,0,1127,T
6-NA,550,2,0,0,1126,1128,C
6-NA,551,1136,0,0,0,1136,A
6-NA,552,0,1,0,1164,1165,C
6-NA,553,0,0,1158,0,1158,G
6-NA,554,1203,0,1,0,1204,A
6-NA,555,0,1219,0,0,1219,T
6-NA,556,1,0,1270,0,1271,G
6-NA,557,0,0,1294,0,1294,G
6-NA,558,1283,1,1,0,1285,A
6-NA,559,1290,0,0,0,1290,A
6-NA,560,1309,0,2,0,1311,A
6-NA,561,1332,0,1,0,1333,A
6-NA,562,0,0,1359,0,1359,G
6-NA,563,0,0,0,1360,1360,C
6-NA,564,1357,0,3,0,1360,A
6-NA,565,0,1377,0,0,1377,T
6-NA,566,0,1,1412,0,1413,G
6-NA,567,0,0,1414,0,1414,G
6-NA,568,0,0,0,1478,1478,C
6-NA,569,0,1465,0,3,1468,T
6-NA,570,0,0,1488,0,1488,G
6-NA,571,0,0,0,1493,1493,C
6-NA,572,1495,0,0,0,1495,A
6-NA,573,0,1613,0,0,1613,T
6-NA,574,5,0,1629,0,1634,G
6-NA,575,0,1652,0,1,1653,T
6-NA,576,0,1700,0,1,1701,T
6-NA,577,0,1710,0,0,1710,T
6-NA,578,6,0,1826,0,1832,G
6-NA,579,1,1831,0,0,1832,T
6-NA,580,1850,0,2,0,1852,A
6-NA,581,0,1878,0,0,1878,T
6-NA,582,1879,0,0,0,1879,A
6-NA,583,1896,1,1,0,1898,A
6-NA,584,1,0,0,1901,1902,C
6-NA,585,5,4,1888,0,1897,G
6-NA,586,0,0,1892,0,1892,G
6-NA,587,0,1,1886,0,1887,G
6-NA,588,1845,0,0,0,1845,A
6-NA,589,1,0,1902,0,1903,G
6-NA,590,1898,0,0,0,1898,A
6-NA,591,0,1921,0,0,1921,T
6-NA,592,0,0,1945,0,1945,G
6-NA,593,1951,0,2,0,1953,A
6-NA,594,0,1968,0,0,1968,T
6-NA,595,1961,0,1,0,1962,A
6-NA,596,2004,0,0,0,2004,A
6-NA,597,2033,0,0,0,2033,A
6-NA,598,2027,0,0,0,2027,A
6-NA,599,2028,0,1,0,2029,A
6-NA,600,0,2041,0,0,2041,T
6-NA,601,0,0,2030,0,2030,G
6-NA,602,0,0,0,2045,2045,C
6-NA,603,2046,0,1,0,2047,A
6-NA,604,2063,0,0,0,2063,A
6-NA,605,0,0,0,2091,2091,C
6-NA,606,0,2090,0,0,2090,T
6-NA,607,1,1,2104,0,2106,G
6-NA,608,0,0,0,2104,2104,C
6-NA,609,0,2106,0,1,2107,T
6-NA,610,2111,0,1,0,2112,A
6-NA,611,0,1,2109,0,2110,G
6-NA,612,0,1,0,2169,2170,C
6-NA,613,0,2167,0,1,2168,T
6-NA,614,0,2157,0,0,2157,T
6-NA,615,2,0,0,2194,2196,C
6-NA,616,2218,0,0,0,2218,A
6-NA,617,0,2216,0,1,2217,T
6-NA,618,0,2230,0,0,2230,T
6-NA,619,0,2253,0,0,2253,T
6-NA,620,2266,0,0,0,2266,A
6-NA,621,0,0,0,2310,2310,C
6-NA,622,2313,0,0,0,2313,A
6-NA,623,2337,2,0,0,2339,A
6-NA,624,0,2349,0,0,2349,T
6-NA,625,1,3,2335,0,2339,G
6-NA,626,0,4,2345,0,2349,G
6-NA,627,0,2,2343,0,2345,G
6-NA,628,2317,0,5,3,2325,A
6-NA,629,0,2,2453,0,2455,G
6-NA,630,1,0,2495,0,2496,G
6-NA,631,1,0,0,2817,2818,C
6-NA,632,0,2826,0,0,2826,T
6-NA,633,0,2877,0,1,2878,T
6-NA,634,14,1,2908,0,2923,G
6-NA,635,1,2902,0,1,2904,T
6-NA,636,2990,0,3,1,2994,A
6-NA,637,0,3,3017,0,3020,G
6-NA,638,3010,0,1,0,3011,A
6-NA,639,0,3022,0,3,3025,T
6-NA,640,2887,0,3,0,2890,A
6-NA,641,1,1,2895,0,2897,G
6-NA,642,2,2871,0,3,2876,T
6-NA,643,0,0,2865,0,2865,G
6-NA,644,1,3026,1,0,3028,T
6-NA,645,0,3051,0,0,3051,T
6-NA,646,1,0,3097,3,3101,G
6-NA,647,0,3094,0,5,3099,T
6-NA,648,0,3119,0,1,3120,T
6-NA,649,0,3116,0,0,3116,T
6-NA,650,3,0,0,3102,3105,C
6-NA,651,3101,0,0,0,3101,A
6-NA,652,0,3080,0,1,3081,T
6-NA,653,0,3,3077,0,3080,G
6-NA,654,0,2,3326,0,3328,G
6-NA,655,0,3325,0,2,3327,T
6-NA,656,0,1,0,3322,3323,C
6-NA,657,2,1,0,3329,3332,C
6-NA,658,3346,0,6,1,3353,A
6-NA,659,3382,0,0,1,3383,A
6-NA,660,3387,0,2,0,3389,A
6-NA,661,0,1,3389,0,3390,G
6-NA,662,3383,0,0,1,3384,A
6-NA,663,3328,0,0,1,3329,A
6-NA,664,3336,0,2,0,3338,A
6-NA,665,0,3344,0,1,3345,T
6-NA,666,0,2,0,3461,3463,C
6-NA,667,6,1,0,3451,3458,C
6-NA,668,0,3460,0,0,3460,T
6-NA,669,3,0,0,3465,3468,C
6-NA,670,3465,1,2,0,3468,A
6-NA,671,0,3,3483,0,3486,G
6-NA,672,2,5,3464,0,3471,G
6-NA,673,3598,0,0,0,3598,A
6-NA,674,0,0,0,3602,3602,C
6-NA,675,1,2,0,3567,3570,C
6-NA,676,2,1,1,3590,3594,C
6-NA,677,3575,1,1,0,3577,A
6-NA,678,6,2,3589,0,3597,G
6-NA,679,13,1,3599,0,3613,G
6-NA,680,3592,0,2,0,3594,A
6-NA,681,2,0,3642,0,3644,G
6-NA,682,0,3617,0,0,3617,T
6-NA,683,3,2,0,3633,3638,C
6-NA,684,3624,0,8,0,3632,A
6-NA,685,0,2,3671,0,3673,G
6-NA,686,3647,0,2,1,3650,A
6-NA,687,3647,0,0,0,3647,A
6-NA,688,0,3661,0,1,3662,T
6-NA,689,1,0,3680,0,3681,G
6-NA,690,0,3,0,3692,3695,C
6-NA,691,0,0,3727,0,3727,G
6-NA,692,0,3718,0,2,3720,T
6-NA,693,0,3729,0,2,3731,T
6-NA,694,0,3729,0,0,3729,T
6-NA,695,8,1,3750,0,3759,G
6-NA,696,0,3772,0,1,3773,T
6-NA,697,3778,0,1,0,3779,A
6-NA,698,0,3773,1,1,3775,T
6-NA,699,2,0,1,3811,3814,C
6-NA,700,3798,0,1,1,3800,A
6-NA,701,3794,0,0,0,3794,A
6-NA,702,0,3804,0,1,3805,T
6-NA,703,1,7,3796,0,3804,G
6-NA,704,1,2,3818,0,3821,G
6-NA,705,3907,0,1,0,3908,A
6-NA,706,3919,0,2,0,3921,A
6-NA,707,0,0,0,3980,3980,C
6-NA,708,0,4023,0,4,4027,T
6-NA,709,0,4037,0,1,4038,T
6-NA,710,0,2,4182,0,4184,G
6-NA,711,0,4182,0,0,4182,T
6-NA,712,4182,0,1,0,4183,A
6-NA,713,2,1,0,4268,4271,C
6-NA,714,4184,1,1,0,4186,A
6-NA,715,0,2,4544,0,4546,G
6-NA,716,0,4506,0,0,4506,T
6-NA,717,4749,0,1,0,4750,A
6-NA,718,1,1,4782,0,4784,G
6-NA,719,0,4712,0,0,4712,T
6-NA,720,4710,0,2,0,4712,A
6-NA,721,4698,1,3,0,4702,A
6-NA,722,1,4721,0,1,4723,T
6-NA,723,1,10,4740,0,4751,G
6-NA,724,4665,0,1,0,4666,A
6-NA,725,1,1,0,4728,4730,C
6-NA,726,0,4650,0,0,4650,T
6-NA,727,3,3,4671,1,4678,G
6-NA,728,4626,0,3,0,4629,A
6-NA,729,0,4690,0,2,4692,T
6-NA,730,2,4,4687,0,4693,G
6-NA,731,8,6,4654,0,4668,G
6-NA,732,0,2,4670,0,4672,G
6-NA,733,4607,0,3,0,4610,A
6-NA,734,2,0,4629,0,4631,G
6-NA,735,0,4611,0,0,4611,T
6-NA,736,1,1,4667,0,4669,G
6-NA,737,0,2,0,4728,4730,C
6-NA,738,0,4733,0,0,4733,T
6-NA,739,1,4739,0,1,4741,T
6-NA,740,1,0,0,4732,4733,C
6-NA,741,4749,0,10,0,4759,A
6-NA,742,0,2,4792,0,4794,G
6-NA,743,0,3,4779,0,4782,G
6-NA,744,4765,1,5,0,4771,A
6-NA,745,4685,0,73,0,4758,A
6-NA,746,4729,1,0,0,4730,A
6-NA,747,4749,0,9,1,4759,A
6-NA,748,2,0,4789,0,4791,G
6-NA,749,0,0,0,4783,4783,C
6-NA,750,1,4782,1,0,4784,T
6-NA,751,1,8,4777,0,4786,G
6-NA,752,4744,0,10,0,4754,A
6-NA,753,0,4828,0,1,4829,T
6-NA,754,4847,0,1,0,4848,A
6-NA,755,0,0,0,5082,5082,C
6-NA,756,0,5060,0,1,5061,T
6-NA,757,5087,0,0,0,5087,A
6-NA,758,5079,0,0,0,5079,A
6-NA,759,5082,0,0,0,5082,A
6-NA,760,5208,0,1,1,5210,A
6-NA,761,0,5228,0,0,5228,T
6-NA,762,5211,0,0,0,5211,A
6-NA,763,1,0,0,5257,5258,C
6-NA,764,0,5120,0,3,5123,T
6-NA,765,5162,0,0,1,5163,A
6-NA,766,0,5150,0,1,5151,T
6-NA,767,0,5378,0,0,5378,T
6-NA,768,4,2,0,5412,5418,C
6-NA,769,5326,0,1,0,5327,A
6-NA,770,0,5335,0,2,5337,T
6-NA,771,0,5337,0,6,5343,T
6-NA,772,2,3,5353,0,5358,G
6-NA,773,5303,0,0,0,5303,A
6-NA,774,9,1,5315,0,5325,G
6-NA,775,4,4,5304,0,5312,G
6-NA,776,5112,0,3,0,5115,A
6-NA,777,0,2,5229,0,5231,G
6-NA,778,1,5,5217,0,5223,G
6-NA,779,1,3,5225,0,5229,G
6-NA,780,3,6,5226,0,5235,G
6-NA,781,5201,0,3,0,5204,A
6-NA,782,5247,0,2,0,5249,A
6-NA,783,5233,0,1,0,5234,A
6-NA,784,5223,0,1,0,5224,A
6-NA,785,0,5222,0,0,5222,T
6-NA,786,6,3,0,5214,5223,C
6-NA,787,2,0,5257,0,5259,G
6-NA,788,0,5238,0,0,5238,T
6-NA,789,1,5232,0,0,5233,T
6-NA,790,15,1,1,5239,5256,C
6-NA,791,5256,0,0,0,5256,A
6-NA,792,1,5542,0,3,5546,T
6-NA,793,5541,1,0,0,5542,A
6-NA,794,3,1,0,5576,5580,C
6-NA,795,0,5563,0,1,5564,T
6-NA,796,5594,0,0,0,5594,A
6-NA,797,2,0,5555,0,5557,G
6-NA,798,1,1,0,5572,5574,C
6-NA,799,5557,0,3,0,5560,A
6-NA,800,1,0,0,5587,5588,C
6-NA,801,5436,0,0,0,5436,A
6-NA,802,0,5522,0,0,5522,T
6-NA,803,0,5518,0,2,5520,T
6-NA,804,0,0,5841,0,5841,G
6-NA,805,0,5826,1,2,5829,T
6-NA,806,5,1,0,5816,5822,C
6-NA,807,5815,1,3,0,5819,A
6-NA,808,0,3,5818,1,5822,G
6-NA,809,0,6,5848,1,5855,G
6-NA,810,5806,1,0,0,5807,A
6-NA,811,5777,1,1,0,5779,A
6-NA,812,0,0,5833,0,5833,G
6-NA,813,1,5577,0,0,5578,T
6-NA,814,0,0,5598,0,5598,G
6-NA,815,1,3,0,5597,5601,C
6-NA,816,0,5612,0,3,5615,T
6-NA,817,5,1,0,5624,5630,C
6-NA,818,5608,15,2,0,5625,A
6-NA,819,5,1,5637,0,5643,G
6-NA,820,1,0,1,5649,5651,C
6-NA,821,5648,0,3,0,5651,A
6-NA,822,1,5648,0,1,5650,T
6-NA,823,2,1,5814,1,5818,G
6-NA,824,0,5782,0,0,5782,T
6-NA,825,6,0,0,5808,5814,C
6-NA,826,1,4,5800,0,5805,G
6-NA,827,5759,0,1,0,5760,A
6-NA,828,0,3,5785,0,5788,G
6-NA,829,1,3,5784,0,5788,G
6-NA,830,5727,1,1,0,5729,A
6-NA,831,2,2,5802,0,5806,G
6-NA,832,0,5667,1,2,5670,T
6-NA,833,6,0,5695,0,5701,G
6-NA,834,1,2,0,5764,5767,C
6-NA,835,0,5755,0,0,5755,T
6-NA,836,8,0,0,5798,5806,C
6-NA,837,3,8,0,5813,5824,C
6-NA,838,0,5843,0,0,5843,T
6-NA,839,0,1,5868,0,5869,G
6-NA,840,1,0,0,5810,5811,C
6-NA,841,0,5799,0,4,5803,T
6-NA,842,5840,1,0,0,5841,A
6-NA,843,1,5765,0,2,5768,T
6-NA,844,2,0,0,5802,5804,C
6-NA,845,5,1,0,5813,5819,C
6-NA,846,0,5772,0,3,5775,T
6-NA,847,3,4,0,5826,5833,C
6-NA,848,1,2,5822,0,5825,G
6-NA,849,5861,2,0,1,5864,A
6-NA,850,0,5867,1,5,5873,T
6-NA,851,5861,0,1,0,5862,A
6-NA,852,0,5857,0,5,5862,T
6-NA,853,2,0,4,5851,5857,C
6-NA,854,6,0,0,5858,5864,C
6-NA,855,0,5845,1,2,5848,T
6-NA,856,2,4,5864,0,5870,G
6-NA,857,2,1,5868,0,5871,G
6-NA,858,0,5954,1,0,5955,T
6-NA,859,8,0,5972,0,5980,G
6-NA,860,1,5955,0,3,5959,T
6-NA,861,12,1,0,5953,5966,C
6-NA,862,5945,0,3,0,5948,A
6-NA,863,0,3,5949,0,5952,G
6-NA,864,5940,2,1,1,5944,A
6-NA,865,0,5899,1,1,5901,T
6-NA,866,1,1,5930,0,5932,G
6-NA,867,0,5861,0,0,5861,T
6-NA,868,0,1,5875,1,5877,G
6-NA,869,0,5867,0,2,5869,T
6-NA,870,1,1,0,5903,5905,C
6-NA,871,1,5879,1,4,5885,T
6-NA,872,2,0,5901,0,5903,G
6-NA,873,1,2,0,5898,5901,C
6-NA,874,5893,0,4,0,5897,A
6-NA,875,10,1,5899,0,5910,G
6-NA,876,5775,0,5,0,5780,A
6-NA,877,0,6,5790,0,5796,G
6-NA,878,5781,1,2,0,5784,A
6-NA,879,0,0,0,5822,5822,C
6-NA,880,5814,0,4,0,5818,A
6-NA,881,5833,2,2,0,5837,A
6-NA,882,1,0,0,5881,5882,C
6-NA,883,0,5890,0,0,5890,T
6-NA,884,1,2,5903,0,5906,G
6-NA,885,0,2,5888,0,5890,G
6-NA,886,5858,0,1,0,5859,A
6-NA,887,5850,0,0,0,5850,A
6-NA,888,5790,1,2,0,5793,A
6-NA,889,2,3,5754,0,5759,G
6-NA,890,1,9,5693,0,5703,G
6-NA,891,5619,0,4,3,5626,A
6-NA,892,2,5740,0,0,5742,T
6-NA,893,4,2,0,5794,5800,C
6-NA,894,0,1,0,5928,5929,C
6-NA,895,5935,1,0,0,5936,A
6-NA,896,5928,0,0,0,5928,A
6-NA,897,0,5939,0,1,5940,T
6-NA,898,5798,3,3,0,5804,A
6-NA,899,3,4,5768,0,5775,G
6-NA,900,1,0,5768,0,5769,G
6-NA,901,0,2,0,5778,5780,C
6-NA,902,2,2,0,5757,5761,C
6-NA,903,10,1,0,5607,5618,C
6-NA,904,5673,0,3,0,5676,A
6-NA,905,6,5695,0,7,5708,T
6-NA,906,3,1,0,5747,5751,C
6-NA,907,0,0,5769,0,5769,G
6-NA,908,0,5753,0,0,5753,T
6-NA,909,5667,2,6,0,5675,A
6-NA,910,0,1,5779,0,5780,G
6-NA,911,5759,0,3,0,5762,A
6-NA,912,2,5799,0,1,5802,T
6-NA,913,5721,0,1,0,5722,A
6-NA,914,0,5668,0,0,5668,T
6-NA,915,5663,0,0,1,5664,A
6-NA,916,5653,0,0,0,5653,A
6-NA,917,5763,0,2,1,5766,A
6-NA,918,1,1,0,5884,5886,C
6-NA,919,5730,0,0,0,5730,A
6-NA,920,1,5724,0,0,5725,T
6-NA,921,5700,0,1,0,5701,A
6-NA,922,5700,1,2,0,5703,A
6-NA,923,5701,0,1,1,5703,A
6-NA,924,0,1,5778,0,5779,G
6-NA,925,1,3,5843,1,5848,G
6-NA,926,5673,2,2,0,5677,A
6-NA,927,1,5708,0,2,5711,T
6-NA,928,3,0,0,5731,5734,C
6-NA,929,5769,0,1,0,5770,A
6-NA,930,1,5763,0,2,5766,T
6-NA,931,5774,0,2,0,5776,A
6-NA,932,0,1,5804,0,5805,G
6-NA,933,0,0,0,5719,5719,C
6-NA,934,5607,0,0,0,5607,A
6-NA,935,0,5408,1,1,5410,T
6-NA,936,0,5437,0,0,5437,T
6-NA,937,1,0,5431,0,5432,G
6-NA,938,0,5422,0,2,5424,T
6-NA,939,2,5,0,5370,5377,C
6-NA,940,0,5694,0,6,5700,T
6-NA,941,4,0,1,5746,5751,C
6-NA,942,0,0,0,5802,5802,C
6-NA,943,5852,1,3,0,5856,A
6-NA,944,0,0,5947,0,5947,G
6-NA,945,0,5934,0,1,5935,T
6-NA,946,0,5715,0,2,5717,T
6-NA,947,5730,0,1,0,5731,A
6-NA,948,0,5590,0,2,5592,T
6-NA,949,1,1,5610,1,5613,G
6-NA,950,3,5513,0,4,5520,T
6-NA,951,1,0,5555,0,5556,G
6-NA,952,0,5397,0,5,5402,T
6-NA,953,3,0,5496,0,5499,G
6-NA,954,0,5497,0,4,5501,T
6-NA,955,0,5457,0,1,5458,T
6-NA,956,4,2,0,5463,5469,C
6-NA,957,5423,0,6,0,5429,A
6-NA,958,1,1,5454,0,5456,G
6-NA,959,16,3,5417,1,5437,G
6-NA,960,5390,0,5,0,5395,A
6-NA,961,1,0,0,5422,5423,C
6-NA,962,0,5307,0,1,5308,T
6-NA,963,0,5320,0,2,5322,T
6-NA,964,2,2,5474,0,5478,G
6-NA,965,0,5465,0,0,5465,T
6-NA,966,0,5488,0,2,5490,T
6-NA,967,3,5,5459,0,5467,G
6-NA,968,0,6,5427,0,5433,G
6-NA,969,5436,0,3,0,5439,A
6-NA,970,2,8,5446,0,5456,G
6-NA,971,5441,0,5,0,5446,A
6-NA,972,0,0,0,5430,5430,C
6-NA,973,5285,0,1,0,5286,A
6-NA,974,1,3,0,5303,5307,C
6-NA,975,5288,1,4,1,5294,A
6-NA,976,0,1,0,5313,5314,C
6-NA,977,5,2,0,5266,5273,C
6-NA,978,3,3,0,5289,5295,C
6-NA,979,5304,0,3,2,5309,A
6-NA,980,1,3,5310,0,5314,G
6-NA,981,5306,0,0,0,5306,A
6-NA,982,5346,0,0,0,5346,A
6-NA,983,5324,0,0,0,5324,A
6-NA,984,5305,0,1,0,5306,A
6-NA,985,5269,0,4,0,5273,A
6-NA,986,5273,1,2,0,5276,A
6-NA,987,0,0,0,5315,5315,C
6-NA,988,0,6,5290,0,5296,G
6-NA,989,5280,0,2,0,5282,A
6-NA,990,1,3,0,5283,5287,C
6-NA,991,5286,0,3,0,5289,A
6-NA,992,1,2,5334,0,5337,G
6-NA,993,0,0,0,5600,5600,C
6-NA,994,0,5533,0,3,5536,T
6-NA,995,5,2,0,5578,5585,C
6-NA,996,2,1,0,5606,5609,C
6-NA,997,5618,0,9,0,5627,A
6-NA,998,0,2,5613,0,5615,G
6-NA,999,1,0,0,5614,5615,C
6-NA,1000,5599,0,0,0,5599,A
6-NA,1001,0,3,5624,0,5627,G
6-NA,1002,0,5252,0,2,5254,T
6-NA,1003,1,3,5264,0,5268,G
6-NA,1004,2,0,5284,0,5286,G
6-NA,1005,2,4,0,5299,5305,C
6-NA,1006,2,0,0,5324,5326,C
6-NA,1007,5314,1,0,0,5315,A
6-NA,1008,0,5319,0,1,5320,T
6-NA,1009,0,5318,0,0,5318,T
6-NA,1010,0,1,5451,0,5452,G
6-NA,1011,0,5398,0,1,5399,T
6-NA,1012,0,5380,1,1,5382,T
6-NA,1013,3,5382,0,1,5386,T
6-NA,1014,2,2,5363,0,5367,G
6-NA,1015,17,0,5392,0,5409,G
6-NA,1016,5363,0,1,0,5364,A
6-NA,1017,0,5432,0,0,5432,T
6-NA,1018,1,0,0,5421,5422,C
6-NA,1019,4,0,0,5376,5380,C
6-NA,1020,7,5372,0,5,5384,T
6-NA,1021,5380,0,12,0,5392,A
6-NA,1022,5401,0,2,0,5403,A
6-NA,1023,2,2,0,5475,5479,C
6-NA,1024,5383,0,0,0,5383,A
6-NA,1025,5400,0,0,0,5400,A
6-NA,1026,0,5395,0,0,5395,T
6-NA,1027,0,1,5399,0,5400,G
6-NA,1028,5328,1,5,0,5334,A
6-NA,1029,1,6,5197,0,5204,G
6-NA,1030,0,0,5306,0,5306,G
6-NA,1031,5246,0,1,1,5248,A
6-NA,1032,5288,0,1,0,5289,A
6-NA,1033,21,3,5319,0,5343,G
6-NA,1034,2,1,5370,0,5373,G
6-NA,1035,0,5267,0,1,5268,T
6-NA,1036,0,2,5313,0,5315,G
6-NA,1037,8,4,5404,1,5417,G
6-NA,1038,1,5297,0,2,5300,T
6-NA,1039,4,1,0,5334,5339,C
6-NA,1040,5337,0,0,0,5337,A
6-NA,1041,0,5347,0,1,5348,T
6-NA,1042,0,8,5332,0,5340,G
6-NA,1043,2,2,5307,0,5311,G
6-NA,1044,2,2,5161,0,5165,G
6-NA,1045,0,4,5372,0,5376,G
6-NA,1046,1,5358,0,4,5363,T
6-NA,1047,0,4,5376,0,5380,G
6-NA,1048,5333,0,2,0,5335,A
6-NA,1049,5368,0,0,0,5368,A
6-NA,1050,5378,1,8,0,5387,A
6-NA,1051,0,4,5407,0,5411,G
6-NA,1052,11,0,5367,0,5378,G
6-NA,1053,0,1,0,5347,5348,C
6-NA,1054,1,5203,0,4,5208,T
6-NA,1055,3,3,5214,1,5221,G
6-NA,1056,12,1,5209,1,5223,G
6-NA,1057,2,0,5250,0,5252,G
6-NA,1058,1,0,0,5219,5220,C
6-NA,1059,2,0,0,5240,5242,C
6-NA,1060,0,5200,0,9,5209,T
6-NA,1061,1,5207,0,1,5209,T
6-NA,1062,1,5238,0,5,5244,T
6-NA,1063,6,4,5252,0,5262,G
6-NA,1064,5222,0,2,0,5224,A
6-NA,1065,1,5221,0,0,5222,T
6-NA,1066,9,0,5145,0,5154,G
6-NA,1067,5094,0,2,0,5096,A
6-NA,1068,0,5120,0,2,5122,T
6-NA,1069,3,2,5143,0,5148,G
6-NA,1070,0,2,5209,0,5211,G
6-NA,1071,5166,0,2,0,5168,A
6-NA,1072,5181,0,2,0,5183,A
6-NA,1073,5185,0,0,0,5185,A
6-NA,1074,0,5185,0,2,5187,T
6-NA,1075,0,2,5216,0,5218,G
6-NA,1076,5161,1,5,0,5167,A
6-NA,1077,2,1,0,5169,5172,C
6-NA,1078,1,1,5222,0,5224,G
6-NA,1079,0,5092,0,0,5092,T
6-NA,1080,1,0,5151,0,5152,G
6-NA,1081,0,5145,0,0,5145,T
6-NA,1082,1,2,5145,0,5148,G
6-NA,1083,5,0,5169,0,5174,G
6-NA,1084,5104,2,2,0,5108,A
6-NA,1085,0,5116,0,1,5117,T
6-NA,1086,0,3,5120,0,5123,G
6-NA,1087,0,4,5092,0,5096,G
6-NA,1088,1,1,5119,0,5121,G
6-NA,1089,5069,0,0,0,5069,A
6-NA,1090,5065,1,2,7,5075,A
6-NA,1091,0,2,5092,0,5094,G
6-NA,1092,5037,0,5,0,5042,A
6-NA,1093,5023,1,1,0,5025,A
6-NA,1094,1,2,0,5013,5016,C
6-NA,1095,4,7,4998,0,5009,G
6-NA,1096,4989,1,1,0,4991,A
6-NA,1097,0,4929,0,0,4929,T
6-NA,1098,2,1,0,4944,4947,C
6-NA,1099,4958,0,2,0,4960,A
6-NA,1100,0,0,4969,0,4969,G
6-NA,1101,1,0,0,4963,4964,C
6-NA,1102,0,3,4976,0,4979,G
6-NA,1103,4919,0,1,0,4920,A
6-NA,1104,7,4,4949,0,4960,G
6-NA,1105,4935,1,15,0,4951,A
6-NA,1106,4956,0,1,0,4957,A
6-NA,1107,0,0,4980,0,4980,G
6-NA,1108,0,4920,0,4,4924,T
6-NA,1109,3,0,0,4941,4944,C
6-NA,1110,4918,0,0,0,4918,A
6-NA,1111,1,0,0,5044,5045,C
6-NA,1112,0,2,5036,0,5038,G
6-NA,1113,0,1,0,5035,5036,C
6-NA,1114,0,5005,0,2,5007,T
6-NA,1115,0,5017,0,0,5017,T
6-NA,1116,4978,0,6,0,4984,A
6-NA,1117,4,4,5093,0,5101,G
6-NA,1118,0,2,5091,0,5093,G
6-NA,1119,1,0,5198,0,5199,G
6-NA,1120,1,4874,1,3,4879,T
6-NA,1121,4921,0,2,0,4923,A
6-NA,1122,0,4894,0,2,4896,T
6-NA,1123,11,6,4894,0,4911,G
6-NA,1124,4909,2,0,0,4911,A
6-NA,1125,4895,0,0,0,4895,A
6-NA,1126,4691,0,1,0,4692,A
6-NA,1127,2,0,0,4736,4738,C
6-NA,1128,3,0,0,4659,4662,C
6-NA,1129,0,4589,0,3,4592,T
6-NA,1130,0,4594,0,3,4597,T
6-NA,1131,4,0,0,4594,4598,C
6-NA,1132,4613,0,0,0,4613,A
6-NA,1133,4607,0,0,0,4607,A
6-NA,1134,4591,0,0,0,4591,A
6-NA,1135,1,0,4611,1,4613,G
6-NA,1136,1,4515,0,1,4517,T
6-NA,1137,6,4,0,4546,4556,C
6-NA,1138,4634,0,0,1,4635,A
6-NA,1139,0,4630,1,0,4631,T
6-NA,1140,1,4632,1,1,4635,T
6-NA,1141,1,2,4649,0,4652,G
6-NA,1142,4625,0,2,0,4627,A
6-NA,1143,4644,0,1,0,4645,A
6-NA,1144,7,4,4715,0,4726,G
6-NA,1145,11,1,4699,0,4711,G
6-NA,1146,0,1,0,4722,4723,C
6-NA,1147,0,4592,0,2,4594,T
6-NA,1148,7,1,4624,0,4632,G
6-NA,1149,2,0,4696,0,4698,G
6-NA,1150,0,4657,0,2,4659,T
6-NA,1151,4,0,0,4657,4661,C
6-NA,1152,2,4,0,4649,4655,C
6-NA,1153,4643,0,1,1,4645,A
6-NA,1154,4645,0,1,0,4646,A
6-NA,1155,2,0,0,4683,4685,C
6-NA,1156,3,0,0,4677,4680,C
6-NA,1157,2,1,0,4686,4689,C
6-NA,1158,0,4537,0,1,4538,T
6-NA,1159,4528,0,1,0,4529,A
6-NA,1160,4523,1,4,0,4528,A
6-NA,1161,0,0,4573,0,4573,G
6-NA,1162,0,4511,0,3,4514,T
6-NA,1163,4,1,0,4513,4518,C
6-NA,1164,4,0,0,4465,4469,C
6-NA,1165,4463,0,1,0,4464,A
6-NA,1166,4442,0,1,0,4443,A
6-NA,1167,4460,0,2,0,4462,A
6-NA,1168,0,4431,0,1,4432,T
6-NA,1169,0,4441,0,1,4442,T
6-NA,1170,1,0,4433,0,4434,G
6-NA,1171,1,1,0,4404,4406,C
6-NA,1172,4417,0,4,0,4421,A
6-NA,1173,0,1,4422,0,4423,G
6-NA,1174,4416,0,0,0,4416,A
6-NA,1175,0,4490,0,1,4491,T
6-NA,1176,4509,0,0,0,4509,A
6-NA,1177,4495,1,0,0,4496,A
6-NA,1178,4501,1,1,0,4503,A
6-NA,1179,0,4476,0,0,4476,T
6-NA,1180,4479,1,2,0,4482,A
6-NA,1181,1,1,4458,0,4460,G
6-NA,1182,15,0,4429,0,4444,G
6-NA,1183,0,1,0,4428,4429,C
6-NA,1184,4326,0,2,0,4328,A
6-NA,1185,4360,0,4,0,4364,A
6-NA,1186,5,2,4408,1,4416,G
6-NA,1187,0,4399,0,6,4405,T
6-NA,1188,3,0,0,4401,4404,C
6-NA,1189,4427,0,0,0,4427,A
6-NA,1190,0,4413,0,1,4414,T
6-NA,1191,4526,1,1,0,4528,A
6-NA,1192,3,0,4526,0,4529,G
6-NA,1193,1,4526,0,1,4528,T
6-NA,1194,1,4413,0,4,4418,T
6-NA,1195,0,3,4384,0,4387,G
6-NA,1196,4359,1,4,1,4365,A
6-NA,1197,0,0,0,4359,4359,C
6-NA,1198,4302,0,2,0,4304,A
6-NA,1199,1,4,4387,0,4392,G
6-NA,1200,4359,0,6,0,4365,A
6-NA,1201,1,5,4544,0,4550,G
6-NA,1202,0,1,4553,0,4554,G
6-NA,1203,0,4549,0,1,4550,T
6-NA,1204,4546,0,2,0,4548,A
6-NA,1205,4546,0,3,0,4549,A
6-NA,1206,0,4524,0,2,4526,T
6-NA,1207,4533,0,1,0,4534,A
6-NA,1208,2,0,4500,0,4502,G
6-NA,1209,0,1,4423,0,4424,G
6-NA,1210,0,4145,0,2,4147,T
6-NA,1211,1,0,0,4101,4102,C
6-NA,1212,2,0,0,4135,4137,C
6-NA,1213,6,1,4157,0,4164,G
6-NA,1214,0,0,4166,1,4167,G
6-NA,1215,0,4166,0,0,4166,T
6-NA,1216,0,4161,0,0,4161,T
6-NA,1217,4152,1,0,0,4153,A
6-NA,1218,0,4105,0,0,4105,T
6-NA,1219,0,4119,0,0,4119,T
6-NA,1220,1,1,0,4109,4111,C
6-NA,1221,0,4039,0,2,4041,T
6-NA,1222,14,1,4057,0,4072,G
6-NA,1223,4,0,4074,0,4078,G
6-NA,1224,1,4074,0,2,4077,T
6-NA,1225,4083,0,1,0,4084,A
6-NA,1226,0,4022,0,0,4022,T
6-NA,1227,0,4045,0,2,4047,T
6-NA,1228,0,4033,0,1,4034,T
6-NA,1229,0,4054,0,3,4057,T
6-NA,1230,2,0,0,4064,4066,C
6-NA,1231,0,3996,0,5,4001,T
6-NA,1232,1,0,0,4043,4044,C
6-NA,1233,0,4044,0,1,4045,T
6-NA,1234,1,1,4152,0,4154,G
6-NA,1235,0,4140,0,7,4147,T
6-NA,1236,1,4118,0,1,4120,T
6-NA,1237,0,0,4135,0,4135,G
6-NA,1238,4093,0,1,0,4094,A
6-NA,1239,4084,1,5,1,4091,A
6-NA,1240,1,1,4103,0,4105,G
6-NA,1241,3,1,4106,0,4110,G
6-NA,1242,1,0,0,4104,4105,C
6-NA,1243,4055,0,1,0,4056,A
6-NA,1244,4054,0,2,0,4056,A
6-NA,1245,4075,0,1,0,4076,A
6-NA,1246,4068,0,3,0,4071,A
6-NA,1247,2,2,4056,0,4060,G
6-NA,1248,0,0,0,4063,4063,C
6-NA,1249,0,3996,0,5,4001,T
6-NA,1250,2,2,4045,0,4049,G
6-NA,1251,2,0,0,4031,4033,C
6-NA,1252,4045,1,1,0,4047,A
6-NA,1253,0,4026,0,1,4027,T
6-NA,1254,4,0,0,4001,4005,C
6-NA,1255,4012,0,0,0,4012,A
6-NA,1256,4017,0,0,0,4017,A
6-NA,1257,0,4009,0,2,4011,T
6-NA,1258,2,1,0,4024,4027,C
6-NA,1259,1,2,3959,0,3962,G
6-NA,1260,0,0,4026,0,4026,G
6-NA,1261,4,4016,0,1,4021,T
6-NA,1262,0,0,4022,0,4022,G
6-NA,1263,1,2,0,4051,4054,C
6-NA,1264,1,4027,0,10,4038,T
6-NA,1265,0,4093,0,2,4095,T
6-NA,1266,0,4100,0,1,4101,T
6-NA,1267,0,4111,0,0,4111,T
6-NA,1268,4143,0,0,0,4143,A
6-NA,1269,0,3990,0,1,3991,T
6-NA,1270,1,0,3995,0,3996,G
6-NA,1271,1,3953,0,0,3954,T
6-NA,1272,12,1,3910,0,3923,G
6-NA,1273,9,2,3970,0,3981,G
6-NA,1274,3915,0,0,0,3915,A
6-NA,1275,0,1,3950,0,3951,G
6-NA,1276,0,3932,0,0,3932,T
6-NA,1277,0,3915,0,5,3920,T
6-NA,1278,1,2,3949,0,3952,G
6-NA,1279,3946,1,2,0,3949,A
6-NA,1280,0,3945,0,0,3945,T
6-NA,1281,3923,0,1,0,3924,A
6-NA,1282,3809,1,1,0,3811,A
6-NA,1283,2,1,3842,0,3845,G
6-NA,1284,9,2,3778,0,3789,G
6-NA,1285,7,2,3757,0,3766,G
6-NA,1286,4,2,3772,0,3778,G
6-NA,1287,3751,1,2,0,3754,A
6-NA,1288,3737,0,5,0,3742,A
6-NA,1289,10,2,3756,0,3768,G
6-NA,1290,3773,1,0,0,3774,A
6-NA,1291,3767,0,1,0,3768,A
6-NA,1292,3717,0,1,0,3718,A
6-NA,1293,3652,0,4,0,3656,A
6-NA,1294,0,0,3670,0,3670,G
6-NA,1295,3626,0,4,0,3630,A
6-NA,1296,0,3,3617,0,3620,G
6-NA,1297,13,2,3608,0,3623,G
6-NA,1298,3598,0,1,0,3599,A
6-NA,1299,3583,0,1,0,3584,A
6-NA,1300,3576,2,3,0,3581,A
6-NA,1301,0,0,0,3608,3608,C
6-NA,1302,0,3576,0,2,3578,T
6-NA,1303,0,3,3596,0,3599,G
6-NA,1304,3585,0,1,0,3586,A
6-NA,1305,3578,0,1,0,3579,A
6-NA,1306,1,0,3596,0,3597,G
6-NA,1307,0,3536,0,0,3536,T
6-NA,1308,1,0,0,3560,3561,C
6-NA,1309,0,3540,0,6,3546,T
6-NA,1310,0,3534,0,1,3535,T
6-NA,1311,0,0,3544,0,3544,G
6-NA,1312,0,3521,0,2,3523,T
6-NA,1313,1,5,3509,0,3515,G
6-NA,1314,0,1,3513,0,3514,G
6-NA,1315,3417,0,1,0,3418,A
6-NA,1316,0,0,0,3453,3453,C
6-NA,1317,0,1,0,3388,3389,C
6-NA,1318,4,3380,0,7,3391,T
6-NA,1319,4,1,0,3401,3406,C
6-NA,1320,3425,1,0,0,3426,A
6-NA,1321,3419,0,2,0,3421,A
6-NA,1322,3414,0,1,0,3415,A
6-NA,1323,0,1,0,3464,3465,C
6-NA,1324,3374,0,1,0,3375,A
6-NA,1325,0,0,3434,0,3434,G
6-NA,1326,0,3386,0,2,3388,T
6-NA,1327,3335,0,1,44,3380,A
6-NA,1328,1,3366,0,0,3367,T
6-NA,1329,0,3346,0,0,3346,T
6-NA,1330,0,0,3364,0,3364,G
6-NA,1331,0,3349,0,0,3349,T
6-NA,1332,0,3196,1,3,3200,T
6-NA,1333,0,0,3209,0,3209,G
6-NA,1334,0,2990,0,0,2990,T
6-NA,1335,9,0,2999,0,3008,G
6-NA,1336,0,2982,0,2,2984,T
6-NA,1337,0,2942,0,0,2942,T
6-NA,1338,0,2942,0,1,2943,T
6-NA,1339,1,2882,0,0,2883,T
6-NA,1340,7,1,2878,0,2886,G
6-NA,1341,1,2874,0,4,2879,T
6-NA,1342,3,2,2867,0,2872,G
6-NA,1343,1,1,2860,0,2862,G
6-NA,1344,0,1,0,2813,2814,C
6-NA,1345,2770,0,1,0,2771,A
6-NA,1346,0,4,0,2806,2810,C
6-NA,1347,2,0,0,2791,2793,C
6-NA,1348,0,2801,0,0,2801,T
6-NA,1349,1,0,0,2805,2806,C
6-NA,1350,2805,0,4,0,2809,A
6-NA,1351,0,2,2820,0,2822,G
6-NA,1352,0,0,2824,0,2824,G
6-NA,1353,0,2814,0,2,2816,T
6-NA,1354,2807,0,1,0,2808,A
6-NA,1355,3,2,0,2663,2668,C
6-NA,1356,2653,0,0,0,2653,A
6-NA,1357,1,2651,0,0,2652,T
6-NA,1358,2577,0,5,0,2582,A
6-NA,1359,0,2579,0,0,2579,T
6-NA,1360,1,0,2426,0,2427,G
6-NA,1361,8,1,2422,0,2431,G
6-NA,1362,2410,0,0,0,2410,A
6-NA,1363,2372,0,1,0,2373,A
6-NA,1364,1,0,0,2348,2349,C
6-NA,1365,1969,0,1,0,1970,A
6-NA,1366,0,0,1970,0,1970,G
6-NA,1367,2,0,1955,0,1957,G
6-NA,1368,1,0,0,1959,1960,C
6-NA,1369,0,1965,0,3,1968,T
6-NA,1370,2,0,0,1866,1868,C
6-NA,1371,1863,0,0,0,1863,A
6-NA,1372,0,1856,0,1,1857,T
6-NA,1373,0,0,1872,0,1872,G
6-NA,1374,0,0,1859,0,1859,G
6-NA,1375,0,0,0,1800,1800,C
6-NA,1376,0,0,0,1791,1791,C
6-NA,1377,0,1685,0,0,1685,T
6-NA,1378,1,2,1676,0,1679,G
6-NA,1379,1673,0,1,0,1674,A
6-NA,1380,0,1671,0,0,1671,T
6-NA,1381,0,1,1645,0,1646,G
6-NA,1382,0,2,1622,0,1624,G
6-NA,1383,0,1,1533,0,1534,G
6-NA,1384,1,0,1531,0,1532,G
6-NA,1385,0,1,0,1499,1500,C
6-NA,1386,0,1,1503,0,1504,G
6-NA,1387,0,0,1489,0,1489,G
6-NA,1388,1471,0,1,0,1472,A
6-NA,1389,1,0,0,1468,1469,C
6-NA,1390,1463,0,1,0,1464,A
6-NA,1391,0,1432,0,1,1433,T
6-NA,1392,1,0,0,1429,1430,C
6-NA,1393,1429,0,1,0,1430,A
6-NA,1394,1425,0,0,0,1425,A
6-NA,1395,0,1419,0,0,1419,T
6-NA,1396,2,0,0,1392,1394,C
6-NA,1397,0,1353,0,1,1354,T
6-NA,1398,1,0,0,1185,1186,C
6-NA,1399,1174,0,1,0,1175,A
6-NA,1400,0,1169,0,0,1169,T
6-NA,1401,1,0,1171,0,1172,G
6-NA,1402,0,9,0,1152,1161,C
6-NA,1403,1,0,0,1112,1113,C
6-NA,1404,0,1002,0,1,1003,T
6-NA,1405,998,0,0,0,998,A
6-NA,1406,0,992,0,0,992,T
6-NA,1407,982,0,0,0,982,A
6-NA,1408,0,977,0,0,977,T
6-NA,1409,894,0,0,0,894,A
6-NA,1410,851,0,0,0,851,A
7-M,1,76,0,0,0,76,A
7-M,2,0,77,0,0,77,T
7-M,3,0,0,78,0,78,G
7-M,4,78,0,1,0,79,A
7-M,5,0,0,85,0,85,G
7-M,6,0,0,0,92,92,C
7-M,7,0,1,0,92,93,C
7-M,8,0,118,0,0,118,T
7-M,9,0,120,0,0,120,T
7-M,10,0,0,0,119,119,C
7-M,11,0,120,0,0,120,T
7-M,12,121,0,0,0,121,A
7-M,13,123,0,0,0,123,A
7-M,14,0,0,0,123,123,C
7-M,15,0,0,0,120,120,C
7-M,16,0,0,124,0,124,G
7-M,17,121,0,0,0,121,A
7-M,18,0,0,130,0,130,G
7-M,19,0,0,133,0,133,G
7-M,20,0,132,0,0,132,T
7-M,21,0,0,0,135,135,C
7-M,22,0,0,134,0,134,G
7-M,23,136,0,0,0,136,A
7-M,24,140,0,0,0,140,A
7-M,25,143,0,0,0,143,A
7-M,26,0,0,0,166,166,C
7-M,27,0,0,167,0,167,G
7-M,28,0,167,0,0,167,T
7-M,29,172,0,0,0,172,A
7-M,30,0,172,0,0,172,T
7-M,31,0,0,180,0,180,G
7-M,32,0,180,0,0,180,T
7-M,33,0,202,0,0,202,T
7-M,34,0,0,0,205,205,C
7-M,35,0,204,0,0,204,T
7-M,36,0,0,0,216,216,C
7-M,37,0,216,0,1,217,T
7-M,38,0,0,0,227,227,C
7-M,39,0,227,0,0,227,T
7-M,40,227,0,0,0,227,A
7-M,41,0,229,0,0,229,T
7-M,42,0,0,0,230,230,C
7-M,43,1,0,229,0,230,G
7-M,44,0,235,0,0,235,T
7-M,45,0,236,0,0,236,T
7-M,46,0,0,0,240,240,C
7-M,47,0,0,0,247,247,C
7-M,48,251,0,0,0,251,A
7-M,49,0,250,0,0,250,T
7-M,50,0,0,0,251,251,C
7-M,51,249,0,0,0,249,A
7-M,52,0,0,249,0,249,G
7-M,53,0,0,249,0,249,G
7-M,54,0,0,0,251,251,C
7-M,55,0,0,0,249,249,C
7-M,56,0,0,0,247,247,C
7-M,57,1,0,0,254,255,C
7-M,58,0,0,0,255,255,C
7-M,59,0,254,0,0,254,T
7-M,60,0,0,0,257,257,C
7-M,61,256,0,0,0,256,A
7-M,62,255,0,0,0,255,A
7-M,63,259,0,0,0,259,A
7-M,64,0,0,263,0,263,G
7-M,65,0,0,0,265,265,C
7-M,66,1,0,0,263,264,C
7-M,67,0,0,264,0,264,G
7-M,68,262,0,0,0,262,A
7-M,69,1,0,262,0,263,G
7-M,70,264,0,0,0,264,A
7-M,71,0,266,0,0,266,T
7-M,72,0,0,0,268,268,C
7-M,73,0,0,271,0,271,G
7-M,74,0,0,0,272,272,C
7-M,75,0,0,274,0,274,G
7-M,76,0,0,0,273,273,C
7-M,77,272,0,0,0,272,A
7-M,78,0,0,276,0,276,G
7-M,79,268,0,0,0,268,A
7-M,80,0,0,292,0,292,G
7-M,81,288,0,0,0,288,A
7-M,82,0,0,0,297,297,C
7-M,83,0,298,0,0,298,T
7-M,84,0,298,0,0,298,T
7-M,85,0,0,301,0,301,G
7-M,86,299,0,0,0,299,A
7-M,87,298,0,1,0,299,A
7-M,88,1,0,297,0,298,G
7-M,89,293,0,0,0,293,A
7-M,90,0,298,0,0,298,T
7-M,91,0,1,299,0,300,G
7-M,92,0,301,0,0,301,T
7-M,93,0,0,0,300,300,C
7-M,94,0,301,0,0,301,T
7-M,95,0,300,0,1,301,T
7-M,96,0,301,0,0,301,T
7-M,97,0,1,300,0,301,G
7-M,98,0,1,0,301,302,C
7-M,99,0,299,0,0,299,T
7-M,100,0,0,299,0,299,G
7-M,101,0,0,300,0,300,G
7-M,102,0,0,306,0,306,G
7-M,103,303,0,0,0,303,A
7-M,104,306,0,0,0,306,A
7-M,105,308,0,0,0,308,A
7-M,106,307,0,0,0,307,A
7-M,107,313,0,1,0,314,A
7-M,108,0,0,0,314,314,C
7-M,109,312,0,0,0,312,A
7-M,110,0,0,0,315,315,C
7-M,111,313,0,0,0,313,A
7-M,112,0,0,325,0,325,G
7-M,113,331,0,0,0,331,A
7-M,114,0,338,0,0,338,T
7-M,115,0,0,0,344,344,C
7-M,116,0,341,0,0,341,T
7-M,117,0,344,0,0,344,T
7-M,118,0,1,338,0,339,G
7-M,119,338,0,1,0,339,A
7-M,120,0,1,340,0,341,G
7-M,121,1,0,338,0,339,G
7-M,122,0,0,0,347,347,C
7-M,123,0,347,0,0,347,T
7-M,124,1,0,0,380,381,C
7-M,125,1,381,0,0,382,T
7-M,126,0,0,0,384,384,C
7-M,127,383,0,0,0,383,A
7-M,128,0,382,0,0,382,T
7-M,129,0,0,383,0,383,G
7-M,130,0,0,384,0,384,G
7-M,131,376,0,0,0,376,A
7-M,132,380,0,0,0,380,A
7-M,133,0,368,0,0,368,T
7-M,134,0,1,388,0,389,G
7-M,135,0,0,409,0,409,G
7-M,136,1,0,0,413,414,C
7-M,137,0,414,0,0,414,T
7-M,138,412,0,0,0,412,A
7-M,139,412,0,0,0,412,A
7-M,140,416,0,0,0,416,A
7-M,141,0,0,421,0,421,G
7-M,142,420,0,1,0,421,A
7-M,143,0,0,0,424,424,C
7-M,144,417,0,0,0,417,A
7-M,145,415,0,0,0,415,A
7-M,146,1,1,417,0,419,G
7-M,147,424,0,0,0,424,A
7-M,148,0,1,0,427,428,C
7-M,149,0,0,0,420,420,C
7-M,150,422,0,0,0,422,A
7-M,151,432,0,0,0,432,A
7-M,152,0,438,0,0,438,T
7-M,153,0,438,0,0,438,T
7-M,154,0,0,0,445,445,C
7-M,155,0,444,0,1,445,T
7-M,156,0,0,444,0,444,G
7-M,157,0,446,0,0,446,T
7-M,158,1,0,0,446,447,C
7-M,159,447,0,0,0,447,A
7-M,160,0,0,0,465,465,C
7-M,161,0,0,0,464,464,C
7-M,162,0,467,0,0,467,T
7-M,163,0,0,0,465,465,C
7-M,164,0,463,0,1,464,T
7-M,165,0,1,478,0,479,G
7-M,166,478,0,0,0,478,A
7-M,167,0,0,0,482,482,C
7-M,168,0,482,0,1,483,T
7-M,169,476,0,0,0,476,A
7-M,170,475,0,0,0,475,A
7-M,171,0,0,476,0,476,G
7-M,172,0,0,476,0,476,G
7-M,173,0,1,477,0,478,G
7-M,174,0,0,478,0,478,G
7-M,175,474,0,0,0,474,A
7-M,176,0,474,0,0,474,T
7-M,177,0,480,0,0,480,T
7-M,178,0,481,0,0,481,T
7-M,179,0,482,0,0,482,T
7-M,180,0,0,480,0,480,G
7-M,181,0,0,477,0,477,G
7-M,182,0,0,481,0,481,G
7-M,183,0,0,480,0,480,G
7-M,184,0,473,0,0,473,T
7-M,185,0,477,0,0,477,T
7-M,186,0,476,0,0,476,T
7-M,187,0,0,489,0,489,G
7-M,188,0,491,0,0,491,T
7-M,189,0,0,492,0,492,G
7-M,190,0,495,0,0,495,T
7-M,191,0,492,0,0,492,T
7-M,192,1,0,0,489,490,C
7-M,193,490,0,0,0,490,A
7-M,194,0,0,0,503,503,C
7-M,195,1,0,498,0,499,G
7-M,196,0,0,0,500,500,C
7-M,197,0,497,0,0,497,T
7-M,198,0,0,0,510,510,C
7-M,199,512,0,0,0,512,A
7-M,200,0,0,0,519,519,C
7-M,201,0,0,0,516,516,C
7-M,202,0,0,518,0,518,G
7-M,203,0,529,0,0,529,T
7-M,204,0,0,532,0,532,G
7-M,205,0,0,0,532,532,C
7-M,206,2,0,0,534,536,C
7-M,207,0,0,0,538,538,C
7-M,208,529,0,0,0,529,A
7-M,209,0,1,539,0,540,G
7-M,210,0,536,0,0,536,T
7-M,211,0,0,535,0,535,G
7-M,212,542,0,0,0,542,A
7-M,213,0,0,544,0,544,G
7-M,214,0,0,0,542,542,C
7-M,215,0,0,543,0,543,G
7-M,216,537,0,0,0,537,A
7-M,217,2,0,541,0,543,G
7-M,218,2,0,540,0,542,G
7-M,219,543,0,0,0,543,A
7-M,220,0,0,0,552,552,C
7-M,221,0,543,0,0,543,T
7-M,222,0,0,544,0,544,G
7-M,223,0,0,0,544,544,C
7-M,224,544,0,0,0,544,A
7-M,225,0,0,551,0,551,G
7-M,226,0,1,0,550,551,C
7-M,227,0,0,555,0,555,G
7-M,228,0,553,0,0,553,T
7-M,229,550,0,0,0,550,A
7-M,230,0,0,547,0,547,G
7-M,231,548,0,0,0,548,A
7-M,232,0,0,0,551,551,C
7-M,233,0,0,548,0,548,G
7-M,234,0,0,0,546,546,C
7-M,235,0,541,0,0,541,T
7-M,236,0,541,0,0,541,T
7-M,237,0,541,0,0,541,T
7-M,238,1,0,548,0,549,G
7-M,239,0,547,0,1,548,T
7-M,240,1,0,0,552,553,C
7-M,241,1,0,0,546,547,C
7-M,242,548,0,0,0,548,A
7-M,243,549,0,0,0,549,A
7-M,244,547,0,0,0,547,A
7-M,245,550,0,0,0,550,A
7-M,246,0,550,0,0,550,T
7-M,247,0,0,543,0,543,G
7-M,248,0,1,0,541,542,C
7-M,249,0,0,0,545,545,C
7-M,250,1,0,0,546,547,C
7-M,251,0,553,0,0,553,T
7-M,252,0,0,0,571,571,C
7-M,253,573,0,1,0,574,A
7-M,254,575,0,0,0,575,A
7-M,255,0,581,0,0,581,T
7-M,256,0,1,577,0,578,G
7-M,257,0,0,585,0,585,G
7-M,258,0,1,581,0,582,G
7-M,259,587,0,0,0,587,A
7-M,260,583,0,1,0,584,A
7-M,261,0,571,0,0,571,T
7-M,262,0,0,574,0,574,G
7-M,263,0,0,574,0,574,G
7-M,264,571,0,1,0,572,A
7-M,265,0,1,565,0,566,G
7-M,266,563,0,1,0,564,A
7-M,267,0,0,0,553,553,C
7-M,268,0,0,0,587,587,C
7-M,269,0,0,0,586,586,C
7-M,270,593,0,0,0,593,A
7-M,271,595,0,0,0,595,A
7-M,272,591,0,0,0,591,A
7-M,273,0,597,0,0,597,T
7-M,274,616,0,0,0,616,A
7-M,275,614,0,0,0,614,A
7-M,276,0,0,0,609,609,C
7-M,277,607,0,0,0,607,A
7-M,278,0,611,0,0,611,T
7-M,279,0,0,614,0,614,G
7-M,280,0,1,614,0,615,G
7-M,281,619,0,0,0,619,A
7-M,282,0,0,0,618,618,C
7-M,283,599,0,0,0,599,A
7-M,284,602,0,0,0,602,A
7-M,285,599,0,0,0,599,A
7-M,286,0,1,609,0,610,G
7-M,287,0,0,0,623,623,C
7-M,288,618,0,0,0,618,A
7-M,289,0,0,632,0,632,G
7-M,290,0,630,0,1,631,T
7-M,291,0,630,0,0,630,T
7-M,292,633,0,0,0,633,A
7-M,293,630,0,0,0,630,A
7-M,294,630,0,0,0,630,A
7-M,295,1,0,0,636,637,C
7-M,296,0,624,0,0,624,T
7-M,297,0,0,681,0,681,G
7-M,298,0,673,0,1,674,T
7-M,299,680,0,0,0,680,A
7-M,300,0,680,0,0,680,T
7-M,301,676,0,0,0,676,A
7-M,302,1,0,676,0,677,G
7-M,303,0,0,677,0,677,G
7-M,304,670,0,0,0,670,A
7-M,305,670,0,0,0,670,A
7-M,306,666,0,0,0,666,A
7-M,307,0,0,0,675,675,C
7-M,308,0,676,0,0,676,T
7-M,309,0,676,0,0,676,T
7-M,310,676,0,0,0,676,A
7-M,311,674,0,1,0,675,A
7-M,312,0,4,671,0,675,G
7-M,313,672,0,0,0,672,A
7-M,314,0,2,670,1,673,G
7-M,315,654,0,2,0,656,A
7-M,316,1,0,671,0,672,G
7-M,317,671,0,0,0,671,A
7-M,318,0,1,680,0,681,G
7-M,319,673,0,3,0,676,A
7-M,320,0,683,0,0,683,T
7-M,321,682,0,0,0,682,A
7-M,322,683,0,1,0,684,A
7-M,323,1,1,0,685,687,C
7-M,324,0,0,685,0,685,G
7-M,325,0,675,0,2,677,T
7-M,326,0,679,0,0,679,T
7-M,327,0,0,0,682,682,C
7-M,328,0,0,0,679,679,C
7-M,329,685,0,0,0,685,A
7-M,330,0,683,0,1,684,T
7-M,331,1,0,678,0,679,G
7-M,332,0,1,680,0,681,G
7-M,333,0,0,676,0,676,G
7-M,334,0,0,682,0,682,G
7-M,335,0,0,0,669,669,C
7-M,336,1,0,0,681,682,C
7-M,337,685,0,0,0,685,A
7-M,338,689,0,0,0,689,A
7-M,339,691,0,0,0,691,A
7-M,340,0,0,696,0,696,G
7-M,341,696,0,0,0,696,A
7-M,342,689,0,0,0,689,A
7-M,343,690,1,0,0,691,A
7-M,344,0,692,0,0,692,T
7-M,345,688,0,2,1,691,A
7-M,346,2,1,688,0,691,G
7-M,347,0,0,0,691,691,C
7-M,348,0,681,0,0,681,T
7-M,349,1,0,0,683,684,C
7-M,350,0,678,0,0,678,T
7-M,351,1,0,0,688,689,C
7-M,352,690,0,0,0,690,A
7-M,353,1,0,692,0,693,G
7-M,354,0,686,0,0,686,T
7-M,355,0,689,0,0,689,T
7-M,356,688,0,3,0,691,A
7-M,357,0,688,0,0,688,T
7-M,358,0,682,0,0,682,T
7-M,359,0,0,0,689,689,C
7-M,360,0,668,0,0,668,T
7-M,361,0,0,674,0,674,G
7-M,362,0,0,0,675,675,C
7-M,363,0,677,0,0,677,T
7-M,364,1,0,673,0,674,G
7-M,365,0,0,678,0,678,G
7-M,366,0,670,0,0,670,T
7-M,367,1,0,676,0,677,G
7-M,368,0,1,0,676,677,C
7-M,369,676,0,0,0,676,A
7-M,370,1,2,0,678,681,C
7-M,371,0,676,0,0,676,T
7-M,372,0,689,0,1,690,T
7-M,373,0,0,687,0,687,G
7-M,374,0,0,0,683,683,C
7-M,375,2,3,0,681,686,C
7-M,376,685,0,0,0,685,A
7-M,377,0,1,696,0,697,G
7-M,378,0,693,0,1,694,T
7-M,379,0,695,0,0,695,T
7-M,380,0,0,697,1,698,G
7-M,381,0,669,0,0,669,T
7-M,382,691,0,0,0,691,A
7-M,383,0,691,1,1,693,T
7-M,384,0,0,694,0,694,G
7-M,385,2,0,687,0,689,G
7-M,386,0,1,695,0,696,G
7-M,387,0,0,0,705,705,C
7-M,388,0,0,1,713,714,C
7-M,389,0,708,0,1,709,T
7-M,390,0,0,0,717,717,C
7-M,391,750,0,0,1,751,A
7-M,392,0,759,0,0,759,T
7-M,393,765,0,0,0,765,A
7-M,394,0,758,0,0,758,T
7-M,395,749,0,0,0,749,A
7-M,396,0,0,0,801,801,C
7-M,397,772,0,0,0,772,A
7-M,398,776,0,0,0,776,A
7-M,399,0,772,0,0,772,T
7-M,400,742,0,2,0,744,A
7-M,401,0,0,753,0,753,G
7-M,402,0,1,749,0,750,G
7-M,403,734,0,1,0,735,A
7-M,404,0,736,0,0,736,T
7-M,405,0,1,700,0,701,G
7-M,406,0,1,693,0,694,G
7-M,407,1,2,688,0,691,G
7-M,408,3,0,697,0,700,G
7-M,409,2,0,700,0,702,G
7-M,410,0,0,0,700,700,C
7-M,411,0,697,0,0,697,T
7-M,412,0,0,695,0,695,G
7-M,413,0,698,0,0,698,T
7-M,414,696,0,0,0,696,A
7-M,415,693,0,0,0,693,A
7-M,416,1,0,0,700,701,C
7-M,417,0,0,0,691,691,C
7-M,418,694,0,0,1,695,A
7-M,419,0,0,0,693,693,C
7-M,420,0,692,0,0,692,T
7-M,421,2,0,694,0,696,G
7-M,422,682,0,0,0,682,A
7-M,423,685,0,0,0,685,A
7-M,424,0,0,688,0,688,G
7-M,425,0,683,0,0,683,T
7-M,426,1,0,679,0,680,G
7-M,427,0,0,682,0,682,G
7-M,428,0,0,0,686,686,C
7-M,429,687,0,0,0,687,A
7-M,430,0,680,0,0,680,T
7-M,431,0,679,0,0,679,T
7-M,432,0,681,0,0,681,T
7-M,433,1,0,692,0,693,G
7-M,434,1,1,685,0,687,G
7-M,435,0,0,0,688,688,C
7-M,436,0,0,0,693,693,C
7-M,437,0,689,0,1,690,T
7-M,438,0,0,711,0,711,G
7-M,439,0,0,717,0,717,G
7-M,440,0,713,0,0,713,T
7-M,441,721,0,0,0,721,A
7-M,442,0,703,0,0,703,T
7-M,443,0,0,715,0,715,G
7-M,444,0,711,0,0,711,T
7-M,445,0,0,714,0,714,G
7-M,446,0,0,0,712,712,C
7-M,447,694,0,0,0,694,A
7-M,448,700,0,0,0,700,A
7-M,449,0,2,0,697,699,C
7-M,450,699,0,0,0,699,A
7-M,451,0,696,0,0,696,T
7-M,452,0,0,694,0,694,G
7-M,453,0,676,0,1,677,T
7-M,454,0,0,680,0,680,G
7-M,455,674,0,0,0,674,A
7-M,456,0,1,677,0,678,G
7-M,457,0,0,0,678,678,C
7-M,458,662,0,1,0,663,A
7-M,459,0,0,668,0,668,G
7-M,460,664,0,0,0,664,A
7-M,461,0,662,0,0,662,T
7-M,462,0,664,0,0,664,T
7-M,463,0,0,663,0,663,G
7-M,464,0,0,0,663,663,C
7-M,465,0,655,0,2,657,T
7-M,466,0,0,658,0,658,G
7-M,467,657,0,0,0,657,A
7-M,468,0,0,0,683,683,C
7-M,469,0,679,0,0,679,T
7-M,470,0,1,0,683,684,C
7-M,471,0,0,0,680,680,C
7-M,472,0,0,0,687,687,C
7-M,473,683,0,0,0,683,A
7-M,474,0,0,692,0,692,G
7-M,475,0,0,0,690,690,C
7-M,476,690,0,0,0,690,A
7-M,477,0,0,0,690,690,C
7-M,478,646,0,0,0,646,A
7-M,479,1,1,651,0,653,G
7-M,480,0,0,653,0,653,G
7-M,481,0,643,0,1,644,T
7-M,482,0,0,0,656,656,C
7-M,483,0,650,0,1,651,T
7-M,484,1,0,0,652,653,C
7-M,485,653,0,0,0,653,A
7-M,486,0,650,0,0,650,T
7-M,487,653,0,0,0,653,A
7-M,488,0,1,634,0,635,G
7-M,489,2,0,629,0,631,G
7-M,490,0,0,0,633,633,C
7-M,491,618,0,0,0,618,A
7-M,492,0,0,614,0,614,G
7-M,493,613,0,0,0,613,A
7-M,494,0,612,0,0,612,T
7-M,495,0,1,614,0,615,G
7-M,496,0,0,608,0,608,G
7-M,497,0,604,0,2,606,T
7-M,498,0,0,616,0,616,G
7-M,499,0,0,611,0,611,G
7-M,500,0,0,0,613,613,C
7-M,501,607,0,0,0,607,A
7-M,502,607,0,1,0,608,A
7-M,503,0,0,0,608,608,C
7-M,504,607,0,0,0,607,A
7-M,505,609,0,0,0,609,A
7-M,506,0,0,0,608,608,C
7-M,507,0,0,0,604,604,C
7-M,508,599,0,0,0,599,A
7-M,509,597,0,0,0,597,A
7-M,510,0,597,0,0,597,T
7-M,511,0,0,0,603,603,C
7-M,512,0,0,0,592,592,C
7-M,513,588,0,0,0,588,A
7-M,514,1,584,0,0,585,T
7-M,515,0,590,0,0,590,T
7-M,516,587,0,0,0,587,A
7-M,517,589,0,0,0,589,A
7-M,518,0,585,0,0,585,T
7-M,519,589,0,0,0,589,A
7-M,520,586,0,0,0,586,A
7-M,521,582,0,0,0,582,A
7-M,522,585,0,0,0,585,A
7-M,523,1,0,0,599,600,C
7-M,524,598,0,0,0,598,A
7-M,525,0,595,0,0,595,T
7-M,526,0,0,599,0,599,G
7-M,527,591,0,0,0,591,A
7-M,528,0,0,596,0,596,G
7-M,529,591,0,0,0,591,A
7-M,530,595,1,0,0,596,A
7-M,531,0,1,0,593,594,C
7-M,532,578,0,0,0,578,A
7-M,533,3,0,581,0,584,G
7-M,534,577,0,0,0,577,A
7-M,535,577,0,0,0,577,A
7-M,536,0,568,0,0,568,T
7-M,537,0,0,577,0,577,G
7-M,538,0,0,574,0,574,G
7-M,539,0,567,0,0,567,T
7-M,540,0,562,0,0,562,T
7-M,541,0,573,0,0,573,T
7-M,542,0,574,0,0,574,T
7-M,543,1,0,583,0,584,G
7-M,544,1,0,578,0,579,G
7-M,545,0,0,0,580,580,C
7-M,546,0,0,0,579,579,C
7-M,547,559,0,0,0,559,A
7-M,548,0,0,569,0,569,G
7-M,549,0,0,0,573,573,C
7-M,550,574,0,0,0,574,A
7-M,551,0,0,0,576,576,C
7-M,552,0,578,0,0,578,T
7-M,553,580,0,1,0,581,A
7-M,554,0,0,0,584,584,C
7-M,555,594,0,0,0,594,A
7-M,556,0,0,603,0,603,G
7-M,557,0,0,0,583,583,C
7-M,558,0,579,0,0,579,T
7-M,559,581,0,0,0,581,A
7-M,560,568,0,0,0,568,A
7-M,561,0,0,572,0,572,G
7-M,562,0,0,581,0,581,G
7-M,563,0,0,0,569,569,C
7-M,564,0,544,0,0,544,T
7-M,565,546,0,0,0,546,A
7-M,566,0,544,0,0,544,T
7-M,567,0,1,544,0,545,G
7-M,568,0,0,551,0,551,G
7-M,569,535,0,0,0,535,A
7-M,570,1,0,539,0,540,G
7-M,571,0,0,0,527,527,C
7-M,572,533,0,0,0,533,A
7-M,573,529,0,0,0,529,A
7-M,574,528,0,0,0,528,A
7-M,575,0,536,0,0,536,T
7-M,576,0,1,537,0,538,G
7-M,577,0,0,533,0,533,G
7-M,578,0,0,0,524,524,C
7-M,579,0,513,0,1,514,T
7-M,580,1,1,517,0,519,G
7-M,581,1,1,517,0,519,G
7-M,582,514,0,0,0,514,A
7-M,583,0,513,0,0,513,T
7-M,584,0,0,0,516,516,C
7-M,585,514,0,0,0,514,A
7-M,586,514,0,0,0,514,A
7-M,587,0,0,519,0,519,G
7-M,588,0,514,0,0,514,T
7-M,589,2,0,511,0,513,G
7-M,590,507,0,0,0,507,A
7-M,591,499,0,1,0,500,A
7-M,592,0,0,0,498,498,C
7-M,593,504,0,0,0,504,A
7-M,594,0,0,498,0,498,G
7-M,595,0,0,497,0,497,G
7-M,596,0,0,0,497,497,C
7-M,597,496,0,0,0,496,A
7-M,598,0,0,499,0,499,G
7-M,599,0,1,0,498,499,C
7-M,600,0,1,501,0,502,G
7-M,601,0,1,498,0,499,G
7-M,602,494,0,0,0,494,A
7-M,603,0,0,502,0,502,G
7-M,604,0,0,503,0,503,G
7-M,605,0,0,0,503,503,C
7-M,606,0,0,0,504,504,C
7-M,607,504,0,0,0,504,A
7-M,608,0,498,0,6,504,T
7-M,609,0,0,511,0,511,G
7-M,610,0,0,510,0,510,G
7-M,611,504,0,1,0,505,A
7-M,612,1,0,504,0,505,G
7-M,613,492,0,0,0,492,A
7-M,614,0,500,0,0,500,T
7-M,615,0,496,0,0,496,T
7-M,616,0,0,500,0,500,G
7-M,617,0,0,0,504,504,C
7-M,618,0,500,0,0,500,T
7-M,619,505,0,1,0,506,A
7-M,620,0,0,504,0,504,G
7-M,621,0,503,0,0,503,T
7-M,622,1,0,0,502,503,C
7-M,623,488,0,0,0,488,A
7-M,624,0,0,497,0,497,G
7-M,625,0,0,487,0,487,G
7-M,626,1,0,0,478,479,C
7-M,627,0,0,0,485,485,C
7-M,628,488,0,1,0,489,A
7-M,629,0,0,495,0,495,G
7-M,630,0,0,490,0,490,G
7-M,631,0,0,0,488,488,C
7-M,632,491,0,0,0,491,A
7-M,633,0,1,484,0,485,G
7-M,634,480,0,1,0,481,A
7-M,635,0,480,0,0,480,T
7-M,636,0,0,483,0,483,G
7-M,637,0,0,499,0,499,G
7-M,638,0,482,0,0,482,T
7-M,639,0,0,488,0,488,G
7-M,640,0,0,0,480,480,C
7-M,641,487,0,0,0,487,A
7-M,642,0,1,496,0,497,G
7-M,643,1,0,494,0,495,G
7-M,644,0,0,0,493,493,C
7-M,645,495,0,0,0,495,A
7-M,646,473,0,0,0,473,A
7-M,647,0,469,0,1,470,T
7-M,648,1,1,470,0,472,G
7-M,649,466,0,0,0,466,A
7-M,650,2,0,467,0,469,G
7-M,651,453,0,2,0,455,A
7-M,652,0,0,462,0,462,G
7-M,653,0,1,0,466,467,C
7-M,654,0,0,0,471,471,C
7-M,655,474,0,0,0,474,A
7-M,656,0,474,0,0,474,T
7-M,657,0,478,0,0,478,T
7-M,658,0,0,475,0,475,G
7-M,659,0,0,473,0,473,G
7-M,660,0,0,473,0,473,G
7-M,661,473,0,0,0,473,A
7-M,662,1,0,0,467,468,C
7-M,663,0,447,0,0,447,T
7-M,664,1,0,0,451,452,C
7-M,665,451,0,0,0,451,A
7-M,666,0,466,1,0,467,T
7-M,667,0,0,0,469,469,C
7-M,668,0,0,0,469,469,C
7-M,669,0,461,0,1,462,T
7-M,670,465,0,0,0,465,A
7-M,671,0,0,473,0,473,G
7-M,672,0,488,0,1,489,T
7-M,673,0,482,0,0,482,T
7-M,674,0,0,0,474,474,C
7-M,675,0,0,0,467,467,C
7-M,676,463,0,0,0,463,A
7-M,677,1,0,464,0,465,G
7-M,678,0,468,0,0,468,T
7-M,679,462,0,0,0,462,A
7-M,680,1,0,0,459,460,C
7-M,681,0,447,0,0,447,T
7-M,682,0,0,459,0,459,G
7-M,683,0,0,458,0,458,G
7-M,684,0,455,0,0,455,T
7-M,685,0,449,0,0,449,T
7-M,686,0,451,0,0,451,T
7-M,687,450,0,0,0,450,A
7-M,688,450,0,0,0,450,A
7-M,689,0,0,457,0,457,G
7-M,690,448,0,1,0,449,A
7-M,691,0,0,443,0,443,G
7-M,692,425,0,0,0,425,A
7-M,693,0,424,0,0,424,T
7-M,694,0,1,424,0,425,G
7-M,695,428,0,0,0,428,A
7-M,696,0,419,0,0,419,T
7-M,697,0,0,0,426,426,C
7-M,698,0,418,0,0,418,T
7-M,699,0,425,0,0,425,T
7-M,700,0,0,0,428,428,C
7-M,701,0,426,0,0,426,T
7-M,702,0,423,0,0,423,T
7-M,703,0,0,422,0,422,G
7-M,704,424,0,0,0,424,A
7-M,705,426,0,0,0,426,A
7-M,706,423,0,0,0,423,A
7-M,707,424,0,0,0,424,A
7-M,708,1,419,0,0,420,T
7-M,709,0,421,0,0,421,T
7-M,710,0,424,0,0,424,T
7-M,711,0,0,422,0,422,G
7-M,712,1,1,0,418,420,C
7-M,713,420,0,1,0,421,A
7-M,714,0,0,422,0,422,G
7-M,715,420,0,0,0,420,A
7-M,716,0,0,0,431,431,C
7-M,717,12,0,0,420,432,C
7-M,718,0,429,0,0,429,T
7-M,719,435,0,0,0,435,A
7-M,720,0,435,0,0,435,T
7-M,721,0,0,0,437,437,C
7-M,722,436,0,0,0,436,A
7-M,723,0,1,436,0,437,G
7-M,724,432,0,0,0,432,A
7-M,725,416,0,0,0,416,A
7-M,726,414,0,1,1,416,A
7-M,727,0,0,0,421,421,C
7-M,728,0,0,417,0,417,G
7-M,729,413,0,0,0,413,A
7-M,730,413,0,1,0,414,A
7-M,731,0,411,0,0,411,T
7-M,732,0,0,409,0,409,G
7-M,733,0,1,415,0,416,G
7-M,734,0,0,414,0,414,G
7-M,735,0,0,411,0,411,G
7-M,736,1,0,410,0,411,G
7-M,737,0,403,0,0,403,T
7-M,738,0,0,402,0,402,G
7-M,739,0,0,0,401,401,C
7-M,740,403,0,1,0,404,A
7-M,741,2,0,404,0,406,G
7-M,742,398,0,0,0,398,A
7-M,743,0,394,0,0,394,T
7-M,744,0,0,390,0,390,G
7-M,745,0,1,0,385,386,C
7-M,746,385,0,0,0,385,A
7-M,747,382,0,0,0,382,A
7-M,748,0,0,0,385,385,C
7-M,749,0,1,385,0,386,G
7-M,750,382,0,0,0,382,A
7-M,751,0,380,0,0,380,T
7-M,752,0,382,0,0,382,T
7-M,753,0,0,0,382,382,C
7-M,754,361,0,0,0,361,A
7-M,755,361,0,0,0,361,A
7-M,756,0,0,362,0,362,G
7-M,757,0,357,0,0,357,T
7-M,758,2,0,356,0,358,G
7-M,759,355,0,1,0,356,A
7-M,760,0,0,0,353,353,C
7-M,761,0,0,0,351,351,C
7-M,762,2,0,0,353,355,C
7-M,763,0,0,355,0,355,G
7-M,764,0,0,0,349,349,C
7-M,765,0,356,0,0,356,T
7-M,766,0,356,0,0,356,T
7-M,767,0,0,356,0,356,G
7-M,768,0,356,0,0,356,T
7-M,769,0,357,0,0,357,T
7-M,770,0,0,358,0,358,G
7-M,771,0,351,0,0,351,T
7-M,772,0,350,0,0,350,T
7-M,773,0,0,344,0,344,G
7-M,774,0,0,0,341,341,C
7-M,775,0,0,0,346,346,C
7-M,776,0,0,349,0,349,G
7-M,777,0,0,0,345,345,C
7-M,778,2,0,347,0,349,G
7-M,779,346,0,0,0,346,A
7-M,780,344,0,0,0,344,A
7-M,781,0,350,0,0,350,T
7-M,782,344,0,2,0,346,A
7-M,783,0,351,0,0,351,T
7-M,784,0,0,0,355,355,C
7-M,785,359,0,0,0,359,A
7-M,786,0,358,0,0,358,T
7-M,787,0,356,0,0,356,T
7-M,788,0,0,356,0,356,G
7-M,789,0,0,355,0,355,G
7-M,790,0,0,355,0,355,G
7-M,791,354,0,0,0,354,A
7-M,792,0,350,0,0,350,T
7-M,793,0,0,0,340,340,C
7-M,794,0,340,0,1,341,T
7-M,795,0,339,0,1,340,T
7-M,796,0,0,341,0,341,G
7-M,797,0,0,0,340,340,C
7-M,798,339,0,1,0,340,A
7-M,799,0,0,0,342,342,C
7-M,800,0,336,0,0,336,T
7-M,801,0,337,0,0,337,T
7-M,802,0,0,339,0,339,G
7-M,803,338,0,0,0,338,A
7-M,804,0,337,0,0,337,T
7-M,805,323,0,0,0,323,A
7-M,806,0,321,0,0,321,T
7-M,807,0,316,0,0,316,T
7-M,808,0,1,318,0,319,G
7-M,809,1,317,0,1,319,T
7-M,810,0,1,318,0,319,G
7-M,811,0,0,319,0,319,G
7-M,812,311,0,0,0,311,A
7-M,813,0,307,0,0,307,T
7-M,814,0,310,0,0,310,T
7-M,815,1,0,0,306,307,C
7-M,816,0,308,0,0,308,T
7-M,817,0,304,0,0,304,T
7-M,818,0,0,305,0,305,G
7-M,819,297,0,0,0,297,A
7-M,820,0,299,0,0,299,T
7-M,821,1,0,0,293,294,C
7-M,822,0,0,294,0,294,G
7-M,823,0,296,0,0,296,T
7-M,824,0,0,0,291,291,C
7-M,825,0,292,0,0,292,T
7-M,826,0,294,0,0,294,T
7-M,827,0,294,0,0,294,T
7-M,828,0,295,0,0,295,T
7-M,829,0,295,0,0,295,T
7-M,830,0,295,0,0,295,T
7-M,831,0,294,0,1,295,T
7-M,832,0,0,0,295,295,C
7-M,833,295,0,0,0,295,A
7-M,834,296,0,0,0,296,A
7-M,835,294,0,0,0,294,A
7-M,836,0,295,0,0,295,T
7-M,837,0,0,294,0,294,G
7-M,838,0,0,0,294,294,C
7-M,839,0,0,297,0,297,G
7-M,840,0,302,0,0,302,T
7-M,841,2,1,0,295,298,C
7-M,842,0,302,0,0,302,T
7-M,843,302,0,0,0,302,A
7-M,844,0,300,0,0,300,T
7-M,845,0,0,0,302,302,C
7-M,846,0,0,303,0,303,G
7-M,847,299,0,0,1,300,A
7-M,848,0,1,0,297,298,C
7-M,849,0,285,0,0,285,T
7-M,850,0,0,0,290,290,C
7-M,851,0,287,0,0,287,T
7-M,852,0,288,0,0,288,T
7-M,853,0,0,0,288,288,C
7-M,854,287,0,0,0,287,A
7-M,855,288,0,0,0,288,A
7-M,856,287,0,0,0,287,A
7-M,857,0,0,0,284,284,C
7-M,858,286,0,0,0,286,A
7-M,859,0,0,0,271,271,C
7-M,860,0,0,266,0,266,G
7-M,861,0,0,277,0,277,G
7-M,862,0,0,0,274,274,C
7-M,863,0,0,0,274,274,C
7-M,864,0,273,0,0,273,T
7-M,865,0,276,0,0,276,T
7-M,866,277,0,0,0,277,A
7-M,867,278,0,0,0,278,A
7-M,868,279,0,0,0,279,A
7-M,869,277,0,0,0,277,A
7-M,870,0,0,277,0,277,G
7-M,871,232,0,1,0,233,A
7-M,872,0,0,233,0,233,G
7-M,873,0,0,231,0,231,G
7-M,874,1,0,0,228,229,C
7-M,875,1,0,0,221,222,C
7-M,876,1,0,0,228,229,C
7-M,877,0,231,0,0,231,T
7-M,878,0,235,0,0,235,T
7-M,879,0,0,0,234,234,C
7-M,880,0,233,0,0,233,T
7-M,881,237,0,0,0,237,A
7-M,882,0,0,0,236,236,C
7-M,883,1,0,228,0,229,G
7-M,884,0,0,228,0,228,G
7-M,885,219,0,0,0,219,A
7-M,886,218,0,0,0,218,A
7-M,887,0,0,212,0,212,G
7-M,888,0,1,211,0,212,G
7-M,889,210,0,0,0,210,A
7-M,890,1,0,209,0,210,G
7-M,891,0,209,0,0,209,T
7-M,892,208,0,0,0,208,A
7-M,893,0,0,0,203,203,C
7-M,894,0,0,0,207,207,C
7-M,895,0,204,0,0,204,T
7-M,896,1,0,204,0,205,G
7-M,897,197,0,0,0,197,A
7-M,898,0,0,201,0,201,G
7-M,899,0,195,0,0,195,T
7-M,900,0,0,0,195,195,C
7-M,901,0,193,0,1,194,T
7-M,902,194,0,0,0,194,A
7-M,903,0,194,0,0,194,T
7-M,904,0,0,194,0,194,G
7-M,905,186,0,1,0,187,A
7-M,906,0,0,187,0,187,G
7-M,907,0,0,177,0,177,G
7-M,908,0,0,177,0,177,G
7-M,909,175,0,0,0,175,A
7-M,910,173,0,0,0,173,A
7-M,911,0,0,173,0,173,G
7-M,912,172,0,0,0,172,A
7-M,913,180,0,0,0,180,A
7-M,914,0,180,0,0,180,T
7-M,915,177,0,0,0,177,A
7-M,916,0,177,0,0,177,T
7-M,917,0,10,0,160,170,C
7-M,918,0,0,172,0,172,G
7-M,919,172,0,0,0,172,A
7-M,920,168,0,0,0,168,A
7-M,921,168,0,0,0,168,A
7-M,922,0,0,167,0,167,G
7-M,923,0,0,170,0,170,G
7-M,924,167,0,0,0,167,A
7-M,925,165,0,0,0,165,A
7-M,926,0,0,0,169,169,C
7-M,927,163,0,0,0,163,A
7-M,928,0,0,167,0,167,G
7-M,929,0,0,0,168,168,C
7-M,930,163,0,0,0,163,A
7-M,931,0,0,163,0,163,G
7-M,932,154,0,0,0,154,A
7-M,933,155,0,0,0,155,A
7-M,934,0,154,0,0,154,T
7-M,935,0,0,154,0,154,G
7-M,936,0,0,0,152,152,C
7-M,937,0,148,0,0,148,T
7-M,938,0,0,149,0,149,G
7-M,939,0,148,0,0,148,T
7-M,940,0,0,148,0,148,G
7-M,941,0,0,147,0,147,G
7-M,942,142,0,0,0,142,A
7-M,943,0,141,0,0,141,T
7-M,944,0,0,134,0,134,G
7-M,945,1,1,0,130,132,C
7-M,946,0,124,0,0,124,T
7-M,947,0,0,124,0,124,G
7-M,948,122,0,0,0,122,A
7-M,949,0,0,0,121,121,C
7-M,950,0,0,120,0,120,G
7-M,951,119,0,0,0,119,A
7-M,952,0,0,0,118,118,C
7-M,953,115,0,0,0,115,A
7-M,954,0,0,115,0,115,G
7-M,955,0,115,0,0,115,T
7-M,956,0,0,0,112,112,C
7-M,957,114,0,0,0,114,A
7-M,958,0,114,0,0,114,T
7-M,959,0,113,0,0,113,T
7-M,960,0,112,0,0,112,T
7-M,961,0,111,0,0,111,T
7-M,962,0,0,111,0,111,G
7-M,963,0,109,0,0,109,T
7-M,964,0,0,0,108,108,C
7-M,965,109,0,0,0,109,A
7-M,966,0,0,109,0,109,G
7-M,967,0,0,0,109,109,C
7-M,968,108,0,0,0,108,A
7-M,969,0,108,0,0,108,T
7-M,970,104,0,0,0,104,A
7-M,971,0,0,103,0,103,G
7-M,972,101,0,0,0,101,A
7-M,973,0,0,102,0,102,G
7-M,974,0,98,0,0,98,T
7-M,975,0,70,0,0,70,T
7-M,976,0,0,70,0,70,G
7-M,977,0,0,69,0,69,G
7-M,978,67,0,0,0,67,A
7-M,979,0,0,66,0,66,G
7-M,980,0,39,0,0,39,T
7-M,981,40,0,0,0,40,A
7-M,982,40,0,0,0,40,A
8-NS,1,910,0,0,0,910,A
8-NS,2,0,918,0,0,918,T
8-NS,3,0,0,978,0,978,G
8-NS,4,0,0,1035,0,1035,G
8-NS,5,1112,0,0,0,1112,A
8-NS,6,0,2097,0,0,2097,T
8-NS,7,0,2105,0,0,2105,T
8-NS,8,0,0,1,2172,2173,C
8-NS,9,0,0,0,2183,2183,C
8-NS,10,2190,0,0,0,2190,A
8-NS,11,2201,0,0,0,2201,A
8-NS,12,0,0,0,2215,2215,C
8-NS,13,2216,0,0,0,2216,A
8-NS,14,0,0,0,2251,2251,C
8-NS,15,0,2244,0,0,2244,T
8-NS,16,1,0,2461,1,2463,G
8-NS,17,0,2461,0,0,2461,T
8-NS,18,3,0,2501,0,2504,G
8-NS,19,1,2497,0,6,2504,T
8-NS,20,2,0,0,2507,2509,C
8-NS,21,2512,0,2,0,2514,A
8-NS,22,2500,0,0,0,2500,A
8-NS,23,14,0,2531,0,2545,G
8-NS,24,0,2585,0,0,2585,T
8-NS,25,0,2590,0,3,2593,T
8-NS,26,0,2614,0,0,2614,T
8-NS,27,1,1,0,2605,2607,C
8-NS,28,0,0,0,2619,2619,C
8-NS,29,2600,0,1,0,2601,A
8-NS,30,0,3,2642,0,2645,G
8-NS,31,2,0,2647,0,2649,G
8-NS,32,1,2610,0,3,2614,T
8-NS,33,2667,0,0,0,2667,A
8-NS,34,0,0,2682,0,2682,G
8-NS,35,2680,0,3,0,2683,A
8-NS,36,0,2703,0,0,2703,T
8-NS,37,0,2704,1,0,2705,T
8-NS,38,0,1,2726,0,2727,G
8-NS,39,0,0,0,2721,2721,C
8-NS,40,0,2745,0,0,2745,T
8-NS,41,0,2763,0,3,2766,T
8-NS,42,0,2779,0,1,2780,T
8-NS,43,1,0,0,2843,2844,C
8-NS,44,0,2826,2,2,2830,T
8-NS,45,0,2838,0,0,2838,T
8-NS,46,0,2840,0,3,2843,T
8-NS,47,5,2,2857,0,2864,G
8-NS,48,0,0,2860,0,2860,G
8-NS,49,1,0,0,2889,2890,C
8-NS,50,2885,0,1,0,2886,A
8-NS,51,1,2896,0,0,2897,T
8-NS,52,2919,0,0,0,2919,A
8-NS,53,2,3160,0,0,3162,T
8-NS,54,1,0,0,3191,3192,C
8-NS,55,2,0,0,3182,3184,C
8-NS,56,2,0,3174,0,3176,G
8-NS,57,0,3179,1,0,3180,T
8-NS,58,3228,0,0,1,3229,A
8-NS,59,3222,0,1,0,3223,A
8-NS,60,3221,0,0,0,3221,A
8-NS,61,0,1,0,3266,3267,C
8-NS,62,3218,0,0,0,3218,A
8-NS,63,3215,0,0,1,3216,A
8-NS,64,2,0,3366,0,3368,G
8-NS,65,0,3375,0,1,3376,T
8-NS,66,0,3391,0,0,3391,T
8-NS,67,9,0,3382,0,3391,G
8-NS,68,1,3376,0,11,3388,T
8-NS,69,3375,0,3,0,3378,A
8-NS,70,1,4,3381,0,3386,G
8-NS,71,3584,0,2,0,3586,A
8-NS,72,1,0,0,3641,3642,C
8-NS,73,6,0,1,3595,3602,C
8-NS,74,3609,0,1,0,3610,A
8-NS,75,3605,0,1,1,3607,A
8-NS,76,0,5,3766,0,3771,G
8-NS,77,3772,0,0,0,3772,A
8-NS,78,3826,0,0,0,3826,A
8-NS,79,1,0,0,3848,3849,C
8-NS,80,1,3773,0,1,3775,T
8-NS,81,8,5,3831,0,3844,G
8-NS,82,3807,0,3,0,3810,A
8-NS,83,0,1,3896,0,3897,G
8-NS,84,0,3897,0,2,3899,T
8-NS,85,14,2,3835,0,3851,G
8-NS,86,3875,0,4,1,3880,A
8-NS,87,0,3887,0,2,3889,T
8-NS,88,0,0,3929,0,3929,G
8-NS,89,1,2,0,3962,3965,C
8-NS,90,3,0,0,3974,3977,C
8-NS,91,4,2,0,4008,4014,C
8-NS,92,8,0,0,3984,3992,C
8-NS,93,4011,0,0,0,4011,A
8-NS,94,0,4067,0,1,4068,T
8-NS,95,0,4120,0,3,4123,T
8-NS,96,2,0,0,4144,4146,C
8-NS,97,5,1,0,4132,4138,C
8-NS,98,0,4131,0,4,4135,T
8-NS,99,0,4124,0,0,4124,T
8-NS,100,1,5,4123,0,4129,G
8-NS,101,4088,0,0,1,4089,A
8-NS,102,1,4118,0,2,4121,T
8-NS,103,3,0,0,4104,4107,C
8-NS,104,1,4,4052,0,4057,G
8-NS,105,2,1,4041,2,4046,G
8-NS,106,5,0,3,4102,4110,C
8-NS,107,0,4087,0,2,4089,T
8-NS,108,0,4120,0,0,4120,T
8-NS,109,5,0,0,4112,4117,C
8-NS,110,2,1,4128,0,4131,G
8-NS,111,0,2,0,4139,4141,C
8-NS,112,3,0,1,4145,4149,C
8-NS,113,2,0,4149,0,4151,G
8-NS,114,4088,15,1,0,4104,A
8-NS,115,3,3,4257,0,4263,G
8-NS,116,4257,0,0,0,4257,A
8-NS,117,0,4294,0,1,4295,T
8-NS,118,3,0,0,4315,4318,C
8-NS,119,4291,0,2,0,4293,A
8-NS,120,0,2,4308,0,4310,G
8-NS,121,4286,1,2,0,4289,A
8-NS,122,2,2,4328,0,4332,G
8-NS,123,0,1,4360,0,4361,G
8-NS,124,0,4413,0,2,4415,T
8-NS,125,4,1,0,4669,4674,C
8-NS,126,0,0,1,4703,4704,C
8-NS,127,5,0,1,4726,4732,C
8-NS,128,0,4736,0,2,4738,T
8-NS,129,4753,0,1,1,4755,A
8-NS,130,4724,1,8,0,4733,A
8-NS,131,1,5,4791,0,4797,G
8-NS,132,1,3,4791,0,4795,G
8-NS,133,0,4,4746,0,4750,G
8-NS,134,0,3,4652,0,4655,G
8-NS,135,4629,0,0,0,4629,A
8-NS,136,4636,0,4,1,4641,A
8-NS,137,0,0,4660,0,4660,G
8-NS,138,4722,0,6,1,4729,A
8-NS,139,4,4,4789,0,4797,G
8-NS,140,1,1,4782,0,4784,G
8-NS,141,4,1,0,4815,4820,C
8-NS,142,4829,0,0,0,4829,A
8-NS,143,4823,0,2,1,4826,A
8-NS,144,0,4849,0,2,4851,T
8-NS,145,4864,0,0,0,4864,A
8-NS,146,2,0,0,4933,4935,C
8-NS,147,1,4856,0,2,4859,T
8-NS,148,2,0,0,4855,4857,C
8-NS,149,0,4795,0,0,4795,T
8-NS,150,2,2,2,4842,4848,C
8-NS,151,0,9,4868,0,4877,G
8-NS,152,7,2,5150,0,5159,G
8-NS,153,0,5126,0,2,5128,T
8-NS,154,2,0,0,5191,5193,C
8-NS,155,0,5156,0,3,5159,T
8-NS,156,5191,0,0,2,5193,A
8-NS,157,0,3,5185,0,5188,G
8-NS,158,5182,0,3,1,5186,A
8-NS,159,0,1,0,5316,5317,C
8-NS,160,5241,0,1,2,5244,A
8-NS,161,0,5185,0,2,5187,T
8-NS,162,3,0,0,5181,5184,C
8-NS,163,5175,0,1,0,5176,A
8-NS,164,5151,1,4,1,5157,A
8-NS,165,5124,0,9,2,5135,A
8-NS,166,1,1,5149,0,5151,G
8-NS,167,0,6,0,5172,5178,C
8-NS,168,5112,0,5,0,5117,A
8-NS,169,7,1,5130,0,5138,G
8-NS,170,1,5,0,5133,5139,C
8-NS,171,2,0,0,5135,5137,C
8-NS,172,5176,1,1,2,5180,A
8-NS,173,1,0,0,5234,5235,C
8-NS,174,0,1,0,5242,5243,C
8-NS,175,10,1,0,5221,5232,C
8-NS,176,5269,15,2,1,5287,A
8-NS,177,0,5290,0,3,5293,T
8-NS,178,0,0,5295,0,5295,G
8-NS,179,1,5276,0,4,5281,T
8-NS,180,1,5282,0,3,5286,T
8-NS,181,0,2,5276,0,5278,G
8-NS,182,0,4,5227,0,5231,G
8-NS,183,5186,1,2,2,5191,A
8-NS,184,5236,1,5,1,5243,A
8-NS,185,5177,1,5,1,5184,A
8-NS,186,14,0,5181,0,5195,G
8-NS,187,1,0,0,5193,5194,C
8-NS,188,5189,0,1,1,5191,A
8-NS,189,5177,0,1,1,5179,A
8-NS,190,5175,0,0,1,5176,A
8-NS,191,0,5246,0,0,5246,T
8-NS,192,1,5246,0,1,5248,T
8-NS,193,4,0,5321,0,5325,G
8-NS,194,1,5297,0,1,5299,T
8-NS,195,5297,0,4,0,5301,A
8-NS,196,0,0,5300,0,5300,G
8-NS,197,5285,0,3,0,5288,A
8-NS,198,5296,1,0,0,5297,A
8-NS,199,5292,1,0,0,5293,A
8-NS,200,5275,0,0,0,5275,A
8-NS,201,7,2,5266,0,5275,G
8-NS,202,5200,0,0,0,5200,A
8-NS,203,0,5213,0,0,5213,T
8-NS,204,0,5218,0,1,5219,T
8-NS,205,3,0,0,5225,5228,C
8-NS,206,1,5222,0,0,5223,T
8-NS,207,12,6,5213,0,5231,G
8-NS,208,5224,0,0,0,5224,A
8-NS,209,5240,0,0,0,5240,A
8-NS,210,5224,0,5,0,5229,A
8-NS,211,2,1,5249,0,5252,G
8-NS,212,5230,2,0,0,5232,A
8-NS,213,5239,1,7,0,5247,A
8-NS,214,0,3,5289,0,5292,G
8-NS,215,5312,0,0,1,5313,A
8-NS,216,5336,0,2,0,5338,A
8-NS,217,0,5342,0,0,5342,T
8-NS,218,2,1,0,5402,5405,C
8-NS,219,0,5392,0,0,5392,T
8-NS,220,0,2,5420,0,5422,G
8-NS,221,5402,0,3,0,5405,A
8-NS,222,0,5423,1,1,5425,T
8-NS,223,1,2,5396,0,5399,G
8-NS,224,5356,0,6,0,5362,A
8-NS,225,32,1,5311,1,5345,G
8-NS,226,6,0,5332,0,5338,G
8-NS,227,2,2,0,5333,5337,C
8-NS,228,5329,0,1,9,5339,A
8-NS,229,1,1,0,5475,5477,C
8-NS,230,0,5463,0,0,5463,T
8-NS,231,0,5490,0,0,5490,T
8-NS,232,5514,0,2,0,5516,A
8-NS,233,5537,0,1,0,5538,A
8-NS,234,5526,0,2,0,5528,A
8-NS,235,5500,0,0,0,5500,A
8-NS,236,0,5503,0,0,5503,T
8-NS,237,8,10,5477,0,5495,G
8-NS,238,5480,0,4,0,5484,A
8-NS,239,1,1,0,5485,5487,C
8-NS,240,1,0,0,5484,5485,C
8-NS,241,5493,0,1,0,5494,A
8-NS,242,0,5471,0,2,5473,T
8-NS,243,0,2,5605,0,5607,G
8-NS,244,0,3,5630,0,5633,G
8-NS,245,1,5649,0,5,5655,T
8-NS,246,3,1,0,5890,5894,C
8-NS,247,0,5872,0,4,5876,T
8-NS,248,4,0,1,5972,5977,C
8-NS,249,3,1,0,5963,5967,C
8-NS,250,5988,0,3,0,5991,A
8-NS,251,1,0,0,6047,6048,C
8-NS,252,5938,0,4,0,5942,A
8-NS,253,2,0,0,5969,5971,C
8-NS,254,0,6,0,5939,5945,C
8-NS,255,1,5705,0,8,5714,T
8-NS,256,1,1,5760,0,5762,G
8-NS,257,0,1,0,5713,5714,C
8-NS,258,0,5687,0,1,5688,T
8-NS,259,7,5724,0,6,5737,T
8-NS,260,5,3,0,5741,5749,C
8-NS,261,1,1,5762,0,5764,G
8-NS,262,0,0,0,5767,5767,C
8-NS,263,0,3,5768,0,5771,G
8-NS,264,5935,0,1,0,5936,A
8-NS,265,0,5951,0,2,5953,T
8-NS,266,6098,1,2,1,6102,A
8-NS,267,0,1,0,6132,6133,C
8-NS,268,6109,0,2,0,6111,A
8-NS,269,0,6247,1,2,6250,T
8-NS,270,6218,0,1,0,6219,A
8-NS,271,6255,0,0,0,6255,A
8-NS,272,1,1,0,6260,6262,C
8-NS,273,2,6104,0,2,6108,T
8-NS,274,1,5,6196,0,6202,G
8-NS,275,6082,1,2,0,6085,A
8-NS,276,1,2,0,6135,6138,C
8-NS,277,6130,0,2,0,6132,A
8-NS,278,0,6094,0,1,6095,T
8-NS,279,1,3,6087,0,6091,G
8-NS,280,6055,1,3,0,6059,A
8-NS,281,1,1,1,6225,6228,C
8-NS,282,0,6213,0,0,6213,T
8-NS,283,6308,0,1,0,6309,A
8-NS,284,0,6278,0,2,6280,T
8-NS,285,0,6284,0,13,6297,T
8-NS,286,1,1,6277,0,6279,G
8-NS,287,6246,0,6,1,6253,A
8-NS,288,3,2,6225,0,6230,G
8-NS,289,1,3,6210,0,6214,G
8-NS,290,6107,1,1,0,6109,A
8-NS,291,6124,0,1,0,6125,A
8-NS,292,0,6039,0,4,6043,T
8-NS,293,0,6067,0,0,6067,T
8-NS,294,0,0,6161,0,6161,G
8-NS,295,0,6135,0,10,6145,T
8-NS,296,9,1,0,6157,6167,C
8-NS,297,6165,2,3,0,6170,A
8-NS,298,6157,1,0,0,6158,A
8-NS,299,9,5,6152,0,6166,G
8-NS,300,6182,1,1,0,6184,A
8-NS,301,6174,0,1,1,6176,A
8-NS,302,6177,0,0,0,6177,A
8-NS,303,1,2,0,6186,6189,C
8-NS,304,0,6123,0,0,6123,T
8-NS,305,4,8,6187,0,6199,G
8-NS,306,3,0,6235,0,6238,G
8-NS,307,0,6231,1,7,6239,T
8-NS,308,1,6228,0,4,6233,T
8-NS,309,8,0,0,6215,6223,C
8-NS,310,6224,0,1,0,6225,A
8-NS,311,0,6311,0,2,6313,T
8-NS,312,2,3,6343,0,6348,G
8-NS,313,2,1,0,6378,6381,C
8-NS,314,0,6338,2,6,6346,T
8-NS,315,6268,0,9,0,6277,A
8-NS,316,6315,0,1,0,6316,A
8-NS,317,0,6355,0,0,6355,T
8-NS,318,5,0,6350,0,6355,G
8-NS,319,1,3,1,6335,6340,C
8-NS,320,9,1,0,6229,6239,C
8-NS,321,8,0,0,6246,6254,C
8-NS,322,6239,0,2,0,6241,A
8-NS,323,6251,0,1,0,6252,A
8-NS,324,2,1,6295,0,6298,G
8-NS,325,2,5,1,6270,6278,C
8-NS,326,6282,0,2,0,6284,A
8-NS,327,0,1,6341,0,6342,G
8-NS,328,6328,1,2,0,6331,A
8-NS,329,6332,0,0,0,6332,A
8-NS,330,6320,0,0,1,6321,A
8-NS,331,6264,1,2,0,6267,A
8-NS,332,2,6319,1,2,6324,T
8-NS,333,3,7,6347,1,6358,G
8-NS,334,0,2,6352,0,6354,G
8-NS,335,6361,0,2,0,6363,A
8-NS,336,6304,0,10,0,6314,A
8-NS,337,1,4,6308,0,6313,G
8-NS,338,8,2,6339,0,6349,G
8-NS,339,6318,0,2,0,6320,A
8-NS,340,1,0,0,6332,6333,C
8-NS,341,4,1,0,6349,6354,C
8-NS,342,0,6316,0,5,6321,T
8-NS,343,4,0,0,6423,6427,C
8-NS,344,1,6418,2,2,6423,T
8-NS,345,0,6439,0,1,6440,T
8-NS,346,0,6448,1,0,6449,T
8-NS,347,2,1,6431,1,6435,G
8-NS,348,0,1,0,6486,6487,C
8-NS,349,6461,0,1,0,6462,A
8-NS,350,0,6429,1,3,6433,T
8-NS,351,2,4,0,6444,6450,C
8-NS,352,6504,0,1,0,6505,A
8-NS,353,36,1,6639,0,6676,G
8-NS,354,6644,1,3,3,6651,A
8-NS,355,6666,1,2,0,6669,A
8-NS,356,1,6670,1,1,6673,T
8-NS,357,15,5,6564,0,6584,G
8-NS,358,24,1,6619,0,6644,G
8-NS,359,6624,0,10,0,6634,A
8-NS,360,0,1,0,6603,6604,C
8-NS,361,2,1,0,6506,6509,C
8-NS,362,6447,1,7,0,6455,A
8-NS,363,9,6,6484,0,6499,G
8-NS,364,1,2,6488,1,6492,G
8-NS,365,0,0,0,6504,6504,C
8-NS,366,6480,0,1,0,6481,A
8-NS,367,6500,0,0,0,6500,A
8-NS,368,0,6460,0,0,6460,T
8-NS,369,3,0,0,6484,6487,C
8-NS,370,6508,0,1,0,6509,A
8-NS,371,1,6464,0,0,6465,T
8-NS,372,0,2,6414,0,6416,G
8-NS,373,0,5,6414,1,6420,G
8-NS,374,6373,1,3,0,6377,A
8-NS,375,1,6,6435,0,6442,G
8-NS,376,6381,0,0,1,6382,A
8-NS,377,6386,1,0,1,6388,A
8-NS,378,6405,0,1,0,6406,A
8-NS,379,6394,0,0,0,6394,A
8-NS,380,6416,0,6,4,6426,A
8-NS,381,2,6,1,6428,6437,C
8-NS,382,6421,0,0,0,6421,A
8-NS,383,1,6352,0,2,6355,T
8-NS,384,3,1,0,6371,6375,C
8-NS,385,6369,0,2,0,6371,A
8-NS,386,1,6375,0,0,6376,T
8-NS,387,1,0,6381,0,6382,G
8-NS,388,0,6375,1,1,6377,T
8-NS,389,0,6330,1,6,6337,T
8-NS,390,0,3,6332,1,6336,G
8-NS,391,6304,0,1,1,6306,A
8-NS,392,6324,1,2,0,6327,A
8-NS,393,6302,2,3,2,6309,A
8-NS,394,3,1,6302,0,6306,G
8-NS,395,1,2,0,6261,6264,C
8-NS,396,9,5,6261,0,6275,G
8-NS,397,6257,0,2,0,6259,A
8-NS,398,6250,0,1,0,6251,A
8-NS,399,0,6244,0,0,6244,T
8-NS,400,0,6265,0,5,6270,T
8-NS,401,2,6249,0,0,6251,T
8-NS,402,5,0,0,6272,6277,C
8-NS,403,6243,0,2,1,6246,A
8-NS,404,2,1,6269,0,6272,G
8-NS,405,0,6236,1,5,6242,T
8-NS,406,0,0,6256,0,6256,G
8-NS,407,0,6208,0,3,6211,T
8-NS,408,0,7,6241,0,6248,G
8-NS,409,6289,0,0,0,6289,A
8-NS,410,1,6265,0,1,6267,T
8-NS,411,0,6269,0,2,6271,T
8-NS,412,1,6254,0,0,6255,T
8-NS,413,0,6248,1,1,6250,T
8-NS,414,0,6250,0,1,6251,T
8-NS,415,3,5,6251,0,6259,G
8-NS,416,6229,0,6,0,6235,A
8-NS,417,1,2,0,6233,6236,C
8-NS,418,1,5,1,6172,6179,C
8-NS,419,0,6,6215,0,6221,G
8-NS,420,6495,0,2,0,6497,A
8-NS,421,2,2,0,6647,6651,C
8-NS,422,1,6649,0,0,6650,T
8-NS,423,6678,1,2,0,6681,A
8-NS,424,1,5,6668,0,6674,G
8-NS,425,6677,1,6,0,6684,A
8-NS,426,2,5,6732,0,6739,G
8-NS,427,6702,1,5,0,6708,A
8-NS,428,2,0,14,6831,6847,C
8-NS,429,12,0,0,6591,6603,C
8-NS,430,6439,0,3,0,6442,A
8-NS,431,0,6776,0,1,6777,T
8-NS,432,6748,0,2,0,6750,A
8-NS,433,1,2,7229,0,7232,G
8-NS,434,0,7154,0,0,7154,T
8-NS,435,7149,1,0,0,7150,A
8-NS,436,0,7141,0,2,7143,T
8-NS,437,0,6983,0,0,6983,T
8-NS,438,7149,0,0,0,7149,A
8-NS,439,0,1,0,7168,7169,C
8-NS,440,0,6874,0,1,6875,T
8-NS,441,6874,0,1,0,6875,A
8-NS,442,6223,1,4,0,6228,A
8-NS,443,1,7,6252,0,6260,G
8-NS,444,1,3,6212,0,6216,G
8-NS,445,4,2,6181,0,6187,G
8-NS,446,2,0,0,6126,6128,C
8-NS,447,0,6024,0,12,6036,T
8-NS,448,0,6024,1,3,6028,T
8-NS,449,1,6076,0,2,6079,T
8-NS,450,3,0,0,6121,6124,C
8-NS,451,6161,0,2,0,6163,A
8-NS,452,4,1,0,6185,6190,C
8-NS,453,5,4,0,6135,6144,C
8-NS,454,10,3,6148,0,6161,G
8-NS,455,6083,0,2,0,6085,A
8-NS,456,6132,0,1,0,6133,A
8-NS,457,0,5,6158,0,6163,G
8-NS,458,6089,0,7,0,6096,A
8-NS,459,3,4,6108,0,6115,G
8-NS,460,10,4,6016,0,6030,G
8-NS,461,14,9,6034,0,6057,G
8-NS,462,6042,0,10,0,6052,A
8-NS,463,11,0,6057,0,6068,G
8-NS,464,1,0,0,6045,6046,C
8-NS,465,6051,0,0,0,6051,A
8-NS,466,6058,0,1,0,6059,A
8-NS,467,1,6055,0,0,6056,T
8-NS,468,0,6038,0,1,6039,T
8-NS,469,0,0,6039,0,6039,G
8-NS,470,0,5988,0,0,5988,T
8-NS,471,0,5980,0,0,5980,T
8-NS,472,1,3,5964,0,5968,G
8-NS,473,2,0,5943,0,5945,G
8-NS,474,1,4,0,5937,5942,C
8-NS,475,0,4,5975,0,5979,G
8-NS,476,5966,1,2,1,5970,A
8-NS,477,6019,0,0,0,6019,A
8-NS,478,6023,0,0,0,6023,A
8-NS,479,0,6040,0,0,6040,T
8-NS,480,2,1,0,6028,6031,C
8-NS,481,0,6003,0,2,6005,T
8-NS,482,6,1,0,6015,6022,C
8-NS,483,6029,1,7,0,6037,A
8-NS,484,1,0,1,6044,6046,C
8-NS,485,5,1,1,6045,6052,C
8-NS,486,6013,0,1,0,6014,A
8-NS,487,0,5983,0,2,5985,T
8-NS,488,0,5927,0,1,5928,T
8-NS,489,14,0,5917,0,5931,G
8-NS,490,1,1,0,5889,5891,C
8-NS,491,3,1,0,5885,5889,C
8-NS,492,0,5912,0,4,5916,T
8-NS,493,0,5887,0,4,5891,T
8-NS,494,0,0,0,5940,5940,C
8-NS,495,0,5912,0,2,5914,T
8-NS,496,0,5939,1,0,5940,T
8-NS,497,1,6028,0,3,6032,T
8-NS,498,0,5981,0,10,5991,T
8-NS,499,5,2,0,5998,6005,C
8-NS,500,3,0,0,6017,6020,C
8-NS,501,5989,1,13,0,6003,A
8-NS,502,0,4,6066,0,6070,G
8-NS,503,9,5,6032,1,6047,G
8-NS,504,6151,1,0,0,6152,A
8-NS,505,3,1,8,6139,6151,C
8-NS,506,6187,1,2,0,6190,A
8-NS,507,0,6186,0,4,6190,T
8-NS,508,6197,2,3,0,6202,A
8-NS,509,2,0,0,6589,6591,C
8-NS,510,2,6584,0,2,6588,T
8-NS,511,6553,0,0,0,6553,A
8-NS,512,0,6498,0,4,6502,T
8-NS,513,0,6318,0,2,6320,T
8-NS,514,19,4,6306,0,6329,G
8-NS,515,6093,0,8,0,6101,A
8-NS,516,0,1,6102,0,6103,G
8-NS,517,0,3,6081,0,6084,G
8-NS,518,5593,0,1,0,5594,A
8-NS,519,1,5606,0,0,5607,T
8-NS,520,2,1,5553,0,5556,G
8-NS,521,0,5490,0,9,5499,T
8-NS,522,9,0,0,5535,5544,C
8-NS,523,5559,0,2,0,5561,A
8-NS,524,5552,0,0,0,5552,A
8-NS,525,5561,0,1,0,5562,A
8-NS,526,5531,0,3,0,5534,A
8-NS,527,5544,1,0,0,5545,A
8-NS,528,0,5553,0,2,5555,T
8-NS,529,7,1,5549,0,5557,G
8-NS,530,0,1,0,5579,5580,C
8-NS,531,5583,0,0,0,5583,A
8-NS,532,5586,0,0,0,5586,A
8-NS,533,0,5614,1,1,5616,T
8-NS,534,0,5626,0,2,5628,T
8-NS,535,2,3,5623,0,5628,G
8-NS,536,8,10,5551,0,5569,G
8-NS,537,9,3,5561,0,5573,G
8-NS,538,1,3,5578,0,5582,G
8-NS,539,2,5521,0,5,5528,T
8-NS,540,3,0,0,5569,5572,C
8-NS,541,2,1,0,5575,5578,C
8-NS,542,0,5553,0,10,5563,T
8-NS,543,4,0,0,5620,5624,C
8-NS,544,5634,1,1,0,5636,A
8-NS,545,0,5592,1,0,5593,T
8-NS,546,3,0,0,5645,5648,C
8-NS,547,1,2,5596,0,5599,G
8-NS,548,1,0,5592,0,5593,G
8-NS,549,5482,1,5,0,5488,A
8-NS,550,2,3,5516,0,5521,G
8-NS,551,0,3,5540,0,5543,G
8-NS,552,5436,1,2,1,5440,A
8-NS,553,1,0,1,5506,5508,C
8-NS,554,0,5511,0,3,5514,T
8-NS,555,0,5522,0,3,5525,T
8-NS,556,0,3,5556,0,5559,G
8-NS,557,5512,0,1,0,5513,A
8-NS,558,5513,0,5,0,5518,A
8-NS,559,0,5523,0,0,5523,T
8-NS,560,0,3,5427,0,5430,G
8-NS,561,3,4,5476,0,5483,G
8-NS,562,5410,0,2,0,5412,A
8-NS,563,5443,0,2,1,5446,A
8-NS,564,0,5646,0,0,5646,T
8-NS,565,2,3,5663,0,5668,G
8-NS,566,5683,0,0,1,5684,A
8-NS,567,0,5690,1,0,5691,T
8-NS,568,5666,0,7,0,5673,A
8-NS,569,5681,0,8,0,5689,A
8-NS,570,0,0,0,5629,5629,C
8-NS,571,5518,0,3,0,5521,A
8-NS,572,1,0,0,5572,5573,C
8-NS,573,5140,0,3,0,5143,A
8-NS,574,1,0,5197,0,5198,G
8-NS,575,1,5151,0,4,5156,T
8-NS,576,1,5137,0,4,5142,T
8-NS,577,7,1,0,5166,5174,C
8-NS,578,15,6,5117,0,5138,G
8-NS,579,5105,0,1,0,5106,A
8-NS,580,2,1,5131,0,5134,G
8-NS,581,0,5071,0,1,5072,T
8-NS,582,3,0,0,5064,5067,C
8-NS,583,1,4955,0,6,4962,T
8-NS,584,4,1,0,5004,5009,C
8-NS,585,1,5049,0,1,5051,T
8-NS,586,5044,0,1,0,5045,A
8-NS,587,5048,0,0,0,5048,A
8-NS,588,5030,0,0,0,5030,A
8-NS,589,5060,0,0,0,5060,A
8-NS,590,5049,0,2,0,5051,A
8-NS,591,0,4993,0,0,4993,T
8-NS,592,1,0,0,5044,5045,C
8-NS,593,1,5005,0,2,5008,T
8-NS,594,5029,1,3,0,5033,A
8-NS,595,3,0,0,5037,5040,C
8-NS,596,5031,1,1,0,5033,A
8-NS,597,0,4,5030,1,5035,G
8-NS,598,4938,1,3,0,4942,A
8-NS,599,3,1,4957,0,4961,G
8-NS,600,4961,0,3,0,4964,A
8-NS,601,0,4894,0,2,4896,T
8-NS,602,0,4881,0,2,4883,T
8-NS,603,3,0,0,4879,4882,C
8-NS,604,0,0,4897,0,4897,G
8-NS,605,1,0,0,4869,4870,C
8-NS,606,0,4855,0,3,4858,T
8-NS,607,1,4891,0,1,4893,T
8-NS,608,0,2,4865,0,4867,G
8-NS,609,0,4,4880,0,4884,G
8-NS,610,4882,1,3,0,4886,A
8-NS,611,0,4,4889,0,4893,G
8-NS,612,4854,0,1,0,4855,A
8-NS,613,4822,0,1,0,4823,A
8-NS,614,2,1,4873,0,4876,G
8-NS,615,4,0,0,4881,4885,C
8-NS,616,4890,0,11,0,4901,A
8-NS,617,0,0,4963,0,4963,G
8-NS,618,0,4931,0,1,4932,T
8-NS,619,4945,0,2,0,4947,A
8-NS,620,4943,1,2,0,4946,A
8-NS,621,0,4927,1,1,4929,T
8-NS,622,1,3,4959,0,4963,G
8-NS,623,4783,0,0,0,4783,A
8-NS,624,0,2,4856,1,4859,G
8-NS,625,4830,0,2,0,4832,A
8-NS,626,4689,0,1,0,4690,A
8-NS,627,0,4657,0,0,4657,T
8-NS,628,0,1,4613,0,4614,G
8-NS,629,0,4,4621,0,4625,G
8-NS,630,4,3,4602,0,4609,G
8-NS,631,0,4,4575,0,4579,G
8-NS,632,7,1,4569,0,4577,G
8-NS,633,4435,1,1,0,4437,A
8-NS,634,0,4242,0,2,4244,T
8-NS,635,1,0,0,4344,4345,C
8-NS,636,1,4332,0,5,4338,T
8-NS,637,1,0,0,4355,4356,C
8-NS,638,3,0,0,4358,4361,C
8-NS,639,4359,0,4,0,4363,A
8-NS,640,0,3,1,4364,4368,C
8-NS,641,0,4286,0,3,4289,T
8-NS,642,0,4281,0,1,4282,T
8-NS,643,4216,0,0,0,4216,A
8-NS,644,1,0,0,4235,4236,C
8-NS,645,0,4169,0,12,4181,T
8-NS,646,2,2,1,4179,4184,C
8-NS,647,3,0,0,4168,4171,C
8-NS,648,4173,0,0,0,4173,A
8-NS,649,4193,0,1,0,4194,A
8-NS,650,4187,0,1,0,4188,A
8-NS,651,4177,0,1,1,4179,A
8-NS,652,0,1,0,4193,4194,C
8-NS,653,4098,0,1,0,4099,A
8-NS,654,1,1,4105,0,4107,G
8-NS,655,4093,0,0,0,4093,A
8-NS,656,4091,0,6,0,4097,A
8-NS,657,4083,1,1,0,4085,A
8-NS,658,0,0,6,4061,4067,C
8-NS,659,0,4,4067,0,4071,G
8-NS,660,0,0,4079,1,4080,G
8-NS,661,1,3,4075,0,4079,G
8-NS,662,4082,0,0,0,4082,A
8-NS,663,4068,0,0,0,4068,A
8-NS,664,4054,0,0,0,4054,A
8-NS,665,0,4047,0,0,4047,T
8-NS,666,2,2,4072,0,4076,G
8-NS,667,1,0,4053,0,4054,G
8-NS,668,1,1,1,4034,4037,C
8-NS,669,2,1,4080,0,4083,G
8-NS,670,4070,0,2,0,4072,A
8-NS,671,0,4,4082,0,4086,G
8-NS,672,4092,0,0,0,4092,A
8-NS,673,4085,0,0,0,4085,A
8-NS,674,0,0,0,4102,4102,C
8-NS,675,4032,0,3,0,4035,A
8-NS,676,3,1,4006,0,4010,G
8-NS,677,2,0,0,3982,3984,C
8-NS,678,0,4014,0,1,4015,T
8-NS,679,4002,0,1,0,4003,A
8-NS,680,1,1,3948,1,3951,G
8-NS,681,3,1,3958,0,3962,G
8-NS,682,0,3913,0,4,3917,T
8-NS,683,7,0,0,3893,3900,C
8-NS,684,3920,0,0,0,3920,A
8-NS,685,3913,0,0,0,3913,A
8-NS,686,3915,0,0,0,3915,A
8-NS,687,3916,0,0,0,3916,A
8-NS,688,4,0,3897,0,3901,G
8-NS,689,0,3812,1,0,3813,T
8-NS,690,0,3812,0,0,3812,T
8-NS,691,0,3810,0,0,3810,T
8-NS,692,0,3,3832,0,3835,G
8-NS,693,3833,2,3,1,3839,A
8-NS,694,3836,0,4,0,3840,A
8-NS,695,2,2,3847,0,3851,G
8-NS,696,3762,1,0,0,3763,A
8-NS,697,4,2,3762,0,3768,G
8-NS,698,3772,0,1,0,3773,A
8-NS,699,1,3764,0,2,3767,T
8-NS,700,3775,1,3,0,3779,A
8-NS,701,3759,1,2,0,3762,A
8-NS,702,3,0,3742,1,3746,G
8-NS,703,3507,0,1,0,3508,A
8-NS,704,1,3485,0,0,3486,T
8-NS,705,0,3,3519,0,3522,G
8-NS,706,0,1,3510,0,3511,G
8-NS,707,2,4,1,3485,3492,C
8-NS,708,1,3500,0,1,3502,T
8-NS,709,3511,1,0,0,3512,A
8-NS,710,3509,0,0,0,3509,A
8-NS,711,1,3507,0,1,3509,T
8-NS,712,0,3503,0,0,3503,T
8-NS,713,4,1,3490,1,3496,G
8-NS,714,3436,0,2,0,3438,A
8-NS,715,3437,0,0,0,3437,A
8-NS,716,1,1,3417,0,3419,G
8-NS,717,3435,0,0,0,3435,A
8-NS,718,3407,0,1,0,3408,A
8-NS,719,5,0,3435,0,3440,G
8-NS,720,0,3370,0,3,3373,T
8-NS,721,33,2,3346,0,3381,G
8-NS,722,3342,0,5,1,3348,A
8-NS,723,0,3,3345,0,3348,G
8-NS,724,3342,0,3,0,3345,A
8-NS,725,0,0,0,3323,3323,C
8-NS,726,3262,0,1,0,3263,A
8-NS,727,0,0,4,3266,3270,C
8-NS,728,3031,0,0,0,3031,A
8-NS,729,1,2,3064,0,3067,G
8-NS,730,3054,0,0,0,3054,A
8-NS,731,1,3023,0,2,3026,T
8-NS,732,0,3023,0,0,3023,T
8-NS,733,3027,1,1,0,3029,A
8-NS,734,3022,0,1,0,3023,A
8-NS,735,3014,0,0,0,3014,A
8-NS,736,3004,0,1,0,3005,A
8-NS,737,3003,0,0,0,3003,A
8-NS,738,0,0,0,2883,2883,C
8-NS,739,2718,0,1,0,2719,A
8-NS,740,2722,0,1,0,2723,A
8-NS,741,3,0,0,2728,2731,C
8-NS,742,0,2696,0,3,2699,T
8-NS,743,0,2,2714,0,2716,G
8-NS,744,2709,0,1,0,2710,A
8-NS,745,2714,0,2,0,2716,A
8-NS,746,2717,0,0,0,2717,A
8-NS,747,2681,0,0,0,2681,A
8-NS,748,1,2671,0,0,2672,T
8-NS,749,2625,0,2,0,2627,A
8-NS,750,0,0,2622,0,2622,G
8-NS,751,0,0,1,2625,2626,C
8-NS,752,0,2561,2,1,2564,T
8-NS,753,0,2577,2,1,2580,T
8-NS,754,1,2545,1,0,2547,T
8-NS,755,2,0,2549,0,2551,G
8-NS,756,2545,0,1,0,2546,A
8-NS,757,2544,0,1,1,2546,A
8-NS,758,1,0,0,2561,2562,C
8-NS,759,2481,0,1,0,2482,A
8-NS,760,2490,1,0,0,2491,A
8-NS,761,2495,0,0,0,2495,A
8-NS,762,0,2488,0,0,2488,T
8-NS,763,2489,0,0,0,2489,A
8-NS,764,2444,0,3,0,2447,A
8-NS,765,0,1,0,2451,2452,C
8-NS,766,2446,0,5,0,2451,A
8-NS,767,0,2404,0,1,2405,T
8-NS,768,0,2344,0,2,2346,T
8-NS,769,2,4,0,2308,2314,C
8-NS,770,2301,0,0,0,2301,A
8-NS,771,0,2277,0,2,2279,T
8-NS,772,3,0,2281,0,2284,G
8-NS,773,0,0,0,2249,2249,C
8-NS,774,2229,0,0,1,2230,A
8-NS,775,2217,0,3,0,2220,A
8-NS,776,0,0,2210,0,2210,G
8-NS,777,1,0,0,2228,2229,C
8-NS,778,2177,0,1,0,2178,A
8-NS,779,0,2174,0,1,2175,T
8-NS,780,0,2170,0,0,2170,T
8-NS,781,2167,1,0,0,2168,A
8-NS,782,0,0,0,2163,2163,C
8-NS,783,2161,0,1,0,2162,A
8-NS,784,2131,0,1,0,2132,A
8-NS,785,0,0,0,2116,2116,C
8-NS,786,0,1816,0,1,1817,T
8-NS,787,0,1,1822,0,1823,G
8-NS,788,0,1,0,1782,1783,C
8-NS,789,0,1748,0,0,1748,T
8-NS,790,1,0,1748,0,1749,G
8-NS,791,0,1723,0,1,1724,T
8-NS,792,0,1723,0,1,1724,T
8-NS,793,0,1721,0,0,1721,T
8-NS,794,1,0,1698,0,1699,G
8-NS,795,1699,0,3,0,1702,A
8-NS,796,1678,0,0,0,1678,A
8-NS,797,0,0,1672,1,1673,G
8-NS,798,0,1662,0,0,1662,T
8-NS,799,1,1,1590,0,1592,G
8-NS,800,0,0,1602,0,1602,G
8-NS,801,1595,0,0,0,1595,A
8-NS,802,1594,0,3,0,1597,A
8-NS,803,0,0,0,1590,1590,C
8-NS,804,1528,0,5,0,1533,A
8-NS,805,2,0,1533,0,1535,G
8-NS,806,0,1,1520,0,1521,G
8-NS,807,1489,0,0,0,1489,A
8-NS,808,2,2,1490,0,1494,G
8-NS,809,1264,0,1,0,1265,A
8-NS,810,0,1260,0,0,1260,T
8-NS,811,1254,0,0,0,1254,A
8-NS,812,1251,0,2,0,1253,A
8-NS,813,0,2,1250,0,1252,G
8-NS,814,1092,0,0,0,1092,A
8-NS,815,1076,0,0,0,1076,A
8-NS,816,1,0,0,1063,1064,C
8-NS,817,0,912,0,0,912,T
8-NS,818,0,892,0,0,892,T
8-NS,819,0,887,0,0,887,T
8-NS,820,0,0,0,891,891,C
8-NS,821,0,854,0,1,855,T
8-NS,822,0,0,0,837,837,C
8-NS,823,816,0,0,0,816,A
8-NS,824,0,807,0,0,807,T
8-NS,825,0,789,0,4,793,T
8-NS,826,1,786,0,0,787,T
8-NS,827,0,0,0,790,790,C
8-NS,828,760,1,0,0,761,A
8-NS,829,0,0,758,0,758,G
8-NS,830,0,0,0,757,757,C
8-NS,831,0,701,0,0,701,T
8-NS,832,0,698,0,0,698,T
8-NS,833,678,0,1,0,679,A
8-NS,834,0,677,0,0,677,T
8-NS,835,0,677,0,1,678,T
8-NS,836,0,671,1,0,672,T
8-NS,837,637,0,0,0,637,A
8-NS,838,617,0,0,0,617,A
8-NS,839,0,597,0,0,597,T
8-NS,840,0,0,590,0,590,G
8-NS,841,564,0,1,0,565,A
8-NS,842,0,501,0,0,501,T
8-NS,843,496,0,0,0,496,A
8-NS,844,495,0,0,0,495,A
8-NS,845,496,0,0,0,496,A
8-NS,846,493,0,0,0,493,A
8-NS,847,491,0,0,0,491,A
8-NS,848,486,0,2,0,488,A
8-NS,849,0,0,0,490,490,C
8-NS,850,413,0,0,0,413,A
8-NS,851,0,0,0,426,426,C
8-NS,852,1,0,0,403,404,C
8-NS,853,2,0,0,389,391,C
8-NS,854,0,366,0,0,366,T
8-NS,855,0,358,0,0,358,T
8-NS,856,0,0,360,0,360,G
8-NS,857,0,342,0,0,342,T
8-NS,858,0,338,0,0,338,T
8-NS,859,0,327,0,0,327,T
8-NS,860,0,0,0,99,99,C
8-NS,861,0,64,0,0,64,T
8-NS,862,49,0,0,0,49,A
8-NS,863,0,0,0,50,50,C
