Gene,Position,A,T,G,C,Coverage,Consensus
1-PB2,1,309,0,0,0,309,A
1-PB2,2,0,309,0,0,309,T
1-PB2,3,0,0,315,0,315,G
1-PB2,4,0,1,314,0,315,G
1-PB2,5,314,0,0,0,314,A
1-PB2,6,313,0,1,1,315,A
1-PB2,7,314,0,0,0,314,A
1-PB2,8,0,3,342,0,345,G
1-PB2,9,346,0,0,0,346,A
1-PB2,10,351,0,0,0,351,A
1-PB2,11,0,360,0,0,360,T
1-PB2,12,357,0,0,0,357,A
1-PB2,13,358,0,0,0,358,A
1-PB2,14,362,0,0,0,362,A
1-PB2,15,359,0,1,0,360,A
1-PB2,16,0,0,370,0,370,G
1-PB2,17,369,0,1,0,370,A
1-PB2,18,373,0,0,0,373,A
1-PB2,19,0,0,0,380,380,C
1-PB2,20,0,380,0,0,380,T
1-PB2,21,381,0,0,0,381,A
1-PB2,22,0,0,0,381,381,C
1-PB2,23,0,0,381,0,381,G
1-PB2,24,0,0,390,0,390,G
1-PB2,25,389,0,0,0,389,A
1-PB2,26,399,0,0,0,399,A
1-PB2,27,0,401,0,0,401,T
1-PB2,28,1,0,0,403,404,C
1-PB2,29,0,404,0,0,404,T
1-PB2,30,0,0,406,0,406,G
1-PB2,31,404,0,0,0,404,A
1-PB2,32,0,406,0,0,406,T
1-PB2,33,0,0,402,0,402,G
1-PB2,34,0,408,0,1,409,T
1-PB2,35,0,0,0,411,411,C
1-PB2,36,1,0,408,0,409,G
1-PB2,37,0,0,0,410,410,C
1-PB2,38,407,0,1,0,408,A
1-PB2,39,0,0,424,0,424,G
1-PB2,40,0,425,0,0,425,T
1-PB2,41,2,0,0,424,426,C
1-PB2,42,0,422,0,1,423,T
1-PB2,43,1,1,0,421,423,C
1-PB2,44,0,0,425,0,425,G
1-PB2,45,0,0,0,428,428,C
1-PB2,46,423,0,1,0,424,A
1-PB2,47,0,0,0,439,439,C
1-PB2,48,0,435,0,2,437,T
1-PB2,49,0,0,0,446,446,C
1-PB2,50,0,0,447,0,447,G
1-PB2,51,0,0,0,445,445,C
1-PB2,52,0,2,444,0,446,G
1-PB2,53,444,0,0,0,444,A
1-PB2,54,0,0,446,0,446,G
1-PB2,55,462,0,0,0,462,A
1-PB2,56,1,459,0,0,460,T
1-PB2,57,462,0,0,0,462,A
1-PB2,58,0,0,0,461,461,C
1-PB2,59,0,459,0,0,459,T
1-PB2,60,0,0,471,0,471,G
1-PB2,61,470,0,0,0,470,A
1-PB2,62,1,0,0,476,477,C
1-PB2,63,477,0,1,0,478,A
1-PB2,64,478,0,0,0,478,A
1-PB2,65,486,0,0,0,486,A
1-PB2,66,489,0,1,0,490,A
1-PB2,67,488,0,1,0,489,A
1-PB2,68,0,0,0,496,496,C
1-PB2,69,0,0,0,496,496,C
1-PB2,70,502,0,0,0,502,A
1-PB2,71,0,0,0,510,510,C
1-PB2,72,507,0,0,0,507,A
1-PB2,73,0,0,525,0,525,G
1-PB2,74,0,524,0,1,525,T
1-PB2,75,0,0,547,0,547,G
1-PB2,76,0,0,549,0,549,G
1-PB2,77,546,0,1,0,547,A
1-PB2,78,0,0,0,579,579,C
1-PB2,79,0,0,0,573,573,C
1-PB2,80,586,0,0,0,586,A
1-PB2,81,0,587,0,0,587,T
1-PB2,82,586,0,0,0,586,A
1-PB2,83,0,585,0,0,585,T
1-PB2,84,0,1,581,0,582,G
1-PB2,85,0,0,587,0,587,G
1-PB2,86,0,0,0,582,582,C
1-PB2,87,1,0,0,577,578,C
1-PB2,88,575,0,0,0,575,A
1-PB2,89,0,594,0,0,594,T
1-PB2,90,595,0,0,0,595,A
1-PB2,91,618,0,0,0,618,A
1-PB2,92,0,621,0,0,621,T
1-PB2,93,0,615,0,1,616,T
1-PB2,94,614,0,0,0,614,A
1-PB2,95,614,0,0,0,614,A
1-PB2,96,612,0,0,0,612,A
1-PB2,97,629,0,0,0,629,A
1-PB2,98,632,0,0,0,632,A
1-PB2,99,0,0,653,0,653,G
1-PB2,100,0,643,0,0,643,T
1-PB2,101,646,0,1,0,647,A
1-PB2,102,0,1,0,646,647,C
1-PB2,103,652,0,1,0,653,A
1-PB2,104,0,0,0,667,667,C
1-PB2,105,669,0,0,0,669,A
1-PB2,106,0,669,0,0,669,T
1-PB2,107,0,0,0,676,676,C
1-PB2,108,1,1,670,0,672,G
1-PB2,109,0,1,674,0,675,G
1-PB2,110,0,0,673,0,673,G
1-PB2,111,0,0,676,0,676,G
1-PB2,112,670,1,1,0,672,A
1-PB2,113,0,0,674,0,674,G
1-PB2,114,671,0,0,0,671,A
1-PB2,115,0,0,1,678,679,C
1-PB2,116,681,0,1,0,682,A
1-PB2,117,0,1,687,1,689,G
1-PB2,118,0,0,703,0,703,G
1-PB2,119,701,0,0,0,701,A
1-PB2,120,701,0,0,1,702,A
1-PB2,121,703,0,0,0,703,A
1-PB2,122,701,0,2,0,703,A
1-PB2,123,0,1,702,0,703,G
1-PB2,124,703,0,0,0,703,A
1-PB2,125,699,0,4,0,703,A
1-PB2,126,0,0,0,702,702,C
1-PB2,127,1,0,0,699,700,C
1-PB2,128,1,0,0,696,697,C
1-PB2,129,0,1,700,0,701,G
1-PB2,130,0,698,0,1,699,T
1-PB2,131,0,0,0,707,707,C
1-PB2,132,719,0,0,0,719,A
1-PB2,133,1,0,0,728,729,C
1-PB2,134,0,724,0,1,725,T
1-PB2,135,0,725,0,0,725,T
1-PB2,136,724,0,1,0,725,A
1-PB2,137,1,0,735,0,736,G
1-PB2,138,0,0,733,0,733,G
1-PB2,139,735,0,0,0,735,A
1-PB2,140,0,733,0,0,733,T
1-PB2,141,1,0,738,0,739,G
1-PB2,142,749,0,0,0,749,A
1-PB2,143,747,1,0,0,748,A
1-PB2,144,751,0,0,0,751,A
1-PB2,145,0,749,0,0,749,T
1-PB2,146,0,1,743,0,744,G
1-PB2,147,0,0,749,0,749,G
1-PB2,148,747,0,3,0,750,A
1-PB2,149,0,750,0,0,750,T
1-PB2,150,0,0,745,0,745,G
1-PB2,151,734,0,0,0,734,A
1-PB2,152,0,739,0,0,739,T
1-PB2,153,1,0,736,0,737,G
1-PB2,154,0,0,742,0,742,G
1-PB2,155,0,0,0,738,738,C
1-PB2,156,733,0,1,0,734,A
1-PB2,157,741,0,1,0,742,A
1-PB2,158,0,742,0,0,742,T
1-PB2,159,0,0,780,0,780,G
1-PB2,160,781,0,0,0,781,A
1-PB2,161,778,0,0,0,778,A
1-PB2,162,779,0,1,0,780,A
1-PB2,163,1,779,0,0,780,T
1-PB2,164,790,0,0,0,790,A
1-PB2,165,0,0,0,806,806,C
1-PB2,166,1,0,0,793,794,C
1-PB2,167,0,1,0,797,798,C
1-PB2,168,792,0,1,0,793,A
1-PB2,169,793,0,0,0,793,A
1-PB2,170,0,794,0,1,795,T
1-PB2,171,1,0,0,793,794,C
1-PB2,172,789,0,0,0,789,A
1-PB2,173,0,1,0,798,799,C
1-PB2,174,0,789,0,0,789,T
1-PB2,175,0,0,790,0,790,G
1-PB2,176,0,0,0,791,791,C
1-PB2,177,0,786,0,2,788,T
1-PB2,178,0,2,791,0,793,G
1-PB2,179,797,0,0,0,797,A
1-PB2,180,0,1,0,804,805,C
1-PB2,181,804,0,0,0,804,A
1-PB2,182,792,0,1,1,794,A
1-PB2,183,794,0,1,0,795,A
1-PB2,184,797,0,0,0,797,A
1-PB2,185,0,0,815,0,815,G
1-PB2,186,0,1,816,0,817,G
1-PB2,187,813,0,0,0,813,A
1-PB2,188,0,814,0,0,814,T
1-PB2,189,811,1,1,0,813,A
1-PB2,190,818,0,0,0,818,A
1-PB2,191,0,0,0,825,825,C
1-PB2,192,820,0,0,0,820,A
1-PB2,193,0,1,825,0,826,G
1-PB2,194,823,0,0,0,823,A
1-PB2,195,824,0,0,1,825,A
1-PB2,196,821,0,3,0,824,A
1-PB2,197,0,826,0,0,826,T
1-PB2,198,4,0,823,0,827,G
1-PB2,199,0,1,836,0,837,G
1-PB2,200,0,825,0,0,825,T
1-PB2,201,0,819,0,5,824,T
1-PB2,202,1,1,0,818,820,C
1-PB2,203,0,2,0,819,821,C
1-PB2,204,1,1,822,0,824,G
1-PB2,205,0,1,825,0,826,G
1-PB2,206,824,0,0,0,824,A
1-PB2,207,0,2,826,0,828,G
1-PB2,208,820,0,1,0,821,A
1-PB2,209,0,0,834,0,834,G
1-PB2,210,839,1,1,0,841,A
1-PB2,211,842,0,0,0,842,A
1-PB2,212,843,0,0,0,843,A
1-PB2,213,0,838,0,0,838,T
1-PB2,214,0,3,843,0,846,G
1-PB2,215,845,2,0,0,847,A
1-PB2,216,849,0,0,0,849,A
1-PB2,217,0,0,0,846,846,C
1-PB2,218,837,0,0,0,837,A
1-PB2,219,833,1,6,0,840,A
1-PB2,220,0,0,868,1,869,G
1-PB2,221,1,2,884,0,887,G
1-PB2,222,883,0,0,5,888,A
1-PB2,223,0,0,0,877,877,C
1-PB2,224,870,0,2,0,872,A
1-PB2,225,873,0,3,0,876,A
1-PB2,226,875,0,0,0,875,A
1-PB2,227,1,0,1,867,869,C
1-PB2,228,2,1,0,840,843,C
1-PB2,229,1,0,0,907,908,C
1-PB2,230,1,908,0,0,909,T
1-PB2,231,916,0,0,0,916,A
1-PB2,232,0,911,0,1,912,T
1-PB2,233,0,1,915,0,916,G
1-PB2,234,0,1,940,0,941,G
1-PB2,235,887,0,1,0,888,A
1-PB2,236,0,0,890,0,890,G
1-PB2,237,0,888,0,1,889,T
1-PB2,238,883,0,0,0,883,A
1-PB2,239,885,0,1,0,886,A
1-PB2,240,883,0,0,0,883,A
1-PB2,241,884,0,0,0,884,A
1-PB2,242,0,878,0,0,878,T
1-PB2,243,0,0,874,1,875,G
1-PB2,244,853,0,4,0,857,A
1-PB2,245,0,0,856,0,856,G
1-PB2,246,0,852,0,2,854,T
1-PB2,247,0,1,850,0,851,G
1-PB2,248,862,0,0,0,862,A
1-PB2,249,1,861,0,1,863,T
1-PB2,250,1,1,868,0,870,G
1-PB2,251,0,0,0,867,867,C
1-PB2,252,0,859,0,0,859,T
1-PB2,253,0,0,884,0,884,G
1-PB2,254,0,0,890,0,890,G
1-PB2,255,900,0,3,0,903,A
1-PB2,256,0,901,0,0,901,T
1-PB2,257,1,0,0,901,902,C
1-PB2,258,907,0,1,0,908,A
1-PB2,259,19,0,910,0,929,G
1-PB2,260,926,0,4,0,930,A
1-PB2,261,0,929,0,0,929,T
1-PB2,262,898,0,1,0,899,A
1-PB2,263,1,0,925,0,926,G
1-PB2,264,917,1,0,0,918,A
1-PB2,265,0,0,931,0,931,G
1-PB2,266,0,917,0,1,918,T
1-PB2,267,0,1,906,0,907,G
1-PB2,268,896,0,0,0,896,A
1-PB2,269,0,899,0,0,899,T
1-PB2,270,0,0,916,0,916,G
1-PB2,271,0,1,936,0,937,G
1-PB2,272,0,920,0,0,920,T
1-PB2,273,920,0,0,0,920,A
1-PB2,274,0,908,0,1,909,T
1-PB2,275,0,0,0,908,908,C
1-PB2,276,919,0,0,0,919,A
1-PB2,277,0,1,0,939,940,C
1-PB2,278,0,1,0,938,939,C
1-PB2,279,0,915,0,5,920,T
1-PB2,280,0,916,0,0,916,T
1-PB2,281,0,915,0,0,915,T
1-PB2,282,0,0,921,0,921,G
1-PB2,283,0,0,929,0,929,G
1-PB2,284,0,0,0,940,940,C
1-PB2,285,0,922,0,2,924,T
1-PB2,286,0,0,918,0,918,G
1-PB2,287,0,918,1,0,919,T
1-PB2,288,923,0,0,0,923,A
1-PB2,289,928,0,0,0,928,A
1-PB2,290,0,0,0,926,926,C
1-PB2,291,915,0,0,0,915,A
1-PB2,292,0,911,0,0,911,T
1-PB2,293,0,1,898,0,899,G
1-PB2,294,0,0,922,0,922,G
1-PB2,295,0,913,0,0,913,T
1-PB2,296,0,0,913,0,913,G
1-PB2,297,0,1,926,0,927,G
1-PB2,298,922,0,1,0,923,A
1-PB2,299,924,0,0,0,924,A
1-PB2,300,0,926,0,0,926,T
1-PB2,301,924,0,1,0,925,A
1-PB2,302,0,0,944,0,944,G
1-PB2,303,933,0,0,0,933,A
1-PB2,304,930,0,0,3,933,A
1-PB2,305,932,0,1,1,934,A
1-PB2,306,0,923,0,1,924,T
1-PB2,307,0,1,917,1,919,G
1-PB2,308,0,1,918,0,919,G
1-PB2,309,917,0,0,0,917,A
1-PB2,310,1,0,0,917,918,C
1-PB2,311,0,0,0,910,910,C
1-PB2,312,2,0,0,900,902,C
1-PB2,313,0,1,904,0,905,G
1-PB2,314,0,911,0,1,912,T
1-PB2,315,0,0,927,0,927,G
1-PB2,316,926,0,1,0,927,A
1-PB2,317,0,0,0,924,924,C
1-PB2,318,932,0,0,0,932,A
1-PB2,319,924,0,1,1,926,A
1-PB2,320,0,0,950,0,950,G
1-PB2,321,1,943,0,0,944,T
1-PB2,322,943,0,0,0,943,A
1-PB2,323,0,1,0,939,940,C
1-PB2,324,0,1,918,0,919,G
1-PB2,325,0,1,953,0,954,G
1-PB2,326,0,949,0,2,951,T
1-PB2,327,3,2,0,954,959,C
1-PB2,328,0,0,0,962,962,C
1-PB2,329,948,1,0,0,949,A
1-PB2,330,0,954,0,0,954,T
1-PB2,331,0,952,0,0,952,T
1-PB2,332,999,0,1,0,1000,A
1-PB2,333,0,0,0,996,996,C
1-PB2,334,2,0,0,968,970,C
1-PB2,335,1,0,0,963,964,C
1-PB2,336,960,0,0,0,960,A
1-PB2,337,963,1,0,0,964,A
1-PB2,338,964,0,0,1,965,A
1-PB2,339,965,0,0,0,965,A
1-PB2,340,0,1,971,0,972,G
1-PB2,341,0,930,0,1,931,T
1-PB2,342,2,1,949,0,952,G
1-PB2,343,0,947,0,2,949,T
1-PB2,344,951,0,0,0,951,A
1-PB2,345,0,1,0,950,951,C
1-PB2,346,944,0,0,0,944,A
1-PB2,347,945,0,1,0,946,A
1-PB2,348,0,0,952,0,952,G
1-PB2,349,945,0,0,0,945,A
1-PB2,350,1,0,0,942,943,C
1-PB2,351,0,924,0,1,925,T
1-PB2,352,0,940,0,0,940,T
1-PB2,353,940,0,1,0,941,A
1-PB2,354,0,939,0,0,939,T
1-PB2,355,0,937,0,0,937,T
1-PB2,356,0,939,0,0,939,T
1-PB2,357,0,0,0,929,929,C
1-PB2,358,0,0,927,0,927,G
1-PB2,359,927,0,0,0,927,A
1-PB2,360,0,0,0,926,926,C
1-PB2,361,912,0,0,0,912,A
1-PB2,362,913,0,1,0,914,A
1-PB2,363,915,0,0,0,915,A
1-PB2,364,0,0,930,1,931,G
1-PB2,365,0,929,0,0,929,T
1-PB2,366,2,0,0,924,926,C
1-PB2,367,0,0,929,0,929,G
1-PB2,368,928,1,0,0,929,A
1-PB2,369,926,0,1,0,927,A
1-PB2,370,926,0,3,0,929,A
1-PB2,371,1,1,946,0,948,G
1-PB2,372,0,0,954,0,954,G
1-PB2,373,2,945,0,0,947,T
1-PB2,374,0,948,0,1,949,T
1-PB2,375,948,0,0,0,948,A
1-PB2,376,948,2,1,0,951,A
1-PB2,377,953,0,0,0,953,A
1-PB2,378,967,0,0,0,967,A
1-PB2,379,0,0,0,980,980,C
1-PB2,380,953,2,0,0,955,A
1-PB2,381,1,953,0,0,954,T
1-PB2,382,0,1,948,0,949,G
1-PB2,383,1,0,952,0,953,G
1-PB2,384,950,1,0,1,952,A
1-PB2,385,960,0,1,0,961,A
1-PB2,386,0,0,0,989,989,C
1-PB2,387,0,0,0,989,989,C
1-PB2,388,0,972,0,0,972,T
1-PB2,389,0,975,0,0,975,T
1-PB2,390,0,975,0,0,975,T
1-PB2,391,0,2,970,0,972,G
1-PB2,392,1,1,975,1,978,G
1-PB2,393,0,0,0,976,976,C
1-PB2,394,0,0,0,968,968,C
1-PB2,395,0,0,0,962,962,C
1-PB2,396,0,924,0,0,924,T
1-PB2,397,0,0,937,0,937,G
1-PB2,398,0,934,0,0,934,T
1-PB2,399,0,937,0,0,937,T
1-PB2,400,0,1,0,935,936,C
1-PB2,401,917,1,0,0,918,A
1-PB2,402,1,920,0,0,921,T
1-PB2,403,0,919,0,0,919,T
1-PB2,404,0,922,0,0,922,T
1-PB2,405,0,922,0,0,922,T
1-PB2,406,903,0,0,0,903,A
1-PB2,407,0,0,903,0,903,G
1-PB2,408,901,0,0,0,901,A
1-PB2,409,904,0,0,0,904,A
1-PB2,410,903,0,3,0,906,A
1-PB2,411,0,904,0,0,904,T
1-PB2,412,0,0,0,905,905,C
1-PB2,413,911,0,0,0,911,A
1-PB2,414,911,0,1,1,913,A
1-PB2,415,0,1,919,0,920,G
1-PB2,416,1,918,0,0,919,T
1-PB2,417,1,0,0,916,917,C
1-PB2,418,922,0,1,0,923,A
1-PB2,419,925,0,0,0,925,A
1-PB2,420,0,0,929,0,929,G
1-PB2,421,930,0,0,0,930,A
1-PB2,422,0,931,0,0,931,T
1-PB2,423,946,0,1,0,947,A
1-PB2,424,0,0,0,946,946,C
1-PB2,425,1,0,947,0,948,G
1-PB2,426,0,0,0,958,958,C
1-PB2,427,954,0,0,0,954,A
1-PB2,428,0,1,968,0,969,G
1-PB2,429,968,0,0,0,968,A
1-PB2,430,967,0,0,0,967,A
1-PB2,431,0,0,984,0,984,G
1-PB2,432,975,0,0,0,975,A
1-PB2,433,0,0,975,0,975,G
1-PB2,434,0,969,0,0,969,T
1-PB2,435,966,0,0,0,966,A
1-PB2,436,0,0,986,0,986,G
1-PB2,437,986,0,0,0,986,A
1-PB2,438,0,0,0,1011,1011,C
1-PB2,439,990,0,0,0,990,A
1-PB2,440,0,979,0,0,979,T
1-PB2,441,976,0,0,0,976,A
1-PB2,442,976,0,2,0,978,A
1-PB2,443,984,0,1,0,985,A
1-PB2,444,0,1,0,989,990,C
1-PB2,445,3,0,0,970,973,C
1-PB2,446,2,0,0,961,963,C
1-PB2,447,0,917,0,0,917,T
1-PB2,448,0,1,937,0,938,G
1-PB2,449,1,0,944,0,945,G
1-PB2,450,0,944,0,1,945,T
1-PB2,451,0,0,0,942,942,C
1-PB2,452,958,0,1,0,959,A
1-PB2,453,0,957,0,2,959,T
1-PB2,454,1,0,969,0,970,G
1-PB2,455,1,1,1,962,965,C
1-PB2,456,960,0,0,0,960,A
1-PB2,457,0,2,969,0,971,G
1-PB2,458,957,0,1,1,959,A
1-PB2,459,0,0,0,966,966,C
1-PB2,460,0,1,0,964,965,C
1-PB2,461,0,952,0,0,952,T
1-PB2,462,0,0,0,954,954,C
1-PB2,463,947,0,0,0,947,A
1-PB2,464,1,0,972,0,973,G
1-PB2,465,0,970,0,2,972,T
1-PB2,466,1,0,976,0,977,G
1-PB2,467,0,0,0,974,974,C
1-PB2,468,1,0,0,960,961,C
1-PB2,469,959,0,0,0,959,A
1-PB2,470,957,0,1,0,958,A
1-PB2,471,959,0,0,0,959,A
1-PB2,472,0,2,958,0,960,G
1-PB2,473,938,0,1,0,939,A
1-PB2,474,0,0,949,0,949,G
1-PB2,475,0,1,951,0,952,G
1-PB2,476,0,0,0,951,951,C
1-PB2,477,951,1,2,0,954,A
1-PB2,478,0,2,0,953,955,C
1-PB2,479,954,1,1,0,956,A
1-PB2,480,976,0,0,0,976,A
1-PB2,481,0,2,987,0,989,G
1-PB2,482,1003,0,1,0,1004,A
1-PB2,483,0,993,0,0,993,T
1-PB2,484,0,0,994,0,994,G
1-PB2,485,0,993,0,0,993,T
1-PB2,486,994,0,0,0,994,A
1-PB2,487,989,1,1,0,991,A
1-PB2,488,0,991,0,0,991,T
1-PB2,489,1,0,0,905,906,C
1-PB2,490,913,0,0,0,913,A
1-PB2,491,0,914,0,0,914,T
1-PB2,492,2,0,909,1,912,G
1-PB2,493,0,0,912,0,912,G
1-PB2,494,912,0,0,0,912,A
1-PB2,495,900,0,2,1,903,A
1-PB2,496,0,0,907,0,907,G
1-PB2,497,0,902,0,0,902,T
1-PB2,498,1,904,0,0,905,T
1-PB2,499,0,0,908,0,908,G
1-PB2,500,0,905,0,1,906,T
1-PB2,501,0,903,0,0,903,T
1-PB2,502,0,903,0,0,903,T
1-PB2,503,0,902,0,1,903,T
1-PB2,504,0,911,0,0,911,T
1-PB2,505,0,0,0,908,908,C
1-PB2,506,0,1,0,909,910,C
1-PB2,507,1,0,0,914,915,C
1-PB2,508,906,1,0,0,907,A
1-PB2,509,908,0,0,0,908,A
1-PB2,510,0,908,0,1,909,T
1-PB2,511,2,0,909,1,912,G
1-PB2,512,912,0,0,2,914,A
1-PB2,513,916,0,1,0,917,A
1-PB2,514,0,1,920,0,921,G
1-PB2,515,0,916,0,2,918,T
1-PB2,516,0,0,916,0,916,G
1-PB2,517,0,1,911,0,912,G
1-PB2,518,2,3,911,0,916,G
1-PB2,519,917,0,2,0,919,A
1-PB2,520,1,0,921,0,922,G
1-PB2,521,0,1,0,928,929,C
1-PB2,522,0,0,0,925,925,C
1-PB2,523,924,0,1,0,925,A
1-PB2,524,0,0,947,0,947,G
1-PB2,525,4,1,949,0,954,G
1-PB2,526,960,1,0,1,962,A
1-PB2,527,0,957,0,1,958,T
1-PB2,528,964,0,1,0,965,A
1-PB2,529,0,4,0,957,961,C
1-PB2,530,0,958,0,1,959,T
1-PB2,531,955,0,1,0,956,A
1-PB2,532,947,0,1,0,948,A
1-PB2,533,0,0,0,957,957,C
1-PB2,534,926,1,0,0,927,A
1-PB2,535,0,922,0,1,923,T
1-PB2,536,0,0,0,922,922,C
1-PB2,537,908,1,0,0,909,A
1-PB2,538,0,1,915,0,916,G
1-PB2,539,915,0,0,1,916,A
1-PB2,540,913,0,0,0,913,A
1-PB2,541,0,914,0,0,914,T
1-PB2,542,2,0,0,895,897,C
1-PB2,543,904,0,0,0,904,A
1-PB2,544,0,0,0,917,917,C
1-PB2,545,914,0,1,0,915,A
1-PB2,546,924,0,0,0,924,A
1-PB2,547,1,909,0,0,910,T
1-PB2,548,0,907,0,0,907,T
1-PB2,549,914,1,0,0,915,A
1-PB2,550,921,0,0,0,921,A
1-PB2,551,0,0,0,932,932,C
1-PB2,552,926,0,1,0,927,A
1-PB2,553,914,0,2,0,916,A
1-PB2,554,0,926,0,0,926,T
1-PB2,555,922,0,0,0,922,A
1-PB2,556,926,0,0,0,926,A
1-PB2,557,0,0,0,926,926,C
1-PB2,558,0,923,0,1,924,T
1-PB2,559,920,0,0,0,920,A
1-PB2,560,916,0,0,0,916,A
1-PB2,561,911,0,1,0,912,A
1-PB2,562,0,0,911,0,911,G
1-PB2,563,894,0,1,0,895,A
1-PB2,564,0,1,902,0,903,G
1-PB2,565,897,0,0,0,897,A
1-PB2,566,894,0,0,0,894,A
1-PB2,567,895,0,1,0,896,A
1-PB2,568,894,0,0,0,894,A
1-PB2,569,909,0,0,0,909,A
1-PB2,570,906,0,0,1,907,A
1-PB2,571,0,0,910,0,910,G
1-PB2,572,909,1,0,0,910,A
1-PB2,573,900,0,1,0,901,A
1-PB2,574,0,2,902,0,904,G
1-PB2,575,906,0,0,0,906,A
1-PB2,576,901,0,1,0,902,A
1-PB2,577,3,0,0,910,913,C
1-PB2,578,1,891,1,0,893,T
1-PB2,579,1,0,0,892,893,C
1-PB2,580,0,1,0,896,897,C
1-PB2,581,0,1,898,0,899,G
1-PB2,582,895,0,1,0,896,A
1-PB2,583,0,0,898,0,898,G
1-PB2,584,896,0,0,0,896,A
1-PB2,585,0,900,0,0,900,T
1-PB2,586,0,889,0,2,891,T
1-PB2,587,0,0,892,0,892,G
1-PB2,588,1,0,0,889,890,C
1-PB2,589,894,0,0,0,894,A
1-PB2,590,894,0,1,0,895,A
1-PB2,591,894,0,0,0,894,A
1-PB2,592,911,0,0,1,912,A
1-PB2,593,0,907,0,0,907,T
1-PB2,594,0,903,0,0,903,T
1-PB2,595,2,903,0,0,905,T
1-PB2,596,1,0,0,905,906,C
1-PB2,597,0,903,0,3,906,T
1-PB2,598,0,0,0,941,941,C
1-PB2,599,1,0,0,947,948,C
1-PB2,600,3,1,0,989,993,C
1-PB2,601,0,992,1,0,993,T
1-PB2,602,0,1004,0,1,1005,T
1-PB2,603,0,2,1006,1,1009,G
1-PB2,604,1008,0,0,0,1008,A
1-PB2,605,0,1124,0,1,1125,T
1-PB2,606,0,1,1136,0,1137,G
1-PB2,607,0,0,1209,0,1209,G
1-PB2,608,0,1226,0,1,1227,T
1-PB2,609,0,1221,0,2,1223,T
1-PB2,610,1,0,1284,0,1285,G
1-PB2,611,0,0,0,1284,1284,C
1-PB2,612,1303,1,0,0,1304,A
1-PB2,613,0,1303,0,1,1304,T
1-PB2,614,1310,0,0,1,1311,A
1-PB2,615,0,0,0,1367,1367,C
1-PB2,616,1453,1,2,4,1460,A
1-PB2,617,1,1486,0,2,1489,T
1-PB2,618,2,0,1526,1,1529,G
1-PB2,619,0,1513,0,0,1513,T
1-PB2,620,0,1513,0,1,1514,T
1-PB2,621,1511,0,1,0,1512,A
1-PB2,622,0,2,1513,0,1515,G
1-PB2,623,1533,0,2,0,1535,A
1-PB2,624,0,1,1546,0,1547,G
1-PB2,625,1482,0,0,0,1482,A
1-PB2,626,0,3,1470,0,1473,G
1-PB2,627,1453,0,3,0,1456,A
1-PB2,628,1,0,1471,0,1472,G
1-PB2,629,1479,0,0,0,1479,A
1-PB2,630,1477,1,2,0,1480,A
1-PB2,631,0,0,0,1487,1487,C
1-PB2,632,0,1477,0,0,1477,T
1-PB2,633,0,1474,0,0,1474,T
1-PB2,634,0,0,1470,0,1470,G
1-PB2,635,1,1472,0,0,1473,T
1-PB2,636,1471,0,4,0,1475,A
1-PB2,637,0,2,0,1470,1472,C
1-PB2,638,1,0,1466,0,1467,G
1-PB2,639,1471,0,1,0,1472,A
1-PB2,640,1464,0,0,0,1464,A
1-PB2,641,1472,0,2,0,1474,A
1-PB2,642,1473,0,1,0,1474,A
1-PB2,643,1475,0,1,0,1476,A
1-PB2,644,0,0,0,1477,1477,C
1-PB2,645,1478,0,0,0,1478,A
1-PB2,646,1479,0,1,0,1480,A
1-PB2,647,1,1,1485,0,1487,G
1-PB2,648,1495,0,0,0,1495,A
1-PB2,649,0,1491,0,0,1491,T
1-PB2,650,1,1481,0,0,1482,T
1-PB2,651,0,1486,0,1,1487,T
1-PB2,652,0,0,0,1490,1490,C
1-PB2,653,0,1486,0,4,1490,T
1-PB2,654,2,0,0,1490,1492,C
1-PB2,655,0,0,0,1493,1493,C
1-PB2,656,1,1,0,1496,1498,C
1-PB2,657,1500,0,1,0,1501,A
1-PB2,658,0,0,1521,0,1521,G
1-PB2,659,0,1518,0,1,1519,T
1-PB2,660,0,1514,0,0,1514,T
1-PB2,661,0,1,1515,0,1516,G
1-PB2,662,0,0,0,1511,1511,C
1-PB2,663,0,1509,0,4,1513,T
1-PB2,664,0,0,1516,0,1516,G
1-PB2,665,2,0,1516,0,1518,G
1-PB2,666,2,1,0,1507,1510,C
1-PB2,667,0,2,1509,0,1511,G
1-PB2,668,0,0,1527,0,1527,G
1-PB2,669,1533,0,0,0,1533,A
1-PB2,670,1533,0,0,0,1533,A
1-PB2,671,0,0,0,1533,1533,C
1-PB2,672,1538,1,0,0,1539,A
1-PB2,673,1540,0,0,0,1540,A
1-PB2,674,0,0,1595,0,1595,G
1-PB2,675,0,0,1,1618,1619,C
1-PB2,676,1630,0,1,0,1631,A
1-PB2,677,0,0,1885,0,1885,G
1-PB2,678,1,1878,0,3,1882,T
1-PB2,679,1889,0,2,0,1891,A
1-PB2,680,0,1891,0,2,1893,T
1-PB2,681,1895,0,2,0,1897,A
1-PB2,682,0,1895,0,0,1895,T
1-PB2,683,1872,0,1,0,1873,A
1-PB2,684,0,2,0,1888,1890,C
1-PB2,685,1780,0,0,0,1780,A
1-PB2,686,0,1680,0,1,1681,T
1-PB2,687,0,1626,0,0,1626,T
1-PB2,688,0,0,1625,0,1625,G
1-PB2,689,1619,3,1,0,1623,A
1-PB2,690,1614,0,2,0,1616,A
1-PB2,691,1,0,1639,0,1640,G
1-PB2,692,0,1635,0,0,1635,T
1-PB2,693,0,1621,0,1,1622,T
1-PB2,694,1,1622,1,0,1624,T
1-PB2,695,0,1630,0,0,1630,T
1-PB2,696,1642,2,0,0,1644,A
1-PB2,697,0,0,0,1655,1655,C
1-PB2,698,1658,0,0,0,1658,A
1-PB2,699,0,1651,0,0,1651,T
1-PB2,700,0,1638,0,1,1639,T
1-PB2,701,0,1643,0,1,1644,T
1-PB2,702,0,2,1661,0,1663,G
1-PB2,703,1671,0,1,0,1672,A
1-PB2,704,0,0,0,1672,1672,C
1-PB2,705,0,1663,1,1,1665,T
1-PB2,706,0,0,1,1663,1664,C
1-PB2,707,1660,1,3,0,1664,A
1-PB2,708,0,1,1644,0,1645,G
1-PB2,709,1,2,1676,1,1680,G
1-PB2,710,0,2,1685,0,1687,G
1-PB2,711,1690,0,1,0,1691,A
1-PB2,712,1689,0,3,0,1692,A
1-PB2,713,0,2,0,1689,1691,C
1-PB2,714,5,0,1700,0,1705,G
1-PB2,715,0,1698,0,1,1699,T
1-PB2,716,0,0,1710,0,1710,G
1-PB2,717,0,1696,0,1,1697,T
1-PB2,718,0,1698,0,0,1698,T
1-PB2,719,0,1,1699,0,1700,G
1-PB2,720,0,1,1693,0,1694,G
1-PB2,721,1,1,1700,0,1702,G
1-PB2,722,1700,0,2,0,1702,A
1-PB2,723,1691,0,1,0,1692,A
1-PB2,724,0,0,0,1744,1744,C
1-PB2,725,1740,0,0,0,1740,A
1-PB2,726,1782,0,0,0,1782,A
1-PB2,727,1789,0,1,0,1790,A
1-PB2,728,0,1796,0,0,1796,T
1-PB2,729,1,1,1812,0,1814,G
1-PB2,730,0,1800,0,0,1800,T
1-PB2,731,1799,0,5,0,1804,A
1-PB2,732,3,1,0,1806,1810,C
1-PB2,733,1771,1,3,0,1775,A
1-PB2,734,0,0,0,1774,1774,C
1-PB2,735,0,1716,0,5,1721,T
1-PB2,736,3,0,0,1820,1823,C
1-PB2,737,1,0,0,1826,1827,C
1-PB2,738,1854,0,1,0,1855,A
1-PB2,739,0,0,1869,0,1869,G
1-PB2,740,0,0,1896,0,1896,G
1-PB2,741,0,1887,0,1,1888,T
1-PB2,742,1,3,1884,0,1888,G
1-PB2,743,0,2,1844,0,1846,G
1-PB2,744,1827,0,2,0,1829,A
1-PB2,745,1,0,1838,0,1839,G
1-PB2,746,0,0,1837,0,1837,G
1-PB2,747,1767,0,1,0,1768,A
1-PB2,748,0,1,1783,0,1784,G
1-PB2,749,0,1751,0,0,1751,T
1-PB2,750,1,0,1762,0,1763,G
1-PB2,751,1757,0,1,1,1759,A
1-PB2,752,1,0,1768,0,1769,G
1-PB2,753,1,1,1773,0,1775,G
1-PB2,754,1767,0,0,0,1767,A
1-PB2,755,1761,0,0,1,1762,A
1-PB2,756,0,1762,0,0,1762,T
1-PB2,757,0,1,1760,0,1761,G
1-PB2,758,1758,1,3,0,1762,A
1-PB2,759,0,0,0,1759,1759,C
1-PB2,760,2,1,1752,0,1755,G
1-PB2,761,1774,0,0,0,1774,A
1-PB2,762,0,1768,0,0,1768,T
1-PB2,763,0,0,1775,0,1775,G
1-PB2,764,0,1765,0,0,1765,T
1-PB2,765,0,1758,0,1,1759,T
1-PB2,766,2,3,1764,0,1769,G
1-PB2,767,1781,0,1,0,1782,A
1-PB2,768,0,2,0,1775,1777,C
1-PB2,769,0,1,1,1773,1775,C
1-PB2,770,1753,0,1,0,1754,A
1-PB2,771,1753,0,0,0,1753,A
1-PB2,772,1767,0,0,1,1768,A
1-PB2,773,0,0,1836,0,1836,G
1-PB2,774,0,4,0,1837,1841,C
1-PB2,775,1,0,0,1830,1831,C
1-PB2,776,0,1845,0,1,1846,T
1-PB2,777,1849,0,1,0,1850,A
1-PB2,778,1852,0,0,0,1852,A
1-PB2,779,0,1859,0,0,1859,T
1-PB2,780,0,1855,0,0,1855,T
1-PB2,781,1846,0,1,0,1847,A
1-PB2,782,1,1805,0,1,1807,T
1-PB2,783,0,1796,2,1,1799,T
1-PB2,784,1,0,1789,0,1790,G
1-PB2,785,0,0,0,1775,1775,C
1-PB2,786,7,0,1771,0,1778,G
1-PB2,787,1,0,1814,0,1815,G
1-PB2,788,0,1,0,1808,1809,C
1-PB2,789,0,0,0,1819,1819,C
1-PB2,790,1822,0,0,0,1822,A
1-PB2,791,1,3,1836,0,1840,G
1-PB2,792,0,1,1849,0,1850,G
1-PB2,793,1845,0,1,0,1846,A
1-PB2,794,1859,0,1,0,1860,A
1-PB2,795,0,0,0,1869,1869,C
1-PB2,796,1849,0,1,0,1850,A
1-PB2,797,0,1873,0,0,1873,T
1-PB2,798,1904,0,2,0,1906,A
1-PB2,799,0,1,1918,0,1919,G
1-PB2,800,0,1898,0,1,1899,T
1-PB2,801,1883,0,0,0,1883,A
1-PB2,802,1876,0,5,0,1881,A
1-PB2,803,0,0,1883,0,1883,G
1-PB2,804,1867,0,1,0,1868,A
1-PB2,805,1847,0,1,0,1848,A
1-PB2,806,0,2,1841,0,1843,G
1-PB2,807,1778,0,1,0,1779,A
1-PB2,808,0,0,1768,0,1768,G
1-PB2,809,4,0,0,1767,1771,C
1-PB2,810,4,1,0,1763,1768,C
1-PB2,811,1,1,1768,0,1770,G
1-PB2,812,2,0,0,1778,1780,C
1-PB2,813,1783,0,1,0,1784,A
1-PB2,814,2,0,1972,0,1974,G
1-PB2,815,1,1966,0,1,1968,T
1-PB2,816,1961,0,0,0,1961,A
1-PB2,817,0,1964,0,2,1966,T
1-PB2,818,1,0,0,1977,1978,C
1-PB2,819,1972,0,1,0,1973,A
1-PB2,820,1,1,1970,0,1972,G
1-PB2,821,0,1,0,1974,1975,C
1-PB2,822,1906,0,0,0,1906,A
1-PB2,823,0,1,1884,0,1885,G
1-PB2,824,1883,2,0,0,1885,A
1-PB2,825,1,1873,0,1,1875,T
1-PB2,826,3,0,0,1877,1880,C
1-PB2,827,1,0,0,1879,1880,C
1-PB2,828,1887,0,1,0,1888,A
1-PB2,829,0,0,0,1893,1893,C
1-PB2,830,1,1885,0,1,1887,T
1-PB2,831,1887,0,1,0,1888,A
1-PB2,832,0,2,1883,0,1885,G
1-PB2,833,1,1,1,1878,1881,C
1-PB2,834,1877,1,0,0,1878,A
1-PB2,835,0,1882,0,0,1882,T
1-PB2,836,1,1,0,1900,1902,C
1-PB2,837,0,1892,0,0,1892,T
1-PB2,838,0,1925,0,2,1927,T
1-PB2,839,1,1938,0,0,1939,T
1-PB2,840,1938,0,0,0,1938,A
1-PB2,841,0,1945,0,1,1946,T
1-PB2,842,0,1939,0,1,1940,T
1-PB2,843,0,0,1935,0,1935,G
1-PB2,844,0,1,1936,1,1938,G
1-PB2,845,1897,0,2,0,1899,A
1-PB2,846,1,1,1900,0,1902,G
1-PB2,847,1875,0,0,0,1875,A
1-PB2,848,0,1861,0,0,1861,T
1-PB2,849,0,0,1881,0,1881,G
1-PB2,850,0,1878,0,3,1881,T
1-PB2,851,2,1,1879,0,1882,G
1-PB2,852,1,1,0,1881,1883,C
1-PB2,853,1,0,0,1870,1871,C
1-PB2,854,1874,0,0,1,1875,A
1-PB2,855,0,0,0,1875,1875,C
1-PB2,856,1849,0,2,2,1853,A
1-PB2,857,0,1,1873,0,1874,G
1-PB2,858,0,2,0,1840,1842,C
1-PB2,859,1839,0,1,0,1840,A
1-PB2,860,0,1,0,1841,1842,C
1-PB2,861,1833,0,1,0,1834,A
1-PB2,862,1,0,0,1848,1849,C
1-PB2,863,1841,0,0,0,1841,A
1-PB2,864,1844,0,1,1,1846,A
1-PB2,865,1843,0,0,1,1844,A
1-PB2,866,0,1791,0,0,1791,T
1-PB2,867,0,1784,0,1,1785,T
1-PB2,868,0,2,1775,0,1777,G
1-PB2,869,0,1,1772,0,1773,G
1-PB2,870,0,1,0,1769,1770,C
1-PB2,871,1,0,1753,1,1755,G
1-PB2,872,0,1,1763,0,1764,G
1-PB2,873,1755,1,2,0,1758,A
1-PB2,874,1783,0,1,0,1784,A
1-PB2,875,0,1,0,1788,1789,C
1-PB2,876,1790,0,0,0,1790,A
1-PB2,877,1786,0,1,1,1788,A
1-PB2,878,0,2,1790,0,1792,G
1-PB2,879,1,0,1788,0,1789,G
1-PB2,880,1791,1,3,0,1795,A
1-PB2,881,1,1708,0,0,1709,T
1-PB2,882,0,0,1706,0,1706,G
1-PB2,883,1,1,1701,0,1703,G
1-PB2,884,1,1689,0,0,1690,T
1-PB2,885,0,0,1688,0,1688,G
1-PB2,886,0,0,1682,0,1682,G
1-PB2,887,1655,0,1,0,1656,A
1-PB2,888,0,1,1,1652,1654,C
1-PB2,889,1627,0,0,0,1627,A
1-PB2,890,0,1778,0,0,1778,T
1-PB2,891,0,1744,0,0,1744,T
1-PB2,892,1,0,0,1736,1737,C
1-PB2,893,0,1665,0,2,1667,T
1-PB2,894,0,1660,0,0,1660,T
1-PB2,895,1661,0,1,0,1662,A
1-PB2,896,0,2,1670,0,1672,G
1-PB2,897,1664,0,2,0,1666,A
1-PB2,898,0,2,0,1664,1666,C
1-PB2,899,1332,0,2,0,1334,A
1-PB2,900,3,1,1344,0,1348,G
1-PB2,901,1349,0,1,0,1350,A
1-PB2,902,1351,0,2,0,1353,A
1-PB2,903,1,0,0,1347,1348,C
1-PB2,904,1,1,0,1345,1347,C
1-PB2,905,2,1,0,1344,1347,C
1-PB2,906,0,1,1347,0,1348,G
1-PB2,907,1351,0,1,0,1352,A
1-PB2,908,0,0,0,1353,1353,C
1-PB2,909,0,1317,0,1,1318,T
1-PB2,910,0,1,1329,0,1330,G
1-PB2,911,1317,0,1,0,1318,A
1-PB2,912,1323,0,0,0,1323,A
1-PB2,913,0,1,1331,0,1332,G
1-PB2,914,1323,0,1,0,1324,A
1-PB2,915,1320,0,4,0,1324,A
1-PB2,916,0,0,0,1330,1330,C
1-PB2,917,1317,0,2,0,1319,A
1-PB2,918,1319,0,1,0,1320,A
1-PB2,919,3,1,1329,0,1333,G
1-PB2,920,1,0,0,1341,1342,C
1-PB2,921,0,1317,0,0,1317,T
1-PB2,922,0,0,1328,0,1328,G
1-PB2,923,2,1319,0,2,1323,T
1-PB2,924,0,0,1348,0,1348,G
1-PB2,925,1,0,1388,0,1389,G
1-PB2,926,1385,0,0,0,1385,A
1-PB2,927,0,1385,0,1,1386,T
1-PB2,928,1384,0,0,0,1384,A
1-PB2,929,0,1357,0,1,1358,T
1-PB2,930,1383,0,1,0,1384,A
1-PB2,931,1,1358,0,0,1359,T
1-PB2,932,1,0,1354,0,1355,G
1-PB2,933,0,0,0,1343,1343,C
1-PB2,934,1296,0,0,0,1296,A
1-PB2,935,1292,0,2,0,1294,A
1-PB2,936,1,0,1295,0,1296,G
1-PB2,937,2,0,1302,0,1304,G
1-PB2,938,0,1,0,1304,1305,C
1-PB2,939,0,1285,0,3,1288,T
1-PB2,940,0,0,1297,0,1297,G
1-PB2,941,0,0,0,1296,1296,C
1-PB2,942,1295,0,2,0,1297,A
1-PB2,943,1296,0,2,0,1298,A
1-PB2,944,0,1297,0,0,1297,T
1-PB2,945,0,0,1307,0,1307,G
1-PB2,946,0,1,1288,0,1289,G
1-PB2,947,0,0,1296,0,1296,G
1-PB2,948,1293,0,2,1,1296,A
1-PB2,949,2,1292,0,2,1296,T
1-PB2,950,0,1291,0,0,1291,T
1-PB2,951,1,1,1293,1,1296,G
1-PB2,952,1289,3,1,0,1293,A
1-PB2,953,0,1,1302,0,1303,G
1-PB2,954,1293,0,0,0,1293,A
1-PB2,955,1286,1,0,0,1287,A
1-PB2,956,0,1278,0,0,1278,T
1-PB2,957,2,1,0,1303,1306,C
1-PB2,958,1290,0,1,0,1291,A
1-PB2,959,0,0,1296,0,1296,G
1-PB2,960,0,1,0,1295,1296,C
1-PB2,961,0,1286,0,0,1286,T
1-PB2,962,0,0,0,1287,1287,C
1-PB2,963,1282,0,2,0,1284,A
1-PB2,964,0,1304,0,0,1304,T
1-PB2,965,4,0,0,1305,1309,C
1-PB2,966,1,0,0,1323,1324,C
1-PB2,967,0,1312,0,4,1316,T
1-PB2,968,0,1310,0,2,1312,T
1-PB2,969,0,0,0,1317,1317,C
1-PB2,970,1318,0,1,0,1319,A
1-PB2,971,0,0,1326,0,1326,G
1-PB2,972,0,0,0,1325,1325,C
1-PB2,973,0,1307,0,3,1310,T
1-PB2,974,0,1309,0,1,1310,T
1-PB2,975,0,1309,0,0,1309,T
1-PB2,976,0,2,1308,0,1310,G
1-PB2,977,0,0,1316,0,1316,G
1-PB2,978,1,1311,0,2,1314,T
1-PB2,979,1,0,1320,0,1321,G
1-PB2,980,2,0,1312,0,1314,G
1-PB2,981,0,0,1330,0,1330,G
1-PB2,982,0,1323,0,0,1323,T
1-PB2,983,0,1324,0,0,1324,T
1-PB2,984,0,1323,0,0,1323,T
1-PB2,985,1325,0,2,0,1327,A
1-PB2,986,0,0,0,1330,1330,C
1-PB2,987,1333,0,0,0,1333,A
1-PB2,988,0,1328,1,0,1329,T
1-PB2,989,0,1313,0,0,1313,T
1-PB2,990,0,1307,0,0,1307,T
1-PB2,991,1306,0,0,0,1306,A
1-PB2,992,1307,0,1,0,1308,A
1-PB2,993,1303,0,0,0,1303,A
1-PB2,994,1301,0,2,0,1303,A
1-PB2,995,0,1,1308,0,1309,G
1-PB2,996,1297,0,2,0,1299,A
1-PB2,997,1301,1,1,0,1303,A
1-PB2,998,1,1,0,1300,1302,C
1-PB2,999,1297,0,0,0,1297,A
1-PB2,1000,1296,0,4,1,1301,A
1-PB2,1001,0,0,1300,0,1300,G
1-PB2,1002,1,1,0,1292,1294,C
1-PB2,1003,0,1,1292,0,1293,G
1-PB2,1004,0,1,1301,0,1302,G
1-PB2,1005,0,0,1305,0,1305,G
1-PB2,1006,1,1302,0,2,1305,T
1-PB2,1007,1,0,0,1299,1300,C
1-PB2,1008,1303,0,1,0,1304,A
1-PB2,1009,1,1297,0,0,1298,T
1-PB2,1010,1,1,0,1300,1302,C
1-PB2,1011,1299,1,0,0,1300,A
1-PB2,1012,1,0,1325,0,1326,G
1-PB2,1013,0,1305,0,2,1307,T
1-PB2,1014,2,0,0,1312,1314,C
1-PB2,1015,1314,0,0,0,1314,A
1-PB2,1016,1317,0,0,0,1317,A
1-PB2,1017,1312,0,0,0,1312,A
1-PB2,1018,1312,0,0,0,1312,A
1-PB2,1019,1320,0,0,0,1320,A
1-PB2,1020,1315,0,3,0,1318,A
1-PB2,1021,3,1,1323,0,1327,G
1-PB2,1022,1315,1,0,0,1316,A
1-PB2,1023,1315,2,1,0,1318,A
1-PB2,1024,0,0,1319,0,1319,G
1-PB2,1025,1316,0,0,0,1316,A
1-PB2,1026,1255,0,2,0,1257,A
1-PB2,1027,0,0,1255,0,1255,G
1-PB2,1028,1249,0,0,1,1250,A
1-PB2,1029,0,2,1249,1,1252,G
1-PB2,1030,0,0,1279,0,1279,G
1-PB2,1031,0,1282,0,1,1283,T
1-PB2,1032,1,0,1291,0,1292,G
1-PB2,1033,0,0,0,1295,1295,C
1-PB2,1034,3,1285,0,2,1290,T
1-PB2,1035,0,1290,0,1,1291,T
1-PB2,1036,1290,1,0,0,1291,A
1-PB2,1037,0,1,0,1291,1292,C
1-PB2,1038,1279,0,2,0,1281,A
1-PB2,1039,0,0,1290,0,1290,G
1-PB2,1040,1,0,1290,0,1291,G
1-PB2,1041,1,1,0,1278,1280,C
1-PB2,1042,1277,0,0,0,1277,A
1-PB2,1043,1308,0,0,0,1308,A
1-PB2,1044,0,1326,0,1,1327,T
1-PB2,1045,0,1,0,1353,1354,C
1-PB2,1046,1,1338,1,2,1342,T
1-PB2,1047,0,0,0,1347,1347,C
1-PB2,1048,2,1,0,1340,1343,C
1-PB2,1049,1325,0,0,0,1325,A
1-PB2,1050,1327,0,2,0,1329,A
1-PB2,1051,1319,2,8,0,1329,A
1-PB2,1052,0,1,0,1324,1325,C
1-PB2,1053,1297,0,1,0,1298,A
1-PB2,1054,1,1278,0,0,1279,T
1-PB2,1055,0,1179,0,2,1181,T
1-PB2,1056,0,1,1185,0,1186,G
1-PB2,1057,1179,0,0,0,1179,A
1-PB2,1058,1,0,1164,0,1165,G
1-PB2,1059,1210,0,2,0,1212,A
1-PB2,1060,1215,0,0,0,1215,A
1-PB2,1061,0,1230,0,0,1230,T
1-PB2,1062,1224,0,0,0,1224,A
1-PB2,1063,1227,0,1,0,1228,A
1-PB2,1064,0,0,1260,1,1261,G
1-PB2,1065,1226,1,2,0,1229,A
1-PB2,1066,0,0,1274,0,1274,G
1-PB2,1067,0,1230,0,0,1230,T
1-PB2,1068,1233,0,0,0,1233,A
1-PB2,1069,0,2,0,1252,1254,C
1-PB2,1070,1243,0,1,0,1244,A
1-PB2,1071,0,1240,0,0,1240,T
1-PB2,1072,0,1,1241,1,1243,G
1-PB2,1073,1200,0,3,0,1203,A
1-PB2,1074,0,0,1213,1,1214,G
1-PB2,1075,0,3,1222,0,1225,G
1-PB2,1076,1,1,1272,0,1274,G
1-PB2,1077,0,2,1278,0,1280,G
1-PB2,1078,0,1260,0,1,1261,T
1-PB2,1079,1264,0,0,0,1264,A
1-PB2,1080,0,1258,0,1,1259,T
1-PB2,1081,0,0,1265,0,1265,G
1-PB2,1082,1263,0,0,0,1263,A
1-PB2,1083,1,1,1257,0,1259,G
1-PB2,1084,0,1,1258,0,1259,G
1-PB2,1085,1173,0,1,0,1174,A
1-PB2,1086,0,0,1211,1,1212,G
1-PB2,1087,0,1215,0,0,1215,T
1-PB2,1088,0,1246,0,2,1248,T
1-PB2,1089,0,0,0,1252,1252,C
1-PB2,1090,1245,6,2,0,1253,A
1-PB2,1091,1,2,0,1249,1252,C
1-PB2,1092,1249,1,0,0,1250,A
1-PB2,1093,1291,0,1,0,1292,A
1-PB2,1094,0,1290,0,1,1291,T
1-PB2,1095,0,1,1273,0,1274,G
1-PB2,1096,1,1,1279,0,1281,G
1-PB2,1097,0,1245,0,0,1245,T
1-PB2,1098,0,1,1248,0,1249,G
1-PB2,1099,1,1,1244,0,1246,G
1-PB2,1100,0,3,1242,0,1245,G
1-PB2,1101,0,0,1254,0,1254,G
1-PB2,1102,1243,0,1,0,1244,A
1-PB2,1103,1246,0,0,0,1246,A
1-PB2,1104,1244,0,0,0,1244,A
1-PB2,1105,1227,0,1,0,1228,A
1-PB2,1106,0,1,1233,0,1234,G
1-PB2,1107,1237,0,0,0,1237,A
1-PB2,1108,1,1,1236,0,1238,G
1-PB2,1109,1,1,0,1236,1238,C
1-PB2,1110,1229,0,1,0,1230,A
1-PB2,1111,1233,0,3,0,1236,A
1-PB2,1112,0,1,0,1260,1261,C
1-PB2,1113,1262,0,3,0,1265,A
1-PB2,1114,1,0,1284,0,1285,G
1-PB2,1115,0,1,0,1278,1279,C
1-PB2,1116,0,1275,0,3,1278,T
1-PB2,1117,1323,0,0,0,1323,A
1-PB2,1118,0,1322,0,0,1322,T
1-PB2,1119,1325,0,2,0,1327,A
1-PB2,1120,0,2,7,1317,1326,C
1-PB2,1121,1,1263,0,1,1265,T
1-PB2,1122,1274,0,0,0,1274,A
1-PB2,1123,1256,0,0,0,1256,A
1-PB2,1124,0,1,1259,0,1260,G
1-PB2,1125,1259,0,0,0,1259,A
1-PB2,1126,1224,0,0,1,1225,A
1-PB2,1127,1222,0,0,0,1222,A
1-PB2,1128,1216,0,0,0,1216,A
1-PB2,1129,0,1,1235,0,1236,G
1-PB2,1130,0,0,0,1241,1241,C
1-PB2,1131,1229,0,1,0,1230,A
1-PB2,1132,1235,0,1,0,1236,A
1-PB2,1133,0,0,0,1232,1232,C
1-PB2,1134,1,0,1,1231,1233,C
1-PB2,1135,1238,1,1,0,1240,A
1-PB2,1136,0,0,1247,1,1248,G
1-PB2,1137,1243,1,1,0,1245,A
1-PB2,1138,1250,0,1,0,1251,A
1-PB2,1139,0,0,1263,0,1263,G
1-PB2,1140,1255,0,0,0,1255,A
1-PB2,1141,0,1256,0,0,1256,T
1-PB2,1142,0,1246,0,0,1246,T
1-PB2,1143,1,1,1242,0,1244,G
1-PB2,1144,1,0,1275,0,1276,G
1-PB2,1145,0,1269,0,1,1270,T
1-PB2,1146,1,1265,0,0,1266,T
1-PB2,1147,3,0,0,1260,1263,C
1-PB2,1148,1262,0,0,0,1262,A
1-PB2,1149,1260,0,0,0,1260,A
1-PB2,1150,0,0,0,1334,1334,C
1-PB2,1151,0,1335,0,0,1335,T
1-PB2,1152,1,0,1,1341,1343,C
1-PB2,1153,1325,1,0,0,1326,A
1-PB2,1154,1,1339,0,0,1340,T
1-PB2,1155,1341,0,0,0,1341,A
1-PB2,1156,0,0,1348,0,1348,G
1-PB2,1157,0,1316,0,1,1317,T
1-PB2,1158,0,1,1334,0,1335,G
1-PB2,1159,1278,0,1,0,1279,A
1-PB2,1160,0,0,1293,0,1293,G
1-PB2,1161,0,1289,0,0,1289,T
1-PB2,1162,0,1,1289,0,1290,G
1-PB2,1163,0,1,1302,0,1303,G
1-PB2,1164,1301,0,1,0,1302,A
1-PB2,1165,1292,0,3,0,1295,A
1-PB2,1166,0,1,1297,0,1298,G
1-PB2,1167,1283,0,0,0,1283,A
1-PB2,1168,0,0,1285,0,1285,G
1-PB2,1169,1274,0,2,0,1276,A
1-PB2,1170,0,0,0,1277,1277,C
1-PB2,1171,1,2,1278,0,1281,G
1-PB2,1172,1269,0,1,0,1270,A
1-PB2,1173,1272,0,1,0,1273,A
1-PB2,1174,1,0,0,1271,1272,C
1-PB2,1175,1263,0,1,0,1264,A
1-PB2,1176,1,0,1324,0,1325,G
1-PB2,1177,0,1316,0,3,1319,T
1-PB2,1178,2,0,0,1313,1315,C
1-PB2,1179,1320,0,1,0,1321,A
1-PB2,1180,1323,0,0,0,1323,A
1-PB2,1181,0,1319,0,0,1319,T
1-PB2,1182,1317,0,0,1,1318,A
1-PB2,1183,0,0,1316,0,1316,G
1-PB2,1184,1,2,0,1306,1309,C
1-PB2,1185,1,0,0,1271,1272,C
1-PB2,1186,1,0,1266,0,1267,G
1-PB2,1187,1269,0,0,0,1269,A
1-PB2,1188,1276,0,2,0,1278,A
1-PB2,1189,0,0,1287,0,1287,G
1-PB2,1190,0,0,0,1317,1317,C
1-PB2,1191,1319,0,0,0,1319,A
1-PB2,1192,1323,0,0,0,1323,A
1-PB2,1193,0,1325,0,0,1325,T
1-PB2,1194,1330,0,1,0,1331,A
1-PB2,1195,1342,0,0,0,1342,A
1-PB2,1196,1,1336,0,0,1337,T
1-PB2,1197,0,0,0,1331,1331,C
1-PB2,1198,1,0,1324,0,1325,G
1-PB2,1199,0,1300,0,1,1301,T
1-PB2,1200,1,1,1297,0,1299,G
1-PB2,1201,0,0,1313,0,1313,G
1-PB2,1202,0,0,0,1312,1312,C
1-PB2,1203,0,2,0,1309,1311,C
1-PB2,1204,1301,0,1,0,1302,A
1-PB2,1205,1,1301,0,0,1302,T
1-PB2,1206,0,0,1300,0,1300,G
1-PB2,1207,0,0,1316,3,1319,G
1-PB2,1208,1,1317,0,0,1318,T
1-PB2,1209,1,0,1319,2,1322,G
1-PB2,1210,0,1307,0,1,1308,T
1-PB2,1211,0,1312,0,0,1312,T
1-PB2,1212,0,1311,0,0,1311,T
1-PB2,1213,0,1308,0,2,1310,T
1-PB2,1214,0,1,0,1331,1332,C
1-PB2,1215,1330,1,0,0,1331,A
1-PB2,1216,0,0,0,1364,1364,C
1-PB2,1217,1345,0,2,0,1347,A
1-PB2,1218,1355,0,0,0,1355,A
1-PB2,1219,0,0,1350,0,1350,G
1-PB2,1220,1350,0,1,0,1351,A
1-PB2,1221,1307,1,29,0,1337,A
1-PB2,1222,0,0,1361,0,1361,G
1-PB2,1223,1360,0,0,0,1360,A
1-PB2,1224,0,1365,1,0,1366,T
1-PB2,1225,1,1358,0,0,1359,T
1-PB2,1226,0,0,1357,0,1357,G
1-PB2,1227,0,0,0,1344,1344,C
1-PB2,1228,1356,0,1,0,1357,A
1-PB2,1229,0,1368,0,0,1368,T
1-PB2,1230,0,0,1413,0,1413,G
1-PB2,1231,1421,1,1,0,1423,A
1-PB2,1232,0,1429,0,0,1429,T
1-PB2,1233,1424,0,0,0,1424,A
1-PB2,1234,1419,0,0,0,1419,A
1-PB2,1235,1416,1,2,0,1419,A
1-PB2,1236,1426,0,1,0,1427,A
1-PB2,1237,0,0,1431,0,1431,G
1-PB2,1238,0,1,0,1447,1448,C
1-PB2,1239,1453,0,1,0,1454,A
1-PB2,1240,0,0,1484,0,1484,G
1-PB2,1241,0,1481,0,0,1481,T
1-PB2,1242,0,1481,0,0,1481,T
1-PB2,1243,1475,0,3,0,1478,A
1-PB2,1244,0,0,1497,0,1497,G
1-PB2,1245,1489,0,3,0,1492,A
1-PB2,1246,0,2,1494,0,1496,G
1-PB2,1247,0,0,1478,0,1478,G
1-PB2,1248,1,1434,0,1,1436,T
1-PB2,1249,1,3,1426,0,1430,G
1-PB2,1250,1438,0,0,0,1438,A
1-PB2,1251,0,1,0,1439,1440,C
1-PB2,1252,3,0,1,1439,1443,C
1-PB2,1253,1,1346,0,2,1349,T
1-PB2,1254,1,2,1348,1,1352,G
1-PB2,1255,1350,0,1,0,1351,A
1-PB2,1256,1347,0,1,0,1348,A
1-PB2,1257,0,1351,0,0,1351,T
1-PB2,1258,0,1354,0,0,1354,T
1-PB2,1259,0,1360,0,1,1361,T
1-PB2,1260,1,1,4,1352,1358,C
1-PB2,1261,3,0,1361,0,1364,G
1-PB2,1262,3,1360,1,0,1364,T
1-PB2,1263,1,0,0,1361,1362,C
1-PB2,1264,1364,0,0,0,1364,A
1-PB2,1265,1364,1,0,0,1365,A
1-PB2,1266,0,0,0,1365,1365,C
1-PB2,1267,1348,0,0,0,1348,A
1-PB2,1268,0,5,1354,0,1359,G
1-PB2,1269,1355,1,0,0,1356,A
1-PB2,1270,0,1,1357,0,1358,G
1-PB2,1271,0,0,0,1360,1360,C
1-PB2,1272,1352,1,1,0,1354,A
1-PB2,1273,1374,0,1,0,1375,A
1-PB2,1274,1369,0,1,1,1371,A
1-PB2,1275,0,1374,0,0,1374,T
1-PB2,1276,1,0,0,1377,1378,C
1-PB2,1277,1363,0,1,0,1364,A
1-PB2,1278,0,0,1356,0,1356,G
1-PB2,1279,0,0,0,1367,1367,C
1-PB2,1280,0,0,1368,0,1368,G
1-PB2,1281,0,0,1416,0,1416,G
1-PB2,1282,0,1407,0,2,1409,T
1-PB2,1283,0,1404,0,0,1404,T
1-PB2,1284,1,2,1403,0,1406,G
1-PB2,1285,1408,0,4,0,1412,A
1-PB2,1286,1416,0,1,0,1417,A
1-PB2,1287,0,0,0,1420,1420,C
1-PB2,1288,3,1,0,1415,1419,C
1-PB2,1289,0,1,0,1417,1418,C
1-PB2,1290,1,0,0,1376,1377,C
1-PB2,1291,1383,0,1,0,1384,A
1-PB2,1292,0,1391,0,0,1391,T
1-PB2,1293,2,0,1393,0,1395,G
1-PB2,1294,0,1,0,1400,1401,C
1-PB2,1295,1385,0,1,0,1386,A
1-PB2,1296,0,1379,0,1,1380,T
1-PB2,1297,0,0,0,1381,1381,C
1-PB2,1298,1373,1,1,0,1375,A
1-PB2,1299,2,0,1401,0,1403,G
1-PB2,1300,0,0,0,1413,1413,C
1-PB2,1301,0,1357,0,2,1359,T
1-PB2,1302,0,1352,0,1,1353,T
1-PB2,1303,0,1348,0,0,1348,T
1-PB2,1304,0,1351,0,0,1351,T
1-PB2,1305,1354,0,0,0,1354,A
1-PB2,1306,1351,0,1,0,1352,A
1-PB2,1307,1,1,1354,0,1356,G
1-PB2,1308,0,0,1347,0,1347,G
1-PB2,1309,0,0,0,1334,1334,C
1-PB2,1310,1323,1,0,0,1324,A
1-PB2,1311,0,1320,0,0,1320,T
1-PB2,1312,1,1319,0,0,1320,T
1-PB2,1313,0,1321,0,1,1322,T
1-PB2,1314,0,1326,0,0,1326,T
1-PB2,1315,0,0,0,1327,1327,C
1-PB2,1316,1320,0,1,0,1321,A
1-PB2,1317,1,1,1321,0,1323,G
1-PB2,1318,1324,1,0,0,1325,A
1-PB2,1319,1322,0,0,0,1322,A
1-PB2,1320,1318,0,0,0,1318,A
1-PB2,1321,0,0,1314,1,1315,G
1-PB2,1322,1326,0,1,0,1327,A
1-PB2,1323,0,1325,0,1,1326,T
1-PB2,1324,0,0,1321,0,1321,G
1-PB2,1325,1,1,0,1325,1327,C
1-PB2,1326,1,2,1327,0,1330,G
1-PB2,1327,1328,0,1,0,1329,A
1-PB2,1328,1329,0,1,0,1330,A
1-PB2,1329,1329,0,1,0,1330,A
1-PB2,1330,0,0,1334,1,1335,G
1-PB2,1331,0,1326,0,1,1327,T
1-PB2,1332,4,0,1323,0,1327,G
1-PB2,1333,1,1,0,1321,1323,C
1-PB2,1334,1,1317,0,1,1319,T
1-PB2,1335,0,1319,0,2,1321,T
1-PB2,1336,0,1315,2,0,1317,T
1-PB2,1337,0,1325,0,0,1325,T
1-PB2,1338,0,1323,0,1,1324,T
1-PB2,1339,3,1,0,1321,1325,C
1-PB2,1340,1324,0,1,0,1325,A
1-PB2,1341,1323,0,1,0,1324,A
1-PB2,1342,1318,0,0,0,1318,A
1-PB2,1343,1330,0,0,0,1330,A
1-PB2,1344,0,1329,0,0,1329,T
1-PB2,1345,0,1330,0,0,1330,T
1-PB2,1346,1,0,1330,0,1331,G
1-PB2,1347,0,2,1329,0,1331,G
1-PB2,1348,0,1,1326,0,1327,G
1-PB2,1349,0,0,1363,0,1363,G
1-PB2,1350,1343,0,2,0,1345,A
1-PB2,1351,0,0,1371,0,1371,G
1-PB2,1352,0,1369,0,2,1371,T
1-PB2,1353,0,1366,0,0,1366,T
1-PB2,1354,0,0,1372,1,1373,G
1-PB2,1355,1368,0,2,0,1370,A
1-PB2,1356,1372,0,3,0,1375,A
1-PB2,1357,0,1,0,1393,1394,C
1-PB2,1358,1364,1,0,0,1365,A
1-PB2,1359,0,0,0,1394,1394,C
1-PB2,1360,1371,0,0,0,1371,A
1-PB2,1361,0,1374,0,0,1374,T
1-PB2,1362,2,3,0,1374,1379,C
1-PB2,1363,0,2,1376,0,1378,G
1-PB2,1364,1384,0,0,0,1384,A
1-PB2,1365,0,0,0,1382,1382,C
1-PB2,1366,1333,1,1,0,1335,A
1-PB2,1367,0,1,1370,0,1371,G
1-PB2,1368,0,1337,0,1,1338,T
1-PB2,1369,0,0,1350,0,1350,G
1-PB2,1370,0,1340,0,0,1340,T
1-PB2,1371,1,0,1344,0,1345,G
1-PB2,1372,1341,0,3,0,1344,A
1-PB2,1373,0,1336,0,0,1336,T
1-PB2,1374,0,1,1335,0,1336,G
1-PB2,1375,1,3,1329,0,1333,G
1-PB2,1376,2,1,1304,0,1307,G
1-PB2,1377,1296,0,1,0,1297,A
1-PB2,1378,1283,0,1,0,1284,A
1-PB2,1379,0,1287,0,1,1288,T
1-PB2,1380,2,0,1291,0,1293,G
1-PB2,1381,1292,0,2,0,1294,A
1-PB2,1382,0,1293,0,0,1293,T
1-PB2,1383,0,1295,0,0,1295,T
1-PB2,1384,0,1,1296,0,1297,G
1-PB2,1385,0,3,1316,0,1319,G
1-PB2,1386,1310,0,1,0,1311,A
1-PB2,1387,0,0,1357,0,1357,G
1-PB2,1388,0,1346,0,0,1346,T
1-PB2,1389,1338,0,0,0,1338,A
1-PB2,1390,0,1337,0,0,1337,T
1-PB2,1391,0,1347,0,0,1347,T
1-PB2,1392,1360,2,0,0,1362,A
1-PB2,1393,0,0,0,1364,1364,C
1-PB2,1394,0,0,0,1350,1350,C
1-PB2,1395,1329,0,0,0,1329,A
1-PB2,1396,0,0,1338,0,1338,G
1-PB2,1397,1357,0,1,0,1358,A
1-PB2,1398,0,1351,0,2,1353,T
1-PB2,1399,1340,0,0,1,1341,A
1-PB2,1400,0,1317,0,6,1323,T
1-PB2,1401,0,1,1312,0,1313,G
1-PB2,1402,1316,0,0,0,1316,A
1-PB2,1403,0,0,0,1317,1317,C
1-PB2,1404,0,1311,0,0,1311,T
1-PB2,1405,0,1,0,1310,1311,C
1-PB2,1406,2,0,0,1296,1298,C
1-PB2,1407,1299,0,3,0,1302,A
1-PB2,1408,1302,0,4,0,1306,A
1-PB2,1409,2,0,1334,0,1336,G
1-PB2,1410,1,0,0,1325,1326,C
1-PB2,1411,1332,0,0,0,1332,A
1-PB2,1412,0,0,0,1335,1335,C
1-PB2,1413,1330,0,2,0,1332,A
1-PB2,1414,0,0,1333,0,1333,G
1-PB2,1415,1329,0,0,0,1329,A
1-PB2,1416,0,0,1342,0,1342,G
1-PB2,1417,1335,0,3,0,1338,A
1-PB2,1418,0,1308,0,2,1310,T
1-PB2,1419,0,1,1329,0,1330,G
1-PB2,1420,0,1318,0,1,1319,T
1-PB2,1421,1,0,0,1315,1316,C
1-PB2,1422,1321,1,3,0,1325,A
1-PB2,1423,1320,0,1,0,1321,A
1-PB2,1424,0,1323,0,0,1323,T
1-PB2,1425,0,1,1317,0,1318,G
1-PB2,1426,1305,0,0,0,1305,A
1-PB2,1427,0,0,1321,0,1321,G
1-PB2,1428,1300,0,1,0,1301,A
1-PB2,1429,0,0,1316,0,1316,G
1-PB2,1430,11,2,1357,0,1370,G
1-PB2,1431,1369,0,0,0,1369,A
1-PB2,1432,1369,0,0,0,1369,A
1-PB2,1433,0,1371,0,0,1371,T
1-PB2,1434,1370,0,0,0,1370,A
1-PB2,1435,1368,0,0,0,1368,A
1-PB2,1436,0,1,1367,0,1368,G
1-PB2,1437,1352,0,1,0,1353,A
1-PB2,1438,0,0,1361,0,1361,G
1-PB2,1439,0,1292,0,0,1292,T
1-PB2,1440,1,0,0,1288,1289,C
1-PB2,1441,1288,0,1,0,1289,A
1-PB2,1442,0,0,1301,0,1301,G
1-PB2,1443,1,0,0,1322,1323,C
1-PB2,1444,1321,0,0,1,1322,A
1-PB2,1445,1327,0,0,0,1327,A
1-PB2,1446,1320,0,0,0,1320,A
1-PB2,1447,1322,0,0,0,1322,A
1-PB2,1448,0,1319,0,0,1319,T
1-PB2,1449,0,2,1323,0,1325,G
1-PB2,1450,0,3,1319,1,1323,G
1-PB2,1451,2,1,1324,2,1329,G
1-PB2,1452,0,1320,0,0,1320,T
1-PB2,1453,0,0,1322,1,1323,G
1-PB2,1454,0,1321,0,0,1321,T
1-PB2,1455,0,0,1331,0,1331,G
1-PB2,1456,0,0,1355,0,1355,G
1-PB2,1457,1354,1,0,0,1355,A
1-PB2,1458,1,1352,0,0,1353,T
1-PB2,1459,0,1,1358,4,1363,G
1-PB2,1460,1361,0,1,0,1362,A
1-PB2,1461,1362,0,0,0,1362,A
1-PB2,1462,2,1357,1,0,1360,T
1-PB2,1463,1337,1,0,0,1338,A
1-PB2,1464,0,1,0,1419,1420,C
1-PB2,1465,1,1381,0,0,1382,T
1-PB2,1466,2,0,0,1396,1398,C
1-PB2,1467,0,0,0,1396,1396,C
1-PB2,1468,1380,0,1,0,1381,A
1-PB2,1469,1,0,1423,0,1424,G
1-PB2,1470,0,1411,0,0,1411,T
1-PB2,1471,1421,0,0,0,1421,A
1-PB2,1472,0,0,0,1425,1425,C
1-PB2,1473,1321,0,0,0,1321,A
1-PB2,1474,0,1,1320,0,1321,G
1-PB2,1475,1284,0,1,1,1286,A
1-PB2,1476,0,0,1297,0,1297,G
1-PB2,1477,1259,0,1,0,1260,A
1-PB2,1478,0,2,1235,0,1237,G
1-PB2,1479,0,2,1233,0,1235,G
1-PB2,1480,0,0,1235,0,1235,G
1-PB2,1481,0,1227,0,0,1227,T
1-PB2,1482,1,2,1224,0,1227,G
1-PB2,1483,2,1,1226,0,1229,G
1-PB2,1484,0,1220,0,0,1220,T
1-PB2,1485,0,0,1240,1,1241,G
1-PB2,1486,0,0,1241,0,1241,G
1-PB2,1487,0,1223,0,0,1223,T
1-PB2,1488,0,1218,0,1,1219,T
1-PB2,1489,1195,0,0,0,1195,A
1-PB2,1490,0,0,1199,0,1199,G
1-PB2,1491,0,3,0,1195,1198,C
1-PB2,1492,1190,0,1,0,1191,A
1-PB2,1493,0,1191,0,1,1192,T
1-PB2,1494,0,1135,0,0,1135,T
1-PB2,1495,0,0,1137,1,1138,G
1-PB2,1496,1134,1,0,0,1135,A
1-PB2,1497,0,1134,0,1,1135,T
1-PB2,1498,0,0,0,1137,1137,C
1-PB2,1499,0,0,1131,0,1131,G
1-PB2,1500,0,0,1139,0,1139,G
1-PB2,1501,0,1130,0,1,1131,T
1-PB2,1502,0,1135,1,0,1136,T
1-PB2,1503,0,1141,0,0,1141,T
1-PB2,1504,0,1137,0,0,1137,T
1-PB2,1505,0,1135,0,2,1137,T
1-PB2,1506,1,1,1135,1,1138,G
1-PB2,1507,1133,0,1,0,1134,A
1-PB2,1508,0,0,1138,0,1138,G
1-PB2,1509,1114,0,1,0,1115,A
1-PB2,1510,1,0,1122,0,1123,G
1-PB2,1511,0,1124,0,0,1124,T
1-PB2,1512,0,1122,1,1,1124,T
1-PB2,1513,1122,0,1,0,1123,A
1-PB2,1514,0,2,1128,1,1131,G
1-PB2,1515,1128,0,2,0,1130,A
1-PB2,1516,0,4,1130,0,1134,G
1-PB2,1517,1120,0,1,0,1121,A
1-PB2,1518,0,0,0,1118,1118,C
1-PB2,1519,2,1,0,1111,1114,C
1-PB2,1520,1094,0,1,0,1095,A
1-PB2,1521,1105,1,1,0,1107,A
1-PB2,1522,0,0,0,1108,1108,C
1-PB2,1523,0,0,1108,0,1108,G
1-PB2,1524,0,1105,0,0,1105,T
1-PB2,1525,0,0,1097,0,1097,G
1-PB2,1526,1,1,1101,0,1103,G
1-PB2,1527,0,0,1099,0,1099,G
1-PB2,1528,1099,0,1,0,1100,A
1-PB2,1529,1097,1,0,0,1098,A
1-PB2,1530,0,1076,0,1,1077,T
1-PB2,1531,0,0,1111,0,1111,G
1-PB2,1532,0,1102,0,3,1105,T
1-PB2,1533,1103,0,1,0,1104,A
1-PB2,1534,0,1107,0,0,1107,T
1-PB2,1535,0,1096,0,0,1096,T
1-PB2,1536,1101,0,0,0,1101,A
1-PB2,1537,1,1093,0,1,1095,T
1-PB2,1538,0,1084,0,0,1084,T
1-PB2,1539,1082,0,0,0,1082,A
1-PB2,1540,0,956,0,0,956,T
1-PB2,1541,1,1,0,989,991,C
1-PB2,1542,0,979,0,0,979,T
1-PB2,1543,1,1,2,985,989,C
1-PB2,1544,3,1,0,985,989,C
1-PB2,1545,0,959,0,1,960,T
1-PB2,1546,0,0,964,0,964,G
1-PB2,1547,964,0,0,0,964,A
1-PB2,1548,0,1,964,0,965,G
1-PB2,1549,0,1,961,0,962,G
1-PB2,1550,880,0,2,0,882,A
1-PB2,1551,0,0,888,0,888,G
1-PB2,1552,2,0,886,0,888,G
1-PB2,1553,0,841,0,0,841,T
1-PB2,1554,1,0,0,840,841,C
1-PB2,1555,830,0,0,0,830,A
1-PB2,1556,1,0,841,0,842,G
1-PB2,1557,0,839,0,1,840,T
1-PB2,1558,0,0,837,0,837,G
1-PB2,1559,840,0,0,0,840,A
1-PB2,1560,814,0,2,0,816,A
1-PB2,1561,817,0,3,0,820,A
1-PB2,1562,0,0,0,824,824,C
1-PB2,1563,816,0,1,0,817,A
1-PB2,1564,0,0,0,815,815,C
1-PB2,1565,789,0,2,0,791,A
1-PB2,1566,1,1,793,0,795,G
1-PB2,1567,0,1,791,0,792,G
1-PB2,1568,0,0,799,0,799,G
1-PB2,1569,800,0,0,0,800,A
1-PB2,1570,787,0,1,0,788,A
1-PB2,1571,0,0,0,794,794,C
1-PB2,1572,0,781,0,0,781,T
1-PB2,1573,0,1,779,0,780,G
1-PB2,1574,769,0,3,0,772,A
1-PB2,1575,0,1,779,0,780,G
1-PB2,1576,763,1,1,0,765,A
1-PB2,1577,0,0,738,0,738,G
1-PB2,1578,735,0,0,0,735,A
1-PB2,1579,0,1,0,733,734,C
1-PB2,1580,0,708,0,0,708,T
1-PB2,1581,1,2,713,0,716,G
1-PB2,1582,714,0,1,0,715,A
1-PB2,1583,0,0,0,721,721,C
1-PB2,1584,714,0,1,0,715,A
1-PB2,1585,714,0,0,0,714,A
1-PB2,1586,0,708,0,0,708,T
1-PB2,1587,708,0,0,0,708,A
1-PB2,1588,710,0,1,0,711,A
1-PB2,1589,0,0,0,714,714,C
1-PB2,1590,1,682,0,0,683,T
1-PB2,1591,0,676,0,0,676,T
1-PB2,1592,658,1,0,0,659,A
1-PB2,1593,0,658,0,1,659,T
1-PB2,1594,0,656,0,1,657,T
1-PB2,1595,0,0,0,655,655,C
1-PB2,1596,614,0,0,0,614,A
1-PB2,1597,0,615,0,0,615,T
1-PB2,1598,0,1,0,592,593,C
1-PB2,1599,0,0,592,0,592,G
1-PB2,1600,0,592,0,2,594,T
1-PB2,1601,0,0,0,589,589,C
1-PB2,1602,0,1,578,0,579,G
1-PB2,1603,581,0,0,0,581,A
1-PB2,1604,0,581,0,0,581,T
1-PB2,1605,1,0,577,0,578,G
1-PB2,1606,579,0,0,0,579,A
1-PB2,1607,0,578,0,0,578,T
1-PB2,1608,0,0,577,0,577,G
1-PB2,1609,0,554,0,0,554,T
1-PB2,1610,2,0,549,0,551,G
1-PB2,1611,1,0,551,0,552,G
1-PB2,1612,0,0,547,0,547,G
1-PB2,1613,531,0,1,0,532,A
1-PB2,1614,0,0,527,0,527,G
1-PB2,1615,488,0,0,0,488,A
1-PB2,1616,0,471,0,1,472,T
1-PB2,1617,0,463,0,0,463,T
1-PB2,1618,451,1,1,0,453,A
1-PB2,1619,452,0,1,0,453,A
1-PB2,1620,0,0,0,451,451,C
1-PB2,1621,1,0,419,0,420,G
1-PB2,1622,0,0,417,0,417,G
1-PB2,1623,0,356,0,0,356,T
1-PB2,1624,0,0,0,356,356,C
1-PB2,1625,0,0,0,356,356,C
1-PB2,1626,0,283,0,0,283,T
1-PB2,1627,0,0,285,0,285,G
1-PB2,1628,283,0,0,0,283,A
1-PB2,1629,0,0,280,0,280,G
1-PB2,1630,0,279,0,0,279,T
1-PB2,1631,0,0,1,275,276,C
1-PB2,1632,0,0,267,0,267,G
1-PB2,1633,0,0,275,0,275,G
1-PB2,1634,0,275,0,0,275,T
1-PB2,1635,0,274,0,0,274,T
1-PB2,1636,0,273,0,0,273,T
1-PB2,1637,0,269,0,0,269,T
1-PB2,1638,0,0,273,0,273,G
1-PB2,1639,0,0,275,0,275,G
1-PB2,1640,0,276,0,0,276,T
1-PB2,1641,0,1,0,274,275,C
1-PB2,1642,272,0,0,0,272,A
1-PB2,1643,283,0,0,0,283,A
1-PB2,1644,1,282,0,0,283,T
1-PB2,1645,283,0,1,0,284,A
1-PB2,1646,0,1,0,289,290,C
1-PB2,1647,0,0,0,282,282,C
1-PB2,1648,0,279,1,0,280,T
1-PB2,1649,282,0,0,0,282,A
1-PB2,1650,0,283,0,0,283,T
1-PB2,1651,0,0,0,282,282,C
1-PB2,1652,278,0,0,0,278,A
1-PB2,1653,276,0,0,0,276,A
1-PB2,1654,0,278,0,0,278,T
1-PB2,1655,0,0,271,0,271,G
1-PB2,1656,0,0,272,0,272,G
1-PB2,1657,268,0,0,0,268,A
1-PB2,1658,0,267,0,0,267,T
1-PB2,1659,0,0,0,262,262,C
1-PB2,1660,263,0,0,0,263,A
1-PB2,1661,0,264,0,1,265,T
1-PB2,1662,0,0,0,264,264,C
1-PB2,1663,264,0,0,0,264,A
1-PB2,1664,0,0,265,0,265,G
1-PB2,1665,262,0,0,0,262,A
1-PB2,1666,261,0,0,0,261,A
1-PB2,1667,263,0,0,0,263,A
1-PB2,1668,0,267,0,0,267,T
1-PB2,1669,0,264,0,1,265,T
1-PB2,1670,0,0,264,0,264,G
1-PB2,1671,0,0,264,0,264,G
1-PB2,1672,0,0,264,0,264,G
1-PB2,1673,261,0,0,0,261,A
1-PB2,1674,260,0,0,0,260,A
1-PB2,1675,0,0,262,0,262,G
1-PB2,1676,0,0,0,262,262,C
1-PB2,1677,0,261,0,1,262,T
1-PB2,1678,0,0,265,0,265,G
1-PB2,1679,0,265,0,1,266,T
1-PB2,1680,0,0,0,263,263,C
1-PB2,1681,266,0,0,0,266,A
1-PB2,1682,266,0,0,0,266,A
1-PB2,1683,266,0,0,0,266,A
1-PB2,1684,265,0,1,0,266,A
1-PB2,1685,0,263,0,0,263,T
1-PB2,1686,0,264,0,0,264,T
1-PB2,1687,0,0,0,264,264,C
1-PB2,1688,264,0,0,0,264,A
1-PB2,1689,261,0,0,0,261,A
1-PB2,1690,0,264,0,0,264,T
1-PB2,1691,0,0,264,0,264,G
1-PB2,1692,0,0,268,0,268,G
1-PB2,1693,0,274,0,0,274,T
1-PB2,1694,0,0,0,276,276,C
1-PB2,1695,1,275,0,0,276,T
1-PB2,1696,0,0,0,276,276,C
1-PB2,1697,276,0,0,1,277,A
1-PB2,1698,0,0,277,0,277,G
1-PB2,1699,279,0,0,0,279,A
1-PB2,1700,282,0,0,0,282,A
1-PB2,1701,0,283,0,0,283,T
1-PB2,1702,0,0,0,278,278,C
1-PB2,1703,1,0,0,260,261,C
1-PB2,1704,0,260,0,0,260,T
1-PB2,1705,0,0,261,0,261,G
1-PB2,1706,0,0,0,262,262,C
1-PB2,1707,262,0,0,0,262,A
1-PB2,1708,268,0,0,0,268,A
1-PB2,1709,1,265,0,0,266,T
1-PB2,1710,0,0,271,0,271,G
1-PB2,1711,0,273,0,0,273,T
1-PB2,1712,0,263,0,1,264,T
1-PB2,1713,0,0,267,0,267,G
1-PB2,1714,1,266,0,0,267,T
1-PB2,1715,266,0,0,0,266,A
1-PB2,1716,0,0,0,267,267,C
1-PB2,1717,262,0,1,0,263,A
1-PB2,1718,267,0,0,0,267,A
1-PB2,1719,0,0,0,264,264,C
1-PB2,1720,260,0,0,0,260,A
1-PB2,1721,260,0,0,0,260,A
1-PB2,1722,256,0,0,0,256,A
1-PB2,1723,257,0,0,0,257,A
1-PB2,1724,1,254,0,0,255,T
1-PB2,1725,0,0,257,0,257,G
1-PB2,1726,1,0,256,0,257,G
1-PB2,1727,256,0,0,0,256,A
1-PB2,1728,256,0,0,0,256,A
1-PB2,1729,0,256,0,0,256,T
1-PB2,1730,0,256,0,0,256,T
1-PB2,1731,0,255,0,0,255,T
1-PB2,1732,0,0,253,0,253,G
1-PB2,1733,252,0,1,0,253,A
1-PB2,1734,253,0,0,0,253,A
1-PB2,1735,0,0,0,253,253,C
1-PB2,1736,0,0,0,236,236,C
1-PB2,1737,237,0,0,0,237,A
1-PB2,1738,0,239,0,0,239,T
1-PB2,1739,0,239,0,0,239,T
1-PB2,1740,0,239,0,0,239,T
1-PB2,1741,0,0,0,239,239,C
1-PB2,1742,238,0,1,0,239,A
1-PB2,1743,238,0,0,0,238,A
1-PB2,1744,0,239,0,0,239,T
1-PB2,1745,0,0,0,242,242,C
1-PB2,1746,0,238,0,0,238,T
1-PB2,1747,0,238,0,0,238,T
1-PB2,1748,0,237,0,1,238,T
1-PB2,1749,240,0,0,0,240,A
1-PB2,1750,0,0,240,0,240,G
1-PB2,1751,0,241,0,0,241,T
1-PB2,1752,0,0,0,244,244,C
1-PB2,1753,0,0,0,245,245,C
1-PB2,1754,0,0,0,242,242,C
1-PB2,1755,0,0,0,241,241,C
1-PB2,1756,243,0,0,0,243,A
1-PB2,1757,242,0,0,0,242,A
1-PB2,1758,0,0,247,0,247,G
1-PB2,1759,0,0,245,0,245,G
1-PB2,1760,0,0,0,246,246,C
1-PB2,1761,0,0,0,249,249,C
1-PB2,1762,249,0,0,0,249,A
1-PB2,1763,0,252,0,0,252,T
1-PB2,1764,0,252,0,0,252,T
1-PB2,1765,253,0,0,0,253,A
1-PB2,1766,0,0,252,0,252,G
1-PB2,1767,242,0,1,0,243,A
1-PB2,1768,252,0,0,0,252,A
1-PB2,1769,0,0,255,0,255,G
1-PB2,1770,0,0,0,254,254,C
1-PB2,1771,0,0,0,254,254,C
1-PB2,1772,248,0,0,0,248,A
1-PB2,1773,250,0,0,0,250,A
1-PB2,1774,0,251,0,0,251,T
1-PB2,1775,251,0,0,0,251,A
1-PB2,1776,0,1,0,250,251,C
1-PB2,1777,228,0,0,0,228,A
1-PB2,1778,0,0,229,0,229,G
1-PB2,1779,0,230,0,0,230,T
1-PB2,1780,0,0,233,0,233,G
1-PB2,1781,0,0,234,0,234,G
1-PB2,1782,0,0,229,0,229,G
1-PB2,1783,0,225,0,0,225,T
1-PB2,1784,0,226,0,0,226,T
1-PB2,1785,0,226,0,0,226,T
1-PB2,1786,0,0,228,0,228,G
1-PB2,1787,0,229,0,0,229,T
1-PB2,1788,0,0,0,228,228,C
1-PB2,1789,226,0,0,0,226,A
1-PB2,1790,0,0,225,0,225,G
1-PB2,1791,223,0,0,1,224,A
1-PB2,1792,225,0,0,0,225,A
1-PB2,1793,0,0,0,225,225,C
1-PB2,1794,1,218,0,0,219,T
1-PB2,1795,1,0,1,220,222,C
1-PB2,1796,0,222,0,0,222,T
1-PB2,1797,223,0,0,0,223,A
1-PB2,1798,0,223,0,1,224,T
1-PB2,1799,0,222,0,0,222,T
1-PB2,1800,1,0,0,221,222,C
1-PB2,1801,0,1,0,219,220,C
1-PB2,1802,217,0,1,0,218,A
1-PB2,1803,219,0,0,0,219,A
1-PB2,1804,0,0,0,221,221,C
1-PB2,1805,219,0,0,0,219,A
1-PB2,1806,219,0,0,0,219,A
1-PB2,1807,217,0,0,0,217,A
1-PB2,1808,0,219,0,0,219,T
1-PB2,1809,0,1,217,0,218,G
1-PB2,1810,217,0,1,0,218,A
1-PB2,1811,0,1,220,0,221,G
1-PB2,1812,220,0,1,0,221,A
1-PB2,1813,0,0,220,0,220,G
1-PB2,1814,218,0,0,0,218,A
1-PB2,1815,0,0,0,217,217,C
1-PB2,1816,1,0,222,0,223,G
1-PB2,1817,0,225,0,0,225,T
1-PB2,1818,227,0,0,0,227,A
1-PB2,1819,0,0,0,227,227,C
1-PB2,1820,0,225,0,0,225,T
1-PB2,1821,0,225,0,0,225,T
1-PB2,1822,0,0,223,0,223,G
1-PB2,1823,0,0,225,0,225,G
1-PB2,1824,0,0,225,0,225,G
1-PB2,1825,221,0,0,0,221,A
1-PB2,1826,0,0,0,223,223,C
1-PB2,1827,222,0,2,0,224,A
1-PB2,1828,0,225,0,0,225,T
1-PB2,1829,0,224,0,0,224,T
1-PB2,1830,0,225,0,0,225,T
1-PB2,1831,0,1,224,0,225,G
1-PB2,1832,227,0,0,0,227,A
1-PB2,1833,0,0,0,228,228,C
1-PB2,1834,229,0,0,0,229,A
1-PB2,1835,0,0,2,227,229,C
1-PB2,1836,1,0,0,224,225,C
1-PB2,1837,228,0,0,0,228,A
1-PB2,1838,0,0,0,230,230,C
1-PB2,1839,1,0,0,229,230,C
1-PB2,1840,1,0,0,229,230,C
1-PB2,1841,228,0,0,0,228,A
1-PB2,1842,0,0,231,0,231,G
1-PB2,1843,230,0,0,0,230,A
1-PB2,1844,0,243,0,0,243,T
1-PB2,1845,244,0,0,0,244,A
1-PB2,1846,243,0,0,0,243,A
1-PB2,1847,0,243,0,0,243,T
1-PB2,1848,243,0,0,0,243,A
1-PB2,1849,243,0,0,0,243,A
1-PB2,1850,242,0,0,0,242,A
1-PB2,1851,0,0,242,0,242,G
1-PB2,1852,0,0,0,243,243,C
1-PB2,1853,0,238,0,0,238,T
1-PB2,1854,0,237,0,0,237,T
1-PB2,1855,0,1,0,235,236,C
1-PB2,1856,0,233,0,1,234,T
1-PB2,1857,0,0,0,237,237,C
1-PB2,1858,0,0,0,236,236,C
1-PB2,1859,0,0,0,232,232,C
1-PB2,1860,0,0,0,231,231,C
1-PB2,1861,0,236,0,0,236,T
1-PB2,1862,0,236,0,0,236,T
1-PB2,1863,0,237,0,0,237,T
1-PB2,1864,0,0,237,0,237,G
1-PB2,1865,0,0,0,236,236,C
1-PB2,1866,233,0,1,0,234,A
1-PB2,1867,0,0,235,0,235,G
1-PB2,1868,0,0,0,235,235,C
1-PB2,1869,0,231,0,0,231,T
1-PB2,1870,0,0,232,0,232,G
1-PB2,1871,0,0,1,231,232,C
1-PB2,1872,0,230,0,0,230,T
1-PB2,1873,0,0,0,234,234,C
1-PB2,1874,0,0,0,238,238,C
1-PB2,1875,238,0,0,0,238,A
1-PB2,1876,0,0,0,237,237,C
1-PB2,1877,0,0,0,239,239,C
1-PB2,1878,233,0,0,0,233,A
1-PB2,1879,236,0,0,0,236,A
1-PB2,1880,238,0,0,0,238,A
1-PB2,1881,0,0,241,0,241,G
1-PB2,1882,0,0,0,240,240,C
1-PB2,1883,233,0,1,0,234,A
1-PB2,1884,234,0,0,0,234,A
1-PB2,1885,234,0,1,0,235,A
1-PB2,1886,0,0,238,0,238,G
1-PB2,1887,0,0,0,238,238,C
1-PB2,1888,237,0,0,0,237,A
1-PB2,1889,0,0,238,0,238,G
1-PB2,1890,235,0,0,0,235,A
1-PB2,1891,242,0,0,0,242,A
1-PB2,1892,0,242,0,0,242,T
1-PB2,1893,0,0,242,0,242,G
1-PB2,1894,0,0,0,242,242,C
1-PB2,1895,238,0,0,0,238,A
1-PB2,1896,0,0,239,0,239,G
1-PB2,1897,0,239,0,0,239,T
1-PB2,1898,0,243,0,1,244,T
1-PB2,1899,0,0,0,246,246,C
1-PB2,1900,0,241,0,0,241,T
1-PB2,1901,1,0,0,242,243,C
1-PB2,1902,0,245,0,0,245,T
1-PB2,1903,0,244,0,0,244,T
1-PB2,1904,0,0,0,244,244,C
1-PB2,1905,242,0,0,0,242,A
1-PB2,1906,0,0,0,243,243,C
1-PB2,1907,0,237,0,0,237,T
1-PB2,1908,0,0,239,0,239,G
1-PB2,1909,240,0,0,0,240,A
1-PB2,1910,0,0,0,242,242,C
1-PB2,1911,0,237,0,0,237,T
1-PB2,1912,0,0,238,0,238,G
1-PB2,1913,0,237,0,0,237,T
1-PB2,1914,0,1,238,0,239,G
1-PB2,1915,239,0,0,0,239,A
1-PB2,1916,242,0,0,0,242,A
1-PB2,1917,0,238,0,1,239,T
1-PB2,1918,0,0,239,0,239,G
1-PB2,1919,0,236,0,0,236,T
1-PB2,1920,227,0,0,0,227,A
1-PB2,1921,228,0,0,0,228,A
1-PB2,1922,0,0,227,0,227,G
1-PB2,1923,226,0,0,0,226,A
1-PB2,1924,0,0,234,0,234,G
1-PB2,1925,0,0,237,0,237,G
1-PB2,1926,235,1,0,0,236,A
1-PB2,1927,0,237,0,0,237,T
1-PB2,1928,0,0,0,236,236,C
1-PB2,1929,235,0,0,0,235,A
1-PB2,1930,0,0,234,0,234,G
1-PB2,1931,0,0,236,0,236,G
1-PB2,1932,0,0,236,0,236,G
1-PB2,1933,237,0,0,0,237,A
1-PB2,1934,0,234,0,0,234,T
1-PB2,1935,0,2,231,0,233,G
1-PB2,1936,230,0,0,0,230,A
1-PB2,1937,0,0,236,0,236,G
1-PB2,1938,237,0,0,0,237,A
1-PB2,1939,232,0,0,0,232,A
1-PB2,1940,0,238,0,0,238,T
1-PB2,1941,236,0,0,0,236,A
1-PB2,1942,0,0,0,239,239,C
1-PB2,1943,0,236,0,0,236,T
1-PB2,1944,0,236,0,0,236,T
1-PB2,1945,0,0,238,0,238,G
1-PB2,1946,0,227,0,0,227,T
1-PB2,1947,225,0,0,0,225,A
1-PB2,1948,226,0,0,0,226,A
1-PB2,1949,0,0,223,0,223,G
1-PB2,1950,0,0,224,0,224,G
1-PB2,1951,1,0,218,0,219,G
1-PB2,1952,0,0,219,0,219,G
1-PB2,1953,2,0,0,218,220,C
1-PB2,1954,220,0,0,0,220,A
1-PB2,1955,222,0,0,0,222,A
1-PB2,1956,0,223,0,0,223,T
1-PB2,1957,0,223,0,0,223,T
1-PB2,1958,0,0,0,224,224,C
1-PB2,1959,0,220,0,1,221,T
1-PB2,1960,0,0,0,225,225,C
1-PB2,1961,0,1,0,224,225,C
1-PB2,1962,0,222,0,0,222,T
1-PB2,1963,0,0,223,0,223,G
1-PB2,1964,0,217,0,0,217,T
1-PB2,1965,217,0,0,0,217,A
1-PB2,1966,0,216,0,0,216,T
1-PB2,1967,0,211,0,0,211,T
1-PB2,1968,0,0,0,212,212,C
1-PB2,1969,208,0,0,0,208,A
1-PB2,1970,211,0,0,0,211,A
1-PB2,1971,0,0,0,212,212,C
1-PB2,1972,0,207,0,0,207,T
1-PB2,1973,209,0,0,0,209,A
1-PB2,1974,0,0,0,209,209,C
1-PB2,1975,208,0,0,0,208,A
1-PB2,1976,208,0,0,0,208,A
1-PB2,1977,0,0,0,207,207,C
1-PB2,1978,203,0,0,0,203,A
1-PB2,1979,203,0,1,0,204,A
1-PB2,1980,0,0,205,0,205,G
1-PB2,1981,205,0,0,0,205,A
1-PB2,1982,0,0,0,204,204,C
1-PB2,1983,0,0,0,195,195,C
1-PB2,1984,195,0,0,0,195,A
1-PB2,1985,0,0,0,199,199,C
1-PB2,1986,0,198,0,0,198,T
1-PB2,1987,198,0,0,0,198,A
1-PB2,1988,197,0,0,0,197,A
1-PB2,1989,195,0,0,0,195,A
1-PB2,1990,197,0,0,0,197,A
1-PB2,1991,0,0,198,0,198,G
1-PB2,1992,194,0,0,0,194,A
1-PB2,1993,0,1,0,194,195,C
1-PB2,1994,0,193,0,0,193,T
1-PB2,1995,194,0,0,0,194,A
1-PB2,1996,193,1,0,0,194,A
1-PB2,1997,0,0,0,194,194,C
1-PB2,1998,194,0,0,0,194,A
1-PB2,1999,192,0,1,0,193,A
1-PB2,2000,0,185,0,0,185,T
1-PB2,2001,0,186,0,0,186,T
1-PB2,2002,0,0,0,187,187,C
1-PB2,2003,0,185,0,0,185,T
1-PB2,2004,0,0,0,186,186,C
1-PB2,2005,0,0,187,0,187,G
1-PB2,2006,0,0,188,0,188,G
1-PB2,2007,187,0,0,0,187,A
1-PB2,2008,188,0,0,0,188,A
1-PB2,2009,187,0,0,0,187,A
1-PB2,2010,186,0,0,0,186,A
1-PB2,2011,0,0,189,0,189,G
1-PB2,2012,187,0,1,0,188,A
1-PB2,2013,0,188,0,0,188,T
1-PB2,2014,0,0,189,0,189,G
1-PB2,2015,0,0,0,188,188,C
1-PB2,2016,0,0,0,188,188,C
1-PB2,2017,0,1,186,0,187,G
1-PB2,2018,0,0,187,0,187,G
1-PB2,2019,0,0,0,187,187,C
1-PB2,2020,186,0,0,0,186,A
1-PB2,2021,0,0,0,188,188,C
1-PB2,2022,0,185,0,1,186,T
1-PB2,2023,0,185,0,0,185,T
1-PB2,2024,1,185,0,0,186,T
1-PB2,2025,185,0,0,0,185,A
1-PB2,2026,187,0,0,0,187,A
1-PB2,2027,0,187,0,0,187,T
1-PB2,2028,0,186,0,0,186,T
1-PB2,2029,0,0,187,0,187,G
1-PB2,2030,183,0,0,0,183,A
1-PB2,2031,183,0,0,0,183,A
1-PB2,2032,0,0,182,0,182,G
1-PB2,2033,187,0,0,0,187,A
1-PB2,2034,0,0,0,188,188,C
1-PB2,2035,1,0,0,188,189,C
1-PB2,2036,0,0,0,188,188,C
1-PB2,2037,182,0,1,0,183,A
1-PB2,2038,0,0,185,0,185,G
1-PB2,2039,186,0,0,0,186,A
1-PB2,2040,0,187,0,0,187,T
1-PB2,2041,0,0,185,0,185,G
1-PB2,2042,184,0,0,0,184,A
1-PB2,2043,181,0,1,0,182,A
1-PB2,2044,184,0,0,0,184,A
1-PB2,2045,0,0,186,0,186,G
1-PB2,2046,0,0,0,184,184,C
1-PB2,2047,182,0,0,0,182,A
1-PB2,2048,0,0,0,185,185,C
1-PB2,2049,186,0,0,0,186,A
1-PB2,2050,0,184,0,0,184,T
1-PB2,2051,0,0,0,190,190,C
1-PB2,2052,0,0,0,188,188,C
1-PB2,2053,1,0,189,0,190,G
1-PB2,2054,0,0,190,0,190,G
1-PB2,2055,189,0,0,0,189,A
1-PB2,2056,0,0,191,0,191,G
1-PB2,2057,0,187,0,0,187,T
1-PB2,2058,0,0,187,0,187,G
1-PB2,2059,0,0,188,0,188,G
1-PB2,2060,183,0,0,0,183,A
1-PB2,2061,0,0,183,0,183,G
1-PB2,2062,0,179,0,1,180,T
1-PB2,2063,0,0,0,177,177,C
1-PB2,2064,0,0,0,180,180,C
1-PB2,2065,0,0,181,0,181,G
1-PB2,2066,0,0,0,180,180,C
1-PB2,2067,0,0,0,180,180,C
1-PB2,2068,0,0,184,0,184,G
1-PB2,2069,0,182,0,2,184,T
1-PB2,2070,0,0,0,184,184,C
1-PB2,2071,0,184,0,0,184,T
1-PB2,2072,0,188,0,0,188,T
1-PB2,2073,0,0,187,0,187,G
1-PB2,2074,187,0,0,0,187,A
1-PB2,2075,0,0,188,0,188,G
1-PB2,2076,187,0,0,0,187,A
1-PB2,2077,0,1,184,0,185,G
1-PB2,2078,0,0,189,0,189,G
1-PB2,2079,0,0,187,0,187,G
1-PB2,2080,0,185,0,0,185,T
1-PB2,2081,0,185,0,0,185,T
1-PB2,2082,0,187,0,1,188,T
1-PB2,2083,0,0,0,188,188,C
1-PB2,2084,0,186,0,0,186,T
1-PB2,2085,0,0,0,195,195,C
1-PB2,2086,193,0,0,0,193,A
1-PB2,2087,0,194,0,0,194,T
1-PB2,2088,0,192,0,0,192,T
1-PB2,2089,192,0,1,0,193,A
1-PB2,2090,0,192,0,0,192,T
1-PB2,2091,195,0,0,0,195,A
1-PB2,2092,0,0,195,0,195,G
1-PB2,2093,0,0,195,0,195,G
1-PB2,2094,0,186,0,0,186,T
1-PB2,2095,188,0,0,0,188,A
1-PB2,2096,187,0,0,0,187,A
1-PB2,2097,0,0,187,0,187,G
1-PB2,2098,0,0,186,0,186,G
1-PB2,2099,186,0,0,0,186,A
1-PB2,2100,182,0,0,0,182,A
1-PB2,2101,0,0,183,0,183,G
1-PB2,2102,182,0,0,0,182,A
1-PB2,2103,0,0,0,181,181,C
1-PB2,2104,181,0,0,0,181,A
1-PB2,2105,0,0,179,0,179,G
1-PB2,2106,179,0,1,0,180,A
1-PB2,2107,178,0,0,0,178,A
1-PB2,2108,0,0,175,0,175,G
1-PB2,2109,0,0,173,0,173,G
1-PB2,2110,0,179,0,0,179,T
1-PB2,2111,178,0,1,0,179,A
1-PB2,2112,0,0,0,178,178,C
1-PB2,2113,0,1,177,0,178,G
1-PB2,2114,0,0,180,0,180,G
1-PB2,2115,177,0,0,0,177,A
1-PB2,2116,0,0,0,177,177,C
1-PB2,2117,0,0,0,174,174,C
1-PB2,2118,171,0,0,0,171,A
1-PB2,2119,0,0,174,0,174,G
1-PB2,2120,0,0,0,174,174,C
1-PB2,2121,176,0,0,0,176,A
1-PB2,2122,0,175,0,0,175,T
1-PB2,2123,0,166,0,1,167,T
1-PB2,2124,167,0,0,0,167,A
1-PB2,2125,166,0,0,0,166,A
1-PB2,2126,0,0,166,0,166,G
1-PB2,2127,0,0,0,166,166,C
1-PB2,2128,155,0,0,0,155,A
1-PB2,2129,0,165,0,1,166,T
1-PB2,2130,0,0,0,166,166,C
1-PB2,2131,167,0,0,0,167,A
1-PB2,2132,167,0,0,0,167,A
1-PB2,2133,0,167,0,0,167,T
1-PB2,2134,0,0,169,0,169,G
1-PB2,2135,169,0,0,0,169,A
1-PB2,2136,168,0,0,0,168,A
1-PB2,2137,0,0,0,169,169,C
1-PB2,2138,0,154,0,0,154,T
1-PB2,2139,0,1,156,0,157,G
1-PB2,2140,154,0,1,0,155,A
1-PB2,2141,0,0,155,0,155,G
1-PB2,2142,0,155,0,0,155,T
1-PB2,2143,152,0,0,0,152,A
1-PB2,2144,154,0,0,0,154,A
1-PB2,2145,0,0,0,158,158,C
1-PB2,2146,0,0,0,156,156,C
1-PB2,2147,0,154,0,0,154,T
1-PB2,2148,0,148,0,0,148,T
1-PB2,2149,0,0,148,0,148,G
1-PB2,2150,0,0,0,148,148,C
1-PB2,2151,147,0,0,0,147,A
1-PB2,2152,148,0,0,0,148,A
1-PB2,2153,147,0,0,0,147,A
1-PB2,2154,144,0,0,0,144,A
1-PB2,2155,0,0,144,0,144,G
1-PB2,2156,0,0,145,0,145,G
1-PB2,2157,0,0,145,0,145,G
1-PB2,2158,0,0,144,1,145,G
1-PB2,2159,145,0,0,0,145,A
1-PB2,2160,145,0,0,0,145,A
1-PB2,2161,144,0,0,0,144,A
1-PB2,2162,146,0,0,0,146,A
1-PB2,2163,0,0,146,0,146,G
1-PB2,2164,0,0,145,0,145,G
1-PB2,2165,0,0,0,143,143,C
1-PB2,2166,0,144,0,0,144,T
1-PB2,2167,144,0,0,0,144,A
1-PB2,2168,144,0,0,0,144,A
1-PB2,2169,0,144,0,0,144,T
1-PB2,2170,0,0,145,0,145,G
1-PB2,2171,0,142,0,0,142,T
1-PB2,2172,0,0,140,0,140,G
1-PB2,2173,0,0,0,139,139,C
1-PB2,2174,0,136,0,1,137,T
1-PB2,2175,136,0,0,0,136,A
1-PB2,2176,137,0,0,0,137,A
1-PB2,2177,0,135,0,0,135,T
1-PB2,2178,0,0,0,136,136,C
1-PB2,2179,1,0,129,0,130,G
1-PB2,2180,0,0,128,0,128,G
1-PB2,2181,0,0,129,0,129,G
1-PB2,2182,0,0,0,128,128,C
1-PB2,2183,130,0,0,0,130,A
1-PB2,2184,126,0,1,0,127,A
1-PB2,2185,0,0,127,0,127,G
1-PB2,2186,0,0,127,0,127,G
1-PB2,2187,127,0,0,0,127,A
1-PB2,2188,0,0,126,0,126,G
1-PB2,2189,124,0,0,0,124,A
1-PB2,2190,0,0,0,124,124,C
1-PB2,2191,0,0,123,0,123,G
1-PB2,2192,0,124,0,0,124,T
1-PB2,2193,0,0,124,0,124,G
1-PB2,2194,0,0,123,0,123,G
1-PB2,2195,0,121,0,0,121,T
1-PB2,2196,0,0,123,0,123,G
1-PB2,2197,0,118,0,0,118,T
1-PB2,2198,0,118,0,0,118,T
1-PB2,2199,0,0,115,0,115,G
1-PB2,2200,0,0,115,0,115,G
1-PB2,2201,0,115,0,0,115,T
1-PB2,2202,113,0,0,0,113,A
1-PB2,2203,112,0,0,0,112,A
1-PB2,2204,0,111,0,0,111,T
1-PB2,2205,0,0,110,0,110,G
1-PB2,2206,108,0,0,0,108,A
1-PB2,2207,107,0,0,0,107,A
1-PB2,2208,108,0,0,0,108,A
1-PB2,2209,0,0,0,108,108,C
1-PB2,2210,0,0,107,0,107,G
1-PB2,2211,107,0,0,0,107,A
1-PB2,2212,107,0,0,0,107,A
1-PB2,2213,107,0,0,0,107,A
1-PB2,2214,107,0,0,0,107,A
1-PB2,2215,0,0,0,107,107,C
1-PB2,2216,0,0,107,0,107,G
1-PB2,2217,0,0,107,0,107,G
1-PB2,2218,0,0,107,0,107,G
1-PB2,2219,107,0,0,0,107,A
1-PB2,2220,0,0,0,108,108,C
1-PB2,2221,0,107,0,0,107,T
1-PB2,2222,0,0,0,109,109,C
1-PB2,2223,0,109,0,0,109,T
1-PB2,2224,109,0,0,0,109,A
1-PB2,2225,0,0,109,0,109,G
1-PB2,2226,0,0,0,106,106,C
1-PB2,2227,105,0,0,0,105,A
1-PB2,2228,0,105,0,0,105,T
1-PB2,2229,100,0,0,0,100,A
1-PB2,2230,0,0,0,100,100,C
1-PB2,2231,0,90,0,0,90,T
1-PB2,2232,0,90,0,0,90,T
1-PB2,2233,89,0,0,0,89,A
1-PB2,2234,0,0,0,89,89,C
1-PB2,2235,0,87,0,0,87,T
1-PB2,2236,0,0,87,0,87,G
1-PB2,2237,87,0,0,0,87,A
1-PB2,2238,0,0,0,86,86,C
1-PB2,2239,82,0,0,0,82,A
1-PB2,2240,0,0,82,0,82,G
1-PB2,2241,0,1,0,81,82,C
1-PB2,2242,0,0,0,82,82,C
1-PB2,2243,81,0,0,0,81,A
1-PB2,2244,0,0,81,0,81,G
1-PB2,2245,79,0,1,0,80,A
1-PB2,2246,0,0,0,80,80,C
1-PB2,2247,78,0,0,0,78,A
1-PB2,2248,0,0,78,0,78,G
1-PB2,2249,0,0,0,74,74,C
1-PB2,2250,0,0,74,0,74,G
1-PB2,2251,74,0,0,0,74,A
1-PB2,2252,0,0,0,74,74,C
1-PB2,2253,0,0,0,74,74,C
1-PB2,2254,73,0,0,0,73,A
1-PB2,2255,74,0,0,0,74,A
1-PB2,2256,74,0,0,0,74,A
1-PB2,2257,73,0,0,0,73,A
1-PB2,2258,0,0,74,0,74,G
1-PB2,2259,69,0,0,0,69,A
1-PB2,2260,69,0,0,0,69,A
1-PB2,2261,0,69,0,0,69,T
1-PB2,2262,0,69,0,0,69,T
1-PB2,2263,0,0,0,69,69,C
1-PB2,2264,0,0,65,0,65,G
1-PB2,2265,0,0,66,0,66,G
1-PB2,2266,66,0,0,0,66,A
1-PB2,2267,0,65,0,0,65,T
1-PB2,2268,0,0,64,0,64,G
1-PB2,2269,0,0,64,0,64,G
1-PB2,2270,0,0,0,64,64,C
1-PB2,2271,0,0,0,62,62,C
1-PB2,2272,64,0,0,0,64,A
1-PB2,2273,0,64,0,0,64,T
1-PB2,2274,0,0,1,61,62,C
1-PB2,2275,62,0,0,0,62,A
1-PB2,2276,62,0,0,0,62,A
1-PB2,2277,0,62,0,0,62,T
1-PB2,2278,0,51,0,0,51,T
1-PB2,2279,47,0,0,0,47,A
1-PB2,2280,47,0,0,0,47,A
2-PB1,1,190,0,0,0,190,A
2-PB1,2,0,191,0,0,191,T
2-PB1,3,0,0,193,0,193,G
2-PB1,4,0,0,204,0,204,G
2-PB1,5,232,0,0,0,232,A
2-PB1,6,0,264,0,1,265,T
2-PB1,7,0,0,267,0,267,G
2-PB1,8,0,268,0,0,268,T
2-PB1,9,0,0,0,285,285,C
2-PB1,10,287,0,0,0,287,A
2-PB1,11,299,0,0,0,299,A
2-PB1,12,0,299,0,0,299,T
2-PB1,13,0,0,0,301,301,C
2-PB1,14,0,0,0,322,322,C
2-PB1,15,0,0,331,0,331,G
2-PB1,16,365,0,1,0,366,A
2-PB1,17,0,0,0,373,373,C
2-PB1,18,0,372,0,0,372,T
2-PB1,19,0,0,0,418,418,C
2-PB1,20,0,418,0,0,418,T
2-PB1,21,424,0,0,0,424,A
2-PB1,22,1,0,0,424,425,C
2-PB1,23,0,424,0,0,424,T
2-PB1,24,0,0,476,0,476,G
2-PB1,25,0,485,0,0,485,T
2-PB1,26,0,484,0,0,484,T
2-PB1,27,0,0,0,485,485,C
2-PB1,28,2,1,0,478,481,C
2-PB1,29,0,553,0,0,553,T
2-PB1,30,558,0,0,0,558,A
2-PB1,31,558,0,0,0,558,A
2-PB1,32,556,0,0,0,556,A
2-PB1,33,0,0,558,1,559,G
2-PB1,34,0,0,567,0,567,G
2-PB1,35,0,570,0,0,570,T
2-PB1,36,0,572,0,0,572,T
2-PB1,37,1,1,0,569,571,C
2-PB1,38,0,1,0,571,572,C
2-PB1,39,569,0,0,1,570,A
2-PB1,40,1,0,572,0,573,G
2-PB1,41,0,3,0,570,573,C
2-PB1,42,0,0,578,0,578,G
2-PB1,43,0,0,0,582,582,C
2-PB1,44,582,0,0,0,582,A
2-PB1,45,580,0,3,0,583,A
2-PB1,46,584,0,0,0,584,A
2-PB1,47,591,0,0,0,591,A
2-PB1,48,0,597,0,0,597,T
2-PB1,49,0,0,621,0,621,G
2-PB1,50,0,0,0,624,624,C
2-PB1,51,0,0,0,632,632,C
2-PB1,52,632,0,0,0,632,A
2-PB1,53,0,630,0,0,630,T
2-PB1,54,665,0,0,0,665,A
2-PB1,55,665,0,0,0,665,A
2-PB1,56,0,0,689,0,689,G
2-PB1,57,0,0,0,690,690,C
2-PB1,58,690,0,0,0,690,A
2-PB1,59,0,0,0,713,713,C
2-PB1,60,710,0,0,0,710,A
2-PB1,61,741,0,0,0,741,A
2-PB1,62,0,0,0,745,745,C
2-PB1,63,743,0,0,0,743,A
2-PB1,64,0,745,0,2,747,T
2-PB1,65,0,743,0,0,743,T
2-PB1,66,1,0,0,960,961,C
2-PB1,67,2,0,0,963,965,C
2-PB1,68,0,0,0,971,971,C
2-PB1,69,0,977,0,2,979,T
2-PB1,70,0,969,0,1,970,T
2-PB1,71,1037,0,0,0,1037,A
2-PB1,72,0,1043,0,0,1043,T
2-PB1,73,1048,0,0,0,1048,A
2-PB1,74,0,0,0,1063,1063,C
2-PB1,75,0,1039,0,0,1039,T
2-PB1,76,0,1,1040,0,1041,G
2-PB1,77,0,1,1048,1,1050,G
2-PB1,78,1043,0,1,0,1044,A
2-PB1,79,0,0,1046,0,1046,G
2-PB1,80,1039,0,1,0,1040,A
2-PB1,81,0,1039,0,2,1041,T
2-PB1,82,1,0,0,1116,1117,C
2-PB1,83,0,0,0,1122,1122,C
2-PB1,84,0,1122,0,2,1124,T
2-PB1,85,2,0,0,1205,1207,C
2-PB1,86,0,0,0,1210,1210,C
2-PB1,87,1224,0,0,0,1224,A
2-PB1,88,0,1224,0,0,1224,T
2-PB1,89,1222,0,0,0,1222,A
2-PB1,90,0,0,0,1224,1224,C
2-PB1,91,1207,0,1,0,1208,A
2-PB1,92,0,1,1248,0,1249,G
2-PB1,93,0,0,0,1252,1252,C
2-PB1,94,1,0,0,1252,1253,C
2-PB1,95,1251,0,0,1,1252,A
2-PB1,96,1,1249,0,1,1251,T
2-PB1,97,0,1,1247,0,1248,G
2-PB1,98,0,5,1292,0,1297,G
2-PB1,99,1297,0,1,0,1298,A
2-PB1,100,1302,1,3,0,1306,A
2-PB1,101,2,1,0,1305,1308,C
2-PB1,102,1296,0,1,0,1297,A
2-PB1,103,0,0,1327,0,1327,G
2-PB1,104,0,1,1356,0,1357,G
2-PB1,105,1360,0,0,0,1360,A
2-PB1,106,1362,0,1,0,1363,A
2-PB1,107,0,0,0,1372,1372,C
2-PB1,108,1361,0,0,0,1361,A
2-PB1,109,4,2,1518,0,1524,G
2-PB1,110,0,0,1529,0,1529,G
2-PB1,111,0,1,1548,0,1549,G
2-PB1,112,0,1541,0,2,1543,T
2-PB1,113,1535,1,1,0,1537,A
2-PB1,114,0,0,0,1553,1553,C
2-PB1,115,1606,0,4,0,1610,A
2-PB1,116,2,0,0,1668,1670,C
2-PB1,117,0,0,0,1667,1667,C
2-PB1,118,1646,0,0,0,1646,A
2-PB1,119,0,1647,0,0,1647,T
2-PB1,120,2,2,1657,1,1662,G
2-PB1,121,0,3,1660,0,1663,G
2-PB1,122,1661,0,3,0,1664,A
2-PB1,123,0,0,0,1670,1670,C
2-PB1,124,1648,0,1,0,1649,A
2-PB1,125,0,0,0,1674,1674,C
2-PB1,126,1683,0,0,0,1683,A
2-PB1,127,0,1,1726,0,1727,G
2-PB1,128,1,1719,0,1,1721,T
2-PB1,129,3,0,0,1775,1778,C
2-PB1,130,1773,0,1,0,1774,A
2-PB1,131,1788,1,2,0,1791,A
2-PB1,132,0,0,0,1792,1792,C
2-PB1,133,1792,0,0,0,1792,A
2-PB1,134,1,2,1811,0,1814,G
2-PB1,135,1793,1,0,1,1795,A
2-PB1,136,1791,0,0,0,1791,A
2-PB1,137,0,2,0,1788,1790,C
2-PB1,138,1762,0,3,0,1765,A
2-PB1,139,0,0,0,1759,1759,C
2-PB1,140,1751,0,0,0,1751,A
2-PB1,141,0,1737,0,3,1740,T
2-PB1,142,0,0,0,1901,1901,C
2-PB1,143,1909,0,2,0,1911,A
2-PB1,144,1929,0,0,0,1929,A
2-PB1,145,0,1962,0,0,1962,T
2-PB1,146,2028,0,0,0,2028,A
2-PB1,147,0,2036,0,0,2036,T
2-PB1,148,0,2010,0,0,2010,T
2-PB1,149,3,2,0,2007,2012,C
2-PB1,150,1992,1,0,0,1993,A
2-PB1,151,0,3,1992,0,1995,G
2-PB1,152,1984,0,0,0,1984,A
2-PB1,153,0,3,1983,0,1986,G
2-PB1,154,1948,2,1,0,1951,A
2-PB1,155,1,2,1929,0,1932,G
2-PB1,156,0,2,1932,0,1934,G
2-PB1,157,0,1,2007,1,2009,G
2-PB1,158,1,1,2009,0,2011,G
2-PB1,159,6,0,2017,0,2023,G
2-PB1,160,2027,0,0,0,2027,A
2-PB1,161,2029,0,1,1,2031,A
2-PB1,162,1,0,2041,0,2042,G
2-PB1,163,0,2035,0,1,2036,T
2-PB1,164,2,0,2025,0,2027,G
2-PB1,165,0,3,2016,0,2019,G
2-PB1,166,2018,1,4,0,2023,A
2-PB1,167,0,2,0,2026,2028,C
2-PB1,168,0,2,2033,0,2035,G
2-PB1,169,2048,1,0,0,2049,A
2-PB1,170,1,0,0,2067,2068,C
2-PB1,171,2063,0,0,1,2064,A
2-PB1,172,2060,0,0,0,2060,A
2-PB1,173,2075,0,1,1,2077,A
2-PB1,174,0,2119,0,0,2119,T
2-PB1,175,2128,2,0,0,2130,A
2-PB1,176,0,0,0,2133,2133,C
2-PB1,177,2114,1,1,0,2116,A
2-PB1,178,1,1,2120,0,2122,G
2-PB1,179,2113,0,0,0,2113,A
2-PB1,180,2138,0,1,0,2139,A
2-PB1,181,2139,0,0,0,2139,A
2-PB1,182,0,0,0,2142,2142,C
2-PB1,183,0,2116,0,3,2119,T
2-PB1,184,0,2,2115,0,2117,G
2-PB1,185,0,3,2111,0,2114,G
2-PB1,186,0,0,2113,0,2113,G
2-PB1,187,1,0,2112,0,2113,G
2-PB1,188,2,0,0,2110,2112,C
2-PB1,189,2118,0,1,0,2119,A
2-PB1,190,1,2,0,2183,2186,C
2-PB1,191,0,0,0,2181,2181,C
2-PB1,192,4,0,0,2177,2181,C
2-PB1,193,2,0,0,2187,2189,C
2-PB1,194,2190,0,3,0,2193,A
2-PB1,195,2214,0,0,0,2214,A
2-PB1,196,2,0,0,2214,2216,C
2-PB1,197,0,2207,1,0,2208,T
2-PB1,198,1,0,0,2226,2227,C
2-PB1,199,2187,0,0,0,2187,A
2-PB1,200,2233,0,1,0,2234,A
2-PB1,201,2,0,0,2234,2236,C
2-PB1,202,3,1,0,2224,2228,C
2-PB1,203,3,0,0,2236,2239,C
2-PB1,204,2220,0,1,0,2221,A
2-PB1,205,2225,1,0,0,2226,A
2-PB1,206,1,2225,0,0,2226,T
2-PB1,207,0,2207,0,1,2208,T
2-PB1,208,0,0,2210,0,2210,G
2-PB1,209,2195,1,0,0,2196,A
2-PB1,210,0,2191,0,2,2193,T
2-PB1,211,1,3,2189,0,2193,G
2-PB1,212,1,4,2211,1,2217,G
2-PB1,213,2238,1,4,0,2243,A
2-PB1,214,0,0,0,2254,2254,C
2-PB1,215,0,0,0,2256,2256,C
2-PB1,216,2246,3,2,0,2251,A
2-PB1,217,1,0,0,2286,2287,C
2-PB1,218,0,2285,0,0,2285,T
2-PB1,219,2311,1,0,0,2312,A
2-PB1,220,0,1,0,2327,2328,C
2-PB1,221,2,0,0,2302,2304,C
2-PB1,222,0,2280,1,1,2282,T
2-PB1,223,0,1,2291,0,2292,G
2-PB1,224,2279,0,1,0,2280,A
2-PB1,225,1,2,2301,0,2304,G
2-PB1,226,0,1,2292,0,2293,G
2-PB1,227,2302,1,0,1,2304,A
2-PB1,228,0,2296,0,1,2297,T
2-PB1,229,2269,0,1,0,2270,A
2-PB1,230,2267,1,0,0,2268,A
2-PB1,231,0,2269,0,0,2269,T
2-PB1,232,2,1,2275,0,2278,G
2-PB1,233,2270,3,0,0,2273,A
2-PB1,234,2265,0,2,0,2267,A
2-PB1,235,1,1,0,2266,2268,C
2-PB1,236,2,0,0,2240,2242,C
2-PB1,237,2258,0,0,0,2258,A
2-PB1,238,2262,0,0,0,2262,A
2-PB1,239,0,1,2270,0,2271,G
2-PB1,240,0,2269,1,0,2270,T
2-PB1,241,3,4,2255,0,2262,G
2-PB1,242,1,1,2296,1,2299,G
2-PB1,243,2296,1,1,0,2298,A
2-PB1,244,0,2287,0,0,2287,T
2-PB1,245,2294,0,0,0,2294,A
2-PB1,246,0,2350,0,2,2352,T
2-PB1,247,0,1,2356,1,2358,G
2-PB1,248,2,1,0,2352,2355,C
2-PB1,249,2354,0,2,0,2356,A
2-PB1,250,1,0,0,2421,2422,C
2-PB1,251,2395,0,0,0,2395,A
2-PB1,252,2433,0,1,0,2434,A
2-PB1,253,2436,0,0,0,2436,A
2-PB1,254,1,0,0,2442,2443,C
2-PB1,255,2391,0,0,0,2391,A
2-PB1,256,0,1,2420,0,2421,G
2-PB1,257,2404,0,1,0,2405,A
2-PB1,258,0,0,0,2409,2409,C
2-PB1,259,1,2326,0,0,2327,T
2-PB1,260,0,1,2382,0,2383,G
2-PB1,261,0,2357,0,1,2358,T
2-PB1,262,0,0,2452,1,2453,G
2-PB1,263,0,2453,0,1,2454,T
2-PB1,264,3,0,0,2456,2459,C
2-PB1,265,1,0,1,2464,2466,C
2-PB1,266,1,2439,0,2,2442,T
2-PB1,267,1,0,2442,0,2443,G
2-PB1,268,1,2,2439,0,2442,G
2-PB1,269,2393,0,1,0,2394,A
2-PB1,270,0,1,2438,0,2439,G
2-PB1,271,1,0,2384,0,2385,G
2-PB1,272,0,0,0,2387,2387,C
2-PB1,273,0,2368,0,2,2370,T
2-PB1,274,2371,1,1,0,2373,A
2-PB1,275,0,2368,0,2,2370,T
2-PB1,276,0,1,2367,0,2368,G
2-PB1,277,0,1,2371,0,2372,G
2-PB1,278,0,2,0,2371,2373,C
2-PB1,279,3,0,0,2344,2347,C
2-PB1,280,0,2329,0,1,2330,T
2-PB1,281,0,2447,0,0,2447,T
2-PB1,282,1,0,0,2454,2455,C
2-PB1,283,9,0,0,2453,2462,C
2-PB1,284,0,2463,0,0,2463,T
2-PB1,285,0,2454,0,1,2455,T
2-PB1,286,0,2,2474,0,2476,G
2-PB1,287,2477,0,0,0,2477,A
2-PB1,288,2471,1,3,0,2475,A
2-PB1,289,0,2,2472,0,2474,G
2-PB1,290,2368,0,0,0,2368,A
2-PB1,291,2391,0,0,0,2391,A
2-PB1,292,0,2389,0,0,2389,T
2-PB1,293,1,0,0,2395,2396,C
2-PB1,294,2,1,1,2383,2387,C
2-PB1,295,3,0,0,2368,2371,C
2-PB1,296,2378,0,1,0,2379,A
2-PB1,297,1,0,0,2389,2390,C
2-PB1,298,2,0,1,2385,2388,C
2-PB1,299,1,1,0,2388,2390,C
2-PB1,300,2363,1,3,0,2367,A
2-PB1,301,0,2,2398,0,2400,G
2-PB1,302,0,1,2396,0,2397,G
2-PB1,303,0,2393,0,0,2393,T
2-PB1,304,2412,0,0,0,2412,A
2-PB1,305,1,2403,0,2,2406,T
2-PB1,306,3,0,0,2399,2402,C
2-PB1,307,0,2403,0,0,2403,T
2-PB1,308,0,2408,0,0,2408,T
2-PB1,309,0,2395,0,1,2396,T
2-PB1,310,0,2,2384,1,2387,G
2-PB1,311,2369,0,1,0,2370,A
2-PB1,312,0,2,2370,0,2372,G
2-PB1,313,2343,1,1,1,2346,A
2-PB1,314,2351,1,0,0,2352,A
2-PB1,315,0,1,0,2358,2359,C
2-PB1,316,0,2339,0,0,2339,T
2-PB1,317,1,1,0,2334,2336,C
2-PB1,318,2339,0,1,0,2340,A
2-PB1,319,2,2343,0,1,2346,T
2-PB1,320,1,0,2350,0,2351,G
2-PB1,321,0,0,0,2404,2404,C
2-PB1,322,1,2,0,2402,2405,C
2-PB1,323,1,2391,1,1,2394,T
2-PB1,324,0,2372,1,2,2375,T
2-PB1,325,0,1,2388,0,2389,G
2-PB1,326,2397,1,3,0,2401,A
2-PB1,327,2393,0,3,0,2396,A
2-PB1,328,2403,0,2,0,2405,A
2-PB1,329,2,0,0,2415,2417,C
2-PB1,330,2361,2,0,0,2363,A
2-PB1,331,2372,0,0,0,2372,A
2-PB1,332,0,2371,0,2,2373,T
2-PB1,333,0,1,2370,0,2371,G
2-PB1,334,1,9,2360,0,2370,G
2-PB1,335,2351,0,0,0,2351,A
2-PB1,336,2352,0,2,0,2354,A
2-PB1,337,0,0,2348,0,2348,G
2-PB1,338,1,1,0,2354,2356,C
2-PB1,339,2,0,0,2335,2337,C
2-PB1,340,0,0,2349,0,2349,G
2-PB1,341,0,2334,0,3,2337,T
2-PB1,342,0,2346,0,1,2347,T
2-PB1,343,7,0,0,2356,2363,C
2-PB1,344,2363,0,1,0,2364,A
2-PB1,345,2386,0,3,0,2389,A
2-PB1,346,1,0,0,2391,2392,C
2-PB1,347,2385,0,3,0,2388,A
2-PB1,348,0,1,2398,0,2399,G
2-PB1,349,2372,0,2,0,2374,A
2-PB1,350,0,0,0,2376,2376,C
2-PB1,351,2370,0,0,5,2375,A
2-PB1,352,2365,2,3,0,2370,A
2-PB1,353,1,2,2385,0,2388,G
2-PB1,354,0,2,2369,0,2371,G
2-PB1,355,0,3,2368,0,2371,G
2-PB1,356,0,2340,0,1,2341,T
2-PB1,357,0,0,2349,1,2350,G
2-PB1,358,1,1,2351,2,2355,G
2-PB1,359,2345,0,4,0,2349,A
2-PB1,360,0,0,0,2356,2356,C
2-PB1,361,2312,0,1,0,2313,A
2-PB1,362,2330,0,0,0,2330,A
2-PB1,363,2323,1,0,0,2324,A
2-PB1,364,1,1,0,2322,2324,C
2-PB1,365,0,2315,0,1,2316,T
2-PB1,366,2330,0,0,1,2331,A
2-PB1,367,2341,1,1,0,2343,A
2-PB1,368,0,1,0,2339,2340,C
2-PB1,369,1,1,0,2332,2334,C
2-PB1,370,4,0,0,2323,2327,C
2-PB1,371,2273,0,1,0,2274,A
2-PB1,372,2275,0,1,0,2276,A
2-PB1,373,0,2,2270,0,2272,G
2-PB1,374,1,0,2277,0,2278,G
2-PB1,375,6,2265,0,4,2275,T
2-PB1,376,4,2,0,2246,2252,C
2-PB1,377,3,0,2256,0,2259,G
2-PB1,378,1,4,0,2251,2256,C
2-PB1,379,1,0,0,2261,2262,C
2-PB1,380,2261,0,0,0,2261,A
2-PB1,381,0,2,2291,0,2293,G
2-PB1,382,2327,0,0,0,2327,A
2-PB1,383,0,0,0,2320,2320,C
2-PB1,384,0,2305,0,2,2307,T
2-PB1,385,0,2305,0,1,2306,T
2-PB1,386,2305,0,1,0,2306,A
2-PB1,387,0,2316,0,1,2317,T
2-PB1,388,1,2,2316,0,2319,G
2-PB1,389,2309,0,1,0,2310,A
2-PB1,390,1,2268,0,0,2269,T
2-PB1,391,0,2215,0,0,2215,T
2-PB1,392,0,4,2196,0,2200,G
2-PB1,393,1,0,2203,0,2204,G
2-PB1,394,2210,1,3,0,2214,A
2-PB1,395,0,1,0,2209,2210,C
2-PB1,396,2179,0,1,0,2180,A
2-PB1,397,0,2166,0,1,2167,T
2-PB1,398,0,2187,0,2,2189,T
2-PB1,399,2198,1,0,0,2199,A
2-PB1,400,2197,0,0,0,2197,A
2-PB1,401,2192,1,4,0,2197,A
2-PB1,402,0,1,0,2198,2199,C
2-PB1,403,2169,0,0,0,2169,A
2-PB1,404,0,1,2176,0,2177,G
2-PB1,405,2170,0,1,0,2171,A
2-PB1,406,2169,0,1,0,2170,A
2-PB1,407,2167,0,0,0,2167,A
2-PB1,408,0,2146,0,0,2146,T
2-PB1,409,3,0,0,2149,2152,C
2-PB1,410,2147,0,1,0,2148,A
2-PB1,411,2147,0,0,0,2147,A
2-PB1,412,0,0,0,2146,2146,C
2-PB1,413,3,1,0,2128,2132,C
2-PB1,414,0,0,2128,0,2128,G
2-PB1,415,1,0,2135,0,2136,G
2-PB1,416,1,0,0,2137,2138,C
2-PB1,417,2133,0,1,0,2134,A
2-PB1,418,2,1,2129,1,2133,G
2-PB1,419,0,1,0,2147,2148,C
2-PB1,420,2142,0,3,0,2145,A
2-PB1,421,2145,1,0,0,2146,A
2-PB1,422,0,0,0,2158,2158,C
2-PB1,423,2,2149,0,2,2153,T
2-PB1,424,0,0,2214,0,2214,G
2-PB1,425,1,2,0,2209,2212,C
2-PB1,426,2205,8,0,0,2213,A
2-PB1,427,0,2211,0,1,2212,T
2-PB1,428,0,2179,0,1,2180,T
2-PB1,429,2264,6,7,2,2279,A
2-PB1,430,1,1,2274,0,2276,G
2-PB1,431,0,0,0,2256,2256,C
2-PB1,432,3,1,1,2263,2268,C
2-PB1,433,2163,0,1,0,2164,A
2-PB1,434,2176,0,1,0,2177,A
2-PB1,435,1,0,0,2184,2185,C
2-PB1,436,2184,0,1,0,2185,A
2-PB1,437,1,0,0,2253,2254,C
2-PB1,438,2,1,0,2114,2117,C
2-PB1,439,2113,1,2,0,2116,A
2-PB1,440,0,2115,0,1,2116,T
2-PB1,441,2116,0,0,0,2116,A
2-PB1,442,1,1,2119,0,2121,G
2-PB1,443,2093,1,1,1,2096,A
2-PB1,444,2078,0,0,0,2078,A
2-PB1,445,0,0,2094,0,2094,G
2-PB1,446,0,2018,0,2,2020,T
2-PB1,447,0,2019,0,1,2020,T
2-PB1,448,0,2018,1,2,2021,T
2-PB1,449,0,2019,0,0,2019,T
2-PB1,450,0,2023,0,1,2024,T
2-PB1,451,2019,0,1,0,2020,A
2-PB1,452,1,2,2014,1,2018,G
2-PB1,453,2009,0,0,0,2009,A
2-PB1,454,0,1990,0,0,1990,T
2-PB1,455,1,0,0,1955,1956,C
2-PB1,456,0,5,1953,0,1958,G
2-PB1,457,1965,1,0,0,1966,A
2-PB1,458,1965,0,2,0,1967,A
2-PB1,459,0,0,0,1978,1978,C
2-PB1,460,0,2,1976,0,1978,G
2-PB1,461,2,3,2056,0,2061,G
2-PB1,462,2062,0,1,0,2063,A
2-PB1,463,0,2060,0,0,2060,T
2-PB1,464,0,2059,0,0,2059,T
2-PB1,465,2044,0,8,0,2052,A
2-PB1,466,2054,0,1,0,2055,A
2-PB1,467,0,1,0,2060,2061,C
2-PB1,468,2035,0,1,0,2036,A
2-PB1,469,0,0,2049,0,2049,G
2-PB1,470,1,0,0,1969,1970,C
2-PB1,471,0,1962,0,0,1962,T
2-PB1,472,1963,0,1,0,1964,A
2-PB1,473,1967,0,0,0,1967,A
2-PB1,474,0,1964,0,1,1965,T
2-PB1,475,0,1,1987,0,1988,G
2-PB1,476,1969,0,1,0,1970,A
2-PB1,477,1972,0,1,0,1973,A
2-PB1,478,0,1947,0,1,1948,T
2-PB1,479,2,1,0,1944,1947,C
2-PB1,480,1938,0,1,0,1939,A
2-PB1,481,0,0,1943,0,1943,G
2-PB1,482,1,0,1936,1,1938,G
2-PB1,483,1927,0,0,0,1927,A
2-PB1,484,1892,1,1,0,1894,A
2-PB1,485,0,1,1975,0,1976,G
2-PB1,486,0,0,1978,0,1978,G
2-PB1,487,0,0,0,1989,1989,C
2-PB1,488,0,1985,0,0,1985,T
2-PB1,489,1992,0,0,0,1992,A
2-PB1,490,1994,1,0,0,1995,A
2-PB1,491,0,1992,0,0,1992,T
2-PB1,492,1995,0,0,0,1995,A
2-PB1,493,1,1,2002,0,2004,G
2-PB1,494,1845,0,0,0,1845,A
2-PB1,495,0,1812,0,0,1812,T
2-PB1,496,0,1811,0,0,1811,T
2-PB1,497,0,1808,0,0,1808,T
2-PB1,498,3,0,0,1857,1860,C
2-PB1,499,5,1,0,1861,1867,C
2-PB1,500,0,1861,0,3,1864,T
2-PB1,501,1,2,0,1868,1871,C
2-PB1,502,1862,0,4,2,1868,A
2-PB1,503,1865,0,3,0,1868,A
2-PB1,504,0,2,1873,0,1875,G
2-PB1,505,0,0,1890,0,1890,G
2-PB1,506,1890,1,0,0,1891,A
2-PB1,507,0,1825,0,0,1825,T
2-PB1,508,1,0,1833,0,1834,G
2-PB1,509,0,1826,1,1,1828,T
2-PB1,510,3,0,1838,0,1841,G
2-PB1,511,1841,0,2,0,1843,A
2-PB1,512,0,1840,0,0,1840,T
2-PB1,513,0,2,1834,0,1836,G
2-PB1,514,0,3,1826,0,1829,G
2-PB1,515,1825,0,0,2,1827,A
2-PB1,516,1835,0,2,0,1837,A
2-PB1,517,0,1806,0,0,1806,T
2-PB1,518,1,0,0,1820,1821,C
2-PB1,519,1784,0,9,0,1793,A
2-PB1,520,1794,0,0,0,1794,A
2-PB1,521,1,1790,0,0,1791,T
2-PB1,522,0,3,1815,0,1818,G
2-PB1,523,0,0,1826,0,1826,G
2-PB1,524,1816,0,2,0,1818,A
2-PB1,525,0,1816,0,0,1816,T
2-PB1,526,1809,3,0,0,1812,A
2-PB1,527,1809,0,0,0,1809,A
2-PB1,528,1803,0,1,0,1804,A
2-PB1,529,0,1,1829,0,1830,G
2-PB1,530,1817,0,1,0,1818,A
2-PB1,531,1,1,1792,0,1794,G
2-PB1,532,0,2,1781,0,1783,G
2-PB1,533,1778,0,1,0,1779,A
2-PB1,534,1786,0,0,0,1786,A
2-PB1,535,1785,0,0,0,1785,A
2-PB1,536,0,1785,0,0,1785,T
2-PB1,537,0,4,1816,0,1820,G
2-PB1,538,0,3,1814,0,1817,G
2-PB1,539,1795,0,2,0,1797,A
2-PB1,540,0,1,1802,0,1803,G
2-PB1,541,1786,0,1,0,1787,A
2-PB1,542,0,1823,0,1,1824,T
2-PB1,543,1823,0,0,0,1823,A
2-PB1,544,1846,0,1,0,1847,A
2-PB1,545,1,0,0,1851,1852,C
2-PB1,546,1819,0,0,0,1819,A
2-PB1,547,1824,0,1,0,1825,A
2-PB1,548,0,0,0,1823,1823,C
2-PB1,549,1811,2,1,0,1814,A
2-PB1,550,1,0,0,1815,1816,C
2-PB1,551,1777,2,0,0,1779,A
2-PB1,552,0,0,0,1796,1796,C
2-PB1,553,0,1779,0,1,1780,T
2-PB1,554,0,1777,0,0,1777,T
2-PB1,555,0,1777,0,1,1778,T
2-PB1,556,2,0,0,1773,1775,C
2-PB1,557,1775,0,0,0,1775,A
2-PB1,558,1780,0,0,0,1780,A
2-PB1,559,1785,0,0,2,1787,A
2-PB1,560,0,2,1801,0,1803,G
2-PB1,561,1773,1,2,1,1777,A
2-PB1,562,1780,0,1,0,1781,A
2-PB1,563,1788,0,0,0,1788,A
2-PB1,564,1785,0,1,0,1786,A
2-PB1,565,1788,0,2,0,1790,A
2-PB1,566,0,0,1799,0,1799,G
2-PB1,567,0,4,1799,0,1803,G
2-PB1,568,1781,0,0,0,1781,A
2-PB1,569,1,2,1816,0,1819,G
2-PB1,570,1811,0,1,0,1812,A
2-PB1,571,0,0,1866,0,1866,G
2-PB1,572,0,1860,0,1,1861,T
2-PB1,573,1860,0,0,0,1860,A
2-PB1,574,1857,0,4,0,1861,A
2-PB1,575,0,2,1857,0,1859,G
2-PB1,576,0,1,1873,0,1874,G
2-PB1,577,0,0,1879,1,1880,G
2-PB1,578,1844,0,1,0,1845,A
2-PB1,579,0,0,0,1861,1861,C
2-PB1,580,1797,0,1,0,1798,A
2-PB1,581,1804,0,0,0,1804,A
2-PB1,582,2,0,0,1802,1804,C
2-PB1,583,1806,0,0,0,1806,A
2-PB1,584,0,1784,0,0,1784,T
2-PB1,585,0,1,1782,0,1783,G
2-PB1,586,1786,1,0,0,1787,A
2-PB1,587,1,0,0,1782,1783,C
2-PB1,588,1,0,0,1758,1759,C
2-PB1,589,1761,0,1,0,1762,A
2-PB1,590,1769,0,2,0,1771,A
2-PB1,591,2,2,1781,0,1785,G
2-PB1,592,1783,0,1,0,1784,A
2-PB1,593,1789,0,0,0,1789,A
2-PB1,594,1779,1,0,0,1780,A
2-PB1,595,1777,0,0,0,1777,A
2-PB1,596,0,1773,1,0,1774,T
2-PB1,597,0,2,1770,0,1772,G
2-PB1,598,0,0,1778,0,1778,G
2-PB1,599,3,1763,0,0,1766,T
2-PB1,600,6,1,0,1753,1760,C
2-PB1,601,1772,0,1,0,1773,A
2-PB1,602,1,0,0,1864,1865,C
2-PB1,603,1887,0,1,1,1889,A
2-PB1,604,0,0,0,1898,1898,C
2-PB1,605,1893,0,1,0,1894,A
2-PB1,606,1964,0,1,0,1965,A
2-PB1,607,1955,0,4,0,1959,A
2-PB1,608,0,2,2006,0,2008,G
2-PB1,609,184,0,1741,0,1925,G
2-PB1,610,1993,0,0,0,1993,A
2-PB1,611,1,2,0,2042,2045,C
2-PB1,612,2050,0,1,0,2051,A
2-PB1,613,2070,0,0,0,2070,A
2-PB1,614,0,2059,0,1,2060,T
2-PB1,615,2038,0,1,0,2039,A
2-PB1,616,0,5,2036,0,2041,G
2-PB1,617,1,1,1967,0,1969,G
2-PB1,618,0,2,1967,0,1969,G
2-PB1,619,1969,0,1,0,1970,A
2-PB1,620,1935,0,1,0,1936,A
2-PB1,621,0,1,1950,0,1951,G
2-PB1,622,1944,0,1,1,1946,A
2-PB1,623,1945,0,0,0,1945,A
2-PB1,624,1947,0,0,0,1947,A
2-PB1,625,1945,0,1,0,1946,A
2-PB1,626,1987,0,0,0,1987,A
2-PB1,627,1986,0,1,0,1987,A
2-PB1,628,1,1,0,1990,1992,C
2-PB1,629,1987,0,0,0,1987,A
2-PB1,630,1994,0,0,0,1994,A
2-PB1,631,1984,0,3,1,1988,A
2-PB1,632,0,1,2010,0,2011,G
2-PB1,633,2011,0,2,0,2013,A
2-PB1,634,0,0,2085,0,2085,G
2-PB1,635,0,2062,0,0,2062,T
2-PB1,636,0,4,2335,0,2339,G
2-PB1,637,2342,1,5,0,2348,A
2-PB1,638,2348,1,1,1,2351,A
2-PB1,639,0,2381,0,0,2381,T
2-PB1,640,2394,0,0,1,2395,A
2-PB1,641,2387,0,3,0,2390,A
2-PB1,642,1,0,2391,0,2392,G
2-PB1,643,2338,1,2,0,2341,A
2-PB1,644,1,6,2351,0,2358,G
2-PB1,645,2220,0,3,0,2223,A
2-PB1,646,0,2,2230,0,2232,G
2-PB1,647,0,0,2222,0,2222,G
2-PB1,648,0,0,0,2229,2229,C
2-PB1,649,0,2219,0,2,2221,T
2-PB1,650,2273,0,0,0,2273,A
2-PB1,651,1,1,1,2377,2380,C
2-PB1,652,0,0,1,2389,2390,C
2-PB1,653,1,2405,0,0,2406,T
2-PB1,654,2502,0,1,0,2503,A
2-PB1,655,2495,1,0,1,2497,A
2-PB1,656,0,2499,0,1,2500,T
2-PB1,657,2491,2,1,0,2494,A
2-PB1,658,2490,0,1,0,2491,A
2-PB1,659,0,1,2493,0,2494,G
2-PB1,660,2415,0,3,0,2418,A
2-PB1,661,1,0,2434,0,2435,G
2-PB1,662,0,1,0,2448,2449,C
2-PB1,663,0,2393,0,2,2395,T
2-PB1,664,1,2404,0,0,2405,T
2-PB1,665,0,2406,1,0,2407,T
2-PB1,666,1,4,2397,2,2404,G
2-PB1,667,2442,1,0,1,2444,A
2-PB1,668,2,0,0,2444,2446,C
2-PB1,669,2445,0,0,0,2445,A
2-PB1,670,0,2440,0,1,2441,T
2-PB1,671,0,2429,0,0,2429,T
2-PB1,672,0,4,2462,0,2466,G
2-PB1,673,2455,3,3,0,2461,A
2-PB1,674,2466,0,1,2,2469,A
2-PB1,675,0,1,0,2470,2471,C
2-PB1,676,2449,0,0,0,2449,A
2-PB1,677,0,1,1,2450,2452,C
2-PB1,678,1,1,2451,0,2453,G
2-PB1,679,2459,0,1,1,2461,A
2-PB1,680,2,2487,0,0,2489,T
2-PB1,681,1,4,2532,0,2537,G
2-PB1,682,2536,0,2,0,2538,A
2-PB1,683,0,1,0,2548,2549,C
2-PB1,684,3,0,0,2550,2553,C
2-PB1,685,2552,1,0,0,2553,A
2-PB1,686,2567,8,1,0,2576,A
2-PB1,687,2582,0,1,0,2583,A
2-PB1,688,0,1,2638,0,2639,G
2-PB1,689,2662,1,3,0,2666,A
2-PB1,690,0,2634,0,1,2635,T
2-PB1,691,1,0,2632,1,2634,G
2-PB1,692,1,1,0,2618,2620,C
2-PB1,693,2619,1,0,0,2620,A
2-PB1,694,1,2,2630,0,2633,G
2-PB1,695,2602,0,0,0,2602,A
2-PB1,696,0,2,2615,0,2617,G
2-PB1,697,2548,0,1,0,2549,A
2-PB1,698,0,0,2547,0,2547,G
2-PB1,699,2527,2,5,0,2534,A
2-PB1,700,2,1,2543,0,2546,G
2-PB1,701,0,0,2542,0,2542,G
2-PB1,702,0,0,0,2536,2536,C
2-PB1,703,2529,0,0,0,2529,A
2-PB1,704,2527,2,0,0,2529,A
2-PB1,705,2554,0,4,0,2558,A
2-PB1,706,0,2563,0,0,2563,T
2-PB1,707,2,2557,0,0,2559,T
2-PB1,708,2570,0,1,0,2571,A
2-PB1,709,2565,0,1,0,2566,A
2-PB1,710,2577,0,1,0,2578,A
2-PB1,711,2589,0,1,0,2590,A
2-PB1,712,2595,0,0,0,2595,A
2-PB1,713,0,5,2592,0,2597,G
2-PB1,714,2574,0,1,0,2575,A
2-PB1,715,2556,0,3,0,2559,A
2-PB1,716,0,4,2590,0,2594,G
2-PB1,717,0,1,2626,0,2627,G
2-PB1,718,2,1,2630,0,2633,G
2-PB1,719,0,1,0,2638,2639,C
2-PB1,720,0,2638,0,1,2639,T
2-PB1,721,2656,0,1,0,2657,A
2-PB1,722,0,2683,0,3,2686,T
2-PB1,723,0,2687,0,2,2689,T
2-PB1,724,2,2,2696,1,2701,G
2-PB1,725,0,1,0,2670,2671,C
2-PB1,726,2598,0,2,0,2600,A
2-PB1,727,2602,1,1,0,2604,A
2-PB1,728,1,4,0,2605,2610,C
2-PB1,729,2608,0,0,1,2609,A
2-PB1,730,1,0,2,2611,2614,C
2-PB1,731,2,0,1,2578,2581,C
2-PB1,732,2,3,0,2580,2585,C
2-PB1,733,1,3,2574,0,2578,G
2-PB1,734,1,2,2574,1,2578,G
2-PB1,735,0,0,2581,0,2581,G
2-PB1,736,2588,0,1,1,2590,A
2-PB1,737,0,2575,0,0,2575,T
2-PB1,738,0,0,2579,0,2579,G
2-PB1,739,0,0,0,2565,2565,C
2-PB1,740,2601,0,2,0,2603,A
2-PB1,741,2639,0,1,1,2641,A
2-PB1,742,2659,1,0,2,2662,A
2-PB1,743,0,2669,0,0,2669,T
2-PB1,744,0,2669,0,0,2669,T
2-PB1,745,2659,0,0,0,2659,A
2-PB1,746,0,0,2656,0,2656,G
2-PB1,747,2634,1,3,0,2638,A
2-PB1,748,1,9,2640,0,2650,G
2-PB1,749,1,6,2603,0,2610,G
2-PB1,750,1,1,2678,0,2680,G
2-PB1,751,0,2670,1,4,2675,T
2-PB1,752,1,2674,0,4,2679,T
2-PB1,753,2,2,0,2674,2678,C
2-PB1,754,0,0,2707,0,2707,G
2-PB1,755,0,2700,0,5,2705,T
2-PB1,756,1,1,2711,0,2713,G
2-PB1,757,0,2709,0,0,2709,T
2-PB1,758,2699,0,0,0,2699,A
2-PB1,759,0,1,0,2694,2695,C
2-PB1,760,0,2578,0,0,2578,T
2-PB1,761,0,2587,0,0,2587,T
2-PB1,762,0,1,0,2572,2573,C
2-PB1,763,1,0,2553,0,2554,G
2-PB1,764,1,2550,0,1,2552,T
2-PB1,765,0,2545,0,3,2548,T
2-PB1,766,0,3,2544,0,2547,G
2-PB1,767,2545,1,0,0,2546,A
2-PB1,768,2541,0,2,2,2545,A
2-PB1,769,2564,0,2,0,2566,A
2-PB1,770,1,0,0,2569,2570,C
2-PB1,771,0,2548,0,1,2549,T
2-PB1,772,0,2547,0,1,2548,T
2-PB1,773,1,2543,0,0,2544,T
2-PB1,774,2575,0,7,1,2583,A
2-PB1,775,0,2,2597,0,2599,G
2-PB1,776,0,1,0,2609,2610,C
2-PB1,777,0,2602,0,4,2606,T
2-PB1,778,2578,1,0,1,2580,A
2-PB1,779,0,1,2568,0,2569,G
2-PB1,780,2567,1,0,0,2568,A
2-PB1,781,2561,0,0,1,2562,A
2-PB1,782,0,0,2571,0,2571,G
2-PB1,783,0,0,0,2549,2549,C
2-PB1,784,2540,0,1,0,2541,A
2-PB1,785,1,2534,0,1,2536,T
2-PB1,786,1,2534,0,0,2535,T
2-PB1,787,0,2532,0,1,2533,T
2-PB1,788,0,1,2543,0,2544,G
2-PB1,789,0,1,0,2543,2544,C
2-PB1,790,3,2,2537,0,2542,G
2-PB1,791,2537,0,0,0,2537,A
2-PB1,792,2522,0,1,0,2523,A
2-PB1,793,2529,0,0,1,2530,A
2-PB1,794,2592,0,1,0,2593,A
2-PB1,795,6,0,2599,0,2605,G
2-PB1,796,1,0,0,2610,2611,C
2-PB1,797,0,2610,0,2,2612,T
2-PB1,798,0,2608,0,4,2612,T
2-PB1,799,2,4,2609,0,2615,G
2-PB1,800,2609,0,1,0,2610,A
2-PB1,801,2612,0,1,0,2613,A
2-PB1,802,1,0,0,2622,2623,C
2-PB1,803,2562,0,3,0,2565,A
2-PB1,804,0,0,2733,0,2733,G
2-PB1,805,0,2695,0,1,2696,T
2-PB1,806,2,0,0,2699,2701,C
2-PB1,807,0,2706,0,2,2708,T
2-PB1,808,0,1,2704,0,2705,G
2-PB1,809,1,2,2701,0,2704,G
2-PB1,810,2713,0,0,1,2714,A
2-PB1,811,0,1,0,2714,2715,C
2-PB1,812,0,2634,0,1,2635,T
2-PB1,813,1,2513,0,0,2514,T
2-PB1,814,2,0,0,2508,2510,C
2-PB1,815,0,3,0,2509,2512,C
2-PB1,816,1,0,2519,0,2520,G
2-PB1,817,1,1,2519,0,2521,G
2-PB1,818,1,2500,0,1,2502,T
2-PB1,819,0,2493,0,0,2493,T
2-PB1,820,0,2,2489,0,2491,G
2-PB1,821,0,3,2494,0,2497,G
2-PB1,822,0,1,2512,0,2513,G
2-PB1,823,1,2,2501,0,2504,G
2-PB1,824,0,1,2517,0,2518,G
2-PB1,825,0,2493,0,0,2493,T
2-PB1,826,2482,1,3,0,2486,A
2-PB1,827,2497,0,1,0,2498,A
2-PB1,828,0,2503,0,2,2505,T
2-PB1,829,0,4,2505,0,2509,G
2-PB1,830,2471,0,0,0,2471,A
2-PB1,831,2448,0,0,0,2448,A
2-PB1,832,2452,0,2,1,2455,A
2-PB1,833,2442,1,2,0,2445,A
2-PB1,834,0,3,2444,0,2447,G
2-PB1,835,2424,0,2,0,2426,A
2-PB1,836,2410,0,0,0,2410,A
2-PB1,837,0,0,2422,0,2422,G
2-PB1,838,2,0,2412,0,2414,G
2-PB1,839,0,0,0,2419,2419,C
2-PB1,840,2,1,1,2408,2412,C
2-PB1,841,2413,0,0,0,2413,A
2-PB1,842,2409,0,0,0,2409,A
2-PB1,843,2416,0,0,0,2416,A
2-PB1,844,1,0,0,2421,2422,C
2-PB1,845,0,2415,0,1,2416,T
2-PB1,846,0,3,2453,0,2456,G
2-PB1,847,1,0,2446,0,2447,G
2-PB1,848,1,0,0,2449,2450,C
2-PB1,849,2458,0,1,0,2459,A
2-PB1,850,2458,1,0,0,2459,A
2-PB1,851,2461,2,1,0,2464,A
2-PB1,852,1,2463,0,0,2464,T
2-PB1,853,0,1,2460,0,2461,G
2-PB1,854,0,2450,0,1,2451,T
2-PB1,855,0,2393,0,2,2395,T
2-PB1,856,2,0,2400,0,2402,G
2-PB1,857,2,2392,0,1,2395,T
2-PB1,858,1,2,2396,0,2399,G
2-PB1,859,2398,0,0,0,2398,A
2-PB1,860,1,1,2403,0,2405,G
2-PB1,861,2402,0,1,0,2403,A
2-PB1,862,2390,1,0,0,2391,A
2-PB1,863,2391,0,0,0,2391,A
2-PB1,864,2391,0,0,0,2391,A
2-PB1,865,2402,1,0,1,2404,A
2-PB1,866,0,2397,1,0,2398,T
2-PB1,867,0,3,2392,0,2395,G
2-PB1,868,2385,1,3,0,2389,A
2-PB1,869,2,2365,0,0,2367,T
2-PB1,870,0,2,2379,0,2381,G
2-PB1,871,2380,1,0,1,2382,A
2-PB1,872,2,0,0,2390,2392,C
2-PB1,873,0,2392,0,0,2392,T
2-PB1,874,2376,1,2,0,2379,A
2-PB1,875,2403,0,0,0,2403,A
2-PB1,876,1,2391,0,0,2392,T
2-PB1,877,0,2419,0,0,2419,T
2-PB1,878,2,0,0,2438,2440,C
2-PB1,879,2428,0,2,0,2430,A
2-PB1,880,0,0,1,2443,2444,C
2-PB1,881,2402,0,1,0,2403,A
2-PB1,882,2408,0,1,0,2409,A
2-PB1,883,3,1,2404,0,2408,G
2-PB1,884,2432,0,1,0,2433,A
2-PB1,885,0,1,0,2428,2429,C
2-PB1,886,2405,0,1,0,2406,A
2-PB1,887,2,0,0,2409,2411,C
2-PB1,888,2383,0,5,1,2389,A
2-PB1,889,1,1,2409,0,2411,G
2-PB1,890,2396,1,5,0,2402,A
2-PB1,891,1,0,2408,0,2409,G
2-PB1,892,0,0,0,2402,2402,C
2-PB1,893,0,2343,0,3,2346,T
2-PB1,894,0,2373,0,1,2374,T
2-PB1,895,1,2366,0,0,2367,T
2-PB1,896,1,0,0,2367,2368,C
2-PB1,897,0,2357,0,4,2361,T
2-PB1,898,2,2325,0,0,2327,T
2-PB1,899,0,2330,0,2,2332,T
2-PB1,900,5,2,0,2331,2338,C
2-PB1,901,2324,1,2,0,2327,A
2-PB1,902,0,0,0,2332,2332,C
2-PB1,903,2303,0,0,0,2303,A
2-PB1,904,2307,0,0,0,2307,A
2-PB1,905,0,2325,0,0,2325,T
2-PB1,906,4,0,0,2353,2357,C
2-PB1,907,2361,1,0,0,2362,A
2-PB1,908,0,0,0,2373,2373,C
2-PB1,909,2,2344,0,2,2348,T
2-PB1,910,3,1,2348,0,2352,G
2-PB1,911,1,1,2345,0,2347,G
2-PB1,912,0,1,2377,2,2380,G
2-PB1,913,3,2,2372,0,2377,G
2-PB1,914,2316,0,3,0,2319,A
2-PB1,915,3,4,0,2209,2216,C
2-PB1,916,2236,1,2,0,2239,A
2-PB1,917,2317,0,0,0,2317,A
2-PB1,918,0,0,0,2339,2339,C
2-PB1,919,2330,0,2,1,2333,A
2-PB1,920,0,0,0,2330,2330,C
2-PB1,921,0,2214,0,1,2215,T
2-PB1,922,2226,0,2,0,2228,A
2-PB1,923,2221,0,2,0,2223,A
2-PB1,924,0,0,2237,0,2237,G
2-PB1,925,0,2213,0,0,2213,T
2-PB1,926,1,0,2032,0,2033,G
2-PB1,927,1,1,2003,0,2005,G
2-PB1,928,1989,0,0,0,1989,A
2-PB1,929,1988,0,1,0,1989,A
2-PB1,930,1,1981,0,1,1983,T
2-PB1,931,0,3,1975,0,1978,G
2-PB1,932,1974,0,3,0,1977,A
2-PB1,933,1940,0,0,0,1940,A
2-PB1,934,1956,0,0,0,1956,A
2-PB1,935,1964,0,0,0,1964,A
2-PB1,936,1,1946,1,0,1948,T
2-PB1,937,3,0,0,1949,1952,C
2-PB1,938,1946,0,0,0,1946,A
2-PB1,939,1949,0,1,0,1950,A
2-PB1,940,1948,0,0,0,1948,A
2-PB1,941,1942,0,2,4,1948,A
2-PB1,942,1,3,0,1949,1953,C
2-PB1,943,3,1,1,1922,1927,C
2-PB1,944,3,0,0,1912,1915,C
2-PB1,945,1,1906,0,1,1908,T
2-PB1,946,1,0,0,1909,1910,C
2-PB1,947,0,1,1911,0,1912,G
2-PB1,948,1911,0,0,0,1911,A
2-PB1,949,1910,0,1,0,1911,A
2-PB1,950,0,1906,0,1,1907,T
2-PB1,951,0,0,1906,0,1906,G
2-PB1,952,1,1889,1,1,1892,T
2-PB1,953,0,1884,1,0,1885,T
2-PB1,954,0,1883,1,1,1885,T
2-PB1,955,0,1885,0,1,1886,T
2-PB1,956,1,1878,0,0,1879,T
2-PB1,957,2,3,1876,0,1881,G
2-PB1,958,0,0,1880,0,1880,G
2-PB1,959,3,2,0,1875,1880,C
2-PB1,960,1,0,1842,0,1843,G
2-PB1,961,1843,1,0,0,1844,A
2-PB1,962,0,1871,0,0,1871,T
2-PB1,963,0,1,1918,0,1919,G
2-PB1,964,1993,0,1,0,1994,A
2-PB1,965,1,1997,0,0,1998,T
2-PB1,966,0,1996,0,0,1996,T
2-PB1,967,2000,0,1,1,2002,A
2-PB1,968,7,0,0,1997,2004,C
2-PB1,969,2008,0,3,1,2012,A
2-PB1,970,0,2007,0,3,2010,T
2-PB1,971,1881,0,1,0,1882,A
2-PB1,972,0,0,0,1888,1888,C
2-PB1,973,1680,1,3,0,1684,A
2-PB1,974,0,1679,0,0,1679,T
2-PB1,975,1,0,0,1673,1674,C
2-PB1,976,1653,0,1,0,1654,A
2-PB1,977,0,0,0,1654,1654,C
2-PB1,978,1629,0,0,0,1629,A
2-PB1,979,1630,0,0,0,1630,A
2-PB1,980,1623,1,1,0,1625,A
2-PB1,981,0,2,1543,0,1545,G
2-PB1,982,1591,0,0,0,1591,A
2-PB1,983,1590,2,1,0,1593,A
2-PB1,984,1,1593,0,1,1595,T
2-PB1,985,2,1,0,1585,1588,C
2-PB1,986,1583,0,2,0,1585,A
2-PB1,987,1590,0,1,0,1591,A
2-PB1,988,0,2,0,1597,1599,C
2-PB1,989,1,0,0,1595,1596,C
2-PB1,990,0,1463,0,2,1465,T
2-PB1,991,5,1,1473,0,1479,G
2-PB1,992,1471,0,0,0,1471,A
2-PB1,993,0,0,1474,0,1474,G
2-PB1,994,0,1467,0,0,1467,T
2-PB1,995,0,1,1413,0,1414,G
2-PB1,996,1,1,1468,0,1470,G
2-PB1,997,0,1446,0,1,1447,T
2-PB1,998,0,1449,0,1,1450,T
2-PB1,999,1,0,0,1451,1452,C
2-PB1,1000,1414,0,1,0,1415,A
2-PB1,1001,0,1,1444,0,1445,G
2-PB1,1002,1445,0,0,0,1445,A
2-PB1,1003,1444,0,1,0,1445,A
2-PB1,1004,1441,0,1,0,1442,A
2-PB1,1005,0,0,0,1276,1276,C
2-PB1,1006,1283,0,0,0,1283,A
2-PB1,1007,1,1279,0,1,1281,T
2-PB1,1008,2,0,0,1289,1291,C
2-PB1,1009,1,2,0,1289,1292,C
2-PB1,1010,0,1227,0,1,1228,T
2-PB1,1011,1,3,1227,0,1231,G
2-PB1,1012,1218,0,0,0,1218,A
2-PB1,1013,0,0,1230,0,1230,G
2-PB1,1014,0,0,0,1220,1220,C
2-PB1,1015,1175,2,1,0,1178,A
2-PB1,1016,0,1179,0,1,1180,T
2-PB1,1017,1,0,0,1172,1173,C
2-PB1,1018,0,0,1173,1,1174,G
2-PB1,1019,0,1,0,1213,1214,C
2-PB1,1020,1206,1,0,0,1207,A
2-PB1,1021,0,0,0,1251,1251,C
2-PB1,1022,1,0,0,1241,1242,C
2-PB1,1023,1238,4,0,0,1242,A
2-PB1,1024,1266,0,0,0,1266,A
2-PB1,1025,0,1265,0,0,1265,T
2-PB1,1026,1267,0,0,0,1267,A
2-PB1,1027,1265,1,0,0,1266,A
2-PB1,1028,0,1211,1,2,1214,T
2-PB1,1029,0,0,1220,0,1220,G
2-PB1,1030,0,1183,0,1,1184,T
2-PB1,1031,0,1172,0,3,1175,T
2-PB1,1032,0,0,0,1176,1176,C
2-PB1,1033,0,1173,0,0,1173,T
2-PB1,1034,1,0,0,1173,1174,C
2-PB1,1035,1172,0,0,0,1172,A
2-PB1,1036,1166,0,2,1,1169,A
2-PB1,1037,1169,0,2,0,1171,A
2-PB1,1038,0,0,0,1171,1171,C
2-PB1,1039,1167,0,0,0,1167,A
2-PB1,1040,1175,0,0,0,1175,A
2-PB1,1041,1168,0,2,0,1170,A
2-PB1,1042,1173,0,0,0,1173,A
2-PB1,1043,0,1176,1,0,1177,T
2-PB1,1044,0,3,1177,0,1180,G
2-PB1,1045,3,0,1177,0,1180,G
2-PB1,1046,0,0,0,1175,1175,C
2-PB1,1047,1178,0,0,0,1178,A
2-PB1,1048,1180,0,0,0,1180,A
2-PB1,1049,1,0,1183,0,1184,G
2-PB1,1050,1180,0,0,0,1180,A
2-PB1,1051,0,1171,0,1,1172,T
2-PB1,1052,0,1187,0,0,1187,T
2-PB1,1053,0,1,1201,0,1202,G
2-PB1,1054,0,0,1202,0,1202,G
2-PB1,1055,0,2,1218,0,1220,G
2-PB1,1056,1216,2,1,0,1219,A
2-PB1,1057,1213,0,1,0,1214,A
2-PB1,1058,1205,0,0,0,1205,A
2-PB1,1059,1206,0,0,0,1206,A
2-PB1,1060,0,0,1256,0,1256,G
2-PB1,1061,0,0,1256,0,1256,G
2-PB1,1062,1255,1,4,0,1260,A
2-PB1,1063,1,1255,0,1,1257,T
2-PB1,1064,1254,0,2,0,1256,A
2-PB1,1065,0,0,0,1260,1260,C
2-PB1,1066,1272,0,1,0,1273,A
2-PB1,1067,0,1273,0,0,1273,T
2-PB1,1068,1,1,1277,0,1279,G
2-PB1,1069,0,1248,0,0,1248,T
2-PB1,1070,0,1249,0,1,1250,T
2-PB1,1071,1,1,0,1241,1243,C
2-PB1,1072,1,1,1240,0,1242,G
2-PB1,1073,1246,0,2,0,1248,A
2-PB1,1074,0,4,1270,0,1274,G
2-PB1,1075,1253,0,0,0,1253,A
2-PB1,1076,0,0,1273,0,1273,G
2-PB1,1077,1,1266,0,0,1267,T
2-PB1,1078,1262,0,0,0,1262,A
2-PB1,1079,1265,0,3,0,1268,A
2-PB1,1080,1,2,1270,0,1273,G
2-PB1,1081,1268,1,1,0,1270,A
2-PB1,1082,3,1,1291,0,1295,G
2-PB1,1083,1266,0,1,0,1267,A
2-PB1,1084,1274,0,1,0,1275,A
2-PB1,1085,0,1261,0,1,1262,T
2-PB1,1086,0,0,1263,0,1263,G
2-PB1,1087,1258,0,1,0,1259,A
2-PB1,1088,1251,0,3,0,1254,A
2-PB1,1089,1,0,1263,0,1264,G
2-PB1,1090,0,0,0,1255,1255,C
2-PB1,1091,0,1231,0,0,1231,T
2-PB1,1092,1,0,1,1242,1244,C
2-PB1,1093,0,0,0,1239,1239,C
2-PB1,1094,0,1,1243,0,1244,G
2-PB1,1095,1,3,1242,0,1246,G
2-PB1,1096,1254,0,0,0,1254,A
2-PB1,1097,0,3,0,1267,1270,C
2-PB1,1098,1274,0,1,0,1275,A
2-PB1,1099,0,1,0,1292,1293,C
2-PB1,1100,1291,0,0,0,1291,A
2-PB1,1101,1295,0,3,0,1298,A
2-PB1,1102,1297,0,0,0,1297,A
2-PB1,1103,1,1296,1,0,1298,T
2-PB1,1104,1308,0,0,0,1308,A
2-PB1,1105,0,0,0,1306,1306,C
2-PB1,1106,0,0,0,1294,1294,C
2-PB1,1107,0,1279,0,2,1281,T
2-PB1,1108,0,0,1297,0,1297,G
2-PB1,1109,0,0,1,1294,1295,C
2-PB1,1110,1294,1,0,0,1295,A
2-PB1,1111,1,0,1296,0,1297,G
2-PB1,1112,1287,0,1,0,1288,A
2-PB1,1113,1278,0,1,0,1279,A
2-PB1,1114,1285,0,0,0,1285,A
2-PB1,1115,0,1287,0,1,1288,T
2-PB1,1116,1,0,1291,0,1292,G
2-PB1,1117,0,0,0,1281,1281,C
2-PB1,1118,1,1283,0,0,1284,T
2-PB1,1119,1291,0,0,0,1291,A
2-PB1,1120,0,0,1292,0,1292,G
2-PB1,1121,1,0,0,1291,1292,C
2-PB1,1122,1294,0,0,0,1294,A
2-PB1,1123,1278,1,5,0,1284,A
2-PB1,1124,0,0,1285,0,1285,G
2-PB1,1125,0,0,0,1282,1282,C
2-PB1,1126,1265,0,0,0,1265,A
2-PB1,1127,0,1288,0,0,1288,T
2-PB1,1128,0,1289,0,0,1289,T
2-PB1,1129,0,1,1329,0,1330,G
2-PB1,1130,1332,0,1,0,1333,A
2-PB1,1131,0,0,0,1329,1329,C
2-PB1,1132,2,1,0,1325,1328,C
2-PB1,1133,0,1299,0,1,1300,T
2-PB1,1134,0,1,1328,0,1329,G
2-PB1,1135,1330,0,0,0,1330,A
2-PB1,1136,1327,0,3,0,1330,A
2-PB1,1137,0,0,1361,0,1361,G
2-PB1,1138,1,1316,0,0,1317,T
2-PB1,1139,1330,0,0,0,1330,A
2-PB1,1140,0,1323,0,1,1324,T
2-PB1,1141,0,1317,1,1,1319,T
2-PB1,1142,2,1322,0,0,1324,T
2-PB1,1143,2,3,0,1306,1311,C
2-PB1,1144,1309,0,0,0,1309,A
2-PB1,1145,1312,0,0,0,1312,A
2-PB1,1146,0,1296,0,0,1296,T
2-PB1,1147,0,1,1300,1,1302,G
2-PB1,1148,1290,0,1,0,1291,A
2-PB1,1149,1303,0,0,0,1303,A
2-PB1,1150,0,1298,0,0,1298,T
2-PB1,1151,1,0,0,1303,1304,C
2-PB1,1152,1297,0,0,0,1297,A
2-PB1,1153,1303,0,1,0,1304,A
2-PB1,1154,0,0,0,1299,1299,C
2-PB1,1155,1299,0,0,0,1299,A
2-PB1,1156,1289,1,1,0,1291,A
2-PB1,1157,0,1,1296,0,1297,G
2-PB1,1158,1,0,1304,0,1305,G
2-PB1,1159,1300,0,0,0,1300,A
2-PB1,1160,1298,0,0,0,1298,A
2-PB1,1161,0,1,1299,0,1300,G
2-PB1,1162,1294,0,2,0,1296,A
2-PB1,1163,1295,1,0,0,1296,A
2-PB1,1164,1293,0,0,0,1293,A
2-PB1,1165,1292,0,0,0,1292,A
2-PB1,1166,0,1288,1,0,1289,T
2-PB1,1167,1,1263,0,0,1264,T
2-PB1,1168,0,2,1269,0,1271,G
2-PB1,1169,1270,0,0,0,1270,A
2-PB1,1170,0,1,1269,0,1270,G
2-PB1,1171,1263,0,0,0,1263,A
2-PB1,1172,1279,0,1,0,1280,A
2-PB1,1173,1296,2,1,0,1299,A
2-PB1,1174,1302,1,0,0,1303,A
2-PB1,1175,0,1302,0,1,1303,T
2-PB1,1176,1305,0,0,0,1305,A
2-PB1,1177,1302,0,1,0,1303,A
2-PB1,1178,0,0,1315,0,1315,G
2-PB1,1179,0,0,1307,0,1307,G
2-PB1,1180,1,0,0,1306,1307,C
2-PB1,1181,0,0,0,1299,1299,C
2-PB1,1182,2,1287,0,5,1294,T
2-PB1,1183,1,0,0,1459,1460,C
2-PB1,1184,0,1478,0,2,1480,T
2-PB1,1185,0,1486,0,0,1486,T
2-PB1,1186,1,0,0,1506,1507,C
2-PB1,1187,0,1501,0,1,1502,T
2-PB1,1188,1504,0,1,0,1505,A
2-PB1,1189,1506,0,0,0,1506,A
2-PB1,1190,1,1506,0,0,1507,T
2-PB1,1191,1506,0,0,1,1507,A
2-PB1,1192,0,0,1465,0,1465,G
2-PB1,1193,1335,0,2,0,1337,A
2-PB1,1194,0,1340,0,1,1341,T
2-PB1,1195,0,0,1318,1,1319,G
2-PB1,1196,0,0,1332,0,1332,G
2-PB1,1197,1,1,0,1324,1326,C
2-PB1,1198,1330,0,2,0,1332,A
2-PB1,1199,0,3,0,1331,1334,C
2-PB1,1200,1319,0,0,0,1319,A
2-PB1,1201,0,0,1377,1,1378,G
2-PB1,1202,2,0,0,1374,1376,C
2-PB1,1203,1370,0,1,0,1371,A
2-PB1,1204,0,1412,0,1,1413,T
2-PB1,1205,1,0,0,1401,1402,C
2-PB1,1206,1411,1,1,0,1413,A
2-PB1,1207,0,1407,0,4,1411,T
2-PB1,1208,0,1400,0,1,1401,T
2-PB1,1209,0,0,1394,0,1394,G
2-PB1,1210,1362,0,0,0,1362,A
2-PB1,1211,2,0,1390,0,1392,G
2-PB1,1212,1,0,1,1385,1387,C
2-PB1,1213,0,0,0,1379,1379,C
2-PB1,1214,1,1,0,1409,1411,C
2-PB1,1215,0,1406,0,1,1407,T
2-PB1,1216,0,1,1576,0,1577,G
2-PB1,1217,0,1,1629,0,1630,G
2-PB1,1218,1624,0,2,1,1627,A
2-PB1,1219,1708,1,0,1,1710,A
2-PB1,1220,0,1673,0,0,1673,T
2-PB1,1221,0,0,1748,0,1748,G
2-PB1,1222,1783,0,1,0,1784,A
2-PB1,1223,0,1798,0,3,1801,T
2-PB1,1224,0,1,1808,0,1809,G
2-PB1,1225,1795,0,0,0,1795,A
2-PB1,1226,1,1776,0,1,1778,T
2-PB1,1227,2,1,1785,0,1788,G
2-PB1,1228,1,3,1811,0,1815,G
2-PB1,1229,1,0,1818,0,1819,G
2-PB1,1230,1,1,0,1814,1816,C
2-PB1,1231,1818,1,2,0,1821,A
2-PB1,1232,0,1837,0,0,1837,T
2-PB1,1233,0,2,1896,0,1898,G
2-PB1,1234,0,1899,0,1,1900,T
2-PB1,1235,2,1910,0,0,1912,T
2-PB1,1236,3,0,1,1910,1914,C
2-PB1,1237,1904,0,3,0,1907,A
2-PB1,1238,1909,0,0,0,1909,A
2-PB1,1239,0,1,0,1915,1916,C
2-PB1,1240,1927,1,0,0,1928,A
2-PB1,1241,0,1926,0,1,1927,T
2-PB1,1242,0,1,1973,0,1974,G
2-PB1,1243,0,0,0,1973,1973,C
2-PB1,1244,0,1969,0,2,1971,T
2-PB1,1245,1987,0,0,0,1987,A
2-PB1,1246,1984,0,1,1,1986,A
2-PB1,1247,0,1,2033,0,2034,G
2-PB1,1248,0,2034,0,0,2034,T
2-PB1,1249,2022,1,1,0,2024,A
2-PB1,1250,1,2,0,2035,2038,C
2-PB1,1251,1,3,2046,0,2050,G
2-PB1,1252,1,1,2203,0,2205,G
2-PB1,1253,2,2199,0,4,2205,T
2-PB1,1254,0,2196,0,1,2197,T
2-PB1,1255,0,2198,0,0,2198,T
2-PB1,1256,0,2188,0,0,2188,T
2-PB1,1257,2192,0,1,0,2193,A
2-PB1,1258,0,3,2190,0,2193,G
2-PB1,1259,1,2,2184,0,2187,G
2-PB1,1260,2151,0,2,0,2153,A
2-PB1,1261,2,1,2148,0,2151,G
2-PB1,1262,0,2184,0,0,2184,T
2-PB1,1263,1,0,0,2198,2199,C
2-PB1,1264,0,2202,0,1,2203,T
2-PB1,1265,3,0,0,2200,2203,C
2-PB1,1266,0,0,2201,0,2201,G
2-PB1,1267,2278,0,0,0,2278,A
2-PB1,1268,0,2277,0,1,2278,T
2-PB1,1269,2299,0,1,0,2300,A
2-PB1,1270,0,0,0,2303,2303,C
2-PB1,1271,1,2259,0,5,2265,T
2-PB1,1272,5,3,2262,1,2271,G
2-PB1,1273,2269,1,1,0,2271,A
2-PB1,1274,2313,0,0,0,2313,A
2-PB1,1275,0,2311,0,0,2311,T
2-PB1,1276,1,0,0,2263,2264,C
2-PB1,1277,0,2250,0,1,2251,T
2-PB1,1278,0,2235,0,4,2239,T
2-PB1,1279,2,3,2238,0,2243,G
2-PB1,1280,2,2,2248,2,2254,G
2-PB1,1281,2240,2,3,0,2245,A
2-PB1,1282,0,1,0,2244,2245,C
2-PB1,1283,2224,0,0,0,2224,A
2-PB1,1284,2243,0,1,1,2245,A
2-PB1,1285,2249,1,1,0,2251,A
2-PB1,1286,2249,1,4,0,2254,A
2-PB1,1287,1,3,2294,0,2298,G
2-PB1,1288,2299,0,8,0,2307,A
2-PB1,1289,2295,1,0,0,2296,A
2-PB1,1290,2304,0,0,2,2306,A
2-PB1,1291,0,2301,0,1,2302,T
2-PB1,1292,2298,0,4,0,2302,A
2-PB1,1293,1,0,0,2374,2375,C
2-PB1,1294,2354,0,4,0,2358,A
2-PB1,1295,0,0,0,2370,2370,C
2-PB1,1296,4,0,0,2336,2340,C
2-PB1,1297,2336,0,0,1,2337,A
2-PB1,1298,2361,0,1,0,2362,A
2-PB1,1299,0,3,2428,0,2431,G
2-PB1,1300,2455,2,1,0,2458,A
2-PB1,1301,0,2,0,2486,2488,C
2-PB1,1302,2444,0,0,0,2444,A
2-PB1,1303,2536,0,4,0,2540,A
2-PB1,1304,0,1,0,2546,2547,C
2-PB1,1305,2593,1,1,0,2595,A
2-PB1,1306,1,2603,0,1,2605,T
2-PB1,1307,2589,0,1,0,2590,A
2-PB1,1308,0,0,0,2629,2629,C
2-PB1,1309,1,2563,0,0,2564,T
2-PB1,1310,0,1,2604,0,2605,G
2-PB1,1311,0,0,2607,0,2607,G
2-PB1,1312,1,2554,0,2,2557,T
2-PB1,1313,0,7,2543,0,2550,G
2-PB1,1314,0,3,2529,2,2534,G
2-PB1,1315,0,0,2557,0,2557,G
2-PB1,1316,2562,0,2,0,2564,A
2-PB1,1317,0,2525,0,2,2527,T
2-PB1,1318,0,2,2516,2,2520,G
2-PB1,1319,1,0,2519,0,2520,G
2-PB1,1320,2,0,2531,2,2535,G
2-PB1,1321,0,1,0,2586,2587,C
2-PB1,1322,0,2571,1,2,2574,T
2-PB1,1323,0,1,0,2601,2602,C
2-PB1,1324,1,3,0,2591,2595,C
2-PB1,1325,2595,0,1,0,2596,A
2-PB1,1326,2599,0,0,1,2600,A
2-PB1,1327,0,2592,0,1,2593,T
2-PB1,1328,3,0,3,2586,2592,C
2-PB1,1329,4,0,0,2576,2580,C
2-PB1,1330,0,2562,0,0,2562,T
2-PB1,1331,1,1,0,2558,2560,C
2-PB1,1332,4,0,0,2550,2554,C
2-PB1,1333,0,2,2550,0,2552,G
2-PB1,1334,2550,0,0,1,2551,A
2-PB1,1335,0,1,0,2553,2554,C
2-PB1,1336,3,2,2553,0,2558,G
2-PB1,1337,2573,1,0,0,2574,A
2-PB1,1338,0,2571,0,1,2572,T
2-PB1,1339,0,2569,1,0,2570,T
2-PB1,1340,0,2571,0,0,2571,T
2-PB1,1341,0,2579,0,0,2579,T
2-PB1,1342,3,0,2581,0,2584,G
2-PB1,1343,0,2,0,2599,2601,C
2-PB1,1344,5,1,0,2595,2601,C
2-PB1,1345,5,0,0,2669,2674,C
2-PB1,1346,0,2629,0,6,2635,T
2-PB1,1347,1,0,0,2743,2744,C
2-PB1,1348,2760,1,0,0,2761,A
2-PB1,1349,1,2774,0,0,2775,T
2-PB1,1350,2776,0,3,0,2779,A
2-PB1,1351,3,3,2796,0,2802,G
2-PB1,1352,1,2776,0,2,2779,T
2-PB1,1353,1,3,2791,0,2795,G
2-PB1,1354,2715,0,0,0,2715,A
2-PB1,1355,2717,0,4,0,2721,A
2-PB1,1356,0,2627,0,1,2628,T
2-PB1,1357,1,0,2635,0,2636,G
2-PB1,1358,0,4,0,2658,2662,C
2-PB1,1359,2660,3,0,0,2663,A
2-PB1,1360,0,0,0,2661,2661,C
2-PB1,1361,2,1,0,2647,2650,C
2-PB1,1362,2625,0,5,0,2630,A
2-PB1,1363,2627,0,2,2,2631,A
2-PB1,1364,2619,0,0,3,2622,A
2-PB1,1365,1,2567,0,0,2568,T
2-PB1,1366,4,1,0,2642,2647,C
2-PB1,1367,2653,1,0,0,2654,A
2-PB1,1368,0,2653,0,0,2653,T
2-PB1,1369,1,0,2651,0,2652,G
2-PB1,1370,2656,0,4,1,2661,A
2-PB1,1371,0,3,2674,0,2677,G
2-PB1,1372,2,2,2677,1,2682,G
2-PB1,1373,6,2,2688,0,2696,G
2-PB1,1374,2680,1,2,0,2683,A
2-PB1,1375,2722,0,1,1,2724,A
2-PB1,1376,0,2725,0,3,2728,T
2-PB1,1377,2731,0,2,0,2733,A
2-PB1,1378,0,1,1,2733,2735,C
2-PB1,1379,2745,0,0,0,2745,A
2-PB1,1380,2734,0,2,0,2736,A
2-PB1,1381,1,0,2733,0,2734,G
2-PB1,1382,1,0,0,2706,2707,C
2-PB1,1383,2696,0,2,1,2699,A
2-PB1,1384,2,0,2724,1,2727,G
2-PB1,1385,0,5,2717,0,2722,G
2-PB1,1386,2712,1,1,0,2714,A
2-PB1,1387,0,9,2723,0,2732,G
2-PB1,1388,0,2682,0,0,2682,T
2-PB1,1389,3,2,2718,0,2723,G
2-PB1,1390,0,1,2728,1,2730,G
2-PB1,1391,2726,1,3,0,2730,A
2-PB1,1392,0,2730,0,2,2732,T
2-PB1,1393,2704,1,2,0,2707,A
2-PB1,1394,0,1,2732,0,2733,G
2-PB1,1395,2777,2,0,0,2779,A
2-PB1,1396,0,2772,0,1,2773,T
2-PB1,1397,0,2773,0,0,2773,T
2-PB1,1398,6,2,0,2855,2863,C
2-PB1,1399,1,2850,0,0,2851,T
2-PB1,1400,2853,0,0,0,2853,A
2-PB1,1401,0,0,0,2854,2854,C
2-PB1,1402,2807,2,5,0,2814,A
2-PB1,1403,0,2,2810,0,2812,G
2-PB1,1404,1,2,2768,0,2771,G
2-PB1,1405,2798,4,2,0,2804,A
2-PB1,1406,0,6,1,2789,2796,C
2-PB1,1407,0,0,0,2741,2741,C
2-PB1,1408,0,2716,0,3,2719,T
2-PB1,1409,0,0,2724,0,2724,G
2-PB1,1410,0,0,0,2718,2718,C
2-PB1,1411,2725,0,1,0,2726,A
2-PB1,1412,2736,0,3,0,2739,A
2-PB1,1413,0,0,2749,0,2749,G
2-PB1,1414,0,2709,0,0,2709,T
2-PB1,1415,0,2712,0,0,2712,T
2-PB1,1416,2687,1,1,0,2689,A
2-PB1,1417,2,0,2692,0,2694,G
2-PB1,1418,2,2681,0,1,2684,T
2-PB1,1419,2,1,2674,1,2678,G
2-PB1,1420,2,1,2674,0,2677,G
2-PB1,1421,0,2,2677,0,2679,G
2-PB1,1422,2670,0,1,0,2671,A
2-PB1,1423,2679,1,2,0,2682,A
2-PB1,1424,0,2675,0,0,2675,T
2-PB1,1425,7,2,0,2683,2692,C
2-PB1,1426,2680,0,1,0,2681,A
2-PB1,1427,2687,2,0,0,2689,A
2-PB1,1428,0,1,1,2685,2687,C
2-PB1,1429,2681,0,2,0,2683,A
2-PB1,1430,0,2633,0,1,2634,T
2-PB1,1431,0,3,2646,1,2650,G
2-PB1,1432,2650,3,1,0,2654,A
2-PB1,1433,0,0,2673,0,2673,G
2-PB1,1434,1,0,0,2657,2658,C
2-PB1,1435,2649,0,2,0,2651,A
2-PB1,1436,2648,0,0,0,2648,A
2-PB1,1437,2649,0,0,0,2649,A
2-PB1,1438,2666,0,1,0,2667,A
2-PB1,1439,2667,0,2,0,2669,A
2-PB1,1440,0,1,2672,1,2674,G
2-PB1,1441,2642,0,1,0,2643,A
2-PB1,1442,2614,1,4,0,2619,A
2-PB1,1443,0,0,2716,0,2716,G
2-PB1,1444,2,2738,0,1,2741,T
2-PB1,1445,1,0,0,2744,2745,C
2-PB1,1446,2,1,0,2739,2742,C
2-PB1,1447,3,2724,0,1,2728,T
2-PB1,1448,2769,0,0,0,2769,A
2-PB1,1449,1,2764,1,0,2766,T
2-PB1,1450,2757,2,0,0,2759,A
2-PB1,1451,1,2759,0,2,2762,T
2-PB1,1452,2739,0,0,0,2739,A
2-PB1,1453,2738,0,3,0,2741,A
2-PB1,1454,2734,1,0,0,2735,A
2-PB1,1455,0,2731,0,0,2731,T
2-PB1,1456,2708,0,0,1,2709,A
2-PB1,1457,2684,1,0,0,2685,A
2-PB1,1458,2695,0,1,0,2696,A
2-PB1,1459,2703,0,3,1,2707,A
2-PB1,1460,0,0,0,2713,2713,C
2-PB1,1461,2588,1,2,0,2591,A
2-PB1,1462,6,1,2579,0,2586,G
2-PB1,1463,1,2,2581,0,2584,G
2-PB1,1464,0,2,2576,0,2578,G
2-PB1,1465,2579,0,1,1,2581,A
2-PB1,1466,0,0,0,2603,2603,C
2-PB1,1467,2571,2,3,0,2576,A
2-PB1,1468,0,2596,0,1,2597,T
2-PB1,1469,0,2596,0,1,2597,T
2-PB1,1470,0,2598,1,3,2602,T
2-PB1,1471,2,0,2586,1,2589,G
2-PB1,1472,2576,0,2,0,2578,A
2-PB1,1473,2589,0,1,0,2590,A
2-PB1,1474,0,2593,1,0,2594,T
2-PB1,1475,0,2541,2,0,2543,T
2-PB1,1476,4,2,0,2551,2557,C
2-PB1,1477,2532,0,1,0,2533,A
2-PB1,1478,0,0,0,2532,2532,C
2-PB1,1479,1,2531,0,1,2533,T
2-PB1,1480,2518,0,3,1,2522,A
2-PB1,1481,0,0,2525,0,2525,G
2-PB1,1482,1,0,0,2526,2527,C
2-PB1,1483,0,2513,0,3,2516,T
2-PB1,1484,0,2533,1,0,2534,T
2-PB1,1485,1,2527,1,0,2529,T
2-PB1,1486,1,2529,1,0,2531,T
2-PB1,1487,1,2529,0,0,2530,T
2-PB1,1488,0,2540,0,0,2540,T
2-PB1,1489,0,2537,1,0,2538,T
2-PB1,1490,2537,3,0,0,2540,A
2-PB1,1491,0,2527,0,1,2528,T
2-PB1,1492,0,1,0,2533,2534,C
2-PB1,1493,1,3,2539,0,2543,G
2-PB1,1494,2617,0,1,0,2618,A
2-PB1,1495,0,2626,0,2,2628,T
2-PB1,1496,2622,1,0,10,2633,A
2-PB1,1497,0,2655,0,1,2656,T
2-PB1,1498,1,6,2651,0,2658,G
2-PB1,1499,1,0,2665,0,2666,G
2-PB1,1500,2598,0,68,0,2666,A
2-PB1,1501,1,2643,1,1,2646,T
2-PB1,1502,0,2608,1,4,2613,T
2-PB1,1503,0,2537,0,0,2537,T
2-PB1,1504,1,1,2537,0,2539,G
2-PB1,1505,0,2520,0,1,2521,T
2-PB1,1506,0,2,2512,0,2514,G
2-PB1,1507,2,4,2506,0,2512,G
2-PB1,1508,3,0,0,2496,2499,C
2-PB1,1509,1,2494,0,2,2497,T
2-PB1,1510,2503,0,0,0,2503,A
2-PB1,1511,2511,0,1,0,2512,A
2-PB1,1512,1,2554,0,2,2557,T
2-PB1,1513,0,2546,1,1,2548,T
2-PB1,1514,0,2546,1,0,2547,T
2-PB1,1515,1,2546,0,0,2547,T
2-PB1,1516,2547,0,2,0,2549,A
2-PB1,1517,0,1,2575,0,2576,G
2-PB1,1518,3,0,0,2575,2578,C
2-PB1,1519,2574,0,0,0,2574,A
2-PB1,1520,0,2560,0,0,2560,T
2-PB1,1521,0,2,2525,0,2527,G
2-PB1,1522,1,3,2544,0,2548,G
2-PB1,1523,2537,0,3,0,2540,A
2-PB1,1524,1,0,2546,0,2547,G
2-PB1,1525,0,0,0,2542,2542,C
2-PB1,1526,1,2511,0,2,2514,T
2-PB1,1527,2,0,2524,0,2526,G
2-PB1,1528,0,2,0,2513,2515,C
2-PB1,1529,5,1,0,2514,2520,C
2-PB1,1530,4,2,0,2530,2536,C
2-PB1,1531,2470,0,1,0,2471,A
2-PB1,1532,0,0,2609,0,2609,G
2-PB1,1533,1,2604,1,1,2607,T
2-PB1,1534,0,2603,0,0,2603,T
2-PB1,1535,1,2610,0,0,2611,T
2-PB1,1536,0,2597,0,0,2597,T
2-PB1,1537,1,0,2584,0,2585,G
2-PB1,1538,1,0,2595,0,2596,G
2-PB1,1539,2579,0,3,0,2582,A
2-PB1,1540,0,0,2588,0,2588,G
2-PB1,1541,1,2398,0,1,2400,T
2-PB1,1542,0,0,2471,1,2472,G
2-PB1,1543,0,2471,0,1,2472,T
2-PB1,1544,2,0,1,2476,2479,C
2-PB1,1545,1,2478,0,2,2481,T
2-PB1,1546,1,0,2486,0,2487,G
2-PB1,1547,0,2,2511,0,2513,G
2-PB1,1548,2512,0,0,0,2512,A
2-PB1,1549,2515,0,3,0,2518,A
2-PB1,1550,0,2511,0,0,2511,T
2-PB1,1551,2371,0,1,1,2373,A
2-PB1,1552,2369,1,3,0,2373,A
2-PB1,1553,2373,1,0,0,2374,A
2-PB1,1554,1,1,1,2368,2371,C
2-PB1,1555,0,2,2356,0,2358,G
2-PB1,1556,2325,0,1,1,2327,A
2-PB1,1557,0,0,2326,1,2327,G
2-PB1,1558,1,2316,0,1,2318,T
2-PB1,1559,3,2,0,2321,2326,C
2-PB1,1560,2317,0,2,0,2319,A
2-PB1,1561,1,0,2347,0,2348,G
2-PB1,1562,2,0,0,2350,2352,C
2-PB1,1563,1,2340,0,4,2345,T
2-PB1,1564,0,3,2408,0,2411,G
2-PB1,1565,2394,0,3,0,2397,A
2-PB1,1566,0,2394,1,0,2395,T
2-PB1,1567,2394,0,1,0,2395,A
2-PB1,1568,1,2358,1,0,2360,T
2-PB1,1569,1,1,2374,0,2376,G
2-PB1,1570,2288,3,3,0,2294,A
2-PB1,1571,1,0,2316,0,2317,G
2-PB1,1572,1,0,0,2321,2322,C
2-PB1,1573,2212,0,0,0,2212,A
2-PB1,1574,1,2210,0,0,2211,T
2-PB1,1575,0,2207,0,2,2209,T
2-PB1,1576,1,2,2234,0,2237,G
2-PB1,1577,1,2,2292,0,2295,G
2-PB1,1578,2267,0,7,0,2274,A
2-PB1,1579,1,0,2275,0,2276,G
2-PB1,1580,1,2210,0,0,2211,T
2-PB1,1581,2212,0,0,0,2212,A
2-PB1,1582,2207,0,2,0,2209,A
2-PB1,1583,0,0,0,2225,2225,C
2-PB1,1584,2204,1,0,0,2205,A
2-PB1,1585,0,0,2245,0,2245,G
2-PB1,1586,0,2046,1,0,2047,T
2-PB1,1587,0,0,2070,1,2071,G
2-PB1,1588,2094,0,3,0,2097,A
2-PB1,1589,0,2093,0,1,2094,T
2-PB1,1590,2094,0,2,0,2096,A
2-PB1,1591,2102,0,1,0,2103,A
2-PB1,1592,2064,0,2,0,2066,A
2-PB1,1593,1,4,2082,0,2087,G
2-PB1,1594,1999,0,0,0,1999,A
2-PB1,1595,1993,0,4,0,1997,A
2-PB1,1596,0,1,0,1998,1999,C
2-PB1,1597,1928,0,3,0,1931,A
2-PB1,1598,1945,0,4,0,1949,A
2-PB1,1599,1,0,0,1958,1959,C
2-PB1,1600,1986,1,0,0,1987,A
2-PB1,1601,0,1983,1,0,1984,T
2-PB1,1602,0,2,1950,0,1952,G
2-PB1,1603,1954,1,3,0,1958,A
2-PB1,1604,0,1954,0,1,1955,T
2-PB1,1605,1937,0,0,0,1937,A
2-PB1,1606,1961,0,2,1,1964,A
2-PB1,1607,1948,0,4,0,1952,A
2-PB1,1608,6,2,0,1961,1969,C
2-PB1,1609,1906,0,0,0,1906,A
2-PB1,1610,1901,0,0,0,1901,A
2-PB1,1611,0,1857,0,2,1859,T
2-PB1,1612,2,3,1862,0,1867,G
2-PB1,1613,1885,0,2,0,1887,A
2-PB1,1614,1,0,0,1911,1912,C
2-PB1,1615,0,0,0,1882,1882,C
2-PB1,1616,0,1828,0,0,1828,T
2-PB1,1617,0,1754,0,0,1754,T
2-PB1,1618,1,1,1762,0,1764,G
2-PB1,1619,0,0,1768,0,1768,G
2-PB1,1620,1779,0,1,1,1781,A
2-PB1,1621,0,0,0,1772,1772,C
2-PB1,1622,2,0,0,1740,1742,C
2-PB1,1623,1723,0,0,0,1723,A
2-PB1,1624,1,0,1733,0,1734,G
2-PB1,1625,2,2,0,1730,1734,C
2-PB1,1626,1737,0,1,0,1738,A
2-PB1,1627,1740,0,0,0,1740,A
2-PB1,1628,0,0,1,1731,1732,C
2-PB1,1629,1721,0,0,0,1721,A
2-PB1,1630,2,1,1755,0,1758,G
2-PB1,1631,0,0,0,1758,1758,C
2-PB1,1632,0,0,0,1759,1759,C
2-PB1,1633,1,1,0,1750,1752,C
2-PB1,1634,1755,0,0,0,1755,A
2-PB1,1635,1752,0,0,0,1752,A
2-PB1,1636,1753,0,0,0,1753,A
2-PB1,1637,0,1759,0,0,1759,T
2-PB1,1638,2,2,1748,0,1752,G
2-PB1,1639,1,0,1730,0,1731,G
2-PB1,1640,0,0,0,1733,1733,C
2-PB1,1641,0,1720,0,1,1721,T
2-PB1,1642,1,1,0,1756,1758,C
2-PB1,1643,0,1749,0,2,1751,T
2-PB1,1644,1,1,0,1763,1765,C
2-PB1,1645,1,1,0,1761,1763,C
2-PB1,1646,1762,0,0,0,1762,A
2-PB1,1647,1768,0,1,0,1769,A
2-PB1,1648,0,1758,0,1,1759,T
2-PB1,1649,0,1746,0,0,1746,T
2-PB1,1650,0,0,1751,0,1751,G
2-PB1,1651,0,1705,0,0,1705,T
2-PB1,1652,0,1701,0,0,1701,T
2-PB1,1653,2,1,0,1697,1700,C
2-PB1,1654,1698,0,2,0,1700,A
2-PB1,1655,0,1701,0,0,1701,T
2-PB1,1656,0,0,0,1703,1703,C
2-PB1,1657,1709,0,0,0,1709,A
2-PB1,1658,1708,0,0,0,1708,A
2-PB1,1659,1697,0,4,0,1701,A
2-PB1,1660,0,2,1724,0,1726,G
2-PB1,1661,1723,0,0,0,1723,A
2-PB1,1662,0,1721,0,0,1721,T
2-PB1,1663,0,1728,0,0,1728,T
2-PB1,1664,1725,0,0,0,1725,A
2-PB1,1665,0,0,0,1754,1754,C
2-PB1,1666,1744,1,1,0,1746,A
2-PB1,1667,1,0,1767,0,1768,G
2-PB1,1668,1754,1,1,0,1756,A
2-PB1,1669,1,1763,0,0,1764,T
2-PB1,1670,1774,0,0,0,1774,A
2-PB1,1671,1,0,0,1901,1902,C
2-PB1,1672,1920,1,2,1,1924,A
2-PB1,1673,1,0,0,2058,2059,C
2-PB1,1674,2020,0,1,0,2021,A
2-PB1,1675,1,2047,0,0,2048,T
2-PB1,1676,2031,0,1,0,2032,A
2-PB1,1677,0,2028,1,0,2029,T
2-PB1,1678,1979,0,2,0,1981,A
2-PB1,1679,1,1,1984,1,1987,G
2-PB1,1680,1,0,1945,2,1948,G
2-PB1,1681,0,1859,0,0,1859,T
2-PB1,1682,1,0,1832,0,1833,G
2-PB1,1683,1,1,0,1909,1911,C
2-PB1,1684,0,0,0,1911,1911,C
2-PB1,1685,1929,1,1,0,1931,A
2-PB1,1686,0,1928,0,1,1929,T
2-PB1,1687,1932,0,1,0,1933,A
2-PB1,1688,3,2,1936,0,1941,G
2-PB1,1689,1896,0,5,0,1901,A
2-PB1,1690,1,1,1907,1,1910,G
2-PB1,1691,0,2,1909,0,1911,G
2-PB1,1692,1855,0,1,0,1856,A
2-PB1,1693,1,0,1860,0,1861,G
2-PB1,1694,1849,0,4,0,1853,A
2-PB1,1695,0,0,1,1854,1855,C
2-PB1,1696,1853,0,2,0,1855,A
2-PB1,1697,1,0,0,1902,1903,C
2-PB1,1698,1898,0,3,0,1901,A
2-PB1,1699,0,2,0,1905,1907,C
2-PB1,1700,1894,0,2,0,1896,A
2-PB1,1701,1919,0,0,1,1920,A
2-PB1,1702,1928,0,0,0,1928,A
2-PB1,1703,0,1930,0,1,1931,T
2-PB1,1704,2,0,0,1928,1930,C
2-PB1,1705,1,1,0,1926,1928,C
2-PB1,1706,1909,0,1,0,1910,A
2-PB1,1707,1,9,1902,0,1912,G
2-PB1,1708,1911,0,2,0,1913,A
2-PB1,1709,0,0,0,1963,1963,C
2-PB1,1710,0,5,1948,0,1953,G
2-PB1,1711,1946,0,1,0,1947,A
2-PB1,1712,0,1936,2,1,1939,T
2-PB1,1713,1949,0,1,0,1950,A
2-PB1,1714,1953,1,1,0,1955,A
2-PB1,1715,0,0,1963,0,1963,G
2-PB1,1716,1959,1,2,0,1962,A
2-PB1,1717,0,1952,0,2,1954,T
2-PB1,1718,0,1,0,1901,1902,C
2-PB1,1719,1904,0,2,0,1906,A
2-PB1,1720,0,1892,0,0,1892,T
2-PB1,1721,1,1893,0,0,1894,T
2-PB1,1722,2,0,0,1900,1902,C
2-PB1,1723,0,2,1900,0,1902,G
2-PB1,1724,1886,0,2,0,1888,A
2-PB1,1725,0,0,1892,0,1892,G
2-PB1,1726,1876,3,0,0,1879,A
2-PB1,1727,0,1942,1,0,1943,T
2-PB1,1728,1948,0,0,0,1948,A
2-PB1,1729,1950,1,0,0,1951,A
2-PB1,1730,1951,1,2,0,1954,A
2-PB1,1731,3,0,1951,0,1954,G
2-PB1,1732,1955,0,1,0,1956,A
2-PB1,1733,1910,0,3,0,1913,A
2-PB1,1734,0,0,1914,0,1914,G
2-PB1,1735,0,1,0,1927,1928,C
2-PB1,1736,0,1908,0,0,1908,T
2-PB1,1737,2,0,1911,0,1913,G
2-PB1,1738,0,1907,0,0,1907,T
2-PB1,1739,0,2,1895,0,1897,G
2-PB1,1740,1,0,1913,0,1914,G
2-PB1,1741,2,2,1919,1,1924,G
2-PB1,1742,1939,0,3,0,1942,A
2-PB1,1743,0,1929,1,5,1935,T
2-PB1,1744,2,0,0,1927,1929,C
2-PB1,1745,1933,0,1,1,1935,A
2-PB1,1746,1938,1,2,1,1942,A
2-PB1,1747,1945,0,3,1,1949,A
2-PB1,1748,1,0,0,1945,1946,C
2-PB1,1749,1,0,0,1946,1947,C
2-PB1,1750,4,0,0,1940,1944,C
2-PB1,1751,1938,0,0,0,1938,A
2-PB1,1752,1986,1,0,0,1987,A
2-PB1,1753,0,1983,0,1,1984,T
2-PB1,1754,3,0,1,1981,1985,C
2-PB1,1755,1966,0,1,1,1968,A
2-PB1,1756,1966,0,0,0,1966,A
2-PB1,1757,0,2,1984,0,1986,G
2-PB1,1758,0,3,1978,0,1981,G
2-PB1,1759,2,0,1980,0,1982,G
2-PB1,1760,0,1,0,1985,1986,C
2-PB1,1761,1938,0,1,1,1940,A
2-PB1,1762,2,5,1986,0,1993,G
2-PB1,1763,1,0,2006,0,2007,G
2-PB1,1764,2006,0,2,0,2008,A
2-PB1,1765,1,0,0,2037,2038,C
2-PB1,1766,1,2005,0,0,2006,T
2-PB1,1767,2014,0,1,1,2016,A
2-PB1,1768,1,2014,0,1,2016,T
2-PB1,1769,0,2017,0,0,2017,T
2-PB1,1770,6,5,2008,0,2019,G
2-PB1,1771,0,0,1971,0,1971,G
2-PB1,1772,0,1947,0,0,1947,T
2-PB1,1773,1,1910,0,0,1911,T
2-PB1,1774,0,1946,0,2,1948,T
2-PB1,1775,0,0,0,1955,1955,C
2-PB1,1776,1958,0,2,0,1960,A
2-PB1,1777,0,0,1964,0,1964,G
2-PB1,1778,1964,0,1,0,1965,A
2-PB1,1779,1,1948,0,0,1949,T
2-PB1,1780,1,2,1911,0,1914,G
2-PB1,1781,0,3,1919,0,1922,G
2-PB1,1782,0,2,1917,0,1919,G
2-PB1,1783,1,1,1930,0,1932,G
2-PB1,1784,0,0,1944,0,1944,G
2-PB1,1785,1942,1,2,0,1945,A
2-PB1,1786,0,0,1,1944,1945,C
2-PB1,1787,3,0,0,1941,1944,C
2-PB1,1788,1943,0,0,0,1943,A
2-PB1,1789,2096,0,1,0,2097,A
2-PB1,1790,2114,0,2,0,2116,A
2-PB1,1791,0,0,0,2163,2163,C
2-PB1,1792,0,2137,0,4,2141,T
2-PB1,1793,1,2137,0,0,2138,T
2-PB1,1794,2144,1,1,0,2146,A
2-PB1,1795,0,2148,0,0,2148,T
2-PB1,1796,2148,0,4,0,2152,A
2-PB1,1797,1,0,0,2153,2154,C
2-PB1,1798,1968,0,0,0,1968,A
2-PB1,1799,1965,0,0,1,1966,A
2-PB1,1800,0,1914,0,0,1914,T
2-PB1,1801,1940,0,0,0,1940,A
2-PB1,1802,0,1940,0,0,1940,T
2-PB1,1803,0,0,0,1940,1940,C
2-PB1,1804,0,1,0,1938,1939,C
2-PB1,1805,5,0,1933,0,1938,G
2-PB1,1806,1,0,1940,0,1941,G
2-PB1,1807,1937,0,0,0,1937,A
2-PB1,1808,1937,0,1,0,1938,A
2-PB1,1809,0,1933,0,0,1933,T
2-PB1,1810,0,0,0,1934,1934,C
2-PB1,1811,0,1933,0,0,1933,T
2-PB1,1812,0,1934,0,0,1934,T
2-PB1,1813,0,0,0,1934,1934,C
2-PB1,1814,1932,0,3,0,1935,A
2-PB1,1815,0,3,0,1938,1941,C
2-PB1,1816,1935,0,1,0,1936,A
2-PB1,1817,0,2063,0,5,2068,T
2-PB1,1818,1,0,0,2071,2072,C
2-PB1,1819,0,0,0,2085,2085,C
2-PB1,1820,4,1,0,2093,2098,C
2-PB1,1821,0,2095,0,2,2097,T
2-PB1,1822,0,0,2103,0,2103,G
2-PB1,1823,2100,1,0,0,2101,A
2-PB1,1824,2094,1,0,0,2095,A
2-PB1,1825,0,0,2100,0,2100,G
2-PB1,1826,0,2002,0,0,2002,T
2-PB1,1827,3,1,0,2002,2006,C
2-PB1,1828,0,1970,0,1,1971,T
2-PB1,1829,1,0,2011,0,2012,G
2-PB1,1830,0,0,0,2012,2012,C
2-PB1,1831,0,2014,0,1,2015,T
2-PB1,1832,2,2007,0,6,2015,T
2-PB1,1833,2015,0,1,0,2016,A
2-PB1,1834,2015,0,0,0,2015,A
2-PB1,1835,2014,0,0,0,2014,A
2-PB1,1836,1960,0,1,0,1961,A
2-PB1,1837,1,1975,0,1,1977,T
2-PB1,1838,1,0,1973,1,1975,G
2-PB1,1839,0,0,1984,0,1984,G
2-PB1,1840,0,0,1994,2,1996,G
2-PB1,1841,1989,0,0,1,1990,A
2-PB1,1842,0,0,2004,0,2004,G
2-PB1,1843,2,0,3,1992,1997,C
2-PB1,1844,0,1995,0,0,1995,T
2-PB1,1845,21,0,1980,0,2001,G
2-PB1,1846,2007,0,1,0,2008,A
2-PB1,1847,0,1999,0,1,2000,T
2-PB1,1848,0,2,2013,0,2015,G
2-PB1,1849,0,1,2012,0,2013,G
2-PB1,1850,2003,1,1,0,2005,A
2-PB1,1851,1,2001,0,1,2003,T
2-PB1,1852,0,5,2000,0,2005,G
2-PB1,1853,1998,0,1,0,1999,A
2-PB1,1854,0,3,2033,0,2036,G
2-PB1,1855,2034,1,0,0,2035,A
2-PB1,1856,2032,0,1,0,2033,A
2-PB1,1857,0,2017,1,2,2020,T
2-PB1,1858,0,2012,0,0,2012,T
2-PB1,1859,2014,0,1,0,2015,A
2-PB1,1860,5,2006,0,0,2011,T
2-PB1,1861,0,0,1,2004,2005,C
2-PB1,1862,2,5,2008,0,2015,G
2-PB1,1863,1,3,1981,0,1985,G
2-PB1,1864,0,2,1980,0,1982,G
2-PB1,1865,0,2,1987,0,1989,G
2-PB1,1866,1982,0,1,0,1983,A
2-PB1,1867,1985,0,2,0,1987,A
2-PB1,1868,0,2,2004,0,2006,G
2-PB1,1869,2023,0,1,0,2024,A
2-PB1,1870,0,0,0,2028,2028,C
2-PB1,1871,1,2003,0,2,2006,T
2-PB1,1872,0,2049,1,1,2051,T
2-PB1,1873,0,2049,0,2,2051,T
2-PB1,1874,0,0,2060,0,2060,G
2-PB1,1875,0,2057,0,5,2062,T
2-PB1,1876,2049,0,1,0,2050,A
2-PB1,1877,2041,0,0,3,2044,A
2-PB1,1878,1,2004,0,1,2006,T
2-PB1,1879,2,0,0,2020,2022,C
2-PB1,1880,2,0,0,2016,2018,C
2-PB1,1881,1,0,0,2016,2017,C
2-PB1,1882,3,2,0,2022,2027,C
2-PB1,1883,0,2011,0,3,2014,T
2-PB1,1884,1,2,2015,0,2018,G
2-PB1,1885,2015,0,1,0,2016,A
2-PB1,1886,2023,0,0,0,2023,A
2-PB1,1887,1,2025,0,0,2026,T
2-PB1,1888,2,1,0,2001,2004,C
2-PB1,1889,5,4,0,1984,1993,C
2-PB1,1890,2,1,0,1980,1983,C
2-PB1,1891,0,1974,0,2,1976,T
2-PB1,1892,0,1977,0,0,1977,T
2-PB1,1893,1,1973,0,0,1974,T
2-PB1,1894,1,0,1970,0,1971,G
2-PB1,1895,1,1945,1,20,1967,T
2-PB1,1896,3,0,1,1959,1963,C
2-PB1,1897,1946,0,2,0,1948,A
2-PB1,1898,1,0,1978,0,1979,G
2-PB1,1899,1,0,0,1973,1974,C
2-PB1,1900,1,0,0,1964,1965,C
2-PB1,1901,1973,0,1,0,1974,A
2-PB1,1902,0,1974,0,1,1975,T
2-PB1,1903,1978,0,0,0,1978,A
2-PB1,1904,1976,0,0,0,1976,A
2-PB1,1905,1978,0,1,1,1980,A
2-PB1,1906,0,1,2007,0,2008,G
2-PB1,1907,1945,0,0,1,1946,A
2-PB1,1908,1950,0,1,0,1951,A
2-PB1,1909,1949,1,0,0,1950,A
2-PB1,1910,1,1945,1,2,1949,T
2-PB1,1911,1,1945,0,2,1948,T
2-PB1,1912,0,2,1951,0,1953,G
2-PB1,1913,1936,1,0,0,1937,A
2-PB1,1914,1,0,1956,0,1957,G
2-PB1,1915,0,1951,0,1,1952,T
2-PB1,1916,1,0,2,1964,1967,C
2-PB1,1917,0,1954,0,1,1955,T
2-PB1,1918,2,1,1992,0,1995,G
2-PB1,1919,1,1987,0,3,1991,T
2-PB1,1920,2022,0,0,0,2022,A
2-PB1,1921,2019,0,3,0,2022,A
2-PB1,1922,2015,1,1,2,2019,A
2-PB1,1923,0,0,0,2033,2033,C
2-PB1,1924,1980,1,1,0,1982,A
2-PB1,1925,2025,0,0,0,2025,A
2-PB1,1926,1,2022,0,1,2024,T
2-PB1,1927,0,1,2007,0,2008,G
2-PB1,1928,0,0,0,2025,2025,C
2-PB1,1929,0,2003,0,0,2003,T
2-PB1,1930,0,0,2061,0,2061,G
2-PB1,1931,0,2058,0,2,2060,T
2-PB1,1932,2090,2,0,0,2092,A
2-PB1,1933,3,0,2091,0,2094,G
2-PB1,1934,0,2032,0,0,2032,T
2-PB1,1935,2018,0,0,1,2019,A
2-PB1,1936,2018,0,1,1,2020,A
2-PB1,1937,0,1993,0,0,1993,T
2-PB1,1938,0,0,1987,1,1988,G
2-PB1,1939,0,0,0,1956,1956,C
2-PB1,1940,0,0,0,1931,1931,C
2-PB1,1941,1893,0,2,0,1895,A
2-PB1,1942,0,1,1926,0,1927,G
2-PB1,1943,0,0,0,1964,1964,C
2-PB1,1944,1,0,0,1977,1978,C
2-PB1,1945,2,1,0,1972,1975,C
2-PB1,1946,1962,0,0,0,1962,A
2-PB1,1947,1,1963,0,2,1966,T
2-PB1,1948,1,2,1962,0,1965,G
2-PB1,1949,2,0,1990,0,1992,G
2-PB1,1950,1,1987,0,1,1989,T
2-PB1,1951,4,0,0,1937,1941,C
2-PB1,1952,1,2,0,1910,1913,C
2-PB1,1953,0,1899,1,3,1903,T
2-PB1,1954,1,0,1937,0,1938,G
2-PB1,1955,1,1,0,1930,1932,C
2-PB1,1956,2,1,0,1937,1940,C
2-PB1,1957,1934,0,0,0,1934,A
2-PB1,1958,1916,0,0,0,1916,A
2-PB1,1959,1920,0,0,0,1920,A
2-PB1,1960,1922,0,0,0,1922,A
2-PB1,1961,0,1,1935,0,1936,G
2-PB1,1962,0,1901,0,5,1906,T
2-PB1,1963,1903,0,0,0,1903,A
2-PB1,1964,1,1899,0,0,1900,T
2-PB1,1965,0,6,1892,0,1898,G
2-PB1,1966,0,3,1930,0,1933,G
2-PB1,1967,1925,0,1,0,1926,A
2-PB1,1968,1942,0,2,0,1944,A
2-PB1,1969,0,1921,0,7,1928,T
2-PB1,1970,1896,0,0,0,1896,A
2-PB1,1971,0,1897,0,0,1897,T
2-PB1,1972,0,3,1881,0,1884,G
2-PB1,1973,1884,1,1,0,1886,A
2-PB1,1974,1,1880,0,0,1881,T
2-PB1,1975,0,0,1831,0,1831,G
2-PB1,1976,0,1,0,1829,1830,C
2-PB1,1977,3,2,0,1813,1818,C
2-PB1,1978,2,0,1815,0,1817,G
2-PB1,1979,0,1808,0,1,1809,T
2-PB1,1980,1,1811,0,2,1814,T
2-PB1,1981,2,0,1812,1,1815,G
2-PB1,1982,0,0,0,1838,1838,C
2-PB1,1983,1834,1,1,0,1836,A
2-PB1,1984,1859,0,0,0,1859,A
2-PB1,1985,0,0,1,1876,1877,C
2-PB1,1986,0,1861,0,1,1862,T
2-PB1,1987,1867,2,1,0,1870,A
2-PB1,1988,1,0,0,1865,1866,C
2-PB1,1989,1869,0,0,0,1869,A
2-PB1,1990,0,0,0,1869,1869,C
2-PB1,1991,1809,0,0,0,1809,A
2-PB1,1992,0,0,0,1928,1928,C
2-PB1,1993,0,1895,0,1,1896,T
2-PB1,1994,2,1,0,1914,1917,C
2-PB1,1995,1,0,1,1913,1915,C
2-PB1,1996,0,1902,0,1,1903,T
2-PB1,1997,0,3,1902,0,1905,G
2-PB1,1998,0,1,1902,0,1903,G
2-PB1,1999,1894,0,4,0,1898,A
2-PB1,2000,1,1891,0,1,1893,T
2-PB1,2001,0,1751,0,1,1752,T
2-PB1,2002,3,0,0,1764,1767,C
2-PB1,2003,3,4,0,1750,1757,C
2-PB1,2004,0,0,0,1761,1761,C
2-PB1,2005,1766,0,0,0,1766,A
2-PB1,2006,1768,0,0,0,1768,A
2-PB1,2007,0,1,1770,0,1771,G
2-PB1,2008,1764,0,0,0,1764,A
2-PB1,2009,0,0,1758,0,1758,G
2-PB1,2010,0,0,1758,0,1758,G
2-PB1,2011,1730,0,1,0,1731,A
2-PB1,2012,1727,0,2,0,1729,A
2-PB1,2013,0,0,0,1733,1733,C
2-PB1,2014,1,2,0,1719,1722,C
2-PB1,2015,1,0,1748,0,1749,G
2-PB1,2016,0,0,0,1744,1744,C
2-PB1,2017,0,1743,0,0,1743,T
2-PB1,2018,0,0,0,1754,1754,C
2-PB1,2019,0,1738,0,6,1744,T
2-PB1,2020,1860,0,1,0,1861,A
2-PB1,2021,0,1861,1,1,1863,T
2-PB1,2022,2,1873,1,0,1876,T
2-PB1,2023,0,0,0,1875,1875,C
2-PB1,2024,0,1798,0,3,1801,T
2-PB1,2025,1807,0,0,1,1808,A
2-PB1,2026,1806,0,2,0,1808,A
2-PB1,2027,1808,0,2,0,1810,A
2-PB1,2028,0,0,0,1814,1814,C
2-PB1,2029,1689,2,0,0,1691,A
2-PB1,2030,0,1,0,1686,1687,C
2-PB1,2031,1664,0,1,0,1665,A
2-PB1,2032,1674,0,3,0,1677,A
2-PB1,2033,1,0,1684,0,1685,G
2-PB1,2034,0,0,0,1691,1691,C
2-PB1,2035,0,1,0,1694,1695,C
2-PB1,2036,1684,0,1,0,1685,A
2-PB1,2037,1683,1,1,0,1685,A
2-PB1,2038,1679,0,5,0,1684,A
2-PB1,2039,0,2,1690,0,1692,G
2-PB1,2040,0,3,1688,0,1691,G
2-PB1,2041,4,4,1664,0,1672,G
2-PB1,2042,3,3,1664,0,1670,G
2-PB1,2043,1664,0,0,0,1664,A
2-PB1,2044,1670,0,0,0,1670,A
2-PB1,2045,0,1673,0,0,1673,T
2-PB1,2046,0,1670,0,1,1671,T
2-PB1,2047,0,0,1,1670,1671,C
2-PB1,2048,0,1654,0,1,1655,T
2-PB1,2049,0,1654,0,0,1654,T
2-PB1,2050,0,1,1654,0,1655,G
2-PB1,2051,1660,0,1,1,1662,A
2-PB1,2052,0,0,1664,0,1664,G
2-PB1,2053,0,2,1658,0,1660,G
2-PB1,2054,1649,0,1,0,1650,A
2-PB1,2055,1,1634,0,6,1641,T
2-PB1,2056,2,2,1646,0,1650,G
2-PB1,2057,1645,0,1,0,1646,A
2-PB1,2058,1643,0,5,0,1648,A
2-PB1,2059,0,1,0,1655,1656,C
2-PB1,2060,1631,0,2,0,1633,A
2-PB1,2061,1,0,1654,0,1655,G
2-PB1,2062,1647,0,3,0,1650,A
2-PB1,2063,1,1641,0,1,1643,T
2-PB1,2064,0,0,1641,0,1641,G
2-PB1,2065,0,1677,0,5,1682,T
2-PB1,2066,1685,0,3,0,1688,A
2-PB1,2067,0,0,0,1682,1682,C
2-PB1,2068,1,1,0,1670,1672,C
2-PB1,2069,1655,0,0,0,1655,A
2-PB1,2070,1,0,1639,0,1640,G
2-PB1,2071,1615,1,1,0,1617,A
2-PB1,2072,1617,0,0,0,1617,A
2-PB1,2073,0,2,1626,1,1629,G
2-PB1,2074,0,1540,1,2,1543,T
2-PB1,2075,1,0,1544,0,1545,G
2-PB1,2076,0,0,0,1551,1551,C
2-PB1,2077,0,1546,0,2,1548,T
2-PB1,2078,1,1,1543,0,1545,G
2-PB1,2079,1,1,1,1541,1544,C
2-PB1,2080,1541,0,0,0,1541,A
2-PB1,2081,1541,0,1,0,1542,A
2-PB1,2082,0,1,0,1521,1522,C
2-PB1,2083,0,1513,0,3,1516,T
2-PB1,2084,0,1508,0,0,1508,T
2-PB1,2085,0,0,1507,0,1507,G
2-PB1,2086,0,1506,0,0,1506,T
2-PB1,2087,0,1504,0,0,1504,T
2-PB1,2088,2,0,0,1502,1504,C
2-PB1,2089,0,2,1498,1,1501,G
2-PB1,2090,1498,0,0,0,1498,A
2-PB1,2091,0,1,1499,0,1500,G
2-PB1,2092,1501,0,0,1,1502,A
2-PB1,2093,1497,0,0,0,1497,A
2-PB1,2094,1500,0,1,0,1501,A
2-PB1,2095,0,1498,0,0,1498,T
2-PB1,2096,0,1503,0,0,1503,T
2-PB1,2097,0,1501,0,0,1501,T
2-PB1,2098,0,1497,0,1,1498,T
2-PB1,2099,0,1496,0,1,1497,T
2-PB1,2100,1,0,0,1501,1502,C
2-PB1,2101,1,1,1,1498,1501,C
2-PB1,2102,6,0,0,1503,1509,C
2-PB1,2103,0,1503,0,1,1504,T
2-PB1,2104,1499,0,1,0,1500,A
2-PB1,2105,0,1,1502,0,1503,G
2-PB1,2106,0,1501,0,3,1504,T
2-PB1,2107,1518,0,1,0,1519,A
2-PB1,2108,1,0,1522,0,1523,G
2-PB1,2109,0,1507,0,0,1507,T
2-PB1,2110,0,1550,0,0,1550,T
2-PB1,2111,2,0,0,1554,1556,C
2-PB1,2112,1580,0,3,0,1583,A
2-PB1,2113,0,1582,0,1,1583,T
2-PB1,2114,1579,0,0,0,1579,A
2-PB1,2115,0,1577,0,2,1579,T
2-PB1,2116,1530,0,1,0,1531,A
2-PB1,2117,0,0,1526,0,1526,G
2-PB1,2118,0,0,1511,0,1511,G
2-PB1,2119,1337,0,3,0,1340,A
2-PB1,2120,0,2,1336,0,1338,G
2-PB1,2121,1250,0,4,0,1254,A
2-PB1,2122,0,1,0,1251,1252,C
2-PB1,2123,0,1,0,1209,1210,C
2-PB1,2124,1,1,1213,0,1215,G
2-PB1,2125,1214,0,0,0,1214,A
2-PB1,2126,0,1205,0,0,1205,T
2-PB1,2127,0,1208,0,0,1208,T
2-PB1,2128,0,0,1207,0,1207,G
2-PB1,2129,0,1,1201,0,1202,G
2-PB1,2130,1207,0,0,0,1207,A
2-PB1,2131,1203,0,1,3,1207,A
2-PB1,2132,0,1199,0,1,1200,T
2-PB1,2133,1,1199,0,3,1203,T
2-PB1,2134,0,1201,0,0,1201,T
2-PB1,2135,2,0,0,1201,1203,C
2-PB1,2136,0,1200,0,2,1202,T
2-PB1,2137,1190,1,1,0,1192,A
2-PB1,2138,0,0,1199,0,1199,G
2-PB1,2139,0,0,0,1193,1193,C
2-PB1,2140,1193,0,0,0,1193,A
2-PB1,2141,0,1185,1,0,1186,T
2-PB1,2142,0,1,1184,0,1185,G
2-PB1,2143,1,0,1205,0,1206,G
2-PB1,2144,0,1202,0,1,1203,T
2-PB1,2145,0,2,1198,0,1200,G
2-PB1,2146,0,1,1197,0,1198,G
2-PB1,2147,1184,0,4,0,1188,A
2-PB1,2148,1,0,1190,0,1191,G
2-PB1,2149,0,0,1187,0,1187,G
2-PB1,2150,0,0,0,1184,1184,C
2-PB1,2151,1,1,0,1164,1166,C
2-PB1,2152,1105,0,0,0,1105,A
2-PB1,2153,0,1101,0,0,1101,T
2-PB1,2154,1,0,1103,0,1104,G
2-PB1,2155,0,1,1107,0,1108,G
2-PB1,2156,0,1085,0,0,1085,T
2-PB1,2157,1,0,1093,1,1095,G
2-PB1,2158,0,1079,0,2,1081,T
2-PB1,2159,2,1,0,1068,1071,C
2-PB1,2160,2,1072,0,0,1074,T
2-PB1,2161,1066,0,1,0,1067,A
2-PB1,2162,9,0,1060,0,1069,G
2-PB1,2163,0,1,1047,0,1048,G
2-PB1,2164,0,0,1038,0,1038,G
2-PB1,2165,0,0,0,1013,1013,C
2-PB1,2166,0,0,0,966,966,C
2-PB1,2167,0,2,1,943,946,C
2-PB1,2168,0,0,940,0,940,G
2-PB1,2169,1,0,940,0,941,G
2-PB1,2170,941,0,1,0,942,A
2-PB1,2171,0,941,0,0,941,T
2-PB1,2172,0,901,0,0,901,T
2-PB1,2173,1,1,893,0,895,G
2-PB1,2174,892,0,0,0,892,A
2-PB1,2175,1,892,0,0,893,T
2-PB1,2176,0,0,888,0,888,G
2-PB1,2177,0,1,0,883,884,C
2-PB1,2178,0,0,0,885,885,C
2-PB1,2179,879,1,1,0,881,A
2-PB1,2180,0,0,883,0,883,G
2-PB1,2181,878,0,1,0,879,A
2-PB1,2182,875,0,0,0,875,A
2-PB1,2183,0,879,0,0,879,T
2-PB1,2184,0,862,0,1,863,T
2-PB1,2185,0,1,863,0,864,G
2-PB1,2186,859,0,0,0,859,A
2-PB1,2187,0,0,0,861,861,C
2-PB1,2188,0,851,1,0,852,T
2-PB1,2189,0,840,0,1,841,T
2-PB1,2190,0,0,0,841,841,C
2-PB1,2191,0,0,838,0,838,G
2-PB1,2192,835,0,0,0,835,A
2-PB1,2193,0,0,812,0,812,G
2-PB1,2194,7,54,0,750,811,C
2-PB1,2195,1,5,0,825,831,C
2-PB1,2196,0,831,0,1,832,T
2-PB1,2197,0,0,833,0,833,G
2-PB1,2198,0,0,831,0,831,G
2-PB1,2199,828,0,0,0,828,A
2-PB1,2200,752,1,0,0,753,A
2-PB1,2201,1,2,750,0,753,G
2-PB1,2202,0,0,754,0,754,G
2-PB1,2203,755,0,0,0,755,A
2-PB1,2204,0,752,0,0,752,T
2-PB1,2205,0,749,0,0,749,T
2-PB1,2206,749,0,0,0,749,A
2-PB1,2207,748,0,0,0,748,A
2-PB1,2208,687,0,0,0,687,A
2-PB1,2209,690,0,0,0,690,A
2-PB1,2210,688,0,2,0,690,A
2-PB1,2211,0,1,689,0,690,G
2-PB1,2212,0,0,687,0,687,G
2-PB1,2213,685,0,0,0,685,A
2-PB1,2214,685,0,0,0,685,A
2-PB1,2215,0,0,684,0,684,G
2-PB1,2216,634,0,0,0,634,A
2-PB1,2217,0,0,635,0,635,G
2-PB1,2218,0,624,0,1,625,T
2-PB1,2219,0,623,0,0,623,T
2-PB1,2220,0,0,0,629,629,C
2-PB1,2221,0,611,0,0,611,T
2-PB1,2222,1,0,0,614,615,C
2-PB1,2223,0,614,0,0,614,T
2-PB1,2224,0,0,610,0,610,G
2-PB1,2225,600,0,0,0,600,A
2-PB1,2226,0,0,591,0,591,G
2-PB1,2227,584,0,0,0,584,A
2-PB1,2228,0,576,0,0,576,T
2-PB1,2229,0,0,0,552,552,C
2-PB1,2230,555,0,0,0,555,A
2-PB1,2231,0,553,0,0,553,T
2-PB1,2232,1,0,550,0,551,G
2-PB1,2233,552,0,0,0,552,A
2-PB1,2234,545,0,0,0,545,A
2-PB1,2235,0,0,536,0,536,G
2-PB1,2236,527,0,0,0,527,A
2-PB1,2237,0,520,0,0,520,T
2-PB1,2238,0,0,0,518,518,C
2-PB1,2239,1,490,0,0,491,T
2-PB1,2240,0,0,491,0,491,G
2-PB1,2241,0,492,0,0,492,T
2-PB1,2242,0,492,0,0,492,T
2-PB1,2243,1,0,0,490,491,C
2-PB1,2244,1,0,0,474,475,C
2-PB1,2245,473,0,0,0,473,A
2-PB1,2246,0,0,0,475,475,C
2-PB1,2247,0,0,1,448,449,C
2-PB1,2248,438,0,0,0,438,A
2-PB1,2249,0,410,0,0,410,T
2-PB1,2250,1,396,0,0,397,T
2-PB1,2251,0,0,396,0,396,G
2-PB1,2252,391,0,1,0,392,A
2-PB1,2253,394,0,0,0,394,A
2-PB1,2254,0,1,392,0,393,G
2-PB1,2255,338,0,0,0,338,A
2-PB1,2256,339,0,0,0,339,A
2-PB1,2257,0,0,0,337,337,C
2-PB1,2258,0,326,0,1,327,T
2-PB1,2259,1,0,0,326,327,C
2-PB1,2260,313,0,0,0,313,A
2-PB1,2261,0,0,313,0,313,G
2-PB1,2262,311,0,0,0,311,A
2-PB1,2263,0,0,0,299,299,C
2-PB1,2264,0,1,294,0,295,G
2-PB1,2265,1,0,291,0,292,G
2-PB1,2266,0,1,0,293,294,C
2-PB1,2267,294,0,0,0,294,A
2-PB1,2268,292,0,0,0,292,A
2-PB1,2269,292,0,0,0,292,A
2-PB1,2270,290,0,0,0,290,A
2-PB1,2271,291,1,0,0,292,A
2-PB1,2272,0,286,0,0,286,T
2-PB1,2273,277,0,0,0,277,A
2-PB1,2274,275,0,0,0,275,A
3-PA,1,48,0,0,0,48,A
3-PA,2,0,49,0,0,49,T
3-PA,3,0,0,56,0,56,G
3-PA,4,0,0,57,0,57,G
3-PA,5,57,0,0,0,57,A
3-PA,6,58,0,0,0,58,A
3-PA,7,0,0,59,0,59,G
3-PA,8,62,0,0,0,62,A
3-PA,9,0,61,0,0,61,T
3-PA,10,0,62,0,0,62,T
3-PA,11,0,61,0,0,61,T
3-PA,12,0,61,0,0,61,T
3-PA,13,0,0,66,0,66,G
3-PA,14,0,65,0,0,65,T
3-PA,15,0,0,66,0,66,G
3-PA,16,0,1,0,67,68,C
3-PA,17,0,0,67,0,67,G
3-PA,18,72,0,0,0,72,A
3-PA,19,0,0,0,72,72,C
3-PA,20,73,0,0,0,73,A
3-PA,21,73,0,0,0,73,A
3-PA,22,0,77,0,0,77,T
3-PA,23,0,0,88,0,88,G
3-PA,24,0,0,0,87,87,C
3-PA,25,0,88,0,0,88,T
3-PA,26,0,87,0,0,87,T
3-PA,27,0,0,0,90,90,C
3-PA,28,88,0,0,0,88,A
3-PA,29,95,0,0,0,95,A
3-PA,30,0,0,0,98,98,C
3-PA,31,0,0,0,98,98,C
3-PA,32,1,0,0,95,96,C
3-PA,33,0,0,98,0,98,G
3-PA,34,97,0,0,0,97,A
3-PA,35,0,98,0,0,98,T
3-PA,36,0,0,99,0,99,G
3-PA,37,102,0,0,0,102,A
3-PA,38,0,108,0,0,108,T
3-PA,39,0,108,0,0,108,T
3-PA,40,0,0,109,0,109,G
3-PA,41,1,108,0,0,109,T
3-PA,42,0,0,0,108,108,C
3-PA,43,0,0,109,0,109,G
3-PA,44,109,0,0,0,109,A
3-PA,45,109,0,0,0,109,A
3-PA,46,0,0,0,110,110,C
3-PA,47,0,110,0,0,110,T
3-PA,48,0,111,0,0,111,T
3-PA,49,1,0,111,0,112,G
3-PA,50,0,0,0,110,110,C
3-PA,51,110,0,1,0,111,A
3-PA,52,0,0,112,0,112,G
3-PA,53,112,0,0,0,112,A
3-PA,54,111,0,0,0,111,A
3-PA,55,109,0,0,0,109,A
3-PA,56,113,0,0,0,113,A
3-PA,57,114,0,0,0,114,A
3-PA,58,0,0,117,0,117,G
3-PA,59,0,0,0,121,121,C
3-PA,60,120,0,0,0,120,A
3-PA,61,127,0,0,0,127,A
3-PA,62,0,127,0,0,127,T
3-PA,63,0,0,130,0,130,G
3-PA,64,130,0,0,0,130,A
3-PA,65,130,0,1,0,131,A
3-PA,66,128,0,1,0,129,A
3-PA,67,0,0,138,0,138,G
3-PA,68,147,0,0,0,147,A
3-PA,69,0,0,168,0,168,G
3-PA,70,0,165,0,1,166,T
3-PA,71,167,0,0,0,167,A
3-PA,72,0,168,0,0,168,T
3-PA,73,0,0,170,0,170,G
3-PA,74,0,0,171,0,171,G
3-PA,75,0,1,171,0,172,G
3-PA,76,0,0,171,0,171,G
3-PA,77,168,0,0,0,168,A
3-PA,78,0,0,168,0,168,G
3-PA,79,0,0,168,0,168,G
3-PA,80,169,0,0,0,169,A
3-PA,81,0,171,0,0,171,T
3-PA,82,1,0,0,170,171,C
3-PA,83,1,168,0,0,169,T
3-PA,84,0,0,170,0,170,G
3-PA,85,169,0,0,0,169,A
3-PA,86,170,0,0,0,170,A
3-PA,87,168,0,0,0,168,A
3-PA,88,168,0,0,0,168,A
3-PA,89,0,167,0,1,168,T
3-PA,90,0,168,0,0,168,T
3-PA,91,0,0,168,0,168,G
3-PA,92,168,0,0,0,168,A
3-PA,93,167,0,1,0,168,A
3-PA,94,168,0,0,0,168,A
3-PA,95,0,0,0,169,169,C
3-PA,96,172,0,0,0,172,A
3-PA,97,172,0,0,0,172,A
3-PA,98,172,0,0,0,172,A
3-PA,99,0,0,0,174,174,C
3-PA,100,174,0,0,0,174,A
3-PA,101,174,0,0,0,174,A
3-PA,102,174,0,0,0,174,A
3-PA,103,0,174,0,0,174,T
3-PA,104,0,177,0,0,177,T
3-PA,105,0,176,0,0,176,T
3-PA,106,0,0,175,0,175,G
3-PA,107,0,0,0,175,175,C
3-PA,108,176,0,1,0,177,A
3-PA,109,0,0,186,0,186,G
3-PA,110,0,0,0,187,187,C
3-PA,111,194,0,0,0,194,A
3-PA,112,197,0,0,0,197,A
3-PA,113,0,196,0,0,196,T
3-PA,114,197,0,1,0,198,A
3-PA,115,0,198,0,0,198,T
3-PA,116,0,0,203,0,203,G
3-PA,117,0,0,0,202,202,C
3-PA,118,202,0,0,0,202,A
3-PA,119,0,0,0,202,202,C
3-PA,120,0,200,0,0,200,T
3-PA,121,0,0,0,234,234,C
3-PA,122,240,0,0,0,240,A
3-PA,123,0,1,0,239,240,C
3-PA,124,0,240,0,0,240,T
3-PA,125,0,240,0,0,240,T
3-PA,126,1,0,238,0,239,G
3-PA,127,0,0,240,0,240,G
3-PA,128,240,0,0,0,240,A
3-PA,129,0,0,240,0,240,G
3-PA,130,0,0,240,0,240,G
3-PA,131,0,238,0,0,238,T
3-PA,132,0,0,253,0,253,G
3-PA,133,0,255,0,0,255,T
3-PA,134,0,0,259,0,259,G
3-PA,135,0,258,0,0,258,T
3-PA,136,0,258,0,0,258,T
3-PA,137,0,259,0,0,259,T
3-PA,138,0,0,0,261,261,C
3-PA,139,259,0,0,0,259,A
3-PA,140,0,259,0,0,259,T
3-PA,141,0,0,267,0,267,G
3-PA,142,0,264,0,0,264,T
3-PA,143,261,0,0,0,261,A
3-PA,144,0,265,0,0,265,T
3-PA,145,0,265,0,0,265,T
3-PA,146,0,0,0,266,266,C
3-PA,147,262,0,0,0,262,A
3-PA,148,0,0,264,0,264,G
3-PA,149,261,0,1,0,262,A
3-PA,150,0,260,0,1,261,T
3-PA,151,0,260,0,0,260,T
3-PA,152,0,262,0,0,262,T
3-PA,153,0,1,0,261,262,C
3-PA,154,0,0,0,275,275,C
3-PA,155,273,0,1,0,274,A
3-PA,156,0,277,0,0,277,T
3-PA,157,1,275,0,0,276,T
3-PA,158,0,276,0,0,276,T
3-PA,159,1,0,0,274,275,C
3-PA,160,270,0,5,0,275,A
3-PA,161,0,286,0,0,286,T
3-PA,162,0,0,0,287,287,C
3-PA,163,287,0,0,0,287,A
3-PA,164,285,0,0,0,285,A
3-PA,165,0,285,0,0,285,T
3-PA,166,0,1,292,0,293,G
3-PA,167,292,0,1,0,293,A
3-PA,168,292,0,0,0,292,A
3-PA,169,0,0,0,294,294,C
3-PA,170,292,0,0,0,292,A
3-PA,171,300,0,0,0,300,A
3-PA,172,0,0,301,0,301,G
3-PA,173,0,0,300,0,300,G
3-PA,174,0,0,0,303,303,C
3-PA,175,0,0,303,0,303,G
3-PA,176,315,0,0,0,315,A
3-PA,177,314,0,0,0,314,A
3-PA,178,0,315,0,0,315,T
3-PA,179,0,0,0,320,320,C
3-PA,180,318,0,0,0,318,A
3-PA,181,317,0,1,0,318,A
3-PA,182,0,318,0,0,318,T
3-PA,183,318,0,0,0,318,A
3-PA,184,1,0,322,0,323,G
3-PA,185,0,322,0,0,322,T
3-PA,186,0,0,322,0,322,G
3-PA,187,1,0,321,0,322,G
3-PA,188,0,321,0,0,321,T
3-PA,189,321,1,1,0,323,A
3-PA,190,0,0,328,0,328,G
3-PA,191,326,0,0,0,326,A
3-PA,192,325,0,0,0,325,A
3-PA,193,0,0,0,327,327,C
3-PA,194,0,318,0,0,318,T
3-PA,195,0,316,0,0,316,T
3-PA,196,0,0,318,0,318,G
3-PA,197,317,0,0,0,317,A
3-PA,198,0,0,0,318,318,C
3-PA,199,0,0,316,0,316,G
3-PA,200,324,1,0,0,325,A
3-PA,201,0,326,0,0,326,T
3-PA,202,1,0,0,332,333,C
3-PA,203,0,0,0,334,334,C
3-PA,204,333,0,0,0,333,A
3-PA,205,334,0,0,0,334,A
3-PA,206,334,0,0,0,334,A
3-PA,207,0,336,0,0,336,T
3-PA,208,0,1,335,0,336,G
3-PA,209,0,0,0,332,332,C
3-PA,210,331,0,0,0,331,A
3-PA,211,0,0,0,343,343,C
3-PA,212,0,339,0,0,339,T
3-PA,213,0,0,383,0,383,G
3-PA,214,0,382,0,1,383,T
3-PA,215,0,383,0,1,384,T
3-PA,216,383,0,0,0,383,A
3-PA,217,383,0,0,0,383,A
3-PA,218,382,0,1,0,383,A
3-PA,219,1,0,384,1,386,G
3-PA,220,0,0,0,383,383,C
3-PA,221,375,0,0,1,376,A
3-PA,222,1,0,0,378,379,C
3-PA,223,361,0,0,0,361,A
3-PA,224,0,1,370,0,371,G
3-PA,225,372,0,0,0,372,A
3-PA,226,0,370,0,0,370,T
3-PA,227,0,371,0,0,371,T
3-PA,228,0,369,0,0,369,T
3-PA,229,1,1,371,0,373,G
3-PA,230,377,0,0,0,377,A
3-PA,231,378,0,0,0,378,A
3-PA,232,378,0,0,0,378,A
3-PA,233,0,365,0,0,365,T
3-PA,234,364,0,0,0,364,A
3-PA,235,370,0,0,0,370,A
3-PA,236,0,369,0,0,369,T
3-PA,237,0,1,0,370,371,C
3-PA,238,0,0,369,0,369,G
3-PA,239,366,0,0,0,366,A
3-PA,240,0,0,371,0,371,G
3-PA,241,0,1,374,0,375,G
3-PA,242,0,1,372,0,373,G
3-PA,243,0,0,375,0,375,G
3-PA,244,374,0,0,0,374,A
3-PA,245,0,0,373,0,373,G
3-PA,246,376,0,2,0,378,A
3-PA,247,0,0,385,0,385,G
3-PA,248,383,0,0,0,383,A
3-PA,249,0,0,0,385,385,C
3-PA,250,378,0,1,0,379,A
3-PA,251,0,2,379,0,381,G
3-PA,252,379,0,1,0,380,A
3-PA,253,390,0,0,0,390,A
3-PA,254,0,0,0,390,390,C
3-PA,255,377,0,0,0,377,A
3-PA,256,375,0,0,0,375,A
3-PA,257,0,373,0,0,373,T
3-PA,258,0,0,412,0,412,G
3-PA,259,0,0,407,0,407,G
3-PA,260,0,0,0,409,409,C
3-PA,261,0,0,0,407,407,C
3-PA,262,0,407,0,0,407,T
3-PA,263,0,0,414,0,414,G
3-PA,264,0,1,412,0,413,G
3-PA,265,414,0,1,0,415,A
3-PA,266,0,0,0,417,417,C
3-PA,267,395,0,0,0,395,A
3-PA,268,0,0,395,0,395,G
3-PA,269,0,394,0,1,395,T
3-PA,270,0,0,388,0,388,G
3-PA,271,0,0,425,0,425,G
3-PA,272,0,426,0,0,426,T
3-PA,273,427,0,0,0,427,A
3-PA,274,426,0,0,0,426,A
3-PA,275,429,0,0,0,429,A
3-PA,276,0,0,0,438,438,C
3-PA,277,417,0,0,0,417,A
3-PA,278,0,0,430,0,430,G
3-PA,279,0,424,0,0,424,T
3-PA,280,434,0,0,0,434,A
3-PA,281,0,428,0,3,431,T
3-PA,282,1,0,0,435,436,C
3-PA,283,0,438,0,0,438,T
3-PA,284,0,1,437,0,438,G
3-PA,285,0,1,0,439,440,C
3-PA,286,436,1,0,0,437,A
3-PA,287,434,0,1,0,435,A
3-PA,288,0,0,0,439,439,C
3-PA,289,435,0,0,0,435,A
3-PA,290,0,0,0,459,459,C
3-PA,291,0,453,0,0,453,T
3-PA,292,457,0,0,0,457,A
3-PA,293,0,0,0,457,457,C
3-PA,294,0,455,0,0,455,T
3-PA,295,0,2,454,0,456,G
3-PA,296,0,0,456,0,456,G
3-PA,297,452,0,0,0,452,A
3-PA,298,0,0,451,0,451,G
3-PA,299,0,0,0,444,444,C
3-PA,300,0,443,0,0,443,T
3-PA,301,0,0,442,0,442,G
3-PA,302,0,0,443,0,443,G
3-PA,303,0,0,439,0,439,G
3-PA,304,440,0,0,0,440,A
3-PA,305,441,0,0,0,441,A
3-PA,306,442,0,0,0,442,A
3-PA,307,0,0,0,439,439,C
3-PA,308,0,0,0,442,442,C
3-PA,309,0,1,441,0,442,G
3-PA,310,441,0,0,0,441,A
3-PA,311,440,0,0,0,440,A
3-PA,312,0,0,447,0,447,G
3-PA,313,0,446,0,0,446,T
3-PA,314,0,444,0,0,444,T
3-PA,315,0,443,0,0,443,T
3-PA,316,0,0,0,445,445,C
3-PA,317,0,444,1,0,445,T
3-PA,318,448,0,0,0,448,A
3-PA,319,0,0,0,446,446,C
3-PA,320,0,0,0,445,445,C
3-PA,321,447,0,0,0,447,A
3-PA,322,0,0,466,0,466,G
3-PA,323,473,0,0,0,473,A
3-PA,324,0,473,0,0,473,T
3-PA,325,0,469,1,1,471,T
3-PA,326,0,473,0,0,473,T
3-PA,327,466,0,0,0,466,A
3-PA,328,0,470,0,0,470,T
3-PA,329,470,0,0,0,470,A
3-PA,330,0,475,0,0,475,T
3-PA,331,0,0,465,0,465,G
3-PA,332,480,0,0,0,480,A
3-PA,333,0,477,0,0,477,T
3-PA,334,3,474,0,1,478,T
3-PA,335,479,0,0,0,479,A
3-PA,336,0,0,0,478,478,C
3-PA,337,477,0,0,0,477,A
3-PA,338,476,0,0,0,476,A
3-PA,339,0,0,481,0,481,G
3-PA,340,0,0,481,0,481,G
3-PA,341,462,0,1,0,463,A
3-PA,342,0,1,470,0,471,G
3-PA,343,471,0,1,0,472,A
3-PA,344,470,0,0,0,470,A
3-PA,345,0,0,0,470,470,C
3-PA,346,461,0,0,0,461,A
3-PA,347,0,1,464,0,465,G
3-PA,348,464,0,0,0,464,A
3-PA,349,0,459,0,0,459,T
3-PA,350,0,459,0,0,459,T
3-PA,351,1,0,0,453,454,C
3-PA,352,456,0,0,0,456,A
3-PA,353,0,457,0,0,457,T
3-PA,354,0,0,0,457,457,C
3-PA,355,0,0,456,1,457,G
3-PA,356,460,0,0,0,460,A
3-PA,357,458,0,0,0,458,A
3-PA,358,460,0,0,0,460,A
3-PA,359,0,459,1,0,460,T
3-PA,360,0,457,0,0,457,T
3-PA,361,0,0,459,0,459,G
3-PA,362,0,3,453,0,456,G
3-PA,363,0,2,456,0,458,G
3-PA,364,0,0,460,0,460,G
3-PA,365,0,451,0,1,452,T
3-PA,366,0,0,455,0,455,G
3-PA,367,455,0,1,0,456,A
3-PA,368,0,0,0,457,457,C
3-PA,369,459,0,0,0,459,A
3-PA,370,454,0,0,0,454,A
3-PA,371,0,0,459,0,459,G
3-PA,372,0,0,459,0,459,G
3-PA,373,459,0,0,0,459,A
3-PA,374,0,0,460,0,460,G
3-PA,375,450,0,1,0,451,A
3-PA,376,0,0,453,0,453,G
3-PA,377,442,0,0,0,442,A
3-PA,378,443,0,1,0,444,A
3-PA,379,0,1,453,0,454,G
3-PA,380,0,448,0,0,448,T
3-PA,381,0,0,0,455,455,C
3-PA,382,0,0,0,457,457,C
3-PA,383,454,0,0,0,454,A
3-PA,384,0,0,0,462,462,C
3-PA,385,477,0,0,0,477,A
3-PA,386,0,494,0,0,494,T
3-PA,387,520,0,0,0,520,A
3-PA,388,0,505,0,0,505,T
3-PA,389,508,0,0,0,508,A
3-PA,390,0,495,0,0,495,T
3-PA,391,0,494,0,0,494,T
3-PA,392,520,0,0,0,520,A
3-PA,393,0,0,0,519,519,C
3-PA,394,0,0,0,502,502,C
3-PA,395,0,488,0,0,488,T
3-PA,396,0,473,0,0,473,T
3-PA,397,1,1,471,0,473,G
3-PA,398,469,0,0,0,469,A
3-PA,399,0,0,442,0,442,G
3-PA,400,446,0,0,0,446,A
3-PA,401,446,0,1,0,447,A
3-PA,402,0,0,449,0,449,G
3-PA,403,0,1,450,0,451,G
3-PA,404,0,0,0,449,449,C
3-PA,405,0,0,0,452,452,C
3-PA,406,452,0,0,0,452,A
3-PA,407,452,0,0,0,452,A
3-PA,408,0,453,0,0,453,T
3-PA,409,453,0,0,0,453,A
3-PA,410,452,0,0,0,452,A
3-PA,411,0,0,459,0,459,G
3-PA,412,455,0,0,0,455,A
3-PA,413,0,455,0,0,455,T
3-PA,414,1,454,0,0,455,T
3-PA,415,454,0,0,0,454,A
3-PA,416,452,0,0,0,452,A
3-PA,417,455,0,0,0,455,A
3-PA,418,0,454,0,0,454,T
3-PA,419,0,0,0,455,455,C
3-PA,420,0,452,0,0,452,T
3-PA,421,0,0,456,0,456,G
3-PA,422,457,0,0,0,457,A
3-PA,423,0,0,459,0,459,G
3-PA,424,459,0,0,0,459,A
3-PA,425,456,0,1,1,458,A
3-PA,426,0,0,0,459,459,C
3-PA,427,458,1,0,0,459,A
3-PA,428,0,0,0,459,459,C
3-PA,429,460,0,0,0,460,A
3-PA,430,0,2,0,463,465,C
3-PA,431,465,0,0,0,465,A
3-PA,432,0,0,0,482,482,C
3-PA,433,479,0,0,0,479,A
3-PA,434,0,478,0,0,478,T
3-PA,435,0,475,0,1,476,T
3-PA,436,1,0,0,475,476,C
3-PA,437,474,0,1,0,475,A
3-PA,438,0,0,0,481,481,C
3-PA,439,472,1,0,0,473,A
3-PA,440,0,471,0,0,471,T
3-PA,441,0,461,0,0,461,T
3-PA,442,0,472,0,0,472,T
3-PA,443,0,475,0,0,475,T
3-PA,444,0,0,0,478,478,C
3-PA,445,0,475,0,2,477,T
3-PA,446,0,1,0,476,477,C
3-PA,447,475,0,1,0,476,A
3-PA,448,0,472,0,1,473,T
3-PA,449,0,481,0,0,481,T
3-PA,450,0,0,0,482,482,C
3-PA,451,478,0,0,0,478,A
3-PA,452,0,0,0,483,483,C
3-PA,453,0,479,0,0,479,T
3-PA,454,0,0,478,0,478,G
3-PA,455,0,1,478,0,479,G
3-PA,456,473,0,0,0,473,A
3-PA,457,0,1,486,0,487,G
3-PA,458,485,0,1,0,486,A
3-PA,459,0,0,487,0,487,G
3-PA,460,0,0,486,0,486,G
3-PA,461,482,0,0,0,482,A
3-PA,462,481,0,1,0,482,A
3-PA,463,478,1,1,0,480,A
3-PA,464,0,477,0,0,477,T
3-PA,465,0,0,479,0,479,G
3-PA,466,0,0,478,0,478,G
3-PA,467,0,0,0,478,478,C
3-PA,468,0,0,0,479,479,C
3-PA,469,475,0,1,0,476,A
3-PA,470,0,0,0,480,480,C
3-PA,471,480,0,0,0,480,A
3-PA,472,481,1,0,0,482,A
3-PA,473,479,0,0,0,479,A
3-PA,474,1,0,483,0,484,G
3-PA,475,0,0,482,0,482,G
3-PA,476,0,0,0,485,485,C
3-PA,477,483,0,0,0,483,A
3-PA,478,0,0,487,0,487,G
3-PA,479,480,0,0,0,480,A
3-PA,480,0,0,0,491,491,C
3-PA,481,0,487,0,0,487,T
3-PA,482,486,0,0,0,486,A
3-PA,483,0,0,0,484,484,C
3-PA,484,478,0,1,0,479,A
3-PA,485,0,0,0,480,480,C
3-PA,486,0,470,0,0,470,T
3-PA,487,0,0,0,471,471,C
3-PA,488,1,465,0,1,467,T
3-PA,489,0,0,0,463,463,C
3-PA,490,0,0,465,0,465,G
3-PA,491,466,0,0,0,466,A
3-PA,492,0,0,0,465,465,C
3-PA,493,0,0,469,0,469,G
3-PA,494,466,0,0,0,466,A
3-PA,495,0,0,468,0,468,G
3-PA,496,0,0,466,0,466,G
3-PA,497,463,0,0,0,463,A
3-PA,498,465,0,0,0,465,A
3-PA,499,466,0,0,0,466,A
3-PA,500,0,0,467,0,467,G
3-PA,501,0,0,0,468,468,C
3-PA,502,463,0,0,0,463,A
3-PA,503,0,0,466,0,466,G
3-PA,504,1,0,470,0,471,G
3-PA,505,0,0,474,0,474,G
3-PA,506,0,1,0,472,473,C
3-PA,507,0,471,0,0,471,T
3-PA,508,467,0,0,0,467,A
3-PA,509,0,1,476,0,477,G
3-PA,510,0,0,501,0,501,G
3-PA,511,502,0,0,0,502,A
3-PA,512,0,492,0,0,492,T
3-PA,513,0,485,0,0,485,T
3-PA,514,484,0,0,0,484,A
3-PA,515,488,0,0,0,488,A
3-PA,516,0,0,490,0,490,G
3-PA,517,489,0,0,0,489,A
3-PA,518,0,1,0,486,487,C
3-PA,519,1,0,0,438,439,C
3-PA,520,431,0,0,0,431,A
3-PA,521,0,0,434,0,434,G
3-PA,522,0,0,435,0,435,G
3-PA,523,0,0,0,435,435,C
3-PA,524,0,425,0,0,425,T
3-PA,525,0,0,438,0,438,G
3-PA,526,0,436,0,0,436,T
3-PA,527,0,434,0,0,434,T
3-PA,528,0,437,0,0,437,T
3-PA,529,435,0,0,0,435,A
3-PA,530,0,0,0,445,445,C
3-PA,531,2,0,0,436,438,C
3-PA,532,438,0,0,0,438,A
3-PA,533,0,438,0,0,438,T
3-PA,534,419,0,0,0,419,A
3-PA,535,419,1,0,0,420,A
3-PA,536,0,0,422,0,422,G
3-PA,537,420,0,0,0,420,A
3-PA,538,0,0,0,420,420,C
3-PA,539,406,0,0,0,406,A
3-PA,540,408,0,0,0,408,A
3-PA,541,0,0,411,0,411,G
3-PA,542,410,0,0,0,410,A
3-PA,543,409,0,1,0,410,A
3-PA,544,407,0,0,0,407,A
3-PA,545,0,395,0,0,395,T
3-PA,546,0,0,402,0,402,G
3-PA,547,1,0,402,0,403,G
3-PA,548,0,0,0,403,403,C
3-PA,549,0,0,0,404,404,C
3-PA,550,400,0,0,0,400,A
3-PA,551,404,0,1,0,405,A
3-PA,552,0,0,0,406,406,C
3-PA,553,403,0,0,0,403,A
3-PA,554,0,0,403,0,403,G
3-PA,555,395,0,2,0,397,A
3-PA,556,0,2,403,0,405,G
3-PA,557,0,0,408,0,408,G
3-PA,558,0,0,0,405,405,C
3-PA,559,1,0,0,407,408,C
3-PA,560,0,394,0,0,394,T
3-PA,561,391,0,0,0,391,A
3-PA,562,0,397,0,0,397,T
3-PA,563,0,0,396,0,396,G
3-PA,564,1,0,393,0,394,G
3-PA,565,0,0,382,0,382,G
3-PA,566,372,0,0,0,372,A
3-PA,567,0,372,0,0,372,T
3-PA,568,0,370,0,1,371,T
3-PA,569,1,0,0,439,440,C
3-PA,570,1,1,0,439,441,C
3-PA,571,0,426,0,0,426,T
3-PA,572,0,422,0,0,422,T
3-PA,573,0,424,0,0,424,T
3-PA,574,0,0,0,435,435,C
3-PA,575,0,0,436,0,436,G
3-PA,576,0,437,0,0,437,T
3-PA,577,0,0,0,436,436,C
3-PA,578,428,0,0,0,428,A
3-PA,579,0,0,524,0,524,G
3-PA,580,0,528,0,0,528,T
3-PA,581,1,0,0,526,527,C
3-PA,582,0,0,0,529,529,C
3-PA,583,0,5,532,0,537,G
3-PA,584,539,0,0,0,539,A
3-PA,585,539,0,0,0,539,A
3-PA,586,538,1,1,0,540,A
3-PA,587,0,0,547,0,547,G
3-PA,588,526,1,1,1,529,A
3-PA,589,0,1,539,0,540,G
3-PA,590,0,0,542,0,542,G
3-PA,591,0,0,0,543,543,C
3-PA,592,1,0,544,0,545,G
3-PA,593,544,0,0,0,544,A
3-PA,594,549,0,0,0,549,A
3-PA,595,0,0,556,0,556,G
3-PA,596,554,0,0,0,554,A
3-PA,597,553,1,0,0,554,A
3-PA,598,554,0,0,0,554,A
3-PA,599,0,1,0,561,562,C
3-PA,600,561,0,0,1,562,A
3-PA,601,564,0,0,0,564,A
3-PA,602,0,560,0,1,561,T
3-PA,603,0,562,0,0,562,T
3-PA,604,0,0,566,0,566,G
3-PA,605,565,0,0,0,565,A
3-PA,606,566,0,0,0,566,A
3-PA,607,0,0,567,0,567,G
3-PA,608,564,0,0,0,564,A
3-PA,609,564,0,0,0,564,A
3-PA,610,564,0,0,0,564,A
3-PA,611,568,0,0,0,568,A
3-PA,612,572,0,0,0,572,A
3-PA,613,0,576,0,0,576,T
3-PA,614,0,576,0,0,576,T
3-PA,615,0,576,0,0,576,T
3-PA,616,0,0,576,0,576,G
3-PA,617,576,1,1,0,578,A
3-PA,618,577,0,1,0,578,A
3-PA,619,580,0,0,0,580,A
3-PA,620,0,585,0,1,586,T
3-PA,621,0,0,0,640,640,C
3-PA,622,637,0,0,0,637,A
3-PA,623,0,0,0,649,649,C
3-PA,624,644,1,1,0,646,A
3-PA,625,0,0,665,0,665,G
3-PA,626,0,0,695,0,695,G
3-PA,627,707,0,0,0,707,A
3-PA,628,722,0,0,0,722,A
3-PA,629,0,1,0,723,724,C
3-PA,630,0,709,0,0,709,T
3-PA,631,757,0,0,0,757,A
3-PA,632,0,773,0,0,773,T
3-PA,633,0,0,794,0,794,G
3-PA,634,0,1,0,790,791,C
3-PA,635,0,0,779,0,779,G
3-PA,636,0,779,0,0,779,T
3-PA,637,766,1,0,0,767,A
3-PA,638,0,0,772,0,772,G
3-PA,639,0,0,775,0,775,G
3-PA,640,0,0,0,760,760,C
3-PA,641,0,754,0,0,754,T
3-PA,642,0,746,0,0,746,T
3-PA,643,0,0,747,0,747,G
3-PA,644,0,0,0,746,746,C
3-PA,645,0,0,0,745,745,C
3-PA,646,0,1,758,0,759,G
3-PA,647,761,0,1,0,762,A
3-PA,648,0,0,0,771,771,C
3-PA,649,1,0,0,776,777,C
3-PA,650,772,0,0,0,772,A
3-PA,651,781,0,1,0,782,A
3-PA,652,775,0,0,0,775,A
3-PA,653,0,0,797,0,797,G
3-PA,654,0,799,0,0,799,T
3-PA,655,0,0,0,800,800,C
3-PA,656,0,798,0,2,800,T
3-PA,657,0,1,0,801,802,C
3-PA,658,0,0,0,808,808,C
3-PA,659,3,0,0,808,811,C
3-PA,660,809,1,1,0,811,A
3-PA,661,0,0,0,813,813,C
3-PA,662,0,0,0,805,805,C
3-PA,663,1,2,808,1,812,G
3-PA,664,828,0,0,0,828,A
3-PA,665,830,0,0,0,830,A
3-PA,666,0,0,0,845,845,C
3-PA,667,0,829,0,1,830,T
3-PA,668,0,836,0,0,836,T
3-PA,669,0,1,0,848,849,C
3-PA,670,0,846,0,0,846,T
3-PA,671,0,0,0,851,851,C
3-PA,672,1,0,0,852,853,C
3-PA,673,0,848,0,1,849,T
3-PA,674,1,0,858,1,860,G
3-PA,675,0,0,0,858,858,C
3-PA,676,0,0,0,865,865,C
3-PA,677,0,856,0,0,856,T
3-PA,678,1,854,0,0,855,T
3-PA,679,0,0,859,0,859,G
3-PA,680,857,0,2,0,859,A
3-PA,681,0,2,870,0,872,G
3-PA,682,873,1,0,0,874,A
3-PA,683,884,0,0,0,884,A
3-PA,684,1,907,0,0,908,T
3-PA,685,0,913,0,0,913,T
3-PA,686,0,917,0,0,917,T
3-PA,687,0,917,1,0,918,T
3-PA,688,916,0,0,0,916,A
3-PA,689,3,0,914,0,917,G
3-PA,690,910,0,0,0,910,A
3-PA,691,0,0,943,1,944,G
3-PA,692,0,0,0,950,950,C
3-PA,693,0,0,0,953,953,C
3-PA,694,0,966,0,0,966,T
3-PA,695,1009,0,0,0,1009,A
3-PA,696,0,1008,0,1,1009,T
3-PA,697,0,0,1015,0,1015,G
3-PA,698,0,1015,0,0,1015,T
3-PA,699,2,1,1021,0,1024,G
3-PA,700,0,2,1014,0,1016,G
3-PA,701,1010,0,1,1,1012,A
3-PA,702,0,1010,0,1,1011,T
3-PA,703,0,0,1001,0,1001,G
3-PA,704,0,0,1024,0,1024,G
3-PA,705,1021,0,0,0,1021,A
3-PA,706,0,1016,0,0,1016,T
3-PA,707,0,1016,0,0,1016,T
3-PA,708,0,0,0,1010,1010,C
3-PA,709,0,0,1012,0,1012,G
3-PA,710,1013,1,2,0,1016,A
3-PA,711,1019,0,2,0,1021,A
3-PA,712,1,1,0,1023,1025,C
3-PA,713,0,1,0,1007,1008,C
3-PA,714,2,1,1009,0,1012,G
3-PA,715,1011,0,0,0,1011,A
3-PA,716,1008,0,0,0,1008,A
3-PA,717,0,1,0,1020,1021,C
3-PA,718,0,1,1016,0,1017,G
3-PA,719,0,0,1048,0,1048,G
3-PA,720,0,1,0,1044,1045,C
3-PA,721,0,1043,1,0,1044,T
3-PA,722,0,0,1067,0,1067,G
3-PA,723,0,1,0,1070,1071,C
3-PA,724,1082,0,0,0,1082,A
3-PA,725,0,1080,0,1,1081,T
3-PA,726,0,1073,0,0,1073,T
3-PA,727,0,1,1070,0,1071,G
3-PA,728,1043,0,2,1,1046,A
3-PA,729,1,1,1052,0,1054,G
3-PA,730,0,3,1046,1,1050,G
3-PA,731,1,0,1043,0,1044,G
3-PA,732,0,0,0,1038,1038,C
3-PA,733,1033,1,0,0,1034,A
3-PA,734,1034,0,1,0,1035,A
3-PA,735,0,0,1040,0,1040,G
3-PA,736,0,0,0,1040,1040,C
3-PA,737,0,1043,0,0,1043,T
3-PA,738,0,1045,0,0,1045,T
3-PA,739,0,1044,1,5,1050,T
3-PA,740,1,0,0,1052,1053,C
3-PA,741,0,1054,0,1,1055,T
3-PA,742,0,0,0,1061,1061,C
3-PA,743,1060,0,0,0,1060,A
3-PA,744,1058,0,0,0,1058,A
3-PA,745,1059,0,0,0,1059,A
3-PA,746,0,1052,0,0,1052,T
3-PA,747,1,0,1084,0,1085,G
3-PA,748,0,1086,0,0,1086,T
3-PA,749,1,0,0,1094,1095,C
3-PA,750,0,1,0,1096,1097,C
3-PA,751,1100,0,1,0,1101,A
3-PA,752,1099,0,1,0,1100,A
3-PA,753,1100,0,1,0,1101,A
3-PA,754,0,0,1118,0,1118,G
3-PA,755,1118,0,0,0,1118,A
3-PA,756,1088,1,2,0,1091,A
3-PA,757,1,0,1099,0,1100,G
3-PA,758,0,1087,0,0,1087,T
3-PA,759,0,1,1085,0,1086,G
3-PA,760,1086,0,1,0,1087,A
3-PA,761,1086,0,1,0,1087,A
3-PA,762,1,1090,0,1,1092,T
3-PA,763,0,1,1100,0,1101,G
3-PA,764,1,2,0,1094,1097,C
3-PA,765,1,0,1,1090,1092,C
3-PA,766,4,0,0,1090,1094,C
3-PA,767,1097,0,1,0,1098,A
3-PA,768,1109,0,0,0,1109,A
3-PA,769,1111,0,0,0,1111,A
3-PA,770,0,1111,1,0,1112,T
3-PA,771,0,1110,0,0,1110,T
3-PA,772,0,4,1106,0,1110,G
3-PA,773,1103,0,1,0,1104,A
3-PA,774,1122,0,2,0,1124,A
3-PA,775,0,0,0,1128,1128,C
3-PA,776,1,0,0,1121,1122,C
3-PA,777,0,1100,0,1,1101,T
3-PA,778,0,1122,0,0,1122,T
3-PA,779,0,1128,0,2,1130,T
3-PA,780,0,1146,0,0,1146,T
3-PA,781,1,0,0,1146,1147,C
3-PA,782,0,1144,0,0,1144,T
3-PA,783,1,0,1146,0,1147,G
3-PA,784,1142,1,2,0,1145,A
3-PA,785,1151,0,0,0,1151,A
3-PA,786,2,1,1151,0,1154,G
3-PA,787,1136,0,2,0,1138,A
3-PA,788,0,0,0,1144,1144,C
3-PA,789,1129,0,0,0,1129,A
3-PA,790,1138,0,0,0,1138,A
3-PA,791,0,1,0,1265,1266,C
3-PA,792,1262,0,1,0,1263,A
3-PA,793,0,0,0,1266,1266,C
3-PA,794,0,1,0,1245,1246,C
3-PA,795,1240,1,3,0,1244,A
3-PA,796,1244,0,6,1,1251,A
3-PA,797,1,1,1254,0,1256,G
3-PA,798,1253,0,0,0,1253,A
3-PA,799,0,1,2,1251,1254,C
3-PA,800,1,0,0,1177,1178,C
3-PA,801,1173,0,0,0,1173,A
3-PA,802,1178,0,1,0,1179,A
3-PA,803,0,1178,1,0,1179,T
3-PA,804,1,0,0,1178,1179,C
3-PA,805,1174,0,2,0,1176,A
3-PA,806,1173,2,0,0,1175,A
3-PA,807,1174,0,0,0,1174,A
3-PA,808,0,0,0,1186,1186,C
3-PA,809,0,1174,0,0,1174,T
3-PA,810,0,1190,0,0,1190,T
3-PA,811,0,0,0,1191,1191,C
3-PA,812,0,0,0,1195,1195,C
3-PA,813,0,0,1202,0,1202,G
3-PA,814,1201,0,0,0,1201,A
3-PA,815,1204,0,1,0,1205,A
3-PA,816,0,1203,0,0,1203,T
3-PA,817,0,1,1199,0,1200,G
3-PA,818,1,2,1206,0,1209,G
3-PA,819,1202,0,8,0,1210,A
3-PA,820,1,0,0,1215,1216,C
3-PA,821,1,0,0,1209,1210,C
3-PA,822,0,1246,0,1,1247,T
3-PA,823,1,1,0,1277,1279,C
3-PA,824,3,0,0,1285,1288,C
3-PA,825,0,1287,0,0,1287,T
3-PA,826,0,1285,0,1,1286,T
3-PA,827,0,0,1343,0,1343,G
3-PA,828,0,1324,0,5,1329,T
3-PA,829,0,1325,0,1,1326,T
3-PA,830,1323,0,1,0,1324,A
3-PA,831,0,1296,0,0,1296,T
3-PA,832,1,0,0,1290,1291,C
3-PA,833,1264,0,1,0,1265,A
3-PA,834,0,0,1264,0,1264,G
3-PA,835,1,0,0,1270,1271,C
3-PA,836,0,1,1244,0,1245,G
3-PA,837,2,0,1273,0,1275,G
3-PA,838,0,1279,1,0,1280,T
3-PA,839,1,0,0,1277,1278,C
3-PA,840,1,0,0,1285,1286,C
3-PA,841,1290,0,0,0,1290,A
3-PA,842,1301,0,1,1,1303,A
3-PA,843,1300,0,1,0,1301,A
3-PA,844,0,1301,0,0,1301,T
3-PA,845,0,1299,0,1,1300,T
3-PA,846,0,0,0,1301,1301,C
3-PA,847,0,0,0,1274,1274,C
3-PA,848,0,1273,0,1,1274,T
3-PA,849,2,0,0,1280,1282,C
3-PA,850,0,0,0,1283,1283,C
3-PA,851,0,1275,1,0,1276,T
3-PA,852,0,0,1284,0,1284,G
3-PA,853,1282,0,0,0,1282,A
3-PA,854,1,1286,0,0,1287,T
3-PA,855,0,2,1276,0,1278,G
3-PA,856,0,1,1261,0,1262,G
3-PA,857,1261,0,0,0,1261,A
3-PA,858,0,1247,0,0,1247,T
3-PA,859,0,0,1257,0,1257,G
3-PA,860,1,0,0,1314,1315,C
3-PA,861,0,1305,0,4,1309,T
3-PA,862,0,1310,0,3,1313,T
3-PA,863,0,1313,0,0,1313,T
3-PA,864,1311,0,0,1,1312,A
3-PA,865,1318,0,1,1,1320,A
3-PA,866,1321,0,0,0,1321,A
3-PA,867,1323,0,0,0,1323,A
3-PA,868,0,1321,0,1,1322,T
3-PA,869,0,1239,0,0,1239,T
3-PA,870,0,1,1234,0,1235,G
3-PA,871,1233,0,1,0,1234,A
3-PA,872,0,0,1240,0,1240,G
3-PA,873,1,0,0,1241,1242,C
3-PA,874,1236,0,0,0,1236,A
3-PA,875,2,1257,0,0,1259,T
3-PA,876,0,1254,0,1,1255,T
3-PA,877,0,0,1257,0,1257,G
3-PA,878,1259,0,0,0,1259,A
3-PA,879,1252,1,4,0,1257,A
3-PA,880,0,0,1264,0,1264,G
3-PA,881,1245,1,3,0,1249,A
3-PA,882,1,1,0,1249,1251,C
3-PA,883,1,1,0,1246,1248,C
3-PA,884,2,0,0,1232,1234,C
3-PA,885,1223,0,0,0,1223,A
3-PA,886,1228,0,1,0,1229,A
3-PA,887,2,0,1230,0,1232,G
3-PA,888,0,1229,2,0,1231,T
3-PA,889,2,0,0,1225,1227,C
3-PA,890,1228,2,1,0,1231,A
3-PA,891,0,0,0,1225,1225,C
3-PA,892,0,0,1227,0,1227,G
3-PA,893,1246,0,1,1,1248,A
3-PA,894,1244,0,0,0,1244,A
3-PA,895,0,1,1291,0,1292,G
3-PA,896,1,4,1285,0,1290,G
3-PA,897,1281,1,1,0,1283,A
3-PA,898,0,0,1291,0,1291,G
3-PA,899,1282,2,3,0,1287,A
3-PA,900,1285,0,3,0,1288,A
3-PA,901,1,0,1296,0,1297,G
3-PA,902,0,0,1290,1,1291,G
3-PA,903,0,1,1288,0,1289,G
3-PA,904,1258,0,0,0,1258,A
3-PA,905,1,1253,0,0,1254,T
3-PA,906,1,0,0,1255,1256,C
3-PA,907,2,0,0,1361,1363,C
3-PA,908,2,0,1,1371,1374,C
3-PA,909,1390,0,0,0,1390,A
3-PA,910,0,1392,0,0,1392,T
3-PA,911,0,1401,0,1,1402,T
3-PA,912,1428,0,0,0,1428,A
3-PA,913,0,1429,0,0,1429,T
3-PA,914,1422,0,0,0,1422,A
3-PA,915,0,1411,0,1,1412,T
3-PA,916,0,1,1267,0,1268,G
3-PA,917,1266,0,0,0,1266,A
3-PA,918,0,1255,0,2,1257,T
3-PA,919,1,0,1258,0,1259,G
3-PA,920,1,0,0,1247,1248,C
3-PA,921,0,1,1245,0,1246,G
3-PA,922,1253,0,2,0,1255,A
3-PA,923,0,1253,0,2,1255,T
3-PA,924,1,0,0,1257,1258,C
3-PA,925,1259,0,0,0,1259,A
3-PA,926,1252,1,0,0,1253,A
3-PA,927,1,1,1260,0,1262,G
3-PA,928,0,1247,0,0,1247,T
3-PA,929,0,0,1255,0,1255,G
3-PA,930,0,0,0,1253,1253,C
3-PA,931,1251,0,0,0,1251,A
3-PA,932,0,1257,0,0,1257,T
3-PA,933,1255,0,0,0,1255,A
3-PA,934,1264,0,0,0,1264,A
3-PA,935,1266,0,0,0,1266,A
3-PA,936,1264,0,1,0,1265,A
3-PA,937,1266,0,0,0,1266,A
3-PA,938,0,2,0,1262,1264,C
3-PA,939,1253,0,0,0,1253,A
3-PA,940,0,1263,0,1,1264,T
3-PA,941,0,1268,0,1,1269,T
3-PA,942,0,0,0,1273,1273,C
3-PA,943,0,1227,0,0,1227,T
3-PA,944,0,1227,0,0,1227,T
3-PA,945,1,1224,1,0,1226,T
3-PA,946,0,2,1223,0,1225,G
3-PA,947,0,0,1228,1,1229,G
3-PA,948,1223,0,6,0,1229,A
3-PA,949,0,1220,0,0,1220,T
3-PA,950,0,2,1228,0,1230,G
3-PA,951,0,1,1268,0,1269,G
3-PA,952,1272,0,0,0,1272,A
3-PA,953,1270,0,0,0,1270,A
3-PA,954,1270,0,4,0,1274,A
3-PA,955,0,0,1302,0,1302,G
3-PA,956,1304,0,1,0,1305,A
3-PA,957,1419,0,1,0,1420,A
3-PA,958,0,1,0,1443,1444,C
3-PA,959,1,0,0,1449,1450,C
3-PA,960,0,1440,0,0,1440,T
3-PA,961,0,1463,0,1,1464,T
3-PA,962,1471,0,1,1,1473,A
3-PA,963,0,1474,0,0,1474,T
3-PA,964,1459,1,0,0,1460,A
3-PA,965,0,1458,0,1,1459,T
3-PA,966,1342,0,0,0,1342,A
3-PA,967,0,0,1351,0,1351,G
3-PA,968,0,1335,0,1,1336,T
3-PA,969,2,0,0,1335,1337,C
3-PA,970,1320,0,0,0,1320,A
3-PA,971,1326,0,0,0,1326,A
3-PA,972,1324,0,1,1,1326,A
3-PA,973,0,0,0,1336,1336,C
3-PA,974,0,2,0,1317,1319,C
3-PA,975,1301,0,3,0,1304,A
3-PA,976,0,1,0,1319,1320,C
3-PA,977,1315,0,2,0,1317,A
3-PA,978,0,1,0,1328,1329,C
3-PA,979,1,1,1324,0,1326,G
3-PA,980,1322,1,1,1,1325,A
3-PA,981,1323,0,0,0,1323,A
3-PA,982,1324,0,2,0,1326,A
3-PA,983,1324,0,2,0,1326,A
3-PA,984,0,0,1335,0,1335,G
3-PA,985,0,0,1326,0,1326,G
3-PA,986,0,4,1330,0,1334,G
3-PA,987,1325,0,2,0,1327,A
3-PA,988,1326,1,1,0,1328,A
3-PA,989,0,1330,0,0,1330,T
3-PA,990,1326,0,1,0,1327,A
3-PA,991,1331,0,0,0,1331,A
3-PA,992,1343,0,1,0,1344,A
3-PA,993,0,1332,0,1,1333,T
3-PA,994,0,1329,0,0,1329,T
3-PA,995,2,0,0,1341,1343,C
3-PA,996,1346,0,0,1,1347,A
3-PA,997,1349,0,1,0,1350,A
3-PA,998,1354,0,0,0,1354,A
3-PA,999,0,1348,0,1,1349,T
3-PA,1000,0,1355,0,0,1355,T
3-PA,1001,1358,0,0,0,1358,A
3-PA,1002,0,2,0,1355,1357,C
3-PA,1003,0,0,0,1356,1356,C
3-PA,1004,0,1302,0,0,1302,T
3-PA,1005,0,0,1315,0,1315,G
3-PA,1006,0,0,0,1316,1316,C
3-PA,1007,0,1321,0,0,1321,T
3-PA,1008,1,1,1348,0,1350,G
3-PA,1009,0,1364,0,1,1365,T
3-PA,1010,6,0,0,1356,1362,C
3-PA,1011,1360,0,3,0,1363,A
3-PA,1012,0,1358,0,1,1359,T
3-PA,1013,0,0,1359,1,1360,G
3-PA,1014,0,1,1361,0,1362,G
3-PA,1015,1361,0,2,0,1363,A
3-PA,1016,1390,0,0,0,1390,A
3-PA,1017,0,0,1395,0,1395,G
3-PA,1018,2,0,0,1390,1392,C
3-PA,1019,1378,0,1,0,1379,A
3-PA,1020,1384,0,0,0,1384,A
3-PA,1021,0,0,1389,0,1389,G
3-PA,1022,0,1388,0,2,1390,T
3-PA,1023,1388,0,0,0,1388,A
3-PA,1024,1,1,0,1389,1391,C
3-PA,1025,0,1363,0,1,1364,T
3-PA,1026,1,0,1375,0,1376,G
3-PA,1027,0,1366,0,1,1367,T
3-PA,1028,1,1,0,1368,1370,C
3-PA,1029,1367,0,1,0,1368,A
3-PA,1030,0,0,1384,1,1385,G
3-PA,1031,1381,0,0,0,1381,A
3-PA,1032,1381,0,1,0,1382,A
3-PA,1033,0,1400,0,1,1401,T
3-PA,1034,0,1391,0,0,1391,T
3-PA,1035,0,0,1383,0,1383,G
3-PA,1036,0,0,0,1377,1377,C
3-PA,1037,1370,0,3,0,1373,A
3-PA,1038,0,2,1370,0,1372,G
3-PA,1039,1,0,1365,0,1366,G
3-PA,1040,1361,0,2,0,1363,A
3-PA,1041,0,0,0,1361,1361,C
3-PA,1042,0,0,1343,0,1343,G
3-PA,1043,0,1372,0,0,1372,T
3-PA,1044,0,1380,0,2,1382,T
3-PA,1045,0,1,1386,0,1387,G
3-PA,1046,1383,1,0,0,1384,A
3-PA,1047,1384,1,0,0,1385,A
3-PA,1048,1384,0,0,0,1384,A
3-PA,1049,1382,0,1,1,1384,A
3-PA,1050,0,1380,1,0,1381,T
3-PA,1051,0,0,1385,0,1385,G
3-PA,1052,1385,0,2,0,1387,A
3-PA,1053,0,1,1386,0,1387,G
3-PA,1054,0,1,1393,0,1394,G
3-PA,1055,1384,0,1,0,1385,A
3-PA,1056,0,0,1389,0,1389,G
3-PA,1057,1396,1,0,0,1397,A
3-PA,1058,1394,0,1,0,1395,A
3-PA,1059,0,0,1395,0,1395,G
3-PA,1060,1,0,1384,0,1385,G
3-PA,1061,0,1438,0,1,1439,T
3-PA,1062,0,1451,0,0,1451,T
3-PA,1063,1,0,0,1446,1447,C
3-PA,1064,0,1,0,1445,1446,C
3-PA,1065,1447,0,2,0,1449,A
3-PA,1066,1441,0,2,0,1443,A
3-PA,1067,0,1,1450,0,1451,G
3-PA,1068,3,1,1463,0,1467,G
3-PA,1069,1442,0,0,0,1442,A
3-PA,1070,0,1,0,1448,1449,C
3-PA,1071,0,1450,0,0,1450,T
3-PA,1072,1454,0,0,0,1454,A
3-PA,1073,1452,0,0,0,1452,A
3-PA,1074,1455,0,0,0,1455,A
3-PA,1075,1453,0,2,0,1455,A
3-PA,1076,1455,0,0,0,1455,A
3-PA,1077,0,0,0,1434,1434,C
3-PA,1078,1429,0,1,0,1430,A
3-PA,1079,0,1419,0,1,1420,T
3-PA,1080,0,1,1431,0,1432,G
3-PA,1081,1428,0,4,0,1432,A
3-PA,1082,1441,0,0,0,1441,A
3-PA,1083,1,2,1449,0,1452,G
3-PA,1084,1452,0,0,0,1452,A
3-PA,1085,1450,1,0,0,1451,A
3-PA,1086,1450,0,1,0,1451,A
3-PA,1087,1447,0,2,0,1449,A
3-PA,1088,0,0,0,1449,1449,C
3-PA,1089,0,0,1446,0,1446,G
3-PA,1090,1439,0,1,0,1440,A
3-PA,1091,0,1,1440,0,1441,G
3-PA,1092,0,1435,0,0,1435,T
3-PA,1093,2,0,0,1463,1465,C
3-PA,1094,1471,0,0,0,1471,A
3-PA,1095,1488,0,0,0,1488,A
3-PA,1096,0,1,0,1486,1487,C
3-PA,1097,2,1481,1,0,1484,T
3-PA,1098,0,3,1502,0,1505,G
3-PA,1099,1502,0,2,0,1504,A
3-PA,1100,1509,0,0,1,1510,A
3-PA,1101,0,0,1519,0,1519,G
3-PA,1102,0,1492,1,1,1494,T
3-PA,1103,1,4,1487,0,1492,G
3-PA,1104,0,1,1481,0,1482,G
3-PA,1105,0,0,1485,0,1485,G
3-PA,1106,1,0,0,1494,1495,C
3-PA,1107,1,1480,0,0,1481,T
3-PA,1108,0,1,0,1490,1491,C
3-PA,1109,0,1487,0,1,1488,T
3-PA,1110,0,1489,0,0,1489,T
3-PA,1111,0,1,1511,0,1512,G
3-PA,1112,0,1,1519,0,1520,G
3-PA,1113,0,1513,1,2,1516,T
3-PA,1114,0,0,1515,0,1515,G
3-PA,1115,1502,1,0,0,1503,A
3-PA,1116,1508,0,1,0,1509,A
3-PA,1117,1508,0,1,1,1510,A
3-PA,1118,1507,0,4,0,1511,A
3-PA,1119,0,0,0,1510,1510,C
3-PA,1120,1480,2,0,0,1482,A
3-PA,1121,1,1482,0,0,1483,T
3-PA,1122,0,2,1482,0,1484,G
3-PA,1123,2,0,1499,0,1501,G
3-PA,1124,2,0,0,1499,1501,C
3-PA,1125,1505,0,2,1,1508,A
3-PA,1126,0,0,0,1507,1507,C
3-PA,1127,0,1,0,1513,1514,C
3-PA,1128,1537,0,2,0,1539,A
3-PA,1129,0,0,1545,0,1545,G
3-PA,1130,1538,0,1,0,1539,A
3-PA,1131,5,0,1555,0,1560,G
3-PA,1132,1555,0,0,0,1555,A
3-PA,1133,1556,0,1,0,1557,A
3-PA,1134,7,1,1559,0,1567,G
3-PA,1135,0,0,1562,0,1562,G
3-PA,1136,0,1560,0,0,1560,T
3-PA,1137,1544,8,0,0,1552,A
3-PA,1138,0,0,1554,0,1554,G
3-PA,1139,1557,0,4,0,1561,A
3-PA,1140,0,1,0,1565,1566,C
3-PA,1141,1,1545,0,0,1546,T
3-PA,1142,0,1540,2,2,1544,T
3-PA,1143,0,1545,0,1,1546,T
3-PA,1144,0,1,1546,1,1548,G
3-PA,1145,1540,0,7,0,1547,A
3-PA,1146,1551,0,2,0,1553,A
3-PA,1147,1550,0,1,0,1551,A
3-PA,1148,1544,0,3,0,1547,A
3-PA,1149,0,0,0,1576,1576,C
3-PA,1150,0,1560,0,0,1560,T
3-PA,1151,0,0,1587,0,1587,G
3-PA,1152,1,1,0,1582,1584,C
3-PA,1153,1584,0,2,0,1586,A
3-PA,1154,0,0,1587,0,1587,G
3-PA,1155,1578,0,3,1,1582,A
3-PA,1156,0,1,1645,0,1646,G
3-PA,1157,1652,0,2,0,1654,A
3-PA,1158,0,0,0,1647,1647,C
3-PA,1159,1646,1,0,0,1647,A
3-PA,1160,0,1636,0,0,1636,T
3-PA,1161,1641,0,1,0,1642,A
3-PA,1162,1635,0,1,0,1636,A
3-PA,1163,0,0,1640,0,1640,G
3-PA,1164,0,0,0,1641,1641,C
3-PA,1165,0,1,1618,0,1619,G
3-PA,1166,1637,1,0,0,1638,A
3-PA,1167,0,1629,0,1,1630,T
3-PA,1168,0,1629,0,0,1629,T
3-PA,1169,0,1628,0,1,1629,T
3-PA,1170,0,0,1637,1,1638,G
3-PA,1171,1632,0,0,0,1632,A
3-PA,1172,1631,0,0,4,1635,A
3-PA,1173,0,1,1644,0,1645,G
3-PA,1174,0,0,0,1665,1665,C
3-PA,1175,1638,0,0,0,1638,A
3-PA,1176,1749,0,2,0,1751,A
3-PA,1177,0,1750,0,1,1751,T
3-PA,1178,1748,0,0,1,1749,A
3-PA,1179,0,1751,0,0,1751,T
3-PA,1180,0,0,1752,0,1752,G
3-PA,1181,1757,0,2,0,1759,A
3-PA,1182,0,1758,0,0,1758,T
3-PA,1183,1695,0,1,0,1696,A
3-PA,1184,0,0,1706,0,1706,G
3-PA,1185,0,1651,0,0,1651,T
3-PA,1186,1,4,1648,0,1653,G
3-PA,1187,1645,0,1,0,1646,A
3-PA,1188,1,0,0,1633,1634,C
3-PA,1189,0,5,1625,0,1630,G
3-PA,1190,1631,0,0,0,1631,A
3-PA,1191,1635,0,2,0,1637,A
3-PA,1192,0,0,0,1647,1647,C
3-PA,1193,2,1,0,1643,1646,C
3-PA,1194,0,1640,0,0,1640,T
3-PA,1195,0,0,1693,0,1693,G
3-PA,1196,1692,0,1,0,1693,A
3-PA,1197,1690,0,4,0,1694,A
3-PA,1198,1,1688,1,0,1690,T
3-PA,1199,0,1678,0,0,1678,T
3-PA,1200,1678,0,0,0,1678,A
3-PA,1201,1665,0,1,0,1666,A
3-PA,1202,0,1,1675,0,1676,G
3-PA,1203,0,0,1668,1,1669,G
3-PA,1204,2,1626,0,0,1628,T
3-PA,1205,3,0,0,1624,1627,C
3-PA,1206,1625,0,0,0,1625,A
3-PA,1207,1,1,0,1673,1675,C
3-PA,1208,2,1671,0,1,1674,T
3-PA,1209,0,1673,0,0,1673,T
3-PA,1210,0,1675,1,1,1677,T
3-PA,1211,0,0,0,1671,1671,C
3-PA,1212,1669,0,2,0,1671,A
3-PA,1213,1668,0,0,0,1668,A
3-PA,1214,1,0,1686,0,1687,G
3-PA,1215,0,0,0,1686,1686,C
3-PA,1216,0,1660,0,0,1660,T
3-PA,1217,0,0,1688,0,1688,G
3-PA,1218,0,1,1695,0,1696,G
3-PA,1219,1721,0,1,0,1722,A
3-PA,1220,0,1736,0,3,1739,T
3-PA,1221,1738,0,0,0,1738,A
3-PA,1222,0,3,2,1737,1742,C
3-PA,1223,1708,1,0,0,1709,A
3-PA,1224,0,2,1719,0,1721,G
3-PA,1225,1715,1,2,0,1718,A
3-PA,1226,1693,0,2,0,1695,A
3-PA,1227,0,1668,1,2,1671,T
3-PA,1228,0,2,1678,0,1680,G
3-PA,1229,1669,1,0,1,1671,A
3-PA,1230,1,1,1695,0,1697,G
3-PA,1231,1,1696,1,1,1699,T
3-PA,1232,1,1688,0,1,1690,T
3-PA,1233,3,0,1,1698,1702,C
3-PA,1234,1718,0,0,1,1719,A
3-PA,1235,1712,1,0,6,1719,A
3-PA,1236,0,1,0,1717,1718,C
3-PA,1237,1699,0,0,0,1699,A
3-PA,1238,1695,0,0,0,1695,A
3-PA,1239,0,0,1680,0,1680,G
3-PA,1240,0,0,1690,0,1690,G
3-PA,1241,1,1,0,1684,1686,C
3-PA,1242,0,1,0,1674,1675,C
3-PA,1243,0,1634,0,1,1635,T
3-PA,1244,0,1,1650,0,1651,G
3-PA,1245,0,1649,0,0,1649,T
3-PA,1246,2,2,1656,0,1660,G
3-PA,1247,1652,1,3,0,1656,A
3-PA,1248,1,1,1655,0,1657,G
3-PA,1249,0,1,0,1648,1649,C
3-PA,1250,0,1635,0,0,1635,T
3-PA,1251,1673,0,1,0,1674,A
3-PA,1252,1668,1,2,0,1671,A
3-PA,1253,0,0,0,1672,1672,C
3-PA,1254,0,1659,1,1,1661,T
3-PA,1255,0,2,1669,1,1672,G
3-PA,1256,1667,0,0,1,1668,A
3-PA,1257,0,1663,0,1,1664,T
3-PA,1258,0,1665,1,0,1666,T
3-PA,1259,1,0,1,1667,1669,C
3-PA,1260,1697,0,1,0,1698,A
3-PA,1261,0,1,1741,0,1742,G
3-PA,1262,1,1729,0,3,1733,T
3-PA,1263,3,1,0,1731,1735,C
3-PA,1264,0,1719,0,0,1719,T
3-PA,1265,0,1,1771,0,1772,G
3-PA,1266,1,0,1770,0,1771,G
3-PA,1267,1769,0,0,0,1769,A
3-PA,1268,0,1774,0,0,1774,T
3-PA,1269,1693,0,0,0,1693,A
3-PA,1270,1,2,1686,0,1689,G
3-PA,1271,1660,0,3,0,1663,A
3-PA,1272,0,0,1669,0,1669,G
3-PA,1273,0,0,0,1662,1662,C
3-PA,1274,1,1634,0,0,1635,T
3-PA,1275,2,0,0,1637,1639,C
3-PA,1276,0,0,1646,0,1646,G
3-PA,1277,1645,0,0,0,1645,A
3-PA,1278,0,1641,0,0,1641,T
3-PA,1279,1,1,1642,0,1644,G
3-PA,1280,1665,0,0,0,1665,A
3-PA,1281,1663,0,1,0,1664,A
3-PA,1282,1666,0,0,0,1666,A
3-PA,1283,0,1663,0,0,1663,T
3-PA,1284,0,1655,1,2,1658,T
3-PA,1285,0,3,1675,0,1678,G
3-PA,1286,1,2,1679,0,1682,G
3-PA,1287,1676,0,2,0,1678,A
3-PA,1288,0,2,1680,0,1682,G
3-PA,1289,1656,0,1,0,1657,A
3-PA,1290,1,0,1669,0,1670,G
3-PA,1291,0,1,1679,0,1680,G
3-PA,1292,1685,1,2,0,1688,A
3-PA,1293,1,0,4,1690,1695,C
3-PA,1294,1,0,1682,0,1683,G
3-PA,1295,0,1682,0,3,1685,T
3-PA,1296,1694,0,2,0,1696,A
3-PA,1297,0,1,1701,0,1702,G
3-PA,1298,0,0,0,1713,1713,C
3-PA,1299,1,4,1,1690,1696,C
3-PA,1300,3,0,0,1682,1685,C
3-PA,1301,1,0,0,1642,1643,C
3-PA,1302,1650,2,1,0,1653,A
3-PA,1303,1692,0,0,0,1692,A
3-PA,1304,0,1690,0,0,1690,T
3-PA,1305,0,1681,0,0,1681,T
3-PA,1306,0,2,1678,0,1680,G
3-PA,1307,1645,0,3,0,1648,A
3-PA,1308,2,1,1648,0,1651,G
3-PA,1309,0,0,0,1650,1650,C
3-PA,1310,1636,0,0,1,1637,A
3-PA,1311,0,0,0,1664,1664,C
3-PA,1312,1623,0,0,0,1623,A
3-PA,1313,0,1650,1,3,1654,T
3-PA,1314,0,1655,0,2,1657,T
3-PA,1315,0,0,1663,0,1663,G
3-PA,1316,0,0,0,1658,1658,C
3-PA,1317,1652,1,0,0,1653,A
3-PA,1318,1642,0,4,1,1647,A
3-PA,1319,0,1,1652,0,1653,G
3-PA,1320,0,0,0,1643,1643,C
3-PA,1321,1641,0,1,0,1642,A
3-PA,1322,0,1597,0,0,1597,T
3-PA,1323,0,2,1599,0,1601,G
3-PA,1324,1592,1,1,0,1594,A
3-PA,1325,10,0,1588,0,1598,G
3-PA,1326,1595,0,2,0,1597,A
3-PA,1327,1596,0,1,0,1597,A
3-PA,1328,0,1,1591,0,1592,G
3-PA,1329,0,3,1593,0,1596,G
3-PA,1330,1599,0,0,0,1599,A
3-PA,1331,1594,0,0,0,1594,A
3-PA,1332,0,1594,0,2,1596,T
3-PA,1333,0,1595,0,0,1595,T
3-PA,1334,1619,0,0,0,1619,A
3-PA,1335,1,1624,0,0,1625,T
3-PA,1336,0,1619,0,2,1621,T
3-PA,1337,0,1624,0,1,1625,T
3-PA,1338,1,0,0,1605,1606,C
3-PA,1339,1596,0,2,0,1598,A
3-PA,1340,0,0,0,1628,1628,C
3-PA,1341,1608,0,1,0,1609,A
3-PA,1342,0,1,1624,0,1625,G
3-PA,1343,0,0,0,1623,1623,C
3-PA,1344,1613,0,1,0,1614,A
3-PA,1345,0,1,1618,0,1619,G
3-PA,1346,1607,0,3,0,1610,A
3-PA,1347,0,3,1622,0,1625,G
3-PA,1348,0,1,1628,0,1629,G
3-PA,1349,0,1597,0,2,1599,T
3-PA,1350,0,0,1621,1,1622,G
3-PA,1351,0,1616,0,0,1616,T
3-PA,1352,4,2,1,1610,1617,C
3-PA,1353,0,1,0,1626,1627,C
3-PA,1354,3,0,0,1614,1617,C
3-PA,1355,1625,0,0,0,1625,A
3-PA,1356,1,1634,0,0,1635,T
3-PA,1357,1,1633,0,0,1634,T
3-PA,1358,0,0,1638,0,1638,G
3-PA,1359,0,1613,0,2,1615,T
3-PA,1360,1590,0,0,0,1590,A
3-PA,1361,0,0,1586,0,1586,G
3-PA,1362,1542,0,2,0,1544,A
3-PA,1363,0,1,1545,0,1546,G
3-PA,1364,0,0,0,1526,1526,C
3-PA,1365,2,1,0,1510,1513,C
3-PA,1366,1532,1,0,0,1533,A
3-PA,1367,0,5,0,1535,1540,C
3-PA,1368,0,1531,0,1,1532,T
3-PA,1369,2,0,1528,0,1530,G
3-PA,1370,1525,0,0,0,1525,A
3-PA,1371,1496,0,2,1,1499,A
3-PA,1372,0,1551,0,0,1551,T
3-PA,1373,1566,1,0,0,1567,A
3-PA,1374,0,4,0,1574,1578,C
3-PA,1375,1532,1,3,0,1536,A
3-PA,1376,2,1549,0,1,1552,T
3-PA,1377,1531,0,12,0,1543,A
3-PA,1378,1545,1,0,0,1546,A
3-PA,1379,0,1544,0,0,1544,T
3-PA,1380,0,1,1515,0,1516,G
3-PA,1381,1512,0,0,1,1513,A
3-PA,1382,1483,0,1,0,1484,A
3-PA,1383,0,1,1477,0,1478,G
3-PA,1384,1,3,1460,0,1464,G
3-PA,1385,0,1,1485,0,1486,G
3-PA,1386,0,1,1494,0,1495,G
3-PA,1387,0,1,1511,0,1512,G
3-PA,1388,0,1482,0,1,1483,T
3-PA,1389,1493,0,0,0,1493,A
3-PA,1390,0,1502,0,0,1502,T
3-PA,1391,1526,0,0,0,1526,A
3-PA,1392,0,0,0,1677,1677,C
3-PA,1393,1635,0,0,0,1635,A
3-PA,1394,0,1604,0,0,1604,T
3-PA,1395,0,1591,0,3,1594,T
3-PA,1396,1581,0,0,0,1581,A
3-PA,1397,1616,1,0,0,1617,A
3-PA,1398,0,0,0,1616,1616,C
3-PA,1399,1585,1,0,0,1586,A
3-PA,1400,0,0,0,1585,1585,C
3-PA,1401,0,1412,0,0,1412,T
3-PA,1402,0,1,1463,0,1464,G
3-PA,1403,0,0,0,1456,1456,C
3-PA,1404,3,1,1,1449,1454,C
3-PA,1405,1,0,0,1458,1459,C
3-PA,1406,0,1419,0,0,1419,T
3-PA,1407,1,0,1472,0,1473,G
3-PA,1408,0,2,0,1477,1479,C
3-PA,1409,0,1473,0,2,1475,T
3-PA,1410,2,0,0,1503,1505,C
3-PA,1411,1459,0,0,1,1460,A
3-PA,1412,1462,0,0,0,1462,A
3-PA,1413,0,1468,0,1,1469,T
3-PA,1414,1,0,1462,0,1463,G
3-PA,1415,0,0,0,1458,1458,C
3-PA,1416,1446,0,0,0,1446,A
3-PA,1417,0,1439,2,3,1444,T
3-PA,1418,0,1,1,1442,1444,C
3-PA,1419,1,3,0,1454,1458,C
3-PA,1420,0,1421,0,1,1422,T
3-PA,1421,1,1,1454,0,1456,G
3-PA,1422,0,1451,1,0,1452,T
3-PA,1423,1,0,1450,0,1451,G
3-PA,1424,0,0,0,1449,1449,C
3-PA,1425,1424,0,2,0,1426,A
3-PA,1426,0,0,1432,0,1432,G
3-PA,1427,1,0,0,1430,1431,C
3-PA,1428,1411,0,3,0,1414,A
3-PA,1429,1415,1,0,0,1416,A
3-PA,1430,0,1383,0,0,1383,T
3-PA,1431,1,1,1379,0,1381,G
3-PA,1432,0,0,1385,0,1385,G
3-PA,1433,1380,0,0,0,1380,A
3-PA,1434,0,0,0,1382,1382,C
3-PA,1435,0,0,1368,0,1368,G
3-PA,1436,1390,0,0,0,1390,A
3-PA,1437,0,1393,0,0,1393,T
3-PA,1438,0,1382,0,2,1384,T
3-PA,1439,0,1383,0,1,1384,T
3-PA,1440,0,1386,0,0,1386,T
3-PA,1441,0,1,0,1384,1385,C
3-PA,1442,1390,0,0,0,1390,A
3-PA,1443,1397,0,0,0,1397,A
3-PA,1444,0,0,0,1401,1401,C
3-PA,1445,0,1375,0,1,1376,T
3-PA,1446,1373,0,0,0,1373,A
3-PA,1447,1379,0,0,0,1379,A
3-PA,1448,0,1379,1,1,1381,T
3-PA,1449,0,1378,0,1,1379,T
3-PA,1450,2,0,0,1383,1385,C
3-PA,1451,2,2,0,1385,1389,C
3-PA,1452,0,0,0,1390,1390,C
3-PA,1453,1386,0,0,0,1386,A
3-PA,1454,1,1398,0,0,1399,T
3-PA,1455,0,1,1400,0,1401,G
3-PA,1456,1399,0,0,0,1399,A
3-PA,1457,1,1388,0,1,1390,T
3-PA,1458,1391,0,0,0,1391,A
3-PA,1459,1400,0,1,0,1401,A
3-PA,1460,1,0,1398,1,1400,G
3-PA,1461,0,0,0,1399,1399,C
3-PA,1462,1396,0,1,0,1397,A
3-PA,1463,1360,0,2,0,1362,A
3-PA,1464,0,0,1417,0,1417,G
3-PA,1465,0,1405,0,6,1411,T
3-PA,1466,0,0,1411,0,1411,G
3-PA,1467,0,0,0,1412,1412,C
3-PA,1468,1400,0,3,0,1403,A
3-PA,1469,0,0,1423,0,1423,G
3-PA,1470,1421,0,0,0,1421,A
3-PA,1471,1436,0,0,0,1436,A
3-PA,1472,1,0,0,1438,1439,C
3-PA,1473,0,1400,0,3,1403,T
3-PA,1474,1411,0,0,0,1411,A
3-PA,1475,1409,0,0,0,1409,A
3-PA,1476,1412,1,1,0,1414,A
3-PA,1477,0,1,1416,0,1417,G
3-PA,1478,1356,0,2,0,1358,A
3-PA,1479,0,1,1356,0,1357,G
3-PA,1480,0,1,1322,0,1323,G
3-PA,1481,0,1,1321,0,1322,G
3-PA,1482,1305,0,2,0,1307,A
3-PA,1483,1286,0,0,0,1286,A
3-PA,1484,0,0,1289,0,1289,G
3-PA,1485,0,0,1285,0,1285,G
3-PA,1486,1,1,0,1279,1281,C
3-PA,1487,2,2,1283,0,1287,G
3-PA,1488,1282,0,1,0,1283,A
3-PA,1489,1283,0,0,0,1283,A
3-PA,1490,1286,0,0,0,1286,A
3-PA,1491,1283,0,1,0,1284,A
3-PA,1492,1282,1,2,0,1285,A
3-PA,1493,0,0,0,1291,1291,C
3-PA,1494,1,0,0,1283,1284,C
3-PA,1495,1285,0,0,0,1285,A
3-PA,1496,1305,1,0,0,1306,A
3-PA,1497,0,1299,0,0,1299,T
3-PA,1498,0,1312,0,0,1312,T
3-PA,1499,0,1313,0,1,1314,T
3-PA,1500,1319,0,1,0,1320,A
3-PA,1501,0,1319,0,0,1319,T
3-PA,1502,1314,0,2,0,1316,A
3-PA,1503,0,1301,0,2,1303,T
3-PA,1504,0,3,1293,0,1296,G
3-PA,1505,0,1,1261,0,1262,G
3-PA,1506,0,0,1220,0,1220,G
3-PA,1507,0,1246,0,0,1246,T
3-PA,1508,0,1247,0,0,1247,T
3-PA,1509,2,1,0,1246,1249,C
3-PA,1510,1242,1,12,0,1255,A
3-PA,1511,0,1260,0,4,1264,T
3-PA,1512,2,0,0,1263,1265,C
3-PA,1513,1270,0,1,0,1271,A
3-PA,1514,0,1248,0,1,1249,T
3-PA,1515,1223,0,0,0,1223,A
3-PA,1516,1221,0,1,0,1222,A
3-PA,1517,1225,0,0,0,1225,A
3-PA,1518,0,1,1227,0,1228,G
3-PA,1519,0,0,1211,0,1211,G
3-PA,1520,0,0,1193,0,1193,G
3-PA,1521,1173,0,4,0,1177,A
3-PA,1522,1160,1,0,0,1161,A
3-PA,1523,0,0,1169,0,1169,G
3-PA,1524,1159,0,0,0,1159,A
3-PA,1525,0,1152,0,1,1153,T
3-PA,1526,3,0,0,1151,1154,C
3-PA,1527,1,1135,0,1,1137,T
3-PA,1528,1,0,0,1156,1157,C
3-PA,1529,1150,0,1,0,1151,A
3-PA,1530,1,1145,0,2,1148,T
3-PA,1531,2,1142,0,0,1144,T
3-PA,1532,0,1140,0,0,1140,T
3-PA,1533,1135,0,1,0,1136,A
3-PA,1534,1131,0,1,0,1132,A
3-PA,1535,0,0,1134,0,1134,G
3-PA,1536,0,3,1137,0,1140,G
3-PA,1537,1081,0,1,0,1082,A
3-PA,1538,1083,0,0,0,1083,A
3-PA,1539,1,1075,4,2,1082,T
3-PA,1540,0,2,1080,0,1082,G
3-PA,1541,1090,0,0,0,1090,A
3-PA,1542,0,0,0,1091,1091,C
3-PA,1543,1081,0,4,0,1085,A
3-PA,1544,1,0,0,1082,1083,C
3-PA,1545,1057,0,0,0,1057,A
3-PA,1546,0,0,1059,0,1059,G
3-PA,1547,1048,0,0,0,1048,A
3-PA,1548,0,0,0,1044,1044,C
3-PA,1549,2,0,1037,0,1039,G
3-PA,1550,0,970,0,0,970,T
3-PA,1551,0,0,968,0,968,G
3-PA,1552,0,0,972,0,972,G
3-PA,1553,1,968,0,1,970,T
3-PA,1554,966,0,1,0,967,A
3-PA,1555,949,0,0,0,949,A
3-PA,1556,951,0,0,0,951,A
3-PA,1557,0,950,0,0,950,T
3-PA,1558,1,941,0,0,942,T
3-PA,1559,0,942,0,0,942,T
3-PA,1560,1,928,0,0,929,T
3-PA,1561,0,0,927,0,927,G
3-PA,1562,0,924,0,0,924,T
3-PA,1563,1,1,920,0,922,G
3-PA,1564,905,0,1,0,906,A
3-PA,1565,0,0,910,0,910,G
3-PA,1566,0,1,0,903,904,C
3-PA,1567,901,2,1,0,904,A
3-PA,1568,0,905,0,0,905,T
3-PA,1569,0,0,900,2,902,G
3-PA,1570,0,2,903,0,905,G
3-PA,1571,909,0,0,0,909,A
3-PA,1572,0,0,908,0,908,G
3-PA,1573,0,893,2,1,896,T
3-PA,1574,0,881,0,0,881,T
3-PA,1575,0,885,0,1,886,T
3-PA,1576,0,886,0,0,886,T
3-PA,1577,0,1,0,888,889,C
3-PA,1578,0,882,0,0,882,T
3-PA,1579,4,0,0,876,880,C
3-PA,1580,0,847,0,2,849,T
3-PA,1581,1,0,0,845,846,C
3-PA,1582,843,0,0,0,843,A
3-PA,1583,0,0,0,841,841,C
3-PA,1584,0,834,0,0,834,T
3-PA,1585,0,0,834,0,834,G
3-PA,1586,832,0,0,0,832,A
3-PA,1587,0,0,0,835,835,C
3-PA,1588,1,0,0,830,831,C
3-PA,1589,2,5,0,815,822,C
3-PA,1590,1,0,819,0,820,G
3-PA,1591,820,0,0,0,820,A
3-PA,1592,0,1,819,0,820,G
3-PA,1593,815,0,4,0,819,A
3-PA,1594,0,1,0,799,800,C
3-PA,1595,0,781,0,0,781,T
3-PA,1596,0,756,0,0,756,T
3-PA,1597,0,0,753,0,753,G
3-PA,1598,750,0,1,0,751,A
3-PA,1599,0,0,756,0,756,G
3-PA,1600,1,0,0,751,752,C
3-PA,1601,0,0,0,728,728,C
3-PA,1602,716,0,0,0,716,A
3-PA,1603,0,1,0,712,713,C
3-PA,1604,710,0,0,0,710,A
3-PA,1605,0,711,0,0,711,T
3-PA,1606,698,0,1,0,699,A
3-PA,1607,694,1,0,0,695,A
3-PA,1608,690,0,0,0,690,A
3-PA,1609,0,690,0,0,690,T
3-PA,1610,0,0,690,0,690,G
3-PA,1611,0,0,615,0,615,G
3-PA,1612,0,1,596,0,597,G
3-PA,1613,569,0,0,1,570,A
3-PA,1614,0,1,554,0,555,G
3-PA,1615,545,0,0,0,545,A
3-PA,1616,536,0,0,0,536,A
3-PA,1617,537,0,0,0,537,A
3-PA,1618,0,534,0,0,534,T
3-PA,1619,528,0,0,0,528,A
3-PA,1620,0,0,0,526,526,C
3-PA,1621,0,253,0,1,254,T
3-PA,1622,0,0,249,0,249,G
3-PA,1623,0,150,0,0,150,T
3-PA,1624,0,0,149,0,149,G
3-PA,1625,0,137,0,0,137,T
3-PA,1626,0,0,0,86,86,C
3-PA,1627,0,0,0,80,80,C
3-PA,1628,0,68,0,2,70,T
3-PA,1629,0,69,0,0,69,T
3-PA,1630,0,0,66,0,66,G
3-PA,1631,58,0,0,0,58,A
3-PA,1632,0,0,59,0,59,G
3-PA,1633,56,0,0,0,56,A
3-PA,1634,0,55,0,0,55,T
3-PA,1635,55,0,0,0,55,A
3-PA,1636,0,0,55,0,55,G
3-PA,1637,0,0,54,0,54,G
3-PA,1638,52,0,0,0,52,A
3-PA,1639,0,0,53,0,53,G
3-PA,1640,53,0,0,0,53,A
3-PA,1641,0,53,0,0,53,T
3-PA,1642,53,0,0,0,53,A
3-PA,1643,0,53,0,0,53,T
3-PA,1644,0,0,53,0,53,G
3-PA,1645,0,53,0,0,53,T
3-PA,1646,0,52,0,0,52,T
3-PA,1647,52,0,0,0,52,A
3-PA,1648,0,0,0,52,52,C
3-PA,1649,0,52,0,0,52,T
3-PA,1650,53,0,0,0,53,A
3-PA,1651,51,0,0,0,51,A
3-PA,1652,0,0,53,0,53,G
3-PA,1653,53,0,0,0,53,A
3-PA,1654,51,0,0,0,51,A
3-PA,1655,0,0,50,0,50,G
3-PA,1656,0,50,0,0,50,T
3-PA,1657,0,0,52,0,52,G
3-PA,1658,0,0,0,53,53,C
3-PA,1659,0,0,0,53,53,C
3-PA,1660,53,0,0,0,53,A
3-PA,1661,0,53,0,0,53,T
3-PA,1662,53,0,0,0,53,A
3-PA,1663,0,0,53,0,53,G
3-PA,1664,0,0,52,0,52,G
3-PA,1665,0,0,0,51,51,C
3-PA,1666,0,0,0,53,53,C
3-PA,1667,53,0,0,0,53,A
3-PA,1668,53,0,0,0,53,A
3-PA,1669,53,0,0,0,53,A
3-PA,1670,0,52,0,1,53,T
3-PA,1671,0,53,0,0,53,T
3-PA,1672,0,53,0,0,53,T
3-PA,1673,0,0,0,53,53,C
3-PA,1674,50,0,0,0,50,A
3-PA,1675,51,0,0,0,51,A
3-PA,1676,0,0,53,0,53,G
3-PA,1677,0,0,54,0,54,G
3-PA,1678,0,0,0,53,53,C
3-PA,1679,0,0,0,53,53,C
3-PA,1680,53,0,0,0,53,A
3-PA,1681,55,0,0,0,55,A
3-PA,1682,0,55,0,0,55,T
3-PA,1683,0,0,55,0,55,G
3-PA,1684,0,55,0,0,55,T
3-PA,1685,0,53,0,0,53,T
3-PA,1686,0,0,0,53,53,C
3-PA,1687,0,52,0,0,52,T
3-PA,1688,0,52,0,0,52,T
3-PA,1689,49,0,0,0,49,A
3-PA,1690,0,50,0,0,50,T
3-PA,1691,51,0,0,0,51,A
3-PA,1692,0,51,0,0,51,T
3-PA,1693,0,0,51,0,51,G
3-PA,1694,0,48,0,0,48,T
3-PA,1695,0,0,48,0,48,G
3-PA,1696,47,0,0,0,47,A
3-PA,1697,0,0,47,0,47,G
3-PA,1698,0,0,47,0,47,G
3-PA,1699,47,0,0,0,47,A
3-PA,1700,0,0,0,47,47,C
3-PA,1701,49,0,0,0,49,A
3-PA,1702,48,0,0,0,48,A
3-PA,1703,49,0,0,0,49,A
3-PA,1704,0,0,0,49,49,C
3-PA,1705,0,0,49,0,49,G
3-PA,1706,0,0,51,0,51,G
3-PA,1707,51,0,0,0,51,A
3-PA,1708,51,0,0,0,51,A
3-PA,1709,0,0,0,51,51,C
3-PA,1710,52,0,0,0,52,A
3-PA,1711,0,53,0,0,53,T
3-PA,1712,0,0,0,53,53,C
3-PA,1713,53,0,0,0,53,A
3-PA,1714,53,0,0,0,53,A
3-PA,1715,52,0,0,0,52,A
3-PA,1716,0,1,52,0,53,G
3-PA,1717,0,0,53,0,53,G
3-PA,1718,0,53,0,0,53,T
3-PA,1719,0,0,0,52,52,C
3-PA,1720,51,0,0,1,52,A
3-PA,1721,53,0,0,0,53,A
3-PA,1722,53,0,0,0,53,A
3-PA,1723,53,0,0,0,53,A
3-PA,1724,0,51,0,0,51,T
3-PA,1725,0,0,54,0,54,G
3-PA,1726,54,0,0,0,54,A
3-PA,1727,53,0,0,0,53,A
3-PA,1728,53,0,1,0,54,A
3-PA,1729,0,54,0,0,54,T
3-PA,1730,0,0,55,0,55,G
3-PA,1731,0,0,55,0,55,G
3-PA,1732,0,0,56,0,56,G
3-PA,1733,0,0,56,0,56,G
3-PA,1734,56,0,0,0,56,A
3-PA,1735,57,0,0,0,57,A
3-PA,1736,0,57,0,0,57,T
3-PA,1737,0,0,56,0,56,G
3-PA,1738,0,0,57,0,57,G
3-PA,1739,57,0,0,0,57,A
3-PA,1740,0,0,58,0,58,G
3-PA,1741,58,0,0,0,58,A
3-PA,1742,0,57,0,0,57,T
3-PA,1743,0,0,56,0,56,G
3-PA,1744,55,0,0,0,55,A
3-PA,1745,0,0,56,0,56,G
3-PA,1746,56,0,0,0,56,A
3-PA,1747,0,0,0,56,56,C
3-PA,1748,0,0,57,0,57,G
3-PA,1749,0,57,0,0,57,T
3-PA,1750,0,56,0,0,56,T
3-PA,1751,0,0,55,0,55,G
3-PA,1752,1,0,0,55,56,C
3-PA,1753,0,0,0,55,55,C
3-PA,1754,0,57,0,0,57,T
3-PA,1755,0,0,0,57,57,C
3-PA,1756,0,0,0,58,58,C
3-PA,1757,0,59,0,0,59,T
3-PA,1758,0,59,0,0,59,T
3-PA,1759,0,0,0,58,58,C
3-PA,1760,58,0,0,0,58,A
3-PA,1761,0,0,58,0,58,G
3-PA,1762,0,57,0,0,57,T
3-PA,1763,0,0,0,58,58,C
3-PA,1764,55,0,0,0,55,A
3-PA,1765,0,0,0,57,57,C
3-PA,1766,0,59,0,0,59,T
3-PA,1767,0,0,0,59,59,C
3-PA,1768,1,0,0,58,59,C
3-PA,1769,59,0,0,0,59,A
3-PA,1770,0,0,59,0,59,G
3-PA,1771,0,0,0,59,59,C
3-PA,1772,59,0,0,0,59,A
3-PA,1773,0,1,58,0,59,G
3-PA,1774,54,0,0,0,54,A
3-PA,1775,0,54,0,0,54,T
3-PA,1776,0,0,0,54,54,C
3-PA,1777,0,0,54,0,54,G
3-PA,1778,54,0,0,0,54,A
3-PA,1779,0,0,54,0,54,G
3-PA,1780,54,0,0,0,54,A
3-PA,1781,0,0,54,0,54,G
3-PA,1782,0,0,0,53,53,C
3-PA,1783,53,0,0,0,53,A
3-PA,1784,0,53,0,0,53,T
3-PA,1785,0,0,55,0,55,G
3-PA,1786,56,0,0,0,56,A
3-PA,1787,0,56,0,0,56,T
3-PA,1788,0,53,0,0,53,T
3-PA,1789,0,0,53,0,53,G
3-PA,1790,52,0,0,0,52,A
3-PA,1791,52,0,1,0,53,A
3-PA,1792,0,0,54,0,54,G
3-PA,1793,0,0,0,54,54,C
3-PA,1794,0,0,0,54,54,C
3-PA,1795,0,0,54,0,54,G
3-PA,1796,54,0,0,0,54,A
3-PA,1797,0,0,56,0,56,G
3-PA,1798,0,56,0,0,56,T
3-PA,1799,0,0,0,56,56,C
3-PA,1800,0,0,0,56,56,C
3-PA,1801,0,56,0,0,56,T
3-PA,1802,0,0,0,56,56,C
3-PA,1803,0,0,56,0,56,G
3-PA,1804,0,0,57,0,57,G
3-PA,1805,0,57,0,0,57,T
3-PA,1806,0,57,0,0,57,T
3-PA,1807,57,0,0,0,57,A
3-PA,1808,57,0,0,0,57,A
3-PA,1809,57,0,0,0,57,A
3-PA,1810,0,1,56,0,57,G
3-PA,1811,58,0,0,0,58,A
3-PA,1812,0,0,58,0,58,G
3-PA,1813,58,0,0,0,58,A
3-PA,1814,58,0,0,0,58,A
3-PA,1815,58,0,0,0,58,A
3-PA,1816,0,0,58,0,58,G
3-PA,1817,58,0,0,0,58,A
3-PA,1818,0,0,0,58,58,C
3-PA,1819,58,0,0,0,58,A
3-PA,1820,0,57,0,0,57,T
3-PA,1821,0,1,57,0,58,G
3-PA,1822,58,0,0,0,58,A
3-PA,1823,0,0,0,58,58,C
3-PA,1824,0,0,0,57,57,C
3-PA,1825,56,0,0,0,56,A
3-PA,1826,57,0,0,0,57,A
3-PA,1827,57,0,0,0,57,A
3-PA,1828,0,0,57,0,57,G
3-PA,1829,56,0,0,0,56,A
3-PA,1830,0,0,55,0,55,G
3-PA,1831,0,57,0,0,57,T
3-PA,1832,0,56,0,0,56,T
3-PA,1833,0,57,0,0,57,T
3-PA,1834,0,57,0,0,57,T
3-PA,1835,0,56,0,0,56,T
3-PA,1836,0,57,0,0,57,T
3-PA,1837,0,0,57,0,57,G
3-PA,1838,56,0,0,0,56,A
3-PA,1839,0,1,57,0,58,G
3-PA,1840,57,0,0,0,57,A
3-PA,1841,57,0,0,0,57,A
3-PA,1842,0,56,0,1,57,T
3-PA,1843,57,0,0,0,57,A
3-PA,1844,59,0,0,0,59,A
3-PA,1845,59,0,0,0,59,A
3-PA,1846,0,59,0,0,59,T
3-PA,1847,1,0,0,57,58,C
3-PA,1848,57,0,0,0,57,A
3-PA,1849,0,0,58,0,58,G
3-PA,1850,58,0,0,0,58,A
3-PA,1851,58,0,0,0,58,A
3-PA,1852,0,0,59,0,59,G
3-PA,1853,0,0,0,59,59,C
3-PA,1854,57,0,1,0,58,A
3-PA,1855,0,59,0,0,59,T
3-PA,1856,0,0,59,0,59,G
3-PA,1857,0,0,60,0,60,G
3-PA,1858,0,1,0,59,60,C
3-PA,1859,0,0,0,59,59,C
3-PA,1860,2,0,0,58,60,C
3-PA,1861,60,0,0,0,60,A
3-PA,1862,0,60,0,0,60,T
3-PA,1863,0,59,0,0,59,T
3-PA,1864,0,0,60,0,60,G
3-PA,1865,0,0,58,0,58,G
3-PA,1866,0,0,58,0,58,G
3-PA,1867,0,0,58,0,58,G
3-PA,1868,57,0,1,0,58,A
3-PA,1869,0,0,60,0,60,G
3-PA,1870,0,59,0,0,59,T
3-PA,1871,0,0,0,58,58,C
3-PA,1872,0,0,0,61,61,C
3-PA,1873,0,0,0,61,61,C
3-PA,1874,1,0,0,60,61,C
3-PA,1875,0,0,0,60,60,C
3-PA,1876,61,0,0,0,61,A
3-PA,1877,62,0,0,0,62,A
3-PA,1878,0,0,60,0,60,G
3-PA,1879,0,0,58,0,58,G
3-PA,1880,0,0,57,1,58,G
3-PA,1881,55,0,0,0,55,A
3-PA,1882,0,0,55,1,56,G
3-PA,1883,0,56,0,0,56,T
3-PA,1884,0,0,56,0,56,G
3-PA,1885,0,0,56,0,56,G
3-PA,1886,56,0,0,0,56,A
3-PA,1887,56,0,0,0,56,A
3-PA,1888,0,0,56,0,56,G
3-PA,1889,56,0,0,0,56,A
3-PA,1890,56,0,0,0,56,A
3-PA,1891,0,0,56,0,56,G
3-PA,1892,0,0,56,0,56,G
3-PA,1893,0,56,0,0,56,T
3-PA,1894,0,55,0,0,55,T
3-PA,1895,0,0,0,55,55,C
3-PA,1896,0,0,0,54,54,C
3-PA,1897,54,0,0,0,54,A
3-PA,1898,0,54,0,0,54,T
3-PA,1899,0,54,0,0,54,T
3-PA,1900,0,0,56,0,56,G
3-PA,1901,0,0,56,0,56,G
3-PA,1902,0,0,56,0,56,G
3-PA,1903,56,0,0,0,56,A
3-PA,1904,56,0,0,0,56,A
3-PA,1905,56,0,0,0,56,A
3-PA,1906,0,0,57,0,57,G
3-PA,1907,0,57,0,0,57,T
3-PA,1908,0,0,0,58,58,C
3-PA,1909,0,56,0,0,56,T
3-PA,1910,0,0,56,0,56,G
3-PA,1911,0,54,0,0,54,T
3-PA,1912,56,0,0,0,56,A
3-PA,1913,0,0,57,0,57,G
3-PA,1914,0,0,57,0,57,G
3-PA,1915,59,0,0,0,59,A
3-PA,1916,0,0,0,59,59,C
3-PA,1917,0,58,0,0,58,T
3-PA,1918,0,0,0,59,59,C
3-PA,1919,1,58,0,0,59,T
3-PA,1920,59,0,0,0,59,A
3-PA,1921,0,58,0,0,58,T
3-PA,1922,0,59,0,0,59,T
3-PA,1923,0,0,60,0,60,G
3-PA,1924,0,0,60,0,60,G
3-PA,1925,0,0,0,59,59,C
3-PA,1926,0,59,0,0,59,T
3-PA,1927,53,0,0,0,53,A
3-PA,1928,53,0,0,0,53,A
3-PA,1929,0,0,53,0,53,G
3-PA,1930,0,52,0,0,52,T
3-PA,1931,0,0,0,53,53,C
3-PA,1932,49,0,0,0,49,A
3-PA,1933,0,0,51,0,51,G
3-PA,1934,0,51,0,0,51,T
3-PA,1935,52,0,0,0,52,A
3-PA,1936,0,52,0,0,52,T
3-PA,1937,0,51,0,0,51,T
3-PA,1938,0,0,0,51,51,C
3-PA,1939,51,0,0,0,51,A
3-PA,1940,52,0,0,0,52,A
3-PA,1941,0,52,0,0,52,T
3-PA,1942,47,0,0,0,47,A
3-PA,1943,0,0,47,0,47,G
3-PA,1944,0,0,0,45,45,C
3-PA,1945,0,0,0,45,45,C
3-PA,1946,0,42,0,0,42,T
3-PA,1947,0,0,45,0,45,G
3-PA,1948,0,45,0,0,45,T
3-PA,1949,46,0,0,0,46,A
3-PA,1950,1,45,0,0,46,T
3-PA,1951,0,0,46,0,46,G
3-PA,1952,0,0,0,45,45,C
3-PA,1953,46,0,0,0,46,A
3-PA,1954,0,44,0,1,45,T
3-PA,1955,0,0,0,45,45,C
3-PA,1956,43,0,0,0,43,A
3-PA,1957,0,0,0,43,43,C
3-PA,1958,0,0,0,43,43,C
3-PA,1959,43,0,0,0,43,A
3-PA,1960,0,0,0,43,43,C
3-PA,1961,43,0,0,0,43,A
3-PA,1962,43,0,0,0,43,A
3-PA,1963,0,43,0,0,43,T
3-PA,1964,0,43,0,0,43,T
3-PA,1965,0,0,43,0,43,G
3-PA,1966,0,0,43,0,43,G
3-PA,1967,41,0,1,0,42,A
3-PA,1968,42,0,0,0,42,A
3-PA,1969,0,0,42,0,42,G
3-PA,1970,0,0,42,0,42,G
3-PA,1971,43,0,0,0,43,A
3-PA,1972,0,43,0,0,43,T
3-PA,1973,0,43,0,0,43,T
3-PA,1974,0,42,0,0,42,T
3-PA,1975,0,43,0,0,43,T
3-PA,1976,0,0,0,43,43,C
3-PA,1977,42,0,0,0,42,A
3-PA,1978,0,0,42,0,42,G
3-PA,1979,0,0,0,40,40,C
3-PA,1980,0,0,40,0,40,G
3-PA,1981,0,0,40,0,40,G
3-PA,1982,40,0,0,0,40,A
3-PA,1983,0,0,40,0,40,G
3-PA,1984,0,40,0,0,40,T
3-PA,1985,0,0,0,40,40,C
3-PA,1986,40,0,0,0,40,A
3-PA,1987,41,0,0,0,41,A
3-PA,1988,0,0,41,0,41,G
3-PA,1989,41,0,0,0,41,A
3-PA,1990,39,0,0,0,39,A
3-PA,1991,38,0,0,0,38,A
3-PA,1992,37,0,0,0,37,A
3-PA,1993,1,0,0,36,37,C
3-PA,1994,0,37,0,0,37,T
3-PA,1995,0,0,37,0,37,G
3-PA,1996,0,0,0,37,37,C
3-PA,1997,0,36,0,0,36,T
3-PA,1998,0,0,0,37,37,C
3-PA,1999,0,0,0,37,37,C
3-PA,2000,0,36,0,0,36,T
3-PA,2001,0,35,0,0,35,T
3-PA,2002,0,0,36,0,36,G
3-PA,2003,0,36,0,0,36,T
3-PA,2004,0,35,0,0,35,T
3-PA,2005,0,0,35,0,35,G
3-PA,2006,0,35,0,0,35,T
3-PA,2007,0,34,0,0,34,T
3-PA,2008,0,0,0,34,34,C
3-PA,2009,30,0,0,0,30,A
3-PA,2010,0,0,30,0,30,G
3-PA,2011,0,0,30,0,30,G
3-PA,2012,0,0,0,31,31,C
3-PA,2013,0,30,0,0,30,T
3-PA,2014,0,0,0,31,31,C
3-PA,2015,0,31,0,0,31,T
3-PA,2016,0,31,0,0,31,T
3-PA,2017,31,0,0,0,31,A
3-PA,2018,0,0,31,0,31,G
3-PA,2019,0,0,31,0,31,G
3-PA,2020,0,0,31,0,31,G
3-PA,2021,30,0,0,0,30,A
3-PA,2022,0,0,0,31,31,C
3-PA,2023,28,0,0,0,28,A
3-PA,2024,28,0,0,0,28,A
3-PA,2025,0,0,0,29,29,C
3-PA,2026,0,0,0,29,29,C
3-PA,2027,0,28,0,0,28,T
3-PA,2028,0,0,0,29,29,C
3-PA,2029,0,0,29,0,29,G
3-PA,2030,29,0,0,0,29,A
3-PA,2031,29,0,0,0,29,A
3-PA,2032,0,0,0,29,29,C
3-PA,2033,0,0,0,28,28,C
3-PA,2034,0,28,0,0,28,T
3-PA,2035,0,0,28,0,28,G
3-PA,2036,0,0,28,0,28,G
3-PA,2037,0,0,28,0,28,G
3-PA,2038,28,0,0,0,28,A
3-PA,2039,0,0,0,28,28,C
3-PA,2040,0,0,0,29,29,C
3-PA,2041,0,27,0,0,27,T
3-PA,2042,0,27,0,0,27,T
3-PA,2043,0,27,0,0,27,T
3-PA,2044,0,0,27,0,27,G
3-PA,2045,27,0,0,0,27,A
3-PA,2046,0,27,0,0,27,T
3-PA,2047,0,0,0,27,27,C
3-PA,2048,0,26,0,0,26,T
3-PA,2049,0,26,0,0,26,T
3-PA,2050,0,0,26,0,26,G
3-PA,2051,0,0,26,0,26,G
3-PA,2052,0,0,26,0,26,G
3-PA,2053,0,0,26,0,26,G
3-PA,2054,0,0,26,0,26,G
3-PA,2055,0,0,26,0,26,G
3-PA,2056,0,0,0,26,26,C
3-PA,2057,0,26,0,0,26,T
3-PA,2058,26,0,0,0,26,A
3-PA,2059,0,26,0,0,26,T
3-PA,2060,26,0,0,0,26,A
3-PA,2061,0,26,0,0,26,T
3-PA,2062,0,0,25,0,25,G
3-PA,2063,25,0,0,0,25,A
3-PA,2064,24,0,0,0,24,A
3-PA,2065,0,0,24,0,24,G
3-PA,2066,0,0,0,25,25,C
3-PA,2067,25,0,0,0,25,A
3-PA,2068,25,0,0,0,25,A
3-PA,2069,0,24,0,0,24,T
3-PA,2070,0,24,0,0,24,T
3-PA,2071,0,0,24,0,24,G
3-PA,2072,24,0,0,0,24,A
3-PA,2073,0,0,24,0,24,G
3-PA,2074,0,0,24,0,24,G
3-PA,2075,23,0,0,0,23,A
3-PA,2076,1,0,22,0,23,G
3-PA,2077,0,22,0,0,22,T
3-PA,2078,0,0,22,0,22,G
3-PA,2079,0,0,0,22,22,C
3-PA,2080,0,0,0,22,22,C
3-PA,2081,0,19,0,1,20,T
3-PA,2082,0,0,20,0,20,G
3-PA,2083,20,0,0,0,20,A
3-PA,2084,0,20,0,0,20,T
3-PA,2085,0,19,0,0,19,T
3-PA,2086,19,0,0,0,19,A
3-PA,2087,19,0,0,0,19,A
3-PA,2088,0,19,0,0,19,T
3-PA,2089,0,0,19,0,19,G
3-PA,2090,19,0,0,0,19,A
3-PA,2091,0,19,0,0,19,T
3-PA,2092,0,0,0,19,19,C
3-PA,2093,0,0,0,19,19,C
3-PA,2094,0,0,0,19,19,C
3-PA,2095,0,19,0,0,19,T
3-PA,2096,0,0,19,0,19,G
3-PA,2097,0,0,19,0,19,G
3-PA,2098,0,0,19,0,19,G
3-PA,2099,0,19,0,0,19,T
3-PA,2100,0,19,0,0,19,T
3-PA,2101,0,18,0,0,18,T
3-PA,2102,0,18,0,0,18,T
3-PA,2103,0,0,18,0,18,G
3-PA,2104,0,0,0,18,18,C
3-PA,2105,0,18,0,0,18,T
3-PA,2106,0,0,0,18,18,C
3-PA,2107,18,0,0,0,18,A
3-PA,2108,18,0,0,0,18,A
3-PA,2109,0,18,0,0,18,T
3-PA,2110,0,0,18,0,18,G
3-PA,2111,0,0,0,18,18,C
3-PA,2112,0,0,18,0,18,G
3-PA,2113,0,18,0,0,18,T
3-PA,2114,0,0,0,18,18,C
3-PA,2115,0,18,0,0,18,T
3-PA,2116,0,18,0,0,18,T
3-PA,2117,0,0,18,0,18,G
3-PA,2118,0,0,18,0,18,G
3-PA,2119,0,17,0,0,17,T
3-PA,2120,0,17,0,0,17,T
3-PA,2121,0,0,0,17,17,C
3-PA,2122,17,0,0,0,17,A
3-PA,2123,17,0,0,0,17,A
3-PA,2124,0,0,0,17,17,C
3-PA,2125,0,16,0,0,16,T
3-PA,2126,0,0,0,16,16,C
3-PA,2127,0,0,0,15,15,C
3-PA,2128,0,15,0,0,15,T
3-PA,2129,0,15,0,0,15,T
3-PA,2130,0,0,0,15,15,C
3-PA,2131,0,0,0,15,15,C
3-PA,2132,0,15,0,0,15,T
3-PA,2133,0,0,15,0,15,G
3-PA,2134,15,0,0,0,15,A
3-PA,2135,0,0,0,13,13,C
3-PA,2136,12,0,0,0,12,A
3-PA,2137,0,0,0,10,10,C
3-PA,2138,10,0,0,0,10,A
3-PA,2139,0,10,0,0,10,T
3-PA,2140,0,0,10,0,10,G
3-PA,2141,0,0,0,10,10,C
3-PA,2142,9,0,0,0,9,A
3-PA,2143,0,9,0,0,9,T
3-PA,2144,0,9,0,0,9,T
3-PA,2145,9,0,0,0,9,A
3-PA,2146,9,0,0,0,9,A
3-PA,2147,9,0,0,0,9,A
3-PA,2148,9,0,0,0,9,A
3-PA,2149,0,9,0,0,9,T
3-PA,2150,6,0,0,0,6,A
3-PA,2151,0,0,6,0,6,G
4-HA,1,298,0,0,0,298,A
4-HA,2,0,301,0,0,301,T
4-HA,3,0,0,302,0,302,G
4-HA,4,303,0,0,0,303,A
4-HA,5,305,0,1,0,306,A
4-HA,6,0,0,336,0,336,G
4-HA,7,338,0,0,0,338,A
4-HA,8,1,0,0,366,367,C
4-HA,9,0,370,0,0,370,T
4-HA,10,380,0,1,0,381,A
4-HA,11,0,392,0,0,392,T
4-HA,12,0,0,0,394,394,C
4-HA,13,394,0,0,0,394,A
4-HA,14,0,395,0,1,396,T
4-HA,15,0,395,0,0,395,T
4-HA,16,0,0,430,0,430,G
4-HA,17,0,0,0,434,434,C
4-HA,18,0,436,0,0,436,T
4-HA,19,0,436,0,0,436,T
4-HA,20,0,437,0,0,437,T
4-HA,21,0,1,458,0,459,G
4-HA,22,461,0,0,0,461,A
4-HA,23,0,0,476,0,476,G
4-HA,24,0,0,0,477,477,C
4-HA,25,0,477,0,0,477,T
4-HA,26,519,0,0,0,519,A
4-HA,27,0,0,0,526,526,C
4-HA,28,536,0,0,0,536,A
4-HA,29,0,579,0,0,579,T
4-HA,30,0,581,0,0,581,T
4-HA,31,0,0,0,588,588,C
4-HA,32,0,584,0,0,584,T
4-HA,33,598,0,0,0,598,A
4-HA,34,0,600,0,0,600,T
4-HA,35,0,0,601,0,601,G
4-HA,36,1,600,0,1,602,T
4-HA,37,1,0,0,601,602,C
4-HA,38,0,602,0,0,602,T
4-HA,39,0,2,601,0,603,G
4-HA,40,0,0,608,0,608,G
4-HA,41,0,607,0,0,607,T
4-HA,42,0,607,1,0,608,T
4-HA,43,0,609,0,1,610,T
4-HA,44,1,609,0,0,610,T
4-HA,45,0,0,0,608,608,C
4-HA,46,1,0,607,0,608,G
4-HA,47,0,0,0,617,617,C
4-HA,48,0,613,0,3,616,T
4-HA,49,0,0,0,621,621,C
4-HA,50,620,0,0,0,620,A
4-HA,51,624,0,0,0,624,A
4-HA,52,621,0,0,0,621,A
4-HA,53,624,0,0,0,624,A
4-HA,54,622,0,1,0,623,A
4-HA,55,0,0,0,627,627,C
4-HA,56,0,627,0,1,628,T
4-HA,57,0,629,0,0,629,T
4-HA,58,1,0,0,627,628,C
4-HA,59,0,0,0,628,628,C
4-HA,60,0,628,0,0,628,T
4-HA,61,0,0,639,0,639,G
4-HA,62,0,1,639,0,640,G
4-HA,63,640,0,2,0,642,A
4-HA,64,655,0,0,0,655,A
4-HA,65,651,0,2,0,653,A
4-HA,66,0,664,0,0,664,T
4-HA,67,0,0,671,0,671,G
4-HA,68,669,1,1,0,671,A
4-HA,69,0,1,0,680,681,C
4-HA,70,678,1,0,0,679,A
4-HA,71,680,0,1,0,681,A
4-HA,72,0,0,0,693,693,C
4-HA,73,689,0,0,0,689,A
4-HA,74,0,1,695,0,696,G
4-HA,75,0,0,0,694,694,C
4-HA,76,694,0,0,0,694,A
4-HA,77,0,0,0,709,709,C
4-HA,78,1,1,703,0,705,G
4-HA,79,0,0,713,0,713,G
4-HA,80,0,0,0,716,716,C
4-HA,81,714,0,0,0,714,A
4-HA,82,722,0,0,0,722,A
4-HA,83,0,0,0,728,728,C
4-HA,84,0,0,731,0,731,G
4-HA,85,0,0,0,733,733,C
4-HA,86,0,724,0,1,725,T
4-HA,87,0,0,734,0,734,G
4-HA,88,0,734,0,1,735,T
4-HA,89,1,0,748,0,749,G
4-HA,90,0,0,0,757,757,C
4-HA,91,0,0,0,771,771,C
4-HA,92,0,770,0,0,770,T
4-HA,93,0,767,0,0,767,T
4-HA,94,0,1,767,0,768,G
4-HA,95,2,0,770,0,772,G
4-HA,96,0,1,784,0,785,G
4-HA,97,0,0,0,788,788,C
4-HA,98,777,0,1,0,778,A
4-HA,99,0,0,0,790,790,C
4-HA,100,0,0,0,782,782,C
4-HA,101,826,0,1,0,827,A
4-HA,102,0,828,0,0,828,T
4-HA,103,1,0,829,0,830,G
4-HA,104,0,1,0,830,831,C
4-HA,105,820,0,1,0,821,A
4-HA,106,0,0,876,0,876,G
4-HA,107,1,875,0,0,876,T
4-HA,108,883,0,1,0,884,A
4-HA,109,0,0,0,885,885,C
4-HA,110,0,0,0,859,859,C
4-HA,111,871,0,0,0,871,A
4-HA,112,866,0,1,0,867,A
4-HA,113,870,0,0,0,870,A
4-HA,114,0,1,0,876,877,C
4-HA,115,1,0,854,0,855,G
4-HA,116,1,1,869,0,871,G
4-HA,117,866,0,2,0,868,A
4-HA,118,869,0,2,0,871,A
4-HA,119,0,62,0,806,868,C
4-HA,120,0,0,864,0,864,G
4-HA,121,0,0,859,0,859,G
4-HA,122,0,897,0,1,898,T
4-HA,123,908,1,1,0,910,A
4-HA,124,0,0,911,0,911,G
4-HA,125,0,901,0,0,901,T
4-HA,126,0,0,902,0,902,G
4-HA,127,902,0,0,0,902,A
4-HA,128,903,0,0,0,903,A
4-HA,129,897,0,0,0,897,A
4-HA,130,887,0,2,1,890,A
4-HA,131,0,0,0,906,906,C
4-HA,132,903,1,0,0,904,A
4-HA,133,905,0,0,0,905,A
4-HA,134,0,902,0,1,903,T
4-HA,135,1,0,0,901,902,C
4-HA,136,902,1,0,0,903,A
4-HA,137,0,0,0,907,907,C
4-HA,138,0,0,907,0,907,G
4-HA,139,905,0,0,0,905,A
4-HA,140,903,0,0,0,903,A
4-HA,141,0,904,0,0,904,T
4-HA,142,0,1,903,0,904,G
4-HA,143,900,0,6,0,906,A
4-HA,144,0,0,0,904,904,C
4-HA,145,1,0,0,906,907,C
4-HA,146,917,0,0,0,917,A
4-HA,147,920,0,1,0,921,A
4-HA,148,925,0,0,0,925,A
4-HA,149,0,922,0,0,922,T
4-HA,150,0,928,0,0,928,T
4-HA,151,0,0,927,0,927,G
4-HA,152,925,0,0,0,925,A
4-HA,153,927,0,0,0,927,A
4-HA,154,0,0,936,0,936,G
4-HA,155,0,940,0,0,940,T
4-HA,156,0,965,0,1,966,T
4-HA,157,966,0,1,0,967,A
4-HA,158,0,0,0,970,970,C
4-HA,159,1,974,0,0,975,T
4-HA,160,971,0,0,0,971,A
4-HA,161,989,0,0,0,989,A
4-HA,162,0,989,0,0,989,T
4-HA,163,1,1,985,0,987,G
4-HA,164,0,0,0,1019,1019,C
4-HA,165,1,1010,0,2,1013,T
4-HA,166,1015,0,1,0,1016,A
4-HA,167,0,1,0,1014,1015,C
4-HA,168,0,1013,0,0,1013,T
4-HA,169,0,7,1012,0,1019,G
4-HA,170,1010,0,0,0,1010,A
4-HA,171,0,0,1011,0,1011,G
4-HA,172,0,0,0,1012,1012,C
4-HA,173,1,1000,0,0,1001,T
4-HA,174,0,2,1023,0,1025,G
4-HA,175,0,0,1044,0,1044,G
4-HA,176,0,1047,0,2,1049,T
4-HA,177,0,1051,0,1,1052,T
4-HA,178,0,1,0,1051,1052,C
4-HA,179,1045,0,2,0,1047,A
4-HA,180,0,0,1051,0,1051,G
4-HA,181,1049,1,1,0,1051,A
4-HA,182,0,0,1063,0,1063,G
4-HA,183,0,1057,0,1,1058,T
4-HA,184,0,1044,0,0,1044,T
4-HA,185,2,0,0,1051,1053,C
4-HA,186,0,0,0,1055,1055,C
4-HA,187,0,1049,0,1,1050,T
4-HA,188,0,0,0,1056,1056,C
4-HA,189,1056,0,0,0,1056,A
4-HA,190,1053,0,1,0,1054,A
4-HA,191,1,0,0,1055,1056,C
4-HA,192,1032,0,1,0,1033,A
4-HA,193,0,1,1045,0,1046,G
4-HA,194,1,0,1053,0,1054,G
4-HA,195,0,1051,0,1,1052,T
4-HA,196,0,1,1053,0,1054,G
4-HA,197,1055,1,2,0,1058,A
4-HA,198,1056,0,0,0,1056,A
4-HA,199,1086,0,1,1,1088,A
4-HA,200,0,1086,0,0,1086,T
4-HA,201,1104,0,1,0,1105,A
4-HA,202,0,1090,0,0,1090,T
4-HA,203,1,0,1085,0,1086,G
4-HA,204,0,0,0,1087,1087,C
4-HA,205,342,1,741,0,1084,G
4-HA,206,1094,0,0,0,1094,A
4-HA,207,0,0,0,1092,1092,C
4-HA,208,1082,0,1,0,1083,A
4-HA,209,0,0,1148,1,1149,G
4-HA,210,0,1139,0,0,1139,T
4-HA,211,1,0,0,1154,1155,C
4-HA,212,0,3,0,1150,1153,C
4-HA,213,0,1143,0,0,1143,T
4-HA,214,0,0,0,1172,1172,C
4-HA,215,1169,0,0,0,1169,A
4-HA,216,0,1167,0,0,1167,T
4-HA,217,0,0,0,1170,1170,C
4-HA,218,1116,0,0,0,1116,A
4-HA,219,0,0,1122,0,1122,G
4-HA,220,1114,0,2,0,1116,A
4-HA,221,0,1116,0,0,1116,T
4-HA,222,0,0,1,1111,1112,C
4-HA,223,1,0,0,1103,1104,C
4-HA,224,0,1102,0,0,1102,T
4-HA,225,1,1102,0,1,1104,T
4-HA,226,0,0,1102,0,1102,G
4-HA,227,1104,0,0,0,1104,A
4-HA,228,0,1101,0,0,1101,T
4-HA,229,0,0,1107,0,1107,G
4-HA,230,0,0,1113,1,1114,G
4-HA,231,1112,0,0,0,1112,A
4-HA,232,1109,0,0,0,1109,A
4-HA,233,1108,2,3,1,1114,A
4-HA,234,1120,0,0,0,1120,A
4-HA,235,1118,1,0,0,1119,A
4-HA,236,1120,0,0,0,1120,A
4-HA,237,1,0,0,1122,1123,C
4-HA,238,0,1113,0,0,1113,T
4-HA,239,0,0,1118,0,1118,G
4-HA,240,0,1,0,1118,1119,C
4-HA,241,1115,0,1,1,1117,A
4-HA,242,0,0,0,1146,1146,C
4-HA,243,1146,0,0,0,1146,A
4-HA,244,1,1,0,1285,1287,C
4-HA,245,0,1285,0,4,1289,T
4-HA,246,1307,0,0,1,1308,A
4-HA,247,1302,1,0,1,1304,A
4-HA,248,1,1309,0,0,1310,T
4-HA,249,1303,0,0,0,1303,A
4-HA,250,1,0,1306,0,1307,G
4-HA,251,1286,0,0,0,1286,A
4-HA,252,1,1262,0,2,1265,T
4-HA,253,0,0,1191,1,1192,G
4-HA,254,0,0,0,1197,1197,C
4-HA,255,0,1190,0,4,1194,T
4-HA,256,0,0,0,1267,1267,C
4-HA,257,0,1271,0,0,1271,T
4-HA,258,1296,0,0,0,1296,A
4-HA,259,0,1298,0,1,1299,T
4-HA,260,0,1295,0,0,1295,T
4-HA,261,0,1,1296,0,1297,G
4-HA,262,0,0,1296,0,1296,G
4-HA,263,0,0,1297,0,1297,G
4-HA,264,1281,0,0,0,1281,A
4-HA,265,1,2,1255,0,1258,G
4-HA,266,1231,0,1,0,1232,A
4-HA,267,1,0,0,1313,1314,C
4-HA,268,1,0,0,1336,1337,C
4-HA,269,3,0,0,1328,1331,C
4-HA,270,1,1335,0,0,1336,T
4-HA,271,0,0,0,1377,1377,C
4-HA,272,1377,2,2,0,1381,A
4-HA,273,1,0,1462,0,1463,G
4-HA,274,1,1459,0,2,1462,T
4-HA,275,1,19,1454,0,1474,G
4-HA,276,0,1442,0,1,1443,T
4-HA,277,0,2,1437,1,1440,G
4-HA,278,1418,20,1,0,1439,A
4-HA,279,0,1438,0,0,1438,T
4-HA,280,0,1,1426,0,1427,G
4-HA,281,0,0,1422,1,1423,G
4-HA,282,0,0,0,1410,1410,C
4-HA,283,1,1411,0,1,1413,T
4-HA,284,1,1405,0,1,1407,T
4-HA,285,0,0,0,1410,1410,C
4-HA,286,0,3,0,1406,1409,C
4-HA,287,1413,0,0,0,1413,A
4-HA,288,1414,0,0,0,1414,A
4-HA,289,1414,0,1,0,1415,A
4-HA,290,1417,0,0,0,1417,A
4-HA,291,0,1428,0,0,1428,T
4-HA,292,1425,0,1,1,1427,A
4-HA,293,1427,0,3,0,1430,A
4-HA,294,0,1,1433,0,1434,G
4-HA,295,1444,0,0,0,1444,A
4-HA,296,1446,0,2,0,1448,A
4-HA,297,1453,0,0,0,1453,A
4-HA,298,0,1452,0,1,1453,T
4-HA,299,0,1,1450,0,1451,G
4-HA,300,0,2,1452,0,1454,G
4-HA,301,2,3,1445,0,1450,G
4-HA,302,1455,0,3,0,1458,A
4-HA,303,0,0,0,1462,1462,C
4-HA,304,2,0,0,1456,1458,C
4-HA,305,0,1468,0,2,1470,T
4-HA,306,1,1472,0,0,1473,T
4-HA,307,0,1472,0,0,1472,T
4-HA,308,0,1478,0,0,1478,T
4-HA,309,0,1477,0,0,1477,T
4-HA,310,0,0,1478,0,1478,G
4-HA,311,1,1478,0,0,1479,T
4-HA,312,0,1476,0,0,1476,T
4-HA,313,9,2,1465,0,1476,G
4-HA,314,1460,0,0,0,1460,A
4-HA,315,1463,0,1,0,1464,A
4-HA,316,2,0,0,1466,1468,C
4-HA,317,0,0,1451,0,1451,G
4-HA,318,1,0,0,1473,1474,C
4-HA,319,1471,0,3,0,1474,A
4-HA,320,0,1,1473,0,1474,G
4-HA,321,0,1,0,1473,1474,C
4-HA,322,1476,0,3,0,1479,A
4-HA,323,1477,0,0,0,1477,A
4-HA,324,1478,0,3,0,1481,A
4-HA,325,0,0,1538,0,1538,G
4-HA,326,3,1,0,1532,1536,C
4-HA,327,1,0,0,1534,1535,C
4-HA,328,0,1534,0,0,1534,T
4-HA,329,1531,0,0,0,1531,A
4-HA,330,1,0,0,1542,1543,C
4-HA,331,1541,0,1,0,1542,A
4-HA,332,0,0,1544,0,1544,G
4-HA,333,1,0,0,1525,1526,C
4-HA,334,1493,0,0,0,1493,A
4-HA,335,1505,0,0,0,1505,A
4-HA,336,0,0,0,1565,1565,C
4-HA,337,0,1557,0,0,1557,T
4-HA,338,0,0,1559,0,1559,G
4-HA,339,0,1548,0,0,1548,T
4-HA,340,0,1546,0,0,1546,T
4-HA,341,1551,1,0,0,1552,A
4-HA,342,0,0,1,1656,1657,C
4-HA,343,1,0,0,1659,1660,C
4-HA,344,3,0,0,1684,1687,C
4-HA,345,0,1617,0,2,1619,T
4-HA,346,0,1614,0,2,1616,T
4-HA,347,1621,0,1,0,1622,A
4-HA,348,0,1614,0,1,1615,T
4-HA,349,1,0,1613,0,1614,G
4-HA,350,1610,1,0,0,1611,A
4-HA,351,0,1514,0,0,1514,T
4-HA,352,0,0,1525,1,1526,G
4-HA,353,0,1494,0,0,1494,T
4-HA,354,0,1,1491,0,1492,G
4-HA,355,0,0,0,1493,1493,C
4-HA,356,3,0,1,1484,1488,C
4-HA,357,2,2,1515,1,1520,G
4-HA,358,0,1,1546,0,1547,G
4-HA,359,1549,0,1,0,1550,A
4-HA,360,0,1547,0,2,1549,T
4-HA,361,0,1536,0,0,1536,T
4-HA,362,1551,0,0,0,1551,A
4-HA,363,0,1548,0,1,1549,T
4-HA,364,1,0,1551,0,1552,G
4-HA,365,0,2,0,1547,1549,C
4-HA,366,0,1,1,1537,1539,C
4-HA,367,0,1542,0,1,1543,T
4-HA,368,3,1,0,1598,1602,C
4-HA,369,1,1,0,1619,1621,C
4-HA,370,1,1,0,1625,1627,C
4-HA,371,0,1616,0,0,1616,T
4-HA,372,0,1613,0,1,1614,T
4-HA,373,1614,0,1,0,1615,A
4-HA,374,0,2,1640,1,1643,G
4-HA,375,0,0,1651,1,1652,G
4-HA,376,0,1623,0,0,1623,T
4-HA,377,1,0,0,1583,1584,C
4-HA,378,1559,1,1,0,1561,A
4-HA,379,0,0,0,1582,1582,C
4-HA,380,0,1584,0,0,1584,T
4-HA,381,1580,0,0,0,1580,A
4-HA,382,4,0,1577,0,1581,G
4-HA,383,0,1562,0,0,1562,T
4-HA,384,0,1557,1,0,1558,T
4-HA,385,0,0,1576,0,1576,G
4-HA,386,0,0,0,1571,1571,C
4-HA,387,2,3,0,1572,1577,C
4-HA,388,1,1554,0,3,1558,T
4-HA,389,2,1,0,1561,1564,C
4-HA,390,1610,0,0,0,1610,A
4-HA,391,0,1611,0,0,1611,T
4-HA,392,2,0,0,1615,1617,C
4-HA,393,2,0,0,1616,1618,C
4-HA,394,2,1,1605,0,1608,G
4-HA,395,1,2,1609,0,1612,G
4-HA,396,0,1,0,1617,1618,C
4-HA,397,1632,1,1,0,1634,A
4-HA,398,0,0,0,1652,1652,C
4-HA,399,1622,0,2,0,1624,A
4-HA,400,1,0,0,1624,1625,C
4-HA,401,1,1623,0,2,1626,T
4-HA,402,7,0,1634,0,1641,G
4-HA,403,0,1,1654,0,1655,G
4-HA,404,1647,0,2,0,1649,A
4-HA,405,0,1,1671,0,1672,G
4-HA,406,0,1658,0,0,1658,T
4-HA,407,0,1649,0,0,1649,T
4-HA,408,0,1649,0,5,1654,T
4-HA,409,1647,0,0,1,1648,A
4-HA,410,1643,1,3,0,1647,A
4-HA,411,0,2,0,1662,1664,C
4-HA,412,1631,0,1,0,1632,A
4-HA,413,1631,1,2,0,1634,A
4-HA,414,1,1617,1,0,1619,T
4-HA,415,0,0,1620,0,1620,G
4-HA,416,1617,1,0,0,1618,A
4-HA,417,1613,4,0,1,1618,A
4-HA,418,1621,0,0,0,1621,A
4-HA,419,0,0,1627,0,1627,G
4-HA,420,0,0,0,1638,1638,C
4-HA,421,0,1633,0,2,1635,T
4-HA,422,0,1633,0,0,1633,T
4-HA,423,0,0,0,1648,1648,C
4-HA,424,1646,1,1,0,1648,A
4-HA,425,1645,0,1,0,1646,A
4-HA,426,0,1647,0,2,1649,T
4-HA,427,0,1642,1,2,1645,T
4-HA,428,0,4,1677,0,1681,G
4-HA,429,0,1,1688,0,1689,G
4-HA,430,1685,0,4,0,1689,A
4-HA,431,0,0,0,1691,1691,C
4-HA,432,0,1666,1,2,1669,T
4-HA,433,1,0,1669,1,1671,G
4-HA,434,0,2,1681,0,1683,G
4-HA,435,1676,0,1,0,1677,A
4-HA,436,1,0,1685,0,1686,G
4-HA,437,0,1656,0,2,1658,T
4-HA,438,3,1,0,1635,1639,C
4-HA,439,1657,0,1,0,1658,A
4-HA,440,0,0,0,1662,1662,C
4-HA,441,0,1658,0,0,1658,T
4-HA,442,3,0,0,1662,1665,C
4-HA,443,1650,0,1,1,1652,A
4-HA,444,1666,0,0,0,1666,A
4-HA,445,1661,0,0,0,1661,A
4-HA,446,1660,0,1,0,1661,A
4-HA,447,0,1,0,1665,1666,C
4-HA,448,1,0,1652,0,1653,G
4-HA,449,0,4,1680,0,1684,G
4-HA,450,1681,0,0,0,1681,A
4-HA,451,1684,1,0,1,1686,A
4-HA,452,0,0,0,1681,1681,C
4-HA,453,1662,2,0,0,1664,A
4-HA,454,1676,0,2,0,1678,A
4-HA,455,0,1,1696,0,1697,G
4-HA,456,0,0,0,1696,1696,C
4-HA,457,1,1683,0,2,1686,T
4-HA,458,2,0,0,1693,1695,C
4-HA,459,0,1689,0,1,1690,T
4-HA,460,0,1,1694,0,1695,G
4-HA,461,1,0,0,1692,1693,C
4-HA,462,1,1689,0,1,1691,T
4-HA,463,0,1720,0,0,1720,T
4-HA,464,1,0,1758,1,1760,G
4-HA,465,0,1,0,1770,1771,C
4-HA,466,1771,1,1,0,1773,A
4-HA,467,0,1766,0,0,1766,T
4-HA,468,1760,0,1,0,1761,A
4-HA,469,1751,1,0,0,1752,A
4-HA,470,2,1,1745,0,1748,G
4-HA,471,0,2,1750,0,1752,G
4-HA,472,1679,0,1,0,1680,A
4-HA,473,0,1,1661,0,1662,G
4-HA,474,1654,1,1,0,1656,A
4-HA,475,0,1689,0,0,1689,T
4-HA,476,0,0,0,1701,1701,C
4-HA,477,1,1697,0,0,1698,T
4-HA,478,1700,0,0,0,1700,A
4-HA,479,1697,0,0,0,1697,A
4-HA,480,1679,1,1,0,1681,A
4-HA,481,1678,1,0,0,1679,A
4-HA,482,1684,2,0,0,1686,A
4-HA,483,0,2,0,1691,1693,C
4-HA,484,1626,0,2,0,1628,A
4-HA,485,0,0,1643,0,1643,G
4-HA,486,0,1630,0,2,1632,T
4-HA,487,1,1653,0,0,1654,T
4-HA,488,0,1653,1,0,1654,T
4-HA,489,2,0,0,1683,1685,C
4-HA,490,0,1676,0,3,1679,T
4-HA,491,0,1694,1,0,1695,T
4-HA,492,0,1695,0,0,1695,T
4-HA,493,1692,1,7,0,1700,A
4-HA,494,1,0,1700,0,1701,G
4-HA,495,0,1693,0,1,1694,T
4-HA,496,1688,1,1,0,1690,A
4-HA,497,0,1,1696,0,1697,G
4-HA,498,1658,0,2,0,1660,A
4-HA,499,1,1656,0,0,1657,T
4-HA,500,0,1654,0,0,1654,T
4-HA,501,2,0,1682,0,1684,G
4-HA,502,1683,0,1,0,1684,A
4-HA,503,1678,0,0,0,1678,A
4-HA,504,0,1680,1,2,1683,T
4-HA,505,1,1665,0,1,1667,T
4-HA,506,1,1,1677,0,1679,G
4-HA,507,0,1,1676,0,1677,G
4-HA,508,0,1678,0,1,1679,T
4-HA,509,1,1677,1,0,1679,T
4-HA,510,0,2,1650,0,1652,G
4-HA,511,1650,0,2,0,1652,A
4-HA,512,0,0,0,1645,1645,C
4-HA,513,2,0,0,1652,1654,C
4-HA,514,2,0,1,1660,1663,C
4-HA,515,1656,0,1,0,1657,A
4-HA,516,0,0,0,1669,1669,C
4-HA,517,0,1664,0,1,1665,T
4-HA,518,1,1668,0,0,1669,T
4-HA,519,1664,0,0,0,1664,A
4-HA,520,1658,0,0,1,1659,A
4-HA,521,1658,0,1,0,1659,A
4-HA,522,0,1,0,1621,1622,C
4-HA,523,0,1676,0,3,1679,T
4-HA,524,1,1684,0,0,1685,T
4-HA,525,1,0,0,1696,1697,C
4-HA,526,1698,0,0,0,1698,A
4-HA,527,1697,0,0,0,1697,A
4-HA,528,1711,0,3,0,1714,A
4-HA,529,0,1710,0,0,1710,T
4-HA,530,1706,0,0,0,1706,A
4-HA,531,0,0,0,1699,1699,C
4-HA,532,1,1640,0,1,1642,T
4-HA,533,1,3,0,1678,1682,C
4-HA,534,1680,1,1,0,1682,A
4-HA,535,1,1,1761,0,1763,G
4-HA,536,1,0,0,1764,1765,C
4-HA,537,1758,0,0,0,1758,A
4-HA,538,1,1753,1,1,1756,T
4-HA,539,1,1736,0,1,1738,T
4-HA,540,2,2,1793,0,1797,G
4-HA,541,1800,0,1,0,1801,A
4-HA,542,1798,0,3,0,1801,A
4-HA,543,0,0,0,1796,1796,C
4-HA,544,0,1,1751,0,1752,G
4-HA,545,0,1753,0,2,1755,T
4-HA,546,0,2,1759,0,1761,G
4-HA,547,1765,0,1,0,1766,A
4-HA,548,0,0,0,1766,1766,C
4-HA,549,0,1705,0,0,1705,T
4-HA,550,1750,0,0,0,1750,A
4-HA,551,0,1749,0,3,1752,T
4-HA,552,2,1,1764,0,1767,G
4-HA,553,0,0,0,1764,1764,C
4-HA,554,3,4,0,1736,1743,C
4-HA,555,1748,0,1,0,1749,A
4-HA,556,1745,0,1,0,1746,A
4-HA,557,1764,0,0,1,1765,A
4-HA,558,1,0,0,1770,1771,C
4-HA,559,1724,1,0,0,1725,A
4-HA,560,1724,0,1,0,1725,A
4-HA,561,0,1711,0,0,1711,T
4-HA,562,0,3,1709,0,1712,G
4-HA,563,1710,2,2,0,1714,A
4-HA,564,1713,1,0,0,1714,A
4-HA,565,0,0,0,1683,1683,C
4-HA,566,1694,0,0,0,1694,A
4-HA,567,1704,0,1,1,1706,A
4-HA,568,0,1703,1,0,1704,T
4-HA,569,0,1705,0,2,1707,T
4-HA,570,1,1708,0,0,1709,T
4-HA,571,2,1,1703,0,1706,G
4-HA,572,1708,1,2,0,1711,A
4-HA,573,0,0,0,1710,1710,C
4-HA,574,1707,1,0,0,1708,A
4-HA,575,1706,0,0,0,1706,A
4-HA,576,1732,0,0,0,1732,A
4-HA,577,0,1748,0,0,1748,T
4-HA,578,0,1739,0,2,1741,T
4-HA,579,0,1,1766,0,1767,G
4-HA,580,3,1761,0,0,1764,T
4-HA,581,1767,1,0,0,1768,A
4-HA,582,0,0,0,1805,1805,C
4-HA,583,1798,0,0,0,1798,A
4-HA,584,0,1820,0,0,1820,T
4-HA,585,0,1793,0,0,1793,T
4-HA,586,0,1789,0,1,1790,T
4-HA,587,0,6,1777,0,1783,G
4-HA,588,1,1,1771,0,1773,G
4-HA,589,1,3,1765,0,1769,G
4-HA,590,1,4,1774,0,1779,G
4-HA,591,1,0,1759,0,1760,G
4-HA,592,0,1,1797,0,1798,G
4-HA,593,0,1769,0,1,1770,T
4-HA,594,1,1778,0,0,1779,T
4-HA,595,2,0,1,1777,1780,C
4-HA,596,1778,1,6,0,1785,A
4-HA,597,0,0,0,1786,1786,C
4-HA,598,1,0,0,1784,1785,C
4-HA,599,1794,0,0,2,1796,A
4-HA,600,0,0,0,1812,1812,C
4-HA,601,0,0,0,1791,1791,C
4-HA,602,1,1,0,1781,1783,C
4-HA,603,2,2,1782,0,1786,G
4-HA,604,1,0,1813,0,1814,G
4-HA,605,0,3,1820,1,1824,G
4-HA,606,0,1814,0,0,1814,T
4-HA,607,1816,0,0,0,1816,A
4-HA,608,0,1,0,1805,1806,C
4-HA,609,0,2,1794,0,1796,G
4-HA,610,1,2,1828,0,1831,G
4-HA,611,1833,0,0,0,1833,A
4-HA,612,0,0,0,1831,1831,C
4-HA,613,1793,1,0,0,1794,A
4-HA,614,1791,0,0,0,1791,A
4-HA,615,1776,0,5,0,1781,A
4-HA,616,0,0,1837,0,1837,G
4-HA,617,1835,0,5,0,1840,A
4-HA,618,0,0,0,1838,1838,C
4-HA,619,1,0,0,1795,1796,C
4-HA,620,1809,0,0,0,1809,A
4-HA,621,1802,0,0,0,1802,A
4-HA,622,1825,1,0,0,1826,A
4-HA,623,1,1820,1,0,1822,T
4-HA,624,1,0,0,1841,1842,C
4-HA,625,0,1753,0,0,1753,T
4-HA,626,0,1756,0,0,1756,T
4-HA,627,1,0,0,1770,1771,C
4-HA,628,0,0,0,1779,1779,C
4-HA,629,0,1768,0,2,1770,T
4-HA,630,0,2,1780,0,1782,G
4-HA,631,0,1752,0,1,1753,T
4-HA,632,1766,0,1,0,1767,A
4-HA,633,0,1759,0,1,1760,T
4-HA,634,2,0,1767,0,1769,G
4-HA,635,0,0,0,1762,1762,C
4-HA,636,0,1747,0,2,1749,T
4-HA,637,3,2,0,1746,1751,C
4-HA,638,1756,0,1,0,1757,A
4-HA,639,1752,0,1,0,1753,A
4-HA,640,0,0,1760,0,1760,G
4-HA,641,0,0,0,1770,1770,C
4-HA,642,1769,0,1,0,1770,A
4-HA,643,1,1747,0,1,1749,T
4-HA,644,1,0,0,1746,1747,C
4-HA,645,1748,0,0,0,1748,A
4-HA,646,1,0,1767,0,1768,G
4-HA,647,0,1,1775,0,1776,G
4-HA,648,1767,0,0,0,1767,A
4-HA,649,1759,0,0,0,1759,A
4-HA,650,0,3,1817,0,1820,G
4-HA,651,1822,1,1,0,1824,A
4-HA,652,1838,1,1,0,1840,A
4-HA,653,0,1857,1,2,1860,T
4-HA,654,2,1,0,1852,1855,C
4-HA,655,1842,0,0,0,1842,A
4-HA,656,0,2,0,1842,1844,C
4-HA,657,1834,0,1,0,1835,A
4-HA,658,0,2,1870,0,1872,G
4-HA,659,0,1841,0,1,1842,T
4-HA,660,2,0,0,1841,1843,C
4-HA,661,0,1816,0,1,1817,T
4-HA,662,0,0,0,1855,1855,C
4-HA,663,0,1853,0,0,1853,T
4-HA,664,1869,0,0,0,1869,A
4-HA,665,0,1,0,1868,1869,C
4-HA,666,1,1,0,1860,1862,C
4-HA,667,1836,0,1,0,1837,A
4-HA,668,1855,0,0,0,1855,A
4-HA,669,1839,0,1,0,1840,A
4-HA,670,1847,0,0,0,1847,A
4-HA,671,1,1,1874,0,1876,G
4-HA,672,1841,1,1,0,1843,A
4-HA,673,1828,0,1,0,1829,A
4-HA,674,3,0,1836,0,1839,G
4-HA,675,0,0,0,1842,1842,C
4-HA,676,3,0,0,1844,1847,C
4-HA,677,1846,2,0,0,1848,A
4-HA,678,1829,26,1,0,1856,A
4-HA,679,1,2,0,1851,1854,C
4-HA,680,1847,0,0,0,1847,A
4-HA,681,1822,0,1,28,1851,A
4-HA,682,1851,0,1,0,1852,A
4-HA,683,1,2,0,1898,1901,C
4-HA,684,0,1890,0,1,1891,T
4-HA,685,0,0,1908,0,1908,G
4-HA,686,0,1901,0,2,1903,T
4-HA,687,1896,0,0,0,1896,A
4-HA,688,1909,0,0,0,1909,A
4-HA,689,0,1899,0,1,1900,T
4-HA,690,2,0,0,1918,1920,C
4-HA,691,1,3,0,1916,1920,C
4-HA,692,1,4,0,1878,1883,C
4-HA,693,0,2,1881,0,1883,G
4-HA,694,1870,1,0,0,1871,A
4-HA,695,1877,0,1,0,1878,A
4-HA,696,0,1882,0,1,1883,T
4-HA,697,1884,0,0,0,1884,A
4-HA,698,0,1880,0,0,1880,T
4-HA,699,0,0,0,1859,1859,C
4-HA,700,1,1,1858,0,1860,G
4-HA,701,1,0,1910,0,1911,G
4-HA,702,1908,0,1,0,1909,A
4-HA,703,0,1919,0,1,1920,T
4-HA,704,4,0,0,1913,1917,C
4-HA,705,0,1913,0,2,1915,T
4-HA,706,1911,0,2,0,1913,A
4-HA,707,1,1,1922,0,1924,G
4-HA,708,1933,0,1,1,1935,A
4-HA,709,3,1,0,1925,1929,C
4-HA,710,1,0,0,1878,1879,C
4-HA,711,5,0,0,1877,1882,C
4-HA,712,1870,1,1,0,1872,A
4-HA,713,1,2,1972,0,1975,G
4-HA,714,1972,0,0,0,1972,A
4-HA,715,1,0,2002,0,2003,G
4-HA,716,2,1984,0,3,1989,T
4-HA,717,1974,0,0,0,1974,A
4-HA,718,1968,0,3,0,1971,A
4-HA,719,0,0,2000,0,2000,G
4-HA,720,0,0,2017,0,2017,G
4-HA,721,1998,0,1,1,2000,A
4-HA,722,1814,2,2,0,1818,A
4-HA,723,0,1809,0,1,1810,T
4-HA,724,1808,0,0,0,1808,A
4-HA,725,0,1797,0,2,1799,T
4-HA,726,0,1,1,1829,1831,C
4-HA,727,1,0,1,1821,1823,C
4-HA,728,3,0,0,1781,1784,C
4-HA,729,0,1774,0,3,1777,T
4-HA,730,1784,0,1,0,1785,A
4-HA,731,0,0,1790,0,1790,G
4-HA,732,2,0,0,1789,1791,C
4-HA,733,1745,1,0,0,1746,A
4-HA,734,0,3,1792,0,1795,G
4-HA,735,1768,1,2,0,1771,A
4-HA,736,1778,0,0,0,1778,A
4-HA,737,0,1777,0,0,1777,T
4-HA,738,1775,0,0,1,1776,A
4-HA,739,1787,0,0,0,1787,A
4-HA,740,0,1,1783,0,1784,G
4-HA,741,0,1,0,1786,1787,C
4-HA,742,1783,0,0,1,1784,A
4-HA,743,0,1750,0,0,1750,T
4-HA,744,1,2,0,1819,1822,C
4-HA,745,0,1812,0,2,1814,T
4-HA,746,1813,2,2,0,1817,A
4-HA,747,0,1813,0,0,1813,T
4-HA,748,1,1793,0,1,1795,T
4-HA,749,0,0,1807,0,1807,G
4-HA,750,0,1,1795,0,1796,G
4-HA,751,1789,1,2,1,1793,A
4-HA,752,0,0,0,1797,1797,C
4-HA,753,1696,0,1,0,1697,A
4-HA,754,1716,0,2,0,1718,A
4-HA,755,0,1796,0,1,1797,T
4-HA,756,1813,0,1,0,1814,A
4-HA,757,2,1,1825,0,1828,G
4-HA,758,0,1814,0,2,1816,T
4-HA,759,1811,0,1,0,1812,A
4-HA,760,1809,0,2,0,1811,A
4-HA,761,1827,0,0,0,1827,A
4-HA,762,1837,0,1,2,1840,A
4-HA,763,0,0,0,1846,1846,C
4-HA,764,1,1,0,1759,1761,C
4-HA,765,1,1,1760,0,1762,G
4-HA,766,0,0,1775,0,1775,G
4-HA,767,1,2,1789,0,1792,G
4-HA,768,1790,1,2,0,1793,A
4-HA,769,0,2,1793,1,1796,G
4-HA,770,1811,0,2,0,1813,A
4-HA,771,0,0,0,1809,1809,C
4-HA,772,1809,1,2,1,1813,A
4-HA,773,0,1813,0,0,1813,T
4-HA,774,1816,0,0,0,1816,A
4-HA,775,0,0,0,1837,1837,C
4-HA,776,0,1832,0,0,1832,T
4-HA,777,0,1831,0,1,1832,T
4-HA,778,0,1838,0,2,1840,T
4-HA,779,0,1833,0,0,1833,T
4-HA,780,1,3,1842,0,1846,G
4-HA,781,1845,0,3,1,1849,A
4-HA,782,0,1843,0,0,1843,T
4-HA,783,1,1873,1,0,1875,T
4-HA,784,1865,0,2,0,1867,A
4-HA,785,1872,1,1,0,1874,A
4-HA,786,0,0,0,1894,1894,C
4-HA,787,1885,0,1,0,1886,A
4-HA,788,3,0,1937,0,1940,G
4-HA,789,1,1,0,1920,1922,C
4-HA,790,1925,2,2,0,1929,A
4-HA,791,0,0,0,1938,1938,C
4-HA,792,1911,0,2,1,1914,A
4-HA,793,2,1,1930,0,1933,G
4-HA,794,1,2,1922,0,1925,G
4-HA,795,1,1,1979,0,1981,G
4-HA,796,1979,0,1,0,1980,A
4-HA,797,1987,0,3,0,1990,A
4-HA,798,0,1986,0,1,1987,T
4-HA,799,1,1,0,1992,1994,C
4-HA,800,1,2006,1,0,2008,T
4-HA,801,2018,0,0,0,2018,A
4-HA,802,2008,0,0,1,2009,A
4-HA,803,1,1998,0,0,1999,T
4-HA,804,1,1954,0,0,1955,T
4-HA,805,0,0,1970,0,1970,G
4-HA,806,0,1,0,2010,2011,C
4-HA,807,1,2056,2,1,2060,T
4-HA,808,4,0,0,2104,2108,C
4-HA,809,0,0,0,2099,2099,C
4-HA,810,0,2100,0,1,2101,T
4-HA,811,2102,0,0,0,2102,A
4-HA,812,1,2,2099,0,2102,G
4-HA,813,0,3,2116,0,2119,G
4-HA,814,0,1,2122,0,2123,G
4-HA,815,1,1,2098,0,2100,G
4-HA,816,1,2039,1,1,2042,T
4-HA,817,0,2020,0,0,2020,T
4-HA,818,2023,0,0,0,2023,A
4-HA,819,0,0,0,2051,2051,C
4-HA,820,0,2030,0,2,2032,T
4-HA,821,0,2045,1,2,2048,T
4-HA,822,0,0,0,2041,2041,C
4-HA,823,2029,0,2,0,2031,A
4-HA,824,2029,1,0,0,2030,A
4-HA,825,2027,0,0,1,2028,A
4-HA,826,2042,0,0,0,2042,A
4-HA,827,0,2048,0,0,2048,T
4-HA,828,2027,0,1,0,2028,A
4-HA,829,1,0,0,2023,2024,C
4-HA,830,0,2,2014,0,2016,G
4-HA,831,2016,0,0,0,2016,A
4-HA,832,2013,1,1,0,2015,A
4-HA,833,0,0,2031,0,2031,G
4-HA,834,0,2020,0,2,2022,T
4-HA,835,0,2,2047,0,2049,G
4-HA,836,0,2,2043,0,2045,G
4-HA,837,0,0,2054,0,2054,G
4-HA,838,2045,1,2,0,2048,A
4-HA,839,2054,0,0,0,2054,A
4-HA,840,2048,0,1,0,2049,A
4-HA,841,2044,0,2,0,2046,A
4-HA,842,1,0,2092,0,2093,G
4-HA,843,0,0,0,2082,2082,C
4-HA,844,0,2064,0,1,2065,T
4-HA,845,2,2,0,2088,2092,C
4-HA,846,2089,0,1,0,2090,A
4-HA,847,2102,1,0,0,2103,A
4-HA,848,1,2102,0,2,2105,T
4-HA,849,2121,0,0,0,2121,A
4-HA,850,2124,0,0,0,2124,A
4-HA,851,0,2078,0,0,2078,T
4-HA,852,1,2,2081,0,2084,G
4-HA,853,2068,1,1,0,2070,A
4-HA,854,3,1,2122,0,2126,G
4-HA,855,2128,0,1,0,2129,A
4-HA,856,0,2109,0,0,2109,T
4-HA,857,0,2,0,2141,2143,C
4-HA,858,2132,3,0,1,2136,A
4-HA,859,1,0,2170,0,2171,G
4-HA,860,2171,0,2,0,2173,A
4-HA,861,0,2163,0,2,2165,T
4-HA,862,2,0,2160,1,2163,G
4-HA,863,0,3,0,2129,2132,C
4-HA,864,2131,0,3,0,2134,A
4-HA,865,0,0,0,2165,2165,C
4-HA,866,1,0,0,2141,2142,C
4-HA,867,2,0,0,2143,2145,C
4-HA,868,2111,1,1,0,2113,A
4-HA,869,0,2103,0,0,2103,T
4-HA,870,0,2098,0,2,2100,T
4-HA,871,1,0,2129,0,2130,G
4-HA,872,2,0,2120,0,2122,G
4-HA,873,0,1,0,2123,2124,C
4-HA,874,2100,0,1,0,2101,A
4-HA,875,2098,0,0,0,2098,A
4-HA,876,2130,0,0,0,2130,A
4-HA,877,0,2130,0,0,2130,T
4-HA,878,0,0,2135,0,2135,G
4-HA,879,1,0,0,2129,2130,C
4-HA,880,2116,0,0,0,2116,A
4-HA,881,2160,0,0,0,2160,A
4-HA,882,0,2164,0,0,2164,T
4-HA,883,0,2169,0,1,2170,T
4-HA,884,2,0,0,2170,2172,C
4-HA,885,1,2141,1,2,2145,T
4-HA,886,1,1,2157,0,2159,G
4-HA,887,2157,0,0,0,2157,A
4-HA,888,2166,1,1,0,2168,A
4-HA,889,0,2166,0,3,2169,T
4-HA,890,0,1,2139,0,2140,G
4-HA,891,0,2,0,2148,2150,C
4-HA,892,2149,0,1,0,2150,A
4-HA,893,3,2144,0,1,2148,T
4-HA,894,4,0,0,2139,2143,C
4-HA,895,2139,1,1,0,2141,A
4-HA,896,1,0,0,2204,2205,C
4-HA,897,0,2193,1,1,2195,T
4-HA,898,3,0,0,2195,2198,C
4-HA,899,2,1,0,2186,2189,C
4-HA,900,2195,0,0,0,2195,A
4-HA,901,2191,0,1,0,2192,A
4-HA,902,2194,0,0,0,2194,A
4-HA,903,0,2101,0,1,2102,T
4-HA,904,0,3,2111,0,2114,G
4-HA,905,0,0,2116,1,2117,G
4-HA,906,2121,1,1,0,2123,A
4-HA,907,2120,1,2,0,2123,A
4-HA,908,0,0,2122,0,2122,G
4-HA,909,0,1,0,2096,2097,C
4-HA,910,2080,0,0,0,2080,A
4-HA,911,0,2080,0,1,2081,T
4-HA,912,2,2071,0,2,2075,T
4-HA,913,3,1,0,2106,2110,C
4-HA,914,2,2,0,2109,2113,C
4-HA,915,6,0,0,2105,2111,C
4-HA,916,2100,0,1,0,2101,A
4-HA,917,2123,0,0,2,2125,A
4-HA,918,1,2141,0,2,2144,T
4-HA,919,0,4,2134,3,2141,G
4-HA,920,2132,1,1,0,2134,A
4-HA,921,0,0,0,2136,2136,C
4-HA,922,2056,0,1,0,2057,A
4-HA,923,2062,0,0,0,2062,A
4-HA,924,2057,0,1,0,2058,A
4-HA,925,0,0,0,2073,2073,C
4-HA,926,0,0,0,2027,2027,C
4-HA,927,1990,0,1,1,1992,A
4-HA,928,0,1991,0,2,1993,T
4-HA,929,1,1984,0,1,1986,T
4-HA,930,1,0,0,1993,1994,C
4-HA,931,0,0,0,1997,1997,C
4-HA,932,1993,0,0,0,1993,A
4-HA,933,1985,0,0,0,1985,A
4-HA,934,1973,0,1,0,1974,A
4-HA,935,1994,0,0,0,1994,A
4-HA,936,0,1983,0,0,1983,T
4-HA,937,1,0,1983,0,1984,G
4-HA,938,0,1977,0,0,1977,T
4-HA,939,1978,0,1,0,1979,A
4-HA,940,1978,0,1,0,1979,A
4-HA,941,1975,0,2,0,1977,A
4-HA,942,0,0,0,1992,1992,C
4-HA,943,1964,0,1,0,1965,A
4-HA,944,1,4,1969,0,1974,G
4-HA,945,1,2,1982,0,1985,G
4-HA,946,2008,0,0,0,2008,A
4-HA,947,0,2009,0,1,2010,T
4-HA,948,1,0,0,2019,2020,C
4-HA,949,2024,0,0,0,2024,A
4-HA,950,0,0,0,2081,2081,C
4-HA,951,2076,1,1,2,2080,A
4-HA,952,0,2122,0,0,2122,T
4-HA,953,2053,0,2,0,2055,A
4-HA,954,0,2,0,2035,2037,C
4-HA,955,1,4,1980,0,1985,G
4-HA,956,0,2,1987,0,1989,G
4-HA,957,1,3,1962,0,1966,G
4-HA,958,0,1,1969,0,1970,G
4-HA,959,1,0,0,1924,1925,C
4-HA,960,3,2,0,1911,1916,C
4-HA,961,0,1864,1,2,1867,T
4-HA,962,0,1,1992,0,1993,G
4-HA,963,0,1995,0,2,1997,T
4-HA,964,3,0,0,2003,2006,C
4-HA,965,0,0,0,1990,1990,C
4-HA,966,2,1,0,1978,1981,C
4-HA,967,1965,0,3,0,1968,A
4-HA,968,0,5,1987,0,1992,G
4-HA,969,1981,0,1,0,1982,A
4-HA,970,0,1981,0,0,1981,T
4-HA,971,1793,0,2,0,1795,A
4-HA,972,0,1790,0,0,1790,T
4-HA,973,2,1,1786,0,1789,G
4-HA,974,0,1771,0,2,1773,T
4-HA,975,1,1735,0,0,1736,T
4-HA,976,1752,0,0,0,1752,A
4-HA,977,1728,0,2,0,1730,A
4-HA,978,0,23,1719,0,1742,G
4-HA,979,0,1,0,1743,1744,C
4-HA,980,1709,0,0,0,1709,A
4-HA,981,1712,0,2,0,1714,A
4-HA,982,1699,0,0,0,1699,A
4-HA,983,1698,0,1,2,1701,A
4-HA,984,0,0,0,1703,1703,C
4-HA,985,1679,0,0,0,1679,A
4-HA,986,1,0,0,1696,1697,C
4-HA,987,0,1658,0,0,1658,T
4-HA,988,1,0,0,1673,1674,C
4-HA,989,0,1669,0,1,1670,T
4-HA,990,2,0,1687,0,1689,G
4-HA,991,1687,0,0,0,1687,A
4-HA,992,1680,0,0,0,1680,A
4-HA,993,1681,0,0,0,1681,A
4-HA,994,0,1662,0,0,1662,T
4-HA,995,0,1643,0,0,1643,T
4-HA,996,1,1,1653,0,1655,G
4-HA,997,2,0,1655,0,1657,G
4-HA,998,1,0,0,1662,1663,C
4-HA,999,1641,0,2,0,1643,A
4-HA,1000,1640,1,1,1,1643,A
4-HA,1001,1,1,0,1643,1645,C
4-HA,1002,1640,0,0,0,1640,A
4-HA,1003,0,3,1656,0,1659,G
4-HA,1004,1,3,1652,0,1656,G
4-HA,1005,0,3,1642,0,1645,G
4-HA,1006,1644,0,1,0,1645,A
4-HA,1007,0,1638,0,1,1639,T
4-HA,1008,0,1,1647,0,1648,G
4-HA,1009,0,0,1,1645,1646,C
4-HA,1010,4,2,1639,0,1645,G
4-HA,1011,1655,0,2,1,1658,A
4-HA,1012,1623,1,0,1,1625,A
4-HA,1013,1642,0,0,1,1643,A
4-HA,1014,0,1620,0,0,1620,T
4-HA,1015,0,1,1642,0,1643,G
4-HA,1016,1,1637,0,4,1642,T
4-HA,1017,1634,0,0,1,1635,A
4-HA,1018,1,0,0,1637,1638,C
4-HA,1019,2,1,0,1617,1620,C
4-HA,1020,1596,0,2,0,1598,A
4-HA,1021,0,0,1610,0,1610,G
4-HA,1022,1592,0,0,0,1592,A
4-HA,1023,2,1,1613,0,1616,G
4-HA,1024,1580,0,3,0,1583,A
4-HA,1025,1576,0,0,0,1576,A
4-HA,1026,1574,0,2,0,1576,A
4-HA,1027,1,0,0,1583,1584,C
4-HA,1028,1574,0,0,0,1574,A
4-HA,1029,1603,0,1,0,1604,A
4-HA,1030,1598,0,0,0,1598,A
4-HA,1031,0,0,0,1612,1612,C
4-HA,1032,0,1593,0,0,1593,T
4-HA,1033,1572,0,0,0,1572,A
4-HA,1034,0,1,1572,0,1573,G
4-HA,1035,1559,1,5,0,1565,A
4-HA,1036,0,0,1600,0,1600,G
4-HA,1037,0,1,1596,0,1597,G
4-HA,1038,0,0,1,1559,1560,C
4-HA,1039,1571,0,0,0,1571,A
4-HA,1040,0,1567,0,1,1568,T
4-HA,1041,1576,0,0,0,1576,A
4-HA,1042,0,1563,0,0,1563,T
4-HA,1043,0,1563,0,0,1563,T
4-HA,1044,0,1567,0,0,1567,T
4-HA,1045,0,0,1516,0,1516,G
4-HA,1046,0,0,1522,0,1522,G
4-HA,1047,1,1,0,1512,1514,C
4-HA,1048,0,0,1514,0,1514,G
4-HA,1049,0,0,2,1510,1512,C
4-HA,1050,1494,1,0,1,1496,A
4-HA,1051,1508,1,0,0,1509,A
4-HA,1052,0,1506,0,1,1507,T
4-HA,1053,3,0,0,1507,1510,C
4-HA,1054,1,0,1509,0,1510,G
4-HA,1055,1,1,0,1503,1505,C
4-HA,1056,6,0,1503,0,1509,G
4-HA,1057,3,1,1516,0,1520,G
4-HA,1058,1,0,1527,0,1528,G
4-HA,1059,0,1525,0,0,1525,T
4-HA,1060,0,1507,0,0,1507,T
4-HA,1061,1,1513,0,1,1515,T
4-HA,1062,2,0,0,1512,1514,C
4-HA,1063,1517,0,1,0,1518,A
4-HA,1064,0,1529,0,0,1529,T
4-HA,1065,1520,0,1,0,1521,A
4-HA,1066,2,0,1533,0,1535,G
4-HA,1067,1477,0,1,0,1478,A
4-HA,1068,1487,0,0,2,1489,A
4-HA,1069,1494,0,1,1,1496,A
4-HA,1070,1498,0,0,0,1498,A
4-HA,1071,0,1488,0,0,1488,T
4-HA,1072,0,2,1488,0,1490,G
4-HA,1073,2,0,1493,0,1495,G
4-HA,1074,0,1472,0,1,1473,T
4-HA,1075,0,1425,0,1,1426,T
4-HA,1076,1,0,1424,0,1425,G
4-HA,1077,1,2,1414,0,1417,G
4-HA,1078,1,1,1417,0,1419,G
4-HA,1079,1402,2,0,0,1404,A
4-HA,1080,1,1,1417,0,1419,G
4-HA,1081,2,2,1380,0,1384,G
4-HA,1082,1,1,1384,0,1386,G
4-HA,1083,1372,0,0,0,1372,A
4-HA,1084,1387,0,1,0,1388,A
4-HA,1085,0,1386,0,2,1388,T
4-HA,1086,0,0,1385,0,1385,G
4-HA,1087,2,0,1413,0,1415,G
4-HA,1088,0,1394,0,2,1396,T
4-HA,1089,1,1,1399,0,1401,G
4-HA,1090,1,1,1391,0,1393,G
4-HA,1091,1367,0,3,0,1370,A
4-HA,1092,0,1369,0,0,1369,T
4-HA,1093,1,1,1386,0,1388,G
4-HA,1094,0,0,1406,0,1406,G
4-HA,1095,0,1374,0,0,1374,T
4-HA,1096,2,1348,0,1,1351,T
4-HA,1097,1,1,1359,0,1361,G
4-HA,1098,0,0,1381,0,1381,G
4-HA,1099,0,1384,0,0,1384,T
4-HA,1100,1380,0,0,0,1380,A
4-HA,1101,1,0,0,1326,1327,C
4-HA,1102,0,1,1345,0,1346,G
4-HA,1103,2,1,1393,0,1396,G
4-HA,1104,0,1389,1,0,1390,T
4-HA,1105,0,1392,1,1,1394,T
4-HA,1106,0,1387,0,2,1389,T
4-HA,1107,1,7,0,1367,1375,C
4-HA,1108,1370,0,3,0,1373,A
4-HA,1109,0,3,1367,0,1370,G
4-HA,1110,0,0,1366,0,1366,G
4-HA,1111,0,0,0,1364,1364,C
4-HA,1112,1328,0,0,1,1329,A
4-HA,1113,4,1336,0,2,1342,T
4-HA,1114,1,0,0,1343,1344,C
4-HA,1115,1345,0,1,0,1346,A
4-HA,1116,1351,0,0,0,1351,A
4-HA,1117,1349,0,0,1,1350,A
4-HA,1118,1353,0,0,0,1353,A
4-HA,1119,0,1355,0,1,1356,T
4-HA,1120,0,1353,0,0,1353,T
4-HA,1121,0,0,0,1357,1357,C
4-HA,1122,3,1341,0,1,1345,T
4-HA,1123,1,0,1350,0,1351,G
4-HA,1124,1336,0,3,1,1340,A
4-HA,1125,0,0,1346,1,1347,G
4-HA,1126,1,0,1348,0,1349,G
4-HA,1127,1,1,1356,1,1359,G
4-HA,1128,1351,0,1,0,1352,A
4-HA,1129,1352,0,1,0,1353,A
4-HA,1130,2,3,1334,0,1339,G
4-HA,1131,1350,0,2,0,1352,A
4-HA,1132,0,2,1364,0,1366,G
4-HA,1133,0,1,1373,0,1374,G
4-HA,1134,1366,0,5,0,1371,A
4-HA,1135,0,1,0,1365,1366,C
4-HA,1136,1361,0,1,0,1362,A
4-HA,1137,1355,0,3,0,1358,A
4-HA,1138,0,0,1362,1,1363,G
4-HA,1139,0,0,0,1365,1365,C
4-HA,1140,1348,0,1,0,1349,A
4-HA,1141,0,0,1347,0,1347,G
4-HA,1142,0,1,0,1340,1341,C
4-HA,1143,1337,0,0,0,1337,A
4-HA,1144,1,3,1355,0,1359,G
4-HA,1145,1348,1,0,0,1349,A
4-HA,1146,0,1388,0,0,1388,T
4-HA,1147,0,0,0,1410,1410,C
4-HA,1148,0,1391,0,4,1395,T
4-HA,1149,1,0,1,1414,1416,C
4-HA,1150,1414,1,0,0,1415,A
4-HA,1151,1411,0,1,2,1414,A
4-HA,1152,1413,2,0,0,1415,A
4-HA,1153,1396,0,0,0,1396,A
4-HA,1154,0,0,1403,0,1403,G
4-HA,1155,0,0,0,1374,1374,C
4-HA,1156,1366,0,1,0,1367,A
4-HA,1157,0,0,0,1384,1384,C
4-HA,1158,0,1375,1,1,1377,T
4-HA,1159,1,2,0,1375,1378,C
4-HA,1160,1378,0,0,0,1378,A
4-HA,1161,1389,1,3,1,1394,A
4-HA,1162,0,0,1390,1,1391,G
4-HA,1163,0,1,0,1388,1389,C
4-HA,1164,1383,0,2,0,1385,A
4-HA,1165,0,0,1390,0,1390,G
4-HA,1166,0,0,0,1378,1378,C
4-HA,1167,1370,1,0,0,1371,A
4-HA,1168,1372,0,0,0,1372,A
4-HA,1169,0,1368,0,1,1369,T
4-HA,1170,1,0,0,1351,1352,C
4-HA,1171,0,1,1357,0,1358,G
4-HA,1172,1352,1,0,0,1353,A
4-HA,1173,1,1346,0,0,1347,T
4-HA,1174,1,0,0,1339,1340,C
4-HA,1175,1335,0,1,0,1336,A
4-HA,1176,1366,1,0,0,1367,A
4-HA,1177,1365,0,0,0,1365,A
4-HA,1178,0,1368,0,0,1368,T
4-HA,1179,0,1,0,1374,1375,C
4-HA,1180,1357,0,1,2,1360,A
4-HA,1181,1363,0,0,0,1363,A
4-HA,1182,0,1360,0,0,1360,T
4-HA,1183,0,3,1365,0,1368,G
4-HA,1184,2,0,1361,0,1363,G
4-HA,1185,1,0,1352,0,1353,G
4-HA,1186,1351,1,0,0,1352,A
4-HA,1187,1346,0,2,0,1348,A
4-HA,1188,0,1,1369,0,1370,G
4-HA,1189,0,0,0,1369,1369,C
4-HA,1190,0,1354,0,1,1355,T
4-HA,1191,0,2,1412,0,1414,G
4-HA,1192,1409,0,1,1,1411,A
4-HA,1193,1406,0,3,0,1409,A
4-HA,1194,0,1410,0,0,1410,T
4-HA,1195,1393,0,0,0,1393,A
4-HA,1196,0,1,1390,0,1391,G
4-HA,1197,1287,0,2,0,1289,A
4-HA,1198,1,1288,0,0,1289,T
4-HA,1199,0,1292,0,0,1292,T
4-HA,1200,0,1,1296,1,1298,G
4-HA,1201,1300,0,1,0,1301,A
4-HA,1202,0,1293,0,0,1293,T
4-HA,1203,1,1,1,1302,1305,C
4-HA,1204,1,1,1301,0,1303,G
4-HA,1205,0,0,1301,0,1301,G
4-HA,1206,0,1,1308,0,1309,G
4-HA,1207,1307,1,0,0,1308,A
4-HA,1208,1302,0,1,0,1303,A
4-HA,1209,1291,0,2,0,1293,A
4-HA,1210,1301,0,1,0,1302,A
4-HA,1211,1,1,0,1300,1302,C
4-HA,1212,0,1,0,1305,1306,C
4-HA,1213,1294,0,0,0,1294,A
4-HA,1214,1289,0,1,0,1290,A
4-HA,1215,0,0,0,1296,1296,C
4-HA,1216,0,1,1298,0,1299,G
4-HA,1217,1298,0,0,0,1298,A
4-HA,1218,0,0,1296,0,1296,G
4-HA,1219,1297,0,1,0,1298,A
4-HA,1220,1297,0,0,0,1297,A
4-HA,1221,1295,0,0,0,1295,A
4-HA,1222,0,1304,0,0,1304,T
4-HA,1223,0,1293,0,1,1294,T
4-HA,1224,3,0,0,1296,1299,C
4-HA,1225,0,0,0,1293,1293,C
4-HA,1226,1292,0,0,2,1294,A
4-HA,1227,0,1288,0,2,1290,T
4-HA,1228,0,0,0,1288,1288,C
4-HA,1229,1275,1,0,1,1277,A
4-HA,1230,0,0,1288,0,1288,G
4-HA,1231,1283,0,0,0,1283,A
4-HA,1232,0,1282,0,0,1282,T
4-HA,1233,0,1268,1,0,1269,T
4-HA,1234,0,3,1278,0,1281,G
4-HA,1235,1284,0,0,0,1284,A
4-HA,1236,1281,1,1,0,1283,A
4-HA,1237,1282,1,2,0,1285,A
4-HA,1238,1283,0,0,0,1283,A
4-HA,1239,1273,0,1,0,1274,A
4-HA,1240,0,1,1274,0,1275,G
4-HA,1241,1262,0,0,0,1262,A
4-HA,1242,1260,0,1,0,1261,A
4-HA,1243,0,1236,0,0,1236,T
4-HA,1244,0,1231,0,0,1231,T
4-HA,1245,0,0,0,1233,1233,C
4-HA,1246,0,1228,0,2,1230,T
4-HA,1247,2,0,1,1231,1234,C
4-HA,1248,1232,0,0,0,1232,A
4-HA,1249,0,0,1232,0,1232,G
4-HA,1250,1227,0,1,0,1228,A
4-HA,1251,1221,0,3,1,1225,A
4-HA,1252,0,0,1236,0,1236,G
4-HA,1253,0,1234,0,0,1234,T
4-HA,1254,0,0,0,1232,1232,C
4-HA,1255,0,0,1234,0,1234,G
4-HA,1256,1233,1,0,0,1234,A
4-HA,1257,1231,0,1,1,1233,A
4-HA,1258,0,1,1231,0,1232,G
4-HA,1259,0,1,1233,0,1234,G
4-HA,1260,1,0,1236,0,1237,G
4-HA,1261,1203,0,1,0,1204,A
4-HA,1262,0,0,1205,0,1205,G
4-HA,1263,1200,0,1,0,1201,A
4-HA,1264,1271,0,1,0,1272,A
4-HA,1265,0,1271,0,0,1271,T
4-HA,1266,0,1263,0,1,1264,T
4-HA,1267,2,0,0,1265,1267,C
4-HA,1268,1241,0,1,0,1242,A
4-HA,1269,0,0,1240,0,1240,G
4-HA,1270,1,0,1243,0,1244,G
4-HA,1271,1247,0,1,0,1248,A
4-HA,1272,1,3,0,1243,1247,C
4-HA,1273,0,0,0,1154,1154,C
4-HA,1274,0,1144,0,1,1145,T
4-HA,1275,1,1120,0,24,1145,T
4-HA,1276,0,2,1154,0,1156,G
4-HA,1277,1158,0,0,0,1158,A
4-HA,1278,0,1,1183,0,1184,G
4-HA,1279,1177,0,0,0,1177,A
4-HA,1280,1133,0,2,1,1136,A
4-HA,1281,1128,0,0,0,1128,A
4-HA,1282,0,1112,0,0,1112,T
4-HA,1283,1136,0,0,0,1136,A
4-HA,1284,0,1137,0,0,1137,T
4-HA,1285,0,0,1138,0,1138,G
4-HA,1286,0,1136,0,2,1138,T
4-HA,1287,0,1099,0,3,1102,T
4-HA,1288,3,1,1100,0,1104,G
4-HA,1289,1094,1,0,0,1095,A
4-HA,1290,0,0,1100,0,1100,G
4-HA,1291,0,1,1095,0,1096,G
4-HA,1292,1069,0,1,0,1070,A
4-HA,1293,0,0,0,1105,1105,C
4-HA,1294,1088,1,0,0,1089,A
4-HA,1295,0,0,0,1083,1083,C
4-HA,1296,0,1080,0,2,1082,T
4-HA,1297,1131,2,0,0,1133,A
4-HA,1298,1146,1,1,1,1149,A
4-HA,1299,1149,0,0,0,1149,A
4-HA,1300,1163,0,0,1,1164,A
4-HA,1301,0,1161,0,0,1161,T
4-HA,1302,1113,0,0,1,1114,A
4-HA,1303,0,0,1122,0,1122,G
4-HA,1304,1083,0,3,0,1086,A
4-HA,1305,0,1090,0,1,1091,T
4-HA,1306,1,0,0,1088,1089,C
4-HA,1307,0,1047,0,1,1048,T
4-HA,1308,0,0,1,1067,1068,C
4-HA,1309,0,1068,0,2,1070,T
4-HA,1310,0,2,1086,0,1088,G
4-HA,1311,1,1,1094,0,1096,G
4-HA,1312,0,1096,0,1,1097,T
4-HA,1313,2,0,0,1100,1102,C
4-HA,1314,1118,0,0,0,1118,A
4-HA,1315,0,1119,0,0,1119,T
4-HA,1316,1118,1,1,0,1120,A
4-HA,1317,0,0,0,1119,1119,C
4-HA,1318,1093,0,0,0,1093,A
4-HA,1319,1092,0,1,0,1093,A
4-HA,1320,0,0,0,1069,1069,C
4-HA,1321,0,0,1071,0,1071,G
4-HA,1322,0,0,0,1066,1066,C
4-HA,1323,0,0,1063,0,1063,G
4-HA,1324,0,1,1067,0,1068,G
4-HA,1325,1067,0,1,0,1068,A
4-HA,1326,0,0,1079,0,1079,G
4-HA,1327,0,0,0,1081,1081,C
4-HA,1328,0,1073,1,1,1075,T
4-HA,1329,0,1075,0,4,1079,T
4-HA,1330,1,0,0,1080,1081,C
4-HA,1331,0,1079,0,5,1084,T
4-HA,1332,0,1091,0,0,1091,T
4-HA,1333,1,0,1084,0,1085,G
4-HA,1334,0,1082,0,3,1085,T
4-HA,1335,0,1062,0,2,1064,T
4-HA,1336,1,0,1077,0,1078,G
4-HA,1337,0,0,0,1074,1074,C
4-HA,1338,0,1,0,1067,1068,C
4-HA,1339,2,0,0,1074,1076,C
4-HA,1340,2,1069,0,2,1073,T
4-HA,1341,1,0,1080,0,1081,G
4-HA,1342,0,2,1083,0,1085,G
4-HA,1343,1083,0,2,0,1085,A
4-HA,1344,0,0,1081,0,1081,G
4-HA,1345,1070,0,1,0,1071,A
4-HA,1346,1073,0,1,0,1074,A
4-HA,1347,1,0,0,1078,1079,C
4-HA,1348,1,0,0,1075,1076,C
4-HA,1349,1075,0,1,0,1076,A
4-HA,1350,1113,0,1,0,1114,A
4-HA,1351,1,0,0,1115,1116,C
4-HA,1352,1116,1,0,0,1117,A
4-HA,1353,0,1114,0,0,1114,T
4-HA,1354,1111,0,0,0,1111,A
4-HA,1355,0,0,0,1137,1137,C
4-HA,1356,1118,0,0,0,1118,A
4-HA,1357,1122,0,0,0,1122,A
4-HA,1358,0,1126,0,0,1126,T
4-HA,1359,1,1089,0,1,1091,T
4-HA,1360,0,0,1107,0,1107,G
4-HA,1361,1114,0,1,0,1115,A
4-HA,1362,0,1110,0,2,1112,T
4-HA,1363,0,1,0,1112,1113,C
4-HA,1364,0,1088,0,0,1088,T
4-HA,1365,1097,0,1,0,1098,A
4-HA,1366,1100,0,0,0,1100,A
4-HA,1367,1,0,0,1100,1101,C
4-HA,1368,0,1088,0,3,1091,T
4-HA,1369,1,1,1088,0,1090,G
4-HA,1370,1091,0,3,0,1094,A
4-HA,1371,0,0,0,1095,1095,C
4-HA,1372,0,1089,0,2,1091,T
4-HA,1373,2,0,0,1091,1093,C
4-HA,1374,1081,1,1,0,1083,A
4-HA,1375,2,0,1109,0,1111,G
4-HA,1376,1111,0,0,0,1111,A
4-HA,1377,1109,0,0,1,1110,A
4-HA,1378,1112,0,0,0,1112,A
4-HA,1379,0,1107,0,0,1107,T
4-HA,1380,0,2,1116,0,1118,G
4-HA,1381,1119,0,0,0,1119,A
4-HA,1382,1120,0,0,0,1120,A
4-HA,1383,0,2,0,1120,1122,C
4-HA,1384,1100,0,1,0,1101,A
4-HA,1385,1101,0,0,0,1101,A
4-HA,1386,1098,0,2,0,1100,A
4-HA,1387,0,1,0,1103,1104,C
4-HA,1388,0,1099,0,0,1099,T
4-HA,1389,1,0,1108,0,1109,G
4-HA,1390,0,1100,1,0,1101,T
4-HA,1391,0,1101,0,1,1102,T
4-HA,1392,0,1101,0,0,1101,T
4-HA,1393,0,1,1099,0,1100,G
4-HA,1394,1104,0,0,0,1104,A
4-HA,1395,1101,1,0,0,1102,A
4-HA,1396,1102,0,0,0,1102,A
4-HA,1397,1105,1,1,1,1108,A
4-HA,1398,1098,1,3,0,1102,A
4-HA,1399,1102,0,3,0,1105,A
4-HA,1400,0,1,0,1110,1111,C
4-HA,1401,1112,0,0,0,1112,A
4-HA,1402,1109,1,0,1,1111,A
4-HA,1403,1108,0,1,0,1109,A
4-HA,1404,1,0,1114,0,1115,G
4-HA,1405,1121,0,1,0,1122,A
4-HA,1406,1116,0,1,0,1117,A
4-HA,1407,2,0,1118,0,1120,G
4-HA,1408,0,2,0,1114,1116,C
4-HA,1409,1110,0,1,0,1111,A
4-HA,1410,1117,0,0,0,1117,A
4-HA,1411,0,0,0,1122,1122,C
4-HA,1412,0,1109,1,0,1110,T
4-HA,1413,0,1,1105,0,1106,G
4-HA,1414,1098,0,1,1,1100,A
4-HA,1415,1,3,1106,0,1110,G
4-HA,1416,2,0,1114,0,1116,G
4-HA,1417,1,1,1117,0,1119,G
4-HA,1418,1117,0,3,0,1120,A
4-HA,1419,1114,1,1,0,1116,A
4-HA,1420,1112,0,0,1,1113,A
4-HA,1421,1126,0,2,0,1128,A
4-HA,1422,0,1119,0,0,1119,T
4-HA,1423,0,0,1125,0,1125,G
4-HA,1424,0,0,0,1124,1124,C
4-HA,1425,0,1106,0,0,1106,T
4-HA,1426,0,0,1109,0,1109,G
4-HA,1427,1104,0,1,0,1105,A
4-HA,1428,6,1,1152,0,1159,G
4-HA,1429,0,2,1175,0,1177,G
4-HA,1430,1171,1,0,0,1172,A
4-HA,1431,0,1161,1,0,1162,T
4-HA,1432,1155,0,2,0,1157,A
4-HA,1433,1,1152,1,0,1154,T
4-HA,1434,1,1,1164,0,1166,G
4-HA,1435,1,0,1176,0,1177,G
4-HA,1436,2,0,1172,0,1174,G
4-HA,1437,0,1,0,1124,1125,C
4-HA,1438,1093,0,0,0,1093,A
4-HA,1439,1089,0,2,0,1091,A
4-HA,1440,0,1092,1,0,1093,T
4-HA,1441,0,0,1096,0,1096,G
4-HA,1442,0,0,1100,0,1100,G
4-HA,1443,0,1082,0,1,1083,T
4-HA,1444,0,1066,0,0,1066,T
4-HA,1445,0,1,1067,0,1068,G
4-HA,1446,0,1070,0,2,1072,T
4-HA,1447,0,1073,0,2,1075,T
4-HA,1448,0,1077,0,1,1078,T
4-HA,1449,0,0,0,1079,1079,C
4-HA,1450,1072,0,0,0,1072,A
4-HA,1451,1072,0,3,0,1075,A
4-HA,1452,1075,0,0,0,1075,A
4-HA,1453,1092,0,0,0,1092,A
4-HA,1454,0,1082,0,0,1082,T
4-HA,1455,1074,0,0,0,1074,A
4-HA,1456,0,1075,0,0,1075,T
4-HA,1457,1077,0,0,0,1077,A
4-HA,1458,0,0,0,1082,1082,C
4-HA,1459,1,0,0,1074,1075,C
4-HA,1460,1068,1,1,0,1070,A
4-HA,1461,0,0,0,1070,1070,C
4-HA,1462,1059,0,0,0,1059,A
4-HA,1463,1059,0,0,0,1059,A
4-HA,1464,1057,1,3,0,1061,A
4-HA,1465,0,1054,0,0,1054,T
4-HA,1466,0,0,1063,0,1063,G
4-HA,1467,0,1047,0,1,1048,T
4-HA,1468,1,2,1050,0,1053,G
4-HA,1469,1053,0,1,0,1054,A
4-HA,1470,0,0,0,1050,1050,C
4-HA,1471,1038,0,0,0,1038,A
4-HA,1472,1035,0,0,0,1035,A
4-HA,1473,0,1050,0,0,1050,T
4-HA,1474,2,0,1049,0,1051,G
4-HA,1475,0,1,0,1044,1045,C
4-HA,1476,0,0,0,1045,1045,C
4-HA,1477,2,1035,0,1,1038,T
4-HA,1478,0,0,1079,0,1079,G
4-HA,1479,0,0,0,1080,1080,C
4-HA,1480,1078,0,0,0,1078,A
4-HA,1481,0,1076,0,0,1076,T
4-HA,1482,1021,0,0,0,1021,A
4-HA,1483,0,0,1029,0,1029,G
4-HA,1484,0,0,1030,0,1030,G
4-HA,1485,1030,0,1,0,1031,A
4-HA,1486,0,1029,0,0,1029,T
4-HA,1487,0,0,0,986,986,C
4-HA,1488,978,0,0,0,978,A
4-HA,1489,975,0,3,0,978,A
4-HA,1490,0,977,1,0,978,T
4-HA,1491,1,0,0,977,978,C
4-HA,1492,956,1,0,0,957,A
4-HA,1493,0,0,962,0,962,G
4-HA,1494,963,0,1,1,965,A
4-HA,1495,965,0,2,0,967,A
4-HA,1496,965,0,1,0,966,A
4-HA,1497,0,964,0,0,964,T
4-HA,1498,0,0,963,0,963,G
4-HA,1499,0,0,968,0,968,G
4-HA,1500,967,0,1,0,968,A
4-HA,1501,972,0,0,0,972,A
4-HA,1502,0,0,0,972,972,C
4-HA,1503,0,963,0,0,963,T
4-HA,1504,0,967,0,0,967,T
4-HA,1505,964,0,0,0,964,A
4-HA,1506,0,960,0,0,960,T
4-HA,1507,0,2,959,0,961,G
4-HA,1508,961,0,2,0,963,A
4-HA,1509,0,0,0,960,960,C
4-HA,1510,0,1,0,948,949,C
4-HA,1511,947,0,1,0,948,A
4-HA,1512,1,1,0,970,972,C
4-HA,1513,0,2,996,0,998,G
4-HA,1514,1017,0,1,0,1018,A
4-HA,1515,0,1025,0,0,1025,T
4-HA,1516,0,0,1053,0,1053,G
4-HA,1517,0,1049,0,0,1049,T
4-HA,1518,1087,0,1,0,1088,A
4-HA,1519,0,1087,0,0,1087,T
4-HA,1520,1089,0,0,0,1089,A
4-HA,1521,0,3,0,1084,1087,C
4-HA,1522,988,0,0,0,988,A
4-HA,1523,1,1,988,0,990,G
4-HA,1524,949,1,0,0,950,A
4-HA,1525,0,0,927,0,927,G
4-HA,1526,920,0,0,0,920,A
4-HA,1527,0,863,0,0,863,T
4-HA,1528,0,0,863,0,863,G
4-HA,1529,858,0,1,0,859,A
4-HA,1530,859,1,1,0,861,A
4-HA,1531,0,1,878,0,879,G
4-HA,1532,0,0,0,858,858,C
4-HA,1533,856,0,0,0,856,A
4-HA,1534,0,850,0,0,850,T
4-HA,1535,0,843,0,0,843,T
4-HA,1536,846,0,0,0,846,A
4-HA,1537,843,0,0,0,843,A
4-HA,1538,842,1,2,0,845,A
4-HA,1539,0,1,0,846,847,C
4-HA,1540,810,0,0,0,810,A
4-HA,1541,809,0,0,0,809,A
4-HA,1542,0,807,0,0,807,T
4-HA,1543,1,0,0,804,805,C
4-HA,1544,0,1,802,0,803,G
4-HA,1545,0,0,820,0,820,G
4-HA,1546,0,817,0,0,817,T
4-HA,1547,0,812,0,1,813,T
4-HA,1548,0,767,0,0,767,T
4-HA,1549,0,0,0,772,772,C
4-HA,1550,773,0,2,0,775,A
4-HA,1551,0,1,788,0,789,G
4-HA,1552,786,0,1,0,787,A
4-HA,1553,0,786,0,0,786,T
4-HA,1554,1,0,0,761,762,C
4-HA,1555,756,0,0,0,756,A
4-HA,1556,763,0,1,0,764,A
4-HA,1557,0,2,759,0,761,G
4-HA,1558,1,0,758,0,759,G
4-HA,1559,1,0,759,0,760,G
4-HA,1560,725,2,1,0,728,A
4-HA,1561,0,0,735,0,735,G
4-HA,1562,0,736,0,0,736,T
4-HA,1563,0,736,0,0,736,T
4-HA,1564,0,0,740,0,740,G
4-HA,1565,733,0,1,0,734,A
4-HA,1566,0,1,741,0,742,G
4-HA,1567,0,0,0,741,741,C
4-HA,1568,0,730,0,0,730,T
4-HA,1569,0,0,728,0,728,G
4-HA,1570,726,0,0,0,726,A
4-HA,1571,725,0,0,1,726,A
4-HA,1572,0,0,726,0,726,G
4-HA,1573,0,721,0,0,721,T
4-HA,1574,0,0,0,720,720,C
4-HA,1575,710,1,0,0,711,A
4-HA,1576,0,0,709,0,709,G
4-HA,1577,0,1,707,0,708,G
4-HA,1578,1,0,696,0,697,G
4-HA,1579,0,716,0,0,716,T
4-HA,1580,717,0,0,0,717,A
4-HA,1581,0,1,0,716,717,C
4-HA,1582,719,0,0,0,719,A
4-HA,1583,716,0,1,0,717,A
4-HA,1584,717,0,1,0,718,A
4-HA,1585,1,0,715,0,716,G
4-HA,1586,698,0,0,0,698,A
4-HA,1587,0,672,0,0,672,T
4-HA,1588,0,666,0,0,666,T
4-HA,1589,1,0,662,0,663,G
4-HA,1590,0,1,662,0,663,G
4-HA,1591,664,0,0,0,664,A
4-HA,1592,1,665,0,0,666,T
4-HA,1593,0,0,0,664,664,C
4-HA,1594,0,1,0,652,653,C
4-HA,1595,0,650,0,0,650,T
4-HA,1596,659,0,0,0,659,A
4-HA,1597,0,658,0,0,658,T
4-HA,1598,0,0,664,0,664,G
4-HA,1599,0,1,661,0,662,G
4-HA,1600,649,0,0,0,649,A
4-HA,1601,0,644,0,1,645,T
4-HA,1602,0,631,0,2,633,T
4-HA,1603,0,630,0,1,631,T
4-HA,1604,0,0,0,633,633,C
4-HA,1605,1,0,0,627,628,C
4-HA,1606,0,610,0,1,611,T
4-HA,1607,0,606,0,0,606,T
4-HA,1608,0,601,0,1,602,T
4-HA,1609,0,0,607,0,607,G
4-HA,1610,0,0,0,610,610,C
4-HA,1611,1,0,0,607,608,C
4-HA,1612,600,0,0,1,601,A
4-HA,1613,0,599,0,0,599,T
4-HA,1614,607,0,0,0,607,A
4-HA,1615,0,607,0,0,607,T
4-HA,1616,0,0,0,603,603,C
4-HA,1617,597,0,0,0,597,A
4-HA,1618,0,585,0,1,586,T
4-HA,1619,0,0,588,0,588,G
4-HA,1620,0,587,0,0,587,T
4-HA,1621,0,578,0,0,578,T
4-HA,1622,0,574,0,0,574,T
4-HA,1623,0,555,1,0,556,T
4-HA,1624,0,556,0,0,556,T
4-HA,1625,0,557,0,0,557,T
4-HA,1626,0,0,561,0,561,G
4-HA,1627,0,0,0,560,560,C
4-HA,1628,0,546,0,1,547,T
4-HA,1629,0,547,0,0,547,T
4-HA,1630,0,544,0,0,544,T
4-HA,1631,0,0,553,0,553,G
4-HA,1632,0,553,0,0,553,T
4-HA,1633,0,0,553,0,553,G
4-HA,1634,0,551,0,0,551,T
4-HA,1635,0,540,0,0,540,T
4-HA,1636,0,0,542,0,542,G
4-HA,1637,0,1,0,541,542,C
4-HA,1638,0,538,0,2,540,T
4-HA,1639,0,541,0,0,541,T
4-HA,1640,0,508,0,0,508,T
4-HA,1641,0,2,510,0,512,G
4-HA,1642,1,509,0,0,510,T
4-HA,1643,0,508,0,0,508,T
4-HA,1644,0,2,505,0,507,G
4-HA,1645,0,1,495,0,496,G
4-HA,1646,0,0,492,0,492,G
4-HA,1647,1,0,492,0,493,G
4-HA,1648,0,474,0,1,475,T
4-HA,1649,0,473,0,1,474,T
4-HA,1650,0,0,0,468,468,C
4-HA,1651,464,0,0,0,464,A
4-HA,1652,0,466,0,0,466,T
4-HA,1653,1,0,0,464,465,C
4-HA,1654,460,0,0,0,460,A
4-HA,1655,0,441,0,0,441,T
4-HA,1656,0,0,439,0,439,G
4-HA,1657,0,435,0,0,435,T
4-HA,1658,0,0,432,0,432,G
4-HA,1659,0,0,412,0,412,G
4-HA,1660,0,0,413,0,413,G
4-HA,1661,0,0,0,406,406,C
4-HA,1662,0,0,0,394,394,C
4-HA,1663,0,375,0,0,375,T
4-HA,1664,0,0,375,0,375,G
4-HA,1665,0,0,0,373,373,C
4-HA,1666,0,0,0,374,374,C
4-HA,1667,371,0,0,0,371,A
4-HA,1668,369,0,0,0,369,A
4-HA,1669,368,0,0,0,368,A
4-HA,1670,366,0,0,0,366,A
4-HA,1671,365,0,1,0,366,A
4-HA,1672,0,0,366,0,366,G
4-HA,1673,0,0,356,0,356,G
4-HA,1674,1,0,0,349,350,C
4-HA,1675,350,0,1,0,351,A
4-HA,1676,353,0,0,0,353,A
4-HA,1677,1,0,0,353,354,C
4-HA,1678,350,0,0,0,350,A
4-HA,1679,0,346,0,1,347,T
4-HA,1680,0,345,0,0,345,T
4-HA,1681,336,0,0,0,336,A
4-HA,1682,0,1,335,0,336,G
4-HA,1683,0,0,337,0,337,G
4-HA,1684,0,327,0,1,328,T
4-HA,1685,1,0,311,0,312,G
4-HA,1686,0,0,0,303,303,C
4-HA,1687,298,0,0,0,298,A
4-HA,1688,297,0,0,0,297,A
4-HA,1689,0,0,0,296,296,C
4-HA,1690,292,0,0,0,292,A
4-HA,1691,0,283,0,0,283,T
4-HA,1692,0,262,0,1,263,T
4-HA,1693,0,262,0,1,263,T
4-HA,1694,0,0,263,0,263,G
4-HA,1695,0,1,0,258,259,C
4-HA,1696,259,0,0,0,259,A
4-HA,1697,0,246,0,0,246,T
4-HA,1698,0,238,0,0,238,T
4-HA,1699,0,229,0,0,229,T
4-HA,1700,0,0,230,0,230,G
4-HA,1701,223,0,0,0,223,A
5-NP,1,755,0,0,0,755,A
5-NP,2,0,756,0,0,756,T
5-NP,3,0,0,756,0,756,G
5-NP,4,0,0,758,0,758,G
5-NP,5,1,1,0,760,762,C
5-NP,6,0,0,780,0,780,G
5-NP,7,0,810,0,2,812,T
5-NP,8,2,1,0,822,825,C
5-NP,9,0,0,0,832,832,C
5-NP,10,0,0,0,835,835,C
5-NP,11,831,0,3,0,834,A
5-NP,12,833,0,1,0,834,A
5-NP,13,0,0,842,0,842,G
5-NP,14,0,0,863,0,863,G
5-NP,15,0,1,0,868,869,C
5-NP,16,870,1,1,0,872,A
5-NP,17,1,1,0,872,874,C
5-NP,18,0,0,0,872,872,C
5-NP,19,882,0,0,0,882,A
5-NP,20,882,0,0,0,882,A
5-NP,21,884,0,0,0,884,A
5-NP,22,0,0,0,887,887,C
5-NP,23,0,0,891,0,891,G
5-NP,24,0,1,969,0,970,G
5-NP,25,0,971,0,1,972,T
5-NP,26,2,0,0,1048,1050,C
5-NP,27,0,1047,0,1,1048,T
5-NP,28,0,1058,0,0,1058,T
5-NP,29,1066,0,0,0,1066,A
5-NP,30,0,1063,0,0,1063,T
5-NP,31,0,2,1071,0,1073,G
5-NP,32,1069,1,0,0,1070,A
5-NP,33,1046,0,2,0,1048,A
5-NP,34,0,0,0,1047,1047,C
5-NP,35,1027,1,0,0,1028,A
5-NP,36,0,1,1099,0,1100,G
5-NP,37,1096,0,0,0,1096,A
5-NP,38,0,1100,0,0,1100,T
5-NP,39,0,2,1099,1,1102,G
5-NP,40,0,0,1101,0,1101,G
5-NP,41,1107,0,0,0,1107,A
5-NP,42,1118,0,1,0,1119,A
5-NP,43,1120,0,1,0,1121,A
5-NP,44,0,0,0,1155,1155,C
5-NP,45,1,1147,0,0,1148,T
5-NP,46,0,0,1158,0,1158,G
5-NP,47,1154,0,1,0,1155,A
5-NP,48,0,1155,0,0,1155,T
5-NP,49,1,3,1152,0,1156,G
5-NP,50,0,0,1158,0,1158,G
5-NP,51,0,2,1158,0,1160,G
5-NP,52,0,1,1169,0,1170,G
5-NP,53,1165,0,0,0,1165,A
5-NP,54,0,1163,0,0,1163,T
5-NP,55,1,0,0,1166,1167,C
5-NP,56,0,0,1173,0,1173,G
5-NP,57,0,0,0,1192,1192,C
5-NP,58,1,2,0,1195,1198,C
5-NP,59,1197,0,1,0,1198,A
5-NP,60,0,0,1217,0,1217,G
5-NP,61,1214,0,1,0,1215,A
5-NP,62,1232,0,0,0,1232,A
5-NP,63,0,1232,0,0,1232,T
5-NP,64,1,0,1224,1,1226,G
5-NP,65,0,0,0,1239,1239,C
5-NP,66,1232,0,0,0,1232,A
5-NP,67,1249,0,3,0,1252,A
5-NP,68,0,0,1,1252,1253,C
5-NP,69,0,1244,0,1,1245,T
5-NP,70,0,0,1266,0,1266,G
5-NP,71,1272,0,1,0,1273,A
5-NP,72,0,1,1348,1,1350,G
5-NP,73,1345,1,0,0,1346,A
5-NP,74,0,1340,1,0,1341,T
5-NP,75,0,1342,0,1,1343,T
5-NP,76,1336,0,0,0,1336,A
5-NP,77,0,4,1344,0,1348,G
5-NP,78,0,0,1352,0,1352,G
5-NP,79,0,0,1343,0,1343,G
5-NP,80,0,0,0,1333,1333,C
5-NP,81,1321,0,0,0,1321,A
5-NP,82,0,1323,0,1,1324,T
5-NP,83,0,0,0,1334,1334,C
5-NP,84,0,1,0,1338,1339,C
5-NP,85,2,0,1350,0,1352,G
5-NP,86,0,1349,0,1,1350,T
5-NP,87,0,0,0,1349,1349,C
5-NP,88,1,2,1347,0,1350,G
5-NP,89,0,0,1351,0,1351,G
5-NP,90,0,0,1359,0,1359,G
5-NP,91,1359,0,0,0,1359,A
5-NP,92,1360,0,0,0,1360,A
5-NP,93,0,0,1370,0,1370,G
5-NP,94,1366,0,0,0,1366,A
5-NP,95,0,1378,0,0,1378,T
5-NP,96,0,1,1382,0,1383,G
5-NP,97,1379,0,2,0,1381,A
5-NP,98,0,1386,0,2,1388,T
5-NP,99,0,1385,0,0,1385,T
5-NP,100,0,3,1386,0,1389,G
5-NP,101,1385,1,0,1,1387,A
5-NP,102,0,1386,0,1,1387,T
5-NP,103,0,2,1381,0,1383,G
5-NP,104,1,2,1373,0,1376,G
5-NP,105,0,3,1364,0,1367,G
5-NP,106,1459,2,1,0,1462,A
5-NP,107,0,1469,0,0,1469,T
5-NP,108,0,1468,0,0,1468,T
5-NP,109,1,3,1478,0,1482,G
5-NP,110,0,2,1478,0,1480,G
5-NP,111,0,1,1485,0,1486,G
5-NP,112,1482,1,1,0,1484,A
5-NP,113,1,0,1478,0,1479,G
5-NP,114,1461,1,0,0,1462,A
5-NP,115,1,1487,1,1,1490,T
5-NP,116,0,1490,0,0,1490,T
5-NP,117,0,0,0,1499,1499,C
5-NP,118,0,1497,0,0,1497,T
5-NP,119,1528,0,0,0,1528,A
5-NP,120,0,0,0,1535,1535,C
5-NP,121,1566,0,0,0,1566,A
5-NP,122,0,1574,0,0,1574,T
5-NP,123,0,0,1,1565,1566,C
5-NP,124,1,1,0,1554,1556,C
5-NP,125,1564,0,0,0,1564,A
5-NP,126,1592,0,0,1,1593,A
5-NP,127,1596,0,1,0,1597,A
5-NP,128,0,1588,0,1,1589,T
5-NP,129,0,1,1585,0,1586,G
5-NP,130,0,1566,0,1,1567,T
5-NP,131,0,1,1567,0,1568,G
5-NP,132,0,0,1,1568,1569,C
5-NP,133,1564,0,2,0,1566,A
5-NP,134,0,0,0,1568,1568,C
5-NP,135,0,1550,0,0,1550,T
5-NP,136,2,2,1619,0,1623,G
5-NP,137,1642,0,0,0,1642,A
5-NP,138,1671,0,0,0,1671,A
5-NP,139,1,0,0,1695,1696,C
5-NP,140,0,1684,0,1,1685,T
5-NP,141,1,1685,0,0,1686,T
5-NP,142,1686,0,0,1,1687,A
5-NP,143,1679,0,0,0,1679,A
5-NP,144,1692,0,1,0,1693,A
5-NP,145,0,0,0,1691,1691,C
5-NP,146,0,1632,0,0,1632,T
5-NP,147,2,1,0,1649,1652,C
5-NP,148,1638,0,1,0,1639,A
5-NP,149,0,0,1661,0,1661,G
5-NP,150,0,1662,0,0,1662,T
5-NP,151,0,5,1675,0,1680,G
5-NP,152,1696,1,1,0,1698,A
5-NP,153,0,1706,0,0,1706,T
5-NP,154,4,0,0,1726,1730,C
5-NP,155,1737,0,0,0,1737,A
5-NP,156,1,1734,0,0,1735,T
5-NP,157,1,2,1732,0,1735,G
5-NP,158,1727,0,3,0,1730,A
5-NP,159,1722,0,2,0,1724,A
5-NP,160,1,1,1723,0,1725,G
5-NP,161,0,1,1717,0,1718,G
5-NP,162,0,0,1720,0,1720,G
5-NP,163,0,1,0,1701,1702,C
5-NP,164,0,1,1714,0,1715,G
5-NP,165,0,0,1718,0,1718,G
5-NP,166,0,1710,0,1,1711,T
5-NP,167,0,1716,0,1,1717,T
5-NP,168,0,1,1717,0,1718,G
5-NP,169,1868,0,0,0,1868,A
5-NP,170,1,1860,0,0,1861,T
5-NP,171,3,2,1,1858,1864,C
5-NP,172,1,2,0,1869,1872,C
5-NP,173,1866,0,1,0,1867,A
5-NP,174,0,0,1876,1,1877,G
5-NP,175,1874,0,0,0,1874,A
5-NP,176,1876,0,0,2,1878,A
5-NP,177,0,1,1,1888,1890,C
5-NP,178,1802,0,1,1,1804,A
5-NP,179,0,0,1820,0,1820,G
5-NP,180,0,0,0,1824,1824,C
5-NP,181,0,1826,0,0,1826,T
5-NP,182,0,1838,0,1,1839,T
5-NP,183,1,1,1842,0,1844,G
5-NP,184,1853,0,2,0,1855,A
5-NP,185,0,1,0,1860,1861,C
5-NP,186,1851,0,0,0,1851,A
5-NP,187,1863,1,0,0,1864,A
5-NP,188,0,1853,0,1,1854,T
5-NP,189,1850,0,0,0,1850,A
5-NP,190,0,3,1855,0,1858,G
5-NP,191,1846,0,1,0,1847,A
5-NP,192,0,1,1857,0,1858,G
5-NP,193,1845,1,0,0,1846,A
5-NP,194,1863,0,0,0,1863,A
5-NP,195,1863,0,0,0,1863,A
5-NP,196,1874,0,0,0,1874,A
5-NP,197,3,1879,0,0,1882,T
5-NP,198,0,1,1877,0,1878,G
5-NP,199,0,2,1877,0,1879,G
5-NP,200,0,1861,0,0,1861,T
5-NP,201,1818,1,1,0,1820,A
5-NP,202,1,0,0,1841,1842,C
5-NP,203,0,1837,0,0,1837,T
5-NP,204,1,0,0,1839,1840,C
5-NP,205,2,1832,1,0,1835,T
5-NP,206,0,0,0,1850,1850,C
5-NP,207,1,18,1820,0,1839,G
5-NP,208,1,0,1854,0,1855,G
5-NP,209,0,0,0,1852,1852,C
5-NP,210,0,1841,0,1,1842,T
5-NP,211,0,1846,0,1,1847,T
5-NP,212,0,1852,0,0,1852,T
5-NP,213,0,1842,1,0,1843,T
5-NP,214,0,0,1854,0,1854,G
5-NP,215,1832,0,1,11,1844,A
5-NP,216,0,1847,0,1,1848,T
5-NP,217,1,0,1847,0,1848,G
5-NP,218,1840,1,0,0,1841,A
5-NP,219,1842,0,0,0,1842,A
5-NP,220,1843,1,0,0,1844,A
5-NP,221,0,0,1852,0,1852,G
5-NP,222,1853,1,0,0,1854,A
5-NP,223,1849,0,0,0,1849,A
5-NP,224,0,1,1874,0,1875,G
5-NP,225,0,1,1914,0,1915,G
5-NP,226,1924,3,2,0,1929,A
5-NP,227,1944,1,0,0,1945,A
5-NP,228,1,1936,0,1,1938,T
5-NP,229,1942,0,1,0,1943,A
5-NP,230,1937,0,0,0,1937,A
5-NP,231,1972,0,0,0,1972,A
5-NP,232,0,1970,0,0,1970,T
5-NP,233,1974,0,0,0,1974,A
5-NP,234,0,0,0,1974,1974,C
5-NP,235,2,2,0,1939,1943,C
5-NP,236,0,1934,0,2,1936,T
5-NP,237,0,1,1934,0,1935,G
5-NP,238,0,0,1961,0,1961,G
5-NP,239,1958,0,0,0,1958,A
5-NP,240,1945,0,1,0,1946,A
5-NP,241,0,1,1961,0,1962,G
5-NP,242,1953,0,0,0,1953,A
5-NP,243,1943,0,2,0,1945,A
5-NP,244,0,7,0,1931,1938,C
5-NP,245,1937,0,3,0,1940,A
5-NP,246,1,0,0,1974,1975,C
5-NP,247,0,0,0,1949,1949,C
5-NP,248,4,0,0,1943,1947,C
5-NP,249,2,0,0,1952,1954,C
5-NP,250,1928,0,1,0,1929,A
5-NP,251,0,0,1940,0,1940,G
5-NP,252,1,0,0,1936,1937,C
5-NP,253,1,0,1934,0,1935,G
5-NP,254,1,0,1,1939,1941,C
5-NP,255,0,5,1908,0,1913,G
5-NP,256,1,1,1931,0,1933,G
5-NP,257,0,0,1929,0,1929,G
5-NP,258,1,1,1941,0,1943,G
5-NP,259,1934,1,1,0,1936,A
5-NP,260,1937,0,0,1,1938,A
5-NP,261,1938,0,0,1,1939,A
5-NP,262,0,1,1941,0,1942,G
5-NP,263,1939,0,1,0,1940,A
5-NP,264,0,1927,1,2,1930,T
5-NP,265,1,1,0,1917,1919,C
5-NP,266,2,0,0,1919,1921,C
5-NP,267,0,1,0,1928,1929,C
5-NP,268,1930,2,2,0,1934,A
5-NP,269,1939,0,1,0,1940,A
5-NP,270,0,0,1946,0,1946,G
5-NP,271,1939,3,1,0,1943,A
5-NP,272,1937,0,0,1,1938,A
5-NP,273,1940,0,0,0,1940,A
5-NP,274,1948,0,0,0,1948,A
5-NP,275,1,0,0,1941,1942,C
5-NP,276,0,1917,0,0,1917,T
5-NP,277,0,2,1918,0,1920,G
5-NP,278,1,2,1919,0,1922,G
5-NP,279,0,0,1924,0,1924,G
5-NP,280,0,0,1920,0,1920,G
5-NP,281,0,0,1920,0,1920,G
5-NP,282,1,0,1939,0,1940,G
5-NP,283,1,1,0,2070,2072,C
5-NP,284,1,2,0,2063,2066,C
5-NP,285,5,0,0,2076,2081,C
5-NP,286,2329,0,3,0,2332,A
5-NP,287,1,2333,0,0,2334,T
5-NP,288,2441,0,0,0,2441,A
5-NP,289,0,2443,0,0,2443,T
5-NP,290,2422,1,0,0,2423,A
5-NP,291,0,1,0,2439,2440,C
5-NP,292,2234,0,0,0,2234,A
5-NP,293,0,0,2269,0,2269,G
5-NP,294,0,2,2267,0,2269,G
5-NP,295,2023,0,1,0,2024,A
5-NP,296,0,5,2036,0,2041,G
5-NP,297,1962,0,2,0,1964,A
5-NP,298,0,1,1982,0,1983,G
5-NP,299,0,1973,0,0,1973,T
5-NP,300,1957,1,0,0,1958,A
5-NP,301,0,0,1959,0,1959,G
5-NP,302,1917,2,2,0,1921,A
5-NP,303,0,1928,0,0,1928,T
5-NP,304,0,0,1927,0,1927,G
5-NP,305,0,0,1930,2,1932,G
5-NP,306,1940,0,1,0,1941,A
5-NP,307,1924,1,2,0,1927,A
5-NP,308,1930,0,1,0,1931,A
5-NP,309,1926,0,0,0,1926,A
5-NP,310,0,1922,0,0,1922,T
5-NP,311,0,3,1947,0,1950,G
5-NP,312,0,2,1949,0,1951,G
5-NP,313,1950,0,0,0,1950,A
5-NP,314,2,1930,0,0,1932,T
5-NP,315,4,0,1943,1,1948,G
5-NP,316,1943,0,0,0,1943,A
5-NP,317,1,2,1948,0,1951,G
5-NP,318,0,2,1952,0,1954,G
5-NP,319,1,5,1950,0,1956,G
5-NP,320,1973,1,2,0,1976,A
5-NP,321,1980,0,0,0,1980,A
5-NP,322,0,0,0,1994,1994,C
5-NP,323,1,1985,0,1,1987,T
5-NP,324,1,0,0,2009,2010,C
5-NP,325,2,0,2024,0,2026,G
5-NP,326,0,2036,0,2,2038,T
5-NP,327,0,0,0,2045,2045,C
5-NP,328,2,0,0,2225,2227,C
5-NP,329,0,2209,0,0,2209,T
5-NP,330,0,2222,0,2,2224,T
5-NP,331,0,2221,0,1,2222,T
5-NP,332,2227,0,1,0,2228,A
5-NP,333,0,2223,0,0,2223,T
5-NP,334,0,4,2219,1,2224,G
5-NP,335,2239,0,7,0,2246,A
5-NP,336,1,2,0,2247,2250,C
5-NP,337,2211,0,1,0,2212,A
5-NP,338,2214,1,0,0,2215,A
5-NP,339,2230,0,1,0,2231,A
5-NP,340,0,1,2335,1,2337,G
5-NP,341,2334,1,1,0,2336,A
5-NP,342,2338,0,1,0,2339,A
5-NP,343,0,4,2412,0,2416,G
5-NP,344,2425,0,2,0,2427,A
5-NP,345,2436,0,0,0,2436,A
5-NP,346,2434,0,1,0,2435,A
5-NP,347,0,2428,0,2,2430,T
5-NP,348,2424,0,0,1,2425,A
5-NP,349,2403,0,0,0,2403,A
5-NP,350,0,0,2424,0,2424,G
5-NP,351,0,0,2420,0,2420,G
5-NP,352,0,3,0,2387,2390,C
5-NP,353,1,1,2384,0,2386,G
5-NP,354,2396,0,0,0,2396,A
5-NP,355,2423,0,0,0,2423,A
5-NP,356,1,2429,0,0,2430,T
5-NP,357,0,0,0,2431,2431,C
5-NP,358,0,2426,0,1,2427,T
5-NP,359,1,0,2423,0,2424,G
5-NP,360,0,0,2428,0,2428,G
5-NP,361,0,5,0,2427,2432,C
5-NP,362,3,0,2426,0,2429,G
5-NP,363,2,0,0,2423,2425,C
5-NP,364,2,0,0,2419,2421,C
5-NP,365,2428,0,1,0,2429,A
5-NP,366,2453,0,1,1,2455,A
5-NP,367,0,0,2501,0,2501,G
5-NP,368,1,0,0,2500,2501,C
5-NP,369,1,0,0,2524,2525,C
5-NP,370,2526,0,1,1,2528,A
5-NP,371,2585,0,0,0,2585,A
5-NP,372,0,0,0,2601,2601,C
5-NP,373,2608,0,0,0,2608,A
5-NP,374,2650,0,0,0,2650,A
5-NP,375,0,2649,0,2,2651,T
5-NP,376,0,3,2690,0,2693,G
5-NP,377,0,2,2695,0,2697,G
5-NP,378,0,2671,1,1,2673,T
5-NP,379,0,1,2672,0,2673,G
5-NP,380,2656,1,1,0,2658,A
5-NP,381,2,2,2735,0,2739,G
5-NP,382,1,1,2740,0,2742,G
5-NP,383,2753,0,0,0,2753,A
5-NP,384,0,2905,0,0,2905,T
5-NP,385,2,0,2917,0,2919,G
5-NP,386,0,0,0,2936,2936,C
5-NP,387,0,2939,0,2,2941,T
5-NP,388,2954,0,0,0,2954,A
5-NP,389,0,0,0,2994,2994,C
5-NP,390,2981,0,0,0,2981,A
5-NP,391,0,2983,0,0,2983,T
5-NP,392,1,0,0,2963,2964,C
5-NP,393,0,2834,0,0,2834,T
5-NP,394,0,1,2926,0,2927,G
5-NP,395,1,2,2969,0,2972,G
5-NP,396,0,2970,0,0,2970,T
5-NP,397,3,3,0,2967,2973,C
5-NP,398,0,2930,0,1,2931,T
5-NP,399,2965,0,1,0,2966,A
5-NP,400,2970,0,0,0,2970,A
5-NP,401,0,0,0,2985,2985,C
5-NP,402,0,2983,0,2,2985,T
5-NP,403,5,1,0,3008,3014,C
5-NP,404,2993,1,5,0,2999,A
5-NP,405,0,1,0,3124,3125,C
5-NP,406,3123,1,0,0,3124,A
5-NP,407,0,3137,0,2,3139,T
5-NP,408,3107,0,0,0,3107,A
5-NP,409,3111,0,1,0,3112,A
5-NP,410,0,3125,0,0,3125,T
5-NP,411,0,3,3160,0,3163,G
5-NP,412,3152,0,2,0,3154,A
5-NP,413,1,3125,0,0,3126,T
5-NP,414,1,3060,0,2,3063,T
5-NP,415,1,3070,1,0,3072,T
5-NP,416,0,3,3059,1,3063,G
5-NP,417,4,3,3056,0,3063,G
5-NP,418,2,1,0,3061,3064,C
5-NP,419,3046,0,1,0,3047,A
5-NP,420,0,3034,0,0,3034,T
5-NP,421,0,3028,0,3,3031,T
5-NP,422,0,0,0,3029,3029,C
5-NP,423,2,1,1,3036,3040,C
5-NP,424,3078,0,0,0,3078,A
5-NP,425,3080,1,0,3,3084,A
5-NP,426,0,3080,0,0,3080,T
5-NP,427,0,3079,0,3,3082,T
5-NP,428,0,3080,0,0,3080,T
5-NP,429,1,2,3109,0,3112,G
5-NP,430,3105,0,1,0,3106,A
5-NP,431,3105,1,2,0,3108,A
5-NP,432,1,3118,1,0,3120,T
5-NP,433,1,5,3084,0,3090,G
5-NP,434,3199,2,2,0,3203,A
5-NP,435,0,3202,0,1,3203,T
5-NP,436,2,0,3219,2,3223,G
5-NP,437,0,3,0,3309,3312,C
5-NP,438,3298,0,2,0,3300,A
5-NP,439,3437,0,1,4,3442,A
5-NP,440,0,0,1,3451,3452,C
5-NP,441,3496,0,2,0,3498,A
5-NP,442,0,3563,0,0,3563,T
5-NP,443,3502,1,1,0,3504,A
5-NP,444,1,0,0,3571,3572,C
5-NP,445,2,1,0,3566,3569,C
5-NP,446,3507,0,2,0,3509,A
5-NP,447,0,1,3549,0,3550,G
5-NP,448,3466,0,0,0,3466,A
5-NP,449,1,3,3543,0,3547,G
5-NP,450,1,4,3525,0,3530,G
5-NP,451,3512,0,3,0,3515,A
5-NP,452,0,1,0,3547,3548,C
5-NP,453,3518,1,3,0,3522,A
5-NP,454,3513,0,2,0,3515,A
5-NP,455,0,6,3529,0,3535,G
5-NP,456,3491,0,8,0,3499,A
5-NP,457,1,1,3533,0,3535,G
5-NP,458,1,0,0,3533,3534,C
5-NP,459,1,3498,0,6,3505,T
5-NP,460,3,0,1,3522,3526,C
5-NP,461,1,3498,0,3,3502,T
5-NP,462,0,3529,0,0,3529,T
5-NP,463,0,17,3533,0,3550,G
5-NP,464,0,3533,0,0,3533,T
5-NP,465,0,3536,0,4,3540,T
5-NP,466,2,2,0,3531,3535,C
5-NP,467,0,8,3526,0,3534,G
5-NP,468,3590,0,2,0,3592,A
5-NP,469,3595,3,2,0,3600,A
5-NP,470,0,0,0,3629,3629,C
5-NP,471,0,3623,0,2,3625,T
5-NP,472,1,4,3670,1,3676,G
5-NP,473,1,0,3691,0,3692,G
5-NP,474,3684,3,2,0,3689,A
5-NP,475,3698,0,2,0,3700,A
5-NP,476,1,3691,0,0,3692,T
5-NP,477,0,4,3668,0,3672,G
5-NP,478,0,0,3682,1,3683,G
5-NP,479,3693,1,4,0,3698,A
5-NP,480,0,3737,0,1,3738,T
5-NP,481,0,1,0,3746,3747,C
5-NP,482,1,1,0,3735,3737,C
5-NP,483,4,1,0,3741,3746,C
5-NP,484,3763,0,3,0,3766,A
5-NP,485,0,2,3804,0,3806,G
5-NP,486,3795,1,0,0,3796,A
5-NP,487,3793,1,0,1,3795,A
5-NP,488,1,3763,0,1,3765,T
5-NP,489,1,1,3783,0,3785,G
5-NP,490,1,3749,0,3,3753,T
5-NP,491,1,2,3755,0,3758,G
5-NP,492,1,0,1,3755,3757,C
5-NP,493,0,3728,1,6,3735,T
5-NP,494,3,1,0,3923,3927,C
5-NP,495,0,3903,0,3,3906,T
5-NP,496,2,5,0,4034,4041,C
5-NP,497,0,4023,0,3,4026,T
5-NP,498,0,1,4026,0,4027,G
5-NP,499,4032,0,4,0,4036,A
5-NP,500,0,4019,0,2,4021,T
5-NP,501,1,1,4017,1,4020,G
5-NP,502,4,0,0,4007,4011,C
5-NP,503,3908,0,3,0,3911,A
5-NP,504,1,3,4001,0,4005,G
5-NP,505,0,2,3945,0,3947,G
5-NP,506,0,1,3988,0,3989,G
5-NP,507,0,1,0,3973,3974,C
5-NP,508,2,3964,0,3,3969,T
5-NP,509,2,0,0,3970,3972,C
5-NP,510,1,3,3975,0,3979,G
5-NP,511,4014,0,5,1,4020,A
5-NP,512,1,2,0,4019,4022,C
5-NP,513,0,3974,0,3,3977,T
5-NP,514,1,0,0,4107,4108,C
5-NP,515,1,4092,1,1,4095,T
5-NP,516,5,2,0,4524,4531,C
5-NP,517,2,1,0,4538,4541,C
5-NP,518,7,1,0,4527,4535,C
5-NP,519,0,4524,0,1,4525,T
5-NP,520,4510,0,0,1,4511,A
5-NP,521,6,2,4503,0,4511,G
5-NP,522,4502,0,0,0,4502,A
5-NP,523,4369,0,11,1,4381,A
5-NP,524,1,3,4374,0,4378,G
5-NP,525,0,0,4309,0,4309,G
5-NP,526,1,4245,0,1,4247,T
5-NP,527,1,0,0,4244,4245,C
5-NP,528,5,2,0,4238,4245,C
5-NP,529,1,3,4237,1,4242,G
5-NP,530,0,4,4265,0,4269,G
5-NP,531,4257,1,3,0,4261,A
5-NP,532,0,0,4290,0,4290,G
5-NP,533,1,2,0,4298,4301,C
5-NP,534,0,4246,0,4,4250,T
5-NP,535,2,2,4243,1,4248,G
5-NP,536,0,0,1,4258,4259,C
5-NP,537,4256,1,4,0,4261,A
5-NP,538,0,0,4271,0,4271,G
5-NP,539,1,2,4281,0,4284,G
5-NP,540,2,4273,0,2,4277,T
5-NP,541,0,0,4248,0,4248,G
5-NP,542,0,1,0,4265,4266,C
5-NP,543,0,4256,0,5,4261,T
5-NP,544,3,0,4262,0,4265,G
5-NP,545,0,3,1,4269,4273,C
5-NP,546,4303,1,3,0,4307,A
5-NP,547,0,0,4375,1,4376,G
5-NP,548,0,4352,0,3,4355,T
5-NP,549,6,1,0,4349,4356,C
5-NP,550,4356,0,0,0,4356,A
5-NP,551,4350,2,3,0,4355,A
5-NP,552,4349,1,8,1,4359,A
5-NP,553,0,1,4381,0,4382,G
5-NP,554,3,7,4410,0,4420,G
5-NP,555,4399,0,2,1,4402,A
5-NP,556,4350,0,1,1,4352,A
5-NP,557,1,4352,3,2,4358,T
5-NP,558,5,1,0,4339,4345,C
5-NP,559,2,3,4336,0,4341,G
5-NP,560,2,5,4461,1,4469,G
5-NP,561,1,3,4477,0,4481,G
5-NP,562,4452,1,3,0,4456,A
5-NP,563,1,3,0,4447,4451,C
5-NP,564,4410,1,3,1,4415,A
5-NP,565,4494,3,6,0,4503,A
5-NP,566,0,4514,0,1,4515,T
5-NP,567,0,13,4521,0,4534,G
5-NP,568,4,0,4579,0,4583,G
5-NP,569,3,4507,0,1,4511,T
5-NP,570,2,5,4516,0,4523,G
5-NP,571,4515,0,4,1,4520,A
5-NP,572,0,4503,0,2,4505,T
5-NP,573,0,2,4510,0,4512,G
5-NP,574,1,5,4581,0,4587,G
5-NP,575,4579,0,4,2,4585,A
5-NP,576,4582,1,1,0,4584,A
5-NP,577,1,0,0,4563,4564,C
5-NP,578,2,4513,0,2,4517,T
5-NP,579,4508,0,4,1,4513,A
5-NP,580,4704,0,1,0,4705,A
5-NP,581,0,4705,0,1,4706,T
5-NP,582,2,0,0,4705,4707,C
5-NP,583,4570,0,2,1,4573,A
5-NP,584,1,3,4635,1,4640,G
5-NP,585,4623,1,1,0,4625,A
5-NP,586,4631,0,2,1,4634,A
5-NP,587,0,4633,0,0,4633,T
5-NP,588,2,5,4586,1,4594,G
5-NP,589,1,1,4639,0,4641,G
5-NP,590,0,4648,1,4,4653,T
5-NP,591,4,0,0,4645,4649,C
5-NP,592,4647,1,1,1,4650,A
5-NP,593,4642,0,2,1,4645,A
5-NP,594,4651,0,4,0,4655,A
5-NP,595,6,2,0,4656,4664,C
5-NP,596,0,4,4635,0,4639,G
5-NP,597,10,3,4637,0,4650,G
5-NP,598,0,3,4614,1,4618,G
5-NP,599,2,1,4630,0,4633,G
5-NP,600,4,9,4622,2,4637,G
5-NP,601,4636,1,4,0,4641,A
5-NP,602,0,4615,1,3,4619,T
5-NP,603,0,0,0,4620,4620,C
5-NP,604,4619,1,4,0,4624,A
5-NP,605,4621,0,2,0,4623,A
5-NP,606,1,2,0,4578,4581,C
5-NP,607,1,5,4562,0,4568,G
5-NP,608,4555,0,0,0,4555,A
5-NP,609,1,4545,0,1,4547,T
5-NP,610,5,1,0,4546,4552,C
5-NP,611,4,2,4559,0,4565,G
5-NP,612,4562,1,4,0,4567,A
5-NP,613,4552,0,0,1,4553,A
5-NP,614,4550,0,1,1,4552,A
5-NP,615,0,4587,0,1,4588,T
5-NP,616,0,4577,1,1,4579,T
5-NP,617,2,4570,0,1,4573,T
5-NP,618,1,4579,1,1,4582,T
5-NP,619,1,4592,0,2,4595,T
5-NP,620,2,1,4603,0,4606,G
5-NP,621,0,5,4599,0,4604,G
5-NP,622,4571,0,3,0,4574,A
5-NP,623,0,5,4601,0,4606,G
5-NP,624,4531,1,4,0,4536,A
5-NP,625,2,4,4689,0,4695,G
5-NP,626,0,1,4708,1,4710,G
5-NP,627,0,4702,0,4,4706,T
5-NP,628,1,8,4713,0,4722,G
5-NP,629,4714,1,7,0,4722,A
5-NP,630,0,3,4742,0,4745,G
5-NP,631,4749,0,3,0,4752,A
5-NP,632,4732,0,3,0,4735,A
5-NP,633,0,4735,0,1,4736,T
5-NP,634,1,6,4584,0,4591,G
5-NP,635,1,1,4571,0,4573,G
5-NP,636,4525,0,4,0,4529,A
5-NP,637,0,3,0,4549,4552,C
5-NP,638,2,2,4557,0,4561,G
5-NP,639,0,3,4626,0,4629,G
5-NP,640,4620,0,1,1,4622,A
5-NP,641,4634,2,0,0,4636,A
5-NP,642,4687,0,0,0,4687,A
5-NP,643,4673,2,5,4,4684,A
5-NP,644,0,2,0,4717,4719,C
5-NP,645,4700,0,1,0,4701,A
5-NP,646,4700,0,1,1,4702,A
5-NP,647,1,0,4700,0,4701,G
5-NP,648,4544,1,6,1,4552,A
5-NP,649,4574,0,2,0,4576,A
5-NP,650,2,0,4664,0,4666,G
5-NP,651,0,4657,0,1,4658,T
5-NP,652,1,0,4872,0,4873,G
5-NP,653,1,0,0,4838,4839,C
5-NP,654,1,4839,0,3,4843,T
5-NP,655,1,4864,0,1,4866,T
5-NP,656,4914,3,0,0,4917,A
5-NP,657,0,4919,0,1,4920,T
5-NP,658,0,5,4934,0,4939,G
5-NP,659,4822,0,7,0,4829,A
5-NP,660,0,4,4846,0,4850,G
5-NP,661,4583,3,0,1,4587,A
5-NP,662,0,1,4598,0,4599,G
5-NP,663,4582,0,0,2,4584,A
5-NP,664,4634,0,0,1,4635,A
5-NP,665,0,4606,0,2,4608,T
5-NP,666,0,0,4649,0,4649,G
5-NP,667,0,4627,0,2,4629,T
5-NP,668,2,1,4629,0,4632,G
5-NP,669,1,0,0,4632,4633,C
5-NP,670,4625,0,2,1,4628,A
5-NP,671,4620,3,4,0,4627,A
5-NP,672,0,2,1,4614,4617,C
5-NP,673,4586,1,0,1,4588,A
5-NP,674,0,4598,0,2,4600,T
5-NP,675,1,4536,0,5,4542,T
5-NP,676,1,0,0,4558,4559,C
5-NP,677,0,4543,0,1,4544,T
5-NP,678,0,4544,1,5,4550,T
5-NP,679,4553,0,3,0,4556,A
5-NP,680,4536,1,2,0,4539,A
5-NP,681,4533,3,3,0,4539,A
5-NP,682,0,1,4553,0,4554,G
5-NP,683,1,4,4535,0,4540,G
5-NP,684,4252,1,264,0,4517,A
5-NP,685,4504,0,1,0,4505,A
5-NP,686,4509,0,1,0,4510,A
5-NP,687,4569,1,2,0,4572,A
5-NP,688,1,4551,1,2,4555,T
5-NP,689,2,4550,1,3,4556,T
5-NP,690,1,4567,0,3,4571,T
5-NP,691,1,1,0,4577,4579,C
5-NP,692,4581,0,1,0,4582,A
5-NP,693,4577,1,0,1,4579,A
5-NP,694,4575,2,1,0,4578,A
5-NP,695,1,4,0,4620,4625,C
5-NP,696,4567,1,1,0,4569,A
5-NP,697,0,0,4628,0,4628,G
5-NP,698,0,0,0,4626,4626,C
5-NP,699,0,4616,0,6,4622,T
5-NP,700,9,0,4684,1,4694,G
5-NP,701,0,2,0,4677,4679,C
5-NP,702,4718,2,5,0,4725,A
5-NP,703,0,1,0,4727,4728,C
5-NP,704,4685,2,0,0,4687,A
5-NP,705,4674,0,19,0,4693,A
5-NP,706,4590,0,2,0,4592,A
5-NP,707,1,10,4711,0,4722,G
5-NP,708,4711,1,3,0,4715,A
5-NP,709,1,0,4739,0,4740,G
5-NP,710,2,2,1,4723,4728,C
5-NP,711,4712,5,1,1,4719,A
5-NP,712,4814,1,1,1,4817,A
5-NP,713,0,4822,0,3,4825,T
5-NP,714,1,1,4835,0,4837,G
5-NP,715,3,0,4857,0,4860,G
5-NP,716,0,4717,0,7,4724,T
5-NP,717,4,8,4721,0,4733,G
5-NP,718,0,4,4745,0,4749,G
5-NP,719,4741,1,1,0,4743,A
5-NP,720,1,4744,1,2,4748,T
5-NP,721,3,0,1,4634,4638,C
5-NP,722,4653,1,1,0,4655,A
5-NP,723,4687,0,2,0,4689,A
5-NP,724,4,0,4702,1,4707,G
5-NP,725,1,4665,1,0,4667,T
5-NP,726,2,4,4669,0,4675,G
5-NP,727,4603,1,6,0,4610,A
5-NP,728,1,2,4630,0,4633,G
5-NP,729,4618,1,5,0,4624,A
5-NP,730,2,3,4625,0,4630,G
5-NP,731,4590,0,3,1,4594,A
5-NP,732,4515,1,0,0,4516,A
5-NP,733,4513,0,3,0,4516,A
5-NP,734,1,0,4544,0,4545,G
5-NP,735,1,4521,1,1,4524,T
5-NP,736,4,3,0,4530,4537,C
5-NP,737,8,7,4503,0,4518,G
5-NP,738,3,3,4522,0,4528,G
5-NP,739,4529,0,2,1,4532,A
5-NP,740,4547,0,2,1,4550,A
5-NP,741,1,2,1,4553,4557,C
5-NP,742,0,1,0,4525,4526,C
5-NP,743,8,3,0,4525,4536,C
5-NP,744,4518,1,3,1,4523,A
5-NP,745,0,5,4532,0,4537,G
5-NP,746,1,4,4539,0,4544,G
5-NP,747,4526,0,2,0,4528,A
5-NP,748,4519,1,3,1,4524,A
5-NP,749,4513,1,2,0,4516,A
5-NP,750,0,1,0,4518,4519,C
5-NP,751,3,0,4515,0,4518,G
5-NP,752,2,2,0,4505,4509,C
5-NP,753,1,4494,0,4,4499,T
5-NP,754,0,1,4499,0,4500,G
5-NP,755,4476,0,3,0,4479,A
5-NP,756,3,1,4541,0,4545,G
5-NP,757,4585,0,1,0,4586,A
5-NP,758,0,4583,0,0,4583,T
5-NP,759,4,6,0,4519,4529,C
5-NP,760,2,2,4527,1,4532,G
5-NP,761,4530,0,1,0,4531,A
5-NP,762,4524,1,1,0,4526,A
5-NP,763,3,9,4514,1,4527,G
5-NP,764,4505,0,1,2,4508,A
5-NP,765,3,2,1,4367,4373,C
5-NP,766,0,0,0,4500,4500,C
5-NP,767,2,4500,0,12,4514,T
5-NP,768,2,0,0,4534,4536,C
5-NP,769,4538,1,3,4,4546,A
5-NP,770,2,4535,1,5,4543,T
5-NP,771,4555,0,1,0,4556,A
5-NP,772,0,4554,1,4,4559,T
5-NP,773,2,4509,1,4,4516,T
5-NP,774,0,4423,1,1,4425,T
5-NP,775,0,4384,1,5,4390,T
5-NP,776,0,4389,0,1,4390,T
5-NP,777,4392,0,0,0,4392,A
5-NP,778,0,0,4389,1,4390,G
5-NP,779,0,0,0,4386,4386,C
5-NP,780,4368,0,2,0,4370,A
5-NP,781,4359,1,1,1,4362,A
5-NP,782,2,3,4476,0,4481,G
5-NP,783,4482,0,1,1,4484,A
5-NP,784,0,4476,1,0,4477,T
5-NP,785,1,0,0,4497,4498,C
5-NP,786,0,4481,0,4,4485,T
5-NP,787,1,1,4589,0,4591,G
5-NP,788,1,0,1,4598,4600,C
5-NP,789,4600,0,2,0,4602,A
5-NP,790,1,4639,0,0,4640,T
5-NP,791,0,4480,0,0,4480,T
5-NP,792,0,1,4718,0,4719,G
5-NP,793,4769,1,1,0,4771,A
5-NP,794,0,4770,1,1,4772,T
5-NP,795,4768,0,0,0,4768,A
5-NP,796,0,4659,0,0,4659,T
5-NP,797,2,4626,0,2,4630,T
5-NP,798,1,4,4650,1,4656,G
5-NP,799,4595,1,4,0,4600,A
5-NP,800,1,4,4623,0,4628,G
5-NP,801,4376,1,1,0,4378,A
5-NP,802,0,3,4299,0,4302,G
5-NP,803,1,2,4330,0,4333,G
5-NP,804,4322,0,3,0,4325,A
5-NP,805,1,4314,0,0,4315,T
5-NP,806,1,0,0,4330,4331,C
5-NP,807,4306,0,1,0,4307,A
5-NP,808,0,0,4316,1,4317,G
5-NP,809,1,4300,0,4,4305,T
5-NP,810,1,4277,0,0,4278,T
5-NP,811,2,0,4280,0,4282,G
5-NP,812,2,1,0,4253,4256,C
5-NP,813,0,4240,0,4,4244,T
5-NP,814,5,4,0,4260,4269,C
5-NP,815,4264,0,1,0,4265,A
5-NP,816,1,33,0,4243,4277,C
5-NP,817,4258,0,0,0,4258,A
5-NP,818,4284,0,0,0,4284,A
5-NP,819,4301,0,0,0,4301,A
5-NP,820,0,4284,0,0,4284,T
5-NP,821,3,1,0,4275,4279,C
5-NP,822,2,4275,0,2,4279,T
5-NP,823,0,4270,0,0,4270,T
5-NP,824,0,0,4283,0,4283,G
5-NP,825,1,0,0,4271,4272,C
5-NP,826,2,0,0,4340,4342,C
5-NP,827,0,4310,1,1,4312,T
5-NP,828,4328,0,1,0,4329,A
5-NP,829,3,0,0,4328,4331,C
5-NP,830,5,1,0,4324,4330,C
5-NP,831,1,4315,1,3,4320,T
5-NP,832,0,0,4377,0,4377,G
5-NP,833,0,1,0,4359,4360,C
5-NP,834,3,0,0,4353,4356,C
5-NP,835,1,4290,0,3,4294,T
5-NP,836,1,1,4333,0,4335,G
5-NP,837,0,4307,0,3,4310,T
5-NP,838,0,1,4365,0,4366,G
5-NP,839,1,9,0,4372,4382,C
5-NP,840,2,0,4435,0,4437,G
5-NP,841,0,4357,0,4,4361,T
5-NP,842,4354,2,0,0,4356,A
5-NP,843,0,4357,0,1,4358,T
5-NP,844,1,1,4350,1,4353,G
5-NP,845,0,2,4480,0,4482,G
5-NP,846,4463,1,3,0,4467,A
5-NP,847,0,1,0,4402,4403,C
5-NP,848,2,2,1,4385,4390,C
5-NP,849,2,4309,0,1,4312,T
5-NP,850,1,1,4485,0,4487,G
5-NP,851,4,0,2,4477,4483,C
5-NP,852,4487,0,6,0,4493,A
5-NP,853,4,0,4550,0,4554,G
5-NP,854,0,4357,0,5,4362,T
5-NP,855,4513,0,0,0,4513,A
5-NP,856,0,4496,0,2,4498,T
5-NP,857,3,0,0,4484,4487,C
5-NP,858,4,2,0,4486,4492,C
5-NP,859,4252,1,1,1,4255,A
5-NP,860,0,2,4262,0,4264,G
5-NP,861,0,4241,1,1,4243,T
5-NP,862,0,6,4252,0,4258,G
5-NP,863,1,5,4239,0,4245,G
5-NP,864,1,1,4197,0,4199,G
5-NP,865,1,4175,0,3,4179,T
5-NP,866,4160,2,3,0,4165,A
5-NP,867,0,3,0,4171,4174,C
5-NP,868,0,6,4150,1,4157,G
5-NP,869,4133,0,0,0,4133,A
5-NP,870,1,0,0,4139,4140,C
5-NP,871,0,4030,0,1,4031,T
5-NP,872,0,4023,0,0,4023,T
5-NP,873,3,0,0,4007,4010,C
5-NP,874,2,2,4007,0,4011,G
5-NP,875,4016,0,2,0,4018,A
5-NP,876,4017,0,0,0,4017,A
5-NP,877,4011,0,4,0,4015,A
5-NP,878,4007,0,0,0,4007,A
5-NP,879,3987,2,2,1,3992,A
5-NP,880,1,4,4003,0,4008,G
5-NP,881,3989,2,6,0,3997,A
5-NP,882,1,4,4032,0,4037,G
5-NP,883,1,4,4052,0,4057,G
5-NP,884,1,2,4056,0,4059,G
5-NP,885,4054,0,2,0,4056,A
5-NP,886,0,4049,0,1,4050,T
5-NP,887,4067,0,3,0,4070,A
5-NP,888,0,4062,1,0,4063,T
5-NP,889,0,4076,0,0,4076,T
5-NP,890,7,0,0,4109,4116,C
5-NP,891,4,1,0,4083,4088,C
5-NP,892,0,4015,0,2,4017,T
5-NP,893,0,4015,0,1,4016,T
5-NP,894,2,6,4021,0,4029,G
5-NP,895,2,0,4053,0,4055,G
5-NP,896,0,4020,0,2,4022,T
5-NP,897,0,4,4006,0,4010,G
5-NP,898,0,4,3985,0,3989,G
5-NP,899,1,2,4123,0,4126,G
5-NP,900,4123,1,1,1,4126,A
5-NP,901,4125,0,1,1,4127,A
5-NP,902,2,4122,0,0,4124,T
5-NP,903,4048,0,0,0,4048,A
5-NP,904,6,2,4046,0,4054,G
5-NP,905,4014,1,7,0,4022,A
5-NP,906,0,1,0,4013,4014,C
5-NP,907,2,1,0,3987,3990,C
5-NP,908,12,0,0,3820,3832,C
5-NP,909,1,3844,1,5,3851,T
5-NP,910,0,3852,0,1,3853,T
5-NP,911,0,3853,1,0,3854,T
5-NP,912,3,0,0,3855,3858,C
5-NP,913,3844,0,1,0,3845,A
5-NP,914,3848,1,1,0,3850,A
5-NP,915,3833,1,1,1,3836,A
5-NP,916,2,0,0,3835,3837,C
5-NP,917,0,3718,0,1,3719,T
5-NP,918,3703,0,0,0,3703,A
5-NP,919,2,0,0,3737,3739,C
5-NP,920,2,3719,0,6,3727,T
5-NP,921,0,3722,0,0,3722,T
5-NP,922,2,3,0,3726,3731,C
5-NP,923,3730,1,0,0,3731,A
5-NP,924,3730,1,0,0,3731,A
5-NP,925,3704,0,3,0,3707,A
5-NP,926,3713,2,1,0,3716,A
5-NP,927,2,3682,0,0,3684,T
5-NP,928,3604,1,1,0,3606,A
5-NP,929,1,1,3647,0,3649,G
5-NP,930,1,1,0,3655,3657,C
5-NP,931,3,0,0,3667,3670,C
5-NP,932,3669,0,1,1,3671,A
5-NP,933,3675,0,0,1,3676,A
5-NP,934,3780,0,1,0,3781,A
5-NP,935,0,3779,0,1,3780,T
5-NP,936,3800,0,1,0,3801,A
5-NP,937,0,3803,0,0,3803,T
5-NP,938,3709,1,1,0,3711,A
5-NP,939,1,2,3,3702,3708,C
5-NP,940,3590,0,3,1,3594,A
5-NP,941,1,1,3673,0,3675,G
5-NP,942,0,1,0,3673,3674,C
5-NP,943,0,3535,1,4,3540,T
5-NP,944,0,3570,0,0,3570,T
5-NP,945,3556,1,0,0,3557,A
5-NP,946,3556,1,0,0,3557,A
5-NP,947,0,3560,1,2,3563,T
5-NP,948,6,0,0,3551,3557,C
5-NP,949,3371,0,4,0,3375,A
5-NP,950,0,3,3411,1,3415,G
5-NP,951,3413,0,2,0,3415,A
5-NP,952,5,3,0,3423,3431,C
5-NP,953,3,0,0,3401,3404,C
5-NP,954,0,3344,0,2,3346,T
5-NP,955,3370,0,2,0,3372,A
5-NP,956,3368,1,6,0,3375,A
5-NP,957,1,4,0,3380,3385,C
5-NP,958,2,4,3376,0,3382,G
5-NP,959,3287,0,3,0,3290,A
5-NP,960,0,1,3287,1,3289,G
5-NP,961,3232,1,0,0,3233,A
5-NP,962,3252,0,1,1,3254,A
5-NP,963,0,3241,1,1,3243,T
5-NP,964,1,0,4,3208,3213,C
5-NP,965,0,0,0,3219,3219,C
5-NP,966,3150,0,7,0,3157,A
5-NP,967,2,0,3167,0,3169,G
5-NP,968,0,3,0,3163,3166,C
5-NP,969,3185,2,2,1,3190,A
5-NP,970,0,0,0,3202,3202,C
5-NP,971,3148,1,1,0,3150,A
5-NP,972,0,0,0,3156,3156,C
5-NP,973,3150,0,0,0,3150,A
5-NP,974,3150,0,2,0,3152,A
5-NP,975,0,3,3161,0,3164,G
5-NP,976,3112,1,3,0,3116,A
5-NP,977,0,0,3128,0,3128,G
5-NP,978,1,3027,0,0,3028,T
5-NP,979,3,0,0,3017,3020,C
5-NP,980,3004,0,3,0,3007,A
5-NP,981,0,0,3009,0,3009,G
5-NP,982,0,0,1,3008,3009,C
5-NP,983,0,2970,0,0,2970,T
5-NP,984,0,0,2978,0,2978,G
5-NP,985,0,5,2961,0,2966,G
5-NP,986,0,2942,0,3,2945,T
5-NP,987,2,3,2956,0,2961,G
5-NP,988,1,2920,1,0,2922,T
5-NP,989,0,2,2917,0,2919,G
5-NP,990,0,0,2907,0,2907,G
5-NP,991,2876,0,2,0,2878,A
5-NP,992,0,2880,1,1,2882,T
5-NP,993,3,3,2744,0,2750,G
5-NP,994,3,1,2713,0,2717,G
5-NP,995,1,0,0,2702,2703,C
5-NP,996,2676,0,2,0,2678,A
5-NP,997,0,2674,0,3,2677,T
5-NP,998,1,0,2650,0,2651,G
5-NP,999,0,1,0,2664,2665,C
5-NP,1000,3,0,0,2656,2659,C
5-NP,1001,2660,0,0,0,2660,A
5-NP,1002,0,2646,0,1,2647,T
5-NP,1003,0,2604,0,1,2605,T
5-NP,1004,1,0,0,2611,2612,C
5-NP,1005,1,2431,123,0,2555,T
5-NP,1006,2,0,2558,0,2560,G
5-NP,1007,1,0,0,2548,2549,C
5-NP,1008,0,2412,1,1,2414,T
5-NP,1009,0,1,2422,0,2423,G
5-NP,1010,1,0,0,2313,2314,C
5-NP,1011,2314,0,1,0,2315,A
5-NP,1012,0,2315,1,0,2316,T
5-NP,1013,0,2282,1,1,2284,T
5-NP,1014,0,2280,0,2,2282,T
5-NP,1015,0,1,2277,1,2279,G
5-NP,1016,2279,0,1,0,2280,A
5-NP,1017,2272,0,3,0,2275,A
5-NP,1018,0,0,2293,0,2293,G
5-NP,1019,2286,0,0,0,2286,A
5-NP,1020,0,2272,0,1,2273,T
5-NP,1021,0,2268,0,0,2268,T
5-NP,1022,2,2268,1,1,2272,T
5-NP,1023,2265,1,2,0,2268,A
5-NP,1024,2268,0,1,0,2269,A
5-NP,1025,0,1,2271,0,2272,G
5-NP,1026,2264,0,1,0,2265,A
5-NP,1027,2,2242,0,1,2245,T
5-NP,1028,0,2190,0,0,2190,T
5-NP,1029,1,0,2201,0,2202,G
5-NP,1030,0,2198,1,4,2203,T
5-NP,1031,1,2195,1,1,2198,T
5-NP,1032,2196,2,0,0,2198,A
5-NP,1033,2198,1,0,0,2199,A
5-NP,1034,0,0,2209,0,2209,G
5-NP,1035,1,2,0,2206,2209,C
5-NP,1036,0,2149,0,3,2152,T
5-NP,1037,0,2164,1,1,2166,T
5-NP,1038,0,0,0,2169,2169,C
5-NP,1039,2163,1,2,0,2166,A
5-NP,1040,0,2161,0,1,2162,T
5-NP,1041,2,0,0,2168,2170,C
5-NP,1042,2132,0,1,0,2133,A
5-NP,1043,1,1,2129,0,2131,G
5-NP,1044,2112,0,1,0,2113,A
5-NP,1045,1,0,2118,0,2119,G
5-NP,1046,0,1,2114,0,2115,G
5-NP,1047,0,1,2102,0,2103,G
5-NP,1048,2105,0,2,0,2107,A
5-NP,1049,0,0,0,2116,2116,C
5-NP,1050,2108,0,0,0,2108,A
5-NP,1051,2118,0,0,0,2118,A
5-NP,1052,2110,0,3,0,2113,A
5-NP,1053,2113,0,1,0,2114,A
5-NP,1054,0,0,2120,1,2121,G
5-NP,1055,0,2039,0,3,2042,T
5-NP,1056,2031,0,0,0,2031,A
5-NP,1057,1,2019,0,4,2024,T
5-NP,1058,2,0,0,2017,2019,C
5-NP,1059,0,2008,0,1,2009,T
5-NP,1060,0,0,2,2019,2021,C
5-NP,1061,1,0,0,1998,1999,C
5-NP,1062,0,1988,2,0,1990,T
5-NP,1063,3,6,0,1976,1985,C
5-NP,1064,1,0,1982,0,1983,G
5-NP,1065,0,0,1985,0,1985,G
5-NP,1066,5,2,1978,0,1985,G
5-NP,1067,1,1,1975,0,1977,G
5-NP,1068,1,3,1968,1,1973,G
5-NP,1069,1930,0,2,1,1933,A
5-NP,1070,1931,0,0,0,1931,A
5-NP,1071,1931,0,3,0,1934,A
5-NP,1072,1,0,0,1935,1936,C
5-NP,1073,0,1918,0,2,1920,T
5-NP,1074,1,0,1932,0,1933,G
5-NP,1075,1,1906,0,1,1908,T
5-NP,1076,5,0,0,1905,1910,C
5-NP,1077,1923,0,5,0,1928,A
5-NP,1078,1937,0,0,0,1937,A
5-NP,1079,1,0,0,1943,1944,C
5-NP,1080,0,1938,0,0,1938,T
5-NP,1081,1878,0,5,0,1883,A
5-NP,1082,1,0,1883,1,1885,G
5-NP,1083,1840,0,1,0,1841,A
5-NP,1084,0,2,1842,0,1844,G
5-NP,1085,0,4,1840,0,1844,G
5-NP,1086,1731,0,0,0,1731,A
5-NP,1087,1,0,1757,0,1758,G
5-NP,1088,0,1741,0,1,1742,T
5-NP,1089,1741,0,0,0,1741,A
5-NP,1090,0,1,0,1739,1740,C
5-NP,1091,1711,1,0,0,1712,A
5-NP,1092,1712,0,0,0,1712,A
5-NP,1093,1691,0,0,0,1691,A
5-NP,1094,0,1674,0,0,1674,T
5-NP,1095,0,1667,0,1,1668,T
5-NP,1096,0,0,1618,0,1618,G
5-NP,1097,0,0,0,1605,1605,C
5-NP,1098,1,1597,0,2,1600,T
5-NP,1099,1,1591,1,2,1595,T
5-NP,1100,1,0,0,1594,1595,C
5-NP,1101,1595,0,4,0,1599,A
5-NP,1102,1601,0,2,0,1603,A
5-NP,1103,1600,0,0,0,1600,A
5-NP,1104,0,1601,1,0,1602,T
5-NP,1105,0,1,1595,0,1596,G
5-NP,1106,1554,0,3,0,1557,A
5-NP,1107,0,4,1554,0,1558,G
5-NP,1108,1559,0,0,0,1559,A
5-NP,1109,1557,1,1,0,1559,A
5-NP,1110,0,0,0,1558,1558,C
5-NP,1111,1529,1,1,1,1532,A
5-NP,1112,0,1531,0,0,1531,T
5-NP,1113,2,1,1536,0,1539,G
5-NP,1114,0,0,1543,0,1543,G
5-NP,1115,1532,0,6,0,1538,A
5-NP,1116,0,1508,0,0,1508,T
5-NP,1117,1483,0,1,0,1484,A
5-NP,1118,1513,0,1,0,1514,A
5-NP,1119,1,1478,0,0,1479,T
5-NP,1120,1467,0,0,0,1467,A
5-NP,1121,0,1453,0,1,1454,T
5-NP,1122,0,0,1291,0,1291,G
5-NP,1123,1,0,1247,0,1248,G
5-NP,1124,0,1,1240,0,1241,G
5-NP,1125,1240,0,0,0,1240,A
5-NP,1126,0,1238,0,0,1238,T
5-NP,1127,1,0,0,909,910,C
5-NP,1128,0,3,907,0,910,G
5-NP,1129,913,0,0,0,913,A
5-NP,1130,0,0,912,0,912,G
5-NP,1131,0,0,0,908,908,C
5-NP,1132,896,0,0,0,896,A
5-NP,1133,0,1,0,905,906,C
5-NP,1134,0,886,0,1,887,T
5-NP,1135,0,0,0,895,895,C
5-NP,1136,1,891,0,0,892,T
5-NP,1137,0,877,0,0,877,T
5-NP,1138,0,0,879,0,879,G
5-NP,1139,872,0,0,0,872,A
5-NP,1140,869,0,0,0,869,A
5-NP,1141,0,1,0,870,871,C
5-NP,1142,0,619,0,1,620,T
5-NP,1143,0,1,620,0,621,G
5-NP,1144,577,0,2,0,579,A
5-NP,1145,0,0,579,0,579,G
5-NP,1146,577,0,0,0,577,A
5-NP,1147,563,0,0,0,563,A
5-NP,1148,0,0,563,0,563,G
5-NP,1149,0,0,0,537,537,C
5-NP,1150,1,0,531,0,532,G
5-NP,1151,0,1,531,0,532,G
5-NP,1152,0,0,503,0,503,G
5-NP,1153,0,499,0,0,499,T
5-NP,1154,475,0,0,0,475,A
5-NP,1155,0,0,0,473,473,C
5-NP,1156,0,288,0,0,288,T
5-NP,1157,0,0,285,0,285,G
5-NP,1158,0,0,274,0,274,G
5-NP,1159,0,1,262,0,263,G
5-NP,1160,0,0,0,254,254,C
5-NP,1161,0,0,0,223,223,C
5-NP,1162,223,0,0,0,223,A
5-NP,1163,0,223,0,0,223,T
5-NP,1164,223,0,0,0,223,A
5-NP,1165,216,0,0,0,216,A
5-NP,1166,0,0,213,0,213,G
5-NP,1167,0,0,218,0,218,G
5-NP,1168,214,0,0,0,214,A
5-NP,1169,0,0,0,215,215,C
5-NP,1170,0,0,0,215,215,C
5-NP,1171,210,0,3,0,213,A
5-NP,1172,1,1,216,0,218,G
5-NP,1173,0,0,218,0,218,G
5-NP,1174,215,0,0,0,215,A
5-NP,1175,0,0,216,0,216,G
5-NP,1176,0,206,0,0,206,T
5-NP,1177,1,0,204,0,205,G
5-NP,1178,0,0,207,0,207,G
5-NP,1179,206,0,0,0,206,A
5-NP,1180,0,0,206,0,206,G
5-NP,1181,0,0,204,0,204,G
5-NP,1182,204,0,0,0,204,A
5-NP,1183,204,0,0,0,204,A
5-NP,1184,204,0,0,0,204,A
5-NP,1185,0,0,0,203,203,C
5-NP,1186,200,0,0,0,200,A
5-NP,1187,0,0,0,205,205,C
5-NP,1188,0,196,0,0,196,T
5-NP,1189,198,0,0,0,198,A
5-NP,1190,197,0,0,0,197,A
5-NP,1191,0,198,0,0,198,T
5-NP,1192,0,0,0,199,199,C
5-NP,1193,194,0,1,0,195,A
5-NP,1194,198,0,0,0,198,A
5-NP,1195,1,0,0,195,196,C
5-NP,1196,192,0,0,0,192,A
5-NP,1197,0,1,190,0,191,G
5-NP,1198,187,0,0,0,187,A
5-NP,1199,0,0,187,0,187,G
5-NP,1200,0,0,190,0,190,G
5-NP,1201,0,0,191,0,191,G
5-NP,1202,0,0,0,190,190,C
5-NP,1203,0,0,0,187,187,C
5-NP,1204,1,179,0,0,180,T
5-NP,1205,0,0,0,183,183,C
5-NP,1206,0,0,0,181,181,C
5-NP,1207,0,0,183,0,183,G
5-NP,1208,0,0,0,182,182,C
5-NP,1209,179,0,1,0,180,A
5-NP,1210,0,0,185,0,185,G
5-NP,1211,0,0,186,0,186,G
5-NP,1212,0,0,0,188,188,C
5-NP,1213,1,0,0,186,187,C
5-NP,1214,186,0,0,0,186,A
5-NP,1215,187,0,0,0,187,A
5-NP,1216,188,0,0,0,188,A
5-NP,1217,0,0,0,188,188,C
5-NP,1218,0,0,0,188,188,C
5-NP,1219,156,0,0,0,156,A
5-NP,1220,0,0,156,0,156,G
5-NP,1221,0,157,0,0,157,T
5-NP,1222,0,0,164,0,164,G
5-NP,1223,0,164,0,0,164,T
5-NP,1224,0,0,164,0,164,G
5-NP,1225,0,0,0,164,164,C
5-NP,1226,163,0,0,0,163,A
5-NP,1227,164,0,0,0,164,A
5-NP,1228,0,0,0,162,162,C
5-NP,1229,0,0,0,159,159,C
5-NP,1230,0,160,0,0,160,T
5-NP,1231,161,0,0,0,161,A
5-NP,1232,0,0,0,160,160,C
5-NP,1233,0,0,162,0,162,G
5-NP,1234,0,161,0,0,161,T
5-NP,1235,0,162,0,0,162,T
5-NP,1236,0,160,0,0,160,T
5-NP,1237,1,155,1,1,158,T
5-NP,1238,0,0,0,159,159,C
5-NP,1239,0,156,0,0,156,T
5-NP,1240,0,0,162,0,162,G
5-NP,1241,0,162,0,0,162,T
5-NP,1242,162,0,0,0,162,A
5-NP,1243,0,0,0,163,163,C
5-NP,1244,162,0,0,0,162,A
5-NP,1245,162,0,0,0,162,A
5-NP,1246,162,0,0,0,162,A
5-NP,1247,0,0,162,0,162,G
5-NP,1248,160,0,0,0,160,A
5-NP,1249,157,0,0,0,157,A
5-NP,1250,158,0,0,0,158,A
5-NP,1251,0,0,0,158,158,C
5-NP,1252,0,0,0,157,157,C
5-NP,1253,0,157,0,0,157,T
5-NP,1254,1,0,0,155,156,C
5-NP,1255,0,0,0,155,155,C
5-NP,1256,0,0,0,156,156,C
5-NP,1257,156,0,0,0,156,A
5-NP,1258,0,156,0,0,156,T
5-NP,1259,0,156,0,0,156,T
5-NP,1260,0,155,0,1,156,T
5-NP,1261,0,0,156,0,156,G
5-NP,1262,155,0,0,0,155,A
5-NP,1263,154,1,0,0,155,A
5-NP,1264,153,0,0,0,153,A
5-NP,1265,153,0,0,0,153,A
5-NP,1266,0,0,154,0,154,G
5-NP,1267,0,152,0,0,152,T
5-NP,1268,0,0,0,154,154,C
5-NP,1269,155,0,0,0,155,A
5-NP,1270,159,0,0,0,159,A
5-NP,1271,0,0,0,161,161,C
5-NP,1272,0,0,0,161,161,C
5-NP,1273,164,0,0,0,164,A
5-NP,1274,0,164,0,0,164,T
5-NP,1275,0,1,0,162,163,C
5-NP,1276,162,0,0,0,162,A
5-NP,1277,0,165,0,0,165,T
5-NP,1278,0,0,162,0,162,G
5-NP,1279,0,0,163,0,163,G
5-NP,1280,0,0,0,162,162,C
5-NP,1281,159,0,0,0,159,A
5-NP,1282,0,0,158,0,158,G
5-NP,1283,0,0,0,156,156,C
5-NP,1284,156,0,0,0,156,A
5-NP,1285,0,156,0,0,156,T
5-NP,1286,0,155,0,0,155,T
5-NP,1287,0,0,0,155,155,C
5-NP,1288,154,0,0,0,154,A
5-NP,1289,0,0,0,155,155,C
5-NP,1290,0,152,0,1,153,T
5-NP,1291,0,0,160,0,160,G
5-NP,1292,0,0,161,0,161,G
5-NP,1293,157,0,0,0,157,A
5-NP,1294,157,0,1,0,158,A
5-NP,1295,158,0,0,0,158,A
5-NP,1296,0,158,0,0,158,T
5-NP,1297,158,0,0,0,158,A
5-NP,1298,0,0,0,156,156,C
5-NP,1299,0,0,152,0,152,G
5-NP,1300,0,0,152,0,152,G
5-NP,1301,147,0,0,0,147,A
5-NP,1302,0,1,148,0,149,G
5-NP,1303,0,0,149,0,149,G
5-NP,1304,0,0,148,0,148,G
5-NP,1305,149,0,0,0,149,A
5-NP,1306,145,0,0,0,145,A
5-NP,1307,0,1,147,0,148,G
5-NP,1308,148,0,0,0,148,A
5-NP,1309,145,0,0,0,145,A
5-NP,1310,0,0,0,146,146,C
5-NP,1311,0,145,0,0,145,T
5-NP,1312,0,145,0,0,145,T
5-NP,1313,0,0,0,146,146,C
5-NP,1314,146,0,0,0,146,A
5-NP,1315,0,0,147,0,147,G
5-NP,1316,147,0,0,0,147,A
5-NP,1317,0,0,0,148,148,C
5-NP,1318,148,0,0,0,148,A
5-NP,1319,0,145,0,0,145,T
5-NP,1320,0,0,145,0,145,G
5-NP,1321,144,0,0,0,144,A
5-NP,1322,0,1,145,0,146,G
5-NP,1323,0,0,144,0,144,G
5-NP,1324,0,0,145,0,145,G
5-NP,1325,0,0,0,144,144,C
5-NP,1326,145,0,0,0,145,A
5-NP,1327,0,0,143,0,143,G
5-NP,1328,144,0,0,0,144,A
5-NP,1329,144,0,0,0,144,A
5-NP,1330,143,0,0,0,143,A
5-NP,1331,0,141,0,0,141,T
5-NP,1332,0,0,0,143,143,C
5-NP,1333,142,0,0,0,142,A
5-NP,1334,0,142,0,0,142,T
5-NP,1335,140,0,1,0,141,A
5-NP,1336,142,0,0,0,142,A
5-NP,1337,0,0,142,0,142,G
5-NP,1338,142,0,0,0,142,A
5-NP,1339,144,0,0,0,144,A
5-NP,1340,0,141,0,0,141,T
5-NP,1341,0,0,141,0,141,G
5-NP,1342,142,0,0,0,142,A
5-NP,1343,0,140,0,1,141,T
5-NP,1344,0,0,141,0,141,G
5-NP,1345,0,0,140,0,140,G
5-NP,1346,135,0,2,0,137,A
5-NP,1347,137,0,0,0,137,A
5-NP,1348,132,0,1,0,133,A
5-NP,1349,0,0,135,0,135,G
5-NP,1350,0,134,0,0,134,T
5-NP,1351,0,0,135,0,135,G
5-NP,1352,0,0,0,135,135,C
5-NP,1353,134,0,0,0,134,A
5-NP,1354,133,1,0,0,134,A
5-NP,1355,133,0,0,0,133,A
5-NP,1356,135,0,0,0,135,A
5-NP,1357,0,0,0,135,135,C
5-NP,1358,0,0,0,134,134,C
5-NP,1359,133,0,0,0,133,A
5-NP,1360,0,0,134,0,134,G
5-NP,1361,134,0,0,0,134,A
5-NP,1362,134,0,0,0,134,A
5-NP,1363,0,0,135,0,135,G
5-NP,1364,135,0,0,0,135,A
5-NP,1365,131,0,0,0,131,A
5-NP,1366,0,0,133,0,133,G
5-NP,1367,0,134,0,0,134,T
5-NP,1368,0,0,134,0,134,G
5-NP,1369,0,134,0,0,134,T
5-NP,1370,0,0,0,133,133,C
5-NP,1371,133,0,0,0,133,A
5-NP,1372,0,133,0,0,133,T
5-NP,1373,0,130,0,0,130,T
5-NP,1374,0,0,0,132,132,C
5-NP,1375,0,0,0,128,128,C
5-NP,1376,0,0,129,0,129,G
5-NP,1377,0,0,128,0,128,G
5-NP,1378,0,0,129,0,129,G
5-NP,1379,0,0,129,0,129,G
5-NP,1380,127,0,0,0,127,A
5-NP,1381,127,0,0,0,127,A
5-NP,1382,0,0,127,0,127,G
5-NP,1383,0,0,126,0,126,G
5-NP,1384,0,0,125,0,125,G
5-NP,1385,0,0,125,0,125,G
5-NP,1386,122,0,0,0,122,A
5-NP,1387,0,0,123,0,123,G
5-NP,1388,0,122,0,0,122,T
5-NP,1389,0,0,0,120,120,C
5-NP,1390,0,121,0,0,121,T
5-NP,1391,0,120,0,0,120,T
5-NP,1392,0,0,0,121,121,C
5-NP,1393,0,0,120,0,120,G
5-NP,1394,121,0,0,0,121,A
5-NP,1395,0,0,121,0,121,G
5-NP,1396,0,0,0,119,119,C
5-NP,1397,0,119,0,0,119,T
5-NP,1398,0,0,0,122,122,C
5-NP,1399,0,121,0,0,121,T
5-NP,1400,0,0,0,121,121,C
5-NP,1401,121,0,0,0,121,A
5-NP,1402,0,0,119,1,120,G
5-NP,1403,121,0,0,0,121,A
5-NP,1404,0,0,0,119,119,C
5-NP,1405,0,0,118,0,118,G
5-NP,1406,117,0,0,0,117,A
5-NP,1407,0,0,117,0,117,G
5-NP,1408,116,0,0,0,116,A
5-NP,1409,116,0,0,0,116,A
5-NP,1410,0,0,115,0,115,G
5-NP,1411,0,0,116,0,116,G
5-NP,1412,0,0,0,117,117,C
5-NP,1413,117,0,0,0,117,A
5-NP,1414,117,0,0,0,117,A
5-NP,1415,0,0,0,116,116,C
5-NP,1416,0,0,117,0,117,G
5-NP,1417,117,0,0,0,117,A
5-NP,1418,117,0,0,0,117,A
5-NP,1419,0,0,0,116,116,C
5-NP,1420,0,0,0,116,116,C
5-NP,1421,0,0,0,114,114,C
5-NP,1422,0,0,115,0,115,G
5-NP,1423,114,0,0,0,114,A
5-NP,1424,0,115,0,0,115,T
5-NP,1425,0,0,0,114,114,C
5-NP,1426,0,0,114,0,114,G
5-NP,1427,0,113,0,0,113,T
5-NP,1428,0,0,112,0,112,G
5-NP,1429,0,0,0,114,114,C
5-NP,1430,0,0,0,111,111,C
5-NP,1431,0,0,0,112,112,C
5-NP,1432,0,110,0,1,111,T
5-NP,1433,0,0,0,112,112,C
5-NP,1434,0,111,0,0,111,T
5-NP,1435,0,108,3,0,111,T
5-NP,1436,0,111,0,0,111,T
5-NP,1437,0,111,0,0,111,T
5-NP,1438,0,0,110,0,110,G
5-NP,1439,111,0,0,0,111,A
5-NP,1440,0,109,0,0,109,T
5-NP,1441,100,0,0,0,100,A
5-NP,1442,0,86,0,0,86,T
5-NP,1443,0,0,87,0,87,G
5-NP,1444,85,0,0,0,85,A
5-NP,1445,0,0,86,0,86,G
5-NP,1446,0,86,0,0,86,T
5-NP,1447,83,0,0,0,83,A
5-NP,1448,83,0,0,0,83,A
5-NP,1449,0,82,0,0,82,T
5-NP,1450,0,0,82,0,82,G
5-NP,1451,81,0,0,0,81,A
5-NP,1452,75,0,0,0,75,A
5-NP,1453,0,0,75,0,75,G
5-NP,1454,0,0,71,0,71,G
5-NP,1455,71,0,0,0,71,A
5-NP,1456,0,69,0,0,69,T
5-NP,1457,1,0,0,69,70,C
5-NP,1458,0,70,0,0,70,T
5-NP,1459,0,70,0,0,70,T
5-NP,1460,69,0,0,0,69,A
5-NP,1461,0,69,0,0,69,T
5-NP,1462,0,66,0,0,66,T
5-NP,1463,0,66,0,0,66,T
5-NP,1464,0,0,0,62,62,C
5-NP,1465,0,61,0,0,61,T
5-NP,1466,0,61,0,0,61,T
5-NP,1467,0,0,0,61,61,C
5-NP,1468,0,0,59,0,59,G
5-NP,1469,0,0,58,0,58,G
5-NP,1470,58,0,0,0,58,A
5-NP,1471,0,0,58,0,58,G
5-NP,1472,57,0,0,0,57,A
5-NP,1473,0,0,0,56,56,C
5-NP,1474,54,0,0,0,54,A
5-NP,1475,55,0,0,0,55,A
5-NP,1476,0,55,0,0,55,T
5-NP,1477,0,0,55,0,55,G
5-NP,1478,0,0,0,55,55,C
5-NP,1479,53,0,0,0,53,A
5-NP,1480,0,0,53,0,53,G
5-NP,1481,52,0,0,1,53,A
5-NP,1482,49,0,0,0,49,A
5-NP,1483,0,0,49,0,49,G
5-NP,1484,35,0,0,0,35,A
5-NP,1485,0,0,33,0,33,G
5-NP,1486,0,29,0,0,29,T
5-NP,1487,29,0,0,0,29,A
5-NP,1488,0,27,0,0,27,T
5-NP,1489,0,0,27,0,27,G
5-NP,1490,27,0,0,0,27,A
5-NP,1491,0,0,0,27,27,C
5-NP,1492,23,0,0,0,23,A
5-NP,1493,22,0,0,0,22,A
5-NP,1494,0,18,0,0,18,T
5-NP,1495,0,19,0,0,19,T
5-NP,1496,16,0,0,0,16,A
5-NP,1497,17,0,0,0,17,A
6-NA,1,131,0,0,0,131,A
6-NA,2,0,133,0,0,133,T
6-NA,3,0,0,137,0,137,G
6-NA,4,134,0,2,1,137,A
6-NA,5,137,0,0,0,137,A
6-NA,6,0,138,0,0,138,T
6-NA,7,0,1,0,137,138,C
6-NA,8,0,0,0,137,137,C
6-NA,9,138,0,0,0,138,A
6-NA,10,140,0,0,0,140,A
6-NA,11,139,0,1,0,140,A
6-NA,12,0,141,0,0,141,T
6-NA,13,1,0,0,140,141,C
6-NA,14,141,0,0,0,141,A
6-NA,15,144,0,0,0,144,A
6-NA,16,143,0,0,0,143,A
6-NA,17,149,0,0,0,149,A
6-NA,18,0,0,156,0,156,G
6-NA,19,160,0,0,0,160,A
6-NA,20,0,163,0,0,163,T
6-NA,21,164,0,0,0,164,A
6-NA,22,165,0,0,0,165,A
6-NA,23,0,166,0,0,166,T
6-NA,24,170,0,0,0,170,A
6-NA,25,173,0,0,0,173,A
6-NA,26,0,0,0,177,177,C
6-NA,27,1,0,179,0,180,G
6-NA,28,181,0,0,0,181,A
6-NA,29,0,180,0,0,180,T
6-NA,30,0,181,0,0,181,T
6-NA,31,0,1,180,0,181,G
6-NA,32,0,0,189,0,189,G
6-NA,33,0,0,0,190,190,C
6-NA,34,0,188,0,0,188,T
6-NA,35,0,0,0,195,195,C
6-NA,36,0,193,0,0,193,T
6-NA,37,0,0,202,0,202,G
6-NA,38,0,202,0,0,202,T
6-NA,39,0,202,0,0,202,T
6-NA,40,0,208,0,0,208,T
6-NA,41,0,0,0,215,215,C
6-NA,42,0,213,0,1,214,T
6-NA,43,1,0,0,216,217,C
6-NA,44,0,221,0,0,221,T
6-NA,45,1,0,0,223,224,C
6-NA,46,224,0,0,0,224,A
6-NA,47,0,0,0,234,234,C
6-NA,48,0,0,0,235,235,C
6-NA,49,235,0,0,0,235,A
6-NA,50,0,237,0,0,237,T
6-NA,51,0,241,0,1,242,T
6-NA,52,0,242,0,0,242,T
6-NA,53,0,0,0,247,247,C
6-NA,54,0,0,0,247,247,C
6-NA,55,250,0,0,0,250,A
6-NA,56,1,0,0,262,263,C
6-NA,57,261,0,0,0,261,A
6-NA,58,269,0,0,0,269,A
6-NA,59,0,269,0,0,269,T
6-NA,60,277,0,0,0,277,A
6-NA,61,0,279,0,0,279,T
6-NA,62,0,0,279,0,279,G
6-NA,63,0,0,0,279,279,C
6-NA,64,0,277,0,1,278,T
6-NA,65,0,280,0,0,280,T
6-NA,66,0,0,0,279,279,C
6-NA,67,0,280,0,0,280,T
6-NA,68,0,279,0,0,279,T
6-NA,69,0,0,0,280,280,C
6-NA,70,279,0,0,0,279,A
6-NA,71,0,280,0,0,280,T
6-NA,72,0,0,280,0,280,G
6-NA,73,0,0,0,281,281,C
6-NA,74,280,0,0,0,280,A
6-NA,75,279,0,0,0,279,A
6-NA,76,278,0,0,0,278,A
6-NA,77,0,282,0,0,282,T
6-NA,78,0,283,0,0,283,T
6-NA,79,0,0,282,0,282,G
6-NA,80,0,0,0,283,283,C
6-NA,81,0,0,0,285,285,C
6-NA,82,286,0,0,0,286,A
6-NA,83,0,286,0,0,286,T
6-NA,84,0,0,0,311,311,C
6-NA,85,0,314,0,0,314,T
6-NA,86,0,315,0,0,315,T
6-NA,87,0,0,323,0,323,G
6-NA,88,324,0,0,0,324,A
6-NA,89,0,327,0,0,327,T
6-NA,90,326,0,0,0,326,A
6-NA,91,327,0,0,0,327,A
6-NA,92,0,0,0,363,363,C
6-NA,93,0,353,1,0,354,T
6-NA,94,354,0,0,0,354,A
6-NA,95,1,0,0,368,369,C
6-NA,96,0,368,0,0,368,T
6-NA,97,0,0,380,0,380,G
6-NA,98,1,378,0,0,379,T
6-NA,99,379,0,0,0,379,A
6-NA,100,380,0,0,0,380,A
6-NA,101,0,0,0,374,374,C
6-NA,102,373,0,0,0,373,A
6-NA,103,0,378,0,0,378,T
6-NA,104,1,366,0,0,367,T
6-NA,105,0,0,368,0,368,G
6-NA,106,0,0,0,362,362,C
6-NA,107,353,0,0,0,353,A
6-NA,108,0,352,0,0,352,T
6-NA,109,0,351,0,0,351,T
6-NA,110,0,353,0,0,353,T
6-NA,111,0,1,0,352,353,C
6-NA,112,352,0,0,0,352,A
6-NA,113,352,0,1,0,353,A
6-NA,114,348,0,0,0,348,A
6-NA,115,0,0,0,360,360,C
6-NA,116,358,0,0,0,358,A
6-NA,117,375,0,0,0,375,A
6-NA,118,0,382,0,0,382,T
6-NA,119,380,0,0,0,380,A
6-NA,120,0,383,0,0,383,T
6-NA,121,0,0,391,0,391,G
6-NA,122,390,0,0,0,390,A
6-NA,123,402,0,0,0,402,A
6-NA,124,0,402,0,0,402,T
6-NA,125,0,403,0,0,403,T
6-NA,126,0,0,0,400,400,C
6-NA,127,398,0,1,0,399,A
6-NA,128,405,3,1,0,409,A
6-NA,129,0,1,0,409,410,C
6-NA,130,0,408,0,1,409,T
6-NA,131,1,0,0,410,411,C
6-NA,132,0,0,0,409,409,C
6-NA,133,0,0,0,420,420,C
6-NA,134,0,0,0,418,418,C
6-NA,135,2,0,0,418,420,C
6-NA,136,0,0,0,430,430,C
6-NA,137,1,0,0,430,431,C
6-NA,138,434,0,0,1,435,A
6-NA,139,434,1,0,0,435,A
6-NA,140,436,0,0,0,436,A
6-NA,141,0,0,0,443,443,C
6-NA,142,430,1,0,0,431,A
6-NA,143,438,0,0,0,438,A
6-NA,144,0,0,0,439,439,C
6-NA,145,0,0,0,438,438,C
6-NA,146,446,0,0,0,446,A
6-NA,147,446,0,1,0,447,A
6-NA,148,0,0,461,0,461,G
6-NA,149,0,460,0,0,460,T
6-NA,150,0,0,458,0,458,G
6-NA,151,468,1,0,0,469,A
6-NA,152,0,464,0,0,464,T
6-NA,153,0,0,463,0,463,G
6-NA,154,0,0,0,465,465,C
6-NA,155,0,460,0,0,460,T
6-NA,156,0,0,485,0,485,G
6-NA,157,0,485,0,0,485,T
6-NA,158,0,0,483,0,483,G
6-NA,159,0,490,0,1,491,T
6-NA,160,0,0,481,0,481,G
6-NA,161,481,0,0,0,481,A
6-NA,162,484,1,0,0,485,A
6-NA,163,8,0,0,479,487,C
6-NA,164,0,0,0,487,487,C
6-NA,165,481,0,0,0,481,A
6-NA,166,481,1,0,0,482,A
6-NA,167,0,0,0,504,504,C
6-NA,168,503,0,0,0,503,A
6-NA,169,505,0,0,0,505,A
6-NA,170,0,504,0,0,504,T
6-NA,171,504,0,0,0,504,A
6-NA,172,503,0,0,0,503,A
6-NA,173,0,505,0,0,505,T
6-NA,174,502,0,0,0,502,A
6-NA,175,0,0,503,0,503,G
6-NA,176,493,0,0,0,493,A
6-NA,177,497,0,0,0,497,A
6-NA,178,501,0,0,0,501,A
6-NA,179,0,1,503,0,504,G
6-NA,180,512,0,0,0,512,A
6-NA,181,509,0,0,1,510,A
6-NA,182,528,0,2,0,530,A
6-NA,183,0,0,0,532,532,C
6-NA,184,531,0,0,0,531,A
6-NA,185,0,530,0,4,534,T
6-NA,186,541,0,0,0,541,A
6-NA,187,545,0,0,0,545,A
6-NA,188,0,0,0,557,557,C
6-NA,189,547,0,0,0,547,A
6-NA,190,0,0,565,0,565,G
6-NA,191,553,1,0,1,555,A
6-NA,192,0,0,556,0,556,G
6-NA,193,556,0,0,0,556,A
6-NA,194,0,576,0,0,576,T
6-NA,195,578,0,0,0,578,A
6-NA,196,0,0,595,0,595,G
6-NA,197,1,592,0,0,593,T
6-NA,198,0,0,596,0,596,G
6-NA,199,0,591,0,2,593,T
6-NA,200,596,0,0,0,596,A
6-NA,201,0,593,0,0,593,T
6-NA,202,0,1,0,597,598,C
6-NA,203,1,584,0,3,588,T
6-NA,204,0,0,601,0,601,G
6-NA,205,594,0,1,0,595,A
6-NA,206,0,0,0,596,596,C
6-NA,207,0,0,0,593,593,C
6-NA,208,592,1,0,0,593,A
6-NA,209,594,0,0,0,594,A
6-NA,210,0,0,0,601,601,C
6-NA,211,602,0,0,0,602,A
6-NA,212,0,0,0,616,616,C
6-NA,213,0,1,0,613,614,C
6-NA,214,637,0,0,0,637,A
6-NA,215,0,0,0,650,650,C
6-NA,216,0,1,0,647,648,C
6-NA,217,651,0,0,0,651,A
6-NA,218,0,646,0,2,648,T
6-NA,219,645,0,0,0,645,A
6-NA,220,0,1,647,0,648,G
6-NA,221,636,1,0,0,637,A
6-NA,222,0,0,655,0,655,G
6-NA,223,644,0,0,0,644,A
6-NA,224,636,0,1,0,637,A
6-NA,225,0,1,639,0,640,G
6-NA,226,0,1,642,0,643,G
6-NA,227,644,0,0,0,644,A
6-NA,228,646,0,1,0,647,A
6-NA,229,646,0,0,0,646,A
6-NA,230,0,645,0,0,645,T
6-NA,231,639,1,0,0,640,A
6-NA,232,0,635,0,0,635,T
6-NA,233,0,0,635,0,635,G
6-NA,234,0,0,0,641,641,C
6-NA,235,1,0,0,634,635,C
6-NA,236,1,0,0,633,634,C
6-NA,237,0,0,0,638,638,C
6-NA,238,638,0,0,0,638,A
6-NA,239,651,0,1,0,652,A
6-NA,240,652,0,1,0,653,A
6-NA,241,0,1,0,654,655,C
6-NA,242,0,656,0,1,657,T
6-NA,243,656,0,0,1,657,A
6-NA,244,0,0,661,0,661,G
6-NA,245,1,0,1,656,658,C
6-NA,246,659,1,1,0,661,A
6-NA,247,0,0,668,0,668,G
6-NA,248,655,0,0,1,656,A
6-NA,249,668,0,1,1,670,A
6-NA,250,0,669,0,3,672,T
6-NA,251,672,0,1,1,674,A
6-NA,252,0,0,0,672,672,C
6-NA,253,671,0,0,1,672,A
6-NA,254,0,0,671,0,671,G
6-NA,255,670,1,0,1,672,A
6-NA,256,672,0,0,0,672,A
6-NA,257,671,1,0,1,673,A
6-NA,258,0,657,0,1,658,T
6-NA,259,0,652,0,0,652,T
6-NA,260,0,0,653,0,653,G
6-NA,261,0,0,652,0,652,G
6-NA,262,0,647,1,1,649,T
6-NA,263,0,0,0,653,653,C
6-NA,264,652,0,0,0,652,A
6-NA,265,653,0,0,0,653,A
6-NA,266,656,0,0,0,656,A
6-NA,267,0,0,656,0,656,G
6-NA,268,0,0,0,657,657,C
6-NA,269,1,0,0,655,656,C
6-NA,270,0,0,659,0,659,G
6-NA,271,0,0,0,655,655,C
6-NA,272,659,0,0,0,659,A
6-NA,273,666,0,1,0,667,A
6-NA,274,0,663,0,1,664,T
6-NA,275,0,0,670,0,670,G
6-NA,276,0,667,0,0,667,T
6-NA,277,0,1,666,0,667,G
6-NA,278,683,0,0,1,684,A
6-NA,279,0,1,0,694,695,C
6-NA,280,704,0,0,0,704,A
6-NA,281,0,709,0,0,709,T
6-NA,282,0,705,0,0,705,T
6-NA,283,705,1,0,0,706,A
6-NA,284,0,2,0,705,707,C
6-NA,285,698,0,1,0,699,A
6-NA,286,0,1,698,0,699,G
6-NA,287,0,0,690,0,690,G
6-NA,288,0,0,679,0,679,G
6-NA,289,0,703,1,0,704,T
6-NA,290,0,706,0,1,707,T
6-NA,291,0,706,0,0,706,T
6-NA,292,1,0,702,0,703,G
6-NA,293,1,0,0,696,697,C
6-NA,294,703,0,1,0,704,A
6-NA,295,1,2,0,707,710,C
6-NA,296,0,0,0,700,700,C
6-NA,297,0,697,0,0,697,T
6-NA,298,0,698,0,0,698,T
6-NA,299,0,705,0,0,705,T
6-NA,300,0,702,0,1,703,T
6-NA,301,0,710,1,0,711,T
6-NA,302,0,0,0,713,713,C
6-NA,303,1,713,0,0,714,T
6-NA,304,711,0,1,0,712,A
6-NA,305,707,0,0,0,707,A
6-NA,306,0,1,710,0,711,G
6-NA,307,0,0,706,0,706,G
6-NA,308,703,1,1,0,705,A
6-NA,309,0,0,0,703,703,C
6-NA,310,691,0,0,0,691,A
6-NA,311,694,0,0,0,694,A
6-NA,312,0,691,0,0,691,T
6-NA,313,0,693,0,0,693,T
6-NA,314,0,0,0,702,702,C
6-NA,315,0,0,702,0,702,G
6-NA,316,699,0,3,0,702,A
6-NA,317,0,702,0,0,702,T
6-NA,318,0,699,0,0,699,T
6-NA,319,695,0,1,0,696,A
6-NA,320,0,2,697,0,699,G
6-NA,321,0,0,698,0,698,G
6-NA,322,0,0,0,701,701,C
6-NA,323,0,687,0,1,688,T
6-NA,324,0,690,0,0,690,T
6-NA,325,0,690,0,0,690,T
6-NA,326,0,0,0,690,690,C
6-NA,327,0,2,0,691,693,C
6-NA,328,0,0,694,0,694,G
6-NA,329,0,1,0,697,698,C
6-NA,330,0,693,0,1,694,T
6-NA,331,0,0,710,0,710,G
6-NA,332,0,1,710,0,711,G
6-NA,333,0,712,0,0,712,T
6-NA,334,1,3,707,0,711,G
6-NA,335,1,0,706,0,707,G
6-NA,336,1,0,710,0,711,G
6-NA,337,0,1,713,0,714,G
6-NA,338,717,0,0,0,717,A
6-NA,339,0,0,0,722,722,C
6-NA,340,712,0,0,1,713,A
6-NA,341,0,707,0,0,707,T
6-NA,342,0,0,0,710,710,C
6-NA,343,0,711,0,0,711,T
6-NA,344,0,0,716,0,716,G
6-NA,345,0,0,713,0,713,G
6-NA,346,1,1,716,0,718,G
6-NA,347,0,722,0,0,722,T
6-NA,348,3,1,712,0,716,G
6-NA,349,717,0,0,0,717,A
6-NA,350,1,0,0,726,727,C
6-NA,351,724,0,1,0,725,A
6-NA,352,732,1,1,0,734,A
6-NA,353,0,1,735,0,736,G
6-NA,354,733,0,1,0,734,A
6-NA,355,0,1,735,0,736,G
6-NA,356,747,0,1,0,748,A
6-NA,357,757,0,0,0,757,A
6-NA,358,0,0,0,799,799,C
6-NA,359,0,1,0,806,807,C
6-NA,360,0,805,0,0,805,T
6-NA,361,0,805,0,0,805,T
6-NA,362,805,0,0,0,805,A
6-NA,363,1,803,0,0,804,T
6-NA,364,0,0,814,0,814,G
6-NA,365,0,810,0,0,810,T
6-NA,366,0,0,811,0,811,G
6-NA,367,1,792,0,2,795,T
6-NA,368,0,0,0,786,786,C
6-NA,369,794,0,0,0,794,A
6-NA,370,0,797,0,0,797,T
6-NA,371,0,0,797,0,797,G
6-NA,372,0,1,0,796,797,C
6-NA,373,1,1,787,0,789,G
6-NA,374,823,0,0,0,823,A
6-NA,375,0,842,0,0,842,T
6-NA,376,0,1,0,843,844,C
6-NA,377,0,0,0,848,848,C
6-NA,378,0,834,0,0,834,T
6-NA,379,0,0,841,0,841,G
6-NA,380,840,0,1,0,841,A
6-NA,381,1,0,0,838,839,C
6-NA,382,841,0,0,0,841,A
6-NA,383,813,0,5,0,818,A
6-NA,384,0,0,834,0,834,G
6-NA,385,0,826,0,0,826,T
6-NA,386,0,0,835,0,835,G
6-NA,387,1,825,0,1,827,T
6-NA,388,0,827,0,0,827,T
6-NA,389,826,0,0,1,827,A
6-NA,390,0,824,0,0,824,T
6-NA,391,0,0,0,835,835,C
6-NA,392,830,0,0,0,830,A
6-NA,393,818,0,0,0,818,A
6-NA,394,0,808,0,0,808,T
6-NA,395,0,804,0,0,804,T
6-NA,396,0,807,0,0,807,T
6-NA,397,0,0,809,0,809,G
6-NA,398,0,0,0,832,832,C
6-NA,399,0,0,0,831,831,C
6-NA,400,0,1,0,833,834,C
6-NA,401,0,829,0,1,830,T
6-NA,402,0,829,0,2,831,T
6-NA,403,0,0,837,0,837,G
6-NA,404,0,0,834,0,834,G
6-NA,405,839,0,2,0,841,A
6-NA,406,0,1,0,839,840,C
6-NA,407,822,0,0,0,822,A
6-NA,408,1,8,821,0,830,G
6-NA,409,0,2,826,0,828,G
6-NA,410,7,1,843,0,851,G
6-NA,411,865,1,0,0,866,A
6-NA,412,860,0,0,0,860,A
6-NA,413,0,0,0,861,861,C
6-NA,414,805,0,0,0,805,A
6-NA,415,859,0,1,0,860,A
6-NA,416,0,0,0,864,864,C
6-NA,417,855,0,0,1,856,A
6-NA,418,0,0,0,865,865,C
6-NA,419,0,853,0,0,853,T
6-NA,420,855,0,0,0,855,A
6-NA,421,840,0,0,0,840,A
6-NA,422,845,0,0,0,845,A
6-NA,423,0,0,0,847,847,C
6-NA,424,796,0,0,0,796,A
6-NA,425,803,0,0,0,803,A
6-NA,426,0,0,0,801,801,C
6-NA,427,0,0,783,0,783,G
6-NA,428,0,778,0,0,778,T
6-NA,429,759,0,2,0,761,A
6-NA,430,1,0,0,768,769,C
6-NA,431,769,0,1,0,770,A
6-NA,432,0,775,0,0,775,T
6-NA,433,0,775,0,0,775,T
6-NA,434,0,0,0,794,794,C
6-NA,435,794,0,0,0,794,A
6-NA,436,798,0,0,0,798,A
6-NA,437,796,0,0,0,796,A
6-NA,438,0,798,0,0,798,T
6-NA,439,784,0,0,0,784,A
6-NA,440,820,0,0,0,820,A
6-NA,441,0,0,0,825,825,C
6-NA,442,824,0,0,0,824,A
6-NA,443,0,0,0,836,836,C
6-NA,444,809,1,1,0,811,A
6-NA,445,0,0,922,0,922,G
6-NA,446,0,921,0,0,921,T
6-NA,447,929,0,2,0,931,A
6-NA,448,0,0,0,935,935,C
6-NA,449,0,0,935,0,935,G
6-NA,450,0,972,0,0,972,T
6-NA,451,0,0,974,0,974,G
6-NA,452,979,0,1,0,980,A
6-NA,453,0,982,0,0,982,T
6-NA,454,921,0,1,0,922,A
6-NA,455,0,1,922,1,924,G
6-NA,456,0,0,916,1,917,G
6-NA,457,920,0,0,0,920,A
6-NA,458,0,0,0,933,933,C
6-NA,459,0,0,0,914,914,C
6-NA,460,0,0,0,920,920,C
6-NA,461,2,0,0,920,922,C
6-NA,462,0,927,0,0,927,T
6-NA,463,0,938,0,0,938,T
6-NA,464,940,0,0,0,940,A
6-NA,465,0,940,0,0,940,T
6-NA,466,0,0,0,940,940,C
6-NA,467,0,2,925,0,927,G
6-NA,468,0,0,921,0,921,G
6-NA,469,927,0,0,0,927,A
6-NA,470,0,1,0,936,937,C
6-NA,471,0,0,0,930,930,C
6-NA,472,1,1,0,979,981,C
6-NA,473,0,980,0,0,980,T
6-NA,474,1002,0,0,0,1002,A
6-NA,475,1,1000,0,0,1001,T
6-NA,476,0,1003,0,0,1003,T
6-NA,477,0,0,1002,0,1002,G
6-NA,478,1002,0,0,0,1002,A
6-NA,479,0,992,0,0,992,T
6-NA,480,0,0,996,0,996,G
6-NA,481,964,0,1,0,965,A
6-NA,482,968,0,0,0,968,A
6-NA,483,0,963,0,1,964,T
6-NA,484,0,0,972,0,972,G
6-NA,485,991,0,0,0,991,A
6-NA,486,0,0,1002,0,1002,G
6-NA,487,0,998,0,0,998,T
6-NA,488,0,996,1,0,997,T
6-NA,489,999,0,0,0,999,A
6-NA,490,0,0,1000,0,1000,G
6-NA,491,1,0,999,0,1000,G
6-NA,492,0,993,0,2,995,T
6-NA,493,0,0,1005,0,1005,G
6-NA,494,0,998,0,0,998,T
6-NA,495,0,998,0,0,998,T
6-NA,496,1,0,0,1008,1009,C
6-NA,497,0,0,0,1017,1017,C
6-NA,498,0,1007,0,1,1008,T
6-NA,499,0,1008,0,0,1008,T
6-NA,500,0,1005,0,2,1007,T
6-NA,501,0,1008,0,0,1008,T
6-NA,502,0,0,0,1011,1011,C
6-NA,503,1005,1,1,0,1007,A
6-NA,504,0,1027,1,3,1031,T
6-NA,505,0,0,0,1025,1025,C
6-NA,506,0,1018,0,1,1019,T
6-NA,507,0,2,1015,0,1017,G
6-NA,508,0,2,1013,0,1015,G
6-NA,509,0,3,1013,0,1016,G
6-NA,510,2,1,1023,0,1026,G
6-NA,511,1021,0,1,0,1022,A
6-NA,512,0,2,0,1024,1026,C
6-NA,513,1,0,0,1004,1005,C
6-NA,514,1014,1,0,0,1015,A
6-NA,515,1013,0,0,0,1013,A
6-NA,516,0,0,1016,0,1016,G
6-NA,517,0,0,0,1022,1022,C
6-NA,518,1017,0,0,0,1017,A
6-NA,519,1030,0,0,0,1030,A
6-NA,520,0,0,1037,0,1037,G
6-NA,521,0,1033,0,0,1033,T
6-NA,522,1,0,1051,0,1052,G
6-NA,523,0,1043,0,0,1043,T
6-NA,524,1,0,1076,0,1077,G
6-NA,525,0,1,0,1073,1074,C
6-NA,526,1071,0,0,0,1071,A
6-NA,527,0,1074,0,0,1074,T
6-NA,528,1057,0,1,0,1058,A
6-NA,529,0,0,1084,0,1084,G
6-NA,530,2,0,0,1074,1076,C
6-NA,531,1063,0,0,0,1063,A
6-NA,532,0,1063,0,0,1063,T
6-NA,533,0,0,1043,0,1043,G
6-NA,534,1,0,1143,0,1144,G
6-NA,535,0,1150,0,0,1150,T
6-NA,536,3,1,1,1144,1149,C
6-NA,537,0,0,0,1162,1162,C
6-NA,538,1176,0,0,0,1176,A
6-NA,539,0,0,1257,0,1257,G
6-NA,540,0,0,0,1270,1270,C
6-NA,541,0,1272,0,1,1273,T
6-NA,542,0,0,0,1276,1276,C
6-NA,543,1260,0,0,0,1260,A
6-NA,544,1289,0,0,0,1289,A
6-NA,545,0,0,1293,0,1293,G
6-NA,546,0,1465,0,0,1465,T
6-NA,547,1,1458,0,0,1459,T
6-NA,548,1,0,1456,0,1457,G
6-NA,549,0,1458,0,1,1459,T
6-NA,550,1,0,1,1459,1461,C
6-NA,551,1464,1,2,0,1467,A
6-NA,552,0,0,0,1482,1482,C
6-NA,553,0,1,1482,0,1483,G
6-NA,554,1532,0,0,0,1532,A
6-NA,555,2,1533,0,0,1535,T
6-NA,556,1,0,1576,1,1578,G
6-NA,557,0,0,1584,0,1584,G
6-NA,558,1584,0,1,0,1585,A
6-NA,559,1590,0,1,0,1591,A
6-NA,560,1618,0,0,0,1618,A
6-NA,561,1620,0,4,0,1624,A
6-NA,562,1,0,1661,0,1662,G
6-NA,563,0,0,0,1656,1656,C
6-NA,564,1657,0,2,0,1659,A
6-NA,565,0,1658,0,0,1658,T
6-NA,566,1,1,1681,0,1683,G
6-NA,567,0,0,1694,1,1695,G
6-NA,568,0,0,0,1719,1719,C
6-NA,569,0,1714,0,0,1714,T
6-NA,570,1,1,1727,1,1730,G
6-NA,571,0,0,0,1718,1718,C
6-NA,572,1725,0,0,0,1725,A
6-NA,573,0,1810,0,0,1810,T
6-NA,574,0,1,1815,1,1817,G
6-NA,575,0,1834,0,3,1837,T
6-NA,576,1,1886,0,1,1888,T
6-NA,577,0,1888,0,2,1890,T
6-NA,578,2,0,2028,0,2030,G
6-NA,579,0,2028,0,0,2028,T
6-NA,580,2024,0,3,0,2027,A
6-NA,581,0,2034,0,1,2035,T
6-NA,582,2009,0,1,0,2010,A
6-NA,583,2021,2,0,0,2023,A
6-NA,584,1,0,0,2012,2013,C
6-NA,585,0,4,1997,0,2001,G
6-NA,586,0,1,2012,0,2013,G
6-NA,587,1,2,1968,0,1971,G
6-NA,588,1,1,1989,0,1991,G
6-NA,589,1,1,1997,0,1999,G
6-NA,590,1992,0,7,0,1999,A
6-NA,591,0,2008,0,0,2008,T
6-NA,592,2,0,2020,0,2022,G
6-NA,593,2038,1,2,0,2041,A
6-NA,594,2,2049,0,0,2051,T
6-NA,595,2041,0,0,0,2041,A
6-NA,596,2139,0,0,0,2139,A
6-NA,597,2149,2,1,0,2152,A
6-NA,598,2162,0,1,0,2163,A
6-NA,599,2172,0,0,1,2173,A
6-NA,600,1,2169,0,1,2171,T
6-NA,601,2,0,2173,0,2175,G
6-NA,602,0,4,0,2175,2179,C
6-NA,603,2175,0,2,0,2177,A
6-NA,604,2189,0,2,1,2192,A
6-NA,605,1,0,0,2216,2217,C
6-NA,606,0,2221,0,0,2221,T
6-NA,607,0,0,2230,0,2230,G
6-NA,608,1,0,0,2226,2227,C
6-NA,609,0,2233,0,1,2234,T
6-NA,610,2229,0,4,0,2233,A
6-NA,611,1,0,2244,0,2245,G
6-NA,612,0,5,0,2269,2274,C
6-NA,613,0,2268,0,1,2269,T
6-NA,614,1,2275,0,0,2276,T
6-NA,615,2,0,0,2301,2303,C
6-NA,616,2312,0,0,0,2312,A
6-NA,617,0,2315,0,0,2315,T
6-NA,618,0,2317,0,0,2317,T
6-NA,619,0,2331,0,2,2333,T
6-NA,620,2338,0,1,0,2339,A
6-NA,621,1,4,0,2354,2359,C
6-NA,622,2357,0,0,0,2357,A
6-NA,623,2375,0,2,0,2377,A
6-NA,624,0,2371,0,1,2372,T
6-NA,625,0,4,2365,0,2369,G
6-NA,626,0,0,2366,0,2366,G
6-NA,627,1,4,2361,0,2366,G
6-NA,628,2363,0,4,0,2367,A
6-NA,629,0,2,2415,0,2417,G
6-NA,630,2,0,2436,0,2438,G
6-NA,631,1,1,0,2628,2630,C
6-NA,632,0,2617,0,3,2620,T
6-NA,633,0,2656,0,0,2656,T
6-NA,634,1,0,2679,0,2680,G
6-NA,635,0,2677,0,1,2678,T
6-NA,636,2726,0,0,0,2726,A
6-NA,637,0,1,2743,0,2744,G
6-NA,638,2707,1,1,0,2709,A
6-NA,639,0,2723,0,0,2723,T
6-NA,640,2593,2,2,0,2597,A
6-NA,641,0,0,2602,0,2602,G
6-NA,642,1,2530,0,2,2533,T
6-NA,643,0,1,2504,0,2505,G
6-NA,644,0,2607,0,0,2607,T
6-NA,645,0,2603,0,1,2604,T
6-NA,646,1,0,2646,0,2647,G
6-NA,647,0,2642,0,1,2643,T
6-NA,648,0,2653,0,2,2655,T
6-NA,649,1,2649,0,4,2654,T
6-NA,650,2,0,0,2617,2619,C
6-NA,651,2619,1,0,0,2620,A
6-NA,652,2,2608,0,1,2611,T
6-NA,653,2,2,2615,0,2619,G
6-NA,654,1,1,2759,0,2761,G
6-NA,655,0,2729,0,4,2733,T
6-NA,656,5,0,0,2716,2721,C
6-NA,657,0,0,1,2713,2714,C
6-NA,658,2720,1,3,4,2728,A
6-NA,659,2753,0,0,0,2753,A
6-NA,660,2747,0,2,0,2749,A
6-NA,661,0,2,2764,0,2766,G
6-NA,662,2760,1,1,0,2762,A
6-NA,663,2696,0,1,1,2698,A
6-NA,664,2703,1,2,0,2706,A
6-NA,665,0,2711,0,0,2711,T
6-NA,666,1,0,0,2794,2795,C
6-NA,667,1,0,0,2787,2788,C
6-NA,668,0,2780,0,1,2781,T
6-NA,669,1,1,0,2782,2784,C
6-NA,670,2785,0,3,0,2788,A
6-NA,671,2,0,2797,0,2799,G
6-NA,672,0,6,2793,1,2800,G
6-NA,673,2845,1,2,0,2848,A
6-NA,674,0,0,0,2846,2846,C
6-NA,675,2,1,0,2810,2813,C
6-NA,676,5,1,0,2801,2807,C
6-NA,677,2807,0,2,0,2809,A
6-NA,678,1,0,2807,1,2809,G
6-NA,679,0,3,2822,0,2825,G
6-NA,680,2814,0,3,0,2817,A
6-NA,681,0,0,2852,0,2852,G
6-NA,682,1,2824,0,1,2826,T
6-NA,683,1,0,0,2842,2843,C
6-NA,684,2832,1,3,0,2836,A
6-NA,685,1,2,2852,0,2855,G
6-NA,686,2847,0,3,0,2850,A
6-NA,687,2848,0,0,0,2848,A
6-NA,688,0,2834,0,0,2834,T
6-NA,689,0,0,2848,0,2848,G
6-NA,690,1,0,0,2850,2851,C
6-NA,691,0,1,2871,0,2872,G
6-NA,692,0,2867,0,0,2867,T
6-NA,693,0,2868,0,2,2870,T
6-NA,694,2,2857,1,0,2860,T
6-NA,695,3,0,2881,0,2884,G
6-NA,696,1,2889,0,3,2893,T
6-NA,697,2901,0,0,0,2901,A
6-NA,698,1,2894,0,2,2897,T
6-NA,699,0,0,0,2902,2902,C
6-NA,700,2889,0,2,0,2891,A
6-NA,701,2888,2,0,0,2890,A
6-NA,702,1,2890,1,1,2893,T
6-NA,703,1,4,2888,1,2894,G
6-NA,704,0,1,2895,1,2897,G
6-NA,705,2932,0,2,0,2934,A
6-NA,706,2937,2,0,0,2939,A
6-NA,707,1,0,0,2975,2976,C
6-NA,708,0,2992,0,3,2995,T
6-NA,709,0,2990,0,1,2991,T
6-NA,710,2,0,3075,0,3077,G
6-NA,711,0,3075,0,2,3077,T
6-NA,712,3073,0,2,0,3075,A
6-NA,713,0,0,0,3097,3097,C
6-NA,714,2952,0,1,0,2953,A
6-NA,715,0,0,3117,0,3117,G
6-NA,716,0,3091,0,0,3091,T
6-NA,717,3270,1,0,0,3271,A
6-NA,718,0,0,3317,0,3317,G
6-NA,719,1,3274,0,0,3275,T
6-NA,720,3270,0,0,0,3270,A
6-NA,721,3267,2,0,0,3269,A
6-NA,722,1,3246,0,1,3248,T
6-NA,723,2967,0,2,0,2969,A
6-NA,724,3100,1,1,0,3102,A
6-NA,725,0,0,0,3141,3141,C
6-NA,726,1,3151,0,0,3152,T
6-NA,727,2,1,3151,0,3154,G
6-NA,728,3135,0,4,0,3139,A
6-NA,729,0,3138,0,3,3141,T
6-NA,730,1,2,3140,0,3143,G
6-NA,731,1,4,3104,0,3109,G
6-NA,732,7,3,3117,0,3127,G
6-NA,733,3085,0,2,0,3087,A
6-NA,734,1,0,3091,0,3092,G
6-NA,735,0,3074,0,1,3075,T
6-NA,736,0,0,3097,0,3097,G
6-NA,737,0,2,0,3120,3122,C
6-NA,738,0,3113,0,2,3115,T
6-NA,739,1,3119,0,0,3120,T
6-NA,740,2,2,0,3114,3118,C
6-NA,741,3116,0,6,1,3123,A
6-NA,742,1,1,3148,0,3150,G
6-NA,743,0,4,3152,0,3156,G
6-NA,744,3145,0,0,0,3145,A
6-NA,745,3134,0,1,0,3135,A
6-NA,746,3110,1,1,0,3112,A
6-NA,747,3118,10,6,0,3134,A
6-NA,748,1,1,3147,0,3149,G
6-NA,749,1,0,9,3134,3144,C
6-NA,750,0,3132,0,2,3134,T
6-NA,751,3,3,3139,0,3145,G
6-NA,752,3132,0,2,0,3134,A
6-NA,753,0,3176,1,2,3179,T
6-NA,754,3186,1,1,0,3188,A
6-NA,755,0,0,0,3336,3336,C
6-NA,756,0,3308,0,3,3311,T
6-NA,757,3307,0,0,0,3307,A
6-NA,758,3308,1,3,0,3312,A
6-NA,759,3313,0,0,0,3313,A
6-NA,760,3406,1,1,3,3411,A
6-NA,761,0,3408,0,0,3408,T
6-NA,762,3410,0,0,0,3410,A
6-NA,763,1,2,0,3415,3418,C
6-NA,764,2,3291,0,2,3295,T
6-NA,765,3338,1,3,0,3342,A
6-NA,766,0,3329,0,2,3331,T
6-NA,767,0,3457,0,2,3459,T
6-NA,768,1,0,0,3484,3485,C
6-NA,769,3415,0,3,0,3418,A
6-NA,770,0,3418,0,0,3418,T
6-NA,771,0,3415,1,3,3419,T
6-NA,772,1,1,3423,1,3426,G
6-NA,773,3405,0,0,0,3405,A
6-NA,774,1,7,3400,1,3409,G
6-NA,775,1,2,3408,0,3411,G
6-NA,776,3295,1,3,0,3299,A
6-NA,777,0,6,3339,0,3345,G
6-NA,778,1,7,3341,0,3349,G
6-NA,779,1,4,3346,0,3351,G
6-NA,780,4,1,3357,0,3362,G
6-NA,781,3332,0,5,1,3338,A
6-NA,782,3353,1,1,0,3355,A
6-NA,783,3357,0,0,0,3357,A
6-NA,784,3301,2,61,2,3366,A
6-NA,785,0,3372,0,1,3373,T
6-NA,786,5,0,1,3351,3357,C
6-NA,787,4,1,3379,0,3384,G
6-NA,788,0,3376,0,2,3378,T
6-NA,789,1,3364,1,1,3367,T
6-NA,790,5,1,0,3366,3372,C
6-NA,791,3331,1,9,0,3341,A
6-NA,792,1,3547,0,1,3549,T
6-NA,793,3542,0,1,0,3543,A
6-NA,794,2,0,0,3561,3563,C
6-NA,795,1,3552,0,1,3554,T
6-NA,796,3550,0,2,0,3552,A
6-NA,797,1,0,3554,0,3555,G
6-NA,798,2,9,0,3553,3564,C
6-NA,799,3558,0,3,0,3561,A
6-NA,800,0,2,0,3583,3585,C
6-NA,801,3465,0,2,0,3467,A
6-NA,802,0,3795,0,0,3795,T
6-NA,803,0,3779,0,1,3780,T
6-NA,804,2,0,4011,0,4013,G
6-NA,805,1,3996,0,3,4000,T
6-NA,806,2,1,1,3996,4000,C
6-NA,807,3991,1,4,0,3996,A
6-NA,808,0,1,4012,1,4014,G
6-NA,809,0,4,4007,0,4011,G
6-NA,810,4009,0,1,0,4010,A
6-NA,811,3962,0,2,0,3964,A
6-NA,812,2,1,4014,0,4017,G
6-NA,813,0,3847,0,1,3848,T
6-NA,814,0,0,3863,0,3863,G
6-NA,815,0,0,0,3864,3864,C
6-NA,816,0,3855,0,0,3855,T
6-NA,817,3,0,0,3880,3883,C
6-NA,818,3858,1,1,0,3860,A
6-NA,819,0,0,3880,0,3880,G
6-NA,820,0,5,2,3876,3883,C
6-NA,821,3874,0,6,0,3880,A
6-NA,822,1,3892,0,0,3893,T
6-NA,823,3,1,3975,0,3979,G
6-NA,824,4,3978,0,0,3982,T
6-NA,825,5,0,0,3979,3984,C
6-NA,826,6,1,3963,0,3970,G
6-NA,827,3958,1,2,0,3961,A
6-NA,828,1,4,3951,0,3956,G
6-NA,829,2,1,3952,0,3955,G
6-NA,830,3929,0,3,0,3932,A
6-NA,831,6,1,3974,0,3981,G
6-NA,832,1,3875,0,3,3879,T
6-NA,833,3,0,3875,0,3878,G
6-NA,834,1,1,0,3928,3930,C
6-NA,835,2,3898,1,12,3913,T
6-NA,836,5,0,0,3927,3932,C
6-NA,837,4,0,0,3944,3948,C
6-NA,838,0,3951,0,0,3951,T
6-NA,839,0,1,3959,0,3960,G
6-NA,840,2,1,0,3930,3933,C
6-NA,841,0,3911,1,1,3913,T
6-NA,842,3942,0,2,0,3944,A
6-NA,843,0,3894,0,2,3896,T
6-NA,844,1,1,0,3920,3922,C
6-NA,845,3,0,2,3905,3910,C
6-NA,846,0,3923,1,4,3928,T
6-NA,847,1,2,0,3944,3947,C
6-NA,848,7,1,3937,0,3945,G
6-NA,849,3984,1,1,1,3987,A
6-NA,850,0,3977,0,3,3980,T
6-NA,851,3994,0,0,0,3994,A
6-NA,852,0,3998,0,2,4000,T
6-NA,853,1,1,2,3973,3977,C
6-NA,854,3,1,0,3972,3976,C
6-NA,855,0,3942,0,3,3945,T
6-NA,856,1,0,3953,0,3954,G
6-NA,857,3,0,3967,0,3970,G
6-NA,858,0,4001,0,4,4005,T
6-NA,859,1,0,4006,0,4007,G
6-NA,860,1,3984,1,6,3992,T
6-NA,861,5,5,0,3973,3983,C
6-NA,862,3979,0,6,0,3985,A
6-NA,863,1,0,3995,0,3996,G
6-NA,864,3989,4,2,0,3995,A
6-NA,865,0,3963,0,1,3964,T
6-NA,866,4,0,3970,1,3975,G
6-NA,867,1,3920,0,2,3923,T
6-NA,868,0,0,3911,4,3915,G
6-NA,869,1,3915,1,2,3919,T
6-NA,870,2,0,1,3922,3925,C
6-NA,871,0,3904,0,4,3908,T
6-NA,872,0,1,3911,0,3912,G
6-NA,873,0,2,0,3902,3904,C
6-NA,874,3908,1,4,0,3913,A
6-NA,875,0,0,3914,0,3914,G
6-NA,876,3852,1,2,0,3855,A
6-NA,877,0,4,3866,4,3874,G
6-NA,878,3874,1,4,0,3879,A
6-NA,879,0,1,0,3890,3891,C
6-NA,880,3889,2,1,0,3892,A
6-NA,881,3888,4,3,0,3895,A
6-NA,882,1,1,0,3940,3942,C
6-NA,883,2,3934,0,1,3937,T
6-NA,884,3,0,3951,0,3954,G
6-NA,885,1,4,3943,0,3948,G
6-NA,886,3928,2,3,0,3933,A
6-NA,887,3932,1,3,0,3936,A
6-NA,888,3876,0,4,0,3880,A
6-NA,889,0,2,3871,0,3873,G
6-NA,890,0,2,3824,0,3826,G
6-NA,891,3592,1,1,0,3594,A
6-NA,892,0,3671,0,3,3674,T
6-NA,893,2,1,0,3684,3687,C
6-NA,894,2,0,0,3739,3741,C
6-NA,895,3750,0,1,0,3751,A
6-NA,896,3747,0,0,0,3747,A
6-NA,897,0,3745,1,1,3747,T
6-NA,898,3661,1,1,0,3663,A
6-NA,899,0,1,3649,0,3650,G
6-NA,900,1,2,3640,1,3644,G
6-NA,901,1,0,0,3653,3654,C
6-NA,902,2,0,1,3646,3649,C
6-NA,903,6,1,0,3575,3582,C
6-NA,904,3618,0,0,0,3618,A
6-NA,905,0,3639,1,1,3641,T
6-NA,906,4,3,0,3639,3646,C
6-NA,907,10,0,3642,0,3652,G
6-NA,908,0,3640,0,0,3640,T
6-NA,909,3598,3,2,0,3603,A
6-NA,910,0,3,3661,0,3664,G
6-NA,911,3673,1,0,0,3674,A
6-NA,912,0,3676,0,0,3676,T
6-NA,913,3621,0,2,0,3623,A
6-NA,914,0,3593,1,3,3597,T
6-NA,915,3592,0,1,0,3593,A
6-NA,916,3579,1,0,0,3580,A
6-NA,917,3663,0,2,0,3665,A
6-NA,918,1,0,0,3733,3734,C
6-NA,919,3643,0,2,0,3645,A
6-NA,920,0,3631,0,0,3631,T
6-NA,921,3597,1,1,0,3599,A
6-NA,922,3598,0,1,1,3600,A
6-NA,923,3595,0,3,0,3598,A
6-NA,924,0,4,3617,0,3621,G
6-NA,925,0,1,3658,0,3659,G
6-NA,926,3563,2,2,0,3567,A
6-NA,927,3,3545,0,0,3548,T
6-NA,928,3,0,0,3554,3557,C
6-NA,929,3580,0,1,0,3581,A
6-NA,930,0,3583,0,1,3584,T
6-NA,931,3569,1,7,0,3577,A
6-NA,932,0,0,3602,0,3602,G
6-NA,933,0,1,0,3537,3538,C
6-NA,934,3457,0,0,0,3457,A
6-NA,935,2,3273,7,1,3283,T
6-NA,936,0,3293,0,2,3295,T
6-NA,937,2,0,3278,0,3280,G
6-NA,938,1,3285,0,6,3292,T
6-NA,939,2,0,0,3245,3247,C
6-NA,940,0,3486,0,6,3492,T
6-NA,941,3,0,0,3534,3537,C
6-NA,942,0,0,0,3559,3559,C
6-NA,943,3593,1,2,1,3597,A
6-NA,944,0,2,3644,0,3646,G
6-NA,945,0,3632,0,3,3635,T
6-NA,946,0,3492,0,1,3493,T
6-NA,947,3494,0,1,0,3495,A
6-NA,948,0,3401,0,2,3403,T
6-NA,949,1,1,3404,0,3406,G
6-NA,950,0,3356,0,2,3358,T
6-NA,951,1,0,3367,0,3368,G
6-NA,952,0,3288,0,1,3289,T
6-NA,953,3,1,3319,1,3324,G
6-NA,954,0,3317,1,4,3322,T
6-NA,955,1,3309,1,0,3311,T
6-NA,956,4,1,0,3310,3315,C
6-NA,957,3288,0,4,0,3292,A
6-NA,958,0,0,3298,0,3298,G
6-NA,959,0,2,3296,0,3298,G
6-NA,960,3284,1,1,0,3286,A
6-NA,961,1,0,0,3295,3296,C
6-NA,962,0,3198,1,4,3203,T
6-NA,963,0,3202,0,0,3202,T
6-NA,964,1,0,3321,0,3322,G
6-NA,965,0,3309,1,0,3310,T
6-NA,966,1,3316,0,3,3320,T
6-NA,967,2,11,3280,0,3293,G
6-NA,968,0,5,3286,0,3291,G
6-NA,969,3293,2,8,0,3303,A
6-NA,970,1,1,3312,0,3314,G
6-NA,971,3307,1,2,0,3310,A
6-NA,972,0,3,1,3304,3308,C
6-NA,973,3219,1,2,0,3222,A
6-NA,974,3,1,0,3229,3233,C
6-NA,975,3225,2,8,2,3237,A
6-NA,976,1,20,0,3203,3224,C
6-NA,977,3,0,1,3209,3213,C
6-NA,978,3,0,0,3219,3222,C
6-NA,979,3202,0,5,0,3207,A
6-NA,980,0,1,3232,0,3233,G
6-NA,981,3223,0,0,0,3223,A
6-NA,982,3236,0,1,1,3238,A
6-NA,983,3212,0,0,8,3220,A
6-NA,984,3207,0,0,1,3208,A
6-NA,985,3184,0,3,1,3188,A
6-NA,986,3190,0,2,4,3196,A
6-NA,987,0,3,0,3200,3203,C
6-NA,988,0,4,3189,0,3193,G
6-NA,989,3173,2,6,1,3182,A
6-NA,990,1,0,0,3183,3184,C
6-NA,991,3174,0,3,0,3177,A
6-NA,992,0,1,3190,0,3191,G
6-NA,993,0,0,0,3262,3262,C
6-NA,994,1,3248,1,4,3254,T
6-NA,995,3,1,0,3256,3260,C
6-NA,996,2,1,0,3273,3276,C
6-NA,997,3278,1,4,0,3283,A
6-NA,998,2,1,3306,1,3310,G
6-NA,999,2,1,0,3302,3305,C
6-NA,1000,3278,0,4,1,3283,A
6-NA,1001,1,0,3291,0,3292,G
6-NA,1002,1,3191,1,2,3195,T
6-NA,1003,3195,0,2,0,3197,A
6-NA,1004,0,1,3202,0,3203,G
6-NA,1005,0,1,0,3200,3201,C
6-NA,1006,1,1,0,3202,3204,C
6-NA,1007,3155,1,1,0,3157,A
6-NA,1008,0,3154,0,2,3156,T
6-NA,1009,0,3135,0,3,3138,T
6-NA,1010,1,1,3210,0,3212,G
6-NA,1011,1,3197,0,4,3202,T
6-NA,1012,0,3207,0,0,3207,T
6-NA,1013,6,3199,0,0,3205,T
6-NA,1014,2,1,3170,0,3173,G
6-NA,1015,2,2,3203,0,3207,G
6-NA,1016,3204,0,0,0,3204,A
6-NA,1017,1,3268,0,2,3271,T
6-NA,1018,2,0,0,3265,3267,C
6-NA,1019,5,1,0,3240,3246,C
6-NA,1020,6,3230,0,5,3241,T
6-NA,1021,3205,0,46,0,3251,A
6-NA,1022,3261,0,3,0,3264,A
6-NA,1023,0,2,0,3312,3314,C
6-NA,1024,3267,1,0,0,3268,A
6-NA,1025,3283,0,0,0,3283,A
6-NA,1026,1,3272,0,1,3274,T
6-NA,1027,0,1,3268,0,3269,G
6-NA,1028,3232,13,7,0,3252,A
6-NA,1029,1,2,3136,1,3140,G
6-NA,1030,0,0,3194,0,3194,G
6-NA,1031,3190,0,2,0,3192,A
6-NA,1032,3198,0,4,1,3203,A
6-NA,1033,1,6,3204,1,3212,G
6-NA,1034,0,1,3228,1,3230,G
6-NA,1035,0,3207,0,0,3207,T
6-NA,1036,1,2,3199,0,3202,G
6-NA,1037,0,0,3259,0,3259,G
6-NA,1038,1,3242,2,4,3249,T
6-NA,1039,3,1,0,3237,3241,C
6-NA,1040,3235,0,2,0,3237,A
6-NA,1041,0,3227,0,0,3227,T
6-NA,1042,0,5,3213,0,3218,G
6-NA,1043,0,2,3191,0,3193,G
6-NA,1044,0,3,3106,0,3109,G
6-NA,1045,2,1,3235,0,3238,G
6-NA,1046,0,3231,0,1,3232,T
6-NA,1047,2,1,3235,1,3239,G
6-NA,1048,3238,1,0,0,3239,A
6-NA,1049,3238,2,1,0,3241,A
6-NA,1050,3231,0,7,0,3238,A
6-NA,1051,0,2,3266,0,3268,G
6-NA,1052,1,0,3252,1,3254,G
6-NA,1053,1,0,0,3234,3235,C
6-NA,1054,0,3151,0,2,3153,T
6-NA,1055,2,1,3158,0,3161,G
6-NA,1056,1,2,3154,1,3158,G
6-NA,1057,0,0,3194,0,3194,G
6-NA,1058,3,0,0,3188,3191,C
6-NA,1059,1,0,0,3189,3190,C
6-NA,1060,0,3151,1,6,3158,T
6-NA,1061,1,3173,0,0,3174,T
6-NA,1062,0,3177,0,0,3177,T
6-NA,1063,1,0,3186,1,3188,G
6-NA,1064,3185,0,1,1,3187,A
6-NA,1065,0,3163,0,0,3163,T
6-NA,1066,0,4,3133,0,3137,G
6-NA,1067,3108,0,5,1,3114,A
6-NA,1068,0,3129,0,1,3130,T
6-NA,1069,0,3,3134,0,3137,G
6-NA,1070,0,3,3183,0,3186,G
6-NA,1071,3177,1,1,0,3179,A
6-NA,1072,3171,0,2,0,3173,A
6-NA,1073,3175,1,1,0,3177,A
6-NA,1074,0,3180,0,1,3181,T
6-NA,1075,0,2,3184,0,3186,G
6-NA,1076,3178,1,3,0,3182,A
6-NA,1077,0,2,0,3171,3173,C
6-NA,1078,0,0,3195,0,3195,G
6-NA,1079,0,3139,1,1,3141,T
6-NA,1080,1,0,3162,0,3163,G
6-NA,1081,0,3157,1,1,3159,T
6-NA,1082,2,5,3165,0,3172,G
6-NA,1083,1,0,3177,0,3178,G
6-NA,1084,3154,1,2,0,3157,A
6-NA,1085,0,3159,1,0,3160,T
6-NA,1086,1,5,3163,0,3169,G
6-NA,1087,1,1,3163,0,3165,G
6-NA,1088,2,5,3171,0,3178,G
6-NA,1089,3155,1,0,1,3157,A
6-NA,1090,3150,0,0,0,3150,A
6-NA,1091,1,4,3156,0,3161,G
6-NA,1092,3118,0,0,0,3118,A
6-NA,1093,3124,1,1,0,3126,A
6-NA,1094,4,4,0,3115,3123,C
6-NA,1095,1,2,3110,0,3113,G
6-NA,1096,3109,0,1,1,3111,A
6-NA,1097,0,3074,0,0,3074,T
6-NA,1098,1,0,0,3077,3078,C
6-NA,1099,3076,0,1,0,3077,A
6-NA,1100,0,0,3080,0,3080,G
6-NA,1101,1,0,0,3074,3075,C
6-NA,1102,6,2,3069,0,3077,G
6-NA,1103,3066,1,0,0,3067,A
6-NA,1104,1,1,3070,1,3073,G
6-NA,1105,3070,0,1,0,3071,A
6-NA,1106,3070,1,1,0,3072,A
6-NA,1107,1,0,3091,0,3092,G
6-NA,1108,0,3068,0,5,3073,T
6-NA,1109,5,0,0,3053,3058,C
6-NA,1110,3058,0,2,0,3060,A
6-NA,1111,1,1,0,3137,3139,C
6-NA,1112,2,0,3145,1,3148,G
6-NA,1113,0,1,0,3149,3150,C
6-NA,1114,0,3116,0,2,3118,T
6-NA,1115,0,3133,0,0,3133,T
6-NA,1116,3072,0,4,0,3076,A
6-NA,1117,0,7,3170,0,3177,G
6-NA,1118,2,3,3173,0,3178,G
6-NA,1119,0,2,3229,0,3231,G
6-NA,1120,1,3096,1,1,3099,T
6-NA,1121,3086,1,1,0,3088,A
6-NA,1122,0,3088,0,1,3089,T
6-NA,1123,0,1,3085,0,3086,G
6-NA,1124,3072,0,3,0,3075,A
6-NA,1125,3074,1,1,0,3076,A
6-NA,1126,2985,0,4,0,2989,A
6-NA,1127,1,0,0,2958,2959,C
6-NA,1128,7,1,0,2814,2822,C
6-NA,1129,1,2582,0,1,2584,T
6-NA,1130,1,2573,0,3,2577,T
6-NA,1131,0,0,0,2583,2583,C
6-NA,1132,2572,0,2,0,2574,A
6-NA,1133,2578,0,2,0,2580,A
6-NA,1134,2580,0,2,0,2582,A
6-NA,1135,0,0,2610,0,2610,G
6-NA,1136,0,2569,1,2,2572,T
6-NA,1137,1,0,0,2582,2583,C
6-NA,1138,2619,1,1,0,2621,A
6-NA,1139,0,2619,1,1,2621,T
6-NA,1140,0,2617,0,3,2620,T
6-NA,1141,0,3,2626,0,2629,G
6-NA,1142,2623,0,1,1,2625,A
6-NA,1143,2632,1,4,0,2637,A
6-NA,1144,1,1,2665,0,2667,G
6-NA,1145,0,0,2660,0,2660,G
6-NA,1146,0,38,0,2617,2655,C
6-NA,1147,0,2589,0,1,2590,T
6-NA,1148,2,1,2609,0,2612,G
6-NA,1149,1,0,2661,1,2663,G
6-NA,1150,2,2654,0,5,2661,T
6-NA,1151,2,1,0,2650,2653,C
6-NA,1152,1,0,1,2639,2641,C
6-NA,1153,2624,1,1,0,2626,A
6-NA,1154,2644,1,2,0,2647,A
6-NA,1155,1,0,0,2671,2672,C
6-NA,1156,2,0,0,2646,2648,C
6-NA,1157,2,0,0,2644,2646,C
6-NA,1158,0,2544,0,0,2544,T
6-NA,1159,2542,0,1,0,2543,A
6-NA,1160,2537,0,7,1,2545,A
6-NA,1161,0,1,2566,0,2567,G
6-NA,1162,0,2553,0,1,2554,T
6-NA,1163,0,0,1,2546,2547,C
6-NA,1164,0,1,0,2502,2503,C
6-NA,1165,2500,0,1,0,2501,A
6-NA,1166,2493,0,1,0,2494,A
6-NA,1167,2500,0,0,1,2501,A
6-NA,1168,0,2507,0,0,2507,T
6-NA,1169,1,2493,0,0,2494,T
6-NA,1170,0,0,2489,0,2489,G
6-NA,1171,0,0,0,2476,2476,C
6-NA,1172,2476,1,1,0,2478,A
6-NA,1173,0,0,2494,0,2494,G
6-NA,1174,2495,0,0,0,2495,A
6-NA,1175,2,2535,0,1,2538,T
6-NA,1176,2545,0,0,0,2545,A
6-NA,1177,2537,0,2,0,2539,A
6-NA,1178,2540,0,1,0,2541,A
6-NA,1179,0,2539,0,0,2539,T
6-NA,1180,2528,0,1,0,2529,A
6-NA,1181,0,0,2530,0,2530,G
6-NA,1182,0,1,2518,0,2519,G
6-NA,1183,1,2,1,2508,2512,C
6-NA,1184,2452,0,1,0,2453,A
6-NA,1185,2473,0,2,0,2475,A
6-NA,1186,0,0,2503,1,2504,G
6-NA,1187,0,2501,0,0,2501,T
6-NA,1188,3,0,0,2497,2500,C
6-NA,1189,2514,0,2,0,2516,A
6-NA,1190,0,2511,0,2,2513,T
6-NA,1191,2559,0,1,0,2560,A
6-NA,1192,1,2,2570,0,2573,G
6-NA,1193,1,2571,0,0,2572,T
6-NA,1194,0,2509,0,2,2511,T
6-NA,1195,1,1,2479,0,2481,G
6-NA,1196,2470,0,0,0,2470,A
6-NA,1197,0,0,0,2470,2470,C
6-NA,1198,2440,0,1,0,2441,A
6-NA,1199,0,0,2470,0,2470,G
6-NA,1200,2453,0,3,0,2456,A
6-NA,1201,0,0,2569,0,2569,G
6-NA,1202,0,1,2570,0,2571,G
6-NA,1203,0,2575,0,2,2577,T
6-NA,1204,2567,0,3,0,2570,A
6-NA,1205,2566,0,2,0,2568,A
6-NA,1206,2,2569,0,1,2572,T
6-NA,1207,2566,0,2,0,2568,A
6-NA,1208,0,3,2526,0,2529,G
6-NA,1209,0,0,2480,0,2480,G
6-NA,1210,1,2340,0,0,2341,T
6-NA,1211,3,0,0,2315,2318,C
6-NA,1212,0,3,0,2314,2317,C
6-NA,1213,1,3,2316,1,2321,G
6-NA,1214,2,1,2324,0,2327,G
6-NA,1215,1,2318,0,2,2321,T
6-NA,1216,0,2320,0,2,2322,T
6-NA,1217,2294,0,14,0,2308,A
6-NA,1218,0,2285,0,1,2286,T
6-NA,1219,0,2286,0,0,2286,T
6-NA,1220,2,0,0,2289,2291,C
6-NA,1221,0,2231,0,3,2234,T
6-NA,1222,2,2,2253,0,2257,G
6-NA,1223,1,0,2254,0,2255,G
6-NA,1224,0,2250,0,3,2253,T
6-NA,1225,2250,0,1,0,2251,A
6-NA,1226,1,2219,0,2,2222,T
6-NA,1227,0,2232,0,1,2233,T
6-NA,1228,0,2228,1,1,2230,T
6-NA,1229,0,2243,0,1,2244,T
6-NA,1230,2,0,1,2241,2244,C
6-NA,1231,1,2203,0,6,2210,T
6-NA,1232,3,0,0,2208,2211,C
6-NA,1233,0,2198,0,1,2199,T
6-NA,1234,1,0,2245,0,2246,G
6-NA,1235,0,2243,0,4,2247,T
6-NA,1236,1,2227,0,1,2229,T
6-NA,1237,0,1,2232,0,2233,G
6-NA,1238,2193,0,2,0,2195,A
6-NA,1239,2190,0,3,0,2193,A
6-NA,1240,0,1,2217,0,2218,G
6-NA,1241,1,0,2209,0,2210,G
6-NA,1242,0,2,0,2213,2215,C
6-NA,1243,2169,0,1,0,2170,A
6-NA,1244,2160,0,8,0,2168,A
6-NA,1245,2175,0,2,0,2177,A
6-NA,1246,2172,1,6,1,2180,A
6-NA,1247,0,1,2184,0,2185,G
6-NA,1248,0,0,0,2176,2176,C
6-NA,1249,0,2135,0,5,2140,T
6-NA,1250,0,0,2172,0,2172,G
6-NA,1251,0,0,0,2163,2163,C
6-NA,1252,2173,0,0,0,2173,A
6-NA,1253,0,2167,0,0,2167,T
6-NA,1254,0,0,0,2146,2146,C
6-NA,1255,2140,0,2,0,2142,A
6-NA,1256,2144,0,0,0,2144,A
6-NA,1257,0,2142,0,1,2143,T
6-NA,1258,1,2,0,2141,2144,C
6-NA,1259,3,2,2108,0,2113,G
6-NA,1260,1,0,2156,0,2157,G
6-NA,1261,0,2154,0,0,2154,T
6-NA,1262,1,0,2160,0,2161,G
6-NA,1263,0,0,0,2174,2174,C
6-NA,1264,0,2155,0,7,2162,T
6-NA,1265,0,2186,0,2,2188,T
6-NA,1266,0,2187,0,1,2188,T
6-NA,1267,0,2201,0,0,2201,T
6-NA,1268,2206,0,3,0,2209,A
6-NA,1269,0,2107,0,0,2107,T
6-NA,1270,0,1,2108,0,2109,G
6-NA,1271,0,2078,0,3,2081,T
6-NA,1272,0,4,2048,0,2052,G
6-NA,1273,0,0,2082,1,2083,G
6-NA,1274,2049,0,2,0,2051,A
6-NA,1275,0,0,2076,1,2077,G
6-NA,1276,0,2070,0,1,2071,T
6-NA,1277,0,2066,0,0,2066,T
6-NA,1278,1,3,2074,0,2078,G
6-NA,1279,2077,0,0,0,2077,A
6-NA,1280,0,2076,0,0,2076,T
6-NA,1281,2065,1,0,0,2066,A
6-NA,1282,2002,0,2,0,2004,A
6-NA,1283,1,3,2017,0,2021,G
6-NA,1284,0,2,1979,0,1981,G
6-NA,1285,0,1,1971,0,1972,G
6-NA,1286,1,1,1963,0,1965,G
6-NA,1287,1940,0,1,0,1941,A
6-NA,1288,1938,0,2,1,1941,A
6-NA,1289,0,1,1952,0,1953,G
6-NA,1290,1949,0,2,0,1951,A
6-NA,1291,1950,0,0,0,1950,A
6-NA,1292,1931,0,0,0,1931,A
6-NA,1293,1885,0,2,0,1887,A
6-NA,1294,0,1,1892,0,1893,G
6-NA,1295,1870,1,1,0,1872,A
6-NA,1296,0,2,1868,0,1870,G
6-NA,1297,0,2,1869,0,1871,G
6-NA,1298,1838,0,2,0,1840,A
6-NA,1299,1839,0,0,0,1839,A
6-NA,1300,1838,0,1,0,1839,A
6-NA,1301,0,0,0,1841,1841,C
6-NA,1302,0,1837,0,0,1837,T
6-NA,1303,0,0,1838,0,1838,G
6-NA,1304,1830,0,2,1,1833,A
6-NA,1305,1828,0,2,0,1830,A
6-NA,1306,0,0,1844,0,1844,G
6-NA,1307,0,1823,0,3,1826,T
6-NA,1308,2,0,0,1842,1844,C
6-NA,1309,0,1823,0,2,1825,T
6-NA,1310,0,1810,1,1,1812,T
6-NA,1311,0,0,1814,0,1814,G
6-NA,1312,0,1801,0,2,1803,T
6-NA,1313,1,1,1805,0,1807,G
6-NA,1314,0,2,1796,0,1798,G
6-NA,1315,1784,0,0,0,1784,A
6-NA,1316,1,1,0,1791,1793,C
6-NA,1317,1,0,0,1743,1744,C
6-NA,1318,2,1740,0,1,1743,T
6-NA,1319,2,1,0,1741,1744,C
6-NA,1320,1749,1,0,0,1750,A
6-NA,1321,1749,0,0,3,1752,A
6-NA,1322,1751,0,0,0,1751,A
6-NA,1323,1,0,0,1761,1762,C
6-NA,1324,1725,0,1,0,1726,A
6-NA,1325,0,1,1753,0,1754,G
6-NA,1326,0,1727,0,1,1728,T
6-NA,1327,1723,0,0,0,1723,A
6-NA,1328,1,1730,0,0,1731,T
6-NA,1329,0,1700,0,0,1700,T
6-NA,1330,1,0,1709,0,1710,G
6-NA,1331,0,1703,0,1,1704,T
6-NA,1332,0,1611,0,0,1611,T
6-NA,1333,1,4,1610,0,1615,G
6-NA,1334,0,1514,0,0,1514,T
6-NA,1335,0,0,1517,0,1517,G
6-NA,1336,0,1513,0,1,1514,T
6-NA,1337,1,1486,0,1,1488,T
6-NA,1338,0,1487,0,1,1488,T
6-NA,1339,0,1444,0,0,1444,T
6-NA,1340,0,0,1446,0,1446,G
6-NA,1341,0,1441,0,2,1443,T
6-NA,1342,0,0,1436,0,1436,G
6-NA,1343,0,1,1430,0,1431,G
6-NA,1344,1,1,0,1408,1410,C
6-NA,1345,1413,0,0,0,1413,A
6-NA,1346,1,0,0,1420,1421,C
6-NA,1347,1,0,0,1422,1423,C
6-NA,1348,1,1412,0,2,1415,T
6-NA,1349,1,0,0,1413,1414,C
6-NA,1350,1411,1,1,0,1413,A
6-NA,1351,0,1,1428,0,1429,G
6-NA,1352,0,0,1428,0,1428,G
6-NA,1353,0,1422,0,0,1422,T
6-NA,1354,1418,0,0,0,1418,A
6-NA,1355,0,0,1,1353,1354,C
6-NA,1356,1353,0,1,0,1354,A
6-NA,1357,1,1348,1,0,1350,T
6-NA,1358,1319,0,0,0,1319,A
6-NA,1359,0,1314,0,0,1314,T
6-NA,1360,0,0,1219,0,1219,G
6-NA,1361,0,0,1222,0,1222,G
6-NA,1362,1212,0,0,0,1212,A
6-NA,1363,1207,0,0,0,1207,A
6-NA,1364,1,1,0,1200,1202,C
6-NA,1365,1003,0,2,0,1005,A
6-NA,1366,0,1,1006,0,1007,G
6-NA,1367,0,0,1007,0,1007,G
6-NA,1368,2,0,0,1008,1010,C
6-NA,1369,0,1000,0,3,1003,T
6-NA,1370,4,0,0,958,962,C
6-NA,1371,953,1,0,0,954,A
6-NA,1372,1,953,0,0,954,T
6-NA,1373,0,0,957,0,957,G
6-NA,1374,1,0,957,0,958,G
6-NA,1375,0,0,0,924,924,C
6-NA,1376,1,0,0,913,914,C
6-NA,1377,1,861,0,0,862,T
6-NA,1378,0,2,863,0,865,G
6-NA,1379,863,0,1,0,864,A
6-NA,1380,0,860,0,3,863,T
6-NA,1381,0,0,852,0,852,G
6-NA,1382,0,0,834,0,834,G
6-NA,1383,0,0,798,0,798,G
6-NA,1384,0,0,800,0,800,G
6-NA,1385,0,0,0,788,788,C
6-NA,1386,0,0,788,1,789,G
6-NA,1387,1,0,782,0,783,G
6-NA,1388,773,0,2,0,775,A
6-NA,1389,0,0,0,768,768,C
6-NA,1390,766,0,1,0,767,A
6-NA,1391,0,754,0,0,754,T
6-NA,1392,0,0,0,741,741,C
6-NA,1393,729,0,1,0,730,A
6-NA,1394,731,0,0,0,731,A
6-NA,1395,0,728,0,1,729,T
6-NA,1396,0,0,0,711,711,C
6-NA,1397,0,695,0,0,695,T
6-NA,1398,1,0,0,605,606,C
6-NA,1399,602,0,0,0,602,A
6-NA,1400,0,596,0,0,596,T
6-NA,1401,0,0,599,0,599,G
6-NA,1402,0,0,0,592,592,C
6-NA,1403,1,0,0,571,572,C
6-NA,1404,0,520,0,1,521,T
6-NA,1405,513,0,0,0,513,A
6-NA,1406,0,512,0,0,512,T
6-NA,1407,505,0,1,0,506,A
6-NA,1408,0,506,0,0,506,T
6-NA,1409,465,0,0,0,465,A
6-NA,1410,447,0,0,0,447,A
7-M,1,25,0,0,0,25,A
7-M,2,0,25,0,0,25,T
7-M,3,0,0,24,0,24,G
7-M,4,26,0,0,0,26,A
7-M,5,0,0,26,0,26,G
7-M,6,0,0,0,28,28,C
7-M,7,0,0,0,30,30,C
7-M,8,0,37,0,0,37,T
7-M,9,0,37,0,0,37,T
7-M,10,0,0,0,36,36,C
7-M,11,0,37,0,0,37,T
7-M,12,35,0,0,0,35,A
7-M,13,36,0,0,0,36,A
7-M,14,0,0,0,36,36,C
7-M,15,0,0,0,36,36,C
7-M,16,0,0,37,0,37,G
7-M,17,36,0,0,0,36,A
7-M,18,0,0,37,0,37,G
7-M,19,0,0,40,0,40,G
7-M,20,0,40,0,0,40,T
7-M,21,0,0,0,40,40,C
7-M,22,0,0,40,0,40,G
7-M,23,41,0,0,0,41,A
7-M,24,42,0,0,0,42,A
7-M,25,43,0,0,0,43,A
7-M,26,0,0,0,48,48,C
7-M,27,0,0,48,0,48,G
7-M,28,0,48,0,0,48,T
7-M,29,48,0,0,0,48,A
7-M,30,0,48,0,0,48,T
7-M,31,0,0,49,0,49,G
7-M,32,0,48,0,1,49,T
7-M,33,0,55,0,0,55,T
7-M,34,0,0,0,54,54,C
7-M,35,0,53,0,0,53,T
7-M,36,0,0,0,59,59,C
7-M,37,0,59,0,0,59,T
7-M,38,0,0,0,67,67,C
7-M,39,0,67,0,0,67,T
7-M,40,67,0,0,0,67,A
7-M,41,0,67,0,0,67,T
7-M,42,0,0,0,67,67,C
7-M,43,0,0,68,0,68,G
7-M,44,0,69,0,0,69,T
7-M,45,0,68,0,1,69,T
7-M,46,1,0,0,69,70,C
7-M,47,0,0,0,72,72,C
7-M,48,72,1,0,0,73,A
7-M,49,0,73,0,0,73,T
7-M,50,0,0,0,73,73,C
7-M,51,73,0,0,0,73,A
7-M,52,0,0,76,0,76,G
7-M,53,0,0,76,0,76,G
7-M,54,0,0,0,76,76,C
7-M,55,0,0,0,76,76,C
7-M,56,0,0,0,76,76,C
7-M,57,0,0,0,79,79,C
7-M,58,1,0,0,78,79,C
7-M,59,0,78,0,1,79,T
7-M,60,0,0,0,79,79,C
7-M,61,79,0,0,0,79,A
7-M,62,79,0,0,0,79,A
7-M,63,81,0,0,0,81,A
7-M,64,0,0,82,0,82,G
7-M,65,0,0,0,82,82,C
7-M,66,0,1,0,81,82,C
7-M,67,0,0,82,0,82,G
7-M,68,82,0,0,0,82,A
7-M,69,3,0,79,0,82,G
7-M,70,81,0,0,0,81,A
7-M,71,0,82,0,0,82,T
7-M,72,0,0,0,82,82,C
7-M,73,0,0,82,0,82,G
7-M,74,0,0,0,82,82,C
7-M,75,0,0,83,0,83,G
7-M,76,0,0,0,83,83,C
7-M,77,83,0,0,0,83,A
7-M,78,0,0,83,0,83,G
7-M,79,83,0,0,0,83,A
7-M,80,0,0,95,0,95,G
7-M,81,94,0,0,0,94,A
7-M,82,0,0,0,95,95,C
7-M,83,0,94,0,0,94,T
7-M,84,0,95,0,0,95,T
7-M,85,0,0,96,0,96,G
7-M,86,96,0,0,0,96,A
7-M,87,96,0,0,0,96,A
7-M,88,0,0,96,0,96,G
7-M,89,94,0,0,0,94,A
7-M,90,0,96,0,0,96,T
7-M,91,0,0,98,0,98,G
7-M,92,0,97,0,0,97,T
7-M,93,0,0,0,97,97,C
7-M,94,0,95,0,0,95,T
7-M,95,0,96,0,0,96,T
7-M,96,0,97,0,0,97,T
7-M,97,0,0,97,0,97,G
7-M,98,0,0,0,97,97,C
7-M,99,0,96,0,0,96,T
7-M,100,0,0,97,0,97,G
7-M,101,0,0,97,0,97,G
7-M,102,0,0,97,0,97,G
7-M,103,97,0,0,0,97,A
7-M,104,98,0,0,0,98,A
7-M,105,98,0,0,0,98,A
7-M,106,98,0,0,0,98,A
7-M,107,98,0,0,0,98,A
7-M,108,0,0,0,98,98,C
7-M,109,97,0,0,0,97,A
7-M,110,0,0,0,100,100,C
7-M,111,100,0,0,0,100,A
7-M,112,0,0,102,0,102,G
7-M,113,104,0,0,0,104,A
7-M,114,0,104,0,0,104,T
7-M,115,0,0,0,105,105,C
7-M,116,0,105,0,0,105,T
7-M,117,0,105,0,0,105,T
7-M,118,0,0,104,0,104,G
7-M,119,103,0,0,0,103,A
7-M,120,1,0,102,0,103,G
7-M,121,0,0,106,0,106,G
7-M,122,0,0,0,105,105,C
7-M,123,0,104,0,0,104,T
7-M,124,0,0,0,114,114,C
7-M,125,0,115,0,0,115,T
7-M,126,0,0,0,115,115,C
7-M,127,116,0,0,0,116,A
7-M,128,0,117,0,0,117,T
7-M,129,0,0,116,0,116,G
7-M,130,0,0,116,0,116,G
7-M,131,114,0,0,0,114,A
7-M,132,112,0,1,0,113,A
7-M,133,0,109,0,0,109,T
7-M,134,0,0,113,0,113,G
7-M,135,0,0,121,0,121,G
7-M,136,0,0,0,121,121,C
7-M,137,0,120,0,0,120,T
7-M,138,121,0,0,0,121,A
7-M,139,121,0,0,0,121,A
7-M,140,121,0,0,0,121,A
7-M,141,0,0,122,0,122,G
7-M,142,122,0,0,0,122,A
7-M,143,0,0,0,123,123,C
7-M,144,120,0,0,0,120,A
7-M,145,118,0,0,0,118,A
7-M,146,0,1,119,0,120,G
7-M,147,120,0,0,0,120,A
7-M,148,0,0,0,121,121,C
7-M,149,0,0,0,118,118,C
7-M,150,118,0,0,0,118,A
7-M,151,123,0,0,0,123,A
7-M,152,0,123,0,0,123,T
7-M,153,0,123,0,0,123,T
7-M,154,0,0,0,123,123,C
7-M,155,0,120,0,0,120,T
7-M,156,0,0,119,0,119,G
7-M,157,0,120,0,0,120,T
7-M,158,0,0,0,120,120,C
7-M,159,120,0,0,0,120,A
7-M,160,0,0,0,121,121,C
7-M,161,0,0,0,122,122,C
7-M,162,0,122,0,0,122,T
7-M,163,0,0,0,121,121,C
7-M,164,0,122,0,0,122,T
7-M,165,0,0,126,0,126,G
7-M,166,126,0,0,0,126,A
7-M,167,0,0,0,125,125,C
7-M,168,0,126,0,0,126,T
7-M,169,123,0,0,0,123,A
7-M,170,123,0,0,0,123,A
7-M,171,0,0,124,0,124,G
7-M,172,0,0,122,0,122,G
7-M,173,0,0,122,0,122,G
7-M,174,0,0,124,0,124,G
7-M,175,126,0,0,0,126,A
7-M,176,0,127,0,0,127,T
7-M,177,0,126,0,0,126,T
7-M,178,0,127,0,0,127,T
7-M,179,0,127,0,0,127,T
7-M,180,0,0,127,0,127,G
7-M,181,1,0,127,0,128,G
7-M,182,0,0,127,0,127,G
7-M,183,0,0,128,0,128,G
7-M,184,0,126,0,0,126,T
7-M,185,0,125,0,0,125,T
7-M,186,0,126,0,0,126,T
7-M,187,0,0,128,0,128,G
7-M,188,0,128,0,0,128,T
7-M,189,0,0,132,0,132,G
7-M,190,0,132,0,0,132,T
7-M,191,0,132,0,0,132,T
7-M,192,0,0,0,131,131,C
7-M,193,131,0,0,0,131,A
7-M,194,0,0,0,134,134,C
7-M,195,0,0,134,0,134,G
7-M,196,0,0,0,134,134,C
7-M,197,0,130,0,0,130,T
7-M,198,1,0,0,133,134,C
7-M,199,133,0,0,0,133,A
7-M,200,0,0,0,133,133,C
7-M,201,0,0,0,133,133,C
7-M,202,0,0,133,0,133,G
7-M,203,0,132,0,0,132,T
7-M,204,0,0,132,0,132,G
7-M,205,0,0,0,131,131,C
7-M,206,1,0,0,130,131,C
7-M,207,0,0,0,133,133,C
7-M,208,133,0,0,0,133,A
7-M,209,0,0,133,0,133,G
7-M,210,0,131,0,0,131,T
7-M,211,0,0,131,0,131,G
7-M,212,131,0,1,0,132,A
7-M,213,0,0,133,0,133,G
7-M,214,0,0,0,132,132,C
7-M,215,0,0,131,0,131,G
7-M,216,131,0,0,0,131,A
7-M,217,0,0,133,0,133,G
7-M,218,0,0,134,0,134,G
7-M,219,134,0,0,0,134,A
7-M,220,0,0,0,138,138,C
7-M,221,0,136,0,0,136,T
7-M,222,0,0,136,0,136,G
7-M,223,0,0,0,136,136,C
7-M,224,134,0,0,0,134,A
7-M,225,0,0,140,0,140,G
7-M,226,0,0,0,140,140,C
7-M,227,0,0,142,0,142,G
7-M,228,0,142,0,0,142,T
7-M,229,140,0,1,0,141,A
7-M,230,0,0,140,0,140,G
7-M,231,141,0,0,0,141,A
7-M,232,0,0,0,142,142,C
7-M,233,0,0,142,0,142,G
7-M,234,0,0,0,141,141,C
7-M,235,0,139,0,0,139,T
7-M,236,0,140,0,0,140,T
7-M,237,0,140,0,0,140,T
7-M,238,0,0,142,0,142,G
7-M,239,0,141,0,0,141,T
7-M,240,0,0,0,142,142,C
7-M,241,0,0,0,142,142,C
7-M,242,139,0,0,0,139,A
7-M,243,142,0,0,0,142,A
7-M,244,141,0,0,0,141,A
7-M,245,142,0,0,0,142,A
7-M,246,0,141,0,0,141,T
7-M,247,0,0,136,0,136,G
7-M,248,0,0,0,137,137,C
7-M,249,1,0,0,136,137,C
7-M,250,0,0,0,137,137,C
7-M,251,0,137,0,0,137,T
7-M,252,0,0,0,140,140,C
7-M,253,140,0,0,0,140,A
7-M,254,139,0,0,0,139,A
7-M,255,0,142,0,0,142,T
7-M,256,0,0,142,0,142,G
7-M,257,0,0,145,0,145,G
7-M,258,1,0,145,0,146,G
7-M,259,144,0,1,0,145,A
7-M,260,146,0,0,0,146,A
7-M,261,0,144,0,0,144,T
7-M,262,0,0,143,0,143,G
7-M,263,0,0,144,0,144,G
7-M,264,142,0,0,0,142,A
7-M,265,0,0,142,0,142,G
7-M,266,139,0,0,0,139,A
7-M,267,0,0,0,137,137,C
7-M,268,0,0,0,147,147,C
7-M,269,0,0,0,150,150,C
7-M,270,151,0,0,1,152,A
7-M,271,152,0,0,0,152,A
7-M,272,151,0,0,0,151,A
7-M,273,0,152,0,0,152,T
7-M,274,155,0,0,0,155,A
7-M,275,156,0,0,0,156,A
7-M,276,0,0,0,155,155,C
7-M,277,155,0,0,0,155,A
7-M,278,0,151,0,0,151,T
7-M,279,0,0,152,0,152,G
7-M,280,0,0,154,0,154,G
7-M,281,154,0,0,0,154,A
7-M,282,0,0,0,154,154,C
7-M,283,153,0,0,0,153,A
7-M,284,153,0,0,0,153,A
7-M,285,153,0,0,0,153,A
7-M,286,0,0,154,0,154,G
7-M,287,0,0,0,156,156,C
7-M,288,156,0,0,0,156,A
7-M,289,0,0,158,0,158,G
7-M,290,0,158,0,0,158,T
7-M,291,0,158,0,0,158,T
7-M,292,160,0,0,0,160,A
7-M,293,156,0,0,0,156,A
7-M,294,158,0,0,0,158,A
7-M,295,0,0,0,159,159,C
7-M,296,0,150,0,0,150,T
7-M,297,0,0,160,0,160,G
7-M,298,0,159,0,0,159,T
7-M,299,159,0,0,0,159,A
7-M,300,0,159,0,0,159,T
7-M,301,159,0,0,0,159,A
7-M,302,0,0,159,0,159,G
7-M,303,0,0,158,0,158,G
7-M,304,156,0,0,0,156,A
7-M,305,156,0,0,0,156,A
7-M,306,152,0,1,0,153,A
7-M,307,0,0,0,157,157,C
7-M,308,0,157,0,0,157,T
7-M,309,0,157,0,0,157,T
7-M,310,156,0,0,0,156,A
7-M,311,155,0,0,0,155,A
7-M,312,0,0,155,0,155,G
7-M,313,155,0,0,0,155,A
7-M,314,0,0,155,0,155,G
7-M,315,151,0,0,0,151,A
7-M,316,0,0,158,0,158,G
7-M,317,159,0,0,0,159,A
7-M,318,0,0,160,0,160,G
7-M,319,160,1,1,0,162,A
7-M,320,0,161,0,0,161,T
7-M,321,162,0,0,0,162,A
7-M,322,163,0,0,0,163,A
7-M,323,0,0,0,165,165,C
7-M,324,1,0,165,0,166,G
7-M,325,0,164,0,1,165,T
7-M,326,0,165,0,0,165,T
7-M,327,0,0,0,165,165,C
7-M,328,0,0,0,166,166,C
7-M,329,164,0,0,0,164,A
7-M,330,0,166,0,0,166,T
7-M,331,0,0,165,0,165,G
7-M,332,0,0,165,0,165,G
7-M,333,0,0,168,0,168,G
7-M,334,0,1,167,0,168,G
7-M,335,0,1,0,165,166,C
7-M,336,0,0,0,166,166,C
7-M,337,166,0,0,0,166,A
7-M,338,166,0,0,0,166,A
7-M,339,165,0,1,0,166,A
7-M,340,0,1,166,0,167,G
7-M,341,167,0,0,0,167,A
7-M,342,167,0,0,0,167,A
7-M,343,167,0,0,0,167,A
7-M,344,0,167,0,0,167,T
7-M,345,165,0,1,0,166,A
7-M,346,0,0,168,0,168,G
7-M,347,0,0,0,165,165,C
7-M,348,0,167,0,0,167,T
7-M,349,0,0,0,169,169,C
7-M,350,0,169,0,0,169,T
7-M,351,0,0,0,174,174,C
7-M,352,174,0,0,0,174,A
7-M,353,0,0,172,0,172,G
7-M,354,0,170,0,0,170,T
7-M,355,0,174,0,0,174,T
7-M,356,175,0,0,0,175,A
7-M,357,0,175,0,0,175,T
7-M,358,0,174,0,0,174,T
7-M,359,0,0,0,175,175,C
7-M,360,1,165,0,1,167,T
7-M,361,0,0,168,0,168,G
7-M,362,0,0,1,167,168,C
7-M,363,0,167,0,0,167,T
7-M,364,0,0,168,0,168,G
7-M,365,0,0,166,0,166,G
7-M,366,0,167,0,0,167,T
7-M,367,0,0,167,0,167,G
7-M,368,0,0,0,168,168,C
7-M,369,167,0,0,0,167,A
7-M,370,0,0,0,169,169,C
7-M,371,0,166,0,1,167,T
7-M,372,0,168,0,0,168,T
7-M,373,0,0,168,0,168,G
7-M,374,0,0,0,170,170,C
7-M,375,0,0,0,169,169,C
7-M,376,168,0,0,0,168,A
7-M,377,0,1,168,0,169,G
7-M,378,0,169,0,0,169,T
7-M,379,0,167,0,0,167,T
7-M,380,0,0,167,0,167,G
7-M,381,1,162,0,0,163,T
7-M,382,169,0,0,0,169,A
7-M,383,0,169,0,0,169,T
7-M,384,0,0,169,0,169,G
7-M,385,0,0,169,0,169,G
7-M,386,0,0,169,0,169,G
7-M,387,0,0,0,170,170,C
7-M,388,1,0,0,174,175,C
7-M,389,0,173,0,0,173,T
7-M,390,0,0,0,174,174,C
7-M,391,181,0,0,0,181,A
7-M,392,0,183,0,0,183,T
7-M,393,185,0,0,0,185,A
7-M,394,0,185,0,0,185,T
7-M,395,183,0,0,0,183,A
7-M,396,0,0,0,191,191,C
7-M,397,178,0,1,0,179,A
7-M,398,182,0,0,0,182,A
7-M,399,0,182,0,0,182,T
7-M,400,174,0,0,0,174,A
7-M,401,0,0,175,0,175,G
7-M,402,0,0,172,0,172,G
7-M,403,172,0,0,0,172,A
7-M,404,0,172,0,0,172,T
7-M,405,0,1,153,0,154,G
7-M,406,0,0,154,0,154,G
7-M,407,0,0,154,0,154,G
7-M,408,0,0,154,0,154,G
7-M,409,0,0,157,0,157,G
7-M,410,0,0,0,157,157,C
7-M,411,0,154,0,0,154,T
7-M,412,0,0,153,0,153,G
7-M,413,0,155,0,0,155,T
7-M,414,155,0,0,0,155,A
7-M,415,155,0,0,0,155,A
7-M,416,0,0,0,155,155,C
7-M,417,0,1,0,151,152,C
7-M,418,150,0,0,0,150,A
7-M,419,0,0,0,151,151,C
7-M,420,0,151,0,0,151,T
7-M,421,0,0,151,0,151,G
7-M,422,151,0,0,0,151,A
7-M,423,150,0,0,0,150,A
7-M,424,0,0,150,0,150,G
7-M,425,0,147,0,0,147,T
7-M,426,0,0,149,0,149,G
7-M,427,0,0,149,0,149,G
7-M,428,0,0,0,147,147,C
7-M,429,147,0,1,0,148,A
7-M,430,0,146,0,0,146,T
7-M,431,0,147,0,0,147,T
7-M,432,0,147,0,0,147,T
7-M,433,0,1,150,0,151,G
7-M,434,0,0,151,0,151,G
7-M,435,0,0,0,151,151,C
7-M,436,0,0,0,148,148,C
7-M,437,0,147,0,0,147,T
7-M,438,0,0,160,0,160,G
7-M,439,0,0,160,0,160,G
7-M,440,0,161,0,0,161,T
7-M,441,161,0,0,0,161,A
7-M,442,0,152,0,0,152,T
7-M,443,0,0,157,0,157,G
7-M,444,0,158,0,0,158,T
7-M,445,0,0,158,0,158,G
7-M,446,0,0,0,158,158,C
7-M,447,157,0,0,0,157,A
7-M,448,156,0,0,0,156,A
7-M,449,0,0,0,159,159,C
7-M,450,158,0,1,0,159,A
7-M,451,0,158,0,1,159,T
7-M,452,0,0,159,0,159,G
7-M,453,0,156,0,0,156,T
7-M,454,0,0,157,0,157,G
7-M,455,156,0,1,0,157,A
7-M,456,0,0,159,0,159,G
7-M,457,0,0,0,158,158,C
7-M,458,158,0,0,0,158,A
7-M,459,0,0,158,0,158,G
7-M,460,157,0,0,0,157,A
7-M,461,0,158,0,0,158,T
7-M,462,0,158,0,0,158,T
7-M,463,0,0,158,0,158,G
7-M,464,0,0,0,158,158,C
7-M,465,0,157,0,1,158,T
7-M,466,0,0,159,0,159,G
7-M,467,158,0,0,0,158,A
7-M,468,0,0,0,165,165,C
7-M,469,0,164,0,0,164,T
7-M,470,0,0,0,165,165,C
7-M,471,0,0,0,164,164,C
7-M,472,0,0,0,164,164,C
7-M,473,163,0,0,0,163,A
7-M,474,0,0,165,0,165,G
7-M,475,0,1,0,164,165,C
7-M,476,166,0,0,0,166,A
7-M,477,0,0,0,166,166,C
7-M,478,161,0,0,0,161,A
7-M,479,0,0,165,0,165,G
7-M,480,0,0,165,0,165,G
7-M,481,0,166,0,0,166,T
7-M,482,0,1,0,170,171,C
7-M,483,0,169,0,0,169,T
7-M,484,1,1,0,167,169,C
7-M,485,166,0,0,0,166,A
7-M,486,0,169,0,0,169,T
7-M,487,168,0,1,0,169,A
7-M,488,0,0,162,0,162,G
7-M,489,0,0,161,0,161,G
7-M,490,0,0,0,160,160,C
7-M,491,155,0,0,0,155,A
7-M,492,0,0,156,0,156,G
7-M,493,157,0,0,0,157,A
7-M,494,0,156,0,0,156,T
7-M,495,1,0,158,0,159,G
7-M,496,1,0,157,0,158,G
7-M,497,0,158,0,0,158,T
7-M,498,0,0,166,0,166,G
7-M,499,0,0,166,0,166,G
7-M,500,0,0,0,166,166,C
7-M,501,164,0,0,1,165,A
7-M,502,164,1,0,0,165,A
7-M,503,0,0,0,165,165,C
7-M,504,163,0,0,0,163,A
7-M,505,163,0,0,1,164,A
7-M,506,0,0,0,164,164,C
7-M,507,0,0,0,162,162,C
7-M,508,162,0,0,0,162,A
7-M,509,162,0,0,0,162,A
7-M,510,0,164,0,0,164,T
7-M,511,0,0,0,166,166,C
7-M,512,0,0,0,165,165,C
7-M,513,164,0,0,0,164,A
7-M,514,0,162,0,0,162,T
7-M,515,0,163,0,1,164,T
7-M,516,163,0,0,0,163,A
7-M,517,163,0,0,0,163,A
7-M,518,0,163,0,0,163,T
7-M,519,160,0,0,0,160,A
7-M,520,160,0,0,1,161,A
7-M,521,156,0,0,0,156,A
7-M,522,157,0,1,0,158,A
7-M,523,0,0,0,161,161,C
7-M,524,162,0,0,0,162,A
7-M,525,0,161,0,0,161,T
7-M,526,0,0,162,0,162,G
7-M,527,161,0,0,0,161,A
7-M,528,1,1,161,0,163,G
7-M,529,160,0,0,0,160,A
7-M,530,160,0,0,1,161,A
7-M,531,0,0,0,162,162,C
7-M,532,154,0,0,0,154,A
7-M,533,0,0,158,0,158,G
7-M,534,155,0,0,0,155,A
7-M,535,156,0,0,0,156,A
7-M,536,0,157,0,0,157,T
7-M,537,0,0,155,0,155,G
7-M,538,0,0,154,0,154,G
7-M,539,0,154,0,0,154,T
7-M,540,0,148,0,0,148,T
7-M,541,0,153,0,0,153,T
7-M,542,0,154,0,0,154,T
7-M,543,0,0,155,0,155,G
7-M,544,0,0,156,0,156,G
7-M,545,1,0,0,155,156,C
7-M,546,0,0,0,157,157,C
7-M,547,157,0,0,0,157,A
7-M,548,3,0,156,0,159,G
7-M,549,0,0,0,162,162,C
7-M,550,161,0,1,0,162,A
7-M,551,0,0,0,164,164,C
7-M,552,0,158,0,0,158,T
7-M,553,160,0,0,0,160,A
7-M,554,0,0,0,161,161,C
7-M,555,161,0,0,0,161,A
7-M,556,0,0,165,0,165,G
7-M,557,0,0,0,162,162,C
7-M,558,0,161,0,0,161,T
7-M,559,161,0,0,0,161,A
7-M,560,159,0,0,0,159,A
7-M,561,0,0,159,0,159,G
7-M,562,0,0,161,0,161,G
7-M,563,0,0,0,162,162,C
7-M,564,0,154,0,0,154,T
7-M,565,153,0,0,0,153,A
7-M,566,0,154,0,0,154,T
7-M,567,0,0,155,0,155,G
7-M,568,0,0,157,0,157,G
7-M,569,154,0,0,0,154,A
7-M,570,0,0,157,0,157,G
7-M,571,0,0,0,152,152,C
7-M,572,153,0,0,0,153,A
7-M,573,152,0,0,0,152,A
7-M,574,153,0,0,0,153,A
7-M,575,0,152,0,0,152,T
7-M,576,0,0,154,0,154,G
7-M,577,0,0,154,0,154,G
7-M,578,0,0,0,154,154,C
7-M,579,0,150,0,0,150,T
7-M,580,0,0,149,0,149,G
7-M,581,0,1,151,0,152,G
7-M,582,151,0,0,0,151,A
7-M,583,0,149,0,0,149,T
7-M,584,1,0,0,152,153,C
7-M,585,153,0,0,0,153,A
7-M,586,153,0,0,0,153,A
7-M,587,0,0,155,0,155,G
7-M,588,0,155,1,0,156,T
7-M,589,2,0,153,0,155,G
7-M,590,153,0,0,0,153,A
7-M,591,150,1,1,0,152,A
7-M,592,0,0,0,152,152,C
7-M,593,154,0,0,0,154,A
7-M,594,9,0,146,0,155,G
7-M,595,0,0,155,0,155,G
7-M,596,0,0,0,153,153,C
7-M,597,154,0,0,0,154,A
7-M,598,0,0,154,0,154,G
7-M,599,0,0,0,152,152,C
7-M,600,0,0,154,0,154,G
7-M,601,0,0,154,0,154,G
7-M,602,151,0,0,0,151,A
7-M,603,0,0,151,0,151,G
7-M,604,0,0,153,0,153,G
7-M,605,1,0,0,152,153,C
7-M,606,0,0,0,153,153,C
7-M,607,155,0,0,0,155,A
7-M,608,0,156,0,0,156,T
7-M,609,0,0,157,0,157,G
7-M,610,0,0,157,0,157,G
7-M,611,156,0,0,0,156,A
7-M,612,0,0,157,0,157,G
7-M,613,156,0,0,0,156,A
7-M,614,0,158,0,0,158,T
7-M,615,0,158,0,0,158,T
7-M,616,0,0,158,0,158,G
7-M,617,0,0,0,159,159,C
7-M,618,0,159,0,0,159,T
7-M,619,158,0,0,0,158,A
7-M,620,0,0,160,0,160,G
7-M,621,0,160,0,0,160,T
7-M,622,0,0,0,160,160,C
7-M,623,151,0,0,0,151,A
7-M,624,0,0,153,0,153,G
7-M,625,0,0,153,0,153,G
7-M,626,0,0,0,152,152,C
7-M,627,0,0,0,151,151,C
7-M,628,150,0,0,0,150,A
7-M,629,0,0,146,0,146,G
7-M,630,0,1,148,0,149,G
7-M,631,0,0,0,149,149,C
7-M,632,150,0,0,0,150,A
7-M,633,0,0,148,0,148,G
7-M,634,149,0,0,0,149,A
7-M,635,0,147,0,0,147,T
7-M,636,0,0,148,0,148,G
7-M,637,0,0,151,0,151,G
7-M,638,0,146,0,0,146,T
7-M,639,0,0,146,0,146,G
7-M,640,0,0,0,145,145,C
7-M,641,144,0,1,0,145,A
7-M,642,0,0,146,0,146,G
7-M,643,0,0,147,0,147,G
7-M,644,0,0,0,147,147,C
7-M,645,148,0,0,0,148,A
7-M,646,151,0,0,0,151,A
7-M,647,0,153,0,0,153,T
7-M,648,0,0,152,0,152,G
7-M,649,150,0,2,0,152,A
7-M,650,0,0,153,0,153,G
7-M,651,150,0,0,0,150,A
7-M,652,0,0,150,0,150,G
7-M,653,0,0,0,152,152,C
7-M,654,0,1,0,151,152,C
7-M,655,153,0,0,0,153,A
7-M,656,0,153,0,0,153,T
7-M,657,0,154,0,0,154,T
7-M,658,0,0,154,0,154,G
7-M,659,0,0,154,0,154,G
7-M,660,0,0,154,0,154,G
7-M,661,153,0,0,0,153,A
7-M,662,0,0,0,157,157,C
7-M,663,0,151,0,0,151,T
7-M,664,0,1,0,153,154,C
7-M,665,156,0,0,0,156,A
7-M,666,0,162,0,0,162,T
7-M,667,0,0,0,164,164,C
7-M,668,0,0,0,164,164,C
7-M,669,0,163,0,0,163,T
7-M,670,163,0,0,0,163,A
7-M,671,0,0,162,0,162,G
7-M,672,0,165,0,0,165,T
7-M,673,0,164,0,0,164,T
7-M,674,0,0,0,164,164,C
7-M,675,0,0,0,157,157,C
7-M,676,158,0,0,0,158,A
7-M,677,0,0,162,0,162,G
7-M,678,0,162,0,0,162,T
7-M,679,161,0,0,0,161,A
7-M,680,0,0,0,161,161,C
7-M,681,0,157,0,0,157,T
7-M,682,0,0,160,0,160,G
7-M,683,0,0,160,0,160,G
7-M,684,0,158,0,0,158,T
7-M,685,0,154,0,0,154,T
7-M,686,0,155,0,0,155,T
7-M,687,155,0,0,0,155,A
7-M,688,155,0,0,0,155,A
7-M,689,0,0,155,0,155,G
7-M,690,156,0,0,0,156,A
7-M,691,0,0,156,0,156,G
7-M,692,150,0,0,0,150,A
7-M,693,0,147,0,3,150,T
7-M,694,0,0,150,0,150,G
7-M,695,149,0,0,0,149,A
7-M,696,0,150,0,0,150,T
7-M,697,0,0,0,149,149,C
7-M,698,0,145,0,0,145,T
7-M,699,0,145,0,0,145,T
7-M,700,1,0,0,144,145,C
7-M,701,0,144,0,0,144,T
7-M,702,0,144,0,0,144,T
7-M,703,0,1,142,0,143,G
7-M,704,144,0,0,0,144,A
7-M,705,142,0,0,0,142,A
7-M,706,143,0,0,0,143,A
7-M,707,141,1,0,0,142,A
7-M,708,0,146,0,0,146,T
7-M,709,0,147,0,0,147,T
7-M,710,0,147,0,0,147,T
7-M,711,0,0,148,0,148,G
7-M,712,0,0,0,147,147,C
7-M,713,145,1,1,1,148,A
7-M,714,0,0,149,0,149,G
7-M,715,150,0,0,0,150,A
7-M,716,0,0,0,151,151,C
7-M,717,0,0,0,150,150,C
7-M,718,0,150,0,0,150,T
7-M,719,150,0,1,0,151,A
7-M,720,0,150,0,0,150,T
7-M,721,0,0,0,151,151,C
7-M,722,150,1,0,0,151,A
7-M,723,0,0,151,0,151,G
7-M,724,150,0,0,0,150,A
7-M,725,147,0,1,0,148,A
7-M,726,150,0,0,0,150,A
7-M,727,0,0,0,149,149,C
7-M,728,0,0,145,0,145,G
7-M,729,144,0,0,0,144,A
7-M,730,144,0,0,0,144,A
7-M,731,0,145,0,0,145,T
7-M,732,0,0,144,0,144,G
7-M,733,0,0,144,0,144,G
7-M,734,0,1,143,0,144,G
7-M,735,0,0,146,0,146,G
7-M,736,0,1,146,0,147,G
7-M,737,0,141,0,0,141,T
7-M,738,0,0,141,0,141,G
7-M,739,0,0,0,140,140,C
7-M,740,139,0,0,0,139,A
7-M,741,0,0,138,0,138,G
7-M,742,134,0,0,0,134,A
7-M,743,0,135,0,0,135,T
7-M,744,0,0,135,0,135,G
7-M,745,0,0,0,134,134,C
7-M,746,135,0,0,0,135,A
7-M,747,134,0,0,0,134,A
7-M,748,0,0,0,136,136,C
7-M,749,0,0,136,0,136,G
7-M,750,136,0,0,0,136,A
7-M,751,0,137,0,0,137,T
7-M,752,0,137,0,0,137,T
7-M,753,0,0,0,137,137,C
7-M,754,123,0,0,0,123,A
7-M,755,124,0,0,0,124,A
7-M,756,0,0,125,0,125,G
7-M,757,0,122,0,0,122,T
7-M,758,0,0,121,0,121,G
7-M,759,119,0,0,0,119,A
7-M,760,0,1,0,115,116,C
7-M,761,0,0,0,118,118,C
7-M,762,0,0,0,116,116,C
7-M,763,0,0,117,0,117,G
7-M,764,0,0,0,117,117,C
7-M,765,0,117,0,0,117,T
7-M,766,0,118,0,0,118,T
7-M,767,0,0,118,0,118,G
7-M,768,0,118,0,0,118,T
7-M,769,0,117,0,0,117,T
7-M,770,0,0,117,0,117,G
7-M,771,0,113,0,0,113,T
7-M,772,1,112,0,0,113,T
7-M,773,0,0,112,0,112,G
7-M,774,0,0,0,110,110,C
7-M,775,0,0,0,111,111,C
7-M,776,0,0,112,0,112,G
7-M,777,0,0,0,111,111,C
7-M,778,0,1,111,0,112,G
7-M,779,112,0,0,0,112,A
7-M,780,112,0,0,0,112,A
7-M,781,0,113,0,0,113,T
7-M,782,113,0,0,0,113,A
7-M,783,0,113,0,0,113,T
7-M,784,0,0,0,114,114,C
7-M,785,114,0,0,0,114,A
7-M,786,0,113,0,0,113,T
7-M,787,0,114,0,0,114,T
7-M,788,0,0,113,0,113,G
7-M,789,0,0,112,0,112,G
7-M,790,0,0,113,0,113,G
7-M,791,111,0,0,0,111,A
7-M,792,0,111,0,0,111,T
7-M,793,0,0,0,110,110,C
7-M,794,0,110,0,0,110,T
7-M,795,0,110,0,0,110,T
7-M,796,0,0,111,0,111,G
7-M,797,0,1,0,110,111,C
7-M,798,111,0,0,0,111,A
7-M,799,0,0,0,111,111,C
7-M,800,0,106,0,0,106,T
7-M,801,0,106,0,0,106,T
7-M,802,0,0,106,0,106,G
7-M,803,107,0,0,0,107,A
7-M,804,0,108,0,0,108,T
7-M,805,106,0,0,0,106,A
7-M,806,0,106,0,0,106,T
7-M,807,0,103,0,0,103,T
7-M,808,0,0,103,0,103,G
7-M,809,0,103,0,0,103,T
7-M,810,0,0,103,0,103,G
7-M,811,0,0,103,0,103,G
7-M,812,100,0,0,0,100,A
7-M,813,0,100,0,0,100,T
7-M,814,0,98,0,0,98,T
7-M,815,0,0,0,98,98,C
7-M,816,0,98,0,0,98,T
7-M,817,0,98,0,0,98,T
7-M,818,0,0,98,0,98,G
7-M,819,95,0,0,0,95,A
7-M,820,0,96,0,0,96,T
7-M,821,0,0,0,96,96,C
7-M,822,0,0,97,0,97,G
7-M,823,0,98,0,0,98,T
7-M,824,0,0,0,97,97,C
7-M,825,0,96,0,0,96,T
7-M,826,0,96,0,0,96,T
7-M,827,0,96,0,0,96,T
7-M,828,0,97,0,0,97,T
7-M,829,0,97,0,0,97,T
7-M,830,0,97,0,0,97,T
7-M,831,0,97,0,0,97,T
7-M,832,0,0,0,97,97,C
7-M,833,97,0,0,0,97,A
7-M,834,95,0,0,0,95,A
7-M,835,96,0,1,0,97,A
7-M,836,0,96,0,0,96,T
7-M,837,0,0,97,0,97,G
7-M,838,0,0,0,97,97,C
7-M,839,96,0,0,0,96,A
7-M,840,0,99,0,0,99,T
7-M,841,0,0,0,99,99,C
7-M,842,0,97,0,0,97,T
7-M,843,99,0,0,0,99,A
7-M,844,0,98,0,0,98,T
7-M,845,0,0,0,97,97,C
7-M,846,2,0,96,0,98,G
7-M,847,97,1,0,0,98,A
7-M,848,0,0,0,99,99,C
7-M,849,1,95,0,0,96,T
7-M,850,0,0,0,95,95,C
7-M,851,0,95,0,0,95,T
7-M,852,0,95,0,0,95,T
7-M,853,0,0,0,93,93,C
7-M,854,94,0,1,0,95,A
7-M,855,95,0,0,0,95,A
7-M,856,95,0,0,0,95,A
7-M,857,0,0,0,94,94,C
7-M,858,92,0,0,0,92,A
7-M,859,0,0,0,87,87,C
7-M,860,0,0,85,0,85,G
7-M,861,0,0,87,0,87,G
7-M,862,0,0,0,87,87,C
7-M,863,0,0,0,87,87,C
7-M,864,0,87,0,0,87,T
7-M,865,0,87,0,0,87,T
7-M,866,87,0,0,0,87,A
7-M,867,87,0,0,0,87,A
7-M,868,87,0,0,0,87,A
7-M,869,86,0,0,0,86,A
7-M,870,0,0,86,0,86,G
7-M,871,71,0,0,0,71,A
7-M,872,0,0,72,0,72,G
7-M,873,0,0,72,0,72,G
7-M,874,0,0,0,74,74,C
7-M,875,0,0,0,74,74,C
7-M,876,0,0,0,73,73,C
7-M,877,0,73,0,0,73,T
7-M,878,0,73,0,0,73,T
7-M,879,0,0,0,73,73,C
7-M,880,0,72,0,0,72,T
7-M,881,72,0,0,0,72,A
7-M,882,0,0,0,72,72,C
7-M,883,0,0,69,0,69,G
7-M,884,0,0,69,0,69,G
7-M,885,66,0,0,0,66,A
7-M,886,65,0,0,0,65,A
7-M,887,0,0,66,0,66,G
7-M,888,0,0,66,0,66,G
7-M,889,66,0,0,0,66,A
7-M,890,0,0,67,0,67,G
7-M,891,0,66,0,0,66,T
7-M,892,68,0,0,0,68,A
7-M,893,0,0,0,67,67,C
7-M,894,0,0,0,66,66,C
7-M,895,0,66,0,0,66,T
7-M,896,0,0,66,0,66,G
7-M,897,61,0,0,0,61,A
7-M,898,0,0,61,0,61,G
7-M,899,0,60,0,0,60,T
7-M,900,0,0,0,61,61,C
7-M,901,0,57,0,0,57,T
7-M,902,57,0,0,0,57,A
7-M,903,0,57,0,0,57,T
7-M,904,0,0,57,0,57,G
7-M,905,54,0,1,0,55,A
7-M,906,0,0,55,0,55,G
7-M,907,0,0,52,0,52,G
7-M,908,0,0,51,0,51,G
7-M,909,50,0,0,0,50,A
7-M,910,50,0,0,0,50,A
7-M,911,0,0,50,0,50,G
7-M,912,50,0,0,0,50,A
7-M,913,51,0,0,0,51,A
7-M,914,0,50,0,0,50,T
7-M,915,50,0,0,0,50,A
7-M,916,0,50,0,0,50,T
7-M,917,0,1,0,47,48,C
7-M,918,0,0,49,0,49,G
7-M,919,49,0,0,0,49,A
7-M,920,49,0,0,0,49,A
7-M,921,48,0,0,0,48,A
7-M,922,0,0,48,0,48,G
7-M,923,0,0,49,0,49,G
7-M,924,49,0,0,0,49,A
7-M,925,49,0,0,0,49,A
7-M,926,0,0,0,49,49,C
7-M,927,49,0,0,0,49,A
7-M,928,0,0,49,0,49,G
7-M,929,0,0,0,49,49,C
7-M,930,49,0,0,0,49,A
7-M,931,0,0,49,0,49,G
7-M,932,45,0,0,0,45,A
7-M,933,45,0,0,0,45,A
7-M,934,0,45,0,0,45,T
7-M,935,0,0,43,0,43,G
7-M,936,0,0,0,42,42,C
7-M,937,0,38,0,0,38,T
7-M,938,0,0,38,0,38,G
7-M,939,0,38,0,0,38,T
7-M,940,0,0,38,0,38,G
7-M,941,0,0,37,0,37,G
7-M,942,37,0,0,0,37,A
7-M,943,0,37,0,0,37,T
7-M,944,0,0,35,0,35,G
7-M,945,0,0,0,34,34,C
7-M,946,0,30,0,0,30,T
7-M,947,0,0,30,0,30,G
7-M,948,30,0,0,0,30,A
7-M,949,0,0,0,30,30,C
7-M,950,0,0,30,0,30,G
7-M,951,30,0,0,0,30,A
7-M,952,0,0,0,30,30,C
7-M,953,28,0,0,0,28,A
7-M,954,0,0,28,0,28,G
7-M,955,0,28,0,0,28,T
7-M,956,1,0,0,27,28,C
7-M,957,28,0,0,0,28,A
7-M,958,0,28,0,0,28,T
7-M,959,0,28,0,0,28,T
7-M,960,0,27,0,0,27,T
7-M,961,0,27,0,0,27,T
7-M,962,0,0,27,0,27,G
7-M,963,0,24,0,0,24,T
7-M,964,0,0,0,24,24,C
7-M,965,23,0,0,0,23,A
7-M,966,0,0,23,0,23,G
7-M,967,0,0,0,23,23,C
7-M,968,23,0,0,0,23,A
7-M,969,0,23,0,0,23,T
7-M,970,22,0,0,0,22,A
7-M,971,0,0,22,0,22,G
7-M,972,20,0,0,0,20,A
7-M,973,0,0,20,0,20,G
7-M,974,0,20,0,0,20,T
7-M,975,0,13,0,0,13,T
7-M,976,0,0,13,0,13,G
7-M,977,0,0,13,0,13,G
7-M,978,12,0,0,0,12,A
7-M,979,0,0,12,0,12,G
7-M,980,0,8,0,0,8,T
7-M,981,9,0,0,0,9,A
7-M,982,9,0,0,0,9,A
8-NS,1,225,0,0,0,225,A
8-NS,2,0,225,0,0,225,T
8-NS,3,0,0,234,0,234,G
8-NS,4,0,0,245,0,245,G
8-NS,5,264,0,0,0,264,A
8-NS,6,0,504,0,0,504,T
8-NS,7,0,505,0,0,505,T
8-NS,8,0,0,0,520,520,C
8-NS,9,0,0,1,519,520,C
8-NS,10,519,0,1,1,521,A
8-NS,11,527,0,0,0,527,A
8-NS,12,0,0,0,530,530,C
8-NS,13,530,0,0,0,530,A
8-NS,14,0,0,0,536,536,C
8-NS,15,0,535,0,0,535,T
8-NS,16,0,0,581,0,581,G
8-NS,17,0,583,0,0,583,T
8-NS,18,0,0,590,0,590,G
8-NS,19,0,588,0,2,590,T
8-NS,20,0,0,0,592,592,C
8-NS,21,589,0,0,1,590,A
8-NS,22,590,0,0,0,590,A
8-NS,23,0,0,602,0,602,G
8-NS,24,0,616,0,0,616,T
8-NS,25,0,608,0,1,609,T
8-NS,26,0,620,0,0,620,T
8-NS,27,0,1,0,620,621,C
8-NS,28,0,0,0,621,621,C
8-NS,29,621,0,1,0,622,A
8-NS,30,0,0,626,0,626,G
8-NS,31,0,1,624,0,625,G
8-NS,32,0,626,0,0,626,T
8-NS,33,630,0,0,0,630,A
8-NS,34,0,0,632,0,632,G
8-NS,35,631,0,0,0,631,A
8-NS,36,0,633,0,0,633,T
8-NS,37,0,633,0,0,633,T
8-NS,38,0,0,640,0,640,G
8-NS,39,0,0,0,640,640,C
8-NS,40,0,637,0,1,638,T
8-NS,41,0,647,0,0,647,T
8-NS,42,0,646,0,0,646,T
8-NS,43,0,0,0,655,655,C
8-NS,44,1,651,0,0,652,T
8-NS,45,0,655,0,0,655,T
8-NS,46,0,655,0,0,655,T
8-NS,47,0,3,659,0,662,G
8-NS,48,0,0,663,0,663,G
8-NS,49,1,0,0,665,666,C
8-NS,50,665,0,0,0,665,A
8-NS,51,0,667,0,0,667,T
8-NS,52,668,0,0,0,668,A
8-NS,53,0,723,0,0,723,T
8-NS,54,1,0,0,725,726,C
8-NS,55,1,2,0,722,725,C
8-NS,56,0,0,726,0,726,G
8-NS,57,0,723,0,3,726,T
8-NS,58,733,0,0,0,733,A
8-NS,59,735,0,0,0,735,A
8-NS,60,739,0,0,0,739,A
8-NS,61,0,0,0,742,742,C
8-NS,62,731,0,0,0,731,A
8-NS,63,735,0,1,0,736,A
8-NS,64,0,0,774,0,774,G
8-NS,65,0,772,0,2,774,T
8-NS,66,0,772,0,0,772,T
8-NS,67,1,1,773,0,775,G
8-NS,68,0,772,0,2,774,T
8-NS,69,768,0,0,1,769,A
8-NS,70,0,0,769,0,769,G
8-NS,71,806,2,2,0,810,A
8-NS,72,1,0,0,820,821,C
8-NS,73,0,1,0,815,816,C
8-NS,74,815,0,1,0,816,A
8-NS,75,818,0,0,0,818,A
8-NS,76,0,2,859,0,861,G
8-NS,77,866,0,0,0,866,A
8-NS,78,873,0,0,0,873,A
8-NS,79,0,0,0,875,875,C
8-NS,80,0,868,0,0,868,T
8-NS,81,0,4,877,0,881,G
8-NS,82,879,0,1,0,880,A
8-NS,83,0,0,898,0,898,G
8-NS,84,0,897,0,0,897,T
8-NS,85,0,1,886,0,887,G
8-NS,86,892,0,0,0,892,A
8-NS,87,0,886,0,1,887,T
8-NS,88,1,0,898,0,899,G
8-NS,89,0,0,0,911,911,C
8-NS,90,0,1,0,907,908,C
8-NS,91,0,0,0,914,914,C
8-NS,92,0,1,0,906,907,C
8-NS,93,906,0,0,0,906,A
8-NS,94,0,910,0,0,910,T
8-NS,95,0,922,0,0,922,T
8-NS,96,0,1,0,925,926,C
8-NS,97,0,0,0,921,921,C
8-NS,98,0,914,1,2,917,T
8-NS,99,0,918,0,0,918,T
8-NS,100,0,1,920,0,921,G
8-NS,101,919,0,0,0,919,A
8-NS,102,0,919,0,0,919,T
8-NS,103,1,0,0,908,909,C
8-NS,104,1,1,906,0,908,G
8-NS,105,1,0,915,0,916,G
8-NS,106,0,0,0,912,912,C
8-NS,107,0,911,0,1,912,T
8-NS,108,0,913,0,0,913,T
8-NS,109,0,0,0,915,915,C
8-NS,110,0,0,918,0,918,G
8-NS,111,1,0,0,918,919,C
8-NS,112,2,0,0,912,914,C
8-NS,113,0,1,917,0,918,G
8-NS,114,910,0,1,0,911,A
8-NS,115,1,0,937,1,939,G
8-NS,116,941,0,0,0,941,A
8-NS,117,0,940,0,0,940,T
8-NS,118,0,0,0,946,946,C
8-NS,119,940,1,1,0,942,A
8-NS,120,0,1,945,0,946,G
8-NS,121,938,0,1,1,940,A
8-NS,122,1,3,938,0,942,G
8-NS,123,0,0,940,1,941,G
8-NS,124,0,939,0,2,941,T
8-NS,125,0,0,0,998,998,C
8-NS,126,1,0,0,996,997,C
8-NS,127,1,0,0,1003,1004,C
8-NS,128,0,1006,0,0,1006,T
8-NS,129,1009,0,0,0,1009,A
8-NS,130,1005,0,1,0,1006,A
8-NS,131,0,0,1021,0,1021,G
8-NS,132,0,1,1024,0,1025,G
8-NS,133,0,1,1018,0,1019,G
8-NS,134,1,0,1005,0,1006,G
8-NS,135,1000,0,2,1,1003,A
8-NS,136,998,0,3,0,1001,A
8-NS,137,0,1,1005,0,1006,G
8-NS,138,1026,0,0,1,1027,A
8-NS,139,0,0,1035,0,1035,G
8-NS,140,0,0,1037,0,1037,G
8-NS,141,0,1,0,1037,1038,C
8-NS,142,1035,1,1,0,1037,A
8-NS,143,1036,1,0,0,1037,A
8-NS,144,0,1035,0,1,1036,T
8-NS,145,1047,0,0,0,1047,A
8-NS,146,0,0,0,1063,1063,C
8-NS,147,0,1041,0,0,1041,T
8-NS,148,1,0,0,1040,1041,C
8-NS,149,0,1031,0,2,1033,T
8-NS,150,0,3,0,1030,1033,C
8-NS,151,0,3,1050,0,1053,G
8-NS,152,2,0,1091,0,1093,G
8-NS,153,0,1091,0,0,1091,T
8-NS,154,3,0,0,1089,1092,C
8-NS,155,0,1083,0,0,1083,T
8-NS,156,1089,0,0,1,1090,A
8-NS,157,0,0,1092,0,1092,G
8-NS,158,1097,0,1,0,1098,A
8-NS,159,0,0,0,1127,1127,C
8-NS,160,1116,0,0,0,1116,A
8-NS,161,0,1102,0,0,1102,T
8-NS,162,0,0,0,1103,1103,C
8-NS,163,1102,0,0,1,1103,A
8-NS,164,1102,0,0,0,1102,A
8-NS,165,1105,0,1,0,1106,A
8-NS,166,0,0,1106,0,1106,G
8-NS,167,0,1,0,1112,1113,C
8-NS,168,1096,0,3,0,1099,A
8-NS,169,0,0,1099,0,1099,G
8-NS,170,0,0,0,1094,1094,C
8-NS,171,1,0,0,1104,1105,C
8-NS,172,1109,0,0,0,1109,A
8-NS,173,0,0,0,1115,1115,C
8-NS,174,1,0,0,1115,1116,C
8-NS,175,1,1,0,1114,1116,C
8-NS,176,1120,1,0,0,1121,A
8-NS,177,0,1133,0,1,1134,T
8-NS,178,0,0,1136,0,1136,G
8-NS,179,0,1129,0,1,1130,T
8-NS,180,0,1131,0,0,1131,T
8-NS,181,1,1,1129,0,1131,G
8-NS,182,0,0,1122,0,1122,G
8-NS,183,1119,0,0,0,1119,A
8-NS,184,1119,0,1,0,1120,A
8-NS,185,1117,0,0,0,1117,A
8-NS,186,1115,0,0,0,1115,A
8-NS,187,0,1,0,1121,1122,C
8-NS,188,1124,0,0,0,1124,A
8-NS,189,1125,0,0,0,1125,A
8-NS,190,1120,0,0,0,1120,A
8-NS,191,0,1124,0,0,1124,T
8-NS,192,0,1124,0,0,1124,T
8-NS,193,0,0,1148,0,1148,G
8-NS,194,0,1146,0,0,1146,T
8-NS,195,1143,0,2,0,1145,A
8-NS,196,0,0,1147,0,1147,G
8-NS,197,1138,0,0,0,1138,A
8-NS,198,1138,0,1,0,1139,A
8-NS,199,1134,0,1,0,1135,A
8-NS,200,1136,0,2,0,1138,A
8-NS,201,1,2,1140,0,1143,G
8-NS,202,1113,0,1,0,1114,A
8-NS,203,0,1109,1,0,1110,T
8-NS,204,0,1109,1,1,1111,T
8-NS,205,1,0,0,1110,1111,C
8-NS,206,0,1108,0,0,1108,T
8-NS,207,0,1,1112,0,1113,G
8-NS,208,1109,0,1,0,1110,A
8-NS,209,1109,0,0,0,1109,A
8-NS,210,1111,0,0,0,1111,A
8-NS,211,0,0,1123,0,1123,G
8-NS,212,1122,0,0,0,1122,A
8-NS,213,1123,0,1,0,1124,A
8-NS,214,3,0,1126,0,1129,G
8-NS,215,1133,0,0,0,1133,A
8-NS,216,1135,0,0,0,1135,A
8-NS,217,0,1135,0,0,1135,T
8-NS,218,3,0,0,1146,1149,C
8-NS,219,0,1146,0,0,1146,T
8-NS,220,0,0,1152,0,1152,G
8-NS,221,1147,0,2,0,1149,A
8-NS,222,0,1149,0,0,1149,T
8-NS,223,1,0,1143,0,1144,G
8-NS,224,1134,0,1,0,1135,A
8-NS,225,1,1,1130,0,1132,G
8-NS,226,1,0,1133,0,1134,G
8-NS,227,0,0,0,1129,1129,C
8-NS,228,1131,0,1,0,1132,A
8-NS,229,0,1,0,1160,1161,C
8-NS,230,0,1161,0,0,1161,T
8-NS,231,1,1158,0,0,1159,T
8-NS,232,1171,1,0,0,1172,A
8-NS,233,1172,0,0,0,1172,A
8-NS,234,1172,0,0,0,1172,A
8-NS,235,1164,0,2,0,1166,A
8-NS,236,0,1170,0,0,1170,T
8-NS,237,0,1,1172,0,1173,G
8-NS,238,1170,0,0,0,1170,A
8-NS,239,0,0,0,1167,1167,C
8-NS,240,1,1,0,1159,1161,C
8-NS,241,1163,0,1,0,1164,A
8-NS,242,0,1164,0,0,1164,T
8-NS,243,0,1,1186,0,1187,G
8-NS,244,0,0,1194,0,1194,G
8-NS,245,0,1206,0,0,1206,T
8-NS,246,2,0,0,1246,1248,C
8-NS,247,0,1236,0,0,1236,T
8-NS,248,1,0,1,1251,1253,C
8-NS,249,2,1,0,1250,1253,C
8-NS,250,1254,1,0,0,1255,A
8-NS,251,0,0,0,1262,1262,C
8-NS,252,1242,0,0,0,1242,A
8-NS,253,0,0,0,1313,1313,C
8-NS,254,0,0,0,1302,1302,C
8-NS,255,0,1259,0,1,1260,T
8-NS,256,0,0,1265,0,1265,G
8-NS,257,0,0,0,1257,1257,C
8-NS,258,0,1258,0,0,1258,T
8-NS,259,0,1263,1,0,1264,T
8-NS,260,0,17,0,1240,1257,C
8-NS,261,1,0,1261,0,1262,G
8-NS,262,0,1,0,1256,1257,C
8-NS,263,0,0,1261,0,1261,G
8-NS,264,1325,0,2,0,1327,A
8-NS,265,0,1327,0,0,1327,T
8-NS,266,1366,0,0,0,1366,A
8-NS,267,0,0,0,1372,1372,C
8-NS,268,1371,0,0,0,1371,A
8-NS,269,0,1402,0,0,1402,T
8-NS,270,1396,0,0,0,1396,A
8-NS,271,1402,0,2,0,1404,A
8-NS,272,0,0,0,1405,1405,C
8-NS,273,1,1356,0,1,1358,T
8-NS,274,1,0,1378,0,1379,G
8-NS,275,1367,1,0,0,1368,A
8-NS,276,1,2,0,1366,1369,C
8-NS,277,1365,0,1,0,1366,A
8-NS,278,0,1361,0,0,1361,T
8-NS,279,1,4,1355,1,1361,G
8-NS,280,1362,0,0,0,1362,A
8-NS,281,0,1,0,1385,1386,C
8-NS,282,0,1386,0,0,1386,T
8-NS,283,1400,0,0,0,1400,A
8-NS,284,0,1397,0,0,1397,T
8-NS,285,1,1387,0,1,1389,T
8-NS,286,0,0,1398,0,1398,G
8-NS,287,1391,0,2,0,1393,A
8-NS,288,0,2,1393,0,1395,G
8-NS,289,0,2,1394,0,1396,G
8-NS,290,1353,0,1,1,1355,A
8-NS,291,1358,0,0,0,1358,A
8-NS,292,0,1327,0,4,1331,T
8-NS,293,0,1332,0,0,1332,T
8-NS,294,1,0,1359,0,1360,G
8-NS,295,1,1353,0,2,1356,T
8-NS,296,2,0,0,1357,1359,C
8-NS,297,1358,0,1,0,1359,A
8-NS,298,1357,0,1,0,1358,A
8-NS,299,1,0,1359,0,1360,G
8-NS,300,1362,0,0,0,1362,A
8-NS,301,1362,1,1,0,1364,A
8-NS,302,1364,0,3,0,1367,A
8-NS,303,1,0,0,1360,1361,C
8-NS,304,0,1341,0,0,1341,T
8-NS,305,5,0,1352,0,1357,G
8-NS,306,0,0,1372,0,1372,G
8-NS,307,0,1370,0,1,1371,T
8-NS,308,0,1365,0,0,1365,T
8-NS,309,3,1,1,1359,1364,C
8-NS,310,1357,0,0,0,1357,A
8-NS,311,0,1383,0,2,1385,T
8-NS,312,0,0,1394,0,1394,G
8-NS,313,0,1,0,1407,1408,C
8-NS,314,0,1399,0,0,1399,T
8-NS,315,1376,0,1,0,1377,A
8-NS,316,1419,0,0,0,1419,A
8-NS,317,1,1427,1,2,1431,T
8-NS,318,1,1,1428,0,1430,G
8-NS,319,2,0,0,1416,1418,C
8-NS,320,1,5,0,1404,1410,C
8-NS,321,1,2,0,1401,1404,C
8-NS,322,1395,0,0,0,1395,A
8-NS,323,1400,0,0,0,1400,A
8-NS,324,0,0,1407,0,1407,G
8-NS,325,1,0,0,1407,1408,C
8-NS,326,1402,0,0,0,1402,A
8-NS,327,0,1,1412,0,1413,G
8-NS,328,1408,1,1,0,1410,A
8-NS,329,1411,0,0,0,1411,A
8-NS,330,1407,0,0,0,1407,A
8-NS,331,1396,0,0,0,1396,A
8-NS,332,1,1406,0,1,1408,T
8-NS,333,0,0,1409,0,1409,G
8-NS,334,0,2,1407,0,1409,G
8-NS,335,1407,0,1,0,1408,A
8-NS,336,1400,0,1,0,1401,A
8-NS,337,0,1,1402,0,1403,G
8-NS,338,0,2,1413,0,1415,G
8-NS,339,1415,0,0,0,1415,A
8-NS,340,0,0,0,1416,1416,C
8-NS,341,1,0,0,1415,1416,C
8-NS,342,0,1413,0,0,1413,T
8-NS,343,2,0,0,1429,1431,C
8-NS,344,0,1431,0,0,1431,T
8-NS,345,0,1433,0,0,1433,T
8-NS,346,1,1427,0,3,1431,T
8-NS,347,0,0,1433,0,1433,G
8-NS,348,0,2,0,1450,1452,C
8-NS,349,1443,0,1,0,1444,A
8-NS,350,0,1444,0,0,1444,T
8-NS,351,0,2,0,1442,1444,C
8-NS,352,1451,0,0,0,1451,A
8-NS,353,0,0,1484,0,1484,G
8-NS,354,1482,0,0,2,1484,A
8-NS,355,1485,0,1,0,1486,A
8-NS,356,0,1479,0,1,1480,T
8-NS,357,1,0,1470,0,1471,G
8-NS,358,5,2,1472,0,1479,G
8-NS,359,1472,0,1,0,1473,A
8-NS,360,0,1,1,1467,1469,C
8-NS,361,1,0,1,1436,1438,C
8-NS,362,1404,2,2,0,1408,A
8-NS,363,0,1,1418,0,1419,G
8-NS,364,0,0,1418,0,1418,G
8-NS,365,0,0,0,1420,1420,C
8-NS,366,1414,0,0,0,1414,A
8-NS,367,1413,0,0,0,1413,A
8-NS,368,0,1413,0,3,1416,T
8-NS,369,1,0,0,1412,1413,C
8-NS,370,1412,0,1,0,1413,A
8-NS,371,0,1401,0,1,1402,T
8-NS,372,0,2,1387,0,1389,G
8-NS,373,0,1,1404,0,1405,G
8-NS,374,1399,0,1,1,1401,A
8-NS,375,0,0,1426,0,1426,G
8-NS,376,1411,0,1,0,1412,A
8-NS,377,1408,0,0,0,1408,A
8-NS,378,1413,0,0,0,1413,A
8-NS,379,1416,0,0,0,1416,A
8-NS,380,1419,0,0,0,1419,A
8-NS,381,0,0,0,1416,1416,C
8-NS,382,1412,0,0,0,1412,A
8-NS,383,0,1406,0,0,1406,T
8-NS,384,2,4,0,1394,1400,C
8-NS,385,1400,0,0,0,1400,A
8-NS,386,0,1400,0,0,1400,T
8-NS,387,1,0,1397,0,1398,G
8-NS,388,0,1396,0,1,1397,T
8-NS,389,0,1391,0,0,1391,T
8-NS,390,0,1,1388,1,1390,G
8-NS,391,1387,0,2,0,1389,A
8-NS,392,1398,0,1,0,1399,A
8-NS,393,1399,0,1,0,1400,A
8-NS,394,0,0,1398,0,1398,G
8-NS,395,0,1,0,1379,1380,C
8-NS,396,0,2,1378,0,1380,G
8-NS,397,1374,0,1,0,1375,A
8-NS,398,1377,1,1,0,1379,A
8-NS,399,0,1375,0,1,1376,T
8-NS,400,0,1348,0,31,1379,T
8-NS,401,0,1377,0,1,1378,T
8-NS,402,2,0,0,1375,1377,C
8-NS,403,1342,0,0,0,1342,A
8-NS,404,0,0,1346,0,1346,G
8-NS,405,0,1368,0,1,1369,T
8-NS,406,0,0,1367,0,1367,G
8-NS,407,0,1360,0,0,1360,T
8-NS,408,1,1,1365,0,1367,G
8-NS,409,1374,0,1,0,1375,A
8-NS,410,0,1371,1,0,1372,T
8-NS,411,0,1366,0,2,1368,T
8-NS,412,0,1371,0,0,1371,T
8-NS,413,0,1367,0,1,1368,T
8-NS,414,0,1368,0,0,1368,T
8-NS,415,0,4,1340,1,1345,G
8-NS,416,1350,0,1,0,1351,A
8-NS,417,0,0,0,1346,1346,C
8-NS,418,0,0,0,1335,1335,C
8-NS,419,0,0,1339,1,1340,G
8-NS,420,1393,0,0,0,1393,A
8-NS,421,0,0,0,1423,1423,C
8-NS,422,0,1421,0,0,1421,T
8-NS,423,1428,0,1,0,1429,A
8-NS,424,0,1,1431,0,1432,G
8-NS,425,1430,0,1,0,1431,A
8-NS,426,0,3,1437,0,1440,G
8-NS,427,1440,1,2,0,1443,A
8-NS,428,0,1,0,1490,1491,C
8-NS,429,2,0,0,1448,1450,C
8-NS,430,1415,0,1,0,1416,A
8-NS,431,0,1490,0,0,1490,T
8-NS,432,1475,1,1,0,1477,A
8-NS,433,0,0,1608,0,1608,G
8-NS,434,0,1594,0,2,1596,T
8-NS,435,1591,1,1,0,1593,A
8-NS,436,1,1592,0,1,1594,T
8-NS,437,0,1549,0,1,1550,T
8-NS,438,1587,1,0,0,1588,A
8-NS,439,0,0,0,1591,1591,C
8-NS,440,0,1526,0,0,1526,T
8-NS,441,1518,0,0,0,1518,A
8-NS,442,1398,0,0,0,1398,A
8-NS,443,0,1,1404,0,1405,G
8-NS,444,0,2,1393,2,1397,G
8-NS,445,0,0,1402,0,1402,G
8-NS,446,0,0,0,1382,1382,C
8-NS,447,1,1354,0,0,1355,T
8-NS,448,0,1357,0,2,1359,T
8-NS,449,0,1369,0,0,1369,T
8-NS,450,0,1,0,1370,1371,C
8-NS,451,1386,0,2,0,1388,A
8-NS,452,0,0,1,1393,1394,C
8-NS,453,0,1,0,1379,1380,C
8-NS,454,1,0,1378,0,1379,G
8-NS,455,1376,0,1,0,1377,A
8-NS,456,1368,6,2,0,1376,A
8-NS,457,0,0,1376,1,1377,G
8-NS,458,1363,0,2,0,1365,A
8-NS,459,0,1,1365,0,1366,G
8-NS,460,2,1,1351,0,1354,G
8-NS,461,0,5,1350,0,1355,G
8-NS,462,1352,1,0,0,1353,A
8-NS,463,0,0,1354,0,1354,G
8-NS,464,0,0,0,1351,1351,C
8-NS,465,1351,1,0,0,1352,A
8-NS,466,1354,0,0,0,1354,A
8-NS,467,1,1352,0,0,1353,T
8-NS,468,0,1349,0,0,1349,T
8-NS,469,1,0,1350,0,1351,G
8-NS,470,1,1334,0,0,1335,T
8-NS,471,0,1334,0,0,1334,T
8-NS,472,0,1,1331,0,1332,G
8-NS,473,0,0,1334,0,1334,G
8-NS,474,0,0,0,1335,1335,C
8-NS,475,0,1,1335,0,1336,G
8-NS,476,1337,0,2,0,1339,A
8-NS,477,1340,0,0,0,1340,A
8-NS,478,1348,1,0,0,1349,A
8-NS,479,0,1349,0,0,1349,T
8-NS,480,2,0,0,1347,1349,C
8-NS,481,0,1344,0,0,1344,T
8-NS,482,1,0,0,1347,1348,C
8-NS,483,1347,0,1,0,1348,A
8-NS,484,0,1,0,1347,1348,C
8-NS,485,1,0,1,1347,1349,C
8-NS,486,1331,0,0,0,1331,A
8-NS,487,0,1328,0,4,1332,T
8-NS,488,1,1284,0,2,1287,T
8-NS,489,0,2,1292,0,1294,G
8-NS,490,1,0,0,1287,1288,C
8-NS,491,0,0,0,1294,1294,C
8-NS,492,1,1287,0,3,1291,T
8-NS,493,0,1282,0,2,1284,T
8-NS,494,0,1,0,1295,1296,C
8-NS,495,0,1287,1,1,1289,T
8-NS,496,0,1293,0,0,1293,T
8-NS,497,1,1311,0,1,1313,T
8-NS,498,1,1303,0,2,1306,T
8-NS,499,0,0,0,1304,1304,C
8-NS,500,0,0,0,1300,1300,C
8-NS,501,1300,0,2,0,1302,A
8-NS,502,0,1,1318,0,1319,G
8-NS,503,0,0,1318,0,1318,G
8-NS,504,1337,0,0,0,1337,A
8-NS,505,1,1,0,1336,1338,C
8-NS,506,1350,0,1,0,1351,A
8-NS,507,0,1357,0,1,1358,T
8-NS,508,1358,2,0,0,1360,A
8-NS,509,0,0,0,1458,1458,C
8-NS,510,0,1453,0,0,1453,T
8-NS,511,1443,0,0,0,1443,A
8-NS,512,0,1440,0,0,1440,T
8-NS,513,0,1398,0,0,1398,T
8-NS,514,0,0,1398,0,1398,G
8-NS,515,1352,0,1,0,1353,A
8-NS,516,0,0,1347,0,1347,G
8-NS,517,0,0,1343,0,1343,G
8-NS,518,1240,0,0,0,1240,A
8-NS,519,0,1241,0,0,1241,T
8-NS,520,0,0,1264,0,1264,G
8-NS,521,0,1255,0,1,1256,T
8-NS,522,1,0,0,1259,1260,C
8-NS,523,1261,0,1,0,1262,A
8-NS,524,1260,1,0,0,1261,A
8-NS,525,1260,0,0,0,1260,A
8-NS,526,1250,1,2,0,1253,A
8-NS,527,1255,2,0,0,1257,A
8-NS,528,0,1255,0,0,1255,T
8-NS,529,0,0,1252,0,1252,G
8-NS,530,0,0,0,1261,1261,C
8-NS,531,1259,0,0,0,1259,A
8-NS,532,1266,0,0,0,1266,A
8-NS,533,0,1270,0,2,1272,T
8-NS,534,0,1271,0,0,1271,T
8-NS,535,1,4,1263,0,1268,G
8-NS,536,0,3,1257,0,1260,G
8-NS,537,7,0,1251,0,1258,G
8-NS,538,0,1,1263,0,1264,G
8-NS,539,0,1246,0,1,1247,T
8-NS,540,1,0,0,1252,1253,C
8-NS,541,0,0,0,1254,1254,C
8-NS,542,0,1241,0,0,1241,T
8-NS,543,1,0,0,1252,1253,C
8-NS,544,1248,2,1,0,1251,A
8-NS,545,0,1252,0,1,1253,T
8-NS,546,1,1,0,1252,1254,C
8-NS,547,1,0,1243,0,1244,G
8-NS,548,0,0,1250,0,1250,G
8-NS,549,1229,0,1,1,1231,A
8-NS,550,0,0,1228,0,1228,G
8-NS,551,0,3,1230,1,1234,G
8-NS,552,1219,0,1,1,1221,A
8-NS,553,0,0,0,1234,1234,C
8-NS,554,0,1228,1,1,1230,T
8-NS,555,0,1229,0,0,1229,T
8-NS,556,0,1,1236,0,1237,G
8-NS,557,1230,0,1,0,1231,A
8-NS,558,1236,0,0,0,1236,A
8-NS,559,0,1228,0,0,1228,T
8-NS,560,0,2,1199,0,1201,G
8-NS,561,0,0,1211,0,1211,G
8-NS,562,1200,0,1,0,1201,A
8-NS,563,1209,0,1,0,1210,A
8-NS,564,0,1260,0,0,1260,T
8-NS,565,0,0,1271,0,1271,G
8-NS,566,1273,0,0,0,1273,A
8-NS,567,0,1269,0,0,1269,T
8-NS,568,1270,0,1,0,1271,A
8-NS,569,1272,2,0,0,1274,A
8-NS,570,1,0,0,1257,1258,C
8-NS,571,1240,0,0,0,1240,A
8-NS,572,0,2,0,1243,1245,C
8-NS,573,1161,0,0,0,1161,A
8-NS,574,0,0,1174,0,1174,G
8-NS,575,0,1168,0,0,1168,T
8-NS,576,1,1166,0,0,1167,T
8-NS,577,0,1,0,1164,1165,C
8-NS,578,0,0,1162,0,1162,G
8-NS,579,1160,0,0,0,1160,A
8-NS,580,0,0,1164,0,1164,G
8-NS,581,0,1148,0,3,1151,T
8-NS,582,2,0,0,1155,1157,C
8-NS,583,0,1138,0,1,1139,T
8-NS,584,1,0,0,1146,1147,C
8-NS,585,0,1143,0,3,1146,T
8-NS,586,1151,0,0,0,1151,A
8-NS,587,1147,0,1,0,1148,A
8-NS,588,1146,0,0,0,1146,A
8-NS,589,1157,0,0,0,1157,A
8-NS,590,1158,0,0,0,1158,A
8-NS,591,0,1148,0,0,1148,T
8-NS,592,0,0,0,1151,1151,C
8-NS,593,0,1137,0,0,1137,T
8-NS,594,1143,0,1,0,1144,A
8-NS,595,0,0,0,1146,1146,C
8-NS,596,1143,0,1,0,1144,A
8-NS,597,1,0,1147,0,1148,G
8-NS,598,1116,0,3,0,1119,A
8-NS,599,4,2,1115,0,1121,G
8-NS,600,1131,0,1,0,1132,A
8-NS,601,0,1121,0,0,1121,T
8-NS,602,1,1121,0,2,1124,T
8-NS,603,1,1,0,1121,1123,C
8-NS,604,0,0,1124,0,1124,G
8-NS,605,0,1,0,1122,1123,C
8-NS,606,0,1120,0,1,1121,T
8-NS,607,1,1120,0,0,1121,T
8-NS,608,0,1,1083,0,1084,G
8-NS,609,0,3,1083,0,1086,G
8-NS,610,1086,0,2,0,1088,A
8-NS,611,0,0,1087,0,1087,G
8-NS,612,1076,0,0,0,1076,A
8-NS,613,1075,0,0,0,1075,A
8-NS,614,2,0,1099,0,1101,G
8-NS,615,1,0,0,1102,1103,C
8-NS,616,1095,1,0,0,1096,A
8-NS,617,0,0,1102,0,1102,G
8-NS,618,1,1097,0,0,1098,T
8-NS,619,1099,0,1,0,1100,A
8-NS,620,1095,0,2,0,1097,A
8-NS,621,0,1095,0,0,1095,T
8-NS,622,0,0,1097,0,1097,G
8-NS,623,1054,0,0,0,1054,A
8-NS,624,0,0,1067,0,1067,G
8-NS,625,1062,0,1,0,1063,A
8-NS,626,1033,0,0,0,1033,A
8-NS,627,0,1031,0,0,1031,T
8-NS,628,0,0,1016,0,1016,G
8-NS,629,0,0,1018,0,1018,G
8-NS,630,1,2,1010,0,1013,G
8-NS,631,0,4,1000,0,1004,G
8-NS,632,2,1,995,0,998,G
8-NS,633,971,0,0,0,971,A
8-NS,634,0,922,0,1,923,T
8-NS,635,0,0,0,942,942,C
8-NS,636,0,940,0,0,940,T
8-NS,637,2,1,1,933,937,C
8-NS,638,0,1,0,933,934,C
8-NS,639,937,2,0,0,939,A
8-NS,640,0,0,0,937,937,C
8-NS,641,0,916,0,2,918,T
8-NS,642,0,919,0,1,920,T
8-NS,643,916,0,0,0,916,A
8-NS,644,0,0,1,913,914,C
8-NS,645,0,912,0,2,914,T
8-NS,646,1,5,0,902,908,C
8-NS,647,2,0,0,900,902,C
8-NS,648,897,0,2,0,899,A
8-NS,649,926,0,0,0,926,A
8-NS,650,924,0,0,1,925,A
8-NS,651,926,0,0,0,926,A
8-NS,652,0,0,0,927,927,C
8-NS,653,904,0,1,0,905,A
8-NS,654,0,1,908,0,909,G
8-NS,655,907,0,1,0,908,A
8-NS,656,905,0,0,0,905,A
8-NS,657,906,0,1,0,907,A
8-NS,658,0,2,0,906,908,C
8-NS,659,0,2,907,0,909,G
8-NS,660,0,0,909,1,910,G
8-NS,661,0,0,911,0,911,G
8-NS,662,909,0,1,0,910,A
8-NS,663,913,0,0,0,913,A
8-NS,664,911,0,1,0,912,A
8-NS,665,1,906,0,0,907,T
8-NS,666,0,1,913,0,914,G
8-NS,667,0,0,910,0,910,G
8-NS,668,0,8,0,904,912,C
8-NS,669,0,3,905,0,908,G
8-NS,670,904,0,1,0,905,A
8-NS,671,0,1,901,0,902,G
8-NS,672,898,4,0,0,902,A
8-NS,673,904,0,0,0,904,A
8-NS,674,0,0,0,905,905,C
8-NS,675,890,0,0,0,890,A
8-NS,676,0,1,894,0,895,G
8-NS,677,0,0,0,890,890,C
8-NS,678,0,889,0,1,890,T
8-NS,679,889,0,0,0,889,A
8-NS,680,0,0,880,1,881,G
8-NS,681,0,0,884,0,884,G
8-NS,682,0,878,0,2,880,T
8-NS,683,1,0,0,859,860,C
8-NS,684,854,0,1,0,855,A
8-NS,685,853,1,0,0,854,A
8-NS,686,853,0,2,0,855,A
8-NS,687,862,0,1,0,863,A
8-NS,688,0,0,863,0,863,G
8-NS,689,0,840,0,1,841,T
8-NS,690,0,837,0,0,837,T
8-NS,691,0,836,0,1,837,T
8-NS,692,0,0,839,0,839,G
8-NS,693,840,0,0,0,840,A
8-NS,694,841,1,0,0,842,A
8-NS,695,0,0,843,0,843,G
8-NS,696,826,0,0,0,826,A
8-NS,697,0,0,833,0,833,G
8-NS,698,831,0,1,0,832,A
8-NS,699,1,830,0,1,832,T
8-NS,700,827,0,2,0,829,A
8-NS,701,831,0,1,0,832,A
8-NS,702,0,0,828,0,828,G
8-NS,703,772,0,2,0,774,A
8-NS,704,0,771,0,2,773,T
8-NS,705,0,0,777,0,777,G
8-NS,706,0,0,775,0,775,G
8-NS,707,0,0,0,770,770,C
8-NS,708,0,764,0,0,764,T
8-NS,709,770,0,0,0,770,A
8-NS,710,769,0,0,0,769,A
8-NS,711,1,774,0,0,775,T
8-NS,712,0,770,0,1,771,T
8-NS,713,1,0,775,0,776,G
8-NS,714,763,0,1,0,764,A
8-NS,715,760,1,0,0,761,A
8-NS,716,0,1,758,0,759,G
8-NS,717,760,0,0,0,760,A
8-NS,718,749,0,1,0,750,A
8-NS,719,0,0,763,0,763,G
8-NS,720,0,748,0,2,750,T
8-NS,721,0,1,752,0,753,G
8-NS,722,745,0,0,0,745,A
8-NS,723,0,0,746,0,746,G
8-NS,724,745,0,3,0,748,A
8-NS,725,0,0,0,745,745,C
8-NS,726,740,0,0,0,740,A
8-NS,727,0,0,0,742,742,C
8-NS,728,710,0,0,0,710,A
8-NS,729,0,0,725,0,725,G
8-NS,730,728,0,0,0,728,A
8-NS,731,0,726,0,0,726,T
8-NS,732,1,719,0,2,722,T
8-NS,733,720,0,0,0,720,A
8-NS,734,718,0,1,0,719,A
8-NS,735,717,0,0,0,717,A
8-NS,736,719,0,0,0,719,A
8-NS,737,718,0,0,1,719,A
8-NS,738,0,0,0,688,688,C
8-NS,739,654,0,0,0,654,A
8-NS,740,655,0,0,0,655,A
8-NS,741,0,0,0,656,656,C
8-NS,742,0,652,0,2,654,T
8-NS,743,0,0,656,0,656,G
8-NS,744,656,0,0,0,656,A
8-NS,745,660,0,0,0,660,A
8-NS,746,655,0,0,0,655,A
8-NS,747,651,0,0,0,651,A
8-NS,748,1,650,0,0,651,T
8-NS,749,642,0,0,0,642,A
8-NS,750,0,0,642,0,642,G
8-NS,751,1,0,0,639,640,C
8-NS,752,0,625,0,0,625,T
8-NS,753,0,624,0,0,624,T
8-NS,754,0,619,0,0,619,T
8-NS,755,0,1,622,0,623,G
8-NS,756,624,0,0,0,624,A
8-NS,757,621,0,0,0,621,A
8-NS,758,0,0,0,626,626,C
8-NS,759,610,0,0,0,610,A
8-NS,760,611,0,0,0,611,A
8-NS,761,613,0,0,0,613,A
8-NS,762,1,610,0,1,612,T
8-NS,763,611,0,0,0,611,A
8-NS,764,599,0,1,0,600,A
8-NS,765,0,0,0,599,599,C
8-NS,766,597,0,0,0,597,A
8-NS,767,0,591,0,0,591,T
8-NS,768,0,586,0,0,586,T
8-NS,769,1,0,0,581,582,C
8-NS,770,579,0,0,0,579,A
8-NS,771,0,579,0,0,579,T
8-NS,772,0,0,578,0,578,G
8-NS,773,1,1,0,567,569,C
8-NS,774,559,0,0,0,559,A
8-NS,775,554,0,2,0,556,A
8-NS,776,0,0,556,0,556,G
8-NS,777,0,0,0,565,565,C
8-NS,778,561,0,0,0,561,A
8-NS,779,0,563,0,0,563,T
8-NS,780,0,559,0,0,559,T
8-NS,781,559,1,1,0,561,A
8-NS,782,0,2,0,555,557,C
8-NS,783,555,0,0,0,555,A
8-NS,784,551,0,0,0,551,A
8-NS,785,4,0,0,541,545,C
8-NS,786,0,472,0,0,472,T
8-NS,787,0,0,475,0,475,G
8-NS,788,0,0,0,466,466,C
8-NS,789,0,430,0,0,430,T
8-NS,790,0,0,431,0,431,G
8-NS,791,0,421,0,0,421,T
8-NS,792,0,421,0,0,421,T
8-NS,793,0,421,0,0,421,T
8-NS,794,0,0,414,0,414,G
8-NS,795,409,0,5,1,415,A
8-NS,796,407,0,0,0,407,A
8-NS,797,0,0,408,0,408,G
8-NS,798,0,407,0,0,407,T
8-NS,799,0,0,391,0,391,G
8-NS,800,1,1,390,0,392,G
8-NS,801,392,0,0,0,392,A
8-NS,802,391,0,1,0,392,A
8-NS,803,0,0,0,392,392,C
8-NS,804,381,0,0,0,381,A
8-NS,805,0,0,382,0,382,G
8-NS,806,0,0,381,0,381,G
8-NS,807,373,0,2,0,375,A
8-NS,808,1,0,378,0,379,G
8-NS,809,341,0,0,0,341,A
8-NS,810,0,339,0,0,339,T
8-NS,811,340,0,0,0,340,A
8-NS,812,339,0,0,0,339,A
8-NS,813,0,0,338,0,338,G
8-NS,814,312,0,0,0,312,A
8-NS,815,308,0,0,0,308,A
8-NS,816,0,0,0,306,306,C
8-NS,817,0,267,0,0,267,T
8-NS,818,0,258,0,0,258,T
8-NS,819,0,255,0,0,255,T
8-NS,820,0,0,0,254,254,C
8-NS,821,0,234,0,0,234,T
8-NS,822,1,0,0,229,230,C
8-NS,823,226,0,0,0,226,A
8-NS,824,0,225,0,0,225,T
8-NS,825,0,218,0,1,219,T
8-NS,826,1,217,0,0,218,T
8-NS,827,0,0,0,217,217,C
8-NS,828,209,1,0,0,210,A
8-NS,829,0,0,210,0,210,G
8-NS,830,0,0,0,209,209,C
8-NS,831,0,188,0,0,188,T
8-NS,832,0,188,0,0,188,T
8-NS,833,183,0,0,0,183,A
8-NS,834,0,183,0,0,183,T
8-NS,835,0,183,0,0,183,T
8-NS,836,0,184,0,0,184,T
8-NS,837,178,0,0,0,178,A
8-NS,838,175,0,0,0,175,A
8-NS,839,0,171,0,0,171,T
8-NS,840,0,0,169,0,169,G
8-NS,841,165,0,0,0,165,A
8-NS,842,0,149,0,0,149,T
8-NS,843,147,0,0,0,147,A
8-NS,844,147,0,0,0,147,A
8-NS,845,147,0,0,0,147,A
8-NS,846,146,0,0,0,146,A
8-NS,847,145,0,0,0,145,A
8-NS,848,143,1,0,0,144,A
8-NS,849,0,0,0,144,144,C
8-NS,850,127,0,0,0,127,A
8-NS,851,0,0,0,126,126,C
8-NS,852,0,0,0,121,121,C
8-NS,853,0,0,0,116,116,C
8-NS,854,0,111,0,0,111,T
8-NS,855,0,108,0,0,108,T
8-NS,856,0,0,110,0,110,G
8-NS,857,0,106,0,0,106,T
8-NS,858,0,103,0,0,103,T
8-NS,859,0,103,0,0,103,T
8-NS,860,0,0,0,55,55,C
8-NS,861,0,49,0,0,49,T
8-NS,862,45,0,0,0,45,A
8-NS,863,0,0,0,43,43,C
