Gene,Position,A,T,G,C,Coverage,Consensus
1-PB2,1,549,0,0,0,549,A
1-PB2,2,0,549,0,0,549,T
1-PB2,3,0,0,563,0,563,G
1-PB2,4,0,0,566,0,566,G
1-PB2,5,566,1,0,0,567,A
1-PB2,6,565,0,0,0,565,A
1-PB2,7,567,1,0,0,568,A
1-PB2,8,0,3,613,0,616,G
1-PB2,9,624,0,0,0,624,A
1-PB2,10,628,0,0,0,628,A
1-PB2,11,0,642,0,0,642,T
1-PB2,12,641,0,1,0,642,A
1-PB2,13,646,0,0,0,646,A
1-PB2,14,646,0,1,0,647,A
1-PB2,15,647,0,4,0,651,A
1-PB2,16,0,0,679,0,679,G
1-PB2,17,685,0,0,0,685,A
1-PB2,18,684,0,0,0,684,A
1-PB2,19,0,0,0,703,703,C
1-PB2,20,0,700,0,1,701,T
1-PB2,21,719,0,0,0,719,A
1-PB2,22,0,0,0,719,719,C
1-PB2,23,0,0,719,0,719,G
1-PB2,24,0,3,733,0,736,G
1-PB2,25,741,0,0,0,741,A
1-PB2,26,767,0,0,0,767,A
1-PB2,27,0,766,0,0,766,T
1-PB2,28,1,0,0,770,771,C
1-PB2,29,0,769,0,2,771,T
1-PB2,30,0,2,778,0,780,G
1-PB2,31,780,0,1,0,781,A
1-PB2,32,1,782,0,0,783,T
1-PB2,33,0,1,785,0,786,G
1-PB2,34,1,793,0,2,796,T
1-PB2,35,0,0,0,793,793,C
1-PB2,36,0,0,794,0,794,G
1-PB2,37,1,0,0,796,797,C
1-PB2,38,795,0,0,0,795,A
1-PB2,39,0,0,840,0,840,G
1-PB2,40,0,839,0,1,840,T
1-PB2,41,2,0,0,845,847,C
1-PB2,42,0,847,0,0,847,T
1-PB2,43,2,0,0,845,847,C
1-PB2,44,2,1,842,0,845,G
1-PB2,45,0,2,0,847,849,C
1-PB2,46,849,0,0,0,849,A
1-PB2,47,0,0,0,860,860,C
1-PB2,48,0,854,0,1,855,T
1-PB2,49,3,1,0,876,880,C
1-PB2,50,1,2,878,0,881,G
1-PB2,51,0,0,0,879,879,C
1-PB2,52,1,5,875,0,881,G
1-PB2,53,891,0,0,0,891,A
1-PB2,54,0,1,897,0,898,G
1-PB2,55,917,0,0,0,917,A
1-PB2,56,0,917,0,0,917,T
1-PB2,57,918,0,1,0,919,A
1-PB2,58,2,0,0,917,919,C
1-PB2,59,0,911,0,1,912,T
1-PB2,60,0,6,934,1,941,G
1-PB2,61,940,0,1,0,941,A
1-PB2,62,0,0,0,957,957,C
1-PB2,63,958,0,0,0,958,A
1-PB2,64,956,0,0,0,956,A
1-PB2,65,966,0,2,0,968,A
1-PB2,66,979,1,0,0,980,A
1-PB2,67,974,0,5,0,979,A
1-PB2,68,0,0,0,1002,1002,C
1-PB2,69,2,1,0,996,999,C
1-PB2,70,1020,0,1,0,1021,A
1-PB2,71,0,1,1,1027,1029,C
1-PB2,72,1031,0,0,0,1031,A
1-PB2,73,1,0,1062,0,1063,G
1-PB2,74,1,1063,0,0,1064,T
1-PB2,75,0,1,1096,0,1097,G
1-PB2,76,0,1,1104,0,1105,G
1-PB2,77,1096,0,2,0,1098,A
1-PB2,78,0,0,0,1158,1158,C
1-PB2,79,1,0,0,1154,1155,C
1-PB2,80,1166,0,1,0,1167,A
1-PB2,81,0,1170,0,0,1170,T
1-PB2,82,1161,1,1,0,1163,A
1-PB2,83,0,1161,0,1,1162,T
1-PB2,84,0,1,1170,1,1172,G
1-PB2,85,2,1,1181,0,1184,G
1-PB2,86,0,0,0,1182,1182,C
1-PB2,87,3,1,0,1167,1171,C
1-PB2,88,1171,0,0,0,1171,A
1-PB2,89,2,1241,0,0,1243,T
1-PB2,90,1249,0,0,0,1249,A
1-PB2,91,1309,0,1,0,1310,A
1-PB2,92,0,1312,0,0,1312,T
1-PB2,93,0,1306,0,0,1306,T
1-PB2,94,1325,0,0,0,1325,A
1-PB2,95,1323,0,0,0,1323,A
1-PB2,96,0,1,1363,0,1364,G
1-PB2,97,1359,0,0,0,1359,A
1-PB2,98,1345,0,1,0,1346,A
1-PB2,99,0,1,1405,0,1406,G
1-PB2,100,0,1395,0,1,1396,T
1-PB2,101,1400,0,3,0,1403,A
1-PB2,102,0,0,0,1409,1409,C
1-PB2,103,1410,0,3,0,1413,A
1-PB2,104,0,1,0,1444,1445,C
1-PB2,105,1435,0,1,0,1436,A
1-PB2,106,0,1441,0,0,1441,T
1-PB2,107,1,0,0,1443,1444,C
1-PB2,108,0,3,1432,0,1435,G
1-PB2,109,0,5,1432,1,1438,G
1-PB2,110,2,3,1432,0,1437,G
1-PB2,111,0,1,1439,0,1440,G
1-PB2,112,1437,0,0,0,1437,A
1-PB2,113,0,1,1433,0,1434,G
1-PB2,114,1422,0,1,1,1424,A
1-PB2,115,0,1,0,1443,1444,C
1-PB2,116,1438,1,1,0,1440,A
1-PB2,117,0,2,1453,0,1455,G
1-PB2,118,0,3,1480,0,1483,G
1-PB2,119,1484,0,1,0,1485,A
1-PB2,120,1486,0,1,0,1487,A
1-PB2,121,1487,0,1,0,1488,A
1-PB2,122,1485,0,2,0,1487,A
1-PB2,123,0,4,1481,0,1485,G
1-PB2,124,1483,0,2,0,1485,A
1-PB2,125,1489,0,0,0,1489,A
1-PB2,126,0,0,0,1483,1483,C
1-PB2,127,3,0,1,1474,1478,C
1-PB2,128,2,0,0,1474,1476,C
1-PB2,129,2,1,1478,0,1481,G
1-PB2,130,0,1475,0,3,1478,T
1-PB2,131,4,0,0,1478,1482,C
1-PB2,132,1499,0,1,0,1500,A
1-PB2,133,1,0,0,1510,1511,C
1-PB2,134,0,1510,0,0,1510,T
1-PB2,135,0,1507,0,1,1508,T
1-PB2,136,1515,0,0,0,1515,A
1-PB2,137,0,3,1535,0,1538,G
1-PB2,138,1,5,1536,0,1542,G
1-PB2,139,1542,0,0,0,1542,A
1-PB2,140,1,1535,0,0,1536,T
1-PB2,141,0,5,1562,2,1569,G
1-PB2,142,1590,0,1,0,1591,A
1-PB2,143,1588,0,3,0,1591,A
1-PB2,144,1590,0,3,0,1593,A
1-PB2,145,0,1592,0,0,1592,T
1-PB2,146,1,3,1589,0,1593,G
1-PB2,147,0,1,1597,0,1598,G
1-PB2,148,1601,1,0,0,1602,A
1-PB2,149,0,1599,0,1,1600,T
1-PB2,150,0,6,1586,0,1592,G
1-PB2,151,1578,1,3,0,1582,A
1-PB2,152,2,1586,0,0,1588,T
1-PB2,153,0,7,1583,0,1590,G
1-PB2,154,0,1,1599,0,1600,G
1-PB2,155,0,1,0,1601,1602,C
1-PB2,156,1597,2,0,0,1599,A
1-PB2,157,1616,1,0,0,1617,A
1-PB2,158,0,1619,0,0,1619,T
1-PB2,159,2,3,1652,0,1657,G
1-PB2,160,1658,0,0,0,1658,A
1-PB2,161,1650,1,3,0,1654,A
1-PB2,162,1656,1,1,0,1658,A
1-PB2,163,0,1669,0,0,1669,T
1-PB2,164,1676,0,1,0,1677,A
1-PB2,165,0,0,0,1707,1707,C
1-PB2,166,2,0,0,1693,1695,C
1-PB2,167,3,1,0,1690,1694,C
1-PB2,168,1688,1,1,0,1690,A
1-PB2,169,1693,1,0,0,1694,A
1-PB2,170,0,1689,0,0,1689,T
1-PB2,171,5,1,0,1688,1694,C
1-PB2,172,1687,0,1,0,1688,A
1-PB2,173,0,0,0,1719,1719,C
1-PB2,174,0,1697,0,0,1697,T
1-PB2,175,0,0,1708,0,1708,G
1-PB2,176,0,0,0,1705,1705,C
1-PB2,177,0,1704,0,2,1706,T
1-PB2,178,0,5,1715,0,1720,G
1-PB2,179,1726,0,1,0,1727,A
1-PB2,180,0,0,0,1738,1738,C
1-PB2,181,1738,0,0,0,1738,A
1-PB2,182,1725,0,0,0,1725,A
1-PB2,183,1728,1,2,0,1731,A
1-PB2,184,1724,0,8,0,1732,A
1-PB2,185,1,1,1760,0,1762,G
1-PB2,186,0,3,1757,0,1760,G
1-PB2,187,1751,0,0,0,1751,A
1-PB2,188,0,1753,0,0,1753,T
1-PB2,189,1739,0,1,0,1740,A
1-PB2,190,1755,0,3,0,1758,A
1-PB2,191,0,0,0,1784,1784,C
1-PB2,192,1780,0,0,2,1782,A
1-PB2,193,1,1,1791,0,1793,G
1-PB2,194,1776,0,1,0,1777,A
1-PB2,195,1770,1,2,1,1774,A
1-PB2,196,1774,0,3,0,1777,A
1-PB2,197,0,1771,0,0,1771,T
1-PB2,198,0,11,1764,0,1775,G
1-PB2,199,0,2,1787,0,1789,G
1-PB2,200,2,1769,0,2,1773,T
1-PB2,201,1,1771,0,1,1773,T
1-PB2,202,2,1,0,1766,1769,C
1-PB2,203,2,3,0,1766,1771,C
1-PB2,204,0,4,1779,0,1783,G
1-PB2,205,0,3,1778,0,1781,G
1-PB2,206,1775,0,2,0,1777,A
1-PB2,207,0,2,1781,0,1783,G
1-PB2,208,1771,0,1,0,1772,A
1-PB2,209,0,5,1792,0,1797,G
1-PB2,210,1795,2,1,0,1798,A
1-PB2,211,1799,0,0,0,1799,A
1-PB2,212,1799,0,1,0,1800,A
1-PB2,213,0,1789,0,0,1789,T
1-PB2,214,1,7,1808,0,1816,G
1-PB2,215,1821,2,0,0,1823,A
1-PB2,216,1820,0,3,0,1823,A
1-PB2,217,1,0,1,1817,1819,C
1-PB2,218,1808,0,0,0,1808,A
1-PB2,219,1813,0,3,0,1816,A
1-PB2,220,0,3,1848,0,1851,G
1-PB2,221,1,7,1867,0,1875,G
1-PB2,222,1877,0,3,1,1881,A
1-PB2,223,0,1,0,1872,1873,C
1-PB2,224,1868,0,1,0,1869,A
1-PB2,225,1874,1,0,1,1876,A
1-PB2,226,1868,0,3,1,1872,A
1-PB2,227,0,0,0,1864,1864,C
1-PB2,228,3,0,0,1820,1823,C
1-PB2,229,3,1,1,1969,1974,C
1-PB2,230,0,1972,0,0,1972,T
1-PB2,231,1990,0,2,0,1992,A
1-PB2,232,0,1987,1,0,1988,T
1-PB2,233,1,3,1990,0,1994,G
1-PB2,234,0,6,2035,0,2041,G
1-PB2,235,1964,0,1,1,1966,A
1-PB2,236,0,0,1981,0,1981,G
1-PB2,237,0,1971,0,1,1972,T
1-PB2,238,1960,0,0,0,1960,A
1-PB2,239,1961,2,0,1,1964,A
1-PB2,240,1961,0,0,0,1961,A
1-PB2,241,1966,0,0,0,1966,A
1-PB2,242,0,1949,0,1,1950,T
1-PB2,243,4,11,1933,0,1948,G
1-PB2,244,1921,0,0,1,1922,A
1-PB2,245,0,2,1923,0,1925,G
1-PB2,246,0,1912,0,4,1916,T
1-PB2,247,0,2,1912,0,1914,G
1-PB2,248,1945,1,1,0,1947,A
1-PB2,249,0,1954,0,2,1956,T
1-PB2,250,0,2,1957,0,1959,G
1-PB2,251,0,0,0,1959,1959,C
1-PB2,252,0,1946,0,2,1948,T
1-PB2,253,0,3,2008,0,2011,G
1-PB2,254,0,6,2013,0,2019,G
1-PB2,255,2041,1,1,0,2043,A
1-PB2,256,0,2035,0,2,2037,T
1-PB2,257,4,1,0,2032,2037,C
1-PB2,258,2038,0,0,0,2038,A
1-PB2,259,0,4,2089,0,2093,G
1-PB2,260,2088,0,2,0,2090,A
1-PB2,261,0,2090,1,1,2092,T
1-PB2,262,2033,0,0,0,2033,A
1-PB2,263,0,3,2091,0,2094,G
1-PB2,264,2078,0,4,0,2082,A
1-PB2,265,2,2,2103,0,2107,G
1-PB2,266,0,2076,1,2,2079,T
1-PB2,267,0,11,2062,0,2073,G
1-PB2,268,2040,0,3,0,2043,A
1-PB2,269,0,2043,1,0,2044,T
1-PB2,270,1,8,2058,0,2067,G
1-PB2,271,0,0,2099,0,2099,G
1-PB2,272,1,2072,0,1,2074,T
1-PB2,273,2067,1,0,0,2068,A
1-PB2,274,0,2046,0,2,2048,T
1-PB2,275,5,1,0,2044,2050,C
1-PB2,276,2085,0,1,0,2086,A
1-PB2,277,0,1,0,2117,2118,C
1-PB2,278,0,0,0,2116,2116,C
1-PB2,279,0,2061,0,10,2071,T
1-PB2,280,0,2056,0,1,2057,T
1-PB2,281,0,2049,0,2,2051,T
1-PB2,282,1,5,2070,0,2076,G
1-PB2,283,0,0,2079,0,2079,G
1-PB2,284,2,3,0,2097,2102,C
1-PB2,285,0,2066,0,9,2075,T
1-PB2,286,1,0,2091,0,2092,G
1-PB2,287,0,2094,0,1,2095,T
1-PB2,288,2099,1,0,0,2100,A
1-PB2,289,2115,0,2,0,2117,A
1-PB2,290,0,1,0,2114,2115,C
1-PB2,291,2079,0,1,1,2081,A
1-PB2,292,1,2083,0,1,2085,T
1-PB2,293,0,6,2054,0,2060,G
1-PB2,294,0,2,2108,0,2110,G
1-PB2,295,1,2099,0,1,2101,T
1-PB2,296,1,4,2083,0,2088,G
1-PB2,297,0,6,2114,0,2120,G
1-PB2,298,2108,1,0,0,2109,A
1-PB2,299,2124,0,4,0,2128,A
1-PB2,300,0,2121,0,1,2122,T
1-PB2,301,2115,0,1,1,2117,A
1-PB2,302,0,2,2149,0,2151,G
1-PB2,303,2131,0,1,0,2132,A
1-PB2,304,2131,0,0,0,2131,A
1-PB2,305,2126,0,3,0,2129,A
1-PB2,306,0,2093,0,0,2093,T
1-PB2,307,1,3,2089,1,2094,G
1-PB2,308,1,8,2090,0,2099,G
1-PB2,309,2100,0,2,0,2102,A
1-PB2,310,1,1,0,2115,2117,C
1-PB2,311,0,1,0,2087,2088,C
1-PB2,312,2,3,0,2087,2092,C
1-PB2,313,1,0,2098,1,2100,G
1-PB2,314,0,2107,0,1,2108,T
1-PB2,315,0,10,2136,1,2147,G
1-PB2,316,2141,0,2,0,2143,A
1-PB2,317,1,4,0,2144,2149,C
1-PB2,318,2151,0,1,0,2152,A
1-PB2,319,2148,0,2,0,2150,A
1-PB2,320,0,3,2208,0,2211,G
1-PB2,321,0,2210,0,1,2211,T
1-PB2,322,2204,0,1,0,2205,A
1-PB2,323,0,1,0,2197,2198,C
1-PB2,324,1,1,2159,0,2161,G
1-PB2,325,0,0,2227,0,2227,G
1-PB2,326,0,2224,0,2,2226,T
1-PB2,327,3,1,0,2242,2246,C
1-PB2,328,2,1,0,2244,2247,C
1-PB2,329,2214,3,0,0,2217,A
1-PB2,330,0,2222,0,1,2223,T
1-PB2,331,0,2219,0,1,2220,T
1-PB2,332,2311,0,0,0,2311,A
1-PB2,333,2,0,0,2302,2304,C
1-PB2,334,2,2,0,2260,2264,C
1-PB2,335,3,1,0,2248,2252,C
1-PB2,336,2241,0,1,0,2242,A
1-PB2,337,2255,0,1,0,2256,A
1-PB2,338,2250,0,0,0,2250,A
1-PB2,339,2247,0,1,0,2248,A
1-PB2,340,0,0,2279,0,2279,G
1-PB2,341,1,2207,0,0,2208,T
1-PB2,342,1,1,2249,0,2251,G
1-PB2,343,1,2249,0,0,2250,T
1-PB2,344,2242,2,1,0,2245,A
1-PB2,345,2,2,0,2243,2247,C
1-PB2,346,2240,1,0,0,2241,A
1-PB2,347,2244,0,0,0,2244,A
1-PB2,348,0,8,2250,0,2258,G
1-PB2,349,2243,0,3,1,2247,A
1-PB2,350,2,1,0,2237,2240,C
1-PB2,351,0,2210,1,3,2214,T
1-PB2,352,0,2227,0,2,2229,T
1-PB2,353,2232,0,0,0,2232,A
1-PB2,354,0,2229,0,0,2229,T
1-PB2,355,0,2230,1,0,2231,T
1-PB2,356,0,2222,0,0,2222,T
1-PB2,357,3,0,0,2201,2204,C
1-PB2,358,1,10,2188,0,2199,G
1-PB2,359,2196,1,2,0,2199,A
1-PB2,360,1,1,0,2197,2199,C
1-PB2,361,2187,0,4,0,2191,A
1-PB2,362,2183,1,0,1,2185,A
1-PB2,363,2194,0,3,0,2197,A
1-PB2,364,1,0,2230,0,2231,G
1-PB2,365,0,2226,0,0,2226,T
1-PB2,366,8,1,0,2211,2220,C
1-PB2,367,0,8,2217,0,2225,G
1-PB2,368,2220,1,1,0,2222,A
1-PB2,369,1,10,2196,0,2207,G
1-PB2,370,2201,0,2,0,2203,A
1-PB2,371,0,3,2281,0,2284,G
1-PB2,372,0,1,2297,0,2298,G
1-PB2,373,0,2272,0,0,2272,T
1-PB2,374,1,2268,0,2,2271,T
1-PB2,375,2270,1,0,0,2271,A
1-PB2,376,2269,1,2,0,2272,A
1-PB2,377,2269,0,0,1,2270,A
1-PB2,378,2294,0,5,2,2301,A
1-PB2,379,0,1,0,2323,2324,C
1-PB2,380,2253,0,1,1,2255,A
1-PB2,381,2,2241,0,1,2244,T
1-PB2,382,0,3,2237,1,2241,G
1-PB2,383,0,4,2242,1,2247,G
1-PB2,384,2250,0,0,1,2251,A
1-PB2,385,2261,0,0,0,2261,A
1-PB2,386,3,0,0,2320,2323,C
1-PB2,387,5,1,2,2331,2339,C
1-PB2,388,0,2319,0,1,2320,T
1-PB2,389,1,2321,0,0,2322,T
1-PB2,390,0,2321,0,1,2322,T
1-PB2,391,1,5,2307,0,2313,G
1-PB2,392,0,3,2320,0,2323,G
1-PB2,393,0,2,0,2314,2316,C
1-PB2,394,7,0,0,2304,2311,C
1-PB2,395,2,0,0,2299,2301,C
1-PB2,396,2,2234,0,5,2241,T
1-PB2,397,1,0,2267,0,2268,G
1-PB2,398,1,2259,0,1,2261,T
1-PB2,399,0,2264,1,4,2269,T
1-PB2,400,7,1,0,2262,2270,C
1-PB2,401,2243,0,0,1,2244,A
1-PB2,402,0,2240,0,1,2241,T
1-PB2,403,0,2244,0,0,2244,T
1-PB2,404,0,2243,1,1,2245,T
1-PB2,405,0,2246,0,0,2246,T
1-PB2,406,2217,0,2,0,2219,A
1-PB2,407,0,7,2209,1,2217,G
1-PB2,408,2213,0,2,0,2215,A
1-PB2,409,2219,0,1,0,2220,A
1-PB2,410,2221,0,0,1,2222,A
1-PB2,411,0,2216,0,0,2216,T
1-PB2,412,4,0,0,2217,2221,C
1-PB2,413,2219,0,0,0,2219,A
1-PB2,414,2231,0,1,0,2232,A
1-PB2,415,1,0,2239,0,2240,G
1-PB2,416,0,2235,0,0,2235,T
1-PB2,417,3,0,0,2237,2240,C
1-PB2,418,2250,0,1,0,2251,A
1-PB2,419,2246,1,7,0,2254,A
1-PB2,420,0,0,2262,0,2262,G
1-PB2,421,2257,0,1,0,2258,A
1-PB2,422,0,2255,0,1,2256,T
1-PB2,423,2266,0,2,0,2268,A
1-PB2,424,1,0,0,2255,2256,C
1-PB2,425,1,0,2256,0,2257,G
1-PB2,426,0,1,0,2296,2297,C
1-PB2,427,2271,0,2,0,2273,A
1-PB2,428,0,1,2294,0,2295,G
1-PB2,429,2289,0,0,0,2289,A
1-PB2,430,2295,1,5,0,2301,A
1-PB2,431,0,11,2323,0,2334,G
1-PB2,432,2290,0,1,0,2291,A
1-PB2,433,2,0,2303,0,2305,G
1-PB2,434,0,2299,0,0,2299,T
1-PB2,435,2284,1,1,0,2286,A
1-PB2,436,0,6,2306,1,2313,G
1-PB2,437,2301,0,4,0,2305,A
1-PB2,438,1,20,0,2355,2376,C
1-PB2,439,2342,0,1,0,2343,A
1-PB2,440,1,2314,0,1,2316,T
1-PB2,441,2307,0,1,0,2308,A
1-PB2,442,2300,0,0,0,2300,A
1-PB2,443,2316,0,2,0,2318,A
1-PB2,444,3,9,0,2308,2320,C
1-PB2,445,4,0,0,2287,2291,C
1-PB2,446,7,0,0,2264,2271,C
1-PB2,447,0,2132,1,1,2134,T
1-PB2,448,0,0,2152,0,2152,G
1-PB2,449,1,1,2186,0,2188,G
1-PB2,450,0,2181,0,2,2183,T
1-PB2,451,9,1,0,2168,2178,C
1-PB2,452,2190,1,0,0,2191,A
1-PB2,453,0,2189,0,0,2189,T
1-PB2,454,0,0,2199,0,2199,G
1-PB2,455,0,1,0,2203,2204,C
1-PB2,456,2176,0,5,0,2181,A
1-PB2,457,0,4,2192,1,2197,G
1-PB2,458,2153,0,2,0,2155,A
1-PB2,459,0,1,0,2171,2172,C
1-PB2,460,1,1,0,2164,2166,C
1-PB2,461,0,2117,0,5,2122,T
1-PB2,462,2,0,0,2126,2128,C
1-PB2,463,2112,0,0,0,2112,A
1-PB2,464,0,2,2155,0,2157,G
1-PB2,465,0,2142,0,1,2143,T
1-PB2,466,2,1,2139,0,2142,G
1-PB2,467,0,1,0,2142,2143,C
1-PB2,468,7,0,1,2098,2106,C
1-PB2,469,2119,0,2,1,2122,A
1-PB2,470,2122,0,0,0,2122,A
1-PB2,471,2110,0,3,0,2113,A
1-PB2,472,0,3,2124,0,2127,G
1-PB2,473,2079,0,1,0,2080,A
1-PB2,474,0,5,2086,0,2091,G
1-PB2,475,0,1,2081,0,2082,G
1-PB2,476,2,2,1,2074,2079,C
1-PB2,477,2082,0,2,0,2084,A
1-PB2,478,4,0,0,2076,2080,C
1-PB2,479,2080,0,0,0,2080,A
1-PB2,480,2125,0,2,0,2127,A
1-PB2,481,0,3,2138,0,2141,G
1-PB2,482,2180,0,2,0,2182,A
1-PB2,483,0,2159,0,0,2159,T
1-PB2,484,0,0,2166,0,2166,G
1-PB2,485,0,2162,0,0,2162,T
1-PB2,486,2169,0,2,0,2171,A
1-PB2,487,2173,0,1,0,2174,A
1-PB2,488,1,2175,0,0,2176,T
1-PB2,489,0,2090,0,0,2090,T
1-PB2,490,2083,0,0,0,2083,A
1-PB2,491,0,2030,0,0,2030,T
1-PB2,492,0,1,2025,0,2026,G
1-PB2,493,0,3,2033,0,2036,G
1-PB2,494,2018,0,1,0,2019,A
1-PB2,495,2007,1,0,0,2008,A
1-PB2,496,0,1,2007,0,2008,G
1-PB2,497,0,2006,0,0,2006,T
1-PB2,498,0,2004,0,2,2006,T
1-PB2,499,0,1,2010,0,2011,G
1-PB2,500,1,2010,1,1,2013,T
1-PB2,501,0,2003,0,1,2004,T
1-PB2,502,1,1999,1,4,2005,T
1-PB2,503,0,2016,0,0,2016,T
1-PB2,504,0,2023,0,0,2023,T
1-PB2,505,3,0,0,2016,2019,C
1-PB2,506,3,0,0,2029,2032,C
1-PB2,507,5,0,1,2029,2035,C
1-PB2,508,2034,0,0,0,2034,A
1-PB2,509,2035,0,0,0,2035,A
1-PB2,510,0,2044,0,0,2044,T
1-PB2,511,2,7,2046,0,2055,G
1-PB2,512,2059,0,0,0,2059,A
1-PB2,513,2044,0,2,0,2046,A
1-PB2,514,0,1,2061,0,2062,G
1-PB2,515,0,2049,0,1,2050,T
1-PB2,516,1,5,2041,0,2047,G
1-PB2,517,1,2,2037,0,2040,G
1-PB2,518,0,2,2037,0,2039,G
1-PB2,519,2041,0,7,0,2048,A
1-PB2,520,0,0,2049,0,2049,G
1-PB2,521,2,0,0,2046,2048,C
1-PB2,522,4,0,0,2043,2047,C
1-PB2,523,2038,0,3,0,2041,A
1-PB2,524,1,3,2081,0,2085,G
1-PB2,525,2,2,2085,1,2090,G
1-PB2,526,2099,0,2,0,2101,A
1-PB2,527,0,2095,0,1,2096,T
1-PB2,528,2107,1,0,0,2108,A
1-PB2,529,0,1,2,2104,2107,C
1-PB2,530,0,2099,0,1,2100,T
1-PB2,531,2092,0,1,0,2093,A
1-PB2,532,2082,0,0,0,2082,A
1-PB2,533,1,1,0,2081,2083,C
1-PB2,534,2038,0,2,0,2040,A
1-PB2,535,0,2007,0,1,2008,T
1-PB2,536,4,0,0,2010,2014,C
1-PB2,537,1989,0,1,0,1990,A
1-PB2,538,0,4,2012,1,2017,G
1-PB2,539,2012,1,1,0,2014,A
1-PB2,540,2012,0,1,0,2013,A
1-PB2,541,0,2013,0,3,2016,T
1-PB2,542,6,0,3,1969,1978,C
1-PB2,543,1986,0,0,0,1986,A
1-PB2,544,2,0,0,2017,2019,C
1-PB2,545,2011,0,1,0,2012,A
1-PB2,546,2019,0,1,0,2020,A
1-PB2,547,1,1990,0,0,1991,T
1-PB2,548,0,1990,0,2,1992,T
1-PB2,549,2001,0,1,0,2002,A
1-PB2,550,2009,0,7,0,2016,A
1-PB2,551,1,0,0,2016,2017,C
1-PB2,552,2001,0,0,0,2001,A
1-PB2,553,1989,1,0,0,1990,A
1-PB2,554,0,1995,0,2,1997,T
1-PB2,555,1986,0,2,1,1989,A
1-PB2,556,1997,1,0,0,1998,A
1-PB2,557,0,0,0,1993,1993,C
1-PB2,558,0,1987,0,3,1990,T
1-PB2,559,1991,0,0,0,1991,A
1-PB2,560,1983,0,1,0,1984,A
1-PB2,561,1978,0,3,0,1981,A
1-PB2,562,0,4,1979,0,1983,G
1-PB2,563,1951,0,2,0,1953,A
1-PB2,564,0,5,1963,0,1968,G
1-PB2,565,1957,0,1,0,1958,A
1-PB2,566,1944,1,3,1,1949,A
1-PB2,567,1949,1,0,1,1951,A
1-PB2,568,1949,0,0,1,1950,A
1-PB2,569,1960,1,1,0,1962,A
1-PB2,570,1953,1,4,0,1958,A
1-PB2,571,1,2,1955,0,1958,G
1-PB2,572,1955,0,3,0,1958,A
1-PB2,573,1939,0,4,0,1943,A
1-PB2,574,0,3,1955,0,1958,G
1-PB2,575,1947,0,2,0,1949,A
1-PB2,576,1957,0,1,0,1958,A
1-PB2,577,1,0,0,1955,1956,C
1-PB2,578,0,1930,0,4,1934,T
1-PB2,579,0,0,0,1942,1942,C
1-PB2,580,4,1,1,1936,1942,C
1-PB2,581,0,5,1941,1,1947,G
1-PB2,582,1941,1,4,0,1946,A
1-PB2,583,1,2,1945,0,1948,G
1-PB2,584,1940,0,0,0,1940,A
1-PB2,585,0,1927,0,0,1927,T
1-PB2,586,1,1910,0,1,1912,T
1-PB2,587,0,0,1916,0,1916,G
1-PB2,588,2,1,1,1911,1915,C
1-PB2,589,1919,0,1,0,1920,A
1-PB2,590,1920,0,0,0,1920,A
1-PB2,591,1923,0,0,0,1923,A
1-PB2,592,1942,0,0,0,1942,A
1-PB2,593,0,1932,0,2,1934,T
1-PB2,594,0,1927,0,0,1927,T
1-PB2,595,0,1925,1,2,1928,T
1-PB2,596,2,1,0,1929,1932,C
1-PB2,597,2,1905,0,4,1911,T
1-PB2,598,3,0,0,1990,1993,C
1-PB2,599,2,1,0,2003,2006,C
1-PB2,600,4,1,0,2114,2119,C
1-PB2,601,0,2089,0,1,2090,T
1-PB2,602,1,2118,0,1,2120,T
1-PB2,603,0,5,2125,0,2130,G
1-PB2,604,2122,0,3,0,2125,A
1-PB2,605,1,2157,0,0,2158,T
1-PB2,606,1,7,2191,0,2199,G
1-PB2,607,2,1,2373,1,2377,G
1-PB2,608,2,2413,0,1,2416,T
1-PB2,609,1,2393,1,3,2398,T
1-PB2,610,1,0,2554,0,2555,G
1-PB2,611,5,1,0,2563,2569,C
1-PB2,612,2622,0,0,0,2622,A
1-PB2,613,0,2623,0,1,2624,T
1-PB2,614,2633,0,1,7,2641,A
1-PB2,615,1,0,0,2739,2740,C
1-PB2,616,2986,1,0,10,2997,A
1-PB2,617,1,3034,0,2,3037,T
1-PB2,618,0,4,3190,0,3194,G
1-PB2,619,1,3157,0,3,3161,T
1-PB2,620,0,3158,0,4,3162,T
1-PB2,621,3141,0,1,0,3142,A
1-PB2,622,1,4,3142,0,3147,G
1-PB2,623,3172,0,6,0,3178,A
1-PB2,624,0,12,3203,0,3215,G
1-PB2,625,3100,0,2,0,3102,A
1-PB2,626,0,5,3113,0,3118,G
1-PB2,627,3059,0,8,0,3067,A
1-PB2,628,0,9,3072,0,3081,G
1-PB2,629,3092,1,1,0,3094,A
1-PB2,630,3101,1,1,0,3103,A
1-PB2,631,0,0,0,3123,3123,C
1-PB2,632,1,3100,0,2,3103,T
1-PB2,633,1,3097,0,0,3098,T
1-PB2,634,0,0,3103,0,3103,G
1-PB2,635,1,3094,0,0,3095,T
1-PB2,636,3102,0,4,0,3106,A
1-PB2,637,3,1,1,3089,3094,C
1-PB2,638,1,7,3080,0,3088,G
1-PB2,639,3094,0,3,0,3097,A
1-PB2,640,3092,0,0,0,3092,A
1-PB2,641,3135,0,0,0,3135,A
1-PB2,642,3133,3,1,0,3137,A
1-PB2,643,3133,1,2,1,3137,A
1-PB2,644,1,1,0,3146,3148,C
1-PB2,645,3146,0,2,0,3148,A
1-PB2,646,3155,0,0,0,3155,A
1-PB2,647,0,3,3176,0,3179,G
1-PB2,648,3181,0,2,0,3183,A
1-PB2,649,1,3177,0,2,3180,T
1-PB2,650,0,3170,0,3,3173,T
1-PB2,651,1,3189,1,1,3192,T
1-PB2,652,7,0,0,3192,3199,C
1-PB2,653,0,3197,0,7,3204,T
1-PB2,654,7,1,0,3215,3223,C
1-PB2,655,2,1,0,3202,3205,C
1-PB2,656,4,2,1,3210,3217,C
1-PB2,657,3211,0,0,0,3211,A
1-PB2,658,0,3,3235,0,3238,G
1-PB2,659,0,3239,0,3,3242,T
1-PB2,660,1,3225,0,0,3226,T
1-PB2,661,3,1,3222,0,3226,G
1-PB2,662,1,0,0,3219,3220,C
1-PB2,663,0,3218,1,2,3221,T
1-PB2,664,5,4,3221,0,3230,G
1-PB2,665,1,1,3232,0,3234,G
1-PB2,666,2,1,0,3234,3237,C
1-PB2,667,1,3,3221,1,3226,G
1-PB2,668,2,10,3257,0,3269,G
1-PB2,669,3276,0,5,0,3281,A
1-PB2,670,3276,2,5,0,3283,A
1-PB2,671,2,1,0,3282,3285,C
1-PB2,672,3302,1,1,0,3304,A
1-PB2,673,3292,1,2,0,3295,A
1-PB2,674,0,0,3442,0,3442,G
1-PB2,675,2,1,0,3488,3491,C
1-PB2,676,3524,0,0,0,3524,A
1-PB2,677,1,2,4320,0,4323,G
1-PB2,678,0,4311,2,0,4313,T
1-PB2,679,4348,1,1,0,4350,A
1-PB2,680,0,4343,0,1,4344,T
1-PB2,681,4345,0,5,0,4350,A
1-PB2,682,0,4351,0,2,4353,T
1-PB2,683,4282,0,2,0,4284,A
1-PB2,684,1,1,1,4314,4317,C
1-PB2,685,4145,0,0,0,4145,A
1-PB2,686,0,3938,0,1,3939,T
1-PB2,687,0,3806,1,1,3808,T
1-PB2,688,3,7,3795,1,3806,G
1-PB2,689,3797,2,0,0,3799,A
1-PB2,690,3785,0,2,0,3787,A
1-PB2,691,2,0,3829,0,3831,G
1-PB2,692,1,3804,0,4,3809,T
1-PB2,693,0,3771,0,1,3772,T
1-PB2,694,0,3779,0,1,3780,T
1-PB2,695,0,3786,1,1,3788,T
1-PB2,696,3814,0,5,0,3819,A
1-PB2,697,2,3,0,3841,3846,C
1-PB2,698,3841,2,1,0,3844,A
1-PB2,699,1,3835,0,2,3838,T
1-PB2,700,1,3810,0,0,3811,T
1-PB2,701,0,3820,0,0,3820,T
1-PB2,702,1,16,3862,0,3879,G
1-PB2,703,3891,2,1,1,3895,A
1-PB2,704,1,1,0,3913,3915,C
1-PB2,705,1,3880,0,5,3886,T
1-PB2,706,8,0,0,3879,3887,C
1-PB2,707,3869,0,3,0,3872,A
1-PB2,708,5,6,3837,0,3848,G
1-PB2,709,2,6,3914,1,3923,G
1-PB2,710,1,9,3926,1,3937,G
1-PB2,711,3940,0,3,0,3943,A
1-PB2,712,3934,2,6,0,3942,A
1-PB2,713,0,1,0,3945,3946,C
1-PB2,714,1,1,3975,0,3977,G
1-PB2,715,0,3977,1,2,3980,T
1-PB2,716,3,2,4004,1,4010,G
1-PB2,717,1,3976,0,4,3981,T
1-PB2,718,0,3974,0,0,3974,T
1-PB2,719,1,5,3981,0,3987,G
1-PB2,720,2,6,3975,0,3983,G
1-PB2,721,2,14,4012,1,4029,G
1-PB2,722,4004,1,2,1,4008,A
1-PB2,723,4004,0,1,0,4005,A
1-PB2,724,2,3,0,4095,4100,C
1-PB2,725,4081,0,0,0,4081,A
1-PB2,726,4226,0,0,1,4227,A
1-PB2,727,4241,0,1,1,4243,A
1-PB2,728,0,4259,0,0,4259,T
1-PB2,729,2,3,4315,1,4321,G
1-PB2,730,2,4284,0,4,4290,T
1-PB2,731,4287,1,4,1,4293,A
1-PB2,732,8,2,0,4298,4308,C
1-PB2,733,4229,1,1,0,4231,A
1-PB2,734,1,1,0,4225,4227,C
1-PB2,735,0,4113,0,6,4119,T
1-PB2,736,6,1,0,4431,4438,C
1-PB2,737,4,0,0,4442,4446,C
1-PB2,738,4510,0,3,0,4513,A
1-PB2,739,2,9,4536,0,4547,G
1-PB2,740,1,3,4625,0,4629,G
1-PB2,741,1,4618,0,1,4620,T
1-PB2,742,0,15,4596,0,4611,G
1-PB2,743,1,8,4514,0,4523,G
1-PB2,744,4473,2,8,0,4483,A
1-PB2,745,0,7,4496,0,4503,G
1-PB2,746,2,17,4486,1,4506,G
1-PB2,747,4453,1,1,0,4455,A
1-PB2,748,0,2,4472,0,4474,G
1-PB2,749,0,4411,0,1,4412,T
1-PB2,750,3,8,4422,0,4433,G
1-PB2,751,4421,1,7,0,4429,A
1-PB2,752,0,6,4445,0,4451,G
1-PB2,753,2,7,4468,0,4477,G
1-PB2,754,4437,0,3,1,4441,A
1-PB2,755,4439,0,1,1,4441,A
1-PB2,756,1,4435,0,0,4436,T
1-PB2,757,1,10,4413,1,4425,G
1-PB2,758,4428,0,3,0,4431,A
1-PB2,759,1,3,0,4418,4422,C
1-PB2,760,3,10,4402,1,4416,G
1-PB2,761,4454,1,0,1,4456,A
1-PB2,762,0,4427,0,1,4428,T
1-PB2,763,0,2,4451,5,4458,G
1-PB2,764,0,4454,0,1,4455,T
1-PB2,765,0,4429,1,2,4432,T
1-PB2,766,1,17,4445,0,4463,G
1-PB2,767,4459,2,2,1,4464,A
1-PB2,768,1,0,0,4447,4448,C
1-PB2,769,15,2,0,4430,4447,C
1-PB2,770,4401,0,3,0,4404,A
1-PB2,771,4425,1,2,0,4428,A
1-PB2,772,4442,0,2,0,4444,A
1-PB2,773,0,6,4448,0,4454,G
1-PB2,774,3,0,1,4441,4445,C
1-PB2,775,0,4410,0,8,4418,T
1-PB2,776,2,4552,0,2,4556,T
1-PB2,777,4562,0,0,0,4562,A
1-PB2,778,4561,0,0,0,4561,A
1-PB2,779,0,4574,0,1,4575,T
1-PB2,780,0,4549,0,0,4549,T
1-PB2,781,4510,1,1,1,4513,A
1-PB2,782,2,4443,0,1,4446,T
1-PB2,783,0,4429,0,2,4431,T
1-PB2,784,0,2,4412,0,4414,G
1-PB2,785,0,1,0,4399,4400,C
1-PB2,786,6,9,4384,0,4399,G
1-PB2,787,9,2,4456,0,4467,G
1-PB2,788,0,3,0,4450,4453,C
1-PB2,789,2,1,0,4471,4474,C
1-PB2,790,4470,3,3,0,4476,A
1-PB2,791,0,5,4532,0,4537,G
1-PB2,792,2,11,4565,0,4578,G
1-PB2,793,4589,0,5,0,4594,A
1-PB2,794,4602,0,6,1,4609,A
1-PB2,795,3,3,0,4623,4629,C
1-PB2,796,4558,0,1,0,4559,A
1-PB2,797,0,4622,0,1,4623,T
1-PB2,798,4673,0,1,0,4674,A
1-PB2,799,1,3,4712,0,4716,G
1-PB2,800,1,4670,1,0,4672,T
1-PB2,801,4621,1,7,0,4629,A
1-PB2,802,4615,1,2,1,4619,A
1-PB2,803,0,8,4617,0,4625,G
1-PB2,804,4595,1,1,0,4597,A
1-PB2,805,4527,0,1,0,4528,A
1-PB2,806,0,7,4504,0,4511,G
1-PB2,807,4391,1,8,0,4400,A
1-PB2,808,0,0,4401,0,4401,G
1-PB2,809,4,1,0,4389,4394,C
1-PB2,810,6,2,0,4376,4384,C
1-PB2,811,2,3,4387,0,4392,G
1-PB2,812,0,0,0,4408,4408,C
1-PB2,813,4413,1,5,0,4419,A
1-PB2,814,2,1,4700,0,4703,G
1-PB2,815,1,4690,0,2,4693,T
1-PB2,816,4717,1,1,0,4719,A
1-PB2,817,1,4701,2,2,4706,T
1-PB2,818,5,3,0,4721,4729,C
1-PB2,819,4711,0,4,0,4715,A
1-PB2,820,2,1,4719,0,4722,G
1-PB2,821,4,1,0,4718,4723,C
1-PB2,822,4539,1,5,0,4545,A
1-PB2,823,0,5,4498,0,4503,G
1-PB2,824,4520,0,6,0,4526,A
1-PB2,825,0,4502,2,1,4505,T
1-PB2,826,10,2,1,4505,4518,C
1-PB2,827,13,0,2,4504,4519,C
1-PB2,828,4528,0,4,1,4533,A
1-PB2,829,3,0,1,4529,4533,C
1-PB2,830,1,4521,1,2,4525,T
1-PB2,831,4527,1,2,0,4530,A
1-PB2,832,1,0,4522,0,4523,G
1-PB2,833,2,0,0,4473,4475,C
1-PB2,834,4472,2,2,0,4476,A
1-PB2,835,0,4493,0,0,4493,T
1-PB2,836,5,0,0,4515,4520,C
1-PB2,837,0,4495,0,3,4498,T
1-PB2,838,1,4565,1,14,4581,T
1-PB2,839,0,4601,0,1,4602,T
1-PB2,840,4592,0,1,0,4593,A
1-PB2,841,0,4592,1,0,4593,T
1-PB2,842,1,4569,0,7,4577,T
1-PB2,843,2,7,4566,0,4575,G
1-PB2,844,2,8,4556,0,4566,G
1-PB2,845,4514,1,3,0,4518,A
1-PB2,846,1,5,4521,0,4527,G
1-PB2,847,4482,1,1,0,4484,A
1-PB2,848,1,4454,2,2,4459,T
1-PB2,849,0,5,4549,0,4554,G
1-PB2,850,0,4542,0,2,4544,T
1-PB2,851,2,0,4538,0,4540,G
1-PB2,852,2,1,0,4549,4552,C
1-PB2,853,13,0,0,4531,4544,C
1-PB2,854,4536,1,5,0,4542,A
1-PB2,855,2,1,0,4542,4545,C
1-PB2,856,4481,0,5,0,4486,A
1-PB2,857,4,0,4545,0,4549,G
1-PB2,858,2,2,0,4455,4459,C
1-PB2,859,4437,0,5,1,4443,A
1-PB2,860,2,1,0,4435,4438,C
1-PB2,861,4428,2,7,0,4437,A
1-PB2,862,3,1,0,4460,4464,C
1-PB2,863,4461,0,0,0,4461,A
1-PB2,864,4463,0,0,0,4463,A
1-PB2,865,4454,1,1,1,4457,A
1-PB2,866,1,4346,0,2,4349,T
1-PB2,867,0,4348,0,0,4348,T
1-PB2,868,2,5,4328,0,4335,G
1-PB2,869,1,3,4327,0,4331,G
1-PB2,870,1,3,0,4327,4331,C
1-PB2,871,3,2,4285,0,4290,G
1-PB2,872,0,10,4283,0,4293,G
1-PB2,873,4278,0,2,0,4280,A
1-PB2,874,4373,1,4,0,4378,A
1-PB2,875,1,2,0,4397,4400,C
1-PB2,876,4397,0,3,1,4401,A
1-PB2,877,4404,0,1,0,4405,A
1-PB2,878,0,7,4408,0,4415,G
1-PB2,879,2,3,4423,0,4428,G
1-PB2,880,4438,0,2,0,4440,A
1-PB2,881,2,4209,0,1,4212,T
1-PB2,882,0,9,4186,0,4195,G
1-PB2,883,0,2,4219,0,4221,G
1-PB2,884,2,4180,0,2,4184,T
1-PB2,885,0,10,4175,0,4185,G
1-PB2,886,0,6,4163,0,4169,G
1-PB2,887,4133,2,1,0,4136,A
1-PB2,888,1,1,0,4142,4144,C
1-PB2,889,4075,0,1,3,4079,A
1-PB2,890,0,4563,1,0,4564,T
1-PB2,891,0,4534,0,5,4539,T
1-PB2,892,18,1,0,4516,4535,C
1-PB2,893,1,4484,1,1,4487,T
1-PB2,894,0,4488,0,1,4489,T
1-PB2,895,4487,0,2,1,4490,A
1-PB2,896,2,7,4513,0,4522,G
1-PB2,897,4507,0,5,1,4513,A
1-PB2,898,2,0,1,4504,4507,C
1-PB2,899,3732,3,2,0,3737,A
1-PB2,900,0,5,3797,0,3802,G
1-PB2,901,3780,0,2,1,3783,A
1-PB2,902,3788,0,3,0,3791,A
1-PB2,903,3,0,0,3775,3778,C
1-PB2,904,4,1,0,3768,3773,C
1-PB2,905,5,12,0,3733,3750,C
1-PB2,906,3,13,3729,1,3746,G
1-PB2,907,3738,2,3,0,3743,A
1-PB2,908,4,2,0,3726,3732,C
1-PB2,909,11,2,0,3658,3671,C
1-PB2,910,1,10,3716,0,3727,G
1-PB2,911,3730,0,1,0,3731,A
1-PB2,912,3727,0,10,1,3738,A
1-PB2,913,3,14,3758,0,3775,G
1-PB2,914,3777,0,1,0,3778,A
1-PB2,915,3774,3,2,0,3779,A
1-PB2,916,0,2,0,3770,3772,C
1-PB2,917,3757,1,0,0,3758,A
1-PB2,918,3761,0,5,0,3766,A
1-PB2,919,0,0,3807,0,3807,G
1-PB2,920,0,1,0,3835,3836,C
1-PB2,921,1,3798,0,2,3801,T
1-PB2,922,0,1,3846,0,3847,G
1-PB2,923,0,3827,0,2,3829,T
1-PB2,924,1,8,3875,0,3884,G
1-PB2,925,0,4,4008,0,4012,G
1-PB2,926,4017,0,2,1,4020,A
1-PB2,927,0,4015,1,1,4017,T
1-PB2,928,3988,0,2,0,3990,A
1-PB2,929,0,3935,0,0,3935,T
1-PB2,930,4036,1,2,0,4039,A
1-PB2,931,0,3987,0,9,3996,T
1-PB2,932,1,1,3980,1,3983,G
1-PB2,933,2,0,0,3943,3945,C
1-PB2,934,3812,1,3,0,3816,A
1-PB2,935,3821,0,5,0,3826,A
1-PB2,936,1,3,3825,0,3829,G
1-PB2,937,1,4,3830,0,3835,G
1-PB2,938,2,4,0,3831,3837,C
1-PB2,939,2,3787,0,5,3794,T
1-PB2,940,1,0,3811,0,3812,G
1-PB2,941,5,1,0,3807,3813,C
1-PB2,942,3818,0,1,0,3819,A
1-PB2,943,3823,0,7,1,3831,A
1-PB2,944,1,3808,0,1,3810,T
1-PB2,945,0,3,3815,0,3818,G
1-PB2,946,1,4,3788,0,3793,G
1-PB2,947,1,11,3790,0,3802,G
1-PB2,948,3794,2,5,0,3801,A
1-PB2,949,1,3782,0,1,3784,T
1-PB2,950,0,3748,0,0,3748,T
1-PB2,951,0,7,3750,0,3757,G
1-PB2,952,3742,2,4,1,3749,A
1-PB2,953,2,8,3769,0,3779,G
1-PB2,954,3751,1,4,1,3757,A
1-PB2,955,3726,0,2,1,3729,A
1-PB2,956,0,3711,0,2,3713,T
1-PB2,957,11,1,0,3704,3716,C
1-PB2,958,3711,2,0,1,3714,A
1-PB2,959,0,0,3740,0,3740,G
1-PB2,960,1,1,0,3727,3729,C
1-PB2,961,0,3716,0,6,3722,T
1-PB2,962,15,1,0,3697,3713,C
1-PB2,963,3715,1,1,0,3717,A
1-PB2,964,0,3780,0,3,3783,T
1-PB2,965,10,0,0,3772,3782,C
1-PB2,966,10,3,0,3800,3813,C
1-PB2,967,0,3792,0,3,3795,T
1-PB2,968,1,3774,0,1,3776,T
1-PB2,969,6,0,0,3777,3783,C
1-PB2,970,3774,1,4,0,3779,A
1-PB2,971,0,1,3823,0,3824,G
1-PB2,972,1,1,0,3806,3808,C
1-PB2,973,0,3769,0,4,3773,T
1-PB2,974,10,3766,1,1,3778,T
1-PB2,975,1,3752,0,4,3757,T
1-PB2,976,2,5,3751,0,3758,G
1-PB2,977,1,2,3759,0,3762,G
1-PB2,978,0,3760,1,5,3766,T
1-PB2,979,1,7,3769,0,3777,G
1-PB2,980,0,8,3754,1,3763,G
1-PB2,981,1,4,3785,0,3790,G
1-PB2,982,1,3767,0,1,3769,T
1-PB2,983,0,3759,0,6,3765,T
1-PB2,984,0,3761,1,0,3762,T
1-PB2,985,3775,0,0,0,3775,A
1-PB2,986,2,0,0,3780,3782,C
1-PB2,987,3774,0,1,0,3775,A
1-PB2,988,0,3755,0,0,3755,T
1-PB2,989,0,3690,1,0,3691,T
1-PB2,990,0,3689,0,1,3690,T
1-PB2,991,3688,0,0,0,3688,A
1-PB2,992,3687,0,2,0,3689,A
1-PB2,993,3698,1,1,0,3700,A
1-PB2,994,3672,0,5,0,3677,A
1-PB2,995,0,6,3707,0,3713,G
1-PB2,996,3680,0,5,0,3685,A
1-PB2,997,3692,0,3,0,3695,A
1-PB2,998,2,0,0,3703,3705,C
1-PB2,999,3689,0,2,0,3691,A
1-PB2,1000,3692,1,3,0,3696,A
1-PB2,1001,1,1,3698,0,3700,G
1-PB2,1002,1,2,0,3693,3696,C
1-PB2,1003,2,7,3678,0,3687,G
1-PB2,1004,2,9,3683,0,3694,G
1-PB2,1005,0,2,3708,0,3710,G
1-PB2,1006,0,3688,1,10,3699,T
1-PB2,1007,13,2,0,3691,3706,C
1-PB2,1008,3704,0,2,0,3706,A
1-PB2,1009,0,3689,0,3,3692,T
1-PB2,1010,5,1,0,3700,3706,C
1-PB2,1011,3691,1,2,0,3694,A
1-PB2,1012,6,0,3724,0,3730,G
1-PB2,1013,1,3686,1,1,3689,T
1-PB2,1014,10,0,0,3679,3689,C
1-PB2,1015,3688,0,2,0,3690,A
1-PB2,1016,3699,1,2,0,3702,A
1-PB2,1017,3697,0,1,0,3698,A
1-PB2,1018,3695,0,2,0,3697,A
1-PB2,1019,3711,0,0,0,3711,A
1-PB2,1020,3711,0,3,1,3715,A
1-PB2,1021,1,6,3734,0,3741,G
1-PB2,1022,3718,0,1,0,3719,A
1-PB2,1023,3713,1,4,0,3718,A
1-PB2,1024,1,7,3708,1,3717,G
1-PB2,1025,3706,0,1,0,3707,A
1-PB2,1026,3618,1,7,2,3628,A
1-PB2,1027,1,6,3625,0,3632,G
1-PB2,1028,3610,1,3,2,3616,A
1-PB2,1029,3,4,3617,0,3624,G
1-PB2,1030,4,6,3676,0,3686,G
1-PB2,1031,0,3673,0,3,3676,T
1-PB2,1032,4,1,3738,0,3743,G
1-PB2,1033,0,0,1,3766,3767,C
1-PB2,1034,0,3757,2,8,3767,T
1-PB2,1035,0,3782,0,1,3783,T
1-PB2,1036,3779,0,1,0,3780,A
1-PB2,1037,0,0,0,3781,3781,C
1-PB2,1038,3745,0,5,0,3750,A
1-PB2,1039,2,2,3741,0,3745,G
1-PB2,1040,3,0,3732,0,3735,G
1-PB2,1041,2,1,1,3679,3683,C
1-PB2,1042,3648,0,2,0,3650,A
1-PB2,1043,3657,1,2,0,3660,A
1-PB2,1044,0,3707,0,3,3710,T
1-PB2,1045,11,0,0,3748,3759,C
1-PB2,1046,1,3734,0,6,3741,T
1-PB2,1047,6,3,0,3739,3748,C
1-PB2,1048,5,0,0,3752,3757,C
1-PB2,1049,3755,0,0,0,3755,A
1-PB2,1050,3751,1,1,0,3753,A
1-PB2,1051,3763,0,2,0,3765,A
1-PB2,1052,1,1,0,3785,3787,C
1-PB2,1053,3695,1,1,1,3698,A
1-PB2,1054,1,3649,0,0,3650,T
1-PB2,1055,0,3599,0,3,3602,T
1-PB2,1056,0,7,3602,0,3609,G
1-PB2,1057,3597,1,3,1,3602,A
1-PB2,1058,1,5,3540,0,3546,G
1-PB2,1059,3674,0,16,2,3692,A
1-PB2,1060,3692,1,1,0,3694,A
1-PB2,1061,0,3724,0,2,3726,T
1-PB2,1062,3736,0,1,0,3737,A
1-PB2,1063,3749,1,3,0,3753,A
1-PB2,1064,2,7,3844,0,3853,G
1-PB2,1065,3768,0,8,0,3776,A
1-PB2,1066,87,0,3777,1,3865,G
1-PB2,1067,4,3747,0,1,3752,T
1-PB2,1068,3774,1,2,0,3777,A
1-PB2,1069,2,2,0,3850,3854,C
1-PB2,1070,3828,0,4,0,3832,A
1-PB2,1071,0,3814,0,2,3816,T
1-PB2,1072,0,5,3801,0,3806,G
1-PB2,1073,3698,1,7,0,3706,A
1-PB2,1074,0,13,3724,0,3737,G
1-PB2,1075,2,6,3743,1,3752,G
1-PB2,1076,0,4,3883,0,3887,G
1-PB2,1077,0,0,3924,0,3924,G
1-PB2,1078,0,3839,0,1,3840,T
1-PB2,1079,3843,1,2,1,3847,A
1-PB2,1080,0,3824,0,3,3827,T
1-PB2,1081,3,8,3843,1,3855,G
1-PB2,1082,3851,0,2,1,3854,A
1-PB2,1083,0,3,3843,1,3847,G
1-PB2,1084,0,8,3796,0,3804,G
1-PB2,1085,3554,0,3,2,3559,A
1-PB2,1086,0,1,3640,1,3642,G
1-PB2,1087,1,3619,1,2,3623,T
1-PB2,1088,0,3715,0,3,3718,T
1-PB2,1089,10,1,1,3726,3738,C
1-PB2,1090,3735,1,3,0,3739,A
1-PB2,1091,2,1,0,3735,3738,C
1-PB2,1092,3729,0,0,1,3730,A
1-PB2,1093,3745,0,3,2,3750,A
1-PB2,1094,0,3739,0,0,3739,T
1-PB2,1095,2,12,3693,0,3707,G
1-PB2,1096,1,3,3721,0,3725,G
1-PB2,1097,0,3640,0,0,3640,T
1-PB2,1098,1,5,3642,1,3649,G
1-PB2,1099,0,5,3662,0,3667,G
1-PB2,1100,1,4,3660,0,3665,G
1-PB2,1101,132,5,3563,0,3700,G
1-PB2,1102,3681,0,3,0,3684,A
1-PB2,1103,3680,0,3,0,3683,A
1-PB2,1104,3669,1,3,0,3673,A
1-PB2,1105,3597,0,6,0,3603,A
1-PB2,1106,0,13,3633,2,3648,G
1-PB2,1107,3628,0,4,0,3632,A
1-PB2,1108,4,1,3633,1,3639,G
1-PB2,1109,4,1,0,3623,3628,C
1-PB2,1110,3610,0,0,0,3610,A
1-PB2,1111,3613,0,3,0,3616,A
1-PB2,1112,0,0,0,3736,3736,C
1-PB2,1113,3736,0,1,0,3737,A
1-PB2,1114,0,2,3788,0,3790,G
1-PB2,1115,0,3,0,3744,3747,C
1-PB2,1116,1,3743,0,0,3744,T
1-PB2,1117,3863,0,1,1,3865,A
1-PB2,1118,1,3855,0,2,3858,T
1-PB2,1119,3880,0,2,0,3882,A
1-PB2,1120,3,2,0,3872,3877,C
1-PB2,1121,0,3711,0,3,3714,T
1-PB2,1122,3726,0,2,0,3728,A
1-PB2,1123,3647,0,5,0,3652,A
1-PB2,1124,3,7,3657,0,3667,G
1-PB2,1125,3656,0,1,1,3658,A
1-PB2,1126,3561,0,1,0,3562,A
1-PB2,1127,3562,1,4,0,3567,A
1-PB2,1128,3540,0,12,0,3552,A
1-PB2,1129,0,2,3556,0,3558,G
1-PB2,1130,1,3,0,3559,3563,C
1-PB2,1131,3547,1,2,0,3550,A
1-PB2,1132,3558,1,7,0,3566,A
1-PB2,1133,1,1,0,3578,3580,C
1-PB2,1134,2,0,0,3572,3574,C
1-PB2,1135,3581,0,1,0,3582,A
1-PB2,1136,1,6,3592,0,3599,G
1-PB2,1137,3588,1,2,0,3591,A
1-PB2,1138,3592,1,1,0,3594,A
1-PB2,1139,2,6,3613,0,3621,G
1-PB2,1140,3602,0,3,0,3605,A
1-PB2,1141,0,3588,0,0,3588,T
1-PB2,1142,2,3577,0,0,3579,T
1-PB2,1143,2,14,3575,0,3591,G
1-PB2,1144,0,1,3656,0,3657,G
1-PB2,1145,0,3640,0,6,3646,T
1-PB2,1146,2,3636,0,4,3642,T
1-PB2,1147,13,0,0,3616,3629,C
1-PB2,1148,3613,0,0,0,3613,A
1-PB2,1149,3592,0,5,0,3597,A
1-PB2,1150,1,0,0,3830,3831,C
1-PB2,1151,0,3816,0,5,3821,T
1-PB2,1152,10,0,1,3841,3852,C
1-PB2,1153,3792,0,1,0,3793,A
1-PB2,1154,0,3803,0,1,3804,T
1-PB2,1155,3806,1,2,0,3809,A
1-PB2,1156,1,1,3819,0,3821,G
1-PB2,1157,0,3711,0,1,3712,T
1-PB2,1158,1,14,3751,0,3766,G
1-PB2,1159,3616,0,3,1,3620,A
1-PB2,1160,1,1,3668,0,3670,G
1-PB2,1161,1,3647,0,1,3649,T
1-PB2,1162,1,7,3632,1,3641,G
1-PB2,1163,0,1,3691,0,3692,G
1-PB2,1164,3673,1,11,0,3685,A
1-PB2,1165,3658,1,6,1,3666,A
1-PB2,1166,2,6,3685,1,3694,G
1-PB2,1167,3624,1,1,0,3626,A
1-PB2,1168,0,4,3643,1,3648,G
1-PB2,1169,3606,0,4,0,3610,A
1-PB2,1170,2,6,0,3608,3616,C
1-PB2,1171,2,11,3609,0,3622,G
1-PB2,1172,3572,1,1,2,3576,A
1-PB2,1173,3595,1,3,0,3599,A
1-PB2,1174,0,1,1,3593,3595,C
1-PB2,1175,3565,1,3,1,3570,A
1-PB2,1176,3,1,3741,0,3745,G
1-PB2,1177,0,3717,0,3,3720,T
1-PB2,1178,13,0,0,3702,3715,C
1-PB2,1179,3719,2,3,0,3724,A
1-PB2,1180,3716,0,2,0,3718,A
1-PB2,1181,0,3727,0,0,3727,T
1-PB2,1182,3703,0,2,0,3705,A
1-PB2,1183,2,1,3715,0,3718,G
1-PB2,1184,0,0,0,3698,3698,C
1-PB2,1185,12,1,1,3571,3585,C
1-PB2,1186,0,8,3562,0,3570,G
1-PB2,1187,3571,0,0,1,3572,A
1-PB2,1188,3582,0,5,0,3587,A
1-PB2,1189,1,0,3619,0,3620,G
1-PB2,1190,1,0,0,3681,3682,C
1-PB2,1191,3687,0,1,1,3689,A
1-PB2,1192,3686,1,0,0,3687,A
1-PB2,1193,1,3691,0,0,3692,T
1-PB2,1194,3700,1,0,0,3701,A
1-PB2,1195,3727,1,3,0,3731,A
1-PB2,1196,0,3733,0,1,3734,T
1-PB2,1197,5,1,0,3703,3709,C
1-PB2,1198,0,1,3703,0,3704,G
1-PB2,1199,2,3601,0,0,3603,T
1-PB2,1200,1,9,3593,0,3603,G
1-PB2,1201,2,2,3618,1,3623,G
1-PB2,1202,1,0,0,3622,3623,C
1-PB2,1203,7,1,0,3603,3611,C
1-PB2,1204,3582,0,2,0,3584,A
1-PB2,1205,2,3578,0,4,3584,T
1-PB2,1206,1,9,3582,0,3592,G
1-PB2,1207,0,2,3632,0,3634,G
1-PB2,1208,0,3608,0,3,3611,T
1-PB2,1209,16,1,3620,0,3637,G
1-PB2,1210,0,3541,0,1,3542,T
1-PB2,1211,0,3524,2,3,3529,T
1-PB2,1212,0,3542,0,2,3544,T
1-PB2,1213,0,3539,0,3,3542,T
1-PB2,1214,9,0,0,3566,3575,C
1-PB2,1215,3549,2,0,0,3551,A
1-PB2,1216,5,0,1,3662,3668,C
1-PB2,1217,3594,0,3,0,3597,A
1-PB2,1218,3598,0,3,0,3601,A
1-PB2,1219,0,4,3607,0,3611,G
1-PB2,1220,3587,2,0,0,3589,A
1-PB2,1221,3469,0,97,0,3566,A
1-PB2,1222,0,5,3614,0,3619,G
1-PB2,1223,3615,0,1,0,3616,A
1-PB2,1224,1,3630,0,0,3631,T
1-PB2,1225,2,3555,0,1,3558,T
1-PB2,1226,1,1,3557,0,3559,G
1-PB2,1227,2,2,1,3502,3507,C
1-PB2,1228,3524,0,0,0,3524,A
1-PB2,1229,1,3557,0,0,3558,T
1-PB2,1230,1,4,3701,0,3706,G
1-PB2,1231,3734,3,1,0,3738,A
1-PB2,1232,0,3759,0,0,3759,T
1-PB2,1233,3747,0,0,1,3748,A
1-PB2,1234,3743,1,3,0,3747,A
1-PB2,1235,3744,1,2,0,3747,A
1-PB2,1236,3746,0,4,0,3750,A
1-PB2,1237,0,2,3759,1,3762,G
1-PB2,1238,0,2,0,3828,3830,C
1-PB2,1239,3867,0,2,0,3869,A
1-PB2,1240,0,1,3998,0,3999,G
1-PB2,1241,0,3978,0,2,3980,T
1-PB2,1242,0,3982,0,0,3982,T
1-PB2,1243,3982,1,0,0,3983,A
1-PB2,1244,0,6,3997,0,4003,G
1-PB2,1245,3986,0,5,0,3991,A
1-PB2,1246,1,4,3984,0,3989,G
1-PB2,1247,0,0,3975,1,3976,G
1-PB2,1248,1,3786,0,4,3791,T
1-PB2,1249,0,17,3778,0,3795,G
1-PB2,1250,3799,0,8,0,3807,A
1-PB2,1251,0,0,0,3817,3817,C
1-PB2,1252,7,1,0,3822,3830,C
1-PB2,1253,0,3802,0,7,3809,T
1-PB2,1254,0,9,3815,0,3824,G
1-PB2,1255,3823,0,1,0,3824,A
1-PB2,1256,3817,1,0,0,3818,A
1-PB2,1257,0,3825,1,2,3828,T
1-PB2,1258,2,3841,1,5,3849,T
1-PB2,1259,1,3864,2,2,3869,T
1-PB2,1260,6,2,0,3856,3864,C
1-PB2,1261,0,2,3860,0,3862,G
1-PB2,1262,0,3852,1,7,3860,T
1-PB2,1263,5,1,0,3864,3870,C
1-PB2,1264,3864,2,3,0,3869,A
1-PB2,1265,3873,1,0,0,3874,A
1-PB2,1266,3,0,0,3871,3874,C
1-PB2,1267,3829,0,1,0,3830,A
1-PB2,1268,2,11,3878,0,3891,G
1-PB2,1269,3867,1,4,1,3873,A
1-PB2,1270,4,2,3880,0,3886,G
1-PB2,1271,3,0,0,3877,3880,C
1-PB2,1272,3878,1,1,0,3880,A
1-PB2,1273,3927,2,1,0,3930,A
1-PB2,1274,3936,0,3,0,3939,A
1-PB2,1275,0,3927,1,1,3929,T
1-PB2,1276,9,1,0,3933,3943,C
1-PB2,1277,3914,0,3,0,3917,A
1-PB2,1278,0,1,3924,1,3926,G
1-PB2,1279,3,3,0,3919,3925,C
1-PB2,1280,2,4,3932,1,3939,G
1-PB2,1281,1,1,4106,0,4108,G
1-PB2,1282,1,4080,0,2,4083,T
1-PB2,1283,0,4078,0,1,4079,T
1-PB2,1284,1,5,4091,2,4099,G
1-PB2,1285,4091,1,1,0,4093,A
1-PB2,1286,4119,2,5,1,4127,A
1-PB2,1287,4,2,3,4149,4158,C
1-PB2,1288,4,1,1,4135,4141,C
1-PB2,1289,7,0,0,4163,4170,C
1-PB2,1290,9,1,0,4049,4059,C
1-PB2,1291,4075,1,8,0,4084,A
1-PB2,1292,1,4085,0,6,4092,T
1-PB2,1293,2,2,4096,0,4100,G
1-PB2,1294,1,1,0,4116,4118,C
1-PB2,1295,4102,1,2,0,4105,A
1-PB2,1296,2,4081,0,1,4084,T
1-PB2,1297,7,1,0,4060,4068,C
1-PB2,1298,4031,0,3,0,4034,A
1-PB2,1299,1,3,4090,0,4094,G
1-PB2,1300,4,2,0,4105,4111,C
1-PB2,1301,1,4087,0,8,4096,T
1-PB2,1302,0,4104,0,0,4104,T
1-PB2,1303,0,4092,0,2,4094,T
1-PB2,1304,0,4095,1,2,4098,T
1-PB2,1305,4093,2,2,0,4097,A
1-PB2,1306,4087,0,4,0,4091,A
1-PB2,1307,0,8,4090,0,4098,G
1-PB2,1308,1,1,4083,0,4085,G
1-PB2,1309,0,1,0,4057,4058,C
1-PB2,1310,4038,0,3,0,4041,A
1-PB2,1311,0,4049,0,0,4049,T
1-PB2,1312,1,4055,1,2,4059,T
1-PB2,1313,0,4072,0,0,4072,T
1-PB2,1314,0,4071,0,4,4075,T
1-PB2,1315,6,8,0,4072,4086,C
1-PB2,1316,4070,2,4,0,4076,A
1-PB2,1317,0,8,4066,1,4075,G
1-PB2,1318,4069,0,1,0,4070,A
1-PB2,1319,4060,0,3,0,4063,A
1-PB2,1320,4053,0,3,0,4056,A
1-PB2,1321,0,6,4065,0,4071,G
1-PB2,1322,4087,0,3,0,4090,A
1-PB2,1323,1,4080,0,3,4084,T
1-PB2,1324,1,3,4089,0,4093,G
1-PB2,1325,1,2,0,4097,4100,C
1-PB2,1326,1,7,4092,0,4100,G
1-PB2,1327,4100,0,1,0,4101,A
1-PB2,1328,4086,0,5,0,4091,A
1-PB2,1329,4086,1,5,0,4092,A
1-PB2,1330,5,1,4098,0,4104,G
1-PB2,1331,2,4057,0,5,4064,T
1-PB2,1332,2,0,4053,0,4055,G
1-PB2,1333,1,1,0,4053,4055,C
1-PB2,1334,0,4038,0,5,4043,T
1-PB2,1335,0,4054,0,2,4056,T
1-PB2,1336,0,4050,0,1,4051,T
1-PB2,1337,0,4063,0,0,4063,T
1-PB2,1338,0,4061,0,1,4062,T
1-PB2,1339,7,1,0,4056,4064,C
1-PB2,1340,4064,1,3,0,4068,A
1-PB2,1341,4080,1,0,0,4081,A
1-PB2,1342,4072,0,1,0,4073,A
1-PB2,1343,4097,0,1,0,4098,A
1-PB2,1344,0,4078,0,1,4079,T
1-PB2,1345,0,4087,0,1,4088,T
1-PB2,1346,0,9,4085,0,4094,G
1-PB2,1347,2,4,4094,0,4100,G
1-PB2,1348,1,2,4090,1,4094,G
1-PB2,1349,1,7,4145,1,4154,G
1-PB2,1350,4152,0,1,0,4153,A
1-PB2,1351,0,4,4208,0,4212,G
1-PB2,1352,0,4204,0,3,4207,T
1-PB2,1353,0,4200,0,0,4200,T
1-PB2,1354,0,14,4203,0,4217,G
1-PB2,1355,4215,0,2,0,4217,A
1-PB2,1356,4218,0,11,1,4230,A
1-PB2,1357,2,4,0,4303,4309,C
1-PB2,1358,4260,3,2,1,4266,A
1-PB2,1359,1,9,0,4334,4344,C
1-PB2,1360,4295,1,0,1,4297,A
1-PB2,1361,0,4300,0,4,4304,T
1-PB2,1362,8,5,0,4303,4316,C
1-PB2,1363,2,9,4312,0,4323,G
1-PB2,1364,4330,1,2,0,4333,A
1-PB2,1365,1,2,0,4323,4326,C
1-PB2,1366,4184,0,2,0,4186,A
1-PB2,1367,1,2,4326,0,4329,G
1-PB2,1368,1,4241,0,3,4245,T
1-PB2,1369,3,3,4284,1,4291,G
1-PB2,1370,1,4265,0,3,4269,T
1-PB2,1371,3,6,4262,0,4271,G
1-PB2,1372,4265,1,4,0,4270,A
1-PB2,1373,0,4242,2,1,4245,T
1-PB2,1374,0,7,4239,0,4246,G
1-PB2,1375,2,5,4255,0,4262,G
1-PB2,1376,1,8,4192,0,4201,G
1-PB2,1377,4162,0,8,0,4170,A
1-PB2,1378,4144,3,3,1,4151,A
1-PB2,1379,0,4147,0,0,4147,T
1-PB2,1380,0,5,4171,0,4176,G
1-PB2,1381,4180,0,0,0,4180,A
1-PB2,1382,0,4177,0,2,4179,T
1-PB2,1383,1,4153,0,3,4157,T
1-PB2,1384,2,5,4127,1,4135,G
1-PB2,1385,0,6,4202,1,4209,G
1-PB2,1386,4196,0,3,0,4199,A
1-PB2,1387,0,2,4238,0,4240,G
1-PB2,1388,0,4197,0,0,4197,T
1-PB2,1389,4178,1,1,0,4180,A
1-PB2,1390,1,4186,0,1,4188,T
1-PB2,1391,0,4209,1,0,4210,T
1-PB2,1392,4249,2,1,0,4252,A
1-PB2,1393,2,4,0,4246,4252,C
1-PB2,1394,6,0,0,4175,4181,C
1-PB2,1395,4136,0,0,0,4136,A
1-PB2,1396,0,3,4148,0,4151,G
1-PB2,1397,4210,0,1,0,4211,A
1-PB2,1398,0,4174,0,1,4175,T
1-PB2,1399,4129,2,1,2,4134,A
1-PB2,1400,2,4103,0,1,4106,T
1-PB2,1401,3,13,4061,2,4079,G
1-PB2,1402,4064,0,5,0,4069,A
1-PB2,1403,3,0,0,4083,4086,C
1-PB2,1404,0,4068,0,1,4069,T
1-PB2,1405,9,0,0,4061,4070,C
1-PB2,1406,4,1,0,4011,4016,C
1-PB2,1407,4021,1,7,0,4029,A
1-PB2,1408,4042,0,6,1,4049,A
1-PB2,1409,3,1,4122,0,4126,G
1-PB2,1410,3,1,0,4097,4101,C
1-PB2,1411,4090,0,4,0,4094,A
1-PB2,1412,2,2,0,4090,4094,C
1-PB2,1413,4045,1,6,1,4053,A
1-PB2,1414,0,4,4058,0,4062,G
1-PB2,1415,4044,0,2,1,4047,A
1-PB2,1416,2,3,4073,1,4079,G
1-PB2,1417,4071,1,2,0,4074,A
1-PB2,1418,0,3938,0,6,3944,T
1-PB2,1419,1,1,3988,0,3990,G
1-PB2,1420,1,3966,0,5,3972,T
1-PB2,1421,13,1,0,3936,3950,C
1-PB2,1422,3961,0,4,0,3965,A
1-PB2,1423,3951,1,4,0,3956,A
1-PB2,1424,0,3948,0,0,3948,T
1-PB2,1425,0,10,3936,0,3946,G
1-PB2,1426,3892,0,0,0,3892,A
1-PB2,1427,1,2,3906,0,3909,G
1-PB2,1428,3842,1,3,0,3846,A
1-PB2,1429,1,1,3859,0,3861,G
1-PB2,1430,1,8,4001,1,4011,G
1-PB2,1431,4010,0,0,0,4010,A
1-PB2,1432,4009,0,3,0,4012,A
1-PB2,1433,0,4005,0,1,4006,T
1-PB2,1434,4001,0,2,0,4003,A
1-PB2,1435,3997,0,3,0,4000,A
1-PB2,1436,0,9,3982,1,3992,G
1-PB2,1437,3969,0,2,0,3971,A
1-PB2,1438,0,2,3974,0,3976,G
1-PB2,1439,1,3753,0,3,3757,T
1-PB2,1440,10,1,0,3747,3758,C
1-PB2,1441,3753,0,3,0,3756,A
1-PB2,1442,4,4,3773,0,3781,G
1-PB2,1443,2,3,0,3788,3793,C
1-PB2,1444,3785,0,2,0,3787,A
1-PB2,1445,3790,0,1,0,3791,A
1-PB2,1446,3769,0,1,1,3771,A
1-PB2,1447,3769,1,3,0,3773,A
1-PB2,1448,0,3772,2,0,3774,T
1-PB2,1449,0,11,3762,0,3773,G
1-PB2,1450,0,9,3766,0,3775,G
1-PB2,1451,0,1,3790,1,3792,G
1-PB2,1452,1,3744,0,2,3747,T
1-PB2,1453,3,1,3747,1,3752,G
1-PB2,1454,1,3736,1,1,3739,T
1-PB2,1455,1,9,3734,0,3744,G
1-PB2,1456,0,3,3782,1,3786,G
1-PB2,1457,3782,1,3,0,3786,A
1-PB2,1458,1,3765,0,1,3767,T
1-PB2,1459,2,13,3778,0,3793,G
1-PB2,1460,3767,0,1,0,3768,A
1-PB2,1461,3778,1,2,1,3782,A
1-PB2,1462,0,3774,0,1,3775,T
1-PB2,1463,3760,0,0,0,3760,A
1-PB2,1464,2,1,0,3956,3959,C
1-PB2,1465,1,3883,1,4,3889,T
1-PB2,1466,10,1,0,3924,3935,C
1-PB2,1467,7,3,0,3922,3932,C
1-PB2,1468,3892,0,2,0,3894,A
1-PB2,1469,222,3,3785,0,4010,G
1-PB2,1470,0,3999,0,2,4001,T
1-PB2,1471,4021,0,0,0,4021,A
1-PB2,1472,2,0,0,4028,4030,C
1-PB2,1473,3615,0,3,0,3618,A
1-PB2,1474,0,6,3624,0,3630,G
1-PB2,1475,3488,0,4,0,3492,A
1-PB2,1476,0,3,3508,0,3511,G
1-PB2,1477,3411,0,4,0,3415,A
1-PB2,1478,1,12,3306,0,3319,G
1-PB2,1479,2,10,3307,1,3320,G
1-PB2,1480,1,1,3322,0,3324,G
1-PB2,1481,0,3274,0,2,3276,T
1-PB2,1482,0,2,3282,0,3284,G
1-PB2,1483,3,2,3286,0,3291,G
1-PB2,1484,1,3245,0,0,3246,T
1-PB2,1485,0,5,3336,0,3341,G
1-PB2,1486,1,0,3342,0,3343,G
1-PB2,1487,0,3252,0,5,3257,T
1-PB2,1488,0,3261,0,0,3261,T
1-PB2,1489,3230,0,4,0,3234,A
1-PB2,1490,0,1,3254,0,3255,G
1-PB2,1491,1,2,0,3251,3254,C
1-PB2,1492,3233,0,2,0,3235,A
1-PB2,1493,0,3234,0,1,3235,T
1-PB2,1494,0,3050,0,0,3050,T
1-PB2,1495,1,7,3045,0,3053,G
1-PB2,1496,3045,1,0,1,3047,A
1-PB2,1497,0,3036,0,0,3036,T
1-PB2,1498,10,1,0,3031,3042,C
1-PB2,1499,2,3,3018,0,3023,G
1-PB2,1500,0,1,3064,0,3065,G
1-PB2,1501,2,3045,3,1,3051,T
1-PB2,1502,0,3048,0,1,3049,T
1-PB2,1503,0,3044,1,2,3047,T
1-PB2,1504,1,3045,0,0,3046,T
1-PB2,1505,0,3052,0,1,3053,T
1-PB2,1506,0,6,3046,0,3052,G
1-PB2,1507,3036,3,6,0,3045,A
1-PB2,1508,0,7,3048,0,3055,G
1-PB2,1509,2948,1,3,0,2952,A
1-PB2,1510,0,1,2963,0,2964,G
1-PB2,1511,1,2966,0,2,2969,T
1-PB2,1512,0,2958,0,2,2960,T
1-PB2,1513,6,4,0,2957,2967,C
1-PB2,1514,1,8,2961,0,2970,G
1-PB2,1515,2973,1,5,0,2979,A
1-PB2,1516,0,5,2974,0,2979,G
1-PB2,1517,2977,0,1,0,2978,A
1-PB2,1518,2,2,0,2964,2968,C
1-PB2,1519,8,0,0,2938,2946,C
1-PB2,1520,2926,0,3,0,2929,A
1-PB2,1521,2955,0,3,0,2958,A
1-PB2,1522,2,2,0,2965,2969,C
1-PB2,1523,1,0,2969,0,2970,G
1-PB2,1524,0,2960,0,1,2961,T
1-PB2,1525,0,3,2946,0,2949,G
1-PB2,1526,0,5,2946,1,2952,G
1-PB2,1527,3,4,2954,0,2961,G
1-PB2,1528,2926,1,1,0,2928,A
1-PB2,1529,2947,0,0,0,2947,A
1-PB2,1530,1,2827,0,5,2833,T
1-PB2,1531,2,4,2903,1,2910,G
1-PB2,1532,0,2893,0,0,2893,T
1-PB2,1533,2897,0,1,0,2898,A
1-PB2,1534,0,2899,1,1,2901,T
1-PB2,1535,0,2863,0,0,2863,T
1-PB2,1536,2897,1,1,0,2899,A
1-PB2,1537,1,2882,0,1,2884,T
1-PB2,1538,0,2841,0,1,2842,T
1-PB2,1539,2840,0,0,0,2840,A
1-PB2,1540,0,2533,0,6,2539,T
1-PB2,1541,1,0,0,2603,2604,C
1-PB2,1542,0,2553,1,5,2559,T
1-PB2,1543,4,0,1,2558,2563,C
1-PB2,1544,2,0,0,2569,2571,C
1-PB2,1545,1,2472,0,2,2475,T
1-PB2,1546,0,6,2481,0,2487,G
1-PB2,1547,2470,1,1,0,2472,A
1-PB2,1548,0,2,2476,0,2478,G
1-PB2,1549,0,2,2474,0,2476,G
1-PB2,1550,2205,0,0,0,2205,A
1-PB2,1551,1,0,2230,0,2231,G
1-PB2,1552,0,1,2218,1,2220,G
1-PB2,1553,1,2160,0,0,2161,T
1-PB2,1554,5,1,0,2158,2164,C
1-PB2,1555,2139,0,3,0,2142,A
1-PB2,1556,1,2,2156,0,2159,G
1-PB2,1557,0,2147,0,0,2147,T
1-PB2,1558,0,4,2141,0,2145,G
1-PB2,1559,2136,0,5,0,2141,A
1-PB2,1560,2065,0,1,0,2066,A
1-PB2,1561,2070,1,2,0,2073,A
1-PB2,1562,0,0,0,2072,2072,C
1-PB2,1563,2050,1,1,0,2052,A
1-PB2,1564,2,0,0,2050,2052,C
1-PB2,1565,1954,0,1,0,1955,A
1-PB2,1566,0,1,1960,1,1962,G
1-PB2,1567,1,3,1945,0,1949,G
1-PB2,1568,0,2,1973,0,1975,G
1-PB2,1569,1972,0,0,0,1972,A
1-PB2,1570,1946,2,2,0,1950,A
1-PB2,1571,1,0,0,1955,1956,C
1-PB2,1572,1,1930,0,1,1932,T
1-PB2,1573,0,4,1929,0,1933,G
1-PB2,1574,1917,0,3,0,1920,A
1-PB2,1575,2,2,1916,0,1920,G
1-PB2,1576,1877,0,2,0,1879,A
1-PB2,1577,0,2,1791,0,1793,G
1-PB2,1578,1783,0,1,0,1784,A
1-PB2,1579,0,1,0,1778,1779,C
1-PB2,1580,0,1703,0,1,1704,T
1-PB2,1581,1,6,1718,0,1725,G
1-PB2,1582,1719,0,1,0,1720,A
1-PB2,1583,0,1,0,1721,1722,C
1-PB2,1584,1705,2,2,0,1709,A
1-PB2,1585,1706,0,0,0,1706,A
1-PB2,1586,0,1693,0,1,1694,T
1-PB2,1587,1694,0,0,0,1694,A
1-PB2,1588,1695,0,1,0,1696,A
1-PB2,1589,3,0,0,1696,1699,C
1-PB2,1590,0,1562,0,1,1563,T
1-PB2,1591,0,1542,0,0,1542,T
1-PB2,1592,1520,0,0,0,1520,A
1-PB2,1593,0,1517,0,2,1519,T
1-PB2,1594,0,1512,0,1,1513,T
1-PB2,1595,5,1,0,1510,1516,C
1-PB2,1596,1410,0,2,0,1412,A
1-PB2,1597,0,1406,0,1,1407,T
1-PB2,1598,2,1,0,1342,1345,C
1-PB2,1599,0,1,1345,0,1346,G
1-PB2,1600,0,1351,0,3,1354,T
1-PB2,1601,2,2,0,1328,1332,C
1-PB2,1602,2,4,1327,0,1333,G
1-PB2,1603,1335,0,0,0,1335,A
1-PB2,1604,0,1332,0,0,1332,T
1-PB2,1605,1,1,1325,0,1327,G
1-PB2,1606,1331,0,0,0,1331,A
1-PB2,1607,0,1329,0,0,1329,T
1-PB2,1608,0,0,1319,2,1321,G
1-PB2,1609,0,1252,1,1,1254,T
1-PB2,1610,1,6,1244,0,1251,G
1-PB2,1611,1,2,1253,0,1256,G
1-PB2,1612,0,1,1251,0,1252,G
1-PB2,1613,1219,0,2,0,1221,A
1-PB2,1614,0,1,1211,0,1212,G
1-PB2,1615,1112,0,0,0,1112,A
1-PB2,1616,0,1092,0,0,1092,T
1-PB2,1617,0,1042,0,4,1046,T
1-PB2,1618,1039,0,1,0,1040,A
1-PB2,1619,1037,0,0,0,1037,A
1-PB2,1620,0,0,1,1021,1022,C
1-PB2,1621,3,0,939,0,942,G
1-PB2,1622,1,1,947,0,949,G
1-PB2,1623,0,832,0,0,832,T
1-PB2,1624,1,0,0,828,829,C
1-PB2,1625,1,1,0,819,821,C
1-PB2,1626,0,748,0,1,749,T
1-PB2,1627,0,3,756,0,759,G
1-PB2,1628,757,1,0,0,758,A
1-PB2,1629,0,0,760,0,760,G
1-PB2,1630,0,759,0,0,759,T
1-PB2,1631,3,0,0,734,737,C
1-PB2,1632,1,3,732,0,736,G
1-PB2,1633,0,1,742,0,743,G
1-PB2,1634,0,746,0,0,746,T
1-PB2,1635,0,744,0,0,744,T
1-PB2,1636,0,745,0,0,745,T
1-PB2,1637,1,742,0,0,743,T
1-PB2,1638,0,1,753,0,754,G
1-PB2,1639,0,0,756,0,756,G
1-PB2,1640,1,753,0,1,755,T
1-PB2,1641,4,1,0,748,753,C
1-PB2,1642,750,0,0,0,750,A
1-PB2,1643,779,0,0,0,779,A
1-PB2,1644,0,780,0,0,780,T
1-PB2,1645,780,0,0,2,782,A
1-PB2,1646,1,0,0,802,803,C
1-PB2,1647,2,0,0,779,781,C
1-PB2,1648,0,777,0,0,777,T
1-PB2,1649,791,0,1,0,792,A
1-PB2,1650,1,790,0,0,791,T
1-PB2,1651,1,0,0,792,793,C
1-PB2,1652,761,0,0,0,761,A
1-PB2,1653,759,0,1,0,760,A
1-PB2,1654,0,760,0,0,760,T
1-PB2,1655,0,4,731,0,735,G
1-PB2,1656,0,0,739,0,739,G
1-PB2,1657,732,0,2,0,734,A
1-PB2,1658,0,722,0,0,722,T
1-PB2,1659,0,1,0,720,721,C
1-PB2,1660,722,0,0,0,722,A
1-PB2,1661,0,721,0,0,721,T
1-PB2,1662,2,0,0,718,720,C
1-PB2,1663,722,0,0,0,722,A
1-PB2,1664,0,1,720,0,721,G
1-PB2,1665,715,0,0,0,715,A
1-PB2,1666,718,0,1,0,719,A
1-PB2,1667,722,0,0,0,722,A
1-PB2,1668,0,726,0,0,726,T
1-PB2,1669,0,716,0,0,716,T
1-PB2,1670,0,3,708,0,711,G
1-PB2,1671,0,2,709,0,711,G
1-PB2,1672,2,0,712,0,714,G
1-PB2,1673,709,0,0,0,709,A
1-PB2,1674,705,0,0,0,705,A
1-PB2,1675,0,1,709,0,710,G
1-PB2,1676,0,0,0,705,705,C
1-PB2,1677,0,708,0,0,708,T
1-PB2,1678,0,0,718,0,718,G
1-PB2,1679,1,713,0,3,717,T
1-PB2,1680,2,0,0,713,715,C
1-PB2,1681,718,0,1,0,719,A
1-PB2,1682,720,0,0,0,720,A
1-PB2,1683,722,0,0,0,722,A
1-PB2,1684,726,0,0,0,726,A
1-PB2,1685,0,726,0,0,726,T
1-PB2,1686,0,725,0,0,725,T
1-PB2,1687,4,0,0,714,718,C
1-PB2,1688,720,0,2,0,722,A
1-PB2,1689,722,0,0,0,722,A
1-PB2,1690,0,722,0,0,722,T
1-PB2,1691,2,1,719,0,722,G
1-PB2,1692,1,1,731,0,733,G
1-PB2,1693,0,737,0,2,739,T
1-PB2,1694,0,0,0,746,746,C
1-PB2,1695,0,747,0,0,747,T
1-PB2,1696,2,0,0,745,747,C
1-PB2,1697,746,0,0,0,746,A
1-PB2,1698,1,1,746,0,748,G
1-PB2,1699,748,0,0,0,748,A
1-PB2,1700,747,0,0,0,747,A
1-PB2,1701,0,736,0,1,737,T
1-PB2,1702,1,0,0,724,725,C
1-PB2,1703,2,0,0,727,729,C
1-PB2,1704,0,729,0,0,729,T
1-PB2,1705,1,0,732,0,733,G
1-PB2,1706,1,1,0,731,733,C
1-PB2,1707,729,0,0,0,729,A
1-PB2,1708,743,0,0,0,743,A
1-PB2,1709,0,734,0,0,734,T
1-PB2,1710,0,0,745,0,745,G
1-PB2,1711,0,748,0,0,748,T
1-PB2,1712,0,732,0,0,732,T
1-PB2,1713,0,0,742,0,742,G
1-PB2,1714,0,740,0,0,740,T
1-PB2,1715,742,0,0,0,742,A
1-PB2,1716,0,2,0,743,745,C
1-PB2,1717,731,0,0,0,731,A
1-PB2,1718,738,0,0,0,738,A
1-PB2,1719,0,0,0,731,731,C
1-PB2,1720,721,0,0,0,721,A
1-PB2,1721,722,0,0,0,722,A
1-PB2,1722,711,0,1,0,712,A
1-PB2,1723,714,0,1,0,715,A
1-PB2,1724,0,714,0,0,714,T
1-PB2,1725,0,3,712,0,715,G
1-PB2,1726,1,0,713,0,714,G
1-PB2,1727,711,1,2,0,714,A
1-PB2,1728,714,0,0,0,714,A
1-PB2,1729,0,715,0,0,715,T
1-PB2,1730,0,713,1,0,714,T
1-PB2,1731,0,713,0,0,713,T
1-PB2,1732,0,1,717,0,718,G
1-PB2,1733,717,0,1,0,718,A
1-PB2,1734,720,0,0,0,720,A
1-PB2,1735,0,0,0,720,720,C
1-PB2,1736,0,0,0,716,716,C
1-PB2,1737,718,0,0,0,718,A
1-PB2,1738,0,722,0,1,723,T
1-PB2,1739,0,721,0,0,721,T
1-PB2,1740,0,724,0,0,724,T
1-PB2,1741,0,0,0,725,725,C
1-PB2,1742,724,0,0,0,724,A
1-PB2,1743,725,0,0,0,725,A
1-PB2,1744,0,720,0,0,720,T
1-PB2,1745,0,0,0,732,732,C
1-PB2,1746,0,719,0,2,721,T
1-PB2,1747,0,716,0,0,716,T
1-PB2,1748,0,716,0,0,716,T
1-PB2,1749,715,0,1,0,716,A
1-PB2,1750,0,0,718,0,718,G
1-PB2,1751,0,718,0,0,718,T
1-PB2,1752,1,1,0,730,732,C
1-PB2,1753,2,0,0,732,734,C
1-PB2,1754,2,0,0,721,723,C
1-PB2,1755,3,0,0,725,728,C
1-PB2,1756,723,0,0,0,723,A
1-PB2,1757,724,0,0,0,724,A
1-PB2,1758,1,2,737,0,740,G
1-PB2,1759,0,1,739,0,740,G
1-PB2,1760,0,0,0,741,741,C
1-PB2,1761,0,0,0,720,720,C
1-PB2,1762,718,0,0,0,718,A
1-PB2,1763,0,718,0,1,719,T
1-PB2,1764,0,720,0,1,721,T
1-PB2,1765,719,0,0,1,720,A
1-PB2,1766,0,1,717,0,718,G
1-PB2,1767,705,0,0,0,705,A
1-PB2,1768,730,0,3,0,733,A
1-PB2,1769,0,0,737,0,737,G
1-PB2,1770,0,1,0,738,739,C
1-PB2,1771,1,1,0,738,740,C
1-PB2,1772,735,0,0,0,735,A
1-PB2,1773,747,0,1,0,748,A
1-PB2,1774,0,752,0,0,752,T
1-PB2,1775,755,0,0,0,755,A
1-PB2,1776,0,0,0,756,756,C
1-PB2,1777,694,0,0,0,694,A
1-PB2,1778,0,0,699,0,699,G
1-PB2,1779,0,681,0,0,681,T
1-PB2,1780,0,0,682,0,682,G
1-PB2,1781,0,1,684,0,685,G
1-PB2,1782,1,0,689,0,690,G
1-PB2,1783,0,679,0,0,679,T
1-PB2,1784,0,674,0,3,677,T
1-PB2,1785,0,678,0,0,678,T
1-PB2,1786,0,0,684,0,684,G
1-PB2,1787,0,685,0,1,686,T
1-PB2,1788,3,0,0,683,686,C
1-PB2,1789,676,0,0,0,676,A
1-PB2,1790,2,1,673,0,676,G
1-PB2,1791,671,0,0,0,671,A
1-PB2,1792,675,0,0,0,675,A
1-PB2,1793,0,0,0,671,671,C
1-PB2,1794,0,652,0,0,652,T
1-PB2,1795,0,0,0,667,667,C
1-PB2,1796,0,669,0,1,670,T
1-PB2,1797,670,0,0,0,670,A
1-PB2,1798,0,671,0,1,672,T
1-PB2,1799,0,666,0,0,666,T
1-PB2,1800,1,0,0,665,666,C
1-PB2,1801,0,0,0,664,664,C
1-PB2,1802,659,0,2,0,661,A
1-PB2,1803,661,0,0,0,661,A
1-PB2,1804,0,0,0,654,654,C
1-PB2,1805,657,0,0,0,657,A
1-PB2,1806,655,0,0,0,655,A
1-PB2,1807,657,0,0,0,657,A
1-PB2,1808,0,660,0,0,660,T
1-PB2,1809,0,0,659,0,659,G
1-PB2,1810,656,0,0,0,656,A
1-PB2,1811,1,1,660,0,662,G
1-PB2,1812,663,0,0,0,663,A
1-PB2,1813,0,1,663,0,664,G
1-PB2,1814,662,0,2,0,664,A
1-PB2,1815,0,0,0,660,660,C
1-PB2,1816,1,2,666,0,669,G
1-PB2,1817,0,672,0,0,672,T
1-PB2,1818,681,0,0,1,682,A
1-PB2,1819,0,0,0,682,682,C
1-PB2,1820,0,672,0,0,672,T
1-PB2,1821,0,672,0,0,672,T
1-PB2,1822,1,0,669,0,670,G
1-PB2,1823,0,1,662,0,663,G
1-PB2,1824,0,2,666,0,668,G
1-PB2,1825,661,0,1,0,662,A
1-PB2,1826,0,0,0,659,659,C
1-PB2,1827,664,0,0,0,664,A
1-PB2,1828,0,668,0,0,668,T
1-PB2,1829,0,665,0,0,665,T
1-PB2,1830,0,667,0,1,668,T
1-PB2,1831,0,0,668,0,668,G
1-PB2,1832,668,0,0,0,668,A
1-PB2,1833,0,0,0,670,670,C
1-PB2,1834,666,1,1,0,668,A
1-PB2,1835,1,0,0,670,671,C
1-PB2,1836,1,0,0,665,666,C
1-PB2,1837,672,0,0,0,672,A
1-PB2,1838,2,2,0,671,675,C
1-PB2,1839,0,0,1,672,673,C
1-PB2,1840,1,1,0,672,674,C
1-PB2,1841,668,1,0,0,669,A
1-PB2,1842,0,0,685,0,685,G
1-PB2,1843,686,0,0,0,686,A
1-PB2,1844,0,712,0,0,712,T
1-PB2,1845,696,0,1,0,697,A
1-PB2,1846,688,0,0,0,688,A
1-PB2,1847,0,693,0,0,693,T
1-PB2,1848,691,0,0,0,691,A
1-PB2,1849,690,0,0,0,690,A
1-PB2,1850,683,0,0,0,683,A
1-PB2,1851,0,0,685,0,685,G
1-PB2,1852,0,0,0,675,675,C
1-PB2,1853,1,640,0,1,642,T
1-PB2,1854,1,637,0,1,639,T
1-PB2,1855,3,0,0,640,643,C
1-PB2,1856,0,639,0,1,640,T
1-PB2,1857,1,0,0,650,651,C
1-PB2,1858,0,0,0,652,652,C
1-PB2,1859,0,0,0,653,653,C
1-PB2,1860,0,652,0,0,652,T
1-PB2,1861,0,650,0,1,651,T
1-PB2,1862,0,652,0,0,652,T
1-PB2,1863,0,648,0,2,650,T
1-PB2,1864,1,0,649,0,650,G
1-PB2,1865,0,2,0,648,650,C
1-PB2,1866,635,0,0,0,635,A
1-PB2,1867,0,0,636,0,636,G
1-PB2,1868,0,0,0,635,635,C
1-PB2,1869,0,639,0,1,640,T
1-PB2,1870,0,1,637,0,638,G
1-PB2,1871,1,0,0,643,644,C
1-PB2,1872,0,640,0,0,640,T
1-PB2,1873,1,0,0,647,648,C
1-PB2,1874,1,1,0,647,649,C
1-PB2,1875,650,1,0,0,651,A
1-PB2,1876,0,0,0,651,651,C
1-PB2,1877,3,0,0,647,650,C
1-PB2,1878,648,0,0,0,648,A
1-PB2,1879,646,0,2,0,648,A
1-PB2,1880,648,0,0,0,648,A
1-PB2,1881,0,0,651,1,652,G
1-PB2,1882,0,0,0,650,650,C
1-PB2,1883,642,0,0,0,642,A
1-PB2,1884,643,0,0,0,643,A
1-PB2,1885,636,0,2,0,638,A
1-PB2,1886,0,0,648,0,648,G
1-PB2,1887,1,1,0,645,647,C
1-PB2,1888,642,0,0,0,642,A
1-PB2,1889,1,0,644,0,645,G
1-PB2,1890,638,0,0,0,638,A
1-PB2,1891,650,0,1,0,651,A
1-PB2,1892,0,651,0,0,651,T
1-PB2,1893,0,0,649,1,650,G
1-PB2,1894,1,0,0,652,653,C
1-PB2,1895,639,0,0,0,639,A
1-PB2,1896,1,0,641,0,642,G
1-PB2,1897,0,640,0,1,641,T
1-PB2,1898,0,667,1,0,668,T
1-PB2,1899,1,0,0,675,676,C
1-PB2,1900,0,667,0,1,668,T
1-PB2,1901,1,0,0,678,679,C
1-PB2,1902,0,678,0,0,678,T
1-PB2,1903,0,679,0,0,679,T
1-PB2,1904,1,0,0,682,683,C
1-PB2,1905,675,0,0,0,675,A
1-PB2,1906,0,0,0,677,677,C
1-PB2,1907,0,664,0,1,665,T
1-PB2,1908,0,1,676,0,677,G
1-PB2,1909,674,0,1,0,675,A
1-PB2,1910,0,0,0,688,688,C
1-PB2,1911,1,678,0,1,680,T
1-PB2,1912,0,0,680,1,681,G
1-PB2,1913,0,677,0,0,677,T
1-PB2,1914,0,0,681,0,681,G
1-PB2,1915,684,0,0,0,684,A
1-PB2,1916,703,0,0,0,703,A
1-PB2,1917,0,687,0,1,688,T
1-PB2,1918,0,0,688,0,688,G
1-PB2,1919,1,674,0,0,675,T
1-PB2,1920,658,0,0,0,658,A
1-PB2,1921,659,2,1,0,662,A
1-PB2,1922,0,1,665,0,666,G
1-PB2,1923,0,1,672,0,673,G
1-PB2,1924,1,1,671,0,673,G
1-PB2,1925,0,2,679,0,681,G
1-PB2,1926,676,1,0,0,677,A
1-PB2,1927,0,678,0,0,678,T
1-PB2,1928,1,0,0,679,680,C
1-PB2,1929,678,0,0,0,678,A
1-PB2,1930,1,1,686,0,688,G
1-PB2,1931,1,2,683,0,686,G
1-PB2,1932,7,0,684,0,691,G
1-PB2,1933,688,0,1,0,689,A
1-PB2,1934,0,670,0,0,670,T
1-PB2,1935,1,2,669,0,672,G
1-PB2,1936,665,0,0,0,665,A
1-PB2,1937,0,1,683,0,684,G
1-PB2,1938,676,0,0,1,677,A
1-PB2,1939,663,0,0,1,664,A
1-PB2,1940,0,676,0,0,676,T
1-PB2,1941,673,0,0,0,673,A
1-PB2,1942,2,0,0,677,679,C
1-PB2,1943,0,677,0,0,677,T
1-PB2,1944,0,673,0,0,673,T
1-PB2,1945,0,0,678,0,678,G
1-PB2,1946,0,659,0,0,659,T
1-PB2,1947,658,0,0,0,658,A
1-PB2,1948,655,0,0,0,655,A
1-PB2,1949,0,3,643,1,647,G
1-PB2,1950,0,1,652,0,653,G
1-PB2,1951,0,1,642,0,643,G
1-PB2,1952,0,1,642,0,643,G
1-PB2,1953,0,0,0,646,646,C
1-PB2,1954,644,0,0,0,644,A
1-PB2,1955,664,0,0,0,664,A
1-PB2,1956,0,663,0,0,663,T
1-PB2,1957,0,663,0,0,663,T
1-PB2,1958,0,0,0,673,673,C
1-PB2,1959,0,661,0,0,661,T
1-PB2,1960,2,0,0,669,671,C
1-PB2,1961,0,0,0,673,673,C
1-PB2,1962,0,669,0,0,669,T
1-PB2,1963,0,2,682,0,684,G
1-PB2,1964,0,664,0,0,664,T
1-PB2,1965,667,0,1,0,668,A
1-PB2,1966,0,670,0,0,670,T
1-PB2,1967,0,659,0,0,659,T
1-PB2,1968,1,1,0,666,668,C
1-PB2,1969,656,0,0,0,656,A
1-PB2,1970,663,0,0,0,663,A
1-PB2,1971,0,0,0,665,665,C
1-PB2,1972,1,652,0,1,654,T
1-PB2,1973,655,0,0,0,655,A
1-PB2,1974,1,0,0,676,677,C
1-PB2,1975,675,0,0,0,675,A
1-PB2,1976,675,0,1,0,676,A
1-PB2,1977,0,0,0,675,675,C
1-PB2,1978,672,0,0,0,672,A
1-PB2,1979,671,0,0,0,671,A
1-PB2,1980,0,1,667,0,668,G
1-PB2,1981,669,0,1,0,670,A
1-PB2,1982,0,0,0,673,673,C
1-PB2,1983,2,0,0,662,664,C
1-PB2,1984,665,0,2,0,667,A
1-PB2,1985,0,0,0,682,682,C
1-PB2,1986,0,680,0,0,680,T
1-PB2,1987,678,0,0,0,678,A
1-PB2,1988,681,0,0,0,681,A
1-PB2,1989,681,0,0,0,681,A
1-PB2,1990,678,0,1,0,679,A
1-PB2,1991,0,2,683,0,685,G
1-PB2,1992,680,0,0,0,680,A
1-PB2,1993,0,0,0,682,682,C
1-PB2,1994,0,663,0,0,663,T
1-PB2,1995,664,0,0,0,664,A
1-PB2,1996,664,0,0,0,664,A
1-PB2,1997,0,0,0,665,665,C
1-PB2,1998,665,0,0,0,665,A
1-PB2,1999,664,0,0,0,664,A
1-PB2,2000,0,657,0,0,657,T
1-PB2,2001,1,648,0,0,649,T
1-PB2,2002,2,0,0,654,656,C
1-PB2,2003,0,651,0,0,651,T
1-PB2,2004,2,0,0,652,654,C
1-PB2,2005,0,1,654,0,655,G
1-PB2,2006,0,2,654,0,656,G
1-PB2,2007,652,0,0,0,652,A
1-PB2,2008,657,0,0,0,657,A
1-PB2,2009,654,0,0,0,654,A
1-PB2,2010,656,0,0,0,656,A
1-PB2,2011,0,0,651,0,651,G
1-PB2,2012,650,0,0,0,650,A
1-PB2,2013,0,655,0,1,656,T
1-PB2,2014,0,0,657,0,657,G
1-PB2,2015,0,0,0,656,656,C
1-PB2,2016,0,1,0,652,653,C
1-PB2,2017,0,1,652,0,653,G
1-PB2,2018,1,1,645,0,647,G
1-PB2,2019,0,1,0,652,653,C
1-PB2,2020,654,0,0,0,654,A
1-PB2,2021,0,0,0,661,661,C
1-PB2,2022,0,659,0,1,660,T
1-PB2,2023,1,659,0,0,660,T
1-PB2,2024,0,660,0,3,663,T
1-PB2,2025,664,0,0,0,664,A
1-PB2,2026,661,1,0,0,662,A
1-PB2,2027,0,662,0,0,662,T
1-PB2,2028,0,656,0,0,656,T
1-PB2,2029,0,0,658,0,658,G
1-PB2,2030,648,0,0,0,648,A
1-PB2,2031,644,0,0,0,644,A
1-PB2,2032,0,0,651,0,651,G
1-PB2,2033,652,0,1,0,653,A
1-PB2,2034,0,2,0,648,650,C
1-PB2,2035,1,0,0,646,647,C
1-PB2,2036,0,1,0,642,643,C
1-PB2,2037,641,0,0,1,642,A
1-PB2,2038,0,0,652,0,652,G
1-PB2,2039,649,1,1,0,651,A
1-PB2,2040,0,649,1,0,650,T
1-PB2,2041,0,1,645,0,646,G
1-PB2,2042,636,0,0,0,636,A
1-PB2,2043,638,0,0,0,638,A
1-PB2,2044,639,0,1,0,640,A
1-PB2,2045,0,1,638,0,639,G
1-PB2,2046,0,0,0,639,639,C
1-PB2,2047,632,1,0,0,633,A
1-PB2,2048,2,0,0,636,638,C
1-PB2,2049,636,0,0,0,636,A
1-PB2,2050,0,634,0,0,634,T
1-PB2,2051,2,0,0,637,639,C
1-PB2,2052,0,0,0,639,639,C
1-PB2,2053,0,2,640,0,642,G
1-PB2,2054,1,1,637,0,639,G
1-PB2,2055,637,0,0,0,637,A
1-PB2,2056,0,0,643,0,643,G
1-PB2,2057,1,631,0,1,633,T
1-PB2,2058,0,1,627,0,628,G
1-PB2,2059,0,1,627,1,629,G
1-PB2,2060,621,0,0,0,621,A
1-PB2,2061,0,0,620,0,620,G
1-PB2,2062,0,608,0,4,612,T
1-PB2,2063,0,0,0,610,610,C
1-PB2,2064,0,1,0,607,608,C
1-PB2,2065,0,0,609,1,610,G
1-PB2,2066,0,0,0,608,608,C
1-PB2,2067,2,2,0,600,604,C
1-PB2,2068,2,0,617,0,619,G
1-PB2,2069,0,616,0,0,616,T
1-PB2,2070,0,1,0,619,620,C
1-PB2,2071,0,616,0,1,617,T
1-PB2,2072,0,619,0,0,619,T
1-PB2,2073,0,1,618,0,619,G
1-PB2,2074,612,0,0,0,612,A
1-PB2,2075,0,0,617,0,617,G
1-PB2,2076,613,0,0,0,613,A
1-PB2,2077,0,4,596,0,600,G
1-PB2,2078,0,0,598,0,598,G
1-PB2,2079,0,0,599,0,599,G
1-PB2,2080,0,591,1,2,594,T
1-PB2,2081,0,589,1,0,590,T
1-PB2,2082,0,596,2,1,599,T
1-PB2,2083,2,0,0,598,600,C
1-PB2,2084,0,596,0,1,597,T
1-PB2,2085,1,0,0,625,626,C
1-PB2,2086,620,0,0,0,620,A
1-PB2,2087,0,613,0,4,617,T
1-PB2,2088,0,614,0,2,616,T
1-PB2,2089,618,0,0,0,618,A
1-PB2,2090,0,618,0,0,618,T
1-PB2,2091,614,0,0,0,614,A
1-PB2,2092,0,2,615,0,617,G
1-PB2,2093,0,0,619,0,619,G
1-PB2,2094,0,588,0,0,588,T
1-PB2,2095,590,0,0,0,590,A
1-PB2,2096,586,0,0,0,586,A
1-PB2,2097,0,2,585,0,587,G
1-PB2,2098,0,1,583,0,584,G
1-PB2,2099,580,0,0,0,580,A
1-PB2,2100,567,0,0,0,567,A
1-PB2,2101,0,0,571,0,571,G
1-PB2,2102,563,0,1,0,564,A
1-PB2,2103,1,0,0,563,564,C
1-PB2,2104,561,0,0,0,561,A
1-PB2,2105,0,1,562,0,563,G
1-PB2,2106,555,0,1,0,556,A
1-PB2,2107,552,0,1,0,553,A
1-PB2,2108,0,0,552,0,552,G
1-PB2,2109,0,0,542,0,542,G
1-PB2,2110,0,555,0,0,555,T
1-PB2,2111,559,0,0,0,559,A
1-PB2,2112,0,0,0,559,559,C
1-PB2,2113,1,0,553,0,554,G
1-PB2,2114,0,0,565,0,565,G
1-PB2,2115,563,0,0,0,563,A
1-PB2,2116,0,1,0,558,559,C
1-PB2,2117,1,0,0,555,556,C
1-PB2,2118,536,0,0,0,536,A
1-PB2,2119,0,0,550,0,550,G
1-PB2,2120,0,1,0,550,551,C
1-PB2,2121,551,0,0,0,551,A
1-PB2,2122,0,549,0,0,549,T
1-PB2,2123,0,522,0,0,522,T
1-PB2,2124,522,0,0,0,522,A
1-PB2,2125,520,0,0,0,520,A
1-PB2,2126,0,0,523,0,523,G
1-PB2,2127,0,0,0,522,522,C
1-PB2,2128,497,1,1,0,499,A
1-PB2,2129,0,508,0,0,508,T
1-PB2,2130,0,0,0,506,506,C
1-PB2,2131,506,1,0,0,507,A
1-PB2,2132,505,0,0,0,505,A
1-PB2,2133,0,504,0,0,504,T
1-PB2,2134,1,1,503,0,505,G
1-PB2,2135,503,0,0,0,503,A
1-PB2,2136,503,0,0,0,503,A
1-PB2,2137,0,0,0,510,510,C
1-PB2,2138,0,478,0,0,478,T
1-PB2,2139,0,1,485,0,486,G
1-PB2,2140,482,0,0,0,482,A
1-PB2,2141,0,0,483,0,483,G
1-PB2,2142,0,483,0,0,483,T
1-PB2,2143,477,0,1,0,478,A
1-PB2,2144,478,0,0,0,478,A
1-PB2,2145,0,0,0,477,477,C
1-PB2,2146,1,0,0,461,462,C
1-PB2,2147,0,459,0,0,459,T
1-PB2,2148,0,443,0,1,444,T
1-PB2,2149,1,0,444,0,445,G
1-PB2,2150,1,0,0,441,442,C
1-PB2,2151,444,0,0,0,444,A
1-PB2,2152,442,0,0,0,442,A
1-PB2,2153,441,0,1,0,442,A
1-PB2,2154,438,0,0,0,438,A
1-PB2,2155,0,2,436,0,438,G
1-PB2,2156,0,0,442,0,442,G
1-PB2,2157,0,1,441,0,442,G
1-PB2,2158,0,0,442,0,442,G
1-PB2,2159,440,0,0,0,440,A
1-PB2,2160,438,0,1,0,439,A
1-PB2,2161,439,0,0,0,439,A
1-PB2,2162,437,0,1,0,438,A
1-PB2,2163,0,0,441,0,441,G
1-PB2,2164,0,0,441,0,441,G
1-PB2,2165,0,0,0,442,442,C
1-PB2,2166,0,435,0,0,435,T
1-PB2,2167,434,0,0,0,434,A
1-PB2,2168,436,0,0,0,436,A
1-PB2,2169,0,434,0,0,434,T
1-PB2,2170,0,0,441,0,441,G
1-PB2,2171,0,430,0,0,430,T
1-PB2,2172,0,0,426,0,426,G
1-PB2,2173,0,0,0,429,429,C
1-PB2,2174,0,422,0,1,423,T
1-PB2,2175,425,0,0,0,425,A
1-PB2,2176,423,0,0,0,423,A
1-PB2,2177,0,421,0,0,421,T
1-PB2,2178,0,0,0,421,421,C
1-PB2,2179,1,0,407,0,408,G
1-PB2,2180,0,0,410,0,410,G
1-PB2,2181,1,0,410,0,411,G
1-PB2,2182,1,0,0,406,407,C
1-PB2,2183,409,0,0,0,409,A
1-PB2,2184,407,0,0,0,407,A
1-PB2,2185,0,0,408,0,408,G
1-PB2,2186,1,1,407,0,409,G
1-PB2,2187,409,0,1,0,410,A
1-PB2,2188,0,1,410,0,411,G
1-PB2,2189,390,0,1,0,391,A
1-PB2,2190,0,0,0,391,391,C
1-PB2,2191,0,0,390,0,390,G
1-PB2,2192,1,388,0,0,389,T
1-PB2,2193,0,0,385,0,385,G
1-PB2,2194,0,0,391,0,391,G
1-PB2,2195,0,385,0,0,385,T
1-PB2,2196,0,0,386,0,386,G
1-PB2,2197,0,372,0,0,372,T
1-PB2,2198,0,372,0,0,372,T
1-PB2,2199,0,0,368,0,368,G
1-PB2,2200,0,0,370,0,370,G
1-PB2,2201,0,370,0,0,370,T
1-PB2,2202,360,0,0,0,360,A
1-PB2,2203,351,0,0,0,351,A
1-PB2,2204,0,339,0,0,339,T
1-PB2,2205,0,0,336,0,336,G
1-PB2,2206,334,0,0,0,334,A
1-PB2,2207,332,0,0,0,332,A
1-PB2,2208,332,0,1,0,333,A
1-PB2,2209,0,1,0,330,331,C
1-PB2,2210,0,0,330,0,330,G
1-PB2,2211,329,0,0,0,329,A
1-PB2,2212,330,0,0,0,330,A
1-PB2,2213,329,0,0,0,329,A
1-PB2,2214,330,0,0,0,330,A
1-PB2,2215,1,0,0,327,328,C
1-PB2,2216,0,1,327,0,328,G
1-PB2,2217,0,0,327,0,327,G
1-PB2,2218,0,0,327,0,327,G
1-PB2,2219,326,0,1,0,327,A
1-PB2,2220,0,2,0,323,325,C
1-PB2,2221,0,321,0,0,321,T
1-PB2,2222,1,0,0,321,322,C
1-PB2,2223,0,320,0,0,320,T
1-PB2,2224,323,0,0,0,323,A
1-PB2,2225,0,1,324,0,325,G
1-PB2,2226,0,0,0,321,321,C
1-PB2,2227,318,0,0,0,318,A
1-PB2,2228,0,318,0,0,318,T
1-PB2,2229,308,0,1,0,309,A
1-PB2,2230,0,0,0,311,311,C
1-PB2,2231,0,268,0,0,268,T
1-PB2,2232,0,268,0,0,268,T
1-PB2,2233,263,0,0,0,263,A
1-PB2,2234,4,0,0,257,261,C
1-PB2,2235,0,260,0,0,260,T
1-PB2,2236,0,0,260,0,260,G
1-PB2,2237,251,0,0,0,251,A
1-PB2,2238,0,0,0,253,253,C
1-PB2,2239,231,0,0,0,231,A
1-PB2,2240,0,0,232,0,232,G
1-PB2,2241,0,0,0,228,228,C
1-PB2,2242,1,0,1,226,228,C
1-PB2,2243,223,0,1,0,224,A
1-PB2,2244,0,0,224,0,224,G
1-PB2,2245,223,0,1,0,224,A
1-PB2,2246,0,0,0,225,225,C
1-PB2,2247,208,0,0,0,208,A
1-PB2,2248,0,0,209,0,209,G
1-PB2,2249,0,0,0,192,192,C
1-PB2,2250,0,0,192,0,192,G
1-PB2,2251,192,0,0,0,192,A
1-PB2,2252,0,0,0,191,191,C
1-PB2,2253,0,0,0,190,190,C
1-PB2,2254,190,0,0,0,190,A
1-PB2,2255,190,0,0,0,190,A
1-PB2,2256,189,0,0,0,189,A
1-PB2,2257,188,0,0,0,188,A
1-PB2,2258,0,0,188,0,188,G
1-PB2,2259,182,0,0,0,182,A
1-PB2,2260,182,0,0,0,182,A
1-PB2,2261,0,181,0,0,181,T
1-PB2,2262,0,179,0,0,179,T
1-PB2,2263,1,0,1,178,180,C
1-PB2,2264,0,1,174,0,175,G
1-PB2,2265,0,0,176,0,176,G
1-PB2,2266,175,0,0,0,175,A
1-PB2,2267,0,169,0,0,169,T
1-PB2,2268,0,0,168,0,168,G
1-PB2,2269,0,0,166,0,166,G
1-PB2,2270,0,0,0,168,168,C
1-PB2,2271,1,0,0,165,166,C
1-PB2,2272,167,0,0,0,167,A
1-PB2,2273,0,166,0,0,166,T
1-PB2,2274,0,0,0,166,166,C
1-PB2,2275,166,0,0,0,166,A
1-PB2,2276,166,0,0,0,166,A
1-PB2,2277,0,165,0,1,166,T
1-PB2,2278,0,153,0,0,153,T
1-PB2,2279,147,0,0,0,147,A
1-PB2,2280,148,0,0,0,148,A
2-PB1,1,299,0,0,0,299,A
2-PB1,2,0,300,0,0,300,T
2-PB1,3,0,0,303,0,303,G
2-PB1,4,0,0,330,0,330,G
2-PB1,5,367,0,0,0,367,A
2-PB1,6,0,388,0,0,388,T
2-PB1,7,0,0,392,0,392,G
2-PB1,8,0,396,0,1,397,T
2-PB1,9,0,0,0,426,426,C
2-PB1,10,432,0,0,0,432,A
2-PB1,11,458,0,0,0,458,A
2-PB1,12,0,458,0,1,459,T
2-PB1,13,1,0,0,471,472,C
2-PB1,14,0,0,0,506,506,C
2-PB1,15,1,3,507,1,512,G
2-PB1,16,577,0,0,0,577,A
2-PB1,17,0,0,0,589,589,C
2-PB1,18,0,585,0,1,586,T
2-PB1,19,0,0,0,692,692,C
2-PB1,20,0,693,0,1,694,T
2-PB1,21,700,0,0,0,700,A
2-PB1,22,0,0,0,700,700,C
2-PB1,23,0,699,0,0,699,T
2-PB1,24,0,0,789,0,789,G
2-PB1,25,0,795,0,0,795,T
2-PB1,26,0,795,0,0,795,T
2-PB1,27,0,0,0,794,794,C
2-PB1,28,0,0,0,792,792,C
2-PB1,29,0,931,0,1,932,T
2-PB1,30,945,0,1,0,946,A
2-PB1,31,944,0,0,0,944,A
2-PB1,32,952,0,0,0,952,A
2-PB1,33,1,0,952,0,953,G
2-PB1,34,0,2,959,0,961,G
2-PB1,35,0,968,0,1,969,T
2-PB1,36,0,968,0,1,969,T
2-PB1,37,0,0,0,974,974,C
2-PB1,38,0,0,1,973,974,C
2-PB1,39,969,1,2,0,972,A
2-PB1,40,0,0,989,0,989,G
2-PB1,41,1,0,0,991,992,C
2-PB1,42,0,1,993,0,994,G
2-PB1,43,0,1,0,990,991,C
2-PB1,44,993,0,0,0,993,A
2-PB1,45,997,0,0,0,997,A
2-PB1,46,997,0,0,0,997,A
2-PB1,47,1012,0,0,0,1012,A
2-PB1,48,0,1020,0,0,1020,T
2-PB1,49,0,2,1056,0,1058,G
2-PB1,50,0,0,0,1066,1066,C
2-PB1,51,1,18,0,1051,1070,C
2-PB1,52,1073,0,3,0,1076,A
2-PB1,53,0,1081,0,0,1081,T
2-PB1,54,1149,0,0,0,1149,A
2-PB1,55,1156,0,0,0,1156,A
2-PB1,56,0,1,1216,0,1217,G
2-PB1,57,0,0,0,1220,1220,C
2-PB1,58,1218,0,0,0,1218,A
2-PB1,59,0,2,0,1261,1263,C
2-PB1,60,1265,0,2,0,1267,A
2-PB1,61,1336,0,1,0,1337,A
2-PB1,62,1,0,0,1338,1339,C
2-PB1,63,1336,0,1,0,1337,A
2-PB1,64,1,1348,0,0,1349,T
2-PB1,65,1,1342,0,0,1343,T
2-PB1,66,2,0,0,1642,1644,C
2-PB1,67,4,0,0,1642,1646,C
2-PB1,68,4,0,0,1664,1668,C
2-PB1,69,0,1687,0,1,1688,T
2-PB1,70,0,1675,0,1,1676,T
2-PB1,71,1811,0,0,0,1811,A
2-PB1,72,1,1814,0,1,1816,T
2-PB1,73,1834,1,0,0,1835,A
2-PB1,74,0,1,0,1855,1856,C
2-PB1,75,0,1805,0,1,1806,T
2-PB1,76,0,5,1821,0,1826,G
2-PB1,77,0,7,1827,0,1834,G
2-PB1,78,1830,0,0,0,1830,A
2-PB1,79,0,1,1833,0,1834,G
2-PB1,80,1829,1,0,0,1830,A
2-PB1,81,0,1831,0,8,1839,T
2-PB1,82,2,0,0,1943,1945,C
2-PB1,83,2,0,0,1949,1951,C
2-PB1,84,0,1958,0,3,1961,T
2-PB1,85,1,0,0,2079,2080,C
2-PB1,86,4,0,0,2078,2082,C
2-PB1,87,2103,0,1,0,2104,A
2-PB1,88,0,2104,0,0,2104,T
2-PB1,89,2100,0,1,0,2101,A
2-PB1,90,0,2,0,2108,2110,C
2-PB1,91,2089,1,0,0,2090,A
2-PB1,92,0,1,2165,0,2166,G
2-PB1,93,0,2,0,2181,2183,C
2-PB1,94,4,0,0,2168,2172,C
2-PB1,95,2171,0,0,0,2171,A
2-PB1,96,0,2174,0,2,2176,T
2-PB1,97,1,4,2176,1,2182,G
2-PB1,98,0,12,2279,0,2291,G
2-PB1,99,2296,1,4,0,2301,A
2-PB1,100,2300,0,2,0,2302,A
2-PB1,101,1,0,0,2297,2298,C
2-PB1,102,2273,0,5,0,2278,A
2-PB1,103,0,3,2329,0,2332,G
2-PB1,104,1,4,2363,0,2368,G
2-PB1,105,2368,0,2,0,2370,A
2-PB1,106,2373,0,2,0,2375,A
2-PB1,107,1,1,0,2388,2390,C
2-PB1,108,2377,0,1,0,2378,A
2-PB1,109,0,5,2658,1,2664,G
2-PB1,110,0,5,2670,1,2676,G
2-PB1,111,0,1,2721,1,2723,G
2-PB1,112,0,2715,0,0,2715,T
2-PB1,113,2722,0,1,0,2723,A
2-PB1,114,0,3,0,2749,2752,C
2-PB1,115,2844,0,4,0,2848,A
2-PB1,116,0,0,1,2964,2965,C
2-PB1,117,4,1,0,2956,2961,C
2-PB1,118,2909,0,0,0,2909,A
2-PB1,119,0,2907,0,1,2908,T
2-PB1,120,1,5,2914,0,2920,G
2-PB1,121,0,14,2917,0,2931,G
2-PB1,122,2925,0,4,0,2929,A
2-PB1,123,0,0,0,2939,2939,C
2-PB1,124,2879,0,2,0,2881,A
2-PB1,125,0,0,0,2935,2935,C
2-PB1,126,2921,1,1,0,2923,A
2-PB1,127,0,2,2959,1,2962,G
2-PB1,128,0,2956,0,1,2957,T
2-PB1,129,5,1,0,3033,3039,C
2-PB1,130,3034,0,0,0,3034,A
2-PB1,131,3063,1,5,0,3069,A
2-PB1,132,0,2,0,3070,3072,C
2-PB1,133,3053,0,1,0,3054,A
2-PB1,134,0,7,3077,0,3084,G
2-PB1,135,3051,1,7,0,3059,A
2-PB1,136,3055,0,2,0,3057,A
2-PB1,137,2,1,0,3053,3056,C
2-PB1,138,3015,2,5,0,3022,A
2-PB1,139,0,1,0,3019,3020,C
2-PB1,140,3007,0,3,0,3010,A
2-PB1,141,1,2981,0,2,2984,T
2-PB1,142,5,0,0,3178,3183,C
2-PB1,143,3204,1,1,0,3206,A
2-PB1,144,3240,1,2,0,3243,A
2-PB1,145,0,3297,0,0,3297,T
2-PB1,146,3388,0,0,0,3388,A
2-PB1,147,0,3395,0,2,3397,T
2-PB1,148,1,3337,0,1,3339,T
2-PB1,149,7,0,0,3343,3350,C
2-PB1,150,3313,2,2,2,3319,A
2-PB1,151,0,11,3309,0,3320,G
2-PB1,152,3305,1,1,2,3309,A
2-PB1,153,0,5,3304,0,3309,G
2-PB1,154,3267,2,1,0,3270,A
2-PB1,155,3,7,3205,0,3215,G
2-PB1,156,1,6,3210,0,3217,G
2-PB1,157,3,4,3322,2,3331,G
2-PB1,158,0,6,3325,0,3331,G
2-PB1,159,1,6,3368,0,3375,G
2-PB1,160,3369,0,4,0,3373,A
2-PB1,161,3378,0,2,0,3380,A
2-PB1,162,9,3,3388,0,3400,G
2-PB1,163,0,3374,1,2,3377,T
2-PB1,164,1,10,3363,0,3374,G
2-PB1,165,2,2,3378,0,3382,G
2-PB1,166,3371,0,5,0,3376,A
2-PB1,167,1,0,0,3378,3379,C
2-PB1,168,0,3347,1,0,3348,T
2-PB1,169,3435,1,0,0,3436,A
2-PB1,170,2,0,0,3466,3468,C
2-PB1,171,3466,1,0,0,3467,A
2-PB1,172,3466,1,1,0,3468,A
2-PB1,173,3469,0,2,1,3472,A
2-PB1,174,0,3541,0,0,3541,T
2-PB1,175,3552,1,0,0,3553,A
2-PB1,176,1,1,0,3551,3553,C
2-PB1,177,3502,1,2,0,3505,A
2-PB1,178,0,3,3515,2,3520,G
2-PB1,179,3519,0,2,0,3521,A
2-PB1,180,3561,0,3,0,3564,A
2-PB1,181,3566,0,3,0,3569,A
2-PB1,182,0,1,0,3575,3576,C
2-PB1,183,0,3544,0,0,3544,T
2-PB1,184,3,8,3533,0,3544,G
2-PB1,185,0,4,3539,0,3543,G
2-PB1,186,9,6,3509,0,3524,G
2-PB1,187,1,0,3546,0,3547,G
2-PB1,188,2,2,0,3543,3547,C
2-PB1,189,3545,0,2,0,3547,A
2-PB1,190,2,2,0,3685,3689,C
2-PB1,191,7,0,0,3671,3678,C
2-PB1,192,7,1,0,3674,3682,C
2-PB1,193,3,1,0,3695,3699,C
2-PB1,194,3701,0,4,1,3706,A
2-PB1,195,3741,1,2,0,3744,A
2-PB1,196,1,0,0,3746,3747,C
2-PB1,197,0,3732,0,2,3734,T
2-PB1,198,9,3,0,3738,3750,C
2-PB1,199,3657,0,1,0,3658,A
2-PB1,200,3713,2,5,0,3720,A
2-PB1,201,2,1,1,3710,3714,C
2-PB1,202,7,0,0,3693,3700,C
2-PB1,203,7,0,0,3717,3724,C
2-PB1,204,3704,0,1,0,3705,A
2-PB1,205,3719,0,0,0,3719,A
2-PB1,206,0,3746,0,0,3746,T
2-PB1,207,1,3742,0,2,3745,T
2-PB1,208,0,4,3759,0,3763,G
2-PB1,209,3727,0,4,0,3731,A
2-PB1,210,2,3735,0,1,3738,T
2-PB1,211,2,11,3717,2,3732,G
2-PB1,212,3,10,3766,2,3781,G
2-PB1,213,3815,0,3,0,3818,A
2-PB1,214,0,2,0,3839,3841,C
2-PB1,215,6,1,0,3828,3835,C
2-PB1,216,3834,4,4,0,3842,A
2-PB1,217,0,0,0,3914,3914,C
2-PB1,218,1,3922,0,0,3923,T
2-PB1,219,3987,2,2,0,3991,A
2-PB1,220,4,2,0,4024,4030,C
2-PB1,221,5,2,0,3999,4006,C
2-PB1,222,1,3953,0,4,3958,T
2-PB1,223,3,4,3975,0,3982,G
2-PB1,224,3950,0,14,0,3964,A
2-PB1,225,11,9,3968,0,3988,G
2-PB1,226,0,7,3961,0,3968,G
2-PB1,227,3956,1,3,1,3961,A
2-PB1,228,0,3941,0,0,3941,T
2-PB1,229,3862,0,1,0,3863,A
2-PB1,230,3862,1,7,1,3871,A
2-PB1,231,0,3867,1,1,3869,T
2-PB1,232,2,15,3852,0,3869,G
2-PB1,233,3859,0,1,0,3860,A
2-PB1,234,3841,0,3,0,3844,A
2-PB1,235,2,0,0,3846,3848,C
2-PB1,236,7,2,0,3790,3799,C
2-PB1,237,3805,1,1,0,3807,A
2-PB1,238,3815,1,2,0,3818,A
2-PB1,239,0,2,3840,0,3842,G
2-PB1,240,0,3834,0,1,3835,T
2-PB1,241,2,13,3812,1,3828,G
2-PB1,242,0,8,3875,1,3884,G
2-PB1,243,3874,1,1,0,3876,A
2-PB1,244,0,3851,0,0,3851,T
2-PB1,245,3860,0,3,0,3863,A
2-PB1,246,0,3938,1,2,3941,T
2-PB1,247,3,3,3957,0,3963,G
2-PB1,248,2,3,0,3969,3974,C
2-PB1,249,3970,1,3,0,3974,A
2-PB1,250,0,2,0,4068,4070,C
2-PB1,251,4018,0,2,0,4020,A
2-PB1,252,4082,2,2,0,4086,A
2-PB1,253,4078,3,1,0,4082,A
2-PB1,254,2,0,0,4091,4093,C
2-PB1,255,4008,0,2,0,4010,A
2-PB1,256,0,14,4059,0,4073,G
2-PB1,257,4062,1,3,0,4066,A
2-PB1,258,4,1,0,4080,4085,C
2-PB1,259,2,3971,0,2,3975,T
2-PB1,260,0,3,4061,0,4064,G
2-PB1,261,2,4008,0,6,4016,T
2-PB1,262,2,0,4174,0,4176,G
2-PB1,263,1,4170,0,1,4172,T
2-PB1,264,6,0,1,4179,4186,C
2-PB1,265,5,1,0,4174,4180,C
2-PB1,266,1,4135,0,3,4139,T
2-PB1,267,1,4,4129,0,4134,G
2-PB1,268,0,7,4121,0,4128,G
2-PB1,269,4077,1,4,0,4082,A
2-PB1,270,1,6,4140,0,4147,G
2-PB1,271,2,2,4040,0,4044,G
2-PB1,272,1,0,0,4066,4067,C
2-PB1,273,0,4045,0,2,4047,T
2-PB1,274,4055,0,1,0,4056,A
2-PB1,275,2,4059,0,2,4063,T
2-PB1,276,1,5,4054,0,4060,G
2-PB1,277,3,0,4057,0,4060,G
2-PB1,278,3,1,1,4039,4044,C
2-PB1,279,3945,1,1,0,3947,A
2-PB1,280,1,3955,0,1,3957,T
2-PB1,281,0,4072,0,1,4073,T
2-PB1,282,7,0,0,4093,4100,C
2-PB1,283,22,0,1,4061,4084,C
2-PB1,284,0,4086,0,2,4088,T
2-PB1,285,1,4077,0,2,4080,T
2-PB1,286,0,6,4096,0,4102,G
2-PB1,287,4095,1,1,1,4098,A
2-PB1,288,4099,1,2,0,4102,A
2-PB1,289,2,10,4096,1,4109,G
2-PB1,290,4025,0,0,0,4025,A
2-PB1,291,4046,0,4,0,4050,A
2-PB1,292,0,4055,0,2,4057,T
2-PB1,293,6,2,0,4048,4056,C
2-PB1,294,7,0,0,4034,4041,C
2-PB1,295,5,1,0,4042,4048,C
2-PB1,296,4070,1,3,0,4074,A
2-PB1,297,3,2,0,4087,4092,C
2-PB1,298,10,0,0,4068,4078,C
2-PB1,299,15,0,1,4071,4087,C
2-PB1,300,4034,1,5,0,4040,A
2-PB1,301,0,7,4079,0,4086,G
2-PB1,302,0,0,4101,0,4101,G
2-PB1,303,0,4087,1,3,4091,T
2-PB1,304,4117,0,1,1,4119,A
2-PB1,305,0,4102,1,0,4103,T
2-PB1,306,12,1,0,4089,4102,C
2-PB1,307,0,4102,0,2,4104,T
2-PB1,308,3,4113,0,0,4116,T
2-PB1,309,0,4098,0,1,4099,T
2-PB1,310,0,9,4077,0,4086,G
2-PB1,311,4037,2,9,0,4048,A
2-PB1,312,0,13,4046,0,4059,G
2-PB1,313,4033,0,2,0,4035,A
2-PB1,314,4048,1,0,0,4049,A
2-PB1,315,0,1,0,4090,4091,C
2-PB1,316,0,4052,1,2,4055,T
2-PB1,317,9,4,2,4047,4062,C
2-PB1,318,4050,0,2,1,4053,A
2-PB1,319,0,4060,1,2,4063,T
2-PB1,320,2,2,4073,0,4077,G
2-PB1,321,0,1,0,4119,4120,C
2-PB1,322,7,0,0,4132,4139,C
2-PB1,323,1,4126,1,1,4129,T
2-PB1,324,2,4101,0,4,4107,T
2-PB1,325,0,8,4109,0,4117,G
2-PB1,326,4134,0,3,1,4138,A
2-PB1,327,4146,0,1,0,4147,A
2-PB1,328,4139,1,2,1,4143,A
2-PB1,329,3,0,0,4188,4191,C
2-PB1,330,4101,1,3,0,4105,A
2-PB1,331,4141,0,0,1,4142,A
2-PB1,332,1,4133,0,1,4135,T
2-PB1,333,2,4,4121,0,4127,G
2-PB1,334,1,5,4126,2,4134,G
2-PB1,335,4097,1,1,0,4099,A
2-PB1,336,4096,0,3,1,4100,A
2-PB1,337,0,0,4096,0,4096,G
2-PB1,338,1,2,1,4097,4101,C
2-PB1,339,5,1,0,4066,4072,C
2-PB1,340,6,0,4112,0,4118,G
2-PB1,341,0,4104,0,6,4110,T
2-PB1,342,0,4118,0,2,4120,T
2-PB1,343,11,0,0,4138,4149,C
2-PB1,344,4138,1,3,0,4142,A
2-PB1,345,4182,1,3,0,4186,A
2-PB1,346,0,1,0,4188,4189,C
2-PB1,347,4155,2,2,0,4159,A
2-PB1,348,1,6,4198,0,4205,G
2-PB1,349,4146,1,12,0,4159,A
2-PB1,350,0,4,0,4155,4159,C
2-PB1,351,4150,0,3,0,4153,A
2-PB1,352,4164,0,7,0,4171,A
2-PB1,353,0,3,4194,0,4197,G
2-PB1,354,1,7,4144,0,4152,G
2-PB1,355,2,1,4172,0,4175,G
2-PB1,356,1,4095,2,2,4100,T
2-PB1,357,1,10,4099,0,4110,G
2-PB1,358,0,8,4102,1,4111,G
2-PB1,359,4104,0,7,2,4113,A
2-PB1,360,0,1,0,4118,4119,C
2-PB1,361,4050,2,2,0,4054,A
2-PB1,362,4129,1,1,0,4131,A
2-PB1,363,4127,0,0,0,4127,A
2-PB1,364,1,2,0,4123,4126,C
2-PB1,365,0,4126,1,2,4129,T
2-PB1,366,4108,2,3,1,4114,A
2-PB1,367,4137,1,4,0,4142,A
2-PB1,368,4,1,0,4144,4149,C
2-PB1,369,5,1,1,4136,4143,C
2-PB1,370,16,3,1,4125,4145,C
2-PB1,371,4057,0,0,1,4058,A
2-PB1,372,4050,1,2,1,4054,A
2-PB1,373,1,7,4045,0,4053,G
2-PB1,374,1,1,4057,1,4060,G
2-PB1,375,0,4046,0,4,4050,T
2-PB1,376,10,1,0,4009,4020,C
2-PB1,377,3,3,4028,0,4034,G
2-PB1,378,0,2,0,4026,4028,C
2-PB1,379,3,1,1,4039,4044,C
2-PB1,380,4037,1,0,1,4039,A
2-PB1,381,0,7,4103,0,4110,G
2-PB1,382,4150,0,1,1,4152,A
2-PB1,383,4,0,1,4162,4167,C
2-PB1,384,0,4153,0,2,4155,T
2-PB1,385,0,4154,0,1,4155,T
2-PB1,386,4158,1,1,0,4160,A
2-PB1,387,0,4172,1,2,4175,T
2-PB1,388,8,13,4156,0,4177,G
2-PB1,389,4157,0,3,0,4160,A
2-PB1,390,0,4082,1,1,4084,T
2-PB1,391,1,3959,1,2,3963,T
2-PB1,392,1,6,3943,0,3950,G
2-PB1,393,3,4,3957,0,3964,G
2-PB1,394,3980,1,6,0,3987,A
2-PB1,395,1,2,0,3978,3981,C
2-PB1,396,3942,0,7,1,3950,A
2-PB1,397,0,3927,0,1,3928,T
2-PB1,398,0,3952,0,0,3952,T
2-PB1,399,3971,0,4,0,3975,A
2-PB1,400,3952,0,4,2,3958,A
2-PB1,401,3970,1,5,0,3976,A
2-PB1,402,1,2,0,3970,3973,C
2-PB1,403,3897,2,1,0,3900,A
2-PB1,404,1,7,3922,0,3930,G
2-PB1,405,3905,0,1,0,3906,A
2-PB1,406,3897,0,1,0,3898,A
2-PB1,407,3901,0,5,1,3907,A
2-PB1,408,0,3880,0,1,3881,T
2-PB1,409,16,0,0,3869,3885,C
2-PB1,410,3875,0,0,0,3875,A
2-PB1,411,3884,0,1,0,3885,A
2-PB1,412,1,1,0,3871,3873,C
2-PB1,413,5,2,0,3855,3862,C
2-PB1,414,5,3,3866,0,3874,G
2-PB1,415,0,1,3875,0,3876,G
2-PB1,416,0,2,0,3879,3881,C
2-PB1,417,3874,0,2,0,3876,A
2-PB1,418,1,0,3885,0,3886,G
2-PB1,419,4,3,0,3897,3904,C
2-PB1,420,3904,1,2,0,3907,A
2-PB1,421,3908,0,1,0,3909,A
2-PB1,422,1,2,0,3907,3910,C
2-PB1,423,0,3899,0,5,3904,T
2-PB1,424,2,3,4052,0,4057,G
2-PB1,425,0,1,0,4047,4048,C
2-PB1,426,4055,0,3,0,4058,A
2-PB1,427,0,4060,1,1,4062,T
2-PB1,428,0,4000,1,0,4001,T
2-PB1,429,4210,0,3,1,4214,A
2-PB1,430,1,1,4229,1,4232,G
2-PB1,431,1,3,0,4203,4207,C
2-PB1,432,9,1,0,4196,4206,C
2-PB1,433,4051,0,2,0,4053,A
2-PB1,434,4074,0,4,0,4078,A
2-PB1,435,1,1,1,4086,4089,C
2-PB1,436,4099,1,1,0,4101,A
2-PB1,437,3,0,0,4213,4216,C
2-PB1,438,17,2,0,3910,3929,C
2-PB1,439,3928,0,2,0,3930,A
2-PB1,440,0,3920,0,2,3922,T
2-PB1,441,3927,0,1,0,3928,A
2-PB1,442,1,2,3924,0,3927,G
2-PB1,443,3904,0,1,1,3906,A
2-PB1,444,3849,0,1,0,3850,A
2-PB1,445,0,1,3864,0,3865,G
2-PB1,446,0,3719,2,0,3721,T
2-PB1,447,0,3729,0,1,3730,T
2-PB1,448,0,3719,1,0,3720,T
2-PB1,449,0,3726,1,0,3727,T
2-PB1,450,0,3744,0,0,3744,T
2-PB1,451,3732,0,0,0,3732,A
2-PB1,452,2,4,3742,0,3748,G
2-PB1,453,3749,0,0,1,3750,A
2-PB1,454,0,3710,0,5,3715,T
2-PB1,455,3,0,0,3712,3715,C
2-PB1,456,0,3693,0,0,3693,T
2-PB1,457,3706,2,2,0,3710,A
2-PB1,458,3712,1,2,0,3715,A
2-PB1,459,1,1,0,3722,3724,C
2-PB1,460,3,7,3723,0,3733,G
2-PB1,461,3,6,3796,1,3806,G
2-PB1,462,3797,1,2,0,3800,A
2-PB1,463,0,3802,0,0,3802,T
2-PB1,464,1,3782,1,0,3784,T
2-PB1,465,3797,0,3,0,3800,A
2-PB1,466,3795,0,5,0,3800,A
2-PB1,467,1,0,1,3807,3809,C
2-PB1,468,3771,1,2,2,3776,A
2-PB1,469,0,1,3801,1,3803,G
2-PB1,470,3,1,1,3732,3737,C
2-PB1,471,1,3738,1,1,3741,T
2-PB1,472,3748,0,0,0,3748,A
2-PB1,473,3750,0,0,0,3750,A
2-PB1,474,0,3749,0,1,3750,T
2-PB1,475,10,19,3771,0,3800,G
2-PB1,476,3777,0,0,2,3779,A
2-PB1,477,3777,0,3,0,3780,A
2-PB1,478,0,3729,0,2,3731,T
2-PB1,479,9,0,0,3736,3745,C
2-PB1,480,3740,1,8,1,3750,A
2-PB1,481,0,1,3739,0,3740,G
2-PB1,482,1,2,3733,0,3736,G
2-PB1,483,3719,3,1,1,3724,A
2-PB1,484,3663,0,3,0,3666,A
2-PB1,485,0,5,3766,0,3771,G
2-PB1,486,0,0,3778,0,3778,G
2-PB1,487,0,0,0,3772,3772,C
2-PB1,488,0,3766,0,3,3769,T
2-PB1,489,3771,0,0,0,3771,A
2-PB1,490,3765,0,2,7,3774,A
2-PB1,491,0,3779,0,0,3779,T
2-PB1,492,3775,0,5,1,3781,A
2-PB1,493,1,7,3780,0,3788,G
2-PB1,494,3568,0,0,1,3569,A
2-PB1,495,2,3547,0,2,3551,T
2-PB1,496,0,3541,1,0,3542,T
2-PB1,497,0,3554,0,2,3556,T
2-PB1,498,7,0,0,3640,3647,C
2-PB1,499,3,1,0,3650,3654,C
2-PB1,500,0,3658,0,6,3664,T
2-PB1,501,2,8,0,3648,3658,C
2-PB1,502,3645,0,1,0,3646,A
2-PB1,503,3661,0,0,0,3661,A
2-PB1,504,0,5,3674,0,3679,G
2-PB1,505,1,6,3712,0,3719,G
2-PB1,506,3706,0,1,0,3707,A
2-PB1,507,0,3572,0,2,3574,T
2-PB1,508,0,3,3607,1,3611,G
2-PB1,509,0,3596,1,3,3600,T
2-PB1,510,1,5,3612,1,3619,G
2-PB1,511,3616,0,2,0,3618,A
2-PB1,512,0,3608,0,3,3611,T
2-PB1,513,2,3,3580,0,3585,G
2-PB1,514,0,4,3567,0,3571,G
2-PB1,515,3586,0,4,0,3590,A
2-PB1,516,3580,0,4,0,3584,A
2-PB1,517,0,3540,0,0,3540,T
2-PB1,518,13,0,0,3534,3547,C
2-PB1,519,3512,0,2,0,3514,A
2-PB1,520,3521,0,0,0,3521,A
2-PB1,521,0,3525,0,2,3527,T
2-PB1,522,1,7,3549,0,3557,G
2-PB1,523,1,3,3567,0,3571,G
2-PB1,524,3554,0,4,0,3558,A
2-PB1,525,1,3548,1,0,3550,T
2-PB1,526,3539,0,0,0,3539,A
2-PB1,527,3536,0,0,0,3536,A
2-PB1,528,3532,0,1,1,3534,A
2-PB1,529,0,1,3580,0,3581,G
2-PB1,530,3551,0,5,0,3556,A
2-PB1,531,0,4,3536,0,3540,G
2-PB1,532,0,4,3538,0,3542,G
2-PB1,533,3515,2,3,0,3520,A
2-PB1,534,3519,0,4,0,3523,A
2-PB1,535,3518,0,5,2,3525,A
2-PB1,536,0,3509,0,1,3510,T
2-PB1,537,4,5,3564,0,3573,G
2-PB1,538,1,4,3562,0,3567,G
2-PB1,539,3516,1,12,0,3529,A
2-PB1,540,1,4,3553,0,3558,G
2-PB1,541,3510,0,1,0,3511,A
2-PB1,542,0,3584,0,1,3585,T
2-PB1,543,3574,0,4,0,3578,A
2-PB1,544,3594,2,1,0,3597,A
2-PB1,545,4,2,0,3605,3611,C
2-PB1,546,3526,1,4,1,3532,A
2-PB1,547,3539,0,3,1,3543,A
2-PB1,548,0,2,0,3535,3537,C
2-PB1,549,3518,0,1,0,3519,A
2-PB1,550,2,15,0,3506,3523,C
2-PB1,551,3448,0,5,0,3453,A
2-PB1,552,2,0,0,3477,3479,C
2-PB1,553,0,3422,0,3,3425,T
2-PB1,554,0,3422,0,1,3423,T
2-PB1,555,1,3427,0,1,3429,T
2-PB1,556,7,0,0,3411,3418,C
2-PB1,557,3423,0,1,1,3425,A
2-PB1,558,3427,0,0,0,3427,A
2-PB1,559,3423,0,3,0,3426,A
2-PB1,560,1,6,3444,0,3451,G
2-PB1,561,3395,0,1,0,3396,A
2-PB1,562,3407,0,1,0,3408,A
2-PB1,563,3409,0,1,0,3410,A
2-PB1,564,3409,0,4,1,3414,A
2-PB1,565,3410,1,7,0,3418,A
2-PB1,566,0,6,3430,0,3436,G
2-PB1,567,0,10,3424,0,3434,G
2-PB1,568,3394,0,6,0,3400,A
2-PB1,569,2,10,3440,0,3452,G
2-PB1,570,3430,0,6,0,3436,A
2-PB1,571,0,1,3541,0,3542,G
2-PB1,572,0,3523,0,1,3524,T
2-PB1,573,3518,1,2,0,3521,A
2-PB1,574,3517,1,8,0,3526,A
2-PB1,575,1,7,3514,0,3522,G
2-PB1,576,1,15,3529,1,3546,G
2-PB1,577,2,6,3533,1,3542,G
2-PB1,578,3494,1,8,0,3503,A
2-PB1,579,2,0,0,3532,3534,C
2-PB1,580,3427,0,2,0,3429,A
2-PB1,581,3440,0,2,0,3442,A
2-PB1,582,1,3,0,3436,3440,C
2-PB1,583,3425,0,0,0,3425,A
2-PB1,584,0,3388,0,0,3388,T
2-PB1,585,2,12,3361,0,3375,G
2-PB1,586,3367,2,8,1,3378,A
2-PB1,587,4,0,0,3362,3366,C
2-PB1,588,12,2,0,3309,3323,C
2-PB1,589,3325,1,1,0,3327,A
2-PB1,590,3336,1,1,0,3338,A
2-PB1,591,0,10,3353,0,3363,G
2-PB1,592,3351,2,1,0,3354,A
2-PB1,593,3358,1,0,0,3359,A
2-PB1,594,3334,0,2,1,3337,A
2-PB1,595,3335,0,1,0,3336,A
2-PB1,596,0,3326,0,0,3326,T
2-PB1,597,0,6,3317,1,3324,G
2-PB1,598,0,0,3336,0,3336,G
2-PB1,599,1,3261,1,4,3267,T
2-PB1,600,12,1,0,3216,3229,C
2-PB1,601,3244,0,2,0,3246,A
2-PB1,602,0,2,0,3484,3486,C
2-PB1,603,3547,0,2,0,3549,A
2-PB1,604,3,2,0,3572,3577,C
2-PB1,605,3553,2,0,0,3555,A
2-PB1,606,3666,1,4,0,3671,A
2-PB1,607,3625,0,5,2,3632,A
2-PB1,608,0,6,3893,2,3901,G
2-PB1,609,3889,0,5,0,3894,A
2-PB1,610,3916,3,1,0,3920,A
2-PB1,611,2,0,0,4039,4041,C
2-PB1,612,3949,0,2,0,3951,A
2-PB1,613,3980,2,2,1,3985,A
2-PB1,614,0,3960,0,2,3962,T
2-PB1,615,3910,1,5,0,3916,A
2-PB1,616,0,8,3909,0,3917,G
2-PB1,617,0,5,3797,1,3803,G
2-PB1,618,1,5,3802,0,3808,G
2-PB1,619,3803,1,0,0,3804,A
2-PB1,620,3758,0,3,0,3761,A
2-PB1,621,1,13,3773,0,3787,G
2-PB1,622,3775,0,0,0,3775,A
2-PB1,623,3793,0,2,1,3796,A
2-PB1,624,3809,0,0,0,3809,A
2-PB1,625,3833,0,2,1,3836,A
2-PB1,626,3921,0,2,1,3924,A
2-PB1,627,3925,0,2,2,3929,A
2-PB1,628,1,1,0,3935,3937,C
2-PB1,629,3915,0,2,0,3917,A
2-PB1,630,3922,1,2,0,3925,A
2-PB1,631,3910,1,1,0,3912,A
2-PB1,632,0,12,3994,0,4006,G
2-PB1,633,4007,1,2,0,4010,A
2-PB1,634,1,0,4190,0,4191,G
2-PB1,635,1,4142,0,3,4146,T
2-PB1,636,32,16,4841,0,4889,G
2-PB1,637,4891,1,5,0,4897,A
2-PB1,638,4893,2,5,0,4900,A
2-PB1,639,0,4987,0,1,4988,T
2-PB1,640,5007,1,0,0,5008,A
2-PB1,641,4986,1,16,0,5003,A
2-PB1,642,1,12,5000,1,5014,G
2-PB1,643,4897,0,12,0,4909,A
2-PB1,644,1,11,4933,2,4947,G
2-PB1,645,4744,2,4,0,4750,A
2-PB1,646,2,5,4781,0,4788,G
2-PB1,647,0,4,4786,0,4790,G
2-PB1,648,3,1,0,4801,4805,C
2-PB1,649,0,4796,0,5,4801,T
2-PB1,650,4961,0,1,0,4962,A
2-PB1,651,0,0,0,5261,5261,C
2-PB1,652,6,1,0,5264,5271,C
2-PB1,653,0,5314,0,1,5315,T
2-PB1,654,5477,0,3,0,5480,A
2-PB1,655,5461,3,1,1,5466,A
2-PB1,656,0,5477,0,0,5477,T
2-PB1,657,5468,1,1,0,5470,A
2-PB1,658,5458,0,5,1,5464,A
2-PB1,659,0,11,5475,0,5486,G
2-PB1,660,5324,0,3,1,5328,A
2-PB1,661,3,3,5381,0,5387,G
2-PB1,662,1,1,2,5394,5398,C
2-PB1,663,1,5332,0,7,5340,T
2-PB1,664,0,5377,0,3,5380,T
2-PB1,665,1,5374,0,4,5379,T
2-PB1,666,0,25,5366,0,5391,G
2-PB1,667,5471,1,6,2,5480,A
2-PB1,668,2,4,1,5497,5504,C
2-PB1,669,5500,1,1,0,5502,A
2-PB1,670,0,5489,0,5,5494,T
2-PB1,671,0,5454,0,2,5456,T
2-PB1,672,1,22,5547,0,5570,G
2-PB1,673,5559,1,2,1,5563,A
2-PB1,674,5566,0,7,0,5573,A
2-PB1,675,4,0,0,5589,5593,C
2-PB1,676,5567,0,9,0,5576,A
2-PB1,677,1,7,0,5563,5571,C
2-PB1,678,1,7,5561,1,5570,G
2-PB1,679,5592,0,8,0,5600,A
2-PB1,680,0,5604,1,5,5610,T
2-PB1,681,1,20,5707,0,5728,G
2-PB1,682,5725,2,11,0,5738,A
2-PB1,683,4,3,2,5760,5769,C
2-PB1,684,11,6,1,5736,5754,C
2-PB1,685,5762,0,2,0,5764,A
2-PB1,686,5842,2,4,1,5849,A
2-PB1,687,5843,2,12,1,5858,A
2-PB1,688,1,9,5993,1,6004,G
2-PB1,689,6061,1,5,0,6067,A
2-PB1,690,1,6001,0,4,6006,T
2-PB1,691,1,1,6013,1,6016,G
2-PB1,692,4,0,0,6000,6004,C
2-PB1,693,5992,1,11,0,6004,A
2-PB1,694,0,10,6037,0,6047,G
2-PB1,695,5982,0,4,0,5986,A
2-PB1,696,1,20,5997,0,6018,G
2-PB1,697,5886,2,5,1,5894,A
2-PB1,698,0,3,5871,0,5874,G
2-PB1,699,5819,0,12,0,5831,A
2-PB1,700,2,7,5825,0,5834,G
2-PB1,701,4,4,5824,0,5832,G
2-PB1,702,1,2,0,5829,5832,C
2-PB1,703,5818,0,1,0,5819,A
2-PB1,704,5836,1,1,0,5838,A
2-PB1,705,5858,1,1,1,5861,A
2-PB1,706,0,5879,0,0,5879,T
2-PB1,707,1,5874,0,1,5876,T
2-PB1,708,5888,3,2,0,5893,A
2-PB1,709,5875,2,0,3,5880,A
2-PB1,710,5894,1,5,1,5901,A
2-PB1,711,5927,1,0,0,5928,A
2-PB1,712,5940,0,3,0,5943,A
2-PB1,713,2,5,5955,0,5962,G
2-PB1,714,5906,0,1,0,5907,A
2-PB1,715,5888,0,4,0,5892,A
2-PB1,716,0,13,5972,0,5985,G
2-PB1,717,1,11,6082,0,6094,G
2-PB1,718,4,6,6083,0,6093,G
2-PB1,719,1,1,0,6134,6136,C
2-PB1,720,0,6114,0,7,6121,T
2-PB1,721,6183,0,0,0,6183,A
2-PB1,722,0,6278,1,3,6282,T
2-PB1,723,1,6290,1,8,6300,T
2-PB1,724,2,0,6343,0,6345,G
2-PB1,725,2,7,0,6290,6299,C
2-PB1,726,6175,1,6,0,6182,A
2-PB1,727,6189,1,6,0,6196,A
2-PB1,728,1,2,1,6202,6206,C
2-PB1,729,6201,1,1,0,6203,A
2-PB1,730,4,2,0,6194,6200,C
2-PB1,731,8,4,1,6097,6110,C
2-PB1,732,8,2,1,6103,6114,C
2-PB1,733,6,15,6067,0,6088,G
2-PB1,734,0,12,6076,0,6088,G
2-PB1,735,2,7,6106,0,6115,G
2-PB1,736,6122,1,6,1,6130,A
2-PB1,737,1,6099,1,1,6102,T
2-PB1,738,0,2,6122,1,6125,G
2-PB1,739,6,1,0,6109,6116,C
2-PB1,740,6190,0,4,3,6197,A
2-PB1,741,6283,1,5,0,6289,A
2-PB1,742,6339,0,1,2,6342,A
2-PB1,743,1,6353,0,1,6355,T
2-PB1,744,0,6356,2,3,6361,T
2-PB1,745,6321,2,2,0,6325,A
2-PB1,746,0,9,6314,0,6323,G
2-PB1,747,6268,1,12,1,6282,A
2-PB1,748,0,11,6300,0,6311,G
2-PB1,749,2,14,6239,0,6255,G
2-PB1,750,3,5,6370,0,6378,G
2-PB1,751,1,6339,0,7,6347,T
2-PB1,752,1,6329,1,7,6338,T
2-PB1,753,19,7,1,6340,6367,C
2-PB1,754,2,2,6427,0,6431,G
2-PB1,755,2,6405,0,11,6418,T
2-PB1,756,4,3,6430,0,6437,G
2-PB1,757,0,6415,0,3,6418,T
2-PB1,758,6389,1,2,0,6392,A
2-PB1,759,2,1,0,6385,6388,C
2-PB1,760,1,6123,1,5,6130,T
2-PB1,761,2,6139,0,0,6141,T
2-PB1,762,8,2,0,6101,6111,C
2-PB1,763,4,1,6084,1,6090,G
2-PB1,764,0,6084,0,0,6084,T
2-PB1,765,0,6079,1,1,6081,T
2-PB1,766,2,19,6059,0,6080,G
2-PB1,767,6063,1,4,0,6068,A
2-PB1,768,6063,0,4,0,6067,A
2-PB1,769,6096,0,0,1,6097,A
2-PB1,770,1,6,0,6112,6119,C
2-PB1,771,0,6088,0,3,6091,T
2-PB1,772,1,6066,0,1,6068,T
2-PB1,773,1,6073,0,1,6075,T
2-PB1,774,6155,0,5,1,6161,A
2-PB1,775,2,3,6164,0,6169,G
2-PB1,776,3,3,0,6180,6186,C
2-PB1,777,1,6176,0,3,6180,T
2-PB1,778,6140,1,5,1,6147,A
2-PB1,779,0,15,6135,0,6150,G
2-PB1,780,6150,0,3,0,6153,A
2-PB1,781,6138,2,4,1,6145,A
2-PB1,782,1,1,6151,0,6153,G
2-PB1,783,0,5997,0,1,5998,T
2-PB1,784,6058,1,3,1,6063,A
2-PB1,785,3,6051,1,4,6059,T
2-PB1,786,1,6056,0,1,6058,T
2-PB1,787,0,6050,0,3,6053,T
2-PB1,788,1,3,6047,0,6051,G
2-PB1,789,3,5,1,6026,6035,C
2-PB1,790,2,13,6020,0,6035,G
2-PB1,791,6010,0,0,1,6011,A
2-PB1,792,5999,0,2,1,6002,A
2-PB1,793,6011,1,4,1,6017,A
2-PB1,794,6212,0,6,0,6218,A
2-PB1,795,0,1,6300,0,6301,G
2-PB1,796,2,0,0,6317,6319,C
2-PB1,797,0,6293,0,11,6304,T
2-PB1,798,0,6306,0,2,6308,T
2-PB1,799,1,29,6293,1,6324,G
2-PB1,800,6310,2,6,1,6319,A
2-PB1,801,6308,1,5,1,6315,A
2-PB1,802,1,2,0,6343,6346,C
2-PB1,803,6189,0,1,0,6190,A
2-PB1,804,6,0,6680,0,6686,G
2-PB1,805,1,6618,0,3,6622,T
2-PB1,806,16,1,0,6627,6644,C
2-PB1,807,3,6640,1,5,6649,T
2-PB1,808,3,7,6644,0,6654,G
2-PB1,809,0,15,6633,1,6649,G
2-PB1,810,6659,3,4,2,6668,A
2-PB1,811,1,1,1,6689,6692,C
2-PB1,812,0,6490,0,5,6495,T
2-PB1,813,0,6164,0,14,6178,T
2-PB1,814,6,1,0,6165,6172,C
2-PB1,815,7,2,0,6167,6176,C
2-PB1,816,0,7,6199,0,6206,G
2-PB1,817,0,2,6224,0,6226,G
2-PB1,818,1,6186,0,2,6189,T
2-PB1,819,0,6190,0,3,6193,T
2-PB1,820,0,7,6169,0,6176,G
2-PB1,821,3,9,6188,0,6200,G
2-PB1,822,2,18,6228,0,6248,G
2-PB1,823,2,15,6214,1,6232,G
2-PB1,824,0,4,6256,1,6261,G
2-PB1,825,1,6204,0,0,6205,T
2-PB1,826,6198,1,2,1,6202,A
2-PB1,827,6223,1,1,1,6226,A
2-PB1,828,0,6235,0,0,6235,T
2-PB1,829,1,8,6238,0,6247,G
2-PB1,830,6185,1,3,2,6191,A
2-PB1,831,6139,0,3,1,6143,A
2-PB1,832,6140,0,3,2,6145,A
2-PB1,833,6120,2,8,1,6131,A
2-PB1,834,0,5,6128,0,6133,G
2-PB1,835,6075,1,2,1,6079,A
2-PB1,836,6041,1,5,1,6048,A
2-PB1,837,1,15,6051,2,6069,G
2-PB1,838,7,3,6043,0,6053,G
2-PB1,839,1,1,0,6043,6045,C
2-PB1,840,12,2,1,6013,6028,C
2-PB1,841,6039,1,1,0,6041,A
2-PB1,842,6040,0,4,1,6045,A
2-PB1,843,6031,0,4,0,6035,A
2-PB1,844,2,0,0,6047,6049,C
2-PB1,845,2,6040,0,3,6045,T
2-PB1,846,6,6,6107,1,6120,G
2-PB1,847,1,0,6107,0,6108,G
2-PB1,848,4,2,1,6100,6107,C
2-PB1,849,6121,1,1,0,6123,A
2-PB1,850,6112,0,5,0,6117,A
2-PB1,851,6123,2,2,1,6128,A
2-PB1,852,0,6121,0,0,6121,T
2-PB1,853,2,5,6142,0,6149,G
2-PB1,854,1,6116,0,5,6122,T
2-PB1,855,0,5992,0,5,5997,T
2-PB1,856,4,1,6001,0,6006,G
2-PB1,857,5,5979,0,2,5986,T
2-PB1,858,0,13,5986,0,5999,G
2-PB1,859,5989,2,4,0,5995,A
2-PB1,860,1,7,6024,0,6032,G
2-PB1,861,6013,0,2,0,6015,A
2-PB1,862,5988,1,1,0,5990,A
2-PB1,863,5977,1,14,0,5992,A
2-PB1,864,6002,0,3,0,6005,A
2-PB1,865,6022,0,4,1,6027,A
2-PB1,866,1,6016,0,1,6018,T
2-PB1,867,0,11,6002,0,6013,G
2-PB1,868,5993,1,6,0,6000,A
2-PB1,869,0,5938,0,0,5938,T
2-PB1,870,0,16,5972,0,5988,G
2-PB1,871,5975,3,8,0,5986,A
2-PB1,872,2,1,0,6038,6041,C
2-PB1,873,0,6019,0,2,6021,T
2-PB1,874,5999,0,7,0,6006,A
2-PB1,875,6046,0,1,0,6047,A
2-PB1,876,0,6022,0,2,6024,T
2-PB1,877,1,6078,0,2,6081,T
2-PB1,878,21,1,1,6105,6128,C
2-PB1,879,6092,0,7,0,6099,A
2-PB1,880,2,1,1,6113,6117,C
2-PB1,881,6066,2,4,1,6073,A
2-PB1,882,6067,1,13,0,6081,A
2-PB1,883,0,12,6086,1,6099,G
2-PB1,884,6184,4,9,0,6197,A
2-PB1,885,3,1,1,6192,6197,C
2-PB1,886,6120,3,6,0,6129,A
2-PB1,887,7,1,0,6122,6130,C
2-PB1,888,6059,0,5,0,6064,A
2-PB1,889,0,6,6097,0,6103,G
2-PB1,890,6067,0,6,0,6073,A
2-PB1,891,1,2,6095,0,6098,G
2-PB1,892,2,0,0,6070,6072,C
2-PB1,893,0,5938,0,13,5951,T
2-PB1,894,3,5992,0,4,5999,T
2-PB1,895,2,6002,0,0,6004,T
2-PB1,896,9,1,0,6016,6026,C
2-PB1,897,3,6011,1,8,6023,T
2-PB1,898,0,5992,0,1,5993,T
2-PB1,899,1,5970,2,11,5984,T
2-PB1,900,17,1,0,5963,5981,C
2-PB1,901,5961,0,3,0,5964,A
2-PB1,902,2,1,1,5981,5985,C
2-PB1,903,5911,1,4,0,5916,A
2-PB1,904,5940,0,4,0,5944,A
2-PB1,905,1,6015,0,1,6017,T
2-PB1,906,19,3,0,6056,6078,C
2-PB1,907,6108,3,1,0,6112,A
2-PB1,908,4,2,0,6135,6141,C
2-PB1,909,3,6091,0,2,6096,T
2-PB1,910,2,10,6113,0,6125,G
2-PB1,911,2,17,6071,0,6090,G
2-PB1,912,1,8,6231,0,6240,G
2-PB1,913,10,12,6215,1,6238,G
2-PB1,914,6133,2,7,0,6142,A
2-PB1,915,3,6,0,5889,5898,C
2-PB1,916,5976,0,9,0,5985,A
2-PB1,917,6278,1,8,0,6287,A
2-PB1,918,2,1,1,6336,6340,C
2-PB1,919,6306,2,5,0,6313,A
2-PB1,920,6,1,0,6295,6302,C
2-PB1,921,1,6059,0,2,6062,T
2-PB1,922,6086,0,1,2,6089,A
2-PB1,923,6076,0,7,0,6083,A
2-PB1,924,1,0,6108,0,6109,G
2-PB1,925,1,6059,1,2,6063,T
2-PB1,926,0,9,5658,0,5667,G
2-PB1,927,0,4,5616,0,5620,G
2-PB1,928,5587,1,2,1,5591,A
2-PB1,929,5586,0,14,0,5600,A
2-PB1,930,0,5587,0,1,5588,T
2-PB1,931,0,8,5566,0,5574,G
2-PB1,932,5563,0,2,0,5565,A
2-PB1,933,5481,1,3,0,5485,A
2-PB1,934,5522,2,4,0,5528,A
2-PB1,935,5543,7,0,0,5550,A
2-PB1,936,2,5503,1,1,5507,T
2-PB1,937,22,2,2,5497,5523,C
2-PB1,938,5515,0,3,0,5518,A
2-PB1,939,5511,0,5,0,5516,A
2-PB1,940,5499,1,5,1,5506,A
2-PB1,941,5496,3,6,3,5508,A
2-PB1,942,4,1,0,5517,5522,C
2-PB1,943,4,1,0,5467,5472,C
2-PB1,944,18,1,0,5448,5467,C
2-PB1,945,1,5445,1,3,5450,T
2-PB1,946,12,3,1,5459,5475,C
2-PB1,947,2,15,5462,0,5479,G
2-PB1,948,5468,1,7,0,5476,A
2-PB1,949,5474,3,1,0,5478,A
2-PB1,950,1,5478,0,1,5480,T
2-PB1,951,1,2,5482,1,5486,G
2-PB1,952,1,5432,3,4,5440,T
2-PB1,953,0,5429,2,3,5434,T
2-PB1,954,0,5450,2,1,5453,T
2-PB1,955,1,5451,0,2,5454,T
2-PB1,956,3,5442,0,0,5445,T
2-PB1,957,5,8,5439,1,5453,G
2-PB1,958,2,3,5431,0,5436,G
2-PB1,959,2,2,0,5425,5429,C
2-PB1,960,0,9,5371,1,5381,G
2-PB1,961,5376,3,0,0,5379,A
2-PB1,962,0,5502,0,1,5503,T
2-PB1,963,3,10,5659,0,5672,G
2-PB1,964,5923,0,2,0,5925,A
2-PB1,965,1,5932,0,4,5937,T
2-PB1,966,0,5940,0,5,5945,T
2-PB1,967,5981,0,1,1,5983,A
2-PB1,968,3,3,0,5988,5994,C
2-PB1,969,6006,2,4,0,6012,A
2-PB1,970,1,6001,0,1,6003,T
2-PB1,971,5690,3,2,0,5695,A
2-PB1,972,1,1,0,5741,5743,C
2-PB1,973,5256,1,1,1,5259,A
2-PB1,974,0,5254,1,6,5261,T
2-PB1,975,7,0,0,5247,5254,C
2-PB1,976,5241,3,3,1,5248,A
2-PB1,977,2,2,0,5261,5265,C
2-PB1,978,5225,0,1,0,5226,A
2-PB1,979,5222,0,1,1,5224,A
2-PB1,980,5203,1,2,0,5206,A
2-PB1,981,0,7,5024,0,5031,G
2-PB1,982,5212,2,2,2,5218,A
2-PB1,983,5228,2,5,2,5237,A
2-PB1,984,1,5234,1,1,5237,T
2-PB1,985,18,0,0,5195,5213,C
2-PB1,986,5241,0,4,2,5247,A
2-PB1,987,5278,0,5,1,5284,A
2-PB1,988,3,0,0,5294,5297,C
2-PB1,989,7,1,0,5289,5297,C
2-PB1,990,1,5015,0,4,5020,T
2-PB1,991,3,15,5035,0,5053,G
2-PB1,992,5025,0,8,1,5034,A
2-PB1,993,0,0,5043,0,5043,G
2-PB1,994,2,5020,0,0,5022,T
2-PB1,995,4,15,4891,0,4910,G
2-PB1,996,2,2,5140,0,5144,G
2-PB1,997,2,5082,1,4,5089,T
2-PB1,998,1,5084,0,2,5087,T
2-PB1,999,16,3,0,5084,5103,C
2-PB1,1000,5043,0,2,0,5045,A
2-PB1,1001,0,11,5132,0,5143,G
2-PB1,1002,5129,1,4,0,5134,A
2-PB1,1003,5125,1,2,1,5129,A
2-PB1,1004,5098,2,4,0,5104,A
2-PB1,1005,1,0,0,4712,4713,C
2-PB1,1006,4759,0,1,0,4760,A
2-PB1,1007,0,4760,0,0,4760,T
2-PB1,1008,3,3,1,4802,4809,C
2-PB1,1009,5,1,0,4806,4812,C
2-PB1,1010,1,4644,0,4,4649,T
2-PB1,1011,3,33,4622,0,4658,G
2-PB1,1012,4630,1,5,1,4637,A
2-PB1,1013,2,1,4663,0,4666,G
2-PB1,1014,1,0,0,4647,4648,C
2-PB1,1015,4499,0,1,0,4500,A
2-PB1,1016,0,4516,0,4,4520,T
2-PB1,1017,11,1,0,4480,4492,C
2-PB1,1018,4,3,4485,0,4492,G
2-PB1,1019,1,1,2,4602,4606,C
2-PB1,1020,4541,2,78,0,4621,A
2-PB1,1021,3,0,0,4775,4778,C
2-PB1,1022,9,2,0,4759,4770,C
2-PB1,1023,4769,2,2,0,4773,A
2-PB1,1024,4830,0,1,0,4831,A
2-PB1,1025,0,4825,0,1,4826,T
2-PB1,1026,4814,0,1,0,4815,A
2-PB1,1027,4807,1,0,0,4808,A
2-PB1,1028,0,4666,0,1,4667,T
2-PB1,1029,3,2,4684,0,4689,G
2-PB1,1030,0,4578,1,3,4582,T
2-PB1,1031,0,4541,1,3,4545,T
2-PB1,1032,9,2,0,4550,4561,C
2-PB1,1033,0,4533,0,4,4537,T
2-PB1,1034,8,4,1,4539,4552,C
2-PB1,1035,4548,0,1,2,4551,A
2-PB1,1036,4548,0,2,1,4551,A
2-PB1,1037,4554,1,1,1,4557,A
2-PB1,1038,1,1,0,4564,4566,C
2-PB1,1039,4556,1,0,0,4557,A
2-PB1,1040,4552,0,0,2,4554,A
2-PB1,1041,4542,0,2,2,4546,A
2-PB1,1042,4548,1,3,0,4552,A
2-PB1,1043,0,4556,0,7,4563,T
2-PB1,1044,0,13,4554,1,4568,G
2-PB1,1045,1,2,4564,0,4567,G
2-PB1,1046,0,1,0,4552,4553,C
2-PB1,1047,4542,1,6,0,4549,A
2-PB1,1048,4563,0,4,1,4568,A
2-PB1,1049,2,10,4549,0,4561,G
2-PB1,1050,4551,0,2,0,4553,A
2-PB1,1051,0,4508,1,1,4510,T
2-PB1,1052,1,4563,0,0,4564,T
2-PB1,1053,2,13,4592,0,4607,G
2-PB1,1054,1,5,4598,1,4605,G
2-PB1,1055,2,5,4642,1,4650,G
2-PB1,1056,4645,0,2,0,4647,A
2-PB1,1057,4625,0,2,1,4628,A
2-PB1,1058,4603,0,4,0,4607,A
2-PB1,1059,4583,1,6,0,4590,A
2-PB1,1060,1,7,4716,0,4724,G
2-PB1,1061,0,9,4721,0,4730,G
2-PB1,1062,4710,2,6,0,4718,A
2-PB1,1063,2,4707,0,3,4712,T
2-PB1,1064,4688,0,7,1,4696,A
2-PB1,1065,2,2,0,4695,4699,C
2-PB1,1066,4742,1,2,0,4745,A
2-PB1,1067,0,4733,0,3,4736,T
2-PB1,1068,1,2,4763,0,4766,G
2-PB1,1069,1,4665,0,5,4671,T
2-PB1,1070,1,4664,0,2,4667,T
2-PB1,1071,26,5,0,4618,4649,C
2-PB1,1072,4,13,4643,0,4660,G
2-PB1,1073,4657,0,4,0,4661,A
2-PB1,1074,4,11,4725,0,4740,G
2-PB1,1075,4662,0,9,1,4672,A
2-PB1,1076,2,5,4713,0,4720,G
2-PB1,1077,0,4695,1,1,4697,T
2-PB1,1078,4682,0,0,1,4683,A
2-PB1,1079,4697,1,4,1,4703,A
2-PB1,1080,0,12,4704,1,4717,G
2-PB1,1081,4703,1,12,0,4716,A
2-PB1,1082,0,6,4776,0,4782,G
2-PB1,1083,4685,0,3,0,4688,A
2-PB1,1084,4722,1,1,0,4724,A
2-PB1,1085,2,4686,0,0,4688,T
2-PB1,1086,1,8,4678,1,4688,G
2-PB1,1087,4682,1,6,0,4689,A
2-PB1,1088,4650,0,7,1,4658,A
2-PB1,1089,1,3,4667,0,4671,G
2-PB1,1090,3,0,0,4645,4648,C
2-PB1,1091,3,4599,1,4,4607,T
2-PB1,1092,8,0,0,4613,4621,C
2-PB1,1093,4,0,0,4614,4618,C
2-PB1,1094,3,8,4618,1,4630,G
2-PB1,1095,0,8,4634,0,4642,G
2-PB1,1096,4651,4,6,0,4661,A
2-PB1,1097,2,1,0,4735,4738,C
2-PB1,1098,4719,1,5,0,4725,A
2-PB1,1099,3,3,0,4763,4769,C
2-PB1,1100,4765,0,2,0,4767,A
2-PB1,1101,4771,1,4,0,4776,A
2-PB1,1102,4770,0,5,0,4775,A
2-PB1,1103,2,4784,2,0,4788,T
2-PB1,1104,4780,3,1,0,4784,A
2-PB1,1105,1,0,0,4780,4781,C
2-PB1,1106,4,0,0,4747,4751,C
2-PB1,1107,1,4692,0,5,4698,T
2-PB1,1108,2,0,4727,1,4730,G
2-PB1,1109,3,2,0,4725,4730,C
2-PB1,1110,4734,1,0,0,4735,A
2-PB1,1111,0,3,4739,0,4742,G
2-PB1,1112,4713,0,0,1,4714,A
2-PB1,1113,4705,2,3,0,4710,A
2-PB1,1114,4711,0,2,0,4713,A
2-PB1,1115,0,4710,0,1,4711,T
2-PB1,1116,3,3,4709,0,4715,G
2-PB1,1117,0,0,0,4696,4696,C
2-PB1,1118,0,4686,0,6,4692,T
2-PB1,1119,4745,1,3,0,4749,A
2-PB1,1120,2,2,4737,0,4741,G
2-PB1,1121,1,3,1,4737,4742,C
2-PB1,1122,4740,1,2,0,4743,A
2-PB1,1123,4718,2,2,1,4723,A
2-PB1,1124,0,1,4713,0,4714,G
2-PB1,1125,3,3,0,4704,4710,C
2-PB1,1126,4643,0,1,0,4644,A
2-PB1,1127,2,4732,2,5,4741,T
2-PB1,1128,0,4741,1,1,4743,T
2-PB1,1129,3,16,4854,1,4874,G
2-PB1,1130,4918,0,4,0,4922,A
2-PB1,1131,2,5,0,4898,4905,C
2-PB1,1132,8,1,1,4903,4913,C
2-PB1,1133,3,4821,1,8,4833,T
2-PB1,1134,1,5,4901,0,4907,G
2-PB1,1135,4916,1,2,0,4919,A
2-PB1,1136,4912,1,7,0,4920,A
2-PB1,1137,1,2,4980,0,4983,G
2-PB1,1138,2,4846,0,5,4853,T
2-PB1,1139,4874,0,1,0,4875,A
2-PB1,1140,3,4832,0,4,4839,T
2-PB1,1141,0,4830,0,3,4833,T
2-PB1,1142,0,4832,2,2,4836,T
2-PB1,1143,10,3,0,4771,4784,C
2-PB1,1144,4775,1,0,1,4777,A
2-PB1,1145,4771,2,1,0,4774,A
2-PB1,1146,1,4724,0,1,4726,T
2-PB1,1147,12,19,4703,0,4734,G
2-PB1,1148,4691,2,2,0,4695,A
2-PB1,1149,4705,0,2,0,4707,A
2-PB1,1150,1,4673,0,8,4682,T
2-PB1,1151,8,2,0,4712,4722,C
2-PB1,1152,4703,1,3,0,4707,A
2-PB1,1153,4712,1,2,0,4715,A
2-PB1,1154,2,1,0,4708,4711,C
2-PB1,1155,4702,2,5,1,4710,A
2-PB1,1156,4713,1,1,0,4715,A
2-PB1,1157,1,6,4702,0,4709,G
2-PB1,1158,1,6,4726,0,4733,G
2-PB1,1159,4729,2,4,1,4736,A
2-PB1,1160,4705,0,10,1,4716,A
2-PB1,1161,0,6,4716,1,4723,G
2-PB1,1162,4716,2,3,0,4721,A
2-PB1,1163,4717,0,5,0,4722,A
2-PB1,1164,4719,1,4,0,4724,A
2-PB1,1165,4714,1,1,0,4716,A
2-PB1,1166,1,4700,3,1,4705,T
2-PB1,1167,1,4658,0,3,4662,T
2-PB1,1168,3,12,4658,0,4673,G
2-PB1,1169,4649,0,17,0,4666,A
2-PB1,1170,1,6,4668,1,4676,G
2-PB1,1171,4673,0,1,0,4674,A
2-PB1,1172,4703,2,1,0,4706,A
2-PB1,1173,4749,1,3,0,4753,A
2-PB1,1174,4772,1,1,0,4774,A
2-PB1,1175,1,4759,1,0,4761,T
2-PB1,1176,4770,0,1,1,4772,A
2-PB1,1177,4768,0,2,0,4770,A
2-PB1,1178,1,1,4782,0,4784,G
2-PB1,1179,0,1,4775,1,4777,G
2-PB1,1180,5,3,0,4761,4769,C
2-PB1,1181,11,3,2,4734,4750,C
2-PB1,1182,0,4715,0,8,4723,T
2-PB1,1183,6,0,0,5283,5289,C
2-PB1,1184,1,5336,1,2,5340,T
2-PB1,1185,1,5363,3,1,5368,T
2-PB1,1186,5,0,0,5460,5465,C
2-PB1,1187,2,5435,1,3,5441,T
2-PB1,1188,5445,0,0,2,5447,A
2-PB1,1189,5457,0,2,1,5460,A
2-PB1,1190,1,5457,1,1,5460,T
2-PB1,1191,5500,0,0,1,5501,A
2-PB1,1192,1,6,5372,0,5379,G
2-PB1,1193,4952,2,1,1,4956,A
2-PB1,1194,2,4950,0,4,4956,T
2-PB1,1195,6,10,4879,1,4896,G
2-PB1,1196,4,1,4954,0,4959,G
2-PB1,1197,2,4,0,4925,4931,C
2-PB1,1198,4943,4,1,0,4948,A
2-PB1,1199,1,3,0,4964,4968,C
2-PB1,1200,4877,0,5,0,4882,A
2-PB1,1201,4,2,5016,0,5022,G
2-PB1,1202,4,2,1,5002,5009,C
2-PB1,1203,5008,0,4,0,5012,A
2-PB1,1204,2,5124,1,8,5135,T
2-PB1,1205,5,5,1,5064,5075,C
2-PB1,1206,5116,0,2,0,5118,A
2-PB1,1207,0,5115,0,1,5116,T
2-PB1,1208,1,5078,0,1,5080,T
2-PB1,1209,1,9,5057,0,5067,G
2-PB1,1210,4925,0,4,0,4929,A
2-PB1,1211,1,2,5076,0,5079,G
2-PB1,1212,1,1,0,5054,5056,C
2-PB1,1213,13,0,0,4974,4987,C
2-PB1,1214,11,0,0,5021,5032,C
2-PB1,1215,0,5000,0,13,5013,T
2-PB1,1216,2,4,5282,0,5288,G
2-PB1,1217,1,11,5386,0,5398,G
2-PB1,1218,5374,1,13,1,5389,A
2-PB1,1219,5527,1,2,0,5530,A
2-PB1,1220,2,5385,1,1,5389,T
2-PB1,1221,1,6,5537,1,5545,G
2-PB1,1222,5625,0,3,0,5628,A
2-PB1,1223,0,5607,0,4,5611,T
2-PB1,1224,2,13,5613,0,5628,G
2-PB1,1225,5554,0,16,0,5570,A
2-PB1,1226,1,5509,0,1,5511,T
2-PB1,1227,0,12,5509,2,5523,G
2-PB1,1228,0,16,5583,0,5599,G
2-PB1,1229,3,1,5607,1,5612,G
2-PB1,1230,4,3,0,5542,5549,C
2-PB1,1231,5543,1,3,0,5547,A
2-PB1,1232,2,5569,0,0,5571,T
2-PB1,1233,1,1,5729,0,5731,G
2-PB1,1234,2,5732,0,5,5739,T
2-PB1,1235,3,5752,0,3,5758,T
2-PB1,1236,19,3,0,5751,5773,C
2-PB1,1237,5719,1,4,0,5724,A
2-PB1,1238,5741,0,1,0,5742,A
2-PB1,1239,4,1,0,5740,5745,C
2-PB1,1240,5771,1,2,0,5774,A
2-PB1,1241,0,5767,1,2,5770,T
2-PB1,1242,3,2,5801,0,5806,G
2-PB1,1243,1,1,0,5804,5806,C
2-PB1,1244,0,5804,0,1,5805,T
2-PB1,1245,5848,0,1,2,5851,A
2-PB1,1246,5838,0,2,0,5840,A
2-PB1,1247,2,1,5947,0,5950,G
2-PB1,1248,1,5939,0,3,5943,T
2-PB1,1249,5906,2,1,0,5909,A
2-PB1,1250,4,5,1,5934,5944,C
2-PB1,1251,3,12,5925,0,5940,G
2-PB1,1252,2,3,6283,0,6288,G
2-PB1,1253,0,6279,0,4,6283,T
2-PB1,1254,0,6243,0,5,6248,T
2-PB1,1255,2,6238,2,4,6246,T
2-PB1,1256,0,6206,0,2,6208,T
2-PB1,1257,6207,1,5,3,6216,A
2-PB1,1258,1,4,6206,0,6211,G
2-PB1,1259,1,20,6199,0,6220,G
2-PB1,1260,6109,0,5,0,6114,A
2-PB1,1261,0,1,6067,0,6068,G
2-PB1,1262,1,6134,0,3,6138,T
2-PB1,1263,5,1,0,6150,6156,C
2-PB1,1264,2,6158,0,5,6165,T
2-PB1,1265,10,3,0,6153,6166,C
2-PB1,1266,3,22,6138,1,6164,G
2-PB1,1267,6368,1,4,0,6373,A
2-PB1,1268,0,6370,0,3,6373,T
2-PB1,1269,6394,0,0,1,6395,A
2-PB1,1270,2,0,1,6397,6400,C
2-PB1,1271,1,6294,0,10,6305,T
2-PB1,1272,0,18,6310,2,6330,G
2-PB1,1273,6317,1,3,0,6321,A
2-PB1,1274,6401,0,1,0,6402,A
2-PB1,1275,2,6400,0,2,6404,T
2-PB1,1276,10,0,0,6303,6313,C
2-PB1,1277,0,6291,0,4,6295,T
2-PB1,1278,0,6272,0,4,6276,T
2-PB1,1279,6,10,6267,1,6284,G
2-PB1,1280,1,6,6290,0,6297,G
2-PB1,1281,6277,1,8,0,6286,A
2-PB1,1282,5,3,1,6290,6299,C
2-PB1,1283,6219,4,1,0,6224,A
2-PB1,1284,6270,0,2,0,6272,A
2-PB1,1285,6279,2,2,0,6283,A
2-PB1,1286,6288,1,15,1,6305,A
2-PB1,1287,0,12,6393,2,6407,G
2-PB1,1288,6409,1,5,1,6416,A
2-PB1,1289,6393,1,4,0,6398,A
2-PB1,1290,6404,1,9,0,6414,A
2-PB1,1291,0,6414,0,1,6415,T
2-PB1,1292,6424,1,1,0,6426,A
2-PB1,1293,1,2,0,6614,6617,C
2-PB1,1294,6567,1,7,0,6575,A
2-PB1,1295,5,1,0,6606,6612,C
2-PB1,1296,12,3,1,6530,6546,C
2-PB1,1297,6499,1,4,0,6504,A
2-PB1,1298,6572,1,3,0,6576,A
2-PB1,1299,0,13,6754,0,6767,G
2-PB1,1300,6825,3,4,1,6833,A
2-PB1,1301,3,1,0,6936,6940,C
2-PB1,1302,6787,2,6,0,6795,A
2-PB1,1303,7000,1,6,0,7007,A
2-PB1,1304,2,0,0,7037,7039,C
2-PB1,1305,6899,0,245,0,7144,A
2-PB1,1306,2,7206,0,2,7210,T
2-PB1,1307,7150,0,2,1,7153,A
2-PB1,1308,3,2,1,7257,7263,C
2-PB1,1309,3,7055,1,6,7065,T
2-PB1,1310,4,9,7081,1,7095,G
2-PB1,1311,3,6,7072,0,7081,G
2-PB1,1312,2,6928,0,2,6932,T
2-PB1,1313,1,28,6904,0,6933,G
2-PB1,1314,8,14,6840,0,6862,G
2-PB1,1315,2,7,6878,0,6887,G
2-PB1,1316,6885,0,5,0,6890,A
2-PB1,1317,0,6781,1,5,6787,T
2-PB1,1318,5,23,6756,0,6784,G
2-PB1,1319,1,11,6737,2,6751,G
2-PB1,1320,2,2,6799,0,6803,G
2-PB1,1321,2,2,0,6882,6886,C
2-PB1,1322,0,6857,0,7,6864,T
2-PB1,1323,11,2,1,6881,6895,C
2-PB1,1324,11,3,0,6853,6867,C
2-PB1,1325,6873,0,2,0,6875,A
2-PB1,1326,6877,0,1,2,6880,A
2-PB1,1327,0,6856,0,5,6861,T
2-PB1,1328,11,0,2,6821,6834,C
2-PB1,1329,10,0,0,6754,6764,C
2-PB1,1330,2,6715,0,5,6722,T
2-PB1,1331,6,1,0,6721,6728,C
2-PB1,1332,4,2,1,6691,6698,C
2-PB1,1333,6,10,6687,1,6704,G
2-PB1,1334,6694,1,1,1,6697,A
2-PB1,1335,4,3,1,6695,6703,C
2-PB1,1336,3,15,6690,0,6708,G
2-PB1,1337,6747,0,1,0,6748,A
2-PB1,1338,2,6734,1,3,6740,T
2-PB1,1339,1,6729,1,1,6732,T
2-PB1,1340,2,6725,0,3,6730,T
2-PB1,1341,1,6742,1,3,6747,T
2-PB1,1342,2,2,6758,0,6762,G
2-PB1,1343,4,1,0,6809,6814,C
2-PB1,1344,15,1,1,6787,6804,C
2-PB1,1345,26,2,0,6955,6983,C
2-PB1,1346,0,6860,1,7,6868,T
2-PB1,1347,6,3,0,7131,7140,C
2-PB1,1348,7184,0,0,0,7184,A
2-PB1,1349,0,7205,1,1,7207,T
2-PB1,1350,7198,1,4,1,7204,A
2-PB1,1351,1,2,7279,0,7282,G
2-PB1,1352,2,7205,0,4,7211,T
2-PB1,1353,1,22,7235,1,7259,G
2-PB1,1354,7015,1,4,1,7021,A
2-PB1,1355,7024,0,8,1,7033,A
2-PB1,1356,3,6750,1,0,6754,T
2-PB1,1357,3,5,6743,0,6751,G
2-PB1,1358,5,6,0,6791,6802,C
2-PB1,1359,6798,0,9,0,6807,A
2-PB1,1360,2,1,0,6813,6816,C
2-PB1,1361,13,0,1,6777,6791,C
2-PB1,1362,6750,2,3,0,6755,A
2-PB1,1363,6738,2,9,1,6750,A
2-PB1,1364,6730,1,0,0,6731,A
2-PB1,1365,0,6587,0,1,6588,T
2-PB1,1366,21,3,0,6744,6768,C
2-PB1,1367,6772,2,3,0,6777,A
2-PB1,1368,0,6770,0,5,6775,T
2-PB1,1369,2,12,6777,0,6791,G
2-PB1,1370,6786,1,13,0,6800,A
2-PB1,1371,1,12,6808,0,6821,G
2-PB1,1372,5,12,6802,0,6819,G
2-PB1,1373,1,11,6858,0,6870,G
2-PB1,1374,6842,0,7,1,6850,A
2-PB1,1375,6915,0,2,0,6917,A
2-PB1,1376,0,6939,0,1,6940,T
2-PB1,1377,6952,0,5,0,6957,A
2-PB1,1378,4,2,0,6967,6973,C
2-PB1,1379,6964,0,5,0,6969,A
2-PB1,1380,6950,0,11,0,6961,A
2-PB1,1381,9,1,6944,0,6954,G
2-PB1,1382,4,1,0,6898,6903,C
2-PB1,1383,6858,1,4,0,6863,A
2-PB1,1384,3,10,6921,1,6935,G
2-PB1,1385,0,10,6912,1,6923,G
2-PB1,1386,6880,1,10,0,6891,A
2-PB1,1387,10,10,6900,0,6920,G
2-PB1,1388,1,6801,0,3,6805,T
2-PB1,1389,2,11,6852,0,6865,G
2-PB1,1390,1,7,6872,0,6880,G
2-PB1,1391,6861,1,12,0,6874,A
2-PB1,1392,0,6877,0,3,6880,T
2-PB1,1393,6772,2,4,0,6778,A
2-PB1,1394,0,12,6802,0,6814,G
2-PB1,1395,6892,1,0,0,6893,A
2-PB1,1396,2,6893,3,1,6899,T
2-PB1,1397,1,6862,0,6,6869,T
2-PB1,1398,22,1,1,6998,7022,C
2-PB1,1399,1,6985,0,4,6990,T
2-PB1,1400,6995,0,2,0,6997,A
2-PB1,1401,0,3,0,6989,6992,C
2-PB1,1402,6852,5,9,0,6866,A
2-PB1,1403,2,7,6865,0,6874,G
2-PB1,1404,4,16,6736,1,6757,G
2-PB1,1405,6806,0,9,0,6815,A
2-PB1,1406,1,4,0,6796,6801,C
2-PB1,1407,8,3,0,6661,6672,C
2-PB1,1408,6,6602,0,9,6617,T
2-PB1,1409,3,1,6638,0,6642,G
2-PB1,1410,1,2,1,6624,6628,C
2-PB1,1411,6647,1,2,0,6650,A
2-PB1,1412,6662,2,9,1,6674,A
2-PB1,1413,3,2,6680,0,6685,G
2-PB1,1414,0,6573,1,8,6582,T
2-PB1,1415,0,6601,0,0,6601,T
2-PB1,1416,6498,1,4,1,6504,A
2-PB1,1417,0,4,6521,0,6525,G
2-PB1,1418,1,6473,0,7,6481,T
2-PB1,1419,3,11,6452,1,6467,G
2-PB1,1420,2,10,6428,0,6440,G
2-PB1,1421,2,15,6480,0,6497,G
2-PB1,1422,6456,2,2,1,6461,A
2-PB1,1423,6485,2,3,1,6491,A
2-PB1,1424,1,6472,0,1,6474,T
2-PB1,1425,20,0,0,6460,6480,C
2-PB1,1426,6458,0,10,0,6468,A
2-PB1,1427,6473,0,3,2,6478,A
2-PB1,1428,0,37,0,6436,6473,C
2-PB1,1429,6458,2,4,0,6464,A
2-PB1,1430,1,6334,0,0,6335,T
2-PB1,1431,1,26,6314,0,6341,G
2-PB1,1432,6312,3,13,0,6328,A
2-PB1,1433,1,0,6368,0,6369,G
2-PB1,1434,6,4,0,6340,6350,C
2-PB1,1435,6342,0,3,0,6345,A
2-PB1,1436,6340,1,0,0,6341,A
2-PB1,1437,6346,0,4,0,6350,A
2-PB1,1438,6389,0,6,0,6395,A
2-PB1,1439,6393,1,10,0,6404,A
2-PB1,1440,2,5,6391,0,6398,G
2-PB1,1441,6301,0,5,1,6307,A
2-PB1,1442,6241,2,10,0,6253,A
2-PB1,1443,1,2,6436,0,6439,G
2-PB1,1444,0,6410,0,8,6418,T
2-PB1,1445,12,1,1,6401,6415,C
2-PB1,1446,11,2,0,6405,6418,C
2-PB1,1447,0,6389,0,1,6390,T
2-PB1,1448,6477,1,1,0,6479,A
2-PB1,1449,1,6461,0,1,6463,T
2-PB1,1450,6466,1,0,1,6468,A
2-PB1,1451,3,6463,1,3,6470,T
2-PB1,1452,6321,0,3,1,6325,A
2-PB1,1453,6335,2,1,0,6338,A
2-PB1,1454,6321,0,1,0,6322,A
2-PB1,1455,1,6306,0,3,6310,T
2-PB1,1456,6270,0,2,1,6273,A
2-PB1,1457,6217,2,3,2,6224,A
2-PB1,1458,6246,1,2,1,6250,A
2-PB1,1459,6254,1,7,1,6263,A
2-PB1,1460,3,1,0,6269,6273,C
2-PB1,1461,6020,0,2,2,6024,A
2-PB1,1462,4,10,6009,0,6023,G
2-PB1,1463,3,16,6003,0,6022,G
2-PB1,1464,7,10,6014,0,6031,G
2-PB1,1465,6027,1,9,1,6038,A
2-PB1,1466,0,0,0,6064,6064,C
2-PB1,1467,6020,1,4,0,6025,A
2-PB1,1468,0,6068,0,3,6071,T
2-PB1,1469,2,6066,0,1,6069,T
2-PB1,1470,2,6072,0,3,6077,T
2-PB1,1471,3,23,6054,0,6080,G
2-PB1,1472,6039,2,9,0,6050,A
2-PB1,1473,6045,1,1,1,6048,A
2-PB1,1474,0,6048,0,4,6052,T
2-PB1,1475,1,5915,3,4,5923,T
2-PB1,1476,14,1,1,5922,5938,C
2-PB1,1477,5878,2,6,0,5886,A
2-PB1,1478,3,1,0,5894,5898,C
2-PB1,1479,0,5894,0,0,5894,T
2-PB1,1480,5888,1,3,0,5892,A
2-PB1,1481,10,2,5876,0,5888,G
2-PB1,1482,1,0,1,5880,5882,C
2-PB1,1483,1,5823,1,7,5832,T
2-PB1,1484,0,5886,0,3,5889,T
2-PB1,1485,1,5867,0,2,5870,T
2-PB1,1486,0,5862,0,2,5864,T
2-PB1,1487,1,5852,2,5,5860,T
2-PB1,1488,0,5867,0,3,5870,T
2-PB1,1489,0,5849,0,0,5849,T
2-PB1,1490,5851,0,0,0,5851,A
2-PB1,1491,2,5834,0,2,5838,T
2-PB1,1492,5,2,1,5827,5835,C
2-PB1,1493,1,3,5862,3,5869,G
2-PB1,1494,6045,1,2,0,6048,A
2-PB1,1495,1,6053,0,3,6057,T
2-PB1,1496,6045,0,0,0,6045,A
2-PB1,1497,2,6084,0,1,6087,T
2-PB1,1498,0,14,6064,0,6078,G
2-PB1,1499,0,9,6088,2,6099,G
2-PB1,1500,6109,0,5,2,6116,A
2-PB1,1501,0,6069,0,1,6070,T
2-PB1,1502,0,6017,1,1,6019,T
2-PB1,1503,2,5828,0,4,5834,T
2-PB1,1504,3,0,5836,1,5840,G
2-PB1,1505,1,5813,1,4,5819,T
2-PB1,1506,5,6,5788,0,5799,G
2-PB1,1507,3,2,5796,1,5802,G
2-PB1,1508,1,2,0,5762,5765,C
2-PB1,1509,0,5747,0,5,5752,T
2-PB1,1510,5765,0,1,1,5767,A
2-PB1,1511,5792,3,0,0,5795,A
2-PB1,1512,0,5834,0,0,5834,T
2-PB1,1513,0,5838,1,0,5839,T
2-PB1,1514,2,5839,1,1,5843,T
2-PB1,1515,1,5840,0,1,5842,T
2-PB1,1516,5836,0,5,1,5842,A
2-PB1,1517,6,0,5878,0,5884,G
2-PB1,1518,12,3,0,5870,5885,C
2-PB1,1519,5869,1,5,0,5875,A
2-PB1,1520,1,5817,0,1,5819,T
2-PB1,1521,2,17,5741,1,5761,G
2-PB1,1522,3,12,5808,1,5824,G
2-PB1,1523,5798,0,6,0,5804,A
2-PB1,1524,2,1,5808,0,5811,G
2-PB1,1525,2,4,0,5794,5800,C
2-PB1,1526,0,5722,0,1,5723,T
2-PB1,1527,2,1,5763,0,5766,G
2-PB1,1528,3,4,0,5739,5746,C
2-PB1,1529,7,3,1,5737,5748,C
2-PB1,1530,12,0,0,5757,5769,C
2-PB1,1531,5626,0,2,0,5628,A
2-PB1,1532,1,0,5893,0,5894,G
2-PB1,1533,0,5876,1,9,5886,T
2-PB1,1534,0,5887,0,0,5887,T
2-PB1,1535,0,5882,0,3,5885,T
2-PB1,1536,1,5829,0,2,5832,T
2-PB1,1537,2,12,5808,0,5822,G
2-PB1,1538,0,16,5809,0,5825,G
2-PB1,1539,5784,1,9,1,5795,A
2-PB1,1540,1,1,5795,0,5797,G
2-PB1,1541,1,5320,0,1,5322,T
2-PB1,1542,1,2,5531,0,5534,G
2-PB1,1543,0,5522,0,5,5527,T
2-PB1,1544,18,1,0,5500,5519,C
2-PB1,1545,1,5521,0,4,5526,T
2-PB1,1546,1,2,5543,1,5547,G
2-PB1,1547,1,9,5588,0,5598,G
2-PB1,1548,5599,0,1,0,5600,A
2-PB1,1549,5603,0,5,0,5608,A
2-PB1,1550,1,5584,0,0,5585,T
2-PB1,1551,5130,1,1,1,5133,A
2-PB1,1552,5123,2,5,0,5130,A
2-PB1,1553,5124,3,2,1,5130,A
2-PB1,1554,0,1,0,5147,5148,C
2-PB1,1555,2,23,5093,1,5119,G
2-PB1,1556,5050,1,3,0,5054,A
2-PB1,1557,1,2,5053,0,5056,G
2-PB1,1558,2,5031,0,3,5036,T
2-PB1,1559,10,1,0,5041,5052,C
2-PB1,1560,5021,0,4,1,5026,A
2-PB1,1561,2,2,5081,0,5085,G
2-PB1,1562,2,2,0,5073,5077,C
2-PB1,1563,1,5051,0,6,5058,T
2-PB1,1564,0,5,5194,0,5199,G
2-PB1,1565,5156,1,7,0,5164,A
2-PB1,1566,0,5166,0,3,5169,T
2-PB1,1567,5164,0,7,0,5171,A
2-PB1,1568,0,5096,0,1,5097,T
2-PB1,1569,1,16,5115,0,5132,G
2-PB1,1570,4945,1,4,0,4950,A
2-PB1,1571,2,3,5002,0,5007,G
2-PB1,1572,0,5,0,5000,5005,C
2-PB1,1573,4725,2,1,0,4728,A
2-PB1,1574,0,4726,1,2,4729,T
2-PB1,1575,1,4719,0,1,4721,T
2-PB1,1576,1,6,4747,0,4754,G
2-PB1,1577,3,4,4867,0,4874,G
2-PB1,1578,4785,0,6,0,4791,A
2-PB1,1579,3,1,4799,0,4803,G
2-PB1,1580,0,4605,2,2,4609,T
2-PB1,1581,4574,0,0,1,4575,A
2-PB1,1582,4568,1,3,1,4573,A
2-PB1,1583,1,5,0,4595,4601,C
2-PB1,1584,4562,0,1,1,4564,A
2-PB1,1585,0,3,4624,0,4627,G
2-PB1,1586,2,4077,0,4,4083,T
2-PB1,1587,1,9,4107,1,4118,G
2-PB1,1588,4155,1,1,0,4157,A
2-PB1,1589,3,4150,0,3,4156,T
2-PB1,1590,4143,1,2,0,4146,A
2-PB1,1591,4142,0,0,0,4142,A
2-PB1,1592,4018,0,5,0,4023,A
2-PB1,1593,1,8,4051,1,4061,G
2-PB1,1594,3840,0,1,0,3841,A
2-PB1,1595,3829,1,3,0,3833,A
2-PB1,1596,0,2,1,3837,3840,C
2-PB1,1597,3706,1,2,0,3709,A
2-PB1,1598,3731,1,6,0,3738,A
2-PB1,1599,1,1,0,3745,3747,C
2-PB1,1600,3768,0,7,0,3775,A
2-PB1,1601,1,3773,7,1,3782,T
2-PB1,1602,2,13,3673,0,3688,G
2-PB1,1603,3696,1,0,0,3697,A
2-PB1,1604,1,3683,0,2,3686,T
2-PB1,1605,3623,1,3,0,3627,A
2-PB1,1606,3646,0,5,1,3652,A
2-PB1,1607,3628,0,3,0,3631,A
2-PB1,1608,2,2,0,3653,3657,C
2-PB1,1609,3484,1,1,0,3486,A
2-PB1,1610,3482,0,1,0,3483,A
2-PB1,1611,0,3413,1,4,3418,T
2-PB1,1612,1,8,3414,0,3423,G
2-PB1,1613,3486,1,4,0,3491,A
2-PB1,1614,2,0,1,3517,3520,C
2-PB1,1615,6,1,0,3444,3451,C
2-PB1,1616,0,3318,0,0,3318,T
2-PB1,1617,1,3225,0,0,3226,T
2-PB1,1618,1,1,3231,0,3233,G
2-PB1,1619,1,10,3251,0,3262,G
2-PB1,1620,3298,1,5,0,3304,A
2-PB1,1621,3,1,0,3306,3310,C
2-PB1,1622,6,3,0,3250,3259,C
2-PB1,1623,3222,1,4,0,3227,A
2-PB1,1624,2,1,3263,0,3266,G
2-PB1,1625,0,7,0,3265,3272,C
2-PB1,1626,3269,0,2,0,3271,A
2-PB1,1627,3262,0,0,0,3262,A
2-PB1,1628,0,0,0,3257,3257,C
2-PB1,1629,3209,0,4,0,3213,A
2-PB1,1630,0,3,3288,0,3291,G
2-PB1,1631,1,1,0,3285,3287,C
2-PB1,1632,5,1,2,3281,3289,C
2-PB1,1633,13,2,1,3272,3288,C
2-PB1,1634,3282,0,0,0,3282,A
2-PB1,1635,3275,0,0,0,3275,A
2-PB1,1636,3276,0,0,0,3276,A
2-PB1,1637,1,3280,0,0,3281,T
2-PB1,1638,0,10,3258,0,3268,G
2-PB1,1639,1,1,3246,0,3248,G
2-PB1,1640,0,0,0,3229,3229,C
2-PB1,1641,0,3203,0,7,3210,T
2-PB1,1642,9,1,0,3258,3268,C
2-PB1,1643,2,3258,0,4,3264,T
2-PB1,1644,8,0,0,3284,3292,C
2-PB1,1645,6,1,0,3290,3297,C
2-PB1,1646,3307,0,0,0,3307,A
2-PB1,1647,3312,0,2,0,3314,A
2-PB1,1648,0,3297,0,3,3300,T
2-PB1,1649,0,3266,1,1,3268,T
2-PB1,1650,3,1,3283,0,3287,G
2-PB1,1651,1,3210,3,7,3221,T
2-PB1,1652,1,3209,1,4,3215,T
2-PB1,1653,9,9,0,3205,3223,C
2-PB1,1654,3209,0,1,0,3210,A
2-PB1,1655,2,3211,0,1,3214,T
2-PB1,1656,5,1,2,3205,3213,C
2-PB1,1657,3208,1,1,0,3210,A
2-PB1,1658,3217,0,3,0,3220,A
2-PB1,1659,3214,0,5,0,3219,A
2-PB1,1660,0,4,3267,1,3272,G
2-PB1,1661,3266,0,3,0,3269,A
2-PB1,1662,1,3256,1,1,3259,T
2-PB1,1663,0,3267,1,0,3268,T
2-PB1,1664,3271,1,4,0,3276,A
2-PB1,1665,1,1,0,3335,3337,C
2-PB1,1666,3310,0,6,0,3316,A
2-PB1,1667,0,1,3364,0,3365,G
2-PB1,1668,3339,1,3,0,3343,A
2-PB1,1669,1,3406,1,1,3409,T
2-PB1,1670,3424,0,2,0,3426,A
2-PB1,1671,2,3,0,3627,3632,C
2-PB1,1672,3701,0,1,0,3702,A
2-PB1,1673,0,1,0,3924,3925,C
2-PB1,1674,3853,0,1,0,3854,A
2-PB1,1675,2,3881,0,0,3883,T
2-PB1,1676,3843,0,2,1,3846,A
2-PB1,1677,0,3843,1,1,3845,T
2-PB1,1678,3752,1,4,0,3757,A
2-PB1,1679,0,7,3744,0,3751,G
2-PB1,1680,0,3,3703,0,3706,G
2-PB1,1681,3,3527,0,4,3534,T
2-PB1,1682,1,0,3482,0,3483,G
2-PB1,1683,1,1,0,3593,3595,C
2-PB1,1684,5,2,1,3576,3584,C
2-PB1,1685,3626,1,0,0,3627,A
2-PB1,1686,0,3630,1,0,3631,T
2-PB1,1687,3632,2,1,0,3635,A
2-PB1,1688,0,5,3651,0,3656,G
2-PB1,1689,3577,1,3,0,3581,A
2-PB1,1690,3,5,3593,1,3602,G
2-PB1,1691,0,8,3579,0,3587,G
2-PB1,1692,3488,1,3,0,3492,A
2-PB1,1693,3,13,3490,0,3506,G
2-PB1,1694,3474,1,9,0,3484,A
2-PB1,1695,5,0,0,3480,3485,C
2-PB1,1696,3473,0,3,0,3476,A
2-PB1,1697,1,0,0,3530,3531,C
2-PB1,1698,3526,0,5,0,3531,A
2-PB1,1699,2,1,0,3535,3538,C
2-PB1,1700,3510,1,2,1,3514,A
2-PB1,1701,3522,0,6,0,3528,A
2-PB1,1702,3536,1,3,1,3541,A
2-PB1,1703,0,3548,2,1,3551,T
2-PB1,1704,7,2,0,3542,3551,C
2-PB1,1705,8,0,0,3540,3548,C
2-PB1,1706,3513,0,4,0,3517,A
2-PB1,1707,0,6,3521,0,3527,G
2-PB1,1708,3518,0,4,0,3522,A
2-PB1,1709,0,1,0,3548,3549,C
2-PB1,1710,0,7,3531,0,3538,G
2-PB1,1711,3530,0,2,0,3532,A
2-PB1,1712,0,2,3536,0,3538,G
2-PB1,1713,3508,0,23,1,3532,A
2-PB1,1714,3532,0,4,0,3536,A
2-PB1,1715,0,5,3556,1,3562,G
2-PB1,1716,3541,1,5,0,3547,A
2-PB1,1717,0,3535,0,1,3536,T
2-PB1,1718,4,1,0,3500,3505,C
2-PB1,1719,3511,0,2,0,3513,A
2-PB1,1720,0,3498,0,0,3498,T
2-PB1,1721,0,3496,0,1,3497,T
2-PB1,1722,10,1,0,3496,3507,C
2-PB1,1723,0,2,3508,0,3510,G
2-PB1,1724,3482,1,3,0,3486,A
2-PB1,1725,2,3,3483,0,3488,G
2-PB1,1726,3471,1,2,0,3474,A
2-PB1,1727,0,3565,1,0,3566,T
2-PB1,1728,3577,0,1,0,3578,A
2-PB1,1729,3589,0,0,0,3589,A
2-PB1,1730,3582,0,8,0,3590,A
2-PB1,1731,3,0,3597,0,3600,G
2-PB1,1732,3595,0,0,0,3595,A
2-PB1,1733,3509,0,5,0,3514,A
2-PB1,1734,0,0,3525,0,3525,G
2-PB1,1735,1,1,0,3538,3540,C
2-PB1,1736,0,3507,0,1,3508,T
2-PB1,1737,0,0,3521,0,3521,G
2-PB1,1738,1,3502,0,1,3504,T
2-PB1,1739,0,10,3478,0,3488,G
2-PB1,1740,0,5,3495,0,3500,G
2-PB1,1741,1,7,3515,0,3523,G
2-PB1,1742,3529,0,3,0,3532,A
2-PB1,1743,0,3502,0,1,3503,T
2-PB1,1744,6,5,1,3480,3492,C
2-PB1,1745,3490,0,0,0,3490,A
2-PB1,1746,3507,0,1,3,3511,A
2-PB1,1747,3524,0,2,0,3526,A
2-PB1,1748,1,0,0,3516,3517,C
2-PB1,1749,5,0,0,3495,3500,C
2-PB1,1750,10,0,0,3488,3498,C
2-PB1,1751,3501,0,0,1,3502,A
2-PB1,1752,3554,1,2,0,3557,A
2-PB1,1753,0,3555,0,0,3555,T
2-PB1,1754,10,0,0,3552,3562,C
2-PB1,1755,3521,0,3,1,3525,A
2-PB1,1756,3513,0,4,0,3517,A
2-PB1,1757,1,10,3542,0,3553,G
2-PB1,1758,3,8,3543,0,3554,G
2-PB1,1759,1,1,3539,0,3541,G
2-PB1,1760,0,0,1,3541,3542,C
2-PB1,1761,3460,1,6,0,3467,A
2-PB1,1762,1,4,3562,0,3567,G
2-PB1,1763,0,1,3593,1,3595,G
2-PB1,1764,3614,0,0,0,3614,A
2-PB1,1765,0,0,0,3653,3653,C
2-PB1,1766,0,3587,1,2,3590,T
2-PB1,1767,3665,1,1,0,3667,A
2-PB1,1768,1,3657,0,2,3660,T
2-PB1,1769,0,3665,0,0,3665,T
2-PB1,1770,2,4,3652,0,3658,G
2-PB1,1771,3,4,3702,0,3709,G
2-PB1,1772,0,3668,1,5,3674,T
2-PB1,1773,3679,2,0,0,3681,A
2-PB1,1774,1,3639,0,2,3642,T
2-PB1,1775,3,0,0,3648,3651,C
2-PB1,1776,3596,2,0,0,3598,A
2-PB1,1777,1,1,3651,0,3653,G
2-PB1,1778,3647,1,5,0,3653,A
2-PB1,1779,0,3623,0,2,3625,T
2-PB1,1780,0,5,3507,1,3513,G
2-PB1,1781,0,6,3499,0,3505,G
2-PB1,1782,1,9,3493,1,3504,G
2-PB1,1783,0,6,3508,0,3514,G
2-PB1,1784,5,3,3520,0,3528,G
2-PB1,1785,3505,1,5,0,3511,A
2-PB1,1786,3,0,0,3499,3502,C
2-PB1,1787,7,1,2,3467,3477,C
2-PB1,1788,3477,0,1,0,3478,A
2-PB1,1789,3670,0,0,1,3671,A
2-PB1,1790,3689,0,1,0,3690,A
2-PB1,1791,1,7,0,3762,3770,C
2-PB1,1792,0,3741,0,2,3743,T
2-PB1,1793,0,3726,0,1,3727,T
2-PB1,1794,3738,1,0,0,3739,A
2-PB1,1795,1,3733,0,2,3736,T
2-PB1,1796,3739,0,6,0,3745,A
2-PB1,1797,0,0,0,3748,3748,C
2-PB1,1798,3505,1,3,0,3509,A
2-PB1,1799,3511,1,0,0,3512,A
2-PB1,1800,0,3424,0,0,3424,T
2-PB1,1801,3474,0,1,1,3476,A
2-PB1,1802,1,3472,0,3,3476,T
2-PB1,1803,2,1,0,3453,3456,C
2-PB1,1804,5,2,0,3457,3464,C
2-PB1,1805,3,9,3455,0,3467,G
2-PB1,1806,1,6,3466,0,3473,G
2-PB1,1807,3477,0,0,0,3477,A
2-PB1,1808,3475,1,9,0,3485,A
2-PB1,1809,1,3481,0,0,3482,T
2-PB1,1810,3,1,0,3497,3501,C
2-PB1,1811,2,3480,0,4,3486,T
2-PB1,1812,0,3507,0,5,3512,T
2-PB1,1813,2,0,0,3502,3504,C
2-PB1,1814,3490,3,3,0,3496,A
2-PB1,1815,0,1,0,3509,3510,C
2-PB1,1816,3492,0,2,0,3494,A
2-PB1,1817,0,3773,0,2,3775,T
2-PB1,1818,6,0,1,3771,3778,C
2-PB1,1819,3,1,0,3784,3788,C
2-PB1,1820,8,4,0,3789,3801,C
2-PB1,1821,0,3800,0,2,3802,T
2-PB1,1822,2,4,3800,1,3807,G
2-PB1,1823,3797,0,1,0,3798,A
2-PB1,1824,3791,2,2,0,3795,A
2-PB1,1825,0,0,3801,0,3801,G
2-PB1,1826,0,3581,0,1,3582,T
2-PB1,1827,7,0,0,3582,3589,C
2-PB1,1828,1,3520,0,1,3522,T
2-PB1,1829,1,1,3599,0,3601,G
2-PB1,1830,3,0,0,3599,3602,C
2-PB1,1831,0,3590,0,9,3599,T
2-PB1,1832,1,3600,2,1,3604,T
2-PB1,1833,3594,1,1,1,3597,A
2-PB1,1834,3587,1,0,0,3588,A
2-PB1,1835,3593,1,1,0,3595,A
2-PB1,1836,3488,2,7,1,3498,A
2-PB1,1837,0,3541,0,1,3542,T
2-PB1,1838,0,7,3523,1,3531,G
2-PB1,1839,2,4,3539,0,3545,G
2-PB1,1840,2,11,3558,0,3571,G
2-PB1,1841,3556,0,3,0,3559,A
2-PB1,1842,2,1,3567,0,3570,G
2-PB1,1843,8,0,0,3558,3566,C
2-PB1,1844,0,3560,0,1,3561,T
2-PB1,1845,1,1,3576,0,3578,G
2-PB1,1846,3570,2,4,0,3576,A
2-PB1,1847,0,3580,0,1,3581,T
2-PB1,1848,5,5,3571,0,3581,G
2-PB1,1849,0,4,3587,0,3591,G
2-PB1,1850,3582,1,5,2,3590,A
2-PB1,1851,0,3588,1,0,3589,T
2-PB1,1852,1,12,3563,0,3576,G
2-PB1,1853,3568,1,5,0,3574,A
2-PB1,1854,0,4,3615,0,3619,G
2-PB1,1855,3616,0,2,0,3618,A
2-PB1,1856,3620,0,1,0,3621,A
2-PB1,1857,0,3610,0,0,3610,T
2-PB1,1858,0,3587,0,2,3589,T
2-PB1,1859,3596,0,3,0,3599,A
2-PB1,1860,1,3597,0,0,3598,T
2-PB1,1861,6,1,0,3589,3596,C
2-PB1,1862,1,8,3592,0,3601,G
2-PB1,1863,3,4,3577,0,3584,G
2-PB1,1864,1,4,3563,0,3568,G
2-PB1,1865,1,3,3587,0,3591,G
2-PB1,1866,3573,0,1,0,3574,A
2-PB1,1867,3570,0,2,1,3573,A
2-PB1,1868,0,7,3596,0,3603,G
2-PB1,1869,3620,0,10,0,3630,A
2-PB1,1870,1,1,0,3656,3658,C
2-PB1,1871,1,3614,0,0,3615,T
2-PB1,1872,0,3679,0,0,3679,T
2-PB1,1873,1,3680,0,0,3681,T
2-PB1,1874,1,1,3711,0,3713,G
2-PB1,1875,2,3707,0,2,3711,T
2-PB1,1876,3686,0,2,0,3688,A
2-PB1,1877,3672,1,2,0,3675,A
2-PB1,1878,0,3625,0,2,3627,T
2-PB1,1879,6,1,0,3634,3641,C
2-PB1,1880,3,1,0,3627,3631,C
2-PB1,1881,6,0,0,3605,3611,C
2-PB1,1882,3,0,0,3645,3648,C
2-PB1,1883,2,3627,0,4,3633,T
2-PB1,1884,0,8,3631,1,3640,G
2-PB1,1885,3629,0,2,1,3632,A
2-PB1,1886,3645,0,3,0,3648,A
2-PB1,1887,1,3652,0,9,3662,T
2-PB1,1888,5,1,0,3632,3638,C
2-PB1,1889,10,2,0,3613,3625,C
2-PB1,1890,10,0,1,3600,3611,C
2-PB1,1891,0,3602,1,2,3605,T
2-PB1,1892,0,3608,0,1,3609,T
2-PB1,1893,1,3598,1,0,3600,T
2-PB1,1894,1,0,3603,0,3604,G
2-PB1,1895,1,3587,0,4,3592,T
2-PB1,1896,10,6,0,3577,3593,C
2-PB1,1897,3563,0,4,0,3567,A
2-PB1,1898,0,0,3606,1,3607,G
2-PB1,1899,1,2,0,3592,3595,C
2-PB1,1900,4,0,0,3581,3585,C
2-PB1,1901,3594,1,2,1,3598,A
2-PB1,1902,0,3606,0,2,3608,T
2-PB1,1903,3612,0,1,0,3613,A
2-PB1,1904,3618,0,3,0,3621,A
2-PB1,1905,3614,0,2,1,3617,A
2-PB1,1906,0,9,3651,0,3660,G
2-PB1,1907,3572,0,1,1,3574,A
2-PB1,1908,3582,1,0,0,3583,A
2-PB1,1909,3582,1,3,0,3586,A
2-PB1,1910,0,3582,0,0,3582,T
2-PB1,1911,0,3574,0,4,3578,T
2-PB1,1912,0,11,3572,0,3583,G
2-PB1,1913,3555,0,0,0,3555,A
2-PB1,1914,0,1,3612,0,3613,G
2-PB1,1915,1,3591,1,0,3593,T
2-PB1,1916,8,1,0,3619,3628,C
2-PB1,1917,1,3612,0,1,3614,T
2-PB1,1918,1,0,3689,4,3694,G
2-PB1,1919,1,3687,0,2,3690,T
2-PB1,1920,3740,0,2,1,3743,A
2-PB1,1921,3718,0,17,1,3736,A
2-PB1,1922,3739,0,2,1,3742,A
2-PB1,1923,3,0,0,3749,3752,C
2-PB1,1924,3633,0,0,0,3633,A
2-PB1,1925,3691,0,1,0,3692,A
2-PB1,1926,0,3691,0,0,3691,T
2-PB1,1927,8,1,3667,0,3676,G
2-PB1,1928,1,0,0,3696,3697,C
2-PB1,1929,1,3648,0,2,3651,T
2-PB1,1930,2,2,3768,0,3772,G
2-PB1,1931,1,3769,0,2,3772,T
2-PB1,1932,3820,0,0,0,3820,A
2-PB1,1933,1,3,3825,0,3829,G
2-PB1,1934,1,3723,0,3,3727,T
2-PB1,1935,3704,0,1,0,3705,A
2-PB1,1936,3665,1,1,0,3667,A
2-PB1,1937,1,3628,0,1,3630,T
2-PB1,1938,0,2,3618,1,3621,G
2-PB1,1939,1,1,1,3570,3573,C
2-PB1,1940,4,1,1,3523,3529,C
2-PB1,1941,3466,1,5,1,3473,A
2-PB1,1942,0,1,3526,0,3527,G
2-PB1,1943,2,1,0,3570,3573,C
2-PB1,1944,5,2,0,3581,3588,C
2-PB1,1945,8,0,1,3568,3577,C
2-PB1,1946,3565,1,3,1,3570,A
2-PB1,1947,1,3563,0,4,3568,T
2-PB1,1948,0,16,3556,0,3572,G
2-PB1,1949,4,5,3602,0,3611,G
2-PB1,1950,0,3595,0,5,3600,T
2-PB1,1951,10,1,0,3491,3502,C
2-PB1,1952,3,0,0,3454,3457,C
2-PB1,1953,2,3415,0,3,3420,T
2-PB1,1954,2,2,3499,0,3503,G
2-PB1,1955,2,2,0,3482,3486,C
2-PB1,1956,8,0,0,3501,3509,C
2-PB1,1957,3503,1,0,0,3504,A
2-PB1,1958,3468,0,0,0,3468,A
2-PB1,1959,3466,0,1,0,3467,A
2-PB1,1960,3468,0,2,0,3470,A
2-PB1,1961,0,3,3510,0,3513,G
2-PB1,1962,0,3445,0,1,3446,T
2-PB1,1963,3446,1,0,0,3447,A
2-PB1,1964,0,3447,1,0,3448,T
2-PB1,1965,3,3,3448,0,3454,G
2-PB1,1966,0,6,3516,0,3522,G
2-PB1,1967,3508,0,0,0,3508,A
2-PB1,1968,3540,0,2,0,3542,A
2-PB1,1969,0,3520,0,3,3523,T
2-PB1,1970,3483,0,2,0,3485,A
2-PB1,1971,1,3473,0,3,3477,T
2-PB1,1972,0,5,3448,0,3453,G
2-PB1,1973,3449,2,6,0,3457,A
2-PB1,1974,0,3445,0,1,3446,T
2-PB1,1975,2,1,3354,0,3357,G
2-PB1,1976,0,1,1,3365,3367,C
2-PB1,1977,6,2,0,3327,3335,C
2-PB1,1978,2,0,3334,0,3336,G
2-PB1,1979,1,3327,0,1,3329,T
2-PB1,1980,1,3329,1,1,3332,T
2-PB1,1981,1,3,3341,0,3345,G
2-PB1,1982,1,2,1,3388,3392,C
2-PB1,1983,3392,0,2,0,3394,A
2-PB1,1984,3436,2,0,0,3438,A
2-PB1,1985,4,0,0,3439,3443,C
2-PB1,1986,0,3418,0,2,3420,T
2-PB1,1987,3435,1,1,0,3437,A
2-PB1,1988,2,0,0,3426,3428,C
2-PB1,1989,3416,1,5,0,3422,A
2-PB1,1990,1,0,0,3413,3414,C
2-PB1,1991,3319,0,2,0,3321,A
2-PB1,1992,1,1,0,3549,3551,C
2-PB1,1993,0,3481,0,2,3483,T
2-PB1,1994,4,1,0,3491,3496,C
2-PB1,1995,4,1,0,3492,3497,C
2-PB1,1996,0,3478,0,2,3480,T
2-PB1,1997,1,4,3473,0,3478,G
2-PB1,1998,0,4,3469,0,3473,G
2-PB1,1999,3464,0,1,1,3466,A
2-PB1,2000,0,3468,0,2,3470,T
2-PB1,2001,1,3177,0,4,3182,T
2-PB1,2002,9,1,0,3218,3228,C
2-PB1,2003,3,1,0,3198,3202,C
2-PB1,2004,5,1,0,3198,3204,C
2-PB1,2005,3214,0,1,0,3215,A
2-PB1,2006,3214,0,2,0,3216,A
2-PB1,2007,0,4,3212,0,3216,G
2-PB1,2008,3198,1,5,0,3204,A
2-PB1,2009,1,3,3193,1,3198,G
2-PB1,2010,0,4,3201,0,3205,G
2-PB1,2011,3167,0,1,1,3169,A
2-PB1,2012,3158,0,4,0,3162,A
2-PB1,2013,2,0,1,3160,3163,C
2-PB1,2014,3,0,0,3124,3127,C
2-PB1,2015,3,3,3163,0,3169,G
2-PB1,2016,2,0,0,3165,3167,C
2-PB1,2017,0,3155,0,2,3157,T
2-PB1,2018,13,0,0,3165,3178,C
2-PB1,2019,1,3156,0,0,3157,T
2-PB1,2020,3344,0,1,0,3345,A
2-PB1,2021,1,3339,0,4,3344,T
2-PB1,2022,0,3351,0,1,3352,T
2-PB1,2023,6,1,0,3357,3364,C
2-PB1,2024,2,3245,0,2,3249,T
2-PB1,2025,3253,0,2,0,3255,A
2-PB1,2026,3249,0,0,1,3250,A
2-PB1,2027,3248,0,5,0,3253,A
2-PB1,2028,0,0,0,3257,3257,C
2-PB1,2029,3048,0,0,0,3048,A
2-PB1,2030,3,2,0,3040,3045,C
2-PB1,2031,3018,0,2,0,3020,A
2-PB1,2032,3036,1,3,1,3041,A
2-PB1,2033,1,1,3055,0,3057,G
2-PB1,2034,0,0,0,3061,3061,C
2-PB1,2035,4,0,0,3067,3071,C
2-PB1,2036,3042,1,0,0,3043,A
2-PB1,2037,3033,2,2,6,3043,A
2-PB1,2038,3029,1,14,0,3044,A
2-PB1,2039,0,3,3054,0,3057,G
2-PB1,2040,1,4,3057,0,3062,G
2-PB1,2041,1,5,3015,3,3024,G
2-PB1,2042,0,10,3021,0,3031,G
2-PB1,2043,3005,0,0,1,3006,A
2-PB1,2044,3025,0,1,0,3026,A
2-PB1,2045,0,3016,0,1,3017,T
2-PB1,2046,0,3020,0,2,3022,T
2-PB1,2047,10,0,0,3029,3039,C
2-PB1,2048,1,3007,1,2,3011,T
2-PB1,2049,0,3000,0,0,3000,T
2-PB1,2050,0,4,2997,0,3001,G
2-PB1,2051,3001,0,4,0,3005,A
2-PB1,2052,0,2,3012,1,3015,G
2-PB1,2053,1,3,2991,0,2995,G
2-PB1,2054,2993,1,2,0,2996,A
2-PB1,2055,1,2983,0,1,2985,T
2-PB1,2056,0,11,2996,1,3008,G
2-PB1,2057,3005,0,1,0,3006,A
2-PB1,2058,3009,0,5,0,3014,A
2-PB1,2059,2,1,0,3018,3021,C
2-PB1,2060,2989,1,0,0,2990,A
2-PB1,2061,3,1,3022,1,3027,G
2-PB1,2062,3007,1,1,0,3009,A
2-PB1,2063,0,2995,0,1,2996,T
2-PB1,2064,3,1,3002,0,3006,G
2-PB1,2065,0,3033,0,0,3033,T
2-PB1,2066,3039,0,0,0,3039,A
2-PB1,2067,2,1,1,3032,3036,C
2-PB1,2068,3,1,0,3016,3020,C
2-PB1,2069,2987,0,2,0,2989,A
2-PB1,2070,0,5,2960,0,2965,G
2-PB1,2071,2912,0,1,0,2913,A
2-PB1,2072,2901,0,1,1,2903,A
2-PB1,2073,1,0,2922,0,2923,G
2-PB1,2074,1,2755,0,1,2757,T
2-PB1,2075,1,0,2749,0,2750,G
2-PB1,2076,1,0,0,2747,2748,C
2-PB1,2077,1,2733,0,5,2739,T
2-PB1,2078,1,0,2740,0,2741,G
2-PB1,2079,0,0,0,2733,2733,C
2-PB1,2080,2730,0,3,0,2733,A
2-PB1,2081,2736,0,0,0,2736,A
2-PB1,2082,1,0,0,2713,2714,C
2-PB1,2083,0,2698,0,2,2700,T
2-PB1,2084,0,2669,0,2,2671,T
2-PB1,2085,2,1,2663,0,2666,G
2-PB1,2086,0,2662,0,0,2662,T
2-PB1,2087,0,2659,0,1,2660,T
2-PB1,2088,15,1,1,2631,2648,C
2-PB1,2089,0,5,2643,0,2648,G
2-PB1,2090,2645,0,1,0,2646,A
2-PB1,2091,0,2,2643,0,2645,G
2-PB1,2092,2646,0,1,0,2647,A
2-PB1,2093,2643,0,0,1,2644,A
2-PB1,2094,2643,1,1,0,2645,A
2-PB1,2095,1,2640,0,2,2643,T
2-PB1,2096,0,2643,0,2,2645,T
2-PB1,2097,0,2637,0,1,2638,T
2-PB1,2098,1,2637,0,1,2639,T
2-PB1,2099,2,2631,0,1,2634,T
2-PB1,2100,3,1,0,2642,2646,C
2-PB1,2101,3,3,0,2636,2642,C
2-PB1,2102,4,0,0,2643,2647,C
2-PB1,2103,0,2647,0,1,2648,T
2-PB1,2104,2646,1,3,0,2650,A
2-PB1,2105,0,2,2657,0,2659,G
2-PB1,2106,2,2651,0,4,2657,T
2-PB1,2107,2682,0,1,0,2683,A
2-PB1,2108,2,0,2688,0,2690,G
2-PB1,2109,0,2657,0,5,2662,T
2-PB1,2110,0,2751,0,3,2754,T
2-PB1,2111,11,1,1,2761,2774,C
2-PB1,2112,2797,0,1,1,2799,A
2-PB1,2113,0,2797,0,1,2798,T
2-PB1,2114,2792,0,3,0,2795,A
2-PB1,2115,0,2797,0,1,2798,T
2-PB1,2116,2714,0,2,0,2716,A
2-PB1,2117,2,2,2697,0,2701,G
2-PB1,2118,6,5,2669,0,2680,G
2-PB1,2119,2391,1,4,0,2396,A
2-PB1,2120,0,9,2383,0,2392,G
2-PB1,2121,2265,2,2,0,2269,A
2-PB1,2122,1,0,0,2255,2256,C
2-PB1,2123,9,1,0,2157,2167,C
2-PB1,2124,1,3,2168,0,2172,G
2-PB1,2125,2173,0,1,0,2174,A
2-PB1,2126,0,2161,0,0,2161,T
2-PB1,2127,0,2162,0,1,2163,T
2-PB1,2128,1,2,2156,0,2159,G
2-PB1,2129,0,5,2153,0,2158,G
2-PB1,2130,2157,1,0,0,2158,A
2-PB1,2131,2157,0,2,0,2159,A
2-PB1,2132,0,2147,0,0,2147,T
2-PB1,2133,0,2150,0,0,2150,T
2-PB1,2134,0,2143,0,4,2147,T
2-PB1,2135,2,1,0,2150,2153,C
2-PB1,2136,3,2146,1,1,2151,T
2-PB1,2137,2144,0,1,0,2145,A
2-PB1,2138,0,0,2152,0,2152,G
2-PB1,2139,1,0,0,2143,2144,C
2-PB1,2140,2142,0,1,0,2143,A
2-PB1,2141,0,2133,1,1,2135,T
2-PB1,2142,0,1,2098,0,2099,G
2-PB1,2143,2,0,2146,0,2148,G
2-PB1,2144,0,2137,0,0,2137,T
2-PB1,2145,0,2,2131,0,2133,G
2-PB1,2146,0,5,2127,1,2133,G
2-PB1,2147,2126,0,5,0,2131,A
2-PB1,2148,0,1,2136,0,2137,G
2-PB1,2149,2,1,2126,0,2129,G
2-PB1,2150,1,1,0,2111,2113,C
2-PB1,2151,5,2,0,2081,2088,C
2-PB1,2152,1927,1,1,0,1929,A
2-PB1,2153,0,1920,2,0,1922,T
2-PB1,2154,1,5,1916,0,1922,G
2-PB1,2155,1,1,1929,0,1931,G
2-PB1,2156,1,1840,0,1,1842,T
2-PB1,2157,1,0,1817,0,1818,G
2-PB1,2158,0,1791,0,2,1793,T
2-PB1,2159,4,0,0,1780,1784,C
2-PB1,2160,4,1,0,1654,1659,C
2-PB1,2161,1661,0,0,0,1661,A
2-PB1,2162,1653,0,2,0,1655,A
2-PB1,2163,0,0,1690,0,1690,G
2-PB1,2164,0,0,1697,0,1697,G
2-PB1,2165,1,1,1,1687,1690,C
2-PB1,2166,3,0,0,1690,1693,C
2-PB1,2167,5,2,0,1683,1690,C
2-PB1,2168,0,4,1678,0,1682,G
2-PB1,2169,0,0,1690,0,1690,G
2-PB1,2170,1685,0,1,0,1686,A
2-PB1,2171,0,1684,1,1,1686,T
2-PB1,2172,0,1613,1,0,1614,T
2-PB1,2173,0,5,1588,0,1593,G
2-PB1,2174,1584,0,2,0,1586,A
2-PB1,2175,2,1588,0,1,1591,T
2-PB1,2176,1,0,1590,0,1591,G
2-PB1,2177,2,0,0,1569,1571,C
2-PB1,2178,4,0,0,1562,1566,C
2-PB1,2179,1558,0,1,0,1559,A
2-PB1,2180,1,3,1564,0,1568,G
2-PB1,2181,1563,0,1,0,1564,A
2-PB1,2182,1564,0,0,0,1564,A
2-PB1,2183,0,1559,0,0,1559,T
2-PB1,2184,0,1522,0,1,1523,T
2-PB1,2185,0,6,1520,0,1526,G
2-PB1,2186,1511,0,2,0,1513,A
2-PB1,2187,4,0,0,1503,1507,C
2-PB1,2188,1,1494,1,4,1500,T
2-PB1,2189,0,1492,0,1,1493,T
2-PB1,2190,1,0,0,1477,1478,C
2-PB1,2191,0,4,1476,0,1480,G
2-PB1,2192,1475,0,2,0,1477,A
2-PB1,2193,0,0,1437,0,1437,G
2-PB1,2194,0,1439,0,1,1440,T
2-PB1,2195,6,0,0,1438,1444,C
2-PB1,2196,0,1444,1,1,1446,T
2-PB1,2197,0,0,1442,0,1442,G
2-PB1,2198,0,2,1436,0,1438,G
2-PB1,2199,1437,0,3,0,1440,A
2-PB1,2200,1328,0,4,0,1332,A
2-PB1,2201,0,5,1332,0,1337,G
2-PB1,2202,0,1,1345,0,1346,G
2-PB1,2203,1338,0,3,0,1341,A
2-PB1,2204,0,1336,0,1,1337,T
2-PB1,2205,0,1334,1,2,1337,T
2-PB1,2206,1334,0,0,0,1334,A
2-PB1,2207,1328,0,2,0,1330,A
2-PB1,2208,0,2,1331,0,1333,G
2-PB1,2209,1325,0,1,0,1326,A
2-PB1,2210,1252,0,0,0,1252,A
2-PB1,2211,0,1,1165,0,1166,G
2-PB1,2212,1,1,1163,1,1166,G
2-PB1,2213,1163,0,2,1,1166,A
2-PB1,2214,1163,0,3,0,1166,A
2-PB1,2215,0,1,1166,0,1167,G
2-PB1,2216,1130,0,0,1,1131,A
2-PB1,2217,0,0,1131,0,1131,G
2-PB1,2218,0,1087,1,1,1089,T
2-PB1,2219,0,1069,2,2,1073,T
2-PB1,2220,3,0,0,1080,1083,C
2-PB1,2221,0,1047,0,2,1049,T
2-PB1,2222,4,0,0,1044,1048,C
2-PB1,2223,0,1045,1,0,1046,T
2-PB1,2224,0,1,1041,0,1042,G
2-PB1,2225,1015,0,0,0,1015,A
2-PB1,2226,0,0,995,0,995,G
2-PB1,2227,985,0,0,0,985,A
2-PB1,2228,1,944,0,1,946,T
2-PB1,2229,4,1,0,891,896,C
2-PB1,2230,897,0,0,0,897,A
2-PB1,2231,0,892,1,0,893,T
2-PB1,2232,0,3,890,0,893,G
2-PB1,2233,890,0,0,0,890,A
2-PB1,2234,885,1,0,0,886,A
2-PB1,2235,0,1,865,0,866,G
2-PB1,2236,852,0,0,0,852,A
2-PB1,2237,0,842,0,4,846,T
2-PB1,2238,0,0,0,833,833,C
2-PB1,2239,0,780,0,0,780,T
2-PB1,2240,0,1,782,0,783,G
2-PB1,2241,1,779,0,1,781,T
2-PB1,2242,0,773,0,2,775,T
2-PB1,2243,3,0,0,767,770,C
2-PB1,2244,3,0,0,726,729,C
2-PB1,2245,727,0,0,0,727,A
2-PB1,2246,2,1,0,723,726,C
2-PB1,2247,4,0,0,692,696,C
2-PB1,2248,677,0,0,0,677,A
2-PB1,2249,1,641,1,0,643,T
2-PB1,2250,0,617,0,0,617,T
2-PB1,2251,0,0,616,0,616,G
2-PB1,2252,614,0,0,0,614,A
2-PB1,2253,613,0,0,0,613,A
2-PB1,2254,0,0,610,0,610,G
2-PB1,2255,527,0,1,0,528,A
2-PB1,2256,528,0,1,0,529,A
2-PB1,2257,0,0,0,524,524,C
2-PB1,2258,0,510,0,0,510,T
2-PB1,2259,0,0,0,510,510,C
2-PB1,2260,483,0,0,0,483,A
2-PB1,2261,1,0,482,0,483,G
2-PB1,2262,482,0,1,0,483,A
2-PB1,2263,0,0,0,475,475,C
2-PB1,2264,0,1,466,0,467,G
2-PB1,2265,0,0,454,0,454,G
2-PB1,2266,2,1,0,448,451,C
2-PB1,2267,450,0,0,0,450,A
2-PB1,2268,447,0,0,0,447,A
2-PB1,2269,445,0,0,0,445,A
2-PB1,2270,445,0,0,0,445,A
2-PB1,2271,440,0,0,0,440,A
2-PB1,2272,0,429,0,0,429,T
2-PB1,2273,422,0,0,0,422,A
2-PB1,2274,422,0,0,0,422,A
3-PA,1,26,0,0,0,26,A
3-PA,2,0,25,0,0,25,T
3-PA,3,0,0,28,0,28,G
3-PA,4,0,0,27,0,27,G
3-PA,5,28,0,0,0,28,A
3-PA,6,28,0,0,0,28,A
3-PA,7,0,0,28,0,28,G
3-PA,8,31,0,0,0,31,A
3-PA,9,0,32,0,0,32,T
3-PA,10,0,32,0,0,32,T
3-PA,11,0,34,0,0,34,T
3-PA,12,0,34,0,0,34,T
3-PA,13,0,0,36,0,36,G
3-PA,14,0,36,0,0,36,T
3-PA,15,0,0,36,0,36,G
3-PA,16,0,0,0,36,36,C
3-PA,17,0,1,35,0,36,G
3-PA,18,39,0,0,0,39,A
3-PA,19,0,0,0,40,40,C
3-PA,20,40,0,0,0,40,A
3-PA,21,40,0,0,0,40,A
3-PA,22,0,43,0,0,43,T
3-PA,23,0,0,52,0,52,G
3-PA,24,0,0,0,53,53,C
3-PA,25,0,53,0,0,53,T
3-PA,26,0,53,0,0,53,T
3-PA,27,0,0,0,53,53,C
3-PA,28,54,0,0,0,54,A
3-PA,29,56,0,0,0,56,A
3-PA,30,0,0,0,57,57,C
3-PA,31,0,0,0,58,58,C
3-PA,32,0,0,0,58,58,C
3-PA,33,0,0,58,0,58,G
3-PA,34,59,0,0,0,59,A
3-PA,35,0,60,0,0,60,T
3-PA,36,0,0,61,0,61,G
3-PA,37,62,0,0,0,62,A
3-PA,38,0,64,0,0,64,T
3-PA,39,0,64,0,0,64,T
3-PA,40,0,0,64,0,64,G
3-PA,41,0,64,0,0,64,T
3-PA,42,0,0,0,64,64,C
3-PA,43,0,0,64,0,64,G
3-PA,44,64,0,0,0,64,A
3-PA,45,64,0,0,0,64,A
3-PA,46,0,0,0,65,65,C
3-PA,47,0,65,0,0,65,T
3-PA,48,0,65,0,0,65,T
3-PA,49,0,0,64,0,64,G
3-PA,50,0,0,0,65,65,C
3-PA,51,65,0,0,0,65,A
3-PA,52,0,0,66,0,66,G
3-PA,53,66,0,0,0,66,A
3-PA,54,66,0,0,0,66,A
3-PA,55,66,0,0,0,66,A
3-PA,56,65,0,1,0,66,A
3-PA,57,66,0,0,0,66,A
3-PA,58,0,0,67,0,67,G
3-PA,59,0,0,0,67,67,C
3-PA,60,68,0,0,0,68,A
3-PA,61,73,0,0,0,73,A
3-PA,62,0,73,0,0,73,T
3-PA,63,0,0,73,0,73,G
3-PA,64,74,0,0,0,74,A
3-PA,65,74,0,0,0,74,A
3-PA,66,75,0,1,0,76,A
3-PA,67,0,0,77,0,77,G
3-PA,68,81,0,0,0,81,A
3-PA,69,0,0,88,0,88,G
3-PA,70,0,89,0,0,89,T
3-PA,71,92,0,0,0,92,A
3-PA,72,0,92,0,0,92,T
3-PA,73,0,1,92,0,93,G
3-PA,74,0,0,94,0,94,G
3-PA,75,0,0,93,0,93,G
3-PA,76,0,0,94,0,94,G
3-PA,77,93,0,0,0,93,A
3-PA,78,0,0,94,0,94,G
3-PA,79,0,0,93,0,93,G
3-PA,80,92,0,0,0,92,A
3-PA,81,0,94,0,0,94,T
3-PA,82,0,0,0,94,94,C
3-PA,83,1,93,0,0,94,T
3-PA,84,0,1,93,0,94,G
3-PA,85,94,0,0,0,94,A
3-PA,86,94,0,0,0,94,A
3-PA,87,94,0,0,0,94,A
3-PA,88,94,0,0,0,94,A
3-PA,89,0,93,0,0,93,T
3-PA,90,0,94,0,0,94,T
3-PA,91,0,0,94,0,94,G
3-PA,92,94,0,0,0,94,A
3-PA,93,92,0,1,0,93,A
3-PA,94,93,0,0,0,93,A
3-PA,95,0,0,0,94,94,C
3-PA,96,95,0,0,0,95,A
3-PA,97,94,1,0,0,95,A
3-PA,98,95,0,0,0,95,A
3-PA,99,0,0,0,94,94,C
3-PA,100,95,0,0,0,95,A
3-PA,101,95,0,0,0,95,A
3-PA,102,97,0,0,0,97,A
3-PA,103,0,97,0,0,97,T
3-PA,104,0,95,0,0,95,T
3-PA,105,0,97,0,0,97,T
3-PA,106,0,0,96,0,96,G
3-PA,107,0,0,0,97,97,C
3-PA,108,98,0,0,0,98,A
3-PA,109,0,0,102,0,102,G
3-PA,110,0,0,0,103,103,C
3-PA,111,104,0,0,0,104,A
3-PA,112,104,1,0,0,105,A
3-PA,113,0,106,0,0,106,T
3-PA,114,109,0,0,0,109,A
3-PA,115,0,109,0,0,109,T
3-PA,116,0,0,109,0,109,G
3-PA,117,0,0,0,109,109,C
3-PA,118,109,0,0,0,109,A
3-PA,119,1,0,0,110,111,C
3-PA,120,0,108,0,0,108,T
3-PA,121,0,0,0,126,126,C
3-PA,122,131,0,0,0,131,A
3-PA,123,1,0,0,132,133,C
3-PA,124,0,132,0,0,132,T
3-PA,125,0,132,0,0,132,T
3-PA,126,1,0,131,0,132,G
3-PA,127,0,0,135,0,135,G
3-PA,128,133,0,0,0,133,A
3-PA,129,0,1,133,0,134,G
3-PA,130,0,0,131,0,131,G
3-PA,131,0,125,0,1,126,T
3-PA,132,0,1,133,0,134,G
3-PA,133,0,135,0,0,135,T
3-PA,134,0,0,135,0,135,G
3-PA,135,0,134,0,0,134,T
3-PA,136,0,133,0,1,134,T
3-PA,137,1,135,0,0,136,T
3-PA,138,0,0,0,137,137,C
3-PA,139,138,0,0,0,138,A
3-PA,140,0,137,0,0,137,T
3-PA,141,0,0,145,0,145,G
3-PA,142,0,145,0,0,145,T
3-PA,143,146,0,0,0,146,A
3-PA,144,0,146,0,0,146,T
3-PA,145,0,146,0,0,146,T
3-PA,146,0,0,0,145,145,C
3-PA,147,144,0,0,0,144,A
3-PA,148,0,1,145,0,146,G
3-PA,149,147,0,0,0,147,A
3-PA,150,0,147,0,0,147,T
3-PA,151,0,146,0,0,146,T
3-PA,152,0,148,0,0,148,T
3-PA,153,0,0,0,147,147,C
3-PA,154,0,0,0,153,153,C
3-PA,155,153,0,0,0,153,A
3-PA,156,0,154,0,0,154,T
3-PA,157,0,153,0,0,153,T
3-PA,158,0,154,0,0,154,T
3-PA,159,0,0,0,156,156,C
3-PA,160,157,0,0,0,157,A
3-PA,161,0,161,0,0,161,T
3-PA,162,0,0,0,162,162,C
3-PA,163,161,0,0,0,161,A
3-PA,164,162,0,0,0,162,A
3-PA,165,0,164,0,0,164,T
3-PA,166,0,0,168,0,168,G
3-PA,167,168,0,0,0,168,A
3-PA,168,166,0,0,0,166,A
3-PA,169,0,0,0,168,168,C
3-PA,170,165,0,0,0,165,A
3-PA,171,163,0,0,0,163,A
3-PA,172,0,0,167,0,167,G
3-PA,173,0,0,165,0,165,G
3-PA,174,0,0,0,164,164,C
3-PA,175,0,0,165,0,165,G
3-PA,176,169,0,0,0,169,A
3-PA,177,169,0,0,0,169,A
3-PA,178,0,170,0,0,170,T
3-PA,179,0,0,0,168,168,C
3-PA,180,169,0,0,0,169,A
3-PA,181,168,0,0,0,168,A
3-PA,182,0,167,0,0,167,T
3-PA,183,170,0,0,0,170,A
3-PA,184,0,0,173,0,173,G
3-PA,185,0,175,0,0,175,T
3-PA,186,0,0,176,0,176,G
3-PA,187,0,1,173,0,174,G
3-PA,188,0,174,0,0,174,T
3-PA,189,173,0,0,0,173,A
3-PA,190,0,0,177,0,177,G
3-PA,191,177,0,0,0,177,A
3-PA,192,177,0,0,0,177,A
3-PA,193,0,0,0,177,177,C
3-PA,194,0,176,0,0,176,T
3-PA,195,0,176,0,0,176,T
3-PA,196,0,0,175,0,175,G
3-PA,197,176,0,0,0,176,A
3-PA,198,0,0,0,175,175,C
3-PA,199,0,1,173,0,174,G
3-PA,200,177,0,0,0,177,A
3-PA,201,0,182,0,1,183,T
3-PA,202,1,0,0,183,184,C
3-PA,203,1,0,0,187,188,C
3-PA,204,188,0,0,0,188,A
3-PA,205,188,0,0,0,188,A
3-PA,206,188,0,0,0,188,A
3-PA,207,0,190,0,0,190,T
3-PA,208,0,0,190,0,190,G
3-PA,209,0,0,0,191,191,C
3-PA,210,190,0,0,0,190,A
3-PA,211,0,0,0,195,195,C
3-PA,212,0,194,0,0,194,T
3-PA,213,0,0,215,0,215,G
3-PA,214,0,215,0,0,215,T
3-PA,215,0,215,0,0,215,T
3-PA,216,215,0,0,0,215,A
3-PA,217,215,0,0,0,215,A
3-PA,218,213,0,0,0,213,A
3-PA,219,0,0,215,0,215,G
3-PA,220,0,0,0,212,212,C
3-PA,221,207,0,0,0,207,A
3-PA,222,0,0,0,207,207,C
3-PA,223,202,0,0,0,202,A
3-PA,224,0,0,212,0,212,G
3-PA,225,212,0,0,0,212,A
3-PA,226,0,213,0,0,213,T
3-PA,227,0,213,0,0,213,T
3-PA,228,0,212,0,0,212,T
3-PA,229,1,1,213,0,215,G
3-PA,230,214,0,1,0,215,A
3-PA,231,214,0,2,0,216,A
3-PA,232,214,0,0,0,214,A
3-PA,233,0,212,0,0,212,T
3-PA,234,212,0,0,0,212,A
3-PA,235,216,0,0,0,216,A
3-PA,236,0,217,0,0,217,T
3-PA,237,1,0,0,217,218,C
3-PA,238,0,1,217,0,218,G
3-PA,239,216,0,0,0,216,A
3-PA,240,0,1,216,0,217,G
3-PA,241,0,0,220,0,220,G
3-PA,242,0,0,221,0,221,G
3-PA,243,0,0,219,0,219,G
3-PA,244,217,1,0,0,218,A
3-PA,245,0,1,218,0,219,G
3-PA,246,226,0,0,0,226,A
3-PA,247,0,0,226,0,226,G
3-PA,248,227,0,0,0,227,A
3-PA,249,0,0,0,227,227,C
3-PA,250,224,0,0,0,224,A
3-PA,251,0,3,228,0,231,G
3-PA,252,231,0,0,0,231,A
3-PA,253,235,0,0,0,235,A
3-PA,254,0,0,0,236,236,C
3-PA,255,227,0,0,0,227,A
3-PA,256,229,0,0,0,229,A
3-PA,257,0,229,0,0,229,T
3-PA,258,0,0,237,0,237,G
3-PA,259,0,0,239,0,239,G
3-PA,260,0,0,0,234,234,C
3-PA,261,0,0,0,234,234,C
3-PA,262,0,233,0,1,234,T
3-PA,263,0,1,241,0,242,G
3-PA,264,0,1,240,0,241,G
3-PA,265,240,0,0,0,240,A
3-PA,266,0,0,0,243,243,C
3-PA,267,240,0,0,0,240,A
3-PA,268,2,0,273,0,275,G
3-PA,269,0,275,0,0,275,T
3-PA,270,282,0,0,0,282,A
3-PA,271,0,0,282,0,282,G
3-PA,272,0,276,0,0,276,T
3-PA,273,279,0,0,0,279,A
3-PA,274,279,0,0,0,279,A
3-PA,275,278,0,2,0,280,A
3-PA,276,0,1,0,281,282,C
3-PA,277,269,0,0,0,269,A
3-PA,278,0,0,275,0,275,G
3-PA,279,0,274,0,0,274,T
3-PA,280,278,0,0,0,278,A
3-PA,281,0,278,0,0,278,T
3-PA,282,0,1,0,278,279,C
3-PA,283,0,280,0,0,280,T
3-PA,284,0,0,281,0,281,G
3-PA,285,0,0,0,277,277,C
3-PA,286,275,0,0,0,275,A
3-PA,287,276,0,1,0,277,A
3-PA,288,0,0,0,278,278,C
3-PA,289,276,0,0,0,276,A
3-PA,290,0,0,0,290,290,C
3-PA,291,0,288,0,0,288,T
3-PA,292,288,0,1,0,289,A
3-PA,293,0,0,0,288,288,C
3-PA,294,0,289,0,0,289,T
3-PA,295,0,0,289,0,289,G
3-PA,296,0,0,287,0,287,G
3-PA,297,283,0,1,0,284,A
3-PA,298,0,0,285,0,285,G
3-PA,299,0,0,0,279,279,C
3-PA,300,0,278,0,2,280,T
3-PA,301,0,0,280,0,280,G
3-PA,302,0,0,278,0,278,G
3-PA,303,1,0,278,0,279,G
3-PA,304,280,0,0,0,280,A
3-PA,305,279,0,0,0,279,A
3-PA,306,282,0,1,0,283,A
3-PA,307,0,0,0,283,283,C
3-PA,308,0,0,0,283,283,C
3-PA,309,0,0,282,0,282,G
3-PA,310,281,0,1,0,282,A
3-PA,311,282,0,0,0,282,A
3-PA,312,0,0,285,0,285,G
3-PA,313,0,283,0,1,284,T
3-PA,314,0,283,0,1,284,T
3-PA,315,0,284,0,0,284,T
3-PA,316,0,0,0,284,284,C
3-PA,317,0,289,0,0,289,T
3-PA,318,290,0,0,0,290,A
3-PA,319,0,0,0,287,287,C
3-PA,320,1,1,0,287,289,C
3-PA,321,290,0,0,0,290,A
3-PA,322,0,0,294,0,294,G
3-PA,323,292,0,0,0,292,A
3-PA,324,0,294,0,0,294,T
3-PA,325,0,294,0,0,294,T
3-PA,326,0,293,0,0,293,T
3-PA,327,1,0,294,0,295,G
3-PA,328,0,294,0,1,295,T
3-PA,329,295,0,0,0,295,A
3-PA,330,0,295,0,0,295,T
3-PA,331,0,1,289,0,290,G
3-PA,332,300,0,1,0,301,A
3-PA,333,0,301,0,0,301,T
3-PA,334,0,300,0,0,300,T
3-PA,335,300,0,0,0,300,A
3-PA,336,0,0,0,301,301,C
3-PA,337,301,0,1,0,302,A
3-PA,338,302,0,0,0,302,A
3-PA,339,0,1,301,0,302,G
3-PA,340,0,0,303,0,303,G
3-PA,341,284,0,2,0,286,A
3-PA,342,0,1,291,0,292,G
3-PA,343,291,0,0,0,291,A
3-PA,344,291,1,0,0,292,A
3-PA,345,0,0,0,291,291,C
3-PA,346,288,0,0,0,288,A
3-PA,347,0,2,287,0,289,G
3-PA,348,289,0,0,0,289,A
3-PA,349,0,288,0,0,288,T
3-PA,350,0,287,0,0,287,T
3-PA,351,1,0,0,280,281,C
3-PA,352,281,0,0,0,281,A
3-PA,353,0,279,0,0,279,T
3-PA,354,1,0,0,278,279,C
3-PA,355,0,1,280,0,281,G
3-PA,356,284,0,0,0,284,A
3-PA,357,281,0,0,0,281,A
3-PA,358,284,0,0,0,284,A
3-PA,359,0,284,0,0,284,T
3-PA,360,0,284,0,0,284,T
3-PA,361,0,0,282,0,282,G
3-PA,362,0,0,282,0,282,G
3-PA,363,0,1,282,0,283,G
3-PA,364,0,0,285,0,285,G
3-PA,365,0,281,0,0,281,T
3-PA,366,0,2,279,0,281,G
3-PA,367,282,0,0,0,282,A
3-PA,368,0,0,0,282,282,C
3-PA,369,285,1,0,0,286,A
3-PA,370,285,0,0,0,285,A
3-PA,371,0,0,290,0,290,G
3-PA,372,0,0,291,0,291,G
3-PA,373,289,0,0,0,289,A
3-PA,374,0,1,289,0,290,G
3-PA,375,289,0,0,0,289,A
3-PA,376,0,0,290,0,290,G
3-PA,377,284,0,0,0,284,A
3-PA,378,286,0,0,0,286,A
3-PA,379,0,0,298,0,298,G
3-PA,380,0,293,0,0,293,T
3-PA,381,0,0,0,294,294,C
3-PA,382,0,0,1,298,299,C
3-PA,383,302,0,0,0,302,A
3-PA,384,0,0,0,307,307,C
3-PA,385,312,0,0,0,312,A
3-PA,386,0,317,0,1,318,T
3-PA,387,322,0,0,0,322,A
3-PA,388,0,314,0,0,314,T
3-PA,389,310,0,0,0,310,A
3-PA,390,0,309,0,0,309,T
3-PA,391,0,306,0,0,306,T
3-PA,392,314,0,0,0,314,A
3-PA,393,0,0,0,312,312,C
3-PA,394,0,0,0,296,296,C
3-PA,395,0,296,0,0,296,T
3-PA,396,0,289,0,0,289,T
3-PA,397,0,0,287,0,287,G
3-PA,398,290,0,0,0,290,A
3-PA,399,291,0,0,0,291,A
3-PA,400,291,0,0,0,291,A
3-PA,401,279,0,1,0,280,A
3-PA,402,2,0,281,0,283,G
3-PA,403,0,0,282,0,282,G
3-PA,404,0,0,0,282,282,C
3-PA,405,1,0,0,281,282,C
3-PA,406,282,0,0,0,282,A
3-PA,407,282,0,0,0,282,A
3-PA,408,0,281,0,0,281,T
3-PA,409,281,0,0,0,281,A
3-PA,410,281,0,0,0,281,A
3-PA,411,0,0,279,0,279,G
3-PA,412,277,0,0,0,277,A
3-PA,413,0,278,0,0,278,T
3-PA,414,0,276,0,0,276,T
3-PA,415,276,0,1,0,277,A
3-PA,416,277,0,0,0,277,A
3-PA,417,277,0,0,0,277,A
3-PA,418,0,277,0,0,277,T
3-PA,419,2,0,0,276,278,C
3-PA,420,0,272,0,0,272,T
3-PA,421,0,0,274,0,274,G
3-PA,422,272,0,1,0,273,A
3-PA,423,0,2,272,0,274,G
3-PA,424,275,0,0,0,275,A
3-PA,425,273,0,0,0,273,A
3-PA,426,0,0,0,272,272,C
3-PA,427,271,0,0,0,271,A
3-PA,428,0,0,0,273,273,C
3-PA,429,271,0,0,0,271,A
3-PA,430,0,0,0,275,275,C
3-PA,431,275,0,0,0,275,A
3-PA,432,0,0,0,282,282,C
3-PA,433,279,0,0,0,279,A
3-PA,434,0,278,0,0,278,T
3-PA,435,0,275,0,0,275,T
3-PA,436,0,0,0,276,276,C
3-PA,437,275,0,0,0,275,A
3-PA,438,0,0,0,277,277,C
3-PA,439,276,0,1,0,277,A
3-PA,440,1,277,0,0,278,T
3-PA,441,0,273,0,0,273,T
3-PA,442,0,277,0,0,277,T
3-PA,443,0,275,0,1,276,T
3-PA,444,1,0,0,275,276,C
3-PA,445,0,275,0,0,275,T
3-PA,446,1,0,0,275,276,C
3-PA,447,275,0,0,0,275,A
3-PA,448,0,274,0,0,274,T
3-PA,449,0,277,0,0,277,T
3-PA,450,0,0,0,280,280,C
3-PA,451,275,0,0,0,275,A
3-PA,452,1,0,0,277,278,C
3-PA,453,0,280,0,0,280,T
3-PA,454,0,3,276,0,279,G
3-PA,455,0,1,278,0,279,G
3-PA,456,271,0,1,0,272,A
3-PA,457,0,1,277,0,278,G
3-PA,458,279,0,0,0,279,A
3-PA,459,0,0,280,0,280,G
3-PA,460,0,0,282,0,282,G
3-PA,461,274,0,0,0,274,A
3-PA,462,274,0,1,0,275,A
3-PA,463,275,0,0,0,275,A
3-PA,464,0,269,0,0,269,T
3-PA,465,0,0,269,0,269,G
3-PA,466,0,0,268,0,268,G
3-PA,467,0,0,0,268,268,C
3-PA,468,1,0,0,264,265,C
3-PA,469,269,0,0,0,269,A
3-PA,470,0,0,0,272,272,C
3-PA,471,271,0,0,0,271,A
3-PA,472,273,0,0,0,273,A
3-PA,473,272,0,1,1,274,A
3-PA,474,0,1,269,0,270,G
3-PA,475,0,0,271,0,271,G
3-PA,476,1,0,0,272,273,C
3-PA,477,269,0,0,0,269,A
3-PA,478,0,0,270,0,270,G
3-PA,479,268,0,1,0,269,A
3-PA,480,0,0,0,273,273,C
3-PA,481,0,272,0,0,272,T
3-PA,482,269,1,0,0,270,A
3-PA,483,0,0,0,271,271,C
3-PA,484,269,0,0,0,269,A
3-PA,485,0,0,0,271,271,C
3-PA,486,0,264,0,0,264,T
3-PA,487,0,0,0,263,263,C
3-PA,488,0,260,0,0,260,T
3-PA,489,0,0,0,254,254,C
3-PA,490,0,0,253,0,253,G
3-PA,491,250,1,0,0,251,A
3-PA,492,1,0,0,250,251,C
3-PA,493,0,0,250,0,250,G
3-PA,494,250,0,0,0,250,A
3-PA,495,0,0,251,0,251,G
3-PA,496,0,0,250,0,250,G
3-PA,497,247,0,1,0,248,A
3-PA,498,249,0,0,0,249,A
3-PA,499,250,0,0,0,250,A
3-PA,500,0,0,252,0,252,G
3-PA,501,0,0,0,252,252,C
3-PA,502,250,0,0,0,250,A
3-PA,503,0,1,257,0,258,G
3-PA,504,0,0,256,0,256,G
3-PA,505,1,1,252,0,254,G
3-PA,506,0,0,0,252,252,C
3-PA,507,0,252,0,0,252,T
3-PA,508,252,0,0,0,252,A
3-PA,509,0,0,258,0,258,G
3-PA,510,0,0,272,0,272,G
3-PA,511,276,0,0,0,276,A
3-PA,512,0,267,0,0,267,T
3-PA,513,0,260,0,0,260,T
3-PA,514,260,0,0,0,260,A
3-PA,515,264,0,0,0,264,A
3-PA,516,0,2,263,0,265,G
3-PA,517,265,0,0,0,265,A
3-PA,518,0,0,0,265,265,C
3-PA,519,1,0,0,244,245,C
3-PA,520,241,0,1,0,242,A
3-PA,521,0,1,240,0,241,G
3-PA,522,0,0,244,0,244,G
3-PA,523,0,0,0,242,242,C
3-PA,524,0,239,0,0,239,T
3-PA,525,0,0,241,1,242,G
3-PA,526,0,243,0,0,243,T
3-PA,527,0,242,0,0,242,T
3-PA,528,0,243,0,0,243,T
3-PA,529,242,1,0,0,243,A
3-PA,530,0,0,0,246,246,C
3-PA,531,1,0,0,242,243,C
3-PA,532,243,0,0,0,243,A
3-PA,533,0,244,0,0,244,T
3-PA,534,232,0,0,0,232,A
3-PA,535,233,0,0,0,233,A
3-PA,536,0,2,238,0,240,G
3-PA,537,237,0,0,0,237,A
3-PA,538,0,1,0,236,237,C
3-PA,539,233,0,0,0,233,A
3-PA,540,232,0,0,0,232,A
3-PA,541,0,1,233,0,234,G
3-PA,542,234,0,0,0,234,A
3-PA,543,232,0,0,0,232,A
3-PA,544,230,0,0,0,230,A
3-PA,545,0,226,0,0,226,T
3-PA,546,0,0,224,0,224,G
3-PA,547,0,0,225,0,225,G
3-PA,548,1,0,0,222,223,C
3-PA,549,0,0,0,223,223,C
3-PA,550,222,0,0,0,222,A
3-PA,551,228,0,0,0,228,A
3-PA,552,0,0,0,228,228,C
3-PA,553,226,0,0,0,226,A
3-PA,554,0,0,225,0,225,G
3-PA,555,221,0,0,0,221,A
3-PA,556,0,1,230,0,231,G
3-PA,557,0,0,233,0,233,G
3-PA,558,0,0,0,231,231,C
3-PA,559,0,0,0,234,234,C
3-PA,560,0,229,0,0,229,T
3-PA,561,227,0,0,0,227,A
3-PA,562,0,227,0,0,227,T
3-PA,563,0,0,226,0,226,G
3-PA,564,0,0,230,0,230,G
3-PA,565,1,1,221,0,223,G
3-PA,566,221,0,0,0,221,A
3-PA,567,0,219,0,0,219,T
3-PA,568,1,214,0,0,215,T
3-PA,569,1,1,0,291,293,C
3-PA,570,0,0,0,291,291,C
3-PA,571,0,291,0,0,291,T
3-PA,572,0,291,0,0,291,T
3-PA,573,0,295,0,0,295,T
3-PA,574,1,2,0,297,300,C
3-PA,575,1,1,300,0,302,G
3-PA,576,0,301,0,0,301,T
3-PA,577,0,0,0,299,299,C
3-PA,578,291,0,0,0,291,A
3-PA,579,0,0,389,0,389,G
3-PA,580,0,389,0,0,389,T
3-PA,581,0,0,0,388,388,C
3-PA,582,0,0,0,396,396,C
3-PA,583,0,0,403,0,403,G
3-PA,584,405,0,0,0,405,A
3-PA,585,405,0,0,0,405,A
3-PA,586,406,0,2,0,408,A
3-PA,587,0,0,419,0,419,G
3-PA,588,405,0,1,0,406,A
3-PA,589,0,0,415,0,415,G
3-PA,590,0,0,417,0,417,G
3-PA,591,0,0,0,418,418,C
3-PA,592,0,1,418,0,419,G
3-PA,593,420,0,0,0,420,A
3-PA,594,422,0,0,0,422,A
3-PA,595,0,1,438,0,439,G
3-PA,596,438,0,0,0,438,A
3-PA,597,437,0,2,0,439,A
3-PA,598,437,0,1,0,438,A
3-PA,599,0,0,0,445,445,C
3-PA,600,445,0,0,0,445,A
3-PA,601,444,0,0,0,444,A
3-PA,602,0,446,0,0,446,T
3-PA,603,0,446,0,0,446,T
3-PA,604,0,0,447,0,447,G
3-PA,605,445,0,0,0,445,A
3-PA,606,447,0,1,0,448,A
3-PA,607,0,1,448,0,449,G
3-PA,608,448,0,0,0,448,A
3-PA,609,447,0,1,0,448,A
3-PA,610,448,0,0,0,448,A
3-PA,611,450,0,0,0,450,A
3-PA,612,450,0,0,0,450,A
3-PA,613,0,449,0,0,449,T
3-PA,614,0,450,0,0,450,T
3-PA,615,0,452,0,0,452,T
3-PA,616,0,1,450,0,451,G
3-PA,617,453,0,0,0,453,A
3-PA,618,453,0,0,0,453,A
3-PA,619,451,0,0,0,451,A
3-PA,620,0,467,0,0,467,T
3-PA,621,2,0,0,543,545,C
3-PA,622,544,0,0,0,544,A
3-PA,623,0,0,0,556,556,C
3-PA,624,552,0,0,0,552,A
3-PA,625,0,0,576,1,577,G
3-PA,626,0,3,610,0,613,G
3-PA,627,630,0,1,0,631,A
3-PA,628,649,0,1,0,650,A
3-PA,629,0,0,0,664,664,C
3-PA,630,0,657,0,0,657,T
3-PA,631,748,0,0,0,748,A
3-PA,632,0,772,0,0,772,T
3-PA,633,0,2,812,0,814,G
3-PA,634,0,0,0,810,810,C
3-PA,635,1,0,804,0,805,G
3-PA,636,0,803,0,0,803,T
3-PA,637,799,1,0,0,800,A
3-PA,638,0,0,810,0,810,G
3-PA,639,0,0,811,0,811,G
3-PA,640,0,0,0,797,797,C
3-PA,641,0,793,0,0,793,T
3-PA,642,0,788,0,0,788,T
3-PA,643,0,1,786,0,787,G
3-PA,644,0,0,0,790,790,C
3-PA,645,1,3,0,786,790,C
3-PA,646,1,3,799,1,804,G
3-PA,647,811,0,1,0,812,A
3-PA,648,1,0,0,813,814,C
3-PA,649,2,0,0,812,814,C
3-PA,650,815,0,0,0,815,A
3-PA,651,824,1,0,0,825,A
3-PA,652,823,0,1,0,824,A
3-PA,653,0,0,848,0,848,G
3-PA,654,0,846,0,0,846,T
3-PA,655,6,0,0,852,858,C
3-PA,656,0,858,0,0,858,T
3-PA,657,0,1,0,860,861,C
3-PA,658,3,1,0,866,870,C
3-PA,659,1,1,0,875,877,C
3-PA,660,876,0,0,0,876,A
3-PA,661,0,0,0,883,883,C
3-PA,662,3,0,0,872,875,C
3-PA,663,1,2,880,0,883,G
3-PA,664,903,0,0,0,903,A
3-PA,665,905,0,0,0,905,A
3-PA,666,1,0,0,911,912,C
3-PA,667,0,902,0,1,903,T
3-PA,668,1,921,0,0,922,T
3-PA,669,0,0,0,945,945,C
3-PA,670,0,939,0,1,940,T
3-PA,671,1,0,1,945,947,C
3-PA,672,0,0,0,936,936,C
3-PA,673,0,937,0,0,937,T
3-PA,674,0,0,953,0,953,G
3-PA,675,0,0,0,950,950,C
3-PA,676,4,0,0,950,954,C
3-PA,677,0,952,0,0,952,T
3-PA,678,0,948,0,0,948,T
3-PA,679,1,2,944,0,947,G
3-PA,680,949,0,0,0,949,A
3-PA,681,0,4,958,0,962,G
3-PA,682,965,0,0,0,965,A
3-PA,683,973,0,0,0,973,A
3-PA,684,1,988,1,0,990,T
3-PA,685,0,994,0,0,994,T
3-PA,686,0,997,0,1,998,T
3-PA,687,0,999,0,0,999,T
3-PA,688,998,0,0,0,998,A
3-PA,689,0,1,1000,0,1001,G
3-PA,690,993,0,1,0,994,A
3-PA,691,0,0,1040,0,1040,G
3-PA,692,0,0,0,1040,1040,C
3-PA,693,1,0,0,1057,1058,C
3-PA,694,0,1087,0,1,1088,T
3-PA,695,1149,0,0,0,1149,A
3-PA,696,0,1149,0,0,1149,T
3-PA,697,0,0,1167,0,1167,G
3-PA,698,0,1170,0,0,1170,T
3-PA,699,0,3,1170,0,1173,G
3-PA,700,0,1,1166,1,1168,G
3-PA,701,1164,0,0,0,1164,A
3-PA,702,0,1156,0,0,1156,T
3-PA,703,1,3,1142,0,1146,G
3-PA,704,0,0,1190,0,1190,G
3-PA,705,1185,1,2,0,1188,A
3-PA,706,0,1188,0,0,1188,T
3-PA,707,0,1190,0,1,1191,T
3-PA,708,4,1,0,1185,1190,C
3-PA,709,4,5,1184,0,1193,G
3-PA,710,1194,1,1,0,1196,A
3-PA,711,1196,0,0,0,1196,A
3-PA,712,1,0,0,1207,1208,C
3-PA,713,2,0,0,1184,1186,C
3-PA,714,0,3,1187,0,1190,G
3-PA,715,1187,1,2,0,1190,A
3-PA,716,1182,0,1,0,1183,A
3-PA,717,0,0,0,1200,1200,C
3-PA,718,0,6,1190,0,1196,G
3-PA,719,1,0,1231,0,1232,G
3-PA,720,0,3,0,1229,1232,C
3-PA,721,0,1230,0,0,1230,T
3-PA,722,1,0,1279,0,1280,G
3-PA,723,0,0,0,1280,1280,C
3-PA,724,1298,0,1,0,1299,A
3-PA,725,0,1296,0,1,1297,T
3-PA,726,0,1288,0,1,1289,T
3-PA,727,0,3,1285,0,1288,G
3-PA,728,1273,0,1,0,1274,A
3-PA,729,3,4,1282,0,1289,G
3-PA,730,0,2,1287,0,1289,G
3-PA,731,0,0,1286,0,1286,G
3-PA,732,0,0,0,1282,1282,C
3-PA,733,1280,0,0,0,1280,A
3-PA,734,1289,0,1,0,1290,A
3-PA,735,1,0,1302,0,1303,G
3-PA,736,0,0,0,1314,1314,C
3-PA,737,1,1310,0,0,1311,T
3-PA,738,0,1308,0,0,1308,T
3-PA,739,0,1318,0,1,1319,T
3-PA,740,1,0,0,1323,1324,C
3-PA,741,3,1317,0,2,1322,T
3-PA,742,6,0,0,1324,1330,C
3-PA,743,1327,0,0,0,1327,A
3-PA,744,1327,0,0,0,1327,A
3-PA,745,1327,0,1,0,1328,A
3-PA,746,0,1323,0,0,1323,T
3-PA,747,0,0,1380,0,1380,G
3-PA,748,0,1380,0,0,1380,T
3-PA,749,4,0,0,1378,1382,C
3-PA,750,2,1,0,1390,1393,C
3-PA,751,1393,0,2,0,1395,A
3-PA,752,1394,0,0,0,1394,A
3-PA,753,1394,0,1,0,1395,A
3-PA,754,0,1,1412,0,1413,G
3-PA,755,1409,0,1,0,1410,A
3-PA,756,1382,0,1,0,1383,A
3-PA,757,0,0,1392,0,1392,G
3-PA,758,0,1380,0,0,1380,T
3-PA,759,0,5,1371,0,1376,G
3-PA,760,1378,0,1,0,1379,A
3-PA,761,1375,0,1,0,1376,A
3-PA,762,0,1386,1,0,1387,T
3-PA,763,0,0,1385,1,1386,G
3-PA,764,0,2,0,1388,1390,C
3-PA,765,3,0,0,1387,1390,C
3-PA,766,2,0,0,1385,1387,C
3-PA,767,1394,0,0,0,1394,A
3-PA,768,1414,1,0,0,1415,A
3-PA,769,1416,0,1,0,1417,A
3-PA,770,0,1423,0,0,1423,T
3-PA,771,0,1415,0,0,1415,T
3-PA,772,0,4,1417,0,1421,G
3-PA,773,1420,0,0,0,1420,A
3-PA,774,1418,0,1,0,1419,A
3-PA,775,1,0,1,1429,1431,C
3-PA,776,3,0,0,1428,1431,C
3-PA,777,0,1408,0,2,1410,T
3-PA,778,1,1446,0,0,1447,T
3-PA,779,0,1452,0,0,1452,T
3-PA,780,0,1476,0,0,1476,T
3-PA,781,2,0,0,1480,1482,C
3-PA,782,0,1476,0,0,1476,T
3-PA,783,0,3,1483,0,1486,G
3-PA,784,1483,1,2,0,1486,A
3-PA,785,1498,0,4,0,1502,A
3-PA,786,0,4,1512,0,1516,G
3-PA,787,1499,0,0,0,1499,A
3-PA,788,0,0,0,1509,1509,C
3-PA,789,1490,0,2,0,1492,A
3-PA,790,1506,0,2,0,1508,A
3-PA,791,0,1,0,1678,1679,C
3-PA,792,1690,0,1,0,1691,A
3-PA,793,1,0,0,1689,1690,C
3-PA,794,4,0,0,1680,1684,C
3-PA,795,1683,0,2,0,1685,A
3-PA,796,1686,0,4,0,1690,A
3-PA,797,1,6,1687,0,1694,G
3-PA,798,1696,0,2,0,1698,A
3-PA,799,2,0,0,1693,1695,C
3-PA,800,6,0,0,1599,1605,C
3-PA,801,1605,0,2,0,1607,A
3-PA,802,1608,0,2,0,1610,A
3-PA,803,0,1613,0,0,1613,T
3-PA,804,5,0,0,1614,1619,C
3-PA,805,1614,0,0,0,1614,A
3-PA,806,1612,1,0,0,1613,A
3-PA,807,1610,1,0,1,1612,A
3-PA,808,1,0,0,1626,1627,C
3-PA,809,0,1616,0,1,1617,T
3-PA,810,0,1622,0,1,1623,T
3-PA,811,1,0,0,1632,1633,C
3-PA,812,3,1,0,1637,1641,C
3-PA,813,2,5,1638,1,1646,G
3-PA,814,1646,0,0,0,1646,A
3-PA,815,1648,0,1,0,1649,A
3-PA,816,1,1654,0,0,1655,T
3-PA,817,1,3,1638,0,1642,G
3-PA,818,0,1,1651,0,1652,G
3-PA,819,1664,0,2,0,1666,A
3-PA,820,0,1,0,1668,1669,C
3-PA,821,2,0,0,1665,1667,C
3-PA,822,1,1702,1,0,1704,T
3-PA,823,7,1,0,1759,1767,C
3-PA,824,2,4,0,1774,1780,C
3-PA,825,0,1774,0,2,1776,T
3-PA,826,0,1781,0,2,1783,T
3-PA,827,0,0,1865,0,1865,G
3-PA,828,0,1857,0,2,1859,T
3-PA,829,0,1858,0,0,1858,T
3-PA,830,1859,0,1,0,1860,A
3-PA,831,0,1825,1,1,1827,T
3-PA,832,3,2,0,1813,1818,C
3-PA,833,1783,1,1,1,1786,A
3-PA,834,0,0,1785,0,1785,G
3-PA,835,0,2,0,1770,1772,C
3-PA,836,1,2,1722,0,1725,G
3-PA,837,0,1,1758,0,1759,G
3-PA,838,0,1765,0,1,1766,T
3-PA,839,1,0,0,1768,1769,C
3-PA,840,4,0,0,1766,1770,C
3-PA,841,1785,0,0,0,1785,A
3-PA,842,1786,1,0,0,1787,A
3-PA,843,1788,2,0,0,1790,A
3-PA,844,0,1793,0,2,1795,T
3-PA,845,0,1784,0,1,1785,T
3-PA,846,0,0,1,1791,1792,C
3-PA,847,1,0,1,1780,1782,C
3-PA,848,0,1785,0,1,1786,T
3-PA,849,3,2,0,1787,1792,C
3-PA,850,4,0,0,1793,1797,C
3-PA,851,0,1782,2,3,1787,T
3-PA,852,0,3,1798,0,1801,G
3-PA,853,1804,0,0,0,1804,A
3-PA,854,0,1806,0,0,1806,T
3-PA,855,0,2,1784,1,1787,G
3-PA,856,0,0,1776,0,1776,G
3-PA,857,1769,1,2,1,1773,A
3-PA,858,1,1757,0,0,1758,T
3-PA,859,0,0,1759,0,1759,G
3-PA,860,0,2,1,1831,1834,C
3-PA,861,0,1818,1,0,1819,T
3-PA,862,0,1825,0,1,1826,T
3-PA,863,0,1826,0,0,1826,T
3-PA,864,1824,0,0,0,1824,A
3-PA,865,1834,0,0,1,1835,A
3-PA,866,1832,0,0,0,1832,A
3-PA,867,1842,0,0,0,1842,A
3-PA,868,1,1842,0,1,1844,T
3-PA,869,1,1738,0,0,1739,T
3-PA,870,1,6,1737,1,1745,G
3-PA,871,1735,1,8,0,1744,A
3-PA,872,0,1,1759,0,1760,G
3-PA,873,1,0,0,1761,1762,C
3-PA,874,1749,0,1,0,1750,A
3-PA,875,0,1790,0,2,1792,T
3-PA,876,0,1785,0,2,1787,T
3-PA,877,0,1,1787,0,1788,G
3-PA,878,1785,1,3,0,1789,A
3-PA,879,1774,0,4,0,1778,A
3-PA,880,1,8,1781,0,1790,G
3-PA,881,1778,0,1,0,1779,A
3-PA,882,0,0,0,1787,1787,C
3-PA,883,1,0,0,1776,1777,C
3-PA,884,4,2,0,1749,1755,C
3-PA,885,1739,1,2,11,1753,A
3-PA,886,1771,0,4,0,1775,A
3-PA,887,1,0,1802,0,1803,G
3-PA,888,0,1811,1,2,1814,T
3-PA,889,6,0,0,1808,1814,C
3-PA,890,1810,0,2,0,1812,A
3-PA,891,0,3,0,1807,1810,C
3-PA,892,0,4,1804,0,1808,G
3-PA,893,1837,1,1,0,1839,A
3-PA,894,1829,0,3,1,1833,A
3-PA,895,1,3,1892,0,1896,G
3-PA,896,0,6,1889,1,1896,G
3-PA,897,1887,0,3,0,1890,A
3-PA,898,2,0,1900,0,1902,G
3-PA,899,1898,0,2,0,1900,A
3-PA,900,1896,1,5,0,1902,A
3-PA,901,1,5,1904,0,1910,G
3-PA,902,0,3,1888,0,1891,G
3-PA,903,0,0,1897,0,1897,G
3-PA,904,1862,1,3,0,1866,A
3-PA,905,0,1863,0,2,1865,T
3-PA,906,1,5,0,1859,1865,C
3-PA,907,2,1,2,2011,2016,C
3-PA,908,3,1,0,2035,2039,C
3-PA,909,2069,0,0,0,2069,A
3-PA,910,0,2084,0,1,2085,T
3-PA,911,0,2085,0,1,2086,T
3-PA,912,2136,0,0,0,2136,A
3-PA,913,1,2137,0,0,2138,T
3-PA,914,2114,0,14,0,2128,A
3-PA,915,0,2123,1,0,2124,T
3-PA,916,1,3,1951,0,1955,G
3-PA,917,1951,0,0,0,1951,A
3-PA,918,2,1926,0,0,1928,T
3-PA,919,0,1,1943,0,1944,G
3-PA,920,0,2,1,1926,1929,C
3-PA,921,0,4,1931,0,1935,G
3-PA,922,1947,0,1,0,1948,A
3-PA,923,0,1944,0,1,1945,T
3-PA,924,8,1,0,1938,1947,C
3-PA,925,1946,0,0,0,1946,A
3-PA,926,1930,0,3,1,1934,A
3-PA,927,3,1,1949,0,1953,G
3-PA,928,0,1933,0,1,1934,T
3-PA,929,0,0,1957,0,1957,G
3-PA,930,2,0,0,1955,1957,C
3-PA,931,1951,0,0,0,1951,A
3-PA,932,0,1966,0,1,1967,T
3-PA,933,1957,0,1,0,1958,A
3-PA,934,1986,0,0,0,1986,A
3-PA,935,1984,0,0,0,1984,A
3-PA,936,1975,0,4,0,1979,A
3-PA,937,1981,1,0,2,1984,A
3-PA,938,1,0,0,1983,1984,C
3-PA,939,1973,0,0,0,1973,A
3-PA,940,1,1973,0,1,1975,T
3-PA,941,0,1980,0,0,1980,T
3-PA,942,2,0,0,1986,1988,C
3-PA,943,0,1964,0,1,1965,T
3-PA,944,0,1966,0,1,1967,T
3-PA,945,0,1968,0,2,1970,T
3-PA,946,0,6,1966,0,1972,G
3-PA,947,0,3,1976,0,1979,G
3-PA,948,1969,0,3,1,1973,A
3-PA,949,0,1970,0,0,1970,T
3-PA,950,1,2,1971,1,1975,G
3-PA,951,1,2,2001,0,2004,G
3-PA,952,2011,0,1,0,2012,A
3-PA,953,2014,0,0,0,2014,A
3-PA,954,2012,0,3,0,2015,A
3-PA,955,0,6,2026,0,2032,G
3-PA,956,2025,0,3,0,2028,A
3-PA,957,2174,0,8,0,2182,A
3-PA,958,1,0,0,2209,2210,C
3-PA,959,3,0,0,2213,2216,C
3-PA,960,1,2194,0,1,2196,T
3-PA,961,0,2235,0,0,2235,T
3-PA,962,2248,0,1,0,2249,A
3-PA,963,0,2247,0,0,2247,T
3-PA,964,2239,1,3,0,2243,A
3-PA,965,0,2268,0,1,2269,T
3-PA,966,2137,0,3,0,2140,A
3-PA,967,1,1,2164,0,2166,G
3-PA,968,0,2140,0,4,2144,T
3-PA,969,6,0,0,2136,2142,C
3-PA,970,2119,0,1,0,2120,A
3-PA,971,2127,0,2,0,2129,A
3-PA,972,2129,0,0,0,2129,A
3-PA,973,1,0,0,2143,2144,C
3-PA,974,2,2,0,2105,2109,C
3-PA,975,2095,0,1,0,2096,A
3-PA,976,1,2,0,2107,2110,C
3-PA,977,2108,0,6,0,2114,A
3-PA,978,2,2,0,2116,2120,C
3-PA,979,0,3,2119,0,2122,G
3-PA,980,2116,1,1,0,2118,A
3-PA,981,2122,0,1,0,2123,A
3-PA,982,2116,0,0,0,2116,A
3-PA,983,2103,1,15,0,2119,A
3-PA,984,1,3,2121,1,2126,G
3-PA,985,1,8,2104,0,2113,G
3-PA,986,1,1,2137,0,2139,G
3-PA,987,2129,0,1,0,2130,A
3-PA,988,2129,0,2,0,2131,A
3-PA,989,0,2126,0,0,2126,T
3-PA,990,2128,0,0,0,2128,A
3-PA,991,2129,0,1,0,2130,A
3-PA,992,2135,0,2,0,2137,A
3-PA,993,0,2129,0,0,2129,T
3-PA,994,0,2123,0,2,2125,T
3-PA,995,10,0,0,2113,2123,C
3-PA,996,2131,0,0,0,2131,A
3-PA,997,2140,0,0,0,2140,A
3-PA,998,2138,1,1,0,2140,A
3-PA,999,1,2139,0,0,2140,T
3-PA,1000,0,2154,0,0,2154,T
3-PA,1001,2162,0,0,0,2162,A
3-PA,1002,0,0,0,2150,2150,C
3-PA,1003,4,0,0,2149,2153,C
3-PA,1004,0,2142,0,0,2142,T
3-PA,1005,0,0,2144,0,2144,G
3-PA,1006,2,2,0,2154,2158,C
3-PA,1007,0,2156,0,1,2157,T
3-PA,1008,1,0,2201,0,2202,G
3-PA,1009,1,2191,0,1,2193,T
3-PA,1010,12,0,0,2194,2206,C
3-PA,1011,2203,1,2,0,2206,A
3-PA,1012,0,2200,0,2,2202,T
3-PA,1013,4,5,2198,1,2208,G
3-PA,1014,0,1,2216,0,2217,G
3-PA,1015,2212,0,1,0,2213,A
3-PA,1016,2214,1,0,0,2215,A
3-PA,1017,2154,0,5,0,2159,A
3-PA,1018,3,1,0,2234,2238,C
3-PA,1019,2237,0,0,0,2237,A
3-PA,1020,2239,0,1,0,2240,A
3-PA,1021,0,0,2253,0,2253,G
3-PA,1022,0,2256,0,1,2257,T
3-PA,1023,2240,1,0,0,2241,A
3-PA,1024,1,0,0,2246,2247,C
3-PA,1025,0,2219,0,3,2222,T
3-PA,1026,0,0,2237,0,2237,G
3-PA,1027,0,2223,0,3,2226,T
3-PA,1028,6,1,0,2217,2224,C
3-PA,1029,2221,2,2,0,2225,A
3-PA,1030,1,5,2245,0,2251,G
3-PA,1031,2245,0,0,0,2245,A
3-PA,1032,2244,0,10,1,2255,A
3-PA,1033,0,2268,1,2,2271,T
3-PA,1034,0,2256,0,3,2259,T
3-PA,1035,0,0,2250,0,2250,G
3-PA,1036,3,1,0,2240,2244,C
3-PA,1037,2232,1,4,0,2237,A
3-PA,1038,0,6,2231,0,2237,G
3-PA,1039,1,2,2219,0,2222,G
3-PA,1040,2212,0,2,10,2224,A
3-PA,1041,1,0,0,2219,2220,C
3-PA,1042,33,0,2153,0,2186,G
3-PA,1043,1,2238,1,0,2240,T
3-PA,1044,0,2240,0,0,2240,T
3-PA,1045,0,3,2249,0,2252,G
3-PA,1046,2254,0,2,0,2256,A
3-PA,1047,2241,1,0,0,2242,A
3-PA,1048,2246,0,0,0,2246,A
3-PA,1049,2240,0,2,0,2242,A
3-PA,1050,0,2234,0,0,2234,T
3-PA,1051,1,3,2243,0,2247,G
3-PA,1052,2232,0,3,0,2235,A
3-PA,1053,1,3,2245,0,2249,G
3-PA,1054,0,3,2257,0,2260,G
3-PA,1055,2251,0,1,0,2252,A
3-PA,1056,0,2,2251,0,2253,G
3-PA,1057,2251,0,0,0,2251,A
3-PA,1058,2246,1,2,0,2249,A
3-PA,1059,0,2,2242,0,2244,G
3-PA,1060,0,0,2228,0,2228,G
3-PA,1061,0,2310,0,2,2312,T
3-PA,1062,0,2323,0,2,2325,T
3-PA,1063,0,0,0,2321,2321,C
3-PA,1064,1,2,0,2315,2318,C
3-PA,1065,2314,1,1,1,2317,A
3-PA,1066,2312,2,1,0,2315,A
3-PA,1067,1,4,2318,0,2323,G
3-PA,1068,1,1,2346,0,2348,G
3-PA,1069,2310,1,1,0,2312,A
3-PA,1070,0,1,0,2315,2316,C
3-PA,1071,0,2306,0,4,2310,T
3-PA,1072,2303,0,0,0,2303,A
3-PA,1073,2309,0,1,0,2310,A
3-PA,1074,2315,0,0,0,2315,A
3-PA,1075,2314,0,3,0,2317,A
3-PA,1076,2299,2,1,0,2302,A
3-PA,1077,2,0,0,2282,2284,C
3-PA,1078,2267,0,1,0,2268,A
3-PA,1079,0,2257,0,0,2257,T
3-PA,1080,1,5,2272,0,2278,G
3-PA,1081,2278,0,2,0,2280,A
3-PA,1082,2278,0,3,1,2282,A
3-PA,1083,0,8,2289,0,2297,G
3-PA,1084,2285,0,1,0,2286,A
3-PA,1085,2295,0,2,0,2297,A
3-PA,1086,2283,1,0,0,2284,A
3-PA,1087,2281,1,3,0,2285,A
3-PA,1088,1,0,0,2288,2289,C
3-PA,1089,0,4,2271,0,2275,G
3-PA,1090,2280,0,1,0,2281,A
3-PA,1091,2,1,2291,0,2294,G
3-PA,1092,1,2279,0,2,2282,T
3-PA,1093,8,0,0,2316,2324,C
3-PA,1094,2323,1,1,1,2326,A
3-PA,1095,2362,0,2,1,2365,A
3-PA,1096,0,1,0,2363,2364,C
3-PA,1097,0,2353,0,2,2355,T
3-PA,1098,1,5,2388,0,2394,G
3-PA,1099,2384,2,4,0,2390,A
3-PA,1100,2380,0,9,0,2389,A
3-PA,1101,0,1,2390,0,2391,G
3-PA,1102,0,2349,0,1,2350,T
3-PA,1103,1,3,2349,0,2353,G
3-PA,1104,0,4,2342,0,2346,G
3-PA,1105,1,1,2342,0,2344,G
3-PA,1106,2,0,0,2343,2345,C
3-PA,1107,1,2315,0,3,2319,T
3-PA,1108,7,0,0,2336,2343,C
3-PA,1109,3,2330,0,0,2333,T
3-PA,1110,1,2337,0,3,2341,T
3-PA,1111,1,5,2380,0,2386,G
3-PA,1112,1,2,2379,0,2382,G
3-PA,1113,0,2382,0,3,2385,T
3-PA,1114,0,2,2379,1,2382,G
3-PA,1115,2362,0,5,0,2367,A
3-PA,1116,2376,0,0,0,2376,A
3-PA,1117,2369,0,0,0,2369,A
3-PA,1118,2381,1,0,2,2384,A
3-PA,1119,0,1,0,2405,2406,C
3-PA,1120,2374,0,1,0,2375,A
3-PA,1121,0,2369,3,1,2373,T
3-PA,1122,4,5,2360,0,2369,G
3-PA,1123,1,1,2401,0,2403,G
3-PA,1124,1,2,0,2411,2414,C
3-PA,1125,2408,1,1,1,2411,A
3-PA,1126,2,1,0,2412,2415,C
3-PA,1127,8,0,0,2426,2434,C
3-PA,1128,2451,0,1,0,2452,A
3-PA,1129,0,6,2472,0,2478,G
3-PA,1130,2463,1,3,2,2469,A
3-PA,1131,1,1,2495,0,2497,G
3-PA,1132,2488,1,1,0,2490,A
3-PA,1133,2491,1,0,0,2492,A
3-PA,1134,1,3,2502,0,2506,G
3-PA,1135,1,1,2490,0,2492,G
3-PA,1136,1,2492,1,2,2496,T
3-PA,1137,2462,0,5,0,2467,A
3-PA,1138,0,6,2466,0,2472,G
3-PA,1139,2479,0,0,0,2479,A
3-PA,1140,1,0,0,2483,2484,C
3-PA,1141,0,2454,1,0,2455,T
3-PA,1142,0,2455,0,2,2457,T
3-PA,1143,0,2454,0,2,2456,T
3-PA,1144,2,4,2457,0,2463,G
3-PA,1145,2452,1,3,0,2456,A
3-PA,1146,2459,0,0,0,2459,A
3-PA,1147,2457,0,0,2,2459,A
3-PA,1148,2452,0,1,0,2453,A
3-PA,1149,4,2,0,2492,2498,C
3-PA,1150,1,2478,0,1,2480,T
3-PA,1151,2,0,2499,1,2502,G
3-PA,1152,3,2,0,2497,2502,C
3-PA,1153,2500,0,1,0,2501,A
3-PA,1154,7,0,2492,1,2500,G
3-PA,1155,2488,0,3,1,2492,A
3-PA,1156,0,2,2581,0,2583,G
3-PA,1157,2588,1,0,0,2589,A
3-PA,1158,0,1,0,2578,2579,C
3-PA,1159,2565,0,4,1,2570,A
3-PA,1160,0,2556,1,1,2558,T
3-PA,1161,2559,0,1,0,2560,A
3-PA,1162,2555,0,3,2,2560,A
3-PA,1163,0,0,2565,0,2565,G
3-PA,1164,1,1,0,2553,2555,C
3-PA,1165,2,15,2494,1,2512,G
3-PA,1166,2558,1,0,0,2559,A
3-PA,1167,0,2544,0,0,2544,T
3-PA,1168,0,2535,0,1,2536,T
3-PA,1169,0,2540,0,0,2540,T
3-PA,1170,1,7,2534,0,2542,G
3-PA,1171,2552,1,0,0,2553,A
3-PA,1172,2554,0,2,0,2556,A
3-PA,1173,1,0,2563,0,2564,G
3-PA,1174,1,0,1,2623,2625,C
3-PA,1175,2588,0,1,0,2589,A
3-PA,1176,2729,1,1,2,2733,A
3-PA,1177,0,2736,0,0,2736,T
3-PA,1178,2747,1,0,0,2748,A
3-PA,1179,0,2745,0,3,2748,T
3-PA,1180,1,4,2755,0,2760,G
3-PA,1181,2771,0,3,0,2774,A
3-PA,1182,1,2765,1,1,2768,T
3-PA,1183,2685,0,1,0,2686,A
3-PA,1184,8,0,2684,1,2693,G
3-PA,1185,1,2606,0,1,2608,T
3-PA,1186,2,7,2606,0,2615,G
3-PA,1187,2607,0,1,0,2608,A
3-PA,1188,0,1,1,2588,2590,C
3-PA,1189,1,12,2564,0,2577,G
3-PA,1190,2585,1,0,0,2586,A
3-PA,1191,2588,0,3,0,2591,A
3-PA,1192,0,0,0,2614,2614,C
3-PA,1193,5,0,0,2604,2609,C
3-PA,1194,1,2603,0,3,2607,T
3-PA,1195,5,4,2684,0,2693,G
3-PA,1196,2692,0,2,1,2695,A
3-PA,1197,2701,0,0,0,2701,A
3-PA,1198,0,2696,0,2,2698,T
3-PA,1199,1,2665,0,2,2668,T
3-PA,1200,2669,0,0,0,2669,A
3-PA,1201,2644,0,0,0,2644,A
3-PA,1202,2,2,2646,0,2650,G
3-PA,1203,1,1,2652,0,2654,G
3-PA,1204,0,2595,0,4,2599,T
3-PA,1205,8,0,0,2578,2586,C
3-PA,1206,2587,0,4,0,2591,A
3-PA,1207,3,1,0,2666,2670,C
3-PA,1208,0,2666,0,3,2669,T
3-PA,1209,0,2676,0,0,2676,T
3-PA,1210,1,2677,0,2,2680,T
3-PA,1211,6,2,0,2663,2671,C
3-PA,1212,2658,0,7,8,2673,A
3-PA,1213,2668,0,2,0,2670,A
3-PA,1214,1,0,2704,0,2705,G
3-PA,1215,1,1,0,2703,2705,C
3-PA,1216,0,2644,0,0,2644,T
3-PA,1217,0,4,2701,0,2705,G
3-PA,1218,0,7,2707,0,2714,G
3-PA,1219,2755,1,0,0,2756,A
3-PA,1220,1,2775,0,1,2777,T
3-PA,1221,2776,1,1,0,2778,A
3-PA,1222,0,1,0,2790,2791,C
3-PA,1223,2735,0,6,0,2741,A
3-PA,1224,0,8,2760,0,2768,G
3-PA,1225,2759,1,2,0,2762,A
3-PA,1226,2720,0,0,0,2720,A
3-PA,1227,0,2680,0,1,2681,T
3-PA,1228,1,11,2678,0,2690,G
3-PA,1229,2672,0,1,0,2673,A
3-PA,1230,1,0,2714,0,2715,G
3-PA,1231,0,2697,0,1,2698,T
3-PA,1232,1,2697,0,0,2698,T
3-PA,1233,5,0,0,2741,2746,C
3-PA,1234,2766,0,0,0,2766,A
3-PA,1235,2762,1,3,1,2767,A
3-PA,1236,1,0,0,2765,2766,C
3-PA,1237,2740,0,2,0,2742,A
3-PA,1238,2734,0,4,0,2738,A
3-PA,1239,0,4,2729,0,2733,G
3-PA,1240,0,4,2744,0,2748,G
3-PA,1241,0,3,0,2762,2765,C
3-PA,1242,2,1,0,2740,2743,C
3-PA,1243,0,2719,0,0,2719,T
3-PA,1244,0,0,2738,0,2738,G
3-PA,1245,0,2733,0,2,2735,T
3-PA,1246,1,6,2757,1,2765,G
3-PA,1247,2759,0,6,0,2765,A
3-PA,1248,0,0,2756,0,2756,G
3-PA,1249,3,2,0,2736,2741,C
3-PA,1250,0,2695,0,13,2708,T
3-PA,1251,2768,0,1,0,2769,A
3-PA,1252,2774,0,1,0,2775,A
3-PA,1253,3,0,0,2778,2781,C
3-PA,1254,0,2753,1,1,2755,T
3-PA,1255,2,10,2727,3,2742,G
3-PA,1256,2735,0,2,0,2737,A
3-PA,1257,0,2734,0,1,2735,T
3-PA,1258,0,2734,0,2,2736,T
3-PA,1259,10,1,0,2731,2742,C
3-PA,1260,2806,2,1,0,2809,A
3-PA,1261,0,1,2849,0,2850,G
3-PA,1262,1,2844,0,5,2850,T
3-PA,1263,10,1,0,2839,2850,C
3-PA,1264,3,2824,0,8,2835,T
3-PA,1265,1,3,2915,0,2919,G
3-PA,1266,0,6,2913,0,2919,G
3-PA,1267,2926,0,1,0,2927,A
3-PA,1268,1,2925,0,0,2926,T
3-PA,1269,2785,0,0,0,2785,A
3-PA,1270,1,3,2780,0,2784,G
3-PA,1271,2747,0,3,0,2750,A
3-PA,1272,0,1,2758,0,2759,G
3-PA,1273,2,0,0,2751,2753,C
3-PA,1274,0,2690,0,0,2690,T
3-PA,1275,12,2,1,2675,2690,C
3-PA,1276,0,7,2692,0,2699,G
3-PA,1277,2701,1,1,0,2703,A
3-PA,1278,0,2701,0,1,2702,T
3-PA,1279,0,6,2690,0,2696,G
3-PA,1280,2729,1,0,1,2731,A
3-PA,1281,2723,1,2,0,2726,A
3-PA,1282,2730,0,1,1,2732,A
3-PA,1283,0,2724,0,0,2724,T
3-PA,1284,0,2718,0,1,2719,T
3-PA,1285,0,2,2741,0,2743,G
3-PA,1286,12,6,2715,0,2733,G
3-PA,1287,2729,1,5,0,2735,A
3-PA,1288,0,3,2730,0,2733,G
3-PA,1289,2697,0,3,0,2700,A
3-PA,1290,0,11,2705,0,2716,G
3-PA,1291,0,3,2742,0,2745,G
3-PA,1292,2761,0,2,0,2763,A
3-PA,1293,3,0,0,2763,2766,C
3-PA,1294,1,2,2747,0,2750,G
3-PA,1295,0,2746,0,0,2746,T
3-PA,1296,2742,0,5,0,2747,A
3-PA,1297,0,1,2762,0,2763,G
3-PA,1298,1,1,0,2774,2776,C
3-PA,1299,6,2,0,2742,2750,C
3-PA,1300,6,1,2,2721,2730,C
3-PA,1301,6,2,0,2719,2727,C
3-PA,1302,2725,0,0,0,2725,A
3-PA,1303,2806,0,0,0,2806,A
3-PA,1304,0,2797,0,0,2797,T
3-PA,1305,2,2776,0,1,2779,T
3-PA,1306,0,11,2769,0,2780,G
3-PA,1307,2733,2,3,1,2739,A
3-PA,1308,0,2,2741,0,2743,G
3-PA,1309,0,0,0,2742,2742,C
3-PA,1310,2717,1,2,0,2720,A
3-PA,1311,1,1,0,2767,2769,C
3-PA,1312,2714,3,0,0,2717,A
3-PA,1313,0,2764,1,5,2770,T
3-PA,1314,0,2778,0,2,2780,T
3-PA,1315,1,4,2782,0,2787,G
3-PA,1316,2,0,0,2771,2773,C
3-PA,1317,2769,1,0,0,2770,A
3-PA,1318,2762,0,6,0,2768,A
3-PA,1319,1,2,2764,0,2767,G
3-PA,1320,6,2,0,2727,2735,C
3-PA,1321,2736,0,1,0,2737,A
3-PA,1322,0,2680,0,1,2681,T
3-PA,1323,0,8,2675,0,2683,G
3-PA,1324,2671,1,1,0,2673,A
3-PA,1325,0,2,2672,0,2674,G
3-PA,1326,2675,0,1,0,2676,A
3-PA,1327,2674,0,0,0,2674,A
3-PA,1328,0,2,2665,0,2667,G
3-PA,1329,0,4,2666,0,2670,G
3-PA,1330,2669,0,2,0,2671,A
3-PA,1331,2665,0,2,0,2667,A
3-PA,1332,0,2659,1,9,2669,T
3-PA,1333,0,2661,0,0,2661,T
3-PA,1334,2663,0,0,0,2663,A
3-PA,1335,1,2666,0,1,2668,T
3-PA,1336,1,2666,0,4,2671,T
3-PA,1337,0,2666,0,3,2669,T
3-PA,1338,4,1,0,2639,2644,C
3-PA,1339,2635,0,2,0,2637,A
3-PA,1340,11,1,0,2694,2706,C
3-PA,1341,2679,0,1,1,2681,A
3-PA,1342,0,0,2706,0,2706,G
3-PA,1343,1,1,0,2696,2698,C
3-PA,1344,2670,1,2,0,2673,A
3-PA,1345,2,1,2685,0,2688,G
3-PA,1346,2676,1,0,0,2677,A
3-PA,1347,0,8,2688,0,2696,G
3-PA,1348,0,2,2698,1,2701,G
3-PA,1349,0,2637,1,4,2642,T
3-PA,1350,2,0,2677,0,2679,G
3-PA,1351,0,2643,0,13,2656,T
3-PA,1352,6,1,0,2644,2651,C
3-PA,1353,5,0,0,2668,2673,C
3-PA,1354,5,0,0,2662,2667,C
3-PA,1355,2684,0,1,0,2685,A
3-PA,1356,0,2722,1,4,2727,T
3-PA,1357,0,2701,0,2,2703,T
3-PA,1358,0,2,2724,0,2726,G
3-PA,1359,1,2680,0,1,2682,T
3-PA,1360,2644,0,1,0,2645,A
3-PA,1361,0,8,2632,1,2641,G
3-PA,1362,2585,1,1,0,2587,A
3-PA,1363,1,2,2590,0,2593,G
3-PA,1364,1,1,0,2535,2537,C
3-PA,1365,3,1,0,2506,2510,C
3-PA,1366,2540,1,1,0,2542,A
3-PA,1367,3,0,0,2547,2550,C
3-PA,1368,0,2539,0,0,2539,T
3-PA,1369,1,4,2534,0,2539,G
3-PA,1370,2522,0,6,0,2528,A
3-PA,1371,2484,1,3,0,2488,A
3-PA,1372,1,2547,0,1,2549,T
3-PA,1373,2567,1,0,0,2568,A
3-PA,1374,3,2,0,2587,2592,C
3-PA,1375,2527,0,2,0,2529,A
3-PA,1376,0,2546,1,3,2550,T
3-PA,1377,2526,0,0,1,2527,A
3-PA,1378,2536,0,0,0,2536,A
3-PA,1379,1,2533,1,2,2537,T
3-PA,1380,1,2,2502,0,2505,G
3-PA,1381,2490,2,1,0,2493,A
3-PA,1382,2462,1,2,0,2465,A
3-PA,1383,0,4,2450,0,2454,G
3-PA,1384,0,5,2429,0,2434,G
3-PA,1385,0,7,2460,0,2467,G
3-PA,1386,1,5,2467,0,2473,G
3-PA,1387,0,0,2489,2,2491,G
3-PA,1388,0,2440,0,7,2447,T
3-PA,1389,2466,0,0,0,2466,A
3-PA,1390,1,2472,0,0,2473,T
3-PA,1391,2505,0,0,0,2505,A
3-PA,1392,3,2,0,2683,2688,C
3-PA,1393,2618,0,0,0,2618,A
3-PA,1394,0,2574,0,0,2574,T
3-PA,1395,0,2546,0,1,2547,T
3-PA,1396,2520,1,1,0,2522,A
3-PA,1397,2573,0,0,0,2573,A
3-PA,1398,1,0,0,2568,2569,C
3-PA,1399,2532,1,1,0,2534,A
3-PA,1400,0,1,0,2545,2546,C
3-PA,1401,0,2308,0,1,2309,T
3-PA,1402,0,3,2385,1,2389,G
3-PA,1403,1,1,0,2375,2377,C
3-PA,1404,3,1,0,2368,2372,C
3-PA,1405,2,0,0,2384,2386,C
3-PA,1406,0,2315,0,0,2315,T
3-PA,1407,7,1,2392,1,2401,G
3-PA,1408,0,0,0,2398,2398,C
3-PA,1409,0,2398,0,4,2402,T
3-PA,1410,12,0,0,2446,2458,C
3-PA,1411,2371,0,0,0,2371,A
3-PA,1412,2390,1,0,0,2391,A
3-PA,1413,0,2394,0,0,2394,T
3-PA,1414,0,0,2392,0,2392,G
3-PA,1415,0,0,0,2387,2387,C
3-PA,1416,2343,0,1,0,2344,A
3-PA,1417,0,2337,0,7,2344,T
3-PA,1418,2,0,0,2334,2336,C
3-PA,1419,7,2,0,2351,2360,C
3-PA,1420,0,2287,0,1,2288,T
3-PA,1421,0,1,2337,0,2338,G
3-PA,1422,0,2336,0,2,2338,T
3-PA,1423,2,0,2328,0,2330,G
3-PA,1424,1,2,0,2331,2334,C
3-PA,1425,2293,0,3,0,2296,A
3-PA,1426,0,3,2308,0,2311,G
3-PA,1427,0,1,0,2303,2304,C
3-PA,1428,2272,1,0,0,2273,A
3-PA,1429,2269,1,1,0,2271,A
3-PA,1430,0,2197,0,1,2198,T
3-PA,1431,0,3,2188,0,2191,G
3-PA,1432,1,5,2188,0,2194,G
3-PA,1433,2198,0,2,0,2200,A
3-PA,1434,2,6,0,2189,2197,C
3-PA,1435,0,9,2158,5,2172,G
3-PA,1436,2201,1,0,0,2202,A
3-PA,1437,0,2197,0,1,2198,T
3-PA,1438,0,2194,0,2,2196,T
3-PA,1439,0,2194,0,0,2194,T
3-PA,1440,1,2187,0,1,2189,T
3-PA,1441,8,1,0,2184,2193,C
3-PA,1442,2195,0,1,0,2196,A
3-PA,1443,2208,0,0,0,2208,A
3-PA,1444,1,0,0,2204,2205,C
3-PA,1445,0,2174,0,1,2175,T
3-PA,1446,2172,0,0,0,2172,A
3-PA,1447,2174,0,0,0,2174,A
3-PA,1448,0,2174,0,0,2174,T
3-PA,1449,1,2171,0,2,2174,T
3-PA,1450,8,1,1,2165,2175,C
3-PA,1451,2,1,0,2163,2166,C
3-PA,1452,5,0,0,2154,2159,C
3-PA,1453,2160,0,0,0,2160,A
3-PA,1454,0,2182,0,4,2186,T
3-PA,1455,16,5,2182,0,2203,G
3-PA,1456,2204,0,1,0,2205,A
3-PA,1457,0,2188,0,0,2188,T
3-PA,1458,2182,0,0,0,2182,A
3-PA,1459,2178,1,1,0,2180,A
3-PA,1460,0,0,2181,0,2181,G
3-PA,1461,1,0,0,2175,2176,C
3-PA,1462,2163,0,0,0,2163,A
3-PA,1463,2111,0,8,0,2119,A
3-PA,1464,0,0,2155,0,2155,G
3-PA,1465,1,2143,0,0,2144,T
3-PA,1466,1,0,2146,0,2147,G
3-PA,1467,2,3,0,2139,2144,C
3-PA,1468,2111,0,7,0,2118,A
3-PA,1469,1,10,2135,0,2146,G
3-PA,1470,2136,2,0,0,2138,A
3-PA,1471,2158,1,0,0,2159,A
3-PA,1472,1,1,0,2159,2161,C
3-PA,1473,0,2090,0,1,2091,T
3-PA,1474,2116,0,0,0,2116,A
3-PA,1475,2118,0,0,0,2118,A
3-PA,1476,2116,0,2,0,2118,A
3-PA,1477,0,2,2121,0,2123,G
3-PA,1478,2051,1,0,0,2052,A
3-PA,1479,241,3,1797,0,2041,G
3-PA,1480,1,1,2008,0,2010,G
3-PA,1481,0,3,2001,0,2004,G
3-PA,1482,1993,0,3,0,1996,A
3-PA,1483,1922,0,3,0,1925,A
3-PA,1484,0,4,1905,0,1909,G
3-PA,1485,1,0,1908,0,1909,G
3-PA,1486,1,2,0,1901,1904,C
3-PA,1487,0,3,1902,0,1905,G
3-PA,1488,1894,0,0,1,1895,A
3-PA,1489,1897,0,0,0,1897,A
3-PA,1490,1893,0,2,0,1895,A
3-PA,1491,1896,0,0,0,1896,A
3-PA,1492,1894,1,1,0,1896,A
3-PA,1493,0,0,0,1898,1898,C
3-PA,1494,5,0,0,1881,1886,C
3-PA,1495,1886,0,0,0,1886,A
3-PA,1496,1896,0,0,0,1896,A
3-PA,1497,0,1890,0,0,1890,T
3-PA,1498,1,1885,0,2,1888,T
3-PA,1499,0,1892,0,0,1892,T
3-PA,1500,1890,0,0,0,1890,A
3-PA,1501,0,1882,0,4,1886,T
3-PA,1502,1878,0,1,0,1879,A
3-PA,1503,0,1872,0,3,1875,T
3-PA,1504,0,4,1847,0,1851,G
3-PA,1505,0,3,1822,0,1825,G
3-PA,1506,1825,0,1,0,1826,A
3-PA,1507,0,1818,0,2,1820,T
3-PA,1508,0,1804,1,2,1807,T
3-PA,1509,2,1,0,1806,1809,C
3-PA,1510,1811,0,0,0,1811,A
3-PA,1511,0,1815,0,4,1819,T
3-PA,1512,4,1,0,1821,1826,C
3-PA,1513,1815,0,0,0,1815,A
3-PA,1514,2,1792,0,0,1794,T
3-PA,1515,1786,0,0,0,1786,A
3-PA,1516,1782,0,0,0,1782,A
3-PA,1517,1779,0,3,0,1782,A
3-PA,1518,0,4,1772,0,1776,G
3-PA,1519,0,2,1734,0,1736,G
3-PA,1520,0,3,1714,1,1718,G
3-PA,1521,1710,1,0,0,1711,A
3-PA,1522,1681,0,3,0,1684,A
3-PA,1523,0,5,1683,0,1688,G
3-PA,1524,1683,0,1,0,1684,A
3-PA,1525,1,1678,0,3,1682,T
3-PA,1526,6,0,0,1671,1677,C
3-PA,1527,0,1639,0,2,1641,T
3-PA,1528,3,0,0,1664,1667,C
3-PA,1529,1661,1,0,0,1662,A
3-PA,1530,0,1660,0,0,1660,T
3-PA,1531,1,1659,0,0,1660,T
3-PA,1532,0,1641,0,1,1642,T
3-PA,1533,1633,0,0,0,1633,A
3-PA,1534,1626,0,1,0,1627,A
3-PA,1535,10,1,1615,0,1626,G
3-PA,1536,1,4,1636,0,1641,G
3-PA,1537,1565,0,0,0,1565,A
3-PA,1538,1568,0,0,1,1569,A
3-PA,1539,0,1562,1,0,1563,T
3-PA,1540,0,4,1563,0,1567,G
3-PA,1541,1582,0,3,0,1585,A
3-PA,1542,2,0,0,1585,1587,C
3-PA,1543,1576,0,0,0,1576,A
3-PA,1544,2,1,0,1568,1571,C
3-PA,1545,1518,0,2,0,1520,A
3-PA,1546,0,1,1522,0,1523,G
3-PA,1547,1512,0,1,0,1513,A
3-PA,1548,1,2,0,1497,1500,C
3-PA,1549,1,0,1459,0,1460,G
3-PA,1550,0,1418,0,1,1419,T
3-PA,1551,1402,0,1,0,1403,A
3-PA,1552,0,0,1419,0,1419,G
3-PA,1553,0,1419,0,0,1419,T
3-PA,1554,1418,0,0,0,1418,A
3-PA,1555,1392,0,0,0,1392,A
3-PA,1556,1393,0,0,0,1393,A
3-PA,1557,0,1386,1,0,1387,T
3-PA,1558,0,1343,0,0,1343,T
3-PA,1559,0,1339,0,1,1340,T
3-PA,1560,1,1331,0,0,1332,T
3-PA,1561,1,0,1336,0,1337,G
3-PA,1562,1,1294,0,0,1295,T
3-PA,1563,0,5,1291,0,1296,G
3-PA,1564,1271,1,2,0,1274,A
3-PA,1565,1,0,1275,0,1276,G
3-PA,1566,0,0,0,1271,1271,C
3-PA,1567,1271,0,0,0,1271,A
3-PA,1568,0,1265,0,2,1267,T
3-PA,1569,0,4,1266,0,1270,G
3-PA,1570,0,4,1270,0,1274,G
3-PA,1571,1270,0,1,0,1271,A
3-PA,1572,0,0,1272,0,1272,G
3-PA,1573,0,1248,0,1,1249,T
3-PA,1574,0,1222,0,5,1227,T
3-PA,1575,0,1227,1,0,1228,T
3-PA,1576,1,1219,0,2,1222,T
3-PA,1577,4,1,0,1225,1230,C
3-PA,1578,0,1218,0,2,1220,T
3-PA,1579,7,0,0,1212,1219,C
3-PA,1580,0,1190,0,3,1193,T
3-PA,1581,5,0,0,1185,1190,C
3-PA,1582,1188,1,1,0,1190,A
3-PA,1583,0,0,0,1190,1190,C
3-PA,1584,0,1164,0,0,1164,T
3-PA,1585,1,4,1159,0,1164,G
3-PA,1586,1162,0,0,0,1162,A
3-PA,1587,2,0,0,1168,1170,C
3-PA,1588,5,0,0,1142,1147,C
3-PA,1589,3,0,0,1143,1146,C
3-PA,1590,0,1119,0,1,1120,T
3-PA,1591,1119,0,0,0,1119,A
3-PA,1592,0,0,1117,0,1117,G
3-PA,1593,1120,0,0,0,1120,A
3-PA,1594,0,1,0,1112,1113,C
3-PA,1595,0,1024,0,0,1024,T
3-PA,1596,0,776,0,1,777,T
3-PA,1597,0,2,776,1,779,G
3-PA,1598,773,0,0,0,773,A
3-PA,1599,0,0,773,0,773,G
3-PA,1600,0,0,0,765,765,C
3-PA,1601,1,1,1,713,716,C
3-PA,1602,713,0,0,0,713,A
3-PA,1603,0,0,0,707,707,C
3-PA,1604,709,1,1,0,711,A
3-PA,1605,0,710,0,0,710,T
3-PA,1606,700,0,4,0,704,A
3-PA,1607,699,0,0,0,699,A
3-PA,1608,697,0,1,0,698,A
3-PA,1609,0,690,0,0,690,T
3-PA,1610,2,1,683,0,686,G
3-PA,1611,0,0,608,0,608,G
3-PA,1612,0,3,590,0,593,G
3-PA,1613,579,0,0,0,579,A
3-PA,1614,0,0,577,0,577,G
3-PA,1615,563,0,0,0,563,A
3-PA,1616,543,0,1,0,544,A
3-PA,1617,545,0,0,0,545,A
3-PA,1618,0,539,0,0,539,T
3-PA,1619,532,0,0,0,532,A
3-PA,1620,0,1,0,530,531,C
3-PA,1621,0,265,0,0,265,T
3-PA,1622,0,0,268,0,268,G
3-PA,1623,0,161,0,0,161,T
3-PA,1624,1,0,168,0,169,G
3-PA,1625,0,153,0,0,153,T
3-PA,1626,0,0,0,92,92,C
3-PA,1627,0,0,0,91,91,C
3-PA,1628,0,82,0,0,82,T
3-PA,1629,1,82,0,0,83,T
3-PA,1630,0,0,85,0,85,G
3-PA,1631,86,0,0,0,86,A
3-PA,1632,0,0,87,0,87,G
3-PA,1633,85,0,0,0,85,A
3-PA,1634,0,86,0,0,86,T
3-PA,1635,84,0,1,0,85,A
3-PA,1636,0,0,89,0,89,G
3-PA,1637,0,0,90,0,90,G
3-PA,1638,89,0,0,1,90,A
3-PA,1639,0,0,90,0,90,G
3-PA,1640,91,0,0,0,91,A
3-PA,1641,0,91,0,0,91,T
3-PA,1642,89,0,0,0,89,A
3-PA,1643,0,90,0,0,90,T
3-PA,1644,0,0,91,0,91,G
3-PA,1645,0,88,0,0,88,T
3-PA,1646,0,88,0,0,88,T
3-PA,1647,88,0,0,0,88,A
3-PA,1648,0,0,0,88,88,C
3-PA,1649,0,88,0,0,88,T
3-PA,1650,88,0,0,0,88,A
3-PA,1651,87,0,0,0,87,A
3-PA,1652,0,0,88,0,88,G
3-PA,1653,87,0,0,0,87,A
3-PA,1654,83,1,0,0,84,A
3-PA,1655,0,0,84,0,84,G
3-PA,1656,0,85,0,0,85,T
3-PA,1657,0,0,86,0,86,G
3-PA,1658,0,0,0,86,86,C
3-PA,1659,1,0,0,85,86,C
3-PA,1660,84,0,1,0,85,A
3-PA,1661,0,86,0,0,86,T
3-PA,1662,85,0,0,0,85,A
3-PA,1663,0,0,86,0,86,G
3-PA,1664,0,0,86,0,86,G
3-PA,1665,0,0,0,86,86,C
3-PA,1666,0,0,0,86,86,C
3-PA,1667,86,0,0,0,86,A
3-PA,1668,86,0,0,0,86,A
3-PA,1669,86,0,0,0,86,A
3-PA,1670,0,85,0,0,85,T
3-PA,1671,0,86,0,0,86,T
3-PA,1672,0,85,0,0,85,T
3-PA,1673,0,0,0,85,85,C
3-PA,1674,85,0,0,0,85,A
3-PA,1675,85,0,0,0,85,A
3-PA,1676,0,0,85,0,85,G
3-PA,1677,0,0,85,0,85,G
3-PA,1678,0,0,0,85,85,C
3-PA,1679,0,0,0,84,84,C
3-PA,1680,84,0,0,0,84,A
3-PA,1681,85,0,0,0,85,A
3-PA,1682,0,86,0,0,86,T
3-PA,1683,0,0,88,0,88,G
3-PA,1684,0,88,0,0,88,T
3-PA,1685,0,90,0,0,90,T
3-PA,1686,0,0,0,90,90,C
3-PA,1687,0,88,0,0,88,T
3-PA,1688,0,88,0,0,88,T
3-PA,1689,85,0,0,0,85,A
3-PA,1690,0,85,0,0,85,T
3-PA,1691,85,0,0,0,85,A
3-PA,1692,0,85,0,0,85,T
3-PA,1693,0,0,85,0,85,G
3-PA,1694,0,81,0,0,81,T
3-PA,1695,0,0,81,0,81,G
3-PA,1696,80,0,0,0,80,A
3-PA,1697,0,0,81,0,81,G
3-PA,1698,0,0,79,0,79,G
3-PA,1699,79,0,0,0,79,A
3-PA,1700,0,0,0,79,79,C
3-PA,1701,78,0,0,0,78,A
3-PA,1702,79,0,0,0,79,A
3-PA,1703,79,0,0,0,79,A
3-PA,1704,0,0,0,79,79,C
3-PA,1705,0,0,79,0,79,G
3-PA,1706,0,0,80,0,80,G
3-PA,1707,79,0,0,0,79,A
3-PA,1708,80,0,0,0,80,A
3-PA,1709,0,0,0,81,81,C
3-PA,1710,79,0,1,0,80,A
3-PA,1711,0,80,0,0,80,T
3-PA,1712,0,0,0,80,80,C
3-PA,1713,79,0,0,0,79,A
3-PA,1714,79,0,0,0,79,A
3-PA,1715,78,0,0,0,78,A
3-PA,1716,0,0,78,0,78,G
3-PA,1717,0,0,79,0,79,G
3-PA,1718,0,79,0,0,79,T
3-PA,1719,0,0,0,78,78,C
3-PA,1720,78,0,0,0,78,A
3-PA,1721,78,0,0,0,78,A
3-PA,1722,77,0,0,0,77,A
3-PA,1723,77,0,0,0,77,A
3-PA,1724,0,78,0,0,78,T
3-PA,1725,0,0,79,0,79,G
3-PA,1726,79,0,0,0,79,A
3-PA,1727,79,0,0,0,79,A
3-PA,1728,77,0,1,0,78,A
3-PA,1729,0,79,0,0,79,T
3-PA,1730,0,0,79,0,79,G
3-PA,1731,0,0,78,0,78,G
3-PA,1732,0,0,79,0,79,G
3-PA,1733,0,1,79,0,80,G
3-PA,1734,79,0,0,0,79,A
3-PA,1735,78,0,0,0,78,A
3-PA,1736,0,78,0,0,78,T
3-PA,1737,0,0,76,0,76,G
3-PA,1738,0,0,75,0,75,G
3-PA,1739,76,0,0,0,76,A
3-PA,1740,0,0,77,0,77,G
3-PA,1741,77,0,0,0,77,A
3-PA,1742,0,76,0,0,76,T
3-PA,1743,0,1,75,0,76,G
3-PA,1744,75,0,0,0,75,A
3-PA,1745,0,0,76,0,76,G
3-PA,1746,76,0,0,0,76,A
3-PA,1747,0,0,0,75,75,C
3-PA,1748,0,1,73,0,74,G
3-PA,1749,0,74,0,0,74,T
3-PA,1750,0,74,0,0,74,T
3-PA,1751,0,0,73,0,73,G
3-PA,1752,0,0,0,73,73,C
3-PA,1753,0,0,0,75,75,C
3-PA,1754,0,76,0,0,76,T
3-PA,1755,0,0,0,79,79,C
3-PA,1756,0,0,0,78,78,C
3-PA,1757,0,79,0,0,79,T
3-PA,1758,0,79,0,0,79,T
3-PA,1759,0,0,0,80,80,C
3-PA,1760,79,0,0,0,79,A
3-PA,1761,0,0,79,0,79,G
3-PA,1762,0,79,0,0,79,T
3-PA,1763,1,0,0,79,80,C
3-PA,1764,79,0,0,0,79,A
3-PA,1765,0,0,0,82,82,C
3-PA,1766,0,82,0,0,82,T
3-PA,1767,1,0,0,81,82,C
3-PA,1768,0,0,0,81,81,C
3-PA,1769,80,2,0,0,82,A
3-PA,1770,0,0,82,0,82,G
3-PA,1771,0,0,0,82,82,C
3-PA,1772,82,0,0,0,82,A
3-PA,1773,0,0,82,0,82,G
3-PA,1774,82,0,0,0,82,A
3-PA,1775,0,82,0,0,82,T
3-PA,1776,1,0,0,81,82,C
3-PA,1777,0,0,82,0,82,G
3-PA,1778,82,0,0,0,82,A
3-PA,1779,0,0,83,0,83,G
3-PA,1780,84,0,0,0,84,A
3-PA,1781,0,0,84,0,84,G
3-PA,1782,0,0,0,83,83,C
3-PA,1783,83,0,0,0,83,A
3-PA,1784,0,83,0,0,83,T
3-PA,1785,0,0,87,0,87,G
3-PA,1786,87,0,0,0,87,A
3-PA,1787,0,86,0,0,86,T
3-PA,1788,0,86,0,0,86,T
3-PA,1789,0,0,87,0,87,G
3-PA,1790,86,0,0,0,86,A
3-PA,1791,86,0,0,0,86,A
3-PA,1792,0,0,85,0,85,G
3-PA,1793,0,0,0,86,86,C
3-PA,1794,1,0,0,85,86,C
3-PA,1795,0,0,86,0,86,G
3-PA,1796,86,0,0,0,86,A
3-PA,1797,0,0,87,0,87,G
3-PA,1798,0,87,0,0,87,T
3-PA,1799,0,0,0,87,87,C
3-PA,1800,0,0,0,87,87,C
3-PA,1801,0,87,0,0,87,T
3-PA,1802,0,0,0,87,87,C
3-PA,1803,0,0,87,0,87,G
3-PA,1804,0,0,91,0,91,G
3-PA,1805,0,91,0,0,91,T
3-PA,1806,0,90,0,0,90,T
3-PA,1807,90,0,0,0,90,A
3-PA,1808,90,0,0,0,90,A
3-PA,1809,89,0,1,0,90,A
3-PA,1810,0,0,90,0,90,G
3-PA,1811,90,0,0,0,90,A
3-PA,1812,0,0,90,0,90,G
3-PA,1813,89,0,0,1,90,A
3-PA,1814,90,0,0,0,90,A
3-PA,1815,90,0,0,0,90,A
3-PA,1816,0,0,90,0,90,G
3-PA,1817,90,0,0,0,90,A
3-PA,1818,0,0,0,90,90,C
3-PA,1819,87,0,0,0,87,A
3-PA,1820,0,86,0,0,86,T
3-PA,1821,0,0,86,0,86,G
3-PA,1822,86,0,0,0,86,A
3-PA,1823,1,1,0,84,86,C
3-PA,1824,0,0,0,86,86,C
3-PA,1825,86,0,0,0,86,A
3-PA,1826,86,0,0,0,86,A
3-PA,1827,86,0,0,0,86,A
3-PA,1828,0,0,86,0,86,G
3-PA,1829,86,0,1,0,87,A
3-PA,1830,0,0,87,0,87,G
3-PA,1831,0,84,0,0,84,T
3-PA,1832,0,85,0,0,85,T
3-PA,1833,0,85,0,0,85,T
3-PA,1834,0,86,0,0,86,T
3-PA,1835,0,87,0,0,87,T
3-PA,1836,0,86,0,0,86,T
3-PA,1837,0,0,86,0,86,G
3-PA,1838,86,0,0,0,86,A
3-PA,1839,0,0,87,0,87,G
3-PA,1840,86,0,0,0,86,A
3-PA,1841,87,0,0,0,87,A
3-PA,1842,0,86,0,0,86,T
3-PA,1843,86,0,0,0,86,A
3-PA,1844,90,0,0,0,90,A
3-PA,1845,90,0,0,0,90,A
3-PA,1846,0,90,0,0,90,T
3-PA,1847,0,0,0,91,91,C
3-PA,1848,90,0,0,0,90,A
3-PA,1849,0,0,90,0,90,G
3-PA,1850,90,0,0,0,90,A
3-PA,1851,89,0,0,0,89,A
3-PA,1852,0,0,92,0,92,G
3-PA,1853,1,0,0,91,92,C
3-PA,1854,91,0,0,0,91,A
3-PA,1855,0,90,0,0,90,T
3-PA,1856,0,0,91,0,91,G
3-PA,1857,0,0,91,0,91,G
3-PA,1858,0,0,0,88,88,C
3-PA,1859,0,0,0,91,91,C
3-PA,1860,1,0,0,93,94,C
3-PA,1861,94,0,0,0,94,A
3-PA,1862,0,94,0,0,94,T
3-PA,1863,0,95,0,0,95,T
3-PA,1864,0,0,96,0,96,G
3-PA,1865,0,0,95,0,95,G
3-PA,1866,0,0,94,0,94,G
3-PA,1867,0,0,95,0,95,G
3-PA,1868,90,0,0,0,90,A
3-PA,1869,0,0,90,0,90,G
3-PA,1870,0,82,0,1,83,T
3-PA,1871,0,0,0,86,86,C
3-PA,1872,0,0,0,89,89,C
3-PA,1873,0,0,0,87,87,C
3-PA,1874,0,0,0,88,88,C
3-PA,1875,0,0,0,86,86,C
3-PA,1876,88,0,0,0,88,A
3-PA,1877,88,0,0,0,88,A
3-PA,1878,0,1,87,0,88,G
3-PA,1879,0,0,82,1,83,G
3-PA,1880,0,1,81,0,82,G
3-PA,1881,77,0,0,0,77,A
3-PA,1882,0,0,78,0,78,G
3-PA,1883,0,78,0,0,78,T
3-PA,1884,0,0,78,0,78,G
3-PA,1885,0,0,78,0,78,G
3-PA,1886,78,0,0,0,78,A
3-PA,1887,78,0,0,0,78,A
3-PA,1888,0,0,78,0,78,G
3-PA,1889,76,1,0,0,77,A
3-PA,1890,77,0,0,0,77,A
3-PA,1891,0,0,77,0,77,G
3-PA,1892,0,0,77,0,77,G
3-PA,1893,0,78,0,0,78,T
3-PA,1894,0,76,0,0,76,T
3-PA,1895,0,0,0,76,76,C
3-PA,1896,0,0,0,74,74,C
3-PA,1897,76,0,0,0,76,A
3-PA,1898,0,75,0,0,75,T
3-PA,1899,0,75,0,0,75,T
3-PA,1900,0,0,76,0,76,G
3-PA,1901,0,0,76,0,76,G
3-PA,1902,0,0,76,0,76,G
3-PA,1903,76,0,0,0,76,A
3-PA,1904,76,0,0,0,76,A
3-PA,1905,76,0,0,0,76,A
3-PA,1906,0,0,80,0,80,G
3-PA,1907,0,78,0,0,78,T
3-PA,1908,0,0,0,79,79,C
3-PA,1909,0,77,0,0,77,T
3-PA,1910,0,0,77,0,77,G
3-PA,1911,0,77,0,0,77,T
3-PA,1912,77,0,0,0,77,A
3-PA,1913,0,0,78,0,78,G
3-PA,1914,0,0,76,0,76,G
3-PA,1915,76,0,0,0,76,A
3-PA,1916,0,0,0,74,74,C
3-PA,1917,0,72,0,0,72,T
3-PA,1918,0,0,0,78,78,C
3-PA,1919,0,78,0,0,78,T
3-PA,1920,78,0,0,0,78,A
3-PA,1921,0,78,0,0,78,T
3-PA,1922,0,78,0,0,78,T
3-PA,1923,0,0,78,0,78,G
3-PA,1924,0,0,76,0,76,G
3-PA,1925,0,0,0,75,75,C
3-PA,1926,0,75,0,0,75,T
3-PA,1927,71,0,0,0,71,A
3-PA,1928,72,0,0,0,72,A
3-PA,1929,0,0,72,0,72,G
3-PA,1930,0,71,0,0,71,T
3-PA,1931,0,0,0,71,71,C
3-PA,1932,71,0,0,0,71,A
3-PA,1933,0,0,73,0,73,G
3-PA,1934,0,72,0,0,72,T
3-PA,1935,74,0,0,0,74,A
3-PA,1936,0,73,0,0,73,T
3-PA,1937,0,74,0,0,74,T
3-PA,1938,0,0,0,74,74,C
3-PA,1939,74,0,0,0,74,A
3-PA,1940,74,0,0,0,74,A
3-PA,1941,0,74,0,0,74,T
3-PA,1942,74,0,0,0,74,A
3-PA,1943,1,0,75,0,76,G
3-PA,1944,0,0,0,76,76,C
3-PA,1945,0,0,0,76,76,C
3-PA,1946,0,75,0,0,75,T
3-PA,1947,0,0,78,0,78,G
3-PA,1948,0,78,0,0,78,T
3-PA,1949,78,0,0,0,78,A
3-PA,1950,0,78,0,0,78,T
3-PA,1951,0,0,77,0,77,G
3-PA,1952,0,0,0,76,76,C
3-PA,1953,72,1,1,0,74,A
3-PA,1954,0,74,0,0,74,T
3-PA,1955,0,0,0,74,74,C
3-PA,1956,69,0,0,0,69,A
3-PA,1957,0,0,0,70,70,C
3-PA,1958,2,0,0,66,68,C
3-PA,1959,68,0,0,0,68,A
3-PA,1960,0,0,0,70,70,C
3-PA,1961,69,0,0,0,69,A
3-PA,1962,69,0,0,0,69,A
3-PA,1963,0,68,0,0,68,T
3-PA,1964,0,68,0,0,68,T
3-PA,1965,0,0,68,0,68,G
3-PA,1966,0,0,67,0,67,G
3-PA,1967,67,0,0,0,67,A
3-PA,1968,67,0,0,0,67,A
3-PA,1969,0,0,65,0,65,G
3-PA,1970,0,0,65,0,65,G
3-PA,1971,65,0,0,0,65,A
3-PA,1972,0,61,0,0,61,T
3-PA,1973,0,63,0,0,63,T
3-PA,1974,0,63,0,0,63,T
3-PA,1975,0,62,0,0,62,T
3-PA,1976,0,0,0,62,62,C
3-PA,1977,62,0,0,0,62,A
3-PA,1978,0,0,62,0,62,G
3-PA,1979,0,0,0,62,62,C
3-PA,1980,0,0,61,0,61,G
3-PA,1981,0,0,61,0,61,G
3-PA,1982,62,0,0,0,62,A
3-PA,1983,0,0,62,0,62,G
3-PA,1984,0,61,0,0,61,T
3-PA,1985,0,0,0,61,61,C
3-PA,1986,61,0,0,0,61,A
3-PA,1987,61,0,0,0,61,A
3-PA,1988,1,0,60,0,61,G
3-PA,1989,61,0,0,0,61,A
3-PA,1990,60,0,0,0,60,A
3-PA,1991,60,0,0,0,60,A
3-PA,1992,56,0,0,0,56,A
3-PA,1993,0,0,0,57,57,C
3-PA,1994,0,52,0,0,52,T
3-PA,1995,0,0,52,0,52,G
3-PA,1996,0,0,0,51,51,C
3-PA,1997,0,51,0,0,51,T
3-PA,1998,0,0,0,52,52,C
3-PA,1999,0,0,0,52,52,C
3-PA,2000,0,52,0,0,52,T
3-PA,2001,0,52,0,0,52,T
3-PA,2002,0,0,52,0,52,G
3-PA,2003,0,52,0,0,52,T
3-PA,2004,0,50,0,0,50,T
3-PA,2005,0,0,52,0,52,G
3-PA,2006,0,52,0,0,52,T
3-PA,2007,0,52,0,0,52,T
3-PA,2008,2,0,0,49,51,C
3-PA,2009,52,0,0,0,52,A
3-PA,2010,0,0,52,0,52,G
3-PA,2011,0,0,52,0,52,G
3-PA,2012,0,0,0,52,52,C
3-PA,2013,0,52,0,0,52,T
3-PA,2014,0,0,0,54,54,C
3-PA,2015,0,53,0,0,53,T
3-PA,2016,0,54,0,0,54,T
3-PA,2017,54,0,0,0,54,A
3-PA,2018,0,0,54,0,54,G
3-PA,2019,0,0,54,0,54,G
3-PA,2020,0,0,54,0,54,G
3-PA,2021,52,0,0,0,52,A
3-PA,2022,0,1,0,51,52,C
3-PA,2023,50,0,0,0,50,A
3-PA,2024,50,0,0,0,50,A
3-PA,2025,0,0,0,50,50,C
3-PA,2026,0,0,0,49,49,C
3-PA,2027,0,49,0,0,49,T
3-PA,2028,0,1,0,48,49,C
3-PA,2029,0,0,49,0,49,G
3-PA,2030,48,0,0,0,48,A
3-PA,2031,48,0,1,0,49,A
3-PA,2032,0,0,0,49,49,C
3-PA,2033,0,0,0,46,46,C
3-PA,2034,0,45,0,0,45,T
3-PA,2035,0,0,45,0,45,G
3-PA,2036,0,0,45,0,45,G
3-PA,2037,0,0,45,0,45,G
3-PA,2038,45,0,0,0,45,A
3-PA,2039,0,0,0,45,45,C
3-PA,2040,1,0,0,41,42,C
3-PA,2041,0,40,0,1,41,T
3-PA,2042,0,41,0,0,41,T
3-PA,2043,0,41,0,0,41,T
3-PA,2044,0,1,40,0,41,G
3-PA,2045,41,0,0,0,41,A
3-PA,2046,0,41,0,0,41,T
3-PA,2047,0,0,0,42,42,C
3-PA,2048,0,40,0,0,40,T
3-PA,2049,0,40,0,0,40,T
3-PA,2050,0,0,40,0,40,G
3-PA,2051,0,0,40,0,40,G
3-PA,2052,0,0,40,0,40,G
3-PA,2053,0,0,40,0,40,G
3-PA,2054,0,0,39,0,39,G
3-PA,2055,0,0,39,0,39,G
3-PA,2056,0,0,0,39,39,C
3-PA,2057,0,39,0,0,39,T
3-PA,2058,39,0,0,0,39,A
3-PA,2059,0,39,0,0,39,T
3-PA,2060,39,0,0,0,39,A
3-PA,2061,0,39,0,0,39,T
3-PA,2062,0,0,38,0,38,G
3-PA,2063,36,0,1,0,37,A
3-PA,2064,36,0,0,0,36,A
3-PA,2065,0,0,36,0,36,G
3-PA,2066,0,0,0,36,36,C
3-PA,2067,32,0,0,0,32,A
3-PA,2068,33,0,0,0,33,A
3-PA,2069,0,33,0,0,33,T
3-PA,2070,0,33,0,0,33,T
3-PA,2071,0,0,33,0,33,G
3-PA,2072,33,0,0,0,33,A
3-PA,2073,0,0,33,0,33,G
3-PA,2074,0,0,33,0,33,G
3-PA,2075,29,0,0,0,29,A
3-PA,2076,0,0,29,0,29,G
3-PA,2077,0,29,0,0,29,T
3-PA,2078,0,0,29,0,29,G
3-PA,2079,0,0,0,29,29,C
3-PA,2080,0,0,0,29,29,C
3-PA,2081,0,29,0,0,29,T
3-PA,2082,0,0,29,0,29,G
3-PA,2083,30,0,0,0,30,A
3-PA,2084,0,30,0,0,30,T
3-PA,2085,0,30,0,0,30,T
3-PA,2086,30,0,0,0,30,A
3-PA,2087,30,0,0,0,30,A
3-PA,2088,0,30,0,0,30,T
3-PA,2089,1,0,29,0,30,G
3-PA,2090,30,0,0,0,30,A
3-PA,2091,0,25,0,0,25,T
3-PA,2092,0,0,0,25,25,C
3-PA,2093,0,0,0,25,25,C
3-PA,2094,0,0,0,25,25,C
3-PA,2095,0,24,0,0,24,T
3-PA,2096,0,0,24,0,24,G
3-PA,2097,0,0,24,0,24,G
3-PA,2098,0,0,24,0,24,G
3-PA,2099,0,24,0,0,24,T
3-PA,2100,0,24,0,0,24,T
3-PA,2101,0,24,0,0,24,T
3-PA,2102,0,23,0,0,23,T
3-PA,2103,0,0,23,0,23,G
3-PA,2104,0,0,0,23,23,C
3-PA,2105,0,22,0,1,23,T
3-PA,2106,0,0,0,24,24,C
3-PA,2107,24,0,0,0,24,A
3-PA,2108,24,0,0,0,24,A
3-PA,2109,0,24,0,0,24,T
3-PA,2110,0,0,24,0,24,G
3-PA,2111,0,0,0,23,23,C
3-PA,2112,0,0,23,0,23,G
3-PA,2113,0,23,0,0,23,T
3-PA,2114,0,0,0,23,23,C
3-PA,2115,0,23,0,0,23,T
3-PA,2116,0,23,0,0,23,T
3-PA,2117,0,0,23,0,23,G
3-PA,2118,0,0,23,0,23,G
3-PA,2119,0,23,0,0,23,T
3-PA,2120,0,22,0,1,23,T
3-PA,2121,0,0,0,22,22,C
3-PA,2122,22,0,0,0,22,A
3-PA,2123,22,0,0,0,22,A
3-PA,2124,0,0,0,22,22,C
3-PA,2125,0,22,0,0,22,T
3-PA,2126,0,0,0,22,22,C
3-PA,2127,0,0,0,22,22,C
3-PA,2128,0,22,0,0,22,T
3-PA,2129,0,22,0,0,22,T
3-PA,2130,0,0,0,21,21,C
3-PA,2131,0,0,0,21,21,C
3-PA,2132,0,19,0,0,19,T
3-PA,2133,0,0,20,0,20,G
3-PA,2134,20,0,0,0,20,A
3-PA,2135,0,0,0,20,20,C
3-PA,2136,18,0,0,0,18,A
3-PA,2137,0,0,0,17,17,C
3-PA,2138,17,0,0,0,17,A
3-PA,2139,0,17,0,0,17,T
3-PA,2140,0,0,17,0,17,G
3-PA,2141,0,0,0,17,17,C
3-PA,2142,17,0,0,0,17,A
3-PA,2143,0,17,0,0,17,T
3-PA,2144,0,17,0,0,17,T
3-PA,2145,17,0,0,0,17,A
3-PA,2146,17,0,0,0,17,A
3-PA,2147,17,0,0,0,17,A
3-PA,2148,17,0,0,0,17,A
3-PA,2149,0,17,0,0,17,T
3-PA,2150,14,0,0,0,14,A
3-PA,2151,0,0,14,0,14,G
4-HA,1,178,0,0,0,178,A
4-HA,2,0,180,0,0,180,T
4-HA,3,0,0,186,0,186,G
4-HA,4,187,0,0,0,187,A
4-HA,5,189,0,0,0,189,A
4-HA,6,0,0,207,0,207,G
4-HA,7,208,0,0,0,208,A
4-HA,8,0,0,0,233,233,C
4-HA,9,0,231,0,0,231,T
4-HA,10,240,0,0,0,240,A
4-HA,11,0,254,0,0,254,T
4-HA,12,0,0,0,256,256,C
4-HA,13,254,0,0,0,254,A
4-HA,14,0,258,0,0,258,T
4-HA,15,0,258,0,0,258,T
4-HA,16,1,0,279,0,280,G
4-HA,17,0,1,0,278,279,C
4-HA,18,0,279,0,0,279,T
4-HA,19,0,281,0,0,281,T
4-HA,20,0,280,0,0,280,T
4-HA,21,0,1,296,0,297,G
4-HA,22,297,0,0,0,297,A
4-HA,23,0,0,306,0,306,G
4-HA,24,0,0,0,308,308,C
4-HA,25,0,307,0,1,308,T
4-HA,26,340,0,0,0,340,A
4-HA,27,0,0,0,344,344,C
4-HA,28,354,0,0,1,355,A
4-HA,29,0,371,0,1,372,T
4-HA,30,0,371,0,0,371,T
4-HA,31,0,1,0,372,373,C
4-HA,32,0,373,0,0,373,T
4-HA,33,382,0,0,0,382,A
4-HA,34,0,381,0,0,381,T
4-HA,35,0,0,383,0,383,G
4-HA,36,0,384,0,0,384,T
4-HA,37,1,0,0,382,383,C
4-HA,38,0,381,0,0,381,T
4-HA,39,0,0,383,0,383,G
4-HA,40,0,0,383,0,383,G
4-HA,41,0,380,0,0,380,T
4-HA,42,0,383,0,0,383,T
4-HA,43,0,381,0,0,381,T
4-HA,44,0,382,0,0,382,T
4-HA,45,0,0,0,381,381,C
4-HA,46,0,0,383,0,383,G
4-HA,47,0,0,0,383,383,C
4-HA,48,0,380,1,0,381,T
4-HA,49,2,0,0,380,382,C
4-HA,50,385,0,0,0,385,A
4-HA,51,384,0,0,1,385,A
4-HA,52,383,1,0,0,384,A
4-HA,53,385,1,0,0,386,A
4-HA,54,385,0,0,1,386,A
4-HA,55,1,0,0,385,386,C
4-HA,56,0,383,0,0,383,T
4-HA,57,0,391,0,0,391,T
4-HA,58,0,0,0,391,391,C
4-HA,59,0,0,0,391,391,C
4-HA,60,0,390,0,0,390,T
4-HA,61,0,0,397,0,397,G
4-HA,62,0,1,394,0,395,G
4-HA,63,397,0,0,0,397,A
4-HA,64,412,0,0,0,412,A
4-HA,65,410,0,0,0,410,A
4-HA,66,0,409,0,0,409,T
4-HA,67,0,1,409,0,410,G
4-HA,68,409,0,0,0,409,A
4-HA,69,0,0,0,414,414,C
4-HA,70,410,0,2,0,412,A
4-HA,71,413,0,1,0,414,A
4-HA,72,2,1,0,422,425,C
4-HA,73,421,0,0,0,421,A
4-HA,74,0,0,429,0,429,G
4-HA,75,0,0,0,430,430,C
4-HA,76,426,0,1,0,427,A
4-HA,77,0,2,0,436,438,C
4-HA,78,0,0,437,0,437,G
4-HA,79,0,0,439,0,439,G
4-HA,80,0,0,0,443,443,C
4-HA,81,439,0,0,0,439,A
4-HA,82,452,0,0,0,452,A
4-HA,83,0,0,0,454,454,C
4-HA,84,0,0,459,0,459,G
4-HA,85,0,0,0,461,461,C
4-HA,86,0,456,0,1,457,T
4-HA,87,0,0,470,0,470,G
4-HA,88,0,469,0,0,469,T
4-HA,89,0,1,483,0,484,G
4-HA,90,0,0,0,492,492,C
4-HA,91,4,0,0,504,508,C
4-HA,92,0,506,0,0,506,T
4-HA,93,0,507,0,0,507,T
4-HA,94,0,1,512,0,513,G
4-HA,95,0,1,515,0,516,G
4-HA,96,0,0,523,0,523,G
4-HA,97,0,0,0,526,526,C
4-HA,98,522,0,0,0,522,A
4-HA,99,0,0,0,527,527,C
4-HA,100,0,0,0,525,525,C
4-HA,101,568,0,0,0,568,A
4-HA,102,0,570,0,0,570,T
4-HA,103,0,0,573,0,573,G
4-HA,104,0,0,0,576,576,C
4-HA,105,565,0,0,0,565,A
4-HA,106,0,1,589,0,590,G
4-HA,107,0,594,0,0,594,T
4-HA,108,597,0,0,0,597,A
4-HA,109,1,0,0,595,596,C
4-HA,110,1,0,0,578,579,C
4-HA,111,577,0,0,0,577,A
4-HA,112,576,0,0,0,576,A
4-HA,113,577,0,0,0,577,A
4-HA,114,0,1,0,583,584,C
4-HA,115,0,2,570,0,572,G
4-HA,116,0,2,578,0,580,G
4-HA,117,577,0,1,0,578,A
4-HA,118,578,0,1,0,579,A
4-HA,119,0,0,0,582,582,C
4-HA,120,0,2,578,0,580,G
4-HA,121,591,0,1,0,592,A
4-HA,122,0,592,0,0,592,T
4-HA,123,598,0,0,0,598,A
4-HA,124,0,0,600,0,600,G
4-HA,125,0,594,0,0,594,T
4-HA,126,0,2,598,0,600,G
4-HA,127,598,0,0,0,598,A
4-HA,128,603,0,0,0,603,A
4-HA,129,601,0,0,0,601,A
4-HA,130,601,0,0,0,601,A
4-HA,131,1,0,0,604,605,C
4-HA,132,611,0,0,0,611,A
4-HA,133,610,0,0,0,610,A
4-HA,134,0,608,0,0,608,T
4-HA,135,1,0,0,610,611,C
4-HA,136,611,0,1,0,612,A
4-HA,137,1,0,0,613,614,C
4-HA,138,0,2,611,0,613,G
4-HA,139,612,0,0,0,612,A
4-HA,140,609,1,1,0,611,A
4-HA,141,0,610,0,0,610,T
4-HA,142,0,4,609,0,613,G
4-HA,143,618,0,2,0,620,A
4-HA,144,0,0,0,619,619,C
4-HA,145,0,1,0,617,618,C
4-HA,146,624,0,0,0,624,A
4-HA,147,624,0,0,0,624,A
4-HA,148,624,0,0,0,624,A
4-HA,149,0,625,0,0,625,T
4-HA,150,0,623,0,1,624,T
4-HA,151,1,1,621,0,623,G
4-HA,152,624,0,0,0,624,A
4-HA,153,627,0,0,0,627,A
4-HA,154,0,0,628,0,628,G
4-HA,155,0,621,0,2,623,T
4-HA,156,0,635,0,0,635,T
4-HA,157,640,0,0,0,640,A
4-HA,158,1,1,0,642,644,C
4-HA,159,0,646,0,0,646,T
4-HA,160,643,0,0,0,643,A
4-HA,161,654,0,0,0,654,A
4-HA,162,0,652,0,0,652,T
4-HA,163,0,0,656,0,656,G
4-HA,164,1,1,0,675,677,C
4-HA,165,0,668,0,0,668,T
4-HA,166,668,1,0,0,669,A
4-HA,167,0,0,0,666,666,C
4-HA,168,0,662,0,0,662,T
4-HA,169,0,0,665,0,665,G
4-HA,170,664,0,0,0,664,A
4-HA,171,0,0,664,0,664,G
4-HA,172,0,0,0,664,664,C
4-HA,173,0,651,0,0,651,T
4-HA,174,1,0,664,0,665,G
4-HA,175,0,0,674,0,674,G
4-HA,176,0,676,0,0,676,T
4-HA,177,0,677,0,2,679,T
4-HA,178,0,0,0,677,677,C
4-HA,179,679,0,0,0,679,A
4-HA,180,0,1,682,0,683,G
4-HA,181,680,0,1,0,681,A
4-HA,182,0,1,706,0,707,G
4-HA,183,1,706,0,1,708,T
4-HA,184,0,698,0,2,700,T
4-HA,185,0,0,0,705,705,C
4-HA,186,0,0,0,708,708,C
4-HA,187,0,705,0,0,705,T
4-HA,188,2,0,0,706,708,C
4-HA,189,703,0,4,0,707,A
4-HA,190,705,0,0,0,705,A
4-HA,191,0,0,0,707,707,C
4-HA,192,698,0,2,0,700,A
4-HA,193,0,1,707,0,708,G
4-HA,194,0,0,707,0,707,G
4-HA,195,0,702,0,0,702,T
4-HA,196,0,0,698,0,698,G
4-HA,197,699,0,1,1,701,A
4-HA,198,704,0,0,0,704,A
4-HA,199,723,0,1,0,724,A
4-HA,200,0,721,0,0,721,T
4-HA,201,730,0,0,1,731,A
4-HA,202,0,723,0,0,723,T
4-HA,203,0,1,725,0,726,G
4-HA,204,2,1,0,729,732,C
4-HA,205,0,4,728,0,732,G
4-HA,206,733,0,0,0,733,A
4-HA,207,0,0,0,735,735,C
4-HA,208,718,0,0,0,718,A
4-HA,209,0,0,767,0,767,G
4-HA,210,1,763,0,0,764,T
4-HA,211,1,0,0,769,770,C
4-HA,212,2,0,0,770,772,C
4-HA,213,0,768,0,1,769,T
4-HA,214,3,0,0,778,781,C
4-HA,215,778,0,0,0,778,A
4-HA,216,0,781,0,0,781,T
4-HA,217,1,0,0,782,783,C
4-HA,218,746,0,0,0,746,A
4-HA,219,0,1,753,0,754,G
4-HA,220,751,0,0,0,751,A
4-HA,221,0,746,0,1,747,T
4-HA,222,4,0,0,743,747,C
4-HA,223,1,0,0,744,745,C
4-HA,224,0,742,0,2,744,T
4-HA,225,0,744,0,0,744,T
4-HA,226,0,2,742,0,744,G
4-HA,227,746,0,0,0,746,A
4-HA,228,0,744,0,0,744,T
4-HA,229,0,2,748,0,750,G
4-HA,230,0,1,747,0,748,G
4-HA,231,745,1,1,0,747,A
4-HA,232,743,0,0,0,743,A
4-HA,233,742,0,1,1,744,A
4-HA,234,745,0,1,0,746,A
4-HA,235,747,0,1,0,748,A
4-HA,236,747,0,0,0,747,A
4-HA,237,0,0,0,752,752,C
4-HA,238,0,749,0,0,749,T
4-HA,239,0,1,746,1,748,G
4-HA,240,0,0,0,743,743,C
4-HA,241,752,0,0,0,752,A
4-HA,242,1,0,0,779,780,C
4-HA,243,747,0,33,0,780,A
4-HA,244,0,0,0,861,861,C
4-HA,245,0,860,0,0,860,T
4-HA,246,876,0,0,0,876,A
4-HA,247,877,0,0,0,877,A
4-HA,248,0,876,0,0,876,T
4-HA,249,871,0,1,1,873,A
4-HA,250,0,0,881,0,881,G
4-HA,251,858,1,0,0,859,A
4-HA,252,0,849,0,0,849,T
4-HA,253,1,0,815,0,816,G
4-HA,254,1,0,0,821,822,C
4-HA,255,0,818,0,1,819,T
4-HA,256,3,0,0,877,880,C
4-HA,257,0,883,0,0,883,T
4-HA,258,899,0,1,0,900,A
4-HA,259,0,902,0,0,902,T
4-HA,260,0,891,0,0,891,T
4-HA,261,0,4,895,0,899,G
4-HA,262,1,2,905,0,908,G
4-HA,263,1,2,909,0,912,G
4-HA,264,900,1,2,0,903,A
4-HA,265,0,1,899,0,900,G
4-HA,266,876,0,0,0,876,A
4-HA,267,0,0,0,1023,1023,C
4-HA,268,1,1,0,1063,1065,C
4-HA,269,3,1,0,1065,1069,C
4-HA,270,0,1066,0,0,1066,T
4-HA,271,1,1,0,1109,1111,C
4-HA,272,1102,0,0,2,1104,A
4-HA,273,1,0,1222,0,1223,G
4-HA,274,0,1221,0,1,1222,T
4-HA,275,0,3,1233,0,1236,G
4-HA,276,0,1209,0,2,1211,T
4-HA,277,0,2,1209,0,1211,G
4-HA,278,1204,3,1,0,1208,A
4-HA,279,0,1206,0,0,1206,T
4-HA,280,1,1,1195,0,1197,G
4-HA,281,0,0,1195,0,1195,G
4-HA,282,0,0,0,1183,1183,C
4-HA,283,0,1183,0,0,1183,T
4-HA,284,0,1183,0,1,1184,T
4-HA,285,1,1,0,1175,1177,C
4-HA,286,4,0,1,1175,1180,C
4-HA,287,1183,0,0,0,1183,A
4-HA,288,1195,0,0,0,1195,A
4-HA,289,1193,0,0,0,1193,A
4-HA,290,1197,0,0,0,1197,A
4-HA,291,0,1205,0,2,1207,T
4-HA,292,1205,0,0,0,1205,A
4-HA,293,1204,1,0,0,1205,A
4-HA,294,0,2,1217,0,1219,G
4-HA,295,1222,0,0,0,1222,A
4-HA,296,1225,0,0,0,1225,A
4-HA,297,1221,0,0,0,1221,A
4-HA,298,0,1224,0,0,1224,T
4-HA,299,0,3,1217,0,1220,G
4-HA,300,1,1,1218,0,1220,G
4-HA,301,0,2,1216,0,1218,G
4-HA,302,1221,0,1,0,1222,A
4-HA,303,0,0,0,1235,1235,C
4-HA,304,3,0,0,1235,1238,C
4-HA,305,0,1255,0,1,1256,T
4-HA,306,0,1257,0,3,1260,T
4-HA,307,1,1253,0,1,1255,T
4-HA,308,0,1267,0,0,1267,T
4-HA,309,0,1267,0,1,1268,T
4-HA,310,2,1,1268,0,1271,G
4-HA,311,0,1271,0,1,1272,T
4-HA,312,0,1266,0,1,1267,T
4-HA,313,1,6,1268,0,1275,G
4-HA,314,1270,0,0,0,1270,A
4-HA,315,1276,0,0,0,1276,A
4-HA,316,0,1,0,1276,1277,C
4-HA,317,0,1,1272,0,1273,G
4-HA,318,0,0,0,1294,1294,C
4-HA,319,1292,0,0,0,1292,A
4-HA,320,0,1,1307,0,1308,G
4-HA,321,1,0,0,1305,1306,C
4-HA,322,1307,0,0,0,1307,A
4-HA,323,1307,0,0,0,1307,A
4-HA,324,1308,0,1,0,1309,A
4-HA,325,0,0,1370,0,1370,G
4-HA,326,0,0,0,1371,1371,C
4-HA,327,1,0,0,1367,1368,C
4-HA,328,0,1364,0,0,1364,T
4-HA,329,1365,0,1,0,1366,A
4-HA,330,0,0,1,1388,1389,C
4-HA,331,1387,0,0,0,1387,A
4-HA,332,0,0,1394,0,1394,G
4-HA,333,10,1,0,1376,1387,C
4-HA,334,1360,1,1,0,1362,A
4-HA,335,1374,0,1,0,1375,A
4-HA,336,1,1,0,1458,1460,C
4-HA,337,0,1458,0,0,1458,T
4-HA,338,0,1,1460,0,1461,G
4-HA,339,0,1446,0,1,1447,T
4-HA,340,0,1450,0,0,1450,T
4-HA,341,1451,0,0,0,1451,A
4-HA,342,0,0,0,1566,1566,C
4-HA,343,3,1,0,1572,1576,C
4-HA,344,7,0,0,1608,1615,C
4-HA,345,0,1571,0,1,1572,T
4-HA,346,0,1571,0,0,1571,T
4-HA,347,1579,0,0,0,1579,A
4-HA,348,0,1580,0,0,1580,T
4-HA,349,0,6,1574,0,1580,G
4-HA,350,1573,0,1,1,1575,A
4-HA,351,0,1501,0,0,1501,T
4-HA,352,0,0,1526,0,1526,G
4-HA,353,1,1505,0,1,1507,T
4-HA,354,1,0,1502,0,1503,G
4-HA,355,0,6,1,1497,1504,C
4-HA,356,0,2,0,1504,1506,C
4-HA,357,5,2,1528,0,1535,G
4-HA,358,0,0,1556,0,1556,G
4-HA,359,1558,0,0,0,1558,A
4-HA,360,0,1563,0,0,1563,T
4-HA,361,0,1554,0,0,1554,T
4-HA,362,1567,0,0,0,1567,A
4-HA,363,0,1560,1,0,1561,T
4-HA,364,0,0,1566,0,1566,G
4-HA,365,0,2,0,1567,1569,C
4-HA,366,2,2,0,1557,1561,C
4-HA,367,0,1569,0,0,1569,T
4-HA,368,1,0,0,1657,1658,C
4-HA,369,1,0,0,1666,1667,C
4-HA,370,6,0,0,1666,1672,C
4-HA,371,0,1667,0,0,1667,T
4-HA,372,0,1677,0,0,1677,T
4-HA,373,1669,0,0,1,1670,A
4-HA,374,0,4,1703,0,1707,G
4-HA,375,1,1,1714,0,1716,G
4-HA,376,0,1701,0,1,1702,T
4-HA,377,8,0,0,1669,1677,C
4-HA,378,1665,0,1,1,1667,A
4-HA,379,0,0,2,1702,1704,C
4-HA,380,1,1701,0,0,1702,T
4-HA,381,1701,0,0,0,1701,A
4-HA,382,2,2,1701,0,1705,G
4-HA,383,0,1681,0,1,1682,T
4-HA,384,0,1677,0,1,1678,T
4-HA,385,3,0,1698,0,1701,G
4-HA,386,0,0,0,1702,1702,C
4-HA,387,6,1,0,1696,1703,C
4-HA,388,1,1685,0,3,1689,T
4-HA,389,1,0,0,1701,1702,C
4-HA,390,1749,0,0,0,1749,A
4-HA,391,0,1754,0,1,1755,T
4-HA,392,2,0,0,1747,1749,C
4-HA,393,1,0,0,1751,1752,C
4-HA,394,1,3,1734,0,1738,G
4-HA,395,0,0,1749,0,1749,G
4-HA,396,5,2,0,1751,1758,C
4-HA,397,1775,0,0,0,1775,A
4-HA,398,1,0,0,1807,1808,C
4-HA,399,1773,0,2,0,1775,A
4-HA,400,4,0,1,1778,1783,C
4-HA,401,1,1781,0,2,1784,T
4-HA,402,1,2,1803,0,1806,G
4-HA,403,0,4,1816,0,1820,G
4-HA,404,1801,1,3,0,1805,A
4-HA,405,0,0,1834,0,1834,G
4-HA,406,0,1819,0,0,1819,T
4-HA,407,0,1803,0,1,1804,T
4-HA,408,0,1808,0,4,1812,T
4-HA,409,1806,0,0,0,1806,A
4-HA,410,1806,0,1,2,1809,A
4-HA,411,1,1,0,1814,1816,C
4-HA,412,1793,0,2,0,1795,A
4-HA,413,1790,0,4,0,1794,A
4-HA,414,0,1787,0,1,1788,T
4-HA,415,0,3,1790,0,1793,G
4-HA,416,1792,0,0,0,1792,A
4-HA,417,1782,0,0,0,1782,A
4-HA,418,1785,1,2,0,1788,A
4-HA,419,0,1,1800,0,1801,G
4-HA,420,0,0,0,1812,1812,C
4-HA,421,0,1809,0,1,1810,T
4-HA,422,0,1802,0,0,1802,T
4-HA,423,2,0,0,1824,1826,C
4-HA,424,1825,0,1,0,1826,A
4-HA,425,1827,0,0,0,1827,A
4-HA,426,0,1829,0,0,1829,T
4-HA,427,0,1832,0,0,1832,T
4-HA,428,0,11,1863,0,1874,G
4-HA,429,0,6,1897,0,1903,G
4-HA,430,1895,0,2,0,1897,A
4-HA,431,0,0,0,1903,1903,C
4-HA,432,0,1891,0,0,1891,T
4-HA,433,19,2,1879,0,1900,G
4-HA,434,0,5,1910,0,1915,G
4-HA,435,1904,1,4,0,1909,A
4-HA,436,1,1,1906,0,1908,G
4-HA,437,0,1872,0,0,1872,T
4-HA,438,4,0,0,1860,1864,C
4-HA,439,1882,1,0,1,1884,A
4-HA,440,0,0,0,1889,1889,C
4-HA,441,2,1880,0,0,1882,T
4-HA,442,6,1,0,1878,1885,C
4-HA,443,1874,0,0,0,1874,A
4-HA,444,1889,0,1,0,1890,A
4-HA,445,1882,0,0,0,1882,A
4-HA,446,1885,0,2,0,1887,A
4-HA,447,0,1,0,1893,1894,C
4-HA,448,0,3,1873,0,1876,G
4-HA,449,1,5,1909,0,1915,G
4-HA,450,1901,0,10,0,1911,A
4-HA,451,1908,1,1,0,1910,A
4-HA,452,0,2,0,1912,1914,C
4-HA,453,1904,0,0,1,1905,A
4-HA,454,1919,0,0,0,1919,A
4-HA,455,1,1,1930,0,1932,G
4-HA,456,0,0,0,1933,1933,C
4-HA,457,0,1923,0,0,1923,T
4-HA,458,2,0,0,1929,1931,C
4-HA,459,1,1926,0,0,1927,T
4-HA,460,0,0,1938,0,1938,G
4-HA,461,0,1,0,1933,1934,C
4-HA,462,1,1928,2,2,1933,T
4-HA,463,0,1961,0,0,1961,T
4-HA,464,0,1,1992,0,1993,G
4-HA,465,0,0,0,2017,2017,C
4-HA,466,2014,0,1,0,2015,A
4-HA,467,0,2004,0,0,2004,T
4-HA,468,1990,0,0,0,1990,A
4-HA,469,1984,0,1,0,1985,A
4-HA,470,0,1,1986,0,1987,G
4-HA,471,1,6,1977,0,1984,G
4-HA,472,1913,1,4,0,1918,A
4-HA,473,0,3,1906,0,1909,G
4-HA,474,1898,0,7,0,1905,A
4-HA,475,0,1924,0,1,1925,T
4-HA,476,3,0,0,1926,1929,C
4-HA,477,1,1928,0,1,1930,T
4-HA,478,1932,0,0,0,1932,A
4-HA,479,1921,0,0,0,1921,A
4-HA,480,1905,0,2,0,1907,A
4-HA,481,1911,0,0,0,1911,A
4-HA,482,1911,0,1,0,1912,A
4-HA,483,0,2,0,1917,1919,C
4-HA,484,1879,0,0,0,1879,A
4-HA,485,0,0,1896,0,1896,G
4-HA,486,0,1888,1,0,1889,T
4-HA,487,0,1923,0,0,1923,T
4-HA,488,1,1931,1,0,1933,T
4-HA,489,3,6,0,1955,1964,C
4-HA,490,0,1961,1,3,1965,T
4-HA,491,0,1972,1,0,1973,T
4-HA,492,0,1973,0,0,1973,T
4-HA,493,1968,0,2,0,1970,A
4-HA,494,0,1,1972,0,1973,G
4-HA,495,1,1960,0,4,1965,T
4-HA,496,1966,0,1,0,1967,A
4-HA,497,0,1,1974,0,1975,G
4-HA,498,1944,0,4,0,1948,A
4-HA,499,0,1953,0,0,1953,T
4-HA,500,0,1944,0,0,1944,T
4-HA,501,1,2,1983,0,1986,G
4-HA,502,1980,0,0,0,1980,A
4-HA,503,1987,0,1,0,1988,A
4-HA,504,1,1984,0,1,1986,T
4-HA,505,1,1969,0,0,1970,T
4-HA,506,0,5,1980,0,1985,G
4-HA,507,0,0,1986,1,1987,G
4-HA,508,0,1985,0,2,1987,T
4-HA,509,0,1980,0,2,1982,T
4-HA,510,1,5,1951,0,1957,G
4-HA,511,1957,0,2,0,1959,A
4-HA,512,1,0,0,1955,1956,C
4-HA,513,4,0,1,1943,1948,C
4-HA,514,4,0,0,1970,1974,C
4-HA,515,1982,0,2,0,1984,A
4-HA,516,0,0,0,1991,1991,C
4-HA,517,0,1989,0,1,1990,T
4-HA,518,0,1992,0,0,1992,T
4-HA,519,1989,1,0,0,1990,A
4-HA,520,1964,0,0,7,1971,A
4-HA,521,1973,0,0,1,1974,A
4-HA,522,0,1,0,1934,1935,C
4-HA,523,0,1993,0,0,1993,T
4-HA,524,0,1994,0,2,1996,T
4-HA,525,9,2,0,2002,2013,C
4-HA,526,2019,0,0,0,2019,A
4-HA,527,2020,0,1,0,2021,A
4-HA,528,2024,0,1,0,2025,A
4-HA,529,0,2023,0,0,2023,T
4-HA,530,2062,0,1,0,2063,A
4-HA,531,2,1,0,2055,2058,C
4-HA,532,3,0,0,2023,2026,C
4-HA,533,2,2,0,2026,2030,C
4-HA,534,2018,0,0,0,2018,A
4-HA,535,0,0,2089,0,2089,G
4-HA,536,0,2,0,2087,2089,C
4-HA,537,2088,0,0,0,2088,A
4-HA,538,0,2079,0,2,2081,T
4-HA,539,0,2049,0,1,2050,T
4-HA,540,0,10,2098,0,2108,G
4-HA,541,2100,1,5,0,2106,A
4-HA,542,2109,0,0,0,2109,A
4-HA,543,0,0,0,2113,2113,C
4-HA,544,0,0,2069,0,2069,G
4-HA,545,0,2083,1,0,2084,T
4-HA,546,0,5,2092,0,2097,G
4-HA,547,2095,1,3,0,2099,A
4-HA,548,1,0,0,2101,2102,C
4-HA,549,0,2033,0,3,2036,T
4-HA,550,2074,0,0,1,2075,A
4-HA,551,0,2068,0,1,2069,T
4-HA,552,0,3,2095,0,2098,G
4-HA,553,0,1,0,2094,2095,C
4-HA,554,4,0,0,2070,2074,C
4-HA,555,2067,0,1,1,2069,A
4-HA,556,2071,1,0,1,2073,A
4-HA,557,2098,1,2,0,2101,A
4-HA,558,0,0,0,2105,2105,C
4-HA,559,2060,1,0,0,2061,A
4-HA,560,2075,0,0,0,2075,A
4-HA,561,0,2059,0,0,2059,T
4-HA,562,1,2,2062,0,2065,G
4-HA,563,2069,0,0,0,2069,A
4-HA,564,2060,0,6,0,2066,A
4-HA,565,1,0,0,2020,2021,C
4-HA,566,2040,0,0,0,2040,A
4-HA,567,2061,0,1,0,2062,A
4-HA,568,0,2061,0,0,2061,T
4-HA,569,2,2046,0,7,2055,T
4-HA,570,2,2052,0,0,2054,T
4-HA,571,0,6,2051,0,2057,G
4-HA,572,2058,0,2,1,2061,A
4-HA,573,1,1,0,2058,2060,C
4-HA,574,2049,0,4,1,2054,A
4-HA,575,2053,0,0,1,2054,A
4-HA,576,2072,3,2,0,2077,A
4-HA,577,0,2090,0,0,2090,T
4-HA,578,0,2086,0,0,2086,T
4-HA,579,0,1,2104,0,2105,G
4-HA,580,0,2101,0,0,2101,T
4-HA,581,2107,1,1,0,2109,A
4-HA,582,0,0,0,2150,2150,C
4-HA,583,2159,1,0,1,2161,A
4-HA,584,0,2198,0,0,2198,T
4-HA,585,0,2175,1,6,2182,T
4-HA,586,0,2175,0,0,2175,T
4-HA,587,0,3,2166,0,2169,G
4-HA,588,1,11,2149,0,2161,G
4-HA,589,0,6,2151,1,2158,G
4-HA,590,2,4,2162,0,2168,G
4-HA,591,0,4,2120,0,2124,G
4-HA,592,0,2,2180,0,2182,G
4-HA,593,0,2156,0,1,2157,T
4-HA,594,0,2159,0,8,2167,T
4-HA,595,4,0,0,2163,2167,C
4-HA,596,2169,0,5,0,2174,A
4-HA,597,1,2,0,2178,2181,C
4-HA,598,3,1,0,2172,2176,C
4-HA,599,2185,0,3,0,2188,A
4-HA,600,1,1,0,2201,2203,C
4-HA,601,3,0,0,2175,2178,C
4-HA,602,2,1,0,2153,2156,C
4-HA,603,0,4,2171,0,2175,G
4-HA,604,0,3,2239,0,2242,G
4-HA,605,0,3,2241,0,2244,G
4-HA,606,0,2241,0,1,2242,T
4-HA,607,2242,0,1,0,2243,A
4-HA,608,1,5,0,2223,2229,C
4-HA,609,0,4,2197,0,2201,G
4-HA,610,1,5,2222,0,2228,G
4-HA,611,2232,0,2,0,2234,A
4-HA,612,0,0,0,2231,2231,C
4-HA,613,2180,0,0,1,2181,A
4-HA,614,2177,1,1,0,2179,A
4-HA,615,2168,0,1,1,2170,A
4-HA,616,0,3,2210,0,2213,G
4-HA,617,2213,0,2,0,2215,A
4-HA,618,0,0,0,2216,2216,C
4-HA,619,3,0,0,2174,2177,C
4-HA,620,2185,0,0,0,2185,A
4-HA,621,2184,0,0,0,2184,A
4-HA,622,2211,0,0,0,2211,A
4-HA,623,1,2211,0,0,2212,T
4-HA,624,3,0,0,2226,2229,C
4-HA,625,0,2159,0,0,2159,T
4-HA,626,1,2149,0,2,2152,T
4-HA,627,4,1,0,2153,2158,C
4-HA,628,2,1,0,2172,2175,C
4-HA,629,0,2164,0,4,2168,T
4-HA,630,1,0,2174,0,2175,G
4-HA,631,0,2155,0,1,2156,T
4-HA,632,2177,0,0,0,2177,A
4-HA,633,0,2159,0,3,2162,T
4-HA,634,1,2,2181,0,2184,G
4-HA,635,1,0,0,2191,2192,C
4-HA,636,0,2173,0,3,2176,T
4-HA,637,5,4,0,2165,2174,C
4-HA,638,2174,0,4,0,2178,A
4-HA,639,2168,0,6,1,2175,A
4-HA,640,0,0,2182,1,2183,G
4-HA,641,3,2,0,2179,2184,C
4-HA,642,2188,0,1,0,2189,A
4-HA,643,0,2155,1,2,2158,T
4-HA,644,1,0,0,2163,2164,C
4-HA,645,2158,1,2,0,2161,A
4-HA,646,0,1,2171,0,2172,G
4-HA,647,1,3,2175,0,2179,G
4-HA,648,2170,1,1,0,2172,A
4-HA,649,2153,0,2,0,2155,A
4-HA,650,0,4,2177,0,2181,G
4-HA,651,2169,0,1,0,2170,A
4-HA,652,2191,1,2,0,2194,A
4-HA,653,0,2204,0,0,2204,T
4-HA,654,6,0,1,2190,2197,C
4-HA,655,2177,1,3,0,2181,A
4-HA,656,0,1,0,2181,2182,C
4-HA,657,2173,0,4,0,2177,A
4-HA,658,1,1,2224,0,2226,G
4-HA,659,0,2201,0,0,2201,T
4-HA,660,5,0,0,2213,2218,C
4-HA,661,0,2177,0,0,2177,T
4-HA,662,2,2,0,2231,2235,C
4-HA,663,1,2227,0,6,2234,T
4-HA,664,2246,0,2,0,2248,A
4-HA,665,0,2,0,2246,2248,C
4-HA,666,5,1,0,2243,2249,C
4-HA,667,2210,1,1,0,2212,A
4-HA,668,2212,0,1,0,2213,A
4-HA,669,2197,1,0,0,2198,A
4-HA,670,2196,0,7,0,2203,A
4-HA,671,1,1,2203,0,2205,G
4-HA,672,2148,1,1,0,2150,A
4-HA,673,2135,0,1,0,2136,A
4-HA,674,1,1,2138,0,2140,G
4-HA,675,0,1,0,2144,2145,C
4-HA,676,3,1,0,2145,2149,C
4-HA,677,2150,0,2,0,2152,A
4-HA,678,2155,4,1,1,2161,A
4-HA,679,0,0,0,2163,2163,C
4-HA,680,2179,0,0,0,2179,A
4-HA,681,2180,0,0,5,2185,A
4-HA,682,2180,1,1,0,2182,A
4-HA,683,0,1,0,2223,2224,C
4-HA,684,0,2207,0,1,2208,T
4-HA,685,3,0,2213,0,2216,G
4-HA,686,0,2210,0,0,2210,T
4-HA,687,2199,0,2,0,2201,A
4-HA,688,2,0,2175,0,2177,G
4-HA,689,0,2197,0,2,2199,T
4-HA,690,9,0,0,2198,2207,C
4-HA,691,2,0,1,2208,2211,C
4-HA,692,7,0,0,2179,2186,C
4-HA,693,1,8,2182,0,2191,G
4-HA,694,2193,0,0,0,2193,A
4-HA,695,2195,1,1,0,2197,A
4-HA,696,1,2199,0,0,2200,T
4-HA,697,2190,0,3,0,2193,A
4-HA,698,0,2191,0,0,2191,T
4-HA,699,5,1,0,2162,2168,C
4-HA,700,1,5,2160,0,2166,G
4-HA,701,0,2,2210,0,2212,G
4-HA,702,2215,0,0,0,2215,A
4-HA,703,0,2235,0,2,2237,T
4-HA,704,4,1,0,2222,2227,C
4-HA,705,0,2212,1,9,2222,T
4-HA,706,2211,0,2,1,2214,A
4-HA,707,2,5,2213,0,2220,G
4-HA,708,2218,1,6,2,2227,A
4-HA,709,0,4,1,2219,2224,C
4-HA,710,6,0,0,2174,2180,C
4-HA,711,5,2,1,2184,2192,C
4-HA,712,2170,0,2,1,2173,A
4-HA,713,0,4,2287,0,2291,G
4-HA,714,2283,0,5,0,2288,A
4-HA,715,0,1,2322,0,2323,G
4-HA,716,0,2299,0,1,2300,T
4-HA,717,2281,0,1,0,2282,A
4-HA,718,2279,0,3,0,2282,A
4-HA,719,0,2,2309,0,2311,G
4-HA,720,0,5,2320,1,2326,G
4-HA,721,2295,1,0,0,2296,A
4-HA,722,2140,0,2,0,2142,A
4-HA,723,2,2134,0,0,2136,T
4-HA,724,2124,0,0,1,2125,A
4-HA,725,0,2117,0,1,2118,T
4-HA,726,4,0,1,2136,2141,C
4-HA,727,7,0,1,2134,2142,C
4-HA,728,3,0,0,2108,2111,C
4-HA,729,0,2092,0,1,2093,T
4-HA,730,2102,0,1,0,2103,A
4-HA,731,0,0,2107,0,2107,G
4-HA,732,2,1,0,2103,2106,C
4-HA,733,2046,0,0,0,2046,A
4-HA,734,1,5,2096,0,2102,G
4-HA,735,2058,0,0,0,2058,A
4-HA,736,2070,0,0,0,2070,A
4-HA,737,0,2067,0,0,2067,T
4-HA,738,2067,0,0,0,2067,A
4-HA,739,2068,1,2,0,2071,A
4-HA,740,5,1,2068,0,2074,G
4-HA,741,0,1,0,2073,2074,C
4-HA,742,2078,0,0,0,2078,A
4-HA,743,0,2029,0,1,2030,T
4-HA,744,3,46,0,2068,2117,C
4-HA,745,0,2115,0,1,2116,T
4-HA,746,2131,4,0,0,2135,A
4-HA,747,0,2125,0,0,2125,T
4-HA,748,1,2113,0,0,2114,T
4-HA,749,2,3,2123,0,2128,G
4-HA,750,2,5,2113,1,2121,G
4-HA,751,2122,0,3,0,2125,A
4-HA,752,1,3,7,2109,2120,C
4-HA,753,1959,1,0,0,1960,A
4-HA,754,2003,0,0,0,2003,A
4-HA,755,0,2092,0,2,2094,T
4-HA,756,2103,2,2,0,2107,A
4-HA,757,1,1,2127,0,2129,G
4-HA,758,0,2112,0,2,2114,T
4-HA,759,2116,0,0,0,2116,A
4-HA,760,2118,1,1,0,2120,A
4-HA,761,2142,0,0,0,2142,A
4-HA,762,2159,0,5,0,2164,A
4-HA,763,1,3,0,2177,2181,C
4-HA,764,1,5,0,2065,2071,C
4-HA,765,3,1,2059,0,2063,G
4-HA,766,1,1,2084,0,2086,G
4-HA,767,0,3,2103,0,2106,G
4-HA,768,2106,1,2,0,2109,A
4-HA,769,0,7,2117,0,2124,G
4-HA,770,2172,0,0,0,2172,A
4-HA,771,1,0,0,2175,2176,C
4-HA,772,2174,1,2,2,2179,A
4-HA,773,0,2183,0,0,2183,T
4-HA,774,2185,2,2,0,2189,A
4-HA,775,1,0,0,2224,2225,C
4-HA,776,0,2211,0,2,2213,T
4-HA,777,0,2232,1,0,2233,T
4-HA,778,0,2242,0,1,2243,T
4-HA,779,0,2231,0,0,2231,T
4-HA,780,1,7,2251,0,2259,G
4-HA,781,2264,0,1,2,2267,A
4-HA,782,0,2266,0,0,2266,T
4-HA,783,0,2325,0,2,2327,T
4-HA,784,2302,0,1,0,2303,A
4-HA,785,2315,1,0,0,2316,A
4-HA,786,0,0,0,2353,2353,C
4-HA,787,2346,1,0,0,2347,A
4-HA,788,0,1,2449,0,2450,G
4-HA,789,0,1,0,2444,2445,C
4-HA,790,2437,0,2,0,2439,A
4-HA,791,0,0,0,2451,2451,C
4-HA,792,2426,1,2,0,2429,A
4-HA,793,1,5,2461,0,2467,G
4-HA,794,1,3,2450,0,2454,G
4-HA,795,1,7,2542,0,2550,G
4-HA,796,2530,0,3,0,2533,A
4-HA,797,2563,0,5,0,2568,A
4-HA,798,0,2570,0,2,2572,T
4-HA,799,2,0,0,2578,2580,C
4-HA,800,0,2583,0,0,2583,T
4-HA,801,2608,0,0,0,2608,A
4-HA,802,2586,0,1,0,2587,A
4-HA,803,0,2580,0,0,2580,T
4-HA,804,0,2522,0,1,2523,T
4-HA,805,0,0,2551,0,2551,G
4-HA,806,0,0,0,2632,2632,C
4-HA,807,0,2713,1,2,2716,T
4-HA,808,13,0,0,2795,2808,C
4-HA,809,2,1,0,2809,2812,C
4-HA,810,0,2812,0,1,2813,T
4-HA,811,2824,0,1,0,2825,A
4-HA,812,0,5,2824,0,2829,G
4-HA,813,0,11,2847,0,2858,G
4-HA,814,0,3,2868,0,2871,G
4-HA,815,2,1,2836,0,2839,G
4-HA,816,1,2771,0,2,2774,T
4-HA,817,0,2750,0,0,2750,T
4-HA,818,2758,0,0,0,2758,A
4-HA,819,1,1,0,2807,2809,C
4-HA,820,1,2793,0,4,2798,T
4-HA,821,0,2817,1,1,2819,T
4-HA,822,3,1,0,2810,2814,C
4-HA,823,2809,0,0,0,2809,A
4-HA,824,2805,0,1,0,2806,A
4-HA,825,2822,1,0,0,2823,A
4-HA,826,2836,1,0,0,2837,A
4-HA,827,1,2842,1,1,2845,T
4-HA,828,2821,1,0,0,2822,A
4-HA,829,1,1,0,2818,2820,C
4-HA,830,0,10,2807,0,2817,G
4-HA,831,2815,1,4,0,2820,A
4-HA,832,2826,1,2,0,2829,A
4-HA,833,0,1,2853,0,2854,G
4-HA,834,0,2856,2,1,2859,T
4-HA,835,5,7,2870,0,2882,G
4-HA,836,1,6,2879,0,2886,G
4-HA,837,1,7,2890,0,2898,G
4-HA,838,2882,0,6,0,2888,A
4-HA,839,2896,0,1,0,2897,A
4-HA,840,2897,2,1,0,2900,A
4-HA,841,2889,0,2,0,2891,A
4-HA,842,1,0,2949,0,2950,G
4-HA,843,1,1,0,2937,2939,C
4-HA,844,0,2913,0,2,2915,T
4-HA,845,7,1,0,2949,2957,C
4-HA,846,2958,0,2,0,2960,A
4-HA,847,2995,0,0,1,2996,A
4-HA,848,0,3004,0,0,3004,T
4-HA,849,3045,0,0,0,3045,A
4-HA,850,3041,1,0,0,3042,A
4-HA,851,0,3004,0,1,3005,T
4-HA,852,1,16,2988,1,3006,G
4-HA,853,2992,2,4,1,2999,A
4-HA,854,1,6,3069,1,3077,G
4-HA,855,3066,0,4,0,3070,A
4-HA,856,0,3050,0,2,3052,T
4-HA,857,8,0,0,3099,3107,C
4-HA,858,3086,0,3,0,3089,A
4-HA,859,2,5,3155,0,3162,G
4-HA,860,3156,1,7,0,3164,A
4-HA,861,0,3149,0,3,3152,T
4-HA,862,0,1,3153,0,3154,G
4-HA,863,0,1,0,3111,3112,C
4-HA,864,3113,1,0,0,3114,A
4-HA,865,3,3,0,3198,3204,C
4-HA,866,5,1,0,3163,3169,C
4-HA,867,5,2,0,3169,3176,C
4-HA,868,3135,0,1,0,3136,A
4-HA,869,0,3128,0,2,3130,T
4-HA,870,1,3123,0,4,3128,T
4-HA,871,0,4,3165,0,3169,G
4-HA,872,1,2,3160,1,3164,G
4-HA,873,1,4,0,3165,3170,C
4-HA,874,3123,0,2,0,3125,A
4-HA,875,3121,0,1,0,3122,A
4-HA,876,3187,0,0,1,3188,A
4-HA,877,0,3186,0,0,3186,T
4-HA,878,3,5,3182,0,3190,G
4-HA,879,2,0,0,3191,3193,C
4-HA,880,3153,0,3,1,3157,A
4-HA,881,3228,0,1,1,3230,A
4-HA,882,0,3228,0,2,3230,T
4-HA,883,0,3263,0,1,3264,T
4-HA,884,5,0,0,3262,3267,C
4-HA,885,0,3211,0,2,3213,T
4-HA,886,2,4,3229,0,3235,G
4-HA,887,3232,0,0,0,3232,A
4-HA,888,3241,0,0,0,3241,A
4-HA,889,0,3244,0,0,3244,T
4-HA,890,0,2,3222,0,3224,G
4-HA,891,1,1,0,3239,3241,C
4-HA,892,3234,0,0,0,3234,A
4-HA,893,0,3226,0,1,3227,T
4-HA,894,3,0,2,3216,3221,C
4-HA,895,3222,0,2,1,3225,A
4-HA,896,3,0,0,3353,3356,C
4-HA,897,2,3336,0,6,3344,T
4-HA,898,5,0,3,3354,3362,C
4-HA,899,5,0,0,3345,3350,C
4-HA,900,3387,1,1,0,3389,A
4-HA,901,3390,0,0,0,3390,A
4-HA,902,3382,2,2,0,3386,A
4-HA,903,0,3271,0,0,3271,T
4-HA,904,0,9,3288,0,3297,G
4-HA,905,0,5,3303,0,3308,G
4-HA,906,3314,1,0,0,3315,A
4-HA,907,3305,0,5,0,3310,A
4-HA,908,2,1,3312,0,3315,G
4-HA,909,0,1,0,3295,3296,C
4-HA,910,3297,1,0,0,3298,A
4-HA,911,0,3306,0,0,3306,T
4-HA,912,0,3297,0,5,3302,T
4-HA,913,4,3,0,3414,3421,C
4-HA,914,8,0,0,3402,3410,C
4-HA,915,9,0,0,3406,3415,C
4-HA,916,3407,1,2,0,3410,A
4-HA,917,3456,0,2,1,3459,A
4-HA,918,0,3489,0,1,3490,T
4-HA,919,0,10,3486,0,3496,G
4-HA,920,3477,0,15,0,3492,A
4-HA,921,1,0,0,3493,3494,C
4-HA,922,3415,0,2,0,3417,A
4-HA,923,3420,0,2,0,3422,A
4-HA,924,3422,0,2,0,3424,A
4-HA,925,2,1,0,3456,3459,C
4-HA,926,6,1,1,3421,3429,C
4-HA,927,3374,0,2,1,3377,A
4-HA,928,0,3381,0,3,3384,T
4-HA,929,0,3383,0,4,3387,T
4-HA,930,2,2,0,3390,3394,C
4-HA,931,0,2,0,3397,3399,C
4-HA,932,3384,1,1,0,3386,A
4-HA,933,3394,3,1,0,3398,A
4-HA,934,3392,0,1,0,3393,A
4-HA,935,3458,0,1,0,3459,A
4-HA,936,0,3458,0,0,3458,T
4-HA,937,46,2,3422,0,3470,G
4-HA,938,1,3469,0,1,3471,T
4-HA,939,3482,0,2,0,3484,A
4-HA,940,3474,0,2,2,3478,A
4-HA,941,3478,0,3,1,3482,A
4-HA,942,1,0,0,3491,3492,C
4-HA,943,3436,1,1,0,3438,A
4-HA,944,0,6,3460,0,3466,G
4-HA,945,0,6,3478,0,3484,G
4-HA,946,3558,0,5,0,3563,A
4-HA,947,1,3572,0,0,3573,T
4-HA,948,16,1,0,3585,3602,C
4-HA,949,3612,3,2,2,3619,A
4-HA,950,1,4,0,3764,3769,C
4-HA,951,3769,0,1,0,3770,A
4-HA,952,0,3873,0,0,3873,T
4-HA,953,3790,0,2,0,3792,A
4-HA,954,2,7,0,3758,3767,C
4-HA,955,3,6,3683,1,3693,G
4-HA,956,1,11,3696,0,3708,G
4-HA,957,1,8,3659,0,3668,G
4-HA,958,2,2,3672,0,3676,G
4-HA,959,1,2,0,3604,3607,C
4-HA,960,3,1,0,3595,3599,C
4-HA,961,0,3504,1,5,3510,T
4-HA,962,1,1,3831,0,3833,G
4-HA,963,0,3829,0,5,3834,T
4-HA,964,9,2,0,3841,3852,C
4-HA,965,9,1,0,3833,3843,C
4-HA,966,12,2,0,3836,3850,C
4-HA,967,3822,4,1,0,3827,A
4-HA,968,0,3,3854,0,3857,G
4-HA,969,3846,0,1,0,3847,A
4-HA,970,0,3850,0,1,3851,T
4-HA,971,3618,0,1,0,3619,A
4-HA,972,0,3565,0,0,3565,T
4-HA,973,2,0,3577,0,3579,G
4-HA,974,0,3571,1,2,3574,T
4-HA,975,0,3527,0,0,3527,T
4-HA,976,3557,0,1,1,3559,A
4-HA,977,3539,0,1,0,3540,A
4-HA,978,1,7,3578,0,3586,G
4-HA,979,4,1,0,3571,3576,C
4-HA,980,3520,1,0,0,3521,A
4-HA,981,3507,0,1,3,3511,A
4-HA,982,3495,0,1,0,3496,A
4-HA,983,3507,0,3,0,3510,A
4-HA,984,2,0,0,3513,3515,C
4-HA,985,3476,4,2,0,3482,A
4-HA,986,4,1,0,3518,3523,C
4-HA,987,0,3484,0,6,3490,T
4-HA,988,11,1,1,3489,3502,C
4-HA,989,0,3501,0,1,3502,T
4-HA,990,3,3,3525,1,3532,G
4-HA,991,3533,0,0,0,3533,A
4-HA,992,3522,0,0,3,3525,A
4-HA,993,3518,0,5,0,3523,A
4-HA,994,2,3506,0,0,3508,T
4-HA,995,0,3486,0,2,3488,T
4-HA,996,1,11,3522,0,3534,G
4-HA,997,5,3,3519,0,3527,G
4-HA,998,0,0,0,3534,3534,C
4-HA,999,3511,0,3,0,3514,A
4-HA,1000,3522,1,1,1,3525,A
4-HA,1001,4,2,0,3520,3526,C
4-HA,1002,3513,1,2,0,3516,A
4-HA,1003,0,5,3555,0,3560,G
4-HA,1004,3,7,3542,1,3553,G
4-HA,1005,10,7,3526,0,3543,G
4-HA,1006,3542,1,4,0,3547,A
4-HA,1007,0,3528,1,0,3529,T
4-HA,1008,6,1,3528,0,3535,G
4-HA,1009,1,2,1,3528,3532,C
4-HA,1010,2,6,3527,0,3535,G
4-HA,1011,3567,0,3,1,3571,A
4-HA,1012,3524,0,2,0,3526,A
4-HA,1013,3550,2,2,0,3554,A
4-HA,1014,0,3528,1,1,3530,T
4-HA,1015,6,3,3571,0,3580,G
4-HA,1016,1,3568,0,0,3569,T
4-HA,1017,3561,1,3,0,3565,A
4-HA,1018,2,0,0,3563,3565,C
4-HA,1019,12,1,1,3529,3543,C
4-HA,1020,3498,0,3,0,3501,A
4-HA,1021,0,7,3506,0,3513,G
4-HA,1022,3449,3,2,0,3454,A
4-HA,1023,3,4,3474,0,3481,G
4-HA,1024,3433,1,2,1,3437,A
4-HA,1025,3424,0,4,2,3430,A
4-HA,1026,3443,0,2,1,3446,A
4-HA,1027,1,0,0,3449,3450,C
4-HA,1028,3398,0,0,0,3398,A
4-HA,1029,3468,0,1,1,3470,A
4-HA,1030,3453,0,4,0,3457,A
4-HA,1031,0,0,0,3490,3490,C
4-HA,1032,1,3465,0,0,3466,T
4-HA,1033,3425,0,7,0,3432,A
4-HA,1034,0,5,3437,0,3442,G
4-HA,1035,3407,1,4,0,3412,A
4-HA,1036,0,5,3481,1,3487,G
4-HA,1037,0,1,3473,0,3474,G
4-HA,1038,1,2,0,3428,3431,C
4-HA,1039,3430,1,4,0,3435,A
4-HA,1040,0,3425,1,2,3428,T
4-HA,1041,3438,0,0,1,3439,A
4-HA,1042,0,3435,0,3,3438,T
4-HA,1043,1,3417,0,0,3418,T
4-HA,1044,0,3425,0,3,3428,T
4-HA,1045,1,5,3346,0,3352,G
4-HA,1046,2,2,3348,0,3352,G
4-HA,1047,3,3,0,3336,3342,C
4-HA,1048,0,2,3339,0,3341,G
4-HA,1049,3,1,0,3312,3316,C
4-HA,1050,3292,0,0,2,3294,A
4-HA,1051,3327,0,1,1,3329,A
4-HA,1052,1,3310,0,1,3312,T
4-HA,1053,9,1,0,3322,3332,C
4-HA,1054,3,1,3330,0,3334,G
4-HA,1055,2,4,1,3309,3316,C
4-HA,1056,1,6,3318,1,3326,G
4-HA,1057,4,0,3337,0,3341,G
4-HA,1058,0,1,3357,0,3358,G
4-HA,1059,0,3349,0,1,3350,T
4-HA,1060,1,3302,0,2,3305,T
4-HA,1061,0,3299,0,2,3301,T
4-HA,1062,6,1,0,3308,3315,C
4-HA,1063,3329,1,0,0,3330,A
4-HA,1064,2,3332,0,0,3334,T
4-HA,1065,3328,1,4,0,3333,A
4-HA,1066,0,4,3364,0,3368,G
4-HA,1067,3314,0,1,0,3315,A
4-HA,1068,3328,0,2,1,3331,A
4-HA,1069,3325,0,2,0,3327,A
4-HA,1070,3351,1,2,1,3355,A
4-HA,1071,0,3359,1,2,3362,T
4-HA,1072,1,3,3402,0,3406,G
4-HA,1073,0,2,3424,1,3427,G
4-HA,1074,0,3403,0,2,3405,T
4-HA,1075,3,3343,0,4,3350,T
4-HA,1076,1,7,3350,0,3358,G
4-HA,1077,0,4,3400,0,3404,G
4-HA,1078,2,7,3401,0,3410,G
4-HA,1079,3388,0,8,0,3396,A
4-HA,1080,1,3,3415,0,3419,G
4-HA,1081,0,7,3368,0,3375,G
4-HA,1082,2,3,3437,0,3442,G
4-HA,1083,3419,1,3,0,3423,A
4-HA,1084,3443,2,3,1,3449,A
4-HA,1085,0,3446,0,2,3448,T
4-HA,1086,0,2,3447,2,3451,G
4-HA,1087,1,2,3484,1,3488,G
4-HA,1088,0,3446,0,4,3450,T
4-HA,1089,1,8,3429,0,3438,G
4-HA,1090,0,4,3418,1,3423,G
4-HA,1091,3347,1,8,0,3356,A
4-HA,1092,0,3369,0,0,3369,T
4-HA,1093,2,8,3427,0,3437,G
4-HA,1094,1,2,3488,0,3491,G
4-HA,1095,1,3446,0,1,3448,T
4-HA,1096,0,3374,0,5,3379,T
4-HA,1097,0,9,3370,0,3379,G
4-HA,1098,0,0,3423,0,3423,G
4-HA,1099,0,3422,0,3,3425,T
4-HA,1100,3425,0,1,0,3426,A
4-HA,1101,0,3,0,3294,3297,C
4-HA,1102,3,7,3309,1,3320,G
4-HA,1103,1,0,3407,0,3408,G
4-HA,1104,1,3394,1,7,3403,T
4-HA,1105,0,3407,0,0,3407,T
4-HA,1106,0,3393,0,2,3395,T
4-HA,1107,10,0,0,3342,3352,C
4-HA,1108,3338,1,9,0,3348,A
4-HA,1109,1,6,3340,0,3347,G
4-HA,1110,3,2,3343,0,3348,G
4-HA,1111,2,1,0,3331,3334,C
4-HA,1112,3244,1,1,0,3246,A
4-HA,1113,0,3279,0,2,3281,T
4-HA,1114,1,0,0,3284,3285,C
4-HA,1115,3289,1,3,0,3293,A
4-HA,1116,3293,0,1,0,3294,A
4-HA,1117,3296,1,2,0,3299,A
4-HA,1118,3321,0,1,0,3322,A
4-HA,1119,0,3316,0,0,3316,T
4-HA,1120,0,3310,0,0,3310,T
4-HA,1121,3,1,0,3309,3313,C
4-HA,1122,0,3292,0,0,3292,T
4-HA,1123,1,2,3308,0,3311,G
4-HA,1124,3299,1,2,0,3302,A
4-HA,1125,5,5,3323,0,3333,G
4-HA,1126,0,8,3341,0,3349,G
4-HA,1127,5,3,3368,0,3376,G
4-HA,1128,3369,1,3,1,3374,A
4-HA,1129,3362,0,2,1,3365,A
4-HA,1130,1,92,3250,0,3343,G
4-HA,1131,3396,0,4,0,3400,A
4-HA,1132,2,3,3415,0,3420,G
4-HA,1133,0,5,3417,0,3422,G
4-HA,1134,3408,0,7,1,3416,A
4-HA,1135,0,1,0,3396,3397,C
4-HA,1136,3339,0,6,1,3346,A
4-HA,1137,3333,1,6,0,3340,A
4-HA,1138,2,1,3334,0,3337,G
4-HA,1139,1,2,0,3342,3345,C
4-HA,1140,3309,0,2,0,3311,A
4-HA,1141,0,0,3321,0,3321,G
4-HA,1142,0,0,0,3313,3313,C
4-HA,1143,3298,0,1,1,3300,A
4-HA,1144,0,6,3318,0,3324,G
4-HA,1145,3297,0,1,0,3298,A
4-HA,1146,1,3354,1,4,3360,T
4-HA,1147,6,0,0,3368,3374,C
4-HA,1148,1,3344,0,5,3350,T
4-HA,1149,12,0,0,3369,3381,C
4-HA,1150,3371,0,2,0,3373,A
4-HA,1151,3371,0,1,0,3372,A
4-HA,1152,3364,0,4,0,3368,A
4-HA,1153,3304,0,4,0,3308,A
4-HA,1154,0,2,3313,0,3315,G
4-HA,1155,0,0,0,3253,3253,C
4-HA,1156,3237,0,1,0,3238,A
4-HA,1157,2,1,0,3281,3284,C
4-HA,1158,1,3271,1,3,3276,T
4-HA,1159,12,1,0,3266,3279,C
4-HA,1160,3282,0,1,0,3283,A
4-HA,1161,3340,1,4,0,3345,A
4-HA,1162,1,0,3344,0,3345,G
4-HA,1163,5,0,0,3338,3343,C
4-HA,1164,3314,1,6,0,3321,A
4-HA,1165,4,0,3333,0,3337,G
4-HA,1166,3,5,0,3286,3294,C
4-HA,1167,3283,1,1,0,3285,A
4-HA,1168,3284,0,1,0,3285,A
4-HA,1169,0,3259,0,20,3279,T
4-HA,1170,11,1,0,3210,3222,C
4-HA,1171,2,8,3233,0,3243,G
4-HA,1172,3234,1,1,0,3236,A
4-HA,1173,0,3192,0,30,3222,T
4-HA,1174,7,0,1,3197,3205,C
4-HA,1175,3191,2,1,1,3195,A
4-HA,1176,3251,0,4,0,3255,A
4-HA,1177,3265,0,1,0,3266,A
4-HA,1178,1,3259,0,1,3261,T
4-HA,1179,19,1,0,3245,3265,C
4-HA,1180,3220,1,2,0,3223,A
4-HA,1181,3258,0,2,0,3260,A
4-HA,1182,0,3253,0,4,3257,T
4-HA,1183,2,3,3263,0,3268,G
4-HA,1184,4,7,3248,0,3259,G
4-HA,1185,2,4,3199,0,3205,G
4-HA,1186,3215,0,2,0,3217,A
4-HA,1187,3208,0,4,0,3212,A
4-HA,1188,2,0,3250,0,3252,G
4-HA,1189,5,0,0,3239,3244,C
4-HA,1190,1,3219,0,3,3223,T
4-HA,1191,3,4,3301,1,3309,G
4-HA,1192,3305,0,2,0,3307,A
4-HA,1193,3310,0,3,0,3313,A
4-HA,1194,2,3310,0,2,3314,T
4-HA,1195,3222,0,1,0,3223,A
4-HA,1196,0,7,3212,0,3219,G
4-HA,1197,2987,1,1,0,2989,A
4-HA,1198,0,2999,1,1,3001,T
4-HA,1199,0,3014,1,0,3015,T
4-HA,1200,1,10,3015,0,3026,G
4-HA,1201,3007,1,3,0,3011,A
4-HA,1202,0,3003,0,0,3003,T
4-HA,1203,8,1,0,2994,3003,C
4-HA,1204,2,8,2983,0,2993,G
4-HA,1205,2,1,2992,1,2996,G
4-HA,1206,6,3,2999,0,3008,G
4-HA,1207,2990,0,2,0,2992,A
4-HA,1208,2994,0,3,0,2997,A
4-HA,1209,2986,1,1,0,2988,A
4-HA,1210,2989,3,8,0,3000,A
4-HA,1211,1,0,0,2996,2997,C
4-HA,1212,5,0,0,2988,2993,C
4-HA,1213,2959,0,1,0,2960,A
4-HA,1214,2958,0,1,0,2959,A
4-HA,1215,0,0,0,2954,2954,C
4-HA,1216,0,7,2950,1,2958,G
4-HA,1217,2958,0,1,0,2959,A
4-HA,1218,0,2,2959,0,2961,G
4-HA,1219,2948,1,1,2,2952,A
4-HA,1220,2953,0,0,0,2953,A
4-HA,1221,2949,0,1,0,2950,A
4-HA,1222,0,2949,0,9,2958,T
4-HA,1223,1,2949,0,3,2953,T
4-HA,1224,9,1,0,2959,2969,C
4-HA,1225,5,0,0,2947,2952,C
4-HA,1226,2958,0,2,0,2960,A
4-HA,1227,0,2955,0,0,2955,T
4-HA,1228,2,0,0,2956,2958,C
4-HA,1229,2931,0,1,1,2933,A
4-HA,1230,0,5,2951,0,2956,G
4-HA,1231,2932,0,2,0,2934,A
4-HA,1232,0,2924,0,1,2925,T
4-HA,1233,1,2911,1,2,2915,T
4-HA,1234,1,8,2920,0,2929,G
4-HA,1235,2927,0,0,0,2927,A
4-HA,1236,2928,1,1,0,2930,A
4-HA,1237,2929,0,2,0,2931,A
4-HA,1238,2927,0,1,0,2928,A
4-HA,1239,2893,1,2,1,2897,A
4-HA,1240,0,8,2898,0,2906,G
4-HA,1241,2892,1,2,0,2895,A
4-HA,1242,2902,0,1,0,2903,A
4-HA,1243,0,2864,0,0,2864,T
4-HA,1244,0,2871,0,1,2872,T
4-HA,1245,3,0,0,2877,2880,C
4-HA,1246,1,2868,0,4,2873,T
4-HA,1247,8,1,0,2865,2874,C
4-HA,1248,2869,0,1,1,2871,A
4-HA,1249,0,3,2872,0,2875,G
4-HA,1250,2869,0,1,0,2870,A
4-HA,1251,2855,0,1,0,2856,A
4-HA,1252,0,0,2877,0,2877,G
4-HA,1253,1,2855,0,2,2858,T
4-HA,1254,9,1,0,2840,2850,C
4-HA,1255,1,0,2849,0,2850,G
4-HA,1256,2843,1,3,0,2847,A
4-HA,1257,2847,0,2,2,2851,A
4-HA,1258,0,5,2839,0,2844,G
4-HA,1259,1,5,2857,0,2863,G
4-HA,1260,0,9,2853,0,2862,G
4-HA,1261,2801,0,8,0,2809,A
4-HA,1262,1,4,2816,0,2821,G
4-HA,1263,2814,0,2,0,2816,A
4-HA,1264,2963,0,1,0,2964,A
4-HA,1265,2,2958,0,0,2960,T
4-HA,1266,0,2942,0,9,2951,T
4-HA,1267,7,2,0,2946,2955,C
4-HA,1268,2908,0,1,0,2909,A
4-HA,1269,0,4,2907,0,2911,G
4-HA,1270,0,8,2902,1,2911,G
4-HA,1271,2872,1,4,0,2877,A
4-HA,1272,1,4,0,2873,2878,C
4-HA,1273,9,1,0,2631,2641,C
4-HA,1274,1,2615,0,4,2620,T
4-HA,1275,0,2548,0,79,2627,T
4-HA,1276,1,6,2639,0,2646,G
4-HA,1277,2648,1,1,0,2650,A
4-HA,1278,0,2,2703,0,2705,G
4-HA,1279,2678,0,2,0,2680,A
4-HA,1280,2519,0,1,0,2520,A
4-HA,1281,2506,0,3,0,2509,A
4-HA,1282,0,2436,0,23,2459,T
4-HA,1283,2531,0,1,0,2532,A
4-HA,1284,0,2521,0,0,2521,T
4-HA,1285,0,1,2549,0,2550,G
4-HA,1286,2,2544,0,3,2549,T
4-HA,1287,0,2478,0,0,2478,T
4-HA,1288,2,4,2478,0,2484,G
4-HA,1289,2462,1,3,0,2466,A
4-HA,1290,1,4,2484,0,2489,G
4-HA,1291,0,3,2486,1,2490,G
4-HA,1292,2455,0,3,0,2458,A
4-HA,1293,0,0,0,2544,2544,C
4-HA,1294,2507,0,5,0,2512,A
4-HA,1295,0,1,0,2507,2508,C
4-HA,1296,0,2494,0,4,2498,T
4-HA,1297,2610,3,0,0,2613,A
4-HA,1298,2646,1,1,0,2648,A
4-HA,1299,2650,1,0,0,2651,A
4-HA,1300,2663,0,3,0,2666,A
4-HA,1301,0,2662,0,0,2662,T
4-HA,1302,2549,0,0,0,2549,A
4-HA,1303,0,4,2570,0,2574,G
4-HA,1304,2515,0,1,0,2516,A
4-HA,1305,0,2510,0,3,2513,T
4-HA,1306,2,0,0,2505,2507,C
4-HA,1307,2,2467,1,2,2472,T
4-HA,1308,5,0,1,2528,2534,C
4-HA,1309,0,2532,0,2,2534,T
4-HA,1310,10,4,2557,0,2571,G
4-HA,1311,2,1,2623,0,2626,G
4-HA,1312,2,2612,0,3,2617,T
4-HA,1313,14,3,0,2609,2626,C
4-HA,1314,2642,1,1,0,2644,A
4-HA,1315,0,2648,0,1,2649,T
4-HA,1316,2648,0,5,0,2653,A
4-HA,1317,2,1,0,2643,2646,C
4-HA,1318,2575,0,4,0,2579,A
4-HA,1319,2592,1,4,1,2598,A
4-HA,1320,11,1,0,2516,2528,C
4-HA,1321,1,1,2525,0,2527,G
4-HA,1322,1,3,0,2524,2528,C
4-HA,1323,1,4,2506,0,2511,G
4-HA,1324,0,7,2520,0,2527,G
4-HA,1325,2518,1,3,0,2522,A
4-HA,1326,0,2,2558,0,2560,G
4-HA,1327,0,0,0,2564,2564,C
4-HA,1328,1,2532,0,8,2541,T
4-HA,1329,0,2543,1,5,2549,T
4-HA,1330,1,1,0,2550,2552,C
4-HA,1331,1,2561,0,3,2565,T
4-HA,1332,0,2562,0,5,2567,T
4-HA,1333,0,0,2556,0,2556,G
4-HA,1334,0,2550,0,2,2552,T
4-HA,1335,0,2521,0,1,2522,T
4-HA,1336,1,2,2559,0,2562,G
4-HA,1337,0,2,2,2552,2556,C
4-HA,1338,4,1,0,2534,2539,C
4-HA,1339,7,3,2,2547,2559,C
4-HA,1340,1,2548,0,3,2552,T
4-HA,1341,0,1,2580,0,2581,G
4-HA,1342,1,3,2583,0,2587,G
4-HA,1343,2571,1,4,0,2576,A
4-HA,1344,0,4,2584,0,2588,G
4-HA,1345,2540,0,2,0,2542,A
4-HA,1346,2549,0,2,0,2551,A
4-HA,1347,2,1,0,2573,2576,C
4-HA,1348,8,1,0,2562,2571,C
4-HA,1349,2559,0,2,0,2561,A
4-HA,1350,2643,0,2,0,2645,A
4-HA,1351,0,1,0,2652,2653,C
4-HA,1352,2661,0,1,1,2663,A
4-HA,1353,0,2656,0,2,2658,T
4-HA,1354,2645,1,2,0,2648,A
4-HA,1355,2,0,0,2688,2690,C
4-HA,1356,2644,0,0,0,2644,A
4-HA,1357,2646,0,0,0,2646,A
4-HA,1358,0,2639,0,0,2639,T
4-HA,1359,0,2518,0,3,2521,T
4-HA,1360,0,3,2546,0,2549,G
4-HA,1361,2574,1,0,0,2575,A
4-HA,1362,0,2564,1,2,2567,T
4-HA,1363,10,0,0,2572,2582,C
4-HA,1364,1,2528,1,2,2532,T
4-HA,1365,2548,0,0,0,2548,A
4-HA,1366,2545,0,1,0,2546,A
4-HA,1367,2,0,0,2545,2547,C
4-HA,1368,0,2531,1,0,2532,T
4-HA,1369,0,8,2501,0,2509,G
4-HA,1370,2515,0,2,0,2517,A
4-HA,1371,1,0,0,2519,2520,C
4-HA,1372,0,2515,1,0,2516,T
4-HA,1373,8,1,1,2504,2514,C
4-HA,1374,2506,0,6,0,2512,A
4-HA,1375,0,5,2549,0,2554,G
4-HA,1376,2553,0,0,0,2553,A
4-HA,1377,2551,0,2,1,2554,A
4-HA,1378,2552,0,3,0,2555,A
4-HA,1379,0,2527,0,1,2528,T
4-HA,1380,1,4,2539,0,2544,G
4-HA,1381,2537,0,2,0,2539,A
4-HA,1382,2539,0,3,0,2542,A
4-HA,1383,1,0,0,2541,2542,C
4-HA,1384,2498,0,1,1,2500,A
4-HA,1385,2506,0,0,0,2506,A
4-HA,1386,2503,1,1,0,2505,A
4-HA,1387,1,1,0,2515,2517,C
4-HA,1388,1,2499,0,0,2500,T
4-HA,1389,8,1,2507,0,2516,G
4-HA,1390,1,2488,0,0,2489,T
4-HA,1391,0,2490,0,1,2491,T
4-HA,1392,1,2490,0,2,2493,T
4-HA,1393,0,7,2491,0,2498,G
4-HA,1394,2488,0,3,1,2492,A
4-HA,1395,2495,0,1,0,2496,A
4-HA,1396,2484,0,2,0,2486,A
4-HA,1397,2491,0,0,1,2492,A
4-HA,1398,2477,0,0,0,2477,A
4-HA,1399,2480,1,0,2,2483,A
4-HA,1400,1,1,0,2496,2498,C
4-HA,1401,2492,0,1,0,2493,A
4-HA,1402,2493,0,0,0,2493,A
4-HA,1403,2488,1,1,1,2491,A
4-HA,1404,0,3,2507,0,2510,G
4-HA,1405,2508,2,3,0,2513,A
4-HA,1406,2506,0,2,1,2509,A
4-HA,1407,0,1,2506,0,2507,G
4-HA,1408,1,0,0,2503,2504,C
4-HA,1409,2505,0,0,0,2505,A
4-HA,1410,2512,0,5,1,2518,A
4-HA,1411,1,1,0,2518,2520,C
4-HA,1412,1,2508,0,2,2511,T
4-HA,1413,0,3,2517,0,2520,G
4-HA,1414,2501,0,2,0,2503,A
4-HA,1415,1,8,2516,0,2525,G
4-HA,1416,32,10,2492,0,2534,G
4-HA,1417,2,5,2515,0,2522,G
4-HA,1418,2526,1,2,1,2530,A
4-HA,1419,2519,0,3,0,2522,A
4-HA,1420,2510,0,1,0,2511,A
4-HA,1421,2529,1,2,0,2532,A
4-HA,1422,0,2522,1,0,2523,T
4-HA,1423,1,3,2525,1,2530,G
4-HA,1424,0,0,0,2535,2535,C
4-HA,1425,0,2511,1,1,2513,T
4-HA,1426,2,2,2512,1,2517,G
4-HA,1427,2514,0,2,1,2517,A
4-HA,1428,0,2,2602,1,2605,G
4-HA,1429,0,2,2626,0,2628,G
4-HA,1430,2594,1,2,0,2597,A
4-HA,1431,0,2586,0,0,2586,T
4-HA,1432,2563,0,2,0,2565,A
4-HA,1433,0,2549,0,4,2553,T
4-HA,1434,3,8,2569,1,2581,G
4-HA,1435,2,3,2584,0,2589,G
4-HA,1436,1,0,2583,0,2584,G
4-HA,1437,1,0,0,2482,2483,C
4-HA,1438,2409,0,2,0,2411,A
4-HA,1439,2413,0,1,0,2414,A
4-HA,1440,1,2401,0,0,2402,T
4-HA,1441,2,5,2400,1,2408,G
4-HA,1442,0,1,2409,0,2410,G
4-HA,1443,1,2365,0,7,2373,T
4-HA,1444,0,2322,0,0,2322,T
4-HA,1445,1,0,2328,0,2329,G
4-HA,1446,0,2328,0,4,2332,T
4-HA,1447,1,2328,0,5,2334,T
4-HA,1448,1,2336,0,0,2337,T
4-HA,1449,6,0,1,2333,2340,C
4-HA,1450,2327,1,1,0,2329,A
4-HA,1451,2336,1,2,0,2339,A
4-HA,1452,2331,0,1,1,2333,A
4-HA,1453,2359,0,1,0,2360,A
4-HA,1454,0,2354,0,0,2354,T
4-HA,1455,2327,0,0,0,2327,A
4-HA,1456,2,2329,0,2,2333,T
4-HA,1457,2326,1,2,0,2329,A
4-HA,1458,0,0,0,2354,2354,C
4-HA,1459,7,1,0,2339,2347,C
4-HA,1460,2344,0,1,0,2345,A
4-HA,1461,1,0,0,2358,2359,C
4-HA,1462,2335,1,9,0,2345,A
4-HA,1463,2351,0,0,0,2351,A
4-HA,1464,2358,0,0,0,2358,A
4-HA,1465,1,2346,1,0,2348,T
4-HA,1466,0,1,2350,0,2351,G
4-HA,1467,0,2329,0,0,2329,T
4-HA,1468,1,8,2327,0,2336,G
4-HA,1469,2340,0,4,1,2345,A
4-HA,1470,0,1,0,2343,2344,C
4-HA,1471,2310,0,0,0,2310,A
4-HA,1472,2304,0,1,0,2305,A
4-HA,1473,0,2316,0,0,2316,T
4-HA,1474,9,0,2313,0,2322,G
4-HA,1475,3,0,0,2302,2305,C
4-HA,1476,5,2,0,2305,2312,C
4-HA,1477,0,2275,0,3,2278,T
4-HA,1478,0,0,2358,0,2358,G
4-HA,1479,0,0,0,2364,2364,C
4-HA,1480,2369,1,0,0,2370,A
4-HA,1481,0,2366,0,0,2366,T
4-HA,1482,2287,1,1,2,2291,A
4-HA,1483,1,2,2283,0,2286,G
4-HA,1484,1,5,2274,0,2280,G
4-HA,1485,2266,1,2,1,2270,A
4-HA,1486,0,2253,0,2,2255,T
4-HA,1487,5,1,0,2174,2180,C
4-HA,1488,2177,0,0,1,2178,A
4-HA,1489,2182,0,0,0,2182,A
4-HA,1490,0,2176,0,2,2178,T
4-HA,1491,9,1,1,2172,2183,C
4-HA,1492,2140,0,1,0,2141,A
4-HA,1493,0,2,2144,0,2146,G
4-HA,1494,2151,1,1,0,2153,A
4-HA,1495,2153,1,2,0,2156,A
4-HA,1496,2151,0,0,1,2152,A
4-HA,1497,0,2143,0,1,2144,T
4-HA,1498,0,4,2131,0,2135,G
4-HA,1499,0,10,2130,0,2140,G
4-HA,1500,2132,0,0,1,2133,A
4-HA,1501,2142,0,0,0,2142,A
4-HA,1502,1,0,0,2135,2136,C
4-HA,1503,0,2135,0,0,2135,T
4-HA,1504,1,2157,0,1,2159,T
4-HA,1505,2162,1,1,0,2164,A
4-HA,1506,1,2161,0,0,2162,T
4-HA,1507,14,9,2141,0,2164,G
4-HA,1508,2159,1,3,0,2163,A
4-HA,1509,0,0,1,2179,2180,C
4-HA,1510,4,0,0,2164,2168,C
4-HA,1511,2145,1,1,0,2147,A
4-HA,1512,0,0,0,2145,2145,C
4-HA,1513,0,2110,0,5,2115,T
4-HA,1514,2406,0,2,1,2409,A
4-HA,1515,1,2435,0,1,2437,T
4-HA,1516,0,1,2501,0,2502,G
4-HA,1517,0,2493,0,1,2494,T
4-HA,1518,2500,0,0,0,2500,A
4-HA,1519,0,2497,0,2,2499,T
4-HA,1520,2465,2,0,0,2467,A
4-HA,1521,0,1,0,2455,2456,C
4-HA,1522,2037,1,0,0,2038,A
4-HA,1523,0,5,2043,0,2048,G
4-HA,1524,1892,0,1,0,1893,A
4-HA,1525,0,4,1836,0,1840,G
4-HA,1526,1835,0,0,0,1835,A
4-HA,1527,1,1756,0,1,1758,T
4-HA,1528,0,1,1750,0,1751,G
4-HA,1529,1749,0,1,0,1750,A
4-HA,1530,1744,1,0,0,1745,A
4-HA,1531,1,1,1776,0,1778,G
4-HA,1532,2,1,0,1739,1742,C
4-HA,1533,1737,0,1,0,1738,A
4-HA,1534,0,1729,0,2,1731,T
4-HA,1535,0,1731,0,0,1731,T
4-HA,1536,1734,1,0,0,1735,A
4-HA,1537,1735,1,0,0,1736,A
4-HA,1538,1737,0,0,0,1737,A
4-HA,1539,1,1,0,1735,1737,C
4-HA,1540,1681,0,1,1,1683,A
4-HA,1541,1686,0,0,0,1686,A
4-HA,1542,2,0,0,1681,1683,C
4-HA,1543,2,0,0,1671,1673,C
4-HA,1544,2,2,1666,0,1670,G
4-HA,1545,0,1,1684,0,1685,G
4-HA,1546,0,1680,0,5,1685,T
4-HA,1547,0,1679,0,1,1680,T
4-HA,1548,0,1657,0,2,1659,T
4-HA,1549,4,1,0,1656,1661,C
4-HA,1550,1661,0,1,1,1663,A
4-HA,1551,0,0,1684,0,1684,G
4-HA,1552,1679,0,0,1,1680,A
4-HA,1553,1,1671,0,1,1673,T
4-HA,1554,6,0,0,1640,1646,C
4-HA,1555,1634,0,0,1,1635,A
4-HA,1556,1632,0,1,1,1634,A
4-HA,1557,0,5,1631,0,1636,G
4-HA,1558,0,0,1630,1,1631,G
4-HA,1559,1,1,1626,0,1628,G
4-HA,1560,1564,0,0,1,1565,A
4-HA,1561,6,0,1572,0,1578,G
4-HA,1562,1,1574,0,3,1578,T
4-HA,1563,0,1576,0,1,1577,T
4-HA,1564,0,6,1581,0,1587,G
4-HA,1565,1577,0,2,0,1579,A
4-HA,1566,0,0,1586,0,1586,G
4-HA,1567,0,0,0,1581,1581,C
4-HA,1568,1,1553,0,4,1558,T
4-HA,1569,1,4,1560,0,1565,G
4-HA,1570,1559,0,0,0,1559,A
4-HA,1571,1560,0,4,0,1564,A
4-HA,1572,0,0,1572,0,1572,G
4-HA,1573,0,1531,1,1,1533,T
4-HA,1574,4,0,0,1534,1538,C
4-HA,1575,1507,0,2,0,1509,A
4-HA,1576,0,1,1508,0,1509,G
4-HA,1577,0,4,1498,0,1502,G
4-HA,1578,2,1,1467,0,1470,G
4-HA,1579,0,1518,0,0,1518,T
4-HA,1580,1523,0,1,0,1524,A
4-HA,1581,2,0,0,1517,1519,C
4-HA,1582,1508,0,1,0,1509,A
4-HA,1583,1508,0,0,0,1508,A
4-HA,1584,1502,0,3,0,1505,A
4-HA,1585,0,1,1512,0,1513,G
4-HA,1586,1472,0,0,0,1472,A
4-HA,1587,1,1419,0,1,1421,T
4-HA,1588,1,1404,0,0,1405,T
4-HA,1589,1,0,1399,0,1400,G
4-HA,1590,0,1,1400,0,1401,G
4-HA,1591,1399,1,0,0,1400,A
4-HA,1592,1,1398,0,4,1403,T
4-HA,1593,2,0,1,1400,1403,C
4-HA,1594,3,0,0,1374,1377,C
4-HA,1595,1,1362,0,2,1365,T
4-HA,1596,1380,0,0,0,1380,A
4-HA,1597,0,1381,0,0,1381,T
4-HA,1598,0,3,1371,0,1374,G
4-HA,1599,0,0,1373,1,1374,G
4-HA,1600,1335,0,0,0,1335,A
4-HA,1601,1,1325,0,0,1326,T
4-HA,1602,0,1308,0,0,1308,T
4-HA,1603,1,1298,0,0,1299,T
4-HA,1604,5,0,0,1299,1304,C
4-HA,1605,1,0,0,1292,1293,C
4-HA,1606,0,1274,0,1,1275,T
4-HA,1607,1,1280,0,0,1281,T
4-HA,1608,0,1271,0,1,1272,T
4-HA,1609,0,1,1276,0,1277,G
4-HA,1610,2,0,0,1269,1271,C
4-HA,1611,4,1,1,1267,1273,C
4-HA,1612,1255,0,0,0,1255,A
4-HA,1613,0,1248,0,0,1248,T
4-HA,1614,1257,0,1,0,1258,A
4-HA,1615,0,1252,0,0,1252,T
4-HA,1616,1,0,0,1243,1244,C
4-HA,1617,1238,0,1,0,1239,A
4-HA,1618,0,1211,0,1,1212,T
4-HA,1619,0,1,1215,0,1216,G
4-HA,1620,0,1210,1,2,1213,T
4-HA,1621,0,1200,0,0,1200,T
4-HA,1622,0,1201,0,0,1201,T
4-HA,1623,0,1177,1,0,1178,T
4-HA,1624,0,1177,0,0,1177,T
4-HA,1625,0,1177,0,0,1177,T
4-HA,1626,0,0,1181,0,1181,G
4-HA,1627,0,0,0,1176,1176,C
4-HA,1628,0,1139,0,2,1141,T
4-HA,1629,0,1143,0,1,1144,T
4-HA,1630,0,1141,0,0,1141,T
4-HA,1631,0,2,1151,0,1153,G
4-HA,1632,0,1157,0,0,1157,T
4-HA,1633,0,0,1157,0,1157,G
4-HA,1634,0,1154,1,3,1158,T
4-HA,1635,0,1142,0,2,1144,T
4-HA,1636,0,0,1160,0,1160,G
4-HA,1637,0,0,0,1161,1161,C
4-HA,1638,0,1150,0,5,1155,T
4-HA,1639,0,1154,0,0,1154,T
4-HA,1640,0,1088,0,0,1088,T
4-HA,1641,0,6,1085,0,1091,G
4-HA,1642,0,1094,0,0,1094,T
4-HA,1643,0,1086,0,2,1088,T
4-HA,1644,1,1,1088,0,1090,G
4-HA,1645,0,0,1062,0,1062,G
4-HA,1646,0,0,1052,0,1052,G
4-HA,1647,1,2,1055,0,1058,G
4-HA,1648,0,1018,0,3,1021,T
4-HA,1649,0,1014,0,0,1014,T
4-HA,1650,4,0,0,996,1000,C
4-HA,1651,995,0,1,0,996,A
4-HA,1652,0,996,0,1,997,T
4-HA,1653,4,0,0,983,987,C
4-HA,1654,974,0,1,0,975,A
4-HA,1655,1,939,0,1,941,T
4-HA,1656,0,0,933,0,933,G
4-HA,1657,0,908,0,0,908,T
4-HA,1658,1,1,894,0,896,G
4-HA,1659,0,3,865,0,868,G
4-HA,1660,0,1,864,0,865,G
4-HA,1661,1,1,0,844,846,C
4-HA,1662,1,0,0,822,823,C
4-HA,1663,0,778,1,1,780,T
4-HA,1664,1,1,776,0,778,G
4-HA,1665,2,0,0,771,773,C
4-HA,1666,4,0,0,771,775,C
4-HA,1667,773,0,0,0,773,A
4-HA,1668,766,0,0,0,766,A
4-HA,1669,763,0,0,0,763,A
4-HA,1670,764,0,0,0,764,A
4-HA,1671,763,0,3,0,766,A
4-HA,1672,0,0,764,1,765,G
4-HA,1673,0,1,729,0,730,G
4-HA,1674,0,0,0,721,721,C
4-HA,1675,719,0,1,0,720,A
4-HA,1676,721,0,0,0,721,A
4-HA,1677,0,0,0,717,717,C
4-HA,1678,714,0,0,1,715,A
4-HA,1679,0,712,0,0,712,T
4-HA,1680,0,701,0,0,701,T
4-HA,1681,678,0,0,0,678,A
4-HA,1682,0,0,675,0,675,G
4-HA,1683,0,0,672,0,672,G
4-HA,1684,0,650,0,1,651,T
4-HA,1685,0,1,608,0,609,G
4-HA,1686,1,1,0,575,577,C
4-HA,1687,563,0,1,0,564,A
4-HA,1688,563,0,0,0,563,A
4-HA,1689,1,0,0,561,562,C
4-HA,1690,553,0,0,0,553,A
4-HA,1691,0,539,0,0,539,T
4-HA,1692,0,503,0,1,504,T
4-HA,1693,0,503,0,0,503,T
4-HA,1694,0,0,499,0,499,G
4-HA,1695,0,0,0,495,495,C
4-HA,1696,489,0,0,0,489,A
4-HA,1697,0,456,0,0,456,T
4-HA,1698,0,444,0,0,444,T
4-HA,1699,0,424,0,0,424,T
4-HA,1700,0,0,423,0,423,G
4-HA,1701,406,0,0,0,406,A
5-NP,1,808,0,0,0,808,A
5-NP,2,0,809,0,0,809,T
5-NP,3,0,0,810,0,810,G
5-NP,4,0,0,816,0,816,G
5-NP,5,1,0,0,823,824,C
5-NP,6,1,0,850,0,851,G
5-NP,7,0,895,0,2,897,T
5-NP,8,0,0,0,912,912,C
5-NP,9,1,1,0,925,927,C
5-NP,10,3,0,0,926,929,C
5-NP,11,926,0,2,0,928,A
5-NP,12,927,0,1,0,928,A
5-NP,13,17,2,916,0,935,G
5-NP,14,0,1,962,0,963,G
5-NP,15,0,0,0,965,965,C
5-NP,16,966,0,0,0,966,A
5-NP,17,0,0,0,974,974,C
5-NP,18,1,0,0,975,976,C
5-NP,19,987,0,1,0,988,A
5-NP,20,984,0,0,2,986,A
5-NP,21,988,0,0,0,988,A
5-NP,22,5,7,0,978,990,C
5-NP,23,0,3,988,0,991,G
5-NP,24,0,0,1091,0,1091,G
5-NP,25,0,1091,0,0,1091,T
5-NP,26,1,0,0,1179,1180,C
5-NP,27,0,1173,0,1,1174,T
5-NP,28,0,1191,0,0,1191,T
5-NP,29,1190,0,0,0,1190,A
5-NP,30,0,1190,0,0,1190,T
5-NP,31,0,8,1185,2,1195,G
5-NP,32,1198,0,0,0,1198,A
5-NP,33,1179,2,0,0,1181,A
5-NP,34,0,2,0,1187,1189,C
5-NP,35,1174,0,1,0,1175,A
5-NP,36,0,0,1278,0,1278,G
5-NP,37,1271,0,0,0,1271,A
5-NP,38,0,1277,0,0,1277,T
5-NP,39,1,4,1279,0,1284,G
5-NP,40,0,2,1291,0,1293,G
5-NP,41,1298,0,0,0,1298,A
5-NP,42,1298,0,1,0,1299,A
5-NP,43,1298,0,2,0,1300,A
5-NP,44,1,0,0,1347,1348,C
5-NP,45,0,1337,0,1,1338,T
5-NP,46,0,5,1355,0,1360,G
5-NP,47,1356,0,2,0,1358,A
5-NP,48,0,1356,0,0,1356,T
5-NP,49,1,3,1356,0,1360,G
5-NP,50,0,3,1368,0,1371,G
5-NP,51,0,5,1367,1,1373,G
5-NP,52,0,5,1369,0,1374,G
5-NP,53,1367,0,0,0,1367,A
5-NP,54,0,1369,0,1,1370,T
5-NP,55,2,0,0,1380,1382,C
5-NP,56,1,3,1384,0,1388,G
5-NP,57,2,0,0,1412,1414,C
5-NP,58,1,0,0,1407,1408,C
5-NP,59,1411,0,0,0,1411,A
5-NP,60,1,1,1421,0,1423,G
5-NP,61,1423,0,0,0,1423,A
5-NP,62,1449,0,0,0,1449,A
5-NP,63,0,1447,0,0,1447,T
5-NP,64,1,2,1446,0,1449,G
5-NP,65,2,1,1,1454,1458,C
5-NP,66,1452,1,0,0,1453,A
5-NP,67,1480,0,1,0,1481,A
5-NP,68,2,1,0,1475,1478,C
5-NP,69,1,1475,0,0,1476,T
5-NP,70,0,2,1485,0,1487,G
5-NP,71,1505,0,2,0,1507,A
5-NP,72,0,4,1592,0,1596,G
5-NP,73,1588,1,0,0,1589,A
5-NP,74,0,1588,0,1,1589,T
5-NP,75,0,1589,0,1,1590,T
5-NP,76,1584,0,1,0,1585,A
5-NP,77,0,4,1586,0,1590,G
5-NP,78,1,1,1594,0,1596,G
5-NP,79,1,1,1593,0,1595,G
5-NP,80,1,0,0,1579,1580,C
5-NP,81,1574,0,0,0,1574,A
5-NP,82,1,1618,0,0,1619,T
5-NP,83,1,0,0,1666,1667,C
5-NP,84,3,0,1,1667,1671,C
5-NP,85,0,0,1674,0,1674,G
5-NP,86,0,1669,0,1,1670,T
5-NP,87,1664,0,0,1,1665,A
5-NP,88,0,1,1713,0,1714,G
5-NP,89,1,1,1719,0,1721,G
5-NP,90,0,1,1740,0,1741,G
5-NP,91,1723,3,0,0,1726,A
5-NP,92,1701,0,2,0,1703,A
5-NP,93,0,1,1699,1,1701,G
5-NP,94,1692,0,0,0,1692,A
5-NP,95,0,1691,0,0,1691,T
5-NP,96,0,4,1707,0,1711,G
5-NP,97,1711,0,2,0,1713,A
5-NP,98,0,1709,0,0,1709,T
5-NP,99,2,1687,0,0,1689,T
5-NP,100,0,2,1688,0,1690,G
5-NP,101,1692,0,1,0,1693,A
5-NP,102,0,1690,0,0,1690,T
5-NP,103,0,0,1693,0,1693,G
5-NP,104,1,2,1741,0,1744,G
5-NP,105,1748,0,1,0,1749,A
5-NP,106,1754,0,0,0,1754,A
5-NP,107,1,1755,0,0,1756,T
5-NP,108,0,1755,0,0,1755,T
5-NP,109,0,5,1753,0,1758,G
5-NP,110,0,2,1757,0,1759,G
5-NP,111,0,5,1758,0,1763,G
5-NP,112,1760,0,1,0,1761,A
5-NP,113,0,6,1752,0,1758,G
5-NP,114,1750,2,0,0,1752,A
5-NP,115,0,1786,0,1,1787,T
5-NP,116,0,1784,0,2,1786,T
5-NP,117,1,0,1,1792,1794,C
5-NP,118,0,1793,0,1,1794,T
5-NP,119,1822,0,2,0,1824,A
5-NP,120,1,1,0,1824,1826,C
5-NP,121,1842,0,25,0,1867,A
5-NP,122,0,1882,0,1,1883,T
5-NP,123,3,0,0,1865,1868,C
5-NP,124,2,0,0,1872,1874,C
5-NP,125,1874,0,0,0,1874,A
5-NP,126,1903,0,0,0,1903,A
5-NP,127,1905,0,0,0,1905,A
5-NP,128,0,1911,0,0,1911,T
5-NP,129,0,0,1917,0,1917,G
5-NP,130,0,1899,0,1,1900,T
5-NP,131,1,3,1914,0,1918,G
5-NP,132,1,1,0,1917,1919,C
5-NP,133,1916,0,2,0,1918,A
5-NP,134,0,0,0,1919,1919,C
5-NP,135,0,1892,0,2,1894,T
5-NP,136,0,3,1979,0,1982,G
5-NP,137,2008,1,2,0,2011,A
5-NP,138,2041,0,1,1,2043,A
5-NP,139,0,0,0,2067,2067,C
5-NP,140,1,2051,1,2,2055,T
5-NP,141,0,2070,0,0,2070,T
5-NP,142,2069,0,0,0,2069,A
5-NP,143,2068,1,0,0,2069,A
5-NP,144,2071,0,0,0,2071,A
5-NP,145,0,0,0,2080,2080,C
5-NP,146,0,2015,0,0,2015,T
5-NP,147,10,1,0,2030,2041,C
5-NP,148,2033,1,0,1,2035,A
5-NP,149,0,1,2054,0,2055,G
5-NP,150,1,2052,0,1,2054,T
5-NP,151,0,9,2053,0,2062,G
5-NP,152,2092,0,1,0,2093,A
5-NP,153,0,2092,0,2,2094,T
5-NP,154,7,1,0,2115,2123,C
5-NP,155,2125,0,0,0,2125,A
5-NP,156,1,2115,0,0,2116,T
5-NP,157,0,5,2111,0,2116,G
5-NP,158,2104,0,6,0,2110,A
5-NP,159,2106,0,2,0,2108,A
5-NP,160,1,5,2104,0,2110,G
5-NP,161,2,2,2079,0,2083,G
5-NP,162,1,1,2087,0,2089,G
5-NP,163,0,2,0,2077,2079,C
5-NP,164,0,5,2093,0,2098,G
5-NP,165,1,1,2105,0,2107,G
5-NP,166,0,2107,0,0,2107,T
5-NP,167,1,2103,0,0,2104,T
5-NP,168,0,4,2108,1,2113,G
5-NP,169,2296,1,2,0,2299,A
5-NP,170,0,2292,0,1,2293,T
5-NP,171,5,0,1,2286,2292,C
5-NP,172,1,0,1,2298,2300,C
5-NP,173,2280,0,1,0,2281,A
5-NP,174,0,8,2281,0,2289,G
5-NP,175,2289,0,0,0,2289,A
5-NP,176,2287,0,4,0,2291,A
5-NP,177,0,0,1,2302,2303,C
5-NP,178,2203,0,2,0,2205,A
5-NP,179,0,0,2238,0,2238,G
5-NP,180,0,1,0,2232,2233,C
5-NP,181,0,2231,0,4,2235,T
5-NP,182,0,2254,0,1,2255,T
5-NP,183,0,5,2241,0,2246,G
5-NP,184,2268,0,0,1,2269,A
5-NP,185,0,0,0,2282,2282,C
5-NP,186,2248,1,3,1,2253,A
5-NP,187,2268,2,0,0,2270,A
5-NP,188,0,2260,0,0,2260,T
5-NP,189,2255,1,1,0,2257,A
5-NP,190,0,5,2261,0,2266,G
5-NP,191,2255,0,2,0,2257,A
5-NP,192,0,5,2276,0,2281,G
5-NP,193,2270,0,0,0,2270,A
5-NP,194,2297,0,0,0,2297,A
5-NP,195,2297,0,0,0,2297,A
5-NP,196,2353,0,1,0,2354,A
5-NP,197,0,2359,0,0,2359,T
5-NP,198,1,6,2352,0,2359,G
5-NP,199,0,0,2351,0,2351,G
5-NP,200,1,2343,0,2,2346,T
5-NP,201,2300,0,3,0,2303,A
5-NP,202,2,0,0,2327,2329,C
5-NP,203,1,2327,0,0,2328,T
5-NP,204,4,0,0,2363,2367,C
5-NP,205,0,2315,0,8,2323,T
5-NP,206,11,0,0,2333,2344,C
5-NP,207,0,2343,0,0,2343,T
5-NP,208,1,1,2364,0,2366,G
5-NP,209,0,0,0,2368,2368,C
5-NP,210,0,2353,0,3,2356,T
5-NP,211,0,2350,0,1,2351,T
5-NP,212,0,2341,1,2,2344,T
5-NP,213,0,2335,0,0,2335,T
5-NP,214,1,2,2334,0,2337,G
5-NP,215,2324,0,3,4,2331,A
5-NP,216,0,2334,0,0,2334,T
5-NP,217,2,3,2329,0,2334,G
5-NP,218,2318,1,1,0,2320,A
5-NP,219,2329,0,0,0,2329,A
5-NP,220,2333,0,0,0,2333,A
5-NP,221,0,3,2336,0,2339,G
5-NP,222,2335,0,4,0,2339,A
5-NP,223,2341,0,0,2,2343,A
5-NP,224,0,2,2358,0,2360,G
5-NP,225,0,5,2405,0,2410,G
5-NP,226,2418,0,4,0,2422,A
5-NP,227,2423,1,3,0,2427,A
5-NP,228,0,2426,0,1,2427,T
5-NP,229,2434,0,0,0,2434,A
5-NP,230,2429,0,0,0,2429,A
5-NP,231,2433,0,0,1,2434,A
5-NP,232,0,2437,0,1,2438,T
5-NP,233,2434,0,2,0,2436,A
5-NP,234,0,0,0,2431,2431,C
5-NP,235,5,1,0,2395,2401,C
5-NP,236,0,2396,0,0,2396,T
5-NP,237,3,2,2397,0,2402,G
5-NP,238,0,5,2414,0,2419,G
5-NP,239,2427,0,1,0,2428,A
5-NP,240,2418,2,0,0,2420,A
5-NP,241,1,5,2436,0,2442,G
5-NP,242,2430,1,2,0,2433,A
5-NP,243,2410,0,8,9,2427,A
5-NP,244,0,0,1,2427,2428,C
5-NP,245,2425,1,2,0,2428,A
5-NP,246,0,0,0,2476,2476,C
5-NP,247,6,0,0,2454,2460,C
5-NP,248,2,0,0,2450,2452,C
5-NP,249,4,1,0,2460,2465,C
5-NP,250,2441,0,3,0,2444,A
5-NP,251,0,1,2444,0,2445,G
5-NP,252,0,1,0,2439,2440,C
5-NP,253,1,1,2442,0,2444,G
5-NP,254,0,1,0,2440,2441,C
5-NP,255,1,2,2407,0,2410,G
5-NP,256,0,6,2419,1,2426,G
5-NP,257,0,4,2424,0,2428,G
5-NP,258,0,4,2438,1,2443,G
5-NP,259,2436,0,1,0,2437,A
5-NP,260,2433,0,0,0,2433,A
5-NP,261,2421,0,5,1,2427,A
5-NP,262,0,2,2440,0,2442,G
5-NP,263,2439,0,0,0,2439,A
5-NP,264,1,2419,0,2,2422,T
5-NP,265,4,1,0,2410,2415,C
5-NP,266,4,2,0,2402,2408,C
5-NP,267,2,2,1,2416,2421,C
5-NP,268,2426,0,1,0,2427,A
5-NP,269,2430,0,1,0,2431,A
5-NP,270,0,8,2433,0,2441,G
5-NP,271,2440,1,0,0,2441,A
5-NP,272,2436,0,1,0,2437,A
5-NP,273,2440,0,0,0,2440,A
5-NP,274,2445,0,1,0,2446,A
5-NP,275,0,0,1,2447,2448,C
5-NP,276,0,2431,0,0,2431,T
5-NP,277,2,4,2423,0,2429,G
5-NP,278,0,6,2419,1,2426,G
5-NP,279,2,2,2416,0,2420,G
5-NP,280,2,4,2417,0,2423,G
5-NP,281,1,1,2418,1,2421,G
5-NP,282,0,1,2446,0,2447,G
5-NP,283,5,0,0,2598,2603,C
5-NP,284,1,0,0,2609,2610,C
5-NP,285,10,0,1,2625,2636,C
5-NP,286,2897,0,1,0,2898,A
5-NP,287,0,2896,0,1,2897,T
5-NP,288,3032,0,1,0,3033,A
5-NP,289,1,3033,0,0,3034,T
5-NP,290,3004,0,0,0,3004,A
5-NP,291,2,1,0,3026,3029,C
5-NP,292,2803,1,6,1,2811,A
5-NP,293,0,7,2843,0,2850,G
5-NP,294,0,8,2837,0,2845,G
5-NP,295,2582,0,2,0,2584,A
5-NP,296,1,5,2592,0,2598,G
5-NP,297,2492,0,4,0,2496,A
5-NP,298,12,1,2510,0,2523,G
5-NP,299,0,2517,0,0,2517,T
5-NP,300,2493,1,0,0,2494,A
5-NP,301,0,2,2498,0,2500,G
5-NP,302,2470,0,2,0,2472,A
5-NP,303,0,2466,1,0,2467,T
5-NP,304,9,2,2455,0,2466,G
5-NP,305,0,3,2465,0,2468,G
5-NP,306,2462,0,1,0,2463,A
5-NP,307,2448,1,2,0,2451,A
5-NP,308,2447,0,0,0,2447,A
5-NP,309,2467,1,0,0,2468,A
5-NP,310,0,2455,0,0,2455,T
5-NP,311,1,4,2470,0,2475,G
5-NP,312,0,3,2477,0,2480,G
5-NP,313,2465,0,1,1,2467,A
5-NP,314,2,2456,0,0,2458,T
5-NP,315,2,3,2467,0,2472,G
5-NP,316,2467,0,2,0,2469,A
5-NP,317,0,4,2475,0,2479,G
5-NP,318,1,6,2470,0,2477,G
5-NP,319,3,7,2468,0,2478,G
5-NP,320,2493,2,1,0,2496,A
5-NP,321,2500,0,0,0,2500,A
5-NP,322,0,0,0,2529,2529,C
5-NP,323,0,2522,0,6,2528,T
5-NP,324,4,0,0,2572,2576,C
5-NP,325,0,0,2598,0,2598,G
5-NP,326,0,2611,0,4,2615,T
5-NP,327,8,0,0,2625,2633,C
5-NP,328,5,0,0,2833,2838,C
5-NP,329,0,2826,0,0,2826,T
5-NP,330,0,2839,0,2,2841,T
5-NP,331,0,2830,0,1,2831,T
5-NP,332,2843,1,1,0,2845,A
5-NP,333,0,2832,0,7,2839,T
5-NP,334,1,10,2828,0,2839,G
5-NP,335,2853,0,3,0,2856,A
5-NP,336,1,0,0,2862,2863,C
5-NP,337,2809,0,1,0,2810,A
5-NP,338,2813,0,0,0,2813,A
5-NP,339,2820,0,2,0,2822,A
5-NP,340,0,2,2941,0,2943,G
5-NP,341,2937,0,2,1,2940,A
5-NP,342,2943,1,0,0,2944,A
5-NP,343,0,4,3076,0,3080,G
5-NP,344,3088,1,4,0,3093,A
5-NP,345,3095,0,1,2,3098,A
5-NP,346,3093,1,2,0,3096,A
5-NP,347,0,3096,1,0,3097,T
5-NP,348,3092,0,1,0,3093,A
5-NP,349,3081,0,2,0,3083,A
5-NP,350,1,4,3105,0,3110,G
5-NP,351,1,0,3106,1,3108,G
5-NP,352,0,1,0,3089,3090,C
5-NP,353,0,4,3078,0,3082,G
5-NP,354,3091,0,2,0,3093,A
5-NP,355,3147,0,1,0,3148,A
5-NP,356,0,3147,0,1,3148,T
5-NP,357,0,0,0,3151,3151,C
5-NP,358,1,3149,0,3,3153,T
5-NP,359,0,4,3149,0,3153,G
5-NP,360,3,0,3156,0,3159,G
5-NP,361,0,2,0,3165,3167,C
5-NP,362,1,2,3164,0,3167,G
5-NP,363,2,0,0,3163,3165,C
5-NP,364,6,2,0,3146,3154,C
5-NP,365,3171,0,0,0,3171,A
5-NP,366,3221,1,0,0,3222,A
5-NP,367,0,1,3318,0,3319,G
5-NP,368,2,0,0,3321,3323,C
5-NP,369,4,1,0,3365,3370,C
5-NP,370,3367,0,3,0,3370,A
5-NP,371,3416,0,4,0,3420,A
5-NP,372,2,1,0,3457,3460,C
5-NP,373,3457,1,0,0,3458,A
5-NP,374,3529,0,0,1,3530,A
5-NP,375,0,3522,0,2,3524,T
5-NP,376,1,13,3561,0,3575,G
5-NP,377,0,1,3578,0,3579,G
5-NP,378,1,3547,0,0,3548,T
5-NP,379,3,5,3552,0,3560,G
5-NP,380,3540,0,5,0,3545,A
5-NP,381,2,2,3630,0,3634,G
5-NP,382,0,4,3629,1,3634,G
5-NP,383,3672,0,1,0,3673,A
5-NP,384,1,3951,1,2,3955,T
5-NP,385,4,3,3987,0,3994,G
5-NP,386,0,0,1,4010,4011,C
5-NP,387,0,4013,0,3,4016,T
5-NP,388,4030,1,2,0,4033,A
5-NP,389,4,0,1,4096,4101,C
5-NP,390,4047,1,0,0,4048,A
5-NP,391,0,4036,1,1,4038,T
5-NP,392,2,0,0,4019,4021,C
5-NP,393,0,3877,0,3,3880,T
5-NP,394,0,5,4035,0,4040,G
5-NP,395,1,1,4146,0,4148,G
5-NP,396,2,4140,0,4,4146,T
5-NP,397,12,0,0,4137,4149,C
5-NP,398,1,4119,1,1,4122,T
5-NP,399,4183,0,0,0,4183,A
5-NP,400,4184,1,2,0,4187,A
5-NP,401,4,0,0,4220,4224,C
5-NP,402,2,4213,1,3,4219,T
5-NP,403,8,1,1,4259,4269,C
5-NP,404,4245,2,0,1,4248,A
5-NP,405,2,1,0,4447,4450,C
5-NP,406,4441,0,4,0,4445,A
5-NP,407,1,4468,0,0,4469,T
5-NP,408,4426,0,0,0,4426,A
5-NP,409,4447,1,0,1,4449,A
5-NP,410,1,4452,0,1,4454,T
5-NP,411,2,13,4474,1,4490,G
5-NP,412,4463,3,0,0,4466,A
5-NP,413,1,4434,0,2,4437,T
5-NP,414,0,4373,0,0,4373,T
5-NP,415,2,4382,0,1,4385,T
5-NP,416,10,10,4343,0,4363,G
5-NP,417,4,1,4374,0,4379,G
5-NP,418,5,4,2,4370,4381,C
5-NP,419,4376,0,3,0,4379,A
5-NP,420,1,4372,0,2,4375,T
5-NP,421,1,4357,1,7,4366,T
5-NP,422,2,0,0,4369,4371,C
5-NP,423,9,4,0,4380,4393,C
5-NP,424,4470,1,0,0,4471,A
5-NP,425,4468,0,1,0,4469,A
5-NP,426,0,4467,0,0,4467,T
5-NP,427,0,4471,0,1,4472,T
5-NP,428,1,4460,0,0,4461,T
5-NP,429,1,12,4494,0,4507,G
5-NP,430,4501,1,2,0,4504,A
5-NP,431,4506,0,3,1,4510,A
5-NP,432,0,4531,0,1,4532,T
5-NP,433,0,10,4504,0,4514,G
5-NP,434,4685,1,9,0,4695,A
5-NP,435,0,4697,0,3,4700,T
5-NP,436,0,2,4722,0,4724,G
5-NP,437,4,10,0,4811,4825,C
5-NP,438,4792,0,17,0,4809,A
5-NP,439,5015,0,10,0,5025,A
5-NP,440,2,2,0,5025,5029,C
5-NP,441,5074,1,4,0,5079,A
5-NP,442,0,5179,0,1,5180,T
5-NP,443,5066,0,3,0,5069,A
5-NP,444,3,0,0,5161,5164,C
5-NP,445,8,1,1,5150,5160,C
5-NP,446,5059,2,4,0,5065,A
5-NP,447,0,4,5133,1,5138,G
5-NP,448,5028,3,1,0,5032,A
5-NP,449,1,5,5135,0,5141,G
5-NP,450,0,12,5101,0,5113,G
5-NP,451,5068,1,4,0,5073,A
5-NP,452,1,3,0,5098,5102,C
5-NP,453,5060,0,0,0,5060,A
5-NP,454,5045,2,8,0,5055,A
5-NP,455,0,12,5086,0,5098,G
5-NP,456,5043,0,11,1,5055,A
5-NP,457,2,1,5077,0,5080,G
5-NP,458,1,1,0,5075,5077,C
5-NP,459,3,5042,0,9,5054,T
5-NP,460,7,0,0,5082,5089,C
5-NP,461,0,5071,1,2,5074,T
5-NP,462,0,5098,0,1,5099,T
5-NP,463,1,4,5112,0,5117,G
5-NP,464,1,5098,0,3,5102,T
5-NP,465,1,5101,0,3,5105,T
5-NP,466,23,3,0,5060,5086,C
5-NP,467,2,23,5062,0,5087,G
5-NP,468,5181,2,0,0,5183,A
5-NP,469,5171,1,11,0,5183,A
5-NP,470,1,0,1,5204,5206,C
5-NP,471,2,5192,1,1,5196,T
5-NP,472,2,9,5276,0,5287,G
5-NP,473,1,10,5304,0,5315,G
5-NP,474,5313,2,2,0,5317,A
5-NP,475,5317,0,8,1,5326,A
5-NP,476,0,5317,0,0,5317,T
5-NP,477,2,9,5291,0,5302,G
5-NP,478,1,5,5308,0,5314,G
5-NP,479,5377,1,6,1,5385,A
5-NP,480,2,5414,0,0,5416,T
5-NP,481,11,3,0,5426,5440,C
5-NP,482,7,0,0,5426,5433,C
5-NP,483,7,2,1,5442,5452,C
5-NP,484,5465,1,2,0,5468,A
5-NP,485,0,28,5489,0,5517,G
5-NP,486,5512,0,1,0,5513,A
5-NP,487,5518,0,0,1,5519,A
5-NP,488,0,5458,0,1,5459,T
5-NP,489,0,1,5508,0,5509,G
5-NP,490,1,5461,0,3,5465,T
5-NP,491,1,2,5506,0,5509,G
5-NP,492,2,4,0,5501,5507,C
5-NP,493,0,5473,1,7,5481,T
5-NP,494,11,1,0,5742,5754,C
5-NP,495,2,5719,0,1,5722,T
5-NP,496,6,3,1,5911,5921,C
5-NP,497,3,5900,1,2,5906,T
5-NP,498,1,15,5918,0,5934,G
5-NP,499,5978,2,1,0,5981,A
5-NP,500,0,5966,1,1,5968,T
5-NP,501,2,5,5960,0,5967,G
5-NP,502,2,1,0,5959,5962,C
5-NP,503,5776,2,8,1,5787,A
5-NP,504,4,12,5903,0,5919,G
5-NP,505,2,14,5813,0,5829,G
5-NP,506,0,2,5894,0,5896,G
5-NP,507,2,3,0,5879,5884,C
5-NP,508,0,5866,1,2,5869,T
5-NP,509,11,4,1,5873,5889,C
5-NP,510,3,13,5880,0,5896,G
5-NP,511,5957,3,8,2,5970,A
5-NP,512,1,1,0,5975,5977,C
5-NP,513,0,5900,0,8,5908,T
5-NP,514,15,0,0,6154,6169,C
5-NP,515,0,6135,1,0,6136,T
5-NP,516,19,4,0,6850,6873,C
5-NP,517,17,2,0,6856,6875,C
5-NP,518,11,2,1,6867,6881,C
5-NP,519,0,6882,0,1,6883,T
5-NP,520,6839,2,3,1,6845,A
5-NP,521,2,4,6835,1,6842,G
5-NP,522,6817,4,3,1,6825,A
5-NP,523,6668,0,2,0,6670,A
5-NP,524,0,11,6674,0,6685,G
5-NP,525,0,5,6588,0,6593,G
5-NP,526,0,6490,0,3,6493,T
5-NP,527,9,1,1,6476,6487,C
5-NP,528,12,3,0,6484,6499,C
5-NP,529,4,12,6477,1,6494,G
5-NP,530,1,9,6522,0,6532,G
5-NP,531,6519,0,1,4,6524,A
5-NP,532,1,1,6591,0,6593,G
5-NP,533,3,0,0,6592,6595,C
5-NP,534,0,6531,0,9,6540,T
5-NP,535,0,0,6564,0,6564,G
5-NP,536,1,4,1,6569,6575,C
5-NP,537,6555,1,10,3,6569,A
5-NP,538,1,7,6589,0,6597,G
5-NP,539,9,6,6597,1,6613,G
5-NP,540,0,6600,1,4,6605,T
5-NP,541,14,5,6564,0,6583,G
5-NP,542,0,2,0,6598,6600,C
5-NP,543,1,6576,2,8,6587,T
5-NP,544,1,1,6608,0,6610,G
5-NP,545,1,0,0,6600,6601,C
5-NP,546,6679,0,0,0,6679,A
5-NP,547,1,2,6796,0,6799,G
5-NP,548,1,6749,0,4,6754,T
5-NP,549,24,2,0,6749,6775,C
5-NP,550,6775,1,0,0,6776,A
5-NP,551,6783,1,4,0,6788,A
5-NP,552,6778,2,5,2,6787,A
5-NP,553,1,9,6800,0,6810,G
5-NP,554,2,12,6829,1,6844,G
5-NP,555,6826,1,5,2,6834,A
5-NP,556,6789,1,3,0,6793,A
5-NP,557,2,6793,0,1,6796,T
5-NP,558,12,4,0,6765,6781,C
5-NP,559,4,10,6777,0,6791,G
5-NP,560,4,8,6943,1,6956,G
5-NP,561,0,18,6957,0,6975,G
5-NP,562,6955,0,7,0,6962,A
5-NP,563,3,10,0,6962,6975,C
5-NP,564,6896,2,2,0,6900,A
5-NP,565,7081,1,2,0,7084,A
5-NP,566,1,7095,0,2,7098,T
5-NP,567,3,8,7125,0,7136,G
5-NP,568,1,6,7181,0,7188,G
5-NP,569,2,7065,1,0,7068,T
5-NP,570,2,13,7079,1,7095,G
5-NP,571,7076,1,7,0,7084,A
5-NP,572,0,7047,1,4,7052,T
5-NP,573,2,13,7048,1,7064,G
5-NP,574,0,19,7164,0,7183,G
5-NP,575,7160,2,5,1,7168,A
5-NP,576,7161,1,3,0,7165,A
5-NP,577,2,2,0,7137,7141,C
5-NP,578,1,7067,1,0,7069,T
5-NP,579,7047,0,4,0,7051,A
5-NP,580,7344,3,2,0,7349,A
5-NP,581,0,7358,0,0,7358,T
5-NP,582,20,0,0,7353,7373,C
5-NP,583,7200,0,3,0,7203,A
5-NP,584,1,18,7287,1,7307,G
5-NP,585,7290,2,3,0,7295,A
5-NP,586,7284,2,6,1,7293,A
5-NP,587,0,7301,0,1,7302,T
5-NP,588,2,14,7239,0,7255,G
5-NP,589,5,4,7339,0,7348,G
5-NP,590,3,7334,1,9,7347,T
5-NP,591,25,1,0,7339,7365,C
5-NP,592,7371,0,0,1,7372,A
5-NP,593,7365,0,1,0,7366,A
5-NP,594,7377,2,4,0,7383,A
5-NP,595,8,7,0,7379,7394,C
5-NP,596,6,27,7328,4,7365,G
5-NP,597,0,15,7362,0,7377,G
5-NP,598,0,15,7299,1,7315,G
5-NP,599,1,19,7333,0,7353,G
5-NP,600,3,24,7331,0,7358,G
5-NP,601,7365,2,10,0,7377,A
5-NP,602,2,7306,0,5,7313,T
5-NP,603,20,2,0,7293,7315,C
5-NP,604,7334,0,5,0,7339,A
5-NP,605,7333,1,7,1,7342,A
5-NP,606,0,3,0,7289,7292,C
5-NP,607,2,21,7231,1,7255,G
5-NP,608,7244,0,2,0,7246,A
5-NP,609,1,7222,0,3,7226,T
5-NP,610,10,3,1,7234,7248,C
5-NP,611,0,6,7243,1,7250,G
5-NP,612,7247,2,0,0,7249,A
5-NP,613,7241,1,2,0,7244,A
5-NP,614,7229,0,2,0,7231,A
5-NP,615,0,7301,2,0,7303,T
5-NP,616,2,7278,1,1,7282,T
5-NP,617,1,7269,1,3,7274,T
5-NP,618,0,7311,1,1,7313,T
5-NP,619,0,7332,0,1,7333,T
5-NP,620,2,15,7315,1,7333,G
5-NP,621,2,9,7326,1,7338,G
5-NP,622,7302,2,10,2,7316,A
5-NP,623,0,7,7345,0,7352,G
5-NP,624,7248,1,4,0,7253,A
5-NP,625,1,5,7529,1,7536,G
5-NP,626,2,4,7554,0,7560,G
5-NP,627,0,7548,0,7,7555,T
5-NP,628,0,25,7543,1,7569,G
5-NP,629,7546,2,17,0,7565,A
5-NP,630,0,13,7596,0,7609,G
5-NP,631,7603,1,5,0,7609,A
5-NP,632,7592,0,4,0,7596,A
5-NP,633,1,7588,0,0,7589,T
5-NP,634,2,14,7360,0,7376,G
5-NP,635,2,10,7317,0,7329,G
5-NP,636,7258,1,17,0,7276,A
5-NP,637,3,2,0,7310,7315,C
5-NP,638,1,13,7312,0,7326,G
5-NP,639,0,7,7422,0,7429,G
5-NP,640,7409,1,5,0,7415,A
5-NP,641,7421,0,3,0,7424,A
5-NP,642,7463,0,11,1,7475,A
5-NP,643,7485,1,3,5,7494,A
5-NP,644,2,1,1,7546,7550,C
5-NP,645,7545,0,3,1,7549,A
5-NP,646,7544,0,4,0,7548,A
5-NP,647,0,10,7536,1,7547,G
5-NP,648,7376,0,2,1,7379,A
5-NP,649,7408,0,2,0,7410,A
5-NP,650,2,6,7575,0,7583,G
5-NP,651,0,7564,0,4,7568,T
5-NP,652,1,5,7871,0,7877,G
5-NP,653,6,2,0,7842,7850,C
5-NP,654,1,7861,0,8,7870,T
5-NP,655,0,7894,1,2,7897,T
5-NP,656,7988,0,1,0,7989,A
5-NP,657,0,7991,0,3,7994,T
5-NP,658,0,17,8012,0,8029,G
5-NP,659,7881,3,12,0,7896,A
5-NP,660,1,15,7894,0,7910,G
5-NP,661,7572,0,8,1,7581,A
5-NP,662,0,15,7592,0,7607,G
5-NP,663,7590,0,2,0,7592,A
5-NP,664,7658,0,1,0,7659,A
5-NP,665,3,7582,1,2,7588,T
5-NP,666,1,2,7658,0,7661,G
5-NP,667,2,7615,0,12,7629,T
5-NP,668,4,2,7660,0,7666,G
5-NP,669,3,5,0,7632,7640,C
5-NP,670,7627,1,3,1,7632,A
5-NP,671,7640,1,11,0,7652,A
5-NP,672,5,1,0,7613,7619,C
5-NP,673,7590,1,0,0,7591,A
5-NP,674,0,7604,1,2,7607,T
5-NP,675,3,7556,0,8,7567,T
5-NP,676,15,0,0,7578,7593,C
5-NP,677,0,7572,0,4,7576,T
5-NP,678,2,7580,0,0,7582,T
5-NP,679,7572,2,2,0,7576,A
5-NP,680,7562,0,1,0,7563,A
5-NP,681,7555,0,14,0,7569,A
5-NP,682,0,8,7559,0,7567,G
5-NP,683,1,15,7542,0,7558,G
5-NP,684,7535,0,3,0,7538,A
5-NP,685,7508,2,2,1,7513,A
5-NP,686,7517,0,4,0,7521,A
5-NP,687,7594,4,2,2,7602,A
5-NP,688,2,7580,3,1,7586,T
5-NP,689,2,7596,0,2,7600,T
5-NP,690,3,7624,0,2,7629,T
5-NP,691,17,2,0,7612,7631,C
5-NP,692,7636,1,4,1,7642,A
5-NP,693,7624,0,5,1,7630,A
5-NP,694,7610,4,11,8,7633,A
5-NP,695,2,2,0,7714,7718,C
5-NP,696,6811,3,831,0,7645,A
5-NP,697,7,4,7771,0,7782,G
5-NP,698,5,11,0,7763,7779,C
5-NP,699,3,7785,0,5,7793,T
5-NP,700,5,6,7895,2,7908,G
5-NP,701,2,2,1,7889,7894,C
5-NP,702,7950,1,5,0,7956,A
5-NP,703,5,2,1,7955,7963,C
5-NP,704,7898,1,1,0,7900,A
5-NP,705,7912,1,5,1,7919,A
5-NP,706,7765,1,4,1,7771,A
5-NP,707,2,26,8001,0,8029,G
5-NP,708,8000,2,7,0,8009,A
5-NP,709,1,2,8060,0,8063,G
5-NP,710,2,2,0,8030,8034,C
5-NP,711,8034,1,2,0,8037,A
5-NP,712,8217,1,5,0,8223,A
5-NP,713,0,8227,2,5,8234,T
5-NP,714,1,19,8224,1,8245,G
5-NP,715,2,5,8276,0,8283,G
5-NP,716,0,8070,0,3,8073,T
5-NP,717,8,9,8028,1,8046,G
5-NP,718,0,16,8084,0,8100,G
5-NP,719,8089,2,8,0,8099,A
5-NP,720,2,8087,0,1,8090,T
5-NP,721,20,2,0,7867,7889,C
5-NP,722,7910,0,3,1,7914,A
5-NP,723,7982,0,4,0,7986,A
5-NP,724,11,5,7989,0,8005,G
5-NP,725,0,7947,0,2,7949,T
5-NP,726,1,21,7949,0,7971,G
5-NP,727,7805,1,9,0,7815,A
5-NP,728,3,21,7837,0,7861,G
5-NP,729,7820,1,10,0,7831,A
5-NP,730,0,17,7827,1,7845,G
5-NP,731,7786,1,3,2,7792,A
5-NP,732,7674,1,0,0,7675,A
5-NP,733,7687,2,11,2,7702,A
5-NP,734,4,1,7729,0,7734,G
5-NP,735,0,7709,0,1,7710,T
5-NP,736,19,2,0,7685,7706,C
5-NP,737,8,17,7653,0,7678,G
5-NP,738,2,10,7676,0,7688,G
5-NP,739,7690,1,3,0,7694,A
5-NP,740,7720,1,4,0,7725,A
5-NP,741,3,1,0,7739,7743,C
5-NP,742,20,2,0,7649,7671,C
5-NP,743,19,3,2,7680,7704,C
5-NP,744,7683,1,9,1,7694,A
5-NP,745,2,5,7721,0,7728,G
5-NP,746,1,9,7728,1,7739,G
5-NP,747,7701,2,1,0,7704,A
5-NP,748,7692,1,4,1,7698,A
5-NP,749,7674,1,8,0,7683,A
5-NP,750,3,4,0,7678,7685,C
5-NP,751,2,1,7672,0,7675,G
5-NP,752,4,8,0,7645,7657,C
5-NP,753,2,7631,0,5,7638,T
5-NP,754,2,17,7637,1,7657,G
5-NP,755,7629,1,5,0,7635,A
5-NP,756,0,16,7718,0,7734,G
5-NP,757,7741,1,4,0,7746,A
5-NP,758,3,7710,1,2,7716,T
5-NP,759,17,2,1,7638,7658,C
5-NP,760,5,9,7662,1,7677,G
5-NP,761,7676,0,2,0,7678,A
5-NP,762,7662,2,1,0,7665,A
5-NP,763,0,14,7670,1,7685,G
5-NP,764,7679,1,4,0,7684,A
5-NP,765,1,7613,0,4,7618,T
5-NP,766,17,1,0,7648,7666,C
5-NP,767,0,7653,2,9,7664,T
5-NP,768,20,1,0,7692,7713,C
5-NP,769,7721,3,1,0,7725,A
5-NP,770,1,7724,1,0,7726,T
5-NP,771,7750,0,1,0,7751,A
5-NP,772,2,7722,0,2,7726,T
5-NP,773,1,7684,1,0,7686,T
5-NP,774,1,7619,1,15,7636,T
5-NP,775,1,7495,1,85,7582,T
5-NP,776,0,7591,1,1,7593,T
5-NP,777,7598,2,0,0,7600,A
5-NP,778,1,4,7588,1,7594,G
5-NP,779,3,11,0,7576,7590,C
5-NP,780,7556,2,4,0,7562,A
5-NP,781,7532,2,1,2,7537,A
5-NP,782,1,17,7728,0,7746,G
5-NP,783,7732,3,0,1,7736,A
5-NP,784,0,7742,1,0,7743,T
5-NP,785,8,0,0,7790,7798,C
5-NP,786,0,7775,2,3,7780,T
5-NP,787,5,4,7947,0,7956,G
5-NP,788,3,0,1,7957,7961,C
5-NP,789,7975,0,4,0,7979,A
5-NP,790,2,8012,2,4,8020,T
5-NP,791,0,7771,0,3,7774,T
5-NP,792,1,9,8148,0,8158,G
5-NP,793,8276,0,4,1,8281,A
5-NP,794,2,8275,0,1,8278,T
5-NP,795,8284,0,4,0,8288,A
5-NP,796,0,8119,0,1,8120,T
5-NP,797,0,8060,0,0,8060,T
5-NP,798,4,16,8090,1,8111,G
5-NP,799,7995,5,14,1,8015,A
5-NP,800,1,10,8055,0,8066,G
5-NP,801,7611,2,13,1,7627,A
5-NP,802,0,14,7484,0,7498,G
5-NP,803,0,14,7569,0,7583,G
5-NP,804,7561,4,3,0,7568,A
5-NP,805,2,7539,0,3,7544,T
5-NP,806,16,0,0,7559,7575,C
5-NP,807,7500,1,3,0,7504,A
5-NP,808,0,3,7537,0,7540,G
5-NP,809,2,7502,0,3,7507,T
5-NP,810,1,7458,0,1,7460,T
5-NP,811,0,4,7462,0,7466,G
5-NP,812,2,2,0,7404,7408,C
5-NP,813,1,7379,0,6,7386,T
5-NP,814,38,2,0,7411,7451,C
5-NP,815,7452,3,2,0,7457,A
5-NP,816,3,4,1,7464,7472,C
5-NP,817,7440,1,1,0,7442,A
5-NP,818,7475,3,2,0,7480,A
5-NP,819,7502,0,1,1,7504,A
5-NP,820,0,7461,1,10,7472,T
5-NP,821,12,0,0,7463,7475,C
5-NP,822,0,7471,1,6,7478,T
5-NP,823,2,7441,0,2,7445,T
5-NP,824,3,2,7454,0,7459,G
5-NP,825,4,6,1,7434,7445,C
5-NP,826,20,3,0,7521,7544,C
5-NP,827,3,7495,2,6,7506,T
5-NP,828,7538,1,4,0,7543,A
5-NP,829,5,2,0,7531,7538,C
5-NP,830,17,1,0,7521,7539,C
5-NP,831,1,7511,2,6,7520,T
5-NP,832,0,1,7614,0,7615,G
5-NP,833,3,4,0,7575,7582,C
5-NP,834,8,1,1,7595,7605,C
5-NP,835,2,7454,0,17,7473,T
5-NP,836,3,1,7577,0,7581,G
5-NP,837,1,7527,1,4,7533,T
5-NP,838,2,1,7597,0,7600,G
5-NP,839,6,4,0,7606,7616,C
5-NP,840,4,2,7704,1,7711,G
5-NP,841,0,7571,0,7,7578,T
5-NP,842,7578,3,0,1,7582,A
5-NP,843,0,7583,0,3,7586,T
5-NP,844,3,22,7563,0,7588,G
5-NP,845,1,15,7794,0,7810,G
5-NP,846,7769,2,8,1,7780,A
5-NP,847,6,2,0,7650,7658,C
5-NP,848,8,2,0,7611,7621,C
5-NP,849,1,7497,1,11,7510,T
5-NP,850,2,3,7783,2,7790,G
5-NP,851,2,3,0,7776,7781,C
5-NP,852,7797,1,5,0,7803,A
5-NP,853,2,4,7923,0,7929,G
5-NP,854,1,7528,0,0,7529,T
5-NP,855,7791,1,3,0,7795,A
5-NP,856,1,7759,0,5,7765,T
5-NP,857,12,4,1,7707,7724,C
5-NP,858,6,2,0,7734,7742,C
5-NP,859,7333,0,5,0,7338,A
5-NP,860,2,4,7367,0,7373,G
5-NP,861,0,7344,0,1,7345,T
5-NP,862,6,15,7339,0,7360,G
5-NP,863,3,12,7318,1,7334,G
5-NP,864,1,6,7164,1,7172,G
5-NP,865,0,7148,1,2,7151,T
5-NP,866,7124,0,5,0,7129,A
5-NP,867,3,2,0,7127,7132,C
5-NP,868,3,26,7066,0,7095,G
5-NP,869,7057,3,4,0,7064,A
5-NP,870,3,0,0,7058,7061,C
5-NP,871,0,6866,1,1,6868,T
5-NP,872,2,6872,0,5,6879,T
5-NP,873,15,4,1,6832,6852,C
5-NP,874,4,11,6849,1,6865,G
5-NP,875,6864,0,4,0,6868,A
5-NP,876,6858,0,2,1,6861,A
5-NP,877,6875,2,1,0,6878,A
5-NP,878,6864,3,1,0,6868,A
5-NP,879,6836,2,10,2,6850,A
5-NP,880,0,13,6863,0,6876,G
5-NP,881,6829,2,16,1,6848,A
5-NP,882,2,18,6864,0,6884,G
5-NP,883,0,21,6907,1,6929,G
5-NP,884,1,9,6920,0,6930,G
5-NP,885,6952,2,6,0,6960,A
5-NP,886,2,6942,0,7,6951,T
5-NP,887,6977,0,1,0,6978,A
5-NP,888,1,6929,1,28,6959,T
5-NP,889,1,6953,0,4,6958,T
5-NP,890,13,0,0,6999,7012,C
5-NP,891,4,1,2,6941,6948,C
5-NP,892,2,6856,0,4,6862,T
5-NP,893,1,6853,0,1,6855,T
5-NP,894,1,10,6923,1,6935,G
5-NP,895,2,0,6970,0,6972,G
5-NP,896,2,6906,0,5,6913,T
5-NP,897,102,15,6774,0,6891,G
5-NP,898,1,9,6841,1,6852,G
5-NP,899,1,16,7096,0,7113,G
5-NP,900,7093,1,3,0,7097,A
5-NP,901,7098,1,4,0,7103,A
5-NP,902,0,7092,0,10,7102,T
5-NP,903,6915,0,8,1,6924,A
5-NP,904,1,12,6922,0,6935,G
5-NP,905,6858,3,10,0,6871,A
5-NP,906,4,1,0,6848,6853,C
5-NP,907,24,1,0,6766,6791,C
5-NP,908,19,4,0,6530,6553,C
5-NP,909,0,6572,1,10,6583,T
5-NP,910,3,6579,0,6,6588,T
5-NP,911,1,6594,0,2,6597,T
5-NP,912,12,0,0,6592,6604,C
5-NP,913,6569,0,3,1,6573,A
5-NP,914,6587,0,1,0,6588,A
5-NP,915,6563,1,4,0,6568,A
5-NP,916,2,0,1,6577,6580,C
5-NP,917,0,6392,1,1,6394,T
5-NP,918,6361,1,0,0,6362,A
5-NP,919,4,0,0,6420,6424,C
5-NP,920,0,6387,0,10,6397,T
5-NP,921,0,6383,0,4,6387,T
5-NP,922,10,1,0,6397,6408,C
5-NP,923,6388,0,2,0,6390,A
5-NP,924,6384,2,2,1,6389,A
5-NP,925,6364,1,4,1,6370,A
5-NP,926,6373,0,8,0,6381,A
5-NP,927,2,6324,0,0,6326,T
5-NP,928,6203,0,3,1,6207,A
5-NP,929,1,2,6288,0,6291,G
5-NP,930,1,2,0,6305,6308,C
5-NP,931,13,2,0,6365,6380,C
5-NP,932,6372,1,0,0,6373,A
5-NP,933,6392,1,1,0,6394,A
5-NP,934,6575,1,5,0,6581,A
5-NP,935,1,6585,0,0,6586,T
5-NP,936,6604,0,1,0,6605,A
5-NP,937,1,6602,0,3,6606,T
5-NP,938,6497,1,4,0,6502,A
5-NP,939,3,2,0,6506,6511,C
5-NP,940,6330,0,6,1,6337,A
5-NP,941,2,2,6446,0,6450,G
5-NP,942,1,0,0,6434,6435,C
5-NP,943,0,6206,2,10,6218,T
5-NP,944,2,6238,0,0,6240,T
5-NP,945,6266,1,0,0,6267,A
5-NP,946,6280,0,3,0,6283,A
5-NP,947,1,6274,0,0,6275,T
5-NP,948,21,0,0,6250,6271,C
5-NP,949,6035,1,10,0,6046,A
5-NP,950,1,9,6068,1,6079,G
5-NP,951,6072,0,4,0,6076,A
5-NP,952,4,0,0,6103,6107,C
5-NP,953,6,1,1,6040,6048,C
5-NP,954,0,5960,0,9,5969,T
5-NP,955,5998,0,1,0,5999,A
5-NP,956,5994,0,1,1,5996,A
5-NP,957,2,1,0,6022,6025,C
5-NP,958,2,11,6015,0,6028,G
5-NP,959,5894,0,2,0,5896,A
5-NP,960,1,5,5900,0,5906,G
5-NP,961,5839,0,4,0,5843,A
5-NP,962,5889,1,3,1,5894,A
5-NP,963,2,5869,1,1,5873,T
5-NP,964,12,2,3,5803,5820,C
5-NP,965,12,2,1,5806,5821,C
5-NP,966,5737,2,4,0,5743,A
5-NP,967,3,1,5767,0,5771,G
5-NP,968,2,3,0,5764,5769,C
5-NP,969,5798,0,2,0,5800,A
5-NP,970,3,1,0,5828,5832,C
5-NP,971,5723,2,7,0,5732,A
5-NP,972,2,3,0,5738,5743,C
5-NP,973,5728,0,1,0,5729,A
5-NP,974,5733,1,9,0,5743,A
5-NP,975,2,8,5749,0,5759,G
5-NP,976,5669,0,9,0,5678,A
5-NP,977,0,2,5710,1,5713,G
5-NP,978,1,5587,2,3,5593,T
5-NP,979,15,2,0,5548,5565,C
5-NP,980,5543,1,5,1,5550,A
5-NP,981,3,0,5533,0,5536,G
5-NP,982,2,2,0,5533,5537,C
5-NP,983,0,5487,0,1,5488,T
5-NP,984,1,2,5521,0,5524,G
5-NP,985,0,5,5534,1,5540,G
5-NP,986,0,5488,0,0,5488,T
5-NP,987,3,1,5520,1,5525,G
5-NP,988,1,5461,1,3,5466,T
5-NP,989,3,7,5443,1,5454,G
5-NP,990,0,2,5432,0,5434,G
5-NP,991,5389,3,8,1,5401,A
5-NP,992,0,5403,0,2,5405,T
5-NP,993,3,11,5136,0,5150,G
5-NP,994,8,0,5111,0,5119,G
5-NP,995,1,5,0,5091,5097,C
5-NP,996,5020,1,0,0,5021,A
5-NP,997,1,5011,3,5,5020,T
5-NP,998,2,2,4974,0,4978,G
5-NP,999,2,0,0,5017,5019,C
5-NP,1000,11,6,1,4985,5003,C
5-NP,1001,4993,0,2,0,4995,A
5-NP,1002,1,4969,0,3,4973,T
5-NP,1003,2,4890,0,2,4894,T
5-NP,1004,4,0,0,4892,4896,C
5-NP,1005,1,4787,0,4,4792,T
5-NP,1006,2,1,4781,0,4784,G
5-NP,1007,3,0,0,4780,4783,C
5-NP,1008,2,4548,1,5,4556,T
5-NP,1009,3,1,4563,1,4568,G
5-NP,1010,4,0,0,4440,4444,C
5-NP,1011,4445,1,2,0,4448,A
5-NP,1012,0,4446,0,1,4447,T
5-NP,1013,1,4392,0,3,4396,T
5-NP,1014,0,4393,0,3,4396,T
5-NP,1015,0,8,4380,0,4388,G
5-NP,1016,4389,1,2,0,4392,A
5-NP,1017,4389,0,2,0,4391,A
5-NP,1018,0,10,4392,1,4403,G
5-NP,1019,4374,0,2,0,4376,A
5-NP,1020,0,4348,0,1,4349,T
5-NP,1021,1,4343,0,1,4345,T
5-NP,1022,0,4345,0,0,4345,T
5-NP,1023,4348,0,1,0,4349,A
5-NP,1024,4354,1,0,0,4355,A
5-NP,1025,0,3,4351,0,4354,G
5-NP,1026,4343,1,5,0,4349,A
5-NP,1027,0,4318,0,4,4322,T
5-NP,1028,0,4246,0,0,4246,T
5-NP,1029,0,0,4278,0,4278,G
5-NP,1030,1,4256,0,5,4262,T
5-NP,1031,0,4258,1,4,4263,T
5-NP,1032,4270,0,1,0,4271,A
5-NP,1033,4259,0,2,0,4261,A
5-NP,1034,1,2,4274,0,4277,G
5-NP,1035,3,0,0,4271,4274,C
5-NP,1036,1,4180,1,4,4186,T
5-NP,1037,2,4182,1,3,4188,T
5-NP,1038,11,0,0,4178,4189,C
5-NP,1039,4184,4,2,0,4190,A
5-NP,1040,1,4179,1,3,4184,T
5-NP,1041,6,1,0,4179,4186,C
5-NP,1042,4102,4,1,0,4107,A
5-NP,1043,1,7,4101,0,4109,G
5-NP,1044,4039,0,5,0,4044,A
5-NP,1045,4,5,4041,0,4050,G
5-NP,1046,1,5,4028,1,4035,G
5-NP,1047,1,7,4004,0,4012,G
5-NP,1048,4004,1,10,0,4015,A
5-NP,1049,3,2,0,4012,4017,C
5-NP,1050,4008,0,2,0,4010,A
5-NP,1051,4015,0,1,0,4016,A
5-NP,1052,4009,2,2,0,4013,A
5-NP,1053,3993,0,20,0,4013,A
5-NP,1054,1,3,4023,0,4027,G
5-NP,1055,0,3900,0,2,3902,T
5-NP,1056,3814,0,63,0,3877,A
5-NP,1057,1,3861,0,5,3867,T
5-NP,1058,6,1,1,3851,3859,C
5-NP,1059,0,3826,0,1,3827,T
5-NP,1060,12,0,0,3817,3829,C
5-NP,1061,5,0,0,3791,3796,C
5-NP,1062,2,3752,0,1,3755,T
5-NP,1063,8,1,0,3729,3738,C
5-NP,1064,4,11,3715,0,3730,G
5-NP,1065,0,7,3729,1,3737,G
5-NP,1066,0,5,3727,0,3732,G
5-NP,1067,2,3,3725,0,3730,G
5-NP,1068,5,7,3711,0,3723,G
5-NP,1069,3656,0,0,0,3656,A
5-NP,1070,3660,2,1,0,3663,A
5-NP,1071,3668,0,2,0,3670,A
5-NP,1072,2,1,0,3685,3688,C
5-NP,1073,0,3663,0,1,3664,T
5-NP,1074,1,0,3680,0,3681,G
5-NP,1075,2,3651,0,5,3658,T
5-NP,1076,13,0,1,3641,3655,C
5-NP,1077,3687,0,3,0,3690,A
5-NP,1078,3696,1,2,0,3699,A
5-NP,1079,0,0,0,3710,3710,C
5-NP,1080,0,3696,0,2,3698,T
5-NP,1081,3629,0,0,0,3629,A
5-NP,1082,1,4,3632,0,3637,G
5-NP,1083,3567,0,3,0,3570,A
5-NP,1084,2,5,3566,0,3573,G
5-NP,1085,0,7,3556,0,3563,G
5-NP,1086,3358,2,2,0,3362,A
5-NP,1087,6,2,3384,1,3393,G
5-NP,1088,0,3344,0,3,3347,T
5-NP,1089,3344,0,6,0,3350,A
5-NP,1090,1,1,0,3346,3348,C
5-NP,1091,3303,0,1,0,3304,A
5-NP,1092,3303,0,2,0,3305,A
5-NP,1093,3264,0,4,0,3268,A
5-NP,1094,0,3225,0,2,3227,T
5-NP,1095,2,3189,0,1,3192,T
5-NP,1096,0,1,3096,0,3097,G
5-NP,1097,0,1,0,3051,3052,C
5-NP,1098,0,3034,1,6,3041,T
5-NP,1099,3,3030,0,1,3034,T
5-NP,1100,5,1,0,3028,3034,C
5-NP,1101,3039,0,1,0,3040,A
5-NP,1102,3040,0,0,0,3040,A
5-NP,1103,3039,0,4,0,3043,A
5-NP,1104,0,3046,1,2,3049,T
5-NP,1105,2,16,3021,1,3040,G
5-NP,1106,2981,0,2,0,2983,A
5-NP,1107,0,7,2980,0,2987,G
5-NP,1108,2987,1,3,0,2991,A
5-NP,1109,2979,1,1,0,2981,A
5-NP,1110,1,1,0,2983,2985,C
5-NP,1111,2941,0,0,0,2941,A
5-NP,1112,1,2940,0,2,2943,T
5-NP,1113,0,5,2940,2,2947,G
5-NP,1114,0,2,2956,0,2958,G
5-NP,1115,2950,1,2,0,2953,A
5-NP,1116,0,2903,0,0,2903,T
5-NP,1117,2859,0,2,0,2861,A
5-NP,1118,2954,1,1,0,2956,A
5-NP,1119,1,2904,0,0,2905,T
5-NP,1120,2878,1,0,0,2879,A
5-NP,1121,0,2860,0,1,2861,T
5-NP,1122,2,6,2630,1,2639,G
5-NP,1123,2,2,2568,0,2572,G
5-NP,1124,1,2,2558,1,2562,G
5-NP,1125,2534,0,1,0,2535,A
5-NP,1126,0,2530,0,2,2532,T
5-NP,1127,8,3,0,1911,1922,C
5-NP,1128,2,4,1912,0,1918,G
5-NP,1129,1914,0,2,0,1916,A
5-NP,1130,4,1,1906,0,1911,G
5-NP,1131,1,0,0,1901,1902,C
5-NP,1132,1866,0,0,1,1867,A
5-NP,1133,2,0,0,1915,1917,C
5-NP,1134,0,1870,0,7,1877,T
5-NP,1135,10,2,1,1876,1889,C
5-NP,1136,1,1877,0,3,1881,T
5-NP,1137,0,1842,0,3,1845,T
5-NP,1138,0,2,1846,0,1848,G
5-NP,1139,1833,0,2,1,1836,A
5-NP,1140,1838,0,0,0,1838,A
5-NP,1141,0,0,0,1834,1834,C
5-NP,1142,0,1300,0,0,1300,T
5-NP,1143,0,3,1302,0,1305,G
5-NP,1144,1245,0,2,0,1247,A
5-NP,1145,0,0,1248,0,1248,G
5-NP,1146,1242,1,0,0,1243,A
5-NP,1147,1221,0,0,0,1221,A
5-NP,1148,0,0,1222,0,1222,G
5-NP,1149,2,1,0,1173,1176,C
5-NP,1150,16,1,1151,0,1168,G
5-NP,1151,0,1,1165,1,1167,G
5-NP,1152,0,0,1134,0,1134,G
5-NP,1153,1,1116,0,0,1117,T
5-NP,1154,1074,0,1,0,1075,A
5-NP,1155,0,0,0,1076,1076,C
5-NP,1156,0,786,0,0,786,T
5-NP,1157,1,3,772,0,776,G
5-NP,1158,0,2,747,0,749,G
5-NP,1159,0,0,726,0,726,G
5-NP,1160,0,1,0,703,704,C
5-NP,1161,1,1,0,641,643,C
5-NP,1162,648,0,0,0,648,A
5-NP,1163,0,648,0,0,648,T
5-NP,1164,647,0,0,0,647,A
5-NP,1165,644,0,2,0,646,A
5-NP,1166,0,1,638,0,639,G
5-NP,1167,0,1,640,0,641,G
5-NP,1168,617,0,0,0,617,A
5-NP,1169,0,0,0,620,620,C
5-NP,1170,0,0,0,617,617,C
5-NP,1171,614,0,0,0,614,A
5-NP,1172,0,0,625,0,625,G
5-NP,1173,0,1,628,0,629,G
5-NP,1174,621,0,1,0,622,A
5-NP,1175,0,0,628,0,628,G
5-NP,1176,0,602,0,0,602,T
5-NP,1177,0,0,604,0,604,G
5-NP,1178,0,0,602,0,602,G
5-NP,1179,604,0,0,0,604,A
5-NP,1180,0,1,604,0,605,G
5-NP,1181,0,0,585,0,585,G
5-NP,1182,580,0,1,0,581,A
5-NP,1183,580,0,0,0,580,A
5-NP,1184,590,0,0,0,590,A
5-NP,1185,0,0,0,595,595,C
5-NP,1186,593,0,1,0,594,A
5-NP,1187,0,0,0,602,602,C
5-NP,1188,0,599,0,0,599,T
5-NP,1189,612,0,0,0,612,A
5-NP,1190,614,0,0,0,614,A
5-NP,1191,0,613,0,0,613,T
5-NP,1192,1,0,0,617,618,C
5-NP,1193,613,0,0,0,613,A
5-NP,1194,622,0,0,0,622,A
5-NP,1195,0,1,0,620,621,C
5-NP,1196,604,0,0,0,604,A
5-NP,1197,0,1,603,0,604,G
5-NP,1198,589,0,0,0,589,A
5-NP,1199,0,1,590,0,591,G
5-NP,1200,0,1,595,0,596,G
5-NP,1201,0,0,590,0,590,G
5-NP,1202,0,2,0,586,588,C
5-NP,1203,3,0,0,582,585,C
5-NP,1204,1,578,0,0,579,T
5-NP,1205,1,1,0,586,588,C
5-NP,1206,0,0,0,584,584,C
5-NP,1207,2,0,583,0,585,G
5-NP,1208,2,0,0,583,585,C
5-NP,1209,580,0,0,0,580,A
5-NP,1210,0,1,609,0,610,G
5-NP,1211,1,0,608,0,609,G
5-NP,1212,0,0,0,611,611,C
5-NP,1213,1,1,0,610,612,C
5-NP,1214,606,0,0,0,606,A
5-NP,1215,607,1,0,0,608,A
5-NP,1216,609,0,1,0,610,A
5-NP,1217,1,0,0,617,618,C
5-NP,1218,0,0,0,619,619,C
5-NP,1219,578,0,0,0,578,A
5-NP,1220,0,0,590,0,590,G
5-NP,1221,0,581,0,2,583,T
5-NP,1222,0,0,588,0,588,G
5-NP,1223,0,587,0,0,587,T
5-NP,1224,0,1,587,0,588,G
5-NP,1225,0,0,0,590,590,C
5-NP,1226,577,0,1,0,578,A
5-NP,1227,591,0,0,0,591,A
5-NP,1228,0,0,0,591,591,C
5-NP,1229,1,0,0,586,587,C
5-NP,1230,0,579,0,1,580,T
5-NP,1231,582,0,0,0,582,A
5-NP,1232,0,0,1,584,585,C
5-NP,1233,0,0,586,0,586,G
5-NP,1234,0,584,0,0,584,T
5-NP,1235,0,591,0,0,591,T
5-NP,1236,0,586,0,0,586,T
5-NP,1237,0,582,0,0,582,T
5-NP,1238,1,0,0,580,581,C
5-NP,1239,0,578,0,0,578,T
5-NP,1240,0,0,587,0,587,G
5-NP,1241,0,586,0,0,586,T
5-NP,1242,589,0,0,0,589,A
5-NP,1243,0,0,0,591,591,C
5-NP,1244,581,0,0,0,581,A
5-NP,1245,583,0,0,0,583,A
5-NP,1246,583,0,0,0,583,A
5-NP,1247,0,3,583,0,586,G
5-NP,1248,582,0,1,0,583,A
5-NP,1249,568,0,0,0,568,A
5-NP,1250,565,0,1,1,567,A
5-NP,1251,1,0,0,565,566,C
5-NP,1252,0,0,0,564,564,C
5-NP,1253,0,564,0,0,564,T
5-NP,1254,0,0,0,560,560,C
5-NP,1255,1,0,0,561,562,C
5-NP,1256,0,1,0,563,564,C
5-NP,1257,564,0,0,0,564,A
5-NP,1258,0,563,0,1,564,T
5-NP,1259,0,566,0,0,566,T
5-NP,1260,0,565,0,0,565,T
5-NP,1261,1,0,562,0,563,G
5-NP,1262,566,0,0,0,566,A
5-NP,1263,566,0,0,0,566,A
5-NP,1264,564,0,1,0,565,A
5-NP,1265,563,1,0,0,564,A
5-NP,1266,0,0,571,0,571,G
5-NP,1267,0,570,0,0,570,T
5-NP,1268,6,0,0,565,571,C
5-NP,1269,568,2,1,0,571,A
5-NP,1270,573,0,0,0,573,A
5-NP,1271,0,0,0,576,576,C
5-NP,1272,2,0,0,573,575,C
5-NP,1273,581,0,0,0,581,A
5-NP,1274,0,585,0,0,585,T
5-NP,1275,3,0,0,581,584,C
5-NP,1276,582,0,0,0,582,A
5-NP,1277,0,586,0,0,586,T
5-NP,1278,0,0,584,0,584,G
5-NP,1279,0,0,584,0,584,G
5-NP,1280,1,1,0,583,585,C
5-NP,1281,569,0,0,0,569,A
5-NP,1282,0,0,573,0,573,G
5-NP,1283,0,1,0,568,569,C
5-NP,1284,567,0,0,0,567,A
5-NP,1285,0,567,0,0,567,T
5-NP,1286,0,558,0,0,558,T
5-NP,1287,2,1,0,560,563,C
5-NP,1288,556,0,1,0,557,A
5-NP,1289,0,0,0,561,561,C
5-NP,1290,1,557,0,2,560,T
5-NP,1291,0,0,567,0,567,G
5-NP,1292,0,0,575,0,575,G
5-NP,1293,567,0,1,0,568,A
5-NP,1294,566,0,0,0,566,A
5-NP,1295,567,0,0,0,567,A
5-NP,1296,0,563,0,0,563,T
5-NP,1297,566,0,0,0,566,A
5-NP,1298,0,2,0,560,562,C
5-NP,1299,1,2,556,0,559,G
5-NP,1300,0,1,558,0,559,G
5-NP,1301,540,0,1,0,541,A
5-NP,1302,0,3,542,0,545,G
5-NP,1303,1,0,546,0,547,G
5-NP,1304,0,1,547,0,548,G
5-NP,1305,549,0,0,0,549,A
5-NP,1306,549,0,0,0,549,A
5-NP,1307,0,1,549,0,550,G
5-NP,1308,548,0,0,0,548,A
5-NP,1309,546,0,0,0,546,A
5-NP,1310,0,0,0,552,552,C
5-NP,1311,0,542,0,0,542,T
5-NP,1312,0,548,0,0,548,T
5-NP,1313,0,1,0,546,547,C
5-NP,1314,546,0,2,0,548,A
5-NP,1315,0,1,551,0,552,G
5-NP,1316,547,0,0,0,547,A
5-NP,1317,1,0,0,546,547,C
5-NP,1318,544,0,0,0,544,A
5-NP,1319,0,534,0,0,534,T
5-NP,1320,0,0,535,0,535,G
5-NP,1321,530,0,0,0,530,A
5-NP,1322,0,0,534,0,534,G
5-NP,1323,0,2,529,0,531,G
5-NP,1324,0,0,531,0,531,G
5-NP,1325,1,0,1,529,531,C
5-NP,1326,523,0,2,0,525,A
5-NP,1327,0,0,525,1,526,G
5-NP,1328,523,1,1,0,525,A
5-NP,1329,530,0,1,0,531,A
5-NP,1330,530,0,0,0,530,A
5-NP,1331,0,531,0,0,531,T
5-NP,1332,1,1,0,529,531,C
5-NP,1333,532,0,0,0,532,A
5-NP,1334,0,531,0,0,531,T
5-NP,1335,530,0,0,0,530,A
5-NP,1336,527,0,0,0,527,A
5-NP,1337,0,2,531,0,533,G
5-NP,1338,526,0,0,0,526,A
5-NP,1339,527,0,0,0,527,A
5-NP,1340,0,516,0,0,516,T
5-NP,1341,0,0,516,0,516,G
5-NP,1342,515,0,0,0,515,A
5-NP,1343,0,512,0,0,512,T
5-NP,1344,0,1,515,0,516,G
5-NP,1345,0,0,513,0,513,G
5-NP,1346,504,0,1,0,505,A
5-NP,1347,505,0,0,0,505,A
5-NP,1348,490,0,1,0,491,A
5-NP,1349,0,0,500,0,500,G
5-NP,1350,1,495,0,1,497,T
5-NP,1351,0,0,498,0,498,G
5-NP,1352,1,0,0,498,499,C
5-NP,1353,498,0,0,0,498,A
5-NP,1354,501,0,0,0,501,A
5-NP,1355,494,0,1,0,495,A
5-NP,1356,503,0,0,0,503,A
5-NP,1357,1,0,0,502,503,C
5-NP,1358,2,0,0,499,501,C
5-NP,1359,494,0,1,0,495,A
5-NP,1360,1,2,495,0,498,G
5-NP,1361,494,0,2,0,496,A
5-NP,1362,497,0,0,0,497,A
5-NP,1363,0,0,498,0,498,G
5-NP,1364,495,0,0,0,495,A
5-NP,1365,483,0,1,0,484,A
5-NP,1366,0,0,484,0,484,G
5-NP,1367,0,473,0,0,473,T
5-NP,1368,0,0,476,0,476,G
5-NP,1369,0,472,0,1,473,T
5-NP,1370,0,0,0,475,475,C
5-NP,1371,476,0,0,0,476,A
5-NP,1372,0,484,0,0,484,T
5-NP,1373,0,482,0,0,482,T
5-NP,1374,0,4,0,482,486,C
5-NP,1375,0,1,0,477,478,C
5-NP,1376,0,0,477,0,477,G
5-NP,1377,0,2,475,0,477,G
5-NP,1378,1,1,473,0,475,G
5-NP,1379,0,2,472,0,474,G
5-NP,1380,0,0,474,0,474,G
5-NP,1381,457,0,0,0,457,A
5-NP,1382,0,1,462,0,463,G
5-NP,1383,0,0,459,0,459,G
5-NP,1384,0,0,455,0,455,G
5-NP,1385,0,1,462,0,463,G
5-NP,1386,458,0,0,0,458,A
5-NP,1387,0,0,456,0,456,G
5-NP,1388,0,446,0,0,446,T
5-NP,1389,1,1,0,442,444,C
5-NP,1390,0,442,0,2,444,T
5-NP,1391,0,445,0,0,445,T
5-NP,1392,0,0,0,445,445,C
5-NP,1393,1,1,445,0,447,G
5-NP,1394,437,0,7,0,444,A
5-NP,1395,0,1,445,0,446,G
5-NP,1396,0,0,0,442,442,C
5-NP,1397,0,443,0,1,444,T
5-NP,1398,0,0,0,440,440,C
5-NP,1399,0,441,0,1,442,T
5-NP,1400,1,0,0,442,443,C
5-NP,1401,443,0,0,0,443,A
5-NP,1402,0,1,441,0,442,G
5-NP,1403,443,0,0,0,443,A
5-NP,1404,0,1,0,440,441,C
5-NP,1405,0,1,436,0,437,G
5-NP,1406,430,1,0,0,431,A
5-NP,1407,1,1,429,0,431,G
5-NP,1408,425,0,1,0,426,A
5-NP,1409,421,0,1,0,422,A
5-NP,1410,0,1,423,0,424,G
5-NP,1411,0,0,419,0,419,G
5-NP,1412,0,1,0,418,419,C
5-NP,1413,415,0,1,0,416,A
5-NP,1414,417,0,0,0,417,A
5-NP,1415,0,0,0,414,414,C
5-NP,1416,0,0,414,0,414,G
5-NP,1417,414,0,0,0,414,A
5-NP,1418,412,0,0,0,412,A
5-NP,1419,0,0,0,409,409,C
5-NP,1420,0,0,0,410,410,C
5-NP,1421,1,0,0,404,405,C
5-NP,1422,1,1,403,0,405,G
5-NP,1423,404,0,0,0,404,A
5-NP,1424,0,402,0,0,402,T
5-NP,1425,0,0,0,404,404,C
5-NP,1426,0,0,401,0,401,G
5-NP,1427,1,399,0,0,400,T
5-NP,1428,0,0,399,0,399,G
5-NP,1429,0,0,0,396,396,C
5-NP,1430,0,0,0,398,398,C
5-NP,1431,2,0,0,398,400,C
5-NP,1432,0,394,0,0,394,T
5-NP,1433,0,0,0,402,402,C
5-NP,1434,0,398,0,0,398,T
5-NP,1435,0,398,1,0,399,T
5-NP,1436,1,399,0,0,400,T
5-NP,1437,0,397,0,0,397,T
5-NP,1438,0,0,398,0,398,G
5-NP,1439,396,0,0,0,396,A
5-NP,1440,0,389,0,2,391,T
5-NP,1441,388,0,0,0,388,A
5-NP,1442,0,323,0,0,323,T
5-NP,1443,0,0,324,0,324,G
5-NP,1444,319,0,0,0,319,A
5-NP,1445,0,0,320,0,320,G
5-NP,1446,0,315,0,0,315,T
5-NP,1447,302,0,0,0,302,A
5-NP,1448,304,0,0,0,304,A
5-NP,1449,0,301,1,0,302,T
5-NP,1450,0,0,301,0,301,G
5-NP,1451,301,0,0,0,301,A
5-NP,1452,260,0,0,0,260,A
5-NP,1453,0,2,256,0,258,G
5-NP,1454,0,0,243,0,243,G
5-NP,1455,241,0,0,0,241,A
5-NP,1456,0,239,0,0,239,T
5-NP,1457,0,0,0,237,237,C
5-NP,1458,0,233,0,1,234,T
5-NP,1459,0,236,0,0,236,T
5-NP,1460,236,0,0,0,236,A
5-NP,1461,0,234,0,0,234,T
5-NP,1462,0,231,0,0,231,T
5-NP,1463,0,228,0,0,228,T
5-NP,1464,1,0,0,222,223,C
5-NP,1465,0,216,0,1,217,T
5-NP,1466,0,216,0,0,216,T
5-NP,1467,0,0,0,217,217,C
5-NP,1468,1,1,215,0,217,G
5-NP,1469,0,0,217,0,217,G
5-NP,1470,215,0,0,0,215,A
5-NP,1471,0,0,215,0,215,G
5-NP,1472,213,0,0,0,213,A
5-NP,1473,0,0,0,210,210,C
5-NP,1474,190,0,0,0,190,A
5-NP,1475,189,0,1,0,190,A
5-NP,1476,0,189,0,0,189,T
5-NP,1477,0,0,190,0,190,G
5-NP,1478,0,0,0,190,190,C
5-NP,1479,180,0,0,0,180,A
5-NP,1480,0,1,177,0,178,G
5-NP,1481,178,0,0,0,178,A
5-NP,1482,169,0,0,0,169,A
5-NP,1483,0,0,169,0,169,G
5-NP,1484,122,0,0,0,122,A
5-NP,1485,0,0,122,0,122,G
5-NP,1486,0,104,0,0,104,T
5-NP,1487,104,0,0,0,104,A
5-NP,1488,0,97,0,0,97,T
5-NP,1489,0,0,97,0,97,G
5-NP,1490,97,0,0,0,97,A
5-NP,1491,0,0,0,96,96,C
5-NP,1492,57,0,0,0,57,A
5-NP,1493,56,0,0,0,56,A
5-NP,1494,0,38,0,0,38,T
5-NP,1495,0,36,0,0,36,T
5-NP,1496,35,0,0,0,35,A
5-NP,1497,36,0,0,0,36,A
6-NA,1,5,0,0,0,5,A
6-NA,2,0,5,0,0,5,T
6-NA,3,0,0,5,0,5,G
6-NA,4,5,0,0,0,5,A
6-NA,5,5,0,0,0,5,A
6-NA,6,0,5,0,0,5,T
6-NA,7,0,0,0,5,5,C
6-NA,8,0,0,0,5,5,C
6-NA,9,5,0,0,0,5,A
6-NA,10,7,0,0,0,7,A
6-NA,11,7,0,0,0,7,A
6-NA,12,0,7,0,0,7,T
6-NA,13,0,0,0,7,7,C
6-NA,14,7,0,0,0,7,A
6-NA,15,7,0,0,0,7,A
6-NA,16,7,0,0,0,7,A
6-NA,17,8,0,0,0,8,A
6-NA,18,0,0,9,0,9,G
6-NA,19,9,0,0,0,9,A
6-NA,20,0,9,0,0,9,T
6-NA,21,9,0,0,0,9,A
6-NA,22,9,0,0,0,9,A
6-NA,23,0,9,0,0,9,T
6-NA,24,9,0,0,0,9,A
6-NA,25,9,0,0,0,9,A
6-NA,26,0,0,0,9,9,C
6-NA,27,0,9,0,0,9,T
6-NA,28,14,0,0,0,14,A
6-NA,29,0,14,0,0,14,T
6-NA,30,0,14,0,0,14,T
6-NA,31,0,0,14,0,14,G
6-NA,32,0,0,16,0,16,G
6-NA,33,0,0,0,17,17,C
6-NA,34,0,17,0,0,17,T
6-NA,35,0,0,0,17,17,C
6-NA,36,0,17,0,0,17,T
6-NA,37,0,0,19,0,19,G
6-NA,38,0,19,0,0,19,T
6-NA,39,0,19,0,0,19,T
6-NA,40,0,19,0,0,19,T
6-NA,41,0,0,0,18,18,C
6-NA,42,0,18,0,0,18,T
6-NA,43,0,0,0,18,18,C
6-NA,44,0,18,0,0,18,T
6-NA,45,0,0,0,19,19,C
6-NA,46,19,0,0,0,19,A
6-NA,47,0,0,0,21,21,C
6-NA,48,0,0,0,21,21,C
6-NA,49,21,0,0,0,21,A
6-NA,50,0,21,0,0,21,T
6-NA,51,0,23,0,0,23,T
6-NA,52,0,23,0,0,23,T
6-NA,53,0,0,0,27,27,C
6-NA,54,0,0,0,27,27,C
6-NA,55,27,0,0,0,27,A
6-NA,56,0,0,0,28,28,C
6-NA,57,28,0,0,0,28,A
6-NA,58,31,0,0,0,31,A
6-NA,59,0,31,0,0,31,T
6-NA,60,37,0,0,0,37,A
6-NA,61,0,38,0,0,38,T
6-NA,62,0,0,38,0,38,G
6-NA,63,0,0,0,38,38,C
6-NA,64,0,38,0,0,38,T
6-NA,65,0,39,0,0,39,T
6-NA,66,0,0,0,39,39,C
6-NA,67,0,39,0,0,39,T
6-NA,68,0,39,0,0,39,T
6-NA,69,0,0,0,39,39,C
6-NA,70,39,0,0,0,39,A
6-NA,71,0,39,0,0,39,T
6-NA,72,0,0,39,0,39,G
6-NA,73,0,0,0,39,39,C
6-NA,74,39,0,0,0,39,A
6-NA,75,39,0,0,0,39,A
6-NA,76,39,0,0,0,39,A
6-NA,77,0,39,0,0,39,T
6-NA,78,0,39,0,0,39,T
6-NA,79,0,0,38,0,38,G
6-NA,80,0,0,0,38,38,C
6-NA,81,0,0,0,39,39,C
6-NA,82,39,0,0,0,39,A
6-NA,83,0,39,0,0,39,T
6-NA,84,0,0,0,40,40,C
6-NA,85,0,40,0,0,40,T
6-NA,86,0,39,0,0,39,T
6-NA,87,0,0,41,0,41,G
6-NA,88,41,0,0,0,41,A
6-NA,89,0,40,0,0,40,T
6-NA,90,42,0,0,0,42,A
6-NA,91,42,0,0,0,42,A
6-NA,92,0,0,0,51,51,C
6-NA,93,0,50,0,0,50,T
6-NA,94,50,0,0,0,50,A
6-NA,95,0,0,0,50,50,C
6-NA,96,0,50,0,0,50,T
6-NA,97,0,0,51,0,51,G
6-NA,98,0,51,0,0,51,T
6-NA,99,50,0,0,0,50,A
6-NA,100,51,0,0,0,51,A
6-NA,101,0,0,0,51,51,C
6-NA,102,50,0,0,0,50,A
6-NA,103,0,51,0,0,51,T
6-NA,104,0,50,0,0,50,T
6-NA,105,0,0,52,0,52,G
6-NA,106,0,0,0,52,52,C
6-NA,107,53,0,0,0,53,A
6-NA,108,0,53,0,0,53,T
6-NA,109,0,53,0,0,53,T
6-NA,110,0,53,0,0,53,T
6-NA,111,0,0,0,53,53,C
6-NA,112,53,0,0,0,53,A
6-NA,113,53,0,0,0,53,A
6-NA,114,0,0,53,0,53,G
6-NA,115,0,0,0,53,53,C
6-NA,116,53,0,0,0,53,A
6-NA,117,54,0,0,0,54,A
6-NA,118,0,55,0,0,55,T
6-NA,119,55,0,0,0,55,A
6-NA,120,0,55,0,0,55,T
6-NA,121,0,0,56,0,56,G
6-NA,122,56,0,0,0,56,A
6-NA,123,58,0,0,0,58,A
6-NA,124,0,58,0,0,58,T
6-NA,125,0,56,0,0,56,T
6-NA,126,1,0,0,58,59,C
6-NA,127,59,0,0,0,59,A
6-NA,128,61,0,0,0,61,A
6-NA,129,0,0,0,61,61,C
6-NA,130,0,60,0,0,60,T
6-NA,131,0,0,0,58,58,C
6-NA,132,0,0,0,60,60,C
6-NA,133,0,0,0,60,60,C
6-NA,134,0,0,0,60,60,C
6-NA,135,1,0,0,60,61,C
6-NA,136,0,0,0,62,62,C
6-NA,137,1,0,0,62,63,C
6-NA,138,63,0,0,0,63,A
6-NA,139,63,0,0,0,63,A
6-NA,140,62,0,0,0,62,A
6-NA,141,0,0,0,62,62,C
6-NA,142,61,0,0,0,61,A
6-NA,143,62,0,0,0,62,A
6-NA,144,0,0,0,63,63,C
6-NA,145,0,0,0,64,64,C
6-NA,146,66,0,0,0,66,A
6-NA,147,66,0,0,0,66,A
6-NA,148,0,0,68,0,68,G
6-NA,149,0,68,0,0,68,T
6-NA,150,0,0,68,0,68,G
6-NA,151,71,0,0,0,71,A
6-NA,152,0,71,0,0,71,T
6-NA,153,0,0,72,0,72,G
6-NA,154,0,0,0,72,72,C
6-NA,155,0,71,0,0,71,T
6-NA,156,0,0,76,0,76,G
6-NA,157,0,78,0,0,78,T
6-NA,158,0,0,79,0,79,G
6-NA,159,0,79,0,0,79,T
6-NA,160,0,0,79,0,79,G
6-NA,161,79,0,0,0,79,A
6-NA,162,79,0,0,0,79,A
6-NA,163,0,0,0,79,79,C
6-NA,164,0,0,0,80,80,C
6-NA,165,77,0,0,0,77,A
6-NA,166,77,0,0,0,77,A
6-NA,167,0,0,0,78,78,C
6-NA,168,78,0,0,0,78,A
6-NA,169,78,0,0,0,78,A
6-NA,170,0,78,0,0,78,T
6-NA,171,77,0,1,0,78,A
6-NA,172,78,0,0,0,78,A
6-NA,173,0,78,0,0,78,T
6-NA,174,78,0,0,0,78,A
6-NA,175,0,0,78,0,78,G
6-NA,176,76,0,0,0,76,A
6-NA,177,76,0,0,0,76,A
6-NA,178,77,0,0,0,77,A
6-NA,179,0,0,78,0,78,G
6-NA,180,81,0,0,0,81,A
6-NA,181,81,0,0,0,81,A
6-NA,182,83,0,0,1,84,A
6-NA,183,0,0,0,83,83,C
6-NA,184,85,0,0,0,85,A
6-NA,185,0,85,0,0,85,T
6-NA,186,85,0,0,0,85,A
6-NA,187,85,0,0,0,85,A
6-NA,188,0,0,0,88,88,C
6-NA,189,86,0,0,0,86,A
6-NA,190,0,0,90,0,90,G
6-NA,191,90,0,0,0,90,A
6-NA,192,0,0,89,0,89,G
6-NA,193,89,0,0,0,89,A
6-NA,194,0,93,0,0,93,T
6-NA,195,92,0,0,0,92,A
6-NA,196,0,0,93,0,93,G
6-NA,197,0,93,0,0,93,T
6-NA,198,2,0,95,0,97,G
6-NA,199,0,97,0,0,97,T
6-NA,200,97,0,0,0,97,A
6-NA,201,0,97,0,0,97,T
6-NA,202,0,0,0,97,97,C
6-NA,203,0,93,0,1,94,T
6-NA,204,0,0,94,0,94,G
6-NA,205,93,0,0,0,93,A
6-NA,206,0,0,0,93,93,C
6-NA,207,0,1,0,91,92,C
6-NA,208,92,0,0,0,92,A
6-NA,209,92,0,0,0,92,A
6-NA,210,0,0,0,94,94,C
6-NA,211,94,0,0,0,94,A
6-NA,212,0,0,0,97,97,C
6-NA,213,0,0,0,99,99,C
6-NA,214,100,0,0,0,100,A
6-NA,215,0,0,0,106,106,C
6-NA,216,0,0,0,106,106,C
6-NA,217,108,0,0,0,108,A
6-NA,218,0,108,0,0,108,T
6-NA,219,107,0,0,0,107,A
6-NA,220,0,0,106,0,106,G
6-NA,221,106,0,0,0,106,A
6-NA,222,0,0,107,0,107,G
6-NA,223,106,0,0,0,106,A
6-NA,224,106,0,0,0,106,A
6-NA,225,0,0,106,0,106,G
6-NA,226,0,0,107,0,107,G
6-NA,227,107,0,0,0,107,A
6-NA,228,108,0,0,0,108,A
6-NA,229,107,0,0,1,108,A
6-NA,230,0,108,0,0,108,T
6-NA,231,108,0,0,0,108,A
6-NA,232,0,108,0,0,108,T
6-NA,233,0,0,109,0,109,G
6-NA,234,0,0,0,109,109,C
6-NA,235,0,0,0,108,108,C
6-NA,236,0,0,0,108,108,C
6-NA,237,0,0,0,108,108,C
6-NA,238,108,0,0,0,108,A
6-NA,239,108,0,0,0,108,A
6-NA,240,107,0,0,1,108,A
6-NA,241,0,1,0,106,107,C
6-NA,242,0,109,0,0,109,T
6-NA,243,109,0,0,0,109,A
6-NA,244,0,0,109,0,109,G
6-NA,245,0,0,0,109,109,C
6-NA,246,108,0,0,0,108,A
6-NA,247,0,0,110,0,110,G
6-NA,248,109,0,0,0,109,A
6-NA,249,112,0,0,0,112,A
6-NA,250,0,112,0,0,112,T
6-NA,251,112,0,0,0,112,A
6-NA,252,0,0,0,112,112,C
6-NA,253,112,0,0,0,112,A
6-NA,254,0,0,112,0,112,G
6-NA,255,112,0,0,0,112,A
6-NA,256,111,0,0,0,111,A
6-NA,257,111,0,0,0,111,A
6-NA,258,0,109,0,0,109,T
6-NA,259,0,109,0,0,109,T
6-NA,260,0,0,110,0,110,G
6-NA,261,0,0,109,0,109,G
6-NA,262,0,108,0,0,108,T
6-NA,263,1,0,0,108,109,C
6-NA,264,110,0,0,0,110,A
6-NA,265,111,0,0,0,111,A
6-NA,266,111,0,0,0,111,A
6-NA,267,0,0,111,0,111,G
6-NA,268,0,0,0,111,111,C
6-NA,269,0,0,0,111,111,C
6-NA,270,0,0,111,0,111,G
6-NA,271,0,0,0,111,111,C
6-NA,272,111,0,0,0,111,A
6-NA,273,113,0,0,0,113,A
6-NA,274,0,112,0,0,112,T
6-NA,275,0,0,111,0,111,G
6-NA,276,0,112,0,0,112,T
6-NA,277,0,1,111,0,112,G
6-NA,278,113,0,0,0,113,A
6-NA,279,0,0,0,116,116,C
6-NA,280,122,0,0,0,122,A
6-NA,281,0,121,0,0,121,T
6-NA,282,0,120,0,0,120,T
6-NA,283,120,0,0,0,120,A
6-NA,284,0,0,0,120,120,C
6-NA,285,119,0,0,0,119,A
6-NA,286,0,1,118,0,119,G
6-NA,287,0,0,113,0,113,G
6-NA,288,0,0,107,0,107,G
6-NA,289,0,107,0,0,107,T
6-NA,290,0,108,0,0,108,T
6-NA,291,0,108,0,0,108,T
6-NA,292,0,0,108,0,108,G
6-NA,293,0,0,0,107,107,C
6-NA,294,108,0,0,0,108,A
6-NA,295,0,0,0,107,107,C
6-NA,296,0,0,0,107,107,C
6-NA,297,0,107,0,0,107,T
6-NA,298,0,107,0,0,107,T
6-NA,299,0,109,0,0,109,T
6-NA,300,0,109,0,0,109,T
6-NA,301,0,112,0,0,112,T
6-NA,302,0,0,0,112,112,C
6-NA,303,0,111,0,0,111,T
6-NA,304,110,0,0,0,110,A
6-NA,305,111,0,0,0,111,A
6-NA,306,0,0,112,0,112,G
6-NA,307,0,0,114,0,114,G
6-NA,308,114,0,0,0,114,A
6-NA,309,0,0,0,114,114,C
6-NA,310,113,0,0,0,113,A
6-NA,311,113,0,0,0,113,A
6-NA,312,0,114,0,0,114,T
6-NA,313,0,114,0,0,114,T
6-NA,314,0,0,0,115,115,C
6-NA,315,0,1,113,0,114,G
6-NA,316,115,0,0,0,115,A
6-NA,317,0,115,0,0,115,T
6-NA,318,0,115,0,0,115,T
6-NA,319,115,0,0,0,115,A
6-NA,320,0,0,112,0,112,G
6-NA,321,0,0,111,0,111,G
6-NA,322,0,0,0,112,112,C
6-NA,323,0,112,0,0,112,T
6-NA,324,0,112,0,0,112,T
6-NA,325,0,111,0,1,112,T
6-NA,326,0,0,0,113,113,C
6-NA,327,0,0,0,113,113,C
6-NA,328,0,0,113,0,113,G
6-NA,329,0,0,0,114,114,C
6-NA,330,0,114,0,0,114,T
6-NA,331,0,0,118,0,118,G
6-NA,332,0,0,118,0,118,G
6-NA,333,0,117,0,1,118,T
6-NA,334,0,0,119,0,119,G
6-NA,335,0,0,119,0,119,G
6-NA,336,0,0,119,0,119,G
6-NA,337,0,0,119,0,119,G
6-NA,338,119,0,0,0,119,A
6-NA,339,0,0,0,118,118,C
6-NA,340,113,0,0,0,113,A
6-NA,341,0,114,0,0,114,T
6-NA,342,0,0,0,114,114,C
6-NA,343,0,113,0,0,113,T
6-NA,344,0,0,114,0,114,G
6-NA,345,0,0,115,0,115,G
6-NA,346,0,0,116,0,116,G
6-NA,347,0,117,0,0,117,T
6-NA,348,0,3,113,0,116,G
6-NA,349,116,0,0,0,116,A
6-NA,350,0,0,0,125,125,C
6-NA,351,125,0,1,0,126,A
6-NA,352,160,0,0,0,160,A
6-NA,353,0,0,169,0,169,G
6-NA,354,170,0,0,0,170,A
6-NA,355,0,0,203,0,203,G
6-NA,356,228,0,0,0,228,A
6-NA,357,286,0,0,0,286,A
6-NA,358,0,0,0,523,523,C
6-NA,359,0,0,0,604,604,C
6-NA,360,0,605,0,0,605,T
6-NA,361,0,616,0,0,616,T
6-NA,362,622,0,0,0,622,A
6-NA,363,0,625,0,1,626,T
6-NA,364,0,0,715,1,716,G
6-NA,365,0,723,0,0,723,T
6-NA,366,0,1,775,0,776,G
6-NA,367,0,769,0,2,771,T
6-NA,368,2,0,0,770,772,C
6-NA,369,789,3,1,8,801,A
6-NA,370,0,800,0,1,801,T
6-NA,371,1,1,797,0,799,G
6-NA,372,1,1,0,797,799,C
6-NA,373,0,3,801,0,804,G
6-NA,374,992,0,0,0,992,A
6-NA,375,0,990,0,2,992,T
6-NA,376,0,0,0,1022,1022,C
6-NA,377,1,0,0,1020,1021,C
6-NA,378,1,1071,0,1,1073,T
6-NA,379,1,3,1094,0,1098,G
6-NA,380,1098,0,1,0,1099,A
6-NA,381,1,2,0,1102,1105,C
6-NA,382,1105,0,0,0,1105,A
6-NA,383,1104,0,0,0,1104,A
6-NA,384,0,1,1174,1,1176,G
6-NA,385,0,1175,1,1,1177,T
6-NA,386,0,1,1206,0,1207,G
6-NA,387,0,1208,0,2,1210,T
6-NA,388,0,1205,1,3,1209,T
6-NA,389,1211,1,1,0,1213,A
6-NA,390,1,1210,0,0,1211,T
6-NA,391,2,1,0,1253,1256,C
6-NA,392,1263,0,0,0,1263,A
6-NA,393,1262,0,0,0,1262,A
6-NA,394,0,1264,1,0,1265,T
6-NA,395,1,1261,0,1,1263,T
6-NA,396,0,1259,1,2,1262,T
6-NA,397,0,0,1273,0,1273,G
6-NA,398,1,2,0,1377,1380,C
6-NA,399,2,0,0,1383,1385,C
6-NA,400,0,0,0,1394,1394,C
6-NA,401,0,1387,1,3,1391,T
6-NA,402,0,1397,0,1,1398,T
6-NA,403,0,7,1431,0,1438,G
6-NA,404,0,4,1440,0,1444,G
6-NA,405,1456,0,1,0,1457,A
6-NA,406,0,1,0,1458,1459,C
6-NA,407,1436,0,0,0,1436,A
6-NA,408,0,1,1507,0,1508,G
6-NA,409,1,4,1500,0,1505,G
6-NA,410,1,9,1573,0,1583,G
6-NA,411,1575,1,2,0,1578,A
6-NA,412,1581,0,2,0,1583,A
6-NA,413,0,0,0,1581,1581,C
6-NA,414,1578,0,0,0,1578,A
6-NA,415,1785,0,1,0,1786,A
6-NA,416,0,2,0,1795,1797,C
6-NA,417,1782,1,1,0,1784,A
6-NA,418,2,0,0,1799,1801,C
6-NA,419,0,1790,0,0,1790,T
6-NA,420,1820,0,0,0,1820,A
6-NA,421,1815,0,1,0,1816,A
6-NA,422,1832,0,2,0,1834,A
6-NA,423,1,0,0,1841,1842,C
6-NA,424,1796,0,0,1,1797,A
6-NA,425,1837,0,0,1,1838,A
6-NA,426,0,1,0,1849,1850,C
6-NA,427,1,1,1845,0,1847,G
6-NA,428,1,1845,0,0,1846,T
6-NA,429,1832,0,2,0,1834,A
6-NA,430,1,0,0,1866,1867,C
6-NA,431,1870,0,0,1,1871,A
6-NA,432,0,1879,0,0,1879,T
6-NA,433,1,1887,0,1,1889,T
6-NA,434,4,0,1,1987,1992,C
6-NA,435,2058,1,0,0,2059,A
6-NA,436,2075,0,2,0,2077,A
6-NA,437,2078,0,0,0,2078,A
6-NA,438,0,2082,0,0,2082,T
6-NA,439,2059,0,0,1,2060,A
6-NA,440,2141,0,1,1,2143,A
6-NA,441,0,0,0,2164,2164,C
6-NA,442,2159,0,1,0,2160,A
6-NA,443,1,0,0,2195,2196,C
6-NA,444,2155,0,1,0,2156,A
6-NA,445,1,1,2440,0,2442,G
6-NA,446,0,2436,0,2,2438,T
6-NA,447,2494,0,0,0,2494,A
6-NA,448,0,0,0,2498,2498,C
6-NA,449,3,0,2503,0,2506,G
6-NA,450,1,2497,0,4,2502,T
6-NA,451,1,4,2520,0,2525,G
6-NA,452,2570,0,2,0,2572,A
6-NA,453,0,2600,0,0,2600,T
6-NA,454,2532,0,0,0,2532,A
6-NA,455,3,3,2524,0,2530,G
6-NA,456,0,6,2520,0,2526,G
6-NA,457,2514,0,4,1,2519,A
6-NA,458,2499,0,1,1,2501,A
6-NA,459,3,0,0,2639,2642,C
6-NA,460,2,1,0,2639,2642,C
6-NA,461,7,0,0,2658,2665,C
6-NA,462,0,2685,0,1,2686,T
6-NA,463,0,2739,0,0,2739,T
6-NA,464,2750,1,1,0,2752,A
6-NA,465,0,2756,0,0,2756,T
6-NA,466,2,13,0,2745,2760,C
6-NA,467,2,4,2751,0,2757,G
6-NA,468,1,3,2739,0,2743,G
6-NA,469,2747,0,2,0,2749,A
6-NA,470,6,1,0,2771,2778,C
6-NA,471,7,0,1,2762,2770,C
6-NA,472,5,2,0,2946,2953,C
6-NA,473,0,2954,0,3,2957,T
6-NA,474,3001,2,0,0,3003,A
6-NA,475,1,3007,0,1,3009,T
6-NA,476,1,3010,0,3,3014,T
6-NA,477,2,7,3005,0,3014,G
6-NA,478,3011,1,2,0,3014,A
6-NA,479,0,3003,0,0,3003,T
6-NA,480,2,8,3005,1,3016,G
6-NA,481,2955,1,3,0,2959,A
6-NA,482,2962,0,4,0,2966,A
6-NA,483,0,2970,0,0,2970,T
6-NA,484,0,8,3025,0,3033,G
6-NA,485,3080,0,2,0,3082,A
6-NA,486,2,1,3116,0,3119,G
6-NA,487,0,3112,1,3,3116,T
6-NA,488,0,3121,0,1,3122,T
6-NA,489,3144,0,1,0,3145,A
6-NA,490,0,4,3145,0,3149,G
6-NA,491,0,3,3162,0,3165,G
6-NA,492,1,3154,0,4,3159,T
6-NA,493,2,1,3168,0,3171,G
6-NA,494,1,3141,1,6,3149,T
6-NA,495,0,3143,0,3,3146,T
6-NA,496,11,0,0,3180,3191,C
6-NA,497,3,1,0,3216,3220,C
6-NA,498,0,3216,1,4,3221,T
6-NA,499,1,3216,0,1,3218,T
6-NA,500,0,3216,0,2,3218,T
6-NA,501,0,3215,0,3,3218,T
6-NA,502,3,0,1,3226,3230,C
6-NA,503,3222,1,1,0,3224,A
6-NA,504,0,3317,0,2,3319,T
6-NA,505,2,0,0,3314,3316,C
6-NA,506,1,3273,0,1,3275,T
6-NA,507,1,7,3267,1,3276,G
6-NA,508,1,10,3241,0,3252,G
6-NA,509,2,6,3253,1,3262,G
6-NA,510,0,18,3291,0,3309,G
6-NA,511,3304,1,4,1,3310,A
6-NA,512,0,1,0,3356,3357,C
6-NA,513,9,1,0,3312,3322,C
6-NA,514,3368,0,1,0,3369,A
6-NA,515,3379,0,1,0,3380,A
6-NA,516,0,0,3377,0,3377,G
6-NA,517,0,1,0,3385,3386,C
6-NA,518,3371,0,3,0,3374,A
6-NA,519,3416,0,9,0,3425,A
6-NA,520,1,1,3442,0,3444,G
6-NA,521,1,3431,0,2,3434,T
6-NA,522,2,0,3525,0,3527,G
6-NA,523,1,3507,1,1,3510,T
6-NA,524,3,2,3619,0,3624,G
6-NA,525,5,0,0,3625,3630,C
6-NA,526,3622,1,2,0,3625,A
6-NA,527,1,3674,0,2,3677,T
6-NA,528,3626,0,1,0,3627,A
6-NA,529,0,3,3724,1,3728,G
6-NA,530,0,3,1,3711,3715,C
6-NA,531,3655,1,2,0,3658,A
6-NA,532,0,3648,1,4,3653,T
6-NA,533,3,12,3603,0,3618,G
6-NA,534,2,2,3830,0,3834,G
6-NA,535,0,3838,0,8,3846,T
6-NA,536,3,1,0,3830,3834,C
6-NA,537,9,2,1,3854,3866,C
6-NA,538,3858,0,4,0,3862,A
6-NA,539,1,0,4001,0,4002,G
6-NA,540,5,3,1,4002,4011,C
6-NA,541,1,3993,2,4,4000,T
6-NA,542,13,1,0,4004,4018,C
6-NA,543,3969,0,0,2,3971,A
6-NA,544,4034,0,5,0,4039,A
6-NA,545,0,0,4054,0,4054,G
6-NA,546,1,4060,3,2,4066,T
6-NA,547,0,4050,0,4,4054,T
6-NA,548,2,2,4062,0,4066,G
6-NA,549,1,4054,0,2,4057,T
6-NA,550,12,12,0,4037,4061,C
6-NA,551,4071,1,1,1,4074,A
6-NA,552,0,3,0,4110,4113,C
6-NA,553,0,9,4093,0,4102,G
6-NA,554,4173,3,1,0,4177,A
6-NA,555,0,4187,0,4,4191,T
6-NA,556,0,6,4251,1,4258,G
6-NA,557,0,11,4281,0,4292,G
6-NA,558,4286,1,6,1,4294,A
6-NA,559,4293,1,3,1,4298,A
6-NA,560,4339,0,2,1,4342,A
6-NA,561,4333,1,4,1,4339,A
6-NA,562,1,0,4406,1,4408,G
6-NA,563,1,2,0,4390,4393,C
6-NA,564,4367,2,5,1,4375,A
6-NA,565,0,4383,0,0,4383,T
6-NA,566,1,13,4415,0,4429,G
6-NA,567,1,1,4449,0,4451,G
6-NA,568,0,1,0,4497,4498,C
6-NA,569,2,4477,0,3,4482,T
6-NA,570,0,3,4515,0,4518,G
6-NA,571,1,2,1,4500,4504,C
6-NA,572,4517,0,4,0,4521,A
6-NA,573,0,4681,0,1,4682,T
6-NA,574,5,4,4691,0,4700,G
6-NA,575,0,4723,1,0,4724,T
6-NA,576,1,4821,1,2,4825,T
6-NA,577,0,4819,1,4,4824,T
6-NA,578,1,5,5147,0,5153,G
6-NA,579,0,5153,0,2,5155,T
6-NA,580,5176,1,2,0,5179,A
6-NA,581,0,5194,1,4,5199,T
6-NA,582,5153,0,0,0,5153,A
6-NA,583,5172,0,5,0,5177,A
6-NA,584,2,5,0,5148,5155,C
6-NA,585,5,10,5100,0,5115,G
6-NA,586,2,5,5130,0,5137,G
6-NA,587,9,12,5039,1,5061,G
6-NA,588,0,7,5080,0,5087,G
6-NA,589,2,9,5104,0,5115,G
6-NA,590,5096,1,7,0,5104,A
6-NA,591,1,5111,0,1,5113,T
6-NA,592,1,15,5117,1,5134,G
6-NA,593,5163,0,9,1,5173,A
6-NA,594,2,5187,0,1,5190,T
6-NA,595,5169,0,2,3,5174,A
6-NA,596,5330,0,3,0,5333,A
6-NA,597,5326,1,2,1,5330,A
6-NA,598,5345,0,2,0,5347,A
6-NA,599,5358,0,1,0,5359,A
6-NA,600,0,5370,0,1,5371,T
6-NA,601,0,2,5369,2,5373,G
6-NA,602,3,1,0,5365,5369,C
6-NA,603,5352,2,1,0,5355,A
6-NA,604,5384,1,4,0,5389,A
6-NA,605,1,3,0,5441,5445,C
6-NA,606,2,5437,1,3,5443,T
6-NA,607,15,1,5445,1,5462,G
6-NA,608,1,1,0,5445,5447,C
6-NA,609,0,5463,0,1,5464,T
6-NA,610,5462,0,7,0,5469,A
6-NA,611,3,4,5488,0,5495,G
6-NA,612,0,3,1,5543,5547,C
6-NA,613,1,5533,2,7,5543,T
6-NA,614,0,5518,0,21,5539,T
6-NA,615,14,1,0,5581,5596,C
6-NA,616,5634,0,6,0,5640,A
6-NA,617,0,5627,2,11,5640,T
6-NA,618,1,5640,0,1,5642,T
6-NA,619,0,5683,0,0,5683,T
6-NA,620,5715,0,1,0,5716,A
6-NA,621,3,0,0,5782,5785,C
6-NA,622,5755,1,2,1,5759,A
6-NA,623,5792,3,6,0,5801,A
6-NA,624,0,5773,0,4,5777,T
6-NA,625,3,8,5753,0,5764,G
6-NA,626,0,7,5756,0,5763,G
6-NA,627,1,6,5759,0,5766,G
6-NA,628,5741,1,6,0,5748,A
6-NA,629,0,10,5844,0,5854,G
6-NA,630,0,2,5907,0,5909,G
6-NA,631,0,3,0,6257,6260,C
6-NA,632,2,6249,0,6,6257,T
6-NA,633,1,6310,1,2,6314,T
6-NA,634,2,2,6383,1,6388,G
6-NA,635,3,6384,0,5,6392,T
6-NA,636,6497,0,5,0,6502,A
6-NA,637,1,11,6521,0,6533,G
6-NA,638,6438,3,6,0,6447,A
6-NA,639,0,6449,0,3,6452,T
6-NA,640,6050,2,3,1,6056,A
6-NA,641,0,8,6055,0,6063,G
6-NA,642,0,6009,1,6,6016,T
6-NA,643,9,3,5914,2,5928,G
6-NA,644,0,6148,1,2,6151,T
6-NA,645,0,6161,0,2,6163,T
6-NA,646,3,4,6260,0,6267,G
6-NA,647,2,6237,0,7,6246,T
6-NA,648,1,6253,1,3,6258,T
6-NA,649,0,6259,0,8,6267,T
6-NA,650,17,0,0,6174,6191,C
6-NA,651,6176,2,8,0,6186,A
6-NA,652,1,6154,0,8,6163,T
6-NA,653,1,19,6147,1,6168,G
6-NA,654,2,1,6499,0,6502,G
6-NA,655,0,6443,0,6,6449,T
6-NA,656,16,1,1,6440,6458,C
6-NA,657,22,1,0,6422,6445,C
6-NA,658,6468,0,3,0,6471,A
6-NA,659,6515,0,2,0,6517,A
6-NA,660,6502,0,9,1,6512,A
6-NA,661,2,17,6537,0,6556,G
6-NA,662,6531,1,8,2,6542,A
6-NA,663,6370,0,3,0,6373,A
6-NA,664,6364,1,5,0,6370,A
6-NA,665,2,6376,0,2,6380,T
6-NA,666,7,1,0,6534,6542,C
6-NA,667,14,4,0,6531,6549,C
6-NA,668,1,6523,0,8,6532,T
6-NA,669,4,0,0,6544,6548,C
6-NA,670,6522,2,10,0,6534,A
6-NA,671,1,8,6598,0,6607,G
6-NA,672,1,15,6572,0,6588,G
6-NA,673,6735,1,5,0,6741,A
6-NA,674,2,1,0,6740,6743,C
6-NA,675,8,3,0,6646,6657,C
6-NA,676,18,2,0,6644,6664,C
6-NA,677,6659,1,10,1,6671,A
6-NA,678,5,5,6673,1,6684,G
6-NA,679,3,12,6689,1,6705,G
6-NA,680,6679,4,6,1,6690,A
6-NA,681,0,2,6770,1,6773,G
6-NA,682,0,6688,0,4,6692,T
6-NA,683,23,3,0,6692,6718,C
6-NA,684,6623,66,10,1,6700,A
6-NA,685,2,10,6741,1,6754,G
6-NA,686,6736,1,5,0,6742,A
6-NA,687,6744,0,1,1,6746,A
6-NA,688,0,6706,0,2,6708,T
6-NA,689,0,2,6729,0,6731,G
6-NA,690,2,4,1,6717,6724,C
6-NA,691,8,2,6754,0,6764,G
6-NA,692,3,6726,0,15,6744,T
6-NA,693,1,6743,1,2,6747,T
6-NA,694,4,6724,0,2,6730,T
6-NA,695,4,2,6754,0,6760,G
6-NA,696,1,6769,0,4,6774,T
6-NA,697,6781,1,0,0,6782,A
6-NA,698,2,6759,0,3,6764,T
6-NA,699,16,1,0,6764,6781,C
6-NA,700,6737,4,2,1,6744,A
6-NA,701,6747,1,1,0,6749,A
6-NA,702,0,6755,0,2,6757,T
6-NA,703,1,10,6737,1,6749,G
6-NA,704,1,16,6726,0,6743,G
6-NA,705,6817,0,9,0,6826,A
6-NA,706,6819,4,5,0,6828,A
6-NA,707,3,2,1,6830,6836,C
6-NA,708,1,6821,0,14,6836,T
6-NA,709,0,6820,0,4,6824,T
6-NA,710,1,6,6817,0,6824,G
6-NA,711,7,2,0,6680,6689,C
6-NA,712,6775,2,6,0,6783,A
6-NA,713,4,4,0,6903,6911,C
6-NA,714,6920,2,1,0,6923,A
6-NA,715,1,0,7800,0,7801,G
6-NA,716,1,7805,0,2,7808,T
6-NA,717,8056,3,4,0,8063,A
6-NA,718,1,4,8102,0,8107,G
6-NA,719,0,8032,0,2,8034,T
6-NA,720,8020,0,2,0,8022,A
6-NA,721,8016,0,2,0,8018,A
6-NA,722,3,7931,0,4,7938,T
6-NA,723,4,27,7954,1,7986,G
6-NA,724,7587,2,6,0,7595,A
6-NA,725,2,2,0,7639,7643,C
6-NA,726,1,7463,0,12,7476,T
6-NA,727,3,15,7477,0,7495,G
6-NA,728,7470,1,15,0,7486,A
6-NA,729,0,7500,1,1,7502,T
6-NA,730,2,26,7469,2,7499,G
6-NA,731,4,15,7436,0,7455,G
6-NA,732,2,15,7451,0,7468,G
6-NA,733,7364,1,8,2,7375,A
6-NA,734,1,4,7372,0,7377,G
6-NA,735,1,7356,0,2,7359,T
6-NA,736,1,5,7403,0,7409,G
6-NA,737,18,0,0,7464,7482,C
6-NA,738,0,7468,0,4,7472,T
6-NA,739,1,7453,0,3,7457,T
6-NA,740,13,0,1,7454,7468,C
6-NA,741,7439,1,9,2,7451,A
6-NA,742,5,10,7474,0,7489,G
6-NA,743,3,9,7481,0,7493,G
6-NA,744,7481,1,3,1,7486,A
6-NA,745,7413,0,1,1,7415,A
6-NA,746,7352,0,1,1,7354,A
6-NA,747,7383,0,12,0,7395,A
6-NA,748,1,2,7427,0,7430,G
6-NA,749,1,1,0,7413,7415,C
6-NA,750,2,7390,0,3,7395,T
6-NA,751,13,11,7369,0,7393,G
6-NA,752,7375,0,10,0,7385,A
6-NA,753,0,7456,0,0,7456,T
6-NA,754,7491,1,2,0,7494,A
6-NA,755,4,0,0,7779,7783,C
6-NA,756,1,7731,0,8,7740,T
6-NA,757,7746,1,1,0,7748,A
6-NA,758,7750,1,6,2,7759,A
6-NA,759,7749,1,1,1,7752,A
6-NA,760,7913,1,3,1,7918,A
6-NA,761,1,7919,0,1,7921,T
6-NA,762,7917,1,4,0,7922,A
6-NA,763,6,0,0,7932,7938,C
6-NA,764,5,7630,1,5,7641,T
6-NA,765,7916,0,1,0,7917,A
6-NA,766,1,7874,1,11,7887,T
6-NA,767,2,8173,2,2,8179,T
6-NA,768,25,1,0,8191,8217,C
6-NA,769,7299,0,788,0,8087,A
6-NA,770,0,8116,0,2,8118,T
6-NA,771,1,8083,1,5,8090,T
6-NA,772,1,9,8108,0,8118,G
6-NA,773,8062,1,6,2,8071,A
6-NA,774,0,14,7937,0,7951,G
6-NA,775,2,19,7889,0,7910,G
6-NA,776,7597,2,7,1,7607,A
6-NA,777,1,13,7712,0,7726,G
6-NA,778,0,13,7721,2,7736,G
6-NA,779,17,11,7717,1,7746,G
6-NA,780,2,11,7742,3,7758,G
6-NA,781,7702,0,10,0,7712,A
6-NA,782,7733,1,4,0,7738,A
6-NA,783,7703,2,4,1,7710,A
6-NA,784,7704,0,3,0,7707,A
6-NA,785,2,7711,0,1,7714,T
6-NA,786,32,1,1,7625,7659,C
6-NA,787,7,1,7722,0,7730,G
6-NA,788,0,7708,0,0,7708,T
6-NA,789,4,7701,0,7,7712,T
6-NA,790,29,3,3,7701,7736,C
6-NA,791,7735,0,0,0,7735,A
6-NA,792,2,8218,0,2,8222,T
6-NA,793,8203,0,3,0,8206,A
6-NA,794,4,17,0,8216,8237,C
6-NA,795,3,8218,0,1,8222,T
6-NA,796,8197,1,4,0,8202,A
6-NA,797,1,4,8200,0,8205,G
6-NA,798,3,4,0,8195,8202,C
6-NA,799,8185,0,3,0,8188,A
6-NA,800,1,4,0,8198,8203,C
6-NA,801,7884,0,0,0,7884,A
6-NA,802,1,8007,1,3,8012,T
6-NA,803,0,7963,0,2,7965,T
6-NA,804,0,3,8454,0,8457,G
6-NA,805,1,8410,0,6,8417,T
6-NA,806,45,4,0,8369,8418,C
6-NA,807,8400,5,13,0,8418,A
6-NA,808,1,13,8428,2,8444,G
6-NA,809,2,16,8420,0,8438,G
6-NA,810,8417,1,1,0,8419,A
6-NA,811,8293,2,5,2,8302,A
6-NA,812,1,4,8386,0,8391,G
6-NA,813,1,8017,0,4,8022,T
6-NA,814,2,4,8065,1,8072,G
6-NA,815,4,1,0,8058,8063,C
6-NA,816,1,8037,17,6,8061,T
6-NA,817,24,3,0,8048,8075,C
6-NA,818,8055,2,4,0,8061,A
6-NA,819,3,2,8126,0,8131,G
6-NA,820,4,1,1,8120,8126,C
6-NA,821,8097,0,2,1,8100,A
6-NA,822,1,8098,0,3,8102,T
6-NA,823,2,5,8336,0,8343,G
6-NA,824,3,8338,0,3,8344,T
6-NA,825,25,4,2,8298,8329,C
6-NA,826,7,17,8325,0,8349,G
6-NA,827,8320,2,5,0,8327,A
6-NA,828,1,9,8299,1,8310,G
6-NA,829,0,17,8303,1,8321,G
6-NA,830,8249,3,19,1,8272,A
6-NA,831,2,2,8384,0,8388,G
6-NA,832,3,8153,0,5,8161,T
6-NA,833,4,3,8164,0,8171,G
6-NA,834,2,2,0,8308,8312,C
6-NA,835,2,8275,1,12,8290,T
6-NA,836,28,2,0,8307,8337,C
6-NA,837,10,1,0,8368,8379,C
6-NA,838,1,8360,1,5,8367,T
6-NA,839,1,2,8406,0,8409,G
6-NA,840,3,2,0,8345,8350,C
6-NA,841,0,8297,1,6,8304,T
6-NA,842,8394,2,1,0,8397,A
6-NA,843,2,8227,1,6,8236,T
6-NA,844,10,1,0,8308,8319,C
6-NA,845,13,1,0,8290,8304,C
6-NA,846,0,8313,0,7,8320,T
6-NA,847,10,8,0,8357,8375,C
6-NA,848,6,13,8337,0,8356,G
6-NA,849,8437,0,6,0,8443,A
6-NA,850,2,8432,1,8,8443,T
6-NA,851,8438,1,6,1,8446,A
6-NA,852,1,8453,0,5,8459,T
6-NA,853,6,0,5,8415,8426,C
6-NA,854,8,3,0,8391,8402,C
6-NA,855,0,8367,0,1,8368,T
6-NA,856,2,14,8425,1,8442,G
6-NA,857,1,0,8453,0,8454,G
6-NA,858,0,8531,0,6,8537,T
6-NA,859,1,3,8546,0,8550,G
6-NA,860,2,8495,0,12,8509,T
6-NA,861,20,2,0,8491,8513,C
6-NA,862,8503,1,4,0,8508,A
6-NA,863,0,8,8507,0,8515,G
6-NA,864,8493,3,7,0,8503,A
6-NA,865,0,8421,0,10,8431,T
6-NA,866,2,0,8425,0,8427,G
6-NA,867,1,8352,0,3,8356,T
6-NA,868,3,0,8357,1,8361,G
6-NA,869,1,8342,2,10,8355,T
6-NA,870,19,1,0,8376,8396,C
6-NA,871,3,8360,1,7,8371,T
6-NA,872,2,3,8376,0,8381,G
6-NA,873,1,2,0,8370,8373,C
6-NA,874,8357,1,6,0,8364,A
6-NA,875,2,5,8379,0,8386,G
6-NA,876,8247,2,6,0,8255,A
6-NA,877,2,15,8256,1,8274,G
6-NA,878,8264,0,6,0,8270,A
6-NA,879,1,1,0,8302,8304,C
6-NA,880,8298,0,8,0,8306,A
6-NA,881,8362,2,2,0,8366,A
6-NA,882,1,1,2,8401,8405,C
6-NA,883,4,8387,1,3,8395,T
6-NA,884,3,8,8410,0,8421,G
6-NA,885,4,9,8390,0,8403,G
6-NA,886,8356,1,6,0,8363,A
6-NA,887,8356,0,6,0,8362,A
6-NA,888,8198,0,15,0,8213,A
6-NA,889,1,8,8185,0,8194,G
6-NA,890,2,17,8102,1,8122,G
6-NA,891,8006,3,6,1,8016,A
6-NA,892,0,8220,3,5,8228,T
6-NA,893,10,2,1,8262,8275,C
6-NA,894,11,4,1,8439,8455,C
6-NA,895,8484,2,4,0,8490,A
6-NA,896,8490,0,1,0,8491,A
6-NA,897,1,8483,0,1,8485,T
6-NA,898,8279,2,9,0,8290,A
6-NA,899,1,5,8247,1,8254,G
6-NA,900,2,2,8292,0,8296,G
6-NA,901,2,4,0,8283,8289,C
6-NA,902,19,3,0,8238,8260,C
6-NA,903,21,4,0,8066,8091,C
6-NA,904,8148,1,6,1,8156,A
6-NA,905,2,8216,0,6,8224,T
6-NA,906,17,5,0,8213,8235,C
6-NA,907,3,0,8242,0,8245,G
6-NA,908,1,8221,0,1,8223,T
6-NA,909,8105,0,8,0,8113,A
6-NA,910,10,8,8284,0,8302,G
6-NA,911,8316,0,4,0,8320,A
6-NA,912,2,8329,1,14,8346,T
6-NA,913,8207,1,4,0,8212,A
6-NA,914,2,8142,1,1,8146,T
6-NA,915,8128,0,4,0,8132,A
6-NA,916,8115,0,7,0,8122,A
6-NA,917,8295,1,6,1,8303,A
6-NA,918,2,1,0,8465,8468,C
6-NA,919,8278,2,1,0,8281,A
6-NA,920,0,8258,0,3,8261,T
6-NA,921,8196,0,1,0,8197,A
6-NA,922,8208,0,4,0,8212,A
6-NA,923,8214,1,8,0,8223,A
6-NA,924,0,12,8288,0,8300,G
6-NA,925,0,20,8347,1,8368,G
6-NA,926,8128,3,4,0,8135,A
6-NA,927,0,8111,0,8,8119,T
6-NA,928,18,1,0,8166,8185,C
6-NA,929,8247,0,6,1,8254,A
6-NA,930,0,8267,0,3,8270,T
6-NA,931,8248,0,5,0,8253,A
6-NA,932,236,3,8046,0,8285,G
6-NA,933,2,1,0,8189,8192,C
6-NA,934,8059,1,2,0,8062,A
6-NA,935,1,7823,0,16,7840,T
6-NA,936,1,7904,0,0,7905,T
6-NA,937,1,3,8122,0,8126,G
6-NA,938,2,8105,16,6,8129,T
6-NA,939,1,8255,2,5,8263,T
6-NA,940,0,8252,0,6,8258,T
6-NA,941,15,4,0,8230,8249,C
6-NA,942,11,3,1,8254,8269,C
6-NA,943,8335,1,10,0,8346,A
6-NA,944,10,3,8439,0,8452,G
6-NA,945,1,8436,0,6,8443,T
6-NA,946,0,8256,0,1,8257,T
6-NA,947,8267,2,2,0,8271,A
6-NA,948,1,8199,0,0,8200,T
6-NA,949,2,4,8204,0,8210,G
6-NA,950,3,8160,0,5,8168,T
6-NA,951,3,1,8198,1,8203,G
6-NA,952,1,8029,0,6,8036,T
6-NA,953,2,1,8224,2,8229,G
6-NA,954,2,8210,0,5,8217,T
6-NA,955,0,8171,0,10,8181,T
6-NA,956,34,2,1,8143,8180,C
6-NA,957,8105,1,8,0,8114,A
6-NA,958,4,15,8145,0,8164,G
6-NA,959,1,28,8127,0,8156,G
6-NA,960,8126,1,2,1,8130,A
6-NA,961,0,0,0,8148,8148,C
6-NA,962,1,7941,0,4,7946,T
6-NA,963,0,7969,0,4,7973,T
6-NA,964,3,3,8250,1,8257,G
6-NA,965,1,8240,0,6,8247,T
6-NA,966,1,8245,0,4,8250,T
6-NA,967,3,8,8207,1,8219,G
6-NA,968,2,15,8219,1,8237,G
6-NA,969,8219,2,15,0,8236,A
6-NA,970,1,19,8218,0,8238,G
6-NA,971,8220,0,15,0,8235,A
6-NA,972,6,2,1,8204,8213,C
6-NA,973,7978,1,5,2,7986,A
6-NA,974,1,2,0,8031,8034,C
6-NA,975,8037,2,10,0,8049,A
6-NA,976,4,2,1,8095,8102,C
6-NA,977,15,0,1,8040,8056,C
6-NA,978,12,1,0,8049,8062,C
6-NA,979,8047,1,3,0,8051,A
6-NA,980,13,8,8071,0,8092,G
6-NA,981,8083,0,2,0,8085,A
6-NA,982,8135,2,0,0,8137,A
6-NA,983,8083,1,5,1,8090,A
6-NA,984,8083,0,2,1,8086,A
6-NA,985,8044,1,3,0,8048,A
6-NA,986,8046,0,5,2,8053,A
6-NA,987,3,10,0,8041,8054,C
6-NA,988,1,44,7996,1,8042,G
6-NA,989,8013,2,9,0,8024,A
6-NA,990,1,3,0,8019,8023,C
6-NA,991,7981,1,3,0,7985,A
6-NA,992,1,5,8058,0,8064,G
6-NA,993,1,3,0,8243,8247,C
6-NA,994,1,8203,0,6,8210,T
6-NA,995,12,3,1,8222,8238,C
6-NA,996,9,3,0,8253,8265,C
6-NA,997,8261,4,7,1,8273,A
6-NA,998,0,1,8342,1,8344,G
6-NA,999,0,3,2,8335,8340,C
6-NA,1000,8309,1,4,0,8314,A
6-NA,1001,8,6,8307,0,8321,G
6-NA,1002,0,8031,0,6,8037,T
6-NA,1003,8037,0,7,0,8044,A
6-NA,1004,2,3,8043,0,8048,G
6-NA,1005,2,6,0,8048,8056,C
6-NA,1006,20,2,0,8059,8081,C
6-NA,1007,7996,1,0,1,7998,A
6-NA,1008,1,7990,0,2,7993,T
6-NA,1009,0,7974,0,16,7990,T
6-NA,1010,1,2,8123,1,8127,G
6-NA,1011,0,8077,1,7,8085,T
6-NA,1012,3,8055,0,4,8062,T
6-NA,1013,8,8042,0,0,8050,T
6-NA,1014,2,17,7980,0,7999,G
6-NA,1015,16,12,8029,0,8057,G
6-NA,1016,8036,6,4,0,8046,A
6-NA,1017,1,8114,1,2,8118,T
6-NA,1018,9,5,0,8110,8124,C
6-NA,1019,9,3,2,8029,8043,C
6-NA,1020,8,8038,0,6,8052,T
6-NA,1021,8063,0,6,0,8069,A
6-NA,1022,8070,4,5,0,8079,A
6-NA,1023,3,0,1,8182,8186,C
6-NA,1024,8071,0,1,0,8072,A
6-NA,1025,8095,0,3,1,8099,A
6-NA,1026,0,8023,1,0,8024,T
6-NA,1027,1,17,8008,0,8026,G
6-NA,1028,7951,2,3,0,7956,A
6-NA,1029,2,10,7678,2,7692,G
6-NA,1030,1,4,7820,0,7825,G
6-NA,1031,7817,1,5,1,7824,A
6-NA,1032,7818,2,8,1,7829,A
6-NA,1033,2,12,7846,0,7860,G
6-NA,1034,6,3,7891,0,7900,G
6-NA,1035,0,7830,0,3,7833,T
6-NA,1036,1,12,7796,1,7810,G
6-NA,1037,2,4,7886,0,7892,G
6-NA,1038,0,7825,0,8,7833,T
6-NA,1039,34,1,1,7755,7791,C
6-NA,1040,7795,2,2,0,7799,A
6-NA,1041,2,7751,0,2,7755,T
6-NA,1042,1,16,7707,1,7725,G
6-NA,1043,4,20,7638,0,7662,G
6-NA,1044,3,19,7449,1,7472,G
6-NA,1045,1,3,7482,0,7486,G
6-NA,1046,0,7482,2,4,7488,T
6-NA,1047,7475,0,5,2,7482,A
6-NA,1048,7970,0,0,0,7970,A
6-NA,1049,7972,1,1,0,7974,A
6-NA,1050,7992,0,8,0,8000,A
6-NA,1051,23,11,8017,1,8052,G
6-NA,1052,4,3,7909,1,7917,G
6-NA,1053,1,19,0,7849,7869,C
6-NA,1054,0,7572,0,5,7577,T
6-NA,1055,4,10,7574,0,7588,G
6-NA,1056,25,14,7551,0,7590,G
6-NA,1057,3,3,7666,1,7673,G
6-NA,1058,5,0,0,7660,7665,C
6-NA,1059,13,1,0,7633,7647,C
6-NA,1060,1,7556,1,9,7567,T
6-NA,1061,0,7568,1,5,7574,T
6-NA,1062,2,7573,1,1,7577,T
6-NA,1063,2,11,7595,0,7608,G
6-NA,1064,7587,1,4,0,7592,A
6-NA,1065,0,7524,1,0,7525,T
6-NA,1066,4,7,7403,0,7414,G
6-NA,1067,7324,3,5,0,7332,A
6-NA,1068,2,7360,2,4,7368,T
6-NA,1069,2,5,7377,2,7386,G
6-NA,1070,2,10,7467,1,7480,G
6-NA,1071,7459,1,9,1,7470,A
6-NA,1072,7434,1,2,1,7438,A
6-NA,1073,7448,0,4,0,7452,A
6-NA,1074,1,7437,1,3,7442,T
6-NA,1075,11,17,7452,0,7480,G
6-NA,1076,7464,0,14,0,7478,A
6-NA,1077,2,8,0,7435,7445,C
6-NA,1078,6,2,7466,0,7474,G
6-NA,1079,1,7317,1,5,7324,T
6-NA,1080,2,2,7364,0,7368,G
6-NA,1081,1,7353,0,4,7358,T
6-NA,1082,4,11,7355,0,7370,G
6-NA,1083,1,8,7395,1,7405,G
6-NA,1084,7348,0,8,0,7356,A
6-NA,1085,2,7345,0,6,7353,T
6-NA,1086,3,13,7320,0,7336,G
6-NA,1087,4,17,7294,3,7318,G
6-NA,1088,2,11,7339,0,7352,G
6-NA,1089,7296,0,4,0,7300,A
6-NA,1090,7272,0,5,0,7277,A
6-NA,1091,0,25,7246,0,7271,G
6-NA,1092,7173,1,5,0,7179,A
6-NA,1093,7180,0,2,0,7182,A
6-NA,1094,1,2,0,7134,7137,C
6-NA,1095,3,21,7094,0,7118,G
6-NA,1096,7080,0,12,0,7092,A
6-NA,1097,1,6976,1,0,6978,T
6-NA,1098,20,0,0,6977,6997,C
6-NA,1099,7000,1,10,0,7011,A
6-NA,1100,0,3,7009,0,7012,G
6-NA,1101,4,4,0,6986,6994,C
6-NA,1102,2,14,6984,0,7000,G
6-NA,1103,6975,2,2,1,6980,A
6-NA,1104,1,9,6979,1,6990,G
6-NA,1105,6965,3,4,0,6972,A
6-NA,1106,6968,0,5,0,6973,A
6-NA,1107,0,5,7019,0,7024,G
6-NA,1108,3,6970,0,5,6978,T
6-NA,1109,33,1,1,6895,6930,C
6-NA,1110,6910,2,1,0,6913,A
6-NA,1111,2,1,0,7065,7068,C
6-NA,1112,2,2,7064,0,7068,G
6-NA,1113,4,1,0,7064,7069,C
6-NA,1114,1,7025,2,10,7038,T
6-NA,1115,0,7046,1,4,7051,T
6-NA,1116,6947,0,1,0,6948,A
6-NA,1117,1,19,7061,0,7081,G
6-NA,1118,0,7,7086,0,7093,G
6-NA,1119,1,6,7194,0,7201,G
6-NA,1120,1,6784,0,5,6790,T
6-NA,1121,6769,0,2,0,6771,A
6-NA,1122,3,6743,0,7,6753,T
6-NA,1123,7,8,6735,0,6750,G
6-NA,1124,6713,2,6,1,6722,A
6-NA,1125,6719,0,2,0,6721,A
6-NA,1126,6457,2,7,1,6467,A
6-NA,1127,2,1,0,6472,6475,C
6-NA,1128,7,0,1,6336,6344,C
6-NA,1129,0,6261,1,4,6266,T
6-NA,1130,1,6266,0,6,6273,T
6-NA,1131,10,2,0,6268,6280,C
6-NA,1132,6276,0,3,0,6279,A
6-NA,1133,6277,2,2,0,6281,A
6-NA,1134,6275,0,1,0,6276,A
6-NA,1135,2,0,6302,0,6304,G
6-NA,1136,1,6176,0,6,6183,T
6-NA,1137,38,3,0,6130,6171,C
6-NA,1138,6243,2,2,0,6247,A
6-NA,1139,2,6247,1,1,6251,T
6-NA,1140,0,6249,0,4,6253,T
6-NA,1141,1,10,6252,0,6263,G
6-NA,1142,6245,3,4,0,6252,A
6-NA,1143,6263,0,7,0,6270,A
6-NA,1144,0,8,6247,1,6256,G
6-NA,1145,3,5,6232,0,6240,G
6-NA,1146,9,1,0,6215,6225,C
6-NA,1147,1,6027,0,4,6032,T
6-NA,1148,0,6,6050,0,6056,G
6-NA,1149,1,0,6144,1,6146,G
6-NA,1150,3,6121,0,10,6134,T
6-NA,1151,17,2,0,6096,6115,C
6-NA,1152,10,1,0,6076,6087,C
6-NA,1153,6051,1,3,0,6055,A
6-NA,1154,6083,0,5,0,6088,A
6-NA,1155,6,1,1,6106,6114,C
6-NA,1156,11,4,1,6099,6115,C
6-NA,1157,21,1,0,6074,6096,C
6-NA,1158,1,5800,0,11,5812,T
6-NA,1159,5810,1,2,0,5813,A
6-NA,1160,5807,2,2,0,5811,A
6-NA,1161,1,0,5849,0,5850,G
6-NA,1162,1,5807,0,3,5811,T
6-NA,1163,17,1,0,5764,5782,C
6-NA,1164,11,0,2,5647,5660,C
6-NA,1165,5638,0,2,1,5641,A
6-NA,1166,5635,1,1,0,5637,A
6-NA,1167,5645,0,0,0,5645,A
6-NA,1168,0,5647,0,5,5652,T
6-NA,1169,0,5620,0,0,5620,T
6-NA,1170,1,1,5579,0,5581,G
6-NA,1171,1,0,0,5530,5531,C
6-NA,1172,5522,0,5,1,5528,A
6-NA,1173,0,5,5546,0,5551,G
6-NA,1174,5536,0,0,0,5536,A
6-NA,1175,3,5619,0,1,5623,T
6-NA,1176,5628,0,2,1,5631,A
6-NA,1177,5610,2,2,1,5615,A
6-NA,1178,5611,1,9,1,5622,A
6-NA,1179,0,5593,0,1,5594,T
6-NA,1180,5561,0,4,0,5565,A
6-NA,1181,1,5,5563,0,5569,G
6-NA,1182,7,2,5513,0,5522,G
6-NA,1183,7,0,2,5488,5497,C
6-NA,1184,5305,0,0,0,5305,A
6-NA,1185,5338,0,3,0,5341,A
6-NA,1186,1,3,5379,0,5383,G
6-NA,1187,1,5361,0,4,5366,T
6-NA,1188,25,1,2,5337,5365,C
6-NA,1189,5359,1,6,0,5366,A
6-NA,1190,0,5341,1,15,5357,T
6-NA,1191,5365,0,2,0,5367,A
6-NA,1192,0,1,5388,0,5389,G
6-NA,1193,0,5373,0,2,5375,T
6-NA,1194,2,5170,0,2,5174,T
6-NA,1195,0,15,5072,0,5087,G
6-NA,1196,5057,0,6,0,5063,A
6-NA,1197,0,3,1,5048,5052,C
6-NA,1198,4954,0,3,0,4957,A
6-NA,1199,0,5,4994,0,4999,G
6-NA,1200,4920,0,7,0,4927,A
6-NA,1201,0,9,5060,0,5069,G
6-NA,1202,0,4,5073,0,5077,G
6-NA,1203,1,5032,0,3,5036,T
6-NA,1204,5007,0,1,0,5008,A
6-NA,1205,5001,0,4,1,5006,A
6-NA,1206,0,5009,0,1,5010,T
6-NA,1207,4982,0,4,0,4986,A
6-NA,1208,0,11,4874,0,4885,G
6-NA,1209,1,2,4739,0,4742,G
6-NA,1210,0,4190,1,9,4200,T
6-NA,1211,6,0,0,4144,4150,C
6-NA,1212,1,3665,0,386,4052,T
6-NA,1213,3,11,4096,0,4110,G
6-NA,1214,0,0,4112,0,4112,G
6-NA,1215,2,4098,0,8,4108,T
6-NA,1216,0,4091,0,1,4092,T
6-NA,1217,3909,0,2,0,3911,A
6-NA,1218,1,3813,0,2,3816,T
6-NA,1219,0,3808,0,2,3810,T
6-NA,1220,7,1,0,3795,3803,C
6-NA,1221,0,3601,0,6,3607,T
6-NA,1222,1,2,3591,1,3595,G
6-NA,1223,1,0,3592,0,3593,G
6-NA,1224,1,3577,1,3,3582,T
6-NA,1225,3584,0,0,0,3584,A
6-NA,1226,0,3544,0,4,3548,T
6-NA,1227,0,3533,0,7,3540,T
6-NA,1228,0,3530,0,5,3535,T
6-NA,1229,0,3551,1,5,3557,T
6-NA,1230,5,0,0,3538,3543,C
6-NA,1231,1,3490,1,2,3494,T
6-NA,1232,13,0,0,3506,3519,C
6-NA,1233,0,3495,0,2,3497,T
6-NA,1234,1,2,3552,2,3557,G
6-NA,1235,1,3553,0,1,3555,T
6-NA,1236,1,3525,0,2,3528,T
6-NA,1237,0,4,3532,0,3536,G
6-NA,1238,3484,0,1,0,3485,A
6-NA,1239,3478,1,5,1,3485,A
6-NA,1240,2,10,3498,0,3510,G
6-NA,1241,2,0,3501,0,3503,G
6-NA,1242,1,1,0,3509,3511,C
6-NA,1243,3438,0,2,0,3440,A
6-NA,1244,3435,0,4,0,3439,A
6-NA,1245,3446,0,3,0,3449,A
6-NA,1246,3423,2,22,0,3447,A
6-NA,1247,1,2,3453,0,3456,G
6-NA,1248,1,3,0,3450,3454,C
6-NA,1249,0,3409,0,2,3411,T
6-NA,1250,0,2,3436,0,3438,G
6-NA,1251,1,0,1,3428,3430,C
6-NA,1252,3439,1,0,0,3440,A
6-NA,1253,2,3431,0,6,3439,T
6-NA,1254,8,0,1,3398,3407,C
6-NA,1255,3402,0,0,0,3402,A
6-NA,1256,3402,0,1,0,3403,A
6-NA,1257,3,3394,0,1,3398,T
6-NA,1258,6,2,0,3384,3392,C
6-NA,1259,0,9,3345,0,3354,G
6-NA,1260,0,1,3409,0,3410,G
6-NA,1261,0,3406,0,3,3409,T
6-NA,1262,1,2,3419,0,3422,G
6-NA,1263,4,0,0,3423,3427,C
6-NA,1264,0,3402,0,7,3409,T
6-NA,1265,0,3439,0,0,3439,T
6-NA,1266,0,3447,0,1,3448,T
6-NA,1267,0,3449,2,1,3452,T
6-NA,1268,3471,0,0,0,3471,A
6-NA,1269,0,3335,0,1,3336,T
6-NA,1270,7,1,3325,0,3333,G
6-NA,1271,0,3287,0,5,3292,T
6-NA,1272,0,3,3246,1,3250,G
6-NA,1273,1,3,3278,0,3282,G
6-NA,1274,3219,1,1,0,3221,A
6-NA,1275,0,2,3265,0,3267,G
6-NA,1276,0,3234,0,8,3242,T
6-NA,1277,0,3221,0,3,3224,T
6-NA,1278,4,10,3226,0,3240,G
6-NA,1279,3234,0,8,0,3242,A
6-NA,1280,0,3238,0,1,3239,T
6-NA,1281,3229,0,1,0,3230,A
6-NA,1282,3137,1,3,0,3141,A
6-NA,1283,0,6,3157,0,3163,G
6-NA,1284,1,4,3104,0,3109,G
6-NA,1285,0,4,3079,1,3084,G
6-NA,1286,0,5,3060,0,3065,G
6-NA,1287,3035,0,1,0,3036,A
6-NA,1288,3017,0,11,0,3028,A
6-NA,1289,0,8,3037,0,3045,G
6-NA,1290,3039,2,1,0,3042,A
6-NA,1291,3031,2,2,0,3035,A
6-NA,1292,2996,0,0,0,2996,A
6-NA,1293,2931,2,2,0,2935,A
6-NA,1294,1,1,2939,0,2941,G
6-NA,1295,2895,1,4,0,2900,A
6-NA,1296,0,7,2889,0,2896,G
6-NA,1297,0,3,2889,0,2892,G
6-NA,1298,2864,0,5,0,2869,A
6-NA,1299,2873,0,2,0,2875,A
6-NA,1300,2870,0,4,0,2874,A
6-NA,1301,0,3,0,2882,2885,C
6-NA,1302,2,2876,0,0,2878,T
6-NA,1303,0,5,2871,0,2876,G
6-NA,1304,2864,0,2,0,2866,A
6-NA,1305,2858,0,4,0,2862,A
6-NA,1306,0,0,2884,0,2884,G
6-NA,1307,0,2854,0,3,2857,T
6-NA,1308,10,0,0,2857,2867,C
6-NA,1309,0,2838,0,8,2846,T
6-NA,1310,0,2834,0,2,2836,T
6-NA,1311,2,2,2834,0,2838,G
6-NA,1312,0,2820,0,1,2821,T
6-NA,1313,0,6,2815,0,2821,G
6-NA,1314,0,3,2816,0,2819,G
6-NA,1315,2780,0,3,0,2783,A
6-NA,1316,0,0,1,2790,2791,C
6-NA,1317,7,1,0,2708,2716,C
6-NA,1318,1,2707,0,4,2712,T
6-NA,1319,7,0,0,2709,2716,C
6-NA,1320,2722,0,0,0,2722,A
6-NA,1321,2713,0,2,0,2715,A
6-NA,1322,2718,0,2,0,2720,A
6-NA,1323,3,1,0,2739,2743,C
6-NA,1324,2667,0,1,0,2668,A
6-NA,1325,0,0,2698,0,2698,G
6-NA,1326,0,2662,0,1,2663,T
6-NA,1327,2662,0,0,0,2662,A
6-NA,1328,2,2659,0,3,2664,T
6-NA,1329,1,2611,0,0,2612,T
6-NA,1330,1,1,2628,0,2630,G
6-NA,1331,1,2616,0,3,2620,T
6-NA,1332,0,2504,0,3,2507,T
6-NA,1333,0,3,2510,0,2513,G
6-NA,1334,1,2373,0,0,2374,T
6-NA,1335,0,0,2385,0,2385,G
6-NA,1336,0,2355,1,6,2362,T
6-NA,1337,0,2316,1,0,2317,T
6-NA,1338,0,2322,1,2,2325,T
6-NA,1339,0,2260,1,1,2262,T
6-NA,1340,1,1,2265,0,2267,G
6-NA,1341,0,2264,0,2,2266,T
6-NA,1342,0,3,2247,0,2250,G
6-NA,1343,2,0,2249,0,2251,G
6-NA,1344,1,0,0,2219,2220,C
6-NA,1345,2214,1,0,0,2215,A
6-NA,1346,2,0,0,2229,2231,C
6-NA,1347,6,6,0,2197,2209,C
6-NA,1348,0,2203,0,1,2204,T
6-NA,1349,5,0,0,2195,2200,C
6-NA,1350,2198,0,3,0,2201,A
6-NA,1351,0,3,2209,0,2212,G
6-NA,1352,1,3,2211,0,2215,G
6-NA,1353,0,2202,0,0,2202,T
6-NA,1354,2193,0,3,0,2196,A
6-NA,1355,1,2,0,2107,2110,C
6-NA,1356,2071,0,1,0,2072,A
6-NA,1357,4,2060,0,0,2064,T
6-NA,1358,2012,1,0,0,2013,A
6-NA,1359,0,2013,0,0,2013,T
6-NA,1360,0,3,1885,1,1889,G
6-NA,1361,0,2,1884,0,1886,G
6-NA,1362,1879,0,1,0,1880,A
6-NA,1363,1859,1,1,0,1861,A
6-NA,1364,0,1,0,1839,1840,C
6-NA,1365,1565,0,1,0,1566,A
6-NA,1366,0,0,1568,0,1568,G
6-NA,1367,0,0,1558,0,1558,G
6-NA,1368,0,1,0,1563,1564,C
6-NA,1369,0,1559,0,1,1560,T
6-NA,1370,3,0,0,1486,1489,C
6-NA,1371,1481,0,2,0,1483,A
6-NA,1372,1,1474,0,3,1478,T
6-NA,1373,1,2,1482,0,1485,G
6-NA,1374,1,0,1485,0,1486,G
6-NA,1375,0,0,0,1439,1439,C
6-NA,1376,1,1,0,1429,1431,C
6-NA,1377,1,1323,0,1,1325,T
6-NA,1378,0,3,1322,0,1325,G
6-NA,1379,1325,0,0,0,1325,A
6-NA,1380,0,1324,0,0,1324,T
6-NA,1381,1,1,1293,0,1295,G
6-NA,1382,0,1,1261,0,1262,G
6-NA,1383,0,2,1181,0,1183,G
6-NA,1384,1,0,1182,0,1183,G
6-NA,1385,0,1,0,1155,1156,C
6-NA,1386,1,2,1147,0,1150,G
6-NA,1387,2,2,1134,0,1138,G
6-NA,1388,1122,0,0,0,1122,A
6-NA,1389,0,0,1,1116,1117,C
6-NA,1390,1111,0,0,1,1112,A
6-NA,1391,1,1097,0,1,1099,T
6-NA,1392,7,0,0,1072,1079,C
6-NA,1393,1073,0,0,0,1073,A
6-NA,1394,1070,0,0,0,1070,A
6-NA,1395,1,1067,0,1,1069,T
6-NA,1396,2,0,0,1041,1043,C
6-NA,1397,0,1012,0,2,1014,T
6-NA,1398,3,0,0,888,891,C
6-NA,1399,889,0,0,0,889,A
6-NA,1400,0,883,0,0,883,T
6-NA,1401,0,0,880,0,880,G
6-NA,1402,1,0,0,875,876,C
6-NA,1403,0,0,0,834,834,C
6-NA,1404,0,755,0,1,756,T
6-NA,1405,751,0,0,0,751,A
6-NA,1406,0,750,0,0,750,T
6-NA,1407,747,0,0,0,747,A
6-NA,1408,0,746,0,0,746,T
6-NA,1409,680,0,0,0,680,A
6-NA,1410,657,0,0,0,657,A
7-M,1,80,0,0,0,80,A
7-M,2,0,81,0,0,81,T
7-M,3,0,0,83,0,83,G
7-M,4,83,0,0,0,83,A
7-M,5,0,0,88,0,88,G
7-M,6,0,0,0,91,91,C
7-M,7,0,0,0,93,93,C
7-M,8,0,127,0,0,127,T
7-M,9,0,126,0,0,126,T
7-M,10,0,0,0,126,126,C
7-M,11,0,129,0,0,129,T
7-M,12,133,0,0,0,133,A
7-M,13,133,0,0,0,133,A
7-M,14,0,0,0,132,132,C
7-M,15,0,0,0,133,133,C
7-M,16,0,1,132,0,133,G
7-M,17,131,0,0,0,131,A
7-M,18,0,1,134,0,135,G
7-M,19,0,1,138,1,140,G
7-M,20,0,140,0,0,140,T
7-M,21,0,0,0,141,141,C
7-M,22,0,0,141,0,141,G
7-M,23,146,0,0,0,146,A
7-M,24,149,0,0,0,149,A
7-M,25,149,0,0,0,149,A
7-M,26,1,0,0,163,164,C
7-M,27,0,0,170,0,170,G
7-M,28,0,169,0,0,169,T
7-M,29,170,0,0,0,170,A
7-M,30,1,169,0,0,170,T
7-M,31,0,0,176,0,176,G
7-M,32,1,177,0,0,178,T
7-M,33,0,197,0,0,197,T
7-M,34,0,0,0,204,204,C
7-M,35,0,205,0,0,205,T
7-M,36,0,0,0,213,213,C
7-M,37,0,215,0,0,215,T
7-M,38,0,0,0,224,224,C
7-M,39,0,224,0,0,224,T
7-M,40,224,0,0,0,224,A
7-M,41,0,224,0,0,224,T
7-M,42,0,0,0,225,225,C
7-M,43,0,0,227,0,227,G
7-M,44,0,228,0,0,228,T
7-M,45,1,225,0,2,228,T
7-M,46,1,0,0,231,232,C
7-M,47,0,0,0,240,240,C
7-M,48,243,0,0,0,243,A
7-M,49,0,243,0,1,244,T
7-M,50,0,1,0,242,243,C
7-M,51,244,0,0,0,244,A
7-M,52,0,0,249,0,249,G
7-M,53,0,0,249,0,249,G
7-M,54,0,0,0,250,250,C
7-M,55,0,1,0,248,249,C
7-M,56,0,0,0,251,251,C
7-M,57,0,0,0,258,258,C
7-M,58,1,0,0,259,260,C
7-M,59,0,260,0,0,260,T
7-M,60,0,0,0,261,261,C
7-M,61,261,0,0,0,261,A
7-M,62,261,0,0,0,261,A
7-M,63,264,0,1,0,265,A
7-M,64,0,0,272,0,272,G
7-M,65,0,0,0,272,272,C
7-M,66,0,0,0,271,271,C
7-M,67,0,0,270,0,270,G
7-M,68,270,0,2,0,272,A
7-M,69,0,0,271,0,271,G
7-M,70,269,0,1,0,270,A
7-M,71,0,274,0,0,274,T
7-M,72,0,0,0,274,274,C
7-M,73,0,1,274,0,275,G
7-M,74,1,0,0,273,274,C
7-M,75,0,0,274,0,274,G
7-M,76,0,0,0,275,275,C
7-M,77,275,0,0,0,275,A
7-M,78,0,0,276,0,276,G
7-M,79,273,1,0,0,274,A
7-M,80,0,1,302,0,303,G
7-M,81,303,0,0,0,303,A
7-M,82,0,0,0,311,311,C
7-M,83,0,312,0,0,312,T
7-M,84,0,311,0,0,311,T
7-M,85,0,1,314,0,315,G
7-M,86,314,0,0,0,314,A
7-M,87,314,0,0,0,314,A
7-M,88,0,0,312,0,312,G
7-M,89,307,0,0,0,307,A
7-M,90,0,309,0,0,309,T
7-M,91,0,0,309,0,309,G
7-M,92,0,309,1,0,310,T
7-M,93,0,0,0,310,310,C
7-M,94,0,308,0,0,308,T
7-M,95,0,308,0,0,308,T
7-M,96,0,308,0,0,308,T
7-M,97,0,0,309,0,309,G
7-M,98,0,0,0,309,309,C
7-M,99,0,306,0,0,306,T
7-M,100,0,0,309,0,309,G
7-M,101,0,1,309,0,310,G
7-M,102,0,0,314,0,314,G
7-M,103,312,0,0,0,312,A
7-M,104,314,0,0,1,315,A
7-M,105,313,0,0,0,313,A
7-M,106,316,0,0,0,316,A
7-M,107,320,0,0,0,320,A
7-M,108,0,0,0,321,321,C
7-M,109,319,0,0,0,319,A
7-M,110,0,0,0,320,320,C
7-M,111,313,0,0,1,314,A
7-M,112,0,0,323,0,323,G
7-M,113,326,0,0,0,326,A
7-M,114,0,327,0,0,327,T
7-M,115,0,0,0,330,330,C
7-M,116,0,330,0,0,330,T
7-M,117,0,331,0,0,331,T
7-M,118,0,0,328,0,328,G
7-M,119,326,1,0,0,327,A
7-M,120,0,0,331,0,331,G
7-M,121,0,0,329,0,329,G
7-M,122,0,0,0,333,333,C
7-M,123,1,325,0,1,327,T
7-M,124,0,0,0,363,363,C
7-M,125,0,363,0,0,363,T
7-M,126,1,0,0,363,364,C
7-M,127,363,1,0,0,364,A
7-M,128,0,365,0,0,365,T
7-M,129,0,0,365,0,365,G
7-M,130,0,0,366,0,366,G
7-M,131,364,0,0,1,365,A
7-M,132,363,1,2,0,366,A
7-M,133,0,354,0,0,354,T
7-M,134,0,0,361,0,361,G
7-M,135,0,1,373,0,374,G
7-M,136,0,1,0,373,374,C
7-M,137,0,374,0,0,374,T
7-M,138,373,0,0,0,373,A
7-M,139,374,0,0,0,374,A
7-M,140,375,0,0,0,375,A
7-M,141,0,1,376,0,377,G
7-M,142,375,0,1,0,376,A
7-M,143,0,0,0,373,373,C
7-M,144,367,0,0,0,367,A
7-M,145,365,0,1,0,366,A
7-M,146,0,0,378,0,378,G
7-M,147,378,0,1,0,379,A
7-M,148,0,0,0,379,379,C
7-M,149,0,0,0,380,380,C
7-M,150,375,0,0,0,375,A
7-M,151,384,0,0,0,384,A
7-M,152,0,384,2,0,386,T
7-M,153,1,384,0,0,385,T
7-M,154,1,0,0,386,387,C
7-M,155,0,386,0,0,386,T
7-M,156,0,0,386,0,386,G
7-M,157,0,385,0,1,386,T
7-M,158,0,0,0,385,385,C
7-M,159,386,0,0,0,386,A
7-M,160,0,0,0,396,396,C
7-M,161,0,0,0,398,398,C
7-M,162,0,397,0,0,397,T
7-M,163,0,0,0,403,403,C
7-M,164,0,397,0,0,397,T
7-M,165,0,3,410,0,413,G
7-M,166,412,0,1,0,413,A
7-M,167,0,0,0,412,412,C
7-M,168,0,407,0,0,407,T
7-M,169,405,0,0,0,405,A
7-M,170,402,0,1,0,403,A
7-M,171,7,1,397,0,405,G
7-M,172,0,1,406,0,407,G
7-M,173,0,1,407,0,408,G
7-M,174,0,1,406,0,407,G
7-M,175,409,0,0,0,409,A
7-M,176,0,411,0,0,411,T
7-M,177,0,408,0,0,408,T
7-M,178,0,412,0,0,412,T
7-M,179,0,412,0,0,412,T
7-M,180,0,1,412,0,413,G
7-M,181,0,3,411,0,414,G
7-M,182,0,1,413,0,414,G
7-M,183,0,1,412,0,413,G
7-M,184,0,407,0,0,407,T
7-M,185,0,407,0,0,407,T
7-M,186,0,408,0,0,408,T
7-M,187,0,0,418,0,418,G
7-M,188,0,415,0,0,415,T
7-M,189,0,0,421,0,421,G
7-M,190,0,423,0,0,423,T
7-M,191,0,420,0,0,420,T
7-M,192,4,0,0,423,427,C
7-M,193,424,0,0,0,424,A
7-M,194,0,0,0,435,435,C
7-M,195,0,0,436,0,436,G
7-M,196,1,0,0,434,435,C
7-M,197,0,429,0,0,429,T
7-M,198,3,0,0,440,443,C
7-M,199,441,0,0,0,441,A
7-M,200,0,1,0,446,447,C
7-M,201,0,0,0,449,449,C
7-M,202,0,0,448,0,448,G
7-M,203,1,453,0,0,454,T
7-M,204,0,0,459,0,459,G
7-M,205,0,0,0,459,459,C
7-M,206,1,0,0,459,460,C
7-M,207,0,1,0,459,460,C
7-M,208,455,0,0,0,455,A
7-M,209,0,0,462,0,462,G
7-M,210,0,459,0,0,459,T
7-M,211,0,1,467,0,468,G
7-M,212,465,0,0,0,465,A
7-M,213,0,0,466,0,466,G
7-M,214,0,0,0,466,466,C
7-M,215,0,0,464,0,464,G
7-M,216,0,0,456,0,456,G
7-M,217,0,1,465,0,466,G
7-M,218,0,3,463,0,466,G
7-M,219,465,0,0,0,465,A
7-M,220,0,1,0,472,473,C
7-M,221,1,462,0,0,463,T
7-M,222,0,0,462,0,462,G
7-M,223,0,0,0,464,464,C
7-M,224,462,0,0,0,462,A
7-M,225,0,0,474,0,474,G
7-M,226,1,0,0,469,470,C
7-M,227,0,0,471,0,471,G
7-M,228,0,471,0,0,471,T
7-M,229,464,0,0,0,464,A
7-M,230,0,2,460,0,462,G
7-M,231,464,0,0,0,464,A
7-M,232,0,0,0,467,467,C
7-M,233,0,0,468,0,468,G
7-M,234,0,0,0,467,467,C
7-M,235,0,458,0,0,458,T
7-M,236,0,458,0,0,458,T
7-M,237,0,458,0,0,458,T
7-M,238,0,1,468,0,469,G
7-M,239,0,471,0,0,471,T
7-M,240,0,1,0,466,467,C
7-M,241,0,0,0,468,468,C
7-M,242,469,0,0,0,469,A
7-M,243,471,0,0,0,471,A
7-M,244,473,0,0,0,473,A
7-M,245,474,0,0,0,474,A
7-M,246,0,472,0,0,472,T
7-M,247,0,0,469,0,469,G
7-M,248,1,0,0,468,469,C
7-M,249,0,0,0,469,469,C
7-M,250,1,0,0,473,474,C
7-M,251,0,474,0,0,474,T
7-M,252,3,1,0,485,489,C
7-M,253,488,1,0,0,489,A
7-M,254,493,0,0,0,493,A
7-M,255,0,497,0,0,497,T
7-M,256,0,2,498,0,500,G
7-M,257,0,1,503,0,504,G
7-M,258,0,0,506,0,506,G
7-M,259,505,0,0,0,505,A
7-M,260,508,0,0,0,508,A
7-M,261,0,497,0,0,497,T
7-M,262,0,0,497,0,497,G
7-M,263,0,3,493,1,497,G
7-M,264,497,0,0,0,497,A
7-M,265,0,1,496,0,497,G
7-M,266,491,0,0,0,491,A
7-M,267,0,0,0,484,484,C
7-M,268,2,1,0,496,499,C
7-M,269,2,0,0,497,499,C
7-M,270,507,0,0,1,508,A
7-M,271,509,0,0,0,509,A
7-M,272,506,0,1,0,507,A
7-M,273,0,508,0,0,508,T
7-M,274,519,0,0,0,519,A
7-M,275,521,0,1,0,522,A
7-M,276,0,0,0,513,513,C
7-M,277,511,0,2,0,513,A
7-M,278,0,510,0,0,510,T
7-M,279,0,1,513,1,515,G
7-M,280,0,1,516,0,517,G
7-M,281,518,0,0,0,518,A
7-M,282,0,1,0,518,519,C
7-M,283,507,0,1,0,508,A
7-M,284,519,0,0,0,519,A
7-M,285,517,0,1,0,518,A
7-M,286,0,0,519,0,519,G
7-M,287,0,0,0,531,531,C
7-M,288,521,0,0,0,521,A
7-M,289,0,0,531,0,531,G
7-M,290,0,535,0,0,535,T
7-M,291,0,535,0,0,535,T
7-M,292,536,0,0,1,537,A
7-M,293,535,0,0,0,535,A
7-M,294,538,1,0,0,539,A
7-M,295,0,0,0,551,551,C
7-M,296,0,535,0,0,535,T
7-M,297,0,0,590,0,590,G
7-M,298,1,585,0,0,586,T
7-M,299,591,0,0,0,591,A
7-M,300,0,590,0,0,590,T
7-M,301,585,1,1,0,587,A
7-M,302,0,0,585,0,585,G
7-M,303,0,0,587,0,587,G
7-M,304,583,0,0,0,583,A
7-M,305,582,0,0,0,582,A
7-M,306,550,0,1,0,551,A
7-M,307,0,0,0,554,554,C
7-M,308,0,552,0,1,553,T
7-M,309,0,554,0,0,554,T
7-M,310,553,0,0,0,553,A
7-M,311,552,0,0,0,552,A
7-M,312,0,1,552,0,553,G
7-M,313,550,0,0,0,550,A
7-M,314,0,1,549,0,550,G
7-M,315,533,0,1,0,534,A
7-M,316,0,1,535,0,536,G
7-M,317,536,0,0,0,536,A
7-M,318,536,0,0,0,536,A
7-M,319,558,0,0,0,558,A
7-M,320,0,557,0,0,557,T
7-M,321,559,0,0,0,559,A
7-M,322,561,0,0,0,561,A
7-M,323,0,0,0,561,561,C
7-M,324,0,0,563,0,563,G
7-M,325,0,559,0,0,559,T
7-M,326,0,556,0,0,556,T
7-M,327,0,1,0,558,559,C
7-M,328,0,0,0,557,557,C
7-M,329,558,0,1,0,559,A
7-M,330,0,557,0,1,558,T
7-M,331,0,1,557,0,558,G
7-M,332,0,3,558,0,561,G
7-M,333,0,0,558,0,558,G
7-M,334,0,2,553,1,556,G
7-M,335,0,0,0,558,558,C
7-M,336,1,2,0,550,553,C
7-M,337,552,1,0,0,553,A
7-M,338,556,1,0,0,557,A
7-M,339,559,0,0,0,559,A
7-M,340,0,0,560,0,560,G
7-M,341,560,0,0,0,560,A
7-M,342,559,1,0,0,560,A
7-M,343,559,0,1,0,560,A
7-M,344,0,561,0,0,561,T
7-M,345,562,0,0,0,562,A
7-M,346,0,0,569,0,569,G
7-M,347,1,0,0,567,568,C
7-M,348,0,565,0,1,566,T
7-M,349,1,0,0,566,567,C
7-M,350,0,564,0,0,564,T
7-M,351,5,0,0,576,581,C
7-M,352,580,1,0,0,581,A
7-M,353,0,1,581,0,582,G
7-M,354,0,578,0,0,578,T
7-M,355,0,585,0,0,585,T
7-M,356,588,0,0,0,588,A
7-M,357,0,589,0,0,589,T
7-M,358,0,586,0,0,586,T
7-M,359,2,0,0,592,594,C
7-M,360,0,581,0,0,581,T
7-M,361,1,2,580,0,583,G
7-M,362,0,0,0,584,584,C
7-M,363,0,581,0,0,581,T
7-M,364,0,1,579,0,580,G
7-M,365,0,1,580,0,581,G
7-M,366,0,580,0,1,581,T
7-M,367,0,0,578,0,578,G
7-M,368,0,0,0,581,581,C
7-M,369,582,0,0,0,582,A
7-M,370,0,0,0,582,582,C
7-M,371,0,574,0,1,575,T
7-M,372,0,583,0,0,583,T
7-M,373,0,1,582,0,583,G
7-M,374,0,2,0,580,582,C
7-M,375,0,1,0,584,585,C
7-M,376,583,0,0,0,583,A
7-M,377,0,0,584,0,584,G
7-M,378,1,582,0,0,583,T
7-M,379,0,583,0,1,584,T
7-M,380,0,0,585,0,585,G
7-M,381,0,1,0,579,580,C
7-M,382,579,0,2,0,581,A
7-M,383,0,578,0,0,578,T
7-M,384,0,4,576,0,580,G
7-M,385,0,2,579,0,581,G
7-M,386,0,0,579,1,580,G
7-M,387,0,0,0,583,583,C
7-M,388,1,0,0,586,587,C
7-M,389,0,586,0,1,587,T
7-M,390,2,0,0,590,592,C
7-M,391,626,0,0,0,626,A
7-M,392,0,627,0,0,627,T
7-M,393,645,0,0,0,645,A
7-M,394,0,631,0,0,631,T
7-M,395,623,0,1,0,624,A
7-M,396,0,0,0,651,651,C
7-M,397,626,0,0,0,626,A
7-M,398,633,0,0,0,633,A
7-M,399,0,624,0,0,624,T
7-M,400,604,0,0,0,604,A
7-M,401,0,0,612,0,612,G
7-M,402,0,0,603,0,603,G
7-M,403,602,1,0,0,603,A
7-M,404,0,601,0,0,601,T
7-M,405,0,0,563,0,563,G
7-M,406,0,0,567,0,567,G
7-M,407,0,0,558,0,558,G
7-M,408,2,1,561,0,564,G
7-M,409,0,0,564,0,564,G
7-M,410,0,0,1,561,562,C
7-M,411,1,545,0,1,547,T
7-M,412,1,0,548,0,549,G
7-M,413,0,549,0,0,549,T
7-M,414,549,0,1,0,550,A
7-M,415,551,0,0,0,551,A
7-M,416,0,0,0,557,557,C
7-M,417,0,0,0,544,544,C
7-M,418,541,0,0,0,541,A
7-M,419,0,0,0,544,544,C
7-M,420,0,542,0,0,542,T
7-M,421,1,0,546,0,547,G
7-M,422,546,0,0,0,546,A
7-M,423,548,0,0,0,548,A
7-M,424,0,0,545,0,545,G
7-M,425,0,542,0,0,542,T
7-M,426,0,1,541,0,542,G
7-M,427,1,0,542,0,543,G
7-M,428,0,0,0,548,548,C
7-M,429,546,0,1,0,547,A
7-M,430,0,541,0,1,542,T
7-M,431,0,544,0,0,544,T
7-M,432,0,544,0,0,544,T
7-M,433,0,4,559,0,563,G
7-M,434,1,0,564,0,565,G
7-M,435,0,0,0,561,561,C
7-M,436,0,0,0,560,560,C
7-M,437,0,553,0,1,554,T
7-M,438,0,0,578,0,578,G
7-M,439,0,0,581,0,581,G
7-M,440,0,582,0,0,582,T
7-M,441,586,0,0,0,586,A
7-M,442,0,563,1,0,564,T
7-M,443,0,1,575,0,576,G
7-M,444,0,575,0,0,575,T
7-M,445,1,1,572,0,574,G
7-M,446,0,0,1,573,574,C
7-M,447,561,0,0,0,561,A
7-M,448,559,0,0,0,559,A
7-M,449,0,3,0,567,570,C
7-M,450,566,0,0,0,566,A
7-M,451,0,566,0,1,567,T
7-M,452,0,0,563,0,563,G
7-M,453,1,558,0,0,559,T
7-M,454,0,3,553,0,556,G
7-M,455,558,0,0,0,558,A
7-M,456,1,0,560,0,561,G
7-M,457,0,0,0,557,557,C
7-M,458,550,1,1,0,552,A
7-M,459,0,0,560,0,560,G
7-M,460,559,0,1,0,560,A
7-M,461,0,561,0,0,561,T
7-M,462,0,561,0,1,562,T
7-M,463,0,0,565,0,565,G
7-M,464,0,1,0,562,563,C
7-M,465,0,564,0,0,564,T
7-M,466,0,4,560,0,564,G
7-M,467,564,0,0,0,564,A
7-M,468,0,1,0,594,595,C
7-M,469,0,597,0,0,597,T
7-M,470,0,0,0,598,598,C
7-M,471,2,0,0,596,598,C
7-M,472,1,1,0,598,600,C
7-M,473,599,0,0,0,599,A
7-M,474,0,0,604,0,604,G
7-M,475,1,0,0,603,604,C
7-M,476,602,0,1,0,603,A
7-M,477,0,0,0,600,600,C
7-M,478,571,0,0,0,571,A
7-M,479,0,1,574,0,575,G
7-M,480,0,1,576,0,577,G
7-M,481,0,578,0,1,579,T
7-M,482,3,1,0,589,593,C
7-M,483,0,581,0,3,584,T
7-M,484,0,0,0,586,586,C
7-M,485,586,0,1,0,587,A
7-M,486,0,587,0,0,587,T
7-M,487,587,0,1,0,588,A
7-M,488,0,0,583,0,583,G
7-M,489,0,0,582,0,582,G
7-M,490,0,0,0,581,581,C
7-M,491,559,0,0,0,559,A
7-M,492,0,0,558,0,558,G
7-M,493,558,0,0,0,558,A
7-M,494,0,560,0,0,560,T
7-M,495,0,1,562,0,563,G
7-M,496,0,0,557,0,557,G
7-M,497,0,553,0,0,553,T
7-M,498,0,0,556,0,556,G
7-M,499,0,0,556,0,556,G
7-M,500,1,0,0,556,557,C
7-M,501,553,0,0,0,553,A
7-M,502,552,0,0,0,552,A
7-M,503,0,0,0,557,557,C
7-M,504,560,0,0,0,560,A
7-M,505,561,0,0,0,561,A
7-M,506,0,0,0,560,560,C
7-M,507,4,0,0,556,560,C
7-M,508,555,0,0,0,555,A
7-M,509,558,0,1,0,559,A
7-M,510,0,557,0,1,558,T
7-M,511,0,0,0,561,561,C
7-M,512,0,0,0,550,550,C
7-M,513,545,0,0,0,545,A
7-M,514,0,545,0,0,545,T
7-M,515,0,546,0,0,546,T
7-M,516,546,0,0,0,546,A
7-M,517,546,0,0,0,546,A
7-M,518,0,547,0,0,547,T
7-M,519,544,0,1,0,545,A
7-M,520,545,0,0,0,545,A
7-M,521,540,0,0,0,540,A
7-M,522,543,0,0,0,543,A
7-M,523,0,0,0,558,558,C
7-M,524,558,0,0,0,558,A
7-M,525,0,554,0,0,554,T
7-M,526,0,1,553,0,554,G
7-M,527,550,0,1,0,551,A
7-M,528,0,1,554,0,555,G
7-M,529,554,0,1,0,555,A
7-M,530,557,0,0,0,557,A
7-M,531,1,0,0,560,561,C
7-M,532,540,0,0,0,540,A
7-M,533,0,1,549,0,550,G
7-M,534,544,0,0,0,544,A
7-M,535,546,0,0,0,546,A
7-M,536,0,544,0,0,544,T
7-M,537,0,2,540,0,542,G
7-M,538,0,0,541,0,541,G
7-M,539,0,535,0,0,535,T
7-M,540,0,521,0,0,521,T
7-M,541,0,533,0,0,533,T
7-M,542,0,533,0,0,533,T
7-M,543,0,1,543,0,544,G
7-M,544,0,1,542,0,543,G
7-M,545,0,0,0,540,540,C
7-M,546,0,1,0,544,545,C
7-M,547,526,1,0,0,527,A
7-M,548,1,0,546,0,547,G
7-M,549,0,0,0,549,549,C
7-M,550,553,0,0,0,553,A
7-M,551,0,0,0,557,557,C
7-M,552,0,550,0,0,550,T
7-M,553,554,0,0,0,554,A
7-M,554,1,0,0,560,561,C
7-M,555,566,0,1,0,567,A
7-M,556,0,0,576,0,576,G
7-M,557,0,0,0,558,558,C
7-M,558,0,550,0,0,550,T
7-M,559,549,0,0,0,549,A
7-M,560,542,0,0,0,542,A
7-M,561,0,1,548,0,549,G
7-M,562,0,0,547,0,547,G
7-M,563,0,0,0,549,549,C
7-M,564,0,519,0,0,519,T
7-M,565,521,0,0,0,521,A
7-M,566,0,519,0,1,520,T
7-M,567,0,0,522,0,522,G
7-M,568,0,1,525,0,526,G
7-M,569,519,0,2,0,521,A
7-M,570,0,1,519,0,520,G
7-M,571,0,0,0,518,518,C
7-M,572,513,0,0,0,513,A
7-M,573,515,0,0,0,515,A
7-M,574,506,0,1,0,507,A
7-M,575,0,515,0,0,515,T
7-M,576,0,1,513,0,514,G
7-M,577,0,0,510,1,511,G
7-M,578,0,0,0,509,509,C
7-M,579,0,506,0,0,506,T
7-M,580,0,0,510,0,510,G
7-M,581,0,0,516,0,516,G
7-M,582,514,0,0,0,514,A
7-M,583,0,508,0,0,508,T
7-M,584,2,0,0,506,508,C
7-M,585,509,0,0,0,509,A
7-M,586,512,0,0,0,512,A
7-M,587,1,2,512,0,515,G
7-M,588,0,516,0,0,516,T
7-M,589,0,2,512,0,514,G
7-M,590,510,0,1,0,511,A
7-M,591,502,0,0,0,502,A
7-M,592,0,0,0,506,506,C
7-M,593,509,0,1,0,510,A
7-M,594,0,0,515,0,515,G
7-M,595,0,0,511,0,511,G
7-M,596,0,1,0,512,513,C
7-M,597,512,0,0,0,512,A
7-M,598,0,0,516,0,516,G
7-M,599,0,2,0,515,517,C
7-M,600,0,0,517,0,517,G
7-M,601,0,0,519,0,519,G
7-M,602,517,0,0,0,517,A
7-M,603,0,0,522,0,522,G
7-M,604,1,0,529,0,530,G
7-M,605,0,0,0,530,530,C
7-M,606,1,0,0,530,531,C
7-M,607,524,0,0,0,524,A
7-M,608,0,521,0,0,521,T
7-M,609,0,1,526,0,527,G
7-M,610,0,0,529,0,529,G
7-M,611,525,0,2,0,527,A
7-M,612,0,0,534,0,534,G
7-M,613,521,0,0,0,521,A
7-M,614,0,534,0,0,534,T
7-M,615,1,530,0,0,531,T
7-M,616,1,0,531,0,532,G
7-M,617,0,0,0,532,532,C
7-M,618,0,531,0,0,531,T
7-M,619,534,0,0,0,534,A
7-M,620,0,0,533,0,533,G
7-M,621,0,530,0,0,530,T
7-M,622,2,0,0,529,531,C
7-M,623,516,0,0,0,516,A
7-M,624,0,1,522,0,523,G
7-M,625,0,0,523,0,523,G
7-M,626,0,0,0,524,524,C
7-M,627,0,0,0,521,521,C
7-M,628,520,0,0,0,520,A
7-M,629,0,0,526,0,526,G
7-M,630,0,0,523,0,523,G
7-M,631,0,0,0,529,529,C
7-M,632,527,0,0,0,527,A
7-M,633,0,0,527,0,527,G
7-M,634,516,0,1,0,517,A
7-M,635,0,517,0,0,517,T
7-M,636,0,1,519,0,520,G
7-M,637,1,0,532,0,533,G
7-M,638,0,519,0,0,519,T
7-M,639,0,1,517,0,518,G
7-M,640,0,0,0,515,515,C
7-M,641,512,0,0,0,512,A
7-M,642,0,1,519,1,521,G
7-M,643,0,0,519,0,519,G
7-M,644,0,0,0,521,521,C
7-M,645,517,0,0,0,517,A
7-M,646,501,0,1,0,502,A
7-M,647,0,504,0,0,504,T
7-M,648,0,2,504,0,506,G
7-M,649,500,0,1,0,501,A
7-M,650,0,0,506,0,506,G
7-M,651,496,0,1,0,497,A
7-M,652,1,1,495,0,497,G
7-M,653,0,0,0,504,504,C
7-M,654,1,0,0,510,511,C
7-M,655,513,0,0,0,513,A
7-M,656,0,512,0,0,512,T
7-M,657,0,513,0,0,513,T
7-M,658,0,0,510,0,510,G
7-M,659,1,0,509,0,510,G
7-M,660,0,2,511,0,513,G
7-M,661,506,1,0,0,507,A
7-M,662,0,0,0,503,503,C
7-M,663,0,491,0,0,491,T
7-M,664,1,0,0,495,496,C
7-M,665,498,0,0,0,498,A
7-M,666,1,515,0,0,516,T
7-M,667,1,0,0,518,519,C
7-M,668,2,0,0,512,514,C
7-M,669,0,512,0,0,512,T
7-M,670,510,0,0,0,510,A
7-M,671,0,0,512,0,512,G
7-M,672,0,530,1,0,531,T
7-M,673,0,528,0,1,529,T
7-M,674,0,0,0,530,530,C
7-M,675,0,2,0,509,511,C
7-M,676,508,0,0,0,508,A
7-M,677,1,0,512,0,513,G
7-M,678,0,514,0,0,514,T
7-M,679,512,0,0,0,512,A
7-M,680,0,0,0,510,510,C
7-M,681,0,485,0,0,485,T
7-M,682,1,0,504,0,505,G
7-M,683,0,0,503,1,504,G
7-M,684,0,500,0,0,500,T
7-M,685,0,494,0,0,494,T
7-M,686,0,501,0,1,502,T
7-M,687,500,0,0,0,500,A
7-M,688,504,0,1,0,505,A
7-M,689,0,2,504,0,506,G
7-M,690,499,0,0,0,499,A
7-M,691,0,0,494,0,494,G
7-M,692,477,0,0,0,477,A
7-M,693,0,477,0,0,477,T
7-M,694,0,0,477,0,477,G
7-M,695,477,0,0,0,477,A
7-M,696,0,473,0,3,476,T
7-M,697,0,0,0,476,476,C
7-M,698,0,471,0,0,471,T
7-M,699,0,475,0,0,475,T
7-M,700,0,0,0,475,475,C
7-M,701,0,476,0,0,476,T
7-M,702,0,472,0,1,473,T
7-M,703,1,1,474,0,476,G
7-M,704,474,0,0,0,474,A
7-M,705,474,0,0,0,474,A
7-M,706,473,0,0,0,473,A
7-M,707,472,0,0,0,472,A
7-M,708,0,472,0,0,472,T
7-M,709,0,474,0,0,474,T
7-M,710,0,474,0,0,474,T
7-M,711,0,0,473,0,473,G
7-M,712,0,0,0,473,473,C
7-M,713,475,0,0,0,475,A
7-M,714,0,0,479,0,479,G
7-M,715,480,0,0,0,480,A
7-M,716,0,0,0,486,486,C
7-M,717,0,2,0,475,477,C
7-M,718,0,476,0,0,476,T
7-M,719,480,0,0,0,480,A
7-M,720,0,481,0,0,481,T
7-M,721,0,0,0,481,481,C
7-M,722,477,0,0,0,477,A
7-M,723,0,0,482,0,482,G
7-M,724,479,0,0,0,479,A
7-M,725,466,0,0,0,466,A
7-M,726,468,0,1,0,469,A
7-M,727,0,1,0,469,470,C
7-M,728,0,2,468,0,470,G
7-M,729,472,0,0,0,472,A
7-M,730,471,0,0,0,471,A
7-M,731,0,472,0,0,472,T
7-M,732,0,0,471,0,471,G
7-M,733,1,1,473,0,475,G
7-M,734,0,3,472,0,475,G
7-M,735,0,1,475,0,476,G
7-M,736,0,0,482,0,482,G
7-M,737,0,472,0,2,474,T
7-M,738,0,1,472,0,473,G
7-M,739,0,0,0,472,472,C
7-M,740,468,0,2,0,470,A
7-M,741,0,1,469,0,470,G
7-M,742,467,0,0,1,468,A
7-M,743,0,459,0,0,459,T
7-M,744,1,0,454,0,455,G
7-M,745,0,0,0,452,452,C
7-M,746,451,0,0,0,451,A
7-M,747,451,0,0,0,451,A
7-M,748,0,0,1,453,454,C
7-M,749,0,0,455,0,455,G
7-M,750,453,0,0,0,453,A
7-M,751,0,451,0,0,451,T
7-M,752,0,451,0,0,451,T
7-M,753,1,0,0,453,454,C
7-M,754,445,0,0,1,446,A
7-M,755,446,0,0,0,446,A
7-M,756,0,0,445,0,445,G
7-M,757,0,440,0,0,440,T
7-M,758,0,2,437,1,440,G
7-M,759,428,1,1,0,430,A
7-M,760,0,0,0,428,428,C
7-M,761,0,0,0,427,427,C
7-M,762,1,1,0,428,430,C
7-M,763,0,0,431,0,431,G
7-M,764,0,0,0,434,434,C
7-M,765,0,431,0,1,432,T
7-M,766,1,433,0,0,434,T
7-M,767,0,0,434,0,434,G
7-M,768,1,433,0,0,434,T
7-M,769,0,433,0,0,433,T
7-M,770,1,0,432,0,433,G
7-M,771,0,423,0,0,423,T
7-M,772,0,422,0,0,422,T
7-M,773,0,0,419,0,419,G
7-M,774,0,1,0,420,421,C
7-M,775,2,1,0,417,420,C
7-M,776,0,0,423,0,423,G
7-M,777,0,0,0,419,419,C
7-M,778,0,2,420,0,422,G
7-M,779,420,0,0,0,420,A
7-M,780,419,1,0,0,420,A
7-M,781,0,250,0,173,423,T
7-M,782,427,0,0,0,427,A
7-M,783,0,433,1,0,434,T
7-M,784,1,0,0,436,437,C
7-M,785,437,0,0,1,438,A
7-M,786,0,434,0,3,437,T
7-M,787,0,436,0,0,436,T
7-M,788,0,0,438,0,438,G
7-M,789,0,1,434,0,435,G
7-M,790,1,0,428,0,429,G
7-M,791,425,0,0,0,425,A
7-M,792,0,418,0,0,418,T
7-M,793,1,0,0,408,409,C
7-M,794,0,408,0,0,408,T
7-M,795,0,409,0,0,409,T
7-M,796,0,0,413,0,413,G
7-M,797,0,0,0,412,412,C
7-M,798,409,0,1,0,410,A
7-M,799,0,0,0,412,412,C
7-M,800,0,406,0,0,406,T
7-M,801,0,407,0,0,407,T
7-M,802,0,0,407,0,407,G
7-M,803,407,0,1,0,408,A
7-M,804,0,408,0,0,408,T
7-M,805,399,0,0,0,399,A
7-M,806,0,399,0,0,399,T
7-M,807,0,394,0,0,394,T
7-M,808,1,1,393,0,395,G
7-M,809,0,391,0,0,391,T
7-M,810,0,0,381,0,381,G
7-M,811,0,0,385,0,385,G
7-M,812,377,0,0,0,377,A
7-M,813,0,379,0,0,379,T
7-M,814,0,377,0,0,377,T
7-M,815,0,1,0,375,376,C
7-M,816,0,377,0,1,378,T
7-M,817,0,377,0,0,377,T
7-M,818,0,3,374,0,377,G
7-M,819,374,0,0,0,374,A
7-M,820,0,372,0,1,373,T
7-M,821,1,0,0,372,373,C
7-M,822,0,1,366,0,367,G
7-M,823,0,367,0,1,368,T
7-M,824,0,0,0,368,368,C
7-M,825,0,364,0,2,366,T
7-M,826,0,366,0,0,366,T
7-M,827,0,366,0,0,366,T
7-M,828,0,367,0,0,367,T
7-M,829,0,366,0,1,367,T
7-M,830,0,367,0,1,368,T
7-M,831,0,367,0,1,368,T
7-M,832,0,0,0,368,368,C
7-M,833,369,0,0,0,369,A
7-M,834,369,0,0,0,369,A
7-M,835,367,0,0,0,367,A
7-M,836,0,370,0,0,370,T
7-M,837,0,1,370,0,371,G
7-M,838,0,0,0,372,372,C
7-M,839,0,0,372,0,372,G
7-M,840,0,374,0,0,374,T
7-M,841,1,0,0,374,375,C
7-M,842,0,374,0,0,374,T
7-M,843,375,0,0,0,375,A
7-M,844,0,375,0,1,376,T
7-M,845,0,0,0,376,376,C
7-M,846,0,0,376,0,376,G
7-M,847,373,0,0,0,373,A
7-M,848,0,0,0,373,373,C
7-M,849,0,362,0,1,363,T
7-M,850,0,0,0,369,369,C
7-M,851,0,367,0,1,368,T
7-M,852,0,367,0,1,368,T
7-M,853,0,0,0,368,368,C
7-M,854,365,0,0,0,365,A
7-M,855,368,0,0,0,368,A
7-M,856,367,0,0,0,367,A
7-M,857,0,0,0,367,367,C
7-M,858,367,0,0,0,367,A
7-M,859,0,0,0,354,354,C
7-M,860,0,1,342,0,343,G
7-M,861,0,0,353,0,353,G
7-M,862,0,0,0,356,356,C
7-M,863,0,0,0,358,358,C
7-M,864,0,358,0,0,358,T
7-M,865,0,358,0,0,358,T
7-M,866,356,1,0,0,357,A
7-M,867,359,0,0,0,359,A
7-M,868,359,0,0,0,359,A
7-M,869,359,0,0,0,359,A
7-M,870,0,3,352,0,355,G
7-M,871,306,0,0,0,306,A
7-M,872,0,0,304,0,304,G
7-M,873,0,0,305,0,305,G
7-M,874,0,0,0,305,305,C
7-M,875,1,0,0,299,300,C
7-M,876,1,0,0,300,301,C
7-M,877,0,303,0,0,303,T
7-M,878,0,306,0,0,306,T
7-M,879,0,0,0,308,308,C
7-M,880,0,307,0,0,307,T
7-M,881,305,1,0,0,306,A
7-M,882,1,0,0,305,306,C
7-M,883,0,1,299,0,300,G
7-M,884,0,0,301,0,301,G
7-M,885,286,0,2,0,288,A
7-M,886,293,0,0,0,293,A
7-M,887,0,1,293,0,294,G
7-M,888,0,0,298,0,298,G
7-M,889,293,0,0,0,293,A
7-M,890,0,0,292,0,292,G
7-M,891,0,292,0,1,293,T
7-M,892,295,0,1,0,296,A
7-M,893,0,0,1,292,293,C
7-M,894,0,0,0,292,292,C
7-M,895,0,287,0,0,287,T
7-M,896,0,0,287,0,287,G
7-M,897,282,0,0,0,282,A
7-M,898,0,0,285,0,285,G
7-M,899,0,274,0,0,274,T
7-M,900,0,0,0,275,275,C
7-M,901,0,265,0,0,265,T
7-M,902,265,0,0,0,265,A
7-M,903,0,263,0,0,263,T
7-M,904,0,1,261,0,262,G
7-M,905,255,0,0,0,255,A
7-M,906,0,0,258,0,258,G
7-M,907,0,0,239,0,239,G
7-M,908,1,1,238,0,240,G
7-M,909,238,0,1,0,239,A
7-M,910,238,0,0,0,238,A
7-M,911,0,0,237,0,237,G
7-M,912,236,0,0,0,236,A
7-M,913,235,0,0,0,235,A
7-M,914,0,233,0,0,233,T
7-M,915,226,0,0,0,226,A
7-M,916,0,224,0,0,224,T
7-M,917,0,0,0,223,223,C
7-M,918,0,0,225,0,225,G
7-M,919,224,0,0,0,224,A
7-M,920,224,0,0,0,224,A
7-M,921,223,0,1,0,224,A
7-M,922,0,0,221,0,221,G
7-M,923,0,1,220,0,221,G
7-M,924,218,0,1,0,219,A
7-M,925,220,0,0,0,220,A
7-M,926,0,0,0,220,220,C
7-M,927,212,0,0,0,212,A
7-M,928,0,1,215,0,216,G
7-M,929,0,0,0,216,216,C
7-M,930,216,0,0,0,216,A
7-M,931,0,0,216,0,216,G
7-M,932,204,0,0,0,204,A
7-M,933,205,0,0,0,205,A
7-M,934,0,205,0,0,205,T
7-M,935,1,1,202,0,204,G
7-M,936,0,0,0,204,204,C
7-M,937,0,193,0,0,193,T
7-M,938,0,0,193,0,193,G
7-M,939,0,191,0,0,191,T
7-M,940,0,1,189,0,190,G
7-M,941,0,0,190,0,190,G
7-M,942,181,0,0,0,181,A
7-M,943,0,178,0,0,178,T
7-M,944,0,0,175,0,175,G
7-M,945,0,0,0,173,173,C
7-M,946,0,161,1,0,162,T
7-M,947,0,0,159,0,159,G
7-M,948,158,0,0,0,158,A
7-M,949,0,0,0,156,156,C
7-M,950,0,0,157,0,157,G
7-M,951,155,1,0,0,156,A
7-M,952,0,0,0,156,156,C
7-M,953,148,0,0,0,148,A
7-M,954,0,0,150,0,150,G
7-M,955,0,148,0,0,148,T
7-M,956,0,0,0,147,147,C
7-M,957,148,0,0,0,148,A
7-M,958,0,143,0,1,144,T
7-M,959,0,145,0,0,145,T
7-M,960,0,141,0,0,141,T
7-M,961,0,139,0,1,140,T
7-M,962,0,0,140,0,140,G
7-M,963,0,130,0,1,131,T
7-M,964,1,0,0,130,131,C
7-M,965,127,0,0,0,127,A
7-M,966,0,0,127,0,127,G
7-M,967,0,0,0,127,127,C
7-M,968,126,0,0,0,126,A
7-M,969,0,127,0,0,127,T
7-M,970,125,0,0,0,125,A
7-M,971,2,0,122,0,124,G
7-M,972,121,0,0,0,121,A
7-M,973,0,0,120,0,120,G
7-M,974,0,117,0,0,117,T
7-M,975,0,77,0,0,77,T
7-M,976,0,0,77,0,77,G
7-M,977,0,0,76,0,76,G
7-M,978,75,0,0,0,75,A
7-M,979,0,0,75,0,75,G
7-M,980,0,49,0,0,49,T
7-M,981,46,0,0,0,46,A
7-M,982,46,0,0,0,46,A
8-NS,1,288,0,0,0,288,A
8-NS,2,0,289,0,0,289,T
8-NS,3,0,0,305,0,305,G
8-NS,4,0,0,328,0,328,G
8-NS,5,358,0,0,0,358,A
8-NS,6,0,700,0,0,700,T
8-NS,7,0,699,0,0,699,T
8-NS,8,2,0,0,729,731,C
8-NS,9,1,1,0,730,732,C
8-NS,10,733,0,0,0,733,A
8-NS,11,744,0,1,0,745,A
8-NS,12,0,0,0,745,745,C
8-NS,13,746,0,0,0,746,A
8-NS,14,0,0,0,751,751,C
8-NS,15,0,751,0,1,752,T
8-NS,16,1,0,839,0,840,G
8-NS,17,0,840,0,1,841,T
8-NS,18,0,0,853,0,853,G
8-NS,19,0,852,0,1,853,T
8-NS,20,4,0,0,849,853,C
8-NS,21,854,0,0,0,854,A
8-NS,22,853,0,1,0,854,A
8-NS,23,0,0,865,0,865,G
8-NS,24,0,883,0,2,885,T
8-NS,25,1,871,0,1,873,T
8-NS,26,0,897,0,0,897,T
8-NS,27,2,1,0,893,896,C
8-NS,28,0,2,0,899,901,C
8-NS,29,897,1,1,1,900,A
8-NS,30,0,1,909,1,911,G
8-NS,31,0,2,916,0,918,G
8-NS,32,1,917,0,0,918,T
8-NS,33,922,0,0,0,922,A
8-NS,34,0,2,926,0,928,G
8-NS,35,926,0,1,0,927,A
8-NS,36,0,929,0,0,929,T
8-NS,37,0,928,0,0,928,T
8-NS,38,0,0,944,0,944,G
8-NS,39,1,0,0,944,945,C
8-NS,40,1,941,0,2,944,T
8-NS,41,0,956,0,0,956,T
8-NS,42,0,957,0,0,957,T
8-NS,43,2,0,0,976,978,C
8-NS,44,0,977,0,1,978,T
8-NS,45,0,977,0,1,978,T
8-NS,46,0,978,0,0,978,T
8-NS,47,1,3,984,0,988,G
8-NS,48,0,1,990,0,991,G
8-NS,49,0,0,0,992,992,C
8-NS,50,991,0,0,0,991,A
8-NS,51,0,994,0,0,994,T
8-NS,52,1005,0,0,0,1005,A
8-NS,53,0,1024,0,0,1024,T
8-NS,54,2,1,1,1023,1027,C
8-NS,55,1,1,0,1024,1026,C
8-NS,56,0,2,1024,0,1026,G
8-NS,57,1,3,1030,0,1034,G
8-NS,58,1034,0,0,0,1034,A
8-NS,59,1034,0,0,0,1034,A
8-NS,60,1039,0,1,0,1040,A
8-NS,61,0,1,0,1045,1046,C
8-NS,62,1049,0,0,0,1049,A
8-NS,63,1057,0,0,0,1057,A
8-NS,64,0,0,1107,0,1107,G
8-NS,65,0,1112,0,0,1112,T
8-NS,66,0,1110,0,0,1110,T
8-NS,67,0,0,1114,0,1114,G
8-NS,68,0,1113,0,0,1113,T
8-NS,69,1110,0,1,0,1111,A
8-NS,70,0,4,1121,0,1125,G
8-NS,71,1167,0,2,0,1169,A
8-NS,72,1,2,0,1181,1184,C
8-NS,73,0,0,0,1178,1178,C
8-NS,74,1180,0,0,0,1180,A
8-NS,75,1191,0,1,0,1192,A
8-NS,76,6,5,1250,0,1261,G
8-NS,77,1258,0,0,0,1258,A
8-NS,78,1268,0,0,0,1268,A
8-NS,79,0,0,0,1270,1270,C
8-NS,80,0,1256,0,0,1256,T
8-NS,81,0,5,1267,0,1272,G
8-NS,82,1270,0,4,0,1274,A
8-NS,83,0,2,1299,0,1301,G
8-NS,84,0,1301,0,0,1301,T
8-NS,85,0,4,1288,1,1293,G
8-NS,86,1291,1,1,0,1293,A
8-NS,87,0,1285,0,0,1285,T
8-NS,88,0,0,1314,0,1314,G
8-NS,89,0,1,0,1330,1331,C
8-NS,90,1,0,0,1329,1330,C
8-NS,91,4,1,0,1335,1340,C
8-NS,92,4,2,1,1325,1332,C
8-NS,93,1331,0,0,0,1331,A
8-NS,94,0,1355,0,0,1355,T
8-NS,95,0,1367,0,0,1367,T
8-NS,96,1,0,0,1372,1373,C
8-NS,97,2,0,0,1362,1364,C
8-NS,98,0,1359,0,5,1364,T
8-NS,99,0,1360,0,0,1360,T
8-NS,100,0,6,1351,0,1357,G
8-NS,101,1357,0,2,0,1359,A
8-NS,102,0,1354,0,1,1355,T
8-NS,103,2,0,0,1346,1348,C
8-NS,104,1,3,1342,0,1346,G
8-NS,105,0,0,1364,0,1364,G
8-NS,106,1,0,0,1366,1367,C
8-NS,107,0,1361,0,4,1365,T
8-NS,108,0,1368,0,1,1369,T
8-NS,109,1,0,0,1367,1368,C
8-NS,110,3,0,1365,1,1369,G
8-NS,111,0,0,0,1370,1370,C
8-NS,112,1,0,0,1370,1371,C
8-NS,113,0,3,1369,0,1372,G
8-NS,114,1367,0,1,0,1368,A
8-NS,115,0,3,1418,0,1421,G
8-NS,116,1426,0,0,0,1426,A
8-NS,117,1,1422,0,3,1426,T
8-NS,118,1,2,0,1428,1431,C
8-NS,119,1424,0,1,0,1425,A
8-NS,120,0,0,1432,0,1432,G
8-NS,121,1428,0,1,0,1429,A
8-NS,122,0,3,1432,0,1435,G
8-NS,123,0,1,1459,0,1460,G
8-NS,124,0,1439,0,5,1444,T
8-NS,125,1,0,0,1512,1513,C
8-NS,126,3,0,1,1513,1517,C
8-NS,127,3,1,1,1516,1521,C
8-NS,128,0,1526,0,0,1526,T
8-NS,129,1527,0,0,0,1527,A
8-NS,130,1528,0,0,0,1528,A
8-NS,131,0,0,1528,0,1528,G
8-NS,132,1455,1,1,0,1457,A
8-NS,133,0,1,1502,0,1503,G
8-NS,134,0,3,1506,0,1509,G
8-NS,135,1511,0,0,0,1511,A
8-NS,136,1508,0,3,0,1511,A
8-NS,137,0,0,1518,0,1518,G
8-NS,138,1531,1,3,0,1535,A
8-NS,139,1,3,1544,1,1549,G
8-NS,140,1,0,1545,0,1546,G
8-NS,141,1,1,0,1553,1555,C
8-NS,142,1550,0,1,0,1551,A
8-NS,143,1547,0,1,0,1548,A
8-NS,144,0,1551,0,1,1552,T
8-NS,145,1562,0,0,0,1562,A
8-NS,146,0,1,0,1587,1588,C
8-NS,147,0,1577,0,0,1577,T
8-NS,148,3,0,0,1569,1572,C
8-NS,149,0,1557,0,0,1557,T
8-NS,150,2,3,0,1561,1566,C
8-NS,151,2,5,1585,0,1592,G
8-NS,152,2,1,1675,0,1678,G
8-NS,153,3,1678,0,0,1681,T
8-NS,154,2,1,0,1677,1680,C
8-NS,155,0,1681,0,0,1681,T
8-NS,156,1696,1,1,0,1698,A
8-NS,157,0,3,1696,0,1699,G
8-NS,158,1691,0,3,0,1694,A
8-NS,159,0,0,0,1732,1732,C
8-NS,160,1714,0,1,0,1715,A
8-NS,161,0,1688,0,1,1689,T
8-NS,162,5,10,0,1677,1692,C
8-NS,163,1689,0,1,0,1690,A
8-NS,164,1685,0,3,0,1688,A
8-NS,165,1684,1,1,1,1687,A
8-NS,166,0,0,1688,0,1688,G
8-NS,167,2,0,0,1692,1694,C
8-NS,168,1682,0,2,0,1684,A
8-NS,169,0,13,1680,0,1693,G
8-NS,170,1,1,2,1683,1687,C
8-NS,171,1,1,0,1695,1697,C
8-NS,172,1705,0,1,1,1707,A
8-NS,173,0,0,0,1732,1732,C
8-NS,174,2,0,0,1724,1726,C
8-NS,175,3,0,1,1724,1728,C
8-NS,176,1739,8,1,0,1748,A
8-NS,177,1,1752,1,0,1754,T
8-NS,178,1,0,1753,0,1754,G
8-NS,179,1,1749,0,0,1750,T
8-NS,180,0,1744,0,1,1745,T
8-NS,181,1,3,1735,0,1739,G
8-NS,182,0,2,1724,0,1726,G
8-NS,183,1719,0,2,0,1721,A
8-NS,184,1719,1,1,0,1721,A
8-NS,185,1704,1,1,0,1706,A
8-NS,186,2,0,1714,0,1716,G
8-NS,187,1,0,0,1712,1713,C
8-NS,188,1710,0,0,0,1710,A
8-NS,189,1709,1,1,0,1711,A
8-NS,190,1710,0,0,0,1710,A
8-NS,191,0,1721,0,0,1721,T
8-NS,192,0,1720,0,1,1721,T
8-NS,193,0,0,1753,0,1753,G
8-NS,194,0,1755,0,0,1755,T
8-NS,195,1744,0,1,1,1746,A
8-NS,196,0,4,1749,0,1753,G
8-NS,197,1742,0,5,0,1747,A
8-NS,198,1750,0,0,1,1751,A
8-NS,199,1749,0,0,0,1749,A
8-NS,200,1735,0,1,0,1736,A
8-NS,201,14,3,1730,0,1747,G
8-NS,202,1730,0,1,0,1731,A
8-NS,203,0,1727,0,0,1727,T
8-NS,204,0,1727,0,2,1729,T
8-NS,205,3,0,0,1734,1737,C
8-NS,206,0,1735,0,0,1735,T
8-NS,207,0,3,1735,0,1738,G
8-NS,208,1734,0,0,0,1734,A
8-NS,209,1734,0,0,0,1734,A
8-NS,210,1728,1,0,1,1730,A
8-NS,211,0,2,1734,0,1736,G
8-NS,212,1729,1,2,0,1732,A
8-NS,213,1732,0,2,0,1734,A
8-NS,214,0,8,1745,0,1753,G
8-NS,215,1758,0,4,0,1762,A
8-NS,216,1766,0,1,0,1767,A
8-NS,217,1,1755,0,1,1757,T
8-NS,218,1,1,1,1778,1781,C
8-NS,219,0,1780,1,1,1782,T
8-NS,220,0,4,1782,0,1786,G
8-NS,221,1783,0,2,0,1785,A
8-NS,222,1,1789,0,0,1790,T
8-NS,223,2,0,1779,0,1781,G
8-NS,224,1754,1,4,0,1759,A
8-NS,225,5,7,1748,0,1760,G
8-NS,226,0,0,1757,0,1757,G
8-NS,227,1,0,0,1751,1752,C
8-NS,228,1762,0,1,0,1763,A
8-NS,229,0,1,0,1803,1804,C
8-NS,230,0,1802,0,0,1802,T
8-NS,231,0,1815,0,0,1815,T
8-NS,232,1825,0,0,1,1826,A
8-NS,233,1824,0,1,0,1825,A
8-NS,234,1822,0,0,0,1822,A
8-NS,235,1824,0,1,0,1825,A
8-NS,236,1,1823,0,0,1824,T
8-NS,237,0,4,1822,0,1826,G
8-NS,238,1829,1,1,0,1831,A
8-NS,239,0,1,0,1828,1829,C
8-NS,240,6,1,0,1817,1824,C
8-NS,241,1831,0,2,0,1833,A
8-NS,242,1,1851,0,0,1852,T
8-NS,243,0,6,1882,0,1888,G
8-NS,244,0,1,1904,0,1905,G
8-NS,245,1,1744,0,163,1908,T
8-NS,246,4,1,0,2003,2008,C
8-NS,247,0,2006,0,3,2009,T
8-NS,248,6,0,0,2034,2040,C
8-NS,249,2,1,0,2044,2047,C
8-NS,250,2047,0,0,0,2047,A
8-NS,251,0,1,0,2060,2061,C
8-NS,252,2031,0,3,0,2034,A
8-NS,253,1,0,2,2042,2045,C
8-NS,254,2,0,1,2030,2033,C
8-NS,255,0,1967,0,2,1969,T
8-NS,256,0,2,1973,0,1975,G
8-NS,257,0,1,0,1962,1963,C
8-NS,258,0,1954,0,2,1956,T
8-NS,259,0,1965,0,1,1966,T
8-NS,260,4,0,0,1957,1961,C
8-NS,261,0,2,1963,0,1965,G
8-NS,262,0,2,0,1964,1966,C
8-NS,263,2,5,1961,0,1968,G
8-NS,264,2047,1,1,0,2049,A
8-NS,265,0,2040,0,3,2043,T
8-NS,266,2100,0,0,0,2100,A
8-NS,267,0,0,0,2111,2111,C
8-NS,268,2101,1,2,0,2104,A
8-NS,269,0,2142,0,1,2143,T
8-NS,270,2136,0,1,0,2137,A
8-NS,271,2139,0,0,0,2139,A
8-NS,272,0,1,0,2137,2138,C
8-NS,273,0,2089,0,0,2089,T
8-NS,274,0,6,2102,0,2108,G
8-NS,275,2080,0,1,0,2081,A
8-NS,276,0,0,0,2090,2090,C
8-NS,277,2083,0,1,0,2084,A
8-NS,278,0,2077,0,5,2082,T
8-NS,279,0,5,2079,0,2084,G
8-NS,280,2078,1,14,0,2093,A
8-NS,281,0,0,1,2150,2151,C
8-NS,282,0,2134,1,2,2137,T
8-NS,283,2165,1,0,1,2167,A
8-NS,284,3,2153,2,3,2161,T
8-NS,285,0,2143,1,0,2144,T
8-NS,286,1,2,2142,0,2145,G
8-NS,287,2134,0,4,1,2139,A
8-NS,288,0,1,2135,0,2136,G
8-NS,289,0,6,2127,0,2133,G
8-NS,290,2074,1,1,0,2076,A
8-NS,291,2080,0,0,0,2080,A
8-NS,292,1,2045,0,0,2046,T
8-NS,293,1,2033,0,0,2034,T
8-NS,294,0,1,2074,0,2075,G
8-NS,295,1,2064,0,2,2067,T
8-NS,296,8,0,0,2065,2073,C
8-NS,297,2076,0,0,0,2076,A
8-NS,298,2074,0,0,0,2074,A
8-NS,299,2,2,2077,0,2081,G
8-NS,300,2086,0,1,0,2087,A
8-NS,301,2085,0,0,0,2085,A
8-NS,302,2089,0,1,0,2090,A
8-NS,303,1,1,0,2085,2087,C
8-NS,304,0,2050,1,2,2053,T
8-NS,305,1,7,2059,0,2067,G
8-NS,306,0,0,2097,0,2097,G
8-NS,307,0,2097,0,2,2099,T
8-NS,308,2,2084,1,0,2087,T
8-NS,309,7,0,0,2080,2087,C
8-NS,310,2093,0,0,0,2093,A
8-NS,311,0,2114,0,0,2114,T
8-NS,312,4,0,2123,0,2127,G
8-NS,313,2,1,0,2136,2139,C
8-NS,314,0,2115,0,3,2118,T
8-NS,315,2102,0,1,0,2103,A
8-NS,316,2163,0,1,0,2164,A
8-NS,317,1,2166,0,3,2170,T
8-NS,318,1,0,2172,0,2173,G
8-NS,319,1,1,0,2169,2171,C
8-NS,320,5,0,0,2140,2145,C
8-NS,321,7,0,0,2134,2141,C
8-NS,322,2138,1,1,0,2140,A
8-NS,323,2142,0,0,0,2142,A
8-NS,324,1,0,2160,0,2161,G
8-NS,325,0,12,0,2152,2164,C
8-NS,326,2151,1,1,0,2153,A
8-NS,327,0,1,2179,0,2180,G
8-NS,328,2096,0,66,0,2162,A
8-NS,329,2157,0,2,0,2159,A
8-NS,330,2154,2,0,0,2156,A
8-NS,331,2129,1,2,1,2133,A
8-NS,332,0,2157,0,1,2158,T
8-NS,333,1,1,2158,0,2160,G
8-NS,334,0,5,2156,0,2161,G
8-NS,335,2165,0,1,0,2166,A
8-NS,336,2146,1,1,0,2148,A
8-NS,337,1,2,2145,0,2148,G
8-NS,338,1,3,2155,0,2159,G
8-NS,339,2162,0,2,0,2164,A
8-NS,340,1,2,1,2157,2161,C
8-NS,341,4,0,0,2146,2150,C
8-NS,342,1,2148,0,0,2149,T
8-NS,343,1,0,0,2183,2184,C
8-NS,344,0,2184,1,2,2187,T
8-NS,345,0,2195,0,0,2195,T
8-NS,346,0,2185,0,2,2187,T
8-NS,347,0,5,2179,0,2184,G
8-NS,348,1,2,0,2199,2202,C
8-NS,349,2184,1,1,0,2186,A
8-NS,350,1,2175,0,3,2179,T
8-NS,351,4,2,0,2180,2186,C
8-NS,352,2204,2,1,1,2208,A
8-NS,353,0,3,2263,0,2266,G
8-NS,354,2256,0,1,2,2259,A
8-NS,355,2257,1,2,1,2261,A
8-NS,356,0,2256,0,1,2257,T
8-NS,357,0,2,2230,0,2232,G
8-NS,358,5,2,2240,0,2247,G
8-NS,359,2247,1,0,0,2248,A
8-NS,360,3,0,0,2245,2248,C
8-NS,361,2,0,0,2196,2198,C
8-NS,362,2156,0,1,0,2157,A
8-NS,363,0,4,2169,0,2173,G
8-NS,364,0,9,2160,0,2169,G
8-NS,365,0,0,0,2182,2182,C
8-NS,366,2165,1,3,0,2169,A
8-NS,367,2168,0,0,0,2168,A
8-NS,368,0,2169,0,0,2169,T
8-NS,369,3,0,1,2164,2168,C
8-NS,370,2167,0,3,0,2170,A
8-NS,371,0,2153,0,7,2160,T
8-NS,372,0,1,2139,0,2140,G
8-NS,373,0,3,2158,0,2161,G
8-NS,374,2149,0,4,1,2154,A
8-NS,375,0,5,2182,0,2187,G
8-NS,376,2161,0,1,1,2163,A
8-NS,377,2164,0,1,0,2165,A
8-NS,378,2165,0,0,1,2166,A
8-NS,379,2160,0,0,2,2162,A
8-NS,380,2170,0,4,1,2175,A
8-NS,381,2,0,0,2178,2180,C
8-NS,382,2169,0,0,0,2169,A
8-NS,383,1,2164,0,1,2166,T
8-NS,384,3,0,0,2147,2150,C
8-NS,385,2146,0,2,0,2148,A
8-NS,386,0,2148,0,0,2148,T
8-NS,387,0,1,2145,0,2146,G
8-NS,388,2,2,0,2124,2128,C
8-NS,389,0,2137,0,0,2137,T
8-NS,390,33,1,2110,0,2144,G
8-NS,391,2151,0,2,2,2155,A
8-NS,392,2151,1,2,0,2154,A
8-NS,393,2150,0,3,1,2154,A
8-NS,394,0,0,2158,0,2158,G
8-NS,395,1,1,0,2147,2149,C
8-NS,396,1,6,2143,0,2150,G
8-NS,397,2149,0,3,0,2152,A
8-NS,398,2157,1,0,1,2159,A
8-NS,399,0,2152,1,1,2154,T
8-NS,400,1,2155,1,1,2158,T
8-NS,401,0,2158,0,0,2158,T
8-NS,402,4,9,0,2147,2160,C
8-NS,403,2145,1,0,2,2148,A
8-NS,404,14,0,2144,0,2158,G
8-NS,405,1,2152,0,0,2153,T
8-NS,406,0,1,2149,0,2150,G
8-NS,407,0,2140,0,7,2147,T
8-NS,408,0,9,2148,0,2157,G
8-NS,409,2167,0,0,0,2167,A
8-NS,410,2,2160,0,0,2162,T
8-NS,411,0,2156,0,0,2156,T
8-NS,412,1,2156,0,0,2157,T
8-NS,413,0,2161,0,0,2161,T
8-NS,414,0,2160,0,1,2161,T
8-NS,415,0,7,2149,1,2157,G
8-NS,416,2162,0,2,1,2165,A
8-NS,417,2,2,0,2156,2160,C
8-NS,418,4,2,0,2138,2144,C
8-NS,419,3,4,2154,0,2161,G
8-NS,420,2281,0,0,0,2281,A
8-NS,421,0,1,0,2312,2313,C
8-NS,422,0,2311,0,2,2313,T
8-NS,423,2325,1,3,0,2329,A
8-NS,424,0,3,2326,0,2329,G
8-NS,425,2327,0,6,0,2333,A
8-NS,426,1,3,2344,0,2348,G
8-NS,427,2347,0,0,0,2347,A
8-NS,428,2,0,0,2520,2522,C
8-NS,429,7,0,0,2436,2443,C
8-NS,430,2435,0,0,0,2435,A
8-NS,431,1,2525,0,2,2528,T
8-NS,432,2513,0,1,1,2515,A
8-NS,433,446,0,2200,0,2646,G
8-NS,434,1,2677,1,0,2679,T
8-NS,435,2673,0,0,0,2673,A
8-NS,436,1,2667,0,2,2670,T
8-NS,437,1,2483,0,1,2485,T
8-NS,438,2508,0,2,0,2510,A
8-NS,439,1,1,0,2498,2500,C
8-NS,440,0,2336,0,5,2341,T
8-NS,441,2336,0,2,0,2338,A
8-NS,442,2180,0,2,1,2183,A
8-NS,443,0,4,2182,1,2187,G
8-NS,444,0,4,2182,1,2187,G
8-NS,445,0,1,2192,0,2193,G
8-NS,446,2,0,0,2175,2177,C
8-NS,447,0,2145,0,3,2148,T
8-NS,448,0,2131,0,1,2132,T
8-NS,449,0,2158,0,2,2160,T
8-NS,450,5,0,1,2171,2177,C
8-NS,451,2198,1,1,0,2200,A
8-NS,452,0,2,0,2193,2195,C
8-NS,453,7,1,0,2170,2178,C
8-NS,454,7,3,2173,1,2184,G
8-NS,455,2182,0,2,0,2184,A
8-NS,456,2176,0,1,0,2177,A
8-NS,457,0,0,2191,1,2192,G
8-NS,458,2179,0,1,0,2180,A
8-NS,459,0,3,2180,1,2184,G
8-NS,460,3,2,2164,0,2169,G
8-NS,461,1,3,2164,1,2169,G
8-NS,462,2162,1,3,1,2167,A
8-NS,463,0,0,2167,0,2167,G
8-NS,464,1,1,0,2160,2162,C
8-NS,465,2166,0,1,0,2167,A
8-NS,466,2170,0,2,0,2172,A
8-NS,467,2,2166,0,2,2170,T
8-NS,468,1,2153,0,1,2155,T
8-NS,469,1,1,2149,0,2151,G
8-NS,470,0,2136,0,1,2137,T
8-NS,471,0,2132,0,0,2132,T
8-NS,472,0,0,2134,1,2135,G
8-NS,473,0,0,2130,0,2130,G
8-NS,474,1,1,0,2131,2133,C
8-NS,475,1,5,2127,0,2133,G
8-NS,476,2132,0,0,0,2132,A
8-NS,477,2137,0,0,0,2137,A
8-NS,478,2141,0,1,0,2142,A
8-NS,479,0,2141,0,0,2141,T
8-NS,480,8,0,0,2140,2148,C
8-NS,481,2,2133,0,0,2135,T
8-NS,482,2,0,1,2147,2150,C
8-NS,483,2150,0,1,0,2151,A
8-NS,484,1,1,0,2151,2153,C
8-NS,485,4,0,0,2149,2153,C
8-NS,486,2135,0,0,0,2135,A
8-NS,487,0,2132,0,1,2133,T
8-NS,488,0,2125,1,2,2128,T
8-NS,489,1,0,2128,0,2129,G
8-NS,490,2,0,0,2124,2126,C
8-NS,491,2,0,0,2122,2124,C
8-NS,492,0,2123,0,3,2126,T
8-NS,493,1,2114,0,4,2119,T
8-NS,494,2,0,0,2130,2132,C
8-NS,495,0,2117,0,2,2119,T
8-NS,496,0,2130,0,0,2130,T
8-NS,497,0,2155,0,2,2157,T
8-NS,498,1,2147,0,1,2149,T
8-NS,499,4,0,1,2143,2148,C
8-NS,500,1,2,0,2151,2154,C
8-NS,501,2143,0,4,0,2147,A
8-NS,502,2,3,2167,0,2172,G
8-NS,503,0,5,2157,0,2162,G
8-NS,504,2185,1,3,0,2189,A
8-NS,505,0,4,0,2188,2192,C
8-NS,506,2204,0,2,0,2206,A
8-NS,507,0,2211,0,1,2212,T
8-NS,508,2221,2,0,0,2223,A
8-NS,509,1,0,0,2362,2363,C
8-NS,510,0,2352,0,2,2354,T
8-NS,511,2339,1,1,0,2341,A
8-NS,512,0,2333,0,2,2335,T
8-NS,513,0,2263,0,1,2264,T
8-NS,514,0,0,2263,0,2263,G
8-NS,515,2179,0,3,0,2182,A
8-NS,516,0,5,2174,0,2179,G
8-NS,517,0,0,2171,0,2171,G
8-NS,518,2004,0,1,1,2006,A
8-NS,519,0,2003,0,1,2004,T
8-NS,520,1,1,1985,0,1987,G
8-NS,521,1,1972,0,3,1976,T
8-NS,522,5,0,0,1972,1977,C
8-NS,523,1974,0,0,0,1974,A
8-NS,524,1977,0,1,0,1978,A
8-NS,525,1974,2,0,0,1976,A
8-NS,526,1958,0,1,0,1959,A
8-NS,527,1977,0,0,0,1977,A
8-NS,528,0,1968,0,0,1968,T
8-NS,529,1,1,1964,0,1966,G
8-NS,530,0,2,0,1986,1988,C
8-NS,531,1988,0,0,0,1988,A
8-NS,532,1989,0,1,2,1992,A
8-NS,533,1,2000,0,0,2001,T
8-NS,534,0,2001,0,1,2002,T
8-NS,535,1,2,1993,1,1997,G
8-NS,536,0,8,1985,0,1993,G
8-NS,537,0,6,1985,0,1991,G
8-NS,538,1,2,2004,0,2007,G
8-NS,539,0,1970,0,6,1976,T
8-NS,540,2,0,0,1986,1988,C
8-NS,541,2,1,1,1993,1997,C
8-NS,542,0,1995,0,4,1999,T
8-NS,543,6,0,0,2014,2020,C
8-NS,544,2011,0,0,0,2011,A
8-NS,545,1,2010,0,1,2012,T
8-NS,546,3,1,0,2010,2014,C
8-NS,547,12,5,1976,0,1993,G
8-NS,548,1,1,1992,0,1994,G
8-NS,549,1960,0,1,0,1961,A
8-NS,550,0,2,1959,1,1962,G
8-NS,551,0,7,1956,0,1963,G
8-NS,552,1935,0,1,0,1936,A
8-NS,553,2,1,0,1942,1945,C
8-NS,554,2,1929,0,2,1933,T
8-NS,555,0,1931,2,0,1933,T
8-NS,556,0,5,1937,0,1942,G
8-NS,557,1936,0,0,0,1936,A
8-NS,558,1937,0,1,0,1938,A
8-NS,559,1,1926,0,1,1928,T
8-NS,560,4,3,1890,0,1897,G
8-NS,561,0,2,1914,0,1916,G
8-NS,562,1894,0,0,0,1894,A
8-NS,563,1911,0,1,0,1912,A
8-NS,564,0,1966,0,0,1966,T
8-NS,565,1,4,1968,0,1973,G
8-NS,566,1977,0,0,0,1977,A
8-NS,567,0,1979,0,0,1979,T
8-NS,568,1975,0,0,0,1975,A
8-NS,569,1982,1,1,0,1984,A
8-NS,570,0,1,0,1965,1966,C
8-NS,571,1933,0,1,0,1934,A
8-NS,572,0,0,0,1956,1956,C
8-NS,573,1813,0,2,0,1815,A
8-NS,574,1,1,1830,0,1832,G
8-NS,575,1,1820,0,4,1825,T
8-NS,576,0,1817,0,3,1820,T
8-NS,577,12,0,0,1809,1821,C
8-NS,578,1,3,1809,0,1813,G
8-NS,579,1809,0,1,0,1810,A
8-NS,580,2,1,1806,0,1809,G
8-NS,581,0,1782,1,0,1783,T
8-NS,582,7,0,0,1784,1791,C
8-NS,583,0,1756,0,3,1759,T
8-NS,584,3,1,0,1766,1770,C
8-NS,585,0,1775,0,0,1775,T
8-NS,586,1775,0,0,0,1775,A
8-NS,587,1774,0,1,0,1775,A
8-NS,588,1772,0,0,0,1772,A
8-NS,589,1781,0,1,0,1782,A
8-NS,590,1779,0,0,0,1779,A
8-NS,591,0,1764,0,0,1764,T
8-NS,592,1,0,0,1775,1776,C
8-NS,593,0,1760,1,0,1761,T
8-NS,594,1768,0,0,0,1768,A
8-NS,595,0,0,0,1770,1770,C
8-NS,596,1759,1,0,0,1760,A
8-NS,597,0,2,1764,0,1766,G
8-NS,598,1728,0,2,0,1730,A
8-NS,599,0,2,1741,0,1743,G
8-NS,600,1730,0,3,0,1733,A
8-NS,601,1,1710,0,2,1713,T
8-NS,602,1,1720,0,0,1721,T
8-NS,603,5,1,0,1714,1720,C
8-NS,604,1,2,1719,0,1722,G
8-NS,605,0,0,0,1719,1719,C
8-NS,606,0,1721,0,2,1723,T
8-NS,607,0,1721,0,1,1722,T
8-NS,608,0,3,1707,1,1711,G
8-NS,609,1,4,1717,0,1722,G
8-NS,610,1718,0,0,0,1718,A
8-NS,611,0,2,1718,0,1720,G
8-NS,612,1711,0,0,0,1711,A
8-NS,613,1703,1,1,0,1705,A
8-NS,614,0,1,1722,0,1723,G
8-NS,615,0,0,0,1728,1728,C
8-NS,616,1720,2,1,0,1723,A
8-NS,617,0,0,1741,0,1741,G
8-NS,618,2,1731,0,0,1733,T
8-NS,619,1737,0,0,0,1737,A
8-NS,620,1735,0,1,0,1736,A
8-NS,621,0,1738,0,0,1738,T
8-NS,622,0,5,1742,0,1747,G
8-NS,623,1663,0,0,0,1663,A
8-NS,624,0,5,1675,0,1680,G
8-NS,625,1666,1,1,0,1668,A
8-NS,626,1616,0,0,0,1616,A
8-NS,627,1,1603,0,0,1604,T
8-NS,628,0,2,1586,1,1589,G
8-NS,629,1,1,1589,0,1591,G
8-NS,630,2,1,1587,0,1590,G
8-NS,631,1,4,1572,0,1577,G
8-NS,632,0,2,1575,0,1577,G
8-NS,633,1529,0,1,1,1531,A
8-NS,634,1,1483,0,3,1487,T
8-NS,635,2,0,0,1520,1522,C
8-NS,636,0,1519,0,3,1522,T
8-NS,637,2,1,0,1528,1531,C
8-NS,638,3,0,0,1527,1530,C
8-NS,639,1532,1,2,0,1535,A
8-NS,640,3,1,1,1527,1532,C
8-NS,641,0,1502,0,2,1504,T
8-NS,642,0,1496,0,0,1496,T
8-NS,643,1469,0,0,0,1469,A
8-NS,644,1,1,0,1471,1473,C
8-NS,645,0,1461,0,2,1463,T
8-NS,646,6,2,0,1445,1453,C
8-NS,647,6,0,0,1431,1437,C
8-NS,648,1431,0,8,0,1439,A
8-NS,649,1434,0,1,0,1435,A
8-NS,650,1437,1,0,0,1438,A
8-NS,651,1438,0,0,0,1438,A
8-NS,652,2,8,0,1434,1444,C
8-NS,653,1400,0,1,0,1401,A
8-NS,654,0,0,1406,0,1406,G
8-NS,655,1398,0,0,0,1398,A
8-NS,656,1400,0,0,0,1400,A
8-NS,657,1395,0,3,0,1398,A
8-NS,658,0,1,0,1398,1399,C
8-NS,659,1,2,1398,1,1402,G
8-NS,660,0,1,1397,0,1398,G
8-NS,661,1,2,1400,0,1403,G
8-NS,662,1399,0,1,0,1400,A
8-NS,663,1391,0,0,0,1391,A
8-NS,664,1391,0,2,0,1393,A
8-NS,665,0,1392,0,0,1392,T
8-NS,666,2,2,1395,0,1399,G
8-NS,667,2,0,1398,0,1400,G
8-NS,668,1,1,0,1388,1390,C
8-NS,669,1,4,1385,0,1390,G
8-NS,670,1384,1,0,0,1385,A
8-NS,671,0,2,1390,0,1392,G
8-NS,672,1391,0,0,0,1391,A
8-NS,673,1391,1,0,0,1392,A
8-NS,674,0,1,0,1394,1395,C
8-NS,675,1361,0,2,0,1363,A
8-NS,676,0,0,1365,0,1365,G
8-NS,677,0,0,0,1363,1363,C
8-NS,678,0,1363,0,0,1363,T
8-NS,679,1353,0,1,0,1354,A
8-NS,680,0,4,1335,0,1339,G
8-NS,681,0,0,1346,0,1346,G
8-NS,682,0,1340,0,1,1341,T
8-NS,683,7,0,0,1318,1325,C
8-NS,684,1328,0,0,0,1328,A
8-NS,685,1324,0,0,0,1324,A
8-NS,686,1324,0,2,0,1326,A
8-NS,687,1335,0,2,0,1337,A
8-NS,688,0,0,1339,0,1339,G
8-NS,689,0,1307,0,2,1309,T
8-NS,690,0,1304,0,1,1305,T
8-NS,691,0,1304,1,0,1305,T
8-NS,692,0,2,1304,0,1306,G
8-NS,693,1300,0,3,0,1303,A
8-NS,694,1302,1,0,0,1303,A
8-NS,695,0,3,1303,0,1306,G
8-NS,696,1283,0,0,0,1283,A
8-NS,697,0,0,1289,0,1289,G
8-NS,698,1287,0,1,0,1288,A
8-NS,699,0,1286,0,1,1287,T
8-NS,700,1291,0,0,0,1291,A
8-NS,701,1283,0,0,1,1284,A
8-NS,702,0,1,1281,0,1282,G
8-NS,703,1196,0,0,0,1196,A
8-NS,704,0,1195,0,1,1196,T
8-NS,705,0,3,1191,0,1194,G
8-NS,706,2,0,1193,0,1195,G
8-NS,707,2,1,0,1186,1189,C
8-NS,708,0,1182,0,0,1182,T
8-NS,709,1189,0,0,1,1190,A
8-NS,710,1185,0,0,0,1185,A
8-NS,711,0,1195,0,0,1195,T
8-NS,712,0,1190,0,1,1191,T
8-NS,713,2,3,1188,0,1193,G
8-NS,714,1165,0,2,0,1167,A
8-NS,715,1168,0,0,0,1168,A
8-NS,716,0,0,1171,0,1171,G
8-NS,717,1164,1,0,0,1165,A
8-NS,718,1149,0,2,0,1151,A
8-NS,719,0,1,1160,0,1161,G
8-NS,720,0,1138,0,1,1139,T
8-NS,721,0,2,1142,0,1144,G
8-NS,722,1136,1,4,0,1141,A
8-NS,723,1,5,1135,0,1141,G
8-NS,724,1138,0,3,0,1141,A
8-NS,725,0,1,0,1128,1129,C
8-NS,726,1126,0,0,0,1126,A
8-NS,727,0,0,0,1123,1123,C
8-NS,728,1048,0,9,0,1057,A
8-NS,729,1,1,1069,0,1071,G
8-NS,730,1064,0,1,1,1066,A
8-NS,731,0,1061,0,0,1061,T
8-NS,732,0,1057,0,1,1058,T
8-NS,733,1054,0,0,0,1054,A
8-NS,734,1056,0,0,0,1056,A
8-NS,735,1056,0,0,0,1056,A
8-NS,736,1055,1,0,0,1056,A
8-NS,737,1055,0,0,1,1056,A
8-NS,738,1,1,0,1018,1020,C
8-NS,739,976,0,0,0,976,A
8-NS,740,971,1,0,0,972,A
8-NS,741,1,0,0,974,975,C
8-NS,742,0,967,1,1,969,T
8-NS,743,0,1,968,0,969,G
8-NS,744,969,0,0,0,969,A
8-NS,745,971,0,2,0,973,A
8-NS,746,972,0,2,0,974,A
8-NS,747,961,0,0,0,961,A
8-NS,748,0,960,0,0,960,T
8-NS,749,944,0,0,0,944,A
8-NS,750,0,0,945,0,945,G
8-NS,751,1,0,0,943,944,C
8-NS,752,0,927,0,1,928,T
8-NS,753,0,929,0,0,929,T
8-NS,754,0,921,0,0,921,T
8-NS,755,0,3,921,0,924,G
8-NS,756,923,0,1,0,924,A
8-NS,757,923,0,0,0,923,A
8-NS,758,1,1,0,924,926,C
8-NS,759,899,0,0,0,899,A
8-NS,760,902,0,1,0,903,A
8-NS,761,903,0,0,0,903,A
8-NS,762,0,904,0,0,904,T
8-NS,763,899,0,0,0,899,A
8-NS,764,884,0,0,0,884,A
8-NS,765,0,2,0,880,882,C
8-NS,766,878,0,0,0,878,A
8-NS,767,0,872,0,1,873,T
8-NS,768,0,845,0,2,847,T
8-NS,769,2,1,0,837,840,C
8-NS,770,825,0,1,0,826,A
8-NS,771,0,824,0,0,824,T
8-NS,772,0,0,826,0,826,G
8-NS,773,1,1,0,811,813,C
8-NS,774,804,0,0,0,804,A
8-NS,775,796,0,2,0,798,A
8-NS,776,0,0,795,0,795,G
8-NS,777,1,0,0,800,801,C
8-NS,778,777,0,0,0,777,A
8-NS,779,0,773,0,2,775,T
8-NS,780,0,777,0,0,777,T
8-NS,781,775,1,0,0,776,A
8-NS,782,0,0,0,776,776,C
8-NS,783,768,0,1,0,769,A
8-NS,784,758,0,1,0,759,A
8-NS,785,0,0,0,754,754,C
8-NS,786,0,632,0,1,633,T
8-NS,787,0,0,631,0,631,G
8-NS,788,0,0,0,622,622,C
8-NS,789,0,606,0,1,607,T
8-NS,790,0,0,610,0,610,G
8-NS,791,0,593,0,0,593,T
8-NS,792,1,592,0,0,593,T
8-NS,793,0,589,0,1,590,T
8-NS,794,0,1,584,0,585,G
8-NS,795,582,1,1,0,584,A
8-NS,796,567,0,1,0,568,A
8-NS,797,0,3,564,0,567,G
8-NS,798,0,560,0,1,561,T
8-NS,799,0,1,545,0,546,G
8-NS,800,1,0,542,0,543,G
8-NS,801,544,0,0,0,544,A
8-NS,802,543,0,0,0,543,A
8-NS,803,0,0,0,543,543,C
8-NS,804,524,0,0,0,524,A
8-NS,805,0,0,526,0,526,G
8-NS,806,1,2,519,0,522,G
8-NS,807,509,0,1,0,510,A
8-NS,808,0,0,512,0,512,G
8-NS,809,423,1,2,0,426,A
8-NS,810,0,420,0,0,420,T
8-NS,811,418,0,0,0,418,A
8-NS,812,412,0,2,0,414,A
8-NS,813,0,2,412,0,414,G
8-NS,814,363,0,0,0,363,A
8-NS,815,363,0,0,0,363,A
8-NS,816,0,1,0,357,358,C
8-NS,817,0,292,0,1,293,T
8-NS,818,0,291,0,0,291,T
8-NS,819,0,290,0,1,291,T
8-NS,820,0,0,0,291,291,C
8-NS,821,0,287,0,1,288,T
8-NS,822,1,0,0,278,279,C
8-NS,823,267,0,0,0,267,A
8-NS,824,1,265,0,0,266,T
8-NS,825,1,260,0,0,261,T
8-NS,826,0,257,0,0,257,T
8-NS,827,0,0,0,256,256,C
8-NS,828,249,0,0,0,249,A
8-NS,829,0,0,249,0,249,G
8-NS,830,0,0,0,249,249,C
8-NS,831,0,233,0,0,233,T
8-NS,832,0,226,0,1,227,T
8-NS,833,222,0,0,0,222,A
8-NS,834,0,220,0,0,220,T
8-NS,835,0,222,0,0,222,T
8-NS,836,0,218,0,0,218,T
8-NS,837,209,0,0,0,209,A
8-NS,838,205,0,0,0,205,A
8-NS,839,0,197,0,0,197,T
8-NS,840,0,1,192,0,193,G
8-NS,841,189,0,0,0,189,A
8-NS,842,1,172,0,0,173,T
8-NS,843,172,0,0,0,172,A
8-NS,844,171,0,0,0,171,A
8-NS,845,171,0,1,0,172,A
8-NS,846,172,0,0,0,172,A
8-NS,847,164,0,0,0,164,A
8-NS,848,164,0,0,0,164,A
8-NS,849,0,0,0,163,163,C
8-NS,850,140,0,0,0,140,A
8-NS,851,0,1,0,140,141,C
8-NS,852,1,0,0,130,131,C
8-NS,853,1,0,0,131,132,C
8-NS,854,0,122,0,0,122,T
8-NS,855,0,118,0,0,118,T
8-NS,856,0,0,117,0,117,G
8-NS,857,0,115,0,0,115,T
8-NS,858,0,110,0,0,110,T
8-NS,859,0,107,0,0,107,T
8-NS,860,0,0,0,43,43,C
8-NS,861,0,34,0,0,34,T
8-NS,862,26,0,0,0,26,A
8-NS,863,0,0,0,26,26,C
