Gene,Position,A,T,G,C,Coverage,Consensus
1-PB2,1,682,0,0,0,682,A
1-PB2,2,0,680,0,0,680,T
1-PB2,3,0,0,707,0,707,G
1-PB2,4,0,3,704,0,707,G
1-PB2,5,704,1,1,0,706,A
1-PB2,6,714,0,0,0,714,A
1-PB2,7,711,0,3,0,714,A
1-PB2,8,0,1,792,0,793,G
1-PB2,9,788,0,2,0,790,A
1-PB2,10,794,0,1,0,795,A
1-PB2,11,0,828,0,0,828,T
1-PB2,12,829,0,0,0,829,A
1-PB2,13,828,0,1,0,829,A
1-PB2,14,827,0,0,0,827,A
1-PB2,15,834,0,0,0,834,A
1-PB2,16,1,1,867,0,869,G
1-PB2,17,870,1,2,0,873,A
1-PB2,18,878,0,0,0,878,A
1-PB2,19,0,0,0,898,898,C
1-PB2,20,0,898,0,0,898,T
1-PB2,21,912,0,0,0,912,A
1-PB2,22,0,0,0,915,915,C
1-PB2,23,0,6,907,0,913,G
1-PB2,24,1,3,920,0,924,G
1-PB2,25,929,0,1,0,930,A
1-PB2,26,959,0,2,0,961,A
1-PB2,27,1,965,0,0,966,T
1-PB2,28,1,1,0,971,973,C
1-PB2,29,0,973,0,0,973,T
1-PB2,30,0,1,972,0,973,G
1-PB2,31,971,0,0,0,971,A
1-PB2,32,0,981,0,0,981,T
1-PB2,33,1,1,982,0,984,G
1-PB2,34,0,999,0,1,1000,T
1-PB2,35,2,0,0,994,996,C
1-PB2,36,2,0,993,0,995,G
1-PB2,37,0,1,0,999,1000,C
1-PB2,38,998,0,2,0,1000,A
1-PB2,39,1,0,1051,0,1052,G
1-PB2,40,0,1049,0,1,1050,T
1-PB2,41,7,0,0,1041,1048,C
1-PB2,42,0,1051,0,2,1053,T
1-PB2,43,0,0,0,1059,1059,C
1-PB2,44,1,0,1053,0,1054,G
1-PB2,45,0,0,0,1056,1056,C
1-PB2,46,1058,0,0,0,1058,A
1-PB2,47,0,0,0,1068,1068,C
1-PB2,48,0,1059,1,1,1061,T
1-PB2,49,3,1,0,1083,1087,C
1-PB2,50,2,0,1086,0,1088,G
1-PB2,51,0,1,0,1089,1090,C
1-PB2,52,0,3,1082,0,1085,G
1-PB2,53,1083,0,2,0,1085,A
1-PB2,54,0,2,1097,0,1099,G
1-PB2,55,1123,1,1,0,1125,A
1-PB2,56,0,1122,0,1,1123,T
1-PB2,57,1122,0,1,0,1123,A
1-PB2,58,0,0,0,1123,1123,C
1-PB2,59,0,1113,0,1,1114,T
1-PB2,60,0,4,1145,0,1149,G
1-PB2,61,1151,0,4,0,1155,A
1-PB2,62,0,1,0,1157,1158,C
1-PB2,63,1156,0,2,0,1158,A
1-PB2,64,1156,0,1,0,1157,A
1-PB2,65,1168,0,3,0,1171,A
1-PB2,66,1184,0,2,0,1186,A
1-PB2,67,1187,0,2,1,1190,A
1-PB2,68,0,1,0,1202,1203,C
1-PB2,69,1,0,0,1195,1196,C
1-PB2,70,1227,1,1,0,1229,A
1-PB2,71,0,0,0,1243,1243,C
1-PB2,72,1236,0,0,0,1236,A
1-PB2,73,1,0,1280,0,1281,G
1-PB2,74,0,1272,0,0,1272,T
1-PB2,75,1,3,1294,0,1298,G
1-PB2,76,0,5,1302,0,1307,G
1-PB2,77,1306,0,1,0,1307,A
1-PB2,78,0,0,0,1371,1371,C
1-PB2,79,4,0,0,1355,1359,C
1-PB2,80,1375,1,1,0,1377,A
1-PB2,81,0,1378,0,0,1378,T
1-PB2,82,1360,0,1,0,1361,A
1-PB2,83,0,1359,0,1,1360,T
1-PB2,84,0,3,1352,0,1355,G
1-PB2,85,1,0,1358,0,1359,G
1-PB2,86,0,1,0,1362,1363,C
1-PB2,87,2,1,0,1340,1343,C
1-PB2,88,1340,0,3,0,1343,A
1-PB2,89,0,1429,0,1,1430,T
1-PB2,90,1436,0,1,0,1437,A
1-PB2,91,1497,0,0,0,1497,A
1-PB2,92,0,1497,0,0,1497,T
1-PB2,93,0,1484,0,0,1484,T
1-PB2,94,1500,0,0,0,1500,A
1-PB2,95,1498,0,6,0,1504,A
1-PB2,96,1,1,1547,0,1549,G
1-PB2,97,1542,0,2,0,1544,A
1-PB2,98,1506,0,5,0,1511,A
1-PB2,99,2,0,1588,0,1590,G
1-PB2,100,0,1558,0,2,1560,T
1-PB2,101,1571,0,0,0,1571,A
1-PB2,102,0,1,0,1570,1571,C
1-PB2,103,1572,0,1,0,1573,A
1-PB2,104,0,0,0,1612,1612,C
1-PB2,105,1584,0,3,0,1587,A
1-PB2,106,0,1586,0,1,1587,T
1-PB2,107,3,1,0,1598,1602,C
1-PB2,108,0,6,1572,0,1578,G
1-PB2,109,0,5,1567,0,1572,G
1-PB2,110,0,0,1561,0,1561,G
1-PB2,111,0,3,1567,0,1570,G
1-PB2,112,1557,0,0,1,1558,A
1-PB2,113,0,7,1556,0,1563,G
1-PB2,114,1553,0,2,0,1555,A
1-PB2,115,1,0,0,1575,1576,C
1-PB2,116,1568,1,6,0,1575,A
1-PB2,117,0,2,1595,0,1597,G
1-PB2,118,0,2,1629,0,1631,G
1-PB2,119,1631,0,1,0,1632,A
1-PB2,120,1625,0,5,1,1631,A
1-PB2,121,1631,0,1,0,1632,A
1-PB2,122,1628,2,2,0,1632,A
1-PB2,123,0,5,1629,0,1634,G
1-PB2,124,1614,0,0,0,1614,A
1-PB2,125,1631,0,1,0,1632,A
1-PB2,126,1,0,0,1628,1629,C
1-PB2,127,0,0,0,1631,1631,C
1-PB2,128,9,0,0,1617,1626,C
1-PB2,129,2,1,1628,0,1631,G
1-PB2,130,1,1616,0,3,1620,T
1-PB2,131,10,0,0,1626,1636,C
1-PB2,132,1651,0,1,0,1652,A
1-PB2,133,1,1,0,1672,1674,C
1-PB2,134,0,1652,2,1,1655,T
1-PB2,135,0,1666,0,0,1666,T
1-PB2,136,1666,0,1,0,1667,A
1-PB2,137,1,4,1698,0,1703,G
1-PB2,138,1,2,1693,0,1696,G
1-PB2,139,1693,0,1,0,1694,A
1-PB2,140,0,1688,0,2,1690,T
1-PB2,141,1,6,1699,0,1706,G
1-PB2,142,1722,0,1,0,1723,A
1-PB2,143,1718,0,3,0,1721,A
1-PB2,144,1724,0,4,0,1728,A
1-PB2,145,0,1729,0,1,1730,T
1-PB2,146,1,5,1721,0,1727,G
1-PB2,147,0,0,1739,0,1739,G
1-PB2,148,1739,1,0,0,1740,A
1-PB2,149,0,1741,1,1,1743,T
1-PB2,150,0,3,1733,0,1736,G
1-PB2,151,1717,0,3,0,1720,A
1-PB2,152,0,1738,0,0,1738,T
1-PB2,153,0,6,1727,0,1733,G
1-PB2,154,2,1,1745,0,1748,G
1-PB2,155,1,0,0,1737,1738,C
1-PB2,156,1730,0,0,0,1730,A
1-PB2,157,1753,0,2,0,1755,A
1-PB2,158,1,1760,0,0,1761,T
1-PB2,159,0,7,1810,0,1817,G
1-PB2,160,1818,0,2,0,1820,A
1-PB2,161,1804,0,5,0,1809,A
1-PB2,162,1804,0,6,0,1810,A
1-PB2,163,1,1819,0,1,1821,T
1-PB2,164,1834,0,0,0,1834,A
1-PB2,165,1,2,0,1864,1867,C
1-PB2,166,6,1,0,1848,1855,C
1-PB2,167,11,0,0,1845,1856,C
1-PB2,168,1838,0,1,0,1839,A
1-PB2,169,1840,0,0,0,1840,A
1-PB2,170,0,1836,0,1,1837,T
1-PB2,171,7,0,0,1836,1843,C
1-PB2,172,1834,0,0,0,1834,A
1-PB2,173,0,0,0,1871,1871,C
1-PB2,174,0,1833,7,1,1841,T
1-PB2,175,1,0,1850,0,1851,G
1-PB2,176,0,1,0,1850,1851,C
1-PB2,177,1,1841,0,1,1843,T
1-PB2,178,2,1,1852,0,1855,G
1-PB2,179,1857,0,1,1,1859,A
1-PB2,180,0,1,0,1870,1871,C
1-PB2,181,1870,0,0,0,1870,A
1-PB2,182,1830,0,5,0,1835,A
1-PB2,183,1839,0,0,1,1840,A
1-PB2,184,1828,0,6,0,1834,A
1-PB2,185,0,2,1872,0,1874,G
1-PB2,186,1,3,1867,0,1871,G
1-PB2,187,1854,0,2,0,1856,A
1-PB2,188,0,1862,0,2,1864,T
1-PB2,189,1845,0,1,0,1846,A
1-PB2,190,1860,0,4,0,1864,A
1-PB2,191,0,0,0,1896,1896,C
1-PB2,192,1886,0,0,0,1886,A
1-PB2,193,0,2,1889,0,1891,G
1-PB2,194,1858,0,3,0,1861,A
1-PB2,195,1856,0,2,0,1858,A
1-PB2,196,1855,0,2,0,1857,A
1-PB2,197,0,1869,0,0,1869,T
1-PB2,198,1,7,1862,0,1870,G
1-PB2,199,0,0,1897,0,1897,G
1-PB2,200,1,1868,0,3,1872,T
1-PB2,201,0,1853,0,3,1856,T
1-PB2,202,6,1,0,1855,1862,C
1-PB2,203,2,1,0,1856,1859,C
1-PB2,204,1,1,1866,0,1868,G
1-PB2,205,0,6,1859,0,1865,G
1-PB2,206,1850,0,4,0,1854,A
1-PB2,207,1,6,1867,0,1874,G
1-PB2,208,1845,1,0,0,1846,A
1-PB2,209,0,4,1890,0,1894,G
1-PB2,210,1886,0,4,0,1890,A
1-PB2,211,1884,0,1,0,1885,A
1-PB2,212,1889,0,8,1,1898,A
1-PB2,213,0,1881,0,0,1881,T
1-PB2,214,0,15,1886,0,1901,G
1-PB2,215,1907,1,4,0,1912,A
1-PB2,216,1902,0,2,0,1904,A
1-PB2,217,3,0,1,1901,1905,C
1-PB2,218,1874,2,0,0,1876,A
1-PB2,219,1882,0,7,1,1890,A
1-PB2,220,0,6,1914,0,1920,G
1-PB2,221,1,6,1927,0,1934,G
1-PB2,222,1944,1,0,0,1945,A
1-PB2,223,0,0,0,1938,1938,C
1-PB2,224,1931,0,2,0,1933,A
1-PB2,225,1931,0,6,0,1937,A
1-PB2,226,2021,0,1,0,2022,A
1-PB2,227,1,0,0,2035,2036,C
1-PB2,228,0,1993,0,3,1996,T
1-PB2,229,3,0,1,2041,2045,C
1-PB2,230,1,2011,0,1,2013,T
1-PB2,231,2019,1,1,0,2021,A
1-PB2,232,0,2014,0,0,2014,T
1-PB2,233,1,6,2027,0,2034,G
1-PB2,234,1,8,2052,0,2061,G
1-PB2,235,1942,0,2,0,1944,A
1-PB2,236,2,1,1961,1,1965,G
1-PB2,237,0,1969,0,1,1970,T
1-PB2,238,1946,0,0,0,1946,A
1-PB2,239,1948,0,3,1,1952,A
1-PB2,240,1942,0,3,0,1945,A
1-PB2,241,1944,0,5,0,1949,A
1-PB2,242,0,1938,0,0,1938,T
1-PB2,243,2,9,1914,0,1925,G
1-PB2,244,1878,0,2,0,1880,A
1-PB2,245,0,1,1890,1,1892,G
1-PB2,246,2,1875,0,1,1878,T
1-PB2,247,0,6,1871,0,1877,G
1-PB2,248,1917,0,1,1,1919,A
1-PB2,249,0,1929,0,2,1931,T
1-PB2,250,0,0,1930,0,1930,G
1-PB2,251,0,0,0,1927,1927,C
1-PB2,252,0,1911,1,4,1916,T
1-PB2,253,0,4,1985,0,1989,G
1-PB2,254,0,4,1985,0,1989,G
1-PB2,255,1998,0,1,1,2000,A
1-PB2,256,2,1985,0,2,1989,T
1-PB2,257,9,0,0,1987,1996,C
1-PB2,258,2005,0,5,0,2010,A
1-PB2,259,0,3,2071,0,2074,G
1-PB2,260,2066,0,4,0,2070,A
1-PB2,261,0,2072,0,0,2072,T
1-PB2,262,2002,2,1,0,2005,A
1-PB2,263,0,4,2066,0,2070,G
1-PB2,264,2040,0,1,0,2041,A
1-PB2,265,1,0,2071,0,2072,G
1-PB2,266,0,2032,0,0,2032,T
1-PB2,267,3,4,2001,0,2008,G
1-PB2,268,1965,0,3,0,1968,A
1-PB2,269,0,1983,0,1,1984,T
1-PB2,270,1,3,1997,0,2001,G
1-PB2,271,1,0,2036,0,2037,G
1-PB2,272,0,2006,0,0,2006,T
1-PB2,273,2007,0,1,0,2008,A
1-PB2,274,0,1963,0,2,1965,T
1-PB2,275,2,2,0,1962,1966,C
1-PB2,276,1989,0,2,0,1991,A
1-PB2,277,1,0,0,2028,2029,C
1-PB2,278,5,0,0,2026,2031,C
1-PB2,279,0,1980,0,1,1981,T
1-PB2,280,0,1965,0,2,1967,T
1-PB2,281,1,1962,0,6,1969,T
1-PB2,282,3,1,1991,0,1995,G
1-PB2,283,0,1,1998,0,1999,G
1-PB2,284,0,1,0,2012,2013,C
1-PB2,285,1,1973,0,3,1977,T
1-PB2,286,0,2,1985,0,1987,G
1-PB2,287,0,1991,0,3,1994,T
1-PB2,288,1999,0,0,0,1999,A
1-PB2,289,2010,0,2,0,2012,A
1-PB2,290,0,1,0,2003,2004,C
1-PB2,291,1982,0,2,0,1984,A
1-PB2,292,0,1978,0,1,1979,T
1-PB2,293,0,4,1951,0,1955,G
1-PB2,294,0,0,1998,0,1998,G
1-PB2,295,0,1969,0,3,1972,T
1-PB2,296,3,3,1953,0,1959,G
1-PB2,297,0,3,1986,0,1989,G
1-PB2,298,1962,0,7,0,1969,A
1-PB2,299,1986,0,6,0,1992,A
1-PB2,300,0,1998,0,0,1998,T
1-PB2,301,1986,2,2,0,1990,A
1-PB2,302,0,4,2019,0,2023,G
1-PB2,303,1994,0,2,0,1996,A
1-PB2,304,1993,0,4,0,1997,A
1-PB2,305,1991,0,3,0,1994,A
1-PB2,306,0,1946,0,0,1946,T
1-PB2,307,0,4,1935,0,1939,G
1-PB2,308,0,9,1913,0,1922,G
1-PB2,309,1934,1,3,0,1938,A
1-PB2,310,0,0,0,1941,1941,C
1-PB2,311,2,0,0,1911,1913,C
1-PB2,312,10,1,0,1894,1905,C
1-PB2,313,1,2,1914,0,1917,G
1-PB2,314,0,1925,1,3,1929,T
1-PB2,315,1,9,1964,0,1974,G
1-PB2,316,1967,2,5,0,1974,A
1-PB2,317,1,1,0,1980,1982,C
1-PB2,318,1987,0,4,1,1992,A
1-PB2,319,1987,0,3,0,1990,A
1-PB2,320,9,0,2033,0,2042,G
1-PB2,321,0,2038,0,2,2040,T
1-PB2,322,2031,0,1,0,2032,A
1-PB2,323,0,2,0,2010,2012,C
1-PB2,324,1,7,1958,0,1966,G
1-PB2,325,0,1,2034,1,2036,G
1-PB2,326,0,2025,0,3,2028,T
1-PB2,327,5,0,0,2042,2047,C
1-PB2,328,10,1,0,2046,2057,C
1-PB2,329,2020,0,1,0,2021,A
1-PB2,330,0,2016,0,3,2019,T
1-PB2,331,0,2022,0,3,2025,T
1-PB2,332,2166,0,0,0,2166,A
1-PB2,333,0,1,0,2159,2160,C
1-PB2,334,4,3,0,2098,2105,C
1-PB2,335,9,1,0,2076,2086,C
1-PB2,336,2063,1,0,0,2064,A
1-PB2,337,2072,0,3,1,2076,A
1-PB2,338,2066,0,1,0,2067,A
1-PB2,339,2063,0,1,0,2064,A
1-PB2,340,0,1,2084,0,2085,G
1-PB2,341,0,1952,0,3,1955,T
1-PB2,342,1,0,1965,0,1966,G
1-PB2,343,0,1971,0,2,1973,T
1-PB2,344,1969,1,2,0,1972,A
1-PB2,345,0,0,0,1976,1976,C
1-PB2,346,1971,1,0,0,1972,A
1-PB2,347,1974,0,0,0,1974,A
1-PB2,348,1928,0,1,0,1929,A
1-PB2,349,1940,0,4,0,1944,A
1-PB2,350,0,0,1,1940,1941,C
1-PB2,351,0,1935,0,0,1935,T
1-PB2,352,1,1948,0,1,1950,T
1-PB2,353,1951,0,0,0,1951,A
1-PB2,354,0,1948,0,0,1948,T
1-PB2,355,0,1944,0,1,1945,T
1-PB2,356,1,1943,0,0,1944,T
1-PB2,357,1,1,0,1941,1943,C
1-PB2,358,2,10,1922,0,1934,G
1-PB2,359,1929,0,1,0,1930,A
1-PB2,360,0,1,0,1932,1933,C
1-PB2,361,1928,0,2,0,1930,A
1-PB2,362,1919,0,1,1,1921,A
1-PB2,363,1919,0,1,0,1920,A
1-PB2,364,0,0,1956,0,1956,G
1-PB2,365,1,1949,0,0,1950,T
1-PB2,366,8,0,0,1941,1949,C
1-PB2,367,1,2,1951,0,1954,G
1-PB2,368,1943,0,3,0,1946,A
1-PB2,369,1949,1,2,0,1952,A
1-PB2,370,1946,0,4,0,1950,A
1-PB2,371,1,1,2012,0,2014,G
1-PB2,372,0,1,2029,0,2030,G
1-PB2,373,0,2004,0,1,2005,T
1-PB2,374,0,1998,1,0,1999,T
1-PB2,375,2004,0,2,0,2006,A
1-PB2,376,2002,0,1,0,2003,A
1-PB2,377,2002,0,2,0,2004,A
1-PB2,378,2023,0,2,0,2025,A
1-PB2,379,1,0,0,2041,2042,C
1-PB2,380,1957,0,0,0,1957,A
1-PB2,381,0,1941,0,1,1942,T
1-PB2,382,1,1,1936,1,1939,G
1-PB2,383,1,1,1928,0,1930,G
1-PB2,384,1929,0,4,0,1933,A
1-PB2,385,1946,0,2,0,1948,A
1-PB2,386,1,1,0,2016,2018,C
1-PB2,387,4,1,0,2033,2038,C
1-PB2,388,0,2002,1,5,2008,T
1-PB2,389,0,2000,0,0,2000,T
1-PB2,390,0,2000,0,1,2001,T
1-PB2,391,0,6,1991,0,1997,G
1-PB2,392,1,14,1981,0,1996,G
1-PB2,393,2,1,0,1998,2001,C
1-PB2,394,2,1,0,1987,1990,C
1-PB2,395,3,13,0,1957,1973,C
1-PB2,396,0,1891,0,1,1892,T
1-PB2,397,0,0,1917,0,1917,G
1-PB2,398,0,1915,0,2,1917,T
1-PB2,399,1,1918,0,2,1921,T
1-PB2,400,12,0,0,1911,1923,C
1-PB2,401,1908,0,3,0,1911,A
1-PB2,402,0,1906,0,1,1907,T
1-PB2,403,0,1903,0,1,1904,T
1-PB2,404,0,1914,0,0,1914,T
1-PB2,405,1,1914,0,1,1916,T
1-PB2,406,1889,0,0,0,1889,A
1-PB2,407,1,1,1883,0,1885,G
1-PB2,408,1873,0,0,0,1873,A
1-PB2,409,1890,0,2,0,1892,A
1-PB2,410,1884,2,0,0,1886,A
1-PB2,411,0,1875,0,1,1876,T
1-PB2,412,7,0,0,1873,1880,C
1-PB2,413,1879,0,1,0,1880,A
1-PB2,414,1891,0,2,0,1893,A
1-PB2,415,0,1,1898,0,1899,G
1-PB2,416,2,1896,0,2,1900,T
1-PB2,417,7,0,0,1886,1893,C
1-PB2,418,1904,0,1,0,1905,A
1-PB2,419,1904,0,3,0,1907,A
1-PB2,420,1,2,1901,0,1904,G
1-PB2,421,1919,1,1,0,1921,A
1-PB2,422,0,1926,0,0,1926,T
1-PB2,423,1961,0,0,0,1961,A
1-PB2,424,1,0,0,1951,1952,C
1-PB2,425,1,1,1948,0,1950,G
1-PB2,426,1,0,0,1960,1961,C
1-PB2,427,1948,0,0,0,1948,A
1-PB2,428,0,4,1939,0,1943,G
1-PB2,429,1,4,1855,0,1860,G
1-PB2,430,1892,1,3,0,1896,A
1-PB2,431,0,7,1962,1,1970,G
1-PB2,432,1957,0,4,2,1963,A
1-PB2,433,1,0,1990,0,1991,G
1-PB2,434,1,1984,0,0,1985,T
1-PB2,435,1964,0,1,0,1965,A
1-PB2,436,1,3,2005,0,2009,G
1-PB2,437,2001,0,2,0,2003,A
1-PB2,438,0,0,0,2114,2114,C
1-PB2,439,2082,0,0,1,2083,A
1-PB2,440,1,2037,0,2,2040,T
1-PB2,441,2032,0,0,0,2032,A
1-PB2,442,2030,0,2,0,2032,A
1-PB2,443,2051,0,3,0,2054,A
1-PB2,444,0,0,0,2075,2075,C
1-PB2,445,1,2,0,2041,2044,C
1-PB2,446,13,0,0,2007,2020,C
1-PB2,447,0,1882,1,1,1884,T
1-PB2,448,0,1,1894,0,1895,G
1-PB2,449,0,0,1935,0,1935,G
1-PB2,450,0,1930,0,2,1932,T
1-PB2,451,14,0,0,1915,1929,C
1-PB2,452,1942,0,2,1,1945,A
1-PB2,453,0,1941,0,3,1944,T
1-PB2,454,0,1,1954,0,1955,G
1-PB2,455,0,3,0,1953,1956,C
1-PB2,456,1935,0,5,0,1940,A
1-PB2,457,0,6,1952,0,1958,G
1-PB2,458,1910,1,3,0,1914,A
1-PB2,459,1,0,0,1962,1963,C
1-PB2,460,8,0,0,1947,1955,C
1-PB2,461,0,1914,1,5,1920,T
1-PB2,462,3,0,0,1932,1935,C
1-PB2,463,1910,2,3,0,1915,A
1-PB2,464,1,0,1971,0,1972,G
1-PB2,465,0,1963,1,3,1967,T
1-PB2,466,2,0,1972,0,1974,G
1-PB2,467,3,2,0,1950,1955,C
1-PB2,468,5,1,0,1930,1936,C
1-PB2,469,1943,0,3,0,1946,A
1-PB2,470,1939,0,0,0,1939,A
1-PB2,471,1931,0,1,1,1933,A
1-PB2,472,1,2,1929,0,1932,G
1-PB2,473,1866,1,3,0,1870,A
1-PB2,474,0,6,1880,0,1886,G
1-PB2,475,0,3,1871,0,1874,G
1-PB2,476,1,1,0,1877,1879,C
1-PB2,477,1881,0,2,0,1883,A
1-PB2,478,2,0,0,1883,1885,C
1-PB2,479,1879,0,1,0,1880,A
1-PB2,480,1914,0,3,0,1917,A
1-PB2,481,0,1,1940,0,1941,G
1-PB2,482,1945,0,8,0,1953,A
1-PB2,483,1,1942,0,2,1945,T
1-PB2,484,2,0,1938,0,1940,G
1-PB2,485,0,1945,0,3,1948,T
1-PB2,486,1950,0,1,0,1951,A
1-PB2,487,1934,0,0,1,1935,A
1-PB2,488,0,1952,0,0,1952,T
1-PB2,489,1,1855,0,1,1857,T
1-PB2,490,1857,0,0,0,1857,A
1-PB2,491,0,1803,0,1,1804,T
1-PB2,492,0,5,1801,1,1807,G
1-PB2,493,1,1,1803,0,1805,G
1-PB2,494,1792,1,1,0,1794,A
1-PB2,495,1785,0,2,0,1787,A
1-PB2,496,0,1,1786,0,1787,G
1-PB2,497,2,1782,0,1,1785,T
1-PB2,498,0,1781,0,2,1783,T
1-PB2,499,1,1,1796,0,1798,G
1-PB2,500,1,1789,0,2,1792,T
1-PB2,501,0,1786,0,4,1790,T
1-PB2,502,0,1788,0,3,1791,T
1-PB2,503,0,1788,0,2,1790,T
1-PB2,504,0,1803,0,1,1804,T
1-PB2,505,7,0,0,1795,1802,C
1-PB2,506,1,0,0,1798,1799,C
1-PB2,507,4,0,1,1805,1810,C
1-PB2,508,1802,0,0,0,1802,A
1-PB2,509,1809,0,2,0,1811,A
1-PB2,510,0,1814,0,1,1815,T
1-PB2,511,0,3,1830,0,1833,G
1-PB2,512,1825,1,0,0,1826,A
1-PB2,513,1811,0,1,1,1813,A
1-PB2,514,2,0,1831,0,1833,G
1-PB2,515,0,1822,0,2,1824,T
1-PB2,516,1,7,1795,0,1803,G
1-PB2,517,0,2,1815,0,1817,G
1-PB2,518,0,2,1808,0,1810,G
1-PB2,519,1821,0,2,1,1824,A
1-PB2,520,0,1,1815,0,1816,G
1-PB2,521,1,2,0,1800,1803,C
1-PB2,522,3,0,0,1822,1825,C
1-PB2,523,1822,0,4,0,1826,A
1-PB2,524,0,1,1862,0,1863,G
1-PB2,525,1,1,1876,0,1878,G
1-PB2,526,1882,0,2,0,1884,A
1-PB2,527,0,1884,0,1,1885,T
1-PB2,528,1880,0,2,1,1883,A
1-PB2,529,1,2,0,1874,1877,C
1-PB2,530,0,1849,0,1,1850,T
1-PB2,531,1838,0,3,0,1841,A
1-PB2,532,1844,0,0,0,1844,A
1-PB2,533,1,1,0,1855,1857,C
1-PB2,534,1814,0,1,0,1815,A
1-PB2,535,0,1788,0,1,1789,T
1-PB2,536,6,0,0,1797,1803,C
1-PB2,537,1776,0,2,0,1778,A
1-PB2,538,0,6,1790,0,1796,G
1-PB2,539,1791,0,1,0,1792,A
1-PB2,540,1787,0,0,0,1787,A
1-PB2,541,0,1774,0,1,1775,T
1-PB2,542,4,1,0,1753,1758,C
1-PB2,543,1763,1,0,1,1765,A
1-PB2,544,0,0,0,1808,1808,C
1-PB2,545,1811,0,1,0,1812,A
1-PB2,546,1816,0,1,0,1817,A
1-PB2,547,2,1789,0,4,1795,T
1-PB2,548,0,1801,0,0,1801,T
1-PB2,549,1803,0,0,0,1803,A
1-PB2,550,1826,0,1,0,1827,A
1-PB2,551,0,0,0,1826,1826,C
1-PB2,552,1802,0,2,0,1804,A
1-PB2,553,1779,0,2,0,1781,A
1-PB2,554,0,1802,1,1,1804,T
1-PB2,555,1796,0,0,0,1796,A
1-PB2,556,1802,0,0,0,1802,A
1-PB2,557,0,0,0,1800,1800,C
1-PB2,558,0,1794,0,4,1798,T
1-PB2,559,1783,0,1,0,1784,A
1-PB2,560,1775,0,3,0,1778,A
1-PB2,561,1782,0,1,0,1783,A
1-PB2,562,0,6,1785,0,1791,G
1-PB2,563,1753,0,1,0,1754,A
1-PB2,564,0,2,1787,0,1789,G
1-PB2,565,1774,1,0,0,1775,A
1-PB2,566,1781,1,3,0,1785,A
1-PB2,567,1789,0,3,0,1792,A
1-PB2,568,1787,0,0,0,1787,A
1-PB2,569,1801,0,5,0,1806,A
1-PB2,570,1799,1,3,0,1803,A
1-PB2,571,1,2,1808,1,1812,G
1-PB2,572,1805,0,1,0,1806,A
1-PB2,573,1785,0,4,0,1789,A
1-PB2,574,0,6,1796,0,1802,G
1-PB2,575,1788,1,7,0,1796,A
1-PB2,576,1800,0,3,0,1803,A
1-PB2,577,0,0,1,1821,1822,C
1-PB2,578,0,1794,0,2,1796,T
1-PB2,579,5,2,1,1804,1812,C
1-PB2,580,8,1,0,1803,1812,C
1-PB2,581,1,3,1803,0,1807,G
1-PB2,582,1792,0,2,0,1794,A
1-PB2,583,1,0,1805,0,1806,G
1-PB2,584,1789,0,1,1,1791,A
1-PB2,585,0,1797,0,1,1798,T
1-PB2,586,0,1785,0,3,1788,T
1-PB2,587,1,2,1791,0,1794,G
1-PB2,588,1,1,0,1782,1784,C
1-PB2,589,1793,0,1,0,1794,A
1-PB2,590,1791,0,2,0,1793,A
1-PB2,591,1789,1,0,0,1790,A
1-PB2,592,1806,0,2,0,1808,A
1-PB2,593,0,1805,0,0,1805,T
1-PB2,594,0,1805,0,0,1805,T
1-PB2,595,0,1802,0,1,1803,T
1-PB2,596,3,1,0,1790,1794,C
1-PB2,597,1,1772,0,7,1780,T
1-PB2,598,7,0,0,1925,1932,C
1-PB2,599,4,0,0,1929,1933,C
1-PB2,600,9,1,0,2064,2074,C
1-PB2,601,0,2052,0,1,2053,T
1-PB2,602,0,2065,0,4,2069,T
1-PB2,603,2,5,2084,0,2091,G
1-PB2,604,2089,0,3,0,2092,A
1-PB2,605,0,2133,0,1,2134,T
1-PB2,606,0,5,2168,0,2173,G
1-PB2,607,1,2,2359,0,2362,G
1-PB2,608,2,2402,0,4,2408,T
1-PB2,609,0,2377,0,5,2382,T
1-PB2,610,3,2,2553,0,2558,G
1-PB2,611,1,1,0,2559,2561,C
1-PB2,612,2611,0,2,0,2613,A
1-PB2,613,0,2614,1,2,2617,T
1-PB2,614,2644,0,2,3,2649,A
1-PB2,615,0,1,1,2809,2811,C
1-PB2,616,3097,0,0,4,3101,A
1-PB2,617,1,3195,1,4,3201,T
1-PB2,618,1,0,3361,0,3362,G
1-PB2,619,1,3348,0,7,3356,T
1-PB2,620,0,3360,0,3,3363,T
1-PB2,621,3344,1,5,0,3350,A
1-PB2,622,0,10,3350,1,3361,G
1-PB2,623,3372,1,2,0,3375,A
1-PB2,624,2,14,3412,0,3428,G
1-PB2,625,3283,0,4,0,3287,A
1-PB2,626,0,6,3322,0,3328,G
1-PB2,627,3262,1,6,0,3269,A
1-PB2,628,0,9,3284,0,3293,G
1-PB2,629,3286,1,9,0,3296,A
1-PB2,630,3307,0,5,0,3312,A
1-PB2,631,1,0,0,3337,3338,C
1-PB2,632,0,3304,2,3,3309,T
1-PB2,633,0,3297,1,2,3300,T
1-PB2,634,0,1,3300,0,3301,G
1-PB2,635,0,3314,0,1,3315,T
1-PB2,636,3322,0,2,0,3324,A
1-PB2,637,1,0,0,3296,3297,C
1-PB2,638,1,11,3290,0,3302,G
1-PB2,639,3291,2,1,0,3294,A
1-PB2,640,3289,0,1,0,3290,A
1-PB2,641,3324,1,1,1,3327,A
1-PB2,642,3342,2,1,0,3345,A
1-PB2,643,3338,1,6,1,3346,A
1-PB2,644,1,0,0,3366,3367,C
1-PB2,645,3359,0,2,0,3361,A
1-PB2,646,3358,0,2,0,3360,A
1-PB2,647,1,18,3366,0,3385,G
1-PB2,648,3391,0,1,0,3392,A
1-PB2,649,1,3391,0,5,3397,T
1-PB2,650,0,3377,0,2,3379,T
1-PB2,651,0,3391,0,1,3392,T
1-PB2,652,3,2,0,3389,3394,C
1-PB2,653,0,3397,1,12,3410,T
1-PB2,654,9,1,0,3421,3431,C
1-PB2,655,5,1,0,3381,3387,C
1-PB2,656,13,1,0,3414,3428,C
1-PB2,657,3416,0,3,0,3419,A
1-PB2,658,0,1,3451,0,3452,G
1-PB2,659,0,3456,0,4,3460,T
1-PB2,660,0,3434,0,4,3438,T
1-PB2,661,1,3,3436,0,3440,G
1-PB2,662,1,0,0,3440,3441,C
1-PB2,663,0,3436,0,5,3441,T
1-PB2,664,3,7,3439,0,3449,G
1-PB2,665,2,1,3445,0,3448,G
1-PB2,666,1,2,0,3432,3435,C
1-PB2,667,3,4,3436,0,3443,G
1-PB2,668,2,7,3471,0,3480,G
1-PB2,669,3487,0,5,0,3492,A
1-PB2,670,3486,0,10,0,3496,A
1-PB2,671,1,1,0,3495,3497,C
1-PB2,672,3516,0,3,0,3519,A
1-PB2,673,3515,0,3,0,3518,A
1-PB2,674,2,1,3681,0,3684,G
1-PB2,675,0,1,0,3758,3759,C
1-PB2,676,3784,0,4,0,3788,A
1-PB2,677,1,0,4708,0,4709,G
1-PB2,678,1,4686,1,0,4688,T
1-PB2,679,4701,0,2,0,4703,A
1-PB2,680,0,4708,1,8,4717,T
1-PB2,681,4734,3,2,0,4739,A
1-PB2,682,0,4733,1,2,4736,T
1-PB2,683,4660,0,4,0,4664,A
1-PB2,684,0,0,0,4730,4730,C
1-PB2,685,4489,0,4,0,4493,A
1-PB2,686,1,4256,0,1,4258,T
1-PB2,687,0,4114,0,5,4119,T
1-PB2,688,0,12,4112,0,4124,G
1-PB2,689,4107,0,6,0,4113,A
1-PB2,690,4096,1,5,1,4103,A
1-PB2,691,1,1,4177,0,4179,G
1-PB2,692,0,4149,1,3,4153,T
1-PB2,693,0,4105,0,1,4106,T
1-PB2,694,0,4121,0,2,4123,T
1-PB2,695,0,4123,0,3,4126,T
1-PB2,696,4169,1,2,1,4173,A
1-PB2,697,0,0,0,4190,4190,C
1-PB2,698,4187,0,2,1,4190,A
1-PB2,699,1,4166,1,5,4173,T
1-PB2,700,0,4132,0,3,4135,T
1-PB2,701,0,4142,0,2,4144,T
1-PB2,702,0,28,4169,0,4197,G
1-PB2,703,4213,0,2,0,4215,A
1-PB2,704,2,0,0,4229,4231,C
1-PB2,705,1,4176,0,6,4183,T
1-PB2,706,6,0,0,4194,4200,C
1-PB2,707,4179,2,2,0,4183,A
1-PB2,708,5,8,4127,1,4141,G
1-PB2,709,0,7,4224,0,4231,G
1-PB2,710,1,10,4242,0,4253,G
1-PB2,711,4242,0,4,0,4246,A
1-PB2,712,4254,0,5,1,4260,A
1-PB2,713,1,2,0,4270,4273,C
1-PB2,714,1,2,4316,0,4319,G
1-PB2,715,0,4301,0,4,4305,T
1-PB2,716,1,2,4324,0,4327,G
1-PB2,717,0,4286,0,4,4290,T
1-PB2,718,0,4280,1,1,4282,T
1-PB2,719,0,11,4270,0,4281,G
1-PB2,720,0,11,4278,0,4289,G
1-PB2,721,2,18,4303,0,4323,G
1-PB2,722,4284,0,5,2,4291,A
1-PB2,723,4278,1,8,0,4287,A
1-PB2,724,0,2,0,4383,4385,C
1-PB2,725,4382,0,0,0,4382,A
1-PB2,726,4491,0,1,0,4492,A
1-PB2,727,4512,0,0,0,4512,A
1-PB2,728,1,4515,0,1,4517,T
1-PB2,729,1,1,4591,0,4593,G
1-PB2,730,0,4557,0,3,4560,T
1-PB2,731,4562,0,5,0,4567,A
1-PB2,732,1,0,0,4569,4570,C
1-PB2,733,4464,1,7,0,4472,A
1-PB2,734,2,2,0,4464,4468,C
1-PB2,735,0,4306,0,9,4315,T
1-PB2,736,12,1,0,4687,4700,C
1-PB2,737,14,0,0,4694,4708,C
1-PB2,738,4790,0,4,0,4794,A
1-PB2,739,0,5,4824,0,4829,G
1-PB2,740,1,1,4945,0,4947,G
1-PB2,741,1,4928,1,2,4932,T
1-PB2,742,1,6,4934,0,4941,G
1-PB2,743,2,10,4768,0,4780,G
1-PB2,744,4701,0,16,0,4717,A
1-PB2,745,1,7,4751,0,4759,G
1-PB2,746,0,17,4744,0,4761,G
1-PB2,747,4673,2,7,0,4682,A
1-PB2,748,1,2,4730,0,4733,G
1-PB2,749,0,4601,0,5,4606,T
1-PB2,750,1,10,4632,0,4643,G
1-PB2,751,4618,4,13,0,4635,A
1-PB2,752,1,11,4634,0,4646,G
1-PB2,753,3,7,4661,0,4671,G
1-PB2,754,4617,2,4,0,4623,A
1-PB2,755,4631,0,8,0,4639,A
1-PB2,756,0,4640,0,0,4640,T
1-PB2,757,1,13,4600,0,4614,G
1-PB2,758,4600,1,7,0,4608,A
1-PB2,759,1,4,0,4580,4585,C
1-PB2,760,5,9,4568,0,4582,G
1-PB2,761,4577,1,3,0,4581,A
1-PB2,762,0,4564,0,2,4566,T
1-PB2,763,6,0,4578,0,4584,G
1-PB2,764,1,4581,0,5,4587,T
1-PB2,765,0,4544,0,9,4553,T
1-PB2,766,2,20,4547,0,4569,G
1-PB2,767,4566,2,10,0,4578,A
1-PB2,768,0,2,0,4560,4562,C
1-PB2,769,20,0,1,4540,4561,C
1-PB2,770,4528,0,1,0,4529,A
1-PB2,771,4512,0,3,1,4516,A
1-PB2,772,4493,0,2,0,4495,A
1-PB2,773,1,1,4509,0,4511,G
1-PB2,774,0,4435,0,6,4441,T
1-PB2,775,9,1,0,4634,4644,C
1-PB2,776,1,4657,0,2,4660,T
1-PB2,777,4677,0,1,0,4678,A
1-PB2,778,4666,0,3,3,4672,A
1-PB2,779,1,4680,0,5,4686,T
1-PB2,780,0,4671,0,0,4671,T
1-PB2,781,4592,0,0,0,4592,A
1-PB2,782,2,4424,1,2,4429,T
1-PB2,783,0,4406,1,3,4410,T
1-PB2,784,0,1,4385,0,4386,G
1-PB2,785,1,1,1,4377,4380,C
1-PB2,786,2,7,4365,0,4374,G
1-PB2,787,2,0,4445,0,4447,G
1-PB2,788,2,0,0,4434,4436,C
1-PB2,789,7,1,0,4452,4460,C
1-PB2,790,4469,1,2,1,4473,A
1-PB2,791,1,9,4528,0,4538,G
1-PB2,792,1,11,4550,1,4563,G
1-PB2,793,4563,0,10,0,4573,A
1-PB2,794,4579,1,4,2,4586,A
1-PB2,795,0,2,0,4628,4630,C
1-PB2,796,4564,0,4,0,4568,A
1-PB2,797,0,4635,0,3,4638,T
1-PB2,798,4682,0,2,0,4684,A
1-PB2,799,2,1,4720,0,4723,G
1-PB2,800,0,4643,0,3,4646,T
1-PB2,801,4605,0,3,0,4608,A
1-PB2,802,4592,0,4,0,4596,A
1-PB2,803,0,7,4591,0,4598,G
1-PB2,804,4549,0,5,1,4555,A
1-PB2,805,4474,0,6,0,4480,A
1-PB2,806,1,9,4437,1,4448,G
1-PB2,807,4278,0,12,0,4290,A
1-PB2,808,3,1,4292,0,4296,G
1-PB2,809,0,2,0,4306,4308,C
1-PB2,810,2,2,0,4292,4296,C
1-PB2,811,2,1,4296,0,4299,G
1-PB2,812,1,3,0,4299,4303,C
1-PB2,813,4321,0,3,0,4324,A
1-PB2,814,2,1,4613,0,4616,G
1-PB2,815,1,4599,0,2,4602,T
1-PB2,816,4624,1,6,0,4631,A
1-PB2,817,0,4584,0,3,4587,T
1-PB2,818,15,3,0,4610,4628,C
1-PB2,819,4600,0,9,0,4609,A
1-PB2,820,4,2,4618,0,4624,G
1-PB2,821,0,4,0,4618,4622,C
1-PB2,822,4415,0,3,1,4419,A
1-PB2,823,0,6,4347,0,4353,G
1-PB2,824,4359,0,1,0,4360,A
1-PB2,825,2,4346,2,9,4359,T
1-PB2,826,10,0,0,4389,4399,C
1-PB2,827,9,2,0,4381,4392,C
1-PB2,828,4381,1,6,1,4389,A
1-PB2,829,2,2,0,4400,4404,C
1-PB2,830,0,4395,0,2,4397,T
1-PB2,831,4402,0,2,0,4404,A
1-PB2,832,2,3,4382,0,4387,G
1-PB2,833,1,3,0,4340,4344,C
1-PB2,834,4341,1,4,0,4346,A
1-PB2,835,0,4349,0,3,4352,T
1-PB2,836,6,1,0,4388,4395,C
1-PB2,837,1,4366,0,4,4371,T
1-PB2,838,0,4444,0,0,4444,T
1-PB2,839,0,4457,1,3,4461,T
1-PB2,840,4453,0,2,0,4455,A
1-PB2,841,1,4424,1,1,4427,T
1-PB2,842,0,4420,0,6,4426,T
1-PB2,843,4,3,4415,0,4422,G
1-PB2,844,1,13,4404,0,4418,G
1-PB2,845,4266,0,8,0,4274,A
1-PB2,846,0,6,4288,1,4295,G
1-PB2,847,4185,0,7,0,4192,A
1-PB2,848,2,4170,0,2,4174,T
1-PB2,849,3,1,4229,0,4233,G
1-PB2,850,0,4228,0,5,4233,T
1-PB2,851,2,1,4216,0,4219,G
1-PB2,852,2,3,0,4231,4236,C
1-PB2,853,11,2,0,4197,4210,C
1-PB2,854,4214,0,3,0,4217,A
1-PB2,855,0,1,1,4202,4204,C
1-PB2,856,4125,1,3,1,4130,A
1-PB2,857,0,1,4201,0,4202,G
1-PB2,858,1,0,0,4092,4093,C
1-PB2,859,4055,0,9,0,4064,A
1-PB2,860,2,3,0,4065,4070,C
1-PB2,861,4074,0,3,0,4077,A
1-PB2,862,1,4,0,4088,4093,C
1-PB2,863,4068,0,1,1,4070,A
1-PB2,864,4058,1,6,0,4065,A
1-PB2,865,4065,0,1,0,4066,A
1-PB2,866,0,3921,0,1,3922,T
1-PB2,867,0,3899,0,1,3900,T
1-PB2,868,1,9,3882,0,3892,G
1-PB2,869,2,1,3853,0,3856,G
1-PB2,870,1,2,0,3874,3877,C
1-PB2,871,2,14,3796,1,3813,G
1-PB2,872,0,3,3861,0,3864,G
1-PB2,873,0,10,3850,0,3860,G
1-PB2,874,3871,0,8,0,3879,A
1-PB2,875,1,0,0,3889,3890,C
1-PB2,876,3885,0,1,0,3886,A
1-PB2,877,3887,0,1,0,3888,A
1-PB2,878,3667,2,7,0,3676,A
1-PB2,879,1,4,3715,0,3720,G
1-PB2,880,3725,0,7,0,3732,A
1-PB2,881,0,3727,0,6,3733,T
1-PB2,882,2,10,3674,0,3686,G
1-PB2,883,2,3,3692,0,3697,G
1-PB2,884,0,3649,0,6,3655,T
1-PB2,885,2,12,3632,0,3646,G
1-PB2,886,1,6,3614,0,3621,G
1-PB2,887,3608,0,4,0,3612,A
1-PB2,888,1,2,0,3599,3602,C
1-PB2,889,3530,0,0,0,3530,A
1-PB2,890,0,3999,0,2,4001,T
1-PB2,891,1,3984,1,2,3988,T
1-PB2,892,11,1,1,3983,3996,C
1-PB2,893,0,3953,0,4,3957,T
1-PB2,894,0,3953,0,3,3956,T
1-PB2,895,3953,2,4,0,3959,A
1-PB2,896,0,7,3953,0,3960,G
1-PB2,897,3927,0,6,1,3934,A
1-PB2,898,0,1,0,3938,3939,C
1-PB2,899,2927,0,2,0,2929,A
1-PB2,900,0,12,2962,0,2974,G
1-PB2,901,2953,0,3,0,2956,A
1-PB2,902,2975,0,2,1,2978,A
1-PB2,903,1,1,0,2976,2978,C
1-PB2,904,4,0,0,2958,2962,C
1-PB2,905,7,1,0,2943,2951,C
1-PB2,906,2896,1,6,0,2903,A
1-PB2,907,2923,0,2,0,2925,A
1-PB2,908,2,0,0,2973,2975,C
1-PB2,909,0,2970,0,3,2973,T
1-PB2,910,1,6,2988,0,2995,G
1-PB2,911,2980,0,3,2,2985,A
1-PB2,912,2991,2,6,0,2999,A
1-PB2,913,0,9,3009,0,3018,G
1-PB2,914,2986,0,3,0,2989,A
1-PB2,915,2994,0,2,0,2996,A
1-PB2,916,1,0,0,2998,2999,C
1-PB2,917,2935,0,0,1,2936,A
1-PB2,918,2,4,2885,1,2892,G
1-PB2,919,1,1,2978,0,2980,G
1-PB2,920,1,2,0,2997,3000,C
1-PB2,921,0,2991,0,3,2994,T
1-PB2,922,2,0,3046,0,3048,G
1-PB2,923,0,3031,0,0,3031,T
1-PB2,924,1,8,3090,0,3099,G
1-PB2,925,0,3,3197,0,3200,G
1-PB2,926,3204,1,4,1,3210,A
1-PB2,927,0,3112,0,0,3112,T
1-PB2,928,3104,2,1,0,3107,A
1-PB2,929,1,3070,0,1,3072,T
1-PB2,930,3159,0,2,0,3161,A
1-PB2,931,0,3121,0,2,3123,T
1-PB2,932,2,5,3114,0,3121,G
1-PB2,933,0,1,0,3063,3064,C
1-PB2,934,2944,1,4,1,2950,A
1-PB2,935,2945,0,7,0,2952,A
1-PB2,936,1,6,2938,0,2945,G
1-PB2,937,0,1,2946,0,2947,G
1-PB2,938,1,2,0,2953,2956,C
1-PB2,939,0,2885,0,5,2890,T
1-PB2,940,1,1,2911,0,2913,G
1-PB2,941,0,0,0,2918,2918,C
1-PB2,942,2923,0,2,1,2926,A
1-PB2,943,2932,0,1,0,2933,A
1-PB2,944,1,2918,0,2,2921,T
1-PB2,945,3,12,2920,0,2935,G
1-PB2,946,0,8,2908,0,2916,G
1-PB2,947,3,5,2910,0,2918,G
1-PB2,948,2909,0,4,0,2913,A
1-PB2,949,0,2900,0,2,2902,T
1-PB2,950,1,2885,0,0,2886,T
1-PB2,951,1,10,2885,0,2896,G
1-PB2,952,2879,2,3,0,2884,A
1-PB2,953,0,3,2911,0,2914,G
1-PB2,954,2877,0,3,0,2880,A
1-PB2,955,2867,0,1,0,2868,A
1-PB2,956,2,2839,0,2,2843,T
1-PB2,957,9,1,0,2844,2854,C
1-PB2,958,2847,0,6,0,2853,A
1-PB2,959,1,0,2867,0,2868,G
1-PB2,960,0,0,0,2859,2859,C
1-PB2,961,0,2819,0,6,2825,T
1-PB2,962,11,1,0,2820,2832,C
1-PB2,963,2830,0,2,0,2832,A
1-PB2,964,0,2916,1,4,2921,T
1-PB2,965,4,0,0,2925,2929,C
1-PB2,966,15,1,0,2932,2948,C
1-PB2,967,4,2915,1,7,2927,T
1-PB2,968,1,2912,1,6,2920,T
1-PB2,969,3,1,0,2917,2921,C
1-PB2,970,2927,0,2,0,2929,A
1-PB2,971,2,0,2962,0,2964,G
1-PB2,972,1,2,0,2951,2954,C
1-PB2,973,1,2885,0,5,2891,T
1-PB2,974,0,2882,0,1,2883,T
1-PB2,975,3,2875,1,2,2881,T
1-PB2,976,2,8,2876,0,2886,G
1-PB2,977,0,0,2885,0,2885,G
1-PB2,978,0,2875,0,2,2877,T
1-PB2,979,1,9,2882,0,2892,G
1-PB2,980,5,5,2858,0,2868,G
1-PB2,981,1,1,2894,0,2896,G
1-PB2,982,0,2859,0,8,2867,T
1-PB2,983,0,2864,3,3,2870,T
1-PB2,984,0,2870,0,2,2872,T
1-PB2,985,2879,0,1,0,2880,A
1-PB2,986,1,3,0,2889,2893,C
1-PB2,987,2884,1,2,0,2887,A
1-PB2,988,0,2871,0,2,2873,T
1-PB2,989,0,2804,0,3,2807,T
1-PB2,990,0,2811,1,4,2816,T
1-PB2,991,2821,0,2,0,2823,A
1-PB2,992,2820,0,2,1,2823,A
1-PB2,993,2818,0,0,0,2818,A
1-PB2,994,2799,0,6,0,2805,A
1-PB2,995,2,9,2831,0,2842,G
1-PB2,996,2826,0,3,0,2829,A
1-PB2,997,2823,1,5,0,2829,A
1-PB2,998,0,2,0,2832,2834,C
1-PB2,999,2816,0,4,0,2820,A
1-PB2,1000,2818,0,4,0,2822,A
1-PB2,1001,0,2,2819,0,2821,G
1-PB2,1002,1,7,0,2815,2823,C
1-PB2,1003,2,8,2801,0,2811,G
1-PB2,1004,1,4,2824,0,2829,G
1-PB2,1005,2,0,2832,0,2834,G
1-PB2,1006,1,2812,2,4,2819,T
1-PB2,1007,16,2,0,2809,2827,C
1-PB2,1008,2833,2,4,0,2839,A
1-PB2,1009,1,2812,1,5,2819,T
1-PB2,1010,7,2,0,2831,2840,C
1-PB2,1011,2835,0,5,0,2840,A
1-PB2,1012,1,0,2870,0,2871,G
1-PB2,1013,4,2808,0,2,2814,T
1-PB2,1014,14,0,0,2806,2820,C
1-PB2,1015,2826,0,2,0,2828,A
1-PB2,1016,2835,0,2,0,2837,A
1-PB2,1017,2824,1,1,1,2827,A
1-PB2,1018,2831,0,4,0,2835,A
1-PB2,1019,2852,0,0,0,2852,A
1-PB2,1020,2842,0,8,0,2850,A
1-PB2,1021,0,1,2864,0,2865,G
1-PB2,1022,2850,0,3,0,2853,A
1-PB2,1023,2837,1,4,0,2842,A
1-PB2,1024,0,4,2842,0,2846,G
1-PB2,1025,2819,0,2,0,2821,A
1-PB2,1026,2761,0,11,0,2772,A
1-PB2,1027,0,3,2766,0,2769,G
1-PB2,1028,2730,0,6,0,2736,A
1-PB2,1029,0,5,2746,0,2751,G
1-PB2,1030,1,0,2806,0,2807,G
1-PB2,1031,0,2798,0,4,2802,T
1-PB2,1032,2,2,2885,0,2889,G
1-PB2,1033,0,1,0,2903,2904,C
1-PB2,1034,1,2883,0,9,2893,T
1-PB2,1035,0,2909,0,3,2912,T
1-PB2,1036,2907,0,3,0,2910,A
1-PB2,1037,1,0,0,2897,2898,C
1-PB2,1038,2862,1,6,0,2869,A
1-PB2,1039,0,7,2868,0,2875,G
1-PB2,1040,1,1,2871,0,2873,G
1-PB2,1041,0,3,0,2814,2817,C
1-PB2,1042,2770,1,1,0,2772,A
1-PB2,1043,2778,0,6,0,2784,A
1-PB2,1044,0,2831,0,4,2835,T
1-PB2,1045,3,0,0,2862,2865,C
1-PB2,1046,1,2829,1,6,2837,T
1-PB2,1047,10,0,0,2835,2845,C
1-PB2,1048,5,4,0,2846,2855,C
1-PB2,1049,2853,1,4,0,2858,A
1-PB2,1050,2849,0,3,0,2852,A
1-PB2,1051,2851,1,6,1,2859,A
1-PB2,1052,0,1,0,2871,2872,C
1-PB2,1053,2779,0,2,0,2781,A
1-PB2,1054,1,2736,0,0,2737,T
1-PB2,1055,0,2725,0,3,2728,T
1-PB2,1056,1,6,2761,0,2768,G
1-PB2,1057,2761,0,0,0,2761,A
1-PB2,1058,2785,0,5,0,2790,A
1-PB2,1059,2798,0,6,0,2804,A
1-PB2,1060,2805,0,3,0,2808,A
1-PB2,1061,0,2811,0,1,2812,T
1-PB2,1062,2813,0,2,0,2815,A
1-PB2,1063,2789,0,6,0,2795,A
1-PB2,1064,1,12,2848,0,2861,G
1-PB2,1065,2804,0,7,0,2811,A
1-PB2,1066,1,0,2938,0,2939,G
1-PB2,1067,1,2869,1,1,2872,T
1-PB2,1068,2902,0,0,0,2902,A
1-PB2,1069,1,0,0,2966,2967,C
1-PB2,1070,2928,1,4,0,2933,A
1-PB2,1071,0,2923,2,2,2927,T
1-PB2,1072,2,8,2924,0,2934,G
1-PB2,1073,2860,1,3,0,2864,A
1-PB2,1074,0,6,2902,0,2908,G
1-PB2,1075,1,12,2874,0,2887,G
1-PB2,1076,1,10,2991,0,3002,G
1-PB2,1077,2,4,3035,1,3042,G
1-PB2,1078,1,2978,0,2,2981,T
1-PB2,1079,2988,0,0,0,2988,A
1-PB2,1080,0,2968,0,2,2970,T
1-PB2,1081,0,8,2975,0,2983,G
1-PB2,1082,2967,0,7,1,2975,A
1-PB2,1083,0,7,2966,0,2973,G
1-PB2,1084,0,5,2942,0,2947,G
1-PB2,1085,2748,0,1,0,2749,A
1-PB2,1086,3,0,2814,0,2817,G
1-PB2,1087,0,2839,1,3,2843,T
1-PB2,1088,0,2925,1,2,2928,T
1-PB2,1089,13,1,0,2930,2944,C
1-PB2,1090,2947,0,4,0,2951,A
1-PB2,1091,0,3,0,2949,2952,C
1-PB2,1092,2920,1,1,0,2922,A
1-PB2,1093,2925,0,4,0,2929,A
1-PB2,1094,0,2912,0,0,2912,T
1-PB2,1095,4,8,2847,0,2859,G
1-PB2,1096,1,2,2877,0,2880,G
1-PB2,1097,2,2782,0,4,2788,T
1-PB2,1098,1,8,2793,1,2803,G
1-PB2,1099,1,4,2801,0,2806,G
1-PB2,1100,2,8,2792,0,2802,G
1-PB2,1101,1,4,2810,0,2815,G
1-PB2,1102,2806,1,1,0,2808,A
1-PB2,1103,2806,0,3,0,2809,A
1-PB2,1104,2794,0,4,0,2798,A
1-PB2,1105,2734,1,9,0,2744,A
1-PB2,1106,0,10,2772,0,2782,G
1-PB2,1107,2729,0,3,0,2732,A
1-PB2,1108,1,1,2762,0,2764,G
1-PB2,1109,1,2,0,2742,2745,C
1-PB2,1110,2712,0,4,1,2717,A
1-PB2,1111,2724,0,4,0,2728,A
1-PB2,1112,0,0,0,2814,2814,C
1-PB2,1113,2801,0,6,0,2807,A
1-PB2,1114,1,1,2850,0,2852,G
1-PB2,1115,1,1,0,2831,2833,C
1-PB2,1116,0,2828,0,2,2830,T
1-PB2,1117,2940,0,0,0,2940,A
1-PB2,1118,0,2939,1,1,2941,T
1-PB2,1119,2948,0,3,0,2951,A
1-PB2,1120,1,0,0,2946,2947,C
1-PB2,1121,1,2762,0,2,2765,T
1-PB2,1122,2778,0,0,0,2778,A
1-PB2,1123,2709,0,1,0,2710,A
1-PB2,1124,0,4,2719,1,2724,G
1-PB2,1125,2704,1,3,0,2708,A
1-PB2,1126,2626,0,3,2,2631,A
1-PB2,1127,2632,0,3,1,2636,A
1-PB2,1128,2612,1,9,0,2622,A
1-PB2,1129,0,3,2644,0,2647,G
1-PB2,1130,1,1,0,2636,2638,C
1-PB2,1131,2626,0,3,0,2629,A
1-PB2,1132,2637,0,4,0,2641,A
1-PB2,1133,1,3,0,2629,2633,C
1-PB2,1134,2,2,0,2635,2639,C
1-PB2,1135,2647,1,1,0,2649,A
1-PB2,1136,0,2,2656,0,2658,G
1-PB2,1137,2647,0,3,1,2651,A
1-PB2,1138,2644,0,6,0,2650,A
1-PB2,1139,0,5,2662,0,2667,G
1-PB2,1140,2647,0,8,1,2656,A
1-PB2,1141,0,2648,0,1,2649,T
1-PB2,1142,0,2626,0,0,2626,T
1-PB2,1143,0,7,2637,0,2644,G
1-PB2,1144,0,2,2689,0,2691,G
1-PB2,1145,0,2681,0,4,2685,T
1-PB2,1146,1,2673,0,2,2676,T
1-PB2,1147,10,1,0,2672,2683,C
1-PB2,1148,2706,0,4,1,2711,A
1-PB2,1149,2,0,2829,0,2831,G
1-PB2,1150,0,2,0,2843,2845,C
1-PB2,1151,1,2817,0,6,2824,T
1-PB2,1152,13,2,0,2847,2862,C
1-PB2,1153,2806,1,2,0,2809,A
1-PB2,1154,0,2825,0,3,2828,T
1-PB2,1155,2828,0,1,0,2829,A
1-PB2,1156,1,0,2851,0,2852,G
1-PB2,1157,0,2689,1,3,2693,T
1-PB2,1158,2,14,2674,0,2690,G
1-PB2,1159,2588,0,6,0,2594,A
1-PB2,1160,0,0,2645,0,2645,G
1-PB2,1161,0,2614,0,5,2619,T
1-PB2,1162,0,8,2599,0,2607,G
1-PB2,1163,0,3,2628,0,2631,G
1-PB2,1164,2616,0,3,0,2619,A
1-PB2,1165,2602,0,11,0,2613,A
1-PB2,1166,0,4,2625,0,2629,G
1-PB2,1167,2568,0,3,0,2571,A
1-PB2,1168,0,6,2607,0,2613,G
1-PB2,1169,2572,1,10,0,2583,A
1-PB2,1170,1,2,0,2576,2579,C
1-PB2,1171,1,10,2576,1,2588,G
1-PB2,1172,2561,0,1,0,2562,A
1-PB2,1173,2571,1,5,1,2578,A
1-PB2,1174,1,1,0,2576,2578,C
1-PB2,1175,2546,0,3,0,2549,A
1-PB2,1176,0,4,2705,0,2709,G
1-PB2,1177,0,2677,1,3,2681,T
1-PB2,1178,10,1,0,2670,2681,C
1-PB2,1179,2687,0,2,0,2689,A
1-PB2,1180,2682,0,2,0,2684,A
1-PB2,1181,1,2683,0,4,2688,T
1-PB2,1182,2666,0,2,0,2668,A
1-PB2,1183,3,0,2671,0,2674,G
1-PB2,1184,0,3,0,2653,2656,C
1-PB2,1185,2,1,0,2568,2571,C
1-PB2,1186,0,5,2544,0,2549,G
1-PB2,1187,2550,0,1,1,2552,A
1-PB2,1188,2544,0,2,0,2546,A
1-PB2,1189,0,0,2575,1,2576,G
1-PB2,1190,3,1,0,2639,2643,C
1-PB2,1191,2649,0,1,0,2650,A
1-PB2,1192,2667,0,2,0,2669,A
1-PB2,1193,0,2665,0,2,2667,T
1-PB2,1194,2677,0,0,0,2677,A
1-PB2,1195,2712,0,1,1,2714,A
1-PB2,1196,1,2710,0,0,2711,T
1-PB2,1197,8,1,0,2687,2696,C
1-PB2,1198,3,0,2678,0,2681,G
1-PB2,1199,1,2588,0,1,2590,T
1-PB2,1200,3,5,2567,0,2575,G
1-PB2,1201,0,0,2613,0,2613,G
1-PB2,1202,1,0,0,2619,2620,C
1-PB2,1203,4,2,0,2610,2616,C
1-PB2,1204,2588,0,1,0,2589,A
1-PB2,1205,1,2578,1,2,2582,T
1-PB2,1206,1,9,2591,1,2602,G
1-PB2,1207,2,0,2659,0,2661,G
1-PB2,1208,0,2645,1,5,2651,T
1-PB2,1209,2,0,2668,0,2670,G
1-PB2,1210,0,2617,3,5,2625,T
1-PB2,1211,1,2637,0,5,2643,T
1-PB2,1212,0,2642,0,4,2646,T
1-PB2,1213,0,2655,0,3,2658,T
1-PB2,1214,4,1,0,2724,2729,C
1-PB2,1215,2727,0,6,0,2733,A
1-PB2,1216,0,1,0,3022,3023,C
1-PB2,1217,2953,0,0,0,2953,A
1-PB2,1218,3032,0,3,0,3035,A
1-PB2,1219,0,6,3062,0,3068,G
1-PB2,1220,3041,0,11,0,3052,A
1-PB2,1221,269,7,2825,0,3101,G
1-PB2,1222,0,7,3128,0,3135,G
1-PB2,1223,3073,0,3,0,3076,A
1-PB2,1224,0,3090,0,3,3093,T
1-PB2,1225,0,3070,0,0,3070,T
1-PB2,1226,0,1,3066,1,3068,G
1-PB2,1227,2,3,0,3015,3020,C
1-PB2,1228,3049,0,2,2,3053,A
1-PB2,1229,0,3084,0,0,3084,T
1-PB2,1230,0,5,3256,0,3261,G
1-PB2,1231,3285,1,6,0,3292,A
1-PB2,1232,0,3317,0,0,3317,T
1-PB2,1233,3297,0,1,0,3298,A
1-PB2,1234,3294,0,1,1,3296,A
1-PB2,1235,3314,0,0,0,3314,A
1-PB2,1236,3314,1,7,2,3324,A
1-PB2,1237,1,2,3339,0,3342,G
1-PB2,1238,1,0,0,3446,3447,C
1-PB2,1239,3531,1,3,0,3535,A
1-PB2,1240,0,2,3676,0,3678,G
1-PB2,1241,0,3657,0,1,3658,T
1-PB2,1242,0,3666,0,1,3667,T
1-PB2,1243,3665,1,4,0,3670,A
1-PB2,1244,0,3,3691,0,3694,G
1-PB2,1245,3653,0,3,0,3656,A
1-PB2,1246,0,7,3662,0,3669,G
1-PB2,1247,1,0,3648,0,3649,G
1-PB2,1248,0,3555,0,2,3557,T
1-PB2,1249,1,17,3585,0,3603,G
1-PB2,1250,3627,0,3,0,3630,A
1-PB2,1251,1,3,0,3646,3650,C
1-PB2,1252,4,3,0,3640,3647,C
1-PB2,1253,0,3602,0,11,3613,T
1-PB2,1254,1,8,3626,0,3635,G
1-PB2,1255,3626,2,4,0,3632,A
1-PB2,1256,3642,0,1,0,3643,A
1-PB2,1257,0,3646,0,3,3649,T
1-PB2,1258,0,3699,1,1,3701,T
1-PB2,1259,0,3706,0,1,3707,T
1-PB2,1260,8,1,0,3711,3720,C
1-PB2,1261,4,0,3717,0,3721,G
1-PB2,1262,2,3695,1,9,3707,T
1-PB2,1263,3,1,0,3726,3730,C
1-PB2,1264,3719,0,1,0,3720,A
1-PB2,1265,3726,0,2,0,3728,A
1-PB2,1266,0,1,0,3732,3733,C
1-PB2,1267,3679,1,0,0,3680,A
1-PB2,1268,1,9,3761,0,3771,G
1-PB2,1269,3724,0,8,0,3732,A
1-PB2,1270,0,2,3755,0,3757,G
1-PB2,1271,2,1,0,3760,3763,C
1-PB2,1272,3756,1,4,0,3761,A
1-PB2,1273,3809,1,5,0,3815,A
1-PB2,1274,3816,1,4,0,3821,A
1-PB2,1275,0,3809,0,0,3809,T
1-PB2,1276,11,0,0,3809,3820,C
1-PB2,1277,3801,0,2,0,3803,A
1-PB2,1278,1,1,3802,0,3804,G
1-PB2,1279,1,3,0,3800,3804,C
1-PB2,1280,3,6,3796,0,3805,G
1-PB2,1281,1,1,4052,0,4054,G
1-PB2,1282,1,4013,0,9,4023,T
1-PB2,1283,0,4033,0,1,4034,T
1-PB2,1284,2,10,4021,0,4033,G
1-PB2,1285,4033,0,6,0,4039,A
1-PB2,1286,4083,0,5,0,4088,A
1-PB2,1287,0,1,0,4117,4118,C
1-PB2,1288,9,4,0,4080,4093,C
1-PB2,1289,16,3,0,4116,4135,C
1-PB2,1290,14,4,0,3985,4003,C
1-PB2,1291,4021,2,2,0,4025,A
1-PB2,1292,1,4047,0,4,4052,T
1-PB2,1293,1,2,4059,0,4062,G
1-PB2,1294,1,4,0,4074,4079,C
1-PB2,1295,4058,0,5,0,4063,A
1-PB2,1296,1,4032,0,3,4036,T
1-PB2,1297,5,3,0,4035,4043,C
1-PB2,1298,3994,1,3,0,3998,A
1-PB2,1299,1,1,4089,0,4091,G
1-PB2,1300,0,3,0,4098,4101,C
1-PB2,1301,1,4063,1,8,4073,T
1-PB2,1302,1,4076,0,2,4079,T
1-PB2,1303,2,4063,0,4,4069,T
1-PB2,1304,0,4086,0,2,4088,T
1-PB2,1305,4072,0,3,1,4076,A
1-PB2,1306,4069,2,5,0,4076,A
1-PB2,1307,2,7,4047,0,4056,G
1-PB2,1308,2,4,4018,0,4024,G
1-PB2,1309,0,1,0,4017,4018,C
1-PB2,1310,4001,0,0,0,4001,A
1-PB2,1311,2,3991,0,0,3993,T
1-PB2,1312,1,3999,0,8,4008,T
1-PB2,1313,1,4004,0,8,4013,T
1-PB2,1314,1,4024,0,5,4030,T
1-PB2,1315,9,1,0,4022,4032,C
1-PB2,1316,4018,0,5,1,4024,A
1-PB2,1317,2,4,4022,0,4028,G
1-PB2,1318,4000,0,5,1,4006,A
1-PB2,1319,4016,1,1,1,4019,A
1-PB2,1320,4010,0,2,1,4013,A
1-PB2,1321,1,9,4028,0,4038,G
1-PB2,1322,4017,0,3,0,4020,A
1-PB2,1323,1,3938,1,67,4007,T
1-PB2,1324,0,4010,0,1,4011,T
1-PB2,1325,7,1,1,4089,4098,C
1-PB2,1326,2,10,4092,0,4104,G
1-PB2,1327,4100,0,3,0,4103,A
1-PB2,1328,4095,0,2,1,4098,A
1-PB2,1329,4080,1,5,1,4087,A
1-PB2,1330,0,0,4125,0,4125,G
1-PB2,1331,2,4051,0,6,4059,T
1-PB2,1332,1,2,4061,0,4064,G
1-PB2,1333,0,2,1,4055,4058,C
1-PB2,1334,0,4048,0,8,4056,T
1-PB2,1335,0,4061,0,2,4063,T
1-PB2,1336,0,4063,0,5,4068,T
1-PB2,1337,1,4065,0,3,4069,T
1-PB2,1338,0,4076,1,3,4080,T
1-PB2,1339,10,3,0,4059,4072,C
1-PB2,1340,4061,0,4,0,4065,A
1-PB2,1341,4091,0,2,0,4093,A
1-PB2,1342,4065,0,3,2,4070,A
1-PB2,1343,4104,0,1,0,4105,A
1-PB2,1344,0,4095,0,1,4096,T
1-PB2,1345,1,4114,1,1,4117,T
1-PB2,1346,0,13,4095,0,4108,G
1-PB2,1347,0,14,4090,1,4105,G
1-PB2,1348,8,5,4094,0,4107,G
1-PB2,1349,2,13,4206,1,4222,G
1-PB2,1350,4172,0,4,1,4177,A
1-PB2,1351,2,0,4310,0,4312,G
1-PB2,1352,0,4309,0,4,4313,T
1-PB2,1353,0,4268,0,31,4299,T
1-PB2,1354,2,21,4295,4,4322,G
1-PB2,1355,4321,2,4,0,4327,A
1-PB2,1356,4334,1,9,0,4344,A
1-PB2,1357,1,2,0,4492,4495,C
1-PB2,1358,4424,1,7,0,4432,A
1-PB2,1359,0,3,0,4583,4586,C
1-PB2,1360,4496,0,4,0,4500,A
1-PB2,1361,2,4502,0,2,4506,T
1-PB2,1362,9,3,0,4520,4532,C
1-PB2,1363,4,18,4512,0,4534,G
1-PB2,1364,4551,1,6,0,4558,A
1-PB2,1365,1,3,0,4557,4561,C
1-PB2,1366,4420,0,3,1,4424,A
1-PB2,1367,3,1,4573,0,4577,G
1-PB2,1368,3,4428,0,7,4438,T
1-PB2,1369,3,1,4538,0,4542,G
1-PB2,1370,1,4523,1,2,4527,T
1-PB2,1371,4,6,4529,0,4539,G
1-PB2,1372,4539,0,7,0,4546,A
1-PB2,1373,0,4509,0,6,4515,T
1-PB2,1374,2,9,4522,0,4533,G
1-PB2,1375,2,6,4494,1,4503,G
1-PB2,1376,3,11,4449,1,4464,G
1-PB2,1377,4426,0,3,0,4429,A
1-PB2,1378,4383,1,7,0,4391,A
1-PB2,1379,0,4398,0,2,4400,T
1-PB2,1380,2,16,4435,0,4453,G
1-PB2,1381,4471,0,0,0,4471,A
1-PB2,1382,1,4481,0,2,4484,T
1-PB2,1383,0,4460,1,4,4465,T
1-PB2,1384,5,7,4410,0,4422,G
1-PB2,1385,2,9,4570,0,4581,G
1-PB2,1386,4540,0,13,1,4554,A
1-PB2,1387,1,2,4652,0,4655,G
1-PB2,1388,0,4598,0,5,4603,T
1-PB2,1389,4597,0,5,0,4602,A
1-PB2,1390,1,4620,0,5,4626,T
1-PB2,1391,0,4699,0,3,4702,T
1-PB2,1392,4768,1,3,0,4772,A
1-PB2,1393,1,0,0,4769,4770,C
1-PB2,1394,11,0,0,4680,4691,C
1-PB2,1395,4676,0,5,0,4681,A
1-PB2,1396,3,2,4715,0,4720,G
1-PB2,1397,4815,0,11,0,4826,A
1-PB2,1398,1,4775,1,1,4778,T
1-PB2,1399,4761,1,4,0,4766,A
1-PB2,1400,0,4717,0,4,4721,T
1-PB2,1401,1,31,4675,0,4707,G
1-PB2,1402,4726,1,3,0,4730,A
1-PB2,1403,0,1,0,4791,4792,C
1-PB2,1404,1,4727,0,8,4736,T
1-PB2,1405,13,0,0,4751,4764,C
1-PB2,1406,5,3,0,4704,4712,C
1-PB2,1407,4723,1,2,0,4726,A
1-PB2,1408,4740,1,11,0,4752,A
1-PB2,1409,2,5,4868,0,4875,G
1-PB2,1410,2,1,0,4848,4851,C
1-PB2,1411,4871,1,5,0,4877,A
1-PB2,1412,0,2,0,4856,4858,C
1-PB2,1413,4825,2,6,1,4834,A
1-PB2,1414,0,12,4830,0,4842,G
1-PB2,1415,4803,1,4,1,4809,A
1-PB2,1416,3,3,4862,1,4869,G
1-PB2,1417,4881,1,4,0,4886,A
1-PB2,1418,2,4774,0,6,4782,T
1-PB2,1419,0,0,4867,0,4867,G
1-PB2,1420,1,4846,0,8,4855,T
1-PB2,1421,10,2,0,4821,4833,C
1-PB2,1422,4858,0,11,0,4869,A
1-PB2,1423,4862,1,0,0,4863,A
1-PB2,1424,0,4850,1,5,4856,T
1-PB2,1425,1,16,4828,0,4845,G
1-PB2,1426,4763,0,4,0,4767,A
1-PB2,1427,0,11,4811,0,4822,G
1-PB2,1428,4719,0,9,0,4728,A
1-PB2,1429,2,13,4748,1,4764,G
1-PB2,1430,0,8,5059,1,5068,G
1-PB2,1431,5056,1,8,1,5066,A
1-PB2,1432,5085,0,7,0,5092,A
1-PB2,1433,2,5094,0,4,5100,T
1-PB2,1434,5071,0,8,0,5079,A
1-PB2,1435,5063,0,10,1,5074,A
1-PB2,1436,0,11,5068,1,5080,G
1-PB2,1437,5032,0,6,0,5038,A
1-PB2,1438,2,0,5067,0,5069,G
1-PB2,1439,1,4797,0,5,4803,T
1-PB2,1440,17,3,0,4805,4825,C
1-PB2,1441,4810,0,9,0,4819,A
1-PB2,1442,3,0,4897,0,4900,G
1-PB2,1443,0,0,0,4935,4935,C
1-PB2,1444,4946,0,0,0,4946,A
1-PB2,1445,4950,3,4,0,4957,A
1-PB2,1446,4924,0,4,1,4929,A
1-PB2,1447,4932,0,4,0,4936,A
1-PB2,1448,88,4848,1,1,4938,T
1-PB2,1449,2,19,4946,0,4967,G
1-PB2,1450,2,11,4959,0,4972,G
1-PB2,1451,1,1,5004,0,5006,G
1-PB2,1452,0,4913,0,3,4916,T
1-PB2,1453,1,0,4936,0,4937,G
1-PB2,1454,0,4901,0,4,4905,T
1-PB2,1455,0,10,4905,0,4915,G
1-PB2,1456,1,4,4980,0,4985,G
1-PB2,1457,4985,0,4,0,4989,A
1-PB2,1458,0,4971,0,1,4972,T
1-PB2,1459,3,11,5014,2,5030,G
1-PB2,1460,5002,0,5,0,5007,A
1-PB2,1461,5021,0,6,1,5028,A
1-PB2,1462,0,5019,0,4,5023,T
1-PB2,1463,4973,1,9,0,4983,A
1-PB2,1464,3,0,0,5458,5461,C
1-PB2,1465,0,5315,0,6,5321,T
1-PB2,1466,22,2,2,5408,5434,C
1-PB2,1467,8,1,1,5439,5449,C
1-PB2,1468,5391,17,12,0,5420,A
1-PB2,1469,5,0,5651,0,5656,G
1-PB2,1470,0,5611,0,2,5613,T
1-PB2,1471,5661,0,6,0,5667,A
1-PB2,1472,0,2,0,5687,5689,C
1-PB2,1473,5154,0,7,1,5162,A
1-PB2,1474,0,14,5175,0,5189,G
1-PB2,1475,5013,0,10,0,5023,A
1-PB2,1476,0,6,5073,0,5079,G
1-PB2,1477,4923,2,7,0,4932,A
1-PB2,1478,0,21,4844,0,4865,G
1-PB2,1479,1,17,4827,0,4845,G
1-PB2,1480,3,1,4870,0,4874,G
1-PB2,1481,1,4805,0,1,4807,T
1-PB2,1482,0,10,4796,1,4807,G
1-PB2,1483,2,0,4832,0,4834,G
1-PB2,1484,3,4789,0,6,4798,T
1-PB2,1485,2,8,4944,0,4954,G
1-PB2,1486,3,1,4957,0,4961,G
1-PB2,1487,2,4843,1,6,4852,T
1-PB2,1488,0,4849,0,5,4854,T
1-PB2,1489,4790,0,5,0,4795,A
1-PB2,1490,3,1,4826,0,4830,G
1-PB2,1491,2,2,0,4810,4814,C
1-PB2,1492,4821,1,2,0,4824,A
1-PB2,1493,0,4811,0,2,4813,T
1-PB2,1494,1,4595,0,3,4599,T
1-PB2,1495,0,9,4595,0,4604,G
1-PB2,1496,4571,0,6,0,4577,A
1-PB2,1497,0,4582,2,3,4587,T
1-PB2,1498,27,2,0,4573,4602,C
1-PB2,1499,3,19,4530,0,4552,G
1-PB2,1500,1,0,4683,0,4684,G
1-PB2,1501,0,4657,0,3,4660,T
1-PB2,1502,0,4644,2,7,4653,T
1-PB2,1503,3,4647,0,2,4652,T
1-PB2,1504,1,4659,0,3,4663,T
1-PB2,1505,0,4658,0,2,4660,T
1-PB2,1506,2,14,4654,0,4670,G
1-PB2,1507,4618,0,8,0,4626,A
1-PB2,1508,2,14,4653,0,4669,G
1-PB2,1509,4479,1,7,0,4487,A
1-PB2,1510,0,0,4539,0,4539,G
1-PB2,1511,0,4546,0,6,4552,T
1-PB2,1512,2,4526,0,4,4532,T
1-PB2,1513,19,4,1,4527,4551,C
1-PB2,1514,4,8,4538,2,4552,G
1-PB2,1515,4536,1,13,0,4550,A
1-PB2,1516,3,16,4550,0,4569,G
1-PB2,1517,4551,1,10,0,4562,A
1-PB2,1518,0,0,0,4558,4558,C
1-PB2,1519,11,3,0,4507,4521,C
1-PB2,1520,4481,1,2,1,4485,A
1-PB2,1521,4536,0,3,0,4539,A
1-PB2,1522,2,2,0,4530,4534,C
1-PB2,1523,0,0,4545,0,4545,G
1-PB2,1524,0,4529,0,4,4533,T
1-PB2,1525,4,6,4525,1,4536,G
1-PB2,1526,0,5,4529,0,4534,G
1-PB2,1527,2,8,4536,0,4546,G
1-PB2,1528,4492,0,4,0,4496,A
1-PB2,1529,4509,1,5,0,4515,A
1-PB2,1530,0,4410,0,0,4410,T
1-PB2,1531,0,1,4646,0,4647,G
1-PB2,1532,0,4628,0,1,4629,T
1-PB2,1533,4645,0,0,0,4645,A
1-PB2,1534,1,4621,0,6,4628,T
1-PB2,1535,1,4566,0,2,4569,T
1-PB2,1536,4635,0,2,0,4637,A
1-PB2,1537,0,4598,1,5,4604,T
1-PB2,1538,0,4544,0,3,4547,T
1-PB2,1539,4554,0,0,0,4554,A
1-PB2,1540,1,4046,1,7,4055,T
1-PB2,1541,3,1,0,4218,4222,C
1-PB2,1542,0,4153,0,6,4159,T
1-PB2,1543,5,0,1,4194,4200,C
1-PB2,1544,3,0,0,4206,4209,C
1-PB2,1545,1,4108,0,2,4111,T
1-PB2,1546,2,7,4124,0,4133,G
1-PB2,1547,4085,0,8,0,4093,A
1-PB2,1548,1,3,4109,0,4113,G
1-PB2,1549,0,11,4094,0,4105,G
1-PB2,1550,3746,0,5,1,3752,A
1-PB2,1551,0,9,3797,1,3807,G
1-PB2,1552,2,0,3783,0,3785,G
1-PB2,1553,0,3654,0,3,3657,T
1-PB2,1554,13,0,0,3670,3683,C
1-PB2,1555,3642,0,11,0,3653,A
1-PB2,1556,1,0,3702,0,3703,G
1-PB2,1557,1,3674,0,7,3682,T
1-PB2,1558,2,10,3674,0,3686,G
1-PB2,1559,3687,1,6,0,3694,A
1-PB2,1560,3590,1,3,0,3594,A
1-PB2,1561,3589,0,10,1,3600,A
1-PB2,1562,0,3,0,3589,3592,C
1-PB2,1563,3573,2,0,0,3575,A
1-PB2,1564,1,0,0,3579,3580,C
1-PB2,1565,3421,0,9,1,3431,A
1-PB2,1566,2,6,3443,0,3451,G
1-PB2,1567,2,4,3443,0,3449,G
1-PB2,1568,1,10,3456,0,3467,G
1-PB2,1569,3447,0,6,0,3453,A
1-PB2,1570,3415,0,7,0,3422,A
1-PB2,1571,0,2,0,3439,3441,C
1-PB2,1572,0,3387,1,6,3394,T
1-PB2,1573,2,4,3388,0,3394,G
1-PB2,1574,3370,0,6,1,3377,A
1-PB2,1575,0,5,3392,0,3397,G
1-PB2,1576,3297,0,11,0,3308,A
1-PB2,1577,1,13,3168,0,3182,G
1-PB2,1578,3170,0,6,0,3176,A
1-PB2,1579,0,2,0,3173,3175,C
1-PB2,1580,1,3062,0,3,3066,T
1-PB2,1581,0,9,3110,0,3119,G
1-PB2,1582,3096,1,10,0,3107,A
1-PB2,1583,3,0,0,3118,3121,C
1-PB2,1584,3111,0,2,0,3113,A
1-PB2,1585,3110,0,1,1,3112,A
1-PB2,1586,0,3095,0,4,3099,T
1-PB2,1587,3134,0,1,0,3135,A
1-PB2,1588,3136,0,1,0,3137,A
1-PB2,1589,0,0,0,3165,3165,C
1-PB2,1590,0,2981,0,5,2986,T
1-PB2,1591,0,2961,1,1,2963,T
1-PB2,1592,2924,0,2,0,2926,A
1-PB2,1593,0,2932,0,2,2934,T
1-PB2,1594,0,2914,0,5,2919,T
1-PB2,1595,11,0,0,2896,2907,C
1-PB2,1596,2741,0,1,0,2742,A
1-PB2,1597,0,2724,0,2,2726,T
1-PB2,1598,3,2,1,2632,2638,C
1-PB2,1599,0,0,2637,0,2637,G
1-PB2,1600,0,2668,0,0,2668,T
1-PB2,1601,7,1,0,2607,2615,C
1-PB2,1602,1,4,2617,0,2622,G
1-PB2,1603,2626,1,3,0,2630,A
1-PB2,1604,0,2629,0,3,2632,T
1-PB2,1605,1,7,2628,0,2636,G
1-PB2,1606,2627,0,3,0,2630,A
1-PB2,1607,0,2621,0,0,2621,T
1-PB2,1608,1,0,2622,0,2623,G
1-PB2,1609,0,2524,3,4,2531,T
1-PB2,1610,6,13,2498,0,2517,G
1-PB2,1611,0,5,2520,0,2525,G
1-PB2,1612,1,2,2522,0,2525,G
1-PB2,1613,2456,0,5,0,2461,A
1-PB2,1614,3,2,2466,0,2471,G
1-PB2,1615,2342,0,5,0,2347,A
1-PB2,1616,0,2309,0,0,2309,T
1-PB2,1617,0,2269,0,0,2269,T
1-PB2,1618,2266,1,2,0,2269,A
1-PB2,1619,2261,1,2,0,2264,A
1-PB2,1620,1,0,1,2240,2242,C
1-PB2,1621,1,2,2160,0,2163,G
1-PB2,1622,0,1,2206,0,2207,G
1-PB2,1623,0,2064,1,3,2068,T
1-PB2,1624,11,1,0,2038,2050,C
1-PB2,1625,0,0,0,2053,2053,C
1-PB2,1626,0,1959,1,3,1963,T
1-PB2,1627,0,6,1974,0,1980,G
1-PB2,1628,1961,0,5,0,1966,A
1-PB2,1629,0,0,1980,1,1981,G
1-PB2,1630,0,1974,0,0,1974,T
1-PB2,1631,6,1,0,1893,1900,C
1-PB2,1632,1,3,1879,0,1883,G
1-PB2,1633,0,3,1914,0,1917,G
1-PB2,1634,0,1909,0,2,1911,T
1-PB2,1635,1,1909,0,1,1911,T
1-PB2,1636,0,1911,1,1,1913,T
1-PB2,1637,0,1909,0,0,1909,T
1-PB2,1638,0,2,1968,1,1971,G
1-PB2,1639,1,1,1971,0,1973,G
1-PB2,1640,0,1968,0,3,1971,T
1-PB2,1641,7,3,0,1958,1968,C
1-PB2,1642,1925,0,3,0,1928,A
1-PB2,1643,1972,0,1,0,1973,A
1-PB2,1644,0,1976,1,1,1978,T
1-PB2,1645,1988,0,0,0,1988,A
1-PB2,1646,0,1,0,2036,2037,C
1-PB2,1647,3,1,0,1949,1953,C
1-PB2,1648,0,1950,2,2,1954,T
1-PB2,1649,1978,0,2,0,1980,A
1-PB2,1650,0,1979,1,0,1980,T
1-PB2,1651,2,0,0,1982,1984,C
1-PB2,1652,1911,0,1,0,1912,A
1-PB2,1653,1909,0,5,1,1915,A
1-PB2,1654,0,1900,0,2,1902,T
1-PB2,1655,0,4,1837,0,1841,G
1-PB2,1656,0,4,1836,0,1840,G
1-PB2,1657,1820,0,5,0,1825,A
1-PB2,1658,1,1764,0,0,1765,T
1-PB2,1659,6,0,0,1770,1776,C
1-PB2,1660,1777,1,3,0,1781,A
1-PB2,1661,0,1780,0,3,1783,T
1-PB2,1662,4,0,0,1782,1786,C
1-PB2,1663,1786,0,1,1,1788,A
1-PB2,1664,2,1,1796,0,1799,G
1-PB2,1665,1791,0,3,0,1794,A
1-PB2,1666,1782,1,1,0,1784,A
1-PB2,1667,1794,0,1,0,1795,A
1-PB2,1668,0,1791,1,1,1793,T
1-PB2,1669,0,1789,0,0,1789,T
1-PB2,1670,1,10,1765,0,1776,G
1-PB2,1671,1,4,1777,0,1782,G
1-PB2,1672,1,1,1776,0,1778,G
1-PB2,1673,1764,0,1,0,1765,A
1-PB2,1674,1767,0,1,0,1768,A
1-PB2,1675,2,1,1770,0,1773,G
1-PB2,1676,1,2,0,1765,1768,C
1-PB2,1677,0,1759,0,1,1760,T
1-PB2,1678,1770,0,2,0,1772,A
1-PB2,1679,2,1778,0,1,1781,T
1-PB2,1680,5,1,1,1781,1788,C
1-PB2,1681,1789,0,1,0,1790,A
1-PB2,1682,1795,0,0,1,1796,A
1-PB2,1683,1798,0,1,0,1799,A
1-PB2,1684,1807,0,2,0,1809,A
1-PB2,1685,0,1806,0,0,1806,T
1-PB2,1686,0,1800,0,0,1800,T
1-PB2,1687,6,0,0,1772,1778,C
1-PB2,1688,1788,0,1,0,1789,A
1-PB2,1689,1783,1,0,0,1784,A
1-PB2,1690,0,1785,0,0,1785,T
1-PB2,1691,3,6,1768,0,1777,G
1-PB2,1692,0,0,1794,0,1794,G
1-PB2,1693,1,1815,0,4,1820,T
1-PB2,1694,2,1,1,1822,1826,C
1-PB2,1695,1,1822,0,6,1829,T
1-PB2,1696,4,3,0,1833,1840,C
1-PB2,1697,1835,1,3,0,1839,A
1-PB2,1698,1,4,1842,0,1847,G
1-PB2,1699,1839,0,1,1,1841,A
1-PB2,1700,1854,0,0,0,1854,A
1-PB2,1701,0,1824,0,0,1824,T
1-PB2,1702,4,0,0,1790,1794,C
1-PB2,1703,4,1,0,1795,1800,C
1-PB2,1704,0,1781,0,5,1786,T
1-PB2,1705,2,0,1787,0,1789,G
1-PB2,1706,2,0,1,1782,1785,C
1-PB2,1707,1780,0,3,0,1783,A
1-PB2,1708,1826,0,1,0,1827,A
1-PB2,1709,0,1802,0,2,1804,T
1-PB2,1710,1,0,1843,0,1844,G
1-PB2,1711,0,1845,0,3,1848,T
1-PB2,1712,0,1793,0,5,1798,T
1-PB2,1713,3,0,1816,0,1819,G
1-PB2,1714,0,1813,0,4,1817,T
1-PB2,1715,1817,1,1,0,1819,A
1-PB2,1716,0,0,0,1816,1816,C
1-PB2,1717,1774,0,4,0,1778,A
1-PB2,1718,1796,0,2,0,1798,A
1-PB2,1719,1,0,0,1774,1775,C
1-PB2,1720,1736,1,1,0,1738,A
1-PB2,1721,1733,0,3,0,1736,A
1-PB2,1722,1692,0,0,0,1692,A
1-PB2,1723,1692,2,1,0,1695,A
1-PB2,1724,0,1696,0,0,1696,T
1-PB2,1725,0,4,1688,0,1692,G
1-PB2,1726,1,0,1696,0,1697,G
1-PB2,1727,1676,0,1,0,1677,A
1-PB2,1728,1688,0,8,0,1696,A
1-PB2,1729,0,1687,0,1,1688,T
1-PB2,1730,0,1685,0,1,1686,T
1-PB2,1731,0,1690,0,1,1691,T
1-PB2,1732,0,6,1686,1,1693,G
1-PB2,1733,1699,0,2,0,1701,A
1-PB2,1734,1696,0,1,0,1697,A
1-PB2,1735,0,1,1,1697,1699,C
1-PB2,1736,6,1,0,1648,1655,C
1-PB2,1737,1667,0,1,0,1668,A
1-PB2,1738,0,1688,0,2,1690,T
1-PB2,1739,0,1678,0,1,1679,T
1-PB2,1740,0,1681,0,2,1683,T
1-PB2,1741,3,2,0,1681,1686,C
1-PB2,1742,1691,0,0,0,1691,A
1-PB2,1743,1691,0,1,1,1693,A
1-PB2,1744,1,1686,0,1,1688,T
1-PB2,1745,2,0,1,1714,1717,C
1-PB2,1746,1,1690,0,2,1693,T
1-PB2,1747,0,1693,0,7,1700,T
1-PB2,1748,0,1707,0,0,1707,T
1-PB2,1749,1706,1,2,0,1709,A
1-PB2,1750,0,0,1716,0,1716,G
1-PB2,1751,1,1716,0,1,1718,T
1-PB2,1752,2,0,0,1748,1750,C
1-PB2,1753,5,1,0,1745,1751,C
1-PB2,1754,7,1,0,1726,1734,C
1-PB2,1755,7,1,0,1729,1737,C
1-PB2,1756,1743,0,1,0,1744,A
1-PB2,1757,1740,0,2,0,1742,A
1-PB2,1758,1,3,1774,0,1778,G
1-PB2,1759,1,1,1774,0,1776,G
1-PB2,1760,0,1,0,1765,1766,C
1-PB2,1761,6,0,0,1740,1746,C
1-PB2,1762,1747,1,1,0,1749,A
1-PB2,1763,0,1782,0,1,1783,T
1-PB2,1764,0,1770,1,1,1772,T
1-PB2,1765,1783,0,0,0,1783,A
1-PB2,1766,1,3,1781,0,1785,G
1-PB2,1767,1718,2,3,0,1723,A
1-PB2,1768,1790,0,1,0,1791,A
1-PB2,1769,0,0,1814,0,1814,G
1-PB2,1770,0,0,0,1824,1824,C
1-PB2,1771,8,0,0,1808,1816,C
1-PB2,1772,1811,0,2,0,1813,A
1-PB2,1773,1828,0,2,0,1830,A
1-PB2,1774,0,1835,0,3,1838,T
1-PB2,1775,1860,0,0,0,1860,A
1-PB2,1776,0,1,0,1858,1859,C
1-PB2,1777,1716,0,2,0,1718,A
1-PB2,1778,0,0,1727,0,1727,G
1-PB2,1779,0,1688,0,4,1692,T
1-PB2,1780,0,8,1709,0,1717,G
1-PB2,1781,0,3,1717,0,1720,G
1-PB2,1782,1,0,1718,0,1719,G
1-PB2,1783,0,1700,0,2,1702,T
1-PB2,1784,0,1673,0,3,1676,T
1-PB2,1785,0,1687,0,4,1691,T
1-PB2,1786,2,0,1714,0,1716,G
1-PB2,1787,0,1712,0,3,1715,T
1-PB2,1788,6,0,0,1700,1706,C
1-PB2,1789,1679,0,0,1,1680,A
1-PB2,1790,1,7,1680,0,1688,G
1-PB2,1791,1674,0,0,0,1674,A
1-PB2,1792,1672,0,1,0,1673,A
1-PB2,1793,1,2,0,1673,1676,C
1-PB2,1794,0,1621,0,3,1624,T
1-PB2,1795,8,0,0,1687,1695,C
1-PB2,1796,0,1697,0,3,1700,T
1-PB2,1797,1707,0,0,0,1707,A
1-PB2,1798,0,1708,0,0,1708,T
1-PB2,1799,1,1689,0,3,1693,T
1-PB2,1800,3,4,0,1684,1691,C
1-PB2,1801,2,1,0,1679,1682,C
1-PB2,1802,1668,0,1,1,1670,A
1-PB2,1803,1677,0,1,0,1678,A
1-PB2,1804,0,0,0,1673,1673,C
1-PB2,1805,1660,0,1,0,1661,A
1-PB2,1806,1650,1,1,0,1652,A
1-PB2,1807,1646,0,1,1,1648,A
1-PB2,1808,0,1660,0,0,1660,T
1-PB2,1809,0,2,1668,0,1670,G
1-PB2,1810,1632,1,5,0,1638,A
1-PB2,1811,0,2,1657,0,1659,G
1-PB2,1812,1636,1,3,0,1640,A
1-PB2,1813,0,4,1652,0,1656,G
1-PB2,1814,1644,0,5,0,1649,A
1-PB2,1815,0,3,0,1640,1643,C
1-PB2,1816,0,0,1658,0,1658,G
1-PB2,1817,0,1665,0,2,1667,T
1-PB2,1818,1683,0,0,0,1683,A
1-PB2,1819,0,0,0,1682,1682,C
1-PB2,1820,0,1669,0,0,1669,T
1-PB2,1821,0,1669,0,0,1669,T
1-PB2,1822,1,7,1638,0,1646,G
1-PB2,1823,1,1,1656,0,1658,G
1-PB2,1824,0,6,1657,0,1663,G
1-PB2,1825,1646,1,3,0,1650,A
1-PB2,1826,1,2,0,1659,1662,C
1-PB2,1827,1673,0,1,0,1674,A
1-PB2,1828,0,1681,0,2,1683,T
1-PB2,1829,0,1681,0,2,1683,T
1-PB2,1830,0,1689,0,4,1693,T
1-PB2,1831,0,8,1674,0,1682,G
1-PB2,1832,1688,0,2,0,1690,A
1-PB2,1833,1,0,0,1690,1691,C
1-PB2,1834,1691,0,1,0,1692,A
1-PB2,1835,0,0,0,1702,1702,C
1-PB2,1836,5,0,0,1645,1650,C
1-PB2,1837,1671,0,0,0,1671,A
1-PB2,1838,0,0,0,1678,1678,C
1-PB2,1839,6,21,0,1647,1674,C
1-PB2,1840,10,1,0,1676,1687,C
1-PB2,1841,1688,0,0,0,1688,A
1-PB2,1842,0,2,1714,0,1716,G
1-PB2,1843,1720,0,1,1,1722,A
1-PB2,1844,1,1789,0,2,1792,T
1-PB2,1845,1764,0,0,1,1765,A
1-PB2,1846,1757,0,1,0,1758,A
1-PB2,1847,0,1751,0,0,1751,T
1-PB2,1848,1750,0,2,0,1752,A
1-PB2,1849,1739,0,1,0,1740,A
1-PB2,1850,1727,0,3,0,1730,A
1-PB2,1851,0,1,1749,0,1750,G
1-PB2,1852,0,1,0,1731,1732,C
1-PB2,1853,0,1643,0,2,1645,T
1-PB2,1854,3,1642,1,1,1647,T
1-PB2,1855,2,0,0,1643,1645,C
1-PB2,1856,1,1629,0,2,1632,T
1-PB2,1857,5,0,0,1665,1670,C
1-PB2,1858,3,0,0,1676,1679,C
1-PB2,1859,9,1,0,1680,1690,C
1-PB2,1860,1,1672,0,2,1675,T
1-PB2,1861,0,1668,0,2,1670,T
1-PB2,1862,0,1671,0,1,1672,T
1-PB2,1863,0,1671,0,1,1672,T
1-PB2,1864,2,0,1666,0,1668,G
1-PB2,1865,0,0,0,1671,1671,C
1-PB2,1866,1645,0,2,0,1647,A
1-PB2,1867,2,0,1651,0,1653,G
1-PB2,1868,1,1,0,1639,1641,C
1-PB2,1869,0,1630,0,2,1632,T
1-PB2,1870,0,1,1640,0,1641,G
1-PB2,1871,0,2,1,1638,1641,C
1-PB2,1872,0,1627,0,3,1630,T
1-PB2,1873,6,0,0,1651,1657,C
1-PB2,1874,4,4,0,1658,1666,C
1-PB2,1875,1677,0,1,0,1678,A
1-PB2,1876,1,0,0,1671,1672,C
1-PB2,1877,2,0,1,1666,1669,C
1-PB2,1878,1660,0,2,0,1662,A
1-PB2,1879,1664,0,1,1,1666,A
1-PB2,1880,1656,0,1,0,1657,A
1-PB2,1881,0,1,1677,0,1678,G
1-PB2,1882,1,1,0,1674,1676,C
1-PB2,1883,1645,0,1,0,1646,A
1-PB2,1884,1644,0,1,0,1645,A
1-PB2,1885,1640,0,5,0,1645,A
1-PB2,1886,0,0,1670,0,1670,G
1-PB2,1887,0,0,0,1663,1663,C
1-PB2,1888,1646,0,2,0,1648,A
1-PB2,1889,0,4,1650,1,1655,G
1-PB2,1890,1633,0,2,1,1636,A
1-PB2,1891,1662,1,2,0,1665,A
1-PB2,1892,0,1663,0,1,1664,T
1-PB2,1893,0,0,1662,0,1662,G
1-PB2,1894,0,0,0,1668,1668,C
1-PB2,1895,1636,0,4,0,1640,A
1-PB2,1896,5,0,1654,1,1660,G
1-PB2,1897,1,1661,0,1,1663,T
1-PB2,1898,0,1717,0,1,1718,T
1-PB2,1899,11,0,0,1711,1722,C
1-PB2,1900,0,1682,1,2,1685,T
1-PB2,1901,3,1,0,1719,1723,C
1-PB2,1902,0,1720,2,3,1725,T
1-PB2,1903,0,1726,0,3,1729,T
1-PB2,1904,2,0,0,1736,1738,C
1-PB2,1905,1705,0,1,1,1707,A
1-PB2,1906,0,1,0,1708,1709,C
1-PB2,1907,0,1643,0,2,1645,T
1-PB2,1908,0,7,1680,0,1687,G
1-PB2,1909,1665,0,1,0,1666,A
1-PB2,1910,0,3,0,1702,1705,C
1-PB2,1911,0,1671,0,2,1673,T
1-PB2,1912,1,0,1693,0,1694,G
1-PB2,1913,0,1679,1,2,1682,T
1-PB2,1914,2,7,1687,1,1697,G
1-PB2,1915,1683,0,4,0,1687,A
1-PB2,1916,1703,0,1,0,1704,A
1-PB2,1917,0,1667,0,0,1667,T
1-PB2,1918,1,0,1675,0,1676,G
1-PB2,1919,0,1623,0,4,1627,T
1-PB2,1920,1,8,1626,0,1635,G
1-PB2,1921,1591,2,4,1,1598,A
1-PB2,1922,0,4,1598,0,1602,G
1-PB2,1923,1,4,1589,0,1594,G
1-PB2,1924,0,2,1594,1,1597,G
1-PB2,1925,1,2,1668,0,1671,G
1-PB2,1926,1662,0,0,0,1662,A
1-PB2,1927,1,1637,0,2,1640,T
1-PB2,1928,5,0,0,1652,1657,C
1-PB2,1929,1652,0,2,0,1654,A
1-PB2,1930,0,7,1673,0,1680,G
1-PB2,1931,1,3,1665,0,1669,G
1-PB2,1932,0,1,1669,0,1670,G
1-PB2,1933,1664,0,1,0,1665,A
1-PB2,1934,0,1577,0,1,1578,T
1-PB2,1935,0,2,1587,0,1589,G
1-PB2,1936,1566,0,4,0,1570,A
1-PB2,1937,0,1,1623,0,1624,G
1-PB2,1938,1609,0,3,0,1612,A
1-PB2,1939,1579,0,4,0,1583,A
1-PB2,1940,0,1611,0,0,1611,T
1-PB2,1941,1598,0,1,0,1599,A
1-PB2,1942,0,0,0,1633,1633,C
1-PB2,1943,1,1603,0,4,1608,T
1-PB2,1944,0,1600,0,2,1602,T
1-PB2,1945,1,0,1612,0,1613,G
1-PB2,1946,0,1561,0,2,1563,T
1-PB2,1947,1563,0,1,0,1564,A
1-PB2,1948,1556,0,3,0,1559,A
1-PB2,1949,0,8,1521,0,1529,G
1-PB2,1950,0,6,1535,0,1541,G
1-PB2,1951,0,9,1515,1,1525,G
1-PB2,1952,0,0,1524,0,1524,G
1-PB2,1953,1,1,0,1529,1531,C
1-PB2,1954,1538,0,0,0,1538,A
1-PB2,1955,1573,2,0,0,1575,A
1-PB2,1956,0,1573,0,2,1575,T
1-PB2,1957,0,1573,0,5,1578,T
1-PB2,1958,1,1,0,1612,1614,C
1-PB2,1959,2,1576,0,0,1578,T
1-PB2,1960,4,6,0,1602,1612,C
1-PB2,1961,0,0,0,1616,1616,C
1-PB2,1962,0,1609,0,4,1613,T
1-PB2,1963,2,0,1663,0,1665,G
1-PB2,1964,0,1632,0,1,1633,T
1-PB2,1965,1642,0,0,5,1647,A
1-PB2,1966,0,1645,0,3,1648,T
1-PB2,1967,0,1605,0,5,1610,T
1-PB2,1968,3,0,0,1616,1619,C
1-PB2,1969,1608,0,1,0,1609,A
1-PB2,1970,1647,0,2,0,1649,A
1-PB2,1971,0,1,0,1643,1644,C
1-PB2,1972,0,1603,0,2,1605,T
1-PB2,1973,1611,0,1,0,1612,A
1-PB2,1974,0,1,0,1672,1673,C
1-PB2,1975,1668,0,1,0,1669,A
1-PB2,1976,1669,1,1,0,1671,A
1-PB2,1977,0,0,0,1667,1667,C
1-PB2,1978,1647,0,1,0,1648,A
1-PB2,1979,1635,0,1,0,1636,A
1-PB2,1980,0,8,1631,0,1639,G
1-PB2,1981,1645,0,1,0,1646,A
1-PB2,1982,1,1,0,1656,1658,C
1-PB2,1983,8,1,0,1604,1613,C
1-PB2,1984,1612,0,0,2,1614,A
1-PB2,1985,0,0,0,1691,1691,C
1-PB2,1986,0,1692,0,0,1692,T
1-PB2,1987,1685,0,1,0,1686,A
1-PB2,1988,1692,0,0,0,1692,A
1-PB2,1989,1685,0,1,0,1686,A
1-PB2,1990,1685,0,2,0,1687,A
1-PB2,1991,0,4,1701,0,1705,G
1-PB2,1992,1688,1,4,0,1693,A
1-PB2,1993,0,1,0,1698,1699,C
1-PB2,1994,0,1637,0,0,1637,T
1-PB2,1995,1645,0,0,0,1645,A
1-PB2,1996,1641,1,1,0,1643,A
1-PB2,1997,3,1,0,1640,1644,C
1-PB2,1998,1639,0,1,0,1640,A
1-PB2,1999,1634,0,0,0,1634,A
1-PB2,2000,0,1602,1,0,1603,T
1-PB2,2001,0,1591,0,0,1591,T
1-PB2,2002,3,1,0,1606,1610,C
1-PB2,2003,0,1585,0,2,1587,T
1-PB2,2004,8,1,0,1609,1618,C
1-PB2,2005,0,2,1613,0,1615,G
1-PB2,2006,0,4,1617,0,1621,G
1-PB2,2007,1616,0,0,0,1616,A
1-PB2,2008,1617,0,1,0,1618,A
1-PB2,2009,1616,0,0,0,1616,A
1-PB2,2010,1607,1,7,0,1615,A
1-PB2,2011,0,1,1616,0,1617,G
1-PB2,2012,1609,0,3,0,1612,A
1-PB2,2013,1,1621,0,0,1622,T
1-PB2,2014,0,3,1615,0,1618,G
1-PB2,2015,0,1,0,1611,1612,C
1-PB2,2016,0,0,0,1612,1612,C
1-PB2,2017,0,3,1608,0,1611,G
1-PB2,2018,2,0,1611,0,1613,G
1-PB2,2019,0,0,0,1612,1612,C
1-PB2,2020,1617,0,1,0,1618,A
1-PB2,2021,1,1,0,1661,1663,C
1-PB2,2022,0,1658,0,3,1661,T
1-PB2,2023,1,1658,0,1,1660,T
1-PB2,2024,0,1668,0,3,1671,T
1-PB2,2025,1668,0,1,0,1669,A
1-PB2,2026,1671,0,2,0,1673,A
1-PB2,2027,0,1672,0,2,1674,T
1-PB2,2028,1,1658,0,4,1663,T
1-PB2,2029,2,1,1664,0,1667,G
1-PB2,2030,1603,0,2,0,1605,A
1-PB2,2031,1594,0,7,1,1602,A
1-PB2,2032,0,2,1606,0,1608,G
1-PB2,2033,1625,0,1,0,1626,A
1-PB2,2034,0,2,0,1630,1632,C
1-PB2,2035,3,1,0,1610,1614,C
1-PB2,2036,8,1,0,1612,1621,C
1-PB2,2037,1614,0,1,0,1615,A
1-PB2,2038,1,1,1658,0,1660,G
1-PB2,2039,1659,0,1,1,1661,A
1-PB2,2040,0,1666,0,0,1666,T
1-PB2,2041,0,2,1660,0,1662,G
1-PB2,2042,1623,0,2,0,1625,A
1-PB2,2043,1622,0,3,1,1626,A
1-PB2,2044,1627,0,1,0,1628,A
1-PB2,2045,1,2,1636,0,1639,G
1-PB2,2046,0,1,0,1631,1632,C
1-PB2,2047,1592,1,2,0,1595,A
1-PB2,2048,1,1,0,1623,1625,C
1-PB2,2049,1623,0,1,0,1624,A
1-PB2,2050,1,1614,1,2,1618,T
1-PB2,2051,3,1,0,1654,1658,C
1-PB2,2052,1,1,0,1645,1647,C
1-PB2,2053,3,3,1653,0,1659,G
1-PB2,2054,1,6,1664,1,1672,G
1-PB2,2055,1644,0,2,1,1647,A
1-PB2,2056,0,0,1669,0,1669,G
1-PB2,2057,1,1631,1,4,1637,T
1-PB2,2058,0,3,1631,0,1634,G
1-PB2,2059,0,1,1644,0,1645,G
1-PB2,2060,1612,1,3,0,1616,A
1-PB2,2061,2,0,1622,0,1624,G
1-PB2,2062,0,1587,0,1,1588,T
1-PB2,2063,5,0,0,1584,1589,C
1-PB2,2064,4,0,0,1575,1579,C
1-PB2,2065,2,1,1578,0,1581,G
1-PB2,2066,1,0,0,1576,1577,C
1-PB2,2067,2,0,0,1572,1574,C
1-PB2,2068,0,1,1605,0,1606,G
1-PB2,2069,0,1599,0,1,1600,T
1-PB2,2070,3,3,0,1619,1625,C
1-PB2,2071,0,1620,0,0,1620,T
1-PB2,2072,0,1619,0,0,1619,T
1-PB2,2073,1,5,1616,0,1622,G
1-PB2,2074,1599,0,2,0,1601,A
1-PB2,2075,0,2,1611,0,1613,G
1-PB2,2076,1583,0,5,0,1588,A
1-PB2,2077,0,13,1555,0,1568,G
1-PB2,2078,0,0,1560,0,1560,G
1-PB2,2079,0,0,1570,0,1570,G
1-PB2,2080,0,1543,0,1,1544,T
1-PB2,2081,0,1546,0,2,1548,T
1-PB2,2082,0,1559,0,3,1562,T
1-PB2,2083,2,0,0,1564,1566,C
1-PB2,2084,0,1558,1,1,1560,T
1-PB2,2085,6,0,0,1618,1624,C
1-PB2,2086,1602,0,4,0,1606,A
1-PB2,2087,0,1611,0,1,1612,T
1-PB2,2088,0,1602,0,0,1602,T
1-PB2,2089,1610,0,0,0,1610,A
1-PB2,2090,1,1598,1,1,1601,T
1-PB2,2091,1576,0,1,0,1577,A
1-PB2,2092,0,3,1597,0,1600,G
1-PB2,2093,0,0,1602,0,1602,G
1-PB2,2094,0,1527,0,1,1528,T
1-PB2,2095,1528,0,0,0,1528,A
1-PB2,2096,1512,0,2,0,1514,A
1-PB2,2097,0,2,1526,0,1528,G
1-PB2,2098,0,4,1530,0,1534,G
1-PB2,2099,1521,0,0,0,1521,A
1-PB2,2100,1505,0,1,1,1507,A
1-PB2,2101,0,5,1502,0,1507,G
1-PB2,2102,1485,0,4,0,1489,A
1-PB2,2103,0,1,0,1500,1501,C
1-PB2,2104,1491,0,0,0,1491,A
1-PB2,2105,0,0,1502,0,1502,G
1-PB2,2106,1487,1,2,1,1491,A
1-PB2,2107,1479,0,5,0,1484,A
1-PB2,2108,1,2,1491,0,1494,G
1-PB2,2109,1478,1,2,0,1481,A
1-PB2,2110,0,1475,0,0,1475,T
1-PB2,2111,1473,0,0,0,1473,A
1-PB2,2112,0,0,0,1469,1469,C
1-PB2,2113,0,3,1453,0,1456,G
1-PB2,2114,1,6,1477,0,1484,G
1-PB2,2115,1480,0,1,0,1481,A
1-PB2,2116,0,0,0,1472,1472,C
1-PB2,2117,4,0,0,1462,1466,C
1-PB2,2118,1433,0,4,0,1437,A
1-PB2,2119,0,1,1508,0,1509,G
1-PB2,2120,1,2,0,1504,1507,C
1-PB2,2121,1512,0,1,0,1513,A
1-PB2,2122,0,1502,0,1,1503,T
1-PB2,2123,0,1436,0,1,1437,T
1-PB2,2124,1436,0,0,1,1437,A
1-PB2,2125,1439,1,1,0,1441,A
1-PB2,2126,0,0,1448,0,1448,G
1-PB2,2127,0,0,0,1442,1442,C
1-PB2,2128,1354,0,1,0,1355,A
1-PB2,2129,0,1395,0,1,1396,T
1-PB2,2130,1,1,0,1402,1404,C
1-PB2,2131,1400,0,2,0,1402,A
1-PB2,2132,1406,1,1,0,1408,A
1-PB2,2133,0,1390,0,5,1395,T
1-PB2,2134,1,12,1397,0,1410,G
1-PB2,2135,1401,0,2,0,1403,A
1-PB2,2136,1400,1,1,0,1402,A
1-PB2,2137,0,1,0,1408,1409,C
1-PB2,2138,0,1288,1,2,1291,T
1-PB2,2139,0,2,1311,1,1314,G
1-PB2,2140,1306,0,2,0,1308,A
1-PB2,2141,0,1,1312,0,1313,G
1-PB2,2142,2,0,1,1291,1294,C
1-PB2,2143,1305,0,1,0,1306,A
1-PB2,2144,1322,0,0,0,1322,A
1-PB2,2145,0,0,0,1321,1321,C
1-PB2,2146,4,0,0,1287,1291,C
1-PB2,2147,1,1284,0,2,1287,T
1-PB2,2148,0,1266,0,1,1267,T
1-PB2,2149,0,1,1271,0,1272,G
1-PB2,2150,0,0,0,1271,1271,C
1-PB2,2151,1270,1,0,0,1271,A
1-PB2,2152,1275,0,0,0,1275,A
1-PB2,2153,1209,0,0,0,1209,A
1-PB2,2154,1194,0,3,0,1197,A
1-PB2,2155,0,8,1203,0,1211,G
1-PB2,2156,2,2,1200,0,1204,G
1-PB2,2157,1,2,1202,0,1205,G
1-PB2,2158,0,7,1199,0,1206,G
1-PB2,2159,1201,1,3,0,1205,A
1-PB2,2160,1205,0,1,0,1206,A
1-PB2,2161,1202,0,1,0,1203,A
1-PB2,2162,1209,0,3,0,1212,A
1-PB2,2163,0,1,1223,0,1224,G
1-PB2,2164,0,0,1218,0,1218,G
1-PB2,2165,0,1,0,1217,1218,C
1-PB2,2166,0,1209,0,1,1210,T
1-PB2,2167,1203,0,0,0,1203,A
1-PB2,2168,1203,0,4,0,1207,A
1-PB2,2169,1,1206,0,0,1207,T
1-PB2,2170,1,0,1235,0,1236,G
1-PB2,2171,1,1186,0,3,1190,T
1-PB2,2172,0,2,1170,0,1172,G
1-PB2,2173,1,2,0,1165,1168,C
1-PB2,2174,0,1160,0,0,1160,T
1-PB2,2175,1173,1,0,0,1174,A
1-PB2,2176,1167,0,0,0,1167,A
1-PB2,2177,0,1158,0,1,1159,T
1-PB2,2178,5,1,0,1145,1151,C
1-PB2,2179,0,4,1105,0,1109,G
1-PB2,2180,0,3,1111,0,1114,G
1-PB2,2181,0,0,1116,0,1116,G
1-PB2,2182,0,0,0,1107,1107,C
1-PB2,2183,1115,1,0,0,1116,A
1-PB2,2184,1112,0,1,0,1113,A
1-PB2,2185,0,1,1114,0,1115,G
1-PB2,2186,1,6,1112,0,1119,G
1-PB2,2187,1113,0,1,0,1114,A
1-PB2,2188,0,1,1118,0,1119,G
1-PB2,2189,1081,0,4,0,1085,A
1-PB2,2190,1,1,0,1090,1092,C
1-PB2,2191,1,0,1091,0,1092,G
1-PB2,2192,1,1085,0,0,1086,T
1-PB2,2193,0,4,1083,0,1087,G
1-PB2,2194,0,1,1104,1,1106,G
1-PB2,2195,0,1082,0,1,1083,T
1-PB2,2196,1,0,1083,0,1084,G
1-PB2,2197,1,1055,0,1,1057,T
1-PB2,2198,0,1045,0,0,1045,T
1-PB2,2199,0,0,1050,0,1050,G
1-PB2,2200,0,0,1041,1,1042,G
1-PB2,2201,0,1044,0,1,1045,T
1-PB2,2202,1022,0,0,0,1022,A
1-PB2,2203,988,0,0,0,988,A
1-PB2,2204,0,971,0,0,971,T
1-PB2,2205,0,3,952,0,955,G
1-PB2,2206,952,0,0,0,952,A
1-PB2,2207,945,0,3,0,948,A
1-PB2,2208,943,0,0,0,943,A
1-PB2,2209,0,1,0,935,936,C
1-PB2,2210,2,2,930,0,934,G
1-PB2,2211,933,0,2,0,935,A
1-PB2,2212,935,0,1,0,936,A
1-PB2,2213,929,0,3,0,932,A
1-PB2,2214,934,0,0,0,934,A
1-PB2,2215,0,0,0,933,933,C
1-PB2,2216,1,2,926,0,929,G
1-PB2,2217,0,2,926,0,928,G
1-PB2,2218,0,3,927,0,930,G
1-PB2,2219,925,1,2,0,928,A
1-PB2,2220,0,0,0,935,935,C
1-PB2,2221,0,918,0,2,920,T
1-PB2,2222,2,0,0,951,953,C
1-PB2,2223,0,951,0,0,951,T
1-PB2,2224,951,0,1,0,952,A
1-PB2,2225,0,0,955,0,955,G
1-PB2,2226,0,1,0,940,941,C
1-PB2,2227,938,0,4,0,942,A
1-PB2,2228,0,938,0,0,938,T
1-PB2,2229,907,0,1,0,908,A
1-PB2,2230,1,0,0,921,922,C
1-PB2,2231,1,787,0,1,789,T
1-PB2,2232,0,788,0,0,788,T
1-PB2,2233,771,0,0,0,771,A
1-PB2,2234,0,0,0,770,770,C
1-PB2,2235,0,761,0,1,762,T
1-PB2,2236,0,2,761,0,763,G
1-PB2,2237,743,0,3,0,746,A
1-PB2,2238,0,0,0,749,749,C
1-PB2,2239,673,0,1,0,674,A
1-PB2,2240,0,0,680,0,680,G
1-PB2,2241,1,0,0,673,674,C
1-PB2,2242,0,0,0,668,668,C
1-PB2,2243,658,0,1,0,659,A
1-PB2,2244,0,2,660,0,662,G
1-PB2,2245,662,0,0,0,662,A
1-PB2,2246,1,0,0,660,661,C
1-PB2,2247,628,0,1,0,629,A
1-PB2,2248,1,0,629,0,630,G
1-PB2,2249,0,1,0,600,601,C
1-PB2,2250,0,0,598,0,598,G
1-PB2,2251,600,0,1,0,601,A
1-PB2,2252,0,0,0,595,595,C
1-PB2,2253,3,0,0,587,590,C
1-PB2,2254,587,0,0,0,587,A
1-PB2,2255,587,0,1,0,588,A
1-PB2,2256,584,0,0,0,584,A
1-PB2,2257,582,0,0,0,582,A
1-PB2,2258,0,0,585,0,585,G
1-PB2,2259,563,0,0,0,563,A
1-PB2,2260,563,0,0,0,563,A
1-PB2,2261,0,560,0,0,560,T
1-PB2,2262,0,563,0,0,563,T
1-PB2,2263,1,0,0,564,565,C
1-PB2,2264,0,0,555,0,555,G
1-PB2,2265,0,0,553,0,553,G
1-PB2,2266,552,0,0,1,553,A
1-PB2,2267,0,528,0,0,528,T
1-PB2,2268,0,0,530,0,530,G
1-PB2,2269,0,0,524,0,524,G
1-PB2,2270,0,0,0,524,524,C
1-PB2,2271,2,0,0,517,519,C
1-PB2,2272,528,1,1,0,530,A
1-PB2,2273,2,522,0,1,525,T
1-PB2,2274,2,1,0,521,524,C
1-PB2,2275,523,0,2,0,525,A
1-PB2,2276,527,0,0,0,527,A
1-PB2,2277,0,517,0,0,517,T
1-PB2,2278,0,466,0,0,466,T
1-PB2,2279,444,0,0,0,444,A
1-PB2,2280,436,0,0,0,436,A
2-PB1,1,442,0,0,0,442,A
2-PB1,2,0,443,0,0,443,T
2-PB1,3,0,0,449,0,449,G
2-PB1,4,0,0,483,0,483,G
2-PB1,5,549,0,0,0,549,A
2-PB1,6,0,573,0,0,573,T
2-PB1,7,0,0,579,0,579,G
2-PB1,8,0,574,0,5,579,T
2-PB1,9,1,0,0,640,641,C
2-PB1,10,647,0,0,0,647,A
2-PB1,11,669,0,2,0,671,A
2-PB1,12,0,667,0,1,668,T
2-PB1,13,0,0,0,676,676,C
2-PB1,14,1,0,0,711,712,C
2-PB1,15,0,1,729,0,730,G
2-PB1,16,834,0,1,0,835,A
2-PB1,17,0,0,0,852,852,C
2-PB1,18,0,843,0,8,851,T
2-PB1,19,1,0,0,966,967,C
2-PB1,20,0,967,0,0,967,T
2-PB1,21,977,0,1,0,978,A
2-PB1,22,0,0,0,977,977,C
2-PB1,23,0,976,0,1,977,T
2-PB1,24,0,0,1103,0,1103,G
2-PB1,25,0,1109,0,4,1113,T
2-PB1,26,0,1109,0,2,1111,T
2-PB1,27,1,1,0,1104,1106,C
2-PB1,28,0,1,0,1107,1108,C
2-PB1,29,0,1292,0,0,1292,T
2-PB1,30,1311,0,0,0,1311,A
2-PB1,31,1307,0,1,0,1308,A
2-PB1,32,1320,0,2,0,1322,A
2-PB1,33,0,4,1334,0,1338,G
2-PB1,34,2,1,1354,0,1357,G
2-PB1,35,0,1352,0,5,1357,T
2-PB1,36,1,1351,1,7,1360,T
2-PB1,37,2,2,0,1358,1362,C
2-PB1,38,0,1,0,1364,1365,C
2-PB1,39,1371,0,0,0,1371,A
2-PB1,40,1,1,1376,0,1378,G
2-PB1,41,0,0,0,1383,1383,C
2-PB1,42,2,1,1385,0,1388,G
2-PB1,43,0,0,0,1391,1391,C
2-PB1,44,1395,0,1,0,1396,A
2-PB1,45,1398,0,1,0,1399,A
2-PB1,46,1393,0,0,0,1393,A
2-PB1,47,1403,0,4,0,1407,A
2-PB1,48,0,1419,0,0,1419,T
2-PB1,49,2,2,1479,0,1483,G
2-PB1,50,0,1,0,1492,1493,C
2-PB1,51,1,0,0,1505,1506,C
2-PB1,52,1510,0,3,0,1513,A
2-PB1,53,0,1509,0,4,1513,T
2-PB1,54,1598,0,0,0,1598,A
2-PB1,55,1599,0,1,0,1600,A
2-PB1,56,0,3,1671,0,1674,G
2-PB1,57,1,0,0,1667,1668,C
2-PB1,58,1668,0,4,0,1672,A
2-PB1,59,0,0,0,1741,1741,C
2-PB1,60,1738,0,5,0,1743,A
2-PB1,61,1812,0,0,0,1812,A
2-PB1,62,3,2,0,1812,1817,C
2-PB1,63,1804,0,0,0,1804,A
2-PB1,64,0,1825,0,3,1828,T
2-PB1,65,0,1796,0,4,1800,T
2-PB1,66,2,1,0,2346,2349,C
2-PB1,67,2,0,1,2347,2350,C
2-PB1,68,7,1,0,2376,2384,C
2-PB1,69,0,2391,2,10,2403,T
2-PB1,70,0,2389,0,1,2390,T
2-PB1,71,2573,1,2,0,2576,A
2-PB1,72,0,2597,0,1,2598,T
2-PB1,73,2670,0,0,0,2670,A
2-PB1,74,0,2,0,2707,2709,C
2-PB1,75,1,2602,0,4,2607,T
2-PB1,76,1,4,2611,1,2617,G
2-PB1,77,1,5,2618,0,2624,G
2-PB1,78,2607,0,6,0,2613,A
2-PB1,79,3,4,2609,0,2616,G
2-PB1,80,2584,0,5,0,2589,A
2-PB1,81,0,4,0,2564,2568,C
2-PB1,82,4,1,0,2720,2725,C
2-PB1,83,7,1,1,2751,2760,C
2-PB1,84,3,2755,0,4,2762,T
2-PB1,85,3,1,0,2997,3001,C
2-PB1,86,4,0,0,2992,2996,C
2-PB1,87,2988,1,40,0,3029,A
2-PB1,88,0,3029,0,3,3032,T
2-PB1,89,3028,0,3,0,3031,A
2-PB1,90,0,0,0,3034,3034,C
2-PB1,91,2998,1,3,0,3002,A
2-PB1,92,2,2,3109,0,3113,G
2-PB1,93,1,2,1,3130,3134,C
2-PB1,94,2,0,0,3094,3096,C
2-PB1,95,3108,0,2,0,3110,A
2-PB1,96,0,3096,0,6,3102,T
2-PB1,97,2,5,3089,0,3096,G
2-PB1,98,0,20,3207,0,3227,G
2-PB1,99,3249,0,3,0,3252,A
2-PB1,100,3254,0,9,0,3263,A
2-PB1,101,0,0,0,3266,3266,C
2-PB1,102,3232,0,6,1,3239,A
2-PB1,103,0,4,3318,0,3322,G
2-PB1,104,0,13,3362,1,3376,G
2-PB1,105,3368,0,8,0,3376,A
2-PB1,106,3385,1,5,0,3391,A
2-PB1,107,0,1,0,3411,3412,C
2-PB1,108,3395,2,1,0,3398,A
2-PB1,109,1,13,3848,1,3863,G
2-PB1,110,0,16,3821,0,3837,G
2-PB1,111,0,1,3916,1,3918,G
2-PB1,112,0,3912,0,4,3916,T
2-PB1,113,3899,0,3,0,3902,A
2-PB1,114,0,1,0,3954,3955,C
2-PB1,115,4070,2,2,1,4075,A
2-PB1,116,1,2,0,4220,4223,C
2-PB1,117,8,1,0,4186,4195,C
2-PB1,118,4077,0,4,1,4082,A
2-PB1,119,0,4064,1,6,4071,T
2-PB1,120,1,18,4048,0,4067,G
2-PB1,121,1,12,4034,1,4048,G
2-PB1,122,4056,1,6,0,4063,A
2-PB1,123,2,2,0,4075,4079,C
2-PB1,124,3995,1,8,1,4005,A
2-PB1,125,0,2,1,4057,4060,C
2-PB1,126,4038,0,6,0,4044,A
2-PB1,127,0,0,4115,0,4115,G
2-PB1,128,2,4103,0,2,4107,T
2-PB1,129,17,1,0,4196,4214,C
2-PB1,130,4201,1,2,1,4205,A
2-PB1,131,4228,1,5,0,4234,A
2-PB1,132,0,0,0,4258,4258,C
2-PB1,133,4233,0,4,0,4237,A
2-PB1,134,0,12,4286,0,4298,G
2-PB1,135,4230,0,8,0,4238,A
2-PB1,136,4244,0,5,0,4249,A
2-PB1,137,0,2,0,4234,4236,C
2-PB1,138,4159,0,5,1,4165,A
2-PB1,139,3,2,0,4279,4284,C
2-PB1,140,4257,1,4,0,4262,A
2-PB1,141,1,1,0,4427,4429,C
2-PB1,142,9,0,1,4425,4435,C
2-PB1,143,4414,2,4,0,4420,A
2-PB1,144,4445,0,5,0,4450,A
2-PB1,145,0,4537,0,1,4538,T
2-PB1,146,4656,1,1,1,4659,A
2-PB1,147,1,4653,0,4,4658,T
2-PB1,148,0,4593,0,8,4601,T
2-PB1,149,16,2,0,4592,4610,C
2-PB1,150,4476,0,10,0,4486,A
2-PB1,151,0,16,4485,1,4502,G
2-PB1,152,4426,1,10,0,4437,A
2-PB1,153,3,14,4462,0,4479,G
2-PB1,154,4357,0,10,0,4367,A
2-PB1,155,4,13,4287,0,4304,G
2-PB1,156,3,15,4266,0,4284,G
2-PB1,157,2,10,4420,1,4433,G
2-PB1,158,5,6,4425,0,4436,G
2-PB1,159,0,10,4459,0,4469,G
2-PB1,160,4464,1,4,0,4469,A
2-PB1,161,4455,0,10,0,4465,A
2-PB1,162,1,0,4510,0,4511,G
2-PB1,163,0,4475,0,2,4477,T
2-PB1,164,1,13,4429,0,4443,G
2-PB1,165,1,10,4419,0,4430,G
2-PB1,166,4418,0,7,0,4425,A
2-PB1,167,3,5,0,4445,4453,C
2-PB1,168,2,17,4423,0,4442,G
2-PB1,169,4463,0,9,0,4472,A
2-PB1,170,3,1,0,4507,4511,C
2-PB1,171,4486,1,4,0,4491,A
2-PB1,172,4492,0,2,1,4495,A
2-PB1,173,4514,0,5,0,4519,A
2-PB1,174,0,4577,1,2,4580,T
2-PB1,175,4597,0,3,1,4601,A
2-PB1,176,0,1,0,4609,4610,C
2-PB1,177,4562,1,3,1,4567,A
2-PB1,178,0,4,4568,0,4572,G
2-PB1,179,4522,2,4,0,4528,A
2-PB1,180,4554,0,5,0,4559,A
2-PB1,181,4559,0,4,1,4564,A
2-PB1,182,0,0,0,4582,4582,C
2-PB1,183,0,4477,0,5,4482,T
2-PB1,184,0,13,4467,0,4480,G
2-PB1,185,1,8,4456,0,4465,G
2-PB1,186,0,7,4441,0,4448,G
2-PB1,187,1,1,4453,0,4455,G
2-PB1,188,0,1,0,4469,4470,C
2-PB1,189,4451,1,2,0,4454,A
2-PB1,190,0,1,1,4620,4622,C
2-PB1,191,17,0,0,4585,4602,C
2-PB1,192,23,2,0,4578,4603,C
2-PB1,193,18,5,0,4604,4627,C
2-PB1,194,4647,0,7,0,4654,A
2-PB1,195,4700,1,5,0,4706,A
2-PB1,196,0,1,0,4695,4696,C
2-PB1,197,0,4647,0,7,4654,T
2-PB1,198,12,0,0,4670,4682,C
2-PB1,199,4501,0,4,3,4508,A
2-PB1,200,4558,0,7,0,4565,A
2-PB1,201,2,4,1,4545,4552,C
2-PB1,202,9,2,1,4525,4537,C
2-PB1,203,16,1,0,4532,4549,C
2-PB1,204,4520,0,2,0,4522,A
2-PB1,205,4535,1,3,0,4539,A
2-PB1,206,1,4546,1,1,4549,T
2-PB1,207,1,4529,1,1,4532,T
2-PB1,208,0,12,4521,0,4533,G
2-PB1,209,4486,0,1,0,4487,A
2-PB1,210,0,4494,0,5,4499,T
2-PB1,211,2,17,4459,0,4478,G
2-PB1,212,3,6,4517,0,4526,G
2-PB1,213,4560,0,10,0,4570,A
2-PB1,214,3,2,0,4598,4603,C
2-PB1,215,8,1,0,4562,4571,C
2-PB1,216,4536,0,3,2,4541,A
2-PB1,217,3,1,0,4652,4656,C
2-PB1,218,1,4656,0,1,4658,T
2-PB1,219,4701,0,6,0,4707,A
2-PB1,220,3,1,1,4721,4726,C
2-PB1,221,9,3,0,4672,4684,C
2-PB1,222,2,4577,0,8,4587,T
2-PB1,223,0,6,4607,0,4613,G
2-PB1,224,4577,1,11,0,4589,A
2-PB1,225,0,10,4620,0,4630,G
2-PB1,226,0,5,4589,0,4594,G
2-PB1,227,4564,0,5,0,4569,A
2-PB1,228,0,4544,0,2,4546,T
2-PB1,229,4467,0,2,0,4469,A
2-PB1,230,4462,0,2,2,4466,A
2-PB1,231,1,4474,1,2,4478,T
2-PB1,232,0,18,4442,1,4461,G
2-PB1,233,4449,0,9,0,4458,A
2-PB1,234,4421,0,5,0,4426,A
2-PB1,235,0,1,0,4437,4438,C
2-PB1,236,15,3,0,4359,4377,C
2-PB1,237,4381,1,5,1,4388,A
2-PB1,238,4370,0,8,1,4379,A
2-PB1,239,2,0,4409,0,4411,G
2-PB1,240,1,4398,0,3,4402,T
2-PB1,241,2,12,4379,0,4393,G
2-PB1,242,0,6,4441,0,4447,G
2-PB1,243,4413,2,10,0,4425,A
2-PB1,244,0,4394,1,4,4399,T
2-PB1,245,4431,1,1,0,4433,A
2-PB1,246,1,4483,0,1,4485,T
2-PB1,247,3,2,4512,0,4517,G
2-PB1,248,2,0,0,4515,4517,C
2-PB1,249,4504,0,6,0,4510,A
2-PB1,250,0,4,0,4613,4617,C
2-PB1,251,4503,3,2,0,4508,A
2-PB1,252,4585,0,6,1,4592,A
2-PB1,253,4577,0,3,0,4580,A
2-PB1,254,1,5,0,4582,4588,C
2-PB1,255,4424,1,17,0,4442,A
2-PB1,256,0,16,4486,0,4502,G
2-PB1,257,4454,1,6,1,4462,A
2-PB1,258,2,1,0,4472,4475,C
2-PB1,259,0,4288,0,6,4294,T
2-PB1,260,2,1,4387,0,4390,G
2-PB1,261,1,4286,0,9,4296,T
2-PB1,262,1,0,4515,0,4516,G
2-PB1,263,2,4495,0,6,4503,T
2-PB1,264,7,1,0,4504,4512,C
2-PB1,265,11,1,1,4507,4520,C
2-PB1,266,1,4467,1,5,4474,T
2-PB1,267,5,12,4460,0,4477,G
2-PB1,268,1,4,4461,0,4466,G
2-PB1,269,4354,0,4,0,4358,A
2-PB1,270,0,7,4450,0,4457,G
2-PB1,271,1,3,4241,0,4245,G
2-PB1,272,1,2,0,4255,4258,C
2-PB1,273,0,4220,1,5,4226,T
2-PB1,274,4224,1,6,0,4231,A
2-PB1,275,1,4233,1,1,4236,T
2-PB1,276,2,6,4223,0,4231,G
2-PB1,277,1,2,4226,0,4229,G
2-PB1,278,2,1,1,4200,4204,C
2-PB1,279,6,0,0,4121,4127,C
2-PB1,280,0,4061,1,12,4074,T
2-PB1,281,1,4275,0,2,4278,T
2-PB1,282,7,0,0,4298,4305,C
2-PB1,283,11,0,1,4295,4307,C
2-PB1,284,1,4296,0,11,4308,T
2-PB1,285,2,4284,1,3,4290,T
2-PB1,286,0,6,4300,0,4306,G
2-PB1,287,4293,2,1,1,4297,A
2-PB1,288,4293,1,6,0,4300,A
2-PB1,289,0,10,4296,0,4306,G
2-PB1,290,4035,1,0,0,4036,A
2-PB1,291,4068,1,1,1,4071,A
2-PB1,292,3,4040,1,3,4047,T
2-PB1,293,14,0,0,4046,4060,C
2-PB1,294,9,3,0,4036,4048,C
2-PB1,295,12,1,0,4035,4048,C
2-PB1,296,4063,1,4,1,4069,A
2-PB1,297,0,1,0,4098,4099,C
2-PB1,298,12,1,0,4067,4080,C
2-PB1,299,26,1,1,4066,4094,C
2-PB1,300,4035,0,2,0,4037,A
2-PB1,301,1,7,4064,1,4073,G
2-PB1,302,2,1,4089,0,4092,G
2-PB1,303,1,4070,0,4,4075,T
2-PB1,304,4117,0,0,1,4118,A
2-PB1,305,1,4076,0,2,4079,T
2-PB1,306,1,1,0,4095,4097,C
2-PB1,307,0,4081,1,11,4093,T
2-PB1,308,1,4085,0,4,4090,T
2-PB1,309,1,4075,0,4,4080,T
2-PB1,310,1,6,4062,0,4069,G
2-PB1,311,4000,0,13,0,4013,A
2-PB1,312,1,13,4007,0,4021,G
2-PB1,313,3962,0,3,0,3965,A
2-PB1,314,3982,1,5,1,3989,A
2-PB1,315,0,0,0,4023,4023,C
2-PB1,316,0,3951,1,5,3957,T
2-PB1,317,16,1,1,3960,3978,C
2-PB1,318,3965,0,3,0,3968,A
2-PB1,319,0,3957,1,9,3967,T
2-PB1,320,2,4,3976,0,3982,G
2-PB1,321,0,1,0,4034,4035,C
2-PB1,322,6,0,0,4035,4041,C
2-PB1,323,1,4005,1,9,4016,T
2-PB1,324,0,3971,0,2,3973,T
2-PB1,325,1,10,3977,0,3988,G
2-PB1,326,3997,0,7,0,4004,A
2-PB1,327,4000,0,4,0,4004,A
2-PB1,328,3999,0,6,0,4005,A
2-PB1,329,1,1,0,4030,4032,C
2-PB1,330,3896,1,2,0,3899,A
2-PB1,331,3924,1,4,0,3929,A
2-PB1,332,0,3928,0,5,3933,T
2-PB1,333,1,7,3914,0,3922,G
2-PB1,334,1,3,3914,0,3918,G
2-PB1,335,3851,0,7,0,3858,A
2-PB1,336,3849,0,5,0,3854,A
2-PB1,337,2,1,3862,0,3865,G
2-PB1,338,1,2,0,3867,3870,C
2-PB1,339,6,1,0,3804,3811,C
2-PB1,340,4,0,3854,0,3858,G
2-PB1,341,0,3829,1,4,3834,T
2-PB1,342,2,3842,1,11,3856,T
2-PB1,343,27,2,0,3854,3883,C
2-PB1,344,3898,0,2,0,3900,A
2-PB1,345,3952,1,8,0,3961,A
2-PB1,346,1,3,0,3960,3964,C
2-PB1,347,3935,0,3,1,3939,A
2-PB1,348,0,5,3957,0,3962,G
2-PB1,349,3863,0,14,0,3877,A
2-PB1,350,2,3,0,3860,3865,C
2-PB1,351,3868,0,4,0,3872,A
2-PB1,352,3872,1,9,0,3882,A
2-PB1,353,0,15,3915,0,3930,G
2-PB1,354,2,7,3860,0,3869,G
2-PB1,355,2,2,3880,0,3884,G
2-PB1,356,1,3785,0,3,3789,T
2-PB1,357,2,12,3771,0,3785,G
2-PB1,358,2,9,3768,0,3779,G
2-PB1,359,3769,2,12,0,3783,A
2-PB1,360,0,2,0,3786,3788,C
2-PB1,361,3684,1,1,0,3686,A
2-PB1,362,3729,0,18,0,3747,A
2-PB1,363,3747,1,5,1,3754,A
2-PB1,364,0,0,0,3751,3751,C
2-PB1,365,0,3727,1,2,3730,T
2-PB1,366,3751,0,3,0,3754,A
2-PB1,367,3781,0,3,0,3784,A
2-PB1,368,0,1,0,3785,3786,C
2-PB1,369,8,2,0,3766,3776,C
2-PB1,370,20,5,0,3755,3780,C
2-PB1,371,3654,0,4,0,3658,A
2-PB1,372,3656,2,4,0,3662,A
2-PB1,373,1,4,3644,0,3649,G
2-PB1,374,1,1,3655,0,3657,G
2-PB1,375,1,3626,0,4,3631,T
2-PB1,376,17,2,1,3579,3599,C
2-PB1,377,3,5,3593,0,3601,G
2-PB1,378,0,0,0,3596,3596,C
2-PB1,379,11,1,0,3591,3603,C
2-PB1,380,3612,0,2,0,3614,A
2-PB1,381,3562,0,3,0,3565,A
2-PB1,382,3657,0,4,0,3661,A
2-PB1,383,0,1,0,3685,3686,C
2-PB1,384,0,3664,0,4,3668,T
2-PB1,385,0,3669,0,2,3671,T
2-PB1,386,3677,0,1,0,3678,A
2-PB1,387,0,3679,0,5,3684,T
2-PB1,388,1,8,3691,0,3700,G
2-PB1,389,3661,1,4,1,3667,A
2-PB1,390,0,3648,0,0,3648,T
2-PB1,391,0,3502,1,9,3512,T
2-PB1,392,3,10,3488,0,3501,G
2-PB1,393,0,9,3495,0,3504,G
2-PB1,394,3528,1,5,0,3534,A
2-PB1,395,3,0,1,3529,3533,C
2-PB1,396,3504,1,0,0,3505,A
2-PB1,397,0,3466,1,4,3471,T
2-PB1,398,0,3500,0,0,3500,T
2-PB1,399,3540,0,1,0,3541,A
2-PB1,400,3526,0,4,0,3530,A
2-PB1,401,3534,0,3,0,3537,A
2-PB1,402,1,2,0,3545,3548,C
2-PB1,403,3464,0,6,0,3470,A
2-PB1,404,0,8,3502,0,3510,G
2-PB1,405,3469,3,7,0,3479,A
2-PB1,406,3481,0,3,0,3484,A
2-PB1,407,3472,0,4,1,3477,A
2-PB1,408,1,3433,0,1,3435,T
2-PB1,409,9,1,0,3451,3461,C
2-PB1,410,3442,0,3,0,3445,A
2-PB1,411,3453,0,1,0,3454,A
2-PB1,412,2,2,0,3449,3453,C
2-PB1,413,6,0,0,3418,3424,C
2-PB1,414,5,3,3419,0,3427,G
2-PB1,415,1,0,3420,0,3421,G
2-PB1,416,0,1,0,3426,3427,C
2-PB1,417,3427,0,3,1,3431,A
2-PB1,418,1,0,3434,2,3437,G
2-PB1,419,3,2,0,3467,3472,C
2-PB1,420,3469,1,3,0,3473,A
2-PB1,421,3468,1,4,0,3473,A
2-PB1,422,1,1,0,3493,3495,C
2-PB1,423,0,3457,0,7,3464,T
2-PB1,424,2,3,3615,0,3620,G
2-PB1,425,1,1,0,3615,3617,C
2-PB1,426,3622,0,8,0,3630,A
2-PB1,427,0,3609,2,6,3617,T
2-PB1,428,1,3564,0,3,3568,T
2-PB1,429,3760,0,6,0,3766,A
2-PB1,430,1,0,3777,0,3778,G
2-PB1,431,1,1,0,3744,3746,C
2-PB1,432,8,1,0,3741,3750,C
2-PB1,433,3567,0,5,0,3572,A
2-PB1,434,3590,1,1,0,3592,A
2-PB1,435,0,1,0,3606,3607,C
2-PB1,436,3614,2,3,0,3619,A
2-PB1,437,1,0,0,3752,3753,C
2-PB1,438,11,1,0,3425,3437,C
2-PB1,439,3421,2,2,0,3425,A
2-PB1,440,1,3417,0,2,3420,T
2-PB1,441,3418,0,9,0,3427,A
2-PB1,442,1,7,3430,0,3438,G
2-PB1,443,3395,0,1,0,3396,A
2-PB1,444,3369,0,4,0,3373,A
2-PB1,445,0,1,3400,0,3401,G
2-PB1,446,0,3229,1,1,3231,T
2-PB1,447,0,3207,0,4,3211,T
2-PB1,448,0,3221,0,5,3226,T
2-PB1,449,0,3228,0,2,3230,T
2-PB1,450,0,3245,0,0,3245,T
2-PB1,451,3226,0,0,0,3226,A
2-PB1,452,1,5,3212,1,3219,G
2-PB1,453,3181,0,4,1,3186,A
2-PB1,454,1,3165,0,3,3169,T
2-PB1,455,6,2,0,3137,3145,C
2-PB1,456,3,8,3155,0,3166,G
2-PB1,457,3148,1,2,0,3151,A
2-PB1,458,3151,0,5,0,3156,A
2-PB1,459,4,2,0,3178,3184,C
2-PB1,460,2,5,3170,0,3177,G
2-PB1,461,0,4,3341,0,3345,G
2-PB1,462,3325,0,7,1,3333,A
2-PB1,463,0,3319,1,4,3324,T
2-PB1,464,2,3307,0,1,3310,T
2-PB1,465,3345,1,4,0,3350,A
2-PB1,466,3334,2,9,0,3345,A
2-PB1,467,1,1,0,3357,3359,C
2-PB1,468,3324,0,4,0,3328,A
2-PB1,469,3,0,3363,0,3366,G
2-PB1,470,0,1,0,3220,3221,C
2-PB1,471,0,3186,0,3,3189,T
2-PB1,472,3195,0,0,0,3195,A
2-PB1,473,3193,0,2,0,3195,A
2-PB1,474,0,3188,0,1,3189,T
2-PB1,475,2,17,3212,0,3231,G
2-PB1,476,3208,0,2,0,3210,A
2-PB1,477,3212,3,2,0,3217,A
2-PB1,478,0,3131,0,1,3132,T
2-PB1,479,7,0,0,3151,3158,C
2-PB1,480,3136,0,5,0,3141,A
2-PB1,481,1,4,3140,0,3145,G
2-PB1,482,1,1,3132,0,3134,G
2-PB1,483,3124,0,4,0,3128,A
2-PB1,484,3076,0,5,0,3081,A
2-PB1,485,0,4,3235,0,3239,G
2-PB1,486,0,1,3252,0,3253,G
2-PB1,487,2,0,0,3268,3270,C
2-PB1,488,0,3259,0,2,3261,T
2-PB1,489,3256,1,5,0,3262,A
2-PB1,490,3261,0,6,0,3267,A
2-PB1,491,2,3259,0,0,3261,T
2-PB1,492,3267,0,4,1,3272,A
2-PB1,493,0,4,3281,0,3285,G
2-PB1,494,3055,1,2,0,3058,A
2-PB1,495,1,3032,1,4,3038,T
2-PB1,496,0,3022,0,5,3027,T
2-PB1,497,0,3017,0,4,3021,T
2-PB1,498,5,0,0,3135,3140,C
2-PB1,499,7,1,0,3140,3148,C
2-PB1,500,0,3124,0,3,3127,T
2-PB1,501,8,1,0,3137,3146,C
2-PB1,502,3136,0,0,5,3141,A
2-PB1,503,3143,0,5,1,3149,A
2-PB1,504,0,14,3164,0,3178,G
2-PB1,505,0,6,3211,0,3217,G
2-PB1,506,3198,0,2,1,3201,A
2-PB1,507,0,3091,0,2,3093,T
2-PB1,508,1,1,3130,0,3132,G
2-PB1,509,0,3113,0,3,3116,T
2-PB1,510,2,7,3149,0,3158,G
2-PB1,511,3151,2,4,1,3158,A
2-PB1,512,2,3138,0,0,3140,T
2-PB1,513,3,8,3129,0,3140,G
2-PB1,514,0,8,3107,0,3115,G
2-PB1,515,3112,0,6,0,3118,A
2-PB1,516,3124,0,4,1,3129,A
2-PB1,517,1,3073,0,2,3076,T
2-PB1,518,8,0,0,3086,3094,C
2-PB1,519,3059,0,3,0,3062,A
2-PB1,520,3076,0,3,0,3079,A
2-PB1,521,0,3087,0,2,3089,T
2-PB1,522,1,9,3121,0,3131,G
2-PB1,523,0,2,3147,0,3149,G
2-PB1,524,3126,0,7,0,3133,A
2-PB1,525,1,3114,0,10,3125,T
2-PB1,526,3136,0,2,0,3138,A
2-PB1,527,3124,0,2,0,3126,A
2-PB1,528,3115,2,6,0,3123,A
2-PB1,529,0,4,3158,0,3162,G
2-PB1,530,3104,0,4,1,3109,A
2-PB1,531,2,5,3109,1,3117,G
2-PB1,532,2,2,3107,0,3111,G
2-PB1,533,3086,0,4,1,3091,A
2-PB1,534,3095,0,7,0,3102,A
2-PB1,535,3100,0,5,1,3106,A
2-PB1,536,0,3109,0,0,3109,T
2-PB1,537,1,4,3161,1,3167,G
2-PB1,538,2,13,3146,1,3162,G
2-PB1,539,3102,1,11,0,3114,A
2-PB1,540,1,3,3139,0,3143,G
2-PB1,541,3116,1,4,0,3121,A
2-PB1,542,0,3180,0,1,3181,T
2-PB1,543,3183,0,9,0,3192,A
2-PB1,544,3223,1,9,0,3233,A
2-PB1,545,2,1,0,3242,3245,C
2-PB1,546,3178,1,4,0,3183,A
2-PB1,547,3187,0,6,0,3193,A
2-PB1,548,0,1,0,3184,3185,C
2-PB1,549,3146,0,5,0,3151,A
2-PB1,550,0,1,0,3152,3153,C
2-PB1,551,3085,0,4,0,3089,A
2-PB1,552,0,1,0,3114,3115,C
2-PB1,553,0,3054,0,5,3059,T
2-PB1,554,0,3054,0,2,3056,T
2-PB1,555,0,3051,0,3,3054,T
2-PB1,556,7,0,0,3044,3051,C
2-PB1,557,3056,1,3,0,3060,A
2-PB1,558,3061,0,2,1,3064,A
2-PB1,559,3077,0,3,0,3080,A
2-PB1,560,0,6,3114,0,3120,G
2-PB1,561,3090,0,6,0,3096,A
2-PB1,562,3093,1,0,1,3095,A
2-PB1,563,3095,0,1,1,3097,A
2-PB1,564,3085,0,4,1,3090,A
2-PB1,565,3090,1,11,0,3102,A
2-PB1,566,2,6,3125,0,3133,G
2-PB1,567,0,5,3119,0,3124,G
2-PB1,568,3059,0,7,0,3066,A
2-PB1,569,1,15,3132,0,3148,G
2-PB1,570,3116,1,8,0,3125,A
2-PB1,571,0,1,3252,0,3253,G
2-PB1,572,0,3220,1,4,3225,T
2-PB1,573,3233,0,1,0,3234,A
2-PB1,574,3227,1,9,0,3237,A
2-PB1,575,2,13,3239,0,3254,G
2-PB1,576,1,14,3256,0,3271,G
2-PB1,577,0,7,3264,1,3272,G
2-PB1,578,3223,0,8,0,3231,A
2-PB1,579,1,3,1,3264,3269,C
2-PB1,580,3151,1,5,0,3157,A
2-PB1,581,3173,0,3,0,3176,A
2-PB1,582,0,1,0,3169,3170,C
2-PB1,583,3160,0,5,0,3165,A
2-PB1,584,0,3112,1,3,3116,T
2-PB1,585,1,23,3070,0,3094,G
2-PB1,586,3103,0,8,0,3111,A
2-PB1,587,3,1,0,3096,3100,C
2-PB1,588,5,0,0,3049,3054,C
2-PB1,589,3065,0,1,1,3067,A
2-PB1,590,3071,2,1,1,3075,A
2-PB1,591,1,7,3097,0,3105,G
2-PB1,592,3101,0,2,0,3103,A
2-PB1,593,3100,0,1,0,3101,A
2-PB1,594,3080,0,4,1,3085,A
2-PB1,595,3077,0,3,1,3081,A
2-PB1,596,0,3127,0,3,3130,T
2-PB1,597,2,9,3117,0,3128,G
2-PB1,598,2,3,3128,0,3133,G
2-PB1,599,0,3104,0,4,3108,T
2-PB1,600,16,131,0,2957,3104,C
2-PB1,601,3120,0,2,1,3123,A
2-PB1,602,0,1,0,3286,3287,C
2-PB1,603,3333,0,3,0,3336,A
2-PB1,604,2,0,0,3340,3342,C
2-PB1,605,3292,0,5,0,3297,A
2-PB1,606,3383,0,4,0,3387,A
2-PB1,607,3354,0,6,0,3360,A
2-PB1,608,0,12,3536,0,3548,G
2-PB1,609,3541,0,2,0,3543,A
2-PB1,610,3567,0,8,0,3575,A
2-PB1,611,3,1,0,3642,3646,C
2-PB1,612,3544,0,1,0,3545,A
2-PB1,613,3564,0,9,3,3576,A
2-PB1,614,0,3560,0,2,3562,T
2-PB1,615,3528,0,4,2,3534,A
2-PB1,616,0,11,3535,0,3546,G
2-PB1,617,2,8,3410,1,3421,G
2-PB1,618,154,3,3271,0,3428,G
2-PB1,619,3408,0,2,1,3411,A
2-PB1,620,3380,1,2,0,3383,A
2-PB1,621,0,5,3422,0,3427,G
2-PB1,622,3394,1,4,0,3399,A
2-PB1,623,3413,1,1,0,3415,A
2-PB1,624,3417,1,3,0,3421,A
2-PB1,625,3422,0,8,0,3430,A
2-PB1,626,3480,1,5,0,3486,A
2-PB1,627,3497,1,3,2,3503,A
2-PB1,628,0,0,0,3508,3508,C
2-PB1,629,3496,0,1,0,3497,A
2-PB1,630,3490,0,3,0,3493,A
2-PB1,631,3469,0,6,0,3475,A
2-PB1,632,1,10,3522,0,3533,G
2-PB1,633,3515,1,4,1,3521,A
2-PB1,634,0,0,3675,1,3676,G
2-PB1,635,0,3631,0,2,3633,T
2-PB1,636,2,17,4122,0,4141,G
2-PB1,637,4133,2,4,3,4142,A
2-PB1,638,4132,0,8,0,4140,A
2-PB1,639,2,4196,1,1,4200,T
2-PB1,640,4216,1,1,1,4219,A
2-PB1,641,4187,1,17,0,4205,A
2-PB1,642,1,22,4195,0,4218,G
2-PB1,643,4081,1,6,1,4089,A
2-PB1,644,1,6,4127,0,4134,G
2-PB1,645,3870,1,12,0,3883,A
2-PB1,646,1,8,3932,0,3941,G
2-PB1,647,2,2,3914,0,3918,G
2-PB1,648,3,1,0,3917,3921,C
2-PB1,649,0,3921,0,5,3926,T
2-PB1,650,4038,1,2,0,4041,A
2-PB1,651,1,2,0,4215,4218,C
2-PB1,652,8,1,0,4217,4226,C
2-PB1,653,0,4247,0,7,4254,T
2-PB1,654,4442,0,1,0,4443,A
2-PB1,655,4428,2,5,0,4435,A
2-PB1,656,0,4426,0,1,4427,T
2-PB1,657,4421,0,1,0,4422,A
2-PB1,658,4404,0,8,0,4412,A
2-PB1,659,0,11,4398,1,4410,G
2-PB1,660,4235,0,9,0,4244,A
2-PB1,661,1,2,4301,0,4304,G
2-PB1,662,2,1,0,4322,4325,C
2-PB1,663,3,4220,1,14,4238,T
2-PB1,664,1,4253,0,4,4258,T
2-PB1,665,0,4250,0,6,4256,T
2-PB1,666,0,18,4248,0,4266,G
2-PB1,667,4325,1,11,0,4337,A
2-PB1,668,1,0,0,4342,4343,C
2-PB1,669,4330,0,3,1,4334,A
2-PB1,670,0,4322,0,9,4331,T
2-PB1,671,2,4292,0,9,4303,T
2-PB1,672,1,22,4377,0,4400,G
2-PB1,673,4392,0,9,1,4402,A
2-PB1,674,4404,2,13,0,4419,A
2-PB1,675,0,5,0,4414,4419,C
2-PB1,676,4391,0,2,0,4393,A
2-PB1,677,0,4,0,4381,4385,C
2-PB1,678,1,7,4366,0,4374,G
2-PB1,679,4392,0,5,0,4397,A
2-PB1,680,1,4424,0,3,4428,T
2-PB1,681,2,31,4487,0,4520,G
2-PB1,682,4520,2,6,0,4528,A
2-PB1,683,0,1,0,4548,4549,C
2-PB1,684,11,2,0,4533,4546,C
2-PB1,685,4550,0,3,0,4553,A
2-PB1,686,4582,8,3,0,4593,A
2-PB1,687,4593,3,7,2,4605,A
2-PB1,688,0,2,4718,0,4720,G
2-PB1,689,4750,0,8,0,4758,A
2-PB1,690,0,4691,0,10,4701,T
2-PB1,691,3,0,4704,0,4707,G
2-PB1,692,0,3,0,4676,4679,C
2-PB1,693,4667,0,9,1,4677,A
2-PB1,694,0,10,4711,0,4721,G
2-PB1,695,4621,0,7,0,4628,A
2-PB1,696,2,16,4637,0,4655,G
2-PB1,697,4519,1,8,0,4528,A
2-PB1,698,2,5,4530,0,4537,G
2-PB1,699,4451,2,14,0,4467,A
2-PB1,700,1,9,4476,0,4486,G
2-PB1,701,0,0,4471,2,4473,G
2-PB1,702,2,1,0,4471,4474,C
2-PB1,703,4447,1,2,0,4450,A
2-PB1,704,4443,1,5,0,4449,A
2-PB1,705,4502,1,2,0,4505,A
2-PB1,706,0,4495,0,0,4495,T
2-PB1,707,0,4494,1,1,4496,T
2-PB1,708,4515,4,2,0,4521,A
2-PB1,709,4501,0,4,0,4505,A
2-PB1,710,4499,0,5,0,4504,A
2-PB1,711,4522,0,2,0,4524,A
2-PB1,712,4528,0,10,0,4538,A
2-PB1,713,0,6,4528,2,4536,G
2-PB1,714,4501,0,3,0,4504,A
2-PB1,715,4477,0,12,0,4489,A
2-PB1,716,1,13,4533,0,4547,G
2-PB1,717,2,6,4605,0,4613,G
2-PB1,718,6,0,4621,0,4627,G
2-PB1,719,3,2,1,4648,4654,C
2-PB1,720,0,4651,0,5,4656,T
2-PB1,721,4690,0,2,0,4692,A
2-PB1,722,0,4727,1,15,4743,T
2-PB1,723,1,4732,0,7,4740,T
2-PB1,724,2,2,4760,1,4765,G
2-PB1,725,0,3,0,4719,4722,C
2-PB1,726,4602,0,13,0,4615,A
2-PB1,727,4620,2,13,2,4637,A
2-PB1,728,1,1,0,4631,4633,C
2-PB1,729,4627,1,3,1,4632,A
2-PB1,730,2,0,0,4621,4623,C
2-PB1,731,8,2,0,4505,4515,C
2-PB1,732,16,3,0,4496,4515,C
2-PB1,733,3,20,4476,1,4500,G
2-PB1,734,3,7,4489,2,4501,G
2-PB1,735,2,8,4500,0,4510,G
2-PB1,736,4512,1,5,0,4518,A
2-PB1,737,0,4489,0,4,4493,T
2-PB1,738,4,1,4516,2,4523,G
2-PB1,739,1,0,0,4496,4497,C
2-PB1,740,4548,2,4,1,4555,A
2-PB1,741,4605,0,8,1,4614,A
2-PB1,742,4673,0,2,0,4675,A
2-PB1,743,1,4673,2,2,4678,T
2-PB1,744,0,4677,1,1,4679,T
2-PB1,745,4643,0,0,1,4644,A
2-PB1,746,0,9,4640,0,4649,G
2-PB1,747,4587,1,12,1,4601,A
2-PB1,748,2,21,4623,0,4646,G
2-PB1,749,1,17,4522,0,4540,G
2-PB1,750,2,1,4651,0,4654,G
2-PB1,751,0,4639,0,7,4646,T
2-PB1,752,2,4633,3,6,4644,T
2-PB1,753,15,0,0,4622,4637,C
2-PB1,754,3,0,4696,0,4699,G
2-PB1,755,1,4681,1,13,4696,T
2-PB1,756,15,0,4689,0,4704,G
2-PB1,757,1,4688,1,5,4695,T
2-PB1,758,4662,0,4,0,4666,A
2-PB1,759,2,0,0,4663,4665,C
2-PB1,760,0,4371,0,5,4376,T
2-PB1,761,0,4392,1,2,4395,T
2-PB1,762,9,3,0,4357,4369,C
2-PB1,763,5,0,4327,0,4332,G
2-PB1,764,0,4324,0,2,4326,T
2-PB1,765,0,4307,0,7,4314,T
2-PB1,766,2,13,4295,0,4310,G
2-PB1,767,4297,1,0,1,4299,A
2-PB1,768,4301,0,3,0,4304,A
2-PB1,769,4319,0,9,0,4328,A
2-PB1,770,1,0,0,4354,4355,C
2-PB1,771,1,4288,0,6,4295,T
2-PB1,772,0,4263,0,1,4264,T
2-PB1,773,0,4281,0,2,4283,T
2-PB1,774,4348,1,1,0,4350,A
2-PB1,775,0,1,4362,0,4363,G
2-PB1,776,1,1,0,4377,4379,C
2-PB1,777,0,4377,0,3,4380,T
2-PB1,778,4306,0,8,0,4314,A
2-PB1,779,1,7,4304,0,4312,G
2-PB1,780,4291,0,5,0,4296,A
2-PB1,781,4298,0,7,1,4306,A
2-PB1,782,0,1,4322,0,4323,G
2-PB1,783,1,4,0,4238,4243,C
2-PB1,784,4242,0,0,0,4242,A
2-PB1,785,1,4206,0,2,4209,T
2-PB1,786,1,4210,0,2,4213,T
2-PB1,787,0,4207,1,4,4212,T
2-PB1,788,0,1,4225,0,4226,G
2-PB1,789,4,3,0,4203,4210,C
2-PB1,790,3,9,4207,0,4219,G
2-PB1,791,4197,2,1,0,4200,A
2-PB1,792,4182,0,2,0,4184,A
2-PB1,793,4185,0,3,0,4188,A
2-PB1,794,4303,0,7,1,4311,A
2-PB1,795,3,0,4354,0,4357,G
2-PB1,796,1,0,0,4361,4362,C
2-PB1,797,0,4352,0,7,4359,T
2-PB1,798,0,4356,0,3,4359,T
2-PB1,799,2,15,4338,0,4355,G
2-PB1,800,4352,0,8,1,4361,A
2-PB1,801,4357,3,5,1,4366,A
2-PB1,802,0,0,0,4380,4380,C
2-PB1,803,4178,1,5,0,4184,A
2-PB1,804,1,0,4563,0,4564,G
2-PB1,805,0,4498,0,6,4504,T
2-PB1,806,18,0,0,4496,4514,C
2-PB1,807,2,4501,0,10,4513,T
2-PB1,808,4,9,4507,2,4522,G
2-PB1,809,3,8,4528,0,4539,G
2-PB1,810,4530,0,8,0,4538,A
2-PB1,811,1,1,1,4543,4546,C
2-PB1,812,1,4363,1,7,4372,T
2-PB1,813,0,4005,1,9,4015,T
2-PB1,814,9,1,0,3994,4004,C
2-PB1,815,6,4,0,4005,4015,C
2-PB1,816,2,4,4040,0,4046,G
2-PB1,817,1,0,4058,0,4059,G
2-PB1,818,0,4003,0,7,4010,T
2-PB1,819,0,4008,1,2,4011,T
2-PB1,820,1,15,3997,0,4013,G
2-PB1,821,2,12,4006,0,4020,G
2-PB1,822,4,17,4022,0,4043,G
2-PB1,823,2,5,4044,0,4051,G
2-PB1,824,1,0,4060,0,4061,G
2-PB1,825,0,4011,0,9,4020,T
2-PB1,826,4020,0,3,0,4023,A
2-PB1,827,4045,3,1,0,4049,A
2-PB1,828,0,4050,0,4,4054,T
2-PB1,829,1,10,4052,0,4063,G
2-PB1,830,4012,1,3,0,4016,A
2-PB1,831,3967,1,3,0,3971,A
2-PB1,832,3960,0,6,0,3966,A
2-PB1,833,3946,0,6,0,3952,A
2-PB1,834,1,7,3936,1,3945,G
2-PB1,835,3897,0,3,0,3900,A
2-PB1,836,3872,0,12,0,3884,A
2-PB1,837,2,7,3879,0,3888,G
2-PB1,838,1,2,3877,0,3880,G
2-PB1,839,0,0,0,3874,3874,C
2-PB1,840,7,3,0,3838,3848,C
2-PB1,841,3878,1,2,0,3881,A
2-PB1,842,3876,1,3,0,3880,A
2-PB1,843,3870,0,3,0,3873,A
2-PB1,844,2,1,0,3889,3892,C
2-PB1,845,0,3866,0,6,3872,T
2-PB1,846,1,11,3938,0,3950,G
2-PB1,847,2,2,3936,0,3940,G
2-PB1,848,2,0,1,3944,3947,C
2-PB1,849,3960,0,2,0,3962,A
2-PB1,850,3947,0,3,1,3951,A
2-PB1,851,3956,0,1,0,3957,A
2-PB1,852,1,3955,0,2,3958,T
2-PB1,853,0,1,3973,0,3974,G
2-PB1,854,1,3934,0,6,3941,T
2-PB1,855,1,3823,0,3,3827,T
2-PB1,856,0,2,3833,0,3835,G
2-PB1,857,1,3817,0,5,3823,T
2-PB1,858,1,14,3827,0,3842,G
2-PB1,859,3826,1,7,0,3834,A
2-PB1,860,0,5,3864,0,3869,G
2-PB1,861,3859,1,2,0,3862,A
2-PB1,862,3831,1,2,0,3834,A
2-PB1,863,3821,0,4,0,3825,A
2-PB1,864,3841,0,2,0,3843,A
2-PB1,865,3865,0,3,2,3870,A
2-PB1,866,1,3848,0,0,3849,T
2-PB1,867,0,7,3836,0,3843,G
2-PB1,868,3841,0,2,0,3843,A
2-PB1,869,0,3783,2,3,3788,T
2-PB1,870,1,17,3812,0,3830,G
2-PB1,871,3817,0,9,0,3826,A
2-PB1,872,2,0,0,3876,3878,C
2-PB1,873,0,3863,0,2,3865,T
2-PB1,874,3838,0,1,0,3839,A
2-PB1,875,3865,0,3,0,3868,A
2-PB1,876,1,3864,0,1,3866,T
2-PB1,877,1,3901,1,7,3910,T
2-PB1,878,8,1,0,3924,3933,C
2-PB1,879,3928,1,7,0,3936,A
2-PB1,880,0,2,0,3940,3942,C
2-PB1,881,3876,0,7,0,3883,A
2-PB1,882,3890,1,6,1,3898,A
2-PB1,883,0,14,3898,0,3912,G
2-PB1,884,3977,1,10,0,3988,A
2-PB1,885,0,2,0,3986,3988,C
2-PB1,886,3951,0,2,0,3953,A
2-PB1,887,1,2,0,3945,3948,C
2-PB1,888,3898,0,4,1,3903,A
2-PB1,889,1,7,3919,0,3927,G
2-PB1,890,3868,0,6,0,3874,A
2-PB1,891,3,0,3901,0,3904,G
2-PB1,892,0,0,0,3886,3886,C
2-PB1,893,0,3796,0,6,3802,T
2-PB1,894,2,3835,1,4,3842,T
2-PB1,895,0,3849,0,8,3857,T
2-PB1,896,8,1,0,3860,3869,C
2-PB1,897,0,3850,0,10,3860,T
2-PB1,898,0,3831,0,5,3836,T
2-PB1,899,2,3835,0,6,3843,T
2-PB1,900,9,3,0,3824,3836,C
2-PB1,901,3832,1,9,0,3842,A
2-PB1,902,1,1,0,3863,3865,C
2-PB1,903,3780,0,5,0,3785,A
2-PB1,904,3803,1,5,0,3809,A
2-PB1,905,1,3828,2,6,3837,T
2-PB1,906,12,2,0,3900,3914,C
2-PB1,907,3929,1,2,0,3932,A
2-PB1,908,0,2,0,3964,3966,C
2-PB1,909,0,3911,1,6,3918,T
2-PB1,910,1,18,3934,0,3953,G
2-PB1,911,4,15,3895,0,3914,G
2-PB1,912,2,11,4003,0,4016,G
2-PB1,913,0,11,4001,0,4012,G
2-PB1,914,3930,2,7,0,3939,A
2-PB1,915,1,0,0,3757,3758,C
2-PB1,916,3833,1,4,1,3839,A
2-PB1,917,4030,1,6,0,4037,A
2-PB1,918,1,0,0,4071,4072,C
2-PB1,919,4064,0,7,0,4071,A
2-PB1,920,0,1,1,4047,4049,C
2-PB1,921,0,3831,0,4,3835,T
2-PB1,922,3849,1,3,1,3854,A
2-PB1,923,3835,1,11,1,3848,A
2-PB1,924,1,1,3891,0,3893,G
2-PB1,925,1,3855,0,2,3858,T
2-PB1,926,1,10,3524,2,3537,G
2-PB1,927,0,4,3507,1,3512,G
2-PB1,928,3484,0,3,0,3487,A
2-PB1,929,3511,0,2,1,3514,A
2-PB1,930,0,3496,0,2,3498,T
2-PB1,931,1,13,3481,0,3495,G
2-PB1,932,3488,1,0,0,3489,A
2-PB1,933,3427,1,1,0,3429,A
2-PB1,934,3444,0,4,0,3448,A
2-PB1,935,3468,0,3,1,3472,A
2-PB1,936,2,3450,0,1,3453,T
2-PB1,937,20,1,0,3436,3457,C
2-PB1,938,3459,0,4,0,3463,A
2-PB1,939,3449,0,6,0,3455,A
2-PB1,940,3450,0,6,0,3456,A
2-PB1,941,3440,2,5,1,3448,A
2-PB1,942,2,2,0,3469,3473,C
2-PB1,943,7,0,0,3424,3431,C
2-PB1,944,17,1,0,3396,3414,C
2-PB1,945,1,3380,0,3,3384,T
2-PB1,946,8,5,0,3397,3410,C
2-PB1,947,1,7,3397,0,3405,G
2-PB1,948,3416,0,1,0,3417,A
2-PB1,949,3412,0,2,0,3414,A
2-PB1,950,0,3412,0,3,3415,T
2-PB1,951,1,0,3432,0,3433,G
2-PB1,952,0,3382,1,10,3393,T
2-PB1,953,0,3389,0,5,3394,T
2-PB1,954,0,3396,0,4,3400,T
2-PB1,955,0,3388,0,6,3394,T
2-PB1,956,0,3397,0,0,3397,T
2-PB1,957,1,7,3385,0,3393,G
2-PB1,958,0,0,3381,0,3381,G
2-PB1,959,2,0,0,3358,3360,C
2-PB1,960,1,6,3321,0,3328,G
2-PB1,961,3313,1,3,0,3317,A
2-PB1,962,1,3391,0,0,3392,T
2-PB1,963,0,9,3518,0,3527,G
2-PB1,964,3652,0,2,0,3654,A
2-PB1,965,1,3661,0,6,3668,T
2-PB1,966,1,3663,1,3,3668,T
2-PB1,967,3692,0,4,1,3697,A
2-PB1,968,2,1,0,3693,3696,C
2-PB1,969,3711,1,4,0,3716,A
2-PB1,970,0,3695,0,4,3699,T
2-PB1,971,3465,0,5,0,3470,A
2-PB1,972,2,2,0,3478,3482,C
2-PB1,973,3079,1,2,0,3082,A
2-PB1,974,0,3072,0,4,3076,T
2-PB1,975,3,1,0,3067,3071,C
2-PB1,976,3030,1,5,0,3036,A
2-PB1,977,0,1,0,3023,3024,C
2-PB1,978,3012,2,1,0,3015,A
2-PB1,979,3016,0,1,0,3017,A
2-PB1,980,3005,1,4,0,3010,A
2-PB1,981,2,9,2872,0,2883,G
2-PB1,982,3004,2,2,0,3008,A
2-PB1,983,3002,0,7,0,3009,A
2-PB1,984,0,3008,0,1,3009,T
2-PB1,985,12,1,1,3001,3015,C
2-PB1,986,2993,0,6,1,3000,A
2-PB1,987,3023,0,0,1,3024,A
2-PB1,988,1,1,0,3010,3012,C
2-PB1,989,3,1,0,3013,3017,C
2-PB1,990,0,2772,2,5,2779,T
2-PB1,991,2,12,2784,0,2798,G
2-PB1,992,2763,0,6,0,2769,A
2-PB1,993,2,0,2783,0,2785,G
2-PB1,994,0,2760,0,3,2763,T
2-PB1,995,0,3,2703,0,2706,G
2-PB1,996,0,3,2815,1,2819,G
2-PB1,997,0,2791,0,2,2793,T
2-PB1,998,1,2794,0,3,2798,T
2-PB1,999,18,0,0,2786,2804,C
2-PB1,1000,2762,0,3,0,2765,A
2-PB1,1001,1,4,2802,0,2807,G
2-PB1,1002,2802,0,3,0,2805,A
2-PB1,1003,2794,0,5,0,2799,A
2-PB1,1004,2770,0,3,0,2773,A
2-PB1,1005,0,0,0,2430,2430,C
2-PB1,1006,2413,0,0,0,2413,A
2-PB1,1007,0,2378,1,4,2383,T
2-PB1,1008,4,1,0,2421,2426,C
2-PB1,1009,3,0,0,2420,2423,C
2-PB1,1010,1,2309,0,5,2315,T
2-PB1,1011,0,12,2303,0,2315,G
2-PB1,1012,2279,1,4,0,2284,A
2-PB1,1013,1,1,2305,0,2307,G
2-PB1,1014,1,1,0,2282,2284,C
2-PB1,1015,2184,1,0,0,2185,A
2-PB1,1016,0,2177,0,4,2181,T
2-PB1,1017,3,0,0,2164,2167,C
2-PB1,1018,0,0,2159,0,2159,G
2-PB1,1019,3,2,0,2220,2225,C
2-PB1,1020,2247,0,3,0,2250,A
2-PB1,1021,1,1,1,2312,2315,C
2-PB1,1022,8,0,0,2307,2315,C
2-PB1,1023,2322,0,2,0,2324,A
2-PB1,1024,2356,0,2,2,2360,A
2-PB1,1025,0,2362,0,2,2364,T
2-PB1,1026,2354,0,1,0,2355,A
2-PB1,1027,2349,0,3,0,2352,A
2-PB1,1028,0,2274,0,1,2275,T
2-PB1,1029,1,0,2276,0,2277,G
2-PB1,1030,0,2213,0,4,2217,T
2-PB1,1031,0,2187,0,3,2190,T
2-PB1,1032,10,1,0,2190,2201,C
2-PB1,1033,2,2185,0,3,2190,T
2-PB1,1034,5,1,0,2187,2193,C
2-PB1,1035,2201,0,0,0,2201,A
2-PB1,1036,2201,0,1,0,2202,A
2-PB1,1037,2203,0,2,0,2205,A
2-PB1,1038,0,0,0,2208,2208,C
2-PB1,1039,2210,0,1,0,2211,A
2-PB1,1040,2210,0,0,1,2211,A
2-PB1,1041,2194,0,2,0,2196,A
2-PB1,1042,2204,0,4,0,2208,A
2-PB1,1043,1,2230,0,2,2233,T
2-PB1,1044,1,6,2239,1,2247,G
2-PB1,1045,3,0,2236,0,2239,G
2-PB1,1046,1,1,0,2233,2235,C
2-PB1,1047,2224,0,4,1,2229,A
2-PB1,1048,2221,0,6,0,2227,A
2-PB1,1049,2,9,2237,0,2248,G
2-PB1,1050,2249,0,1,0,2250,A
2-PB1,1051,0,0,0,2257,2257,C
2-PB1,1052,0,2216,0,3,2219,T
2-PB1,1053,1,4,2261,0,2266,G
2-PB1,1054,0,6,2254,0,2260,G
2-PB1,1055,1,2,2272,0,2275,G
2-PB1,1056,2272,0,6,0,2278,A
2-PB1,1057,2276,0,1,0,2277,A
2-PB1,1058,2267,0,5,0,2272,A
2-PB1,1059,2276,0,3,0,2279,A
2-PB1,1060,1,5,2345,0,2351,G
2-PB1,1061,0,6,2336,0,2342,G
2-PB1,1062,2328,0,1,0,2329,A
2-PB1,1063,0,2318,1,2,2321,T
2-PB1,1064,2307,0,3,0,2310,A
2-PB1,1065,1,2,1,2317,2321,C
2-PB1,1066,2338,0,5,0,2343,A
2-PB1,1067,0,2342,0,2,2344,T
2-PB1,1068,3,0,2351,0,2354,G
2-PB1,1069,1,2290,0,4,2295,T
2-PB1,1070,1,2289,0,2,2292,T
2-PB1,1071,7,1,0,2280,2288,C
2-PB1,1072,3,12,2278,0,2293,G
2-PB1,1073,2290,0,4,1,2295,A
2-PB1,1074,2,8,2337,0,2347,G
2-PB1,1075,2305,0,5,0,2310,A
2-PB1,1076,3,0,2354,0,2357,G
2-PB1,1077,0,2340,0,2,2342,T
2-PB1,1078,2324,0,1,1,2326,A
2-PB1,1079,2339,1,3,0,2343,A
2-PB1,1080,0,11,2349,0,2360,G
2-PB1,1081,2340,0,6,1,2347,A
2-PB1,1082,1,5,2400,0,2406,G
2-PB1,1083,2343,0,4,0,2347,A
2-PB1,1084,2374,0,2,0,2376,A
2-PB1,1085,1,2342,0,0,2343,T
2-PB1,1086,0,6,2335,0,2341,G
2-PB1,1087,2332,0,3,0,2335,A
2-PB1,1088,2316,0,4,0,2320,A
2-PB1,1089,1,0,2331,0,2332,G
2-PB1,1090,1,0,0,2318,2319,C
2-PB1,1091,0,2270,0,9,2279,T
2-PB1,1092,6,1,0,2310,2317,C
2-PB1,1093,5,2,0,2311,2318,C
2-PB1,1094,1,6,2308,0,2315,G
2-PB1,1095,0,6,2315,0,2321,G
2-PB1,1096,2328,0,1,0,2329,A
2-PB1,1097,1,3,0,2365,2369,C
2-PB1,1098,2359,1,5,0,2365,A
2-PB1,1099,0,1,0,2400,2401,C
2-PB1,1100,2392,1,0,1,2394,A
2-PB1,1101,2382,0,3,2,2387,A
2-PB1,1102,2376,0,5,0,2381,A
2-PB1,1103,0,2385,1,2,2388,T
2-PB1,1104,2384,1,0,0,2385,A
2-PB1,1105,1,1,0,2390,2392,C
2-PB1,1106,3,2,0,2365,2370,C
2-PB1,1107,2,2322,0,2,2326,T
2-PB1,1108,3,0,2355,1,2359,G
2-PB1,1109,0,0,0,2359,2359,C
2-PB1,1110,2351,0,6,0,2357,A
2-PB1,1111,1,5,2348,0,2354,G
2-PB1,1112,2340,0,0,0,2340,A
2-PB1,1113,2336,0,0,0,2336,A
2-PB1,1114,2349,0,1,0,2350,A
2-PB1,1115,0,2330,1,1,2332,T
2-PB1,1116,2,1,2337,0,2340,G
2-PB1,1117,1,1,0,2322,2324,C
2-PB1,1118,0,2327,0,2,2329,T
2-PB1,1119,2345,0,9,0,2354,A
2-PB1,1120,0,0,2349,0,2349,G
2-PB1,1121,1,1,0,2340,2342,C
2-PB1,1122,2340,1,1,0,2342,A
2-PB1,1123,2333,0,4,0,2337,A
2-PB1,1124,0,4,2328,0,2332,G
2-PB1,1125,2,1,0,2313,2316,C
2-PB1,1126,2287,1,0,0,2288,A
2-PB1,1127,0,2342,0,5,2347,T
2-PB1,1128,0,2341,0,1,2342,T
2-PB1,1129,0,6,2421,0,2427,G
2-PB1,1130,2455,1,1,0,2457,A
2-PB1,1131,1,0,0,2462,2463,C
2-PB1,1132,3,1,0,2459,2463,C
2-PB1,1133,0,2393,1,2,2396,T
2-PB1,1134,0,1,2443,0,2444,G
2-PB1,1135,2436,1,2,0,2439,A
2-PB1,1136,2449,0,1,0,2450,A
2-PB1,1137,0,2,2476,0,2478,G
2-PB1,1138,0,2387,0,2,2389,T
2-PB1,1139,2401,0,0,0,2401,A
2-PB1,1140,0,2382,1,4,2387,T
2-PB1,1141,2,2373,0,3,2378,T
2-PB1,1142,0,2370,2,4,2376,T
2-PB1,1143,1,0,0,2339,2340,C
2-PB1,1144,2334,0,1,0,2335,A
2-PB1,1145,2347,0,1,0,2348,A
2-PB1,1146,0,2292,0,3,2295,T
2-PB1,1147,1,13,2301,0,2315,G
2-PB1,1148,2286,1,4,0,2291,A
2-PB1,1149,2305,0,2,0,2307,A
2-PB1,1150,0,2272,0,2,2274,T
2-PB1,1151,11,1,0,2291,2303,C
2-PB1,1152,2310,0,0,0,2310,A
2-PB1,1153,2317,0,1,0,2318,A
2-PB1,1154,0,3,0,2308,2311,C
2-PB1,1155,2296,0,6,0,2302,A
2-PB1,1156,2301,0,3,0,2304,A
2-PB1,1157,1,6,2293,1,2301,G
2-PB1,1158,1,5,2306,0,2312,G
2-PB1,1159,2306,0,2,0,2308,A
2-PB1,1160,2298,0,4,0,2302,A
2-PB1,1161,0,4,2303,0,2307,G
2-PB1,1162,2290,0,6,0,2296,A
2-PB1,1163,2286,0,3,0,2289,A
2-PB1,1164,2284,0,8,0,2292,A
2-PB1,1165,2287,0,2,0,2289,A
2-PB1,1166,1,2275,1,0,2277,T
2-PB1,1167,0,2247,1,1,2249,T
2-PB1,1168,0,11,2252,0,2263,G
2-PB1,1169,2236,0,3,0,2239,A
2-PB1,1170,0,4,2263,0,2267,G
2-PB1,1171,2262,0,2,0,2264,A
2-PB1,1172,2281,0,1,0,2282,A
2-PB1,1173,2328,0,2,0,2330,A
2-PB1,1174,2343,0,1,0,2344,A
2-PB1,1175,0,2343,0,2,2345,T
2-PB1,1176,2342,0,2,0,2344,A
2-PB1,1177,2340,0,7,0,2347,A
2-PB1,1178,0,0,2354,0,2354,G
2-PB1,1179,0,0,2349,0,2349,G
2-PB1,1180,1,1,0,2332,2334,C
2-PB1,1181,4,0,0,2331,2335,C
2-PB1,1182,1,2300,0,5,2306,T
2-PB1,1183,3,1,0,2692,2696,C
2-PB1,1184,1,2727,0,5,2733,T
2-PB1,1185,0,2739,0,2,2741,T
2-PB1,1186,4,0,0,2813,2817,C
2-PB1,1187,2,2799,0,4,2805,T
2-PB1,1188,2820,0,1,0,2821,A
2-PB1,1189,2819,0,4,0,2823,A
2-PB1,1190,1,2818,0,0,2819,T
2-PB1,1191,2833,2,1,0,2836,A
2-PB1,1192,0,1,2795,1,2797,G
2-PB1,1193,2537,1,4,0,2542,A
2-PB1,1194,0,2542,0,1,2543,T
2-PB1,1195,0,12,2484,0,2496,G
2-PB1,1196,2,0,2527,0,2529,G
2-PB1,1197,1,0,0,2522,2523,C
2-PB1,1198,2529,0,2,0,2531,A
2-PB1,1199,1,0,0,2536,2537,C
2-PB1,1200,2505,1,4,0,2510,A
2-PB1,1201,1,0,2608,0,2609,G
2-PB1,1202,1,0,0,2595,2596,C
2-PB1,1203,2604,1,4,1,2610,A
2-PB1,1204,0,2676,0,2,2678,T
2-PB1,1205,5,0,0,2653,2658,C
2-PB1,1206,2679,0,2,0,2681,A
2-PB1,1207,0,2674,0,3,2677,T
2-PB1,1208,0,2661,0,2,2663,T
2-PB1,1209,3,4,2637,0,2644,G
2-PB1,1210,2550,0,2,0,2552,A
2-PB1,1211,2,0,2669,0,2671,G
2-PB1,1212,1,5,0,2652,2658,C
2-PB1,1213,7,1,0,2613,2621,C
2-PB1,1214,12,2,0,2667,2681,C
2-PB1,1215,0,2650,0,5,2655,T
2-PB1,1216,1,3,3058,0,3062,G
2-PB1,1217,1,5,3146,0,3152,G
2-PB1,1218,3139,1,10,0,3150,A
2-PB1,1219,3322,0,3,0,3325,A
2-PB1,1220,0,3227,0,0,3227,T
2-PB1,1221,1,9,3356,0,3366,G
2-PB1,1222,3425,0,5,0,3430,A
2-PB1,1223,0,3481,0,4,3485,T
2-PB1,1224,0,11,3490,0,3501,G
2-PB1,1225,3461,2,3,1,3467,A
2-PB1,1226,0,3442,0,2,3444,T
2-PB1,1227,3,13,3434,1,3451,G
2-PB1,1228,4,11,3518,0,3533,G
2-PB1,1229,2,1,3544,0,3547,G
2-PB1,1230,2,0,0,3525,3527,C
2-PB1,1231,3542,0,4,0,3546,A
2-PB1,1232,1,3559,0,8,3568,T
2-PB1,1233,0,2,3710,0,3712,G
2-PB1,1234,1,3712,0,6,3719,T
2-PB1,1235,0,3751,0,5,3756,T
2-PB1,1236,11,3,0,3756,3770,C
2-PB1,1237,3760,0,1,0,3761,A
2-PB1,1238,3770,1,8,0,3779,A
2-PB1,1239,1,1,0,3782,3784,C
2-PB1,1240,3791,0,2,0,3793,A
2-PB1,1241,1,3806,0,4,3811,T
2-PB1,1242,1,0,3892,0,3893,G
2-PB1,1243,3,1,0,3891,3895,C
2-PB1,1244,0,3897,0,4,3901,T
2-PB1,1245,3947,0,1,0,3948,A
2-PB1,1246,3931,0,5,1,3937,A
2-PB1,1247,0,1,4033,0,4034,G
2-PB1,1248,1,4019,0,7,4027,T
2-PB1,1249,4001,0,0,0,4001,A
2-PB1,1250,1,3,0,4038,4042,C
2-PB1,1251,3,14,4066,0,4083,G
2-PB1,1252,2,1,4420,0,4423,G
2-PB1,1253,1,4404,0,7,4412,T
2-PB1,1254,1,4385,0,2,4388,T
2-PB1,1255,0,4389,0,9,4398,T
2-PB1,1256,0,4405,0,1,4406,T
2-PB1,1257,4391,1,10,0,4402,A
2-PB1,1258,2,6,4409,0,4417,G
2-PB1,1259,1,21,4381,0,4403,G
2-PB1,1260,4310,2,8,0,4320,A
2-PB1,1261,1,2,4321,0,4324,G
2-PB1,1262,2,4384,0,3,4389,T
2-PB1,1263,13,1,0,4387,4401,C
2-PB1,1264,0,4393,0,7,4400,T
2-PB1,1265,13,0,1,4399,4413,C
2-PB1,1266,2,12,4403,0,4417,G
2-PB1,1267,4610,0,4,0,4614,A
2-PB1,1268,0,4626,0,2,4628,T
2-PB1,1269,4639,1,4,0,4644,A
2-PB1,1270,0,3,0,4648,4651,C
2-PB1,1271,1,4551,0,13,4565,T
2-PB1,1272,2,14,4575,0,4591,G
2-PB1,1273,4569,0,5,0,4574,A
2-PB1,1274,4665,0,3,2,4670,A
2-PB1,1275,0,4668,0,5,4673,T
2-PB1,1276,6,1,0,4606,4613,C
2-PB1,1277,0,4578,0,7,4585,T
2-PB1,1278,0,4564,0,5,4569,T
2-PB1,1279,6,15,4561,1,4583,G
2-PB1,1280,0,13,4580,2,4595,G
2-PB1,1281,4566,0,7,1,4574,A
2-PB1,1282,1,3,0,4604,4608,C
2-PB1,1283,4545,1,2,0,4548,A
2-PB1,1284,4585,0,4,0,4589,A
2-PB1,1285,4617,0,3,0,4620,A
2-PB1,1286,4633,1,5,0,4639,A
2-PB1,1287,1,6,4737,0,4744,G
2-PB1,1288,4750,1,3,0,4754,A
2-PB1,1289,4742,3,3,0,4748,A
2-PB1,1290,4757,0,11,0,4768,A
2-PB1,1291,1,4749,0,0,4750,T
2-PB1,1292,4776,0,3,0,4779,A
2-PB1,1293,2,2,2,4952,4958,C
2-PB1,1294,4926,1,4,0,4931,A
2-PB1,1295,1,2,0,4959,4962,C
2-PB1,1296,7,2,0,4876,4885,C
2-PB1,1297,4870,0,6,1,4877,A
2-PB1,1298,4944,1,3,1,4949,A
2-PB1,1299,2,12,5124,0,5138,G
2-PB1,1300,5218,0,5,0,5223,A
2-PB1,1301,0,4,1,5280,5285,C
2-PB1,1302,5150,1,6,0,5157,A
2-PB1,1303,5341,1,7,1,5350,A
2-PB1,1304,0,4,0,5375,5379,C
2-PB1,1305,5466,1,6,0,5473,A
2-PB1,1306,1,5493,0,4,5498,T
2-PB1,1307,5444,2,5,0,5451,A
2-PB1,1308,0,5,0,5582,5587,C
2-PB1,1309,6,5423,2,6,5437,T
2-PB1,1310,3,16,5530,0,5549,G
2-PB1,1311,1,2,5552,0,5555,G
2-PB1,1312,1,5434,0,2,5437,T
2-PB1,1313,5,22,5377,3,5407,G
2-PB1,1314,1,9,5333,0,5343,G
2-PB1,1315,2,4,5365,0,5371,G
2-PB1,1316,5339,1,8,0,5348,A
2-PB1,1317,0,5258,0,5,5263,T
2-PB1,1318,1,19,5240,0,5260,G
2-PB1,1319,5,9,5220,0,5234,G
2-PB1,1320,3,4,5263,0,5270,G
2-PB1,1321,2,0,0,5360,5362,C
2-PB1,1322,1,5302,1,17,5321,T
2-PB1,1323,9,0,1,5385,5395,C
2-PB1,1324,7,2,0,5371,5380,C
2-PB1,1325,5381,0,4,1,5386,A
2-PB1,1326,5381,0,2,1,5384,A
2-PB1,1327,1,5367,1,5,5374,T
2-PB1,1328,7,1,3,5336,5347,C
2-PB1,1329,13,2,0,5289,5304,C
2-PB1,1330,0,5270,0,9,5279,T
2-PB1,1331,6,0,0,5258,5264,C
2-PB1,1332,8,3,0,5246,5257,C
2-PB1,1333,1,17,5232,0,5250,G
2-PB1,1334,5248,0,6,0,5254,A
2-PB1,1335,1,1,0,5252,5254,C
2-PB1,1336,5,18,5253,0,5276,G
2-PB1,1337,5310,1,0,0,5311,A
2-PB1,1338,1,5290,1,6,5298,T
2-PB1,1339,0,5299,1,3,5303,T
2-PB1,1340,2,5291,1,10,5304,T
2-PB1,1341,0,5304,2,5,5311,T
2-PB1,1342,2,2,5321,0,5325,G
2-PB1,1343,1,6,0,5349,5356,C
2-PB1,1344,15,6,0,5331,5352,C
2-PB1,1345,26,1,0,5546,5573,C
2-PB1,1346,1,5491,0,9,5501,T
2-PB1,1347,9,2,0,5728,5739,C
2-PB1,1348,5785,0,6,0,5791,A
2-PB1,1349,0,5809,0,3,5812,T
2-PB1,1350,5797,0,10,0,5807,A
2-PB1,1351,2,2,5879,1,5884,G
2-PB1,1352,2,5804,0,5,5811,T
2-PB1,1353,1,17,5822,0,5840,G
2-PB1,1354,5636,1,8,0,5645,A
2-PB1,1355,5646,0,8,0,5654,A
2-PB1,1356,2,5415,0,3,5420,T
2-PB1,1357,0,1,5413,0,5414,G
2-PB1,1358,0,4,1,5457,5462,C
2-PB1,1359,5467,1,6,1,5475,A
2-PB1,1360,2,1,0,5482,5485,C
2-PB1,1361,14,0,0,5421,5435,C
2-PB1,1362,5411,0,2,0,5413,A
2-PB1,1363,5410,0,1,0,5411,A
2-PB1,1364,5380,0,3,0,5383,A
2-PB1,1365,0,5237,0,7,5244,T
2-PB1,1366,14,2,0,5423,5439,C
2-PB1,1367,5433,2,6,0,5441,A
2-PB1,1368,1,5430,1,3,5435,T
2-PB1,1369,1,9,5453,1,5464,G
2-PB1,1370,5442,2,11,1,5456,A
2-PB1,1371,1,19,5467,0,5487,G
2-PB1,1372,2,11,5459,0,5472,G
2-PB1,1373,5,14,5499,0,5518,G
2-PB1,1374,5478,2,9,0,5489,A
2-PB1,1375,5568,1,7,2,5578,A
2-PB1,1376,0,5592,0,3,5595,T
2-PB1,1377,5613,0,8,0,5621,A
2-PB1,1378,3,2,0,5631,5636,C
2-PB1,1379,5636,2,4,1,5643,A
2-PB1,1380,5623,1,8,0,5632,A
2-PB1,1381,2,2,5606,0,5610,G
2-PB1,1382,0,1,0,5572,5573,C
2-PB1,1383,5539,0,3,0,5542,A
2-PB1,1384,1,7,5634,0,5642,G
2-PB1,1385,0,20,5627,0,5647,G
2-PB1,1386,5629,1,7,0,5637,A
2-PB1,1387,1,5,5726,0,5732,G
2-PB1,1388,1,5626,0,3,5630,T
2-PB1,1389,3,9,5713,0,5725,G
2-PB1,1390,195,4,5526,0,5725,G
2-PB1,1391,5705,0,7,0,5712,A
2-PB1,1392,0,5704,1,4,5709,T
2-PB1,1393,5580,1,6,0,5587,A
2-PB1,1394,3,8,5635,0,5646,G
2-PB1,1395,5631,0,3,1,5635,A
2-PB1,1396,0,5648,0,1,5649,T
2-PB1,1397,1,5610,0,4,5615,T
2-PB1,1398,7,1,1,5822,5831,C
2-PB1,1399,1,5808,0,1,5810,T
2-PB1,1400,5817,1,1,0,5819,A
2-PB1,1401,1,2,0,5815,5818,C
2-PB1,1402,5705,1,9,0,5715,A
2-PB1,1403,1,8,5708,1,5718,G
2-PB1,1404,1,16,5599,0,5616,G
2-PB1,1405,5685,2,4,0,5691,A
2-PB1,1406,3,3,0,5661,5667,C
2-PB1,1407,7,6,0,5490,5503,C
2-PB1,1408,3,5461,1,11,5476,T
2-PB1,1409,5,0,5488,0,5493,G
2-PB1,1410,5,0,0,5484,5489,C
2-PB1,1411,5492,0,4,1,5497,A
2-PB1,1412,5531,0,13,2,5546,A
2-PB1,1413,2,2,5566,0,5570,G
2-PB1,1414,1,5486,0,5,5492,T
2-PB1,1415,0,5481,1,2,5484,T
2-PB1,1416,5389,0,7,0,5396,A
2-PB1,1417,4,0,5421,0,5425,G
2-PB1,1418,0,5391,1,7,5399,T
2-PB1,1419,3,16,5376,0,5395,G
2-PB1,1420,4,10,5368,0,5382,G
2-PB1,1421,2,13,5437,0,5452,G
2-PB1,1422,5395,1,11,2,5409,A
2-PB1,1423,5437,1,1,0,5439,A
2-PB1,1424,3,5411,0,6,5420,T
2-PB1,1425,22,2,1,5419,5444,C
2-PB1,1426,5429,0,12,1,5442,A
2-PB1,1427,5456,1,6,0,5463,A
2-PB1,1428,4,0,0,5443,5447,C
2-PB1,1429,5427,0,5,0,5432,A
2-PB1,1430,0,5301,0,1,5302,T
2-PB1,1431,0,26,5291,0,5317,G
2-PB1,1432,5292,0,8,0,5300,A
2-PB1,1433,0,2,5369,0,5371,G
2-PB1,1434,4,4,0,5336,5344,C
2-PB1,1435,5326,0,5,0,5331,A
2-PB1,1436,5328,0,6,0,5334,A
2-PB1,1437,5315,1,7,2,5325,A
2-PB1,1438,5365,1,8,0,5374,A
2-PB1,1439,5373,1,7,1,5382,A
2-PB1,1440,2,5,5377,0,5384,G
2-PB1,1441,5286,1,5,0,5292,A
2-PB1,1442,5232,1,9,1,5243,A
2-PB1,1443,1,1,5463,0,5465,G
2-PB1,1444,0,5452,0,4,5456,T
2-PB1,1445,12,1,0,5454,5467,C
2-PB1,1446,17,2,0,5462,5481,C
2-PB1,1447,1,5454,1,3,5459,T
2-PB1,1448,5538,1,4,0,5543,A
2-PB1,1449,0,5537,0,2,5539,T
2-PB1,1450,5525,0,2,2,5529,A
2-PB1,1451,0,5539,0,1,5540,T
2-PB1,1452,5440,0,1,0,5441,A
2-PB1,1453,5443,1,2,0,5446,A
2-PB1,1454,5436,1,1,1,5439,A
2-PB1,1455,0,5430,0,3,5433,T
2-PB1,1456,5377,0,0,0,5377,A
2-PB1,1457,5358,0,3,1,5362,A
2-PB1,1458,5373,0,8,1,5382,A
2-PB1,1459,5392,1,6,1,5400,A
2-PB1,1460,2,0,0,5414,5416,C
2-PB1,1461,5171,1,6,0,5178,A
2-PB1,1462,5,10,5174,0,5189,G
2-PB1,1463,0,11,5154,0,5165,G
2-PB1,1464,2,18,5153,0,5173,G
2-PB1,1465,5170,0,3,0,5173,A
2-PB1,1466,2,2,0,5233,5237,C
2-PB1,1467,5197,0,4,1,5202,A
2-PB1,1468,0,5234,0,5,5239,T
2-PB1,1469,0,5225,0,11,5236,T
2-PB1,1470,1,5244,0,3,5248,T
2-PB1,1471,2,20,5230,0,5252,G
2-PB1,1472,5189,0,8,2,5199,A
2-PB1,1473,5223,0,7,0,5230,A
2-PB1,1474,0,5237,0,4,5241,T
2-PB1,1475,0,5107,0,8,5115,T
2-PB1,1476,19,1,0,5145,5165,C
2-PB1,1477,5127,0,4,0,5131,A
2-PB1,1478,1,2,0,5138,5141,C
2-PB1,1479,3,5124,0,5,5132,T
2-PB1,1480,5162,0,1,0,5163,A
2-PB1,1481,0,3,5156,0,5159,G
2-PB1,1482,3,2,0,5160,5165,C
2-PB1,1483,0,5097,0,9,5106,T
2-PB1,1484,1,5186,0,2,5189,T
2-PB1,1485,0,5145,0,12,5157,T
2-PB1,1486,0,5151,0,4,5155,T
2-PB1,1487,0,5146,0,2,5148,T
2-PB1,1488,0,5142,0,5,5147,T
2-PB1,1489,0,5128,0,2,5130,T
2-PB1,1490,5121,3,2,0,5126,A
2-PB1,1491,2,5088,1,1,5092,T
2-PB1,1492,8,5,0,5097,5110,C
2-PB1,1493,3,8,5137,0,5148,G
2-PB1,1494,5288,1,4,3,5296,A
2-PB1,1495,0,5320,0,3,5323,T
2-PB1,1496,5323,1,2,0,5326,A
2-PB1,1497,1,5377,1,6,5385,T
2-PB1,1498,3,17,5350,0,5370,G
2-PB1,1499,1,12,5406,0,5419,G
2-PB1,1500,5409,1,5,1,5416,A
2-PB1,1501,0,5387,0,1,5388,T
2-PB1,1502,1,5330,1,5,5337,T
2-PB1,1503,1,5198,2,2,5203,T
2-PB1,1504,0,1,5224,0,5225,G
2-PB1,1505,1,5179,0,5,5185,T
2-PB1,1506,2,10,5165,0,5177,G
2-PB1,1507,4,1,5187,0,5192,G
2-PB1,1508,2,2,0,5144,5148,C
2-PB1,1509,2,5140,0,3,5145,T
2-PB1,1510,5174,0,1,0,5175,A
2-PB1,1511,5210,1,1,2,5214,A
2-PB1,1512,0,5256,1,1,5258,T
2-PB1,1513,1,5240,0,5,5246,T
2-PB1,1514,2,5255,0,4,5261,T
2-PB1,1515,2,5240,0,5,5247,T
2-PB1,1516,5247,0,5,1,5253,A
2-PB1,1517,2,1,5305,0,5308,G
2-PB1,1518,3,1,0,5303,5307,C
2-PB1,1519,5300,0,4,0,5304,A
2-PB1,1520,0,5260,0,4,5264,T
2-PB1,1521,3,7,5186,0,5196,G
2-PB1,1522,0,10,5296,0,5306,G
2-PB1,1523,5261,0,4,0,5265,A
2-PB1,1524,4,0,5285,0,5289,G
2-PB1,1525,1,6,0,5264,5271,C
2-PB1,1526,1,5202,1,6,5210,T
2-PB1,1527,6,0,5266,0,5272,G
2-PB1,1528,3,4,1,5243,5251,C
2-PB1,1529,14,4,0,5216,5234,C
2-PB1,1530,16,2,0,5255,5273,C
2-PB1,1531,5190,0,4,0,5194,A
2-PB1,1532,1,1,5580,0,5582,G
2-PB1,1533,2,5559,0,10,5571,T
2-PB1,1534,1,5561,0,3,5565,T
2-PB1,1535,0,5573,0,4,5577,T
2-PB1,1536,0,5509,0,7,5516,T
2-PB1,1537,0,10,5467,0,5477,G
2-PB1,1538,1,18,5464,0,5483,G
2-PB1,1539,5419,0,13,0,5432,A
2-PB1,1540,0,1,5475,0,5476,G
2-PB1,1541,0,4955,2,4,4961,T
2-PB1,1542,3,1,5208,0,5212,G
2-PB1,1543,1,5195,0,2,5198,T
2-PB1,1544,20,1,0,5185,5206,C
2-PB1,1545,2,5211,0,6,5219,T
2-PB1,1546,5,5,5241,0,5251,G
2-PB1,1547,3,8,5300,0,5311,G
2-PB1,1548,5319,0,8,0,5327,A
2-PB1,1549,5326,0,10,0,5336,A
2-PB1,1550,1,5302,0,0,5303,T
2-PB1,1551,4953,0,2,1,4956,A
2-PB1,1552,4941,2,5,1,4949,A
2-PB1,1553,4934,0,8,0,4942,A
2-PB1,1554,1,2,0,4952,4955,C
2-PB1,1555,3,17,4891,0,4911,G
2-PB1,1556,4839,0,3,1,4843,A
2-PB1,1557,1,1,4854,0,4856,G
2-PB1,1558,0,4831,0,7,4838,T
2-PB1,1559,23,0,0,4838,4861,C
2-PB1,1560,4839,0,12,3,4854,A
2-PB1,1561,3,2,4949,0,4954,G
2-PB1,1562,0,2,0,4930,4932,C
2-PB1,1563,0,4913,1,4,4918,T
2-PB1,1564,2,7,5110,0,5119,G
2-PB1,1565,5077,1,5,0,5083,A
2-PB1,1566,1,5113,1,3,5118,T
2-PB1,1567,5111,1,3,1,5116,A
2-PB1,1568,0,5025,0,6,5031,T
2-PB1,1569,2,34,5017,0,5053,G
2-PB1,1570,4872,1,10,0,4883,A
2-PB1,1571,1,0,4994,0,4995,G
2-PB1,1572,2,2,2,5000,5006,C
2-PB1,1573,4752,0,1,0,4753,A
2-PB1,1574,0,4753,0,0,4753,T
2-PB1,1575,0,4727,0,7,4734,T
2-PB1,1576,0,6,4785,0,4791,G
2-PB1,1577,1,15,4952,0,4968,G
2-PB1,1578,4884,1,10,0,4895,A
2-PB1,1579,6,1,4913,0,4920,G
2-PB1,1580,1,4737,1,5,4744,T
2-PB1,1581,4725,1,6,0,4732,A
2-PB1,1582,4732,1,8,0,4741,A
2-PB1,1583,2,1,0,4780,4783,C
2-PB1,1584,4747,0,2,0,4749,A
2-PB1,1585,2,1,4865,0,4868,G
2-PB1,1586,0,4365,0,5,4370,T
2-PB1,1587,2,6,4424,0,4432,G
2-PB1,1588,4467,0,10,1,4478,A
2-PB1,1589,0,4473,0,3,4476,T
2-PB1,1590,4465,0,5,0,4470,A
2-PB1,1591,4466,0,3,1,4470,A
2-PB1,1592,4363,0,23,0,4386,A
2-PB1,1593,1,18,4428,1,4448,G
2-PB1,1594,4243,0,9,1,4253,A
2-PB1,1595,4256,1,5,0,4262,A
2-PB1,1596,1,2,0,4262,4265,C
2-PB1,1597,4117,1,1,1,4120,A
2-PB1,1598,4164,0,7,0,4171,A
2-PB1,1599,0,1,0,4180,4181,C
2-PB1,1600,4212,1,11,1,4225,A
2-PB1,1601,0,4204,10,5,4219,T
2-PB1,1602,2,13,4145,0,4160,G
2-PB1,1603,4158,0,9,1,4168,A
2-PB1,1604,0,4159,0,2,4161,T
2-PB1,1605,4131,0,4,0,4135,A
2-PB1,1606,4165,1,5,0,4171,A
2-PB1,1607,4159,2,10,1,4172,A
2-PB1,1608,2,4,0,4192,4198,C
2-PB1,1609,4058,1,0,1,4060,A
2-PB1,1610,4061,1,2,0,4064,A
2-PB1,1611,0,3990,0,4,3994,T
2-PB1,1612,1,19,3983,1,4004,G
2-PB1,1613,4091,1,1,0,4093,A
2-PB1,1614,2,1,0,4127,4130,C
2-PB1,1615,10,0,0,4086,4096,C
2-PB1,1616,1,3977,1,5,3984,T
2-PB1,1617,1,3922,0,3,3926,T
2-PB1,1618,1,13,3919,0,3933,G
2-PB1,1619,3,10,3948,0,3961,G
2-PB1,1620,4005,0,0,0,4005,A
2-PB1,1621,0,0,0,3982,3982,C
2-PB1,1622,7,2,0,3923,3932,C
2-PB1,1623,3868,1,12,0,3881,A
2-PB1,1624,3,1,3924,0,3928,G
2-PB1,1625,3,0,0,3910,3913,C
2-PB1,1626,3921,0,5,0,3926,A
2-PB1,1627,3913,1,6,0,3920,A
2-PB1,1628,0,3,0,3897,3900,C
2-PB1,1629,3854,0,6,0,3860,A
2-PB1,1630,2,2,3943,0,3947,G
2-PB1,1631,1,0,0,3928,3929,C
2-PB1,1632,4,1,0,3920,3925,C
2-PB1,1633,14,1,0,3908,3923,C
2-PB1,1634,3932,0,5,0,3937,A
2-PB1,1635,3924,0,7,0,3931,A
2-PB1,1636,3925,0,4,1,3930,A
2-PB1,1637,1,3920,1,3,3925,T
2-PB1,1638,2,5,3897,0,3904,G
2-PB1,1639,1,1,3834,0,3836,G
2-PB1,1640,2,0,0,3828,3830,C
2-PB1,1641,3,3789,0,8,3800,T
2-PB1,1642,3,0,0,3912,3915,C
2-PB1,1643,2,3883,1,7,3893,T
2-PB1,1644,11,2,0,3927,3940,C
2-PB1,1645,4,1,0,3945,3950,C
2-PB1,1646,3950,2,6,0,3958,A
2-PB1,1647,3963,0,2,0,3965,A
2-PB1,1648,0,3937,0,6,3943,T
2-PB1,1649,0,3893,0,2,3895,T
2-PB1,1650,2,0,3909,0,3911,G
2-PB1,1651,0,3831,0,5,3836,T
2-PB1,1652,0,3817,0,7,3824,T
2-PB1,1653,21,1,1,3816,3839,C
2-PB1,1654,3833,0,5,2,3840,A
2-PB1,1655,0,3821,0,9,3830,T
2-PB1,1656,5,2,0,3833,3840,C
2-PB1,1657,3860,0,3,1,3864,A
2-PB1,1658,3882,0,3,0,3885,A
2-PB1,1659,3861,1,9,0,3871,A
2-PB1,1660,2,7,3943,0,3952,G
2-PB1,1661,3944,0,3,0,3947,A
2-PB1,1662,0,3946,1,2,3949,T
2-PB1,1663,0,3966,0,2,3968,T
2-PB1,1664,3991,0,3,0,3994,A
2-PB1,1665,1,1,0,4053,4055,C
2-PB1,1666,4035,2,5,0,4042,A
2-PB1,1667,1,7,4088,0,4096,G
2-PB1,1668,4082,0,7,0,4089,A
2-PB1,1669,0,4140,0,1,4141,T
2-PB1,1670,4150,0,3,0,4153,A
2-PB1,1671,1,1,0,4388,4390,C
2-PB1,1672,4482,1,9,0,4492,A
2-PB1,1673,0,1,0,4817,4818,C
2-PB1,1674,4729,0,4,0,4733,A
2-PB1,1675,0,4751,0,2,4753,T
2-PB1,1676,4713,0,1,0,4714,A
2-PB1,1677,0,4681,1,3,4685,T
2-PB1,1678,4574,0,1,1,4576,A
2-PB1,1679,1,8,4570,0,4579,G
2-PB1,1680,0,2,4509,0,4511,G
2-PB1,1681,2,4251,0,6,4259,T
2-PB1,1682,1,2,4172,0,4175,G
2-PB1,1683,0,1,1,4329,4331,C
2-PB1,1684,10,1,0,4312,4323,C
2-PB1,1685,4390,1,4,0,4395,A
2-PB1,1686,0,4391,0,1,4392,T
2-PB1,1687,4397,1,3,0,4401,A
2-PB1,1688,0,5,4430,0,4435,G
2-PB1,1689,4301,0,8,0,4309,A
2-PB1,1690,1,8,4335,1,4345,G
2-PB1,1691,0,10,4323,0,4333,G
2-PB1,1692,4163,1,8,1,4173,A
2-PB1,1693,1,19,4169,0,4189,G
2-PB1,1694,4159,0,5,0,4164,A
2-PB1,1695,0,2,0,4176,4178,C
2-PB1,1696,4167,0,4,1,4172,A
2-PB1,1697,0,6,0,4223,4229,C
2-PB1,1698,4219,1,8,0,4228,A
2-PB1,1699,0,2,0,4223,4225,C
2-PB1,1700,4192,1,1,0,4194,A
2-PB1,1701,4200,0,5,0,4205,A
2-PB1,1702,4238,1,6,1,4246,A
2-PB1,1703,0,4212,0,5,4217,T
2-PB1,1704,7,2,0,4230,4239,C
2-PB1,1705,10,1,0,4228,4239,C
2-PB1,1706,4174,0,6,0,4180,A
2-PB1,1707,1,7,4183,0,4191,G
2-PB1,1708,4177,0,7,0,4184,A
2-PB1,1709,1,2,0,4225,4228,C
2-PB1,1710,2,19,4192,0,4213,G
2-PB1,1711,4160,1,3,0,4164,A
2-PB1,1712,0,5,4182,0,4187,G
2-PB1,1713,4187,0,6,0,4193,A
2-PB1,1714,4173,1,12,0,4186,A
2-PB1,1715,2,6,4204,0,4212,G
2-PB1,1716,4186,1,6,0,4193,A
2-PB1,1717,0,4165,1,5,4171,T
2-PB1,1718,18,1,0,4144,4163,C
2-PB1,1719,4164,0,4,0,4168,A
2-PB1,1720,0,4142,0,1,4143,T
2-PB1,1721,0,4135,0,1,4136,T
2-PB1,1722,11,4,0,4129,4144,C
2-PB1,1723,4,10,4141,0,4155,G
2-PB1,1724,4110,1,2,1,4114,A
2-PB1,1725,0,3,4140,0,4143,G
2-PB1,1726,4096,2,6,0,4104,A
2-PB1,1727,1,4268,0,3,4272,T
2-PB1,1728,4291,1,2,1,4295,A
2-PB1,1729,4305,1,3,0,4309,A
2-PB1,1730,4286,0,11,0,4297,A
2-PB1,1731,2,4,4314,0,4320,G
2-PB1,1732,4295,1,3,0,4299,A
2-PB1,1733,4179,0,9,1,4189,A
2-PB1,1734,1,1,4218,0,4220,G
2-PB1,1735,0,2,0,4228,4230,C
2-PB1,1736,0,4153,1,6,4160,T
2-PB1,1737,2,0,4189,0,4191,G
2-PB1,1738,1,4180,1,3,4185,T
2-PB1,1739,1,12,4139,0,4152,G
2-PB1,1740,2,10,4161,0,4173,G
2-PB1,1741,0,9,4205,0,4214,G
2-PB1,1742,4215,1,6,0,4222,A
2-PB1,1743,1,4175,0,2,4178,T
2-PB1,1744,13,1,0,4162,4176,C
2-PB1,1745,4186,0,5,0,4191,A
2-PB1,1746,4218,0,2,1,4221,A
2-PB1,1747,4235,0,3,0,4238,A
2-PB1,1748,1,1,0,4216,4218,C
2-PB1,1749,8,0,0,4184,4192,C
2-PB1,1750,21,0,0,4149,4170,C
2-PB1,1751,4170,0,2,0,4172,A
2-PB1,1752,4253,0,2,0,4255,A
2-PB1,1753,0,4212,0,4,4216,T
2-PB1,1754,12,0,0,4240,4252,C
2-PB1,1755,4204,1,6,0,4211,A
2-PB1,1756,4168,1,6,0,4175,A
2-PB1,1757,4,16,4230,0,4250,G
2-PB1,1758,0,12,4214,0,4226,G
2-PB1,1759,4,4,4223,0,4231,G
2-PB1,1760,0,3,0,4232,4235,C
2-PB1,1761,4162,1,5,0,4168,A
2-PB1,1762,0,5,4282,0,4287,G
2-PB1,1763,0,6,4310,1,4317,G
2-PB1,1764,4328,1,11,0,4340,A
2-PB1,1765,0,2,0,4387,4389,C
2-PB1,1766,0,4296,0,1,4297,T
2-PB1,1767,4381,1,3,0,4385,A
2-PB1,1768,0,4363,0,10,4373,T
2-PB1,1769,1,4365,1,5,4372,T
2-PB1,1770,5,10,4361,0,4376,G
2-PB1,1771,2,2,4359,0,4363,G
2-PB1,1772,0,4295,2,4,4301,T
2-PB1,1773,4302,0,2,2,4306,A
2-PB1,1774,1,4213,0,5,4219,T
2-PB1,1775,7,0,0,4233,4240,C
2-PB1,1776,4145,1,6,0,4152,A
2-PB1,1777,1,2,4170,0,4173,G
2-PB1,1778,4161,1,3,0,4165,A
2-PB1,1779,1,4141,0,2,4144,T
2-PB1,1780,0,19,3923,0,3942,G
2-PB1,1781,3,22,3921,0,3946,G
2-PB1,1782,2,13,3925,0,3940,G
2-PB1,1783,0,2,3945,0,3947,G
2-PB1,1784,0,15,3948,0,3963,G
2-PB1,1785,3936,1,7,0,3944,A
2-PB1,1786,1,0,0,3924,3925,C
2-PB1,1787,8,2,0,3898,3908,C
2-PB1,1788,3916,1,4,0,3921,A
2-PB1,1789,4234,0,7,0,4241,A
2-PB1,1790,4259,0,4,0,4263,A
2-PB1,1791,0,0,1,4367,4368,C
2-PB1,1792,0,4321,0,2,4323,T
2-PB1,1793,0,4307,0,2,4309,T
2-PB1,1794,4312,0,5,1,4318,A
2-PB1,1795,0,4310,0,6,4316,T
2-PB1,1796,4342,1,5,0,4348,A
2-PB1,1797,0,1,0,4344,4345,C
2-PB1,1798,3998,1,4,0,4003,A
2-PB1,1799,4013,0,4,0,4017,A
2-PB1,1800,1,3872,1,3,3877,T
2-PB1,1801,3932,0,2,0,3934,A
2-PB1,1802,0,3922,1,1,3924,T
2-PB1,1803,6,0,0,3913,3919,C
2-PB1,1804,4,1,0,3916,3921,C
2-PB1,1805,2,9,3916,0,3927,G
2-PB1,1806,0,9,3927,0,3936,G
2-PB1,1807,3928,0,1,0,3929,A
2-PB1,1808,3928,0,2,1,3931,A
2-PB1,1809,0,3929,0,2,3931,T
2-PB1,1810,4,2,0,3942,3948,C
2-PB1,1811,0,3923,0,8,3931,T
2-PB1,1812,0,3943,0,8,3951,T
2-PB1,1813,6,1,0,3949,3956,C
2-PB1,1814,3948,3,8,0,3959,A
2-PB1,1815,0,1,0,3967,3968,C
2-PB1,1816,3932,1,5,0,3938,A
2-PB1,1817,1,4266,1,7,4275,T
2-PB1,1818,6,1,0,4304,4311,C
2-PB1,1819,12,1,0,4283,4296,C
2-PB1,1820,14,3,0,4314,4331,C
2-PB1,1821,1,4303,0,11,4315,T
2-PB1,1822,0,5,4310,0,4315,G
2-PB1,1823,4313,0,4,0,4317,A
2-PB1,1824,4305,0,7,1,4313,A
2-PB1,1825,1,1,4320,0,4322,G
2-PB1,1826,0,3986,0,0,3986,T
2-PB1,1827,8,0,0,3995,4003,C
2-PB1,1828,1,3936,0,1,3938,T
2-PB1,1829,1,0,4078,0,4079,G
2-PB1,1830,1,2,0,4067,4070,C
2-PB1,1831,2,4049,2,10,4063,T
2-PB1,1832,0,4064,0,3,4067,T
2-PB1,1833,4062,0,0,0,4062,A
2-PB1,1834,4062,1,6,0,4069,A
2-PB1,1835,4082,0,3,0,4085,A
2-PB1,1836,2,0,4110,0,4112,G
2-PB1,1837,1,4049,0,1,4051,T
2-PB1,1838,0,9,3938,0,3947,G
2-PB1,1839,0,8,3911,0,3919,G
2-PB1,1840,4,17,3935,0,3956,G
2-PB1,1841,3920,0,8,0,3928,A
2-PB1,1842,0,2,3961,0,3963,G
2-PB1,1843,5,2,1,3937,3945,C
2-PB1,1844,1,3919,0,7,3927,T
2-PB1,1845,3,4,3937,0,3944,G
2-PB1,1846,3935,1,3,0,3939,A
2-PB1,1847,0,3943,0,1,3944,T
2-PB1,1848,2,11,3944,0,3957,G
2-PB1,1849,2,3,3954,0,3959,G
2-PB1,1850,3932,2,7,1,3942,A
2-PB1,1851,0,3926,0,1,3927,T
2-PB1,1852,0,14,3909,0,3923,G
2-PB1,1853,3902,0,3,0,3905,A
2-PB1,1854,2,12,3951,1,3966,G
2-PB1,1855,3928,1,10,1,3940,A
2-PB1,1856,3951,0,2,0,3953,A
2-PB1,1857,0,3926,0,3,3929,T
2-PB1,1858,0,3889,0,1,3890,T
2-PB1,1859,3898,1,7,0,3906,A
2-PB1,1860,1,3901,0,1,3903,T
2-PB1,1861,6,0,0,3896,3902,C
2-PB1,1862,3,7,3907,0,3917,G
2-PB1,1863,0,16,3855,0,3871,G
2-PB1,1864,1,7,3841,1,3850,G
2-PB1,1865,3,8,3851,0,3862,G
2-PB1,1866,3833,1,1,0,3835,A
2-PB1,1867,3839,0,9,0,3848,A
2-PB1,1868,2,9,3853,0,3864,G
2-PB1,1869,3890,1,3,0,3894,A
2-PB1,1870,1,1,0,3948,3950,C
2-PB1,1871,0,3873,1,2,3876,T
2-PB1,1872,0,3950,1,2,3953,T
2-PB1,1873,0,3955,0,2,3957,T
2-PB1,1874,0,0,4002,0,4002,G
2-PB1,1875,2,3976,1,16,3995,T
2-PB1,1876,3975,0,3,0,3978,A
2-PB1,1877,3967,0,5,0,3972,A
2-PB1,1878,0,3881,1,5,3887,T
2-PB1,1879,6,0,0,3921,3927,C
2-PB1,1880,14,0,0,3891,3905,C
2-PB1,1881,9,2,0,3887,3898,C
2-PB1,1882,8,0,0,3913,3921,C
2-PB1,1883,2,3876,0,5,3883,T
2-PB1,1884,1,12,3871,0,3884,G
2-PB1,1885,3874,0,3,0,3877,A
2-PB1,1886,3890,0,4,0,3894,A
2-PB1,1887,0,3887,0,7,3894,T
2-PB1,1888,11,0,0,3840,3851,C
2-PB1,1889,7,0,0,3819,3826,C
2-PB1,1890,13,0,1,3799,3813,C
2-PB1,1891,0,3783,1,9,3793,T
2-PB1,1892,0,3800,0,7,3807,T
2-PB1,1893,0,3789,1,6,3796,T
2-PB1,1894,3,0,3795,0,3798,G
2-PB1,1895,1,3777,1,2,3781,T
2-PB1,1896,8,1,0,3762,3771,C
2-PB1,1897,3721,2,0,0,3723,A
2-PB1,1898,0,0,3779,0,3779,G
2-PB1,1899,1,0,0,3765,3766,C
2-PB1,1900,5,2,0,3761,3768,C
2-PB1,1901,3776,0,9,0,3785,A
2-PB1,1902,0,3782,0,6,3788,T
2-PB1,1903,3782,0,2,0,3784,A
2-PB1,1904,3788,0,3,0,3791,A
2-PB1,1905,3787,0,4,0,3791,A
2-PB1,1906,0,3,3853,0,3856,G
2-PB1,1907,3736,2,6,0,3744,A
2-PB1,1908,3758,0,5,0,3763,A
2-PB1,1909,3759,0,8,0,3767,A
2-PB1,1910,0,3751,1,1,3753,T
2-PB1,1911,0,3750,0,4,3754,T
2-PB1,1912,0,6,3761,0,3767,G
2-PB1,1913,3714,1,8,1,3724,A
2-PB1,1914,1,0,3826,1,3828,G
2-PB1,1915,0,3799,1,6,3806,T
2-PB1,1916,15,3,0,3823,3841,C
2-PB1,1917,1,3826,1,4,3832,T
2-PB1,1918,1,1,3934,0,3936,G
2-PB1,1919,1,3925,0,5,3931,T
2-PB1,1920,3986,0,3,0,3989,A
2-PB1,1921,3958,0,12,0,3970,A
2-PB1,1922,3971,0,2,1,3974,A
2-PB1,1923,0,0,0,3986,3986,C
2-PB1,1924,3860,1,2,2,3865,A
2-PB1,1925,3971,0,5,0,3976,A
2-PB1,1926,1,3959,0,1,3961,T
2-PB1,1927,0,1,3957,0,3958,G
2-PB1,1928,0,0,0,3989,3989,C
2-PB1,1929,0,3916,0,5,3921,T
2-PB1,1930,6,0,4082,0,4088,G
2-PB1,1931,2,4075,0,4,4081,T
2-PB1,1932,4163,0,3,0,4166,A
2-PB1,1933,0,1,4171,0,4172,G
2-PB1,1934,0,4050,0,2,4052,T
2-PB1,1935,4013,0,5,0,4018,A
2-PB1,1936,3992,2,1,0,3995,A
2-PB1,1937,0,3956,0,2,3958,T
2-PB1,1938,4,2,3936,0,3942,G
2-PB1,1939,1,1,0,3880,3882,C
2-PB1,1940,3,1,0,3846,3850,C
2-PB1,1941,3758,2,9,1,3770,A
2-PB1,1942,1,2,3813,0,3816,G
2-PB1,1943,1,1,0,3940,3942,C
2-PB1,1944,8,1,0,3923,3932,C
2-PB1,1945,8,3,0,3919,3930,C
2-PB1,1946,3910,0,3,0,3913,A
2-PB1,1947,0,3904,0,7,3911,T
2-PB1,1948,1,12,3902,0,3915,G
2-PB1,1949,2,0,3916,0,3918,G
2-PB1,1950,3,3890,0,8,3901,T
2-PB1,1951,9,1,0,3849,3859,C
2-PB1,1952,9,4,1,3711,3725,C
2-PB1,1953,5,3,3756,0,3764,G
2-PB1,1954,3,1,3779,0,3783,G
2-PB1,1955,2,0,1,3770,3773,C
2-PB1,1956,11,4,1,3753,3769,C
2-PB1,1957,3783,0,2,0,3785,A
2-PB1,1958,3794,1,4,0,3799,A
2-PB1,1959,3811,0,0,0,3811,A
2-PB1,1960,3813,0,3,0,3816,A
2-PB1,1961,0,0,3896,0,3896,G
2-PB1,1962,1,3779,0,1,3781,T
2-PB1,1963,3813,0,1,0,3814,A
2-PB1,1964,1,3795,0,8,3804,T
2-PB1,1965,0,11,3807,0,3818,G
2-PB1,1966,0,8,3904,0,3912,G
2-PB1,1967,3875,2,1,0,3878,A
2-PB1,1968,3929,0,7,0,3936,A
2-PB1,1969,0,3919,0,0,3919,T
2-PB1,1970,3850,0,5,0,3855,A
2-PB1,1971,0,3842,0,5,3847,T
2-PB1,1972,0,9,3808,0,3817,G
2-PB1,1973,3819,0,1,0,3820,A
2-PB1,1974,1,3793,1,3,3798,T
2-PB1,1975,1,0,3672,0,3673,G
2-PB1,1976,1,2,0,3690,3693,C
2-PB1,1977,13,2,0,3635,3650,C
2-PB1,1978,3,0,3662,0,3665,G
2-PB1,1979,1,3651,1,2,3655,T
2-PB1,1980,1,3652,0,4,3657,T
2-PB1,1981,0,3,3656,0,3659,G
2-PB1,1982,1,2,0,3704,3707,C
2-PB1,1983,3700,2,6,0,3708,A
2-PB1,1984,3711,0,7,0,3718,A
2-PB1,1985,0,1,0,3700,3701,C
2-PB1,1986,3657,1,0,0,3658,A
2-PB1,1987,3743,0,1,0,3744,A
2-PB1,1988,0,2,0,3735,3737,C
2-PB1,1989,3739,0,6,0,3745,A
2-PB1,1990,1,0,0,3762,3763,C
2-PB1,1991,3632,0,4,0,3636,A
2-PB1,1992,0,2,0,3880,3882,C
2-PB1,1993,0,3794,0,8,3802,T
2-PB1,1994,9,1,0,3848,3858,C
2-PB1,1995,5,1,0,3849,3855,C
2-PB1,1996,3,3811,1,7,3822,T
2-PB1,1997,2,8,3805,1,3816,G
2-PB1,1998,0,4,3806,0,3810,G
2-PB1,1999,3797,2,1,0,3800,A
2-PB1,2000,0,3796,0,2,3798,T
2-PB1,2001,0,3534,0,4,3538,T
2-PB1,2002,9,1,0,3609,3619,C
2-PB1,2003,6,0,0,3581,3587,C
2-PB1,2004,13,1,0,3590,3604,C
2-PB1,2005,3616,0,0,1,3617,A
2-PB1,2006,3603,0,5,0,3608,A
2-PB1,2007,2,6,3616,0,3624,G
2-PB1,2008,3586,0,5,0,3591,A
2-PB1,2009,0,4,3586,0,3590,G
2-PB1,2010,4,8,3585,0,3597,G
2-PB1,2011,3527,1,1,1,3530,A
2-PB1,2012,3525,1,4,0,3530,A
2-PB1,2013,0,2,0,3527,3529,C
2-PB1,2014,4,0,0,3497,3501,C
2-PB1,2015,1,2,3570,0,3573,G
2-PB1,2016,0,0,0,3569,3569,C
2-PB1,2017,0,3531,0,5,3536,T
2-PB1,2018,10,0,0,3575,3585,C
2-PB1,2019,0,3537,2,5,3544,T
2-PB1,2020,3838,1,2,1,3842,A
2-PB1,2021,0,3855,0,6,3861,T
2-PB1,2022,1,3867,0,2,3870,T
2-PB1,2023,9,1,0,3873,3883,C
2-PB1,2024,0,3713,0,6,3719,T
2-PB1,2025,3731,0,1,0,3732,A
2-PB1,2026,3727,0,2,1,3730,A
2-PB1,2027,3736,1,2,0,3739,A
2-PB1,2028,1,1,0,3740,3742,C
2-PB1,2029,3416,1,3,0,3420,A
2-PB1,2030,0,0,0,3419,3419,C
2-PB1,2031,3348,1,4,0,3353,A
2-PB1,2032,3401,0,5,0,3406,A
2-PB1,2033,0,0,3440,0,3440,G
2-PB1,2034,1,3,0,3418,3422,C
2-PB1,2035,5,1,0,3429,3435,C
2-PB1,2036,3404,1,2,0,3407,A
2-PB1,2037,3393,0,6,0,3399,A
2-PB1,2038,3385,0,5,0,3390,A
2-PB1,2039,1,13,3410,0,3424,G
2-PB1,2040,2,6,3416,0,3424,G
2-PB1,2041,2,3,3359,0,3364,G
2-PB1,2042,1,10,3359,0,3370,G
2-PB1,2043,3338,1,5,0,3344,A
2-PB1,2044,3368,0,2,0,3370,A
2-PB1,2045,1,3369,0,0,3370,T
2-PB1,2046,0,3367,0,4,3371,T
2-PB1,2047,9,1,0,3377,3387,C
2-PB1,2048,0,3350,0,2,3352,T
2-PB1,2049,0,3346,0,2,3348,T
2-PB1,2050,1,4,3341,0,3346,G
2-PB1,2051,3345,1,3,0,3349,A
2-PB1,2052,0,7,3355,0,3362,G
2-PB1,2053,1,2,3351,0,3354,G
2-PB1,2054,3342,0,2,0,3344,A
2-PB1,2055,1,3321,1,3,3326,T
2-PB1,2056,1,25,3334,1,3361,G
2-PB1,2057,3350,0,5,1,3356,A
2-PB1,2058,3354,0,10,0,3364,A
2-PB1,2059,1,3,0,3386,3390,C
2-PB1,2060,3329,1,5,0,3335,A
2-PB1,2061,3,5,3377,0,3385,G
2-PB1,2062,3352,0,11,0,3363,A
2-PB1,2063,1,3351,1,5,3358,T
2-PB1,2064,0,0,3389,0,3389,G
2-PB1,2065,2,3471,0,4,3477,T
2-PB1,2066,3487,1,3,0,3491,A
2-PB1,2067,2,3,2,3467,3474,C
2-PB1,2068,14,2,0,3429,3445,C
2-PB1,2069,3398,1,1,0,3400,A
2-PB1,2070,1,3,3354,0,3358,G
2-PB1,2071,3287,0,0,0,3287,A
2-PB1,2072,3274,0,5,0,3279,A
2-PB1,2073,0,0,3321,0,3321,G
2-PB1,2074,1,3115,0,2,3118,T
2-PB1,2075,2,0,3117,1,3120,G
2-PB1,2076,1,0,1,3118,3120,C
2-PB1,2077,1,3118,0,5,3124,T
2-PB1,2078,2,1,3128,0,3131,G
2-PB1,2079,0,1,0,3112,3113,C
2-PB1,2080,3113,0,5,0,3118,A
2-PB1,2081,3130,0,1,0,3131,A
2-PB1,2082,1,2,0,3076,3079,C
2-PB1,2083,0,3064,0,5,3069,T
2-PB1,2084,0,3040,0,0,3040,T
2-PB1,2085,4,0,3040,0,3044,G
2-PB1,2086,1,3036,1,1,3039,T
2-PB1,2087,1,3035,0,4,3040,T
2-PB1,2088,15,0,0,3020,3035,C
2-PB1,2089,2,13,3016,0,3031,G
2-PB1,2090,3014,0,6,0,3020,A
2-PB1,2091,0,3,3029,0,3032,G
2-PB1,2092,3026,1,1,0,3028,A
2-PB1,2093,3029,1,1,2,3033,A
2-PB1,2094,3036,0,2,0,3038,A
2-PB1,2095,0,3023,0,3,3026,T
2-PB1,2096,0,3038,0,2,3040,T
2-PB1,2097,0,3029,0,4,3033,T
2-PB1,2098,0,3040,0,3,3043,T
2-PB1,2099,0,3034,0,4,3038,T
2-PB1,2100,8,0,0,3034,3042,C
2-PB1,2101,5,0,1,3036,3042,C
2-PB1,2102,8,1,0,3044,3053,C
2-PB1,2103,0,3036,0,2,3038,T
2-PB1,2104,3046,0,0,1,3047,A
2-PB1,2105,1,1,3073,0,3075,G
2-PB1,2106,0,3067,0,4,3071,T
2-PB1,2107,3105,0,0,0,3105,A
2-PB1,2108,0,0,3115,0,3115,G
2-PB1,2109,1,3082,4,7,3094,T
2-PB1,2110,1,3210,0,4,3215,T
2-PB1,2111,25,1,0,3211,3237,C
2-PB1,2112,3304,0,2,0,3306,A
2-PB1,2113,0,3314,0,0,3314,T
2-PB1,2114,3297,1,7,0,3305,A
2-PB1,2115,1,3306,0,1,3308,T
2-PB1,2116,3187,0,3,0,3190,A
2-PB1,2117,0,2,3186,0,3188,G
2-PB1,2118,0,6,3151,0,3157,G
2-PB1,2119,2847,0,8,0,2855,A
2-PB1,2120,0,16,2853,0,2869,G
2-PB1,2121,2688,0,4,0,2692,A
2-PB1,2122,2,0,0,2684,2686,C
2-PB1,2123,11,0,0,2580,2591,C
2-PB1,2124,0,3,2586,1,2590,G
2-PB1,2125,2575,0,6,0,2581,A
2-PB1,2126,1,2563,1,1,2566,T
2-PB1,2127,1,2557,0,1,2559,T
2-PB1,2128,0,2,2564,0,2566,G
2-PB1,2129,0,6,2558,0,2564,G
2-PB1,2130,2565,0,1,0,2566,A
2-PB1,2131,2574,1,0,0,2575,A
2-PB1,2132,0,2546,0,3,2549,T
2-PB1,2133,1,2557,0,1,2559,T
2-PB1,2134,0,2562,0,2,2564,T
2-PB1,2135,4,0,0,2568,2572,C
2-PB1,2136,0,2574,0,2,2576,T
2-PB1,2137,2567,1,3,0,2571,A
2-PB1,2138,0,1,2577,0,2578,G
2-PB1,2139,2,1,0,2560,2563,C
2-PB1,2140,2560,1,3,0,2564,A
2-PB1,2141,1,2551,0,1,2553,T
2-PB1,2142,0,5,2531,0,2536,G
2-PB1,2143,2,1,2620,0,2623,G
2-PB1,2144,1,2613,1,3,2618,T
2-PB1,2145,0,2,2608,0,2610,G
2-PB1,2146,2,2,2607,0,2611,G
2-PB1,2147,2575,1,8,0,2584,A
2-PB1,2148,0,1,2603,0,2604,G
2-PB1,2149,1,1,2589,0,2591,G
2-PB1,2150,0,0,0,2566,2566,C
2-PB1,2151,4,1,0,2554,2559,C
2-PB1,2152,2385,1,3,0,2389,A
2-PB1,2153,1,2385,0,3,2389,T
2-PB1,2154,0,6,2394,0,2400,G
2-PB1,2155,2,0,2424,0,2426,G
2-PB1,2156,0,2366,0,2,2368,T
2-PB1,2157,0,0,2404,0,2404,G
2-PB1,2158,3,2339,0,2,2344,T
2-PB1,2159,5,0,0,2338,2343,C
2-PB1,2160,0,2347,0,4,2351,T
2-PB1,2161,2318,0,0,1,2319,A
2-PB1,2162,1,6,2305,0,2312,G
2-PB1,2163,2,6,2253,0,2261,G
2-PB1,2164,1,3,2236,0,2240,G
2-PB1,2165,3,1,0,2184,2188,C
2-PB1,2166,3,0,0,2060,2063,C
2-PB1,2167,5,0,1,2007,2013,C
2-PB1,2168,0,7,2007,0,2014,G
2-PB1,2169,1,4,2022,0,2027,G
2-PB1,2170,2017,0,1,0,2018,A
2-PB1,2171,0,2021,0,0,2021,T
2-PB1,2172,1,1958,0,0,1959,T
2-PB1,2173,2,2,1937,0,1941,G
2-PB1,2174,1928,0,1,0,1929,A
2-PB1,2175,0,1936,0,4,1940,T
2-PB1,2176,0,2,1933,0,1935,G
2-PB1,2177,1,2,0,1911,1914,C
2-PB1,2178,6,1,0,1908,1915,C
2-PB1,2179,1903,0,2,0,1905,A
2-PB1,2180,1,4,1899,0,1904,G
2-PB1,2181,1897,0,2,0,1899,A
2-PB1,2182,1899,1,1,0,1901,A
2-PB1,2183,0,1903,1,0,1904,T
2-PB1,2184,0,1853,0,3,1856,T
2-PB1,2185,1,7,1855,0,1863,G
2-PB1,2186,1851,0,3,0,1854,A
2-PB1,2187,2,0,0,1847,1849,C
2-PB1,2188,0,1827,0,2,1829,T
2-PB1,2189,1,1809,0,2,1812,T
2-PB1,2190,1,1,0,1810,1812,C
2-PB1,2191,0,2,1816,1,1819,G
2-PB1,2192,1801,0,0,0,1801,A
2-PB1,2193,0,0,1792,0,1792,G
2-PB1,2194,0,1808,0,2,1810,T
2-PB1,2195,5,0,1,1803,1809,C
2-PB1,2196,1,1816,0,2,1819,T
2-PB1,2197,1,2,1814,0,1817,G
2-PB1,2198,0,1,1812,0,1813,G
2-PB1,2199,1809,0,0,0,1809,A
2-PB1,2200,1688,0,4,0,1692,A
2-PB1,2201,0,1,1706,0,1707,G
2-PB1,2202,2,2,1722,0,1726,G
2-PB1,2203,1723,0,3,0,1726,A
2-PB1,2204,1,1707,0,1,1709,T
2-PB1,2205,0,1718,0,0,1718,T
2-PB1,2206,1704,0,3,0,1707,A
2-PB1,2207,1700,0,6,0,1706,A
2-PB1,2208,0,2,1702,0,1704,G
2-PB1,2209,1691,0,4,0,1695,A
2-PB1,2210,1605,0,5,0,1610,A
2-PB1,2211,0,5,1503,0,1508,G
2-PB1,2212,1,2,1504,0,1507,G
2-PB1,2213,1501,0,3,1,1505,A
2-PB1,2214,1498,0,2,0,1500,A
2-PB1,2215,0,3,1494,1,1498,G
2-PB1,2216,1425,0,1,0,1426,A
2-PB1,2217,3,0,1426,0,1429,G
2-PB1,2218,0,1370,0,1,1371,T
2-PB1,2219,0,1351,0,1,1352,T
2-PB1,2220,6,0,1,1363,1370,C
2-PB1,2221,1,1333,0,0,1334,T
2-PB1,2222,6,0,0,1331,1337,C
2-PB1,2223,2,1316,1,1,1320,T
2-PB1,2224,0,0,1322,0,1322,G
2-PB1,2225,1282,0,4,0,1286,A
2-PB1,2226,0,0,1278,0,1278,G
2-PB1,2227,1252,0,5,0,1257,A
2-PB1,2228,0,1233,0,0,1233,T
2-PB1,2229,3,0,0,1168,1171,C
2-PB1,2230,1167,0,3,0,1170,A
2-PB1,2231,0,1160,0,0,1160,T
2-PB1,2232,0,2,1161,0,1163,G
2-PB1,2233,1144,0,0,0,1144,A
2-PB1,2234,0,4,1068,0,1072,G
2-PB1,2235,0,0,1082,0,1082,G
2-PB1,2236,1078,0,3,0,1081,A
2-PB1,2237,0,1077,0,0,1077,T
2-PB1,2238,1,1,0,1069,1071,C
2-PB1,2239,0,1018,0,0,1018,T
2-PB1,2240,0,0,1018,0,1018,G
2-PB1,2241,1,1005,0,3,1009,T
2-PB1,2242,0,999,0,2,1001,T
2-PB1,2243,5,2,0,977,984,C
2-PB1,2244,1,1,0,926,928,C
2-PB1,2245,921,1,4,0,926,A
2-PB1,2246,1,0,0,926,927,C
2-PB1,2247,1,0,0,883,884,C
2-PB1,2248,852,0,0,0,852,A
2-PB1,2249,0,800,0,0,800,T
2-PB1,2250,0,761,0,1,762,T
2-PB1,2251,0,2,765,0,767,G
2-PB1,2252,763,0,0,0,763,A
2-PB1,2253,757,0,1,0,758,A
2-PB1,2254,0,2,754,0,756,G
2-PB1,2255,642,0,1,0,643,A
2-PB1,2256,639,0,3,0,642,A
2-PB1,2257,0,0,0,634,634,C
2-PB1,2258,0,604,0,2,606,T
2-PB1,2259,3,0,0,606,609,C
2-PB1,2260,588,0,2,0,590,A
2-PB1,2261,0,1,590,0,591,G
2-PB1,2262,590,0,1,0,591,A
2-PB1,2263,0,1,0,560,561,C
2-PB1,2264,1,1,543,0,545,G
2-PB1,2265,2,0,526,0,528,G
2-PB1,2266,0,0,0,523,523,C
2-PB1,2267,522,0,1,0,523,A
2-PB1,2268,520,0,0,0,520,A
2-PB1,2269,519,0,0,0,519,A
2-PB1,2270,519,0,1,0,520,A
2-PB1,2271,519,0,0,0,519,A
2-PB1,2272,0,508,0,0,508,T
2-PB1,2273,495,0,0,0,495,A
2-PB1,2274,492,0,0,0,492,A
3-PA,1,244,0,0,0,244,A
3-PA,2,0,245,0,0,245,T
3-PA,3,0,0,275,0,275,G
3-PA,4,0,2,275,0,277,G
3-PA,5,278,0,0,0,278,A
3-PA,6,274,0,0,1,275,A
3-PA,7,1,2,283,0,286,G
3-PA,8,302,0,0,0,302,A
3-PA,9,0,306,0,0,306,T
3-PA,10,0,303,0,0,303,T
3-PA,11,0,317,0,0,317,T
3-PA,12,0,318,0,0,318,T
3-PA,13,0,0,330,0,330,G
3-PA,14,0,330,0,0,330,T
3-PA,15,0,0,326,0,326,G
3-PA,16,0,0,0,343,343,C
3-PA,17,0,1,343,0,344,G
3-PA,18,387,0,1,0,388,A
3-PA,19,0,0,0,397,397,C
3-PA,20,397,0,0,0,397,A
3-PA,21,397,1,1,0,399,A
3-PA,22,0,413,0,0,413,T
3-PA,23,1,0,480,0,481,G
3-PA,24,0,1,0,498,499,C
3-PA,25,0,499,0,0,499,T
3-PA,26,1,497,0,2,500,T
3-PA,27,1,0,0,501,502,C
3-PA,28,507,0,0,0,507,A
3-PA,29,518,0,0,0,518,A
3-PA,30,0,0,0,543,543,C
3-PA,31,2,0,0,540,542,C
3-PA,32,2,0,0,543,545,C
3-PA,33,0,1,546,0,547,G
3-PA,34,548,0,0,0,548,A
3-PA,35,0,550,0,0,550,T
3-PA,36,0,1,552,0,553,G
3-PA,37,557,0,0,0,557,A
3-PA,38,0,580,0,0,580,T
3-PA,39,0,579,0,0,579,T
3-PA,40,0,0,589,0,589,G
3-PA,41,0,589,0,2,591,T
3-PA,42,1,0,0,589,590,C
3-PA,43,1,5,584,0,590,G
3-PA,44,597,0,0,0,597,A
3-PA,45,599,0,1,0,600,A
3-PA,46,0,0,0,606,606,C
3-PA,47,0,603,0,4,607,T
3-PA,48,0,609,0,0,609,T
3-PA,49,0,0,607,0,607,G
3-PA,50,0,0,0,609,609,C
3-PA,51,608,2,0,0,610,A
3-PA,52,0,1,617,0,618,G
3-PA,53,615,0,0,0,615,A
3-PA,54,617,0,0,0,617,A
3-PA,55,617,0,0,0,617,A
3-PA,56,620,0,2,0,622,A
3-PA,57,630,0,3,0,633,A
3-PA,58,0,0,643,0,643,G
3-PA,59,1,0,0,665,666,C
3-PA,60,664,0,1,0,665,A
3-PA,61,720,0,0,0,720,A
3-PA,62,0,720,0,0,720,T
3-PA,63,1,4,733,0,738,G
3-PA,64,752,0,0,0,752,A
3-PA,65,744,0,2,0,746,A
3-PA,66,762,0,0,0,762,A
3-PA,67,0,1,808,0,809,G
3-PA,68,852,1,2,0,855,A
3-PA,69,0,0,985,0,985,G
3-PA,70,0,980,0,1,981,T
3-PA,71,984,0,0,0,984,A
3-PA,72,0,980,0,0,980,T
3-PA,73,1,10,974,0,985,G
3-PA,74,2,5,985,0,992,G
3-PA,75,0,4,988,0,992,G
3-PA,76,0,2,996,0,998,G
3-PA,77,974,1,0,0,975,A
3-PA,78,0,3,970,1,974,G
3-PA,79,0,3,989,0,992,G
3-PA,80,978,0,2,0,980,A
3-PA,81,0,991,0,0,991,T
3-PA,82,1,0,0,1007,1008,C
3-PA,83,0,1002,1,3,1006,T
3-PA,84,0,1,1006,0,1007,G
3-PA,85,997,1,1,0,999,A
3-PA,86,1008,0,0,0,1008,A
3-PA,87,1005,0,1,0,1006,A
3-PA,88,1001,1,0,0,1002,A
3-PA,89,0,1007,0,1,1008,T
3-PA,90,0,1003,0,1,1004,T
3-PA,91,0,5,993,0,998,G
3-PA,92,996,0,1,0,997,A
3-PA,93,999,0,3,0,1002,A
3-PA,94,1004,0,0,0,1004,A
3-PA,95,0,1,0,1002,1003,C
3-PA,96,3,0,0,994,997,C
3-PA,97,1018,0,1,0,1019,A
3-PA,98,1017,0,2,0,1019,A
3-PA,99,0,0,0,1026,1026,C
3-PA,100,1022,0,0,0,1022,A
3-PA,101,1022,0,0,0,1022,A
3-PA,102,1028,1,3,0,1032,A
3-PA,103,0,1032,1,0,1033,T
3-PA,104,0,1031,0,0,1031,T
3-PA,105,0,1039,0,0,1039,T
3-PA,106,0,0,1039,0,1039,G
3-PA,107,1,0,0,1040,1041,C
3-PA,108,1046,0,1,0,1047,A
3-PA,109,0,0,1074,0,1074,G
3-PA,110,0,0,0,1085,1085,C
3-PA,111,1163,1,0,0,1164,A
3-PA,112,1180,0,1,0,1181,A
3-PA,113,0,1187,0,2,1189,T
3-PA,114,1213,0,3,0,1216,A
3-PA,115,0,1217,0,3,1220,T
3-PA,116,0,2,1233,0,1235,G
3-PA,117,0,0,0,1231,1231,C
3-PA,118,1218,0,5,0,1223,A
3-PA,119,1,0,0,1249,1250,C
3-PA,120,0,1221,0,1,1222,T
3-PA,121,9,0,0,1483,1492,C
3-PA,122,1518,0,0,0,1518,A
3-PA,123,0,0,0,1564,1564,C
3-PA,124,0,1556,0,4,1560,T
3-PA,125,1,1554,1,0,1556,T
3-PA,126,1,3,1557,0,1561,G
3-PA,127,0,2,1577,0,1579,G
3-PA,128,1548,1,4,0,1553,A
3-PA,129,1,3,1587,0,1591,G
3-PA,130,0,1,1582,0,1583,G
3-PA,131,0,1509,0,0,1509,T
3-PA,132,2,0,1580,0,1582,G
3-PA,133,0,1583,0,1,1584,T
3-PA,134,0,0,1627,0,1627,G
3-PA,135,0,1624,0,4,1628,T
3-PA,136,0,1619,0,0,1619,T
3-PA,137,0,1624,0,1,1625,T
3-PA,138,5,0,0,1630,1635,C
3-PA,139,1635,0,4,0,1639,A
3-PA,140,0,1636,0,2,1638,T
3-PA,141,3,1,1668,0,1672,G
3-PA,142,0,1642,0,2,1644,T
3-PA,143,1651,0,0,0,1651,A
3-PA,144,0,1649,0,0,1649,T
3-PA,145,0,1644,0,2,1646,T
3-PA,146,3,0,0,1641,1644,C
3-PA,147,1641,1,0,0,1642,A
3-PA,148,1,8,1664,0,1673,G
3-PA,149,1660,0,3,0,1663,A
3-PA,150,0,1665,0,1,1666,T
3-PA,151,0,1656,0,1,1657,T
3-PA,152,0,1653,0,2,1655,T
3-PA,153,5,0,0,1647,1652,C
3-PA,154,3,1,0,1686,1690,C
3-PA,155,1688,0,0,0,1688,A
3-PA,156,0,1696,0,1,1697,T
3-PA,157,0,1688,0,3,1691,T
3-PA,158,0,1696,0,1,1697,T
3-PA,159,2,0,1,1701,1704,C
3-PA,160,1705,0,6,0,1711,A
3-PA,161,0,1775,0,2,1777,T
3-PA,162,6,0,1,1772,1779,C
3-PA,163,1776,0,1,0,1777,A
3-PA,164,1781,0,0,0,1781,A
3-PA,165,0,1778,0,3,1781,T
3-PA,166,0,12,1818,0,1830,G
3-PA,167,1834,0,4,0,1838,A
3-PA,168,1831,0,3,0,1834,A
3-PA,169,0,3,0,1833,1836,C
3-PA,170,1814,0,3,1,1818,A
3-PA,171,1825,0,5,0,1830,A
3-PA,172,0,0,1837,0,1837,G
3-PA,173,0,0,1828,0,1828,G
3-PA,174,0,0,1,1845,1846,C
3-PA,175,4,10,1818,0,1832,G
3-PA,176,1937,0,2,0,1939,A
3-PA,177,1942,0,4,0,1946,A
3-PA,178,0,1951,1,2,1954,T
3-PA,179,2,0,0,1988,1990,C
3-PA,180,1981,1,1,0,1983,A
3-PA,181,1987,0,1,0,1988,A
3-PA,182,0,1997,0,2,1999,T
3-PA,183,1993,0,1,0,1994,A
3-PA,184,1,2,2046,0,2049,G
3-PA,185,0,2048,0,0,2048,T
3-PA,186,1,9,2054,0,2064,G
3-PA,187,1,1,2063,0,2065,G
3-PA,188,1,2049,0,1,2051,T
3-PA,189,2054,0,0,0,2054,A
3-PA,190,1,4,2081,0,2086,G
3-PA,191,2079,0,2,1,2082,A
3-PA,192,2090,0,2,0,2092,A
3-PA,193,0,1,0,2081,2082,C
3-PA,194,1,2046,1,3,2051,T
3-PA,195,0,2039,0,3,2042,T
3-PA,196,0,8,2034,0,2042,G
3-PA,197,2033,0,3,0,2036,A
3-PA,198,0,0,0,2044,2044,C
3-PA,199,3,8,2020,0,2031,G
3-PA,200,2084,0,0,1,2085,A
3-PA,201,0,2113,0,0,2113,T
3-PA,202,4,0,0,2135,2139,C
3-PA,203,6,2,0,2161,2169,C
3-PA,204,2169,0,2,0,2171,A
3-PA,205,2169,1,0,0,2170,A
3-PA,206,2171,0,2,0,2173,A
3-PA,207,0,2174,0,5,2179,T
3-PA,208,2,1,2177,0,2180,G
3-PA,209,1,0,0,2160,2161,C
3-PA,210,2123,0,1,0,2124,A
3-PA,211,0,0,0,2181,2181,C
3-PA,212,0,2173,0,0,2173,T
3-PA,213,0,2,2165,0,2167,G
3-PA,214,0,2,0,2160,2162,C
3-PA,215,0,2328,0,1,2329,T
3-PA,216,2327,0,0,0,2327,A
3-PA,217,2324,0,4,0,2328,A
3-PA,218,2322,0,7,0,2329,A
3-PA,219,2,1,2344,0,2347,G
3-PA,220,1,0,0,2306,2307,C
3-PA,221,2276,1,0,0,2277,A
3-PA,222,0,0,0,2279,2279,C
3-PA,223,2195,0,3,0,2198,A
3-PA,224,0,4,2285,0,2289,G
3-PA,225,2274,0,0,0,2274,A
3-PA,226,1,2278,1,0,2280,T
3-PA,227,0,2271,1,1,2273,T
3-PA,228,1,2270,0,3,2274,T
3-PA,229,0,5,2279,0,2284,G
3-PA,230,2285,1,1,0,2287,A
3-PA,231,2295,0,0,0,2295,A
3-PA,232,2293,0,3,0,2296,A
3-PA,233,0,2230,0,1,2231,T
3-PA,234,2221,0,1,0,2222,A
3-PA,235,2259,0,1,0,2260,A
3-PA,236,1,2254,0,0,2255,T
3-PA,237,2,1,0,2254,2257,C
3-PA,238,0,4,2245,0,2249,G
3-PA,239,2222,1,5,0,2228,A
3-PA,240,1,15,2253,0,2269,G
3-PA,241,1,4,2296,0,2301,G
3-PA,242,0,2,2277,0,2279,G
3-PA,243,0,6,2292,0,2298,G
3-PA,244,2256,0,2,0,2258,A
3-PA,245,0,2,2281,0,2283,G
3-PA,246,2322,0,5,0,2327,A
3-PA,247,1,4,2347,1,2353,G
3-PA,248,2349,0,5,0,2354,A
3-PA,249,1,1,0,2356,2358,C
3-PA,250,2328,0,3,0,2331,A
3-PA,251,0,4,2379,0,2383,G
3-PA,252,2376,1,1,0,2378,A
3-PA,253,2415,1,3,1,2420,A
3-PA,254,1,0,0,2419,2420,C
3-PA,255,2329,0,0,0,2329,A
3-PA,256,2322,0,3,0,2325,A
3-PA,257,1,2322,0,2,2325,T
3-PA,258,1,4,2418,0,2423,G
3-PA,259,0,1,2429,0,2430,G
3-PA,260,1,3,1,2407,2412,C
3-PA,261,4,1,0,2406,2411,C
3-PA,262,0,2369,2,5,2376,T
3-PA,263,1,9,2444,0,2454,G
3-PA,264,0,6,2454,0,2460,G
3-PA,265,2457,0,3,0,2460,A
3-PA,266,1,1,0,2483,2485,C
3-PA,267,2378,1,2,0,2381,A
3-PA,268,5,0,2743,0,2748,G
3-PA,269,0,2748,0,1,2749,T
3-PA,270,2777,0,0,0,2777,A
3-PA,271,4,0,2775,0,2779,G
3-PA,272,0,2698,0,3,2701,T
3-PA,273,2719,0,1,0,2720,A
3-PA,274,2719,0,1,0,2720,A
3-PA,275,2708,0,4,0,2712,A
3-PA,276,2,1,0,2737,2740,C
3-PA,277,2496,0,1,0,2497,A
3-PA,278,1,1,2556,0,2558,G
3-PA,279,0,2538,0,0,2538,T
3-PA,280,2564,0,1,0,2565,A
3-PA,281,0,2554,0,2,2556,T
3-PA,282,2,1,0,2602,2605,C
3-PA,283,0,2601,0,2,2603,T
3-PA,284,1,1,2603,0,2605,G
3-PA,285,0,1,0,2591,2592,C
3-PA,286,2571,0,2,0,2573,A
3-PA,287,2559,0,7,0,2566,A
3-PA,288,1,2,0,2580,2583,C
3-PA,289,2557,0,5,0,2562,A
3-PA,290,4,1,0,2674,2679,C
3-PA,291,1,2627,0,3,2631,T
3-PA,292,2638,1,3,0,2642,A
3-PA,293,0,0,0,2640,2640,C
3-PA,294,1,2622,0,4,2627,T
3-PA,295,1,5,2622,0,2628,G
3-PA,296,0,4,2609,2,2615,G
3-PA,297,2581,0,6,0,2587,A
3-PA,298,1,0,2593,0,2594,G
3-PA,299,0,1,0,2527,2528,C
3-PA,300,0,2518,0,5,2523,T
3-PA,301,1,4,2509,0,2514,G
3-PA,302,1,3,2519,0,2523,G
3-PA,303,2513,0,4,1,2518,A
3-PA,304,2514,0,0,0,2514,A
3-PA,305,2498,0,4,0,2502,A
3-PA,306,2498,1,1,1,2501,A
3-PA,307,2,1,0,2516,2519,C
3-PA,308,15,2,0,2498,2515,C
3-PA,309,1,2,2515,0,2518,G
3-PA,310,2508,0,2,0,2510,A
3-PA,311,2510,0,2,0,2512,A
3-PA,312,0,1,2549,0,2550,G
3-PA,313,0,2543,0,3,2546,T
3-PA,314,0,2547,0,3,2550,T
3-PA,315,0,2537,0,3,2540,T
3-PA,316,1,1,0,2552,2554,C
3-PA,317,0,2557,0,1,2558,T
3-PA,318,2562,2,0,0,2564,A
3-PA,319,0,0,0,2560,2560,C
3-PA,320,9,0,0,2550,2559,C
3-PA,321,2533,0,1,0,2534,A
3-PA,322,0,0,2588,0,2588,G
3-PA,323,2586,0,0,0,2586,A
3-PA,324,0,2575,1,3,2579,T
3-PA,325,0,2590,0,2,2592,T
3-PA,326,0,2584,1,2,2587,T
3-PA,327,0,0,2621,0,2621,G
3-PA,328,0,2619,0,3,2622,T
3-PA,329,2625,0,0,0,2625,A
3-PA,330,0,2619,0,1,2620,T
3-PA,331,0,6,2599,0,2605,G
3-PA,332,2716,0,3,0,2719,A
3-PA,333,0,2716,0,4,2720,T
3-PA,334,0,2722,0,0,2722,T
3-PA,335,2724,0,2,0,2726,A
3-PA,336,1,1,0,2734,2736,C
3-PA,337,2726,1,3,0,2730,A
3-PA,338,2722,0,6,0,2728,A
3-PA,339,2,11,2720,0,2733,G
3-PA,340,0,6,2753,0,2759,G
3-PA,341,2590,1,5,0,2596,A
3-PA,342,1,9,2618,0,2628,G
3-PA,343,2625,1,5,0,2631,A
3-PA,344,2629,1,4,0,2634,A
3-PA,345,0,2,0,2632,2634,C
3-PA,346,2583,0,2,0,2585,A
3-PA,347,1,7,2588,0,2596,G
3-PA,348,2563,0,2,1,2566,A
3-PA,349,0,2535,0,2,2537,T
3-PA,350,0,2521,0,0,2521,T
3-PA,351,15,2,0,2473,2490,C
3-PA,352,2491,0,0,0,2491,A
3-PA,353,0,2479,0,2,2481,T
3-PA,354,6,1,1,2474,2482,C
3-PA,355,0,4,2483,1,2488,G
3-PA,356,2503,0,1,0,2504,A
3-PA,357,2502,1,0,0,2503,A
3-PA,358,2504,0,2,0,2506,A
3-PA,359,0,2501,1,0,2502,T
3-PA,360,0,2506,1,3,2510,T
3-PA,361,2,6,2498,0,2506,G
3-PA,362,3,4,2497,0,2504,G
3-PA,363,0,4,2495,1,2500,G
3-PA,364,0,2,2514,1,2517,G
3-PA,365,0,2472,0,1,2473,T
3-PA,366,3,11,2487,1,2502,G
3-PA,367,2499,0,7,0,2506,A
3-PA,368,0,1,1,2520,2522,C
3-PA,369,2535,0,3,0,2538,A
3-PA,370,2525,0,3,1,2529,A
3-PA,371,1,8,2561,0,2570,G
3-PA,372,1,4,2571,1,2577,G
3-PA,373,2534,0,3,0,2537,A
3-PA,374,0,4,2555,0,2559,G
3-PA,375,2497,1,2,0,2500,A
3-PA,376,2,1,2510,0,2513,G
3-PA,377,2465,0,4,0,2469,A
3-PA,378,2456,0,3,0,2459,A
3-PA,379,2,0,2549,0,2551,G
3-PA,380,0,2490,0,1,2491,T
3-PA,381,9,0,0,2521,2530,C
3-PA,382,11,3,0,2509,2523,C
3-PA,383,2535,0,4,0,2539,A
3-PA,384,0,0,1,2587,2588,C
3-PA,385,2650,0,5,0,2655,A
3-PA,386,0,2723,0,0,2723,T
3-PA,387,2769,1,0,1,2771,A
3-PA,388,0,2669,0,3,2672,T
3-PA,389,2654,0,2,0,2656,A
3-PA,390,1,2616,0,1,2618,T
3-PA,391,0,2611,2,1,2614,T
3-PA,392,2689,0,1,0,2690,A
3-PA,393,0,1,0,2668,2669,C
3-PA,394,7,1,0,2533,2541,C
3-PA,395,0,2480,1,5,2486,T
3-PA,396,0,2433,0,5,2438,T
3-PA,397,2,7,2449,0,2458,G
3-PA,398,2452,1,1,0,2454,A
3-PA,399,2457,0,0,0,2457,A
3-PA,400,2459,0,0,0,2459,A
3-PA,401,2337,0,5,0,2342,A
3-PA,402,0,4,2356,0,2360,G
3-PA,403,0,2,2357,0,2359,G
3-PA,404,0,2,0,2362,2364,C
3-PA,405,4,1,0,2375,2380,C
3-PA,406,2365,0,3,0,2368,A
3-PA,407,2366,1,0,0,2367,A
3-PA,408,0,2364,0,1,2365,T
3-PA,409,2368,0,1,0,2369,A
3-PA,410,2366,2,2,0,2370,A
3-PA,411,1,5,2409,0,2415,G
3-PA,412,2384,0,4,0,2388,A
3-PA,413,0,2393,0,0,2393,T
3-PA,414,1,2384,0,0,2385,T
3-PA,415,2387,0,1,0,2388,A
3-PA,416,2389,0,2,0,2391,A
3-PA,417,2399,0,0,0,2399,A
3-PA,418,0,2414,0,3,2417,T
3-PA,419,2,2,0,2420,2424,C
3-PA,420,0,2358,0,0,2358,T
3-PA,421,1,8,2370,0,2379,G
3-PA,422,2371,0,5,0,2376,A
3-PA,423,1,9,2388,0,2398,G
3-PA,424,2396,0,2,0,2398,A
3-PA,425,2404,0,2,0,2406,A
3-PA,426,1,2,0,2418,2421,C
3-PA,427,2407,2,0,0,2409,A
3-PA,428,2,0,0,2420,2422,C
3-PA,429,2429,0,3,0,2432,A
3-PA,430,1,2,0,2459,2462,C
3-PA,431,2441,1,4,1,2447,A
3-PA,432,2,0,1,2492,2495,C
3-PA,433,2477,0,1,0,2478,A
3-PA,434,0,2467,0,2,2469,T
3-PA,435,1,2451,1,4,2457,T
3-PA,436,16,2,0,2442,2460,C
3-PA,437,2448,0,2,0,2450,A
3-PA,438,2,0,0,2479,2481,C
3-PA,439,2439,0,0,0,2439,A
3-PA,440,0,2442,0,2,2444,T
3-PA,441,0,2356,0,1,2357,T
3-PA,442,0,2387,0,5,2392,T
3-PA,443,0,2386,0,5,2391,T
3-PA,444,6,0,0,2413,2419,C
3-PA,445,0,2399,0,3,2402,T
3-PA,446,13,0,0,2408,2421,C
3-PA,447,2405,0,0,0,2405,A
3-PA,448,0,2403,1,4,2408,T
3-PA,449,1,2427,0,0,2428,T
3-PA,450,4,0,0,2440,2444,C
3-PA,451,2414,0,4,0,2418,A
3-PA,452,0,1,0,2446,2447,C
3-PA,453,0,2408,0,1,2409,T
3-PA,454,0,11,2453,0,2464,G
3-PA,455,0,8,2450,0,2458,G
3-PA,456,1,3,2441,0,2445,G
3-PA,457,0,5,2464,0,2469,G
3-PA,458,2430,2,4,0,2436,A
3-PA,459,1,2,2458,0,2461,G
3-PA,460,3,4,2452,0,2459,G
3-PA,461,2458,0,3,0,2461,A
3-PA,462,2457,0,2,0,2459,A
3-PA,463,2423,0,4,0,2427,A
3-PA,464,1,2380,0,0,2381,T
3-PA,465,0,3,2374,0,2377,G
3-PA,466,0,1,2368,0,2369,G
3-PA,467,1,2,0,2373,2376,C
3-PA,468,7,0,0,2365,2372,C
3-PA,469,2365,3,2,0,2370,A
3-PA,470,0,0,0,2380,2380,C
3-PA,471,2379,0,0,0,2379,A
3-PA,472,2387,1,1,0,2389,A
3-PA,473,2390,0,4,0,2394,A
3-PA,474,1,3,2395,0,2399,G
3-PA,475,2,0,2395,0,2397,G
3-PA,476,2,0,0,2407,2409,C
3-PA,477,2419,0,2,0,2421,A
3-PA,478,3,5,2449,0,2457,G
3-PA,479,2454,1,1,1,2457,A
3-PA,480,1,2,0,2477,2480,C
3-PA,481,0,2467,0,3,2470,T
3-PA,482,2474,1,2,0,2477,A
3-PA,483,1,1,0,2459,2461,C
3-PA,484,2426,0,3,0,2429,A
3-PA,485,1,0,0,2432,2433,C
3-PA,486,1,2341,1,5,2348,T
3-PA,487,6,1,0,2372,2379,C
3-PA,488,1,2336,0,2,2339,T
3-PA,489,11,0,0,2294,2305,C
3-PA,490,2,8,2298,0,2308,G
3-PA,491,2296,0,4,0,2300,A
3-PA,492,1,0,0,2295,2296,C
3-PA,493,2,6,2299,0,2307,G
3-PA,494,2276,0,3,0,2279,A
3-PA,495,0,6,2292,0,2298,G
3-PA,496,0,5,2284,0,2289,G
3-PA,497,2276,0,2,0,2278,A
3-PA,498,2269,1,4,0,2274,A
3-PA,499,2283,0,3,1,2287,A
3-PA,500,0,1,2282,0,2283,G
3-PA,501,0,0,0,2284,2284,C
3-PA,502,2262,0,1,0,2263,A
3-PA,503,2,4,2308,0,2314,G
3-PA,504,2,0,2296,0,2298,G
3-PA,505,0,0,2296,0,2296,G
3-PA,506,2,1,1,2293,2297,C
3-PA,507,0,2274,1,2,2277,T
3-PA,508,2279,0,5,0,2284,A
3-PA,509,1,3,2328,0,2332,G
3-PA,510,1,3,2463,0,2467,G
3-PA,511,2472,0,3,0,2475,A
3-PA,512,0,2420,0,3,2423,T
3-PA,513,0,2357,2,0,2359,T
3-PA,514,2350,0,0,0,2350,A
3-PA,515,2365,0,8,1,2374,A
3-PA,516,0,7,2387,0,2394,G
3-PA,517,2369,1,4,0,2374,A
3-PA,518,0,1,1,2368,2370,C
3-PA,519,4,2,0,2157,2163,C
3-PA,520,2122,1,7,0,2130,A
3-PA,521,0,4,2149,0,2153,G
3-PA,522,2,1,2143,0,2146,G
3-PA,523,1,3,0,2156,2160,C
3-PA,524,1,2101,1,2,2105,T
3-PA,525,2,0,2155,0,2157,G
3-PA,526,1,2137,0,5,2143,T
3-PA,527,0,2144,0,5,2149,T
3-PA,528,0,2154,0,0,2154,T
3-PA,529,2148,0,6,0,2154,A
3-PA,530,1,0,0,2195,2196,C
3-PA,531,5,0,0,2154,2159,C
3-PA,532,2140,0,1,0,2141,A
3-PA,533,1,2135,0,0,2136,T
3-PA,534,2021,0,0,0,2021,A
3-PA,535,2010,0,0,1,2011,A
3-PA,536,0,5,2050,0,2055,G
3-PA,537,2053,0,2,0,2055,A
3-PA,538,1,2,0,2055,2058,C
3-PA,539,1985,0,2,0,1987,A
3-PA,540,1990,0,3,0,1993,A
3-PA,541,0,1,2005,0,2006,G
3-PA,542,1995,0,3,0,1998,A
3-PA,543,1995,0,1,1,1997,A
3-PA,544,1986,0,3,0,1989,A
3-PA,545,0,1927,0,1,1928,T
3-PA,546,0,3,1975,0,1978,G
3-PA,547,0,1,1974,0,1975,G
3-PA,548,0,0,0,1969,1969,C
3-PA,549,2,1,0,1974,1977,C
3-PA,550,1961,0,1,0,1962,A
3-PA,551,2007,0,1,0,2008,A
3-PA,552,0,2,0,1999,2001,C
3-PA,553,2005,0,2,0,2007,A
3-PA,554,0,2,2002,0,2004,G
3-PA,555,1938,0,7,0,1945,A
3-PA,556,0,5,1948,0,1953,G
3-PA,557,2,1,1952,0,1955,G
3-PA,558,1,1,0,1943,1945,C
3-PA,559,2,2,0,1959,1963,C
3-PA,560,0,1919,1,1,1921,T
3-PA,561,1,1,0,1936,1938,C
3-PA,562,0,1938,0,0,1938,T
3-PA,563,2,3,1933,0,1938,G
3-PA,564,0,3,1933,0,1936,G
3-PA,565,0,1,1936,0,1937,G
3-PA,566,1920,0,1,0,1921,A
3-PA,567,0,1869,1,3,1873,T
3-PA,568,0,1843,0,0,1843,T
3-PA,569,0,0,0,1996,1996,C
3-PA,570,3,0,0,1970,1973,C
3-PA,571,0,1915,0,0,1915,T
3-PA,572,2,1899,0,3,1904,T
3-PA,573,0,1903,0,1,1904,T
3-PA,574,4,2,0,1915,1921,C
3-PA,575,1,0,1919,0,1920,G
3-PA,576,1,1913,1,2,1917,T
3-PA,577,3,0,0,1913,1916,C
3-PA,578,1863,1,0,0,1864,A
3-PA,579,0,1,2075,0,2076,G
3-PA,580,0,2060,0,5,2065,T
3-PA,581,9,0,0,2061,2070,C
3-PA,582,3,1,0,2081,2085,C
3-PA,583,1,8,2097,0,2106,G
3-PA,584,2094,0,3,0,2097,A
3-PA,585,2098,0,0,0,2098,A
3-PA,586,2099,0,3,1,2103,A
3-PA,587,1,1,2121,1,2124,G
3-PA,588,2003,1,4,0,2008,A
3-PA,589,0,1,2035,0,2036,G
3-PA,590,2,1,2036,0,2039,G
3-PA,591,1,0,0,2037,2038,C
3-PA,592,1,2,2042,0,2045,G
3-PA,593,2043,0,1,0,2044,A
3-PA,594,2048,1,3,0,2052,A
3-PA,595,1,5,2056,0,2062,G
3-PA,596,2061,0,0,1,2062,A
3-PA,597,2062,0,4,0,2066,A
3-PA,598,2052,1,2,0,2055,A
3-PA,599,0,0,0,2065,2065,C
3-PA,600,2055,0,2,1,2058,A
3-PA,601,2057,0,0,0,2057,A
3-PA,602,0,2049,0,2,2051,T
3-PA,603,0,2053,0,1,2054,T
3-PA,604,0,3,2059,0,2062,G
3-PA,605,2042,0,1,0,2043,A
3-PA,606,2045,1,2,0,2048,A
3-PA,607,0,4,2043,0,2047,G
3-PA,608,2044,0,1,0,2045,A
3-PA,609,2036,0,0,0,2036,A
3-PA,610,2037,0,2,0,2039,A
3-PA,611,2038,0,2,0,2040,A
3-PA,612,2042,1,1,0,2044,A
3-PA,613,0,2027,1,0,2028,T
3-PA,614,0,2030,0,1,2031,T
3-PA,615,0,2037,0,0,2037,T
3-PA,616,2,3,2035,0,2040,G
3-PA,617,2037,0,1,0,2038,A
3-PA,618,2040,0,0,0,2040,A
3-PA,619,2045,0,1,0,2046,A
3-PA,620,1,2072,0,2,2075,T
3-PA,621,3,0,0,2249,2252,C
3-PA,622,2249,0,2,0,2251,A
3-PA,623,0,2,0,2282,2284,C
3-PA,624,2276,0,5,0,2281,A
3-PA,625,1,2,2315,0,2318,G
3-PA,626,1,14,2378,0,2393,G
3-PA,627,2434,0,2,1,2437,A
3-PA,628,2463,1,5,0,2469,A
3-PA,629,0,3,0,2489,2492,C
3-PA,630,0,2397,0,3,2400,T
3-PA,631,2562,0,5,0,2567,A
3-PA,632,0,2570,1,2,2573,T
3-PA,633,1,3,2650,0,2654,G
3-PA,634,1,2,0,2630,2633,C
3-PA,635,3,0,2597,0,2600,G
3-PA,636,0,2588,0,4,2592,T
3-PA,637,2565,0,1,0,2566,A
3-PA,638,0,8,2564,0,2572,G
3-PA,639,0,0,2560,0,2560,G
3-PA,640,2,1,0,2524,2527,C
3-PA,641,0,2477,0,4,2481,T
3-PA,642,0,2450,0,0,2450,T
3-PA,643,1,1,2445,0,2447,G
3-PA,644,3,0,0,2440,2443,C
3-PA,645,4,3,1,2436,2444,C
3-PA,646,1,12,2462,0,2475,G
3-PA,647,2463,0,1,0,2464,A
3-PA,648,2,0,0,2466,2468,C
3-PA,649,9,1,0,2462,2472,C
3-PA,650,2476,0,2,0,2478,A
3-PA,651,2483,0,4,0,2487,A
3-PA,652,2474,1,7,0,2482,A
3-PA,653,1,1,2528,0,2530,G
3-PA,654,0,2503,0,5,2508,T
3-PA,655,10,0,0,2510,2520,C
3-PA,656,0,2478,1,9,2488,T
3-PA,657,3,0,0,2496,2499,C
3-PA,658,3,1,0,2513,2517,C
3-PA,659,8,0,1,2527,2536,C
3-PA,660,2543,0,0,1,2544,A
3-PA,661,1,4,0,2542,2547,C
3-PA,662,4,2,0,2514,2520,C
3-PA,663,2,15,2527,0,2544,G
3-PA,664,2559,0,0,0,2559,A
3-PA,665,2560,0,3,0,2563,A
3-PA,666,1,1,0,2587,2589,C
3-PA,667,0,2532,1,11,2544,T
3-PA,668,0,2567,1,3,2571,T
3-PA,669,2,0,0,2612,2614,C
3-PA,670,0,2584,0,2,2586,T
3-PA,671,5,1,0,2591,2597,C
3-PA,672,5,1,0,2591,2597,C
3-PA,673,0,2566,0,3,2569,T
3-PA,674,0,2,2588,0,2590,G
3-PA,675,1,0,0,2581,2582,C
3-PA,676,11,0,0,2587,2598,C
3-PA,677,1,2571,0,4,2576,T
3-PA,678,0,2547,0,3,2550,T
3-PA,679,2,11,2550,0,2563,G
3-PA,680,2557,0,4,0,2561,A
3-PA,681,0,7,2596,2,2605,G
3-PA,682,2587,0,1,0,2588,A
3-PA,683,2608,0,1,0,2609,A
3-PA,684,0,2657,0,1,2658,T
3-PA,685,1,2669,0,0,2670,T
3-PA,686,0,2682,1,1,2684,T
3-PA,687,0,2682,0,4,2686,T
3-PA,688,2675,0,2,0,2677,A
3-PA,689,0,4,2678,0,2682,G
3-PA,690,2638,1,4,0,2643,A
3-PA,691,0,2,2727,0,2729,G
3-PA,692,3,1,0,2716,2720,C
3-PA,693,1,1,0,2735,2737,C
3-PA,694,2,2773,0,3,2778,T
3-PA,695,2868,0,0,0,2868,A
3-PA,696,0,2870,0,1,2871,T
3-PA,697,0,1,2894,0,2895,G
3-PA,698,0,2880,0,3,2883,T
3-PA,699,2,15,2859,0,2876,G
3-PA,700,1,6,2836,0,2843,G
3-PA,701,2817,0,6,0,2823,A
3-PA,702,0,2789,0,4,2793,T
3-PA,703,2,9,2710,0,2721,G
3-PA,704,0,5,2770,0,2775,G
3-PA,705,2761,0,2,0,2763,A
3-PA,706,0,2745,0,2,2747,T
3-PA,707,0,2760,0,1,2761,T
3-PA,708,12,0,1,2738,2751,C
3-PA,709,1,11,2739,0,2751,G
3-PA,710,2757,0,3,0,2760,A
3-PA,711,2755,0,3,0,2758,A
3-PA,712,0,1,1,2754,2756,C
3-PA,713,2,4,0,2653,2659,C
3-PA,714,2,16,2640,0,2658,G
3-PA,715,2648,0,1,1,2650,A
3-PA,716,2660,0,3,0,2663,A
3-PA,717,1,2,0,2693,2696,C
3-PA,718,0,1,2685,0,2686,G
3-PA,719,2,1,2752,0,2755,G
3-PA,720,2,1,0,2752,2755,C
3-PA,721,0,2745,1,7,2753,T
3-PA,722,1,0,2831,0,2832,G
3-PA,723,1,4,0,2839,2844,C
3-PA,724,2866,0,4,0,2870,A
3-PA,725,0,2863,0,5,2868,T
3-PA,726,0,2831,0,1,2832,T
3-PA,727,3,3,2825,0,2831,G
3-PA,728,2717,1,2,0,2720,A
3-PA,729,0,10,2743,0,2753,G
3-PA,730,2,6,2729,0,2737,G
3-PA,731,1,1,2719,0,2721,G
3-PA,732,2,1,0,2709,2712,C
3-PA,733,2692,1,1,0,2694,A
3-PA,734,2710,1,4,0,2715,A
3-PA,735,2,0,2730,0,2732,G
3-PA,736,0,1,0,2749,2750,C
3-PA,737,0,2726,0,8,2734,T
3-PA,738,0,2724,0,3,2727,T
3-PA,739,0,2735,0,7,2742,T
3-PA,740,7,0,0,2747,2754,C
3-PA,741,0,2727,1,8,2736,T
3-PA,742,5,0,0,2751,2756,C
3-PA,743,2748,1,2,0,2751,A
3-PA,744,2736,1,1,0,2738,A
3-PA,745,2732,0,1,0,2733,A
3-PA,746,0,2731,0,1,2732,T
3-PA,747,0,0,2838,0,2838,G
3-PA,748,0,2803,0,4,2807,T
3-PA,749,12,0,1,2821,2834,C
3-PA,750,11,1,0,2835,2847,C
3-PA,751,2844,0,2,0,2846,A
3-PA,752,2842,0,2,0,2844,A
3-PA,753,2852,0,1,1,2854,A
3-PA,754,0,2,2885,0,2887,G
3-PA,755,2859,0,4,0,2863,A
3-PA,756,2753,0,5,0,2758,A
3-PA,757,0,0,2792,0,2792,G
3-PA,758,0,2755,0,1,2756,T
3-PA,759,0,12,2740,0,2752,G
3-PA,760,2724,1,3,0,2728,A
3-PA,761,2729,0,5,0,2734,A
3-PA,762,0,2743,0,1,2744,T
3-PA,763,1,0,2725,0,2726,G
3-PA,764,1,0,0,2738,2739,C
3-PA,765,6,1,0,2724,2731,C
3-PA,766,14,3,0,2729,2746,C
3-PA,767,2745,0,1,0,2746,A
3-PA,768,2777,0,1,0,2778,A
3-PA,769,2801,0,1,0,2802,A
3-PA,770,0,2800,0,0,2800,T
3-PA,771,0,2793,0,2,2795,T
3-PA,772,1,3,2768,0,2772,G
3-PA,773,2770,0,1,1,2772,A
3-PA,774,2760,1,2,0,2763,A
3-PA,775,0,1,0,2783,2784,C
3-PA,776,5,1,0,2759,2765,C
3-PA,777,0,2709,1,3,2713,T
3-PA,778,0,2775,0,4,2779,T
3-PA,779,0,2793,0,3,2796,T
3-PA,780,0,2844,0,0,2844,T
3-PA,781,5,0,0,2851,2856,C
3-PA,782,0,2835,0,6,2841,T
3-PA,783,0,1,2848,0,2849,G
3-PA,784,2829,0,7,0,2836,A
3-PA,785,2842,1,5,1,2849,A
3-PA,786,0,3,2860,1,2864,G
3-PA,787,2799,1,6,0,2806,A
3-PA,788,0,1,0,2808,2809,C
3-PA,789,2752,0,2,0,2754,A
3-PA,790,2771,1,7,0,2779,A
3-PA,791,4,0,0,3088,3092,C
3-PA,792,3099,0,1,0,3100,A
3-PA,793,2,0,0,3091,3093,C
3-PA,794,9,0,0,3052,3061,C
3-PA,795,3050,1,2,0,3053,A
3-PA,796,3045,0,8,0,3053,A
3-PA,797,3,18,3035,0,3056,G
3-PA,798,3046,0,4,0,3050,A
3-PA,799,1,0,0,3053,3054,C
3-PA,800,10,1,0,2736,2747,C
3-PA,801,2728,0,2,0,2730,A
3-PA,802,2730,0,1,0,2731,A
3-PA,803,0,2724,1,0,2725,T
3-PA,804,4,1,0,2732,2737,C
3-PA,805,2723,1,1,0,2725,A
3-PA,806,2713,0,3,0,2716,A
3-PA,807,2713,0,4,0,2717,A
3-PA,808,1,3,0,2739,2743,C
3-PA,809,0,2700,0,2,2702,T
3-PA,810,0,2699,0,0,2699,T
3-PA,811,2,0,0,2722,2724,C
3-PA,812,6,1,0,2721,2728,C
3-PA,813,3,9,2729,0,2741,G
3-PA,814,2734,0,2,0,2736,A
3-PA,815,2738,0,1,0,2739,A
3-PA,816,0,2741,1,0,2742,T
3-PA,817,0,7,2698,0,2705,G
3-PA,818,0,5,2705,0,2710,G
3-PA,819,2722,2,2,0,2726,A
3-PA,820,2,1,1,2742,2746,C
3-PA,821,7,1,0,2721,2729,C
3-PA,822,0,2763,0,3,2766,T
3-PA,823,6,1,0,2856,2863,C
3-PA,824,10,1,0,2851,2862,C
3-PA,825,0,2850,0,0,2850,T
3-PA,826,1,2854,0,3,2858,T
3-PA,827,0,2,2968,0,2970,G
3-PA,828,0,2922,2,7,2931,T
3-PA,829,0,2914,0,1,2915,T
3-PA,830,2904,0,9,1,2914,A
3-PA,831,0,2823,0,6,2829,T
3-PA,832,4,0,0,2789,2793,C
3-PA,833,2719,0,0,0,2719,A
3-PA,834,0,0,2719,0,2719,G
3-PA,835,1,3,0,2699,2703,C
3-PA,836,4,2,2568,0,2574,G
3-PA,837,2,0,2634,0,2636,G
3-PA,838,0,2635,0,2,2637,T
3-PA,839,10,2,0,2632,2644,C
3-PA,840,6,2,0,2641,2649,C
3-PA,841,2658,0,0,0,2658,A
3-PA,842,2666,0,1,0,2667,A
3-PA,843,2666,0,0,0,2666,A
3-PA,844,0,2662,0,0,2662,T
3-PA,845,0,2646,0,5,2651,T
3-PA,846,10,0,0,2616,2626,C
3-PA,847,9,0,0,2538,2547,C
3-PA,848,0,2530,0,3,2533,T
3-PA,849,5,0,0,2559,2564,C
3-PA,850,7,0,0,2555,2562,C
3-PA,851,1,2526,0,2,2529,T
3-PA,852,2,4,2548,0,2554,G
3-PA,853,2540,1,2,0,2543,A
3-PA,854,0,2548,0,1,2549,T
3-PA,855,0,8,2499,0,2507,G
3-PA,856,0,4,2458,0,2462,G
3-PA,857,2452,0,3,0,2455,A
3-PA,858,1,2417,1,1,2420,T
3-PA,859,0,1,2419,0,2420,G
3-PA,860,1,0,0,2540,2541,C
3-PA,861,0,2515,0,1,2516,T
3-PA,862,0,2506,0,4,2510,T
3-PA,863,0,2518,0,0,2518,T
3-PA,864,2519,0,0,1,2520,A
3-PA,865,2524,1,0,1,2526,A
3-PA,866,2527,0,2,0,2529,A
3-PA,867,2538,0,6,0,2544,A
3-PA,868,0,2536,0,0,2536,T
3-PA,869,0,2250,4,0,2254,T
3-PA,870,1,13,2238,0,2252,G
3-PA,871,2229,0,1,0,2230,A
3-PA,872,0,1,2273,0,2274,G
3-PA,873,3,1,0,2271,2275,C
3-PA,874,2253,2,0,0,2255,A
3-PA,875,0,2294,0,3,2297,T
3-PA,876,0,2296,1,0,2297,T
3-PA,877,0,3,2294,0,2297,G
3-PA,878,2299,0,0,0,2299,A
3-PA,879,2262,1,8,0,2271,A
3-PA,880,1,8,2273,0,2282,G
3-PA,881,2197,1,5,0,2203,A
3-PA,882,1,0,0,2194,2195,C
3-PA,883,3,2,0,2174,2179,C
3-PA,884,9,0,0,2113,2122,C
3-PA,885,2099,0,2,0,2101,A
3-PA,886,2093,1,5,1,2100,A
3-PA,887,0,0,2115,0,2115,G
3-PA,888,0,2096,0,3,2099,T
3-PA,889,7,0,0,2090,2097,C
3-PA,890,2104,1,1,0,2106,A
3-PA,891,0,1,0,2089,2090,C
3-PA,892,2,0,2086,0,2088,G
3-PA,893,2121,0,0,0,2121,A
3-PA,894,2117,0,1,1,2119,A
3-PA,895,0,1,2169,0,2170,G
3-PA,896,1,7,2163,0,2171,G
3-PA,897,2132,0,5,0,2137,A
3-PA,898,1,0,2164,0,2165,G
3-PA,899,2155,0,7,0,2162,A
3-PA,900,2151,1,7,0,2159,A
3-PA,901,0,13,2152,0,2165,G
3-PA,902,0,3,2131,0,2134,G
3-PA,903,0,7,2137,0,2144,G
3-PA,904,2072,0,2,0,2074,A
3-PA,905,1,2059,0,4,2064,T
3-PA,906,5,1,1,2073,2080,C
3-PA,907,5,0,1,2217,2223,C
3-PA,908,14,0,1,2248,2263,C
3-PA,909,2283,0,3,0,2286,A
3-PA,910,0,2291,0,0,2291,T
3-PA,911,0,2287,0,3,2290,T
3-PA,912,2346,0,3,0,2349,A
3-PA,913,0,2342,0,1,2343,T
3-PA,914,2338,0,4,0,2342,A
3-PA,915,2,2328,0,4,2334,T
3-PA,916,2,4,2048,0,2054,G
3-PA,917,2038,0,5,0,2043,A
3-PA,918,0,2022,0,2,2024,T
3-PA,919,1,0,2038,0,2039,G
3-PA,920,1,2,1,2004,2008,C
3-PA,921,3,13,1998,0,2014,G
3-PA,922,2028,0,3,0,2031,A
3-PA,923,0,2018,1,3,2022,T
3-PA,924,4,1,0,2035,2040,C
3-PA,925,2040,1,2,0,2043,A
3-PA,926,2029,0,3,0,2032,A
3-PA,927,0,0,2057,0,2057,G
3-PA,928,1,2028,0,0,2029,T
3-PA,929,1,1,2048,0,2050,G
3-PA,930,0,0,0,2050,2050,C
3-PA,931,2034,0,1,0,2035,A
3-PA,932,0,2040,0,0,2040,T
3-PA,933,2036,0,0,0,2036,A
3-PA,934,2056,0,4,0,2060,A
3-PA,935,2051,0,0,0,2051,A
3-PA,936,2039,0,2,0,2041,A
3-PA,937,2032,1,2,0,2035,A
3-PA,938,0,1,0,2039,2040,C
3-PA,939,2022,0,0,0,2022,A
3-PA,940,1,2027,0,1,2029,T
3-PA,941,0,2023,0,0,2023,T
3-PA,942,4,0,0,2030,2034,C
3-PA,943,1,2009,0,3,2013,T
3-PA,944,2,2001,0,1,2004,T
3-PA,945,0,2010,0,0,2010,T
3-PA,946,1,8,1999,1,2009,G
3-PA,947,0,3,2010,0,2013,G
3-PA,948,2010,2,1,0,2013,A
3-PA,949,0,2003,1,3,2007,T
3-PA,950,1,4,2019,0,2024,G
3-PA,951,0,4,2054,0,2058,G
3-PA,952,2048,0,6,1,2055,A
3-PA,953,2058,0,3,0,2061,A
3-PA,954,2052,0,5,1,2058,A
3-PA,955,1,5,2084,0,2090,G
3-PA,956,2077,0,1,0,2078,A
3-PA,957,2281,0,4,0,2285,A
3-PA,958,0,0,0,2312,2312,C
3-PA,959,4,0,0,2297,2301,C
3-PA,960,0,2269,0,3,2272,T
3-PA,961,0,2315,0,2,2317,T
3-PA,962,2327,0,2,0,2329,A
3-PA,963,0,2329,0,2,2331,T
3-PA,964,2297,0,1,0,2298,A
3-PA,965,0,2318,0,4,2322,T
3-PA,966,2115,0,0,0,2115,A
3-PA,967,0,2,2144,0,2146,G
3-PA,968,0,2107,0,6,2113,T
3-PA,969,4,2,0,2101,2107,C
3-PA,970,2075,0,1,0,2076,A
3-PA,971,2099,0,3,0,2102,A
3-PA,972,2089,1,7,0,2097,A
3-PA,973,0,0,0,2113,2113,C
3-PA,974,7,1,0,2071,2079,C
3-PA,975,2058,1,2,1,2062,A
3-PA,976,0,0,0,2070,2070,C
3-PA,977,2064,1,2,0,2067,A
3-PA,978,0,1,0,2090,2091,C
3-PA,979,0,6,2093,0,2099,G
3-PA,980,2076,0,2,0,2078,A
3-PA,981,2090,0,6,0,2096,A
3-PA,982,2080,0,3,1,2084,A
3-PA,983,2079,0,4,1,2084,A
3-PA,984,1,10,2086,0,2097,G
3-PA,985,1,5,2078,0,2084,G
3-PA,986,0,3,2098,0,2101,G
3-PA,987,2081,1,7,0,2089,A
3-PA,988,2101,0,2,0,2103,A
3-PA,989,0,2096,0,0,2096,T
3-PA,990,2101,0,0,0,2101,A
3-PA,991,2102,0,1,0,2103,A
3-PA,992,2106,0,0,0,2106,A
3-PA,993,0,2094,0,0,2094,T
3-PA,994,0,2090,0,1,2091,T
3-PA,995,7,2,0,2097,2106,C
3-PA,996,2101,0,1,0,2102,A
3-PA,997,2109,0,1,0,2110,A
3-PA,998,2119,1,1,0,2121,A
3-PA,999,0,2112,0,3,2115,T
3-PA,1000,1,2123,0,0,2124,T
3-PA,1001,2132,0,1,0,2133,A
3-PA,1002,1,0,0,2129,2130,C
3-PA,1003,0,1,0,2135,2136,C
3-PA,1004,1,2117,0,2,2120,T
3-PA,1005,1,1,2124,0,2126,G
3-PA,1006,0,1,0,2128,2129,C
3-PA,1007,0,2132,0,1,2133,T
3-PA,1008,0,1,2183,0,2184,G
3-PA,1009,0,2171,0,3,2174,T
3-PA,1010,7,0,0,2175,2182,C
3-PA,1011,2183,0,1,0,2184,A
3-PA,1012,0,2183,0,5,2188,T
3-PA,1013,1,7,2186,0,2194,G
3-PA,1014,1,5,2198,0,2204,G
3-PA,1015,2201,1,3,0,2205,A
3-PA,1016,2193,0,2,0,2195,A
3-PA,1017,2133,0,8,0,2141,A
3-PA,1018,1,0,0,2241,2242,C
3-PA,1019,2233,0,2,0,2235,A
3-PA,1020,2242,1,1,1,2245,A
3-PA,1021,0,0,2256,0,2256,G
3-PA,1022,0,2258,0,0,2258,T
3-PA,1023,2243,0,3,0,2246,A
3-PA,1024,0,0,0,2251,2251,C
3-PA,1025,1,2205,0,4,2210,T
3-PA,1026,0,1,2227,0,2228,G
3-PA,1027,0,2214,0,4,2218,T
3-PA,1028,10,4,0,2216,2230,C
3-PA,1029,2210,0,4,0,2214,A
3-PA,1030,1,3,2236,0,2240,G
3-PA,1031,2232,0,0,0,2232,A
3-PA,1032,2239,0,1,0,2240,A
3-PA,1033,0,2280,0,1,2281,T
3-PA,1034,1,2257,0,0,2258,T
3-PA,1035,3,1,2248,0,2252,G
3-PA,1036,3,0,0,2250,2253,C
3-PA,1037,2226,0,5,0,2231,A
3-PA,1038,1,5,2235,1,2242,G
3-PA,1039,0,4,2214,0,2218,G
3-PA,1040,2232,0,3,0,2235,A
3-PA,1041,2,1,0,2244,2247,C
3-PA,1042,2198,0,3,0,2201,A
3-PA,1043,0,2226,0,3,2229,T
3-PA,1044,0,2226,0,2,2228,T
3-PA,1045,1,3,2236,1,2241,G
3-PA,1046,2252,0,2,0,2254,A
3-PA,1047,2243,0,4,0,2247,A
3-PA,1048,2238,0,2,0,2240,A
3-PA,1049,2235,0,4,0,2239,A
3-PA,1050,0,2229,0,0,2229,T
3-PA,1051,0,8,2241,0,2249,G
3-PA,1052,2230,1,3,0,2234,A
3-PA,1053,2,3,2249,0,2254,G
3-PA,1054,0,6,2255,0,2261,G
3-PA,1055,2224,0,6,0,2230,A
3-PA,1056,2,3,2241,0,2246,G
3-PA,1057,2243,0,0,1,2244,A
3-PA,1058,2233,0,1,0,2234,A
3-PA,1059,2,4,2225,0,2231,G
3-PA,1060,0,2,2212,0,2214,G
3-PA,1061,1,2313,0,3,2317,T
3-PA,1062,0,2323,0,2,2325,T
3-PA,1063,9,0,0,2317,2326,C
3-PA,1064,2,2,1,2312,2317,C
3-PA,1065,2319,0,3,0,2322,A
3-PA,1066,2313,0,3,0,2316,A
3-PA,1067,0,6,2321,0,2327,G
3-PA,1068,0,3,2354,0,2357,G
3-PA,1069,2281,0,3,2,2286,A
3-PA,1070,0,2,0,2313,2315,C
3-PA,1071,0,2313,0,4,2317,T
3-PA,1072,2316,0,0,0,2316,A
3-PA,1073,2316,0,1,0,2317,A
3-PA,1074,2317,0,0,0,2317,A
3-PA,1075,2314,0,1,0,2315,A
3-PA,1076,2311,0,1,0,2312,A
3-PA,1077,0,2224,0,0,2224,T
3-PA,1078,2248,0,1,1,2250,A
3-PA,1079,1,2248,0,0,2249,T
3-PA,1080,1,4,2265,0,2270,G
3-PA,1081,2262,0,0,2,2264,A
3-PA,1082,2273,0,3,0,2276,A
3-PA,1083,0,5,2274,0,2279,G
3-PA,1084,2277,1,0,0,2278,A
3-PA,1085,2280,3,1,0,2284,A
3-PA,1086,2274,0,3,0,2277,A
3-PA,1087,2275,0,5,2,2282,A
3-PA,1088,0,1,0,2293,2294,C
3-PA,1089,2,11,2280,0,2293,G
3-PA,1090,2292,1,2,0,2295,A
3-PA,1091,0,0,2309,0,2309,G
3-PA,1092,2,2277,0,2,2281,T
3-PA,1093,12,1,0,2327,2340,C
3-PA,1094,2340,1,3,0,2344,A
3-PA,1095,2389,0,1,0,2390,A
3-PA,1096,1,1,0,2387,2389,C
3-PA,1097,1,2376,0,2,2379,T
3-PA,1098,1,4,2433,0,2438,G
3-PA,1099,2426,0,4,1,2431,A
3-PA,1100,2435,1,1,1,2438,A
3-PA,1101,1,0,2438,0,2439,G
3-PA,1102,1,2379,2,1,2383,T
3-PA,1103,2,5,2377,0,2384,G
3-PA,1104,2,4,2363,0,2369,G
3-PA,1105,0,0,2378,0,2378,G
3-PA,1106,1,0,0,2383,2384,C
3-PA,1107,0,2329,0,2,2331,T
3-PA,1108,3,0,0,2363,2366,C
3-PA,1109,0,2351,0,3,2354,T
3-PA,1110,0,2371,0,3,2374,T
3-PA,1111,3,5,2624,0,2632,G
3-PA,1112,0,1,2694,0,2695,G
3-PA,1113,0,2678,0,4,2682,T
3-PA,1114,1,6,2687,0,2694,G
3-PA,1115,2668,0,3,0,2671,A
3-PA,1116,2788,0,2,0,2790,A
3-PA,1117,2775,0,4,1,2780,A
3-PA,1118,2860,3,4,1,2868,A
3-PA,1119,1,1,0,2930,2932,C
3-PA,1120,2892,0,2,1,2895,A
3-PA,1121,0,2913,1,8,2922,T
3-PA,1122,0,7,2913,0,2920,G
3-PA,1123,1,4,3095,0,3100,G
3-PA,1124,1,3,0,3171,3175,C
3-PA,1125,3156,0,3,26,3185,A
3-PA,1126,0,1,0,3284,3285,C
3-PA,1127,6,0,1,3304,3311,C
3-PA,1128,3462,0,2,0,3464,A
3-PA,1129,1,8,3588,0,3597,G
3-PA,1130,3592,0,2,0,3594,A
3-PA,1131,9,7,3687,0,3703,G
3-PA,1132,3751,0,7,2,3760,A
3-PA,1133,3810,1,15,0,3826,A
3-PA,1134,1,9,3850,0,3860,G
3-PA,1135,1,1,3853,0,3855,G
3-PA,1136,0,3862,0,6,3868,T
3-PA,1137,3830,0,6,1,3837,A
3-PA,1138,2,12,3823,0,3837,G
3-PA,1139,3863,1,2,1,3867,A
3-PA,1140,0,0,0,3965,3965,C
3-PA,1141,0,3926,1,7,3934,T
3-PA,1142,0,3949,0,1,3950,T
3-PA,1143,0,3934,0,7,3941,T
3-PA,1144,0,17,3958,0,3975,G
3-PA,1145,3956,0,4,1,3961,A
3-PA,1146,3974,0,2,1,3977,A
3-PA,1147,3968,0,0,1,3969,A
3-PA,1148,3982,0,1,0,3983,A
3-PA,1149,0,0,0,4188,4188,C
3-PA,1150,0,4161,0,3,4164,T
3-PA,1151,1,1,4258,0,4260,G
3-PA,1152,0,1,0,4252,4253,C
3-PA,1153,4254,0,5,1,4260,A
3-PA,1154,2,2,4264,0,4268,G
3-PA,1155,4232,0,4,1,4237,A
3-PA,1156,0,10,4608,1,4619,G
3-PA,1157,4620,2,2,0,4624,A
3-PA,1158,0,1,1,4646,4648,C
3-PA,1159,4636,1,15,0,4652,A
3-PA,1160,0,4629,0,5,4634,T
3-PA,1161,4629,1,2,0,4632,A
3-PA,1162,4623,0,7,0,4630,A
3-PA,1163,0,3,4655,0,4658,G
3-PA,1164,2,6,0,4641,4649,C
3-PA,1165,2,12,4584,0,4598,G
3-PA,1166,4763,1,4,0,4768,A
3-PA,1167,0,4731,0,4,4735,T
3-PA,1168,0,4740,0,3,4743,T
3-PA,1169,2,4748,0,2,4752,T
3-PA,1170,0,11,4761,0,4772,G
3-PA,1171,4789,1,4,0,4794,A
3-PA,1172,4798,0,13,1,4812,A
3-PA,1173,0,0,4874,1,4875,G
3-PA,1174,2,2,0,5099,5103,C
3-PA,1175,5082,0,2,0,5084,A
3-PA,1176,5788,0,2,0,5790,A
3-PA,1177,0,5797,0,5,5802,T
3-PA,1178,5843,1,3,2,5849,A
3-PA,1179,1,5910,1,8,5920,T
3-PA,1180,2,18,5947,0,5967,G
3-PA,1181,6042,1,13,1,6057,A
3-PA,1182,1,6043,0,6,6050,T
3-PA,1183,5915,0,4,0,5919,A
3-PA,1184,2,2,5953,0,5957,G
3-PA,1185,1,5795,0,6,5802,T
3-PA,1186,1,15,5787,1,5804,G
3-PA,1187,5799,1,8,1,5809,A
3-PA,1188,0,6,0,5791,5797,C
3-PA,1189,5,28,5760,0,5793,G
3-PA,1190,5850,3,6,0,5859,A
3-PA,1191,5876,0,9,1,5886,A
3-PA,1192,1,2,0,5978,5981,C
3-PA,1193,15,2,0,5967,5984,C
3-PA,1194,0,5963,0,14,5977,T
3-PA,1195,4,18,6266,0,6288,G
3-PA,1196,6212,3,10,0,6225,A
3-PA,1197,6287,0,3,1,6291,A
3-PA,1198,1,6291,0,5,6297,T
3-PA,1199,0,6242,0,1,6243,T
3-PA,1200,6252,0,2,0,6254,A
3-PA,1201,6213,0,8,0,6221,A
3-PA,1202,0,12,6260,1,6273,G
3-PA,1203,6,3,6273,0,6282,G
3-PA,1204,3,6208,0,16,6227,T
3-PA,1205,44,2,0,6177,6223,C
3-PA,1206,6216,0,5,0,6221,A
3-PA,1207,0,2,0,6594,6596,C
3-PA,1208,1,6579,2,13,6595,T
3-PA,1209,0,6612,0,3,6615,T
3-PA,1210,0,6620,0,9,6629,T
3-PA,1211,5,2,1,6603,6611,C
3-PA,1212,6600,1,2,1,6604,A
3-PA,1213,6608,0,13,0,6621,A
3-PA,1214,1,0,6768,0,6769,G
3-PA,1215,3,3,1,6745,6752,C
3-PA,1216,2,6660,1,7,6670,T
3-PA,1217,2,15,6921,0,6938,G
3-PA,1218,6,14,6961,0,6981,G
3-PA,1219,7127,1,22,0,7150,A
3-PA,1220,0,7242,0,4,7246,T
3-PA,1221,7233,0,5,0,7238,A
3-PA,1222,1,3,0,7318,7322,C
3-PA,1223,7233,0,16,1,7250,A
3-PA,1224,1,14,7355,1,7371,G
3-PA,1225,7331,1,11,0,7343,A
3-PA,1226,7276,0,11,0,7287,A
3-PA,1227,1,7210,3,3,7217,T
3-PA,1228,11,33,7299,2,7345,G
3-PA,1229,7266,0,8,0,7274,A
3-PA,1230,2,2,7429,1,7434,G
3-PA,1231,1,7396,0,10,7407,T
3-PA,1232,1,7384,0,9,7394,T
3-PA,1233,34,3,2,7533,7572,C
3-PA,1234,7616,0,12,0,7628,A
3-PA,1235,7636,0,13,2,7651,A
3-PA,1236,0,2,0,7637,7639,C
3-PA,1237,7574,1,6,1,7582,A
3-PA,1238,7571,0,7,0,7578,A
3-PA,1239,0,12,7606,0,7618,G
3-PA,1240,1,3,7665,1,7670,G
3-PA,1241,3,3,0,7746,7752,C
3-PA,1242,9,1,0,7740,7750,C
3-PA,1243,3,7711,1,14,7729,T
3-PA,1244,1,2,7827,1,7831,G
3-PA,1245,3,7818,1,7,7829,T
3-PA,1246,2,27,7891,1,7921,G
3-PA,1247,7889,2,21,1,7913,A
3-PA,1248,1,3,7926,0,7930,G
3-PA,1249,2,4,0,7898,7904,C
3-PA,1250,0,7848,0,6,7854,T
3-PA,1251,8090,0,5,0,8095,A
3-PA,1252,8103,2,16,0,8121,A
3-PA,1253,0,1,0,8156,8157,C
3-PA,1254,1,8098,0,8,8107,T
3-PA,1255,5,26,8147,0,8178,G
3-PA,1256,8145,0,5,1,8151,A
3-PA,1257,1,8147,1,7,8156,T
3-PA,1258,1,8139,0,12,8152,T
3-PA,1259,24,0,0,8171,8195,C
3-PA,1260,8421,0,10,1,8432,A
3-PA,1261,1,1,8737,0,8739,G
3-PA,1262,3,8677,0,17,8697,T
3-PA,1263,21,1,2,8704,8728,C
3-PA,1264,2,8668,1,21,8692,T
3-PA,1265,5,23,9099,0,9127,G
3-PA,1266,4,21,9126,0,9151,G
3-PA,1267,9144,0,12,0,9156,A
3-PA,1268,1,9156,0,7,9164,T
3-PA,1269,8816,3,8,1,8828,A
3-PA,1270,1,20,8793,0,8814,G
3-PA,1271,8717,1,15,1,8734,A
3-PA,1272,2,2,8786,0,8790,G
3-PA,1273,4,1,1,8770,8776,C
3-PA,1274,2,8579,1,15,8597,T
3-PA,1275,33,2,0,8616,8651,C
3-PA,1276,3,17,8659,0,8679,G
3-PA,1277,8676,1,12,2,8691,A
3-PA,1278,1,8698,0,8,8707,T
3-PA,1279,0,22,8674,0,8696,G
3-PA,1280,8855,0,6,0,8861,A
3-PA,1281,8842,0,17,0,8859,A
3-PA,1282,8904,1,12,1,8918,A
3-PA,1283,0,8908,0,4,8912,T
3-PA,1284,0,8885,0,1,8886,T
3-PA,1285,1,17,8974,0,8992,G
3-PA,1286,7,27,8949,0,8983,G
3-PA,1287,8923,2,14,1,8940,A
3-PA,1288,1,10,8962,0,8973,G
3-PA,1289,8812,2,19,0,8833,A
3-PA,1290,2,18,8925,1,8946,G
3-PA,1291,3,20,8977,1,9001,G
3-PA,1292,9093,0,11,0,9104,A
3-PA,1293,1,3,0,9118,9122,C
3-PA,1294,5,2,9056,2,9065,G
3-PA,1295,1,9069,0,6,9076,T
3-PA,1296,9143,0,7,0,9150,A
3-PA,1297,0,4,9224,0,9228,G
3-PA,1298,3,5,0,9321,9329,C
3-PA,1299,12,1,0,9220,9233,C
3-PA,1300,39,5,0,9176,9220,C
3-PA,1301,24,6,0,9225,9255,C
3-PA,1302,9268,1,4,0,9273,A
3-PA,1303,9717,0,5,0,9722,A
3-PA,1304,0,9703,0,4,9707,T
3-PA,1305,0,9626,0,1,9627,T
3-PA,1306,0,45,9584,0,9629,G
3-PA,1307,9487,3,17,0,9507,A
3-PA,1308,14,2,9553,1,9570,G
3-PA,1309,3,6,0,9551,9560,C
3-PA,1310,9532,2,5,0,9539,A
3-PA,1311,0,2,1,9775,9778,C
3-PA,1312,9559,0,6,0,9565,A
3-PA,1313,0,9889,0,16,9905,T
3-PA,1314,1,9922,0,9,9932,T
3-PA,1315,4,1,9942,0,9947,G
3-PA,1316,6,5,1,9911,9923,C
3-PA,1317,9917,2,14,0,9933,A
3-PA,1318,9935,0,8,1,9944,A
3-PA,1319,1,5,9940,0,9946,G
3-PA,1320,3,3,0,9864,9870,C
3-PA,1321,9866,3,5,0,9874,A
3-PA,1322,2,9629,0,9,9640,T
3-PA,1323,3,40,9636,0,9679,G
3-PA,1324,9612,0,11,0,9623,A
3-PA,1325,2,9,9685,0,9696,G
3-PA,1326,9660,1,11,0,9672,A
3-PA,1327,9681,1,6,0,9688,A
3-PA,1328,2,22,9632,0,9656,G
3-PA,1329,1,36,9654,0,9691,G
3-PA,1330,9685,2,13,1,9701,A
3-PA,1331,9695,1,13,0,9709,A
3-PA,1332,0,9730,1,6,9737,T
3-PA,1333,2,9738,1,3,9744,T
3-PA,1334,9838,0,1,0,9839,A
3-PA,1335,1,9874,1,7,9883,T
3-PA,1336,0,9865,0,3,9868,T
3-PA,1337,1,9862,0,11,9874,T
3-PA,1338,20,4,1,9795,9820,C
3-PA,1339,9786,2,11,0,9799,A
3-PA,1340,0,2,0,10048,10050,C
3-PA,1341,9991,0,9,1,10001,A
3-PA,1342,4,3,10091,0,10098,G
3-PA,1343,1,6,0,10072,10079,C
3-PA,1344,10057,0,8,0,10065,A
3-PA,1345,4,12,10118,0,10134,G
3-PA,1346,10059,1,22,0,10082,A
3-PA,1347,3,15,10128,2,10148,G
3-PA,1348,3,1,10175,0,10179,G
3-PA,1349,2,9931,0,7,9940,T
3-PA,1350,6,2,10083,1,10092,G
3-PA,1351,0,10014,1,22,10037,T
3-PA,1352,22,8,1,9992,10023,C
3-PA,1353,35,9,1,10123,10168,C
3-PA,1354,35,2,0,10112,10149,C
3-PA,1355,10307,1,7,0,10315,A
3-PA,1356,3,10396,0,14,10413,T
3-PA,1357,0,10316,0,13,10329,T
3-PA,1358,1,3,10409,1,10414,G
3-PA,1359,1,10264,0,8,10273,T
3-PA,1360,10118,1,11,0,10130,A
3-PA,1361,6,9,10092,0,10107,G
3-PA,1362,9859,0,12,1,9872,A
3-PA,1363,5,4,9928,0,9937,G
3-PA,1364,1,1,1,9836,9839,C
3-PA,1365,17,6,1,9701,9725,C
3-PA,1366,9911,3,8,1,9923,A
3-PA,1367,4,5,0,9922,9931,C
3-PA,1368,1,9878,1,8,9888,T
3-PA,1369,2,23,9875,0,9900,G
3-PA,1370,9845,1,3,0,9849,A
3-PA,1371,9688,0,22,0,9710,A
3-PA,1372,2,10030,0,1,10033,T
3-PA,1373,10137,0,4,1,10142,A
3-PA,1374,7,2,1,10279,10289,C
3-PA,1375,10030,0,19,4,10053,A
3-PA,1376,0,10131,1,5,10137,T
3-PA,1377,10032,0,7,0,10039,A
3-PA,1378,10122,1,7,1,10131,A
3-PA,1379,3,10118,0,6,10127,T
3-PA,1380,3,22,9951,0,9976,G
3-PA,1381,9886,2,9,0,9897,A
3-PA,1382,9735,0,18,1,9754,A
3-PA,1383,3,30,9769,1,9803,G
3-PA,1384,1,28,9752,0,9781,G
3-PA,1385,2,20,9944,0,9966,G
3-PA,1386,1,19,9979,0,9999,G
3-PA,1387,3,4,10107,0,10114,G
3-PA,1388,1,9959,0,7,9967,T
3-PA,1389,10038,0,2,0,10040,A
3-PA,1390,0,10099,0,8,10107,T
3-PA,1391,10257,0,7,1,10265,A
3-PA,1392,0,5,0,11406,11411,C
3-PA,1393,11118,0,4,0,11122,A
3-PA,1394,2,10909,0,10,10921,T
3-PA,1395,3,10768,0,5,10776,T
3-PA,1396,10702,1,7,1,10711,A
3-PA,1397,10984,2,8,1,10995,A
3-PA,1398,3,1,0,10983,10987,C
3-PA,1399,10838,1,4,1,10844,A
3-PA,1400,1,1,0,10836,10838,C
3-PA,1401,1,9717,0,9,9727,T
3-PA,1402,0,2,10149,0,10151,G
3-PA,1403,3,3,0,10127,10133,C
3-PA,1404,25,1,1,10084,10111,C
3-PA,1405,27,3,0,10134,10164,C
3-PA,1406,1,9899,1,19,9920,T
3-PA,1407,3,3,10316,0,10322,G
3-PA,1408,3,4,0,10319,10326,C
3-PA,1409,3,10247,0,18,10268,T
3-PA,1410,57,2,2,10581,10642,C
3-PA,1411,10270,0,5,0,10275,A
3-PA,1412,10370,1,9,0,10380,A
3-PA,1413,0,10388,1,9,10398,T
3-PA,1414,2,5,10365,0,10372,G
3-PA,1415,4,3,0,10360,10367,C
3-PA,1416,10154,1,9,1,10165,A
3-PA,1417,3,10085,0,25,10113,T
3-PA,1418,10,1,0,10093,10104,C
3-PA,1419,14,4,0,10198,10216,C
3-PA,1420,3,9801,0,9,9813,T
3-PA,1421,3,1,10095,0,10099,G
3-PA,1422,2,10051,0,9,10062,T
3-PA,1423,4,2,10015,0,10021,G
3-PA,1424,6,5,1,10032,10044,C
3-PA,1425,9902,1,10,1,9914,A
3-PA,1426,7,3,10004,0,10014,G
3-PA,1427,1,4,0,9982,9987,C
3-PA,1428,9876,0,1,0,9877,A
3-PA,1429,9869,1,9,1,9880,A
3-PA,1430,0,9541,1,8,9550,T
3-PA,1431,2,29,9523,0,9554,G
3-PA,1432,2,16,9524,2,9544,G
3-PA,1433,9545,0,22,1,9568,A
3-PA,1434,2,9,0,9537,9548,C
3-PA,1435,3,28,9433,1,9465,G
3-PA,1436,9580,3,2,0,9585,A
3-PA,1437,0,9569,0,6,9575,T
3-PA,1438,0,9541,1,7,9549,T
3-PA,1439,3,9561,0,8,9572,T
3-PA,1440,3,9549,0,5,9557,T
3-PA,1441,17,0,0,9564,9581,C
3-PA,1442,9568,2,12,1,9583,A
3-PA,1443,9612,2,8,2,9624,A
3-PA,1444,2,2,0,9624,9628,C
3-PA,1445,1,9475,1,10,9487,T
3-PA,1446,9467,0,5,0,9472,A
3-PA,1447,9459,1,11,0,9471,A
3-PA,1448,2,9497,2,2,9503,T
3-PA,1449,2,9433,2,9,9446,T
3-PA,1450,22,2,1,9468,9493,C
3-PA,1451,17,3,1,9459,9480,C
3-PA,1452,31,2,1,9442,9476,C
3-PA,1453,9482,3,9,0,9494,A
3-PA,1454,2,9612,2,15,9631,T
3-PA,1455,0,27,9628,0,9655,G
3-PA,1456,9644,2,16,1,9663,A
3-PA,1457,1,9645,0,9,9655,T
3-PA,1458,9618,1,10,1,9630,A
3-PA,1459,9641,1,14,1,9657,A
3-PA,1460,5,3,9644,0,9652,G
3-PA,1461,3,5,1,9648,9657,C
3-PA,1462,9614,0,9,0,9623,A
3-PA,1463,9347,2,17,1,9367,A
3-PA,1464,2,1,9553,0,9556,G
3-PA,1465,1,9507,0,13,9521,T
3-PA,1466,5,1,9470,0,9476,G
3-PA,1467,9,9,2,9455,9475,C
3-PA,1468,9394,1,18,1,9414,A
3-PA,1469,2,20,9581,0,9603,G
3-PA,1470,9573,1,9,1,9584,A
3-PA,1471,9729,0,14,0,9743,A
3-PA,1472,2,0,0,9766,9768,C
3-PA,1473,0,9448,1,13,9462,T
3-PA,1474,9574,1,1,0,9576,A
3-PA,1475,9532,0,8,0,9540,A
3-PA,1476,9499,0,36,0,9535,A
3-PA,1477,1,13,9577,0,9591,G
3-PA,1478,9147,2,26,1,9176,A
3-PA,1479,3,30,9182,0,9215,G
3-PA,1480,9,16,8930,0,8955,G
3-PA,1481,0,6,8945,0,8951,G
3-PA,1482,8850,3,17,0,8870,A
3-PA,1483,8713,0,19,1,8733,A
3-PA,1484,3,15,8776,0,8794,G
3-PA,1485,1,3,8803,0,8807,G
3-PA,1486,6,8,1,8796,8811,C
3-PA,1487,4,21,8789,0,8814,G
3-PA,1488,8781,1,6,0,8788,A
3-PA,1489,8779,0,11,0,8790,A
3-PA,1490,8771,0,11,0,8782,A
3-PA,1491,8790,0,3,2,8795,A
3-PA,1492,8814,1,23,1,8839,A
3-PA,1493,4,4,1,8825,8834,C
3-PA,1494,25,2,0,8751,8778,C
3-PA,1495,8769,0,9,1,8779,A
3-PA,1496,8867,1,3,2,8873,A
3-PA,1497,1,8852,0,9,8862,T
3-PA,1498,0,8863,0,2,8865,T
3-PA,1499,0,8918,0,2,8920,T
3-PA,1500,8994,0,2,0,8996,A
3-PA,1501,0,8967,1,2,8970,T
3-PA,1502,8956,0,8,1,8965,A
3-PA,1503,2,8923,0,7,8932,T
3-PA,1504,3,16,8841,0,8860,G
3-PA,1505,2,27,8801,0,8830,G
3-PA,1506,8810,1,3,1,8815,A
3-PA,1507,1,8781,0,6,8788,T
3-PA,1508,1,8690,1,11,8703,T
3-PA,1509,32,0,0,8708,8740,C
3-PA,1510,8787,0,15,0,8802,A
3-PA,1511,1,8877,0,19,8897,T
3-PA,1512,15,6,0,8920,8941,C
3-PA,1513,8926,1,11,0,8938,A
3-PA,1514,2,8872,0,4,8878,T
3-PA,1515,8849,0,3,0,8852,A
3-PA,1516,8819,1,10,0,8830,A
3-PA,1517,8838,1,16,0,8855,A
3-PA,1518,1,25,8851,0,8877,G
3-PA,1519,0,10,8705,0,8715,G
3-PA,1520,2,11,8645,1,8659,G
3-PA,1521,8588,1,8,0,8597,A
3-PA,1522,8500,0,13,1,8514,A
3-PA,1523,4,16,8562,0,8582,G
3-PA,1524,8503,1,15,0,8519,A
3-PA,1525,1,8492,0,12,8505,T
3-PA,1526,16,2,0,8485,8503,C
3-PA,1527,0,8320,1,12,8333,T
3-PA,1528,28,4,1,8619,8652,C
3-PA,1529,8658,0,1,0,8659,A
3-PA,1530,0,8599,1,3,8603,T
3-PA,1531,0,8614,0,3,8617,T
3-PA,1532,1,8556,1,1,8559,T
3-PA,1533,8536,2,4,0,8542,A
3-PA,1534,8528,2,12,2,8544,A
3-PA,1535,1,19,8518,1,8539,G
3-PA,1536,19,11,8625,0,8655,G
3-PA,1537,8229,1,5,1,8236,A
3-PA,1538,8265,0,12,0,8277,A
3-PA,1539,0,8291,0,9,8300,T
3-PA,1540,2,39,8328,0,8369,G
3-PA,1541,8624,0,14,2,8640,A
3-PA,1542,0,3,0,8626,8629,C
3-PA,1543,8599,0,8,0,8607,A
3-PA,1544,2,3,0,8592,8597,C
3-PA,1545,8380,2,12,1,8395,A
3-PA,1546,1,13,8487,0,8501,G
3-PA,1547,8453,1,8,0,8462,A
3-PA,1548,3,3,0,8407,8413,C
3-PA,1549,0,0,8354,1,8355,G
3-PA,1550,0,7886,0,8,7894,T
3-PA,1551,2,15,7918,0,7935,G
3-PA,1552,4,1,7980,1,7986,G
3-PA,1553,1,7974,0,4,7979,T
3-PA,1554,7976,0,2,0,7978,A
3-PA,1555,7890,0,3,1,7894,A
3-PA,1556,7900,2,4,0,7906,A
3-PA,1557,0,7891,0,3,7894,T
3-PA,1558,0,7793,1,4,7798,T
3-PA,1559,0,7808,0,3,7811,T
3-PA,1560,2,7745,1,2,7750,T
3-PA,1561,3,2,7742,0,7747,G
3-PA,1562,1,7653,1,5,7660,T
3-PA,1563,6,37,7618,0,7661,G
3-PA,1564,7627,1,16,0,7644,A
3-PA,1565,2,4,7698,0,7704,G
3-PA,1566,6,2,1,7648,7657,C
3-PA,1567,7674,3,6,0,7683,A
3-PA,1568,4,7675,6,9,7694,T
3-PA,1569,2,11,7682,2,7697,G
3-PA,1570,0,16,7732,0,7748,G
3-PA,1571,7722,4,14,0,7740,A
3-PA,1572,6,0,7800,0,7806,G
3-PA,1573,1,7680,0,19,7700,T
3-PA,1574,0,7612,1,18,7631,T
3-PA,1575,1,7708,1,8,7718,T
3-PA,1576,1,7689,2,10,7702,T
3-PA,1577,12,4,0,7711,7727,C
3-PA,1578,2,7659,2,21,7684,T
3-PA,1579,15,1,0,7690,7706,C
3-PA,1580,2,7542,1,13,7558,T
3-PA,1581,29,2,0,7543,7574,C
3-PA,1582,7556,0,10,0,7566,A
3-PA,1583,3,3,1,7549,7556,C
3-PA,1584,2,7429,0,7,7438,T
3-PA,1585,3,32,7415,0,7450,G
3-PA,1586,7469,1,9,0,7479,A
3-PA,1587,3,0,0,7536,7539,C
3-PA,1588,10,3,0,7504,7517,C
3-PA,1589,36,5,1,7422,7464,C
3-PA,1590,2,14,7447,2,7465,G
3-PA,1591,7384,0,15,0,7399,A
3-PA,1592,3,18,7461,1,7483,G
3-PA,1593,7481,1,14,0,7496,A
3-PA,1594,3,0,1,7417,7421,C
3-PA,1595,0,7336,1,9,7346,T
3-PA,1596,0,7112,0,4,7116,T
3-PA,1597,1,17,7105,0,7123,G
3-PA,1598,7028,0,12,1,7041,A
3-PA,1599,2,1,7143,0,7146,G
3-PA,1600,3,3,0,7099,7105,C
3-PA,1601,15,3,0,6932,6950,C
3-PA,1602,7081,3,8,0,7092,A
3-PA,1603,1,1,0,7110,7112,C
3-PA,1604,7132,1,5,0,7138,A
3-PA,1605,0,7129,0,2,7131,T
3-PA,1606,7114,2,2,1,7119,A
3-PA,1607,7073,3,6,2,7084,A
3-PA,1608,7088,0,5,0,7093,A
3-PA,1609,0,7064,0,1,7065,T
3-PA,1610,2,29,7029,0,7060,G
3-PA,1611,2,13,6956,1,6972,G
3-PA,1612,0,18,6983,1,7002,G
3-PA,1613,6871,5,12,0,6888,A
3-PA,1614,1,11,7031,1,7044,G
3-PA,1615,6964,0,7,2,6973,A
3-PA,1616,6960,0,4,0,6964,A
3-PA,1617,7013,2,24,2,7041,A
3-PA,1618,1,7066,0,3,7070,T
3-PA,1619,7073,0,5,0,7078,A
3-PA,1620,2,0,0,7065,7067,C
3-PA,1621,0,6191,0,4,6195,T
3-PA,1622,4,2,6201,0,6207,G
3-PA,1623,0,5888,0,9,5897,T
3-PA,1624,3,1,6165,1,6170,G
3-PA,1625,1,6129,6,7,6143,T
3-PA,1626,26,1,0,6007,6034,C
3-PA,1627,9,0,0,6023,6032,C
3-PA,1628,2,5972,0,8,5982,T
3-PA,1629,0,6009,0,5,6014,T
3-PA,1630,3,12,6042,0,6057,G
3-PA,1631,5995,0,14,1,6010,A
3-PA,1632,0,10,6166,0,6176,G
3-PA,1633,5840,3,8,1,5852,A
3-PA,1634,0,5857,0,5,5862,T
3-PA,1635,5751,0,8,0,5759,A
3-PA,1636,3,6,5895,1,5905,G
3-PA,1637,1,19,5916,1,5937,G
3-PA,1638,5860,1,11,0,5872,A
3-PA,1639,2,10,5896,0,5908,G
3-PA,1640,5799,0,9,0,5808,A
3-PA,1641,0,5800,0,2,5802,T
3-PA,1642,5859,0,3,0,5862,A
3-PA,1643,0,5851,0,1,5852,T
3-PA,1644,3,1,5941,0,5945,G
3-PA,1645,1,5889,0,12,5902,T
3-PA,1646,0,5838,0,9,5847,T
3-PA,1647,5995,0,6,0,6001,A
3-PA,1648,2,1,0,5993,5996,C
3-PA,1649,0,5907,1,5,5913,T
3-PA,1650,5936,0,1,0,5937,A
3-PA,1651,5868,1,6,1,5876,A
3-PA,1652,1,7,5941,0,5949,G
3-PA,1653,5864,5,3,0,5872,A
3-PA,1654,5750,1,3,0,5754,A
3-PA,1655,0,2,5629,0,5631,G
3-PA,1656,1,5647,0,7,5655,T
3-PA,1657,5,2,5711,0,5718,G
3-PA,1658,0,2,0,5746,5748,C
3-PA,1659,14,3,0,5721,5738,C
3-PA,1660,5738,1,12,0,5751,A
3-PA,1661,0,5687,0,2,5689,T
3-PA,1662,5668,0,3,0,5671,A
3-PA,1663,1,4,5702,0,5707,G
3-PA,1664,11,5,5640,0,5656,G
3-PA,1665,1,2,0,5641,5644,C
3-PA,1666,15,2,0,5589,5606,C
3-PA,1667,5618,1,2,0,5621,A
3-PA,1668,5605,1,0,0,5606,A
3-PA,1669,5621,2,0,0,5623,A
3-PA,1670,0,5736,0,5,5741,T
3-PA,1671,1,5721,1,2,5725,T
3-PA,1672,1,5669,0,2,5672,T
3-PA,1673,14,0,0,5684,5698,C
3-PA,1674,5651,2,5,1,5659,A
3-PA,1675,5697,0,5,0,5702,A
3-PA,1676,0,13,5703,0,5716,G
3-PA,1677,1,1,5741,0,5743,G
3-PA,1678,1,2,0,5749,5752,C
3-PA,1679,11,3,0,5642,5656,C
3-PA,1680,4,5,5665,0,5674,G
3-PA,1681,5855,0,5,2,5862,A
3-PA,1682,0,5878,0,4,5882,T
3-PA,1683,1,0,6060,0,6061,G
3-PA,1684,1,6050,1,5,6057,T
3-PA,1685,0,6229,1,11,6241,T
3-PA,1686,24,0,0,6265,6289,C
3-PA,1687,4,6271,2,17,6294,T
3-PA,1688,0,6356,1,5,6362,T
3-PA,1689,8,1,6426,0,6435,G
3-PA,1690,1,6284,0,1,6286,T
3-PA,1691,6314,2,4,0,6320,A
3-PA,1692,0,6175,0,7,6182,T
3-PA,1693,2,2,6179,0,6183,G
3-PA,1694,0,6006,0,4,6010,T
3-PA,1695,1,12,5989,0,6002,G
3-PA,1696,5909,0,15,0,5924,A
3-PA,1697,4,12,5968,0,5984,G
3-PA,1698,2,15,5973,0,5990,G
3-PA,1699,5978,0,7,0,5985,A
3-PA,1700,2,4,0,5997,6003,C
3-PA,1701,5965,0,9,1,5975,A
3-PA,1702,5946,1,9,0,5956,A
3-PA,1703,5972,0,9,0,5981,A
3-PA,1704,1,3,0,5979,5983,C
3-PA,1705,4,15,5952,0,5971,G
3-PA,1706,1,12,6035,0,6048,G
3-PA,1707,5969,0,7,0,5976,A
3-PA,1708,5977,1,14,0,5992,A
3-PA,1709,1,2,0,6068,6071,C
3-PA,1710,6048,0,4,0,6052,A
3-PA,1711,1,6070,0,5,6076,T
3-PA,1712,9,3,0,6038,6050,C
3-PA,1713,6045,0,9,2,6056,A
3-PA,1714,6057,1,1,0,6059,A
3-PA,1715,5931,3,10,0,5944,A
3-PA,1716,20,9,6027,0,6056,G
3-PA,1717,2,5,6066,0,6073,G
3-PA,1718,1,5981,0,10,5992,T
3-PA,1719,13,0,1,5987,6001,C
3-PA,1720,6000,0,7,0,6007,A
3-PA,1721,6033,3,3,0,6039,A
3-PA,1722,6021,1,4,0,6026,A
3-PA,1723,6055,0,5,2,6062,A
3-PA,1724,1,6075,1,0,6077,T
3-PA,1725,1,16,6100,0,6117,G
3-PA,1726,6045,0,7,1,6053,A
3-PA,1727,6028,0,14,0,6042,A
3-PA,1728,6045,0,18,0,6063,A
3-PA,1729,0,6069,1,2,6072,T
3-PA,1730,0,18,6131,0,6149,G
3-PA,1731,1,20,6154,0,6175,G
3-PA,1732,4,7,6151,0,6162,G
3-PA,1733,0,14,6214,1,6229,G
3-PA,1734,6078,2,10,2,6092,A
3-PA,1735,6142,3,10,0,6155,A
3-PA,1736,0,6162,0,4,6166,T
3-PA,1737,1,8,6196,0,6205,G
3-PA,1738,3,14,6263,0,6280,G
3-PA,1739,6155,2,12,1,6170,A
3-PA,1740,1,6,6316,0,6323,G
3-PA,1741,6254,0,12,0,6266,A
3-PA,1742,0,6195,2,4,6201,T
3-PA,1743,1,24,6181,0,6206,G
3-PA,1744,6114,4,8,0,6126,A
3-PA,1745,1,15,6164,0,6180,G
3-PA,1746,6142,0,13,1,6156,A
3-PA,1747,0,1,0,6080,6081,C
3-PA,1748,1,0,6053,1,6055,G
3-PA,1749,0,6010,0,4,6014,T
3-PA,1750,2,5992,0,4,5998,T
3-PA,1751,3,3,6045,0,6051,G
3-PA,1752,3,1,0,6023,6027,C
3-PA,1753,7,1,0,6042,6050,C
3-PA,1754,1,6012,0,11,6024,T
3-PA,1755,13,1,0,6201,6215,C
3-PA,1756,8,0,0,6239,6247,C
3-PA,1757,2,6228,2,18,6250,T
3-PA,1758,0,6265,0,7,6272,T
3-PA,1759,7,2,1,6258,6268,C
3-PA,1760,6222,0,6,0,6228,A
3-PA,1761,2,4,6255,0,6261,G
3-PA,1762,1,6175,1,16,6193,T
3-PA,1763,38,1,1,6223,6263,C
3-PA,1764,6104,0,5,1,6110,A
3-PA,1765,2,2,0,6538,6542,C
3-PA,1766,0,6485,1,13,6499,T
3-PA,1767,16,1,0,6526,6543,C
3-PA,1768,8,3,0,6539,6550,C
3-PA,1769,6534,1,10,1,6546,A
3-PA,1770,1,0,6547,0,6548,G
3-PA,1771,1,2,0,6528,6531,C
3-PA,1772,6460,0,7,1,6468,A
3-PA,1773,1,9,6525,1,6536,G
3-PA,1774,6205,1,6,0,6212,A
3-PA,1775,0,6198,1,7,6206,T
3-PA,1776,13,3,1,6204,6221,C
3-PA,1777,3,9,6209,0,6221,G
3-PA,1778,6208,2,1,0,6211,A
3-PA,1779,6153,0,5,0,6158,A
3-PA,1780,6170,2,11,0,6183,A
3-PA,1781,0,2,6248,0,6250,G
3-PA,1782,5,11,0,6225,6241,C
3-PA,1783,6242,1,3,0,6246,A
3-PA,1784,2,6242,0,4,6248,T
3-PA,1785,2,19,6360,0,6381,G
3-PA,1786,6415,2,6,0,6423,A
3-PA,1787,1,6415,0,6,6422,T
3-PA,1788,0,6410,1,7,6418,T
3-PA,1789,0,8,6420,1,6429,G
3-PA,1790,6331,3,11,0,6345,A
3-PA,1791,6340,0,12,1,6353,A
3-PA,1792,2,3,6386,0,6391,G
3-PA,1793,5,0,0,6370,6375,C
3-PA,1794,4,4,0,6292,6300,C
3-PA,1795,2,10,6277,0,6289,G
3-PA,1796,6271,0,7,0,6278,A
3-PA,1797,1,1,6364,0,6366,G
3-PA,1798,2,6324,1,9,6336,T
3-PA,1799,25,1,0,6293,6319,C
3-PA,1800,14,2,1,6320,6337,C
3-PA,1801,2,6279,0,11,6292,T
3-PA,1802,4,2,1,6382,6389,C
3-PA,1803,0,17,6388,0,6405,G
3-PA,1804,1,1,6674,1,6677,G
3-PA,1805,0,6637,3,7,6647,T
3-PA,1806,1,6602,0,4,6607,T
3-PA,1807,6610,2,4,0,6616,A
3-PA,1808,6666,3,6,0,6675,A
3-PA,1809,6693,1,17,0,6711,A
3-PA,1810,2,15,6841,0,6858,G
3-PA,1811,6740,0,13,1,6754,A
3-PA,1812,227,10,6552,0,6789,G
3-PA,1813,6568,0,11,0,6579,A
3-PA,1814,6585,0,9,0,6594,A
3-PA,1815,6615,1,26,1,6643,A
3-PA,1816,1,16,6700,0,6717,G
3-PA,1817,6631,0,18,0,6649,A
3-PA,1818,0,1,0,6651,6652,C
3-PA,1819,6497,1,14,0,6512,A
3-PA,1820,1,6464,2,7,6474,T
3-PA,1821,4,30,6462,0,6496,G
3-PA,1822,6565,1,12,0,6578,A
3-PA,1823,0,2,0,6600,6602,C
3-PA,1824,17,2,0,6552,6571,C
3-PA,1825,6502,1,6,0,6509,A
3-PA,1826,6510,0,6,1,6517,A
3-PA,1827,6497,0,13,0,6510,A
3-PA,1828,3,19,6533,1,6556,G
3-PA,1829,6480,1,7,1,6489,A
3-PA,1830,1,0,6548,0,6549,G
3-PA,1831,0,6411,3,5,6419,T
3-PA,1832,0,6370,1,7,6378,T
3-PA,1833,0,6391,1,5,6397,T
3-PA,1834,0,6403,1,2,6406,T
3-PA,1835,1,6428,0,3,6432,T
3-PA,1836,1,6415,0,5,6421,T
3-PA,1837,0,15,6424,0,6439,G
3-PA,1838,6336,1,13,0,6350,A
3-PA,1839,1,17,6432,2,6452,G
3-PA,1840,6401,1,5,0,6407,A
3-PA,1841,6409,2,2,1,6414,A
3-PA,1842,0,6418,0,5,6423,T
3-PA,1843,6442,1,0,0,6443,A
3-PA,1844,6614,0,11,0,6625,A
3-PA,1845,6664,0,4,0,6668,A
3-PA,1846,4,6653,0,7,6664,T
3-PA,1847,22,0,0,6701,6723,C
3-PA,1848,6662,0,9,0,6671,A
3-PA,1849,0,11,6669,0,6680,G
3-PA,1850,6642,1,6,0,6649,A
3-PA,1851,6670,1,10,0,6681,A
3-PA,1852,1,1,6752,1,6755,G
3-PA,1853,2,0,0,6618,6620,C
3-PA,1854,6579,0,8,0,6587,A
3-PA,1855,2,6551,1,7,6561,T
3-PA,1856,3,15,6566,0,6584,G
3-PA,1857,4,2,6693,0,6699,G
3-PA,1858,4,2,0,6635,6641,C
3-PA,1859,10,1,0,6847,6858,C
3-PA,1860,23,1,1,6867,6892,C
3-PA,1861,7028,2,0,0,7030,A
3-PA,1862,0,7020,3,3,7026,T
3-PA,1863,1,7027,3,7,7038,T
3-PA,1864,3,19,7023,1,7046,G
3-PA,1865,2,28,7028,0,7058,G
3-PA,1866,0,7,6955,1,6963,G
3-PA,1867,1,11,6965,1,6978,G
3-PA,1868,6603,0,9,0,6612,A
3-PA,1869,0,1,6738,1,6740,G
3-PA,1870,1,6607,0,15,6623,T
3-PA,1871,26,6,0,6768,6800,C
3-PA,1872,14,2,0,7119,7135,C
3-PA,1873,18,2,0,7116,7136,C
3-PA,1874,23,7,0,7087,7117,C
3-PA,1875,24,1,0,7129,7154,C
3-PA,1876,7157,0,1,0,7158,A
3-PA,1877,7157,2,6,1,7166,A
3-PA,1878,2,18,7153,0,7173,G
3-PA,1879,1,23,7015,1,7040,G
3-PA,1880,1,21,7071,0,7093,G
3-PA,1881,6374,1,9,0,6384,A
3-PA,1882,0,0,6513,0,6513,G
3-PA,1883,0,6499,1,6,6506,T
3-PA,1884,3,11,6510,0,6524,G
3-PA,1885,2,5,6562,0,6569,G
3-PA,1886,6546,2,5,0,6553,A
3-PA,1887,6548,2,10,4,6564,A
3-PA,1888,0,11,6556,0,6567,G
3-PA,1889,6490,0,10,1,6501,A
3-PA,1890,6504,1,5,1,6511,A
3-PA,1891,0,18,6429,0,6447,G
3-PA,1892,1,3,6455,2,6461,G
3-PA,1893,2,6423,0,8,6433,T
3-PA,1894,3,6354,0,11,6368,T
3-PA,1895,17,1,0,6366,6384,C
3-PA,1896,7,2,0,6396,6405,C
3-PA,1897,6410,0,2,0,6412,A
3-PA,1898,0,6418,0,2,6420,T
3-PA,1899,1,6390,0,4,6395,T
3-PA,1900,3,18,6398,0,6419,G
3-PA,1901,6,10,6356,0,6372,G
3-PA,1902,5,7,6377,0,6389,G
3-PA,1903,6388,5,6,0,6399,A
3-PA,1904,6375,1,3,1,6380,A
3-PA,1905,6416,1,5,1,6423,A
3-PA,1906,1,0,6602,0,6603,G
3-PA,1907,1,6549,0,5,6555,T
3-PA,1908,14,1,0,6675,6690,C
3-PA,1909,2,6631,0,7,6640,T
3-PA,1910,5,3,6680,1,6689,G
3-PA,1911,1,6686,0,6,6693,T
3-PA,1912,6676,1,6,0,6683,A
3-PA,1913,1,7,6708,0,6716,G
3-PA,1914,1,19,6599,0,6619,G
3-PA,1915,6435,1,12,1,6449,A
3-PA,1916,3,1,0,6446,6450,C
3-PA,1917,0,6278,0,11,6289,T
3-PA,1918,10,3,2,6684,6699,C
3-PA,1919,0,6648,0,4,6652,T
3-PA,1920,6657,1,4,1,6663,A
3-PA,1921,0,6642,2,5,6649,T
3-PA,1922,2,6592,0,5,6599,T
3-PA,1923,2,9,6687,0,6698,G
3-PA,1924,1,1,6666,0,6668,G
3-PA,1925,1,3,0,6665,6669,C
3-PA,1926,0,6612,0,5,6617,T
3-PA,1927,6157,0,0,1,6158,A
3-PA,1928,6206,1,8,0,6215,A
3-PA,1929,2,0,6273,0,6275,G
3-PA,1930,0,6264,0,7,6271,T
3-PA,1931,35,2,0,6225,6262,C
3-PA,1932,6112,0,14,2,6128,A
3-PA,1933,4,0,6425,0,6429,G
3-PA,1934,0,6412,0,5,6417,T
3-PA,1935,6652,1,2,0,6655,A
3-PA,1936,0,6667,0,8,6675,T
3-PA,1937,1,6709,0,7,6717,T
3-PA,1938,22,2,1,6708,6733,C
3-PA,1939,6693,1,3,1,6698,A
3-PA,1940,6692,0,7,0,6699,A
3-PA,1941,0,6697,1,1,6699,T
3-PA,1942,6460,0,2,0,6462,A
3-PA,1943,1,3,6543,0,6547,G
3-PA,1944,0,1,0,6445,6446,C
3-PA,1945,15,1,1,6470,6487,C
3-PA,1946,1,6348,0,8,6357,T
3-PA,1947,2,2,6569,0,6573,G
3-PA,1948,0,6561,0,11,6572,T
3-PA,1949,6591,1,2,1,6595,A
3-PA,1950,0,6581,1,15,6597,T
3-PA,1951,9,1,6453,0,6463,G
3-PA,1952,2,4,1,6450,6457,C
3-PA,1953,6304,0,2,0,6306,A
3-PA,1954,2,6248,0,6,6256,T
3-PA,1955,11,1,0,6239,6251,C
3-PA,1956,6079,2,8,1,6090,A
3-PA,1957,1,1,0,6176,6178,C
3-PA,1958,14,3,0,6114,6131,C
3-PA,1959,6124,0,3,1,6128,A
3-PA,1960,1,0,1,6168,6170,C
3-PA,1961,6108,0,1,0,6109,A
3-PA,1962,6142,0,1,3,6146,A
3-PA,1963,0,6131,0,1,6132,T
3-PA,1964,1,6112,1,2,6116,T
3-PA,1965,0,7,6091,0,6098,G
3-PA,1966,1,8,6032,1,6042,G
3-PA,1967,6006,0,6,0,6012,A
3-PA,1968,6028,0,9,0,6037,A
3-PA,1969,1,16,5953,1,5971,G
3-PA,1970,0,6,5996,0,6002,G
3-PA,1971,5958,0,7,2,5967,A
3-PA,1972,3,5963,1,7,5974,T
3-PA,1973,1,5980,0,9,5990,T
3-PA,1974,0,5978,0,9,5987,T
3-PA,1975,1,5965,1,5,5972,T
3-PA,1976,11,4,0,5981,5996,C
3-PA,1977,5945,0,14,1,5960,A
3-PA,1978,1,2,5966,0,5969,G
3-PA,1979,1,5,0,5903,5909,C
3-PA,1980,2,7,5876,1,5886,G
3-PA,1981,1,12,5895,0,5908,G
3-PA,1982,5862,0,9,0,5871,A
3-PA,1983,0,1,5967,0,5968,G
3-PA,1984,0,5965,0,8,5973,T
3-PA,1985,20,1,2,5994,6017,C
3-PA,1986,6037,2,6,0,6045,A
3-PA,1987,6030,0,13,0,6043,A
3-PA,1988,0,8,6043,0,6051,G
3-PA,1989,6030,1,8,0,6039,A
3-PA,1990,5999,0,8,0,6007,A
3-PA,1991,5976,0,9,2,5987,A
3-PA,1992,5863,0,14,0,5877,A
3-PA,1993,2,0,1,5925,5928,C
3-PA,1994,0,5802,0,4,5806,T
3-PA,1995,0,2,5845,0,5847,G
3-PA,1996,1,0,0,5822,5823,C
3-PA,1997,1,5797,0,10,5808,T
3-PA,1998,19,2,0,5827,5848,C
3-PA,1999,10,1,0,5819,5830,C
3-PA,2000,1,5899,0,3,5903,T
3-PA,2001,0,5889,2,11,5902,T
3-PA,2002,1,1,5905,0,5907,G
3-PA,2003,2,5903,1,11,5917,T
3-PA,2004,1,5831,2,1,5835,T
3-PA,2005,0,1,5921,0,5922,G
3-PA,2006,1,5880,0,8,5889,T
3-PA,2007,1,5842,0,15,5858,T
3-PA,2008,16,2,0,5845,5863,C
3-PA,2009,5744,0,13,0,5757,A
3-PA,2010,2,3,5806,0,5811,G
3-PA,2011,4,3,5794,0,5801,G
3-PA,2012,1,3,0,5872,5876,C
3-PA,2013,1,5813,0,6,5820,T
3-PA,2014,7,0,1,6040,6048,C
3-PA,2015,0,6012,1,1,6014,T
3-PA,2016,0,6034,0,3,6037,T
3-PA,2017,6026,0,14,1,6041,A
3-PA,2018,0,21,6018,0,6039,G
3-PA,2019,1,8,5945,0,5954,G
3-PA,2020,2,18,5910,0,5930,G
3-PA,2021,5746,3,16,0,5765,A
3-PA,2022,1,3,0,5757,5761,C
3-PA,2023,5341,0,7,0,5348,A
3-PA,2024,5462,0,5,0,5467,A
3-PA,2025,2,0,0,5521,5523,C
3-PA,2026,9,1,0,5489,5499,C
3-PA,2027,0,5450,1,15,5466,T
3-PA,2028,10,6,0,5438,5454,C
3-PA,2029,3,23,5423,0,5449,G
3-PA,2030,5465,0,5,0,5470,A
3-PA,2031,5473,0,9,1,5483,A
3-PA,2032,4,2,0,5497,5503,C
3-PA,2033,7,1,1,5339,5348,C
3-PA,2034,1,5247,1,4,5253,T
3-PA,2035,1,11,5223,1,5236,G
3-PA,2036,1,7,5211,0,5219,G
3-PA,2037,1,9,5224,0,5234,G
3-PA,2038,5228,0,10,0,5238,A
3-PA,2039,0,2,0,5231,5233,C
3-PA,2040,16,2,0,5194,5212,C
3-PA,2041,2,5134,1,7,5144,T
3-PA,2042,0,5168,0,8,5176,T
3-PA,2043,0,5177,0,6,5183,T
3-PA,2044,2,18,5161,1,5182,G
3-PA,2045,5184,1,7,0,5192,A
3-PA,2046,1,5181,0,13,5195,T
3-PA,2047,9,0,0,5221,5230,C
3-PA,2048,0,5080,0,5,5085,T
3-PA,2049,0,5045,0,5,5050,T
3-PA,2050,0,15,5025,0,5040,G
3-PA,2051,3,13,4989,0,5005,G
3-PA,2052,2,14,5007,0,5023,G
3-PA,2053,1,15,5019,2,5037,G
3-PA,2054,2,9,4946,0,4957,G
3-PA,2055,2,2,4993,0,4997,G
3-PA,2056,2,3,0,4976,4981,C
3-PA,2057,0,4956,0,4,4960,T
3-PA,2058,5149,0,5,0,5154,A
3-PA,2059,1,5152,0,6,5159,T
3-PA,2060,5141,0,8,0,5149,A
3-PA,2061,1,5147,0,2,5150,T
3-PA,2062,3,11,4906,1,4921,G
3-PA,2063,4867,1,11,0,4879,A
3-PA,2064,4762,1,3,0,4766,A
3-PA,2065,0,2,4796,0,4798,G
3-PA,2066,4,2,0,4848,4854,C
3-PA,2067,4576,0,1,0,4577,A
3-PA,2068,4743,0,1,0,4744,A
3-PA,2069,0,4729,0,4,4733,T
3-PA,2070,0,4716,0,3,4719,T
3-PA,2071,0,4,4725,0,4729,G
3-PA,2072,4675,1,21,0,4697,A
3-PA,2073,2,6,4701,0,4709,G
3-PA,2074,1,8,4686,0,4695,G
3-PA,2075,4447,0,3,0,4450,A
3-PA,2076,0,1,4528,0,4529,G
3-PA,2077,0,4134,3,1,4138,T
3-PA,2078,2,2,4131,0,4135,G
3-PA,2079,1,1,0,4119,4121,C
3-PA,2080,7,0,1,4114,4122,C
3-PA,2081,1,4111,0,5,4117,T
3-PA,2082,1,16,4149,0,4166,G
3-PA,2083,4159,0,2,0,4161,A
3-PA,2084,0,4190,0,1,4191,T
3-PA,2085,1,4045,0,3,4049,T
3-PA,2086,4024,0,1,0,4025,A
3-PA,2087,3996,0,5,0,4001,A
3-PA,2088,0,3976,0,5,3981,T
3-PA,2089,1,7,3975,0,3983,G
3-PA,2090,3948,2,3,0,3953,A
3-PA,2091,0,3849,0,6,3855,T
3-PA,2092,3,0,0,3853,3856,C
3-PA,2093,10,2,0,3804,3816,C
3-PA,2094,16,0,0,3810,3826,C
3-PA,2095,1,3808,0,8,3817,T
3-PA,2096,0,17,3810,0,3827,G
3-PA,2097,0,5,3816,0,3821,G
3-PA,2098,1,2,3864,0,3867,G
3-PA,2099,3,3826,0,3,3832,T
3-PA,2100,0,3646,0,2,3648,T
3-PA,2101,0,3641,0,7,3648,T
3-PA,2102,0,3635,0,1,3636,T
3-PA,2103,7,0,3649,0,3656,G
3-PA,2104,0,1,0,3659,3660,C
3-PA,2105,0,3588,0,5,3593,T
3-PA,2106,19,0,0,3582,3601,C
3-PA,2107,3465,1,2,0,3468,A
3-PA,2108,3469,2,4,0,3475,A
3-PA,2109,0,3472,0,0,3472,T
3-PA,2110,0,1,3475,1,3477,G
3-PA,2111,2,2,0,3443,3447,C
3-PA,2112,1,1,3416,1,3419,G
3-PA,2113,0,3398,0,5,3403,T
3-PA,2114,8,1,1,3390,3400,C
3-PA,2115,0,3384,0,4,3388,T
3-PA,2116,0,3398,0,3,3401,T
3-PA,2117,0,9,3355,0,3364,G
3-PA,2118,1,1,3374,0,3376,G
3-PA,2119,0,3354,0,4,3358,T
3-PA,2120,2,3336,0,4,3342,T
3-PA,2121,12,2,0,3251,3265,C
3-PA,2122,3225,1,1,1,3228,A
3-PA,2123,3231,0,3,0,3234,A
3-PA,2124,0,2,0,3213,3215,C
3-PA,2125,0,3179,0,5,3184,T
3-PA,2126,8,0,1,3172,3181,C
3-PA,2127,8,2,0,3012,3022,C
3-PA,2128,0,2998,0,7,3005,T
3-PA,2129,0,2988,0,4,2992,T
3-PA,2130,4,0,0,2998,3002,C
3-PA,2131,7,2,0,2983,2992,C
3-PA,2132,1,2918,0,6,2925,T
3-PA,2133,1,14,2898,0,2913,G
3-PA,2134,2908,1,8,1,2918,A
3-PA,2135,2,2,0,2852,2856,C
3-PA,2136,2688,0,6,0,2694,A
3-PA,2137,0,1,0,2573,2574,C
3-PA,2138,2520,0,4,0,2524,A
3-PA,2139,0,2495,0,3,2498,T
3-PA,2140,1,1,2487,0,2489,G
3-PA,2141,0,2,1,2473,2476,C
3-PA,2142,2428,0,1,0,2429,A
3-PA,2143,0,2421,0,2,2423,T
3-PA,2144,0,2367,0,2,2369,T
3-PA,2145,2366,0,1,0,2367,A
3-PA,2146,2349,0,7,1,2357,A
3-PA,2147,2359,0,0,0,2359,A
3-PA,2148,2346,0,5,0,2351,A
3-PA,2149,0,2332,0,0,2332,T
3-PA,2150,1872,0,0,0,1872,A
3-PA,2151,0,0,1871,0,1871,G
4-HA,1,1766,0,0,0,1766,A
4-HA,2,0,1784,0,0,1784,T
4-HA,3,0,0,1846,0,1846,G
4-HA,4,1849,1,2,0,1852,A
4-HA,5,1871,0,8,0,1879,A
4-HA,6,3,6,2020,0,2029,G
4-HA,7,2002,0,26,0,2028,A
4-HA,8,0,0,0,2226,2226,C
4-HA,9,0,2241,0,5,2246,T
4-HA,10,2311,0,6,0,2317,A
4-HA,11,1,2382,0,4,2387,T
4-HA,12,5,1,0,2405,2411,C
4-HA,13,2406,0,0,0,2406,A
4-HA,14,0,2411,0,3,2414,T
4-HA,15,0,2416,1,0,2417,T
4-HA,16,1,2,2628,1,2632,G
4-HA,17,0,0,0,2648,2648,C
4-HA,18,0,2645,0,7,2652,T
4-HA,19,1,2654,1,4,2660,T
4-HA,20,0,2666,0,1,2667,T
4-HA,21,2,8,2814,0,2824,G
4-HA,22,2841,1,1,1,2844,A
4-HA,23,3,1,2959,0,2963,G
4-HA,24,1,3,0,2971,2975,C
4-HA,25,0,2980,1,4,2985,T
4-HA,26,3209,1,2,0,3212,A
4-HA,27,0,2,0,3266,3268,C
4-HA,28,3317,0,6,0,3323,A
4-HA,29,0,3503,0,9,3512,T
4-HA,30,0,3495,0,3,3498,T
4-HA,31,2,1,0,3554,3557,C
4-HA,32,0,3525,0,12,3537,T
4-HA,33,3587,1,4,0,3592,A
4-HA,34,0,3609,0,11,3620,T
4-HA,35,2,3,3617,1,3623,G
4-HA,36,0,3641,0,2,3643,T
4-HA,37,7,0,0,3621,3628,C
4-HA,38,0,3610,0,9,3619,T
4-HA,39,1,7,3617,1,3626,G
4-HA,40,1,1,3623,1,3626,G
4-HA,41,0,3616,0,5,3621,T
4-HA,42,0,3613,0,4,3617,T
4-HA,43,0,3621,1,0,3622,T
4-HA,44,0,3636,0,2,3638,T
4-HA,45,6,0,0,3624,3630,C
4-HA,46,2,2,3616,0,3620,G
4-HA,47,1,1,0,3687,3689,C
4-HA,48,0,3636,0,11,3647,T
4-HA,49,17,0,0,3694,3711,C
4-HA,50,3715,1,1,0,3717,A
4-HA,51,3712,2,1,0,3715,A
4-HA,52,3713,0,0,0,3713,A
4-HA,53,3710,0,4,2,3716,A
4-HA,54,3696,1,8,0,3705,A
4-HA,55,1,0,0,3753,3754,C
4-HA,56,0,3734,0,8,3742,T
4-HA,57,0,3747,0,0,3747,T
4-HA,58,6,0,0,3739,3745,C
4-HA,59,7,0,0,3750,3757,C
4-HA,60,1,3739,0,7,3747,T
4-HA,61,1,7,3804,0,3812,G
4-HA,62,1,14,3795,0,3810,G
4-HA,63,3810,0,1,0,3811,A
4-HA,64,3854,0,2,1,3857,A
4-HA,65,3859,0,5,0,3864,A
4-HA,66,0,3911,0,3,3914,T
4-HA,67,1,18,3977,0,3996,G
4-HA,68,3975,0,8,1,3984,A
4-HA,69,1,1,0,3996,3998,C
4-HA,70,3978,1,4,1,3984,A
4-HA,71,278,0,3686,0,3964,G
4-HA,72,0,1,0,4069,4070,C
4-HA,73,4069,0,6,0,4075,A
4-HA,74,2,1,4093,0,4096,G
4-HA,75,2,0,0,4083,4085,C
4-HA,76,4085,2,3,0,4090,A
4-HA,77,1,3,0,4253,4257,C
4-HA,78,2,10,4236,0,4248,G
4-HA,79,2,3,4268,1,4274,G
4-HA,80,1,4,0,4284,4289,C
4-HA,81,4262,0,4,0,4266,A
4-HA,82,4343,0,5,0,4348,A
4-HA,83,1,3,0,4388,4392,C
4-HA,84,4,0,4424,0,4428,G
4-HA,85,2,1,0,4448,4451,C
4-HA,86,2,4374,0,9,4385,T
4-HA,87,2,1,4470,0,4473,G
4-HA,88,0,4456,0,1,4457,T
4-HA,89,0,2,4644,0,4646,G
4-HA,90,2,0,0,4737,4739,C
4-HA,91,8,1,0,4823,4832,C
4-HA,92,2,4803,0,8,4813,T
4-HA,93,1,4780,1,4,4786,T
4-HA,94,3,30,4763,1,4797,G
4-HA,95,4,13,4820,0,4837,G
4-HA,96,1,1,4923,0,4925,G
4-HA,97,0,1,0,4923,4924,C
4-HA,98,4889,1,4,0,4894,A
4-HA,99,1,3,0,4950,4954,C
4-HA,100,14,2,0,4868,4884,C
4-HA,101,5414,0,6,1,5421,A
4-HA,102,0,5426,0,1,5427,T
4-HA,103,1,2,5427,0,5430,G
4-HA,104,0,1,0,5438,5439,C
4-HA,105,5343,4,8,1,5356,A
4-HA,106,7,1,5767,0,5775,G
4-HA,107,0,5768,0,4,5772,T
4-HA,108,5805,1,5,0,5811,A
4-HA,109,1,4,0,5787,5792,C
4-HA,110,12,3,0,5606,5621,C
4-HA,111,5630,0,5,0,5635,A
4-HA,112,5633,0,3,2,5638,A
4-HA,113,5637,0,8,0,5645,A
4-HA,114,2,9,1,5668,5680,C
4-HA,115,2,11,5516,0,5529,G
4-HA,116,0,19,5602,1,5622,G
4-HA,117,5587,0,7,0,5594,A
4-HA,118,5620,0,10,0,5630,A
4-HA,119,2,2,0,5633,5637,C
4-HA,120,3,10,5620,0,5633,G
4-HA,121,5712,0,2,0,5714,A
4-HA,122,0,5717,0,2,5719,T
4-HA,123,5744,1,1,0,5746,A
4-HA,124,1,1,5790,0,5792,G
4-HA,125,1,5709,1,3,5714,T
4-HA,126,2,17,5718,0,5737,G
4-HA,127,5730,0,5,1,5736,A
4-HA,128,5744,0,4,1,5749,A
4-HA,129,5749,1,8,0,5758,A
4-HA,130,5729,1,2,3,5735,A
4-HA,131,0,1,0,5814,5815,C
4-HA,132,5806,0,3,0,5809,A
4-HA,133,5815,0,8,1,5824,A
4-HA,134,0,5785,0,10,5795,T
4-HA,135,19,0,1,5792,5812,C
4-HA,136,5810,0,4,0,5814,A
4-HA,137,0,8,0,5847,5855,C
4-HA,138,3,21,5818,0,5842,G
4-HA,139,5827,5,5,0,5837,A
4-HA,140,5794,0,9,0,5803,A
4-HA,141,1,5805,0,2,5808,T
4-HA,142,5,54,5754,2,5815,G
4-HA,143,5831,1,4,0,5836,A
4-HA,144,0,1,0,5843,5844,C
4-HA,145,11,3,0,5833,5847,C
4-HA,146,5891,1,3,0,5895,A
4-HA,147,5898,1,5,0,5904,A
4-HA,148,5907,0,8,1,5916,A
4-HA,149,0,5930,0,2,5932,T
4-HA,150,0,5921,1,2,5924,T
4-HA,151,0,10,5955,0,5965,G
4-HA,152,5943,0,2,0,5945,A
4-HA,153,5954,1,9,1,5965,A
4-HA,154,2,1,5988,0,5991,G
4-HA,155,2,5946,1,7,5956,T
4-HA,156,0,6062,1,2,6065,T
4-HA,157,6104,1,0,0,6105,A
4-HA,158,2,2,0,6137,6141,C
4-HA,159,1,6146,0,2,6149,T
4-HA,160,6119,1,3,0,6123,A
4-HA,161,6161,0,8,1,6170,A
4-HA,162,1,6172,1,2,6176,T
4-HA,163,2,1,6160,0,6163,G
4-HA,164,4,1,0,6148,6153,C
4-HA,165,6047,3,9,1,6060,A
4-HA,166,6195,4,9,1,6209,A
4-HA,167,0,2,0,6219,6221,C
4-HA,168,2,6203,0,4,6209,T
4-HA,169,2,22,6222,2,6248,G
4-HA,170,6188,0,6,0,6194,A
4-HA,171,3,0,6222,0,6225,G
4-HA,172,2,2,0,6223,6227,C
4-HA,173,1,6127,1,11,6140,T
4-HA,174,1,11,6304,0,6316,G
4-HA,175,3,2,6420,0,6425,G
4-HA,176,1,6436,1,5,6443,T
4-HA,177,1,6426,0,10,6437,T
4-HA,178,23,3,0,6398,6424,C
4-HA,179,6397,1,13,0,6411,A
4-HA,180,1,19,6408,0,6428,G
4-HA,181,6415,0,7,0,6422,A
4-HA,182,1,2,6583,0,6586,G
4-HA,183,2,6474,0,14,6490,T
4-HA,184,1,6362,0,3,6366,T
4-HA,185,23,4,0,6386,6413,C
4-HA,186,5,1,0,6449,6455,C
4-HA,187,1,6378,1,17,6397,T
4-HA,188,9,1,0,6448,6458,C
4-HA,189,6439,0,6,0,6445,A
4-HA,190,6455,2,6,0,6463,A
4-HA,191,4,3,0,6491,6498,C
4-HA,192,6313,1,9,0,6323,A
4-HA,193,2,4,6469,0,6475,G
4-HA,194,1,6,6471,0,6478,G
4-HA,195,0,6437,2,5,6444,T
4-HA,196,1,14,6466,0,6481,G
4-HA,197,6460,2,6,2,6470,A
4-HA,198,6468,0,14,0,6482,A
4-HA,199,6671,0,10,2,6683,A
4-HA,200,1,6631,0,2,6634,T
4-HA,201,6683,0,3,1,6687,A
4-HA,202,0,6589,1,4,6594,T
4-HA,203,2,1,6564,0,6567,G
4-HA,204,2,5,1,6605,6613,C
4-HA,205,5,26,6577,0,6608,G
4-HA,206,6610,1,10,0,6621,A
4-HA,207,0,1,0,6620,6621,C
4-HA,208,6464,0,4,0,6468,A
4-HA,209,4,2,6942,0,6948,G
4-HA,210,1,6886,0,11,6898,T
4-HA,211,20,2,0,6942,6964,C
4-HA,212,17,4,0,6963,6984,C
4-HA,213,0,6922,0,15,6937,T
4-HA,214,16,0,0,7072,7088,C
4-HA,215,7079,1,0,0,7080,A
4-HA,216,1,7056,0,12,7069,T
4-HA,217,8,1,0,7088,7097,C
4-HA,218,6702,0,7,0,6709,A
4-HA,219,4,12,6735,0,6751,G
4-HA,220,6658,0,13,0,6671,A
4-HA,221,0,6636,0,6,6642,T
4-HA,222,9,4,0,6708,6721,C
4-HA,223,13,3,0,6633,6649,C
4-HA,224,0,6628,0,8,6636,T
4-HA,225,2,6638,0,2,6642,T
4-HA,226,0,6,6635,0,6641,G
4-HA,227,6645,1,6,0,6652,A
4-HA,228,3,6624,0,6,6633,T
4-HA,229,1,17,6677,1,6696,G
4-HA,230,0,11,6676,2,6689,G
4-HA,231,6595,1,17,2,6615,A
4-HA,232,3,12,6655,0,6670,G
4-HA,233,6633,0,8,0,6641,A
4-HA,234,6662,2,16,0,6680,A
4-HA,235,6680,0,5,0,6685,A
4-HA,236,6675,0,15,2,6692,A
4-HA,237,2,4,0,6753,6759,C
4-HA,238,0,6639,1,4,6644,T
4-HA,239,3,1,6679,0,6683,G
4-HA,240,0,5,0,6666,6671,C
4-HA,241,6671,2,12,0,6685,A
4-HA,242,1,0,0,6911,6912,C
4-HA,243,6865,0,5,0,6870,A
4-HA,244,2,0,0,7818,7820,C
4-HA,245,0,7776,0,7,7783,T
4-HA,246,7895,1,3,0,7899,A
4-HA,247,7893,0,10,0,7903,A
4-HA,248,2,7912,1,2,7917,T
4-HA,249,7865,1,8,1,7875,A
4-HA,250,1,5,7905,0,7911,G
4-HA,251,7726,1,5,1,7733,A
4-HA,252,1,7604,0,4,7609,T
4-HA,253,2,5,7172,0,7179,G
4-HA,254,3,3,0,7224,7230,C
4-HA,255,1,7141,0,9,7151,T
4-HA,256,32,1,1,7678,7712,C
4-HA,257,1,7699,0,5,7705,T
4-HA,258,7920,3,2,1,7926,A
4-HA,259,0,7921,0,9,7930,T
4-HA,260,0,7878,0,7,7885,T
4-HA,261,5,25,7907,0,7937,G
4-HA,262,5,20,7865,0,7890,G
4-HA,263,2,16,7879,1,7898,G
4-HA,264,7741,3,19,0,7763,A
4-HA,265,1,20,7627,1,7649,G
4-HA,266,7454,1,8,0,7463,A
4-HA,267,4,5,0,7900,7909,C
4-HA,268,19,3,0,7945,7967,C
4-HA,269,30,3,0,7968,8001,C
4-HA,270,2,7933,0,27,7962,T
4-HA,271,14,4,0,8102,8120,C
4-HA,272,8075,2,8,2,8087,A
4-HA,273,4,2,8591,1,8598,G
4-HA,274,1,8568,1,11,8581,T
4-HA,275,5,1,8654,0,8660,G
4-HA,276,0,8351,0,11,8362,T
4-HA,277,3,19,8297,0,8319,G
4-HA,278,8289,3,8,1,8301,A
4-HA,279,1,8299,0,14,8314,T
4-HA,280,2,26,8171,0,8199,G
4-HA,281,3,2,8208,0,8213,G
4-HA,282,0,2,0,8075,8077,C
4-HA,283,1,8038,1,18,8058,T
4-HA,284,0,8010,0,6,8016,T
4-HA,285,10,1,1,8032,8044,C
4-HA,286,7,4,1,8026,8038,C
4-HA,287,8071,0,1,1,8073,A
4-HA,288,8074,0,12,0,8086,A
4-HA,289,8051,0,21,2,8074,A
4-HA,290,8103,0,2,0,8105,A
4-HA,291,0,8122,0,2,8124,T
4-HA,292,8090,1,4,0,8095,A
4-HA,293,8102,0,8,3,8113,A
4-HA,294,2,11,8159,0,8172,G
4-HA,295,8170,0,11,0,8181,A
4-HA,296,8189,1,6,0,8196,A
4-HA,297,8186,0,12,1,8199,A
4-HA,298,1,8183,0,3,8187,T
4-HA,299,5,29,8153,2,8189,G
4-HA,300,2,21,8167,1,8191,G
4-HA,301,4,25,8130,1,8160,G
4-HA,302,8143,2,18,0,8163,A
4-HA,303,4,3,0,8219,8226,C
4-HA,304,17,1,1,8196,8215,C
4-HA,305,3,8305,0,23,8331,T
4-HA,306,0,8323,0,11,8334,T
4-HA,307,3,8305,2,4,8314,T
4-HA,308,0,8380,2,4,8386,T
4-HA,309,0,8368,1,8,8377,T
4-HA,310,5,1,8412,0,8418,G
4-HA,311,1,8388,1,14,8404,T
4-HA,312,0,8347,1,7,8355,T
4-HA,313,14,40,8289,0,8343,G
4-HA,314,8270,3,7,1,8281,A
4-HA,315,8310,0,8,1,8319,A
4-HA,316,1,2,0,8335,8338,C
4-HA,317,2,0,8295,0,8297,G
4-HA,318,4,2,0,8418,8424,C
4-HA,319,8402,0,12,0,8414,A
4-HA,320,6,4,8421,0,8431,G
4-HA,321,2,1,0,8449,8452,C
4-HA,322,8446,0,6,0,8452,A
4-HA,323,8426,6,8,1,8441,A
4-HA,324,8426,0,13,0,8439,A
4-HA,325,1,2,8774,0,8777,G
4-HA,326,2,0,0,8772,8774,C
4-HA,327,11,1,0,8710,8722,C
4-HA,328,1,8683,0,10,8694,T
4-HA,329,8668,1,6,0,8675,A
4-HA,330,2,4,1,8756,8763,C
4-HA,331,8753,0,9,1,8763,A
4-HA,332,3,3,8768,0,8774,G
4-HA,333,3,4,0,8714,8721,C
4-HA,334,8477,0,9,0,8486,A
4-HA,335,8541,0,10,0,8551,A
4-HA,336,1,5,0,8897,8903,C
4-HA,337,2,8862,0,5,8869,T
4-HA,338,3,0,8892,0,8895,G
4-HA,339,0,8780,1,21,8802,T
4-HA,340,2,8794,0,10,8806,T
4-HA,341,8800,0,9,0,8809,A
4-HA,342,2,21,0,9383,9406,C
4-HA,343,20,3,0,9403,9426,C
4-HA,344,54,1,1,9539,9595,C
4-HA,345,4,9175,1,15,9195,T
4-HA,346,0,9213,2,8,9223,T
4-HA,347,9254,0,2,0,9256,A
4-HA,348,2,9214,0,8,9224,T
4-HA,349,4,15,9190,0,9209,G
4-HA,350,9156,2,8,0,9166,A
4-HA,351,1,8528,1,5,8535,T
4-HA,352,2,1,8614,0,8617,G
4-HA,353,1,8405,0,8,8414,T
4-HA,354,3,3,8370,1,8377,G
4-HA,355,3,3,1,8395,8402,C
4-HA,356,24,7,0,8362,8393,C
4-HA,357,6,18,8507,0,8531,G
4-HA,358,6,22,8611,1,8640,G
4-HA,359,8620,2,4,0,8626,A
4-HA,360,0,8621,0,6,8627,T
4-HA,361,0,8488,0,7,8495,T
4-HA,362,8561,0,6,0,8567,A
4-HA,363,0,8535,0,8,8543,T
4-HA,364,4,1,8540,0,8545,G
4-HA,365,8,5,0,8497,8510,C
4-HA,366,18,5,0,8436,8459,C
4-HA,367,4,8426,0,14,8444,T
4-HA,368,21,1,0,8867,8889,C
4-HA,369,14,2,2,8943,8961,C
4-HA,370,46,2,1,8957,9006,C
4-HA,371,1,8932,3,12,8948,T
4-HA,372,2,8945,1,7,8955,T
4-HA,373,8923,2,8,2,8935,A
4-HA,374,6,16,9120,1,9143,G
4-HA,375,2,3,9130,0,9135,G
4-HA,376,0,8971,3,20,8994,T
4-HA,377,47,6,1,8716,8770,C
4-HA,378,8659,1,8,1,8669,A
4-HA,379,0,0,0,8879,8879,C
4-HA,380,0,8884,0,6,8890,T
4-HA,381,8881,1,8,0,8890,A
4-HA,382,4,3,8882,0,8889,G
4-HA,383,0,8739,2,13,8754,T
4-HA,384,0,8656,0,12,8668,T
4-HA,385,2,4,8732,0,8738,G
4-HA,386,3,3,0,8731,8737,C
4-HA,387,12,3,0,8727,8742,C
4-HA,388,0,8576,1,15,8592,T
4-HA,389,9,2,0,8620,8631,C
4-HA,390,8900,0,4,1,8905,A
4-HA,391,0,8887,0,13,8900,T
4-HA,392,10,1,0,8914,8925,C
4-HA,393,20,6,3,8901,8930,C
4-HA,394,10,16,8821,0,8847,G
4-HA,395,4,3,8902,0,8909,G
4-HA,396,1,3,1,8926,8931,C
4-HA,397,8999,1,5,0,9005,A
4-HA,398,1,4,0,9106,9111,C
4-HA,399,8870,3,17,0,8890,A
4-HA,400,1,4,0,8926,8931,C
4-HA,401,2,8900,1,15,8918,T
4-HA,402,3,17,8959,0,8979,G
4-HA,403,1,27,9048,1,9077,G
4-HA,404,8956,1,20,1,8978,A
4-HA,405,3,1,9114,0,9118,G
4-HA,406,0,9001,1,12,9014,T
4-HA,407,0,8937,1,5,8943,T
4-HA,408,2,8948,0,4,8954,T
4-HA,409,8927,1,2,2,8932,A
4-HA,410,8938,1,14,1,8954,A
4-HA,411,5,5,0,8984,8994,C
4-HA,412,8810,0,2,0,8812,A
4-HA,413,8803,1,12,2,8818,A
4-HA,414,3,8747,0,0,8750,T
4-HA,415,0,13,8726,1,8740,G
4-HA,416,8704,2,10,0,8716,A
4-HA,417,8713,1,10,2,8726,A
4-HA,418,8709,1,14,0,8724,A
4-HA,419,10,4,8742,0,8756,G
4-HA,420,2,3,0,8797,8802,C
4-HA,421,1,8762,2,16,8781,T
4-HA,422,0,8760,0,10,8770,T
4-HA,423,12,1,2,8854,8869,C
4-HA,424,8888,2,8,4,8902,A
4-HA,425,8913,2,8,0,8923,A
4-HA,426,1,8902,0,8,8911,T
4-HA,427,1,8893,0,8,8902,T
4-HA,428,2,30,8996,0,9028,G
4-HA,429,2,33,9069,0,9104,G
4-HA,430,9106,1,11,0,9118,A
4-HA,431,1,1,1,9121,9124,C
4-HA,432,1,9011,1,12,9025,T
4-HA,433,7,13,9040,0,9060,G
4-HA,434,4,21,9070,0,9095,G
4-HA,435,9031,6,11,0,9048,A
4-HA,436,1,2,9104,0,9107,G
4-HA,437,3,8845,1,20,8869,T
4-HA,438,45,3,0,8748,8796,C
4-HA,439,8877,1,10,2,8890,A
4-HA,440,2,3,0,8950,8955,C
4-HA,441,2,8902,0,18,8922,T
4-HA,442,33,2,0,8919,8954,C
4-HA,443,8869,0,3,0,8872,A
4-HA,444,8924,0,4,2,8930,A
4-HA,445,8616,0,254,2,8872,A
4-HA,446,8905,0,11,0,8916,A
4-HA,447,1,10,0,8948,8959,C
4-HA,448,0,15,8853,0,8868,G
4-HA,449,0,33,8924,0,8957,G
4-HA,450,8666,2,242,0,8910,A
4-HA,451,8904,2,10,0,8916,A
4-HA,452,1,3,0,8953,8957,C
4-HA,453,8877,1,11,2,8891,A
4-HA,454,8944,0,11,1,8956,A
4-HA,455,2,3,9002,0,9007,G
4-HA,456,2,4,0,9009,9015,C
4-HA,457,0,8872,1,14,8887,T
4-HA,458,20,5,2,8940,8967,C
4-HA,459,6,8894,0,8,8908,T
4-HA,460,1,10,8923,0,8934,G
4-HA,461,3,2,0,8916,8921,C
4-HA,462,0,8925,1,20,8946,T
4-HA,463,2,9094,0,5,9101,T
4-HA,464,1,3,9251,0,9255,G
4-HA,465,3,4,1,9308,9316,C
4-HA,466,9319,2,6,0,9327,A
4-HA,467,0,9256,1,5,9262,T
4-HA,468,9205,16,9,0,9230,A
4-HA,469,9183,1,14,1,9199,A
4-HA,470,2,11,9203,0,9216,G
4-HA,471,0,20,9188,0,9208,G
4-HA,472,8794,1,9,0,8804,A
4-HA,473,3,10,8766,0,8779,G
4-HA,474,8651,2,14,1,8668,A
4-HA,475,2,8976,1,5,8984,T
4-HA,476,14,0,0,9076,9090,C
4-HA,477,3,9124,0,8,9135,T
4-HA,478,9138,0,3,2,9143,A
4-HA,479,9107,0,10,0,9117,A
4-HA,480,0,9121,0,5,9126,T
4-HA,481,9099,2,6,0,9107,A
4-HA,482,8988,1,6,0,8995,A
4-HA,483,11,1,0,9021,9033,C
4-HA,484,8590,3,9,0,8602,A
4-HA,485,2,0,8662,0,8664,G
4-HA,486,1,8488,0,10,8499,T
4-HA,487,1,8607,1,11,8620,T
4-HA,488,0,8610,1,6,8617,T
4-HA,489,9,2,0,8802,8813,C
4-HA,490,0,8787,2,13,8802,T
4-HA,491,0,8822,2,5,8829,T
4-HA,492,0,8825,0,9,8834,T
4-HA,493,8767,3,6,0,8776,A
4-HA,494,2,3,8773,1,8779,G
4-HA,495,0,8733,0,22,8755,T
4-HA,496,8677,2,4,0,8683,A
4-HA,497,2,9,8717,0,8728,G
4-HA,498,8501,1,12,1,8515,A
4-HA,499,0,8520,0,5,8525,T
4-HA,500,1,8503,0,3,8507,T
4-HA,501,1,22,8666,0,8689,G
4-HA,502,8655,1,3,0,8659,A
4-HA,503,8659,0,5,0,8664,A
4-HA,504,0,8656,0,7,8663,T
4-HA,505,1,8546,0,6,8553,T
4-HA,506,6,23,8638,0,8667,G
4-HA,507,1,1,8676,0,8678,G
4-HA,508,2,8672,1,13,8688,T
4-HA,509,5,8623,1,15,8644,T
4-HA,510,1,34,8482,0,8517,G
4-HA,511,8492,1,16,0,8509,A
4-HA,512,4,7,0,8463,8474,C
4-HA,513,27,3,0,8458,8488,C
4-HA,514,34,3,0,8428,8465,C
4-HA,515,8440,0,9,0,8449,A
4-HA,516,0,3,0,8516,8519,C
4-HA,517,0,8502,2,5,8509,T
4-HA,518,0,8506,0,6,8512,T
4-HA,519,8524,0,2,1,8527,A
4-HA,520,8491,0,2,0,8493,A
4-HA,521,8471,0,4,0,8475,A
4-HA,522,8562,0,5,0,8567,A
4-HA,523,0,8704,1,4,8709,T
4-HA,524,3,8647,1,5,8656,T
4-HA,525,37,0,1,8645,8683,C
4-HA,526,8635,2,10,0,8647,A
4-HA,527,8651,1,7,0,8659,A
4-HA,528,8672,1,6,1,8680,A
4-HA,529,1,8675,0,4,8680,T
4-HA,530,8861,1,4,0,8866,A
4-HA,531,2,2,0,8864,8868,C
4-HA,532,17,1,2,8678,8698,C
4-HA,533,29,5,0,8679,8713,C
4-HA,534,8666,0,7,1,8674,A
4-HA,535,3,4,9078,0,9085,G
4-HA,536,3,2,0,9097,9102,C
4-HA,537,9081,0,4,0,9085,A
4-HA,538,0,9057,3,12,9072,T
4-HA,539,2,8819,0,19,8840,T
4-HA,540,12,52,9131,0,9195,G
4-HA,541,9201,0,18,2,9221,A
4-HA,542,9204,0,16,0,9220,A
4-HA,543,142,10,0,9055,9207,C
4-HA,544,8,1,8932,0,8941,G
4-HA,545,1,8966,1,12,8980,T
4-HA,546,0,38,8981,0,9019,G
4-HA,547,8992,0,12,1,9005,A
4-HA,548,3,1,0,9017,9021,C
4-HA,549,0,8640,0,9,8649,T
4-HA,550,8871,0,5,1,8877,A
4-HA,551,1,8850,0,12,8863,T
4-HA,552,4,3,8910,0,8917,G
4-HA,553,2,5,0,8896,8903,C
4-HA,554,29,4,0,8722,8755,C
4-HA,555,8728,0,12,1,8741,A
4-HA,556,8717,0,7,0,8724,A
4-HA,557,8869,2,7,2,8880,A
4-HA,558,2,3,1,8897,8903,C
4-HA,559,8633,0,0,1,8634,A
4-HA,560,8658,1,9,0,8668,A
4-HA,561,0,8570,0,6,8576,T
4-HA,562,5,51,8543,1,8600,G
4-HA,563,8570,2,12,3,8587,A
4-HA,564,8564,1,14,0,8579,A
4-HA,565,1,3,0,8347,8351,C
4-HA,566,8405,1,3,0,8409,A
4-HA,567,8453,0,5,0,8458,A
4-HA,568,0,8430,0,6,8436,T
4-HA,569,0,8436,1,5,8442,T
4-HA,570,0,8452,0,5,8457,T
4-HA,571,1,52,8398,0,8451,G
4-HA,572,8438,5,18,0,8461,A
4-HA,573,2,0,0,8460,8462,C
4-HA,574,8428,1,2,0,8431,A
4-HA,575,8444,1,1,0,8446,A
4-HA,576,8516,3,4,0,8523,A
4-HA,577,0,8565,0,3,8568,T
4-HA,578,0,8496,1,4,8501,T
4-HA,579,1,0,8570,0,8571,G
4-HA,580,0,8546,0,15,8561,T
4-HA,581,8582,0,6,0,8588,A
4-HA,582,5,3,1,8724,8733,C
4-HA,583,8716,0,3,0,8719,A
4-HA,584,3,8831,2,5,8841,T
4-HA,585,0,8710,0,1,8711,T
4-HA,586,0,8679,2,2,8683,T
4-HA,587,2,41,8570,0,8613,G
4-HA,588,2,26,8523,0,8551,G
4-HA,589,6,40,8515,0,8561,G
4-HA,590,2,26,8549,2,8579,G
4-HA,591,5,24,8433,0,8462,G
4-HA,592,4,2,8679,0,8685,G
4-HA,593,1,8570,2,14,8587,T
4-HA,594,2,8602,0,14,8618,T
4-HA,595,27,1,0,8584,8612,C
4-HA,596,8630,0,14,0,8644,A
4-HA,597,2,4,0,8696,8702,C
4-HA,598,20,4,0,8656,8680,C
4-HA,599,8712,0,8,2,8722,A
4-HA,600,3,1,0,8762,8766,C
4-HA,601,11,2,0,8598,8611,C
4-HA,602,31,7,2,8522,8562,C
4-HA,603,8,31,8550,1,8590,G
4-HA,604,3,14,8934,0,8951,G
4-HA,605,5,2,8980,0,8987,G
4-HA,606,0,8938,0,2,8940,T
4-HA,607,8958,0,6,0,8964,A
4-HA,608,2,11,0,8867,8880,C
4-HA,609,12,23,8739,0,8774,G
4-HA,610,0,19,8838,0,8857,G
4-HA,611,8881,0,9,1,8891,A
4-HA,612,0,3,0,8863,8866,C
4-HA,613,8343,1,4,0,8348,A
4-HA,614,8348,0,9,1,8358,A
4-HA,615,0,8355,1,5,8361,T
4-HA,616,3,40,8457,1,8501,G
4-HA,617,8470,7,17,0,8494,A
4-HA,618,2,4,0,8472,8478,C
4-HA,619,23,5,0,8353,8381,C
4-HA,620,8404,1,2,0,8407,A
4-HA,621,8379,3,4,2,8388,A
4-HA,622,8548,0,6,0,8554,A
4-HA,623,0,8506,1,5,8512,T
4-HA,624,11,3,0,8621,8635,C
4-HA,625,0,8239,1,14,8254,T
4-HA,626,1,8210,1,5,8217,T
4-HA,627,11,0,0,8312,8323,C
4-HA,628,9,3,0,8336,8348,C
4-HA,629,3,8288,1,13,8305,T
4-HA,630,4,0,8378,0,8382,G
4-HA,631,3,8234,1,7,8245,T
4-HA,632,8295,1,2,0,8298,A
4-HA,633,1,8213,0,13,8227,T
4-HA,634,4,6,8291,0,8301,G
4-HA,635,4,4,0,8332,8340,C
4-HA,636,1,8198,0,27,8226,T
4-HA,637,52,5,0,8184,8241,C
4-HA,638,8246,2,4,0,8252,A
4-HA,639,8211,0,10,0,8221,A
4-HA,640,2,5,8262,1,8270,G
4-HA,641,7,1,0,8285,8293,C
4-HA,642,8301,0,3,0,8304,A
4-HA,643,2,8205,0,8,8215,T
4-HA,644,14,2,0,8171,8187,C
4-HA,645,8172,1,16,1,8190,A
4-HA,646,1,13,8254,0,8268,G
4-HA,647,1,13,8254,1,8269,G
4-HA,648,8239,12,5,2,8258,A
4-HA,649,8152,0,21,0,8173,A
4-HA,650,3,17,8277,0,8297,G
4-HA,651,8281,0,14,0,8295,A
4-HA,652,8394,1,7,1,8403,A
4-HA,653,1,8423,1,14,8439,T
4-HA,654,19,3,0,8420,8442,C
4-HA,655,8359,1,14,0,8374,A
4-HA,656,1,3,0,8378,8382,C
4-HA,657,8336,0,9,0,8345,A
4-HA,658,1,0,8519,1,8521,G
4-HA,659,1,8324,2,13,8340,T
4-HA,660,27,1,0,8399,8427,C
4-HA,661,3,8206,0,17,8226,T
4-HA,662,12,0,0,8509,8521,C
4-HA,663,2,8520,2,12,8536,T
4-HA,664,8625,0,5,1,8631,A
4-HA,665,5,2,1,8593,8601,C
4-HA,666,19,7,0,8584,8610,C
4-HA,667,8442,0,1,0,8443,A
4-HA,668,8454,1,3,0,8458,A
4-HA,669,8389,2,2,1,8394,A
4-HA,670,8405,1,12,1,8419,A
4-HA,671,2,7,8405,0,8414,G
4-HA,672,8198,0,8,0,8206,A
4-HA,673,8179,0,10,2,8191,A
4-HA,674,3,4,8216,0,8223,G
4-HA,675,4,5,1,8201,8211,C
4-HA,676,13,3,0,8214,8230,C
4-HA,677,8250,0,8,0,8258,A
4-HA,678,8272,5,8,0,8285,A
4-HA,679,1,2,0,8285,8288,C
4-HA,680,8266,0,3,0,8269,A
4-HA,681,8254,2,2,4,8262,A
4-HA,682,8260,2,5,1,8268,A
4-HA,683,2,2,0,8465,8469,C
4-HA,684,1,8377,1,14,8393,T
4-HA,685,3,1,8452,0,8456,G
4-HA,686,1,8418,0,5,8424,T
4-HA,687,8413,3,4,0,8420,A
4-HA,688,8419,2,17,1,8439,A
4-HA,689,1,8339,0,10,8350,T
4-HA,690,19,2,1,8432,8454,C
4-HA,691,15,1,0,8412,8428,C
4-HA,692,37,5,1,8200,8243,C
4-HA,693,8,28,8206,0,8242,G
4-HA,694,8214,2,2,1,8219,A
4-HA,695,8234,0,6,1,8241,A
4-HA,696,0,8248,0,5,8253,T
4-HA,697,8252,0,4,0,8256,A
4-HA,698,0,8192,0,9,8201,T
4-HA,699,16,7,0,8155,8178,C
4-HA,700,3,18,8127,1,8149,G
4-HA,701,2,12,8361,1,8376,G
4-HA,702,8378,2,11,0,8391,A
4-HA,703,0,8453,0,9,8462,T
4-HA,704,14,2,0,8481,8497,C
4-HA,705,1,8465,0,12,8478,T
4-HA,706,8452,0,5,0,8457,A
4-HA,707,2,35,8462,0,8499,G
4-HA,708,8533,2,8,1,8544,A
4-HA,709,4,6,0,8510,8520,C
4-HA,710,16,2,0,8254,8272,C
4-HA,711,40,3,0,8242,8285,C
4-HA,712,8230,0,10,0,8240,A
4-HA,713,2,17,8772,0,8791,G
4-HA,714,8732,2,17,1,8752,A
4-HA,715,1,1,8915,0,8917,G
4-HA,716,1,8804,1,8,8814,T
4-HA,717,8802,0,5,0,8807,A
4-HA,718,8790,1,27,2,8820,A
4-HA,719,3,11,9015,1,9030,G
4-HA,720,5,23,9076,2,9106,G
4-HA,721,8484,1,465,0,8950,A
4-HA,722,8320,0,20,1,8341,A
4-HA,723,1,8268,1,8,8278,T
4-HA,724,8311,0,10,0,8321,A
4-HA,725,1,8216,1,11,8229,T
4-HA,726,11,3,0,8320,8334,C
4-HA,727,18,1,0,8260,8279,C
4-HA,728,30,5,0,8004,8039,C
4-HA,729,2,7930,1,14,7947,T
4-HA,730,7978,0,6,0,7984,A
4-HA,731,1,0,8005,0,8006,G
4-HA,732,0,4,0,8028,8032,C
4-HA,733,7815,6,7,0,7828,A
4-HA,734,2,11,8081,0,8094,G
4-HA,735,7926,1,8,0,7935,A
4-HA,736,7957,1,7,0,7965,A
4-HA,737,0,7975,0,3,7978,T
4-HA,738,7947,1,4,0,7952,A
4-HA,739,7973,1,17,0,7991,A
4-HA,740,2,3,7981,0,7986,G
4-HA,741,3,4,0,7999,8006,C
4-HA,742,8008,0,7,0,8015,A
4-HA,743,0,7753,1,11,7765,T
4-HA,744,9,0,0,8247,8256,C
4-HA,745,2,8229,0,4,8235,T
4-HA,746,8277,3,2,0,8282,A
4-HA,747,1,8259,1,10,8271,T
4-HA,748,1,8198,0,11,8210,T
4-HA,749,2,29,8230,0,8261,G
4-HA,750,2,13,8224,0,8239,G
4-HA,751,8210,2,13,0,8225,A
4-HA,752,1,5,0,8191,8197,C
4-HA,753,7665,0,2,0,7667,A
4-HA,754,7888,0,7,0,7895,A
4-HA,755,0,8255,1,3,8259,T
4-HA,756,8310,0,11,0,8321,A
4-HA,757,0,3,8384,0,8387,G
4-HA,758,2,8296,0,6,8304,T
4-HA,759,8299,0,4,0,8303,A
4-HA,760,8255,1,9,0,8265,A
4-HA,761,8295,0,7,1,8303,A
4-HA,762,8335,0,11,2,8348,A
4-HA,763,2,4,0,8395,8401,C
4-HA,764,12,5,0,7953,7970,C
4-HA,765,3,30,7914,0,7947,G
4-HA,766,1,14,7952,0,7967,G
4-HA,767,1,17,7985,0,8003,G
4-HA,768,7960,1,12,0,7973,A
4-HA,769,3,20,8044,0,8067,G
4-HA,770,8137,0,16,0,8153,A
4-HA,771,1,1,0,8150,8152,C
4-HA,772,8140,0,8,5,8153,A
4-HA,773,1,8153,0,4,8158,T
4-HA,774,8170,1,7,1,8179,A
4-HA,775,4,1,1,8285,8291,C
4-HA,776,0,8187,1,15,8203,T
4-HA,777,0,8224,1,7,8232,T
4-HA,778,0,8252,1,7,8260,T
4-HA,779,1,8206,2,7,8216,T
4-HA,780,3,31,8248,0,8282,G
4-HA,781,8295,0,9,0,8304,A
4-HA,782,1,8290,1,8,8300,T
4-HA,783,0,8404,1,8,8413,T
4-HA,784,8372,0,4,1,8377,A
4-HA,785,8395,0,4,0,8399,A
4-HA,786,2,2,0,8458,8462,C
4-HA,787,8390,2,6,1,8399,A
4-HA,788,3,2,8625,1,8631,G
4-HA,789,2,4,0,8583,8589,C
4-HA,790,8595,2,4,2,8603,A
4-HA,791,1,3,1,8648,8653,C
4-HA,792,8502,6,20,1,8529,A
4-HA,793,3,27,8609,0,8639,G
4-HA,794,1,12,8591,1,8605,G
4-HA,795,4,21,8806,0,8831,G
4-HA,796,8730,1,15,0,8746,A
4-HA,797,8727,1,13,3,8744,A
4-HA,798,1,8734,0,10,8745,T
4-HA,799,18,1,0,8747,8766,C
4-HA,800,0,8771,0,10,8781,T
4-HA,801,8771,0,1,0,8772,A
4-HA,802,8718,0,4,1,8723,A
4-HA,803,0,8694,0,4,8698,T
4-HA,804,1,8423,0,4,8428,T
4-HA,805,3,3,8460,0,8466,G
4-HA,806,3,3,0,8614,8620,C
4-HA,807,1,8745,0,16,8762,T
4-HA,808,38,0,0,8958,8996,C
4-HA,809,16,1,0,8970,8987,C
4-HA,810,1,8956,0,7,8964,T
4-HA,811,8997,0,8,1,9006,A
4-HA,812,2,26,8976,1,9005,G
4-HA,813,1,54,9025,0,9080,G
4-HA,814,2,17,9021,0,9040,G
4-HA,815,1,2,8947,0,8950,G
4-HA,816,1,8703,1,6,8711,T
4-HA,817,0,8622,0,10,8632,T
4-HA,818,8638,0,4,1,8643,A
4-HA,819,0,0,2,8738,8740,C
4-HA,820,1,8675,0,8,8684,T
4-HA,821,2,8725,0,7,8734,T
4-HA,822,15,2,2,8685,8704,C
4-HA,823,8648,1,5,2,8656,A
4-HA,824,8653,1,8,0,8662,A
4-HA,825,8685,0,5,0,8690,A
4-HA,826,8737,0,5,2,8744,A
4-HA,827,0,8720,0,3,8723,T
4-HA,828,8625,1,4,0,8630,A
4-HA,829,0,2,0,8625,8627,C
4-HA,830,3,12,8580,1,8596,G
4-HA,831,8584,1,0,1,8586,A
4-HA,832,8603,1,7,0,8611,A
4-HA,833,3,1,8696,0,8700,G
4-HA,834,0,8648,2,11,8661,T
4-HA,835,3,29,8648,0,8680,G
4-HA,836,5,16,8689,0,8710,G
4-HA,837,1,19,8714,0,8734,G
4-HA,838,8720,2,14,0,8736,A
4-HA,839,8717,1,10,0,8728,A
4-HA,840,8732,0,8,0,8740,A
4-HA,841,8686,1,20,0,8707,A
4-HA,842,2,4,8862,2,8870,G
4-HA,843,3,2,0,8814,8819,C
4-HA,844,3,8674,1,13,8691,T
4-HA,845,36,1,1,8802,8840,C
4-HA,846,8852,0,10,0,8862,A
4-HA,847,8930,0,9,0,8939,A
4-HA,848,0,8907,0,2,8909,T
4-HA,849,8987,0,3,0,8990,A
4-HA,850,8988,1,4,1,8994,A
4-HA,851,0,8795,1,9,8805,T
4-HA,852,0,34,8806,0,8840,G
4-HA,853,8735,1,16,0,8752,A
4-HA,854,5,18,8938,0,8961,G
4-HA,855,8948,2,8,1,8959,A
4-HA,856,1,8853,0,11,8865,T
4-HA,857,28,8,1,9005,9042,C
4-HA,858,8953,2,13,1,8969,A
4-HA,859,0,8,9144,0,9152,G
4-HA,860,9130,4,10,0,9144,A
4-HA,861,0,9103,1,11,9115,T
4-HA,862,4,3,9078,1,9086,G
4-HA,863,7,5,2,8885,8899,C
4-HA,864,8929,1,15,0,8945,A
4-HA,865,4,3,0,9051,9058,C
4-HA,866,14,2,0,8913,8929,C
4-HA,867,48,2,0,8908,8958,C
4-HA,868,8765,0,4,1,8770,A
4-HA,869,2,8702,1,10,8715,T
4-HA,870,2,8721,1,5,8729,T
4-HA,871,4,20,8800,0,8824,G
4-HA,872,9,4,8788,0,8801,G
4-HA,873,6,2,0,8790,8798,C
4-HA,874,8619,0,7,0,8626,A
4-HA,875,8587,2,4,1,8594,A
4-HA,876,8722,2,3,0,8727,A
4-HA,877,0,8709,0,9,8718,T
4-HA,878,2,1,8724,0,8727,G
4-HA,879,6,5,0,8708,8719,C
4-HA,880,8603,1,9,0,8613,A
4-HA,881,8814,0,7,1,8822,A
4-HA,882,1,8802,1,7,8811,T
4-HA,883,1,8859,0,5,8865,T
4-HA,884,21,0,0,8864,8885,C
4-HA,885,0,8685,1,12,8698,T
4-HA,886,1,19,8744,0,8764,G
4-HA,887,8734,2,8,0,8744,A
4-HA,888,8772,1,10,0,8783,A
4-HA,889,1,8769,0,14,8784,T
4-HA,890,4,3,8588,0,8595,G
4-HA,891,4,2,0,8622,8628,C
4-HA,892,8592,1,6,0,8599,A
4-HA,893,1,8551,0,14,8566,T
4-HA,894,19,3,0,8552,8574,C
4-HA,895,8524,0,8,0,8532,A
4-HA,896,1,1,0,8835,8837,C
4-HA,897,3,8748,0,23,8774,T
4-HA,898,36,3,2,8791,8832,C
4-HA,899,27,2,0,8752,8781,C
4-HA,900,8812,0,7,0,8819,A
4-HA,901,8797,1,1,0,8799,A
4-HA,902,8772,1,10,2,8785,A
4-HA,903,2,8379,1,9,8391,T
4-HA,904,3,15,8415,1,8434,G
4-HA,905,1,11,8429,1,8442,G
4-HA,906,8454,2,6,1,8463,A
4-HA,907,8415,3,14,0,8432,A
4-HA,908,3,2,8451,0,8456,G
4-HA,909,1,4,2,8321,8328,C
4-HA,910,8272,3,9,0,8284,A
4-HA,911,2,8273,0,6,8281,T
4-HA,912,1,8238,0,7,8246,T
4-HA,913,20,1,1,8474,8496,C
4-HA,914,9,4,1,8433,8447,C
4-HA,915,23,4,0,8420,8447,C
4-HA,916,8446,3,4,0,8453,A
4-HA,917,8528,1,9,22,8560,A
4-HA,918,1,8647,2,7,8657,T
4-HA,919,3,43,8595,0,8641,G
4-HA,920,8626,0,12,0,8638,A
4-HA,921,1,3,0,8620,8624,C
4-HA,922,8318,1,7,0,8326,A
4-HA,923,8340,0,10,1,8351,A
4-HA,924,8332,1,6,2,8341,A
4-HA,925,3,1,0,8380,8384,C
4-HA,926,25,6,0,8208,8239,C
4-HA,927,8029,0,4,0,8033,A
4-HA,928,0,8002,0,11,8013,T
4-HA,929,0,7962,0,10,7972,T
4-HA,930,25,3,1,8023,8052,C
4-HA,931,19,5,0,8034,8058,C
4-HA,932,8035,0,2,1,8038,A
4-HA,933,8024,1,1,0,8026,A
4-HA,934,7975,0,2,0,7977,A
4-HA,935,8088,1,3,0,8092,A
4-HA,936,1,8037,0,1,8039,T
4-HA,937,3,1,8072,0,8076,G
4-HA,938,0,8052,0,5,8057,T
4-HA,939,8066,1,3,1,8071,A
4-HA,940,8070,1,9,2,8082,A
4-HA,941,8078,1,9,1,8089,A
4-HA,942,1,4,0,8108,8113,C
4-HA,943,7917,3,9,0,7929,A
4-HA,944,3,10,7954,1,7968,G
4-HA,945,5,13,7955,1,7974,G
4-HA,946,8016,3,16,0,8035,A
4-HA,947,2,8015,0,8,8025,T
4-HA,948,29,6,0,8033,8068,C
4-HA,949,8092,5,15,0,8112,A
4-HA,950,2,3,0,8289,8294,C
4-HA,951,8266,0,11,0,8277,A
4-HA,952,0,8450,1,4,8455,T
4-HA,953,8205,0,4,0,8209,A
4-HA,954,0,4,0,8095,8099,C
4-HA,955,8,30,7769,0,7807,G
4-HA,956,2,22,7796,1,7821,G
4-HA,957,5,9,7719,1,7734,G
4-HA,958,6,6,7722,0,7734,G
4-HA,959,5,6,0,7437,7448,C
4-HA,960,10,42,1,7375,7428,C
4-HA,961,0,7199,2,14,7215,T
4-HA,962,2,1,7755,0,7758,G
4-HA,963,1,7716,3,12,7732,T
4-HA,964,30,0,0,7763,7793,C
4-HA,965,22,5,0,7740,7767,C
4-HA,966,27,7,1,7705,7740,C
4-HA,967,7655,0,13,0,7668,A
4-HA,968,2,3,7721,0,7726,G
4-HA,969,7680,0,5,0,7685,A
4-HA,970,2,7670,1,2,7675,T
4-HA,971,6734,2,5,0,6741,A
4-HA,972,1,6554,1,6,6562,T
4-HA,973,11,1,6587,0,6599,G
4-HA,974,2,6560,0,6,6568,T
4-HA,975,0,6420,0,1,6421,T
4-HA,976,6441,0,3,0,6444,A
4-HA,977,6335,1,7,0,6343,A
4-HA,978,1,15,6388,0,6404,G
4-HA,979,5,4,0,6363,6372,C
4-HA,980,6212,1,9,2,6224,A
4-HA,981,6226,2,2,1,6231,A
4-HA,982,6142,1,6,0,6149,A
4-HA,983,6149,1,12,0,6162,A
4-HA,984,3,3,0,6165,6171,C
4-HA,985,6058,1,3,0,6062,A
4-HA,986,2,4,0,6129,6135,C
4-HA,987,0,5900,0,6,5906,T
4-HA,988,15,1,0,5972,5988,C
4-HA,989,5,5948,0,10,5963,T
4-HA,990,2,12,5996,0,6010,G
4-HA,991,6007,2,1,0,6010,A
4-HA,992,5985,0,1,0,5986,A
4-HA,993,6005,0,6,0,6011,A
4-HA,994,0,5920,2,6,5928,T
4-HA,995,1,5813,0,7,5821,T
4-HA,996,4,11,5862,0,5877,G
4-HA,997,0,2,5851,0,5853,G
4-HA,998,1,2,0,5846,5849,C
4-HA,999,5782,2,5,0,5789,A
4-HA,1000,5791,1,5,0,5797,A
4-HA,1001,2,0,0,5793,5795,C
4-HA,1002,5789,0,5,0,5794,A
4-HA,1003,1,23,5823,0,5847,G
4-HA,1004,3,14,5784,1,5802,G
4-HA,1005,2,9,5771,0,5782,G
4-HA,1006,5755,1,12,0,5768,A
4-HA,1007,0,5719,0,8,5727,T
4-HA,1008,2,2,5722,0,5726,G
4-HA,1009,0,6,0,5718,5724,C
4-HA,1010,4,10,5728,0,5742,G
4-HA,1011,5786,1,6,1,5794,A
4-HA,1012,5654,0,2,0,5656,A
4-HA,1013,5684,1,5,0,5690,A
4-HA,1014,0,5581,0,4,5585,T
4-HA,1015,2,2,5653,0,5657,G
4-HA,1016,0,5642,1,5,5648,T
4-HA,1017,5619,0,10,0,5629,A
4-HA,1018,1,1,1,5602,5605,C
4-HA,1019,10,6,1,5534,5551,C
4-HA,1020,5405,1,9,0,5415,A
4-HA,1021,1,13,5417,0,5431,G
4-HA,1022,5239,0,7,1,5247,A
4-HA,1023,0,12,5314,0,5326,G
4-HA,1024,5126,3,5,0,5134,A
4-HA,1025,5123,0,6,0,5129,A
4-HA,1026,5135,1,11,0,5147,A
4-HA,1027,1,3,0,5128,5132,C
4-HA,1028,5096,1,3,0,5100,A
4-HA,1029,5147,0,3,0,5150,A
4-HA,1030,5130,1,7,1,5139,A
4-HA,1031,0,2,0,5189,5191,C
4-HA,1032,1,5087,0,4,5092,T
4-HA,1033,5002,1,8,0,5011,A
4-HA,1034,1,5,5024,0,5030,G
4-HA,1035,4929,0,16,0,4945,A
4-HA,1036,1,7,5052,0,5060,G
4-HA,1037,0,1,5033,0,5034,G
4-HA,1038,0,4,0,4883,4887,C
4-HA,1039,4866,0,8,1,4875,A
4-HA,1040,0,4829,0,6,4835,T
4-HA,1041,4848,0,1,0,4849,A
4-HA,1042,0,4814,2,3,4819,T
4-HA,1043,1,4794,0,2,4797,T
4-HA,1044,1,4784,1,3,4789,T
4-HA,1045,3,15,4490,0,4508,G
4-HA,1046,0,1,4504,0,4505,G
4-HA,1047,3,1,0,4470,4474,C
4-HA,1048,3,1,4465,0,4469,G
4-HA,1049,1,2,0,4380,4383,C
4-HA,1050,4332,0,2,0,4334,A
4-HA,1051,4376,0,3,0,4379,A
4-HA,1052,0,4358,0,2,4360,T
4-HA,1053,13,4,0,4359,4376,C
4-HA,1054,2,0,4375,0,4377,G
4-HA,1055,2,4,0,4334,4340,C
4-HA,1056,5,13,4326,0,4344,G
4-HA,1057,1,8,4360,0,4369,G
4-HA,1058,0,0,4392,0,4392,G
4-HA,1059,0,4343,0,8,4351,T
4-HA,1060,0,4250,0,4,4254,T
4-HA,1061,4,4231,3,15,4253,T
4-HA,1062,12,0,0,4245,4257,C
4-HA,1063,4249,0,6,0,4255,A
4-HA,1064,0,4250,0,2,4252,T
4-HA,1065,4238,0,7,0,4245,A
4-HA,1066,0,3,4264,0,4267,G
4-HA,1067,4023,1,4,0,4028,A
4-HA,1068,4025,0,7,0,4032,A
4-HA,1069,4023,0,2,0,4025,A
4-HA,1070,4015,2,8,2,4027,A
4-HA,1071,0,3993,0,0,3993,T
4-HA,1072,2,9,4000,0,4011,G
4-HA,1073,1,0,4014,0,4015,G
4-HA,1074,0,3940,1,2,3943,T
4-HA,1075,0,3704,0,0,3704,T
4-HA,1076,1,12,3685,1,3699,G
4-HA,1077,0,5,3625,0,3630,G
4-HA,1078,1,5,3635,0,3641,G
4-HA,1079,3507,1,6,0,3514,A
4-HA,1080,0,9,3528,0,3537,G
4-HA,1081,2,7,3339,0,3348,G
4-HA,1082,6,5,3374,0,3385,G
4-HA,1083,3364,1,3,1,3369,A
4-HA,1084,3397,0,3,0,3400,A
4-HA,1085,0,3395,0,2,3397,T
4-HA,1086,1,13,3374,0,3388,G
4-HA,1087,1,3,3445,0,3449,G
4-HA,1088,0,3401,0,5,3406,T
4-HA,1089,2,11,3377,0,3390,G
4-HA,1090,0,2,3375,0,3377,G
4-HA,1091,3286,1,9,0,3296,A
4-HA,1092,0,3309,0,3,3312,T
4-HA,1093,1,11,3302,0,3314,G
4-HA,1094,0,0,3371,0,3371,G
4-HA,1095,0,3298,0,0,3298,T
4-HA,1096,0,3190,1,9,3200,T
4-HA,1097,1,11,3181,0,3193,G
4-HA,1098,1,0,3240,0,3241,G
4-HA,1099,0,3243,0,5,3248,T
4-HA,1100,3242,0,3,0,3245,A
4-HA,1101,0,6,0,3027,3033,C
4-HA,1102,1,3,3053,0,3057,G
4-HA,1103,2,0,3177,0,3179,G
4-HA,1104,0,3158,0,12,3170,T
4-HA,1105,2,3165,0,1,3168,T
4-HA,1106,0,3148,1,4,3153,T
4-HA,1107,9,1,0,3110,3120,C
4-HA,1108,3104,0,7,0,3111,A
4-HA,1109,0,2,3100,0,3102,G
4-HA,1110,4,1,3095,0,3100,G
4-HA,1111,3,2,0,3075,3080,C
4-HA,1112,2946,0,2,1,2949,A
4-HA,1113,0,2938,1,3,2942,T
4-HA,1114,2,2,0,2952,2956,C
4-HA,1115,2962,0,1,0,2963,A
4-HA,1116,2981,0,1,0,2982,A
4-HA,1117,2983,1,1,1,2986,A
4-HA,1118,2993,0,0,0,2993,A
4-HA,1119,0,2985,1,0,2986,T
4-HA,1120,0,2946,0,0,2946,T
4-HA,1121,2921,1,2,1,2925,A
4-HA,1122,0,2951,0,3,2954,T
4-HA,1123,0,1,2968,0,2969,G
4-HA,1124,2955,0,3,0,2958,A
4-HA,1125,1,14,2971,0,2986,G
4-HA,1126,0,7,2982,0,2989,G
4-HA,1127,3,5,3010,0,3018,G
4-HA,1128,2988,0,4,0,2992,A
4-HA,1129,2990,0,4,1,2995,A
4-HA,1130,0,6,2955,0,2961,G
4-HA,1131,3012,0,4,0,3016,A
4-HA,1132,0,5,2998,0,3003,G
4-HA,1133,1,9,3027,0,3037,G
4-HA,1134,3031,1,5,1,3038,A
4-HA,1135,0,5,0,3019,3024,C
4-HA,1136,2982,0,3,0,2985,A
4-HA,1137,2978,0,2,0,2980,A
4-HA,1138,0,3,2977,0,2980,G
4-HA,1139,1,1,0,2973,2975,C
4-HA,1140,2942,1,3,0,2946,A
4-HA,1141,3,0,2939,0,2942,G
4-HA,1142,0,0,0,2917,2917,C
4-HA,1143,2912,1,2,0,2915,A
4-HA,1144,1,1,2947,0,2949,G
4-HA,1145,2919,0,3,0,2922,A
4-HA,1146,0,2972,0,2,2974,T
4-HA,1147,5,0,0,2991,2996,C
4-HA,1148,0,2957,0,4,2961,T
4-HA,1149,7,1,0,2996,3004,C
4-HA,1150,2999,1,1,0,3001,A
4-HA,1151,3000,0,2,0,3002,A
4-HA,1152,2997,1,2,0,3000,A
4-HA,1153,2941,0,11,0,2952,A
4-HA,1154,0,5,2949,0,2954,G
4-HA,1155,0,2,0,2862,2864,C
4-HA,1156,2845,0,3,0,2848,A
4-HA,1157,3,0,0,2910,2913,C
4-HA,1158,0,2868,0,7,2875,T
4-HA,1159,12,0,0,2872,2884,C
4-HA,1160,2893,1,1,0,2895,A
4-HA,1161,2940,0,7,0,2947,A
4-HA,1162,0,1,2954,0,2955,G
4-HA,1163,1,4,0,2943,2948,C
4-HA,1164,2925,1,4,1,2931,A
4-HA,1165,1,1,2940,0,2942,G
4-HA,1166,1,1,0,2876,2878,C
4-HA,1167,2861,0,1,0,2862,A
4-HA,1168,2854,0,2,0,2856,A
4-HA,1169,2,2845,0,1,2848,T
4-HA,1170,6,1,0,2763,2770,C
4-HA,1171,3,6,2772,0,2781,G
4-HA,1172,2769,0,6,0,2775,A
4-HA,1173,0,2760,0,5,2765,T
4-HA,1174,8,2,0,2735,2745,C
4-HA,1175,2733,0,2,0,2735,A
4-HA,1176,2794,0,4,0,2798,A
4-HA,1177,2799,1,0,1,2801,A
4-HA,1178,0,2795,1,1,2797,T
4-HA,1179,8,1,0,2802,2811,C
4-HA,1180,2751,0,4,0,2755,A
4-HA,1181,2779,0,2,0,2781,A
4-HA,1182,0,2773,0,1,2774,T
4-HA,1183,1,11,2774,0,2786,G
4-HA,1184,0,3,2766,0,2769,G
4-HA,1185,3,2,2730,0,2735,G
4-HA,1186,2728,1,7,0,2736,A
4-HA,1187,2730,1,2,0,2733,A
4-HA,1188,0,1,2783,0,2784,G
4-HA,1189,0,0,0,2794,2794,C
4-HA,1190,0,2752,0,4,2756,T
4-HA,1191,16,5,2867,1,2889,G
4-HA,1192,2889,0,1,0,2890,A
4-HA,1193,2881,0,4,0,2885,A
4-HA,1194,1,2891,0,2,2894,T
4-HA,1195,2819,0,3,1,2823,A
4-HA,1196,0,2,2819,0,2821,G
4-HA,1197,2545,0,3,1,2549,A
4-HA,1198,0,2562,0,1,2563,T
4-HA,1199,0,2565,0,2,2567,T
4-HA,1200,0,11,2566,0,2577,G
4-HA,1201,2547,0,4,0,2551,A
4-HA,1202,1,2544,0,2,2547,T
4-HA,1203,6,2,0,2545,2553,C
4-HA,1204,1,12,2541,0,2554,G
4-HA,1205,1,8,2529,0,2538,G
4-HA,1206,1,2,2548,0,2551,G
4-HA,1207,2541,0,2,0,2543,A
4-HA,1208,2544,0,2,0,2546,A
4-HA,1209,2524,0,2,1,2527,A
4-HA,1210,2532,0,6,1,2539,A
4-HA,1211,0,1,0,2542,2543,C
4-HA,1212,4,1,0,2535,2540,C
4-HA,1213,2526,0,5,0,2531,A
4-HA,1214,2528,0,2,1,2531,A
4-HA,1215,0,1,0,2533,2534,C
4-HA,1216,0,10,2528,0,2538,G
4-HA,1217,2521,0,3,1,2525,A
4-HA,1218,0,4,2528,0,2532,G
4-HA,1219,2529,0,0,0,2529,A
4-HA,1220,2524,0,0,0,2524,A
4-HA,1221,2527,0,1,0,2528,A
4-HA,1222,0,2529,0,4,2533,T
4-HA,1223,1,2517,0,3,2521,T
4-HA,1224,6,0,1,2540,2547,C
4-HA,1225,2,0,0,2536,2538,C
4-HA,1226,2538,0,2,0,2540,A
4-HA,1227,0,2526,1,4,2531,T
4-HA,1228,6,1,0,2534,2541,C
4-HA,1229,2522,0,2,0,2524,A
4-HA,1230,0,2,2536,0,2538,G
4-HA,1231,2531,0,0,0,2531,A
4-HA,1232,1,2521,0,0,2522,T
4-HA,1233,0,2504,0,1,2505,T
4-HA,1234,0,8,2523,0,2531,G
4-HA,1235,2528,1,2,1,2532,A
4-HA,1236,2534,0,1,0,2535,A
4-HA,1237,2537,1,9,0,2547,A
4-HA,1238,2541,0,0,0,2541,A
4-HA,1239,2516,0,6,0,2522,A
4-HA,1240,0,5,2517,0,2522,G
4-HA,1241,2492,0,7,0,2499,A
4-HA,1242,2506,0,1,0,2507,A
4-HA,1243,0,2459,1,0,2460,T
4-HA,1244,0,2468,0,2,2470,T
4-HA,1245,5,1,0,2471,2477,C
4-HA,1246,0,2482,0,2,2484,T
4-HA,1247,3,2,0,2467,2472,C
4-HA,1248,2411,1,67,0,2479,A
4-HA,1249,0,2,2482,0,2484,G
4-HA,1250,2469,0,1,1,2471,A
4-HA,1251,2443,1,3,0,2447,A
4-HA,1252,0,0,2488,0,2488,G
4-HA,1253,0,2455,0,1,2456,T
4-HA,1254,5,0,0,2437,2442,C
4-HA,1255,2,4,2447,0,2453,G
4-HA,1256,2439,1,7,0,2447,A
4-HA,1257,2441,1,8,0,2450,A
4-HA,1258,4,10,2428,0,2442,G
4-HA,1259,0,3,2445,0,2448,G
4-HA,1260,0,9,2459,0,2468,G
4-HA,1261,2377,0,6,1,2384,A
4-HA,1262,0,5,2397,0,2402,G
4-HA,1263,2388,1,7,0,2396,A
4-HA,1264,2538,0,2,0,2540,A
4-HA,1265,0,2538,0,2,2540,T
4-HA,1266,0,2536,0,1,2537,T
4-HA,1267,4,0,0,2531,2535,C
4-HA,1268,2461,0,10,0,2471,A
4-HA,1269,0,3,2474,0,2477,G
4-HA,1270,0,3,2468,1,2472,G
4-HA,1271,2453,1,3,0,2457,A
4-HA,1272,3,0,0,2441,2444,C
4-HA,1273,8,1,0,2191,2200,C
4-HA,1274,0,2171,0,1,2172,T
4-HA,1275,1,2067,0,107,2175,T
4-HA,1276,0,6,2193,0,2199,G
4-HA,1277,2176,0,4,0,2180,A
4-HA,1278,0,5,2244,0,2249,G
4-HA,1279,2209,0,0,0,2209,A
4-HA,1280,1861,0,0,0,1861,A
4-HA,1281,1839,0,1,1,1841,A
4-HA,1282,0,1787,0,0,1787,T
4-HA,1283,1851,0,1,0,1852,A
4-HA,1284,0,1835,0,2,1837,T
4-HA,1285,0,1,1861,0,1862,G
4-HA,1286,0,1848,1,7,1856,T
4-HA,1287,0,1791,0,2,1793,T
4-HA,1288,0,3,1794,0,1797,G
4-HA,1289,1772,0,2,0,1774,A
4-HA,1290,0,7,1793,0,1800,G
4-HA,1291,0,4,1793,0,1797,G
4-HA,1292,1756,0,3,0,1759,A
4-HA,1293,0,0,0,1818,1818,C
4-HA,1294,1795,0,2,0,1797,A
4-HA,1295,1,0,0,1861,1862,C
4-HA,1296,0,0,0,1860,1860,C
4-HA,1297,1866,1,1,0,1868,A
4-HA,1298,1919,1,0,0,1920,A
4-HA,1299,1909,0,2,0,1911,A
4-HA,1300,1934,0,2,0,1936,A
4-HA,1301,0,1937,0,0,1937,T
4-HA,1302,1878,0,0,0,1878,A
4-HA,1303,0,3,1895,0,1898,G
4-HA,1304,1862,0,1,0,1863,A
4-HA,1305,0,1891,0,2,1893,T
4-HA,1306,1,0,0,1900,1901,C
4-HA,1307,0,1849,0,4,1853,T
4-HA,1308,5,0,0,1916,1921,C
4-HA,1309,0,1910,0,1,1911,T
4-HA,1310,0,1,1973,0,1974,G
4-HA,1311,1,0,2011,1,2013,G
4-HA,1312,0,2007,0,3,2010,T
4-HA,1313,12,0,1,2000,2013,C
4-HA,1314,2036,0,3,1,2040,A
4-HA,1315,0,2041,0,3,2044,T
4-HA,1316,2040,0,2,0,2042,A
4-HA,1317,0,1,0,2040,2041,C
4-HA,1318,1974,0,3,0,1977,A
4-HA,1319,1987,0,1,1,1989,A
4-HA,1320,0,1,0,1934,1935,C
4-HA,1321,0,0,1935,0,1935,G
4-HA,1322,1,1,0,1935,1937,C
4-HA,1323,9,2,1922,0,1933,G
4-HA,1324,0,2,1940,0,1942,G
4-HA,1325,1918,0,5,0,1923,A
4-HA,1326,1,0,1971,0,1972,G
4-HA,1327,1,1,0,1964,1966,C
4-HA,1328,0,1961,1,2,1964,T
4-HA,1329,0,1965,1,8,1974,T
4-HA,1330,0,0,0,1984,1984,C
4-HA,1331,0,1990,0,2,1992,T
4-HA,1332,0,1991,0,1,1992,T
4-HA,1333,0,0,1982,0,1982,G
4-HA,1334,0,1983,0,3,1986,T
4-HA,1335,0,1961,0,1,1962,T
4-HA,1336,3,0,1973,0,1976,G
4-HA,1337,0,2,0,1981,1983,C
4-HA,1338,7,1,0,1962,1970,C
4-HA,1339,7,0,0,1995,2002,C
4-HA,1340,0,2003,0,0,2003,T
4-HA,1341,0,1,2014,0,2015,G
4-HA,1342,0,8,2002,0,2010,G
4-HA,1343,2007,0,4,0,2011,A
4-HA,1344,0,3,2016,0,2019,G
4-HA,1345,1976,0,1,0,1977,A
4-HA,1346,1989,0,1,0,1990,A
4-HA,1347,0,2,0,2029,2031,C
4-HA,1348,4,1,0,2020,2025,C
4-HA,1349,2025,0,4,0,2029,A
4-HA,1350,2131,0,1,0,2132,A
4-HA,1351,0,0,0,2144,2144,C
4-HA,1352,2148,1,1,0,2150,A
4-HA,1353,0,2143,0,3,2146,T
4-HA,1354,2137,0,4,0,2141,A
4-HA,1355,0,1,0,2181,2182,C
4-HA,1356,2122,0,1,0,2123,A
4-HA,1357,2131,0,2,0,2133,A
4-HA,1358,0,2121,0,1,2122,T
4-HA,1359,0,2036,0,3,2039,T
4-HA,1360,0,7,2065,0,2072,G
4-HA,1361,2083,1,2,0,2086,A
4-HA,1362,0,2067,0,6,2073,T
4-HA,1363,6,1,0,2095,2102,C
4-HA,1364,0,2050,0,1,2051,T
4-HA,1365,2079,0,1,0,2080,A
4-HA,1366,2084,0,2,0,2086,A
4-HA,1367,0,1,0,2083,2084,C
4-HA,1368,0,2070,0,1,2071,T
4-HA,1369,0,15,2043,0,2058,G
4-HA,1370,2070,0,2,0,2072,A
4-HA,1371,0,0,0,2085,2085,C
4-HA,1372,0,2054,0,4,2058,T
4-HA,1373,9,0,0,2069,2078,C
4-HA,1374,2069,0,2,0,2071,A
4-HA,1375,0,3,2126,0,2129,G
4-HA,1376,2114,0,3,0,2117,A
4-HA,1377,2118,0,2,0,2120,A
4-HA,1378,2134,0,1,0,2135,A
4-HA,1379,0,2104,0,1,2105,T
4-HA,1380,2,17,2118,0,2137,G
4-HA,1381,2126,0,7,0,2133,A
4-HA,1382,2132,0,3,0,2135,A
4-HA,1383,1,1,0,2147,2149,C
4-HA,1384,2100,0,0,0,2100,A
4-HA,1385,2100,0,3,0,2103,A
4-HA,1386,2097,0,1,0,2098,A
4-HA,1387,1,99,0,2010,2110,C
4-HA,1388,0,2086,0,2,2088,T
4-HA,1389,3,0,2100,0,2103,G
4-HA,1390,0,2073,0,3,2076,T
4-HA,1391,0,2068,1,1,2070,T
4-HA,1392,0,2068,0,1,2069,T
4-HA,1393,0,8,2068,0,2076,G
4-HA,1394,2066,0,0,1,2067,A
4-HA,1395,2076,0,0,0,2076,A
4-HA,1396,2055,0,3,0,2058,A
4-HA,1397,2057,0,0,0,2057,A
4-HA,1398,2047,0,0,0,2047,A
4-HA,1399,2065,0,3,0,2068,A
4-HA,1400,0,1,0,2074,2075,C
4-HA,1401,2076,0,0,0,2076,A
4-HA,1402,2067,0,0,0,2067,A
4-HA,1403,2066,0,4,0,2070,A
4-HA,1404,0,2,2083,0,2085,G
4-HA,1405,2096,0,1,0,2097,A
4-HA,1406,2089,1,4,0,2094,A
4-HA,1407,1,0,2096,0,2097,G
4-HA,1408,1,0,0,2103,2104,C
4-HA,1409,2099,0,2,0,2101,A
4-HA,1410,2121,0,4,0,2125,A
4-HA,1411,1,0,0,2124,2125,C
4-HA,1412,0,2111,0,1,2112,T
4-HA,1413,0,4,2120,0,2124,G
4-HA,1414,2100,0,3,0,2103,A
4-HA,1415,0,5,2135,0,2140,G
4-HA,1416,3,4,2142,0,2149,G
4-HA,1417,0,3,2153,0,2156,G
4-HA,1418,2169,0,3,0,2172,A
4-HA,1419,2160,0,3,0,2163,A
4-HA,1420,2153,0,2,0,2155,A
4-HA,1421,2190,1,1,0,2192,A
4-HA,1422,0,2177,0,0,2177,T
4-HA,1423,1,0,2212,0,2213,G
4-HA,1424,1,0,0,2212,2213,C
4-HA,1425,0,2184,2,4,2190,T
4-HA,1426,2,3,2194,0,2199,G
4-HA,1427,2175,0,2,0,2177,A
4-HA,1428,1,7,2301,0,2309,G
4-HA,1429,0,3,2343,0,2346,G
4-HA,1430,2327,0,1,0,2328,A
4-HA,1431,0,2321,0,1,2322,T
4-HA,1432,2299,0,3,0,2302,A
4-HA,1433,0,2291,2,2,2295,T
4-HA,1434,1,10,2326,0,2337,G
4-HA,1435,1,6,2350,0,2357,G
4-HA,1436,3,1,2351,0,2355,G
4-HA,1437,1,1,0,2237,2239,C
4-HA,1438,2187,0,2,0,2189,A
4-HA,1439,2190,0,1,0,2191,A
4-HA,1440,0,2187,0,2,2189,T
4-HA,1441,0,7,2193,0,2200,G
4-HA,1442,2,2,2205,0,2209,G
4-HA,1443,0,2170,0,2,2172,T
4-HA,1444,0,2121,0,1,2122,T
4-HA,1445,2,0,2133,0,2135,G
4-HA,1446,0,2136,0,9,2145,T
4-HA,1447,0,2144,1,1,2146,T
4-HA,1448,1,2152,0,2,2155,T
4-HA,1449,3,0,0,2165,2168,C
4-HA,1450,2170,0,0,0,2170,A
4-HA,1451,2174,0,1,0,2175,A
4-HA,1452,2178,0,3,0,2181,A
4-HA,1453,2218,0,0,0,2218,A
4-HA,1454,0,2206,0,0,2206,T
4-HA,1455,2186,0,1,0,2187,A
4-HA,1456,0,2185,0,2,2187,T
4-HA,1457,2186,0,3,0,2189,A
4-HA,1458,1,0,0,2219,2220,C
4-HA,1459,3,2,0,2203,2208,C
4-HA,1460,2203,0,0,0,2203,A
4-HA,1461,0,2,0,2215,2217,C
4-HA,1462,2213,0,1,0,2214,A
4-HA,1463,2226,0,1,0,2227,A
4-HA,1464,2227,0,4,0,2231,A
4-HA,1465,1,2225,0,1,2227,T
4-HA,1466,0,0,2240,0,2240,G
4-HA,1467,0,2210,1,4,2215,T
4-HA,1468,0,7,2240,0,2247,G
4-HA,1469,2245,0,8,0,2253,A
4-HA,1470,1,1,1,2243,2246,C
4-HA,1471,2205,0,3,0,2208,A
4-HA,1472,2212,0,0,0,2212,A
4-HA,1473,0,2250,0,1,2251,T
4-HA,1474,0,0,2273,0,2273,G
4-HA,1475,0,1,0,2255,2256,C
4-HA,1476,1,0,0,2271,2272,C
4-HA,1477,1,2250,0,4,2255,T
4-HA,1478,2,0,2357,0,2359,G
4-HA,1479,0,1,0,2363,2364,C
4-HA,1480,2356,0,4,0,2360,A
4-HA,1481,0,2348,0,4,2352,T
4-HA,1482,2279,1,3,0,2283,A
4-HA,1483,1,4,2298,0,2303,G
4-HA,1484,2,9,2280,0,2291,G
4-HA,1485,2277,0,5,0,2282,A
4-HA,1486,0,2273,0,5,2278,T
4-HA,1487,3,1,0,2163,2167,C
4-HA,1488,2164,1,1,0,2166,A
4-HA,1489,2173,1,1,0,2175,A
4-HA,1490,0,2164,1,2,2167,T
4-HA,1491,4,0,0,2171,2175,C
4-HA,1492,2138,0,1,0,2139,A
4-HA,1493,0,3,2151,0,2154,G
4-HA,1494,2156,0,2,0,2158,A
4-HA,1495,2163,0,0,1,2164,A
4-HA,1496,2159,0,2,0,2161,A
4-HA,1497,1,2154,0,0,2155,T
4-HA,1498,1,9,2136,1,2147,G
4-HA,1499,1,6,2142,0,2149,G
4-HA,1500,2144,0,4,0,2148,A
4-HA,1501,2161,0,3,0,2164,A
4-HA,1502,1,1,0,2157,2159,C
4-HA,1503,0,2122,0,4,2126,T
4-HA,1504,0,2144,0,0,2144,T
4-HA,1505,2146,0,0,0,2146,A
4-HA,1506,0,2144,1,1,2146,T
4-HA,1507,0,7,2131,0,2138,G
4-HA,1508,2140,1,1,0,2142,A
4-HA,1509,0,0,0,2136,2136,C
4-HA,1510,4,1,0,2116,2121,C
4-HA,1511,2124,0,0,1,2125,A
4-HA,1512,0,0,0,2203,2203,C
4-HA,1513,1,5,2262,0,2268,G
4-HA,1514,2332,0,4,0,2336,A
4-HA,1515,0,2378,0,2,2380,T
4-HA,1516,1,0,2477,0,2478,G
4-HA,1517,0,2460,0,1,2461,T
4-HA,1518,2558,1,8,0,2567,A
4-HA,1519,0,2563,0,1,2564,T
4-HA,1520,2556,0,7,0,2563,A
4-HA,1521,1,0,0,2558,2559,C
4-HA,1522,2291,0,5,0,2296,A
4-HA,1523,0,1,2324,0,2325,G
4-HA,1524,2148,1,5,0,2154,A
4-HA,1525,3,4,2105,1,2113,G
4-HA,1526,2091,0,3,0,2094,A
4-HA,1527,0,1962,0,3,1965,T
4-HA,1528,0,4,1963,0,1967,G
4-HA,1529,1961,0,5,0,1966,A
4-HA,1530,1947,0,8,0,1955,A
4-HA,1531,0,0,1994,0,1994,G
4-HA,1532,1,0,0,1965,1966,C
4-HA,1533,1958,0,1,0,1959,A
4-HA,1534,0,1936,0,0,1936,T
4-HA,1535,0,1931,0,1,1932,T
4-HA,1536,1935,0,2,0,1937,A
4-HA,1537,1936,1,4,0,1941,A
4-HA,1538,1943,0,2,0,1945,A
4-HA,1539,3,2,0,1937,1942,C
4-HA,1540,1865,0,0,0,1865,A
4-HA,1541,1867,1,4,0,1872,A
4-HA,1542,1,0,0,1867,1868,C
4-HA,1543,0,1,0,1853,1854,C
4-HA,1544,1,2,1850,0,1853,G
4-HA,1545,1,0,1868,0,1869,G
4-HA,1546,0,1872,0,2,1874,T
4-HA,1547,0,1864,0,1,1865,T
4-HA,1548,1,1848,0,3,1852,T
4-HA,1549,2,1,0,1857,1860,C
4-HA,1550,1861,0,2,0,1863,A
4-HA,1551,0,3,1881,0,1884,G
4-HA,1552,1877,0,4,0,1881,A
4-HA,1553,0,1871,0,5,1876,T
4-HA,1554,5,0,0,1827,1832,C
4-HA,1555,1823,0,2,0,1825,A
4-HA,1556,1823,0,4,0,1827,A
4-HA,1557,2,6,1825,0,1833,G
4-HA,1558,0,2,1821,0,1823,G
4-HA,1559,0,3,1820,0,1823,G
4-HA,1560,1751,1,4,0,1756,A
4-HA,1561,0,0,1779,0,1779,G
4-HA,1562,0,1779,0,3,1782,T
4-HA,1563,0,1779,0,0,1779,T
4-HA,1564,1,8,1790,0,1799,G
4-HA,1565,1774,0,6,0,1780,A
4-HA,1566,1,0,1803,0,1804,G
4-HA,1567,0,0,0,1801,1801,C
4-HA,1568,0,1779,0,4,1783,T
4-HA,1569,0,2,1779,0,1781,G
4-HA,1570,1774,0,1,0,1775,A
4-HA,1571,1772,0,12,0,1784,A
4-HA,1572,0,1,1788,0,1789,G
4-HA,1573,0,1753,0,3,1756,T
4-HA,1574,5,0,0,1747,1752,C
4-HA,1575,1716,0,1,0,1717,A
4-HA,1576,0,3,1714,0,1717,G
4-HA,1577,0,5,1703,0,1708,G
4-HA,1578,0,0,1649,1,1650,G
4-HA,1579,0,1713,0,0,1713,T
4-HA,1580,1716,0,3,0,1719,A
4-HA,1581,2,0,0,1710,1712,C
4-HA,1582,1706,0,1,0,1707,A
4-HA,1583,1701,0,1,0,1702,A
4-HA,1584,1704,0,4,0,1708,A
4-HA,1585,0,3,1703,0,1706,G
4-HA,1586,1655,0,1,0,1656,A
4-HA,1587,0,1604,1,0,1605,T
4-HA,1588,0,1587,0,1,1588,T
4-HA,1589,0,1,1585,0,1586,G
4-HA,1590,0,7,1579,0,1586,G
4-HA,1591,1591,0,1,0,1592,A
4-HA,1592,0,1584,0,1,1585,T
4-HA,1593,0,1,0,1572,1573,C
4-HA,1594,7,1,0,1546,1554,C
4-HA,1595,0,1535,0,1,1536,T
4-HA,1596,1558,0,1,0,1559,A
4-HA,1597,0,1551,0,2,1553,T
4-HA,1598,0,1,1556,0,1557,G
4-HA,1599,0,3,1542,0,1545,G
4-HA,1600,1509,0,0,0,1509,A
4-HA,1601,0,1501,0,3,1504,T
4-HA,1602,1,1473,0,3,1477,T
4-HA,1603,0,1470,0,1,1471,T
4-HA,1604,7,0,0,1473,1480,C
4-HA,1605,0,0,0,1469,1469,C
4-HA,1606,0,1439,1,2,1442,T
4-HA,1607,0,1440,0,2,1442,T
4-HA,1608,0,1433,0,0,1433,T
4-HA,1609,3,0,1444,1,1448,G
4-HA,1610,0,0,0,1450,1450,C
4-HA,1611,6,0,0,1440,1446,C
4-HA,1612,1423,0,4,0,1427,A
4-HA,1613,0,1404,0,8,1412,T
4-HA,1614,1419,1,1,0,1421,A
4-HA,1615,0,1423,0,1,1424,T
4-HA,1616,3,0,0,1417,1420,C
4-HA,1617,1415,0,2,0,1417,A
4-HA,1618,0,1371,0,0,1371,T
4-HA,1619,0,0,1390,0,1390,G
4-HA,1620,0,1382,1,0,1383,T
4-HA,1621,0,1361,0,1,1362,T
4-HA,1622,0,1358,0,1,1359,T
4-HA,1623,0,1325,0,1,1326,T
4-HA,1624,1,1321,0,1,1323,T
4-HA,1625,0,1316,0,0,1316,T
4-HA,1626,0,0,1325,0,1325,G
4-HA,1627,0,0,0,1314,1314,C
4-HA,1628,0,1278,0,2,1280,T
4-HA,1629,1,1281,0,1,1283,T
4-HA,1630,0,1271,0,0,1271,T
4-HA,1631,1,0,1291,0,1292,G
4-HA,1632,0,1292,0,0,1292,T
4-HA,1633,0,0,1295,0,1295,G
4-HA,1634,1,1291,0,1,1293,T
4-HA,1635,0,1268,0,0,1268,T
4-HA,1636,1,1,1280,0,1282,G
4-HA,1637,0,12,0,1263,1275,C
4-HA,1638,1,1267,0,1,1269,T
4-HA,1639,0,1282,0,0,1282,T
4-HA,1640,0,1201,0,0,1201,T
4-HA,1641,1,1,1205,0,1207,G
4-HA,1642,0,1197,0,1,1198,T
4-HA,1643,0,1185,0,0,1185,T
4-HA,1644,0,4,1188,0,1192,G
4-HA,1645,1,2,1154,0,1157,G
4-HA,1646,2,0,1156,0,1158,G
4-HA,1647,1,0,1168,0,1169,G
4-HA,1648,0,1115,0,5,1120,T
4-HA,1649,0,1105,0,2,1107,T
4-HA,1650,4,2,0,1089,1095,C
4-HA,1651,1094,0,1,0,1095,A
4-HA,1652,0,1087,0,3,1090,T
4-HA,1653,3,0,0,1092,1095,C
4-HA,1654,1082,0,5,0,1087,A
4-HA,1655,0,1056,0,1,1057,T
4-HA,1656,0,0,1049,0,1049,G
4-HA,1657,0,1032,0,0,1032,T
4-HA,1658,3,4,1016,0,1023,G
4-HA,1659,0,0,982,0,982,G
4-HA,1660,0,1,985,0,986,G
4-HA,1661,1,0,0,956,957,C
4-HA,1662,0,0,0,936,936,C
4-HA,1663,0,894,0,2,896,T
4-HA,1664,0,0,904,0,904,G
4-HA,1665,0,0,0,897,897,C
4-HA,1666,3,0,0,902,905,C
4-HA,1667,903,1,0,0,904,A
4-HA,1668,898,0,0,0,898,A
4-HA,1669,891,0,2,0,893,A
4-HA,1670,894,0,1,0,895,A
4-HA,1671,889,0,2,0,891,A
4-HA,1672,0,2,886,0,888,G
4-HA,1673,0,0,855,0,855,G
4-HA,1674,0,0,0,835,835,C
4-HA,1675,841,0,0,0,841,A
4-HA,1676,842,1,2,0,845,A
4-HA,1677,1,0,0,849,850,C
4-HA,1678,847,0,0,0,847,A
4-HA,1679,0,837,1,1,839,T
4-HA,1680,0,840,0,0,840,T
4-HA,1681,812,0,3,0,815,A
4-HA,1682,0,3,807,0,810,G
4-HA,1683,1,0,808,0,809,G
4-HA,1684,0,778,0,4,782,T
4-HA,1685,0,0,736,0,736,G
4-HA,1686,0,2,1,702,705,C
4-HA,1687,693,0,2,0,695,A
4-HA,1688,698,0,1,0,699,A
4-HA,1689,0,0,0,697,697,C
4-HA,1690,679,0,1,0,680,A
4-HA,1691,0,666,0,0,666,T
4-HA,1692,0,617,0,0,617,T
4-HA,1693,0,611,0,0,611,T
4-HA,1694,0,1,612,0,613,G
4-HA,1695,0,0,0,605,605,C
4-HA,1696,602,0,0,0,602,A
4-HA,1697,0,550,0,1,551,T
4-HA,1698,0,531,0,2,533,T
4-HA,1699,0,517,0,0,517,T
4-HA,1700,0,0,516,0,516,G
4-HA,1701,485,0,0,0,485,A
5-NP,1,3599,0,0,0,3599,A
5-NP,2,0,3625,0,0,3625,T
5-NP,3,0,0,3593,0,3593,G
5-NP,4,0,3,3604,0,3607,G
5-NP,5,3,0,0,3641,3644,C
5-NP,6,3,2,3744,0,3749,G
5-NP,7,0,3941,0,9,3950,T
5-NP,8,2,2,0,4024,4028,C
5-NP,9,7,1,0,4011,4019,C
5-NP,10,14,0,0,4045,4059,C
5-NP,11,4058,1,9,0,4068,A
5-NP,12,4058,1,14,1,4074,A
5-NP,13,1,7,4090,1,4099,G
5-NP,14,1,2,4227,1,4231,G
5-NP,15,1,0,0,4275,4276,C
5-NP,16,4289,0,3,0,4292,A
5-NP,17,1,6,0,4340,4347,C
5-NP,18,7,1,0,4335,4343,C
5-NP,19,4379,0,1,1,4381,A
5-NP,20,4377,0,1,1,4379,A
5-NP,21,4386,0,8,0,4394,A
5-NP,22,1,5,0,4398,4404,C
5-NP,23,6,12,4402,0,4420,G
5-NP,24,1,2,4826,0,4829,G
5-NP,25,1,4824,0,11,4836,T
5-NP,26,17,0,0,5268,5285,C
5-NP,27,0,5254,2,16,5272,T
5-NP,28,2,5348,0,1,5351,T
5-NP,29,5372,0,3,0,5375,A
5-NP,30,1,5378,0,5,5384,T
5-NP,31,1,37,5402,0,5440,G
5-NP,32,5404,0,8,0,5412,A
5-NP,33,5334,0,6,0,5340,A
5-NP,34,0,1,0,5370,5371,C
5-NP,35,5245,1,5,0,5251,A
5-NP,36,0,6,5655,1,5662,G
5-NP,37,5616,2,5,0,5623,A
5-NP,38,0,5622,0,5,5627,T
5-NP,39,2,15,5633,0,5650,G
5-NP,40,0,8,5659,0,5667,G
5-NP,41,5631,1,4,0,5636,A
5-NP,42,5667,0,7,0,5674,A
5-NP,43,5698,1,4,0,5703,A
5-NP,44,1,1,0,5921,5923,C
5-NP,45,0,5788,0,6,5794,T
5-NP,46,1,10,5881,0,5892,G
5-NP,47,5819,2,15,0,5836,A
5-NP,48,2,5841,0,10,5853,T
5-NP,49,2,26,5828,0,5856,G
5-NP,50,5,23,5842,0,5870,G
5-NP,51,2,12,5846,1,5861,G
5-NP,52,3,11,5895,0,5909,G
5-NP,53,5824,2,3,0,5829,A
5-NP,54,0,5830,0,8,5838,T
5-NP,55,11,4,0,5857,5872,C
5-NP,56,6,3,5884,0,5893,G
5-NP,57,3,2,0,5984,5989,C
5-NP,58,7,5,1,5995,6008,C
5-NP,59,5981,1,7,3,5992,A
5-NP,60,0,7,6065,0,6072,G
5-NP,61,6030,1,9,1,6041,A
5-NP,62,6155,1,4,0,6160,A
5-NP,63,0,6159,0,6,6165,T
5-NP,64,3,4,6160,1,6168,G
5-NP,65,1,3,0,6228,6232,C
5-NP,66,6166,1,7,0,6174,A
5-NP,67,6294,1,9,0,6304,A
5-NP,68,2,1,1,6298,6302,C
5-NP,69,1,6254,1,3,6259,T
5-NP,70,0,16,6312,0,6328,G
5-NP,71,6331,2,14,2,6349,A
5-NP,72,0,7,6747,0,6754,G
5-NP,73,6670,0,5,0,6675,A
5-NP,74,1,6648,0,7,6656,T
5-NP,75,1,6675,0,2,6678,T
5-NP,76,6669,2,10,0,6681,A
5-NP,77,3,23,6688,0,6714,G
5-NP,78,2,23,6673,1,6699,G
5-NP,79,1,1,6708,0,6710,G
5-NP,80,1,0,0,6612,6613,C
5-NP,81,6527,1,3,0,6531,A
5-NP,82,1,6537,0,19,6557,T
5-NP,83,8,2,2,6590,6602,C
5-NP,84,12,1,0,6589,6602,C
5-NP,85,6,1,6689,0,6696,G
5-NP,86,1,6644,0,9,6654,T
5-NP,87,14,4,0,6657,6675,C
5-NP,88,6,15,6682,0,6703,G
5-NP,89,4,9,6693,0,6706,G
5-NP,90,3,6,6736,1,6746,G
5-NP,91,6675,0,5,1,6681,A
5-NP,92,6687,1,12,0,6700,A
5-NP,93,3,5,6757,0,6765,G
5-NP,94,6691,1,7,1,6700,A
5-NP,95,0,6717,1,5,6723,T
5-NP,96,3,20,6757,0,6780,G
5-NP,97,6728,2,14,0,6744,A
5-NP,98,0,6773,0,4,6777,T
5-NP,99,2,6745,0,1,6748,T
5-NP,100,4,14,6760,0,6778,G
5-NP,101,6754,1,12,1,6768,A
5-NP,102,1,6760,0,4,6765,T
5-NP,103,2,9,6779,0,6790,G
5-NP,104,0,19,6997,0,7016,G
5-NP,105,6974,1,8,0,6983,A
5-NP,106,7028,2,5,0,7035,A
5-NP,107,1,7018,0,2,7021,T
5-NP,108,0,7020,0,2,7022,T
5-NP,109,2,25,7020,0,7047,G
5-NP,110,8,12,7001,1,7022,G
5-NP,111,2,9,7017,1,7029,G
5-NP,112,6959,1,11,0,6971,A
5-NP,113,0,8,6858,0,6866,G
5-NP,114,1,1,6794,0,6796,G
5-NP,115,0,7236,0,12,7248,T
5-NP,116,1,7252,0,10,7263,T
5-NP,117,15,0,0,7283,7298,C
5-NP,118,1,7286,1,6,7294,T
5-NP,119,7450,0,6,0,7456,A
5-NP,120,0,1,0,7476,7477,C
5-NP,121,7657,1,4,1,7663,A
5-NP,122,0,7656,0,7,7663,T
5-NP,123,13,2,0,7507,7522,C
5-NP,124,29,1,0,7524,7554,C
5-NP,125,7568,0,5,1,7574,A
5-NP,126,7714,0,5,0,7719,A
5-NP,127,7712,0,5,0,7717,A
5-NP,128,0,7630,0,3,7633,T
5-NP,129,5,0,7654,0,7659,G
5-NP,130,2,7475,0,16,7493,T
5-NP,131,0,4,7537,1,7542,G
5-NP,132,5,6,1,7549,7561,C
5-NP,133,7535,0,3,0,7538,A
5-NP,134,2,2,0,7551,7555,C
5-NP,135,1,7408,0,9,7418,T
5-NP,136,2,31,7745,0,7778,G
5-NP,137,7852,1,9,0,7862,A
5-NP,138,7992,0,18,0,8010,A
5-NP,139,1,2,0,8125,8128,C
5-NP,140,1,8049,1,22,8073,T
5-NP,141,1,8097,0,5,8103,T
5-NP,142,8103,1,5,0,8109,A
5-NP,143,8094,0,7,1,8102,A
5-NP,144,8144,4,8,1,8157,A
5-NP,145,1,0,0,8173,8174,C
5-NP,146,1,7846,2,8,7857,T
5-NP,147,24,2,0,7902,7928,C
5-NP,148,7829,0,8,1,7838,A
5-NP,149,2,0,7973,0,7975,G
5-NP,150,0,7956,0,14,7970,T
5-NP,151,1,31,8022,0,8054,G
5-NP,152,8169,1,8,2,8180,A
5-NP,153,2,8175,0,8,8185,T
5-NP,154,40,4,0,8279,8323,C
5-NP,155,8360,0,6,0,8366,A
5-NP,156,0,8317,0,11,8328,T
5-NP,157,2,13,8317,0,8332,G
5-NP,158,8290,0,15,0,8305,A
5-NP,159,8226,1,29,0,8256,A
5-NP,160,1,47,8203,0,8251,G
5-NP,161,8,19,8099,0,8126,G
5-NP,162,5,5,8110,0,8120,G
5-NP,163,2,5,0,8054,8061,C
5-NP,164,6,16,8099,0,8121,G
5-NP,165,1,4,8151,0,8156,G
5-NP,166,0,8141,0,7,8148,T
5-NP,167,2,8138,0,5,8145,T
5-NP,168,2,18,8133,0,8153,G
5-NP,169,9128,2,16,0,9146,A
5-NP,170,2,9128,0,10,9140,T
5-NP,171,26,3,1,9106,9136,C
5-NP,172,11,3,0,9129,9143,C
5-NP,173,9105,1,16,0,9122,A
5-NP,174,3,37,9113,0,9153,G
5-NP,175,9118,1,9,1,9129,A
5-NP,176,9146,1,12,0,9159,A
5-NP,177,0,1,0,9208,9209,C
5-NP,178,8478,0,8,1,8487,A
5-NP,179,3,4,8632,0,8639,G
5-NP,180,0,1,0,8639,8640,C
5-NP,181,0,8586,0,16,8602,T
5-NP,182,1,8657,1,8,8667,T
5-NP,183,1,32,8676,0,8709,G
5-NP,184,8732,1,19,0,8752,A
5-NP,185,2,2,0,8840,8844,C
5-NP,186,8744,1,9,0,8754,A
5-NP,187,8835,3,7,1,8846,A
5-NP,188,0,8776,1,4,8781,T
5-NP,189,8773,2,6,0,8781,A
5-NP,190,0,17,8826,0,8843,G
5-NP,191,8736,0,16,2,8754,A
5-NP,192,1,14,8840,0,8855,G
5-NP,193,8758,4,10,1,8773,A
5-NP,194,8896,0,5,0,8901,A
5-NP,195,8875,0,13,0,8888,A
5-NP,196,9070,0,10,0,9080,A
5-NP,197,0,9101,1,2,9104,T
5-NP,198,1,40,9051,2,9094,G
5-NP,199,3,2,9072,1,9078,G
5-NP,200,1,9039,0,10,9050,T
5-NP,201,8800,1,10,1,8812,A
5-NP,202,2,2,1,8895,8900,C
5-NP,203,2,8893,0,20,8915,T
5-NP,204,27,2,0,9050,9079,C
5-NP,205,0,8847,0,22,8869,T
5-NP,206,20,0,0,8949,8969,C
5-NP,207,0,8930,0,15,8945,T
5-NP,208,6,2,9026,0,9034,G
5-NP,209,6,1,0,9002,9009,C
5-NP,210,2,8939,0,16,8957,T
5-NP,211,0,8904,2,7,8913,T
5-NP,212,1,8907,1,6,8915,T
5-NP,213,1,8850,0,2,8853,T
5-NP,214,3,20,8883,0,8906,G
5-NP,215,8797,0,10,15,8822,A
5-NP,216,0,8825,0,11,8836,T
5-NP,217,0,14,8816,1,8831,G
5-NP,218,8774,1,10,2,8787,A
5-NP,219,8798,2,2,0,8802,A
5-NP,220,8815,1,13,1,8830,A
5-NP,221,0,9,8850,0,8859,G
5-NP,222,8853,1,11,2,8867,A
5-NP,223,8808,0,20,1,8829,A
5-NP,224,1,11,8916,1,8929,G
5-NP,225,2,16,9160,1,9179,G
5-NP,226,9187,0,23,1,9211,A
5-NP,227,9273,2,12,0,9287,A
5-NP,228,0,9262,0,2,9264,T
5-NP,229,9264,0,6,0,9270,A
5-NP,230,9255,0,7,3,9265,A
5-NP,231,9271,2,17,3,9293,A
5-NP,232,0,9274,0,3,9277,T
5-NP,233,9277,2,3,0,9282,A
5-NP,234,3,3,1,9298,9305,C
5-NP,235,10,0,0,9131,9141,C
5-NP,236,3,9085,1,12,9101,T
5-NP,237,1,12,9125,0,9138,G
5-NP,238,2,11,9244,0,9257,G
5-NP,239,9243,2,5,1,9251,A
5-NP,240,9198,1,29,1,9229,A
5-NP,241,3,33,9307,0,9343,G
5-NP,242,9258,2,15,0,9275,A
5-NP,243,9248,0,19,1,9268,A
5-NP,244,2,1,0,9247,9250,C
5-NP,245,9193,2,23,0,9218,A
5-NP,246,0,6,0,9492,9498,C
5-NP,247,17,5,0,9353,9375,C
5-NP,248,24,2,0,9340,9366,C
5-NP,249,22,6,0,9348,9376,C
5-NP,250,9209,0,10,1,9220,A
5-NP,251,1,3,9255,1,9260,G
5-NP,252,2,5,1,9231,9239,C
5-NP,253,3,3,9254,0,9260,G
5-NP,254,5,7,0,9252,9264,C
5-NP,255,7,28,9066,1,9102,G
5-NP,256,3,29,9135,0,9167,G
5-NP,257,5,12,9146,0,9163,G
5-NP,258,2,14,9211,0,9227,G
5-NP,259,9191,1,8,2,9202,A
5-NP,260,9182,0,12,0,9194,A
5-NP,261,9167,1,27,0,9195,A
5-NP,262,1,17,9195,1,9214,G
5-NP,263,9112,0,18,1,9131,A
5-NP,264,2,9099,2,6,9109,T
5-NP,265,10,5,0,9070,9085,C
5-NP,266,18,1,0,8994,9013,C
5-NP,267,35,4,0,9063,9102,C
5-NP,268,9149,0,2,0,9151,A
5-NP,269,9132,5,6,0,9143,A
5-NP,270,2,14,9187,0,9203,G
5-NP,271,9151,1,5,0,9157,A
5-NP,272,9186,0,3,1,9190,A
5-NP,273,9164,0,12,0,9176,A
5-NP,274,9183,1,11,3,9198,A
5-NP,275,1,0,0,9239,9240,C
5-NP,276,1,9132,1,3,9137,T
5-NP,277,1,31,9146,0,9178,G
5-NP,278,3,31,9123,0,9157,G
5-NP,279,1,14,9089,0,9104,G
5-NP,280,7,28,9075,1,9111,G
5-NP,281,2,19,9114,0,9135,G
5-NP,282,8,4,9311,1,9324,G
5-NP,283,1,2,2,10021,10026,C
5-NP,284,24,5,0,9981,10010,C
5-NP,285,43,6,0,10063,10112,C
5-NP,286,11482,2,8,0,11492,A
5-NP,287,1,11524,0,12,11537,T
5-NP,288,12237,2,6,0,12245,A
5-NP,289,1,12251,0,10,12262,T
5-NP,290,12158,0,8,1,12167,A
5-NP,291,1,4,0,12289,12294,C
5-NP,292,11365,5,19,2,11391,A
5-NP,293,6,19,11559,0,11584,G
5-NP,294,3,19,11540,0,11562,G
5-NP,295,10434,0,17,0,10451,A
5-NP,296,1,33,10823,0,10857,G
5-NP,297,10367,2,28,0,10397,A
5-NP,298,7,3,10643,1,10654,G
5-NP,299,0,10607,0,4,10611,T
5-NP,300,10529,1,9,1,10540,A
5-NP,301,907,8,9645,0,10560,G
5-NP,302,10438,2,15,0,10455,A
5-NP,303,0,10444,0,11,10455,T
5-NP,304,2,19,10416,0,10437,G
5-NP,305,0,17,10439,3,10459,G
5-NP,306,10125,0,12,1,10138,A
5-NP,307,10045,1,12,1,10059,A
5-NP,308,9981,2,18,0,10001,A
5-NP,309,10021,1,11,2,10035,A
5-NP,310,1,10021,0,2,10024,T
5-NP,311,7,27,10085,1,10120,G
5-NP,312,3,15,10085,1,10104,G
5-NP,313,10045,2,15,1,10063,A
5-NP,314,1,10043,0,3,10047,T
5-NP,315,3,13,10064,1,10081,G
5-NP,316,10052,4,21,2,10079,A
5-NP,317,1,32,10088,0,10121,G
5-NP,318,2,19,10064,0,10085,G
5-NP,319,10,42,10070,0,10122,G
5-NP,320,10159,0,15,0,10174,A
5-NP,321,10176,1,11,1,10189,A
5-NP,322,2,3,0,10214,10219,C
5-NP,323,2,10144,0,14,10160,T
5-NP,324,36,4,0,10241,10281,C
5-NP,325,5,4,10303,0,10312,G
5-NP,326,1,10270,0,21,10292,T
5-NP,327,24,2,0,10287,10313,C
5-NP,328,20,3,1,10598,10622,C
5-NP,329,1,10530,0,26,10557,T
5-NP,330,3,10577,0,9,10589,T
5-NP,331,1,10572,0,5,10578,T
5-NP,332,10620,1,5,0,10626,A
5-NP,333,0,340,2,10199,10541,C
5-NP,334,3,42,10525,0,10570,G
5-NP,335,10623,1,20,0,10644,A
5-NP,336,2,1,1,10613,10617,C
5-NP,337,10491,1,6,1,10499,A
5-NP,338,10505,2,0,0,10507,A
5-NP,339,10485,1,23,1,10510,A
5-NP,340,0,14,10744,1,10759,G
5-NP,341,10697,4,6,0,10707,A
5-NP,342,10696,0,24,0,10720,A
5-NP,343,3,19,10949,1,10972,G
5-NP,344,10940,2,24,1,10967,A
5-NP,345,10985,2,17,0,11004,A
5-NP,346,10983,0,15,0,10998,A
5-NP,347,0,10966,2,15,10983,T
5-NP,348,10961,0,6,2,10969,A
5-NP,349,10805,0,16,1,10822,A
5-NP,350,4,14,10879,1,10898,G
5-NP,351,2,1,10864,2,10869,G
5-NP,352,4,6,1,10751,10762,C
5-NP,353,7,31,10727,1,10766,G
5-NP,354,10773,3,11,0,10787,A
5-NP,355,10871,2,7,0,10880,A
5-NP,356,1,10848,1,7,10857,T
5-NP,357,16,4,0,10873,10893,C
5-NP,358,0,10831,0,19,10850,T
5-NP,359,1,12,10809,2,10824,G
5-NP,360,5,7,10769,0,10781,G
5-NP,361,3,10,0,10797,10810,C
5-NP,362,5,5,10806,0,10816,G
5-NP,363,4,0,0,10757,10761,C
5-NP,364,30,3,0,10698,10731,C
5-NP,365,10780,1,10,2,10793,A
5-NP,366,10893,1,7,1,10902,A
5-NP,367,2,2,11044,0,11048,G
5-NP,368,4,4,0,11015,11023,C
5-NP,369,25,6,1,11097,11129,C
5-NP,370,11155,2,18,3,11178,A
5-NP,371,11283,2,14,2,11301,A
5-NP,372,2,5,0,11333,11340,C
5-NP,373,11356,0,2,0,11358,A
5-NP,374,11489,0,7,0,11496,A
5-NP,375,2,11397,0,2,11401,T
5-NP,376,6,25,11434,0,11465,G
5-NP,377,2,2,11443,0,11447,G
5-NP,378,2,11288,0,18,11308,T
5-NP,379,2,15,11301,1,11319,G
5-NP,380,11207,1,15,0,11223,A
5-NP,381,3,17,11336,0,11356,G
5-NP,382,2,11,11344,0,11357,G
5-NP,383,11364,0,12,0,11376,A
5-NP,384,1,11903,0,5,11909,T
5-NP,385,5,4,11888,0,11897,G
5-NP,386,6,6,0,11893,11905,C
5-NP,387,4,11902,0,13,11919,T
5-NP,388,11982,0,12,0,11994,A
5-NP,389,3,4,0,12109,12116,C
5-NP,390,11949,0,6,0,11955,A
5-NP,391,1,11886,4,19,11910,T
5-NP,392,14,0,0,11832,11846,C
5-NP,393,2,11193,0,12,11207,T
5-NP,394,4,17,11473,0,11494,G
5-NP,395,3,5,11653,0,11661,G
5-NP,396,2,11617,2,18,11639,T
5-NP,397,38,1,1,11600,11640,C
5-NP,398,0,11467,2,22,11491,T
5-NP,399,11601,1,2,0,11604,A
5-NP,400,11604,1,7,1,11613,A
5-NP,401,2,0,0,11655,11657,C
5-NP,402,1,11568,3,20,11592,T
5-NP,403,45,1,0,11573,11619,C
5-NP,404,11419,3,12,1,11435,A
5-NP,405,2,4,1,11779,11786,C
5-NP,406,11763,1,5,0,11769,A
5-NP,407,2,11797,2,7,11808,T
5-NP,408,11632,0,3,0,11635,A
5-NP,409,11645,2,13,0,11660,A
5-NP,410,2,11651,0,5,11658,T
5-NP,411,2,43,11722,2,11769,G
5-NP,412,11669,0,3,1,11673,A
5-NP,413,2,11546,0,17,11565,T
5-NP,414,2,11285,0,8,11295,T
5-NP,415,0,11284,1,17,11302,T
5-NP,416,3,36,11201,1,11241,G
5-NP,417,2,10,11248,1,11261,G
5-NP,418,1,5,0,11270,11276,C
5-NP,419,11212,0,5,3,11220,A
5-NP,420,1,11125,0,17,11143,T
5-NP,421,0,11072,2,21,11095,T
5-NP,422,18,4,1,11097,11120,C
5-NP,423,19,9,0,11123,11151,C
5-NP,424,11317,4,7,0,11328,A
5-NP,425,11323,0,1,3,11327,A
5-NP,426,1,11302,1,5,11309,T
5-NP,427,0,11319,0,3,11322,T
5-NP,428,1,11321,2,3,11327,T
5-NP,429,6,41,11337,0,11384,G
5-NP,430,11356,0,4,0,11360,A
5-NP,431,11383,1,7,1,11392,A
5-NP,432,1,11414,1,3,11419,T
5-NP,433,2,26,11283,1,11312,G
5-NP,434,11675,5,18,1,11699,A
5-NP,435,3,11696,1,11,11711,T
5-NP,436,3,3,11746,0,11752,G
5-NP,437,2,3,2,11980,11987,C
5-NP,438,11932,3,20,1,11956,A
5-NP,439,12414,1,19,2,12436,A
5-NP,440,4,4,0,12429,12437,C
5-NP,441,12509,2,12,0,12523,A
5-NP,442,4,12744,0,8,12756,T
5-NP,443,12470,3,12,1,12486,A
5-NP,444,1,10,0,12620,12631,C
5-NP,445,19,5,0,12569,12593,C
5-NP,446,12218,3,17,1,12239,A
5-NP,447,1,10,12359,1,12371,G
5-NP,448,11947,4,19,0,11970,A
5-NP,449,1,31,12206,0,12238,G
5-NP,450,5,30,12091,1,12127,G
5-NP,451,11988,4,25,0,12017,A
5-NP,452,2,3,0,12043,12048,C
5-NP,453,11879,1,16,1,11897,A
5-NP,454,11869,3,27,1,11900,A
5-NP,455,2,32,11892,0,11926,G
5-NP,456,11642,1,33,3,11679,A
5-NP,457,5,8,11822,0,11835,G
5-NP,458,3,3,0,11684,11690,C
5-NP,459,5,11488,1,37,11531,T
5-NP,460,25,2,1,11592,11620,C
5-NP,461,1,11557,2,30,11590,T
5-NP,462,1,11641,1,7,11650,T
5-NP,463,3,10,11685,1,11699,G
5-NP,464,2,11596,1,6,11605,T
5-NP,465,1,11596,0,14,11611,T
5-NP,466,49,9,0,11503,11561,C
5-NP,467,6,43,11477,2,11528,G
5-NP,468,11695,0,5,0,11700,A
5-NP,469,11666,1,11,1,11679,A
5-NP,470,3,2,0,11761,11766,C
5-NP,471,2,11683,0,21,11706,T
5-NP,472,2,15,11826,0,11843,G
5-NP,473,3,29,11839,0,11871,G
5-NP,474,11858,6,20,0,11884,A
5-NP,475,11882,1,19,3,11905,A
5-NP,476,1,11866,1,3,11871,T
5-NP,477,2,31,11753,2,11788,G
5-NP,478,2,11,11796,0,11809,G
5-NP,479,11826,1,21,2,11850,A
5-NP,480,0,11895,0,14,11909,T
5-NP,481,26,4,0,11790,11820,C
5-NP,482,23,3,0,11764,11790,C
5-NP,483,26,2,0,11828,11856,C
5-NP,484,11955,2,11,1,11969,A
5-NP,485,6,22,12051,0,12079,G
5-NP,486,12002,0,12,2,12016,A
5-NP,487,11990,0,4,0,11994,A
5-NP,488,4,11826,0,5,11835,T
5-NP,489,2,7,11931,0,11940,G
5-NP,490,0,11819,0,14,11833,T
5-NP,491,9,4,11827,1,11841,G
5-NP,492,6,1,0,11855,11862,C
5-NP,493,1,11723,1,37,11762,T
5-NP,494,43,0,0,12394,12437,C
5-NP,495,3,12309,1,14,12327,T
5-NP,496,25,3,3,12767,12798,C
5-NP,497,3,12731,1,26,12761,T
5-NP,498,3,26,12735,1,12765,G
5-NP,499,12806,0,29,2,12837,A
5-NP,500,1,12758,1,9,12769,T
5-NP,501,1,1,12744,1,12747,G
5-NP,502,4,12,0,12700,12716,C
5-NP,503,12197,1,16,0,12214,A
5-NP,504,6,45,12443,1,12495,G
5-NP,505,4,23,12141,0,12168,G
5-NP,506,5,9,12281,0,12295,G
5-NP,507,4,3,0,12256,12263,C
5-NP,508,1,12149,0,25,12175,T
5-NP,509,25,2,0,12182,12209,C
5-NP,510,5,55,12201,1,12262,G
5-NP,511,12406,4,17,1,12428,A
5-NP,512,3,2,0,12406,12411,C
5-NP,513,0,12052,4,35,12091,T
5-NP,514,33,0,0,12631,12664,C
5-NP,515,5,12453,1,33,12492,T
5-NP,516,35,5,1,14031,14072,C
5-NP,517,28,5,0,14042,14075,C
5-NP,518,52,2,1,14073,14128,C
5-NP,519,4,14042,2,34,14082,T
5-NP,520,13950,2,4,0,13956,A
5-NP,521,1,13,13938,1,13953,G
5-NP,522,13903,2,9,3,13917,A
5-NP,523,13425,3,27,2,13457,A
5-NP,524,1,41,13378,0,13420,G
5-NP,525,1,8,12914,0,12923,G
5-NP,526,0,12631,0,18,12649,T
5-NP,527,28,3,0,12606,12637,C
5-NP,528,15,6,0,12653,12674,C
5-NP,529,6,19,12642,5,12672,G
5-NP,530,1,23,12726,0,12750,G
5-NP,531,12652,2,22,0,12676,A
5-NP,532,5,2,12866,0,12873,G
5-NP,533,4,4,1,12877,12886,C
5-NP,534,2,12593,0,24,12619,T
5-NP,535,8,2,12635,1,12646,G
5-NP,536,3,10,0,12622,12635,C
5-NP,537,12613,4,26,3,12646,A
5-NP,538,4,13,12668,0,12685,G
5-NP,539,2,4,12662,1,12669,G
5-NP,540,1,12614,3,14,12632,T
5-NP,541,6,4,12443,1,12454,G
5-NP,542,1,6,0,12523,12530,C
5-NP,543,1,12496,1,19,12517,T
5-NP,544,7,3,12533,1,12544,G
5-NP,545,1,2,2,12535,12540,C
5-NP,546,12641,2,6,1,12650,A
5-NP,547,2,4,12874,0,12880,G
5-NP,548,2,12658,0,16,12676,T
5-NP,549,44,2,0,12686,12732,C
5-NP,550,12709,3,4,2,12718,A
5-NP,551,12731,0,11,1,12743,A
5-NP,552,12678,5,31,4,12718,A
5-NP,553,4,19,12763,1,12787,G
5-NP,554,1,33,12782,0,12816,G
5-NP,555,12681,3,16,2,12702,A
5-NP,556,12594,2,12,3,12611,A
5-NP,557,1,12584,0,2,12587,T
5-NP,558,32,6,1,12545,12584,C
5-NP,559,9,34,12540,0,12583,G
5-NP,560,8,31,12864,0,12903,G
5-NP,561,1,33,12897,0,12931,G
5-NP,562,12812,7,28,0,12847,A
5-NP,563,2,5,0,12866,12873,C
5-NP,564,12709,1,10,0,12720,A
5-NP,565,12951,1,20,2,12974,A
5-NP,566,2,12979,3,7,12991,T
5-NP,567,6,37,13030,0,13073,G
5-NP,568,2,6,13414,0,13422,G
5-NP,569,0,13104,2,23,13129,T
5-NP,570,7,16,13176,0,13199,G
5-NP,571,13120,4,32,1,13157,A
5-NP,572,0,13080,1,26,13107,T
5-NP,573,5,23,13119,2,13149,G
5-NP,574,7,39,13146,1,13193,G
5-NP,575,13091,4,29,1,13125,A
5-NP,576,13129,1,12,1,13143,A
5-NP,577,2,5,0,13106,13113,C
5-NP,578,0,12529,1,8,12538,T
5-NP,579,5,41,13111,0,13157,G
5-NP,580,13061,3,12,1,13077,A
5-NP,581,2,13040,1,7,13050,T
5-NP,582,52,4,0,13105,13161,C
5-NP,583,12791,3,15,2,12811,A
5-NP,584,3,23,13094,0,13120,G
5-NP,585,12996,0,10,2,13008,A
5-NP,586,13022,0,13,0,13035,A
5-NP,587,2,13062,0,6,13070,T
5-NP,588,4,34,12612,0,12650,G
5-NP,589,6,2,12798,0,12806,G
5-NP,590,1,12774,0,21,12796,T
5-NP,591,49,3,0,12739,12791,C
5-NP,592,12802,0,6,2,12810,A
5-NP,593,12712,2,13,2,12729,A
5-NP,594,12742,1,10,1,12754,A
5-NP,595,3,7,0,12739,12749,C
5-NP,596,7,44,12677,0,12728,G
5-NP,597,2,39,12665,1,12707,G
5-NP,598,6,41,12507,0,12554,G
5-NP,599,7,21,12565,0,12593,G
5-NP,600,7,33,12552,1,12593,G
5-NP,601,12552,3,35,1,12591,A
5-NP,602,2,12430,2,24,12458,T
5-NP,603,27,4,1,12449,12481,C
5-NP,604,12523,0,16,0,12539,A
5-NP,605,12538,1,24,0,12563,A
5-NP,606,3,10,0,12410,12423,C
5-NP,607,5,38,12318,0,12361,G
5-NP,608,12273,2,8,0,12283,A
5-NP,609,0,12258,0,7,12265,T
5-NP,610,47,4,0,12268,12319,C
5-NP,611,4,25,12312,2,12343,G
5-NP,612,12273,2,6,1,12282,A
5-NP,613,12256,1,6,0,12263,A
5-NP,614,12307,1,4,1,12313,A
5-NP,615,0,12413,0,2,12415,T
5-NP,616,2,12416,2,2,12422,T
5-NP,617,1,12402,0,6,12409,T
5-NP,618,1,12460,3,2,12466,T
5-NP,619,1,12507,0,7,12515,T
5-NP,620,2,24,12511,2,12539,G
5-NP,621,2,34,12499,0,12535,G
5-NP,622,12325,2,21,4,12352,A
5-NP,623,1,8,12566,0,12575,G
5-NP,624,12178,2,23,1,12204,A
5-NP,625,1,17,12915,0,12933,G
5-NP,626,5,8,12966,0,12979,G
5-NP,627,3,12915,3,18,12939,T
5-NP,628,5,44,12947,0,12996,G
5-NP,629,12896,2,37,1,12936,A
5-NP,630,5,30,13026,0,13061,G
5-NP,631,12975,4,27,1,13007,A
5-NP,632,12985,1,13,1,13000,A
5-NP,633,2,12929,0,9,12940,T
5-NP,634,3,65,12340,1,12409,G
5-NP,635,4,16,12229,1,12250,G
5-NP,636,5,2,12277,1,12285,G
5-NP,637,1,4,0,12221,12226,C
5-NP,638,6,28,12231,0,12265,G
5-NP,639,4,14,12332,0,12350,G
5-NP,640,12325,0,3,0,12328,A
5-NP,641,12349,1,7,0,12357,A
5-NP,642,12532,2,14,0,12548,A
5-NP,643,12557,1,25,3,12586,A
5-NP,644,3,2,0,12690,12695,C
5-NP,645,12624,1,12,0,12637,A
5-NP,646,12610,0,17,1,12628,A
5-NP,647,2,17,12605,0,12624,G
5-NP,648,12145,0,29,0,12174,A
5-NP,649,12236,1,11,2,12250,A
5-NP,650,3,3,12598,0,12604,G
5-NP,651,1,12528,1,6,12536,T
5-NP,652,0,6,13175,0,13181,G
5-NP,653,6,2,0,13115,13123,C
5-NP,654,0,13072,1,24,13097,T
5-NP,655,1,13143,3,13,13160,T
5-NP,656,13352,1,10,0,13363,A
5-NP,657,2,13335,2,15,13354,T
5-NP,658,1,37,13363,2,13403,G
5-NP,659,12927,0,38,0,12965,A
5-NP,660,17,34,13020,1,13072,G
5-NP,661,12213,2,27,0,12242,A
5-NP,662,0,32,12331,1,12364,G
5-NP,663,12249,1,21,0,12271,A
5-NP,664,12410,0,8,2,12420,A
5-NP,665,1,12287,0,7,12295,T
5-NP,666,5,3,12455,1,12464,G
5-NP,667,3,12369,0,16,12388,T
5-NP,668,11,2,12407,1,12421,G
5-NP,669,9,9,0,12389,12407,C
5-NP,670,12357,0,13,0,12370,A
5-NP,671,12393,1,28,2,12424,A
5-NP,672,2,2,0,12387,12391,C
5-NP,673,12266,0,2,0,12268,A
5-NP,674,0,12282,3,19,12304,T
5-NP,675,2,12114,1,24,12141,T
5-NP,676,20,0,0,12171,12191,C
5-NP,677,3,12096,0,14,12113,T
5-NP,678,1,12097,1,17,12116,T
5-NP,679,12130,1,4,3,12138,A
5-NP,680,12039,0,6,0,12045,A
5-NP,681,12052,1,11,0,12064,A
5-NP,682,2,19,12033,1,12055,G
5-NP,683,8,29,11967,0,12004,G
5-NP,684,11957,2,7,0,11966,A
5-NP,685,11943,2,11,0,11956,A
5-NP,686,11934,0,7,0,11941,A
5-NP,687,12143,2,1,0,12146,A
5-NP,688,3,12112,2,9,12126,T
5-NP,689,0,12103,1,6,12110,T
5-NP,690,0,12150,0,6,12156,T
5-NP,691,32,3,1,12137,12173,C
5-NP,692,12169,0,11,0,12180,A
5-NP,693,12175,1,9,1,12186,A
5-NP,694,12150,2,16,1,12169,A
5-NP,695,1,3,1,12298,12303,C
5-NP,696,12116,3,8,1,12128,A
5-NP,697,1,2,12383,0,12386,G
5-NP,698,1,5,0,12392,12398,C
5-NP,699,3,12319,1,23,12346,T
5-NP,700,9,5,12567,0,12581,G
5-NP,701,4,7,1,12560,12572,C
5-NP,702,12667,2,24,1,12694,A
5-NP,703,1,11,0,12709,12721,C
5-NP,704,12595,0,5,2,12602,A
5-NP,705,12634,4,18,0,12656,A
5-NP,706,12337,1,22,1,12361,A
5-NP,707,5,47,12936,0,12988,G
5-NP,708,12854,2,27,0,12883,A
5-NP,709,19,10,12949,1,12979,G
5-NP,710,5,7,0,12885,12897,C
5-NP,711,12865,1,14,1,12881,A
5-NP,712,13302,0,32,4,13338,A
5-NP,713,1,13310,1,15,13327,T
5-NP,714,6,33,13342,0,13381,G
5-NP,715,10,5,13436,0,13451,G
5-NP,716,4,12973,0,20,12997,T
5-NP,717,8,29,12940,0,12977,G
5-NP,718,6,34,13019,1,13060,G
5-NP,719,13050,2,27,0,13079,A
5-NP,720,2,13019,0,21,13042,T
5-NP,721,33,6,0,12613,12652,C
5-NP,722,12681,1,13,1,12696,A
5-NP,723,12786,1,13,1,12801,A
5-NP,724,5,1,12864,0,12870,G
5-NP,725,1,12717,0,12,12730,T
5-NP,726,2,49,12680,1,12732,G
5-NP,727,12464,2,34,1,12501,A
5-NP,728,2,43,12547,0,12592,G
5-NP,729,12512,3,22,0,12537,A
5-NP,730,4,10,12572,0,12586,G
5-NP,731,12447,1,24,1,12473,A
5-NP,732,12221,1,2,2,12226,A
5-NP,733,12268,0,24,1,12293,A
5-NP,734,4,5,12377,1,12387,G
5-NP,735,1,12322,1,6,12330,T
5-NP,736,33,10,0,12289,12332,C
5-NP,737,14,26,12246,0,12286,G
5-NP,738,2,28,12269,0,12299,G
5-NP,739,12272,2,18,1,12293,A
5-NP,740,12384,1,14,0,12399,A
5-NP,741,4,4,0,12438,12446,C
5-NP,742,24,3,0,12294,12321,C
5-NP,743,58,4,0,12322,12384,C
5-NP,744,12307,2,20,2,12331,A
5-NP,745,8,20,12336,0,12364,G
5-NP,746,2,22,12373,0,12397,G
5-NP,747,12286,0,15,2,12303,A
5-NP,748,12254,0,8,0,12262,A
5-NP,749,12248,0,19,0,12267,A
5-NP,750,2,10,0,12315,12327,C
5-NP,751,8,7,12283,0,12298,G
5-NP,752,4,2,0,12281,12287,C
5-NP,753,2,12246,0,12,12260,T
5-NP,754,0,24,12257,0,12281,G
5-NP,755,12177,2,18,0,12197,A
5-NP,756,2,12,12422,0,12436,G
5-NP,757,12398,0,18,1,12417,A
5-NP,758,2,12374,3,12,12391,T
5-NP,759,34,6,0,12236,12276,C
5-NP,760,8,12,12307,0,12327,G
5-NP,761,12295,4,5,0,12304,A
5-NP,762,12275,1,11,0,12287,A
5-NP,763,1,16,12313,1,12331,G
5-NP,764,12298,0,8,0,12306,A
5-NP,765,1,12221,0,17,12239,T
5-NP,766,19,4,1,12352,12376,C
5-NP,767,0,12329,1,29,12359,T
5-NP,768,28,2,0,12456,12486,C
5-NP,769,12518,0,10,2,12530,A
5-NP,770,1,12498,1,6,12506,T
5-NP,771,12542,4,1,1,12548,A
5-NP,772,0,12487,5,8,12500,T
5-NP,773,2,12418,1,2,12423,T
5-NP,774,2,12324,0,7,12333,T
5-NP,775,0,12198,0,3,12201,T
5-NP,776,1,12223,1,5,12230,T
5-NP,777,12248,0,6,1,12255,A
5-NP,778,7,3,12232,0,12242,G
5-NP,779,5,3,0,12240,12248,C
5-NP,780,12209,2,7,0,12218,A
5-NP,781,12150,2,16,1,12169,A
5-NP,782,2,24,12585,0,12611,G
5-NP,783,12552,1,19,2,12574,A
5-NP,784,1,12576,2,4,12583,T
5-NP,785,10,10,0,12696,12716,C
5-NP,786,2,12638,1,27,12668,T
5-NP,787,9,3,12993,3,13008,G
5-NP,788,3,6,0,13039,13048,C
5-NP,789,13062,0,13,0,13075,A
5-NP,790,0,13199,0,8,13207,T
5-NP,791,0,12674,0,13,12687,T
5-NP,792,3,27,13542,0,13572,G
5-NP,793,13738,2,21,1,13762,A
5-NP,794,3,13758,0,9,13770,T
5-NP,795,13808,1,17,0,13826,A
5-NP,796,2,13491,1,10,13504,T
5-NP,797,0,13422,0,8,13430,T
5-NP,798,3,44,13470,0,13517,G
5-NP,799,13266,2,30,1,13299,A
5-NP,800,22,17,13453,0,13492,G
5-NP,801,12654,3,23,2,12682,A
5-NP,802,2,19,12492,0,12513,G
5-NP,803,6,27,12704,0,12737,G
5-NP,804,12594,2,41,2,12639,A
5-NP,805,2,12620,0,22,12644,T
5-NP,806,26,1,1,12696,12724,C
5-NP,807,12633,2,13,2,12650,A
5-NP,808,10,1,12730,0,12741,G
5-NP,809,1,12664,0,15,12680,T
5-NP,810,3,12578,0,6,12587,T
5-NP,811,4,5,12592,0,12601,G
5-NP,812,1,5,0,12452,12458,C
5-NP,813,2,12371,2,20,12395,T
5-NP,814,71,5,1,12447,12524,C
5-NP,815,12546,0,15,1,12562,A
5-NP,816,1,5,0,12544,12550,C
5-NP,817,12539,1,3,0,12543,A
5-NP,818,12597,1,6,1,12605,A
5-NP,819,12586,2,0,1,12589,A
5-NP,820,3,12526,2,10,12541,T
5-NP,821,28,2,0,12554,12584,C
5-NP,822,2,12480,3,35,12520,T
5-NP,823,1,12475,0,9,12485,T
5-NP,824,9,0,12518,0,12527,G
5-NP,825,2,8,0,12519,12529,C
5-NP,826,21,5,0,12663,12689,C
5-NP,827,1,12655,2,13,12671,T
5-NP,828,12746,2,14,0,12762,A
5-NP,829,7,2,1,12727,12737,C
5-NP,830,17,1,0,12709,12727,C
5-NP,831,4,12661,2,16,12683,T
5-NP,832,4,10,12876,2,12892,G
5-NP,833,2,6,0,12815,12823,C
5-NP,834,14,2,0,12837,12853,C
5-NP,835,6,12612,2,11,12631,T
5-NP,836,7,5,12790,0,12802,G
5-NP,837,3,12691,1,13,12708,T
5-NP,838,8,7,12862,0,12877,G
5-NP,839,20,8,1,12955,12984,C
5-NP,840,21,4,13185,0,13210,G
5-NP,841,0,12981,0,8,12989,T
5-NP,842,12963,0,7,0,12970,A
5-NP,843,1,12949,1,19,12970,T
5-NP,844,4,29,12927,0,12960,G
5-NP,845,3,36,13442,0,13481,G
5-NP,846,13428,5,24,0,13457,A
5-NP,847,8,6,0,13166,13180,C
5-NP,848,19,2,0,13069,13090,C
5-NP,849,4,12866,3,31,12904,T
5-NP,850,5,5,13498,1,13509,G
5-NP,851,7,3,3,13518,13531,C
5-NP,852,13554,3,20,0,13577,A
5-NP,853,1,3,13788,0,13792,G
5-NP,854,0,12964,0,14,12978,T
5-NP,855,13502,1,5,1,13509,A
5-NP,856,1,13415,1,31,13448,T
5-NP,857,21,5,1,13366,13393,C
5-NP,858,22,1,0,13399,13422,C
5-NP,859,12710,0,8,1,12719,A
5-NP,860,4,6,12739,2,12751,G
5-NP,861,3,12631,1,14,12649,T
5-NP,862,3,48,12754,0,12805,G
5-NP,863,3,22,12694,0,12719,G
5-NP,864,3,1,12464,0,12468,G
5-NP,865,2,12416,0,7,12425,T
5-NP,866,12400,0,10,0,12410,A
5-NP,867,4,11,1,12353,12369,C
5-NP,868,2,63,12280,1,12346,G
5-NP,869,12263,1,11,0,12275,A
5-NP,870,5,2,0,12233,12240,C
5-NP,871,2,11843,0,20,11865,T
5-NP,872,2,11863,2,4,11871,T
5-NP,873,21,5,0,11813,11839,C
5-NP,874,4,30,11831,1,11866,G
5-NP,875,11849,0,7,0,11856,A
5-NP,876,11852,0,0,1,11853,A
5-NP,877,11874,1,4,0,11879,A
5-NP,878,11876,0,2,1,11879,A
5-NP,879,11830,2,17,2,11851,A
5-NP,880,1,26,11854,0,11881,G
5-NP,881,11813,1,28,1,11843,A
5-NP,882,1,42,11881,0,11924,G
5-NP,883,4,30,11965,0,11999,G
5-NP,884,4,19,12017,1,12041,G
5-NP,885,12039,2,14,0,12055,A
5-NP,886,2,12054,1,7,12064,T
5-NP,887,12119,0,6,0,12125,A
5-NP,888,0,12064,1,18,12083,T
5-NP,889,3,12038,1,9,12051,T
5-NP,890,34,2,1,12140,12177,C
5-NP,891,25,1,2,12037,12065,C
5-NP,892,0,11864,0,13,11877,T
5-NP,893,1,11868,0,5,11874,T
5-NP,894,3,27,11922,0,11952,G
5-NP,895,6,3,12004,0,12013,G
5-NP,896,1,11913,0,11,11925,T
5-NP,897,2,32,11831,1,11866,G
5-NP,898,3,16,11746,0,11765,G
5-NP,899,4,25,12270,0,12299,G
5-NP,900,12273,1,22,0,12296,A
5-NP,901,12304,1,18,0,12323,A
5-NP,902,3,12309,1,6,12319,T
5-NP,903,12065,0,19,1,12085,A
5-NP,904,3,25,12054,0,12082,G
5-NP,905,11942,3,20,0,11965,A
5-NP,906,5,4,0,11919,11928,C
5-NP,907,31,2,0,11720,11753,C
5-NP,908,53,3,1,11165,11222,C
5-NP,909,0,11288,3,25,11316,T
5-NP,910,1,11302,2,13,11318,T
5-NP,911,1,11302,0,17,11320,T
5-NP,912,32,3,0,11329,11364,C
5-NP,913,11329,2,3,0,11334,A
5-NP,914,11317,1,6,0,11324,A
5-NP,915,11267,2,12,0,11281,A
5-NP,916,1,0,0,11304,11305,C
5-NP,917,0,10893,1,2,10896,T
5-NP,918,10819,0,5,0,10824,A
5-NP,919,2,1,0,10944,10947,C
5-NP,920,1,10814,2,24,10841,T
5-NP,921,4,10784,1,12,10801,T
5-NP,922,12,4,0,10876,10892,C
5-NP,923,10850,1,5,0,10856,A
5-NP,924,10834,1,1,1,10837,A
5-NP,925,10790,2,4,1,10797,A
5-NP,926,10793,2,12,1,10808,A
5-NP,927,1,10678,1,2,10682,T
5-NP,928,10456,0,11,0,10467,A
5-NP,929,3,2,10604,0,10609,G
5-NP,930,3,3,1,10625,10632,C
5-NP,931,17,1,1,10738,10757,C
5-NP,932,10763,1,4,0,10768,A
5-NP,933,10772,0,7,0,10779,A
5-NP,934,11069,3,9,0,11081,A
5-NP,935,0,11073,1,0,11074,T
5-NP,936,11130,1,7,1,11139,A
5-NP,937,0,11121,2,10,11133,T
5-NP,938,10873,2,10,0,10885,A
5-NP,939,2,4,0,10901,10907,C
5-NP,940,10465,0,17,0,10482,A
5-NP,941,1,0,10710,0,10711,G
5-NP,942,4,0,0,10672,10676,C
5-NP,943,0,10214,0,20,10234,T
5-NP,944,0,10319,1,9,10329,T
5-NP,945,10331,2,5,0,10338,A
5-NP,946,10353,1,4,0,10358,A
5-NP,947,0,10321,1,5,10327,T
5-NP,948,33,5,0,10291,10329,C
5-NP,949,9787,0,13,2,9802,A
5-NP,950,2,23,9878,0,9903,G
5-NP,951,9868,2,16,0,9886,A
5-NP,952,3,0,0,9925,9928,C
5-NP,953,17,3,2,9793,9815,C
5-NP,954,5,9610,2,11,9628,T
5-NP,955,9676,0,6,0,9682,A
5-NP,956,9665,0,5,0,9670,A
5-NP,957,28,3,0,9678,9709,C
5-NP,958,3,28,9672,0,9703,G
5-NP,959,9391,1,11,1,9404,A
5-NP,960,3,15,9431,1,9450,G
5-NP,961,9260,1,25,2,9288,A
5-NP,962,9333,0,10,0,9343,A
5-NP,963,3,9301,1,12,9317,T
5-NP,964,18,1,1,9149,9169,C
5-NP,965,21,6,0,9143,9170,C
5-NP,966,8885,1,16,0,8902,A
5-NP,967,3,2,8920,0,8925,G
5-NP,968,4,3,1,8904,8912,C
5-NP,969,8955,1,7,0,8963,A
5-NP,970,7,2,0,8988,8997,C
5-NP,971,8777,3,16,0,8796,A
5-NP,972,2,10,0,8800,8812,C
5-NP,973,8786,1,6,2,8795,A
5-NP,974,8750,0,30,2,8782,A
5-NP,975,0,10,8786,0,8796,G
5-NP,976,8537,0,19,0,8556,A
5-NP,977,2,1,8630,0,8633,G
5-NP,978,3,8307,1,13,8324,T
5-NP,979,40,3,1,8231,8275,C
5-NP,980,8170,2,14,4,8190,A
5-NP,981,2,0,8183,0,8185,G
5-NP,982,1,5,0,8142,8148,C
5-NP,983,2,8002,0,11,8015,T
5-NP,984,4,19,8014,0,8037,G
5-NP,985,2,3,8035,0,8040,G
5-NP,986,0,7905,1,8,7914,T
5-NP,987,3,2,7964,0,7969,G
5-NP,988,1,7795,2,8,7806,T
5-NP,989,4,19,7752,0,7775,G
5-NP,990,4,4,7717,0,7725,G
5-NP,991,7582,4,16,0,7602,A
5-NP,992,4,7624,1,3,7632,T
5-NP,993,2,19,6957,0,6978,G
5-NP,994,7,1,6818,0,6826,G
5-NP,995,2,5,0,6759,6766,C
5-NP,996,6581,0,10,0,6591,A
5-NP,997,1,6540,35,12,6588,T
5-NP,998,3,3,6493,0,6499,G
5-NP,999,4,2,1,6529,6536,C
5-NP,1000,21,3,2,6490,6516,C
5-NP,1001,6457,0,5,0,6462,A
5-NP,1002,0,6394,1,7,6402,T
5-NP,1003,2,6185,0,14,6201,T
5-NP,1004,15,1,1,6200,6217,C
5-NP,1005,2,5976,0,7,5985,T
5-NP,1006,4,1,5936,0,5941,G
5-NP,1007,0,1,0,5925,5926,C
5-NP,1008,1,5247,1,12,5261,T
5-NP,1009,2,0,5292,0,5294,G
5-NP,1010,2,2,0,4911,4915,C
5-NP,1011,4892,0,1,0,4893,A
5-NP,1012,1,4879,1,3,4884,T
5-NP,1013,1,4770,0,5,4776,T
5-NP,1014,1,4770,1,1,4773,T
5-NP,1015,0,12,4752,0,4764,G
5-NP,1016,4757,0,2,0,4759,A
5-NP,1017,4753,1,6,0,4760,A
5-NP,1018,0,11,4805,0,4816,G
5-NP,1019,4774,1,3,0,4778,A
5-NP,1020,0,4757,0,1,4758,T
5-NP,1021,0,4758,2,3,4763,T
5-NP,1022,1,4753,1,3,4758,T
5-NP,1023,4769,1,1,0,4771,A
5-NP,1024,4756,0,6,0,4762,A
5-NP,1025,1,5,4771,0,4777,G
5-NP,1026,4755,1,7,0,4763,A
5-NP,1027,2,4764,0,0,4766,T
5-NP,1028,0,4641,0,4,4645,T
5-NP,1029,1,1,4679,0,4681,G
5-NP,1030,0,4681,0,5,4686,T
5-NP,1031,1,4670,1,4,4676,T
5-NP,1032,4678,1,2,0,4681,A
5-NP,1033,4681,0,3,0,4684,A
5-NP,1034,1,2,4694,0,4697,G
5-NP,1035,1,3,1,4702,4707,C
5-NP,1036,1,4598,3,8,4610,T
5-NP,1037,1,4622,1,8,4632,T
5-NP,1038,12,1,0,4638,4651,C
5-NP,1039,4645,0,13,3,4661,A
5-NP,1040,1,4649,0,2,4652,T
5-NP,1041,4,0,0,4657,4661,C
5-NP,1042,4570,1,7,0,4578,A
5-NP,1043,0,8,4568,0,4576,G
5-NP,1044,4489,1,4,0,4494,A
5-NP,1045,3,16,4488,0,4507,G
5-NP,1046,2,6,4486,0,4494,G
5-NP,1047,2,16,4466,0,4484,G
5-NP,1048,4480,0,10,2,4492,A
5-NP,1049,0,1,0,4485,4486,C
5-NP,1050,4504,0,3,0,4507,A
5-NP,1051,4504,0,4,0,4508,A
5-NP,1052,4493,0,6,2,4501,A
5-NP,1053,4513,0,6,1,4520,A
5-NP,1054,2,1,4544,0,4547,G
5-NP,1055,0,4426,0,6,4432,T
5-NP,1056,4396,0,5,0,4401,A
5-NP,1057,1,4352,1,8,4362,T
5-NP,1058,5,2,0,4365,4372,C
5-NP,1059,1,4318,1,7,4327,T
5-NP,1060,12,0,0,4378,4390,C
5-NP,1061,11,0,0,4325,4336,C
5-NP,1062,1,4297,0,2,4300,T
5-NP,1063,6,2,0,4299,4307,C
5-NP,1064,6,12,4271,0,4289,G
5-NP,1065,1,16,4309,0,4326,G
5-NP,1066,35,13,4269,0,4317,G
5-NP,1067,3,12,4302,0,4317,G
5-NP,1068,1,3,4315,0,4319,G
5-NP,1069,4253,0,2,1,4256,A
5-NP,1070,4261,0,3,0,4264,A
5-NP,1071,4266,1,8,0,4275,A
5-NP,1072,1,1,0,4301,4303,C
5-NP,1073,1,4264,1,2,4268,T
5-NP,1074,1,0,4306,1,4308,G
5-NP,1075,0,4246,0,10,4256,T
5-NP,1076,12,4,0,4249,4265,C
5-NP,1077,4345,1,7,0,4353,A
5-NP,1078,4377,0,6,0,4383,A
5-NP,1079,0,4,0,4390,4394,C
5-NP,1080,1,4377,0,5,4383,T
5-NP,1081,4292,1,5,1,4299,A
5-NP,1082,0,4,4313,0,4317,G
5-NP,1083,4199,1,5,0,4205,A
5-NP,1084,1,13,4216,0,4230,G
5-NP,1085,2,14,4229,0,4245,G
5-NP,1086,4044,0,12,0,4056,A
5-NP,1087,0,1,4156,0,4157,G
5-NP,1088,0,4094,0,1,4095,T
5-NP,1089,4107,0,4,0,4111,A
5-NP,1090,1,2,0,4106,4109,C
5-NP,1091,4052,0,1,0,4053,A
5-NP,1092,4056,0,4,0,4060,A
5-NP,1093,3999,1,2,0,4002,A
5-NP,1094,0,3976,0,0,3976,T
5-NP,1095,0,3944,0,1,3945,T
5-NP,1096,4,2,3849,1,3856,G
5-NP,1097,1,1,0,3807,3809,C
5-NP,1098,1,3778,0,6,3785,T
5-NP,1099,3,3771,0,3,3777,T
5-NP,1100,7,0,0,3790,3797,C
5-NP,1101,3797,0,1,0,3798,A
5-NP,1102,3815,0,1,0,3816,A
5-NP,1103,3812,0,4,0,3816,A
5-NP,1104,0,3836,0,1,3837,T
5-NP,1105,1,9,3814,0,3824,G
5-NP,1106,3742,0,9,0,3751,A
5-NP,1107,0,12,3779,0,3791,G
5-NP,1108,3788,0,11,0,3799,A
5-NP,1109,3795,0,4,0,3799,A
5-NP,1110,3,2,0,3800,3805,C
5-NP,1111,3755,0,10,0,3765,A
5-NP,1112,0,3758,0,5,3763,T
5-NP,1113,1,9,3795,0,3805,G
5-NP,1114,2,6,3824,1,3833,G
5-NP,1115,3826,0,3,0,3829,A
5-NP,1116,0,3756,0,3,3759,T
5-NP,1117,3722,0,4,1,3727,A
5-NP,1118,3979,1,1,0,3981,A
5-NP,1119,0,3916,0,1,3917,T
5-NP,1120,3907,0,3,0,3910,A
5-NP,1121,0,3867,1,7,3875,T
5-NP,1122,1,18,3604,0,3623,G
5-NP,1123,1,4,3534,0,3539,G
5-NP,1124,1,3,3529,0,3533,G
5-NP,1125,3520,0,6,0,3526,A
5-NP,1126,0,3512,0,4,3516,T
5-NP,1127,9,2,1,2877,2889,C
5-NP,1128,1,14,2872,1,2888,G
5-NP,1129,2872,1,8,1,2882,A
5-NP,1130,1,0,2886,1,2888,G
5-NP,1131,1,0,1,2880,2882,C
5-NP,1132,2854,0,1,0,2855,A
5-NP,1133,0,0,0,3014,3014,C
5-NP,1134,0,2961,0,3,2964,T
5-NP,1135,11,0,0,2992,3003,C
5-NP,1136,0,2992,0,5,2997,T
5-NP,1137,0,2965,0,3,2968,T
5-NP,1138,1,7,2967,0,2975,G
5-NP,1139,2957,0,4,1,2962,A
5-NP,1140,2980,1,5,0,2986,A
5-NP,1141,1,0,0,2977,2978,C
5-NP,1142,1,2456,1,3,2461,T
5-NP,1143,2,8,2467,0,2477,G
5-NP,1144,2391,2,4,0,2397,A
5-NP,1145,0,3,2420,0,2423,G
5-NP,1146,2409,0,6,0,2415,A
5-NP,1147,2399,0,5,1,2405,A
5-NP,1148,1,2,2414,0,2417,G
5-NP,1149,3,0,0,2387,2390,C
5-NP,1150,5,10,2380,0,2395,G
5-NP,1151,1,2,2396,0,2399,G
5-NP,1152,1,0,2407,0,2408,G
5-NP,1153,0,2405,0,0,2405,T
5-NP,1154,2375,0,2,0,2377,A
5-NP,1155,0,0,0,2371,2371,C
5-NP,1156,1,2145,0,1,2147,T
5-NP,1157,1,7,2176,0,2184,G
5-NP,1158,0,2,2146,0,2148,G
5-NP,1159,1,1,2149,0,2151,G
5-NP,1160,2,1,0,2127,2130,C
5-NP,1161,10,0,0,2011,2021,C
5-NP,1162,2047,0,3,0,2050,A
5-NP,1163,0,2051,0,3,2054,T
5-NP,1164,2051,0,0,0,2051,A
5-NP,1165,2050,0,4,0,2054,A
5-NP,1166,0,5,2034,1,2040,G
5-NP,1167,0,9,2091,0,2100,G
5-NP,1168,2060,0,3,0,2063,A
5-NP,1169,0,0,0,2049,2049,C
5-NP,1170,4,0,0,2052,2056,C
5-NP,1171,2044,1,2,0,2047,A
5-NP,1172,1,2,2081,0,2084,G
5-NP,1173,0,5,2077,1,2083,G
5-NP,1174,2066,0,2,0,2068,A
5-NP,1175,0,0,2086,0,2086,G
5-NP,1176,0,1983,0,3,1986,T
5-NP,1177,0,4,1995,0,1999,G
5-NP,1178,1,2,2012,0,2015,G
5-NP,1179,2005,0,3,0,2008,A
5-NP,1180,0,4,2012,1,2017,G
5-NP,1181,0,5,1977,0,1982,G
5-NP,1182,1955,0,5,1,1961,A
5-NP,1183,1960,0,3,1,1964,A
5-NP,1184,1969,0,5,0,1974,A
5-NP,1185,0,0,0,1985,1985,C
5-NP,1186,1984,0,1,0,1985,A
5-NP,1187,0,0,0,2023,2023,C
5-NP,1188,0,1981,0,1,1982,T
5-NP,1189,2035,0,1,1,2037,A
5-NP,1190,2040,0,1,0,2041,A
5-NP,1191,1,2023,0,6,2030,T
5-NP,1192,6,0,0,2046,2052,C
5-NP,1193,2020,0,2,1,2023,A
5-NP,1194,2059,0,2,1,2062,A
5-NP,1195,0,0,0,2066,2066,C
5-NP,1196,1985,0,2,0,1987,A
5-NP,1197,1,1,1993,0,1995,G
5-NP,1198,1916,0,6,0,1922,A
5-NP,1199,0,6,1948,0,1954,G
5-NP,1200,0,2,1950,0,1952,G
5-NP,1201,0,1,1945,0,1946,G
5-NP,1202,1,2,1,1938,1942,C
5-NP,1203,3,0,0,1921,1924,C
5-NP,1204,0,1906,0,9,1915,T
5-NP,1205,0,0,0,1929,1929,C
5-NP,1206,1,1,0,1923,1925,C
5-NP,1207,0,0,1936,0,1936,G
5-NP,1208,0,0,0,1927,1927,C
5-NP,1209,1904,0,3,0,1907,A
5-NP,1210,0,6,1977,0,1983,G
5-NP,1211,1,0,1974,0,1975,G
5-NP,1212,2,1,0,1982,1985,C
5-NP,1213,6,1,0,1981,1988,C
5-NP,1214,1976,0,3,0,1979,A
5-NP,1215,1992,0,0,0,1992,A
5-NP,1216,1988,0,5,0,1993,A
5-NP,1217,0,0,0,1999,1999,C
5-NP,1218,5,1,0,2001,2007,C
5-NP,1219,1855,0,2,0,1857,A
5-NP,1220,2,1,1882,0,1885,G
5-NP,1221,0,1857,1,2,1860,T
5-NP,1222,0,1,1870,0,1871,G
5-NP,1223,0,1864,0,4,1868,T
5-NP,1224,1,0,1858,0,1859,G
5-NP,1225,1,2,0,1862,1865,C
5-NP,1226,1839,0,0,0,1839,A
5-NP,1227,1875,0,2,0,1877,A
5-NP,1228,0,0,0,1872,1872,C
5-NP,1229,10,1,0,1852,1863,C
5-NP,1230,0,1840,0,0,1840,T
5-NP,1231,1835,1,0,0,1836,A
5-NP,1232,0,1,0,1833,1834,C
5-NP,1233,1,2,1832,0,1835,G
5-NP,1234,0,1830,1,1,1832,T
5-NP,1235,0,1830,2,2,1834,T
5-NP,1236,0,1807,0,3,1810,T
5-NP,1237,0,1799,0,0,1799,T
5-NP,1238,5,0,0,1808,1813,C
5-NP,1239,1,1776,0,0,1777,T
5-NP,1240,0,0,1818,0,1818,G
5-NP,1241,0,1810,0,0,1810,T
5-NP,1242,1816,0,1,0,1817,A
5-NP,1243,0,0,0,1813,1813,C
5-NP,1244,1795,0,1,0,1796,A
5-NP,1245,1796,0,1,0,1797,A
5-NP,1246,1795,0,1,0,1796,A
5-NP,1247,0,6,1797,0,1803,G
5-NP,1248,1793,0,5,0,1798,A
5-NP,1249,1725,0,3,0,1728,A
5-NP,1250,1725,0,2,0,1727,A
5-NP,1251,0,0,0,1734,1734,C
5-NP,1252,2,0,0,1711,1713,C
5-NP,1253,1,1691,0,5,1697,T
5-NP,1254,2,1,0,1699,1702,C
5-NP,1255,4,0,0,1699,1703,C
5-NP,1256,8,0,0,1695,1703,C
5-NP,1257,1701,0,1,0,1702,A
5-NP,1258,0,1707,1,0,1708,T
5-NP,1259,0,1702,0,2,1704,T
5-NP,1260,0,1703,0,1,1704,T
5-NP,1261,0,2,1705,0,1707,G
5-NP,1262,1699,0,1,0,1700,A
5-NP,1263,1696,1,0,0,1697,A
5-NP,1264,1696,0,4,0,1700,A
5-NP,1265,1685,0,2,0,1687,A
5-NP,1266,0,0,1712,0,1712,G
5-NP,1267,0,1701,0,2,1703,T
5-NP,1268,10,0,0,1699,1709,C
5-NP,1269,1711,2,1,0,1714,A
5-NP,1270,1721,0,4,0,1725,A
5-NP,1271,0,3,0,1722,1725,C
5-NP,1272,1,0,0,1750,1751,C
5-NP,1273,1750,0,1,1,1752,A
5-NP,1274,1,1757,1,4,1763,T
5-NP,1275,3,0,0,1733,1736,C
5-NP,1276,1724,0,3,0,1727,A
5-NP,1277,0,1733,0,4,1737,T
5-NP,1278,0,4,1732,0,1736,G
5-NP,1279,2,0,1731,0,1733,G
5-NP,1280,0,1,0,1734,1735,C
5-NP,1281,1680,1,2,0,1683,A
5-NP,1282,0,0,1682,1,1683,G
5-NP,1283,1,1,0,1675,1677,C
5-NP,1284,1682,0,1,0,1683,A
5-NP,1285,0,1684,0,1,1685,T
5-NP,1286,1,1666,1,1,1669,T
5-NP,1287,6,0,0,1665,1671,C
5-NP,1288,1662,0,2,0,1664,A
5-NP,1289,0,0,0,1678,1678,C
5-NP,1290,0,1672,0,1,1673,T
5-NP,1291,1,2,1688,1,1692,G
5-NP,1292,0,1,1702,0,1703,G
5-NP,1293,1680,0,6,0,1686,A
5-NP,1294,1684,0,1,0,1685,A
5-NP,1295,1689,0,1,0,1690,A
5-NP,1296,0,1675,1,2,1678,T
5-NP,1297,1677,0,0,1,1678,A
5-NP,1298,0,1,0,1671,1672,C
5-NP,1299,1,2,1640,0,1643,G
5-NP,1300,0,3,1631,0,1634,G
5-NP,1301,1578,0,1,0,1579,A
5-NP,1302,1,6,1602,0,1609,G
5-NP,1303,0,4,1603,0,1607,G
5-NP,1304,1,3,1613,0,1617,G
5-NP,1305,1611,0,1,0,1612,A
5-NP,1306,1603,1,3,1,1608,A
5-NP,1307,0,8,1603,0,1611,G
5-NP,1308,1615,0,2,0,1617,A
5-NP,1309,1610,0,2,0,1612,A
5-NP,1310,0,0,0,1634,1634,C
5-NP,1311,0,1592,0,4,1596,T
5-NP,1312,0,1596,1,4,1601,T
5-NP,1313,5,1,1,1591,1598,C
5-NP,1314,1594,0,2,0,1596,A
5-NP,1315,0,1,1596,0,1597,G
5-NP,1316,1587,0,3,0,1590,A
5-NP,1317,0,0,0,1589,1589,C
5-NP,1318,1567,0,0,0,1567,A
5-NP,1319,2,1506,1,0,1509,T
5-NP,1320,0,2,1510,0,1512,G
5-NP,1321,1484,0,4,0,1488,A
5-NP,1322,1,8,1496,0,1505,G
5-NP,1323,0,2,1507,0,1509,G
5-NP,1324,0,1,1499,0,1500,G
5-NP,1325,0,2,0,1499,1501,C
5-NP,1326,1488,0,1,0,1489,A
5-NP,1327,0,1,1492,0,1493,G
5-NP,1328,1487,0,3,0,1490,A
5-NP,1329,1494,0,2,0,1496,A
5-NP,1330,1502,0,1,0,1503,A
5-NP,1331,0,1481,0,5,1486,T
5-NP,1332,5,0,0,1501,1506,C
5-NP,1333,1499,0,1,0,1500,A
5-NP,1334,1,1492,0,0,1493,T
5-NP,1335,1498,0,0,0,1498,A
5-NP,1336,1485,0,2,0,1487,A
5-NP,1337,0,3,1519,0,1522,G
5-NP,1338,1486,0,4,0,1490,A
5-NP,1339,1511,0,1,0,1512,A
5-NP,1340,0,1472,0,0,1472,T
5-NP,1341,0,3,1481,0,1484,G
5-NP,1342,1474,1,5,0,1480,A
5-NP,1343,0,1473,0,2,1475,T
5-NP,1344,0,3,1477,0,1480,G
5-NP,1345,1,1,1479,0,1481,G
5-NP,1346,1441,0,2,0,1443,A
5-NP,1347,1423,0,5,0,1428,A
5-NP,1348,0,0,1391,0,1391,G
5-NP,1349,1,2,1430,0,1433,G
5-NP,1350,0,1398,0,2,1400,T
5-NP,1351,1,1,1406,0,1408,G
5-NP,1352,3,1,0,1393,1397,C
5-NP,1353,1404,0,0,0,1404,A
5-NP,1354,1404,0,0,0,1404,A
5-NP,1355,1410,0,0,0,1410,A
5-NP,1356,1422,0,3,0,1425,A
5-NP,1357,0,2,0,1435,1437,C
5-NP,1358,4,0,0,1400,1404,C
5-NP,1359,1379,1,2,0,1382,A
5-NP,1360,0,2,1386,0,1388,G
5-NP,1361,1389,0,1,0,1390,A
5-NP,1362,1386,0,1,0,1387,A
5-NP,1363,0,0,1385,0,1385,G
5-NP,1364,1369,0,0,1,1370,A
5-NP,1365,1325,0,3,0,1328,A
5-NP,1366,1,0,1349,0,1350,G
5-NP,1367,1,1325,0,1,1327,T
5-NP,1368,1,0,1345,0,1346,G
5-NP,1369,0,1318,0,3,1321,T
5-NP,1370,8,0,2,1317,1327,C
5-NP,1371,1331,0,1,0,1332,A
5-NP,1372,0,1351,0,0,1351,T
5-NP,1373,2,1341,1,1,1345,T
5-NP,1374,0,0,0,1350,1350,C
5-NP,1375,4,2,0,1313,1319,C
5-NP,1376,1,2,1317,0,1320,G
5-NP,1377,1,3,1316,0,1320,G
5-NP,1378,0,8,1314,0,1322,G
5-NP,1379,0,2,1324,0,1326,G
5-NP,1380,0,2,1326,0,1328,G
5-NP,1381,1268,0,1,0,1269,A
5-NP,1382,0,6,1275,0,1281,G
5-NP,1383,0,3,1281,0,1284,G
5-NP,1384,0,4,1274,0,1278,G
5-NP,1385,0,5,1280,0,1285,G
5-NP,1386,1268,0,3,1,1272,A
5-NP,1387,0,0,1273,1,1274,G
5-NP,1388,0,1259,0,2,1261,T
5-NP,1389,0,1252,0,2,1254,T
5-NP,1390,0,1269,0,2,1271,T
5-NP,1391,0,1265,0,0,1265,T
5-NP,1392,0,0,0,1265,1265,C
5-NP,1393,0,3,1256,0,1259,G
5-NP,1394,1248,0,2,0,1250,A
5-NP,1395,0,0,1262,0,1262,G
5-NP,1396,1,1,0,1233,1235,C
5-NP,1397,1,1231,1,2,1235,T
5-NP,1398,0,0,1,1247,1248,C
5-NP,1399,0,1236,1,7,1244,T
5-NP,1400,6,0,0,1249,1255,C
5-NP,1401,1259,0,0,0,1259,A
5-NP,1402,1,1,1261,0,1263,G
5-NP,1403,1259,0,2,0,1261,A
5-NP,1404,0,0,1,1255,1256,C
5-NP,1405,0,6,1245,0,1251,G
5-NP,1406,1232,0,0,0,1232,A
5-NP,1407,0,1,1241,0,1242,G
5-NP,1408,1223,0,3,0,1226,A
5-NP,1409,1225,0,3,0,1228,A
5-NP,1410,0,2,1226,0,1228,G
5-NP,1411,0,0,1213,0,1213,G
5-NP,1412,0,0,0,1208,1208,C
5-NP,1413,1202,0,2,0,1204,A
5-NP,1414,1197,1,3,0,1201,A
5-NP,1415,0,0,0,1198,1198,C
5-NP,1416,0,4,1195,0,1199,G
5-NP,1417,1205,0,2,0,1207,A
5-NP,1418,1204,2,3,0,1209,A
5-NP,1419,0,0,0,1200,1200,C
5-NP,1420,0,0,0,1197,1197,C
5-NP,1421,2,2,0,1169,1173,C
5-NP,1422,0,4,1179,0,1183,G
5-NP,1423,1179,0,1,0,1180,A
5-NP,1424,1,1182,0,2,1185,T
5-NP,1425,5,0,0,1164,1169,C
5-NP,1426,1,1,1165,0,1167,G
5-NP,1427,0,1151,0,2,1153,T
5-NP,1428,1,1,1151,0,1153,G
5-NP,1429,1,0,0,1138,1139,C
5-NP,1430,4,0,0,1138,1142,C
5-NP,1431,5,0,0,1142,1147,C
5-NP,1432,1,1136,0,1,1138,T
5-NP,1433,1,1,0,1179,1181,C
5-NP,1434,0,1178,0,1,1179,T
5-NP,1435,0,1173,1,0,1174,T
5-NP,1436,0,1174,0,1,1175,T
5-NP,1437,1,1160,0,1,1162,T
5-NP,1438,22,2,1148,0,1172,G
5-NP,1439,1161,0,0,0,1161,A
5-NP,1440,0,1145,0,0,1145,T
5-NP,1441,1144,0,1,0,1145,A
5-NP,1442,0,929,0,0,929,T
5-NP,1443,0,1,940,0,941,G
5-NP,1444,918,0,2,0,920,A
5-NP,1445,0,0,935,0,935,G
5-NP,1446,0,930,0,0,930,T
5-NP,1447,911,0,0,0,911,A
5-NP,1448,913,0,1,0,914,A
5-NP,1449,0,909,0,0,909,T
5-NP,1450,1,0,910,0,911,G
5-NP,1451,899,0,2,0,901,A
5-NP,1452,789,0,5,0,794,A
5-NP,1453,0,3,786,0,789,G
5-NP,1454,0,3,731,0,734,G
5-NP,1455,729,0,2,0,731,A
5-NP,1456,0,725,0,1,726,T
5-NP,1457,1,0,0,718,719,C
5-NP,1458,1,708,0,0,709,T
5-NP,1459,0,705,0,1,706,T
5-NP,1460,708,0,0,0,708,A
5-NP,1461,0,701,0,1,702,T
5-NP,1462,0,692,0,0,692,T
5-NP,1463,0,689,0,0,689,T
5-NP,1464,1,0,0,677,678,C
5-NP,1465,0,643,0,0,643,T
5-NP,1466,0,639,0,0,639,T
5-NP,1467,1,1,0,638,640,C
5-NP,1468,0,0,642,0,642,G
5-NP,1469,0,1,638,0,639,G
5-NP,1470,627,0,5,0,632,A
5-NP,1471,0,1,633,0,634,G
5-NP,1472,630,0,0,0,630,A
5-NP,1473,0,0,0,620,620,C
5-NP,1474,587,0,1,0,588,A
5-NP,1475,585,0,3,0,588,A
5-NP,1476,0,586,0,1,587,T
5-NP,1477,0,0,589,0,589,G
5-NP,1478,0,0,0,587,587,C
5-NP,1479,560,1,6,0,567,A
5-NP,1480,0,0,565,0,565,G
5-NP,1481,560,0,0,3,563,A
5-NP,1482,528,0,1,0,529,A
5-NP,1483,0,0,527,0,527,G
5-NP,1484,355,0,1,0,356,A
5-NP,1485,0,0,354,0,354,G
5-NP,1486,0,321,0,1,322,T
5-NP,1487,319,0,2,0,321,A
5-NP,1488,0,2,0,317,319,C
5-NP,1489,0,0,288,0,288,G
5-NP,1490,288,0,0,0,288,A
5-NP,1491,0,0,0,284,284,C
5-NP,1492,216,1,0,0,217,A
5-NP,1493,218,0,0,0,218,A
5-NP,1494,0,184,0,1,185,T
5-NP,1495,0,176,0,0,176,T
5-NP,1496,174,0,0,0,174,A
5-NP,1497,165,0,0,0,165,A
6-NA,1,442,0,0,0,442,A
6-NA,2,0,445,0,0,445,T
6-NA,3,0,0,445,0,445,G
6-NA,4,439,1,7,0,447,A
6-NA,5,482,1,0,0,483,A
6-NA,6,0,485,0,1,486,T
6-NA,7,1,0,0,488,489,C
6-NA,8,1,0,0,490,491,C
6-NA,9,495,0,0,0,495,A
6-NA,10,523,0,0,0,523,A
6-NA,11,524,0,0,0,524,A
6-NA,12,0,536,0,0,536,T
6-NA,13,0,0,0,537,537,C
6-NA,14,537,0,0,0,537,A
6-NA,15,540,0,0,0,540,A
6-NA,16,541,1,0,0,542,A
6-NA,17,580,0,1,0,581,A
6-NA,18,0,0,649,0,649,G
6-NA,19,666,0,0,0,666,A
6-NA,20,0,682,0,1,683,T
6-NA,21,687,0,1,0,688,A
6-NA,22,687,0,0,1,688,A
6-NA,23,0,700,0,0,700,T
6-NA,24,699,0,1,1,701,A
6-NA,25,710,0,2,0,712,A
6-NA,26,0,0,0,738,738,C
6-NA,27,1,4,744,1,750,G
6-NA,28,746,0,1,0,747,A
6-NA,29,0,745,0,2,747,T
6-NA,30,0,749,0,0,749,T
6-NA,31,0,1,749,0,750,G
6-NA,32,1,0,796,0,797,G
6-NA,33,0,0,0,807,807,C
6-NA,34,0,803,0,4,807,T
6-NA,35,2,0,0,842,844,C
6-NA,36,0,848,1,1,850,T
6-NA,37,0,0,888,0,888,G
6-NA,38,0,887,0,4,891,T
6-NA,39,0,891,0,3,894,T
6-NA,40,0,923,0,4,927,T
6-NA,41,1,0,0,945,946,C
6-NA,42,0,939,1,2,942,T
6-NA,43,5,1,0,942,948,C
6-NA,44,0,943,0,5,948,T
6-NA,45,3,0,0,978,981,C
6-NA,46,978,0,1,0,979,A
6-NA,47,0,0,0,1028,1028,C
6-NA,48,0,0,0,1033,1033,C
6-NA,49,1034,0,1,0,1035,A
6-NA,50,0,1054,0,0,1054,T
6-NA,51,0,1074,0,1,1075,T
6-NA,52,0,1083,0,2,1085,T
6-NA,53,1,0,0,1119,1120,C
6-NA,54,1,0,0,1124,1125,C
6-NA,55,1136,0,3,0,1139,A
6-NA,56,0,0,0,1205,1205,C
6-NA,57,1190,0,1,0,1191,A
6-NA,58,1261,0,2,0,1263,A
6-NA,59,0,1263,0,1,1264,T
6-NA,60,1342,0,0,0,1342,A
6-NA,61,0,1342,0,1,1343,T
6-NA,62,0,1,1343,1,1345,G
6-NA,63,0,0,0,1345,1345,C
6-NA,64,0,1330,0,4,1334,T
6-NA,65,0,1370,0,1,1371,T
6-NA,66,1,0,0,1378,1379,C
6-NA,67,0,1369,0,0,1369,T
6-NA,68,0,1377,0,0,1377,T
6-NA,69,0,0,0,1372,1372,C
6-NA,70,1372,0,2,0,1374,A
6-NA,71,0,1375,0,2,1377,T
6-NA,72,2,0,1372,0,1374,G
6-NA,73,1,1,0,1378,1380,C
6-NA,74,1385,0,0,0,1385,A
6-NA,75,1384,0,1,0,1385,A
6-NA,76,1387,0,1,1,1389,A
6-NA,77,0,1419,0,0,1419,T
6-NA,78,0,1414,0,2,1416,T
6-NA,79,3,0,1407,0,1410,G
6-NA,80,1,1,0,1418,1420,C
6-NA,81,3,2,0,1413,1418,C
6-NA,82,1435,0,2,0,1437,A
6-NA,83,0,1434,0,2,1436,T
6-NA,84,0,1,0,1554,1555,C
6-NA,85,0,1565,0,2,1567,T
6-NA,86,0,1567,0,3,1570,T
6-NA,87,1,4,1611,0,1616,G
6-NA,88,1616,0,1,0,1617,A
6-NA,89,0,1621,0,0,1621,T
6-NA,90,1622,0,1,0,1623,A
6-NA,91,1626,0,5,0,1631,A
6-NA,92,0,0,0,1852,1852,C
6-NA,93,0,1820,0,0,1820,T
6-NA,94,1859,0,0,0,1859,A
6-NA,95,1,0,0,1934,1935,C
6-NA,96,0,1914,0,4,1918,T
6-NA,97,1,1,1954,0,1956,G
6-NA,98,0,1963,0,1,1964,T
6-NA,99,1960,0,2,0,1962,A
6-NA,100,1974,0,4,0,1978,A
6-NA,101,0,0,0,1933,1933,C
6-NA,102,1897,0,2,0,1899,A
6-NA,103,0,1900,0,4,1904,T
6-NA,104,0,1871,0,3,1874,T
6-NA,105,2,0,1871,0,1873,G
6-NA,106,0,0,0,1878,1878,C
6-NA,107,1904,0,1,0,1905,A
6-NA,108,0,1915,0,1,1916,T
6-NA,109,0,1906,0,0,1906,T
6-NA,110,0,1901,0,1,1902,T
6-NA,111,3,0,0,1901,1904,C
6-NA,112,1897,0,4,0,1901,A
6-NA,113,1911,0,5,0,1916,A
6-NA,114,0,1,1916,0,1917,G
6-NA,115,0,0,0,1933,1933,C
6-NA,116,1927,0,0,0,1927,A
6-NA,117,1989,1,1,0,1991,A
6-NA,118,0,2015,0,2,2017,T
6-NA,119,2012,0,1,0,2013,A
6-NA,120,0,2012,0,4,2016,T
6-NA,121,1,15,2044,0,2060,G
6-NA,122,2043,0,5,0,2048,A
6-NA,123,2080,0,1,0,2081,A
6-NA,124,1,2093,0,3,2097,T
6-NA,125,0,2074,0,10,2084,T
6-NA,126,5,1,0,2072,2078,C
6-NA,127,2060,0,2,0,2062,A
6-NA,128,2072,2,4,0,2078,A
6-NA,129,0,0,0,2079,2079,C
6-NA,130,1,2029,0,8,2038,T
6-NA,131,4,2,0,2057,2063,C
6-NA,132,6,4,0,2054,2064,C
6-NA,133,12,1,0,2111,2124,C
6-NA,134,7,0,0,2126,2133,C
6-NA,135,8,1,0,2140,2149,C
6-NA,136,7,1,0,2161,2169,C
6-NA,137,3,0,0,2170,2173,C
6-NA,138,2185,0,1,0,2186,A
6-NA,139,2175,1,0,2,2178,A
6-NA,140,2167,0,5,1,2173,A
6-NA,141,0,1,1,2215,2217,C
6-NA,142,2185,0,0,0,2185,A
6-NA,143,2219,0,2,0,2221,A
6-NA,144,2,1,0,2230,2233,C
6-NA,145,4,0,0,2222,2226,C
6-NA,146,2278,0,3,1,2282,A
6-NA,147,2291,0,4,0,2295,A
6-NA,148,0,0,2352,0,2352,G
6-NA,149,0,2345,0,4,2349,T
6-NA,150,1,8,2334,0,2343,G
6-NA,151,2369,0,4,1,2374,A
6-NA,152,1,2372,0,3,2376,T
6-NA,153,1,1,2381,0,2383,G
6-NA,154,0,0,0,2393,2393,C
6-NA,155,0,2375,0,3,2378,T
6-NA,156,1,0,2509,1,2511,G
6-NA,157,0,2493,0,3,2496,T
6-NA,158,3,2,2500,0,2505,G
6-NA,159,1,2509,0,4,2514,T
6-NA,160,0,17,2471,1,2489,G
6-NA,161,2489,0,4,0,2493,A
6-NA,162,2512,0,1,0,2513,A
6-NA,163,7,2,0,2508,2517,C
6-NA,164,6,0,1,2493,2500,C
6-NA,165,2441,0,1,0,2442,A
6-NA,166,2458,0,3,0,2461,A
6-NA,167,1,1,0,2550,2552,C
6-NA,168,2536,3,4,1,2544,A
6-NA,169,2561,0,2,0,2563,A
6-NA,170,0,2554,1,1,2556,T
6-NA,171,2550,0,2,0,2552,A
6-NA,172,2543,0,7,0,2550,A
6-NA,173,2,2550,0,2,2554,T
6-NA,174,2529,0,2,0,2531,A
6-NA,175,1,1,2551,1,2554,G
6-NA,176,2483,0,2,0,2485,A
6-NA,177,2493,0,3,1,2497,A
6-NA,178,2464,0,4,1,2469,A
6-NA,179,0,6,2490,1,2497,G
6-NA,180,2534,0,3,1,2538,A
6-NA,181,2557,0,7,0,2564,A
6-NA,182,2685,1,6,0,2692,A
6-NA,183,0,1,0,2703,2704,C
6-NA,184,2701,0,0,0,2701,A
6-NA,185,0,2718,0,42,2760,T
6-NA,186,2779,0,2,0,2781,A
6-NA,187,2794,2,3,0,2799,A
6-NA,188,0,0,0,2850,2850,C
6-NA,189,2802,0,1,0,2803,A
6-NA,190,0,5,2916,0,2921,G
6-NA,191,2841,0,4,0,2845,A
6-NA,192,0,3,2879,0,2882,G
6-NA,193,2864,0,4,1,2869,A
6-NA,194,1,2997,1,2,3001,T
6-NA,195,2982,1,2,0,2985,A
6-NA,196,0,1,3059,0,3060,G
6-NA,197,1,3025,1,6,3033,T
6-NA,198,0,2,3114,0,3116,G
6-NA,199,1,3110,0,2,3113,T
6-NA,200,3108,0,0,0,3108,A
6-NA,201,0,3101,0,1,3102,T
6-NA,202,1,0,0,3087,3088,C
6-NA,203,0,3024,0,10,3034,T
6-NA,204,1,13,3117,0,3131,G
6-NA,205,3125,0,3,0,3128,A
6-NA,206,1,0,0,3124,3125,C
6-NA,207,7,2,0,3105,3114,C
6-NA,208,3094,0,5,0,3099,A
6-NA,209,3129,0,4,1,3134,A
6-NA,210,0,1,0,3186,3187,C
6-NA,211,3196,0,2,0,3198,A
6-NA,212,1,0,0,3280,3281,C
6-NA,213,8,3,0,3212,3223,C
6-NA,214,3314,0,3,0,3317,A
6-NA,215,1,0,0,3456,3457,C
6-NA,216,9,3,0,3433,3445,C
6-NA,217,3460,0,2,0,3462,A
6-NA,218,0,3457,0,2,3459,T
6-NA,219,3409,0,3,1,3413,A
6-NA,220,0,14,3418,0,3432,G
6-NA,221,3343,0,3,1,3347,A
6-NA,222,2,3,3439,0,3444,G
6-NA,223,3366,1,1,0,3368,A
6-NA,224,3301,1,4,2,3308,A
6-NA,225,1,11,3330,0,3342,G
6-NA,226,0,8,3351,0,3359,G
6-NA,227,3362,1,2,1,3366,A
6-NA,228,3384,1,2,1,3388,A
6-NA,229,3335,0,53,0,3388,A
6-NA,230,1,3390,0,1,3392,T
6-NA,231,3355,1,4,0,3360,A
6-NA,232,0,3341,0,4,3345,T
6-NA,233,1,1,3339,1,3342,G
6-NA,234,0,2,0,3373,3375,C
6-NA,235,5,0,0,3310,3315,C
6-NA,236,11,4,0,3325,3340,C
6-NA,237,13,3,0,3350,3366,C
6-NA,238,3370,0,4,0,3374,A
6-NA,239,3450,0,0,0,3450,A
6-NA,240,3454,0,5,1,3460,A
6-NA,241,1,0,0,3481,3482,C
6-NA,242,0,3461,1,4,3466,T
6-NA,243,3452,0,1,0,3453,A
6-NA,244,3,1,3458,1,3463,G
6-NA,245,1,2,0,3466,3469,C
6-NA,246,3456,0,3,1,3460,A
6-NA,247,1,5,3510,0,3516,G
6-NA,248,3467,0,8,0,3475,A
6-NA,249,3589,0,7,0,3596,A
6-NA,250,0,3606,1,1,3608,T
6-NA,251,3614,0,1,0,3615,A
6-NA,252,0,0,0,3611,3611,C
6-NA,253,3595,0,5,0,3600,A
6-NA,254,0,3,3595,0,3598,G
6-NA,255,3602,1,1,2,3606,A
6-NA,256,3556,1,4,0,3561,A
6-NA,257,3558,0,2,0,3560,A
6-NA,258,2,3477,0,0,3479,T
6-NA,259,0,3471,0,1,3472,T
6-NA,260,2,10,3468,0,3480,G
6-NA,261,1,0,3466,0,3467,G
6-NA,262,0,3495,0,4,3499,T
6-NA,263,15,0,0,3473,3488,C
6-NA,264,3485,1,3,0,3489,A
6-NA,265,3504,0,2,0,3506,A
6-NA,266,3493,1,2,0,3496,A
6-NA,267,10,2,3502,0,3514,G
6-NA,268,2,0,0,3511,3513,C
6-NA,269,6,2,0,3498,3506,C
6-NA,270,1,1,3507,1,3510,G
6-NA,271,0,1,0,3528,3529,C
6-NA,272,3530,0,1,1,3532,A
6-NA,273,3597,0,0,0,3597,A
6-NA,274,0,3586,0,2,3588,T
6-NA,275,2,1,3602,0,3605,G
6-NA,276,0,3592,0,5,3597,T
6-NA,277,2,17,3578,0,3597,G
6-NA,278,3636,1,4,0,3641,A
6-NA,279,1,2,0,3672,3675,C
6-NA,280,3633,0,2,0,3635,A
6-NA,281,0,3701,0,0,3701,T
6-NA,282,1,3673,2,2,3678,T
6-NA,283,3673,0,4,2,3679,A
6-NA,284,1,4,1,3672,3678,C
6-NA,285,3623,2,8,0,3633,A
6-NA,286,2,12,3639,1,3654,G
6-NA,287,0,9,3657,0,3666,G
6-NA,288,3649,0,1,0,3650,A
6-NA,289,0,3598,1,1,3600,T
6-NA,290,0,3585,0,4,3589,T
6-NA,291,0,3582,0,2,3584,T
6-NA,292,1,1,3585,0,3587,G
6-NA,293,0,2,0,3577,3579,C
6-NA,294,3593,0,4,1,3598,A
6-NA,295,1,1,0,3596,3598,C
6-NA,296,9,0,1,3540,3550,C
6-NA,297,1,3534,0,7,3542,T
6-NA,298,0,3550,1,2,3553,T
6-NA,299,0,3579,0,3,3582,T
6-NA,300,0,3580,1,6,3587,T
6-NA,301,1,3638,0,3,3642,T
6-NA,302,4,0,0,3658,3662,C
6-NA,303,0,3652,0,6,3658,T
6-NA,304,3638,0,1,0,3639,A
6-NA,305,3618,0,5,2,3625,A
6-NA,306,0,14,3649,1,3664,G
6-NA,307,2,11,3636,1,3650,G
6-NA,308,3640,0,8,0,3648,A
6-NA,309,3,2,0,3665,3670,C
6-NA,310,3636,1,2,0,3639,A
6-NA,311,3633,1,3,0,3637,A
6-NA,312,0,3634,2,2,3638,T
6-NA,313,1,3642,0,1,3644,T
6-NA,314,11,0,0,3695,3706,C
6-NA,315,1,14,3692,0,3707,G
6-NA,316,3700,0,4,0,3704,A
6-NA,317,1,3694,0,3,3698,T
6-NA,318,0,3680,0,3,3683,T
6-NA,319,3685,0,4,0,3689,A
6-NA,320,0,4,3705,1,3710,G
6-NA,321,0,1,3728,0,3729,G
6-NA,322,2,0,0,3721,3723,C
6-NA,323,0,3673,0,8,3681,T
6-NA,324,1,3684,0,6,3691,T
6-NA,325,0,3701,0,2,3703,T
6-NA,326,4,0,0,3721,3725,C
6-NA,327,9,1,0,3715,3725,C
6-NA,328,2,3,3715,0,3720,G
6-NA,329,2,1,0,3738,3741,C
6-NA,330,0,3697,0,5,3702,T
6-NA,331,0,2,3829,0,3831,G
6-NA,332,0,1,3832,0,3833,G
6-NA,333,0,3809,0,6,3815,T
6-NA,334,1,11,3806,0,3818,G
6-NA,335,1,15,3798,0,3814,G
6-NA,336,3,12,3808,0,3823,G
6-NA,337,2,5,3836,0,3843,G
6-NA,338,3826,1,5,0,3832,A
6-NA,339,0,2,0,3877,3879,C
6-NA,340,3779,0,4,0,3783,A
6-NA,341,0,3758,2,9,3769,T
6-NA,342,1,0,0,3796,3797,C
6-NA,343,2,3772,0,4,3778,T
6-NA,344,0,16,3786,0,3802,G
6-NA,345,2,1,3793,0,3796,G
6-NA,346,2,2,3809,0,3813,G
6-NA,347,0,3811,0,10,3821,T
6-NA,348,1,18,3742,0,3761,G
6-NA,349,3762,0,9,0,3771,A
6-NA,350,0,4,0,3846,3850,C
6-NA,351,3847,0,3,0,3850,A
6-NA,352,3933,0,6,0,3939,A
6-NA,353,0,8,3957,0,3965,G
6-NA,354,3929,1,9,0,3939,A
6-NA,355,0,12,4029,0,4041,G
6-NA,356,4084,2,5,0,4091,A
6-NA,357,4248,0,5,1,4254,A
6-NA,358,3,2,0,4836,4841,C
6-NA,359,5,0,0,5022,5027,C
6-NA,360,0,5022,0,6,5028,T
6-NA,361,0,5045,1,5,5051,T
6-NA,362,5048,1,0,1,5050,A
6-NA,363,0,5057,1,5,5063,T
6-NA,364,0,3,5274,0,5277,G
6-NA,365,2,5260,0,4,5266,T
6-NA,366,0,1,5347,0,5348,G
6-NA,367,0,5228,1,11,5240,T
6-NA,368,23,4,0,5164,5191,C
6-NA,369,5240,2,6,32,5280,A
6-NA,370,2,5269,0,5,5276,T
6-NA,371,1,4,5241,0,5246,G
6-NA,372,4,1,1,5270,5276,C
6-NA,373,2,12,5233,0,5247,G
6-NA,374,5780,1,6,1,5788,A
6-NA,375,0,5755,0,7,5762,T
6-NA,376,16,1,0,5871,5888,C
6-NA,377,10,2,0,5897,5909,C
6-NA,378,1,5972,0,17,5990,T
6-NA,379,2,18,6040,0,6060,G
6-NA,380,6056,0,6,0,6062,A
6-NA,381,0,1,0,6069,6070,C
6-NA,382,6057,0,5,1,6063,A
6-NA,383,5877,0,10,1,5888,A
6-NA,384,1,1,6146,0,6148,G
6-NA,385,0,6114,0,7,6121,T
6-NA,386,2,3,6195,0,6200,G
6-NA,387,0,6152,0,5,6157,T
6-NA,388,0,6138,0,11,6149,T
6-NA,389,6158,1,6,1,6166,A
6-NA,390,0,6135,1,9,6145,T
6-NA,391,13,1,0,6235,6249,C
6-NA,392,6260,0,2,0,6262,A
6-NA,393,6230,1,0,0,6231,A
6-NA,394,1,6172,0,8,6181,T
6-NA,395,0,6142,1,13,6156,T
6-NA,396,0,6143,1,6,6150,T
6-NA,397,4,3,6180,0,6187,G
6-NA,398,4,7,0,6512,6523,C
6-NA,399,13,2,0,6507,6522,C
6-NA,400,22,2,0,6530,6554,C
6-NA,401,0,6521,0,10,6531,T
6-NA,402,0,6541,5,6,6552,T
6-NA,403,3,25,6618,0,6646,G
6-NA,404,1,24,6628,1,6654,G
6-NA,405,6692,0,10,1,6703,A
6-NA,406,0,2,0,6715,6717,C
6-NA,407,6506,1,7,1,6515,A
6-NA,408,2,19,6671,0,6692,G
6-NA,409,2,18,6645,1,6666,G
6-NA,410,2,23,6906,0,6931,G
6-NA,411,6913,1,13,2,6929,A
6-NA,412,6889,0,13,1,6903,A
6-NA,413,0,4,0,6924,6928,C
6-NA,414,6857,1,5,1,6864,A
6-NA,415,7522,1,8,0,7531,A
6-NA,416,1,1,0,7629,7631,C
6-NA,417,7559,1,8,0,7568,A
6-NA,418,0,0,0,7647,7647,C
6-NA,419,0,7527,1,4,7532,T
6-NA,420,7612,0,4,0,7616,A
6-NA,421,7601,0,9,1,7611,A
6-NA,422,7615,0,14,1,7630,A
6-NA,423,2,1,2,7643,7648,C
6-NA,424,7219,0,7,0,7226,A
6-NA,425,7230,1,9,0,7240,A
6-NA,426,5,1,0,7238,7244,C
6-NA,427,3,3,7254,0,7260,G
6-NA,428,0,7227,1,4,7232,T
6-NA,429,2,1,7213,0,7216,G
6-NA,430,4,3,0,7235,7242,C
6-NA,431,7271,1,3,0,7275,A
6-NA,432,0,7272,0,5,7277,T
6-NA,433,0,7304,0,6,7310,T
6-NA,434,22,0,0,7387,7409,C
6-NA,435,7485,1,3,0,7489,A
6-NA,436,7518,0,12,1,7531,A
6-NA,437,7541,1,6,1,7549,A
6-NA,438,1,7561,0,1,7563,T
6-NA,439,10,51,7508,0,7569,G
6-NA,440,7673,1,7,0,7681,A
6-NA,441,2,4,0,7713,7719,C
6-NA,442,7705,2,3,1,7711,A
6-NA,443,0,2,0,7810,7812,C
6-NA,444,7682,1,7,2,7692,A
6-NA,445,0,0,9430,0,9430,G
6-NA,446,0,9438,0,0,9438,T
6-NA,447,9532,0,9,1,9542,A
6-NA,448,1,6,0,9559,9566,C
6-NA,449,4,0,9527,2,9533,G
6-NA,450,0,9853,2,12,9867,T
6-NA,451,1,28,9832,1,9862,G
6-NA,452,9813,0,13,2,9828,A
6-NA,453,0,9897,0,4,9901,T
6-NA,454,8791,1,14,1,8807,A
6-NA,455,2,23,8764,0,8789,G
6-NA,456,1,25,8695,0,8721,G
6-NA,457,8751,1,14,0,8766,A
6-NA,458,2,3,0,8906,8911,C
6-NA,459,8,2,0,8683,8693,C
6-NA,460,29,1,1,8783,8814,C
6-NA,461,41,2,0,8797,8840,C
6-NA,462,1,8859,2,21,8883,T
6-NA,463,0,9013,0,3,9016,T
6-NA,464,9064,1,3,0,9068,A
6-NA,465,0,9035,0,3,9038,T
6-NA,466,18,4,0,9026,9048,C
6-NA,467,2,17,8911,1,8931,G
6-NA,468,1,31,8877,0,8909,G
6-NA,469,8908,0,6,0,8914,A
6-NA,470,3,4,1,9001,9009,C
6-NA,471,15,1,0,8910,8926,C
6-NA,472,28,2,0,9327,9357,C
6-NA,473,0,9352,0,11,9363,T
6-NA,474,9493,0,6,0,9499,A
6-NA,475,1,9514,0,5,9520,T
6-NA,476,2,9506,0,17,9525,T
6-NA,477,1,21,9513,1,9536,G
6-NA,478,9503,2,9,1,9515,A
6-NA,479,3,9495,1,4,9503,T
6-NA,480,3,37,9469,0,9509,G
6-NA,481,9129,7,10,1,9147,A
6-NA,482,9138,2,11,2,9153,A
6-NA,483,0,9153,0,4,9157,T
6-NA,484,1,24,9264,0,9289,G
6-NA,485,9342,2,11,0,9355,A
6-NA,486,1,0,9522,0,9523,G
6-NA,487,2,9422,0,15,9439,T
6-NA,488,0,9435,0,1,9436,T
6-NA,489,9447,3,13,0,9463,A
6-NA,490,2,16,9492,0,9510,G
6-NA,491,5,4,9535,0,9544,G
6-NA,492,1,9475,2,12,9490,T
6-NA,493,5,2,9449,2,9458,G
6-NA,494,0,9316,1,22,9339,T
6-NA,495,3,9278,2,17,9300,T
6-NA,496,25,1,0,9348,9374,C
6-NA,497,14,0,0,9420,9434,C
6-NA,498,2,9387,1,16,9406,T
6-NA,499,0,9379,1,11,9391,T
6-NA,500,0,9360,0,15,9375,T
6-NA,501,3,9358,1,12,9374,T
6-NA,502,16,2,0,9397,9415,C
6-NA,503,9394,1,4,0,9399,A
6-NA,504,2,9590,1,8,9601,T
6-NA,505,8,0,0,9617,9625,C
6-NA,506,0,9498,2,9,9509,T
6-NA,507,1,29,9440,1,9471,G
6-NA,508,1,36,9395,3,9435,G
6-NA,509,10,23,9387,0,9420,G
6-NA,510,2,40,9507,0,9549,G
6-NA,511,9555,2,8,0,9565,A
6-NA,512,1,3,0,9628,9632,C
6-NA,513,21,8,0,9456,9485,C
6-NA,514,9608,3,13,2,9626,A
6-NA,515,9636,0,11,1,9648,A
6-NA,516,2,3,9627,1,9633,G
6-NA,517,5,4,1,9668,9678,C
6-NA,518,9655,2,2,0,9659,A
6-NA,519,9747,2,12,1,9762,A
6-NA,520,2,0,9833,0,9835,G
6-NA,521,3,9731,0,10,9744,T
6-NA,522,1,3,10000,0,10004,G
6-NA,523,1,9948,1,8,9958,T
6-NA,524,7,5,10181,1,10194,G
6-NA,525,3,3,0,10200,10206,C
6-NA,526,10171,0,11,3,10185,A
6-NA,527,1,10257,0,9,10267,T
6-NA,528,10044,0,6,0,10050,A
6-NA,529,4,4,10357,0,10365,G
6-NA,530,4,0,0,10319,10323,C
6-NA,531,10057,2,11,1,10071,A
6-NA,532,0,10029,0,10,10039,T
6-NA,533,4,31,9673,2,9710,G
6-NA,534,2,2,10200,0,10204,G
6-NA,535,2,10223,1,25,10251,T
6-NA,536,35,2,2,10091,10130,C
6-NA,537,19,1,2,10110,10132,C
6-NA,538,9895,0,11,0,9906,A
6-NA,539,3,5,10078,1,10087,G
6-NA,540,7,2,0,10077,10086,C
6-NA,541,2,9994,0,22,10018,T
6-NA,542,34,3,0,10057,10094,C
6-NA,543,9760,1,8,0,9769,A
6-NA,544,9822,0,13,0,9835,A
6-NA,545,0,3,9859,1,9863,G
6-NA,546,4,9909,1,4,9918,T
6-NA,547,0,9828,0,8,9836,T
6-NA,548,0,3,9843,0,9846,G
6-NA,549,3,9806,1,16,9826,T
6-NA,550,43,3,1,9745,9792,C
6-NA,551,9829,2,9,0,9840,A
6-NA,552,1,5,0,9903,9909,C
6-NA,553,2,24,9830,1,9857,G
6-NA,554,9954,1,9,1,9965,A
6-NA,555,0,9997,0,10,10007,T
6-NA,556,8,24,10115,0,10147,G
6-NA,557,0,19,10182,2,10203,G
6-NA,558,10181,6,16,0,10203,A
6-NA,559,10214,0,12,0,10226,A
6-NA,560,10309,1,12,0,10322,A
6-NA,561,10293,0,23,1,10317,A
6-NA,562,3,1,10376,0,10380,G
6-NA,563,5,7,0,10313,10325,C
6-NA,564,10297,1,9,0,10307,A
6-NA,565,1,10289,0,6,10296,T
6-NA,566,3,23,10321,0,10347,G
6-NA,567,4,5,10358,0,10367,G
6-NA,568,4,3,1,10464,10472,C
6-NA,569,1,10401,0,16,10418,T
6-NA,570,2,1,10469,0,10472,G
6-NA,571,5,5,0,10406,10416,C
6-NA,572,10458,0,6,2,10466,A
6-NA,573,0,10781,0,7,10788,T
6-NA,574,5,0,10791,0,10796,G
6-NA,575,1,10767,1,8,10777,T
6-NA,576,0,10981,0,13,10994,T
6-NA,577,0,10940,1,15,10956,T
6-NA,578,4,3,11519,0,11526,G
6-NA,579,0,11465,0,17,11482,T
6-NA,580,11485,0,7,1,11493,A
6-NA,581,1,11524,3,7,11535,T
6-NA,582,11290,0,11,1,11302,A
6-NA,583,11343,2,9,3,11357,A
6-NA,584,2,17,0,11241,11260,C
6-NA,585,54,37,11030,0,11121,G
6-NA,586,4,35,11107,0,11146,G
6-NA,587,3,55,10801,0,10859,G
6-NA,588,1,26,10867,0,10894,G
6-NA,589,3,14,10924,0,10941,G
6-NA,590,10834,2,20,1,10857,A
6-NA,591,1,10907,0,10,10918,T
6-NA,592,5,23,10916,1,10945,G
6-NA,593,10968,1,18,1,10988,A
6-NA,594,0,11021,0,0,11021,T
6-NA,595,10994,1,12,1,11008,A
6-NA,596,11136,1,8,2,11147,A
6-NA,597,11166,0,1,1,11168,A
6-NA,598,11142,1,12,0,11155,A
6-NA,599,11171,3,4,1,11179,A
6-NA,600,0,11177,0,5,11182,T
6-NA,601,3,6,11158,0,11167,G
6-NA,602,1,4,1,11125,11131,C
6-NA,603,11093,2,8,0,11103,A
6-NA,604,11142,0,19,0,11161,A
6-NA,605,2,0,1,11239,11242,C
6-NA,606,2,11216,0,6,11224,T
6-NA,607,7,4,11257,0,11268,G
6-NA,608,7,7,0,11246,11260,C
6-NA,609,1,11251,0,8,11260,T
6-NA,610,11274,2,10,0,11286,A
6-NA,611,3,4,11309,0,11316,G
6-NA,612,1,3,1,11409,11414,C
6-NA,613,1,11359,0,26,11386,T
6-NA,614,3,11327,2,13,11345,T
6-NA,615,21,2,1,11451,11475,C
6-NA,616,11537,1,3,0,11541,A
6-NA,617,1,11554,1,2,11558,T
6-NA,618,0,11552,0,11,11563,T
6-NA,619,2,11620,2,6,11630,T
6-NA,620,11706,0,7,0,11713,A
6-NA,621,4,2,0,11754,11760,C
6-NA,622,11619,1,6,1,11627,A
6-NA,623,11727,0,18,0,11745,A
6-NA,624,0,11655,2,8,11665,T
6-NA,625,2,51,11594,0,11647,G
6-NA,626,4,22,11583,0,11609,G
6-NA,627,2,13,11612,2,11629,G
6-NA,628,11516,2,19,0,11537,A
6-NA,629,2,17,11760,0,11779,G
6-NA,630,5,4,11863,0,11872,G
6-NA,631,8,3,0,12638,12649,C
6-NA,632,1,12631,0,23,12655,T
6-NA,633,2,12782,0,4,12788,T
6-NA,634,3,5,12936,0,12944,G
6-NA,635,4,12922,1,7,12934,T
6-NA,636,13115,0,24,2,13141,A
6-NA,637,2,18,13186,2,13208,G
6-NA,638,12892,2,15,0,12909,A
6-NA,639,3,12919,0,7,12929,T
6-NA,640,11783,1,7,1,11792,A
6-NA,641,1,1,11834,0,11836,G
6-NA,642,0,11690,1,15,11706,T
6-NA,643,4,1,11409,1,11415,G
6-NA,644,2,11895,0,15,11912,T
6-NA,645,0,11885,0,4,11889,T
6-NA,646,4,1,12092,0,12097,G
6-NA,647,1,12034,1,27,12063,T
6-NA,648,0,12058,0,19,12077,T
6-NA,649,0,12061,0,31,12092,T
6-NA,650,38,4,0,11863,11905,C
6-NA,651,11877,0,16,1,11894,A
6-NA,652,1,11816,1,18,11836,T
6-NA,653,2,31,11778,0,11811,G
6-NA,654,2,2,12486,0,12490,G
6-NA,655,0,12285,1,16,12302,T
6-NA,656,39,2,1,12219,12261,C
6-NA,657,41,5,0,12228,12274,C
6-NA,658,12331,0,13,1,12345,A
6-NA,659,12410,2,13,0,12425,A
6-NA,660,12395,2,30,0,12427,A
6-NA,661,1,17,12483,3,12504,G
6-NA,662,12449,0,7,0,12456,A
6-NA,663,11979,0,15,0,11994,A
6-NA,664,11978,1,18,1,11998,A
6-NA,665,1,11977,1,2,11981,T
6-NA,666,27,2,0,12385,12414,C
6-NA,667,28,4,0,12386,12418,C
6-NA,668,5,12308,0,23,12336,T
6-NA,669,10,6,0,12363,12379,C
6-NA,670,12328,2,15,3,12348,A
6-NA,671,2,24,12420,0,12446,G
6-NA,672,5,35,12390,0,12430,G
6-NA,673,12719,1,24,0,12744,A
6-NA,674,4,5,0,12712,12721,C
6-NA,675,16,4,1,12456,12477,C
6-NA,676,43,12,0,12461,12516,C
6-NA,677,12538,5,13,1,12557,A
6-NA,678,2,12,12551,2,12567,G
6-NA,679,1,32,12580,1,12614,G
6-NA,680,12477,2,32,2,12513,A
6-NA,681,14,2,12698,0,12714,G
6-NA,682,4,12464,1,18,12487,T
6-NA,683,35,3,0,12516,12554,C
6-NA,684,12537,5,22,0,12564,A
6-NA,685,2,27,12632,0,12661,G
6-NA,686,12517,0,21,1,12539,A
6-NA,687,12568,0,8,1,12577,A
6-NA,688,3,12495,0,6,12504,T
6-NA,689,1,4,12570,0,12575,G
6-NA,690,2,10,0,12567,12579,C
6-NA,691,5,1,12650,1,12657,G
6-NA,692,0,12546,2,18,12566,T
6-NA,693,2,12592,0,14,12608,T
6-NA,694,0,12530,1,10,12541,T
6-NA,695,10,4,12645,1,12660,G
6-NA,696,5,12665,0,13,12683,T
6-NA,697,12669,0,12,0,12681,A
6-NA,698,1,12596,1,6,12604,T
6-NA,699,25,2,1,12586,12614,C
6-NA,700,12575,0,8,0,12583,A
6-NA,701,12593,5,5,0,12603,A
6-NA,702,4,12603,0,6,12613,T
6-NA,703,2,23,12576,0,12601,G
6-NA,704,4,36,12603,0,12643,G
6-NA,705,12829,1,22,1,12853,A
6-NA,706,12850,1,20,0,12871,A
6-NA,707,2,2,0,12996,13000,C
6-NA,708,2,13013,1,29,13045,T
6-NA,709,3,13022,0,8,13033,T
6-NA,710,2,1,13496,0,13499,G
6-NA,711,2,13500,0,10,13512,T
6-NA,712,13483,1,12,0,13496,A
6-NA,713,2,9,0,13654,13665,C
6-NA,714,13187,2,24,0,13213,A
6-NA,715,2,2,14165,0,14169,G
6-NA,716,1,14049,0,8,14058,T
6-NA,717,14600,0,6,0,14606,A
6-NA,718,3,3,14675,2,14683,G
6-NA,719,1,14317,0,18,14336,T
6-NA,720,14271,0,11,1,14283,A
6-NA,721,14286,1,5,1,14293,A
6-NA,722,1,14204,0,10,14215,T
6-NA,723,5,81,14176,1,14263,G
6-NA,724,13836,5,11,0,13852,A
6-NA,725,1,3,0,14008,14012,C
6-NA,726,2,13526,1,17,13546,T
6-NA,727,3,32,13594,2,13631,G
6-NA,728,13518,2,19,3,13542,A
6-NA,729,0,13641,0,21,13662,T
6-NA,730,4,52,13626,0,13682,G
6-NA,731,4,26,13505,1,13536,G
6-NA,732,9,57,13514,2,13582,G
6-NA,733,13303,2,23,0,13328,A
6-NA,734,11,1,13356,1,13369,G
6-NA,735,3,13254,0,11,13268,T
6-NA,736,3,3,13326,0,13332,G
6-NA,737,3,8,1,13422,13434,C
6-NA,738,3,13402,0,21,13426,T
6-NA,739,1,13383,1,19,13404,T
6-NA,740,16,4,0,13409,13429,C
6-NA,741,13376,4,24,0,13404,A
6-NA,742,3,18,13460,0,13481,G
6-NA,743,4,32,13427,3,13466,G
6-NA,744,13449,2,5,2,13458,A
6-NA,745,13290,0,6,1,13297,A
6-NA,746,13177,0,5,0,13182,A
6-NA,747,13196,1,30,2,13229,A
6-NA,748,7,2,13307,1,13317,G
6-NA,749,3,3,1,13291,13298,C
6-NA,750,2,13226,1,6,13235,T
6-NA,751,0,29,13227,0,13256,G
6-NA,752,13166,1,23,2,13192,A
6-NA,753,2,13362,0,11,13375,T
6-NA,754,13457,1,15,0,13473,A
6-NA,755,2,1,1,14050,14054,C
6-NA,756,1,13931,2,8,13942,T
6-NA,757,13989,1,2,0,13992,A
6-NA,758,13974,1,9,4,13988,A
6-NA,759,13984,0,11,0,13995,A
6-NA,760,14387,1,13,1,14402,A
6-NA,761,2,14398,3,5,14408,T
6-NA,762,14405,2,9,0,14416,A
6-NA,763,2,7,0,14493,14502,C
6-NA,764,2,13854,1,12,13869,T
6-NA,765,14038,3,3,0,14044,A
6-NA,766,2,13888,5,27,13922,T
6-NA,767,2,14520,1,18,14541,T
6-NA,768,52,3,1,14616,14672,C
6-NA,769,14338,2,8,2,14350,A
6-NA,770,2,14315,2,10,14329,T
6-NA,771,2,14228,3,9,14242,T
6-NA,772,5,19,14332,2,14358,G
6-NA,773,14151,5,15,0,14171,A
6-NA,774,3,29,14159,0,14191,G
6-NA,775,0,30,14133,0,14163,G
6-NA,776,13525,2,21,1,13549,A
6-NA,777,6,44,13823,0,13873,G
6-NA,778,5,52,13815,1,13873,G
6-NA,779,9,12,13853,0,13874,G
6-NA,780,2,17,13905,1,13925,G
6-NA,781,13798,4,14,1,13817,A
6-NA,782,13860,0,25,0,13885,A
6-NA,783,13857,0,10,5,13872,A
6-NA,784,13865,0,12,2,13879,A
6-NA,785,1,13876,1,9,13887,T
6-NA,786,43,7,2,13737,13789,C
6-NA,787,7,1,13904,0,13912,G
6-NA,788,0,13871,1,9,13881,T
6-NA,789,2,13794,0,21,13817,T
6-NA,790,79,1,1,13795,13876,C
6-NA,791,13864,2,4,2,13872,A
6-NA,792,1,14865,0,10,14876,T
6-NA,793,14853,2,6,0,14861,A
6-NA,794,1,3,0,14925,14929,C
6-NA,795,3,14834,2,13,14852,T
6-NA,796,14830,4,17,0,14851,A
6-NA,797,6,8,14815,1,14830,G
6-NA,798,3,0,0,14793,14796,C
6-NA,799,14797,1,21,0,14819,A
6-NA,800,2,2,0,14862,14866,C
6-NA,801,14197,2,2,1,14202,A
6-NA,802,2,14493,1,11,14507,T
6-NA,803,2,14425,1,8,14436,T
6-NA,804,0,1,15465,0,15466,G
6-NA,805,0,15368,1,22,15391,T
6-NA,806,53,9,0,15337,15399,C
6-NA,807,15356,4,25,1,15386,A
6-NA,808,4,25,15394,1,15424,G
6-NA,809,5,17,15416,0,15438,G
6-NA,810,15385,2,6,2,15395,A
6-NA,811,15163,2,22,1,15188,A
6-NA,812,2,0,15386,0,15388,G
6-NA,813,1,14433,2,7,14443,T
6-NA,814,14,9,14485,1,14509,G
6-NA,815,6,8,0,14466,14480,C
6-NA,816,3,14375,2,19,14399,T
6-NA,817,42,5,0,14513,14560,C
6-NA,818,14494,1,16,0,14511,A
6-NA,819,4,3,14587,0,14594,G
6-NA,820,9,3,9,14554,14575,C
6-NA,821,14539,0,18,1,14558,A
6-NA,822,0,14564,1,6,14571,T
6-NA,823,12,2,15006,0,15020,G
6-NA,824,1,14970,0,8,14979,T
6-NA,825,53,9,1,14915,14978,C
6-NA,826,14,33,14909,0,14956,G
6-NA,827,14852,2,10,1,14865,A
6-NA,828,0,24,14821,1,14846,G
6-NA,829,4,38,14780,0,14822,G
6-NA,830,14623,0,23,0,14646,A
6-NA,831,3,4,14861,0,14868,G
6-NA,832,1,14381,0,18,14400,T
6-NA,833,6,5,14435,0,14446,G
6-NA,834,2,3,0,14577,14582,C
6-NA,835,3,14463,0,23,14489,T
6-NA,836,51,2,0,14482,14535,C
6-NA,837,3,14345,2,17,14367,T
6-NA,838,0,14534,1,6,14541,T
6-NA,839,3,2,14552,0,14557,G
6-NA,840,6,3,1,14550,14560,C
6-NA,841,1,14438,0,15,14454,T
6-NA,842,14534,2,7,2,14545,A
6-NA,843,1,14320,1,23,14345,T
6-NA,844,12,2,0,14494,14508,C
6-NA,845,40,2,1,14420,14463,C
6-NA,846,3,14443,2,22,14470,T
6-NA,847,16,7,1,14492,14516,C
6-NA,848,8,22,14498,0,14528,G
6-NA,849,14624,2,16,1,14643,A
6-NA,850,3,14628,1,32,14664,T
6-NA,851,14667,1,5,0,14673,A
6-NA,852,2,14612,0,13,14627,T
6-NA,853,21,8,14,14530,14573,C
6-NA,854,25,2,0,14530,14557,C
6-NA,855,3,14377,0,20,14400,T
6-NA,856,4,23,14451,0,14478,G
6-NA,857,9,4,14531,0,14544,G
6-NA,858,4,14640,0,24,14668,T
6-NA,859,6,3,14674,0,14683,G
6-NA,860,2,14565,0,29,14596,T
6-NA,861,56,1,0,14530,14587,C
6-NA,862,14559,4,24,1,14588,A
6-NA,863,2,16,14604,0,14622,G
6-NA,864,14544,8,17,0,14569,A
6-NA,865,2,14422,0,18,14442,T
6-NA,866,5,0,14451,0,14456,G
6-NA,867,1,14129,3,16,14149,T
6-NA,868,1,3,14156,6,14166,G
6-NA,869,5,14099,2,20,14126,T
6-NA,870,36,3,0,14122,14161,C
6-NA,871,1,14115,1,27,14144,T
6-NA,872,13,4,14141,1,14159,G
6-NA,873,6,10,1,14127,14144,C
6-NA,874,14115,3,18,0,14136,A
6-NA,875,2,35,14117,0,14154,G
6-NA,876,13753,3,17,3,13776,A
6-NA,877,2,25,13815,8,13850,G
6-NA,878,13800,1,21,1,13823,A
6-NA,879,1,5,1,13881,13888,C
6-NA,880,13902,0,13,1,13916,A
6-NA,881,13948,11,13,1,13973,A
6-NA,882,4,6,0,14024,14034,C
6-NA,883,2,13989,0,23,14014,T
6-NA,884,4,22,13990,0,14016,G
6-NA,885,5,18,13939,0,13962,G
6-NA,886,13868,2,13,1,13884,A
6-NA,887,13847,0,25,1,13873,A
6-NA,888,13470,1,29,0,13500,A
6-NA,889,3,18,13668,1,13690,G
6-NA,890,9,4,13578,1,13592,G
6-NA,891,5,9,0,13555,13569,C
6-NA,892,1,13427,1,24,13453,T
6-NA,893,33,4,0,13705,13742,C
6-NA,894,21,7,1,13766,13795,C
6-NA,895,13842,0,10,0,13852,A
6-NA,896,13806,1,7,0,13814,A
6-NA,897,0,13753,1,66,13820,T
6-NA,898,13293,1,12,0,13306,A
6-NA,899,4,10,13209,0,13223,G
6-NA,900,4,5,13164,0,13173,G
6-NA,901,3,2,0,13158,13163,C
6-NA,902,20,4,1,12787,12812,C
6-NA,903,54,7,0,12598,12659,C
6-NA,904,12694,2,10,1,12707,A
6-NA,905,2,12768,1,18,12789,T
6-NA,906,20,5,2,12787,12814,C
6-NA,907,7,3,12824,1,12835,G
6-NA,908,0,12761,2,2,12765,T
6-NA,909,12444,3,11,1,12459,A
6-NA,910,1,2,12701,0,12704,G
6-NA,911,12713,0,18,0,12731,A
6-NA,912,1,12766,1,5,12773,T
6-NA,913,12497,3,3,0,12503,A
6-NA,914,0,12328,0,7,12335,T
6-NA,915,12295,0,6,0,12301,A
6-NA,916,12234,0,14,1,12249,A
6-NA,917,12468,1,13,1,12483,A
6-NA,918,3,4,1,12705,12713,C
6-NA,919,12232,0,3,0,12235,A
6-NA,920,0,12155,1,4,12160,T
6-NA,921,12022,1,5,1,12029,A
6-NA,922,12013,1,19,2,12035,A
6-NA,923,11986,1,43,0,12030,A
6-NA,924,3,23,12099,2,12127,G
6-NA,925,3,22,12210,0,12235,G
6-NA,926,11752,3,18,0,11773,A
6-NA,927,2,11655,0,15,11672,T
6-NA,928,24,6,0,11704,11734,C
6-NA,929,11750,1,13,1,11765,A
6-NA,930,4,11741,0,18,11763,T
6-NA,931,11720,2,19,0,11741,A
6-NA,932,2,2,11809,0,11813,G
6-NA,933,1,2,1,11595,11599,C
6-NA,934,11224,1,8,1,11234,A
6-NA,935,0,10615,10,20,10645,T
6-NA,936,2,10679,0,5,10686,T
6-NA,937,5,0,10643,0,10648,G
6-NA,938,0,10661,1,14,10676,T
6-NA,939,38,2,1,10423,10464,C
6-NA,940,0,11170,0,20,11190,T
6-NA,941,35,6,1,11292,11334,C
6-NA,942,13,5,0,11382,11400,C
6-NA,943,11506,1,21,0,11528,A
6-NA,944,1,2,11722,0,11725,G
6-NA,945,0,11673,1,15,11689,T
6-NA,946,1,10947,1,12,10961,T
6-NA,947,10982,1,5,0,10988,A
6-NA,948,2,10472,0,21,10495,T
6-NA,949,29,2,10465,0,10496,G
6-NA,950,1,10255,0,11,10267,T
6-NA,951,4,4,10315,0,10323,G
6-NA,952,3,9863,0,12,9878,T
6-NA,953,4,2,9994,0,10000,G
6-NA,954,3,9956,1,21,9981,T
6-NA,955,0,9904,6,12,9922,T
6-NA,956,39,10,2,9864,9915,C
6-NA,957,9811,2,11,1,9825,A
6-NA,958,3,17,9855,0,9875,G
6-NA,959,3,26,9836,1,9866,G
6-NA,960,9732,4,9,0,9745,A
6-NA,961,2,1,0,9796,9799,C
6-NA,962,0,9306,1,12,9319,T
6-NA,963,1,9322,1,7,9331,T
6-NA,964,6,2,9655,1,9664,G
6-NA,965,0,9668,0,7,9675,T
6-NA,966,0,9636,0,12,9648,T
6-NA,967,1,16,9512,0,9529,G
6-NA,968,3,27,9462,1,9493,G
6-NA,969,9420,2,24,0,9446,A
6-NA,970,2,28,9468,0,9498,G
6-NA,971,9446,0,21,0,9467,A
6-NA,972,1,1,0,9478,9480,C
6-NA,973,9189,2,16,0,9207,A
6-NA,974,1,5,0,9245,9251,C
6-NA,975,9247,1,11,4,9263,A
6-NA,976,3,3,0,9260,9266,C
6-NA,977,16,3,0,9190,9209,C
6-NA,978,36,4,0,9183,9223,C
6-NA,979,9188,0,8,1,9197,A
6-NA,980,4,22,9244,2,9272,G
6-NA,981,9223,0,10,1,9234,A
6-NA,982,9300,1,6,0,9307,A
6-NA,983,9215,2,5,2,9224,A
6-NA,984,9168,0,7,1,9176,A
6-NA,985,9122,0,15,1,9138,A
6-NA,986,9150,1,14,5,9170,A
6-NA,987,0,4,0,9211,9215,C
6-NA,988,6,39,9137,0,9182,G
6-NA,989,9135,2,4,1,9142,A
6-NA,990,5,4,0,9129,9138,C
6-NA,991,9083,2,11,1,9097,A
6-NA,992,2,0,9177,0,9179,G
6-NA,993,4,2,0,9423,9429,C
6-NA,994,0,9357,1,21,9379,T
6-NA,995,34,8,0,9381,9423,C
6-NA,996,14,1,0,9466,9481,C
6-NA,997,9459,1,21,0,9481,A
6-NA,998,4,0,9574,0,9578,G
6-NA,999,4,6,1,9572,9583,C
6-NA,1000,9540,1,10,0,9551,A
6-NA,1001,2,1,9559,2,9564,G
6-NA,1002,1,9094,1,9,9105,T
6-NA,1003,9107,2,3,1,9113,A
6-NA,1004,4,2,9116,0,9122,G
6-NA,1005,3,2,1,9100,9106,C
6-NA,1006,16,6,0,9098,9120,C
6-NA,1007,8978,0,6,0,8984,A
6-NA,1008,0,8907,0,62,8969,T
6-NA,1009,0,8931,0,4,8935,T
6-NA,1010,4,0,9146,0,9150,G
6-NA,1011,2,9044,0,7,9053,T
6-NA,1012,0,9033,0,8,9041,T
6-NA,1013,9,9007,0,10,9026,T
6-NA,1014,5,27,8896,0,8928,G
6-NA,1015,2,12,9014,1,9029,G
6-NA,1016,8961,1,9,0,8971,A
6-NA,1017,1,8963,1,15,8980,T
6-NA,1018,15,3,0,8998,9016,C
6-NA,1019,28,2,1,8826,8857,C
6-NA,1020,8,8828,0,10,8846,T
6-NA,1021,8844,0,13,0,8857,A
6-NA,1022,8860,1,10,0,8871,A
6-NA,1023,2,5,0,8989,8996,C
6-NA,1024,8763,1,7,0,8771,A
6-NA,1025,8857,0,7,0,8864,A
6-NA,1026,0,8834,0,2,8836,T
6-NA,1027,5,12,8933,1,8951,G
6-NA,1028,8860,0,18,2,8880,A
6-NA,1029,8827,2,33,2,8864,A
6-NA,1030,3,13,8900,1,8917,G
6-NA,1031,8822,2,11,1,8836,A
6-NA,1032,8598,2,16,1,8617,A
6-NA,1033,0,15,8610,0,8625,G
6-NA,1034,0,5,8619,0,8624,G
6-NA,1035,2,8492,1,11,8506,T
6-NA,1036,12,21,8446,1,8480,G
6-NA,1037,2,1,8784,0,8787,G
6-NA,1038,1,8715,1,13,8730,T
6-NA,1039,69,6,0,8596,8671,C
6-NA,1040,8697,0,10,0,8707,A
6-NA,1041,0,8657,1,9,8667,T
6-NA,1042,4,12,8652,1,8669,G
6-NA,1043,6,20,8738,0,8764,G
6-NA,1044,8656,0,19,1,8676,A
6-NA,1045,5,4,8961,0,8970,G
6-NA,1046,0,8525,0,10,8535,T
6-NA,1047,96,23,8415,0,8534,G
6-NA,1048,8501,1,18,3,8523,A
6-NA,1049,8528,1,8,0,8537,A
6-NA,1050,8533,1,24,0,8558,A
6-NA,1051,2,13,8564,2,8581,G
6-NA,1052,2,7,8419,0,8428,G
6-NA,1053,3,0,0,8395,8398,C
6-NA,1054,0,8067,0,10,8077,T
6-NA,1055,7,13,8084,0,8104,G
6-NA,1056,6,16,8070,0,8092,G
6-NA,1057,3,1,8165,0,8169,G
6-NA,1058,5,4,0,8125,8134,C
6-NA,1059,5,0,1,8167,8173,C
6-NA,1060,0,8034,0,27,8061,T
6-NA,1061,3,8075,1,9,8088,T
6-NA,1062,2,8088,0,2,8092,T
6-NA,1063,3,13,8108,0,8124,G
6-NA,1064,8109,0,13,0,8122,A
6-NA,1065,0,8025,0,7,8032,T
6-NA,1066,6,16,7880,1,7903,G
6-NA,1067,7779,2,15,3,7799,A
6-NA,1068,2,7809,0,7,7818,T
6-NA,1069,3,13,7818,0,7834,G
6-NA,1070,3,6,7938,1,7948,G
6-NA,1071,7910,1,13,0,7924,A
6-NA,1072,7897,1,14,0,7912,A
6-NA,1073,7922,1,9,3,7935,A
6-NA,1074,0,7894,1,10,7905,T
6-NA,1075,3,17,7946,0,7966,G
6-NA,1076,7923,0,7,0,7930,A
6-NA,1077,3,6,0,7918,7927,C
6-NA,1078,3,0,7945,0,7948,G
6-NA,1079,0,7706,0,9,7715,T
6-NA,1080,2,2,7784,0,7788,G
6-NA,1081,0,7779,0,9,7788,T
6-NA,1082,4,13,7750,1,7768,G
6-NA,1083,5,4,7803,1,7813,G
6-NA,1084,7707,9,15,0,7731,A
6-NA,1085,1,7736,0,7,7744,T
6-NA,1086,3,25,7688,0,7716,G
6-NA,1087,3,7,7686,0,7696,G
6-NA,1088,2,6,7737,0,7745,G
6-NA,1089,7627,1,33,1,7662,A
6-NA,1090,7640,1,11,1,7653,A
6-NA,1091,1,24,7617,0,7642,G
6-NA,1092,7503,0,16,1,7520,A
6-NA,1093,7526,1,7,3,7537,A
6-NA,1094,0,4,1,7502,7507,C
6-NA,1095,6,31,7417,0,7454,G
6-NA,1096,7409,0,12,2,7423,A
6-NA,1097,2,7295,0,11,7308,T
6-NA,1098,26,1,1,7305,7333,C
6-NA,1099,7321,1,9,0,7331,A
6-NA,1100,0,1,7352,1,7354,G
6-NA,1101,2,0,0,7342,7344,C
6-NA,1102,2,17,7333,1,7353,G
6-NA,1103,7289,2,11,0,7302,A
6-NA,1104,1,2,7336,0,7339,G
6-NA,1105,7295,0,5,0,7300,A
6-NA,1106,7302,0,8,1,7311,A
6-NA,1107,3,3,7358,0,7364,G
6-NA,1108,1,7291,0,11,7303,T
6-NA,1109,36,2,0,7196,7234,C
6-NA,1110,7218,1,11,2,7232,A
6-NA,1111,0,0,0,7475,7475,C
6-NA,1112,5,0,7474,0,7479,G
6-NA,1113,1,0,0,7457,7458,C
6-NA,1114,0,7380,0,9,7389,T
6-NA,1115,0,7423,1,6,7430,T
6-NA,1116,7296,0,8,1,7305,A
6-NA,1117,1,24,7461,0,7486,G
6-NA,1118,1,15,7458,0,7474,G
6-NA,1119,2,5,7625,0,7632,G
6-NA,1120,1,7111,0,7,7119,T
6-NA,1121,7099,0,6,0,7105,A
6-NA,1122,0,7062,1,9,7072,T
6-NA,1123,9,21,7050,0,7080,G
6-NA,1124,7044,0,12,0,7056,A
6-NA,1125,7017,0,6,1,7024,A
6-NA,1126,6678,1,12,1,6692,A
6-NA,1127,2,0,0,6632,6634,C
6-NA,1128,18,2,0,6383,6403,C
6-NA,1129,3,6159,0,6,6168,T
6-NA,1130,2,6148,0,11,6161,T
6-NA,1131,5,1,0,6163,6169,C
6-NA,1132,6169,1,4,1,6175,A
6-NA,1133,6185,1,3,0,6189,A
6-NA,1134,6177,1,7,0,6185,A
6-NA,1135,1,1,6237,0,6239,G
6-NA,1136,0,6073,0,8,6081,T
6-NA,1137,34,1,0,6066,6101,C
6-NA,1138,6191,0,6,0,6197,A
6-NA,1139,3,6187,0,8,6198,T
6-NA,1140,0,6205,0,8,6213,T
6-NA,1141,2,8,6203,0,6213,G
6-NA,1142,6183,4,7,0,6194,A
6-NA,1143,6189,2,12,0,6203,A
6-NA,1144,0,6,6175,0,6181,G
6-NA,1145,3,2,6133,0,6138,G
6-NA,1146,3,1,0,6107,6111,C
6-NA,1147,0,5897,0,8,5905,T
6-NA,1148,2,7,5922,0,5931,G
6-NA,1149,0,1,6105,0,6106,G
6-NA,1150,2,6081,1,12,6096,T
6-NA,1151,29,4,0,6038,6071,C
6-NA,1152,15,5,1,6041,6062,C
6-NA,1153,6030,1,15,1,6047,A
6-NA,1154,6071,1,10,0,6082,A
6-NA,1155,5,1,0,6111,6117,C
6-NA,1156,17,2,0,6071,6090,C
6-NA,1157,24,2,1,6026,6053,C
6-NA,1158,1,5650,1,6,5658,T
6-NA,1159,5653,0,6,1,5660,A
6-NA,1160,5642,0,14,2,5658,A
6-NA,1161,9,0,5696,0,5705,G
6-NA,1162,0,5643,0,8,5651,T
6-NA,1163,8,1,0,5596,5605,C
6-NA,1164,16,0,1,5454,5471,C
6-NA,1165,5440,2,3,0,5445,A
6-NA,1166,5441,1,1,1,5444,A
6-NA,1167,5427,0,2,0,5429,A
6-NA,1168,0,5427,0,1,5428,T
6-NA,1169,0,5424,0,1,5425,T
6-NA,1170,0,1,5388,0,5389,G
6-NA,1171,1,4,0,5344,5349,C
6-NA,1172,5322,1,6,0,5329,A
6-NA,1173,0,3,5351,0,5354,G
6-NA,1174,5332,1,1,0,5334,A
6-NA,1175,1,5431,0,1,5433,T
6-NA,1176,5445,0,1,0,5446,A
6-NA,1177,5422,1,4,0,5427,A
6-NA,1178,5427,0,9,0,5436,A
6-NA,1179,0,5400,0,1,5401,T
6-NA,1180,5351,3,7,0,5361,A
6-NA,1181,1,13,5365,0,5379,G
6-NA,1182,4,1,5324,0,5329,G
6-NA,1183,2,0,1,5279,5282,C
6-NA,1184,5063,0,2,0,5065,A
6-NA,1185,5114,0,6,0,5120,A
6-NA,1186,1,3,5181,0,5185,G
6-NA,1187,1,5159,0,6,5166,T
6-NA,1188,46,4,0,5129,5179,C
6-NA,1189,5203,1,9,0,5213,A
6-NA,1190,0,5186,1,5,5192,T
6-NA,1191,5184,0,5,1,5190,A
6-NA,1192,0,0,5233,1,5234,G
6-NA,1193,2,5208,0,6,5216,T
6-NA,1194,1,4963,0,3,4967,T
6-NA,1195,2,15,4871,0,4888,G
6-NA,1196,4856,1,11,0,4868,A
6-NA,1197,0,1,1,4864,4866,C
6-NA,1198,4736,2,7,1,4746,A
6-NA,1199,1,7,4780,0,4788,G
6-NA,1200,4633,1,9,0,4643,A
6-NA,1201,2,3,4730,1,4736,G
6-NA,1202,1,0,4724,0,4725,G
6-NA,1203,0,4578,0,2,4580,T
6-NA,1204,3,10,4507,0,4520,G
6-NA,1205,4522,1,6,1,4530,A
6-NA,1206,0,4568,0,3,4571,T
6-NA,1207,4561,0,11,0,4572,A
6-NA,1208,1,8,4383,0,4392,G
6-NA,1209,4,1,4372,0,4377,G
6-NA,1210,0,3949,0,2,3951,T
6-NA,1211,18,2,2,3883,3905,C
6-NA,1212,5,4,0,3835,3844,C
6-NA,1213,6,4,3825,0,3835,G
6-NA,1214,1,0,3838,0,3839,G
6-NA,1215,0,3828,0,1,3829,T
6-NA,1216,0,3815,0,1,3816,T
6-NA,1217,3721,1,1,0,3723,A
6-NA,1218,0,3543,0,0,3543,T
6-NA,1219,0,3533,1,1,3535,T
6-NA,1220,8,0,0,3546,3554,C
6-NA,1221,1,3309,1,5,3316,T
6-NA,1222,4,4,3325,0,3333,G
6-NA,1223,1,1,3332,2,3336,G
6-NA,1224,0,3316,0,0,3316,T
6-NA,1225,3313,0,1,0,3314,A
6-NA,1226,0,3247,2,1,3250,T
6-NA,1227,0,3239,1,9,3249,T
6-NA,1228,1,3239,0,5,3245,T
6-NA,1229,0,3258,0,3,3261,T
6-NA,1230,4,0,0,3265,3269,C
6-NA,1231,0,3200,0,6,3206,T
6-NA,1232,10,0,0,3221,3231,C
6-NA,1233,0,3202,0,2,3204,T
6-NA,1234,1,0,3274,0,3275,G
6-NA,1235,1,3270,1,4,3276,T
6-NA,1236,0,3241,0,5,3246,T
6-NA,1237,0,4,3254,0,3258,G
6-NA,1238,3215,0,6,0,3221,A
6-NA,1239,3217,0,8,0,3225,A
6-NA,1240,0,7,3263,0,3270,G
6-NA,1241,1,0,3256,0,3257,G
6-NA,1242,0,3,0,3252,3255,C
6-NA,1243,3193,0,4,0,3197,A
6-NA,1244,3192,0,8,0,3200,A
6-NA,1245,3194,0,5,0,3199,A
6-NA,1246,3214,0,7,0,3221,A
6-NA,1247,0,0,3226,0,3226,G
6-NA,1248,1,0,0,3223,3224,C
6-NA,1249,1,3175,0,3,3179,T
6-NA,1250,1,1,3211,0,3213,G
6-NA,1251,1,0,0,3212,3213,C
6-NA,1252,3225,1,4,0,3230,A
6-NA,1253,0,3212,0,7,3219,T
6-NA,1254,3,0,0,3195,3198,C
6-NA,1255,3192,0,2,1,3195,A
6-NA,1256,3206,0,0,0,3206,A
6-NA,1257,1,3185,0,0,3186,T
6-NA,1258,6,1,1,3187,3195,C
6-NA,1259,5,1,3157,0,3163,G
6-NA,1260,5,1,3220,0,3226,G
6-NA,1261,0,3218,0,7,3225,T
6-NA,1262,0,3,3238,0,3241,G
6-NA,1263,0,1,0,3260,3261,C
6-NA,1264,1,3235,1,7,3244,T
6-NA,1265,3,3287,0,2,3292,T
6-NA,1266,0,3281,0,4,3285,T
6-NA,1267,0,3300,0,1,3301,T
6-NA,1268,3318,0,2,0,3320,A
6-NA,1269,0,3186,1,3,3190,T
6-NA,1270,0,0,3193,0,3193,G
6-NA,1271,0,3137,0,6,3143,T
6-NA,1272,0,5,3097,0,3102,G
6-NA,1273,0,2,3133,0,3135,G
6-NA,1274,3023,0,4,2,3029,A
6-NA,1275,0,0,3081,0,3081,G
6-NA,1276,1,3066,0,4,3071,T
6-NA,1277,0,3030,1,0,3031,T
6-NA,1278,0,10,3063,0,3073,G
6-NA,1279,3065,1,6,0,3072,A
6-NA,1280,0,3079,0,3,3082,T
6-NA,1281,4,2928,0,2,2934,T
6-NA,1282,2943,1,2,0,2946,A
6-NA,1283,0,5,2960,0,2965,G
6-NA,1284,0,6,2969,0,2975,G
6-NA,1285,1,2,2955,0,2958,G
6-NA,1286,1,4,2960,0,2965,G
6-NA,1287,2876,0,8,0,2884,A
6-NA,1288,2884,0,1,0,2885,A
6-NA,1289,1,9,2903,0,2913,G
6-NA,1290,2908,0,1,0,2909,A
6-NA,1291,2902,0,2,0,2904,A
6-NA,1292,2885,0,2,0,2887,A
6-NA,1293,2853,0,7,0,2860,A
6-NA,1294,0,3,2862,0,2865,G
6-NA,1295,2827,0,6,0,2833,A
6-NA,1296,0,6,2824,0,2830,G
6-NA,1297,0,3,2836,0,2839,G
6-NA,1298,2789,0,2,0,2791,A
6-NA,1299,2789,0,4,0,2793,A
6-NA,1300,2803,0,4,0,2807,A
6-NA,1301,1,0,0,2823,2824,C
6-NA,1302,1,2804,0,4,2809,T
6-NA,1303,7,0,2806,0,2813,G
6-NA,1304,2792,0,4,0,2796,A
6-NA,1305,2790,0,5,0,2795,A
6-NA,1306,0,0,2826,0,2826,G
6-NA,1307,0,2782,0,3,2785,T
6-NA,1308,13,2,0,2810,2825,C
6-NA,1309,4,2797,0,9,2810,T
6-NA,1310,0,2781,0,7,2788,T
6-NA,1311,2,1,2790,0,2793,G
6-NA,1312,1,2783,0,2,2786,T
6-NA,1313,0,8,2780,0,2788,G
6-NA,1314,1,6,2762,0,2769,G
6-NA,1315,2753,0,8,0,2761,A
6-NA,1316,1,1,0,2767,2769,C
6-NA,1317,7,1,0,2683,2691,C
6-NA,1318,0,2689,1,4,2694,T
6-NA,1319,2,1,0,2696,2699,C
6-NA,1320,2717,1,0,0,2718,A
6-NA,1321,2710,1,2,0,2713,A
6-NA,1322,2709,0,6,1,2716,A
6-NA,1323,1,2,0,2750,2753,C
6-NA,1324,2670,0,1,0,2671,A
6-NA,1325,0,0,2741,0,2741,G
6-NA,1326,0,2696,0,0,2696,T
6-NA,1327,2709,0,1,0,2710,A
6-NA,1328,0,2696,0,1,2697,T
6-NA,1329,0,2648,0,0,2648,T
6-NA,1330,0,1,2683,0,2684,G
6-NA,1331,0,2663,0,3,2666,T
6-NA,1332,0,2554,0,1,2555,T
6-NA,1333,0,1,2565,0,2566,G
6-NA,1334,0,2392,0,1,2393,T
6-NA,1335,0,0,2402,0,2402,G
6-NA,1336,1,2383,0,2,2386,T
6-NA,1337,0,2343,0,2,2345,T
6-NA,1338,0,2364,0,1,2365,T
6-NA,1339,0,2283,0,2,2285,T
6-NA,1340,0,0,2298,0,2298,G
6-NA,1341,0,2280,3,5,2288,T
6-NA,1342,2,3,2281,0,2286,G
6-NA,1343,1,2,2274,0,2277,G
6-NA,1344,0,1,0,2213,2214,C
6-NA,1345,2225,0,2,0,2227,A
6-NA,1346,1,2,1,2228,2232,C
6-NA,1347,4,0,0,2228,2232,C
6-NA,1348,0,2231,0,0,2231,T
6-NA,1349,5,2,0,2235,2242,C
6-NA,1350,2245,0,7,0,2252,A
6-NA,1351,0,1,2272,0,2273,G
6-NA,1352,0,0,2284,0,2284,G
6-NA,1353,1,2279,1,1,2282,T
6-NA,1354,2275,0,1,0,2276,A
6-NA,1355,1,1,0,2182,2184,C
6-NA,1356,2164,0,4,0,2168,A
6-NA,1357,0,2164,1,2,2167,T
6-NA,1358,2106,0,4,0,2110,A
6-NA,1359,1,2098,0,2,2101,T
6-NA,1360,1,2,1939,0,1942,G
6-NA,1361,3,7,1944,0,1954,G
6-NA,1362,1943,0,2,0,1945,A
6-NA,1363,1930,0,1,0,1931,A
6-NA,1364,1,0,0,1905,1906,C
6-NA,1365,1652,0,2,0,1654,A
6-NA,1366,1,2,1647,0,1650,G
6-NA,1367,1,1,1646,0,1648,G
6-NA,1368,0,0,0,1650,1650,C
6-NA,1369,0,1634,0,0,1634,T
6-NA,1370,5,2,0,1545,1552,C
6-NA,1371,1550,0,4,0,1554,A
6-NA,1372,0,1557,1,1,1559,T
6-NA,1373,0,3,1559,0,1562,G
6-NA,1374,0,0,1561,0,1561,G
6-NA,1375,0,0,0,1498,1498,C
6-NA,1376,0,2,0,1482,1484,C
6-NA,1377,0,1397,0,1,1398,T
6-NA,1378,0,0,1398,0,1398,G
6-NA,1379,1392,0,0,0,1392,A
6-NA,1380,0,1390,0,0,1390,T
6-NA,1381,0,3,1361,0,1364,G
6-NA,1382,1,3,1331,0,1335,G
6-NA,1383,0,4,1261,0,1265,G
6-NA,1384,0,0,1271,0,1271,G
6-NA,1385,0,0,1,1235,1236,C
6-NA,1386,2,2,1231,0,1235,G
6-NA,1387,1,1,1232,0,1234,G
6-NA,1388,1219,0,3,0,1222,A
6-NA,1389,1,0,0,1213,1214,C
6-NA,1390,1213,0,3,0,1216,A
6-NA,1391,1,1193,0,7,1201,T
6-NA,1392,2,0,0,1183,1185,C
6-NA,1393,1164,0,4,0,1168,A
6-NA,1394,1166,0,2,0,1168,A
6-NA,1395,1,1152,0,2,1155,T
6-NA,1396,3,0,0,1134,1137,C
6-NA,1397,0,1103,0,1,1104,T
6-NA,1398,5,0,0,936,941,C
6-NA,1399,937,0,2,0,939,A
6-NA,1400,0,925,0,2,927,T
6-NA,1401,0,0,923,0,923,G
6-NA,1402,0,0,0,921,921,C
6-NA,1403,2,1,0,881,884,C
6-NA,1404,0,782,0,2,784,T
6-NA,1405,771,0,1,0,772,A
6-NA,1406,0,771,0,0,771,T
6-NA,1407,758,0,1,0,759,A
6-NA,1408,0,757,0,0,757,T
6-NA,1409,699,0,0,0,699,A
6-NA,1410,663,0,0,0,663,A
7-M,1,310,0,0,0,310,A
7-M,2,0,315,0,0,315,T
7-M,3,0,0,315,0,315,G
7-M,4,324,0,0,0,324,A
7-M,5,1,1,347,0,349,G
7-M,6,0,0,0,373,373,C
7-M,7,0,1,0,389,390,C
7-M,8,0,516,0,2,518,T
7-M,9,0,514,0,4,518,T
7-M,10,0,0,0,525,525,C
7-M,11,0,524,0,2,526,T
7-M,12,553,0,0,0,553,A
7-M,13,552,0,2,0,554,A
7-M,14,0,0,0,552,552,C
7-M,15,1,0,1,551,553,C
7-M,16,1,1,552,0,554,G
7-M,17,547,0,1,1,549,A
7-M,18,0,2,561,0,563,G
7-M,19,0,1,585,0,586,G
7-M,20,0,594,0,0,594,T
7-M,21,1,0,0,593,594,C
7-M,22,0,0,597,0,597,G
7-M,23,617,0,1,0,618,A
7-M,24,622,0,1,0,623,A
7-M,25,625,0,2,0,627,A
7-M,26,0,1,0,685,686,C
7-M,27,1,0,696,0,697,G
7-M,28,0,707,0,1,708,T
7-M,29,714,0,0,0,714,A
7-M,30,1,715,0,0,716,T
7-M,31,1,1,729,0,731,G
7-M,32,1,731,0,2,734,T
7-M,33,0,780,0,3,783,T
7-M,34,3,0,0,817,820,C
7-M,35,1,813,1,2,817,T
7-M,36,3,0,0,856,859,C
7-M,37,0,846,0,3,849,T
7-M,38,2,0,0,909,911,C
7-M,39,0,908,0,2,910,T
7-M,40,918,0,0,0,918,A
7-M,41,0,919,0,2,921,T
7-M,42,1,0,0,931,932,C
7-M,43,3,0,935,0,938,G
7-M,44,0,951,0,1,952,T
7-M,45,0,951,0,5,956,T
7-M,46,4,0,0,970,974,C
7-M,47,1,0,0,1003,1004,C
7-M,48,1008,1,1,0,1010,A
7-M,49,0,1017,0,0,1017,T
7-M,50,2,0,0,1014,1016,C
7-M,51,1017,0,0,0,1017,A
7-M,52,0,2,1025,0,1027,G
7-M,53,0,0,1019,0,1019,G
7-M,54,0,1,0,1021,1022,C
7-M,55,1,0,0,1025,1026,C
7-M,56,3,0,0,1023,1026,C
7-M,57,3,0,0,1088,1091,C
7-M,58,2,0,0,1098,1100,C
7-M,59,0,1091,0,3,1094,T
7-M,60,1,0,0,1098,1099,C
7-M,61,1101,0,1,0,1102,A
7-M,62,1107,0,2,0,1109,A
7-M,63,1121,0,4,0,1125,A
7-M,64,1,1,1144,0,1146,G
7-M,65,0,1,0,1142,1143,C
7-M,66,3,1,0,1127,1131,C
7-M,67,0,2,1135,0,1137,G
7-M,68,1133,0,1,0,1134,A
7-M,69,1,0,1137,0,1138,G
7-M,70,1144,0,0,0,1144,A
7-M,71,0,1144,0,2,1146,T
7-M,72,2,0,0,1140,1142,C
7-M,73,0,0,1150,0,1150,G
7-M,74,1,1,0,1162,1164,C
7-M,75,1,0,1160,1,1162,G
7-M,76,1,0,0,1165,1166,C
7-M,77,1164,0,0,0,1164,A
7-M,78,0,5,1169,1,1175,G
7-M,79,1153,0,4,0,1157,A
7-M,80,0,3,1262,0,1265,G
7-M,81,1262,0,1,0,1263,A
7-M,82,0,0,1,1282,1283,C
7-M,83,0,1277,0,6,1283,T
7-M,84,0,1285,0,0,1285,T
7-M,85,0,6,1293,0,1299,G
7-M,86,1302,0,0,0,1302,A
7-M,87,1298,0,3,0,1301,A
7-M,88,0,2,1296,0,1298,G
7-M,89,1257,1,0,0,1258,A
7-M,90,0,1288,0,2,1290,T
7-M,91,0,0,1295,0,1295,G
7-M,92,0,1297,0,3,1300,T
7-M,93,3,0,0,1295,1298,C
7-M,94,1,1282,0,3,1286,T
7-M,95,0,1295,0,0,1295,T
7-M,96,0,1286,1,2,1289,T
7-M,97,1,0,1300,0,1301,G
7-M,98,1,1,0,1301,1303,C
7-M,99,0,1290,1,0,1291,T
7-M,100,4,1,1293,0,1298,G
7-M,101,2,0,1297,0,1299,G
7-M,102,0,1,1332,0,1333,G
7-M,103,1326,0,0,0,1326,A
7-M,104,1333,0,1,0,1334,A
7-M,105,1335,0,4,0,1339,A
7-M,106,1340,0,1,0,1341,A
7-M,107,1366,0,1,1,1368,A
7-M,108,0,1,0,1375,1376,C
7-M,109,1372,0,2,0,1374,A
7-M,110,0,0,0,1381,1381,C
7-M,111,1369,0,1,0,1370,A
7-M,112,1,1,1409,0,1411,G
7-M,113,1431,0,0,0,1431,A
7-M,114,0,1455,0,1,1456,T
7-M,115,1,0,1,1475,1477,C
7-M,116,0,1465,0,3,1468,T
7-M,117,0,1463,0,1,1464,T
7-M,118,1,2,1459,0,1462,G
7-M,119,1453,0,3,0,1456,A
7-M,120,0,1,1465,0,1466,G
7-M,121,1,1,1452,0,1454,G
7-M,122,0,2,0,1481,1483,C
7-M,123,0,1447,0,2,1449,T
7-M,124,1,1,0,1645,1647,C
7-M,125,0,1635,0,3,1638,T
7-M,126,6,0,0,1646,1652,C
7-M,127,1654,0,2,0,1656,A
7-M,128,0,1656,0,3,1659,T
7-M,129,1,5,1652,0,1658,G
7-M,130,0,7,1659,0,1666,G
7-M,131,1653,0,0,0,1653,A
7-M,132,1653,0,2,0,1655,A
7-M,133,0,1576,0,0,1576,T
7-M,134,0,3,1659,0,1662,G
7-M,135,1,2,1727,0,1730,G
7-M,136,0,0,0,1734,1734,C
7-M,137,0,1726,0,2,1728,T
7-M,138,1728,0,1,0,1729,A
7-M,139,1722,0,2,0,1724,A
7-M,140,1752,0,2,0,1754,A
7-M,141,0,3,1784,0,1787,G
7-M,142,1776,0,3,1,1780,A
7-M,143,0,1,0,1772,1773,C
7-M,144,1707,0,0,0,1707,A
7-M,145,1710,1,2,0,1713,A
7-M,146,0,6,1757,0,1763,G
7-M,147,1761,1,4,0,1766,A
7-M,148,0,0,0,1760,1760,C
7-M,149,2,1,0,1754,1757,C
7-M,150,1752,0,1,0,1753,A
7-M,151,1777,0,1,0,1778,A
7-M,152,0,1788,0,2,1790,T
7-M,153,1,1781,0,1,1783,T
7-M,154,5,1,0,1799,1805,C
7-M,155,0,1780,0,0,1780,T
7-M,156,2,0,1778,0,1780,G
7-M,157,0,1777,0,3,1780,T
7-M,158,1,0,0,1776,1777,C
7-M,159,1788,0,0,0,1788,A
7-M,160,0,2,0,1832,1834,C
7-M,161,0,1,0,1831,1832,C
7-M,162,0,1809,0,3,1812,T
7-M,163,3,0,0,1838,1841,C
7-M,164,1,1820,0,6,1827,T
7-M,165,0,10,1877,0,1887,G
7-M,166,1885,0,2,0,1887,A
7-M,167,3,0,0,1887,1890,C
7-M,168,1,1884,0,1,1886,T
7-M,169,1865,0,2,1,1868,A
7-M,170,1855,0,1,0,1856,A
7-M,171,0,14,1854,0,1868,G
7-M,172,1,6,1854,0,1861,G
7-M,173,0,5,1858,0,1863,G
7-M,174,0,5,1863,0,1868,G
7-M,175,1880,1,1,1,1883,A
7-M,176,0,1879,0,0,1879,T
7-M,177,0,1891,1,2,1894,T
7-M,178,0,1896,0,0,1896,T
7-M,179,1,1890,1,1,1893,T
7-M,180,1,7,1892,0,1900,G
7-M,181,1,9,1897,0,1907,G
7-M,182,1,4,1896,1,1902,G
7-M,183,1,1,1906,0,1908,G
7-M,184,0,1875,1,7,1883,T
7-M,185,0,1883,0,3,1886,T
7-M,186,0,1890,0,0,1890,T
7-M,187,1,1,1929,0,1931,G
7-M,188,1,1940,0,0,1941,T
7-M,189,1,0,1950,0,1951,G
7-M,190,1,1948,0,3,1952,T
7-M,191,0,1947,0,0,1947,T
7-M,192,10,0,0,1955,1965,C
7-M,193,1962,0,1,0,1963,A
7-M,194,0,1,0,2015,2016,C
7-M,195,1,1,2007,0,2009,G
7-M,196,1,1,0,1994,1996,C
7-M,197,0,1949,0,4,1953,T
7-M,198,15,0,0,2021,2036,C
7-M,199,2041,0,1,0,2042,A
7-M,200,0,1,0,2069,2070,C
7-M,201,5,5,0,2044,2054,C
7-M,202,2,0,2069,0,2071,G
7-M,203,0,2069,3,3,2075,T
7-M,204,2,0,2075,0,2077,G
7-M,205,0,0,0,2087,2087,C
7-M,206,11,2,0,2068,2081,C
7-M,207,10,2,1,2080,2093,C
7-M,208,2061,0,5,0,2066,A
7-M,209,1,0,2094,0,2095,G
7-M,210,0,2083,0,5,2088,T
7-M,211,0,9,2082,0,2091,G
7-M,212,2095,0,6,0,2101,A
7-M,213,3,0,2107,0,2110,G
7-M,214,2,1,0,2103,2106,C
7-M,215,2,2,2106,0,2110,G
7-M,216,2094,0,6,0,2100,A
7-M,217,0,7,2140,0,2147,G
7-M,218,0,1,2147,0,2148,G
7-M,219,2133,0,3,0,2136,A
7-M,220,0,1,0,2184,2185,C
7-M,221,0,2147,0,1,2148,T
7-M,222,0,0,2154,0,2154,G
7-M,223,3,0,0,2148,2151,C
7-M,224,2147,0,2,0,2149,A
7-M,225,1,0,2211,0,2212,G
7-M,226,1,0,0,2170,2171,C
7-M,227,0,1,2197,0,2198,G
7-M,228,0,2195,0,1,2196,T
7-M,229,2170,0,2,0,2172,A
7-M,230,3,8,2152,0,2163,G
7-M,231,2162,0,1,0,2163,A
7-M,232,1,0,0,2174,2175,C
7-M,233,2,0,2178,0,2180,G
7-M,234,0,1,0,2158,2159,C
7-M,235,1,2125,0,4,2130,T
7-M,236,0,2133,0,0,2133,T
7-M,237,0,2124,0,1,2125,T
7-M,238,0,0,2182,0,2182,G
7-M,239,0,2182,0,2,2184,T
7-M,240,9,1,0,2168,2178,C
7-M,241,8,1,0,2172,2181,C
7-M,242,2177,0,2,1,2180,A
7-M,243,2180,0,0,0,2180,A
7-M,244,2172,0,2,0,2174,A
7-M,245,2169,0,1,0,2170,A
7-M,246,2,2169,0,1,2172,T
7-M,247,2,1,2155,0,2158,G
7-M,248,1,1,0,2136,2138,C
7-M,249,4,0,0,2141,2145,C
7-M,250,11,0,0,2165,2176,C
7-M,251,1,2160,0,3,2164,T
7-M,252,3,4,0,2255,2262,C
7-M,253,2284,0,0,0,2284,A
7-M,254,2297,0,2,0,2299,A
7-M,255,0,2317,0,0,2317,T
7-M,256,1,6,2322,0,2329,G
7-M,257,1,4,2345,1,2351,G
7-M,258,2,3,2364,0,2369,G
7-M,259,2347,0,3,1,2351,A
7-M,260,2345,0,7,3,2355,A
7-M,261,1,2299,0,0,2300,T
7-M,262,0,5,2292,0,2297,G
7-M,263,0,3,2291,0,2294,G
7-M,264,2250,1,5,0,2256,A
7-M,265,3,8,2244,0,2255,G
7-M,266,2220,0,7,0,2227,A
7-M,267,1,2,0,2193,2196,C
7-M,268,7,2,1,2299,2309,C
7-M,269,7,1,0,2314,2322,C
7-M,270,2344,0,1,2,2347,A
7-M,271,2354,0,1,0,2355,A
7-M,272,2351,0,4,0,2355,A
7-M,273,0,2370,0,1,2371,T
7-M,274,2407,0,1,1,2409,A
7-M,275,2417,1,0,0,2418,A
7-M,276,0,1,0,2368,2369,C
7-M,277,2336,0,3,0,2339,A
7-M,278,0,2328,0,2,2330,T
7-M,279,2,7,2338,0,2347,G
7-M,280,0,5,2353,0,2358,G
7-M,281,2355,1,3,0,2359,A
7-M,282,0,0,0,2355,2355,C
7-M,283,2305,0,1,0,2306,A
7-M,284,2320,0,4,0,2324,A
7-M,285,2310,0,6,0,2316,A
7-M,286,1,1,2339,0,2341,G
7-M,287,3,2,1,2387,2393,C
7-M,288,2349,0,1,0,2350,A
7-M,289,0,1,2389,0,2390,G
7-M,290,1,2375,0,3,2379,T
7-M,291,1,2375,0,0,2376,T
7-M,292,2397,1,1,0,2399,A
7-M,293,2387,0,3,2,2392,A
7-M,294,2394,0,4,0,2398,A
7-M,295,1,2,0,2448,2451,C
7-M,296,0,2398,0,0,2398,T
7-M,297,2,0,2682,0,2684,G
7-M,298,0,2657,0,1,2658,T
7-M,299,2676,0,1,0,2677,A
7-M,300,0,2665,0,2,2667,T
7-M,301,2655,0,2,0,2657,A
7-M,302,0,6,2659,1,2666,G
7-M,303,0,4,2644,0,2648,G
7-M,304,2626,0,3,0,2629,A
7-M,305,2622,0,1,0,2623,A
7-M,306,2484,0,3,1,2488,A
7-M,307,0,0,0,2558,2558,C
7-M,308,0,2548,2,2,2552,T
7-M,309,0,2553,0,0,2553,T
7-M,310,2550,0,0,0,2550,A
7-M,311,2549,1,1,0,2551,A
7-M,312,0,5,2561,0,2566,G
7-M,313,2530,0,4,0,2534,A
7-M,314,1,18,2532,0,2551,G
7-M,315,3,2,2538,0,2543,G
7-M,316,0,6,2547,0,2553,G
7-M,317,2534,0,2,0,2536,A
7-M,318,0,1,2575,0,2576,G
7-M,319,2575,0,6,1,2582,A
7-M,320,0,2589,0,2,2591,T
7-M,321,2594,0,3,0,2597,A
7-M,322,2612,0,1,1,2614,A
7-M,323,1,1,1,2624,2627,C
7-M,324,2,1,2632,0,2635,G
7-M,325,0,2623,0,6,2629,T
7-M,326,0,2607,0,2,2609,T
7-M,327,10,0,1,2609,2620,C
7-M,328,7,34,0,2572,2613,C
7-M,329,2616,0,3,0,2619,A
7-M,330,1,2617,0,4,2622,T
7-M,331,0,5,2602,1,2608,G
7-M,332,0,7,2608,0,2615,G
7-M,333,2,7,2581,0,2590,G
7-M,334,1,1,2597,0,2599,G
7-M,335,0,0,0,2591,2591,C
7-M,336,5,1,1,2581,2588,C
7-M,337,2611,1,1,1,2614,A
7-M,338,2642,0,1,0,2643,A
7-M,339,2638,0,1,0,2639,A
7-M,340,4,4,2675,0,2683,G
7-M,341,2669,0,0,0,2669,A
7-M,342,2642,0,1,1,2644,A
7-M,343,2640,0,3,1,2644,A
7-M,344,0,2650,0,1,2651,T
7-M,345,2636,0,2,0,2638,A
7-M,346,0,0,2645,0,2645,G
7-M,347,0,1,0,2635,2636,C
7-M,348,0,2607,1,3,2611,T
7-M,349,4,2,0,2631,2637,C
7-M,350,0,2608,1,2,2611,T
7-M,351,9,0,0,2688,2697,C
7-M,352,2693,0,4,0,2697,A
7-M,353,0,0,2702,0,2702,G
7-M,354,0,2676,0,1,2677,T
7-M,355,0,2715,0,1,2716,T
7-M,356,2723,0,0,0,2723,A
7-M,357,0,2722,0,0,2722,T
7-M,358,0,2703,0,5,2708,T
7-M,359,5,0,0,2722,2727,C
7-M,360,1,2630,0,1,2632,T
7-M,361,0,1,2645,0,2646,G
7-M,362,1,1,0,2642,2644,C
7-M,363,0,2637,1,2,2640,T
7-M,364,3,4,2630,0,2637,G
7-M,365,1,0,2632,0,2633,G
7-M,366,0,2635,0,4,2639,T
7-M,367,0,2,2628,0,2630,G
7-M,368,0,2,0,2629,2631,C
7-M,369,2627,0,8,0,2635,A
7-M,370,0,0,0,2642,2642,C
7-M,371,0,2604,0,2,2606,T
7-M,372,1,2652,0,1,2654,T
7-M,373,2,0,2637,0,2639,G
7-M,374,1,1,0,2635,2637,C
7-M,375,3,0,0,2639,2642,C
7-M,376,2642,0,1,0,2643,A
7-M,377,0,0,2659,0,2659,G
7-M,378,0,2656,0,4,2660,T
7-M,379,1,2639,0,2,2642,T
7-M,380,2,1,2665,0,2668,G
7-M,381,1,0,0,2637,2638,C
7-M,382,2636,0,3,0,2639,A
7-M,383,0,2630,0,5,2635,T
7-M,384,0,3,2624,0,2627,G
7-M,385,0,7,2640,2,2649,G
7-M,386,1,1,2675,0,2677,G
7-M,387,2,1,1,2685,2689,C
7-M,388,4,1,0,2718,2723,C
7-M,389,0,2700,0,6,2706,T
7-M,390,10,0,0,2734,2744,C
7-M,391,2886,0,4,1,2891,A
7-M,392,0,2896,0,0,2896,T
7-M,393,2978,2,1,0,2981,A
7-M,394,0,2928,0,0,2928,T
7-M,395,2895,0,5,0,2900,A
7-M,396,0,0,0,3081,3081,C
7-M,397,2937,0,1,0,2938,A
7-M,398,2946,1,2,0,2949,A
7-M,399,1,2916,0,1,2918,T
7-M,400,2783,0,2,0,2785,A
7-M,401,5,5,2812,0,2822,G
7-M,402,0,2,2768,0,2770,G
7-M,403,2744,0,0,1,2745,A
7-M,404,0,2746,0,1,2747,T
7-M,405,1,4,2554,0,2559,G
7-M,406,1,8,2561,0,2570,G
7-M,407,0,5,2553,0,2558,G
7-M,408,0,5,2578,1,2584,G
7-M,409,1,0,2583,0,2584,G
7-M,410,2,0,2,2580,2584,C
7-M,411,0,2532,0,4,2536,T
7-M,412,2,0,2552,0,2554,G
7-M,413,0,2554,0,1,2555,T
7-M,414,2553,0,4,0,2557,A
7-M,415,2549,0,3,0,2552,A
7-M,416,1,0,0,2566,2567,C
7-M,417,3,1,0,2541,2545,C
7-M,418,2519,2,1,0,2522,A
7-M,419,0,0,0,2534,2534,C
7-M,420,0,2515,0,1,2516,T
7-M,421,2,7,2527,0,2536,G
7-M,422,2520,1,1,0,2522,A
7-M,423,2514,1,4,1,2520,A
7-M,424,1,0,2536,0,2537,G
7-M,425,0,2505,0,1,2506,T
7-M,426,0,4,2496,0,2500,G
7-M,427,1,0,2506,0,2507,G
7-M,428,0,1,0,2516,2517,C
7-M,429,2506,0,3,0,2509,A
7-M,430,1,2489,1,5,2496,T
7-M,431,0,2489,0,3,2492,T
7-M,432,0,2490,0,2,2492,T
7-M,433,0,7,2562,0,2569,G
7-M,434,0,1,2560,0,2561,G
7-M,435,2,3,1,2561,2567,C
7-M,436,3,0,0,2564,2567,C
7-M,437,0,2541,0,3,2544,T
7-M,438,0,2,2673,0,2675,G
7-M,439,1,0,2706,0,2707,G
7-M,440,0,2715,0,1,2716,T
7-M,441,2716,0,3,0,2719,A
7-M,442,0,2581,0,5,2586,T
7-M,443,2,1,2644,0,2647,G
7-M,444,1,2650,0,5,2656,T
7-M,445,1,1,2640,0,2642,G
7-M,446,0,0,0,2654,2654,C
7-M,447,2561,0,0,0,2561,A
7-M,448,2556,0,4,0,2560,A
7-M,449,1,1,0,2585,2587,C
7-M,450,2574,1,1,0,2576,A
7-M,451,0,2589,0,2,2591,T
7-M,452,1,0,2564,1,2566,G
7-M,453,0,2494,0,3,2497,T
7-M,454,1,21,2477,0,2499,G
7-M,455,2460,1,6,0,2467,A
7-M,456,2,0,2486,1,2489,G
7-M,457,0,0,0,2487,2487,C
7-M,458,2429,0,0,0,2429,A
7-M,459,0,6,2448,0,2454,G
7-M,460,2433,1,0,0,2434,A
7-M,461,0,2431,0,0,2431,T
7-M,462,1,2430,0,2,2433,T
7-M,463,0,0,2444,0,2444,G
7-M,464,0,2,0,2451,2453,C
7-M,465,0,2438,0,2,2440,T
7-M,466,1,10,2433,0,2444,G
7-M,467,2423,0,4,0,2427,A
7-M,468,1,0,0,2568,2569,C
7-M,469,0,2568,0,3,2571,T
7-M,470,9,1,1,2568,2579,C
7-M,471,2,0,0,2566,2568,C
7-M,472,10,4,0,2568,2582,C
7-M,473,2559,0,4,0,2563,A
7-M,474,2,1,2605,0,2608,G
7-M,475,2,0,0,2583,2585,C
7-M,476,2601,0,5,0,2606,A
7-M,477,0,1,0,2596,2597,C
7-M,478,2400,1,4,0,2405,A
7-M,479,3,5,2456,0,2464,G
7-M,480,0,0,2462,0,2462,G
7-M,481,0,2440,0,8,2448,T
7-M,482,4,1,0,2535,2540,C
7-M,483,1,2500,0,3,2504,T
7-M,484,9,1,0,2505,2515,C
7-M,485,2512,0,2,1,2515,A
7-M,486,0,2520,1,1,2522,T
7-M,487,2515,0,3,1,2519,A
7-M,488,0,4,2476,0,2480,G
7-M,489,3,0,2449,0,2452,G
7-M,490,1,3,0,2445,2449,C
7-M,491,2353,0,1,0,2354,A
7-M,492,1,3,2326,0,2330,G
7-M,493,2335,1,4,0,2340,A
7-M,494,0,2352,0,1,2353,T
7-M,495,1,5,2339,0,2345,G
7-M,496,0,2,2338,0,2340,G
7-M,497,1,2303,0,2,2306,T
7-M,498,1,4,2304,0,2309,G
7-M,499,0,1,2326,0,2327,G
7-M,500,1,3,0,2324,2328,C
7-M,501,2315,0,2,0,2317,A
7-M,502,2317,0,3,1,2321,A
7-M,503,0,0,0,2335,2335,C
7-M,504,2331,0,0,0,2331,A
7-M,505,2338,0,0,0,2338,A
7-M,506,1,0,0,2342,2343,C
7-M,507,6,1,0,2311,2318,C
7-M,508,2294,0,1,0,2295,A
7-M,509,2295,0,1,1,2297,A
7-M,510,0,2288,1,3,2292,T
7-M,511,3,0,0,2301,2304,C
7-M,512,9,1,0,2262,2272,C
7-M,513,2243,1,1,0,2245,A
7-M,514,0,2225,1,3,2229,T
7-M,515,0,2235,0,1,2236,T
7-M,516,2242,1,0,0,2243,A
7-M,517,2246,1,1,3,2251,A
7-M,518,0,2263,0,0,2263,T
7-M,519,2240,0,1,0,2241,A
7-M,520,2237,0,1,0,2238,A
7-M,521,2194,0,2,0,2196,A
7-M,522,2211,0,0,0,2211,A
7-M,523,0,1,0,2269,2270,C
7-M,524,2264,0,0,0,2264,A
7-M,525,1,2251,0,2,2254,T
7-M,526,0,7,2247,0,2254,G
7-M,527,2225,1,10,0,2236,A
7-M,528,1,8,2270,0,2279,G
7-M,529,2246,0,7,0,2253,A
7-M,530,2273,0,2,0,2275,A
7-M,531,0,2,0,2281,2283,C
7-M,532,2216,0,5,0,2221,A
7-M,533,1,4,2239,0,2244,G
7-M,534,2229,1,3,0,2233,A
7-M,535,2224,0,3,0,2227,A
7-M,536,1,2224,0,1,2226,T
7-M,537,0,6,2209,0,2215,G
7-M,538,0,0,2223,0,2223,G
7-M,539,0,2202,0,1,2203,T
7-M,540,0,2139,0,3,2142,T
7-M,541,0,2197,0,1,2198,T
7-M,542,1,2196,0,4,2201,T
7-M,543,2,8,2199,0,2209,G
7-M,544,0,0,2209,1,2210,G
7-M,545,0,0,0,2216,2216,C
7-M,546,2146,0,0,0,2146,A
7-M,547,2160,0,2,0,2162,A
7-M,548,0,2,2214,0,2216,G
7-M,549,1,2,0,2244,2247,C
7-M,550,2257,0,1,0,2258,A
7-M,551,0,0,0,2332,2332,C
7-M,552,0,2306,0,3,2309,T
7-M,553,2327,0,1,0,2328,A
7-M,554,0,2,0,2353,2355,C
7-M,555,2379,0,5,0,2384,A
7-M,556,1,0,2418,0,2419,G
7-M,557,1,1,0,2350,2352,C
7-M,558,0,2301,0,2,2303,T
7-M,559,2309,1,1,0,2311,A
7-M,560,2214,0,7,0,2221,A
7-M,561,0,1,2249,0,2250,G
7-M,562,0,0,2278,0,2278,G
7-M,563,1,0,0,2266,2267,C
7-M,564,0,2146,0,5,2151,T
7-M,565,2155,1,0,0,2156,A
7-M,566,1,2143,0,4,2148,T
7-M,567,0,4,2150,0,2154,G
7-M,568,0,10,2157,1,2168,G
7-M,569,2105,0,6,0,2111,A
7-M,570,1,0,2112,0,2113,G
7-M,571,0,1,0,2085,2086,C
7-M,572,2086,0,2,0,2088,A
7-M,573,2080,0,0,1,2081,A
7-M,574,2074,0,0,1,2075,A
7-M,575,1,2094,0,1,2096,T
7-M,576,0,3,2098,0,2101,G
7-M,577,0,0,2092,0,2092,G
7-M,578,0,1,0,2086,2087,C
7-M,579,0,2050,0,11,2061,T
7-M,580,0,7,2069,0,2076,G
7-M,581,3,6,2109,0,2118,G
7-M,582,2123,1,0,0,2124,A
7-M,583,0,2095,0,1,2096,T
7-M,584,6,0,0,2074,2080,C
7-M,585,2077,0,5,1,2083,A
7-M,586,2097,0,0,0,2097,A
7-M,587,2,0,2112,0,2114,G
7-M,588,0,2104,0,4,2108,T
7-M,589,1,19,2092,1,2113,G
7-M,590,2029,0,2,1,2032,A
7-M,591,0,0,2055,0,2055,G
7-M,592,0,2,1,2051,2054,C
7-M,593,2055,0,2,0,2057,A
7-M,594,2,6,2053,0,2061,G
7-M,595,0,1,2029,0,2030,G
7-M,596,1,1,0,2029,2031,C
7-M,597,2024,0,4,0,2028,A
7-M,598,1,1,2061,0,2063,G
7-M,599,2,2,0,2057,2061,C
7-M,600,1,2,2057,0,2060,G
7-M,601,0,3,2055,0,2058,G
7-M,602,2038,0,3,0,2041,A
7-M,603,0,4,2055,0,2059,G
7-M,604,0,0,2079,0,2079,G
7-M,605,0,2,0,2075,2077,C
7-M,606,4,0,0,2079,2083,C
7-M,607,2073,1,1,0,2075,A
7-M,608,0,2061,0,6,2067,T
7-M,609,0,2,2074,0,2076,G
7-M,610,0,3,2080,1,2084,G
7-M,611,2050,1,3,0,2054,A
7-M,612,1,2,2076,0,2079,G
7-M,613,2006,0,2,0,2008,A
7-M,614,0,2063,0,3,2066,T
7-M,615,0,2064,0,3,2067,T
7-M,616,0,1,2070,0,2071,G
7-M,617,0,2,0,2064,2066,C
7-M,618,0,2061,0,2,2063,T
7-M,619,2067,1,0,1,2069,A
7-M,620,1,0,2064,0,2065,G
7-M,621,1,2063,0,1,2065,T
7-M,622,14,0,0,2041,2055,C
7-M,623,1995,1,3,0,1999,A
7-M,624,0,3,2038,0,2041,G
7-M,625,0,0,2028,0,2028,G
7-M,626,2,0,0,2033,2035,C
7-M,627,3,0,0,2032,2035,C
7-M,628,2025,2,1,0,2028,A
7-M,629,2,1,2067,0,2070,G
7-M,630,1,0,2069,0,2070,G
7-M,631,1,1,1,2066,2069,C
7-M,632,2075,0,0,0,2075,A
7-M,633,0,2,2066,0,2068,G
7-M,634,2046,0,2,0,2048,A
7-M,635,0,2045,0,1,2046,T
7-M,636,2,5,2053,0,2060,G
7-M,637,2,0,2111,0,2113,G
7-M,638,0,2071,1,1,2073,T
7-M,639,3,0,2067,0,2070,G
7-M,640,1,0,0,2068,2069,C
7-M,641,2061,1,7,0,2069,A
7-M,642,3,1,2107,0,2111,G
7-M,643,3,0,2089,0,2092,G
7-M,644,1,0,0,2112,2113,C
7-M,645,2107,0,0,0,2107,A
7-M,646,2081,0,1,0,2082,A
7-M,647,0,2067,0,0,2067,T
7-M,648,0,3,2063,0,2066,G
7-M,649,2054,0,2,0,2056,A
7-M,650,1,6,2061,0,2068,G
7-M,651,1992,0,5,0,1997,A
7-M,652,0,1,2007,0,2008,G
7-M,653,2,1,0,2017,2020,C
7-M,654,5,4,0,2039,2048,C
7-M,655,2070,0,6,0,2076,A
7-M,656,1,2065,0,2,2068,T
7-M,657,0,2068,0,3,2071,T
7-M,658,1,15,2056,1,2073,G
7-M,659,2,5,2055,0,2062,G
7-M,660,0,9,2058,0,2067,G
7-M,661,2066,0,3,0,2069,A
7-M,662,0,1,0,2062,2063,C
7-M,663,1,1987,0,3,1991,T
7-M,664,8,1,0,1993,2002,C
7-M,665,2010,0,1,0,2011,A
7-M,666,0,2082,0,2,2084,T
7-M,667,5,1,0,2090,2096,C
7-M,668,3,0,0,2100,2103,C
7-M,669,2,2084,0,1,2087,T
7-M,670,2086,0,0,0,2086,A
7-M,671,0,0,2127,0,2127,G
7-M,672,1,2310,0,2,2313,T
7-M,673,0,2281,0,3,2284,T
7-M,674,5,1,0,2268,2274,C
7-M,675,9,2,0,2198,2209,C
7-M,676,2200,0,7,0,2207,A
7-M,677,2,1,2240,0,2243,G
7-M,678,0,2242,0,0,2242,T
7-M,679,2237,0,1,0,2238,A
7-M,680,0,2,0,2233,2235,C
7-M,681,0,1937,1,3,1941,T
7-M,682,0,2,2042,0,2044,G
7-M,683,1,0,2092,0,2093,G
7-M,684,2,2081,0,2,2085,T
7-M,685,12,3,0,2071,2086,C
7-M,686,0,2048,0,2,2050,T
7-M,687,2053,0,0,0,2053,A
7-M,688,2051,0,3,0,2054,A
7-M,689,0,6,2062,0,2068,G
7-M,690,2041,0,3,0,2044,A
7-M,691,1,3,2012,0,2016,G
7-M,692,1886,0,2,0,1888,A
7-M,693,0,1887,0,3,1890,T
7-M,694,0,10,1880,0,1890,G
7-M,695,1884,0,3,0,1887,A
7-M,696,1,1878,0,1,1880,T
7-M,697,6,0,0,1887,1893,C
7-M,698,0,1857,1,2,1860,T
7-M,699,0,1864,0,1,1865,T
7-M,700,3,0,0,1862,1865,C
7-M,701,0,1867,0,2,1869,T
7-M,702,0,1870,0,2,1872,T
7-M,703,0,3,1872,0,1875,G
7-M,704,1861,0,0,0,1861,A
7-M,705,1849,0,2,0,1851,A
7-M,706,1863,0,0,0,1863,A
7-M,707,1860,0,2,0,1862,A
7-M,708,0,1868,0,0,1868,T
7-M,709,1,1882,0,2,1885,T
7-M,710,1,1877,0,2,1880,T
7-M,711,1,0,1875,0,1876,G
7-M,712,2,0,0,1883,1885,C
7-M,713,1876,0,6,0,1882,A
7-M,714,0,1,1879,0,1880,G
7-M,715,1890,0,2,0,1892,A
7-M,716,0,0,0,1932,1932,C
7-M,717,3,1,0,1913,1917,C
7-M,718,0,1918,1,2,1921,T
7-M,719,1960,0,1,0,1961,A
7-M,720,0,1953,0,3,1956,T
7-M,721,1,1,0,1970,1972,C
7-M,722,1964,0,2,0,1966,A
7-M,723,0,1,1968,0,1969,G
7-M,724,1952,0,0,0,1952,A
7-M,725,1900,0,1,0,1901,A
7-M,726,1907,1,3,0,1911,A
7-M,727,0,1,0,1915,1916,C
7-M,728,1,6,1920,0,1927,G
7-M,729,1901,0,1,0,1902,A
7-M,730,1908,0,4,0,1912,A
7-M,731,1,1909,0,0,1910,T
7-M,732,2,7,1902,0,1911,G
7-M,733,0,10,1920,0,1930,G
7-M,734,0,11,1915,0,1926,G
7-M,735,0,2,1919,0,1921,G
7-M,736,2,0,1945,0,1947,G
7-M,737,0,1912,0,2,1914,T
7-M,738,1,0,1914,0,1915,G
7-M,739,0,0,0,1911,1911,C
7-M,740,1919,0,2,1,1922,A
7-M,741,0,1,1931,0,1932,G
7-M,742,1898,0,1,0,1899,A
7-M,743,0,1884,0,1,1885,T
7-M,744,1,1,1864,0,1866,G
7-M,745,1,0,0,1861,1862,C
7-M,746,1855,0,2,0,1857,A
7-M,747,1860,0,1,0,1861,A
7-M,748,0,0,0,1865,1865,C
7-M,749,2,6,1861,0,1869,G
7-M,750,1872,0,0,0,1872,A
7-M,751,0,1866,0,1,1867,T
7-M,752,0,1861,0,2,1863,T
7-M,753,2,0,0,1884,1886,C
7-M,754,1862,0,2,0,1864,A
7-M,755,1865,0,4,0,1869,A
7-M,756,1,0,1868,0,1869,G
7-M,757,0,1838,0,1,1839,T
7-M,758,0,7,1821,0,1828,G
7-M,759,1822,0,3,0,1825,A
7-M,760,0,1,0,1821,1822,C
7-M,761,3,0,0,1812,1815,C
7-M,762,8,1,0,1802,1811,C
7-M,763,0,0,1819,0,1819,G
7-M,764,1,0,0,1811,1812,C
7-M,765,0,1802,0,5,1807,T
7-M,766,0,1821,1,0,1822,T
7-M,767,0,0,1824,0,1824,G
7-M,768,1,1822,0,4,1827,T
7-M,769,0,1821,0,0,1821,T
7-M,770,0,0,1822,1,1823,G
7-M,771,0,1786,0,1,1787,T
7-M,772,0,1765,0,2,1767,T
7-M,773,3,0,1769,0,1772,G
7-M,774,0,1,0,1757,1758,C
7-M,775,2,2,0,1754,1758,C
7-M,776,0,0,1760,0,1760,G
7-M,777,0,0,0,1748,1748,C
7-M,778,0,5,1767,0,1772,G
7-M,779,1768,0,1,0,1769,A
7-M,780,1773,0,1,0,1774,A
7-M,781,0,1794,0,0,1794,T
7-M,782,1797,1,0,0,1798,A
7-M,783,0,1818,0,1,1819,T
7-M,784,2,1,0,1854,1857,C
7-M,785,1855,0,1,0,1856,A
7-M,786,0,1855,0,1,1856,T
7-M,787,0,1837,0,0,1837,T
7-M,788,1,7,1824,0,1832,G
7-M,789,0,3,1818,0,1821,G
7-M,790,0,4,1820,0,1824,G
7-M,791,1801,1,4,0,1806,A
7-M,792,0,1791,0,2,1793,T
7-M,793,2,0,1,1770,1773,C
7-M,794,0,1769,1,6,1776,T
7-M,795,0,1768,0,4,1772,T
7-M,796,0,1,1794,0,1795,G
7-M,797,1,1,0,1787,1789,C
7-M,798,1797,0,1,0,1798,A
7-M,799,0,3,0,1794,1797,C
7-M,800,1,1759,0,2,1762,T
7-M,801,0,1761,0,3,1764,T
7-M,802,2,3,1769,0,1774,G
7-M,803,1773,0,5,0,1778,A
7-M,804,0,1794,0,1,1795,T
7-M,805,1767,0,0,0,1767,A
7-M,806,0,1758,0,2,1760,T
7-M,807,1,1729,0,0,1730,T
7-M,808,1,1,1747,0,1749,G
7-M,809,0,1728,2,3,1733,T
7-M,810,3,6,1702,0,1711,G
7-M,811,1,4,1711,0,1716,G
7-M,812,1681,0,0,0,1681,A
7-M,813,0,1692,0,2,1694,T
7-M,814,0,1678,1,0,1679,T
7-M,815,4,0,0,1681,1685,C
7-M,816,0,1683,0,3,1686,T
7-M,817,0,1669,0,1,1670,T
7-M,818,0,5,1667,0,1672,G
7-M,819,1649,0,3,0,1652,A
7-M,820,0,1658,0,2,1660,T
7-M,821,5,0,0,1637,1642,C
7-M,822,1,0,1639,0,1640,G
7-M,823,0,1635,0,5,1640,T
7-M,824,3,0,0,1636,1639,C
7-M,825,0,1615,0,8,1623,T
7-M,826,0,1632,0,2,1634,T
7-M,827,0,1635,0,1,1636,T
7-M,828,0,1638,0,1,1639,T
7-M,829,0,1645,1,1,1647,T
7-M,830,0,1649,0,1,1650,T
7-M,831,0,1642,0,1,1643,T
7-M,832,2,2,0,1637,1641,C
7-M,833,1630,0,0,0,1630,A
7-M,834,1626,0,1,1,1628,A
7-M,835,1629,0,0,0,1629,A
7-M,836,0,1638,0,0,1638,T
7-M,837,0,0,1634,0,1634,G
7-M,838,0,1,1,1638,1640,C
7-M,839,0,0,1642,0,1642,G
7-M,840,0,1661,0,8,1669,T
7-M,841,2,0,0,1676,1678,C
7-M,842,0,1677,0,2,1679,T
7-M,843,1672,0,1,0,1673,A
7-M,844,0,1669,0,3,1672,T
7-M,845,3,1,0,1663,1667,C
7-M,846,2,2,1656,0,1660,G
7-M,847,1653,0,2,0,1655,A
7-M,848,0,1,0,1651,1652,C
7-M,849,0,1585,0,2,1587,T
7-M,850,3,0,0,1647,1650,C
7-M,851,0,1636,0,3,1639,T
7-M,852,0,1637,0,1,1638,T
7-M,853,3,0,0,1635,1638,C
7-M,854,1638,0,2,0,1640,A
7-M,855,1638,0,0,0,1638,A
7-M,856,1636,0,4,0,1640,A
7-M,857,0,0,0,1626,1626,C
7-M,858,1613,0,3,0,1616,A
7-M,859,0,0,0,1549,1549,C
7-M,860,0,1,1505,0,1506,G
7-M,861,0,0,1593,0,1593,G
7-M,862,0,0,0,1593,1593,C
7-M,863,8,0,1,1599,1608,C
7-M,864,0,1598,0,3,1601,T
7-M,865,0,1607,0,2,1609,T
7-M,866,1613,0,0,0,1613,A
7-M,867,1620,0,3,0,1623,A
7-M,868,1619,0,0,0,1619,A
7-M,869,1613,0,1,1,1615,A
7-M,870,1,0,1590,0,1591,G
7-M,871,1360,1,1,0,1362,A
7-M,872,0,1,1361,0,1362,G
7-M,873,2,3,1349,0,1354,G
7-M,874,1,0,0,1346,1347,C
7-M,875,8,1,0,1330,1339,C
7-M,876,5,0,0,1333,1338,C
7-M,877,0,1345,0,1,1346,T
7-M,878,0,1351,0,0,1351,T
7-M,879,2,0,0,1357,1359,C
7-M,880,0,1365,0,2,1367,T
7-M,881,1367,0,1,0,1368,A
7-M,882,0,0,0,1359,1359,C
7-M,883,1,1,1339,0,1341,G
7-M,884,0,1,1342,0,1343,G
7-M,885,1292,0,2,0,1294,A
7-M,886,1297,0,0,0,1297,A
7-M,887,1,1,1288,0,1290,G
7-M,888,1,3,1267,0,1271,G
7-M,889,1256,0,4,1,1261,A
7-M,890,1,0,1270,0,1271,G
7-M,891,0,1266,0,1,1267,T
7-M,892,1276,0,1,0,1277,A
7-M,893,0,1,0,1262,1263,C
7-M,894,1,3,0,1252,1256,C
7-M,895,0,1242,0,1,1243,T
7-M,896,1,4,1238,0,1243,G
7-M,897,1184,0,4,0,1188,A
7-M,898,0,0,1220,0,1220,G
7-M,899,0,1161,0,0,1161,T
7-M,900,7,0,0,1165,1172,C
7-M,901,0,1149,0,0,1149,T
7-M,902,1137,0,1,0,1138,A
7-M,903,1,1130,1,5,1137,T
7-M,904,0,2,1134,0,1136,G
7-M,905,1102,2,2,0,1106,A
7-M,906,1,5,1101,0,1107,G
7-M,907,0,2,1001,0,1003,G
7-M,908,0,0,1000,0,1000,G
7-M,909,990,0,1,0,991,A
7-M,910,984,0,3,0,987,A
7-M,911,0,1,990,0,991,G
7-M,912,983,0,0,0,983,A
7-M,913,983,0,1,0,984,A
7-M,914,0,982,0,0,982,T
7-M,915,972,0,0,0,972,A
7-M,916,0,968,0,2,970,T
7-M,917,5,9,0,938,952,C
7-M,918,0,1,946,0,947,G
7-M,919,948,0,0,0,948,A
7-M,920,942,0,1,0,943,A
7-M,921,941,0,2,0,943,A
7-M,922,0,1,928,0,929,G
7-M,923,0,4,930,0,934,G
7-M,924,926,0,0,0,926,A
7-M,925,924,0,0,0,924,A
7-M,926,2,3,0,923,928,C
7-M,927,908,0,1,0,909,A
7-M,928,0,0,910,0,910,G
7-M,929,0,0,0,911,911,C
7-M,930,911,0,1,0,912,A
7-M,931,0,2,908,0,910,G
7-M,932,838,0,1,0,839,A
7-M,933,842,0,1,0,843,A
7-M,934,0,844,0,1,845,T
7-M,935,1,1,827,0,829,G
7-M,936,0,1,0,825,826,C
7-M,937,0,762,0,1,763,T
7-M,938,1,0,763,0,764,G
7-M,939,0,761,0,2,763,T
7-M,940,0,2,755,0,757,G
7-M,941,0,1,752,0,753,G
7-M,942,725,0,1,0,726,A
7-M,943,0,722,0,0,722,T
7-M,944,0,0,706,0,706,G
7-M,945,0,1,0,694,695,C
7-M,946,0,659,0,0,659,T
7-M,947,0,0,650,0,650,G
7-M,948,646,0,0,0,646,A
7-M,949,0,0,0,639,639,C
7-M,950,0,4,635,0,639,G
7-M,951,630,0,1,0,631,A
7-M,952,1,0,0,628,629,C
7-M,953,603,0,2,0,605,A
7-M,954,0,0,607,0,607,G
7-M,955,0,605,0,0,605,T
7-M,956,7,0,0,593,600,C
7-M,957,601,0,0,0,601,A
7-M,958,0,594,0,3,597,T
7-M,959,0,593,0,0,593,T
7-M,960,0,590,0,1,591,T
7-M,961,0,578,0,2,580,T
7-M,962,0,0,579,0,579,G
7-M,963,0,539,0,0,539,T
7-M,964,6,0,0,531,537,C
7-M,965,508,0,1,0,509,A
7-M,966,0,0,508,0,508,G
7-M,967,0,0,0,508,508,C
7-M,968,506,0,0,0,506,A
7-M,969,0,504,0,1,505,T
7-M,970,477,0,2,0,479,A
7-M,971,0,0,479,0,479,G
7-M,972,472,0,1,0,473,A
7-M,973,0,0,472,0,472,G
7-M,974,0,469,0,0,469,T
7-M,975,0,332,0,0,332,T
7-M,976,1,0,328,0,329,G
7-M,977,0,0,328,0,328,G
7-M,978,321,0,0,0,321,A
7-M,979,0,0,321,0,321,G
7-M,980,0,207,0,0,207,T
7-M,981,196,0,0,0,196,A
7-M,982,196,0,0,0,196,A
8-NS,1,349,0,0,0,349,A
8-NS,2,0,351,0,0,351,T
8-NS,3,0,0,370,0,370,G
8-NS,4,0,1,388,0,389,G
8-NS,5,424,0,0,0,424,A
8-NS,6,0,820,0,0,820,T
8-NS,7,0,821,0,3,824,T
8-NS,8,2,0,0,853,855,C
8-NS,9,1,1,0,849,851,C
8-NS,10,853,1,1,0,855,A
8-NS,11,861,0,4,0,865,A
8-NS,12,0,0,0,865,865,C
8-NS,13,870,0,0,0,870,A
8-NS,14,0,0,0,882,882,C
8-NS,15,0,877,0,2,879,T
8-NS,16,1,1,940,0,942,G
8-NS,17,1,942,0,1,944,T
8-NS,18,1,0,945,0,946,G
8-NS,19,1,951,0,3,955,T
8-NS,20,3,0,0,949,952,C
8-NS,21,955,0,1,1,957,A
8-NS,22,956,0,0,1,957,A
8-NS,23,1,0,964,0,965,G
8-NS,24,0,979,0,2,981,T
8-NS,25,0,979,0,1,980,T
8-NS,26,0,986,0,1,987,T
8-NS,27,2,0,0,992,994,C
8-NS,28,0,0,0,987,987,C
8-NS,29,988,0,0,0,988,A
8-NS,30,0,1,995,0,996,G
8-NS,31,0,1,1004,0,1005,G
8-NS,32,0,1011,0,0,1011,T
8-NS,33,1007,0,2,0,1009,A
8-NS,34,0,5,1016,0,1021,G
8-NS,35,1021,0,2,0,1023,A
8-NS,36,0,1030,0,1,1031,T
8-NS,37,1,1025,0,1,1027,T
8-NS,38,0,0,1040,0,1040,G
8-NS,39,0,1,0,1039,1040,C
8-NS,40,0,1043,0,1,1044,T
8-NS,41,0,1050,0,2,1052,T
8-NS,42,0,1061,0,1,1062,T
8-NS,43,3,0,0,1073,1076,C
8-NS,44,0,1073,0,2,1075,T
8-NS,45,0,1076,0,1,1077,T
8-NS,46,0,1080,0,0,1080,T
8-NS,47,1,1,1083,0,1085,G
8-NS,48,1,1,1078,0,1080,G
8-NS,49,0,0,0,1082,1082,C
8-NS,50,1086,0,1,0,1087,A
8-NS,51,0,1085,0,0,1085,T
8-NS,52,1091,0,1,0,1092,A
8-NS,53,0,1113,0,1,1114,T
8-NS,54,0,1,0,1123,1124,C
8-NS,55,1,0,0,1124,1125,C
8-NS,56,1,2,1122,0,1125,G
8-NS,57,1,4,1127,0,1132,G
8-NS,58,1126,0,0,0,1126,A
8-NS,59,1136,0,1,0,1137,A
8-NS,60,1142,0,0,0,1142,A
8-NS,61,0,0,0,1153,1153,C
8-NS,62,1155,0,0,0,1155,A
8-NS,63,1151,0,3,0,1154,A
8-NS,64,1,0,1208,0,1209,G
8-NS,65,0,1212,0,2,1214,T
8-NS,66,0,1204,0,1,1205,T
8-NS,67,1,1,1204,0,1206,G
8-NS,68,0,1208,0,1,1209,T
8-NS,69,1203,0,2,0,1205,A
8-NS,70,1,7,1207,0,1215,G
8-NS,71,1282,0,3,0,1285,A
8-NS,72,0,0,0,1303,1303,C
8-NS,73,1,2,0,1282,1285,C
8-NS,74,1283,0,1,0,1284,A
8-NS,75,1285,0,5,0,1290,A
8-NS,76,0,2,1343,0,1345,G
8-NS,77,1337,1,4,0,1342,A
8-NS,78,1352,0,0,0,1352,A
8-NS,79,0,1,0,1360,1361,C
8-NS,80,0,1319,1,0,1320,T
8-NS,81,1,8,1336,0,1345,G
8-NS,82,1328,0,1,1,1330,A
8-NS,83,1,0,1356,0,1357,G
8-NS,84,0,1354,0,3,1357,T
8-NS,85,0,7,1325,0,1332,G
8-NS,86,1334,0,1,0,1335,A
8-NS,87,0,1325,0,1,1326,T
8-NS,88,1,1,1346,0,1348,G
8-NS,89,0,1,0,1363,1364,C
8-NS,90,1,1,0,1364,1366,C
8-NS,91,8,1,0,1367,1376,C
8-NS,92,3,1,0,1359,1363,C
8-NS,93,1374,0,1,0,1375,A
8-NS,94,0,1393,0,2,1395,T
8-NS,95,0,1407,0,1,1408,T
8-NS,96,5,0,0,1408,1413,C
8-NS,97,2,0,0,1411,1413,C
8-NS,98,0,1401,0,5,1406,T
8-NS,99,0,1399,0,2,1401,T
8-NS,100,2,7,1391,0,1400,G
8-NS,101,1388,0,2,0,1390,A
8-NS,102,0,1393,0,2,1395,T
8-NS,103,8,0,0,1389,1397,C
8-NS,104,1,1,1385,0,1387,G
8-NS,105,0,0,1396,0,1396,G
8-NS,106,0,0,0,1400,1400,C
8-NS,107,0,1396,0,2,1398,T
8-NS,108,0,1398,0,0,1398,T
8-NS,109,1,3,0,1397,1401,C
8-NS,110,2,1,1404,0,1407,G
8-NS,111,1,0,0,1412,1413,C
8-NS,112,3,1,0,1408,1412,C
8-NS,113,0,0,1413,1,1414,G
8-NS,114,1400,0,1,0,1401,A
8-NS,115,0,3,1469,0,1472,G
8-NS,116,1462,1,2,0,1465,A
8-NS,117,0,1481,0,1,1482,T
8-NS,118,2,1,0,1479,1482,C
8-NS,119,1475,1,0,0,1476,A
8-NS,120,0,0,1482,0,1482,G
8-NS,121,1466,0,9,1,1476,A
8-NS,122,2,3,1489,0,1494,G
8-NS,123,0,0,1514,0,1514,G
8-NS,124,0,1496,0,3,1499,T
8-NS,125,6,0,0,1577,1583,C
8-NS,126,6,0,0,1579,1585,C
8-NS,127,3,0,0,1594,1597,C
8-NS,128,1,1593,0,1,1595,T
8-NS,129,1596,0,0,0,1596,A
8-NS,130,1585,1,6,0,1592,A
8-NS,131,2,2,1617,0,1621,G
8-NS,132,0,4,1613,0,1617,G
8-NS,133,0,5,1608,0,1613,G
8-NS,134,0,3,1574,0,1577,G
8-NS,135,1556,0,0,0,1556,A
8-NS,136,1555,0,4,1,1560,A
8-NS,137,1,1,1568,0,1570,G
8-NS,138,1601,0,0,0,1601,A
8-NS,139,0,4,1635,0,1639,G
8-NS,140,1,3,1637,0,1641,G
8-NS,141,0,1,0,1624,1625,C
8-NS,142,1620,1,2,0,1623,A
8-NS,143,1632,0,2,0,1634,A
8-NS,144,0,1638,0,1,1639,T
8-NS,145,1644,0,0,0,1644,A
8-NS,146,0,0,0,1663,1663,C
8-NS,147,0,1621,0,3,1624,T
8-NS,148,3,1,0,1619,1623,C
8-NS,149,0,1608,0,1,1609,T
8-NS,150,3,2,0,1626,1631,C
8-NS,151,0,5,1658,0,1663,G
8-NS,152,0,1,1735,0,1736,G
8-NS,153,0,1734,0,2,1736,T
8-NS,154,8,1,0,1737,1746,C
8-NS,155,0,1736,0,3,1739,T
8-NS,156,1748,0,0,0,1748,A
8-NS,157,1,2,1747,0,1750,G
8-NS,158,1754,0,1,0,1755,A
8-NS,159,0,0,0,1809,1809,C
8-NS,160,1772,0,0,0,1772,A
8-NS,161,0,1757,0,0,1757,T
8-NS,162,5,1,1,1747,1754,C
8-NS,163,1754,0,2,0,1756,A
8-NS,164,1754,0,1,0,1755,A
8-NS,165,1742,0,7,0,1749,A
8-NS,166,0,3,1753,0,1756,G
8-NS,167,0,2,0,1751,1753,C
8-NS,168,1724,0,1,0,1725,A
8-NS,169,0,1,1741,0,1742,G
8-NS,170,1,0,0,1731,1732,C
8-NS,171,2,1,0,1730,1733,C
8-NS,172,1747,1,1,0,1749,A
8-NS,173,2,1,0,1761,1764,C
8-NS,174,0,0,0,1771,1771,C
8-NS,175,6,3,0,1769,1778,C
8-NS,176,1795,0,2,1,1798,A
8-NS,177,0,1799,0,3,1802,T
8-NS,178,1,0,1807,0,1808,G
8-NS,179,0,1796,0,1,1797,T
8-NS,180,0,1791,0,3,1794,T
8-NS,181,0,1,1797,0,1798,G
8-NS,182,2,5,1764,0,1771,G
8-NS,183,1758,1,3,0,1762,A
8-NS,184,1760,0,2,0,1762,A
8-NS,185,1750,0,4,1,1755,A
8-NS,186,4,1,1755,0,1760,G
8-NS,187,0,0,0,1756,1756,C
8-NS,188,1753,0,0,0,1753,A
8-NS,189,1753,0,3,0,1756,A
8-NS,190,1736,0,2,0,1738,A
8-NS,191,0,1757,0,1,1758,T
8-NS,192,1,1752,0,2,1755,T
8-NS,193,0,0,1804,0,1804,G
8-NS,194,0,1801,0,0,1801,T
8-NS,195,1787,0,3,0,1790,A
8-NS,196,2,7,1779,0,1788,G
8-NS,197,1782,0,2,1,1785,A
8-NS,198,1788,0,2,0,1790,A
8-NS,199,1787,0,0,0,1787,A
8-NS,200,1770,0,4,1,1775,A
8-NS,201,0,5,1773,0,1778,G
8-NS,202,1750,0,1,0,1751,A
8-NS,203,1,1739,0,1,1741,T
8-NS,204,0,1745,0,1,1746,T
8-NS,205,1,0,0,1757,1758,C
8-NS,206,0,1750,1,3,1754,T
8-NS,207,0,1,1753,1,1755,G
8-NS,208,1745,1,1,0,1747,A
8-NS,209,1751,0,1,0,1752,A
8-NS,210,1749,0,1,0,1750,A
8-NS,211,1,5,1758,0,1764,G
8-NS,212,1759,0,0,0,1759,A
8-NS,213,1757,0,2,0,1759,A
8-NS,214,0,2,1777,0,1779,G
8-NS,215,1785,0,1,0,1786,A
8-NS,216,1791,0,2,1,1794,A
8-NS,217,0,1792,1,2,1795,T
8-NS,218,4,0,0,1816,1820,C
8-NS,219,1,1805,1,5,1812,T
8-NS,220,1,5,1814,0,1820,G
8-NS,221,1819,1,1,0,1821,A
8-NS,222,1,1823,0,1,1825,T
8-NS,223,1,2,1799,0,1802,G
8-NS,224,1771,0,2,0,1773,A
8-NS,225,0,9,1771,0,1780,G
8-NS,226,2,1,1769,0,1772,G
8-NS,227,0,0,0,1781,1781,C
8-NS,228,1783,2,3,0,1788,A
8-NS,229,1,0,0,1835,1836,C
8-NS,230,0,1829,0,1,1830,T
8-NS,231,0,1846,0,1,1847,T
8-NS,232,1857,0,0,1,1858,A
8-NS,233,1854,0,2,0,1856,A
8-NS,234,1846,0,1,1,1848,A
8-NS,235,1844,1,3,2,1850,A
8-NS,236,0,1849,0,3,1852,T
8-NS,237,1,11,1840,0,1852,G
8-NS,238,1843,0,2,0,1845,A
8-NS,239,0,0,0,1851,1851,C
8-NS,240,2,2,0,1841,1845,C
8-NS,241,1845,0,1,0,1846,A
8-NS,242,0,1834,0,1,1835,T
8-NS,243,1,6,1869,0,1876,G
8-NS,244,5,0,1896,0,1901,G
8-NS,245,0,1905,1,4,1910,T
8-NS,246,14,0,0,1993,2007,C
8-NS,247,0,1980,0,3,1983,T
8-NS,248,8,1,0,1997,2006,C
8-NS,249,3,2,0,2003,2008,C
8-NS,250,2015,0,1,0,2016,A
8-NS,251,1,0,0,2038,2039,C
8-NS,252,1993,0,3,0,1996,A
8-NS,253,1,0,0,2015,2016,C
8-NS,254,1,0,0,1991,1992,C
8-NS,255,1,1888,1,1,1891,T
8-NS,256,2,0,1898,0,1900,G
8-NS,257,0,0,0,1898,1898,C
8-NS,258,0,1875,0,1,1876,T
8-NS,259,1,1887,0,0,1888,T
8-NS,260,3,8,0,1852,1863,C
8-NS,261,1,1,1867,0,1869,G
8-NS,262,0,1,0,1875,1876,C
8-NS,263,2,6,1865,0,1873,G
8-NS,264,1946,1,2,0,1949,A
8-NS,265,0,1949,0,2,1951,T
8-NS,266,2004,0,1,0,2005,A
8-NS,267,0,0,0,2009,2009,C
8-NS,268,2003,1,4,0,2008,A
8-NS,269,1,2060,0,1,2062,T
8-NS,270,2040,0,0,0,2040,A
8-NS,271,2044,0,6,1,2051,A
8-NS,272,1,1,0,2050,2052,C
8-NS,273,0,1969,0,3,1972,T
8-NS,274,0,9,1981,0,1990,G
8-NS,275,1960,0,3,0,1963,A
8-NS,276,1,2,0,1973,1976,C
8-NS,277,1967,1,1,0,1969,A
8-NS,278,0,1947,0,2,1949,T
8-NS,279,1,7,1947,0,1955,G
8-NS,280,1942,0,4,0,1946,A
8-NS,281,0,0,0,2003,2003,C
8-NS,282,0,1995,0,4,1999,T
8-NS,283,2012,1,1,0,2014,A
8-NS,284,0,2002,0,3,2005,T
8-NS,285,0,1998,0,1,1999,T
8-NS,286,1,3,1991,1,1996,G
8-NS,287,1972,1,5,0,1978,A
8-NS,288,2,3,1967,0,1972,G
8-NS,289,2,5,1957,0,1964,G
8-NS,290,1930,0,0,1,1931,A
8-NS,291,1939,0,1,0,1940,A
8-NS,292,0,1891,0,1,1892,T
8-NS,293,0,1892,0,2,1894,T
8-NS,294,0,1,1930,1,1932,G
8-NS,295,1,1931,0,2,1934,T
8-NS,296,9,2,0,1919,1930,C
8-NS,297,1931,0,4,0,1935,A
8-NS,298,1937,0,4,0,1941,A
8-NS,299,1,5,1937,0,1943,G
8-NS,300,1960,0,2,0,1962,A
8-NS,301,1958,0,1,0,1959,A
8-NS,302,1957,1,3,0,1961,A
8-NS,303,0,0,0,1963,1963,C
8-NS,304,0,1910,0,4,1914,T
8-NS,305,0,7,1948,0,1955,G
8-NS,306,1,1,1965,0,1967,G
8-NS,307,2,1968,1,2,1973,T
8-NS,308,1,1973,0,1,1975,T
8-NS,309,8,0,0,1952,1960,C
8-NS,310,1963,0,1,0,1964,A
8-NS,311,0,1989,0,5,1994,T
8-NS,312,1,3,2012,0,2016,G
8-NS,313,2,1,0,2017,2020,C
8-NS,314,0,1997,0,1,1998,T
8-NS,315,1971,0,2,0,1973,A
8-NS,316,1996,0,1,1,1998,A
8-NS,317,0,2009,0,1,2010,T
8-NS,318,2,0,2010,0,2012,G
8-NS,319,0,3,0,2002,2005,C
8-NS,320,6,1,0,1969,1976,C
8-NS,321,6,0,0,1971,1977,C
8-NS,322,1977,0,1,0,1978,A
8-NS,323,2003,0,2,0,2005,A
8-NS,324,0,0,2005,0,2005,G
8-NS,325,0,0,0,2012,2012,C
8-NS,326,1998,0,3,0,2001,A
8-NS,327,0,5,2010,0,2015,G
8-NS,328,1990,1,6,1,1998,A
8-NS,329,2000,0,5,1,2006,A
8-NS,330,2000,0,3,0,2003,A
8-NS,331,0,0,2050,0,2050,G
8-NS,332,1,2031,0,5,2037,T
8-NS,333,0,5,2021,0,2026,G
8-NS,334,1,1,2027,0,2029,G
8-NS,335,2027,1,4,0,2032,A
8-NS,336,2018,0,4,0,2022,A
8-NS,337,0,6,2007,0,2013,G
8-NS,338,2,6,2004,0,2012,G
8-NS,339,2013,0,2,0,2015,A
8-NS,340,1,0,0,2012,2013,C
8-NS,341,5,1,0,1991,1997,C
8-NS,342,0,1997,0,0,1997,T
8-NS,343,3,0,0,2016,2019,C
8-NS,344,0,2020,0,0,2020,T
8-NS,345,1,2035,0,1,2037,T
8-NS,346,0,2027,0,3,2030,T
8-NS,347,3,1,2030,0,2034,G
8-NS,348,1,1,1,2067,2070,C
8-NS,349,2052,0,1,0,2053,A
8-NS,350,2,2038,1,1,2042,T
8-NS,351,1,3,0,2044,2048,C
8-NS,352,2059,2,2,0,2063,A
8-NS,353,1,3,2140,0,2144,G
8-NS,354,2138,0,1,2,2141,A
8-NS,355,2139,0,3,0,2142,A
8-NS,356,0,2137,0,2,2139,T
8-NS,357,2,7,2107,0,2116,G
8-NS,358,3,9,2113,0,2125,G
8-NS,359,2123,2,5,0,2130,A
8-NS,360,0,0,0,2130,2130,C
8-NS,361,3,1,0,2068,2072,C
8-NS,362,2017,0,4,0,2021,A
8-NS,363,0,4,2037,0,2041,G
8-NS,364,1,1,2030,0,2032,G
8-NS,365,1,2,1,2041,2045,C
8-NS,366,2024,0,2,0,2026,A
8-NS,367,2034,0,1,0,2035,A
8-NS,368,0,2017,0,4,2021,T
8-NS,369,5,1,0,2029,2035,C
8-NS,370,2034,0,0,0,2034,A
8-NS,371,0,2020,0,0,2020,T
8-NS,372,0,3,1997,0,2000,G
8-NS,373,0,1,2009,0,2010,G
8-NS,374,1990,0,8,0,1998,A
8-NS,375,1,1,2031,0,2033,G
8-NS,376,1998,2,2,0,2002,A
8-NS,377,2000,1,1,0,2002,A
8-NS,378,1992,0,3,0,1995,A
8-NS,379,1995,0,2,1,1998,A
8-NS,380,2007,0,3,0,2010,A
8-NS,381,0,2,0,2022,2024,C
8-NS,382,1999,0,1,0,2000,A
8-NS,383,0,1990,0,2,1992,T
8-NS,384,6,0,0,1966,1972,C
8-NS,385,1971,1,1,0,1973,A
8-NS,386,1,1980,0,3,1984,T
8-NS,387,1,0,1984,0,1985,G
8-NS,388,0,1978,0,7,1985,T
8-NS,389,0,1973,0,2,1975,T
8-NS,390,0,5,1963,0,1968,G
8-NS,391,1961,0,2,0,1963,A
8-NS,392,1960,0,2,0,1962,A
8-NS,393,1951,0,4,0,1955,A
8-NS,394,0,1,1962,0,1963,G
8-NS,395,1,1,0,1941,1943,C
8-NS,396,2,4,1937,0,1943,G
8-NS,397,1939,0,1,0,1940,A
8-NS,398,1940,0,2,0,1942,A
8-NS,399,0,1941,0,3,1944,T
8-NS,400,0,1946,0,2,1948,T
8-NS,401,1,1949,0,1,1951,T
8-NS,402,4,0,0,1953,1957,C
8-NS,403,1931,1,2,0,1934,A
8-NS,404,0,3,1939,0,1942,G
8-NS,405,0,1935,0,1,1936,T
8-NS,406,0,0,1938,0,1938,G
8-NS,407,0,1924,0,2,1926,T
8-NS,408,1,6,1923,0,1930,G
8-NS,409,1944,0,0,0,1944,A
8-NS,410,1,1928,0,2,1931,T
8-NS,411,0,1938,0,3,1941,T
8-NS,412,0,1944,0,2,1946,T
8-NS,413,0,1939,0,0,1939,T
8-NS,414,0,1939,0,2,1941,T
8-NS,415,1,14,1923,0,1938,G
8-NS,416,1931,0,6,0,1937,A
8-NS,417,0,0,0,1941,1941,C
8-NS,418,4,1,0,1906,1911,C
8-NS,419,1,8,1911,0,1920,G
8-NS,420,2039,0,2,1,2042,A
8-NS,421,0,1,0,2082,2083,C
8-NS,422,0,2090,0,2,2092,T
8-NS,423,2103,0,0,0,2103,A
8-NS,424,0,4,2101,0,2105,G
8-NS,425,2095,0,6,1,2102,A
8-NS,426,27,10,2095,0,2132,G
8-NS,427,2129,0,1,0,2130,A
8-NS,428,0,1,0,2193,2194,C
8-NS,429,9,0,0,2072,2081,C
8-NS,430,2024,2,3,0,2029,A
8-NS,431,0,2169,0,1,2170,T
8-NS,432,2153,0,3,0,2156,A
8-NS,433,3,1,2316,0,2320,G
8-NS,434,1,2305,0,1,2307,T
8-NS,435,2292,0,0,0,2292,A
8-NS,436,1,2286,0,8,2295,T
8-NS,437,0,2206,0,1,2207,T
8-NS,438,2282,1,0,0,2283,A
8-NS,439,2,1,0,2285,2288,C
8-NS,440,0,2164,0,5,2169,T
8-NS,441,2169,0,1,0,2170,A
8-NS,442,1960,0,3,2,1965,A
8-NS,443,2,4,1978,0,1984,G
8-NS,444,0,4,1968,0,1972,G
8-NS,445,1,1,1980,0,1982,G
8-NS,446,0,1,0,1956,1957,C
8-NS,447,0,1913,2,4,1919,T
8-NS,448,0,1912,0,3,1915,T
8-NS,449,0,1951,0,2,1953,T
8-NS,450,5,1,0,1957,1963,C
8-NS,451,1977,0,1,0,1978,A
8-NS,452,0,1,0,1984,1985,C
8-NS,453,1,5,0,1949,1955,C
8-NS,454,0,2,1964,0,1966,G
8-NS,455,1949,1,0,0,1950,A
8-NS,456,1954,4,8,0,1966,A
8-NS,457,1,6,1959,0,1966,G
8-NS,458,1936,3,1,0,1940,A
8-NS,459,1,5,1946,0,1952,G
8-NS,460,1,4,1921,0,1926,G
8-NS,461,0,7,1932,0,1939,G
8-NS,462,1922,0,1,0,1923,A
8-NS,463,0,2,1932,0,1934,G
8-NS,464,2,1,0,1929,1932,C
8-NS,465,1936,0,0,0,1936,A
8-NS,466,1933,0,4,0,1937,A
8-NS,467,0,1939,0,1,1940,T
8-NS,468,1,1929,0,0,1930,T
8-NS,469,0,1,1937,0,1938,G
8-NS,470,0,1906,0,3,1909,T
8-NS,471,0,1900,1,1,1902,T
8-NS,472,1,3,1893,0,1897,G
8-NS,473,0,0,1896,0,1896,G
8-NS,474,2,1,0,1891,1894,C
8-NS,475,0,6,1900,0,1906,G
8-NS,476,1907,0,2,0,1909,A
8-NS,477,1913,0,0,0,1913,A
8-NS,478,1916,0,2,0,1918,A
8-NS,479,0,1921,1,1,1923,T
8-NS,480,2,1,0,1930,1933,C
8-NS,481,0,1913,0,2,1915,T
8-NS,482,5,2,0,1919,1926,C
8-NS,483,1931,0,1,0,1932,A
8-NS,484,0,0,0,1940,1940,C
8-NS,485,11,2,0,1930,1943,C
8-NS,486,1925,0,1,0,1926,A
8-NS,487,1,1928,0,2,1931,T
8-NS,488,0,1907,0,3,1910,T
8-NS,489,2,0,1908,0,1910,G
8-NS,490,0,1,0,1910,1911,C
8-NS,491,3,0,0,1907,1910,C
8-NS,492,1,1904,1,3,1909,T
8-NS,493,0,1902,0,2,1904,T
8-NS,494,1,0,0,1922,1923,C
8-NS,495,0,1914,0,2,1916,T
8-NS,496,0,1909,0,2,1911,T
8-NS,497,1,1962,0,3,1966,T
8-NS,498,0,1951,1,3,1955,T
8-NS,499,5,1,0,1951,1957,C
8-NS,500,3,1,0,1955,1959,C
8-NS,501,1961,1,1,0,1963,A
8-NS,502,0,3,1978,0,1981,G
8-NS,503,0,4,1967,0,1971,G
8-NS,504,2009,0,2,0,2011,A
8-NS,505,0,2,0,2013,2015,C
8-NS,506,2027,0,1,0,2028,A
8-NS,507,1,2031,0,1,2033,T
8-NS,508,2032,0,2,1,2035,A
8-NS,509,1,0,0,2193,2194,C
8-NS,510,1,2171,0,1,2173,T
8-NS,511,2158,1,1,1,2161,A
8-NS,512,1,2152,1,3,2157,T
8-NS,513,0,2071,1,3,2075,T
8-NS,514,0,6,2060,0,2066,G
8-NS,515,1986,0,4,0,1990,A
8-NS,516,0,5,1989,0,1994,G
8-NS,517,0,3,1973,0,1976,G
8-NS,518,1786,1,2,1,1790,A
8-NS,519,0,1803,0,1,1804,T
8-NS,520,0,0,1792,0,1792,G
8-NS,521,0,1779,0,1,1780,T
8-NS,522,11,1,0,1774,1786,C
8-NS,523,1790,0,2,0,1792,A
8-NS,524,1792,0,0,0,1792,A
8-NS,525,1786,0,0,0,1786,A
8-NS,526,1779,1,1,0,1781,A
8-NS,527,1789,0,1,0,1790,A
8-NS,528,0,1781,0,1,1782,T
8-NS,529,0,3,1785,0,1788,G
8-NS,530,0,0,0,1795,1795,C
8-NS,531,1787,0,1,0,1788,A
8-NS,532,1801,1,1,0,1803,A
8-NS,533,0,1799,0,2,1801,T
8-NS,534,0,1809,0,1,1810,T
8-NS,535,0,9,1796,0,1805,G
8-NS,536,0,7,1777,0,1784,G
8-NS,537,0,5,1792,0,1797,G
8-NS,538,0,0,1812,0,1812,G
8-NS,539,0,1766,0,2,1768,T
8-NS,540,6,2,0,1781,1789,C
8-NS,541,5,0,0,1792,1797,C
8-NS,542,0,1790,0,4,1794,T
8-NS,543,4,0,0,1906,1910,C
8-NS,544,1908,2,1,0,1911,A
8-NS,545,0,1919,0,0,1919,T
8-NS,546,2,1,1,1915,1919,C
8-NS,547,250,3,1645,0,1898,G
8-NS,548,18,3,1879,0,1900,G
8-NS,549,1862,0,5,0,1867,A
8-NS,550,0,5,1868,0,1873,G
8-NS,551,0,5,1872,0,1877,G
8-NS,552,1690,0,3,0,1693,A
8-NS,553,0,1,0,1706,1707,C
8-NS,554,0,1692,0,0,1692,T
8-NS,555,0,1701,0,1,1702,T
8-NS,556,1,4,1714,0,1719,G
8-NS,557,1706,0,1,0,1707,A
8-NS,558,1701,0,3,0,1704,A
8-NS,559,0,1697,1,0,1698,T
8-NS,560,3,0,1673,0,1676,G
8-NS,561,0,2,1694,0,1696,G
8-NS,562,1673,1,2,0,1676,A
8-NS,563,1698,0,1,0,1699,A
8-NS,564,0,1747,0,1,1748,T
8-NS,565,1,4,1760,0,1765,G
8-NS,566,1770,0,10,0,1780,A
8-NS,567,0,1785,0,3,1788,T
8-NS,568,1780,0,3,0,1783,A
8-NS,569,1793,0,4,0,1797,A
8-NS,570,0,0,0,1773,1773,C
8-NS,571,1747,0,1,0,1748,A
8-NS,572,0,1,0,1771,1772,C
8-NS,573,1643,0,1,1,1645,A
8-NS,574,0,0,1660,0,1660,G
8-NS,575,0,1641,0,8,1649,T
8-NS,576,0,1650,1,0,1651,T
8-NS,577,6,1,0,1635,1642,C
8-NS,578,6,10,1616,0,1632,G
8-NS,579,1628,0,0,0,1628,A
8-NS,580,0,0,1630,0,1630,G
8-NS,581,0,1603,0,6,1609,T
8-NS,582,9,0,0,1608,1617,C
8-NS,583,0,1579,0,1,1580,T
8-NS,584,2,0,0,1607,1609,C
8-NS,585,0,1609,0,1,1610,T
8-NS,586,1607,0,1,0,1608,A
8-NS,587,1612,0,1,0,1613,A
8-NS,588,1608,0,2,0,1610,A
8-NS,589,1609,0,0,0,1609,A
8-NS,590,1613,0,2,0,1615,A
8-NS,591,0,1594,0,0,1594,T
8-NS,592,1,0,0,1595,1596,C
8-NS,593,0,1580,0,1,1581,T
8-NS,594,1591,1,0,0,1592,A
8-NS,595,0,1,0,1590,1591,C
8-NS,596,1585,0,2,0,1587,A
8-NS,597,0,2,1589,0,1591,G
8-NS,598,1554,0,3,0,1557,A
8-NS,599,0,2,1566,0,1568,G
8-NS,600,1555,0,2,0,1557,A
8-NS,601,1,1531,0,2,1534,T
8-NS,602,0,1532,0,1,1533,T
8-NS,603,4,2,0,1536,1542,C
8-NS,604,0,1,1544,0,1545,G
8-NS,605,0,2,0,1543,1545,C
8-NS,606,0,1533,0,2,1535,T
8-NS,607,0,1549,0,1,1550,T
8-NS,608,1,2,1534,0,1537,G
8-NS,609,0,6,1537,0,1543,G
8-NS,610,1538,0,2,0,1540,A
8-NS,611,1,3,1540,0,1544,G
8-NS,612,1522,0,8,0,1530,A
8-NS,613,1522,0,3,0,1525,A
8-NS,614,0,0,1551,0,1551,G
8-NS,615,1,0,0,1553,1554,C
8-NS,616,1551,0,3,0,1554,A
8-NS,617,0,1,1600,0,1601,G
8-NS,618,0,1591,0,2,1593,T
8-NS,619,1596,0,2,0,1598,A
8-NS,620,1598,0,4,0,1602,A
8-NS,621,0,1599,0,0,1599,T
8-NS,622,0,8,1604,0,1612,G
8-NS,623,1548,0,2,0,1550,A
8-NS,624,0,1,1600,0,1601,G
8-NS,625,1577,0,0,0,1577,A
8-NS,626,1522,0,1,0,1523,A
8-NS,627,0,1521,0,2,1523,T
8-NS,628,1,5,1491,1,1498,G
8-NS,629,0,5,1497,0,1502,G
8-NS,630,0,7,1483,0,1490,G
8-NS,631,1,0,1468,0,1469,G
8-NS,632,1,2,1472,0,1475,G
8-NS,633,1456,0,2,0,1458,A
8-NS,634,1,0,0,1470,1471,C
8-NS,635,0,2,0,1470,1472,C
8-NS,636,2,1430,0,2,1434,T
8-NS,637,3,1,1,1450,1455,C
8-NS,638,0,2,0,1454,1456,C
8-NS,639,1465,0,0,0,1465,A
8-NS,640,1,1,0,1468,1470,C
8-NS,641,0,1444,0,2,1446,T
8-NS,642,0,1432,0,2,1434,T
8-NS,643,1418,0,0,0,1418,A
8-NS,644,0,1,0,1424,1425,C
8-NS,645,0,1419,0,2,1421,T
8-NS,646,5,6,0,1409,1420,C
8-NS,647,4,1,0,1400,1405,C
8-NS,648,1400,0,1,0,1401,A
8-NS,649,1409,0,1,0,1410,A
8-NS,650,1403,1,2,0,1406,A
8-NS,651,1410,0,1,0,1411,A
8-NS,652,1,1,0,1414,1416,C
8-NS,653,1364,0,0,0,1364,A
8-NS,654,1,2,1357,0,1360,G
8-NS,655,1356,0,2,0,1358,A
8-NS,656,1346,0,2,0,1348,A
8-NS,657,1356,0,0,0,1356,A
8-NS,658,0,3,0,1354,1357,C
8-NS,659,0,4,1352,0,1356,G
8-NS,660,1,1,1354,0,1356,G
8-NS,661,0,1,1358,0,1359,G
8-NS,662,1350,1,0,0,1351,A
8-NS,663,1333,0,2,0,1335,A
8-NS,664,1342,1,4,0,1347,A
8-NS,665,0,1341,0,0,1341,T
8-NS,666,0,3,1354,0,1357,G
8-NS,667,0,0,1360,0,1360,G
8-NS,668,0,3,0,1347,1350,C
8-NS,669,0,2,1349,0,1351,G
8-NS,670,1346,0,1,1,1348,A
8-NS,671,0,3,1353,0,1356,G
8-NS,672,1355,0,0,0,1355,A
8-NS,673,1357,0,0,0,1357,A
8-NS,674,0,0,0,1362,1362,C
8-NS,675,1333,0,1,0,1334,A
8-NS,676,0,0,1330,0,1330,G
8-NS,677,0,1,0,1324,1325,C
8-NS,678,0,1323,0,1,1324,T
8-NS,679,1319,0,1,0,1320,A
8-NS,680,1,1,1312,0,1314,G
8-NS,681,0,1,1315,0,1316,G
8-NS,682,0,1307,0,1,1308,T
8-NS,683,10,1,0,1277,1288,C
8-NS,684,1288,0,0,0,1288,A
8-NS,685,1286,0,0,0,1286,A
8-NS,686,1282,1,0,1,1284,A
8-NS,687,1297,0,2,0,1299,A
8-NS,688,0,0,1308,0,1308,G
8-NS,689,0,1266,0,0,1266,T
8-NS,690,0,1254,0,1,1255,T
8-NS,691,0,1261,0,2,1263,T
8-NS,692,0,5,1264,0,1269,G
8-NS,693,1266,0,1,0,1267,A
8-NS,694,1265,0,0,0,1265,A
8-NS,695,0,4,1274,0,1278,G
8-NS,696,1245,1,4,1,1251,A
8-NS,697,0,0,1262,0,1262,G
8-NS,698,1257,0,0,0,1257,A
8-NS,699,0,1261,0,1,1262,T
8-NS,700,1262,0,0,0,1262,A
8-NS,701,1259,0,1,0,1260,A
8-NS,702,0,2,1252,0,1254,G
8-NS,703,1172,0,2,0,1174,A
8-NS,704,0,1175,0,1,1176,T
8-NS,705,1,3,1177,0,1181,G
8-NS,706,0,0,1184,0,1184,G
8-NS,707,1,0,0,1171,1172,C
8-NS,708,0,1163,0,1,1164,T
8-NS,709,1175,0,1,0,1176,A
8-NS,710,1169,0,2,0,1171,A
8-NS,711,0,1174,0,2,1176,T
8-NS,712,0,1165,0,2,1167,T
8-NS,713,1,5,1162,0,1168,G
8-NS,714,1135,0,0,0,1135,A
8-NS,715,1142,0,1,0,1143,A
8-NS,716,0,3,1138,0,1141,G
8-NS,717,1128,0,2,0,1130,A
8-NS,718,1115,0,3,0,1118,A
8-NS,719,1,0,1130,0,1131,G
8-NS,720,1,1105,0,1,1107,T
8-NS,721,0,3,1107,0,1110,G
8-NS,722,1088,0,4,0,1092,A
8-NS,723,1,1,1100,0,1102,G
8-NS,724,1092,0,3,0,1095,A
8-NS,725,1,0,0,1090,1091,C
8-NS,726,1085,1,2,0,1088,A
8-NS,727,1,1,0,1083,1085,C
8-NS,728,1015,0,2,0,1017,A
8-NS,729,0,4,1043,0,1047,G
8-NS,730,1039,0,0,0,1039,A
8-NS,731,0,1029,3,2,1034,T
8-NS,732,0,1033,0,0,1033,T
8-NS,733,1035,0,0,0,1035,A
8-NS,734,1031,0,0,0,1031,A
8-NS,735,1029,0,0,0,1029,A
8-NS,736,1026,0,0,0,1026,A
8-NS,737,1026,0,1,0,1027,A
8-NS,738,1,0,0,993,994,C
8-NS,739,942,0,1,0,943,A
8-NS,740,958,0,0,0,958,A
8-NS,741,0,0,0,960,960,C
8-NS,742,0,955,0,0,955,T
8-NS,743,1,2,955,0,958,G
8-NS,744,954,0,2,0,956,A
8-NS,745,953,0,1,0,954,A
8-NS,746,949,1,0,0,950,A
8-NS,747,944,0,0,0,944,A
8-NS,748,0,942,0,1,943,T
8-NS,749,931,0,0,0,931,A
8-NS,750,0,1,927,0,928,G
8-NS,751,0,0,0,933,933,C
8-NS,752,0,897,0,4,901,T
8-NS,753,0,903,0,0,903,T
8-NS,754,0,893,0,1,894,T
8-NS,755,1,5,886,0,892,G
8-NS,756,894,0,0,0,894,A
8-NS,757,893,0,3,0,896,A
8-NS,758,0,0,0,897,897,C
8-NS,759,880,0,0,0,880,A
8-NS,760,881,0,3,0,884,A
8-NS,761,886,0,1,0,887,A
8-NS,762,0,882,0,1,883,T
8-NS,763,884,0,2,0,886,A
8-NS,764,873,0,2,0,875,A
8-NS,765,0,1,0,872,873,C
8-NS,766,868,0,1,0,869,A
8-NS,767,0,850,0,0,850,T
8-NS,768,0,843,0,0,843,T
8-NS,769,3,0,0,843,846,C
8-NS,770,832,0,1,0,833,A
8-NS,771,0,832,0,0,832,T
8-NS,772,0,0,830,0,830,G
8-NS,773,1,0,0,824,825,C
8-NS,774,803,0,1,0,804,A
8-NS,775,802,0,1,0,803,A
8-NS,776,0,0,801,0,801,G
8-NS,777,0,0,0,817,817,C
8-NS,778,812,1,0,0,813,A
8-NS,779,0,810,0,1,811,T
8-NS,780,0,811,0,0,811,T
8-NS,781,805,0,1,0,806,A
8-NS,782,1,0,0,807,808,C
8-NS,783,794,1,2,0,797,A
8-NS,784,795,0,0,0,795,A
8-NS,785,0,0,0,788,788,C
8-NS,786,0,660,0,0,660,T
8-NS,787,1,0,668,0,669,G
8-NS,788,0,1,0,654,655,C
8-NS,789,0,615,0,1,616,T
8-NS,790,0,0,620,0,620,G
8-NS,791,0,612,0,0,612,T
8-NS,792,0,614,0,0,614,T
8-NS,793,0,610,0,0,610,T
8-NS,794,0,0,601,0,601,G
8-NS,795,605,0,0,0,605,A
8-NS,796,588,0,2,0,590,A
8-NS,797,0,0,592,0,592,G
8-NS,798,0,582,0,0,582,T
8-NS,799,0,0,564,0,564,G
8-NS,800,1,1,566,0,568,G
8-NS,801,567,0,0,0,567,A
8-NS,802,567,0,2,0,569,A
8-NS,803,0,0,1,563,564,C
8-NS,804,533,0,5,0,538,A
8-NS,805,0,0,539,0,539,G
8-NS,806,0,0,531,0,531,G
8-NS,807,511,1,1,0,513,A
8-NS,808,0,0,518,0,518,G
8-NS,809,419,0,0,0,419,A
8-NS,810,0,419,0,0,419,T
8-NS,811,411,0,1,1,413,A
8-NS,812,411,1,1,0,413,A
8-NS,813,0,0,415,0,415,G
8-NS,814,365,0,1,0,366,A
8-NS,815,364,0,0,0,364,A
8-NS,816,0,0,0,361,361,C
8-NS,817,0,300,0,1,301,T
8-NS,818,0,302,0,1,303,T
8-NS,819,0,301,1,1,303,T
8-NS,820,2,0,0,300,302,C
8-NS,821,0,299,0,1,300,T
8-NS,822,1,0,0,292,293,C
8-NS,823,281,0,0,0,281,A
8-NS,824,0,281,0,0,281,T
8-NS,825,0,273,0,0,273,T
8-NS,826,0,275,0,0,275,T
8-NS,827,1,0,0,272,273,C
8-NS,828,259,0,1,0,260,A
8-NS,829,0,0,259,0,259,G
8-NS,830,0,0,0,260,260,C
8-NS,831,0,232,0,0,232,T
8-NS,832,0,227,0,0,227,T
8-NS,833,222,0,0,0,222,A
8-NS,834,0,222,0,0,222,T
8-NS,835,0,221,0,1,222,T
8-NS,836,0,219,0,0,219,T
8-NS,837,208,0,0,0,208,A
8-NS,838,199,0,0,0,199,A
8-NS,839,0,195,0,0,195,T
8-NS,840,0,0,195,0,195,G
8-NS,841,188,0,0,0,188,A
8-NS,842,0,167,0,0,167,T
8-NS,843,167,0,0,0,167,A
8-NS,844,167,0,0,0,167,A
8-NS,845,165,0,0,0,165,A
8-NS,846,165,0,0,0,165,A
8-NS,847,165,0,0,0,165,A
8-NS,848,164,0,0,0,164,A
8-NS,849,0,0,0,164,164,C
8-NS,850,141,0,0,0,141,A
8-NS,851,0,0,0,140,140,C
8-NS,852,0,0,0,135,135,C
8-NS,853,0,0,0,132,132,C
8-NS,854,0,121,0,0,121,T
8-NS,855,0,120,0,0,120,T
8-NS,856,0,0,120,0,120,G
8-NS,857,0,115,0,0,115,T
8-NS,858,0,112,0,0,112,T
8-NS,859,0,105,0,0,105,T
8-NS,860,0,0,0,39,39,C
8-NS,861,0,26,0,0,26,T
8-NS,862,24,0,0,0,24,A
8-NS,863,0,0,0,23,23,C
