Gene,Position,A,T,G,C,Coverage,Consensus
1-PB2,1,367,0,0,0,367,A
1-PB2,2,0,366,0,0,366,T
1-PB2,3,0,0,375,0,375,G
1-PB2,4,0,1,378,0,379,G
1-PB2,5,380,0,0,0,380,A
1-PB2,6,380,0,0,0,380,A
1-PB2,7,379,0,1,0,380,A
1-PB2,8,0,2,435,1,438,G
1-PB2,9,439,0,1,0,440,A
1-PB2,10,447,0,0,0,447,A
1-PB2,11,0,459,0,0,459,T
1-PB2,12,459,0,0,0,459,A
1-PB2,13,455,0,1,0,456,A
1-PB2,14,458,0,0,0,458,A
1-PB2,15,458,0,0,0,458,A
1-PB2,16,0,2,481,0,483,G
1-PB2,17,485,0,1,0,486,A
1-PB2,18,486,0,0,0,486,A
1-PB2,19,0,0,0,499,499,C
1-PB2,20,0,500,0,0,500,T
1-PB2,21,507,0,0,0,507,A
1-PB2,22,0,1,0,507,508,C
1-PB2,23,0,0,509,0,509,G
1-PB2,24,0,1,517,1,519,G
1-PB2,25,518,0,0,0,518,A
1-PB2,26,537,0,0,0,537,A
1-PB2,27,0,540,0,0,540,T
1-PB2,28,0,0,0,544,544,C
1-PB2,29,0,543,0,2,545,T
1-PB2,30,0,3,549,0,552,G
1-PB2,31,556,0,0,1,557,A
1-PB2,32,0,556,0,0,556,T
1-PB2,33,0,0,563,0,563,G
1-PB2,34,0,571,0,0,571,T
1-PB2,35,4,0,0,566,570,C
1-PB2,36,0,0,570,0,570,G
1-PB2,37,0,1,0,570,571,C
1-PB2,38,570,0,0,0,570,A
1-PB2,39,0,0,609,0,609,G
1-PB2,40,0,611,0,1,612,T
1-PB2,41,1,0,0,613,614,C
1-PB2,42,0,613,0,1,614,T
1-PB2,43,3,0,0,612,615,C
1-PB2,44,2,1,611,0,614,G
1-PB2,45,0,0,0,614,614,C
1-PB2,46,615,0,1,0,616,A
1-PB2,47,0,0,0,617,617,C
1-PB2,48,0,610,0,1,611,T
1-PB2,49,1,1,0,624,626,C
1-PB2,50,0,1,627,0,628,G
1-PB2,51,0,0,0,630,630,C
1-PB2,52,0,2,626,0,628,G
1-PB2,53,629,0,0,0,629,A
1-PB2,54,1,1,634,0,636,G
1-PB2,55,655,0,1,0,656,A
1-PB2,56,0,655,0,0,655,T
1-PB2,57,655,0,2,0,657,A
1-PB2,58,0,1,0,655,656,C
1-PB2,59,0,655,0,0,655,T
1-PB2,60,0,2,666,1,669,G
1-PB2,61,668,0,0,0,668,A
1-PB2,62,0,1,0,677,678,C
1-PB2,63,680,0,0,0,680,A
1-PB2,64,677,0,0,0,677,A
1-PB2,65,687,0,0,1,688,A
1-PB2,66,699,0,0,0,699,A
1-PB2,67,697,0,1,0,698,A
1-PB2,68,0,1,0,707,708,C
1-PB2,69,3,0,0,704,707,C
1-PB2,70,731,0,0,0,731,A
1-PB2,71,0,0,0,740,740,C
1-PB2,72,734,1,1,0,736,A
1-PB2,73,2,0,760,0,762,G
1-PB2,74,0,760,0,0,760,T
1-PB2,75,0,0,786,0,786,G
1-PB2,76,0,2,786,0,788,G
1-PB2,77,790,0,2,0,792,A
1-PB2,78,0,0,0,825,825,C
1-PB2,79,0,1,0,820,821,C
1-PB2,80,838,0,0,0,838,A
1-PB2,81,0,841,0,0,841,T
1-PB2,82,833,0,0,0,833,A
1-PB2,83,0,837,0,0,837,T
1-PB2,84,0,1,841,0,842,G
1-PB2,85,0,0,850,1,851,G
1-PB2,86,0,1,0,847,848,C
1-PB2,87,3,0,1,840,844,C
1-PB2,88,840,0,0,0,840,A
1-PB2,89,0,921,0,0,921,T
1-PB2,90,923,0,0,0,923,A
1-PB2,91,977,0,0,0,977,A
1-PB2,92,0,972,0,2,974,T
1-PB2,93,0,970,0,1,971,T
1-PB2,94,991,1,0,0,992,A
1-PB2,95,987,0,1,0,988,A
1-PB2,96,0,2,1012,0,1014,G
1-PB2,97,1010,0,0,0,1010,A
1-PB2,98,994,0,2,0,996,A
1-PB2,99,0,1,1031,0,1032,G
1-PB2,100,0,1022,0,0,1022,T
1-PB2,101,1027,0,1,0,1028,A
1-PB2,102,0,0,0,1026,1026,C
1-PB2,103,1029,0,0,0,1029,A
1-PB2,104,0,0,0,1058,1058,C
1-PB2,105,1046,0,0,0,1046,A
1-PB2,106,1,1046,0,0,1047,T
1-PB2,107,3,0,0,1052,1055,C
1-PB2,108,1,3,1038,0,1042,G
1-PB2,109,0,3,1036,0,1039,G
1-PB2,110,1,2,1039,0,1042,G
1-PB2,111,0,3,1041,0,1044,G
1-PB2,112,1036,1,1,0,1038,A
1-PB2,113,0,3,1043,0,1046,G
1-PB2,114,1040,1,0,0,1041,A
1-PB2,115,0,1,0,1052,1053,C
1-PB2,116,1049,2,0,0,1051,A
1-PB2,117,1,3,1057,0,1061,G
1-PB2,118,0,3,1079,0,1082,G
1-PB2,119,1087,0,0,0,1087,A
1-PB2,120,1082,0,2,1,1085,A
1-PB2,121,1087,0,1,0,1088,A
1-PB2,122,1085,0,0,0,1085,A
1-PB2,123,0,1,1087,0,1088,G
1-PB2,124,1082,0,3,0,1085,A
1-PB2,125,1093,1,0,0,1094,A
1-PB2,126,0,0,0,1091,1091,C
1-PB2,127,0,0,0,1091,1091,C
1-PB2,128,0,0,0,1090,1090,C
1-PB2,129,0,0,1094,0,1094,G
1-PB2,130,1,1092,0,2,1095,T
1-PB2,131,2,0,0,1098,1100,C
1-PB2,132,1118,0,0,0,1118,A
1-PB2,133,0,0,0,1133,1133,C
1-PB2,134,0,1128,0,0,1128,T
1-PB2,135,0,1131,0,0,1131,T
1-PB2,136,1129,0,1,0,1130,A
1-PB2,137,0,0,1141,1,1142,G
1-PB2,138,0,1,1144,0,1145,G
1-PB2,139,1144,0,2,0,1146,A
1-PB2,140,1,1139,1,1,1142,T
1-PB2,141,1,4,1161,0,1166,G
1-PB2,142,1178,0,1,0,1179,A
1-PB2,143,1176,0,2,0,1178,A
1-PB2,144,1177,0,1,0,1178,A
1-PB2,145,0,1177,0,0,1177,T
1-PB2,146,0,5,1166,0,1171,G
1-PB2,147,1,1,1182,0,1184,G
1-PB2,148,1176,0,5,0,1181,A
1-PB2,149,0,1179,0,1,1180,T
1-PB2,150,1,3,1166,0,1170,G
1-PB2,151,1166,1,2,0,1169,A
1-PB2,152,0,1170,0,0,1170,T
1-PB2,153,0,2,1171,0,1173,G
1-PB2,154,1,0,1171,2,1174,G
1-PB2,155,0,0,0,1171,1171,C
1-PB2,156,1167,1,2,0,1170,A
1-PB2,157,1187,0,0,0,1187,A
1-PB2,158,0,1189,0,1,1190,T
1-PB2,159,0,3,1217,0,1220,G
1-PB2,160,1215,0,0,0,1215,A
1-PB2,161,1209,0,2,0,1211,A
1-PB2,162,1213,0,3,0,1216,A
1-PB2,163,1,1215,0,2,1218,T
1-PB2,164,1226,1,0,0,1227,A
1-PB2,165,1,0,0,1251,1252,C
1-PB2,166,0,0,0,1241,1241,C
1-PB2,167,4,0,0,1241,1245,C
1-PB2,168,1240,0,1,0,1241,A
1-PB2,169,1241,0,1,0,1242,A
1-PB2,170,1,1239,0,1,1241,T
1-PB2,171,4,0,0,1238,1242,C
1-PB2,172,1238,1,1,0,1240,A
1-PB2,173,0,0,0,1253,1253,C
1-PB2,174,0,1242,0,0,1242,T
1-PB2,175,0,2,1251,0,1253,G
1-PB2,176,0,2,0,1250,1252,C
1-PB2,177,0,1246,0,3,1249,T
1-PB2,178,0,1,1263,0,1264,G
1-PB2,179,1260,0,3,0,1263,A
1-PB2,180,0,0,0,1271,1271,C
1-PB2,181,1271,1,0,0,1272,A
1-PB2,182,1257,0,1,0,1258,A
1-PB2,183,1260,0,2,0,1262,A
1-PB2,184,1255,0,3,0,1258,A
1-PB2,185,0,0,1280,0,1280,G
1-PB2,186,0,3,1277,0,1280,G
1-PB2,187,1275,0,1,0,1276,A
1-PB2,188,0,1274,0,0,1274,T
1-PB2,189,1270,0,0,0,1270,A
1-PB2,190,1279,1,1,0,1281,A
1-PB2,191,0,1,0,1295,1296,C
1-PB2,192,1289,0,1,0,1290,A
1-PB2,193,1,0,1291,0,1292,G
1-PB2,194,1281,0,1,0,1282,A
1-PB2,195,1284,0,0,0,1284,A
1-PB2,196,1285,0,0,0,1285,A
1-PB2,197,0,1277,0,0,1277,T
1-PB2,198,1,1,1273,0,1275,G
1-PB2,199,0,0,1288,0,1288,G
1-PB2,200,0,1279,0,1,1280,T
1-PB2,201,0,1279,0,2,1281,T
1-PB2,202,6,0,0,1273,1279,C
1-PB2,203,0,2,0,1279,1281,C
1-PB2,204,1,2,1283,0,1286,G
1-PB2,205,1,3,1278,0,1282,G
1-PB2,206,1283,0,0,0,1283,A
1-PB2,207,0,3,1284,0,1287,G
1-PB2,208,1271,0,2,0,1273,A
1-PB2,209,1,2,1296,0,1299,G
1-PB2,210,1303,0,0,0,1303,A
1-PB2,211,1301,0,1,0,1302,A
1-PB2,212,1303,0,1,0,1304,A
1-PB2,213,0,1298,0,2,1300,T
1-PB2,214,0,15,1294,0,1309,G
1-PB2,215,1308,0,2,0,1310,A
1-PB2,216,1312,2,4,0,1318,A
1-PB2,217,0,0,0,1315,1315,C
1-PB2,218,1303,0,1,0,1304,A
1-PB2,219,1303,0,2,0,1305,A
1-PB2,220,0,3,1328,0,1331,G
1-PB2,221,2,4,1338,0,1344,G
1-PB2,222,1337,1,0,1,1339,A
1-PB2,223,0,0,0,1329,1329,C
1-PB2,224,1320,0,3,0,1323,A
1-PB2,225,1326,0,1,1,1328,A
1-PB2,226,1328,0,0,0,1328,A
1-PB2,227,0,1,0,1322,1323,C
1-PB2,228,1,1,0,1280,1282,C
1-PB2,229,3,0,0,1373,1376,C
1-PB2,230,0,1380,0,2,1382,T
1-PB2,231,1386,0,6,0,1392,A
1-PB2,232,0,1387,0,0,1387,T
1-PB2,233,1,0,1400,0,1401,G
1-PB2,234,0,2,1433,0,1435,G
1-PB2,235,1367,0,3,0,1370,A
1-PB2,236,0,1,1379,0,1380,G
1-PB2,237,0,1369,0,0,1369,T
1-PB2,238,1366,0,0,0,1366,A
1-PB2,239,1370,0,0,0,1370,A
1-PB2,240,1361,0,2,0,1363,A
1-PB2,241,1359,0,1,0,1360,A
1-PB2,242,0,1352,0,1,1353,T
1-PB2,243,0,4,1343,1,1348,G
1-PB2,244,1327,0,3,0,1330,A
1-PB2,245,0,1,1336,0,1337,G
1-PB2,246,1,1324,0,3,1328,T
1-PB2,247,0,1,1330,0,1331,G
1-PB2,248,1344,0,3,0,1347,A
1-PB2,249,0,1364,0,0,1364,T
1-PB2,250,0,0,1367,0,1367,G
1-PB2,251,1,0,0,1361,1362,C
1-PB2,252,1,1357,0,1,1359,T
1-PB2,253,3,1,1404,0,1408,G
1-PB2,254,0,2,1402,0,1404,G
1-PB2,255,1415,0,4,0,1419,A
1-PB2,256,0,1415,0,1,1416,T
1-PB2,257,3,1,0,1417,1421,C
1-PB2,258,1429,0,1,0,1430,A
1-PB2,259,0,2,1459,0,1461,G
1-PB2,260,1461,0,4,0,1465,A
1-PB2,261,0,1462,0,1,1463,T
1-PB2,262,1438,1,1,0,1440,A
1-PB2,263,0,5,1469,0,1474,G
1-PB2,264,1461,0,5,0,1466,A
1-PB2,265,0,0,1491,0,1491,G
1-PB2,266,0,1468,0,0,1468,T
1-PB2,267,0,4,1450,0,1454,G
1-PB2,268,1436,0,0,0,1436,A
1-PB2,269,0,1441,0,0,1441,T
1-PB2,270,1,2,1470,0,1473,G
1-PB2,271,0,0,1498,0,1498,G
1-PB2,272,1,1468,0,2,1471,T
1-PB2,273,1471,0,0,0,1471,A
1-PB2,274,1,1448,0,1,1450,T
1-PB2,275,5,0,0,1447,1452,C
1-PB2,276,1469,0,0,0,1469,A
1-PB2,277,1,0,0,1494,1495,C
1-PB2,278,3,0,0,1494,1497,C
1-PB2,279,0,1455,0,3,1458,T
1-PB2,280,0,1447,0,0,1447,T
1-PB2,281,0,1443,0,4,1447,T
1-PB2,282,1,3,1462,0,1466,G
1-PB2,283,0,0,1471,0,1471,G
1-PB2,284,0,0,1,1483,1484,C
1-PB2,285,0,1461,0,2,1463,T
1-PB2,286,1,0,1477,0,1478,G
1-PB2,287,0,1476,0,0,1476,T
1-PB2,288,1480,0,0,0,1480,A
1-PB2,289,1482,0,2,0,1484,A
1-PB2,290,0,0,0,1487,1487,C
1-PB2,291,1470,0,0,0,1470,A
1-PB2,292,0,1468,0,1,1469,T
1-PB2,293,0,4,1450,0,1454,G
1-PB2,294,0,0,1478,0,1478,G
1-PB2,295,0,1467,0,1,1468,T
1-PB2,296,0,2,1467,0,1469,G
1-PB2,297,0,3,1488,1,1492,G
1-PB2,298,1486,1,2,0,1489,A
1-PB2,299,1498,0,3,0,1501,A
1-PB2,300,0,1501,0,0,1501,T
1-PB2,301,1500,0,0,0,1500,A
1-PB2,302,0,2,1524,0,1526,G
1-PB2,303,1513,0,0,0,1513,A
1-PB2,304,1511,0,1,0,1512,A
1-PB2,305,1511,0,1,0,1512,A
1-PB2,306,0,1488,0,0,1488,T
1-PB2,307,0,3,1491,0,1494,G
1-PB2,308,0,4,1489,0,1493,G
1-PB2,309,1492,0,3,0,1495,A
1-PB2,310,0,1,0,1499,1500,C
1-PB2,311,4,1,0,1485,1490,C
1-PB2,312,3,0,0,1482,1485,C
1-PB2,313,1,0,1493,0,1494,G
1-PB2,314,2,1496,1,2,1501,T
1-PB2,315,1,6,1531,0,1538,G
1-PB2,316,1534,1,1,0,1536,A
1-PB2,317,0,1,0,1538,1539,C
1-PB2,318,1531,1,2,0,1534,A
1-PB2,319,1534,0,0,0,1534,A
1-PB2,320,28,0,1555,0,1583,G
1-PB2,321,0,1569,0,2,1571,T
1-PB2,322,1561,0,1,0,1562,A
1-PB2,323,1,3,0,1553,1557,C
1-PB2,324,0,4,1532,0,1536,G
1-PB2,325,0,0,1582,0,1582,G
1-PB2,326,0,1567,0,4,1571,T
1-PB2,327,7,1,0,1582,1590,C
1-PB2,328,1,0,0,1584,1585,C
1-PB2,329,1560,2,2,0,1564,A
1-PB2,330,0,1571,0,1,1572,T
1-PB2,331,0,1572,0,0,1572,T
1-PB2,332,1634,0,1,0,1635,A
1-PB2,333,0,2,0,1631,1633,C
1-PB2,334,4,1,0,1597,1602,C
1-PB2,335,4,0,0,1592,1596,C
1-PB2,336,1576,0,1,0,1577,A
1-PB2,337,1590,0,1,0,1591,A
1-PB2,338,1591,0,0,0,1591,A
1-PB2,339,1592,0,2,0,1594,A
1-PB2,340,1,0,1608,0,1609,G
1-PB2,341,0,1553,0,0,1553,T
1-PB2,342,0,1,1581,0,1582,G
1-PB2,343,0,1582,0,3,1585,T
1-PB2,344,1579,0,3,0,1582,A
1-PB2,345,0,0,0,1584,1584,C
1-PB2,346,1573,0,0,0,1573,A
1-PB2,347,1574,0,4,0,1578,A
1-PB2,348,1,3,1587,0,1591,G
1-PB2,349,1578,0,2,0,1580,A
1-PB2,350,1,0,0,1578,1579,C
1-PB2,351,1,1545,0,2,1548,T
1-PB2,352,0,1557,0,0,1557,T
1-PB2,353,1563,0,0,0,1563,A
1-PB2,354,1,1557,0,1,1559,T
1-PB2,355,0,1559,0,2,1561,T
1-PB2,356,0,1549,0,1,1550,T
1-PB2,357,3,1,0,1537,1541,C
1-PB2,358,1,4,1536,0,1541,G
1-PB2,359,1536,1,3,0,1540,A
1-PB2,360,0,0,0,1541,1541,C
1-PB2,361,1534,0,1,0,1535,A
1-PB2,362,1532,1,0,0,1533,A
1-PB2,363,1531,1,2,0,1534,A
1-PB2,364,1,0,1547,0,1548,G
1-PB2,365,2,1544,0,0,1546,T
1-PB2,366,7,0,0,1543,1550,C
1-PB2,367,0,3,1547,0,1550,G
1-PB2,368,1548,0,1,0,1549,A
1-PB2,369,1543,0,3,0,1546,A
1-PB2,370,1547,1,1,0,1549,A
1-PB2,371,0,2,1589,0,1591,G
1-PB2,372,0,0,1603,0,1603,G
1-PB2,373,0,1584,1,1,1586,T
1-PB2,374,0,1583,1,0,1584,T
1-PB2,375,1585,0,1,0,1586,A
1-PB2,376,1584,0,1,0,1585,A
1-PB2,377,1581,0,0,0,1581,A
1-PB2,378,1589,0,3,0,1592,A
1-PB2,379,0,1,0,1608,1609,C
1-PB2,380,1574,0,1,0,1575,A
1-PB2,381,0,1570,0,0,1570,T
1-PB2,382,0,1,1563,0,1564,G
1-PB2,383,0,3,1565,0,1568,G
1-PB2,384,1566,0,2,0,1568,A
1-PB2,385,1574,0,1,0,1575,A
1-PB2,386,1,0,0,1616,1617,C
1-PB2,387,2,1,0,1624,1627,C
1-PB2,388,0,1612,0,2,1614,T
1-PB2,389,0,1610,0,1,1611,T
1-PB2,390,0,1611,0,0,1611,T
1-PB2,391,1,5,1602,0,1608,G
1-PB2,392,0,2,1612,0,1614,G
1-PB2,393,1,0,0,1607,1608,C
1-PB2,394,0,0,0,1601,1601,C
1-PB2,395,1,1,0,1592,1594,C
1-PB2,396,0,1550,0,1,1551,T
1-PB2,397,1,0,1576,0,1577,G
1-PB2,398,0,1574,0,2,1576,T
1-PB2,399,0,1575,0,0,1575,T
1-PB2,400,14,1,0,1563,1578,C
1-PB2,401,1558,0,1,0,1559,A
1-PB2,402,1,1574,0,0,1575,T
1-PB2,403,1,1572,1,0,1574,T
1-PB2,404,0,1575,0,2,1577,T
1-PB2,405,0,1576,0,0,1576,T
1-PB2,406,1551,1,0,0,1552,A
1-PB2,407,0,2,1543,0,1545,G
1-PB2,408,1548,0,2,0,1550,A
1-PB2,409,1542,1,1,0,1544,A
1-PB2,410,1,0,1526,0,1527,G
1-PB2,411,0,1527,0,5,1532,T
1-PB2,412,7,2,0,1526,1535,C
1-PB2,413,1537,0,0,1,1538,A
1-PB2,414,1543,0,1,2,1546,A
1-PB2,415,1,0,1552,0,1553,G
1-PB2,416,0,1552,0,1,1553,T
1-PB2,417,15,0,0,1537,1552,C
1-PB2,418,1553,0,1,0,1554,A
1-PB2,419,1554,1,1,0,1556,A
1-PB2,420,0,1,1554,0,1555,G
1-PB2,421,1548,0,5,1,1554,A
1-PB2,422,0,1553,0,0,1553,T
1-PB2,423,1560,0,1,0,1561,A
1-PB2,424,0,3,0,1549,1552,C
1-PB2,425,1,0,1555,0,1556,G
1-PB2,426,0,1,0,1567,1568,C
1-PB2,427,1554,0,2,0,1556,A
1-PB2,428,0,2,1566,1,1569,G
1-PB2,429,1567,0,0,0,1567,A
1-PB2,430,1573,0,2,0,1575,A
1-PB2,431,0,2,1606,0,1608,G
1-PB2,432,1582,0,2,1,1585,A
1-PB2,433,0,0,1591,0,1591,G
1-PB2,434,0,1583,0,0,1583,T
1-PB2,435,1574,1,1,1,1577,A
1-PB2,436,0,1,1604,0,1605,G
1-PB2,437,1575,4,4,1,1584,A
1-PB2,438,1,0,0,1648,1649,C
1-PB2,439,1621,0,2,0,1623,A
1-PB2,440,0,1606,0,1,1607,T
1-PB2,441,1603,0,1,0,1604,A
1-PB2,442,1603,0,0,0,1603,A
1-PB2,443,1619,0,1,0,1620,A
1-PB2,444,0,0,0,1633,1633,C
1-PB2,445,1,0,0,1610,1611,C
1-PB2,446,1,1,0,1593,1595,C
1-PB2,447,0,1511,0,0,1511,T
1-PB2,448,0,0,1525,0,1525,G
1-PB2,449,0,1,1543,1,1545,G
1-PB2,450,0,1541,1,2,1544,T
1-PB2,451,9,0,0,1524,1533,C
1-PB2,452,1549,0,0,0,1549,A
1-PB2,453,0,1537,0,0,1537,T
1-PB2,454,1,1,1553,1,1556,G
1-PB2,455,2,0,0,1552,1554,C
1-PB2,456,1547,0,2,0,1549,A
1-PB2,457,0,1,1553,0,1554,G
1-PB2,458,1528,0,1,0,1529,A
1-PB2,459,0,0,0,1547,1547,C
1-PB2,460,1,1,0,1545,1547,C
1-PB2,461,0,1526,0,0,1526,T
1-PB2,462,0,1,0,1529,1530,C
1-PB2,463,1517,0,1,1,1519,A
1-PB2,464,0,0,1546,0,1546,G
1-PB2,465,0,1543,0,2,1545,T
1-PB2,466,0,0,1550,0,1550,G
1-PB2,467,0,2,0,1548,1550,C
1-PB2,468,3,1,0,1527,1531,C
1-PB2,469,1528,1,1,0,1530,A
1-PB2,470,1534,0,1,0,1535,A
1-PB2,471,1530,1,1,0,1532,A
1-PB2,472,0,2,1536,0,1538,G
1-PB2,473,1495,1,1,1,1498,A
1-PB2,474,0,3,1500,0,1503,G
1-PB2,475,0,1,1505,1,1507,G
1-PB2,476,0,0,0,1507,1507,C
1-PB2,477,1500,0,2,1,1503,A
1-PB2,478,0,0,0,1506,1506,C
1-PB2,479,1501,0,2,1,1504,A
1-PB2,480,1522,0,1,0,1523,A
1-PB2,481,0,1,1546,0,1547,G
1-PB2,482,1554,1,7,0,1562,A
1-PB2,483,1,1555,0,1,1557,T
1-PB2,484,0,1,1547,0,1548,G
1-PB2,485,0,1543,0,0,1543,T
1-PB2,486,1546,1,0,0,1547,A
1-PB2,487,1544,1,0,0,1545,A
1-PB2,488,0,1541,0,1,1542,T
1-PB2,489,6,1,0,1458,1465,C
1-PB2,490,1479,0,0,0,1479,A
1-PB2,491,0,1479,0,1,1480,T
1-PB2,492,1,1,1479,0,1481,G
1-PB2,493,0,0,1481,0,1481,G
1-PB2,494,1476,0,1,0,1477,A
1-PB2,495,1471,0,1,1,1473,A
1-PB2,496,0,0,1473,0,1473,G
1-PB2,497,0,1470,0,0,1470,T
1-PB2,498,0,1465,0,0,1465,T
1-PB2,499,0,0,1473,0,1473,G
1-PB2,500,0,1465,1,1,1467,T
1-PB2,501,0,1463,0,1,1464,T
1-PB2,502,0,1463,0,2,1465,T
1-PB2,503,0,1458,1,1,1460,T
1-PB2,504,0,1461,0,3,1464,T
1-PB2,505,6,0,0,1458,1464,C
1-PB2,506,2,2,0,1453,1457,C
1-PB2,507,7,0,1,1457,1465,C
1-PB2,508,1453,1,2,0,1456,A
1-PB2,509,1460,0,0,0,1460,A
1-PB2,510,0,1459,0,2,1461,T
1-PB2,511,0,6,1459,0,1465,G
1-PB2,512,1466,1,0,0,1467,A
1-PB2,513,1462,2,2,0,1466,A
1-PB2,514,0,2,1471,0,1473,G
1-PB2,515,0,1468,0,2,1470,T
1-PB2,516,1,1,1464,0,1466,G
1-PB2,517,0,0,1463,0,1463,G
1-PB2,518,2,3,1464,0,1469,G
1-PB2,519,1473,0,5,0,1478,A
1-PB2,520,0,0,1472,0,1472,G
1-PB2,521,0,1,0,1464,1465,C
1-PB2,522,0,2,0,1468,1470,C
1-PB2,523,1468,1,3,0,1472,A
1-PB2,524,1,2,1494,0,1497,G
1-PB2,525,2,3,1497,0,1502,G
1-PB2,526,1505,0,0,0,1505,A
1-PB2,527,1,1495,0,1,1497,T
1-PB2,528,1499,0,4,0,1503,A
1-PB2,529,0,0,2,1502,1504,C
1-PB2,530,0,1492,0,2,1494,T
1-PB2,531,1488,0,2,0,1490,A
1-PB2,532,1484,1,1,0,1486,A
1-PB2,533,0,0,0,1482,1482,C
1-PB2,534,1447,0,0,0,1447,A
1-PB2,535,0,1430,0,2,1432,T
1-PB2,536,1,0,0,1436,1437,C
1-PB2,537,1426,1,0,0,1427,A
1-PB2,538,0,3,1434,0,1437,G
1-PB2,539,1434,0,1,0,1435,A
1-PB2,540,1433,0,0,0,1433,A
1-PB2,541,0,1424,0,4,1428,T
1-PB2,542,3,0,1,1402,1406,C
1-PB2,543,1404,1,3,0,1408,A
1-PB2,544,0,0,0,1431,1431,C
1-PB2,545,1426,0,1,0,1427,A
1-PB2,546,1434,0,0,1,1435,A
1-PB2,547,1,1417,0,1,1419,T
1-PB2,548,0,1418,1,0,1419,T
1-PB2,549,1429,0,0,0,1429,A
1-PB2,550,1430,0,1,0,1431,A
1-PB2,551,0,0,1,1429,1430,C
1-PB2,552,1418,1,1,0,1420,A
1-PB2,553,1403,0,1,0,1404,A
1-PB2,554,0,1416,0,0,1416,T
1-PB2,555,1411,0,0,0,1411,A
1-PB2,556,1415,1,2,1,1419,A
1-PB2,557,0,0,0,1420,1420,C
1-PB2,558,0,1414,0,0,1414,T
1-PB2,559,1407,0,1,0,1408,A
1-PB2,560,1396,0,1,0,1397,A
1-PB2,561,1400,0,1,0,1401,A
1-PB2,562,0,2,1401,0,1403,G
1-PB2,563,1373,0,0,0,1373,A
1-PB2,564,0,3,1382,0,1385,G
1-PB2,565,1382,0,2,0,1384,A
1-PB2,566,1382,0,1,0,1383,A
1-PB2,567,1382,0,0,0,1382,A
1-PB2,568,1381,0,0,0,1381,A
1-PB2,569,1383,0,1,0,1384,A
1-PB2,570,1380,0,4,0,1384,A
1-PB2,571,0,0,1386,0,1386,G
1-PB2,572,1381,0,1,0,1382,A
1-PB2,573,1367,1,3,0,1371,A
1-PB2,574,0,5,1366,0,1371,G
1-PB2,575,1374,0,2,0,1376,A
1-PB2,576,1374,0,0,0,1374,A
1-PB2,577,0,1,0,1384,1385,C
1-PB2,578,0,1365,1,3,1369,T
1-PB2,579,3,0,0,1371,1374,C
1-PB2,580,3,1,0,1379,1383,C
1-PB2,581,2,4,1378,0,1384,G
1-PB2,582,1380,0,1,0,1381,A
1-PB2,583,1,0,1389,0,1390,G
1-PB2,584,1378,0,0,0,1378,A
1-PB2,585,0,1368,0,0,1368,T
1-PB2,586,0,1351,0,3,1354,T
1-PB2,587,2,0,1358,0,1360,G
1-PB2,588,0,2,0,1358,1360,C
1-PB2,589,1358,0,1,0,1359,A
1-PB2,590,1360,0,0,0,1360,A
1-PB2,591,1359,0,1,0,1360,A
1-PB2,592,1363,0,0,0,1363,A
1-PB2,593,0,1360,1,0,1361,T
1-PB2,594,0,1348,1,5,1354,T
1-PB2,595,0,1355,0,1,1356,T
1-PB2,596,6,1,1,1341,1349,C
1-PB2,597,0,1336,2,3,1341,T
1-PB2,598,2,1,0,1420,1423,C
1-PB2,599,5,1,0,1418,1424,C
1-PB2,600,3,0,0,1516,1519,C
1-PB2,601,0,1487,0,1,1488,T
1-PB2,602,0,1498,0,2,1500,T
1-PB2,603,0,2,1501,0,1503,G
1-PB2,604,1509,0,0,0,1509,A
1-PB2,605,1,1530,0,0,1531,T
1-PB2,606,0,6,1543,1,1550,G
1-PB2,607,0,0,1726,0,1726,G
1-PB2,608,0,1756,0,2,1758,T
1-PB2,609,0,1735,1,0,1736,T
1-PB2,610,1,0,1877,1,1879,G
1-PB2,611,1,2,0,1886,1889,C
1-PB2,612,1940,0,2,0,1942,A
1-PB2,613,0,1941,0,1,1942,T
1-PB2,614,1946,1,2,6,1955,A
1-PB2,615,0,1,0,2050,2051,C
1-PB2,616,2278,3,0,18,2299,A
1-PB2,617,0,2360,0,0,2360,T
1-PB2,618,0,0,2476,0,2476,G
1-PB2,619,0,2447,0,9,2456,T
1-PB2,620,0,2454,2,0,2456,T
1-PB2,621,2444,0,2,1,2447,A
1-PB2,622,2,4,2453,0,2459,G
1-PB2,623,2485,2,1,1,2489,A
1-PB2,624,1,8,2517,0,2526,G
1-PB2,625,2438,1,2,0,2441,A
1-PB2,626,2,4,2452,0,2458,G
1-PB2,627,2427,0,6,0,2433,A
1-PB2,628,0,14,2439,0,2453,G
1-PB2,629,2463,1,3,0,2467,A
1-PB2,630,2461,0,4,0,2465,A
1-PB2,631,2,0,0,2475,2477,C
1-PB2,632,0,2462,0,3,2465,T
1-PB2,633,2,2459,0,0,2461,T
1-PB2,634,0,0,2464,0,2464,G
1-PB2,635,0,2463,0,1,2464,T
1-PB2,636,2460,0,4,1,2465,A
1-PB2,637,0,1,0,2459,2460,C
1-PB2,638,1,7,2447,0,2455,G
1-PB2,639,2460,0,3,0,2463,A
1-PB2,640,2452,1,0,0,2453,A
1-PB2,641,2487,0,2,0,2489,A
1-PB2,642,2491,0,0,0,2491,A
1-PB2,643,2489,0,4,0,2493,A
1-PB2,644,0,0,0,2496,2496,C
1-PB2,645,2498,0,2,0,2500,A
1-PB2,646,2500,0,1,0,2501,A
1-PB2,647,0,6,2516,0,2522,G
1-PB2,648,2524,1,0,0,2525,A
1-PB2,649,0,2527,0,1,2528,T
1-PB2,650,0,2518,0,0,2518,T
1-PB2,651,0,2524,0,5,2529,T
1-PB2,652,4,0,0,2540,2544,C
1-PB2,653,1,2544,0,2,2547,T
1-PB2,654,6,0,0,2540,2546,C
1-PB2,655,3,0,0,2541,2544,C
1-PB2,656,3,2,0,2546,2551,C
1-PB2,657,2558,1,1,0,2560,A
1-PB2,658,0,0,2580,0,2580,G
1-PB2,659,0,2574,0,6,2580,T
1-PB2,660,1,2578,0,3,2582,T
1-PB2,661,1,0,2581,0,2582,G
1-PB2,662,0,2,0,2577,2579,C
1-PB2,663,0,2566,0,5,2571,T
1-PB2,664,1,2,2578,0,2581,G
1-PB2,665,0,1,2580,0,2581,G
1-PB2,666,1,0,0,2583,2584,C
1-PB2,667,2,6,2578,0,2586,G
1-PB2,668,0,6,2618,1,2625,G
1-PB2,669,2630,0,2,0,2632,A
1-PB2,670,2627,0,9,0,2636,A
1-PB2,671,1,2,0,2631,2634,C
1-PB2,672,2645,0,2,0,2647,A
1-PB2,673,2654,0,3,0,2657,A
1-PB2,674,0,1,2785,0,2786,G
1-PB2,675,1,2,0,2853,2856,C
1-PB2,676,2868,0,2,0,2870,A
1-PB2,677,0,1,3589,1,3591,G
1-PB2,678,0,3595,0,3,3598,T
1-PB2,679,3621,0,2,0,3623,A
1-PB2,680,1,3613,0,3,3617,T
1-PB2,681,3622,0,5,0,3627,A
1-PB2,682,0,3619,0,3,3622,T
1-PB2,683,3584,0,1,0,3585,A
1-PB2,684,0,0,0,3636,3636,C
1-PB2,685,3510,0,0,0,3510,A
1-PB2,686,0,3372,0,1,3373,T
1-PB2,687,1,3298,0,1,3300,T
1-PB2,688,1,2,3302,1,3306,G
1-PB2,689,3306,0,1,0,3307,A
1-PB2,690,3296,1,3,0,3300,A
1-PB2,691,1,0,3339,0,3340,G
1-PB2,692,0,3314,1,3,3318,T
1-PB2,693,2,3290,0,2,3294,T
1-PB2,694,1,3291,0,7,3299,T
1-PB2,695,0,3297,0,5,3302,T
1-PB2,696,3329,2,4,1,3336,A
1-PB2,697,0,0,0,3361,3361,C
1-PB2,698,3365,0,0,1,3366,A
1-PB2,699,0,3358,0,5,3363,T
1-PB2,700,0,3334,0,1,3335,T
1-PB2,701,0,3341,0,1,3342,T
1-PB2,702,1,21,3359,1,3382,G
1-PB2,703,3392,0,6,1,3399,A
1-PB2,704,1,0,0,3412,3413,C
1-PB2,705,0,3393,0,6,3399,T
1-PB2,706,7,1,1,3391,3400,C
1-PB2,707,3387,0,3,1,3391,A
1-PB2,708,0,6,3349,0,3355,G
1-PB2,709,2,7,3440,0,3449,G
1-PB2,710,1,14,3442,0,3457,G
1-PB2,711,3454,0,5,2,3461,A
1-PB2,712,3450,0,10,1,3461,A
1-PB2,713,1,3,1,3456,3461,C
1-PB2,714,2,0,3486,0,3488,G
1-PB2,715,0,3483,0,2,3485,T
1-PB2,716,1,2,3511,0,3514,G
1-PB2,717,0,3480,0,3,3483,T
1-PB2,718,0,3474,0,1,3475,T
1-PB2,719,1,5,3480,1,3487,G
1-PB2,720,3,2,3477,1,3483,G
1-PB2,721,1,15,3498,0,3514,G
1-PB2,722,3493,1,8,1,3503,A
1-PB2,723,3489,1,6,0,3496,A
1-PB2,724,0,0,0,3603,3603,C
1-PB2,725,3595,0,1,0,3596,A
1-PB2,726,3707,0,3,0,3710,A
1-PB2,727,3706,1,8,1,3716,A
1-PB2,728,0,3752,0,1,3753,T
1-PB2,729,0,1,3802,0,3803,G
1-PB2,730,0,3778,1,2,3781,T
1-PB2,731,3781,0,3,0,3784,A
1-PB2,732,4,3,0,3791,3798,C
1-PB2,733,3732,0,3,0,3735,A
1-PB2,734,1,0,0,3734,3735,C
1-PB2,735,1,3627,0,7,3635,T
1-PB2,736,3,0,1,3910,3914,C
1-PB2,737,4,0,0,3913,3917,C
1-PB2,738,3976,0,3,0,3979,A
1-PB2,739,1,2,4011,0,4014,G
1-PB2,740,1,0,4106,0,4107,G
1-PB2,741,0,4101,1,2,4104,T
1-PB2,742,2,6,4103,0,4111,G
1-PB2,743,2,7,4025,0,4034,G
1-PB2,744,3993,0,7,0,4000,A
1-PB2,745,1,5,4015,0,4021,G
1-PB2,746,0,11,4019,1,4031,G
1-PB2,747,3974,0,11,1,3986,A
1-PB2,748,2,1,4005,0,4008,G
1-PB2,749,1,3938,0,4,3943,T
1-PB2,750,2,7,3956,1,3966,G
1-PB2,751,3946,2,13,0,3961,A
1-PB2,752,1,6,3964,0,3971,G
1-PB2,753,0,7,3989,1,3997,G
1-PB2,754,3964,0,2,0,3966,A
1-PB2,755,3962,1,7,0,3970,A
1-PB2,756,0,3983,0,2,3985,T
1-PB2,757,3,15,3944,0,3962,G
1-PB2,758,3964,0,7,0,3971,A
1-PB2,759,1,2,1,3952,3956,C
1-PB2,760,4,9,3946,0,3959,G
1-PB2,761,4004,0,0,0,4004,A
1-PB2,762,0,3984,0,1,3985,T
1-PB2,763,5,1,4012,0,4018,G
1-PB2,764,1,4007,0,8,4016,T
1-PB2,765,0,3992,1,6,3999,T
1-PB2,766,1,19,4026,1,4047,G
1-PB2,767,4042,2,11,0,4055,A
1-PB2,768,2,2,0,4052,4056,C
1-PB2,769,18,2,0,4033,4053,C
1-PB2,770,4004,0,0,0,4004,A
1-PB2,771,4012,1,1,0,4014,A
1-PB2,772,4035,0,3,0,4038,A
1-PB2,773,0,3,4127,0,4130,G
1-PB2,774,1,0,0,4124,4125,C
1-PB2,775,2,1,0,4118,4121,C
1-PB2,776,1,4141,0,2,4144,T
1-PB2,777,4150,0,1,0,4151,A
1-PB2,778,4145,2,4,1,4152,A
1-PB2,779,0,4170,0,0,4170,T
1-PB2,780,1,4165,0,2,4168,T
1-PB2,781,4127,1,0,0,4128,A
1-PB2,782,0,4038,1,2,4041,T
1-PB2,783,0,4013,0,1,4014,T
1-PB2,784,0,2,3994,1,3997,G
1-PB2,785,1,3,0,3986,3990,C
1-PB2,786,1,3,3980,0,3984,G
1-PB2,787,1,1,4056,0,4058,G
1-PB2,788,1,0,1,4055,4057,C
1-PB2,789,7,0,0,4070,4077,C
1-PB2,790,4078,1,2,0,4081,A
1-PB2,791,0,3,4120,0,4123,G
1-PB2,792,8,9,4140,0,4157,G
1-PB2,793,4153,0,5,0,4158,A
1-PB2,794,4169,0,7,0,4176,A
1-PB2,795,1,1,0,4196,4198,C
1-PB2,796,4169,1,5,0,4175,A
1-PB2,797,0,4242,1,0,4243,T
1-PB2,798,4300,0,7,0,4307,A
1-PB2,799,0,0,4338,0,4338,G
1-PB2,800,1,4281,0,2,4284,T
1-PB2,801,4255,0,6,0,4261,A
1-PB2,802,4245,1,4,0,4250,A
1-PB2,803,1,7,4264,0,4272,G
1-PB2,804,4250,1,8,0,4259,A
1-PB2,805,4195,0,3,1,4199,A
1-PB2,806,1,3,4192,0,4196,G
1-PB2,807,4076,1,20,0,4097,A
1-PB2,808,0,0,4091,0,4091,G
1-PB2,809,0,7,0,4089,4096,C
1-PB2,810,5,2,0,4086,4093,C
1-PB2,811,1,2,4093,0,4096,G
1-PB2,812,0,2,0,4119,4121,C
1-PB2,813,4131,0,2,0,4133,A
1-PB2,814,0,2,4359,0,4361,G
1-PB2,815,0,4345,0,3,4348,T
1-PB2,816,4361,0,1,0,4362,A
1-PB2,817,0,4334,0,1,4335,T
1-PB2,818,14,3,0,4341,4358,C
1-PB2,819,4337,2,9,2,4350,A
1-PB2,820,2,0,4359,0,4361,G
1-PB2,821,1,2,0,4352,4355,C
1-PB2,822,4220,1,3,0,4224,A
1-PB2,823,0,0,4190,0,4190,G
1-PB2,824,4201,1,3,1,4206,A
1-PB2,825,0,4193,1,5,4199,T
1-PB2,826,4,0,0,4203,4207,C
1-PB2,827,12,3,1,4195,4211,C
1-PB2,828,4212,3,6,1,4222,A
1-PB2,829,1,1,0,4225,4227,C
1-PB2,830,0,4215,1,4,4220,T
1-PB2,831,4229,0,3,0,4232,A
1-PB2,832,1,1,4221,0,4223,G
1-PB2,833,2,3,0,4197,4202,C
1-PB2,834,4194,0,7,0,4201,A
1-PB2,835,0,4215,0,0,4215,T
1-PB2,836,5,0,0,4257,4262,C
1-PB2,837,0,4235,0,4,4239,T
1-PB2,838,0,4322,0,0,4322,T
1-PB2,839,0,4334,1,0,4335,T
1-PB2,840,4333,1,0,1,4335,A
1-PB2,841,0,4340,0,2,4342,T
1-PB2,842,1,4323,0,4,4328,T
1-PB2,843,2,4,4312,0,4318,G
1-PB2,844,4,7,4312,0,4323,G
1-PB2,845,4249,0,6,0,4255,A
1-PB2,846,0,6,4254,1,4261,G
1-PB2,847,4202,1,6,0,4209,A
1-PB2,848,0,4191,0,4,4195,T
1-PB2,849,0,1,4266,0,4267,G
1-PB2,850,1,4256,0,5,4262,T
1-PB2,851,1,3,4251,0,4255,G
1-PB2,852,1,3,0,4270,4274,C
1-PB2,853,10,1,0,4247,4258,C
1-PB2,854,4244,0,3,1,4248,A
1-PB2,855,1,0,0,4243,4244,C
1-PB2,856,4192,0,5,1,4198,A
1-PB2,857,2,1,4237,0,4240,G
1-PB2,858,0,2,0,4167,4169,C
1-PB2,859,4151,0,5,0,4156,A
1-PB2,860,1,2,0,4159,4162,C
1-PB2,861,4144,2,7,1,4154,A
1-PB2,862,3,1,0,4175,4179,C
1-PB2,863,4161,1,2,0,4164,A
1-PB2,864,4158,0,10,0,4168,A
1-PB2,865,4163,0,3,0,4166,A
1-PB2,866,0,4089,0,2,4091,T
1-PB2,867,0,4092,1,1,4094,T
1-PB2,868,3,9,4081,0,4093,G
1-PB2,869,1,5,4081,0,4087,G
1-PB2,870,0,2,0,4090,4092,C
1-PB2,871,4,4,4060,1,4069,G
1-PB2,872,1,14,4056,0,4071,G
1-PB2,873,4058,0,0,0,4058,A
1-PB2,874,4146,0,4,0,4150,A
1-PB2,875,1,1,0,4161,4163,C
1-PB2,876,4165,0,1,0,4166,A
1-PB2,877,4167,0,5,0,4172,A
1-PB2,878,0,4,4185,0,4189,G
1-PB2,879,0,5,4183,1,4189,G
1-PB2,880,4202,1,2,4,4209,A
1-PB2,881,0,4002,0,3,4005,T
1-PB2,882,1,9,3989,0,3999,G
1-PB2,883,3,1,4019,0,4023,G
1-PB2,884,0,3990,0,8,3998,T
1-PB2,885,3,7,3979,0,3989,G
1-PB2,886,2,12,3955,0,3969,G
1-PB2,887,3939,0,8,1,3948,A
1-PB2,888,0,1,1,3944,3946,C
1-PB2,889,3908,0,1,0,3909,A
1-PB2,890,0,4361,0,1,4362,T
1-PB2,891,1,4343,1,4,4349,T
1-PB2,892,9,1,0,4346,4356,C
1-PB2,893,1,4304,1,2,4308,T
1-PB2,894,0,4306,0,1,4307,T
1-PB2,895,4308,0,3,0,4311,A
1-PB2,896,0,8,4327,1,4336,G
1-PB2,897,4326,0,5,0,4331,A
1-PB2,898,0,1,0,4327,4328,C
1-PB2,899,3673,1,5,0,3679,A
1-PB2,900,1,7,3731,1,3740,G
1-PB2,901,3713,0,9,0,3722,A
1-PB2,902,3729,1,3,0,3733,A
1-PB2,903,1,1,1,3727,3730,C
1-PB2,904,2,2,0,3724,3728,C
1-PB2,905,2,2,0,3715,3719,C
1-PB2,906,2,13,3707,0,3722,G
1-PB2,907,3725,1,3,2,3731,A
1-PB2,908,0,2,0,3733,3735,C
1-PB2,909,1,3702,1,4,3708,T
1-PB2,910,2,4,3718,0,3724,G
1-PB2,911,3712,1,9,1,3723,A
1-PB2,912,3731,0,8,0,3739,A
1-PB2,913,1,13,3747,0,3761,G
1-PB2,914,3740,0,8,0,3748,A
1-PB2,915,3746,0,4,1,3751,A
1-PB2,916,0,2,0,3745,3747,C
1-PB2,917,3704,0,6,0,3710,A
1-PB2,918,3727,1,2,0,3730,A
1-PB2,919,2,2,3759,0,3763,G
1-PB2,920,2,0,0,3781,3783,C
1-PB2,921,0,3759,0,4,3763,T
1-PB2,922,0,6,3821,0,3827,G
1-PB2,923,0,3810,0,2,3812,T
1-PB2,924,1,10,3872,1,3884,G
1-PB2,925,0,2,4010,1,4013,G
1-PB2,926,4011,0,5,0,4016,A
1-PB2,927,0,4015,0,2,4017,T
1-PB2,928,3997,1,0,0,3998,A
1-PB2,929,0,3960,0,0,3960,T
1-PB2,930,4072,2,1,0,4075,A
1-PB2,931,0,4009,0,1,4010,T
1-PB2,932,2,0,4008,0,4010,G
1-PB2,933,0,3,0,3961,3964,C
1-PB2,934,3812,0,8,0,3820,A
1-PB2,935,3814,2,3,0,3819,A
1-PB2,936,0,6,3803,0,3809,G
1-PB2,937,0,2,3812,1,3815,G
1-PB2,938,5,0,0,3814,3819,C
1-PB2,939,1,3742,0,4,3747,T
1-PB2,940,0,1,3770,0,3771,G
1-PB2,941,1,0,1,3763,3765,C
1-PB2,942,3768,0,4,0,3772,A
1-PB2,943,3780,0,4,0,3784,A
1-PB2,944,0,3755,0,3,3758,T
1-PB2,945,1,4,3766,0,3771,G
1-PB2,946,1,5,3742,0,3748,G
1-PB2,947,2,7,3749,0,3758,G
1-PB2,948,3763,1,8,0,3772,A
1-PB2,949,0,3754,0,1,3755,T
1-PB2,950,1,3743,0,4,3748,T
1-PB2,951,0,12,3740,0,3752,G
1-PB2,952,3739,0,9,0,3748,A
1-PB2,953,2,9,3763,1,3775,G
1-PB2,954,3749,0,4,0,3753,A
1-PB2,955,3721,2,3,0,3726,A
1-PB2,956,1,3696,0,1,3698,T
1-PB2,957,16,2,1,3692,3711,C
1-PB2,958,3694,0,6,0,3700,A
1-PB2,959,4,1,3723,0,3728,G
1-PB2,960,0,1,0,3717,3718,C
1-PB2,961,0,3700,0,5,3705,T
1-PB2,962,10,0,0,3686,3696,C
1-PB2,963,3707,0,0,0,3707,A
1-PB2,964,0,3768,1,5,3774,T
1-PB2,965,10,2,0,3767,3779,C
1-PB2,966,6,1,0,3796,3803,C
1-PB2,967,0,3771,1,13,3785,T
1-PB2,968,1,3778,0,4,3783,T
1-PB2,969,5,2,0,3774,3781,C
1-PB2,970,3780,0,2,0,3782,A
1-PB2,971,0,0,3819,0,3819,G
1-PB2,972,0,3,0,3818,3821,C
1-PB2,973,2,3738,0,7,3747,T
1-PB2,974,1,3756,0,1,3758,T
1-PB2,975,0,3729,1,5,3735,T
1-PB2,976,3,3,3741,0,3747,G
1-PB2,977,1,0,3743,0,3744,G
1-PB2,978,1,3731,1,5,3738,T
1-PB2,979,1,3,3747,0,3751,G
1-PB2,980,2,4,3734,1,3741,G
1-PB2,981,3,1,3770,0,3774,G
1-PB2,982,0,3752,0,8,3760,T
1-PB2,983,0,3736,4,15,3755,T
1-PB2,984,0,3758,0,0,3758,T
1-PB2,985,3766,1,2,0,3769,A
1-PB2,986,0,2,0,3784,3786,C
1-PB2,987,3785,0,0,0,3785,A
1-PB2,988,0,3771,1,1,3773,T
1-PB2,989,0,3718,0,3,3721,T
1-PB2,990,1,3723,0,1,3725,T
1-PB2,991,3722,0,0,0,3722,A
1-PB2,992,3715,0,6,0,3721,A
1-PB2,993,3720,1,2,0,3723,A
1-PB2,994,3704,1,8,0,3713,A
1-PB2,995,0,10,3730,1,3741,G
1-PB2,996,3717,0,5,0,3722,A
1-PB2,997,3721,1,2,0,3724,A
1-PB2,998,2,1,0,3726,3729,C
1-PB2,999,3706,0,4,1,3711,A
1-PB2,1000,3706,0,5,0,3711,A
1-PB2,1001,1,0,3716,0,3717,G
1-PB2,1002,2,5,0,3721,3728,C
1-PB2,1003,1,3,3716,1,3721,G
1-PB2,1004,5,6,3736,0,3747,G
1-PB2,1005,2,1,3750,0,3753,G
1-PB2,1006,41,3695,0,6,3742,T
1-PB2,1007,13,1,1,3726,3741,C
1-PB2,1008,3743,1,6,0,3750,A
1-PB2,1009,0,3734,0,4,3738,T
1-PB2,1010,5,1,1,3737,3744,C
1-PB2,1011,3720,1,5,0,3726,A
1-PB2,1012,1,1,3773,0,3775,G
1-PB2,1013,2,3725,0,3,3730,T
1-PB2,1014,14,0,0,3719,3733,C
1-PB2,1015,3723,1,6,0,3730,A
1-PB2,1016,3731,2,5,0,3738,A
1-PB2,1017,3739,0,2,0,3741,A
1-PB2,1018,3736,0,2,1,3739,A
1-PB2,1019,3762,0,2,0,3764,A
1-PB2,1020,3750,1,7,0,3758,A
1-PB2,1021,1,7,3769,0,3777,G
1-PB2,1022,3747,1,3,0,3751,A
1-PB2,1023,3738,0,8,0,3746,A
1-PB2,1024,1,3,3743,0,3747,G
1-PB2,1025,3724,0,5,0,3729,A
1-PB2,1026,3636,0,11,0,3647,A
1-PB2,1027,2,4,3646,0,3652,G
1-PB2,1028,3641,0,6,0,3647,A
1-PB2,1029,1,2,3641,1,3645,G
1-PB2,1030,1,0,3701,0,3702,G
1-PB2,1031,0,3691,3,3,3697,T
1-PB2,1032,4,0,3755,0,3759,G
1-PB2,1033,1,2,0,3771,3774,C
1-PB2,1034,1,3768,1,4,3774,T
1-PB2,1035,0,3780,0,3,3783,T
1-PB2,1036,3780,0,3,0,3783,A
1-PB2,1037,0,1,1,3784,3786,C
1-PB2,1038,3746,0,4,0,3750,A
1-PB2,1039,2,2,3739,0,3743,G
1-PB2,1040,4,1,3736,0,3741,G
1-PB2,1041,0,0,1,3676,3677,C
1-PB2,1042,3649,0,0,0,3649,A
1-PB2,1043,3666,0,1,0,3667,A
1-PB2,1044,2,3710,0,6,3718,T
1-PB2,1045,8,1,0,3757,3766,C
1-PB2,1046,1,3757,0,5,3763,T
1-PB2,1047,10,0,0,3758,3768,C
1-PB2,1048,5,1,1,3761,3768,C
1-PB2,1049,3762,1,6,0,3769,A
1-PB2,1050,3763,1,3,0,3767,A
1-PB2,1051,3773,1,4,2,3780,A
1-PB2,1052,2,0,0,3795,3797,C
1-PB2,1053,3715,1,0,0,3716,A
1-PB2,1054,0,3665,1,2,3668,T
1-PB2,1055,0,3602,0,2,3604,T
1-PB2,1056,1,8,3596,0,3605,G
1-PB2,1057,3589,0,6,0,3595,A
1-PB2,1058,2,11,3533,1,3547,G
1-PB2,1059,3690,0,1,0,3691,A
1-PB2,1060,3692,0,2,0,3694,A
1-PB2,1061,2,3717,0,1,3720,T
1-PB2,1062,3718,0,1,0,3719,A
1-PB2,1063,3725,0,6,0,3731,A
1-PB2,1064,1,15,3814,0,3830,G
1-PB2,1065,3759,0,17,2,3778,A
1-PB2,1066,0,0,3897,0,3897,G
1-PB2,1067,1,3773,0,5,3779,T
1-PB2,1068,3788,0,1,0,3789,A
1-PB2,1069,0,1,0,3864,3865,C
1-PB2,1070,3834,0,4,0,3838,A
1-PB2,1071,0,3823,0,2,3825,T
1-PB2,1072,1,5,3804,0,3810,G
1-PB2,1073,3714,1,9,0,3724,A
1-PB2,1074,0,3,3743,1,3747,G
1-PB2,1075,2,6,3752,0,3760,G
1-PB2,1076,2,8,3904,0,3914,G
1-PB2,1077,1,1,3943,1,3946,G
1-PB2,1078,1,3857,0,3,3861,T
1-PB2,1079,3875,2,1,0,3878,A
1-PB2,1080,0,3860,2,1,3863,T
1-PB2,1081,1,5,3866,0,3872,G
1-PB2,1082,3869,0,5,0,3874,A
1-PB2,1083,1,2,3859,0,3862,G
1-PB2,1084,0,10,3849,0,3859,G
1-PB2,1085,3548,1,5,0,3554,A
1-PB2,1086,1,1,3657,0,3659,G
1-PB2,1087,2,3642,0,8,3652,T
1-PB2,1088,2,3745,0,5,3752,T
1-PB2,1089,21,1,1,3746,3769,C
1-PB2,1090,3765,2,1,0,3768,A
1-PB2,1091,2,0,0,3768,3770,C
1-PB2,1092,3748,0,1,0,3749,A
1-PB2,1093,3753,0,1,0,3754,A
1-PB2,1094,0,3743,1,2,3746,T
1-PB2,1095,0,12,3658,0,3670,G
1-PB2,1096,2,1,3681,0,3684,G
1-PB2,1097,1,3586,1,5,3593,T
1-PB2,1098,3,6,3583,0,3592,G
1-PB2,1099,0,9,3597,0,3606,G
1-PB2,1100,2,3,3592,0,3597,G
1-PB2,1101,3,8,3609,1,3621,G
1-PB2,1102,3606,3,3,0,3612,A
1-PB2,1103,3602,0,8,0,3610,A
1-PB2,1104,3598,0,2,0,3600,A
1-PB2,1105,3519,0,9,0,3528,A
1-PB2,1106,1,15,3554,0,3570,G
1-PB2,1107,3534,0,9,0,3543,A
1-PB2,1108,0,1,3554,0,3555,G
1-PB2,1109,1,3,0,3544,3548,C
1-PB2,1110,3512,1,0,0,3513,A
1-PB2,1111,3513,1,8,0,3522,A
1-PB2,1112,0,2,0,3638,3640,C
1-PB2,1113,3636,0,4,0,3640,A
1-PB2,1114,0,0,3706,0,3706,G
1-PB2,1115,1,0,0,3670,3671,C
1-PB2,1116,1,3660,0,6,3667,T
1-PB2,1117,3765,0,1,0,3766,A
1-PB2,1118,1,3759,0,3,3763,T
1-PB2,1119,3773,0,5,0,3778,A
1-PB2,1120,1,0,0,3779,3780,C
1-PB2,1121,0,3577,2,1,3580,T
1-PB2,1122,3589,0,2,0,3591,A
1-PB2,1123,3517,0,2,1,3520,A
1-PB2,1124,0,5,3525,0,3530,G
1-PB2,1125,3523,0,6,2,3531,A
1-PB2,1126,3428,1,1,0,3430,A
1-PB2,1127,3424,0,3,0,3427,A
1-PB2,1128,3404,0,5,0,3409,A
1-PB2,1129,0,1,3416,0,3417,G
1-PB2,1130,1,2,0,3412,3415,C
1-PB2,1131,3397,1,0,0,3398,A
1-PB2,1132,3406,0,2,0,3408,A
1-PB2,1133,3,0,0,3410,3413,C
1-PB2,1134,3,1,0,3430,3434,C
1-PB2,1135,3429,0,3,0,3432,A
1-PB2,1136,0,4,3444,0,3448,G
1-PB2,1137,3447,0,3,0,3450,A
1-PB2,1138,3444,0,4,1,3449,A
1-PB2,1139,0,5,3464,0,3469,G
1-PB2,1140,3460,0,2,0,3462,A
1-PB2,1141,0,3449,0,0,3449,T
1-PB2,1142,0,3433,0,1,3434,T
1-PB2,1143,2,7,3431,0,3440,G
1-PB2,1144,1,2,3504,0,3507,G
1-PB2,1145,1,3482,0,7,3490,T
1-PB2,1146,1,3479,0,7,3487,T
1-PB2,1147,5,1,0,3476,3482,C
1-PB2,1148,3466,0,1,0,3467,A
1-PB2,1149,3458,2,2,1,3463,A
1-PB2,1150,2,1,0,3725,3728,C
1-PB2,1151,0,3723,0,1,3724,T
1-PB2,1152,11,0,0,3747,3758,C
1-PB2,1153,3699,0,5,0,3704,A
1-PB2,1154,0,3710,0,4,3714,T
1-PB2,1155,3718,0,4,0,3722,A
1-PB2,1156,1,0,3740,0,3741,G
1-PB2,1157,1,3612,0,4,3617,T
1-PB2,1158,1,9,3656,0,3666,G
1-PB2,1159,3500,1,2,0,3503,A
1-PB2,1160,0,2,3540,0,3542,G
1-PB2,1161,2,3520,0,7,3529,T
1-PB2,1162,1,6,3520,0,3527,G
1-PB2,1163,0,4,3546,1,3551,G
1-PB2,1164,3538,0,6,0,3544,A
1-PB2,1165,3509,2,4,7,3522,A
1-PB2,1166,2,7,3529,0,3538,G
1-PB2,1167,3483,1,11,1,3496,A
1-PB2,1168,0,4,3503,0,3507,G
1-PB2,1169,3471,1,7,0,3479,A
1-PB2,1170,0,2,0,3469,3471,C
1-PB2,1171,6,15,3449,1,3471,G
1-PB2,1172,3441,1,4,0,3446,A
1-PB2,1173,3466,0,2,0,3468,A
1-PB2,1174,1,0,0,3469,3470,C
1-PB2,1175,3442,0,3,0,3445,A
1-PB2,1176,2,0,3619,0,3621,G
1-PB2,1177,0,3595,0,7,3602,T
1-PB2,1178,11,1,0,3595,3607,C
1-PB2,1179,3600,1,5,0,3606,A
1-PB2,1180,3598,2,5,1,3606,A
1-PB2,1181,1,3605,0,1,3607,T
1-PB2,1182,3594,0,0,0,3594,A
1-PB2,1183,0,0,3599,0,3599,G
1-PB2,1184,2,1,0,3587,3590,C
1-PB2,1185,4,6,2,3454,3466,C
1-PB2,1186,2,5,3442,0,3449,G
1-PB2,1187,3458,0,0,0,3458,A
1-PB2,1188,3453,1,6,1,3461,A
1-PB2,1189,0,1,3511,0,3512,G
1-PB2,1190,4,0,0,3590,3594,C
1-PB2,1191,3590,0,2,0,3592,A
1-PB2,1192,3586,0,3,0,3589,A
1-PB2,1193,0,3589,0,1,3590,T
1-PB2,1194,3602,0,2,0,3604,A
1-PB2,1195,3640,0,5,0,3645,A
1-PB2,1196,1,3636,0,1,3638,T
1-PB2,1197,4,0,0,3621,3625,C
1-PB2,1198,4,0,3604,0,3608,G
1-PB2,1199,0,3527,0,3,3530,T
1-PB2,1200,1,5,3515,0,3521,G
1-PB2,1201,0,2,3557,0,3559,G
1-PB2,1202,1,4,0,3550,3555,C
1-PB2,1203,3,3,0,3548,3554,C
1-PB2,1204,3519,1,0,1,3521,A
1-PB2,1205,1,3516,0,3,3520,T
1-PB2,1206,2,4,3517,0,3523,G
1-PB2,1207,2,0,3570,0,3572,G
1-PB2,1208,0,3542,0,4,3546,T
1-PB2,1209,2,1,3567,0,3570,G
1-PB2,1210,0,3492,0,3,3495,T
1-PB2,1211,0,3487,0,9,3496,T
1-PB2,1212,1,3490,0,2,3493,T
1-PB2,1213,0,3493,1,6,3500,T
1-PB2,1214,7,3,0,3557,3567,C
1-PB2,1215,3560,1,3,0,3564,A
1-PB2,1216,2,1,0,3703,3706,C
1-PB2,1217,3660,1,3,1,3665,A
1-PB2,1218,3686,0,0,0,3686,A
1-PB2,1219,0,1,3690,0,3691,G
1-PB2,1220,3686,0,1,1,3688,A
1-PB2,1221,3541,0,135,0,3676,A
1-PB2,1222,1,3,3740,0,3744,G
1-PB2,1223,3735,0,2,0,3737,A
1-PB2,1224,0,3759,0,1,3760,T
1-PB2,1225,0,3719,0,1,3720,T
1-PB2,1226,0,3,3714,1,3718,G
1-PB2,1227,2,2,0,3668,3672,C
1-PB2,1228,3691,0,4,0,3695,A
1-PB2,1229,2,3737,0,3,3742,T
1-PB2,1230,2,5,3876,0,3883,G
1-PB2,1231,3903,0,8,1,3912,A
1-PB2,1232,0,3931,0,1,3932,T
1-PB2,1233,3925,0,3,0,3928,A
1-PB2,1234,3915,2,3,0,3920,A
1-PB2,1235,3916,0,2,0,3918,A
1-PB2,1236,3935,1,7,0,3943,A
1-PB2,1237,3,1,3955,0,3959,G
1-PB2,1238,1,6,0,4053,4060,C
1-PB2,1239,4111,1,3,0,4115,A
1-PB2,1240,1,0,4270,0,4271,G
1-PB2,1241,0,4257,1,2,4260,T
1-PB2,1242,0,4259,0,4,4263,T
1-PB2,1243,4256,0,1,0,4257,A
1-PB2,1244,1,7,4285,0,4293,G
1-PB2,1245,4276,0,3,2,4281,A
1-PB2,1246,2,3,4280,0,4285,G
1-PB2,1247,4,3,4263,0,4270,G
1-PB2,1248,0,4090,0,10,4100,T
1-PB2,1249,0,16,4095,0,4111,G
1-PB2,1250,4122,0,7,0,4129,A
1-PB2,1251,0,4,0,4128,4132,C
1-PB2,1252,3,4,1,4132,4140,C
1-PB2,1253,1,4125,1,6,4133,T
1-PB2,1254,1,7,4149,0,4157,G
1-PB2,1255,4151,1,2,0,4154,A
1-PB2,1256,4149,0,0,1,4150,A
1-PB2,1257,0,4131,2,2,4135,T
1-PB2,1258,0,4183,2,5,4190,T
1-PB2,1259,2,4193,1,2,4198,T
1-PB2,1260,15,1,0,4188,4204,C
1-PB2,1261,2,0,4198,0,4200,G
1-PB2,1262,0,4199,0,5,4204,T
1-PB2,1263,11,2,0,4189,4202,C
1-PB2,1264,4205,1,1,1,4208,A
1-PB2,1265,4208,3,0,0,4211,A
1-PB2,1266,2,3,1,4208,4214,C
1-PB2,1267,4160,1,3,0,4164,A
1-PB2,1268,0,10,4230,2,4242,G
1-PB2,1269,4205,3,10,0,4218,A
1-PB2,1270,2,3,4233,0,4238,G
1-PB2,1271,3,0,0,4235,4238,C
1-PB2,1272,4239,0,2,1,4242,A
1-PB2,1273,4281,0,4,0,4285,A
1-PB2,1274,4290,0,2,1,4293,A
1-PB2,1275,1,4288,0,0,4289,T
1-PB2,1276,10,2,0,4285,4297,C
1-PB2,1277,4240,3,7,2,4252,A
1-PB2,1278,4,1,4257,0,4262,G
1-PB2,1279,0,4,0,4271,4275,C
1-PB2,1280,2,3,4278,0,4283,G
1-PB2,1281,1,1,4533,0,4535,G
1-PB2,1282,1,4500,0,10,4511,T
1-PB2,1283,0,4504,0,1,4505,T
1-PB2,1284,0,15,4499,1,4515,G
1-PB2,1285,4515,0,9,0,4524,A
1-PB2,1286,4544,0,5,0,4549,A
1-PB2,1287,5,2,0,4577,4584,C
1-PB2,1288,4,4,1,4552,4561,C
1-PB2,1289,10,0,0,4581,4591,C
1-PB2,1290,8,3,0,4451,4462,C
1-PB2,1291,4484,0,4,1,4489,A
1-PB2,1292,0,4510,0,3,4513,T
1-PB2,1293,1,1,4519,0,4521,G
1-PB2,1294,2,3,0,4529,4534,C
1-PB2,1295,4511,1,1,0,4513,A
1-PB2,1296,0,4480,1,5,4486,T
1-PB2,1297,8,0,0,4467,4475,C
1-PB2,1298,4454,0,2,0,4456,A
1-PB2,1299,1,0,4525,0,4526,G
1-PB2,1300,1,0,0,4541,4542,C
1-PB2,1301,0,4530,0,9,4539,T
1-PB2,1302,1,4534,0,4,4539,T
1-PB2,1303,0,4520,0,6,4526,T
1-PB2,1304,0,4530,0,1,4531,T
1-PB2,1305,4530,0,4,0,4534,A
1-PB2,1306,4524,1,7,1,4533,A
1-PB2,1307,2,9,4519,0,4530,G
1-PB2,1308,3,1,4490,1,4495,G
1-PB2,1309,1,7,0,4473,4481,C
1-PB2,1310,4471,0,2,0,4473,A
1-PB2,1311,0,4473,0,1,4474,T
1-PB2,1312,0,4479,1,2,4482,T
1-PB2,1313,1,4481,0,2,4484,T
1-PB2,1314,0,4505,0,1,4506,T
1-PB2,1315,9,2,0,4500,4511,C
1-PB2,1316,4486,2,12,0,4500,A
1-PB2,1317,0,5,4496,0,4501,G
1-PB2,1318,4486,0,2,0,4488,A
1-PB2,1319,4489,0,3,0,4492,A
1-PB2,1320,4476,0,6,0,4482,A
1-PB2,1321,2,4,4494,0,4500,G
1-PB2,1322,4537,0,0,0,4537,A
1-PB2,1323,0,4532,0,2,4534,T
1-PB2,1324,1,0,4538,0,4539,G
1-PB2,1325,1,5,0,4533,4539,C
1-PB2,1326,5,10,4529,0,4544,G
1-PB2,1327,4548,1,3,0,4552,A
1-PB2,1328,4540,0,1,0,4541,A
1-PB2,1329,4538,1,7,0,4546,A
1-PB2,1330,1,3,4546,0,4550,G
1-PB2,1331,0,4501,1,9,4511,T
1-PB2,1332,3,3,4512,0,4518,G
1-PB2,1333,1,6,0,4499,4506,C
1-PB2,1334,0,4487,0,14,4501,T
1-PB2,1335,0,4500,1,2,4503,T
1-PB2,1336,0,4506,1,6,4513,T
1-PB2,1337,0,4495,0,7,4502,T
1-PB2,1338,1,4504,0,8,4513,T
1-PB2,1339,10,0,1,4494,4505,C
1-PB2,1340,4504,0,3,1,4508,A
1-PB2,1341,4523,0,2,1,4526,A
1-PB2,1342,4515,0,2,0,4517,A
1-PB2,1343,4528,0,1,1,4530,A
1-PB2,1344,0,4520,0,0,4520,T
1-PB2,1345,1,4523,0,1,4525,T
1-PB2,1346,1,4,4524,0,4529,G
1-PB2,1347,2,9,4521,0,4532,G
1-PB2,1348,1,5,4527,1,4534,G
1-PB2,1349,1,13,4578,0,4592,G
1-PB2,1350,4558,0,11,0,4569,A
1-PB2,1351,1,0,4643,0,4644,G
1-PB2,1352,0,4630,0,5,4635,T
1-PB2,1353,0,4629,0,3,4632,T
1-PB2,1354,1,27,4636,1,4665,G
1-PB2,1355,4665,0,4,0,4669,A
1-PB2,1356,4666,1,13,0,4680,A
1-PB2,1357,0,1,0,4772,4773,C
1-PB2,1358,4715,1,4,0,4720,A
1-PB2,1359,95,1,1,4724,4821,C
1-PB2,1360,4755,0,2,1,4758,A
1-PB2,1361,0,4765,0,2,4767,T
1-PB2,1362,4,0,1,4764,4769,C
1-PB2,1363,3,13,4739,0,4755,G
1-PB2,1364,4758,0,6,0,4764,A
1-PB2,1365,1,2,1,4751,4755,C
1-PB2,1366,4617,1,4,0,4622,A
1-PB2,1367,1,0,4768,0,4769,G
1-PB2,1368,0,4678,0,6,4684,T
1-PB2,1369,1,1,4737,0,4739,G
1-PB2,1370,1,4708,0,7,4716,T
1-PB2,1371,4,4,4718,0,4726,G
1-PB2,1372,4713,0,7,1,4721,A
1-PB2,1373,0,4692,0,5,4697,T
1-PB2,1374,1,3,4703,0,4707,G
1-PB2,1375,3,6,4696,0,4705,G
1-PB2,1376,3,10,4628,0,4641,G
1-PB2,1377,4619,0,4,0,4623,A
1-PB2,1378,4579,0,6,0,4585,A
1-PB2,1379,1,4583,0,7,4591,T
1-PB2,1380,1,9,4613,0,4623,G
1-PB2,1381,4631,0,5,0,4636,A
1-PB2,1382,0,4627,1,5,4633,T
1-PB2,1383,1,4611,1,5,4618,T
1-PB2,1384,2,7,4592,0,4601,G
1-PB2,1385,2,7,4678,0,4687,G
1-PB2,1386,4656,0,13,1,4670,A
1-PB2,1387,3,4,4702,0,4709,G
1-PB2,1388,0,4668,0,3,4671,T
1-PB2,1389,4626,1,3,0,4630,A
1-PB2,1390,0,4622,1,2,4625,T
1-PB2,1391,0,4661,1,4,4666,T
1-PB2,1392,4715,0,3,0,4718,A
1-PB2,1393,1,1,0,4726,4728,C
1-PB2,1394,3,3,0,4656,4662,C
1-PB2,1395,4589,2,3,0,4594,A
1-PB2,1396,0,4,4611,0,4615,G
1-PB2,1397,4675,0,5,0,4680,A
1-PB2,1398,0,4632,3,4,4639,T
1-PB2,1399,4618,0,0,0,4618,A
1-PB2,1400,0,4567,0,4,4571,T
1-PB2,1401,2,20,4520,0,4542,G
1-PB2,1402,4573,0,4,1,4578,A
1-PB2,1403,2,0,0,4598,4600,C
1-PB2,1404,1,4573,0,11,4585,T
1-PB2,1405,6,0,1,4556,4563,C
1-PB2,1406,4,3,1,4507,4515,C
1-PB2,1407,4521,1,5,0,4527,A
1-PB2,1408,4532,1,9,1,4543,A
1-PB2,1409,4,2,4626,0,4632,G
1-PB2,1410,3,5,0,4606,4614,C
1-PB2,1411,4605,1,2,0,4608,A
1-PB2,1412,2,2,0,4609,4613,C
1-PB2,1413,4560,2,10,0,4572,A
1-PB2,1414,1,0,4582,0,4583,G
1-PB2,1415,4548,0,5,1,4554,A
1-PB2,1416,2,4,4585,1,4592,G
1-PB2,1417,4596,1,6,0,4603,A
1-PB2,1418,2,4475,0,10,4487,T
1-PB2,1419,4,0,4540,0,4544,G
1-PB2,1420,2,4514,0,11,4527,T
1-PB2,1421,16,1,1,4504,4522,C
1-PB2,1422,4545,0,4,0,4549,A
1-PB2,1423,4514,0,6,1,4521,A
1-PB2,1424,1,4518,0,2,4521,T
1-PB2,1425,0,8,4495,1,4504,G
1-PB2,1426,4428,1,9,0,4438,A
1-PB2,1427,1,4,4453,0,4458,G
1-PB2,1428,4374,0,14,0,4388,A
1-PB2,1429,1,3,4410,1,4415,G
1-PB2,1430,1,9,4566,0,4576,G
1-PB2,1431,4572,0,3,0,4575,A
1-PB2,1432,4575,0,5,1,4581,A
1-PB2,1433,0,4578,1,1,4580,T
1-PB2,1434,4573,0,1,1,4575,A
1-PB2,1435,4560,0,7,1,4568,A
1-PB2,1436,0,7,4557,0,4564,G
1-PB2,1437,4528,3,12,0,4543,A
1-PB2,1438,3,1,4550,0,4554,G
1-PB2,1439,0,4282,1,2,4285,T
1-PB2,1440,12,1,1,4291,4305,C
1-PB2,1441,4288,1,7,0,4296,A
1-PB2,1442,3,2,4339,0,4344,G
1-PB2,1443,2,2,0,4343,4347,C
1-PB2,1444,4342,0,2,1,4345,A
1-PB2,1445,4343,1,2,1,4347,A
1-PB2,1446,4332,0,2,0,4334,A
1-PB2,1447,4336,0,4,1,4341,A
1-PB2,1448,2,4327,0,1,4330,T
1-PB2,1449,0,11,4321,2,4334,G
1-PB2,1450,2,4,4333,0,4339,G
1-PB2,1451,2,0,4353,0,4355,G
1-PB2,1452,0,4307,0,5,4312,T
1-PB2,1453,2,0,4319,0,4321,G
1-PB2,1454,0,4319,0,4,4323,T
1-PB2,1455,11,2,4323,0,4336,G
1-PB2,1456,5,5,4388,0,4398,G
1-PB2,1457,4391,2,2,0,4395,A
1-PB2,1458,0,4375,0,2,4377,T
1-PB2,1459,3,18,4378,2,4401,G
1-PB2,1460,4377,0,4,0,4381,A
1-PB2,1461,4391,0,5,0,4396,A
1-PB2,1462,1,4386,0,1,4388,T
1-PB2,1463,4351,0,3,0,4354,A
1-PB2,1464,1,0,0,4643,4644,C
1-PB2,1465,0,4511,1,7,4519,T
1-PB2,1466,12,0,2,4555,4569,C
1-PB2,1467,7,3,1,4558,4569,C
1-PB2,1468,4555,1,5,0,4561,A
1-PB2,1469,1,2,4716,0,4719,G
1-PB2,1470,0,4703,0,0,4703,T
1-PB2,1471,4737,1,1,0,4739,A
1-PB2,1472,2,1,0,4740,4743,C
1-PB2,1473,4333,1,4,0,4338,A
1-PB2,1474,0,11,4332,0,4343,G
1-PB2,1475,4234,1,6,0,4241,A
1-PB2,1476,0,6,4262,0,4268,G
1-PB2,1477,4166,0,6,0,4172,A
1-PB2,1478,2,5,4052,0,4059,G
1-PB2,1479,1,5,4038,1,4045,G
1-PB2,1480,0,3,4054,0,4057,G
1-PB2,1481,1,4001,1,3,4006,T
1-PB2,1482,3,7,3992,0,4002,G
1-PB2,1483,1,1,4003,0,4005,G
1-PB2,1484,0,3981,0,2,3983,T
1-PB2,1485,0,4,4069,0,4073,G
1-PB2,1486,1,1,4071,0,4073,G
1-PB2,1487,0,3965,0,6,3971,T
1-PB2,1488,0,3969,0,2,3971,T
1-PB2,1489,3928,0,3,0,3931,A
1-PB2,1490,4,1,3944,0,3949,G
1-PB2,1491,1,1,0,3940,3942,C
1-PB2,1492,3921,0,1,0,3922,A
1-PB2,1493,0,3915,0,2,3917,T
1-PB2,1494,0,3737,0,0,3737,T
1-PB2,1495,1,14,3727,1,3743,G
1-PB2,1496,3735,1,2,0,3738,A
1-PB2,1497,0,3731,0,0,3731,T
1-PB2,1498,12,2,0,3723,3737,C
1-PB2,1499,2,3,3709,1,3715,G
1-PB2,1500,0,0,3768,1,3769,G
1-PB2,1501,0,3749,0,2,3751,T
1-PB2,1502,0,3750,0,3,3753,T
1-PB2,1503,1,3731,0,5,3737,T
1-PB2,1504,2,3740,0,1,3743,T
1-PB2,1505,2,3745,0,1,3748,T
1-PB2,1506,2,9,3749,0,3760,G
1-PB2,1507,3740,0,5,0,3745,A
1-PB2,1508,1,1,3759,0,3761,G
1-PB2,1509,3620,0,5,1,3626,A
1-PB2,1510,1,1,3647,0,3649,G
1-PB2,1511,1,3649,0,4,3654,T
1-PB2,1512,2,3648,0,1,3651,T
1-PB2,1513,17,2,2,3633,3654,C
1-PB2,1514,1,5,3649,0,3655,G
1-PB2,1515,3652,1,10,0,3663,A
1-PB2,1516,1,13,3644,0,3658,G
1-PB2,1517,3652,0,4,1,3657,A
1-PB2,1518,0,2,0,3649,3651,C
1-PB2,1519,9,2,0,3618,3629,C
1-PB2,1520,3599,0,5,0,3604,A
1-PB2,1521,3638,0,2,0,3640,A
1-PB2,1522,0,1,0,3649,3650,C
1-PB2,1523,0,1,3655,0,3656,G
1-PB2,1524,1,3623,1,3,3628,T
1-PB2,1525,1,2,3621,0,3624,G
1-PB2,1526,2,2,3630,0,3634,G
1-PB2,1527,0,4,3649,0,3653,G
1-PB2,1528,3614,1,6,0,3621,A
1-PB2,1529,3630,0,1,0,3631,A
1-PB2,1530,0,3538,0,1,3539,T
1-PB2,1531,2,0,3683,0,3685,G
1-PB2,1532,0,3658,0,5,3663,T
1-PB2,1533,3672,0,3,0,3675,A
1-PB2,1534,0,3667,0,8,3675,T
1-PB2,1535,0,3633,0,3,3636,T
1-PB2,1536,3683,1,4,0,3688,A
1-PB2,1537,0,3665,0,3,3668,T
1-PB2,1538,0,3625,0,2,3627,T
1-PB2,1539,3619,0,0,0,3619,A
1-PB2,1540,1,3243,0,3,3247,T
1-PB2,1541,3,1,0,3345,3349,C
1-PB2,1542,0,3305,0,7,3312,T
1-PB2,1543,7,0,0,3310,3317,C
1-PB2,1544,3,1,0,3319,3323,C
1-PB2,1545,1,3216,0,4,3221,T
1-PB2,1546,0,1,3234,0,3235,G
1-PB2,1547,3216,0,6,0,3222,A
1-PB2,1548,1,1,3225,0,3227,G
1-PB2,1549,0,0,3218,1,3219,G
1-PB2,1550,2883,1,5,0,2889,A
1-PB2,1551,0,3,2912,0,2915,G
1-PB2,1552,0,0,2899,0,2899,G
1-PB2,1553,0,2830,0,4,2834,T
1-PB2,1554,11,0,0,2827,2838,C
1-PB2,1555,2809,0,3,0,2812,A
1-PB2,1556,1,0,2845,0,2846,G
1-PB2,1557,0,2826,0,8,2834,T
1-PB2,1558,1,9,2823,0,2833,G
1-PB2,1559,2831,4,3,0,2838,A
1-PB2,1560,2745,0,2,1,2748,A
1-PB2,1561,2744,1,7,0,2752,A
1-PB2,1562,1,4,0,2750,2755,C
1-PB2,1563,2724,1,2,0,2727,A
1-PB2,1564,2,1,1,2722,2726,C
1-PB2,1565,2620,1,3,0,2624,A
1-PB2,1566,2,3,2622,0,2627,G
1-PB2,1567,2,3,2612,0,2617,G
1-PB2,1568,2,2,2633,0,2637,G
1-PB2,1569,2634,0,4,0,2638,A
1-PB2,1570,2603,1,6,0,2610,A
1-PB2,1571,0,0,0,2629,2629,C
1-PB2,1572,0,2584,0,2,2586,T
1-PB2,1573,0,2,2583,1,2586,G
1-PB2,1574,2568,2,4,1,2575,A
1-PB2,1575,3,3,2572,0,2578,G
1-PB2,1576,2527,0,2,0,2529,A
1-PB2,1577,0,3,2423,0,2426,G
1-PB2,1578,2417,0,2,0,2419,A
1-PB2,1579,0,0,0,2416,2416,C
1-PB2,1580,1,2333,0,2,2336,T
1-PB2,1581,1,4,2359,0,2364,G
1-PB2,1582,2349,0,5,0,2354,A
1-PB2,1583,0,2,0,2362,2364,C
1-PB2,1584,2348,0,4,0,2352,A
1-PB2,1585,2348,0,2,0,2350,A
1-PB2,1586,1,2341,0,0,2342,T
1-PB2,1587,2374,0,0,0,2374,A
1-PB2,1588,2374,0,3,0,2377,A
1-PB2,1589,1,2,0,2395,2398,C
1-PB2,1590,0,2238,0,5,2243,T
1-PB2,1591,0,2220,0,0,2220,T
1-PB2,1592,2198,1,1,0,2200,A
1-PB2,1593,1,2195,0,2,2198,T
1-PB2,1594,1,2187,1,2,2191,T
1-PB2,1595,6,1,0,2182,2189,C
1-PB2,1596,2072,0,0,0,2072,A
1-PB2,1597,0,2071,0,1,2072,T
1-PB2,1598,2,1,0,2013,2016,C
1-PB2,1599,0,0,2016,0,2016,G
1-PB2,1600,0,2036,1,2,2039,T
1-PB2,1601,2,0,0,2015,2017,C
1-PB2,1602,1,2,2022,0,2025,G
1-PB2,1603,2022,0,3,0,2025,A
1-PB2,1604,0,2026,1,1,2028,T
1-PB2,1605,1,1,2032,0,2034,G
1-PB2,1606,2043,0,6,0,2049,A
1-PB2,1607,0,2043,0,1,2044,T
1-PB2,1608,2,0,2042,0,2044,G
1-PB2,1609,0,1979,3,3,1985,T
1-PB2,1610,4,2,1971,0,1977,G
1-PB2,1611,1,0,1981,0,1982,G
1-PB2,1612,0,1,1978,1,1980,G
1-PB2,1613,1942,1,1,1,1945,A
1-PB2,1614,1,1,1940,0,1942,G
1-PB2,1615,1831,1,2,0,1834,A
1-PB2,1616,0,1795,0,1,1796,T
1-PB2,1617,0,1767,0,1,1768,T
1-PB2,1618,1758,0,2,1,1761,A
1-PB2,1619,1756,0,1,1,1758,A
1-PB2,1620,0,2,0,1739,1741,C
1-PB2,1621,1,1,1658,0,1660,G
1-PB2,1622,0,0,1677,0,1677,G
1-PB2,1623,1,1557,0,3,1561,T
1-PB2,1624,3,0,0,1547,1550,C
1-PB2,1625,1,0,0,1542,1543,C
1-PB2,1626,0,1484,0,4,1488,T
1-PB2,1627,0,4,1496,0,1500,G
1-PB2,1628,1503,0,2,0,1505,A
1-PB2,1629,0,0,1506,0,1506,G
1-PB2,1630,0,1503,1,2,1506,T
1-PB2,1631,4,0,0,1462,1466,C
1-PB2,1632,0,3,1463,0,1466,G
1-PB2,1633,0,0,1495,0,1495,G
1-PB2,1634,0,1495,0,1,1496,T
1-PB2,1635,0,1496,0,0,1496,T
1-PB2,1636,1,1492,0,0,1493,T
1-PB2,1637,0,1492,1,0,1493,T
1-PB2,1638,0,5,1526,0,1531,G
1-PB2,1639,1,0,1537,0,1538,G
1-PB2,1640,0,1532,0,3,1535,T
1-PB2,1641,5,0,0,1530,1535,C
1-PB2,1642,1514,0,0,0,1514,A
1-PB2,1643,1565,0,1,0,1566,A
1-PB2,1644,0,1565,0,1,1566,T
1-PB2,1645,1569,0,2,0,1571,A
1-PB2,1646,0,1,0,1608,1609,C
1-PB2,1647,4,0,0,1563,1567,C
1-PB2,1648,0,1564,1,2,1567,T
1-PB2,1649,1584,0,1,0,1585,A
1-PB2,1650,0,1586,0,0,1586,T
1-PB2,1651,3,2,1,1585,1591,C
1-PB2,1652,1542,0,1,0,1543,A
1-PB2,1653,1540,0,0,0,1540,A
1-PB2,1654,0,1541,0,1,1542,T
1-PB2,1655,0,8,1491,0,1499,G
1-PB2,1656,1,4,1494,0,1499,G
1-PB2,1657,1493,1,0,0,1494,A
1-PB2,1658,0,1457,0,1,1458,T
1-PB2,1659,5,0,1,1446,1452,C
1-PB2,1660,1458,0,1,0,1459,A
1-PB2,1661,0,1461,0,0,1461,T
1-PB2,1662,5,0,0,1463,1468,C
1-PB2,1663,1463,0,2,0,1465,A
1-PB2,1664,0,3,1469,0,1472,G
1-PB2,1665,1462,0,2,0,1464,A
1-PB2,1666,1460,0,1,0,1461,A
1-PB2,1667,1467,0,1,1,1469,A
1-PB2,1668,0,1466,0,0,1466,T
1-PB2,1669,0,1465,0,0,1465,T
1-PB2,1670,1,1,1461,0,1463,G
1-PB2,1671,4,4,1456,0,1464,G
1-PB2,1672,0,1,1458,0,1459,G
1-PB2,1673,1456,0,0,0,1456,A
1-PB2,1674,1446,0,0,0,1446,A
1-PB2,1675,0,0,1443,0,1443,G
1-PB2,1676,1,1,0,1443,1445,C
1-PB2,1677,0,1433,0,1,1434,T
1-PB2,1678,0,0,1460,1,1461,G
1-PB2,1679,0,1460,1,2,1463,T
1-PB2,1680,8,0,0,1450,1458,C
1-PB2,1681,1463,0,0,0,1463,A
1-PB2,1682,1462,1,0,1,1464,A
1-PB2,1683,1462,0,0,0,1462,A
1-PB2,1684,1469,0,2,0,1471,A
1-PB2,1685,0,1473,0,0,1473,T
1-PB2,1686,0,1472,0,0,1472,T
1-PB2,1687,2,0,0,1449,1451,C
1-PB2,1688,1458,0,1,0,1459,A
1-PB2,1689,1455,1,0,1,1457,A
1-PB2,1690,0,1461,0,0,1461,T
1-PB2,1691,0,3,1455,0,1458,G
1-PB2,1692,0,0,1469,0,1469,G
1-PB2,1693,1,1493,0,1,1495,T
1-PB2,1694,3,1,1,1501,1506,C
1-PB2,1695,0,1505,0,5,1510,T
1-PB2,1696,0,0,0,1509,1509,C
1-PB2,1697,1509,0,2,0,1511,A
1-PB2,1698,0,1,1512,0,1513,G
1-PB2,1699,1509,0,2,0,1511,A
1-PB2,1700,1527,0,0,0,1527,A
1-PB2,1701,0,1507,0,0,1507,T
1-PB2,1702,3,0,0,1473,1476,C
1-PB2,1703,2,0,0,1495,1497,C
1-PB2,1704,0,1495,0,1,1496,T
1-PB2,1705,0,0,1502,0,1502,G
1-PB2,1706,0,2,0,1494,1496,C
1-PB2,1707,1487,0,2,0,1489,A
1-PB2,1708,1513,0,1,0,1514,A
1-PB2,1709,0,1503,0,0,1503,T
1-PB2,1710,0,0,1522,0,1522,G
1-PB2,1711,0,1527,0,1,1528,T
1-PB2,1712,1,1486,0,0,1487,T
1-PB2,1713,2,1,1492,0,1495,G
1-PB2,1714,0,1494,0,0,1494,T
1-PB2,1715,1493,1,1,0,1495,A
1-PB2,1716,0,0,0,1500,1500,C
1-PB2,1717,1471,0,2,0,1473,A
1-PB2,1718,1480,0,1,0,1481,A
1-PB2,1719,0,1,0,1453,1454,C
1-PB2,1720,1422,0,1,0,1423,A
1-PB2,1721,1424,0,1,0,1425,A
1-PB2,1722,1407,0,1,0,1408,A
1-PB2,1723,1402,1,4,0,1407,A
1-PB2,1724,0,1407,0,0,1407,T
1-PB2,1725,1,2,1397,0,1400,G
1-PB2,1726,0,6,1402,0,1408,G
1-PB2,1727,1400,1,1,1,1403,A
1-PB2,1728,1410,0,2,1,1413,A
1-PB2,1729,1,1407,1,0,1409,T
1-PB2,1730,0,1410,0,0,1410,T
1-PB2,1731,0,1413,0,0,1413,T
1-PB2,1732,0,8,1397,0,1405,G
1-PB2,1733,1409,0,4,0,1413,A
1-PB2,1734,1412,0,1,0,1413,A
1-PB2,1735,2,0,0,1406,1408,C
1-PB2,1736,3,2,0,1401,1406,C
1-PB2,1737,1417,0,0,0,1417,A
1-PB2,1738,0,1428,0,2,1430,T
1-PB2,1739,1,1423,0,0,1424,T
1-PB2,1740,0,1427,0,2,1429,T
1-PB2,1741,3,1,0,1424,1428,C
1-PB2,1742,1431,0,1,0,1432,A
1-PB2,1743,1438,0,0,0,1438,A
1-PB2,1744,0,1439,0,0,1439,T
1-PB2,1745,2,0,0,1461,1463,C
1-PB2,1746,0,1443,0,4,1447,T
1-PB2,1747,0,1446,0,1,1447,T
1-PB2,1748,1,1451,1,0,1453,T
1-PB2,1749,1445,0,2,0,1447,A
1-PB2,1750,0,0,1446,0,1446,G
1-PB2,1751,1,1448,0,2,1451,T
1-PB2,1752,5,1,0,1474,1480,C
1-PB2,1753,4,0,0,1466,1470,C
1-PB2,1754,4,0,0,1451,1455,C
1-PB2,1755,4,0,0,1456,1460,C
1-PB2,1756,1454,0,0,0,1454,A
1-PB2,1757,1453,0,1,0,1454,A
1-PB2,1758,0,1,1486,0,1487,G
1-PB2,1759,2,0,1478,0,1480,G
1-PB2,1760,0,2,0,1476,1478,C
1-PB2,1761,1,0,0,1462,1463,C
1-PB2,1762,1456,0,0,0,1456,A
1-PB2,1763,0,1479,0,1,1480,T
1-PB2,1764,0,1480,0,0,1480,T
1-PB2,1765,1478,0,1,0,1479,A
1-PB2,1766,0,1,1478,0,1479,G
1-PB2,1767,1441,0,3,0,1444,A
1-PB2,1768,1505,0,1,0,1506,A
1-PB2,1769,0,1,1517,0,1518,G
1-PB2,1770,1,0,0,1516,1517,C
1-PB2,1771,4,0,0,1512,1516,C
1-PB2,1772,1503,1,1,0,1505,A
1-PB2,1773,1516,1,3,0,1520,A
1-PB2,1774,0,1524,0,1,1525,T
1-PB2,1775,1532,0,2,0,1534,A
1-PB2,1776,0,0,0,1537,1537,C
1-PB2,1777,1447,1,0,0,1448,A
1-PB2,1778,1,0,1456,0,1457,G
1-PB2,1779,0,1425,0,1,1426,T
1-PB2,1780,0,6,1443,0,1449,G
1-PB2,1781,0,4,1438,0,1442,G
1-PB2,1782,0,0,1449,0,1449,G
1-PB2,1783,0,1434,0,4,1438,T
1-PB2,1784,0,1428,0,0,1428,T
1-PB2,1785,0,1445,0,1,1446,T
1-PB2,1786,1,0,1463,0,1464,G
1-PB2,1787,1,1456,0,2,1459,T
1-PB2,1788,9,0,0,1451,1460,C
1-PB2,1789,1438,1,1,1,1441,A
1-PB2,1790,0,2,1440,0,1442,G
1-PB2,1791,1435,0,1,0,1436,A
1-PB2,1792,1433,0,2,0,1435,A
1-PB2,1793,0,0,0,1442,1442,C
1-PB2,1794,0,1403,1,3,1407,T
1-PB2,1795,3,0,0,1438,1441,C
1-PB2,1796,0,1441,0,0,1441,T
1-PB2,1797,1445,1,1,0,1447,A
1-PB2,1798,1,1442,0,1,1444,T
1-PB2,1799,0,1437,0,1,1438,T
1-PB2,1800,2,1,0,1436,1439,C
1-PB2,1801,0,2,0,1434,1436,C
1-PB2,1802,1419,0,4,0,1423,A
1-PB2,1803,1429,0,0,0,1429,A
1-PB2,1804,0,2,0,1427,1429,C
1-PB2,1805,1419,0,1,0,1420,A
1-PB2,1806,1425,0,0,0,1425,A
1-PB2,1807,1425,0,1,0,1426,A
1-PB2,1808,0,1425,0,1,1426,T
1-PB2,1809,0,5,1425,0,1430,G
1-PB2,1810,1414,1,1,0,1416,A
1-PB2,1811,0,2,1421,0,1423,G
1-PB2,1812,1410,0,2,0,1412,A
1-PB2,1813,1,3,1420,0,1424,G
1-PB2,1814,1421,0,2,0,1423,A
1-PB2,1815,1,1,0,1410,1412,C
1-PB2,1816,2,0,1422,0,1424,G
1-PB2,1817,0,1423,0,0,1423,T
1-PB2,1818,1429,1,1,0,1431,A
1-PB2,1819,1,0,0,1433,1434,C
1-PB2,1820,1,1418,0,0,1419,T
1-PB2,1821,0,1418,0,3,1421,T
1-PB2,1822,0,1,1418,0,1419,G
1-PB2,1823,1,3,1416,0,1420,G
1-PB2,1824,1,5,1416,0,1422,G
1-PB2,1825,1412,0,4,0,1416,A
1-PB2,1826,0,1,0,1424,1425,C
1-PB2,1827,1424,0,1,0,1425,A
1-PB2,1828,0,1428,0,2,1430,T
1-PB2,1829,0,1430,1,1,1432,T
1-PB2,1830,0,1436,0,0,1436,T
1-PB2,1831,7,6,1423,0,1436,G
1-PB2,1832,1438,1,1,0,1440,A
1-PB2,1833,0,1,0,1440,1441,C
1-PB2,1834,1428,0,4,0,1432,A
1-PB2,1835,0,0,0,1440,1440,C
1-PB2,1836,3,0,0,1405,1408,C
1-PB2,1837,1413,1,1,0,1415,A
1-PB2,1838,1,0,1,1416,1418,C
1-PB2,1839,2,0,0,1419,1421,C
1-PB2,1840,3,0,0,1419,1422,C
1-PB2,1841,1421,0,1,0,1422,A
1-PB2,1842,0,0,1443,0,1443,G
1-PB2,1843,1440,0,0,0,1440,A
1-PB2,1844,0,1477,0,1,1478,T
1-PB2,1845,1458,0,0,0,1458,A
1-PB2,1846,1450,1,0,0,1451,A
1-PB2,1847,0,1446,0,1,1447,T
1-PB2,1848,1442,0,0,0,1442,A
1-PB2,1849,1442,1,0,0,1443,A
1-PB2,1850,1418,0,6,0,1424,A
1-PB2,1851,2,0,1432,0,1434,G
1-PB2,1852,1,0,0,1423,1424,C
1-PB2,1853,0,1372,0,4,1376,T
1-PB2,1854,0,1366,0,2,1368,T
1-PB2,1855,3,0,0,1371,1374,C
1-PB2,1856,2,1362,0,3,1367,T
1-PB2,1857,3,2,0,1391,1396,C
1-PB2,1858,3,0,0,1390,1393,C
1-PB2,1859,7,0,0,1379,1386,C
1-PB2,1860,1,0,0,1344,1345,C
1-PB2,1861,0,1376,0,0,1376,T
1-PB2,1862,0,1378,0,1,1379,T
1-PB2,1863,0,1383,0,0,1383,T
1-PB2,1864,0,0,1381,1,1382,G
1-PB2,1865,1,0,0,1385,1386,C
1-PB2,1866,1363,0,2,1,1366,A
1-PB2,1867,2,0,1361,0,1363,G
1-PB2,1868,1,0,0,1366,1367,C
1-PB2,1869,0,1343,0,2,1345,T
1-PB2,1870,0,0,1348,0,1348,G
1-PB2,1871,1,1,0,1345,1347,C
1-PB2,1872,1,1336,1,4,1342,T
1-PB2,1873,3,1,1,1342,1347,C
1-PB2,1874,1,1,0,1348,1350,C
1-PB2,1875,1354,0,1,0,1355,A
1-PB2,1876,0,0,0,1353,1353,C
1-PB2,1877,3,1,0,1340,1344,C
1-PB2,1878,1340,0,1,0,1341,A
1-PB2,1879,1343,0,2,0,1345,A
1-PB2,1880,1341,0,3,0,1344,A
1-PB2,1881,0,0,1357,0,1357,G
1-PB2,1882,0,0,0,1355,1355,C
1-PB2,1883,1332,0,0,0,1332,A
1-PB2,1884,1334,1,2,0,1337,A
1-PB2,1885,1322,0,7,0,1329,A
1-PB2,1886,1,0,1346,0,1347,G
1-PB2,1887,0,0,0,1348,1348,C
1-PB2,1888,1331,0,1,0,1332,A
1-PB2,1889,0,2,1336,0,1338,G
1-PB2,1890,1315,1,1,1,1318,A
1-PB2,1891,1336,0,2,0,1338,A
1-PB2,1892,0,1336,0,0,1336,T
1-PB2,1893,2,2,1333,0,1337,G
1-PB2,1894,0,1,0,1338,1339,C
1-PB2,1895,1318,0,3,1,1322,A
1-PB2,1896,0,0,1339,0,1339,G
1-PB2,1897,0,1338,0,3,1341,T
1-PB2,1898,0,1375,0,2,1377,T
1-PB2,1899,6,0,0,1376,1382,C
1-PB2,1900,0,1360,0,2,1362,T
1-PB2,1901,5,0,0,1377,1382,C
1-PB2,1902,0,1373,0,4,1377,T
1-PB2,1903,0,1382,0,1,1383,T
1-PB2,1904,4,0,0,1380,1384,C
1-PB2,1905,1361,1,2,1,1365,A
1-PB2,1906,0,0,0,1367,1367,C
1-PB2,1907,0,1326,0,1,1327,T
1-PB2,1908,1,6,1339,0,1346,G
1-PB2,1909,1334,0,0,0,1334,A
1-PB2,1910,0,0,0,1354,1354,C
1-PB2,1911,0,1330,0,2,1332,T
1-PB2,1912,0,0,1340,0,1340,G
1-PB2,1913,0,1325,0,5,1330,T
1-PB2,1914,1,1,1344,0,1346,G
1-PB2,1915,1349,0,1,0,1350,A
1-PB2,1916,1379,0,1,0,1380,A
1-PB2,1917,0,1365,0,0,1365,T
1-PB2,1918,0,0,1366,0,1366,G
1-PB2,1919,2,1333,0,0,1335,T
1-PB2,1920,1294,0,2,0,1296,A
1-PB2,1921,1301,1,3,0,1305,A
1-PB2,1922,0,2,1307,0,1309,G
1-PB2,1923,1,2,1304,0,1307,G
1-PB2,1924,0,2,1311,0,1313,G
1-PB2,1925,0,3,1303,0,1306,G
1-PB2,1926,1305,0,1,1,1307,A
1-PB2,1927,1,1301,0,0,1302,T
1-PB2,1928,2,1,0,1297,1300,C
1-PB2,1929,1297,0,0,1,1298,A
1-PB2,1930,0,0,1324,0,1324,G
1-PB2,1931,0,2,1318,0,1320,G
1-PB2,1932,0,1,1316,0,1317,G
1-PB2,1933,1309,0,1,1,1311,A
1-PB2,1934,0,1270,1,1,1272,T
1-PB2,1935,0,1,1274,0,1275,G
1-PB2,1936,1268,0,3,1,1272,A
1-PB2,1937,1,3,1302,0,1306,G
1-PB2,1938,1302,0,2,1,1305,A
1-PB2,1939,1262,0,3,1,1266,A
1-PB2,1940,0,1293,0,0,1293,T
1-PB2,1941,1287,0,0,1,1288,A
1-PB2,1942,0,0,0,1309,1309,C
1-PB2,1943,0,1293,1,4,1298,T
1-PB2,1944,0,1296,1,0,1297,T
1-PB2,1945,2,0,1297,0,1299,G
1-PB2,1946,0,1268,0,0,1268,T
1-PB2,1947,1263,0,1,0,1264,A
1-PB2,1948,1259,0,3,0,1262,A
1-PB2,1949,0,1,1241,0,1242,G
1-PB2,1950,0,3,1253,0,1256,G
1-PB2,1951,2,3,1228,0,1233,G
1-PB2,1952,0,1,1228,0,1229,G
1-PB2,1953,2,0,0,1232,1234,C
1-PB2,1954,1229,0,1,0,1230,A
1-PB2,1955,1258,0,0,0,1258,A
1-PB2,1956,0,1260,0,0,1260,T
1-PB2,1957,3,1254,0,1,1258,T
1-PB2,1958,7,0,0,1275,1282,C
1-PB2,1959,1,1261,0,4,1266,T
1-PB2,1960,2,0,0,1283,1285,C
1-PB2,1961,3,0,0,1284,1287,C
1-PB2,1962,0,1285,0,2,1287,T
1-PB2,1963,0,1,1304,0,1305,G
1-PB2,1964,0,1281,0,1,1282,T
1-PB2,1965,1286,0,0,0,1286,A
1-PB2,1966,2,1285,0,3,1290,T
1-PB2,1967,1,1254,0,1,1256,T
1-PB2,1968,3,0,1,1258,1262,C
1-PB2,1969,1248,0,0,0,1248,A
1-PB2,1970,1264,0,0,0,1264,A
1-PB2,1971,0,0,1,1267,1268,C
1-PB2,1972,0,1248,0,0,1248,T
1-PB2,1973,1250,0,3,0,1253,A
1-PB2,1974,3,1,0,1274,1278,C
1-PB2,1975,1279,0,1,0,1280,A
1-PB2,1976,1276,0,2,0,1278,A
1-PB2,1977,0,0,0,1273,1273,C
1-PB2,1978,1264,0,4,0,1268,A
1-PB2,1979,1252,0,4,0,1256,A
1-PB2,1980,0,4,1251,0,1255,G
1-PB2,1981,1257,1,2,0,1260,A
1-PB2,1982,0,0,0,1266,1266,C
1-PB2,1983,3,0,0,1234,1237,C
1-PB2,1984,1239,1,1,0,1241,A
1-PB2,1985,0,0,0,1290,1290,C
1-PB2,1986,0,1289,0,0,1289,T
1-PB2,1987,1287,0,1,0,1288,A
1-PB2,1988,1283,0,0,0,1283,A
1-PB2,1989,1287,0,1,0,1288,A
1-PB2,1990,1283,0,2,0,1285,A
1-PB2,1991,0,3,1290,0,1293,G
1-PB2,1992,1286,0,0,0,1286,A
1-PB2,1993,0,0,0,1285,1285,C
1-PB2,1994,0,1242,0,2,1244,T
1-PB2,1995,1244,0,0,0,1244,A
1-PB2,1996,1242,0,2,0,1244,A
1-PB2,1997,1,0,0,1243,1244,C
1-PB2,1998,1242,0,0,0,1242,A
1-PB2,1999,1239,0,0,0,1239,A
1-PB2,2000,0,1228,0,0,1228,T
1-PB2,2001,0,1214,1,5,1220,T
1-PB2,2002,3,0,0,1227,1230,C
1-PB2,2003,2,1224,0,0,1226,T
1-PB2,2004,2,2,0,1227,1231,C
1-PB2,2005,0,0,1230,0,1230,G
1-PB2,2006,0,4,1229,0,1233,G
1-PB2,2007,1234,0,0,0,1234,A
1-PB2,2008,1226,0,1,0,1227,A
1-PB2,2009,1231,0,0,0,1231,A
1-PB2,2010,1226,1,4,0,1231,A
1-PB2,2011,0,2,1232,0,1234,G
1-PB2,2012,1230,0,0,1,1231,A
1-PB2,2013,0,1232,0,1,1233,T
1-PB2,2014,0,0,1231,0,1231,G
1-PB2,2015,1,0,0,1227,1228,C
1-PB2,2016,2,0,0,1224,1226,C
1-PB2,2017,0,2,1221,0,1223,G
1-PB2,2018,0,2,1221,0,1223,G
1-PB2,2019,1,1,0,1220,1222,C
1-PB2,2020,1220,0,4,0,1224,A
1-PB2,2021,0,0,0,1242,1242,C
1-PB2,2022,1,1234,0,1,1236,T
1-PB2,2023,0,1235,0,1,1236,T
1-PB2,2024,0,1240,0,0,1240,T
1-PB2,2025,1239,0,1,0,1240,A
1-PB2,2026,1249,0,0,0,1249,A
1-PB2,2027,0,1243,0,0,1243,T
1-PB2,2028,0,1247,0,1,1248,T
1-PB2,2029,0,1,1239,0,1240,G
1-PB2,2030,1214,0,0,1,1215,A
1-PB2,2031,1208,0,4,0,1212,A
1-PB2,2032,0,6,1212,0,1218,G
1-PB2,2033,1217,1,0,0,1218,A
1-PB2,2034,0,0,0,1215,1215,C
1-PB2,2035,1,0,0,1205,1206,C
1-PB2,2036,2,0,0,1206,1208,C
1-PB2,2037,1209,0,1,0,1210,A
1-PB2,2038,0,1,1227,0,1228,G
1-PB2,2039,1231,0,1,0,1232,A
1-PB2,2040,0,1233,0,1,1234,T
1-PB2,2041,0,2,1229,0,1231,G
1-PB2,2042,1192,0,2,0,1194,A
1-PB2,2043,1198,1,1,0,1200,A
1-PB2,2044,1196,0,2,0,1198,A
1-PB2,2045,0,0,1198,0,1198,G
1-PB2,2046,0,1,0,1194,1195,C
1-PB2,2047,1175,0,1,0,1176,A
1-PB2,2048,0,1,0,1183,1184,C
1-PB2,2049,1185,0,2,0,1187,A
1-PB2,2050,1,1185,0,0,1186,T
1-PB2,2051,2,0,0,1195,1197,C
1-PB2,2052,2,2,0,1196,1200,C
1-PB2,2053,3,1,1199,0,1203,G
1-PB2,2054,0,4,1200,0,1204,G
1-PB2,2055,1190,0,4,0,1194,A
1-PB2,2056,1,0,1203,0,1204,G
1-PB2,2057,0,1179,0,0,1179,T
1-PB2,2058,0,0,1178,0,1178,G
1-PB2,2059,2,3,1171,1,1177,G
1-PB2,2060,1168,0,3,0,1171,A
1-PB2,2061,1,0,1173,0,1174,G
1-PB2,2062,0,1161,0,1,1162,T
1-PB2,2063,1,0,0,1146,1147,C
1-PB2,2064,0,1133,0,0,1133,T
1-PB2,2065,2,0,1141,0,1143,G
1-PB2,2066,0,1,0,1139,1140,C
1-PB2,2067,2,1,0,1142,1145,C
1-PB2,2068,2,0,1148,0,1150,G
1-PB2,2069,0,1142,0,4,1146,T
1-PB2,2070,0,0,0,1154,1154,C
1-PB2,2071,0,1150,1,0,1151,T
1-PB2,2072,0,1144,0,3,1147,T
1-PB2,2073,1,2,1149,0,1152,G
1-PB2,2074,1136,0,1,0,1137,A
1-PB2,2075,0,0,1142,0,1142,G
1-PB2,2076,1138,1,0,0,1139,A
1-PB2,2077,0,4,1113,0,1117,G
1-PB2,2078,1,1,1110,0,1112,G
1-PB2,2079,0,0,1110,0,1110,G
1-PB2,2080,0,1098,0,2,1100,T
1-PB2,2081,0,1098,0,0,1098,T
1-PB2,2082,0,1099,2,3,1104,T
1-PB2,2083,0,2,0,1107,1109,C
1-PB2,2084,0,1104,0,1,1105,T
1-PB2,2085,3,0,1,1136,1140,C
1-PB2,2086,1135,0,2,0,1137,A
1-PB2,2087,0,1122,0,1,1123,T
1-PB2,2088,0,1116,0,2,1118,T
1-PB2,2089,1126,0,0,0,1126,A
1-PB2,2090,0,1128,0,1,1129,T
1-PB2,2091,1106,0,2,0,1108,A
1-PB2,2092,0,1,1110,0,1111,G
1-PB2,2093,0,0,1119,0,1119,G
1-PB2,2094,0,1058,0,0,1058,T
1-PB2,2095,1056,0,0,0,1056,A
1-PB2,2096,1051,0,0,0,1051,A
1-PB2,2097,0,1,1052,0,1053,G
1-PB2,2098,0,0,1052,0,1052,G
1-PB2,2099,1045,0,1,0,1046,A
1-PB2,2100,1029,0,3,1,1033,A
1-PB2,2101,0,2,1037,0,1039,G
1-PB2,2102,1017,0,2,0,1019,A
1-PB2,2103,0,0,0,1022,1022,C
1-PB2,2104,1012,0,0,0,1012,A
1-PB2,2105,0,0,1013,0,1013,G
1-PB2,2106,1006,0,0,0,1006,A
1-PB2,2107,999,0,2,0,1001,A
1-PB2,2108,0,3,994,0,997,G
1-PB2,2109,0,0,976,0,976,G
1-PB2,2110,1,996,0,0,997,T
1-PB2,2111,996,0,0,0,996,A
1-PB2,2112,0,2,0,997,999,C
1-PB2,2113,1,0,994,0,995,G
1-PB2,2114,0,1,1013,0,1014,G
1-PB2,2115,1009,0,0,0,1009,A
1-PB2,2116,0,0,0,1001,1001,C
1-PB2,2117,2,0,0,993,995,C
1-PB2,2118,964,1,1,0,966,A
1-PB2,2119,0,0,991,0,991,G
1-PB2,2120,2,0,0,989,991,C
1-PB2,2121,993,0,0,0,993,A
1-PB2,2122,1,989,0,0,990,T
1-PB2,2123,2,953,0,0,955,T
1-PB2,2124,954,0,0,0,954,A
1-PB2,2125,948,0,0,0,948,A
1-PB2,2126,0,1,947,0,948,G
1-PB2,2127,0,1,0,942,943,C
1-PB2,2128,876,0,0,0,876,A
1-PB2,2129,0,902,0,1,903,T
1-PB2,2130,1,0,0,898,899,C
1-PB2,2131,905,0,0,0,905,A
1-PB2,2132,907,0,0,0,907,A
1-PB2,2133,0,903,0,0,903,T
1-PB2,2134,0,1,905,1,907,G
1-PB2,2135,899,1,1,0,901,A
1-PB2,2136,904,0,0,0,904,A
1-PB2,2137,0,0,0,913,913,C
1-PB2,2138,0,862,0,1,863,T
1-PB2,2139,0,0,891,0,891,G
1-PB2,2140,885,0,2,1,888,A
1-PB2,2141,0,0,887,0,887,G
1-PB2,2142,0,888,0,0,888,T
1-PB2,2143,880,0,0,0,880,A
1-PB2,2144,881,0,1,0,882,A
1-PB2,2145,0,0,0,885,885,C
1-PB2,2146,2,1,0,856,859,C
1-PB2,2147,0,846,1,3,850,T
1-PB2,2148,0,811,0,0,811,T
1-PB2,2149,0,0,812,0,812,G
1-PB2,2150,1,1,0,806,808,C
1-PB2,2151,809,0,0,0,809,A
1-PB2,2152,809,0,0,0,809,A
1-PB2,2153,784,0,0,0,784,A
1-PB2,2154,773,0,0,0,773,A
1-PB2,2155,0,0,773,0,773,G
1-PB2,2156,0,0,775,0,775,G
1-PB2,2157,0,2,773,0,775,G
1-PB2,2158,0,0,776,0,776,G
1-PB2,2159,774,0,0,0,774,A
1-PB2,2160,773,0,2,0,775,A
1-PB2,2161,774,0,1,0,775,A
1-PB2,2162,774,0,3,0,777,A
1-PB2,2163,0,0,779,0,779,G
1-PB2,2164,0,0,777,0,777,G
1-PB2,2165,0,0,0,768,768,C
1-PB2,2166,0,767,0,0,767,T
1-PB2,2167,765,0,0,0,765,A
1-PB2,2168,765,0,0,0,765,A
1-PB2,2169,0,765,0,0,765,T
1-PB2,2170,1,0,776,0,777,G
1-PB2,2171,0,749,0,1,750,T
1-PB2,2172,1,0,742,0,743,G
1-PB2,2173,0,0,0,741,741,C
1-PB2,2174,0,738,0,0,738,T
1-PB2,2175,739,0,0,0,739,A
1-PB2,2176,733,0,0,0,733,A
1-PB2,2177,0,734,0,0,734,T
1-PB2,2178,0,0,0,730,730,C
1-PB2,2179,0,1,711,1,713,G
1-PB2,2180,0,0,711,0,711,G
1-PB2,2181,1,0,711,0,712,G
1-PB2,2182,0,0,0,706,706,C
1-PB2,2183,711,0,0,0,711,A
1-PB2,2184,705,0,1,0,706,A
1-PB2,2185,0,0,706,0,706,G
1-PB2,2186,0,4,705,0,709,G
1-PB2,2187,705,0,3,0,708,A
1-PB2,2188,0,1,704,0,705,G
1-PB2,2189,688,0,1,0,689,A
1-PB2,2190,0,0,0,687,687,C
1-PB2,2191,0,0,687,0,687,G
1-PB2,2192,0,684,0,0,684,T
1-PB2,2193,0,0,680,0,680,G
1-PB2,2194,1,0,685,0,686,G
1-PB2,2195,0,675,0,1,676,T
1-PB2,2196,0,0,677,0,677,G
1-PB2,2197,0,662,0,1,663,T
1-PB2,2198,0,659,0,0,659,T
1-PB2,2199,0,1,658,0,659,G
1-PB2,2200,0,0,658,0,658,G
1-PB2,2201,0,654,0,0,654,T
1-PB2,2202,642,0,0,0,642,A
1-PB2,2203,623,0,1,0,624,A
1-PB2,2204,0,612,0,0,612,T
1-PB2,2205,0,2,606,0,608,G
1-PB2,2206,604,0,0,0,604,A
1-PB2,2207,598,0,0,0,598,A
1-PB2,2208,594,0,2,0,596,A
1-PB2,2209,0,0,0,593,593,C
1-PB2,2210,0,0,593,0,593,G
1-PB2,2211,591,0,0,0,591,A
1-PB2,2212,592,0,0,0,592,A
1-PB2,2213,591,0,0,0,591,A
1-PB2,2214,592,0,0,0,592,A
1-PB2,2215,0,0,0,590,590,C
1-PB2,2216,1,1,589,0,591,G
1-PB2,2217,0,0,592,0,592,G
1-PB2,2218,0,2,590,0,592,G
1-PB2,2219,591,0,1,0,592,A
1-PB2,2220,0,0,0,590,590,C
1-PB2,2221,0,584,0,2,586,T
1-PB2,2222,2,0,0,593,595,C
1-PB2,2223,0,595,0,0,595,T
1-PB2,2224,593,0,0,0,593,A
1-PB2,2225,0,0,593,0,593,G
1-PB2,2226,0,0,0,582,582,C
1-PB2,2227,581,0,1,0,582,A
1-PB2,2228,0,576,0,0,576,T
1-PB2,2229,553,0,0,0,553,A
1-PB2,2230,0,0,0,558,558,C
1-PB2,2231,0,453,0,2,455,T
1-PB2,2232,0,454,0,0,454,T
1-PB2,2233,441,0,1,0,442,A
1-PB2,2234,0,1,0,440,441,C
1-PB2,2235,1,435,0,0,436,T
1-PB2,2236,0,0,436,0,436,G
1-PB2,2237,420,0,0,0,420,A
1-PB2,2238,0,0,0,421,421,C
1-PB2,2239,377,0,0,0,377,A
1-PB2,2240,0,0,380,0,380,G
1-PB2,2241,0,0,0,378,378,C
1-PB2,2242,0,0,0,378,378,C
1-PB2,2243,373,0,0,0,373,A
1-PB2,2244,0,0,373,0,373,G
1-PB2,2245,373,0,0,0,373,A
1-PB2,2246,0,0,0,372,372,C
1-PB2,2247,351,0,1,0,352,A
1-PB2,2248,0,0,352,0,352,G
1-PB2,2249,0,0,0,338,338,C
1-PB2,2250,0,1,334,0,335,G
1-PB2,2251,336,0,0,0,336,A
1-PB2,2252,0,1,0,331,332,C
1-PB2,2253,0,0,0,334,334,C
1-PB2,2254,332,0,0,0,332,A
1-PB2,2255,332,0,1,0,333,A
1-PB2,2256,331,0,1,0,332,A
1-PB2,2257,333,0,0,0,333,A
1-PB2,2258,0,0,333,0,333,G
1-PB2,2259,316,0,0,0,316,A
1-PB2,2260,315,0,0,0,315,A
1-PB2,2261,0,316,0,0,316,T
1-PB2,2262,0,315,0,0,315,T
1-PB2,2263,2,0,0,314,316,C
1-PB2,2264,0,0,308,0,308,G
1-PB2,2265,0,0,312,0,312,G
1-PB2,2266,308,0,1,0,309,A
1-PB2,2267,0,300,0,0,300,T
1-PB2,2268,0,0,299,0,299,G
1-PB2,2269,0,0,297,0,297,G
1-PB2,2270,0,0,0,293,293,C
1-PB2,2271,0,0,0,294,294,C
1-PB2,2272,296,0,0,0,296,A
1-PB2,2273,0,296,0,0,296,T
1-PB2,2274,1,0,0,294,295,C
1-PB2,2275,295,0,0,0,295,A
1-PB2,2276,295,0,0,0,295,A
1-PB2,2277,0,293,0,0,293,T
1-PB2,2278,0,264,0,0,264,T
1-PB2,2279,250,0,0,0,250,A
1-PB2,2280,251,0,0,0,251,A
2-PB1,1,209,0,0,0,209,A
2-PB1,2,0,209,0,0,209,T
2-PB1,3,0,0,209,0,209,G
2-PB1,4,0,1,232,0,233,G
2-PB1,5,257,0,2,0,259,A
2-PB1,6,0,281,0,0,281,T
2-PB1,7,0,0,283,0,283,G
2-PB1,8,0,283,0,1,284,T
2-PB1,9,0,0,0,303,303,C
2-PB1,10,304,0,0,0,304,A
2-PB1,11,315,0,0,0,315,A
2-PB1,12,0,314,0,2,316,T
2-PB1,13,1,0,0,317,318,C
2-PB1,14,0,1,0,340,341,C
2-PB1,15,0,0,345,0,345,G
2-PB1,16,397,0,1,0,398,A
2-PB1,17,0,0,0,399,399,C
2-PB1,18,0,395,0,3,398,T
2-PB1,19,0,0,0,458,458,C
2-PB1,20,0,459,0,0,459,T
2-PB1,21,468,0,0,0,468,A
2-PB1,22,0,0,0,468,468,C
2-PB1,23,0,469,0,0,469,T
2-PB1,24,0,1,520,0,521,G
2-PB1,25,0,525,0,0,525,T
2-PB1,26,0,524,0,0,524,T
2-PB1,27,1,0,0,523,524,C
2-PB1,28,0,0,0,524,524,C
2-PB1,29,0,613,0,0,613,T
2-PB1,30,618,0,0,0,618,A
2-PB1,31,616,0,2,0,618,A
2-PB1,32,617,0,1,0,618,A
2-PB1,33,0,1,620,0,621,G
2-PB1,34,0,0,630,0,630,G
2-PB1,35,0,632,0,0,632,T
2-PB1,36,0,630,0,2,632,T
2-PB1,37,2,0,0,631,633,C
2-PB1,38,0,3,0,631,634,C
2-PB1,39,631,0,1,0,632,A
2-PB1,40,0,0,647,0,647,G
2-PB1,41,0,0,0,648,648,C
2-PB1,42,0,0,651,0,651,G
2-PB1,43,1,1,0,649,651,C
2-PB1,44,649,0,2,0,651,A
2-PB1,45,649,0,1,1,651,A
2-PB1,46,652,0,0,0,652,A
2-PB1,47,659,0,0,0,659,A
2-PB1,48,0,657,0,0,657,T
2-PB1,49,0,0,697,0,697,G
2-PB1,50,0,0,0,699,699,C
2-PB1,51,1,0,0,699,700,C
2-PB1,52,700,0,1,2,703,A
2-PB1,53,0,704,0,1,705,T
2-PB1,54,757,0,0,0,757,A
2-PB1,55,761,1,0,0,762,A
2-PB1,56,0,0,798,0,798,G
2-PB1,57,0,0,0,799,799,C
2-PB1,58,797,0,0,0,797,A
2-PB1,59,0,0,0,822,822,C
2-PB1,60,822,0,0,0,822,A
2-PB1,61,872,0,0,0,872,A
2-PB1,62,0,1,0,873,874,C
2-PB1,63,864,0,1,0,865,A
2-PB1,64,0,873,0,1,874,T
2-PB1,65,0,868,0,1,869,T
2-PB1,66,2,1,0,1095,1098,C
2-PB1,67,0,0,0,1100,1100,C
2-PB1,68,1,0,0,1105,1106,C
2-PB1,69,0,1117,0,3,1120,T
2-PB1,70,0,1118,0,2,1120,T
2-PB1,71,1218,0,0,0,1218,A
2-PB1,72,0,1227,0,0,1227,T
2-PB1,73,1230,0,3,0,1233,A
2-PB1,74,0,0,0,1248,1248,C
2-PB1,75,0,1213,0,3,1216,T
2-PB1,76,0,1,1234,0,1235,G
2-PB1,77,2,7,1226,0,1235,G
2-PB1,78,1235,0,4,0,1239,A
2-PB1,79,0,3,1241,0,1244,G
2-PB1,80,1240,0,5,0,1245,A
2-PB1,81,1,1247,0,2,1250,T
2-PB1,82,2,0,0,1323,1325,C
2-PB1,83,0,0,0,1331,1331,C
2-PB1,84,2,1330,0,4,1336,T
2-PB1,85,1,0,0,1404,1405,C
2-PB1,86,0,1,0,1406,1407,C
2-PB1,87,1424,0,1,0,1425,A
2-PB1,88,0,1419,0,3,1422,T
2-PB1,89,1420,1,0,0,1421,A
2-PB1,90,0,1,0,1426,1427,C
2-PB1,91,1412,0,1,0,1413,A
2-PB1,92,0,0,1474,0,1474,G
2-PB1,93,1,0,0,1481,1482,C
2-PB1,94,4,0,0,1474,1478,C
2-PB1,95,1471,1,5,0,1477,A
2-PB1,96,0,1477,0,3,1480,T
2-PB1,97,0,2,1481,0,1483,G
2-PB1,98,1,6,1551,0,1558,G
2-PB1,99,1566,0,0,0,1566,A
2-PB1,100,1565,0,4,0,1569,A
2-PB1,101,0,1,0,1565,1566,C
2-PB1,102,1557,0,3,1,1561,A
2-PB1,103,1,2,1613,0,1616,G
2-PB1,104,0,5,1640,0,1645,G
2-PB1,105,1643,0,1,0,1644,A
2-PB1,106,1651,0,3,0,1654,A
2-PB1,107,0,1,0,1658,1659,C
2-PB1,108,1653,1,1,0,1655,A
2-PB1,109,0,0,1869,0,1869,G
2-PB1,110,1,5,1867,0,1873,G
2-PB1,111,1,3,1905,0,1909,G
2-PB1,112,1,1904,0,0,1905,T
2-PB1,113,1900,0,3,0,1903,A
2-PB1,114,1,0,0,1924,1925,C
2-PB1,115,1995,0,2,0,1997,A
2-PB1,116,0,0,0,2088,2088,C
2-PB1,117,0,1,1,2084,2086,C
2-PB1,118,2039,0,1,0,2040,A
2-PB1,119,0,2041,2,0,2043,T
2-PB1,120,2,4,2044,0,2050,G
2-PB1,121,0,5,2053,0,2058,G
2-PB1,122,2046,0,6,0,2052,A
2-PB1,123,0,0,0,2061,2061,C
2-PB1,124,2027,1,3,0,2031,A
2-PB1,125,1,0,0,2070,2071,C
2-PB1,126,2066,0,3,0,2069,A
2-PB1,127,2,0,2107,0,2109,G
2-PB1,128,0,2105,0,2,2107,T
2-PB1,129,3,1,0,2156,2160,C
2-PB1,130,2154,1,3,0,2158,A
2-PB1,131,2175,1,3,0,2179,A
2-PB1,132,1,1,0,2174,2176,C
2-PB1,133,2169,1,1,0,2171,A
2-PB1,134,0,6,2187,0,2193,G
2-PB1,135,2164,0,4,0,2168,A
2-PB1,136,2170,0,0,0,2170,A
2-PB1,137,1,1,0,2172,2174,C
2-PB1,138,2146,0,1,0,2147,A
2-PB1,139,0,0,0,2147,2147,C
2-PB1,140,2134,0,1,0,2135,A
2-PB1,141,1,2117,0,0,2118,T
2-PB1,142,5,1,0,2280,2286,C
2-PB1,143,2293,0,1,0,2294,A
2-PB1,144,2322,0,0,0,2322,A
2-PB1,145,0,2343,0,2,2345,T
2-PB1,146,2423,2,1,0,2426,A
2-PB1,147,0,2429,0,0,2429,T
2-PB1,148,0,2406,0,1,2407,T
2-PB1,149,9,2,0,2401,2412,C
2-PB1,150,2387,0,1,1,2389,A
2-PB1,151,1,4,2383,0,2388,G
2-PB1,152,2376,0,2,0,2378,A
2-PB1,153,1,3,2376,0,2380,G
2-PB1,154,2355,0,4,0,2359,A
2-PB1,155,0,3,2321,0,2324,G
2-PB1,156,1,3,2317,0,2321,G
2-PB1,157,0,4,2415,0,2419,G
2-PB1,158,0,5,2410,3,2418,G
2-PB1,159,1,5,2426,0,2432,G
2-PB1,160,2423,1,3,0,2427,A
2-PB1,161,2429,0,5,0,2434,A
2-PB1,162,2,2,2440,0,2444,G
2-PB1,163,0,2431,0,5,2436,T
2-PB1,164,0,7,2426,0,2433,G
2-PB1,165,2,5,2422,0,2429,G
2-PB1,166,2425,0,5,2,2432,A
2-PB1,167,0,5,0,2431,2436,C
2-PB1,168,0,9,2427,0,2436,G
2-PB1,169,2447,0,2,0,2449,A
2-PB1,170,2,1,0,2458,2461,C
2-PB1,171,2456,0,0,1,2457,A
2-PB1,172,2453,0,1,1,2455,A
2-PB1,173,2467,0,6,0,2473,A
2-PB1,174,0,2507,0,0,2507,T
2-PB1,175,2508,0,3,0,2511,A
2-PB1,176,0,1,0,2516,2517,C
2-PB1,177,2487,0,4,1,2492,A
2-PB1,178,0,4,2496,0,2500,G
2-PB1,179,2490,2,3,1,2496,A
2-PB1,180,2516,0,2,0,2518,A
2-PB1,181,2513,0,4,0,2517,A
2-PB1,182,0,0,0,2522,2522,C
2-PB1,183,0,2504,0,0,2504,T
2-PB1,184,0,1,2493,0,2494,G
2-PB1,185,2,1,2499,0,2502,G
2-PB1,186,3,2,2489,1,2495,G
2-PB1,187,1,1,2496,1,2499,G
2-PB1,188,0,2,0,2501,2503,C
2-PB1,189,2499,0,1,0,2500,A
2-PB1,190,1,1,0,2591,2593,C
2-PB1,191,3,1,0,2584,2588,C
2-PB1,192,7,4,0,2574,2585,C
2-PB1,193,3,1,0,2587,2591,C
2-PB1,194,2603,1,2,0,2606,A
2-PB1,195,2613,0,10,0,2623,A
2-PB1,196,0,1,0,2625,2626,C
2-PB1,197,0,2614,0,2,2616,T
2-PB1,198,9,0,0,2614,2623,C
2-PB1,199,2572,0,4,0,2576,A
2-PB1,200,2618,0,1,0,2619,A
2-PB1,201,2,1,0,2609,2612,C
2-PB1,202,3,0,0,2613,2616,C
2-PB1,203,6,0,0,2620,2626,C
2-PB1,204,2607,1,5,0,2613,A
2-PB1,205,2621,1,1,0,2623,A
2-PB1,206,1,2635,0,2,2638,T
2-PB1,207,1,2635,0,0,2636,T
2-PB1,208,0,2,2637,0,2639,G
2-PB1,209,2613,0,2,0,2615,A
2-PB1,210,0,2618,0,1,2619,T
2-PB1,211,0,1,2613,1,2615,G
2-PB1,212,1,4,2636,0,2641,G
2-PB1,213,2652,0,7,0,2659,A
2-PB1,214,0,1,0,2665,2666,C
2-PB1,215,4,1,0,2653,2658,C
2-PB1,216,2650,0,6,0,2656,A
2-PB1,217,0,0,0,2719,2719,C
2-PB1,218,0,2719,0,1,2720,T
2-PB1,219,2747,1,0,0,2748,A
2-PB1,220,0,0,0,2766,2766,C
2-PB1,221,5,1,0,2742,2748,C
2-PB1,222,0,2696,1,1,2698,T
2-PB1,223,0,1,2712,0,2713,G
2-PB1,224,2702,0,3,0,2705,A
2-PB1,225,0,3,2719,0,2722,G
2-PB1,226,0,4,2704,0,2708,G
2-PB1,227,2711,0,4,0,2715,A
2-PB1,228,0,2697,0,3,2700,T
2-PB1,229,2661,0,1,0,2662,A
2-PB1,230,2657,0,4,0,2661,A
2-PB1,231,2,2659,0,1,2662,T
2-PB1,232,1,4,2662,0,2667,G
2-PB1,233,2665,2,1,0,2668,A
2-PB1,234,2662,0,0,1,2663,A
2-PB1,235,1,0,0,2661,2662,C
2-PB1,236,4,0,0,2624,2628,C
2-PB1,237,2647,0,1,0,2648,A
2-PB1,238,2641,0,3,0,2644,A
2-PB1,239,1,0,2663,0,2664,G
2-PB1,240,0,2662,0,2,2664,T
2-PB1,241,0,5,2663,1,2669,G
2-PB1,242,1,6,2697,0,2704,G
2-PB1,243,2702,0,3,0,2705,A
2-PB1,244,1,2692,0,2,2695,T
2-PB1,245,2697,0,1,0,2698,A
2-PB1,246,0,2732,0,1,2733,T
2-PB1,247,0,2,2752,0,2754,G
2-PB1,248,0,2,0,2750,2752,C
2-PB1,249,2745,1,1,0,2747,A
2-PB1,250,0,0,0,2831,2831,C
2-PB1,251,2780,0,1,0,2781,A
2-PB1,252,2824,0,3,1,2828,A
2-PB1,253,2832,0,1,0,2833,A
2-PB1,254,0,1,1,2841,2843,C
2-PB1,255,2784,1,2,0,2787,A
2-PB1,256,0,6,2808,0,2814,G
2-PB1,257,2801,0,6,0,2807,A
2-PB1,258,1,0,0,2814,2815,C
2-PB1,259,0,2744,0,2,2746,T
2-PB1,260,1,0,2788,0,2789,G
2-PB1,261,0,2754,0,5,2759,T
2-PB1,262,0,0,2874,0,2874,G
2-PB1,263,0,2854,0,3,2857,T
2-PB1,264,9,0,0,2862,2871,C
2-PB1,265,5,1,0,2862,2868,C
2-PB1,266,0,2842,0,2,2844,T
2-PB1,267,1,1,2842,1,2845,G
2-PB1,268,1,1,2847,0,2849,G
2-PB1,269,2819,1,2,0,2822,A
2-PB1,270,0,2,2845,0,2847,G
2-PB1,271,0,0,2753,0,2753,G
2-PB1,272,0,0,0,2747,2747,C
2-PB1,273,2733,1,1,0,2735,A
2-PB1,274,2756,1,4,0,2761,A
2-PB1,275,1,2754,0,4,2759,T
2-PB1,276,2,0,2756,0,2758,G
2-PB1,277,2,2,2751,0,2755,G
2-PB1,278,1,0,0,2750,2751,C
2-PB1,279,1,0,0,2752,2753,C
2-PB1,280,0,2739,0,4,2743,T
2-PB1,281,2,2875,7,1,2885,T
2-PB1,282,8,1,0,2883,2892,C
2-PB1,283,3,1,0,2884,2888,C
2-PB1,284,1,2889,0,0,2890,T
2-PB1,285,1,2872,0,3,2876,T
2-PB1,286,0,4,2879,1,2884,G
2-PB1,287,2883,1,1,0,2885,A
2-PB1,288,2882,2,5,0,2889,A
2-PB1,289,0,9,2887,0,2896,G
2-PB1,290,2776,0,1,0,2777,A
2-PB1,291,2803,0,5,0,2808,A
2-PB1,292,0,2805,0,2,2807,T
2-PB1,293,6,0,0,2803,2809,C
2-PB1,294,5,3,0,2791,2799,C
2-PB1,295,2,2,0,2791,2795,C
2-PB1,296,2797,1,1,0,2799,A
2-PB1,297,0,1,0,2803,2804,C
2-PB1,298,3,1,0,2791,2795,C
2-PB1,299,7,0,0,2806,2813,C
2-PB1,300,2784,1,2,0,2787,A
2-PB1,301,2,2,2801,0,2805,G
2-PB1,302,1,3,2807,0,2811,G
2-PB1,303,0,2807,0,0,2807,T
2-PB1,304,2819,0,3,0,2822,A
2-PB1,305,0,2820,0,1,2821,T
2-PB1,306,1,0,0,2824,2825,C
2-PB1,307,1,2825,0,4,2830,T
2-PB1,308,0,2826,0,2,2828,T
2-PB1,309,1,2817,0,0,2818,T
2-PB1,310,2,7,2793,0,2802,G
2-PB1,311,2763,1,7,0,2771,A
2-PB1,312,4,6,2769,0,2779,G
2-PB1,313,2751,0,2,1,2754,A
2-PB1,314,2759,0,3,0,2762,A
2-PB1,315,0,1,0,2776,2777,C
2-PB1,316,0,2741,0,9,2750,T
2-PB1,317,6,1,0,2748,2755,C
2-PB1,318,2746,0,1,0,2747,A
2-PB1,319,1,2746,0,2,2749,T
2-PB1,320,2,0,2755,0,2757,G
2-PB1,321,0,2,0,2804,2806,C
2-PB1,322,5,0,0,2796,2801,C
2-PB1,323,1,2801,0,1,2803,T
2-PB1,324,0,2777,0,1,2778,T
2-PB1,325,1,7,2786,0,2794,G
2-PB1,326,2798,0,6,0,2804,A
2-PB1,327,2803,0,4,0,2807,A
2-PB1,328,2796,0,4,1,2801,A
2-PB1,329,1,2,0,2816,2819,C
2-PB1,330,2754,0,0,0,2754,A
2-PB1,331,2770,0,3,1,2774,A
2-PB1,332,5,2766,0,1,2772,T
2-PB1,333,0,1,2760,1,2762,G
2-PB1,334,1,4,2756,0,2761,G
2-PB1,335,2727,0,8,0,2735,A
2-PB1,336,2728,0,8,0,2736,A
2-PB1,337,1,0,2738,0,2739,G
2-PB1,338,1,1,0,2737,2739,C
2-PB1,339,2,2,1,2718,2723,C
2-PB1,340,2,0,2754,0,2756,G
2-PB1,341,0,2738,0,7,2745,T
2-PB1,342,0,2747,0,6,2753,T
2-PB1,343,15,1,0,2753,2769,C
2-PB1,344,2772,0,2,0,2774,A
2-PB1,345,2789,0,4,0,2793,A
2-PB1,346,0,0,0,2801,2801,C
2-PB1,347,2786,1,4,0,2791,A
2-PB1,348,0,4,2806,0,2810,G
2-PB1,349,2771,0,4,0,2775,A
2-PB1,350,0,1,0,2769,2770,C
2-PB1,351,2769,0,5,0,2774,A
2-PB1,352,2792,0,8,0,2800,A
2-PB1,353,0,1,2820,0,2821,G
2-PB1,354,0,4,2787,0,2791,G
2-PB1,355,0,1,2799,0,2800,G
2-PB1,356,0,2743,2,4,2749,T
2-PB1,357,1,9,2733,0,2743,G
2-PB1,358,1,6,2739,0,2746,G
2-PB1,359,2731,0,5,0,2736,A
2-PB1,360,1,2,0,2732,2735,C
2-PB1,361,2692,0,1,0,2693,A
2-PB1,362,2713,0,5,1,2719,A
2-PB1,363,2711,0,2,0,2713,A
2-PB1,364,2,1,0,2708,2711,C
2-PB1,365,1,2700,0,1,2702,T
2-PB1,366,2694,0,1,0,2695,A
2-PB1,367,2705,0,6,0,2711,A
2-PB1,368,0,1,1,2712,2714,C
2-PB1,369,6,0,0,2703,2709,C
2-PB1,370,5,1,0,2691,2697,C
2-PB1,371,2642,1,0,0,2643,A
2-PB1,372,2646,0,1,0,2647,A
2-PB1,373,0,4,2638,0,2642,G
2-PB1,374,1,6,2643,0,2650,G
2-PB1,375,1,2639,0,6,2646,T
2-PB1,376,10,2,0,2615,2627,C
2-PB1,377,2,2,2621,0,2625,G
2-PB1,378,0,2,0,2605,2607,C
2-PB1,379,1,1,0,2627,2629,C
2-PB1,380,2625,0,2,0,2627,A
2-PB1,381,0,1,2686,0,2687,G
2-PB1,382,2715,0,7,0,2722,A
2-PB1,383,1,1,0,2727,2729,C
2-PB1,384,0,2703,0,6,2709,T
2-PB1,385,0,2709,0,3,2712,T
2-PB1,386,2709,0,1,0,2710,A
2-PB1,387,1,2723,0,2,2726,T
2-PB1,388,0,5,2728,0,2733,G
2-PB1,389,2730,0,2,0,2732,A
2-PB1,390,1,2686,0,0,2687,T
2-PB1,391,0,2613,0,3,2616,T
2-PB1,392,1,4,2603,0,2608,G
2-PB1,393,1,5,2603,0,2609,G
2-PB1,394,2619,1,5,0,2625,A
2-PB1,395,0,1,0,2624,2625,C
2-PB1,396,2603,1,3,2,2609,A
2-PB1,397,0,2597,1,3,2601,T
2-PB1,398,0,2621,0,0,2621,T
2-PB1,399,2647,0,1,0,2648,A
2-PB1,400,2642,0,4,0,2646,A
2-PB1,401,2641,0,2,0,2643,A
2-PB1,402,2,2,0,2640,2644,C
2-PB1,403,2589,0,2,0,2591,A
2-PB1,404,0,2,2604,0,2606,G
2-PB1,405,2586,0,6,0,2592,A
2-PB1,406,2597,1,2,0,2600,A
2-PB1,407,2593,2,3,0,2598,A
2-PB1,408,0,2585,0,0,2585,T
2-PB1,409,8,0,0,2580,2588,C
2-PB1,410,2579,0,3,0,2582,A
2-PB1,411,2595,0,0,0,2595,A
2-PB1,412,1,0,0,2588,2589,C
2-PB1,413,0,1,0,2576,2577,C
2-PB1,414,4,2,2577,0,2583,G
2-PB1,415,1,1,2575,0,2577,G
2-PB1,416,0,0,0,2583,2583,C
2-PB1,417,2584,0,2,0,2586,A
2-PB1,418,3,4,2575,0,2582,G
2-PB1,419,0,2,0,2600,2602,C
2-PB1,420,2600,0,2,3,2605,A
2-PB1,421,2603,0,0,0,2603,A
2-PB1,422,1,0,0,2612,2613,C
2-PB1,423,0,2595,0,5,2600,T
2-PB1,424,0,2,2686,0,2688,G
2-PB1,425,0,0,0,2688,2688,C
2-PB1,426,2680,1,1,0,2682,A
2-PB1,427,1,2677,0,3,2681,T
2-PB1,428,0,2652,0,1,2653,T
2-PB1,429,2783,1,3,0,2787,A
2-PB1,430,1,1,2786,0,2788,G
2-PB1,431,1,1,0,2774,2776,C
2-PB1,432,8,0,0,2771,2779,C
2-PB1,433,2654,0,6,0,2660,A
2-PB1,434,2665,0,4,0,2669,A
2-PB1,435,0,0,0,2676,2676,C
2-PB1,436,2676,2,3,0,2681,A
2-PB1,437,0,0,0,2762,2762,C
2-PB1,438,5,0,0,2581,2586,C
2-PB1,439,2574,0,2,0,2576,A
2-PB1,440,1,2574,0,0,2575,T
2-PB1,441,2573,0,0,0,2573,A
2-PB1,442,0,1,2575,0,2576,G
2-PB1,443,2555,1,2,0,2558,A
2-PB1,444,2531,0,5,1,2537,A
2-PB1,445,0,1,2556,0,2557,G
2-PB1,446,0,2479,0,3,2482,T
2-PB1,447,0,2471,0,3,2474,T
2-PB1,448,1,2464,1,3,2469,T
2-PB1,449,0,2471,0,3,2474,T
2-PB1,450,0,2482,0,0,2482,T
2-PB1,451,2483,1,1,0,2485,A
2-PB1,452,0,3,2485,0,2488,G
2-PB1,453,2483,0,3,1,2487,A
2-PB1,454,0,2474,0,4,2478,T
2-PB1,455,6,1,0,2439,2446,C
2-PB1,456,1,9,2433,0,2443,G
2-PB1,457,2445,0,1,0,2446,A
2-PB1,458,2443,0,2,0,2445,A
2-PB1,459,0,2,0,2452,2454,C
2-PB1,460,1,3,2460,0,2464,G
2-PB1,461,0,2,2547,0,2549,G
2-PB1,462,2547,0,0,0,2547,A
2-PB1,463,0,2541,1,0,2542,T
2-PB1,464,1,2541,1,2,2545,T
2-PB1,465,2532,0,4,0,2536,A
2-PB1,466,2536,0,4,0,2540,A
2-PB1,467,0,0,0,2549,2549,C
2-PB1,468,2523,1,4,0,2528,A
2-PB1,469,0,0,2550,0,2550,G
2-PB1,470,3,3,0,2447,2453,C
2-PB1,471,0,2441,0,3,2444,T
2-PB1,472,2446,0,0,0,2446,A
2-PB1,473,2437,0,3,0,2440,A
2-PB1,474,0,2440,0,1,2441,T
2-PB1,475,0,11,2452,0,2463,G
2-PB1,476,2448,2,1,0,2451,A
2-PB1,477,2458,1,1,0,2460,A
2-PB1,478,1,2425,0,0,2426,T
2-PB1,479,8,0,0,2422,2430,C
2-PB1,480,2429,0,2,0,2431,A
2-PB1,481,0,1,2432,0,2433,G
2-PB1,482,1,1,2430,0,2432,G
2-PB1,483,2423,1,1,0,2425,A
2-PB1,484,2386,0,3,0,2389,A
2-PB1,485,0,2,2465,0,2467,G
2-PB1,486,0,0,2484,0,2484,G
2-PB1,487,1,0,0,2485,2486,C
2-PB1,488,1,2475,0,2,2478,T
2-PB1,489,2475,0,2,0,2477,A
2-PB1,490,2480,0,5,0,2485,A
2-PB1,491,0,2483,0,2,2485,T
2-PB1,492,2486,0,1,0,2487,A
2-PB1,493,0,7,2488,0,2495,G
2-PB1,494,2358,0,2,0,2360,A
2-PB1,495,1,2336,1,0,2338,T
2-PB1,496,1,2327,0,3,2331,T
2-PB1,497,1,2319,1,2,2323,T
2-PB1,498,3,0,0,2406,2409,C
2-PB1,499,1,0,0,2408,2409,C
2-PB1,500,1,2398,0,4,2403,T
2-PB1,501,1,2,0,2411,2414,C
2-PB1,502,2400,0,2,4,2406,A
2-PB1,503,2417,0,0,0,2417,A
2-PB1,504,1,4,2422,0,2427,G
2-PB1,505,0,3,2435,0,2438,G
2-PB1,506,2440,0,1,0,2441,A
2-PB1,507,0,2354,0,0,2354,T
2-PB1,508,0,1,2371,0,2372,G
2-PB1,509,0,2367,0,4,2371,T
2-PB1,510,0,3,2381,0,2384,G
2-PB1,511,2373,1,8,0,2382,A
2-PB1,512,0,2372,0,1,2373,T
2-PB1,513,0,1,2355,0,2356,G
2-PB1,514,0,5,2343,1,2349,G
2-PB1,515,2345,0,3,1,2349,A
2-PB1,516,2345,0,4,0,2349,A
2-PB1,517,0,2325,1,1,2327,T
2-PB1,518,12,1,0,2318,2331,C
2-PB1,519,2301,0,2,1,2304,A
2-PB1,520,2305,0,0,0,2305,A
2-PB1,521,1,2304,0,2,2307,T
2-PB1,522,0,2,2316,0,2318,G
2-PB1,523,1,5,2325,0,2331,G
2-PB1,524,2319,0,2,0,2321,A
2-PB1,525,0,2320,0,1,2321,T
2-PB1,526,2311,0,4,0,2315,A
2-PB1,527,2311,0,0,0,2311,A
2-PB1,528,2312,0,1,0,2313,A
2-PB1,529,0,5,2334,0,2339,G
2-PB1,530,2313,0,7,0,2320,A
2-PB1,531,2,3,2297,0,2302,G
2-PB1,532,1,6,2288,0,2295,G
2-PB1,533,2275,0,6,0,2281,A
2-PB1,534,2273,1,8,0,2282,A
2-PB1,535,2282,0,5,2,2289,A
2-PB1,536,0,2287,0,0,2287,T
2-PB1,537,0,4,2307,0,2311,G
2-PB1,538,0,2,2298,2,2302,G
2-PB1,539,2281,1,6,1,2289,A
2-PB1,540,0,3,2295,0,2298,G
2-PB1,541,2276,0,3,0,2279,A
2-PB1,542,1,2310,0,2,2313,T
2-PB1,543,2310,0,1,0,2311,A
2-PB1,544,2324,1,8,0,2333,A
2-PB1,545,0,0,0,2344,2344,C
2-PB1,546,2306,0,1,0,2307,A
2-PB1,547,2310,1,1,0,2312,A
2-PB1,548,1,3,0,2307,2311,C
2-PB1,549,2296,0,5,0,2301,A
2-PB1,550,0,1,0,2299,2300,C
2-PB1,551,2238,0,4,1,2243,A
2-PB1,552,1,1,0,2259,2261,C
2-PB1,553,1,2224,3,7,2235,T
2-PB1,554,0,2236,0,0,2236,T
2-PB1,555,0,2234,0,2,2236,T
2-PB1,556,4,1,0,2227,2232,C
2-PB1,557,2236,0,1,0,2237,A
2-PB1,558,2239,0,0,0,2239,A
2-PB1,559,2241,0,0,0,2241,A
2-PB1,560,0,2,2273,1,2276,G
2-PB1,561,2252,0,1,0,2253,A
2-PB1,562,2252,0,1,0,2253,A
2-PB1,563,2252,0,3,0,2255,A
2-PB1,564,2254,0,1,0,2255,A
2-PB1,565,2250,2,6,0,2258,A
2-PB1,566,1,5,2263,0,2269,G
2-PB1,567,0,3,2270,1,2274,G
2-PB1,568,2234,0,7,1,2242,A
2-PB1,569,0,3,2272,0,2275,G
2-PB1,570,2257,1,6,0,2264,A
2-PB1,571,0,0,2322,0,2322,G
2-PB1,572,0,2315,0,3,2318,T
2-PB1,573,2312,0,2,0,2314,A
2-PB1,574,2311,2,2,0,2315,A
2-PB1,575,0,1,2318,0,2319,G
2-PB1,576,1,3,2328,0,2332,G
2-PB1,577,0,11,2322,1,2334,G
2-PB1,578,2284,0,5,0,2289,A
2-PB1,579,0,0,0,2304,2304,C
2-PB1,580,2228,0,3,1,2232,A
2-PB1,581,2236,1,2,0,2239,A
2-PB1,582,0,0,0,2238,2238,C
2-PB1,583,2235,0,2,0,2237,A
2-PB1,584,0,2223,0,3,2226,T
2-PB1,585,0,8,2202,0,2210,G
2-PB1,586,2214,1,0,0,2215,A
2-PB1,587,0,0,0,2213,2213,C
2-PB1,588,0,2,0,2179,2181,C
2-PB1,589,2183,0,0,0,2183,A
2-PB1,590,2182,0,0,1,2183,A
2-PB1,591,0,2,2191,0,2193,G
2-PB1,592,2184,1,3,0,2188,A
2-PB1,593,2188,0,0,0,2188,A
2-PB1,594,2187,0,0,0,2187,A
2-PB1,595,2170,0,3,0,2173,A
2-PB1,596,0,2179,0,1,2180,T
2-PB1,597,0,8,2170,0,2178,G
2-PB1,598,0,0,2185,0,2185,G
2-PB1,599,0,2139,0,4,2143,T
2-PB1,600,10,0,0,2101,2111,C
2-PB1,601,2122,0,3,0,2125,A
2-PB1,602,5,1,0,2269,2275,C
2-PB1,603,2325,1,2,0,2328,A
2-PB1,604,0,1,0,2357,2358,C
2-PB1,605,2356,0,2,0,2358,A
2-PB1,606,2493,2,2,0,2497,A
2-PB1,607,2473,0,2,0,2475,A
2-PB1,608,0,8,2650,0,2658,G
2-PB1,609,488,9,2078,0,2575,G
2-PB1,610,2657,0,9,0,2666,A
2-PB1,611,1,0,0,2761,2762,C
2-PB1,612,2767,0,1,0,2768,A
2-PB1,613,2777,0,3,0,2780,A
2-PB1,614,0,2770,0,0,2770,T
2-PB1,615,2706,1,3,0,2710,A
2-PB1,616,1,5,2711,0,2717,G
2-PB1,617,2,3,2621,0,2626,G
2-PB1,618,0,6,2626,0,2632,G
2-PB1,619,2630,0,1,0,2631,A
2-PB1,620,2591,0,6,0,2597,A
2-PB1,621,0,5,2619,0,2624,G
2-PB1,622,2602,2,0,0,2604,A
2-PB1,623,2611,0,0,0,2611,A
2-PB1,624,2621,1,3,0,2625,A
2-PB1,625,2634,2,3,0,2639,A
2-PB1,626,2684,0,7,0,2691,A
2-PB1,627,2690,1,1,2,2694,A
2-PB1,628,1,1,1,2701,2704,C
2-PB1,629,2690,0,2,0,2692,A
2-PB1,630,2693,0,1,0,2694,A
2-PB1,631,2685,0,2,0,2687,A
2-PB1,632,1,3,2758,0,2762,G
2-PB1,633,2751,1,3,0,2755,A
2-PB1,634,0,0,2891,0,2891,G
2-PB1,635,0,2859,1,2,2862,T
2-PB1,636,0,7,3400,0,3407,G
2-PB1,637,3412,0,1,0,3413,A
2-PB1,638,3417,0,7,0,3424,A
2-PB1,639,1,3469,0,1,3471,T
2-PB1,640,3488,0,0,0,3488,A
2-PB1,641,3503,0,11,0,3514,A
2-PB1,642,0,10,3505,0,3515,G
2-PB1,643,3453,2,6,0,3461,A
2-PB1,644,1,5,3469,0,3475,G
2-PB1,645,3340,1,13,0,3354,A
2-PB1,646,0,6,3360,0,3366,G
2-PB1,647,7,3,3361,0,3371,G
2-PB1,648,0,2,0,3368,3370,C
2-PB1,649,0,3361,2,2,3365,T
2-PB1,650,3476,0,0,1,3477,A
2-PB1,651,0,1,0,3666,3667,C
2-PB1,652,4,1,1,3659,3665,C
2-PB1,653,1,3695,0,4,3700,T
2-PB1,654,3853,0,2,0,3855,A
2-PB1,655,3848,1,2,1,3852,A
2-PB1,656,0,3861,0,0,3861,T
2-PB1,657,3843,0,4,0,3847,A
2-PB1,658,3829,1,3,1,3834,A
2-PB1,659,1,5,3837,0,3843,G
2-PB1,660,3753,1,7,0,3761,A
2-PB1,661,1,3,3795,0,3799,G
2-PB1,662,2,1,0,3831,3834,C
2-PB1,663,1,3776,3,8,3788,T
2-PB1,664,0,3814,0,2,3816,T
2-PB1,665,0,3818,0,1,3819,T
2-PB1,666,0,11,3809,0,3820,G
2-PB1,667,3887,2,2,2,3893,A
2-PB1,668,1,0,0,3914,3915,C
2-PB1,669,3906,1,2,1,3910,A
2-PB1,670,0,3897,0,4,3901,T
2-PB1,671,0,3888,0,2,3890,T
2-PB1,672,1,23,3935,0,3959,G
2-PB1,673,3937,0,7,1,3945,A
2-PB1,674,3950,3,6,0,3959,A
2-PB1,675,1,0,0,3962,3963,C
2-PB1,676,3943,0,3,0,3946,A
2-PB1,677,1,3,0,3951,3955,C
2-PB1,678,1,6,3930,1,3938,G
2-PB1,679,3964,0,3,1,3968,A
2-PB1,680,0,3971,0,3,3974,T
2-PB1,681,1,29,4023,0,4053,G
2-PB1,682,4055,0,6,0,4061,A
2-PB1,683,2,2,0,4073,4077,C
2-PB1,684,6,0,0,4053,4059,C
2-PB1,685,4066,0,2,0,4068,A
2-PB1,686,4116,0,3,0,4119,A
2-PB1,687,4115,1,1,0,4117,A
2-PB1,688,0,3,4212,0,4215,G
2-PB1,689,4260,0,3,0,4263,A
2-PB1,690,0,4209,0,2,4211,T
2-PB1,691,1,2,4223,0,4226,G
2-PB1,692,2,11,0,4200,4213,C
2-PB1,693,4213,1,10,1,4225,A
2-PB1,694,0,8,4242,0,4250,G
2-PB1,695,4209,1,6,0,4216,A
2-PB1,696,0,6,4209,0,4215,G
2-PB1,697,4138,2,6,0,4146,A
2-PB1,698,0,5,4117,0,4122,G
2-PB1,699,4091,1,8,1,4101,A
2-PB1,700,1,12,4100,0,4113,G
2-PB1,701,3,3,4103,1,4110,G
2-PB1,702,2,1,1,4104,4108,C
2-PB1,703,4085,0,3,2,4090,A
2-PB1,704,4087,0,4,2,4093,A
2-PB1,705,4117,2,4,5,4128,A
2-PB1,706,0,4136,0,2,4138,T
2-PB1,707,0,4144,1,0,4145,T
2-PB1,708,4143,3,4,1,4151,A
2-PB1,709,4134,0,1,4,4139,A
2-PB1,710,4153,0,2,2,4157,A
2-PB1,711,4157,1,2,1,4161,A
2-PB1,712,4166,1,6,0,4173,A
2-PB1,713,0,3,4177,0,4180,G
2-PB1,714,4142,4,1,0,4147,A
2-PB1,715,4127,1,7,0,4135,A
2-PB1,716,1,9,4183,0,4193,G
2-PB1,717,1,4,4276,1,4282,G
2-PB1,718,0,3,4283,0,4286,G
2-PB1,719,3,3,1,4304,4311,C
2-PB1,720,0,4302,0,5,4307,T
2-PB1,721,4343,0,6,0,4349,A
2-PB1,722,0,4423,0,9,4432,T
2-PB1,723,0,4432,0,7,4439,T
2-PB1,724,3,2,4456,0,4461,G
2-PB1,725,0,5,0,4433,4438,C
2-PB1,726,4350,1,8,0,4359,A
2-PB1,727,4362,0,5,2,4369,A
2-PB1,728,1,0,0,4375,4376,C
2-PB1,729,4371,0,2,0,4373,A
2-PB1,730,3,1,0,4377,4381,C
2-PB1,731,2,1,0,4309,4312,C
2-PB1,732,9,6,0,4309,4324,C
2-PB1,733,4,5,4301,1,4311,G
2-PB1,734,3,4,4318,0,4325,G
2-PB1,735,2,4,4332,0,4338,G
2-PB1,736,4335,1,8,1,4345,A
2-PB1,737,0,4331,0,2,4333,T
2-PB1,738,6,2,4348,0,4356,G
2-PB1,739,4,3,0,4340,4347,C
2-PB1,740,4402,0,4,0,4406,A
2-PB1,741,4471,0,6,0,4477,A
2-PB1,742,4519,0,1,2,4522,A
2-PB1,743,0,4525,1,0,4526,T
2-PB1,744,1,4524,0,2,4527,T
2-PB1,745,4500,0,5,1,4506,A
2-PB1,746,0,4,4509,0,4513,G
2-PB1,747,4460,1,21,0,4482,A
2-PB1,748,0,8,4501,0,4509,G
2-PB1,749,5,9,4463,0,4477,G
2-PB1,750,2,0,4620,0,4622,G
2-PB1,751,0,4623,0,3,4626,T
2-PB1,752,1,4617,0,4,4622,T
2-PB1,753,16,3,0,4618,4637,C
2-PB1,754,2,1,4688,0,4691,G
2-PB1,755,0,4690,0,7,4697,T
2-PB1,756,3,0,4693,1,4697,G
2-PB1,757,0,4677,0,6,4683,T
2-PB1,758,4653,1,2,0,4656,A
2-PB1,759,1,0,1,4648,4650,C
2-PB1,760,0,4456,0,17,4473,T
2-PB1,761,0,4494,0,1,4495,T
2-PB1,762,8,1,0,4473,4482,C
2-PB1,763,1,1,4465,1,4468,G
2-PB1,764,1,4454,1,2,4458,T
2-PB1,765,1,4449,0,6,4456,T
2-PB1,766,2,14,4440,1,4457,G
2-PB1,767,4452,0,3,0,4455,A
2-PB1,768,4447,1,4,0,4452,A
2-PB1,769,4490,0,4,0,4494,A
2-PB1,770,0,0,0,4506,4506,C
2-PB1,771,0,4470,0,8,4478,T
2-PB1,772,0,4465,0,3,4468,T
2-PB1,773,1,4464,1,3,4469,T
2-PB1,774,4525,1,8,0,4534,A
2-PB1,775,1,3,4544,0,4548,G
2-PB1,776,2,1,0,4553,4556,C
2-PB1,777,0,4552,1,7,4560,T
2-PB1,778,4522,1,2,0,4525,A
2-PB1,779,1,4,4516,0,4521,G
2-PB1,780,4509,0,7,0,4516,A
2-PB1,781,4513,1,6,0,4520,A
2-PB1,782,1,1,4530,0,4532,G
2-PB1,783,2,3,0,4473,4478,C
2-PB1,784,4475,1,1,0,4477,A
2-PB1,785,0,4458,0,1,4459,T
2-PB1,786,0,4457,1,5,4463,T
2-PB1,787,0,4461,0,0,4461,T
2-PB1,788,0,0,4474,1,4475,G
2-PB1,789,4,2,0,4462,4468,C
2-PB1,790,3,10,4460,0,4473,G
2-PB1,791,4460,1,3,1,4465,A
2-PB1,792,4443,0,1,0,4444,A
2-PB1,793,4452,1,3,0,4456,A
2-PB1,794,4587,0,7,0,4594,A
2-PB1,795,0,1,4646,0,4647,G
2-PB1,796,0,2,0,4658,4660,C
2-PB1,797,0,4648,0,10,4658,T
2-PB1,798,1,4654,0,4,4659,T
2-PB1,799,2,21,4645,0,4668,G
2-PB1,800,4657,1,7,0,4665,A
2-PB1,801,4665,0,4,0,4669,A
2-PB1,802,1,3,0,4681,4685,C
2-PB1,803,4552,0,6,0,4558,A
2-PB1,804,0,1,4961,0,4962,G
2-PB1,805,1,4924,0,4,4929,T
2-PB1,806,14,1,0,4920,4935,C
2-PB1,807,0,4933,0,11,4944,T
2-PB1,808,1,8,4942,0,4951,G
2-PB1,809,0,7,4952,0,4959,G
2-PB1,810,4965,0,6,0,4971,A
2-PB1,811,0,0,0,4970,4970,C
2-PB1,812,0,4827,0,5,4832,T
2-PB1,813,1,4578,1,6,4586,T
2-PB1,814,4,0,0,4566,4570,C
2-PB1,815,5,3,1,4570,4579,C
2-PB1,816,5,3,4607,0,4615,G
2-PB1,817,7,0,4621,0,4628,G
2-PB1,818,0,4602,1,3,4606,T
2-PB1,819,0,4580,0,8,4588,T
2-PB1,820,1,6,4567,0,4574,G
2-PB1,821,2,2,4620,0,4624,G
2-PB1,822,4,5,4622,0,4631,G
2-PB1,823,2,10,4624,0,4636,G
2-PB1,824,2,4,4661,0,4667,G
2-PB1,825,0,4645,1,3,4649,T
2-PB1,826,4662,0,3,0,4665,A
2-PB1,827,4677,0,3,2,4682,A
2-PB1,828,0,4688,0,1,4689,T
2-PB1,829,0,17,4682,0,4699,G
2-PB1,830,4661,0,4,0,4665,A
2-PB1,831,4611,0,3,0,4614,A
2-PB1,832,4616,0,4,0,4620,A
2-PB1,833,4612,0,4,0,4616,A
2-PB1,834,0,3,4615,1,4619,G
2-PB1,835,4578,0,3,0,4581,A
2-PB1,836,4562,0,6,1,4569,A
2-PB1,837,0,7,4588,0,4595,G
2-PB1,838,1,1,4578,0,4580,G
2-PB1,839,0,0,0,4577,4577,C
2-PB1,840,5,3,0,4558,4566,C
2-PB1,841,4584,0,5,0,4589,A
2-PB1,842,4579,1,5,0,4585,A
2-PB1,843,4582,0,3,0,4585,A
2-PB1,844,1,3,0,4590,4594,C
2-PB1,845,0,4585,0,1,4586,T
2-PB1,846,0,8,4631,0,4639,G
2-PB1,847,3,0,4629,3,4635,G
2-PB1,848,1,0,0,4643,4644,C
2-PB1,849,4642,1,2,0,4645,A
2-PB1,850,4627,2,3,0,4632,A
2-PB1,851,4635,1,1,0,4637,A
2-PB1,852,0,4644,0,1,4645,T
2-PB1,853,2,1,4651,0,4654,G
2-PB1,854,0,4634,1,5,4640,T
2-PB1,855,0,4537,0,1,4538,T
2-PB1,856,5,1,4544,0,4550,G
2-PB1,857,2,4531,0,7,4540,T
2-PB1,858,3,17,4524,0,4544,G
2-PB1,859,4537,1,5,0,4543,A
2-PB1,860,2,12,4559,0,4573,G
2-PB1,861,4560,0,4,1,4565,A
2-PB1,862,4547,0,0,0,4547,A
2-PB1,863,4542,0,5,0,4547,A
2-PB1,864,4551,0,2,0,4553,A
2-PB1,865,4572,2,6,0,4580,A
2-PB1,866,0,4575,0,1,4576,T
2-PB1,867,1,10,4560,0,4571,G
2-PB1,868,4550,3,4,1,4558,A
2-PB1,869,0,4522,0,7,4529,T
2-PB1,870,0,18,4545,0,4563,G
2-PB1,871,4564,0,9,0,4573,A
2-PB1,872,1,3,1,4631,4636,C
2-PB1,873,0,4600,1,3,4604,T
2-PB1,874,4601,0,1,1,4603,A
2-PB1,875,4628,0,3,0,4631,A
2-PB1,876,0,4616,1,6,4623,T
2-PB1,877,2,4650,0,7,4659,T
2-PB1,878,22,0,0,4667,4689,C
2-PB1,879,4675,0,6,0,4681,A
2-PB1,880,0,5,0,4690,4695,C
2-PB1,881,4642,1,6,1,4650,A
2-PB1,882,4648,2,6,0,4656,A
2-PB1,883,1,15,4648,0,4664,G
2-PB1,884,4701,0,11,1,4713,A
2-PB1,885,0,3,0,4708,4711,C
2-PB1,886,4662,1,6,0,4669,A
2-PB1,887,2,1,0,4672,4675,C
2-PB1,888,4629,0,6,0,4635,A
2-PB1,889,1,6,4646,0,4653,G
2-PB1,890,4625,0,7,0,4632,A
2-PB1,891,1,0,4642,0,4643,G
2-PB1,892,1,0,0,4632,4633,C
2-PB1,893,0,4512,0,11,4523,T
2-PB1,894,0,4564,0,2,4566,T
2-PB1,895,1,4564,0,2,4567,T
2-PB1,896,7,0,1,4569,4577,C
2-PB1,897,1,4571,1,5,4578,T
2-PB1,898,2,4529,0,9,4540,T
2-PB1,899,1,4540,1,3,4545,T
2-PB1,900,6,0,0,4547,4553,C
2-PB1,901,4534,0,7,0,4541,A
2-PB1,902,0,1,1,4559,4561,C
2-PB1,903,4494,0,5,0,4499,A
2-PB1,904,4517,0,5,0,4522,A
2-PB1,905,0,4556,0,9,4565,T
2-PB1,906,13,1,0,4616,4630,C
2-PB1,907,4661,0,2,0,4663,A
2-PB1,908,1,0,0,4685,4686,C
2-PB1,909,0,4643,0,6,4649,T
2-PB1,910,1,8,4665,0,4674,G
2-PB1,911,2,8,4639,0,4649,G
2-PB1,912,1,9,4768,0,4778,G
2-PB1,913,4,13,4766,0,4783,G
2-PB1,914,4700,2,12,1,4715,A
2-PB1,915,4,3,0,4550,4557,C
2-PB1,916,4605,0,4,1,4610,A
2-PB1,917,4841,1,8,0,4850,A
2-PB1,918,1,3,0,4869,4873,C
2-PB1,919,4851,0,14,0,4865,A
2-PB1,920,3,4,0,4861,4868,C
2-PB1,921,0,4673,1,4,4678,T
2-PB1,922,4692,1,3,0,4696,A
2-PB1,923,4681,2,5,0,4688,A
2-PB1,924,2,0,4722,0,4724,G
2-PB1,925,0,4682,0,6,4688,T
2-PB1,926,1,6,4407,1,4415,G
2-PB1,927,3,5,4380,0,4388,G
2-PB1,928,4375,0,4,1,4380,A
2-PB1,929,4369,0,6,0,4375,A
2-PB1,930,0,4369,0,2,4371,T
2-PB1,931,2,15,4332,1,4350,G
2-PB1,932,4347,2,2,0,4351,A
2-PB1,933,4285,0,4,0,4289,A
2-PB1,934,4312,0,7,0,4319,A
2-PB1,935,4335,0,3,0,4338,A
2-PB1,936,1,4320,0,1,4322,T
2-PB1,937,18,2,1,4306,4327,C
2-PB1,938,4314,0,5,0,4319,A
2-PB1,939,4317,0,1,1,4319,A
2-PB1,940,4303,1,10,1,4315,A
2-PB1,941,4311,0,7,0,4318,A
2-PB1,942,0,1,0,4330,4331,C
2-PB1,943,6,0,0,4300,4306,C
2-PB1,944,8,0,0,4281,4289,C
2-PB1,945,0,4274,0,5,4279,T
2-PB1,946,9,2,0,4284,4295,C
2-PB1,947,1,11,4287,0,4299,G
2-PB1,948,4293,0,2,0,4295,A
2-PB1,949,4290,0,3,0,4293,A
2-PB1,950,0,4294,0,1,4295,T
2-PB1,951,0,0,4300,0,4300,G
2-PB1,952,0,4270,1,7,4278,T
2-PB1,953,1,4259,2,7,4269,T
2-PB1,954,0,4268,0,3,4271,T
2-PB1,955,1,4277,0,0,4278,T
2-PB1,956,0,4276,0,1,4277,T
2-PB1,957,0,9,4269,0,4278,G
2-PB1,958,2,1,4265,0,4268,G
2-PB1,959,4,2,0,4247,4253,C
2-PB1,960,2,4,4184,0,4190,G
2-PB1,961,4198,1,1,0,4200,A
2-PB1,962,0,4326,0,3,4329,T
2-PB1,963,1,6,4472,0,4479,G
2-PB1,964,4657,1,3,0,4661,A
2-PB1,965,0,4667,0,5,4672,T
2-PB1,966,1,4675,0,1,4677,T
2-PB1,967,4700,2,6,0,4708,A
2-PB1,968,1,3,0,4704,4708,C
2-PB1,969,4726,0,5,0,4731,A
2-PB1,970,0,4718,0,4,4722,T
2-PB1,971,4515,1,5,0,4521,A
2-PB1,972,1,1,0,4544,4546,C
2-PB1,973,4161,2,3,0,4166,A
2-PB1,974,0,4163,1,3,4167,T
2-PB1,975,8,7,0,4147,4162,C
2-PB1,976,4144,2,2,0,4148,A
2-PB1,977,1,1,0,4153,4155,C
2-PB1,978,4118,0,2,0,4120,A
2-PB1,979,4121,0,2,0,4123,A
2-PB1,980,4110,0,2,0,4112,A
2-PB1,981,0,5,3991,0,3996,G
2-PB1,982,4166,2,3,0,4171,A
2-PB1,983,4177,1,5,1,4184,A
2-PB1,984,0,4189,0,4,4193,T
2-PB1,985,25,15,0,4148,4188,C
2-PB1,986,4193,1,4,0,4198,A
2-PB1,987,4208,1,6,0,4215,A
2-PB1,988,8,0,0,4206,4214,C
2-PB1,989,7,0,1,4216,4224,C
2-PB1,990,2,4012,0,7,4021,T
2-PB1,991,1,6,4055,0,4062,G
2-PB1,992,4036,0,8,0,4044,A
2-PB1,993,0,1,4046,1,4048,G
2-PB1,994,1,4028,0,0,4029,T
2-PB1,995,6,12,3947,0,3965,G
2-PB1,996,3,0,4177,1,4181,G
2-PB1,997,0,4149,0,6,4155,T
2-PB1,998,0,4155,0,7,4162,T
2-PB1,999,17,2,0,4147,4166,C
2-PB1,1000,4111,1,3,0,4115,A
2-PB1,1001,0,9,4192,0,4201,G
2-PB1,1002,4192,0,3,2,4197,A
2-PB1,1003,4199,1,5,0,4205,A
2-PB1,1004,4186,0,3,1,4190,A
2-PB1,1005,1,2,0,3938,3941,C
2-PB1,1006,3959,1,3,0,3963,A
2-PB1,1007,0,3943,0,5,3948,T
2-PB1,1008,5,0,0,3997,4002,C
2-PB1,1009,6,1,0,3996,4003,C
2-PB1,1010,0,3889,1,5,3895,T
2-PB1,1011,1,11,3887,0,3899,G
2-PB1,1012,3883,1,4,0,3888,A
2-PB1,1013,1,0,3917,0,3918,G
2-PB1,1014,2,3,0,3900,3905,C
2-PB1,1015,3774,0,2,0,3776,A
2-PB1,1016,0,3782,0,1,3783,T
2-PB1,1017,9,5,0,3748,3762,C
2-PB1,1018,1,1,3762,0,3764,G
2-PB1,1019,1,1,0,3866,3868,C
2-PB1,1020,3878,0,9,0,3887,A
2-PB1,1021,2,1,0,4019,4022,C
2-PB1,1022,3,1,0,4007,4011,C
2-PB1,1023,4012,0,8,0,4020,A
2-PB1,1024,4060,3,3,1,4067,A
2-PB1,1025,0,4064,0,3,4067,T
2-PB1,1026,4065,0,2,0,4067,A
2-PB1,1027,4047,3,10,0,4060,A
2-PB1,1028,1,3941,1,3,3946,T
2-PB1,1029,2,1,3960,0,3963,G
2-PB1,1030,0,3850,1,4,3855,T
2-PB1,1031,0,3835,0,4,3839,T
2-PB1,1032,11,2,1,3840,3854,C
2-PB1,1033,1,3817,0,12,3830,T
2-PB1,1034,15,1,0,3821,3837,C
2-PB1,1035,3838,0,1,0,3839,A
2-PB1,1036,3834,0,5,1,3840,A
2-PB1,1037,3840,0,4,1,3845,A
2-PB1,1038,2,2,0,3846,3850,C
2-PB1,1039,3842,0,1,0,3843,A
2-PB1,1040,3836,0,2,1,3839,A
2-PB1,1041,3827,1,3,1,3832,A
2-PB1,1042,3834,0,3,0,3837,A
2-PB1,1043,0,3844,0,4,3848,T
2-PB1,1044,0,8,3843,2,3853,G
2-PB1,1045,0,1,3851,0,3852,G
2-PB1,1046,1,2,1,3846,3850,C
2-PB1,1047,3838,0,5,0,3843,A
2-PB1,1048,3849,0,2,1,3852,A
2-PB1,1049,0,6,3837,1,3844,G
2-PB1,1050,3836,0,3,0,3839,A
2-PB1,1051,1,3805,0,0,3806,T
2-PB1,1052,1,3878,1,1,3881,T
2-PB1,1053,1,5,3896,0,3902,G
2-PB1,1054,1,5,3903,0,3909,G
2-PB1,1055,4,9,3922,0,3935,G
2-PB1,1056,3925,0,4,3,3932,A
2-PB1,1057,3914,1,2,0,3917,A
2-PB1,1058,3906,1,8,0,3915,A
2-PB1,1059,3896,0,6,0,3902,A
2-PB1,1060,1,5,4021,0,4027,G
2-PB1,1061,0,12,4011,0,4023,G
2-PB1,1062,4016,0,7,0,4023,A
2-PB1,1063,0,4006,0,5,4011,T
2-PB1,1064,4001,0,5,0,4006,A
2-PB1,1065,1,0,0,4021,4022,C
2-PB1,1066,4048,0,5,1,4054,A
2-PB1,1067,0,4038,1,0,4039,T
2-PB1,1068,1,1,4070,1,4073,G
2-PB1,1069,0,3967,0,4,3971,T
2-PB1,1070,1,3967,0,5,3973,T
2-PB1,1071,19,0,1,3938,3958,C
2-PB1,1072,4,10,3948,0,3962,G
2-PB1,1073,3963,1,6,0,3970,A
2-PB1,1074,0,7,4034,0,4041,G
2-PB1,1075,3993,1,7,0,4001,A
2-PB1,1076,1,1,4039,0,4041,G
2-PB1,1077,0,4013,0,1,4014,T
2-PB1,1078,4000,0,2,1,4003,A
2-PB1,1079,3992,1,9,0,4002,A
2-PB1,1080,0,10,4008,0,4018,G
2-PB1,1081,4010,1,8,0,4019,A
2-PB1,1082,2,7,4066,0,4075,G
2-PB1,1083,3982,3,3,0,3988,A
2-PB1,1084,4013,0,0,0,4013,A
2-PB1,1085,1,3969,0,6,3976,T
2-PB1,1086,1,17,3952,0,3970,G
2-PB1,1087,3964,1,3,1,3969,A
2-PB1,1088,3950,0,5,1,3956,A
2-PB1,1089,1,2,3952,0,3955,G
2-PB1,1090,0,1,0,3948,3949,C
2-PB1,1091,0,3890,0,2,3892,T
2-PB1,1092,2,3,1,3906,3912,C
2-PB1,1093,6,4,0,3905,3915,C
2-PB1,1094,2,4,3915,0,3921,G
2-PB1,1095,1,11,3914,1,3927,G
2-PB1,1096,3937,0,5,1,3943,A
2-PB1,1097,0,1,0,3992,3993,C
2-PB1,1098,3991,0,3,0,3994,A
2-PB1,1099,0,1,0,4036,4037,C
2-PB1,1100,4031,0,4,0,4035,A
2-PB1,1101,4034,1,4,1,4040,A
2-PB1,1102,4037,1,3,0,4041,A
2-PB1,1103,0,4038,0,1,4039,T
2-PB1,1104,4038,1,4,1,4044,A
2-PB1,1105,2,0,0,4036,4038,C
2-PB1,1106,2,0,0,3998,4000,C
2-PB1,1107,2,3942,1,3,3948,T
2-PB1,1108,1,1,3965,0,3967,G
2-PB1,1109,1,2,0,3968,3971,C
2-PB1,1110,3965,2,2,0,3969,A
2-PB1,1111,1,3,3973,0,3977,G
2-PB1,1112,3952,0,1,1,3954,A
2-PB1,1113,3944,1,1,0,3946,A
2-PB1,1114,3964,1,4,0,3969,A
2-PB1,1115,0,3962,0,2,3964,T
2-PB1,1116,2,1,3971,0,3974,G
2-PB1,1117,1,0,0,3964,3965,C
2-PB1,1118,1,3953,0,4,3958,T
2-PB1,1119,3999,1,2,0,4002,A
2-PB1,1120,1,1,3997,0,3999,G
2-PB1,1121,2,0,0,3995,3997,C
2-PB1,1122,3994,3,0,0,3997,A
2-PB1,1123,3982,0,3,0,3985,A
2-PB1,1124,0,0,3972,0,3972,G
2-PB1,1125,3,2,0,3958,3963,C
2-PB1,1126,3916,0,0,0,3916,A
2-PB1,1127,0,3986,0,1,3987,T
2-PB1,1128,0,3993,0,3,3996,T
2-PB1,1129,0,8,4074,0,4082,G
2-PB1,1130,4114,0,5,0,4119,A
2-PB1,1131,0,0,0,4121,4121,C
2-PB1,1132,31,3,1,4095,4130,C
2-PB1,1133,1,4038,0,7,4046,T
2-PB1,1134,0,2,4091,2,4095,G
2-PB1,1135,4097,0,5,0,4102,A
2-PB1,1136,4097,1,9,0,4107,A
2-PB1,1137,1,1,4161,0,4163,G
2-PB1,1138,0,4037,0,4,4041,T
2-PB1,1139,4044,0,1,0,4045,A
2-PB1,1140,0,3989,0,6,3995,T
2-PB1,1141,0,3990,1,5,3996,T
2-PB1,1142,1,3986,1,8,3996,T
2-PB1,1143,10,0,0,3941,3951,C
2-PB1,1144,3945,2,4,0,3951,A
2-PB1,1145,3947,2,2,0,3951,A
2-PB1,1146,2,3903,0,1,3906,T
2-PB1,1147,2,16,3890,1,3909,G
2-PB1,1148,3882,2,4,0,3888,A
2-PB1,1149,3910,0,2,0,3912,A
2-PB1,1150,1,3891,0,2,3894,T
2-PB1,1151,11,0,0,3905,3916,C
2-PB1,1152,3909,0,8,0,3917,A
2-PB1,1153,3916,1,2,0,3919,A
2-PB1,1154,2,2,0,3906,3910,C
2-PB1,1155,3907,1,5,1,3914,A
2-PB1,1156,3894,0,3,1,3898,A
2-PB1,1157,1,1,3907,0,3909,G
2-PB1,1158,0,5,3919,0,3924,G
2-PB1,1159,3924,0,0,0,3924,A
2-PB1,1160,3910,1,6,0,3917,A
2-PB1,1161,0,12,3910,0,3922,G
2-PB1,1162,3907,0,9,0,3916,A
2-PB1,1163,3907,2,5,0,3914,A
2-PB1,1164,3901,1,5,0,3907,A
2-PB1,1165,3911,0,3,0,3914,A
2-PB1,1166,1,3899,2,3,3905,T
2-PB1,1167,0,3871,0,2,3873,T
2-PB1,1168,3,14,3867,2,3886,G
2-PB1,1169,3866,0,5,0,3871,A
2-PB1,1170,1,5,3878,0,3884,G
2-PB1,1171,3865,0,6,0,3871,A
2-PB1,1172,3910,2,3,0,3915,A
2-PB1,1173,3955,1,7,1,3964,A
2-PB1,1174,3972,0,1,0,3973,A
2-PB1,1175,1,3969,0,0,3970,T
2-PB1,1176,3969,0,1,0,3970,A
2-PB1,1177,3963,2,7,1,3973,A
2-PB1,1178,0,5,3978,0,3983,G
2-PB1,1179,0,1,3979,0,3980,G
2-PB1,1180,4,2,0,3965,3971,C
2-PB1,1181,5,1,0,3962,3968,C
2-PB1,1182,1,3924,0,8,3933,T
2-PB1,1183,3,1,0,4405,4409,C
2-PB1,1184,1,4460,0,7,4468,T
2-PB1,1185,2,4473,1,6,4482,T
2-PB1,1186,7,1,0,4546,4554,C
2-PB1,1187,1,4543,0,5,4549,T
2-PB1,1188,4553,0,3,1,4557,A
2-PB1,1189,4556,0,7,0,4563,A
2-PB1,1190,1,4559,0,1,4561,T
2-PB1,1191,4571,0,1,0,4572,A
2-PB1,1192,2,4,4487,1,4494,G
2-PB1,1193,4132,1,7,0,4140,A
2-PB1,1194,0,4129,0,4,4133,T
2-PB1,1195,0,9,4052,0,4061,G
2-PB1,1196,0,1,4093,1,4095,G
2-PB1,1197,0,0,0,4085,4085,C
2-PB1,1198,4089,1,10,0,4100,A
2-PB1,1199,0,1,0,4110,4111,C
2-PB1,1200,4050,0,7,0,4057,A
2-PB1,1201,1,2,4194,0,4197,G
2-PB1,1202,1,2,0,4189,4192,C
2-PB1,1203,4197,0,1,0,4198,A
2-PB1,1204,0,4290,0,4,4294,T
2-PB1,1205,7,1,0,4254,4262,C
2-PB1,1206,4299,0,4,0,4303,A
2-PB1,1207,0,4296,0,1,4297,T
2-PB1,1208,0,4271,0,0,4271,T
2-PB1,1209,2,10,4240,1,4253,G
2-PB1,1210,4113,0,4,1,4118,A
2-PB1,1211,0,1,4229,0,4230,G
2-PB1,1212,1,2,0,4207,4210,C
2-PB1,1213,7,0,0,4137,4144,C
2-PB1,1214,4,1,0,4198,4203,C
2-PB1,1215,2,4155,2,5,4164,T
2-PB1,1216,2,2,4444,0,4448,G
2-PB1,1217,0,6,4517,0,4523,G
2-PB1,1218,4513,0,11,0,4524,A
2-PB1,1219,4645,0,4,0,4649,A
2-PB1,1220,0,4499,1,10,4510,T
2-PB1,1221,0,8,4637,0,4645,G
2-PB1,1222,4702,1,7,0,4710,A
2-PB1,1223,1,4715,1,4,4721,T
2-PB1,1224,5,12,4708,0,4725,G
2-PB1,1225,4677,1,8,3,4689,A
2-PB1,1226,0,4633,1,2,4636,T
2-PB1,1227,2,15,4631,1,4649,G
2-PB1,1228,4,6,4707,0,4717,G
2-PB1,1229,2,4,4711,1,4718,G
2-PB1,1230,0,3,0,4684,4687,C
2-PB1,1231,4686,0,2,1,4689,A
2-PB1,1232,0,4703,0,7,4710,T
2-PB1,1233,3,3,4846,0,4852,G
2-PB1,1234,0,4843,0,17,4860,T
2-PB1,1235,1,4878,0,7,4886,T
2-PB1,1236,24,0,0,4871,4895,C
2-PB1,1237,4864,1,3,0,4868,A
2-PB1,1238,4871,1,8,0,4880,A
2-PB1,1239,2,1,0,4875,4878,C
2-PB1,1240,4901,0,4,0,4905,A
2-PB1,1241,0,4902,1,5,4908,T
2-PB1,1242,3,1,4925,0,4929,G
2-PB1,1243,1,0,2,4924,4927,C
2-PB1,1244,0,4922,0,1,4923,T
2-PB1,1245,4954,0,4,0,4958,A
2-PB1,1246,4955,0,3,0,4958,A
2-PB1,1247,1,0,5022,0,5023,G
2-PB1,1248,0,5022,0,3,5025,T
2-PB1,1249,5005,0,1,1,5007,A
2-PB1,1250,2,4,0,5030,5036,C
2-PB1,1251,1,5,5021,0,5027,G
2-PB1,1252,1,1,5319,0,5321,G
2-PB1,1253,0,5299,0,3,5302,T
2-PB1,1254,0,5284,0,2,5286,T
2-PB1,1255,0,5283,0,2,5285,T
2-PB1,1256,0,5259,0,3,5262,T
2-PB1,1257,5262,0,7,0,5269,A
2-PB1,1258,1,2,5262,0,5265,G
2-PB1,1259,2,16,5257,1,5276,G
2-PB1,1260,5126,1,15,0,5142,A
2-PB1,1261,0,0,5105,0,5105,G
2-PB1,1262,1,5151,0,7,5159,T
2-PB1,1263,13,0,0,5168,5181,C
2-PB1,1264,2,5173,2,7,5184,T
2-PB1,1265,11,5,0,5167,5183,C
2-PB1,1266,1,14,5178,0,5193,G
2-PB1,1267,5347,0,6,0,5353,A
2-PB1,1268,1,5354,1,2,5358,T
2-PB1,1269,5391,2,2,0,5395,A
2-PB1,1270,0,1,1,5398,5400,C
2-PB1,1271,2,5314,2,9,5327,T
2-PB1,1272,3,18,5320,0,5341,G
2-PB1,1273,5332,1,3,0,5336,A
2-PB1,1274,5426,1,2,0,5429,A
2-PB1,1275,1,5432,0,8,5441,T
2-PB1,1276,15,0,1,5323,5339,C
2-PB1,1277,1,5314,1,6,5322,T
2-PB1,1278,0,5298,0,3,5301,T
2-PB1,1279,2,11,5307,0,5320,G
2-PB1,1280,3,17,5299,0,5319,G
2-PB1,1281,5300,1,8,1,5310,A
2-PB1,1282,0,2,0,5320,5322,C
2-PB1,1283,5259,0,2,0,5261,A
2-PB1,1284,5314,1,9,0,5324,A
2-PB1,1285,5327,0,9,2,5338,A
2-PB1,1286,5325,2,27,0,5354,A
2-PB1,1287,3,8,5446,1,5458,G
2-PB1,1288,5452,0,6,0,5458,A
2-PB1,1289,5440,0,5,0,5445,A
2-PB1,1290,5449,0,8,1,5458,A
2-PB1,1291,0,5451,0,1,5452,T
2-PB1,1292,5457,0,4,0,5461,A
2-PB1,1293,3,3,0,5630,5636,C
2-PB1,1294,5591,0,5,0,5596,A
2-PB1,1295,2,0,0,5621,5623,C
2-PB1,1296,10,0,0,5549,5559,C
2-PB1,1297,5558,0,1,1,5560,A
2-PB1,1298,5613,0,9,0,5622,A
2-PB1,1299,1,14,5778,1,5794,G
2-PB1,1300,5841,2,7,0,5850,A
2-PB1,1301,0,3,0,5881,5884,C
2-PB1,1302,5755,1,10,1,5767,A
2-PB1,1303,5938,0,6,0,5944,A
2-PB1,1304,4,3,0,5950,5957,C
2-PB1,1305,6046,1,4,0,6051,A
2-PB1,1306,1,6057,0,0,6058,T
2-PB1,1307,6025,1,3,0,6029,A
2-PB1,1308,3,0,0,6112,6115,C
2-PB1,1309,1,5940,1,9,5951,T
2-PB1,1310,1,7,6053,0,6061,G
2-PB1,1311,5,3,6044,2,6054,G
2-PB1,1312,1,5943,0,5,5949,T
2-PB1,1313,2,6,5940,0,5948,G
2-PB1,1314,1,10,5899,1,5911,G
2-PB1,1315,1,10,5948,0,5959,G
2-PB1,1316,5943,1,6,0,5950,A
2-PB1,1317,0,5838,1,5,5844,T
2-PB1,1318,8,7,5832,1,5848,G
2-PB1,1319,5,6,5814,0,5825,G
2-PB1,1320,2,1,5879,1,5883,G
2-PB1,1321,3,1,0,5962,5966,C
2-PB1,1322,1,5935,0,15,5951,T
2-PB1,1323,9,0,1,5955,5965,C
2-PB1,1324,8,1,1,5941,5951,C
2-PB1,1325,5943,3,7,1,5954,A
2-PB1,1326,5954,2,6,1,5963,A
2-PB1,1327,2,5917,0,9,5928,T
2-PB1,1328,10,0,2,5901,5913,C
2-PB1,1329,3,2,0,5861,5866,C
2-PB1,1330,2,5818,0,18,5838,T
2-PB1,1331,15,0,0,5823,5838,C
2-PB1,1332,5,4,1,5799,5809,C
2-PB1,1333,3,13,5801,0,5817,G
2-PB1,1334,5805,1,5,1,5812,A
2-PB1,1335,0,3,0,5810,5813,C
2-PB1,1336,2,13,5802,0,5817,G
2-PB1,1337,5854,0,1,0,5855,A
2-PB1,1338,0,5842,0,3,5845,T
2-PB1,1339,0,5844,2,3,5849,T
2-PB1,1340,2,5841,1,2,5846,T
2-PB1,1341,0,5850,0,7,5857,T
2-PB1,1342,3,2,5857,0,5862,G
2-PB1,1343,0,6,0,5907,5913,C
2-PB1,1344,8,3,0,5893,5904,C
2-PB1,1345,10,2,1,6056,6069,C
2-PB1,1346,1,5968,1,14,5984,T
2-PB1,1347,9,2,0,6197,6208,C
2-PB1,1348,6245,1,6,0,6252,A
2-PB1,1349,0,6244,3,30,6277,T
2-PB1,1350,6275,0,4,0,6279,A
2-PB1,1351,1,2,6351,1,6355,G
2-PB1,1352,0,6273,2,4,6279,T
2-PB1,1353,1,14,6296,1,6312,G
2-PB1,1354,6142,1,9,0,6152,A
2-PB1,1355,6156,1,6,0,6163,A
2-PB1,1356,2,5920,0,9,5931,T
2-PB1,1357,3,1,5931,0,5935,G
2-PB1,1358,2,4,0,5974,5980,C
2-PB1,1359,5970,1,13,1,5985,A
2-PB1,1360,0,4,0,5994,5998,C
2-PB1,1361,7,0,1,5960,5968,C
2-PB1,1362,5941,0,2,0,5943,A
2-PB1,1363,5942,0,3,0,5945,A
2-PB1,1364,5925,2,3,2,5932,A
2-PB1,1365,0,5810,1,3,5814,T
2-PB1,1366,19,1,0,5936,5956,C
2-PB1,1367,5951,0,4,0,5955,A
2-PB1,1368,0,5955,1,6,5962,T
2-PB1,1369,1,6,5957,0,5964,G
2-PB1,1370,5960,0,19,0,5979,A
2-PB1,1371,0,8,5994,1,6003,G
2-PB1,1372,0,5,5989,0,5994,G
2-PB1,1373,2,16,6021,1,6040,G
2-PB1,1374,6017,1,10,0,6028,A
2-PB1,1375,6085,1,9,2,6097,A
2-PB1,1376,1,6110,1,1,6113,T
2-PB1,1377,6122,0,5,1,6128,A
2-PB1,1378,4,2,0,6130,6136,C
2-PB1,1379,6148,1,7,1,6157,A
2-PB1,1380,6123,1,10,1,6135,A
2-PB1,1381,3,1,6117,0,6121,G
2-PB1,1382,1,5,0,6091,6097,C
2-PB1,1383,6047,2,5,1,6055,A
2-PB1,1384,2,2,6105,0,6109,G
2-PB1,1385,0,17,6080,0,6097,G
2-PB1,1386,6089,0,7,1,6097,A
2-PB1,1387,1,8,6116,0,6125,G
2-PB1,1388,0,6041,0,6,6047,T
2-PB1,1389,3,10,6090,1,6104,G
2-PB1,1390,1,11,6107,0,6119,G
2-PB1,1391,6110,2,8,1,6121,A
2-PB1,1392,1,6118,1,0,6120,T
2-PB1,1393,6004,1,4,0,6009,A
2-PB1,1394,1,10,6050,0,6061,G
2-PB1,1395,6123,0,2,1,6126,A
2-PB1,1396,1,6096,1,8,6106,T
2-PB1,1397,5,6074,2,3,6084,T
2-PB1,1398,10,0,1,6239,6250,C
2-PB1,1399,2,6210,1,7,6220,T
2-PB1,1400,6221,1,3,0,6225,A
2-PB1,1401,1,1,1,6215,6218,C
2-PB1,1402,6120,2,8,1,6131,A
2-PB1,1403,2,5,6144,0,6151,G
2-PB1,1404,1,15,6043,0,6059,G
2-PB1,1405,6132,0,7,0,6139,A
2-PB1,1406,2,1,1,6112,6116,C
2-PB1,1407,0,1,0,6002,6003,C
2-PB1,1408,6,5938,0,16,5960,T
2-PB1,1409,1,1,5993,0,5995,G
2-PB1,1410,2,1,1,5982,5986,C
2-PB1,1411,5983,0,5,0,5988,A
2-PB1,1412,6028,2,9,1,6040,A
2-PB1,1413,2,0,6059,0,6061,G
2-PB1,1414,0,5969,3,0,5972,T
2-PB1,1415,1,5987,1,1,5990,T
2-PB1,1416,5908,0,5,0,5913,A
2-PB1,1417,2,1,5919,0,5922,G
2-PB1,1418,1,5885,0,9,5895,T
2-PB1,1419,4,6,5886,0,5896,G
2-PB1,1420,1,5,5875,0,5881,G
2-PB1,1421,3,13,5878,0,5894,G
2-PB1,1422,5870,0,13,0,5883,A
2-PB1,1423,5901,0,5,0,5906,A
2-PB1,1424,0,5904,2,5,5911,T
2-PB1,1425,21,2,0,5903,5926,C
2-PB1,1426,5912,0,4,1,5917,A
2-PB1,1427,5915,1,10,0,5926,A
2-PB1,1428,1,1,0,5918,5920,C
2-PB1,1429,5908,0,6,0,5914,A
2-PB1,1430,0,5792,0,3,5795,T
2-PB1,1431,0,29,5783,0,5812,G
2-PB1,1432,5811,0,4,2,5817,A
2-PB1,1433,4,2,5860,0,5866,G
2-PB1,1434,1,4,0,5838,5843,C
2-PB1,1435,5823,0,3,0,5826,A
2-PB1,1436,5837,1,4,1,5843,A
2-PB1,1437,5835,2,8,0,5845,A
2-PB1,1438,5870,0,3,0,5873,A
2-PB1,1439,5872,1,7,2,5882,A
2-PB1,1440,0,2,5881,0,5883,G
2-PB1,1441,5807,1,11,0,5819,A
2-PB1,1442,5750,2,11,0,5763,A
2-PB1,1443,1,0,5937,0,5938,G
2-PB1,1444,0,5929,1,5,5935,T
2-PB1,1445,15,11,1,5909,5936,C
2-PB1,1446,13,4,1,5938,5956,C
2-PB1,1447,1,5917,1,6,5925,T
2-PB1,1448,5995,1,2,0,5998,A
2-PB1,1449,0,5982,0,1,5983,T
2-PB1,1450,5986,1,4,0,5991,A
2-PB1,1451,0,5982,2,1,5985,T
2-PB1,1452,5874,0,11,0,5885,A
2-PB1,1453,5880,0,4,0,5884,A
2-PB1,1454,5867,0,3,1,5871,A
2-PB1,1455,0,5862,0,1,5863,T
2-PB1,1456,5817,0,0,0,5817,A
2-PB1,1457,5770,1,6,1,5778,A
2-PB1,1458,5793,0,5,0,5798,A
2-PB1,1459,5787,0,13,3,5803,A
2-PB1,1460,1,1,0,5802,5804,C
2-PB1,1461,5545,0,1,0,5546,A
2-PB1,1462,1,8,5536,0,5545,G
2-PB1,1463,3,10,5527,0,5540,G
2-PB1,1464,0,21,5521,0,5542,G
2-PB1,1465,5548,2,5,0,5555,A
2-PB1,1466,2,0,2,5571,5575,C
2-PB1,1467,5536,1,4,3,5544,A
2-PB1,1468,0,5561,0,3,5564,T
2-PB1,1469,2,5537,0,21,5560,T
2-PB1,1470,2,5566,0,1,5569,T
2-PB1,1471,2,19,5550,0,5571,G
2-PB1,1472,5530,0,6,1,5537,A
2-PB1,1473,5537,0,10,0,5547,A
2-PB1,1474,2,5553,0,5,5560,T
2-PB1,1475,1,5448,1,2,5452,T
2-PB1,1476,23,0,0,5462,5485,C
2-PB1,1477,5438,0,2,0,5440,A
2-PB1,1478,2,1,0,5445,5448,C
2-PB1,1479,0,5438,0,5,5443,T
2-PB1,1480,5440,1,2,0,5443,A
2-PB1,1481,1,1,5447,0,5449,G
2-PB1,1482,3,1,0,5435,5439,C
2-PB1,1483,0,5377,1,11,5389,T
2-PB1,1484,0,5458,0,5,5463,T
2-PB1,1485,0,5434,0,2,5436,T
2-PB1,1486,0,5443,1,1,5445,T
2-PB1,1487,0,5438,0,5,5443,T
2-PB1,1488,1,5434,0,2,5437,T
2-PB1,1489,1,5414,0,1,5416,T
2-PB1,1490,5419,0,2,0,5421,A
2-PB1,1491,0,5403,1,2,5406,T
2-PB1,1492,7,1,0,5398,5406,C
2-PB1,1493,1,11,5415,0,5427,G
2-PB1,1494,5539,0,0,0,5539,A
2-PB1,1495,1,5555,0,3,5559,T
2-PB1,1496,5553,3,1,0,5557,A
2-PB1,1497,2,5582,0,5,5589,T
2-PB1,1498,2,12,5564,0,5578,G
2-PB1,1499,0,6,5600,0,5606,G
2-PB1,1500,5610,2,8,0,5620,A
2-PB1,1501,1,5586,0,4,5591,T
2-PB1,1502,1,5545,0,1,5547,T
2-PB1,1503,0,5419,0,2,5421,T
2-PB1,1504,0,1,5418,0,5419,G
2-PB1,1505,3,5392,0,7,5402,T
2-PB1,1506,3,6,5375,0,5384,G
2-PB1,1507,4,2,5381,0,5387,G
2-PB1,1508,1,2,0,5348,5351,C
2-PB1,1509,0,5346,0,8,5354,T
2-PB1,1510,5357,0,1,0,5358,A
2-PB1,1511,5385,1,2,5,5393,A
2-PB1,1512,3,5424,0,0,5427,T
2-PB1,1513,2,5429,1,2,5434,T
2-PB1,1514,1,5439,0,0,5440,T
2-PB1,1515,1,5433,0,3,5437,T
2-PB1,1516,5425,0,11,1,5437,A
2-PB1,1517,1,2,5474,0,5477,G
2-PB1,1518,3,2,0,5468,5473,C
2-PB1,1519,5442,2,2,0,5446,A
2-PB1,1520,2,5396,0,3,5401,T
2-PB1,1521,1,12,5322,1,5336,G
2-PB1,1522,2,6,5402,0,5410,G
2-PB1,1523,5387,1,11,0,5399,A
2-PB1,1524,3,0,5407,0,5410,G
2-PB1,1525,1,2,0,5389,5392,C
2-PB1,1526,1,5325,0,9,5335,T
2-PB1,1527,3,0,5356,0,5359,G
2-PB1,1528,3,2,0,5329,5334,C
2-PB1,1529,17,1,1,5314,5333,C
2-PB1,1530,9,2,0,5352,5363,C
2-PB1,1531,5234,0,3,1,5238,A
2-PB1,1532,4,1,5445,1,5451,G
2-PB1,1533,0,5446,0,6,5452,T
2-PB1,1534,3,5447,0,3,5453,T
2-PB1,1535,1,5448,2,6,5457,T
2-PB1,1536,1,5389,0,3,5393,T
2-PB1,1537,1,6,5375,1,5383,G
2-PB1,1538,1,18,5364,0,5383,G
2-PB1,1539,5352,1,5,0,5358,A
2-PB1,1540,5,6,5354,1,5366,G
2-PB1,1541,0,4888,0,3,4891,T
2-PB1,1542,1,2,5058,0,5061,G
2-PB1,1543,1,5038,0,3,5042,T
2-PB1,1544,17,1,0,5030,5048,C
2-PB1,1545,2,5036,0,8,5046,T
2-PB1,1546,6,3,5059,0,5068,G
2-PB1,1547,0,11,5107,0,5118,G
2-PB1,1548,5120,0,4,1,5125,A
2-PB1,1549,5126,0,8,0,5134,A
2-PB1,1550,0,5125,0,3,5128,T
2-PB1,1551,4742,1,5,0,4748,A
2-PB1,1552,4746,1,4,1,4752,A
2-PB1,1553,4743,0,4,0,4747,A
2-PB1,1554,0,1,0,4749,4750,C
2-PB1,1555,1,13,4701,0,4715,G
2-PB1,1556,4629,2,9,0,4640,A
2-PB1,1557,0,2,4639,0,4641,G
2-PB1,1558,0,4631,0,6,4637,T
2-PB1,1559,18,1,0,4636,4655,C
2-PB1,1560,4618,0,7,1,4626,A
2-PB1,1561,3,1,4684,0,4688,G
2-PB1,1562,1,1,0,4695,4697,C
2-PB1,1563,0,4674,0,3,4677,T
2-PB1,1564,0,11,4828,0,4839,G
2-PB1,1565,4810,0,8,0,4818,A
2-PB1,1566,0,4802,0,3,4805,T
2-PB1,1567,4802,2,12,0,4816,A
2-PB1,1568,1,4768,0,2,4771,T
2-PB1,1569,0,12,4792,0,4804,G
2-PB1,1570,4643,2,6,0,4651,A
2-PB1,1571,2,2,4691,0,4695,G
2-PB1,1572,2,1,0,4688,4691,C
2-PB1,1573,4435,1,9,0,4445,A
2-PB1,1574,0,4437,0,6,4443,T
2-PB1,1575,0,4432,0,4,4436,T
2-PB1,1576,0,2,4486,0,4488,G
2-PB1,1577,0,10,4626,1,4637,G
2-PB1,1578,4549,0,10,0,4559,A
2-PB1,1579,3,1,4559,0,4563,G
2-PB1,1580,1,4390,0,8,4399,T
2-PB1,1581,4390,0,2,0,4392,A
2-PB1,1582,4386,0,5,0,4391,A
2-PB1,1583,1,1,0,4414,4416,C
2-PB1,1584,4378,0,2,0,4380,A
2-PB1,1585,1,0,4442,0,4443,G
2-PB1,1586,1,4013,0,4,4018,T
2-PB1,1587,1,5,4034,0,4040,G
2-PB1,1588,4062,1,3,1,4067,A
2-PB1,1589,1,4058,0,1,4060,T
2-PB1,1590,4048,0,3,0,4051,A
2-PB1,1591,4053,1,4,1,4059,A
2-PB1,1592,3922,0,22,2,3946,A
2-PB1,1593,0,9,3972,0,3981,G
2-PB1,1594,3786,0,4,1,3791,A
2-PB1,1595,3776,4,1,0,3781,A
2-PB1,1596,0,1,0,3785,3786,C
2-PB1,1597,3635,0,4,0,3639,A
2-PB1,1598,3655,1,4,0,3660,A
2-PB1,1599,1,1,0,3678,3680,C
2-PB1,1600,3709,0,7,0,3716,A
2-PB1,1601,0,3704,14,0,3718,T
2-PB1,1602,0,7,3658,0,3665,G
2-PB1,1603,3658,1,7,2,3668,A
2-PB1,1604,0,3659,1,3,3663,T
2-PB1,1605,3606,0,4,0,3610,A
2-PB1,1606,3632,0,2,1,3635,A
2-PB1,1607,3590,4,6,2,3602,A
2-PB1,1608,0,5,0,3619,3624,C
2-PB1,1609,3459,1,1,0,3461,A
2-PB1,1610,3455,1,3,0,3459,A
2-PB1,1611,0,3384,1,2,3387,T
2-PB1,1612,0,17,3375,1,3393,G
2-PB1,1613,3461,0,5,1,3467,A
2-PB1,1614,1,1,0,3486,3488,C
2-PB1,1615,9,1,0,3411,3421,C
2-PB1,1616,1,3299,0,2,3302,T
2-PB1,1617,0,3243,0,2,3245,T
2-PB1,1618,3,6,3240,0,3249,G
2-PB1,1619,0,10,3257,0,3267,G
2-PB1,1620,3287,0,9,0,3296,A
2-PB1,1621,1,2,0,3299,3302,C
2-PB1,1622,3,1,1,3247,3252,C
2-PB1,1623,3226,1,5,0,3232,A
2-PB1,1624,1,0,3266,0,3267,G
2-PB1,1625,2,3,0,3268,3273,C
2-PB1,1626,3274,1,3,0,3278,A
2-PB1,1627,3273,0,4,0,3277,A
2-PB1,1628,0,0,0,3274,3274,C
2-PB1,1629,3242,0,2,0,3244,A
2-PB1,1630,1,0,3298,0,3299,G
2-PB1,1631,2,1,0,3284,3287,C
2-PB1,1632,6,3,0,3295,3304,C
2-PB1,1633,8,0,0,3285,3293,C
2-PB1,1634,3298,0,0,1,3299,A
2-PB1,1635,3295,0,0,0,3295,A
2-PB1,1636,3292,2,3,0,3297,A
2-PB1,1637,0,3301,0,2,3303,T
2-PB1,1638,1,4,3288,0,3293,G
2-PB1,1639,2,1,3253,0,3256,G
2-PB1,1640,0,0,0,3254,3254,C
2-PB1,1641,0,3222,0,8,3230,T
2-PB1,1642,5,6,0,3295,3306,C
2-PB1,1643,2,3299,0,8,3309,T
2-PB1,1644,9,2,1,3316,3328,C
2-PB1,1645,3,3,0,3325,3331,C
2-PB1,1646,3343,0,2,0,3345,A
2-PB1,1647,3346,0,2,0,3348,A
2-PB1,1648,3,3330,0,3,3336,T
2-PB1,1649,0,3303,0,5,3308,T
2-PB1,1650,1,1,3309,0,3311,G
2-PB1,1651,1,3240,0,5,3246,T
2-PB1,1652,0,3235,0,3,3238,T
2-PB1,1653,17,6,1,3216,3240,C
2-PB1,1654,3228,0,1,0,3229,A
2-PB1,1655,1,3229,0,3,3233,T
2-PB1,1656,4,0,0,3231,3235,C
2-PB1,1657,3245,0,1,0,3246,A
2-PB1,1658,3248,0,0,0,3248,A
2-PB1,1659,3231,0,5,0,3236,A
2-PB1,1660,1,2,3300,0,3303,G
2-PB1,1661,3293,0,5,0,3298,A
2-PB1,1662,0,3297,0,2,3299,T
2-PB1,1663,0,3305,0,1,3306,T
2-PB1,1664,3317,0,5,1,3323,A
2-PB1,1665,1,2,0,3369,3372,C
2-PB1,1666,3352,0,6,0,3358,A
2-PB1,1667,0,3,3395,0,3398,G
2-PB1,1668,3374,0,2,0,3376,A
2-PB1,1669,0,3427,0,2,3429,T
2-PB1,1670,3431,0,1,1,3433,A
2-PB1,1671,2,0,0,3605,3607,C
2-PB1,1672,3661,0,8,1,3670,A
2-PB1,1673,1,0,0,3888,3889,C
2-PB1,1674,3834,0,5,0,3839,A
2-PB1,1675,0,3875,0,1,3876,T
2-PB1,1676,3844,0,2,0,3846,A
2-PB1,1677,0,3833,0,2,3835,T
2-PB1,1678,3763,2,1,0,3766,A
2-PB1,1679,1,4,3769,0,3774,G
2-PB1,1680,1,3,3737,0,3741,G
2-PB1,1681,1,3568,1,5,3575,T
2-PB1,1682,3,0,3508,1,3512,G
2-PB1,1683,2,1,0,3632,3635,C
2-PB1,1684,8,2,0,3624,3634,C
2-PB1,1685,3670,0,3,0,3673,A
2-PB1,1686,0,3666,0,1,3667,T
2-PB1,1687,3655,1,13,1,3670,A
2-PB1,1688,1,4,3691,0,3696,G
2-PB1,1689,3621,0,2,0,3623,A
2-PB1,1690,0,1,3635,1,3637,G
2-PB1,1691,0,4,3623,1,3628,G
2-PB1,1692,3475,0,6,0,3481,A
2-PB1,1693,1,10,3471,0,3482,G
2-PB1,1694,3460,3,3,0,3466,A
2-PB1,1695,0,2,0,3466,3468,C
2-PB1,1696,3445,1,4,1,3451,A
2-PB1,1697,0,5,0,3489,3494,C
2-PB1,1698,3490,0,3,0,3493,A
2-PB1,1699,0,0,0,3494,3494,C
2-PB1,1700,3458,0,5,1,3464,A
2-PB1,1701,3478,0,6,0,3484,A
2-PB1,1702,3497,0,5,0,3502,A
2-PB1,1703,0,3491,0,1,3492,T
2-PB1,1704,4,1,0,3502,3507,C
2-PB1,1705,4,2,0,3491,3497,C
2-PB1,1706,3452,1,5,0,3458,A
2-PB1,1707,0,6,3461,0,3467,G
2-PB1,1708,3454,3,6,0,3463,A
2-PB1,1709,2,0,0,3484,3486,C
2-PB1,1710,3,8,3456,1,3468,G
2-PB1,1711,3447,1,2,1,3451,A
2-PB1,1712,0,5,3448,0,3453,G
2-PB1,1713,3457,0,4,0,3461,A
2-PB1,1714,3464,0,4,0,3468,A
2-PB1,1715,1,7,3476,0,3484,G
2-PB1,1716,3461,0,4,1,3466,A
2-PB1,1717,1,3459,1,3,3464,T
2-PB1,1718,10,1,0,3432,3443,C
2-PB1,1719,3435,0,4,1,3440,A
2-PB1,1720,0,3430,0,2,3432,T
2-PB1,1721,1,3418,0,2,3421,T
2-PB1,1722,4,0,0,3422,3426,C
2-PB1,1723,2,4,3434,0,3440,G
2-PB1,1724,3411,1,5,0,3417,A
2-PB1,1725,1,4,3417,0,3422,G
2-PB1,1726,3396,1,7,1,3405,A
2-PB1,1727,0,3512,1,1,3514,T
2-PB1,1728,3520,1,3,0,3524,A
2-PB1,1729,3530,0,1,0,3531,A
2-PB1,1730,3520,1,11,0,3532,A
2-PB1,1731,2,8,3524,0,3534,G
2-PB1,1732,3542,0,0,0,3542,A
2-PB1,1733,3460,0,5,1,3466,A
2-PB1,1734,0,1,3480,0,3481,G
2-PB1,1735,1,1,0,3476,3478,C
2-PB1,1736,0,3432,0,4,3436,T
2-PB1,1737,12,0,3446,0,3458,G
2-PB1,1738,1,3441,0,6,3448,T
2-PB1,1739,1,5,3431,0,3437,G
2-PB1,1740,3,4,3438,0,3445,G
2-PB1,1741,4,5,3449,0,3458,G
2-PB1,1742,3479,0,3,0,3482,A
2-PB1,1743,0,3455,0,0,3455,T
2-PB1,1744,8,4,0,3419,3431,C
2-PB1,1745,3436,0,1,0,3437,A
2-PB1,1746,3453,1,4,0,3458,A
2-PB1,1747,3472,0,3,1,3476,A
2-PB1,1748,3,0,0,3464,3467,C
2-PB1,1749,6,0,0,3452,3458,C
2-PB1,1750,6,0,0,3448,3454,C
2-PB1,1751,3439,0,4,0,3443,A
2-PB1,1752,3503,0,3,0,3506,A
2-PB1,1753,0,3495,0,1,3496,T
2-PB1,1754,7,0,0,3499,3506,C
2-PB1,1755,3467,0,2,0,3469,A
2-PB1,1756,3436,0,7,0,3443,A
2-PB1,1757,0,6,3487,0,3493,G
2-PB1,1758,1,3,3480,0,3484,G
2-PB1,1759,2,3,3491,0,3496,G
2-PB1,1760,0,1,0,3495,3496,C
2-PB1,1761,3435,4,2,0,3441,A
2-PB1,1762,1,5,3530,0,3536,G
2-PB1,1763,2,9,3537,0,3548,G
2-PB1,1764,3564,0,5,0,3569,A
2-PB1,1765,0,0,0,3597,3597,C
2-PB1,1766,0,3537,1,3,3541,T
2-PB1,1767,3615,1,3,0,3619,A
2-PB1,1768,0,3605,0,5,3610,T
2-PB1,1769,0,3614,0,2,3616,T
2-PB1,1770,3,3,3618,0,3624,G
2-PB1,1771,2,1,3636,0,3639,G
2-PB1,1772,1,3581,1,2,3585,T
2-PB1,1773,3588,0,4,0,3592,A
2-PB1,1774,0,3552,1,1,3554,T
2-PB1,1775,8,1,0,3566,3575,C
2-PB1,1776,3508,0,3,0,3511,A
2-PB1,1777,9,4,3519,0,3532,G
2-PB1,1778,3538,0,4,0,3542,A
2-PB1,1779,1,3512,0,4,3517,T
2-PB1,1780,3,4,3404,0,3411,G
2-PB1,1781,0,7,3404,0,3411,G
2-PB1,1782,0,4,3405,0,3409,G
2-PB1,1783,0,2,3429,0,3431,G
2-PB1,1784,2,9,3421,0,3432,G
2-PB1,1785,3417,2,6,0,3425,A
2-PB1,1786,2,1,0,3406,3409,C
2-PB1,1787,10,0,1,3376,3387,C
2-PB1,1788,3387,0,3,0,3390,A
2-PB1,1789,3635,0,2,0,3637,A
2-PB1,1790,3647,0,2,0,3649,A
2-PB1,1791,1,0,0,3718,3719,C
2-PB1,1792,1,3682,0,4,3687,T
2-PB1,1793,1,3678,0,6,3685,T
2-PB1,1794,3701,0,1,0,3702,A
2-PB1,1795,0,3702,0,1,3703,T
2-PB1,1796,3712,2,0,0,3714,A
2-PB1,1797,0,2,1,3708,3711,C
2-PB1,1798,3450,1,2,1,3454,A
2-PB1,1799,3464,0,3,0,3467,A
2-PB1,1800,0,3410,0,0,3410,T
2-PB1,1801,3450,0,0,0,3450,A
2-PB1,1802,0,3456,0,1,3457,T
2-PB1,1803,6,1,0,3434,3441,C
2-PB1,1804,7,2,0,3436,3445,C
2-PB1,1805,0,4,3441,0,3445,G
2-PB1,1806,2,8,3440,1,3451,G
2-PB1,1807,3457,0,0,0,3457,A
2-PB1,1808,3461,2,1,0,3464,A
2-PB1,1809,0,3460,0,2,3462,T
2-PB1,1810,8,1,0,3484,3493,C
2-PB1,1811,0,3463,1,4,3468,T
2-PB1,1812,1,3489,0,5,3495,T
2-PB1,1813,5,1,0,3485,3491,C
2-PB1,1814,3483,2,7,0,3492,A
2-PB1,1815,0,1,0,3501,3502,C
2-PB1,1816,3485,0,4,0,3489,A
2-PB1,1817,1,3804,0,2,3807,T
2-PB1,1818,4,2,0,3819,3825,C
2-PB1,1819,3,1,1,3806,3811,C
2-PB1,1820,2,0,0,3830,3832,C
2-PB1,1821,0,3808,0,11,3819,T
2-PB1,1822,2,1,3816,0,3819,G
2-PB1,1823,3824,0,1,0,3825,A
2-PB1,1824,3808,0,4,0,3812,A
2-PB1,1825,0,0,3817,0,3817,G
2-PB1,1826,0,3594,0,1,3595,T
2-PB1,1827,12,1,0,3586,3599,C
2-PB1,1828,1,3543,0,1,3545,T
2-PB1,1829,2,2,3620,0,3624,G
2-PB1,1830,1,0,0,3628,3629,C
2-PB1,1831,1,3620,0,1,3622,T
2-PB1,1832,0,3628,0,3,3631,T
2-PB1,1833,3630,0,0,0,3630,A
2-PB1,1834,3626,0,2,0,3628,A
2-PB1,1835,3618,0,0,0,3618,A
2-PB1,1836,3525,1,5,2,3533,A
2-PB1,1837,1,3577,0,2,3580,T
2-PB1,1838,1,4,3573,1,3579,G
2-PB1,1839,2,1,3563,1,3567,G
2-PB1,1840,1,11,3568,1,3581,G
2-PB1,1841,3570,1,4,1,3576,A
2-PB1,1842,0,0,3585,0,3585,G
2-PB1,1843,7,3,0,3578,3588,C
2-PB1,1844,0,3582,0,6,3588,T
2-PB1,1845,0,3,3599,0,3602,G
2-PB1,1846,3584,3,4,0,3591,A
2-PB1,1847,0,3599,1,0,3600,T
2-PB1,1848,2,5,3608,0,3615,G
2-PB1,1849,1,1,3621,0,3623,G
2-PB1,1850,3611,1,4,0,3616,A
2-PB1,1851,2,3610,1,0,3613,T
2-PB1,1852,1,8,3604,2,3615,G
2-PB1,1853,3589,3,15,0,3607,A
2-PB1,1854,1,8,3641,0,3650,G
2-PB1,1855,3638,0,7,0,3645,A
2-PB1,1856,3651,0,1,0,3652,A
2-PB1,1857,0,3643,0,0,3643,T
2-PB1,1858,0,3610,0,2,3612,T
2-PB1,1859,3615,1,5,0,3621,A
2-PB1,1860,1,3614,0,2,3617,T
2-PB1,1861,3,2,0,3611,3616,C
2-PB1,1862,1,5,3639,0,3645,G
2-PB1,1863,0,5,3622,1,3628,G
2-PB1,1864,4,5,3605,0,3614,G
2-PB1,1865,5,9,3612,1,3627,G
2-PB1,1866,3612,1,1,0,3614,A
2-PB1,1867,3621,0,9,0,3630,A
2-PB1,1868,0,6,3639,0,3645,G
2-PB1,1869,3688,0,1,0,3689,A
2-PB1,1870,0,0,0,3711,3711,C
2-PB1,1871,2,3660,1,4,3667,T
2-PB1,1872,1,3721,1,7,3730,T
2-PB1,1873,0,3729,0,3,3732,T
2-PB1,1874,1,0,3768,0,3769,G
2-PB1,1875,0,3764,0,5,3769,T
2-PB1,1876,3749,1,0,0,3750,A
2-PB1,1877,3735,0,7,0,3742,A
2-PB1,1878,1,3679,0,2,3682,T
2-PB1,1879,15,1,0,3678,3694,C
2-PB1,1880,4,0,0,3685,3689,C
2-PB1,1881,10,1,1,3656,3668,C
2-PB1,1882,9,1,0,3682,3692,C
2-PB1,1883,1,3668,1,3,3673,T
2-PB1,1884,2,7,3674,0,3683,G
2-PB1,1885,3675,2,3,0,3680,A
2-PB1,1886,3688,0,3,0,3691,A
2-PB1,1887,0,3683,0,13,3696,T
2-PB1,1888,13,3,0,3651,3667,C
2-PB1,1889,2,3,0,3654,3659,C
2-PB1,1890,2,3,0,3638,3643,C
2-PB1,1891,1,3636,0,7,3644,T
2-PB1,1892,1,3650,0,2,3653,T
2-PB1,1893,0,3642,0,2,3644,T
2-PB1,1894,2,0,3647,0,3649,G
2-PB1,1895,2,3634,0,11,3647,T
2-PB1,1896,6,4,1,3622,3633,C
2-PB1,1897,3604,2,2,0,3608,A
2-PB1,1898,0,1,3641,0,3642,G
2-PB1,1899,1,0,0,3635,3636,C
2-PB1,1900,4,5,0,3630,3639,C
2-PB1,1901,3642,2,1,0,3645,A
2-PB1,1902,0,3655,0,1,3656,T
2-PB1,1903,3652,0,2,0,3654,A
2-PB1,1904,3664,0,6,0,3670,A
2-PB1,1905,3664,0,6,1,3671,A
2-PB1,1906,1,5,3708,0,3714,G
2-PB1,1907,3638,0,0,0,3638,A
2-PB1,1908,3639,1,3,0,3643,A
2-PB1,1909,3638,1,6,0,3645,A
2-PB1,1910,2,3637,1,1,3641,T
2-PB1,1911,0,3627,0,3,3630,T
2-PB1,1912,0,8,3625,0,3633,G
2-PB1,1913,3596,1,5,0,3602,A
2-PB1,1914,1,5,3670,0,3676,G
2-PB1,1915,0,3656,0,3,3659,T
2-PB1,1916,11,1,0,3666,3678,C
2-PB1,1917,2,3654,1,7,3664,T
2-PB1,1918,2,0,3738,0,3740,G
2-PB1,1919,2,3734,0,3,3739,T
2-PB1,1920,3787,0,1,0,3788,A
2-PB1,1921,3768,2,11,0,3781,A
2-PB1,1922,3785,1,0,1,3787,A
2-PB1,1923,0,1,0,3801,3802,C
2-PB1,1924,3681,0,1,1,3683,A
2-PB1,1925,3754,0,3,1,3758,A
2-PB1,1926,1,3745,0,0,3746,T
2-PB1,1927,0,1,3719,0,3720,G
2-PB1,1928,0,0,0,3738,3738,C
2-PB1,1929,0,3699,0,5,3704,T
2-PB1,1930,2,1,3792,0,3795,G
2-PB1,1931,0,3793,0,3,3796,T
2-PB1,1932,3837,0,5,0,3842,A
2-PB1,1933,1,2,3849,0,3852,G
2-PB1,1934,0,3753,0,2,3755,T
2-PB1,1935,3739,0,2,0,3741,A
2-PB1,1936,3708,0,1,0,3709,A
2-PB1,1937,1,3680,0,1,3682,T
2-PB1,1938,2,1,3669,0,3672,G
2-PB1,1939,2,3,0,3620,3625,C
2-PB1,1940,5,2,0,3578,3585,C
2-PB1,1941,3530,0,4,0,3534,A
2-PB1,1942,3,0,3594,0,3597,G
2-PB1,1943,0,1,0,3637,3638,C
2-PB1,1944,5,1,0,3641,3647,C
2-PB1,1945,8,4,0,3632,3644,C
2-PB1,1946,3626,0,3,0,3629,A
2-PB1,1947,2,3619,0,3,3624,T
2-PB1,1948,3,3,3624,0,3630,G
2-PB1,1949,2,0,3653,1,3656,G
2-PB1,1950,0,3647,0,4,3651,T
2-PB1,1951,8,1,0,3548,3557,C
2-PB1,1952,11,9,0,3483,3503,C
2-PB1,1953,0,3478,1,4,3483,T
2-PB1,1954,2,1,3537,0,3540,G
2-PB1,1955,3,5,0,3517,3525,C
2-PB1,1956,6,2,0,3532,3540,C
2-PB1,1957,3539,0,1,2,3542,A
2-PB1,1958,3501,0,0,0,3501,A
2-PB1,1959,3499,0,2,0,3501,A
2-PB1,1960,3508,1,0,0,3509,A
2-PB1,1961,2,0,3558,0,3560,G
2-PB1,1962,0,3499,0,1,3500,T
2-PB1,1963,3500,0,1,0,3501,A
2-PB1,1964,2,3496,0,2,3500,T
2-PB1,1965,2,8,3490,0,3500,G
2-PB1,1966,2,5,3545,0,3552,G
2-PB1,1967,3538,2,2,0,3542,A
2-PB1,1968,3566,1,3,0,3570,A
2-PB1,1969,0,3549,0,4,3553,T
2-PB1,1970,3505,2,4,0,3511,A
2-PB1,1971,1,3497,0,4,3502,T
2-PB1,1972,0,5,3465,0,3470,G
2-PB1,1973,3464,0,6,0,3470,A
2-PB1,1974,0,3460,0,12,3472,T
2-PB1,1975,1,0,3377,0,3378,G
2-PB1,1976,0,1,0,3382,3383,C
2-PB1,1977,0,0,0,3334,3334,C
2-PB1,1978,6,0,3334,0,3340,G
2-PB1,1979,0,3325,0,3,3328,T
2-PB1,1980,0,3326,0,1,3327,T
2-PB1,1981,4,0,3326,0,3330,G
2-PB1,1982,1,1,0,3397,3399,C
2-PB1,1983,3397,0,3,0,3400,A
2-PB1,1984,3445,1,8,0,3454,A
2-PB1,1985,1,1,0,3466,3468,C
2-PB1,1986,0,3442,0,3,3445,T
2-PB1,1987,3447,2,2,0,3451,A
2-PB1,1988,1,1,0,3447,3449,C
2-PB1,1989,3433,1,8,0,3442,A
2-PB1,1990,0,0,0,3437,3437,C
2-PB1,1991,3303,2,2,0,3307,A
2-PB1,1992,1,0,0,3565,3566,C
2-PB1,1993,1,3483,0,2,3486,T
2-PB1,1994,8,1,0,3472,3481,C
2-PB1,1995,6,2,0,3472,3480,C
2-PB1,1996,0,3449,0,5,3454,T
2-PB1,1997,0,7,3452,0,3459,G
2-PB1,1998,0,4,3456,0,3460,G
2-PB1,1999,3447,0,3,0,3450,A
2-PB1,2000,1,3436,0,6,3443,T
2-PB1,2001,1,3096,0,7,3104,T
2-PB1,2002,4,2,0,3128,3134,C
2-PB1,2003,5,1,0,3113,3119,C
2-PB1,2004,7,1,0,3123,3131,C
2-PB1,2005,3135,0,1,0,3136,A
2-PB1,2006,3126,0,5,1,3132,A
2-PB1,2007,0,2,3134,0,3136,G
2-PB1,2008,3125,0,6,0,3131,A
2-PB1,2009,1,4,3119,0,3124,G
2-PB1,2010,0,7,3133,1,3141,G
2-PB1,2011,3069,0,7,0,3076,A
2-PB1,2012,3075,1,5,0,3081,A
2-PB1,2013,0,0,0,3078,3078,C
2-PB1,2014,5,1,0,3058,3064,C
2-PB1,2015,3,0,3102,0,3105,G
2-PB1,2016,1,0,0,3101,3102,C
2-PB1,2017,0,3089,1,6,3096,T
2-PB1,2018,13,0,0,3097,3110,C
2-PB1,2019,0,3091,1,1,3093,T
2-PB1,2020,3297,0,1,0,3298,A
2-PB1,2021,0,3289,2,5,3296,T
2-PB1,2022,0,3308,1,4,3313,T
2-PB1,2023,9,0,0,3310,3319,C
2-PB1,2024,0,3218,0,1,3219,T
2-PB1,2025,3218,0,3,0,3221,A
2-PB1,2026,3219,0,2,0,3221,A
2-PB1,2027,3217,1,4,0,3222,A
2-PB1,2028,0,3,0,3217,3220,C
2-PB1,2029,3001,1,1,0,3003,A
2-PB1,2030,1,0,0,3005,3006,C
2-PB1,2031,2948,0,0,0,2948,A
2-PB1,2032,2975,0,8,0,2983,A
2-PB1,2033,0,0,2998,0,2998,G
2-PB1,2034,0,0,0,2999,2999,C
2-PB1,2035,7,0,0,2991,2998,C
2-PB1,2036,2974,3,3,0,2980,A
2-PB1,2037,2979,0,4,0,2983,A
2-PB1,2038,2979,1,7,0,2987,A
2-PB1,2039,0,2,3005,0,3007,G
2-PB1,2040,1,3,3007,0,3011,G
2-PB1,2041,0,5,2966,0,2971,G
2-PB1,2042,0,6,2963,0,2969,G
2-PB1,2043,2947,0,6,0,2953,A
2-PB1,2044,2957,0,1,0,2958,A
2-PB1,2045,0,2960,0,3,2963,T
2-PB1,2046,2,2959,0,4,2965,T
2-PB1,2047,8,1,0,2959,2968,C
2-PB1,2048,0,2939,0,4,2943,T
2-PB1,2049,1,2930,0,3,2934,T
2-PB1,2050,2,5,2931,0,2938,G
2-PB1,2051,2933,0,5,0,2938,A
2-PB1,2052,2,4,2944,0,2950,G
2-PB1,2053,0,7,2932,0,2939,G
2-PB1,2054,2926,3,3,0,2932,A
2-PB1,2055,0,2914,0,1,2915,T
2-PB1,2056,2,12,2903,0,2917,G
2-PB1,2057,2901,0,7,0,2908,A
2-PB1,2058,2906,1,8,0,2915,A
2-PB1,2059,0,4,0,2920,2924,C
2-PB1,2060,2885,3,3,2,2893,A
2-PB1,2061,0,3,2922,0,2925,G
2-PB1,2062,2910,1,3,0,2914,A
2-PB1,2063,0,2902,1,2,2905,T
2-PB1,2064,2,1,2908,0,2911,G
2-PB1,2065,1,2928,0,5,2934,T
2-PB1,2066,2931,0,2,0,2933,A
2-PB1,2067,0,1,0,2928,2929,C
2-PB1,2068,3,0,0,2911,2914,C
2-PB1,2069,2887,0,0,0,2887,A
2-PB1,2070,0,4,2847,0,2851,G
2-PB1,2071,2818,0,2,0,2820,A
2-PB1,2072,2812,1,4,0,2817,A
2-PB1,2073,0,0,2831,0,2831,G
2-PB1,2074,0,2666,0,2,2668,T
2-PB1,2075,0,1,2660,0,2661,G
2-PB1,2076,0,0,0,2668,2668,C
2-PB1,2077,1,2645,0,4,2650,T
2-PB1,2078,2,1,2649,0,2652,G
2-PB1,2079,1,1,0,2650,2652,C
2-PB1,2080,2646,0,2,0,2648,A
2-PB1,2081,2651,1,1,0,2653,A
2-PB1,2082,0,0,0,2613,2613,C
2-PB1,2083,0,2595,0,5,2600,T
2-PB1,2084,0,2578,0,2,2580,T
2-PB1,2085,0,0,2583,0,2583,G
2-PB1,2086,0,2579,0,0,2579,T
2-PB1,2087,0,2569,1,2,2572,T
2-PB1,2088,11,2,0,2560,2573,C
2-PB1,2089,1,3,2572,0,2576,G
2-PB1,2090,2570,0,2,0,2572,A
2-PB1,2091,0,1,2569,0,2570,G
2-PB1,2092,2566,0,0,0,2566,A
2-PB1,2093,2568,0,0,0,2568,A
2-PB1,2094,2574,0,0,0,2574,A
2-PB1,2095,1,2570,0,1,2572,T
2-PB1,2096,0,2575,0,1,2576,T
2-PB1,2097,1,2576,1,0,2578,T
2-PB1,2098,0,2570,0,2,2572,T
2-PB1,2099,1,2550,0,15,2566,T
2-PB1,2100,6,1,0,2575,2582,C
2-PB1,2101,6,2,1,2571,2580,C
2-PB1,2102,8,0,0,2575,2583,C
2-PB1,2103,1,2576,0,2,2579,T
2-PB1,2104,2578,0,1,0,2579,A
2-PB1,2105,0,1,2589,0,2590,G
2-PB1,2106,2,2587,0,0,2589,T
2-PB1,2107,2605,0,0,0,2605,A
2-PB1,2108,0,0,2609,0,2609,G
2-PB1,2109,1,2580,0,4,2585,T
2-PB1,2110,1,2651,0,3,2655,T
2-PB1,2111,7,2,2,2655,2666,C
2-PB1,2112,2689,0,5,0,2694,A
2-PB1,2113,1,2698,0,2,2701,T
2-PB1,2114,2690,1,1,0,2692,A
2-PB1,2115,0,2692,0,2,2694,T
2-PB1,2116,2603,0,7,0,2610,A
2-PB1,2117,1,1,2586,0,2588,G
2-PB1,2118,3,4,2565,0,2572,G
2-PB1,2119,2297,1,10,1,2309,A
2-PB1,2120,0,5,2296,0,2301,G
2-PB1,2121,2153,0,5,0,2158,A
2-PB1,2122,0,0,0,2150,2150,C
2-PB1,2123,5,3,0,2066,2074,C
2-PB1,2124,1,3,2067,0,2071,G
2-PB1,2125,2071,1,3,0,2075,A
2-PB1,2126,0,2059,0,1,2060,T
2-PB1,2127,1,2058,0,0,2059,T
2-PB1,2128,1,3,2059,0,2063,G
2-PB1,2129,0,3,2065,0,2068,G
2-PB1,2130,2062,0,1,0,2063,A
2-PB1,2131,2063,0,3,0,2066,A
2-PB1,2132,0,2054,0,2,2056,T
2-PB1,2133,1,2058,0,3,2062,T
2-PB1,2134,0,2059,0,1,2060,T
2-PB1,2135,8,8,0,2046,2062,C
2-PB1,2136,0,2059,0,1,2060,T
2-PB1,2137,2039,0,11,0,2050,A
2-PB1,2138,0,0,2055,0,2055,G
2-PB1,2139,1,1,0,2042,2044,C
2-PB1,2140,2041,0,0,0,2041,A
2-PB1,2141,0,2025,0,2,2027,T
2-PB1,2142,0,0,1999,0,1999,G
2-PB1,2143,0,0,2049,0,2049,G
2-PB1,2144,0,2040,0,3,2043,T
2-PB1,2145,0,2,2038,0,2040,G
2-PB1,2146,0,2,2034,0,2036,G
2-PB1,2147,1998,0,10,0,2008,A
2-PB1,2148,0,0,2012,0,2012,G
2-PB1,2149,4,0,2008,0,2012,G
2-PB1,2150,3,0,0,1994,1997,C
2-PB1,2151,4,1,0,1972,1977,C
2-PB1,2152,1803,0,3,0,1806,A
2-PB1,2153,0,1806,0,2,1808,T
2-PB1,2154,0,1,1809,0,1810,G
2-PB1,2155,0,1,1820,0,1821,G
2-PB1,2156,1,1783,0,0,1784,T
2-PB1,2157,0,1,1809,1,1811,G
2-PB1,2158,0,1768,2,7,1777,T
2-PB1,2159,6,1,0,1755,1762,C
2-PB1,2160,1,1766,0,3,1770,T
2-PB1,2161,1734,0,5,0,1739,A
2-PB1,2162,0,1,1735,0,1736,G
2-PB1,2163,2,3,1682,0,1687,G
2-PB1,2164,0,1,1661,0,1662,G
2-PB1,2165,3,1,0,1622,1626,C
2-PB1,2166,2,0,0,1540,1542,C
2-PB1,2167,0,1,0,1512,1513,C
2-PB1,2168,0,3,1507,0,1510,G
2-PB1,2169,5,0,1510,0,1515,G
2-PB1,2170,1514,1,0,0,1515,A
2-PB1,2171,1,1509,0,0,1510,T
2-PB1,2172,0,1454,0,0,1454,T
2-PB1,2173,0,1,1440,0,1441,G
2-PB1,2174,1441,0,0,0,1441,A
2-PB1,2175,1,1442,0,1,1444,T
2-PB1,2176,0,1,1444,1,1446,G
2-PB1,2177,1,0,0,1430,1431,C
2-PB1,2178,3,3,0,1424,1430,C
2-PB1,2179,1414,1,1,0,1416,A
2-PB1,2180,0,0,1414,0,1414,G
2-PB1,2181,1418,0,1,0,1419,A
2-PB1,2182,1416,0,0,0,1416,A
2-PB1,2183,1,1410,0,4,1415,T
2-PB1,2184,1,1385,0,2,1388,T
2-PB1,2185,0,7,1387,0,1394,G
2-PB1,2186,1387,0,2,0,1389,A
2-PB1,2187,0,0,0,1392,1392,C
2-PB1,2188,0,1375,1,3,1379,T
2-PB1,2189,1,1367,0,2,1370,T
2-PB1,2190,1,0,0,1370,1371,C
2-PB1,2191,0,3,1363,0,1366,G
2-PB1,2192,1365,0,2,0,1367,A
2-PB1,2193,0,0,1349,0,1349,G
2-PB1,2194,0,1364,0,1,1365,T
2-PB1,2195,7,0,0,1358,1365,C
2-PB1,2196,2,1362,0,2,1366,T
2-PB1,2197,0,2,1364,0,1366,G
2-PB1,2198,0,0,1367,0,1367,G
2-PB1,2199,1364,0,2,0,1366,A
2-PB1,2200,1259,0,3,0,1262,A
2-PB1,2201,0,4,1265,0,1269,G
2-PB1,2202,2,4,1268,0,1274,G
2-PB1,2203,1274,0,1,0,1275,A
2-PB1,2204,0,1265,0,2,1267,T
2-PB1,2205,1,1265,0,0,1266,T
2-PB1,2206,1260,2,0,0,1262,A
2-PB1,2207,1257,0,0,0,1257,A
2-PB1,2208,0,1,1258,0,1259,G
2-PB1,2209,1259,0,1,0,1260,A
2-PB1,2210,1194,0,2,0,1196,A
2-PB1,2211,1,0,1100,0,1101,G
2-PB1,2212,0,1,1099,0,1100,G
2-PB1,2213,1098,1,2,0,1101,A
2-PB1,2214,1100,0,1,0,1101,A
2-PB1,2215,0,2,1101,0,1103,G
2-PB1,2216,1053,0,1,0,1054,A
2-PB1,2217,0,0,1053,0,1053,G
2-PB1,2218,0,1014,0,1,1015,T
2-PB1,2219,0,1013,0,1,1014,T
2-PB1,2220,5,1,0,1015,1021,C
2-PB1,2221,0,987,0,1,988,T
2-PB1,2222,2,0,0,984,986,C
2-PB1,2223,0,979,0,3,982,T
2-PB1,2224,1,1,979,0,981,G
2-PB1,2225,952,0,2,0,954,A
2-PB1,2226,1,1,941,0,943,G
2-PB1,2227,928,1,1,0,930,A
2-PB1,2228,0,917,0,0,917,T
2-PB1,2229,7,0,0,858,865,C
2-PB1,2230,863,0,0,0,863,A
2-PB1,2231,0,857,0,1,858,T
2-PB1,2232,0,1,860,0,861,G
2-PB1,2233,849,0,4,0,853,A
2-PB1,2234,851,0,0,0,851,A
2-PB1,2235,0,1,825,0,826,G
2-PB1,2236,812,0,1,0,813,A
2-PB1,2237,1,809,0,0,810,T
2-PB1,2238,1,1,0,791,793,C
2-PB1,2239,0,738,0,0,738,T
2-PB1,2240,0,0,743,0,743,G
2-PB1,2241,1,740,0,0,741,T
2-PB1,2242,0,736,0,4,740,T
2-PB1,2243,0,0,0,734,734,C
2-PB1,2244,1,1,0,703,705,C
2-PB1,2245,701,0,0,0,701,A
2-PB1,2246,0,0,0,698,698,C
2-PB1,2247,1,0,0,665,666,C
2-PB1,2248,652,0,0,0,652,A
2-PB1,2249,0,610,1,2,613,T
2-PB1,2250,0,590,0,1,591,T
2-PB1,2251,0,2,588,0,590,G
2-PB1,2252,587,0,0,0,587,A
2-PB1,2253,578,0,6,0,584,A
2-PB1,2254,0,0,584,0,584,G
2-PB1,2255,494,0,0,0,494,A
2-PB1,2256,495,0,0,0,495,A
2-PB1,2257,0,0,0,487,487,C
2-PB1,2258,0,454,1,2,457,T
2-PB1,2259,1,0,1,455,457,C
2-PB1,2260,438,0,1,0,439,A
2-PB1,2261,0,0,439,0,439,G
2-PB1,2262,437,0,2,0,439,A
2-PB1,2263,0,1,0,427,428,C
2-PB1,2264,0,0,421,0,421,G
2-PB1,2265,0,0,412,0,412,G
2-PB1,2266,0,0,1,411,412,C
2-PB1,2267,407,0,1,0,408,A
2-PB1,2268,405,0,1,0,406,A
2-PB1,2269,402,0,0,0,402,A
2-PB1,2270,400,0,0,0,400,A
2-PB1,2271,400,0,0,0,400,A
2-PB1,2272,0,390,0,0,390,T
2-PB1,2273,377,0,0,0,377,A
2-PB1,2274,377,0,0,0,377,A
3-PA,1,53,0,0,0,53,A
3-PA,2,0,53,0,0,53,T
3-PA,3,0,0,59,0,59,G
3-PA,4,0,0,61,0,61,G
3-PA,5,61,0,0,0,61,A
3-PA,6,60,0,0,0,60,A
3-PA,7,0,0,62,0,62,G
3-PA,8,63,0,0,0,63,A
3-PA,9,0,63,0,0,63,T
3-PA,10,0,63,0,0,63,T
3-PA,11,0,68,0,0,68,T
3-PA,12,0,68,0,0,68,T
3-PA,13,0,0,73,0,73,G
3-PA,14,0,73,0,0,73,T
3-PA,15,0,0,71,0,71,G
3-PA,16,0,0,0,76,76,C
3-PA,17,0,1,75,0,76,G
3-PA,18,84,0,0,0,84,A
3-PA,19,0,0,0,85,85,C
3-PA,20,84,0,0,0,84,A
3-PA,21,86,0,0,0,86,A
3-PA,22,0,89,0,0,89,T
3-PA,23,0,0,106,0,106,G
3-PA,24,0,0,0,109,109,C
3-PA,25,0,108,0,1,109,T
3-PA,26,0,109,0,1,110,T
3-PA,27,0,0,0,110,110,C
3-PA,28,111,0,0,0,111,A
3-PA,29,115,0,1,0,116,A
3-PA,30,0,1,0,116,117,C
3-PA,31,0,0,0,118,118,C
3-PA,32,0,0,0,118,118,C
3-PA,33,0,0,118,0,118,G
3-PA,34,119,0,0,0,119,A
3-PA,35,0,119,0,1,120,T
3-PA,36,0,0,121,0,121,G
3-PA,37,121,0,1,0,122,A
3-PA,38,0,128,0,1,129,T
3-PA,39,0,131,0,0,131,T
3-PA,40,0,0,133,0,133,G
3-PA,41,0,133,0,0,133,T
3-PA,42,0,0,0,132,132,C
3-PA,43,0,1,131,0,132,G
3-PA,44,134,0,0,0,134,A
3-PA,45,133,0,1,0,134,A
3-PA,46,0,0,0,136,136,C
3-PA,47,0,137,0,0,137,T
3-PA,48,0,137,0,0,137,T
3-PA,49,0,0,138,0,138,G
3-PA,50,0,0,0,140,140,C
3-PA,51,140,0,0,0,140,A
3-PA,52,0,1,139,0,140,G
3-PA,53,140,0,0,0,140,A
3-PA,54,140,0,0,0,140,A
3-PA,55,140,0,1,0,141,A
3-PA,56,139,0,1,0,140,A
3-PA,57,140,0,0,0,140,A
3-PA,58,0,0,141,0,141,G
3-PA,59,0,0,0,143,143,C
3-PA,60,143,0,0,0,143,A
3-PA,61,148,0,0,0,148,A
3-PA,62,0,150,0,0,150,T
3-PA,63,0,0,154,0,154,G
3-PA,64,158,0,0,0,158,A
3-PA,65,157,0,0,0,157,A
3-PA,66,157,0,0,0,157,A
3-PA,67,0,0,164,0,164,G
3-PA,68,181,0,0,0,181,A
3-PA,69,0,0,228,0,228,G
3-PA,70,0,226,0,0,226,T
3-PA,71,226,0,0,0,226,A
3-PA,72,0,226,0,0,226,T
3-PA,73,0,0,229,0,229,G
3-PA,74,0,2,230,0,232,G
3-PA,75,0,0,233,0,233,G
3-PA,76,0,0,232,0,232,G
3-PA,77,231,0,1,0,232,A
3-PA,78,0,0,229,0,229,G
3-PA,79,0,0,230,0,230,G
3-PA,80,228,0,0,0,228,A
3-PA,81,0,232,0,0,232,T
3-PA,82,0,0,0,233,233,C
3-PA,83,0,231,0,0,231,T
3-PA,84,0,1,232,0,233,G
3-PA,85,232,0,0,0,232,A
3-PA,86,232,0,1,0,233,A
3-PA,87,233,0,0,0,233,A
3-PA,88,234,0,0,0,234,A
3-PA,89,0,235,0,0,235,T
3-PA,90,0,235,0,0,235,T
3-PA,91,0,0,237,0,237,G
3-PA,92,237,0,0,0,237,A
3-PA,93,237,0,0,0,237,A
3-PA,94,235,1,0,0,236,A
3-PA,95,0,0,0,237,237,C
3-PA,96,237,0,0,0,237,A
3-PA,97,237,0,0,0,237,A
3-PA,98,238,0,0,0,238,A
3-PA,99,0,1,0,239,240,C
3-PA,100,237,0,1,0,238,A
3-PA,101,241,0,0,0,241,A
3-PA,102,242,0,0,0,242,A
3-PA,103,0,241,0,0,241,T
3-PA,104,0,240,0,1,241,T
3-PA,105,0,240,0,0,240,T
3-PA,106,0,0,240,0,240,G
3-PA,107,0,0,0,243,243,C
3-PA,108,242,0,1,0,243,A
3-PA,109,0,0,252,0,252,G
3-PA,110,0,0,0,253,253,C
3-PA,111,275,1,0,0,276,A
3-PA,112,282,0,0,0,282,A
3-PA,113,0,285,0,0,285,T
3-PA,114,291,0,0,0,291,A
3-PA,115,0,291,0,0,291,T
3-PA,116,0,1,293,0,294,G
3-PA,117,0,0,0,296,296,C
3-PA,118,295,0,0,0,295,A
3-PA,119,0,0,0,299,299,C
3-PA,120,0,294,0,0,294,T
3-PA,121,1,0,0,343,344,C
3-PA,122,351,0,0,0,351,A
3-PA,123,0,0,0,361,361,C
3-PA,124,0,361,0,0,361,T
3-PA,125,0,362,0,0,362,T
3-PA,126,0,0,362,0,362,G
3-PA,127,0,0,365,0,365,G
3-PA,128,364,0,0,0,364,A
3-PA,129,1,0,368,0,369,G
3-PA,130,1,1,367,0,369,G
3-PA,131,0,355,0,0,355,T
3-PA,132,0,0,372,0,372,G
3-PA,133,0,372,0,1,373,T
3-PA,134,0,0,382,0,382,G
3-PA,135,0,383,0,0,383,T
3-PA,136,0,386,0,0,386,T
3-PA,137,0,385,0,1,386,T
3-PA,138,1,0,0,387,388,C
3-PA,139,385,1,0,0,386,A
3-PA,140,0,384,0,1,385,T
3-PA,141,0,1,392,0,393,G
3-PA,142,0,392,0,0,392,T
3-PA,143,394,0,0,0,394,A
3-PA,144,0,392,0,0,392,T
3-PA,145,0,393,0,0,393,T
3-PA,146,1,2,0,391,394,C
3-PA,147,392,0,0,0,392,A
3-PA,148,0,1,396,0,397,G
3-PA,149,397,0,0,0,397,A
3-PA,150,0,395,0,0,395,T
3-PA,151,0,393,0,1,394,T
3-PA,152,0,393,0,1,394,T
3-PA,153,0,0,0,392,392,C
3-PA,154,0,0,0,399,399,C
3-PA,155,398,0,0,0,398,A
3-PA,156,0,398,0,1,399,T
3-PA,157,0,398,0,1,399,T
3-PA,158,0,398,0,1,399,T
3-PA,159,2,0,0,397,399,C
3-PA,160,401,0,1,0,402,A
3-PA,161,0,421,0,1,422,T
3-PA,162,1,0,0,420,421,C
3-PA,163,418,0,0,5,423,A
3-PA,164,424,0,0,0,424,A
3-PA,165,0,425,0,0,425,T
3-PA,166,0,1,439,1,441,G
3-PA,167,440,1,1,0,442,A
3-PA,168,442,0,0,0,442,A
3-PA,169,0,0,0,443,443,C
3-PA,170,437,0,0,0,437,A
3-PA,171,440,0,1,0,441,A
3-PA,172,0,2,440,0,442,G
3-PA,173,1,0,440,0,441,G
3-PA,174,0,0,0,443,443,C
3-PA,175,0,1,442,0,443,G
3-PA,176,471,0,0,0,471,A
3-PA,177,471,0,0,0,471,A
3-PA,178,0,473,0,0,473,T
3-PA,179,2,0,0,478,480,C
3-PA,180,479,0,1,0,480,A
3-PA,181,486,0,1,0,487,A
3-PA,182,0,488,0,0,488,T
3-PA,183,488,0,0,0,488,A
3-PA,184,0,0,502,0,502,G
3-PA,185,1,499,0,2,502,T
3-PA,186,0,0,505,0,505,G
3-PA,187,0,0,506,0,506,G
3-PA,188,0,504,1,0,505,T
3-PA,189,503,0,1,1,505,A
3-PA,190,0,3,516,0,519,G
3-PA,191,520,0,0,0,520,A
3-PA,192,519,0,0,0,519,A
3-PA,193,0,0,0,519,519,C
3-PA,194,0,520,0,0,520,T
3-PA,195,0,519,0,1,520,T
3-PA,196,0,0,522,0,522,G
3-PA,197,522,0,0,0,522,A
3-PA,198,0,0,0,522,522,C
3-PA,199,0,0,522,0,522,G
3-PA,200,532,1,1,0,534,A
3-PA,201,0,541,0,1,542,T
3-PA,202,3,0,0,541,544,C
3-PA,203,1,0,0,544,545,C
3-PA,204,547,0,0,0,547,A
3-PA,205,545,0,0,0,545,A
3-PA,206,547,0,1,0,548,A
3-PA,207,1,545,0,0,546,T
3-PA,208,2,0,546,0,548,G
3-PA,209,0,0,0,543,543,C
3-PA,210,543,0,0,0,543,A
3-PA,211,0,0,0,555,555,C
3-PA,212,0,549,0,2,551,T
3-PA,213,0,0,633,0,633,G
3-PA,214,0,635,0,0,635,T
3-PA,215,0,634,1,0,635,T
3-PA,216,635,0,0,0,635,A
3-PA,217,635,0,0,0,635,A
3-PA,218,632,0,1,0,633,A
3-PA,219,0,2,630,0,632,G
3-PA,220,0,0,0,630,630,C
3-PA,221,631,0,0,0,631,A
3-PA,222,0,0,0,629,629,C
3-PA,223,595,0,0,0,595,A
3-PA,224,0,0,624,0,624,G
3-PA,225,622,0,2,0,624,A
3-PA,226,0,624,0,0,624,T
3-PA,227,0,624,0,0,624,T
3-PA,228,0,625,0,0,625,T
3-PA,229,0,3,623,0,626,G
3-PA,230,626,1,0,0,627,A
3-PA,231,624,1,2,0,627,A
3-PA,232,622,0,1,0,623,A
3-PA,233,0,617,0,1,618,T
3-PA,234,614,0,0,0,614,A
3-PA,235,622,0,2,0,624,A
3-PA,236,0,623,0,0,623,T
3-PA,237,1,0,0,622,623,C
3-PA,238,0,0,622,0,622,G
3-PA,239,619,0,1,0,620,A
3-PA,240,1,0,621,0,622,G
3-PA,241,0,0,638,0,638,G
3-PA,242,0,0,640,0,640,G
3-PA,243,0,2,637,0,639,G
3-PA,244,635,0,2,0,637,A
3-PA,245,0,2,638,0,640,G
3-PA,246,657,0,3,0,660,A
3-PA,247,0,2,658,0,660,G
3-PA,248,660,1,1,0,662,A
3-PA,249,0,0,0,661,661,C
3-PA,250,659,0,0,0,659,A
3-PA,251,0,3,666,0,669,G
3-PA,252,666,0,0,0,666,A
3-PA,253,681,0,0,1,682,A
3-PA,254,1,0,0,680,681,C
3-PA,255,669,0,0,0,669,A
3-PA,256,667,0,0,0,667,A
3-PA,257,0,666,0,0,666,T
3-PA,258,0,0,697,0,697,G
3-PA,259,0,0,698,0,698,G
3-PA,260,0,0,0,687,687,C
3-PA,261,1,0,0,696,697,C
3-PA,262,0,692,0,0,692,T
3-PA,263,0,1,714,0,715,G
3-PA,264,0,0,717,0,717,G
3-PA,265,718,0,0,0,718,A
3-PA,266,0,1,0,721,722,C
3-PA,267,696,0,0,0,696,A
3-PA,268,0,0,771,0,771,G
3-PA,269,0,770,2,0,772,T
3-PA,270,778,0,1,0,779,A
3-PA,271,1,0,778,0,779,G
3-PA,272,0,770,0,0,770,T
3-PA,273,773,0,0,0,773,A
3-PA,274,769,0,1,0,770,A
3-PA,275,766,0,0,0,766,A
3-PA,276,0,0,0,776,776,C
3-PA,277,726,0,0,0,726,A
3-PA,278,0,0,742,0,742,G
3-PA,279,0,737,0,1,738,T
3-PA,280,743,0,0,0,743,A
3-PA,281,0,742,0,1,743,T
3-PA,282,0,0,0,755,755,C
3-PA,283,0,752,0,0,752,T
3-PA,284,0,0,752,0,752,G
3-PA,285,0,0,0,750,750,C
3-PA,286,744,0,2,0,746,A
3-PA,287,740,0,0,0,740,A
3-PA,288,0,0,0,740,740,C
3-PA,289,737,0,0,0,737,A
3-PA,290,0,0,0,764,764,C
3-PA,291,0,760,0,1,761,T
3-PA,292,763,0,0,0,763,A
3-PA,293,0,1,0,762,763,C
3-PA,294,0,755,0,0,755,T
3-PA,295,1,1,754,0,756,G
3-PA,296,0,1,757,0,758,G
3-PA,297,754,1,1,0,756,A
3-PA,298,1,0,755,0,756,G
3-PA,299,0,1,0,726,727,C
3-PA,300,0,728,0,1,729,T
3-PA,301,0,2,726,0,728,G
3-PA,302,0,1,727,0,728,G
3-PA,303,0,2,722,0,724,G
3-PA,304,730,0,1,0,731,A
3-PA,305,729,0,2,0,731,A
3-PA,306,734,0,0,0,734,A
3-PA,307,0,0,0,729,729,C
3-PA,308,0,1,0,733,734,C
3-PA,309,1,0,732,0,733,G
3-PA,310,731,1,0,0,732,A
3-PA,311,732,0,1,0,733,A
3-PA,312,0,0,736,0,736,G
3-PA,313,0,731,0,1,732,T
3-PA,314,0,733,0,1,734,T
3-PA,315,0,735,0,0,735,T
3-PA,316,1,0,0,732,733,C
3-PA,317,0,731,0,4,735,T
3-PA,318,738,0,0,0,738,A
3-PA,319,0,0,0,734,734,C
3-PA,320,2,0,0,734,736,C
3-PA,321,727,0,0,0,727,A
3-PA,322,0,0,736,0,736,G
3-PA,323,737,0,1,0,738,A
3-PA,324,0,737,1,0,738,T
3-PA,325,0,737,0,0,737,T
3-PA,326,0,736,0,1,737,T
3-PA,327,0,0,739,0,739,G
3-PA,328,1,738,0,0,739,T
3-PA,329,740,0,0,0,740,A
3-PA,330,0,740,0,0,740,T
3-PA,331,1,4,729,0,734,G
3-PA,332,756,0,1,0,757,A
3-PA,333,0,758,0,0,758,T
3-PA,334,0,758,0,0,758,T
3-PA,335,755,0,0,0,755,A
3-PA,336,2,1,0,757,760,C
3-PA,337,757,0,2,1,760,A
3-PA,338,758,0,0,0,758,A
3-PA,339,0,1,763,0,764,G
3-PA,340,0,1,767,0,768,G
3-PA,341,741,0,1,0,742,A
3-PA,342,0,3,747,0,750,G
3-PA,343,752,0,0,0,752,A
3-PA,344,750,0,1,0,751,A
3-PA,345,0,0,0,752,752,C
3-PA,346,742,0,0,0,742,A
3-PA,347,0,1,750,0,751,G
3-PA,348,744,0,1,0,745,A
3-PA,349,0,735,0,2,737,T
3-PA,350,1,728,0,2,731,T
3-PA,351,3,0,0,720,723,C
3-PA,352,720,1,1,0,722,A
3-PA,353,0,722,0,0,722,T
3-PA,354,1,1,0,718,720,C
3-PA,355,0,2,718,0,720,G
3-PA,356,726,0,0,0,726,A
3-PA,357,721,0,3,0,724,A
3-PA,358,722,0,0,0,722,A
3-PA,359,0,721,0,0,721,T
3-PA,360,0,723,0,0,723,T
3-PA,361,0,0,723,0,723,G
3-PA,362,0,1,719,0,720,G
3-PA,363,0,0,723,0,723,G
3-PA,364,0,0,727,0,727,G
3-PA,365,0,719,0,0,719,T
3-PA,366,0,3,723,0,726,G
3-PA,367,727,1,0,0,728,A
3-PA,368,0,0,0,731,731,C
3-PA,369,735,0,0,0,735,A
3-PA,370,732,0,0,0,732,A
3-PA,371,0,0,742,0,742,G
3-PA,372,0,1,744,0,745,G
3-PA,373,741,0,0,0,741,A
3-PA,374,0,4,741,0,745,G
3-PA,375,727,0,1,0,728,A
3-PA,376,0,0,730,0,730,G
3-PA,377,725,1,0,0,726,A
3-PA,378,725,0,0,0,725,A
3-PA,379,0,0,739,0,739,G
3-PA,380,0,724,1,0,725,T
3-PA,381,3,0,0,722,725,C
3-PA,382,2,1,0,726,729,C
3-PA,383,733,0,1,0,734,A
3-PA,384,0,0,0,748,748,C
3-PA,385,756,0,2,0,758,A
3-PA,386,0,771,0,0,771,T
3-PA,387,790,0,0,0,790,A
3-PA,388,0,767,0,0,767,T
3-PA,389,759,0,0,0,759,A
3-PA,390,0,752,0,1,753,T
3-PA,391,0,754,0,0,754,T
3-PA,392,779,0,0,0,779,A
3-PA,393,0,0,0,781,781,C
3-PA,394,2,0,0,746,748,C
3-PA,395,0,727,0,1,728,T
3-PA,396,0,711,0,0,711,T
3-PA,397,0,3,708,0,711,G
3-PA,398,709,0,1,0,710,A
3-PA,399,0,1,664,0,665,G
3-PA,400,672,0,0,0,672,A
3-PA,401,671,0,0,0,671,A
3-PA,402,0,0,673,0,673,G
3-PA,403,0,1,674,0,675,G
3-PA,404,0,0,0,678,678,C
3-PA,405,0,0,0,680,680,C
3-PA,406,672,0,2,0,674,A
3-PA,407,675,0,1,0,676,A
3-PA,408,0,675,0,0,675,T
3-PA,409,676,0,0,0,676,A
3-PA,410,674,0,0,0,674,A
3-PA,411,0,1,681,0,682,G
3-PA,412,677,0,3,0,680,A
3-PA,413,0,679,0,0,679,T
3-PA,414,0,679,0,0,679,T
3-PA,415,678,0,0,0,678,A
3-PA,416,678,0,1,0,679,A
3-PA,417,683,0,0,0,683,A
3-PA,418,1,682,0,0,683,T
3-PA,419,1,1,0,683,685,C
3-PA,420,0,661,0,2,663,T
3-PA,421,0,3,660,0,663,G
3-PA,422,665,0,0,0,665,A
3-PA,423,0,0,667,0,667,G
3-PA,424,669,0,0,0,669,A
3-PA,425,663,0,2,0,665,A
3-PA,426,1,0,0,670,671,C
3-PA,427,667,2,0,0,669,A
3-PA,428,0,0,0,671,671,C
3-PA,429,670,0,2,0,672,A
3-PA,430,0,0,0,676,676,C
3-PA,431,672,1,0,0,673,A
3-PA,432,0,0,0,688,688,C
3-PA,433,676,0,0,0,676,A
3-PA,434,0,683,0,0,683,T
3-PA,435,0,679,0,2,681,T
3-PA,436,4,0,0,678,682,C
3-PA,437,681,0,0,0,681,A
3-PA,438,0,0,0,684,684,C
3-PA,439,676,0,1,0,677,A
3-PA,440,0,674,0,2,676,T
3-PA,441,0,664,0,2,666,T
3-PA,442,0,674,0,1,675,T
3-PA,443,0,673,0,1,674,T
3-PA,444,0,1,0,674,675,C
3-PA,445,0,670,1,2,673,T
3-PA,446,0,0,0,674,674,C
3-PA,447,670,0,0,0,670,A
3-PA,448,0,666,0,0,666,T
3-PA,449,0,665,0,3,668,T
3-PA,450,1,0,0,671,672,C
3-PA,451,671,0,1,1,673,A
3-PA,452,0,0,0,682,682,C
3-PA,453,0,677,0,1,678,T
3-PA,454,1,0,679,0,680,G
3-PA,455,0,0,678,0,678,G
3-PA,456,664,0,1,0,665,A
3-PA,457,0,0,689,0,689,G
3-PA,458,689,0,2,0,691,A
3-PA,459,0,1,698,0,699,G
3-PA,460,1,3,699,0,703,G
3-PA,461,696,1,1,0,698,A
3-PA,462,695,0,3,0,698,A
3-PA,463,694,0,1,0,695,A
3-PA,464,0,690,0,1,691,T
3-PA,465,0,1,695,0,696,G
3-PA,466,0,0,694,0,694,G
3-PA,467,0,0,0,694,694,C
3-PA,468,0,0,0,696,696,C
3-PA,469,694,0,0,0,694,A
3-PA,470,0,0,0,694,694,C
3-PA,471,694,0,1,0,695,A
3-PA,472,695,0,0,0,695,A
3-PA,473,697,0,0,1,698,A
3-PA,474,0,0,701,0,701,G
3-PA,475,1,0,697,0,698,G
3-PA,476,0,1,0,696,697,C
3-PA,477,693,0,3,0,696,A
3-PA,478,0,0,705,0,705,G
3-PA,479,705,0,0,0,705,A
3-PA,480,0,0,0,712,712,C
3-PA,481,0,708,0,0,708,T
3-PA,482,709,0,0,0,709,A
3-PA,483,3,0,0,709,712,C
3-PA,484,703,0,2,0,705,A
3-PA,485,0,0,0,710,710,C
3-PA,486,0,698,0,0,698,T
3-PA,487,0,0,0,704,704,C
3-PA,488,0,694,0,1,695,T
3-PA,489,3,0,0,681,684,C
3-PA,490,0,1,683,0,684,G
3-PA,491,682,0,0,0,682,A
3-PA,492,2,0,0,681,683,C
3-PA,493,0,2,684,0,686,G
3-PA,494,682,0,1,0,683,A
3-PA,495,0,0,685,0,685,G
3-PA,496,0,0,687,0,687,G
3-PA,497,682,0,0,0,682,A
3-PA,498,686,0,2,0,688,A
3-PA,499,684,0,2,0,686,A
3-PA,500,0,0,689,0,689,G
3-PA,501,0,0,0,688,688,C
3-PA,502,679,0,0,0,679,A
3-PA,503,0,2,685,0,687,G
3-PA,504,0,1,688,0,689,G
3-PA,505,0,0,688,0,688,G
3-PA,506,0,1,0,689,690,C
3-PA,507,0,685,0,0,685,T
3-PA,508,684,0,0,0,684,A
3-PA,509,1,0,702,0,703,G
3-PA,510,1,1,737,0,739,G
3-PA,511,745,0,0,1,746,A
3-PA,512,0,729,1,0,730,T
3-PA,513,0,717,0,0,717,T
3-PA,514,717,0,0,0,717,A
3-PA,515,715,1,1,0,717,A
3-PA,516,1,6,712,0,719,G
3-PA,517,717,0,0,0,717,A
3-PA,518,0,1,0,713,714,C
3-PA,519,1,0,0,663,664,C
3-PA,520,656,1,0,0,657,A
3-PA,521,0,0,664,0,664,G
3-PA,522,2,0,661,1,664,G
3-PA,523,0,1,0,662,663,C
3-PA,524,1,649,0,1,651,T
3-PA,525,0,0,664,0,664,G
3-PA,526,0,660,0,1,661,T
3-PA,527,0,661,0,1,662,T
3-PA,528,0,661,0,0,661,T
3-PA,529,658,0,1,0,659,A
3-PA,530,0,0,0,660,660,C
3-PA,531,0,0,0,650,650,C
3-PA,532,641,0,1,0,642,A
3-PA,533,0,641,0,1,642,T
3-PA,534,611,0,0,0,611,A
3-PA,535,615,0,0,0,615,A
3-PA,536,0,0,625,0,625,G
3-PA,537,626,0,0,0,626,A
3-PA,538,0,2,0,624,626,C
3-PA,539,602,0,0,0,602,A
3-PA,540,603,0,1,0,604,A
3-PA,541,0,3,605,0,608,G
3-PA,542,611,0,0,0,611,A
3-PA,543,611,0,0,0,611,A
3-PA,544,605,0,0,0,605,A
3-PA,545,0,593,0,0,593,T
3-PA,546,1,0,598,0,599,G
3-PA,547,0,0,602,0,602,G
3-PA,548,0,1,0,599,600,C
3-PA,549,1,2,0,599,602,C
3-PA,550,599,0,0,0,599,A
3-PA,551,609,0,1,0,610,A
3-PA,552,0,0,0,609,609,C
3-PA,553,608,0,0,0,608,A
3-PA,554,0,0,609,0,609,G
3-PA,555,600,0,1,0,601,A
3-PA,556,0,2,606,0,608,G
3-PA,557,0,0,617,0,617,G
3-PA,558,0,1,0,608,609,C
3-PA,559,0,0,0,615,615,C
3-PA,560,0,602,0,0,602,T
3-PA,561,599,0,1,0,600,A
3-PA,562,0,607,0,1,608,T
3-PA,563,0,0,607,0,607,G
3-PA,564,0,2,608,0,610,G
3-PA,565,0,0,582,0,582,G
3-PA,566,564,0,0,0,564,A
3-PA,567,0,564,0,1,565,T
3-PA,568,0,558,0,0,558,T
3-PA,569,1,0,0,649,650,C
3-PA,570,1,0,0,641,642,C
3-PA,571,0,640,0,1,641,T
3-PA,572,0,644,0,0,644,T
3-PA,573,0,642,0,0,642,T
3-PA,574,1,0,0,642,643,C
3-PA,575,1,0,643,0,644,G
3-PA,576,0,643,0,1,644,T
3-PA,577,1,0,0,643,644,C
3-PA,578,621,0,0,0,621,A
3-PA,579,1,0,740,0,741,G
3-PA,580,1,734,1,5,741,T
3-PA,581,3,0,0,740,743,C
3-PA,582,0,1,0,747,748,C
3-PA,583,0,5,748,0,753,G
3-PA,584,748,0,0,5,753,A
3-PA,585,751,0,2,0,753,A
3-PA,586,752,0,2,0,754,A
3-PA,587,0,0,768,0,768,G
3-PA,588,748,0,3,0,751,A
3-PA,589,0,0,762,0,762,G
3-PA,590,0,0,764,0,764,G
3-PA,591,0,0,0,763,763,C
3-PA,592,0,3,763,0,766,G
3-PA,593,766,0,0,0,766,A
3-PA,594,769,0,0,0,769,A
3-PA,595,0,1,773,0,774,G
3-PA,596,785,0,0,0,785,A
3-PA,597,781,1,1,0,783,A
3-PA,598,782,0,1,0,783,A
3-PA,599,1,0,0,790,791,C
3-PA,600,791,0,0,0,791,A
3-PA,601,791,0,1,0,792,A
3-PA,602,0,788,0,1,789,T
3-PA,603,0,790,1,0,791,T
3-PA,604,1,1,794,0,796,G
3-PA,605,794,0,1,0,795,A
3-PA,606,791,1,2,0,794,A
3-PA,607,0,3,793,0,796,G
3-PA,608,791,0,1,0,792,A
3-PA,609,791,0,1,0,792,A
3-PA,610,795,0,0,0,795,A
3-PA,611,796,0,0,0,796,A
3-PA,612,795,0,0,0,795,A
3-PA,613,0,802,0,0,802,T
3-PA,614,0,800,0,0,800,T
3-PA,615,0,798,0,0,798,T
3-PA,616,0,3,801,0,804,G
3-PA,617,806,0,0,0,806,A
3-PA,618,804,0,0,0,804,A
3-PA,619,805,1,0,0,806,A
3-PA,620,0,830,0,0,830,T
3-PA,621,3,0,0,929,932,C
3-PA,622,932,0,0,0,932,A
3-PA,623,0,0,0,948,948,C
3-PA,624,945,0,2,0,947,A
3-PA,625,1,3,959,0,963,G
3-PA,626,0,4,997,0,1001,G
3-PA,627,1022,1,0,0,1023,A
3-PA,628,1042,1,1,0,1044,A
3-PA,629,0,1,0,1065,1066,C
3-PA,630,0,1031,0,1,1032,T
3-PA,631,1125,0,1,0,1126,A
3-PA,632,0,1141,0,2,1143,T
3-PA,633,1,0,1188,0,1189,G
3-PA,634,0,1,0,1185,1186,C
3-PA,635,1,0,1170,0,1171,G
3-PA,636,0,1167,0,0,1167,T
3-PA,637,1155,0,5,0,1160,A
3-PA,638,0,2,1166,0,1168,G
3-PA,639,0,1,1167,0,1168,G
3-PA,640,0,0,1,1154,1155,C
3-PA,641,0,1138,0,1,1139,T
3-PA,642,0,1127,0,0,1127,T
3-PA,643,0,0,1129,0,1129,G
3-PA,644,1,1,0,1128,1130,C
3-PA,645,3,0,0,1126,1129,C
3-PA,646,0,2,1143,0,1145,G
3-PA,647,1153,1,0,1,1155,A
3-PA,648,1,0,0,1158,1159,C
3-PA,649,1,2,0,1153,1156,C
3-PA,650,1154,0,1,0,1155,A
3-PA,651,1161,0,2,0,1163,A
3-PA,652,1154,0,3,1,1158,A
3-PA,653,0,0,1193,0,1193,G
3-PA,654,1,1188,0,5,1194,T
3-PA,655,4,1,0,1195,1200,C
3-PA,656,0,1198,0,1,1199,T
3-PA,657,0,0,0,1209,1209,C
3-PA,658,0,1,0,1222,1223,C
3-PA,659,0,1,0,1226,1227,C
3-PA,660,1228,0,2,0,1230,A
3-PA,661,0,0,0,1244,1244,C
3-PA,662,4,1,0,1227,1232,C
3-PA,663,0,6,1234,0,1240,G
3-PA,664,1251,0,0,0,1251,A
3-PA,665,1249,1,0,0,1250,A
3-PA,666,0,1,0,1262,1263,C
3-PA,667,0,1257,0,1,1258,T
3-PA,668,0,1270,0,2,1272,T
3-PA,669,2,0,0,1295,1297,C
3-PA,670,1,1289,0,1,1291,T
3-PA,671,4,0,0,1289,1293,C
3-PA,672,1,1,0,1287,1289,C
3-PA,673,1,1277,0,1,1279,T
3-PA,674,0,0,1292,0,1292,G
3-PA,675,1,0,0,1291,1292,C
3-PA,676,2,1,0,1292,1295,C
3-PA,677,0,1287,0,2,1289,T
3-PA,678,0,1282,0,0,1282,T
3-PA,679,0,3,1282,0,1285,G
3-PA,680,1280,0,3,0,1283,A
3-PA,681,0,3,1312,0,1315,G
3-PA,682,1309,0,3,0,1312,A
3-PA,683,1317,0,1,0,1318,A
3-PA,684,0,1354,1,0,1355,T
3-PA,685,0,1370,0,0,1370,T
3-PA,686,1,1376,0,0,1377,T
3-PA,687,0,1378,0,0,1378,T
3-PA,688,1367,0,1,0,1368,A
3-PA,689,0,2,1367,0,1369,G
3-PA,690,1363,0,2,0,1365,A
3-PA,691,0,1,1424,0,1425,G
3-PA,692,0,0,0,1427,1427,C
3-PA,693,2,0,0,1440,1442,C
3-PA,694,0,1473,0,0,1473,T
3-PA,695,1547,0,2,0,1549,A
3-PA,696,0,1547,0,1,1548,T
3-PA,697,0,0,1570,0,1570,G
3-PA,698,0,1567,0,1,1568,T
3-PA,699,1,5,1568,0,1574,G
3-PA,700,0,0,1557,0,1557,G
3-PA,701,1552,0,0,0,1552,A
3-PA,702,0,1531,0,6,1537,T
3-PA,703,1,3,1509,0,1513,G
3-PA,704,0,8,1555,0,1563,G
3-PA,705,1566,0,0,0,1566,A
3-PA,706,0,1563,0,0,1563,T
3-PA,707,0,1560,0,0,1560,T
3-PA,708,3,1,0,1549,1553,C
3-PA,709,0,5,1556,0,1561,G
3-PA,710,1562,0,0,0,1562,A
3-PA,711,1560,0,1,0,1561,A
3-PA,712,1,1,0,1568,1570,C
3-PA,713,4,0,0,1539,1543,C
3-PA,714,1,4,1548,0,1553,G
3-PA,715,1551,0,2,0,1553,A
3-PA,716,1550,0,2,0,1552,A
3-PA,717,0,1,0,1569,1570,C
3-PA,718,0,1,1567,0,1568,G
3-PA,719,0,0,1610,0,1610,G
3-PA,720,0,1,0,1612,1613,C
3-PA,721,0,1601,0,5,1606,T
3-PA,722,1,1,1645,0,1647,G
3-PA,723,0,0,0,1658,1658,C
3-PA,724,1668,1,0,0,1669,A
3-PA,725,0,1664,0,2,1666,T
3-PA,726,0,1656,0,0,1656,T
3-PA,727,0,0,1662,0,1662,G
3-PA,728,1613,2,3,0,1618,A
3-PA,729,0,3,1642,1,1646,G
3-PA,730,5,5,1636,0,1646,G
3-PA,731,1,0,1631,0,1632,G
3-PA,732,0,4,0,1630,1634,C
3-PA,733,1623,0,2,0,1625,A
3-PA,734,1628,0,4,0,1632,A
3-PA,735,0,1,1643,0,1644,G
3-PA,736,0,0,0,1651,1651,C
3-PA,737,0,1643,0,2,1645,T
3-PA,738,0,1643,0,0,1643,T
3-PA,739,0,1651,0,1,1652,T
3-PA,740,3,0,0,1649,1652,C
3-PA,741,0,1649,0,6,1655,T
3-PA,742,1,2,0,1661,1664,C
3-PA,743,1655,1,1,0,1657,A
3-PA,744,1652,0,0,0,1652,A
3-PA,745,1646,0,5,0,1651,A
3-PA,746,1,1658,0,0,1659,T
3-PA,747,0,0,1716,0,1716,G
3-PA,748,1,1707,1,3,1712,T
3-PA,749,4,0,0,1730,1734,C
3-PA,750,2,0,0,1730,1732,C
3-PA,751,1735,0,0,0,1735,A
3-PA,752,1734,0,3,0,1737,A
3-PA,753,1737,0,2,0,1739,A
3-PA,754,0,0,1759,0,1759,G
3-PA,755,1745,0,2,0,1747,A
3-PA,756,1717,0,3,0,1720,A
3-PA,757,1,1,1736,0,1738,G
3-PA,758,0,1721,0,1,1722,T
3-PA,759,0,4,1715,0,1719,G
3-PA,760,1707,0,3,0,1710,A
3-PA,761,1709,0,4,0,1713,A
3-PA,762,0,1721,1,0,1722,T
3-PA,763,1,0,1725,0,1726,G
3-PA,764,0,1,0,1731,1732,C
3-PA,765,0,1,0,1732,1733,C
3-PA,766,4,3,0,1723,1730,C
3-PA,767,1742,0,1,0,1743,A
3-PA,768,1761,0,1,0,1762,A
3-PA,769,1768,0,0,0,1768,A
3-PA,770,0,1766,0,1,1767,T
3-PA,771,0,1760,0,1,1761,T
3-PA,772,0,8,1751,0,1759,G
3-PA,773,1748,1,0,0,1749,A
3-PA,774,1748,0,2,0,1750,A
3-PA,775,1,0,0,1752,1753,C
3-PA,776,2,0,0,1751,1753,C
3-PA,777,0,1724,0,2,1726,T
3-PA,778,0,1780,0,1,1781,T
3-PA,779,2,1783,0,2,1787,T
3-PA,780,0,1815,0,3,1818,T
3-PA,781,3,0,0,1828,1831,C
3-PA,782,0,1827,0,3,1830,T
3-PA,783,0,2,1839,0,1841,G
3-PA,784,1827,0,5,0,1832,A
3-PA,785,1857,0,2,0,1859,A
3-PA,786,0,2,1864,0,1866,G
3-PA,787,1848,0,4,0,1852,A
3-PA,788,0,0,0,1859,1859,C
3-PA,789,1832,0,2,0,1834,A
3-PA,790,1847,1,2,0,1850,A
3-PA,791,0,0,0,2039,2039,C
3-PA,792,2041,0,4,1,2046,A
3-PA,793,1,2,0,2043,2046,C
3-PA,794,2,1,0,2031,2034,C
3-PA,795,2028,0,2,0,2030,A
3-PA,796,2028,0,3,0,2031,A
3-PA,797,0,8,2021,0,2029,G
3-PA,798,2028,0,1,0,2029,A
3-PA,799,0,0,0,2027,2027,C
3-PA,800,3,2,0,1907,1912,C
3-PA,801,1903,1,9,0,1913,A
3-PA,802,1913,1,2,0,1916,A
3-PA,803,0,1918,0,2,1920,T
3-PA,804,8,2,1,1912,1923,C
3-PA,805,1917,0,0,0,1917,A
3-PA,806,1915,0,0,0,1915,A
3-PA,807,1908,0,3,1,1912,A
3-PA,808,0,1,0,1935,1936,C
3-PA,809,1,1919,0,3,1923,T
3-PA,810,0,1928,0,1,1929,T
3-PA,811,0,0,0,1942,1942,C
3-PA,812,2,0,0,1940,1942,C
3-PA,813,1,5,1940,0,1946,G
3-PA,814,1941,0,1,0,1942,A
3-PA,815,1943,1,1,0,1945,A
3-PA,816,0,1949,0,2,1951,T
3-PA,817,1,1,1930,0,1932,G
3-PA,818,0,0,1944,0,1944,G
3-PA,819,1945,1,5,0,1951,A
3-PA,820,0,0,0,1962,1962,C
3-PA,821,1,1,0,1953,1955,C
3-PA,822,1,2020,1,2,2024,T
3-PA,823,0,0,0,2077,2077,C
3-PA,824,2,1,0,2081,2084,C
3-PA,825,0,2082,0,2,2084,T
3-PA,826,1,2087,0,2,2090,T
3-PA,827,0,1,2198,0,2199,G
3-PA,828,0,2186,0,2,2188,T
3-PA,829,0,2183,0,1,2184,T
3-PA,830,2178,0,3,0,2181,A
3-PA,831,0,2121,0,1,2122,T
3-PA,832,3,1,1,2111,2116,C
3-PA,833,2070,0,1,0,2071,A
3-PA,834,0,0,2074,0,2074,G
3-PA,835,0,4,0,2062,2066,C
3-PA,836,1,4,2006,0,2011,G
3-PA,837,1,0,2081,0,2082,G
3-PA,838,1,2078,0,5,2084,T
3-PA,839,4,2,0,2082,2088,C
3-PA,840,5,0,0,2088,2093,C
3-PA,841,2101,0,0,0,2101,A
3-PA,842,2105,0,3,1,2109,A
3-PA,843,2108,0,1,0,2109,A
3-PA,844,0,2105,0,3,2108,T
3-PA,845,0,2106,0,2,2108,T
3-PA,846,7,0,0,2090,2097,C
3-PA,847,1,1,0,2081,2083,C
3-PA,848,1,2081,0,5,2087,T
3-PA,849,2,2,0,2099,2103,C
3-PA,850,2,0,0,2103,2105,C
3-PA,851,0,2090,0,3,2093,T
3-PA,852,0,3,2098,0,2101,G
3-PA,853,2087,0,4,0,2091,A
3-PA,854,0,2094,0,2,2096,T
3-PA,855,0,4,2078,0,2082,G
3-PA,856,1,5,2054,0,2060,G
3-PA,857,2053,0,3,0,2056,A
3-PA,858,1,2045,0,2,2048,T
3-PA,859,0,1,2053,0,2054,G
3-PA,860,0,0,0,2167,2167,C
3-PA,861,0,2146,0,1,2147,T
3-PA,862,0,2161,0,4,2165,T
3-PA,863,0,2166,0,0,2166,T
3-PA,864,2164,0,0,0,2164,A
3-PA,865,2179,1,3,0,2183,A
3-PA,866,2176,1,2,0,2179,A
3-PA,867,2186,0,2,0,2188,A
3-PA,868,0,2180,0,2,2182,T
3-PA,869,1,2055,1,4,2061,T
3-PA,870,1,8,2058,0,2067,G
3-PA,871,2052,0,7,0,2059,A
3-PA,872,0,0,2094,0,2094,G
3-PA,873,1,1,0,2096,2098,C
3-PA,874,2091,1,1,0,2093,A
3-PA,875,0,2134,0,3,2137,T
3-PA,876,1,2135,1,1,2138,T
3-PA,877,1,1,2133,0,2135,G
3-PA,878,2143,0,1,0,2144,A
3-PA,879,2119,0,7,0,2126,A
3-PA,880,0,5,2121,0,2126,G
3-PA,881,2100,0,2,0,2102,A
3-PA,882,1,0,0,2112,2113,C
3-PA,883,4,0,2,2091,2097,C
3-PA,884,5,3,0,2064,2072,C
3-PA,885,2074,0,2,0,2076,A
3-PA,886,2081,0,4,0,2085,A
3-PA,887,1,0,2102,0,2103,G
3-PA,888,1,2099,0,2,2102,T
3-PA,889,15,0,0,2094,2109,C
3-PA,890,2111,0,3,0,2114,A
3-PA,891,1,0,0,2103,2104,C
3-PA,892,2,2,2106,0,2110,G
3-PA,893,2134,1,0,1,2136,A
3-PA,894,2132,0,5,0,2137,A
3-PA,895,0,2,2184,0,2186,G
3-PA,896,0,7,2181,0,2188,G
3-PA,897,2164,2,6,0,2172,A
3-PA,898,1,2,2199,0,2202,G
3-PA,899,2185,2,7,0,2194,A
3-PA,900,2193,0,6,0,2199,A
3-PA,901,1,3,2203,0,2207,G
3-PA,902,1,2,2192,0,2195,G
3-PA,903,1,2,2196,0,2199,G
3-PA,904,2136,0,0,0,2136,A
3-PA,905,1,2120,0,4,2125,T
3-PA,906,7,0,1,2163,2171,C
3-PA,907,3,3,0,2240,2246,C
3-PA,908,0,3,0,2259,2262,C
3-PA,909,2285,0,0,0,2285,A
3-PA,910,1,2273,0,4,2278,T
3-PA,911,0,2282,0,0,2282,T
3-PA,912,2275,0,0,0,2275,A
3-PA,913,0,2269,0,2,2271,T
3-PA,914,0,3,2126,0,2129,G
3-PA,915,0,2178,0,1,2179,T
3-PA,916,1,7,2175,0,2183,G
3-PA,917,2186,1,5,0,2192,A
3-PA,918,0,2176,0,0,2176,T
3-PA,919,1,1,2186,0,2188,G
3-PA,920,1,1,0,2177,2179,C
3-PA,921,2,10,2173,0,2185,G
3-PA,922,2196,1,2,0,2199,A
3-PA,923,0,2189,0,2,2191,T
3-PA,924,6,0,0,2190,2196,C
3-PA,925,2188,2,1,0,2191,A
3-PA,926,2182,0,3,1,2186,A
3-PA,927,2,0,2196,0,2198,G
3-PA,928,1,2175,0,2,2178,T
3-PA,929,1,1,2196,0,2198,G
3-PA,930,3,1,0,2196,2200,C
3-PA,931,2190,1,1,0,2192,A
3-PA,932,0,2196,0,2,2198,T
3-PA,933,2183,0,0,0,2183,A
3-PA,934,2216,0,4,0,2220,A
3-PA,935,2212,0,0,0,2212,A
3-PA,936,2207,1,3,0,2211,A
3-PA,937,2209,0,3,0,2212,A
3-PA,938,2,0,0,2207,2209,C
3-PA,939,2182,4,1,0,2187,A
3-PA,940,0,2185,0,3,2188,T
3-PA,941,1,2192,1,0,2194,T
3-PA,942,1,0,0,2199,2200,C
3-PA,943,1,2153,0,3,2157,T
3-PA,944,2,2159,0,2,2163,T
3-PA,945,0,2165,1,1,2167,T
3-PA,946,1,8,2169,0,2178,G
3-PA,947,0,2,2173,0,2175,G
3-PA,948,2172,0,3,0,2175,A
3-PA,949,0,2168,0,3,2171,T
3-PA,950,3,7,2173,0,2183,G
3-PA,951,0,4,2211,1,2216,G
3-PA,952,2221,1,3,0,2225,A
3-PA,953,2228,0,2,0,2230,A
3-PA,954,2228,0,4,0,2232,A
3-PA,955,2,5,2246,0,2253,G
3-PA,956,2249,0,2,2,2253,A
3-PA,957,2426,1,6,0,2433,A
3-PA,958,1,2,0,2459,2462,C
3-PA,959,3,1,0,2450,2454,C
3-PA,960,1,2445,0,0,2446,T
3-PA,961,0,2494,0,2,2496,T
3-PA,962,2503,0,2,0,2505,A
3-PA,963,1,2505,0,2,2508,T
3-PA,964,2482,0,4,0,2486,A
3-PA,965,0,2520,0,0,2520,T
3-PA,966,2353,1,0,0,2354,A
3-PA,967,1,2,2376,0,2379,G
3-PA,968,0,2358,0,1,2359,T
3-PA,969,8,0,0,2342,2350,C
3-PA,970,2334,0,0,0,2334,A
3-PA,971,2333,1,4,1,2339,A
3-PA,972,2332,0,1,0,2333,A
3-PA,973,1,1,0,2345,2347,C
3-PA,974,3,1,0,2314,2318,C
3-PA,975,2294,0,3,0,2297,A
3-PA,976,0,2,0,2314,2316,C
3-PA,977,2317,0,2,0,2319,A
3-PA,978,0,1,0,2329,2330,C
3-PA,979,2,10,2316,0,2328,G
3-PA,980,2319,0,2,0,2321,A
3-PA,981,2313,1,8,0,2322,A
3-PA,982,2302,1,0,0,2303,A
3-PA,983,2299,1,6,0,2306,A
3-PA,984,2,3,2318,0,2323,G
3-PA,985,0,6,2305,0,2311,G
3-PA,986,0,9,2328,1,2338,G
3-PA,987,2324,0,3,0,2327,A
3-PA,988,2327,0,1,1,2329,A
3-PA,989,0,2332,0,1,2333,T
3-PA,990,2331,0,0,0,2331,A
3-PA,991,2337,0,1,0,2338,A
3-PA,992,2347,0,0,1,2348,A
3-PA,993,0,2325,0,1,2326,T
3-PA,994,0,2325,0,2,2327,T
3-PA,995,8,0,0,2335,2343,C
3-PA,996,2342,0,0,0,2342,A
3-PA,997,2341,0,0,0,2341,A
3-PA,998,2346,0,3,0,2349,A
3-PA,999,2,2335,0,3,2340,T
3-PA,1000,0,2348,0,1,2349,T
3-PA,1001,2355,0,0,0,2355,A
3-PA,1002,0,1,0,2352,2353,C
3-PA,1003,2,0,0,2354,2356,C
3-PA,1004,0,2349,0,2,2351,T
3-PA,1005,0,0,2371,1,2372,G
3-PA,1006,0,0,1,2377,2378,C
3-PA,1007,2,2377,0,2,2381,T
3-PA,1008,5,1,2419,0,2425,G
3-PA,1009,0,2417,0,6,2423,T
3-PA,1010,10,2,0,2432,2444,C
3-PA,1011,2443,2,4,0,2449,A
3-PA,1012,1,2440,0,1,2442,T
3-PA,1013,1,3,2435,0,2439,G
3-PA,1014,0,5,2441,0,2446,G
3-PA,1015,2448,0,1,0,2449,A
3-PA,1016,2526,2,4,0,2532,A
3-PA,1017,0,0,2521,0,2521,G
3-PA,1018,0,0,0,2517,2517,C
3-PA,1019,2509,0,2,0,2511,A
3-PA,1020,2513,0,5,0,2518,A
3-PA,1021,1,0,2540,0,2541,G
3-PA,1022,1,2536,0,4,2541,T
3-PA,1023,2536,0,1,0,2537,A
3-PA,1024,0,1,0,2546,2547,C
3-PA,1025,0,2484,0,4,2488,T
3-PA,1026,1,2,2500,0,2503,G
3-PA,1027,0,2486,0,5,2491,T
3-PA,1028,6,3,0,2487,2496,C
3-PA,1029,2486,1,3,0,2490,A
3-PA,1030,1,6,2495,0,2502,G
3-PA,1031,2496,0,4,0,2500,A
3-PA,1032,2500,0,0,0,2500,A
3-PA,1033,1,2490,0,2,2493,T
3-PA,1034,1,2484,0,2,2487,T
3-PA,1035,1,1,2473,0,2475,G
3-PA,1036,0,2,0,2469,2471,C
3-PA,1037,2465,1,6,0,2472,A
3-PA,1038,0,2,2468,0,2470,G
3-PA,1039,0,0,2462,0,2462,G
3-PA,1040,2454,0,0,1,2455,A
3-PA,1041,2438,0,2,1,2441,A
3-PA,1042,0,0,2447,0,2447,G
3-PA,1043,1,2517,0,1,2519,T
3-PA,1044,1,2522,0,1,2524,T
3-PA,1045,8,8,2523,0,2539,G
3-PA,1046,2548,1,2,0,2551,A
3-PA,1047,2542,0,5,2,2549,A
3-PA,1048,2548,0,2,0,2550,A
3-PA,1049,2549,0,2,0,2551,A
3-PA,1050,1,2538,0,3,2542,T
3-PA,1051,1,2,2544,0,2547,G
3-PA,1052,2521,0,6,0,2527,A
3-PA,1053,1,2,2530,0,2533,G
3-PA,1054,0,7,2535,0,2542,G
3-PA,1055,2523,0,1,0,2524,A
3-PA,1056,0,3,2534,0,2537,G
3-PA,1057,2536,0,1,0,2537,A
3-PA,1058,2520,0,2,1,2523,A
3-PA,1059,1,6,2515,1,2523,G
3-PA,1060,0,1,2492,0,2493,G
3-PA,1061,3,2610,0,3,2616,T
3-PA,1062,0,2607,0,5,2612,T
3-PA,1063,6,5,0,2604,2615,C
3-PA,1064,5,1,1,2612,2619,C
3-PA,1065,2616,0,3,0,2619,A
3-PA,1066,2611,2,3,1,2617,A
3-PA,1067,0,5,2625,0,2630,G
3-PA,1068,0,9,2652,0,2661,G
3-PA,1069,2622,0,2,0,2624,A
3-PA,1070,0,0,0,2644,2644,C
3-PA,1071,0,2637,0,2,2639,T
3-PA,1072,2639,0,2,0,2641,A
3-PA,1073,2644,0,1,0,2645,A
3-PA,1074,2639,0,1,0,2640,A
3-PA,1075,2643,2,1,0,2646,A
3-PA,1076,2633,0,3,1,2637,A
3-PA,1077,0,1,0,2619,2620,C
3-PA,1078,2603,0,0,0,2603,A
3-PA,1079,0,2588,0,0,2588,T
3-PA,1080,1,7,2601,0,2609,G
3-PA,1081,2606,0,4,0,2610,A
3-PA,1082,2610,1,2,0,2613,A
3-PA,1083,0,5,2617,0,2622,G
3-PA,1084,2616,0,0,0,2616,A
3-PA,1085,2613,0,4,0,2617,A
3-PA,1086,2602,0,7,0,2609,A
3-PA,1087,2605,0,4,0,2609,A
3-PA,1088,0,4,0,2615,2619,C
3-PA,1089,2,7,2595,1,2605,G
3-PA,1090,2610,0,3,0,2613,A
3-PA,1091,1,1,2622,0,2624,G
3-PA,1092,0,2593,0,7,2600,T
3-PA,1093,13,1,0,2646,2660,C
3-PA,1094,2656,0,5,0,2661,A
3-PA,1095,2699,0,2,1,2702,A
3-PA,1096,0,1,0,2705,2706,C
3-PA,1097,0,2702,1,2,2705,T
3-PA,1098,2,5,2736,0,2743,G
3-PA,1099,2728,0,5,0,2733,A
3-PA,1100,2740,0,7,1,2748,A
3-PA,1101,0,0,2749,0,2749,G
3-PA,1102,0,2705,0,4,2709,T
3-PA,1103,2,4,2713,0,2719,G
3-PA,1104,1,3,2693,0,2697,G
3-PA,1105,1,1,2706,0,2708,G
3-PA,1106,1,12,0,2701,2714,C
3-PA,1107,2,2670,0,4,2676,T
3-PA,1108,3,0,0,2708,2711,C
3-PA,1109,2,2706,0,3,2711,T
3-PA,1110,0,2719,0,0,2719,T
3-PA,1111,2,5,2809,0,2816,G
3-PA,1112,1,0,2837,0,2838,G
3-PA,1113,1,2816,0,3,2820,T
3-PA,1114,1,9,2808,0,2818,G
3-PA,1115,2800,0,3,0,2803,A
3-PA,1116,2836,2,1,0,2839,A
3-PA,1117,2820,0,5,1,2826,A
3-PA,1118,2853,0,7,0,2860,A
3-PA,1119,0,2,0,2881,2883,C
3-PA,1120,2843,1,1,0,2845,A
3-PA,1121,0,2852,0,1,2853,T
3-PA,1122,1,6,2851,1,2859,G
3-PA,1123,1,0,2920,0,2921,G
3-PA,1124,0,2,0,2945,2947,C
3-PA,1125,2937,3,7,11,2958,A
3-PA,1126,0,2,1,2993,2996,C
3-PA,1127,6,3,0,2987,2996,C
3-PA,1128,3075,1,1,0,3077,A
3-PA,1129,0,5,3116,0,3121,G
3-PA,1130,3107,1,7,0,3115,A
3-PA,1131,1,1,3145,0,3147,G
3-PA,1132,3157,0,3,1,3161,A
3-PA,1133,3173,0,7,0,3180,A
3-PA,1134,0,2,3194,0,3196,G
3-PA,1135,1,0,3183,1,3185,G
3-PA,1136,0,3188,0,4,3192,T
3-PA,1137,3141,0,3,1,3145,A
3-PA,1138,1,9,3140,1,3151,G
3-PA,1139,3153,0,5,0,3158,A
3-PA,1140,1,0,0,3192,3193,C
3-PA,1141,0,3145,0,8,3153,T
3-PA,1142,0,3137,0,4,3141,T
3-PA,1143,1,3151,0,2,3154,T
3-PA,1144,2,6,3153,1,3162,G
3-PA,1145,3156,0,4,0,3160,A
3-PA,1146,3166,0,3,0,3169,A
3-PA,1147,3159,0,2,0,3161,A
3-PA,1148,3166,0,0,1,3167,A
3-PA,1149,1,0,0,3252,3253,C
3-PA,1150,1,3219,0,7,3227,T
3-PA,1151,2,0,3294,0,3296,G
3-PA,1152,1,1,0,3286,3288,C
3-PA,1153,3282,1,9,0,3292,A
3-PA,1154,1,5,3286,0,3292,G
3-PA,1155,3274,1,3,1,3279,A
3-PA,1156,3,7,3465,0,3475,G
3-PA,1157,3472,1,3,1,3477,A
3-PA,1158,0,1,0,3460,3461,C
3-PA,1159,3446,1,7,0,3454,A
3-PA,1160,0,3432,0,1,3433,T
3-PA,1161,3438,0,3,0,3441,A
3-PA,1162,3432,1,7,0,3440,A
3-PA,1163,2,0,3434,1,3437,G
3-PA,1164,2,1,0,3428,3431,C
3-PA,1165,2,12,3366,0,3380,G
3-PA,1166,3468,1,2,0,3471,A
3-PA,1167,0,3452,0,0,3452,T
3-PA,1168,1,3456,0,1,3458,T
3-PA,1169,1,3459,0,1,3461,T
3-PA,1170,1,7,3464,1,3473,G
3-PA,1171,3483,0,7,0,3490,A
3-PA,1172,3483,0,8,0,3491,A
3-PA,1173,2,1,3511,1,3515,G
3-PA,1174,2,3,0,3602,3607,C
3-PA,1175,3554,0,6,0,3560,A
3-PA,1176,3895,1,2,0,3898,A
3-PA,1177,1,3899,1,2,3903,T
3-PA,1178,3919,1,1,0,3921,A
3-PA,1179,1,3937,0,11,3949,T
3-PA,1180,0,10,3951,1,3962,G
3-PA,1181,4003,0,3,0,4006,A
3-PA,1182,0,3995,0,3,3998,T
3-PA,1183,3890,0,3,0,3893,A
3-PA,1184,0,2,3907,0,3909,G
3-PA,1185,1,3793,2,1,3797,T
3-PA,1186,1,8,3788,0,3797,G
3-PA,1187,3791,3,5,1,3800,A
3-PA,1188,1,5,0,3775,3781,C
3-PA,1189,0,26,3745,1,3772,G
3-PA,1190,3797,1,2,0,3800,A
3-PA,1191,3815,2,4,0,3821,A
3-PA,1192,5,1,0,3868,3874,C
3-PA,1193,4,2,0,3860,3866,C
3-PA,1194,0,3850,0,5,3855,T
3-PA,1195,2,21,3976,0,3999,G
3-PA,1196,3996,0,3,0,3999,A
3-PA,1197,4008,1,2,1,4012,A
3-PA,1198,0,3999,0,4,4003,T
3-PA,1199,0,3978,0,2,3980,T
3-PA,1200,3983,1,2,1,3987,A
3-PA,1201,3939,0,8,1,3948,A
3-PA,1202,2,4,3961,0,3967,G
3-PA,1203,3,3,3970,0,3976,G
3-PA,1204,0,3911,0,11,3922,T
3-PA,1205,11,2,0,3906,3919,C
3-PA,1206,3919,0,5,0,3924,A
3-PA,1207,4,0,0,4091,4095,C
3-PA,1208,1,4088,0,10,4099,T
3-PA,1209,1,4107,1,4,4113,T
3-PA,1210,0,4113,0,10,4123,T
3-PA,1211,5,0,0,4112,4117,C
3-PA,1212,4096,0,14,2,4112,A
3-PA,1213,4105,0,8,0,4113,A
3-PA,1214,1,0,4167,0,4168,G
3-PA,1215,0,2,0,4170,4172,C
3-PA,1216,0,4120,0,5,4125,T
3-PA,1217,3,3,4244,0,4250,G
3-PA,1218,2,6,4247,0,4255,G
3-PA,1219,4324,0,6,1,4331,A
3-PA,1220,0,4358,0,5,4363,T
3-PA,1221,4354,0,9,0,4363,A
3-PA,1222,0,1,1,4404,4406,C
3-PA,1223,4331,0,3,0,4334,A
3-PA,1224,2,9,4372,0,4383,G
3-PA,1225,4358,1,4,1,4364,A
3-PA,1226,4315,1,4,1,4321,A
3-PA,1227,1,4291,0,1,4293,T
3-PA,1228,0,7,4310,0,4317,G
3-PA,1229,4281,0,8,1,4290,A
3-PA,1230,1,1,4357,0,4359,G
3-PA,1231,1,4331,1,7,4340,T
3-PA,1232,0,4326,0,3,4329,T
3-PA,1233,20,3,1,4357,4381,C
3-PA,1234,4393,0,2,1,4396,A
3-PA,1235,4387,1,6,1,4395,A
3-PA,1236,1,2,0,4395,4398,C
3-PA,1237,4350,0,2,1,4353,A
3-PA,1238,4353,1,3,1,4358,A
3-PA,1239,1,3,4394,0,4398,G
3-PA,1240,0,5,4433,0,4438,G
3-PA,1241,0,2,0,4506,4508,C
3-PA,1242,4,0,0,4472,4476,C
3-PA,1243,1,4440,1,11,4453,T
3-PA,1244,1,1,4485,1,4488,G
3-PA,1245,0,4483,0,5,4488,T
3-PA,1246,0,13,4492,0,4505,G
3-PA,1247,4502,2,7,0,4511,A
3-PA,1248,1,0,4488,0,4489,G
3-PA,1249,1,2,0,4471,4474,C
3-PA,1250,0,4409,1,7,4417,T
3-PA,1251,0,20,4358,0,4378,G
3-PA,1252,4503,1,7,0,4511,A
3-PA,1253,0,0,0,4522,4522,C
3-PA,1254,3,4513,1,7,4524,T
3-PA,1255,3,22,4519,0,4544,G
3-PA,1256,4556,0,3,1,4560,A
3-PA,1257,1,4552,0,3,4556,T
3-PA,1258,3,4553,0,3,4559,T
3-PA,1259,11,0,0,4555,4566,C
3-PA,1260,4662,1,2,1,4666,A
3-PA,1261,1,1,4758,0,4760,G
3-PA,1262,1,4749,0,7,4757,T
3-PA,1263,15,0,0,4745,4760,C
3-PA,1264,1,4722,2,11,4736,T
3-PA,1265,3,4,4914,0,4921,G
3-PA,1266,1,7,4917,1,4926,G
3-PA,1267,4924,1,3,0,4928,A
3-PA,1268,1,4926,0,4,4931,T
3-PA,1269,4763,0,1,0,4764,A
3-PA,1270,3,4,4748,0,4755,G
3-PA,1271,4716,0,13,0,4729,A
3-PA,1272,0,2,4748,1,4751,G
3-PA,1273,0,0,0,4742,4742,C
3-PA,1274,0,4629,0,7,4636,T
3-PA,1275,9,6,0,4632,4647,C
3-PA,1276,1,6,4656,0,4663,G
3-PA,1277,4673,0,2,0,4675,A
3-PA,1278,0,4676,1,0,4677,T
3-PA,1279,0,9,4670,0,4679,G
3-PA,1280,4733,2,1,0,4736,A
3-PA,1281,4731,0,11,0,4742,A
3-PA,1282,4761,1,0,0,4762,A
3-PA,1283,0,4753,1,2,4756,T
3-PA,1284,2,4749,0,1,4752,T
3-PA,1285,1,9,4789,1,4800,G
3-PA,1286,0,7,4792,0,4799,G
3-PA,1287,4774,1,10,1,4786,A
3-PA,1288,0,3,4782,0,4785,G
3-PA,1289,4733,0,6,0,4739,A
3-PA,1290,1,6,4779,1,4787,G
3-PA,1291,0,5,4817,0,4822,G
3-PA,1292,4872,0,5,0,4877,A
3-PA,1293,1,6,0,4876,4883,C
3-PA,1294,0,1,4848,0,4849,G
3-PA,1295,0,4852,0,4,4856,T
3-PA,1296,4885,0,4,0,4889,A
3-PA,1297,0,4,4917,0,4921,G
3-PA,1298,2,6,0,4953,4961,C
3-PA,1299,4,3,0,4923,4930,C
3-PA,1300,11,0,0,4905,4916,C
3-PA,1301,10,0,0,4904,4914,C
3-PA,1302,4922,1,1,0,4924,A
3-PA,1303,5085,0,0,0,5085,A
3-PA,1304,1,5079,0,4,5084,T
3-PA,1305,0,5048,0,0,5048,T
3-PA,1306,1,12,5024,1,5038,G
3-PA,1307,4961,0,13,2,4976,A
3-PA,1308,1,5,4977,0,4983,G
3-PA,1309,1,4,1,4976,4982,C
3-PA,1310,4961,3,5,0,4969,A
3-PA,1311,0,5,0,5073,5078,C
3-PA,1312,4967,0,4,0,4971,A
3-PA,1313,0,5087,1,5,5093,T
3-PA,1314,0,5092,2,6,5100,T
3-PA,1315,3,3,5106,0,5112,G
3-PA,1316,2,3,0,5091,5096,C
3-PA,1317,5083,1,11,0,5095,A
3-PA,1318,5079,2,11,0,5092,A
3-PA,1319,0,1,5103,0,5104,G
3-PA,1320,6,3,0,5056,5065,C
3-PA,1321,5061,0,4,1,5066,A
3-PA,1322,2,4965,0,8,4975,T
3-PA,1323,4,13,4956,0,4973,G
3-PA,1324,4954,0,10,0,4964,A
3-PA,1325,2,1,4984,0,4987,G
3-PA,1326,4974,0,12,2,4988,A
3-PA,1327,4974,0,1,0,4975,A
3-PA,1328,1,2,4973,0,4976,G
3-PA,1329,0,23,4969,0,4992,G
3-PA,1330,4984,0,5,1,4990,A
3-PA,1331,4988,0,4,0,4992,A
3-PA,1332,1,4994,1,2,4998,T
3-PA,1333,1,5005,1,0,5007,T
3-PA,1334,5009,1,2,0,5012,A
3-PA,1335,0,5029,4,3,5036,T
3-PA,1336,1,5016,2,5,5024,T
3-PA,1337,1,5028,0,4,5033,T
3-PA,1338,5,1,0,4990,4996,C
3-PA,1339,4971,0,3,0,4974,A
3-PA,1340,1,0,0,5071,5072,C
3-PA,1341,5039,0,6,0,5045,A
3-PA,1342,2,1,5100,0,5103,G
3-PA,1343,1,1,0,5097,5099,C
3-PA,1344,5082,0,4,0,5086,A
3-PA,1345,0,6,5115,0,5121,G
3-PA,1346,5108,0,6,0,5114,A
3-PA,1347,1,5,5138,0,5144,G
3-PA,1348,1,1,5148,0,5150,G
3-PA,1349,2,5043,0,5,5050,T
3-PA,1350,4,1,5130,1,5136,G
3-PA,1351,3,5091,1,13,5108,T
3-PA,1352,12,2,0,5083,5097,C
3-PA,1353,6,0,0,5163,5169,C
3-PA,1354,11,2,0,5140,5153,C
3-PA,1355,5210,2,3,0,5215,A
3-PA,1356,1,5250,1,10,5262,T
3-PA,1357,0,5234,0,5,5239,T
3-PA,1358,3,1,5266,0,5270,G
3-PA,1359,1,5191,0,6,5198,T
3-PA,1360,5136,1,8,0,5145,A
3-PA,1361,0,4,5142,0,5146,G
3-PA,1362,5025,1,7,2,5035,A
3-PA,1363,2,2,5051,0,5055,G
3-PA,1364,2,2,0,5017,5021,C
3-PA,1365,1,5,0,4938,4944,C
3-PA,1366,5004,0,11,0,5015,A
3-PA,1367,0,3,0,5022,5025,C
3-PA,1368,1,4992,0,8,5001,T
3-PA,1369,1,8,4993,0,5002,G
3-PA,1370,4978,2,1,1,4982,A
3-PA,1371,4899,1,7,0,4907,A
3-PA,1372,0,5025,0,2,5027,T
3-PA,1373,5059,0,3,0,5062,A
3-PA,1374,1,1,0,5115,5117,C
3-PA,1375,5026,1,3,0,5030,A
3-PA,1376,0,5046,1,3,5050,T
3-PA,1377,5013,0,10,1,5024,A
3-PA,1378,5052,0,1,1,5054,A
3-PA,1379,1,5046,0,2,5049,T
3-PA,1380,0,7,5000,0,5007,G
3-PA,1381,4973,2,4,0,4979,A
3-PA,1382,4907,0,10,0,4917,A
3-PA,1383,0,4,4922,0,4926,G
3-PA,1384,3,6,4932,1,4942,G
3-PA,1385,2,6,4989,0,4997,G
3-PA,1386,2,10,4995,0,5007,G
3-PA,1387,1,2,5065,0,5068,G
3-PA,1388,0,4988,1,4,4993,T
3-PA,1389,5016,0,4,0,5020,A
3-PA,1390,2,5019,1,15,5037,T
3-PA,1391,5087,1,7,0,5095,A
3-PA,1392,1,0,0,5543,5544,C
3-PA,1393,5404,0,3,0,5407,A
3-PA,1394,3,5280,0,5,5288,T
3-PA,1395,1,5233,0,3,5237,T
3-PA,1396,5190,0,0,1,5191,A
3-PA,1397,5274,0,1,0,5275,A
3-PA,1398,0,0,0,5276,5276,C
3-PA,1399,5183,1,5,1,5190,A
3-PA,1400,0,1,0,5190,5191,C
3-PA,1401,0,4655,0,4,4659,T
3-PA,1402,3,2,4856,1,4862,G
3-PA,1403,4,3,0,4857,4864,C
3-PA,1404,5,0,0,4845,4850,C
3-PA,1405,7,0,0,4856,4863,C
3-PA,1406,0,4738,0,9,4747,T
3-PA,1407,1,2,4913,0,4916,G
3-PA,1408,1,0,0,4915,4916,C
3-PA,1409,2,4902,0,10,4914,T
3-PA,1410,19,1,0,5002,5022,C
3-PA,1411,4865,1,5,0,4871,A
3-PA,1412,4926,0,2,0,4928,A
3-PA,1413,0,4936,0,3,4939,T
3-PA,1414,3,1,4923,0,4927,G
3-PA,1415,2,3,0,4925,4930,C
3-PA,1416,4821,2,2,0,4825,A
3-PA,1417,1,4810,2,7,4820,T
3-PA,1418,5,1,0,4815,4821,C
3-PA,1419,4,1,0,4848,4853,C
3-PA,1420,0,4715,1,3,4719,T
3-PA,1421,1,1,4824,0,4826,G
3-PA,1422,0,4808,0,5,4813,T
3-PA,1423,4,4,4800,0,4808,G
3-PA,1424,4,4,1,4803,4812,C
3-PA,1425,4739,1,7,0,4747,A
3-PA,1426,2,1,4793,0,4796,G
3-PA,1427,0,1,0,4782,4783,C
3-PA,1428,4731,0,1,1,4733,A
3-PA,1429,4730,1,3,1,4735,A
3-PA,1430,1,4601,0,4,4606,T
3-PA,1431,1,10,4587,3,4601,G
3-PA,1432,1,6,4589,1,4597,G
3-PA,1433,4598,2,8,0,4608,A
3-PA,1434,1,3,1,4597,4602,C
3-PA,1435,0,16,4549,0,4565,G
3-PA,1436,4615,0,3,1,4619,A
3-PA,1437,1,4616,0,4,4621,T
3-PA,1438,1,4616,0,5,4622,T
3-PA,1439,0,4614,0,5,4619,T
3-PA,1440,2,4606,0,8,4616,T
3-PA,1441,13,3,0,4601,4617,C
3-PA,1442,4622,1,3,0,4626,A
3-PA,1443,4629,1,6,1,4637,A
3-PA,1444,1,0,0,4635,4636,C
3-PA,1445,1,4565,0,8,4574,T
3-PA,1446,4571,0,1,0,4572,A
3-PA,1447,4566,2,1,0,4569,A
3-PA,1448,0,4576,0,6,4582,T
3-PA,1449,0,4577,0,4,4581,T
3-PA,1450,9,4,0,4587,4600,C
3-PA,1451,8,3,1,4579,4591,C
3-PA,1452,3,2,0,4584,4589,C
3-PA,1453,4583,0,5,1,4589,A
3-PA,1454,1,4638,0,15,4654,T
3-PA,1455,1,12,4649,1,4663,G
3-PA,1456,4670,1,2,0,4673,A
3-PA,1457,1,4655,0,2,4658,T
3-PA,1458,4646,0,3,2,4651,A
3-PA,1459,4655,0,9,0,4664,A
3-PA,1460,0,1,4658,0,4659,G
3-PA,1461,0,4,0,4651,4655,C
3-PA,1462,4657,2,6,0,4665,A
3-PA,1463,4557,1,9,1,4568,A
3-PA,1464,0,0,4629,0,4629,G
3-PA,1465,0,4601,1,3,4605,T
3-PA,1466,1,2,4602,0,4605,G
3-PA,1467,9,3,1,4583,4596,C
3-PA,1468,4540,0,11,1,4552,A
3-PA,1469,0,13,4611,0,4624,G
3-PA,1470,4599,1,8,0,4608,A
3-PA,1471,4662,2,7,0,4671,A
3-PA,1472,0,1,0,4672,4673,C
3-PA,1473,0,4573,0,4,4577,T
3-PA,1474,4613,0,2,0,4615,A
3-PA,1475,4619,1,1,0,4621,A
3-PA,1476,4617,0,8,0,4625,A
3-PA,1477,0,2,4640,0,4642,G
3-PA,1478,4445,2,12,0,4459,A
3-PA,1479,1,17,4439,0,4457,G
3-PA,1480,1,2,4380,0,4383,G
3-PA,1481,4,5,4378,0,4387,G
3-PA,1482,4348,0,6,1,4355,A
3-PA,1483,4277,0,10,0,4287,A
3-PA,1484,0,9,4286,0,4295,G
3-PA,1485,1,1,4303,0,4305,G
3-PA,1486,1,1,0,4291,4293,C
3-PA,1487,4,14,4285,1,4304,G
3-PA,1488,4269,1,4,0,4274,A
3-PA,1489,4285,0,1,0,4286,A
3-PA,1490,4269,0,6,0,4275,A
3-PA,1491,4295,0,0,0,4295,A
3-PA,1492,4282,0,11,2,4295,A
3-PA,1493,0,0,0,4296,4296,C
3-PA,1494,5,2,0,4272,4279,C
3-PA,1495,4289,0,1,0,4290,A
3-PA,1496,4328,0,2,1,4331,A
3-PA,1497,0,4329,0,1,4330,T
3-PA,1498,1,4321,0,1,4323,T
3-PA,1499,0,4349,1,0,4350,T
3-PA,1500,4348,1,0,0,4349,A
3-PA,1501,0,4344,1,1,4346,T
3-PA,1502,4331,1,4,0,4336,A
3-PA,1503,1,4320,0,1,4322,T
3-PA,1504,2,6,4269,0,4277,G
3-PA,1505,0,9,4238,0,4247,G
3-PA,1506,4252,0,1,0,4253,A
3-PA,1507,0,4224,0,4,4228,T
3-PA,1508,0,4192,1,5,4198,T
3-PA,1509,23,0,0,4173,4196,C
3-PA,1510,4228,1,4,1,4234,A
3-PA,1511,1,4255,0,7,4263,T
3-PA,1512,8,1,0,4258,4267,C
3-PA,1513,4270,0,3,0,4273,A
3-PA,1514,1,4243,0,4,4248,T
3-PA,1515,4231,0,0,0,4231,A
3-PA,1516,4224,0,4,0,4228,A
3-PA,1517,4217,1,9,0,4227,A
3-PA,1518,0,4,4227,0,4231,G
3-PA,1519,0,2,4168,0,4170,G
3-PA,1520,2,5,4120,1,4128,G
3-PA,1521,4106,0,2,1,4109,A
3-PA,1522,4052,0,16,0,4068,A
3-PA,1523,2,4,4085,0,4091,G
3-PA,1524,4068,0,3,0,4071,A
3-PA,1525,1,4050,1,6,4058,T
3-PA,1526,3,0,0,4057,4060,C
3-PA,1527,1,3981,0,7,3989,T
3-PA,1528,7,2,0,4085,4094,C
3-PA,1529,4081,0,2,0,4083,A
3-PA,1530,2,4072,0,0,4074,T
3-PA,1531,4,4072,0,1,4077,T
3-PA,1532,1,4043,0,0,4044,T
3-PA,1533,4023,0,1,0,4024,A
3-PA,1534,4019,1,4,0,4024,A
3-PA,1535,1,3,4023,0,4027,G
3-PA,1536,2,8,4057,0,4067,G
3-PA,1537,3886,1,5,1,3893,A
3-PA,1538,3894,0,6,0,3900,A
3-PA,1539,0,3904,1,1,3906,T
3-PA,1540,3,17,3903,0,3923,G
3-PA,1541,3999,1,7,0,4007,A
3-PA,1542,0,1,0,4002,4003,C
3-PA,1543,3978,0,6,1,3985,A
3-PA,1544,0,2,0,3988,3990,C
3-PA,1545,3859,1,6,0,3866,A
3-PA,1546,0,3,3885,0,3888,G
3-PA,1547,3861,0,5,0,3866,A
3-PA,1548,2,0,0,3845,3847,C
3-PA,1549,1,0,3820,0,3821,G
3-PA,1550,0,3603,1,4,3608,T
3-PA,1551,0,3,3622,1,3626,G
3-PA,1552,1,0,3634,0,3635,G
3-PA,1553,0,3638,0,3,3641,T
3-PA,1554,3636,0,3,0,3639,A
3-PA,1555,3592,1,0,0,3593,A
3-PA,1556,3599,0,0,1,3600,A
3-PA,1557,0,3596,0,1,3597,T
3-PA,1558,2,3554,0,2,3558,T
3-PA,1559,0,3564,0,1,3565,T
3-PA,1560,1,3516,0,1,3518,T
3-PA,1561,0,1,3521,0,3522,G
3-PA,1562,2,3483,0,1,3486,T
3-PA,1563,3,10,3470,1,3484,G
3-PA,1564,3463,0,9,0,3472,A
3-PA,1565,0,1,3485,0,3486,G
3-PA,1566,0,0,0,3479,3479,C
3-PA,1567,3483,0,1,0,3484,A
3-PA,1568,0,3477,0,3,3480,T
3-PA,1569,8,6,3465,0,3479,G
3-PA,1570,0,5,3496,0,3501,G
3-PA,1571,3496,1,6,1,3504,A
3-PA,1572,0,2,3519,0,3521,G
3-PA,1573,1,3480,0,2,3483,T
3-PA,1574,1,3430,0,8,3439,T
3-PA,1575,1,3465,0,4,3470,T
3-PA,1576,2,3456,0,6,3464,T
3-PA,1577,2,0,0,3471,3473,C
3-PA,1578,0,3447,0,11,3458,T
3-PA,1579,6,0,0,3439,3445,C
3-PA,1580,1,3384,0,4,3389,T
3-PA,1581,9,0,0,3384,3393,C
3-PA,1582,3385,0,4,0,3389,A
3-PA,1583,0,2,0,3386,3388,C
3-PA,1584,0,3340,0,1,3341,T
3-PA,1585,3,7,3348,0,3358,G
3-PA,1586,3346,0,4,0,3350,A
3-PA,1587,1,0,0,3380,3381,C
3-PA,1588,6,1,0,3361,3368,C
3-PA,1589,3,2,0,3338,3343,C
3-PA,1590,1,7,3334,0,3342,G
3-PA,1591,3334,2,5,0,3341,A
3-PA,1592,0,11,3354,0,3365,G
3-PA,1593,3361,1,3,0,3365,A
3-PA,1594,0,2,0,3332,3334,C
3-PA,1595,0,3304,0,4,3308,T
3-PA,1596,0,3204,0,4,3208,T
3-PA,1597,2,6,3193,0,3201,G
3-PA,1598,3194,0,6,0,3200,A
3-PA,1599,1,2,3208,0,3211,G
3-PA,1600,1,1,0,3197,3199,C
3-PA,1601,4,3,0,3113,3120,C
3-PA,1602,3160,0,4,0,3164,A
3-PA,1603,0,1,0,3172,3173,C
3-PA,1604,3173,3,2,0,3178,A
3-PA,1605,0,3174,0,2,3176,T
3-PA,1606,3170,1,1,0,3172,A
3-PA,1607,3154,2,0,1,3157,A
3-PA,1608,3154,1,0,1,3156,A
3-PA,1609,0,3130,1,3,3134,T
3-PA,1610,4,8,3129,0,3141,G
3-PA,1611,1,5,3063,1,3070,G
3-PA,1612,0,7,3074,0,3081,G
3-PA,1613,3039,0,9,1,3049,A
3-PA,1614,0,4,3085,0,3089,G
3-PA,1615,3070,0,0,0,3070,A
3-PA,1616,3067,0,0,0,3067,A
3-PA,1617,3089,0,1,0,3090,A
3-PA,1618,1,3082,0,2,3085,T
3-PA,1619,3090,2,2,0,3094,A
3-PA,1620,3,32,0,3058,3093,C
3-PA,1621,1,2669,0,5,2675,T
3-PA,1622,2,0,2694,0,2696,G
3-PA,1623,1,2486,1,4,2492,T
3-PA,1624,4,0,2565,0,2569,G
3-PA,1625,1,2539,0,1,2541,T
3-PA,1626,9,0,0,2444,2453,C
3-PA,1627,3,0,1,2446,2450,C
3-PA,1628,1,2430,0,1,2432,T
3-PA,1629,3,2439,0,0,2442,T
3-PA,1630,0,3,2461,0,2464,G
3-PA,1631,2483,0,3,0,2486,A
3-PA,1632,0,1,2525,0,2526,G
3-PA,1633,2403,1,4,0,2408,A
3-PA,1634,1,2412,0,0,2413,T
3-PA,1635,2379,0,3,1,2383,A
3-PA,1636,1,0,2430,0,2431,G
3-PA,1637,0,3,2435,0,2438,G
3-PA,1638,2408,0,4,0,2412,A
3-PA,1639,0,1,2426,0,2427,G
3-PA,1640,2398,1,4,1,2404,A
3-PA,1641,0,2385,0,0,2385,T
3-PA,1642,2401,0,1,0,2402,A
3-PA,1643,0,2396,1,0,2397,T
3-PA,1644,0,1,2422,1,2424,G
3-PA,1645,1,2375,0,1,2377,T
3-PA,1646,0,2364,0,0,2364,T
3-PA,1647,2413,0,1,0,2414,A
3-PA,1648,0,0,0,2406,2406,C
3-PA,1649,0,2388,0,1,2389,T
3-PA,1650,2389,0,3,0,2392,A
3-PA,1651,2368,0,4,0,2372,A
3-PA,1652,0,4,2401,0,2405,G
3-PA,1653,2389,0,1,0,2390,A
3-PA,1654,2344,0,1,0,2345,A
3-PA,1655,0,0,2297,0,2297,G
3-PA,1656,0,2309,0,2,2311,T
3-PA,1657,2,0,2337,0,2339,G
3-PA,1658,0,1,0,2335,2336,C
3-PA,1659,5,0,0,2325,2330,C
3-PA,1660,2330,1,3,0,2334,A
3-PA,1661,0,2315,0,1,2316,T
3-PA,1662,2317,0,3,1,2321,A
3-PA,1663,0,2,2324,0,2326,G
3-PA,1664,3,0,2326,0,2329,G
3-PA,1665,3,3,0,2313,2319,C
3-PA,1666,6,3,0,2295,2304,C
3-PA,1667,2303,0,1,0,2304,A
3-PA,1668,2300,0,2,0,2302,A
3-PA,1669,2313,0,1,0,2314,A
3-PA,1670,1,2322,0,0,2323,T
3-PA,1671,1,2318,0,1,2320,T
3-PA,1672,1,2303,0,1,2305,T
3-PA,1673,9,0,0,2290,2299,C
3-PA,1674,2266,0,3,0,2269,A
3-PA,1675,2276,0,7,0,2283,A
3-PA,1676,0,2,2291,0,2293,G
3-PA,1677,1,0,2289,0,2290,G
3-PA,1678,0,0,0,2286,2286,C
3-PA,1679,2,0,0,2269,2271,C
3-PA,1680,2281,0,2,0,2283,A
3-PA,1681,2331,0,1,0,2332,A
3-PA,1682,1,2340,0,0,2341,T
3-PA,1683,0,1,2418,0,2419,G
3-PA,1684,0,2420,0,1,2421,T
3-PA,1685,1,2512,1,9,2523,T
3-PA,1686,11,0,0,2553,2564,C
3-PA,1687,1,2543,0,0,2544,T
3-PA,1688,0,2542,0,1,2543,T
3-PA,1689,2403,0,0,0,2403,A
3-PA,1690,0,2429,0,0,2429,T
3-PA,1691,2448,0,0,0,2448,A
3-PA,1692,0,2475,1,2,2478,T
3-PA,1693,3,0,2486,0,2489,G
3-PA,1694,0,2356,0,3,2359,T
3-PA,1695,0,5,2349,0,2354,G
3-PA,1696,2335,0,1,0,2336,A
3-PA,1697,1,7,2339,0,2347,G
3-PA,1698,0,1,2350,2,2353,G
3-PA,1699,2349,0,1,0,2350,A
3-PA,1700,0,3,1,2350,2354,C
3-PA,1701,2337,0,1,0,2338,A
3-PA,1702,2325,0,6,0,2331,A
3-PA,1703,2332,0,3,1,2336,A
3-PA,1704,0,3,0,2335,2338,C
3-PA,1705,1,4,2333,0,2338,G
3-PA,1706,0,13,2351,0,2364,G
3-PA,1707,2330,2,3,0,2335,A
3-PA,1708,2337,0,4,0,2341,A
3-PA,1709,0,0,0,2360,2360,C
3-PA,1710,2357,0,4,0,2361,A
3-PA,1711,0,2353,0,5,2358,T
3-PA,1712,0,0,0,2356,2356,C
3-PA,1713,2350,1,0,0,2351,A
3-PA,1714,2353,0,2,0,2355,A
3-PA,1715,2307,0,5,1,2313,A
3-PA,1716,1,0,2334,0,2335,G
3-PA,1717,0,0,2347,0,2347,G
3-PA,1718,0,2317,0,3,2320,T
3-PA,1719,8,2,0,2310,2320,C
3-PA,1720,2317,2,2,0,2321,A
3-PA,1721,2341,0,0,0,2341,A
3-PA,1722,2341,1,1,0,2343,A
3-PA,1723,2351,0,0,0,2351,A
3-PA,1724,0,2352,0,1,2353,T
3-PA,1725,0,8,2357,0,2365,G
3-PA,1726,2342,1,4,0,2347,A
3-PA,1727,2342,1,8,0,2351,A
3-PA,1728,2351,0,1,0,2352,A
3-PA,1729,0,2350,0,0,2350,T
3-PA,1730,0,4,2360,0,2364,G
3-PA,1731,0,3,2367,0,2370,G
3-PA,1732,0,3,2366,0,2369,G
3-PA,1733,1,3,2397,1,2402,G
3-PA,1734,2363,0,7,1,2371,A
3-PA,1735,2376,0,2,4,2382,A
3-PA,1736,0,2379,0,0,2379,T
3-PA,1737,12,1,2378,1,2392,G
3-PA,1738,0,4,2409,0,2413,G
3-PA,1739,2378,1,6,0,2385,A
3-PA,1740,0,3,2409,0,2412,G
3-PA,1741,2388,0,4,0,2392,A
3-PA,1742,0,2355,1,2,2358,T
3-PA,1743,0,10,2353,2,2365,G
3-PA,1744,2345,1,6,0,2352,A
3-PA,1745,1,6,2363,0,2370,G
3-PA,1746,2345,0,6,0,2351,A
3-PA,1747,0,1,0,2319,2320,C
3-PA,1748,1,1,2315,0,2317,G
3-PA,1749,0,2298,0,1,2299,T
3-PA,1750,0,2300,0,1,2301,T
3-PA,1751,3,2,2313,0,2318,G
3-PA,1752,0,1,0,2314,2315,C
3-PA,1753,3,2,0,2319,2324,C
3-PA,1754,1,2312,0,2,2315,T
3-PA,1755,1,1,0,2382,2384,C
3-PA,1756,3,0,1,2381,2385,C
3-PA,1757,0,2379,0,4,2383,T
3-PA,1758,1,2386,0,2,2389,T
3-PA,1759,1,3,1,2388,2393,C
3-PA,1760,2373,0,2,0,2375,A
3-PA,1761,2,2,2377,0,2381,G
3-PA,1762,0,2365,0,2,2367,T
3-PA,1763,9,0,1,2363,2373,C
3-PA,1764,2325,0,2,0,2327,A
3-PA,1765,0,4,0,2431,2435,C
3-PA,1766,1,2438,0,4,2443,T
3-PA,1767,3,1,0,2453,2457,C
3-PA,1768,0,1,0,2458,2459,C
3-PA,1769,2462,0,0,1,2463,A
3-PA,1770,2,0,2467,0,2469,G
3-PA,1771,0,0,0,2466,2466,C
3-PA,1772,2439,0,1,0,2440,A
3-PA,1773,0,5,2447,0,2452,G
3-PA,1774,2359,1,2,0,2362,A
3-PA,1775,1,2356,1,1,2359,T
3-PA,1776,6,0,0,2352,2358,C
3-PA,1777,0,11,2350,0,2361,G
3-PA,1778,2359,0,3,0,2362,A
3-PA,1779,1,9,2358,2,2370,G
3-PA,1780,2355,0,3,0,2358,A
3-PA,1781,2,0,2374,0,2376,G
3-PA,1782,0,1,0,2356,2357,C
3-PA,1783,2354,0,1,0,2355,A
3-PA,1784,1,2359,0,3,2363,T
3-PA,1785,0,5,2414,0,2419,G
3-PA,1786,2433,0,1,2,2436,A
3-PA,1787,0,2433,0,2,2435,T
3-PA,1788,0,2420,0,3,2423,T
3-PA,1789,1,4,2422,0,2427,G
3-PA,1790,2409,0,3,0,2412,A
3-PA,1791,2411,0,4,0,2415,A
3-PA,1792,1,0,2415,1,2417,G
3-PA,1793,0,1,0,2403,2404,C
3-PA,1794,4,2,0,2367,2373,C
3-PA,1795,1,2,2367,0,2370,G
3-PA,1796,2362,0,4,0,2366,A
3-PA,1797,0,0,2378,0,2378,G
3-PA,1798,0,2374,0,1,2375,T
3-PA,1799,5,0,1,2368,2374,C
3-PA,1800,5,1,0,2368,2374,C
3-PA,1801,0,2357,0,3,2360,T
3-PA,1802,1,2,0,2390,2393,C
3-PA,1803,0,4,2385,0,2389,G
3-PA,1804,1,1,2453,0,2455,G
3-PA,1805,1,2450,0,2,2453,T
3-PA,1806,1,2430,0,1,2432,T
3-PA,1807,2427,0,1,0,2428,A
3-PA,1808,2435,0,4,0,2439,A
3-PA,1809,2434,0,4,0,2438,A
3-PA,1810,0,5,2490,0,2495,G
3-PA,1811,2465,1,5,0,2471,A
3-PA,1812,0,3,2470,0,2473,G
3-PA,1813,2387,0,0,0,2387,A
3-PA,1814,2386,0,4,0,2390,A
3-PA,1815,2398,0,1,1,2400,A
3-PA,1816,0,3,2422,0,2425,G
3-PA,1817,2418,0,5,0,2423,A
3-PA,1818,1,0,0,2419,2420,C
3-PA,1819,2381,1,3,0,2385,A
3-PA,1820,1,2375,0,2,2378,T
3-PA,1821,0,13,2368,0,2381,G
3-PA,1822,2391,0,3,0,2394,A
3-PA,1823,0,1,1,2394,2396,C
3-PA,1824,4,0,0,2380,2384,C
3-PA,1825,2364,1,1,0,2366,A
3-PA,1826,2366,0,0,0,2366,A
3-PA,1827,2360,0,4,0,2364,A
3-PA,1828,0,3,2371,0,2374,G
3-PA,1829,2358,1,0,0,2359,A
3-PA,1830,0,0,2376,0,2376,G
3-PA,1831,0,2345,1,1,2347,T
3-PA,1832,0,2335,0,0,2335,T
3-PA,1833,0,2333,0,0,2333,T
3-PA,1834,0,2347,0,0,2347,T
3-PA,1835,0,2341,1,1,2343,T
3-PA,1836,0,2352,0,0,2352,T
3-PA,1837,0,4,2348,0,2352,G
3-PA,1838,2325,0,5,0,2330,A
3-PA,1839,0,6,2337,0,2343,G
3-PA,1840,2333,0,3,0,2336,A
3-PA,1841,2330,1,2,0,2333,A
3-PA,1842,0,2332,0,0,2332,T
3-PA,1843,2335,0,1,0,2336,A
3-PA,1844,2386,1,0,0,2387,A
3-PA,1845,2393,0,2,0,2395,A
3-PA,1846,1,2391,0,3,2395,T
3-PA,1847,15,1,0,2390,2406,C
3-PA,1848,2389,0,3,0,2392,A
3-PA,1849,0,3,2396,0,2399,G
3-PA,1850,2395,0,4,0,2399,A
3-PA,1851,2404,1,2,1,2408,A
3-PA,1852,0,3,2416,0,2419,G
3-PA,1853,0,1,0,2379,2380,C
3-PA,1854,2367,0,2,0,2369,A
3-PA,1855,0,2358,1,3,2362,T
3-PA,1856,0,0,2361,0,2361,G
3-PA,1857,0,0,2390,0,2390,G
3-PA,1858,2,0,1,2378,2381,C
3-PA,1859,4,2,1,2420,2427,C
3-PA,1860,3,0,1,2428,2432,C
3-PA,1861,2470,0,4,1,2475,A
3-PA,1862,1,2473,0,0,2474,T
3-PA,1863,0,2466,1,3,2470,T
3-PA,1864,1,2,2478,0,2481,G
3-PA,1865,0,2,2466,1,2469,G
3-PA,1866,0,4,2443,0,2447,G
3-PA,1867,0,2,2447,0,2449,G
3-PA,1868,2330,0,3,0,2333,A
3-PA,1869,0,0,2372,0,2372,G
3-PA,1870,0,2314,0,5,2319,T
3-PA,1871,1,1,0,2367,2369,C
3-PA,1872,5,0,0,2441,2446,C
3-PA,1873,1,2,1,2441,2445,C
3-PA,1874,3,1,0,2444,2448,C
3-PA,1875,1,1,0,2447,2449,C
3-PA,1876,2452,0,0,0,2452,A
3-PA,1877,2450,0,1,0,2451,A
3-PA,1878,0,1,2452,0,2453,G
3-PA,1879,4,4,2413,0,2421,G
3-PA,1880,2,5,2427,0,2434,G
3-PA,1881,2230,0,5,0,2235,A
3-PA,1882,1,1,2260,0,2262,G
3-PA,1883,2,2251,0,1,2254,T
3-PA,1884,0,1,2257,0,2258,G
3-PA,1885,0,1,2271,0,2272,G
3-PA,1886,2263,1,3,0,2267,A
3-PA,1887,2253,2,3,0,2258,A
3-PA,1888,0,1,2260,0,2261,G
3-PA,1889,2232,1,0,0,2233,A
3-PA,1890,2236,0,2,0,2238,A
3-PA,1891,1,3,2213,0,2217,G
3-PA,1892,0,0,2219,0,2219,G
3-PA,1893,0,2206,1,0,2207,T
3-PA,1894,1,2175,0,4,2180,T
3-PA,1895,7,1,2,2187,2197,C
3-PA,1896,5,0,0,2196,2201,C
3-PA,1897,2199,0,0,0,2199,A
3-PA,1898,0,2206,0,1,2207,T
3-PA,1899,0,2197,0,2,2199,T
3-PA,1900,0,3,2210,0,2213,G
3-PA,1901,1,4,2202,0,2207,G
3-PA,1902,1,4,2202,0,2207,G
3-PA,1903,2201,1,2,0,2204,A
3-PA,1904,2190,0,2,0,2192,A
3-PA,1905,2199,0,2,0,2201,A
3-PA,1906,0,0,2240,0,2240,G
3-PA,1907,1,2221,0,5,2227,T
3-PA,1908,5,2,0,2254,2261,C
3-PA,1909,0,2238,0,2,2240,T
3-PA,1910,0,0,2252,0,2252,G
3-PA,1911,1,2250,0,1,2252,T
3-PA,1912,2246,0,2,0,2248,A
3-PA,1913,0,5,2253,0,2258,G
3-PA,1914,2,10,2229,0,2241,G
3-PA,1915,2170,0,5,0,2175,A
3-PA,1916,1,2,0,2174,2177,C
3-PA,1917,0,2131,0,7,2138,T
3-PA,1918,3,0,0,2230,2233,C
3-PA,1919,0,2226,0,1,2227,T
3-PA,1920,2224,0,1,0,2225,A
3-PA,1921,0,2222,0,2,2224,T
3-PA,1922,1,2204,0,3,2208,T
3-PA,1923,3,1,2235,0,2239,G
3-PA,1924,1,0,2230,0,2231,G
3-PA,1925,0,1,1,2225,2227,C
3-PA,1926,0,2213,0,2,2215,T
3-PA,1927,2069,0,1,0,2070,A
3-PA,1928,2080,0,1,1,2082,A
3-PA,1929,0,0,2100,0,2100,G
3-PA,1930,0,2095,0,1,2096,T
3-PA,1931,9,1,0,2082,2092,C
3-PA,1932,2055,0,1,0,2056,A
3-PA,1933,0,0,2106,0,2106,G
3-PA,1934,1,2104,0,0,2105,T
3-PA,1935,2171,0,0,0,2171,A
3-PA,1936,0,2166,0,3,2169,T
3-PA,1937,0,2197,0,2,2199,T
3-PA,1938,5,1,0,2209,2215,C
3-PA,1939,2198,0,0,0,2198,A
3-PA,1940,2196,1,3,0,2200,A
3-PA,1941,1,2193,0,2,2196,T
3-PA,1942,2143,1,2,0,2146,A
3-PA,1943,0,2,2168,0,2170,G
3-PA,1944,11,1,0,2139,2151,C
3-PA,1945,2,0,0,2163,2165,C
3-PA,1946,0,2114,0,2,2116,T
3-PA,1947,1,0,2154,0,2155,G
3-PA,1948,0,2152,0,1,2153,T
3-PA,1949,2159,0,2,0,2161,A
3-PA,1950,1,2157,0,2,2160,T
3-PA,1951,1,0,2106,0,2107,G
3-PA,1952,1,0,0,2109,2110,C
3-PA,1953,2065,0,0,0,2065,A
3-PA,1954,1,2042,0,2,2045,T
3-PA,1955,2,0,0,2048,2050,C
3-PA,1956,1996,2,3,0,2001,A
3-PA,1957,1,1,0,2010,2012,C
3-PA,1958,2,0,0,2006,2008,C
3-PA,1959,2000,0,4,1,2005,A
3-PA,1960,2,0,0,2004,2006,C
3-PA,1961,1987,0,0,1,1988,A
3-PA,1962,1994,0,0,0,1994,A
3-PA,1963,1,1984,1,0,1986,T
3-PA,1964,0,1985,0,1,1986,T
3-PA,1965,1,2,1972,0,1975,G
3-PA,1966,0,1,1952,0,1953,G
3-PA,1967,1950,0,1,0,1951,A
3-PA,1968,1946,1,5,0,1952,A
3-PA,1969,0,4,1945,0,1949,G
3-PA,1970,1,2,1959,0,1962,G
3-PA,1971,1956,0,1,0,1957,A
3-PA,1972,1,1946,0,2,1949,T
3-PA,1973,1,1958,0,3,1962,T
3-PA,1974,1,1955,1,1,1958,T
3-PA,1975,0,1955,1,3,1959,T
3-PA,1976,5,0,0,1955,1960,C
3-PA,1977,1951,0,4,0,1955,A
3-PA,1978,0,1,1955,0,1956,G
3-PA,1979,0,3,0,1936,1939,C
3-PA,1980,2,1,1928,1,1932,G
3-PA,1981,0,3,1929,0,1932,G
3-PA,1982,1931,0,1,0,1932,A
3-PA,1983,0,0,1958,0,1958,G
3-PA,1984,0,1954,1,2,1957,T
3-PA,1985,12,0,0,1954,1966,C
3-PA,1986,1970,0,1,0,1971,A
3-PA,1987,1968,0,2,1,1971,A
3-PA,1988,0,3,1972,0,1975,G
3-PA,1989,1972,1,2,0,1975,A
3-PA,1990,1961,0,0,0,1961,A
3-PA,1991,1961,3,0,0,1964,A
3-PA,1992,1922,0,3,1,1926,A
3-PA,1993,2,0,0,1925,1927,C
3-PA,1994,0,1897,0,1,1898,T
3-PA,1995,1,0,1905,0,1906,G
3-PA,1996,1,0,1,1895,1897,C
3-PA,1997,0,1891,0,5,1896,T
3-PA,1998,7,0,0,1891,1898,C
3-PA,1999,1,0,0,1888,1889,C
3-PA,2000,0,1898,0,1,1899,T
3-PA,2001,1,1896,1,2,1900,T
3-PA,2002,0,0,1902,0,1902,G
3-PA,2003,0,1896,0,2,1898,T
3-PA,2004,0,1874,0,2,1876,T
3-PA,2005,0,0,1901,0,1901,G
3-PA,2006,0,1890,0,2,1892,T
3-PA,2007,0,1880,0,5,1885,T
3-PA,2008,5,0,0,1884,1889,C
3-PA,2009,1831,0,3,0,1834,A
3-PA,2010,0,1,1838,0,1839,G
3-PA,2011,0,1,1839,0,1840,G
3-PA,2012,0,0,0,1851,1851,C
3-PA,2013,1,1844,0,1,1846,T
3-PA,2014,13,0,0,1859,1872,C
3-PA,2015,0,1862,0,2,1864,T
3-PA,2016,0,1868,0,0,1868,T
3-PA,2017,1863,0,2,1,1866,A
3-PA,2018,0,0,1865,0,1865,G
3-PA,2019,1,1,1840,0,1842,G
3-PA,2020,1,5,1826,1,1833,G
3-PA,2021,1780,0,2,0,1782,A
3-PA,2022,1,0,0,1779,1780,C
3-PA,2023,1665,1,1,0,1667,A
3-PA,2024,1684,0,4,0,1688,A
3-PA,2025,0,0,0,1698,1698,C
3-PA,2026,1,0,0,1687,1688,C
3-PA,2027,0,1677,0,3,1680,T
3-PA,2028,4,1,0,1664,1669,C
3-PA,2029,1,6,1666,0,1673,G
3-PA,2030,1670,0,2,0,1672,A
3-PA,2031,1675,0,5,0,1680,A
3-PA,2032,2,1,0,1680,1683,C
3-PA,2033,3,1,0,1623,1627,C
3-PA,2034,0,1597,0,1,1598,T
3-PA,2035,2,1,1599,0,1602,G
3-PA,2036,0,2,1600,0,1602,G
3-PA,2037,0,4,1596,0,1600,G
3-PA,2038,1598,1,3,0,1602,A
3-PA,2039,0,0,0,1596,1596,C
3-PA,2040,4,0,0,1582,1586,C
3-PA,2041,0,1564,0,2,1566,T
3-PA,2042,1,1563,1,2,1567,T
3-PA,2043,0,1568,0,1,1569,T
3-PA,2044,0,3,1561,0,1564,G
3-PA,2045,1572,0,0,0,1572,A
3-PA,2046,0,1572,0,3,1575,T
3-PA,2047,3,1,0,1572,1576,C
3-PA,2048,0,1547,0,2,1549,T
3-PA,2049,0,1538,0,1,1539,T
3-PA,2050,0,2,1532,0,1534,G
3-PA,2051,0,1,1539,0,1540,G
3-PA,2052,0,1,1537,0,1538,G
3-PA,2053,0,6,1529,0,1535,G
3-PA,2054,0,1,1506,0,1507,G
3-PA,2055,0,2,1510,0,1512,G
3-PA,2056,1,0,0,1508,1509,C
3-PA,2057,1,1495,0,4,1500,T
3-PA,2058,1520,0,7,0,1527,A
3-PA,2059,0,1521,0,2,1523,T
3-PA,2060,1519,0,1,0,1520,A
3-PA,2061,0,1514,0,1,1515,T
3-PA,2062,2,3,1445,0,1450,G
3-PA,2063,1431,0,2,0,1433,A
3-PA,2064,1403,0,3,0,1406,A
3-PA,2065,1,0,1406,0,1407,G
3-PA,2066,2,0,0,1416,1418,C
3-PA,2067,1328,1,0,0,1329,A
3-PA,2068,1358,0,0,0,1358,A
3-PA,2069,0,1356,0,1,1357,T
3-PA,2070,0,1355,0,1,1356,T
3-PA,2071,0,3,1353,0,1356,G
3-PA,2072,1345,0,5,0,1350,A
3-PA,2073,0,1,1350,0,1351,G
3-PA,2074,1,3,1347,0,1351,G
3-PA,2075,1273,0,1,0,1274,A
3-PA,2076,0,1,1287,0,1288,G
3-PA,2077,0,1176,0,1,1177,T
3-PA,2078,0,0,1182,0,1182,G
3-PA,2079,1,0,0,1177,1178,C
3-PA,2080,1,1,0,1168,1170,C
3-PA,2081,1,1164,0,2,1167,T
3-PA,2082,1,2,1167,0,1170,G
3-PA,2083,1169,0,1,0,1170,A
3-PA,2084,0,1170,0,0,1170,T
3-PA,2085,0,1114,0,0,1114,T
3-PA,2086,1111,0,0,0,1111,A
3-PA,2087,1104,0,0,1,1105,A
3-PA,2088,0,1100,0,2,1102,T
3-PA,2089,1,2,1098,0,1101,G
3-PA,2090,1092,2,1,0,1095,A
3-PA,2091,0,1051,0,1,1052,T
3-PA,2092,2,0,0,1046,1048,C
3-PA,2093,1,0,1,1040,1042,C
3-PA,2094,2,0,0,1041,1043,C
3-PA,2095,0,1037,0,1,1038,T
3-PA,2096,0,1,1040,0,1041,G
3-PA,2097,0,1,1041,0,1042,G
3-PA,2098,0,0,1047,0,1047,G
3-PA,2099,0,1038,0,0,1038,T
3-PA,2100,0,996,0,0,996,T
3-PA,2101,0,996,0,1,997,T
3-PA,2102,0,983,0,0,983,T
3-PA,2103,1,0,982,0,983,G
3-PA,2104,1,0,0,985,986,C
3-PA,2105,1,973,0,3,977,T
3-PA,2106,3,0,0,975,978,C
3-PA,2107,934,0,0,0,934,A
3-PA,2108,938,0,0,0,938,A
3-PA,2109,1,938,0,0,939,T
3-PA,2110,1,0,938,0,939,G
3-PA,2111,1,0,0,936,937,C
3-PA,2112,0,0,915,0,915,G
3-PA,2113,0,917,0,3,920,T
3-PA,2114,3,0,0,913,916,C
3-PA,2115,0,912,1,1,914,T
3-PA,2116,1,912,0,1,914,T
3-PA,2117,0,0,906,0,906,G
3-PA,2118,0,0,908,0,908,G
3-PA,2119,0,902,0,2,904,T
3-PA,2120,0,897,0,2,899,T
3-PA,2121,6,0,0,871,877,C
3-PA,2122,858,0,1,0,859,A
3-PA,2123,857,0,3,0,860,A
3-PA,2124,0,0,0,858,858,C
3-PA,2125,0,854,0,0,854,T
3-PA,2126,0,0,0,852,852,C
3-PA,2127,0,0,1,809,810,C
3-PA,2128,0,807,0,2,809,T
3-PA,2129,0,810,0,1,811,T
3-PA,2130,2,0,0,805,807,C
3-PA,2131,2,0,0,805,807,C
3-PA,2132,0,794,0,0,794,T
3-PA,2133,0,3,790,0,793,G
3-PA,2134,790,0,3,0,793,A
3-PA,2135,1,0,0,778,779,C
3-PA,2136,748,0,2,0,750,A
3-PA,2137,0,0,0,723,723,C
3-PA,2138,711,0,0,0,711,A
3-PA,2139,0,694,0,2,696,T
3-PA,2140,0,0,695,0,695,G
3-PA,2141,0,4,0,687,691,C
3-PA,2142,679,0,0,0,679,A
3-PA,2143,0,678,0,0,678,T
3-PA,2144,0,667,0,0,667,T
3-PA,2145,667,0,0,0,667,A
3-PA,2146,663,0,0,0,663,A
3-PA,2147,664,0,0,0,664,A
3-PA,2148,659,0,0,0,659,A
3-PA,2149,0,654,0,0,654,T
3-PA,2150,531,0,0,0,531,A
3-PA,2151,0,0,530,0,530,G
4-HA,1,212,0,0,0,212,A
4-HA,2,0,214,0,0,214,T
4-HA,3,0,0,219,0,219,G
4-HA,4,223,0,0,0,223,A
4-HA,5,232,0,1,0,233,A
4-HA,6,0,1,254,0,255,G
4-HA,7,254,0,1,0,255,A
4-HA,8,0,0,0,282,282,C
4-HA,9,0,283,0,0,283,T
4-HA,10,294,0,0,0,294,A
4-HA,11,0,304,0,0,304,T
4-HA,12,0,0,0,309,309,C
4-HA,13,310,0,0,0,310,A
4-HA,14,0,311,0,0,311,T
4-HA,15,0,311,0,0,311,T
4-HA,16,0,0,334,0,334,G
4-HA,17,0,0,0,336,336,C
4-HA,18,0,334,0,1,335,T
4-HA,19,0,339,0,0,339,T
4-HA,20,0,339,0,0,339,T
4-HA,21,0,1,371,0,372,G
4-HA,22,374,0,0,0,374,A
4-HA,23,0,0,395,0,395,G
4-HA,24,0,0,0,397,397,C
4-HA,25,0,397,0,0,397,T
4-HA,26,425,0,0,0,425,A
4-HA,27,0,0,0,432,432,C
4-HA,28,440,0,0,0,440,A
4-HA,29,0,468,0,1,469,T
4-HA,30,0,470,0,0,470,T
4-HA,31,1,0,0,476,477,C
4-HA,32,0,474,0,0,474,T
4-HA,33,489,0,0,0,489,A
4-HA,34,0,492,0,0,492,T
4-HA,35,0,0,489,0,489,G
4-HA,36,0,491,0,0,491,T
4-HA,37,0,0,0,489,489,C
4-HA,38,0,489,0,0,489,T
4-HA,39,0,0,492,0,492,G
4-HA,40,0,0,493,0,493,G
4-HA,41,0,493,0,0,493,T
4-HA,42,0,494,0,1,495,T
4-HA,43,0,495,0,0,495,T
4-HA,44,0,494,0,0,494,T
4-HA,45,1,0,0,494,495,C
4-HA,46,0,0,494,0,494,G
4-HA,47,0,0,0,499,499,C
4-HA,48,0,497,0,1,498,T
4-HA,49,0,0,0,503,503,C
4-HA,50,501,0,0,0,501,A
4-HA,51,504,0,0,0,504,A
4-HA,52,503,1,0,0,504,A
4-HA,53,503,0,0,0,503,A
4-HA,54,503,0,3,0,506,A
4-HA,55,0,0,0,510,510,C
4-HA,56,0,509,0,0,509,T
4-HA,57,0,509,0,0,509,T
4-HA,58,0,0,0,511,511,C
4-HA,59,1,0,0,510,511,C
4-HA,60,0,510,0,0,510,T
4-HA,61,0,0,519,0,519,G
4-HA,62,0,1,518,0,519,G
4-HA,63,519,0,0,0,519,A
4-HA,64,529,0,0,0,529,A
4-HA,65,529,0,1,0,530,A
4-HA,66,0,534,0,0,534,T
4-HA,67,0,3,538,0,541,G
4-HA,68,540,0,0,0,540,A
4-HA,69,0,1,0,550,551,C
4-HA,70,549,0,1,0,550,A
4-HA,71,550,0,0,0,550,A
4-HA,72,0,0,0,566,566,C
4-HA,73,565,0,0,0,565,A
4-HA,74,0,0,569,0,569,G
4-HA,75,0,0,0,569,569,C
4-HA,76,569,0,0,0,569,A
4-HA,77,0,1,0,582,583,C
4-HA,78,0,3,576,0,579,G
4-HA,79,0,0,592,0,592,G
4-HA,80,0,0,0,593,593,C
4-HA,81,591,0,0,0,591,A
4-HA,82,594,0,0,0,594,A
4-HA,83,0,0,0,597,597,C
4-HA,84,0,1,603,0,604,G
4-HA,85,0,0,0,608,608,C
4-HA,86,0,603,0,1,604,T
4-HA,87,0,0,617,0,617,G
4-HA,88,0,615,0,0,615,T
4-HA,89,1,0,615,0,616,G
4-HA,90,0,613,0,0,613,T
4-HA,91,0,0,0,701,701,C
4-HA,92,0,702,0,0,702,T
4-HA,93,0,703,0,0,703,T
4-HA,94,1,1,704,0,706,G
4-HA,95,0,1,705,0,706,G
4-HA,96,2,0,711,0,713,G
4-HA,97,0,0,0,714,714,C
4-HA,98,701,0,0,0,701,A
4-HA,99,0,1,0,717,718,C
4-HA,100,2,0,0,715,717,C
4-HA,101,774,0,0,0,774,A
4-HA,102,0,776,0,0,776,T
4-HA,103,0,2,776,0,778,G
4-HA,104,0,0,0,782,782,C
4-HA,105,776,0,1,0,777,A
4-HA,106,0,0,830,0,830,G
4-HA,107,0,832,0,0,832,T
4-HA,108,837,0,0,0,837,A
4-HA,109,0,0,0,841,841,C
4-HA,110,2,0,0,820,822,C
4-HA,111,825,0,1,0,826,A
4-HA,112,827,0,0,0,827,A
4-HA,113,831,0,1,0,832,A
4-HA,114,0,2,0,831,833,C
4-HA,115,0,2,819,0,821,G
4-HA,116,0,2,831,0,833,G
4-HA,117,831,1,1,0,833,A
4-HA,118,832,0,1,0,833,A
4-HA,119,0,0,0,835,835,C
4-HA,120,1,1,826,0,828,G
4-HA,121,1,0,829,0,830,G
4-HA,122,0,860,0,1,861,T
4-HA,123,871,0,1,1,873,A
4-HA,124,0,0,875,0,875,G
4-HA,125,0,871,0,0,871,T
4-HA,126,0,2,871,0,873,G
4-HA,127,873,0,0,0,873,A
4-HA,128,866,0,5,0,871,A
4-HA,129,873,0,1,0,874,A
4-HA,130,862,0,0,0,862,A
4-HA,131,1,2,0,868,871,C
4-HA,132,867,0,1,0,868,A
4-HA,133,872,0,0,0,872,A
4-HA,134,0,873,0,0,873,T
4-HA,135,3,0,0,871,874,C
4-HA,136,874,0,0,0,874,A
4-HA,137,0,0,0,878,878,C
4-HA,138,1,3,873,0,877,G
4-HA,139,878,0,0,0,878,A
4-HA,140,871,0,1,0,872,A
4-HA,141,0,878,0,0,878,T
4-HA,142,1,4,873,0,878,G
4-HA,143,886,0,0,0,886,A
4-HA,144,0,0,0,885,885,C
4-HA,145,2,0,0,879,881,C
4-HA,146,893,0,1,0,894,A
4-HA,147,901,0,0,0,901,A
4-HA,148,900,1,0,0,901,A
4-HA,149,0,901,0,0,901,T
4-HA,150,0,901,0,0,901,T
4-HA,151,3,3,899,0,905,G
4-HA,152,900,0,0,1,901,A
4-HA,153,902,0,1,0,903,A
4-HA,154,0,0,915,0,915,G
4-HA,155,0,912,0,0,912,T
4-HA,156,0,938,0,2,940,T
4-HA,157,945,0,0,0,945,A
4-HA,158,1,0,0,948,949,C
4-HA,159,0,949,0,1,950,T
4-HA,160,953,0,0,0,953,A
4-HA,161,965,2,3,0,970,A
4-HA,162,0,971,0,0,971,T
4-HA,163,0,0,971,0,971,G
4-HA,164,0,0,0,1003,1003,C
4-HA,165,0,1000,0,0,1000,T
4-HA,166,999,0,2,0,1001,A
4-HA,167,0,0,0,1003,1003,C
4-HA,168,0,998,0,0,998,T
4-HA,169,0,3,1002,0,1005,G
4-HA,170,999,0,0,0,999,A
4-HA,171,0,0,1000,0,1000,G
4-HA,172,0,0,0,1000,1000,C
4-HA,173,0,979,0,1,980,T
4-HA,174,0,3,1000,0,1003,G
4-HA,175,0,0,1024,0,1024,G
4-HA,176,0,1024,0,0,1024,T
4-HA,177,0,1026,0,0,1026,T
4-HA,178,6,1,0,1017,1024,C
4-HA,179,1020,0,3,0,1023,A
4-HA,180,0,2,1025,0,1027,G
4-HA,181,1026,0,0,0,1026,A
4-HA,182,0,0,1050,0,1050,G
4-HA,183,0,1042,0,0,1042,T
4-HA,184,0,1032,0,2,1034,T
4-HA,185,2,0,0,1034,1036,C
4-HA,186,1,0,0,1036,1037,C
4-HA,187,0,1031,0,2,1033,T
4-HA,188,2,1,0,1036,1039,C
4-HA,189,1034,0,1,0,1035,A
4-HA,190,1035,0,1,0,1036,A
4-HA,191,0,0,0,1039,1039,C
4-HA,192,1024,1,3,1,1029,A
4-HA,193,4,0,1030,0,1034,G
4-HA,194,0,0,1040,1,1041,G
4-HA,195,0,1036,0,1,1037,T
4-HA,196,0,2,1039,0,1041,G
4-HA,197,1042,0,0,0,1042,A
4-HA,198,1041,0,1,0,1042,A
4-HA,199,1068,1,0,0,1069,A
4-HA,200,0,1065,0,0,1065,T
4-HA,201,1078,1,0,0,1079,A
4-HA,202,0,1064,0,0,1064,T
4-HA,203,2,0,1060,0,1062,G
4-HA,204,0,1,0,1073,1074,C
4-HA,205,0,5,1071,0,1076,G
4-HA,206,1074,0,1,0,1075,A
4-HA,207,0,0,0,1073,1073,C
4-HA,208,1057,0,0,0,1057,A
4-HA,209,1,0,1138,0,1139,G
4-HA,210,0,1132,0,0,1132,T
4-HA,211,1,0,0,1137,1138,C
4-HA,212,3,2,0,1139,1144,C
4-HA,213,0,1133,0,4,1137,T
4-HA,214,0,0,0,1154,1154,C
4-HA,215,1155,1,0,0,1156,A
4-HA,216,0,1156,0,1,1157,T
4-HA,217,2,0,0,1157,1159,C
4-HA,218,1108,0,1,0,1109,A
4-HA,219,1,2,1104,0,1107,G
4-HA,220,1093,0,1,0,1094,A
4-HA,221,0,1092,0,5,1097,T
4-HA,222,3,0,0,1089,1092,C
4-HA,223,0,0,0,1084,1084,C
4-HA,224,0,1081,0,0,1081,T
4-HA,225,0,1077,0,2,1079,T
4-HA,226,0,1,1076,0,1077,G
4-HA,227,1079,0,1,0,1080,A
4-HA,228,0,1075,0,0,1075,T
4-HA,229,0,1,1082,0,1083,G
4-HA,230,0,2,1080,0,1082,G
4-HA,231,1085,0,0,0,1085,A
4-HA,232,1078,2,1,0,1081,A
4-HA,233,1089,0,0,0,1089,A
4-HA,234,1091,0,0,0,1091,A
4-HA,235,1089,0,1,1,1091,A
4-HA,236,1095,1,2,0,1098,A
4-HA,237,0,3,0,1094,1097,C
4-HA,238,0,1088,0,0,1088,T
4-HA,239,1,0,1090,0,1091,G
4-HA,240,0,0,0,1091,1091,C
4-HA,241,1091,0,1,0,1092,A
4-HA,242,0,1,0,1125,1126,C
4-HA,243,1122,0,0,0,1122,A
4-HA,244,0,1,0,1268,1269,C
4-HA,245,0,1266,0,0,1266,T
4-HA,246,1290,0,0,0,1290,A
4-HA,247,1289,0,0,0,1289,A
4-HA,248,0,1300,0,0,1300,T
4-HA,249,1297,0,0,0,1297,A
4-HA,250,1,1,1299,0,1301,G
4-HA,251,1278,1,1,0,1280,A
4-HA,252,0,1264,0,2,1266,T
4-HA,253,0,0,1227,0,1227,G
4-HA,254,1,0,0,1236,1237,C
4-HA,255,0,1232,1,0,1233,T
4-HA,256,4,0,0,1302,1306,C
4-HA,257,0,1302,0,0,1302,T
4-HA,258,1343,0,0,0,1343,A
4-HA,259,1,1341,0,1,1343,T
4-HA,260,0,1337,0,0,1337,T
4-HA,261,0,5,1346,0,1351,G
4-HA,262,0,1,1356,1,1358,G
4-HA,263,0,2,1366,0,1368,G
4-HA,264,1336,0,2,0,1338,A
4-HA,265,0,3,1316,0,1319,G
4-HA,266,1305,0,2,0,1307,A
4-HA,267,1,0,1,1517,1519,C
4-HA,268,0,0,0,1550,1550,C
4-HA,269,0,2,0,1552,1554,C
4-HA,270,0,1553,0,2,1555,T
4-HA,271,1,0,0,1593,1594,C
4-HA,272,1588,1,0,1,1590,A
4-HA,273,0,2,1750,0,1752,G
4-HA,274,0,1745,0,4,1749,T
4-HA,275,0,1,1768,0,1769,G
4-HA,276,0,1723,1,5,1729,T
4-HA,277,0,3,1718,0,1721,G
4-HA,278,1721,2,2,0,1725,A
4-HA,279,0,1720,0,1,1721,T
4-HA,280,0,2,1716,0,1718,G
4-HA,281,0,2,1714,0,1716,G
4-HA,282,2,0,0,1700,1702,C
4-HA,283,0,1696,1,3,1700,T
4-HA,284,0,1696,2,0,1698,T
4-HA,285,2,1,0,1699,1702,C
4-HA,286,1,1,0,1704,1706,C
4-HA,287,1708,0,0,0,1708,A
4-HA,288,1713,0,1,0,1714,A
4-HA,289,1715,0,0,0,1715,A
4-HA,290,1718,2,0,0,1720,A
4-HA,291,0,1732,0,0,1732,T
4-HA,292,1725,0,0,0,1725,A
4-HA,293,1730,1,2,0,1733,A
4-HA,294,0,4,1747,0,1751,G
4-HA,295,1762,0,0,0,1762,A
4-HA,296,1766,0,1,1,1768,A
4-HA,297,1766,0,6,1,1773,A
4-HA,298,0,1771,1,2,1774,T
4-HA,299,0,4,1768,0,1772,G
4-HA,300,2,3,1765,1,1771,G
4-HA,301,0,3,1771,0,1774,G
4-HA,302,1773,0,5,0,1778,A
4-HA,303,0,0,0,1786,1786,C
4-HA,304,4,0,0,1788,1792,C
4-HA,305,0,1820,1,3,1824,T
4-HA,306,0,1826,0,1,1827,T
4-HA,307,0,1827,0,1,1828,T
4-HA,308,1,1839,0,3,1843,T
4-HA,309,1,1842,0,0,1843,T
4-HA,310,1,1,1852,0,1854,G
4-HA,311,0,1853,0,2,1855,T
4-HA,312,0,1842,0,1,1843,T
4-HA,313,1,5,1847,0,1853,G
4-HA,314,1834,0,0,0,1834,A
4-HA,315,1847,1,0,0,1848,A
4-HA,316,0,0,0,1850,1850,C
4-HA,317,0,0,1851,0,1851,G
4-HA,318,0,1,0,1886,1887,C
4-HA,319,1883,1,0,0,1884,A
4-HA,320,0,0,1905,0,1905,G
4-HA,321,2,1,0,1904,1907,C
4-HA,322,1904,0,0,0,1904,A
4-HA,323,1901,2,0,0,1903,A
4-HA,324,1900,1,6,0,1907,A
4-HA,325,0,0,2016,0,2016,G
4-HA,326,1,1,0,2025,2027,C
4-HA,327,1,0,0,2020,2021,C
4-HA,328,2,2017,1,1,2021,T
4-HA,329,2021,0,2,0,2023,A
4-HA,330,0,3,0,2047,2050,C
4-HA,331,2048,0,2,0,2050,A
4-HA,332,2,0,2054,0,2056,G
4-HA,333,0,0,0,2048,2048,C
4-HA,334,2007,0,1,0,2008,A
4-HA,335,2022,0,1,0,2023,A
4-HA,336,0,0,0,2144,2144,C
4-HA,337,0,2143,0,0,2143,T
4-HA,338,0,0,2161,0,2161,G
4-HA,339,1,2138,0,4,2143,T
4-HA,340,0,2148,0,1,2149,T
4-HA,341,2147,0,3,0,2150,A
4-HA,342,2,1,0,2351,2354,C
4-HA,343,2,1,0,2355,2358,C
4-HA,344,3,1,0,2411,2415,C
4-HA,345,0,2358,1,6,2365,T
4-HA,346,0,2360,0,6,2366,T
4-HA,347,2375,0,2,0,2377,A
4-HA,348,0,2377,0,1,2378,T
4-HA,349,0,2,2376,0,2378,G
4-HA,350,2369,0,3,0,2372,A
4-HA,351,1,2252,0,0,2253,T
4-HA,352,1,0,2285,0,2286,G
4-HA,353,0,2268,0,0,2268,T
4-HA,354,1,2,2267,0,2270,G
4-HA,355,0,1,0,2270,2271,C
4-HA,356,2,1,0,2262,2265,C
4-HA,357,2,3,2302,0,2307,G
4-HA,358,0,4,2347,1,2352,G
4-HA,359,2344,0,1,0,2345,A
4-HA,360,0,2357,0,0,2357,T
4-HA,361,0,2335,0,0,2335,T
4-HA,362,2354,0,4,0,2358,A
4-HA,363,1,2353,0,2,2356,T
4-HA,364,0,0,2374,0,2374,G
4-HA,365,3,0,0,2367,2370,C
4-HA,366,5,3,0,2339,2347,C
4-HA,367,1,2351,0,0,2352,T
4-HA,368,4,0,0,2470,2474,C
4-HA,369,2,0,0,2478,2480,C
4-HA,370,4,1,0,2488,2493,C
4-HA,371,1,2484,0,2,2487,T
4-HA,372,0,2485,0,3,2488,T
4-HA,373,2480,0,3,0,2483,A
4-HA,374,0,0,2528,0,2528,G
4-HA,375,1,0,2538,0,2539,G
4-HA,376,0,2500,0,5,2505,T
4-HA,377,11,1,1,2447,2460,C
4-HA,378,2439,0,2,0,2441,A
4-HA,379,0,1,0,2500,2501,C
4-HA,380,1,2503,0,1,2505,T
4-HA,381,2503,0,1,1,2505,A
4-HA,382,1,0,2504,0,2505,G
4-HA,383,0,2481,0,1,2482,T
4-HA,384,0,2474,0,2,2476,T
4-HA,385,0,2,2494,1,2497,G
4-HA,386,2,0,0,2506,2508,C
4-HA,387,2,0,0,2507,2509,C
4-HA,388,1,2473,0,12,2486,T
4-HA,389,3,1,0,2499,2503,C
4-HA,390,2587,0,1,0,2588,A
4-HA,391,0,2585,0,6,2591,T
4-HA,392,3,1,0,2592,2596,C
4-HA,393,8,3,0,2585,2596,C
4-HA,394,4,3,2575,1,2583,G
4-HA,395,1,0,2586,1,2588,G
4-HA,396,1,4,0,2585,2590,C
4-HA,397,2616,1,1,1,2619,A
4-HA,398,0,0,0,2662,2662,C
4-HA,399,2618,0,2,0,2620,A
4-HA,400,1,1,0,2632,2634,C
4-HA,401,0,2627,0,3,2630,T
4-HA,402,1,1,2641,0,2643,G
4-HA,403,1,3,2656,0,2660,G
4-HA,404,2643,2,6,0,2651,A
4-HA,405,0,1,2677,1,2679,G
4-HA,406,0,2652,0,1,2653,T
4-HA,407,0,2641,0,1,2642,T
4-HA,408,0,2642,0,4,2646,T
4-HA,409,2629,0,1,0,2630,A
4-HA,410,2642,1,1,0,2644,A
4-HA,411,0,0,0,2659,2659,C
4-HA,412,2610,0,1,0,2611,A
4-HA,413,2615,0,4,0,2619,A
4-HA,414,1,2609,0,0,2610,T
4-HA,415,0,11,2598,0,2609,G
4-HA,416,2607,0,1,0,2608,A
4-HA,417,2606,0,2,0,2608,A
4-HA,418,2603,0,12,0,2615,A
4-HA,419,1,0,2629,0,2630,G
4-HA,420,3,1,0,2644,2648,C
4-HA,421,0,2633,0,3,2636,T
4-HA,422,1,2632,0,1,2634,T
4-HA,423,4,0,0,2650,2654,C
4-HA,424,2652,1,1,0,2654,A
4-HA,425,2654,0,2,0,2656,A
4-HA,426,1,2651,0,2,2654,T
4-HA,427,0,2651,0,2,2653,T
4-HA,428,1,9,2699,0,2709,G
4-HA,429,1,8,2738,0,2747,G
4-HA,430,2742,1,0,0,2743,A
4-HA,431,1,0,0,2749,2750,C
4-HA,432,0,2726,1,2,2729,T
4-HA,433,1,0,2738,0,2739,G
4-HA,434,0,6,2750,0,2756,G
4-HA,435,2746,1,4,1,2752,A
4-HA,436,0,2,2755,0,2757,G
4-HA,437,1,2711,0,4,2716,T
4-HA,438,12,0,1,2677,2690,C
4-HA,439,2724,0,4,0,2728,A
4-HA,440,1,0,0,2741,2742,C
4-HA,441,2,2730,0,6,2738,T
4-HA,442,14,1,1,2723,2739,C
4-HA,443,2723,0,0,1,2724,A
4-HA,444,2736,1,1,0,2738,A
4-HA,445,2736,1,2,0,2739,A
4-HA,446,2741,1,2,0,2744,A
4-HA,447,0,2,0,2745,2747,C
4-HA,448,0,1,2731,0,2732,G
4-HA,449,0,6,2771,0,2777,G
4-HA,450,2773,0,2,0,2775,A
4-HA,451,2775,0,3,0,2778,A
4-HA,452,2,0,0,2777,2779,C
4-HA,453,2752,1,1,0,2754,A
4-HA,454,2778,2,3,0,2783,A
4-HA,455,0,1,2803,0,2804,G
4-HA,456,0,1,0,2803,2804,C
4-HA,457,1,2784,1,1,2787,T
4-HA,458,5,1,0,2814,2820,C
4-HA,459,0,2812,0,0,2812,T
4-HA,460,1,0,2823,0,2824,G
4-HA,461,0,0,0,2828,2828,C
4-HA,462,0,2822,0,6,2828,T
4-HA,463,0,2892,0,2,2894,T
4-HA,464,2,1,2960,1,2964,G
4-HA,465,1,1,0,2980,2982,C
4-HA,466,2979,1,1,0,2981,A
4-HA,467,0,2964,0,2,2966,T
4-HA,468,2954,0,1,0,2955,A
4-HA,469,2939,1,1,0,2941,A
4-HA,470,0,1,2946,0,2947,G
4-HA,471,0,2,2941,0,2943,G
4-HA,472,2846,0,3,0,2849,A
4-HA,473,0,6,2821,0,2827,G
4-HA,474,2794,0,3,1,2798,A
4-HA,475,0,2845,0,3,2848,T
4-HA,476,5,0,0,2856,2861,C
4-HA,477,0,2868,0,0,2868,T
4-HA,478,2872,0,0,0,2872,A
4-HA,479,2859,0,2,0,2861,A
4-HA,480,2840,1,3,0,2844,A
4-HA,481,2845,1,2,0,2848,A
4-HA,482,2850,0,3,1,2854,A
4-HA,483,1,1,0,2863,2865,C
4-HA,484,2803,1,2,0,2806,A
4-HA,485,0,0,2827,0,2827,G
4-HA,486,0,2812,0,2,2814,T
4-HA,487,0,2846,0,0,2846,T
4-HA,488,0,2851,0,2,2853,T
4-HA,489,2,1,0,2903,2906,C
4-HA,490,2,2900,0,3,2905,T
4-HA,491,1,2924,0,1,2926,T
4-HA,492,0,2928,0,1,2929,T
4-HA,493,2908,0,5,0,2913,A
4-HA,494,1,0,2916,0,2917,G
4-HA,495,1,2909,0,0,2910,T
4-HA,496,2903,1,1,0,2905,A
4-HA,497,0,4,2912,0,2916,G
4-HA,498,2860,1,4,0,2865,A
4-HA,499,1,2867,0,0,2868,T
4-HA,500,1,2857,0,1,2859,T
4-HA,501,0,8,2891,0,2899,G
4-HA,502,2889,0,4,0,2893,A
4-HA,503,2891,0,4,0,2895,A
4-HA,504,0,2888,0,3,2891,T
4-HA,505,1,2875,0,0,2876,T
4-HA,506,1,3,2905,0,2909,G
4-HA,507,1,0,2911,0,2912,G
4-HA,508,0,2917,0,0,2917,T
4-HA,509,1,2908,0,2,2911,T
4-HA,510,0,10,2880,0,2890,G
4-HA,511,2901,2,1,0,2904,A
4-HA,512,0,0,0,2893,2893,C
4-HA,513,6,1,0,2880,2887,C
4-HA,514,8,0,0,2912,2920,C
4-HA,515,2911,0,3,5,2919,A
4-HA,516,0,0,0,2938,2938,C
4-HA,517,0,2936,0,3,2939,T
4-HA,518,0,2937,0,1,2938,T
4-HA,519,2937,1,1,0,2939,A
4-HA,520,2922,1,3,0,2926,A
4-HA,521,2919,0,2,1,2922,A
4-HA,522,0,0,0,2858,2858,C
4-HA,523,0,2933,0,3,2936,T
4-HA,524,0,2938,0,1,2939,T
4-HA,525,8,1,1,2944,2954,C
4-HA,526,2953,0,2,1,2956,A
4-HA,527,2957,1,0,1,2959,A
4-HA,528,2959,0,2,0,2961,A
4-HA,529,0,2959,0,1,2960,T
4-HA,530,3009,0,0,0,3009,A
4-HA,531,0,1,0,3004,3005,C
4-HA,532,4,0,0,2940,2944,C
4-HA,533,0,2,0,2949,2951,C
4-HA,534,2936,1,5,0,2942,A
4-HA,535,0,2,3055,1,3058,G
4-HA,536,2,3,0,3064,3069,C
4-HA,537,3065,0,1,0,3066,A
4-HA,538,0,3054,0,4,3058,T
4-HA,539,2,3013,0,2,3017,T
4-HA,540,0,14,3098,0,3112,G
4-HA,541,3111,0,5,0,3116,A
4-HA,542,3115,0,4,0,3119,A
4-HA,543,1,0,0,3116,3117,C
4-HA,544,1,0,3042,1,3044,G
4-HA,545,1,3060,0,4,3065,T
4-HA,546,2,12,3049,0,3063,G
4-HA,547,3073,0,3,0,3076,A
4-HA,548,0,1,0,3078,3079,C
4-HA,549,0,2987,0,3,2990,T
4-HA,550,3052,1,1,0,3054,A
4-HA,551,0,3047,1,5,3053,T
4-HA,552,0,0,3071,0,3071,G
4-HA,553,1,3,0,3061,3065,C
4-HA,554,6,2,0,3022,3030,C
4-HA,555,3024,0,3,0,3027,A
4-HA,556,3023,1,0,0,3024,A
4-HA,557,3086,0,6,0,3092,A
4-HA,558,1,0,0,3093,3094,C
4-HA,559,3026,0,1,0,3027,A
4-HA,560,3036,1,1,0,3038,A
4-HA,561,0,3006,0,6,3012,T
4-HA,562,1,15,2995,0,3011,G
4-HA,563,3009,0,3,0,3012,A
4-HA,564,3001,0,8,0,3009,A
4-HA,565,0,1,1,2958,2960,C
4-HA,566,2985,0,0,0,2985,A
4-HA,567,3006,0,0,0,3006,A
4-HA,568,0,2991,1,2,2994,T
4-HA,569,0,2992,0,1,2993,T
4-HA,570,0,2997,0,0,2997,T
4-HA,571,0,16,2988,0,3004,G
4-HA,572,2996,3,4,0,3003,A
4-HA,573,2,0,0,3000,3002,C
4-HA,574,3008,0,0,0,3008,A
4-HA,575,3011,0,0,0,3011,A
4-HA,576,3045,0,1,0,3046,A
4-HA,577,0,3060,1,3,3064,T
4-HA,578,0,3061,0,0,3061,T
4-HA,579,1,2,3079,0,3082,G
4-HA,580,2,3074,0,0,3076,T
4-HA,581,3071,3,4,0,3078,A
4-HA,582,0,0,0,3138,3138,C
4-HA,583,3127,0,1,0,3128,A
4-HA,584,0,3159,0,0,3159,T
4-HA,585,1,3129,0,3,3133,T
4-HA,586,1,3119,0,0,3120,T
4-HA,587,1,4,3096,0,3101,G
4-HA,588,1,2,3102,0,3105,G
4-HA,589,0,5,3097,1,3103,G
4-HA,590,1,4,3100,0,3105,G
4-HA,591,2,8,3054,0,3064,G
4-HA,592,0,1,3126,0,3127,G
4-HA,593,0,3090,0,7,3097,T
4-HA,594,0,3107,0,6,3113,T
4-HA,595,9,2,0,3093,3104,C
4-HA,596,3117,1,1,0,3119,A
4-HA,597,0,1,0,3135,3136,C
4-HA,598,3,2,0,3130,3135,C
4-HA,599,3136,0,1,0,3137,A
4-HA,600,0,0,0,3155,3155,C
4-HA,601,5,0,0,3101,3106,C
4-HA,602,1,0,0,3092,3093,C
4-HA,603,4,4,3089,0,3097,G
4-HA,604,1,4,3143,1,3149,G
4-HA,605,0,1,3152,0,3153,G
4-HA,606,0,3151,0,1,3152,T
4-HA,607,3148,1,2,0,3151,A
4-HA,608,1,3,0,3136,3140,C
4-HA,609,2,5,3104,1,3112,G
4-HA,610,3,4,3129,0,3136,G
4-HA,611,3139,4,2,0,3145,A
4-HA,612,0,1,0,3138,3139,C
4-HA,613,3050,1,1,1,3053,A
4-HA,614,3040,0,0,0,3040,A
4-HA,615,3029,1,3,0,3033,A
4-HA,616,2,5,3083,0,3090,G
4-HA,617,3093,1,3,0,3097,A
4-HA,618,1,0,0,3089,3090,C
4-HA,619,2,0,0,3036,3038,C
4-HA,620,3042,0,2,1,3045,A
4-HA,621,3048,0,1,0,3049,A
4-HA,622,3089,1,0,0,3090,A
4-HA,623,1,3079,1,2,3083,T
4-HA,624,6,0,0,3095,3101,C
4-HA,625,0,2981,0,4,2985,T
4-HA,626,0,2973,0,3,2976,T
4-HA,627,4,0,0,3005,3009,C
4-HA,628,2,1,0,3008,3011,C
4-HA,629,0,2994,0,4,2998,T
4-HA,630,0,0,3010,0,3010,G
4-HA,631,2,2957,0,3,2962,T
4-HA,632,2989,0,0,0,2989,A
4-HA,633,0,2969,0,2,2971,T
4-HA,634,2,1,2982,0,2985,G
4-HA,635,2,1,0,2996,2999,C
4-HA,636,0,2984,1,3,2988,T
4-HA,637,12,3,0,2966,2981,C
4-HA,638,2978,0,2,0,2980,A
4-HA,639,2967,0,6,0,2973,A
4-HA,640,3,1,2976,0,2980,G
4-HA,641,0,1,0,2978,2979,C
4-HA,642,2983,0,0,0,2983,A
4-HA,643,3,2955,0,0,2958,T
4-HA,644,3,1,0,2946,2950,C
4-HA,645,2944,1,4,0,2949,A
4-HA,646,1,5,2965,0,2971,G
4-HA,647,1,5,2966,0,2972,G
4-HA,648,2970,0,0,0,2970,A
4-HA,649,2946,0,8,0,2954,A
4-HA,650,0,10,2967,0,2977,G
4-HA,651,2971,0,5,0,2976,A
4-HA,652,3014,0,0,0,3014,A
4-HA,653,0,3023,1,3,3027,T
4-HA,654,11,1,2,3012,3026,C
4-HA,655,3011,0,1,1,3013,A
4-HA,656,1,1,0,3011,3013,C
4-HA,657,2999,0,6,0,3005,A
4-HA,658,2,2,3048,0,3052,G
4-HA,659,0,3012,0,4,3016,T
4-HA,660,3,0,0,3018,3021,C
4-HA,661,0,2953,0,4,2957,T
4-HA,662,2,2,0,3009,3013,C
4-HA,663,3,3013,0,2,3018,T
4-HA,664,3044,0,1,0,3045,A
4-HA,665,0,5,0,3030,3035,C
4-HA,666,5,1,0,3028,3034,C
4-HA,667,2967,1,7,0,2975,A
4-HA,668,2972,0,0,0,2972,A
4-HA,669,2970,0,0,1,2971,A
4-HA,670,2969,1,1,0,2971,A
4-HA,671,0,4,2960,0,2964,G
4-HA,672,2905,0,3,0,2908,A
4-HA,673,2890,0,5,0,2895,A
4-HA,674,2,1,2896,0,2899,G
4-HA,675,2,0,0,2895,2897,C
4-HA,676,5,1,0,2896,2902,C
4-HA,677,2908,1,3,0,2912,A
4-HA,678,2909,4,1,1,2915,A
4-HA,679,1,0,0,2915,2916,C
4-HA,680,2912,0,0,0,2912,A
4-HA,681,2916,1,2,3,2922,A
4-HA,682,2907,1,2,0,2910,A
4-HA,683,0,0,0,2979,2979,C
4-HA,684,1,2952,0,5,2958,T
4-HA,685,2,0,2962,0,2964,G
4-HA,686,0,2959,0,0,2959,T
4-HA,687,2956,0,1,0,2957,A
4-HA,688,2958,0,0,0,2958,A
4-HA,689,0,2941,0,3,2944,T
4-HA,690,6,3,1,2957,2967,C
4-HA,691,1,0,0,2956,2957,C
4-HA,692,5,4,0,2903,2912,C
4-HA,693,2,7,2911,0,2920,G
4-HA,694,2917,0,2,0,2919,A
4-HA,695,2925,0,2,0,2927,A
4-HA,696,0,2929,0,0,2929,T
4-HA,697,2923,1,1,0,2925,A
4-HA,698,1,2916,0,1,2918,T
4-HA,699,5,3,0,2881,2889,C
4-HA,700,3,8,2872,0,2883,G
4-HA,701,2,5,2927,0,2934,G
4-HA,702,2931,0,3,1,2935,A
4-HA,703,0,2971,0,2,2973,T
4-HA,704,2,0,0,2971,2973,C
4-HA,705,1,2964,0,2,2967,T
4-HA,706,2961,0,3,0,2964,A
4-HA,707,2,7,2955,0,2964,G
4-HA,708,2974,1,2,0,2977,A
4-HA,709,3,1,0,2965,2969,C
4-HA,710,3,1,0,2869,2873,C
4-HA,711,3,0,0,2874,2877,C
4-HA,712,2859,0,1,1,2861,A
4-HA,713,3,5,3044,0,3052,G
4-HA,714,3044,0,7,0,3051,A
4-HA,715,1,3,3079,0,3083,G
4-HA,716,0,3054,0,1,3055,T
4-HA,717,3041,0,1,1,3043,A
4-HA,718,3036,1,5,1,3043,A
4-HA,719,2,3,3088,1,3094,G
4-HA,720,1,10,3104,1,3116,G
4-HA,721,3081,2,3,1,3087,A
4-HA,722,2852,0,0,1,2853,A
4-HA,723,0,2853,0,2,2855,T
4-HA,724,2837,0,2,0,2839,A
4-HA,725,2,2827,0,4,2833,T
4-HA,726,4,0,0,2847,2851,C
4-HA,727,2,1,0,2842,2845,C
4-HA,728,5,0,0,2786,2791,C
4-HA,729,0,2763,0,4,2767,T
4-HA,730,2775,0,1,0,2776,A
4-HA,731,1,0,2779,0,2780,G
4-HA,732,0,0,0,2783,2783,C
4-HA,733,2714,0,3,0,2717,A
4-HA,734,0,5,2789,0,2794,G
4-HA,735,2759,0,2,0,2761,A
4-HA,736,2769,0,1,0,2770,A
4-HA,737,0,2771,0,0,2771,T
4-HA,738,2761,0,2,0,2763,A
4-HA,739,2760,0,6,0,2766,A
4-HA,740,0,0,2762,0,2762,G
4-HA,741,1,2,0,2760,2763,C
4-HA,742,2762,0,1,0,2763,A
4-HA,743,1,2686,0,4,2691,T
4-HA,744,4,1,0,2836,2841,C
4-HA,745,0,2836,0,1,2837,T
4-HA,746,2841,5,0,0,2846,A
4-HA,747,0,2841,0,3,2844,T
4-HA,748,1,2818,0,0,2819,T
4-HA,749,0,14,2823,0,2837,G
4-HA,750,0,14,2820,0,2834,G
4-HA,751,2830,0,8,0,2838,A
4-HA,752,0,1,2,2830,2833,C
4-HA,753,2654,0,0,0,2654,A
4-HA,754,2705,0,0,0,2705,A
4-HA,755,2,2824,0,2,2828,T
4-HA,756,2859,0,2,0,2861,A
4-HA,757,0,0,2905,0,2905,G
4-HA,758,1,2831,0,42,2874,T
4-HA,759,2870,0,2,0,2872,A
4-HA,760,2887,0,3,0,2890,A
4-HA,761,2903,0,2,0,2905,A
4-HA,762,2950,0,3,0,2953,A
4-HA,763,0,2,0,2968,2970,C
4-HA,764,1,0,0,2851,2852,C
4-HA,765,3,3,2839,1,2846,G
4-HA,766,3,1,2856,0,2860,G
4-HA,767,1,7,2875,0,2883,G
4-HA,768,2879,0,1,0,2880,A
4-HA,769,0,5,2890,1,2896,G
4-HA,770,2892,0,2,0,2894,A
4-HA,771,0,1,1,2884,2886,C
4-HA,772,14,1,2863,0,2878,G
4-HA,773,0,2962,0,1,2963,T
4-HA,774,2972,1,2,0,2975,A
4-HA,775,2,3,0,3001,3006,C
4-HA,776,0,2988,0,8,2996,T
4-HA,777,0,3028,0,6,3034,T
4-HA,778,0,3060,0,2,3062,T
4-HA,779,0,3041,0,5,3046,T
4-HA,780,1,20,3074,0,3095,G
4-HA,781,3099,3,3,0,3105,A
4-HA,782,0,3099,0,6,3105,T
4-HA,783,0,3190,0,1,3191,T
4-HA,784,3168,0,1,0,3169,A
4-HA,785,3194,0,3,0,3197,A
4-HA,786,0,2,0,3244,3246,C
4-HA,787,3210,0,3,0,3213,A
4-HA,788,1,2,3359,0,3362,G
4-HA,789,0,3,0,3343,3346,C
4-HA,790,3348,1,1,0,3350,A
4-HA,791,1,0,0,3375,3376,C
4-HA,792,3338,1,5,0,3344,A
4-HA,793,1,2,3403,0,3406,G
4-HA,794,2,6,3391,1,3400,G
4-HA,795,2,9,3529,0,3540,G
4-HA,796,3512,0,4,0,3516,A
4-HA,797,3553,0,4,1,3558,A
4-HA,798,1,3554,2,2,3559,T
4-HA,799,7,0,0,3555,3562,C
4-HA,800,0,3571,1,2,3574,T
4-HA,801,3595,0,1,0,3596,A
4-HA,802,3575,2,1,0,3578,A
4-HA,803,1,3572,0,1,3574,T
4-HA,804,0,3482,1,1,3484,T
4-HA,805,3,3,3522,0,3528,G
4-HA,806,2,1,1,3638,3642,C
4-HA,807,0,3774,0,2,3776,T
4-HA,808,8,1,1,3888,3898,C
4-HA,809,5,1,1,3887,3894,C
4-HA,810,0,3885,0,4,3889,T
4-HA,811,3886,0,3,0,3889,A
4-HA,812,2,3,3900,0,3905,G
4-HA,813,0,13,3926,1,3940,G
4-HA,814,2,8,3931,0,3941,G
4-HA,815,1,2,3899,0,3902,G
4-HA,816,0,3795,0,2,3797,T
4-HA,817,0,3768,0,4,3772,T
4-HA,818,3779,0,3,0,3782,A
4-HA,819,0,1,0,3846,3847,C
4-HA,820,0,3833,1,6,3840,T
4-HA,821,0,3875,0,4,3879,T
4-HA,822,7,3,0,3855,3865,C
4-HA,823,3848,0,5,0,3853,A
4-HA,824,3849,0,4,0,3853,A
4-HA,825,3866,0,3,0,3869,A
4-HA,826,3901,0,2,1,3904,A
4-HA,827,0,3892,0,0,3892,T
4-HA,828,3857,1,1,1,3860,A
4-HA,829,0,1,0,3857,3858,C
4-HA,830,1,1,3845,0,3847,G
4-HA,831,3856,0,1,0,3857,A
4-HA,832,3849,0,3,1,3853,A
4-HA,833,1,0,3906,0,3907,G
4-HA,834,0,3904,0,2,3906,T
4-HA,835,1,4,3949,0,3954,G
4-HA,836,1,3,3959,0,3963,G
4-HA,837,1,7,3968,0,3976,G
4-HA,838,3959,0,9,0,3968,A
4-HA,839,3967,0,3,1,3971,A
4-HA,840,3963,0,11,1,3975,A
4-HA,841,3947,0,11,1,3959,A
4-HA,842,4,0,4054,0,4058,G
4-HA,843,0,0,0,4054,4054,C
4-HA,844,2,4019,1,9,4031,T
4-HA,845,14,1,0,4069,4084,C
4-HA,846,4090,0,1,0,4091,A
4-HA,847,4144,1,1,0,4146,A
4-HA,848,0,4149,0,0,4149,T
4-HA,849,4201,0,3,0,4204,A
4-HA,850,4202,1,3,1,4207,A
4-HA,851,2,4151,0,3,4156,T
4-HA,852,1,9,4162,0,4172,G
4-HA,853,4148,0,7,3,4158,A
4-HA,854,1,7,4295,0,4303,G
4-HA,855,4302,1,3,0,4306,A
4-HA,856,0,4281,1,6,4288,T
4-HA,857,12,1,0,4359,4372,C
4-HA,858,4363,0,2,0,4365,A
4-HA,859,0,1,4463,0,4464,G
4-HA,860,4468,0,4,0,4472,A
4-HA,861,2,4447,0,1,4450,T
4-HA,862,2,4,4432,0,4438,G
4-HA,863,1,2,1,4365,4369,C
4-HA,864,4365,0,10,0,4375,A
4-HA,865,0,0,0,4476,4476,C
4-HA,866,5,1,1,4435,4442,C
4-HA,867,10,3,0,4450,4463,C
4-HA,868,4403,1,4,0,4408,A
4-HA,869,2,4394,2,8,4406,T
4-HA,870,1,4395,0,5,4401,T
4-HA,871,0,13,4464,0,4477,G
4-HA,872,4,3,4470,0,4477,G
4-HA,873,1,0,0,4472,4473,C
4-HA,874,4402,0,4,0,4406,A
4-HA,875,4400,0,2,0,4402,A
4-HA,876,4469,1,1,0,4471,A
4-HA,877,0,4471,0,3,4474,T
4-HA,878,4,1,4484,0,4489,G
4-HA,879,4,1,0,4478,4483,C
4-HA,880,4456,1,2,0,4459,A
4-HA,881,4594,1,3,0,4598,A
4-HA,882,0,4589,0,3,4592,T
4-HA,883,0,4630,1,5,4636,T
4-HA,884,10,1,0,4629,4640,C
4-HA,885,1,4560,0,6,4567,T
4-HA,886,2,13,4598,0,4613,G
4-HA,887,4598,2,6,0,4606,A
4-HA,888,4625,0,5,0,4630,A
4-HA,889,1,4630,0,3,4634,T
4-HA,890,6,5,4602,0,4613,G
4-HA,891,1,3,0,4636,4640,C
4-HA,892,4619,0,2,0,4621,A
4-HA,893,0,4623,1,7,4631,T
4-HA,894,11,3,0,4610,4624,C
4-HA,895,4608,0,9,1,4618,A
4-HA,896,1,1,0,4816,4818,C
4-HA,897,1,4792,0,7,4800,T
4-HA,898,16,2,1,4799,4818,C
4-HA,899,5,0,1,4796,4802,C
4-HA,900,4853,0,2,1,4856,A
4-HA,901,4837,2,4,1,4844,A
4-HA,902,4827,1,8,2,4838,A
4-HA,903,0,4681,0,0,4681,T
4-HA,904,2,6,4701,0,4709,G
4-HA,905,1,11,4712,0,4724,G
4-HA,906,4720,1,5,1,4727,A
4-HA,907,4716,1,8,0,4725,A
4-HA,908,2,0,4737,0,4739,G
4-HA,909,1,2,0,4694,4697,C
4-HA,910,4693,0,0,0,4693,A
4-HA,911,0,4705,0,2,4707,T
4-HA,912,0,4692,0,4,4696,T
4-HA,913,10,2,0,4835,4847,C
4-HA,914,5,3,1,4807,4816,C
4-HA,915,11,1,0,4813,4825,C
4-HA,916,4828,0,1,0,4829,A
4-HA,917,4907,0,3,1,4911,A
4-HA,918,0,4960,1,2,4963,T
4-HA,919,0,21,4945,1,4967,G
4-HA,920,4939,2,12,0,4953,A
4-HA,921,0,1,0,4953,4954,C
4-HA,922,4832,1,1,0,4834,A
4-HA,923,4832,2,1,0,4835,A
4-HA,924,4822,0,6,0,4828,A
4-HA,925,1,1,0,4866,4868,C
4-HA,926,14,1,0,4819,4834,C
4-HA,927,4763,0,4,0,4767,A
4-HA,928,1,4778,0,2,4781,T
4-HA,929,0,4776,0,1,4777,T
4-HA,930,13,0,0,4774,4787,C
4-HA,931,9,1,0,4784,4794,C
4-HA,932,4784,1,1,0,4786,A
4-HA,933,4775,0,3,0,4778,A
4-HA,934,4783,1,3,2,4789,A
4-HA,935,4876,0,9,0,4885,A
4-HA,936,1,4870,0,2,4873,T
4-HA,937,3,1,4905,0,4909,G
4-HA,938,0,4902,1,1,4904,T
4-HA,939,4925,0,1,0,4926,A
4-HA,940,4919,0,5,0,4924,A
4-HA,941,4916,1,3,1,4921,A
4-HA,942,0,0,0,4946,4946,C
4-HA,943,4875,0,4,0,4879,A
4-HA,944,0,4,4936,0,4940,G
4-HA,945,2,6,4943,0,4951,G
4-HA,946,5041,3,7,0,5051,A
4-HA,947,2,5040,2,9,5053,T
4-HA,948,9,7,0,5068,5084,C
4-HA,949,5112,1,1,0,5114,A
4-HA,950,2,3,0,5306,5311,C
4-HA,951,5304,0,6,0,5310,A
4-HA,952,1,5482,2,0,5485,T
4-HA,953,5366,0,4,0,5370,A
4-HA,954,2,20,1,5311,5334,C
4-HA,955,1,4,5215,0,5220,G
4-HA,956,6,7,5239,0,5252,G
4-HA,957,4,9,5195,0,5208,G
4-HA,958,0,5,5220,0,5225,G
4-HA,959,0,2,0,5129,5131,C
4-HA,960,2,0,0,5106,5108,C
4-HA,961,0,5002,1,5,5008,T
4-HA,962,7,1,5461,1,5470,G
4-HA,963,5,5470,0,11,5486,T
4-HA,964,11,3,0,5504,5518,C
4-HA,965,3,6,2,5498,5509,C
4-HA,966,12,0,1,5493,5506,C
4-HA,967,5466,3,4,0,5473,A
4-HA,968,1,7,5514,1,5523,G
4-HA,969,5505,0,3,1,5509,A
4-HA,970,1,5502,0,1,5504,T
4-HA,971,5163,1,2,0,5166,A
4-HA,972,1,5097,0,4,5102,T
4-HA,973,1,2,5119,0,5122,G
4-HA,974,0,5103,0,7,5110,T
4-HA,975,0,5049,0,1,5050,T
4-HA,976,5089,0,1,0,5090,A
4-HA,977,5034,0,3,0,5037,A
4-HA,978,1,3,5104,0,5108,G
4-HA,979,1,6,0,5098,5105,C
4-HA,980,5028,1,1,0,5030,A
4-HA,981,5022,1,6,1,5030,A
4-HA,982,4988,0,4,0,4992,A
4-HA,983,4992,0,13,0,5005,A
4-HA,984,0,0,0,5022,5022,C
4-HA,985,4968,1,4,0,4973,A
4-HA,986,2,2,0,5014,5018,C
4-HA,987,0,4931,0,5,4936,T
4-HA,988,7,2,0,4957,4966,C
4-HA,989,1,4960,0,3,4964,T
4-HA,990,1,15,4996,0,5012,G
4-HA,991,5012,2,3,0,5017,A
4-HA,992,5002,1,2,1,5006,A
4-HA,993,5002,0,2,0,5004,A
4-HA,994,0,4977,1,2,4980,T
4-HA,995,1,4934,0,1,4936,T
4-HA,996,5,10,4969,0,4984,G
4-HA,997,2,2,4970,0,4974,G
4-HA,998,3,3,0,4975,4981,C
4-HA,999,4946,2,3,1,4952,A
4-HA,1000,4962,0,3,0,4965,A
4-HA,1001,0,0,0,4964,4964,C
4-HA,1002,4954,0,9,0,4963,A
4-HA,1003,1,11,5003,0,5015,G
4-HA,1004,0,11,4985,1,4997,G
4-HA,1005,3,7,4975,1,4986,G
4-HA,1006,4987,1,4,0,4992,A
4-HA,1007,0,4975,0,4,4979,T
4-HA,1008,4,2,4984,0,4990,G
4-HA,1009,1,2,0,4984,4987,C
4-HA,1010,2,14,4997,0,5013,G
4-HA,1011,5064,1,3,0,5068,A
4-HA,1012,4986,0,5,1,4992,A
4-HA,1013,5023,0,9,1,5033,A
4-HA,1014,1,4978,0,1,4980,T
4-HA,1015,2,3,5073,0,5078,G
4-HA,1016,3,5061,1,3,5068,T
4-HA,1017,5040,0,10,0,5050,A
4-HA,1018,3,1,1,5045,5050,C
4-HA,1019,7,7,1,5000,5015,C
4-HA,1020,4941,0,6,1,4948,A
4-HA,1021,0,12,4962,0,4974,G
4-HA,1022,4892,1,3,1,4897,A
4-HA,1023,1,12,4931,0,4944,G
4-HA,1024,4859,0,9,2,4870,A
4-HA,1025,4864,2,8,0,4874,A
4-HA,1026,4881,1,2,0,4884,A
4-HA,1027,0,0,0,4886,4886,C
4-HA,1028,4877,2,1,0,4880,A
4-HA,1029,4950,1,1,0,4952,A
4-HA,1030,4942,0,6,0,4948,A
4-HA,1031,1,1,0,4972,4974,C
4-HA,1032,2,4935,0,2,4939,T
4-HA,1033,4907,0,4,2,4913,A
4-HA,1034,1,5,4918,0,4924,G
4-HA,1035,4885,1,5,0,4891,A
4-HA,1036,1,7,4971,1,4980,G
4-HA,1037,1,2,4967,0,4970,G
4-HA,1038,2,0,0,4912,4914,C
4-HA,1039,4914,2,6,1,4923,A
4-HA,1040,0,4915,0,2,4917,T
4-HA,1041,4933,0,1,0,4934,A
4-HA,1042,2,4919,1,4,4926,T
4-HA,1043,1,4924,3,2,4930,T
4-HA,1044,0,4928,1,0,4929,T
4-HA,1045,2,10,4802,0,4814,G
4-HA,1046,6,0,4814,0,4820,G
4-HA,1047,0,7,1,4803,4811,C
4-HA,1048,0,3,4813,0,4816,G
4-HA,1049,2,1,0,4782,4785,C
4-HA,1050,4763,0,2,0,4765,A
4-HA,1051,4802,0,3,0,4805,A
4-HA,1052,1,4807,1,3,4812,T
4-HA,1053,14,3,0,4798,4815,C
4-HA,1054,5,4,4809,0,4818,G
4-HA,1055,4,7,0,4779,4790,C
4-HA,1056,4,6,4789,0,4799,G
4-HA,1057,2,7,4815,0,4824,G
4-HA,1058,3,0,4851,0,4854,G
4-HA,1059,1,4832,0,2,4835,T
4-HA,1060,1,4767,0,11,4779,T
4-HA,1061,0,4776,0,13,4789,T
4-HA,1062,8,0,0,4788,4796,C
4-HA,1063,4801,0,4,0,4805,A
4-HA,1064,1,4804,0,2,4807,T
4-HA,1065,4807,2,3,0,4812,A
4-HA,1066,1,10,4849,0,4860,G
4-HA,1067,4767,1,3,0,4771,A
4-HA,1068,4772,1,3,2,4778,A
4-HA,1069,4766,1,4,0,4771,A
4-HA,1070,4785,1,4,0,4790,A
4-HA,1071,0,4781,0,1,4782,T
4-HA,1072,1,12,4822,0,4835,G
4-HA,1073,1,1,4861,0,4863,G
4-HA,1074,0,4808,0,1,4809,T
4-HA,1075,0,4747,0,2,4749,T
4-HA,1076,10,5,4743,0,4758,G
4-HA,1077,1,7,4771,0,4779,G
4-HA,1078,0,3,4800,0,4803,G
4-HA,1079,4750,0,15,0,4765,A
4-HA,1080,1,8,4787,0,4796,G
4-HA,1081,8,9,4742,0,4759,G
4-HA,1082,2,13,4809,0,4824,G
4-HA,1083,4806,1,3,1,4811,A
4-HA,1084,4838,0,7,4,4849,A
4-HA,1085,0,4839,0,1,4840,T
4-HA,1086,3,4,4836,1,4844,G
4-HA,1087,2,4,4925,0,4931,G
4-HA,1088,0,4883,0,4,4887,T
4-HA,1089,1,8,4879,0,4888,G
4-HA,1090,2,9,4852,0,4863,G
4-HA,1091,4755,1,10,0,4766,A
4-HA,1092,1,4774,1,8,4784,T
4-HA,1093,1,9,4828,0,4838,G
4-HA,1094,0,1,4894,0,4895,G
4-HA,1095,0,4818,0,2,4820,T
4-HA,1096,2,4713,0,3,4718,T
4-HA,1097,2,13,4705,1,4721,G
4-HA,1098,1,3,4787,0,4791,G
4-HA,1099,2,4780,0,2,4784,T
4-HA,1100,4778,2,1,0,4781,A
4-HA,1101,1,5,0,4590,4596,C
4-HA,1102,0,5,4631,0,4636,G
4-HA,1103,0,0,4768,0,4768,G
4-HA,1104,1,4750,0,9,4760,T
4-HA,1105,1,4752,0,8,4761,T
4-HA,1106,0,4748,0,1,4749,T
4-HA,1107,8,6,0,4667,4681,C
4-HA,1108,4670,1,8,0,4679,A
4-HA,1109,2,8,4670,0,4680,G
4-HA,1110,0,0,4668,1,4669,G
4-HA,1111,2,4,0,4655,4661,C
4-HA,1112,4497,0,1,1,4499,A
4-HA,1113,2,4537,0,3,4542,T
4-HA,1114,12,0,1,4534,4547,C
4-HA,1115,4552,1,0,0,4553,A
4-HA,1116,4560,0,1,0,4561,A
4-HA,1117,4546,0,4,1,4551,A
4-HA,1118,4573,1,0,0,4574,A
4-HA,1119,0,4552,0,1,4553,T
4-HA,1120,0,4550,1,2,4553,T
4-HA,1121,10,3,0,4554,4567,C
4-HA,1122,6,4507,0,3,4516,T
4-HA,1123,0,2,4531,0,4533,G
4-HA,1124,4501,2,8,0,4511,A
4-HA,1125,0,6,4534,0,4540,G
4-HA,1126,1,7,4543,0,4551,G
4-HA,1127,4,7,4573,0,4584,G
4-HA,1128,4569,1,4,0,4574,A
4-HA,1129,4560,0,7,1,4568,A
4-HA,1130,0,4,4541,0,4545,G
4-HA,1131,4583,0,8,0,4591,A
4-HA,1132,1,9,4626,0,4636,G
4-HA,1133,0,14,4645,0,4659,G
4-HA,1134,4623,1,11,0,4635,A
4-HA,1135,0,6,0,4627,4633,C
4-HA,1136,4592,0,8,0,4600,A
4-HA,1137,4597,1,8,1,4607,A
4-HA,1138,0,2,4602,0,4604,G
4-HA,1139,0,3,0,4619,4622,C
4-HA,1140,4552,1,6,0,4559,A
4-HA,1141,2,0,4559,1,4562,G
4-HA,1142,2,3,1,4537,4543,C
4-HA,1143,4528,0,5,0,4533,A
4-HA,1144,2,9,4574,0,4585,G
4-HA,1145,4553,1,4,0,4558,A
4-HA,1146,0,4653,0,5,4658,T
4-HA,1147,8,0,0,4664,4672,C
4-HA,1148,3,4632,0,12,4647,T
4-HA,1149,16,1,0,4655,4672,C
4-HA,1150,4654,1,1,1,4657,A
4-HA,1151,4655,0,4,0,4659,A
4-HA,1152,4655,1,2,0,4658,A
4-HA,1153,4558,0,3,1,4562,A
4-HA,1154,1,2,4572,1,4576,G
4-HA,1155,1,4,0,4492,4497,C
4-HA,1156,4479,2,2,1,4484,A
4-HA,1157,3,1,0,4557,4561,C
4-HA,1158,1,4536,0,6,4543,T
4-HA,1159,11,1,0,4542,4554,C
4-HA,1160,4545,0,6,0,4551,A
4-HA,1161,4622,0,11,1,4634,A
4-HA,1162,1,1,4631,1,4634,G
4-HA,1163,0,6,0,4619,4625,C
4-HA,1164,4586,0,8,0,4594,A
4-HA,1165,2,1,4612,0,4615,G
4-HA,1166,2,1,0,4537,4540,C
4-HA,1167,4528,1,1,0,4530,A
4-HA,1168,4522,1,5,0,4528,A
4-HA,1169,1,4516,2,5,4524,T
4-HA,1170,10,2,1,4419,4432,C
4-HA,1171,1,17,4428,1,4447,G
4-HA,1172,4455,0,5,0,4460,A
4-HA,1173,0,4433,1,2,4436,T
4-HA,1174,22,0,0,4402,4424,C
4-HA,1175,4415,0,6,0,4421,A
4-HA,1176,4516,0,6,1,4523,A
4-HA,1177,4535,0,1,0,4536,A
4-HA,1178,2,4511,0,7,4520,T
4-HA,1179,21,0,0,4510,4531,C
4-HA,1180,4460,1,2,1,4464,A
4-HA,1181,4482,2,4,0,4488,A
4-HA,1182,2,4482,0,5,4489,T
4-HA,1183,4,8,4484,1,4497,G
4-HA,1184,2,3,4474,0,4479,G
4-HA,1185,1,8,4424,0,4433,G
4-HA,1186,4432,1,3,1,4437,A
4-HA,1187,4417,1,12,0,4430,A
4-HA,1188,3,0,4500,0,4503,G
4-HA,1189,3,2,1,4497,4503,C
4-HA,1190,1,4480,0,2,4483,T
4-HA,1191,2,13,4654,0,4669,G
4-HA,1192,4666,0,3,0,4669,A
4-HA,1193,4661,2,7,1,4671,A
4-HA,1194,2,4669,0,2,4673,T
4-HA,1195,4575,0,3,0,4578,A
4-HA,1196,0,7,4563,0,4570,G
4-HA,1197,4252,1,6,2,4261,A
4-HA,1198,1,4258,0,4,4263,T
4-HA,1199,3,4274,1,2,4280,T
4-HA,1200,2,12,4283,2,4299,G
4-HA,1201,4272,2,1,0,4275,A
4-HA,1202,0,4263,0,5,4268,T
4-HA,1203,10,2,1,4281,4294,C
4-HA,1204,3,4,4272,0,4279,G
4-HA,1205,1,6,4277,0,4284,G
4-HA,1206,3,5,4291,0,4299,G
4-HA,1207,4277,3,5,0,4285,A
4-HA,1208,4287,0,3,0,4290,A
4-HA,1209,4261,0,6,0,4267,A
4-HA,1210,4276,1,5,2,4284,A
4-HA,1211,0,3,0,4283,4286,C
4-HA,1212,9,0,0,4275,4284,C
4-HA,1213,4245,0,7,0,4252,A
4-HA,1214,4239,0,5,0,4244,A
4-HA,1215,1,3,1,4240,4245,C
4-HA,1216,2,10,4246,0,4258,G
4-HA,1217,4246,1,8,0,4255,A
4-HA,1218,2,6,4248,0,4256,G
4-HA,1219,4250,0,3,1,4254,A
4-HA,1220,4239,0,7,0,4246,A
4-HA,1221,4247,0,5,0,4252,A
4-HA,1222,0,4264,0,10,4274,T
4-HA,1223,1,4258,0,6,4265,T
4-HA,1224,10,2,0,4257,4269,C
4-HA,1225,9,4,0,4254,4267,C
4-HA,1226,4266,0,2,1,4269,A
4-HA,1227,2,4257,0,4,4263,T
4-HA,1228,6,1,0,4257,4264,C
4-HA,1229,4241,0,2,0,4243,A
4-HA,1230,1,2,4260,2,4265,G
4-HA,1231,4229,0,13,0,4242,A
4-HA,1232,1,4234,0,2,4237,T
4-HA,1233,0,4214,1,6,4221,T
4-HA,1234,3,11,4236,1,4251,G
4-HA,1235,4252,0,4,0,4256,A
4-HA,1236,4250,0,1,0,4251,A
4-HA,1237,4260,0,7,1,4268,A
4-HA,1238,4264,0,2,0,4266,A
4-HA,1239,4203,1,11,0,4215,A
4-HA,1240,2,18,4195,0,4215,G
4-HA,1241,4191,3,8,1,4203,A
4-HA,1242,4223,1,1,0,4225,A
4-HA,1243,0,4161,0,0,4161,T
4-HA,1244,1,4158,0,3,4162,T
4-HA,1245,11,0,0,4162,4173,C
4-HA,1246,0,4167,0,8,4175,T
4-HA,1247,10,1,0,4155,4166,C
4-HA,1248,4161,1,6,2,4170,A
4-HA,1249,0,3,4170,0,4173,G
4-HA,1250,4152,0,6,2,4160,A
4-HA,1251,4139,0,11,1,4151,A
4-HA,1252,1,2,4198,0,4201,G
4-HA,1253,1,4174,0,7,4182,T
4-HA,1254,15,2,0,4158,4175,C
4-HA,1255,2,7,4175,0,4184,G
4-HA,1256,4180,1,4,2,4187,A
4-HA,1257,4175,0,11,1,4187,A
4-HA,1258,1,7,4184,0,4192,G
4-HA,1259,3,6,4194,0,4203,G
4-HA,1260,1,11,4200,0,4212,G
4-HA,1261,4115,0,6,0,4121,A
4-HA,1262,1,13,4139,0,4153,G
4-HA,1263,4129,1,6,1,4137,A
4-HA,1264,4397,0,3,0,4400,A
4-HA,1265,1,4399,0,3,4403,T
4-HA,1266,0,4398,0,3,4401,T
4-HA,1267,9,1,1,4393,4404,C
4-HA,1268,4311,0,9,2,4322,A
4-HA,1269,4,5,4317,1,4327,G
4-HA,1270,0,16,4305,0,4321,G
4-HA,1271,4303,2,2,0,4307,A
4-HA,1272,0,0,0,4308,4308,C
4-HA,1273,5,1,0,3980,3986,C
4-HA,1274,1,3973,0,1,3975,T
4-HA,1275,1,3891,0,90,3982,T
4-HA,1276,1,15,3994,0,4010,G
4-HA,1277,4001,1,2,1,4005,A
4-HA,1278,0,8,4092,0,4100,G
4-HA,1279,4063,0,6,0,4069,A
4-HA,1280,3839,1,4,0,3844,A
4-HA,1281,3814,0,5,0,3819,A
4-HA,1282,0,3775,1,1,3777,T
4-HA,1283,3859,1,4,0,3864,A
4-HA,1284,2,3858,2,3,3865,T
4-HA,1285,2,1,3893,0,3896,G
4-HA,1286,1,3880,0,8,3889,T
4-HA,1287,1,3761,0,7,3769,T
4-HA,1288,2,4,3768,2,3776,G
4-HA,1289,3731,0,5,0,3736,A
4-HA,1290,2,3,3805,1,3811,G
4-HA,1291,0,11,3781,0,3792,G
4-HA,1292,3733,2,4,0,3739,A
4-HA,1293,1,3,0,3891,3895,C
4-HA,1294,3854,0,2,0,3856,A
4-HA,1295,0,2,0,3845,3847,C
4-HA,1296,0,3821,1,2,3824,T
4-HA,1297,4019,2,0,1,4022,A
4-HA,1298,4063,2,4,1,4070,A
4-HA,1299,4068,0,2,0,4070,A
4-HA,1300,4109,0,9,0,4118,A
4-HA,1301,0,4119,0,0,4119,T
4-HA,1302,3933,0,2,0,3935,A
4-HA,1303,0,5,3963,0,3968,G
4-HA,1304,3863,2,5,1,3871,A
4-HA,1305,1,3840,0,51,3892,T
4-HA,1306,4,0,0,3872,3876,C
4-HA,1307,1,3814,0,4,3819,T
4-HA,1308,5,0,0,3878,3883,C
4-HA,1309,2,3872,0,4,3878,T
4-HA,1310,1,8,3948,1,3958,G
4-HA,1311,1,2,4023,0,4026,G
4-HA,1312,1,4012,1,7,4021,T
4-HA,1313,18,1,0,4009,4028,C
4-HA,1314,4063,1,1,0,4065,A
4-HA,1315,0,4066,0,6,4072,T
4-HA,1316,4073,1,3,0,4077,A
4-HA,1317,1,3,0,4070,4074,C
4-HA,1318,3970,0,5,0,3975,A
4-HA,1319,3982,0,4,0,3986,A
4-HA,1320,0,4,0,3892,3896,C
4-HA,1321,2,1,3897,0,3900,G
4-HA,1322,1,2,0,3897,3900,C
4-HA,1323,7,6,3868,0,3881,G
4-HA,1324,1,6,3887,0,3894,G
4-HA,1325,3883,3,2,0,3888,A
4-HA,1326,1,2,3938,0,3941,G
4-HA,1327,1,2,0,3944,3947,C
4-HA,1328,0,3917,0,9,3926,T
4-HA,1329,0,3941,0,6,3947,T
4-HA,1330,1,2,0,3951,3954,C
4-HA,1331,1,3958,1,9,3969,T
4-HA,1332,1,3962,0,6,3969,T
4-HA,1333,0,0,3958,0,3958,G
4-HA,1334,0,3928,1,11,3940,T
4-HA,1335,1,3876,1,4,3882,T
4-HA,1336,0,0,3941,0,3941,G
4-HA,1337,2,2,0,3933,3937,C
4-HA,1338,8,2,0,3905,3915,C
4-HA,1339,5,1,0,3941,3947,C
4-HA,1340,0,3921,0,7,3928,T
4-HA,1341,2,3,3965,0,3970,G
4-HA,1342,0,7,3972,0,3979,G
4-HA,1343,3964,2,8,0,3974,A
4-HA,1344,0,11,3986,0,3997,G
4-HA,1345,3921,1,5,0,3927,A
4-HA,1346,3938,0,8,0,3946,A
4-HA,1347,3,3,0,3987,3993,C
4-HA,1348,8,2,0,3983,3993,C
4-HA,1349,3977,0,7,0,3984,A
4-HA,1350,4103,0,5,1,4109,A
4-HA,1351,0,3,0,4108,4111,C
4-HA,1352,4132,0,5,0,4137,A
4-HA,1353,0,4125,0,1,4126,T
4-HA,1354,4104,2,4,1,4111,A
4-HA,1355,2,1,0,4170,4173,C
4-HA,1356,4098,1,0,0,4099,A
4-HA,1357,4098,1,0,1,4100,A
4-HA,1358,1,4090,0,2,4093,T
4-HA,1359,0,3952,0,3,3955,T
4-HA,1360,3,11,3986,0,4000,G
4-HA,1361,4024,0,1,0,4025,A
4-HA,1362,0,4015,0,5,4020,T
4-HA,1363,11,2,0,4018,4031,C
4-HA,1364,1,3936,0,6,3943,T
4-HA,1365,3975,0,0,0,3975,A
4-HA,1366,3972,0,1,0,3973,A
4-HA,1367,1,0,0,3966,3967,C
4-HA,1368,0,3938,1,3,3942,T
4-HA,1369,0,23,3892,0,3915,G
4-HA,1370,3931,1,7,0,3939,A
4-HA,1371,1,1,0,3946,3948,C
4-HA,1372,1,3927,0,9,3937,T
4-HA,1373,4,1,0,3940,3945,C
4-HA,1374,3927,0,2,0,3929,A
4-HA,1375,5,14,3981,0,4000,G
4-HA,1376,3986,1,4,0,3991,A
4-HA,1377,3988,0,7,0,3995,A
4-HA,1378,3997,0,4,0,4001,A
4-HA,1379,1,3962,1,1,3965,T
4-HA,1380,3,25,3986,0,4014,G
4-HA,1381,4015,0,6,0,4021,A
4-HA,1382,3999,1,18,0,4018,A
4-HA,1383,0,1,0,4021,4022,C
4-HA,1384,3957,0,1,1,3959,A
4-HA,1385,3951,1,0,1,3953,A
4-HA,1386,3950,1,3,2,3956,A
4-HA,1387,0,0,0,3975,3975,C
4-HA,1388,1,3942,0,1,3944,T
4-HA,1389,0,0,3958,0,3958,G
4-HA,1390,1,3907,1,5,3914,T
4-HA,1391,2,3901,1,4,3908,T
4-HA,1392,0,3913,0,6,3919,T
4-HA,1393,0,8,3911,0,3919,G
4-HA,1394,3908,0,6,1,3915,A
4-HA,1395,3913,0,0,0,3913,A
4-HA,1396,3891,2,5,0,3898,A
4-HA,1397,3898,0,1,0,3899,A
4-HA,1398,3875,0,1,0,3876,A
4-HA,1399,3883,2,6,1,3892,A
4-HA,1400,0,1,1,3904,3906,C
4-HA,1401,3902,0,2,0,3904,A
4-HA,1402,3902,1,2,0,3905,A
4-HA,1403,3902,0,3,0,3905,A
4-HA,1404,0,6,3917,0,3923,G
4-HA,1405,3934,3,4,0,3941,A
4-HA,1406,3912,1,11,0,3924,A
4-HA,1407,2,0,3931,1,3934,G
4-HA,1408,2,0,0,3929,3931,C
4-HA,1409,3925,0,5,1,3931,A
4-HA,1410,3936,0,3,0,3939,A
4-HA,1411,0,2,0,3932,3934,C
4-HA,1412,1,3922,0,3,3926,T
4-HA,1413,1,5,3946,1,3953,G
4-HA,1414,3917,0,8,0,3925,A
4-HA,1415,0,7,3958,1,3966,G
4-HA,1416,1,6,3979,0,3986,G
4-HA,1417,2,11,3966,0,3979,G
4-HA,1418,3980,0,6,0,3986,A
4-HA,1419,3961,0,7,0,3968,A
4-HA,1420,3962,0,6,0,3968,A
4-HA,1421,3990,1,1,0,3992,A
4-HA,1422,1,3975,0,0,3976,T
4-HA,1423,0,4,3994,0,3998,G
4-HA,1424,1,0,0,3998,3999,C
4-HA,1425,0,3948,1,6,3955,T
4-HA,1426,2,2,3964,0,3968,G
4-HA,1427,3958,0,7,0,3965,A
4-HA,1428,0,4,4155,0,4159,G
4-HA,1429,2,5,4209,0,4216,G
4-HA,1430,4165,0,4,0,4169,A
4-HA,1431,0,4158,0,2,4160,T
4-HA,1432,4124,0,6,0,4130,A
4-HA,1433,0,4105,1,6,4112,T
4-HA,1434,1,5,4149,0,4155,G
4-HA,1435,0,6,4183,0,4189,G
4-HA,1436,0,3,4187,0,4190,G
4-HA,1437,3,3,0,4002,4008,C
4-HA,1438,3935,0,2,0,3937,A
4-HA,1439,3930,1,8,0,3939,A
4-HA,1440,1,3928,0,2,3931,T
4-HA,1441,2,11,3936,0,3949,G
4-HA,1442,0,0,3953,0,3953,G
4-HA,1443,0,3910,0,3,3913,T
4-HA,1444,2,3836,0,3,3841,T
4-HA,1445,3,0,3848,0,3851,G
4-HA,1446,3,3867,0,4,3874,T
4-HA,1447,2,3851,0,7,3860,T
4-HA,1448,0,3871,0,5,3876,T
4-HA,1449,10,1,0,3868,3879,C
4-HA,1450,3871,0,1,0,3872,A
4-HA,1451,3886,0,0,0,3886,A
4-HA,1452,3886,0,3,0,3889,A
4-HA,1453,3927,0,3,0,3930,A
4-HA,1454,0,3914,0,2,3916,T
4-HA,1455,3889,0,2,0,3891,A
4-HA,1456,2,3891,1,0,3894,T
4-HA,1457,3889,1,3,0,3893,A
4-HA,1458,2,2,0,3940,3944,C
4-HA,1459,1,3,0,3915,3919,C
4-HA,1460,3921,1,3,0,3925,A
4-HA,1461,0,1,0,3931,3932,C
4-HA,1462,3930,0,0,1,3931,A
4-HA,1463,3943,0,1,0,3944,A
4-HA,1464,3944,0,1,0,3945,A
4-HA,1465,0,3925,1,14,3940,T
4-HA,1466,1,1,3953,0,3955,G
4-HA,1467,0,3905,0,2,3907,T
4-HA,1468,2,11,3926,1,3940,G
4-HA,1469,3932,0,4,1,3937,A
4-HA,1470,2,4,0,3925,3931,C
4-HA,1471,3874,1,1,0,3876,A
4-HA,1472,3871,0,2,1,3874,A
4-HA,1473,0,3892,0,8,3900,T
4-HA,1474,1,2,3929,0,3932,G
4-HA,1475,1,2,2,3898,3903,C
4-HA,1476,4,2,0,3910,3916,C
4-HA,1477,5,3879,0,6,3890,T
4-HA,1478,1,1,4010,0,4012,G
4-HA,1479,1,1,0,4006,4008,C
4-HA,1480,4003,0,6,1,4010,A
4-HA,1481,0,4003,1,4,4008,T
4-HA,1482,3861,1,2,0,3864,A
4-HA,1483,2,3,3878,0,3883,G
4-HA,1484,3,10,3864,0,3877,G
4-HA,1485,3855,0,2,1,3858,A
4-HA,1486,0,3846,0,4,3850,T
4-HA,1487,11,2,0,3655,3668,C
4-HA,1488,3668,0,0,0,3668,A
4-HA,1489,3668,1,4,0,3673,A
4-HA,1490,0,3668,0,2,3670,T
4-HA,1491,11,3,0,3659,3673,C
4-HA,1492,3597,1,8,0,3606,A
4-HA,1493,1,7,3627,0,3635,G
4-HA,1494,3634,1,1,0,3636,A
4-HA,1495,3634,1,0,0,3635,A
4-HA,1496,3630,0,4,0,3634,A
4-HA,1497,0,3618,1,2,3621,T
4-HA,1498,1,4,3604,0,3609,G
4-HA,1499,3,10,3602,0,3615,G
4-HA,1500,3607,1,6,1,3615,A
4-HA,1501,3630,1,6,0,3637,A
4-HA,1502,2,0,0,3618,3620,C
4-HA,1503,2,3569,0,3,3574,T
4-HA,1504,0,3572,1,3,3576,T
4-HA,1505,3577,0,6,0,3583,A
4-HA,1506,1,3579,0,1,3581,T
4-HA,1507,2,12,3563,2,3579,G
4-HA,1508,3551,1,8,0,3560,A
4-HA,1509,1,0,0,3560,3561,C
4-HA,1510,8,2,0,3499,3509,C
4-HA,1511,3503,0,3,0,3506,A
4-HA,1512,0,2,0,3567,3569,C
4-HA,1513,1,7,3659,0,3667,G
4-HA,1514,3698,0,7,0,3705,A
4-HA,1515,0,3738,0,4,3742,T
4-HA,1516,1,0,3852,0,3853,G
4-HA,1517,0,3821,0,4,3825,T
4-HA,1518,3927,0,3,0,3930,A
4-HA,1519,0,3926,0,1,3927,T
4-HA,1520,3912,0,4,0,3916,A
4-HA,1521,0,1,0,3909,3910,C
4-HA,1522,3502,0,6,0,3508,A
4-HA,1523,0,5,3544,0,3549,G
4-HA,1524,3350,0,6,0,3356,A
4-HA,1525,0,4,3244,0,3248,G
4-HA,1526,3227,0,3,0,3230,A
4-HA,1527,0,3037,0,1,3038,T
4-HA,1528,3,3,3025,0,3031,G
4-HA,1529,3025,1,3,0,3029,A
4-HA,1530,3002,1,11,0,3014,A
4-HA,1531,0,2,3065,0,3067,G
4-HA,1532,2,0,0,3001,3003,C
4-HA,1533,2990,0,1,0,2991,A
4-HA,1534,4,2957,0,1,2962,T
4-HA,1535,0,2958,0,0,2958,T
4-HA,1536,2962,0,3,0,2965,A
4-HA,1537,2961,0,1,0,2962,A
4-HA,1538,2961,0,3,0,2964,A
4-HA,1539,0,2,0,2959,2961,C
4-HA,1540,2843,0,2,0,2845,A
4-HA,1541,2849,0,2,0,2851,A
4-HA,1542,0,0,0,2851,2851,C
4-HA,1543,4,2,0,2825,2831,C
4-HA,1544,5,7,2824,0,2836,G
4-HA,1545,1,2,2852,0,2855,G
4-HA,1546,0,2849,0,6,2855,T
4-HA,1547,0,2839,0,5,2844,T
4-HA,1548,0,2813,0,4,2817,T
4-HA,1549,4,2,0,2818,2824,C
4-HA,1550,2822,1,5,0,2828,A
4-HA,1551,0,9,2844,0,2853,G
4-HA,1552,2845,0,1,0,2846,A
4-HA,1553,0,2840,0,3,2843,T
4-HA,1554,11,1,0,2756,2768,C
4-HA,1555,2741,0,0,1,2742,A
4-HA,1556,2750,0,2,0,2752,A
4-HA,1557,0,2,2753,0,2755,G
4-HA,1558,0,3,2739,1,2743,G
4-HA,1559,0,10,2737,0,2747,G
4-HA,1560,2653,0,10,1,2664,A
4-HA,1561,1,0,2684,0,2685,G
4-HA,1562,0,2680,0,4,2684,T
4-HA,1563,0,2681,0,1,2682,T
4-HA,1564,1,6,2690,0,2697,G
4-HA,1565,2666,1,2,0,2669,A
4-HA,1566,1,0,2688,0,2689,G
4-HA,1567,0,1,0,2684,2685,C
4-HA,1568,1,2639,0,9,2649,T
4-HA,1569,1,6,2653,0,2660,G
4-HA,1570,2641,1,2,0,2644,A
4-HA,1571,2648,0,5,0,2653,A
4-HA,1572,0,0,2653,0,2653,G
4-HA,1573,1,2599,0,1,2601,T
4-HA,1574,13,0,0,2587,2600,C
4-HA,1575,2551,1,3,0,2555,A
4-HA,1576,0,8,2546,0,2554,G
4-HA,1577,0,8,2538,0,2546,G
4-HA,1578,0,2,2484,0,2486,G
4-HA,1579,1,2549,0,2,2552,T
4-HA,1580,2556,0,2,0,2558,A
4-HA,1581,2,2,0,2554,2558,C
4-HA,1582,2551,0,2,0,2553,A
4-HA,1583,2549,0,3,0,2552,A
4-HA,1584,2537,0,4,0,2541,A
4-HA,1585,0,5,2551,0,2556,G
4-HA,1586,2490,0,0,0,2490,A
4-HA,1587,1,2420,0,4,2425,T
4-HA,1588,1,2377,0,0,2378,T
4-HA,1589,0,5,2361,0,2366,G
4-HA,1590,0,8,2356,0,2364,G
4-HA,1591,2366,1,0,0,2367,A
4-HA,1592,0,2371,0,1,2372,T
4-HA,1593,8,0,0,2341,2349,C
4-HA,1594,3,0,0,2288,2291,C
4-HA,1595,0,2257,0,3,2260,T
4-HA,1596,2269,0,0,0,2269,A
4-HA,1597,0,2264,0,1,2265,T
4-HA,1598,2,2,2257,1,2262,G
4-HA,1599,0,4,2262,0,2266,G
4-HA,1600,2211,0,1,0,2212,A
4-HA,1601,1,2202,0,3,2206,T
4-HA,1602,0,2169,1,4,2174,T
4-HA,1603,0,2169,0,2,2171,T
4-HA,1604,7,0,0,2162,2169,C
4-HA,1605,2,1,0,2148,2151,C
4-HA,1606,0,2107,0,2,2109,T
4-HA,1607,0,2104,0,0,2104,T
4-HA,1608,2,2084,1,5,2092,T
4-HA,1609,2,0,2099,0,2101,G
4-HA,1610,1,1,0,2098,2100,C
4-HA,1611,10,1,0,2089,2100,C
4-HA,1612,2053,0,3,0,2056,A
4-HA,1613,2,2042,0,2,2046,T
4-HA,1614,2055,0,1,0,2056,A
4-HA,1615,0,2049,0,4,2053,T
4-HA,1616,3,0,0,2047,2050,C
4-HA,1617,2044,1,1,1,2047,A
4-HA,1618,0,2005,0,8,2013,T
4-HA,1619,0,0,2020,0,2020,G
4-HA,1620,0,2009,0,0,2009,T
4-HA,1621,0,1992,1,1,1994,T
4-HA,1622,0,1988,0,4,1992,T
4-HA,1623,1,1943,1,2,1947,T
4-HA,1624,0,1941,0,3,1944,T
4-HA,1625,1,1938,0,3,1942,T
4-HA,1626,4,0,1945,0,1949,G
4-HA,1627,0,2,0,1941,1943,C
4-HA,1628,0,1867,0,1,1868,T
4-HA,1629,0,1870,0,3,1873,T
4-HA,1630,0,1863,0,0,1863,T
4-HA,1631,0,0,1889,1,1890,G
4-HA,1632,0,1884,0,2,1886,T
4-HA,1633,0,0,1889,0,1889,G
4-HA,1634,0,1879,0,6,1885,T
4-HA,1635,0,1844,1,2,1847,T
4-HA,1636,2,0,1843,0,1845,G
4-HA,1637,0,0,0,1848,1848,C
4-HA,1638,0,1821,1,7,1829,T
4-HA,1639,0,1837,0,2,1839,T
4-HA,1640,0,1728,0,0,1728,T
4-HA,1641,0,0,1733,1,1734,G
4-HA,1642,0,1727,0,0,1727,T
4-HA,1643,0,1720,0,2,1722,T
4-HA,1644,2,3,1712,0,1717,G
4-HA,1645,0,3,1680,0,1683,G
4-HA,1646,0,1,1682,0,1683,G
4-HA,1647,0,0,1690,0,1690,G
4-HA,1648,0,1641,0,6,1647,T
4-HA,1649,1,1630,0,2,1633,T
4-HA,1650,10,0,0,1590,1600,C
4-HA,1651,1575,0,3,0,1578,A
4-HA,1652,0,1578,0,2,1580,T
4-HA,1653,7,1,1,1568,1577,C
4-HA,1654,1553,0,7,0,1560,A
4-HA,1655,0,1503,0,1,1504,T
4-HA,1656,1,1,1488,0,1490,G
4-HA,1657,0,1450,0,1,1451,T
4-HA,1658,0,5,1428,0,1433,G
4-HA,1659,1,2,1404,0,1407,G
4-HA,1660,0,0,1398,0,1398,G
4-HA,1661,2,0,0,1370,1372,C
4-HA,1662,0,0,0,1329,1329,C
4-HA,1663,1,1242,0,5,1248,T
4-HA,1664,1,0,1251,0,1252,G
4-HA,1665,2,3,0,1244,1249,C
4-HA,1666,3,0,0,1248,1251,C
4-HA,1667,1248,0,2,0,1250,A
4-HA,1668,1238,0,1,0,1239,A
4-HA,1669,1233,0,1,0,1234,A
4-HA,1670,1233,0,1,0,1234,A
4-HA,1671,1227,0,2,0,1229,A
4-HA,1672,0,3,1222,0,1225,G
4-HA,1673,2,1,1176,0,1179,G
4-HA,1674,2,3,0,1153,1158,C
4-HA,1675,1152,0,3,0,1155,A
4-HA,1676,1159,0,3,0,1162,A
4-HA,1677,0,0,1,1157,1158,C
4-HA,1678,1158,0,0,0,1158,A
4-HA,1679,1,1152,0,1,1154,T
4-HA,1680,0,1138,0,0,1138,T
4-HA,1681,1096,0,1,0,1097,A
4-HA,1682,0,1,1084,0,1085,G
4-HA,1683,1,0,1080,0,1081,G
4-HA,1684,0,1041,0,4,1045,T
4-HA,1685,4,0,972,0,976,G
4-HA,1686,1,0,0,934,935,C
4-HA,1687,917,0,0,0,917,A
4-HA,1688,916,0,0,0,916,A
4-HA,1689,0,0,0,917,917,C
4-HA,1690,906,0,0,0,906,A
4-HA,1691,0,881,0,1,882,T
4-HA,1692,0,819,0,0,819,T
4-HA,1693,0,817,0,0,817,T
4-HA,1694,0,0,816,0,816,G
4-HA,1695,0,1,0,804,805,C
4-HA,1696,795,0,1,0,796,A
4-HA,1697,0,752,0,0,752,T
4-HA,1698,1,715,1,1,718,T
4-HA,1699,0,689,0,0,689,T
4-HA,1700,0,0,686,0,686,G
4-HA,1701,656,0,0,0,656,A
5-NP,1,514,0,0,0,514,A
5-NP,2,0,515,0,0,515,T
5-NP,3,0,0,512,0,512,G
5-NP,4,2,0,515,0,517,G
5-NP,5,0,0,0,521,521,C
5-NP,6,0,0,540,0,540,G
5-NP,7,0,571,0,1,572,T
5-NP,8,1,0,0,581,582,C
5-NP,9,1,0,0,585,586,C
5-NP,10,0,0,0,587,587,C
5-NP,11,588,0,2,0,590,A
5-NP,12,586,0,1,0,587,A
5-NP,13,0,0,596,0,596,G
5-NP,14,0,1,622,0,623,G
5-NP,15,0,1,0,623,624,C
5-NP,16,628,0,0,1,629,A
5-NP,17,0,0,0,637,637,C
5-NP,18,1,0,0,637,638,C
5-NP,19,642,0,0,0,642,A
5-NP,20,640,0,0,0,640,A
5-NP,21,641,0,0,0,641,A
5-NP,22,0,0,0,645,645,C
5-NP,23,0,0,653,0,653,G
5-NP,24,0,0,731,0,731,G
5-NP,25,0,733,0,0,733,T
5-NP,26,1,0,0,794,795,C
5-NP,27,0,794,0,1,795,T
5-NP,28,0,802,0,0,802,T
5-NP,29,801,0,1,0,802,A
5-NP,30,1,801,0,1,803,T
5-NP,31,0,4,810,0,814,G
5-NP,32,809,1,2,0,812,A
5-NP,33,805,0,0,0,805,A
5-NP,34,0,0,0,809,809,C
5-NP,35,800,0,0,0,800,A
5-NP,36,0,2,878,0,880,G
5-NP,37,874,0,0,0,874,A
5-NP,38,0,879,0,0,879,T
5-NP,39,0,0,877,0,877,G
5-NP,40,0,1,879,0,880,G
5-NP,41,878,1,1,1,881,A
5-NP,42,883,0,1,1,885,A
5-NP,43,884,0,2,0,886,A
5-NP,44,0,0,0,918,918,C
5-NP,45,0,908,0,1,909,T
5-NP,46,1,1,917,0,919,G
5-NP,47,918,0,1,0,919,A
5-NP,48,0,912,0,2,914,T
5-NP,49,0,0,915,0,915,G
5-NP,50,1,1,917,0,919,G
5-NP,51,0,2,918,0,920,G
5-NP,52,0,3,917,0,920,G
5-NP,53,916,0,1,0,917,A
5-NP,54,0,917,0,1,918,T
5-NP,55,1,0,0,921,922,C
5-NP,56,0,0,925,0,925,G
5-NP,57,1,0,0,935,936,C
5-NP,58,0,0,0,938,938,C
5-NP,59,933,0,0,0,933,A
5-NP,60,0,2,949,0,951,G
5-NP,61,947,1,1,0,949,A
5-NP,62,959,0,1,0,960,A
5-NP,63,0,959,0,1,960,T
5-NP,64,0,0,963,1,964,G
5-NP,65,0,1,0,975,976,C
5-NP,66,973,0,1,0,974,A
5-NP,67,986,0,2,0,988,A
5-NP,68,0,0,0,989,989,C
5-NP,69,0,987,0,1,988,T
5-NP,70,0,4,992,0,996,G
5-NP,71,1012,0,1,0,1013,A
5-NP,72,0,3,1060,0,1063,G
5-NP,73,1057,0,2,0,1059,A
5-NP,74,0,1058,0,0,1058,T
5-NP,75,0,1060,0,0,1060,T
5-NP,76,1054,0,3,0,1057,A
5-NP,77,0,0,1057,0,1057,G
5-NP,78,0,3,1056,0,1059,G
5-NP,79,0,1,1056,0,1057,G
5-NP,80,1,1,0,1040,1042,C
5-NP,81,1033,0,2,0,1035,A
5-NP,82,0,1037,0,2,1039,T
5-NP,83,1,0,0,1042,1043,C
5-NP,84,1,0,0,1045,1046,C
5-NP,85,1,0,1058,0,1059,G
5-NP,86,0,1055,0,1,1056,T
5-NP,87,0,0,0,1057,1057,C
5-NP,88,1,4,1051,0,1056,G
5-NP,89,0,2,1057,0,1059,G
5-NP,90,0,2,1063,0,1065,G
5-NP,91,1059,1,0,1,1061,A
5-NP,92,1064,1,1,0,1066,A
5-NP,93,0,1,1073,0,1074,G
5-NP,94,1072,0,2,0,1074,A
5-NP,95,0,1079,0,0,1079,T
5-NP,96,0,3,1082,0,1085,G
5-NP,97,1094,0,2,0,1096,A
5-NP,98,0,1100,0,0,1100,T
5-NP,99,0,1104,0,0,1104,T
5-NP,100,0,2,1102,0,1104,G
5-NP,101,1095,0,5,0,1100,A
5-NP,102,1,1096,0,1,1098,T
5-NP,103,0,0,1094,0,1094,G
5-NP,104,0,1,1090,0,1091,G
5-NP,105,0,1,1086,0,1087,G
5-NP,106,1151,0,0,0,1151,A
5-NP,107,1,1148,0,1,1150,T
5-NP,108,0,1152,0,2,1154,T
5-NP,109,0,2,1155,0,1157,G
5-NP,110,0,1,1160,0,1161,G
5-NP,111,0,3,1165,0,1168,G
5-NP,112,1159,2,2,0,1163,A
5-NP,113,0,2,1162,0,1164,G
5-NP,114,1159,1,0,0,1160,A
5-NP,115,0,1171,0,4,1175,T
5-NP,116,0,1178,0,0,1178,T
5-NP,117,3,0,0,1180,1183,C
5-NP,118,0,1179,0,1,1180,T
5-NP,119,1194,0,0,0,1194,A
5-NP,120,0,1,0,1200,1201,C
5-NP,121,1240,0,0,0,1240,A
5-NP,122,0,1253,0,1,1254,T
5-NP,123,1,0,0,1247,1248,C
5-NP,124,2,1,0,1252,1255,C
5-NP,125,1259,0,0,0,1259,A
5-NP,126,1274,0,2,0,1276,A
5-NP,127,1273,0,0,0,1273,A
5-NP,128,1,1268,0,0,1269,T
5-NP,129,0,1,1268,2,1271,G
5-NP,130,0,1257,0,1,1258,T
5-NP,131,1,1,1264,0,1266,G
5-NP,132,0,1,1,1267,1269,C
5-NP,133,1264,0,0,0,1264,A
5-NP,134,0,0,0,1268,1268,C
5-NP,135,0,1250,0,0,1250,T
5-NP,136,0,5,1300,0,1305,G
5-NP,137,1309,0,2,0,1311,A
5-NP,138,1332,0,1,0,1333,A
5-NP,139,1,2,0,1345,1348,C
5-NP,140,0,1336,0,3,1339,T
5-NP,141,0,1337,1,0,1338,T
5-NP,142,1337,1,0,0,1338,A
5-NP,143,1334,1,2,0,1337,A
5-NP,144,1339,0,2,0,1341,A
5-NP,145,0,0,0,1347,1347,C
5-NP,146,0,1313,0,0,1313,T
5-NP,147,3,0,0,1316,1319,C
5-NP,148,1302,1,3,0,1306,A
5-NP,149,1,0,1329,0,1330,G
5-NP,150,0,1326,2,1,1329,T
5-NP,151,0,10,1333,0,1343,G
5-NP,152,1362,0,3,0,1365,A
5-NP,153,0,1361,1,3,1365,T
5-NP,154,5,1,0,1376,1382,C
5-NP,155,1382,1,2,0,1385,A
5-NP,156,0,1384,2,1,1387,T
5-NP,157,1,3,1379,0,1383,G
5-NP,158,1378,0,1,0,1379,A
5-NP,159,1380,0,1,0,1381,A
5-NP,160,0,0,1388,0,1388,G
5-NP,161,0,0,1379,0,1379,G
5-NP,162,0,0,1382,0,1382,G
5-NP,163,0,1,0,1368,1369,C
5-NP,164,1,2,1374,0,1377,G
5-NP,165,1,1,1385,0,1387,G
5-NP,166,1,1383,0,1,1385,T
5-NP,167,0,1382,1,3,1386,T
5-NP,168,0,6,1380,0,1386,G
5-NP,169,1507,0,6,0,1513,A
5-NP,170,0,1510,1,2,1513,T
5-NP,171,6,0,0,1513,1519,C
5-NP,172,4,1,0,1511,1516,C
5-NP,173,1509,1,1,0,1511,A
5-NP,174,1,10,1508,0,1519,G
5-NP,175,1512,0,1,0,1513,A
5-NP,176,1512,0,3,0,1515,A
5-NP,177,0,0,0,1525,1525,C
5-NP,178,1439,0,1,0,1440,A
5-NP,179,0,0,1457,0,1457,G
5-NP,180,0,1,0,1457,1458,C
5-NP,181,0,1461,1,0,1462,T
5-NP,182,0,1471,1,0,1472,T
5-NP,183,0,6,1471,0,1477,G
5-NP,184,1479,0,6,1,1486,A
5-NP,185,0,1,0,1493,1494,C
5-NP,186,1482,1,2,1,1486,A
5-NP,187,1493,0,4,0,1497,A
5-NP,188,2,1482,0,0,1484,T
5-NP,189,1486,0,1,0,1487,A
5-NP,190,0,1,1493,1,1495,G
5-NP,191,1486,2,2,0,1490,A
5-NP,192,0,2,1492,0,1494,G
5-NP,193,1491,1,0,0,1492,A
5-NP,194,1504,1,0,0,1505,A
5-NP,195,1503,0,0,0,1503,A
5-NP,196,1504,0,1,0,1505,A
5-NP,197,0,1498,0,3,1501,T
5-NP,198,1,2,1490,0,1493,G
5-NP,199,3,1,1488,0,1492,G
5-NP,200,0,1484,0,1,1485,T
5-NP,201,1466,0,2,1,1469,A
5-NP,202,0,0,0,1481,1481,C
5-NP,203,0,1478,0,0,1478,T
5-NP,204,2,0,0,1487,1489,C
5-NP,205,0,1476,0,6,1482,T
5-NP,206,5,1,0,1479,1485,C
5-NP,207,0,2,1477,0,1479,G
5-NP,208,0,0,1487,0,1487,G
5-NP,209,0,0,1,1481,1482,C
5-NP,210,0,1480,1,1,1482,T
5-NP,211,0,1482,2,0,1484,T
5-NP,212,0,1481,1,0,1482,T
5-NP,213,0,1485,1,0,1486,T
5-NP,214,2,2,1493,0,1497,G
5-NP,215,1492,0,0,1,1493,A
5-NP,216,0,1490,0,2,1492,T
5-NP,217,0,5,1480,0,1485,G
5-NP,218,1485,0,0,0,1485,A
5-NP,219,1486,0,1,0,1487,A
5-NP,220,1491,0,2,0,1493,A
5-NP,221,0,2,1489,1,1492,G
5-NP,222,1494,0,2,0,1496,A
5-NP,223,1493,0,3,0,1496,A
5-NP,224,0,1,1504,0,1505,G
5-NP,225,0,3,1541,0,1544,G
5-NP,226,1551,0,2,0,1553,A
5-NP,227,1562,0,1,0,1563,A
5-NP,228,0,1559,0,0,1559,T
5-NP,229,1566,0,1,0,1567,A
5-NP,230,1562,1,2,0,1565,A
5-NP,231,1569,0,0,0,1569,A
5-NP,232,0,1568,0,0,1568,T
5-NP,233,1568,0,2,0,1570,A
5-NP,234,0,1,0,1564,1565,C
5-NP,235,2,0,0,1546,1548,C
5-NP,236,0,1542,0,2,1544,T
5-NP,237,0,2,1552,0,1554,G
5-NP,238,0,2,1573,0,1575,G
5-NP,239,1574,0,0,0,1574,A
5-NP,240,1570,0,2,0,1572,A
5-NP,241,0,2,1591,0,1593,G
5-NP,242,1579,0,1,0,1580,A
5-NP,243,1573,0,1,0,1574,A
5-NP,244,0,0,0,1571,1571,C
5-NP,245,1572,0,1,0,1573,A
5-NP,246,1,0,0,1620,1621,C
5-NP,247,3,0,0,1602,1605,C
5-NP,248,2,0,0,1603,1605,C
5-NP,249,4,0,0,1606,1610,C
5-NP,250,1590,2,2,0,1594,A
5-NP,251,0,0,1595,0,1595,G
5-NP,252,2,2,0,1589,1593,C
5-NP,253,0,1,1591,0,1592,G
5-NP,254,0,2,0,1591,1593,C
5-NP,255,0,1,1572,0,1573,G
5-NP,256,0,1,1583,0,1584,G
5-NP,257,2,1,1581,0,1584,G
5-NP,258,0,4,1589,0,1593,G
5-NP,259,1586,0,1,0,1587,A
5-NP,260,1576,0,2,0,1578,A
5-NP,261,1577,0,3,0,1580,A
5-NP,262,0,2,1585,0,1587,G
5-NP,263,1582,0,4,0,1586,A
5-NP,264,0,1568,1,0,1569,T
5-NP,265,1,0,0,1570,1571,C
5-NP,266,1,1,0,1568,1570,C
5-NP,267,2,0,0,1578,1580,C
5-NP,268,1577,0,10,0,1587,A
5-NP,269,1584,1,2,0,1587,A
5-NP,270,0,3,1588,1,1592,G
5-NP,271,1589,0,1,0,1590,A
5-NP,272,1591,0,1,0,1592,A
5-NP,273,1591,0,0,0,1591,A
5-NP,274,1590,0,4,1,1595,A
5-NP,275,0,0,0,1600,1600,C
5-NP,276,0,1589,0,1,1590,T
5-NP,277,0,2,1579,0,1581,G
5-NP,278,0,1,1592,0,1593,G
5-NP,279,0,6,1583,0,1589,G
5-NP,280,1,4,1572,0,1577,G
5-NP,281,0,2,1587,0,1589,G
5-NP,282,1,0,1608,0,1609,G
5-NP,283,3,0,1,1709,1713,C
5-NP,284,1,1,0,1709,1711,C
5-NP,285,2,0,0,1733,1735,C
5-NP,286,1964,0,1,1,1966,A
5-NP,287,0,1968,0,0,1968,T
5-NP,288,2074,1,3,0,2078,A
5-NP,289,0,2079,0,0,2079,T
5-NP,290,2061,0,2,0,2063,A
5-NP,291,0,0,1,2081,2082,C
5-NP,292,1945,0,2,0,1947,A
5-NP,293,0,2,1984,0,1986,G
5-NP,294,0,0,1985,0,1985,G
5-NP,295,1793,0,1,0,1794,A
5-NP,296,0,2,1809,0,1811,G
5-NP,297,1729,0,3,1,1733,A
5-NP,298,0,0,1762,0,1762,G
5-NP,299,1,1759,0,1,1761,T
5-NP,300,1744,0,0,0,1744,A
5-NP,301,1,2,1747,0,1750,G
5-NP,302,1730,0,1,1,1732,A
5-NP,303,0,1732,0,0,1732,T
5-NP,304,0,0,1733,1,1734,G
5-NP,305,2,4,1740,1,1747,G
5-NP,306,1746,0,1,0,1747,A
5-NP,307,1736,1,0,1,1738,A
5-NP,308,1737,0,0,0,1737,A
5-NP,309,1740,1,3,0,1744,A
5-NP,310,0,1746,0,0,1746,T
5-NP,311,2,1,1750,0,1753,G
5-NP,312,0,1,1757,0,1758,G
5-NP,313,1754,0,2,0,1756,A
5-NP,314,1,1740,0,0,1741,T
5-NP,315,1,1,1747,0,1749,G
5-NP,316,1755,0,1,0,1756,A
5-NP,317,0,1,1764,0,1765,G
5-NP,318,1,1,1761,0,1763,G
5-NP,319,2,10,1766,0,1778,G
5-NP,320,1788,1,4,0,1793,A
5-NP,321,1795,0,2,0,1797,A
5-NP,322,1,0,0,1810,1811,C
5-NP,323,0,1804,0,3,1807,T
5-NP,324,5,3,1,1831,1840,C
5-NP,325,0,0,1852,0,1852,G
5-NP,326,0,1857,0,3,1860,T
5-NP,327,2,15,0,1849,1866,C
5-NP,328,3,0,0,2049,2052,C
5-NP,329,0,2039,0,4,2043,T
5-NP,330,0,2051,0,1,2052,T
5-NP,331,0,2043,0,1,2044,T
5-NP,332,2052,0,0,0,2052,A
5-NP,333,0,2049,0,0,2049,T
5-NP,334,0,7,2040,0,2047,G
5-NP,335,2062,0,2,0,2064,A
5-NP,336,0,0,0,2067,2067,C
5-NP,337,2027,0,0,0,2027,A
5-NP,338,2029,0,1,0,2030,A
5-NP,339,2039,0,3,0,2042,A
5-NP,340,0,5,2145,0,2150,G
5-NP,341,2141,0,1,0,2142,A
5-NP,342,2143,0,7,1,2151,A
5-NP,343,0,7,2249,2,2258,G
5-NP,344,2269,0,4,1,2274,A
5-NP,345,2284,0,0,0,2284,A
5-NP,346,2274,0,4,0,2278,A
5-NP,347,1,2274,0,0,2275,T
5-NP,348,2264,0,0,0,2264,A
5-NP,349,2244,1,4,0,2249,A
5-NP,350,0,1,2288,0,2289,G
5-NP,351,0,1,2282,1,2284,G
5-NP,352,1,1,0,2270,2272,C
5-NP,353,2,5,2263,0,2270,G
5-NP,354,2275,1,1,0,2277,A
5-NP,355,2310,1,0,0,2311,A
5-NP,356,0,2318,0,0,2318,T
5-NP,357,2,0,0,2312,2314,C
5-NP,358,1,2307,0,4,2312,T
5-NP,359,0,4,2317,0,2321,G
5-NP,360,1,0,2319,0,2320,G
5-NP,361,0,2,0,2321,2323,C
5-NP,362,4,3,2318,1,2326,G
5-NP,363,1,0,0,2323,2324,C
5-NP,364,2,0,0,2322,2324,C
5-NP,365,2335,0,2,0,2337,A
5-NP,366,2365,1,4,0,2370,A
5-NP,367,1,1,2432,0,2434,G
5-NP,368,2,1,0,2432,2435,C
5-NP,369,2,3,0,2467,2472,C
5-NP,370,2480,0,2,0,2482,A
5-NP,371,2526,0,3,1,2530,A
5-NP,372,0,2,1,2559,2562,C
5-NP,373,2559,1,0,0,2560,A
5-NP,374,2626,0,0,1,2627,A
5-NP,375,1,2619,0,3,2623,T
5-NP,376,1,9,2690,0,2700,G
5-NP,377,0,1,2705,1,2707,G
5-NP,378,0,2684,1,2,2687,T
5-NP,379,1,2,2686,0,2689,G
5-NP,380,2676,0,5,0,2681,A
5-NP,381,1,6,2760,0,2767,G
5-NP,382,1,1,2768,0,2770,G
5-NP,383,2782,0,2,0,2784,A
5-NP,384,2,3020,0,0,3022,T
5-NP,385,0,1,3056,0,3057,G
5-NP,386,0,2,0,3069,3071,C
5-NP,387,1,3066,1,6,3074,T
5-NP,388,3097,0,0,0,3097,A
5-NP,389,0,1,0,3149,3150,C
5-NP,390,3128,0,3,0,3131,A
5-NP,391,0,3117,1,5,3123,T
5-NP,392,0,1,0,3103,3104,C
5-NP,393,2,2983,0,5,2990,T
5-NP,394,1,4,3131,0,3136,G
5-NP,395,3,1,3213,0,3217,G
5-NP,396,1,3209,0,10,3220,T
5-NP,397,11,0,0,3208,3219,C
5-NP,398,0,3192,0,5,3197,T
5-NP,399,3244,0,0,0,3244,A
5-NP,400,3247,1,0,0,3248,A
5-NP,401,1,0,0,3288,3289,C
5-NP,402,0,3288,0,2,3290,T
5-NP,403,11,2,0,3298,3311,C
5-NP,404,3287,1,4,0,3292,A
5-NP,405,0,1,0,3443,3444,C
5-NP,406,3441,0,5,1,3447,A
5-NP,407,0,3454,0,2,3456,T
5-NP,408,3431,0,2,0,3433,A
5-NP,409,3451,0,0,0,3451,A
5-NP,410,0,3473,0,2,3475,T
5-NP,411,1,15,3502,0,3518,G
5-NP,412,3493,2,2,0,3497,A
5-NP,413,2,3475,0,4,3481,T
5-NP,414,1,3425,0,2,3428,T
5-NP,415,0,3436,0,2,3438,T
5-NP,416,1,8,3413,0,3422,G
5-NP,417,1,3,3434,0,3438,G
5-NP,418,2,1,0,3436,3439,C
5-NP,419,3423,0,1,0,3424,A
5-NP,420,0,3426,0,1,3427,T
5-NP,421,0,3425,0,7,3432,T
5-NP,422,1,0,0,3432,3433,C
5-NP,423,5,0,0,3436,3441,C
5-NP,424,3501,0,2,0,3503,A
5-NP,425,3499,0,1,0,3500,A
5-NP,426,1,3504,1,1,3507,T
5-NP,427,1,3503,0,5,3509,T
5-NP,428,2,3506,0,0,3508,T
5-NP,429,2,15,3520,0,3537,G
5-NP,430,3529,1,2,1,3533,A
5-NP,431,3527,0,3,5,3535,A
5-NP,432,0,3559,0,1,3560,T
5-NP,433,0,14,3529,1,3544,G
5-NP,434,3687,2,4,1,3694,A
5-NP,435,0,3697,0,4,3701,T
5-NP,436,3,1,3715,0,3719,G
5-NP,437,4,3,0,3792,3799,C
5-NP,438,3791,0,6,0,3797,A
5-NP,439,3962,0,8,0,3970,A
5-NP,440,0,1,0,3975,3976,C
5-NP,441,4041,0,3,0,4044,A
5-NP,442,0,4126,0,3,4129,T
5-NP,443,4070,0,3,0,4073,A
5-NP,444,2,0,0,4156,4158,C
5-NP,445,5,2,0,4145,4152,C
5-NP,446,4082,0,2,0,4084,A
5-NP,447,0,2,4144,0,4146,G
5-NP,448,4062,0,6,0,4068,A
5-NP,449,2,8,4180,0,4190,G
5-NP,450,0,10,4193,1,4204,G
5-NP,451,4168,2,7,1,4178,A
5-NP,452,2,1,0,4215,4218,C
5-NP,453,4177,1,8,0,4186,A
5-NP,454,4177,0,6,0,4183,A
5-NP,455,0,8,4214,0,4222,G
5-NP,456,4172,0,7,1,4180,A
5-NP,457,0,1,4211,0,4212,G
5-NP,458,0,1,0,4188,4189,C
5-NP,459,2,4153,0,16,4171,T
5-NP,460,5,0,0,4190,4195,C
5-NP,461,1,4175,0,13,4189,T
5-NP,462,2,4205,0,1,4208,T
5-NP,463,1,2,4222,0,4225,G
5-NP,464,2,4205,0,3,4210,T
5-NP,465,0,4211,0,4,4215,T
5-NP,466,19,6,0,4181,4206,C
5-NP,467,4,16,4185,0,4205,G
5-NP,468,4282,2,6,0,4290,A
5-NP,469,4291,2,2,0,4295,A
5-NP,470,1,0,0,4317,4318,C
5-NP,471,1,4299,0,8,4308,T
5-NP,472,5,5,4377,1,4388,G
5-NP,473,2,4,4393,0,4399,G
5-NP,474,4394,0,3,0,4397,A
5-NP,475,4395,0,10,1,4406,A
5-NP,476,0,4402,0,2,4404,T
5-NP,477,2,4,4410,0,4416,G
5-NP,478,0,6,4418,1,4425,G
5-NP,479,4448,0,8,0,4456,A
5-NP,480,0,4487,0,5,4492,T
5-NP,481,8,0,0,4494,4502,C
5-NP,482,4,1,0,4489,4494,C
5-NP,483,5,0,0,4510,4515,C
5-NP,484,4567,0,4,0,4571,A
5-NP,485,0,6,4606,0,4612,G
5-NP,486,4630,1,0,0,4631,A
5-NP,487,4631,0,1,1,4633,A
5-NP,488,0,4590,0,1,4591,T
5-NP,489,2,0,4649,0,4651,G
5-NP,490,0,4615,0,7,4622,T
5-NP,491,3,1,4645,1,4650,G
5-NP,492,3,0,0,4653,4656,C
5-NP,493,0,4625,1,8,4634,T
5-NP,494,4,1,1,4931,4937,C
5-NP,495,3,4899,1,14,4917,T
5-NP,496,5,0,1,5096,5102,C
5-NP,497,2,5079,0,10,5091,T
5-NP,498,0,2,5103,0,5105,G
5-NP,499,5150,0,9,0,5159,A
5-NP,500,0,5134,0,6,5140,T
5-NP,501,0,5,5133,1,5139,G
5-NP,502,1,2,1,5128,5132,C
5-NP,503,5008,1,9,0,5018,A
5-NP,504,2,7,5145,0,5154,G
5-NP,505,0,5,5073,0,5078,G
5-NP,506,4,0,5143,0,5147,G
5-NP,507,2,3,0,5126,5131,C
5-NP,508,2,5109,0,7,5118,T
5-NP,509,8,2,0,5131,5141,C
5-NP,510,3,21,5127,0,5151,G
5-NP,511,5216,1,7,0,5224,A
5-NP,512,1,0,0,5228,5229,C
5-NP,513,0,5143,0,12,5155,T
5-NP,514,9,0,0,5381,5390,C
5-NP,515,0,5361,1,8,5370,T
5-NP,516,6,1,0,6057,6064,C
5-NP,517,2,4,0,6060,6066,C
5-NP,518,13,0,0,6058,6071,C
5-NP,519,0,6070,0,5,6075,T
5-NP,520,6033,1,3,0,6037,A
5-NP,521,1,5,6030,1,6037,G
5-NP,522,6018,0,4,0,6022,A
5-NP,523,5884,2,7,0,5893,A
5-NP,524,0,5,5892,0,5897,G
5-NP,525,3,3,5816,1,5823,G
5-NP,526,2,5753,1,1,5757,T
5-NP,527,13,0,0,5739,5752,C
5-NP,528,8,8,0,5744,5760,C
5-NP,529,5,10,5738,0,5753,G
5-NP,530,0,10,5801,0,5811,G
5-NP,531,5796,0,10,0,5806,A
5-NP,532,0,1,5851,0,5852,G
5-NP,533,2,1,1,5860,5864,C
5-NP,534,1,5789,0,9,5799,T
5-NP,535,2,1,5802,0,5805,G
5-NP,536,0,4,0,5818,5822,C
5-NP,537,5798,0,12,0,5810,A
5-NP,538,5,7,5822,0,5834,G
5-NP,539,0,1,5856,0,5857,G
5-NP,540,0,5855,0,5,5860,T
5-NP,541,1,2,5829,1,5833,G
5-NP,542,3,2,0,5829,5834,C
5-NP,543,2,5831,1,5,5839,T
5-NP,544,3,1,5858,0,5862,G
5-NP,545,3,1,1,5846,5851,C
5-NP,546,5887,1,8,0,5896,A
5-NP,547,1,1,6013,0,6015,G
5-NP,548,1,5973,1,7,5982,T
5-NP,549,12,1,0,5974,5987,C
5-NP,550,5986,4,4,0,5994,A
5-NP,551,5982,5,4,0,5991,A
5-NP,552,5969,1,18,2,5990,A
5-NP,553,0,7,6016,0,6023,G
5-NP,554,1,23,6030,0,6054,G
5-NP,555,6029,2,9,1,6041,A
5-NP,556,6007,0,12,0,6019,A
5-NP,557,1,6018,0,3,6022,T
5-NP,558,13,7,0,5993,6013,C
5-NP,559,3,7,6011,0,6021,G
5-NP,560,3,11,6178,1,6193,G
5-NP,561,1,11,6196,0,6208,G
5-NP,562,6179,2,13,0,6194,A
5-NP,563,3,2,0,6210,6215,C
5-NP,564,6142,0,3,0,6145,A
5-NP,565,6280,1,2,2,6285,A
5-NP,566,2,6287,0,7,6296,T
5-NP,567,1,4,6321,1,6327,G
5-NP,568,1,2,6387,0,6390,G
5-NP,569,1,6307,0,6,6314,T
5-NP,570,2,9,6316,2,6329,G
5-NP,571,6322,2,7,0,6331,A
5-NP,572,1,6299,0,5,6305,T
5-NP,573,1,7,6306,1,6315,G
5-NP,574,1,14,6430,0,6445,G
5-NP,575,6427,2,12,0,6441,A
5-NP,576,6437,2,7,0,6446,A
5-NP,577,2,1,0,6418,6421,C
5-NP,578,0,6361,0,3,6364,T
5-NP,579,6340,1,2,0,6343,A
5-NP,580,6590,2,7,2,6601,A
5-NP,581,0,6608,0,1,6609,T
5-NP,582,19,0,1,6602,6622,C
5-NP,583,6446,0,5,0,6451,A
5-NP,584,11,13,6534,1,6559,G
5-NP,585,6531,1,6,0,6538,A
5-NP,586,6524,1,11,0,6536,A
5-NP,587,1,6540,0,2,6543,T
5-NP,588,3,15,6496,0,6514,G
5-NP,589,2,1,6584,0,6587,G
5-NP,590,2,6576,0,12,6590,T
5-NP,591,18,4,0,6575,6597,C
5-NP,592,6594,0,2,1,6597,A
5-NP,593,6592,0,4,1,6597,A
5-NP,594,6604,1,5,2,6612,A
5-NP,595,1,6,1,6594,6602,C
5-NP,596,4,3,6580,1,6588,G
5-NP,597,3,8,6626,0,6637,G
5-NP,598,3,14,6551,2,6570,G
5-NP,599,1,16,6584,0,6601,G
5-NP,600,2,17,6585,0,6604,G
5-NP,601,6609,2,17,0,6628,A
5-NP,602,0,6563,1,9,6573,T
5-NP,603,19,2,0,6563,6584,C
5-NP,604,6580,0,14,0,6594,A
5-NP,605,6587,0,10,1,6598,A
5-NP,606,0,1,2,6549,6552,C
5-NP,607,1,16,6494,0,6511,G
5-NP,608,6496,1,7,0,6504,A
5-NP,609,0,6493,0,1,6494,T
5-NP,610,15,2,0,6479,6496,C
5-NP,611,3,12,6493,0,6508,G
5-NP,612,6508,1,3,0,6512,A
5-NP,613,6493,0,4,0,6497,A
5-NP,614,6510,0,3,0,6513,A
5-NP,615,1,6563,0,2,6566,T
5-NP,616,1,6556,0,3,6560,T
5-NP,617,1,6524,3,3,6531,T
5-NP,618,0,6581,0,2,6583,T
5-NP,619,0,6577,0,4,6581,T
5-NP,620,0,8,6587,1,6596,G
5-NP,621,2,6,6589,1,6598,G
5-NP,622,6559,0,11,0,6570,A
5-NP,623,0,7,6595,0,6602,G
5-NP,624,6509,2,8,0,6519,A
5-NP,625,1,4,6768,0,6773,G
5-NP,626,2,1,6798,0,6801,G
5-NP,627,1,6785,0,11,6797,T
5-NP,628,3,27,6779,1,6810,G
5-NP,629,6795,1,12,0,6808,A
5-NP,630,1,15,6846,0,6862,G
5-NP,631,6830,2,15,0,6847,A
5-NP,632,6832,1,8,0,6841,A
5-NP,633,2,6835,0,0,6837,T
5-NP,634,1,11,6639,0,6651,G
5-NP,635,0,9,6598,0,6607,G
5-NP,636,6562,0,15,1,6578,A
5-NP,637,0,8,0,6590,6598,C
5-NP,638,3,10,6588,1,6602,G
5-NP,639,1,11,6694,0,6706,G
5-NP,640,6697,3,4,0,6704,A
5-NP,641,6699,2,8,0,6709,A
5-NP,642,6758,1,9,1,6769,A
5-NP,643,6771,1,16,4,6792,A
5-NP,644,4,3,1,6825,6833,C
5-NP,645,6834,2,5,1,6842,A
5-NP,646,6826,0,6,1,6833,A
5-NP,647,0,8,6821,1,6830,G
5-NP,648,6659,1,8,0,6668,A
5-NP,649,6683,0,5,1,6689,A
5-NP,650,1,0,6825,0,6826,G
5-NP,651,2,6818,1,3,6824,T
5-NP,652,1,1,7085,0,7087,G
5-NP,653,8,2,1,7044,7055,C
5-NP,654,0,7035,1,18,7054,T
5-NP,655,0,7091,0,2,7093,T
5-NP,656,7166,0,3,0,7169,A
5-NP,657,1,7174,0,1,7176,T
5-NP,658,3,16,7178,1,7198,G
5-NP,659,7045,2,17,0,7064,A
5-NP,660,2,7,7083,0,7092,G
5-NP,661,6798,0,16,0,6814,A
5-NP,662,1,21,6818,1,6841,G
5-NP,663,6808,0,13,0,6821,A
5-NP,664,6860,0,3,1,6864,A
5-NP,665,1,6830,1,2,6834,T
5-NP,666,4,2,6896,0,6902,G
5-NP,667,1,6860,0,11,6872,T
5-NP,668,1,1,6903,0,6905,G
5-NP,669,1,6,0,6884,6891,C
5-NP,670,6879,2,1,0,6882,A
5-NP,671,6868,2,11,1,6882,A
5-NP,672,1,3,0,6858,6862,C
5-NP,673,6806,1,4,1,6812,A
5-NP,674,0,6820,0,5,6825,T
5-NP,675,2,6748,0,15,6765,T
5-NP,676,13,0,0,6774,6787,C
5-NP,677,2,6759,1,6,6768,T
5-NP,678,0,6777,2,3,6782,T
5-NP,679,6775,2,2,0,6779,A
5-NP,680,6750,0,0,2,6752,A
5-NP,681,6746,1,6,0,6753,A
5-NP,682,1,3,6754,0,6758,G
5-NP,683,1,16,6719,1,6737,G
5-NP,684,6712,1,7,0,6720,A
5-NP,685,6707,0,4,1,6712,A
5-NP,686,6699,1,6,0,6706,A
5-NP,687,6787,2,3,1,6793,A
5-NP,688,1,6778,0,6,6785,T
5-NP,689,0,6764,1,4,6769,T
5-NP,690,0,6798,1,3,6802,T
5-NP,691,20,1,2,6794,6817,C
5-NP,692,6813,1,4,0,6818,A
5-NP,693,6809,0,6,1,6816,A
5-NP,694,6810,0,5,1,6816,A
5-NP,695,1,2,0,6882,6885,C
5-NP,696,6793,2,6,0,6801,A
5-NP,697,0,1,6914,0,6915,G
5-NP,698,0,2,0,6920,6922,C
5-NP,699,2,6902,0,11,6915,T
5-NP,700,8,4,7007,0,7019,G
5-NP,701,2,4,1,6997,7004,C
5-NP,702,7042,1,7,1,7051,A
5-NP,703,2,3,0,7057,7062,C
5-NP,704,7005,0,6,1,7012,A
5-NP,705,7039,2,5,0,7046,A
5-NP,706,6897,0,9,1,6907,A
5-NP,707,1,21,7136,1,7159,G
5-NP,708,7128,0,12,0,7140,A
5-NP,709,0,1,7178,0,7179,G
5-NP,710,4,4,0,7116,7124,C
5-NP,711,7127,0,2,0,7129,A
5-NP,712,7306,0,7,0,7313,A
5-NP,713,0,7310,0,5,7315,T
5-NP,714,3,16,7309,1,7329,G
5-NP,715,10,2,7353,0,7365,G
5-NP,716,0,7180,1,6,7187,T
5-NP,717,9,16,7143,3,7171,G
5-NP,718,4,15,7205,0,7224,G
5-NP,719,7210,0,9,0,7219,A
5-NP,720,2,7191,0,9,7202,T
5-NP,721,20,6,0,6997,7023,C
5-NP,722,7047,1,8,0,7056,A
5-NP,723,7121,3,6,0,7130,A
5-NP,724,0,0,7152,0,7152,G
5-NP,725,0,7104,1,6,7111,T
5-NP,726,2,18,7097,0,7117,G
5-NP,727,6992,4,19,1,7016,A
5-NP,728,0,11,7028,0,7039,G
5-NP,729,7013,3,16,2,7034,A
5-NP,730,1,10,7023,0,7034,G
5-NP,731,6992,0,8,0,7000,A
5-NP,732,6878,1,3,0,6882,A
5-NP,733,6881,0,19,0,6900,A
5-NP,734,1,1,6926,0,6928,G
5-NP,735,0,6900,0,5,6905,T
5-NP,736,26,2,1,6884,6913,C
5-NP,737,4,8,6880,0,6892,G
5-NP,738,2,17,6880,0,6899,G
5-NP,739,6889,2,9,0,6900,A
5-NP,740,6920,1,11,0,6932,A
5-NP,741,2,0,1,6945,6948,C
5-NP,742,12,1,0,6882,6895,C
5-NP,743,9,3,1,6923,6936,C
5-NP,744,6918,2,7,1,6928,A
5-NP,745,2,6,6954,0,6962,G
5-NP,746,0,12,6964,0,6976,G
5-NP,747,6938,2,6,2,6948,A
5-NP,748,6946,0,3,1,6950,A
5-NP,749,6916,0,22,2,6940,A
5-NP,750,1,1,0,6967,6969,C
5-NP,751,6,4,6947,0,6957,G
5-NP,752,0,3,0,6941,6944,C
5-NP,753,1,6905,0,16,6922,T
5-NP,754,1,7,6928,0,6936,G
5-NP,755,6923,0,6,1,6930,A
5-NP,756,0,8,7009,0,7017,G
5-NP,757,7068,0,11,0,7079,A
5-NP,758,1,7072,0,9,7082,T
5-NP,759,19,5,0,6965,6989,C
5-NP,760,3,10,6976,0,6989,G
5-NP,761,6978,1,9,2,6990,A
5-NP,762,6975,0,13,2,6990,A
5-NP,763,2,13,6963,2,6980,G
5-NP,764,6947,1,9,1,6958,A
5-NP,765,3,3,0,6765,6771,C
5-NP,766,10,1,0,6943,6954,C
5-NP,767,1,6955,1,10,6967,T
5-NP,768,13,3,0,7006,7022,C
5-NP,769,7024,1,5,0,7030,A
5-NP,770,1,7025,0,5,7031,T
5-NP,771,7045,0,1,1,7047,A
5-NP,772,0,7032,0,4,7036,T
5-NP,773,0,6999,1,1,7001,T
5-NP,774,0,6882,1,4,6887,T
5-NP,775,1,6832,0,4,6837,T
5-NP,776,1,6854,0,2,6857,T
5-NP,777,6850,3,5,0,6858,A
5-NP,778,1,1,6851,0,6853,G
5-NP,779,4,2,0,6846,6852,C
5-NP,780,6826,0,2,0,6828,A
5-NP,781,6801,3,7,1,6812,A
5-NP,782,0,8,7005,0,7013,G
5-NP,783,7008,4,3,0,7015,A
5-NP,784,0,7012,0,9,7021,T
5-NP,785,1,1,0,7042,7044,C
5-NP,786,1,6995,0,13,7009,T
5-NP,787,3,2,7173,0,7178,G
5-NP,788,1,3,1,7177,7182,C
5-NP,789,7192,0,2,1,7195,A
5-NP,790,2,7235,1,5,7243,T
5-NP,791,0,7010,0,6,7016,T
5-NP,792,2,16,7373,0,7391,G
5-NP,793,7522,1,9,0,7532,A
5-NP,794,1,7513,1,5,7520,T
5-NP,795,7530,0,6,0,7536,A
5-NP,796,1,7372,2,3,7378,T
5-NP,797,0,7324,3,10,7337,T
5-NP,798,3,14,7370,0,7387,G
5-NP,799,7305,0,13,0,7318,A
5-NP,800,2,11,7361,0,7374,G
5-NP,801,6997,2,14,0,7013,A
5-NP,802,1,14,6866,0,6881,G
5-NP,803,0,6,6925,0,6931,G
5-NP,804,6892,2,10,1,6905,A
5-NP,805,1,6890,2,11,6904,T
5-NP,806,17,0,0,6900,6917,C
5-NP,807,6869,1,12,1,6883,A
5-NP,808,0,0,6895,0,6895,G
5-NP,809,0,6842,1,7,6850,T
5-NP,810,4,6800,0,2,6806,T
5-NP,811,4,3,6797,0,6804,G
5-NP,812,2,2,0,6731,6735,C
5-NP,813,0,6715,0,14,6729,T
5-NP,814,21,1,1,6752,6775,C
5-NP,815,6765,4,4,0,6773,A
5-NP,816,3,1,0,6780,6784,C
5-NP,817,6749,1,3,0,6753,A
5-NP,818,6809,0,4,0,6813,A
5-NP,819,6817,0,0,0,6817,A
5-NP,820,0,6790,1,5,6796,T
5-NP,821,11,0,0,6788,6799,C
5-NP,822,0,6779,0,13,6792,T
5-NP,823,5,6774,0,0,6779,T
5-NP,824,3,1,6796,0,6800,G
5-NP,825,5,2,0,6802,6809,C
5-NP,826,5,2,0,6882,6889,C
5-NP,827,1,6861,0,6,6868,T
5-NP,828,6898,0,5,1,6904,A
5-NP,829,4,1,0,6886,6891,C
5-NP,830,11,0,0,6883,6894,C
5-NP,831,2,6876,0,7,6885,T
5-NP,832,4,1,6972,0,6977,G
5-NP,833,4,5,0,6943,6952,C
5-NP,834,12,0,0,6948,6960,C
5-NP,835,2,6863,0,13,6878,T
5-NP,836,2,1,6943,0,6946,G
5-NP,837,1,6895,0,8,6904,T
5-NP,838,3,2,6971,1,6977,G
5-NP,839,3,9,1,6984,6997,C
5-NP,840,14,1,7072,0,7087,G
5-NP,841,0,6969,0,2,6971,T
5-NP,842,6957,1,0,1,6959,A
5-NP,843,0,6953,0,6,6959,T
5-NP,844,5,10,6942,0,6957,G
5-NP,845,1,18,7168,0,7187,G
5-NP,846,7149,3,13,0,7165,A
5-NP,847,1,9,0,7039,7049,C
5-NP,848,11,0,0,6990,7001,C
5-NP,849,4,6892,1,13,6910,T
5-NP,850,1,2,7194,0,7197,G
5-NP,851,1,3,0,7185,7189,C
5-NP,852,7196,1,8,1,7206,A
5-NP,853,3,1,7319,0,7323,G
5-NP,854,0,6903,0,1,6904,T
5-NP,855,7139,1,5,0,7145,A
5-NP,856,1,7113,1,10,7125,T
5-NP,857,9,2,0,7088,7099,C
5-NP,858,5,3,0,7086,7094,C
5-NP,859,6732,0,11,0,6743,A
5-NP,860,1,8,6760,0,6769,G
5-NP,861,2,6723,0,4,6729,T
5-NP,862,6,6,6798,3,6813,G
5-NP,863,1,9,6783,0,6793,G
5-NP,864,0,2,6663,1,6666,G
5-NP,865,2,6646,0,7,6655,T
5-NP,866,6639,0,5,0,6644,A
5-NP,867,1,6,0,6633,6640,C
5-NP,868,2,35,6587,1,6625,G
5-NP,869,6596,2,6,10,6614,A
5-NP,870,0,3,0,6606,6609,C
5-NP,871,1,6422,0,7,6430,T
5-NP,872,1,6439,0,2,6442,T
5-NP,873,12,2,0,6404,6418,C
5-NP,874,3,18,6399,0,6420,G
5-NP,875,6411,0,3,0,6414,A
5-NP,876,6402,0,2,2,6406,A
5-NP,877,6414,0,3,0,6417,A
5-NP,878,6416,0,3,0,6419,A
5-NP,879,6387,0,11,1,6399,A
5-NP,880,0,1,6432,0,6433,G
5-NP,881,6385,1,14,1,6401,A
5-NP,882,0,9,6441,0,6450,G
5-NP,883,1,7,6467,1,6476,G
5-NP,884,0,10,6485,0,6495,G
5-NP,885,6487,4,7,1,6499,A
5-NP,886,2,6482,1,6,6491,T
5-NP,887,6508,1,2,1,6512,A
5-NP,888,1,6513,0,8,6522,T
5-NP,889,2,6514,0,4,6520,T
5-NP,890,15,0,1,6523,6539,C
5-NP,891,9,0,0,6493,6502,C
5-NP,892,0,6418,0,2,6420,T
5-NP,893,1,6406,0,1,6408,T
5-NP,894,2,8,6430,0,6440,G
5-NP,895,3,2,6469,0,6474,G
5-NP,896,0,6437,0,6,6443,T
5-NP,897,3,8,6397,1,6409,G
5-NP,898,1,3,6372,1,6377,G
5-NP,899,2,19,6602,0,6623,G
5-NP,900,6624,0,3,0,6627,A
5-NP,901,6633,0,6,0,6639,A
5-NP,902,0,6642,0,1,6643,T
5-NP,903,6502,0,22,0,6524,A
5-NP,904,1,14,6520,0,6535,G
5-NP,905,6471,0,11,2,6484,A
5-NP,906,5,3,2,6476,6486,C
5-NP,907,7,1,0,6413,6421,C
5-NP,908,9,1,0,6141,6151,C
5-NP,909,0,6157,1,23,6181,T
5-NP,910,0,6179,0,10,6189,T
5-NP,911,1,6199,0,6,6206,T
5-NP,912,17,2,0,6190,6209,C
5-NP,913,6180,1,2,0,6183,A
5-NP,914,6190,2,1,0,6193,A
5-NP,915,6170,0,7,2,6179,A
5-NP,916,0,1,0,6186,6187,C
5-NP,917,0,6025,0,1,6026,T
5-NP,918,5939,0,3,0,5942,A
5-NP,919,5,0,0,5995,6000,C
5-NP,920,1,5954,1,17,5973,T
5-NP,921,1,5967,0,7,5975,T
5-NP,922,12,0,0,5977,5989,C
5-NP,923,5973,1,1,0,5975,A
5-NP,924,5972,0,1,0,5973,A
5-NP,925,5955,0,2,1,5958,A
5-NP,926,5941,2,5,1,5949,A
5-NP,927,0,5902,1,2,5905,T
5-NP,928,5813,0,2,0,5815,A
5-NP,929,2,2,5871,1,5876,G
5-NP,930,2,2,0,5889,5893,C
5-NP,931,10,2,3,5946,5961,C
5-NP,932,5974,0,1,0,5975,A
5-NP,933,5982,0,3,1,5986,A
5-NP,934,6123,1,4,0,6128,A
5-NP,935,1,6139,0,0,6140,T
5-NP,936,6161,1,4,0,6166,A
5-NP,937,2,6156,1,7,6166,T
5-NP,938,6035,1,3,0,6039,A
5-NP,939,1,3,3,6039,6046,C
5-NP,940,5893,1,3,0,5897,A
5-NP,941,2,1,6020,0,6023,G
5-NP,942,1,0,0,6013,6014,C
5-NP,943,1,5848,1,9,5859,T
5-NP,944,1,5893,0,3,5897,T
5-NP,945,5916,1,0,0,5917,A
5-NP,946,5920,0,1,0,5921,A
5-NP,947,1,5914,0,6,5921,T
5-NP,948,14,1,1,5897,5913,C
5-NP,949,5690,2,3,0,5695,A
5-NP,950,1,11,5730,0,5742,G
5-NP,951,5721,2,8,1,5732,A
5-NP,952,1,1,0,5767,5769,C
5-NP,953,7,0,0,5711,5718,C
5-NP,954,1,5649,0,1,5651,T
5-NP,955,5675,0,3,0,5678,A
5-NP,956,5664,0,7,0,5671,A
5-NP,957,0,4,0,5687,5691,C
5-NP,958,0,16,5674,0,5690,G
5-NP,959,5564,0,5,0,5569,A
5-NP,960,2,9,5563,0,5574,G
5-NP,961,5515,2,5,1,5523,A
5-NP,962,5565,1,10,0,5576,A
5-NP,963,4,5549,1,9,5563,T
5-NP,964,8,1,2,5501,5512,C
5-NP,965,2,2,0,5505,5509,C
5-NP,966,5399,1,7,0,5407,A
5-NP,967,4,2,5418,1,5425,G
5-NP,968,1,4,0,5412,5417,C
5-NP,969,5445,1,2,0,5448,A
5-NP,970,0,3,0,5472,5475,C
5-NP,971,5385,0,11,0,5396,A
5-NP,972,2,1,1,5396,5400,C
5-NP,973,5393,0,2,0,5395,A
5-NP,974,5415,1,6,1,5423,A
5-NP,975,1,13,5411,0,5425,G
5-NP,976,5348,1,14,1,5364,A
5-NP,977,1,1,5389,0,5391,G
5-NP,978,2,5275,1,6,5284,T
5-NP,979,11,5,0,5248,5264,C
5-NP,980,5229,0,11,0,5240,A
5-NP,981,0,0,5234,0,5234,G
5-NP,982,0,3,1,5224,5228,C
5-NP,983,2,5170,0,4,5176,T
5-NP,984,1,10,5226,0,5237,G
5-NP,985,0,1,5255,1,5257,G
5-NP,986,2,5220,0,3,5225,T
5-NP,987,1,1,5248,0,5250,G
5-NP,988,1,5172,0,12,5185,T
5-NP,989,7,8,5162,0,5177,G
5-NP,990,0,5,5152,0,5157,G
5-NP,991,5112,1,3,0,5116,A
5-NP,992,1,5124,0,4,5129,T
5-NP,993,1,9,4901,1,4912,G
5-NP,994,4,1,4872,1,4878,G
5-NP,995,5,4,1,4838,4848,C
5-NP,996,4789,0,3,1,4793,A
5-NP,997,2,4779,0,15,4796,T
5-NP,998,2,1,4764,0,4767,G
5-NP,999,0,2,3,4799,4804,C
5-NP,1000,11,1,0,4789,4801,C
5-NP,1001,4794,0,2,0,4796,A
5-NP,1002,0,4774,1,4,4779,T
5-NP,1003,0,4707,0,6,4713,T
5-NP,1004,13,4,0,4704,4721,C
5-NP,1005,0,4645,1,2,4648,T
5-NP,1006,4,1,4640,0,4645,G
5-NP,1007,1,1,0,4632,4634,C
5-NP,1008,0,4480,1,7,4488,T
5-NP,1009,1,0,4508,1,4510,G
5-NP,1010,0,2,0,4432,4434,C
5-NP,1011,4436,0,0,0,4436,A
5-NP,1012,2,4426,0,3,4431,T
5-NP,1013,1,4384,0,0,4385,T
5-NP,1014,2,4373,0,18,4393,T
5-NP,1015,1,7,4381,0,4389,G
5-NP,1016,4379,1,5,1,4386,A
5-NP,1017,4375,0,9,0,4384,A
5-NP,1018,0,9,4395,1,4405,G
5-NP,1019,4391,0,1,0,4392,A
5-NP,1020,0,4367,0,2,4369,T
5-NP,1021,0,4367,0,1,4368,T
5-NP,1022,0,4369,0,1,4370,T
5-NP,1023,4370,0,1,1,4372,A
5-NP,1024,4365,2,2,0,4369,A
5-NP,1025,1,8,4372,0,4381,G
5-NP,1026,4366,0,6,0,4372,A
5-NP,1027,1,4376,0,2,4379,T
5-NP,1028,0,4269,1,2,4272,T
5-NP,1029,0,0,4313,0,4313,G
5-NP,1030,3,4293,0,11,4307,T
5-NP,1031,2,4303,1,4,4310,T
5-NP,1032,4305,1,1,0,4307,A
5-NP,1033,4291,0,11,0,4302,A
5-NP,1034,1,1,4316,0,4318,G
5-NP,1035,5,2,0,4322,4329,C
5-NP,1036,0,4239,4,8,4251,T
5-NP,1037,3,4254,1,1,4259,T
5-NP,1038,6,1,0,4252,4259,C
5-NP,1039,4242,0,15,0,4257,A
5-NP,1040,0,4240,2,7,4249,T
5-NP,1041,8,1,0,4249,4258,C
5-NP,1042,4186,1,1,0,4188,A
5-NP,1043,0,4,4185,0,4189,G
5-NP,1044,4126,0,6,0,4132,A
5-NP,1045,1,4,4131,0,4136,G
5-NP,1046,2,10,4118,0,4130,G
5-NP,1047,1,9,4098,0,4108,G
5-NP,1048,4097,3,4,0,4104,A
5-NP,1049,0,1,0,4109,4110,C
5-NP,1050,4104,0,3,0,4107,A
5-NP,1051,4106,0,5,0,4111,A
5-NP,1052,4117,0,0,0,4117,A
5-NP,1053,4105,1,14,0,4120,A
5-NP,1054,1,1,4135,0,4137,G
5-NP,1055,1,4010,1,6,4018,T
5-NP,1056,3984,0,5,0,3989,A
5-NP,1057,0,3963,0,11,3974,T
5-NP,1058,5,1,0,3954,3960,C
5-NP,1059,3,3929,0,6,3938,T
5-NP,1060,9,1,0,3950,3960,C
5-NP,1061,6,5,0,3927,3938,C
5-NP,1062,1,3909,0,3,3913,T
5-NP,1063,7,0,0,3896,3903,C
5-NP,1064,0,5,3887,0,3892,G
5-NP,1065,0,2,3907,1,3910,G
5-NP,1066,1,6,3903,0,3910,G
5-NP,1067,2,2,3891,0,3895,G
5-NP,1068,3,2,3886,0,3891,G
5-NP,1069,3828,0,3,0,3831,A
5-NP,1070,3824,1,2,0,3827,A
5-NP,1071,3818,1,9,1,3829,A
5-NP,1072,0,0,0,3846,3846,C
5-NP,1073,0,3827,0,1,3828,T
5-NP,1074,2,0,3837,0,3839,G
5-NP,1075,0,3800,0,4,3804,T
5-NP,1076,14,0,0,3787,3801,C
5-NP,1077,3830,0,11,1,3842,A
5-NP,1078,3852,0,2,0,3854,A
5-NP,1079,0,0,0,3868,3868,C
5-NP,1080,0,3850,0,2,3852,T
5-NP,1081,3770,0,2,0,3772,A
5-NP,1082,0,5,3778,0,3783,G
5-NP,1083,3717,2,2,0,3721,A
5-NP,1084,2,1,3717,0,3720,G
5-NP,1085,1,4,3706,0,3711,G
5-NP,1086,3524,1,3,0,3528,A
5-NP,1087,0,1,3582,1,3584,G
5-NP,1088,0,3543,0,3,3546,T
5-NP,1089,3546,0,2,1,3549,A
5-NP,1090,0,0,0,3548,3548,C
5-NP,1091,3500,1,0,0,3501,A
5-NP,1092,3502,0,1,0,3503,A
5-NP,1093,3485,0,0,0,3485,A
5-NP,1094,0,3455,1,2,3458,T
5-NP,1095,1,3427,1,1,3430,T
5-NP,1096,1,3,3323,1,3328,G
5-NP,1097,1,0,0,3283,3284,C
5-NP,1098,0,3273,0,6,3279,T
5-NP,1099,0,3271,0,0,3271,T
5-NP,1100,9,1,2,3264,3276,C
5-NP,1101,3266,1,7,0,3274,A
5-NP,1102,3280,0,2,1,3283,A
5-NP,1103,3290,1,1,0,3292,A
5-NP,1104,1,3290,0,2,3293,T
5-NP,1105,0,12,3276,0,3288,G
5-NP,1106,3232,1,3,0,3236,A
5-NP,1107,0,6,3248,0,3254,G
5-NP,1108,3254,0,13,0,3267,A
5-NP,1109,3261,1,1,0,3263,A
5-NP,1110,1,0,0,3263,3264,C
5-NP,1111,3226,1,0,0,3227,A
5-NP,1112,0,3226,0,1,3227,T
5-NP,1113,3,1,3245,0,3249,G
5-NP,1114,1,1,3249,1,3252,G
5-NP,1115,3244,0,7,1,3252,A
5-NP,1116,0,3194,0,2,3196,T
5-NP,1117,3157,0,2,0,3159,A
5-NP,1118,3285,0,1,0,3286,A
5-NP,1119,0,3214,1,1,3216,T
5-NP,1120,3195,0,2,0,3197,A
5-NP,1121,0,3177,1,0,3178,T
5-NP,1122,1,8,2921,0,2930,G
5-NP,1123,1,4,2879,0,2884,G
5-NP,1124,1,8,2862,0,2871,G
5-NP,1125,2858,0,4,0,2862,A
5-NP,1126,0,2856,0,1,2857,T
5-NP,1127,8,1,0,2256,2265,C
5-NP,1128,1,12,2256,1,2270,G
5-NP,1129,2262,1,2,0,2265,A
5-NP,1130,0,0,2264,0,2264,G
5-NP,1131,0,2,0,2251,2253,C
5-NP,1132,2223,0,1,0,2224,A
5-NP,1133,2,1,0,2302,2305,C
5-NP,1134,2,2250,0,3,2255,T
5-NP,1135,7,1,0,2268,2276,C
5-NP,1136,0,2270,1,1,2272,T
5-NP,1137,0,2245,0,2,2247,T
5-NP,1138,2,9,2237,0,2248,G
5-NP,1139,2236,0,2,0,2238,A
5-NP,1140,2238,0,1,0,2239,A
5-NP,1141,1,1,0,2237,2239,C
5-NP,1142,1,1673,1,0,1675,T
5-NP,1143,0,4,1679,0,1683,G
5-NP,1144,1618,1,4,0,1623,A
5-NP,1145,2,1,1629,0,1632,G
5-NP,1146,1627,0,2,0,1629,A
5-NP,1147,1606,0,2,0,1608,A
5-NP,1148,0,1,1612,0,1613,G
5-NP,1149,0,0,0,1584,1584,C
5-NP,1150,3,1,1577,0,1581,G
5-NP,1151,1,1,1577,0,1579,G
5-NP,1152,0,1,1538,1,1540,G
5-NP,1153,1,1524,0,0,1525,T
5-NP,1154,1489,0,0,0,1489,A
5-NP,1155,0,0,1,1486,1487,C
5-NP,1156,0,1233,0,4,1237,T
5-NP,1157,1,2,1229,0,1232,G
5-NP,1158,0,1,1205,0,1206,G
5-NP,1159,0,0,1195,0,1195,G
5-NP,1160,0,1,0,1169,1170,C
5-NP,1161,3,0,0,1095,1098,C
5-NP,1162,1104,0,0,0,1104,A
5-NP,1163,0,1103,0,1,1104,T
5-NP,1164,1104,0,2,1,1107,A
5-NP,1165,1102,0,0,0,1102,A
5-NP,1166,1,0,1095,1,1097,G
5-NP,1167,1,0,1125,0,1126,G
5-NP,1168,1099,0,1,0,1100,A
5-NP,1169,1,1,0,1094,1096,C
5-NP,1170,0,1,0,1098,1099,C
5-NP,1171,1093,1,1,0,1095,A
5-NP,1172,0,1,1119,0,1120,G
5-NP,1173,0,4,1118,0,1122,G
5-NP,1174,1118,1,1,0,1120,A
5-NP,1175,1,0,1126,0,1127,G
5-NP,1176,1,1093,0,0,1094,T
5-NP,1177,1,0,1101,0,1102,G
5-NP,1178,1,0,1114,0,1115,G
5-NP,1179,1111,0,2,0,1113,A
5-NP,1180,0,1,1117,0,1118,G
5-NP,1181,0,1,1099,0,1100,G
5-NP,1182,1093,0,1,0,1094,A
5-NP,1183,1092,0,0,0,1092,A
5-NP,1184,1097,0,2,0,1099,A
5-NP,1185,0,0,0,1106,1106,C
5-NP,1186,1102,0,0,0,1102,A
5-NP,1187,0,0,0,1116,1116,C
5-NP,1188,0,1092,0,0,1092,T
5-NP,1189,1114,0,0,0,1114,A
5-NP,1190,1114,0,0,0,1114,A
5-NP,1191,1,1111,0,1,1113,T
5-NP,1192,2,0,0,1129,1131,C
5-NP,1193,1118,0,0,0,1118,A
5-NP,1194,1121,0,2,0,1123,A
5-NP,1195,0,1,0,1128,1129,C
5-NP,1196,1108,0,0,0,1108,A
5-NP,1197,0,0,1109,0,1109,G
5-NP,1198,1075,0,2,0,1077,A
5-NP,1199,1,2,1078,0,1081,G
5-NP,1200,0,0,1085,0,1085,G
5-NP,1201,0,2,1083,0,1085,G
5-NP,1202,0,0,0,1075,1075,C
5-NP,1203,1,0,0,1073,1074,C
5-NP,1204,0,1071,0,0,1071,T
5-NP,1205,0,0,0,1074,1074,C
5-NP,1206,2,1,0,1076,1079,C
5-NP,1207,2,0,1076,0,1078,G
5-NP,1208,1,0,0,1073,1074,C
5-NP,1209,1069,0,0,0,1069,A
5-NP,1210,0,2,1108,0,1110,G
5-NP,1211,1,1,1108,0,1110,G
5-NP,1212,0,2,0,1106,1108,C
5-NP,1213,2,1,0,1112,1115,C
5-NP,1214,1095,0,0,0,1095,A
5-NP,1215,1100,0,2,0,1102,A
5-NP,1216,1102,0,0,0,1102,A
5-NP,1217,0,0,0,1106,1106,C
5-NP,1218,1,0,0,1104,1105,C
5-NP,1219,1023,0,0,0,1023,A
5-NP,1220,1,0,1036,0,1037,G
5-NP,1221,0,1026,0,1,1027,T
5-NP,1222,0,0,1033,0,1033,G
5-NP,1223,0,1025,0,3,1028,T
5-NP,1224,1,1,1026,0,1028,G
5-NP,1225,0,2,0,1027,1029,C
5-NP,1226,1015,0,1,0,1016,A
5-NP,1227,1030,0,1,0,1031,A
5-NP,1228,0,0,0,1029,1029,C
5-NP,1229,1,0,0,1018,1019,C
5-NP,1230,0,1012,0,0,1012,T
5-NP,1231,1004,0,0,0,1004,A
5-NP,1232,0,1,0,1002,1003,C
5-NP,1233,1,0,1000,0,1001,G
5-NP,1234,0,987,0,0,987,T
5-NP,1235,0,991,0,0,991,T
5-NP,1236,0,978,0,0,978,T
5-NP,1237,0,969,0,0,969,T
5-NP,1238,2,0,0,971,973,C
5-NP,1239,0,964,0,0,964,T
5-NP,1240,1,0,989,0,990,G
5-NP,1241,0,986,0,0,986,T
5-NP,1242,987,0,4,0,991,A
5-NP,1243,1,1,0,989,991,C
5-NP,1244,975,1,0,0,976,A
5-NP,1245,985,0,0,0,985,A
5-NP,1246,977,1,0,2,980,A
5-NP,1247,0,0,985,0,985,G
5-NP,1248,985,0,2,0,987,A
5-NP,1249,961,1,0,0,962,A
5-NP,1250,964,0,1,1,966,A
5-NP,1251,0,0,0,964,964,C
5-NP,1252,1,1,0,954,956,C
5-NP,1253,0,951,0,4,955,T
5-NP,1254,1,0,0,951,952,C
5-NP,1255,2,0,0,949,951,C
5-NP,1256,1,0,0,949,950,C
5-NP,1257,948,0,0,0,948,A
5-NP,1258,0,951,0,1,952,T
5-NP,1259,1,950,0,0,951,T
5-NP,1260,0,949,0,0,949,T
5-NP,1261,0,4,944,0,948,G
5-NP,1262,949,1,0,0,950,A
5-NP,1263,947,0,0,0,947,A
5-NP,1264,950,0,0,0,950,A
5-NP,1265,942,0,1,0,943,A
5-NP,1266,2,0,950,0,952,G
5-NP,1267,0,944,0,2,946,T
5-NP,1268,4,0,0,943,947,C
5-NP,1269,941,1,1,0,943,A
5-NP,1270,947,0,1,0,948,A
5-NP,1271,0,0,0,953,953,C
5-NP,1272,1,0,0,953,954,C
5-NP,1273,956,0,0,0,956,A
5-NP,1274,0,963,0,0,963,T
5-NP,1275,4,1,0,952,957,C
5-NP,1276,944,1,1,0,946,A
5-NP,1277,0,952,0,0,952,T
5-NP,1278,0,0,952,0,952,G
5-NP,1279,1,0,950,0,951,G
5-NP,1280,0,1,0,950,951,C
5-NP,1281,931,0,2,0,933,A
5-NP,1282,0,0,931,0,931,G
5-NP,1283,0,0,0,921,921,C
5-NP,1284,923,0,0,0,923,A
5-NP,1285,0,922,0,0,922,T
5-NP,1286,0,916,0,1,917,T
5-NP,1287,1,0,0,922,923,C
5-NP,1288,915,1,0,0,916,A
5-NP,1289,0,0,0,921,921,C
5-NP,1290,0,917,0,1,918,T
5-NP,1291,0,0,925,0,925,G
5-NP,1292,0,1,934,0,935,G
5-NP,1293,931,0,2,0,933,A
5-NP,1294,934,0,1,0,935,A
5-NP,1295,930,0,0,0,930,A
5-NP,1296,0,928,0,1,929,T
5-NP,1297,928,0,1,0,929,A
5-NP,1298,0,0,0,929,929,C
5-NP,1299,0,2,920,0,922,G
5-NP,1300,2,1,921,0,924,G
5-NP,1301,904,0,1,0,905,A
5-NP,1302,0,1,916,0,917,G
5-NP,1303,2,0,911,0,913,G
5-NP,1304,0,0,917,0,917,G
5-NP,1305,912,0,3,0,915,A
5-NP,1306,913,0,0,0,913,A
5-NP,1307,0,3,912,0,915,G
5-NP,1308,913,0,1,0,914,A
5-NP,1309,911,0,1,0,912,A
5-NP,1310,0,0,0,917,917,C
5-NP,1311,0,903,0,2,905,T
5-NP,1312,0,910,1,0,911,T
5-NP,1313,2,0,0,905,907,C
5-NP,1314,903,1,2,0,906,A
5-NP,1315,0,3,909,0,912,G
5-NP,1316,902,1,1,0,904,A
5-NP,1317,1,0,0,903,904,C
5-NP,1318,891,0,1,0,892,A
5-NP,1319,0,877,0,2,879,T
5-NP,1320,0,1,876,0,877,G
5-NP,1321,865,0,2,0,867,A
5-NP,1322,0,0,878,0,878,G
5-NP,1323,0,2,870,0,872,G
5-NP,1324,2,1,866,0,869,G
5-NP,1325,0,0,0,868,868,C
5-NP,1326,857,0,2,1,860,A
5-NP,1327,0,1,861,1,863,G
5-NP,1328,856,0,3,0,859,A
5-NP,1329,863,1,1,0,865,A
5-NP,1330,867,0,0,0,867,A
5-NP,1331,0,861,0,2,863,T
5-NP,1332,2,0,0,866,868,C
5-NP,1333,860,0,1,1,862,A
5-NP,1334,0,861,0,0,861,T
5-NP,1335,861,0,0,0,861,A
5-NP,1336,852,0,2,0,854,A
5-NP,1337,0,1,861,0,862,G
5-NP,1338,851,0,0,0,851,A
5-NP,1339,857,0,0,0,857,A
5-NP,1340,1,838,0,0,839,T
5-NP,1341,1,3,837,0,841,G
5-NP,1342,839,0,1,0,840,A
5-NP,1343,1,837,0,1,839,T
5-NP,1344,0,2,838,0,840,G
5-NP,1345,0,1,840,0,841,G
5-NP,1346,822,0,0,0,822,A
5-NP,1347,825,0,0,0,825,A
5-NP,1348,794,0,0,0,794,A
5-NP,1349,0,0,807,0,807,G
5-NP,1350,0,808,0,0,808,T
5-NP,1351,0,0,807,0,807,G
5-NP,1352,0,1,0,805,806,C
5-NP,1353,805,0,0,0,805,A
5-NP,1354,807,0,1,0,808,A
5-NP,1355,803,0,0,0,803,A
5-NP,1356,810,0,0,0,810,A
5-NP,1357,0,0,0,814,814,C
5-NP,1358,2,1,0,809,812,C
5-NP,1359,800,0,0,0,800,A
5-NP,1360,0,0,805,0,805,G
5-NP,1361,803,0,0,0,803,A
5-NP,1362,806,0,1,0,807,A
5-NP,1363,0,0,806,0,806,G
5-NP,1364,800,0,1,0,801,A
5-NP,1365,775,0,0,0,775,A
5-NP,1366,0,0,780,0,780,G
5-NP,1367,0,773,0,2,775,T
5-NP,1368,1,0,778,0,779,G
5-NP,1369,0,774,0,0,774,T
5-NP,1370,3,1,0,766,770,C
5-NP,1371,775,0,1,0,776,A
5-NP,1372,0,781,0,0,781,T
5-NP,1373,0,771,0,0,771,T
5-NP,1374,2,0,1,777,780,C
5-NP,1375,0,1,0,764,765,C
5-NP,1376,1,0,763,0,764,G
5-NP,1377,1,0,769,0,770,G
5-NP,1378,0,1,766,0,767,G
5-NP,1379,0,1,767,0,768,G
5-NP,1380,0,0,769,0,769,G
5-NP,1381,746,0,1,0,747,A
5-NP,1382,0,1,749,0,750,G
5-NP,1383,0,0,745,0,745,G
5-NP,1384,0,0,746,0,746,G
5-NP,1385,1,3,739,0,743,G
5-NP,1386,727,0,0,0,727,A
5-NP,1387,0,0,732,0,732,G
5-NP,1388,1,725,0,0,726,T
5-NP,1389,0,0,0,718,718,C
5-NP,1390,0,723,0,1,724,T
5-NP,1391,0,726,0,0,726,T
5-NP,1392,1,0,0,725,726,C
5-NP,1393,1,0,726,0,727,G
5-NP,1394,720,0,2,0,722,A
5-NP,1395,0,1,727,0,728,G
5-NP,1396,0,0,0,717,717,C
5-NP,1397,0,705,0,7,712,T
5-NP,1398,0,1,0,717,718,C
5-NP,1399,0,713,0,1,714,T
5-NP,1400,2,0,0,715,717,C
5-NP,1401,715,0,1,0,716,A
5-NP,1402,0,1,715,0,716,G
5-NP,1403,717,0,0,0,717,A
5-NP,1404,0,0,1,708,709,C
5-NP,1405,0,2,704,0,706,G
5-NP,1406,689,0,2,0,691,A
5-NP,1407,1,0,692,0,693,G
5-NP,1408,684,0,0,0,684,A
5-NP,1409,680,0,2,0,682,A
5-NP,1410,1,0,680,0,681,G
5-NP,1411,0,0,675,0,675,G
5-NP,1412,0,1,0,670,671,C
5-NP,1413,668,0,0,0,668,A
5-NP,1414,666,1,0,0,667,A
5-NP,1415,0,0,0,667,667,C
5-NP,1416,2,3,663,0,668,G
5-NP,1417,668,0,0,0,668,A
5-NP,1418,663,0,2,0,665,A
5-NP,1419,2,0,0,664,666,C
5-NP,1420,1,3,0,655,659,C
5-NP,1421,0,0,0,654,654,C
5-NP,1422,0,1,652,0,653,G
5-NP,1423,656,0,2,0,658,A
5-NP,1424,0,655,0,1,656,T
5-NP,1425,1,0,0,643,644,C
5-NP,1426,0,0,639,0,639,G
5-NP,1427,0,635,0,1,636,T
5-NP,1428,0,0,641,0,641,G
5-NP,1429,0,0,0,639,639,C
5-NP,1430,2,1,0,635,638,C
5-NP,1431,0,0,0,637,637,C
5-NP,1432,0,627,0,0,627,T
5-NP,1433,1,0,0,636,637,C
5-NP,1434,0,634,0,2,636,T
5-NP,1435,0,631,0,0,631,T
5-NP,1436,0,630,0,2,632,T
5-NP,1437,0,622,0,0,622,T
5-NP,1438,0,2,621,0,623,G
5-NP,1439,622,0,0,0,622,A
5-NP,1440,0,613,0,0,613,T
5-NP,1441,610,0,1,0,611,A
5-NP,1442,0,505,0,1,506,T
5-NP,1443,0,2,507,0,509,G
5-NP,1444,500,0,0,0,500,A
5-NP,1445,0,0,506,0,506,G
5-NP,1446,0,500,0,1,501,T
5-NP,1447,489,0,0,0,489,A
5-NP,1448,489,0,0,0,489,A
5-NP,1449,0,486,0,1,487,T
5-NP,1450,0,0,486,0,486,G
5-NP,1451,484,0,0,0,484,A
5-NP,1452,423,0,2,0,425,A
5-NP,1453,0,0,424,0,424,G
5-NP,1454,0,0,398,0,398,G
5-NP,1455,392,0,1,0,393,A
5-NP,1456,0,390,0,1,391,T
5-NP,1457,0,0,0,383,383,C
5-NP,1458,0,383,0,0,383,T
5-NP,1459,0,381,0,0,381,T
5-NP,1460,380,0,0,0,380,A
5-NP,1461,1,378,0,0,379,T
5-NP,1462,0,371,0,0,371,T
5-NP,1463,1,366,0,0,367,T
5-NP,1464,1,0,0,358,359,C
5-NP,1465,0,341,0,0,341,T
5-NP,1466,0,343,0,0,343,T
5-NP,1467,1,0,0,342,343,C
5-NP,1468,1,0,334,0,335,G
5-NP,1469,0,0,338,0,338,G
5-NP,1470,335,0,1,0,336,A
5-NP,1471,0,0,336,0,336,G
5-NP,1472,334,0,0,0,334,A
5-NP,1473,0,0,0,329,329,C
5-NP,1474,317,0,0,0,317,A
5-NP,1475,317,0,0,0,317,A
5-NP,1476,0,316,0,0,316,T
5-NP,1477,0,0,317,0,317,G
5-NP,1478,0,0,0,316,316,C
5-NP,1479,301,0,0,0,301,A
5-NP,1480,0,0,302,0,302,G
5-NP,1481,300,0,0,0,300,A
5-NP,1482,276,0,0,0,276,A
5-NP,1483,0,0,274,0,274,G
5-NP,1484,191,0,1,0,192,A
5-NP,1485,0,0,192,0,192,G
5-NP,1486,0,170,0,0,170,T
5-NP,1487,169,0,0,0,169,A
5-NP,1488,0,152,0,1,153,T
5-NP,1489,0,0,153,0,153,G
5-NP,1490,153,0,0,0,153,A
5-NP,1491,0,0,0,152,152,C
5-NP,1492,100,0,0,0,100,A
5-NP,1493,98,0,0,0,98,A
5-NP,1494,0,55,0,0,55,T
5-NP,1495,0,54,0,0,54,T
5-NP,1496,53,0,0,0,53,A
5-NP,1497,52,0,0,0,52,A
6-NA,1,64,0,0,0,64,A
6-NA,2,0,64,0,0,64,T
6-NA,3,0,0,64,0,64,G
6-NA,4,65,0,0,0,65,A
6-NA,5,70,0,0,0,70,A
6-NA,6,0,71,0,0,71,T
6-NA,7,1,0,0,70,71,C
6-NA,8,0,0,0,71,71,C
6-NA,9,71,0,0,0,71,A
6-NA,10,75,0,0,0,75,A
6-NA,11,75,0,0,0,75,A
6-NA,12,1,75,0,0,76,T
6-NA,13,0,0,0,76,76,C
6-NA,14,77,0,0,0,77,A
6-NA,15,78,0,0,0,78,A
6-NA,16,77,0,1,0,78,A
6-NA,17,81,0,1,0,82,A
6-NA,18,0,0,88,0,88,G
6-NA,19,90,0,0,0,90,A
6-NA,20,0,90,0,0,90,T
6-NA,21,93,0,0,0,93,A
6-NA,22,93,0,0,0,93,A
6-NA,23,0,96,0,0,96,T
6-NA,24,96,0,0,0,96,A
6-NA,25,96,0,1,0,97,A
6-NA,26,0,0,0,102,102,C
6-NA,27,0,1,104,0,105,G
6-NA,28,104,0,1,0,105,A
6-NA,29,0,104,1,0,105,T
6-NA,30,0,105,0,0,105,T
6-NA,31,0,1,105,0,106,G
6-NA,32,0,0,115,0,115,G
6-NA,33,0,0,0,115,115,C
6-NA,34,0,115,0,0,115,T
6-NA,35,0,0,0,124,124,C
6-NA,36,0,123,0,1,124,T
6-NA,37,0,0,132,0,132,G
6-NA,38,0,132,0,0,132,T
6-NA,39,0,132,0,0,132,T
6-NA,40,0,136,0,0,136,T
6-NA,41,1,0,0,135,136,C
6-NA,42,0,134,0,0,134,T
6-NA,43,0,0,0,137,137,C
6-NA,44,0,137,0,0,137,T
6-NA,45,1,0,0,139,140,C
6-NA,46,140,0,0,0,140,A
6-NA,47,0,0,0,152,152,C
6-NA,48,0,0,0,152,152,C
6-NA,49,152,0,0,0,152,A
6-NA,50,0,152,0,0,152,T
6-NA,51,0,156,0,0,156,T
6-NA,52,0,159,0,0,159,T
6-NA,53,1,0,0,160,161,C
6-NA,54,0,0,0,163,163,C
6-NA,55,165,0,1,0,166,A
6-NA,56,0,0,0,174,174,C
6-NA,57,175,0,0,0,175,A
6-NA,58,182,0,0,0,182,A
6-NA,59,0,182,0,0,182,T
6-NA,60,190,0,0,0,190,A
6-NA,61,0,192,0,0,192,T
6-NA,62,0,0,194,0,194,G
6-NA,63,0,0,0,194,194,C
6-NA,64,0,193,0,1,194,T
6-NA,65,0,197,0,0,197,T
6-NA,66,0,1,0,197,198,C
6-NA,67,0,199,0,0,199,T
6-NA,68,0,200,0,0,200,T
6-NA,69,2,0,0,196,198,C
6-NA,70,197,1,0,0,198,A
6-NA,71,0,198,0,0,198,T
6-NA,72,0,0,197,0,197,G
6-NA,73,0,0,0,199,199,C
6-NA,74,198,0,0,0,198,A
6-NA,75,198,0,0,0,198,A
6-NA,76,198,0,0,0,198,A
6-NA,77,0,199,0,0,199,T
6-NA,78,0,200,0,0,200,T
6-NA,79,0,0,201,0,201,G
6-NA,80,0,0,0,200,200,C
6-NA,81,0,0,0,202,202,C
6-NA,82,203,0,0,0,203,A
6-NA,83,0,203,0,0,203,T
6-NA,84,0,0,0,219,219,C
6-NA,85,0,221,0,0,221,T
6-NA,86,0,223,0,0,223,T
6-NA,87,0,1,228,0,229,G
6-NA,88,227,0,0,0,227,A
6-NA,89,0,228,0,0,228,T
6-NA,90,229,0,0,0,229,A
6-NA,91,229,0,0,0,229,A
6-NA,92,0,0,0,259,259,C
6-NA,93,0,260,0,0,260,T
6-NA,94,269,0,0,0,269,A
6-NA,95,0,0,0,285,285,C
6-NA,96,0,282,0,0,282,T
6-NA,97,0,1,286,0,287,G
6-NA,98,0,288,0,0,288,T
6-NA,99,286,0,1,0,287,A
6-NA,100,294,0,0,0,294,A
6-NA,101,0,0,0,290,290,C
6-NA,102,287,0,0,0,287,A
6-NA,103,0,286,0,0,286,T
6-NA,104,0,278,0,2,280,T
6-NA,105,0,0,280,0,280,G
6-NA,106,0,0,0,281,281,C
6-NA,107,288,0,0,0,288,A
6-NA,108,0,289,0,0,289,T
6-NA,109,0,287,0,0,287,T
6-NA,110,0,285,0,0,285,T
6-NA,111,1,0,0,285,286,C
6-NA,112,287,1,0,0,288,A
6-NA,113,293,0,1,0,294,A
6-NA,114,0,0,296,0,296,G
6-NA,115,0,0,0,296,296,C
6-NA,116,293,0,0,0,293,A
6-NA,117,304,0,1,0,305,A
6-NA,118,1,311,0,0,312,T
6-NA,119,314,0,0,0,314,A
6-NA,120,0,313,0,0,313,T
6-NA,121,0,0,324,0,324,G
6-NA,122,319,0,2,0,321,A
6-NA,123,328,0,1,0,329,A
6-NA,124,0,331,0,0,331,T
6-NA,125,0,329,0,0,329,T
6-NA,126,0,0,0,332,332,C
6-NA,127,333,0,0,0,333,A
6-NA,128,335,0,0,0,335,A
6-NA,129,0,0,0,333,333,C
6-NA,130,0,332,0,1,333,T
6-NA,131,0,0,0,337,337,C
6-NA,132,0,0,0,337,337,C
6-NA,133,1,0,0,345,346,C
6-NA,134,0,1,0,345,346,C
6-NA,135,0,0,0,348,348,C
6-NA,136,1,0,0,350,351,C
6-NA,137,0,0,0,354,354,C
6-NA,138,356,0,0,0,356,A
6-NA,139,354,0,0,0,354,A
6-NA,140,355,0,1,0,356,A
6-NA,141,0,1,0,358,359,C
6-NA,142,355,0,0,0,355,A
6-NA,143,365,0,0,0,365,A
6-NA,144,0,0,0,364,364,C
6-NA,145,0,1,0,363,364,C
6-NA,146,376,0,0,0,376,A
6-NA,147,379,0,0,0,379,A
6-NA,148,0,0,387,0,387,G
6-NA,149,0,386,0,1,387,T
6-NA,150,1,1,383,0,385,G
6-NA,151,392,0,0,0,392,A
6-NA,152,0,390,0,0,390,T
6-NA,153,1,0,388,0,389,G
6-NA,154,0,0,0,392,392,C
6-NA,155,0,388,0,0,388,T
6-NA,156,0,0,409,0,409,G
6-NA,157,0,409,0,0,409,T
6-NA,158,0,0,411,0,411,G
6-NA,159,0,412,0,0,412,T
6-NA,160,0,3,402,0,405,G
6-NA,161,405,0,0,0,405,A
6-NA,162,409,0,0,0,409,A
6-NA,163,0,0,0,409,409,C
6-NA,164,2,0,0,407,409,C
6-NA,165,398,0,0,0,398,A
6-NA,166,402,0,0,0,402,A
6-NA,167,0,0,0,413,413,C
6-NA,168,411,0,0,0,411,A
6-NA,169,413,0,0,0,413,A
6-NA,170,0,415,0,0,415,T
6-NA,171,414,0,0,1,415,A
6-NA,172,412,2,0,0,414,A
6-NA,173,0,415,0,0,415,T
6-NA,174,414,0,0,0,414,A
6-NA,175,0,1,417,0,418,G
6-NA,176,409,1,1,0,411,A
6-NA,177,411,0,0,0,411,A
6-NA,178,408,0,1,0,409,A
6-NA,179,0,0,414,0,414,G
6-NA,180,420,0,0,0,420,A
6-NA,181,422,0,0,0,422,A
6-NA,182,442,0,0,0,442,A
6-NA,183,0,0,0,443,443,C
6-NA,184,442,0,0,0,442,A
6-NA,185,0,448,0,1,449,T
6-NA,186,454,0,0,0,454,A
6-NA,187,457,0,1,0,458,A
6-NA,188,0,0,0,467,467,C
6-NA,189,456,0,1,0,457,A
6-NA,190,0,2,475,0,477,G
6-NA,191,474,0,0,0,474,A
6-NA,192,0,2,472,0,474,G
6-NA,193,476,0,0,0,476,A
6-NA,194,0,491,0,0,491,T
6-NA,195,490,0,0,0,490,A
6-NA,196,0,0,495,0,495,G
6-NA,197,0,489,0,1,490,T
6-NA,198,0,0,502,0,502,G
6-NA,199,0,506,0,0,506,T
6-NA,200,504,1,0,0,505,A
6-NA,201,0,503,0,0,503,T
6-NA,202,0,0,0,500,500,C
6-NA,203,0,490,0,0,490,T
6-NA,204,0,2,496,0,498,G
6-NA,205,496,0,0,0,496,A
6-NA,206,1,1,0,492,494,C
6-NA,207,2,0,0,494,496,C
6-NA,208,496,0,0,0,496,A
6-NA,209,497,0,0,0,497,A
6-NA,210,0,0,0,504,504,C
6-NA,211,501,0,1,0,502,A
6-NA,212,2,0,0,513,515,C
6-NA,213,0,0,0,508,508,C
6-NA,214,515,0,0,0,515,A
6-NA,215,0,0,0,538,538,C
6-NA,216,2,1,0,531,534,C
6-NA,217,537,0,0,0,537,A
6-NA,218,0,535,0,0,535,T
6-NA,219,531,0,0,0,531,A
6-NA,220,0,2,530,1,533,G
6-NA,221,518,0,0,0,518,A
6-NA,222,0,0,524,0,524,G
6-NA,223,516,0,0,0,516,A
6-NA,224,513,0,3,0,516,A
6-NA,225,0,0,514,0,514,G
6-NA,226,0,1,519,0,520,G
6-NA,227,518,0,0,0,518,A
6-NA,228,519,0,0,0,519,A
6-NA,229,517,0,2,1,520,A
6-NA,230,0,520,0,0,520,T
6-NA,231,512,0,0,0,512,A
6-NA,232,0,510,0,0,510,T
6-NA,233,0,0,509,0,509,G
6-NA,234,0,1,0,516,517,C
6-NA,235,0,0,0,509,509,C
6-NA,236,2,0,0,505,507,C
6-NA,237,1,0,0,513,514,C
6-NA,238,516,0,1,0,517,A
6-NA,239,527,0,0,0,527,A
6-NA,240,525,0,0,0,525,A
6-NA,241,0,1,0,526,527,C
6-NA,242,0,526,0,1,527,T
6-NA,243,525,0,0,0,525,A
6-NA,244,0,0,524,0,524,G
6-NA,245,1,0,0,522,523,C
6-NA,246,525,0,0,0,525,A
6-NA,247,0,2,529,0,531,G
6-NA,248,531,0,0,0,531,A
6-NA,249,547,0,0,0,547,A
6-NA,250,0,548,0,0,548,T
6-NA,251,547,0,0,0,547,A
6-NA,252,1,1,0,547,549,C
6-NA,253,547,0,0,0,547,A
6-NA,254,0,2,547,0,549,G
6-NA,255,547,0,0,0,547,A
6-NA,256,548,0,0,0,548,A
6-NA,257,549,0,0,0,549,A
6-NA,258,0,537,0,0,537,T
6-NA,259,0,533,0,0,533,T
6-NA,260,0,1,540,1,542,G
6-NA,261,1,0,541,0,542,G
6-NA,262,0,541,0,1,542,T
6-NA,263,4,0,0,537,541,C
6-NA,264,540,0,0,0,540,A
6-NA,265,542,0,0,0,542,A
6-NA,266,540,0,0,0,540,A
6-NA,267,0,0,545,0,545,G
6-NA,268,0,1,0,544,545,C
6-NA,269,0,0,0,539,539,C
6-NA,270,0,0,540,0,540,G
6-NA,271,0,0,0,542,542,C
6-NA,272,545,0,0,0,545,A
6-NA,273,555,0,0,0,555,A
6-NA,274,0,554,0,0,554,T
6-NA,275,1,0,555,0,556,G
6-NA,276,0,553,1,0,554,T
6-NA,277,1,2,551,0,554,G
6-NA,278,563,0,1,0,564,A
6-NA,279,0,0,0,571,571,C
6-NA,280,579,0,1,0,580,A
6-NA,281,0,585,0,0,585,T
6-NA,282,0,582,0,0,582,T
6-NA,283,583,1,0,0,584,A
6-NA,284,0,0,0,580,580,C
6-NA,285,579,0,0,0,579,A
6-NA,286,1,0,579,0,580,G
6-NA,287,0,2,568,0,570,G
6-NA,288,0,0,551,0,551,G
6-NA,289,0,558,0,0,558,T
6-NA,290,0,558,0,0,558,T
6-NA,291,2,559,0,0,561,T
6-NA,292,0,0,564,0,564,G
6-NA,293,0,0,0,561,561,C
6-NA,294,563,0,0,0,563,A
6-NA,295,0,0,0,559,559,C
6-NA,296,0,0,0,560,560,C
6-NA,297,1,557,0,1,559,T
6-NA,298,0,562,0,0,562,T
6-NA,299,0,564,0,0,564,T
6-NA,300,0,564,0,0,564,T
6-NA,301,0,574,0,0,574,T
6-NA,302,0,0,0,578,578,C
6-NA,303,0,579,0,0,579,T
6-NA,304,577,0,0,0,577,A
6-NA,305,575,0,1,0,576,A
6-NA,306,0,1,579,0,580,G
6-NA,307,0,3,579,0,582,G
6-NA,308,583,0,0,0,583,A
6-NA,309,0,0,0,589,589,C
6-NA,310,583,0,0,0,583,A
6-NA,311,585,0,0,0,585,A
6-NA,312,0,581,0,0,581,T
6-NA,313,0,581,0,0,581,T
6-NA,314,3,0,0,587,590,C
6-NA,315,0,2,587,0,589,G
6-NA,316,589,0,1,0,590,A
6-NA,317,0,587,0,0,587,T
6-NA,318,0,585,1,0,586,T
6-NA,319,586,0,1,0,587,A
6-NA,320,1,0,594,0,595,G
6-NA,321,0,0,593,0,593,G
6-NA,322,0,0,0,597,597,C
6-NA,323,0,585,0,1,586,T
6-NA,324,0,589,0,0,589,T
6-NA,325,0,589,0,1,590,T
6-NA,326,0,0,0,591,591,C
6-NA,327,0,0,0,590,590,C
6-NA,328,0,0,592,0,592,G
6-NA,329,0,0,0,591,591,C
6-NA,330,0,589,0,0,589,T
6-NA,331,0,0,601,0,601,G
6-NA,332,0,0,599,0,599,G
6-NA,333,0,602,0,1,603,T
6-NA,334,0,0,605,0,605,G
6-NA,335,1,0,600,0,601,G
6-NA,336,0,1,606,0,607,G
6-NA,337,0,0,607,0,607,G
6-NA,338,604,1,0,0,605,A
6-NA,339,0,0,0,609,609,C
6-NA,340,594,1,1,0,596,A
6-NA,341,0,588,0,0,588,T
6-NA,342,0,0,0,594,594,C
6-NA,343,0,591,0,0,591,T
6-NA,344,1,1,598,0,600,G
6-NA,345,0,1,596,0,597,G
6-NA,346,0,0,604,0,604,G
6-NA,347,0,602,0,0,602,T
6-NA,348,0,1,595,0,596,G
6-NA,349,595,0,1,0,596,A
6-NA,350,0,0,0,617,617,C
6-NA,351,619,0,0,0,619,A
6-NA,352,680,0,1,0,681,A
6-NA,353,0,3,706,0,709,G
6-NA,354,708,0,1,0,709,A
6-NA,355,1,0,762,0,763,G
6-NA,356,812,0,1,0,813,A
6-NA,357,943,0,1,0,944,A
6-NA,358,0,2,0,1359,1361,C
6-NA,359,1,0,0,1511,1512,C
6-NA,360,0,1514,0,2,1516,T
6-NA,361,0,1537,0,0,1537,T
6-NA,362,1540,0,0,0,1540,A
6-NA,363,0,1548,0,1,1549,T
6-NA,364,0,2,1699,0,1701,G
6-NA,365,0,1734,0,1,1735,T
6-NA,366,0,0,1819,1,1820,G
6-NA,367,0,1804,0,0,1804,T
6-NA,368,6,1,0,1799,1806,C
6-NA,369,1802,13,3,32,1850,A
6-NA,370,0,1851,0,2,1853,T
6-NA,371,0,1,1852,0,1853,G
6-NA,372,0,1,0,1854,1855,C
6-NA,373,2,5,1852,1,1860,G
6-NA,374,2202,0,2,1,2205,A
6-NA,375,0,2206,0,1,2207,T
6-NA,376,2,1,0,2269,2272,C
6-NA,377,2,1,1,2281,2285,C
6-NA,378,0,2376,0,6,2382,T
6-NA,379,1,14,2413,0,2428,G
6-NA,380,2421,2,4,1,2428,A
6-NA,381,1,1,0,2433,2435,C
6-NA,382,2426,0,4,0,2430,A
6-NA,383,2423,0,3,1,2427,A
6-NA,384,0,0,2598,0,2598,G
6-NA,385,1,2590,0,3,2594,T
6-NA,386,0,0,2638,0,2638,G
6-NA,387,1,2635,0,1,2637,T
6-NA,388,0,2630,0,4,2634,T
6-NA,389,2640,0,1,1,2642,A
6-NA,390,0,2639,0,5,2644,T
6-NA,391,7,0,1,2699,2707,C
6-NA,392,2714,0,3,0,2717,A
6-NA,393,2709,0,2,0,2711,A
6-NA,394,0,2706,0,3,2709,T
6-NA,395,0,2694,0,2,2696,T
6-NA,396,0,2696,1,4,2701,T
6-NA,397,0,1,2728,0,2729,G
6-NA,398,1,1,0,2993,2995,C
6-NA,399,3,0,0,2986,2989,C
6-NA,400,2,2,0,3011,3015,C
6-NA,401,1,3008,0,1,3010,T
6-NA,402,0,3010,0,6,3016,T
6-NA,403,4,10,3062,1,3077,G
6-NA,404,1,6,3081,0,3088,G
6-NA,405,3110,0,5,0,3115,A
6-NA,406,0,1,0,3119,3120,C
6-NA,407,3076,1,4,0,3081,A
6-NA,408,1,5,3192,0,3198,G
6-NA,409,0,6,3186,0,3192,G
6-NA,410,0,17,3328,0,3345,G
6-NA,411,3336,1,9,0,3346,A
6-NA,412,3330,1,10,0,3341,A
6-NA,413,0,2,0,3345,3347,C
6-NA,414,3346,0,3,0,3349,A
6-NA,415,3753,0,9,1,3763,A
6-NA,416,0,2,0,3791,3793,C
6-NA,417,3759,0,3,0,3762,A
6-NA,418,1,1,0,3799,3801,C
6-NA,419,1,3754,0,3,3758,T
6-NA,420,3817,0,3,0,3820,A
6-NA,421,3811,2,4,0,3817,A
6-NA,422,3838,0,7,0,3845,A
6-NA,423,0,3,0,3852,3855,C
6-NA,424,3740,1,2,0,3743,A
6-NA,425,3800,0,0,0,3800,A
6-NA,426,2,1,0,3824,3827,C
6-NA,427,2,0,3818,0,3820,G
6-NA,428,0,3823,0,4,3827,T
6-NA,429,3795,0,4,0,3799,A
6-NA,430,2,1,0,3871,3874,C
6-NA,431,3873,0,1,0,3874,A
6-NA,432,2,3890,0,4,3896,T
6-NA,433,0,3899,0,1,3900,T
6-NA,434,10,1,1,4120,4132,C
6-NA,435,4252,0,1,0,4253,A
6-NA,436,4282,0,2,0,4284,A
6-NA,437,4275,0,1,0,4276,A
6-NA,438,0,4286,0,1,4287,T
6-NA,439,4260,0,3,0,4263,A
6-NA,440,4417,0,5,0,4422,A
6-NA,441,1,1,0,4440,4442,C
6-NA,442,4433,1,6,0,4440,A
6-NA,443,0,2,0,4516,4518,C
6-NA,444,4444,0,4,0,4448,A
6-NA,445,0,0,5410,1,5411,G
6-NA,446,0,5410,0,3,5413,T
6-NA,447,5551,1,3,0,5555,A
6-NA,448,3,3,0,5563,5569,C
6-NA,449,4,0,5569,2,5575,G
6-NA,450,1,5830,0,7,5838,T
6-NA,451,2,19,5815,1,5837,G
6-NA,452,5876,0,8,1,5885,A
6-NA,453,0,5911,0,5,5916,T
6-NA,454,5676,0,9,0,5685,A
6-NA,455,4,6,5673,0,5683,G
6-NA,456,5,17,5638,0,5660,G
6-NA,457,5671,2,6,2,5681,A
6-NA,458,1,4,0,5797,5802,C
6-NA,459,7,4,1,5746,5758,C
6-NA,460,10,1,0,5810,5821,C
6-NA,461,13,0,0,5837,5850,C
6-NA,462,2,5895,0,8,5905,T
6-NA,463,0,5992,0,2,5994,T
6-NA,464,6034,1,3,1,6039,A
6-NA,465,0,6039,1,2,6042,T
6-NA,466,8,4,0,6028,6040,C
6-NA,467,1,18,5997,0,6016,G
6-NA,468,0,16,5997,0,6013,G
6-NA,469,6007,5,12,1,6025,A
6-NA,470,2,0,1,6090,6093,C
6-NA,471,10,3,1,6048,6062,C
6-NA,472,4,0,0,6399,6403,C
6-NA,473,2,6383,0,12,6397,T
6-NA,474,6514,0,0,0,6514,A
6-NA,475,1,6504,0,5,6510,T
6-NA,476,0,6524,0,1,6525,T
6-NA,477,2,18,6513,0,6533,G
6-NA,478,6537,0,9,0,6546,A
6-NA,479,0,6547,1,2,6550,T
6-NA,480,0,35,6530,2,6567,G
6-NA,481,6412,2,7,0,6421,A
6-NA,482,6429,1,10,1,6441,A
6-NA,483,0,6461,0,9,6470,T
6-NA,484,2,27,6548,0,6577,G
6-NA,485,6676,1,6,2,6685,A
6-NA,486,3,3,6766,0,6772,G
6-NA,487,1,6741,1,8,6751,T
6-NA,488,1,6760,0,4,6765,T
6-NA,489,6764,0,7,1,6772,A
6-NA,490,0,4,6788,1,6793,G
6-NA,491,2,4,6815,0,6821,G
6-NA,492,1,6792,4,19,6816,T
6-NA,493,3,0,6804,1,6808,G
6-NA,494,2,6754,0,20,6776,T
6-NA,495,1,6726,1,23,6751,T
6-NA,496,20,3,0,6789,6812,C
6-NA,497,8,1,0,6834,6843,C
6-NA,498,1,6839,1,10,6851,T
6-NA,499,1,6826,0,11,6838,T
6-NA,500,3,6825,0,7,6835,T
6-NA,501,0,6839,2,3,6844,T
6-NA,502,16,2,0,6854,6872,C
6-NA,503,6859,1,6,0,6866,A
6-NA,504,2,7031,1,8,7042,T
6-NA,505,7,2,0,7038,7047,C
6-NA,506,4,6999,2,4,7009,T
6-NA,507,7,11,6989,0,7007,G
6-NA,508,3,17,6962,0,6982,G
6-NA,509,6,10,6985,0,7001,G
6-NA,510,1,26,7058,1,7086,G
6-NA,511,7078,0,4,0,7082,A
6-NA,512,1,5,0,7137,7143,C
6-NA,513,10,1,1,7048,7060,C
6-NA,514,7140,3,8,2,7153,A
6-NA,515,7164,0,7,0,7171,A
6-NA,516,3,2,7174,0,7179,G
6-NA,517,1,3,0,7200,7204,C
6-NA,518,7176,4,8,0,7188,A
6-NA,519,7279,1,10,2,7292,A
6-NA,520,2,2,7328,0,7332,G
6-NA,521,2,7293,0,4,7299,T
6-NA,522,3,2,7511,0,7516,G
6-NA,523,1,7466,2,10,7479,T
6-NA,524,6,3,7667,0,7676,G
6-NA,525,3,2,0,7681,7686,C
6-NA,526,7665,2,7,0,7674,A
6-NA,527,4,7745,0,5,7754,T
6-NA,528,7645,0,6,1,7652,A
6-NA,529,3,2,7875,1,7881,G
6-NA,530,4,0,0,7872,7876,C
6-NA,531,7736,1,10,1,7748,A
6-NA,532,0,7733,0,8,7741,T
6-NA,533,4,25,7568,1,7598,G
6-NA,534,4,2,8034,0,8040,G
6-NA,535,4,8024,0,20,8048,T
6-NA,536,22,0,2,7995,8019,C
6-NA,537,11,3,0,8034,8048,C
6-NA,538,7953,0,14,0,7967,A
6-NA,539,6,1,8104,1,8112,G
6-NA,540,1,1,0,8119,8121,C
6-NA,541,0,8085,0,26,8111,T
6-NA,542,18,1,0,8107,8126,C
6-NA,543,7940,0,7,1,7948,A
6-NA,544,7995,1,9,0,8005,A
6-NA,545,2,1,8024,0,8027,G
6-NA,546,1,8027,1,5,8034,T
6-NA,547,0,7996,0,13,8009,T
6-NA,548,3,2,8000,0,8005,G
6-NA,549,2,7982,1,11,7996,T
6-NA,550,38,3,1,7952,7994,C
6-NA,551,7998,0,6,1,8005,A
6-NA,552,1,8,0,8037,8046,C
6-NA,553,9,9,8010,0,8028,G
6-NA,554,8127,3,10,1,8141,A
6-NA,555,1,8152,0,9,8162,T
6-NA,556,3,8,8261,1,8273,G
6-NA,557,0,42,8254,0,8296,G
6-NA,558,8279,3,20,0,8302,A
6-NA,559,8292,0,14,2,8308,A
6-NA,560,8354,1,22,0,8377,A
6-NA,561,8365,0,19,1,8385,A
6-NA,562,4,3,8460,0,8467,G
6-NA,563,2,2,0,8440,8444,C
6-NA,564,8411,2,9,0,8422,A
6-NA,565,0,8402,0,6,8408,T
6-NA,566,7,13,8443,0,8463,G
6-NA,567,5,3,8496,0,8504,G
6-NA,568,3,3,2,8544,8552,C
6-NA,569,2,8509,2,15,8528,T
6-NA,570,5,3,8575,0,8583,G
6-NA,571,2,2,0,8535,8539,C
6-NA,572,8566,2,8,0,8576,A
6-NA,573,1,8826,1,10,8838,T
6-NA,574,0,1,8848,0,8849,G
6-NA,575,0,8858,0,9,8867,T
6-NA,576,1,9011,0,9,9021,T
6-NA,577,4,8983,1,13,9001,T
6-NA,578,5,1,9448,2,9456,G
6-NA,579,0,9422,1,9,9432,T
6-NA,580,9440,1,7,0,9448,A
6-NA,581,1,9464,0,4,9469,T
6-NA,582,9339,0,4,1,9344,A
6-NA,583,9375,0,10,1,9386,A
6-NA,584,1,2,1,9332,9336,C
6-NA,585,7,13,9220,2,9242,G
6-NA,586,4,9,9257,1,9271,G
6-NA,587,2,14,9119,1,9136,G
6-NA,588,2,14,9137,0,9153,G
6-NA,589,7,10,9147,0,9164,G
6-NA,590,9131,1,11,0,9143,A
6-NA,591,1,9162,1,6,9170,T
6-NA,592,2,30,9168,1,9201,G
6-NA,593,9231,3,10,0,9244,A
6-NA,594,0,9271,0,4,9275,T
6-NA,595,9237,1,10,0,9248,A
6-NA,596,9379,0,2,2,9383,A
6-NA,597,9391,1,11,1,9404,A
6-NA,598,9408,1,6,1,9416,A
6-NA,599,9432,3,12,1,9448,A
6-NA,600,0,9436,1,4,9441,T
6-NA,601,3,2,9420,1,9426,G
6-NA,602,1,7,0,9414,9422,C
6-NA,603,9399,1,13,0,9413,A
6-NA,604,9435,4,11,0,9450,A
6-NA,605,2,2,0,9517,9521,C
6-NA,606,3,9504,1,10,9518,T
6-NA,607,4,2,9535,0,9541,G
6-NA,608,3,0,0,9527,9530,C
6-NA,609,19,9510,0,15,9544,T
6-NA,610,9534,2,9,0,9545,A
6-NA,611,7,1,9548,1,9557,G
6-NA,612,4,3,0,9629,9636,C
6-NA,613,1,9618,0,16,9635,T
6-NA,614,3,9603,0,4,9610,T
6-NA,615,28,15,0,9648,9691,C
6-NA,616,9723,1,6,1,9731,A
6-NA,617,1,9720,1,3,9725,T
6-NA,618,2,9738,1,7,9748,T
6-NA,619,0,9779,1,6,9786,T
6-NA,620,9811,2,8,1,9822,A
6-NA,621,2,3,0,9880,9885,C
6-NA,622,9818,2,7,1,9828,A
6-NA,623,9854,1,22,0,9877,A
6-NA,624,1,9816,0,6,9823,T
6-NA,625,7,17,9782,1,9807,G
6-NA,626,3,5,9775,0,9783,G
6-NA,627,2,18,9755,2,9777,G
6-NA,628,9706,1,24,1,9732,A
6-NA,629,3,9,9916,0,9928,G
6-NA,630,4,3,9978,0,9985,G
6-NA,631,1,3,0,10566,10570,C
6-NA,632,0,10548,1,21,10570,T
6-NA,633,0,10640,0,10,10650,T
6-NA,634,6,1,10750,0,10757,G
6-NA,635,0,10755,0,5,10760,T
6-NA,636,10867,1,14,1,10883,A
6-NA,637,4,20,10898,0,10922,G
6-NA,638,10729,2,12,1,10744,A
6-NA,639,2,10763,2,4,10771,T
6-NA,640,10084,2,7,2,10095,A
6-NA,641,2,2,10107,0,10111,G
6-NA,642,3,10015,0,7,10025,T
6-NA,643,0,1,9882,0,9883,G
6-NA,644,2,10219,0,10,10231,T
6-NA,645,1,10221,0,8,10230,T
6-NA,646,11,2,10357,0,10370,G
6-NA,647,1,10310,3,24,10338,T
6-NA,648,0,10344,1,11,10356,T
6-NA,649,3,10348,0,13,10364,T
6-NA,650,32,7,1,10186,10226,C
6-NA,651,10193,3,15,1,10212,A
6-NA,652,1,10153,0,8,10162,T
6-NA,653,1,23,10150,2,10176,G
6-NA,654,3,1,10671,2,10677,G
6-NA,655,3,10582,1,14,10600,T
6-NA,656,28,4,0,10571,10603,C
6-NA,657,28,0,1,10577,10606,C
6-NA,658,10640,1,3,0,10644,A
6-NA,659,10714,1,4,0,10719,A
6-NA,660,10695,1,23,0,10719,A
6-NA,661,15,19,10727,0,10761,G
6-NA,662,10714,1,16,1,10732,A
6-NA,663,10430,0,12,0,10442,A
6-NA,664,10419,5,22,0,10446,A
6-NA,665,1,10402,0,16,10419,T
6-NA,666,30,2,0,10642,10674,C
6-NA,667,16,1,1,10658,10676,C
6-NA,668,4,10626,1,16,10647,T
6-NA,669,14,2,0,10640,10656,C
6-NA,670,10618,4,9,2,10633,A
6-NA,671,1,8,10694,1,10704,G
6-NA,672,2,21,10679,0,10702,G
6-NA,673,10897,6,17,0,10920,A
6-NA,674,6,1,0,10887,10894,C
6-NA,675,11,11,0,10697,10719,C
6-NA,676,16,5,0,10724,10745,C
6-NA,677,10739,2,9,1,10751,A
6-NA,678,1,7,10762,0,10770,G
6-NA,679,3,26,10772,0,10801,G
6-NA,680,10724,0,25,1,10750,A
6-NA,681,14,0,10863,2,10879,G
6-NA,682,0,10686,1,17,10704,T
6-NA,683,29,4,0,10695,10728,C
6-NA,684,10694,4,18,1,10717,A
6-NA,685,1,15,10756,0,10772,G
6-NA,686,10718,2,22,2,10744,A
6-NA,687,10737,0,5,1,10743,A
6-NA,688,2,10691,0,14,10707,T
6-NA,689,5,2,10751,0,10758,G
6-NA,690,6,7,1,10713,10727,C
6-NA,691,5,3,10781,0,10789,G
6-NA,692,0,10735,2,11,10748,T
6-NA,693,1,10745,0,14,10760,T
6-NA,694,0,10692,0,10,10702,T
6-NA,695,6,4,10792,0,10802,G
6-NA,696,1,10821,0,12,10834,T
6-NA,697,10826,1,4,1,10832,A
6-NA,698,4,10773,0,8,10785,T
6-NA,699,35,1,0,10730,10766,C
6-NA,700,10735,3,4,3,10745,A
6-NA,701,10742,0,2,1,10745,A
6-NA,702,3,10735,0,6,10744,T
6-NA,703,6,15,10715,0,10736,G
6-NA,704,8,24,10714,1,10747,G
6-NA,705,10907,0,11,0,10918,A
6-NA,706,10907,1,12,0,10920,A
6-NA,707,0,2,1,11003,11006,C
6-NA,708,2,11022,1,14,11039,T
6-NA,709,0,11001,0,8,11009,T
6-NA,710,7,1,11326,0,11334,G
6-NA,711,5,11314,0,19,11338,T
6-NA,712,11328,1,12,0,11341,A
6-NA,713,4,3,1,11485,11493,C
6-NA,714,11226,2,14,0,11242,A
6-NA,715,4,6,11929,1,11940,G
6-NA,716,0,11841,0,12,11853,T
6-NA,717,12239,2,6,2,12249,A
6-NA,718,1,4,12296,0,12301,G
6-NA,719,2,12056,0,8,12066,T
6-NA,720,12054,0,2,2,12058,A
6-NA,721,12040,3,5,2,12050,A
6-NA,722,0,11980,0,10,11990,T
6-NA,723,1,54,11994,0,12049,G
6-NA,724,11755,6,12,0,11773,A
6-NA,725,0,2,1,11856,11859,C
6-NA,726,3,11523,0,10,11536,T
6-NA,727,3,34,11557,0,11594,G
6-NA,728,11576,1,15,2,11594,A
6-NA,729,2,11607,1,16,11626,T
6-NA,730,3,11,11615,0,11629,G
6-NA,731,1,9,11549,1,11560,G
6-NA,732,6,22,11560,0,11588,G
6-NA,733,11393,1,18,0,11412,A
6-NA,734,4,1,11402,1,11408,G
6-NA,735,1,11339,2,9,11351,T
6-NA,736,4,8,11388,1,11401,G
6-NA,737,5,15,0,11438,11458,C
6-NA,738,2,11433,1,19,11455,T
6-NA,739,1,11439,1,9,11450,T
6-NA,740,19,4,1,11449,11473,C
6-NA,741,11431,1,22,0,11454,A
6-NA,742,2,18,11503,1,11524,G
6-NA,743,0,28,11496,2,11526,G
6-NA,744,11488,0,7,3,11498,A
6-NA,745,11374,3,22,1,11400,A
6-NA,746,11292,2,13,1,11308,A
6-NA,747,11322,0,35,3,11360,A
6-NA,748,1,3,11409,0,11413,G
6-NA,749,5,2,0,11396,11403,C
6-NA,750,0,11338,1,7,11346,T
6-NA,751,27,19,11297,0,11343,G
6-NA,752,11305,5,10,0,11320,A
6-NA,753,0,11411,1,5,11417,T
6-NA,754,11446,2,9,2,11459,A
6-NA,755,2,1,0,11915,11918,C
6-NA,756,0,11825,3,11,11839,T
6-NA,757,11837,1,6,1,11845,A
6-NA,758,11830,4,8,1,11843,A
6-NA,759,11848,3,8,0,11859,A
6-NA,760,12110,2,10,2,12124,A
6-NA,761,2,12105,1,7,12115,T
6-NA,762,12079,0,7,1,12087,A
6-NA,763,2,3,0,12132,12137,C
6-NA,764,1,11680,0,8,11689,T
6-NA,765,11824,1,4,0,11829,A
6-NA,766,3,11738,0,27,11768,T
6-NA,767,1,12230,2,10,12243,T
6-NA,768,56,2,0,12244,12302,C
6-NA,769,12063,3,8,0,12074,A
6-NA,770,3,12068,1,8,12080,T
6-NA,771,1,12035,0,5,12041,T
6-NA,772,1,18,12066,0,12085,G
6-NA,773,11988,2,13,2,12005,A
6-NA,774,8,14,11951,1,11974,G
6-NA,775,1,9,11940,1,11951,G
6-NA,776,11554,2,16,1,11573,A
6-NA,777,6,8,11723,1,11738,G
6-NA,778,3,17,11703,1,11724,G
6-NA,779,4,18,11739,0,11761,G
6-NA,780,5,22,11748,1,11776,G
6-NA,781,11667,4,22,2,11695,A
6-NA,782,11712,1,21,2,11736,A
6-NA,783,11700,0,9,0,11709,A
6-NA,784,11690,5,18,1,11714,A
6-NA,785,0,11718,0,1,11719,T
6-NA,786,55,9,1,11596,11661,C
6-NA,787,5,1,11777,0,11783,G
6-NA,788,1,11755,1,6,11763,T
6-NA,789,3,11719,2,22,11746,T
6-NA,790,48,5,0,11710,11763,C
6-NA,791,11766,1,7,1,11775,A
6-NA,792,2,12526,0,5,12533,T
6-NA,793,12503,1,9,0,12513,A
6-NA,794,2,1,1,12587,12591,C
6-NA,795,1,12542,0,12,12555,T
6-NA,796,12536,0,16,0,12552,A
6-NA,797,4,4,12550,1,12559,G
6-NA,798,1,5,0,12562,12568,C
6-NA,799,12559,3,10,0,12572,A
6-NA,800,1,2,0,12619,12622,C
6-NA,801,12058,2,9,0,12069,A
6-NA,802,0,12270,4,5,12279,T
6-NA,803,1,12204,1,8,12214,T
6-NA,804,5,1,13058,0,13064,G
6-NA,805,2,12995,1,11,13009,T
6-NA,806,37,6,0,12962,13005,C
6-NA,807,12977,0,21,0,12998,A
6-NA,808,6,13,13006,0,13025,G
6-NA,809,4,23,13031,2,13060,G
6-NA,810,13028,0,4,0,13032,A
6-NA,811,12815,0,29,3,12847,A
6-NA,812,3,0,13009,0,13012,G
6-NA,813,0,12297,0,14,12311,T
6-NA,814,7,3,12379,0,12389,G
6-NA,815,4,3,0,12360,12367,C
6-NA,816,5,12347,2,14,12368,T
6-NA,817,28,3,0,12351,12382,C
6-NA,818,12310,1,16,1,12328,A
6-NA,819,4,4,12404,2,12414,G
6-NA,820,1,2,3,12405,12411,C
6-NA,821,12373,1,21,1,12396,A
6-NA,822,1,12384,1,5,12391,T
6-NA,823,9,4,12755,2,12770,G
6-NA,824,3,12758,0,17,12778,T
6-NA,825,40,8,0,12733,12781,C
6-NA,826,6,30,12739,0,12775,G
6-NA,827,12727,1,11,2,12741,A
6-NA,828,4,6,12673,1,12684,G
6-NA,829,2,30,12645,0,12677,G
6-NA,830,12552,0,25,1,12578,A
6-NA,831,4,2,12738,1,12745,G
6-NA,832,2,12303,2,9,12316,T
6-NA,833,6,6,12341,0,12353,G
6-NA,834,7,4,0,12506,12517,C
6-NA,835,3,12462,2,26,12493,T
6-NA,836,35,4,0,12502,12541,C
6-NA,837,9,2,0,12579,12590,C
6-NA,838,4,12561,1,18,12584,T
6-NA,839,5,2,12626,1,12634,G
6-NA,840,9,2,0,12521,12532,C
6-NA,841,1,12420,0,15,12436,T
6-NA,842,12514,1,14,0,12529,A
6-NA,843,2,12318,2,8,12330,T
6-NA,844,19,4,0,12379,12402,C
6-NA,845,26,6,1,12341,12374,C
6-NA,846,2,12351,2,20,12375,T
6-NA,847,19,7,1,12420,12447,C
6-NA,848,8,23,12393,1,12425,G
6-NA,849,12499,0,10,0,12509,A
6-NA,850,3,12487,2,23,12515,T
6-NA,851,12500,1,4,1,12506,A
6-NA,852,4,12472,2,12,12490,T
6-NA,853,20,2,8,12430,12460,C
6-NA,854,13,1,1,12417,12432,C
6-NA,855,3,12324,1,14,12342,T
6-NA,856,4,9,12396,0,12409,G
6-NA,857,4,3,12467,1,12475,G
6-NA,858,1,12559,1,24,12585,T
6-NA,859,4,3,12600,0,12607,G
6-NA,860,2,12525,3,18,12548,T
6-NA,861,76,2,1,12463,12542,C
6-NA,862,12522,1,11,2,12536,A
6-NA,863,3,9,12536,0,12548,G
6-NA,864,12511,4,15,0,12530,A
6-NA,865,0,12433,3,8,12444,T
6-NA,866,6,2,12446,0,12454,G
6-NA,867,0,12247,1,11,12259,T
6-NA,868,3,1,12285,2,12291,G
6-NA,869,1,12230,2,20,12253,T
6-NA,870,28,2,0,12259,12289,C
6-NA,871,3,12254,3,18,12278,T
6-NA,872,7,4,12282,1,12294,G
6-NA,873,3,3,1,12278,12285,C
6-NA,874,12265,4,18,2,12289,A
6-NA,875,3,11,12291,1,12306,G
6-NA,876,12066,1,18,1,12086,A
6-NA,877,1,27,12096,2,12126,G
6-NA,878,12084,1,15,1,12101,A
6-NA,879,2,1,1,12159,12163,C
6-NA,880,12151,3,10,0,12164,A
6-NA,881,12221,5,9,0,12235,A
6-NA,882,1,3,0,12275,12279,C
6-NA,883,3,12261,1,12,12277,T
6-NA,884,5,8,12290,0,12303,G
6-NA,885,4,13,12277,1,12295,G
6-NA,886,12214,4,26,0,12244,A
6-NA,887,12221,1,18,0,12240,A
6-NA,888,12038,0,21,1,12060,A
6-NA,889,5,13,12016,2,12036,G
6-NA,890,3,21,11899,0,11923,G
6-NA,891,11758,2,17,0,11777,A
6-NA,892,3,12031,2,11,12047,T
6-NA,893,20,3,0,12090,12113,C
6-NA,894,32,8,1,12300,12341,C
6-NA,895,12374,1,8,0,12383,A
6-NA,896,12367,1,9,2,12379,A
6-NA,897,1,12392,0,2,12395,T
6-NA,898,12065,2,10,1,12078,A
6-NA,899,3,9,12009,0,12021,G
6-NA,900,5,2,12042,0,12049,G
6-NA,901,4,6,1,12026,12037,C
6-NA,902,12,1,0,11969,11982,C
6-NA,903,28,5,0,11665,11698,C
6-NA,904,11766,0,13,0,11779,A
6-NA,905,3,11837,0,15,11855,T
6-NA,906,19,3,0,11845,11867,C
6-NA,907,14,3,11879,1,11897,G
6-NA,908,1,11844,0,3,11848,T
6-NA,909,11642,4,26,0,11672,A
6-NA,910,2,12,11898,1,11913,G
6-NA,911,11932,1,11,0,11944,A
6-NA,912,2,11968,0,5,11975,T
6-NA,913,11755,1,8,2,11766,A
6-NA,914,1,11663,0,8,11672,T
6-NA,915,11656,0,6,0,11662,A
6-NA,916,11636,1,10,1,11648,A
6-NA,917,11843,2,10,2,11857,A
6-NA,918,2,1,1,12051,12055,C
6-NA,919,11735,4,4,1,11744,A
6-NA,920,2,11732,0,2,11736,T
6-NA,921,11588,1,51,1,11641,A
6-NA,922,11638,2,8,1,11649,A
6-NA,923,11630,1,23,1,11655,A
6-NA,924,2,21,11734,0,11757,G
6-NA,925,2,31,11864,1,11898,G
6-NA,926,11569,4,12,2,11587,A
6-NA,927,2,11603,0,11,11616,T
6-NA,928,24,4,2,11597,11627,C
6-NA,929,11698,0,17,1,11716,A
6-NA,930,0,11699,0,26,11725,T
6-NA,931,11696,0,6,2,11704,A
6-NA,932,3,1,11761,0,11765,G
6-NA,933,4,2,0,11648,11654,C
6-NA,934,11398,2,5,0,11405,A
6-NA,935,1,11010,3,15,11029,T
6-NA,936,1,11082,0,5,11088,T
6-NA,937,2,1,11058,0,11061,G
6-NA,938,3,11056,0,18,11077,T
6-NA,939,24,3,1,10926,10954,C
6-NA,940,2,11667,3,15,11687,T
6-NA,941,24,3,4,11784,11815,C
6-NA,942,9,6,0,11852,11867,C
6-NA,943,12003,2,19,2,12026,A
6-NA,944,2,6,12184,0,12192,G
6-NA,945,1,12139,1,17,12158,T
6-NA,946,1,11729,1,10,11741,T
6-NA,947,11754,3,4,0,11761,A
6-NA,948,4,11455,0,18,11477,T
6-NA,949,1,1,11492,0,11494,G
6-NA,950,3,11325,0,14,11342,T
6-NA,951,4,2,11377,0,11383,G
6-NA,952,3,11077,0,18,11098,T
6-NA,953,2,2,11314,0,11318,G
6-NA,954,2,11292,2,18,11314,T
6-NA,955,1,11262,0,16,11279,T
6-NA,956,38,6,0,11240,11284,C
6-NA,957,11193,3,10,2,11208,A
6-NA,958,0,16,11235,1,11252,G
6-NA,959,1,22,11215,0,11238,G
6-NA,960,11174,1,11,1,11187,A
6-NA,961,2,2,0,11191,11195,C
6-NA,962,1,10871,1,9,10882,T
6-NA,963,1,10911,0,8,10920,T
6-NA,964,3,1,11255,0,11259,G
6-NA,965,2,11245,0,11,11258,T
6-NA,966,2,11244,1,13,11260,T
6-NA,967,2,18,11165,1,11186,G
6-NA,968,2,22,11173,0,11197,G
6-NA,969,11136,4,39,2,11181,A
6-NA,970,2,36,11171,2,11211,G
6-NA,971,11161,3,24,0,11188,A
6-NA,972,1,9,0,11193,11203,C
6-NA,973,10852,2,13,0,10867,A
6-NA,974,2,4,1,10889,10896,C
6-NA,975,10879,1,20,19,10919,A
6-NA,976,8,4,1,10900,10913,C
6-NA,977,10,6,0,10860,10876,C
6-NA,978,12,6,0,10855,10873,C
6-NA,979,10841,0,11,0,10852,A
6-NA,980,0,10,10907,0,10917,G
6-NA,981,10874,0,16,1,10891,A
6-NA,982,10926,1,10,1,10938,A
6-NA,983,10851,0,7,1,10859,A
6-NA,984,10850,0,4,0,10854,A
6-NA,985,10795,1,14,1,10811,A
6-NA,986,10828,0,8,3,10839,A
6-NA,987,2,7,1,10846,10856,C
6-NA,988,4,45,10787,0,10836,G
6-NA,989,10804,0,15,0,10819,A
6-NA,990,1,3,0,10813,10817,C
6-NA,991,10755,1,12,0,10768,A
6-NA,992,4,3,10825,0,10832,G
6-NA,993,1,4,0,11103,11108,C
6-NA,994,1,11071,0,15,11087,T
6-NA,995,20,5,2,11084,11111,C
6-NA,996,11,8,1,11134,11154,C
6-NA,997,11143,3,13,0,11159,A
6-NA,998,4,1,11234,0,11239,G
6-NA,999,4,2,2,11229,11237,C
6-NA,1000,11178,1,10,1,11190,A
6-NA,1001,5,1,11192,0,11198,G
6-NA,1002,2,10782,0,11,10795,T
6-NA,1003,10805,1,12,0,10818,A
6-NA,1004,2,2,10824,0,10828,G
6-NA,1005,2,5,0,10825,10832,C
6-NA,1006,10,5,0,10845,10860,C
6-NA,1007,10722,2,1,0,10725,A
6-NA,1008,0,10726,0,7,10733,T
6-NA,1009,2,10713,1,7,10723,T
6-NA,1010,7,1,10912,0,10920,G
6-NA,1011,2,10827,0,15,10844,T
6-NA,1012,0,10818,1,13,10832,T
6-NA,1013,4,10802,0,6,10812,T
6-NA,1014,2,23,10754,0,10779,G
6-NA,1015,4,23,10803,0,10830,G
6-NA,1016,10790,2,6,0,10798,A
6-NA,1017,0,10845,0,12,10857,T
6-NA,1018,26,3,2,10819,10850,C
6-NA,1019,14,1,0,10703,10718,C
6-NA,1020,7,10689,1,9,10706,T
6-NA,1021,10717,0,13,0,10730,A
6-NA,1022,10738,1,7,0,10746,A
6-NA,1023,2,3,0,10850,10855,C
6-NA,1024,10680,2,4,0,10686,A
6-NA,1025,10718,1,5,0,10724,A
6-NA,1026,1,10614,1,8,10624,T
6-NA,1027,2,19,10614,0,10635,G
6-NA,1028,10521,5,6,0,10532,A
6-NA,1029,4,4,10163,1,10172,G
6-NA,1030,3,11,10345,0,10359,G
6-NA,1031,10322,0,22,1,10345,A
6-NA,1032,10340,0,24,0,10364,A
6-NA,1033,3,11,10384,0,10398,G
6-NA,1034,4,2,10413,0,10419,G
6-NA,1035,3,10313,1,8,10325,T
6-NA,1036,5,19,10273,1,10298,G
6-NA,1037,6,4,10482,0,10492,G
6-NA,1038,3,10364,0,24,10391,T
6-NA,1039,66,5,0,10320,10391,C
6-NA,1040,10389,0,7,0,10396,A
6-NA,1041,3,10343,0,1,10347,T
6-NA,1042,3,14,10305,0,10322,G
6-NA,1043,1,9,10232,0,10242,G
6-NA,1044,2,14,9827,0,9843,G
6-NA,1045,5,0,10213,0,10218,G
6-NA,1046,3,10198,0,14,10215,T
6-NA,1047,2,19,10210,1,10232,G
6-NA,1048,10206,1,6,0,10213,A
6-NA,1049,10206,1,7,0,10214,A
6-NA,1050,10208,0,25,3,10236,A
6-NA,1051,1,11,10267,1,10280,G
6-NA,1052,3,3,10197,0,10203,G
6-NA,1053,0,3,0,10162,10165,C
6-NA,1054,1,9863,0,15,9879,T
6-NA,1055,7,13,9869,1,9890,G
6-NA,1056,5,15,9875,0,9895,G
6-NA,1057,6,2,9983,1,9992,G
6-NA,1058,2,4,1,9974,9981,C
6-NA,1059,10,5,0,9950,9965,C
6-NA,1060,3,9829,0,23,9855,T
6-NA,1061,4,9865,1,5,9875,T
6-NA,1062,1,9872,1,2,9876,T
6-NA,1063,2,20,9878,1,9901,G
6-NA,1064,9889,1,8,1,9899,A
6-NA,1065,2,9787,0,5,9794,T
6-NA,1066,2,11,9653,0,9666,G
6-NA,1067,9548,1,9,1,9559,A
6-NA,1068,4,9563,1,8,9576,T
6-NA,1069,5,12,9564,0,9581,G
6-NA,1070,2,15,9643,0,9660,G
6-NA,1071,9636,4,12,0,9652,A
6-NA,1072,9623,2,7,0,9632,A
6-NA,1073,9621,2,11,0,9634,A
6-NA,1074,0,9612,2,14,9628,T
6-NA,1075,0,19,9634,1,9654,G
6-NA,1076,9624,1,17,0,9642,A
6-NA,1077,1,4,1,9585,9591,C
6-NA,1078,3,0,9595,0,9598,G
6-NA,1079,0,9352,0,9,9361,T
6-NA,1080,3,0,9406,0,9409,G
6-NA,1081,1,9391,0,12,9404,T
6-NA,1082,1,6,9408,1,9416,G
6-NA,1083,2,3,9449,0,9454,G
6-NA,1084,9372,1,14,1,9388,A
6-NA,1085,1,9377,0,9,9387,T
6-NA,1086,3,17,9333,0,9353,G
6-NA,1087,8,10,9316,1,9335,G
6-NA,1088,2,12,9361,2,9377,G
6-NA,1089,9253,4,47,0,9304,A
6-NA,1090,9256,1,19,1,9277,A
6-NA,1091,3,30,9240,0,9273,G
6-NA,1092,9156,0,22,0,9178,A
6-NA,1093,9183,1,12,0,9196,A
6-NA,1094,1,5,0,9113,9119,C
6-NA,1095,3,33,9034,0,9070,G
6-NA,1096,9051,2,5,0,9058,A
6-NA,1097,1,8900,1,7,8909,T
6-NA,1098,27,0,1,8904,8932,C
6-NA,1099,8929,0,10,1,8940,A
6-NA,1100,20,0,8948,0,8968,G
6-NA,1101,4,6,0,8928,8938,C
6-NA,1102,4,9,8933,0,8946,G
6-NA,1103,8909,2,9,2,8922,A
6-NA,1104,1,3,8937,0,8941,G
6-NA,1105,8920,1,3,1,8925,A
6-NA,1106,8913,2,8,0,8923,A
6-NA,1107,0,0,8978,1,8979,G
6-NA,1108,2,8900,0,21,8923,T
6-NA,1109,39,3,1,8802,8845,C
6-NA,1110,8820,1,6,1,8828,A
6-NA,1111,4,4,2,9000,9010,C
6-NA,1112,2,2,9015,1,9020,G
6-NA,1113,3,1,0,9016,9020,C
6-NA,1114,2,8940,3,21,8966,T
6-NA,1115,1,8962,0,21,8984,T
6-NA,1116,8839,1,9,0,8849,A
6-NA,1117,7,8,9010,0,9025,G
6-NA,1118,2,10,9018,2,9032,G
6-NA,1119,1,4,9157,0,9162,G
6-NA,1120,3,8551,1,9,8564,T
6-NA,1121,8534,1,5,0,8540,A
6-NA,1122,0,8500,1,7,8508,T
6-NA,1123,2,20,8480,1,8503,G
6-NA,1124,8467,1,18,0,8486,A
6-NA,1125,8471,0,13,0,8484,A
6-NA,1126,8052,1,11,1,8065,A
6-NA,1127,3,0,0,8003,8006,C
6-NA,1128,8,3,0,7787,7798,C
6-NA,1129,0,7602,0,12,7614,T
6-NA,1130,3,7594,0,9,7606,T
6-NA,1131,11,2,1,7596,7610,C
6-NA,1132,7605,0,5,2,7612,A
6-NA,1133,7615,0,3,0,7618,A
6-NA,1134,7602,2,4,0,7608,A
6-NA,1135,1,2,7653,1,7657,G
6-NA,1136,0,7501,0,9,7510,T
6-NA,1137,51,1,0,7464,7516,C
6-NA,1138,7578,1,4,0,7583,A
6-NA,1139,1,7588,1,4,7594,T
6-NA,1140,0,7585,2,5,7592,T
6-NA,1141,2,4,7588,0,7594,G
6-NA,1142,7558,2,7,0,7567,A
6-NA,1143,7564,1,20,1,7586,A
6-NA,1144,2,8,7524,1,7535,G
6-NA,1145,1,1,7507,0,7509,G
6-NA,1146,5,1,1,7460,7467,C
6-NA,1147,1,7173,0,9,7183,T
6-NA,1148,0,4,7215,0,7219,G
6-NA,1149,2,1,7340,0,7343,G
6-NA,1150,1,7318,0,15,7334,T
6-NA,1151,22,3,0,7297,7322,C
6-NA,1152,14,2,0,7264,7280,C
6-NA,1153,7259,0,8,2,7269,A
6-NA,1154,7287,0,8,0,7295,A
6-NA,1155,2,2,0,7324,7328,C
6-NA,1156,14,2,0,7285,7301,C
6-NA,1157,11,1,0,7261,7273,C
6-NA,1158,2,6813,1,10,6826,T
6-NA,1159,6834,0,1,0,6835,A
6-NA,1160,6827,0,9,0,6836,A
6-NA,1161,2,1,6875,0,6878,G
6-NA,1162,3,6824,0,7,6834,T
6-NA,1163,19,1,1,6770,6791,C
6-NA,1164,18,5,1,6613,6637,C
6-NA,1165,6609,0,1,0,6610,A
6-NA,1166,6596,0,3,0,6599,A
6-NA,1167,6595,0,3,0,6598,A
6-NA,1168,1,6594,0,7,6602,T
6-NA,1169,0,6579,2,3,6584,T
6-NA,1170,14,2,6531,0,6547,G
6-NA,1171,2,2,0,6493,6497,C
6-NA,1172,6468,0,10,1,6479,A
6-NA,1173,4,7,6504,0,6515,G
6-NA,1174,6497,0,4,2,6503,A
6-NA,1175,0,6596,0,0,6596,T
6-NA,1176,6605,0,2,1,6608,A
6-NA,1177,6574,0,4,0,6578,A
6-NA,1178,6565,0,8,1,6574,A
6-NA,1179,3,6540,1,1,6545,T
6-NA,1180,6513,0,3,0,6516,A
6-NA,1181,0,5,6519,0,6524,G
6-NA,1182,2,1,6462,0,6465,G
6-NA,1183,4,0,0,6433,6437,C
6-NA,1184,6187,1,4,0,6192,A
6-NA,1185,6219,0,11,1,6231,A
6-NA,1186,2,0,6264,0,6266,G
6-NA,1187,1,6238,0,13,6252,T
6-NA,1188,46,4,0,6197,6247,C
6-NA,1189,6245,0,7,0,6252,A
6-NA,1190,0,6224,0,5,6229,T
6-NA,1191,6243,0,3,0,6246,A
6-NA,1192,3,3,6250,0,6256,G
6-NA,1193,1,6242,0,3,6246,T
6-NA,1194,0,5962,0,9,5971,T
6-NA,1195,1,18,5817,0,5836,G
6-NA,1196,5778,0,14,0,5792,A
6-NA,1197,2,5,0,5777,5784,C
6-NA,1198,5676,0,1,0,5677,A
6-NA,1199,1,2,5712,0,5715,G
6-NA,1200,5610,1,12,1,5624,A
6-NA,1201,1,7,5721,0,5729,G
6-NA,1202,3,0,5729,0,5732,G
6-NA,1203,2,5671,0,6,5679,T
6-NA,1204,5652,0,3,0,5655,A
6-NA,1205,5639,1,4,0,5644,A
6-NA,1206,1,5641,1,2,5645,T
6-NA,1207,5614,1,6,0,5621,A
6-NA,1208,1,4,5420,0,5425,G
6-NA,1209,2,0,5199,0,5201,G
6-NA,1210,0,4385,0,7,4392,T
6-NA,1211,11,1,0,4335,4347,C
6-NA,1212,7,0,0,4284,4291,C
6-NA,1213,6,2,4285,0,4293,G
6-NA,1214,2,0,4311,0,4313,G
6-NA,1215,1,4286,2,0,4289,T
6-NA,1216,0,4270,0,1,4271,T
6-NA,1217,4175,0,2,0,4177,A
6-NA,1218,0,4043,0,0,4043,T
6-NA,1219,0,4029,0,4,4033,T
6-NA,1220,14,0,0,4023,4037,C
6-NA,1221,0,3756,0,8,3764,T
6-NA,1222,1,6,3733,0,3740,G
6-NA,1223,1,1,3754,0,3756,G
6-NA,1224,1,3733,0,6,3740,T
6-NA,1225,3729,1,3,0,3733,A
6-NA,1226,2,3655,1,2,3660,T
6-NA,1227,0,3645,0,4,3649,T
6-NA,1228,0,3636,0,8,3644,T
6-NA,1229,2,3663,0,8,3673,T
6-NA,1230,6,0,0,3658,3664,C
6-NA,1231,0,3608,2,9,3619,T
6-NA,1232,4,0,0,3635,3639,C
6-NA,1233,0,3603,3,14,3620,T
6-NA,1234,0,1,3675,0,3676,G
6-NA,1235,2,3663,0,9,3674,T
6-NA,1236,0,3647,0,2,3649,T
6-NA,1237,2,3,3647,0,3652,G
6-NA,1238,3604,1,4,0,3609,A
6-NA,1239,3605,1,4,0,3610,A
6-NA,1240,0,6,3627,0,3633,G
6-NA,1241,3,0,3622,1,3626,G
6-NA,1242,1,1,0,3618,3620,C
6-NA,1243,3552,2,6,0,3560,A
6-NA,1244,3558,1,1,0,3560,A
6-NA,1245,3564,1,4,0,3569,A
6-NA,1246,3559,0,9,0,3568,A
6-NA,1247,2,0,3567,0,3569,G
6-NA,1248,0,0,0,3571,3571,C
6-NA,1249,1,3512,0,2,3515,T
6-NA,1250,2,1,3551,0,3554,G
6-NA,1251,2,2,0,3543,3547,C
6-NA,1252,3553,0,7,1,3561,A
6-NA,1253,0,3551,0,5,3556,T
6-NA,1254,6,0,0,3531,3537,C
6-NA,1255,3522,0,3,0,3525,A
6-NA,1256,3530,0,1,0,3531,A
6-NA,1257,1,3517,0,4,3522,T
6-NA,1258,6,4,0,3510,3520,C
6-NA,1259,1,4,3465,0,3470,G
6-NA,1260,1,1,3512,0,3514,G
6-NA,1261,0,3508,0,2,3510,T
6-NA,1262,0,2,3518,0,3520,G
6-NA,1263,0,0,1,3530,3531,C
6-NA,1264,0,3503,0,7,3510,T
6-NA,1265,0,3549,0,0,3549,T
6-NA,1266,2,3542,0,6,3550,T
6-NA,1267,0,3553,0,1,3554,T
6-NA,1268,3566,1,2,0,3569,A
6-NA,1269,0,3449,0,2,3451,T
6-NA,1270,2,0,3453,0,3455,G
6-NA,1271,3,3400,0,4,3407,T
6-NA,1272,2,2,3342,0,3346,G
6-NA,1273,0,7,3367,0,3374,G
6-NA,1274,3289,0,4,0,3293,A
6-NA,1275,1,0,3326,0,3327,G
6-NA,1276,1,3300,0,4,3305,T
6-NA,1277,0,3292,1,2,3295,T
6-NA,1278,1,8,3302,0,3311,G
6-NA,1279,3300,1,7,0,3308,A
6-NA,1280,0,3307,0,1,3308,T
6-NA,1281,3296,0,5,0,3301,A
6-NA,1282,3216,0,6,0,3222,A
6-NA,1283,0,3,3230,0,3233,G
6-NA,1284,1,4,3165,0,3170,G
6-NA,1285,1,2,3146,0,3149,G
6-NA,1286,0,3,3131,0,3134,G
6-NA,1287,3084,2,2,0,3088,A
6-NA,1288,3071,1,11,0,3083,A
6-NA,1289,1,12,3086,1,3100,G
6-NA,1290,3094,1,2,1,3098,A
6-NA,1291,3094,1,1,2,3098,A
6-NA,1292,3042,1,3,0,3046,A
6-NA,1293,2991,0,6,0,2997,A
6-NA,1294,0,5,2996,0,3001,G
6-NA,1295,2956,0,2,0,2958,A
6-NA,1296,0,2,2951,0,2953,G
6-NA,1297,0,6,2952,0,2958,G
6-NA,1298,2909,1,5,0,2915,A
6-NA,1299,2906,1,5,0,2912,A
6-NA,1300,2920,1,1,0,2922,A
6-NA,1301,0,1,0,2925,2926,C
6-NA,1302,2,2912,0,1,2915,T
6-NA,1303,2,5,2907,0,2914,G
6-NA,1304,2902,0,5,0,2907,A
6-NA,1305,2890,1,9,0,2900,A
6-NA,1306,0,0,2913,0,2913,G
6-NA,1307,0,2884,0,4,2888,T
6-NA,1308,11,0,0,2892,2903,C
6-NA,1309,1,2895,0,4,2900,T
6-NA,1310,0,2875,0,1,2876,T
6-NA,1311,0,0,2881,0,2881,G
6-NA,1312,2,2867,0,1,2870,T
6-NA,1313,1,3,2864,0,2868,G
6-NA,1314,0,5,2854,0,2859,G
6-NA,1315,2829,0,5,0,2834,A
6-NA,1316,1,0,0,2843,2844,C
6-NA,1317,3,1,0,2762,2766,C
6-NA,1318,1,2760,0,6,2767,T
6-NA,1319,2,0,1,2765,2768,C
6-NA,1320,2771,2,0,0,2773,A
6-NA,1321,2773,0,3,0,2776,A
6-NA,1322,2771,0,5,0,2776,A
6-NA,1323,1,1,0,2794,2796,C
6-NA,1324,2707,0,1,0,2708,A
6-NA,1325,1,1,2742,1,2745,G
6-NA,1326,0,2697,1,3,2701,T
6-NA,1327,2702,0,1,0,2703,A
6-NA,1328,1,2697,0,2,2700,T
6-NA,1329,0,2653,0,2,2655,T
6-NA,1330,1,0,2662,0,2663,G
6-NA,1331,0,2658,0,1,2659,T
6-NA,1332,0,2547,0,2,2549,T
6-NA,1333,3,1,2548,0,2552,G
6-NA,1334,1,2358,0,1,2360,T
6-NA,1335,1,0,2362,0,2363,G
6-NA,1336,0,2340,1,4,2345,T
6-NA,1337,1,2310,0,2,2313,T
6-NA,1338,0,2314,1,3,2318,T
6-NA,1339,0,2246,0,3,2249,T
6-NA,1340,3,1,2243,0,2247,G
6-NA,1341,0,2251,1,0,2252,T
6-NA,1342,3,4,2217,0,2224,G
6-NA,1343,1,1,2220,0,2222,G
6-NA,1344,0,1,0,2173,2174,C
6-NA,1345,2163,1,3,0,2167,A
6-NA,1346,1,1,0,2186,2188,C
6-NA,1347,4,1,0,2181,2186,C
6-NA,1348,0,2185,0,2,2187,T
6-NA,1349,4,1,0,2189,2194,C
6-NA,1350,2179,0,2,0,2181,A
6-NA,1351,0,3,2187,0,2190,G
6-NA,1352,0,0,2195,0,2195,G
6-NA,1353,1,2182,0,2,2185,T
6-NA,1354,2169,0,5,0,2174,A
6-NA,1355,1,2,0,2070,2073,C
6-NA,1356,2056,0,2,0,2058,A
6-NA,1357,1,2056,1,1,2059,T
6-NA,1358,2010,0,1,0,2011,A
6-NA,1359,0,2005,0,4,2009,T
6-NA,1360,0,3,1875,0,1878,G
6-NA,1361,0,6,1870,1,1877,G
6-NA,1362,1860,0,0,0,1860,A
6-NA,1363,1845,0,1,0,1846,A
6-NA,1364,0,0,0,1829,1829,C
6-NA,1365,1491,0,3,0,1494,A
6-NA,1366,0,1,1494,0,1495,G
6-NA,1367,0,0,1492,0,1492,G
6-NA,1368,0,1,0,1494,1495,C
6-NA,1369,0,1484,0,4,1488,T
6-NA,1370,3,1,0,1408,1412,C
6-NA,1371,1404,0,1,0,1405,A
6-NA,1372,0,1403,0,1,1404,T
6-NA,1373,0,2,1402,0,1404,G
6-NA,1374,1,0,1404,0,1405,G
6-NA,1375,0,0,0,1347,1347,C
6-NA,1376,4,0,0,1329,1333,C
6-NA,1377,0,1250,0,0,1250,T
6-NA,1378,0,0,1249,0,1249,G
6-NA,1379,1247,0,3,0,1250,A
6-NA,1380,1,1247,0,2,1250,T
6-NA,1381,1,1,1230,0,1232,G
6-NA,1382,0,5,1189,0,1194,G
6-NA,1383,0,0,1122,1,1123,G
6-NA,1384,0,0,1121,0,1121,G
6-NA,1385,0,0,0,1091,1091,C
6-NA,1386,2,1,1090,0,1093,G
6-NA,1387,0,1,1083,0,1084,G
6-NA,1388,1074,0,1,0,1075,A
6-NA,1389,1,2,0,1068,1071,C
6-NA,1390,1068,0,0,0,1068,A
6-NA,1391,0,1050,0,1,1051,T
6-NA,1392,2,0,0,1034,1036,C
6-NA,1393,1022,0,0,4,1026,A
6-NA,1394,1025,0,0,0,1025,A
6-NA,1395,0,1023,0,1,1024,T
6-NA,1396,2,0,0,995,997,C
6-NA,1397,0,960,1,1,962,T
6-NA,1398,10,1,0,835,846,C
6-NA,1399,836,1,2,0,839,A
6-NA,1400,0,833,0,1,834,T
6-NA,1401,0,0,831,0,831,G
6-NA,1402,0,0,0,822,822,C
6-NA,1403,4,0,1,781,786,C
6-NA,1404,0,699,0,1,700,T
6-NA,1405,693,0,0,0,693,A
6-NA,1406,1,692,0,0,693,T
6-NA,1407,681,0,0,0,681,A
6-NA,1408,0,679,0,0,679,T
6-NA,1409,625,0,0,0,625,A
6-NA,1410,588,0,0,0,588,A
7-M,1,131,0,0,0,131,A
7-M,2,0,133,0,0,133,T
7-M,3,0,0,133,0,133,G
7-M,4,132,0,0,0,132,A
7-M,5,0,1,148,0,149,G
7-M,6,0,0,0,158,158,C
7-M,7,0,0,0,164,164,C
7-M,8,1,219,1,0,221,T
7-M,9,0,221,0,0,221,T
7-M,10,0,0,0,222,222,C
7-M,11,0,223,0,0,223,T
7-M,12,231,0,0,0,231,A
7-M,13,234,0,0,0,234,A
7-M,14,0,0,0,234,234,C
7-M,15,0,0,0,233,233,C
7-M,16,0,0,235,0,235,G
7-M,17,236,0,0,0,236,A
7-M,18,0,0,242,0,242,G
7-M,19,0,0,248,0,248,G
7-M,20,0,248,0,1,249,T
7-M,21,0,0,0,251,251,C
7-M,22,0,2,248,0,250,G
7-M,23,257,0,1,0,258,A
7-M,24,257,0,0,0,257,A
7-M,25,260,0,0,0,260,A
7-M,26,0,0,0,300,300,C
7-M,27,0,0,302,0,302,G
7-M,28,0,308,0,0,308,T
7-M,29,313,0,0,0,313,A
7-M,30,0,314,0,0,314,T
7-M,31,0,0,326,0,326,G
7-M,32,0,324,0,0,324,T
7-M,33,0,366,0,1,367,T
7-M,34,0,0,0,384,384,C
7-M,35,0,382,0,1,383,T
7-M,36,1,0,0,398,399,C
7-M,37,0,398,0,0,398,T
7-M,38,0,0,0,415,415,C
7-M,39,0,413,0,0,413,T
7-M,40,419,0,0,0,419,A
7-M,41,0,421,0,0,421,T
7-M,42,0,0,0,427,427,C
7-M,43,0,0,435,0,435,G
7-M,44,0,437,0,0,437,T
7-M,45,1,435,0,1,437,T
7-M,46,0,0,1,442,443,C
7-M,47,0,1,0,472,473,C
7-M,48,476,0,0,0,476,A
7-M,49,0,477,0,1,478,T
7-M,50,0,0,0,478,478,C
7-M,51,478,0,0,0,478,A
7-M,52,0,1,482,1,484,G
7-M,53,2,1,482,0,485,G
7-M,54,1,0,0,486,487,C
7-M,55,1,0,0,483,484,C
7-M,56,1,0,0,487,488,C
7-M,57,1,0,0,518,519,C
7-M,58,2,3,0,515,520,C
7-M,59,0,521,0,1,522,T
7-M,60,0,1,0,521,522,C
7-M,61,522,0,0,0,522,A
7-M,62,524,0,1,0,525,A
7-M,63,528,0,1,0,529,A
7-M,64,0,0,541,0,541,G
7-M,65,0,0,0,539,539,C
7-M,66,0,1,0,535,536,C
7-M,67,1,0,535,1,537,G
7-M,68,536,0,0,0,536,A
7-M,69,0,0,536,0,536,G
7-M,70,540,1,0,0,541,A
7-M,71,0,541,0,0,541,T
7-M,72,1,0,0,540,541,C
7-M,73,0,0,544,0,544,G
7-M,74,0,0,0,548,548,C
7-M,75,1,0,549,0,550,G
7-M,76,1,0,0,547,548,C
7-M,77,549,0,0,0,549,A
7-M,78,0,0,555,1,556,G
7-M,79,555,0,1,0,556,A
7-M,80,0,3,609,0,612,G
7-M,81,613,1,2,0,616,A
7-M,82,0,0,0,624,624,C
7-M,83,0,622,1,1,624,T
7-M,84,0,624,0,0,624,T
7-M,85,0,1,626,0,627,G
7-M,86,630,0,0,0,630,A
7-M,87,629,0,0,0,629,A
7-M,88,0,1,629,0,630,G
7-M,89,615,0,2,0,617,A
7-M,90,0,627,0,0,627,T
7-M,91,0,1,627,0,628,G
7-M,92,0,625,0,1,626,T
7-M,93,2,0,0,627,629,C
7-M,94,0,626,0,2,628,T
7-M,95,0,628,0,0,628,T
7-M,96,0,626,0,0,626,T
7-M,97,2,0,626,0,628,G
7-M,98,0,0,0,626,626,C
7-M,99,0,626,0,0,626,T
7-M,100,1,3,623,0,627,G
7-M,101,1,1,627,0,629,G
7-M,102,0,3,640,0,643,G
7-M,103,639,0,1,0,640,A
7-M,104,644,0,0,0,644,A
7-M,105,642,0,0,0,642,A
7-M,106,649,0,0,0,649,A
7-M,107,663,0,0,0,663,A
7-M,108,0,0,0,671,671,C
7-M,109,667,0,1,0,668,A
7-M,110,0,0,0,672,672,C
7-M,111,668,1,0,0,669,A
7-M,112,0,1,687,0,688,G
7-M,113,691,0,3,1,695,A
7-M,114,0,712,0,0,712,T
7-M,115,0,0,0,720,720,C
7-M,116,0,716,0,1,717,T
7-M,117,0,714,0,1,715,T
7-M,118,0,0,715,0,715,G
7-M,119,709,0,3,1,713,A
7-M,120,0,0,719,0,719,G
7-M,121,0,0,716,0,716,G
7-M,122,0,0,0,726,726,C
7-M,123,0,718,0,1,719,T
7-M,124,0,1,0,808,809,C
7-M,125,0,809,0,0,809,T
7-M,126,0,2,0,809,811,C
7-M,127,810,0,1,0,811,A
7-M,128,0,811,0,2,813,T
7-M,129,0,1,811,0,812,G
7-M,130,1,1,812,0,814,G
7-M,131,811,0,0,0,811,A
7-M,132,811,0,1,0,812,A
7-M,133,0,796,0,1,797,T
7-M,134,0,0,834,2,836,G
7-M,135,0,0,878,0,878,G
7-M,136,0,0,0,881,881,C
7-M,137,0,877,0,1,878,T
7-M,138,877,0,0,0,877,A
7-M,139,876,0,0,0,876,A
7-M,140,879,0,4,0,883,A
7-M,141,0,0,897,0,897,G
7-M,142,895,0,2,0,897,A
7-M,143,0,0,0,899,899,C
7-M,144,879,0,1,0,880,A
7-M,145,879,0,2,0,881,A
7-M,146,1,1,909,0,911,G
7-M,147,911,0,0,0,911,A
7-M,148,0,1,0,919,920,C
7-M,149,3,0,0,914,917,C
7-M,150,911,0,1,0,912,A
7-M,151,923,1,0,0,924,A
7-M,152,0,924,0,1,925,T
7-M,153,0,926,0,2,928,T
7-M,154,1,0,0,939,940,C
7-M,155,0,929,0,2,931,T
7-M,156,0,0,938,0,938,G
7-M,157,0,934,0,2,936,T
7-M,158,1,0,0,935,936,C
7-M,159,933,1,2,0,936,A
7-M,160,0,0,0,969,969,C
7-M,161,0,1,0,966,967,C
7-M,162,0,962,0,3,965,T
7-M,163,0,0,0,968,968,C
7-M,164,0,964,0,2,966,T
7-M,165,0,2,997,0,999,G
7-M,166,1000,0,0,0,1000,A
7-M,167,0,0,0,1002,1002,C
7-M,168,0,1002,0,0,1002,T
7-M,169,996,0,0,0,996,A
7-M,170,991,1,1,0,993,A
7-M,171,0,4,989,0,993,G
7-M,172,0,2,988,0,990,G
7-M,173,0,1,990,0,991,G
7-M,174,0,2,995,0,997,G
7-M,175,1013,0,0,0,1013,A
7-M,176,0,1014,0,1,1015,T
7-M,177,0,1012,0,1,1013,T
7-M,178,0,1018,0,0,1018,T
7-M,179,0,1015,0,0,1015,T
7-M,180,0,1,1021,0,1022,G
7-M,181,0,1,1020,0,1021,G
7-M,182,0,2,1024,0,1026,G
7-M,183,1,0,1025,0,1026,G
7-M,184,0,1019,0,2,1021,T
7-M,185,1,1018,0,0,1019,T
7-M,186,1,1020,0,2,1023,T
7-M,187,0,1,1039,1,1041,G
7-M,188,1,1041,0,0,1042,T
7-M,189,0,0,1049,1,1050,G
7-M,190,0,1048,0,0,1048,T
7-M,191,0,1044,0,2,1046,T
7-M,192,6,0,0,1054,1060,C
7-M,193,1057,0,0,0,1057,A
7-M,194,0,1,1,1083,1085,C
7-M,195,0,1,1083,0,1084,G
7-M,196,0,2,0,1075,1077,C
7-M,197,0,1067,0,1,1068,T
7-M,198,7,0,0,1088,1095,C
7-M,199,1103,0,1,0,1104,A
7-M,200,0,0,1,1110,1111,C
7-M,201,1,1,0,1108,1110,C
7-M,202,4,0,1109,0,1113,G
7-M,203,0,1122,0,0,1122,T
7-M,204,0,1,1129,0,1130,G
7-M,205,0,0,0,1134,1134,C
7-M,206,0,0,0,1132,1132,C
7-M,207,0,0,0,1139,1139,C
7-M,208,1127,0,1,0,1128,A
7-M,209,0,0,1138,0,1138,G
7-M,210,0,1135,0,0,1135,T
7-M,211,0,2,1145,0,1147,G
7-M,212,1158,0,1,0,1159,A
7-M,213,0,1,1159,0,1160,G
7-M,214,0,0,0,1161,1161,C
7-M,215,1,1,1162,0,1164,G
7-M,216,1163,0,0,0,1163,A
7-M,217,0,2,1182,0,1184,G
7-M,218,0,1,1183,0,1184,G
7-M,219,1175,0,2,0,1177,A
7-M,220,0,0,0,1198,1198,C
7-M,221,0,1193,0,0,1193,T
7-M,222,1,0,1197,0,1198,G
7-M,223,1,0,0,1199,1200,C
7-M,224,1194,0,1,0,1195,A
7-M,225,0,1,1224,0,1225,G
7-M,226,0,0,0,1213,1213,C
7-M,227,0,1,1219,0,1220,G
7-M,228,0,1222,0,0,1222,T
7-M,229,1216,0,0,0,1216,A
7-M,230,0,3,1213,0,1216,G
7-M,231,1211,0,2,0,1213,A
7-M,232,0,0,0,1215,1215,C
7-M,233,0,1,1221,0,1222,G
7-M,234,0,0,0,1210,1210,C
7-M,235,0,1198,0,4,1202,T
7-M,236,0,1203,0,0,1203,T
7-M,237,0,1201,0,1,1202,T
7-M,238,1,0,1238,0,1239,G
7-M,239,0,1238,0,1,1239,T
7-M,240,3,0,0,1236,1239,C
7-M,241,4,1,0,1237,1242,C
7-M,242,1240,0,0,0,1240,A
7-M,243,1241,0,1,0,1242,A
7-M,244,1239,0,1,0,1240,A
7-M,245,1242,0,1,0,1243,A
7-M,246,0,1242,0,2,1244,T
7-M,247,1,2,1226,0,1229,G
7-M,248,0,0,0,1227,1227,C
7-M,249,2,0,0,1216,1218,C
7-M,250,1,0,0,1232,1233,C
7-M,251,0,1231,0,3,1234,T
7-M,252,0,0,0,1269,1269,C
7-M,253,1266,0,1,2,1269,A
7-M,254,1277,0,1,1,1279,A
7-M,255,2,1280,0,1,1283,T
7-M,256,0,2,1289,0,1291,G
7-M,257,1,0,1303,0,1304,G
7-M,258,0,4,1302,0,1306,G
7-M,259,1302,0,4,0,1306,A
7-M,260,1305,0,1,0,1306,A
7-M,261,0,1282,0,1,1283,T
7-M,262,1,2,1280,0,1283,G
7-M,263,1,3,1282,0,1286,G
7-M,264,1265,0,1,1,1267,A
7-M,265,0,1,1268,0,1269,G
7-M,266,1261,0,0,0,1261,A
7-M,267,3,0,0,1236,1239,C
7-M,268,2,2,0,1278,1282,C
7-M,269,3,1,1,1286,1291,C
7-M,270,1304,0,0,1,1305,A
7-M,271,1306,0,1,0,1307,A
7-M,272,1302,1,1,0,1304,A
7-M,273,0,1313,0,0,1313,T
7-M,274,1337,0,2,0,1339,A
7-M,275,1337,0,0,0,1337,A
7-M,276,0,0,0,1318,1318,C
7-M,277,1311,2,1,0,1314,A
7-M,278,0,1301,0,3,1304,T
7-M,279,0,3,1324,0,1327,G
7-M,280,0,8,1322,0,1330,G
7-M,281,1329,0,1,1,1331,A
7-M,282,0,0,0,1322,1322,C
7-M,283,1303,0,0,0,1303,A
7-M,284,1303,0,0,0,1303,A
7-M,285,1295,0,3,0,1298,A
7-M,286,0,2,1315,0,1317,G
7-M,287,0,0,0,1344,1344,C
7-M,288,1332,0,0,0,1332,A
7-M,289,1,0,1353,0,1354,G
7-M,290,0,1349,0,1,1350,T
7-M,291,0,1355,0,1,1356,T
7-M,292,1368,0,0,0,1368,A
7-M,293,1355,1,2,0,1358,A
7-M,294,1362,1,1,0,1364,A
7-M,295,0,0,0,1392,1392,C
7-M,296,0,1358,0,1,1359,T
7-M,297,0,0,1516,0,1516,G
7-M,298,0,1498,0,1,1499,T
7-M,299,1503,0,2,0,1505,A
7-M,300,0,1501,0,2,1503,T
7-M,301,1491,1,3,0,1495,A
7-M,302,1,1,1497,0,1499,G
7-M,303,0,2,1489,0,1491,G
7-M,304,1487,0,0,0,1487,A
7-M,305,1486,0,2,0,1488,A
7-M,306,1445,0,1,0,1446,A
7-M,307,0,0,0,1458,1458,C
7-M,308,1,1451,0,2,1454,T
7-M,309,1,1457,0,0,1458,T
7-M,310,1453,0,0,0,1453,A
7-M,311,1447,2,3,0,1452,A
7-M,312,0,5,1446,0,1451,G
7-M,313,1446,0,3,0,1449,A
7-M,314,0,3,1446,1,1450,G
7-M,315,1397,0,5,0,1402,A
7-M,316,0,1,1435,0,1436,G
7-M,317,1438,0,2,0,1440,A
7-M,318,1,2,1453,0,1456,G
7-M,319,1461,0,4,0,1465,A
7-M,320,0,1462,0,0,1462,T
7-M,321,1462,0,1,0,1463,A
7-M,322,1465,0,0,0,1465,A
7-M,323,0,0,0,1475,1475,C
7-M,324,1,0,1479,0,1480,G
7-M,325,0,1473,0,4,1477,T
7-M,326,1,1469,0,3,1473,T
7-M,327,5,0,0,1476,1481,C
7-M,328,3,0,0,1468,1471,C
7-M,329,1478,0,0,0,1478,A
7-M,330,0,1474,0,0,1474,T
7-M,331,0,3,1458,0,1461,G
7-M,332,0,1,1465,0,1466,G
7-M,333,1,2,1457,0,1460,G
7-M,334,0,1,1462,1,1464,G
7-M,335,0,0,0,1457,1457,C
7-M,336,0,2,0,1456,1458,C
7-M,337,1465,1,1,0,1467,A
7-M,338,1477,0,1,0,1478,A
7-M,339,1473,0,3,1,1477,A
7-M,340,0,2,1493,0,1495,G
7-M,341,1492,1,1,0,1494,A
7-M,342,1485,1,0,0,1486,A
7-M,343,1483,2,2,0,1487,A
7-M,344,0,1479,0,1,1480,T
7-M,345,1480,0,1,0,1481,A
7-M,346,1,0,1492,0,1493,G
7-M,347,2,0,0,1486,1488,C
7-M,348,0,1474,0,2,1476,T
7-M,349,1,0,0,1483,1484,C
7-M,350,0,1465,0,1,1466,T
7-M,351,3,1,0,1520,1524,C
7-M,352,1525,1,0,0,1526,A
7-M,353,0,0,1524,0,1524,G
7-M,354,0,1507,0,0,1507,T
7-M,355,0,1527,1,2,1530,T
7-M,356,1530,0,1,1,1532,A
7-M,357,0,1539,0,0,1539,T
7-M,358,0,1529,0,1,1530,T
7-M,359,3,1,0,1533,1537,C
7-M,360,0,1498,0,4,1502,T
7-M,361,1,0,1503,0,1504,G
7-M,362,0,0,0,1502,1502,C
7-M,363,1,1496,0,0,1497,T
7-M,364,0,1,1498,0,1499,G
7-M,365,1,0,1496,0,1497,G
7-M,366,0,1496,0,2,1498,T
7-M,367,1,1,1489,0,1491,G
7-M,368,1,0,0,1493,1494,C
7-M,369,1495,0,1,0,1496,A
7-M,370,1,0,0,1500,1501,C
7-M,371,0,1486,0,0,1486,T
7-M,372,0,1500,0,0,1500,T
7-M,373,0,0,1498,0,1498,G
7-M,374,1,0,0,1495,1496,C
7-M,375,3,0,1,1493,1497,C
7-M,376,1495,0,0,1,1496,A
7-M,377,0,0,1528,0,1528,G
7-M,378,0,1520,0,3,1523,T
7-M,379,0,1518,0,1,1519,T
7-M,380,0,1,1516,0,1517,G
7-M,381,0,1490,0,0,1490,T
7-M,382,1520,0,1,0,1521,A
7-M,383,0,1522,0,0,1522,T
7-M,384,0,4,1522,0,1526,G
7-M,385,0,4,1531,1,1536,G
7-M,386,0,0,1526,0,1526,G
7-M,387,0,0,0,1530,1530,C
7-M,388,1,0,0,1568,1569,C
7-M,389,1,1536,0,3,1540,T
7-M,390,1,1,0,1565,1567,C
7-M,391,1629,1,0,0,1630,A
7-M,392,0,1628,0,2,1630,T
7-M,393,1684,0,0,0,1684,A
7-M,394,0,1676,0,1,1677,T
7-M,395,1662,0,0,0,1662,A
7-M,396,1,1,0,1757,1759,C
7-M,397,1697,2,1,0,1700,A
7-M,398,1710,0,0,0,1710,A
7-M,399,0,1693,0,2,1695,T
7-M,400,1633,0,0,0,1633,A
7-M,401,0,1,1641,0,1642,G
7-M,402,2,0,1633,0,1635,G
7-M,403,1628,0,1,0,1629,A
7-M,404,0,1627,0,0,1627,T
7-M,405,1,1,1534,0,1536,G
7-M,406,1,5,1528,0,1534,G
7-M,407,0,3,1530,0,1533,G
7-M,408,0,1,1546,0,1547,G
7-M,409,0,2,1541,0,1543,G
7-M,410,0,0,0,1543,1543,C
7-M,411,0,1521,0,1,1522,T
7-M,412,1,0,1530,0,1531,G
7-M,413,0,1530,0,1,1531,T
7-M,414,1537,0,0,0,1537,A
7-M,415,1534,0,1,0,1535,A
7-M,416,0,0,0,1535,1535,C
7-M,417,5,0,0,1522,1527,C
7-M,418,1515,0,2,0,1517,A
7-M,419,0,0,0,1524,1524,C
7-M,420,0,1521,0,0,1521,T
7-M,421,0,1,1536,0,1537,G
7-M,422,1529,1,0,0,1530,A
7-M,423,1524,0,4,0,1528,A
7-M,424,0,1,1529,0,1530,G
7-M,425,1,1508,0,1,1510,T
7-M,426,0,4,1512,0,1516,G
7-M,427,1,0,1519,0,1520,G
7-M,428,0,1,0,1520,1521,C
7-M,429,1521,0,1,0,1522,A
7-M,430,0,1514,0,2,1516,T
7-M,431,0,1514,0,0,1514,T
7-M,432,0,1516,0,0,1516,T
7-M,433,0,1,1547,1,1549,G
7-M,434,0,1,1549,0,1550,G
7-M,435,0,1,0,1547,1548,C
7-M,436,2,0,0,1545,1547,C
7-M,437,1,1533,0,0,1534,T
7-M,438,0,1,1592,0,1593,G
7-M,439,0,0,1609,0,1609,G
7-M,440,0,1610,0,1,1611,T
7-M,441,1614,1,1,0,1616,A
7-M,442,0,1566,0,3,1569,T
7-M,443,0,0,1596,0,1596,G
7-M,444,1,1592,0,7,1600,T
7-M,445,0,0,1600,0,1600,G
7-M,446,2,1,0,1600,1603,C
7-M,447,1544,0,2,0,1546,A
7-M,448,1535,1,2,0,1538,A
7-M,449,1,2,0,1543,1546,C
7-M,450,1544,0,0,0,1544,A
7-M,451,0,1546,0,1,1547,T
7-M,452,0,1,1526,0,1527,G
7-M,453,0,1490,0,1,1491,T
7-M,454,0,6,1488,0,1494,G
7-M,455,1484,0,2,1,1487,A
7-M,456,0,0,1489,0,1489,G
7-M,457,0,0,1,1487,1488,C
7-M,458,1459,0,1,0,1460,A
7-M,459,0,1,1465,0,1466,G
7-M,460,1455,0,1,0,1456,A
7-M,461,1,1456,0,0,1457,T
7-M,462,1,1458,0,0,1459,T
7-M,463,0,1,1468,0,1469,G
7-M,464,0,2,0,1464,1466,C
7-M,465,0,1466,0,2,1468,T
7-M,466,1,4,1459,0,1464,G
7-M,467,1465,0,0,0,1465,A
7-M,468,0,0,1,1547,1548,C
7-M,469,0,1544,0,0,1544,T
7-M,470,1,0,0,1541,1542,C
7-M,471,1,1,0,1539,1541,C
7-M,472,4,0,0,1538,1542,C
7-M,473,1537,1,0,0,1538,A
7-M,474,0,0,1552,0,1552,G
7-M,475,0,0,0,1547,1547,C
7-M,476,1552,0,0,0,1552,A
7-M,477,0,0,0,1550,1550,C
7-M,478,1448,0,1,0,1449,A
7-M,479,1,0,1472,0,1473,G
7-M,480,1,0,1478,0,1479,G
7-M,481,1,1477,0,1,1479,T
7-M,482,6,0,0,1508,1514,C
7-M,483,0,1495,0,0,1495,T
7-M,484,11,1,0,1492,1504,C
7-M,485,1495,0,1,0,1496,A
7-M,486,0,1499,0,3,1502,T
7-M,487,1502,0,2,0,1504,A
7-M,488,0,1,1480,0,1481,G
7-M,489,0,1,1471,0,1472,G
7-M,490,1,1,0,1469,1471,C
7-M,491,1426,0,0,1,1427,A
7-M,492,0,1,1412,0,1413,G
7-M,493,1418,1,1,0,1420,A
7-M,494,0,1422,0,1,1423,T
7-M,495,1,2,1420,0,1423,G
7-M,496,0,0,1423,0,1423,G
7-M,497,1,1408,0,2,1411,T
7-M,498,0,1,1423,0,1424,G
7-M,499,2,1,1426,0,1429,G
7-M,500,0,3,0,1423,1426,C
7-M,501,1406,0,2,0,1408,A
7-M,502,1406,0,1,0,1407,A
7-M,503,0,0,0,1420,1420,C
7-M,504,1420,1,0,0,1421,A
7-M,505,1427,0,0,0,1427,A
7-M,506,1,1,1,1425,1428,C
7-M,507,2,3,0,1405,1410,C
7-M,508,1391,1,0,0,1392,A
7-M,509,1395,0,0,0,1395,A
7-M,510,0,1395,0,2,1397,T
7-M,511,6,0,0,1391,1397,C
7-M,512,2,2,0,1382,1386,C
7-M,513,1368,0,0,0,1368,A
7-M,514,0,1364,1,2,1367,T
7-M,515,0,1365,0,1,1366,T
7-M,516,1365,0,2,0,1367,A
7-M,517,1366,0,2,1,1369,A
7-M,518,0,1369,0,0,1369,T
7-M,519,1359,0,0,0,1359,A
7-M,520,1355,0,1,0,1356,A
7-M,521,1341,0,0,0,1341,A
7-M,522,1348,0,1,0,1349,A
7-M,523,0,0,0,1379,1379,C
7-M,524,1375,0,0,0,1375,A
7-M,525,0,1371,0,1,1372,T
7-M,526,0,1,1367,0,1368,G
7-M,527,1355,0,3,0,1358,A
7-M,528,0,2,1378,0,1380,G
7-M,529,1371,1,1,0,1373,A
7-M,530,1376,0,1,0,1377,A
7-M,531,0,1,0,1380,1381,C
7-M,532,1344,1,1,0,1346,A
7-M,533,1,1,1355,0,1357,G
7-M,534,1348,0,3,0,1351,A
7-M,535,1344,0,1,0,1345,A
7-M,536,0,1346,0,0,1346,T
7-M,537,1,2,1336,0,1339,G
7-M,538,0,0,1340,0,1340,G
7-M,539,0,1334,1,0,1335,T
7-M,540,0,1299,0,5,1304,T
7-M,541,0,1324,0,0,1324,T
7-M,542,0,1327,0,0,1327,T
7-M,543,0,4,1337,0,1341,G
7-M,544,0,0,1341,0,1341,G
7-M,545,1,0,0,1334,1335,C
7-M,546,2,0,0,1334,1336,C
7-M,547,1296,1,0,0,1297,A
7-M,548,0,1,1331,0,1332,G
7-M,549,1,0,1,1319,1321,C
7-M,550,1335,0,1,0,1336,A
7-M,551,0,1,0,1355,1356,C
7-M,552,0,1336,0,2,1338,T
7-M,553,1342,0,1,0,1343,A
7-M,554,0,0,0,1354,1354,C
7-M,555,1375,0,2,0,1377,A
7-M,556,0,0,1404,0,1404,G
7-M,557,0,1,0,1358,1359,C
7-M,558,0,1328,0,2,1330,T
7-M,559,1334,0,0,0,1334,A
7-M,560,1313,0,3,0,1316,A
7-M,561,0,1,1330,0,1331,G
7-M,562,1,0,1338,0,1339,G
7-M,563,0,0,0,1340,1340,C
7-M,564,0,1279,0,0,1279,T
7-M,565,1276,0,0,0,1276,A
7-M,566,1,1271,0,1,1273,T
7-M,567,1,2,1271,0,1274,G
7-M,568,0,2,1280,0,1282,G
7-M,569,1260,0,1,0,1261,A
7-M,570,1,0,1263,0,1264,G
7-M,571,1,0,0,1245,1246,C
7-M,572,1236,0,0,0,1236,A
7-M,573,1240,0,0,0,1240,A
7-M,574,1230,1,1,0,1232,A
7-M,575,0,1237,0,1,1238,T
7-M,576,1,2,1238,0,1241,G
7-M,577,1,0,1224,0,1225,G
7-M,578,0,0,0,1226,1226,C
7-M,579,1,1218,0,1,1220,T
7-M,580,0,3,1224,0,1227,G
7-M,581,0,2,1234,0,1236,G
7-M,582,1235,0,1,0,1236,A
7-M,583,0,1231,0,0,1231,T
7-M,584,6,0,0,1216,1222,C
7-M,585,1221,0,1,0,1222,A
7-M,586,1232,0,2,0,1234,A
7-M,587,0,0,1245,0,1245,G
7-M,588,0,1240,0,0,1240,T
7-M,589,1,9,1230,1,1241,G
7-M,590,1228,0,0,0,1228,A
7-M,591,1205,1,3,1,1210,A
7-M,592,13,1,0,1200,1214,C
7-M,593,1223,0,1,0,1224,A
7-M,594,0,3,1228,0,1231,G
7-M,595,0,0,1218,0,1218,G
7-M,596,0,2,0,1210,1212,C
7-M,597,1198,0,1,0,1199,A
7-M,598,0,0,1207,0,1207,G
7-M,599,0,2,1,1199,1202,C
7-M,600,0,0,1202,0,1202,G
7-M,601,0,2,1202,0,1204,G
7-M,602,1199,0,0,0,1199,A
7-M,603,0,0,1217,0,1217,G
7-M,604,0,0,1231,0,1231,G
7-M,605,0,1,0,1223,1224,C
7-M,606,0,0,0,1227,1227,C
7-M,607,1224,0,2,0,1226,A
7-M,608,0,1225,0,0,1225,T
7-M,609,1,1,1230,0,1232,G
7-M,610,0,3,1231,0,1234,G
7-M,611,1224,0,2,0,1226,A
7-M,612,0,3,1227,0,1230,G
7-M,613,1199,0,2,0,1201,A
7-M,614,0,1217,3,1,1221,T
7-M,615,1,1217,0,2,1220,T
7-M,616,0,0,1222,0,1222,G
7-M,617,0,1,0,1225,1226,C
7-M,618,0,1217,0,1,1218,T
7-M,619,1223,0,0,0,1223,A
7-M,620,0,1,1222,0,1223,G
7-M,621,0,1204,0,0,1204,T
7-M,622,2,0,1,1201,1204,C
7-M,623,1167,0,2,1,1170,A
7-M,624,0,3,1189,0,1192,G
7-M,625,0,0,1185,0,1185,G
7-M,626,0,1,0,1184,1185,C
7-M,627,1,0,0,1189,1190,C
7-M,628,1179,0,2,0,1181,A
7-M,629,0,3,1199,0,1202,G
7-M,630,1,0,1198,0,1199,G
7-M,631,0,1,0,1203,1204,C
7-M,632,1197,0,4,0,1201,A
7-M,633,0,0,1198,0,1198,G
7-M,634,1183,0,2,0,1185,A
7-M,635,0,1182,2,0,1184,T
7-M,636,0,1,1187,0,1188,G
7-M,637,0,0,1227,0,1227,G
7-M,638,0,1207,1,0,1208,T
7-M,639,0,1,1207,0,1208,G
7-M,640,1,0,0,1206,1207,C
7-M,641,1198,1,4,0,1203,A
7-M,642,0,2,1218,0,1220,G
7-M,643,0,2,1209,0,1211,G
7-M,644,0,3,0,1207,1210,C
7-M,645,1210,0,0,0,1210,A
7-M,646,1185,0,1,0,1186,A
7-M,647,0,1182,0,0,1182,T
7-M,648,2,2,1180,0,1184,G
7-M,649,1176,0,2,0,1178,A
7-M,650,0,1,1184,1,1186,G
7-M,651,1154,0,3,0,1157,A
7-M,652,1,0,1161,0,1162,G
7-M,653,0,0,0,1168,1168,C
7-M,654,1,0,0,1185,1186,C
7-M,655,1184,0,1,0,1185,A
7-M,656,1,1181,0,0,1182,T
7-M,657,0,1184,0,1,1185,T
7-M,658,0,3,1181,0,1184,G
7-M,659,2,4,1172,0,1178,G
7-M,660,0,2,1177,1,1180,G
7-M,661,1184,0,2,0,1186,A
7-M,662,0,1,0,1176,1177,C
7-M,663,0,1134,0,2,1136,T
7-M,664,1,0,0,1145,1146,C
7-M,665,1146,0,1,0,1147,A
7-M,666,0,1209,0,1,1210,T
7-M,667,0,0,0,1214,1214,C
7-M,668,1,0,0,1213,1214,C
7-M,669,0,1208,0,2,1210,T
7-M,670,1212,0,2,0,1214,A
7-M,671,0,0,1219,0,1219,G
7-M,672,0,1266,0,3,1269,T
7-M,673,1,1252,0,1,1254,T
7-M,674,3,0,0,1243,1246,C
7-M,675,3,1,0,1224,1228,C
7-M,676,1223,0,2,0,1225,A
7-M,677,0,0,1241,0,1241,G
7-M,678,0,1233,0,1,1234,T
7-M,679,1232,0,0,0,1232,A
7-M,680,0,0,0,1228,1228,C
7-M,681,0,1158,0,1,1159,T
7-M,682,1,2,1212,0,1215,G
7-M,683,0,1,1217,0,1218,G
7-M,684,0,1207,0,3,1210,T
7-M,685,0,1186,0,2,1188,T
7-M,686,0,1205,0,0,1205,T
7-M,687,1207,1,0,0,1208,A
7-M,688,1204,1,1,0,1206,A
7-M,689,0,3,1213,0,1216,G
7-M,690,1179,3,1,0,1183,A
7-M,691,2,2,1167,0,1171,G
7-M,692,1130,0,0,0,1130,A
7-M,693,1,1128,0,2,1131,T
7-M,694,1,5,1123,0,1129,G
7-M,695,1126,0,0,0,1126,A
7-M,696,1,1120,0,1,1122,T
7-M,697,4,0,0,1122,1126,C
7-M,698,0,1107,0,1,1108,T
7-M,699,0,1111,1,0,1112,T
7-M,700,2,0,0,1115,1117,C
7-M,701,0,1116,0,0,1116,T
7-M,702,0,1115,0,1,1116,T
7-M,703,0,5,1112,0,1117,G
7-M,704,1116,0,1,0,1117,A
7-M,705,1114,0,0,0,1114,A
7-M,706,1116,0,0,0,1116,A
7-M,707,1117,1,0,0,1118,A
7-M,708,0,1114,0,1,1115,T
7-M,709,0,1124,0,0,1124,T
7-M,710,0,1123,0,0,1123,T
7-M,711,0,0,1125,0,1125,G
7-M,712,1,1,0,1122,1124,C
7-M,713,1126,0,0,0,1126,A
7-M,714,0,3,1128,0,1131,G
7-M,715,1127,0,5,1,1133,A
7-M,716,0,2,0,1146,1148,C
7-M,717,1,0,0,1141,1142,C
7-M,718,0,1146,0,1,1147,T
7-M,719,1153,0,1,0,1154,A
7-M,720,0,1155,0,0,1155,T
7-M,721,0,0,0,1159,1159,C
7-M,722,1154,0,2,0,1156,A
7-M,723,0,1,1157,0,1158,G
7-M,724,1153,0,1,0,1154,A
7-M,725,1126,0,1,0,1127,A
7-M,726,1125,0,3,1,1129,A
7-M,727,0,0,0,1127,1127,C
7-M,728,0,8,1125,0,1133,G
7-M,729,1123,0,0,0,1123,A
7-M,730,1120,0,1,0,1121,A
7-M,731,0,1126,0,0,1126,T
7-M,732,1,1,1117,1,1120,G
7-M,733,0,0,1125,0,1125,G
7-M,734,1,0,1123,0,1124,G
7-M,735,1,2,1124,0,1127,G
7-M,736,0,1,1132,0,1133,G
7-M,737,0,1107,0,1,1108,T
7-M,738,1,0,1106,0,1107,G
7-M,739,1,0,0,1108,1109,C
7-M,740,1110,0,1,0,1111,A
7-M,741,0,3,1118,0,1121,G
7-M,742,1107,1,1,0,1109,A
7-M,743,0,1101,0,0,1101,T
7-M,744,2,1,1095,0,1098,G
7-M,745,0,0,0,1086,1086,C
7-M,746,1082,0,0,0,1082,A
7-M,747,1084,0,0,0,1084,A
7-M,748,0,0,0,1093,1093,C
7-M,749,0,2,1085,0,1087,G
7-M,750,1087,0,1,0,1088,A
7-M,751,0,1083,0,3,1086,T
7-M,752,0,1079,0,2,1081,T
7-M,753,3,0,0,1089,1092,C
7-M,754,1069,0,1,0,1070,A
7-M,755,1073,0,0,0,1073,A
7-M,756,1,1,1073,0,1075,G
7-M,757,0,1053,0,0,1053,T
7-M,758,2,5,1048,0,1055,G
7-M,759,1032,0,3,0,1035,A
7-M,760,0,0,0,1038,1038,C
7-M,761,2,0,1,1033,1036,C
7-M,762,0,0,0,1029,1029,C
7-M,763,0,1,1033,0,1034,G
7-M,764,0,0,0,1035,1035,C
7-M,765,0,1030,0,1,1031,T
7-M,766,0,1032,0,0,1032,T
7-M,767,0,0,1031,0,1031,G
7-M,768,0,1027,0,0,1027,T
7-M,769,0,1026,0,2,1028,T
7-M,770,1,0,1025,0,1026,G
7-M,771,0,1007,0,1,1008,T
7-M,772,1,997,0,0,998,T
7-M,773,0,0,1004,0,1004,G
7-M,774,1,3,0,996,1000,C
7-M,775,2,0,0,991,993,C
7-M,776,1,1,997,0,999,G
7-M,777,0,0,0,986,986,C
7-M,778,0,1,998,0,999,G
7-M,779,1001,0,1,0,1002,A
7-M,780,1003,0,1,0,1004,A
7-M,781,0,1008,0,1,1009,T
7-M,782,1010,0,0,0,1010,A
7-M,783,1,1018,0,0,1019,T
7-M,784,2,0,0,1024,1026,C
7-M,785,1027,0,0,0,1027,A
7-M,786,0,1026,0,0,1026,T
7-M,787,0,1014,0,1,1015,T
7-M,788,0,0,1008,0,1008,G
7-M,789,1,1,1001,0,1003,G
7-M,790,0,3,997,0,1000,G
7-M,791,996,1,0,0,997,A
7-M,792,0,983,0,5,988,T
7-M,793,3,0,0,968,971,C
7-M,794,0,967,0,0,967,T
7-M,795,0,967,1,2,970,T
7-M,796,3,0,971,0,974,G
7-M,797,0,1,0,969,970,C
7-M,798,974,0,1,0,975,A
7-M,799,0,0,0,975,975,C
7-M,800,0,955,0,2,957,T
7-M,801,1,960,0,1,962,T
7-M,802,0,4,960,0,964,G
7-M,803,967,0,2,0,969,A
7-M,804,1,968,0,3,972,T
7-M,805,942,0,0,0,942,A
7-M,806,0,939,0,1,940,T
7-M,807,0,924,0,0,924,T
7-M,808,1,0,927,0,928,G
7-M,809,0,918,0,0,918,T
7-M,810,1,4,898,0,903,G
7-M,811,0,2,907,0,909,G
7-M,812,879,0,0,0,879,A
7-M,813,0,874,1,1,876,T
7-M,814,0,881,0,0,881,T
7-M,815,3,0,0,873,876,C
7-M,816,0,878,0,0,878,T
7-M,817,0,868,0,1,869,T
7-M,818,0,6,860,0,866,G
7-M,819,860,0,0,0,860,A
7-M,820,0,858,0,1,859,T
7-M,821,3,0,0,848,851,C
7-M,822,0,0,845,0,845,G
7-M,823,0,844,0,0,844,T
7-M,824,2,0,0,842,844,C
7-M,825,0,838,0,2,840,T
7-M,826,0,843,0,2,845,T
7-M,827,0,843,0,2,845,T
7-M,828,0,845,0,0,845,T
7-M,829,0,848,0,2,850,T
7-M,830,0,849,0,1,850,T
7-M,831,0,849,0,1,850,T
7-M,832,1,1,0,845,847,C
7-M,833,847,0,0,0,847,A
7-M,834,846,0,0,0,846,A
7-M,835,847,0,0,0,847,A
7-M,836,0,849,0,0,849,T
7-M,837,0,0,850,0,850,G
7-M,838,0,0,0,847,847,C
7-M,839,1,0,847,0,848,G
7-M,840,0,857,0,1,858,T
7-M,841,2,0,0,857,859,C
7-M,842,0,858,0,3,861,T
7-M,843,860,0,0,0,860,A
7-M,844,0,859,0,1,860,T
7-M,845,1,0,0,858,859,C
7-M,846,0,0,853,0,853,G
7-M,847,852,0,2,0,854,A
7-M,848,0,1,4,847,852,C
7-M,849,0,823,0,1,824,T
7-M,850,4,0,0,836,840,C
7-M,851,2,827,0,4,833,T
7-M,852,0,832,0,0,832,T
7-M,853,3,0,0,829,832,C
7-M,854,832,0,0,0,832,A
7-M,855,831,0,0,0,831,A
7-M,856,828,0,2,0,830,A
7-M,857,1,1,0,828,830,C
7-M,858,824,0,0,0,824,A
7-M,859,0,1,0,789,790,C
7-M,860,0,0,771,0,771,G
7-M,861,0,0,805,0,805,G
7-M,862,0,0,0,810,810,C
7-M,863,2,2,0,808,812,C
7-M,864,0,808,0,1,809,T
7-M,865,0,811,0,0,811,T
7-M,866,812,0,0,0,812,A
7-M,867,815,0,1,0,816,A
7-M,868,811,0,2,0,813,A
7-M,869,812,1,0,0,813,A
7-M,870,0,0,807,0,807,G
7-M,871,699,0,0,0,699,A
7-M,872,0,2,695,0,697,G
7-M,873,0,0,697,0,697,G
7-M,874,0,2,0,698,700,C
7-M,875,0,0,0,700,700,C
7-M,876,0,0,0,700,700,C
7-M,877,1,701,0,0,702,T
7-M,878,0,708,0,1,709,T
7-M,879,2,0,0,710,712,C
7-M,880,0,707,0,1,708,T
7-M,881,710,0,0,0,710,A
7-M,882,0,0,0,711,711,C
7-M,883,1,2,701,0,704,G
7-M,884,0,0,704,0,704,G
7-M,885,685,0,0,0,685,A
7-M,886,683,0,0,0,683,A
7-M,887,0,0,679,0,679,G
7-M,888,0,0,681,0,681,G
7-M,889,670,0,2,0,672,A
7-M,890,0,0,673,0,673,G
7-M,891,0,670,0,1,671,T
7-M,892,670,0,1,0,671,A
7-M,893,0,0,0,669,669,C
7-M,894,1,0,0,663,664,C
7-M,895,0,659,0,0,659,T
7-M,896,0,0,661,0,661,G
7-M,897,638,0,0,0,638,A
7-M,898,0,0,649,0,649,G
7-M,899,0,621,0,1,622,T
7-M,900,3,0,0,618,621,C
7-M,901,0,603,0,0,603,T
7-M,902,600,0,1,0,601,A
7-M,903,0,599,0,0,599,T
7-M,904,1,1,593,0,595,G
7-M,905,581,2,2,0,585,A
7-M,906,0,2,581,0,583,G
7-M,907,0,0,528,0,528,G
7-M,908,1,0,526,0,527,G
7-M,909,525,0,0,0,525,A
7-M,910,522,0,2,0,524,A
7-M,911,0,2,524,0,526,G
7-M,912,522,1,0,0,523,A
7-M,913,520,1,0,0,521,A
7-M,914,0,519,0,0,519,T
7-M,915,509,0,0,0,509,A
7-M,916,0,509,0,1,510,T
7-M,917,2,2,0,499,503,C
7-M,918,0,0,505,0,505,G
7-M,919,501,0,2,0,503,A
7-M,920,493,0,1,0,494,A
7-M,921,491,0,1,0,492,A
7-M,922,0,0,484,0,484,G
7-M,923,0,1,482,0,483,G
7-M,924,481,0,0,0,481,A
7-M,925,481,0,0,0,481,A
7-M,926,0,0,0,479,479,C
7-M,927,470,0,1,0,471,A
7-M,928,0,0,474,0,474,G
7-M,929,0,0,0,473,473,C
7-M,930,469,0,0,0,469,A
7-M,931,0,2,467,0,469,G
7-M,932,430,0,0,0,430,A
7-M,933,433,0,1,0,434,A
7-M,934,0,431,0,1,432,T
7-M,935,0,1,423,0,424,G
7-M,936,0,0,0,422,422,C
7-M,937,0,394,0,0,394,T
7-M,938,1,0,394,0,395,G
7-M,939,0,391,0,1,392,T
7-M,940,0,0,389,0,389,G
7-M,941,0,0,387,0,387,G
7-M,942,372,0,1,0,373,A
7-M,943,0,369,0,0,369,T
7-M,944,0,0,362,0,362,G
7-M,945,0,0,0,350,350,C
7-M,946,0,307,0,0,307,T
7-M,947,0,0,304,0,304,G
7-M,948,300,0,1,0,301,A
7-M,949,0,0,0,300,300,C
7-M,950,0,0,296,0,296,G
7-M,951,293,0,1,0,294,A
7-M,952,0,0,0,293,293,C
7-M,953,277,0,0,0,277,A
7-M,954,0,0,278,0,278,G
7-M,955,0,273,0,1,274,T
7-M,956,0,0,0,270,270,C
7-M,957,273,0,0,0,273,A
7-M,958,0,267,0,0,267,T
7-M,959,0,267,0,1,268,T
7-M,960,0,267,0,0,267,T
7-M,961,0,263,0,0,263,T
7-M,962,0,0,263,0,263,G
7-M,963,0,251,0,1,252,T
7-M,964,4,0,0,249,253,C
7-M,965,235,0,3,0,238,A
7-M,966,0,0,237,0,237,G
7-M,967,0,0,0,237,237,C
7-M,968,237,0,0,0,237,A
7-M,969,0,237,0,0,237,T
7-M,970,223,0,0,0,223,A
7-M,971,0,0,223,0,223,G
7-M,972,215,0,0,0,215,A
7-M,973,0,0,215,0,215,G
7-M,974,0,213,0,0,213,T
7-M,975,0,144,0,0,144,T
7-M,976,0,0,142,0,142,G
7-M,977,0,0,140,0,140,G
7-M,978,137,0,1,0,138,A
7-M,979,0,0,139,0,139,G
7-M,980,0,86,0,0,86,T
7-M,981,83,0,0,0,83,A
7-M,982,81,0,0,0,81,A
8-NS,1,327,0,0,0,327,A
8-NS,2,0,327,0,0,327,T
8-NS,3,0,0,347,0,347,G
8-NS,4,0,1,377,0,378,G
8-NS,5,399,0,0,0,399,A
8-NS,6,0,809,0,0,809,T
8-NS,7,0,814,0,0,814,T
8-NS,8,2,0,0,838,840,C
8-NS,9,0,1,0,839,840,C
8-NS,10,842,0,0,0,842,A
8-NS,11,844,0,1,0,845,A
8-NS,12,0,1,0,844,845,C
8-NS,13,848,0,0,0,848,A
8-NS,14,0,1,0,854,855,C
8-NS,15,0,856,0,0,856,T
8-NS,16,0,0,947,0,947,G
8-NS,17,1,948,0,1,950,T
8-NS,18,0,0,961,0,961,G
8-NS,19,0,961,0,0,961,T
8-NS,20,1,0,0,959,960,C
8-NS,21,961,1,0,0,962,A
8-NS,22,960,0,1,0,961,A
8-NS,23,0,0,977,0,977,G
8-NS,24,0,1000,0,0,1000,T
8-NS,25,0,997,0,2,999,T
8-NS,26,0,1004,0,0,1004,T
8-NS,27,2,0,0,1002,1004,C
8-NS,28,0,0,0,1009,1009,C
8-NS,29,1009,0,1,0,1010,A
8-NS,30,1,2,1009,0,1012,G
8-NS,31,0,0,1020,0,1020,G
8-NS,32,0,1018,0,0,1018,T
8-NS,33,1021,0,0,0,1021,A
8-NS,34,1,2,1029,0,1032,G
8-NS,35,1026,1,1,0,1028,A
8-NS,36,0,1034,1,0,1035,T
8-NS,37,0,1031,0,1,1032,T
8-NS,38,1,2,1047,0,1050,G
8-NS,39,0,1,0,1045,1046,C
8-NS,40,0,1043,0,3,1046,T
8-NS,41,0,1052,0,2,1054,T
8-NS,42,1,1052,0,1,1054,T
8-NS,43,2,0,0,1068,1070,C
8-NS,44,0,1070,1,1,1072,T
8-NS,45,0,1074,0,0,1074,T
8-NS,46,0,1075,0,1,1076,T
8-NS,47,2,1,1083,0,1086,G
8-NS,48,0,0,1094,0,1094,G
8-NS,49,1,2,1,1092,1096,C
8-NS,50,1096,0,0,0,1096,A
8-NS,51,1,1100,0,0,1101,T
8-NS,52,1097,0,3,0,1100,A
8-NS,53,0,1187,0,2,1189,T
8-NS,54,1,0,0,1193,1194,C
8-NS,55,0,2,0,1191,1193,C
8-NS,56,0,1,1191,0,1192,G
8-NS,57,0,1191,0,0,1191,T
8-NS,58,1209,0,0,0,1209,A
8-NS,59,1215,0,0,0,1215,A
8-NS,60,1218,0,4,0,1222,A
8-NS,61,0,1,0,1226,1227,C
8-NS,62,1212,0,1,0,1213,A
8-NS,63,1210,0,3,0,1213,A
8-NS,64,4,0,1276,0,1280,G
8-NS,65,0,1279,0,3,1282,T
8-NS,66,0,1281,0,1,1282,T
8-NS,67,0,0,1285,0,1285,G
8-NS,68,0,1282,0,3,1285,T
8-NS,69,1282,0,0,1,1283,A
8-NS,70,0,5,1288,0,1293,G
8-NS,71,1362,0,1,0,1363,A
8-NS,72,0,1,0,1372,1373,C
8-NS,73,1,0,0,1366,1367,C
8-NS,74,1366,1,2,0,1369,A
8-NS,75,1372,1,1,0,1374,A
8-NS,76,0,6,1430,0,1436,G
8-NS,77,1430,0,2,0,1432,A
8-NS,78,1441,1,0,0,1442,A
8-NS,79,1,0,0,1441,1442,C
8-NS,80,1,1415,0,2,1418,T
8-NS,81,1,5,1435,0,1441,G
8-NS,82,1439,0,2,0,1441,A
8-NS,83,0,0,1475,0,1475,G
8-NS,84,0,1474,0,1,1475,T
8-NS,85,0,2,1463,1,1466,G
8-NS,86,1468,0,3,0,1471,A
8-NS,87,0,1470,0,1,1471,T
8-NS,88,1,1,1482,0,1484,G
8-NS,89,1,0,0,1509,1510,C
8-NS,90,3,1,0,1508,1512,C
8-NS,91,2,0,0,1521,1523,C
8-NS,92,1,1,0,1517,1519,C
8-NS,93,1529,1,0,0,1530,A
8-NS,94,0,1540,0,2,1542,T
8-NS,95,0,1547,0,0,1547,T
8-NS,96,2,0,0,1549,1551,C
8-NS,97,1,1,0,1548,1550,C
8-NS,98,0,1545,0,5,1550,T
8-NS,99,0,1550,0,0,1550,T
8-NS,100,0,8,1551,0,1559,G
8-NS,101,1553,0,0,0,1553,A
8-NS,102,0,1551,0,4,1555,T
8-NS,103,7,1,0,1542,1550,C
8-NS,104,1,0,1545,0,1546,G
8-NS,105,0,0,1564,0,1564,G
8-NS,106,0,1,0,1559,1560,C
8-NS,107,0,1555,0,5,1560,T
8-NS,108,0,1560,0,0,1560,T
8-NS,109,2,1,0,1561,1564,C
8-NS,110,2,0,1567,0,1569,G
8-NS,111,1,2,0,1570,1573,C
8-NS,112,1,0,0,1570,1571,C
8-NS,113,2,4,1571,0,1577,G
8-NS,114,1571,0,1,1,1573,A
8-NS,115,0,2,1648,0,1650,G
8-NS,116,1653,0,1,0,1654,A
8-NS,117,0,1663,0,0,1663,T
8-NS,118,3,0,0,1660,1663,C
8-NS,119,1654,0,3,0,1657,A
8-NS,120,1,0,1662,0,1663,G
8-NS,121,1654,0,8,0,1662,A
8-NS,122,3,0,1667,0,1670,G
8-NS,123,0,0,1684,0,1684,G
8-NS,124,0,1699,0,3,1702,T
8-NS,125,4,1,0,1780,1785,C
8-NS,126,2,1,0,1789,1792,C
8-NS,127,2,0,0,1798,1800,C
8-NS,128,0,1797,0,4,1801,T
8-NS,129,1803,0,1,0,1804,A
8-NS,130,1798,3,0,0,1801,A
8-NS,131,1,0,1822,0,1823,G
8-NS,132,3,6,1808,0,1817,G
8-NS,133,1,1,1796,0,1798,G
8-NS,134,1,4,1741,0,1746,G
8-NS,135,1742,1,2,0,1745,A
8-NS,136,1738,1,3,0,1742,A
8-NS,137,1,0,1764,0,1765,G
8-NS,138,1800,0,2,0,1802,A
8-NS,139,0,4,1831,0,1835,G
8-NS,140,0,2,1828,0,1830,G
8-NS,141,0,5,0,1828,1833,C
8-NS,142,1820,1,4,0,1825,A
8-NS,143,1834,1,2,0,1837,A
8-NS,144,0,1833,0,0,1833,T
8-NS,145,1853,0,3,0,1856,A
8-NS,146,0,0,0,1886,1886,C
8-NS,147,0,1864,0,0,1864,T
8-NS,148,4,0,0,1864,1868,C
8-NS,149,0,1858,0,3,1861,T
8-NS,150,3,1,0,1871,1875,C
8-NS,151,3,5,1891,1,1900,G
8-NS,152,1,0,1989,1,1991,G
8-NS,153,2,1989,0,1,1992,T
8-NS,154,8,0,0,1988,1996,C
8-NS,155,0,1992,0,0,1992,T
8-NS,156,2002,0,2,0,2004,A
8-NS,157,1,4,1999,0,2004,G
8-NS,158,2005,0,4,0,2009,A
8-NS,159,0,1,0,2052,2053,C
8-NS,160,2024,0,0,0,2024,A
8-NS,161,0,1995,0,1,1996,T
8-NS,162,3,0,1,1992,1996,C
8-NS,163,1995,0,2,0,1997,A
8-NS,164,1995,0,3,1,1999,A
8-NS,165,1982,0,8,0,1990,A
8-NS,166,1,0,2000,0,2001,G
8-NS,167,1,1,1,2006,2009,C
8-NS,168,1982,0,1,0,1983,A
8-NS,169,1,1,1987,0,1989,G
8-NS,170,2,0,0,1984,1986,C
8-NS,171,2,1,0,1991,1994,C
8-NS,172,2003,1,3,0,2007,A
8-NS,173,1,0,0,2032,2033,C
8-NS,174,2,0,0,2036,2038,C
8-NS,175,6,0,0,2033,2039,C
8-NS,176,2075,1,2,0,2078,A
8-NS,177,0,2074,0,1,2075,T
8-NS,178,0,0,2080,0,2080,G
8-NS,179,0,2069,0,2,2071,T
8-NS,180,0,2060,0,7,2067,T
8-NS,181,0,3,2062,0,2065,G
8-NS,182,0,2,2054,0,2056,G
8-NS,183,2050,0,0,0,2050,A
8-NS,184,2046,1,1,0,2048,A
8-NS,185,2032,2,3,0,2037,A
8-NS,186,0,0,2049,1,2050,G
8-NS,187,1,0,0,2050,2051,C
8-NS,188,2045,2,0,0,2047,A
8-NS,189,2039,0,2,0,2041,A
8-NS,190,2041,0,1,0,2042,A
8-NS,191,0,2056,0,0,2056,T
8-NS,192,0,2050,0,0,2050,T
8-NS,193,1,0,2084,0,2085,G
8-NS,194,1,2083,0,1,2085,T
8-NS,195,2074,0,2,0,2076,A
8-NS,196,0,6,2072,0,2078,G
8-NS,197,2077,0,0,0,2077,A
8-NS,198,2072,1,4,0,2077,A
8-NS,199,2072,1,0,0,2073,A
8-NS,200,2063,0,1,0,2064,A
8-NS,201,0,2,2071,0,2073,G
8-NS,202,2049,1,1,0,2051,A
8-NS,203,0,2052,0,2,2054,T
8-NS,204,0,2051,0,0,2051,T
8-NS,205,8,0,0,2057,2065,C
8-NS,206,0,2060,0,2,2062,T
8-NS,207,0,0,2069,1,2070,G
8-NS,208,2068,2,1,0,2071,A
8-NS,209,2068,0,0,1,2069,A
8-NS,210,2068,2,3,1,2074,A
8-NS,211,1,5,2078,0,2084,G
8-NS,212,2080,0,2,0,2082,A
8-NS,213,2079,0,1,0,2080,A
8-NS,214,0,7,2088,0,2095,G
8-NS,215,2109,0,3,0,2112,A
8-NS,216,2111,0,6,0,2117,A
8-NS,217,0,2117,0,1,2118,T
8-NS,218,3,0,0,2131,2134,C
8-NS,219,1,2125,0,4,2130,T
8-NS,220,1,8,2133,0,2142,G
8-NS,221,2137,0,3,0,2140,A
8-NS,222,0,2140,0,0,2140,T
8-NS,223,0,2,2127,0,2129,G
8-NS,224,2111,0,7,0,2118,A
8-NS,225,0,3,2106,0,2109,G
8-NS,226,0,0,2106,0,2106,G
8-NS,227,0,2,0,2108,2110,C
8-NS,228,2108,2,3,0,2113,A
8-NS,229,0,2,0,2156,2158,C
8-NS,230,0,2153,0,2,2155,T
8-NS,231,1,2163,0,1,2165,T
8-NS,232,2175,1,0,0,2176,A
8-NS,233,2172,0,2,0,2174,A
8-NS,234,2174,0,3,1,2178,A
8-NS,235,2170,0,2,0,2172,A
8-NS,236,0,2190,0,0,2190,T
8-NS,237,0,7,2185,1,2193,G
8-NS,238,2191,0,6,0,2197,A
8-NS,239,0,1,2,2190,2193,C
8-NS,240,6,0,0,2179,2185,C
8-NS,241,2190,0,1,0,2191,A
8-NS,242,0,2183,1,2,2186,T
8-NS,243,2,8,2217,1,2228,G
8-NS,244,0,0,2253,0,2253,G
8-NS,245,0,2257,0,2,2259,T
8-NS,246,10,0,0,2359,2369,C
8-NS,247,1,2350,0,5,2356,T
8-NS,248,6,3,0,2361,2370,C
8-NS,249,0,2,0,2373,2375,C
8-NS,250,2374,0,2,0,2376,A
8-NS,251,0,0,0,2387,2387,C
8-NS,252,2352,0,2,0,2354,A
8-NS,253,0,0,0,2353,2353,C
8-NS,254,2,1,0,2322,2325,C
8-NS,255,0,2238,0,3,2241,T
8-NS,256,0,1,2258,0,2259,G
8-NS,257,1,0,0,2249,2250,C
8-NS,258,0,2231,2,3,2236,T
8-NS,259,1,2244,0,1,2246,T
8-NS,260,8,0,0,2229,2237,C
8-NS,261,2,0,2238,0,2240,G
8-NS,262,1,2,0,2233,2236,C
8-NS,263,1,5,2235,0,2241,G
8-NS,264,2335,0,1,1,2337,A
8-NS,265,0,2331,0,0,2331,T
8-NS,266,2394,0,0,0,2394,A
8-NS,267,1,1,0,2402,2404,C
8-NS,268,2402,0,3,0,2405,A
8-NS,269,0,2459,0,1,2460,T
8-NS,270,2453,0,2,0,2455,A
8-NS,271,2463,0,3,0,2466,A
8-NS,272,0,1,0,2473,2474,C
8-NS,273,0,2400,1,6,2407,T
8-NS,274,1,11,2424,0,2436,G
8-NS,275,2401,0,2,1,2404,A
8-NS,276,0,2,1,2423,2426,C
8-NS,277,2413,0,6,1,2420,A
8-NS,278,0,2401,0,1,2402,T
8-NS,279,0,14,2390,0,2404,G
8-NS,280,2392,0,1,1,2394,A
8-NS,281,0,0,0,2457,2457,C
8-NS,282,0,2443,0,0,2443,T
8-NS,283,2471,0,0,0,2471,A
8-NS,284,2,2457,0,2,2461,T
8-NS,285,1,2439,0,3,2443,T
8-NS,286,1,4,2445,0,2450,G
8-NS,287,2427,0,8,0,2435,A
8-NS,288,1,3,2437,1,2442,G
8-NS,289,1,6,2434,0,2441,G
8-NS,290,2376,2,1,0,2379,A
8-NS,291,2381,0,3,0,2384,A
8-NS,292,0,2357,0,2,2359,T
8-NS,293,0,2357,0,3,2360,T
8-NS,294,1,0,2382,0,2383,G
8-NS,295,2,2370,0,6,2378,T
8-NS,296,13,1,0,2370,2384,C
8-NS,297,2377,1,1,0,2379,A
8-NS,298,2379,0,1,0,2380,A
8-NS,299,1,6,2368,0,2375,G
8-NS,300,2381,0,2,1,2384,A
8-NS,301,2378,1,5,0,2384,A
8-NS,302,2387,0,0,0,2387,A
8-NS,303,0,0,0,2383,2383,C
8-NS,304,0,2353,0,0,2353,T
8-NS,305,1,6,2392,0,2399,G
8-NS,306,1,0,2418,1,2420,G
8-NS,307,0,2422,0,1,2423,T
8-NS,308,1,2418,0,4,2423,T
8-NS,309,9,0,0,2402,2411,C
8-NS,310,2420,0,2,0,2422,A
8-NS,311,0,2450,1,1,2452,T
8-NS,312,0,2,2468,0,2470,G
8-NS,313,0,1,0,2479,2480,C
8-NS,314,0,2456,0,1,2457,T
8-NS,315,2426,0,1,0,2427,A
8-NS,316,2478,1,2,0,2481,A
8-NS,317,5,2488,1,2,2496,T
8-NS,318,2,1,2492,0,2495,G
8-NS,319,0,1,0,2485,2486,C
8-NS,320,4,2,0,2453,2459,C
8-NS,321,5,1,0,2441,2447,C
8-NS,322,2434,0,1,1,2436,A
8-NS,323,2437,0,2,2,2441,A
8-NS,324,1,0,2452,0,2453,G
8-NS,325,0,2,0,2451,2453,C
8-NS,326,2447,0,4,0,2451,A
8-NS,327,0,5,2478,0,2483,G
8-NS,328,2470,0,2,2,2474,A
8-NS,329,2467,0,1,0,2468,A
8-NS,330,2470,0,0,0,2470,A
8-NS,331,2437,0,14,1,2452,A
8-NS,332,0,2481,0,1,2482,T
8-NS,333,0,4,2488,0,2492,G
8-NS,334,2,2,2491,0,2495,G
8-NS,335,2486,0,6,0,2492,A
8-NS,336,2470,1,2,0,2473,A
8-NS,337,0,7,2459,0,2466,G
8-NS,338,1,2,2470,1,2474,G
8-NS,339,2474,2,3,0,2479,A
8-NS,340,1,1,0,2473,2475,C
8-NS,341,4,1,0,2471,2476,C
8-NS,342,0,2473,0,1,2474,T
8-NS,343,1,0,0,2509,2510,C
8-NS,344,0,2507,0,0,2507,T
8-NS,345,0,2506,0,7,2513,T
8-NS,346,1,2515,0,2,2518,T
8-NS,347,1,4,2511,0,2516,G
8-NS,348,0,1,0,2534,2535,C
8-NS,349,2509,0,1,0,2510,A
8-NS,350,0,2507,0,3,2510,T
8-NS,351,4,4,0,2505,2513,C
8-NS,352,2533,0,1,0,2534,A
8-NS,353,0,4,2578,0,2582,G
8-NS,354,2569,0,1,4,2574,A
8-NS,355,2574,0,0,0,2574,A
8-NS,356,0,2569,0,5,2574,T
8-NS,357,0,3,2542,0,2545,G
8-NS,358,8,6,2542,0,2556,G
8-NS,359,2560,0,4,0,2564,A
8-NS,360,1,1,0,2563,2565,C
8-NS,361,1,2,0,2494,2497,C
8-NS,362,2451,3,2,0,2456,A
8-NS,363,0,4,2476,0,2480,G
8-NS,364,2,1,2471,0,2474,G
8-NS,365,1,0,0,2475,2476,C
8-NS,366,2466,1,2,0,2469,A
8-NS,367,2467,0,0,0,2467,A
8-NS,368,0,2464,0,0,2464,T
8-NS,369,12,0,0,2453,2465,C
8-NS,370,2466,0,0,0,2466,A
8-NS,371,0,2452,0,2,2454,T
8-NS,372,3,3,2437,0,2443,G
8-NS,373,3,2,2444,1,2450,G
8-NS,374,2442,0,3,0,2445,A
8-NS,375,0,3,2464,0,2467,G
8-NS,376,2440,0,0,0,2440,A
8-NS,377,2444,0,2,0,2446,A
8-NS,378,2444,0,3,1,2448,A
8-NS,379,2451,0,1,0,2452,A
8-NS,380,2454,0,4,0,2458,A
8-NS,381,0,1,0,2459,2460,C
8-NS,382,2461,0,0,0,2461,A
8-NS,383,0,2445,0,5,2450,T
8-NS,384,3,0,0,2430,2433,C
8-NS,385,2435,0,2,0,2437,A
8-NS,386,0,2439,0,3,2442,T
8-NS,387,0,0,2450,0,2450,G
8-NS,388,0,2448,0,2,2450,T
8-NS,389,0,2430,0,1,2431,T
8-NS,390,0,4,2428,0,2432,G
8-NS,391,2420,0,2,0,2422,A
8-NS,392,2428,0,2,0,2430,A
8-NS,393,2423,0,3,0,2426,A
8-NS,394,0,0,2436,1,2437,G
8-NS,395,1,1,0,2422,2424,C
8-NS,396,1,11,2409,1,2422,G
8-NS,397,2418,0,3,1,2422,A
8-NS,398,2425,0,0,0,2425,A
8-NS,399,0,2427,0,0,2427,T
8-NS,400,0,2418,0,6,2424,T
8-NS,401,0,2429,0,3,2432,T
8-NS,402,3,1,0,2430,2434,C
8-NS,403,2407,1,3,0,2411,A
8-NS,404,0,0,2421,0,2421,G
8-NS,405,0,2412,0,3,2415,T
8-NS,406,0,0,2414,0,2414,G
8-NS,407,0,2407,1,4,2412,T
8-NS,408,1,14,2414,0,2429,G
8-NS,409,2441,0,2,0,2443,A
8-NS,410,1,2439,0,1,2441,T
8-NS,411,2,2433,0,3,2438,T
8-NS,412,0,2436,0,3,2439,T
8-NS,413,0,2438,0,3,2441,T
8-NS,414,0,2439,0,0,2439,T
8-NS,415,2,16,2416,0,2434,G
8-NS,416,2427,1,5,0,2433,A
8-NS,417,0,1,0,2424,2425,C
8-NS,418,5,3,0,2386,2394,C
8-NS,419,3,2,2391,0,2396,G
8-NS,420,2509,0,3,0,2512,A
8-NS,421,0,1,1,2551,2553,C
8-NS,422,0,2552,0,1,2553,T
8-NS,423,2564,1,3,0,2568,A
8-NS,424,0,6,2563,0,2569,G
8-NS,425,2549,1,9,1,2560,A
8-NS,426,0,7,2576,0,2583,G
8-NS,427,2577,0,4,0,2581,A
8-NS,428,1,3,0,2635,2639,C
8-NS,429,7,4,0,2518,2529,C
8-NS,430,2437,1,5,0,2443,A
8-NS,431,0,2544,0,0,2544,T
8-NS,432,2531,0,1,0,2532,A
8-NS,433,1,0,2711,0,2712,G
8-NS,434,0,2689,0,7,2696,T
8-NS,435,2686,0,0,0,2686,A
8-NS,436,0,2692,0,1,2693,T
8-NS,437,1,2598,0,0,2599,T
8-NS,438,2680,0,0,0,2680,A
8-NS,439,0,0,0,2677,2677,C
8-NS,440,1,2560,0,2,2563,T
8-NS,441,2556,0,1,0,2557,A
8-NS,442,2345,1,2,0,2348,A
8-NS,443,2,4,2359,0,2365,G
8-NS,444,1,10,2349,0,2360,G
8-NS,445,1,0,2375,0,2376,G
8-NS,446,0,0,0,2356,2356,C
8-NS,447,1,2306,0,5,2312,T
8-NS,448,1,2307,1,2,2311,T
8-NS,449,1,2321,0,5,2327,T
8-NS,450,7,2,0,2320,2329,C
8-NS,451,2355,0,2,0,2357,A
8-NS,452,0,0,0,2357,2357,C
8-NS,453,4,1,0,2332,2337,C
8-NS,454,1,0,2335,0,2336,G
8-NS,455,2331,1,1,0,2333,A
8-NS,456,2330,0,3,0,2333,A
8-NS,457,0,2,2341,0,2343,G
8-NS,458,2309,2,2,0,2313,A
8-NS,459,0,0,2329,0,2329,G
8-NS,460,0,4,2286,0,2290,G
8-NS,461,1,6,2292,0,2299,G
8-NS,462,2287,0,6,0,2293,A
8-NS,463,1,0,2288,0,2289,G
8-NS,464,2,0,0,2285,2287,C
8-NS,465,2291,0,0,0,2291,A
8-NS,466,2291,0,0,0,2291,A
8-NS,467,0,2283,0,2,2285,T
8-NS,468,1,2280,0,1,2282,T
8-NS,469,1,0,2284,0,2285,G
8-NS,470,0,2265,0,0,2265,T
8-NS,471,0,2261,0,0,2261,T
8-NS,472,1,3,2257,0,2261,G
8-NS,473,2,0,2258,0,2260,G
8-NS,474,2,1,0,2259,2262,C
8-NS,475,2,12,2245,0,2259,G
8-NS,476,2265,0,1,0,2266,A
8-NS,477,2280,0,2,0,2282,A
8-NS,478,2281,0,0,2,2283,A
8-NS,479,0,2289,0,3,2292,T
8-NS,480,3,1,1,2287,2292,C
8-NS,481,0,2279,0,7,2286,T
8-NS,482,9,2,0,2281,2292,C
8-NS,483,2288,0,4,0,2292,A
8-NS,484,3,1,0,2304,2308,C
8-NS,485,2,1,0,2302,2305,C
8-NS,486,2269,0,2,0,2271,A
8-NS,487,0,2270,0,4,2274,T
8-NS,488,0,2261,0,2,2263,T
8-NS,489,1,1,2262,0,2264,G
8-NS,490,2,0,0,2261,2263,C
8-NS,491,4,1,0,2260,2265,C
8-NS,492,0,2259,1,2,2262,T
8-NS,493,1,2255,0,3,2259,T
8-NS,494,1,0,0,2270,2271,C
8-NS,495,0,2258,0,9,2267,T
8-NS,496,0,2269,0,1,2270,T
8-NS,497,0,2315,0,2,2317,T
8-NS,498,0,2303,1,2,2306,T
8-NS,499,6,0,0,2305,2311,C
8-NS,500,3,0,0,2305,2308,C
8-NS,501,2289,0,6,0,2295,A
8-NS,502,0,2,2318,0,2320,G
8-NS,503,0,7,2303,0,2310,G
8-NS,504,2329,1,7,0,2337,A
8-NS,505,0,1,0,2337,2338,C
8-NS,506,2356,0,2,0,2358,A
8-NS,507,1,2367,0,1,2369,T
8-NS,508,2369,0,1,0,2370,A
8-NS,509,0,0,0,2539,2539,C
8-NS,510,0,2534,0,0,2534,T
8-NS,511,2514,2,0,0,2516,A
8-NS,512,0,2505,0,2,2507,T
8-NS,513,0,2431,0,4,2435,T
8-NS,514,0,3,2432,0,2435,G
8-NS,515,2351,0,5,0,2356,A
8-NS,516,1,5,2346,0,2352,G
8-NS,517,1,3,2336,0,2340,G
8-NS,518,2136,0,0,0,2136,A
8-NS,519,0,2121,1,2,2124,T
8-NS,520,1,0,2107,0,2108,G
8-NS,521,0,2093,0,6,2099,T
8-NS,522,10,0,0,2093,2103,C
8-NS,523,2103,0,2,0,2105,A
8-NS,524,2109,0,0,0,2109,A
8-NS,525,2104,0,2,0,2106,A
8-NS,526,2096,0,1,0,2097,A
8-NS,527,2103,0,3,1,2107,A
8-NS,528,1,2104,0,1,2106,T
8-NS,529,12,0,2083,1,2096,G
8-NS,530,0,0,0,2113,2113,C
8-NS,531,2112,0,0,0,2112,A
8-NS,532,2120,0,0,0,2120,A
8-NS,533,0,2116,0,4,2120,T
8-NS,534,0,2115,0,0,2115,T
8-NS,535,0,2,2104,1,2107,G
8-NS,536,3,1,2097,0,2101,G
8-NS,537,1,3,2107,0,2111,G
8-NS,538,0,0,2127,0,2127,G
8-NS,539,1,2071,0,6,2078,T
8-NS,540,5,0,0,2075,2080,C
8-NS,541,5,0,0,2076,2081,C
8-NS,542,1,2068,0,5,2074,T
8-NS,543,5,0,0,2087,2092,C
8-NS,544,2092,0,1,0,2093,A
8-NS,545,0,2088,0,2,2090,T
8-NS,546,3,2,0,2086,2091,C
8-NS,547,2,5,2057,0,2064,G
8-NS,548,1,2,2065,0,2068,G
8-NS,549,2036,0,2,0,2038,A
8-NS,550,2,2,2037,0,2041,G
8-NS,551,0,7,2045,0,2052,G
8-NS,552,2029,0,4,0,2033,A
8-NS,553,0,1,1,2049,2051,C
8-NS,554,0,2036,1,5,2042,T
8-NS,555,0,2040,0,2,2042,T
8-NS,556,20,3,2028,0,2051,G
8-NS,557,2043,0,1,0,2044,A
8-NS,558,2046,1,3,0,2050,A
8-NS,559,0,2041,0,0,2041,T
8-NS,560,1,4,1995,0,2000,G
8-NS,561,0,4,2004,0,2008,G
8-NS,562,1976,1,1,0,1978,A
8-NS,563,1990,0,2,0,1992,A
8-NS,564,0,2065,0,1,2066,T
8-NS,565,0,6,2071,0,2077,G
8-NS,566,2077,0,5,0,2082,A
8-NS,567,0,2087,0,1,2088,T
8-NS,568,2081,0,2,0,2083,A
8-NS,569,2085,0,2,0,2087,A
8-NS,570,0,0,0,2059,2059,C
8-NS,571,2025,0,1,0,2026,A
8-NS,572,0,2,1,2035,2038,C
8-NS,573,1875,0,2,0,1877,A
8-NS,574,0,1,1904,0,1905,G
8-NS,575,0,1882,0,4,1886,T
8-NS,576,0,1887,0,2,1889,T
8-NS,577,6,1,0,1885,1892,C
8-NS,578,1,4,1871,0,1876,G
8-NS,579,1873,0,1,0,1874,A
8-NS,580,0,0,1877,0,1877,G
8-NS,581,0,1854,0,4,1858,T
8-NS,582,8,0,0,1861,1869,C
8-NS,583,1,1825,0,5,1831,T
8-NS,584,7,0,0,1837,1844,C
8-NS,585,0,1845,0,1,1846,T
8-NS,586,1847,0,0,0,1847,A
8-NS,587,1847,0,0,1,1848,A
8-NS,588,1841,1,2,0,1844,A
8-NS,589,1854,0,0,1,1855,A
8-NS,590,1853,1,1,0,1855,A
8-NS,591,0,1841,0,0,1841,T
8-NS,592,1,0,0,1861,1862,C
8-NS,593,0,1843,0,1,1844,T
8-NS,594,1850,0,1,0,1851,A
8-NS,595,0,1,0,1853,1854,C
8-NS,596,1844,0,2,0,1846,A
8-NS,597,0,1,1856,0,1857,G
8-NS,598,1810,0,8,0,1818,A
8-NS,599,0,7,1820,0,1827,G
8-NS,600,1816,0,2,0,1818,A
8-NS,601,0,1788,0,0,1788,T
8-NS,602,2,1788,0,3,1793,T
8-NS,603,4,0,0,1781,1785,C
8-NS,604,1,0,1788,0,1789,G
8-NS,605,1,0,0,1788,1789,C
8-NS,606,0,1772,0,6,1778,T
8-NS,607,0,1786,0,0,1786,T
8-NS,608,0,1,1773,0,1774,G
8-NS,609,0,4,1772,1,1777,G
8-NS,610,1775,0,2,0,1777,A
8-NS,611,0,2,1777,0,1779,G
8-NS,612,1768,0,0,0,1768,A
8-NS,613,1756,1,2,0,1759,A
8-NS,614,0,0,1784,0,1784,G
8-NS,615,2,0,0,1775,1777,C
8-NS,616,1777,0,3,0,1780,A
8-NS,617,0,0,1799,0,1799,G
8-NS,618,0,1783,0,0,1783,T
8-NS,619,1791,0,1,0,1792,A
8-NS,620,1794,0,1,0,1795,A
8-NS,621,0,1786,0,0,1786,T
8-NS,622,0,0,1797,0,1797,G
8-NS,623,1737,1,0,0,1738,A
8-NS,624,0,5,1761,0,1766,G
8-NS,625,1746,0,0,0,1746,A
8-NS,626,1690,0,2,0,1692,A
8-NS,627,0,1682,0,1,1683,T
8-NS,628,0,1,1675,0,1676,G
8-NS,629,0,1,1672,0,1673,G
8-NS,630,1,1,1671,0,1673,G
8-NS,631,0,0,1662,0,1662,G
8-NS,632,0,1,1656,0,1657,G
8-NS,633,1615,0,0,0,1615,A
8-NS,634,1,1563,0,1,1565,T
8-NS,635,2,0,0,1603,1605,C
8-NS,636,0,1602,1,3,1606,T
8-NS,637,0,1,0,1610,1611,C
8-NS,638,0,2,1,1614,1617,C
8-NS,639,1608,2,3,0,1613,A
8-NS,640,0,1,0,1607,1608,C
8-NS,641,0,1584,0,2,1586,T
8-NS,642,1,1569,0,0,1570,T
8-NS,643,1549,0,2,1,1552,A
8-NS,644,0,1,0,1558,1559,C
8-NS,645,0,1543,0,2,1545,T
8-NS,646,6,3,0,1535,1544,C
8-NS,647,1,0,0,1531,1532,C
8-NS,648,1533,1,0,0,1534,A
8-NS,649,1539,0,1,0,1540,A
8-NS,650,1541,0,0,0,1541,A
8-NS,651,1534,0,3,0,1537,A
8-NS,652,0,0,0,1542,1542,C
8-NS,653,1498,0,0,0,1498,A
8-NS,654,0,3,1502,0,1505,G
8-NS,655,1496,0,3,0,1499,A
8-NS,656,1497,0,2,0,1499,A
8-NS,657,1490,0,5,1,1496,A
8-NS,658,0,1,0,1492,1493,C
8-NS,659,4,0,1488,1,1493,G
8-NS,660,0,4,1490,0,1494,G
8-NS,661,0,2,1495,0,1497,G
8-NS,662,1491,0,1,0,1492,A
8-NS,663,1485,1,0,0,1486,A
8-NS,664,1482,1,1,0,1484,A
8-NS,665,0,1479,0,0,1479,T
8-NS,666,0,0,1479,0,1479,G
8-NS,667,0,0,1483,0,1483,G
8-NS,668,0,1,0,1473,1474,C
8-NS,669,2,3,1468,1,1474,G
8-NS,670,1470,0,0,0,1470,A
8-NS,671,2,4,1473,0,1479,G
8-NS,672,1478,2,0,0,1480,A
8-NS,673,1476,0,2,1,1479,A
8-NS,674,1,3,0,1485,1489,C
8-NS,675,1450,0,2,1,1453,A
8-NS,676,24,2,1428,1,1455,G
8-NS,677,0,0,0,1455,1455,C
8-NS,678,0,1446,1,4,1451,T
8-NS,679,1444,0,1,0,1445,A
8-NS,680,0,4,1433,0,1437,G
8-NS,681,0,0,1435,0,1435,G
8-NS,682,0,1429,1,3,1433,T
8-NS,683,6,0,0,1400,1406,C
8-NS,684,1407,0,0,0,1407,A
8-NS,685,1399,0,1,1,1401,A
8-NS,686,1399,0,1,1,1401,A
8-NS,687,1400,1,1,2,1404,A
8-NS,688,1,1,1408,1,1411,G
8-NS,689,0,1368,2,0,1370,T
8-NS,690,0,1364,0,0,1364,T
8-NS,691,1,1366,0,0,1367,T
8-NS,692,1,1,1367,0,1369,G
8-NS,693,1364,0,3,0,1367,A
8-NS,694,1364,0,1,0,1365,A
8-NS,695,1,3,1371,0,1375,G
8-NS,696,1340,0,5,0,1345,A
8-NS,697,0,3,1346,0,1349,G
8-NS,698,1342,0,2,1,1345,A
8-NS,699,0,1344,0,1,1345,T
8-NS,700,1350,0,1,0,1351,A
8-NS,701,1334,0,1,0,1335,A
8-NS,702,0,0,1334,0,1334,G
8-NS,703,1258,0,4,0,1262,A
8-NS,704,0,1259,0,0,1259,T
8-NS,705,0,0,1265,0,1265,G
8-NS,706,1,0,1264,0,1265,G
8-NS,707,0,1,0,1262,1263,C
8-NS,708,2,1256,0,0,1258,T
8-NS,709,1261,0,0,0,1261,A
8-NS,710,1261,0,0,0,1261,A
8-NS,711,1,1260,0,1,1262,T
8-NS,712,0,1250,0,1,1251,T
8-NS,713,1,7,1248,0,1256,G
8-NS,714,1232,0,0,0,1232,A
8-NS,715,1223,0,5,2,1230,A
8-NS,716,0,1,1231,0,1232,G
8-NS,717,1230,0,1,1,1232,A
8-NS,718,1208,0,2,0,1210,A
8-NS,719,1,1,1220,1,1223,G
8-NS,720,0,1190,1,1,1192,T
8-NS,721,0,3,1193,0,1196,G
8-NS,722,1179,1,2,0,1182,A
8-NS,723,1,0,1182,0,1183,G
8-NS,724,1180,0,3,1,1184,A
8-NS,725,1,0,0,1179,1180,C
8-NS,726,1169,0,1,0,1170,A
8-NS,727,0,0,1,1166,1167,C
8-NS,728,1092,0,1,1,1094,A
8-NS,729,0,2,1103,0,1105,G
8-NS,730,1099,0,1,0,1100,A
8-NS,731,0,1089,0,1,1090,T
8-NS,732,0,1083,0,0,1083,T
8-NS,733,1081,1,0,0,1082,A
8-NS,734,1081,0,0,0,1081,A
8-NS,735,1075,1,2,0,1078,A
8-NS,736,1079,0,0,0,1079,A
8-NS,737,1075,0,1,0,1076,A
8-NS,738,0,0,0,1033,1033,C
8-NS,739,983,0,0,0,983,A
8-NS,740,984,0,1,0,985,A
8-NS,741,1,0,0,988,989,C
8-NS,742,0,983,0,0,983,T
8-NS,743,0,1,985,0,986,G
8-NS,744,984,1,0,0,985,A
8-NS,745,985,0,0,0,985,A
8-NS,746,983,0,1,0,984,A
8-NS,747,972,0,2,0,974,A
8-NS,748,0,972,1,0,973,T
8-NS,749,959,0,1,0,960,A
8-NS,750,0,0,961,0,961,G
8-NS,751,1,0,0,957,958,C
8-NS,752,0,933,1,1,935,T
8-NS,753,0,932,2,1,935,T
8-NS,754,0,931,1,0,932,T
8-NS,755,1,5,933,0,939,G
8-NS,756,937,1,1,0,939,A
8-NS,757,938,0,0,0,938,A
8-NS,758,0,2,0,937,939,C
8-NS,759,917,0,1,0,918,A
8-NS,760,918,0,0,0,918,A
8-NS,761,919,0,0,0,919,A
8-NS,762,0,916,1,2,919,T
8-NS,763,919,0,1,0,920,A
8-NS,764,909,0,1,0,910,A
8-NS,765,1,0,0,907,908,C
8-NS,766,902,0,0,0,902,A
8-NS,767,0,891,1,0,892,T
8-NS,768,1,878,0,0,879,T
8-NS,769,6,0,0,859,865,C
8-NS,770,859,0,0,0,859,A
8-NS,771,0,853,1,0,854,T
8-NS,772,0,0,855,0,855,G
8-NS,773,0,2,0,836,838,C
8-NS,774,828,0,0,0,828,A
8-NS,775,827,0,2,0,829,A
8-NS,776,0,0,828,0,828,G
8-NS,777,0,1,0,836,837,C
8-NS,778,821,0,0,0,821,A
8-NS,779,0,816,1,0,817,T
8-NS,780,0,814,1,0,815,T
8-NS,781,816,0,0,0,816,A
8-NS,782,1,1,0,816,818,C
8-NS,783,805,0,2,0,807,A
8-NS,784,798,1,1,0,800,A
8-NS,785,1,0,0,800,801,C
8-NS,786,0,677,0,0,677,T
8-NS,787,1,0,679,0,680,G
8-NS,788,4,1,0,663,668,C
8-NS,789,0,646,0,1,647,T
8-NS,790,0,0,651,0,651,G
8-NS,791,0,631,0,0,631,T
8-NS,792,0,633,0,0,633,T
8-NS,793,1,629,0,0,630,T
8-NS,794,0,2,616,0,618,G
8-NS,795,616,0,2,0,618,A
8-NS,796,594,0,3,0,597,A
8-NS,797,0,0,600,0,600,G
8-NS,798,0,596,0,2,598,T
8-NS,799,0,0,576,0,576,G
8-NS,800,0,2,573,0,575,G
8-NS,801,573,0,0,1,574,A
8-NS,802,571,0,2,0,573,A
8-NS,803,0,0,0,573,573,C
8-NS,804,550,0,2,0,552,A
8-NS,805,0,0,556,0,556,G
8-NS,806,0,3,544,0,547,G
8-NS,807,536,0,2,0,538,A
8-NS,808,0,0,538,0,538,G
8-NS,809,454,0,5,0,459,A
8-NS,810,0,456,0,0,456,T
8-NS,811,454,0,2,0,456,A
8-NS,812,450,0,0,1,451,A
8-NS,813,0,2,448,0,450,G
8-NS,814,386,0,1,0,387,A
8-NS,815,380,0,0,0,380,A
8-NS,816,0,0,0,381,381,C
8-NS,817,0,336,1,0,337,T
8-NS,818,1,334,0,1,336,T
8-NS,819,0,336,0,0,336,T
8-NS,820,0,0,0,336,336,C
8-NS,821,1,322,0,0,323,T
8-NS,822,0,0,0,316,316,C
8-NS,823,307,0,0,0,307,A
8-NS,824,0,305,0,1,306,T
8-NS,825,0,300,0,1,301,T
8-NS,826,0,298,0,1,299,T
8-NS,827,0,0,0,296,296,C
8-NS,828,278,0,0,0,278,A
8-NS,829,0,0,278,0,278,G
8-NS,830,0,0,0,276,276,C
8-NS,831,0,256,0,1,257,T
8-NS,832,0,258,0,0,258,T
8-NS,833,251,0,0,0,251,A
8-NS,834,0,251,0,0,251,T
8-NS,835,0,251,0,0,251,T
8-NS,836,0,251,0,0,251,T
8-NS,837,236,0,0,0,236,A
8-NS,838,228,0,1,0,229,A
8-NS,839,0,225,0,0,225,T
8-NS,840,0,0,220,0,220,G
8-NS,841,214,0,2,0,216,A
8-NS,842,0,202,0,0,202,T
8-NS,843,192,0,1,0,193,A
8-NS,844,194,0,1,0,195,A
8-NS,845,195,0,0,0,195,A
8-NS,846,193,0,1,0,194,A
8-NS,847,189,0,0,0,189,A
8-NS,848,189,0,0,0,189,A
8-NS,849,0,0,0,189,189,C
8-NS,850,158,0,0,0,158,A
8-NS,851,0,0,0,157,157,C
8-NS,852,0,0,0,148,148,C
8-NS,853,1,0,0,144,145,C
8-NS,854,0,135,0,0,135,T
8-NS,855,0,129,0,0,129,T
8-NS,856,0,0,131,0,131,G
8-NS,857,0,122,0,0,122,T
8-NS,858,0,122,0,0,122,T
8-NS,859,0,123,0,0,123,T
8-NS,860,0,0,0,56,56,C
8-NS,861,0,47,0,0,47,T
8-NS,862,43,0,0,0,43,A
8-NS,863,0,0,0,43,43,C
