Gene,Position,A,T,G,C,Coverage,Consensus
1-PB2,1,512,0,0,0,512,A
1-PB2,2,0,512,0,0,512,T
1-PB2,3,0,0,526,0,526,G
1-PB2,4,0,0,528,0,528,G
1-PB2,5,530,0,0,0,530,A
1-PB2,6,529,0,0,0,529,A
1-PB2,7,530,0,0,0,530,A
1-PB2,8,0,0,580,0,580,G
1-PB2,9,581,0,0,0,581,A
1-PB2,10,587,0,0,0,587,A
1-PB2,11,0,599,0,0,599,T
1-PB2,12,601,0,0,0,601,A
1-PB2,13,602,0,0,0,602,A
1-PB2,14,602,0,0,0,602,A
1-PB2,15,599,0,2,0,601,A
1-PB2,16,0,1,617,0,618,G
1-PB2,17,619,0,0,0,619,A
1-PB2,18,619,1,0,0,620,A
1-PB2,19,0,0,0,629,629,C
1-PB2,20,0,628,0,0,628,T
1-PB2,21,638,0,0,0,638,A
1-PB2,22,0,0,0,640,640,C
1-PB2,23,16,1,623,0,640,G
1-PB2,24,0,0,644,0,644,G
1-PB2,25,644,0,0,0,644,A
1-PB2,26,670,0,0,0,670,A
1-PB2,27,0,672,0,0,672,T
1-PB2,28,0,0,0,681,681,C
1-PB2,29,0,679,0,1,680,T
1-PB2,30,0,0,681,0,681,G
1-PB2,31,690,0,0,0,690,A
1-PB2,32,0,689,0,0,689,T
1-PB2,33,0,0,690,0,690,G
1-PB2,34,0,707,0,1,708,T
1-PB2,35,0,0,0,705,705,C
1-PB2,36,0,0,706,0,706,G
1-PB2,37,0,0,0,706,706,C
1-PB2,38,706,1,0,0,707,A
1-PB2,39,0,0,744,0,744,G
1-PB2,40,0,745,0,1,746,T
1-PB2,41,0,0,0,746,746,C
1-PB2,42,0,741,0,2,743,T
1-PB2,43,0,2,0,742,744,C
1-PB2,44,0,0,743,0,743,G
1-PB2,45,0,0,0,744,744,C
1-PB2,46,747,0,0,0,747,A
1-PB2,47,0,1,0,758,759,C
1-PB2,48,1,753,0,0,754,T
1-PB2,49,0,0,0,787,787,C
1-PB2,50,0,0,791,0,791,G
1-PB2,51,0,0,0,791,791,C
1-PB2,52,0,0,792,0,792,G
1-PB2,53,793,0,0,0,793,A
1-PB2,54,0,0,796,0,796,G
1-PB2,55,818,0,4,0,822,A
1-PB2,56,0,821,0,0,821,T
1-PB2,57,820,1,1,0,822,A
1-PB2,58,0,0,0,822,822,C
1-PB2,59,0,817,0,1,818,T
1-PB2,60,0,0,830,0,830,G
1-PB2,61,832,1,0,0,833,A
1-PB2,62,0,0,0,838,838,C
1-PB2,63,839,0,0,0,839,A
1-PB2,64,840,0,0,0,840,A
1-PB2,65,855,0,0,0,855,A
1-PB2,66,872,0,0,0,872,A
1-PB2,67,871,0,0,0,871,A
1-PB2,68,0,0,0,887,887,C
1-PB2,69,0,1,0,883,884,C
1-PB2,70,917,1,0,0,918,A
1-PB2,71,0,0,0,928,928,C
1-PB2,72,928,0,0,0,928,A
1-PB2,73,0,0,959,0,959,G
1-PB2,74,0,954,0,0,954,T
1-PB2,75,0,0,997,0,997,G
1-PB2,76,0,0,1003,0,1003,G
1-PB2,77,1004,0,2,0,1006,A
1-PB2,78,0,2,0,1049,1051,C
1-PB2,79,0,0,1,1047,1048,C
1-PB2,80,1068,0,0,0,1068,A
1-PB2,81,0,1074,0,0,1074,T
1-PB2,82,1065,0,0,0,1065,A
1-PB2,83,1,1061,0,0,1062,T
1-PB2,84,0,0,1070,0,1070,G
1-PB2,85,0,1,1072,0,1073,G
1-PB2,86,0,1,0,1075,1076,C
1-PB2,87,2,0,0,1060,1062,C
1-PB2,88,1055,0,1,0,1056,A
1-PB2,89,1,1130,0,0,1131,T
1-PB2,90,1139,0,0,0,1139,A
1-PB2,91,1208,0,0,0,1208,A
1-PB2,92,0,1208,0,0,1208,T
1-PB2,93,0,1206,0,0,1206,T
1-PB2,94,1223,0,1,0,1224,A
1-PB2,95,1223,0,0,0,1223,A
1-PB2,96,0,1,1262,0,1263,G
1-PB2,97,1259,0,0,0,1259,A
1-PB2,98,1240,0,0,0,1240,A
1-PB2,99,0,0,1295,0,1295,G
1-PB2,100,0,1287,0,1,1288,T
1-PB2,101,1289,0,0,0,1289,A
1-PB2,102,0,2,0,1292,1294,C
1-PB2,103,1294,0,1,0,1295,A
1-PB2,104,0,1,0,1320,1321,C
1-PB2,105,1310,1,0,0,1311,A
1-PB2,106,0,1317,0,0,1317,T
1-PB2,107,0,1,0,1316,1317,C
1-PB2,108,0,0,1302,0,1302,G
1-PB2,109,0,1,1304,0,1305,G
1-PB2,110,0,2,1302,0,1304,G
1-PB2,111,0,1,1309,0,1310,G
1-PB2,112,1311,0,0,0,1311,A
1-PB2,113,0,2,1306,0,1308,G
1-PB2,114,1302,0,1,0,1303,A
1-PB2,115,0,0,0,1320,1320,C
1-PB2,116,1326,0,1,0,1327,A
1-PB2,117,0,0,1340,0,1340,G
1-PB2,118,1,1,1360,0,1362,G
1-PB2,119,1363,0,0,0,1363,A
1-PB2,120,1362,0,2,0,1364,A
1-PB2,121,1368,0,0,0,1368,A
1-PB2,122,1366,0,1,0,1367,A
1-PB2,123,0,0,1371,0,1371,G
1-PB2,124,1363,1,0,0,1364,A
1-PB2,125,1368,1,0,0,1369,A
1-PB2,126,0,2,0,1361,1363,C
1-PB2,127,0,1,0,1354,1355,C
1-PB2,128,2,1,0,1359,1362,C
1-PB2,129,0,0,1364,0,1364,G
1-PB2,130,0,1362,0,2,1364,T
1-PB2,131,0,1,0,1371,1372,C
1-PB2,132,1391,0,0,0,1391,A
1-PB2,133,0,0,0,1409,1409,C
1-PB2,134,0,1400,0,0,1400,T
1-PB2,135,0,1402,0,0,1402,T
1-PB2,136,1405,0,0,0,1405,A
1-PB2,137,0,0,1431,0,1431,G
1-PB2,138,0,0,1431,0,1431,G
1-PB2,139,1429,0,1,0,1430,A
1-PB2,140,0,1422,0,1,1423,T
1-PB2,141,0,1,1440,0,1441,G
1-PB2,142,1460,0,0,0,1460,A
1-PB2,143,1458,0,0,0,1458,A
1-PB2,144,1464,0,0,0,1464,A
1-PB2,145,0,1461,0,0,1461,T
1-PB2,146,0,0,1466,0,1466,G
1-PB2,147,1,0,1483,0,1484,G
1-PB2,148,1483,0,2,0,1485,A
1-PB2,149,0,1482,0,2,1484,T
1-PB2,150,0,0,1472,1,1473,G
1-PB2,151,1459,0,1,0,1460,A
1-PB2,152,0,1465,0,0,1465,T
1-PB2,153,0,0,1465,0,1465,G
1-PB2,154,1,0,1468,0,1469,G
1-PB2,155,0,0,0,1471,1471,C
1-PB2,156,1467,0,0,0,1467,A
1-PB2,157,1483,0,0,0,1483,A
1-PB2,158,0,1486,0,0,1486,T
1-PB2,159,0,0,1525,0,1525,G
1-PB2,160,1524,1,0,0,1525,A
1-PB2,161,1523,0,0,0,1523,A
1-PB2,162,1521,0,1,0,1522,A
1-PB2,163,0,1531,0,0,1531,T
1-PB2,164,1538,1,1,0,1540,A
1-PB2,165,0,2,0,1574,1576,C
1-PB2,166,0,0,0,1571,1571,C
1-PB2,167,1,0,0,1565,1566,C
1-PB2,168,1558,1,0,0,1559,A
1-PB2,169,1557,0,0,0,1557,A
1-PB2,170,0,1552,0,4,1556,T
1-PB2,171,0,0,0,1558,1558,C
1-PB2,172,1554,0,2,0,1556,A
1-PB2,173,0,0,0,1585,1585,C
1-PB2,174,0,1568,0,0,1568,T
1-PB2,175,1,0,1572,0,1573,G
1-PB2,176,0,0,0,1569,1569,C
1-PB2,177,0,1560,0,3,1563,T
1-PB2,178,0,0,1572,0,1572,G
1-PB2,179,1567,1,3,0,1571,A
1-PB2,180,0,0,0,1586,1586,C
1-PB2,181,1587,0,0,0,1587,A
1-PB2,182,1563,1,0,1,1565,A
1-PB2,183,1572,0,1,0,1573,A
1-PB2,184,1571,0,2,0,1573,A
1-PB2,185,22,2,1573,0,1597,G
1-PB2,186,0,0,1596,1,1597,G
1-PB2,187,1586,1,0,0,1587,A
1-PB2,188,0,1594,0,0,1594,T
1-PB2,189,1591,0,0,1,1592,A
1-PB2,190,1600,0,2,0,1602,A
1-PB2,191,0,0,0,1616,1616,C
1-PB2,192,1613,0,1,0,1614,A
1-PB2,193,0,1,1614,1,1616,G
1-PB2,194,1606,0,1,0,1607,A
1-PB2,195,1607,0,0,0,1607,A
1-PB2,196,1602,0,0,0,1602,A
1-PB2,197,1,1609,0,0,1610,T
1-PB2,198,1,0,1613,0,1614,G
1-PB2,199,0,1,1625,0,1626,G
1-PB2,200,0,1613,0,0,1613,T
1-PB2,201,0,1611,0,0,1611,T
1-PB2,202,0,0,0,1609,1609,C
1-PB2,203,0,0,0,1615,1615,C
1-PB2,204,1,0,1615,0,1616,G
1-PB2,205,0,0,1615,0,1615,G
1-PB2,206,1614,0,3,0,1617,A
1-PB2,207,0,0,1618,0,1618,G
1-PB2,208,1609,1,0,0,1610,A
1-PB2,209,2,0,1631,0,1633,G
1-PB2,210,1635,1,0,0,1636,A
1-PB2,211,1633,1,1,0,1635,A
1-PB2,212,1629,1,6,0,1636,A
1-PB2,213,0,1631,0,1,1632,T
1-PB2,214,1,1,1637,0,1639,G
1-PB2,215,1638,0,1,0,1639,A
1-PB2,216,1635,0,2,0,1637,A
1-PB2,217,0,0,0,1638,1638,C
1-PB2,218,1616,0,0,0,1616,A
1-PB2,219,1613,0,2,0,1615,A
1-PB2,220,0,0,1613,0,1613,G
1-PB2,221,0,0,1608,0,1608,G
1-PB2,222,0,3,1590,0,1593,G
1-PB2,223,0,1,0,1637,1638,C
1-PB2,224,1646,0,0,0,1646,A
1-PB2,225,1645,0,0,0,1645,A
1-PB2,226,1717,0,0,0,1717,A
1-PB2,227,1,0,0,1732,1733,C
1-PB2,228,0,1718,0,0,1718,T
1-PB2,229,0,0,0,1756,1756,C
1-PB2,230,0,1715,0,0,1715,T
1-PB2,231,1735,0,2,0,1737,A
1-PB2,232,0,1735,0,1,1736,T
1-PB2,233,0,0,1733,0,1733,G
1-PB2,234,0,1,1776,0,1777,G
1-PB2,235,1700,0,2,0,1702,A
1-PB2,236,0,1,1717,0,1718,G
1-PB2,237,0,1714,0,0,1714,T
1-PB2,238,1704,0,1,0,1705,A
1-PB2,239,1709,0,1,0,1710,A
1-PB2,240,1705,0,0,1,1706,A
1-PB2,241,1702,0,2,0,1704,A
1-PB2,242,0,1702,0,0,1702,T
1-PB2,243,0,0,1698,0,1698,G
1-PB2,244,1676,0,1,0,1677,A
1-PB2,245,0,0,1686,0,1686,G
1-PB2,246,1,1677,0,1,1679,T
1-PB2,247,0,3,1678,0,1681,G
1-PB2,248,1722,0,2,0,1724,A
1-PB2,249,0,1739,0,0,1739,T
1-PB2,250,0,0,1737,0,1737,G
1-PB2,251,1,0,0,1734,1735,C
1-PB2,252,0,1725,0,1,1726,T
1-PB2,253,2,0,1790,0,1792,G
1-PB2,254,0,1,1796,0,1797,G
1-PB2,255,1829,0,2,0,1831,A
1-PB2,256,0,1821,0,1,1822,T
1-PB2,257,1,0,0,1824,1825,C
1-PB2,258,1846,0,0,0,1846,A
1-PB2,259,0,1,1899,1,1901,G
1-PB2,260,1903,0,1,0,1904,A
1-PB2,261,0,1903,0,0,1903,T
1-PB2,262,1854,0,2,0,1856,A
1-PB2,263,0,0,1915,0,1915,G
1-PB2,264,1894,2,4,0,1900,A
1-PB2,265,0,0,1931,0,1931,G
1-PB2,266,0,1906,0,1,1907,T
1-PB2,267,0,1,1896,0,1897,G
1-PB2,268,1867,1,0,0,1868,A
1-PB2,269,1,1879,0,0,1880,T
1-PB2,270,0,3,1910,0,1913,G
1-PB2,271,0,0,1959,0,1959,G
1-PB2,272,2,1935,0,0,1937,T
1-PB2,273,1936,0,0,0,1936,A
1-PB2,274,1,1912,0,4,1917,T
1-PB2,275,0,0,0,1918,1918,C
1-PB2,276,1952,0,3,0,1955,A
1-PB2,277,0,0,0,1997,1997,C
1-PB2,278,2,0,0,1989,1991,C
1-PB2,279,0,1949,0,2,1951,T
1-PB2,280,1,1931,0,1,1933,T
1-PB2,281,0,1939,0,0,1939,T
1-PB2,282,2,0,1963,0,1965,G
1-PB2,283,0,2,1979,0,1981,G
1-PB2,284,0,0,0,2004,2004,C
1-PB2,285,0,1967,0,4,1971,T
1-PB2,286,0,0,1983,0,1983,G
1-PB2,287,0,1988,0,2,1990,T
1-PB2,288,1993,0,0,0,1993,A
1-PB2,289,2002,1,1,0,2004,A
1-PB2,290,0,0,0,2006,2006,C
1-PB2,291,1977,1,1,0,1979,A
1-PB2,292,0,1979,0,0,1979,T
1-PB2,293,2,0,1953,1,1956,G
1-PB2,294,0,0,1992,0,1992,G
1-PB2,295,0,1980,0,0,1980,T
1-PB2,296,1,0,1977,1,1979,G
1-PB2,297,0,1,2014,1,2016,G
1-PB2,298,2017,0,1,0,2018,A
1-PB2,299,2017,0,2,0,2019,A
1-PB2,300,0,2025,0,0,2025,T
1-PB2,301,2022,0,1,0,2023,A
1-PB2,302,0,1,2067,0,2068,G
1-PB2,303,2059,0,0,0,2059,A
1-PB2,304,2055,0,5,0,2060,A
1-PB2,305,2056,1,0,0,2057,A
1-PB2,306,0,2012,0,1,2013,T
1-PB2,307,0,1,2010,0,2011,G
1-PB2,308,1,1,2009,0,2011,G
1-PB2,309,2013,1,0,0,2014,A
1-PB2,310,0,0,0,2022,2022,C
1-PB2,311,1,0,1,2013,2015,C
1-PB2,312,3,1,0,2006,2010,C
1-PB2,313,1,0,2024,1,2026,G
1-PB2,314,0,2037,0,1,2038,T
1-PB2,315,0,0,2092,0,2092,G
1-PB2,316,2091,0,0,0,2091,A
1-PB2,317,0,1,0,2093,2094,C
1-PB2,318,2090,0,2,0,2092,A
1-PB2,319,2089,0,2,0,2091,A
1-PB2,320,0,1,2138,0,2139,G
1-PB2,321,0,2129,0,0,2129,T
1-PB2,322,2126,0,0,0,2126,A
1-PB2,323,0,1,0,2110,2111,C
1-PB2,324,1,2,2077,0,2080,G
1-PB2,325,1,1,2145,0,2147,G
1-PB2,326,0,2127,0,1,2128,T
1-PB2,327,3,0,0,2145,2148,C
1-PB2,328,2,1,0,2140,2143,C
1-PB2,329,2121,0,0,0,2121,A
1-PB2,330,1,2127,0,0,2128,T
1-PB2,331,0,2133,0,0,2133,T
1-PB2,332,2211,0,1,0,2212,A
1-PB2,333,0,1,0,2203,2204,C
1-PB2,334,1,1,0,2157,2159,C
1-PB2,335,0,1,0,2161,2162,C
1-PB2,336,2153,1,0,1,2155,A
1-PB2,337,2173,0,0,0,2173,A
1-PB2,338,2173,0,0,0,2173,A
1-PB2,339,2158,0,2,0,2160,A
1-PB2,340,0,0,2191,0,2191,G
1-PB2,341,0,2117,0,0,2117,T
1-PB2,342,0,0,2142,0,2142,G
1-PB2,343,1,2139,0,2,2142,T
1-PB2,344,2140,1,1,0,2142,A
1-PB2,345,0,0,0,2142,2142,C
1-PB2,346,2127,0,2,0,2129,A
1-PB2,347,2129,0,2,0,2131,A
1-PB2,348,1,0,2144,0,2145,G
1-PB2,349,2125,0,2,0,2127,A
1-PB2,350,0,0,0,2131,2131,C
1-PB2,351,0,2102,0,1,2103,T
1-PB2,352,0,2129,0,0,2129,T
1-PB2,353,2126,0,1,0,2127,A
1-PB2,354,0,2123,0,2,2125,T
1-PB2,355,0,2122,0,1,2123,T
1-PB2,356,0,2122,1,0,2123,T
1-PB2,357,0,0,0,2110,2110,C
1-PB2,358,1,1,2110,0,2112,G
1-PB2,359,2107,0,3,0,2110,A
1-PB2,360,1,0,0,2106,2107,C
1-PB2,361,2089,1,1,0,2091,A
1-PB2,362,2091,0,0,0,2091,A
1-PB2,363,2098,0,0,1,2099,A
1-PB2,364,0,0,2115,0,2115,G
1-PB2,365,0,2111,0,1,2112,T
1-PB2,366,1,0,0,2114,2115,C
1-PB2,367,0,0,2112,0,2112,G
1-PB2,368,2112,0,0,0,2112,A
1-PB2,369,2107,1,0,0,2108,A
1-PB2,370,2113,0,0,0,2113,A
1-PB2,371,0,1,2158,0,2159,G
1-PB2,372,48,0,2126,0,2174,G
1-PB2,373,0,2158,0,0,2158,T
1-PB2,374,0,2155,1,2,2158,T
1-PB2,375,2153,0,1,0,2154,A
1-PB2,376,2153,0,4,0,2157,A
1-PB2,377,2155,0,0,0,2155,A
1-PB2,378,2160,1,2,2,2165,A
1-PB2,379,1,0,0,2163,2164,C
1-PB2,380,2097,1,1,0,2099,A
1-PB2,381,0,2091,0,0,2091,T
1-PB2,382,1,1,2094,0,2096,G
1-PB2,383,0,1,2088,0,2089,G
1-PB2,384,2086,1,1,0,2088,A
1-PB2,385,2092,0,0,0,2092,A
1-PB2,386,0,1,0,2088,2089,C
1-PB2,387,0,2069,0,3,2072,T
1-PB2,388,0,2118,0,1,2119,T
1-PB2,389,1,2118,0,0,2119,T
1-PB2,390,1,2125,1,0,2127,T
1-PB2,391,0,2,2124,0,2126,G
1-PB2,392,0,0,2109,1,2110,G
1-PB2,393,1,4,0,2112,2117,C
1-PB2,394,1,0,0,2113,2114,C
1-PB2,395,0,2,0,2103,2105,C
1-PB2,396,0,2082,0,1,2083,T
1-PB2,397,2,0,2112,0,2114,G
1-PB2,398,1,2107,0,3,2111,T
1-PB2,399,1,2106,0,4,2111,T
1-PB2,400,0,1,0,2112,2113,C
1-PB2,401,2104,0,1,0,2105,A
1-PB2,402,0,2113,0,0,2113,T
1-PB2,403,0,2106,0,0,2106,T
1-PB2,404,0,2102,0,2,2104,T
1-PB2,405,0,2108,0,0,2108,T
1-PB2,406,2078,2,0,0,2080,A
1-PB2,407,0,0,2078,0,2078,G
1-PB2,408,2069,0,2,0,2071,A
1-PB2,409,2072,0,0,0,2072,A
1-PB2,410,2074,0,1,0,2075,A
1-PB2,411,0,2074,0,0,2074,T
1-PB2,412,0,0,0,2074,2074,C
1-PB2,413,2063,0,2,0,2065,A
1-PB2,414,2077,0,2,1,2080,A
1-PB2,415,0,0,2085,0,2085,G
1-PB2,416,0,2078,0,2,2080,T
1-PB2,417,1,0,0,2077,2078,C
1-PB2,418,2083,0,1,0,2084,A
1-PB2,419,2084,0,1,0,2085,A
1-PB2,420,3,1,2085,0,2089,G
1-PB2,421,2098,0,1,0,2099,A
1-PB2,422,0,2098,0,0,2098,T
1-PB2,423,2103,0,4,1,2108,A
1-PB2,424,0,1,0,2095,2096,C
1-PB2,425,9,0,2086,0,2095,G
1-PB2,426,0,1,0,2151,2152,C
1-PB2,427,2130,0,0,0,2130,A
1-PB2,428,0,0,2153,1,2154,G
1-PB2,429,2152,0,1,0,2153,A
1-PB2,430,2151,0,4,0,2155,A
1-PB2,431,0,1,2203,0,2204,G
1-PB2,432,2148,0,0,0,2148,A
1-PB2,433,0,0,2158,0,2158,G
1-PB2,434,0,2154,0,0,2154,T
1-PB2,435,2143,0,1,0,2144,A
1-PB2,436,0,0,2170,0,2170,G
1-PB2,437,2155,2,2,0,2159,A
1-PB2,438,1,0,0,2266,2267,C
1-PB2,439,2223,1,1,0,2225,A
1-PB2,440,0,2176,0,2,2178,T
1-PB2,441,2167,0,1,0,2168,A
1-PB2,442,2156,0,2,0,2158,A
1-PB2,443,2179,0,2,0,2181,A
1-PB2,444,1,0,0,2184,2185,C
1-PB2,445,1,0,0,2150,2151,C
1-PB2,446,1,0,0,2132,2133,C
1-PB2,447,1,1997,0,0,1998,T
1-PB2,448,2,0,2013,0,2015,G
1-PB2,449,0,0,2056,0,2056,G
1-PB2,450,0,2053,0,1,2054,T
1-PB2,451,0,1,0,2039,2040,C
1-PB2,452,2068,1,0,0,2069,A
1-PB2,453,0,2048,0,1,2049,T
1-PB2,454,0,0,2067,0,2067,G
1-PB2,455,0,0,0,2069,2069,C
1-PB2,456,2043,0,1,0,2044,A
1-PB2,457,0,1,2045,0,2046,G
1-PB2,458,1967,0,2,1,1970,A
1-PB2,459,0,0,0,1999,1999,C
1-PB2,460,1,45,0,1945,1991,C
1-PB2,461,1,1923,0,2,1926,T
1-PB2,462,0,0,0,1925,1925,C
1-PB2,463,1907,1,1,0,1909,A
1-PB2,464,0,0,1951,0,1951,G
1-PB2,465,0,1945,0,1,1946,T
1-PB2,466,0,0,1950,0,1950,G
1-PB2,467,1,1,0,1948,1950,C
1-PB2,468,0,0,0,1911,1911,C
1-PB2,469,1911,0,1,0,1912,A
1-PB2,470,1916,0,0,1,1917,A
1-PB2,471,1911,0,0,0,1911,A
1-PB2,472,0,2,1912,0,1914,G
1-PB2,473,1848,1,2,1,1852,A
1-PB2,474,1,2,1864,0,1867,G
1-PB2,475,1,0,1862,0,1863,G
1-PB2,476,0,0,0,1857,1857,C
1-PB2,477,1861,1,3,0,1865,A
1-PB2,478,0,0,0,1860,1860,C
1-PB2,479,1867,0,0,0,1867,A
1-PB2,480,1905,0,0,0,1905,A
1-PB2,481,0,0,1906,0,1906,G
1-PB2,482,1939,0,2,0,1941,A
1-PB2,483,0,1935,1,0,1936,T
1-PB2,484,0,0,1938,0,1938,G
1-PB2,485,1,1936,0,0,1937,T
1-PB2,486,1943,0,2,0,1945,A
1-PB2,487,1943,0,1,1,1945,A
1-PB2,488,0,1945,0,0,1945,T
1-PB2,489,0,1868,0,0,1868,T
1-PB2,490,1850,0,1,1,1852,A
1-PB2,491,0,1798,0,1,1799,T
1-PB2,492,0,1,1798,2,1801,G
1-PB2,493,1,0,1797,0,1798,G
1-PB2,494,1794,0,1,0,1795,A
1-PB2,495,1782,0,1,0,1783,A
1-PB2,496,0,0,1782,1,1783,G
1-PB2,497,0,1778,0,1,1779,T
1-PB2,498,1,1781,0,1,1783,T
1-PB2,499,0,1,1789,0,1790,G
1-PB2,500,0,1783,0,3,1786,T
1-PB2,501,1,1783,0,0,1784,T
1-PB2,502,1,1787,0,0,1788,T
1-PB2,503,0,1790,0,0,1790,T
1-PB2,504,0,1795,0,1,1796,T
1-PB2,505,0,1,0,1800,1801,C
1-PB2,506,0,0,0,1802,1802,C
1-PB2,507,1,0,0,1811,1812,C
1-PB2,508,1798,0,1,0,1799,A
1-PB2,509,1812,0,1,1,1814,A
1-PB2,510,0,1813,0,1,1814,T
1-PB2,511,0,1,1826,0,1827,G
1-PB2,512,1829,0,0,0,1829,A
1-PB2,513,1824,0,2,1,1827,A
1-PB2,514,1,0,1842,0,1843,G
1-PB2,515,0,1835,0,0,1835,T
1-PB2,516,1,3,1826,0,1830,G
1-PB2,517,1,1,1829,0,1831,G
1-PB2,518,0,3,1833,1,1837,G
1-PB2,519,1844,0,2,1,1847,A
1-PB2,520,0,1,1839,0,1840,G
1-PB2,521,2,1,0,1840,1843,C
1-PB2,522,1,0,0,1852,1853,C
1-PB2,523,1837,0,1,0,1838,A
1-PB2,524,0,0,1885,0,1885,G
1-PB2,525,1,0,1889,0,1890,G
1-PB2,526,1900,1,1,0,1902,A
1-PB2,527,0,1893,0,0,1893,T
1-PB2,528,1884,0,0,0,1884,A
1-PB2,529,0,0,0,1885,1885,C
1-PB2,530,1,1869,0,1,1871,T
1-PB2,531,1867,0,1,0,1868,A
1-PB2,532,1856,0,1,0,1857,A
1-PB2,533,0,0,0,1862,1862,C
1-PB2,534,1823,0,0,1,1824,A
1-PB2,535,0,1805,0,0,1805,T
1-PB2,536,0,0,0,1807,1807,C
1-PB2,537,1781,0,1,0,1782,A
1-PB2,538,1,0,1810,0,1811,G
1-PB2,539,1809,1,0,0,1810,A
1-PB2,540,1801,0,0,0,1801,A
1-PB2,541,0,1802,0,0,1802,T
1-PB2,542,1,1,0,1776,1778,C
1-PB2,543,1782,0,0,1,1783,A
1-PB2,544,0,0,0,1825,1825,C
1-PB2,545,1826,0,1,0,1827,A
1-PB2,546,1835,0,0,0,1835,A
1-PB2,547,0,1814,0,0,1814,T
1-PB2,548,1,1823,1,0,1825,T
1-PB2,549,1832,0,0,0,1832,A
1-PB2,550,1832,0,2,0,1834,A
1-PB2,551,0,0,1,1851,1852,C
1-PB2,552,1834,0,0,0,1834,A
1-PB2,553,1809,0,0,0,1809,A
1-PB2,554,0,1821,0,0,1821,T
1-PB2,555,1807,1,1,0,1809,A
1-PB2,556,1810,0,0,0,1810,A
1-PB2,557,0,0,0,1815,1815,C
1-PB2,558,0,1813,0,0,1813,T
1-PB2,559,1808,0,0,0,1808,A
1-PB2,560,1794,1,0,0,1795,A
1-PB2,561,1788,0,3,0,1791,A
1-PB2,562,0,1,1796,0,1797,G
1-PB2,563,1760,0,2,0,1762,A
1-PB2,564,0,0,1779,0,1779,G
1-PB2,565,1774,0,1,0,1775,A
1-PB2,566,1773,0,1,0,1774,A
1-PB2,567,1773,0,1,1,1775,A
1-PB2,568,1773,0,0,0,1773,A
1-PB2,569,1786,0,0,0,1786,A
1-PB2,570,1785,0,2,0,1787,A
1-PB2,571,1,0,1784,0,1785,G
1-PB2,572,1785,0,0,0,1785,A
1-PB2,573,1774,1,0,0,1775,A
1-PB2,574,0,0,1768,0,1768,G
1-PB2,575,1771,0,1,0,1772,A
1-PB2,576,1768,0,2,0,1770,A
1-PB2,577,0,0,0,1787,1787,C
1-PB2,578,0,1761,1,1,1763,T
1-PB2,579,1,0,0,1775,1776,C
1-PB2,580,1,0,0,1769,1770,C
1-PB2,581,0,0,1775,0,1775,G
1-PB2,582,1776,1,0,0,1777,A
1-PB2,583,0,0,1777,0,1777,G
1-PB2,584,1766,0,1,0,1767,A
1-PB2,585,1,1765,0,1,1767,T
1-PB2,586,1,1752,1,0,1754,T
1-PB2,587,0,0,1759,0,1759,G
1-PB2,588,0,0,0,1753,1753,C
1-PB2,589,1759,0,2,0,1761,A
1-PB2,590,1758,1,1,0,1760,A
1-PB2,591,1759,0,0,0,1759,A
1-PB2,592,1765,1,0,0,1766,A
1-PB2,593,0,1769,1,0,1770,T
1-PB2,594,0,1762,0,1,1763,T
1-PB2,595,0,1752,0,1,1753,T
1-PB2,596,0,0,0,1756,1756,C
1-PB2,597,0,1751,0,0,1751,T
1-PB2,598,0,0,1,1990,1991,C
1-PB2,599,3,1,0,2005,2009,C
1-PB2,600,1,1,0,2377,2379,C
1-PB2,601,1,2377,0,0,2378,T
1-PB2,602,0,2438,0,0,2438,T
1-PB2,603,0,0,2455,1,2456,G
1-PB2,604,2464,0,2,0,2466,A
1-PB2,605,0,2521,0,0,2521,T
1-PB2,606,0,2,2613,0,2615,G
1-PB2,607,0,1,3120,0,3121,G
1-PB2,608,0,3228,0,6,3234,T
1-PB2,609,1,3238,0,0,3239,T
1-PB2,610,47,1,3601,0,3649,G
1-PB2,611,0,3,0,3686,3689,C
1-PB2,612,3800,0,0,0,3800,A
1-PB2,613,0,3809,0,0,3809,T
1-PB2,614,3855,0,3,12,3870,A
1-PB2,615,0,0,0,4126,4126,C
1-PB2,616,4906,0,0,6,4912,A
1-PB2,617,0,5046,1,0,5047,T
1-PB2,618,1,2,5415,0,5418,G
1-PB2,619,1,5382,1,1,5385,T
1-PB2,620,1,5387,1,2,5391,T
1-PB2,621,5396,0,2,0,5398,A
1-PB2,622,0,1,5409,0,5410,G
1-PB2,623,5491,2,0,0,5493,A
1-PB2,624,0,1,5574,0,5575,G
1-PB2,625,5430,2,8,0,5440,A
1-PB2,626,0,0,5480,1,5481,G
1-PB2,627,5427,2,7,0,5436,A
1-PB2,628,0,1,5485,0,5486,G
1-PB2,629,5506,2,7,0,5515,A
1-PB2,630,5459,1,67,0,5527,A
1-PB2,631,1,1,0,5567,5569,C
1-PB2,632,0,5557,0,2,5559,T
1-PB2,633,1,5550,2,0,5553,T
1-PB2,634,3,0,5553,2,5558,G
1-PB2,635,1,5557,0,3,5561,T
1-PB2,636,5566,0,3,0,5569,A
1-PB2,637,1,1,0,5542,5544,C
1-PB2,638,1,1,5544,0,5546,G
1-PB2,639,5550,1,3,0,5554,A
1-PB2,640,5546,0,1,0,5547,A
1-PB2,641,5603,1,1,0,5605,A
1-PB2,642,5607,1,2,0,5610,A
1-PB2,643,5612,3,3,2,5620,A
1-PB2,644,1,1,1,5632,5635,C
1-PB2,645,5622,2,3,0,5627,A
1-PB2,646,5640,2,1,0,5643,A
1-PB2,647,0,2,5666,0,5668,G
1-PB2,648,5687,0,0,0,5687,A
1-PB2,649,0,5693,0,1,5694,T
1-PB2,650,0,5683,0,1,5684,T
1-PB2,651,1,5708,1,1,5711,T
1-PB2,652,1,0,0,5742,5743,C
1-PB2,653,2,5757,0,4,5763,T
1-PB2,654,1,0,0,5771,5772,C
1-PB2,655,1,0,0,5761,5762,C
1-PB2,656,4,105,0,5668,5777,C
1-PB2,657,5785,3,0,0,5788,A
1-PB2,658,1,0,5852,0,5853,G
1-PB2,659,0,5860,0,3,5863,T
1-PB2,660,1,5854,1,0,5856,T
1-PB2,661,0,1,5849,1,5851,G
1-PB2,662,2,4,0,5848,5854,C
1-PB2,663,0,5848,0,4,5852,T
1-PB2,664,4,0,5854,1,5859,G
1-PB2,665,1,2,5853,0,5856,G
1-PB2,666,0,4,0,5852,5856,C
1-PB2,667,3,1,5873,0,5877,G
1-PB2,668,0,2,5940,0,5942,G
1-PB2,669,5962,2,6,0,5970,A
1-PB2,670,5973,1,0,0,5974,A
1-PB2,671,0,1,1,5993,5995,C
1-PB2,672,6030,0,1,0,6031,A
1-PB2,673,6031,0,2,0,6033,A
1-PB2,674,1,0,6365,0,6366,G
1-PB2,675,0,1,1,6519,6521,C
1-PB2,676,6552,1,7,0,6560,A
1-PB2,677,15,1,8420,0,8436,G
1-PB2,678,1,8427,0,1,8429,T
1-PB2,679,8477,1,3,0,8481,A
1-PB2,680,2,8479,0,1,8482,T
1-PB2,681,8487,1,35,0,8523,A
1-PB2,682,3,8530,0,3,8536,T
1-PB2,683,8448,3,1,0,8452,A
1-PB2,684,0,2,0,8550,8552,C
1-PB2,685,8274,0,1,0,8275,A
1-PB2,686,2,7944,0,1,7947,T
1-PB2,687,1,7764,0,1,7766,T
1-PB2,688,0,3,7763,0,7766,G
1-PB2,689,7739,0,4,0,7743,A
1-PB2,690,7726,0,6,0,7732,A
1-PB2,691,0,0,7831,0,7831,G
1-PB2,692,1,7794,0,7,7802,T
1-PB2,693,4,7765,0,1,7770,T
1-PB2,694,1,7768,1,7,7777,T
1-PB2,695,2,7778,0,6,7786,T
1-PB2,696,7866,0,2,0,7868,A
1-PB2,697,2,4,0,7905,7911,C
1-PB2,698,7908,1,2,1,7912,A
1-PB2,699,1,7897,0,2,7900,T
1-PB2,700,2,7864,0,1,7867,T
1-PB2,701,2,7879,0,1,7882,T
1-PB2,702,2,1,8000,0,8003,G
1-PB2,703,8021,1,35,1,8058,A
1-PB2,704,0,3,0,8092,8095,C
1-PB2,705,1,8063,0,6,8070,T
1-PB2,706,2,2,1,8059,8064,C
1-PB2,707,8032,3,4,1,8040,A
1-PB2,708,2,6,7982,0,7990,G
1-PB2,709,0,2,8200,2,8204,G
1-PB2,710,2,1,8232,1,8236,G
1-PB2,711,8247,5,9,1,8262,A
1-PB2,712,8205,0,58,6,8269,A
1-PB2,713,0,3,0,8268,8271,C
1-PB2,714,2,1,8355,0,8358,G
1-PB2,715,1,8360,0,1,8362,T
1-PB2,716,3,3,8416,0,8422,G
1-PB2,717,2,8378,0,1,8381,T
1-PB2,718,1,8376,0,2,8379,T
1-PB2,719,1,4,8389,0,8394,G
1-PB2,720,4,3,8379,2,8388,G
1-PB2,721,1,4,8499,1,8505,G
1-PB2,722,8463,6,15,0,8484,A
1-PB2,723,8450,4,5,1,8460,A
1-PB2,724,0,3,0,8695,8698,C
1-PB2,725,8669,0,4,1,8674,A
1-PB2,726,9004,0,2,0,9006,A
1-PB2,727,9014,2,1,0,9017,A
1-PB2,728,1,9081,1,2,9085,T
1-PB2,729,2,0,9221,0,9223,G
1-PB2,730,2,9178,1,2,9183,T
1-PB2,731,9187,0,4,1,9192,A
1-PB2,732,0,4,0,9221,9225,C
1-PB2,733,9097,1,3,0,9101,A
1-PB2,734,0,0,0,9091,9091,C
1-PB2,735,0,8886,0,9,8895,T
1-PB2,736,4,3,1,9707,9715,C
1-PB2,737,2,4,0,9725,9731,C
1-PB2,738,9885,1,7,1,9894,A
1-PB2,739,2,3,9958,0,9963,G
1-PB2,740,3,1,10190,0,10194,G
1-PB2,741,0,10175,0,3,10178,T
1-PB2,742,0,4,10154,1,10159,G
1-PB2,743,0,8,9971,0,9979,G
1-PB2,744,9907,2,13,0,9922,A
1-PB2,745,1,3,9971,0,9975,G
1-PB2,746,0,4,9996,2,10002,G
1-PB2,747,9888,2,12,1,9903,A
1-PB2,748,1,1,9985,0,9987,G
1-PB2,749,0,9813,0,5,9818,T
1-PB2,750,2,1,9853,2,9858,G
1-PB2,751,9858,1,11,1,9871,A
1-PB2,752,1,5,9910,0,9916,G
1-PB2,753,4,2,9964,1,9971,G
1-PB2,754,9921,0,2,1,9924,A
1-PB2,755,9910,0,9,1,9920,A
1-PB2,756,0,9967,0,2,9969,T
1-PB2,757,1,2,9941,1,9945,G
1-PB2,758,9945,3,6,1,9955,A
1-PB2,759,1,0,0,9915,9916,C
1-PB2,760,3,2,9900,0,9905,G
1-PB2,761,10033,2,3,1,10039,A
1-PB2,762,2,9991,0,1,9994,T
1-PB2,763,1,1,10053,0,10055,G
1-PB2,764,1,10044,0,3,10048,T
1-PB2,765,0,9976,0,2,9978,T
1-PB2,766,1,1,10050,1,10053,G
1-PB2,767,10049,2,15,0,10066,A
1-PB2,768,1,0,1,10063,10065,C
1-PB2,769,5,5,1,10036,10047,C
1-PB2,770,9974,0,2,0,9976,A
1-PB2,771,9966,1,5,0,9972,A
1-PB2,772,10024,2,10,2,10038,A
1-PB2,773,3,1,10257,0,10261,G
1-PB2,774,0,3,0,10273,10276,C
1-PB2,775,1,0,0,10243,10244,C
1-PB2,776,1,10319,0,8,10328,T
1-PB2,777,10345,1,1,0,10347,A
1-PB2,778,10342,2,0,0,10344,A
1-PB2,779,1,10360,0,1,10362,T
1-PB2,780,1,10352,0,0,10353,T
1-PB2,781,10277,0,2,1,10280,A
1-PB2,782,0,10091,1,2,10094,T
1-PB2,783,1,10055,0,1,10057,T
1-PB2,784,0,1,9993,0,9994,G
1-PB2,785,2,7,2,10010,10021,C
1-PB2,786,6,6,10026,0,10038,G
1-PB2,787,4,2,10240,0,10246,G
1-PB2,788,0,3,1,10217,10221,C
1-PB2,789,2,2,0,10277,10281,C
1-PB2,790,10285,1,2,1,10289,A
1-PB2,791,0,3,10399,0,10402,G
1-PB2,792,1,4,10491,0,10496,G
1-PB2,793,10496,2,9,2,10509,A
1-PB2,794,10555,3,6,0,10564,A
1-PB2,795,1,4,0,10619,10624,C
1-PB2,796,10540,0,2,1,10543,A
1-PB2,797,0,10753,0,1,10754,T
1-PB2,798,10901,1,8,0,10910,A
1-PB2,799,1,1,10993,1,10996,G
1-PB2,800,0,10914,0,2,10916,T
1-PB2,801,10838,0,2,2,10842,A
1-PB2,802,10802,3,5,3,10813,A
1-PB2,803,0,2,10838,0,10840,G
1-PB2,804,10792,1,6,0,10799,A
1-PB2,805,10627,2,1,3,10633,A
1-PB2,806,1,3,10591,0,10595,G
1-PB2,807,10358,2,12,1,10373,A
1-PB2,808,3,1,10374,0,10378,G
1-PB2,809,3,3,0,10390,10396,C
1-PB2,810,2,7,0,10368,10377,C
1-PB2,811,4,4,10388,0,10396,G
1-PB2,812,2,1,0,10480,10483,C
1-PB2,813,10518,0,4,1,10523,A
1-PB2,814,3,1,11256,1,11261,G
1-PB2,815,1,11244,0,4,11249,T
1-PB2,816,11282,0,3,1,11286,A
1-PB2,817,3,11242,1,2,11248,T
1-PB2,818,5,1,2,11323,11331,C
1-PB2,819,11322,1,17,0,11340,A
1-PB2,820,6,1,11352,0,11359,G
1-PB2,821,1,2,0,11330,11333,C
1-PB2,822,10963,0,3,0,10966,A
1-PB2,823,2,1,10839,1,10843,G
1-PB2,824,10871,2,3,1,10877,A
1-PB2,825,3,10826,1,2,10832,T
1-PB2,826,2,2,0,10882,10886,C
1-PB2,827,8,4,2,10884,10898,C
1-PB2,828,10910,3,9,1,10923,A
1-PB2,829,1,1,0,10942,10944,C
1-PB2,830,1,10921,0,2,10924,T
1-PB2,831,10939,0,19,0,10958,A
1-PB2,832,0,1,10948,0,10949,G
1-PB2,833,1,4,0,10879,10884,C
1-PB2,834,10872,3,3,1,10879,A
1-PB2,835,1,10921,1,2,10925,T
1-PB2,836,1,2,0,11027,11030,C
1-PB2,837,2,10987,1,1,10991,T
1-PB2,838,2,11245,0,2,11249,T
1-PB2,839,0,11290,0,4,11294,T
1-PB2,840,11296,0,2,0,11298,A
1-PB2,841,2,11311,0,4,11317,T
1-PB2,842,1,11278,0,4,11283,T
1-PB2,843,17,3,11241,2,11263,G
1-PB2,844,2,4,11266,1,11273,G
1-PB2,845,11124,2,7,1,11134,A
1-PB2,846,4,5,11151,1,11161,G
1-PB2,847,11051,1,4,0,11056,A
1-PB2,848,2,11026,0,2,11030,T
1-PB2,849,2,3,11229,0,11234,G
1-PB2,850,1,11221,1,6,11229,T
1-PB2,851,6,3,11218,1,11228,G
1-PB2,852,4,4,3,11236,11247,C
1-PB2,853,4,0,2,11228,11234,C
1-PB2,854,11219,1,7,0,11227,A
1-PB2,855,2,3,1,11227,11233,C
1-PB2,856,11065,3,8,0,11076,A
1-PB2,857,3,2,11219,1,11225,G
1-PB2,858,0,5,0,11025,11030,C
1-PB2,859,11006,1,5,0,11012,A
1-PB2,860,2,1,1,11020,11024,C
1-PB2,861,10991,2,5,2,11000,A
1-PB2,862,2,1,0,11061,11064,C
1-PB2,863,11037,1,3,0,11041,A
1-PB2,864,11067,0,2,0,11069,A
1-PB2,865,11067,2,2,0,11071,A
1-PB2,866,2,10860,0,4,10866,T
1-PB2,867,1,10860,1,2,10864,T
1-PB2,868,5,8,10813,0,10826,G
1-PB2,869,1,1,10801,1,10804,G
1-PB2,870,100,6,1,10700,10807,C
1-PB2,871,5,8,10726,1,10740,G
1-PB2,872,3,5,10940,1,10949,G
1-PB2,873,2,4,11011,0,11017,G
1-PB2,874,11035,2,4,0,11041,A
1-PB2,875,1,3,1,11048,11053,C
1-PB2,876,11054,3,2,0,11059,A
1-PB2,877,11060,3,5,2,11070,A
1-PB2,878,1,4,11157,0,11162,G
1-PB2,879,2,3,11176,2,11183,G
1-PB2,880,11229,1,6,0,11236,A
1-PB2,881,1,10817,1,1,10820,T
1-PB2,882,1,5,10695,0,10701,G
1-PB2,883,0,0,10760,0,10760,G
1-PB2,884,3,10704,0,4,10711,T
1-PB2,885,8,3,10690,0,10701,G
1-PB2,886,2,3,10666,1,10672,G
1-PB2,887,10566,2,16,0,10584,A
1-PB2,888,2,2,0,10590,10594,C
1-PB2,889,10487,3,4,0,10494,A
1-PB2,890,0,11837,2,1,11840,T
1-PB2,891,0,11812,0,8,11820,T
1-PB2,892,4,0,1,11842,11847,C
1-PB2,893,2,11759,0,9,11770,T
1-PB2,894,0,11762,2,5,11769,T
1-PB2,895,11779,0,0,0,11779,A
1-PB2,896,2,5,11831,0,11838,G
1-PB2,897,11797,3,7,0,11807,A
1-PB2,898,2,1,0,11804,11807,C
1-PB2,899,10289,1,9,1,10300,A
1-PB2,900,2,2,10450,0,10454,G
1-PB2,901,10408,2,5,2,10417,A
1-PB2,902,10448,1,3,0,10452,A
1-PB2,903,3,0,0,10416,10419,C
1-PB2,904,3,2,0,10404,10409,C
1-PB2,905,8,8,1,10350,10367,C
1-PB2,906,1,7,10397,0,10405,G
1-PB2,907,10404,3,9,0,10416,A
1-PB2,908,2,4,0,10433,10439,C
1-PB2,909,1,10343,0,5,10349,T
1-PB2,910,0,1,10432,0,10433,G
1-PB2,911,10402,0,8,0,10410,A
1-PB2,912,10445,1,10,1,10457,A
1-PB2,913,0,3,10507,1,10511,G
1-PB2,914,10460,2,3,1,10466,A
1-PB2,915,10477,4,4,0,10485,A
1-PB2,916,1,2,0,10455,10458,C
1-PB2,917,10408,2,4,3,10417,A
1-PB2,918,10456,1,9,1,10467,A
1-PB2,919,2,1,10569,1,10573,G
1-PB2,920,2,1,0,10651,10654,C
1-PB2,921,0,10582,0,3,10585,T
1-PB2,922,4,3,10716,0,10723,G
1-PB2,923,0,10691,0,5,10696,T
1-PB2,924,1,5,10888,0,10894,G
1-PB2,925,2,2,11270,0,11274,G
1-PB2,926,11273,2,11,0,11286,A
1-PB2,927,0,11250,1,2,11253,T
1-PB2,928,11174,2,4,0,11180,A
1-PB2,929,1,11070,0,5,11076,T
1-PB2,930,11428,3,6,1,11438,A
1-PB2,931,0,11242,1,4,11247,T
1-PB2,932,0,1,11209,1,11211,G
1-PB2,933,0,4,1,11105,11110,C
1-PB2,934,10721,1,4,0,10726,A
1-PB2,935,10715,2,10,0,10727,A
1-PB2,936,0,3,10704,0,10707,G
1-PB2,937,1,2,10736,0,10739,G
1-PB2,938,1,1,0,10748,10750,C
1-PB2,939,1,10503,0,11,10515,T
1-PB2,940,1,1,10564,1,10567,G
1-PB2,941,1,4,2,10596,10603,C
1-PB2,942,10598,0,3,0,10601,A
1-PB2,943,10595,1,31,1,10628,A
1-PB2,944,1,10569,0,0,10570,T
1-PB2,945,0,11,10584,2,10597,G
1-PB2,946,2,3,10558,2,10565,G
1-PB2,947,2,3,10578,1,10584,G
1-PB2,948,10579,1,12,2,10594,A
1-PB2,949,0,10545,0,1,10546,T
1-PB2,950,1,10499,0,4,10504,T
1-PB2,951,2,1,10543,0,10546,G
1-PB2,952,10520,0,14,0,10534,A
1-PB2,953,0,2,10609,0,10611,G
1-PB2,954,10532,2,2,1,10537,A
1-PB2,955,10461,0,3,1,10465,A
1-PB2,956,0,10375,0,2,10377,T
1-PB2,957,1,0,1,10380,10382,C
1-PB2,958,10374,0,6,0,10380,A
1-PB2,959,3,0,10444,0,10447,G
1-PB2,960,1,1,0,10424,10426,C
1-PB2,961,2,10370,1,8,10381,T
1-PB2,962,2,1,0,10359,10362,C
1-PB2,963,10349,1,4,0,10354,A
1-PB2,964,0,10546,0,4,10550,T
1-PB2,965,1,2,0,10580,10583,C
1-PB2,966,5,1,1,10651,10658,C
1-PB2,967,0,10579,3,15,10597,T
1-PB2,968,2,10542,0,8,10552,T
1-PB2,969,0,2,0,10557,10559,C
1-PB2,970,10560,0,4,0,10564,A
1-PB2,971,5,0,10685,1,10691,G
1-PB2,972,0,4,0,10660,10664,C
1-PB2,973,1,10495,0,5,10501,T
1-PB2,974,1,10503,0,2,10506,T
1-PB2,975,1,10432,0,4,10437,T
1-PB2,976,3,2,10434,1,10440,G
1-PB2,977,3,1,10452,1,10457,G
1-PB2,978,4,10442,0,4,10450,T
1-PB2,979,3,7,10478,0,10488,G
1-PB2,980,2,2,10501,0,10505,G
1-PB2,981,3,2,10576,1,10582,G
1-PB2,982,0,10544,0,7,10551,T
1-PB2,983,0,10531,1,6,10538,T
1-PB2,984,0,10545,0,2,10547,T
1-PB2,985,10589,0,2,0,10591,A
1-PB2,986,0,0,0,10613,10613,C
1-PB2,987,10621,3,1,1,10626,A
1-PB2,988,0,10572,3,5,10580,T
1-PB2,989,0,10393,0,1,10394,T
1-PB2,990,1,10369,1,2,10373,T
1-PB2,991,10373,1,2,1,10377,A
1-PB2,992,10368,0,1,0,10369,A
1-PB2,993,10364,0,4,1,10369,A
1-PB2,994,10312,1,6,0,10319,A
1-PB2,995,1,2,10380,1,10384,G
1-PB2,996,10333,2,4,0,10339,A
1-PB2,997,10335,3,8,0,10346,A
1-PB2,998,0,0,1,10353,10354,C
1-PB2,999,10323,1,2,0,10326,A
1-PB2,1000,10335,1,7,0,10343,A
1-PB2,1001,1,0,10343,0,10344,G
1-PB2,1002,0,12,1,10340,10353,C
1-PB2,1003,2,8,10336,3,10349,G
1-PB2,1004,4,4,10369,1,10378,G
1-PB2,1005,1,3,10391,0,10395,G
1-PB2,1006,6,10361,0,8,10375,T
1-PB2,1007,2,2,0,10348,10352,C
1-PB2,1008,10372,2,10,0,10384,A
1-PB2,1009,0,10326,1,11,10338,T
1-PB2,1010,4,2,0,10357,10363,C
1-PB2,1011,10318,3,5,1,10327,A
1-PB2,1012,1,0,10458,0,10459,G
1-PB2,1013,1,10343,0,3,10347,T
1-PB2,1014,2,3,0,10335,10340,C
1-PB2,1015,10351,0,4,1,10356,A
1-PB2,1016,10366,0,4,0,10370,A
1-PB2,1017,10368,0,2,0,10370,A
1-PB2,1018,10355,1,5,0,10361,A
1-PB2,1019,10411,1,1,0,10413,A
1-PB2,1020,10409,1,16,0,10426,A
1-PB2,1021,0,3,10475,0,10478,G
1-PB2,1022,10434,2,5,0,10441,A
1-PB2,1023,10416,2,6,0,10424,A
1-PB2,1024,1,3,10419,0,10423,G
1-PB2,1025,10390,2,3,0,10395,A
1-PB2,1026,10199,1,17,0,10217,A
1-PB2,1027,0,2,10198,0,10200,G
1-PB2,1028,10169,1,5,0,10175,A
1-PB2,1029,5,2,10174,0,10181,G
1-PB2,1030,2,1,10316,0,10319,G
1-PB2,1031,1,10376,1,1,10379,T
1-PB2,1032,2,1,10543,0,10546,G
1-PB2,1033,2,3,1,10609,10615,C
1-PB2,1034,57,10540,0,9,10606,T
1-PB2,1035,1,10674,1,3,10679,T
1-PB2,1036,10645,1,2,0,10648,A
1-PB2,1037,0,4,0,10640,10644,C
1-PB2,1038,10543,5,5,2,10555,A
1-PB2,1039,110,3,10443,2,10558,G
1-PB2,1040,7,2,10537,0,10546,G
1-PB2,1041,0,5,0,10343,10348,C
1-PB2,1042,10198,0,0,0,10198,A
1-PB2,1043,10235,0,3,0,10238,A
1-PB2,1044,5,10413,0,1,10419,T
1-PB2,1045,5,2,0,10509,10516,C
1-PB2,1046,0,10468,0,13,10481,T
1-PB2,1047,3,3,0,10466,10472,C
1-PB2,1048,2,3,0,10459,10464,C
1-PB2,1049,10471,0,3,0,10474,A
1-PB2,1050,10451,2,2,0,10455,A
1-PB2,1051,10457,4,9,3,10473,A
1-PB2,1052,0,1,0,10500,10501,C
1-PB2,1053,10210,2,1,1,10214,A
1-PB2,1054,0,10144,2,2,10148,T
1-PB2,1055,1,10111,0,2,10114,T
1-PB2,1056,0,3,10214,3,10220,G
1-PB2,1057,10203,0,4,0,10207,A
1-PB2,1058,10322,2,2,2,10328,A
1-PB2,1059,10353,0,2,1,10356,A
1-PB2,1060,10338,1,3,0,10342,A
1-PB2,1061,0,10363,1,1,10365,T
1-PB2,1062,10368,0,3,0,10371,A
1-PB2,1063,10334,2,19,1,10356,A
1-PB2,1064,1,5,10540,2,10548,G
1-PB2,1065,10411,3,11,0,10425,A
1-PB2,1066,2,2,10773,0,10777,G
1-PB2,1067,3,10656,1,2,10662,T
1-PB2,1068,10742,1,2,1,10746,A
1-PB2,1069,1,1,0,11017,11019,C
1-PB2,1070,10927,2,7,0,10936,A
1-PB2,1071,3,10941,0,2,10946,T
1-PB2,1072,1,2,10942,1,10946,G
1-PB2,1073,10787,1,12,0,10800,A
1-PB2,1074,5,7,10848,0,10860,G
1-PB2,1075,3,14,10913,0,10930,G
1-PB2,1076,1,6,11557,0,11564,G
1-PB2,1077,5,2,11673,0,11680,G
1-PB2,1078,1,11396,1,7,11405,T
1-PB2,1079,11422,0,4,1,11427,A
1-PB2,1080,2,11373,1,1,11377,T
1-PB2,1081,1,3,11408,0,11412,G
1-PB2,1082,11388,2,8,0,11398,A
1-PB2,1083,4,7,11338,3,11352,G
1-PB2,1084,2,7,11260,0,11269,G
1-PB2,1085,10387,1,6,1,10395,A
1-PB2,1086,2,0,10703,0,10705,G
1-PB2,1087,2,10651,0,9,10662,T
1-PB2,1088,3,10954,1,7,10965,T
1-PB2,1089,2,24,3,10974,11003,C
1-PB2,1090,10985,2,9,0,10996,A
1-PB2,1091,1,2,0,11013,11016,C
1-PB2,1092,10980,0,4,1,10985,A
1-PB2,1093,11003,1,9,1,11014,A
1-PB2,1094,1,10988,0,4,10993,T
1-PB2,1095,1,6,10768,1,10776,G
1-PB2,1096,0,1,10861,0,10862,G
1-PB2,1097,2,10576,0,17,10595,T
1-PB2,1098,3,3,10608,1,10615,G
1-PB2,1099,2,8,10615,0,10625,G
1-PB2,1100,5,6,10614,0,10625,G
1-PB2,1101,4,5,10682,0,10691,G
1-PB2,1102,10633,2,2,0,10637,A
1-PB2,1103,10636,2,6,2,10646,A
1-PB2,1104,10602,1,5,0,10608,A
1-PB2,1105,10422,1,15,2,10440,A
1-PB2,1106,2,2,10538,0,10542,G
1-PB2,1107,10481,0,12,1,10494,A
1-PB2,1108,5,0,10534,0,10539,G
1-PB2,1109,1,4,0,10513,10518,C
1-PB2,1110,10474,5,4,0,10483,A
1-PB2,1111,10478,2,7,0,10487,A
1-PB2,1112,2,5,1,10868,10876,C
1-PB2,1113,10855,2,2,0,10859,A
1-PB2,1114,2,0,11051,0,11053,G
1-PB2,1115,1,3,1,10954,10959,C
1-PB2,1116,0,10934,0,5,10939,T
1-PB2,1117,11268,3,3,1,11275,A
1-PB2,1118,2,11256,0,2,11260,T
1-PB2,1119,11323,2,5,0,11330,A
1-PB2,1120,2,1,0,11321,11324,C
1-PB2,1121,0,10802,2,5,10809,T
1-PB2,1122,10858,0,3,0,10861,A
1-PB2,1123,10687,2,5,0,10694,A
1-PB2,1124,2,2,10709,0,10713,G
1-PB2,1125,10693,2,2,1,10698,A
1-PB2,1126,10408,3,6,0,10417,A
1-PB2,1127,10408,0,1,1,10410,A
1-PB2,1128,10381,0,5,1,10387,A
1-PB2,1129,2,0,10410,0,10412,G
1-PB2,1130,1,2,0,10391,10394,C
1-PB2,1131,10363,0,9,1,10373,A
1-PB2,1132,10386,3,7,0,10396,A
1-PB2,1133,4,3,1,10410,10418,C
1-PB2,1134,1,3,2,10402,10408,C
1-PB2,1135,10427,4,4,0,10435,A
1-PB2,1136,1,2,10471,0,10474,G
1-PB2,1137,10448,1,3,0,10452,A
1-PB2,1138,10418,2,10,4,10434,A
1-PB2,1139,0,1,10570,2,10573,G
1-PB2,1140,10527,2,2,0,10531,A
1-PB2,1141,1,10500,0,4,10505,T
1-PB2,1142,1,10451,0,3,10455,T
1-PB2,1143,0,4,10488,1,10493,G
1-PB2,1144,176,3,10475,3,10657,G
1-PB2,1145,4,10619,0,13,10636,T
1-PB2,1146,2,10615,0,8,10625,T
1-PB2,1147,2,0,0,10639,10641,C
1-PB2,1148,10783,1,7,0,10791,A
1-PB2,1149,6,3,11191,0,11200,G
1-PB2,1150,2,3,1,11264,11270,C
1-PB2,1151,3,11225,1,12,11241,T
1-PB2,1152,8,2,0,11334,11344,C
1-PB2,1153,11211,1,3,0,11215,A
1-PB2,1154,2,11238,2,4,11246,T
1-PB2,1155,11258,1,4,0,11263,A
1-PB2,1156,0,1,11315,0,11316,G
1-PB2,1157,1,10741,0,11,10753,T
1-PB2,1158,2,2,10772,1,10777,G
1-PB2,1159,10448,1,5,0,10454,A
1-PB2,1160,3,1,10602,0,10606,G
1-PB2,1161,0,10530,1,5,10536,T
1-PB2,1162,2,3,10516,1,10522,G
1-PB2,1163,0,2,10648,0,10650,G
1-PB2,1164,10622,0,6,0,10628,A
1-PB2,1165,10550,1,9,0,10560,A
1-PB2,1166,2,5,10610,1,10618,G
1-PB2,1167,10460,0,5,0,10465,A
1-PB2,1168,2,1,10513,3,10519,G
1-PB2,1169,10409,3,12,0,10424,A
1-PB2,1170,1,2,1,10418,10422,C
1-PB2,1171,0,9,10421,0,10430,G
1-PB2,1172,10328,0,4,0,10332,A
1-PB2,1173,10360,5,13,1,10379,A
1-PB2,1174,0,2,0,10376,10378,C
1-PB2,1175,10305,4,4,0,10313,A
1-PB2,1176,4,4,10837,1,10846,G
1-PB2,1177,2,10785,0,4,10791,T
1-PB2,1178,0,3,0,10800,10803,C
1-PB2,1179,10814,0,8,1,10823,A
1-PB2,1180,10811,0,0,1,10812,A
1-PB2,1181,1,10804,1,3,10809,T
1-PB2,1182,10734,1,56,0,10791,A
1-PB2,1183,5,2,10779,1,10787,G
1-PB2,1184,1,7,0,10745,10753,C
1-PB2,1185,1,6,2,10405,10414,C
1-PB2,1186,3,4,10375,0,10382,G
1-PB2,1187,10376,0,1,0,10377,A
1-PB2,1188,10412,0,3,2,10417,A
1-PB2,1189,0,1,10505,3,10509,G
1-PB2,1190,3,2,0,10705,10710,C
1-PB2,1191,10732,0,3,0,10735,A
1-PB2,1192,10715,1,7,0,10723,A
1-PB2,1193,0,10726,0,3,10729,T
1-PB2,1194,10759,0,1,1,10761,A
1-PB2,1195,10844,3,4,2,10853,A
1-PB2,1196,2,10826,1,2,10831,T
1-PB2,1197,2,1,3,10784,10790,C
1-PB2,1198,5,2,10726,0,10733,G
1-PB2,1199,3,10491,1,8,10503,T
1-PB2,1200,92,4,10379,3,10478,G
1-PB2,1201,3,1,10588,0,10592,G
1-PB2,1202,1,5,0,10542,10548,C
1-PB2,1203,4,5,0,10541,10550,C
1-PB2,1204,10454,3,2,1,10460,A
1-PB2,1205,1,10460,0,7,10468,T
1-PB2,1206,1,3,10481,0,10485,G
1-PB2,1207,2,1,10619,0,10622,G
1-PB2,1208,1,10564,3,5,10573,T
1-PB2,1209,1,0,10642,0,10643,G
1-PB2,1210,2,10303,4,4,10313,T
1-PB2,1211,0,10367,1,5,10373,T
1-PB2,1212,1,10362,1,4,10368,T
1-PB2,1213,3,10368,0,6,10377,T
1-PB2,1214,0,4,0,10437,10441,C
1-PB2,1215,10411,1,4,1,10417,A
1-PB2,1216,0,1,1,10685,10687,C
1-PB2,1217,10482,0,3,2,10487,A
1-PB2,1218,10477,2,4,0,10483,A
1-PB2,1219,2,2,10525,0,10529,G
1-PB2,1220,10376,2,6,0,10384,A
1-PB2,1221,311,2,10178,0,10491,G
1-PB2,1222,165,3,10344,0,10512,G
1-PB2,1223,10381,1,3,0,10385,A
1-PB2,1224,2,10406,0,5,10413,T
1-PB2,1225,2,10136,0,1,10139,T
1-PB2,1226,2,1,10107,0,10110,G
1-PB2,1227,1,3,0,9919,9923,C
1-PB2,1228,9988,3,3,0,9994,A
1-PB2,1229,4,10067,0,5,10076,T
1-PB2,1230,1,4,10390,0,10395,G
1-PB2,1231,10436,0,6,0,10442,A
1-PB2,1232,0,10470,1,1,10472,T
1-PB2,1233,10424,0,1,1,10426,A
1-PB2,1234,10419,2,4,1,10426,A
1-PB2,1235,10413,1,1,2,10417,A
1-PB2,1236,10435,0,4,2,10441,A
1-PB2,1237,3,1,10449,0,10453,G
1-PB2,1238,0,4,1,10645,10650,C
1-PB2,1239,10691,3,5,1,10700,A
1-PB2,1240,0,0,10963,1,10964,G
1-PB2,1241,2,10934,1,3,10940,T
1-PB2,1242,0,10940,0,2,10942,T
1-PB2,1243,10942,2,2,1,10947,A
1-PB2,1244,2,3,10979,1,10985,G
1-PB2,1245,10917,2,13,1,10933,A
1-PB2,1246,1,1,10932,0,10934,G
1-PB2,1247,1,2,10888,0,10891,G
1-PB2,1248,0,10434,1,27,10462,T
1-PB2,1249,3,2,10478,1,10484,G
1-PB2,1250,10507,3,10,1,10521,A
1-PB2,1251,3,0,0,10523,10526,C
1-PB2,1252,6,2,0,10546,10554,C
1-PB2,1253,9,10455,2,13,10479,T
1-PB2,1254,0,1,10533,0,10534,G
1-PB2,1255,10527,0,2,2,10531,A
1-PB2,1256,10536,0,1,0,10537,A
1-PB2,1257,1,10516,2,0,10519,T
1-PB2,1258,1,10601,1,1,10604,T
1-PB2,1259,2,10647,1,3,10653,T
1-PB2,1260,3,2,1,10633,10639,C
1-PB2,1261,6,1,10629,0,10636,G
1-PB2,1262,2,10616,0,11,10629,T
1-PB2,1263,2,3,0,10620,10625,C
1-PB2,1264,10613,2,2,0,10617,A
1-PB2,1265,10634,1,4,1,10640,A
1-PB2,1266,1,4,1,10630,10636,C
1-PB2,1267,10478,2,1,1,10482,A
1-PB2,1268,1,0,10619,0,10620,G
1-PB2,1269,10542,1,15,0,10558,A
1-PB2,1270,0,3,10595,0,10598,G
1-PB2,1271,2,1,0,10590,10593,C
1-PB2,1272,10573,0,2,0,10575,A
1-PB2,1273,10673,0,15,2,10690,A
1-PB2,1274,10673,3,3,0,10679,A
1-PB2,1275,3,10657,0,1,10661,T
1-PB2,1276,1,0,0,10682,10683,C
1-PB2,1277,10562,1,7,1,10571,A
1-PB2,1278,1,2,10582,0,10585,G
1-PB2,1279,1,1,1,10577,10580,C
1-PB2,1280,7,4,10579,0,10590,G
1-PB2,1281,2,0,11083,0,11085,G
1-PB2,1282,2,10993,1,4,11000,T
1-PB2,1283,1,11000,2,2,11005,T
1-PB2,1284,3,4,11010,0,11017,G
1-PB2,1285,11025,2,4,0,11031,A
1-PB2,1286,11091,2,6,1,11100,A
1-PB2,1287,2,2,0,11129,11133,C
1-PB2,1288,7,1,0,11058,11066,C
1-PB2,1289,10,2,0,11115,11127,C
1-PB2,1290,6,1,1,10757,10765,C
1-PB2,1291,10816,4,4,0,10824,A
1-PB2,1292,2,10849,0,4,10855,T
1-PB2,1293,4,0,10868,0,10872,G
1-PB2,1294,0,3,0,10901,10904,C
1-PB2,1295,10850,2,3,0,10855,A
1-PB2,1296,3,10759,1,9,10772,T
1-PB2,1297,1,2,2,10752,10757,C
1-PB2,1298,10692,0,4,1,10697,A
1-PB2,1299,2,1,10834,0,10837,G
1-PB2,1300,0,0,0,10850,10850,C
1-PB2,1301,0,10801,1,26,10828,T
1-PB2,1302,3,10810,1,2,10816,T
1-PB2,1303,2,10792,0,4,10798,T
1-PB2,1304,0,10815,1,0,10816,T
1-PB2,1305,10816,2,2,2,10822,A
1-PB2,1306,10793,1,2,2,10798,A
1-PB2,1307,3,8,10814,0,10825,G
1-PB2,1308,36,2,10722,0,10760,G
1-PB2,1309,1,2,1,10695,10699,C
1-PB2,1310,10667,0,5,0,10672,A
1-PB2,1311,7,10641,0,2,10650,T
1-PB2,1312,1,10673,1,7,10682,T
1-PB2,1313,1,10681,2,2,10686,T
1-PB2,1314,1,10731,1,1,10734,T
1-PB2,1315,1,4,1,10747,10753,C
1-PB2,1316,10715,6,9,1,10731,A
1-PB2,1317,2,3,10727,0,10732,G
1-PB2,1318,10714,3,5,1,10723,A
1-PB2,1319,10706,0,4,0,10710,A
1-PB2,1320,10672,1,8,2,10683,A
1-PB2,1321,0,2,10697,0,10699,G
1-PB2,1322,10742,3,3,2,10750,A
1-PB2,1323,0,10745,1,1,10747,T
1-PB2,1324,3,0,10753,0,10756,G
1-PB2,1325,3,3,4,10734,10744,C
1-PB2,1326,2,2,10764,0,10768,G
1-PB2,1327,10766,1,4,0,10771,A
1-PB2,1328,10762,1,2,0,10765,A
1-PB2,1329,10744,0,4,1,10749,A
1-PB2,1330,2,2,10759,1,10764,G
1-PB2,1331,2,10662,0,4,10668,T
1-PB2,1332,3,0,10657,0,10660,G
1-PB2,1333,1,1,1,10635,10638,C
1-PB2,1334,2,10614,0,15,10631,T
1-PB2,1335,2,10642,1,1,10646,T
1-PB2,1336,3,10638,1,4,10646,T
1-PB2,1337,0,10638,2,3,10643,T
1-PB2,1338,0,10635,0,5,10640,T
1-PB2,1339,1,3,1,10639,10644,C
1-PB2,1340,10644,0,3,0,10647,A
1-PB2,1341,10684,0,4,0,10688,A
1-PB2,1342,10658,2,0,0,10660,A
1-PB2,1343,10701,1,0,0,10702,A
1-PB2,1344,1,10681,3,3,10688,T
1-PB2,1345,0,10687,0,2,10689,T
1-PB2,1346,301,6,10388,0,10695,G
1-PB2,1347,1,7,10693,1,10702,G
1-PB2,1348,4,9,10662,2,10677,G
1-PB2,1349,2,2,10818,0,10822,G
1-PB2,1350,10759,4,6,0,10769,A
1-PB2,1351,1,1,10933,0,10935,G
1-PB2,1352,3,10897,1,6,10907,T
1-PB2,1353,1,10887,0,4,10892,T
1-PB2,1354,6,2,10917,1,10926,G
1-PB2,1355,10924,1,7,0,10932,A
1-PB2,1356,10945,0,14,0,10959,A
1-PB2,1357,1,5,0,11180,11186,C
1-PB2,1358,11030,1,2,0,11033,A
1-PB2,1359,0,1,0,11246,11247,C
1-PB2,1360,11068,0,5,1,11074,A
1-PB2,1361,4,11117,3,7,11131,T
1-PB2,1362,4,1,1,11155,11161,C
1-PB2,1363,3,0,11134,0,11137,G
1-PB2,1364,11168,3,4,1,11176,A
1-PB2,1365,1,121,1,11036,11159,C
1-PB2,1366,10799,0,3,1,10803,A
1-PB2,1367,0,1,11106,0,11107,G
1-PB2,1368,4,10856,0,4,10864,T
1-PB2,1369,5,0,11001,0,11006,G
1-PB2,1370,1,10930,0,8,10939,T
1-PB2,1371,4,3,10940,1,10948,G
1-PB2,1372,10935,0,9,0,10944,A
1-PB2,1373,3,10848,0,0,10851,T
1-PB2,1374,2,5,10856,2,10865,G
1-PB2,1375,3,3,10857,0,10863,G
1-PB2,1376,3,4,10632,1,10640,G
1-PB2,1377,10559,0,6,0,10565,A
1-PB2,1378,10459,0,2,0,10461,A
1-PB2,1379,0,10448,1,2,10451,T
1-PB2,1380,2,1,10496,0,10499,G
1-PB2,1381,10521,1,0,1,10523,A
1-PB2,1382,1,10501,1,0,10503,T
1-PB2,1383,0,10489,0,2,10491,T
1-PB2,1384,7,5,10432,1,10445,G
1-PB2,1385,1,2,10611,0,10614,G
1-PB2,1386,10577,1,9,1,10588,A
1-PB2,1387,2,0,10681,0,10683,G
1-PB2,1388,1,10564,1,1,10567,T
1-PB2,1389,10511,0,1,0,10512,A
1-PB2,1390,6,10528,0,3,10537,T
1-PB2,1391,0,10603,0,1,10604,T
1-PB2,1392,10693,2,10,0,10705,A
1-PB2,1393,3,1,1,10705,10710,C
1-PB2,1394,5,2,0,10510,10517,C
1-PB2,1395,10373,1,1,0,10375,A
1-PB2,1396,1,2,10400,1,10404,G
1-PB2,1397,10534,2,5,0,10541,A
1-PB2,1398,1,10454,0,6,10461,T
1-PB2,1399,10360,0,3,0,10363,A
1-PB2,1400,4,10249,0,7,10260,T
1-PB2,1401,2,7,10180,1,10190,G
1-PB2,1402,10216,1,4,0,10221,A
1-PB2,1403,1,4,0,10274,10279,C
1-PB2,1404,2,10205,0,16,10223,T
1-PB2,1405,4,3,0,10202,10209,C
1-PB2,1406,4,1,0,10046,10051,C
1-PB2,1407,10063,1,5,2,10071,A
1-PB2,1408,10095,1,12,1,10109,A
1-PB2,1409,1,1,10290,0,10292,G
1-PB2,1410,3,5,0,10242,10250,C
1-PB2,1411,10217,5,3,0,10225,A
1-PB2,1412,0,4,0,10194,10198,C
1-PB2,1413,10117,0,10,2,10129,A
1-PB2,1414,6,2,10143,1,10152,G
1-PB2,1415,10074,2,5,0,10081,A
1-PB2,1416,1,2,10134,1,10138,G
1-PB2,1417,10141,1,3,0,10145,A
1-PB2,1418,0,9817,0,5,9822,T
1-PB2,1419,3,1,9923,0,9927,G
1-PB2,1420,1,9894,0,3,9898,T
1-PB2,1421,3,2,2,9812,9819,C
1-PB2,1422,9881,1,10,0,9892,A
1-PB2,1423,9871,2,1,0,9874,A
1-PB2,1424,0,9847,0,2,9849,T
1-PB2,1425,0,0,9848,0,9848,G
1-PB2,1426,9672,3,7,0,9682,A
1-PB2,1427,0,2,9726,0,9728,G
1-PB2,1428,9566,1,10,0,9577,A
1-PB2,1429,1,2,9583,0,9586,G
1-PB2,1430,0,0,9948,0,9948,G
1-PB2,1431,9930,1,2,0,9933,A
1-PB2,1432,9942,1,4,1,9948,A
1-PB2,1433,0,9942,0,3,9945,T
1-PB2,1434,9936,1,4,0,9941,A
1-PB2,1435,9913,1,8,0,9922,A
1-PB2,1436,0,1,9909,0,9910,G
1-PB2,1437,9861,3,8,0,9872,A
1-PB2,1438,2,2,9886,1,9891,G
1-PB2,1439,0,9225,0,4,9229,T
1-PB2,1440,3,6,2,9238,9249,C
1-PB2,1441,9227,3,12,0,9242,A
1-PB2,1442,2,0,9292,0,9294,G
1-PB2,1443,1,2,0,9305,9308,C
1-PB2,1444,9300,0,4,0,9304,A
1-PB2,1445,9309,1,2,1,9313,A
1-PB2,1446,9278,1,3,1,9283,A
1-PB2,1447,9277,2,4,0,9283,A
1-PB2,1448,2,9265,1,2,9270,T
1-PB2,1449,0,7,9262,0,9269,G
1-PB2,1450,0,5,9250,2,9257,G
1-PB2,1451,2,2,9283,0,9287,G
1-PB2,1452,0,9183,0,0,9183,T
1-PB2,1453,3,2,9181,1,9187,G
1-PB2,1454,1,9144,1,4,9150,T
1-PB2,1455,1,2,9161,3,9167,G
1-PB2,1456,0,1,9242,0,9243,G
1-PB2,1457,9236,0,5,3,9244,A
1-PB2,1458,4,9183,0,3,9190,T
1-PB2,1459,3,4,9222,3,9232,G
1-PB2,1460,9174,2,5,0,9181,A
1-PB2,1461,9206,2,2,1,9211,A
1-PB2,1462,2,9183,0,1,9186,T
1-PB2,1463,9115,1,1,1,9118,A
1-PB2,1464,3,1,0,9532,9536,C
1-PB2,1465,2,9266,0,8,9276,T
1-PB2,1466,5,1,3,9355,9364,C
1-PB2,1467,5,2,0,9361,9368,C
1-PB2,1468,9274,3,4,1,9282,A
1-PB2,1469,1,0,9534,0,9535,G
1-PB2,1470,5,9464,0,3,9472,T
1-PB2,1471,9529,1,0,0,9530,A
1-PB2,1472,0,2,1,9545,9548,C
1-PB2,1473,8526,2,4,0,8532,A
1-PB2,1474,1,2,8555,1,8559,G
1-PB2,1475,8313,1,5,0,8319,A
1-PB2,1476,2,1,8351,0,8354,G
1-PB2,1477,8087,0,8,0,8095,A
1-PB2,1478,1,6,7718,0,7725,G
1-PB2,1479,124,1,7573,1,7699,G
1-PB2,1480,1,3,7686,0,7690,G
1-PB2,1481,1,7583,1,5,7590,T
1-PB2,1482,1,4,7578,0,7583,G
1-PB2,1483,2,0,7591,0,7593,G
1-PB2,1484,2,7517,0,6,7525,T
1-PB2,1485,0,0,7652,0,7652,G
1-PB2,1486,1,1,7662,0,7664,G
1-PB2,1487,1,7447,0,1,7449,T
1-PB2,1488,0,7440,0,2,7442,T
1-PB2,1489,7344,0,5,1,7350,A
1-PB2,1490,2,0,7378,0,7380,G
1-PB2,1491,1,1,0,7367,7369,C
1-PB2,1492,7301,1,1,1,7304,A
1-PB2,1493,0,7294,0,3,7297,T
1-PB2,1494,0,6782,2,2,6786,T
1-PB2,1495,1,2,6777,0,6780,G
1-PB2,1496,6777,2,2,0,6781,A
1-PB2,1497,2,6768,1,6,6777,T
1-PB2,1498,1,4,0,6775,6780,C
1-PB2,1499,3,2,6704,0,6709,G
1-PB2,1500,3,1,6793,0,6797,G
1-PB2,1501,1,6782,0,0,6783,T
1-PB2,1502,1,6761,2,4,6768,T
1-PB2,1503,1,6769,0,0,6770,T
1-PB2,1504,0,6759,1,1,6761,T
1-PB2,1505,0,6771,1,2,6774,T
1-PB2,1506,0,1,6783,0,6784,G
1-PB2,1507,6748,2,9,0,6759,A
1-PB2,1508,2,2,6771,0,6775,G
1-PB2,1509,6466,0,3,0,6469,A
1-PB2,1510,0,0,6501,0,6501,G
1-PB2,1511,1,6493,0,12,6506,T
1-PB2,1512,1,6474,0,5,6480,T
1-PB2,1513,7,0,0,6493,6500,C
1-PB2,1514,0,0,6507,0,6507,G
1-PB2,1515,6507,3,3,0,6513,A
1-PB2,1516,0,1,6510,1,6512,G
1-PB2,1517,6495,1,3,1,6500,A
1-PB2,1518,0,0,1,6493,6494,C
1-PB2,1519,2,2,0,6403,6407,C
1-PB2,1520,6318,0,7,1,6326,A
1-PB2,1521,6362,0,6,0,6368,A
1-PB2,1522,1,2,1,6357,6361,C
1-PB2,1523,1,0,6380,0,6381,G
1-PB2,1524,0,6341,1,2,6344,T
1-PB2,1525,1,2,6323,0,6326,G
1-PB2,1526,1,1,6323,1,6326,G
1-PB2,1527,6104,2,9,0,6115,A
1-PB2,1528,6125,0,3,0,6128,A
1-PB2,1529,6149,0,0,0,6149,A
1-PB2,1530,0,6144,0,2,6146,T
1-PB2,1531,0,0,6257,0,6257,G
1-PB2,1532,2,6181,0,0,6183,T
1-PB2,1533,6180,0,2,0,6182,A
1-PB2,1534,0,6185,0,7,6192,T
1-PB2,1535,0,6109,0,1,6110,T
1-PB2,1536,6166,0,1,1,6168,A
1-PB2,1537,2,6131,0,3,6136,T
1-PB2,1538,0,6076,1,1,6078,T
1-PB2,1539,6051,0,0,0,6051,A
1-PB2,1540,1,5550,0,2,5553,T
1-PB2,1541,2,1,0,5676,5679,C
1-PB2,1542,0,5607,0,11,5618,T
1-PB2,1543,1,1,0,5599,5601,C
1-PB2,1544,3,1,0,5607,5611,C
1-PB2,1545,1,5400,0,3,5404,T
1-PB2,1546,0,0,5414,0,5414,G
1-PB2,1547,5378,0,1,0,5379,A
1-PB2,1548,0,2,5382,0,5384,G
1-PB2,1549,0,2,5373,0,5375,G
1-PB2,1550,4575,0,8,0,4583,A
1-PB2,1551,0,1,4618,0,4619,G
1-PB2,1552,1,0,4571,1,4573,G
1-PB2,1553,1,4429,0,5,4435,T
1-PB2,1554,1,1,1,4434,4437,C
1-PB2,1555,4365,1,5,0,4371,A
1-PB2,1556,3,0,4408,0,4411,G
1-PB2,1557,2,4384,0,3,4389,T
1-PB2,1558,2,4,4378,0,4384,G
1-PB2,1559,4377,0,1,1,4379,A
1-PB2,1560,4162,0,3,1,4166,A
1-PB2,1561,4164,2,3,0,4169,A
1-PB2,1562,0,0,1,4166,4167,C
1-PB2,1563,4082,1,2,0,4085,A
1-PB2,1564,0,1,0,4079,4080,C
1-PB2,1565,3827,1,0,0,3828,A
1-PB2,1566,10,1,3818,0,3829,G
1-PB2,1567,0,1,3805,0,3806,G
1-PB2,1568,2,0,3803,0,3805,G
1-PB2,1569,3778,0,1,0,3779,A
1-PB2,1570,3712,0,1,0,3713,A
1-PB2,1571,1,1,0,3717,3719,C
1-PB2,1572,0,3630,0,4,3634,T
1-PB2,1573,0,0,3632,0,3632,G
1-PB2,1574,3600,0,1,0,3601,A
1-PB2,1575,1,1,3601,0,3603,G
1-PB2,1576,3489,0,2,1,3492,A
1-PB2,1577,1,0,3201,0,3202,G
1-PB2,1578,3176,0,0,0,3176,A
1-PB2,1579,0,1,0,3150,3151,C
1-PB2,1580,0,3027,0,1,3028,T
1-PB2,1581,0,0,3042,0,3042,G
1-PB2,1582,3021,0,2,0,3023,A
1-PB2,1583,1,2,0,3018,3021,C
1-PB2,1584,3000,0,0,0,3000,A
1-PB2,1585,2994,1,0,1,2996,A
1-PB2,1586,0,2979,0,0,2979,T
1-PB2,1587,2958,1,1,0,2960,A
1-PB2,1588,2955,2,1,0,2958,A
1-PB2,1589,0,0,0,2946,2946,C
1-PB2,1590,0,2651,0,1,2652,T
1-PB2,1591,0,2609,0,0,2609,T
1-PB2,1592,2541,1,0,0,2542,A
1-PB2,1593,0,2542,0,0,2542,T
1-PB2,1594,1,2534,0,0,2535,T
1-PB2,1595,1,0,2,2521,2524,C
1-PB2,1596,2242,1,1,0,2244,A
1-PB2,1597,2,2228,1,2,2233,T
1-PB2,1598,0,1,0,2124,2125,C
1-PB2,1599,0,0,2118,0,2118,G
1-PB2,1600,1,2116,0,1,2118,T
1-PB2,1601,0,1,0,2067,2068,C
1-PB2,1602,39,0,2031,0,2070,G
1-PB2,1603,2063,0,1,0,2064,A
1-PB2,1604,0,2071,0,0,2071,T
1-PB2,1605,0,0,2052,1,2053,G
1-PB2,1606,2048,0,0,0,2048,A
1-PB2,1607,0,2016,0,0,2016,T
1-PB2,1608,0,6,1979,0,1985,G
1-PB2,1609,0,1819,0,1,1820,T
1-PB2,1610,2,1,1803,0,1806,G
1-PB2,1611,0,1,1803,0,1804,G
1-PB2,1612,1,1,1790,0,1792,G
1-PB2,1613,1718,0,0,0,1718,A
1-PB2,1614,1,0,1665,0,1666,G
1-PB2,1615,1371,1,0,0,1372,A
1-PB2,1616,0,1284,0,0,1284,T
1-PB2,1617,0,1169,0,0,1169,T
1-PB2,1618,1156,0,0,0,1156,A
1-PB2,1619,1140,0,0,0,1140,A
1-PB2,1620,0,0,0,1112,1112,C
1-PB2,1621,13,0,920,0,933,G
1-PB2,1622,0,0,878,0,878,G
1-PB2,1623,0,565,0,0,565,T
1-PB2,1624,0,0,0,547,547,C
1-PB2,1625,1,0,0,540,541,C
1-PB2,1626,0,435,0,0,435,T
1-PB2,1627,0,0,441,0,441,G
1-PB2,1628,437,0,0,0,437,A
1-PB2,1629,0,0,437,0,437,G
1-PB2,1630,0,437,0,0,437,T
1-PB2,1631,0,1,0,421,422,C
1-PB2,1632,0,0,417,0,417,G
1-PB2,1633,0,0,419,0,419,G
1-PB2,1634,0,420,0,0,420,T
1-PB2,1635,0,419,0,0,419,T
1-PB2,1636,0,416,0,0,416,T
1-PB2,1637,0,412,0,1,413,T
1-PB2,1638,0,0,421,0,421,G
1-PB2,1639,0,0,427,0,427,G
1-PB2,1640,0,427,0,1,428,T
1-PB2,1641,2,0,0,426,428,C
1-PB2,1642,422,0,0,0,422,A
1-PB2,1643,440,0,0,0,440,A
1-PB2,1644,0,440,0,0,440,T
1-PB2,1645,443,0,0,0,443,A
1-PB2,1646,0,0,0,455,455,C
1-PB2,1647,0,0,0,441,441,C
1-PB2,1648,1,440,0,2,443,T
1-PB2,1649,448,0,0,0,448,A
1-PB2,1650,0,451,0,0,451,T
1-PB2,1651,0,0,0,450,450,C
1-PB2,1652,440,0,0,0,440,A
1-PB2,1653,440,0,0,0,440,A
1-PB2,1654,0,437,0,0,437,T
1-PB2,1655,0,0,424,0,424,G
1-PB2,1656,0,0,424,0,424,G
1-PB2,1657,421,0,0,0,421,A
1-PB2,1658,0,406,0,0,406,T
1-PB2,1659,0,0,0,404,404,C
1-PB2,1660,407,0,0,0,407,A
1-PB2,1661,0,407,0,0,407,T
1-PB2,1662,0,0,0,407,407,C
1-PB2,1663,407,0,1,0,408,A
1-PB2,1664,0,0,406,0,406,G
1-PB2,1665,408,0,0,0,408,A
1-PB2,1666,408,0,0,0,408,A
1-PB2,1667,410,0,0,0,410,A
1-PB2,1668,0,413,0,0,413,T
1-PB2,1669,0,407,0,0,407,T
1-PB2,1670,0,0,411,0,411,G
1-PB2,1671,0,0,408,0,408,G
1-PB2,1672,0,0,408,0,408,G
1-PB2,1673,407,0,1,0,408,A
1-PB2,1674,402,0,3,0,405,A
1-PB2,1675,0,1,403,0,404,G
1-PB2,1676,1,0,0,403,404,C
1-PB2,1677,0,399,0,0,399,T
1-PB2,1678,1,0,401,0,402,G
1-PB2,1679,0,402,0,0,402,T
1-PB2,1680,0,0,0,401,401,C
1-PB2,1681,403,0,0,0,403,A
1-PB2,1682,402,1,0,0,403,A
1-PB2,1683,403,0,0,0,403,A
1-PB2,1684,404,0,0,0,404,A
1-PB2,1685,0,404,0,0,404,T
1-PB2,1686,0,402,0,0,402,T
1-PB2,1687,1,0,0,400,401,C
1-PB2,1688,399,0,1,0,400,A
1-PB2,1689,399,0,1,0,400,A
1-PB2,1690,0,400,0,0,400,T
1-PB2,1691,0,0,398,0,398,G
1-PB2,1692,0,0,405,0,405,G
1-PB2,1693,0,416,0,0,416,T
1-PB2,1694,0,0,0,417,417,C
1-PB2,1695,0,419,0,0,419,T
1-PB2,1696,1,0,0,418,419,C
1-PB2,1697,418,0,0,0,418,A
1-PB2,1698,0,0,418,0,418,G
1-PB2,1699,418,0,0,0,418,A
1-PB2,1700,421,0,0,0,421,A
1-PB2,1701,0,415,0,1,416,T
1-PB2,1702,0,0,0,408,408,C
1-PB2,1703,0,0,0,413,413,C
1-PB2,1704,0,414,0,0,414,T
1-PB2,1705,0,0,415,0,415,G
1-PB2,1706,0,0,0,415,415,C
1-PB2,1707,413,0,1,0,414,A
1-PB2,1708,422,0,1,0,423,A
1-PB2,1709,0,420,0,0,420,T
1-PB2,1710,0,0,426,0,426,G
1-PB2,1711,0,428,0,0,428,T
1-PB2,1712,0,412,0,0,412,T
1-PB2,1713,0,0,417,0,417,G
1-PB2,1714,1,417,0,0,418,T
1-PB2,1715,418,0,0,0,418,A
1-PB2,1716,0,0,0,420,420,C
1-PB2,1717,411,0,0,0,411,A
1-PB2,1718,415,0,0,0,415,A
1-PB2,1719,0,0,0,407,407,C
1-PB2,1720,394,0,2,0,396,A
1-PB2,1721,396,0,0,0,396,A
1-PB2,1722,392,0,0,0,392,A
1-PB2,1723,393,0,0,0,393,A
1-PB2,1724,0,393,0,0,393,T
1-PB2,1725,0,0,391,0,391,G
1-PB2,1726,0,0,392,0,392,G
1-PB2,1727,390,0,0,0,390,A
1-PB2,1728,392,0,0,0,392,A
1-PB2,1729,0,393,0,0,393,T
1-PB2,1730,0,391,0,0,391,T
1-PB2,1731,0,391,0,0,391,T
1-PB2,1732,0,0,388,0,388,G
1-PB2,1733,388,0,1,0,389,A
1-PB2,1734,388,0,0,0,388,A
1-PB2,1735,0,0,0,387,387,C
1-PB2,1736,1,0,0,382,383,C
1-PB2,1737,0,0,383,0,383,G
1-PB2,1738,0,387,0,1,388,T
1-PB2,1739,0,389,0,0,389,T
1-PB2,1740,0,390,0,0,390,T
1-PB2,1741,0,0,0,389,389,C
1-PB2,1742,391,0,0,0,391,A
1-PB2,1743,389,0,0,0,389,A
1-PB2,1744,0,388,0,0,388,T
1-PB2,1745,0,0,0,395,395,C
1-PB2,1746,0,390,0,0,390,T
1-PB2,1747,0,393,0,0,393,T
1-PB2,1748,0,392,0,0,392,T
1-PB2,1749,389,0,0,0,389,A
1-PB2,1750,0,0,393,0,393,G
1-PB2,1751,0,394,0,0,394,T
1-PB2,1752,0,0,0,403,403,C
1-PB2,1753,1,0,0,398,399,C
1-PB2,1754,2,0,0,396,398,C
1-PB2,1755,0,0,0,398,398,C
1-PB2,1756,395,0,0,0,395,A
1-PB2,1757,394,0,0,0,394,A
1-PB2,1758,0,0,403,0,403,G
1-PB2,1759,0,0,403,1,404,G
1-PB2,1760,0,0,0,404,404,C
1-PB2,1761,0,0,0,397,397,C
1-PB2,1762,395,0,0,0,395,A
1-PB2,1763,0,404,0,0,404,T
1-PB2,1764,0,403,0,0,403,T
1-PB2,1765,403,0,0,0,403,A
1-PB2,1766,1,0,401,0,402,G
1-PB2,1767,391,1,0,0,392,A
1-PB2,1768,403,0,0,0,403,A
1-PB2,1769,0,0,405,0,405,G
1-PB2,1770,0,0,0,403,403,C
1-PB2,1771,0,0,0,404,404,C
1-PB2,1772,395,0,0,0,395,A
1-PB2,1773,403,0,0,0,403,A
1-PB2,1774,0,403,0,0,403,T
1-PB2,1775,406,0,0,0,406,A
1-PB2,1776,0,0,0,409,409,C
1-PB2,1777,380,0,0,0,380,A
1-PB2,1778,0,0,378,0,378,G
1-PB2,1779,0,369,0,1,370,T
1-PB2,1780,0,0,374,0,374,G
1-PB2,1781,0,0,369,0,369,G
1-PB2,1782,0,0,371,0,371,G
1-PB2,1783,0,368,0,1,369,T
1-PB2,1784,0,367,0,0,367,T
1-PB2,1785,0,368,0,0,368,T
1-PB2,1786,0,0,372,0,372,G
1-PB2,1787,0,374,0,1,375,T
1-PB2,1788,0,0,0,374,374,C
1-PB2,1789,367,0,0,0,367,A
1-PB2,1790,2,0,369,0,371,G
1-PB2,1791,369,0,0,0,369,A
1-PB2,1792,370,0,0,0,370,A
1-PB2,1793,0,0,0,371,371,C
1-PB2,1794,0,361,0,1,362,T
1-PB2,1795,0,0,0,371,371,C
1-PB2,1796,0,371,0,0,371,T
1-PB2,1797,373,0,0,0,373,A
1-PB2,1798,0,373,0,0,373,T
1-PB2,1799,1,370,0,0,371,T
1-PB2,1800,0,0,0,370,370,C
1-PB2,1801,0,0,0,370,370,C
1-PB2,1802,368,0,0,0,368,A
1-PB2,1803,367,0,0,0,367,A
1-PB2,1804,0,0,0,365,365,C
1-PB2,1805,361,0,0,0,361,A
1-PB2,1806,365,0,0,0,365,A
1-PB2,1807,364,0,0,0,364,A
1-PB2,1808,0,366,0,0,366,T
1-PB2,1809,0,0,365,0,365,G
1-PB2,1810,362,0,0,0,362,A
1-PB2,1811,0,0,364,0,364,G
1-PB2,1812,357,0,4,0,361,A
1-PB2,1813,0,0,360,0,360,G
1-PB2,1814,362,0,2,0,364,A
1-PB2,1815,0,1,0,360,361,C
1-PB2,1816,0,0,364,0,364,G
1-PB2,1817,0,365,0,0,365,T
1-PB2,1818,371,0,0,0,371,A
1-PB2,1819,0,0,0,372,372,C
1-PB2,1820,0,368,0,0,368,T
1-PB2,1821,0,366,0,0,366,T
1-PB2,1822,0,0,359,0,359,G
1-PB2,1823,0,0,363,0,363,G
1-PB2,1824,0,0,364,0,364,G
1-PB2,1825,362,0,0,0,362,A
1-PB2,1826,0,0,0,362,362,C
1-PB2,1827,364,0,0,0,364,A
1-PB2,1828,0,361,0,0,361,T
1-PB2,1829,0,362,0,0,362,T
1-PB2,1830,1,364,0,0,365,T
1-PB2,1831,0,0,364,0,364,G
1-PB2,1832,367,0,0,0,367,A
1-PB2,1833,1,0,0,366,367,C
1-PB2,1834,370,0,0,0,370,A
1-PB2,1835,1,1,0,370,372,C
1-PB2,1836,1,0,0,366,367,C
1-PB2,1837,374,0,0,1,375,A
1-PB2,1838,0,0,0,375,375,C
1-PB2,1839,0,0,0,375,375,C
1-PB2,1840,0,0,0,376,376,C
1-PB2,1841,374,0,0,0,374,A
1-PB2,1842,0,0,382,0,382,G
1-PB2,1843,383,0,0,0,383,A
1-PB2,1844,0,399,0,0,399,T
1-PB2,1845,396,0,0,0,396,A
1-PB2,1846,393,0,0,0,393,A
1-PB2,1847,0,389,0,0,389,T
1-PB2,1848,387,0,0,0,387,A
1-PB2,1849,386,0,0,0,386,A
1-PB2,1850,384,0,0,0,384,A
1-PB2,1851,0,0,385,0,385,G
1-PB2,1852,0,0,0,382,382,C
1-PB2,1853,0,375,0,0,375,T
1-PB2,1854,0,372,0,0,372,T
1-PB2,1855,0,0,0,373,373,C
1-PB2,1856,0,369,0,0,369,T
1-PB2,1857,1,0,0,375,376,C
1-PB2,1858,0,0,0,378,378,C
1-PB2,1859,2,0,0,380,382,C
1-PB2,1860,0,381,0,0,381,T
1-PB2,1861,0,381,0,0,381,T
1-PB2,1862,0,381,0,1,382,T
1-PB2,1863,0,380,0,0,380,T
1-PB2,1864,0,0,380,0,380,G
1-PB2,1865,0,0,0,379,379,C
1-PB2,1866,373,0,0,0,373,A
1-PB2,1867,0,0,373,0,373,G
1-PB2,1868,2,0,0,369,371,C
1-PB2,1869,0,371,0,0,371,T
1-PB2,1870,0,0,376,0,376,G
1-PB2,1871,0,0,0,375,375,C
1-PB2,1872,0,374,0,0,374,T
1-PB2,1873,0,0,0,375,375,C
1-PB2,1874,0,0,0,377,377,C
1-PB2,1875,379,0,0,0,379,A
1-PB2,1876,0,0,0,379,379,C
1-PB2,1877,0,0,0,376,376,C
1-PB2,1878,376,0,0,0,376,A
1-PB2,1879,380,0,0,0,380,A
1-PB2,1880,380,0,0,0,380,A
1-PB2,1881,0,0,377,0,377,G
1-PB2,1882,0,0,0,378,378,C
1-PB2,1883,370,0,0,0,370,A
1-PB2,1884,368,0,0,1,369,A
1-PB2,1885,368,0,0,0,368,A
1-PB2,1886,0,0,373,0,373,G
1-PB2,1887,1,0,0,372,373,C
1-PB2,1888,371,0,1,0,372,A
1-PB2,1889,0,0,371,0,371,G
1-PB2,1890,370,0,0,0,370,A
1-PB2,1891,376,1,0,0,377,A
1-PB2,1892,0,379,0,0,379,T
1-PB2,1893,0,0,379,0,379,G
1-PB2,1894,0,0,0,379,379,C
1-PB2,1895,372,0,1,0,373,A
1-PB2,1896,1,0,374,0,375,G
1-PB2,1897,0,375,0,0,375,T
1-PB2,1898,0,380,0,3,383,T
1-PB2,1899,0,0,0,381,381,C
1-PB2,1900,0,376,0,1,377,T
1-PB2,1901,0,0,0,384,384,C
1-PB2,1902,0,380,0,0,380,T
1-PB2,1903,0,383,0,0,383,T
1-PB2,1904,0,0,0,383,383,C
1-PB2,1905,378,0,0,0,378,A
1-PB2,1906,0,0,0,379,379,C
1-PB2,1907,0,370,0,0,370,T
1-PB2,1908,0,0,374,0,374,G
1-PB2,1909,373,0,0,0,373,A
1-PB2,1910,0,0,0,380,380,C
1-PB2,1911,0,376,0,0,376,T
1-PB2,1912,0,0,385,0,385,G
1-PB2,1913,1,381,0,0,382,T
1-PB2,1914,0,0,388,0,388,G
1-PB2,1915,389,0,0,0,389,A
1-PB2,1916,389,0,0,0,389,A
1-PB2,1917,0,384,0,0,384,T
1-PB2,1918,0,0,387,0,387,G
1-PB2,1919,0,372,0,0,372,T
1-PB2,1920,0,0,372,0,372,G
1-PB2,1921,365,0,1,0,366,A
1-PB2,1922,0,1,364,0,365,G
1-PB2,1923,0,0,364,0,364,G
1-PB2,1924,0,0,361,0,361,G
1-PB2,1925,0,0,373,0,373,G
1-PB2,1926,366,0,2,0,368,A
1-PB2,1927,0,364,0,0,364,T
1-PB2,1928,1,0,0,364,365,C
1-PB2,1929,365,0,0,0,365,A
1-PB2,1930,0,0,373,0,373,G
1-PB2,1931,0,0,378,0,378,G
1-PB2,1932,0,0,376,0,376,G
1-PB2,1933,375,0,0,0,375,A
1-PB2,1934,0,354,0,0,354,T
1-PB2,1935,0,0,354,0,354,G
1-PB2,1936,354,0,0,0,354,A
1-PB2,1937,0,0,364,0,364,G
1-PB2,1938,363,0,0,0,363,A
1-PB2,1939,359,0,0,0,359,A
1-PB2,1940,0,364,0,0,364,T
1-PB2,1941,363,0,0,0,363,A
1-PB2,1942,0,0,0,368,368,C
1-PB2,1943,0,364,0,0,364,T
1-PB2,1944,0,364,0,0,364,T
1-PB2,1945,0,0,366,0,366,G
1-PB2,1946,0,353,0,0,353,T
1-PB2,1947,354,0,0,0,354,A
1-PB2,1948,353,1,0,0,354,A
1-PB2,1949,0,0,348,0,348,G
1-PB2,1950,0,0,349,1,350,G
1-PB2,1951,0,0,344,0,344,G
1-PB2,1952,0,0,349,0,349,G
1-PB2,1953,0,0,0,345,345,C
1-PB2,1954,345,0,0,0,345,A
1-PB2,1955,354,0,0,0,354,A
1-PB2,1956,0,354,0,0,354,T
1-PB2,1957,0,353,0,0,353,T
1-PB2,1958,0,0,0,361,361,C
1-PB2,1959,0,357,0,0,357,T
1-PB2,1960,2,0,0,358,360,C
1-PB2,1961,0,0,0,359,359,C
1-PB2,1962,0,357,0,0,357,T
1-PB2,1963,0,0,368,0,368,G
1-PB2,1964,0,362,0,0,362,T
1-PB2,1965,361,0,0,0,361,A
1-PB2,1966,0,363,0,0,363,T
1-PB2,1967,0,358,0,0,358,T
1-PB2,1968,0,0,0,361,361,C
1-PB2,1969,357,0,0,0,357,A
1-PB2,1970,356,0,0,0,356,A
1-PB2,1971,0,0,0,357,357,C
1-PB2,1972,0,346,0,1,347,T
1-PB2,1973,349,0,0,0,349,A
1-PB2,1974,0,0,0,360,360,C
1-PB2,1975,361,0,0,0,361,A
1-PB2,1976,360,0,0,0,360,A
1-PB2,1977,0,0,0,359,359,C
1-PB2,1978,358,0,0,0,358,A
1-PB2,1979,357,0,0,0,357,A
1-PB2,1980,0,0,358,0,358,G
1-PB2,1981,356,0,0,0,356,A
1-PB2,1982,0,0,0,357,357,C
1-PB2,1983,0,1,0,346,347,C
1-PB2,1984,346,0,0,0,346,A
1-PB2,1985,0,0,0,357,357,C
1-PB2,1986,0,356,0,0,356,T
1-PB2,1987,357,0,0,0,357,A
1-PB2,1988,354,0,0,0,354,A
1-PB2,1989,357,0,0,0,357,A
1-PB2,1990,354,0,1,0,355,A
1-PB2,1991,0,0,356,0,356,G
1-PB2,1992,355,0,0,0,355,A
1-PB2,1993,0,1,1,352,354,C
1-PB2,1994,0,348,0,0,348,T
1-PB2,1995,348,0,0,0,348,A
1-PB2,1996,346,0,0,0,346,A
1-PB2,1997,0,0,0,349,349,C
1-PB2,1998,347,0,0,0,347,A
1-PB2,1999,348,0,1,0,349,A
1-PB2,2000,0,347,0,0,347,T
1-PB2,2001,0,345,0,0,345,T
1-PB2,2002,0,0,0,346,346,C
1-PB2,2003,0,343,0,0,343,T
1-PB2,2004,0,1,0,341,342,C
1-PB2,2005,0,0,344,0,344,G
1-PB2,2006,0,0,343,0,343,G
1-PB2,2007,344,0,0,0,344,A
1-PB2,2008,345,0,0,0,345,A
1-PB2,2009,345,0,0,0,345,A
1-PB2,2010,345,0,0,0,345,A
1-PB2,2011,6,0,339,0,345,G
1-PB2,2012,345,0,0,0,345,A
1-PB2,2013,0,345,0,0,345,T
1-PB2,2014,0,0,345,0,345,G
1-PB2,2015,0,0,0,345,345,C
1-PB2,2016,0,0,0,342,342,C
1-PB2,2017,0,0,344,0,344,G
1-PB2,2018,0,0,344,0,344,G
1-PB2,2019,0,0,1,345,346,C
1-PB2,2020,345,0,0,0,345,A
1-PB2,2021,0,0,0,350,350,C
1-PB2,2022,0,345,0,0,345,T
1-PB2,2023,0,349,0,0,349,T
1-PB2,2024,0,347,0,0,347,T
1-PB2,2025,350,0,0,0,350,A
1-PB2,2026,351,0,0,0,351,A
1-PB2,2027,0,351,0,0,351,T
1-PB2,2028,0,351,0,0,351,T
1-PB2,2029,0,0,351,0,351,G
1-PB2,2030,340,0,0,0,340,A
1-PB2,2031,340,0,0,0,340,A
1-PB2,2032,0,0,341,0,341,G
1-PB2,2033,342,0,0,0,342,A
1-PB2,2034,0,0,0,342,342,C
1-PB2,2035,0,0,0,338,338,C
1-PB2,2036,0,0,0,337,337,C
1-PB2,2037,340,0,0,0,340,A
1-PB2,2038,0,0,344,0,344,G
1-PB2,2039,343,0,0,0,343,A
1-PB2,2040,0,341,0,0,341,T
1-PB2,2041,0,0,343,0,343,G
1-PB2,2042,338,0,1,0,339,A
1-PB2,2043,339,0,0,0,339,A
1-PB2,2044,339,0,0,0,339,A
1-PB2,2045,0,0,341,0,341,G
1-PB2,2046,0,0,0,338,338,C
1-PB2,2047,335,0,0,0,335,A
1-PB2,2048,0,0,1,335,336,C
1-PB2,2049,336,0,0,0,336,A
1-PB2,2050,0,338,0,0,338,T
1-PB2,2051,0,0,0,339,339,C
1-PB2,2052,0,0,0,339,339,C
1-PB2,2053,0,0,336,0,336,G
1-PB2,2054,0,0,338,0,338,G
1-PB2,2055,338,0,0,0,338,A
1-PB2,2056,0,0,341,0,341,G
1-PB2,2057,0,336,0,0,336,T
1-PB2,2058,0,0,337,0,337,G
1-PB2,2059,0,0,338,0,338,G
1-PB2,2060,337,0,0,0,337,A
1-PB2,2061,0,0,335,0,335,G
1-PB2,2062,0,332,0,1,333,T
1-PB2,2063,1,0,0,329,330,C
1-PB2,2064,0,0,0,327,327,C
1-PB2,2065,0,0,327,0,327,G
1-PB2,2066,0,0,0,328,328,C
1-PB2,2067,0,0,0,327,327,C
1-PB2,2068,0,0,331,0,331,G
1-PB2,2069,0,329,0,1,330,T
1-PB2,2070,0,0,0,330,330,C
1-PB2,2071,0,328,0,0,328,T
1-PB2,2072,0,330,0,0,330,T
1-PB2,2073,0,0,331,0,331,G
1-PB2,2074,325,1,0,0,326,A
1-PB2,2075,0,2,323,0,325,G
1-PB2,2076,324,0,0,0,324,A
1-PB2,2077,0,0,311,0,311,G
1-PB2,2078,0,1,311,0,312,G
1-PB2,2079,0,0,308,0,308,G
1-PB2,2080,0,294,1,2,297,T
1-PB2,2081,0,297,0,0,297,T
1-PB2,2082,0,298,0,0,298,T
1-PB2,2083,1,0,0,297,298,C
1-PB2,2084,0,297,0,0,297,T
1-PB2,2085,0,0,0,301,301,C
1-PB2,2086,298,0,0,0,298,A
1-PB2,2087,0,287,0,1,288,T
1-PB2,2088,0,0,0,278,278,C
1-PB2,2089,280,0,0,0,280,A
1-PB2,2090,0,280,0,0,280,T
1-PB2,2091,282,0,0,0,282,A
1-PB2,2092,0,0,287,0,287,G
1-PB2,2093,1,0,287,0,288,G
1-PB2,2094,0,284,0,0,284,T
1-PB2,2095,286,0,0,0,286,A
1-PB2,2096,282,0,0,0,282,A
1-PB2,2097,0,0,283,0,283,G
1-PB2,2098,0,0,284,0,284,G
1-PB2,2099,277,0,0,0,277,A
1-PB2,2100,275,1,0,0,276,A
1-PB2,2101,0,0,273,0,273,G
1-PB2,2102,266,1,0,0,267,A
1-PB2,2103,0,0,0,269,269,C
1-PB2,2104,268,0,0,0,268,A
1-PB2,2105,0,0,267,0,267,G
1-PB2,2106,268,0,0,0,268,A
1-PB2,2107,266,0,0,0,266,A
1-PB2,2108,0,0,266,0,266,G
1-PB2,2109,263,0,0,0,263,A
1-PB2,2110,0,264,0,0,264,T
1-PB2,2111,264,0,0,0,264,A
1-PB2,2112,0,0,1,262,263,C
1-PB2,2113,0,0,263,0,263,G
1-PB2,2114,0,0,263,0,263,G
1-PB2,2115,261,0,0,0,261,A
1-PB2,2116,0,0,0,262,262,C
1-PB2,2117,0,0,0,261,261,C
1-PB2,2118,253,0,0,0,253,A
1-PB2,2119,0,0,264,0,264,G
1-PB2,2120,0,0,0,263,263,C
1-PB2,2121,264,0,0,0,264,A
1-PB2,2122,0,264,0,0,264,T
1-PB2,2123,1,252,0,0,253,T
1-PB2,2124,253,0,0,0,253,A
1-PB2,2125,254,0,0,0,254,A
1-PB2,2126,0,0,255,0,255,G
1-PB2,2127,1,0,0,252,253,C
1-PB2,2128,232,0,0,0,232,A
1-PB2,2129,0,236,0,0,236,T
1-PB2,2130,0,0,0,235,235,C
1-PB2,2131,236,0,0,0,236,A
1-PB2,2132,237,0,0,0,237,A
1-PB2,2133,0,236,0,0,236,T
1-PB2,2134,0,0,236,0,236,G
1-PB2,2135,230,1,0,0,231,A
1-PB2,2136,232,0,0,0,232,A
1-PB2,2137,0,0,0,233,233,C
1-PB2,2138,0,218,0,0,218,T
1-PB2,2139,0,0,224,0,224,G
1-PB2,2140,223,0,0,0,223,A
1-PB2,2141,0,0,223,0,223,G
1-PB2,2142,0,222,0,0,222,T
1-PB2,2143,220,0,0,0,220,A
1-PB2,2144,221,0,0,0,221,A
1-PB2,2145,0,0,0,223,223,C
1-PB2,2146,0,0,0,212,212,C
1-PB2,2147,0,208,0,2,210,T
1-PB2,2148,0,193,0,0,193,T
1-PB2,2149,0,0,195,0,195,G
1-PB2,2150,0,0,0,195,195,C
1-PB2,2151,195,0,0,0,195,A
1-PB2,2152,194,0,1,0,195,A
1-PB2,2153,190,0,0,0,190,A
1-PB2,2154,190,0,0,0,190,A
1-PB2,2155,0,0,189,0,189,G
1-PB2,2156,0,0,192,0,192,G
1-PB2,2157,0,0,192,0,192,G
1-PB2,2158,0,0,193,0,193,G
1-PB2,2159,192,0,0,0,192,A
1-PB2,2160,191,0,0,0,191,A
1-PB2,2161,193,0,0,0,193,A
1-PB2,2162,197,0,0,0,197,A
1-PB2,2163,0,0,198,0,198,G
1-PB2,2164,0,0,195,0,195,G
1-PB2,2165,0,0,0,194,194,C
1-PB2,2166,0,193,0,0,193,T
1-PB2,2167,193,0,0,0,193,A
1-PB2,2168,193,0,0,0,193,A
1-PB2,2169,0,194,0,0,194,T
1-PB2,2170,0,0,200,0,200,G
1-PB2,2171,0,189,1,0,190,T
1-PB2,2172,0,0,189,0,189,G
1-PB2,2173,0,0,0,188,188,C
1-PB2,2174,0,185,0,0,185,T
1-PB2,2175,187,0,0,0,187,A
1-PB2,2176,187,0,0,0,187,A
1-PB2,2177,0,187,0,0,187,T
1-PB2,2178,0,0,0,187,187,C
1-PB2,2179,0,0,181,0,181,G
1-PB2,2180,1,0,179,0,180,G
1-PB2,2181,0,0,177,0,177,G
1-PB2,2182,0,0,0,180,180,C
1-PB2,2183,180,0,1,0,181,A
1-PB2,2184,181,0,0,0,181,A
1-PB2,2185,0,0,180,0,180,G
1-PB2,2186,0,0,181,0,181,G
1-PB2,2187,179,0,0,0,179,A
1-PB2,2188,0,0,182,0,182,G
1-PB2,2189,175,0,0,0,175,A
1-PB2,2190,0,0,0,175,175,C
1-PB2,2191,0,0,175,0,175,G
1-PB2,2192,0,173,0,0,173,T
1-PB2,2193,0,0,174,0,174,G
1-PB2,2194,0,0,176,0,176,G
1-PB2,2195,1,172,0,0,173,T
1-PB2,2196,0,0,173,0,173,G
1-PB2,2197,0,169,0,0,169,T
1-PB2,2198,0,167,0,0,167,T
1-PB2,2199,0,0,168,0,168,G
1-PB2,2200,0,0,168,0,168,G
1-PB2,2201,0,166,0,0,166,T
1-PB2,2202,163,0,0,0,163,A
1-PB2,2203,163,0,0,0,163,A
1-PB2,2204,0,157,0,0,157,T
1-PB2,2205,0,0,152,0,152,G
1-PB2,2206,148,0,0,0,148,A
1-PB2,2207,150,0,0,0,150,A
1-PB2,2208,150,0,0,0,150,A
1-PB2,2209,0,0,0,148,148,C
1-PB2,2210,0,0,148,0,148,G
1-PB2,2211,147,0,0,0,147,A
1-PB2,2212,146,0,0,1,147,A
1-PB2,2213,149,0,0,0,149,A
1-PB2,2214,148,0,0,0,148,A
1-PB2,2215,0,0,0,149,149,C
1-PB2,2216,0,0,148,0,148,G
1-PB2,2217,0,1,147,0,148,G
1-PB2,2218,0,0,148,0,148,G
1-PB2,2219,145,0,0,0,145,A
1-PB2,2220,0,0,0,147,147,C
1-PB2,2221,0,143,0,0,143,T
1-PB2,2222,0,0,0,146,146,C
1-PB2,2223,0,146,0,1,147,T
1-PB2,2224,147,0,0,0,147,A
1-PB2,2225,0,1,147,0,148,G
1-PB2,2226,0,1,0,146,147,C
1-PB2,2227,147,0,0,0,147,A
1-PB2,2228,0,147,0,0,147,T
1-PB2,2229,140,0,0,0,140,A
1-PB2,2230,0,0,0,138,138,C
1-PB2,2231,0,118,0,0,118,T
1-PB2,2232,0,117,0,0,117,T
1-PB2,2233,115,0,0,0,115,A
1-PB2,2234,0,0,0,114,114,C
1-PB2,2235,0,115,0,0,115,T
1-PB2,2236,0,0,115,0,115,G
1-PB2,2237,110,0,0,0,110,A
1-PB2,2238,0,0,0,109,109,C
1-PB2,2239,101,0,0,0,101,A
1-PB2,2240,0,0,102,0,102,G
1-PB2,2241,0,0,0,102,102,C
1-PB2,2242,0,0,0,101,101,C
1-PB2,2243,102,0,0,0,102,A
1-PB2,2244,0,0,102,0,102,G
1-PB2,2245,102,0,0,0,102,A
1-PB2,2246,0,0,0,100,100,C
1-PB2,2247,96,0,0,0,96,A
1-PB2,2248,0,0,96,0,96,G
1-PB2,2249,0,0,0,86,86,C
1-PB2,2250,0,0,87,0,87,G
1-PB2,2251,87,0,0,0,87,A
1-PB2,2252,1,0,0,85,86,C
1-PB2,2253,0,0,0,86,86,C
1-PB2,2254,86,0,0,0,86,A
1-PB2,2255,86,0,0,0,86,A
1-PB2,2256,86,0,0,0,86,A
1-PB2,2257,85,0,0,0,85,A
1-PB2,2258,0,0,86,0,86,G
1-PB2,2259,83,0,0,0,83,A
1-PB2,2260,82,0,0,0,82,A
1-PB2,2261,0,82,0,0,82,T
1-PB2,2262,0,81,0,0,81,T
1-PB2,2263,0,0,0,82,82,C
1-PB2,2264,0,0,82,0,82,G
1-PB2,2265,0,0,82,0,82,G
1-PB2,2266,82,0,0,0,82,A
1-PB2,2267,0,81,0,0,81,T
1-PB2,2268,0,0,81,0,81,G
1-PB2,2269,0,0,78,0,78,G
1-PB2,2270,0,0,0,80,80,C
1-PB2,2271,0,0,0,79,79,C
1-PB2,2272,79,0,0,0,79,A
1-PB2,2273,0,77,0,0,77,T
1-PB2,2274,0,0,0,77,77,C
1-PB2,2275,77,0,0,0,77,A
1-PB2,2276,77,0,0,0,77,A
1-PB2,2277,0,75,0,0,75,T
1-PB2,2278,0,71,0,0,71,T
1-PB2,2279,68,0,0,0,68,A
1-PB2,2280,68,0,0,0,68,A
2-PB1,1,304,0,0,0,304,A
2-PB1,2,0,303,0,0,303,T
2-PB1,3,0,0,306,0,306,G
2-PB1,4,0,0,333,0,333,G
2-PB1,5,378,0,0,1,379,A
2-PB1,6,0,420,0,0,420,T
2-PB1,7,1,0,424,0,425,G
2-PB1,8,0,427,0,0,427,T
2-PB1,9,0,0,0,459,459,C
2-PB1,10,462,0,0,0,462,A
2-PB1,11,476,0,0,0,476,A
2-PB1,12,1,478,0,0,479,T
2-PB1,13,1,0,0,486,487,C
2-PB1,14,0,0,0,520,520,C
2-PB1,15,0,0,533,0,533,G
2-PB1,16,603,0,1,0,604,A
2-PB1,17,0,0,0,610,610,C
2-PB1,18,0,612,0,0,612,T
2-PB1,19,0,0,0,696,696,C
2-PB1,20,0,696,0,0,696,T
2-PB1,21,706,0,0,0,706,A
2-PB1,22,0,0,0,711,711,C
2-PB1,23,1,709,0,0,710,T
2-PB1,24,0,0,797,0,797,G
2-PB1,25,0,806,0,0,806,T
2-PB1,26,0,806,0,0,806,T
2-PB1,27,0,0,0,807,807,C
2-PB1,28,0,0,0,805,805,C
2-PB1,29,0,937,0,0,937,T
2-PB1,30,949,0,0,0,949,A
2-PB1,31,948,0,0,0,948,A
2-PB1,32,951,0,0,0,951,A
2-PB1,33,0,0,959,0,959,G
2-PB1,34,1,0,965,0,966,G
2-PB1,35,0,974,0,0,974,T
2-PB1,36,0,977,0,0,977,T
2-PB1,37,0,0,0,973,973,C
2-PB1,38,0,0,0,975,975,C
2-PB1,39,980,0,0,0,980,A
2-PB1,40,0,0,988,0,988,G
2-PB1,41,0,2,0,988,990,C
2-PB1,42,1,0,996,0,997,G
2-PB1,43,0,0,0,994,994,C
2-PB1,44,993,1,0,0,994,A
2-PB1,45,995,0,1,1,997,A
2-PB1,46,998,0,0,0,998,A
2-PB1,47,1005,1,0,0,1006,A
2-PB1,48,0,1008,0,0,1008,T
2-PB1,49,0,0,1050,0,1050,G
2-PB1,50,0,1,0,1060,1061,C
2-PB1,51,0,0,0,1065,1065,C
2-PB1,52,1065,0,0,0,1065,A
2-PB1,53,0,1065,0,0,1065,T
2-PB1,54,1134,0,0,0,1134,A
2-PB1,55,1138,0,1,0,1139,A
2-PB1,56,0,0,1194,0,1194,G
2-PB1,57,0,0,1,1195,1196,C
2-PB1,58,1196,0,0,0,1196,A
2-PB1,59,0,1,0,1235,1236,C
2-PB1,60,1237,0,0,0,1237,A
2-PB1,61,1304,2,1,0,1307,A
2-PB1,62,0,0,0,1311,1311,C
2-PB1,63,1314,0,0,0,1314,A
2-PB1,64,0,1338,0,0,1338,T
2-PB1,65,0,1333,0,0,1333,T
2-PB1,66,0,0,0,1658,1658,C
2-PB1,67,1,0,0,1665,1666,C
2-PB1,68,2,0,0,1680,1682,C
2-PB1,69,0,1690,0,1,1691,T
2-PB1,70,0,1683,0,0,1683,T
2-PB1,71,1835,0,0,0,1835,A
2-PB1,72,0,1849,0,1,1850,T
2-PB1,73,1866,0,1,0,1867,A
2-PB1,74,0,0,0,1879,1879,C
2-PB1,75,0,1836,0,2,1838,T
2-PB1,76,0,0,1866,2,1868,G
2-PB1,77,0,0,1876,0,1876,G
2-PB1,78,1874,1,2,0,1877,A
2-PB1,79,0,0,1888,0,1888,G
2-PB1,80,1892,2,1,0,1895,A
2-PB1,81,0,1900,0,1,1901,T
2-PB1,82,1,0,0,2043,2044,C
2-PB1,83,0,0,0,2049,2049,C
2-PB1,84,0,2062,0,1,2063,T
2-PB1,85,1,1,2,2202,2206,C
2-PB1,86,1,0,0,2214,2215,C
2-PB1,87,2238,1,0,0,2239,A
2-PB1,88,0,2240,0,0,2240,T
2-PB1,89,2235,0,1,0,2236,A
2-PB1,90,0,2,0,2245,2247,C
2-PB1,91,2232,0,1,0,2233,A
2-PB1,92,0,1,2351,0,2352,G
2-PB1,93,0,0,0,2370,2370,C
2-PB1,94,0,1,0,2360,2361,C
2-PB1,95,2364,0,0,0,2364,A
2-PB1,96,0,2362,0,2,2364,T
2-PB1,97,0,4,2365,0,2369,G
2-PB1,98,0,0,2530,0,2530,G
2-PB1,99,2543,0,1,0,2544,A
2-PB1,100,2555,0,1,0,2556,A
2-PB1,101,0,1,0,2565,2566,C
2-PB1,102,2551,0,1,0,2552,A
2-PB1,103,0,0,2610,0,2610,G
2-PB1,104,0,4,2660,0,2664,G
2-PB1,105,2670,0,1,0,2671,A
2-PB1,106,2685,0,0,0,2685,A
2-PB1,107,1,1,0,2698,2700,C
2-PB1,108,2693,1,3,0,2697,A
2-PB1,109,1,3,3050,0,3054,G
2-PB1,110,1,0,3060,0,3061,G
2-PB1,111,0,3,3122,0,3125,G
2-PB1,112,0,3118,0,1,3119,T
2-PB1,113,3115,0,1,0,3116,A
2-PB1,114,0,0,0,3142,3142,C
2-PB1,115,3259,0,4,0,3263,A
2-PB1,116,1,0,0,3402,3403,C
2-PB1,117,1,0,0,3383,3384,C
2-PB1,118,3314,1,1,0,3316,A
2-PB1,119,0,3311,0,0,3311,T
2-PB1,120,1,0,3314,1,3316,G
2-PB1,121,1,0,3318,0,3319,G
2-PB1,122,3203,0,4,0,3207,A
2-PB1,123,0,2,0,3209,3211,C
2-PB1,124,3292,2,1,0,3295,A
2-PB1,125,1,0,0,3346,3347,C
2-PB1,126,3350,2,2,0,3354,A
2-PB1,127,0,0,3405,0,3405,G
2-PB1,128,1,3404,0,3,3408,T
2-PB1,129,3,0,0,3495,3498,C
2-PB1,130,3493,0,1,1,3495,A
2-PB1,131,3526,0,2,0,3528,A
2-PB1,132,0,0,1,3524,3525,C
2-PB1,133,3519,1,1,0,3521,A
2-PB1,134,0,0,3577,0,3577,G
2-PB1,135,3538,0,3,1,3542,A
2-PB1,136,3539,1,2,0,3542,A
2-PB1,137,0,2,0,3541,3543,C
2-PB1,138,3512,1,2,0,3515,A
2-PB1,139,2,1,0,3584,3587,C
2-PB1,140,3575,1,1,0,3577,A
2-PB1,141,1,0,0,3705,3706,C
2-PB1,142,0,0,0,3707,3707,C
2-PB1,143,3706,0,0,0,3706,A
2-PB1,144,3720,1,3,0,3724,A
2-PB1,145,0,3802,0,0,3802,T
2-PB1,146,3896,1,0,1,3898,A
2-PB1,147,0,3897,0,0,3897,T
2-PB1,148,0,3870,0,0,3870,T
2-PB1,149,1,1,2,3869,3873,C
2-PB1,150,3809,2,3,0,3814,A
2-PB1,151,1,1,3814,0,3816,G
2-PB1,152,3806,0,1,0,3807,A
2-PB1,153,0,0,3805,0,3805,G
2-PB1,154,3751,2,1,1,3755,A
2-PB1,155,3,0,3695,0,3698,G
2-PB1,156,0,1,3706,0,3707,G
2-PB1,157,0,1,3819,0,3820,G
2-PB1,158,0,0,3817,1,3818,G
2-PB1,159,1,1,3832,0,3834,G
2-PB1,160,3831,1,2,0,3834,A
2-PB1,161,3836,0,1,0,3837,A
2-PB1,162,0,0,3863,0,3863,G
2-PB1,163,1,3843,0,0,3844,T
2-PB1,164,3,3,3824,0,3830,G
2-PB1,165,2,1,3810,0,3813,G
2-PB1,166,3808,0,6,0,3814,A
2-PB1,167,0,0,0,3826,3826,C
2-PB1,168,1,1,3841,0,3843,G
2-PB1,169,3856,0,1,0,3857,A
2-PB1,170,1,0,0,3885,3886,C
2-PB1,171,3862,0,1,0,3863,A
2-PB1,172,3874,1,0,0,3875,A
2-PB1,173,3888,0,2,0,3890,A
2-PB1,174,0,3927,0,1,3928,T
2-PB1,175,3937,0,0,0,3937,A
2-PB1,176,0,0,0,3939,3939,C
2-PB1,177,3921,0,1,0,3922,A
2-PB1,178,2,1,3935,0,3938,G
2-PB1,179,3926,0,0,0,3926,A
2-PB1,180,3964,0,0,0,3964,A
2-PB1,181,3958,1,0,1,3960,A
2-PB1,182,0,0,0,3961,3961,C
2-PB1,183,0,3916,0,1,3917,T
2-PB1,184,1,4,3919,0,3924,G
2-PB1,185,1,4,3913,1,3919,G
2-PB1,186,0,1,3900,1,3902,G
2-PB1,187,2,1,3912,0,3915,G
2-PB1,188,0,1,0,3910,3911,C
2-PB1,189,3901,1,0,0,3902,A
2-PB1,190,0,2,0,4036,4038,C
2-PB1,191,3,0,0,4020,4023,C
2-PB1,192,5,0,0,4017,4022,C
2-PB1,193,3,2,0,4039,4044,C
2-PB1,194,4064,1,0,0,4065,A
2-PB1,195,4097,0,1,0,4098,A
2-PB1,196,0,1,1,4095,4097,C
2-PB1,197,0,4076,1,4,4081,T
2-PB1,198,2,0,0,4089,4091,C
2-PB1,199,3944,0,1,0,3945,A
2-PB1,200,4006,1,5,0,4012,A
2-PB1,201,0,2,0,4006,4008,C
2-PB1,202,1,0,0,3995,3996,C
2-PB1,203,1,0,0,4009,4010,C
2-PB1,204,3988,0,0,0,3988,A
2-PB1,205,3999,0,0,0,3999,A
2-PB1,206,0,4024,0,0,4024,T
2-PB1,207,0,4011,0,1,4012,T
2-PB1,208,0,0,4027,0,4027,G
2-PB1,209,3986,1,3,0,3990,A
2-PB1,210,0,3984,0,2,3986,T
2-PB1,211,1,1,3972,0,3974,G
2-PB1,212,0,0,4019,1,4020,G
2-PB1,213,4054,1,3,0,4058,A
2-PB1,214,0,2,0,4083,4085,C
2-PB1,215,1,1,0,4075,4077,C
2-PB1,216,4070,1,4,0,4075,A
2-PB1,217,0,2,0,4165,4167,C
2-PB1,218,0,4169,0,1,4170,T
2-PB1,219,4240,1,3,0,4244,A
2-PB1,220,0,1,0,4278,4279,C
2-PB1,221,1,0,0,4241,4242,C
2-PB1,222,2,4163,0,1,4166,T
2-PB1,223,0,0,4191,0,4191,G
2-PB1,224,4181,0,1,0,4182,A
2-PB1,225,1,2,4207,0,4210,G
2-PB1,226,2,3,4188,0,4193,G
2-PB1,227,4200,0,0,0,4200,A
2-PB1,228,1,4169,0,0,4170,T
2-PB1,229,4126,0,1,0,4127,A
2-PB1,230,4128,1,1,1,4131,A
2-PB1,231,1,4130,0,1,4132,T
2-PB1,232,0,1,4140,0,4141,G
2-PB1,233,4139,0,1,0,4140,A
2-PB1,234,4121,0,2,0,4123,A
2-PB1,235,0,0,0,4125,4125,C
2-PB1,236,2,0,0,4075,4077,C
2-PB1,237,4088,1,1,0,4090,A
2-PB1,238,4093,1,1,1,4096,A
2-PB1,239,0,0,4122,0,4122,G
2-PB1,240,1,4122,0,1,4124,T
2-PB1,241,1,0,4122,0,4123,G
2-PB1,242,1,1,4181,0,4183,G
2-PB1,243,4180,2,3,0,4185,A
2-PB1,244,0,4167,0,0,4167,T
2-PB1,245,4177,0,0,0,4177,A
2-PB1,246,2,4279,0,1,4282,T
2-PB1,247,0,0,4312,0,4312,G
2-PB1,248,0,1,0,4301,4302,C
2-PB1,249,4297,0,2,0,4299,A
2-PB1,250,0,1,0,4407,4408,C
2-PB1,251,4323,3,1,0,4327,A
2-PB1,252,4402,0,0,0,4402,A
2-PB1,253,4405,1,1,0,4407,A
2-PB1,254,0,0,0,4411,4411,C
2-PB1,255,4296,0,0,0,4296,A
2-PB1,256,0,2,4338,0,4340,G
2-PB1,257,4304,2,20,0,4326,A
2-PB1,258,2,2,0,4333,4337,C
2-PB1,259,0,4230,1,1,4232,T
2-PB1,260,1,1,4316,0,4318,G
2-PB1,261,0,4264,0,3,4267,T
2-PB1,262,2,1,4411,0,4414,G
2-PB1,263,1,4407,0,0,4408,T
2-PB1,264,2,1,0,4428,4431,C
2-PB1,265,0,0,0,4427,4427,C
2-PB1,266,0,4402,0,5,4407,T
2-PB1,267,1,2,4404,0,4407,G
2-PB1,268,1,0,4408,0,4409,G
2-PB1,269,4331,1,3,0,4335,A
2-PB1,270,0,0,4411,0,4411,G
2-PB1,271,3,0,4288,0,4291,G
2-PB1,272,2,0,0,4304,4306,C
2-PB1,273,1,4283,0,4,4288,T
2-PB1,274,4293,0,1,0,4294,A
2-PB1,275,1,4296,0,1,4298,T
2-PB1,276,3,1,4294,0,4298,G
2-PB1,277,0,0,4297,0,4297,G
2-PB1,278,1,1,0,4293,4295,C
2-PB1,279,0,0,0,4240,4240,C
2-PB1,280,0,4212,0,1,4213,T
2-PB1,281,1,4451,0,2,4454,T
2-PB1,282,2,1,0,4457,4460,C
2-PB1,283,1,2,0,4467,4470,C
2-PB1,284,0,4466,0,2,4468,T
2-PB1,285,1,4462,0,1,4464,T
2-PB1,286,1,1,4475,0,4477,G
2-PB1,287,4474,1,0,0,4475,A
2-PB1,288,4481,1,1,0,4483,A
2-PB1,289,1,1,4484,0,4486,G
2-PB1,290,4316,0,2,0,4318,A
2-PB1,291,4341,0,4,1,4346,A
2-PB1,292,0,4325,0,1,4326,T
2-PB1,293,0,0,0,4331,4331,C
2-PB1,294,2,0,1,4327,4330,C
2-PB1,295,2,0,0,4322,4324,C
2-PB1,296,4340,0,0,0,4340,A
2-PB1,297,2,0,0,4349,4351,C
2-PB1,298,2,3,0,4337,4342,C
2-PB1,299,2,1,1,4334,4338,C
2-PB1,300,4287,1,0,0,4288,A
2-PB1,301,2,3,4324,0,4329,G
2-PB1,302,0,0,4338,0,4338,G
2-PB1,303,1,4328,0,1,4330,T
2-PB1,304,4356,0,0,1,4357,A
2-PB1,305,0,4341,0,0,4341,T
2-PB1,306,0,0,0,4345,4345,C
2-PB1,307,0,4359,1,4,4364,T
2-PB1,308,0,4361,0,2,4363,T
2-PB1,309,0,4347,0,2,4349,T
2-PB1,310,0,0,4336,0,4336,G
2-PB1,311,4300,0,0,0,4300,A
2-PB1,312,1,1,4304,0,4306,G
2-PB1,313,4265,0,1,0,4266,A
2-PB1,314,4283,0,1,0,4284,A
2-PB1,315,0,0,0,4307,4307,C
2-PB1,316,0,4259,0,2,4261,T
2-PB1,317,3,2,0,4259,4264,C
2-PB1,318,4250,1,0,1,4252,A
2-PB1,319,1,4258,1,1,4261,T
2-PB1,320,3,0,4268,0,4271,G
2-PB1,321,0,1,1,4349,4351,C
2-PB1,322,1,2,0,4337,4340,C
2-PB1,323,3,4324,0,6,4333,T
2-PB1,324,1,4309,0,2,4312,T
2-PB1,325,0,0,4325,0,4325,G
2-PB1,326,4342,1,1,0,4344,A
2-PB1,327,4351,0,2,0,4353,A
2-PB1,328,4348,0,2,0,4350,A
2-PB1,329,1,0,0,4382,4383,C
2-PB1,330,4286,2,0,0,4288,A
2-PB1,331,4313,0,1,0,4314,A
2-PB1,332,1,4314,0,1,4316,T
2-PB1,333,1,2,4310,0,4313,G
2-PB1,334,0,1,4305,0,4306,G
2-PB1,335,4264,1,2,0,4267,A
2-PB1,336,4260,0,4,0,4264,A
2-PB1,337,0,0,4264,0,4264,G
2-PB1,338,1,0,0,4276,4277,C
2-PB1,339,1,1,1,4239,4242,C
2-PB1,340,1,0,4269,1,4271,G
2-PB1,341,3,4253,0,1,4257,T
2-PB1,342,1,4269,0,1,4271,T
2-PB1,343,2,0,0,4305,4307,C
2-PB1,344,4310,1,0,0,4311,A
2-PB1,345,4369,0,3,0,4372,A
2-PB1,346,1,0,1,4380,4382,C
2-PB1,347,4372,0,3,0,4375,A
2-PB1,348,0,1,4417,0,4418,G
2-PB1,349,4358,0,5,0,4363,A
2-PB1,350,1,2,0,4364,4367,C
2-PB1,351,4358,2,3,0,4363,A
2-PB1,352,4366,0,2,2,4370,A
2-PB1,353,1,3,4433,0,4437,G
2-PB1,354,0,0,4380,0,4380,G
2-PB1,355,3,1,4394,1,4399,G
2-PB1,356,1,4322,0,1,4324,T
2-PB1,357,3,4,4319,0,4326,G
2-PB1,358,0,0,4333,0,4333,G
2-PB1,359,4326,1,11,0,4338,A
2-PB1,360,0,0,0,4339,4339,C
2-PB1,361,4266,2,1,0,4269,A
2-PB1,362,4309,1,0,0,4310,A
2-PB1,363,4293,3,2,0,4298,A
2-PB1,364,1,2,0,4295,4298,C
2-PB1,365,1,4285,1,0,4287,T
2-PB1,366,4258,0,2,0,4260,A
2-PB1,367,4280,0,2,0,4282,A
2-PB1,368,0,0,0,4293,4293,C
2-PB1,369,2,0,0,4277,4279,C
2-PB1,370,2,1,0,4282,4285,C
2-PB1,371,4164,0,1,0,4165,A
2-PB1,372,4160,0,1,1,4162,A
2-PB1,373,0,2,4153,0,4155,G
2-PB1,374,0,0,4168,0,4168,G
2-PB1,375,0,4151,0,2,4153,T
2-PB1,376,1,1,0,4118,4120,C
2-PB1,377,4,1,4115,1,4121,G
2-PB1,378,1,3,0,4112,4116,C
2-PB1,379,1,2,1,4130,4134,C
2-PB1,380,4126,1,3,0,4130,A
2-PB1,381,0,1,4186,0,4187,G
2-PB1,382,4235,1,0,0,4236,A
2-PB1,383,0,1,0,4243,4244,C
2-PB1,384,0,4211,0,3,4214,T
2-PB1,385,0,4204,0,3,4207,T
2-PB1,386,4207,0,2,0,4209,A
2-PB1,387,2,4225,0,0,4227,T
2-PB1,388,0,1,4225,0,4226,G
2-PB1,389,4232,0,0,0,4232,A
2-PB1,390,1,4141,0,0,4142,T
2-PB1,391,0,4045,0,0,4045,T
2-PB1,392,3,3,4015,0,4021,G
2-PB1,393,1,3,4016,0,4020,G
2-PB1,394,4054,2,6,1,4063,A
2-PB1,395,2,1,0,4061,4064,C
2-PB1,396,4010,1,0,0,4011,A
2-PB1,397,0,3995,0,1,3996,T
2-PB1,398,1,4027,1,0,4029,T
2-PB1,399,4048,1,0,1,4050,A
2-PB1,400,4038,1,1,1,4041,A
2-PB1,401,4055,1,2,0,4058,A
2-PB1,402,3,0,0,4062,4065,C
2-PB1,403,4003,1,0,0,4004,A
2-PB1,404,0,0,4028,0,4028,G
2-PB1,405,4001,1,1,0,4003,A
2-PB1,406,4009,0,3,1,4013,A
2-PB1,407,4006,2,1,2,4011,A
2-PB1,408,0,3960,0,0,3960,T
2-PB1,409,3,1,1,3972,3977,C
2-PB1,410,3969,1,1,0,3971,A
2-PB1,411,3981,1,0,0,3982,A
2-PB1,412,1,2,0,3967,3970,C
2-PB1,413,3,0,0,3953,3956,C
2-PB1,414,0,0,3964,0,3964,G
2-PB1,415,1,0,3967,0,3968,G
2-PB1,416,0,1,1,3978,3980,C
2-PB1,417,3970,1,3,0,3974,A
2-PB1,418,0,0,3966,0,3966,G
2-PB1,419,1,0,1,3999,4001,C
2-PB1,420,3999,0,1,0,4000,A
2-PB1,421,4006,0,2,1,4009,A
2-PB1,422,0,1,0,4018,4019,C
2-PB1,423,0,3987,0,2,3989,T
2-PB1,424,3,2,4128,0,4133,G
2-PB1,425,0,2,0,4126,4128,C
2-PB1,426,4123,7,0,0,4130,A
2-PB1,427,0,4137,1,1,4139,T
2-PB1,428,0,4067,0,0,4067,T
2-PB1,429,4306,1,2,6,4315,A
2-PB1,430,1,0,4316,0,4317,G
2-PB1,431,0,1,0,4309,4310,C
2-PB1,432,0,0,0,4311,4311,C
2-PB1,433,4144,1,3,0,4148,A
2-PB1,434,4163,0,1,0,4164,A
2-PB1,435,0,0,0,4181,4181,C
2-PB1,436,4178,0,0,0,4178,A
2-PB1,437,2,1,0,4275,4278,C
2-PB1,438,2,1,0,3926,3929,C
2-PB1,439,3920,0,1,0,3921,A
2-PB1,440,0,3915,0,2,3917,T
2-PB1,441,3927,0,0,0,3927,A
2-PB1,442,2,1,3922,0,3925,G
2-PB1,443,3891,0,2,0,3893,A
2-PB1,444,3870,0,1,0,3871,A
2-PB1,445,0,0,3897,0,3897,G
2-PB1,446,1,3780,1,0,3782,T
2-PB1,447,0,3770,1,2,3773,T
2-PB1,448,1,3772,0,2,3775,T
2-PB1,449,0,3786,2,0,3788,T
2-PB1,450,0,3778,0,3,3781,T
2-PB1,451,3778,1,2,0,3781,A
2-PB1,452,2,0,3779,0,3781,G
2-PB1,453,3769,0,1,1,3771,A
2-PB1,454,1,3758,0,1,3760,T
2-PB1,455,0,0,0,3694,3694,C
2-PB1,456,1,0,3690,0,3691,G
2-PB1,457,3695,0,2,0,3697,A
2-PB1,458,3701,0,0,1,3702,A
2-PB1,459,0,0,0,3718,3718,C
2-PB1,460,3,1,3710,0,3714,G
2-PB1,461,1,1,3887,0,3889,G
2-PB1,462,3891,0,2,0,3893,A
2-PB1,463,0,3879,0,0,3879,T
2-PB1,464,1,3888,0,0,3889,T
2-PB1,465,3881,1,7,2,3891,A
2-PB1,466,3890,0,0,0,3890,A
2-PB1,467,1,0,0,3912,3913,C
2-PB1,468,3869,1,0,0,3870,A
2-PB1,469,0,0,3903,0,3903,G
2-PB1,470,2,1,1,3703,3707,C
2-PB1,471,0,3722,0,0,3722,T
2-PB1,472,3723,0,0,0,3723,A
2-PB1,473,3725,0,0,0,3725,A
2-PB1,474,0,3717,0,2,3719,T
2-PB1,475,0,1,3752,0,3753,G
2-PB1,476,3738,0,0,1,3739,A
2-PB1,477,3742,1,1,0,3744,A
2-PB1,478,2,3666,0,1,3669,T
2-PB1,479,4,0,0,3675,3679,C
2-PB1,480,3672,2,0,0,3674,A
2-PB1,481,0,1,3671,0,3672,G
2-PB1,482,0,1,3669,0,3670,G
2-PB1,483,3656,3,1,0,3660,A
2-PB1,484,3588,2,1,0,3591,A
2-PB1,485,1,0,3698,1,3700,G
2-PB1,486,0,0,3718,0,3718,G
2-PB1,487,0,0,0,3715,3715,C
2-PB1,488,1,3705,0,0,3706,T
2-PB1,489,3708,0,1,0,3709,A
2-PB1,490,3714,0,0,0,3714,A
2-PB1,491,0,3711,0,0,3711,T
2-PB1,492,3714,0,0,0,3714,A
2-PB1,493,1,2,3726,0,3729,G
2-PB1,494,3521,0,0,0,3521,A
2-PB1,495,0,3488,0,1,3489,T
2-PB1,496,0,3478,1,2,3481,T
2-PB1,497,0,3488,0,0,3488,T
2-PB1,498,0,1,0,3593,3594,C
2-PB1,499,0,1,0,3594,3595,C
2-PB1,500,0,3579,2,7,3588,T
2-PB1,501,2,1,0,3603,3606,C
2-PB1,502,3600,0,1,1,3602,A
2-PB1,503,3612,0,0,1,3613,A
2-PB1,504,0,1,3619,0,3620,G
2-PB1,505,1,0,3666,0,3667,G
2-PB1,506,3662,0,0,1,3663,A
2-PB1,507,1,3547,0,1,3549,T
2-PB1,508,0,0,3583,0,3583,G
2-PB1,509,0,3577,0,4,3581,T
2-PB1,510,0,0,3611,1,3612,G
2-PB1,511,3612,0,2,0,3614,A
2-PB1,512,0,3592,0,1,3593,T
2-PB1,513,2,1,3575,0,3578,G
2-PB1,514,2,0,3561,1,3564,G
2-PB1,515,3561,1,4,0,3566,A
2-PB1,516,3572,0,0,0,3572,A
2-PB1,517,0,3528,0,0,3528,T
2-PB1,518,2,0,0,3524,3526,C
2-PB1,519,3476,1,1,0,3478,A
2-PB1,520,3482,0,1,0,3483,A
2-PB1,521,1,3480,1,1,3483,T
2-PB1,522,0,1,3523,0,3524,G
2-PB1,523,0,1,3545,1,3547,G
2-PB1,524,3538,1,1,0,3540,A
2-PB1,525,4,3532,1,0,3537,T
2-PB1,526,3530,0,0,0,3530,A
2-PB1,527,3521,1,1,0,3523,A
2-PB1,528,3522,1,3,0,3526,A
2-PB1,529,0,2,3558,0,3560,G
2-PB1,530,3524,2,3,0,3529,A
2-PB1,531,0,2,3503,0,3505,G
2-PB1,532,1,0,3480,0,3481,G
2-PB1,533,3468,0,2,0,3470,A
2-PB1,534,3472,0,0,0,3472,A
2-PB1,535,3467,0,0,1,3468,A
2-PB1,536,0,3463,0,0,3463,T
2-PB1,537,0,0,3507,0,3507,G
2-PB1,538,0,2,3499,2,3503,G
2-PB1,539,3471,0,2,0,3473,A
2-PB1,540,1,2,3497,0,3500,G
2-PB1,541,3449,0,2,0,3451,A
2-PB1,542,0,3513,0,0,3513,T
2-PB1,543,3508,0,0,0,3508,A
2-PB1,544,3549,0,1,0,3550,A
2-PB1,545,0,0,0,3567,3567,C
2-PB1,546,3514,0,0,0,3514,A
2-PB1,547,3526,1,0,0,3527,A
2-PB1,548,0,2,0,3523,3525,C
2-PB1,549,3498,0,2,1,3501,A
2-PB1,550,1,0,0,3497,3498,C
2-PB1,551,3441,1,2,0,3444,A
2-PB1,552,0,1,0,3461,3462,C
2-PB1,553,0,3422,0,2,3424,T
2-PB1,554,0,3401,0,0,3401,T
2-PB1,555,0,3412,0,0,3412,T
2-PB1,556,0,2,0,3412,3414,C
2-PB1,557,3416,1,1,0,3418,A
2-PB1,558,3413,1,4,0,3418,A
2-PB1,559,3430,1,0,1,3432,A
2-PB1,560,1,2,3466,0,3469,G
2-PB1,561,3438,1,0,0,3439,A
2-PB1,562,3448,1,0,0,3449,A
2-PB1,563,3444,0,1,0,3445,A
2-PB1,564,3445,1,1,1,3448,A
2-PB1,565,3446,0,1,0,3447,A
2-PB1,566,0,0,3460,0,3460,G
2-PB1,567,0,1,3467,0,3468,G
2-PB1,568,3423,1,2,0,3426,A
2-PB1,569,0,2,3476,0,3478,G
2-PB1,570,3460,2,1,1,3464,A
2-PB1,571,0,0,3568,1,3569,G
2-PB1,572,0,3569,0,1,3570,T
2-PB1,573,3560,1,1,1,3563,A
2-PB1,574,3547,0,11,0,3558,A
2-PB1,575,2,2,3551,1,3556,G
2-PB1,576,3460,2,1,0,3463,A
2-PB1,577,0,0,3518,0,3518,G
2-PB1,578,3520,2,1,0,3523,A
2-PB1,579,0,0,0,3552,3552,C
2-PB1,580,3441,0,1,1,3443,A
2-PB1,581,3451,0,1,1,3453,A
2-PB1,582,0,0,0,3448,3448,C
2-PB1,583,3428,1,2,0,3431,A
2-PB1,584,0,3388,0,1,3389,T
2-PB1,585,0,4,3397,0,3401,G
2-PB1,586,3414,1,4,0,3419,A
2-PB1,587,0,1,0,3409,3410,C
2-PB1,588,2,0,1,3358,3361,C
2-PB1,589,3358,0,2,0,3360,A
2-PB1,590,3367,0,1,0,3368,A
2-PB1,591,0,0,3388,0,3388,G
2-PB1,592,3386,0,0,0,3386,A
2-PB1,593,3389,0,0,0,3389,A
2-PB1,594,3361,0,0,0,3361,A
2-PB1,595,3362,0,1,0,3363,A
2-PB1,596,0,3368,0,0,3368,T
2-PB1,597,1,0,3370,0,3371,G
2-PB1,598,1,1,3378,0,3380,G
2-PB1,599,0,3349,0,4,3353,T
2-PB1,600,3,2,1,3325,3331,C
2-PB1,601,3361,0,1,0,3362,A
2-PB1,602,2,1,0,3817,3820,C
2-PB1,603,3981,3,0,0,3984,A
2-PB1,604,0,0,0,4030,4030,C
2-PB1,605,4023,1,2,0,4026,A
2-PB1,606,4375,1,2,0,4378,A
2-PB1,607,4361,0,2,0,4363,A
2-PB1,608,0,2,4955,1,4958,G
2-PB1,609,4961,0,3,1,4965,A
2-PB1,610,5012,0,3,1,5016,A
2-PB1,611,3,1,0,5331,5335,C
2-PB1,612,5250,0,1,0,5251,A
2-PB1,613,5309,1,1,0,5311,A
2-PB1,614,0,5301,2,0,5303,T
2-PB1,615,5263,0,4,0,5267,A
2-PB1,616,1,3,5266,0,5270,G
2-PB1,617,1,1,5152,0,5154,G
2-PB1,618,2,0,5166,0,5168,G
2-PB1,619,5163,0,1,0,5164,A
2-PB1,620,5138,2,1,0,5141,A
2-PB1,621,0,3,5232,0,5235,G
2-PB1,622,5233,2,4,1,5240,A
2-PB1,623,5244,0,2,1,5247,A
2-PB1,624,5280,1,2,2,5285,A
2-PB1,625,5314,2,3,2,5321,A
2-PB1,626,5521,1,4,1,5527,A
2-PB1,627,5517,1,4,2,5524,A
2-PB1,628,0,2,0,5554,5556,C
2-PB1,629,5539,0,0,1,5540,A
2-PB1,630,5543,1,1,1,5546,A
2-PB1,631,5522,0,4,0,5526,A
2-PB1,632,0,0,5785,0,5785,G
2-PB1,633,5770,1,0,1,5772,A
2-PB1,634,0,0,6181,0,6181,G
2-PB1,635,0,6134,0,2,6136,T
2-PB1,636,0,3,7127,0,7130,G
2-PB1,637,7214,0,8,0,7222,A
2-PB1,638,7265,0,6,0,7271,A
2-PB1,639,3,7441,0,1,7445,T
2-PB1,640,7456,1,1,0,7458,A
2-PB1,641,7425,2,6,0,7433,A
2-PB1,642,0,1,7455,1,7457,G
2-PB1,643,7316,1,5,1,7323,A
2-PB1,644,0,5,7336,0,7341,G
2-PB1,645,0,5,7086,0,7091,G
2-PB1,646,2,1,7405,1,7409,G
2-PB1,647,6,1,7424,0,7431,G
2-PB1,648,1,2,0,7446,7449,C
2-PB1,649,1,7447,0,4,7452,T
2-PB1,650,7941,0,5,0,7946,A
2-PB1,651,0,1,0,8632,8633,C
2-PB1,652,2,1,0,8651,8654,C
2-PB1,653,4,8733,0,3,8740,T
2-PB1,654,9139,1,3,0,9143,A
2-PB1,655,9135,1,2,0,9138,A
2-PB1,656,1,9148,0,3,9152,T
2-PB1,657,9144,1,2,0,9147,A
2-PB1,658,9124,0,5,0,9129,A
2-PB1,659,1,4,9145,1,9151,G
2-PB1,660,8974,0,6,0,8980,A
2-PB1,661,1,0,9080,1,9082,G
2-PB1,662,1,1,0,9140,9142,C
2-PB1,663,0,9047,0,2,9049,T
2-PB1,664,2,9070,0,4,9076,T
2-PB1,665,1,9101,0,1,9103,T
2-PB1,666,1,0,9105,1,9107,G
2-PB1,667,9274,0,6,0,9280,A
2-PB1,668,1,1,0,9316,9318,C
2-PB1,669,9332,0,1,2,9335,A
2-PB1,670,1,9318,0,0,9319,T
2-PB1,671,3,9299,1,3,9306,T
2-PB1,672,4,1,9561,0,9566,G
2-PB1,673,9545,3,10,1,9559,A
2-PB1,674,9564,2,11,2,9579,A
2-PB1,675,1,3,0,9597,9601,C
2-PB1,676,9569,0,3,0,9572,A
2-PB1,677,2,1,0,9585,9588,C
2-PB1,678,2,3,9556,0,9561,G
2-PB1,679,9594,0,12,1,9607,A
2-PB1,680,1,9612,0,1,9614,T
2-PB1,681,3,6,9854,0,9863,G
2-PB1,682,9879,1,8,0,9888,A
2-PB1,683,2,2,0,9914,9918,C
2-PB1,684,4,1,1,9917,9923,C
2-PB1,685,9928,2,3,0,9933,A
2-PB1,686,10103,1,7,0,10111,A
2-PB1,687,10118,4,7,1,10130,A
2-PB1,688,1,1,10419,0,10421,G
2-PB1,689,10542,1,5,2,10550,A
2-PB1,690,1,10515,1,7,10524,T
2-PB1,691,1,2,10561,0,10564,G
2-PB1,692,5,4,0,10537,10546,C
2-PB1,693,10538,2,13,1,10554,A
2-PB1,694,1,6,10629,1,10637,G
2-PB1,695,10564,2,3,0,10569,A
2-PB1,696,1,4,10598,1,10604,G
2-PB1,697,10422,1,5,0,10428,A
2-PB1,698,1,3,10398,2,10404,G
2-PB1,699,10309,1,17,0,10327,A
2-PB1,700,0,2,10362,2,10366,G
2-PB1,701,3,2,10340,1,10346,G
2-PB1,702,2,5,1,10349,10357,C
2-PB1,703,10320,0,2,2,10324,A
2-PB1,704,10338,2,8,1,10349,A
2-PB1,705,10409,1,14,3,10427,A
2-PB1,706,1,10467,0,4,10472,T
2-PB1,707,3,10464,0,8,10475,T
2-PB1,708,10481,8,2,1,10492,A
2-PB1,709,10464,0,4,3,10471,A
2-PB1,710,10518,1,1,0,10520,A
2-PB1,711,10553,0,6,0,10559,A
2-PB1,712,10551,4,2,0,10557,A
2-PB1,713,0,2,10578,0,10580,G
2-PB1,714,10511,2,3,1,10517,A
2-PB1,715,10486,1,2,0,10489,A
2-PB1,716,2,9,10646,6,10663,G
2-PB1,717,2,7,10936,2,10947,G
2-PB1,718,1,5,10956,2,10964,G
2-PB1,719,1,3,0,11095,11099,C
2-PB1,720,0,11095,0,2,11097,T
2-PB1,721,11192,1,2,1,11196,A
2-PB1,722,3,11397,2,9,11411,T
2-PB1,723,30,11402,1,4,11437,T
2-PB1,724,1,2,11453,1,11457,G
2-PB1,725,3,7,1,11405,11416,C
2-PB1,726,11224,1,6,2,11233,A
2-PB1,727,11246,5,8,0,11259,A
2-PB1,728,1,2,0,11270,11273,C
2-PB1,729,11278,3,4,0,11285,A
2-PB1,730,0,3,1,11297,11301,C
2-PB1,731,1,2,0,11135,11138,C
2-PB1,732,7,2,0,11154,11163,C
2-PB1,733,1,14,11128,1,11144,G
2-PB1,734,1,2,11185,1,11189,G
2-PB1,735,2,2,11194,0,11198,G
2-PB1,736,11275,1,4,2,11282,A
2-PB1,737,0,11229,0,3,11232,T
2-PB1,738,2,7,11277,0,11286,G
2-PB1,739,3,2,2,11260,11267,C
2-PB1,740,11434,1,5,0,11440,A
2-PB1,741,11659,3,2,1,11665,A
2-PB1,742,11794,1,4,1,11800,A
2-PB1,743,0,11824,1,3,11828,T
2-PB1,744,0,11834,0,4,11838,T
2-PB1,745,11795,0,3,0,11798,A
2-PB1,746,0,0,11796,0,11796,G
2-PB1,747,11723,2,12,0,11737,A
2-PB1,748,3,16,11791,0,11810,G
2-PB1,749,0,8,11681,0,11689,G
2-PB1,750,1,3,12032,1,12037,G
2-PB1,751,3,12075,0,8,12086,T
2-PB1,752,1,12074,0,4,12079,T
2-PB1,753,2,0,1,12155,12158,C
2-PB1,754,9,1,12323,1,12334,G
2-PB1,755,4,12324,0,7,12335,T
2-PB1,756,3,2,12345,0,12350,G
2-PB1,757,1,12331,0,4,12336,T
2-PB1,758,12292,1,1,0,12294,A
2-PB1,759,0,2,0,12277,12279,C
2-PB1,760,3,11853,1,10,11867,T
2-PB1,761,1,11910,0,6,11917,T
2-PB1,762,1,2,0,11882,11885,C
2-PB1,763,2,1,11847,1,11851,G
2-PB1,764,2,11824,0,6,11832,T
2-PB1,765,2,11815,1,10,11828,T
2-PB1,766,2,6,11823,2,11833,G
2-PB1,767,11789,1,3,3,11796,A
2-PB1,768,11808,0,7,2,11817,A
2-PB1,769,11921,3,11,1,11936,A
2-PB1,770,0,1,0,11985,11986,C
2-PB1,771,0,11895,1,7,11903,T
2-PB1,772,1,11868,0,2,11871,T
2-PB1,773,1,11885,0,4,11890,T
2-PB1,774,12109,0,7,1,12117,A
2-PB1,775,1,2,12145,0,12148,G
2-PB1,776,0,0,0,12181,12181,C
2-PB1,777,1,12173,0,5,12179,T
2-PB1,778,12074,3,4,1,12082,A
2-PB1,779,2,2,12055,0,12059,G
2-PB1,780,12062,2,6,1,12071,A
2-PB1,781,12069,0,11,2,12082,A
2-PB1,782,2,3,12105,0,12110,G
2-PB1,783,1,6,106,11884,11997,C
2-PB1,784,11990,0,0,0,11990,A
2-PB1,785,1,11954,1,2,11958,T
2-PB1,786,1,11952,1,2,11956,T
2-PB1,787,1,11967,0,6,11974,T
2-PB1,788,2,1,12002,0,12005,G
2-PB1,789,0,11,0,11990,12001,C
2-PB1,790,1,3,12004,0,12008,G
2-PB1,791,11974,2,6,2,11984,A
2-PB1,792,11936,1,3,3,11943,A
2-PB1,793,11946,0,6,2,11954,A
2-PB1,794,12411,0,7,1,12419,A
2-PB1,795,1,2,12571,1,12575,G
2-PB1,796,1,0,0,12585,12586,C
2-PB1,797,2,12578,3,5,12588,T
2-PB1,798,5,12582,1,5,12593,T
2-PB1,799,4,5,12618,0,12627,G
2-PB1,800,12610,2,9,1,12622,A
2-PB1,801,12602,3,17,1,12623,A
2-PB1,802,0,4,0,12661,12665,C
2-PB1,803,12384,1,4,1,12390,A
2-PB1,804,2,3,13582,0,13587,G
2-PB1,805,3,13520,0,4,13527,T
2-PB1,806,2,1,1,13538,13542,C
2-PB1,807,3,13525,0,13,13541,T
2-PB1,808,2,4,13567,0,13573,G
2-PB1,809,3,2,13597,1,13603,G
2-PB1,810,13612,0,8,0,13620,A
2-PB1,811,0,2,0,13681,13683,C
2-PB1,812,0,13395,1,12,13408,T
2-PB1,813,3,12896,0,8,12907,T
2-PB1,814,4,5,0,12872,12881,C
2-PB1,815,1,3,0,12872,12876,C
2-PB1,816,12791,1,7,0,12799,A
2-PB1,817,1,3,13013,0,13017,G
2-PB1,818,0,12959,2,3,12964,T
2-PB1,819,1,12971,1,4,12977,T
2-PB1,820,0,14,12912,0,12926,G
2-PB1,821,2,10,12950,0,12962,G
2-PB1,822,2,12,13016,0,13030,G
2-PB1,823,2,11,12994,3,13010,G
2-PB1,824,1,2,13076,1,13080,G
2-PB1,825,1,13018,0,2,13021,T
2-PB1,826,13036,0,2,0,13038,A
2-PB1,827,13108,1,7,1,13117,A
2-PB1,828,3,13137,0,1,13141,T
2-PB1,829,6,2,13160,1,13169,G
2-PB1,830,13089,1,4,1,13095,A
2-PB1,831,12996,0,7,2,13005,A
2-PB1,832,13026,1,6,0,13033,A
2-PB1,833,12970,1,8,1,12980,A
2-PB1,834,0,2,13003,0,13005,G
2-PB1,835,12902,1,5,0,12908,A
2-PB1,836,12820,2,14,1,12837,A
2-PB1,837,4,4,12894,2,12904,G
2-PB1,838,2,2,12874,1,12879,G
2-PB1,839,4,1,1,12849,12855,C
2-PB1,840,2,3,0,12844,12849,C
2-PB1,841,12881,1,3,0,12885,A
2-PB1,842,12873,0,3,1,12877,A
2-PB1,843,12882,0,11,3,12896,A
2-PB1,844,1,0,0,12890,12891,C
2-PB1,845,1,12895,1,3,12900,T
2-PB1,846,7,3,13101,1,13112,G
2-PB1,847,4,1,13101,1,13107,G
2-PB1,848,2,3,0,13108,13113,C
2-PB1,849,13135,3,4,0,13142,A
2-PB1,850,13127,0,3,1,13131,A
2-PB1,851,13127,1,1,1,13130,A
2-PB1,852,3,13147,0,1,13151,T
2-PB1,853,4,1,13163,0,13168,G
2-PB1,854,2,13121,0,3,13126,T
2-PB1,855,3,12881,2,3,12889,T
2-PB1,856,2,2,12902,0,12906,G
2-PB1,857,4,12858,1,13,12876,T
2-PB1,858,5,6,12885,1,12897,G
2-PB1,859,12893,1,3,0,12897,A
2-PB1,860,1,3,12941,0,12945,G
2-PB1,861,12922,1,6,1,12930,A
2-PB1,862,12880,0,3,0,12883,A
2-PB1,863,12897,0,2,0,12899,A
2-PB1,864,12917,4,2,0,12923,A
2-PB1,865,12938,2,13,1,12954,A
2-PB1,866,0,12925,0,2,12927,T
2-PB1,867,2,3,12919,0,12924,G
2-PB1,868,12915,1,5,0,12921,A
2-PB1,869,6,12797,0,6,12809,T
2-PB1,870,3,6,12905,0,12914,G
2-PB1,871,12902,2,10,1,12915,A
2-PB1,872,0,3,0,13016,13019,C
2-PB1,873,2,12960,3,4,12969,T
2-PB1,874,12958,0,2,1,12961,A
2-PB1,875,13088,0,5,0,13093,A
2-PB1,876,1,13065,3,1,13070,T
2-PB1,877,1,13176,2,5,13184,T
2-PB1,878,6,0,1,13259,13266,C
2-PB1,879,13227,1,15,1,13244,A
2-PB1,880,3,5,0,13261,13269,C
2-PB1,881,13153,2,9,1,13165,A
2-PB1,882,13149,1,29,2,13181,A
2-PB1,883,1,6,13216,1,13224,G
2-PB1,884,13416,4,12,1,13433,A
2-PB1,885,4,4,0,13435,13443,C
2-PB1,886,13292,2,10,2,13306,A
2-PB1,887,1,3,0,13294,13298,C
2-PB1,888,13198,0,6,1,13205,A
2-PB1,889,5,1,13290,1,13297,G
2-PB1,890,13220,2,13,1,13236,A
2-PB1,891,3,2,13288,0,13293,G
2-PB1,892,1,4,0,13219,13224,C
2-PB1,893,2,12902,2,15,12921,T
2-PB1,894,2,13081,3,5,13091,T
2-PB1,895,2,13082,2,6,13092,T
2-PB1,896,2,3,0,13153,13158,C
2-PB1,897,2,13125,3,11,13141,T
2-PB1,898,0,13084,0,2,13086,T
2-PB1,899,5,13067,0,7,13079,T
2-PB1,900,1,2,1,13103,13107,C
2-PB1,901,13101,4,5,1,13111,A
2-PB1,902,1,1,0,13173,13175,C
2-PB1,903,13001,1,4,1,13007,A
2-PB1,904,13081,1,1,2,13085,A
2-PB1,905,0,13229,0,4,13233,T
2-PB1,906,7,4,0,13433,13444,C
2-PB1,907,13535,1,7,0,13543,A
2-PB1,908,2,0,0,13593,13595,C
2-PB1,909,1,13496,1,8,13506,T
2-PB1,910,2,7,13577,1,13587,G
2-PB1,911,0,13,13538,1,13552,G
2-PB1,912,3,5,13974,1,13983,G
2-PB1,913,3,4,13975,1,13983,G
2-PB1,914,13762,1,13,1,13777,A
2-PB1,915,9,11,0,13322,13342,C
2-PB1,916,13479,3,23,0,13505,A
2-PB1,917,14365,4,10,1,14380,A
2-PB1,918,0,2,0,14516,14518,C
2-PB1,919,14527,2,5,0,14534,A
2-PB1,920,1,1,1,14504,14507,C
2-PB1,921,2,13970,0,5,13977,T
2-PB1,922,14038,2,2,1,14043,A
2-PB1,923,14020,0,6,2,14028,A
2-PB1,924,3,3,14129,2,14137,G
2-PB1,925,2,14047,0,3,14052,T
2-PB1,926,3,8,13188,1,13200,G
2-PB1,927,1,5,13108,0,13114,G
2-PB1,928,13066,0,4,0,13070,A
2-PB1,929,13087,2,4,1,13094,A
2-PB1,930,3,13084,0,2,13089,T
2-PB1,931,1,5,13056,1,13063,G
2-PB1,932,13053,3,4,1,13061,A
2-PB1,933,12912,0,7,3,12922,A
2-PB1,934,12983,1,6,1,12991,A
2-PB1,935,13028,1,3,0,13032,A
2-PB1,936,4,12986,0,2,12992,T
2-PB1,937,5,3,0,12984,12992,C
2-PB1,938,12997,3,2,3,13005,A
2-PB1,939,12985,0,3,2,12990,A
2-PB1,940,12968,2,1,1,12972,A
2-PB1,941,12990,2,6,1,12999,A
2-PB1,942,5,2,1,13021,13029,C
2-PB1,943,10,1,0,12943,12954,C
2-PB1,944,10,1,0,12928,12939,C
2-PB1,945,3,12902,1,10,12916,T
2-PB1,946,5,3,1,12948,12957,C
2-PB1,947,5,3,12957,1,12966,G
2-PB1,948,12967,1,2,0,12970,A
2-PB1,949,12950,2,5,0,12957,A
2-PB1,950,2,12955,0,0,12957,T
2-PB1,951,3,0,13011,1,13015,G
2-PB1,952,3,12942,3,6,12954,T
2-PB1,953,6,12885,5,6,12902,T
2-PB1,954,1,12917,0,2,12920,T
2-PB1,955,1,12919,0,2,12922,T
2-PB1,956,2,12925,0,2,12929,T
2-PB1,957,0,3,12917,1,12921,G
2-PB1,958,4,2,12892,0,12898,G
2-PB1,959,1,5,2,12896,12904,C
2-PB1,960,3,2,12842,1,12848,G
2-PB1,961,12847,4,5,0,12856,A
2-PB1,962,2,13324,0,2,13328,T
2-PB1,963,1,4,13800,1,13806,G
2-PB1,964,14529,5,2,1,14537,A
2-PB1,965,2,14596,0,3,14601,T
2-PB1,966,2,14620,2,2,14626,T
2-PB1,967,14694,2,10,1,14707,A
2-PB1,968,3,4,0,14712,14719,C
2-PB1,969,14779,1,13,1,14794,A
2-PB1,970,3,14760,2,5,14770,T
2-PB1,971,14086,2,4,1,14093,A
2-PB1,972,2,3,0,14221,14226,C
2-PB1,973,13062,3,1,1,13067,A
2-PB1,974,1,13049,0,4,13054,T
2-PB1,975,3,2,0,13050,13055,C
2-PB1,976,13004,0,1,0,13005,A
2-PB1,977,0,3,0,13036,13039,C
2-PB1,978,12965,1,3,0,12969,A
2-PB1,979,12959,0,4,2,12965,A
2-PB1,980,12928,0,20,1,12949,A
2-PB1,981,2,2,12642,0,12646,G
2-PB1,982,13212,6,2,1,13221,A
2-PB1,983,13249,1,3,2,13255,A
2-PB1,984,0,13256,0,2,13258,T
2-PB1,985,2,2,1,13261,13266,C
2-PB1,986,13350,5,10,2,13367,A
2-PB1,987,13461,2,3,2,13468,A
2-PB1,988,0,3,2,13480,13485,C
2-PB1,989,2,1,1,13484,13488,C
2-PB1,990,3,12964,1,8,12976,T
2-PB1,991,3,3,13092,1,13099,G
2-PB1,992,13040,0,7,2,13049,A
2-PB1,993,3,0,13073,0,13076,G
2-PB1,994,4,13012,0,4,13020,T
2-PB1,995,6,5,12790,1,12802,G
2-PB1,996,3,3,13679,0,13685,G
2-PB1,997,5,13620,0,10,13635,T
2-PB1,998,3,13629,0,10,13642,T
2-PB1,999,7,3,1,13651,13662,C
2-PB1,1000,13565,7,8,1,13581,A
2-PB1,1001,0,6,13866,0,13872,G
2-PB1,1002,13851,1,10,0,13862,A
2-PB1,1003,13870,3,4,0,13877,A
2-PB1,1004,13833,2,9,2,13846,A
2-PB1,1005,1,3,0,13014,13018,C
2-PB1,1006,13312,2,1,1,13316,A
2-PB1,1007,2,13279,0,9,13290,T
2-PB1,1008,2,4,0,13484,13490,C
2-PB1,1009,5,3,2,13492,13502,C
2-PB1,1010,1,13208,0,11,13220,T
2-PB1,1011,4,1,13273,1,13279,G
2-PB1,1012,13219,1,7,2,13229,A
2-PB1,1013,0,2,13355,0,13357,G
2-PB1,1014,2,3,1,13341,13347,C
2-PB1,1015,13035,3,4,2,13044,A
2-PB1,1016,2,13072,0,4,13078,T
2-PB1,1017,1,2,0,12957,12960,C
2-PB1,1018,6,1,12955,0,12962,G
2-PB1,1019,0,3,0,13342,13345,C
2-PB1,1020,13403,4,9,0,13416,A
2-PB1,1021,2,3,0,13833,13838,C
2-PB1,1022,3,0,0,13802,13805,C
2-PB1,1023,13823,4,4,2,13833,A
2-PB1,1024,13971,1,6,0,13978,A
2-PB1,1025,2,13982,0,2,13986,T
2-PB1,1026,13977,1,2,0,13980,A
2-PB1,1027,13949,5,5,1,13960,A
2-PB1,1028,3,13532,1,0,13536,T
2-PB1,1029,11,1,13567,1,13580,G
2-PB1,1030,2,13289,0,2,13293,T
2-PB1,1031,3,13179,0,13,13195,T
2-PB1,1032,3,1,0,13225,13229,C
2-PB1,1033,4,13162,1,5,13172,T
2-PB1,1034,7,3,0,13174,13184,C
2-PB1,1035,13185,0,2,0,13187,A
2-PB1,1036,13185,1,7,0,13193,A
2-PB1,1037,13167,2,32,1,13202,A
2-PB1,1038,2,3,1,13238,13244,C
2-PB1,1039,13215,3,2,0,13220,A
2-PB1,1040,13195,3,1,0,13199,A
2-PB1,1041,13166,2,2,1,13171,A
2-PB1,1042,13214,1,7,0,13222,A
2-PB1,1043,4,13375,0,3,13382,T
2-PB1,1044,2,4,13403,0,13409,G
2-PB1,1045,9,2,13362,3,13376,G
2-PB1,1046,0,4,2,13355,13361,C
2-PB1,1047,13367,2,11,1,13381,A
2-PB1,1048,13402,0,8,1,13411,A
2-PB1,1049,1,9,13500,0,13510,G
2-PB1,1050,13531,3,5,1,13540,A
2-PB1,1051,0,1,0,13542,13543,C
2-PB1,1052,2,13366,1,3,13372,T
2-PB1,1053,4,7,13531,2,13544,G
2-PB1,1054,6,8,13533,1,13548,G
2-PB1,1055,4,4,13597,1,13606,G
2-PB1,1056,13612,2,3,1,13618,A
2-PB1,1057,13591,0,4,0,13595,A
2-PB1,1058,13546,1,3,2,13552,A
2-PB1,1059,13497,1,16,0,13514,A
2-PB1,1060,2,6,13855,0,13863,G
2-PB1,1061,1,8,13838,1,13848,G
2-PB1,1062,13775,1,21,1,13798,A
2-PB1,1063,1,13711,1,7,13720,T
2-PB1,1064,13687,2,13,0,13702,A
2-PB1,1065,1,2,0,13722,13725,C
2-PB1,1066,13828,1,7,0,13836,A
2-PB1,1067,3,13784,1,4,13792,T
2-PB1,1068,4,2,13914,0,13920,G
2-PB1,1069,2,13698,0,7,13707,T
2-PB1,1070,1,13691,0,4,13696,T
2-PB1,1071,6,7,0,13656,13669,C
2-PB1,1072,3,2,13681,0,13686,G
2-PB1,1073,13676,3,20,2,13701,A
2-PB1,1074,2,6,13958,0,13966,G
2-PB1,1075,13808,2,9,0,13819,A
2-PB1,1076,3,2,13938,0,13943,G
2-PB1,1077,2,13861,0,2,13865,T
2-PB1,1078,13826,0,2,0,13828,A
2-PB1,1079,13847,3,12,0,13862,A
2-PB1,1080,1,6,13906,0,13913,G
2-PB1,1081,13870,3,10,0,13883,A
2-PB1,1082,4,1,14060,0,14065,G
2-PB1,1083,13778,0,2,1,13781,A
2-PB1,1084,13851,1,7,1,13860,A
2-PB1,1085,2,13721,1,5,13729,T
2-PB1,1086,2,1,13701,2,13706,G
2-PB1,1087,13704,1,10,1,13716,A
2-PB1,1088,13634,1,10,0,13645,A
2-PB1,1089,2,0,13666,0,13668,G
2-PB1,1090,1,4,0,13621,13626,C
2-PB1,1091,2,13457,1,8,13468,T
2-PB1,1092,9,2,0,13526,13537,C
2-PB1,1093,4,6,1,13528,13539,C
2-PB1,1094,7,4,13573,1,13585,G
2-PB1,1095,4,2,13595,0,13601,G
2-PB1,1096,13621,1,18,0,13640,A
2-PB1,1097,1,0,0,13797,13798,C
2-PB1,1098,13780,2,1,0,13783,A
2-PB1,1099,0,1,0,13908,13909,C
2-PB1,1100,13888,1,9,0,13898,A
2-PB1,1101,13908,0,8,1,13917,A
2-PB1,1102,13886,3,5,1,13895,A
2-PB1,1103,0,13914,0,1,13915,T
2-PB1,1104,13943,2,4,0,13949,A
2-PB1,1105,2,1,0,13912,13915,C
2-PB1,1106,4,6,0,13798,13808,C
2-PB1,1107,6,13633,1,12,13652,T
2-PB1,1108,9,1,13719,0,13729,G
2-PB1,1109,2,5,1,13757,13765,C
2-PB1,1110,13746,0,5,0,13751,A
2-PB1,1111,2,4,13752,0,13758,G
2-PB1,1112,13698,1,4,1,13704,A
2-PB1,1113,13656,4,6,0,13666,A
2-PB1,1114,13727,2,4,0,13733,A
2-PB1,1115,0,13738,0,3,13741,T
2-PB1,1116,5,1,13756,0,13762,G
2-PB1,1117,0,1,0,13703,13704,C
2-PB1,1118,2,13690,0,8,13700,T
2-PB1,1119,13869,0,10,0,13879,A
2-PB1,1120,4,0,13867,1,13872,G
2-PB1,1121,3,1,0,13860,13864,C
2-PB1,1122,13851,0,4,2,13857,A
2-PB1,1123,13823,1,4,0,13828,A
2-PB1,1124,0,1,13777,0,13778,G
2-PB1,1125,3,2,0,13764,13769,C
2-PB1,1126,13585,4,3,0,13592,A
2-PB1,1127,9,13796,1,6,13812,T
2-PB1,1128,1,13809,0,6,13816,T
2-PB1,1129,2,3,14184,0,14189,G
2-PB1,1130,14300,1,7,0,14308,A
2-PB1,1131,6,4,2,14256,14268,C
2-PB1,1132,6,0,1,14298,14305,C
2-PB1,1133,4,14012,0,9,14025,T
2-PB1,1134,1,1,14235,0,14237,G
2-PB1,1135,14269,3,4,1,14277,A
2-PB1,1136,14269,3,8,1,14281,A
2-PB1,1137,1,1,14402,0,14404,G
2-PB1,1138,4,13965,1,5,13975,T
2-PB1,1139,14031,2,3,1,14037,A
2-PB1,1140,1,13943,0,2,13946,T
2-PB1,1141,3,13934,0,7,13944,T
2-PB1,1142,1,13943,1,5,13950,T
2-PB1,1143,3,1,2,13792,13798,C
2-PB1,1144,13797,2,5,0,13804,A
2-PB1,1145,13817,0,3,0,13820,A
2-PB1,1146,0,13632,1,6,13639,T
2-PB1,1147,3,2,13694,0,13699,G
2-PB1,1148,13616,2,1,0,13619,A
2-PB1,1149,13674,1,5,2,13682,A
2-PB1,1150,0,13620,3,6,13629,T
2-PB1,1151,3,2,1,13698,13704,C
2-PB1,1152,13700,1,5,1,13707,A
2-PB1,1153,13723,2,4,1,13730,A
2-PB1,1154,1,0,1,13705,13707,C
2-PB1,1155,13685,2,8,1,13696,A
2-PB1,1156,13650,1,5,0,13656,A
2-PB1,1157,1,5,13684,0,13690,G
2-PB1,1158,1,6,13738,0,13745,G
2-PB1,1159,13733,2,5,1,13741,A
2-PB1,1160,13695,3,16,0,13714,A
2-PB1,1161,35,3,13688,0,13726,G
2-PB1,1162,13682,4,6,1,13693,A
2-PB1,1163,13691,0,1,0,13692,A
2-PB1,1164,13677,1,4,3,13685,A
2-PB1,1165,13689,2,7,0,13698,A
2-PB1,1166,1,13624,0,2,13627,T
2-PB1,1167,3,13506,1,4,13514,T
2-PB1,1168,3,7,13518,0,13528,G
2-PB1,1169,13487,3,7,0,13497,A
2-PB1,1170,0,5,13542,0,13547,G
2-PB1,1171,13519,1,7,0,13527,A
2-PB1,1172,13623,1,4,1,13629,A
2-PB1,1173,13748,3,6,0,13757,A
2-PB1,1174,13800,6,1,1,13808,A
2-PB1,1175,0,13795,0,3,13798,T
2-PB1,1176,13795,0,0,1,13796,A
2-PB1,1177,13779,3,12,1,13795,A
2-PB1,1178,5,1,13831,0,13837,G
2-PB1,1179,4,2,13806,0,13812,G
2-PB1,1180,4,1,0,13766,13771,C
2-PB1,1181,3,3,0,13744,13750,C
2-PB1,1182,1,13667,1,13,13682,T
2-PB1,1183,5,3,3,15291,15302,C
2-PB1,1184,3,15500,1,10,15514,T
2-PB1,1185,4,15548,0,4,15556,T
2-PB1,1186,2,1,2,15794,15799,C
2-PB1,1187,1,15741,0,6,15748,T
2-PB1,1188,15786,0,4,0,15790,A
2-PB1,1189,15818,3,6,1,15828,A
2-PB1,1190,1,15804,0,1,15806,T
2-PB1,1191,15915,2,4,1,15922,A
2-PB1,1192,1,2,15621,0,15624,G
2-PB1,1193,14253,0,6,1,14260,A
2-PB1,1194,3,14243,0,9,14255,T
2-PB1,1195,2,2,14033,2,14039,G
2-PB1,1196,3,3,14226,2,14234,G
2-PB1,1197,1,5,0,14167,14173,C
2-PB1,1198,14222,1,3,0,14226,A
2-PB1,1199,0,2,0,14264,14266,C
2-PB1,1200,14064,0,10,0,14074,A
2-PB1,1201,3,0,14522,0,14525,G
2-PB1,1202,0,2,0,14482,14484,C
2-PB1,1203,14511,3,9,2,14525,A
2-PB1,1204,0,14861,0,9,14870,T
2-PB1,1205,1,5,0,14682,14688,C
2-PB1,1206,14839,0,2,1,14842,A
2-PB1,1207,3,14814,0,2,14819,T
2-PB1,1208,3,14715,0,2,14720,T
2-PB1,1209,2,7,14692,2,14703,G
2-PB1,1210,14204,1,16,2,14223,A
2-PB1,1211,0,4,14624,0,14628,G
2-PB1,1212,3,11,1,14588,14603,C
2-PB1,1213,12,1,0,14344,14357,C
2-PB1,1214,12,0,0,14509,14521,C
2-PB1,1215,2,14395,1,10,14408,T
2-PB1,1216,8,5,14750,1,14764,G
2-PB1,1217,2,5,14951,0,14958,G
2-PB1,1218,14939,1,12,1,14953,A
2-PB1,1219,15087,1,4,1,15093,A
2-PB1,1220,0,14580,0,5,14585,T
2-PB1,1221,4,0,14825,1,14830,G
2-PB1,1222,14954,3,14,0,14971,A
2-PB1,1223,4,14847,0,6,14857,T
2-PB1,1224,1,1,14885,1,14888,G
2-PB1,1225,14726,5,9,0,14740,A
2-PB1,1226,4,14540,0,5,14549,T
2-PB1,1227,6,8,14553,1,14568,G
2-PB1,1228,4,6,14687,1,14698,G
2-PB1,1229,7,7,14734,0,14748,G
2-PB1,1230,3,3,1,14579,14586,C
2-PB1,1231,14548,2,4,0,14554,A
2-PB1,1232,5,14551,0,2,14558,T
2-PB1,1233,1,2,14938,1,14942,G
2-PB1,1234,3,14910,1,27,14941,T
2-PB1,1235,6,14984,0,8,14998,T
2-PB1,1236,9,5,3,15005,15022,C
2-PB1,1237,14855,2,8,1,14866,A
2-PB1,1238,14873,4,10,0,14887,A
2-PB1,1239,0,4,0,14895,14899,C
2-PB1,1240,14935,1,3,0,14939,A
2-PB1,1241,1,14914,1,3,14919,T
2-PB1,1242,3,3,14922,1,14929,G
2-PB1,1243,2,3,0,14929,14934,C
2-PB1,1244,3,14905,0,14,14922,T
2-PB1,1245,14980,2,4,0,14986,A
2-PB1,1246,14956,1,3,0,14960,A
2-PB1,1247,0,2,15160,0,15162,G
2-PB1,1248,1,15140,0,1,15142,T
2-PB1,1249,15052,0,1,1,15054,A
2-PB1,1250,0,3,0,15096,15099,C
2-PB1,1251,3,9,14994,0,15006,G
2-PB1,1252,3,6,15665,0,15674,G
2-PB1,1253,1,15638,0,8,15647,T
2-PB1,1254,0,15558,2,2,15562,T
2-PB1,1255,1,15577,0,1,15579,T
2-PB1,1256,1,15506,2,5,15514,T
2-PB1,1257,15521,0,13,1,15535,A
2-PB1,1258,1,3,15528,0,15532,G
2-PB1,1259,4,9,15476,1,15490,G
2-PB1,1260,15088,2,55,0,15145,A
2-PB1,1261,2,2,15027,0,15031,G
2-PB1,1262,2,15138,1,6,15147,T
2-PB1,1263,1,2,1,15169,15173,C
2-PB1,1264,0,15172,1,5,15178,T
2-PB1,1265,2,8,0,15168,15178,C
2-PB1,1266,5,5,15175,3,15188,G
2-PB1,1267,15571,4,5,1,15581,A
2-PB1,1268,1,15584,0,4,15589,T
2-PB1,1269,15642,0,1,0,15643,A
2-PB1,1270,0,2,0,15637,15639,C
2-PB1,1271,3,15322,0,17,15342,T
2-PB1,1272,1,1,15357,0,15359,G
2-PB1,1273,15335,2,4,0,15341,A
2-PB1,1274,15495,4,2,0,15501,A
2-PB1,1275,4,15476,0,10,15490,T
2-PB1,1276,7,2,1,15204,15214,C
2-PB1,1277,4,15177,0,10,15191,T
2-PB1,1278,1,15146,1,0,15148,T
2-PB1,1279,5,11,15132,2,15150,G
2-PB1,1280,2,3,15172,1,15178,G
2-PB1,1281,15127,8,19,0,15154,A
2-PB1,1282,1,4,1,15185,15191,C
2-PB1,1283,14987,1,2,0,14990,A
2-PB1,1284,15052,2,5,1,15060,A
2-PB1,1285,15122,0,5,0,15127,A
2-PB1,1286,15122,2,23,1,15148,A
2-PB1,1287,1,2,15335,0,15338,G
2-PB1,1288,15329,2,6,0,15337,A
2-PB1,1289,15317,4,6,1,15328,A
2-PB1,1290,15349,1,7,3,15360,A
2-PB1,1291,3,15343,1,2,15349,T
2-PB1,1292,15351,2,9,1,15363,A
2-PB1,1293,1,1,0,15705,15707,C
2-PB1,1294,15580,4,11,1,15596,A
2-PB1,1295,0,1,2,15627,15630,C
2-PB1,1296,3,4,1,15459,15467,C
2-PB1,1297,15400,1,1,1,15403,A
2-PB1,1298,15542,2,6,1,15551,A
2-PB1,1299,2,3,15923,2,15930,G
2-PB1,1300,16079,5,16,1,16101,A
2-PB1,1301,4,5,0,16183,16192,C
2-PB1,1302,15837,2,9,1,15849,A
2-PB1,1303,16241,2,17,0,16260,A
2-PB1,1304,4,2,0,16283,16289,C
2-PB1,1305,16502,1,3,2,16508,A
2-PB1,1306,2,16567,0,4,16573,T
2-PB1,1307,16448,5,6,0,16459,A
2-PB1,1308,3,0,1,16696,16700,C
2-PB1,1309,1,16150,1,3,16155,T
2-PB1,1310,5,9,16284,1,16299,G
2-PB1,1311,415,0,15861,1,16277,G
2-PB1,1312,4,15904,1,13,15922,T
2-PB1,1313,2,13,15864,1,15880,G
2-PB1,1314,4,4,15691,0,15699,G
2-PB1,1315,2,3,15726,0,15731,G
2-PB1,1316,15703,2,7,2,15714,A
2-PB1,1317,1,15339,1,9,15350,T
2-PB1,1318,2,7,15345,0,15354,G
2-PB1,1319,3,3,15258,0,15264,G
2-PB1,1320,6,4,15348,1,15359,G
2-PB1,1321,2,4,0,15529,15535,C
2-PB1,1322,5,15463,1,14,15483,T
2-PB1,1323,5,1,0,15539,15545,C
2-PB1,1324,3,8,0,15495,15506,C
2-PB1,1325,15522,1,2,0,15525,A
2-PB1,1326,15532,1,3,1,15537,A
2-PB1,1327,0,15519,1,5,15525,T
2-PB1,1328,4,2,2,15393,15401,C
2-PB1,1329,5,3,2,15298,15308,C
2-PB1,1330,5,15261,1,11,15278,T
2-PB1,1331,2,1,0,15257,15260,C
2-PB1,1332,9,9,0,15192,15210,C
2-PB1,1333,3,4,15217,0,15224,G
2-PB1,1334,15200,2,7,0,15209,A
2-PB1,1335,1,6,0,15173,15180,C
2-PB1,1336,1,3,15165,0,15169,G
2-PB1,1337,15140,2,3,0,15145,A
2-PB1,1338,1,6,0,14999,15006,C
2-PB1,1339,4,15129,3,15,15151,T
2-PB1,1340,4,15139,1,9,15153,T
2-PB1,1341,3,15194,1,3,15201,T
2-PB1,1342,5,2,15217,0,15224,G
2-PB1,1343,1,10,0,15347,15358,C
2-PB1,1344,8,3,0,15360,15371,C
2-PB1,1345,15,3,2,15694,15714,C
2-PB1,1346,3,15475,3,15,15496,T
2-PB1,1347,4,1,2,16024,16031,C
2-PB1,1348,16091,3,2,0,16096,A
2-PB1,1349,1,16141,0,9,16151,T
2-PB1,1350,16129,1,5,0,16135,A
2-PB1,1351,1,0,16257,1,16259,G
2-PB1,1352,2,15937,2,6,15947,T
2-PB1,1353,1,0,16025,1,16027,G
2-PB1,1354,15482,3,2,1,15488,A
2-PB1,1355,15493,2,6,0,15501,A
2-PB1,1356,5,14813,2,5,14825,T
2-PB1,1357,528,1,14239,1,14769,G
2-PB1,1358,2,6,0,14858,14866,C
2-PB1,1359,14869,3,12,0,14884,A
2-PB1,1360,1,8,0,14863,14872,C
2-PB1,1361,3,4,1,14745,14753,C
2-PB1,1362,14617,0,1,2,14620,A
2-PB1,1363,14612,1,1,1,14615,A
2-PB1,1364,14572,2,3,2,14579,A
2-PB1,1365,1,14247,0,7,14255,T
2-PB1,1366,3,1,0,14677,14681,C
2-PB1,1367,14700,2,6,0,14708,A
2-PB1,1368,4,14687,1,5,14697,T
2-PB1,1369,44,3,14679,0,14726,G
2-PB1,1370,14693,4,39,1,14737,A
2-PB1,1371,2,9,14812,0,14823,G
2-PB1,1372,1,7,14771,1,14780,G
2-PB1,1373,9,3,14838,0,14850,G
2-PB1,1374,14753,2,7,2,14764,A
2-PB1,1375,14952,4,8,1,14965,A
2-PB1,1376,2,14986,1,3,14992,T
2-PB1,1377,15019,1,8,0,15028,A
2-PB1,1378,4,4,0,15021,15029,C
2-PB1,1379,15029,3,4,1,15037,A
2-PB1,1380,15018,2,9,0,15029,A
2-PB1,1381,4,1,14989,1,14995,G
2-PB1,1382,3,1,0,14886,14890,C
2-PB1,1383,14812,2,4,0,14818,A
2-PB1,1384,1,4,14850,1,14856,G
2-PB1,1385,8,4,14867,0,14879,G
2-PB1,1386,14786,2,16,0,14804,A
2-PB1,1387,0,49,14860,1,14910,G
2-PB1,1388,5,14639,0,8,14652,T
2-PB1,1389,1,5,14789,0,14795,G
2-PB1,1390,2,5,14836,0,14843,G
2-PB1,1391,14820,3,12,0,14835,A
2-PB1,1392,4,14827,0,1,14832,T
2-PB1,1393,14577,0,6,1,14584,A
2-PB1,1394,0,2,14681,1,14684,G
2-PB1,1395,14823,4,4,0,14831,A
2-PB1,1396,5,14792,0,1,14798,T
2-PB1,1397,3,14755,0,2,14760,T
2-PB1,1398,2,2,0,15053,15057,C
2-PB1,1399,3,14953,0,1,14957,T
2-PB1,1400,14953,6,5,3,14967,A
2-PB1,1401,0,6,0,14952,14958,C
2-PB1,1402,14655,2,12,1,14670,A
2-PB1,1403,2,5,14671,1,14679,G
2-PB1,1404,4,4,14407,0,14415,G
2-PB1,1405,14550,1,8,1,14560,A
2-PB1,1406,4,7,0,14500,14511,C
2-PB1,1407,4,1,0,14142,14147,C
2-PB1,1408,4,14042,0,20,14066,T
2-PB1,1409,4,0,14107,0,14111,G
2-PB1,1410,2,5,0,14072,14079,C
2-PB1,1411,14096,2,7,1,14106,A
2-PB1,1412,14141,3,7,2,14153,A
2-PB1,1413,3,2,14184,1,14190,G
2-PB1,1414,3,13931,1,8,13943,T
2-PB1,1415,1,13942,0,0,13943,T
2-PB1,1416,13759,1,0,2,13762,A
2-PB1,1417,1,2,13786,0,13789,G
2-PB1,1418,1,13721,0,4,13726,T
2-PB1,1419,2,5,13698,0,13705,G
2-PB1,1420,3,3,13669,0,13675,G
2-PB1,1421,6,1,13722,0,13729,G
2-PB1,1422,13655,4,13,0,13672,A
2-PB1,1423,13702,1,6,1,13710,A
2-PB1,1424,5,13670,0,0,13675,T
2-PB1,1425,0,0,0,13710,13710,C
2-PB1,1426,13691,0,3,0,13694,A
2-PB1,1427,13705,0,7,2,13714,A
2-PB1,1428,4,4,0,13695,13703,C
2-PB1,1429,13678,2,5,0,13685,A
2-PB1,1430,2,13350,0,3,13355,T
2-PB1,1431,1,8,13360,0,13369,G
2-PB1,1432,13363,3,14,1,13381,A
2-PB1,1433,3,1,13482,0,13486,G
2-PB1,1434,1,1,0,13406,13408,C
2-PB1,1435,13382,0,2,2,13386,A
2-PB1,1436,13375,3,3,0,13381,A
2-PB1,1437,13367,3,4,1,13375,A
2-PB1,1438,13439,1,4,1,13445,A
2-PB1,1439,13442,3,2,0,13447,A
2-PB1,1440,1,0,13440,1,13442,G
2-PB1,1441,13269,1,6,4,13280,A
2-PB1,1442,13131,0,10,0,13141,A
2-PB1,1443,1,1,13484,0,13486,G
2-PB1,1444,2,13458,0,6,13466,T
2-PB1,1445,3,3,0,13461,13467,C
2-PB1,1446,4,3,1,13483,13491,C
2-PB1,1447,1,13413,1,7,13422,T
2-PB1,1448,13593,0,2,0,13595,A
2-PB1,1449,4,13553,0,4,13561,T
2-PB1,1450,13567,0,2,0,13569,A
2-PB1,1451,1,13558,0,5,13564,T
2-PB1,1452,13091,0,0,1,13092,A
2-PB1,1453,13104,3,2,0,13109,A
2-PB1,1454,13058,2,2,1,13063,A
2-PB1,1455,1,13025,0,3,13029,T
2-PB1,1456,12909,1,4,2,12916,A
2-PB1,1457,12792,2,5,1,12800,A
2-PB1,1458,12843,1,6,1,12851,A
2-PB1,1459,12848,1,5,2,12856,A
2-PB1,1460,1,2,1,12869,12873,C
2-PB1,1461,12258,0,5,0,12263,A
2-PB1,1462,2,15,12236,1,12254,G
2-PB1,1463,1,10,12233,1,12245,G
2-PB1,1464,3,3,12241,1,12248,G
2-PB1,1465,12251,0,12,0,12263,A
2-PB1,1466,1,3,0,12255,12259,C
2-PB1,1467,12193,1,0,0,12194,A
2-PB1,1468,3,12241,0,2,12246,T
2-PB1,1469,1,12236,0,14,12251,T
2-PB1,1470,1,12260,0,5,12266,T
2-PB1,1471,2,0,12252,1,12255,G
2-PB1,1472,12165,1,7,0,12173,A
2-PB1,1473,12185,0,4,0,12189,A
2-PB1,1474,1,12178,0,8,12187,T
2-PB1,1475,0,11913,2,8,11923,T
2-PB1,1476,3,2,0,11957,11962,C
2-PB1,1477,11844,2,1,0,11847,A
2-PB1,1478,0,1,0,11829,11830,C
2-PB1,1479,2,11822,1,4,11829,T
2-PB1,1480,11826,1,1,0,11828,A
2-PB1,1481,2,3,11830,1,11836,G
2-PB1,1482,1,1,0,11844,11846,C
2-PB1,1483,2,11757,0,19,11778,T
2-PB1,1484,1,11833,0,5,11839,T
2-PB1,1485,0,11818,1,1,11820,T
2-PB1,1486,5,11823,1,4,11833,T
2-PB1,1487,1,11816,1,17,11835,T
2-PB1,1488,2,11854,0,2,11858,T
2-PB1,1489,0,11818,0,4,11822,T
2-PB1,1490,11797,0,1,1,11799,A
2-PB1,1491,3,11736,1,2,11742,T
2-PB1,1492,11548,0,2,2,11552,A
2-PB1,1493,2,1,11961,1,11965,G
2-PB1,1494,12053,1,2,0,12056,A
2-PB1,1495,2,12058,0,5,12065,T
2-PB1,1496,12084,0,3,0,12087,A
2-PB1,1497,1,12094,0,2,12097,T
2-PB1,1498,0,3,12085,0,12088,G
2-PB1,1499,3,2,12129,1,12135,G
2-PB1,1500,12140,0,3,1,12144,A
2-PB1,1501,1,12003,0,4,12008,T
2-PB1,1502,2,11539,0,2,11543,T
2-PB1,1503,0,11356,2,3,11361,T
2-PB1,1504,1,3,11369,0,11373,G
2-PB1,1505,2,11333,1,6,11342,T
2-PB1,1506,3,5,11320,2,11330,G
2-PB1,1507,7,1,11336,0,11344,G
2-PB1,1508,3,3,1,11249,11256,C
2-PB1,1509,2,11246,0,4,11252,T
2-PB1,1510,11266,1,1,0,11268,A
2-PB1,1511,11321,2,3,1,11327,A
2-PB1,1512,2,11362,0,2,11366,T
2-PB1,1513,1,11366,0,2,11369,T
2-PB1,1514,0,11368,1,0,11369,T
2-PB1,1515,0,11377,1,5,11383,T
2-PB1,1516,11367,3,4,0,11374,A
2-PB1,1517,4,3,11506,0,11513,G
2-PB1,1518,0,1,0,11499,11500,C
2-PB1,1519,11446,1,2,1,11450,A
2-PB1,1520,0,11301,1,4,11306,T
2-PB1,1521,122,1,11036,0,11159,G
2-PB1,1522,0,3,11268,0,11271,G
2-PB1,1523,11259,1,3,1,11264,A
2-PB1,1524,4,0,11277,0,11281,G
2-PB1,1525,1,1,0,11222,11224,C
2-PB1,1526,2,11000,0,6,11008,T
2-PB1,1527,3,0,11078,0,11081,G
2-PB1,1528,3,4,0,11050,11057,C
2-PB1,1529,2,0,0,11036,11038,C
2-PB1,1530,4,4,1,11076,11085,C
2-PB1,1531,10734,1,5,1,10741,A
2-PB1,1532,3,0,11112,0,11115,G
2-PB1,1533,4,11083,2,2,11091,T
2-PB1,1534,1,11079,2,3,11085,T
2-PB1,1535,0,11087,1,1,11089,T
2-PB1,1536,0,10869,0,4,10873,T
2-PB1,1537,2,7,10841,0,10850,G
2-PB1,1538,1,11,10839,0,10851,G
2-PB1,1539,6,7,9923,0,9936,G
2-PB1,1540,3,0,9963,1,9967,G
2-PB1,1541,1,9981,1,2,9985,T
2-PB1,1542,4,2,10188,1,10195,G
2-PB1,1543,1,10173,2,7,10183,T
2-PB1,1544,6,2,0,10171,10179,C
2-PB1,1545,3,10182,1,7,10193,T
2-PB1,1546,5,0,10224,1,10230,G
2-PB1,1547,2,2,10332,1,10337,G
2-PB1,1548,10296,1,13,1,10311,A
2-PB1,1549,10323,3,5,1,10332,A
2-PB1,1550,0,10306,2,3,10311,T
2-PB1,1551,9612,0,1,0,9613,A
2-PB1,1552,9602,1,2,0,9605,A
2-PB1,1553,9594,0,4,0,9598,A
2-PB1,1554,2,2,0,9620,9624,C
2-PB1,1555,4,1,9483,0,9488,G
2-PB1,1556,9259,0,2,0,9261,A
2-PB1,1557,1,0,9267,1,9269,G
2-PB1,1558,1,9250,0,4,9255,T
2-PB1,1559,2,1,1,9274,9278,C
2-PB1,1560,9229,0,5,0,9234,A
2-PB1,1561,0,4,9307,0,9311,G
2-PB1,1562,2,3,0,9300,9305,C
2-PB1,1563,0,9278,1,8,9287,T
2-PB1,1564,2,4,9451,0,9457,G
2-PB1,1565,9360,2,9,0,9371,A
2-PB1,1566,0,9353,3,0,9356,T
2-PB1,1567,9370,1,1,1,9373,A
2-PB1,1568,2,9199,0,3,9204,T
2-PB1,1569,0,3,9224,0,9227,G
2-PB1,1570,8785,0,10,0,8795,A
2-PB1,1571,1,1,8886,0,8888,G
2-PB1,1572,1,4,4,8884,8893,C
2-PB1,1573,8273,0,1,1,8275,A
2-PB1,1574,0,8238,4,5,8247,T
2-PB1,1575,1,8224,2,2,8229,T
2-PB1,1576,1,3,8283,0,8287,G
2-PB1,1577,2,4,8486,0,8492,G
2-PB1,1578,8306,1,10,0,8317,A
2-PB1,1579,1,0,8321,0,8322,G
2-PB1,1580,3,7911,1,7,7922,T
2-PB1,1581,7889,0,3,0,7892,A
2-PB1,1582,7880,1,6,0,7887,A
2-PB1,1583,2,1,0,7901,7904,C
2-PB1,1584,7809,1,4,0,7814,A
2-PB1,1585,2,2,7903,0,7907,G
2-PB1,1586,3,6539,1,4,6547,T
2-PB1,1587,3,5,6584,0,6592,G
2-PB1,1588,6583,1,24,0,6608,A
2-PB1,1589,1,6599,3,1,6604,T
2-PB1,1590,6569,0,1,1,6571,A
2-PB1,1591,6545,1,1,1,6548,A
2-PB1,1592,6276,0,10,0,6286,A
2-PB1,1593,2,2,6328,0,6332,G
2-PB1,1594,5848,0,2,0,5850,A
2-PB1,1595,5820,2,6,0,5828,A
2-PB1,1596,1,0,1,5819,5821,C
2-PB1,1597,5513,1,2,0,5516,A
2-PB1,1598,5543,2,4,0,5549,A
2-PB1,1599,1,4,0,5552,5557,C
2-PB1,1600,5567,0,7,1,5575,A
2-PB1,1601,0,5549,11,0,5560,T
2-PB1,1602,2,1,5352,0,5355,G
2-PB1,1603,5350,0,5,0,5355,A
2-PB1,1604,0,5343,0,0,5343,T
2-PB1,1605,5221,0,0,0,5221,A
2-PB1,1606,5252,1,1,0,5254,A
2-PB1,1607,5111,1,3,0,5115,A
2-PB1,1608,0,0,0,5138,5138,C
2-PB1,1609,4760,0,1,0,4761,A
2-PB1,1610,4741,0,2,0,4743,A
2-PB1,1611,0,4578,0,1,4579,T
2-PB1,1612,2,5,4573,0,4580,G
2-PB1,1613,4667,0,2,0,4669,A
2-PB1,1614,1,1,0,4708,4710,C
2-PB1,1615,6,0,0,4557,4563,C
2-PB1,1616,0,4250,0,2,4252,T
2-PB1,1617,0,4069,0,2,4071,T
2-PB1,1618,0,1,4085,0,4086,G
2-PB1,1619,1,1,4116,0,4118,G
2-PB1,1620,4158,1,5,0,4164,A
2-PB1,1621,1,2,0,4180,4183,C
2-PB1,1622,0,1,0,4143,4144,C
2-PB1,1623,4122,0,2,0,4124,A
2-PB1,1624,0,3,4180,0,4183,G
2-PB1,1625,0,1,0,4186,4187,C
2-PB1,1626,4193,2,2,0,4197,A
2-PB1,1627,4195,0,2,1,4198,A
2-PB1,1628,0,6,0,4166,4172,C
2-PB1,1629,4143,1,2,0,4146,A
2-PB1,1630,0,1,4240,0,4241,G
2-PB1,1631,0,0,1,4238,4239,C
2-PB1,1632,1,1,1,4238,4241,C
2-PB1,1633,4,0,0,4241,4245,C
2-PB1,1634,4250,1,0,2,4253,A
2-PB1,1635,4251,0,0,1,4252,A
2-PB1,1636,4246,0,2,0,4248,A
2-PB1,1637,0,4248,0,0,4248,T
2-PB1,1638,1,6,4221,0,4228,G
2-PB1,1639,0,1,4180,1,4182,G
2-PB1,1640,1,0,0,4188,4189,C
2-PB1,1641,1,4174,0,3,4178,T
2-PB1,1642,1,1,0,4245,4247,C
2-PB1,1643,4,4241,0,4,4249,T
2-PB1,1644,1,2,1,4272,4276,C
2-PB1,1645,2,1,1,4281,4285,C
2-PB1,1646,4295,0,0,0,4295,A
2-PB1,1647,4307,2,2,0,4311,A
2-PB1,1648,2,4286,0,1,4289,T
2-PB1,1649,1,4259,0,1,4261,T
2-PB1,1650,1,0,4281,1,4283,G
2-PB1,1651,1,4212,0,5,4218,T
2-PB1,1652,0,4218,0,0,4218,T
2-PB1,1653,0,21,0,4206,4227,C
2-PB1,1654,4214,1,0,0,4215,A
2-PB1,1655,0,4214,0,5,4219,T
2-PB1,1656,0,0,0,4223,4223,C
2-PB1,1657,4240,1,2,0,4243,A
2-PB1,1658,4238,1,1,0,4240,A
2-PB1,1659,4234,1,4,0,4239,A
2-PB1,1660,0,1,4318,0,4319,G
2-PB1,1661,4266,0,58,0,4324,A
2-PB1,1662,0,4323,0,3,4326,T
2-PB1,1663,1,4332,0,0,4333,T
2-PB1,1664,4340,0,0,0,4340,A
2-PB1,1665,1,0,0,4413,4414,C
2-PB1,1666,4391,0,3,0,4394,A
2-PB1,1667,0,0,4455,0,4455,G
2-PB1,1668,4446,1,3,5,4455,A
2-PB1,1669,1,4509,0,0,4510,T
2-PB1,1670,4524,0,1,0,4525,A
2-PB1,1671,2,2,0,4790,4794,C
2-PB1,1672,4871,1,6,0,4878,A
2-PB1,1673,1,0,0,5167,5168,C
2-PB1,1674,5074,0,1,1,5076,A
2-PB1,1675,0,5108,2,0,5110,T
2-PB1,1676,5064,1,1,0,5066,A
2-PB1,1677,2,5052,0,2,5056,T
2-PB1,1678,4939,0,2,0,4941,A
2-PB1,1679,0,4,4923,0,4927,G
2-PB1,1680,2,1,4900,0,4903,G
2-PB1,1681,1,4696,1,1,4699,T
2-PB1,1682,0,2,4617,0,4619,G
2-PB1,1683,2,22,0,4763,4787,C
2-PB1,1684,0,0,1,4786,4787,C
2-PB1,1685,4849,1,0,0,4850,A
2-PB1,1686,0,4850,1,1,4852,T
2-PB1,1687,4873,3,1,0,4877,A
2-PB1,1688,0,1,4897,0,4898,G
2-PB1,1689,4796,1,2,0,4799,A
2-PB1,1690,2,2,4826,0,4830,G
2-PB1,1691,0,2,4808,0,4810,G
2-PB1,1692,4640,1,7,1,4649,A
2-PB1,1693,2,1,4655,0,4658,G
2-PB1,1694,4622,0,3,0,4625,A
2-PB1,1695,1,0,0,4635,4636,C
2-PB1,1696,4633,0,2,0,4635,A
2-PB1,1697,0,1,0,4706,4707,C
2-PB1,1698,4703,5,14,0,4722,A
2-PB1,1699,0,1,1,4716,4718,C
2-PB1,1700,4681,0,2,0,4683,A
2-PB1,1701,4709,0,1,0,4710,A
2-PB1,1702,4719,1,1,0,4721,A
2-PB1,1703,0,4720,1,1,4722,T
2-PB1,1704,1,0,0,4738,4739,C
2-PB1,1705,0,1,0,4735,4736,C
2-PB1,1706,4694,0,5,0,4699,A
2-PB1,1707,1,0,4703,0,4704,G
2-PB1,1708,4695,0,4,0,4699,A
2-PB1,1709,1,3,1,4750,4755,C
2-PB1,1710,1,2,4735,0,4738,G
2-PB1,1711,4708,3,1,1,4713,A
2-PB1,1712,2,0,4715,1,4718,G
2-PB1,1713,4719,3,1,1,4724,A
2-PB1,1714,4716,0,2,0,4718,A
2-PB1,1715,0,1,4743,0,4744,G
2-PB1,1716,4726,1,3,0,4730,A
2-PB1,1717,1,4716,1,1,4719,T
2-PB1,1718,2,0,1,4707,4710,C
2-PB1,1719,4719,0,0,0,4719,A
2-PB1,1720,0,4699,0,0,4699,T
2-PB1,1721,0,4704,0,0,4704,T
2-PB1,1722,0,49,0,4658,4707,C
2-PB1,1723,1,2,4707,0,4710,G
2-PB1,1724,4665,0,5,1,4671,A
2-PB1,1725,0,0,4686,0,4686,G
2-PB1,1726,4647,1,4,0,4652,A
2-PB1,1727,0,4802,0,1,4803,T
2-PB1,1728,4811,0,2,0,4813,A
2-PB1,1729,4822,0,0,0,4822,A
2-PB1,1730,4816,0,4,1,4821,A
2-PB1,1731,5,0,4830,0,4835,G
2-PB1,1732,4827,0,1,0,4828,A
2-PB1,1733,4734,0,2,0,4736,A
2-PB1,1734,0,3,4747,0,4750,G
2-PB1,1735,0,0,0,4762,4762,C
2-PB1,1736,0,4715,0,1,4716,T
2-PB1,1737,1,1,4732,1,4735,G
2-PB1,1738,0,4709,1,1,4711,T
2-PB1,1739,0,3,4692,0,4695,G
2-PB1,1740,1,2,4706,1,4710,G
2-PB1,1741,3,1,4730,1,4735,G
2-PB1,1742,4751,0,6,0,4757,A
2-PB1,1743,1,4719,0,1,4721,T
2-PB1,1744,2,1,0,4710,4713,C
2-PB1,1745,4712,2,0,0,4714,A
2-PB1,1746,4744,0,4,1,4749,A
2-PB1,1747,4772,0,1,1,4774,A
2-PB1,1748,1,1,1,4757,4760,C
2-PB1,1749,1,0,0,4750,4751,C
2-PB1,1750,5,4,0,4731,4740,C
2-PB1,1751,4746,0,0,0,4746,A
2-PB1,1752,4812,2,2,0,4816,A
2-PB1,1753,0,4803,0,2,4805,T
2-PB1,1754,3,0,0,4822,4825,C
2-PB1,1755,4803,1,3,0,4807,A
2-PB1,1756,4763,1,3,0,4767,A
2-PB1,1757,2,1,4831,0,4834,G
2-PB1,1758,0,2,4821,0,4823,G
2-PB1,1759,1,2,4814,0,4817,G
2-PB1,1760,1,0,0,4812,4813,C
2-PB1,1761,4749,1,4,0,4754,A
2-PB1,1762,1,1,4869,1,4872,G
2-PB1,1763,1,3,4905,4,4913,G
2-PB1,1764,4927,3,5,0,4935,A
2-PB1,1765,1,1,0,4984,4986,C
2-PB1,1766,0,4909,0,1,4910,T
2-PB1,1767,5009,4,2,0,5015,A
2-PB1,1768,0,5008,0,3,5011,T
2-PB1,1769,1,5016,0,0,5017,T
2-PB1,1770,1,4,5026,0,5031,G
2-PB1,1771,1,1,5043,0,5045,G
2-PB1,1772,0,4987,1,2,4990,T
2-PB1,1773,4998,0,1,0,4999,A
2-PB1,1774,0,4920,0,2,4922,T
2-PB1,1775,2,0,0,4940,4942,C
2-PB1,1776,4851,0,3,1,4855,A
2-PB1,1777,0,0,4926,1,4927,G
2-PB1,1778,4927,0,1,0,4928,A
2-PB1,1779,1,4885,0,1,4887,T
2-PB1,1780,2,3,4702,0,4707,G
2-PB1,1781,3,3,4688,0,4694,G
2-PB1,1782,3,2,4686,1,4692,G
2-PB1,1783,0,1,4691,0,4692,G
2-PB1,1784,1,1,4706,1,4709,G
2-PB1,1785,4696,0,2,0,4698,A
2-PB1,1786,3,1,0,4670,4674,C
2-PB1,1787,2,0,0,4646,4648,C
2-PB1,1788,4643,1,1,0,4645,A
2-PB1,1789,4921,1,1,0,4923,A
2-PB1,1790,4935,0,1,1,4937,A
2-PB1,1791,2,1,0,5020,5023,C
2-PB1,1792,0,4986,1,1,4988,T
2-PB1,1793,0,4972,1,0,4973,T
2-PB1,1794,4996,0,1,0,4997,A
2-PB1,1795,1,4991,1,5,4998,T
2-PB1,1796,5012,2,3,0,5017,A
2-PB1,1797,1,2,0,5015,5018,C
2-PB1,1798,4707,3,1,0,4711,A
2-PB1,1799,4718,1,2,0,4721,A
2-PB1,1800,0,4616,0,0,4616,T
2-PB1,1801,4689,1,0,0,4690,A
2-PB1,1802,1,4684,1,3,4689,T
2-PB1,1803,3,0,0,4670,4673,C
2-PB1,1804,1,2,0,4676,4679,C
2-PB1,1805,1,0,4674,0,4675,G
2-PB1,1806,1,3,4686,0,4690,G
2-PB1,1807,4689,1,0,1,4691,A
2-PB1,1808,4696,0,1,2,4699,A
2-PB1,1809,0,4688,0,5,4693,T
2-PB1,1810,0,0,0,4717,4717,C
2-PB1,1811,3,4693,0,3,4699,T
2-PB1,1812,0,4722,0,1,4723,T
2-PB1,1813,0,0,0,4715,4715,C
2-PB1,1814,4722,1,4,0,4727,A
2-PB1,1815,0,0,0,4726,4726,C
2-PB1,1816,4707,0,1,0,4708,A
2-PB1,1817,1,5050,0,1,5052,T
2-PB1,1818,3,1,0,5063,5067,C
2-PB1,1819,1,1,0,5072,5074,C
2-PB1,1820,3,0,0,5094,5097,C
2-PB1,1821,4,5095,0,3,5102,T
2-PB1,1822,0,0,5103,0,5103,G
2-PB1,1823,5099,0,1,0,5100,A
2-PB1,1824,5091,1,2,1,5095,A
2-PB1,1825,0,0,5109,0,5109,G
2-PB1,1826,1,4794,1,1,4797,T
2-PB1,1827,4,0,1,4794,4799,C
2-PB1,1828,1,4719,0,2,4722,T
2-PB1,1829,4,0,4859,0,4863,G
2-PB1,1830,2,0,0,4865,4867,C
2-PB1,1831,1,4859,0,3,4863,T
2-PB1,1832,1,4858,0,1,4860,T
2-PB1,1833,4852,1,0,0,4853,A
2-PB1,1834,4863,0,2,0,4865,A
2-PB1,1835,4883,0,1,1,4885,A
2-PB1,1836,0,0,4909,0,4909,G
2-PB1,1837,1,4850,0,4,4855,T
2-PB1,1838,2,5,4765,0,4772,G
2-PB1,1839,2,0,4784,1,4787,G
2-PB1,1840,3,4,4806,0,4813,G
2-PB1,1841,4794,2,8,0,4804,A
2-PB1,1842,2,1,4799,0,4802,G
2-PB1,1843,15,1,0,4772,4788,C
2-PB1,1844,0,4787,0,0,4787,T
2-PB1,1845,1,0,4799,0,4800,G
2-PB1,1846,4785,1,4,0,4790,A
2-PB1,1847,1,4785,0,1,4787,T
2-PB1,1848,0,2,4787,0,4789,G
2-PB1,1849,0,1,4781,0,4782,G
2-PB1,1850,4761,13,4,0,4778,A
2-PB1,1851,1,4762,0,2,4765,T
2-PB1,1852,0,0,4770,0,4770,G
2-PB1,1853,4734,1,5,1,4741,A
2-PB1,1854,0,2,4815,1,4818,G
2-PB1,1855,4804,1,1,0,4806,A
2-PB1,1856,4813,0,0,1,4814,A
2-PB1,1857,0,4796,1,1,4798,T
2-PB1,1858,0,4754,0,2,4756,T
2-PB1,1859,4761,0,3,0,4764,A
2-PB1,1860,3,4762,0,0,4765,T
2-PB1,1861,0,1,0,4759,4760,C
2-PB1,1862,2,3,4771,1,4777,G
2-PB1,1863,2,2,4735,0,4739,G
2-PB1,1864,0,4,4731,1,4736,G
2-PB1,1865,0,1,4732,0,4733,G
2-PB1,1866,4723,1,1,0,4725,A
2-PB1,1867,4721,1,2,0,4724,A
2-PB1,1868,0,0,4753,1,4754,G
2-PB1,1869,4787,0,2,0,4789,A
2-PB1,1870,1,2,0,4809,4812,C
2-PB1,1871,0,4774,0,2,4776,T
2-PB1,1872,2,4865,0,1,4868,T
2-PB1,1873,0,4871,0,2,4873,T
2-PB1,1874,7,0,4905,0,4912,G
2-PB1,1875,0,4911,0,2,4913,T
2-PB1,1876,4886,1,1,0,4888,A
2-PB1,1877,4871,0,2,0,4873,A
2-PB1,1878,1,4789,0,2,4792,T
2-PB1,1879,2,0,0,4844,4846,C
2-PB1,1880,4,1,0,4835,4840,C
2-PB1,1881,3,1,0,4819,4823,C
2-PB1,1882,2,2,0,4836,4840,C
2-PB1,1883,0,4818,0,3,4821,T
2-PB1,1884,1,3,4826,0,4830,G
2-PB1,1885,4814,3,3,0,4820,A
2-PB1,1886,4825,0,1,0,4826,A
2-PB1,1887,0,4833,0,2,4835,T
2-PB1,1888,2,0,0,4814,4816,C
2-PB1,1889,5,1,0,4801,4807,C
2-PB1,1890,1,0,1,4776,4778,C
2-PB1,1891,0,4759,0,2,4761,T
2-PB1,1892,0,4774,0,1,4775,T
2-PB1,1893,0,4755,0,1,4756,T
2-PB1,1894,0,0,4754,0,4754,G
2-PB1,1895,4,4742,0,6,4752,T
2-PB1,1896,0,0,2,4740,4742,C
2-PB1,1897,4720,1,4,0,4725,A
2-PB1,1898,1,1,4776,0,4778,G
2-PB1,1899,1,0,0,4774,4775,C
2-PB1,1900,0,2,1,4764,4767,C
2-PB1,1901,4779,1,2,1,4783,A
2-PB1,1902,0,4780,0,0,4780,T
2-PB1,1903,4783,1,2,1,4787,A
2-PB1,1904,4785,3,2,1,4791,A
2-PB1,1905,4787,1,2,0,4790,A
2-PB1,1906,1,1,4840,0,4842,G
2-PB1,1907,4740,0,1,0,4741,A
2-PB1,1908,4747,0,1,0,4748,A
2-PB1,1909,4742,0,3,1,4746,A
2-PB1,1910,1,4745,1,1,4748,T
2-PB1,1911,3,4730,0,0,4733,T
2-PB1,1912,2,3,4734,0,4739,G
2-PB1,1913,4741,0,2,0,4743,A
2-PB1,1914,0,2,4880,0,4882,G
2-PB1,1915,0,4972,0,1,4973,T
2-PB1,1916,1,1,0,5084,5086,C
2-PB1,1917,10,5053,0,3,5066,T
2-PB1,1918,4,0,5132,0,5136,G
2-PB1,1919,0,5129,1,2,5132,T
2-PB1,1920,5181,0,0,0,5181,A
2-PB1,1921,5173,0,6,0,5179,A
2-PB1,1922,5167,0,2,0,5169,A
2-PB1,1923,0,0,0,5169,5169,C
2-PB1,1924,4866,0,0,1,4867,A
2-PB1,1925,0,0,4748,1,4749,G
2-PB1,1926,0,5036,0,2,5038,T
2-PB1,1927,1,0,5101,0,5102,G
2-PB1,1928,0,1,1,5127,5129,C
2-PB1,1929,0,5084,0,2,5086,T
2-PB1,1930,0,0,5314,0,5314,G
2-PB1,1931,0,5310,0,2,5312,T
2-PB1,1932,5412,1,2,0,5415,A
2-PB1,1933,0,2,5416,0,5418,G
2-PB1,1934,1,4977,0,183,5161,T
2-PB1,1935,5127,0,3,0,5130,A
2-PB1,1936,5078,0,1,0,5079,A
2-PB1,1937,0,5044,0,1,5045,T
2-PB1,1938,0,1,5034,0,5035,G
2-PB1,1939,5,0,0,4937,4942,C
2-PB1,1940,0,0,1,4843,4844,C
2-PB1,1941,4776,1,2,0,4779,A
2-PB1,1942,1,1,4811,0,4813,G
2-PB1,1943,0,1,1,4933,4935,C
2-PB1,1944,2,3,0,4931,4936,C
2-PB1,1945,4,2,0,4910,4916,C
2-PB1,1946,4888,0,3,0,4891,A
2-PB1,1947,0,4883,0,5,4888,T
2-PB1,1948,0,0,4898,0,4898,G
2-PB1,1949,0,1,4898,0,4899,G
2-PB1,1950,0,4875,1,2,4878,T
2-PB1,1951,1,0,0,4849,4850,C
2-PB1,1952,2,3,0,4709,4714,C
2-PB1,1953,3,1,4754,0,4758,G
2-PB1,1954,2,0,4764,0,4766,G
2-PB1,1955,1,0,0,4745,4746,C
2-PB1,1956,1,1,0,4761,4763,C
2-PB1,1957,4758,0,1,0,4759,A
2-PB1,1958,4759,0,1,0,4760,A
2-PB1,1959,4757,0,0,1,4758,A
2-PB1,1960,4762,1,1,1,4765,A
2-PB1,1961,0,2,4825,0,4827,G
2-PB1,1962,0,4733,1,0,4734,T
2-PB1,1963,4761,0,0,1,4762,A
2-PB1,1964,0,4761,0,2,4763,T
2-PB1,1965,2,1,4761,1,4765,G
2-PB1,1966,2,0,4860,1,4863,G
2-PB1,1967,4825,1,0,1,4827,A
2-PB1,1968,4872,0,3,1,4876,A
2-PB1,1969,0,4854,0,0,4854,T
2-PB1,1970,4826,0,2,0,4828,A
2-PB1,1971,0,4826,0,2,4828,T
2-PB1,1972,2,2,4785,1,4790,G
2-PB1,1973,4792,0,4,1,4797,A
2-PB1,1974,4,4777,0,3,4784,T
2-PB1,1975,0,1,4653,1,4655,G
2-PB1,1976,0,2,0,4663,4665,C
2-PB1,1977,3,37,1,4590,4631,C
2-PB1,1978,0,1,4645,0,4646,G
2-PB1,1979,0,4627,0,1,4628,T
2-PB1,1980,1,4630,0,3,4634,T
2-PB1,1981,0,1,4643,1,4645,G
2-PB1,1982,0,2,0,4727,4729,C
2-PB1,1983,4734,0,2,0,4736,A
2-PB1,1984,4806,0,1,1,4808,A
2-PB1,1985,0,0,0,4813,4813,C
2-PB1,1986,1,4775,2,3,4781,T
2-PB1,1987,4784,3,2,0,4789,A
2-PB1,1988,0,3,0,4777,4780,C
2-PB1,1989,4776,0,1,0,4777,A
2-PB1,1990,0,1,0,4785,4786,C
2-PB1,1991,4621,1,1,1,4624,A
2-PB1,1992,2,0,1,4972,4975,C
2-PB1,1993,0,4894,0,1,4895,T
2-PB1,1994,3,1,0,4893,4897,C
2-PB1,1995,2,1,0,4890,4893,C
2-PB1,1996,0,4878,1,3,4882,T
2-PB1,1997,1,1,4875,2,4879,G
2-PB1,1998,1,2,4871,0,4874,G
2-PB1,1999,4869,0,2,0,4871,A
2-PB1,2000,1,4868,0,2,4871,T
2-PB1,2001,1,4444,1,0,4446,T
2-PB1,2002,2,4,0,4488,4494,C
2-PB1,2003,3,0,1,4473,4477,C
2-PB1,2004,4,2,0,4493,4499,C
2-PB1,2005,4506,0,2,0,4508,A
2-PB1,2006,4497,0,3,0,4500,A
2-PB1,2007,0,0,4506,0,4506,G
2-PB1,2008,4484,0,4,0,4488,A
2-PB1,2009,0,1,4482,0,4483,G
2-PB1,2010,1,1,4490,0,4492,G
2-PB1,2011,4410,1,3,0,4414,A
2-PB1,2012,4417,0,6,0,4423,A
2-PB1,2013,0,0,0,4426,4426,C
2-PB1,2014,1,0,0,4400,4401,C
2-PB1,2015,0,0,4466,0,4466,G
2-PB1,2016,1,0,0,4457,4458,C
2-PB1,2017,0,4445,0,4,4449,T
2-PB1,2018,2,1,0,4465,4468,C
2-PB1,2019,1,4436,0,2,4439,T
2-PB1,2020,4738,2,1,0,4741,A
2-PB1,2021,1,4744,0,4,4749,T
2-PB1,2022,1,4758,0,2,4761,T
2-PB1,2023,1,0,0,4765,4766,C
2-PB1,2024,0,4598,0,2,4600,T
2-PB1,2025,4603,0,2,1,4606,A
2-PB1,2026,4600,0,0,1,4601,A
2-PB1,2027,4610,2,6,0,4618,A
2-PB1,2028,1,2,0,4619,4622,C
2-PB1,2029,4319,1,2,0,4322,A
2-PB1,2030,0,3,0,4320,4323,C
2-PB1,2031,4273,1,1,0,4275,A
2-PB1,2032,4302,0,4,0,4306,A
2-PB1,2033,3,0,4320,0,4323,G
2-PB1,2034,0,1,0,4311,4312,C
2-PB1,2035,2,4,1,4321,4328,C
2-PB1,2036,4295,0,1,1,4297,A
2-PB1,2037,4298,1,1,0,4300,A
2-PB1,2038,4289,0,4,1,4294,A
2-PB1,2039,1,5,4317,0,4323,G
2-PB1,2040,81,5,4221,1,4308,G
2-PB1,2041,1,1,4250,0,4252,G
2-PB1,2042,3,3,4262,0,4268,G
2-PB1,2043,4236,1,1,0,4238,A
2-PB1,2044,4256,0,1,0,4257,A
2-PB1,2045,1,4246,0,0,4247,T
2-PB1,2046,0,4252,0,0,4252,T
2-PB1,2047,1,0,1,4268,4270,C
2-PB1,2048,0,4226,0,1,4227,T
2-PB1,2049,1,4219,0,4,4224,T
2-PB1,2050,0,0,4224,1,4225,G
2-PB1,2051,4211,0,5,0,4216,A
2-PB1,2052,1,1,4233,0,4235,G
2-PB1,2053,0,2,4228,0,4230,G
2-PB1,2054,4211,1,1,0,4213,A
2-PB1,2055,0,4195,0,3,4198,T
2-PB1,2056,0,5,4234,1,4240,G
2-PB1,2057,4221,2,3,0,4226,A
2-PB1,2058,4221,0,6,0,4227,A
2-PB1,2059,0,3,0,4240,4243,C
2-PB1,2060,4205,0,4,0,4209,A
2-PB1,2061,2,1,4260,0,4263,G
2-PB1,2062,4239,0,1,0,4240,A
2-PB1,2063,0,4238,0,0,4238,T
2-PB1,2064,1,3,4243,0,4247,G
2-PB1,2065,0,4308,0,1,4309,T
2-PB1,2066,4315,1,5,0,4321,A
2-PB1,2067,1,1,0,4316,4318,C
2-PB1,2068,2,4,0,4277,4283,C
2-PB1,2069,4239,0,1,0,4240,A
2-PB1,2070,1,0,4196,0,4197,G
2-PB1,2071,4140,0,3,0,4143,A
2-PB1,2072,4125,2,0,0,4127,A
2-PB1,2073,1,1,4134,0,4136,G
2-PB1,2074,1,3903,0,0,3904,T
2-PB1,2075,0,0,3900,0,3900,G
2-PB1,2076,2,1,0,3885,3888,C
2-PB1,2077,1,3880,1,6,3888,T
2-PB1,2078,6,0,3878,2,3886,G
2-PB1,2079,0,1,1,3874,3876,C
2-PB1,2080,3878,0,2,0,3880,A
2-PB1,2081,3882,1,3,0,3886,A
2-PB1,2082,0,0,0,3836,3836,C
2-PB1,2083,0,3822,0,1,3823,T
2-PB1,2084,0,3798,0,1,3799,T
2-PB1,2085,1,0,3794,0,3795,G
2-PB1,2086,0,3784,0,1,3785,T
2-PB1,2087,2,3779,0,1,3782,T
2-PB1,2088,2,1,0,3783,3786,C
2-PB1,2089,2,0,3784,0,3786,G
2-PB1,2090,3782,1,0,0,3783,A
2-PB1,2091,0,1,3777,0,3778,G
2-PB1,2092,3778,1,1,0,3780,A
2-PB1,2093,3775,0,0,0,3775,A
2-PB1,2094,3782,0,1,0,3783,A
2-PB1,2095,0,3768,0,1,3769,T
2-PB1,2096,0,3767,0,0,3767,T
2-PB1,2097,0,3776,0,1,3777,T
2-PB1,2098,0,3773,0,1,3774,T
2-PB1,2099,0,3757,0,2,3759,T
2-PB1,2100,1,1,1,3781,3784,C
2-PB1,2101,2,1,0,3769,3772,C
2-PB1,2102,4,0,0,3781,3785,C
2-PB1,2103,0,3782,1,0,3783,T
2-PB1,2104,3792,1,1,0,3794,A
2-PB1,2105,0,0,3803,0,3803,G
2-PB1,2106,2,3798,0,0,3800,T
2-PB1,2107,3827,0,0,0,3827,A
2-PB1,2108,0,0,3838,0,3838,G
2-PB1,2109,0,3802,0,1,3803,T
2-PB1,2110,2,3887,0,3,3892,T
2-PB1,2111,2,2,0,3903,3907,C
2-PB1,2112,3947,0,1,0,3948,A
2-PB1,2113,0,3960,0,0,3960,T
2-PB1,2114,3963,0,1,0,3964,A
2-PB1,2115,0,3959,0,0,3959,T
2-PB1,2116,3828,0,3,0,3831,A
2-PB1,2117,0,2,3807,0,3809,G
2-PB1,2118,1,1,3777,1,3780,G
2-PB1,2119,3438,0,4,0,3442,A
2-PB1,2120,0,1,3438,1,3440,G
2-PB1,2121,3241,1,2,0,3244,A
2-PB1,2122,0,0,0,3233,3233,C
2-PB1,2123,0,1,0,3125,3126,C
2-PB1,2124,1,1,3129,0,3131,G
2-PB1,2125,3122,1,0,1,3124,A
2-PB1,2126,0,3111,0,1,3112,T
2-PB1,2127,0,3111,1,0,3112,T
2-PB1,2128,4,1,3110,0,3115,G
2-PB1,2129,0,1,3114,0,3115,G
2-PB1,2130,3126,1,0,0,3127,A
2-PB1,2131,3122,1,2,0,3125,A
2-PB1,2132,0,3104,1,0,3105,T
2-PB1,2133,0,3133,0,0,3133,T
2-PB1,2134,0,3127,1,0,3128,T
2-PB1,2135,0,0,0,3150,3150,C
2-PB1,2136,2,3150,0,0,3152,T
2-PB1,2137,3141,0,1,0,3142,A
2-PB1,2138,0,0,3139,0,3139,G
2-PB1,2139,0,2973,0,1,2974,T
2-PB1,2140,3007,2,0,0,3009,A
2-PB1,2141,0,3008,0,0,3008,T
2-PB1,2142,2,0,3021,0,3023,G
2-PB1,2143,0,0,3059,0,3059,G
2-PB1,2144,3,3002,0,1,3006,T
2-PB1,2145,0,0,2999,0,2999,G
2-PB1,2146,0,0,2998,0,2998,G
2-PB1,2147,2944,1,0,0,2945,A
2-PB1,2148,0,0,2936,0,2936,G
2-PB1,2149,1,0,2902,0,2903,G
2-PB1,2150,1,2,0,2892,2895,C
2-PB1,2151,1,0,0,2849,2850,C
2-PB1,2152,2729,0,0,0,2729,A
2-PB1,2153,0,2726,0,0,2726,T
2-PB1,2154,0,0,2727,0,2727,G
2-PB1,2155,0,0,2748,0,2748,G
2-PB1,2156,1,2679,1,0,2681,T
2-PB1,2157,0,0,2715,0,2715,G
2-PB1,2158,0,2664,1,1,2666,T
2-PB1,2159,2,0,0,2647,2649,C
2-PB1,2160,0,2650,1,1,2652,T
2-PB1,2161,2621,0,1,0,2622,A
2-PB1,2162,1,2,2611,0,2614,G
2-PB1,2163,1,0,2561,0,2562,G
2-PB1,2164,1,1,2526,0,2528,G
2-PB1,2165,0,0,0,2464,2464,C
2-PB1,2166,0,0,0,2339,2339,C
2-PB1,2167,2,0,0,2287,2289,C
2-PB1,2168,2,0,2289,0,2291,G
2-PB1,2169,0,0,2295,0,2295,G
2-PB1,2170,2293,0,1,0,2294,A
2-PB1,2171,0,2285,1,0,2286,T
2-PB1,2172,0,2186,1,0,2187,T
2-PB1,2173,1,0,2168,0,2169,G
2-PB1,2174,2165,0,1,0,2166,A
2-PB1,2175,0,2168,1,3,2172,T
2-PB1,2176,1,0,2171,0,2172,G
2-PB1,2177,0,1,0,2149,2150,C
2-PB1,2178,1,0,0,2143,2144,C
2-PB1,2179,2133,0,0,0,2133,A
2-PB1,2180,1,1,2126,0,2128,G
2-PB1,2181,2126,0,0,0,2126,A
2-PB1,2182,2131,0,0,0,2131,A
2-PB1,2183,0,2125,0,1,2126,T
2-PB1,2184,0,2071,0,1,2072,T
2-PB1,2185,2,1,2067,0,2070,G
2-PB1,2186,2068,0,0,0,2068,A
2-PB1,2187,0,0,0,2067,2067,C
2-PB1,2188,0,2057,2,1,2060,T
2-PB1,2189,0,2048,0,1,2049,T
2-PB1,2190,2,0,0,2036,2038,C
2-PB1,2191,0,2,2036,0,2038,G
2-PB1,2192,2033,1,0,0,2034,A
2-PB1,2193,0,0,1998,0,1998,G
2-PB1,2194,0,2006,2,1,2009,T
2-PB1,2195,0,0,0,2009,2009,C
2-PB1,2196,0,2009,0,2,2011,T
2-PB1,2197,1,1,2015,0,2017,G
2-PB1,2198,0,1,2006,0,2007,G
2-PB1,2199,2007,1,1,0,2009,A
2-PB1,2200,1861,0,1,0,1862,A
2-PB1,2201,0,0,1870,0,1870,G
2-PB1,2202,1,1,1893,0,1895,G
2-PB1,2203,1895,0,1,0,1896,A
2-PB1,2204,1,1872,0,1,1874,T
2-PB1,2205,0,1884,0,0,1884,T
2-PB1,2206,1879,0,0,0,1879,A
2-PB1,2207,1883,0,1,0,1884,A
2-PB1,2208,1,0,1880,0,1881,G
2-PB1,2209,1873,1,2,0,1876,A
2-PB1,2210,1806,0,0,0,1806,A
2-PB1,2211,0,0,1686,0,1686,G
2-PB1,2212,1,0,1673,1,1675,G
2-PB1,2213,1671,0,1,0,1672,A
2-PB1,2214,1668,0,1,0,1669,A
2-PB1,2215,0,1,1667,0,1668,G
2-PB1,2216,1510,0,1,0,1511,A
2-PB1,2217,2,1,1505,0,1508,G
2-PB1,2218,0,1415,0,1,1416,T
2-PB1,2219,0,1399,0,0,1399,T
2-PB1,2220,2,0,0,1402,1404,C
2-PB1,2221,0,1382,0,0,1382,T
2-PB1,2222,1,0,0,1380,1381,C
2-PB1,2223,0,1374,0,1,1375,T
2-PB1,2224,0,0,1372,0,1372,G
2-PB1,2225,1341,1,1,1,1344,A
2-PB1,2226,0,0,1331,0,1331,G
2-PB1,2227,1315,0,0,0,1315,A
2-PB1,2228,0,1279,0,1,1280,T
2-PB1,2229,0,0,0,1206,1206,C
2-PB1,2230,1207,0,0,0,1207,A
2-PB1,2231,0,1200,0,1,1201,T
2-PB1,2232,0,0,1202,0,1202,G
2-PB1,2233,1198,0,0,0,1198,A
2-PB1,2234,1176,0,18,0,1194,A
2-PB1,2235,0,0,1178,0,1178,G
2-PB1,2236,1161,0,0,0,1161,A
2-PB1,2237,0,1153,0,0,1153,T
2-PB1,2238,0,0,0,1135,1135,C
2-PB1,2239,0,1048,0,0,1048,T
2-PB1,2240,1,1,1051,0,1053,G
2-PB1,2241,0,1047,0,1,1048,T
2-PB1,2242,0,1044,0,1,1045,T
2-PB1,2243,1,1,0,1035,1037,C
2-PB1,2244,0,0,0,989,989,C
2-PB1,2245,986,0,2,0,988,A
2-PB1,2246,1,1,0,987,989,C
2-PB1,2247,1,0,0,935,936,C
2-PB1,2248,905,0,1,0,906,A
2-PB1,2249,0,866,0,0,866,T
2-PB1,2250,0,844,0,1,845,T
2-PB1,2251,0,0,845,0,845,G
2-PB1,2252,843,0,0,0,843,A
2-PB1,2253,835,0,2,0,837,A
2-PB1,2254,0,0,841,0,841,G
2-PB1,2255,723,0,0,0,723,A
2-PB1,2256,720,0,0,0,720,A
2-PB1,2257,0,0,0,707,707,C
2-PB1,2258,0,683,0,1,684,T
2-PB1,2259,0,1,1,682,684,C
2-PB1,2260,657,0,1,0,658,A
2-PB1,2261,0,0,658,0,658,G
2-PB1,2262,657,0,0,0,657,A
2-PB1,2263,0,1,0,631,632,C
2-PB1,2264,0,0,622,0,622,G
2-PB1,2265,0,0,612,0,612,G
2-PB1,2266,0,0,0,607,607,C
2-PB1,2267,605,0,0,0,605,A
2-PB1,2268,604,0,0,0,604,A
2-PB1,2269,601,0,0,0,601,A
2-PB1,2270,597,0,0,0,597,A
2-PB1,2271,594,0,1,0,595,A
2-PB1,2272,0,589,0,0,589,T
2-PB1,2273,570,0,0,0,570,A
2-PB1,2274,570,0,0,0,570,A
3-PA,1,35,0,0,0,35,A
3-PA,2,0,35,0,0,35,T
3-PA,3,0,0,35,0,35,G
3-PA,4,0,0,36,0,36,G
3-PA,5,36,0,0,0,36,A
3-PA,6,36,0,0,0,36,A
3-PA,7,0,0,36,0,36,G
3-PA,8,39,0,0,0,39,A
3-PA,9,0,39,0,0,39,T
3-PA,10,0,39,0,0,39,T
3-PA,11,0,41,0,0,41,T
3-PA,12,0,41,0,0,41,T
3-PA,13,0,0,44,0,44,G
3-PA,14,0,44,0,0,44,T
3-PA,15,0,0,44,0,44,G
3-PA,16,0,0,0,46,46,C
3-PA,17,0,0,47,0,47,G
3-PA,18,54,0,0,0,54,A
3-PA,19,0,0,0,55,55,C
3-PA,20,55,0,0,0,55,A
3-PA,21,57,0,0,0,57,A
3-PA,22,0,59,0,0,59,T
3-PA,23,0,0,75,0,75,G
3-PA,24,0,0,0,75,75,C
3-PA,25,0,75,0,0,75,T
3-PA,26,0,75,0,0,75,T
3-PA,27,0,0,1,74,75,C
3-PA,28,77,0,0,0,77,A
3-PA,29,79,0,0,0,79,A
3-PA,30,0,0,0,82,82,C
3-PA,31,0,0,0,82,82,C
3-PA,32,0,0,0,82,82,C
3-PA,33,0,0,85,0,85,G
3-PA,34,86,0,0,0,86,A
3-PA,35,0,86,0,0,86,T
3-PA,36,0,0,86,0,86,G
3-PA,37,87,0,0,0,87,A
3-PA,38,0,90,0,0,90,T
3-PA,39,0,90,0,0,90,T
3-PA,40,0,0,91,0,91,G
3-PA,41,0,91,0,0,91,T
3-PA,42,0,0,0,91,91,C
3-PA,43,0,0,91,0,91,G
3-PA,44,91,0,0,0,91,A
3-PA,45,91,0,0,0,91,A
3-PA,46,0,0,0,92,92,C
3-PA,47,0,91,0,0,91,T
3-PA,48,0,90,0,0,90,T
3-PA,49,0,0,91,0,91,G
3-PA,50,0,0,0,91,91,C
3-PA,51,91,0,0,0,91,A
3-PA,52,0,0,93,0,93,G
3-PA,53,94,0,0,0,94,A
3-PA,54,94,0,0,0,94,A
3-PA,55,93,0,0,0,93,A
3-PA,56,95,0,0,0,95,A
3-PA,57,95,0,0,0,95,A
3-PA,58,0,0,95,0,95,G
3-PA,59,0,0,0,100,100,C
3-PA,60,101,0,0,0,101,A
3-PA,61,107,0,0,0,107,A
3-PA,62,0,106,0,0,106,T
3-PA,63,0,1,109,0,110,G
3-PA,64,114,0,0,0,114,A
3-PA,65,113,0,0,0,113,A
3-PA,66,115,0,0,0,115,A
3-PA,67,0,0,127,0,127,G
3-PA,68,135,0,0,0,135,A
3-PA,69,0,0,166,0,166,G
3-PA,70,0,168,0,0,168,T
3-PA,71,171,0,0,0,171,A
3-PA,72,0,170,0,0,170,T
3-PA,73,0,0,170,0,170,G
3-PA,74,0,0,172,0,172,G
3-PA,75,0,0,172,0,172,G
3-PA,76,0,0,172,0,172,G
3-PA,77,172,0,0,0,172,A
3-PA,78,0,1,170,0,171,G
3-PA,79,0,1,175,0,176,G
3-PA,80,177,1,0,0,178,A
3-PA,81,0,178,0,0,178,T
3-PA,82,0,0,0,180,180,C
3-PA,83,1,179,0,0,180,T
3-PA,84,0,0,183,0,183,G
3-PA,85,184,0,0,0,184,A
3-PA,86,183,0,0,0,183,A
3-PA,87,184,0,0,0,184,A
3-PA,88,181,1,0,0,182,A
3-PA,89,0,182,0,0,182,T
3-PA,90,176,6,0,0,182,A
3-PA,91,0,0,184,0,184,G
3-PA,92,184,0,0,0,184,A
3-PA,93,182,0,2,0,184,A
3-PA,94,184,0,0,0,184,A
3-PA,95,0,0,0,185,185,C
3-PA,96,185,0,0,0,185,A
3-PA,97,185,0,0,0,185,A
3-PA,98,186,0,0,0,186,A
3-PA,99,0,0,0,186,186,C
3-PA,100,186,0,0,0,186,A
3-PA,101,186,0,0,0,186,A
3-PA,102,188,0,0,0,188,A
3-PA,103,0,191,0,0,191,T
3-PA,104,0,190,0,0,190,T
3-PA,105,1,191,0,0,192,T
3-PA,106,0,1,191,0,192,G
3-PA,107,0,0,0,194,194,C
3-PA,108,192,0,2,0,194,A
3-PA,109,0,0,201,0,201,G
3-PA,110,0,0,0,203,203,C
3-PA,111,217,0,0,0,217,A
3-PA,112,218,0,0,0,218,A
3-PA,113,0,218,0,0,218,T
3-PA,114,219,0,0,1,220,A
3-PA,115,0,221,0,0,221,T
3-PA,116,0,0,221,0,221,G
3-PA,117,0,1,0,221,222,C
3-PA,118,223,0,0,0,223,A
3-PA,119,0,0,0,225,225,C
3-PA,120,0,222,0,0,222,T
3-PA,121,1,0,0,271,272,C
3-PA,122,275,0,0,0,275,A
3-PA,123,0,0,0,280,280,C
3-PA,124,0,279,0,0,279,T
3-PA,125,0,279,0,0,279,T
3-PA,126,0,0,279,0,279,G
3-PA,127,0,0,284,0,284,G
3-PA,128,281,0,0,0,281,A
3-PA,129,0,0,282,0,282,G
3-PA,130,0,0,284,0,284,G
3-PA,131,0,274,0,0,274,T
3-PA,132,0,0,278,0,278,G
3-PA,133,0,278,0,0,278,T
3-PA,134,0,0,283,0,283,G
3-PA,135,0,280,0,2,282,T
3-PA,136,0,282,0,0,282,T
3-PA,137,0,282,0,0,282,T
3-PA,138,0,0,0,280,280,C
3-PA,139,279,0,0,0,279,A
3-PA,140,0,281,0,0,281,T
3-PA,141,0,0,285,0,285,G
3-PA,142,0,282,0,0,282,T
3-PA,143,283,0,0,0,283,A
3-PA,144,0,284,0,0,284,T
3-PA,145,0,281,0,0,281,T
3-PA,146,0,0,0,283,283,C
3-PA,147,284,0,0,0,284,A
3-PA,148,0,0,285,0,285,G
3-PA,149,285,0,0,0,285,A
3-PA,150,0,285,0,0,285,T
3-PA,151,0,285,0,0,285,T
3-PA,152,0,284,0,0,284,T
3-PA,153,0,0,0,282,282,C
3-PA,154,0,1,0,292,293,C
3-PA,155,295,0,0,0,295,A
3-PA,156,0,298,0,0,298,T
3-PA,157,0,293,0,1,294,T
3-PA,158,0,297,0,0,297,T
3-PA,159,1,0,0,297,298,C
3-PA,160,298,0,0,0,298,A
3-PA,161,0,312,0,0,312,T
3-PA,162,0,0,0,313,313,C
3-PA,163,314,0,0,0,314,A
3-PA,164,315,0,0,0,315,A
3-PA,165,0,315,0,0,315,T
3-PA,166,0,0,323,0,323,G
3-PA,167,323,0,0,0,323,A
3-PA,168,322,1,0,0,323,A
3-PA,169,0,0,0,321,321,C
3-PA,170,318,0,0,0,318,A
3-PA,171,319,0,0,0,319,A
3-PA,172,5,0,315,0,320,G
3-PA,173,0,0,322,0,322,G
3-PA,174,0,0,0,322,322,C
3-PA,175,0,0,322,0,322,G
3-PA,176,336,0,0,0,336,A
3-PA,177,339,0,0,0,339,A
3-PA,178,0,339,0,0,339,T
3-PA,179,0,0,0,343,343,C
3-PA,180,343,0,0,0,343,A
3-PA,181,345,0,0,0,345,A
3-PA,182,0,347,0,0,347,T
3-PA,183,347,0,0,0,347,A
3-PA,184,0,0,353,0,353,G
3-PA,185,0,352,0,0,352,T
3-PA,186,0,0,354,0,354,G
3-PA,187,0,0,355,0,355,G
3-PA,188,0,349,0,1,350,T
3-PA,189,351,0,0,0,351,A
3-PA,190,0,0,352,0,352,G
3-PA,191,352,0,0,0,352,A
3-PA,192,352,0,0,0,352,A
3-PA,193,0,0,0,350,350,C
3-PA,194,0,349,0,0,349,T
3-PA,195,0,347,0,0,347,T
3-PA,196,0,1,346,0,347,G
3-PA,197,346,0,0,0,346,A
3-PA,198,0,0,0,347,347,C
3-PA,199,0,1,344,0,345,G
3-PA,200,353,0,0,0,353,A
3-PA,201,0,354,0,0,354,T
3-PA,202,0,0,0,360,360,C
3-PA,203,1,0,0,363,364,C
3-PA,204,365,0,0,0,365,A
3-PA,205,364,0,0,0,364,A
3-PA,206,363,0,0,1,364,A
3-PA,207,0,363,0,0,363,T
3-PA,208,0,0,362,0,362,G
3-PA,209,1,0,0,360,361,C
3-PA,210,358,0,0,0,358,A
3-PA,211,0,0,0,368,368,C
3-PA,212,0,362,0,2,364,T
3-PA,213,0,1,422,0,423,G
3-PA,214,0,424,0,0,424,T
3-PA,215,0,424,0,0,424,T
3-PA,216,423,0,0,0,423,A
3-PA,217,421,0,1,0,422,A
3-PA,218,422,0,0,0,422,A
3-PA,219,0,0,428,0,428,G
3-PA,220,0,1,0,424,425,C
3-PA,221,421,0,0,0,421,A
3-PA,222,0,1,0,419,420,C
3-PA,223,400,0,0,0,400,A
3-PA,224,0,0,421,0,421,G
3-PA,225,422,0,0,0,422,A
3-PA,226,0,419,0,0,419,T
3-PA,227,0,420,0,0,420,T
3-PA,228,1,418,0,0,419,T
3-PA,229,0,0,419,0,419,G
3-PA,230,419,0,0,0,419,A
3-PA,231,419,0,0,0,419,A
3-PA,232,418,0,0,0,418,A
3-PA,233,0,411,0,0,411,T
3-PA,234,406,0,0,0,406,A
3-PA,235,411,0,0,0,411,A
3-PA,236,0,412,0,0,412,T
3-PA,237,0,0,0,412,412,C
3-PA,238,1,0,411,0,412,G
3-PA,239,412,0,0,0,412,A
3-PA,240,405,0,7,0,412,A
3-PA,241,0,3,419,0,422,G
3-PA,242,0,0,423,0,423,G
3-PA,243,0,1,422,0,423,G
3-PA,244,418,0,1,0,419,A
3-PA,245,0,0,420,0,420,G
3-PA,246,430,0,1,0,431,A
3-PA,247,0,0,431,0,431,G
3-PA,248,430,0,0,0,430,A
3-PA,249,0,0,0,430,430,C
3-PA,250,422,0,1,0,423,A
3-PA,251,0,0,431,0,431,G
3-PA,252,431,0,0,0,431,A
3-PA,253,438,0,2,0,440,A
3-PA,254,0,0,0,439,439,C
3-PA,255,433,0,0,0,433,A
3-PA,256,434,0,0,0,434,A
3-PA,257,0,433,0,0,433,T
3-PA,258,0,0,448,0,448,G
3-PA,259,1,0,446,0,447,G
3-PA,260,0,0,0,447,447,C
3-PA,261,0,0,0,451,451,C
3-PA,262,0,444,0,1,445,T
3-PA,263,0,0,453,0,453,G
3-PA,264,0,0,454,0,454,G
3-PA,265,456,0,0,0,456,A
3-PA,266,0,0,0,462,462,C
3-PA,267,448,1,0,0,449,A
3-PA,268,0,0,500,0,500,G
3-PA,269,0,502,0,0,502,T
3-PA,270,505,0,0,0,505,A
3-PA,271,0,0,508,0,508,G
3-PA,272,0,497,0,0,497,T
3-PA,273,501,0,0,0,501,A
3-PA,274,500,0,0,0,500,A
3-PA,275,497,1,0,0,498,A
3-PA,276,0,0,0,505,505,C
3-PA,277,466,0,0,0,466,A
3-PA,278,0,0,481,0,481,G
3-PA,279,0,475,0,0,475,T
3-PA,280,486,0,0,0,486,A
3-PA,281,0,482,0,0,482,T
3-PA,282,0,0,0,496,496,C
3-PA,283,0,496,0,0,496,T
3-PA,284,0,0,496,0,496,G
3-PA,285,0,1,0,493,494,C
3-PA,286,491,0,0,0,491,A
3-PA,287,493,0,0,0,493,A
3-PA,288,0,0,0,497,497,C
3-PA,289,491,0,0,0,491,A
3-PA,290,0,0,0,514,514,C
3-PA,291,0,510,0,0,510,T
3-PA,292,512,0,0,0,512,A
3-PA,293,0,0,0,511,511,C
3-PA,294,0,508,0,0,508,T
3-PA,295,0,0,509,0,509,G
3-PA,296,0,1,508,0,509,G
3-PA,297,500,0,0,0,500,A
3-PA,298,0,0,502,0,502,G
3-PA,299,0,0,0,493,493,C
3-PA,300,0,495,1,0,496,T
3-PA,301,0,0,491,0,491,G
3-PA,302,0,0,492,0,492,G
3-PA,303,484,1,5,0,490,A
3-PA,304,491,0,0,0,491,A
3-PA,305,490,0,0,0,490,A
3-PA,306,492,0,0,0,492,A
3-PA,307,0,0,0,491,491,C
3-PA,308,1,0,0,489,490,C
3-PA,309,0,0,492,0,492,G
3-PA,310,491,0,0,0,491,A
3-PA,311,491,0,0,0,491,A
3-PA,312,0,0,494,0,494,G
3-PA,313,0,493,1,0,494,T
3-PA,314,0,495,0,0,495,T
3-PA,315,0,496,0,0,496,T
3-PA,316,0,0,0,492,492,C
3-PA,317,0,495,0,0,495,T
3-PA,318,494,1,0,0,495,A
3-PA,319,0,0,0,494,494,C
3-PA,320,0,0,0,493,493,C
3-PA,321,490,0,0,0,490,A
3-PA,322,0,0,496,0,496,G
3-PA,323,496,0,0,0,496,A
3-PA,324,0,490,0,2,492,T
3-PA,325,0,495,0,0,495,T
3-PA,326,0,491,0,0,491,T
3-PA,327,0,0,492,0,492,G
3-PA,328,0,490,0,0,490,T
3-PA,329,491,0,0,0,491,A
3-PA,330,1,491,0,0,492,T
3-PA,331,0,0,492,0,492,G
3-PA,332,514,0,0,0,514,A
3-PA,333,0,512,0,0,512,T
3-PA,334,0,514,0,0,514,T
3-PA,335,514,0,0,0,514,A
3-PA,336,0,0,0,513,513,C
3-PA,337,513,0,1,1,515,A
3-PA,338,516,0,0,0,516,A
3-PA,339,0,0,514,0,514,G
3-PA,340,0,0,518,0,518,G
3-PA,341,494,0,0,0,494,A
3-PA,342,0,0,501,0,501,G
3-PA,343,503,0,0,0,503,A
3-PA,344,502,0,0,0,502,A
3-PA,345,0,0,0,503,503,C
3-PA,346,495,0,0,0,495,A
3-PA,347,1,0,493,0,494,G
3-PA,348,494,0,0,0,494,A
3-PA,349,0,488,0,0,488,T
3-PA,350,0,486,0,0,486,T
3-PA,351,1,0,0,475,476,C
3-PA,352,478,0,1,0,479,A
3-PA,353,0,475,0,2,477,T
3-PA,354,0,1,0,477,478,C
3-PA,355,0,1,476,0,477,G
3-PA,356,480,0,0,0,480,A
3-PA,357,479,0,0,0,479,A
3-PA,358,480,0,0,0,480,A
3-PA,359,0,479,0,0,479,T
3-PA,360,0,474,0,1,475,T
3-PA,361,0,0,476,0,476,G
3-PA,362,0,0,478,0,478,G
3-PA,363,0,1,476,0,477,G
3-PA,364,0,0,478,0,478,G
3-PA,365,0,475,0,0,475,T
3-PA,366,0,0,483,0,483,G
3-PA,367,480,0,3,0,483,A
3-PA,368,0,1,0,487,488,C
3-PA,369,491,1,0,0,492,A
3-PA,370,489,0,0,0,489,A
3-PA,371,0,0,495,0,495,G
3-PA,372,0,1,493,0,494,G
3-PA,373,490,0,0,0,490,A
3-PA,374,0,0,492,0,492,G
3-PA,375,478,0,2,0,480,A
3-PA,376,0,0,482,0,482,G
3-PA,377,479,0,0,0,479,A
3-PA,378,482,0,0,0,482,A
3-PA,379,1,0,496,0,497,G
3-PA,380,0,489,0,0,489,T
3-PA,381,0,0,0,492,492,C
3-PA,382,2,0,0,490,492,C
3-PA,383,499,0,0,0,499,A
3-PA,384,0,0,0,508,508,C
3-PA,385,518,0,0,0,518,A
3-PA,386,0,526,0,0,526,T
3-PA,387,532,0,0,0,532,A
3-PA,388,0,519,0,0,519,T
3-PA,389,519,0,0,0,519,A
3-PA,390,0,497,0,13,510,T
3-PA,391,0,507,0,0,507,T
3-PA,392,516,0,0,0,516,A
3-PA,393,0,0,0,512,512,C
3-PA,394,0,0,0,492,492,C
3-PA,395,0,482,0,1,483,T
3-PA,396,0,474,0,1,475,T
3-PA,397,0,0,482,0,482,G
3-PA,398,483,0,0,0,483,A
3-PA,399,483,0,0,0,483,A
3-PA,400,482,0,0,0,482,A
3-PA,401,471,0,0,0,471,A
3-PA,402,1,0,474,0,475,G
3-PA,403,0,0,473,0,473,G
3-PA,404,0,0,0,475,475,C
3-PA,405,1,0,0,476,477,C
3-PA,406,475,1,0,0,476,A
3-PA,407,477,0,0,0,477,A
3-PA,408,0,477,0,0,477,T
3-PA,409,476,0,0,0,476,A
3-PA,410,480,0,0,0,480,A
3-PA,411,0,0,487,0,487,G
3-PA,412,479,0,0,0,479,A
3-PA,413,0,482,0,0,482,T
3-PA,414,0,483,0,0,483,T
3-PA,415,483,0,0,0,483,A
3-PA,416,480,0,1,0,481,A
3-PA,417,5,0,450,0,455,G
3-PA,418,0,465,0,1,466,T
3-PA,419,0,0,0,466,466,C
3-PA,420,0,466,0,0,466,T
3-PA,421,0,0,467,0,467,G
3-PA,422,470,0,0,0,470,A
3-PA,423,0,0,473,0,473,G
3-PA,424,473,0,0,0,473,A
3-PA,425,476,0,0,0,476,A
3-PA,426,0,0,0,469,469,C
3-PA,427,469,0,0,0,469,A
3-PA,428,0,0,0,471,471,C
3-PA,429,471,0,0,0,471,A
3-PA,430,0,0,0,474,474,C
3-PA,431,470,0,1,0,471,A
3-PA,432,0,0,0,471,471,C
3-PA,433,470,0,0,0,470,A
3-PA,434,0,471,0,0,471,T
3-PA,435,0,469,0,0,469,T
3-PA,436,0,0,0,472,472,C
3-PA,437,470,0,0,0,470,A
3-PA,438,0,1,0,472,473,C
3-PA,439,473,0,0,0,473,A
3-PA,440,0,470,0,0,470,T
3-PA,441,0,460,0,0,460,T
3-PA,442,0,461,0,0,461,T
3-PA,443,0,460,0,1,461,T
3-PA,444,0,0,0,465,465,C
3-PA,445,0,459,0,3,462,T
3-PA,446,0,0,0,466,466,C
3-PA,447,464,0,1,0,465,A
3-PA,448,0,465,0,0,465,T
3-PA,449,0,465,0,0,465,T
3-PA,450,0,0,0,467,467,C
3-PA,451,466,0,0,0,466,A
3-PA,452,0,0,0,469,469,C
3-PA,453,0,462,0,0,462,T
3-PA,454,0,0,470,0,470,G
3-PA,455,0,0,469,0,469,G
3-PA,456,6,0,465,0,471,G
3-PA,457,0,1,471,0,472,G
3-PA,458,466,0,0,0,466,A
3-PA,459,1,0,462,0,463,G
3-PA,460,0,0,467,0,467,G
3-PA,461,464,0,0,0,464,A
3-PA,462,466,0,0,0,466,A
3-PA,463,456,0,0,0,456,A
3-PA,464,0,447,0,0,447,T
3-PA,465,0,0,444,0,444,G
3-PA,466,0,0,446,0,446,G
3-PA,467,1,1,0,444,446,C
3-PA,468,0,0,0,447,447,C
3-PA,469,446,1,0,0,447,A
3-PA,470,0,0,0,446,446,C
3-PA,471,444,0,0,0,444,A
3-PA,472,450,0,0,0,450,A
3-PA,473,448,0,0,0,448,A
3-PA,474,0,0,452,0,452,G
3-PA,475,0,0,449,0,449,G
3-PA,476,0,1,0,449,450,C
3-PA,477,451,0,0,0,451,A
3-PA,478,0,1,456,0,457,G
3-PA,479,458,0,0,0,458,A
3-PA,480,1,0,0,459,460,C
3-PA,481,0,457,0,0,457,T
3-PA,482,456,0,1,0,457,A
3-PA,483,0,0,0,454,454,C
3-PA,484,454,0,1,0,455,A
3-PA,485,1,0,0,454,455,C
3-PA,486,0,439,0,0,439,T
3-PA,487,0,0,0,440,440,C
3-PA,488,0,433,0,1,434,T
3-PA,489,0,0,0,432,432,C
3-PA,490,0,0,431,0,431,G
3-PA,491,428,1,0,0,429,A
3-PA,492,0,0,0,427,427,C
3-PA,493,0,1,429,0,430,G
3-PA,494,425,0,0,0,425,A
3-PA,495,0,0,431,0,431,G
3-PA,496,0,0,429,0,429,G
3-PA,497,427,0,0,1,428,A
3-PA,498,427,1,0,0,428,A
3-PA,499,424,0,0,0,424,A
3-PA,500,0,0,425,0,425,G
3-PA,501,0,0,0,428,428,C
3-PA,502,424,0,0,0,424,A
3-PA,503,0,0,425,0,425,G
3-PA,504,1,0,425,0,426,G
3-PA,505,0,0,425,0,425,G
3-PA,506,0,0,0,420,420,C
3-PA,507,0,419,0,0,419,T
3-PA,508,419,0,0,0,419,A
3-PA,509,0,0,426,0,426,G
3-PA,510,0,0,449,0,449,G
3-PA,511,450,0,0,0,450,A
3-PA,512,0,439,0,0,439,T
3-PA,513,0,431,0,0,431,T
3-PA,514,430,0,0,0,430,A
3-PA,515,435,0,0,0,435,A
3-PA,516,0,0,439,0,439,G
3-PA,517,439,0,0,0,439,A
3-PA,518,0,0,0,435,435,C
3-PA,519,0,0,0,399,399,C
3-PA,520,395,0,0,0,395,A
3-PA,521,0,1,398,0,399,G
3-PA,522,0,0,399,0,399,G
3-PA,523,0,0,0,403,403,C
3-PA,524,0,388,0,1,389,T
3-PA,525,0,0,401,0,401,G
3-PA,526,0,398,0,2,400,T
3-PA,527,0,401,0,0,401,T
3-PA,528,0,2,0,383,385,C
3-PA,529,387,0,0,0,387,A
3-PA,530,0,0,0,395,395,C
3-PA,531,0,0,0,398,398,C
3-PA,532,396,0,0,0,396,A
3-PA,533,1,397,0,0,398,T
3-PA,534,384,0,0,0,384,A
3-PA,535,385,0,0,0,385,A
3-PA,536,0,0,391,0,391,G
3-PA,537,389,0,0,0,389,A
3-PA,538,0,0,0,389,389,C
3-PA,539,372,0,0,0,372,A
3-PA,540,373,0,0,0,373,A
3-PA,541,0,0,374,0,374,G
3-PA,542,373,0,0,0,373,A
3-PA,543,371,0,0,0,371,A
3-PA,544,369,0,1,0,370,A
3-PA,545,0,368,0,0,368,T
3-PA,546,0,0,380,0,380,G
3-PA,547,0,0,378,0,378,G
3-PA,548,1,1,0,377,379,C
3-PA,549,0,374,0,3,377,T
3-PA,550,377,0,0,0,377,A
3-PA,551,382,0,0,1,383,A
3-PA,552,0,0,0,383,383,C
3-PA,553,381,1,0,0,382,A
3-PA,554,0,1,379,0,380,G
3-PA,555,366,0,0,0,366,A
3-PA,556,0,0,371,0,371,G
3-PA,557,0,0,373,0,373,G
3-PA,558,1,0,0,372,373,C
3-PA,559,1,0,0,375,376,C
3-PA,560,0,368,0,0,368,T
3-PA,561,2,0,0,371,373,C
3-PA,562,0,374,0,0,374,T
3-PA,563,0,0,374,0,374,G
3-PA,564,1,0,375,0,376,G
3-PA,565,0,0,370,0,370,G
3-PA,566,371,0,0,0,371,A
3-PA,567,0,365,0,1,366,T
3-PA,568,0,359,0,0,359,T
3-PA,569,0,0,0,447,447,C
3-PA,570,1,0,0,446,447,C
3-PA,571,0,455,0,0,455,T
3-PA,572,0,450,0,0,450,T
3-PA,573,0,455,0,1,456,T
3-PA,574,0,0,0,466,466,C
3-PA,575,0,0,467,0,467,G
3-PA,576,0,464,0,0,464,T
3-PA,577,1,0,0,465,466,C
3-PA,578,458,0,0,0,458,A
3-PA,579,0,0,608,0,608,G
3-PA,580,0,610,0,0,610,T
3-PA,581,0,0,0,612,612,C
3-PA,582,0,0,0,618,618,C
3-PA,583,1,1,616,0,618,G
3-PA,584,623,0,1,0,624,A
3-PA,585,622,0,0,0,622,A
3-PA,586,625,0,1,0,626,A
3-PA,587,0,0,653,0,653,G
3-PA,588,636,0,1,0,637,A
3-PA,589,0,0,646,0,646,G
3-PA,590,0,0,652,0,652,G
3-PA,591,1,0,0,652,653,C
3-PA,592,0,0,651,0,651,G
3-PA,593,650,1,0,1,652,A
3-PA,594,656,0,0,0,656,A
3-PA,595,0,0,662,0,662,G
3-PA,596,665,0,1,0,666,A
3-PA,597,663,1,0,0,664,A
3-PA,598,662,0,1,0,663,A
3-PA,599,0,0,0,671,671,C
3-PA,600,667,0,0,0,667,A
3-PA,601,669,0,1,0,670,A
3-PA,602,0,669,0,0,669,T
3-PA,603,0,668,1,0,669,T
3-PA,604,0,0,676,0,676,G
3-PA,605,670,1,1,0,672,A
3-PA,606,670,1,0,0,671,A
3-PA,607,0,0,677,0,677,G
3-PA,608,676,1,0,0,677,A
3-PA,609,677,0,0,0,677,A
3-PA,610,671,1,0,0,672,A
3-PA,611,674,0,0,0,674,A
3-PA,612,679,0,0,0,679,A
3-PA,613,0,680,0,0,680,T
3-PA,614,0,681,0,0,681,T
3-PA,615,0,682,0,0,682,T
3-PA,616,0,0,682,0,682,G
3-PA,617,680,0,1,0,681,A
3-PA,618,683,0,0,1,684,A
3-PA,619,684,1,0,0,685,A
3-PA,620,0,710,0,1,711,T
3-PA,621,0,0,0,829,829,C
3-PA,622,829,0,0,0,829,A
3-PA,623,0,0,0,840,840,C
3-PA,624,831,0,4,0,835,A
3-PA,625,0,2,856,0,858,G
3-PA,626,0,0,894,0,894,G
3-PA,627,914,0,0,0,914,A
3-PA,628,931,0,0,0,931,A
3-PA,629,0,0,0,948,948,C
3-PA,630,0,931,0,0,931,T
3-PA,631,1033,0,0,0,1033,A
3-PA,632,0,1059,0,0,1059,T
3-PA,633,0,0,1123,0,1123,G
3-PA,634,0,0,0,1120,1120,C
3-PA,635,0,1,1115,0,1116,G
3-PA,636,1,1109,0,0,1110,T
3-PA,637,1105,0,0,0,1105,A
3-PA,638,0,0,1130,0,1130,G
3-PA,639,0,0,1125,0,1125,G
3-PA,640,0,2,0,1111,1113,C
3-PA,641,0,1106,0,0,1106,T
3-PA,642,0,1094,0,1,1095,T
3-PA,643,0,0,1095,0,1095,G
3-PA,644,0,0,0,1092,1092,C
3-PA,645,0,0,1,1096,1097,C
3-PA,646,0,1,1111,0,1112,G
3-PA,647,1115,1,1,0,1117,A
3-PA,648,0,0,0,1116,1116,C
3-PA,649,0,0,0,1122,1122,C
3-PA,650,1117,0,2,0,1119,A
3-PA,651,1126,0,0,1,1127,A
3-PA,652,1126,0,0,0,1126,A
3-PA,653,0,0,1162,0,1162,G
3-PA,654,0,1158,0,2,1160,T
3-PA,655,0,0,0,1160,1160,C
3-PA,656,0,1160,0,0,1160,T
3-PA,657,0,0,0,1163,1163,C
3-PA,658,0,0,0,1172,1172,C
3-PA,659,1,1,0,1173,1175,C
3-PA,660,1180,1,1,0,1182,A
3-PA,661,0,0,1,1184,1185,C
3-PA,662,2,0,0,1178,1180,C
3-PA,663,0,0,1183,0,1183,G
3-PA,664,1216,0,1,0,1217,A
3-PA,665,1213,2,0,0,1215,A
3-PA,666,0,0,0,1233,1233,C
3-PA,667,0,1225,0,2,1227,T
3-PA,668,1,1252,0,5,1258,T
3-PA,669,0,0,0,1280,1280,C
3-PA,670,1,1268,0,3,1272,T
3-PA,671,1,0,0,1278,1279,C
3-PA,672,0,0,0,1278,1278,C
3-PA,673,1,1265,0,3,1269,T
3-PA,674,0,1,1301,0,1302,G
3-PA,675,1,0,0,1300,1301,C
3-PA,676,1,0,0,1309,1310,C
3-PA,677,0,1304,0,0,1304,T
3-PA,678,0,1296,0,0,1296,T
3-PA,679,0,0,1305,0,1305,G
3-PA,680,1304,0,0,0,1304,A
3-PA,681,0,1,1323,0,1324,G
3-PA,682,1327,0,1,0,1328,A
3-PA,683,1346,0,0,0,1346,A
3-PA,684,0,1381,0,0,1381,T
3-PA,685,1,1389,0,0,1390,T
3-PA,686,0,1388,0,1,1389,T
3-PA,687,0,1391,0,1,1392,T
3-PA,688,1385,0,2,0,1387,A
3-PA,689,1,0,1392,0,1393,G
3-PA,690,1383,0,0,0,1383,A
3-PA,691,0,0,1455,0,1455,G
3-PA,692,0,0,0,1469,1469,C
3-PA,693,1,0,0,1493,1494,C
3-PA,694,0,1547,0,1,1548,T
3-PA,695,1609,0,0,0,1609,A
3-PA,696,0,1612,0,0,1612,T
3-PA,697,1,2,1623,0,1626,G
3-PA,698,0,1626,0,0,1626,T
3-PA,699,0,2,1646,0,1648,G
3-PA,700,0,2,1632,0,1634,G
3-PA,701,1632,0,2,0,1634,A
3-PA,702,0,1621,0,1,1622,T
3-PA,703,0,0,1604,0,1604,G
3-PA,704,0,1,1653,0,1654,G
3-PA,705,1655,0,0,0,1655,A
3-PA,706,0,1644,0,0,1644,T
3-PA,707,0,1646,0,0,1646,T
3-PA,708,0,0,0,1644,1644,C
3-PA,709,2,0,1653,0,1655,G
3-PA,710,1662,0,1,0,1663,A
3-PA,711,1662,0,3,0,1665,A
3-PA,712,0,0,0,1674,1674,C
3-PA,713,2,0,0,1642,1644,C
3-PA,714,0,0,1650,0,1650,G
3-PA,715,1645,0,1,0,1646,A
3-PA,716,1651,0,0,0,1651,A
3-PA,717,0,0,0,1672,1672,C
3-PA,718,1,1,1666,0,1668,G
3-PA,719,0,0,1723,0,1723,G
3-PA,720,1,0,0,1729,1730,C
3-PA,721,1,1723,0,3,1727,T
3-PA,722,1,0,1770,0,1771,G
3-PA,723,0,0,0,1775,1775,C
3-PA,724,1790,0,3,0,1793,A
3-PA,725,1,1789,0,1,1791,T
3-PA,726,0,1782,0,0,1782,T
3-PA,727,0,0,1783,0,1783,G
3-PA,728,1752,1,2,0,1755,A
3-PA,729,0,4,1762,0,1766,G
3-PA,730,1,3,1758,0,1762,G
3-PA,731,3,0,1744,1,1748,G
3-PA,732,0,0,0,1745,1745,C
3-PA,733,1730,2,0,0,1732,A
3-PA,734,1734,0,1,0,1735,A
3-PA,735,0,0,1747,0,1747,G
3-PA,736,0,0,0,1754,1754,C
3-PA,737,0,1757,0,2,1759,T
3-PA,738,0,1750,0,0,1750,T
3-PA,739,0,1760,0,3,1763,T
3-PA,740,0,0,0,1766,1766,C
3-PA,741,0,1759,0,1,1760,T
3-PA,742,0,0,0,1772,1772,C
3-PA,743,1766,0,3,0,1769,A
3-PA,744,1761,0,0,0,1761,A
3-PA,745,1756,0,0,0,1756,A
3-PA,746,0,1757,0,0,1757,T
3-PA,747,0,0,1823,0,1823,G
3-PA,748,1,1818,0,2,1821,T
3-PA,749,2,0,0,1828,1830,C
3-PA,750,0,1,0,1839,1840,C
3-PA,751,1840,1,0,0,1841,A
3-PA,752,1842,0,0,0,1842,A
3-PA,753,1844,0,1,0,1845,A
3-PA,754,0,0,1864,0,1864,G
3-PA,755,1853,0,5,0,1858,A
3-PA,756,1831,0,1,0,1832,A
3-PA,757,0,1,1839,0,1840,G
3-PA,758,0,1834,0,1,1835,T
3-PA,759,0,0,1831,0,1831,G
3-PA,760,1832,0,0,0,1832,A
3-PA,761,1826,0,3,0,1829,A
3-PA,762,0,1835,0,0,1835,T
3-PA,763,0,1,1824,0,1825,G
3-PA,764,0,0,0,1837,1837,C
3-PA,765,1,1,0,1831,1833,C
3-PA,766,0,0,0,1827,1827,C
3-PA,767,1845,0,3,0,1848,A
3-PA,768,1856,0,0,0,1856,A
3-PA,769,1871,0,0,0,1871,A
3-PA,770,0,1868,0,1,1869,T
3-PA,771,0,1860,0,0,1860,T
3-PA,772,0,2,1858,1,1861,G
3-PA,773,1850,1,1,0,1852,A
3-PA,774,1846,1,4,0,1851,A
3-PA,775,1,2,0,1850,1853,C
3-PA,776,0,0,0,1850,1850,C
3-PA,777,0,1837,0,2,1839,T
3-PA,778,1,1885,0,1,1887,T
3-PA,779,0,1890,0,1,1891,T
3-PA,780,0,1938,1,1,1940,T
3-PA,781,0,0,0,1942,1942,C
3-PA,782,0,1940,0,0,1940,T
3-PA,783,1,0,1950,0,1951,G
3-PA,784,1940,0,1,0,1941,A
3-PA,785,1964,0,4,0,1968,A
3-PA,786,1,1,1980,0,1982,G
3-PA,787,1957,0,2,0,1959,A
3-PA,788,1,0,0,1972,1973,C
3-PA,789,1950,0,0,0,1950,A
3-PA,790,1966,0,3,0,1969,A
3-PA,791,0,1,0,2187,2188,C
3-PA,792,2191,0,1,0,2192,A
3-PA,793,0,0,0,2198,2198,C
3-PA,794,0,1,0,2180,2181,C
3-PA,795,2180,1,1,0,2182,A
3-PA,796,2182,0,0,1,2183,A
3-PA,797,88,0,2093,0,2181,G
3-PA,798,2180,0,4,0,2184,A
3-PA,799,0,0,0,2185,2185,C
3-PA,800,0,1,0,2031,2032,C
3-PA,801,2024,0,1,0,2025,A
3-PA,802,2026,1,1,0,2028,A
3-PA,803,1,2024,1,0,2026,T
3-PA,804,1,0,0,2029,2030,C
3-PA,805,2026,0,1,0,2027,A
3-PA,806,2022,0,1,1,2024,A
3-PA,807,2021,0,0,0,2021,A
3-PA,808,0,0,0,2040,2040,C
3-PA,809,0,2014,1,1,2016,T
3-PA,810,2,2035,0,0,2037,T
3-PA,811,1,0,0,2045,2046,C
3-PA,812,1,0,1,2042,2044,C
3-PA,813,0,2,2055,0,2057,G
3-PA,814,2057,1,0,0,2058,A
3-PA,815,2062,1,3,0,2066,A
3-PA,816,1,2064,0,0,2065,T
3-PA,817,0,0,2047,0,2047,G
3-PA,818,0,4,2057,0,2061,G
3-PA,819,2068,1,3,0,2072,A
3-PA,820,0,0,0,2077,2077,C
3-PA,821,0,1,0,2077,2078,C
3-PA,822,0,2141,0,2,2143,T
3-PA,823,0,0,0,2210,2210,C
3-PA,824,1,0,0,2218,2219,C
3-PA,825,1,2216,0,0,2217,T
3-PA,826,0,2218,0,1,2219,T
3-PA,827,0,0,2320,0,2320,G
3-PA,828,1,2293,0,3,2297,T
3-PA,829,0,2289,0,0,2289,T
3-PA,830,2290,0,0,1,2291,A
3-PA,831,0,2220,0,0,2220,T
3-PA,832,1,1,0,2205,2207,C
3-PA,833,2165,1,0,0,2166,A
3-PA,834,0,1,2163,0,2164,G
3-PA,835,0,0,0,2156,2156,C
3-PA,836,1,0,2098,1,2100,G
3-PA,837,3,0,2154,0,2157,G
3-PA,838,0,2155,0,1,2156,T
3-PA,839,0,0,1,2155,2156,C
3-PA,840,2,1,0,2155,2158,C
3-PA,841,2169,0,0,0,2169,A
3-PA,842,2167,0,1,0,2168,A
3-PA,843,2176,0,0,0,2176,A
3-PA,844,0,2177,0,0,2177,T
3-PA,845,1,2168,0,1,2170,T
3-PA,846,1,0,0,2161,2162,C
3-PA,847,1,0,0,2175,2176,C
3-PA,848,0,2175,0,1,2176,T
3-PA,849,1,0,0,2181,2182,C
3-PA,850,0,1,0,2187,2188,C
3-PA,851,2,2176,0,1,2179,T
3-PA,852,1,1,2189,1,2192,G
3-PA,853,2184,0,2,0,2186,A
3-PA,854,0,2189,0,1,2190,T
3-PA,855,0,1,2177,0,2178,G
3-PA,856,0,1,2148,0,2149,G
3-PA,857,2147,0,3,0,2150,A
3-PA,858,0,2136,0,1,2137,T
3-PA,859,0,0,2145,0,2145,G
3-PA,860,1,1,0,2255,2257,C
3-PA,861,1,2247,1,0,2249,T
3-PA,862,0,2247,0,5,2252,T
3-PA,863,0,2259,0,1,2260,T
3-PA,864,2259,0,1,0,2260,A
3-PA,865,2267,0,0,1,2268,A
3-PA,866,2266,1,0,0,2267,A
3-PA,867,2276,0,0,0,2276,A
3-PA,868,1,2269,1,0,2271,T
3-PA,869,0,2134,1,0,2135,T
3-PA,870,0,0,2140,0,2140,G
3-PA,871,2134,0,2,0,2136,A
3-PA,872,0,0,2169,0,2169,G
3-PA,873,2,1,1,2167,2171,C
3-PA,874,2166,0,1,0,2167,A
3-PA,875,0,2207,1,2,2210,T
3-PA,876,0,2207,0,0,2207,T
3-PA,877,0,1,2203,0,2204,G
3-PA,878,2207,3,2,0,2212,A
3-PA,879,2197,0,1,0,2198,A
3-PA,880,0,0,2203,0,2203,G
3-PA,881,2185,1,6,1,2193,A
3-PA,882,0,1,0,2209,2210,C
3-PA,883,1,0,0,2206,2207,C
3-PA,884,2,3,0,2170,2175,C
3-PA,885,2169,0,0,0,2169,A
3-PA,886,2258,0,0,0,2258,A
3-PA,887,0,0,2330,1,2331,G
3-PA,888,0,2344,3,1,2348,T
3-PA,889,3,0,1,2343,2347,C
3-PA,890,2347,0,0,0,2347,A
3-PA,891,0,2,0,2344,2346,C
3-PA,892,0,0,2344,0,2344,G
3-PA,893,2386,1,2,0,2389,A
3-PA,894,2382,1,2,0,2385,A
3-PA,895,0,0,2454,0,2454,G
3-PA,896,0,1,2450,0,2451,G
3-PA,897,2442,0,2,0,2444,A
3-PA,898,1,0,2465,0,2466,G
3-PA,899,2464,1,2,0,2467,A
3-PA,900,2459,0,4,0,2463,A
3-PA,901,1,3,2456,0,2460,G
3-PA,902,0,0,2432,0,2432,G
3-PA,903,0,1,2446,0,2447,G
3-PA,904,2387,0,2,0,2389,A
3-PA,905,1,2390,0,1,2392,T
3-PA,906,0,1,1,2395,2397,C
3-PA,907,1,0,1,2646,2648,C
3-PA,908,1,0,0,2678,2679,C
3-PA,909,2709,0,2,0,2711,A
3-PA,910,0,2712,0,1,2713,T
3-PA,911,0,2725,0,2,2727,T
3-PA,912,2783,0,0,0,2783,A
3-PA,913,0,2783,1,1,2785,T
3-PA,914,2778,1,1,0,2780,A
3-PA,915,0,2775,0,2,2777,T
3-PA,916,1,0,2526,0,2527,G
3-PA,917,2531,1,0,0,2532,A
3-PA,918,1,2491,1,0,2493,T
3-PA,919,1,0,2503,0,2504,G
3-PA,920,1,1,1,2485,2488,C
3-PA,921,1,0,2481,0,2482,G
3-PA,922,2488,0,1,0,2489,A
3-PA,923,0,2479,0,1,2480,T
3-PA,924,3,1,0,2488,2492,C
3-PA,925,2494,0,0,0,2494,A
3-PA,926,2473,0,1,1,2475,A
3-PA,927,0,1,2493,0,2494,G
3-PA,928,1,2477,0,3,2481,T
3-PA,929,0,1,2505,0,2506,G
3-PA,930,0,0,0,2508,2508,C
3-PA,931,2495,0,5,1,2501,A
3-PA,932,0,2505,0,1,2506,T
3-PA,933,2499,0,1,2,2502,A
3-PA,934,2525,0,0,1,2526,A
3-PA,935,2518,1,1,0,2520,A
3-PA,936,2514,0,2,0,2516,A
3-PA,937,2520,1,1,1,2523,A
3-PA,938,1,0,0,2524,2525,C
3-PA,939,2500,0,0,0,2500,A
3-PA,940,0,2511,1,2,2514,T
3-PA,941,0,2516,0,1,2517,T
3-PA,942,1,0,0,2524,2525,C
3-PA,943,0,2505,0,0,2505,T
3-PA,944,1,2504,0,0,2505,T
3-PA,945,0,2505,0,1,2506,T
3-PA,946,2,2,2506,0,2510,G
3-PA,947,1,0,2522,0,2523,G
3-PA,948,2517,1,1,0,2519,A
3-PA,949,0,2525,1,0,2526,T
3-PA,950,1,0,2535,0,2536,G
3-PA,951,1,0,2558,1,2560,G
3-PA,952,2556,0,1,0,2557,A
3-PA,953,2559,0,0,1,2560,A
3-PA,954,2556,0,8,0,2564,A
3-PA,955,0,1,2579,0,2580,G
3-PA,956,2577,0,1,0,2578,A
3-PA,957,2787,0,5,0,2792,A
3-PA,958,1,0,0,2834,2835,C
3-PA,959,1,2,0,2844,2847,C
3-PA,960,2,2842,0,0,2844,T
3-PA,961,0,2887,0,1,2888,T
3-PA,962,2904,0,0,0,2904,A
3-PA,963,0,2896,0,1,2897,T
3-PA,964,2884,1,1,0,2886,A
3-PA,965,0,2927,0,0,2927,T
3-PA,966,2727,0,1,0,2728,A
3-PA,967,0,0,2754,1,2755,G
3-PA,968,1,2725,0,0,2726,T
3-PA,969,0,1,0,2714,2715,C
3-PA,970,2688,0,0,0,2688,A
3-PA,971,2702,0,0,0,2702,A
3-PA,972,2695,0,3,0,2698,A
3-PA,973,0,0,0,2701,2701,C
3-PA,974,1,0,0,2666,2667,C
3-PA,975,2639,0,1,0,2640,A
3-PA,976,0,2,0,2660,2662,C
3-PA,977,2664,0,2,0,2666,A
3-PA,978,0,0,0,2675,2675,C
3-PA,979,0,0,2679,0,2679,G
3-PA,980,2666,0,1,0,2667,A
3-PA,981,2678,1,0,0,2679,A
3-PA,982,2670,0,2,0,2672,A
3-PA,983,2674,0,2,0,2676,A
3-PA,984,0,3,2677,0,2680,G
3-PA,985,0,4,2666,0,2670,G
3-PA,986,0,0,2687,0,2687,G
3-PA,987,2684,1,0,0,2685,A
3-PA,988,2686,0,0,0,2686,A
3-PA,989,0,2686,0,0,2686,T
3-PA,990,2689,0,0,0,2689,A
3-PA,991,2691,0,1,0,2692,A
3-PA,992,2699,0,0,0,2699,A
3-PA,993,1,2691,0,0,2692,T
3-PA,994,1,2680,0,1,2682,T
3-PA,995,0,0,0,2695,2695,C
3-PA,996,2692,0,0,0,2692,A
3-PA,997,2696,0,0,0,2696,A
3-PA,998,2699,0,0,0,2699,A
3-PA,999,0,2686,0,7,2693,T
3-PA,1000,0,2711,0,1,2712,T
3-PA,1001,2722,0,0,0,2722,A
3-PA,1002,0,0,0,2718,2718,C
3-PA,1003,0,1,0,2714,2715,C
3-PA,1004,0,2699,0,2,2701,T
3-PA,1005,5,0,2727,0,2732,G
3-PA,1006,1,0,0,2736,2737,C
3-PA,1007,1,2739,0,1,2741,T
3-PA,1008,0,0,2798,0,2798,G
3-PA,1009,0,2797,0,3,2800,T
3-PA,1010,3,0,1,2805,2809,C
3-PA,1011,2812,3,0,2,2817,A
3-PA,1012,1,2811,0,2,2814,T
3-PA,1013,0,2,2807,0,2809,G
3-PA,1014,0,0,2809,0,2809,G
3-PA,1015,2807,0,3,0,2810,A
3-PA,1016,2857,0,2,0,2859,A
3-PA,1017,0,1,2846,0,2847,G
3-PA,1018,0,1,0,2855,2856,C
3-PA,1019,2841,0,1,0,2842,A
3-PA,1020,2847,0,1,0,2848,A
3-PA,1021,0,0,2867,0,2867,G
3-PA,1022,1,2859,2,2,2864,T
3-PA,1023,2847,1,2,0,2850,A
3-PA,1024,1,0,0,2855,2856,C
3-PA,1025,0,2796,0,3,2799,T
3-PA,1026,0,0,2824,0,2824,G
3-PA,1027,1,2815,0,1,2817,T
3-PA,1028,1,3,0,2820,2824,C
3-PA,1029,2820,0,3,0,2823,A
3-PA,1030,1,2,2841,1,2845,G
3-PA,1031,2842,1,1,0,2844,A
3-PA,1032,2839,0,1,0,2840,A
3-PA,1033,0,2904,0,0,2904,T
3-PA,1034,0,2891,0,1,2892,T
3-PA,1035,0,1,2877,0,2878,G
3-PA,1036,0,1,0,2881,2882,C
3-PA,1037,2869,3,4,0,2876,A
3-PA,1038,0,0,2880,0,2880,G
3-PA,1039,0,3,2861,0,2864,G
3-PA,1040,2885,0,1,0,2886,A
3-PA,1041,0,0,0,2912,2912,C
3-PA,1042,2864,0,1,0,2865,A
3-PA,1043,1,2890,0,1,2892,T
3-PA,1044,0,2884,0,1,2885,T
3-PA,1045,1,3,2892,0,2896,G
3-PA,1046,2900,0,1,0,2901,A
3-PA,1047,2890,0,0,1,2891,A
3-PA,1048,2891,0,0,0,2891,A
3-PA,1049,2872,1,0,0,2873,A
3-PA,1050,0,2861,0,0,2861,T
3-PA,1051,1,0,2884,0,2885,G
3-PA,1052,2865,0,2,0,2867,A
3-PA,1053,1,1,2883,0,2885,G
3-PA,1054,0,1,2886,2,2889,G
3-PA,1055,2881,0,2,0,2883,A
3-PA,1056,0,1,2908,0,2909,G
3-PA,1057,2903,2,1,0,2906,A
3-PA,1058,2900,0,1,0,2901,A
3-PA,1059,0,0,2922,1,2923,G
3-PA,1060,2938,0,1,0,2939,A
3-PA,1061,0,2925,0,1,2926,T
3-PA,1062,1,2928,0,0,2929,T
3-PA,1063,3,0,0,2927,2930,C
3-PA,1064,1,1,0,2933,2935,C
3-PA,1065,2932,1,1,0,2934,A
3-PA,1066,2935,0,3,0,2938,A
3-PA,1067,0,1,2941,0,2942,G
3-PA,1068,2,0,2996,0,2998,G
3-PA,1069,2976,1,2,0,2979,A
3-PA,1070,1,0,0,2977,2978,C
3-PA,1071,1,2985,0,0,2986,T
3-PA,1072,2984,0,2,0,2986,A
3-PA,1073,2988,0,1,0,2989,A
3-PA,1074,2985,0,1,1,2987,A
3-PA,1075,2993,0,0,0,2993,A
3-PA,1076,2985,0,0,0,2985,A
3-PA,1077,0,1,1,2962,2964,C
3-PA,1078,2947,1,2,0,2950,A
3-PA,1079,0,2943,0,0,2943,T
3-PA,1080,0,0,2963,0,2963,G
3-PA,1081,2965,1,1,0,2967,A
3-PA,1082,2961,0,1,1,2963,A
3-PA,1083,1,1,2981,0,2983,G
3-PA,1084,2975,0,1,0,2976,A
3-PA,1085,2977,0,1,0,2978,A
3-PA,1086,2966,0,1,0,2967,A
3-PA,1087,2964,0,2,0,2966,A
3-PA,1088,1,1,0,2974,2976,C
3-PA,1089,2,0,2956,0,2958,G
3-PA,1090,2962,0,0,0,2962,A
3-PA,1091,2,0,2967,0,2969,G
3-PA,1092,2,2955,0,0,2957,T
3-PA,1093,1,0,0,2995,2996,C
3-PA,1094,3011,1,1,1,3014,A
3-PA,1095,3054,1,0,0,3055,A
3-PA,1096,0,0,0,3054,3054,C
3-PA,1097,0,3051,0,2,3053,T
3-PA,1098,0,0,3098,0,3098,G
3-PA,1099,3091,1,3,0,3095,A
3-PA,1100,3102,0,1,0,3103,A
3-PA,1101,0,0,3109,0,3109,G
3-PA,1102,1,3031,0,1,3033,T
3-PA,1103,1,1,3036,0,3038,G
3-PA,1104,0,0,3020,1,3021,G
3-PA,1105,1,0,3029,0,3030,G
3-PA,1106,0,1,1,3032,3034,C
3-PA,1107,0,3014,0,2,3016,T
3-PA,1108,0,0,0,3027,3027,C
3-PA,1109,0,3015,0,0,3015,T
3-PA,1110,1,3018,0,1,3020,T
3-PA,1111,2,2,3068,1,3073,G
3-PA,1112,3,0,3083,0,3086,G
3-PA,1113,0,3073,1,2,3076,T
3-PA,1114,1,0,3067,0,3068,G
3-PA,1115,3056,0,1,0,3057,A
3-PA,1116,3070,1,0,1,3072,A
3-PA,1117,3046,1,3,1,3051,A
3-PA,1118,3054,1,1,5,3061,A
3-PA,1119,1,0,0,3063,3064,C
3-PA,1120,3019,0,1,0,3020,A
3-PA,1121,0,3017,0,1,3018,T
3-PA,1122,0,2,3005,2,3009,G
3-PA,1123,1,0,3042,0,3043,G
3-PA,1124,0,1,0,3043,3044,C
3-PA,1125,3053,1,1,0,3055,A
3-PA,1126,1,1,0,3059,3061,C
3-PA,1127,1,1,0,3072,3074,C
3-PA,1128,3100,1,3,1,3105,A
3-PA,1129,2,0,3129,0,3131,G
3-PA,1130,3127,2,1,1,3131,A
3-PA,1131,0,1,3154,0,3155,G
3-PA,1132,3147,1,0,0,3148,A
3-PA,1133,3142,0,1,1,3144,A
3-PA,1134,0,1,3150,0,3151,G
3-PA,1135,0,3,3133,1,3137,G
3-PA,1136,0,3130,0,0,3130,T
3-PA,1137,3081,0,6,1,3088,A
3-PA,1138,0,1,3084,0,3085,G
3-PA,1139,3085,0,0,0,3085,A
3-PA,1140,3,0,0,3097,3100,C
3-PA,1141,0,3069,0,4,3073,T
3-PA,1142,1,3060,0,3,3064,T
3-PA,1143,2,3063,0,6,3071,T
3-PA,1144,0,0,3082,0,3082,G
3-PA,1145,3047,0,27,0,3074,A
3-PA,1146,3078,1,2,0,3081,A
3-PA,1147,3073,0,1,1,3075,A
3-PA,1148,3052,0,1,2,3055,A
3-PA,1149,0,1,0,3099,3100,C
3-PA,1150,2,3082,0,2,3086,T
3-PA,1151,1,0,3117,0,3118,G
3-PA,1152,0,2,0,3105,3107,C
3-PA,1153,3120,0,1,0,3121,A
3-PA,1154,0,0,3116,0,3116,G
3-PA,1155,3107,0,1,0,3108,A
3-PA,1156,0,0,3219,0,3219,G
3-PA,1157,3226,0,2,0,3228,A
3-PA,1158,0,0,0,3192,3192,C
3-PA,1159,3176,0,20,0,3196,A
3-PA,1160,1,3180,0,0,3181,T
3-PA,1161,3185,0,0,0,3185,A
3-PA,1162,3173,2,5,0,3180,A
3-PA,1163,1,1,3179,0,3181,G
3-PA,1164,0,1,0,3177,3178,C
3-PA,1165,1,2,3101,0,3104,G
3-PA,1166,3167,0,0,0,3167,A
3-PA,1167,0,3130,0,0,3130,T
3-PA,1168,0,3136,1,1,3138,T
3-PA,1169,0,3139,0,2,3141,T
3-PA,1170,1,0,3151,0,3152,G
3-PA,1171,3165,2,3,0,3170,A
3-PA,1172,3162,2,4,1,3169,A
3-PA,1173,0,0,3189,0,3189,G
3-PA,1174,0,0,0,3259,3259,C
3-PA,1175,3225,2,2,1,3230,A
3-PA,1176,3427,2,1,0,3430,A
3-PA,1177,0,3426,1,0,3427,T
3-PA,1178,3435,0,0,1,3436,A
3-PA,1179,2,3445,0,0,3447,T
3-PA,1180,0,1,3454,0,3455,G
3-PA,1181,3476,0,3,0,3479,A
3-PA,1182,0,3468,0,0,3468,T
3-PA,1183,3359,1,0,0,3360,A
3-PA,1184,1,0,3366,0,3367,G
3-PA,1185,1,3214,0,1,3216,T
3-PA,1186,0,0,3220,1,3221,G
3-PA,1187,3215,1,3,0,3219,A
3-PA,1188,0,0,0,3191,3191,C
3-PA,1189,2,0,3177,1,3180,G
3-PA,1190,3199,0,0,1,3200,A
3-PA,1191,3210,1,1,0,3212,A
3-PA,1192,0,0,1,3228,3229,C
3-PA,1193,1,1,0,3227,3229,C
3-PA,1194,0,3224,1,2,3227,T
3-PA,1195,0,0,3296,1,3297,G
3-PA,1196,3295,1,2,2,3300,A
3-PA,1197,3310,0,0,0,3310,A
3-PA,1198,0,3304,1,1,3306,T
3-PA,1199,1,3277,0,0,3278,T
3-PA,1200,3274,0,1,2,3277,A
3-PA,1201,3243,0,2,1,3246,A
3-PA,1202,0,1,3256,0,3257,G
3-PA,1203,0,0,3258,0,3258,G
3-PA,1204,0,3189,0,2,3191,T
3-PA,1205,4,0,0,3180,3184,C
3-PA,1206,3184,0,2,0,3186,A
3-PA,1207,0,2,0,3288,3290,C
3-PA,1208,0,3293,0,0,3293,T
3-PA,1209,0,3295,1,2,3298,T
3-PA,1210,1,3299,0,3,3303,T
3-PA,1211,2,1,0,3299,3302,C
3-PA,1212,3294,1,4,0,3299,A
3-PA,1213,3296,0,3,0,3299,A
3-PA,1214,0,0,3358,0,3358,G
3-PA,1215,0,0,1,3346,3347,C
3-PA,1216,0,3289,0,0,3289,T
3-PA,1217,0,0,3379,0,3379,G
3-PA,1218,0,1,3394,0,3395,G
3-PA,1219,3429,0,0,0,3429,A
3-PA,1220,0,3451,1,0,3452,T
3-PA,1221,3449,1,3,0,3453,A
3-PA,1222,0,2,0,3465,3467,C
3-PA,1223,3408,0,0,0,3408,A
3-PA,1224,0,0,3453,0,3453,G
3-PA,1225,3435,0,4,0,3439,A
3-PA,1226,3391,0,0,0,3391,A
3-PA,1227,0,3351,0,0,3351,T
3-PA,1228,1,0,3355,0,3356,G
3-PA,1229,3340,0,4,0,3344,A
3-PA,1230,0,0,3395,0,3395,G
3-PA,1231,0,3367,0,0,3367,T
3-PA,1232,1,3354,0,1,3356,T
3-PA,1233,1,0,0,3416,3417,C
3-PA,1234,3435,0,1,0,3436,A
3-PA,1235,3437,0,5,0,3442,A
3-PA,1236,0,0,0,3438,3438,C
3-PA,1237,3402,0,1,0,3403,A
3-PA,1238,3397,0,2,0,3399,A
3-PA,1239,0,1,3397,0,3398,G
3-PA,1240,1,1,3429,0,3431,G
3-PA,1241,0,2,1,3438,3441,C
3-PA,1242,0,0,0,3418,3418,C
3-PA,1243,4,3397,0,3,3404,T
3-PA,1244,0,1,3424,1,3426,G
3-PA,1245,1,3421,0,0,3422,T
3-PA,1246,0,1,3449,0,3450,G
3-PA,1247,3451,0,4,0,3455,A
3-PA,1248,2,1,3443,0,3446,G
3-PA,1249,1,1,0,3424,3426,C
3-PA,1250,0,3396,0,1,3397,T
3-PA,1251,3473,0,1,0,3474,A
3-PA,1252,3477,0,0,1,3478,A
3-PA,1253,0,0,0,3481,3481,C
3-PA,1254,1,3455,0,0,3456,T
3-PA,1255,1,2,3445,2,3450,G
3-PA,1256,3454,0,1,0,3455,A
3-PA,1257,3,3437,0,1,3441,T
3-PA,1258,0,3443,0,2,3445,T
3-PA,1259,4,0,1,3450,3455,C
3-PA,1260,3546,2,3,0,3551,A
3-PA,1261,0,0,3624,0,3624,G
3-PA,1262,0,3614,1,2,3617,T
3-PA,1263,0,1,0,3620,3621,C
3-PA,1264,0,3597,0,3,3600,T
3-PA,1265,0,0,3730,0,3730,G
3-PA,1266,0,2,3726,0,3728,G
3-PA,1267,3732,1,3,0,3736,A
3-PA,1268,0,3735,0,0,3735,T
3-PA,1269,3566,0,0,0,3566,A
3-PA,1270,0,1,3562,1,3564,G
3-PA,1271,3506,0,3,0,3509,A
3-PA,1272,0,0,3512,1,3513,G
3-PA,1273,0,0,0,3514,3514,C
3-PA,1274,0,3431,0,1,3432,T
3-PA,1275,3,0,0,3442,3445,C
3-PA,1276,0,0,3453,0,3453,G
3-PA,1277,3461,0,0,0,3461,A
3-PA,1278,0,3460,0,2,3462,T
3-PA,1279,2,0,3444,1,3447,G
3-PA,1280,3483,0,1,0,3484,A
3-PA,1281,3488,0,1,0,3489,A
3-PA,1282,3498,0,1,0,3499,A
3-PA,1283,1,3492,0,2,3495,T
3-PA,1284,2,3484,0,2,3488,T
3-PA,1285,1,1,3518,0,3520,G
3-PA,1286,1,1,3521,0,3523,G
3-PA,1287,3510,0,4,0,3514,A
3-PA,1288,1,1,3515,0,3517,G
3-PA,1289,3475,2,4,1,3482,A
3-PA,1290,0,2,3505,0,3507,G
3-PA,1291,1,2,3540,0,3543,G
3-PA,1292,3573,0,1,0,3574,A
3-PA,1293,1,0,0,3572,3573,C
3-PA,1294,0,0,3556,0,3556,G
3-PA,1295,0,3551,0,0,3551,T
3-PA,1296,3585,1,0,0,3586,A
3-PA,1297,0,0,3594,0,3594,G
3-PA,1298,1,2,0,3633,3636,C
3-PA,1299,1,3,0,3603,3607,C
3-PA,1300,2,2,0,3571,3575,C
3-PA,1301,3,2,0,3547,3552,C
3-PA,1302,3561,0,0,1,3562,A
3-PA,1303,3683,1,0,0,3684,A
3-PA,1304,0,3675,1,1,3677,T
3-PA,1305,0,3645,0,2,3647,T
3-PA,1306,1,3,3629,0,3633,G
3-PA,1307,3572,1,2,0,3575,A
3-PA,1308,3,0,3577,0,3580,G
3-PA,1309,0,2,2,3569,3573,C
3-PA,1310,3556,0,0,0,3556,A
3-PA,1311,0,0,0,3616,3616,C
3-PA,1312,3526,0,2,0,3528,A
3-PA,1313,0,3619,1,1,3621,T
3-PA,1314,0,3621,0,0,3621,T
3-PA,1315,0,1,3625,0,3626,G
3-PA,1316,0,1,0,3613,3614,C
3-PA,1317,3620,0,2,0,3622,A
3-PA,1318,3614,0,4,0,3618,A
3-PA,1319,1,0,3626,0,3627,G
3-PA,1320,0,1,0,3561,3562,C
3-PA,1321,3560,0,1,0,3561,A
3-PA,1322,1,3458,0,2,3461,T
3-PA,1323,1,0,3469,0,3470,G
3-PA,1324,3454,0,2,0,3456,A
3-PA,1325,0,0,3470,0,3470,G
3-PA,1326,3464,1,2,0,3467,A
3-PA,1327,3456,0,1,0,3457,A
3-PA,1328,1,2,3446,0,3449,G
3-PA,1329,0,1,3440,0,3441,G
3-PA,1330,3444,0,2,0,3446,A
3-PA,1331,3440,1,0,1,3442,A
3-PA,1332,0,3442,0,1,3443,T
3-PA,1333,1,3443,0,0,3444,T
3-PA,1334,3453,0,0,0,3453,A
3-PA,1335,1,3464,1,1,3467,T
3-PA,1336,0,3466,0,1,3467,T
3-PA,1337,1,3486,0,1,3488,T
3-PA,1338,0,2,1,3454,3457,C
3-PA,1339,3444,1,1,1,3447,A
3-PA,1340,1,1,0,3516,3518,C
3-PA,1341,3500,0,0,0,3500,A
3-PA,1342,0,0,3523,0,3523,G
3-PA,1343,1,1,0,3517,3519,C
3-PA,1344,3502,0,2,0,3504,A
3-PA,1345,1,0,3519,0,3520,G
3-PA,1346,3500,1,0,0,3501,A
3-PA,1347,1,0,3536,0,3537,G
3-PA,1348,0,0,3541,1,3542,G
3-PA,1349,1,3478,0,4,3483,T
3-PA,1350,0,1,3530,0,3531,G
3-PA,1351,0,3501,0,3,3504,T
3-PA,1352,0,1,0,3502,3503,C
3-PA,1353,1,0,0,3537,3538,C
3-PA,1354,4,2,0,3518,3524,C
3-PA,1355,3560,0,0,0,3560,A
3-PA,1356,0,3601,0,0,3601,T
3-PA,1357,0,3570,0,1,3571,T
3-PA,1358,1,1,3583,0,3585,G
3-PA,1359,1,3516,0,0,3517,T
3-PA,1360,3483,0,3,0,3486,A
3-PA,1361,1,1,3478,0,3480,G
3-PA,1362,3396,1,2,0,3399,A
3-PA,1363,2,2,3400,1,3405,G
3-PA,1364,0,1,0,3355,3356,C
3-PA,1365,0,0,0,3311,3311,C
3-PA,1366,3357,0,1,0,3358,A
3-PA,1367,2,0,1,3361,3364,C
3-PA,1368,2,3349,1,0,3352,T
3-PA,1369,1,0,3353,0,3354,G
3-PA,1370,3344,1,1,0,3346,A
3-PA,1371,3279,1,1,1,3282,A
3-PA,1372,1,3351,0,1,3353,T
3-PA,1373,3391,0,0,0,3391,A
3-PA,1374,0,0,0,3423,3423,C
3-PA,1375,3338,0,0,1,3339,A
3-PA,1376,1,3352,0,0,3353,T
3-PA,1377,3331,0,1,0,3332,A
3-PA,1378,3328,0,0,0,3328,A
3-PA,1379,0,3321,0,0,3321,T
3-PA,1380,0,1,3284,0,3285,G
3-PA,1381,3263,3,0,0,3266,A
3-PA,1382,3205,0,0,0,3205,A
3-PA,1383,0,4,3202,0,3206,G
3-PA,1384,2,2,3193,0,3197,G
3-PA,1385,1,2,3222,0,3225,G
3-PA,1386,0,1,3225,0,3226,G
3-PA,1387,0,1,3261,0,3262,G
3-PA,1388,0,3222,1,1,3224,T
3-PA,1389,3233,1,0,0,3234,A
3-PA,1390,0,3241,0,1,3242,T
3-PA,1391,3263,0,0,0,3263,A
3-PA,1392,0,0,1,3530,3531,C
3-PA,1393,3437,0,0,0,3437,A
3-PA,1394,0,3361,0,2,3363,T
3-PA,1395,0,3316,0,1,3317,T
3-PA,1396,3280,1,1,0,3282,A
3-PA,1397,3342,1,1,0,3344,A
3-PA,1398,0,0,0,3342,3342,C
3-PA,1399,3279,1,0,0,3280,A
3-PA,1400,0,0,1,3278,3279,C
3-PA,1401,0,2896,0,1,2897,T
3-PA,1402,2,1,2989,0,2992,G
3-PA,1403,0,0,0,2980,2980,C
3-PA,1404,2,0,0,2974,2976,C
3-PA,1405,1,2,0,2980,2983,C
3-PA,1406,2,2882,0,0,2884,T
3-PA,1407,1,0,2979,0,2980,G
3-PA,1408,0,0,0,2977,2977,C
3-PA,1409,0,2956,0,3,2959,T
3-PA,1410,2,0,0,3046,3048,C
3-PA,1411,2926,2,1,0,2929,A
3-PA,1412,2944,0,0,0,2944,A
3-PA,1413,0,2943,0,1,2944,T
3-PA,1414,0,1,2944,0,2945,G
3-PA,1415,0,1,0,2936,2937,C
3-PA,1416,2850,1,2,0,2853,A
3-PA,1417,1,2851,1,2,2855,T
3-PA,1418,0,1,0,2857,2858,C
3-PA,1419,1,1,0,2878,2880,C
3-PA,1420,0,2750,0,2,2752,T
3-PA,1421,2,0,2817,0,2819,G
3-PA,1422,0,2808,0,2,2810,T
3-PA,1423,1,2,2809,0,2812,G
3-PA,1424,0,1,0,2810,2811,C
3-PA,1425,2770,0,4,0,2774,A
3-PA,1426,1,0,2783,1,2785,G
3-PA,1427,1,0,0,2783,2784,C
3-PA,1428,2742,0,0,0,2742,A
3-PA,1429,2742,0,1,0,2743,A
3-PA,1430,1,2619,1,1,2622,T
3-PA,1431,0,2,2623,0,2625,G
3-PA,1432,0,0,2627,0,2627,G
3-PA,1433,2626,1,2,0,2629,A
3-PA,1434,0,1,0,2624,2625,C
3-PA,1435,0,0,2593,0,2593,G
3-PA,1436,2619,1,0,0,2620,A
3-PA,1437,1,2618,0,1,2620,T
3-PA,1438,0,2614,0,0,2614,T
3-PA,1439,0,2610,0,0,2610,T
3-PA,1440,1,2611,0,1,2613,T
3-PA,1441,1,1,1,2614,2617,C
3-PA,1442,2620,1,0,0,2621,A
3-PA,1443,2624,0,1,0,2625,A
3-PA,1444,0,95,0,2527,2622,C
3-PA,1445,1,2585,0,1,2587,T
3-PA,1446,2578,0,1,0,2579,A
3-PA,1447,2584,0,1,0,2585,A
3-PA,1448,0,2578,1,0,2579,T
3-PA,1449,0,2579,1,1,2581,T
3-PA,1450,1,0,0,2582,2583,C
3-PA,1451,0,0,0,2575,2575,C
3-PA,1452,0,0,0,2568,2568,C
3-PA,1453,2562,0,1,0,2563,A
3-PA,1454,0,2596,0,2,2598,T
3-PA,1455,1,2,2599,0,2602,G
3-PA,1456,2607,0,0,0,2607,A
3-PA,1457,0,2595,0,0,2595,T
3-PA,1458,2584,0,1,0,2585,A
3-PA,1459,2575,1,1,0,2577,A
3-PA,1460,0,0,2576,0,2576,G
3-PA,1461,1,0,0,2572,2573,C
3-PA,1462,2561,0,0,0,2561,A
3-PA,1463,2502,0,6,0,2508,A
3-PA,1464,2,0,2539,0,2541,G
3-PA,1465,1,2532,0,1,2534,T
3-PA,1466,1,0,2531,0,2532,G
3-PA,1467,1,0,1,2521,2523,C
3-PA,1468,2492,0,8,0,2500,A
3-PA,1469,0,1,2549,0,2550,G
3-PA,1470,2539,1,1,0,2541,A
3-PA,1471,2563,1,2,0,2566,A
3-PA,1472,0,0,1,2568,2569,C
3-PA,1473,0,2491,1,1,2493,T
3-PA,1474,2515,0,0,0,2515,A
3-PA,1475,2515,0,0,0,2515,A
3-PA,1476,2511,0,0,0,2511,A
3-PA,1477,0,0,2517,0,2517,G
3-PA,1478,2376,0,1,0,2377,A
3-PA,1479,1,5,2367,0,2373,G
3-PA,1480,0,0,2321,0,2321,G
3-PA,1481,0,3,2302,0,2305,G
3-PA,1482,2,1,2228,0,2231,G
3-PA,1483,2233,0,1,0,2234,A
3-PA,1484,0,0,2235,0,2235,G
3-PA,1485,0,0,2231,0,2231,G
3-PA,1486,0,1,0,2230,2231,C
3-PA,1487,0,2,2229,0,2231,G
3-PA,1488,2219,0,0,1,2220,A
3-PA,1489,2225,0,1,0,2226,A
3-PA,1490,2226,0,0,1,2227,A
3-PA,1491,2222,1,0,0,2223,A
3-PA,1492,2219,0,2,1,2222,A
3-PA,1493,0,0,0,2225,2225,C
3-PA,1494,1,0,0,2214,2215,C
3-PA,1495,2213,0,0,0,2213,A
3-PA,1496,2231,0,0,0,2231,A
3-PA,1497,0,2225,0,1,2226,T
3-PA,1498,0,2222,1,2,2225,T
3-PA,1499,0,2232,0,0,2232,T
3-PA,1500,2235,0,1,0,2236,A
3-PA,1501,0,2235,0,0,2235,T
3-PA,1502,2231,0,1,0,2232,A
3-PA,1503,1,2225,0,0,2226,T
3-PA,1504,0,0,2199,0,2199,G
3-PA,1505,0,0,2172,0,2172,G
3-PA,1506,2167,1,0,0,2168,A
3-PA,1507,0,2164,0,1,2165,T
3-PA,1508,0,2150,0,0,2150,T
3-PA,1509,1,0,0,2132,2133,C
3-PA,1510,2138,1,0,1,2140,A
3-PA,1511,2,2146,1,1,2150,T
3-PA,1512,1,0,0,2155,2156,C
3-PA,1513,2144,0,0,1,2145,A
3-PA,1514,0,2124,0,0,2124,T
3-PA,1515,2101,0,1,1,2103,A
3-PA,1516,2096,0,0,2,2098,A
3-PA,1517,2095,0,4,1,2100,A
3-PA,1518,0,3,2093,0,2096,G
3-PA,1519,0,0,2047,0,2047,G
3-PA,1520,0,0,2022,0,2022,G
3-PA,1521,2013,0,1,0,2014,A
3-PA,1522,1989,0,0,0,1989,A
3-PA,1523,1,0,1995,0,1996,G
3-PA,1524,1971,1,2,1,1975,A
3-PA,1525,0,1970,0,2,1972,T
3-PA,1526,1,0,0,1966,1967,C
3-PA,1527,1,1880,0,38,1919,T
3-PA,1528,1,0,0,1951,1952,C
3-PA,1529,1949,0,1,1,1951,A
3-PA,1530,0,1944,0,1,1945,T
3-PA,1531,0,1953,0,0,1953,T
3-PA,1532,1,1914,0,0,1915,T
3-PA,1533,1891,0,0,0,1891,A
3-PA,1534,1886,0,0,0,1886,A
3-PA,1535,0,0,1887,0,1887,G
3-PA,1536,0,0,1893,0,1893,G
3-PA,1537,1767,0,2,0,1769,A
3-PA,1538,1770,1,0,0,1771,A
3-PA,1539,0,1750,14,0,1764,T
3-PA,1540,0,2,1760,0,1762,G
3-PA,1541,1786,0,3,0,1789,A
3-PA,1542,0,1,0,1783,1784,C
3-PA,1543,1773,0,2,0,1775,A
3-PA,1544,0,0,0,1772,1772,C
3-PA,1545,1709,0,1,0,1710,A
3-PA,1546,1,0,1710,0,1711,G
3-PA,1547,1687,0,0,0,1687,A
3-PA,1548,0,2,0,1653,1655,C
3-PA,1549,1,0,1640,0,1641,G
3-PA,1550,0,1472,0,1,1473,T
3-PA,1551,0,0,1472,0,1472,G
3-PA,1552,0,0,1477,0,1477,G
3-PA,1553,0,1476,0,2,1478,T
3-PA,1554,1474,0,1,0,1475,A
3-PA,1555,1443,0,1,0,1444,A
3-PA,1556,1441,0,0,0,1441,A
3-PA,1557,1,1442,0,0,1443,T
3-PA,1558,0,1422,0,0,1422,T
3-PA,1559,0,1425,0,0,1425,T
3-PA,1560,0,1404,0,0,1404,T
3-PA,1561,0,0,1403,0,1403,G
3-PA,1562,0,1381,0,0,1381,T
3-PA,1563,1,0,1381,0,1382,G
3-PA,1564,1357,0,2,0,1359,A
3-PA,1565,0,0,1362,0,1362,G
3-PA,1566,0,0,0,1346,1346,C
3-PA,1567,1354,0,0,0,1354,A
3-PA,1568,0,1348,0,1,1349,T
3-PA,1569,0,0,1347,0,1347,G
3-PA,1570,0,1,1352,0,1353,G
3-PA,1571,1352,0,0,0,1352,A
3-PA,1572,1,0,1354,0,1355,G
3-PA,1573,0,1329,0,0,1329,T
3-PA,1574,2,1302,0,2,1306,T
3-PA,1575,1,1303,1,0,1305,T
3-PA,1576,0,1298,0,0,1298,T
3-PA,1577,0,0,0,1299,1299,C
3-PA,1578,1,1289,0,1,1291,T
3-PA,1579,0,0,0,1289,1289,C
3-PA,1580,0,1242,0,0,1242,T
3-PA,1581,0,0,1,1229,1230,C
3-PA,1582,1231,0,0,0,1231,A
3-PA,1583,1,0,0,1228,1229,C
3-PA,1584,0,1177,0,0,1177,T
3-PA,1585,0,0,1173,0,1173,G
3-PA,1586,1168,0,2,0,1170,A
3-PA,1587,0,0,0,1169,1169,C
3-PA,1588,0,0,0,1156,1156,C
3-PA,1589,0,0,0,1139,1139,C
3-PA,1590,1,0,1134,0,1135,G
3-PA,1591,1135,0,0,0,1135,A
3-PA,1592,0,1,1134,0,1135,G
3-PA,1593,1132,0,0,0,1132,A
3-PA,1594,0,0,0,1102,1102,C
3-PA,1595,1,1066,0,1,1068,T
3-PA,1596,0,979,0,0,979,T
3-PA,1597,0,0,978,0,978,G
3-PA,1598,969,0,1,0,970,A
3-PA,1599,0,0,973,0,973,G
3-PA,1600,0,0,0,967,967,C
3-PA,1601,3,0,0,911,914,C
3-PA,1602,919,0,0,0,919,A
3-PA,1603,0,1,0,912,913,C
3-PA,1604,916,0,0,0,916,A
3-PA,1605,1,914,0,0,915,T
3-PA,1606,903,0,0,0,903,A
3-PA,1607,896,0,0,0,896,A
3-PA,1608,891,0,0,0,891,A
3-PA,1609,0,881,0,0,881,T
3-PA,1610,0,0,869,0,869,G
3-PA,1611,0,0,731,0,731,G
3-PA,1612,0,0,714,0,714,G
3-PA,1613,684,0,0,0,684,A
3-PA,1614,0,0,672,0,672,G
3-PA,1615,653,0,0,0,653,A
3-PA,1616,632,0,0,0,632,A
3-PA,1617,625,1,0,0,626,A
3-PA,1618,0,625,0,0,625,T
3-PA,1619,608,0,0,0,608,A
3-PA,1620,3,0,0,601,604,C
3-PA,1621,0,325,0,0,325,T
3-PA,1622,0,0,328,0,328,G
3-PA,1623,1,183,0,0,184,T
3-PA,1624,0,0,185,0,185,G
3-PA,1625,0,165,0,0,165,T
3-PA,1626,0,0,0,113,113,C
3-PA,1627,0,0,0,103,103,C
3-PA,1628,0,95,0,0,95,T
3-PA,1629,0,95,0,0,95,T
3-PA,1630,0,0,95,0,95,G
3-PA,1631,96,0,0,0,96,A
3-PA,1632,0,0,99,0,99,G
3-PA,1633,99,0,0,0,99,A
3-PA,1634,0,99,0,0,99,T
3-PA,1635,99,0,0,0,99,A
3-PA,1636,0,0,98,0,98,G
3-PA,1637,0,0,99,0,99,G
3-PA,1638,99,0,0,0,99,A
3-PA,1639,0,0,99,0,99,G
3-PA,1640,97,0,0,0,97,A
3-PA,1641,0,97,0,0,97,T
3-PA,1642,99,0,0,0,99,A
3-PA,1643,0,99,0,0,99,T
3-PA,1644,0,0,99,0,99,G
3-PA,1645,0,97,0,0,97,T
3-PA,1646,0,97,0,0,97,T
3-PA,1647,99,0,0,0,99,A
3-PA,1648,0,0,0,98,98,C
3-PA,1649,0,97,0,1,98,T
3-PA,1650,99,0,0,0,99,A
3-PA,1651,98,0,0,0,98,A
3-PA,1652,0,0,100,0,100,G
3-PA,1653,100,0,0,0,100,A
3-PA,1654,99,0,0,0,99,A
3-PA,1655,0,0,97,0,97,G
3-PA,1656,0,97,0,0,97,T
3-PA,1657,0,0,100,0,100,G
3-PA,1658,0,0,0,100,100,C
3-PA,1659,0,0,0,101,101,C
3-PA,1660,101,0,0,0,101,A
3-PA,1661,0,100,0,0,100,T
3-PA,1662,100,0,0,0,100,A
3-PA,1663,0,0,100,0,100,G
3-PA,1664,0,0,100,0,100,G
3-PA,1665,0,0,0,97,97,C
3-PA,1666,0,0,0,98,98,C
3-PA,1667,98,0,0,0,98,A
3-PA,1668,98,0,0,0,98,A
3-PA,1669,99,0,0,0,99,A
3-PA,1670,0,103,0,0,103,T
3-PA,1671,0,103,0,0,103,T
3-PA,1672,0,102,0,0,102,T
3-PA,1673,0,0,0,103,103,C
3-PA,1674,103,0,0,0,103,A
3-PA,1675,104,0,0,0,104,A
3-PA,1676,0,0,103,0,103,G
3-PA,1677,0,0,109,0,109,G
3-PA,1678,0,0,0,109,109,C
3-PA,1679,0,0,0,108,108,C
3-PA,1680,0,107,0,0,107,T
3-PA,1681,112,0,0,0,112,A
3-PA,1682,0,112,0,0,112,T
3-PA,1683,0,0,114,0,114,G
3-PA,1684,0,114,0,0,114,T
3-PA,1685,0,117,0,0,117,T
3-PA,1686,0,0,0,117,117,C
3-PA,1687,0,116,0,0,116,T
3-PA,1688,0,117,0,0,117,T
3-PA,1689,0,0,117,0,117,G
3-PA,1690,0,115,0,0,115,T
3-PA,1691,114,0,0,0,114,A
3-PA,1692,0,112,0,0,112,T
3-PA,1693,0,0,112,0,112,G
3-PA,1694,0,110,0,0,110,T
3-PA,1695,0,0,110,0,110,G
3-PA,1696,107,0,0,0,107,A
3-PA,1697,0,0,106,0,106,G
3-PA,1698,0,1,106,0,107,G
3-PA,1699,107,0,0,0,107,A
3-PA,1700,0,0,0,107,107,C
3-PA,1701,109,0,0,0,109,A
3-PA,1702,108,0,0,0,108,A
3-PA,1703,109,0,0,0,109,A
3-PA,1704,0,0,0,109,109,C
3-PA,1705,0,0,108,0,108,G
3-PA,1706,1,0,107,0,108,G
3-PA,1707,108,0,0,0,108,A
3-PA,1708,108,0,0,0,108,A
3-PA,1709,0,0,0,108,108,C
3-PA,1710,107,0,0,0,107,A
3-PA,1711,0,107,0,0,107,T
3-PA,1712,0,0,0,106,106,C
3-PA,1713,107,0,0,0,107,A
3-PA,1714,106,0,0,0,106,A
3-PA,1715,105,0,0,0,105,A
3-PA,1716,0,0,105,0,105,G
3-PA,1717,0,0,106,0,106,G
3-PA,1718,0,106,0,0,106,T
3-PA,1719,0,0,0,106,106,C
3-PA,1720,106,0,0,0,106,A
3-PA,1721,106,0,0,0,106,A
3-PA,1722,106,0,0,0,106,A
3-PA,1723,106,0,0,0,106,A
3-PA,1724,0,105,0,0,105,T
3-PA,1725,0,0,107,0,107,G
3-PA,1726,105,0,0,0,105,A
3-PA,1727,106,0,0,0,106,A
3-PA,1728,106,0,0,0,106,A
3-PA,1729,0,106,0,0,106,T
3-PA,1730,0,0,109,0,109,G
3-PA,1731,1,0,108,0,109,G
3-PA,1732,0,0,108,0,108,G
3-PA,1733,0,0,109,0,109,G
3-PA,1734,110,0,0,0,110,A
3-PA,1735,110,0,0,0,110,A
3-PA,1736,0,110,0,0,110,T
3-PA,1737,0,0,111,0,111,G
3-PA,1738,0,0,111,0,111,G
3-PA,1739,109,0,0,0,109,A
3-PA,1740,0,0,111,0,111,G
3-PA,1741,109,0,0,0,109,A
3-PA,1742,0,107,0,0,107,T
3-PA,1743,0,0,107,0,107,G
3-PA,1744,107,0,0,0,107,A
3-PA,1745,0,0,107,0,107,G
3-PA,1746,107,0,0,0,107,A
3-PA,1747,0,0,0,106,106,C
3-PA,1748,0,0,106,0,106,G
3-PA,1749,0,105,0,0,105,T
3-PA,1750,0,104,0,0,104,T
3-PA,1751,0,1,104,0,105,G
3-PA,1752,0,0,0,104,104,C
3-PA,1753,0,0,0,107,107,C
3-PA,1754,0,106,0,0,106,T
3-PA,1755,0,0,0,111,111,C
3-PA,1756,0,0,0,111,111,C
3-PA,1757,0,111,0,0,111,T
3-PA,1758,0,112,0,0,112,T
3-PA,1759,0,0,0,112,112,C
3-PA,1760,112,0,0,0,112,A
3-PA,1761,0,0,112,0,112,G
3-PA,1762,0,112,0,0,112,T
3-PA,1763,0,0,0,115,115,C
3-PA,1764,110,0,0,0,110,A
3-PA,1765,0,0,0,119,119,C
3-PA,1766,0,120,0,0,120,T
3-PA,1767,0,0,0,121,121,C
3-PA,1768,0,0,0,121,121,C
3-PA,1769,121,0,0,0,121,A
3-PA,1770,0,0,121,0,121,G
3-PA,1771,0,0,0,121,121,C
3-PA,1772,117,0,0,0,117,A
3-PA,1773,0,0,118,0,118,G
3-PA,1774,113,0,0,0,113,A
3-PA,1775,0,113,0,0,113,T
3-PA,1776,0,0,0,112,112,C
3-PA,1777,0,0,111,0,111,G
3-PA,1778,112,0,0,0,112,A
3-PA,1779,0,0,112,0,112,G
3-PA,1780,112,0,0,0,112,A
3-PA,1781,0,0,114,0,114,G
3-PA,1782,0,0,0,113,113,C
3-PA,1783,112,0,0,0,112,A
3-PA,1784,0,112,0,0,112,T
3-PA,1785,0,0,118,0,118,G
3-PA,1786,118,0,0,0,118,A
3-PA,1787,0,116,0,0,116,T
3-PA,1788,0,117,0,0,117,T
3-PA,1789,0,0,117,0,117,G
3-PA,1790,117,0,0,0,117,A
3-PA,1791,117,0,0,0,117,A
3-PA,1792,0,0,119,0,119,G
3-PA,1793,0,0,0,119,119,C
3-PA,1794,1,0,0,117,118,C
3-PA,1795,0,0,118,0,118,G
3-PA,1796,117,0,1,0,118,A
3-PA,1797,0,0,119,0,119,G
3-PA,1798,0,119,0,0,119,T
3-PA,1799,0,0,0,119,119,C
3-PA,1800,0,0,0,118,118,C
3-PA,1801,0,119,0,0,119,T
3-PA,1802,1,0,0,119,120,C
3-PA,1803,0,0,120,0,120,G
3-PA,1804,0,0,120,0,120,G
3-PA,1805,0,119,0,0,119,T
3-PA,1806,1,117,0,0,118,T
3-PA,1807,118,0,0,0,118,A
3-PA,1808,119,0,0,0,119,A
3-PA,1809,119,0,0,0,119,A
3-PA,1810,0,0,119,0,119,G
3-PA,1811,119,0,0,0,119,A
3-PA,1812,0,1,118,0,119,G
3-PA,1813,111,0,0,0,111,A
3-PA,1814,111,0,0,0,111,A
3-PA,1815,111,0,0,0,111,A
3-PA,1816,0,0,110,0,110,G
3-PA,1817,111,0,0,0,111,A
3-PA,1818,0,0,0,111,111,C
3-PA,1819,108,1,0,0,109,A
3-PA,1820,0,109,0,0,109,T
3-PA,1821,0,0,109,0,109,G
3-PA,1822,109,0,0,0,109,A
3-PA,1823,0,0,0,109,109,C
3-PA,1824,0,0,0,108,108,C
3-PA,1825,108,0,0,0,108,A
3-PA,1826,108,0,0,0,108,A
3-PA,1827,107,0,0,0,107,A
3-PA,1828,0,0,107,0,107,G
3-PA,1829,107,0,0,0,107,A
3-PA,1830,0,0,106,0,106,G
3-PA,1831,0,105,0,0,105,T
3-PA,1832,0,104,0,0,104,T
3-PA,1833,0,104,0,0,104,T
3-PA,1834,0,105,0,0,105,T
3-PA,1835,0,105,0,0,105,T
3-PA,1836,0,105,0,0,105,T
3-PA,1837,0,0,105,0,105,G
3-PA,1838,103,0,1,0,104,A
3-PA,1839,0,0,104,0,104,G
3-PA,1840,101,0,0,0,101,A
3-PA,1841,103,0,0,0,103,A
3-PA,1842,0,103,0,0,103,T
3-PA,1843,102,1,0,0,103,A
3-PA,1844,107,0,0,0,107,A
3-PA,1845,108,0,0,0,108,A
3-PA,1846,0,108,0,0,108,T
3-PA,1847,0,0,0,108,108,C
3-PA,1848,107,0,0,0,107,A
3-PA,1849,0,0,107,0,107,G
3-PA,1850,106,0,0,0,106,A
3-PA,1851,106,0,0,0,106,A
3-PA,1852,0,0,108,0,108,G
3-PA,1853,0,0,0,105,105,C
3-PA,1854,105,0,0,0,105,A
3-PA,1855,0,105,0,0,105,T
3-PA,1856,0,0,104,0,104,G
3-PA,1857,0,0,105,0,105,G
3-PA,1858,0,0,0,105,105,C
3-PA,1859,0,0,0,109,109,C
3-PA,1860,0,0,0,109,109,C
3-PA,1861,109,0,0,0,109,A
3-PA,1862,0,109,0,0,109,T
3-PA,1863,0,109,0,0,109,T
3-PA,1864,0,0,107,0,107,G
3-PA,1865,0,0,108,0,108,G
3-PA,1866,0,0,105,0,105,G
3-PA,1867,0,0,105,0,105,G
3-PA,1868,101,0,0,0,101,A
3-PA,1869,0,0,102,0,102,G
3-PA,1870,0,96,0,1,97,T
3-PA,1871,0,1,0,102,103,C
3-PA,1872,0,0,0,107,107,C
3-PA,1873,0,0,0,109,109,C
3-PA,1874,0,0,0,107,107,C
3-PA,1875,0,0,0,109,109,C
3-PA,1876,108,0,0,0,108,A
3-PA,1877,109,0,0,0,109,A
3-PA,1878,0,0,108,0,108,G
3-PA,1879,0,0,102,0,102,G
3-PA,1880,0,0,104,0,104,G
3-PA,1881,93,0,0,0,93,A
3-PA,1882,0,0,94,0,94,G
3-PA,1883,0,94,0,0,94,T
3-PA,1884,0,0,94,0,94,G
3-PA,1885,0,0,94,0,94,G
3-PA,1886,94,0,0,0,94,A
3-PA,1887,92,1,0,0,93,A
3-PA,1888,0,0,94,0,94,G
3-PA,1889,94,0,0,0,94,A
3-PA,1890,93,0,0,0,93,A
3-PA,1891,0,0,93,0,93,G
3-PA,1892,0,0,94,0,94,G
3-PA,1893,0,93,0,1,94,T
3-PA,1894,0,92,0,0,92,T
3-PA,1895,0,0,0,93,93,C
3-PA,1896,0,0,0,93,93,C
3-PA,1897,93,0,0,0,93,A
3-PA,1898,0,92,1,0,93,T
3-PA,1899,0,92,0,0,92,T
3-PA,1900,1,0,92,0,93,G
3-PA,1901,0,0,94,0,94,G
3-PA,1902,1,0,93,0,94,G
3-PA,1903,94,0,0,0,94,A
3-PA,1904,94,0,0,0,94,A
3-PA,1905,96,0,0,0,96,A
3-PA,1906,0,0,96,0,96,G
3-PA,1907,0,96,0,0,96,T
3-PA,1908,0,0,0,96,96,C
3-PA,1909,0,95,0,0,95,T
3-PA,1910,0,0,95,0,95,G
3-PA,1911,0,95,0,0,95,T
3-PA,1912,95,0,0,0,95,A
3-PA,1913,0,0,95,0,95,G
3-PA,1914,0,0,95,0,95,G
3-PA,1915,95,0,0,0,95,A
3-PA,1916,0,0,0,95,95,C
3-PA,1917,0,93,0,0,93,T
3-PA,1918,0,0,0,93,93,C
3-PA,1919,0,94,0,0,94,T
3-PA,1920,94,0,0,0,94,A
3-PA,1921,0,94,0,0,94,T
3-PA,1922,0,91,0,1,92,T
3-PA,1923,0,0,95,0,95,G
3-PA,1924,0,0,93,0,93,G
3-PA,1925,0,0,0,94,94,C
3-PA,1926,0,95,0,0,95,T
3-PA,1927,87,0,0,0,87,A
3-PA,1928,88,0,0,0,88,A
3-PA,1929,0,0,87,0,87,G
3-PA,1930,0,88,0,0,88,T
3-PA,1931,0,0,0,88,88,C
3-PA,1932,84,0,0,0,84,A
3-PA,1933,0,0,88,0,88,G
3-PA,1934,0,86,0,0,86,T
3-PA,1935,88,0,0,0,88,A
3-PA,1936,0,88,0,0,88,T
3-PA,1937,0,87,0,0,87,T
3-PA,1938,0,0,0,88,88,C
3-PA,1939,89,0,0,0,89,A
3-PA,1940,89,0,0,0,89,A
3-PA,1941,0,88,1,0,89,T
3-PA,1942,89,0,0,0,89,A
3-PA,1943,0,0,90,0,90,G
3-PA,1944,0,0,0,91,91,C
3-PA,1945,0,0,0,91,91,C
3-PA,1946,0,86,0,0,86,T
3-PA,1947,0,0,86,0,86,G
3-PA,1948,0,87,0,0,87,T
3-PA,1949,87,0,0,0,87,A
3-PA,1950,0,87,0,0,87,T
3-PA,1951,0,0,85,0,85,G
3-PA,1952,0,0,0,84,84,C
3-PA,1953,82,0,0,0,82,A
3-PA,1954,0,81,0,0,81,T
3-PA,1955,0,0,0,81,81,C
3-PA,1956,78,0,0,0,78,A
3-PA,1957,0,0,0,80,80,C
3-PA,1958,1,0,0,78,79,C
3-PA,1959,79,0,0,0,79,A
3-PA,1960,0,0,0,80,80,C
3-PA,1961,78,0,0,0,78,A
3-PA,1962,79,0,0,0,79,A
3-PA,1963,0,79,0,0,79,T
3-PA,1964,0,79,0,0,79,T
3-PA,1965,0,0,79,0,79,G
3-PA,1966,0,0,78,0,78,G
3-PA,1967,76,0,0,0,76,A
3-PA,1968,76,0,0,0,76,A
3-PA,1969,0,0,75,0,75,G
3-PA,1970,0,1,74,0,75,G
3-PA,1971,75,0,0,0,75,A
3-PA,1972,0,74,0,0,74,T
3-PA,1973,0,75,0,0,75,T
3-PA,1974,0,74,0,0,74,T
3-PA,1975,0,75,0,0,75,T
3-PA,1976,0,0,0,75,75,C
3-PA,1977,75,0,0,0,75,A
3-PA,1978,0,0,75,0,75,G
3-PA,1979,0,0,0,73,73,C
3-PA,1980,0,0,73,0,73,G
3-PA,1981,0,0,73,0,73,G
3-PA,1982,73,0,0,0,73,A
3-PA,1983,0,0,73,0,73,G
3-PA,1984,0,73,0,0,73,T
3-PA,1985,0,0,0,73,73,C
3-PA,1986,72,0,0,0,72,A
3-PA,1987,73,0,0,0,73,A
3-PA,1988,0,0,73,0,73,G
3-PA,1989,73,0,0,0,73,A
3-PA,1990,73,0,0,0,73,A
3-PA,1991,72,0,0,0,72,A
3-PA,1992,70,0,0,0,70,A
3-PA,1993,0,0,0,70,70,C
3-PA,1994,0,68,0,0,68,T
3-PA,1995,0,0,68,0,68,G
3-PA,1996,0,0,0,68,68,C
3-PA,1997,0,68,0,0,68,T
3-PA,1998,0,0,0,68,68,C
3-PA,1999,0,0,0,68,68,C
3-PA,2000,0,69,0,0,69,T
3-PA,2001,0,69,0,0,69,T
3-PA,2002,0,0,69,0,69,G
3-PA,2003,0,69,0,0,69,T
3-PA,2004,0,67,0,0,67,T
3-PA,2005,0,0,67,0,67,G
3-PA,2006,0,68,0,0,68,T
3-PA,2007,0,68,0,0,68,T
3-PA,2008,0,0,0,68,68,C
3-PA,2009,67,0,0,0,67,A
3-PA,2010,0,0,67,0,67,G
3-PA,2011,0,0,67,0,67,G
3-PA,2012,0,0,0,67,67,C
3-PA,2013,0,65,0,0,65,T
3-PA,2014,0,0,0,68,68,C
3-PA,2015,0,68,0,0,68,T
3-PA,2016,0,68,0,0,68,T
3-PA,2017,68,0,0,0,68,A
3-PA,2018,0,0,67,0,67,G
3-PA,2019,0,0,68,0,68,G
3-PA,2020,0,0,68,0,68,G
3-PA,2021,68,0,0,0,68,A
3-PA,2022,0,0,0,68,68,C
3-PA,2023,63,0,0,0,63,A
3-PA,2024,64,0,0,0,64,A
3-PA,2025,0,0,0,66,66,C
3-PA,2026,0,0,0,66,66,C
3-PA,2027,0,66,0,0,66,T
3-PA,2028,0,0,0,66,66,C
3-PA,2029,0,0,66,0,66,G
3-PA,2030,65,0,0,0,65,A
3-PA,2031,66,0,0,0,66,A
3-PA,2032,0,0,0,66,66,C
3-PA,2033,0,0,0,62,62,C
3-PA,2034,0,63,0,0,63,T
3-PA,2035,0,0,63,0,63,G
3-PA,2036,1,0,62,0,63,G
3-PA,2037,0,0,63,0,63,G
3-PA,2038,62,0,0,0,62,A
3-PA,2039,0,0,0,64,64,C
3-PA,2040,0,0,0,64,64,C
3-PA,2041,0,60,0,0,60,T
3-PA,2042,0,62,0,0,62,T
3-PA,2043,0,62,0,0,62,T
3-PA,2044,0,0,62,0,62,G
3-PA,2045,62,0,0,0,62,A
3-PA,2046,0,62,0,0,62,T
3-PA,2047,0,0,0,62,62,C
3-PA,2048,0,61,0,0,61,T
3-PA,2049,0,61,0,0,61,T
3-PA,2050,0,0,61,0,61,G
3-PA,2051,0,0,61,0,61,G
3-PA,2052,0,0,61,0,61,G
3-PA,2053,0,0,60,0,60,G
3-PA,2054,0,0,60,0,60,G
3-PA,2055,0,0,60,0,60,G
3-PA,2056,0,0,0,60,60,C
3-PA,2057,0,60,0,0,60,T
3-PA,2058,60,0,0,0,60,A
3-PA,2059,0,60,0,0,60,T
3-PA,2060,60,0,0,0,60,A
3-PA,2061,0,60,0,0,60,T
3-PA,2062,0,0,56,0,56,G
3-PA,2063,56,0,0,0,56,A
3-PA,2064,56,0,0,0,56,A
3-PA,2065,0,0,56,0,56,G
3-PA,2066,0,0,0,55,55,C
3-PA,2067,49,0,0,0,49,A
3-PA,2068,49,0,0,0,49,A
3-PA,2069,0,49,0,0,49,T
3-PA,2070,0,49,0,0,49,T
3-PA,2071,0,0,49,0,49,G
3-PA,2072,49,0,0,0,49,A
3-PA,2073,0,0,49,0,49,G
3-PA,2074,0,0,49,0,49,G
3-PA,2075,47,0,0,0,47,A
3-PA,2076,0,0,47,0,47,G
3-PA,2077,0,43,0,0,43,T
3-PA,2078,0,0,43,0,43,G
3-PA,2079,0,0,0,43,43,C
3-PA,2080,0,0,0,43,43,C
3-PA,2081,0,43,0,0,43,T
3-PA,2082,0,0,43,0,43,G
3-PA,2083,44,0,0,0,44,A
3-PA,2084,0,44,0,0,44,T
3-PA,2085,0,41,0,0,41,T
3-PA,2086,39,0,0,0,39,A
3-PA,2087,38,0,0,0,38,A
3-PA,2088,0,38,0,0,38,T
3-PA,2089,0,0,38,0,38,G
3-PA,2090,38,0,0,0,38,A
3-PA,2091,0,36,0,0,36,T
3-PA,2092,0,0,0,35,35,C
3-PA,2093,0,0,0,33,33,C
3-PA,2094,0,0,0,33,33,C
3-PA,2095,0,33,0,0,33,T
3-PA,2096,0,0,33,0,33,G
3-PA,2097,0,0,33,0,33,G
3-PA,2098,0,0,34,0,34,G
3-PA,2099,0,34,0,0,34,T
3-PA,2100,0,32,0,0,32,T
3-PA,2101,0,32,0,0,32,T
3-PA,2102,0,32,0,0,32,T
3-PA,2103,0,0,32,0,32,G
3-PA,2104,0,0,0,32,32,C
3-PA,2105,0,32,0,0,32,T
3-PA,2106,0,0,0,32,32,C
3-PA,2107,27,0,0,0,27,A
3-PA,2108,27,0,0,0,27,A
3-PA,2109,0,27,0,0,27,T
3-PA,2110,0,0,27,0,27,G
3-PA,2111,0,1,0,26,27,C
3-PA,2112,0,0,27,0,27,G
3-PA,2113,0,27,0,0,27,T
3-PA,2114,0,0,0,27,27,C
3-PA,2115,0,25,0,0,25,T
3-PA,2116,0,25,0,0,25,T
3-PA,2117,0,0,25,0,25,G
3-PA,2118,0,0,25,0,25,G
3-PA,2119,0,23,0,0,23,T
3-PA,2120,0,23,0,0,23,T
3-PA,2121,0,0,0,23,23,C
3-PA,2122,23,0,0,0,23,A
3-PA,2123,23,0,0,0,23,A
3-PA,2124,0,0,0,23,23,C
3-PA,2125,0,22,0,0,22,T
3-PA,2126,0,0,0,22,22,C
3-PA,2127,0,0,0,21,21,C
3-PA,2128,0,21,0,0,21,T
3-PA,2129,0,21,0,0,21,T
3-PA,2130,0,0,0,21,21,C
3-PA,2131,0,0,0,21,21,C
3-PA,2132,0,21,0,0,21,T
3-PA,2133,0,0,21,0,21,G
3-PA,2134,21,0,0,0,21,A
3-PA,2135,0,0,0,21,21,C
3-PA,2136,21,0,0,0,21,A
3-PA,2137,0,0,0,21,21,C
3-PA,2138,20,0,0,0,20,A
3-PA,2139,0,20,0,0,20,T
3-PA,2140,0,0,20,0,20,G
3-PA,2141,0,0,0,20,20,C
3-PA,2142,20,0,0,0,20,A
3-PA,2143,0,20,0,0,20,T
3-PA,2144,0,20,0,0,20,T
3-PA,2145,20,0,0,0,20,A
3-PA,2146,19,0,0,0,19,A
3-PA,2147,19,0,0,0,19,A
3-PA,2148,19,0,0,0,19,A
3-PA,2149,0,19,0,0,19,T
3-PA,2150,16,0,0,0,16,A
3-PA,2151,0,0,16,0,16,G
4-HA,1,369,0,0,0,369,A
4-HA,2,0,369,0,0,369,T
4-HA,3,0,0,380,0,380,G
4-HA,4,383,0,1,0,384,A
4-HA,5,388,0,0,0,388,A
4-HA,6,0,0,426,0,426,G
4-HA,7,427,0,0,0,427,A
4-HA,8,0,0,0,471,471,C
4-HA,9,0,472,0,0,472,T
4-HA,10,487,0,0,0,487,A
4-HA,11,0,518,0,1,519,T
4-HA,12,0,0,0,520,520,C
4-HA,13,520,0,0,0,520,A
4-HA,14,0,522,0,0,522,T
4-HA,15,0,521,0,0,521,T
4-HA,16,0,1,568,0,569,G
4-HA,17,0,0,0,573,573,C
4-HA,18,0,572,0,0,572,T
4-HA,19,0,573,0,0,573,T
4-HA,20,0,574,0,0,574,T
4-HA,21,0,0,605,0,605,G
4-HA,22,612,0,0,0,612,A
4-HA,23,0,0,641,0,641,G
4-HA,24,0,1,0,641,642,C
4-HA,25,0,641,0,0,641,T
4-HA,26,688,0,0,0,688,A
4-HA,27,0,0,0,696,696,C
4-HA,28,710,1,0,0,711,A
4-HA,29,0,753,0,0,753,T
4-HA,30,1,751,0,0,752,T
4-HA,31,0,0,0,757,757,C
4-HA,32,0,757,0,0,757,T
4-HA,33,768,0,0,0,768,A
4-HA,34,0,767,0,1,768,T
4-HA,35,0,1,770,0,771,G
4-HA,36,0,775,0,0,775,T
4-HA,37,0,0,0,776,776,C
4-HA,38,0,769,0,4,773,T
4-HA,39,0,0,774,0,774,G
4-HA,40,2,0,770,0,772,G
4-HA,41,0,774,0,0,774,T
4-HA,42,0,778,0,0,778,T
4-HA,43,0,777,0,1,778,T
4-HA,44,0,777,0,1,778,T
4-HA,45,0,0,0,776,776,C
4-HA,46,0,1,773,0,774,G
4-HA,47,0,0,0,784,784,C
4-HA,48,0,779,0,1,780,T
4-HA,49,0,0,0,784,784,C
4-HA,50,785,1,0,0,786,A
4-HA,51,787,0,0,0,787,A
4-HA,52,788,0,0,0,788,A
4-HA,53,787,0,1,0,788,A
4-HA,54,785,1,0,0,786,A
4-HA,55,0,0,0,790,790,C
4-HA,56,0,788,0,0,788,T
4-HA,57,0,790,0,0,790,T
4-HA,58,0,0,0,789,789,C
4-HA,59,0,0,0,791,791,C
4-HA,60,0,790,0,0,790,T
4-HA,61,0,0,802,0,802,G
4-HA,62,0,0,800,0,800,G
4-HA,63,802,0,0,0,802,A
4-HA,64,814,0,0,0,814,A
4-HA,65,813,0,1,1,815,A
4-HA,66,0,823,0,0,823,T
4-HA,67,0,0,844,0,844,G
4-HA,68,846,0,0,0,846,A
4-HA,69,0,0,0,868,868,C
4-HA,70,867,0,0,0,867,A
4-HA,71,866,0,0,0,866,A
4-HA,72,0,0,0,878,878,C
4-HA,73,876,0,0,0,876,A
4-HA,74,1,0,911,0,912,G
4-HA,75,0,0,0,916,916,C
4-HA,76,913,0,0,0,913,A
4-HA,77,0,1,0,911,912,C
4-HA,78,0,908,1,0,909,T
4-HA,79,0,1,974,0,975,G
4-HA,80,0,0,0,979,979,C
4-HA,81,981,0,0,0,981,A
4-HA,82,986,0,1,1,988,A
4-HA,83,0,0,0,989,989,C
4-HA,84,0,0,1017,0,1017,G
4-HA,85,0,0,0,1023,1023,C
4-HA,86,0,1014,0,0,1014,T
4-HA,87,0,0,1033,0,1033,G
4-HA,88,0,1033,0,0,1033,T
4-HA,89,0,0,1075,0,1075,G
4-HA,90,1,0,0,1088,1089,C
4-HA,91,0,0,0,1119,1119,C
4-HA,92,0,1117,0,0,1117,T
4-HA,93,0,1113,0,0,1113,T
4-HA,94,0,0,1117,0,1117,G
4-HA,95,0,0,1115,0,1115,G
4-HA,96,0,0,1137,0,1137,G
4-HA,97,0,1,0,1139,1140,C
4-HA,98,1143,0,0,1,1144,A
4-HA,99,0,0,0,1160,1160,C
4-HA,100,1,0,0,1157,1158,C
4-HA,101,1262,1,0,0,1263,A
4-HA,102,0,1266,0,0,1266,T
4-HA,103,0,0,1274,0,1274,G
4-HA,104,0,0,0,1273,1273,C
4-HA,105,1265,0,1,0,1266,A
4-HA,106,0,0,1361,0,1361,G
4-HA,107,0,1361,0,1,1362,T
4-HA,108,1371,0,0,0,1371,A
4-HA,109,0,1,0,1369,1370,C
4-HA,110,0,0,1,1338,1339,C
4-HA,111,1347,0,0,0,1347,A
4-HA,112,1343,0,1,0,1344,A
4-HA,113,1344,0,1,0,1345,A
4-HA,114,0,0,0,1354,1354,C
4-HA,115,1,0,1330,1,1332,G
4-HA,116,0,1,1372,0,1373,G
4-HA,117,1370,0,1,0,1371,A
4-HA,118,1367,0,4,0,1371,A
4-HA,119,0,2,0,1368,1370,C
4-HA,120,1351,0,0,0,1351,A
4-HA,121,1382,0,1,0,1383,A
4-HA,122,1,1384,0,0,1385,T
4-HA,123,1399,0,0,1,1400,A
4-HA,124,0,0,1406,0,1406,G
4-HA,125,1,1382,0,0,1383,T
4-HA,126,2,1,1388,1,1392,G
4-HA,127,1389,0,1,0,1390,A
4-HA,128,1392,0,1,0,1393,A
4-HA,129,1396,0,0,0,1396,A
4-HA,130,1388,1,0,0,1389,A
4-HA,131,0,1,0,1399,1400,C
4-HA,132,1406,0,0,0,1406,A
4-HA,133,1406,0,0,0,1406,A
4-HA,134,0,1405,0,0,1405,T
4-HA,135,0,0,0,1403,1403,C
4-HA,136,1406,0,0,0,1406,A
4-HA,137,0,2,0,1408,1410,C
4-HA,138,0,0,1413,0,1413,G
4-HA,139,1404,1,0,0,1405,A
4-HA,140,1405,0,2,1,1408,A
4-HA,141,0,1402,0,1,1403,T
4-HA,142,0,2,1404,0,1406,G
4-HA,143,1419,0,3,0,1422,A
4-HA,144,0,0,0,1417,1417,C
4-HA,145,0,2,0,1417,1419,C
4-HA,146,1434,1,1,0,1436,A
4-HA,147,1443,0,1,0,1444,A
4-HA,148,1447,0,0,0,1447,A
4-HA,149,0,1446,0,1,1447,T
4-HA,150,0,1447,0,0,1447,T
4-HA,151,1,2,1446,1,1450,G
4-HA,152,1444,0,1,0,1445,A
4-HA,153,1442,0,10,0,1452,A
4-HA,154,0,1,1458,1,1460,G
4-HA,155,0,1455,0,2,1457,T
4-HA,156,0,1515,1,1,1517,T
4-HA,157,1524,1,1,0,1526,A
4-HA,158,0,1,0,1531,1532,C
4-HA,159,0,1532,0,0,1532,T
4-HA,160,1527,0,0,0,1527,A
4-HA,161,1552,0,0,0,1552,A
4-HA,162,0,1549,0,1,1550,T
4-HA,163,1,0,1543,0,1544,G
4-HA,164,0,0,0,1603,1603,C
4-HA,165,0,1591,0,0,1591,T
4-HA,166,1598,0,0,0,1598,A
4-HA,167,0,1,0,1595,1596,C
4-HA,168,0,1591,0,0,1591,T
4-HA,169,0,0,1600,0,1600,G
4-HA,170,1584,0,0,0,1584,A
4-HA,171,0,0,1586,0,1586,G
4-HA,172,0,0,0,1588,1588,C
4-HA,173,1,1558,0,0,1559,T
4-HA,174,0,0,1579,0,1579,G
4-HA,175,0,0,1604,0,1604,G
4-HA,176,1,1605,0,3,1609,T
4-HA,177,0,1607,0,0,1607,T
4-HA,178,0,2,0,1600,1602,C
4-HA,179,1605,0,1,0,1606,A
4-HA,180,1,0,1601,0,1602,G
4-HA,181,1599,0,0,0,1599,A
4-HA,182,1582,0,1,0,1583,A
4-HA,183,0,1618,0,0,1618,T
4-HA,184,0,1620,0,0,1620,T
4-HA,185,0,0,0,1627,1627,C
4-HA,186,0,1,0,1624,1625,C
4-HA,187,0,1627,0,1,1628,T
4-HA,188,0,0,0,1631,1631,C
4-HA,189,1622,0,2,0,1624,A
4-HA,190,1628,0,1,0,1629,A
4-HA,191,1,0,0,1642,1643,C
4-HA,192,1622,0,1,0,1623,A
4-HA,193,0,1,1647,0,1648,G
4-HA,194,0,0,1643,0,1643,G
4-HA,195,0,1643,0,0,1643,T
4-HA,196,0,1,1644,0,1645,G
4-HA,197,1641,0,1,0,1642,A
4-HA,198,1646,0,0,0,1646,A
4-HA,199,1691,0,1,0,1692,A
4-HA,200,0,1685,0,0,1685,T
4-HA,201,1698,0,1,0,1699,A
4-HA,202,1,1672,0,0,1673,T
4-HA,203,0,0,1674,0,1674,G
4-HA,204,0,0,0,1681,1681,C
4-HA,205,1,0,1682,0,1683,G
4-HA,206,1688,0,1,0,1689,A
4-HA,207,0,0,0,1690,1690,C
4-HA,208,1669,1,0,0,1670,A
4-HA,209,0,0,1768,0,1768,G
4-HA,210,0,1762,0,1,1763,T
4-HA,211,1,0,0,1779,1780,C
4-HA,212,4,0,0,1768,1772,C
4-HA,213,0,1764,1,1,1766,T
4-HA,214,0,0,1,1799,1800,C
4-HA,215,1797,0,2,0,1799,A
4-HA,216,0,1803,0,1,1804,T
4-HA,217,0,1,0,1803,1804,C
4-HA,218,1720,0,1,0,1721,A
4-HA,219,0,0,1728,0,1728,G
4-HA,220,1717,0,0,0,1717,A
4-HA,221,0,1721,0,0,1721,T
4-HA,222,0,0,0,1720,1720,C
4-HA,223,1,0,0,1708,1709,C
4-HA,224,0,1700,0,0,1700,T
4-HA,225,0,1705,0,0,1705,T
4-HA,226,1,0,1700,0,1701,G
4-HA,227,1704,0,2,0,1706,A
4-HA,228,0,1701,0,1,1702,T
4-HA,229,1,0,1704,0,1705,G
4-HA,230,0,0,1705,0,1705,G
4-HA,231,1695,0,1,1,1697,A
4-HA,232,1,0,1697,0,1698,G
4-HA,233,1696,0,0,0,1696,A
4-HA,234,1702,0,0,0,1702,A
4-HA,235,1700,0,1,0,1701,A
4-HA,236,1703,0,1,1,1705,A
4-HA,237,0,0,0,1717,1717,C
4-HA,238,0,1707,0,0,1707,T
4-HA,239,1,1,1711,1,1714,G
4-HA,240,0,1,0,1716,1717,C
4-HA,241,1718,0,1,0,1719,A
4-HA,242,0,2,0,1748,1750,C
4-HA,243,1747,0,0,0,1747,A
4-HA,244,0,0,1,1926,1927,C
4-HA,245,0,1915,0,2,1917,T
4-HA,246,1938,0,0,1,1939,A
4-HA,247,1933,0,0,1,1934,A
4-HA,248,0,1943,0,0,1943,T
4-HA,249,1939,0,0,0,1939,A
4-HA,250,1,0,1944,0,1945,G
4-HA,251,1902,1,0,0,1903,A
4-HA,252,0,1874,0,0,1874,T
4-HA,253,0,0,1766,0,1766,G
4-HA,254,0,0,0,1777,1777,C
4-HA,255,0,1761,0,2,1763,T
4-HA,256,0,1,0,1890,1891,C
4-HA,257,0,1885,1,1,1887,T
4-HA,258,1923,0,0,0,1923,A
4-HA,259,0,1921,0,2,1923,T
4-HA,260,0,1914,0,2,1916,T
4-HA,261,72,1,1840,0,1913,G
4-HA,262,1,2,1901,0,1904,G
4-HA,263,1,2,1901,0,1904,G
4-HA,264,1867,0,3,0,1870,A
4-HA,265,0,0,1832,0,1832,G
4-HA,266,1807,2,1,0,1810,A
4-HA,267,1,0,0,1855,1856,C
4-HA,268,0,0,0,1863,1863,C
4-HA,269,2,0,1,1866,1869,C
4-HA,270,0,1865,0,1,1866,T
4-HA,271,2,0,0,1912,1914,C
4-HA,272,1901,1,0,0,1902,A
4-HA,273,0,1,1992,0,1993,G
4-HA,274,1,1988,0,1,1990,T
4-HA,275,1,0,1995,1,1997,G
4-HA,276,0,1943,0,3,1946,T
4-HA,277,0,1,1933,0,1934,G
4-HA,278,1930,0,3,2,1935,A
4-HA,279,0,1932,0,0,1932,T
4-HA,280,1,0,1918,0,1919,G
4-HA,281,0,1,1920,0,1921,G
4-HA,282,0,0,0,1881,1881,C
4-HA,283,0,1882,0,1,1883,T
4-HA,284,0,1880,0,1,1881,T
4-HA,285,0,0,0,1880,1880,C
4-HA,286,2,0,0,1881,1883,C
4-HA,287,1882,0,1,0,1883,A
4-HA,288,1888,0,0,0,1888,A
4-HA,289,1886,0,0,0,1886,A
4-HA,290,1885,0,0,0,1885,A
4-HA,291,0,1888,0,0,1888,T
4-HA,292,1883,0,1,1,1885,A
4-HA,293,1892,0,1,0,1893,A
4-HA,294,0,0,1894,0,1894,G
4-HA,295,1906,0,1,0,1907,A
4-HA,296,1903,0,0,0,1903,A
4-HA,297,1902,1,0,0,1903,A
4-HA,298,1,1907,0,0,1908,T
4-HA,299,0,0,1900,0,1900,G
4-HA,300,0,1,1894,0,1895,G
4-HA,301,0,0,1898,0,1898,G
4-HA,302,1899,0,5,0,1904,A
4-HA,303,0,0,0,1914,1914,C
4-HA,304,1,0,0,1901,1902,C
4-HA,305,0,1917,0,2,1919,T
4-HA,306,0,1921,0,0,1921,T
4-HA,307,1,1918,0,0,1919,T
4-HA,308,0,1929,0,1,1930,T
4-HA,309,0,1931,0,1,1932,T
4-HA,310,0,0,1942,0,1942,G
4-HA,311,0,1939,1,2,1942,T
4-HA,312,0,1929,0,1,1930,T
4-HA,313,2,1,1928,0,1931,G
4-HA,314,1921,0,0,0,1921,A
4-HA,315,1927,0,0,1,1928,A
4-HA,316,1,0,0,1936,1937,C
4-HA,317,0,0,1925,0,1925,G
4-HA,318,0,0,0,1959,1959,C
4-HA,319,1956,1,1,0,1958,A
4-HA,320,2,0,1966,0,1968,G
4-HA,321,0,0,0,1969,1969,C
4-HA,322,1970,0,1,0,1971,A
4-HA,323,1974,0,0,0,1974,A
4-HA,324,1971,0,1,0,1972,A
4-HA,325,1,0,2050,1,2052,G
4-HA,326,1,0,0,2052,2053,C
4-HA,327,0,0,0,2041,2041,C
4-HA,328,0,2040,0,0,2040,T
4-HA,329,2026,0,1,0,2027,A
4-HA,330,0,0,0,2055,2055,C
4-HA,331,2047,0,1,0,2048,A
4-HA,332,1,0,2054,0,2055,G
4-HA,333,2,0,0,2041,2043,C
4-HA,334,2002,0,0,0,2002,A
4-HA,335,2020,0,0,1,2021,A
4-HA,336,0,0,0,2107,2107,C
4-HA,337,1,2095,0,0,2096,T
4-HA,338,1,0,2107,0,2108,G
4-HA,339,0,2088,0,3,2091,T
4-HA,340,0,2089,1,0,2090,T
4-HA,341,2088,0,1,0,2089,A
4-HA,342,2,0,0,2231,2233,C
4-HA,343,0,1,0,2243,2244,C
4-HA,344,1,0,0,2290,2291,C
4-HA,345,0,2221,0,1,2222,T
4-HA,346,0,2219,0,0,2219,T
4-HA,347,2223,0,0,1,2224,A
4-HA,348,1,2217,0,1,2219,T
4-HA,349,1,1,2225,0,2227,G
4-HA,350,2221,0,1,1,2223,A
4-HA,351,0,2083,0,0,2083,T
4-HA,352,0,1,2103,0,2104,G
4-HA,353,1,2062,0,0,2063,T
4-HA,354,0,0,2064,0,2064,G
4-HA,355,0,0,0,2059,2059,C
4-HA,356,3,0,0,2050,2053,C
4-HA,357,1,1,2088,0,2090,G
4-HA,358,0,0,2122,0,2122,G
4-HA,359,2121,2,0,0,2123,A
4-HA,360,0,2126,0,1,2127,T
4-HA,361,0,2104,0,0,2104,T
4-HA,362,2111,1,1,0,2113,A
4-HA,363,0,2108,0,1,2109,T
4-HA,364,0,1,2108,0,2109,G
4-HA,365,0,3,0,2097,2100,C
4-HA,366,0,2,0,2084,2086,C
4-HA,367,1,2082,0,1,2084,T
4-HA,368,0,0,0,2178,2178,C
4-HA,369,2,1,0,2192,2195,C
4-HA,370,1,0,0,2200,2201,C
4-HA,371,0,2191,0,0,2191,T
4-HA,372,1,2199,1,0,2201,T
4-HA,373,2192,0,1,0,2193,A
4-HA,374,0,1,2252,0,2253,G
4-HA,375,0,0,2259,1,2260,G
4-HA,376,0,2231,0,1,2232,T
4-HA,377,4,0,0,2171,2175,C
4-HA,378,2152,0,0,1,2153,A
4-HA,379,0,0,0,2198,2198,C
4-HA,380,0,2203,0,0,2203,T
4-HA,381,2200,0,1,0,2201,A
4-HA,382,0,0,2203,0,2203,G
4-HA,383,0,2175,0,1,2176,T
4-HA,384,1,2164,0,0,2165,T
4-HA,385,0,1,2182,0,2183,G
4-HA,386,0,1,0,2178,2179,C
4-HA,387,1,1,0,2175,2177,C
4-HA,388,0,2163,0,4,2167,T
4-HA,389,1,0,0,2174,2175,C
4-HA,390,2241,0,0,0,2241,A
4-HA,391,1,2237,0,2,2240,T
4-HA,392,0,0,1,2246,2247,C
4-HA,393,3,2,0,2235,2240,C
4-HA,394,1,1,2221,0,2223,G
4-HA,395,2,0,2235,0,2237,G
4-HA,396,0,0,0,2237,2237,C
4-HA,397,2246,0,1,0,2247,A
4-HA,398,0,0,0,2279,2279,C
4-HA,399,2225,0,2,0,2227,A
4-HA,400,1,1,0,2240,2242,C
4-HA,401,1,2236,0,2,2239,T
4-HA,402,2,2,2254,0,2258,G
4-HA,403,1,0,2272,0,2273,G
4-HA,404,2254,0,3,2,2259,A
4-HA,405,0,0,2303,0,2303,G
4-HA,406,0,2289,1,0,2290,T
4-HA,407,0,2270,0,0,2270,T
4-HA,408,0,2274,0,26,2300,T
4-HA,409,2293,0,0,0,2293,A
4-HA,410,2294,1,1,0,2296,A
4-HA,411,1,0,0,2307,2308,C
4-HA,412,2275,0,1,0,2276,A
4-HA,413,2274,0,5,0,2279,A
4-HA,414,0,2261,0,0,2261,T
4-HA,415,1,0,2262,0,2263,G
4-HA,416,2258,0,0,0,2258,A
4-HA,417,2253,0,0,0,2253,A
4-HA,418,2257,0,3,0,2260,A
4-HA,419,1,0,2274,0,2275,G
4-HA,420,0,0,0,2278,2278,C
4-HA,421,0,2270,0,0,2270,T
4-HA,422,0,2271,0,2,2273,T
4-HA,423,1,1,1,2288,2291,C
4-HA,424,2296,0,1,1,2298,A
4-HA,425,2299,1,0,0,2300,A
4-HA,426,0,2297,1,3,2301,T
4-HA,427,1,2296,0,0,2297,T
4-HA,428,1,0,2334,3,2338,G
4-HA,429,1,0,2380,0,2381,G
4-HA,430,2371,1,2,0,2374,A
4-HA,431,0,1,0,2380,2381,C
4-HA,432,0,2356,0,1,2357,T
4-HA,433,1,1,2360,0,2362,G
4-HA,434,0,1,2374,0,2375,G
4-HA,435,2364,0,5,0,2369,A
4-HA,436,0,0,2378,0,2378,G
4-HA,437,0,2341,0,1,2342,T
4-HA,438,0,0,0,2301,2301,C
4-HA,439,2320,0,2,0,2322,A
4-HA,440,0,0,0,2331,2331,C
4-HA,441,0,2325,0,2,2327,T
4-HA,442,0,1,0,2332,2333,C
4-HA,443,2314,0,0,0,2314,A
4-HA,444,2342,0,2,0,2344,A
4-HA,445,2343,0,0,0,2343,A
4-HA,446,2336,1,2,0,2339,A
4-HA,447,0,2308,0,2,2310,T
4-HA,448,3,0,2317,2,2322,G
4-HA,449,1,1,2342,0,2344,G
4-HA,450,2347,0,3,0,2350,A
4-HA,451,2348,0,3,0,2351,A
4-HA,452,1,0,0,2349,2350,C
4-HA,453,2330,0,0,1,2331,A
4-HA,454,2345,0,1,0,2346,A
4-HA,455,0,1,2354,0,2355,G
4-HA,456,0,0,0,2357,2357,C
4-HA,457,0,2333,0,5,2338,T
4-HA,458,0,0,0,2354,2354,C
4-HA,459,0,2340,0,0,2340,T
4-HA,460,0,0,2358,0,2358,G
4-HA,461,0,0,0,2361,2361,C
4-HA,462,0,2357,0,2,2359,T
4-HA,463,0,2392,0,3,2395,T
4-HA,464,0,0,2439,0,2439,G
4-HA,465,1,0,0,2454,2455,C
4-HA,466,2458,1,0,0,2459,A
4-HA,467,1,2433,0,2,2436,T
4-HA,468,2436,0,1,0,2437,A
4-HA,469,2428,0,0,0,2428,A
4-HA,470,0,1,2427,0,2428,G
4-HA,471,1,0,2421,0,2422,G
4-HA,472,2329,0,2,0,2331,A
4-HA,473,0,1,2306,0,2307,G
4-HA,474,2294,0,2,0,2296,A
4-HA,475,0,2376,0,0,2376,T
4-HA,476,1,1,0,2388,2390,C
4-HA,477,0,2397,1,0,2398,T
4-HA,478,2399,0,1,0,2400,A
4-HA,479,2394,1,1,1,2397,A
4-HA,480,0,2396,0,0,2396,T
4-HA,481,2389,1,1,0,2391,A
4-HA,482,2369,1,1,0,2371,A
4-HA,483,1,0,0,2374,2375,C
4-HA,484,2292,0,0,1,2293,A
4-HA,485,1,2,2299,0,2302,G
4-HA,486,0,2268,0,3,2271,T
4-HA,487,0,2306,2,0,2308,T
4-HA,488,0,2311,0,1,2312,T
4-HA,489,0,0,0,2339,2339,C
4-HA,490,0,2337,0,1,2338,T
4-HA,491,0,2344,0,0,2344,T
4-HA,492,0,2335,0,6,2341,T
4-HA,493,2340,0,0,0,2340,A
4-HA,494,0,1,2338,0,2339,G
4-HA,495,0,2332,0,0,2332,T
4-HA,496,2316,0,1,0,2317,A
4-HA,497,0,1,2314,0,2315,G
4-HA,498,2278,0,1,0,2279,A
4-HA,499,0,2277,0,0,2277,T
4-HA,500,0,2263,0,1,2264,T
4-HA,501,0,0,2301,0,2301,G
4-HA,502,2294,1,1,0,2296,A
4-HA,503,2300,0,0,0,2300,A
4-HA,504,0,2297,0,2,2299,T
4-HA,505,0,2277,0,1,2278,T
4-HA,506,0,0,2306,0,2306,G
4-HA,507,1,0,2309,0,2310,G
4-HA,508,0,2316,0,0,2316,T
4-HA,509,1,2308,0,1,2310,T
4-HA,510,0,1,2271,0,2272,G
4-HA,511,2279,0,0,0,2279,A
4-HA,512,0,0,0,2272,2272,C
4-HA,513,1,0,0,2268,2269,C
4-HA,514,0,0,1,2271,2272,C
4-HA,515,2272,0,0,0,2272,A
4-HA,516,0,51,0,2224,2275,C
4-HA,517,0,2269,0,2,2271,T
4-HA,518,0,2273,0,2,2275,T
4-HA,519,2270,0,1,0,2271,A
4-HA,520,2264,1,1,0,2266,A
4-HA,521,2260,0,0,0,2260,A
4-HA,522,2265,1,2,0,2268,A
4-HA,523,0,2262,0,1,2263,T
4-HA,524,0,2255,1,0,2256,T
4-HA,525,2,0,0,2266,2268,C
4-HA,526,2259,1,1,1,2262,A
4-HA,527,2258,2,0,1,2261,A
4-HA,528,2256,1,3,1,2261,A
4-HA,529,0,2261,0,0,2261,T
4-HA,530,2258,1,0,1,2260,A
4-HA,531,1,2230,0,1,2232,T
4-HA,532,0,1,1,2296,2298,C
4-HA,533,2,0,0,2298,2300,C
4-HA,534,2301,0,4,0,2305,A
4-HA,535,0,0,2360,0,2360,G
4-HA,536,0,1,0,2369,2370,C
4-HA,537,2363,1,0,1,2365,A
4-HA,538,0,2358,0,1,2359,T
4-HA,539,1,2315,0,1,2317,T
4-HA,540,0,2,2387,0,2389,G
4-HA,541,2398,0,0,0,2398,A
4-HA,542,2406,0,3,0,2409,A
4-HA,543,0,2,0,2405,2407,C
4-HA,544,2,0,2363,0,2365,G
4-HA,545,2,2385,0,3,2390,T
4-HA,546,0,2,2389,0,2391,G
4-HA,547,2395,0,3,0,2398,A
4-HA,548,0,0,0,2391,2391,C
4-HA,549,0,2331,0,0,2331,T
4-HA,550,2384,1,0,0,2385,A
4-HA,551,2,2379,0,0,2381,T
4-HA,552,0,0,2413,0,2413,G
4-HA,553,0,0,0,2400,2400,C
4-HA,554,1,0,1,2370,2372,C
4-HA,555,2368,0,2,0,2370,A
4-HA,556,2373,0,0,0,2373,A
4-HA,557,2398,0,0,0,2398,A
4-HA,558,0,0,0,2405,2405,C
4-HA,559,2348,0,0,0,2348,A
4-HA,560,2353,1,0,0,2354,A
4-HA,561,0,2332,0,0,2332,T
4-HA,562,0,0,2335,0,2335,G
4-HA,563,2332,2,2,0,2336,A
4-HA,564,2328,0,1,0,2329,A
4-HA,565,0,0,0,2288,2288,C
4-HA,566,2300,0,0,0,2300,A
4-HA,567,2325,1,0,2,2328,A
4-HA,568,1,2312,0,0,2313,T
4-HA,569,0,2321,0,0,2321,T
4-HA,570,0,2323,0,1,2324,T
4-HA,571,1,0,2327,0,2328,G
4-HA,572,2331,1,2,0,2334,A
4-HA,573,0,1,1,2329,2331,C
4-HA,574,2332,0,0,0,2332,A
4-HA,575,2334,0,0,0,2334,A
4-HA,576,2357,0,0,0,2357,A
4-HA,577,0,2377,0,1,2378,T
4-HA,578,1,2364,0,2,2367,T
4-HA,579,1,0,2380,0,2381,G
4-HA,580,0,2380,0,0,2380,T
4-HA,581,2380,1,1,0,2382,A
4-HA,582,1,0,0,2423,2424,C
4-HA,583,2425,0,1,0,2426,A
4-HA,584,0,2465,0,0,2465,T
4-HA,585,0,2436,2,2,2440,T
4-HA,586,1,2425,0,1,2427,T
4-HA,587,0,4,2406,0,2410,G
4-HA,588,1,1,2415,0,2417,G
4-HA,589,0,3,2409,0,2412,G
4-HA,590,0,6,2418,0,2424,G
4-HA,591,0,2,2387,0,2389,G
4-HA,592,0,1,2446,0,2447,G
4-HA,593,0,2420,0,1,2421,T
4-HA,594,3,2439,0,0,2442,T
4-HA,595,0,0,0,2436,2436,C
4-HA,596,2445,0,4,0,2449,A
4-HA,597,1,0,0,2463,2464,C
4-HA,598,2,0,0,2452,2454,C
4-HA,599,2455,0,2,1,2458,A
4-HA,600,1,0,0,2477,2478,C
4-HA,601,0,0,0,2418,2418,C
4-HA,602,0,1,0,2397,2398,C
4-HA,603,1,3,2393,1,2398,G
4-HA,604,1,0,2517,0,2518,G
4-HA,605,1,1,2529,0,2531,G
4-HA,606,0,2516,0,0,2516,T
4-HA,607,2517,1,1,0,2519,A
4-HA,608,0,2,1,2494,2497,C
4-HA,609,1,3,2462,0,2466,G
4-HA,610,0,2,2490,0,2492,G
4-HA,611,2494,1,1,0,2496,A
4-HA,612,0,3,0,2489,2492,C
4-HA,613,2360,0,0,0,2360,A
4-HA,614,2364,0,0,0,2364,A
4-HA,615,0,2364,0,0,2364,T
4-HA,616,0,1,2391,0,2392,G
4-HA,617,2389,0,3,0,2392,A
4-HA,618,0,1,0,2389,2390,C
4-HA,619,1,1,0,2362,2364,C
4-HA,620,2376,0,0,0,2376,A
4-HA,621,2369,1,0,0,2370,A
4-HA,622,2415,0,0,0,2415,A
4-HA,623,0,2406,0,1,2407,T
4-HA,624,1,1,0,2428,2430,C
4-HA,625,0,2388,0,1,2389,T
4-HA,626,0,2389,0,2,2391,T
4-HA,627,2,0,0,2406,2408,C
4-HA,628,0,0,0,2421,2421,C
4-HA,629,1,2412,0,1,2414,T
4-HA,630,1,50,2374,0,2425,G
4-HA,631,1,2389,0,0,2390,T
4-HA,632,2413,1,0,0,2414,A
4-HA,633,0,2399,0,1,2400,T
4-HA,634,0,0,2425,0,2425,G
4-HA,635,0,0,0,2443,2443,C
4-HA,636,0,2427,0,3,2430,T
4-HA,637,2,2,0,2427,2431,C
4-HA,638,2426,1,3,0,2430,A
4-HA,639,2416,0,1,0,2417,A
4-HA,640,0,0,2431,1,2432,G
4-HA,641,1,2,0,2417,2420,C
4-HA,642,2426,1,0,0,2427,A
4-HA,643,0,2406,0,0,2406,T
4-HA,644,0,0,0,2405,2405,C
4-HA,645,2399,0,2,0,2401,A
4-HA,646,0,2,2414,0,2416,G
4-HA,647,0,0,2420,0,2420,G
4-HA,648,2406,0,4,0,2410,A
4-HA,649,2393,0,0,0,2393,A
4-HA,650,0,1,2486,0,2487,G
4-HA,651,2485,1,1,0,2487,A
4-HA,652,2508,1,2,0,2511,A
4-HA,653,0,2528,0,1,2529,T
4-HA,654,0,2,0,2529,2531,C
4-HA,655,2507,0,2,0,2509,A
4-HA,656,0,1,0,2509,2510,C
4-HA,657,2500,0,2,0,2502,A
4-HA,658,0,0,2534,0,2534,G
4-HA,659,1,2500,0,0,2501,T
4-HA,660,1,0,0,2516,2517,C
4-HA,661,0,2482,0,0,2482,T
4-HA,662,0,0,0,2531,2531,C
4-HA,663,0,2529,0,2,2531,T
4-HA,664,2543,0,0,0,2543,A
4-HA,665,0,0,0,2539,2539,C
4-HA,666,1,0,0,2534,2535,C
4-HA,667,2499,2,1,0,2502,A
4-HA,668,2513,0,0,0,2513,A
4-HA,669,2497,0,1,0,2498,A
4-HA,670,2501,0,1,0,2502,A
4-HA,671,0,0,2503,0,2503,G
4-HA,672,2455,0,0,0,2455,A
4-HA,673,2445,0,1,0,2446,A
4-HA,674,1,0,2448,0,2449,G
4-HA,675,0,0,0,2450,2450,C
4-HA,676,0,1,0,2446,2447,C
4-HA,677,2444,3,3,0,2450,A
4-HA,678,2446,11,1,0,2458,A
4-HA,679,0,0,0,2460,2460,C
4-HA,680,2457,0,1,0,2458,A
4-HA,681,2444,1,0,11,2456,A
4-HA,682,2504,0,0,0,2504,A
4-HA,683,0,2,0,2591,2593,C
4-HA,684,0,2570,0,3,2573,T
4-HA,685,1,1,2584,1,2587,G
4-HA,686,1,2580,0,1,2582,T
4-HA,687,2580,0,0,0,2580,A
4-HA,688,2591,0,0,0,2591,A
4-HA,689,0,2587,0,0,2587,T
4-HA,690,2,1,0,2587,2590,C
4-HA,691,0,3,0,2588,2591,C
4-HA,692,1,2,0,2551,2554,C
4-HA,693,1,1,2551,1,2554,G
4-HA,694,2543,3,1,0,2547,A
4-HA,695,2548,0,2,1,2551,A
4-HA,696,0,0,0,2515,2515,C
4-HA,697,2526,0,2,0,2528,A
4-HA,698,0,2520,0,0,2520,T
4-HA,699,0,0,0,2531,2531,C
4-HA,700,0,1,2528,0,2529,G
4-HA,701,0,0,2603,0,2603,G
4-HA,702,2603,0,2,0,2605,A
4-HA,703,2,2633,0,0,2635,T
4-HA,704,1,1,1,2635,2638,C
4-HA,705,0,2628,0,1,2629,T
4-HA,706,2628,0,1,0,2629,A
4-HA,707,0,0,2640,0,2640,G
4-HA,708,2653,0,3,0,2656,A
4-HA,709,0,1,0,2652,2653,C
4-HA,710,0,2,0,2567,2569,C
4-HA,711,1,0,0,2576,2577,C
4-HA,712,2553,0,0,0,2553,A
4-HA,713,0,0,2693,0,2693,G
4-HA,714,2690,0,2,0,2692,A
4-HA,715,2,0,2728,0,2730,G
4-HA,716,0,2705,0,0,2705,T
4-HA,717,2693,0,0,0,2693,A
4-HA,718,2696,0,1,0,2697,A
4-HA,719,0,0,2749,0,2749,G
4-HA,720,0,1,2762,0,2763,G
4-HA,721,2744,0,2,0,2746,A
4-HA,722,2553,0,2,0,2555,A
4-HA,723,0,2532,0,2,2534,T
4-HA,724,2538,1,0,0,2539,A
4-HA,725,0,2533,0,0,2533,T
4-HA,726,4,1,0,2548,2553,C
4-HA,727,2,0,0,2544,2546,C
4-HA,728,6,0,0,2499,2505,C
4-HA,729,0,2481,0,0,2481,T
4-HA,730,2489,0,0,0,2489,A
4-HA,731,7,0,2491,0,2498,G
4-HA,732,1,0,0,2505,2506,C
4-HA,733,2448,1,0,0,2449,A
4-HA,734,0,1,2518,0,2519,G
4-HA,735,2484,1,2,0,2487,A
4-HA,736,2495,1,0,0,2496,A
4-HA,737,0,2498,0,0,2498,T
4-HA,738,2500,0,0,0,2500,A
4-HA,739,2501,2,0,0,2503,A
4-HA,740,0,0,2493,0,2493,G
4-HA,741,1,1,0,2505,2507,C
4-HA,742,2503,1,1,0,2505,A
4-HA,743,0,2437,0,0,2437,T
4-HA,744,0,0,0,2534,2534,C
4-HA,745,0,2535,0,1,2536,T
4-HA,746,2533,2,0,0,2535,A
4-HA,747,0,2537,0,1,2538,T
4-HA,748,0,2518,0,0,2518,T
4-HA,749,0,0,2529,0,2529,G
4-HA,750,2,0,2522,0,2524,G
4-HA,751,2514,0,5,0,2519,A
4-HA,752,0,0,0,2515,2515,C
4-HA,753,2323,0,2,0,2325,A
4-HA,754,2373,1,1,0,2375,A
4-HA,755,0,2487,0,0,2487,T
4-HA,756,2501,1,1,0,2503,A
4-HA,757,0,0,2530,0,2530,G
4-HA,758,0,2503,0,1,2504,T
4-HA,759,2506,0,1,0,2507,A
4-HA,760,2511,0,0,0,2511,A
4-HA,761,2542,1,1,0,2544,A
4-HA,762,2555,1,5,0,2561,A
4-HA,763,0,0,0,2573,2573,C
4-HA,764,2,1,0,2449,2452,C
4-HA,765,2,1,2451,0,2454,G
4-HA,766,0,1,2466,0,2467,G
4-HA,767,1,0,2493,0,2494,G
4-HA,768,2502,0,0,0,2502,A
4-HA,769,0,0,2518,0,2518,G
4-HA,770,2551,0,2,0,2553,A
4-HA,771,0,1,0,2552,2553,C
4-HA,772,2549,1,4,1,2555,A
4-HA,773,0,2554,0,3,2557,T
4-HA,774,2564,1,1,0,2566,A
4-HA,775,1,0,0,2611,2612,C
4-HA,776,0,2595,0,0,2595,T
4-HA,777,0,2629,1,0,2630,T
4-HA,778,1,2633,0,1,2635,T
4-HA,779,0,2633,0,0,2633,T
4-HA,780,0,0,2660,0,2660,G
4-HA,781,2669,0,0,0,2669,A
4-HA,782,0,2671,0,1,2672,T
4-HA,783,0,2759,0,0,2759,T
4-HA,784,2748,0,0,0,2748,A
4-HA,785,2759,0,0,0,2759,A
4-HA,786,0,0,0,2797,2797,C
4-HA,787,2776,0,2,0,2778,A
4-HA,788,0,0,2928,0,2928,G
4-HA,789,0,0,0,2912,2912,C
4-HA,790,2909,0,1,0,2910,A
4-HA,791,1,0,0,2932,2933,C
4-HA,792,2902,2,4,0,2908,A
4-HA,793,1,3,2935,0,2939,G
4-HA,794,1,0,2931,0,2932,G
4-HA,795,0,1,3035,1,3037,G
4-HA,796,3022,0,1,0,3023,A
4-HA,797,3034,0,6,0,3040,A
4-HA,798,0,3041,0,0,3041,T
4-HA,799,0,0,0,3045,3045,C
4-HA,800,0,3059,0,1,3060,T
4-HA,801,3071,0,2,0,3073,A
4-HA,802,3060,0,0,0,3060,A
4-HA,803,1,3049,0,0,3050,T
4-HA,804,0,2981,0,1,2982,T
4-HA,805,0,0,3019,0,3019,G
4-HA,806,0,0,0,3113,3113,C
4-HA,807,0,3234,1,9,3244,T
4-HA,808,1,0,0,3318,3319,C
4-HA,809,0,0,0,3321,3321,C
4-HA,810,0,3322,0,0,3322,T
4-HA,811,3331,0,0,0,3331,A
4-HA,812,0,1,3328,0,3329,G
4-HA,813,0,3,3362,1,3366,G
4-HA,814,0,1,3376,0,3377,G
4-HA,815,1,0,3353,1,3355,G
4-HA,816,0,3264,0,5,3269,T
4-HA,817,0,3245,0,2,3247,T
4-HA,818,3250,0,1,0,3251,A
4-HA,819,0,0,0,3292,3292,C
4-HA,820,1,3285,0,1,3287,T
4-HA,821,0,3308,0,3,3311,T
4-HA,822,0,0,0,3306,3306,C
4-HA,823,3294,0,1,0,3295,A
4-HA,824,3291,1,1,0,3293,A
4-HA,825,3302,0,0,0,3302,A
4-HA,826,3315,0,2,0,3317,A
4-HA,827,0,3311,0,2,3313,T
4-HA,828,3288,0,2,0,3290,A
4-HA,829,0,3,0,3288,3291,C
4-HA,830,2,1,3282,0,3285,G
4-HA,831,3286,2,3,1,3292,A
4-HA,832,3298,1,0,0,3299,A
4-HA,833,0,1,3371,0,3372,G
4-HA,834,0,3363,0,5,3368,T
4-HA,835,2,3,3376,0,3381,G
4-HA,836,2,3,3384,0,3389,G
4-HA,837,1,3,3387,0,3391,G
4-HA,838,3395,0,0,1,3396,A
4-HA,839,3390,0,0,0,3390,A
4-HA,840,3391,0,1,0,3392,A
4-HA,841,3378,0,2,0,3380,A
4-HA,842,1,0,3453,0,3454,G
4-HA,843,0,0,0,3450,3450,C
4-HA,844,0,3425,0,0,3425,T
4-HA,845,5,0,0,3465,3470,C
4-HA,846,3482,1,2,0,3485,A
4-HA,847,3532,1,0,0,3533,A
4-HA,848,0,3532,0,1,3533,T
4-HA,849,3566,0,1,0,3567,A
4-HA,850,3564,0,2,0,3566,A
4-HA,851,0,3511,0,0,3511,T
4-HA,852,0,1,3507,0,3508,G
4-HA,853,3478,1,3,0,3482,A
4-HA,854,0,0,3594,0,3594,G
4-HA,855,3599,1,0,0,3600,A
4-HA,856,2,3583,0,1,3586,T
4-HA,857,2,0,0,3648,3650,C
4-HA,858,3640,0,3,0,3643,A
4-HA,859,0,1,3728,0,3729,G
4-HA,860,3731,0,1,0,3732,A
4-HA,861,1,3724,0,2,3727,T
4-HA,862,0,0,3716,0,3716,G
4-HA,863,1,1,0,3665,3667,C
4-HA,864,3663,1,2,1,3667,A
4-HA,865,0,1,0,3724,3725,C
4-HA,866,0,0,0,3696,3696,C
4-HA,867,2,0,0,3702,3704,C
4-HA,868,3651,1,0,0,3652,A
4-HA,869,2,3639,0,1,3642,T
4-HA,870,0,3637,0,0,3637,T
4-HA,871,1,0,3682,0,3683,G
4-HA,872,4,0,3691,0,3695,G
4-HA,873,0,1,0,3688,3689,C
4-HA,874,3647,1,2,0,3650,A
4-HA,875,3643,0,1,1,3645,A
4-HA,876,3704,2,0,1,3707,A
4-HA,877,1,3705,0,0,3706,T
4-HA,878,1,1,3712,0,3714,G
4-HA,879,0,0,1,3711,3712,C
4-HA,880,3684,0,1,0,3685,A
4-HA,881,3780,0,0,0,3780,A
4-HA,882,0,3771,5,3,3779,T
4-HA,883,0,3796,0,1,3797,T
4-HA,884,0,0,0,3807,3807,C
4-HA,885,1,3759,0,2,3762,T
4-HA,886,2,1,3807,0,3810,G
4-HA,887,3807,2,1,0,3810,A
4-HA,888,3831,0,1,0,3832,A
4-HA,889,0,3835,0,2,3837,T
4-HA,890,1,1,3807,0,3809,G
4-HA,891,0,1,0,3820,3821,C
4-HA,892,3801,0,2,0,3803,A
4-HA,893,0,3799,0,1,3800,T
4-HA,894,0,2,0,3792,3794,C
4-HA,895,3782,0,1,0,3783,A
4-HA,896,0,1,0,3929,3930,C
4-HA,897,1,3904,0,1,3906,T
4-HA,898,2,0,1,3916,3919,C
4-HA,899,1,2,0,3911,3914,C
4-HA,900,3949,1,1,0,3951,A
4-HA,901,3942,0,0,0,3942,A
4-HA,902,3944,0,3,0,3947,A
4-HA,903,0,3820,0,2,3822,T
4-HA,904,1,3,3841,0,3845,G
4-HA,905,0,2,3859,1,3862,G
4-HA,906,3860,1,1,0,3862,A
4-HA,907,3854,1,4,0,3859,A
4-HA,908,1,0,3861,0,3862,G
4-HA,909,1,0,0,3827,3828,C
4-HA,910,3822,2,1,0,3825,A
4-HA,911,0,3827,0,2,3829,T
4-HA,912,2,3809,1,1,3813,T
4-HA,913,2,0,0,3931,3933,C
4-HA,914,0,2,0,3923,3925,C
4-HA,915,2,0,0,3928,3930,C
4-HA,916,3922,0,2,0,3924,A
4-HA,917,3979,0,1,0,3980,A
4-HA,918,0,4036,0,2,4038,T
4-HA,919,1,1,4036,0,4038,G
4-HA,920,4023,2,3,0,4028,A
4-HA,921,0,2,0,4039,4041,C
4-HA,922,3943,1,1,0,3945,A
4-HA,923,3954,0,2,0,3956,A
4-HA,924,3948,1,3,0,3952,A
4-HA,925,0,0,1,3973,3974,C
4-HA,926,1,0,0,3902,3903,C
4-HA,927,3829,0,0,0,3829,A
4-HA,928,0,3830,2,2,3834,T
4-HA,929,1,3826,1,2,3830,T
4-HA,930,2,0,0,3838,3840,C
4-HA,931,2,1,1,3834,3838,C
4-HA,932,3829,0,1,0,3830,A
4-HA,933,3827,2,1,0,3830,A
4-HA,934,3815,0,2,0,3817,A
4-HA,935,3870,1,1,0,3872,A
4-HA,936,1,3860,0,1,3862,T
4-HA,937,0,0,3887,0,3887,G
4-HA,938,1,3874,0,2,3877,T
4-HA,939,3897,0,2,0,3899,A
4-HA,940,3894,1,2,0,3897,A
4-HA,941,3899,0,1,0,3900,A
4-HA,942,1,2,0,3914,3917,C
4-HA,943,3879,0,1,0,3880,A
4-HA,944,0,1,3939,0,3940,G
4-HA,945,1,0,3954,2,3957,G
4-HA,946,4038,1,6,0,4045,A
4-HA,947,2,4040,0,1,4043,T
4-HA,948,2,0,0,4086,4088,C
4-HA,949,4111,2,2,0,4115,A
4-HA,950,0,3,0,4270,4273,C
4-HA,951,4271,0,1,0,4272,A
4-HA,952,0,4414,1,3,4418,T
4-HA,953,4316,2,0,0,4318,A
4-HA,954,0,2,1,4275,4278,C
4-HA,955,1,4,4139,1,4145,G
4-HA,956,1,3,4171,0,4175,G
4-HA,957,1,6,4153,0,4160,G
4-HA,958,0,0,4167,0,4167,G
4-HA,959,0,1,1,4080,4082,C
4-HA,960,1,0,0,4071,4072,C
4-HA,961,0,3976,0,1,3977,T
4-HA,962,0,0,4327,0,4327,G
4-HA,963,2,4330,0,2,4334,T
4-HA,964,2,0,0,4344,4346,C
4-HA,965,1,1,0,4350,4352,C
4-HA,966,3,2,1,4345,4351,C
4-HA,967,4337,0,5,0,4342,A
4-HA,968,1,1,4366,0,4368,G
4-HA,969,4352,0,2,1,4355,A
4-HA,970,1,4350,0,0,4351,T
4-HA,971,4007,0,0,0,4007,A
4-HA,972,0,3961,0,2,3963,T
4-HA,973,2,1,3993,0,3996,G
4-HA,974,0,3987,0,3,3990,T
4-HA,975,1,3949,0,0,3950,T
4-HA,976,3989,0,0,1,3990,A
4-HA,977,3962,1,1,2,3966,A
4-HA,978,1,12,3981,0,3994,G
4-HA,979,1,0,0,3988,3989,C
4-HA,980,3919,0,2,0,3921,A
4-HA,981,3914,1,1,0,3916,A
4-HA,982,3885,1,1,0,3887,A
4-HA,983,3883,2,5,2,3892,A
4-HA,984,1,0,0,3901,3902,C
4-HA,985,3858,0,1,1,3860,A
4-HA,986,1,2,0,3899,3902,C
4-HA,987,1,3842,0,1,3844,T
4-HA,988,1,0,0,3863,3864,C
4-HA,989,1,3857,0,4,3862,T
4-HA,990,0,0,3892,0,3892,G
4-HA,991,3896,0,0,0,3896,A
4-HA,992,3888,0,0,0,3888,A
4-HA,993,3894,0,2,0,3896,A
4-HA,994,1,3860,0,1,3862,T
4-HA,995,0,3837,0,1,3838,T
4-HA,996,0,0,3874,1,3875,G
4-HA,997,2,0,3868,0,3870,G
4-HA,998,0,0,0,3882,3882,C
4-HA,999,3851,0,0,0,3851,A
4-HA,1000,3854,0,1,0,3855,A
4-HA,1001,1,0,0,3858,3859,C
4-HA,1002,3854,2,1,0,3857,A
4-HA,1003,0,3,3866,0,3869,G
4-HA,1004,1,5,3853,1,3860,G
4-HA,1005,0,1,3817,0,3818,G
4-HA,1006,3819,1,3,1,3824,A
4-HA,1007,0,3795,0,0,3795,T
4-HA,1008,0,1,3811,0,3812,G
4-HA,1009,0,0,0,3806,3806,C
4-HA,1010,1,2,3813,0,3816,G
4-HA,1011,3842,0,1,0,3843,A
4-HA,1012,3763,0,0,1,3764,A
4-HA,1013,3788,2,1,1,3792,A
4-HA,1014,0,3756,0,1,3757,T
4-HA,1015,0,0,3808,0,3808,G
4-HA,1016,0,3812,0,1,3813,T
4-HA,1017,3795,0,2,0,3797,A
4-HA,1018,1,2,0,3789,3792,C
4-HA,1019,1,0,1,3769,3771,C
4-HA,1020,3713,1,0,0,3714,A
4-HA,1021,1,1,3741,0,3743,G
4-HA,1022,3651,0,1,0,3652,A
4-HA,1023,0,2,3708,1,3711,G
4-HA,1024,3653,0,2,0,3655,A
4-HA,1025,3643,0,3,0,3646,A
4-HA,1026,3647,0,9,0,3656,A
4-HA,1027,1,1,0,3653,3655,C
4-HA,1028,3562,2,0,0,3564,A
4-HA,1029,3626,0,0,1,3627,A
4-HA,1030,3600,0,3,1,3604,A
4-HA,1031,0,0,0,3624,3624,C
4-HA,1032,0,3588,0,0,3588,T
4-HA,1033,3506,1,1,0,3508,A
4-HA,1034,1,0,3518,0,3519,G
4-HA,1035,3482,0,2,1,3485,A
4-HA,1036,0,0,3584,0,3584,G
4-HA,1037,0,0,3579,0,3579,G
4-HA,1038,1,3,1,3516,3521,C
4-HA,1039,3531,1,1,0,3533,A
4-HA,1040,1,3525,0,0,3526,T
4-HA,1041,3539,0,0,1,3540,A
4-HA,1042,1,3535,0,1,3537,T
4-HA,1043,0,3524,0,1,3525,T
4-HA,1044,0,3523,0,0,3523,T
4-HA,1045,1,1,3398,0,3400,G
4-HA,1046,0,1,3405,0,3406,G
4-HA,1047,1,3,0,3399,3403,C
4-HA,1048,0,1,3403,0,3404,G
4-HA,1049,1,1,0,3374,3376,C
4-HA,1050,3357,0,1,0,3358,A
4-HA,1051,3377,0,0,0,3377,A
4-HA,1052,0,3367,0,0,3367,T
4-HA,1053,0,0,0,3375,3375,C
4-HA,1054,1,1,3376,0,3378,G
4-HA,1055,0,1,1,3364,3366,C
4-HA,1056,1,0,3366,0,3367,G
4-HA,1057,0,0,3397,0,3397,G
4-HA,1058,0,1,3404,0,3405,G
4-HA,1059,0,3389,0,1,3390,T
4-HA,1060,0,3362,0,1,3363,T
4-HA,1061,1,3349,1,2,3353,T
4-HA,1062,1,2,1,3362,3366,C
4-HA,1063,3370,0,1,0,3371,A
4-HA,1064,2,3375,0,1,3378,T
4-HA,1065,3338,1,38,1,3378,A
4-HA,1066,1,1,3408,1,3411,G
4-HA,1067,3333,0,0,1,3334,A
4-HA,1068,3341,1,1,1,3344,A
4-HA,1069,3342,0,1,0,3343,A
4-HA,1070,3362,1,3,1,3367,A
4-HA,1071,0,3356,0,0,3356,T
4-HA,1072,1,0,3399,0,3400,G
4-HA,1073,0,1,3431,0,3432,G
4-HA,1074,0,3396,0,2,3398,T
4-HA,1075,0,3345,0,2,3347,T
4-HA,1076,0,0,3355,0,3355,G
4-HA,1077,1,1,3419,0,3421,G
4-HA,1078,1,0,3446,0,3447,G
4-HA,1079,3438,1,2,1,3442,A
4-HA,1080,0,2,3489,1,3492,G
4-HA,1081,0,0,3469,0,3469,G
4-HA,1082,1,1,3668,0,3670,G
4-HA,1083,3658,2,2,0,3662,A
4-HA,1084,3712,0,2,1,3715,A
4-HA,1085,2,3724,0,0,3726,T
4-HA,1086,0,1,3737,0,3738,G
4-HA,1087,2,0,3817,0,3819,G
4-HA,1088,0,3784,0,2,3786,T
4-HA,1089,3,1,3787,0,3791,G
4-HA,1090,1,1,3789,0,3791,G
4-HA,1091,3714,1,3,0,3718,A
4-HA,1092,0,3717,0,1,3718,T
4-HA,1093,29,2,3758,0,3789,G
4-HA,1094,0,0,3836,0,3836,G
4-HA,1095,0,3811,0,0,3811,T
4-HA,1096,0,3728,0,1,3729,T
4-HA,1097,2,3,3734,0,3739,G
4-HA,1098,1,4,3790,0,3795,G
4-HA,1099,0,3789,0,2,3791,T
4-HA,1100,3784,0,0,0,3784,A
4-HA,1101,0,2,0,3615,3617,C
4-HA,1102,1,1,3653,0,3655,G
4-HA,1103,0,1,3770,0,3771,G
4-HA,1104,0,3772,0,1,3773,T
4-HA,1105,0,3770,0,0,3770,T
4-HA,1106,0,3758,1,1,3760,T
4-HA,1107,0,1,0,3725,3726,C
4-HA,1108,3712,0,9,0,3721,A
4-HA,1109,1,1,3727,0,3729,G
4-HA,1110,0,1,3720,0,3721,G
4-HA,1111,0,1,0,3719,3720,C
4-HA,1112,3623,1,1,0,3625,A
4-HA,1113,2,3669,0,2,3673,T
4-HA,1114,1,0,0,3672,3673,C
4-HA,1115,3680,0,3,0,3683,A
4-HA,1116,3683,0,0,0,3683,A
4-HA,1117,3680,1,0,0,3681,A
4-HA,1118,3689,0,0,1,3690,A
4-HA,1119,0,3686,1,0,3687,T
4-HA,1120,0,3671,1,1,3673,T
4-HA,1121,0,0,0,3690,3690,C
4-HA,1122,0,3663,0,0,3663,T
4-HA,1123,1,0,3676,0,3677,G
4-HA,1124,3663,1,4,1,3669,A
4-HA,1125,1,4,3689,0,3694,G
4-HA,1126,1,0,3689,0,3690,G
4-HA,1127,3,0,3728,0,3731,G
4-HA,1128,3727,1,5,0,3733,A
4-HA,1129,3713,0,3,0,3716,A
4-HA,1130,0,2,3702,1,3705,G
4-HA,1131,3734,0,25,0,3759,A
4-HA,1132,1,2,3781,1,3785,G
4-HA,1133,1,1,3800,0,3802,G
4-HA,1134,3792,0,2,0,3794,A
4-HA,1135,1,4,0,3795,3800,C
4-HA,1136,3782,1,2,0,3785,A
4-HA,1137,3780,0,6,0,3786,A
4-HA,1138,1,0,3791,0,3792,G
4-HA,1139,2,0,0,3803,3805,C
4-HA,1140,3759,1,4,0,3764,A
4-HA,1141,1,0,3796,0,3797,G
4-HA,1142,0,1,0,3794,3795,C
4-HA,1143,3781,0,0,1,3782,A
4-HA,1144,1,1,3822,0,3824,G
4-HA,1145,3799,0,1,1,3801,A
4-HA,1146,0,3905,0,2,3907,T
4-HA,1147,1,0,0,3941,3942,C
4-HA,1148,1,3897,1,9,3908,T
4-HA,1149,1,0,0,3955,3956,C
4-HA,1150,3948,0,2,1,3951,A
4-HA,1151,3948,0,0,1,3949,A
4-HA,1152,3944,0,1,1,3946,A
4-HA,1153,3884,0,7,0,3891,A
4-HA,1154,1,2,3897,0,3900,G
4-HA,1155,0,1,0,3815,3816,C
4-HA,1156,3801,2,2,0,3805,A
4-HA,1157,0,0,0,3902,3902,C
4-HA,1158,1,3881,0,5,3887,T
4-HA,1159,2,1,0,3891,3894,C
4-HA,1160,3890,0,1,0,3891,A
4-HA,1161,3980,0,5,0,3985,A
4-HA,1162,0,0,3984,1,3985,G
4-HA,1163,0,0,0,3977,3977,C
4-HA,1164,3958,1,2,0,3961,A
4-HA,1165,0,0,3973,0,3973,G
4-HA,1166,0,0,0,3911,3911,C
4-HA,1167,3913,1,1,1,3916,A
4-HA,1168,3913,0,0,1,3914,A
4-HA,1169,1,3901,0,1,3903,T
4-HA,1170,0,1,0,3804,3805,C
4-HA,1171,0,0,3823,1,3824,G
4-HA,1172,3815,1,0,0,3816,A
4-HA,1173,0,3791,0,9,3800,T
4-HA,1174,2,1,0,3792,3795,C
4-HA,1175,3780,1,0,0,3781,A
4-HA,1176,3852,2,3,0,3857,A
4-HA,1177,3863,0,0,0,3863,A
4-HA,1178,0,3866,0,1,3867,T
4-HA,1179,0,2,0,3873,3875,C
4-HA,1180,3829,2,0,1,3832,A
4-HA,1181,3869,0,1,0,3870,A
4-HA,1182,0,3864,0,3,3867,T
4-HA,1183,0,3,3865,0,3868,G
4-HA,1184,3,1,3861,1,3866,G
4-HA,1185,0,1,3827,1,3829,G
4-HA,1186,3848,0,5,0,3853,A
4-HA,1187,3846,1,1,1,3849,A
4-HA,1188,0,1,3908,0,3909,G
4-HA,1189,1,2,0,3907,3910,C
4-HA,1190,1,3890,0,3,3894,T
4-HA,1191,1,2,4075,0,4078,G
4-HA,1192,4077,0,1,0,4078,A
4-HA,1193,4073,2,0,0,4075,A
4-HA,1194,1,4080,0,2,4083,T
4-HA,1195,4006,0,1,0,4007,A
4-HA,1196,0,4,4003,0,4007,G
4-HA,1197,3742,1,2,0,3745,A
4-HA,1198,1,3757,0,1,3759,T
4-HA,1199,0,3773,0,0,3773,T
4-HA,1200,1,0,3790,0,3791,G
4-HA,1201,3778,0,1,0,3779,A
4-HA,1202,1,3774,0,0,3775,T
4-HA,1203,0,3,0,3768,3771,C
4-HA,1204,0,1,3764,0,3765,G
4-HA,1205,1,1,3767,0,3769,G
4-HA,1206,2,0,3775,0,3777,G
4-HA,1207,3772,2,2,0,3776,A
4-HA,1208,3771,0,2,0,3773,A
4-HA,1209,3761,1,2,0,3764,A
4-HA,1210,3776,0,2,1,3779,A
4-HA,1211,1,1,0,3778,3780,C
4-HA,1212,1,1,0,3782,3784,C
4-HA,1213,3766,1,2,0,3769,A
4-HA,1214,3766,0,2,0,3768,A
4-HA,1215,0,1,0,3782,3783,C
4-HA,1216,3,1,3792,0,3796,G
4-HA,1217,3797,0,1,0,3798,A
4-HA,1218,0,0,3798,0,3798,G
4-HA,1219,3792,1,0,1,3794,A
4-HA,1220,3791,0,1,0,3792,A
4-HA,1221,3790,0,2,0,3792,A
4-HA,1222,1,3789,4,2,3796,T
4-HA,1223,0,3788,0,1,3789,T
4-HA,1224,1,0,0,3803,3804,C
4-HA,1225,0,1,1,3778,3780,C
4-HA,1226,3784,1,0,1,3786,A
4-HA,1227,2,3779,0,1,3782,T
4-HA,1228,0,1,0,3784,3785,C
4-HA,1229,3759,1,3,0,3763,A
4-HA,1230,2,2,3792,0,3796,G
4-HA,1231,3772,0,2,0,3774,A
4-HA,1232,0,3771,0,2,3773,T
4-HA,1233,1,3755,0,1,3757,T
4-HA,1234,0,0,3779,0,3779,G
4-HA,1235,3779,0,1,0,3780,A
4-HA,1236,3781,0,2,0,3783,A
4-HA,1237,3782,0,1,0,3783,A
4-HA,1238,3785,0,0,0,3785,A
4-HA,1239,3760,0,0,0,3760,A
4-HA,1240,0,1,3763,0,3764,G
4-HA,1241,3750,2,3,0,3755,A
4-HA,1242,3763,1,0,0,3764,A
4-HA,1243,1,3728,0,1,3730,T
4-HA,1244,0,3742,1,0,3743,T
4-HA,1245,1,2,0,3751,3754,C
4-HA,1246,0,3752,0,0,3752,T
4-HA,1247,0,0,2,3752,3754,C
4-HA,1248,3745,0,3,0,3748,A
4-HA,1249,1,1,3748,0,3750,G
4-HA,1250,3745,1,2,0,3748,A
4-HA,1251,3730,0,1,0,3731,A
4-HA,1252,1,0,3779,0,3780,G
4-HA,1253,1,3759,0,1,3761,T
4-HA,1254,1,0,0,3749,3750,C
4-HA,1255,0,0,3756,0,3756,G
4-HA,1256,3750,0,0,2,3752,A
4-HA,1257,3754,0,1,1,3756,A
4-HA,1258,0,7,3747,0,3754,G
4-HA,1259,3,2,3781,0,3786,G
4-HA,1260,1,2,3780,0,3783,G
4-HA,1261,3711,0,9,0,3720,A
4-HA,1262,1,0,3740,1,3742,G
4-HA,1263,3732,1,0,0,3733,A
4-HA,1264,3950,1,0,0,3951,A
4-HA,1265,0,3964,0,0,3964,T
4-HA,1266,1,3955,0,1,3957,T
4-HA,1267,0,1,0,3956,3957,C
4-HA,1268,3887,0,2,0,3889,A
4-HA,1269,0,2,3896,0,3898,G
4-HA,1270,0,1,3894,0,3895,G
4-HA,1271,3891,0,0,0,3891,A
4-HA,1272,0,1,0,3902,3903,C
4-HA,1273,2,1,0,3639,3642,C
4-HA,1274,0,3626,1,4,3631,T
4-HA,1275,0,3590,0,44,3634,T
4-HA,1276,0,0,3659,0,3659,G
4-HA,1277,3650,2,3,0,3655,A
4-HA,1278,0,0,3762,1,3763,G
4-HA,1279,3750,0,0,0,3750,A
4-HA,1280,3652,1,1,0,3654,A
4-HA,1281,3666,2,1,0,3669,A
4-HA,1282,0,3628,0,0,3628,T
4-HA,1283,3793,0,0,0,3793,A
4-HA,1284,0,3785,0,2,3787,T
4-HA,1285,1,0,3823,0,3824,G
4-HA,1286,0,3815,0,3,3818,T
4-HA,1287,0,3719,0,2,3721,T
4-HA,1288,0,2,3736,0,3738,G
4-HA,1289,3705,0,1,0,3706,A
4-HA,1290,0,1,3747,2,3750,G
4-HA,1291,0,4,3715,0,3719,G
4-HA,1292,3659,0,4,0,3663,A
4-HA,1293,0,1,0,3740,3741,C
4-HA,1294,3708,0,0,0,3708,A
4-HA,1295,0,1,0,3774,3775,C
4-HA,1296,1,1,0,3776,3778,C
4-HA,1297,3786,0,1,1,3788,A
4-HA,1298,3875,0,0,0,3875,A
4-HA,1299,3866,0,1,0,3867,A
4-HA,1300,3910,0,0,0,3910,A
4-HA,1301,0,3905,0,1,3906,T
4-HA,1302,3819,0,1,0,3820,A
4-HA,1303,0,1,3848,2,3851,G
4-HA,1304,3797,0,1,0,3798,A
4-HA,1305,1,3847,0,0,3848,T
4-HA,1306,2,97,0,3752,3851,C
4-HA,1307,0,3785,0,1,3786,T
4-HA,1308,3,0,0,3879,3882,C
4-HA,1309,1,3873,0,0,3874,T
4-HA,1310,2,2,3959,0,3963,G
4-HA,1311,0,0,4056,0,4056,G
4-HA,1312,1,4045,0,1,4047,T
4-HA,1313,2,2,0,4069,4073,C
4-HA,1314,4084,0,2,0,4086,A
4-HA,1315,2,4086,0,3,4091,T
4-HA,1316,4094,1,0,0,4095,A
4-HA,1317,0,0,0,4091,4091,C
4-HA,1318,3970,0,1,0,3971,A
4-HA,1319,3992,0,1,0,3993,A
4-HA,1320,1,0,0,3893,3894,C
4-HA,1321,1,0,3877,0,3878,G
4-HA,1322,0,1,1,3881,3883,C
4-HA,1323,1,1,3844,0,3846,G
4-HA,1324,1,1,3863,1,3866,G
4-HA,1325,3855,1,5,0,3861,A
4-HA,1326,1,1,3909,0,3911,G
4-HA,1327,0,0,0,3911,3911,C
4-HA,1328,0,3895,1,5,3901,T
4-HA,1329,0,3931,0,2,3933,T
4-HA,1330,0,0,0,3942,3942,C
4-HA,1331,0,3956,1,0,3957,T
4-HA,1332,1,3962,0,1,3964,T
4-HA,1333,1,1,3955,0,3957,G
4-HA,1334,0,3941,0,5,3946,T
4-HA,1335,3,3884,0,1,3888,T
4-HA,1336,0,4,3948,0,3952,G
4-HA,1337,0,2,2,3937,3941,C
4-HA,1338,1,0,0,3944,3945,C
4-HA,1339,3,1,0,3969,3973,C
4-HA,1340,1,3956,0,6,3963,T
4-HA,1341,1,1,4017,0,4019,G
4-HA,1342,0,1,4015,1,4017,G
4-HA,1343,4014,1,5,1,4021,A
4-HA,1344,3,0,4033,0,4036,G
4-HA,1345,3972,0,1,0,3973,A
4-HA,1346,3983,1,2,0,3986,A
4-HA,1347,3,0,0,4041,4044,C
4-HA,1348,1,0,0,4030,4031,C
4-HA,1349,4024,0,2,0,4026,A
4-HA,1350,4221,0,2,0,4223,A
4-HA,1351,0,0,0,4242,4242,C
4-HA,1352,4255,1,0,0,4256,A
4-HA,1353,0,4244,0,1,4245,T
4-HA,1354,4227,0,1,0,4228,A
4-HA,1355,0,0,0,4300,4300,C
4-HA,1356,4224,0,1,0,4225,A
4-HA,1357,4228,1,1,0,4230,A
4-HA,1358,1,4213,0,0,4214,T
4-HA,1359,1,4069,0,3,4073,T
4-HA,1360,1,3,4115,0,4119,G
4-HA,1361,4146,1,0,0,4147,A
4-HA,1362,0,4138,0,4,4142,T
4-HA,1363,1,0,0,4156,4157,C
4-HA,1364,1,4088,0,2,4091,T
4-HA,1365,4123,0,0,0,4123,A
4-HA,1366,4122,0,0,1,4123,A
4-HA,1367,0,0,0,4121,4121,C
4-HA,1368,1,4091,0,5,4097,T
4-HA,1369,0,2,4069,0,4071,G
4-HA,1370,4067,1,1,1,4070,A
4-HA,1371,0,0,0,4067,4067,C
4-HA,1372,2,4056,0,2,4060,T
4-HA,1373,0,2,0,4070,4072,C
4-HA,1374,4061,0,1,0,4062,A
4-HA,1375,0,0,4141,0,4141,G
4-HA,1376,4137,0,0,0,4137,A
4-HA,1377,4139,0,1,0,4140,A
4-HA,1378,4140,0,0,1,4141,A
4-HA,1379,0,4096,1,3,4100,T
4-HA,1380,2,1,4127,0,4130,G
4-HA,1381,4135,0,2,0,4137,A
4-HA,1382,4138,1,1,0,4140,A
4-HA,1383,0,1,1,4139,4141,C
4-HA,1384,4096,1,0,0,4097,A
4-HA,1385,4098,0,0,0,4098,A
4-HA,1386,4094,2,1,1,4098,A
4-HA,1387,0,0,0,4101,4101,C
4-HA,1388,2,4077,1,0,4080,T
4-HA,1389,0,1,4091,0,4092,G
4-HA,1390,1,4048,1,2,4052,T
4-HA,1391,1,4030,1,15,4047,T
4-HA,1392,0,4057,0,2,4059,T
4-HA,1393,1,2,4053,0,4056,G
4-HA,1394,4056,2,1,0,4059,A
4-HA,1395,4055,1,0,0,4056,A
4-HA,1396,4035,0,0,0,4035,A
4-HA,1397,4038,0,0,1,4039,A
4-HA,1398,4019,3,0,0,4022,A
4-HA,1399,4030,0,0,2,4032,A
4-HA,1400,0,1,1,4034,4036,C
4-HA,1401,4034,0,2,0,4036,A
4-HA,1402,4033,0,3,0,4036,A
4-HA,1403,4027,0,2,0,4029,A
4-HA,1404,0,0,4046,0,4046,G
4-HA,1405,4064,0,1,0,4065,A
4-HA,1406,4045,0,3,0,4048,A
4-HA,1407,0,0,4051,0,4051,G
4-HA,1408,0,2,0,4043,4045,C
4-HA,1409,4040,0,1,0,4041,A
4-HA,1410,4077,0,0,0,4077,A
4-HA,1411,0,0,0,4077,4077,C
4-HA,1412,1,4059,0,0,4060,T
4-HA,1413,0,0,4083,0,4083,G
4-HA,1414,4063,0,2,0,4065,A
4-HA,1415,0,3,4081,0,4084,G
4-HA,1416,0,0,4098,0,4098,G
4-HA,1417,3,1,4101,1,4106,G
4-HA,1418,4096,0,3,0,4099,A
4-HA,1419,4087,0,1,0,4088,A
4-HA,1420,4062,1,1,0,4064,A
4-HA,1421,4097,2,2,0,4101,A
4-HA,1422,0,4094,0,0,4094,T
4-HA,1423,1,1,4115,0,4117,G
4-HA,1424,0,0,0,4109,4109,C
4-HA,1425,1,4080,0,2,4083,T
4-HA,1426,2,1,4089,0,4092,G
4-HA,1427,4079,0,1,0,4080,A
4-HA,1428,1,0,4266,0,4267,G
4-HA,1429,0,1,4316,0,4317,G
4-HA,1430,4271,1,1,0,4273,A
4-HA,1431,0,4268,0,0,4268,T
4-HA,1432,4233,0,2,0,4235,A
4-HA,1433,0,4214,0,1,4215,T
4-HA,1434,1,4,4255,1,4261,G
4-HA,1435,2,1,4276,0,4279,G
4-HA,1436,4,0,4280,0,4284,G
4-HA,1437,2,1,0,4094,4097,C
4-HA,1438,3969,0,4,0,3973,A
4-HA,1439,3974,0,0,0,3974,A
4-HA,1440,1,3972,0,0,3973,T
4-HA,1441,1,0,3984,0,3985,G
4-HA,1442,0,0,3982,0,3982,G
4-HA,1443,2,3929,0,1,3932,T
4-HA,1444,0,3855,0,1,3856,T
4-HA,1445,0,1,3867,1,3869,G
4-HA,1446,0,3901,0,3,3904,T
4-HA,1447,0,3890,0,0,3890,T
4-HA,1448,0,3815,0,81,3896,T
4-HA,1449,2,0,0,3902,3904,C
4-HA,1450,3900,1,0,0,3901,A
4-HA,1451,3901,1,0,1,3903,A
4-HA,1452,3901,0,2,1,3904,A
4-HA,1453,3932,1,2,0,3935,A
4-HA,1454,0,3919,0,0,3919,T
4-HA,1455,3872,0,0,0,3872,A
4-HA,1456,0,3879,0,1,3880,T
4-HA,1457,3874,1,1,0,3876,A
4-HA,1458,0,0,0,3909,3909,C
4-HA,1459,0,0,0,3878,3878,C
4-HA,1460,3875,0,2,0,3877,A
4-HA,1461,0,1,0,3885,3886,C
4-HA,1462,3893,0,0,0,3893,A
4-HA,1463,3896,0,0,1,3897,A
4-HA,1464,3888,0,1,0,3889,A
4-HA,1465,0,3893,0,0,3893,T
4-HA,1466,0,0,3919,0,3919,G
4-HA,1467,3,3865,1,1,3870,T
4-HA,1468,0,3,3897,0,3900,G
4-HA,1469,3896,1,3,1,3901,A
4-HA,1470,1,0,0,3894,3895,C
4-HA,1471,3833,1,2,0,3836,A
4-HA,1472,3843,0,0,0,3843,A
4-HA,1473,0,3898,0,1,3899,T
4-HA,1474,0,2,3927,0,3929,G
4-HA,1475,1,0,0,3903,3904,C
4-HA,1476,1,0,0,3914,3915,C
4-HA,1477,1,3880,0,3,3884,T
4-HA,1478,0,1,4041,1,4043,G
4-HA,1479,0,0,1,4047,4048,C
4-HA,1480,4056,0,0,0,4056,A
4-HA,1481,1,4050,0,1,4052,T
4-HA,1482,3923,1,1,0,3925,A
4-HA,1483,0,1,3932,0,3933,G
4-HA,1484,2,0,3923,0,3925,G
4-HA,1485,3917,2,2,0,3921,A
4-HA,1486,0,3905,0,0,3905,T
4-HA,1487,2,0,0,3686,3688,C
4-HA,1488,3680,1,1,0,3682,A
4-HA,1489,3691,0,3,0,3694,A
4-HA,1490,2,3687,2,0,3691,T
4-HA,1491,0,1,0,3698,3699,C
4-HA,1492,3625,0,1,0,3626,A
4-HA,1493,0,0,3645,0,3645,G
4-HA,1494,3640,0,0,0,3640,A
4-HA,1495,3631,2,1,0,3634,A
4-HA,1496,3639,1,0,0,3640,A
4-HA,1497,0,3622,0,0,3622,T
4-HA,1498,0,1,3606,0,3607,G
4-HA,1499,1,1,3614,0,3616,G
4-HA,1500,3604,1,3,0,3608,A
4-HA,1501,3625,0,0,0,3625,A
4-HA,1502,0,0,1,3612,3613,C
4-HA,1503,0,3594,0,2,3596,T
4-HA,1504,0,3606,0,0,3606,T
4-HA,1505,3612,1,0,0,3613,A
4-HA,1506,1,3607,0,2,3610,T
4-HA,1507,1,2,3609,0,3612,G
4-HA,1508,3610,0,3,0,3613,A
4-HA,1509,1,1,0,3607,3609,C
4-HA,1510,0,0,0,3580,3580,C
4-HA,1511,3568,1,2,0,3571,A
4-HA,1512,0,2,0,3651,3653,C
4-HA,1513,0,0,3738,0,3738,G
4-HA,1514,3811,1,1,0,3813,A
4-HA,1515,1,3849,0,1,3851,T
4-HA,1516,0,0,3975,0,3975,G
4-HA,1517,0,3951,0,1,3952,T
4-HA,1518,4051,0,0,0,4051,A
4-HA,1519,0,4053,0,0,4053,T
4-HA,1520,4035,0,0,0,4035,A
4-HA,1521,0,2,0,4026,4028,C
4-HA,1522,3595,1,2,0,3598,A
4-HA,1523,0,0,3628,0,3628,G
4-HA,1524,3425,0,1,0,3426,A
4-HA,1525,1,1,3320,0,3322,G
4-HA,1526,3292,0,0,1,3293,A
4-HA,1527,0,3066,0,3,3069,T
4-HA,1528,0,1,3063,0,3064,G
4-HA,1529,3062,2,0,0,3064,A
4-HA,1530,3052,0,3,0,3055,A
4-HA,1531,0,0,3104,0,3104,G
4-HA,1532,0,0,1,3037,3038,C
4-HA,1533,3039,0,0,0,3039,A
4-HA,1534,0,3007,0,4,3011,T
4-HA,1535,1,3013,0,2,3016,T
4-HA,1536,3030,0,2,0,3032,A
4-HA,1537,3032,0,0,0,3032,A
4-HA,1538,3029,0,2,0,3031,A
4-HA,1539,0,2,0,3031,3033,C
4-HA,1540,2918,0,1,1,2920,A
4-HA,1541,2923,0,0,1,2924,A
4-HA,1542,1,1,0,2919,2921,C
4-HA,1543,0,2,0,2904,2906,C
4-HA,1544,0,1,2901,0,2902,G
4-HA,1545,0,1,2944,0,2945,G
4-HA,1546,0,2945,0,2,2947,T
4-HA,1547,0,2935,1,0,2936,T
4-HA,1548,1,1,0,2929,2931,C
4-HA,1549,0,1,0,2930,2931,C
4-HA,1550,2923,0,0,0,2923,A
4-HA,1551,2,0,2952,0,2954,G
4-HA,1552,2951,1,0,1,2953,A
4-HA,1553,1,2937,0,0,2938,T
4-HA,1554,0,0,0,2837,2837,C
4-HA,1555,2809,4,2,0,2815,A
4-HA,1556,2808,1,3,0,2812,A
4-HA,1557,0,4,2805,0,2809,G
4-HA,1558,0,3,2803,0,2806,G
4-HA,1559,0,0,2798,0,2798,G
4-HA,1560,2715,0,0,0,2715,A
4-HA,1561,0,0,2734,0,2734,G
4-HA,1562,1,2733,0,1,2735,T
4-HA,1563,0,2732,0,1,2733,T
4-HA,1564,0,0,2748,1,2749,G
4-HA,1565,2731,0,5,0,2736,A
4-HA,1566,2,0,2739,0,2741,G
4-HA,1567,0,1,0,2741,2742,C
4-HA,1568,0,2716,0,5,2721,T
4-HA,1569,0,2,2731,1,2734,G
4-HA,1570,2716,0,1,0,2717,A
4-HA,1571,2722,0,0,0,2722,A
4-HA,1572,0,0,2728,0,2728,G
4-HA,1573,0,2675,0,0,2675,T
4-HA,1574,2,0,0,2671,2673,C
4-HA,1575,2637,0,0,0,2637,A
4-HA,1576,1,2,2624,0,2627,G
4-HA,1577,0,2,2629,0,2631,G
4-HA,1578,3,1,2580,0,2584,G
4-HA,1579,0,2676,0,3,2679,T
4-HA,1580,2774,0,1,1,2776,A
4-HA,1581,1,1,0,2766,2768,C
4-HA,1582,2761,0,0,0,2761,A
4-HA,1583,2761,0,0,0,2761,A
4-HA,1584,2730,0,2,0,2732,A
4-HA,1585,0,1,2702,0,2703,G
4-HA,1586,2599,0,0,0,2599,A
4-HA,1587,0,1,0,2339,2340,C
4-HA,1588,0,2393,0,1,2394,T
4-HA,1589,0,1,2398,0,2399,G
4-HA,1590,1,0,2407,0,2408,G
4-HA,1591,2424,1,1,0,2426,A
4-HA,1592,0,2433,0,1,2434,T
4-HA,1593,1,0,0,2409,2410,C
4-HA,1594,3,1,0,2373,2377,C
4-HA,1595,0,2350,1,6,2357,T
4-HA,1596,2373,0,0,0,2373,A
4-HA,1597,2,2371,0,0,2373,T
4-HA,1598,0,0,2371,0,2371,G
4-HA,1599,1,1,2369,0,2371,G
4-HA,1600,2298,1,1,0,2300,A
4-HA,1601,0,2291,0,3,2294,T
4-HA,1602,0,2267,1,1,2269,T
4-HA,1603,0,2267,0,0,2267,T
4-HA,1604,1,0,0,2274,2275,C
4-HA,1605,0,0,1,2271,2272,C
4-HA,1606,0,2240,0,0,2240,T
4-HA,1607,0,2243,0,0,2243,T
4-HA,1608,0,2224,0,1,2225,T
4-HA,1609,0,0,2251,0,2251,G
4-HA,1610,1,0,0,2242,2243,C
4-HA,1611,0,0,0,2249,2249,C
4-HA,1612,2203,0,0,0,2203,A
4-HA,1613,0,2195,0,0,2195,T
4-HA,1614,2218,0,0,0,2218,A
4-HA,1615,0,2213,0,2,2215,T
4-HA,1616,0,0,0,2201,2201,C
4-HA,1617,2203,0,0,0,2203,A
4-HA,1618,0,2171,0,0,2171,T
4-HA,1619,0,0,2183,0,2183,G
4-HA,1620,0,2173,0,1,2174,T
4-HA,1621,1,2148,0,1,2150,T
4-HA,1622,0,2150,0,1,2151,T
4-HA,1623,0,2098,0,0,2098,T
4-HA,1624,0,2097,0,0,2097,T
4-HA,1625,0,2091,0,1,2092,T
4-HA,1626,0,1,2101,0,2102,G
4-HA,1627,1,0,0,2096,2097,C
4-HA,1628,0,2038,0,7,2045,T
4-HA,1629,0,2050,0,1,2051,T
4-HA,1630,0,2047,0,0,2047,T
4-HA,1631,0,0,2087,0,2087,G
4-HA,1632,0,2088,0,0,2088,T
4-HA,1633,0,1,2088,0,2089,G
4-HA,1634,0,2081,1,1,2083,T
4-HA,1635,1,2040,0,1,2042,T
4-HA,1636,1,0,2060,0,2061,G
4-HA,1637,1,1,0,2056,2058,C
4-HA,1638,0,2031,0,3,2034,T
4-HA,1639,0,2048,0,1,2049,T
4-HA,1640,0,1936,0,0,1936,T
4-HA,1641,3,3,1936,0,1942,G
4-HA,1642,0,1936,0,1,1937,T
4-HA,1643,0,1932,0,0,1932,T
4-HA,1644,0,1,1930,0,1931,G
4-HA,1645,1,0,1883,0,1884,G
4-HA,1646,0,1,1884,0,1885,G
4-HA,1647,1,1,1889,0,1891,G
4-HA,1648,1,1820,1,3,1825,T
4-HA,1649,0,1808,0,3,1811,T
4-HA,1650,0,1,1,1776,1778,C
4-HA,1651,1761,1,0,0,1762,A
4-HA,1652,0,1772,0,1,1773,T
4-HA,1653,0,0,1,1765,1766,C
4-HA,1654,1748,0,2,0,1750,A
4-HA,1655,0,1711,0,0,1711,T
4-HA,1656,0,0,1694,0,1694,G
4-HA,1657,0,1673,0,0,1673,T
4-HA,1658,0,0,1658,0,1658,G
4-HA,1659,0,0,1610,0,1610,G
4-HA,1660,0,0,1601,0,1601,G
4-HA,1661,1,0,2,1567,1570,C
4-HA,1662,0,0,0,1533,1533,C
4-HA,1663,0,1441,0,1,1442,T
4-HA,1664,0,0,1449,0,1449,G
4-HA,1665,1,0,0,1445,1446,C
4-HA,1666,0,0,0,1449,1449,C
4-HA,1667,1442,1,1,0,1444,A
4-HA,1668,1428,1,0,0,1429,A
4-HA,1669,1429,0,0,0,1429,A
4-HA,1670,1425,0,0,0,1425,A
4-HA,1671,1427,0,1,0,1428,A
4-HA,1672,1,1,1423,0,1425,G
4-HA,1673,1,0,1373,0,1374,G
4-HA,1674,2,0,0,1349,1351,C
4-HA,1675,1342,0,1,0,1343,A
4-HA,1676,1350,0,0,0,1350,A
4-HA,1677,0,0,0,1350,1350,C
4-HA,1678,1348,0,0,0,1348,A
4-HA,1679,0,1345,1,0,1346,T
4-HA,1680,0,1329,0,1,1330,T
4-HA,1681,1288,1,1,0,1290,A
4-HA,1682,0,0,1287,0,1287,G
4-HA,1683,0,0,1282,0,1282,G
4-HA,1684,0,1240,0,2,1242,T
4-HA,1685,1,0,1134,1,1136,G
4-HA,1686,0,1,0,1094,1095,C
4-HA,1687,1086,0,0,1,1087,A
4-HA,1688,1083,1,0,0,1084,A
4-HA,1689,0,0,0,1087,1087,C
4-HA,1690,1070,0,0,0,1070,A
4-HA,1691,1,1049,1,0,1051,T
4-HA,1692,0,999,0,0,999,T
4-HA,1693,0,1000,0,0,1000,T
4-HA,1694,0,0,996,0,996,G
4-HA,1695,1,0,0,984,985,C
4-HA,1696,976,0,0,0,976,A
4-HA,1697,1,909,0,0,910,T
4-HA,1698,0,880,0,1,881,T
4-HA,1699,0,846,0,0,846,T
4-HA,1700,0,0,844,0,844,G
4-HA,1701,795,0,0,0,795,A
5-NP,1,421,0,0,0,421,A
5-NP,2,0,421,0,0,421,T
5-NP,3,0,0,420,0,420,G
5-NP,4,0,0,423,0,423,G
5-NP,5,0,0,0,424,424,C
5-NP,6,0,0,439,0,439,G
5-NP,7,0,459,0,0,459,T
5-NP,8,0,0,0,465,465,C
5-NP,9,1,0,0,466,467,C
5-NP,10,1,0,0,466,467,C
5-NP,11,466,0,0,0,466,A
5-NP,12,467,0,0,0,467,A
5-NP,13,0,0,473,0,473,G
5-NP,14,0,0,485,0,485,G
5-NP,15,1,0,0,489,490,C
5-NP,16,491,0,0,0,491,A
5-NP,17,0,0,0,498,498,C
5-NP,18,0,0,0,501,501,C
5-NP,19,506,0,0,0,506,A
5-NP,20,504,0,0,0,504,A
5-NP,21,506,0,0,0,506,A
5-NP,22,0,1,0,504,505,C
5-NP,23,0,0,509,0,509,G
5-NP,24,0,0,568,0,568,G
5-NP,25,0,567,0,1,568,T
5-NP,26,0,0,0,610,610,C
5-NP,27,0,611,0,0,611,T
5-NP,28,0,620,0,0,620,T
5-NP,29,622,0,0,0,622,A
5-NP,30,0,622,0,0,622,T
5-NP,31,0,0,624,0,624,G
5-NP,32,624,0,0,0,624,A
5-NP,33,619,0,1,0,620,A
5-NP,34,0,0,0,623,623,C
5-NP,35,613,0,0,0,613,A
5-NP,36,0,0,667,0,667,G
5-NP,37,665,1,0,0,666,A
5-NP,38,0,664,0,1,665,T
5-NP,39,0,0,669,0,669,G
5-NP,40,0,0,671,0,671,G
5-NP,41,673,0,0,0,673,A
5-NP,42,674,0,1,0,675,A
5-NP,43,674,0,0,0,674,A
5-NP,44,0,0,0,699,699,C
5-NP,45,0,694,0,0,694,T
5-NP,46,0,0,700,0,700,G
5-NP,47,695,1,0,0,696,A
5-NP,48,0,700,0,0,700,T
5-NP,49,0,0,699,0,699,G
5-NP,50,0,0,709,0,709,G
5-NP,51,0,0,709,0,709,G
5-NP,52,0,0,709,0,709,G
5-NP,53,708,0,1,0,709,A
5-NP,54,1,711,0,0,712,T
5-NP,55,0,1,0,711,712,C
5-NP,56,0,0,717,0,717,G
5-NP,57,0,0,0,735,735,C
5-NP,58,0,0,0,737,737,C
5-NP,59,731,1,1,0,733,A
5-NP,60,0,0,738,0,738,G
5-NP,61,737,0,0,0,737,A
5-NP,62,747,0,0,0,747,A
5-NP,63,0,746,0,0,746,T
5-NP,64,0,0,747,0,747,G
5-NP,65,0,0,0,750,750,C
5-NP,66,745,0,0,0,745,A
5-NP,67,759,0,1,0,760,A
5-NP,68,0,1,0,758,759,C
5-NP,69,0,756,0,0,756,T
5-NP,70,0,0,764,0,764,G
5-NP,71,776,0,0,0,776,A
5-NP,72,0,0,820,0,820,G
5-NP,73,811,0,0,0,811,A
5-NP,74,0,813,0,1,814,T
5-NP,75,1,818,0,0,819,T
5-NP,76,815,0,0,0,815,A
5-NP,77,0,1,815,0,816,G
5-NP,78,0,2,815,1,818,G
5-NP,79,0,1,816,0,817,G
5-NP,80,0,0,0,810,810,C
5-NP,81,799,0,2,0,801,A
5-NP,82,0,807,0,0,807,T
5-NP,83,0,1,0,811,812,C
5-NP,84,0,1,0,812,813,C
5-NP,85,1,0,818,0,819,G
5-NP,86,0,818,0,0,818,T
5-NP,87,1,2,0,817,820,C
5-NP,88,0,0,823,0,823,G
5-NP,89,0,1,820,0,821,G
5-NP,90,0,0,820,0,820,G
5-NP,91,822,0,0,1,823,A
5-NP,92,820,1,0,1,822,A
5-NP,93,0,0,826,0,826,G
5-NP,94,818,0,0,1,819,A
5-NP,95,0,828,0,0,828,T
5-NP,96,0,0,831,0,831,G
5-NP,97,827,0,0,1,828,A
5-NP,98,0,831,0,0,831,T
5-NP,99,0,826,0,0,826,T
5-NP,100,0,0,829,0,829,G
5-NP,101,825,0,0,1,826,A
5-NP,102,0,830,0,0,830,T
5-NP,103,0,1,829,0,830,G
5-NP,104,0,0,841,0,841,G
5-NP,105,838,0,0,1,839,A
5-NP,106,846,0,0,0,846,A
5-NP,107,0,842,1,0,843,T
5-NP,108,0,844,0,0,844,T
5-NP,109,0,2,849,0,851,G
5-NP,110,0,1,846,1,848,G
5-NP,111,0,0,847,0,847,G
5-NP,112,846,0,1,0,847,A
5-NP,113,0,1,847,0,848,G
5-NP,114,847,0,1,0,848,A
5-NP,115,0,871,0,0,871,T
5-NP,116,0,881,0,0,881,T
5-NP,117,0,0,0,884,884,C
5-NP,118,0,883,0,0,883,T
5-NP,119,896,0,1,0,897,A
5-NP,120,0,0,0,899,899,C
5-NP,121,923,0,0,0,923,A
5-NP,122,0,930,0,0,930,T
5-NP,123,0,0,0,927,927,C
5-NP,124,0,0,0,924,924,C
5-NP,125,927,0,0,0,927,A
5-NP,126,949,0,0,0,949,A
5-NP,127,948,0,0,0,948,A
5-NP,128,0,947,0,0,947,T
5-NP,129,0,0,951,0,951,G
5-NP,130,0,945,0,0,945,T
5-NP,131,0,0,958,0,958,G
5-NP,132,0,2,0,960,962,C
5-NP,133,955,0,2,0,957,A
5-NP,134,0,0,0,957,957,C
5-NP,135,1,946,0,0,947,T
5-NP,136,0,0,999,0,999,G
5-NP,137,1006,0,0,0,1006,A
5-NP,138,1021,0,0,0,1021,A
5-NP,139,1,0,0,1029,1030,C
5-NP,140,0,1028,0,0,1028,T
5-NP,141,0,1031,0,0,1031,T
5-NP,142,1030,0,0,0,1030,A
5-NP,143,1035,0,0,0,1035,A
5-NP,144,1044,0,0,0,1044,A
5-NP,145,0,0,0,1045,1045,C
5-NP,146,0,1012,0,0,1012,T
5-NP,147,997,0,0,0,997,A
5-NP,148,1014,0,1,0,1015,A
5-NP,149,0,0,1023,0,1023,G
5-NP,150,1,1026,0,0,1027,T
5-NP,151,0,0,1029,0,1029,G
5-NP,152,1050,0,1,0,1051,A
5-NP,153,0,1046,0,0,1046,T
5-NP,154,0,0,0,1068,1068,C
5-NP,155,1068,0,0,0,1068,A
5-NP,156,0,1064,0,0,1064,T
5-NP,157,0,0,1063,0,1063,G
5-NP,158,1064,0,1,0,1065,A
5-NP,159,1058,0,4,0,1062,A
5-NP,160,0,0,1065,0,1065,G
5-NP,161,0,1,1047,0,1048,G
5-NP,162,0,2,1049,0,1051,G
5-NP,163,0,0,0,1041,1041,C
5-NP,164,0,3,1040,0,1043,G
5-NP,165,0,0,1048,0,1048,G
5-NP,166,0,1049,0,0,1049,T
5-NP,167,0,1047,0,0,1047,T
5-NP,168,1,0,1051,0,1052,G
5-NP,169,1175,0,0,0,1175,A
5-NP,170,0,1175,0,0,1175,T
5-NP,171,0,0,0,1178,1178,C
5-NP,172,0,0,0,1174,1174,C
5-NP,173,1172,0,0,0,1172,A
5-NP,174,0,0,1179,0,1179,G
5-NP,175,1177,1,0,0,1178,A
5-NP,176,1180,1,0,0,1181,A
5-NP,177,0,0,0,1188,1188,C
5-NP,178,1124,0,0,0,1124,A
5-NP,179,0,0,1132,0,1132,G
5-NP,180,0,0,0,1134,1134,C
5-NP,181,1,1133,0,0,1134,T
5-NP,182,0,1145,0,0,1145,T
5-NP,183,0,1,1148,0,1149,G
5-NP,184,1149,0,0,0,1149,A
5-NP,185,0,0,0,1155,1155,C
5-NP,186,1154,0,0,0,1154,A
5-NP,187,1163,1,0,0,1164,A
5-NP,188,0,1153,0,0,1153,T
5-NP,189,1152,0,1,0,1153,A
5-NP,190,0,0,1160,0,1160,G
5-NP,191,1157,0,1,0,1158,A
5-NP,192,0,0,1162,0,1162,G
5-NP,193,1152,1,0,0,1153,A
5-NP,194,1163,0,1,0,1164,A
5-NP,195,1164,0,0,0,1164,A
5-NP,196,1189,0,2,0,1191,A
5-NP,197,1,1187,0,0,1188,T
5-NP,198,0,1,1186,0,1187,G
5-NP,199,1,0,1185,0,1186,G
5-NP,200,0,1184,0,0,1184,T
5-NP,201,1159,0,0,0,1159,A
5-NP,202,0,0,0,1171,1171,C
5-NP,203,1,1175,0,2,1178,T
5-NP,204,0,0,0,1191,1191,C
5-NP,205,0,1168,0,3,1171,T
5-NP,206,0,0,0,1185,1185,C
5-NP,207,2,1180,0,0,1182,T
5-NP,208,0,0,1187,0,1187,G
5-NP,209,0,1,0,1182,1183,C
5-NP,210,0,1182,0,0,1182,T
5-NP,211,0,1180,0,0,1180,T
5-NP,212,0,1178,0,0,1178,T
5-NP,213,0,1173,0,0,1173,T
5-NP,214,0,0,1180,0,1180,G
5-NP,215,1177,0,0,0,1177,A
5-NP,216,0,1179,0,1,1180,T
5-NP,217,0,0,1184,0,1184,G
5-NP,218,1181,0,0,0,1181,A
5-NP,219,1182,0,0,0,1182,A
5-NP,220,1179,0,1,0,1180,A
5-NP,221,0,0,1176,0,1176,G
5-NP,222,1180,0,0,0,1180,A
5-NP,223,1180,0,0,0,1180,A
5-NP,224,0,1,1190,0,1191,G
5-NP,225,0,0,1214,0,1214,G
5-NP,226,1221,0,0,0,1221,A
5-NP,227,1225,0,0,0,1225,A
5-NP,228,0,1224,0,0,1224,T
5-NP,229,1223,0,0,0,1223,A
5-NP,230,1223,1,0,0,1224,A
5-NP,231,1225,0,0,0,1225,A
5-NP,232,0,1221,0,0,1221,T
5-NP,233,1244,0,0,0,1244,A
5-NP,234,1,0,0,1238,1239,C
5-NP,235,1,0,0,1228,1229,C
5-NP,236,0,1228,0,2,1230,T
5-NP,237,0,0,1238,0,1238,G
5-NP,238,0,0,1259,0,1259,G
5-NP,239,1259,0,0,0,1259,A
5-NP,240,1255,1,2,0,1258,A
5-NP,241,0,0,1272,0,1272,G
5-NP,242,1259,1,0,0,1260,A
5-NP,243,1259,1,0,0,1260,A
5-NP,244,0,0,0,1261,1261,C
5-NP,245,1261,0,0,0,1261,A
5-NP,246,0,0,0,1292,1292,C
5-NP,247,1,0,0,1278,1279,C
5-NP,248,2,0,0,1273,1275,C
5-NP,249,2,0,0,1280,1282,C
5-NP,250,1267,0,1,0,1268,A
5-NP,251,0,1,1272,0,1273,G
5-NP,252,0,2,0,1260,1262,C
5-NP,253,1,0,1266,0,1267,G
5-NP,254,0,2,0,1267,1269,C
5-NP,255,0,0,1254,0,1254,G
5-NP,256,1,2,1262,0,1265,G
5-NP,257,0,0,1265,0,1265,G
5-NP,258,1,1,1267,0,1269,G
5-NP,259,1263,0,2,0,1265,A
5-NP,260,1267,0,0,1,1268,A
5-NP,261,1264,0,0,0,1264,A
5-NP,262,0,0,1265,0,1265,G
5-NP,263,1261,1,1,0,1263,A
5-NP,264,0,1260,0,0,1260,T
5-NP,265,0,0,0,1263,1263,C
5-NP,266,1,0,0,1263,1264,C
5-NP,267,0,0,1,1269,1270,C
5-NP,268,1275,0,0,0,1275,A
5-NP,269,1276,0,0,0,1276,A
5-NP,270,0,0,1278,0,1278,G
5-NP,271,1277,0,1,0,1278,A
5-NP,272,1286,0,0,0,1286,A
5-NP,273,1290,0,0,0,1290,A
5-NP,274,1287,0,0,1,1288,A
5-NP,275,0,0,0,1290,1290,C
5-NP,276,0,1280,0,1,1281,T
5-NP,277,1,0,1278,0,1279,G
5-NP,278,0,0,1279,0,1279,G
5-NP,279,0,1,1278,0,1279,G
5-NP,280,0,2,1277,1,1280,G
5-NP,281,0,0,1283,0,1283,G
5-NP,282,0,0,1303,0,1303,G
5-NP,283,1,0,0,1398,1399,C
5-NP,284,1,0,0,1395,1396,C
5-NP,285,0,0,0,1405,1405,C
5-NP,286,1569,1,0,0,1570,A
5-NP,287,0,1569,0,1,1570,T
5-NP,288,1653,0,0,0,1653,A
5-NP,289,0,1655,0,1,1656,T
5-NP,290,1640,2,0,0,1642,A
5-NP,291,0,1,0,1648,1649,C
5-NP,292,1518,0,0,0,1518,A
5-NP,293,1,0,1535,0,1536,G
5-NP,294,0,0,1531,0,1531,G
5-NP,295,1376,0,1,0,1377,A
5-NP,296,0,0,1391,0,1391,G
5-NP,297,1333,0,1,0,1334,A
5-NP,298,0,0,1348,0,1348,G
5-NP,299,0,1347,0,0,1347,T
5-NP,300,1336,0,0,0,1336,A
5-NP,301,1,0,1338,0,1339,G
5-NP,302,1325,1,1,0,1327,A
5-NP,303,1,1328,0,0,1329,T
5-NP,304,0,0,1325,0,1325,G
5-NP,305,0,1,1324,0,1325,G
5-NP,306,1321,0,0,0,1321,A
5-NP,307,1316,1,0,0,1317,A
5-NP,308,1317,0,0,0,1317,A
5-NP,309,1318,0,0,0,1318,A
5-NP,310,0,1321,0,0,1321,T
5-NP,311,0,0,1332,0,1332,G
5-NP,312,0,1,1332,0,1333,G
5-NP,313,1337,0,0,0,1337,A
5-NP,314,0,1336,0,0,1336,T
5-NP,315,0,0,1339,0,1339,G
5-NP,316,1332,0,1,0,1333,A
5-NP,317,1,0,1336,0,1337,G
5-NP,318,0,0,1333,0,1333,G
5-NP,319,2,1,1368,0,1371,G
5-NP,320,1464,0,2,0,1466,A
5-NP,321,1480,0,0,0,1480,A
5-NP,322,0,0,0,1589,1589,C
5-NP,323,0,1596,0,1,1597,T
5-NP,324,0,0,0,1688,1688,C
5-NP,325,0,0,1787,0,1787,G
5-NP,326,2,1869,0,1,1872,T
5-NP,327,1,1,1,1924,1927,C
5-NP,328,0,0,0,2685,2685,C
5-NP,329,0,2687,0,1,2688,T
5-NP,330,1,2720,0,0,2721,T
5-NP,331,0,2730,0,1,2731,T
5-NP,332,2750,0,0,0,2750,A
5-NP,333,1,2765,0,0,2766,T
5-NP,334,0,0,2764,1,2765,G
5-NP,335,2820,1,3,0,2824,A
5-NP,336,1,0,0,2845,2846,C
5-NP,337,2828,0,0,0,2828,A
5-NP,338,2846,0,1,0,2847,A
5-NP,339,2886,1,1,0,2888,A
5-NP,340,0,0,3208,0,3208,G
5-NP,341,3200,0,1,0,3201,A
5-NP,342,3209,0,1,0,3210,A
5-NP,343,1,0,3612,0,3613,G
5-NP,344,3671,1,1,0,3673,A
5-NP,345,3699,0,0,1,3700,A
5-NP,346,3716,0,0,0,3716,A
5-NP,347,0,3713,1,1,3715,T
5-NP,348,3721,0,0,1,3722,A
5-NP,349,3725,1,1,0,3727,A
5-NP,350,0,94,3735,0,3829,G
5-NP,351,0,4,3821,0,3825,G
5-NP,352,0,1,0,3818,3819,C
5-NP,353,2,0,3818,1,3821,G
5-NP,354,3866,0,0,0,3866,A
5-NP,355,3994,0,3,1,3998,A
5-NP,356,1,4028,0,2,4031,T
5-NP,357,0,0,0,4035,4035,C
5-NP,358,1,4032,0,2,4035,T
5-NP,359,0,2,4038,0,4040,G
5-NP,360,1,0,4057,0,4058,G
5-NP,361,0,2,0,4083,4085,C
5-NP,362,3,0,4073,0,4076,G
5-NP,363,1,0,0,4089,4090,C
5-NP,364,2,1,0,4083,4086,C
5-NP,365,4107,0,0,0,4107,A
5-NP,366,4253,0,2,0,4255,A
5-NP,367,0,0,4527,0,4527,G
5-NP,368,0,0,0,4563,4563,C
5-NP,369,1,0,2,4694,4697,C
5-NP,370,4713,0,1,1,4715,A
5-NP,371,4881,0,2,0,4883,A
5-NP,372,0,1,0,5026,5027,C
5-NP,373,5029,1,1,1,5032,A
5-NP,374,5273,0,1,0,5274,A
5-NP,375,0,5283,0,1,5284,T
5-NP,376,1,3,5529,1,5534,G
5-NP,377,2,1,5547,1,5551,G
5-NP,378,0,5530,0,1,5531,T
5-NP,379,1,2,5548,0,5551,G
5-NP,380,5539,4,0,0,5543,A
5-NP,381,2,3,5840,0,5845,G
5-NP,382,1,0,5859,0,5860,G
5-NP,383,6014,1,2,0,6017,A
5-NP,384,0,7145,0,1,7146,T
5-NP,385,1,0,7341,0,7342,G
5-NP,386,1,2,0,7390,7393,C
5-NP,387,2,7397,0,7,7406,T
5-NP,388,7489,0,5,1,7495,A
5-NP,389,0,0,0,7727,7727,C
5-NP,390,7776,0,2,0,7778,A
5-NP,391,0,7769,0,3,7772,T
5-NP,392,2,1,0,7762,7765,C
5-NP,393,0,7612,0,2,7614,T
5-NP,394,2,1,8119,0,8122,G
5-NP,395,3,3,8376,0,8382,G
5-NP,396,2,8372,0,8,8382,T
5-NP,397,2,2,2,8401,8407,C
5-NP,398,0,8393,0,2,8395,T
5-NP,399,8643,0,2,0,8645,A
5-NP,400,8657,0,3,0,8660,A
5-NP,401,0,3,1,8757,8761,C
5-NP,402,1,8742,0,5,8748,T
5-NP,403,3,1,0,8886,8890,C
5-NP,404,8913,1,3,0,8917,A
5-NP,405,0,1,1,9488,9490,C
5-NP,406,9483,1,6,0,9490,A
5-NP,407,0,9519,0,2,9521,T
5-NP,408,9484,0,0,0,9484,A
5-NP,409,9558,1,1,2,9562,A
5-NP,410,3,9628,0,5,9636,T
5-NP,411,3,1,9761,0,9765,G
5-NP,412,9756,1,0,0,9757,A
5-NP,413,1,9714,3,2,9720,T
5-NP,414,3,9649,1,3,9656,T
5-NP,415,0,9669,0,9,9678,T
5-NP,416,2,4,9638,4,9648,G
5-NP,417,2,5,9657,0,9664,G
5-NP,418,3,4,0,9685,9692,C
5-NP,419,9695,1,3,0,9699,A
5-NP,420,0,9740,3,2,9745,T
5-NP,421,0,9734,2,7,9743,T
5-NP,422,2,2,0,9741,9745,C
5-NP,423,2,3,1,9771,9777,C
5-NP,424,9991,1,4,0,9996,A
5-NP,425,10016,0,0,0,10016,A
5-NP,426,0,10021,0,2,10023,T
5-NP,427,0,10030,0,1,10031,T
5-NP,428,2,10018,1,6,10027,T
5-NP,429,1,2,10133,0,10136,G
5-NP,430,10122,1,5,0,10128,A
5-NP,431,10138,2,3,0,10143,A
5-NP,432,4,10230,0,3,10237,T
5-NP,433,0,3,10179,2,10184,G
5-NP,434,10783,4,1,1,10789,A
5-NP,435,0,10810,1,1,10812,T
5-NP,436,4,1,10864,1,10870,G
5-NP,437,1,1,2,11278,11282,C
5-NP,438,11265,1,5,0,11271,A
5-NP,439,11862,2,19,1,11884,A
5-NP,440,1,1,0,11896,11898,C
5-NP,441,12119,0,3,0,12122,A
5-NP,442,0,12450,0,4,12454,T
5-NP,443,12328,5,9,0,12342,A
5-NP,444,0,4,0,12626,12630,C
5-NP,445,1,6,0,12614,12621,C
5-NP,446,12466,2,5,1,12474,A
5-NP,447,0,2,12641,3,12646,G
5-NP,448,12457,2,7,0,12466,A
5-NP,449,2,3,12837,1,12843,G
5-NP,450,1,7,12842,0,12850,G
5-NP,451,12800,3,8,0,12811,A
5-NP,452,0,6,0,12934,12940,C
5-NP,453,12870,4,3,2,12879,A
5-NP,454,12869,1,9,0,12879,A
5-NP,455,2,1,12964,1,12968,G
5-NP,456,12860,5,21,2,12888,A
5-NP,457,3,2,12987,0,12992,G
5-NP,458,0,3,1,13029,13033,C
5-NP,459,0,12974,1,13,12988,T
5-NP,460,5,0,0,13046,13051,C
5-NP,461,1,13005,3,8,13017,T
5-NP,462,4,13060,1,0,13065,T
5-NP,463,3,9,13105,0,13117,G
5-NP,464,1,13075,1,4,13081,T
5-NP,465,4,13067,2,5,13078,T
5-NP,466,1,2,0,13046,13049,C
5-NP,467,3,4,13061,0,13068,G
5-NP,468,13361,1,5,0,13367,A
5-NP,469,13365,8,2,0,13375,A
5-NP,470,1,4,0,13470,13475,C
5-NP,471,2,13442,4,8,13456,T
5-NP,472,6,2,13686,2,13696,G
5-NP,473,1,3,13747,0,13751,G
5-NP,474,13750,8,6,0,13764,A
5-NP,475,13779,2,10,1,13792,A
5-NP,476,2,13772,1,3,13778,T
5-NP,477,3,2,13828,1,13834,G
5-NP,478,1,2,13883,0,13886,G
5-NP,479,14061,1,8,1,14071,A
5-NP,480,3,14232,0,5,14240,T
5-NP,481,4,1,1,14299,14305,C
5-NP,482,3,1,1,14317,14322,C
5-NP,483,11,4,2,14373,14390,C
5-NP,484,14518,1,4,0,14523,A
5-NP,485,1,2,14687,1,14691,G
5-NP,486,14712,1,2,1,14716,A
5-NP,487,14715,2,2,2,14721,A
5-NP,488,0,14588,0,1,14589,T
5-NP,489,2,6,14774,0,14782,G
5-NP,490,3,14724,0,6,14733,T
5-NP,491,1,3,14800,0,14804,G
5-NP,492,4,3,1,14810,14818,C
5-NP,493,1,14781,0,11,14793,T
5-NP,494,3,1,0,15691,15695,C
5-NP,495,3,15593,1,7,15604,T
5-NP,496,5,2,0,16351,16358,C
5-NP,497,0,16323,1,11,16335,T
5-NP,498,2,6,16401,0,16409,G
5-NP,499,16507,4,7,1,16519,A
5-NP,500,2,16486,2,4,16494,T
5-NP,501,4,3,16475,0,16482,G
5-NP,502,0,4,0,16464,16468,C
5-NP,503,16080,4,11,1,16096,A
5-NP,504,3,8,16540,1,16552,G
5-NP,505,3,7,16273,0,16283,G
5-NP,506,6,8,16487,1,16502,G
5-NP,507,2,8,0,16471,16481,C
5-NP,508,4,16407,1,13,16425,T
5-NP,509,3,8,2,16493,16506,C
5-NP,510,3,6,16489,1,16499,G
5-NP,511,16773,5,3,0,16781,A
5-NP,512,0,1,0,16922,16923,C
5-NP,513,3,16728,1,7,16739,T
5-NP,514,3,1,0,17750,17754,C
5-NP,515,1,17694,0,10,17705,T
5-NP,516,6,3,2,20476,20487,C
5-NP,517,8,5,4,20485,20502,C
5-NP,518,13,2,1,20536,20552,C
5-NP,519,5,20528,0,21,20554,T
5-NP,520,20445,5,6,4,20460,A
5-NP,521,2,3,20449,0,20454,G
5-NP,522,20409,3,2,4,20418,A
5-NP,523,19968,1,4,2,19975,A
5-NP,524,1,4,19995,0,20000,G
5-NP,525,3,3,19742,1,19749,G
5-NP,526,4,19583,0,5,19592,T
5-NP,527,8,3,2,19531,19544,C
5-NP,528,3,5,0,19576,19584,C
5-NP,529,7,6,19556,1,19570,G
5-NP,530,2,14,19738,1,19755,G
5-NP,531,19713,1,13,1,19728,A
5-NP,532,2,4,19983,0,19989,G
5-NP,533,3,3,0,20074,20080,C
5-NP,534,3,19863,1,16,19883,T
5-NP,535,8,5,19902,1,19916,G
5-NP,536,0,1,2,19991,19994,C
5-NP,537,19931,5,30,3,19969,A
5-NP,538,2,6,20028,2,20038,G
5-NP,539,1,5,20101,0,20107,G
5-NP,540,1,20090,0,8,20099,T
5-NP,541,5,5,19926,2,19938,G
5-NP,542,3,2,1,20006,20012,C
5-NP,543,5,19971,0,28,20004,T
5-NP,544,5,2,20089,2,20098,G
5-NP,545,5,6,0,20082,20093,C
5-NP,546,20552,3,13,1,20569,A
5-NP,547,3,3,21741,1,21748,G
5-NP,548,4,21640,0,9,21653,T
5-NP,549,8,3,1,21705,21717,C
5-NP,550,21689,3,5,3,21700,A
5-NP,551,21699,7,11,3,21720,A
5-NP,552,21679,2,23,1,21705,A
5-NP,553,4,9,21733,1,21747,G
5-NP,554,0,11,21701,2,21714,G
5-NP,555,21324,1,17,3,21345,A
5-NP,556,1,5,21229,2,21237,G
5-NP,557,5,21915,0,11,21931,T
5-NP,558,4,7,0,21947,21958,C
5-NP,559,6,11,21965,1,21983,G
5-NP,560,21,8,22676,1,22706,G
5-NP,561,5,4,22734,3,22746,G
5-NP,562,22715,10,1,5,22731,A
5-NP,563,2,4,0,22761,22767,C
5-NP,564,22584,6,4,1,22595,A
5-NP,565,23000,4,7,2,23013,A
5-NP,566,8,23046,1,5,23060,T
5-NP,567,3,4,23179,0,23186,G
5-NP,568,3,4,23700,1,23708,G
5-NP,569,7,23651,0,10,23668,T
5-NP,570,4,5,23726,1,23736,G
5-NP,571,23691,8,15,1,23715,A
5-NP,572,7,23674,1,6,23688,T
5-NP,573,7,11,23667,2,23687,G
5-NP,574,5,9,23873,0,23887,G
5-NP,575,23817,0,17,4,23838,A
5-NP,576,23836,1,7,2,23846,A
5-NP,577,1,8,0,23796,23805,C
5-NP,578,5,23293,1,3,23302,T
5-NP,579,5,5,24456,1,24467,G
5-NP,580,24466,3,10,3,24482,A
5-NP,581,6,24483,2,5,24496,T
5-NP,582,8,4,0,24549,24561,C
5-NP,583,24234,5,22,2,24263,A
5-NP,584,3,6,24981,1,24991,G
5-NP,585,24912,4,7,5,24928,A
5-NP,586,24909,4,15,2,24930,A
5-NP,587,2,24962,2,4,24970,T
5-NP,588,5,10,24582,0,24597,G
5-NP,589,4,8,24845,1,24858,G
5-NP,590,7,24862,1,26,24896,T
5-NP,591,8,5,2,24941,24956,C
5-NP,592,24942,7,6,1,24956,A
5-NP,593,24862,2,11,2,24877,A
5-NP,594,24899,5,11,1,24916,A
5-NP,595,0,5,0,24922,24927,C
5-NP,596,7,18,24826,6,24857,G
5-NP,597,2,20,24984,2,25008,G
5-NP,598,6,31,24792,2,24831,G
5-NP,599,9,10,24946,1,24966,G
5-NP,600,8,7,24958,4,24977,G
5-NP,601,24982,4,13,2,25001,A
5-NP,602,2,24822,0,11,24835,T
5-NP,603,7,5,2,24873,24887,C
5-NP,604,24882,5,14,1,24902,A
5-NP,605,24902,5,18,0,24925,A
5-NP,606,3,4,0,24737,24744,C
5-NP,607,4,4,24682,0,24690,G
5-NP,608,24620,3,7,2,24632,A
5-NP,609,6,24605,0,2,24613,T
5-NP,610,6,6,2,24602,24616,C
5-NP,611,5,3,24637,2,24647,G
5-NP,612,24595,5,6,2,24608,A
5-NP,613,24559,1,10,3,24573,A
5-NP,614,24583,3,7,4,24597,A
5-NP,615,1,24817,3,5,24826,T
5-NP,616,6,24791,1,1,24799,T
5-NP,617,3,24794,4,6,24807,T
5-NP,618,5,24900,3,6,24914,T
5-NP,619,5,24950,0,7,24962,T
5-NP,620,6,7,24960,1,24974,G
5-NP,621,4,12,24957,1,24974,G
5-NP,622,24788,7,18,1,24814,A
5-NP,623,0,7,24982,0,24989,G
5-NP,624,24740,1,6,3,24750,A
5-NP,625,3,4,25864,0,25871,G
5-NP,626,3,4,25998,0,26005,G
5-NP,627,5,25936,1,18,25960,T
5-NP,628,2,10,26032,1,26045,G
5-NP,629,25972,6,64,2,26044,A
5-NP,630,2,6,26154,1,26163,G
5-NP,631,26116,2,15,0,26133,A
5-NP,632,26047,5,10,0,26062,A
5-NP,633,1,26002,1,5,26009,T
5-NP,634,10,24,25284,2,25320,G
5-NP,635,8,5,25127,3,25143,G
5-NP,636,8,5,25176,1,25190,G
5-NP,637,4,19,1,25099,25123,C
5-NP,638,11,9,25146,3,25169,G
5-NP,639,4,8,25277,1,25290,G
5-NP,640,25240,3,6,1,25250,A
5-NP,641,25271,3,14,3,25291,A
5-NP,642,25635,5,8,3,25651,A
5-NP,643,25724,2,18,10,25754,A
5-NP,644,1,6,1,25869,25877,C
5-NP,645,25837,1,15,1,25854,A
5-NP,646,25808,4,12,1,25825,A
5-NP,647,3,1,25847,1,25852,G
5-NP,648,25331,1,2,1,25335,A
5-NP,649,25393,3,7,1,25404,A
5-NP,650,2,2,25896,1,25901,G
5-NP,651,3,25861,2,9,25875,T
5-NP,652,7,9,26981,0,26997,G
5-NP,653,1,2,1,26920,26924,C
5-NP,654,5,26954,0,10,26969,T
5-NP,655,3,27110,0,8,27121,T
5-NP,656,27424,1,5,0,27430,A
5-NP,657,4,27450,1,6,27461,T
5-NP,658,4,7,27552,2,27565,G
5-NP,659,27027,7,40,2,27076,A
5-NP,660,4,10,27180,0,27194,G
5-NP,661,26141,4,15,1,26161,A
5-NP,662,2,13,26230,1,26246,G
5-NP,663,26185,3,6,0,26194,A
5-NP,664,26431,2,2,2,26437,A
5-NP,665,6,26286,4,5,26301,T
5-NP,666,7,3,26581,3,26594,G
5-NP,667,10,26471,2,12,26495,T
5-NP,668,9,3,26562,1,26575,G
5-NP,669,4,5,2,26537,26548,C
5-NP,670,26471,6,10,9,26496,A
5-NP,671,26501,8,28,1,26538,A
5-NP,672,2,2,1,26481,26486,C
5-NP,673,26308,3,1,1,26313,A
5-NP,674,2,26343,6,9,26360,T
5-NP,675,2,26089,1,9,26101,T
5-NP,676,4,2,1,26191,26198,C
5-NP,677,5,26115,2,6,26128,T
5-NP,678,7,26127,2,3,26139,T
5-NP,679,26158,2,3,1,26164,A
5-NP,680,26076,3,6,2,26087,A
5-NP,681,26072,1,12,1,26086,A
5-NP,682,4,5,26102,0,26111,G
5-NP,683,9,6,26052,0,26067,G
5-NP,684,26010,6,6,0,26022,A
5-NP,685,26000,2,9,1,26012,A
5-NP,686,26003,2,5,1,26011,A
5-NP,687,26290,2,21,2,26315,A
5-NP,688,1,26244,5,6,26256,T
5-NP,689,3,26254,5,5,26267,T
5-NP,690,3,26390,3,4,26400,T
5-NP,691,5,6,3,26383,26397,C
5-NP,692,26411,2,8,3,26424,A
5-NP,693,26391,3,9,1,26404,A
5-NP,694,26394,5,12,2,26413,A
5-NP,695,2,3,0,26706,26711,C
5-NP,696,26402,2,4,0,26408,A
5-NP,697,0,4,26888,1,26893,G
5-NP,698,6,2,0,26884,26892,C
5-NP,699,1,26903,2,11,26917,T
5-NP,700,15,6,27365,1,27387,G
5-NP,701,8,9,1,27305,27323,C
5-NP,702,27514,10,29,0,27553,A
5-NP,703,2,7,4,27558,27571,C
5-NP,704,27358,3,5,0,27366,A
5-NP,705,27430,1,31,1,27463,A
5-NP,706,26820,2,26,2,26850,A
5-NP,707,5,9,27752,4,27770,G
5-NP,708,27669,6,50,2,27727,A
5-NP,709,38,1,27784,0,27823,G
5-NP,710,6,11,0,27710,27727,C
5-NP,711,27686,4,10,1,27701,A
5-NP,712,28494,6,11,7,28518,A
5-NP,713,1,28527,1,10,28539,T
5-NP,714,6,12,28581,2,28601,G
5-NP,715,3,3,28721,0,28727,G
5-NP,716,7,27973,2,17,27999,T
5-NP,717,12,9,28048,1,28070,G
5-NP,718,2,14,28261,2,28279,G
5-NP,719,28282,6,6,2,28296,A
5-NP,720,7,28203,2,12,28224,T
5-NP,721,12,6,0,27493,27511,C
5-NP,722,27619,6,7,3,27635,A
5-NP,723,27976,2,8,4,27990,A
5-NP,724,6,3,28072,1,28082,G
5-NP,725,1,27871,0,2,27874,T
5-NP,726,4,12,27901,2,27919,G
5-NP,727,27562,3,40,2,27607,A
5-NP,728,4,9,27731,1,27745,G
5-NP,729,27666,2,24,1,27693,A
5-NP,730,7,8,27689,0,27704,G
5-NP,731,27538,2,14,1,27555,A
5-NP,732,26991,5,4,1,27001,A
5-NP,733,27021,3,29,0,27053,A
5-NP,734,3,2,27159,0,27164,G
5-NP,735,10,27081,0,5,27096,T
5-NP,736,12,6,1,27036,27055,C
5-NP,737,11,5,26966,4,26986,G
5-NP,738,1,7,26998,3,27009,G
5-NP,739,27016,3,15,0,27034,A
5-NP,740,27178,3,5,0,27186,A
5-NP,741,13,5,0,27235,27253,C
5-NP,742,12,11,2,27056,27081,C
5-NP,743,18,5,0,27167,27190,C
5-NP,744,27178,4,14,0,27196,A
5-NP,745,7,8,27288,2,27305,G
5-NP,746,0,4,27335,1,27340,G
5-NP,747,27214,3,9,1,27227,A
5-NP,748,27218,0,5,0,27223,A
5-NP,749,27114,4,12,2,27132,A
5-NP,750,3,8,2,27101,27114,C
5-NP,751,5,4,27076,2,27087,G
5-NP,752,3,2,2,27046,27053,C
5-NP,753,1,27014,0,13,27028,T
5-NP,754,5,9,27042,0,27056,G
5-NP,755,26976,2,9,0,26987,A
5-NP,756,4,5,27308,1,27318,G
5-NP,757,27306,5,13,1,27325,A
5-NP,758,3,27290,2,4,27299,T
5-NP,759,9,4,0,27042,27055,C
5-NP,760,4,4,27089,2,27099,G
5-NP,761,27074,5,10,0,27089,A
5-NP,762,27057,4,8,4,27073,A
5-NP,763,5,4,27143,0,27152,G
5-NP,764,27172,8,3,0,27183,A
5-NP,765,6,26959,1,5,26971,T
5-NP,766,10,3,2,27150,27165,C
5-NP,767,2,27120,4,19,27145,T
5-NP,768,18,7,1,27222,27248,C
5-NP,769,27299,3,7,1,27310,A
5-NP,770,5,27269,0,5,27279,T
5-NP,771,27331,3,6,1,27341,A
5-NP,772,0,27258,3,8,27269,T
5-NP,773,3,27148,2,3,27156,T
5-NP,774,2,27041,2,7,27052,T
5-NP,775,4,26877,4,5,26890,T
5-NP,776,0,26929,1,10,26940,T
5-NP,777,27006,3,12,0,27021,A
5-NP,778,5,2,26998,1,27006,G
5-NP,779,2,5,3,26985,26995,C
5-NP,780,26910,6,8,1,26925,A
5-NP,781,26814,5,5,4,26828,A
5-NP,782,3,7,27600,1,27611,G
5-NP,783,27587,3,3,4,27597,A
5-NP,784,1,27450,155,3,27609,T
5-NP,785,7,3,0,27761,27771,C
5-NP,786,5,27645,2,17,27669,T
5-NP,787,4,5,28337,0,28346,G
5-NP,788,6,8,0,28376,28390,C
5-NP,789,28397,2,13,0,28412,A
5-NP,790,1,28648,3,4,28656,T
5-NP,791,4,27763,1,12,27780,T
5-NP,792,2,9,29300,0,29311,G
5-NP,793,29804,5,12,1,29822,A
5-NP,794,5,29802,1,8,29816,T
5-NP,795,29884,1,1,0,29886,A
5-NP,796,4,29336,1,8,29349,T
5-NP,797,4,29184,0,9,29197,T
5-NP,798,4,6,29332,3,29345,G
5-NP,799,29030,5,22,0,29057,A
5-NP,800,1,9,29277,0,29287,G
5-NP,801,27898,5,26,1,27930,A
5-NP,802,6,13,27398,2,27419,G
5-NP,803,3,10,27743,0,27756,G
5-NP,804,27708,8,10,1,27727,A
5-NP,805,6,27664,0,13,27683,T
5-NP,806,11,3,0,27725,27739,C
5-NP,807,27596,2,12,1,27611,A
5-NP,808,4,3,27709,0,27716,G
5-NP,809,8,27577,2,7,27594,T
5-NP,810,5,27395,0,7,27407,T
5-NP,811,10,10,27384,1,27405,G
5-NP,812,3,5,1,27131,27140,C
5-NP,813,2,27088,2,12,27104,T
5-NP,814,13,4,2,27202,27221,C
5-NP,815,27264,4,7,3,27278,A
5-NP,816,4,8,1,27272,27285,C
5-NP,817,27190,3,7,2,27202,A
5-NP,818,27327,3,6,1,27337,A
5-NP,819,27372,5,5,1,27383,A
5-NP,820,6,27310,2,6,27324,T
5-NP,821,7,1,1,27356,27365,C
5-NP,822,4,27327,1,15,27347,T
5-NP,823,3,27278,1,10,27292,T
5-NP,824,7,3,27343,1,27354,G
5-NP,825,4,13,2,27308,27327,C
5-NP,826,7,9,1,27664,27681,C
5-NP,827,5,27527,0,8,27540,T
5-NP,828,27680,2,15,0,27697,A
5-NP,829,7,10,1,27626,27644,C
5-NP,830,6,4,2,27682,27694,C
5-NP,831,6,27601,2,22,27631,T
5-NP,832,7,2,28072,1,28082,G
5-NP,833,6,6,1,27964,27977,C
5-NP,834,11,6,1,27986,28004,C
5-NP,835,3,27623,10,19,27655,T
5-NP,836,6,4,27977,1,27988,G
5-NP,837,5,27847,3,11,27866,T
5-NP,838,5,4,28119,0,28128,G
5-NP,839,7,15,1,28247,28270,C
5-NP,840,8,2,28660,1,28671,G
5-NP,841,2,28207,1,16,28226,T
5-NP,842,28154,4,6,3,28167,A
5-NP,843,1,28155,0,11,28167,T
5-NP,844,6,6,28138,0,28150,G
5-NP,845,2,7,29227,2,29238,G
5-NP,846,29101,4,20,1,29126,A
5-NP,847,3,4,1,28614,28622,C
5-NP,848,7,3,0,28553,28563,C
5-NP,849,6,28110,3,28,28147,T
5-NP,850,6,2,29393,1,29402,G
5-NP,851,5,4,4,29418,29431,C
5-NP,852,29455,2,18,2,29477,A
5-NP,853,0,8,29964,1,29973,G
5-NP,854,2,28353,1,9,28365,T
5-NP,855,29464,1,4,0,29469,A
5-NP,856,5,29337,3,25,29370,T
5-NP,857,8,5,2,29252,29267,C
5-NP,858,10,9,3,29299,29321,C
5-NP,859,27925,3,5,1,27934,A
5-NP,860,5,2,28059,0,28066,G
5-NP,861,4,27920,1,7,27932,T
5-NP,862,34,17,28116,2,28169,G
5-NP,863,15,11,28032,2,28060,G
5-NP,864,5,11,27570,4,27590,G
5-NP,865,2,27552,0,15,27569,T
5-NP,866,27489,8,10,3,27510,A
5-NP,867,6,11,2,27579,27598,C
5-NP,868,5,4,27491,1,27501,G
5-NP,869,27378,6,8,2,27394,A
5-NP,870,6,5,1,27397,27409,C
5-NP,871,4,26782,3,9,26798,T
5-NP,872,7,26841,3,8,26859,T
5-NP,873,3,19,0,26757,26779,C
5-NP,874,5,1,26798,1,26805,G
5-NP,875,26783,2,16,1,26802,A
5-NP,876,26784,0,4,4,26792,A
5-NP,877,26789,3,7,57,26856,A
5-NP,878,26814,1,3,0,26818,A
5-NP,879,26741,2,14,3,26760,A
5-NP,880,3,3,26850,0,26856,G
5-NP,881,26714,5,35,2,26756,A
5-NP,882,2,17,26948,1,26968,G
5-NP,883,5,17,27066,0,27088,G
5-NP,884,5,11,27164,0,27180,G
5-NP,885,27226,4,16,3,27249,A
5-NP,886,7,27176,2,4,27189,T
5-NP,887,27420,0,8,2,27430,A
5-NP,888,6,27435,6,16,27463,T
5-NP,889,3,27501,4,7,27515,T
5-NP,890,2,3,0,27864,27869,C
5-NP,891,8,5,3,27683,27699,C
5-NP,892,3,27333,2,18,27356,T
5-NP,893,1,27331,1,5,27338,T
5-NP,894,5,8,27699,2,27714,G
5-NP,895,8,3,27786,0,27797,G
5-NP,896,4,27568,2,16,27590,T
5-NP,897,2,17,27398,3,27420,G
5-NP,898,11,17,27154,1,27183,G
5-NP,899,11,9,26889,2,26911,G
5-NP,900,11,7,26325,1,26344,G
5-NP,901,27969,2,20,0,27991,A
5-NP,902,3,27997,0,6,28006,T
5-NP,903,27646,3,379,0,28028,A
5-NP,904,1,13,28057,0,28071,G
5-NP,905,27928,5,23,0,27956,A
5-NP,906,6,8,1,27916,27931,C
5-NP,907,7,5,0,27496,27508,C
5-NP,908,23,1,1,26455,26480,C
5-NP,909,3,26571,1,39,26614,T
5-NP,910,5,26634,4,14,26657,T
5-NP,911,4,26639,1,17,26661,T
5-NP,912,6,3,2,26694,26705,C
5-NP,913,26569,4,7,2,26582,A
5-NP,914,26610,3,9,3,26625,A
5-NP,915,26534,3,11,1,26549,A
5-NP,916,4,2,0,26540,26546,C
5-NP,917,3,25897,1,4,25905,T
5-NP,918,25773,4,6,3,25786,A
5-NP,919,1,5,2,26000,26008,C
5-NP,920,0,25895,1,11,25907,T
5-NP,921,4,25896,1,4,25905,T
5-NP,922,4,7,0,25977,25988,C
5-NP,923,25920,3,7,1,25931,A
5-NP,924,25912,5,9,1,25927,A
5-NP,925,25857,1,6,2,25866,A
5-NP,926,25840,1,6,2,25849,A
5-NP,927,3,25698,1,9,25711,T
5-NP,928,25376,3,15,0,25394,A
5-NP,929,6,4,25664,2,25676,G
5-NP,930,2,14,0,25725,25741,C
5-NP,931,9,2,3,26001,26015,C
5-NP,932,26042,2,4,1,26049,A
5-NP,933,26102,6,1,0,26109,A
5-NP,934,26833,2,3,2,26840,A
5-NP,935,6,26846,2,4,26858,T
5-NP,936,27005,3,4,2,27014,A
5-NP,937,3,26973,1,8,26985,T
5-NP,938,26575,4,11,0,26590,A
5-NP,939,2,6,2,26611,26621,C
5-NP,940,26116,3,6,2,26127,A
5-NP,941,1,0,26748,0,26749,G
5-NP,942,6,1,1,26677,26685,C
5-NP,943,4,25899,2,14,25919,T
5-NP,944,4,26116,0,8,26128,T
5-NP,945,26199,3,6,0,26208,A
5-NP,946,26228,3,10,0,26241,A
5-NP,947,6,26220,1,9,26236,T
5-NP,948,5,3,3,26191,26202,C
5-NP,949,25457,5,14,4,25480,A
5-NP,950,2,4,25708,1,25715,G
5-NP,951,25699,4,14,2,25719,A
5-NP,952,6,2,1,25828,25837,C
5-NP,953,6,1,1,25590,25598,C
5-NP,954,0,25291,2,12,25305,T
5-NP,955,25470,2,6,0,25478,A
5-NP,956,25460,7,11,1,25479,A
5-NP,957,3,5,0,25574,25582,C
5-NP,958,4,8,25559,2,25573,G
5-NP,959,25051,5,6,0,25062,A
5-NP,960,4,7,25092,0,25103,G
5-NP,961,24875,2,10,1,24888,A
5-NP,962,25076,5,2,0,25083,A
5-NP,963,3,25014,3,8,25028,T
5-NP,964,8,3,12,24722,24745,C
5-NP,965,2,5,0,24789,24796,C
5-NP,966,24449,4,18,1,24472,A
5-NP,967,1,2,24610,1,24614,G
5-NP,968,4,5,1,24604,24614,C
5-NP,969,24791,5,20,2,24818,A
5-NP,970,1,5,2,24940,24948,C
5-NP,971,24630,6,19,0,24655,A
5-NP,972,2,5,1,24701,24709,C
5-NP,973,24648,1,9,1,24659,A
5-NP,974,24733,2,13,1,24749,A
5-NP,975,1,13,24816,1,24831,G
5-NP,976,24516,6,21,2,24545,A
5-NP,977,0,3,24634,2,24639,G
5-NP,978,6,24153,2,14,24175,T
5-NP,979,9,5,3,24111,24128,C
5-NP,980,24031,2,25,1,24059,A
5-NP,981,2,3,24101,0,24106,G
5-NP,982,3,1,1,24055,24060,C
5-NP,983,2,23852,1,16,23871,T
5-NP,984,2,6,24108,0,24116,G
5-NP,985,1,2,24233,0,24236,G
5-NP,986,4,24138,1,9,24152,T
5-NP,987,3,2,24302,0,24307,G
5-NP,988,4,24052,0,25,24081,T
5-NP,989,7,7,24041,1,24056,G
5-NP,990,6,4,23973,1,23984,G
5-NP,991,23842,2,8,0,23852,A
5-NP,992,2,23888,1,13,23904,T
5-NP,993,9,9,22962,1,22981,G
5-NP,994,6,3,22854,1,22864,G
5-NP,995,5,7,1,22769,22782,C
5-NP,996,22633,4,11,1,22649,A
5-NP,997,2,22630,3,15,22650,T
5-NP,998,11,2,22490,1,22504,G
5-NP,999,4,7,0,22652,22663,C
5-NP,1000,11,7,0,22647,22665,C
5-NP,1001,22752,2,4,0,22758,A
5-NP,1002,2,22655,0,9,22666,T
5-NP,1003,3,22380,1,4,22388,T
5-NP,1004,4,2,2,22463,22471,C
5-NP,1005,6,22190,0,3,22199,T
5-NP,1006,3,1,22187,0,22191,G
5-NP,1007,0,3,1,22147,22151,C
5-NP,1008,1,21669,0,24,21694,T
5-NP,1009,6,2,21786,3,21797,G
5-NP,1010,4,0,1,21520,21525,C
5-NP,1011,21548,2,5,0,21555,A
5-NP,1012,3,21500,1,5,21509,T
5-NP,1013,3,21368,4,3,21378,T
5-NP,1014,1,21381,2,1,21385,T
5-NP,1015,2,5,21361,0,21368,G
5-NP,1016,21354,6,6,1,21367,A
5-NP,1017,21366,4,10,0,21380,A
5-NP,1018,1,4,21486,1,21492,G
5-NP,1019,21375,3,4,1,21383,A
5-NP,1020,5,21254,4,6,21269,T
5-NP,1021,1,21260,1,4,21266,T
5-NP,1022,2,21270,0,4,21276,T
5-NP,1023,21275,6,6,0,21287,A
5-NP,1024,21294,1,6,1,21302,A
5-NP,1025,3,2,21309,0,21314,G
5-NP,1026,21252,2,10,0,21264,A
5-NP,1027,8,21181,0,6,21195,T
5-NP,1028,3,20830,2,6,20841,T
5-NP,1029,3,3,20967,1,20974,G
5-NP,1030,2,20949,0,9,20960,T
5-NP,1031,0,20941,0,6,20947,T
5-NP,1032,20934,5,10,0,20949,A
5-NP,1033,20949,1,10,0,20960,A
5-NP,1034,5,1,20985,0,20991,G
5-NP,1035,2,2,0,20998,21002,C
5-NP,1036,1,20566,2,28,20597,T
5-NP,1037,5,20657,1,6,20669,T
5-NP,1038,2,4,0,20654,20660,C
5-NP,1039,20654,4,12,1,20671,A
5-NP,1040,4,20634,1,11,20650,T
5-NP,1041,3,2,1,20669,20675,C
5-NP,1042,20349,2,8,1,20360,A
5-NP,1043,3,3,20357,1,20364,G
5-NP,1044,20078,3,19,1,20101,A
5-NP,1045,23,20,20042,1,20086,G
5-NP,1046,4,10,20006,1,20021,G
5-NP,1047,4,4,19875,3,19886,G
5-NP,1048,19860,3,17,2,19882,A
5-NP,1049,3,11,3,19844,19861,C
5-NP,1050,19876,2,4,0,19882,A
5-NP,1051,19885,2,6,1,19894,A
5-NP,1052,19888,1,4,0,19893,A
5-NP,1053,19841,4,17,1,19863,A
5-NP,1054,1,1,19966,0,19968,G
5-NP,1055,1,19399,1,6,19407,T
5-NP,1056,19296,1,3,0,19300,A
5-NP,1057,3,19195,0,18,19216,T
5-NP,1058,9,5,1,19172,19187,C
5-NP,1059,2,19055,0,12,19069,T
5-NP,1060,8,1,1,19053,19063,C
5-NP,1061,10,3,1,18895,18909,C
5-NP,1062,16,1,1,18589,18607,C
5-NP,1063,19,5,1,18803,18828,C
5-NP,1064,7,11,18843,25,18886,G
5-NP,1065,2,12,18885,0,18899,G
5-NP,1066,3,8,18880,3,18894,G
5-NP,1067,4,3,18845,0,18852,G
5-NP,1068,12,7,18803,5,18827,G
5-NP,1069,18519,2,13,0,18534,A
5-NP,1070,18528,1,8,1,18538,A
5-NP,1071,18510,3,19,1,18533,A
5-NP,1072,1,1,0,18582,18584,C
5-NP,1073,5,18407,1,5,18418,T
5-NP,1074,7,1,18476,2,18486,G
5-NP,1075,3,18341,3,19,18366,T
5-NP,1076,6,7,2,18375,18390,C
5-NP,1077,18568,1,10,0,18579,A
5-NP,1078,18633,0,3,1,18637,A
5-NP,1079,2,2,3,18652,18659,C
5-NP,1080,3,18611,0,7,18621,T
5-NP,1081,18277,3,5,2,18287,A
5-NP,1082,1,3,18316,1,18321,G
5-NP,1083,17956,1,14,0,17971,A
5-NP,1084,1,3,17975,2,17981,G
5-NP,1085,1,2,17967,0,17970,G
5-NP,1086,17026,0,10,0,17036,A
5-NP,1087,1,1,17208,0,17210,G
5-NP,1088,3,17016,0,8,17027,T
5-NP,1089,17039,1,7,0,17047,A
5-NP,1090,2,5,1,17019,17027,C
5-NP,1091,16801,3,6,0,16810,A
5-NP,1092,16805,3,4,0,16812,A
5-NP,1093,16659,0,1,1,16661,A
5-NP,1094,1,16483,1,6,16491,T
5-NP,1095,2,16363,1,2,16368,T
5-NP,1096,1,2,15885,0,15888,G
5-NP,1097,3,201,1,15483,15688,C
5-NP,1098,7,15236,377,10,15630,T
5-NP,1099,6,15581,1,8,15596,T
5-NP,1100,4,0,1,15623,15628,C
5-NP,1101,15607,1,4,0,15612,A
5-NP,1102,15653,7,2,0,15662,A
5-NP,1103,15642,2,5,2,15651,A
5-NP,1104,0,15611,0,5,15616,T
5-NP,1105,2,5,15613,2,15622,G
5-NP,1106,15310,3,18,3,15334,A
5-NP,1107,3,7,15361,2,15373,G
5-NP,1108,15375,2,17,0,15394,A
5-NP,1109,15372,2,4,0,15378,A
5-NP,1110,1,2,1,15330,15334,C
5-NP,1111,15131,3,5,0,15139,A
5-NP,1112,2,15117,0,0,15119,T
5-NP,1113,2,3,15148,2,15155,G
5-NP,1114,4,3,15194,0,15201,G
5-NP,1115,15191,2,10,0,15203,A
5-NP,1116,1,14734,0,131,14866,T
5-NP,1117,14658,0,2,1,14661,A
5-NP,1118,15114,2,3,0,15119,A
5-NP,1119,0,14745,1,4,14750,T
5-NP,1120,14643,1,2,0,14646,A
5-NP,1121,2,14567,0,4,14573,T
5-NP,1122,12,4,13461,5,13482,G
5-NP,1123,5,7,13162,0,13174,G
5-NP,1124,2,4,13100,0,13106,G
5-NP,1125,13046,1,4,0,13051,A
5-NP,1126,0,13009,1,0,13010,T
5-NP,1127,1,1,2,9813,9817,C
5-NP,1128,2,4,9820,0,9826,G
5-NP,1129,9785,1,12,0,9798,A
5-NP,1130,2,1,9798,0,9801,G
5-NP,1131,5,2,0,9742,9749,C
5-NP,1132,9603,1,2,1,9607,A
5-NP,1133,1,4,0,9858,9863,C
5-NP,1134,1,9717,0,1,9719,T
5-NP,1135,1,0,1,9762,9764,C
5-NP,1136,3,9721,2,8,9734,T
5-NP,1137,3,9556,1,5,9565,T
5-NP,1138,2,3,9567,1,9573,G
5-NP,1139,9517,3,4,0,9524,A
5-NP,1140,9534,0,5,2,9541,A
5-NP,1141,1,1,0,9527,9529,C
5-NP,1142,0,6670,0,1,6671,T
5-NP,1143,4,0,6696,0,6700,G
5-NP,1144,6399,3,6,2,6410,A
5-NP,1145,0,1,6426,1,6428,G
5-NP,1146,6424,1,3,1,6429,A
5-NP,1147,6290,0,1,2,6293,A
5-NP,1148,1,0,6296,1,6298,G
5-NP,1149,0,3,2,6088,6093,C
5-NP,1150,2,2,6062,1,6067,G
5-NP,1151,1,3,6062,0,6066,G
5-NP,1152,4,2,5870,2,5878,G
5-NP,1153,0,5796,0,8,5804,T
5-NP,1154,5637,0,0,1,5638,A
5-NP,1155,0,4,1,5613,5618,C
5-NP,1156,1,4182,0,1,4184,T
5-NP,1157,0,1,4126,0,4127,G
5-NP,1158,0,1,4021,0,4022,G
5-NP,1159,4,2,3981,0,3987,G
5-NP,1160,2,1,0,3916,3919,C
5-NP,1161,1,1,1,3549,3552,C
5-NP,1162,3582,2,1,0,3585,A
5-NP,1163,0,3583,0,2,3585,T
5-NP,1164,3581,1,3,1,3586,A
5-NP,1165,3578,1,5,1,3585,A
5-NP,1166,1,0,3534,1,3536,G
5-NP,1167,2,2,3639,0,3643,G
5-NP,1168,3574,0,1,1,3576,A
5-NP,1169,0,2,0,3560,3562,C
5-NP,1170,1,0,1,3571,3573,C
5-NP,1171,3541,1,4,0,3546,A
5-NP,1172,0,0,3597,0,3597,G
5-NP,1173,0,1,3621,0,3622,G
5-NP,1174,3605,0,2,0,3607,A
5-NP,1175,1,0,3631,0,3632,G
5-NP,1176,1,3460,0,1,3462,T
5-NP,1177,1,2,3466,0,3469,G
5-NP,1178,0,2,3514,0,3516,G
5-NP,1179,3510,0,4,0,3514,A
5-NP,1180,1,2,3512,0,3515,G
5-NP,1181,0,1,3463,2,3466,G
5-NP,1182,3454,1,0,0,3455,A
5-NP,1183,3445,0,2,1,3448,A
5-NP,1184,3452,1,3,1,3457,A
5-NP,1185,0,2,0,3467,3469,C
5-NP,1186,3449,1,0,0,3450,A
5-NP,1187,3,0,0,3522,3525,C
5-NP,1188,0,3452,0,2,3454,T
5-NP,1189,3532,0,0,0,3532,A
5-NP,1190,3535,0,0,0,3535,A
5-NP,1191,1,3516,1,2,3520,T
5-NP,1192,0,0,0,3564,3564,C
5-NP,1193,3529,3,1,0,3533,A
5-NP,1194,3576,3,1,0,3580,A
5-NP,1195,0,1,0,3590,3591,C
5-NP,1196,3511,0,1,0,3512,A
5-NP,1197,0,0,3516,0,3516,G
5-NP,1198,3411,0,4,0,3415,A
5-NP,1199,1,3,3433,0,3437,G
5-NP,1200,1,1,3447,0,3449,G
5-NP,1201,2,0,3414,0,3416,G
5-NP,1202,1,0,0,3403,3404,C
5-NP,1203,1,1,0,3393,3395,C
5-NP,1204,2,3348,1,4,3355,T
5-NP,1205,1,1,0,3399,3401,C
5-NP,1206,1,3,0,3384,3388,C
5-NP,1207,0,0,3401,0,3401,G
5-NP,1208,0,2,0,3395,3397,C
5-NP,1209,3343,0,8,0,3351,A
5-NP,1210,1,1,3503,0,3505,G
5-NP,1211,11,0,3474,0,3485,G
5-NP,1212,0,2,0,3508,3510,C
5-NP,1213,3,0,0,3510,3513,C
5-NP,1214,3482,1,2,0,3485,A
5-NP,1215,3506,1,0,0,3507,A
5-NP,1216,3502,1,7,0,3510,A
5-NP,1217,4,0,0,3532,3536,C
5-NP,1218,2,1,0,3540,3543,C
5-NP,1219,3363,1,3,1,3368,A
5-NP,1220,1,1,3410,0,3412,G
5-NP,1221,0,3381,0,2,3383,T
5-NP,1222,0,0,3417,0,3417,G
5-NP,1223,1,3399,0,3,3403,T
5-NP,1224,1,1,3379,1,3382,G
5-NP,1225,1,0,0,3386,3387,C
5-NP,1226,3360,0,0,0,3360,A
5-NP,1227,3399,2,3,0,3404,A
5-NP,1228,0,0,0,3412,3412,C
5-NP,1229,1,1,0,3384,3386,C
5-NP,1230,0,3338,0,2,3340,T
5-NP,1231,3322,0,0,0,3322,A
5-NP,1232,0,0,0,3319,3319,C
5-NP,1233,1,0,3313,0,3314,G
5-NP,1234,0,3197,0,102,3299,T
5-NP,1235,0,3331,0,2,3333,T
5-NP,1236,0,3283,0,1,3284,T
5-NP,1237,1,3263,0,1,3265,T
5-NP,1238,2,0,0,3260,3262,C
5-NP,1239,1,3227,0,2,3230,T
5-NP,1240,2,0,3296,0,3298,G
5-NP,1241,1,3286,0,4,3291,T
5-NP,1242,3295,0,2,0,3297,A
5-NP,1243,0,0,0,3313,3313,C
5-NP,1244,3274,1,0,0,3275,A
5-NP,1245,3280,0,1,0,3281,A
5-NP,1246,3276,2,1,0,3279,A
5-NP,1247,0,0,3272,2,3274,G
5-NP,1248,3265,0,2,0,3267,A
5-NP,1249,3160,0,1,0,3161,A
5-NP,1250,3157,0,5,0,3162,A
5-NP,1251,0,2,0,3163,3165,C
5-NP,1252,0,0,0,3144,3144,C
5-NP,1253,1,3125,0,5,3131,T
5-NP,1254,0,0,0,3131,3131,C
5-NP,1255,0,3,0,3132,3135,C
5-NP,1256,1,1,0,3135,3137,C
5-NP,1257,3132,0,1,0,3133,A
5-NP,1258,1,3146,0,0,3147,T
5-NP,1259,0,3151,0,0,3151,T
5-NP,1260,0,3151,0,1,3152,T
5-NP,1261,0,2,3142,0,3144,G
5-NP,1262,3148,0,0,0,3148,A
5-NP,1263,3142,0,3,1,3146,A
5-NP,1264,3142,1,1,0,3144,A
5-NP,1265,3127,0,0,0,3127,A
5-NP,1266,0,0,3172,0,3172,G
5-NP,1267,1,3150,0,5,3156,T
5-NP,1268,0,0,0,3152,3152,C
5-NP,1269,3149,0,3,0,3152,A
5-NP,1270,3165,0,3,0,3168,A
5-NP,1271,0,1,1,3163,3165,C
5-NP,1272,0,0,0,3203,3203,C
5-NP,1273,3194,0,1,0,3195,A
5-NP,1274,0,3213,0,5,3218,T
5-NP,1275,1,1,0,3172,3174,C
5-NP,1276,3161,2,6,0,3169,A
5-NP,1277,0,3179,0,2,3181,T
5-NP,1278,0,2,3173,0,3175,G
5-NP,1279,1,1,3173,0,3175,G
5-NP,1280,0,0,0,3170,3170,C
5-NP,1281,3102,1,1,0,3104,A
5-NP,1282,1,0,3116,0,3117,G
5-NP,1283,0,1,0,3091,3092,C
5-NP,1284,3089,1,0,0,3090,A
5-NP,1285,1,3089,0,1,3091,T
5-NP,1286,0,3063,0,1,3064,T
5-NP,1287,0,0,1,3074,3075,C
5-NP,1288,3053,1,0,0,3054,A
5-NP,1289,0,1,0,3069,3070,C
5-NP,1290,2,3055,0,2,3059,T
5-NP,1291,2,0,3080,0,3082,G
5-NP,1292,0,0,3105,0,3105,G
5-NP,1293,3086,2,2,0,3090,A
5-NP,1294,3092,1,0,0,3093,A
5-NP,1295,3091,1,0,0,3092,A
5-NP,1296,0,3073,0,0,3073,T
5-NP,1297,3078,0,1,0,3079,A
5-NP,1298,0,0,0,3060,3060,C
5-NP,1299,2,0,3016,1,3019,G
5-NP,1300,0,1,3018,0,3019,G
5-NP,1301,2946,0,2,0,2948,A
5-NP,1302,1,2,2974,0,2977,G
5-NP,1303,1,2,2967,1,2971,G
5-NP,1304,0,2,2981,0,2983,G
5-NP,1305,2981,0,2,1,2984,A
5-NP,1306,2970,0,3,0,2973,A
5-NP,1307,0,2,2975,0,2977,G
5-NP,1308,2975,0,2,0,2977,A
5-NP,1309,2961,1,0,0,2962,A
5-NP,1310,0,1,0,2982,2983,C
5-NP,1311,0,2945,0,1,2946,T
5-NP,1312,1,2963,0,1,2965,T
5-NP,1313,1,1,0,2952,2954,C
5-NP,1314,2949,0,3,0,2952,A
5-NP,1315,0,0,2970,0,2970,G
5-NP,1316,2945,0,2,0,2947,A
5-NP,1317,0,2,0,2948,2950,C
5-NP,1318,2917,1,2,0,2920,A
5-NP,1319,0,2848,1,0,2849,T
5-NP,1320,0,1,2855,0,2856,G
5-NP,1321,2818,0,0,0,2818,A
5-NP,1322,1,3,2837,0,2841,G
5-NP,1323,0,1,2833,0,2834,G
5-NP,1324,0,2,2815,0,2817,G
5-NP,1325,1,3,0,2812,2816,C
5-NP,1326,2789,1,2,0,2792,A
5-NP,1327,0,0,2800,0,2800,G
5-NP,1328,2788,1,0,0,2789,A
5-NP,1329,2795,0,5,0,2800,A
5-NP,1330,2794,0,0,1,2795,A
5-NP,1331,0,2751,0,3,2754,T
5-NP,1332,1,1,0,2749,2751,C
5-NP,1333,2722,1,1,0,2724,A
5-NP,1334,0,2744,0,0,2744,T
5-NP,1335,2746,0,0,0,2746,A
5-NP,1336,2723,0,0,0,2723,A
5-NP,1337,0,2,2755,0,2757,G
5-NP,1338,2716,0,2,0,2718,A
5-NP,1339,2732,1,2,1,2736,A
5-NP,1340,0,2683,0,2,2685,T
5-NP,1341,0,0,2687,0,2687,G
5-NP,1342,2679,0,4,0,2683,A
5-NP,1343,0,2673,0,2,2675,T
5-NP,1344,0,0,2679,0,2679,G
5-NP,1345,0,0,2673,0,2673,G
5-NP,1346,2620,0,0,0,2620,A
5-NP,1347,2602,1,3,0,2606,A
5-NP,1348,0,0,2529,0,2529,G
5-NP,1349,0,0,2567,0,2567,G
5-NP,1350,0,2525,1,3,2529,T
5-NP,1351,0,0,2531,0,2531,G
5-NP,1352,2,0,0,2526,2528,C
5-NP,1353,2532,1,0,0,2533,A
5-NP,1354,2534,0,0,0,2534,A
5-NP,1355,2524,0,2,0,2526,A
5-NP,1356,2556,1,2,0,2559,A
5-NP,1357,0,1,0,2561,2562,C
5-NP,1358,1,1,1,2525,2528,C
5-NP,1359,2491,1,4,0,2496,A
5-NP,1360,0,0,2505,0,2505,G
5-NP,1361,2508,0,0,0,2508,A
5-NP,1362,2504,0,1,0,2505,A
5-NP,1363,1,0,2508,0,2509,G
5-NP,1364,2494,1,0,0,2495,A
5-NP,1365,2440,0,1,0,2441,A
5-NP,1366,0,1,2463,0,2464,G
5-NP,1367,0,2441,1,1,2443,T
5-NP,1368,1,0,2443,1,2445,G
5-NP,1369,0,2412,0,4,2416,T
5-NP,1370,2,0,0,2421,2423,C
5-NP,1371,2424,0,0,0,2424,A
5-NP,1372,1,2435,1,1,2438,T
5-NP,1373,0,2415,0,0,2415,T
5-NP,1374,1,0,0,2433,2434,C
5-NP,1375,1,2,0,2382,2385,C
5-NP,1376,3,0,2375,0,2378,G
5-NP,1377,0,3,2375,0,2378,G
5-NP,1378,2,0,2368,0,2370,G
5-NP,1379,1,0,2377,0,2378,G
5-NP,1380,0,2,2371,1,2374,G
5-NP,1381,2289,0,0,0,2289,A
5-NP,1382,0,1,2297,0,2298,G
5-NP,1383,1,3,2287,0,2291,G
5-NP,1384,0,1,2289,0,2290,G
5-NP,1385,1,0,2290,0,2291,G
5-NP,1386,2277,0,1,0,2278,A
5-NP,1387,1,0,2283,0,2284,G
5-NP,1388,1,2265,0,1,2267,T
5-NP,1389,0,2260,0,0,2260,T
5-NP,1390,0,2269,0,1,2270,T
5-NP,1391,1,2261,0,1,2263,T
5-NP,1392,1,2,0,2257,2260,C
5-NP,1393,0,1,2261,0,2262,G
5-NP,1394,2254,0,2,1,2257,A
5-NP,1395,1,0,2281,0,2282,G
5-NP,1396,0,1,0,2251,2252,C
5-NP,1397,2,2238,0,6,2246,T
5-NP,1398,0,2,0,2262,2264,C
5-NP,1399,0,2259,0,3,2262,T
5-NP,1400,3,1,0,2264,2268,C
5-NP,1401,2270,1,0,1,2272,A
5-NP,1402,0,0,2286,0,2286,G
5-NP,1403,2287,0,1,0,2288,A
5-NP,1404,0,0,0,2268,2268,C
5-NP,1405,3,1,2255,0,2259,G
5-NP,1406,2224,0,2,0,2226,A
5-NP,1407,0,0,2227,0,2227,G
5-NP,1408,2192,0,1,0,2193,A
5-NP,1409,2177,0,2,0,2179,A
5-NP,1410,1,0,2165,0,2166,G
5-NP,1411,1,0,2152,0,2153,G
5-NP,1412,3,1,0,2148,2152,C
5-NP,1413,2146,1,1,0,2148,A
5-NP,1414,2147,0,1,0,2148,A
5-NP,1415,1,1,0,2142,2144,C
5-NP,1416,1,0,2142,0,2143,G
5-NP,1417,2148,0,0,0,2148,A
5-NP,1418,2145,0,1,0,2146,A
5-NP,1419,0,0,0,2140,2140,C
5-NP,1420,0,0,0,2131,2131,C
5-NP,1421,0,0,1,2105,2106,C
5-NP,1422,0,2,2108,0,2110,G
5-NP,1423,2109,2,1,0,2112,A
5-NP,1424,0,2110,0,2,2112,T
5-NP,1425,1,0,0,2072,2073,C
5-NP,1426,1,0,2061,0,2062,G
5-NP,1427,0,2050,0,4,2054,T
5-NP,1428,0,1,2052,0,2053,G
5-NP,1429,0,1,0,2052,2053,C
5-NP,1430,1,0,0,2052,2053,C
5-NP,1431,0,0,0,2049,2049,C
5-NP,1432,1,2019,0,2,2022,T
5-NP,1433,0,1,0,2062,2063,C
5-NP,1434,0,2050,0,3,2053,T
5-NP,1435,0,2053,0,0,2053,T
5-NP,1436,0,2052,0,0,2052,T
5-NP,1437,0,2033,0,0,2033,T
5-NP,1438,1,0,2038,0,2039,G
5-NP,1439,2029,0,1,0,2030,A
5-NP,1440,0,2002,0,0,2002,T
5-NP,1441,1990,0,0,0,1990,A
5-NP,1442,0,1679,0,1,1680,T
5-NP,1443,0,0,1701,0,1701,G
5-NP,1444,1680,0,3,0,1683,A
5-NP,1445,11,1,1685,0,1697,G
5-NP,1446,1,1695,0,1,1697,T
5-NP,1447,1646,0,0,0,1646,A
5-NP,1448,1652,0,0,0,1652,A
5-NP,1449,0,1645,0,0,1645,T
5-NP,1450,0,0,1642,0,1642,G
5-NP,1451,1638,0,3,0,1641,A
5-NP,1452,1449,0,0,0,1449,A
5-NP,1453,1,0,1445,0,1446,G
5-NP,1454,1,0,1353,0,1354,G
5-NP,1455,1347,0,1,0,1348,A
5-NP,1456,0,1343,0,2,1345,T
5-NP,1457,1,0,0,1331,1332,C
5-NP,1458,0,1323,0,1,1324,T
5-NP,1459,0,1324,0,0,1324,T
5-NP,1460,1324,0,0,0,1324,A
5-NP,1461,0,1322,0,0,1322,T
5-NP,1462,2,1306,1,0,1309,T
5-NP,1463,0,1294,0,1,1295,T
5-NP,1464,0,1,0,1265,1266,C
5-NP,1465,0,1237,0,0,1237,T
5-NP,1466,0,1238,0,0,1238,T
5-NP,1467,0,0,0,1235,1235,C
5-NP,1468,0,0,1227,0,1227,G
5-NP,1469,0,0,1229,0,1229,G
5-NP,1470,1220,1,1,0,1222,A
5-NP,1471,0,0,1224,0,1224,G
5-NP,1472,1212,0,3,0,1215,A
5-NP,1473,0,0,0,1204,1204,C
5-NP,1474,1136,0,0,0,1136,A
5-NP,1475,1136,0,0,0,1136,A
5-NP,1476,0,1136,0,1,1137,T
5-NP,1477,0,0,1138,0,1138,G
5-NP,1478,0,0,0,1131,1131,C
5-NP,1479,1106,0,0,0,1106,A
5-NP,1480,1,0,1104,0,1105,G
5-NP,1481,1100,0,0,0,1100,A
5-NP,1482,1019,0,1,0,1020,A
5-NP,1483,0,0,1021,0,1021,G
5-NP,1484,649,0,0,0,649,A
5-NP,1485,0,8,638,0,646,G
5-NP,1486,0,593,0,0,593,T
5-NP,1487,592,0,0,0,592,A
5-NP,1488,0,0,0,589,589,C
5-NP,1489,0,0,539,0,539,G
5-NP,1490,537,0,0,0,537,A
5-NP,1491,0,0,0,525,525,C
5-NP,1492,354,0,0,0,354,A
5-NP,1493,350,0,1,0,351,A
5-NP,1494,0,276,0,0,276,T
5-NP,1495,0,262,0,0,262,T
5-NP,1496,262,0,0,0,262,A
5-NP,1497,248,0,0,0,248,A
6-NA,1,21,0,0,0,21,A
6-NA,2,0,21,0,0,21,T
6-NA,3,0,0,22,0,22,G
6-NA,4,22,0,0,0,22,A
6-NA,5,27,0,0,0,27,A
6-NA,6,0,27,0,0,27,T
6-NA,7,0,0,0,27,27,C
6-NA,8,0,0,0,27,27,C
6-NA,9,27,0,0,0,27,A
6-NA,10,27,0,0,0,27,A
6-NA,11,27,0,0,0,27,A
6-NA,12,0,27,0,0,27,T
6-NA,13,0,0,0,27,27,C
6-NA,14,27,0,0,0,27,A
6-NA,15,26,0,0,0,26,A
6-NA,16,27,0,0,0,27,A
6-NA,17,27,0,0,0,27,A
6-NA,18,0,0,29,0,29,G
6-NA,19,30,0,0,0,30,A
6-NA,20,0,30,0,0,30,T
6-NA,21,30,0,0,0,30,A
6-NA,22,30,0,0,0,30,A
6-NA,23,0,30,0,0,30,T
6-NA,24,30,0,0,0,30,A
6-NA,25,31,0,0,0,31,A
6-NA,26,0,0,0,32,32,C
6-NA,27,0,0,33,0,33,G
6-NA,28,33,0,0,0,33,A
6-NA,29,0,33,0,0,33,T
6-NA,30,0,33,0,0,33,T
6-NA,31,0,0,33,0,33,G
6-NA,32,0,0,41,0,41,G
6-NA,33,0,0,0,41,41,C
6-NA,34,0,41,0,0,41,T
6-NA,35,0,0,0,44,44,C
6-NA,36,0,44,0,0,44,T
6-NA,37,0,0,45,0,45,G
6-NA,38,0,45,0,0,45,T
6-NA,39,0,46,0,0,46,T
6-NA,40,0,48,0,0,48,T
6-NA,41,0,0,0,48,48,C
6-NA,42,0,50,0,0,50,T
6-NA,43,0,0,0,50,50,C
6-NA,44,0,49,0,0,49,T
6-NA,45,0,0,0,50,50,C
6-NA,46,50,0,0,0,50,A
6-NA,47,0,0,0,52,52,C
6-NA,48,0,0,0,52,52,C
6-NA,49,52,0,0,0,52,A
6-NA,50,0,55,0,0,55,T
6-NA,51,0,55,0,0,55,T
6-NA,52,0,57,0,0,57,T
6-NA,53,0,0,0,62,62,C
6-NA,54,0,0,0,62,62,C
6-NA,55,62,0,0,0,62,A
6-NA,56,0,0,0,64,64,C
6-NA,57,63,0,0,0,63,A
6-NA,58,67,0,0,0,67,A
6-NA,59,0,67,0,0,67,T
6-NA,60,73,0,0,0,73,A
6-NA,61,0,73,0,0,73,T
6-NA,62,0,0,72,0,72,G
6-NA,63,0,0,0,72,72,C
6-NA,64,0,72,0,0,72,T
6-NA,65,0,76,0,0,76,T
6-NA,66,0,0,0,76,76,C
6-NA,67,0,75,0,0,75,T
6-NA,68,0,75,0,0,75,T
6-NA,69,0,0,0,75,75,C
6-NA,70,75,0,0,0,75,A
6-NA,71,0,75,0,0,75,T
6-NA,72,0,0,75,0,75,G
6-NA,73,0,0,0,75,75,C
6-NA,74,74,0,0,0,74,A
6-NA,75,74,0,0,0,74,A
6-NA,76,75,0,0,0,75,A
6-NA,77,0,75,0,0,75,T
6-NA,78,0,75,0,0,75,T
6-NA,79,0,0,75,0,75,G
6-NA,80,0,0,0,75,75,C
6-NA,81,0,0,0,75,75,C
6-NA,82,74,0,0,0,74,A
6-NA,83,0,75,0,0,75,T
6-NA,84,0,0,0,84,84,C
6-NA,85,0,85,0,0,85,T
6-NA,86,0,84,0,1,85,T
6-NA,87,0,0,86,0,86,G
6-NA,88,86,0,0,0,86,A
6-NA,89,0,89,0,0,89,T
6-NA,90,88,0,0,0,88,A
6-NA,91,89,0,0,0,89,A
6-NA,92,0,0,0,107,107,C
6-NA,93,0,105,0,0,105,T
6-NA,94,107,0,0,0,107,A
6-NA,95,0,0,0,110,110,C
6-NA,96,0,109,0,0,109,T
6-NA,97,0,0,112,0,112,G
6-NA,98,0,112,0,0,112,T
6-NA,99,112,0,0,0,112,A
6-NA,100,112,0,0,0,112,A
6-NA,101,0,0,0,112,112,C
6-NA,102,115,0,0,0,115,A
6-NA,103,0,115,0,0,115,T
6-NA,104,0,115,0,0,115,T
6-NA,105,0,0,113,0,113,G
6-NA,106,0,0,0,113,113,C
6-NA,107,115,0,0,0,115,A
6-NA,108,1,115,0,0,116,T
6-NA,109,0,116,0,0,116,T
6-NA,110,0,116,0,0,116,T
6-NA,111,0,0,0,116,116,C
6-NA,112,116,0,0,0,116,A
6-NA,113,116,0,0,0,116,A
6-NA,114,0,0,116,0,116,G
6-NA,115,0,0,0,118,118,C
6-NA,116,118,0,0,0,118,A
6-NA,117,120,0,0,0,120,A
6-NA,118,0,121,0,0,121,T
6-NA,119,120,0,0,0,120,A
6-NA,120,0,121,0,0,121,T
6-NA,121,0,0,127,0,127,G
6-NA,122,126,0,0,0,126,A
6-NA,123,126,0,0,0,126,A
6-NA,124,0,127,0,0,127,T
6-NA,125,0,127,0,0,127,T
6-NA,126,0,0,0,126,126,C
6-NA,127,124,0,1,0,125,A
6-NA,128,127,0,0,0,127,A
6-NA,129,0,0,0,127,127,C
6-NA,130,0,127,0,0,127,T
6-NA,131,0,0,0,129,129,C
6-NA,132,0,0,0,129,129,C
6-NA,133,0,0,0,133,133,C
6-NA,134,0,0,0,135,135,C
6-NA,135,0,0,0,135,135,C
6-NA,136,0,0,0,136,136,C
6-NA,137,0,0,0,136,136,C
6-NA,138,136,0,0,0,136,A
6-NA,139,136,0,0,0,136,A
6-NA,140,136,0,0,0,136,A
6-NA,141,0,0,0,139,139,C
6-NA,142,137,0,0,0,137,A
6-NA,143,140,0,0,0,140,A
6-NA,144,0,0,0,140,140,C
6-NA,145,0,0,0,140,140,C
6-NA,146,144,0,0,0,144,A
6-NA,147,145,0,0,0,145,A
6-NA,148,0,0,151,0,151,G
6-NA,149,0,151,0,0,151,T
6-NA,150,0,0,150,0,150,G
6-NA,151,155,0,0,0,155,A
6-NA,152,0,155,0,0,155,T
6-NA,153,1,0,154,0,155,G
6-NA,154,0,0,0,156,156,C
6-NA,155,0,156,0,0,156,T
6-NA,156,0,0,166,0,166,G
6-NA,157,0,166,0,0,166,T
6-NA,158,0,0,166,0,166,G
6-NA,159,0,165,0,0,165,T
6-NA,160,0,0,164,0,164,G
6-NA,161,165,0,0,0,165,A
6-NA,162,164,0,1,0,165,A
6-NA,163,0,1,0,164,165,C
6-NA,164,0,0,0,165,165,C
6-NA,165,160,0,0,0,160,A
6-NA,166,162,0,0,0,162,A
6-NA,167,0,0,0,167,167,C
6-NA,168,165,0,0,0,165,A
6-NA,169,168,0,0,0,168,A
6-NA,170,0,168,0,0,168,T
6-NA,171,168,0,0,0,168,A
6-NA,172,166,0,0,0,166,A
6-NA,173,0,169,0,0,169,T
6-NA,174,168,0,0,0,168,A
6-NA,175,0,0,166,0,166,G
6-NA,176,166,0,0,0,166,A
6-NA,177,167,0,0,0,167,A
6-NA,178,167,0,0,0,167,A
6-NA,179,0,0,168,0,168,G
6-NA,180,173,0,0,0,173,A
6-NA,181,173,0,0,0,173,A
6-NA,182,182,0,0,0,182,A
6-NA,183,0,0,0,182,182,C
6-NA,184,183,0,0,0,183,A
6-NA,185,0,186,0,0,186,T
6-NA,186,186,0,0,0,186,A
6-NA,187,188,0,0,0,188,A
6-NA,188,0,0,0,192,192,C
6-NA,189,191,0,0,0,191,A
6-NA,190,0,0,195,0,195,G
6-NA,191,191,0,0,0,191,A
6-NA,192,0,0,192,0,192,G
6-NA,193,192,0,0,0,192,A
6-NA,194,0,198,0,0,198,T
6-NA,195,197,0,0,0,197,A
6-NA,196,0,0,199,0,199,G
6-NA,197,0,201,0,0,201,T
6-NA,198,1,0,204,0,205,G
6-NA,199,0,207,0,0,207,T
6-NA,200,208,0,0,0,208,A
6-NA,201,0,208,0,0,208,T
6-NA,202,0,0,0,207,207,C
6-NA,203,0,204,0,0,204,T
6-NA,204,0,0,207,0,207,G
6-NA,205,207,0,0,0,207,A
6-NA,206,0,0,0,208,208,C
6-NA,207,0,0,0,206,206,C
6-NA,208,202,0,0,0,202,A
6-NA,209,201,1,0,0,202,A
6-NA,210,0,0,0,204,204,C
6-NA,211,205,0,0,0,205,A
6-NA,212,0,0,0,216,216,C
6-NA,213,0,0,0,214,214,C
6-NA,214,217,0,0,0,217,A
6-NA,215,0,0,0,226,226,C
6-NA,216,0,0,0,225,225,C
6-NA,217,226,0,0,0,226,A
6-NA,218,0,226,0,0,226,T
6-NA,219,223,0,1,0,224,A
6-NA,220,0,0,227,0,227,G
6-NA,221,223,0,0,0,223,A
6-NA,222,0,0,226,0,226,G
6-NA,223,223,0,0,0,223,A
6-NA,224,215,0,0,0,215,A
6-NA,225,0,0,217,0,217,G
6-NA,226,0,0,220,0,220,G
6-NA,227,220,0,0,0,220,A
6-NA,228,219,0,0,0,219,A
6-NA,229,220,0,0,0,220,A
6-NA,230,0,220,0,0,220,T
6-NA,231,218,0,0,0,218,A
6-NA,232,0,220,0,0,220,T
6-NA,233,0,0,219,0,219,G
6-NA,234,0,0,0,219,219,C
6-NA,235,0,0,0,215,215,C
6-NA,236,0,1,0,219,220,C
6-NA,237,0,0,0,221,221,C
6-NA,238,223,0,0,0,223,A
6-NA,239,222,0,0,0,222,A
6-NA,240,223,0,0,0,223,A
6-NA,241,0,223,0,0,223,T
6-NA,242,0,229,0,0,229,T
6-NA,243,229,0,0,0,229,A
6-NA,244,0,0,230,0,230,G
6-NA,245,0,0,0,230,230,C
6-NA,246,230,0,0,0,230,A
6-NA,247,0,0,237,0,237,G
6-NA,248,236,0,0,0,236,A
6-NA,249,243,0,0,0,243,A
6-NA,250,0,244,0,1,245,T
6-NA,251,246,0,0,0,246,A
6-NA,252,0,1,0,245,246,C
6-NA,253,246,0,0,0,246,A
6-NA,254,0,0,245,0,245,G
6-NA,255,246,0,0,0,246,A
6-NA,256,243,0,0,0,243,A
6-NA,257,243,0,0,0,243,A
6-NA,258,0,238,0,0,238,T
6-NA,259,0,238,0,0,238,T
6-NA,260,0,0,241,0,241,G
6-NA,261,0,0,243,0,243,G
6-NA,262,0,242,0,1,243,T
6-NA,263,0,1,0,242,243,C
6-NA,264,241,0,0,0,241,A
6-NA,265,243,0,0,0,243,A
6-NA,266,241,0,0,0,241,A
6-NA,267,0,0,243,0,243,G
6-NA,268,0,0,0,243,243,C
6-NA,269,0,0,0,244,244,C
6-NA,270,0,0,244,0,244,G
6-NA,271,0,0,0,244,244,C
6-NA,272,243,0,0,0,243,A
6-NA,273,246,0,0,0,246,A
6-NA,274,0,246,0,0,246,T
6-NA,275,0,0,248,0,248,G
6-NA,276,0,245,0,0,245,T
6-NA,277,0,0,248,0,248,G
6-NA,278,249,0,0,0,249,A
6-NA,279,0,0,0,249,249,C
6-NA,280,252,0,0,0,252,A
6-NA,281,0,253,0,0,253,T
6-NA,282,0,252,0,0,252,T
6-NA,283,252,0,0,0,252,A
6-NA,284,0,0,0,252,252,C
6-NA,285,249,0,0,0,249,A
6-NA,286,0,0,250,0,250,G
6-NA,287,0,0,250,0,250,G
6-NA,288,247,0,0,0,247,A
6-NA,289,0,248,0,0,248,T
6-NA,290,0,245,0,0,245,T
6-NA,291,1,244,0,0,245,T
6-NA,292,0,0,245,0,245,G
6-NA,293,0,0,0,244,244,C
6-NA,294,245,0,0,0,245,A
6-NA,295,0,0,0,246,246,C
6-NA,296,0,0,0,241,241,C
6-NA,297,0,243,0,0,243,T
6-NA,298,1,242,0,0,243,T
6-NA,299,0,245,0,0,245,T
6-NA,300,0,246,0,0,246,T
6-NA,301,1,244,0,1,246,T
6-NA,302,0,0,0,248,248,C
6-NA,303,0,248,0,0,248,T
6-NA,304,246,0,0,0,246,A
6-NA,305,246,0,0,0,246,A
6-NA,306,0,0,247,0,247,G
6-NA,307,0,0,246,0,246,G
6-NA,308,243,0,0,0,243,A
6-NA,309,0,1,0,246,247,C
6-NA,310,245,0,0,0,245,A
6-NA,311,248,0,0,0,248,A
6-NA,312,0,244,1,0,245,T
6-NA,313,0,246,0,0,246,T
6-NA,314,0,0,0,249,249,C
6-NA,315,0,0,248,0,248,G
6-NA,316,248,0,0,0,248,A
6-NA,317,0,248,0,0,248,T
6-NA,318,0,246,0,0,246,T
6-NA,319,244,0,0,0,244,A
6-NA,320,0,0,245,0,245,G
6-NA,321,0,0,245,0,245,G
6-NA,322,0,1,0,242,243,C
6-NA,323,0,242,0,0,242,T
6-NA,324,0,244,0,0,244,T
6-NA,325,0,243,0,0,243,T
6-NA,326,0,0,0,244,244,C
6-NA,327,0,0,0,244,244,C
6-NA,328,0,0,244,0,244,G
6-NA,329,0,0,0,243,243,C
6-NA,330,0,242,0,0,242,T
6-NA,331,0,0,248,0,248,G
6-NA,332,0,0,249,0,249,G
6-NA,333,0,249,0,0,249,T
6-NA,334,0,0,250,0,250,G
6-NA,335,0,0,250,0,250,G
6-NA,336,0,0,248,0,248,G
6-NA,337,0,0,250,0,250,G
6-NA,338,250,0,0,0,250,A
6-NA,339,0,0,0,254,254,C
6-NA,340,255,0,0,0,255,A
6-NA,341,0,254,0,0,254,T
6-NA,342,0,0,0,255,255,C
6-NA,343,0,254,0,0,254,T
6-NA,344,0,0,256,0,256,G
6-NA,345,0,0,253,0,253,G
6-NA,346,0,0,254,0,254,G
6-NA,347,0,253,0,0,253,T
6-NA,348,0,0,252,0,252,G
6-NA,349,252,0,0,0,252,A
6-NA,350,0,1,0,255,256,C
6-NA,351,256,1,0,0,257,A
6-NA,352,259,0,0,0,259,A
6-NA,353,0,0,259,0,259,G
6-NA,354,259,0,0,0,259,A
6-NA,355,0,0,264,0,264,G
6-NA,356,269,0,0,0,269,A
6-NA,357,278,0,0,0,278,A
6-NA,358,0,0,0,308,308,C
6-NA,359,0,0,0,313,313,C
6-NA,360,0,310,0,1,311,T
6-NA,361,0,310,0,0,310,T
6-NA,362,311,0,0,0,311,A
6-NA,363,0,312,0,0,312,T
6-NA,364,0,0,328,0,328,G
6-NA,365,0,326,0,0,326,T
6-NA,366,1,1,335,0,337,G
6-NA,367,0,327,0,0,327,T
6-NA,368,0,0,0,326,326,C
6-NA,369,328,0,0,1,329,A
6-NA,370,0,328,0,0,328,T
6-NA,371,0,0,327,0,327,G
6-NA,372,0,0,0,329,329,C
6-NA,373,0,0,327,0,327,G
6-NA,374,359,0,0,0,359,A
6-NA,375,0,354,0,0,354,T
6-NA,376,1,0,0,358,359,C
6-NA,377,0,0,0,361,361,C
6-NA,378,0,360,0,0,360,T
6-NA,379,0,0,363,0,363,G
6-NA,380,363,0,0,0,363,A
6-NA,381,0,0,0,363,363,C
6-NA,382,362,0,0,0,362,A
6-NA,383,348,0,0,0,348,A
6-NA,384,0,0,366,0,366,G
6-NA,385,0,364,0,0,364,T
6-NA,386,0,0,372,0,372,G
6-NA,387,0,370,0,1,371,T
6-NA,388,0,369,0,1,370,T
6-NA,389,370,0,0,0,370,A
6-NA,390,0,370,0,0,370,T
6-NA,391,0,0,0,372,372,C
6-NA,392,370,0,0,0,370,A
6-NA,393,363,0,0,0,363,A
6-NA,394,0,364,0,0,364,T
6-NA,395,0,364,0,0,364,T
6-NA,396,0,364,0,0,364,T
6-NA,397,0,0,366,0,366,G
6-NA,398,0,0,0,396,396,C
6-NA,399,0,0,0,399,399,C
6-NA,400,0,0,0,397,397,C
6-NA,401,0,399,0,0,399,T
6-NA,402,0,399,0,0,399,T
6-NA,403,0,0,403,0,403,G
6-NA,404,0,0,401,0,401,G
6-NA,405,406,0,2,0,408,A
6-NA,406,0,0,1,408,409,C
6-NA,407,406,0,0,0,406,A
6-NA,408,0,0,415,0,415,G
6-NA,409,0,0,414,0,414,G
6-NA,410,0,0,425,0,425,G
6-NA,411,426,0,0,0,426,A
6-NA,412,425,0,0,0,425,A
6-NA,413,0,0,0,423,423,C
6-NA,414,424,1,0,0,425,A
6-NA,415,472,1,1,0,474,A
6-NA,416,0,1,0,477,478,C
6-NA,417,475,0,0,0,475,A
6-NA,418,0,0,0,477,477,C
6-NA,419,0,472,0,0,472,T
6-NA,420,478,0,0,0,478,A
6-NA,421,477,0,0,0,477,A
6-NA,422,480,0,0,0,480,A
6-NA,423,0,0,0,481,481,C
6-NA,424,459,0,0,0,459,A
6-NA,425,457,0,0,0,457,A
6-NA,426,0,451,0,0,451,T
6-NA,427,0,0,454,0,454,G
6-NA,428,0,453,0,0,453,T
6-NA,429,0,0,453,0,453,G
6-NA,430,0,0,0,452,452,C
6-NA,431,449,0,0,0,449,A
6-NA,432,0,453,0,0,453,T
6-NA,433,0,452,0,0,452,T
6-NA,434,0,0,0,458,458,C
6-NA,435,462,0,1,0,463,A
6-NA,436,464,0,0,0,464,A
6-NA,437,473,0,0,0,473,A
6-NA,438,0,473,0,0,473,T
6-NA,439,0,0,473,0,473,G
6-NA,440,483,0,0,0,483,A
6-NA,441,0,0,0,487,487,C
6-NA,442,482,1,2,0,485,A
6-NA,443,0,1,0,494,495,C
6-NA,444,493,0,0,0,493,A
6-NA,445,5,0,582,0,587,G
6-NA,446,0,585,0,0,585,T
6-NA,447,594,0,0,0,594,A
6-NA,448,0,0,0,593,593,C
6-NA,449,0,0,590,0,590,G
6-NA,450,0,610,0,0,610,T
6-NA,451,1,0,608,0,609,G
6-NA,452,609,0,0,0,609,A
6-NA,453,0,613,0,0,613,T
6-NA,454,550,0,1,0,551,A
6-NA,455,0,1,549,0,550,G
6-NA,456,0,0,538,0,538,G
6-NA,457,539,0,2,0,541,A
6-NA,458,0,0,0,549,549,C
6-NA,459,0,0,0,548,548,C
6-NA,460,0,0,0,546,546,C
6-NA,461,0,0,0,546,546,C
6-NA,462,0,553,0,0,553,T
6-NA,463,0,561,0,0,561,T
6-NA,464,564,0,0,0,564,A
6-NA,465,0,565,0,0,565,T
6-NA,466,0,0,0,562,562,C
6-NA,467,0,1,559,0,560,G
6-NA,468,0,0,558,0,558,G
6-NA,469,557,0,0,0,557,A
6-NA,470,0,0,0,566,566,C
6-NA,471,0,0,0,557,557,C
6-NA,472,2,0,0,586,588,C
6-NA,473,0,583,0,0,583,T
6-NA,474,591,0,0,0,591,A
6-NA,475,1,592,0,0,593,T
6-NA,476,0,593,0,0,593,T
6-NA,477,0,0,592,0,592,G
6-NA,478,589,1,0,0,590,A
6-NA,479,0,593,0,0,593,T
6-NA,480,0,0,596,0,596,G
6-NA,481,578,0,0,0,578,A
6-NA,482,580,1,0,0,581,A
6-NA,483,0,579,0,0,579,T
6-NA,484,0,1,593,0,594,G
6-NA,485,599,2,0,0,601,A
6-NA,486,0,0,609,0,609,G
6-NA,487,0,606,0,0,606,T
6-NA,488,0,605,0,0,605,T
6-NA,489,604,0,0,0,604,A
6-NA,490,0,1,604,0,605,G
6-NA,491,0,0,604,0,604,G
6-NA,492,0,607,0,0,607,T
6-NA,493,0,0,604,0,604,G
6-NA,494,0,597,0,1,598,T
6-NA,495,0,594,1,1,596,T
6-NA,496,0,1,0,602,603,C
6-NA,497,0,0,0,605,605,C
6-NA,498,0,603,1,1,605,T
6-NA,499,1,599,1,1,602,T
6-NA,500,0,604,0,0,604,T
6-NA,501,0,604,0,1,605,T
6-NA,502,1,0,0,603,604,C
6-NA,503,607,1,0,0,608,A
6-NA,504,0,617,0,0,617,T
6-NA,505,0,0,0,615,615,C
6-NA,506,0,614,0,0,614,T
6-NA,507,0,1,613,0,614,G
6-NA,508,0,0,609,0,609,G
6-NA,509,0,0,611,0,611,G
6-NA,510,0,2,621,0,623,G
6-NA,511,620,0,0,0,620,A
6-NA,512,0,0,0,625,625,C
6-NA,513,0,0,0,615,615,C
6-NA,514,619,0,0,0,619,A
6-NA,515,620,0,1,0,621,A
6-NA,516,0,1,621,0,622,G
6-NA,517,0,0,0,618,618,C
6-NA,518,616,0,0,0,616,A
6-NA,519,627,0,1,0,628,A
6-NA,520,1,0,631,0,632,G
6-NA,521,0,628,0,0,628,T
6-NA,522,0,0,639,0,639,G
6-NA,523,0,631,0,0,631,T
6-NA,524,0,0,643,0,643,G
6-NA,525,0,1,0,644,645,C
6-NA,526,641,0,0,0,641,A
6-NA,527,0,653,0,0,653,T
6-NA,528,647,0,0,0,647,A
6-NA,529,0,0,662,0,662,G
6-NA,530,0,1,0,660,661,C
6-NA,531,645,0,0,0,645,A
6-NA,532,0,646,0,0,646,T
6-NA,533,0,0,626,0,626,G
6-NA,534,13,1,833,0,847,G
6-NA,535,0,848,0,1,849,T
6-NA,536,0,0,0,848,848,C
6-NA,537,1,1,0,886,888,C
6-NA,538,949,0,0,0,949,A
6-NA,539,0,0,1154,1,1155,G
6-NA,540,0,0,0,1180,1180,C
6-NA,541,0,1177,0,2,1179,T
6-NA,542,1,0,0,1194,1195,C
6-NA,543,1171,0,1,0,1172,A
6-NA,544,1249,0,0,0,1249,A
6-NA,545,0,0,1276,0,1276,G
6-NA,546,0,1296,0,0,1296,T
6-NA,547,0,1294,0,1,1295,T
6-NA,548,0,0,1311,0,1311,G
6-NA,549,1,1313,0,1,1315,T
6-NA,550,0,1,0,1309,1310,C
6-NA,551,1316,1,0,0,1317,A
6-NA,552,1,1,0,1362,1364,C
6-NA,553,0,1,1354,1,1356,G
6-NA,554,1459,0,1,0,1460,A
6-NA,555,0,1477,0,0,1477,T
6-NA,556,0,0,1575,0,1575,G
6-NA,557,0,1,1594,0,1595,G
6-NA,558,1590,1,1,0,1592,A
6-NA,559,1600,0,0,0,1600,A
6-NA,560,1641,0,1,0,1642,A
6-NA,561,1667,0,3,0,1670,A
6-NA,562,0,2,1737,0,1739,G
6-NA,563,1,1,0,1743,1745,C
6-NA,564,1744,0,2,0,1746,A
6-NA,565,0,1761,0,0,1761,T
6-NA,566,0,0,1832,0,1832,G
6-NA,567,1,1,1858,0,1860,G
6-NA,568,0,0,0,1908,1908,C
6-NA,569,1,1903,0,1,1905,T
6-NA,570,1,0,1942,1,1944,G
6-NA,571,0,0,0,1942,1942,C
6-NA,572,1960,0,0,0,1960,A
6-NA,573,0,2160,0,1,2161,T
6-NA,574,0,0,2175,0,2175,G
6-NA,575,0,2254,0,0,2254,T
6-NA,576,0,2395,0,2,2397,T
6-NA,577,0,2411,0,1,2412,T
6-NA,578,0,0,2753,0,2753,G
6-NA,579,0,2753,0,0,2753,T
6-NA,580,2758,0,2,0,2760,A
6-NA,581,0,2783,0,1,2784,T
6-NA,582,2799,0,1,0,2800,A
6-NA,583,2833,0,3,0,2836,A
6-NA,584,0,0,0,2836,2836,C
6-NA,585,2,1,2824,1,2828,G
6-NA,586,1,2,2850,0,2853,G
6-NA,587,0,4,2831,0,2835,G
6-NA,588,0,2,2856,0,2858,G
6-NA,589,1,0,2858,0,2859,G
6-NA,590,2858,0,5,0,2863,A
6-NA,591,1,2891,0,1,2893,T
6-NA,592,11,1,2905,1,2918,G
6-NA,593,2953,0,7,0,2960,A
6-NA,594,0,2987,0,0,2987,T
6-NA,595,2985,0,2,0,2987,A
6-NA,596,2995,0,0,0,2995,A
6-NA,597,3020,4,0,0,3024,A
6-NA,598,3024,0,0,0,3024,A
6-NA,599,3043,1,1,0,3045,A
6-NA,600,0,3047,0,0,3047,T
6-NA,601,2,0,3053,0,3055,G
6-NA,602,0,0,0,3051,3051,C
6-NA,603,3056,0,2,0,3058,A
6-NA,604,3071,0,2,0,3073,A
6-NA,605,1,0,0,3103,3104,C
6-NA,606,0,3119,0,2,3121,T
6-NA,607,1,0,3140,0,3141,G
6-NA,608,0,2,0,3141,3143,C
6-NA,609,0,3149,0,0,3149,T
6-NA,610,3136,1,3,0,3140,A
6-NA,611,3,0,3145,0,3148,G
6-NA,612,1,3124,0,0,3125,T
6-NA,613,0,3190,0,1,3191,T
6-NA,614,1,3192,0,2,3195,T
6-NA,615,1,1,0,3260,3262,C
6-NA,616,3274,0,0,0,3274,A
6-NA,617,1,3296,0,0,3297,T
6-NA,618,0,3303,0,1,3304,T
6-NA,619,0,3350,0,2,3352,T
6-NA,620,3388,1,1,0,3390,A
6-NA,621,1,2,0,3450,3453,C
6-NA,622,3446,0,0,0,3446,A
6-NA,623,3524,0,1,0,3525,A
6-NA,624,0,3526,0,2,3528,T
6-NA,625,1,5,3532,0,3538,G
6-NA,626,0,1,3536,1,3538,G
6-NA,627,0,3,3535,0,3538,G
6-NA,628,3517,3,3,1,3524,A
6-NA,629,0,1,3704,0,3705,G
6-NA,630,0,1,3807,0,3808,G
6-NA,631,0,1,1,4373,4375,C
6-NA,632,0,4371,0,18,4389,T
6-NA,633,0,4476,0,1,4477,T
6-NA,634,2,1,4551,0,4554,G
6-NA,635,0,4563,0,1,4564,T
6-NA,636,4688,0,3,1,4692,A
6-NA,637,1,2,4737,0,4740,G
6-NA,638,4710,0,1,0,4711,A
6-NA,639,0,4727,0,0,4727,T
6-NA,640,4546,1,1,0,4548,A
6-NA,641,0,2,4551,1,4554,G
6-NA,642,1,4539,0,4,4544,T
6-NA,643,5,0,4491,0,4496,G
6-NA,644,1,4814,0,2,4817,T
6-NA,645,1,4807,0,1,4809,T
6-NA,646,0,0,4908,0,4908,G
6-NA,647,1,4901,1,6,4909,T
6-NA,648,2,4917,1,2,4922,T
6-NA,649,3,4929,0,5,4937,T
6-NA,650,1,2,1,4893,4897,C
6-NA,651,4900,2,3,0,4905,A
6-NA,652,1,4886,0,0,4887,T
6-NA,653,5,6,4889,2,4902,G
6-NA,654,1,1,5330,0,5332,G
6-NA,655,2,5325,0,4,5331,T
6-NA,656,2,1,1,5330,5334,C
6-NA,657,1,2,0,5331,5334,C
6-NA,658,5356,1,1,0,5358,A
6-NA,659,5416,0,3,0,5419,A
6-NA,660,5416,0,4,1,5421,A
6-NA,661,0,1,5458,0,5459,G
6-NA,662,5448,0,1,1,5450,A
6-NA,663,5333,0,1,0,5334,A
6-NA,664,5351,0,1,0,5352,A
6-NA,665,3,5351,0,3,5357,T
6-NA,666,2,0,0,5561,5563,C
6-NA,667,3,0,0,5569,5572,C
6-NA,668,1,5565,1,4,5571,T
6-NA,669,2,1,0,5577,5580,C
6-NA,670,5561,2,4,0,5567,A
6-NA,671,3,4,5629,0,5636,G
6-NA,672,2,0,5633,0,5635,G
6-NA,673,5840,1,5,0,5846,A
6-NA,674,0,2,0,5855,5857,C
6-NA,675,1,3,0,5814,5818,C
6-NA,676,5,0,1,5799,5805,C
6-NA,677,5820,1,4,0,5825,A
6-NA,678,1,6,5830,1,5838,G
6-NA,679,0,4,5849,5,5858,G
6-NA,680,5838,1,5,1,5845,A
6-NA,681,0,1,5925,0,5926,G
6-NA,682,0,5858,0,1,5859,T
6-NA,683,1,0,1,5872,5874,C
6-NA,684,5867,0,4,0,5871,A
6-NA,685,0,2,5920,0,5922,G
6-NA,686,5911,1,3,1,5916,A
6-NA,687,5916,2,1,0,5919,A
6-NA,688,1,5896,0,2,5899,T
6-NA,689,1,0,5952,0,5953,G
6-NA,690,0,1,0,5971,5972,C
6-NA,691,2,1,6038,0,6041,G
6-NA,692,2,6030,0,1,6033,T
6-NA,693,0,6043,0,0,6043,T
6-NA,694,0,5966,0,57,6023,T
6-NA,695,61,1,6022,1,6085,G
6-NA,696,1,6117,0,1,6119,T
6-NA,697,6114,2,1,0,6117,A
6-NA,698,2,6096,0,2,6100,T
6-NA,699,3,0,1,6122,6126,C
6-NA,700,6131,0,0,1,6132,A
6-NA,701,6125,0,6,0,6131,A
6-NA,702,0,6135,0,1,6136,T
6-NA,703,1,1,6134,0,6136,G
6-NA,704,3,2,6137,0,6142,G
6-NA,705,6323,0,7,0,6330,A
6-NA,706,6336,1,5,0,6342,A
6-NA,707,2,2,0,6401,6405,C
6-NA,708,1,6463,0,1,6465,T
6-NA,709,0,6461,0,1,6462,T
6-NA,710,1,0,6731,0,6732,G
6-NA,711,0,6728,0,1,6729,T
6-NA,712,6723,3,2,0,6728,A
6-NA,713,2,2,0,6886,6890,C
6-NA,714,6758,1,2,0,6761,A
6-NA,715,1,1,7355,0,7357,G
6-NA,716,3,7319,0,0,7322,T
6-NA,717,7713,2,3,0,7718,A
6-NA,718,1,0,7757,1,7759,G
6-NA,719,0,7672,1,2,7675,T
6-NA,720,7666,0,3,0,7669,A
6-NA,721,7667,2,1,0,7670,A
6-NA,722,1,7689,1,4,7695,T
6-NA,723,2,4,7738,0,7744,G
6-NA,724,7642,1,2,0,7645,A
6-NA,725,0,2,0,7716,7718,C
6-NA,726,0,7553,0,3,7556,T
6-NA,727,0,2,7599,0,7601,G
6-NA,728,7595,4,4,1,7604,A
6-NA,729,3,7621,0,3,7627,T
6-NA,730,0,3,7622,0,7625,G
6-NA,731,2,4,7598,0,7604,G
6-NA,732,2,3,7633,1,7639,G
6-NA,733,7557,0,5,1,7563,A
6-NA,734,2,1,7566,2,7571,G
6-NA,735,1,7540,0,4,7545,T
6-NA,736,0,3,7614,0,7617,G
6-NA,737,0,2,0,7706,7708,C
6-NA,738,1,7693,0,3,7697,T
6-NA,739,0,7688,1,3,7692,T
6-NA,740,2,1,1,7704,7708,C
6-NA,741,7704,1,9,0,7714,A
6-NA,742,1,2,7766,1,7770,G
6-NA,743,2,0,7751,1,7754,G
6-NA,744,7754,2,2,1,7759,A
6-NA,745,7688,3,5,2,7698,A
6-NA,746,7635,1,1,0,7637,A
6-NA,747,7664,0,11,0,7675,A
6-NA,748,1,1,7714,0,7716,G
6-NA,749,1,0,0,7716,7717,C
6-NA,750,0,7684,0,2,7686,T
6-NA,751,3,1,7700,0,7704,G
6-NA,752,7701,2,6,0,7709,A
6-NA,753,2,7794,0,2,7798,T
6-NA,754,7823,3,2,0,7828,A
6-NA,755,1,1,0,8134,8136,C
6-NA,756,0,8102,0,6,8108,T
6-NA,757,8122,0,2,1,8125,A
6-NA,758,8139,0,0,1,8140,A
6-NA,759,8133,0,0,1,8134,A
6-NA,760,8315,2,1,0,8318,A
6-NA,761,0,8322,0,1,8323,T
6-NA,762,8322,1,4,0,8327,A
6-NA,763,1,0,0,8356,8357,C
6-NA,764,1,8142,1,3,8147,T
6-NA,765,8250,1,2,0,8253,A
6-NA,766,1,8223,0,6,8230,T
6-NA,767,1,8527,0,2,8530,T
6-NA,768,1,1,0,8576,8578,C
6-NA,769,8487,0,0,0,8487,A
6-NA,770,0,8480,0,2,8482,T
6-NA,771,0,8460,1,6,8467,T
6-NA,772,4,1,8496,1,8502,G
6-NA,773,8444,1,6,0,8451,A
6-NA,774,2,3,8427,1,8433,G
6-NA,775,0,6,8423,0,8429,G
6-NA,776,8175,2,11,0,8188,A
6-NA,777,0,3,8328,1,8332,G
6-NA,778,1,4,8345,0,8350,G
6-NA,779,5,1,8337,0,8343,G
6-NA,780,2,3,8359,1,8365,G
6-NA,781,8316,2,8,0,8326,A
6-NA,782,8329,1,8,0,8338,A
6-NA,783,8305,0,6,0,8311,A
6-NA,784,8305,1,5,2,8313,A
6-NA,785,0,8318,0,0,8318,T
6-NA,786,3,1,0,8261,8265,C
6-NA,787,7,0,8363,0,8370,G
6-NA,788,0,8352,0,1,8353,T
6-NA,789,4,8345,1,4,8354,T
6-NA,790,4,0,1,8367,8372,C
6-NA,791,8362,1,2,0,8365,A
6-NA,792,1,8981,0,1,8983,T
6-NA,793,8982,1,2,1,8986,A
6-NA,794,4,0,0,9025,9029,C
6-NA,795,0,9002,0,2,9004,T
6-NA,796,9040,2,5,1,9048,A
6-NA,797,2,0,9041,3,9046,G
6-NA,798,1,1,0,9041,9043,C
6-NA,799,9048,2,2,1,9053,A
6-NA,800,0,2,0,9095,9097,C
6-NA,801,8775,1,1,0,8777,A
6-NA,802,0,8936,1,0,8937,T
6-NA,803,0,8904,1,3,8908,T
6-NA,804,1,2,9540,1,9544,G
6-NA,805,1,9488,0,5,9494,T
6-NA,806,1,5,0,9488,9494,C
6-NA,807,9469,0,8,0,9477,A
6-NA,808,2,2,9491,1,9496,G
6-NA,809,1,3,9498,0,9502,G
6-NA,810,9473,3,2,0,9478,A
6-NA,811,9309,2,4,0,9315,A
6-NA,812,2,0,9459,0,9461,G
6-NA,813,2,9059,0,4,9065,T
6-NA,814,0,0,9110,0,9110,G
6-NA,815,0,2,0,9097,9099,C
6-NA,816,0,9092,1,6,9099,T
6-NA,817,0,3,0,9123,9126,C
6-NA,818,9106,0,3,0,9109,A
6-NA,819,4,0,9194,0,9198,G
6-NA,820,0,4,2,9188,9194,C
6-NA,821,9177,1,1,0,9179,A
6-NA,822,1,9180,0,6,9187,T
6-NA,823,3,0,9497,0,9500,G
6-NA,824,2,9504,0,5,9511,T
6-NA,825,0,2,0,9509,9511,C
6-NA,826,3,4,9497,0,9504,G
6-NA,827,9492,0,2,0,9494,A
6-NA,828,2,3,9447,1,9453,G
6-NA,829,0,3,9467,0,9470,G
6-NA,830,9387,1,7,0,9395,A
6-NA,831,1,3,9536,1,9541,G
6-NA,832,0,9251,0,3,9254,T
6-NA,833,3,4,9301,1,9309,G
6-NA,834,1,2,1,9493,9497,C
6-NA,835,4,9468,1,9,9482,T
6-NA,836,6,2,0,9518,9526,C
6-NA,837,2,2,0,9556,9560,C
6-NA,838,0,9552,0,3,9555,T
6-NA,839,2,0,9581,0,9583,G
6-NA,840,2,1,0,9503,9506,C
6-NA,841,0,9444,0,5,9449,T
6-NA,842,9518,1,1,1,9521,A
6-NA,843,0,9347,0,2,9349,T
6-NA,844,0,1,1,9408,9410,C
6-NA,845,7,1,1,9382,9391,C
6-NA,846,0,9399,0,8,9407,T
6-NA,847,4,7,2,9507,9520,C
6-NA,848,0,2,9512,0,9514,G
6-NA,849,9608,2,2,1,9613,A
6-NA,850,2,9604,0,7,9613,T
6-NA,851,9636,1,5,2,9644,A
6-NA,852,2,9625,0,5,9632,T
6-NA,853,0,1,3,9610,9614,C
6-NA,854,4,0,1,9601,9606,C
6-NA,855,2,9550,1,3,9556,T
6-NA,856,2,0,9600,0,9602,G
6-NA,857,1,2,9646,1,9650,G
6-NA,858,1,9764,0,1,9766,T
6-NA,859,4,2,9784,0,9790,G
6-NA,860,2,9710,0,12,9724,T
6-NA,861,1,1,0,9729,9731,C
6-NA,862,9714,1,7,0,9722,A
6-NA,863,1,2,9741,0,9744,G
6-NA,864,9746,0,2,0,9748,A
6-NA,865,0,9659,0,7,9666,T
6-NA,866,1,0,9676,0,9677,G
6-NA,867,0,9584,0,5,9589,T
6-NA,868,1,0,9619,0,9620,G
6-NA,869,1,9611,0,10,9622,T
6-NA,870,2,0,0,9649,9651,C
6-NA,871,2,9622,0,7,9631,T
6-NA,872,2,3,9630,0,9635,G
6-NA,873,1,10,1,9614,9626,C
6-NA,874,9615,3,1,0,9619,A
6-NA,875,0,0,9636,1,9637,G
6-NA,876,9414,2,9,2,9427,A
6-NA,877,0,2,9440,1,9443,G
6-NA,878,9415,2,3,0,9420,A
6-NA,879,1,2,0,9509,9512,C
6-NA,880,9523,2,4,0,9529,A
6-NA,881,9617,0,5,0,9622,A
6-NA,882,2,2,1,9666,9671,C
6-NA,883,4,9666,0,6,9676,T
6-NA,884,2,2,9686,0,9690,G
6-NA,885,1,1,9678,1,9681,G
6-NA,886,9643,1,2,0,9646,A
6-NA,887,9631,0,2,1,9634,A
6-NA,888,9460,1,7,0,9468,A
6-NA,889,0,0,9636,0,9636,G
6-NA,890,3,3,9623,0,9629,G
6-NA,891,2,1,0,9629,9632,C
6-NA,892,0,9579,0,18,9597,T
6-NA,893,4,0,4,9858,9866,C
6-NA,894,3,1,0,9970,9974,C
6-NA,895,10021,2,2,0,10025,A
6-NA,896,10011,0,2,0,10013,A
6-NA,897,0,10019,1,2,10022,T
6-NA,898,9712,0,9,0,9721,A
6-NA,899,3,1,9702,0,9706,G
6-NA,900,1,1,9760,0,9762,G
6-NA,901,0,5,0,9767,9772,C
6-NA,902,4,4,2,9577,9587,C
6-NA,903,4,3,2,9480,9489,C
6-NA,904,9627,2,2,0,9631,A
6-NA,905,2,9717,0,11,9730,T
6-NA,906,1,1,0,9734,9736,C
6-NA,907,1,0,9765,1,9767,G
6-NA,908,0,9734,0,1,9735,T
6-NA,909,9571,1,4,1,9577,A
6-NA,910,2,0,9774,0,9776,G
6-NA,911,9807,2,3,0,9812,A
6-NA,912,0,9885,0,2,9887,T
6-NA,913,9712,1,2,2,9717,A
6-NA,914,0,9617,1,2,9620,T
6-NA,915,9617,0,2,0,9619,A
6-NA,916,9616,3,3,1,9623,A
6-NA,917,9874,2,5,1,9882,A
6-NA,918,1,3,0,10281,10285,C
6-NA,919,10063,2,2,0,10067,A
6-NA,920,1,10063,0,2,10066,T
6-NA,921,10005,0,1,0,10006,A
6-NA,922,10022,1,4,0,10027,A
6-NA,923,10014,0,9,0,10023,A
6-NA,924,2,0,10107,1,10110,G
6-NA,925,2,1,10200,0,10203,G
6-NA,926,9935,2,7,0,9944,A
6-NA,927,1,9970,0,3,9974,T
6-NA,928,0,1,1,9996,9998,C
6-NA,929,10054,4,6,1,10065,A
6-NA,930,2,10085,1,1,10089,T
6-NA,931,10057,1,4,0,10062,A
6-NA,932,1,0,10132,0,10133,G
6-NA,933,0,0,0,10050,10050,C
6-NA,934,9922,3,1,0,9926,A
6-NA,935,1,9710,1,0,9712,T
6-NA,936,0,9743,0,2,9745,T
6-NA,937,1,0,9998,1,10000,G
6-NA,938,0,10015,1,6,10022,T
6-NA,939,1,10157,0,5,10163,T
6-NA,940,1,10159,0,7,10167,T
6-NA,941,1,2,0,10156,10159,C
6-NA,942,1,8,0,10187,10196,C
6-NA,943,10335,2,4,1,10342,A
6-NA,944,0,4,10477,2,10483,G
6-NA,945,2,10467,0,8,10477,T
6-NA,946,1,10233,0,4,10238,T
6-NA,947,10249,1,1,0,10251,A
6-NA,948,1,10194,0,1,10196,T
6-NA,949,2,2,10202,0,10206,G
6-NA,950,6,10155,0,3,10164,T
6-NA,951,2,1,10187,1,10191,G
6-NA,952,2,9968,0,16,9986,T
6-NA,953,1,0,10215,1,10217,G
6-NA,954,1,10214,0,6,10221,T
6-NA,955,0,10183,0,3,10186,T
6-NA,956,3,1,1,10184,10189,C
6-NA,957,10123,0,6,0,10129,A
6-NA,958,3,3,10183,0,10189,G
6-NA,959,0,2,10185,0,10187,G
6-NA,960,10144,0,5,0,10149,A
6-NA,961,0,2,1,10187,10190,C
6-NA,962,0,9949,1,7,9957,T
6-NA,963,0,10017,0,2,10019,T
6-NA,964,2,0,10475,0,10477,G
6-NA,965,1,10483,1,4,10489,T
6-NA,966,1,10469,0,8,10478,T
6-NA,967,6,4,10477,0,10487,G
6-NA,968,2,5,10506,1,10514,G
6-NA,969,10499,2,25,0,10526,A
6-NA,970,1,1,10556,0,10558,G
6-NA,971,10520,4,16,0,10540,A
6-NA,972,1,2,0,10517,10520,C
6-NA,973,10191,1,4,0,10196,A
6-NA,974,2,0,0,10246,10248,C
6-NA,975,10258,2,8,2,10270,A
6-NA,976,0,1,0,10460,10461,C
6-NA,977,2,4,1,10394,10401,C
6-NA,978,8,3,0,10417,10428,C
6-NA,979,10391,2,8,0,10401,A
6-NA,980,2,0,10453,0,10455,G
6-NA,981,10450,1,2,1,10454,A
6-NA,982,10484,1,3,4,10492,A
6-NA,983,10451,1,3,1,10456,A
6-NA,984,10444,0,3,1,10448,A
6-NA,985,10392,0,9,0,10401,A
6-NA,986,10407,0,2,6,10415,A
6-NA,987,1,4,1,10436,10442,C
6-NA,988,1,4,10420,1,10426,G
6-NA,989,10400,3,7,0,10410,A
6-NA,990,2,2,0,10410,10414,C
6-NA,991,10387,0,6,0,10393,A
6-NA,992,5,1,10484,0,10490,G
6-NA,993,3,2,0,10868,10873,C
6-NA,994,1,10847,0,7,10855,T
6-NA,995,4,0,4,10859,10867,C
6-NA,996,1,2,0,10915,10918,C
6-NA,997,10893,5,16,0,10914,A
6-NA,998,0,1,11023,1,11025,G
6-NA,999,1,6,1,11014,11022,C
6-NA,1000,10980,3,2,1,10986,A
6-NA,1001,0,1,10972,1,10974,G
6-NA,1002,2,10560,2,6,10570,T
6-NA,1003,10579,0,5,0,10584,A
6-NA,1004,2,0,10592,1,10595,G
6-NA,1005,3,2,2,10615,10622,C
6-NA,1006,2,3,0,10627,10632,C
6-NA,1007,10518,1,3,0,10522,A
6-NA,1008,2,10522,0,2,10526,T
6-NA,1009,3,10532,0,1,10536,T
6-NA,1010,2,2,10818,0,10822,G
6-NA,1011,1,10768,4,6,10779,T
6-NA,1012,2,10753,0,5,10760,T
6-NA,1013,11,10722,0,4,10737,T
6-NA,1014,3,6,10645,0,10654,G
6-NA,1015,5,5,10772,0,10782,G
6-NA,1016,10760,1,3,0,10764,A
6-NA,1017,0,10798,1,2,10801,T
6-NA,1018,2,2,1,10818,10823,C
6-NA,1019,4,3,1,10663,10671,C
6-NA,1020,7,10695,1,9,10712,T
6-NA,1021,10700,1,25,0,10726,A
6-NA,1022,10749,1,8,0,10758,A
6-NA,1023,0,1,1,10935,10937,C
6-NA,1024,10730,1,2,2,10735,A
6-NA,1025,10889,2,0,0,10891,A
6-NA,1026,0,10874,1,1,10876,T
6-NA,1027,1,2,10998,0,11001,G
6-NA,1028,10968,2,4,3,10977,A
6-NA,1029,10890,5,12,1,10908,A
6-NA,1030,0,1,10967,0,10968,G
6-NA,1031,10923,2,3,1,10929,A
6-NA,1032,10738,2,7,1,10748,A
6-NA,1033,1,5,10782,0,10788,G
6-NA,1034,4,3,10795,0,10802,G
6-NA,1035,1,10695,0,3,10699,T
6-NA,1036,2,2,10672,0,10676,G
6-NA,1037,2,2,10997,0,11001,G
6-NA,1038,1,10990,0,7,10998,T
6-NA,1039,8,1,3,10929,10941,C
6-NA,1040,10954,0,5,0,10959,A
6-NA,1041,4,10913,0,2,10919,T
6-NA,1042,2,8,10910,1,10921,G
6-NA,1043,6,3,10996,0,11005,G
6-NA,1044,10935,5,13,2,10955,A
6-NA,1045,3,2,11233,0,11238,G
6-NA,1046,1,10837,0,12,10850,T
6-NA,1047,0,3,10865,0,10868,G
6-NA,1048,10860,1,4,0,10865,A
6-NA,1049,10859,1,3,0,10863,A
6-NA,1050,10860,1,12,1,10874,A
6-NA,1051,1,5,10930,1,10937,G
6-NA,1052,4,2,10867,0,10873,G
6-NA,1053,1,3,2,10845,10851,C
6-NA,1054,2,10525,0,14,10541,T
6-NA,1055,7,5,10541,2,10555,G
6-NA,1056,0,3,10553,0,10556,G
6-NA,1057,0,2,10664,0,10666,G
6-NA,1058,4,5,1,10681,10691,C
6-NA,1059,0,3,0,10682,10685,C
6-NA,1060,1,10591,2,14,10608,T
6-NA,1061,1,10608,0,4,10613,T
6-NA,1062,3,10620,2,2,10627,T
6-NA,1063,2,3,10661,0,10666,G
6-NA,1064,10630,6,9,2,10647,A
6-NA,1065,0,10555,1,1,10557,T
6-NA,1066,1,2,10432,1,10436,G
6-NA,1067,10324,1,11,2,10338,A
6-NA,1068,0,10357,0,5,10362,T
6-NA,1069,1,2,10391,1,10395,G
6-NA,1070,3,2,10532,0,10537,G
6-NA,1071,10516,1,2,0,10519,A
6-NA,1072,10486,0,5,0,10491,A
6-NA,1073,10495,2,0,1,10498,A
6-NA,1074,3,10491,0,3,10497,T
6-NA,1075,1,1,10528,0,10530,G
6-NA,1076,10518,2,8,0,10528,A
6-NA,1077,1,4,1,10477,10483,C
6-NA,1078,5,2,10528,0,10535,G
6-NA,1079,0,10330,1,9,10340,T
6-NA,1080,5,2,10411,0,10418,G
6-NA,1081,1,10410,0,3,10414,T
6-NA,1082,3,2,10419,0,10424,G
6-NA,1083,2,7,10476,0,10485,G
6-NA,1084,10430,2,3,0,10435,A
6-NA,1085,1,10459,0,0,10460,T
6-NA,1086,3,4,10426,0,10433,G
6-NA,1087,4,6,10403,1,10414,G
6-NA,1088,3,0,10474,0,10477,G
6-NA,1089,10415,1,8,0,10424,A
6-NA,1090,10398,1,4,1,10404,A
6-NA,1091,0,2,10397,0,10399,G
6-NA,1092,10250,3,7,0,10260,A
6-NA,1093,10290,0,1,1,10292,A
6-NA,1094,0,5,0,10209,10214,C
6-NA,1095,1,0,10165,1,10167,G
6-NA,1096,10167,0,0,0,10167,A
6-NA,1097,3,10041,0,0,10044,T
6-NA,1098,4,1,1,10050,10056,C
6-NA,1099,10062,0,4,1,10067,A
6-NA,1100,4,3,10112,0,10119,G
6-NA,1101,1,1,0,10105,10107,C
6-NA,1102,3,3,10114,0,10120,G
6-NA,1103,10089,1,3,0,10093,A
6-NA,1104,1,1,10102,1,10105,G
6-NA,1105,10093,2,2,0,10097,A
6-NA,1106,10101,2,2,1,10106,A
6-NA,1107,3,3,10164,0,10170,G
6-NA,1108,2,10080,0,16,10098,T
6-NA,1109,8,1,0,10032,10041,C
6-NA,1110,10042,4,6,0,10052,A
6-NA,1111,1,1,0,10357,10359,C
6-NA,1112,4,0,10370,0,10374,G
6-NA,1113,0,1,0,10379,10380,C
6-NA,1114,0,10321,1,5,10327,T
6-NA,1115,1,10368,0,1,10370,T
6-NA,1116,10264,1,6,0,10271,A
6-NA,1117,0,9,10617,0,10626,G
6-NA,1118,0,4,10628,0,10632,G
6-NA,1119,3,6,10815,0,10824,G
6-NA,1120,0,10279,2,4,10285,T
6-NA,1121,10232,0,2,0,10234,A
6-NA,1122,2,10190,0,8,10200,T
6-NA,1123,2,3,10196,0,10201,G
6-NA,1124,10180,1,9,1,10191,A
6-NA,1125,10180,1,4,1,10186,A
6-NA,1126,9799,1,7,2,9809,A
6-NA,1127,2,5,0,9806,9813,C
6-NA,1128,4,1,0,9680,9685,C
6-NA,1129,3,9583,1,5,9592,T
6-NA,1130,2,9573,0,7,9582,T
6-NA,1131,1,0,0,9597,9598,C
6-NA,1132,9596,0,3,0,9599,A
6-NA,1133,9605,1,3,1,9610,A
6-NA,1134,9580,4,6,0,9590,A
6-NA,1135,0,0,9678,0,9678,G
6-NA,1136,1,9546,0,5,9552,T
6-NA,1137,4,2,0,9606,9612,C
6-NA,1138,9781,2,2,1,9786,A
6-NA,1139,3,9791,0,3,9797,T
6-NA,1140,1,9780,0,3,9784,T
6-NA,1141,4,2,9793,1,9800,G
6-NA,1142,9772,0,3,1,9776,A
6-NA,1143,9807,4,8,0,9819,A
6-NA,1144,3,2,10036,0,10041,G
6-NA,1145,0,2,10025,0,10027,G
6-NA,1146,1,3,0,9982,9986,C
6-NA,1147,1,9705,0,8,9714,T
6-NA,1148,0,5,9769,0,9774,G
6-NA,1149,4,3,9976,1,9984,G
6-NA,1150,3,9969,1,16,9989,T
6-NA,1151,4,3,0,9956,9963,C
6-NA,1152,7,6,3,9909,9925,C
6-NA,1153,9910,2,4,0,9916,A
6-NA,1154,9972,1,6,1,9980,A
6-NA,1155,4,2,1,10022,10029,C
6-NA,1156,5,2,0,10006,10013,C
6-NA,1157,8,4,0,10003,10015,C
6-NA,1158,1,9599,1,8,9609,T
6-NA,1159,9612,0,3,1,9616,A
6-NA,1160,9610,0,7,1,9618,A
6-NA,1161,0,1,9678,1,9680,G
6-NA,1162,0,9598,0,30,9628,T
6-NA,1163,3,4,0,9576,9583,C
6-NA,1164,4,1,0,9450,9455,C
6-NA,1165,9447,2,1,0,9450,A
6-NA,1166,9441,1,1,1,9444,A
6-NA,1167,9441,2,1,0,9444,A
6-NA,1168,1,9454,1,3,9459,T
6-NA,1169,2,9433,1,3,9439,T
6-NA,1170,1,1,9416,0,9418,G
6-NA,1171,2,7,0,9380,9389,C
6-NA,1172,9371,0,9,0,9380,A
6-NA,1173,1,2,9409,0,9412,G
6-NA,1174,9388,3,4,0,9395,A
6-NA,1175,2,9575,1,0,9578,T
6-NA,1176,9597,1,5,0,9603,A
6-NA,1177,9570,2,1,2,9575,A
6-NA,1178,9569,2,4,2,9577,A
6-NA,1179,1,9548,1,2,9552,T
6-NA,1180,9508,2,4,0,9514,A
6-NA,1181,4,2,9531,0,9537,G
6-NA,1182,0,3,9466,0,9469,G
6-NA,1183,4,2,1,9435,9442,C
6-NA,1184,9192,0,1,0,9193,A
6-NA,1185,9250,1,3,1,9255,A
6-NA,1186,2,0,9332,0,9334,G
6-NA,1187,2,9346,1,3,9352,T
6-NA,1188,5,1,0,9341,9347,C
6-NA,1189,9396,0,8,1,9405,A
6-NA,1190,2,9397,1,2,9402,T
6-NA,1191,9541,7,3,0,9551,A
6-NA,1192,0,1,9585,0,9586,G
6-NA,1193,1,9575,0,3,9579,T
6-NA,1194,1,9369,0,7,9377,T
6-NA,1195,1,0,9285,0,9286,G
6-NA,1196,9242,3,9,1,9255,A
6-NA,1197,1,2,1,9240,9244,C
6-NA,1198,9135,2,3,1,9141,A
6-NA,1199,0,1,9273,1,9275,G
6-NA,1200,9174,0,8,1,9183,A
6-NA,1201,4,0,9583,0,9587,G
6-NA,1202,3,0,9606,0,9609,G
6-NA,1203,2,9586,1,1,9590,T
6-NA,1204,9562,2,5,0,9569,A
6-NA,1205,9555,0,2,1,9558,A
6-NA,1206,1,9566,1,2,9570,T
6-NA,1207,9549,0,4,0,9553,A
6-NA,1208,2,4,9433,0,9439,G
6-NA,1209,0,1,9281,0,9282,G
6-NA,1210,3,8812,0,3,8818,T
6-NA,1211,5,1,2,8751,8759,C
6-NA,1212,3,2,0,8762,8767,C
6-NA,1213,5,2,8778,0,8785,G
6-NA,1214,0,1,8813,1,8815,G
6-NA,1215,2,8789,1,5,8797,T
6-NA,1216,0,8790,1,0,8791,T
6-NA,1217,8759,2,0,0,8761,A
6-NA,1218,0,8657,1,5,8663,T
6-NA,1219,1,8666,0,4,8671,T
6-NA,1220,2,1,0,8690,8693,C
6-NA,1221,2,8515,0,4,8521,T
6-NA,1222,1,1,8564,0,8566,G
6-NA,1223,3,0,8577,1,8581,G
6-NA,1224,3,8579,0,1,8583,T
6-NA,1225,8578,1,3,0,8582,A
6-NA,1226,1,8504,1,4,8510,T
6-NA,1227,0,8522,2,7,8531,T
6-NA,1228,2,8525,0,3,8530,T
6-NA,1229,1,8548,1,10,8560,T
6-NA,1230,3,2,1,8571,8577,C
6-NA,1231,2,8461,0,13,8476,T
6-NA,1232,2,1,0,8512,8515,C
6-NA,1233,4,8469,0,3,8476,T
6-NA,1234,2,0,8581,38,8621,G
6-NA,1235,5,8603,0,5,8613,T
6-NA,1236,0,8551,0,7,8558,T
6-NA,1237,2,1,8558,2,8563,G
6-NA,1238,8487,1,4,0,8492,A
6-NA,1239,8458,2,18,0,8478,A
6-NA,1240,3,2,8538,0,8543,G
6-NA,1241,1,3,8517,0,8521,G
6-NA,1242,1,1,0,8510,8512,C
6-NA,1243,8389,0,2,0,8391,A
6-NA,1244,8391,1,4,0,8396,A
6-NA,1245,8410,4,2,2,8418,A
6-NA,1246,8425,1,8,0,8434,A
6-NA,1247,2,0,8446,0,8448,G
6-NA,1248,2,0,0,8441,8443,C
6-NA,1249,1,8331,1,2,8335,T
6-NA,1250,1,1,8407,0,8409,G
6-NA,1251,2,0,0,8392,8394,C
6-NA,1252,8411,1,5,0,8417,A
6-NA,1253,0,8391,0,6,8397,T
6-NA,1254,3,0,1,8332,8336,C
6-NA,1255,8324,1,1,0,8326,A
6-NA,1256,8334,0,2,0,8336,A
6-NA,1257,1,8317,0,1,8319,T
6-NA,1258,1,1,1,8316,8319,C
6-NA,1259,1,2,8199,2,8204,G
6-NA,1260,2,0,8323,3,8328,G
6-NA,1261,2,8316,0,6,8324,T
6-NA,1262,3,0,8351,0,8354,G
6-NA,1263,0,0,0,8389,8389,C
6-NA,1264,1,8333,0,14,8348,T
6-NA,1265,0,8428,1,0,8429,T
6-NA,1266,0,8428,0,1,8429,T
6-NA,1267,0,8463,0,1,8464,T
6-NA,1268,8492,1,3,2,8498,A
6-NA,1269,1,8172,0,2,8175,T
6-NA,1270,28,0,8151,0,8179,G
6-NA,1271,4,8068,0,11,8083,T
6-NA,1272,0,1,7998,0,7999,G
6-NA,1273,0,1,8076,1,8078,G
6-NA,1274,7934,0,5,0,7939,A
6-NA,1275,0,1,8011,1,8013,G
6-NA,1276,0,7946,0,3,7949,T
6-NA,1277,0,7903,0,8,7911,T
6-NA,1278,0,1,7979,0,7980,G
6-NA,1279,7959,0,10,0,7969,A
6-NA,1280,1,7968,0,1,7970,T
6-NA,1281,7943,0,2,1,7946,A
6-NA,1282,7708,0,4,0,7712,A
6-NA,1283,1,8,7731,0,7740,G
6-NA,1284,0,7,7593,0,7600,G
6-NA,1285,1,2,7560,1,7564,G
6-NA,1286,1,0,7540,1,7542,G
6-NA,1287,7404,0,21,0,7425,A
6-NA,1288,7417,0,8,1,7426,A
6-NA,1289,3,0,7455,0,7458,G
6-NA,1290,7443,0,0,1,7444,A
6-NA,1291,7436,0,2,0,7438,A
6-NA,1292,7338,1,1,3,7343,A
6-NA,1293,7217,0,12,1,7230,A
6-NA,1294,0,0,7239,0,7239,G
6-NA,1295,7156,1,8,2,7167,A
6-NA,1296,0,1,7165,0,7166,G
6-NA,1297,1,0,7159,0,7160,G
6-NA,1298,7088,3,1,0,7092,A
6-NA,1299,7096,1,2,0,7099,A
6-NA,1300,7101,0,3,0,7104,A
6-NA,1301,0,2,1,7130,7133,C
6-NA,1302,0,7117,0,3,7120,T
6-NA,1303,1,0,7126,0,7127,G
6-NA,1304,7107,1,7,1,7116,A
6-NA,1305,7089,1,5,1,7096,A
6-NA,1306,1,0,7139,0,7140,G
6-NA,1307,0,7097,0,10,7107,T
6-NA,1308,3,0,0,7128,7131,C
6-NA,1309,1,7110,1,6,7118,T
6-NA,1310,0,7052,0,2,7054,T
6-NA,1311,2,0,7059,0,7061,G
6-NA,1312,4,7025,1,9,7039,T
6-NA,1313,2,2,7032,0,7036,G
6-NA,1314,4,2,7004,1,7011,G
6-NA,1315,6954,1,2,1,6958,A
6-NA,1316,1,3,0,6980,6984,C
6-NA,1317,1,0,1,6812,6814,C
6-NA,1318,2,6787,1,17,6807,T
6-NA,1319,3,0,0,6808,6811,C
6-NA,1320,6827,1,2,0,6830,A
6-NA,1321,6831,0,1,0,6832,A
6-NA,1322,6821,3,3,0,6827,A
6-NA,1323,0,3,0,6855,6858,C
6-NA,1324,6639,2,0,0,6641,A
6-NA,1325,0,3,6699,0,6702,G
6-NA,1326,0,6609,0,2,6611,T
6-NA,1327,6599,0,2,0,6601,A
6-NA,1328,0,6584,1,0,6585,T
6-NA,1329,2,6479,0,0,6481,T
6-NA,1330,1,2,6523,0,6526,G
6-NA,1331,1,6506,1,5,6513,T
6-NA,1332,2,6253,0,3,6258,T
6-NA,1333,2,0,6262,0,6264,G
6-NA,1334,2,5842,0,3,5847,T
6-NA,1335,0,0,5871,0,5871,G
6-NA,1336,2,5833,1,6,5842,T
6-NA,1337,0,5783,0,0,5783,T
6-NA,1338,2,5785,0,4,5791,T
6-NA,1339,0,5654,0,0,5654,T
6-NA,1340,2,0,5644,1,5647,G
6-NA,1341,0,5639,0,6,5645,T
6-NA,1342,0,2,5610,0,5612,G
6-NA,1343,2,0,5603,0,5605,G
6-NA,1344,2,2,0,5518,5522,C
6-NA,1345,5506,1,2,0,5509,A
6-NA,1346,0,0,0,5526,5526,C
6-NA,1347,2,2,1,5489,5494,C
6-NA,1348,1,5478,0,5,5484,T
6-NA,1349,2,2,0,5504,5508,C
6-NA,1350,5504,0,1,1,5506,A
6-NA,1351,0,1,5527,0,5528,G
6-NA,1352,1,0,5536,0,5537,G
6-NA,1353,0,5516,0,2,5518,T
6-NA,1354,5485,0,0,0,5485,A
6-NA,1355,0,2,0,5176,5178,C
6-NA,1356,5130,0,5,0,5135,A
6-NA,1357,0,5119,0,1,5120,T
6-NA,1358,4954,0,3,0,4957,A
6-NA,1359,0,4932,0,2,4934,T
6-NA,1360,1,1,4616,0,4618,G
6-NA,1361,1,0,4606,0,4607,G
6-NA,1362,4566,1,1,0,4568,A
6-NA,1363,4527,0,0,0,4527,A
6-NA,1364,0,3,0,4473,4476,C
6-NA,1365,3703,0,1,0,3704,A
6-NA,1366,1,0,3708,0,3709,G
6-NA,1367,3,1,3693,0,3697,G
6-NA,1368,0,1,0,3697,3698,C
6-NA,1369,0,3679,0,5,3684,T
6-NA,1370,1,0,0,3452,3453,C
6-NA,1371,3405,0,3,0,3408,A
6-NA,1372,0,3411,1,0,3412,T
6-NA,1373,0,0,3407,0,3407,G
6-NA,1374,1,0,3410,0,3411,G
6-NA,1375,0,2,0,3305,3307,C
6-NA,1376,2,1,1,3266,3270,C
6-NA,1377,0,3031,1,2,3034,T
6-NA,1378,2,1,3026,0,3029,G
6-NA,1379,3029,1,0,0,3030,A
6-NA,1380,0,3026,1,1,3028,T
6-NA,1381,0,2,2957,0,2959,G
6-NA,1382,2,2,2870,0,2874,G
6-NA,1383,0,0,2663,0,2663,G
6-NA,1384,1,0,2659,0,2660,G
6-NA,1385,2,0,0,2611,2613,C
6-NA,1386,2,1,2602,0,2605,G
6-NA,1387,1,0,2563,1,2565,G
6-NA,1388,2525,0,2,0,2527,A
6-NA,1389,0,0,0,2517,2517,C
6-NA,1390,2515,0,2,0,2517,A
6-NA,1391,0,2456,0,4,2460,T
6-NA,1392,1,0,0,2422,2423,C
6-NA,1393,2392,0,0,0,2392,A
6-NA,1394,2390,0,0,2,2392,A
6-NA,1395,0,2392,0,2,2394,T
6-NA,1396,0,0,0,2327,2327,C
6-NA,1397,1,2250,1,1,2253,T
6-NA,1398,1,0,0,1882,1883,C
6-NA,1399,1870,0,1,0,1871,A
6-NA,1400,0,1854,0,1,1855,T
6-NA,1401,0,0,1852,0,1852,G
6-NA,1402,0,1,0,1841,1842,C
6-NA,1403,1,1,0,1758,1760,C
6-NA,1404,0,1594,0,1,1595,T
6-NA,1405,1575,0,1,0,1576,A
6-NA,1406,3,1572,0,0,1575,T
6-NA,1407,1550,0,0,0,1550,A
6-NA,1408,0,1545,0,0,1545,T
6-NA,1409,1395,0,0,0,1395,A
6-NA,1410,1334,0,0,0,1334,A
7-M,1,40,0,0,0,40,A
7-M,2,0,41,0,0,41,T
7-M,3,0,0,41,0,41,G
7-M,4,41,0,0,0,41,A
7-M,5,0,0,44,0,44,G
7-M,6,0,0,0,49,49,C
7-M,7,0,0,0,49,49,C
7-M,8,0,62,0,0,62,T
7-M,9,0,62,0,0,62,T
7-M,10,0,0,0,63,63,C
7-M,11,0,63,0,0,63,T
7-M,12,65,0,1,0,66,A
7-M,13,66,0,0,0,66,A
7-M,14,0,0,0,66,66,C
7-M,15,0,0,0,66,66,C
7-M,16,0,0,66,0,66,G
7-M,17,65,0,0,0,65,A
7-M,18,0,0,67,0,67,G
7-M,19,0,0,72,0,72,G
7-M,20,0,72,0,0,72,T
7-M,21,0,0,0,72,72,C
7-M,22,0,0,72,0,72,G
7-M,23,74,0,0,0,74,A
7-M,24,74,0,0,0,74,A
7-M,25,75,0,0,0,75,A
7-M,26,0,0,0,88,88,C
7-M,27,0,0,89,0,89,G
7-M,28,0,88,0,0,88,T
7-M,29,90,0,0,0,90,A
7-M,30,0,91,0,0,91,T
7-M,31,0,0,94,0,94,G
7-M,32,0,94,0,0,94,T
7-M,33,0,107,0,0,107,T
7-M,34,0,0,0,108,108,C
7-M,35,0,109,0,0,109,T
7-M,36,0,0,0,120,120,C
7-M,37,0,120,0,0,120,T
7-M,38,0,0,0,127,127,C
7-M,39,0,127,0,0,127,T
7-M,40,129,0,0,0,129,A
7-M,41,0,131,0,0,131,T
7-M,42,1,0,0,132,133,C
7-M,43,0,0,137,0,137,G
7-M,44,0,140,0,0,140,T
7-M,45,0,139,0,0,139,T
7-M,46,0,0,0,141,141,C
7-M,47,0,0,0,147,147,C
7-M,48,151,0,0,0,151,A
7-M,49,0,151,0,0,151,T
7-M,50,0,0,0,151,151,C
7-M,51,151,0,0,0,151,A
7-M,52,0,0,153,0,153,G
7-M,53,0,0,153,0,153,G
7-M,54,0,0,0,154,154,C
7-M,55,0,0,0,152,152,C
7-M,56,0,0,0,155,155,C
7-M,57,0,0,0,159,159,C
7-M,58,0,0,0,159,159,C
7-M,59,0,159,0,0,159,T
7-M,60,0,0,0,159,159,C
7-M,61,159,0,0,0,159,A
7-M,62,160,0,0,0,160,A
7-M,63,162,0,0,0,162,A
7-M,64,0,0,160,0,160,G
7-M,65,0,0,0,161,161,C
7-M,66,0,0,0,159,159,C
7-M,67,0,0,159,0,159,G
7-M,68,160,0,0,0,160,A
7-M,69,0,0,159,0,159,G
7-M,70,160,0,0,0,160,A
7-M,71,0,161,0,0,161,T
7-M,72,0,0,0,161,161,C
7-M,73,0,0,162,0,162,G
7-M,74,0,0,0,164,164,C
7-M,75,0,0,165,0,165,G
7-M,76,0,0,0,163,163,C
7-M,77,164,0,0,1,165,A
7-M,78,0,0,166,0,166,G
7-M,79,165,0,0,0,165,A
7-M,80,0,0,172,0,172,G
7-M,81,173,1,0,0,174,A
7-M,82,0,0,0,176,176,C
7-M,83,0,176,0,0,176,T
7-M,84,0,176,0,0,176,T
7-M,85,0,0,176,0,176,G
7-M,86,175,0,0,0,175,A
7-M,87,174,0,0,0,174,A
7-M,88,0,0,176,0,176,G
7-M,89,174,0,0,0,174,A
7-M,90,0,176,0,0,176,T
7-M,91,0,0,177,0,177,G
7-M,92,0,177,0,0,177,T
7-M,93,0,0,0,176,176,C
7-M,94,0,177,0,0,177,T
7-M,95,0,178,0,0,178,T
7-M,96,1,171,0,0,172,T
7-M,97,0,0,173,0,173,G
7-M,98,0,0,0,173,173,C
7-M,99,0,176,0,0,176,T
7-M,100,0,0,181,0,181,G
7-M,101,0,0,179,0,179,G
7-M,102,0,0,183,0,183,G
7-M,103,182,0,0,0,182,A
7-M,104,182,0,0,0,182,A
7-M,105,179,0,0,0,179,A
7-M,106,181,0,0,0,181,A
7-M,107,182,0,0,0,182,A
7-M,108,0,0,0,182,182,C
7-M,109,181,0,0,0,181,A
7-M,110,0,0,0,181,181,C
7-M,111,179,0,0,0,179,A
7-M,112,0,0,181,0,181,G
7-M,113,187,0,0,0,187,A
7-M,114,0,191,0,0,191,T
7-M,115,0,0,0,192,192,C
7-M,116,0,193,0,0,193,T
7-M,117,0,193,0,1,194,T
7-M,118,0,0,192,0,192,G
7-M,119,191,1,1,0,193,A
7-M,120,0,0,194,0,194,G
7-M,121,0,0,193,0,193,G
7-M,122,0,0,0,199,199,C
7-M,123,0,197,0,0,197,T
7-M,124,0,0,0,219,219,C
7-M,125,0,219,0,0,219,T
7-M,126,0,1,0,220,221,C
7-M,127,222,0,0,0,222,A
7-M,128,0,222,0,0,222,T
7-M,129,0,1,221,0,222,G
7-M,130,0,1,221,0,222,G
7-M,131,221,0,0,0,221,A
7-M,132,220,0,0,0,220,A
7-M,133,0,220,0,0,220,T
7-M,134,0,1,232,0,233,G
7-M,135,0,0,245,0,245,G
7-M,136,0,0,0,248,248,C
7-M,137,0,247,0,0,247,T
7-M,138,246,0,1,0,247,A
7-M,139,245,0,0,0,245,A
7-M,140,247,0,0,0,247,A
7-M,141,0,0,250,0,250,G
7-M,142,250,0,0,0,250,A
7-M,143,0,1,0,246,247,C
7-M,144,242,0,1,0,243,A
7-M,145,243,0,0,0,243,A
7-M,146,0,0,253,0,253,G
7-M,147,253,0,0,0,253,A
7-M,148,0,0,0,255,255,C
7-M,149,0,0,0,255,255,C
7-M,150,255,0,0,0,255,A
7-M,151,256,0,0,0,256,A
7-M,152,0,257,0,0,257,T
7-M,153,1,254,0,0,255,T
7-M,154,0,0,0,257,257,C
7-M,155,0,252,0,0,252,T
7-M,156,0,0,252,0,252,G
7-M,157,0,252,0,0,252,T
7-M,158,0,0,0,252,252,C
7-M,159,251,0,1,0,252,A
7-M,160,0,0,0,260,260,C
7-M,161,0,0,0,259,259,C
7-M,162,0,259,0,0,259,T
7-M,163,0,0,0,260,260,C
7-M,164,0,261,0,0,261,T
7-M,165,0,0,269,0,269,G
7-M,166,267,0,0,0,267,A
7-M,167,0,0,0,269,269,C
7-M,168,0,268,0,0,268,T
7-M,169,265,0,1,0,266,A
7-M,170,266,0,0,0,266,A
7-M,171,0,0,267,0,267,G
7-M,172,1,0,265,0,266,G
7-M,173,0,0,266,0,266,G
7-M,174,264,0,0,0,264,A
7-M,175,270,0,0,0,270,A
7-M,176,0,271,0,0,271,T
7-M,177,0,269,0,0,269,T
7-M,178,0,270,0,0,270,T
7-M,179,0,270,0,0,270,T
7-M,180,0,0,270,0,270,G
7-M,181,0,1,271,0,272,G
7-M,182,0,0,271,0,271,G
7-M,183,0,0,273,0,273,G
7-M,184,0,267,0,0,267,T
7-M,185,0,269,0,0,269,T
7-M,186,0,269,0,0,269,T
7-M,187,0,0,275,0,275,G
7-M,188,0,277,0,0,277,T
7-M,189,0,0,278,0,278,G
7-M,190,0,279,0,0,279,T
7-M,191,0,278,0,1,279,T
7-M,192,0,0,0,282,282,C
7-M,193,282,0,0,0,282,A
7-M,194,0,0,0,292,292,C
7-M,195,0,0,291,0,291,G
7-M,196,0,0,0,289,289,C
7-M,197,0,289,0,0,289,T
7-M,198,0,0,0,302,302,C
7-M,199,303,0,0,0,303,A
7-M,200,0,0,0,307,307,C
7-M,201,0,0,0,306,306,C
7-M,202,1,0,305,0,306,G
7-M,203,0,310,0,0,310,T
7-M,204,0,0,313,0,313,G
7-M,205,0,0,0,315,315,C
7-M,206,0,0,0,315,315,C
7-M,207,0,0,0,315,315,C
7-M,208,313,0,0,0,313,A
7-M,209,0,0,317,0,317,G
7-M,210,0,316,0,0,316,T
7-M,211,0,0,322,0,322,G
7-M,212,325,0,0,0,325,A
7-M,213,0,0,326,0,326,G
7-M,214,0,0,0,325,325,C
7-M,215,0,0,326,0,326,G
7-M,216,326,0,0,0,326,A
7-M,217,0,1,330,0,331,G
7-M,218,0,1,330,0,331,G
7-M,219,330,0,0,0,330,A
7-M,220,0,0,0,340,340,C
7-M,221,0,333,0,0,333,T
7-M,222,0,0,334,0,334,G
7-M,223,0,0,1,332,333,C
7-M,224,333,0,0,0,333,A
7-M,225,1,0,345,0,346,G
7-M,226,0,0,0,345,345,C
7-M,227,0,0,346,0,346,G
7-M,228,0,346,0,0,346,T
7-M,229,343,0,0,0,343,A
7-M,230,0,0,342,0,342,G
7-M,231,343,0,0,0,343,A
7-M,232,0,0,0,342,342,C
7-M,233,0,0,345,0,345,G
7-M,234,0,0,0,344,344,C
7-M,235,0,340,0,0,340,T
7-M,236,0,337,1,0,338,T
7-M,237,0,339,0,0,339,T
7-M,238,0,0,348,0,348,G
7-M,239,0,348,0,0,348,T
7-M,240,0,0,0,346,346,C
7-M,241,0,1,0,345,346,C
7-M,242,345,0,0,0,345,A
7-M,243,346,0,0,0,346,A
7-M,244,346,0,0,0,346,A
7-M,245,344,0,0,0,344,A
7-M,246,0,346,0,0,346,T
7-M,247,0,0,344,0,344,G
7-M,248,0,0,0,341,341,C
7-M,249,0,0,0,343,343,C
7-M,250,0,0,0,344,344,C
7-M,251,0,344,0,0,344,T
7-M,252,0,0,0,364,364,C
7-M,253,363,0,0,0,363,A
7-M,254,363,0,0,0,363,A
7-M,255,0,363,0,0,363,T
7-M,256,0,1,367,0,368,G
7-M,257,0,1,369,0,370,G
7-M,258,0,0,374,0,374,G
7-M,259,371,0,0,0,371,A
7-M,260,373,0,0,0,373,A
7-M,261,0,363,0,0,363,T
7-M,262,0,0,362,0,362,G
7-M,263,0,0,361,0,361,G
7-M,264,360,0,1,0,361,A
7-M,265,0,2,359,0,361,G
7-M,266,361,0,0,0,361,A
7-M,267,0,0,0,355,355,C
7-M,268,0,0,0,365,365,C
7-M,269,1,0,0,367,368,C
7-M,270,371,0,1,0,372,A
7-M,271,368,0,0,0,368,A
7-M,272,371,0,0,0,371,A
7-M,273,0,370,0,0,370,T
7-M,274,381,0,0,0,381,A
7-M,275,382,0,0,0,382,A
7-M,276,0,0,0,373,373,C
7-M,277,373,0,0,0,373,A
7-M,278,0,371,0,0,371,T
7-M,279,0,0,380,0,380,G
7-M,280,0,1,380,0,381,G
7-M,281,380,0,0,0,380,A
7-M,282,0,0,0,381,381,C
7-M,283,374,0,0,0,374,A
7-M,284,373,0,0,0,373,A
7-M,285,374,0,0,0,374,A
7-M,286,0,0,376,0,376,G
7-M,287,0,0,0,379,379,C
7-M,288,375,0,0,0,375,A
7-M,289,0,0,375,0,375,G
7-M,290,0,375,0,0,375,T
7-M,291,0,0,0,375,375,C
7-M,292,380,0,0,0,380,A
7-M,293,381,0,0,0,381,A
7-M,294,381,0,0,0,381,A
7-M,295,0,0,0,380,380,C
7-M,296,0,383,0,0,383,T
7-M,297,0,0,408,0,408,G
7-M,298,0,407,0,0,407,T
7-M,299,408,0,0,0,408,A
7-M,300,0,0,0,403,403,C
7-M,301,406,0,0,0,406,A
7-M,302,0,0,408,0,408,G
7-M,303,0,0,407,0,407,G
7-M,304,404,0,0,0,404,A
7-M,305,406,0,0,0,406,A
7-M,306,388,0,0,0,388,A
7-M,307,0,0,0,391,391,C
7-M,308,0,390,0,0,390,T
7-M,309,0,389,0,0,389,T
7-M,310,392,0,0,0,392,A
7-M,311,388,0,1,0,389,A
7-M,312,0,0,391,0,391,G
7-M,313,389,0,0,0,389,A
7-M,314,0,0,390,0,390,G
7-M,315,0,0,397,0,397,G
7-M,316,0,0,393,0,393,G
7-M,317,394,0,0,0,394,A
7-M,318,0,0,395,0,395,G
7-M,319,400,0,0,0,400,A
7-M,320,0,400,0,0,400,T
7-M,321,399,0,1,0,400,A
7-M,322,405,0,0,0,405,A
7-M,323,1,0,0,403,404,C
7-M,324,0,0,406,0,406,G
7-M,325,0,407,0,1,408,T
7-M,326,0,405,0,0,405,T
7-M,327,0,0,0,408,408,C
7-M,328,0,0,0,407,407,C
7-M,329,407,0,0,0,407,A
7-M,330,1,394,0,13,408,T
7-M,331,0,0,403,0,403,G
7-M,332,0,0,408,0,408,G
7-M,333,0,0,412,0,412,G
7-M,334,0,0,413,0,413,G
7-M,335,0,0,0,414,414,C
7-M,336,0,0,0,409,409,C
7-M,337,412,0,0,0,412,A
7-M,338,414,0,0,0,414,A
7-M,339,416,0,0,0,416,A
7-M,340,0,0,420,0,420,G
7-M,341,421,0,0,0,421,A
7-M,342,422,0,0,0,422,A
7-M,343,420,0,1,0,421,A
7-M,344,0,421,0,0,421,T
7-M,345,420,1,0,0,421,A
7-M,346,0,0,422,0,422,G
7-M,347,0,0,0,421,421,C
7-M,348,0,417,0,0,417,T
7-M,349,0,0,0,423,423,C
7-M,350,0,420,0,0,420,T
7-M,351,0,0,1,429,430,C
7-M,352,429,0,0,0,429,A
7-M,353,0,0,430,0,430,G
7-M,354,0,424,0,0,424,T
7-M,355,0,426,0,0,426,T
7-M,356,428,0,0,0,428,A
7-M,357,0,428,0,0,428,T
7-M,358,0,424,1,0,425,T
7-M,359,0,0,0,430,430,C
7-M,360,0,418,0,0,418,T
7-M,361,0,0,422,0,422,G
7-M,362,0,0,0,420,420,C
7-M,363,0,420,0,0,420,T
7-M,364,0,1,419,0,420,G
7-M,365,1,0,418,0,419,G
7-M,366,0,420,0,1,421,T
7-M,367,0,0,420,0,420,G
7-M,368,0,0,0,419,419,C
7-M,369,420,0,0,0,420,A
7-M,370,0,0,0,420,420,C
7-M,371,0,417,0,1,418,T
7-M,372,0,423,0,0,423,T
7-M,373,0,0,421,0,421,G
7-M,374,0,0,0,421,421,C
7-M,375,0,0,0,420,420,C
7-M,376,417,0,1,0,418,A
7-M,377,0,0,420,0,420,G
7-M,378,0,422,0,0,422,T
7-M,379,0,424,0,0,424,T
7-M,380,0,0,426,0,426,G
7-M,381,0,1,0,420,421,C
7-M,382,421,0,0,0,421,A
7-M,383,0,422,0,0,422,T
7-M,384,0,0,422,0,422,G
7-M,385,0,0,424,0,424,G
7-M,386,0,0,425,0,425,G
7-M,387,0,1,0,430,431,C
7-M,388,0,0,0,438,438,C
7-M,389,0,432,0,0,432,T
7-M,390,0,0,0,438,438,C
7-M,391,449,0,0,0,449,A
7-M,392,0,451,0,0,451,T
7-M,393,466,0,0,0,466,A
7-M,394,0,463,0,0,463,T
7-M,395,457,0,1,0,458,A
7-M,396,0,0,0,478,478,C
7-M,397,461,0,0,0,461,A
7-M,398,469,0,0,0,469,A
7-M,399,0,458,0,0,458,T
7-M,400,440,0,0,0,440,A
7-M,401,0,0,445,0,445,G
7-M,402,0,0,434,0,434,G
7-M,403,432,0,0,0,432,A
7-M,404,0,432,0,0,432,T
7-M,405,0,0,404,0,404,G
7-M,406,0,0,403,0,403,G
7-M,407,0,0,401,0,401,G
7-M,408,0,0,405,0,405,G
7-M,409,0,0,402,0,402,G
7-M,410,0,1,0,399,400,C
7-M,411,0,396,0,1,397,T
7-M,412,0,0,401,0,401,G
7-M,413,0,399,0,2,401,T
7-M,414,403,0,0,0,403,A
7-M,415,402,0,0,0,402,A
7-M,416,0,0,0,404,404,C
7-M,417,0,0,0,401,401,C
7-M,418,395,0,0,1,396,A
7-M,419,0,0,0,397,397,C
7-M,420,0,395,0,0,395,T
7-M,421,0,0,394,0,394,G
7-M,422,396,0,0,0,396,A
7-M,423,393,0,0,0,393,A
7-M,424,0,0,396,0,396,G
7-M,425,0,394,0,0,394,T
7-M,426,0,0,394,0,394,G
7-M,427,1,0,395,0,396,G
7-M,428,0,0,0,398,398,C
7-M,429,397,0,0,0,397,A
7-M,430,0,396,0,0,396,T
7-M,431,0,396,0,0,396,T
7-M,432,0,396,0,0,396,T
7-M,433,1,0,408,0,409,G
7-M,434,0,0,407,0,407,G
7-M,435,0,0,0,408,408,C
7-M,436,0,0,0,406,406,C
7-M,437,0,407,0,0,407,T
7-M,438,0,0,424,0,424,G
7-M,439,0,0,428,0,428,G
7-M,440,0,430,0,0,430,T
7-M,441,432,0,0,0,432,A
7-M,442,0,415,0,0,415,T
7-M,443,0,0,423,0,423,G
7-M,444,0,423,0,0,423,T
7-M,445,0,0,422,0,422,G
7-M,446,0,0,0,422,422,C
7-M,447,404,0,0,0,404,A
7-M,448,403,0,0,0,403,A
7-M,449,0,0,0,406,406,C
7-M,450,407,0,0,0,407,A
7-M,451,0,409,0,0,409,T
7-M,452,0,0,407,0,407,G
7-M,453,0,396,0,0,396,T
7-M,454,0,0,397,0,397,G
7-M,455,397,0,0,0,397,A
7-M,456,0,0,396,0,396,G
7-M,457,1,0,0,396,397,C
7-M,458,386,0,0,0,386,A
7-M,459,0,0,385,0,385,G
7-M,460,385,0,0,0,385,A
7-M,461,0,385,0,0,385,T
7-M,462,0,386,0,0,386,T
7-M,463,0,0,387,0,387,G
7-M,464,0,0,0,388,388,C
7-M,465,0,385,0,2,387,T
7-M,466,0,0,388,0,388,G
7-M,467,387,0,0,0,387,A
7-M,468,0,0,0,398,398,C
7-M,469,0,395,0,1,396,T
7-M,470,0,0,0,401,401,C
7-M,471,0,0,0,400,400,C
7-M,472,0,0,0,400,400,C
7-M,473,402,0,0,0,402,A
7-M,474,1,0,402,0,403,G
7-M,475,0,0,0,399,399,C
7-M,476,399,0,0,0,399,A
7-M,477,0,0,0,400,400,C
7-M,478,362,0,0,0,362,A
7-M,479,1,0,369,0,370,G
7-M,480,0,0,371,0,371,G
7-M,481,0,373,0,0,373,T
7-M,482,0,0,0,372,372,C
7-M,483,0,366,0,0,366,T
7-M,484,0,0,0,363,363,C
7-M,485,364,0,0,0,364,A
7-M,486,0,364,0,0,364,T
7-M,487,362,0,0,0,362,A
7-M,488,0,0,354,0,354,G
7-M,489,0,0,353,0,353,G
7-M,490,0,0,0,349,349,C
7-M,491,345,0,0,0,345,A
7-M,492,346,0,1,0,347,A
7-M,493,349,0,0,0,349,A
7-M,494,0,348,0,0,348,T
7-M,495,0,0,348,0,348,G
7-M,496,0,0,347,0,347,G
7-M,497,0,344,0,0,344,T
7-M,498,0,0,343,0,343,G
7-M,499,0,0,347,0,347,G
7-M,500,0,0,0,346,346,C
7-M,501,347,0,0,0,347,A
7-M,502,346,0,0,0,346,A
7-M,503,1,1,0,349,351,C
7-M,504,351,0,1,0,352,A
7-M,505,353,0,0,0,353,A
7-M,506,0,1,0,354,355,C
7-M,507,0,0,0,351,351,C
7-M,508,347,0,0,0,347,A
7-M,509,349,0,0,0,349,A
7-M,510,0,348,0,0,348,T
7-M,511,0,0,0,348,348,C
7-M,512,0,1,0,345,346,C
7-M,513,345,0,0,0,345,A
7-M,514,0,343,0,0,343,T
7-M,515,0,343,0,0,343,T
7-M,516,342,0,0,0,342,A
7-M,517,343,0,0,0,343,A
7-M,518,0,344,0,0,344,T
7-M,519,340,0,1,0,341,A
7-M,520,340,0,0,0,340,A
7-M,521,337,0,0,0,337,A
7-M,522,341,0,0,0,341,A
7-M,523,0,1,0,349,350,C
7-M,524,351,0,0,0,351,A
7-M,525,0,351,0,0,351,T
7-M,526,0,0,352,0,352,G
7-M,527,349,0,0,0,349,A
7-M,528,0,0,353,0,353,G
7-M,529,354,0,0,0,354,A
7-M,530,356,0,0,0,356,A
7-M,531,0,0,0,352,352,C
7-M,532,346,0,0,0,346,A
7-M,533,0,0,349,0,349,G
7-M,534,349,0,0,0,349,A
7-M,535,349,0,0,0,349,A
7-M,536,0,345,0,0,345,T
7-M,537,1,1,340,0,342,G
7-M,538,0,0,341,0,341,G
7-M,539,0,341,0,0,341,T
7-M,540,0,334,0,1,335,T
7-M,541,0,340,0,0,340,T
7-M,542,0,343,0,0,343,T
7-M,543,0,0,346,0,346,G
7-M,544,0,0,348,0,348,G
7-M,545,0,1,0,347,348,C
7-M,546,1,0,0,347,348,C
7-M,547,338,0,0,0,338,A
7-M,548,0,1,343,0,344,G
7-M,549,1,0,0,339,340,C
7-M,550,345,0,0,0,345,A
7-M,551,0,0,0,351,351,C
7-M,552,0,347,0,0,347,T
7-M,553,348,0,0,0,348,A
7-M,554,0,0,0,353,353,C
7-M,555,360,0,0,0,360,A
7-M,556,0,0,367,0,367,G
7-M,557,0,1,0,351,352,C
7-M,558,1,344,0,1,346,T
7-M,559,345,0,0,0,345,A
7-M,560,337,1,0,0,338,A
7-M,561,0,0,341,0,341,G
7-M,562,1,0,340,0,341,G
7-M,563,0,0,0,343,343,C
7-M,564,0,324,0,0,324,T
7-M,565,322,0,0,0,322,A
7-M,566,0,322,0,0,322,T
7-M,567,0,0,321,0,321,G
7-M,568,0,0,323,0,323,G
7-M,569,319,0,0,0,319,A
7-M,570,0,0,323,0,323,G
7-M,571,0,0,0,321,321,C
7-M,572,320,0,0,0,320,A
7-M,573,320,0,1,0,321,A
7-M,574,319,0,0,0,319,A
7-M,575,0,322,0,0,322,T
7-M,576,0,0,322,0,322,G
7-M,577,0,0,320,0,320,G
7-M,578,0,0,0,317,317,C
7-M,579,0,318,0,0,318,T
7-M,580,0,0,316,0,316,G
7-M,581,0,0,322,0,322,G
7-M,582,321,0,1,0,322,A
7-M,583,0,320,0,0,320,T
7-M,584,1,0,0,314,315,C
7-M,585,315,0,0,0,315,A
7-M,586,317,0,0,0,317,A
7-M,587,0,0,318,0,318,G
7-M,588,0,318,0,0,318,T
7-M,589,0,0,319,0,319,G
7-M,590,313,0,1,0,314,A
7-M,591,0,0,315,0,315,G
7-M,592,0,0,0,315,315,C
7-M,593,313,0,0,0,313,A
7-M,594,0,0,316,0,316,G
7-M,595,1,0,312,0,313,G
7-M,596,0,0,0,312,312,C
7-M,597,310,0,0,0,310,A
7-M,598,0,0,313,0,313,G
7-M,599,0,0,0,310,310,C
7-M,600,0,0,312,0,312,G
7-M,601,0,0,312,0,312,G
7-M,602,307,0,0,0,307,A
7-M,603,0,0,313,0,313,G
7-M,604,0,0,316,0,316,G
7-M,605,0,0,0,315,315,C
7-M,606,0,0,0,314,314,C
7-M,607,314,0,0,0,314,A
7-M,608,0,314,0,0,314,T
7-M,609,0,0,317,0,317,G
7-M,610,0,0,317,0,317,G
7-M,611,314,0,0,0,314,A
7-M,612,0,0,315,0,315,G
7-M,613,307,0,0,0,307,A
7-M,614,0,314,0,0,314,T
7-M,615,0,314,0,0,314,T
7-M,616,0,0,315,0,315,G
7-M,617,0,0,0,313,313,C
7-M,618,0,315,0,0,315,T
7-M,619,316,0,0,0,316,A
7-M,620,0,0,316,0,316,G
7-M,621,0,316,0,0,316,T
7-M,622,0,1,0,314,315,C
7-M,623,304,0,0,0,304,A
7-M,624,0,0,313,0,313,G
7-M,625,0,0,312,0,312,G
7-M,626,0,0,0,310,310,C
7-M,627,0,0,0,310,310,C
7-M,628,310,0,0,0,310,A
7-M,629,0,0,317,0,317,G
7-M,630,0,0,316,0,316,G
7-M,631,0,0,0,317,317,C
7-M,632,319,0,0,0,319,A
7-M,633,0,0,320,0,320,G
7-M,634,315,0,0,0,315,A
7-M,635,0,314,0,0,314,T
7-M,636,0,0,320,0,320,G
7-M,637,0,0,332,0,332,G
7-M,638,0,328,0,0,328,T
7-M,639,1,0,328,0,329,G
7-M,640,0,0,0,330,330,C
7-M,641,329,0,1,0,330,A
7-M,642,0,0,336,0,336,G
7-M,643,0,0,332,0,332,G
7-M,644,0,0,0,336,336,C
7-M,645,337,0,0,0,337,A
7-M,646,329,0,0,0,329,A
7-M,647,0,324,0,0,324,T
7-M,648,0,0,324,0,324,G
7-M,649,323,0,0,0,323,A
7-M,650,0,0,323,0,323,G
7-M,651,319,0,0,0,319,A
7-M,652,0,0,320,0,320,G
7-M,653,0,0,0,329,329,C
7-M,654,1,0,0,331,332,C
7-M,655,334,0,0,0,334,A
7-M,656,0,334,0,0,334,T
7-M,657,0,336,0,0,336,T
7-M,658,0,0,336,0,336,G
7-M,659,0,0,335,0,335,G
7-M,660,0,0,336,0,336,G
7-M,661,337,0,0,0,337,A
7-M,662,0,0,0,333,333,C
7-M,663,0,325,0,0,325,T
7-M,664,0,0,0,330,330,C
7-M,665,332,0,0,0,332,A
7-M,666,0,345,0,0,345,T
7-M,667,0,0,0,343,343,C
7-M,668,0,0,0,344,344,C
7-M,669,1,341,0,1,343,T
7-M,670,343,0,0,0,343,A
7-M,671,0,0,350,0,350,G
7-M,672,0,393,0,1,394,T
7-M,673,0,391,0,0,391,T
7-M,674,0,0,0,391,391,C
7-M,675,0,0,0,385,385,C
7-M,676,380,2,1,0,383,A
7-M,677,0,0,387,0,387,G
7-M,678,0,386,0,0,386,T
7-M,679,386,0,0,0,386,A
7-M,680,0,0,0,384,384,C
7-M,681,0,344,0,0,344,T
7-M,682,0,0,355,0,355,G
7-M,683,0,0,359,0,359,G
7-M,684,0,357,0,0,357,T
7-M,685,0,0,0,359,359,C
7-M,686,0,355,0,1,356,T
7-M,687,357,0,0,0,357,A
7-M,688,356,1,0,0,357,A
7-M,689,0,2,357,0,359,G
7-M,690,355,0,1,0,356,A
7-M,691,1,0,346,0,347,G
7-M,692,335,0,0,0,335,A
7-M,693,0,335,0,0,335,T
7-M,694,0,0,334,0,334,G
7-M,695,333,0,1,0,334,A
7-M,696,0,331,0,0,331,T
7-M,697,1,0,0,332,333,C
7-M,698,0,331,0,0,331,T
7-M,699,0,331,0,0,331,T
7-M,700,0,0,0,331,331,C
7-M,701,0,328,0,0,328,T
7-M,702,0,330,0,0,330,T
7-M,703,0,0,329,0,329,G
7-M,704,329,0,0,0,329,A
7-M,705,328,0,0,0,328,A
7-M,706,327,0,0,0,327,A
7-M,707,328,0,0,0,328,A
7-M,708,0,328,0,0,328,T
7-M,709,0,331,0,0,331,T
7-M,710,0,331,0,0,331,T
7-M,711,0,1,330,0,331,G
7-M,712,0,0,0,329,329,C
7-M,713,329,1,0,0,330,A
7-M,714,0,0,331,0,331,G
7-M,715,329,1,0,0,330,A
7-M,716,0,0,0,337,337,C
7-M,717,0,0,0,335,335,C
7-M,718,0,334,0,1,335,T
7-M,719,340,0,0,0,340,A
7-M,720,0,341,0,0,341,T
7-M,721,0,0,0,342,342,C
7-M,722,342,0,0,0,342,A
7-M,723,0,0,342,0,342,G
7-M,724,341,0,0,0,341,A
7-M,725,333,0,0,0,333,A
7-M,726,336,0,0,0,336,A
7-M,727,0,0,0,333,333,C
7-M,728,0,0,335,0,335,G
7-M,729,314,0,21,0,335,A
7-M,730,333,0,0,0,333,A
7-M,731,0,335,0,0,335,T
7-M,732,0,0,332,0,332,G
7-M,733,0,1,337,0,338,G
7-M,734,0,0,336,0,336,G
7-M,735,0,0,337,0,337,G
7-M,736,0,0,337,0,337,G
7-M,737,0,329,0,1,330,T
7-M,738,0,0,331,0,331,G
7-M,739,0,0,0,332,332,C
7-M,740,331,0,0,0,331,A
7-M,741,0,1,331,0,332,G
7-M,742,326,0,0,0,326,A
7-M,743,1,322,0,0,323,T
7-M,744,1,0,321,0,322,G
7-M,745,0,0,0,315,315,C
7-M,746,316,0,0,0,316,A
7-M,747,316,0,0,0,316,A
7-M,748,0,0,0,316,316,C
7-M,749,0,0,313,0,313,G
7-M,750,316,0,0,0,316,A
7-M,751,0,312,0,0,312,T
7-M,752,0,314,0,0,314,T
7-M,753,0,0,0,315,315,C
7-M,754,310,0,0,0,310,A
7-M,755,311,0,0,0,311,A
7-M,756,0,0,310,0,310,G
7-M,757,0,304,0,0,304,T
7-M,758,0,0,303,0,303,G
7-M,759,302,0,1,0,303,A
7-M,760,0,0,0,302,302,C
7-M,761,0,0,0,302,302,C
7-M,762,0,1,0,311,312,C
7-M,763,0,0,312,0,312,G
7-M,764,0,0,0,310,310,C
7-M,765,0,313,0,0,313,T
7-M,766,0,313,0,1,314,T
7-M,767,0,0,314,0,314,G
7-M,768,0,313,0,0,313,T
7-M,769,0,310,0,0,310,T
7-M,770,0,0,311,1,312,G
7-M,771,0,300,0,1,301,T
7-M,772,0,298,0,0,298,T
7-M,773,0,0,296,0,296,G
7-M,774,0,1,0,296,297,C
7-M,775,0,0,0,296,296,C
7-M,776,0,0,297,0,297,G
7-M,777,0,0,0,298,298,C
7-M,778,0,0,298,0,298,G
7-M,779,298,0,0,0,298,A
7-M,780,301,0,0,0,301,A
7-M,781,0,300,0,0,300,T
7-M,782,302,0,0,0,302,A
7-M,783,0,303,0,0,303,T
7-M,784,0,0,0,304,304,C
7-M,785,303,0,0,0,303,A
7-M,786,0,302,0,0,302,T
7-M,787,0,301,0,0,301,T
7-M,788,0,0,299,0,299,G
7-M,789,0,1,298,0,299,G
7-M,790,0,0,300,0,300,G
7-M,791,300,0,0,0,300,A
7-M,792,0,298,0,1,299,T
7-M,793,1,0,0,288,289,C
7-M,794,0,290,0,0,290,T
7-M,795,0,290,0,0,290,T
7-M,796,0,0,292,0,292,G
7-M,797,0,0,0,291,291,C
7-M,798,292,0,0,0,292,A
7-M,799,0,0,0,293,293,C
7-M,800,0,290,0,0,290,T
7-M,801,0,291,0,0,291,T
7-M,802,0,0,291,0,291,G
7-M,803,297,0,0,0,297,A
7-M,804,0,298,0,0,298,T
7-M,805,291,0,0,0,291,A
7-M,806,0,290,0,0,290,T
7-M,807,0,285,0,0,285,T
7-M,808,0,0,285,0,285,G
7-M,809,0,284,0,0,284,T
7-M,810,0,0,280,0,280,G
7-M,811,0,0,281,0,281,G
7-M,812,273,0,0,0,273,A
7-M,813,0,273,0,0,273,T
7-M,814,0,274,0,0,274,T
7-M,815,0,0,0,275,275,C
7-M,816,0,273,0,1,274,T
7-M,817,0,273,0,0,273,T
7-M,818,0,0,273,0,273,G
7-M,819,269,0,0,0,269,A
7-M,820,0,267,0,0,267,T
7-M,821,0,3,0,264,267,C
7-M,822,0,0,266,0,266,G
7-M,823,0,266,0,0,266,T
7-M,824,0,0,0,266,266,C
7-M,825,0,255,0,0,255,T
7-M,826,0,266,0,0,266,T
7-M,827,0,265,0,0,265,T
7-M,828,0,265,0,0,265,T
7-M,829,0,266,0,0,266,T
7-M,830,0,266,0,0,266,T
7-M,831,0,265,0,0,265,T
7-M,832,0,0,0,266,266,C
7-M,833,266,0,0,0,266,A
7-M,834,264,0,0,0,264,A
7-M,835,263,0,0,0,263,A
7-M,836,0,264,0,0,264,T
7-M,837,0,0,266,0,266,G
7-M,838,0,1,0,264,265,C
7-M,839,0,0,263,0,263,G
7-M,840,0,269,0,1,270,T
7-M,841,1,0,0,268,269,C
7-M,842,0,270,0,0,270,T
7-M,843,268,1,0,0,269,A
7-M,844,0,270,0,0,270,T
7-M,845,0,0,0,270,270,C
7-M,846,0,0,268,0,268,G
7-M,847,266,0,0,0,266,A
7-M,848,0,0,0,266,266,C
7-M,849,0,254,0,0,254,T
7-M,850,0,0,0,261,261,C
7-M,851,0,260,0,0,260,T
7-M,852,0,259,0,0,259,T
7-M,853,1,0,0,257,258,C
7-M,854,259,0,0,0,259,A
7-M,855,260,0,0,0,260,A
7-M,856,260,0,0,0,260,A
7-M,857,0,0,0,260,260,C
7-M,858,260,0,0,0,260,A
7-M,859,0,0,0,250,250,C
7-M,860,0,0,248,0,248,G
7-M,861,0,0,256,0,256,G
7-M,862,0,0,0,257,257,C
7-M,863,0,0,0,258,258,C
7-M,864,0,258,0,0,258,T
7-M,865,0,258,0,0,258,T
7-M,866,257,1,0,0,258,A
7-M,867,258,0,0,0,258,A
7-M,868,256,0,0,0,256,A
7-M,869,258,0,0,0,258,A
7-M,870,0,0,255,0,255,G
7-M,871,218,0,1,0,219,A
7-M,872,0,0,220,0,220,G
7-M,873,0,0,220,0,220,G
7-M,874,0,0,0,221,221,C
7-M,875,0,0,0,216,216,C
7-M,876,0,0,0,218,218,C
7-M,877,0,218,0,0,218,T
7-M,878,0,217,0,0,217,T
7-M,879,0,0,0,219,219,C
7-M,880,0,221,0,0,221,T
7-M,881,220,0,0,0,220,A
7-M,882,0,0,0,220,220,C
7-M,883,0,0,214,0,214,G
7-M,884,0,0,215,0,215,G
7-M,885,202,0,0,0,202,A
7-M,886,202,0,0,0,202,A
7-M,887,0,0,198,0,198,G
7-M,888,0,0,201,0,201,G
7-M,889,202,0,0,0,202,A
7-M,890,0,0,203,0,203,G
7-M,891,0,201,0,0,201,T
7-M,892,200,0,0,0,200,A
7-M,893,0,0,0,200,200,C
7-M,894,0,0,0,199,199,C
7-M,895,0,197,0,0,197,T
7-M,896,0,0,197,0,197,G
7-M,897,193,0,0,0,193,A
7-M,898,0,0,194,0,194,G
7-M,899,0,186,0,0,186,T
7-M,900,0,0,0,188,188,C
7-M,901,0,182,0,0,182,T
7-M,902,181,0,0,0,181,A
7-M,903,0,182,0,0,182,T
7-M,904,0,0,182,0,182,G
7-M,905,176,0,0,0,176,A
7-M,906,0,0,175,0,175,G
7-M,907,0,0,160,1,161,G
7-M,908,0,0,159,0,159,G
7-M,909,158,0,0,0,158,A
7-M,910,156,0,0,0,156,A
7-M,911,0,0,156,0,156,G
7-M,912,156,0,0,0,156,A
7-M,913,160,0,0,0,160,A
7-M,914,0,159,0,1,160,T
7-M,915,157,0,0,0,157,A
7-M,916,0,156,0,0,156,T
7-M,917,0,5,0,148,153,C
7-M,918,0,0,154,0,154,G
7-M,919,154,0,0,0,154,A
7-M,920,152,0,0,0,152,A
7-M,921,151,0,2,0,153,A
7-M,922,0,0,153,0,153,G
7-M,923,0,0,153,0,153,G
7-M,924,152,0,0,0,152,A
7-M,925,151,0,0,0,151,A
7-M,926,0,0,0,151,151,C
7-M,927,152,0,0,0,152,A
7-M,928,0,0,155,0,155,G
7-M,929,0,0,0,154,154,C
7-M,930,153,0,0,0,153,A
7-M,931,0,0,153,0,153,G
7-M,932,138,0,0,0,138,A
7-M,933,139,0,0,0,139,A
7-M,934,0,139,0,0,139,T
7-M,935,0,0,136,0,136,G
7-M,936,0,0,0,137,137,C
7-M,937,0,128,0,0,128,T
7-M,938,0,0,128,0,128,G
7-M,939,0,126,0,0,126,T
7-M,940,0,0,124,0,124,G
7-M,941,0,0,123,0,123,G
7-M,942,122,0,0,0,122,A
7-M,943,0,120,0,0,120,T
7-M,944,0,0,115,0,115,G
7-M,945,0,0,0,112,112,C
7-M,946,0,95,0,0,95,T
7-M,947,0,0,94,0,94,G
7-M,948,94,0,0,0,94,A
7-M,949,0,0,0,93,93,C
7-M,950,0,0,90,0,90,G
7-M,951,88,0,0,0,88,A
7-M,952,0,0,0,87,87,C
7-M,953,83,0,0,0,83,A
7-M,954,0,0,83,0,83,G
7-M,955,0,81,0,1,82,T
7-M,956,0,0,0,81,81,C
7-M,957,80,0,0,0,80,A
7-M,958,0,80,0,0,80,T
7-M,959,1,79,0,0,80,T
7-M,960,0,80,0,0,80,T
7-M,961,0,79,0,0,79,T
7-M,962,0,0,79,0,79,G
7-M,963,0,76,0,0,76,T
7-M,964,0,0,0,76,76,C
7-M,965,73,0,0,0,73,A
7-M,966,0,0,73,0,73,G
7-M,967,0,0,0,71,71,C
7-M,968,73,0,0,0,73,A
7-M,969,0,73,0,0,73,T
7-M,970,67,0,0,0,67,A
7-M,971,0,0,67,0,67,G
7-M,972,67,0,0,0,67,A
7-M,973,0,0,67,0,67,G
7-M,974,0,67,0,0,67,T
7-M,975,0,35,0,0,35,T
7-M,976,0,0,34,0,34,G
7-M,977,0,0,34,0,34,G
7-M,978,34,0,0,0,34,A
7-M,979,0,0,34,0,34,G
7-M,980,0,23,0,0,23,T
7-M,981,22,0,0,0,22,A
7-M,982,22,0,0,0,22,A
8-NS,1,733,0,0,0,733,A
8-NS,2,0,736,0,0,736,T
8-NS,3,0,0,783,0,783,G
8-NS,4,0,1,838,0,839,G
8-NS,5,910,0,0,0,910,A
8-NS,6,0,1971,0,0,1971,T
8-NS,7,0,1981,0,0,1981,T
8-NS,8,0,0,0,2058,2058,C
8-NS,9,0,0,0,2063,2063,C
8-NS,10,2060,0,2,0,2062,A
8-NS,11,2086,0,0,0,2086,A
8-NS,12,0,0,0,2089,2089,C
8-NS,13,2092,0,0,0,2092,A
8-NS,14,0,0,0,2116,2116,C
8-NS,15,0,2112,0,0,2112,T
8-NS,16,1,0,2328,0,2329,G
8-NS,17,0,2331,0,1,2332,T
8-NS,18,1,0,2354,0,2355,G
8-NS,19,0,2353,1,2,2356,T
8-NS,20,0,1,0,2355,2356,C
8-NS,21,2357,1,1,0,2359,A
8-NS,22,2357,0,1,0,2358,A
8-NS,23,1,0,2393,1,2395,G
8-NS,24,0,2441,0,1,2442,T
8-NS,25,3,2429,1,0,2433,T
8-NS,26,0,2462,0,0,2462,T
8-NS,27,0,1,0,2463,2464,C
8-NS,28,0,0,0,2473,2473,C
8-NS,29,2472,0,1,1,2474,A
8-NS,30,0,0,2485,0,2485,G
8-NS,31,1,0,2503,0,2504,G
8-NS,32,0,2504,0,0,2504,T
8-NS,33,2505,1,1,0,2507,A
8-NS,34,0,2,2522,0,2524,G
8-NS,35,2509,0,3,1,2513,A
8-NS,36,0,2529,1,0,2530,T
8-NS,37,0,2526,0,2,2528,T
8-NS,38,0,0,2551,0,2551,G
8-NS,39,0,0,0,2553,2553,C
8-NS,40,0,2550,0,2,2552,T
8-NS,41,0,2573,0,0,2573,T
8-NS,42,1,2584,0,2,2587,T
8-NS,43,1,1,0,2639,2641,C
8-NS,44,0,2640,0,3,2643,T
8-NS,45,0,2642,0,0,2642,T
8-NS,46,0,2642,0,0,2642,T
8-NS,47,1,0,2671,0,2672,G
8-NS,48,1,1,2669,0,2671,G
8-NS,49,0,1,2,2669,2672,C
8-NS,50,2674,0,2,0,2676,A
8-NS,51,0,2677,0,0,2677,T
8-NS,52,2708,0,0,0,2708,A
8-NS,53,0,2756,0,0,2756,T
8-NS,54,1,0,0,2758,2759,C
8-NS,55,1,2,0,2756,2759,C
8-NS,56,4,0,2760,0,2764,G
8-NS,57,1,0,2775,0,2776,G
8-NS,58,2769,3,0,0,2772,A
8-NS,59,2779,0,2,0,2781,A
8-NS,60,2781,0,1,0,2782,A
8-NS,61,0,1,0,2831,2832,C
8-NS,62,2844,0,0,0,2844,A
8-NS,63,2839,0,4,0,2843,A
8-NS,64,1,0,2949,0,2950,G
8-NS,65,0,2959,0,0,2959,T
8-NS,66,0,2956,0,0,2956,T
8-NS,67,0,0,2962,0,2962,G
8-NS,68,0,2963,0,1,2964,T
8-NS,69,2962,0,1,0,2963,A
8-NS,70,1,1,2993,1,2996,G
8-NS,71,3161,0,3,0,3164,A
8-NS,72,0,2,0,3207,3209,C
8-NS,73,2,1,0,3177,3180,C
8-NS,74,3184,0,1,0,3185,A
8-NS,75,3197,0,3,0,3200,A
8-NS,76,0,3,3373,0,3376,G
8-NS,77,3378,0,0,0,3378,A
8-NS,78,3400,0,1,0,3401,A
8-NS,79,0,0,0,3396,3396,C
8-NS,80,0,3331,0,0,3331,T
8-NS,81,0,1,3373,0,3374,G
8-NS,82,3367,0,6,0,3373,A
8-NS,83,0,2,3439,1,3442,G
8-NS,84,1,3436,1,1,3439,T
8-NS,85,1,1,3405,0,3407,G
8-NS,86,3423,1,0,1,3425,A
8-NS,87,2,3426,0,0,3428,T
8-NS,88,0,0,3479,0,3479,G
8-NS,89,1,3,0,3520,3524,C
8-NS,90,0,2,0,3532,3534,C
8-NS,91,1,1,0,3544,3546,C
8-NS,92,2,0,0,3537,3539,C
8-NS,93,3552,0,0,0,3552,A
8-NS,94,0,3599,0,3,3602,T
8-NS,95,0,3647,0,2,3649,T
8-NS,96,0,0,1,3666,3667,C
8-NS,97,1,1,0,3655,3657,C
8-NS,98,2,3640,0,5,3647,T
8-NS,99,0,3640,0,3,3643,T
8-NS,100,0,0,3642,0,3642,G
8-NS,101,3639,0,2,0,3641,A
8-NS,102,0,3629,0,6,3635,T
8-NS,103,0,2,0,3621,3623,C
8-NS,104,2,0,3617,0,3619,G
8-NS,105,0,0,3641,0,3641,G
8-NS,106,1,1,0,3649,3651,C
8-NS,107,0,3646,0,2,3648,T
8-NS,108,0,3650,0,4,3654,T
8-NS,109,0,1,1,3654,3656,C
8-NS,110,0,0,3675,0,3675,G
8-NS,111,0,3,1,3668,3672,C
8-NS,112,2,1,0,3672,3675,C
8-NS,113,2,0,3676,1,3679,G
8-NS,114,3666,1,1,1,3669,A
8-NS,115,0,2,3819,0,3821,G
8-NS,116,3825,0,0,0,3825,A
8-NS,117,0,3839,0,0,3839,T
8-NS,118,1,1,0,3836,3838,C
8-NS,119,3822,1,5,0,3828,A
8-NS,120,0,0,3849,0,3849,G
8-NS,121,3835,1,3,0,3839,A
8-NS,122,0,2,3858,1,3861,G
8-NS,123,1,0,3896,0,3897,G
8-NS,124,0,3917,0,0,3917,T
8-NS,125,1,3,0,4199,4203,C
8-NS,126,2,1,1,4217,4221,C
8-NS,127,2,1,0,4234,4237,C
8-NS,128,0,4236,0,0,4236,T
8-NS,129,4249,0,0,0,4249,A
8-NS,130,4247,0,0,0,4247,A
8-NS,131,0,2,4308,0,4310,G
8-NS,132,0,3,4306,0,4309,G
8-NS,133,0,1,4297,1,4299,G
8-NS,134,1,1,4201,1,4204,G
8-NS,135,4198,2,3,0,4203,A
8-NS,136,4195,0,1,0,4196,A
8-NS,137,0,2,4222,0,4224,G
8-NS,138,4292,0,2,0,4294,A
8-NS,139,0,1,4344,0,4345,G
8-NS,140,1,0,4328,0,4329,G
8-NS,141,0,2,0,4341,4343,C
8-NS,142,4330,0,1,0,4331,A
8-NS,143,4343,0,3,0,4346,A
8-NS,144,0,4349,0,1,4350,T
8-NS,145,4375,2,2,0,4379,A
8-NS,146,0,0,0,4461,4461,C
8-NS,147,0,4395,0,2,4397,T
8-NS,148,0,1,0,4393,4394,C
8-NS,149,1,4359,0,1,4361,T
8-NS,150,1,4,0,4399,4404,C
8-NS,151,4,3,4469,0,4476,G
8-NS,152,0,0,4779,0,4779,G
8-NS,153,0,4785,0,1,4786,T
8-NS,154,0,2,2,4777,4781,C
8-NS,155,0,4772,0,0,4772,T
8-NS,156,4843,1,2,0,4846,A
8-NS,157,0,1,4846,0,4847,G
8-NS,158,4845,0,6,0,4851,A
8-NS,159,0,1,0,4934,4935,C
8-NS,160,4868,1,0,0,4869,A
8-NS,161,0,4794,0,1,4795,T
8-NS,162,1,0,0,4801,4802,C
8-NS,163,4812,1,0,1,4814,A
8-NS,164,4812,2,2,2,4818,A
8-NS,165,4794,0,1,1,4796,A
8-NS,166,0,1,4791,0,4792,G
8-NS,167,4730,0,0,0,4730,A
8-NS,168,4766,1,7,2,4776,A
8-NS,169,0,2,4791,0,4793,G
8-NS,170,0,2,0,4792,4794,C
8-NS,171,1,3,0,4790,4794,C
8-NS,172,4816,0,3,1,4820,A
8-NS,173,0,0,0,4853,4853,C
8-NS,174,3,0,1,4858,4862,C
8-NS,175,2,2,0,4872,4876,C
8-NS,176,4938,1,2,0,4941,A
8-NS,177,4,4957,0,1,4962,T
8-NS,178,1,2,4966,0,4969,G
8-NS,179,1,4957,0,0,4958,T
8-NS,180,0,4950,0,2,4952,T
8-NS,181,2,0,4949,1,4952,G
8-NS,182,0,2,4935,0,4937,G
8-NS,183,4920,1,2,0,4923,A
8-NS,184,4921,0,2,1,4924,A
8-NS,185,4846,1,6,1,4854,A
8-NS,186,1,1,4885,0,4887,G
8-NS,187,0,0,0,4888,4888,C
8-NS,188,4883,0,2,0,4885,A
8-NS,189,4882,1,1,0,4884,A
8-NS,190,4876,0,1,1,4878,A
8-NS,191,1,4904,1,1,4907,T
8-NS,192,0,4918,0,1,4919,T
8-NS,193,0,0,4999,0,4999,G
8-NS,194,0,4997,0,4,5001,T
8-NS,195,4982,1,1,0,4984,A
8-NS,196,0,1,4987,1,4989,G
8-NS,197,4982,3,0,0,4985,A
8-NS,198,4979,0,2,1,4982,A
8-NS,199,4982,0,3,0,4985,A
8-NS,200,4967,0,0,0,4967,A
8-NS,201,1,0,4982,0,4983,G
8-NS,202,4945,2,1,1,4949,A
8-NS,203,1,4949,0,1,4951,T
8-NS,204,0,4937,0,1,4938,T
8-NS,205,0,0,0,4962,4962,C
8-NS,206,0,4956,1,2,4959,T
8-NS,207,0,0,4969,0,4969,G
8-NS,208,4964,0,0,1,4965,A
8-NS,209,4962,0,2,0,4964,A
8-NS,210,4950,1,5,3,4959,A
8-NS,211,1,1,4980,0,4982,G
8-NS,212,4977,1,0,0,4978,A
8-NS,213,4975,0,4,0,4979,A
8-NS,214,0,3,5017,0,5020,G
8-NS,215,5046,1,1,0,5048,A
8-NS,216,5058,0,0,0,5058,A
8-NS,217,0,5062,0,0,5062,T
8-NS,218,1,0,0,5103,5104,C
8-NS,219,0,5103,1,2,5106,T
8-NS,220,2,1,5132,0,5135,G
8-NS,221,5134,0,1,0,5135,A
8-NS,222,3,5123,0,1,5127,T
8-NS,223,2,0,5119,0,5121,G
8-NS,224,5087,0,2,1,5090,A
8-NS,225,0,3,5083,0,5086,G
8-NS,226,1,0,5085,0,5086,G
8-NS,227,3,1,0,5084,5088,C
8-NS,228,5090,2,4,0,5096,A
8-NS,229,2,1,0,5205,5208,C
8-NS,230,2,5187,0,2,5191,T
8-NS,231,0,5219,1,2,5222,T
8-NS,232,5241,2,0,0,5243,A
8-NS,233,5252,2,1,0,5255,A
8-NS,234,5240,0,5,0,5245,A
8-NS,235,5228,3,6,0,5237,A
8-NS,236,2,5246,0,0,5248,T
8-NS,237,1,2,5251,0,5254,G
8-NS,238,5251,0,3,0,5254,A
8-NS,239,0,0,0,5257,5257,C
8-NS,240,4,0,1,5244,5249,C
8-NS,241,5239,1,0,0,5240,A
8-NS,242,1,5228,0,2,5231,T
8-NS,243,2,2,5350,0,5354,G
8-NS,244,0,0,5394,0,5394,G
8-NS,245,0,5419,0,3,5422,T
8-NS,246,3,0,1,5679,5683,C
8-NS,247,0,5640,0,6,5646,T
8-NS,248,2,3,0,5721,5726,C
8-NS,249,3,1,1,5713,5718,C
8-NS,250,5734,0,3,0,5737,A
8-NS,251,0,1,0,5790,5791,C
8-NS,252,5695,1,2,1,5699,A
8-NS,253,2,1,1,5712,5716,C
8-NS,254,1,2,0,5660,5663,C
8-NS,255,2,5427,0,2,5431,T
8-NS,256,1,0,5463,0,5464,G
8-NS,257,0,1,0,5448,5449,C
8-NS,258,1,5413,0,0,5414,T
8-NS,259,0,5447,0,0,5447,T
8-NS,260,0,2,0,5417,5419,C
8-NS,261,0,1,5435,0,5436,G
8-NS,262,0,0,0,5437,5437,C
8-NS,263,0,3,5428,0,5431,G
8-NS,264,5638,1,1,0,5640,A
8-NS,265,1,5623,1,1,5626,T
8-NS,266,5798,0,3,0,5801,A
8-NS,267,2,1,1,5808,5812,C
8-NS,268,5781,4,3,1,5789,A
8-NS,269,3,5900,0,1,5904,T
8-NS,270,5875,0,0,1,5876,A
8-NS,271,5890,2,3,0,5895,A
8-NS,272,0,1,0,5893,5894,C
8-NS,273,2,5723,1,2,5728,T
8-NS,274,1,1,5783,0,5785,G
8-NS,275,5707,0,0,1,5708,A
8-NS,276,2,1,0,5722,5725,C
8-NS,277,5716,0,8,0,5724,A
8-NS,278,2,5652,0,2,5656,T
8-NS,279,1,1,5668,0,5670,G
8-NS,280,5665,1,4,0,5670,A
8-NS,281,1,1,0,5827,5829,C
8-NS,282,2,5805,0,1,5808,T
8-NS,283,5883,0,0,0,5883,A
8-NS,284,1,5852,0,8,5861,T
8-NS,285,0,5831,1,3,5835,T
8-NS,286,2,1,5833,0,5836,G
8-NS,287,5802,2,2,0,5806,A
8-NS,288,1,2,5807,0,5810,G
8-NS,289,1,2,5808,0,5811,G
8-NS,290,5692,1,2,0,5695,A
8-NS,291,5721,1,0,0,5722,A
8-NS,292,1,5638,2,4,5645,T
8-NS,293,0,5622,1,4,5627,T
8-NS,294,1,1,5696,0,5698,G
8-NS,295,2,5687,1,6,5696,T
8-NS,296,1,1,1,5703,5706,C
8-NS,297,5694,1,2,1,5698,A
8-NS,298,5703,0,1,0,5704,A
8-NS,299,1,1,5695,0,5697,G
8-NS,300,5712,1,0,0,5713,A
8-NS,301,5715,0,1,0,5716,A
8-NS,302,5711,0,5,0,5716,A
8-NS,303,1,0,0,5720,5721,C
8-NS,304,0,5651,0,1,5652,T
8-NS,305,0,0,5718,2,5720,G
8-NS,306,2,0,5819,1,5822,G
8-NS,307,1,5816,0,1,5818,T
8-NS,308,2,5808,0,2,5812,T
8-NS,309,1,1,0,5781,5783,C
8-NS,310,5803,0,1,0,5804,A
8-NS,311,0,5891,0,12,5903,T
8-NS,312,0,2,5935,1,5938,G
8-NS,313,0,1,0,5963,5964,C
8-NS,314,0,5917,0,4,5921,T
8-NS,315,5865,0,3,0,5868,A
8-NS,316,5986,1,1,0,5988,A
8-NS,317,4,6013,0,2,6019,T
8-NS,318,2,1,6019,0,6022,G
8-NS,319,2,0,1,6014,6017,C
8-NS,320,1,0,1,5956,5958,C
8-NS,321,5,4,0,5953,5962,C
8-NS,322,5945,0,0,0,5945,A
8-NS,323,5990,0,0,0,5990,A
8-NS,324,1,0,6017,0,6018,G
8-NS,325,1,0,0,6022,6023,C
8-NS,326,5992,0,6,0,5998,A
8-NS,327,1,0,6027,1,6029,G
8-NS,328,6006,2,0,0,6008,A
8-NS,329,6013,1,0,1,6015,A
8-NS,330,6012,0,3,2,6017,A
8-NS,331,0,0,6089,0,6089,G
8-NS,332,0,6061,0,1,6062,T
8-NS,333,0,2,6037,0,6039,G
8-NS,334,1,0,6043,0,6044,G
8-NS,335,6043,1,2,0,6046,A
8-NS,336,6011,1,4,1,6017,A
8-NS,337,1,5,6000,0,6006,G
8-NS,338,0,2,6019,1,6022,G
8-NS,339,6016,0,4,0,6020,A
8-NS,340,2,2,0,5984,5988,C
8-NS,341,4,0,0,5957,5961,C
8-NS,342,0,5964,1,2,5967,T
8-NS,343,1,0,1,6042,6044,C
8-NS,344,0,6037,0,1,6038,T
8-NS,345,0,6058,0,2,6060,T
8-NS,346,0,6048,0,4,6052,T
8-NS,347,2,0,6026,0,6028,G
8-NS,348,0,2,0,6093,6095,C
8-NS,349,6049,4,0,0,6053,A
8-NS,350,2,6046,0,2,6050,T
8-NS,351,1,0,0,6047,6048,C
8-NS,352,6098,0,2,0,6100,A
8-NS,353,2,0,6272,1,6275,G
8-NS,354,6256,0,0,0,6256,A
8-NS,355,6257,1,0,0,6258,A
8-NS,356,1,6235,1,0,6237,T
8-NS,357,1,2,6152,1,6156,G
8-NS,358,2,1,6207,0,6210,G
8-NS,359,6204,1,8,1,6214,A
8-NS,360,1,1,1,6191,6194,C
8-NS,361,1,5,0,6068,6074,C
8-NS,362,5951,1,2,1,5955,A
8-NS,363,2,2,6010,1,6015,G
8-NS,364,2,0,6004,0,6006,G
8-NS,365,1,1,0,6025,6027,C
8-NS,366,5982,0,1,0,5983,A
8-NS,367,5997,2,1,0,6000,A
8-NS,368,1,5979,0,2,5982,T
8-NS,369,0,1,0,5972,5973,C
8-NS,370,5977,1,2,0,5980,A
8-NS,371,1,5947,0,2,5950,T
8-NS,372,4,2,5873,0,5879,G
8-NS,373,1,2,5896,0,5899,G
8-NS,374,5860,0,6,0,5866,A
8-NS,375,0,2,5913,0,5915,G
8-NS,376,5840,0,1,0,5841,A
8-NS,377,5837,0,0,1,5838,A
8-NS,378,5831,1,0,2,5834,A
8-NS,379,5835,0,1,0,5836,A
8-NS,380,5841,0,21,1,5863,A
8-NS,381,0,0,0,5870,5870,C
8-NS,382,5843,1,0,1,5845,A
8-NS,383,1,5834,0,5,5840,T
8-NS,384,0,0,0,5792,5792,C
8-NS,385,5788,0,1,0,5789,A
8-NS,386,1,5794,2,2,5799,T
8-NS,387,0,0,5810,2,5812,G
8-NS,388,0,5797,0,12,5809,T
8-NS,389,0,5765,0,6,5771,T
8-NS,390,1,2,5769,1,5773,G
8-NS,391,5740,0,3,0,5743,A
8-NS,392,5748,2,4,0,5754,A
8-NS,393,5729,0,4,0,5733,A
8-NS,394,2,0,5759,0,5761,G
8-NS,395,1,3,0,5729,5733,C
8-NS,396,1,4,5729,1,5735,G
8-NS,397,5723,0,3,0,5726,A
8-NS,398,5735,2,3,1,5741,A
8-NS,399,1,5716,1,1,5719,T
8-NS,400,0,5727,0,0,5727,T
8-NS,401,0,5742,0,0,5742,T
8-NS,402,0,4,0,5736,5740,C
8-NS,403,5704,0,6,0,5710,A
8-NS,404,0,0,5729,0,5729,G
8-NS,405,1,5698,0,0,5699,T
8-NS,406,1,0,5697,0,5698,G
8-NS,407,1,5679,1,7,5688,T
8-NS,408,0,0,5708,0,5708,G
8-NS,409,5738,0,2,0,5740,A
8-NS,410,1,5722,0,1,5724,T
8-NS,411,1,5716,1,0,5718,T
8-NS,412,0,5714,2,1,5717,T
8-NS,413,0,5726,0,1,5727,T
8-NS,414,5,5711,0,1,5717,T
8-NS,415,2,3,5708,1,5714,G
8-NS,416,5721,1,9,0,5731,A
8-NS,417,0,1,0,5714,5715,C
8-NS,418,0,1,0,5656,5657,C
8-NS,419,0,2,5660,0,5662,G
8-NS,420,5652,0,2,0,5654,A
8-NS,421,1,5651,1,3,5656,T
8-NS,422,0,6191,1,0,6192,T
8-NS,423,6219,0,1,0,6220,A
8-NS,424,1,0,6214,1,6216,G
8-NS,425,6213,1,12,1,6227,A
8-NS,426,0,0,6263,0,6263,G
8-NS,427,6172,1,70,0,6243,A
8-NS,428,2,2,0,6392,6396,C
8-NS,429,1,0,0,5990,5991,C
8-NS,430,5921,0,2,0,5923,A
8-NS,431,0,6234,0,0,6234,T
8-NS,432,6223,0,1,0,6224,A
8-NS,433,1,0,6686,0,6687,G
8-NS,434,1,6660,1,0,6662,T
8-NS,435,6634,3,0,1,6638,A
8-NS,436,1,6639,0,0,6640,T
8-NS,437,0,6470,0,0,6470,T
8-NS,438,6634,0,2,0,6636,A
8-NS,439,1,1,0,6633,6635,C
8-NS,440,0,6346,0,1,6347,T
8-NS,441,6334,0,0,0,6334,A
8-NS,442,5771,0,1,1,5773,A
8-NS,443,0,6,5786,0,5792,G
8-NS,444,1,2,5778,0,5781,G
8-NS,445,3,2,5791,1,5797,G
8-NS,446,0,0,0,5688,5688,C
8-NS,447,1,5581,2,12,5596,T
8-NS,448,1,5578,2,0,5581,T
8-NS,449,0,5658,0,1,5659,T
8-NS,450,2,2,0,5674,5678,C
8-NS,451,5749,1,3,1,5754,A
8-NS,452,2,3,0,5755,5760,C
8-NS,453,1,3,1,5704,5709,C
8-NS,454,2,1,5714,0,5717,G
8-NS,455,5709,3,2,1,5715,A
8-NS,456,5696,2,9,0,5707,A
8-NS,457,0,3,5720,0,5723,G
8-NS,458,5644,2,1,0,5647,A
8-NS,459,1,2,5667,0,5670,G
8-NS,460,1,1,5569,0,5571,G
8-NS,461,4,1,5615,1,5621,G
8-NS,462,5596,2,9,0,5607,A
8-NS,463,1,1,5610,0,5612,G
8-NS,464,2,3,0,5606,5611,C
8-NS,465,5608,0,1,0,5609,A
8-NS,466,5605,0,0,1,5606,A
8-NS,467,0,5615,0,1,5616,T
8-NS,468,2,5595,0,1,5598,T
8-NS,469,3,1,5595,0,5599,G
8-NS,470,1,5526,0,1,5528,T
8-NS,471,2,5521,1,0,5524,T
8-NS,472,3,3,5527,0,5533,G
8-NS,473,4,0,5527,1,5532,G
8-NS,474,0,7,1,5526,5534,C
8-NS,475,1,2,5520,1,5524,G
8-NS,476,5525,1,0,1,5527,A
8-NS,477,5546,0,2,0,5548,A
8-NS,478,5574,0,0,1,5575,A
8-NS,479,0,5575,0,0,5575,T
8-NS,480,0,0,1,5579,5580,C
8-NS,481,0,5544,0,4,5548,T
8-NS,482,2,2,2,5566,5572,C
8-NS,483,5577,2,7,2,5588,A
8-NS,484,1,1,0,5598,5600,C
8-NS,485,1,1,1,5593,5596,C
8-NS,486,5550,0,2,0,5552,A
8-NS,487,0,5541,0,4,5545,T
8-NS,488,0,5521,0,1,5522,T
8-NS,489,1,1,5522,0,5524,G
8-NS,490,4,1,0,5512,5517,C
8-NS,491,0,2,1,5504,5507,C
8-NS,492,1,5514,0,4,5519,T
8-NS,493,0,5482,1,11,5494,T
8-NS,494,1,0,0,5536,5537,C
8-NS,495,1,5527,1,0,5529,T
8-NS,496,0,5527,0,0,5527,T
8-NS,497,0,5640,0,1,5641,T
8-NS,498,6,5617,1,2,5626,T
8-NS,499,1,1,0,5626,5628,C
8-NS,500,1,1,1,5621,5624,C
8-NS,501,5596,1,7,1,5605,A
8-NS,502,1,0,5670,0,5671,G
8-NS,503,2,0,5645,0,5647,G
8-NS,504,5739,1,1,0,5741,A
8-NS,505,1,0,0,5760,5761,C
8-NS,506,5794,2,3,0,5799,A
8-NS,507,0,5807,0,4,5811,T
8-NS,508,5822,0,3,0,5825,A
8-NS,509,1,0,0,6216,6217,C
8-NS,510,1,6202,0,1,6204,T
8-NS,511,6162,0,2,0,6164,A
8-NS,512,3,6131,0,2,6136,T
8-NS,513,0,5929,0,1,5930,T
8-NS,514,0,1,5929,1,5931,G
8-NS,515,5745,0,3,0,5748,A
8-NS,516,1,1,5745,0,5747,G
8-NS,517,1,2,5714,0,5717,G
8-NS,518,5236,3,1,0,5240,A
8-NS,519,1,5249,0,1,5251,T
8-NS,520,2,0,5209,0,5211,G
8-NS,521,0,5182,0,4,5186,T
8-NS,522,1,1,0,5198,5200,C
8-NS,523,5209,0,1,0,5210,A
8-NS,524,5209,0,1,1,5211,A
8-NS,525,5191,0,1,2,5194,A
8-NS,526,5167,1,0,1,5169,A
8-NS,527,5194,0,1,2,5197,A
8-NS,528,1,5176,0,1,5178,T
8-NS,529,1,1,5180,0,5182,G
8-NS,530,1,2,0,5194,5197,C
8-NS,531,5182,3,4,0,5189,A
8-NS,532,5211,1,2,2,5216,A
8-NS,533,1,5218,1,0,5220,T
8-NS,534,1,5221,0,1,5223,T
8-NS,535,0,3,5213,0,5216,G
8-NS,536,2,6,5180,0,5188,G
8-NS,537,0,2,5181,0,5183,G
8-NS,538,1,1,5215,0,5217,G
8-NS,539,1,5140,0,2,5143,T
8-NS,540,0,2,0,5193,5195,C
8-NS,541,2,2,0,5173,5177,C
8-NS,542,2,5173,0,7,5182,T
8-NS,543,2,1,0,5247,5250,C
8-NS,544,5231,0,0,0,5231,A
8-NS,545,0,5249,0,0,5249,T
8-NS,546,0,1,1,5246,5248,C
8-NS,547,3,3,5186,1,5193,G
8-NS,548,0,2,5181,1,5184,G
8-NS,549,5105,2,3,0,5110,A
8-NS,550,2,2,5097,0,5101,G
8-NS,551,1,1,5115,0,5117,G
8-NS,552,5062,2,3,1,5068,A
8-NS,553,1,1,1,5099,5102,C
8-NS,554,0,5081,0,1,5082,T
8-NS,555,1,5089,1,2,5093,T
8-NS,556,1,2,5121,0,5124,G
8-NS,557,5113,1,0,0,5114,A
8-NS,558,5118,0,4,0,5122,A
8-NS,559,0,5107,0,1,5108,T
8-NS,560,1,1,5015,0,5017,G
8-NS,561,0,0,5061,0,5061,G
8-NS,562,4985,1,3,0,4989,A
8-NS,563,5024,0,5,1,5030,A
8-NS,564,1,5198,0,4,5203,T
8-NS,565,1,0,5242,0,5243,G
8-NS,566,5246,3,2,1,5252,A
8-NS,567,0,5250,0,1,5251,T
8-NS,568,5244,0,5,0,5249,A
8-NS,569,5275,3,3,0,5281,A
8-NS,570,0,0,0,5220,5220,C
8-NS,571,5106,1,2,0,5109,A
8-NS,572,0,0,0,5141,5141,C
8-NS,573,4660,0,1,0,4661,A
8-NS,574,0,0,4725,0,4725,G
8-NS,575,0,4686,0,5,4691,T
8-NS,576,1,4676,0,0,4677,T
8-NS,577,1,1,0,4681,4683,C
8-NS,578,1,1,4640,0,4642,G
8-NS,579,4634,0,1,1,4636,A
8-NS,580,0,0,4645,0,4645,G
8-NS,581,1,4592,1,1,4595,T
8-NS,582,1,0,0,4622,4623,C
8-NS,583,0,4502,0,7,4509,T
8-NS,584,1,0,0,4563,4564,C
8-NS,585,0,4560,1,3,4564,T
8-NS,586,4569,0,0,0,4569,A
8-NS,587,4563,0,1,0,4564,A
8-NS,588,4547,0,1,0,4548,A
8-NS,589,4589,0,1,0,4590,A
8-NS,590,4605,0,0,0,4605,A
8-NS,591,0,4558,0,0,4558,T
8-NS,592,0,0,0,4585,4585,C
8-NS,593,1,4545,0,2,4548,T
8-NS,594,4566,0,0,0,4566,A
8-NS,595,0,0,0,4569,4569,C
8-NS,596,4554,2,0,0,4556,A
8-NS,597,0,1,4569,0,4570,G
8-NS,598,4505,2,0,0,4507,A
8-NS,599,1,1,4509,0,4511,G
8-NS,600,4501,0,1,0,4502,A
8-NS,601,0,4464,1,2,4467,T
8-NS,602,0,4463,0,2,4465,T
8-NS,603,3,2,1,4439,4445,C
8-NS,604,0,0,4459,0,4459,G
8-NS,605,1,0,0,4453,4454,C
8-NS,606,2,4435,0,4,4441,T
8-NS,607,1,4443,0,2,4446,T
8-NS,608,0,1,4426,0,4427,G
8-NS,609,0,4,4458,0,4462,G
8-NS,610,4451,0,2,0,4453,A
8-NS,611,0,2,4456,0,4458,G
8-NS,612,4429,0,0,0,4429,A
8-NS,613,4394,0,2,0,4396,A
8-NS,614,1,0,4458,0,4459,G
8-NS,615,0,2,0,4463,4465,C
8-NS,616,4462,2,2,0,4466,A
8-NS,617,0,0,4544,0,4544,G
8-NS,618,2,4507,0,0,4509,T
8-NS,619,4549,0,1,0,4550,A
8-NS,620,4550,0,1,0,4551,A
8-NS,621,1,4539,0,0,4540,T
8-NS,622,1,0,4556,0,4557,G
8-NS,623,4382,1,1,0,4384,A
8-NS,624,1,0,4458,1,4460,G
8-NS,625,4440,0,3,0,4443,A
8-NS,626,4305,0,1,0,4306,A
8-NS,627,1,4300,0,1,4302,T
8-NS,628,0,2,4228,0,4230,G
8-NS,629,1,1,4235,0,4237,G
8-NS,630,3,3,4215,0,4221,G
8-NS,631,2,0,4203,0,4205,G
8-NS,632,0,2,4222,0,4224,G
8-NS,633,4128,3,3,0,4134,A
8-NS,634,1,2,0,4167,4170,C
8-NS,635,0,1,0,4156,4157,C
8-NS,636,1,4144,0,10,4155,T
8-NS,637,2,1,0,4158,4161,C
8-NS,638,2,1,1,4160,4164,C
8-NS,639,4176,0,1,0,4177,A
8-NS,640,0,0,0,4173,4173,C
8-NS,641,0,4077,0,4,4081,T
8-NS,642,0,4063,0,0,4063,T
8-NS,643,3908,1,2,0,3911,A
8-NS,644,1,1,0,3937,3939,C
8-NS,645,1,3914,0,3,3918,T
8-NS,646,0,1,1,3890,3892,C
8-NS,647,0,1,0,3861,3862,C
8-NS,648,3853,0,2,0,3855,A
8-NS,649,3855,0,0,0,3855,A
8-NS,650,3857,0,1,0,3858,A
8-NS,651,3852,0,0,0,3852,A
8-NS,652,1,3719,0,0,3720,T
8-NS,653,3729,1,3,0,3733,A
8-NS,654,0,0,3734,0,3734,G
8-NS,655,3730,0,0,0,3730,A
8-NS,656,3723,1,0,0,3724,A
8-NS,657,3731,2,2,0,3735,A
8-NS,658,0,2,0,3742,3744,C
8-NS,659,1,3,3733,0,3737,G
8-NS,660,0,0,3735,0,3735,G
8-NS,661,3712,1,3,0,3716,A
8-NS,662,3722,1,0,0,3723,A
8-NS,663,3729,0,2,0,3731,A
8-NS,664,3728,1,2,0,3731,A
8-NS,665,0,3728,0,0,3728,T
8-NS,666,0,1,3745,0,3746,G
8-NS,667,0,1,3745,0,3746,G
8-NS,668,0,3,1,3720,3724,C
8-NS,669,1,1,3731,0,3733,G
8-NS,670,3732,0,0,0,3732,A
8-NS,671,0,1,3748,0,3749,G
8-NS,672,3746,0,2,0,3748,A
8-NS,673,3745,2,0,0,3747,A
8-NS,674,1,1,0,3756,3758,C
8-NS,675,3683,1,2,0,3686,A
8-NS,676,0,0,3687,0,3687,G
8-NS,677,2,0,0,3675,3677,C
8-NS,678,0,3682,0,0,3682,T
8-NS,679,3664,0,2,0,3666,A
8-NS,680,0,1,3624,0,3625,G
8-NS,681,0,0,3642,0,3642,G
8-NS,682,1,3624,0,7,3632,T
8-NS,683,2,0,0,3574,3576,C
8-NS,684,3573,1,0,0,3574,A
8-NS,685,3563,2,0,0,3565,A
8-NS,686,3569,0,1,0,3570,A
8-NS,687,3582,0,0,0,3582,A
8-NS,688,3,0,3585,0,3588,G
8-NS,689,0,3519,0,2,3521,T
8-NS,690,0,3510,0,0,3510,T
8-NS,691,0,3513,0,1,3514,T
8-NS,692,0,0,3520,0,3520,G
8-NS,693,3516,0,4,1,3521,A
8-NS,694,3520,0,0,0,3520,A
8-NS,695,0,0,3540,0,3540,G
8-NS,696,3464,0,2,0,3466,A
8-NS,697,0,1,3494,0,3495,G
8-NS,698,3489,0,1,0,3490,A
8-NS,699,0,3497,0,1,3498,T
8-NS,700,3496,0,2,0,3498,A
8-NS,701,3478,0,1,0,3479,A
8-NS,702,0,1,3481,0,3482,G
8-NS,703,3265,1,0,0,3266,A
8-NS,704,0,3269,0,0,3269,T
8-NS,705,1,0,3280,0,3281,G
8-NS,706,1,1,3276,0,3278,G
8-NS,707,0,0,0,3272,3272,C
8-NS,708,0,3253,0,2,3255,T
8-NS,709,3259,0,1,0,3260,A
8-NS,710,3255,0,1,0,3256,A
8-NS,711,1,3254,0,0,3255,T
8-NS,712,1,3244,0,3,3248,T
8-NS,713,0,0,3254,0,3254,G
8-NS,714,3210,0,1,0,3211,A
8-NS,715,3199,1,2,0,3202,A
8-NS,716,0,0,3201,0,3201,G
8-NS,717,3189,0,2,0,3191,A
8-NS,718,3138,1,2,0,3141,A
8-NS,719,0,1,3171,1,3173,G
8-NS,720,0,3097,0,3,3100,T
8-NS,721,0,0,3102,0,3102,G
8-NS,722,3079,0,0,1,3080,A
8-NS,723,1,1,3084,1,3087,G
8-NS,724,3086,0,2,0,3088,A
8-NS,725,0,0,0,3068,3068,C
8-NS,726,3050,0,2,0,3052,A
8-NS,727,0,0,1,3046,3047,C
8-NS,728,2833,0,2,1,2836,A
8-NS,729,0,0,2879,0,2879,G
8-NS,730,2869,0,0,0,2869,A
8-NS,731,0,2853,0,0,2853,T
8-NS,732,0,2852,0,1,2853,T
8-NS,733,2827,1,2,0,2830,A
8-NS,734,2831,0,0,0,2831,A
8-NS,735,2826,1,0,0,2827,A
8-NS,736,2820,0,0,0,2820,A
8-NS,737,2822,0,0,0,2822,A
8-NS,738,0,0,0,2714,2714,C
8-NS,739,2572,0,1,0,2573,A
8-NS,740,2586,0,1,0,2587,A
8-NS,741,0,0,0,2589,2589,C
8-NS,742,1,2579,0,1,2581,T
8-NS,743,1,0,2588,0,2589,G
8-NS,744,2585,1,1,0,2587,A
8-NS,745,2595,0,2,0,2597,A
8-NS,746,2587,1,0,1,2589,A
8-NS,747,2568,0,0,1,2569,A
8-NS,748,0,2562,0,1,2563,T
8-NS,749,2525,0,0,0,2525,A
8-NS,750,2,0,2527,0,2529,G
8-NS,751,1,0,0,2526,2527,C
8-NS,752,0,2471,1,0,2472,T
8-NS,753,0,2474,0,0,2474,T
8-NS,754,0,2446,0,1,2447,T
8-NS,755,1,1,2456,0,2458,G
8-NS,756,2456,0,0,0,2456,A
8-NS,757,2458,0,0,0,2458,A
8-NS,758,0,3,0,2458,2461,C
8-NS,759,2409,1,0,0,2410,A
8-NS,760,2418,1,0,0,2419,A
8-NS,761,2413,1,1,0,2415,A
8-NS,762,0,2419,0,0,2419,T
8-NS,763,2419,0,0,0,2419,A
8-NS,764,2376,0,0,0,2376,A
8-NS,765,1,0,0,2372,2373,C
8-NS,766,2357,0,1,0,2358,A
8-NS,767,0,2329,1,0,2330,T
8-NS,768,0,2291,0,1,2292,T
8-NS,769,0,1,0,2255,2256,C
8-NS,770,2236,0,1,0,2237,A
8-NS,771,0,2232,0,0,2232,T
8-NS,772,1,1,2228,0,2230,G
8-NS,773,0,0,0,2169,2169,C
8-NS,774,2140,0,0,0,2140,A
8-NS,775,2125,1,2,0,2128,A
8-NS,776,1,0,2120,0,2121,G
8-NS,777,1,0,0,2149,2150,C
8-NS,778,2106,0,0,0,2106,A
8-NS,779,0,2099,0,0,2099,T
8-NS,780,0,2095,0,1,2096,T
8-NS,781,2096,0,0,0,2096,A
8-NS,782,0,0,0,2092,2092,C
8-NS,783,2071,1,0,1,2073,A
8-NS,784,2045,0,0,0,2045,A
8-NS,785,0,0,0,2039,2039,C
8-NS,786,1,1694,0,0,1695,T
8-NS,787,0,0,1695,0,1695,G
8-NS,788,0,0,0,1650,1650,C
8-NS,789,1,1599,0,1,1601,T
8-NS,790,0,0,1610,0,1610,G
8-NS,791,1,1569,2,2,1574,T
8-NS,792,0,1576,0,1,1577,T
8-NS,793,0,1575,0,0,1575,T
8-NS,794,0,0,1556,0,1556,G
8-NS,795,1556,1,1,1,1559,A
8-NS,796,1525,0,2,0,1527,A
8-NS,797,0,0,1525,0,1525,G
8-NS,798,0,1513,0,0,1513,T
8-NS,799,0,0,1461,0,1461,G
8-NS,800,0,0,1469,0,1469,G
8-NS,801,1462,0,0,0,1462,A
8-NS,802,1463,0,0,0,1463,A
8-NS,803,1,1,0,1459,1461,C
8-NS,804,1405,0,0,0,1405,A
8-NS,805,0,1,1402,0,1403,G
8-NS,806,0,0,1378,0,1378,G
8-NS,807,1348,0,0,0,1348,A
8-NS,808,0,0,1352,0,1352,G
8-NS,809,1111,1,2,0,1114,A
8-NS,810,0,1115,0,0,1115,T
8-NS,811,1110,0,0,0,1110,A
8-NS,812,1097,0,4,0,1101,A
8-NS,813,0,0,1106,0,1106,G
8-NS,814,973,0,0,0,973,A
8-NS,815,971,0,0,0,971,A
8-NS,816,0,0,0,959,959,C
8-NS,817,0,843,0,0,843,T
8-NS,818,0,834,0,0,834,T
8-NS,819,0,828,0,0,828,T
8-NS,820,0,0,0,829,829,C
8-NS,821,0,821,0,3,824,T
8-NS,822,0,0,0,808,808,C
8-NS,823,770,0,0,0,770,A
8-NS,824,0,766,0,0,766,T
8-NS,825,0,751,0,1,752,T
8-NS,826,0,752,0,0,752,T
8-NS,827,0,0,0,750,750,C
8-NS,828,715,0,0,0,715,A
8-NS,829,1,0,714,0,715,G
8-NS,830,0,0,0,713,713,C
8-NS,831,0,662,0,1,663,T
8-NS,832,0,659,0,1,660,T
8-NS,833,634,0,0,0,634,A
8-NS,834,0,633,0,0,633,T
8-NS,835,0,631,0,1,632,T
8-NS,836,0,629,0,0,629,T
8-NS,837,595,0,2,0,597,A
8-NS,838,587,0,0,0,587,A
8-NS,839,0,574,0,0,574,T
8-NS,840,0,0,561,0,561,G
8-NS,841,541,0,0,0,541,A
8-NS,842,0,481,0,0,481,T
8-NS,843,478,0,0,0,478,A
8-NS,844,478,0,0,0,478,A
8-NS,845,478,0,0,0,478,A
8-NS,846,476,0,0,0,476,A
8-NS,847,470,0,0,0,470,A
8-NS,848,462,0,0,0,462,A
8-NS,849,0,2,0,460,462,C
8-NS,850,412,0,0,0,412,A
8-NS,851,0,0,0,409,409,C
8-NS,852,0,0,0,393,393,C
8-NS,853,0,1,0,373,374,C
8-NS,854,0,345,0,0,345,T
8-NS,855,0,326,0,0,326,T
8-NS,856,0,0,327,0,327,G
8-NS,857,0,302,0,0,302,T
8-NS,858,0,299,0,0,299,T
8-NS,859,0,287,0,0,287,T
8-NS,860,0,0,0,113,113,C
8-NS,861,0,84,0,0,84,T
8-NS,862,68,0,0,0,68,A
8-NS,863,0,0,0,68,68,C
