Gene,Position,A,T,G,C,Coverage,Consensus
1-PB2,1,268,0,0,0,268,A
1-PB2,2,0,271,0,0,271,T
1-PB2,3,0,0,273,0,273,G
1-PB2,4,0,1,273,0,274,G
1-PB2,5,268,0,0,0,268,A
1-PB2,6,270,0,0,0,270,A
1-PB2,7,269,0,0,0,269,A
1-PB2,8,0,0,291,0,291,G
1-PB2,9,287,0,0,0,287,A
1-PB2,10,293,0,0,0,293,A
1-PB2,11,0,299,0,0,299,T
1-PB2,12,299,0,0,0,299,A
1-PB2,13,296,0,0,0,296,A
1-PB2,14,298,0,0,0,298,A
1-PB2,15,299,0,0,0,299,A
1-PB2,16,0,1,309,0,310,G
1-PB2,17,307,0,0,0,307,A
1-PB2,18,311,0,0,0,311,A
1-PB2,19,0,0,0,315,315,C
1-PB2,20,0,315,0,0,315,T
1-PB2,21,320,0,0,0,320,A
1-PB2,22,0,0,0,319,319,C
1-PB2,23,0,0,319,0,319,G
1-PB2,24,0,0,318,0,318,G
1-PB2,25,323,0,0,0,323,A
1-PB2,26,338,2,0,0,340,A
1-PB2,27,0,342,0,0,342,T
1-PB2,28,1,0,0,343,344,C
1-PB2,29,0,347,0,0,347,T
1-PB2,30,0,1,343,0,344,G
1-PB2,31,351,0,0,0,351,A
1-PB2,32,0,354,0,0,354,T
1-PB2,33,0,0,350,0,350,G
1-PB2,34,0,355,0,0,355,T
1-PB2,35,0,0,0,355,355,C
1-PB2,36,0,0,348,0,348,G
1-PB2,37,0,0,0,354,354,C
1-PB2,38,354,0,0,0,354,A
1-PB2,39,0,0,369,0,369,G
1-PB2,40,0,367,0,0,367,T
1-PB2,41,0,0,0,370,370,C
1-PB2,42,0,370,0,0,370,T
1-PB2,43,0,1,0,368,369,C
1-PB2,44,0,0,372,0,372,G
1-PB2,45,0,0,0,373,373,C
1-PB2,46,373,0,0,0,373,A
1-PB2,47,0,0,0,379,379,C
1-PB2,48,0,377,0,0,377,T
1-PB2,49,1,0,0,392,393,C
1-PB2,50,0,0,394,0,394,G
1-PB2,51,0,1,0,395,396,C
1-PB2,52,0,1,393,0,394,G
1-PB2,53,388,0,0,0,388,A
1-PB2,54,0,0,401,0,401,G
1-PB2,55,412,0,0,0,412,A
1-PB2,56,0,412,0,0,412,T
1-PB2,57,415,0,0,0,415,A
1-PB2,58,0,1,0,408,409,C
1-PB2,59,0,412,0,0,412,T
1-PB2,60,0,0,422,0,422,G
1-PB2,61,421,0,0,0,421,A
1-PB2,62,0,0,0,424,424,C
1-PB2,63,425,0,0,0,425,A
1-PB2,64,422,0,1,0,423,A
1-PB2,65,433,0,0,0,433,A
1-PB2,66,435,0,0,0,435,A
1-PB2,67,430,0,0,0,430,A
1-PB2,68,0,0,0,438,438,C
1-PB2,69,0,0,0,436,436,C
1-PB2,70,445,0,0,0,445,A
1-PB2,71,0,1,0,455,456,C
1-PB2,72,455,0,0,0,455,A
1-PB2,73,0,0,461,0,461,G
1-PB2,74,0,461,0,0,461,T
1-PB2,75,0,1,482,0,483,G
1-PB2,76,0,2,480,0,482,G
1-PB2,77,481,0,2,0,483,A
1-PB2,78,0,0,0,522,522,C
1-PB2,79,0,0,0,523,523,C
1-PB2,80,533,0,0,0,533,A
1-PB2,81,0,532,0,0,532,T
1-PB2,82,528,0,1,0,529,A
1-PB2,83,0,530,0,0,530,T
1-PB2,84,0,2,531,0,533,G
1-PB2,85,0,0,539,0,539,G
1-PB2,86,0,0,0,541,541,C
1-PB2,87,1,0,1,536,538,C
1-PB2,88,535,1,0,0,536,A
1-PB2,89,0,579,0,0,579,T
1-PB2,90,574,0,0,0,574,A
1-PB2,91,601,0,0,0,601,A
1-PB2,92,0,604,0,1,605,T
1-PB2,93,0,605,0,0,605,T
1-PB2,94,617,0,0,0,617,A
1-PB2,95,616,0,0,0,616,A
1-PB2,96,1,0,620,0,621,G
1-PB2,97,622,0,0,0,622,A
1-PB2,98,621,0,0,0,621,A
1-PB2,99,0,0,644,0,644,G
1-PB2,100,0,638,0,0,638,T
1-PB2,101,643,0,0,0,643,A
1-PB2,102,0,0,0,646,646,C
1-PB2,103,647,0,2,0,649,A
1-PB2,104,0,0,0,668,668,C
1-PB2,105,663,0,0,0,663,A
1-PB2,106,0,662,0,0,662,T
1-PB2,107,1,0,0,668,669,C
1-PB2,108,0,2,658,0,660,G
1-PB2,109,0,0,664,0,664,G
1-PB2,110,0,1,661,0,662,G
1-PB2,111,0,2,659,0,661,G
1-PB2,112,658,0,0,0,658,A
1-PB2,113,0,1,670,0,671,G
1-PB2,114,662,0,0,0,662,A
1-PB2,115,0,0,0,676,676,C
1-PB2,116,677,0,0,0,677,A
1-PB2,117,0,0,683,0,683,G
1-PB2,118,0,4,695,0,699,G
1-PB2,119,694,0,0,0,694,A
1-PB2,120,702,1,0,0,703,A
1-PB2,121,701,0,0,0,701,A
1-PB2,122,700,0,0,0,700,A
1-PB2,123,0,0,700,0,700,G
1-PB2,124,699,0,0,0,699,A
1-PB2,125,703,0,1,0,704,A
1-PB2,126,0,0,0,705,705,C
1-PB2,127,0,0,0,693,693,C
1-PB2,128,2,0,0,696,698,C
1-PB2,129,0,0,697,0,697,G
1-PB2,130,0,696,0,0,696,T
1-PB2,131,4,1,0,700,705,C
1-PB2,132,716,0,0,0,716,A
1-PB2,133,0,0,0,721,721,C
1-PB2,134,0,719,0,1,720,T
1-PB2,135,0,720,0,0,720,T
1-PB2,136,722,0,0,0,722,A
1-PB2,137,0,1,732,0,733,G
1-PB2,138,0,2,733,0,735,G
1-PB2,139,728,0,0,0,728,A
1-PB2,140,0,732,0,1,733,T
1-PB2,141,0,1,742,0,743,G
1-PB2,142,748,0,0,0,748,A
1-PB2,143,748,0,1,0,749,A
1-PB2,144,752,0,0,0,752,A
1-PB2,145,0,746,0,0,746,T
1-PB2,146,0,1,744,0,745,G
1-PB2,147,0,1,750,0,751,G
1-PB2,148,744,0,3,0,747,A
1-PB2,149,0,753,0,0,753,T
1-PB2,150,0,2,745,0,747,G
1-PB2,151,742,0,0,0,742,A
1-PB2,152,0,742,0,0,742,T
1-PB2,153,0,3,740,0,743,G
1-PB2,154,0,0,743,0,743,G
1-PB2,155,0,0,0,746,746,C
1-PB2,156,747,0,0,0,747,A
1-PB2,157,755,0,0,0,755,A
1-PB2,158,0,755,0,0,755,T
1-PB2,159,0,1,783,0,784,G
1-PB2,160,783,0,0,0,783,A
1-PB2,161,777,0,0,0,777,A
1-PB2,162,786,0,1,0,787,A
1-PB2,163,0,785,0,0,785,T
1-PB2,164,791,0,0,0,791,A
1-PB2,165,0,0,0,807,807,C
1-PB2,166,1,0,0,802,803,C
1-PB2,167,4,0,0,801,805,C
1-PB2,168,804,0,0,0,804,A
1-PB2,169,804,0,0,0,804,A
1-PB2,170,0,804,0,0,804,T
1-PB2,171,4,0,0,804,808,C
1-PB2,172,801,0,0,0,801,A
1-PB2,173,0,0,0,828,828,C
1-PB2,174,0,815,0,0,815,T
1-PB2,175,0,0,819,0,819,G
1-PB2,176,0,1,0,818,819,C
1-PB2,177,0,819,0,1,820,T
1-PB2,178,1,2,818,0,821,G
1-PB2,179,824,0,1,0,825,A
1-PB2,180,0,0,1,828,829,C
1-PB2,181,822,0,0,0,822,A
1-PB2,182,810,0,0,0,810,A
1-PB2,183,808,0,0,0,808,A
1-PB2,184,803,0,1,0,804,A
1-PB2,185,0,4,814,0,818,G
1-PB2,186,0,2,812,0,814,G
1-PB2,187,814,1,0,0,815,A
1-PB2,188,0,810,0,0,810,T
1-PB2,189,812,0,0,0,812,A
1-PB2,190,813,0,2,0,815,A
1-PB2,191,0,0,0,827,827,C
1-PB2,192,825,0,1,0,826,A
1-PB2,193,0,2,826,0,828,G
1-PB2,194,820,0,0,0,820,A
1-PB2,195,820,0,0,0,820,A
1-PB2,196,821,0,1,0,822,A
1-PB2,197,1,824,0,0,825,T
1-PB2,198,0,1,822,0,823,G
1-PB2,199,0,0,836,0,836,G
1-PB2,200,0,826,0,5,831,T
1-PB2,201,0,825,0,0,825,T
1-PB2,202,2,0,0,826,828,C
1-PB2,203,0,0,0,828,828,C
1-PB2,204,0,4,833,0,837,G
1-PB2,205,0,1,829,0,830,G
1-PB2,206,830,0,0,0,830,A
1-PB2,207,0,1,834,0,835,G
1-PB2,208,813,0,0,0,813,A
1-PB2,209,0,1,824,0,825,G
1-PB2,210,823,0,0,0,823,A
1-PB2,211,825,0,2,0,827,A
1-PB2,212,825,0,0,0,825,A
1-PB2,213,0,826,0,0,826,T
1-PB2,214,0,4,833,0,837,G
1-PB2,215,836,0,0,0,836,A
1-PB2,216,835,0,0,0,835,A
1-PB2,217,0,0,0,839,839,C
1-PB2,218,829,0,0,0,829,A
1-PB2,219,824,0,1,0,825,A
1-PB2,220,0,1,843,0,844,G
1-PB2,221,0,0,852,1,853,G
1-PB2,222,855,0,0,0,855,A
1-PB2,223,1,0,0,854,855,C
1-PB2,224,854,0,0,0,854,A
1-PB2,225,851,0,0,0,851,A
1-PB2,226,845,0,0,0,845,A
1-PB2,227,0,0,0,848,848,C
1-PB2,228,3,0,0,828,831,C
1-PB2,229,2,0,0,885,887,C
1-PB2,230,0,893,0,0,893,T
1-PB2,231,896,0,0,0,896,A
1-PB2,232,0,897,0,0,897,T
1-PB2,233,0,1,900,0,901,G
1-PB2,234,0,1,922,0,923,G
1-PB2,235,889,0,1,0,890,A
1-PB2,236,0,0,903,0,903,G
1-PB2,237,0,894,0,0,894,T
1-PB2,238,892,0,0,0,892,A
1-PB2,239,895,0,0,0,895,A
1-PB2,240,897,0,0,0,897,A
1-PB2,241,898,0,0,0,898,A
1-PB2,242,0,890,0,0,890,T
1-PB2,243,0,1,886,0,887,G
1-PB2,244,874,1,0,0,875,A
1-PB2,245,0,0,877,0,877,G
1-PB2,246,0,871,0,0,871,T
1-PB2,247,0,1,872,0,873,G
1-PB2,248,892,0,0,0,892,A
1-PB2,249,0,901,0,0,901,T
1-PB2,250,0,0,900,0,900,G
1-PB2,251,0,0,0,898,898,C
1-PB2,252,0,902,0,1,903,T
1-PB2,253,0,2,929,0,931,G
1-PB2,254,0,0,930,0,930,G
1-PB2,255,934,0,0,0,934,A
1-PB2,256,0,933,1,0,934,T
1-PB2,257,3,0,0,926,929,C
1-PB2,258,938,0,0,0,938,A
1-PB2,259,0,3,955,0,958,G
1-PB2,260,954,1,0,0,955,A
1-PB2,261,0,958,0,0,958,T
1-PB2,262,937,0,0,0,937,A
1-PB2,263,0,2,950,0,952,G
1-PB2,264,947,0,0,0,947,A
1-PB2,265,0,0,951,0,951,G
1-PB2,266,0,936,0,0,936,T
1-PB2,267,0,0,935,0,935,G
1-PB2,268,920,0,1,0,921,A
1-PB2,269,0,922,0,0,922,T
1-PB2,270,0,3,930,0,933,G
1-PB2,271,0,0,952,0,952,G
1-PB2,272,0,939,0,1,940,T
1-PB2,273,944,0,0,0,944,A
1-PB2,274,0,924,0,1,925,T
1-PB2,275,1,0,0,925,926,C
1-PB2,276,942,0,0,0,942,A
1-PB2,277,0,0,0,968,968,C
1-PB2,278,0,0,0,963,963,C
1-PB2,279,0,935,0,0,935,T
1-PB2,280,0,938,0,0,938,T
1-PB2,281,0,937,0,0,937,T
1-PB2,282,0,1,955,0,956,G
1-PB2,283,0,0,957,0,957,G
1-PB2,284,0,1,0,967,968,C
1-PB2,285,0,953,0,1,954,T
1-PB2,286,0,0,953,0,953,G
1-PB2,287,0,957,1,0,958,T
1-PB2,288,956,0,1,0,957,A
1-PB2,289,956,0,0,0,956,A
1-PB2,290,0,0,0,957,957,C
1-PB2,291,942,0,1,0,943,A
1-PB2,292,0,933,0,0,933,T
1-PB2,293,0,2,927,0,929,G
1-PB2,294,0,0,934,0,934,G
1-PB2,295,0,925,0,0,925,T
1-PB2,296,0,3,927,0,930,G
1-PB2,297,0,0,939,0,939,G
1-PB2,298,938,0,0,0,938,A
1-PB2,299,943,0,0,0,943,A
1-PB2,300,0,943,0,0,943,T
1-PB2,301,942,0,0,0,942,A
1-PB2,302,0,2,967,0,969,G
1-PB2,303,962,0,0,0,962,A
1-PB2,304,960,0,0,0,960,A
1-PB2,305,961,0,0,0,961,A
1-PB2,306,0,934,0,0,934,T
1-PB2,307,0,0,936,0,936,G
1-PB2,308,0,3,928,0,931,G
1-PB2,309,931,0,3,0,934,A
1-PB2,310,0,0,0,937,937,C
1-PB2,311,1,0,0,937,938,C
1-PB2,312,0,1,0,935,936,C
1-PB2,313,0,0,942,0,942,G
1-PB2,314,0,951,0,1,952,T
1-PB2,315,0,1,968,0,969,G
1-PB2,316,969,0,1,0,970,A
1-PB2,317,0,0,0,972,972,C
1-PB2,318,979,0,0,0,979,A
1-PB2,319,970,0,1,0,971,A
1-PB2,320,0,0,994,0,994,G
1-PB2,321,0,989,0,0,989,T
1-PB2,322,986,0,0,0,986,A
1-PB2,323,0,1,0,980,981,C
1-PB2,324,1,2,960,0,963,G
1-PB2,325,0,0,993,0,993,G
1-PB2,326,0,984,0,2,986,T
1-PB2,327,2,0,0,1001,1003,C
1-PB2,328,1,0,0,998,999,C
1-PB2,329,994,0,0,0,994,A
1-PB2,330,0,990,0,1,991,T
1-PB2,331,0,996,0,0,996,T
1-PB2,332,1024,0,1,0,1025,A
1-PB2,333,1,0,0,1021,1022,C
1-PB2,334,0,0,0,1001,1001,C
1-PB2,335,3,0,0,1000,1003,C
1-PB2,336,1002,0,0,0,1002,A
1-PB2,337,1006,1,1,0,1008,A
1-PB2,338,1003,0,0,0,1003,A
1-PB2,339,998,0,0,0,998,A
1-PB2,340,0,0,1019,0,1019,G
1-PB2,341,0,977,0,0,977,T
1-PB2,342,2,0,1006,0,1008,G
1-PB2,343,0,1001,0,1,1002,T
1-PB2,344,1003,0,0,0,1003,A
1-PB2,345,0,5,0,999,1004,C
1-PB2,346,995,0,0,0,995,A
1-PB2,347,992,0,0,0,992,A
1-PB2,348,0,2,996,0,998,G
1-PB2,349,973,0,0,0,973,A
1-PB2,350,0,0,0,988,988,C
1-PB2,351,0,979,0,1,980,T
1-PB2,352,0,992,0,0,992,T
1-PB2,353,987,0,0,0,987,A
1-PB2,354,0,990,0,0,990,T
1-PB2,355,0,986,0,0,986,T
1-PB2,356,0,984,0,0,984,T
1-PB2,357,2,0,0,972,974,C
1-PB2,358,0,2,971,0,973,G
1-PB2,359,971,0,1,0,972,A
1-PB2,360,0,0,0,974,974,C
1-PB2,361,961,0,0,0,961,A
1-PB2,362,959,0,0,0,959,A
1-PB2,363,956,0,0,0,956,A
1-PB2,364,0,0,977,0,977,G
1-PB2,365,0,964,0,0,964,T
1-PB2,366,5,1,0,969,975,C
1-PB2,367,0,2,972,0,974,G
1-PB2,368,963,0,1,1,965,A
1-PB2,369,971,0,1,0,972,A
1-PB2,370,972,0,0,0,972,A
1-PB2,371,0,2,997,0,999,G
1-PB2,372,0,0,1000,0,1000,G
1-PB2,373,0,984,0,1,985,T
1-PB2,374,0,997,0,0,997,T
1-PB2,375,995,0,0,0,995,A
1-PB2,376,988,0,0,0,988,A
1-PB2,377,994,0,0,0,994,A
1-PB2,378,1002,0,0,0,1002,A
1-PB2,379,0,0,0,1018,1018,C
1-PB2,380,995,0,1,0,996,A
1-PB2,381,0,994,0,0,994,T
1-PB2,382,0,1,993,0,994,G
1-PB2,383,0,2,991,0,993,G
1-PB2,384,985,1,0,0,986,A
1-PB2,385,997,0,0,0,997,A
1-PB2,386,0,0,0,1016,1016,C
1-PB2,387,1,0,0,1031,1032,C
1-PB2,388,0,1026,0,0,1026,T
1-PB2,389,0,1026,0,0,1026,T
1-PB2,390,0,1029,0,0,1029,T
1-PB2,391,0,2,1020,0,1022,G
1-PB2,392,0,1,1026,0,1027,G
1-PB2,393,0,0,0,1016,1016,C
1-PB2,394,2,0,0,1011,1013,C
1-PB2,395,2,1,0,1004,1007,C
1-PB2,396,0,980,0,0,980,T
1-PB2,397,0,0,995,0,995,G
1-PB2,398,0,990,0,0,990,T
1-PB2,399,1,994,0,2,997,T
1-PB2,400,4,0,0,987,991,C
1-PB2,401,985,0,0,0,985,A
1-PB2,402,0,984,0,0,984,T
1-PB2,403,0,984,0,0,984,T
1-PB2,404,0,985,0,0,985,T
1-PB2,405,0,990,0,0,990,T
1-PB2,406,974,0,0,0,974,A
1-PB2,407,0,1,969,0,970,G
1-PB2,408,973,0,0,0,973,A
1-PB2,409,972,0,0,0,972,A
1-PB2,410,974,0,0,0,974,A
1-PB2,411,0,965,0,0,965,T
1-PB2,412,2,0,0,968,970,C
1-PB2,413,968,0,0,0,968,A
1-PB2,414,969,0,1,0,970,A
1-PB2,415,0,1,968,0,969,G
1-PB2,416,0,971,0,0,971,T
1-PB2,417,5,1,0,968,974,C
1-PB2,418,984,0,0,0,984,A
1-PB2,419,981,0,1,0,982,A
1-PB2,420,1,0,986,0,987,G
1-PB2,421,983,0,8,0,991,A
1-PB2,422,0,988,0,0,988,T
1-PB2,423,994,1,5,0,1000,A
1-PB2,424,0,0,0,999,999,C
1-PB2,425,1,1,999,0,1001,G
1-PB2,426,0,0,0,1022,1022,C
1-PB2,427,1013,0,0,0,1013,A
1-PB2,428,0,0,1019,0,1019,G
1-PB2,429,1013,0,0,0,1013,A
1-PB2,430,1022,0,1,0,1023,A
1-PB2,431,5,4,1028,0,1037,G
1-PB2,432,1025,0,0,0,1025,A
1-PB2,433,0,0,1029,0,1029,G
1-PB2,434,0,1016,0,0,1016,T
1-PB2,435,1017,0,0,0,1017,A
1-PB2,436,7,1,1022,0,1030,G
1-PB2,437,1029,0,0,0,1029,A
1-PB2,438,2,0,0,1050,1052,C
1-PB2,439,1033,0,0,0,1033,A
1-PB2,440,0,1022,0,0,1022,T
1-PB2,441,1020,0,0,1,1021,A
1-PB2,442,1018,0,0,0,1018,A
1-PB2,443,1024,0,0,0,1024,A
1-PB2,444,0,0,0,1031,1031,C
1-PB2,445,1,0,0,994,995,C
1-PB2,446,1,0,0,992,993,C
1-PB2,447,0,949,0,0,949,T
1-PB2,448,0,0,955,0,955,G
1-PB2,449,4,0,967,0,971,G
1-PB2,450,0,972,0,0,972,T
1-PB2,451,4,0,0,963,967,C
1-PB2,452,969,0,1,0,970,A
1-PB2,453,0,965,0,0,965,T
1-PB2,454,0,0,971,0,971,G
1-PB2,455,0,0,0,968,968,C
1-PB2,456,964,0,0,0,964,A
1-PB2,457,0,1,972,0,973,G
1-PB2,458,944,0,2,0,946,A
1-PB2,459,0,0,0,958,958,C
1-PB2,460,1,0,0,961,962,C
1-PB2,461,1,941,0,1,943,T
1-PB2,462,1,0,0,934,935,C
1-PB2,463,922,0,1,0,923,A
1-PB2,464,0,0,934,0,934,G
1-PB2,465,0,937,0,0,937,T
1-PB2,466,0,0,930,0,930,G
1-PB2,467,0,0,0,928,928,C
1-PB2,468,3,1,0,907,911,C
1-PB2,469,916,0,0,0,916,A
1-PB2,470,908,0,0,0,908,A
1-PB2,471,903,0,0,0,903,A
1-PB2,472,0,2,906,0,908,G
1-PB2,473,885,0,0,0,885,A
1-PB2,474,0,0,892,0,892,G
1-PB2,475,0,0,879,0,879,G
1-PB2,476,0,1,0,877,878,C
1-PB2,477,879,0,3,0,882,A
1-PB2,478,0,0,0,886,886,C
1-PB2,479,883,0,0,0,883,A
1-PB2,480,910,0,0,0,910,A
1-PB2,481,0,0,928,0,928,G
1-PB2,482,933,0,1,0,934,A
1-PB2,483,0,924,0,1,925,T
1-PB2,484,0,0,926,0,926,G
1-PB2,485,0,923,0,0,923,T
1-PB2,486,930,0,0,0,930,A
1-PB2,487,925,0,0,0,925,A
1-PB2,488,0,936,0,0,936,T
1-PB2,489,0,913,0,0,913,T
1-PB2,490,907,0,1,0,908,A
1-PB2,491,0,892,0,0,892,T
1-PB2,492,2,0,887,1,890,G
1-PB2,493,0,0,888,0,888,G
1-PB2,494,879,0,0,0,879,A
1-PB2,495,880,0,0,0,880,A
1-PB2,496,0,0,881,0,881,G
1-PB2,497,0,876,0,0,876,T
1-PB2,498,0,876,0,0,876,T
1-PB2,499,0,1,880,0,881,G
1-PB2,500,0,876,0,1,877,T
1-PB2,501,0,875,0,0,875,T
1-PB2,502,0,877,0,1,878,T
1-PB2,503,0,877,0,1,878,T
1-PB2,504,0,882,0,0,882,T
1-PB2,505,1,0,0,883,884,C
1-PB2,506,2,0,0,880,882,C
1-PB2,507,2,0,0,887,889,C
1-PB2,508,889,0,0,0,889,A
1-PB2,509,889,0,0,0,889,A
1-PB2,510,0,891,1,0,892,T
1-PB2,511,0,2,891,0,893,G
1-PB2,512,894,0,1,0,895,A
1-PB2,513,892,0,0,0,892,A
1-PB2,514,0,0,900,0,900,G
1-PB2,515,0,885,0,0,885,T
1-PB2,516,0,2,877,0,879,G
1-PB2,517,0,0,888,0,888,G
1-PB2,518,0,2,883,0,885,G
1-PB2,519,892,0,1,0,893,A
1-PB2,520,0,1,883,0,884,G
1-PB2,521,1,2,0,874,877,C
1-PB2,522,2,0,0,881,883,C
1-PB2,523,889,0,1,0,890,A
1-PB2,524,0,1,905,0,906,G
1-PB2,525,0,0,904,0,904,G
1-PB2,526,914,0,1,0,915,A
1-PB2,527,0,904,0,0,904,T
1-PB2,528,916,0,0,0,916,A
1-PB2,529,0,0,0,911,911,C
1-PB2,530,0,914,0,0,914,T
1-PB2,531,913,0,0,0,913,A
1-PB2,532,907,0,0,0,907,A
1-PB2,533,1,0,1,902,904,C
1-PB2,534,880,0,0,0,880,A
1-PB2,535,0,879,0,0,879,T
1-PB2,536,1,0,0,883,884,C
1-PB2,537,878,0,0,0,878,A
1-PB2,538,0,4,886,0,890,G
1-PB2,539,875,0,8,0,883,A
1-PB2,540,887,0,0,0,887,A
1-PB2,541,0,879,0,0,879,T
1-PB2,542,3,0,0,869,872,C
1-PB2,543,868,0,0,0,868,A
1-PB2,544,0,0,0,884,884,C
1-PB2,545,885,0,0,0,885,A
1-PB2,546,890,0,0,0,890,A
1-PB2,547,0,874,0,0,874,T
1-PB2,548,0,875,0,0,875,T
1-PB2,549,884,0,0,0,884,A
1-PB2,550,883,0,0,0,883,A
1-PB2,551,0,0,0,892,892,C
1-PB2,552,878,0,0,0,878,A
1-PB2,553,870,0,0,0,870,A
1-PB2,554,1,882,0,0,883,T
1-PB2,555,884,0,0,0,884,A
1-PB2,556,886,0,0,0,886,A
1-PB2,557,0,0,0,890,890,C
1-PB2,558,0,883,0,0,883,T
1-PB2,559,880,0,0,0,880,A
1-PB2,560,874,0,0,0,874,A
1-PB2,561,878,0,0,0,878,A
1-PB2,562,0,2,881,0,883,G
1-PB2,563,865,0,0,0,865,A
1-PB2,564,0,1,867,0,868,G
1-PB2,565,864,0,0,0,864,A
1-PB2,566,870,0,0,0,870,A
1-PB2,567,870,0,0,0,870,A
1-PB2,568,863,0,0,0,863,A
1-PB2,569,867,0,0,0,867,A
1-PB2,570,864,0,0,0,864,A
1-PB2,571,0,1,873,0,874,G
1-PB2,572,867,0,0,0,867,A
1-PB2,573,867,0,0,0,867,A
1-PB2,574,0,2,868,0,870,G
1-PB2,575,863,0,0,0,863,A
1-PB2,576,870,0,0,0,870,A
1-PB2,577,0,0,0,876,876,C
1-PB2,578,0,848,0,0,848,T
1-PB2,579,1,0,0,864,865,C
1-PB2,580,0,0,0,869,869,C
1-PB2,581,0,3,867,0,870,G
1-PB2,582,869,0,0,0,869,A
1-PB2,583,0,0,867,0,867,G
1-PB2,584,862,0,0,0,862,A
1-PB2,585,0,863,0,0,863,T
1-PB2,586,0,846,0,3,849,T
1-PB2,587,0,0,849,0,849,G
1-PB2,588,0,0,0,849,849,C
1-PB2,589,855,0,0,0,855,A
1-PB2,590,853,0,0,0,853,A
1-PB2,591,853,0,0,0,853,A
1-PB2,592,851,0,0,0,851,A
1-PB2,593,0,848,0,0,848,T
1-PB2,594,0,849,0,0,849,T
1-PB2,595,0,847,0,0,847,T
1-PB2,596,2,0,0,844,846,C
1-PB2,597,0,841,0,2,843,T
1-PB2,598,1,0,0,1025,1026,C
1-PB2,599,1,0,0,1038,1039,C
1-PB2,600,3,0,0,1297,1300,C
1-PB2,601,0,1308,0,0,1308,T
1-PB2,602,0,1366,0,0,1366,T
1-PB2,603,0,3,1379,0,1382,G
1-PB2,604,1379,0,2,0,1381,A
1-PB2,605,0,1465,0,1,1466,T
1-PB2,606,0,7,1520,0,1527,G
1-PB2,607,0,0,1931,0,1931,G
1-PB2,608,0,1993,0,0,1993,T
1-PB2,609,0,2028,0,0,2028,T
1-PB2,610,0,0,2329,0,2329,G
1-PB2,611,2,0,1,2365,2368,C
1-PB2,612,2458,0,0,0,2458,A
1-PB2,613,0,2468,0,2,2470,T
1-PB2,614,2511,1,0,10,2522,A
1-PB2,615,0,1,0,2690,2691,C
1-PB2,616,3209,0,0,7,3216,A
1-PB2,617,0,3352,0,0,3352,T
1-PB2,618,1,1,3591,0,3593,G
1-PB2,619,0,3582,0,3,3585,T
1-PB2,620,0,3583,0,0,3583,T
1-PB2,621,3594,0,0,0,3594,A
1-PB2,622,0,10,3589,0,3599,G
1-PB2,623,3666,0,2,0,3668,A
1-PB2,624,0,9,3715,1,3725,G
1-PB2,625,3662,0,1,0,3663,A
1-PB2,626,0,7,3683,0,3690,G
1-PB2,627,3649,0,3,0,3652,A
1-PB2,628,2,10,3694,0,3706,G
1-PB2,629,3715,0,3,0,3718,A
1-PB2,630,3729,0,0,0,3729,A
1-PB2,631,1,0,0,3774,3775,C
1-PB2,632,0,3768,0,0,3768,T
1-PB2,633,1,3771,0,0,3772,T
1-PB2,634,0,1,3771,0,3772,G
1-PB2,635,0,3775,0,2,3777,T
1-PB2,636,3790,0,4,0,3794,A
1-PB2,637,0,0,0,3779,3779,C
1-PB2,638,1,8,3766,0,3775,G
1-PB2,639,3782,0,1,0,3783,A
1-PB2,640,3782,0,0,0,3782,A
1-PB2,641,3835,0,1,0,3836,A
1-PB2,642,3851,0,1,0,3852,A
1-PB2,643,3844,1,2,1,3848,A
1-PB2,644,0,0,0,3879,3879,C
1-PB2,645,3874,0,3,0,3877,A
1-PB2,646,3876,0,5,0,3881,A
1-PB2,647,0,12,3894,0,3906,G
1-PB2,648,3910,1,1,1,3913,A
1-PB2,649,0,3914,1,0,3915,T
1-PB2,650,0,3909,0,0,3909,T
1-PB2,651,1,3944,0,1,3946,T
1-PB2,652,4,0,0,3967,3971,C
1-PB2,653,4,3971,0,2,3977,T
1-PB2,654,9,0,0,3998,4007,C
1-PB2,655,1,0,0,3988,3989,C
1-PB2,656,4,0,0,4014,4018,C
1-PB2,657,4019,0,0,0,4019,A
1-PB2,658,0,1,4084,0,4085,G
1-PB2,659,0,4090,0,0,4090,T
1-PB2,660,0,4095,0,3,4098,T
1-PB2,661,1,1,4091,0,4093,G
1-PB2,662,1,4,0,4084,4089,C
1-PB2,663,0,4085,0,1,4086,T
1-PB2,664,2,3,4108,0,4113,G
1-PB2,665,0,0,4092,0,4092,G
1-PB2,666,1,2,0,4101,4104,C
1-PB2,667,2,4,4131,0,4137,G
1-PB2,668,8,14,4183,0,4205,G
1-PB2,669,4224,0,2,0,4226,A
1-PB2,670,4222,0,1,0,4223,A
1-PB2,671,2,1,0,4233,4236,C
1-PB2,672,4280,0,0,0,4280,A
1-PB2,673,4280,0,2,0,4282,A
1-PB2,674,2,1,4474,0,4477,G
1-PB2,675,1,2,0,4600,4603,C
1-PB2,676,4656,0,0,0,4656,A
1-PB2,677,0,0,5910,0,5910,G
1-PB2,678,0,5892,0,1,5893,T
1-PB2,679,5966,0,2,0,5968,A
1-PB2,680,0,5964,1,2,5967,T
1-PB2,681,6003,0,4,0,6007,A
1-PB2,682,0,6014,0,0,6014,T
1-PB2,683,5971,1,3,0,5975,A
1-PB2,684,2,3,0,6055,6060,C
1-PB2,685,5932,0,3,0,5935,A
1-PB2,686,0,5780,0,1,5781,T
1-PB2,687,0,5674,0,2,5676,T
1-PB2,688,2,11,5679,0,5692,G
1-PB2,689,5660,0,2,2,5664,A
1-PB2,690,5677,0,1,1,5679,A
1-PB2,691,1,0,5753,0,5754,G
1-PB2,692,0,5729,0,2,5731,T
1-PB2,693,0,5736,0,0,5736,T
1-PB2,694,0,5748,0,1,5749,T
1-PB2,695,0,5754,0,0,5754,T
1-PB2,696,5806,1,5,0,5812,A
1-PB2,697,0,0,0,5870,5870,C
1-PB2,698,5863,0,1,0,5864,A
1-PB2,699,0,5873,0,1,5874,T
1-PB2,700,0,5847,0,1,5848,T
1-PB2,701,0,5845,0,0,5845,T
1-PB2,702,0,20,5868,0,5888,G
1-PB2,703,5930,1,5,0,5936,A
1-PB2,704,0,1,0,5995,5996,C
1-PB2,705,0,5950,1,4,5955,T
1-PB2,706,11,0,0,5950,5961,C
1-PB2,707,5948,0,4,1,5953,A
1-PB2,708,2,7,5924,0,5933,G
1-PB2,709,1,7,6060,0,6068,G
1-PB2,710,3,18,6062,0,6083,G
1-PB2,711,6076,0,3,0,6079,A
1-PB2,712,6103,0,3,0,6106,A
1-PB2,713,1,2,0,6124,6127,C
1-PB2,714,1,1,6178,0,6180,G
1-PB2,715,0,6143,0,0,6143,T
1-PB2,716,0,0,6230,0,6230,G
1-PB2,717,0,6176,0,2,6178,T
1-PB2,718,1,6185,1,0,6187,T
1-PB2,719,2,9,6195,1,6207,G
1-PB2,720,1,10,6181,0,6192,G
1-PB2,721,0,16,6258,0,6274,G
1-PB2,722,6217,0,4,0,6221,A
1-PB2,723,6239,2,3,0,6244,A
1-PB2,724,1,0,0,6406,6407,C
1-PB2,725,6405,0,2,0,6407,A
1-PB2,726,6609,0,2,0,6611,A
1-PB2,727,6635,0,0,0,6635,A
1-PB2,728,0,6701,0,1,6702,T
1-PB2,729,3,4,6794,0,6801,G
1-PB2,730,0,6749,0,1,6750,T
1-PB2,731,6773,0,3,0,6776,A
1-PB2,732,1,2,0,6806,6809,C
1-PB2,733,6710,1,5,1,6717,A
1-PB2,734,2,0,0,6728,6730,C
1-PB2,735,0,6598,0,2,6600,T
1-PB2,736,8,1,0,7183,7192,C
1-PB2,737,6,1,0,7197,7204,C
1-PB2,738,7320,1,6,0,7327,A
1-PB2,739,2,6,7439,0,7447,G
1-PB2,740,2,2,7578,0,7582,G
1-PB2,741,1,7496,0,4,7501,T
1-PB2,742,1,15,7570,0,7586,G
1-PB2,743,1,8,7392,0,7401,G
1-PB2,744,7269,2,4,0,7275,A
1-PB2,745,0,10,7417,0,7427,G
1-PB2,746,0,16,7443,0,7459,G
1-PB2,747,7332,0,11,0,7343,A
1-PB2,748,0,1,7488,0,7489,G
1-PB2,749,0,7345,0,2,7347,T
1-PB2,750,4,8,7448,1,7461,G
1-PB2,751,7450,1,9,0,7460,A
1-PB2,752,1,9,7503,0,7513,G
1-PB2,753,0,21,7546,0,7567,G
1-PB2,754,7523,2,1,0,7526,A
1-PB2,755,7540,0,2,0,7542,A
1-PB2,756,0,7573,0,1,7574,T
1-PB2,757,1,23,7540,0,7564,G
1-PB2,758,7555,0,5,0,7560,A
1-PB2,759,1,3,1,7554,7559,C
1-PB2,760,8,17,7548,0,7573,G
1-PB2,761,7623,0,1,1,7625,A
1-PB2,762,0,7615,0,0,7615,T
1-PB2,763,2,4,7685,0,7691,G
1-PB2,764,0,7664,0,1,7665,T
1-PB2,765,2,7652,0,5,7659,T
1-PB2,766,1,34,7678,0,7713,G
1-PB2,767,7697,1,10,2,7710,A
1-PB2,768,2,29,1,7673,7705,C
1-PB2,769,17,2,1,7679,7699,C
1-PB2,770,7672,1,0,1,7674,A
1-PB2,771,7664,1,6,2,7673,A
1-PB2,772,7662,0,2,2,7666,A
1-PB2,773,1,1,7792,0,7794,G
1-PB2,774,0,1,0,7832,7833,C
1-PB2,775,12,0,0,7809,7821,C
1-PB2,776,0,7835,0,35,7870,T
1-PB2,777,7884,0,1,0,7885,A
1-PB2,778,7878,1,2,0,7881,A
1-PB2,779,0,7914,0,0,7914,T
1-PB2,780,1,7910,0,1,7912,T
1-PB2,781,7845,0,0,0,7845,A
1-PB2,782,0,7750,0,1,7751,T
1-PB2,783,0,7728,0,0,7728,T
1-PB2,784,2,1,7706,0,7709,G
1-PB2,785,1,5,0,7679,7685,C
1-PB2,786,8,7,7686,0,7701,G
1-PB2,787,2,2,7801,0,7805,G
1-PB2,788,0,2,0,7803,7805,C
1-PB2,789,3,0,0,7862,7865,C
1-PB2,790,7819,1,5,37,7862,A
1-PB2,791,1,8,7958,0,7967,G
1-PB2,792,0,30,7992,0,8022,G
1-PB2,793,8009,0,1,0,8010,A
1-PB2,794,8058,0,4,1,8063,A
1-PB2,795,0,3,0,8121,8124,C
1-PB2,796,8059,1,5,1,8066,A
1-PB2,797,0,8213,0,5,8218,T
1-PB2,798,8331,0,7,0,8338,A
1-PB2,799,2,1,8429,0,8432,G
1-PB2,800,1,8337,0,2,8340,T
1-PB2,801,8330,0,2,1,8333,A
1-PB2,802,8308,2,2,0,8312,A
1-PB2,803,0,15,8308,0,8323,G
1-PB2,804,8264,1,6,0,8271,A
1-PB2,805,8175,0,3,0,8178,A
1-PB2,806,0,11,8140,0,8151,G
1-PB2,807,7975,0,6,0,7981,A
1-PB2,808,0,0,8005,0,8005,G
1-PB2,809,3,2,0,8000,8005,C
1-PB2,810,7,1,0,8010,8018,C
1-PB2,811,7,2,8010,0,8019,G
1-PB2,812,5,2,0,8063,8070,C
1-PB2,813,8113,0,2,0,8115,A
1-PB2,814,2,1,8611,0,8614,G
1-PB2,815,0,8561,0,0,8561,T
1-PB2,816,8624,1,0,0,8625,A
1-PB2,817,1,8602,0,5,8608,T
1-PB2,818,13,0,1,8687,8701,C
1-PB2,819,8692,0,4,1,8697,A
1-PB2,820,1,3,8690,1,8695,G
1-PB2,821,1,1,0,8689,8691,C
1-PB2,822,8433,0,1,1,8435,A
1-PB2,823,0,8,8328,0,8336,G
1-PB2,824,8388,1,5,0,8394,A
1-PB2,825,0,8379,0,0,8379,T
1-PB2,826,11,0,1,8393,8405,C
1-PB2,827,17,3,0,8406,8426,C
1-PB2,828,8425,1,3,0,8429,A
1-PB2,829,0,0,0,8474,8474,C
1-PB2,830,0,8453,0,3,8456,T
1-PB2,831,8482,1,5,0,8488,A
1-PB2,832,0,1,8432,0,8433,G
1-PB2,833,2,2,0,8388,8392,C
1-PB2,834,8384,0,2,0,8386,A
1-PB2,835,0,8411,0,0,8411,T
1-PB2,836,4,0,0,8517,8521,C
1-PB2,837,0,8504,0,1,8505,T
1-PB2,838,1,8723,0,0,8724,T
1-PB2,839,1,8770,1,2,8774,T
1-PB2,840,8759,0,1,0,8760,A
1-PB2,841,0,8747,0,1,8748,T
1-PB2,842,0,8744,0,0,8744,T
1-PB2,843,4,14,8710,0,8728,G
1-PB2,844,0,16,8705,0,8721,G
1-PB2,845,8629,1,5,0,8635,A
1-PB2,846,0,13,8624,0,8637,G
1-PB2,847,8580,1,0,0,8581,A
1-PB2,848,1,8548,0,2,8551,T
1-PB2,849,2,3,8738,0,8743,G
1-PB2,850,2,8712,2,4,8720,T
1-PB2,851,4,3,8735,1,8743,G
1-PB2,852,1,2,0,8745,8748,C
1-PB2,853,22,3,0,8723,8748,C
1-PB2,854,8723,0,5,3,8731,A
1-PB2,855,1,0,0,8758,8759,C
1-PB2,856,8639,0,7,0,8646,A
1-PB2,857,3,0,8745,0,8748,G
1-PB2,858,2,3,0,8538,8543,C
1-PB2,859,8527,0,4,1,8532,A
1-PB2,860,3,6,0,8523,8532,C
1-PB2,861,8528,1,8,1,8538,A
1-PB2,862,3,2,0,8578,8583,C
1-PB2,863,8559,0,1,0,8560,A
1-PB2,864,8563,0,2,1,8566,A
1-PB2,865,8548,0,2,0,8550,A
1-PB2,866,0,8359,0,1,8360,T
1-PB2,867,0,8378,1,1,8380,T
1-PB2,868,5,9,8336,0,8350,G
1-PB2,869,0,6,8277,0,8283,G
1-PB2,870,1,8,0,8306,8315,C
1-PB2,871,2,8,8295,0,8305,G
1-PB2,872,0,18,8276,2,8296,G
1-PB2,873,8279,0,4,0,8283,A
1-PB2,874,8493,1,2,0,8496,A
1-PB2,875,3,3,0,8517,8523,C
1-PB2,876,8531,0,4,0,8535,A
1-PB2,877,8518,0,12,0,8530,A
1-PB2,878,1,9,8580,1,8591,G
1-PB2,879,3,11,8589,0,8603,G
1-PB2,880,8579,1,1,1,8582,A
1-PB2,881,0,8332,1,0,8333,T
1-PB2,882,2,16,8311,2,8331,G
1-PB2,883,0,0,8358,0,8358,G
1-PB2,884,0,8245,1,1,8247,T
1-PB2,885,2,17,8282,0,8301,G
1-PB2,886,0,16,8263,2,8281,G
1-PB2,887,8224,1,10,0,8235,A
1-PB2,888,0,3,0,8236,8239,C
1-PB2,889,8159,0,0,0,8159,A
1-PB2,890,0,9133,0,1,9134,T
1-PB2,891,0,9108,0,3,9111,T
1-PB2,892,22,2,0,9120,9144,C
1-PB2,893,0,9085,0,3,9088,T
1-PB2,894,1,9062,0,3,9066,T
1-PB2,895,9092,0,2,0,9094,A
1-PB2,896,1,17,9109,0,9127,G
1-PB2,897,9094,0,6,0,9100,A
1-PB2,898,0,3,0,9111,9114,C
1-PB2,899,8108,0,1,0,8109,A
1-PB2,900,2,23,8176,0,8201,G
1-PB2,901,8145,0,0,0,8145,A
1-PB2,902,8113,0,1,0,8114,A
1-PB2,903,0,2,0,8152,8154,C
1-PB2,904,10,0,1,8128,8139,C
1-PB2,905,8,4,0,8120,8132,C
1-PB2,906,48,17,8058,0,8123,G
1-PB2,907,8091,0,2,0,8093,A
1-PB2,908,0,1,0,8133,8134,C
1-PB2,909,1,8076,1,0,8078,T
1-PB2,910,1,11,8132,0,8144,G
1-PB2,911,8056,0,12,1,8069,A
1-PB2,912,8099,0,32,0,8131,A
1-PB2,913,1,29,8146,0,8176,G
1-PB2,914,8152,0,4,0,8156,A
1-PB2,915,8153,0,5,0,8158,A
1-PB2,916,4,2,0,8125,8131,C
1-PB2,917,8103,2,6,1,8112,A
1-PB2,918,8150,0,2,0,8152,A
1-PB2,919,0,2,8178,0,8180,G
1-PB2,920,1,0,0,8247,8248,C
1-PB2,921,0,8198,0,1,8199,T
1-PB2,922,2,1,8350,0,8353,G
1-PB2,923,0,8298,0,1,8299,T
1-PB2,924,1,16,8428,0,8445,G
1-PB2,925,0,8,8717,0,8725,G
1-PB2,926,8691,0,4,0,8695,A
1-PB2,927,0,8682,0,0,8682,T
1-PB2,928,8649,0,0,0,8649,A
1-PB2,929,0,8542,1,3,8546,T
1-PB2,930,8787,1,2,0,8790,A
1-PB2,931,0,8624,0,1,8625,T
1-PB2,932,4,3,8617,0,8624,G
1-PB2,933,1,1,0,8546,8548,C
1-PB2,934,8260,0,2,1,8263,A
1-PB2,935,8271,0,3,1,8275,A
1-PB2,936,2,10,8234,0,8246,G
1-PB2,937,0,4,8254,0,8258,G
1-PB2,938,2,0,2,8266,8270,C
1-PB2,939,7,8107,1,13,8128,T
1-PB2,940,7,2,8197,0,8206,G
1-PB2,941,3,4,0,8201,8208,C
1-PB2,942,8233,0,2,0,8235,A
1-PB2,943,8239,1,3,1,8244,A
1-PB2,944,1,8177,0,1,8179,T
1-PB2,945,1,16,8221,0,8238,G
1-PB2,946,2,10,8199,0,8211,G
1-PB2,947,0,14,8224,0,8238,G
1-PB2,948,8197,0,4,0,8201,A
1-PB2,949,1,8144,0,0,8145,T
1-PB2,950,1,8151,0,0,8152,T
1-PB2,951,3,16,8157,0,8176,G
1-PB2,952,8150,0,5,0,8155,A
1-PB2,953,2,17,8206,0,8225,G
1-PB2,954,8183,1,4,1,8189,A
1-PB2,955,8142,0,0,0,8142,A
1-PB2,956,0,8041,0,3,8044,T
1-PB2,957,30,1,0,8066,8097,C
1-PB2,958,8099,0,5,0,8104,A
1-PB2,959,2,4,8126,0,8132,G
1-PB2,960,3,2,0,8101,8106,C
1-PB2,961,0,8056,0,4,8060,T
1-PB2,962,12,2,2,8032,8048,C
1-PB2,963,8028,0,2,0,8030,A
1-PB2,964,0,8174,0,2,8176,T
1-PB2,965,13,0,0,8178,8191,C
1-PB2,966,11,1,0,8277,8289,C
1-PB2,967,0,8235,0,8,8243,T
1-PB2,968,1,8185,0,3,8189,T
1-PB2,969,10,0,0,8217,8227,C
1-PB2,970,8227,0,6,0,8233,A
1-PB2,971,0,1,8328,0,8329,G
1-PB2,972,3,2,0,8293,8298,C
1-PB2,973,0,8201,1,5,8207,T
1-PB2,974,0,8208,0,0,8208,T
1-PB2,975,0,8159,0,1,8160,T
1-PB2,976,1,9,8176,0,8186,G
1-PB2,977,1,2,8184,0,8187,G
1-PB2,978,3,8052,0,19,8074,T
1-PB2,979,2,16,8187,0,8205,G
1-PB2,980,1,16,8138,0,8155,G
1-PB2,981,0,0,8231,0,8231,G
1-PB2,982,0,8154,0,1,8155,T
1-PB2,983,0,8179,0,2,8181,T
1-PB2,984,0,8209,0,1,8210,T
1-PB2,985,8217,2,2,0,8221,A
1-PB2,986,0,0,0,8251,8251,C
1-PB2,987,8263,0,0,0,8263,A
1-PB2,988,0,8231,0,0,8231,T
1-PB2,989,0,8083,0,1,8084,T
1-PB2,990,1,8093,0,0,8094,T
1-PB2,991,8074,2,3,0,8079,A
1-PB2,992,8076,0,1,0,8077,A
1-PB2,993,8087,0,3,0,8090,A
1-PB2,994,8049,0,5,0,8054,A
1-PB2,995,1,29,8069,0,8099,G
1-PB2,996,8068,0,1,0,8069,A
1-PB2,997,8027,1,3,0,8031,A
1-PB2,998,1,1,0,8083,8085,C
1-PB2,999,8054,0,3,0,8057,A
1-PB2,1000,8059,0,8,1,8068,A
1-PB2,1001,0,0,8062,0,8062,G
1-PB2,1002,4,3,0,8075,8082,C
1-PB2,1003,3,17,8057,0,8077,G
1-PB2,1004,0,8,8085,0,8093,G
1-PB2,1005,50,1,8022,0,8073,G
1-PB2,1006,1,8054,0,4,8059,T
1-PB2,1007,30,1,0,8017,8048,C
1-PB2,1008,8072,1,3,0,8076,A
1-PB2,1009,0,7996,0,1,7997,T
1-PB2,1010,7,0,1,8069,8077,C
1-PB2,1011,8047,0,2,2,8051,A
1-PB2,1012,1,1,8153,0,8155,G
1-PB2,1013,0,8005,0,7,8012,T
1-PB2,1014,21,1,0,8039,8061,C
1-PB2,1015,8056,0,2,1,8059,A
1-PB2,1016,8083,0,0,0,8083,A
1-PB2,1017,8088,1,1,0,8090,A
1-PB2,1018,8084,1,1,0,8086,A
1-PB2,1019,8128,0,1,0,8129,A
1-PB2,1020,8103,0,42,0,8145,A
1-PB2,1021,0,7,8163,0,8170,G
1-PB2,1022,8143,1,2,1,8147,A
1-PB2,1023,8144,1,3,0,8148,A
1-PB2,1024,1,4,8143,0,8148,G
1-PB2,1025,8121,0,0,1,8122,A
1-PB2,1026,7940,0,28,0,7968,A
1-PB2,1027,5,11,7926,0,7942,G
1-PB2,1028,7917,0,7,0,7924,A
1-PB2,1029,0,5,7920,0,7925,G
1-PB2,1030,1,1,8059,0,8061,G
1-PB2,1031,0,8025,0,0,8025,T
1-PB2,1032,4,4,8171,0,8179,G
1-PB2,1033,2,0,1,8210,8213,C
1-PB2,1034,0,8234,1,9,8244,T
1-PB2,1035,0,8287,0,4,8291,T
1-PB2,1036,8280,1,0,0,8281,A
1-PB2,1037,2,5,0,8261,8268,C
1-PB2,1038,8216,0,7,0,8223,A
1-PB2,1039,0,12,8186,0,8198,G
1-PB2,1040,2,1,8151,0,8154,G
1-PB2,1041,2,2,0,8000,8004,C
1-PB2,1042,7953,1,2,0,7956,A
1-PB2,1043,7956,0,2,1,7959,A
1-PB2,1044,0,8047,1,4,8052,T
1-PB2,1045,11,1,0,8159,8171,C
1-PB2,1046,1,8120,1,4,8126,T
1-PB2,1047,11,2,1,8125,8139,C
1-PB2,1048,7,1,0,8141,8149,C
1-PB2,1049,8170,0,2,0,8172,A
1-PB2,1050,8159,0,0,0,8159,A
1-PB2,1051,8168,0,1,0,8169,A
1-PB2,1052,1,0,0,8226,8227,C
1-PB2,1053,8077,0,0,1,8078,A
1-PB2,1054,0,7931,0,3,7934,T
1-PB2,1055,0,7870,2,1,7873,T
1-PB2,1056,1,19,7865,0,7885,G
1-PB2,1057,7858,0,6,0,7864,A
1-PB2,1058,0,20,7746,0,7766,G
1-PB2,1059,8032,0,2,0,8034,A
1-PB2,1060,8036,1,0,0,8037,A
1-PB2,1061,1,8079,1,0,8081,T
1-PB2,1062,8109,0,3,0,8112,A
1-PB2,1063,8124,0,8,0,8132,A
1-PB2,1064,1,13,8294,0,8308,G
1-PB2,1065,8190,0,12,0,8202,A
1-PB2,1066,0,4,8403,0,8407,G
1-PB2,1067,1,8120,1,2,8124,T
1-PB2,1068,8211,0,2,0,8213,A
1-PB2,1069,3,2,0,8334,8339,C
1-PB2,1070,8274,0,2,0,8276,A
1-PB2,1071,1,8235,1,0,8237,T
1-PB2,1072,0,10,8248,0,8258,G
1-PB2,1073,7996,0,11,1,8008,A
1-PB2,1074,3,11,8085,0,8099,G
1-PB2,1075,2,13,8025,1,8041,G
1-PB2,1076,0,11,8341,0,8352,G
1-PB2,1077,4,3,8404,0,8411,G
1-PB2,1078,0,8206,2,1,8209,T
1-PB2,1079,8261,1,7,2,8271,A
1-PB2,1080,0,8251,1,3,8255,T
1-PB2,1081,2,12,8279,0,8293,G
1-PB2,1082,8265,0,7,1,8273,A
1-PB2,1083,3,9,8219,0,8231,G
1-PB2,1084,1,17,8161,0,8179,G
1-PB2,1085,7608,2,5,0,7615,A
1-PB2,1086,3,5,7875,0,7883,G
1-PB2,1087,0,7857,1,4,7862,T
1-PB2,1088,0,8057,1,7,8065,T
1-PB2,1089,26,3,1,8079,8109,C
1-PB2,1090,8081,2,5,2,8090,A
1-PB2,1091,5,0,1,8140,8146,C
1-PB2,1092,8096,1,1,0,8098,A
1-PB2,1093,8130,0,1,1,8132,A
1-PB2,1094,0,8136,2,1,8139,T
1-PB2,1095,1,21,7932,0,7954,G
1-PB2,1096,1,5,7971,0,7977,G
1-PB2,1097,0,7724,2,1,7727,T
1-PB2,1098,0,10,7817,0,7827,G
1-PB2,1099,0,12,7766,1,7779,G
1-PB2,1100,1,11,7772,0,7784,G
1-PB2,1101,1,15,7830,3,7849,G
1-PB2,1102,7797,1,0,1,7799,A
1-PB2,1103,7817,0,3,0,7820,A
1-PB2,1104,7759,0,0,0,7759,A
1-PB2,1105,7590,0,12,0,7602,A
1-PB2,1106,0,15,7674,0,7689,G
1-PB2,1107,7603,0,8,0,7611,A
1-PB2,1108,0,3,7646,0,7649,G
1-PB2,1109,2,5,1,7624,7632,C
1-PB2,1110,7615,0,2,0,7617,A
1-PB2,1111,7625,1,3,0,7629,A
1-PB2,1112,1,2,0,7839,7842,C
1-PB2,1113,7852,0,1,0,7853,A
1-PB2,1114,0,3,7973,0,7976,G
1-PB2,1115,0,1,0,7911,7912,C
1-PB2,1116,0,7914,1,3,7918,T
1-PB2,1117,8126,0,2,1,8129,A
1-PB2,1118,0,8114,2,1,8117,T
1-PB2,1119,8184,0,1,0,8185,A
1-PB2,1120,3,3,0,8175,8181,C
1-PB2,1121,0,7800,2,3,7805,T
1-PB2,1122,7823,0,0,0,7823,A
1-PB2,1123,7674,0,1,1,7676,A
1-PB2,1124,0,16,7679,0,7695,G
1-PB2,1125,7674,0,1,0,7675,A
1-PB2,1126,7477,1,0,1,7479,A
1-PB2,1127,7463,1,0,0,7464,A
1-PB2,1128,7360,0,10,0,7370,A
1-PB2,1129,0,2,7407,0,7409,G
1-PB2,1130,3,1,0,7388,7392,C
1-PB2,1131,7408,0,3,0,7411,A
1-PB2,1132,7405,0,4,0,7409,A
1-PB2,1133,3,2,0,7393,7398,C
1-PB2,1134,11,0,0,7387,7398,C
1-PB2,1135,7433,1,1,0,7435,A
1-PB2,1136,1,12,7451,0,7464,G
1-PB2,1137,7428,0,4,0,7432,A
1-PB2,1138,7427,0,1,0,7428,A
1-PB2,1139,1,8,7483,0,7492,G
1-PB2,1140,7446,0,1,0,7447,A
1-PB2,1141,0,7412,1,0,7413,T
1-PB2,1142,0,7390,0,1,7391,T
1-PB2,1143,5,16,7393,0,7414,G
1-PB2,1144,2,3,7513,0,7518,G
1-PB2,1145,0,7477,0,5,7482,T
1-PB2,1146,1,7420,1,4,7426,T
1-PB2,1147,34,1,0,7441,7476,C
1-PB2,1148,7464,0,0,1,7465,A
1-PB2,1149,7435,0,5,0,7440,A
1-PB2,1150,4,0,0,7945,7949,C
1-PB2,1151,2,7918,1,7,7928,T
1-PB2,1152,18,0,0,7984,8002,C
1-PB2,1153,7910,1,2,0,7913,A
1-PB2,1154,0,7942,0,0,7942,T
1-PB2,1155,7948,0,6,0,7954,A
1-PB2,1156,2,0,7987,0,7989,G
1-PB2,1157,3,7660,1,3,7667,T
1-PB2,1158,0,22,7762,0,7784,G
1-PB2,1159,7427,0,3,1,7431,A
1-PB2,1160,8,2,7549,0,7559,G
1-PB2,1161,2,7465,1,4,7472,T
1-PB2,1162,2,9,7497,1,7509,G
1-PB2,1163,1,11,7586,0,7598,G
1-PB2,1164,7574,0,1,0,7575,A
1-PB2,1165,7551,1,1,1,7554,A
1-PB2,1166,0,13,7572,0,7585,G
1-PB2,1167,7466,0,4,0,7470,A
1-PB2,1168,3,14,7484,1,7502,G
1-PB2,1169,7405,0,15,1,7421,A
1-PB2,1170,3,3,0,7412,7418,C
1-PB2,1171,3,24,7405,2,7434,G
1-PB2,1172,7341,0,6,0,7347,A
1-PB2,1173,7383,0,6,0,7389,A
1-PB2,1174,1,0,0,7422,7423,C
1-PB2,1175,7347,0,3,1,7351,A
1-PB2,1176,1,2,7686,0,7689,G
1-PB2,1177,0,7620,0,7,7627,T
1-PB2,1178,22,2,1,7625,7650,C
1-PB2,1179,7699,0,3,0,7702,A
1-PB2,1180,7660,0,2,0,7662,A
1-PB2,1181,0,7677,1,1,7679,T
1-PB2,1182,7648,0,2,1,7651,A
1-PB2,1183,2,3,7612,1,7618,G
1-PB2,1184,1,1,0,7599,7601,C
1-PB2,1185,11,2,0,7375,7388,C
1-PB2,1186,2,15,7360,0,7377,G
1-PB2,1187,7358,1,1,1,7361,A
1-PB2,1188,7379,0,3,0,7382,A
1-PB2,1189,0,3,7452,0,7455,G
1-PB2,1190,2,1,0,7598,7601,C
1-PB2,1191,7616,0,3,0,7619,A
1-PB2,1192,7590,0,1,0,7591,A
1-PB2,1193,1,7604,0,0,7605,T
1-PB2,1194,7638,1,2,1,7642,A
1-PB2,1195,7688,0,0,0,7688,A
1-PB2,1196,1,7654,0,0,7655,T
1-PB2,1197,24,1,0,7611,7636,C
1-PB2,1198,3,0,7602,0,7605,G
1-PB2,1199,1,7368,0,4,7373,T
1-PB2,1200,10,7,7389,0,7406,G
1-PB2,1201,0,3,7397,0,7400,G
1-PB2,1202,14,1,1,7384,7400,C
1-PB2,1203,11,4,1,7420,7436,C
1-PB2,1204,7354,1,1,0,7356,A
1-PB2,1205,0,7371,2,7,7380,T
1-PB2,1206,1,11,7385,0,7397,G
1-PB2,1207,1,5,7487,0,7493,G
1-PB2,1208,0,7243,0,3,7246,T
1-PB2,1209,2,0,7429,0,7431,G
1-PB2,1210,0,7128,2,1,7131,T
1-PB2,1211,0,7144,0,3,7147,T
1-PB2,1212,0,7171,0,3,7174,T
1-PB2,1213,0,7178,1,3,7182,T
1-PB2,1214,14,1,0,7244,7259,C
1-PB2,1215,7233,1,6,0,7240,A
1-PB2,1216,1,3,0,7405,7409,C
1-PB2,1217,7327,1,0,0,7328,A
1-PB2,1218,7278,1,1,1,7281,A
1-PB2,1219,1,9,7295,0,7305,G
1-PB2,1220,7231,0,3,1,7235,A
1-PB2,1221,7079,1,102,0,7182,A
1-PB2,1222,0,6,7283,0,7289,G
1-PB2,1223,7281,2,1,0,7284,A
1-PB2,1224,0,7296,1,1,7298,T
1-PB2,1225,0,7220,0,1,7221,T
1-PB2,1226,2,0,7223,0,7225,G
1-PB2,1227,2,2,0,7136,7140,C
1-PB2,1228,7178,0,4,0,7182,A
1-PB2,1229,2,7219,0,1,7222,T
1-PB2,1230,1,11,7432,1,7445,G
1-PB2,1231,7476,0,7,0,7483,A
1-PB2,1232,0,7535,0,0,7535,T
1-PB2,1233,7505,0,1,0,7506,A
1-PB2,1234,7507,0,0,0,7507,A
1-PB2,1235,7484,0,3,0,7487,A
1-PB2,1236,7485,0,8,0,7493,A
1-PB2,1237,0,3,7483,0,7486,G
1-PB2,1238,1,0,0,7602,7603,C
1-PB2,1239,7653,0,2,0,7655,A
1-PB2,1240,0,0,7853,0,7853,G
1-PB2,1241,0,7833,0,2,7835,T
1-PB2,1242,0,7838,1,1,7840,T
1-PB2,1243,7847,0,0,0,7847,A
1-PB2,1244,2,9,7869,0,7880,G
1-PB2,1245,7770,0,42,0,7812,A
1-PB2,1246,0,12,7831,0,7843,G
1-PB2,1247,1,2,7772,1,7776,G
1-PB2,1248,0,7412,0,5,7417,T
1-PB2,1249,4,25,7430,0,7459,G
1-PB2,1250,7482,0,5,0,7487,A
1-PB2,1251,6,1,0,7518,7525,C
1-PB2,1252,9,1,0,7546,7556,C
1-PB2,1253,1,7520,0,11,7532,T
1-PB2,1254,1,19,7550,0,7570,G
1-PB2,1255,7537,0,3,0,7540,A
1-PB2,1256,7552,0,3,0,7555,A
1-PB2,1257,0,7542,0,1,7543,T
1-PB2,1258,0,7650,0,1,7651,T
1-PB2,1259,1,7675,0,1,7677,T
1-PB2,1260,13,3,0,7654,7670,C
1-PB2,1261,1,0,7660,0,7661,G
1-PB2,1262,0,7589,0,26,7615,T
1-PB2,1263,16,4,0,7656,7676,C
1-PB2,1264,7659,1,0,0,7660,A
1-PB2,1265,7660,0,4,1,7665,A
1-PB2,1266,0,1,0,7676,7677,C
1-PB2,1267,7570,0,0,1,7571,A
1-PB2,1268,1,12,7655,0,7668,G
1-PB2,1269,7592,2,11,1,7606,A
1-PB2,1270,1,4,7640,1,7646,G
1-PB2,1271,2,1,0,7639,7642,C
1-PB2,1272,7660,0,2,0,7662,A
1-PB2,1273,7745,0,3,0,7748,A
1-PB2,1274,7739,1,0,0,7740,A
1-PB2,1275,1,7673,0,0,7674,T
1-PB2,1276,23,2,0,7720,7745,C
1-PB2,1277,7702,1,2,0,7705,A
1-PB2,1278,2,1,7674,0,7677,G
1-PB2,1279,8,6,1,7691,7706,C
1-PB2,1280,1,10,7724,0,7735,G
1-PB2,1281,1,2,8055,1,8059,G
1-PB2,1282,1,7990,0,4,7995,T
1-PB2,1283,0,8014,0,3,8017,T
1-PB2,1284,3,18,7986,1,8008,G
1-PB2,1285,8002,0,3,0,8005,A
1-PB2,1286,8039,1,13,0,8053,A
1-PB2,1287,1,2,0,8077,8080,C
1-PB2,1288,10,1,0,8050,8061,C
1-PB2,1289,10,1,0,8133,8144,C
1-PB2,1290,8,1,1,7894,7904,C
1-PB2,1291,7920,1,6,0,7927,A
1-PB2,1292,0,7946,1,1,7948,T
1-PB2,1293,1,3,7956,0,7960,G
1-PB2,1294,3,1,0,7983,7987,C
1-PB2,1295,7954,0,4,0,7958,A
1-PB2,1296,0,7884,1,2,7887,T
1-PB2,1297,17,2,0,7882,7901,C
1-PB2,1298,7851,0,1,0,7852,A
1-PB2,1299,0,0,7917,0,7917,G
1-PB2,1300,0,1,0,7955,7956,C
1-PB2,1301,0,7937,1,15,7953,T
1-PB2,1302,1,7960,1,1,7963,T
1-PB2,1303,0,7934,0,0,7934,T
1-PB2,1304,0,7949,0,0,7949,T
1-PB2,1305,7954,1,2,0,7957,A
1-PB2,1306,7938,0,4,1,7943,A
1-PB2,1307,0,15,7927,0,7942,G
1-PB2,1308,1,2,7858,1,7862,G
1-PB2,1309,2,1,0,7798,7801,C
1-PB2,1310,7804,0,4,2,7810,A
1-PB2,1311,0,7799,0,0,7799,T
1-PB2,1312,0,7843,1,5,7849,T
1-PB2,1313,1,7842,1,2,7846,T
1-PB2,1314,0,7852,1,2,7855,T
1-PB2,1315,11,1,0,7876,7888,C
1-PB2,1316,7874,0,4,0,7878,A
1-PB2,1317,3,11,7872,0,7886,G
1-PB2,1318,7866,0,2,0,7868,A
1-PB2,1319,7869,0,1,1,7871,A
1-PB2,1320,7844,0,1,0,7845,A
1-PB2,1321,0,9,7815,0,7824,G
1-PB2,1322,7837,0,4,0,7841,A
1-PB2,1323,1,7830,1,0,7832,T
1-PB2,1324,1,0,7854,0,7855,G
1-PB2,1325,4,5,1,7822,7832,C
1-PB2,1326,2,14,7865,0,7881,G
1-PB2,1327,7828,0,6,1,7835,A
1-PB2,1328,7842,1,2,0,7845,A
1-PB2,1329,7855,0,2,0,7857,A
1-PB2,1330,0,0,7869,0,7869,G
1-PB2,1331,0,7766,0,6,7772,T
1-PB2,1332,0,4,7770,0,7774,G
1-PB2,1333,4,1,0,7714,7719,C
1-PB2,1334,0,7759,0,5,7764,T
1-PB2,1335,1,7794,0,0,7795,T
1-PB2,1336,1,7812,0,0,7813,T
1-PB2,1337,0,7799,1,4,7804,T
1-PB2,1338,1,7735,1,0,7737,T
1-PB2,1339,22,0,0,7781,7803,C
1-PB2,1340,7805,0,7,0,7812,A
1-PB2,1341,7833,1,2,0,7836,A
1-PB2,1342,7814,0,2,0,7816,A
1-PB2,1343,7839,0,0,0,7839,A
1-PB2,1344,0,7813,0,0,7813,T
1-PB2,1345,0,7836,0,0,7836,T
1-PB2,1346,1,15,7840,0,7856,G
1-PB2,1347,1,15,7808,0,7824,G
1-PB2,1348,0,6,7823,1,7830,G
1-PB2,1349,1,21,7921,0,7943,G
1-PB2,1350,7890,1,3,0,7894,A
1-PB2,1351,0,3,8022,0,8025,G
1-PB2,1352,1,8008,0,3,8012,T
1-PB2,1353,0,7994,1,2,7997,T
1-PB2,1354,1,33,8018,0,8052,G
1-PB2,1355,8042,2,6,0,8050,A
1-PB2,1356,8028,0,27,0,8055,A
1-PB2,1357,1,3,0,8214,8218,C
1-PB2,1358,8087,1,5,0,8093,A
1-PB2,1359,0,1,0,8262,8263,C
1-PB2,1360,8146,0,3,0,8149,A
1-PB2,1361,0,8093,0,4,8097,T
1-PB2,1362,12,6,0,8194,8212,C
1-PB2,1363,4,20,8172,1,8197,G
1-PB2,1364,8182,0,9,0,8191,A
1-PB2,1365,0,0,0,8183,8183,C
1-PB2,1366,7944,0,0,0,7944,A
1-PB2,1367,0,2,8133,0,8135,G
1-PB2,1368,0,7929,1,4,7934,T
1-PB2,1369,3,0,8059,0,8062,G
1-PB2,1370,0,8003,0,2,8005,T
1-PB2,1371,0,17,8011,0,8028,G
1-PB2,1372,8014,0,1,0,8015,A
1-PB2,1373,0,7955,0,2,7957,T
1-PB2,1374,3,15,7963,0,7981,G
1-PB2,1375,0,12,7978,0,7990,G
1-PB2,1376,1,21,7816,0,7838,G
1-PB2,1377,7759,0,9,0,7768,A
1-PB2,1378,7703,0,2,0,7705,A
1-PB2,1379,1,7669,0,0,7670,T
1-PB2,1380,2,24,7695,0,7721,G
1-PB2,1381,7738,0,1,0,7739,A
1-PB2,1382,0,7701,0,1,7702,T
1-PB2,1383,0,7711,0,2,7713,T
1-PB2,1384,4,7,7681,0,7692,G
1-PB2,1385,2,13,7794,1,7810,G
1-PB2,1386,7751,0,2,0,7753,A
1-PB2,1387,0,4,7807,0,7811,G
1-PB2,1388,1,7738,0,3,7742,T
1-PB2,1389,7709,0,0,0,7709,A
1-PB2,1390,0,7743,0,1,7744,T
1-PB2,1391,0,7796,1,5,7802,T
1-PB2,1392,7864,0,5,0,7869,A
1-PB2,1393,2,1,1,7876,7880,C
1-PB2,1394,9,1,4,7765,7779,C
1-PB2,1395,7723,0,2,0,7725,A
1-PB2,1396,1,14,7737,0,7752,G
1-PB2,1397,7839,0,0,0,7839,A
1-PB2,1398,0,7772,0,3,7775,T
1-PB2,1399,7709,1,2,0,7712,A
1-PB2,1400,0,7604,2,3,7609,T
1-PB2,1401,2,24,7564,0,7590,G
1-PB2,1402,7551,0,3,0,7554,A
1-PB2,1403,2,1,0,7581,7584,C
1-PB2,1404,1,7508,1,8,7518,T
1-PB2,1405,15,0,0,7494,7509,C
1-PB2,1406,8,0,1,7437,7446,C
1-PB2,1407,7505,1,4,0,7510,A
1-PB2,1408,7554,1,8,0,7563,A
1-PB2,1409,0,1,7706,1,7708,G
1-PB2,1410,4,1,0,7665,7670,C
1-PB2,1411,7618,1,1,0,7620,A
1-PB2,1412,1,2,0,7630,7633,C
1-PB2,1413,7572,0,4,1,7577,A
1-PB2,1414,1,12,7572,0,7585,G
1-PB2,1415,7541,1,1,0,7543,A
1-PB2,1416,0,5,7603,1,7609,G
1-PB2,1417,7630,0,0,0,7630,A
1-PB2,1418,1,7421,1,3,7426,T
1-PB2,1419,0,0,7524,0,7524,G
1-PB2,1420,0,7426,1,7,7434,T
1-PB2,1421,24,0,0,7442,7466,C
1-PB2,1422,7459,1,24,0,7484,A
1-PB2,1423,7452,0,3,0,7455,A
1-PB2,1424,0,7429,2,1,7432,T
1-PB2,1425,1,21,7433,0,7455,G
1-PB2,1426,7364,0,5,0,7369,A
1-PB2,1427,1,8,7391,0,7400,G
1-PB2,1428,7272,1,5,0,7278,A
1-PB2,1429,3,10,7279,0,7292,G
1-PB2,1430,4,28,7495,0,7527,G
1-PB2,1431,7508,1,1,0,7510,A
1-PB2,1432,7525,0,0,0,7525,A
1-PB2,1433,0,7494,1,0,7495,T
1-PB2,1434,7510,0,0,0,7510,A
1-PB2,1435,7505,1,9,0,7515,A
1-PB2,1436,2,18,7487,0,7507,G
1-PB2,1437,7458,0,6,0,7464,A
1-PB2,1438,1,1,7465,0,7467,G
1-PB2,1439,0,7058,1,0,7059,T
1-PB2,1440,26,0,0,7081,7107,C
1-PB2,1441,7124,0,5,1,7130,A
1-PB2,1442,5,2,7137,1,7145,G
1-PB2,1443,4,0,1,7150,7155,C
1-PB2,1444,7162,1,0,0,7163,A
1-PB2,1445,7184,0,1,0,7185,A
1-PB2,1446,7146,0,1,0,7147,A
1-PB2,1447,7160,0,2,0,7162,A
1-PB2,1448,0,7124,2,0,7126,T
1-PB2,1449,0,11,7153,0,7164,G
1-PB2,1450,1,11,7155,0,7167,G
1-PB2,1451,3,3,7190,0,7196,G
1-PB2,1452,0,7109,3,1,7113,T
1-PB2,1453,2,2,7142,0,7146,G
1-PB2,1454,0,7087,1,0,7088,T
1-PB2,1455,3,14,7115,0,7132,G
1-PB2,1456,0,6,7209,0,7215,G
1-PB2,1457,7202,0,2,0,7204,A
1-PB2,1458,1,7148,2,2,7153,T
1-PB2,1459,2,14,7169,0,7185,G
1-PB2,1460,7129,0,4,0,7133,A
1-PB2,1461,7146,1,8,1,7156,A
1-PB2,1462,1,7115,1,0,7117,T
1-PB2,1463,7041,1,1,1,7044,A
1-PB2,1464,1,1,0,7394,7396,C
1-PB2,1465,1,7183,2,4,7190,T
1-PB2,1466,16,1,1,7279,7297,C
1-PB2,1467,7,1,0,7310,7318,C
1-PB2,1468,7275,0,11,0,7286,A
1-PB2,1469,2,2,7507,0,7511,G
1-PB2,1470,0,7458,1,0,7459,T
1-PB2,1471,7498,0,0,0,7498,A
1-PB2,1472,5,2,0,7516,7523,C
1-PB2,1473,6911,1,2,0,6914,A
1-PB2,1474,3,5,6932,0,6940,G
1-PB2,1475,6774,0,3,0,6777,A
1-PB2,1476,1,2,6821,0,6824,G
1-PB2,1477,6594,0,4,0,6598,A
1-PB2,1478,2,11,6347,0,6360,G
1-PB2,1479,0,9,6329,0,6338,G
1-PB2,1480,0,4,6313,0,6317,G
1-PB2,1481,1,6239,0,2,6242,T
1-PB2,1482,5,5,6237,0,6247,G
1-PB2,1483,2,0,6255,0,6257,G
1-PB2,1484,0,6189,0,6,6195,T
1-PB2,1485,1,6,6292,0,6299,G
1-PB2,1486,3,3,6292,0,6298,G
1-PB2,1487,0,6194,0,2,6196,T
1-PB2,1488,1,6205,0,2,6208,T
1-PB2,1489,6111,0,0,0,6111,A
1-PB2,1490,0,3,6132,0,6135,G
1-PB2,1491,1,0,0,6113,6114,C
1-PB2,1492,6067,1,1,0,6069,A
1-PB2,1493,1,6055,0,4,6060,T
1-PB2,1494,1,5759,0,0,5760,T
1-PB2,1495,0,23,5736,1,5760,G
1-PB2,1496,5746,1,0,0,5747,A
1-PB2,1497,1,5722,0,2,5725,T
1-PB2,1498,17,20,0,5727,5764,C
1-PB2,1499,1,6,5703,0,5710,G
1-PB2,1500,1,0,5781,0,5782,G
1-PB2,1501,0,5734,0,3,5737,T
1-PB2,1502,0,5730,0,2,5732,T
1-PB2,1503,0,5735,0,2,5737,T
1-PB2,1504,0,5730,0,1,5731,T
1-PB2,1505,0,5732,0,5,5737,T
1-PB2,1506,33,9,5699,1,5742,G
1-PB2,1507,5734,0,4,0,5738,A
1-PB2,1508,0,5,5739,0,5744,G
1-PB2,1509,5530,0,3,0,5533,A
1-PB2,1510,2,0,5553,0,5555,G
1-PB2,1511,0,5536,0,2,5538,T
1-PB2,1512,0,5484,0,3,5487,T
1-PB2,1513,21,0,0,5515,5536,C
1-PB2,1514,1,10,5551,0,5562,G
1-PB2,1515,5545,0,25,0,5570,A
1-PB2,1516,1,12,5555,0,5568,G
1-PB2,1517,5523,0,4,0,5527,A
1-PB2,1518,2,0,0,5519,5521,C
1-PB2,1519,9,1,0,5467,5477,C
1-PB2,1520,5441,0,3,0,5444,A
1-PB2,1521,5481,0,2,1,5484,A
1-PB2,1522,2,4,0,5482,5488,C
1-PB2,1523,2,14,5510,0,5526,G
1-PB2,1524,0,5461,0,1,5462,T
1-PB2,1525,1,9,5460,0,5470,G
1-PB2,1526,2,5,5470,0,5477,G
1-PB2,1527,1,9,5467,1,5478,G
1-PB2,1528,5403,0,2,0,5405,A
1-PB2,1529,5421,0,0,0,5421,A
1-PB2,1530,0,5199,0,0,5199,T
1-PB2,1531,0,3,5307,0,5310,G
1-PB2,1532,0,5273,1,1,5275,T
1-PB2,1533,5275,1,0,0,5276,A
1-PB2,1534,1,5271,0,1,5273,T
1-PB2,1535,0,5217,0,1,5218,T
1-PB2,1536,5248,0,0,0,5248,A
1-PB2,1537,0,5209,0,2,5211,T
1-PB2,1538,0,5127,0,1,5128,T
1-PB2,1539,5121,0,1,0,5122,A
1-PB2,1540,0,4551,1,2,4554,T
1-PB2,1541,10,1,0,4659,4670,C
1-PB2,1542,2,4582,0,1,4585,T
1-PB2,1543,9,0,0,4579,4588,C
1-PB2,1544,4,1,1,4600,4606,C
1-PB2,1545,0,4495,0,1,4496,T
1-PB2,1546,0,3,4504,0,4507,G
1-PB2,1547,4474,0,1,0,4475,A
1-PB2,1548,0,2,4471,0,4473,G
1-PB2,1549,1,4,4455,1,4461,G
1-PB2,1550,4001,0,0,0,4001,A
1-PB2,1551,2,3,4016,0,4021,G
1-PB2,1552,0,0,3979,0,3979,G
1-PB2,1553,1,3763,0,2,3766,T
1-PB2,1554,19,0,0,3775,3794,C
1-PB2,1555,3729,1,0,0,3730,A
1-PB2,1556,1,1,3762,0,3764,G
1-PB2,1557,0,3757,2,2,3761,T
1-PB2,1558,1,9,3746,0,3756,G
1-PB2,1559,3748,0,0,0,3748,A
1-PB2,1560,3562,0,0,0,3562,A
1-PB2,1561,3569,0,2,0,3571,A
1-PB2,1562,1,0,0,3568,3569,C
1-PB2,1563,3509,0,1,0,3510,A
1-PB2,1564,0,0,0,3528,3528,C
1-PB2,1565,3357,0,1,0,3358,A
1-PB2,1566,0,2,3358,0,3360,G
1-PB2,1567,1,4,3337,0,3342,G
1-PB2,1568,0,12,3345,0,3357,G
1-PB2,1569,3336,0,1,1,3338,A
1-PB2,1570,3292,0,0,0,3292,A
1-PB2,1571,0,0,0,3291,3291,C
1-PB2,1572,0,3219,1,3,3223,T
1-PB2,1573,2,4,3212,0,3218,G
1-PB2,1574,3198,0,1,0,3199,A
1-PB2,1575,0,1,3197,0,3198,G
1-PB2,1576,3117,0,1,0,3118,A
1-PB2,1577,1,8,2892,0,2901,G
1-PB2,1578,2876,0,0,0,2876,A
1-PB2,1579,0,0,0,2851,2851,C
1-PB2,1580,0,2706,0,0,2706,T
1-PB2,1581,1,11,2717,0,2729,G
1-PB2,1582,2708,0,3,0,2711,A
1-PB2,1583,2,6,0,2702,2710,C
1-PB2,1584,2688,0,0,0,2688,A
1-PB2,1585,2688,0,1,0,2689,A
1-PB2,1586,0,2670,1,0,2671,T
1-PB2,1587,2659,0,1,0,2660,A
1-PB2,1588,2650,0,1,0,2651,A
1-PB2,1589,2,0,1,2651,2654,C
1-PB2,1590,1,2435,1,0,2437,T
1-PB2,1591,0,2400,1,1,2402,T
1-PB2,1592,2368,0,2,0,2370,A
1-PB2,1593,0,2365,1,1,2367,T
1-PB2,1594,0,2353,1,0,2354,T
1-PB2,1595,11,1,0,2337,2349,C
1-PB2,1596,2158,0,0,0,2158,A
1-PB2,1597,0,2135,1,0,2136,T
1-PB2,1598,2,0,0,2049,2051,C
1-PB2,1599,1,1,2055,0,2057,G
1-PB2,1600,0,2042,0,0,2042,T
1-PB2,1601,7,0,0,2014,2021,C
1-PB2,1602,1,0,2025,0,2026,G
1-PB2,1603,2018,0,1,0,2019,A
1-PB2,1604,0,2018,0,1,2019,T
1-PB2,1605,0,0,2005,0,2005,G
1-PB2,1606,2001,0,0,0,2001,A
1-PB2,1607,0,1987,1,0,1988,T
1-PB2,1608,1,1,1971,0,1973,G
1-PB2,1609,0,1858,0,2,1860,T
1-PB2,1610,6,4,1849,0,1859,G
1-PB2,1611,0,3,1849,0,1852,G
1-PB2,1612,0,0,1848,0,1848,G
1-PB2,1613,1770,0,0,0,1770,A
1-PB2,1614,2,4,1727,0,1733,G
1-PB2,1615,1519,0,1,0,1520,A
1-PB2,1616,0,1430,1,0,1431,T
1-PB2,1617,0,1359,0,0,1359,T
1-PB2,1618,1351,0,0,0,1351,A
1-PB2,1619,1333,0,1,0,1334,A
1-PB2,1620,0,0,0,1297,1297,C
1-PB2,1621,2,0,1163,0,1165,G
1-PB2,1622,0,0,1144,0,1144,G
1-PB2,1623,0,903,0,0,903,T
1-PB2,1624,2,0,0,869,871,C
1-PB2,1625,1,0,0,874,875,C
1-PB2,1626,0,767,0,0,767,T
1-PB2,1627,0,3,766,0,769,G
1-PB2,1628,765,0,1,0,766,A
1-PB2,1629,0,0,769,0,769,G
1-PB2,1630,1,762,0,0,763,T
1-PB2,1631,0,2,0,733,735,C
1-PB2,1632,0,1,737,0,738,G
1-PB2,1633,0,0,740,0,740,G
1-PB2,1634,0,735,0,0,735,T
1-PB2,1635,0,739,0,1,740,T
1-PB2,1636,0,742,0,0,742,T
1-PB2,1637,0,738,0,0,738,T
1-PB2,1638,0,0,754,0,754,G
1-PB2,1639,1,0,760,0,761,G
1-PB2,1640,0,762,0,0,762,T
1-PB2,1641,2,0,0,761,763,C
1-PB2,1642,744,0,0,0,744,A
1-PB2,1643,769,0,0,0,769,A
1-PB2,1644,0,770,0,0,770,T
1-PB2,1645,771,0,0,0,771,A
1-PB2,1646,0,0,1,792,793,C
1-PB2,1647,0,0,0,766,766,C
1-PB2,1648,0,767,2,0,769,T
1-PB2,1649,778,0,0,0,778,A
1-PB2,1650,0,782,0,0,782,T
1-PB2,1651,0,0,0,778,778,C
1-PB2,1652,746,0,0,0,746,A
1-PB2,1653,748,0,0,0,748,A
1-PB2,1654,0,748,0,0,748,T
1-PB2,1655,0,2,728,0,730,G
1-PB2,1656,1,1,723,0,725,G
1-PB2,1657,714,0,0,1,715,A
1-PB2,1658,0,708,0,1,709,T
1-PB2,1659,1,0,0,710,711,C
1-PB2,1660,711,0,0,0,711,A
1-PB2,1661,0,715,0,0,715,T
1-PB2,1662,1,0,0,719,720,C
1-PB2,1663,720,0,0,0,720,A
1-PB2,1664,0,2,721,0,723,G
1-PB2,1665,721,0,0,0,721,A
1-PB2,1666,719,0,0,0,719,A
1-PB2,1667,719,0,0,0,719,A
1-PB2,1668,0,718,0,0,718,T
1-PB2,1669,0,718,0,0,718,T
1-PB2,1670,0,1,707,0,708,G
1-PB2,1671,0,2,704,0,706,G
1-PB2,1672,0,1,709,0,710,G
1-PB2,1673,700,1,0,0,701,A
1-PB2,1674,700,0,0,0,700,A
1-PB2,1675,0,0,700,0,700,G
1-PB2,1676,1,0,0,701,702,C
1-PB2,1677,1,702,0,0,703,T
1-PB2,1678,0,0,715,0,715,G
1-PB2,1679,0,712,0,0,712,T
1-PB2,1680,3,1,0,707,711,C
1-PB2,1681,717,0,0,0,717,A
1-PB2,1682,717,0,0,0,717,A
1-PB2,1683,709,1,0,1,711,A
1-PB2,1684,717,0,1,0,718,A
1-PB2,1685,0,716,0,0,716,T
1-PB2,1686,0,721,0,0,721,T
1-PB2,1687,0,0,0,714,714,C
1-PB2,1688,708,0,0,0,708,A
1-PB2,1689,709,0,0,0,709,A
1-PB2,1690,0,709,0,0,709,T
1-PB2,1691,0,0,713,0,713,G
1-PB2,1692,1,1,718,0,720,G
1-PB2,1693,0,737,0,0,737,T
1-PB2,1694,1,0,0,741,742,C
1-PB2,1695,0,740,0,0,740,T
1-PB2,1696,2,0,0,738,740,C
1-PB2,1697,743,0,1,0,744,A
1-PB2,1698,0,2,736,0,738,G
1-PB2,1699,741,0,0,0,741,A
1-PB2,1700,741,0,0,0,741,A
1-PB2,1701,0,724,0,0,724,T
1-PB2,1702,0,1,0,716,717,C
1-PB2,1703,0,0,0,729,729,C
1-PB2,1704,0,724,0,0,724,T
1-PB2,1705,0,0,725,0,725,G
1-PB2,1706,1,0,0,729,730,C
1-PB2,1707,729,0,0,0,729,A
1-PB2,1708,743,0,0,0,743,A
1-PB2,1709,0,729,0,0,729,T
1-PB2,1710,1,0,741,0,742,G
1-PB2,1711,0,748,0,0,748,T
1-PB2,1712,0,729,0,0,729,T
1-PB2,1713,0,0,726,0,726,G
1-PB2,1714,0,725,0,0,725,T
1-PB2,1715,729,0,0,0,729,A
1-PB2,1716,0,0,0,730,730,C
1-PB2,1717,712,0,1,0,713,A
1-PB2,1718,719,0,1,0,720,A
1-PB2,1719,0,0,0,717,717,C
1-PB2,1720,699,0,0,0,699,A
1-PB2,1721,695,0,1,0,696,A
1-PB2,1722,683,0,0,0,683,A
1-PB2,1723,690,0,0,0,690,A
1-PB2,1724,0,689,0,0,689,T
1-PB2,1725,0,1,683,0,684,G
1-PB2,1726,0,1,689,0,690,G
1-PB2,1727,685,0,0,0,685,A
1-PB2,1728,685,0,0,0,685,A
1-PB2,1729,0,679,1,0,680,T
1-PB2,1730,0,683,0,0,683,T
1-PB2,1731,0,685,0,0,685,T
1-PB2,1732,0,2,681,0,683,G
1-PB2,1733,687,0,0,0,687,A
1-PB2,1734,677,0,0,1,678,A
1-PB2,1735,0,0,0,681,681,C
1-PB2,1736,5,0,0,675,680,C
1-PB2,1737,690,0,0,0,690,A
1-PB2,1738,0,698,0,0,698,T
1-PB2,1739,0,701,0,1,702,T
1-PB2,1740,0,697,0,0,697,T
1-PB2,1741,0,0,0,701,701,C
1-PB2,1742,702,0,0,0,702,A
1-PB2,1743,698,0,0,0,698,A
1-PB2,1744,0,698,0,0,698,T
1-PB2,1745,0,0,0,707,707,C
1-PB2,1746,0,701,0,0,701,T
1-PB2,1747,0,704,0,0,704,T
1-PB2,1748,0,706,0,0,706,T
1-PB2,1749,711,0,0,0,711,A
1-PB2,1750,0,0,708,0,708,G
1-PB2,1751,0,705,0,0,705,T
1-PB2,1752,2,1,0,725,728,C
1-PB2,1753,0,1,0,724,725,C
1-PB2,1754,5,0,0,717,722,C
1-PB2,1755,2,0,0,721,723,C
1-PB2,1756,721,0,0,0,721,A
1-PB2,1757,723,0,0,0,723,A
1-PB2,1758,1,1,735,0,737,G
1-PB2,1759,0,0,737,0,737,G
1-PB2,1760,0,0,0,737,737,C
1-PB2,1761,3,0,0,728,731,C
1-PB2,1762,737,0,0,0,737,A
1-PB2,1763,0,748,0,0,748,T
1-PB2,1764,0,750,0,0,750,T
1-PB2,1765,755,0,0,0,755,A
1-PB2,1766,0,1,751,0,752,G
1-PB2,1767,737,1,0,0,738,A
1-PB2,1768,760,0,0,0,760,A
1-PB2,1769,0,0,766,0,766,G
1-PB2,1770,1,0,0,780,781,C
1-PB2,1771,2,0,0,785,787,C
1-PB2,1772,772,0,0,0,772,A
1-PB2,1773,777,0,0,0,777,A
1-PB2,1774,0,783,0,0,783,T
1-PB2,1775,792,0,0,0,792,A
1-PB2,1776,0,0,0,800,800,C
1-PB2,1777,749,0,0,0,749,A
1-PB2,1778,1,1,751,0,753,G
1-PB2,1779,0,740,0,0,740,T
1-PB2,1780,1,1,743,0,745,G
1-PB2,1781,0,1,747,0,748,G
1-PB2,1782,6,0,745,0,751,G
1-PB2,1783,0,736,0,1,737,T
1-PB2,1784,0,734,0,0,734,T
1-PB2,1785,0,735,0,0,735,T
1-PB2,1786,0,0,743,0,743,G
1-PB2,1787,0,745,0,0,745,T
1-PB2,1788,6,0,1,741,748,C
1-PB2,1789,740,0,0,0,740,A
1-PB2,1790,0,0,741,0,741,G
1-PB2,1791,736,0,0,0,736,A
1-PB2,1792,736,0,0,0,736,A
1-PB2,1793,0,2,0,731,733,C
1-PB2,1794,0,716,0,0,716,T
1-PB2,1795,0,0,0,729,729,C
1-PB2,1796,0,734,0,0,734,T
1-PB2,1797,735,0,0,0,735,A
1-PB2,1798,0,737,0,0,737,T
1-PB2,1799,0,734,0,0,734,T
1-PB2,1800,4,0,0,728,732,C
1-PB2,1801,1,1,0,729,731,C
1-PB2,1802,729,0,0,0,729,A
1-PB2,1803,733,0,0,0,733,A
1-PB2,1804,1,0,0,735,736,C
1-PB2,1805,731,0,0,0,731,A
1-PB2,1806,727,0,0,0,727,A
1-PB2,1807,723,0,0,1,724,A
1-PB2,1808,0,727,0,1,728,T
1-PB2,1809,1,0,729,0,730,G
1-PB2,1810,727,0,0,0,727,A
1-PB2,1811,0,0,735,0,735,G
1-PB2,1812,725,0,5,0,730,A
1-PB2,1813,0,0,726,0,726,G
1-PB2,1814,730,0,1,0,731,A
1-PB2,1815,0,0,0,722,722,C
1-PB2,1816,0,0,728,0,728,G
1-PB2,1817,0,735,0,0,735,T
1-PB2,1818,739,0,0,0,739,A
1-PB2,1819,0,0,0,745,745,C
1-PB2,1820,0,738,1,0,739,T
1-PB2,1821,0,744,0,0,744,T
1-PB2,1822,0,2,736,0,738,G
1-PB2,1823,1,1,736,0,738,G
1-PB2,1824,0,0,741,0,741,G
1-PB2,1825,729,0,0,0,729,A
1-PB2,1826,0,0,0,732,732,C
1-PB2,1827,731,0,0,0,731,A
1-PB2,1828,0,734,0,0,734,T
1-PB2,1829,1,735,0,0,736,T
1-PB2,1830,0,736,0,1,737,T
1-PB2,1831,0,3,733,0,736,G
1-PB2,1832,743,0,0,0,743,A
1-PB2,1833,0,0,0,746,746,C
1-PB2,1834,743,0,0,0,743,A
1-PB2,1835,1,0,0,738,739,C
1-PB2,1836,0,1,0,723,724,C
1-PB2,1837,725,0,0,0,725,A
1-PB2,1838,0,0,0,730,730,C
1-PB2,1839,1,0,0,727,728,C
1-PB2,1840,0,1,0,739,740,C
1-PB2,1841,739,0,1,0,740,A
1-PB2,1842,1,0,756,0,757,G
1-PB2,1843,760,0,0,0,760,A
1-PB2,1844,0,785,0,0,785,T
1-PB2,1845,779,0,0,0,779,A
1-PB2,1846,770,0,0,0,770,A
1-PB2,1847,0,771,1,0,772,T
1-PB2,1848,767,0,0,0,767,A
1-PB2,1849,767,0,0,0,767,A
1-PB2,1850,763,0,0,0,763,A
1-PB2,1851,0,1,759,0,760,G
1-PB2,1852,0,0,0,762,762,C
1-PB2,1853,0,732,0,2,734,T
1-PB2,1854,0,736,0,1,737,T
1-PB2,1855,2,0,0,740,742,C
1-PB2,1856,0,737,0,1,738,T
1-PB2,1857,1,0,0,741,742,C
1-PB2,1858,1,0,0,739,740,C
1-PB2,1859,0,0,0,751,751,C
1-PB2,1860,0,751,0,1,752,T
1-PB2,1861,0,759,0,0,759,T
1-PB2,1862,0,757,0,0,757,T
1-PB2,1863,0,755,0,0,755,T
1-PB2,1864,0,1,760,0,761,G
1-PB2,1865,0,0,0,758,758,C
1-PB2,1866,756,0,0,0,756,A
1-PB2,1867,0,1,753,0,754,G
1-PB2,1868,1,0,0,752,753,C
1-PB2,1869,0,747,0,0,747,T
1-PB2,1870,0,1,753,0,754,G
1-PB2,1871,0,0,0,754,754,C
1-PB2,1872,0,746,0,1,747,T
1-PB2,1873,1,0,0,760,761,C
1-PB2,1874,0,0,0,761,761,C
1-PB2,1875,762,0,1,1,764,A
1-PB2,1876,0,0,0,766,766,C
1-PB2,1877,2,0,0,767,769,C
1-PB2,1878,755,0,1,1,757,A
1-PB2,1879,757,0,0,1,758,A
1-PB2,1880,754,0,0,0,754,A
1-PB2,1881,0,0,757,0,757,G
1-PB2,1882,0,0,0,753,753,C
1-PB2,1883,741,0,0,0,741,A
1-PB2,1884,745,0,0,0,745,A
1-PB2,1885,740,0,0,0,740,A
1-PB2,1886,0,1,754,0,755,G
1-PB2,1887,0,0,0,757,757,C
1-PB2,1888,750,0,0,0,750,A
1-PB2,1889,0,1,756,0,757,G
1-PB2,1890,744,0,1,0,745,A
1-PB2,1891,755,1,0,0,756,A
1-PB2,1892,0,755,0,0,755,T
1-PB2,1893,1,1,752,0,754,G
1-PB2,1894,0,1,0,747,748,C
1-PB2,1895,747,0,2,0,749,A
1-PB2,1896,0,1,748,0,749,G
1-PB2,1897,0,749,0,0,749,T
1-PB2,1898,0,781,0,1,782,T
1-PB2,1899,4,0,0,778,782,C
1-PB2,1900,0,779,0,1,780,T
1-PB2,1901,0,0,0,787,787,C
1-PB2,1902,0,780,0,1,781,T
1-PB2,1903,0,783,0,0,783,T
1-PB2,1904,0,0,0,787,787,C
1-PB2,1905,779,0,0,0,779,A
1-PB2,1906,0,1,0,780,781,C
1-PB2,1907,0,761,0,1,762,T
1-PB2,1908,0,5,766,0,771,G
1-PB2,1909,764,0,0,0,764,A
1-PB2,1910,0,0,0,788,788,C
1-PB2,1911,0,780,0,0,780,T
1-PB2,1912,0,0,792,0,792,G
1-PB2,1913,0,786,1,1,788,T
1-PB2,1914,0,4,786,0,790,G
1-PB2,1915,794,0,1,0,795,A
1-PB2,1916,810,0,0,0,810,A
1-PB2,1917,0,795,0,0,795,T
1-PB2,1918,0,1,795,0,796,G
1-PB2,1919,0,767,0,0,767,T
1-PB2,1920,750,0,0,0,750,A
1-PB2,1921,756,0,1,0,757,A
1-PB2,1922,0,0,762,0,762,G
1-PB2,1923,0,2,763,0,765,G
1-PB2,1924,0,1,756,0,757,G
1-PB2,1925,0,0,769,0,769,G
1-PB2,1926,770,0,0,0,770,A
1-PB2,1927,0,763,0,0,763,T
1-PB2,1928,2,0,0,769,771,C
1-PB2,1929,768,0,0,1,769,A
1-PB2,1930,0,1,779,0,780,G
1-PB2,1931,0,0,775,0,775,G
1-PB2,1932,0,3,778,0,781,G
1-PB2,1933,780,0,1,0,781,A
1-PB2,1934,0,750,0,0,750,T
1-PB2,1935,6,2,749,0,757,G
1-PB2,1936,753,0,0,0,753,A
1-PB2,1937,0,3,769,0,772,G
1-PB2,1938,771,0,0,0,771,A
1-PB2,1939,758,0,0,0,758,A
1-PB2,1940,0,772,0,0,772,T
1-PB2,1941,766,0,0,0,766,A
1-PB2,1942,0,0,0,783,783,C
1-PB2,1943,0,775,0,2,777,T
1-PB2,1944,0,786,0,0,786,T
1-PB2,1945,0,0,789,0,789,G
1-PB2,1946,0,780,0,0,780,T
1-PB2,1947,774,0,0,0,774,A
1-PB2,1948,772,0,0,0,772,A
1-PB2,1949,0,1,760,0,761,G
1-PB2,1950,3,1,769,0,773,G
1-PB2,1951,1,2,760,0,763,G
1-PB2,1952,0,0,759,0,759,G
1-PB2,1953,0,0,0,766,766,C
1-PB2,1954,766,0,0,0,766,A
1-PB2,1955,784,0,0,0,784,A
1-PB2,1956,0,787,0,0,787,T
1-PB2,1957,0,784,0,0,784,T
1-PB2,1958,1,0,0,803,804,C
1-PB2,1959,0,795,0,2,797,T
1-PB2,1960,3,1,0,811,815,C
1-PB2,1961,1,0,0,818,819,C
1-PB2,1962,0,814,0,0,814,T
1-PB2,1963,0,0,836,0,836,G
1-PB2,1964,0,822,0,0,822,T
1-PB2,1965,822,0,2,0,824,A
1-PB2,1966,0,828,0,0,828,T
1-PB2,1967,0,807,0,0,807,T
1-PB2,1968,6,0,0,811,817,C
1-PB2,1969,809,0,0,0,809,A
1-PB2,1970,825,0,0,0,825,A
1-PB2,1971,0,0,0,827,827,C
1-PB2,1972,0,816,0,0,816,T
1-PB2,1973,815,0,0,0,815,A
1-PB2,1974,0,0,0,832,832,C
1-PB2,1975,832,0,0,0,832,A
1-PB2,1976,829,0,1,0,830,A
1-PB2,1977,0,0,0,828,828,C
1-PB2,1978,824,0,0,0,824,A
1-PB2,1979,822,0,0,0,822,A
1-PB2,1980,1,4,812,0,817,G
1-PB2,1981,820,0,1,0,821,A
1-PB2,1982,0,1,1,819,821,C
1-PB2,1983,1,0,0,811,812,C
1-PB2,1984,808,0,0,0,808,A
1-PB2,1985,0,0,0,828,828,C
1-PB2,1986,0,828,1,0,829,T
1-PB2,1987,826,0,0,0,826,A
1-PB2,1988,823,0,0,0,823,A
1-PB2,1989,825,0,0,0,825,A
1-PB2,1990,824,0,0,0,824,A
1-PB2,1991,0,2,829,0,831,G
1-PB2,1992,823,0,1,0,824,A
1-PB2,1993,0,0,0,823,823,C
1-PB2,1994,0,814,1,0,815,T
1-PB2,1995,814,0,0,0,814,A
1-PB2,1996,810,0,0,0,810,A
1-PB2,1997,0,0,0,819,819,C
1-PB2,1998,813,1,0,0,814,A
1-PB2,1999,813,0,0,0,813,A
1-PB2,2000,0,805,0,0,805,T
1-PB2,2001,0,796,0,0,796,T
1-PB2,2002,1,0,0,799,800,C
1-PB2,2003,0,790,1,0,791,T
1-PB2,2004,1,0,1,798,800,C
1-PB2,2005,1,2,794,0,797,G
1-PB2,2006,0,1,795,0,796,G
1-PB2,2007,796,0,0,0,796,A
1-PB2,2008,798,0,0,0,798,A
1-PB2,2009,796,0,0,0,796,A
1-PB2,2010,798,0,0,0,798,A
1-PB2,2011,0,0,805,0,805,G
1-PB2,2012,797,0,0,0,797,A
1-PB2,2013,0,794,0,0,794,T
1-PB2,2014,0,0,799,0,799,G
1-PB2,2015,0,0,0,799,799,C
1-PB2,2016,1,0,0,797,798,C
1-PB2,2017,2,0,793,0,795,G
1-PB2,2018,0,0,795,0,795,G
1-PB2,2019,0,0,0,798,798,C
1-PB2,2020,794,0,0,0,794,A
1-PB2,2021,0,0,0,807,807,C
1-PB2,2022,0,794,0,1,795,T
1-PB2,2023,0,798,0,0,798,T
1-PB2,2024,0,799,0,5,804,T
1-PB2,2025,806,0,0,0,806,A
1-PB2,2026,808,0,0,0,808,A
1-PB2,2027,0,807,0,0,807,T
1-PB2,2028,0,802,0,1,803,T
1-PB2,2029,0,1,803,0,804,G
1-PB2,2030,783,0,0,0,783,A
1-PB2,2031,784,0,0,0,784,A
1-PB2,2032,0,2,780,0,782,G
1-PB2,2033,782,0,1,0,783,A
1-PB2,2034,0,0,0,787,787,C
1-PB2,2035,0,0,0,787,787,C
1-PB2,2036,0,0,0,786,786,C
1-PB2,2037,781,0,0,0,781,A
1-PB2,2038,0,0,794,0,794,G
1-PB2,2039,792,0,0,0,792,A
1-PB2,2040,0,792,0,1,793,T
1-PB2,2041,0,1,791,0,792,G
1-PB2,2042,772,0,0,0,772,A
1-PB2,2043,772,0,0,0,772,A
1-PB2,2044,773,0,0,0,773,A
1-PB2,2045,1,0,768,0,769,G
1-PB2,2046,0,0,0,765,765,C
1-PB2,2047,756,1,1,0,758,A
1-PB2,2048,0,0,0,764,764,C
1-PB2,2049,762,0,1,0,763,A
1-PB2,2050,0,753,0,0,753,T
1-PB2,2051,2,0,0,766,768,C
1-PB2,2052,0,0,0,767,767,C
1-PB2,2053,0,3,767,0,770,G
1-PB2,2054,0,0,767,0,767,G
1-PB2,2055,766,0,0,0,766,A
1-PB2,2056,0,0,771,0,771,G
1-PB2,2057,0,757,0,0,757,T
1-PB2,2058,0,0,757,0,757,G
1-PB2,2059,0,1,748,0,749,G
1-PB2,2060,753,0,0,0,753,A
1-PB2,2061,0,0,751,0,751,G
1-PB2,2062,0,737,0,0,737,T
1-PB2,2063,2,1,0,718,721,C
1-PB2,2064,1,1,0,728,730,C
1-PB2,2065,1,0,733,0,734,G
1-PB2,2066,0,0,0,724,724,C
1-PB2,2067,3,0,0,720,723,C
1-PB2,2068,1,0,736,0,737,G
1-PB2,2069,0,730,0,2,732,T
1-PB2,2070,2,0,0,743,745,C
1-PB2,2071,1,736,0,2,739,T
1-PB2,2072,0,748,0,0,748,T
1-PB2,2073,0,1,740,0,741,G
1-PB2,2074,738,0,0,0,738,A
1-PB2,2075,0,1,742,0,743,G
1-PB2,2076,734,0,0,0,734,A
1-PB2,2077,0,1,712,0,713,G
1-PB2,2078,0,0,709,0,709,G
1-PB2,2079,0,0,712,0,712,G
1-PB2,2080,0,701,1,0,702,T
1-PB2,2081,0,705,1,0,706,T
1-PB2,2082,0,708,1,0,709,T
1-PB2,2083,1,0,0,707,708,C
1-PB2,2084,0,714,0,0,714,T
1-PB2,2085,2,0,0,726,728,C
1-PB2,2086,723,0,1,0,724,A
1-PB2,2087,0,724,0,0,724,T
1-PB2,2088,0,716,0,0,716,T
1-PB2,2089,718,0,0,0,718,A
1-PB2,2090,0,722,0,0,722,T
1-PB2,2091,714,0,0,0,714,A
1-PB2,2092,0,3,713,0,716,G
1-PB2,2093,0,2,715,0,717,G
1-PB2,2094,0,674,0,0,674,T
1-PB2,2095,675,0,0,0,675,A
1-PB2,2096,670,0,0,0,670,A
1-PB2,2097,0,2,672,0,674,G
1-PB2,2098,0,1,671,0,672,G
1-PB2,2099,663,0,0,0,663,A
1-PB2,2100,665,0,0,0,665,A
1-PB2,2101,0,0,664,0,664,G
1-PB2,2102,656,0,0,0,656,A
1-PB2,2103,0,0,0,655,655,C
1-PB2,2104,651,0,0,0,651,A
1-PB2,2105,0,0,656,0,656,G
1-PB2,2106,648,0,0,0,648,A
1-PB2,2107,639,0,0,0,639,A
1-PB2,2108,0,0,636,0,636,G
1-PB2,2109,6,0,609,0,615,G
1-PB2,2110,0,628,1,0,629,T
1-PB2,2111,635,0,0,0,635,A
1-PB2,2112,0,1,0,633,634,C
1-PB2,2113,1,0,633,0,634,G
1-PB2,2114,0,3,640,0,643,G
1-PB2,2115,633,0,1,0,634,A
1-PB2,2116,0,0,0,628,628,C
1-PB2,2117,2,0,0,617,619,C
1-PB2,2118,612,0,0,0,612,A
1-PB2,2119,0,0,631,0,631,G
1-PB2,2120,0,0,0,628,628,C
1-PB2,2121,628,0,0,0,628,A
1-PB2,2122,0,628,0,0,628,T
1-PB2,2123,0,594,0,1,595,T
1-PB2,2124,596,0,1,0,597,A
1-PB2,2125,598,0,0,0,598,A
1-PB2,2126,0,0,600,0,600,G
1-PB2,2127,0,0,0,597,597,C
1-PB2,2128,571,0,0,0,571,A
1-PB2,2129,0,585,0,0,585,T
1-PB2,2130,2,0,0,581,583,C
1-PB2,2131,586,0,0,0,586,A
1-PB2,2132,588,0,0,0,588,A
1-PB2,2133,0,583,0,0,583,T
1-PB2,2134,0,2,588,0,590,G
1-PB2,2135,583,0,0,0,583,A
1-PB2,2136,581,0,0,0,581,A
1-PB2,2137,0,0,0,584,584,C
1-PB2,2138,0,553,0,0,553,T
1-PB2,2139,0,0,568,0,568,G
1-PB2,2140,565,0,0,0,565,A
1-PB2,2141,0,0,564,0,564,G
1-PB2,2142,0,564,0,0,564,T
1-PB2,2143,557,0,0,0,557,A
1-PB2,2144,557,0,1,0,558,A
1-PB2,2145,0,1,0,554,555,C
1-PB2,2146,0,0,0,551,551,C
1-PB2,2147,1,544,0,0,545,T
1-PB2,2148,0,518,0,0,518,T
1-PB2,2149,0,0,519,0,519,G
1-PB2,2150,0,0,0,517,517,C
1-PB2,2151,519,0,0,0,519,A
1-PB2,2152,520,0,0,0,520,A
1-PB2,2153,507,0,1,0,508,A
1-PB2,2154,503,0,1,0,504,A
1-PB2,2155,0,0,507,0,507,G
1-PB2,2156,0,2,507,0,509,G
1-PB2,2157,0,1,504,0,505,G
1-PB2,2158,0,2,503,0,505,G
1-PB2,2159,505,0,1,0,506,A
1-PB2,2160,504,0,0,0,504,A
1-PB2,2161,504,0,0,0,504,A
1-PB2,2162,505,0,0,0,505,A
1-PB2,2163,0,0,509,0,509,G
1-PB2,2164,0,0,500,0,500,G
1-PB2,2165,0,0,0,493,493,C
1-PB2,2166,0,492,0,2,494,T
1-PB2,2167,496,0,0,0,496,A
1-PB2,2168,497,0,0,0,497,A
1-PB2,2169,0,490,0,0,490,T
1-PB2,2170,0,0,495,0,495,G
1-PB2,2171,0,476,0,0,476,T
1-PB2,2172,0,0,473,0,473,G
1-PB2,2173,0,0,0,468,468,C
1-PB2,2174,0,471,0,0,471,T
1-PB2,2175,472,0,0,0,472,A
1-PB2,2176,470,0,0,0,470,A
1-PB2,2177,0,463,0,0,463,T
1-PB2,2178,1,0,0,467,468,C
1-PB2,2179,1,1,450,0,452,G
1-PB2,2180,0,1,454,0,455,G
1-PB2,2181,0,0,455,0,455,G
1-PB2,2182,0,0,0,456,456,C
1-PB2,2183,454,0,1,0,455,A
1-PB2,2184,450,0,0,0,450,A
1-PB2,2185,0,0,446,0,446,G
1-PB2,2186,0,0,451,0,451,G
1-PB2,2187,444,0,0,0,444,A
1-PB2,2188,0,1,445,0,446,G
1-PB2,2189,434,0,0,0,434,A
1-PB2,2190,0,16,0,414,430,C
1-PB2,2191,0,0,427,0,427,G
1-PB2,2192,0,420,0,0,420,T
1-PB2,2193,0,0,420,0,420,G
1-PB2,2194,0,0,421,0,421,G
1-PB2,2195,0,412,0,0,412,T
1-PB2,2196,5,0,410,0,415,G
1-PB2,2197,0,406,0,0,406,T
1-PB2,2198,0,405,0,0,405,T
1-PB2,2199,0,0,405,0,405,G
1-PB2,2200,0,0,404,0,404,G
1-PB2,2201,0,400,0,0,400,T
1-PB2,2202,395,1,0,0,396,A
1-PB2,2203,383,0,0,0,383,A
1-PB2,2204,0,378,0,0,378,T
1-PB2,2205,0,0,368,0,368,G
1-PB2,2206,369,0,0,0,369,A
1-PB2,2207,367,0,0,0,367,A
1-PB2,2208,360,0,0,0,360,A
1-PB2,2209,0,0,0,366,366,C
1-PB2,2210,0,1,366,0,367,G
1-PB2,2211,362,0,0,0,362,A
1-PB2,2212,362,0,0,0,362,A
1-PB2,2213,364,0,0,0,364,A
1-PB2,2214,361,0,0,0,361,A
1-PB2,2215,0,0,0,365,365,C
1-PB2,2216,0,0,364,0,364,G
1-PB2,2217,0,0,361,0,361,G
1-PB2,2218,2,0,354,0,356,G
1-PB2,2219,359,0,1,0,360,A
1-PB2,2220,0,0,0,365,365,C
1-PB2,2221,0,362,0,0,362,T
1-PB2,2222,0,0,0,369,369,C
1-PB2,2223,0,373,0,0,373,T
1-PB2,2224,372,0,0,0,372,A
1-PB2,2225,0,0,371,0,371,G
1-PB2,2226,0,0,0,364,364,C
1-PB2,2227,364,0,0,0,364,A
1-PB2,2228,0,358,0,0,358,T
1-PB2,2229,341,0,0,0,341,A
1-PB2,2230,0,0,0,345,345,C
1-PB2,2231,0,301,0,0,301,T
1-PB2,2232,0,300,0,0,300,T
1-PB2,2233,298,0,0,0,298,A
1-PB2,2234,0,0,0,298,298,C
1-PB2,2235,0,295,0,0,295,T
1-PB2,2236,0,1,290,0,291,G
1-PB2,2237,279,0,0,0,279,A
1-PB2,2238,0,0,0,276,276,C
1-PB2,2239,247,0,0,0,247,A
1-PB2,2240,0,0,247,0,247,G
1-PB2,2241,0,1,0,244,245,C
1-PB2,2242,0,0,0,246,246,C
1-PB2,2243,239,0,0,0,239,A
1-PB2,2244,0,1,238,0,239,G
1-PB2,2245,236,0,0,0,236,A
1-PB2,2246,0,0,0,236,236,C
1-PB2,2247,215,0,0,0,215,A
1-PB2,2248,0,0,217,0,217,G
1-PB2,2249,1,0,0,205,206,C
1-PB2,2250,0,0,204,0,204,G
1-PB2,2251,204,0,0,0,204,A
1-PB2,2252,0,0,0,202,202,C
1-PB2,2253,1,0,0,206,207,C
1-PB2,2254,206,0,0,0,206,A
1-PB2,2255,204,0,0,0,204,A
1-PB2,2256,206,0,0,0,206,A
1-PB2,2257,201,0,3,0,204,A
1-PB2,2258,0,0,205,0,205,G
1-PB2,2259,200,0,0,0,200,A
1-PB2,2260,199,0,0,0,199,A
1-PB2,2261,0,198,0,0,198,T
1-PB2,2262,0,197,0,0,197,T
1-PB2,2263,0,1,0,200,201,C
1-PB2,2264,0,0,198,0,198,G
1-PB2,2265,0,0,194,0,194,G
1-PB2,2266,196,0,0,0,196,A
1-PB2,2267,0,188,0,0,188,T
1-PB2,2268,0,0,188,0,188,G
1-PB2,2269,0,0,184,0,184,G
1-PB2,2270,0,0,0,183,183,C
1-PB2,2271,0,0,0,187,187,C
1-PB2,2272,185,0,0,0,185,A
1-PB2,2273,0,184,0,0,184,T
1-PB2,2274,0,0,0,183,183,C
1-PB2,2275,183,0,0,0,183,A
1-PB2,2276,184,0,0,0,184,A
1-PB2,2277,0,182,0,0,182,T
1-PB2,2278,0,169,0,0,169,T
1-PB2,2279,163,0,0,0,163,A
1-PB2,2280,164,0,0,0,164,A
2-PB1,1,188,0,0,0,188,A
2-PB1,2,0,191,0,0,191,T
2-PB1,3,0,0,189,0,189,G
2-PB1,4,1,0,203,0,204,G
2-PB1,5,228,0,0,0,228,A
2-PB1,6,0,249,0,0,249,T
2-PB1,7,0,0,247,0,247,G
2-PB1,8,0,250,0,0,250,T
2-PB1,9,1,0,0,262,263,C
2-PB1,10,267,0,0,0,267,A
2-PB1,11,284,0,0,0,284,A
2-PB1,12,0,284,0,1,285,T
2-PB1,13,0,0,0,296,296,C
2-PB1,14,1,0,0,319,320,C
2-PB1,15,0,1,317,1,319,G
2-PB1,16,360,0,0,0,360,A
2-PB1,17,0,0,0,368,368,C
2-PB1,18,0,365,0,0,365,T
2-PB1,19,0,0,0,410,410,C
2-PB1,20,0,412,0,0,412,T
2-PB1,21,414,0,0,0,414,A
2-PB1,22,0,1,0,417,418,C
2-PB1,23,0,413,0,0,413,T
2-PB1,24,0,0,473,0,473,G
2-PB1,25,0,484,0,0,484,T
2-PB1,26,0,483,0,1,484,T
2-PB1,27,2,0,0,483,485,C
2-PB1,28,0,0,0,485,485,C
2-PB1,29,0,547,0,0,547,T
2-PB1,30,556,0,0,0,556,A
2-PB1,31,554,0,0,0,554,A
2-PB1,32,556,0,0,0,556,A
2-PB1,33,1,1,560,0,562,G
2-PB1,34,0,1,560,0,561,G
2-PB1,35,0,566,0,1,567,T
2-PB1,36,0,563,0,0,563,T
2-PB1,37,2,0,0,561,563,C
2-PB1,38,0,0,0,569,569,C
2-PB1,39,567,0,0,0,567,A
2-PB1,40,0,0,571,0,571,G
2-PB1,41,0,1,0,570,571,C
2-PB1,42,0,0,575,0,575,G
2-PB1,43,1,0,0,580,581,C
2-PB1,44,580,0,1,0,581,A
2-PB1,45,582,0,0,0,582,A
2-PB1,46,582,0,0,0,582,A
2-PB1,47,582,0,0,0,582,A
2-PB1,48,0,587,0,0,587,T
2-PB1,49,1,1,607,0,609,G
2-PB1,50,0,0,0,616,616,C
2-PB1,51,2,0,0,616,618,C
2-PB1,52,619,0,1,0,620,A
2-PB1,53,0,621,0,0,621,T
2-PB1,54,667,0,0,0,667,A
2-PB1,55,667,0,1,0,668,A
2-PB1,56,0,0,689,0,689,G
2-PB1,57,0,0,0,691,691,C
2-PB1,58,684,0,2,0,686,A
2-PB1,59,0,0,0,717,717,C
2-PB1,60,719,0,0,0,719,A
2-PB1,61,772,0,0,0,772,A
2-PB1,62,0,1,0,773,774,C
2-PB1,63,771,0,0,0,771,A
2-PB1,64,0,782,0,0,782,T
2-PB1,65,0,781,0,0,781,T
2-PB1,66,2,0,0,953,955,C
2-PB1,67,3,0,0,956,959,C
2-PB1,68,1,0,0,953,954,C
2-PB1,69,0,971,0,1,972,T
2-PB1,70,0,971,0,0,971,T
2-PB1,71,1048,0,0,0,1048,A
2-PB1,72,0,1055,0,1,1056,T
2-PB1,73,1059,0,0,0,1059,A
2-PB1,74,0,0,0,1074,1074,C
2-PB1,75,0,1051,0,0,1051,T
2-PB1,76,0,2,1062,0,1064,G
2-PB1,77,0,1,1056,0,1057,G
2-PB1,78,1059,0,2,0,1061,A
2-PB1,79,0,2,1067,0,1069,G
2-PB1,80,1068,0,0,0,1068,A
2-PB1,81,0,1073,0,0,1073,T
2-PB1,82,3,0,0,1124,1127,C
2-PB1,83,2,0,0,1127,1129,C
2-PB1,84,0,1137,0,2,1139,T
2-PB1,85,0,0,0,1220,1220,C
2-PB1,86,2,0,0,1216,1218,C
2-PB1,87,1222,0,0,0,1222,A
2-PB1,88,1,1226,0,0,1227,T
2-PB1,89,1221,0,0,0,1221,A
2-PB1,90,0,0,0,1227,1227,C
2-PB1,91,1215,0,1,0,1216,A
2-PB1,92,0,1,1248,0,1249,G
2-PB1,93,0,0,0,1266,1266,C
2-PB1,94,1,0,0,1272,1273,C
2-PB1,95,1276,0,0,0,1276,A
2-PB1,96,0,1280,0,0,1280,T
2-PB1,97,0,2,1272,0,1274,G
2-PB1,98,1,9,1323,0,1333,G
2-PB1,99,1331,0,2,0,1333,A
2-PB1,100,1347,1,1,0,1349,A
2-PB1,101,0,0,0,1358,1358,C
2-PB1,102,1342,0,2,0,1344,A
2-PB1,103,0,2,1380,0,1382,G
2-PB1,104,0,4,1397,0,1401,G
2-PB1,105,1403,0,1,0,1404,A
2-PB1,106,1418,0,2,0,1420,A
2-PB1,107,0,0,0,1427,1427,C
2-PB1,108,1419,0,0,0,1419,A
2-PB1,109,0,2,1597,0,1599,G
2-PB1,110,0,3,1587,0,1590,G
2-PB1,111,0,1,1631,0,1632,G
2-PB1,112,0,1616,0,0,1616,T
2-PB1,113,1622,0,1,0,1623,A
2-PB1,114,0,0,0,1654,1654,C
2-PB1,115,1733,0,0,0,1733,A
2-PB1,116,0,0,0,1800,1800,C
2-PB1,117,0,0,0,1795,1795,C
2-PB1,118,1745,1,1,0,1747,A
2-PB1,119,0,1740,0,1,1741,T
2-PB1,120,0,3,1743,0,1746,G
2-PB1,121,0,5,1734,0,1739,G
2-PB1,122,1742,0,2,0,1744,A
2-PB1,123,0,0,0,1752,1752,C
2-PB1,124,1741,0,2,0,1743,A
2-PB1,125,0,0,0,1778,1778,C
2-PB1,126,1772,0,2,0,1774,A
2-PB1,127,0,1,1796,0,1797,G
2-PB1,128,0,1792,0,3,1795,T
2-PB1,129,6,1,0,1852,1859,C
2-PB1,130,1849,1,1,0,1851,A
2-PB1,131,1860,0,1,0,1861,A
2-PB1,132,0,1,0,1868,1869,C
2-PB1,133,1861,1,1,0,1863,A
2-PB1,134,0,1,1882,0,1883,G
2-PB1,135,1862,1,3,0,1866,A
2-PB1,136,1862,0,1,0,1863,A
2-PB1,137,0,0,0,1865,1865,C
2-PB1,138,1844,1,0,0,1845,A
2-PB1,139,0,3,0,1854,1857,C
2-PB1,140,1854,1,0,0,1855,A
2-PB1,141,0,1833,0,0,1833,T
2-PB1,142,2,0,0,1956,1958,C
2-PB1,143,1967,0,0,0,1967,A
2-PB1,144,1971,0,1,0,1972,A
2-PB1,145,0,2005,0,0,2005,T
2-PB1,146,2065,0,0,0,2065,A
2-PB1,147,0,2065,0,0,2065,T
2-PB1,148,1,2048,0,0,2049,T
2-PB1,149,12,0,0,2041,2053,C
2-PB1,150,2025,0,2,0,2027,A
2-PB1,151,0,4,2022,0,2026,G
2-PB1,152,2022,0,0,0,2022,A
2-PB1,153,0,1,2023,0,2024,G
2-PB1,154,1979,0,2,0,1981,A
2-PB1,155,2,0,1965,0,1967,G
2-PB1,156,0,3,1952,0,1955,G
2-PB1,157,1,6,2014,0,2021,G
2-PB1,158,0,2,2020,0,2022,G
2-PB1,159,0,2,2036,1,2039,G
2-PB1,160,2033,0,1,0,2034,A
2-PB1,161,2041,0,0,0,2041,A
2-PB1,162,1,0,2066,0,2067,G
2-PB1,163,0,2029,0,1,2030,T
2-PB1,164,0,5,2041,0,2046,G
2-PB1,165,0,3,2030,0,2033,G
2-PB1,166,2035,1,0,0,2036,A
2-PB1,167,0,1,0,2048,2049,C
2-PB1,168,1,10,2042,0,2053,G
2-PB1,169,2065,0,2,0,2067,A
2-PB1,170,0,0,0,2092,2092,C
2-PB1,171,2073,0,0,0,2073,A
2-PB1,172,2084,0,0,0,2084,A
2-PB1,173,2079,0,0,0,2079,A
2-PB1,174,0,2114,0,0,2114,T
2-PB1,175,2118,0,1,0,2119,A
2-PB1,176,0,0,0,2124,2124,C
2-PB1,177,2101,0,2,1,2104,A
2-PB1,178,0,5,2099,0,2104,G
2-PB1,179,2096,0,0,0,2096,A
2-PB1,180,2129,0,0,0,2129,A
2-PB1,181,2126,0,0,0,2126,A
2-PB1,182,1,1,0,2128,2130,C
2-PB1,183,0,2102,0,0,2102,T
2-PB1,184,0,1,2103,0,2104,G
2-PB1,185,2,3,2071,0,2076,G
2-PB1,186,0,2,2053,0,2055,G
2-PB1,187,1,1,2065,0,2067,G
2-PB1,188,1,1,0,2095,2097,C
2-PB1,189,2079,0,0,0,2079,A
2-PB1,190,1,0,0,2143,2144,C
2-PB1,191,3,0,0,2134,2137,C
2-PB1,192,7,1,0,2127,2135,C
2-PB1,193,4,0,0,2148,2152,C
2-PB1,194,2156,0,0,0,2156,A
2-PB1,195,2172,1,1,0,2174,A
2-PB1,196,0,0,0,2172,2172,C
2-PB1,197,0,2167,0,1,2168,T
2-PB1,198,5,0,0,2170,2175,C
2-PB1,199,2130,0,0,0,2130,A
2-PB1,200,2161,0,2,1,2164,A
2-PB1,201,1,0,0,2161,2162,C
2-PB1,202,2,2,0,2152,2156,C
2-PB1,203,4,0,0,2163,2167,C
2-PB1,204,2162,0,0,0,2162,A
2-PB1,205,2162,1,1,0,2164,A
2-PB1,206,0,2178,0,0,2178,T
2-PB1,207,1,2176,0,0,2177,T
2-PB1,208,1,4,2184,0,2189,G
2-PB1,209,2170,0,1,0,2171,A
2-PB1,210,0,2172,0,0,2172,T
2-PB1,211,0,3,2169,0,2172,G
2-PB1,212,1,1,2183,0,2185,G
2-PB1,213,2208,1,2,0,2211,A
2-PB1,214,1,0,0,2214,2215,C
2-PB1,215,7,1,0,2207,2215,C
2-PB1,216,2203,0,0,0,2203,A
2-PB1,217,0,0,0,2274,2274,C
2-PB1,218,0,2271,0,0,2271,T
2-PB1,219,2305,0,1,0,2306,A
2-PB1,220,1,0,0,2339,2340,C
2-PB1,221,4,1,0,2312,2317,C
2-PB1,222,2,2281,0,1,2284,T
2-PB1,223,0,3,2287,0,2290,G
2-PB1,224,2287,0,2,0,2289,A
2-PB1,225,0,4,2298,0,2302,G
2-PB1,226,1,4,2286,0,2291,G
2-PB1,227,2281,0,0,0,2281,A
2-PB1,228,0,2271,0,0,2271,T
2-PB1,229,2258,0,0,0,2258,A
2-PB1,230,2245,0,2,0,2247,A
2-PB1,231,0,2258,0,0,2258,T
2-PB1,232,0,4,2249,0,2253,G
2-PB1,233,2245,0,2,0,2247,A
2-PB1,234,2232,0,0,0,2232,A
2-PB1,235,1,1,1,2237,2240,C
2-PB1,236,3,0,0,2210,2213,C
2-PB1,237,2234,0,0,0,2234,A
2-PB1,238,2225,0,1,0,2226,A
2-PB1,239,0,0,2239,0,2239,G
2-PB1,240,0,2213,0,0,2213,T
2-PB1,241,0,5,2226,1,2232,G
2-PB1,242,0,3,2257,0,2260,G
2-PB1,243,2245,0,2,0,2247,A
2-PB1,244,0,2256,0,0,2256,T
2-PB1,245,2262,0,2,0,2264,A
2-PB1,246,0,2301,0,1,2302,T
2-PB1,247,1,2,2304,0,2307,G
2-PB1,248,1,0,0,2303,2304,C
2-PB1,249,2298,0,2,0,2300,A
2-PB1,250,0,0,0,2348,2348,C
2-PB1,251,2318,0,0,0,2318,A
2-PB1,252,2336,0,1,0,2337,A
2-PB1,253,2325,0,1,0,2326,A
2-PB1,254,2,1,0,2346,2349,C
2-PB1,255,2290,0,0,0,2290,A
2-PB1,256,0,6,2303,0,2309,G
2-PB1,257,2293,1,2,0,2296,A
2-PB1,258,1,0,0,2311,2312,C
2-PB1,259,0,2243,0,1,2244,T
2-PB1,260,0,0,2285,0,2285,G
2-PB1,261,0,2244,0,1,2245,T
2-PB1,262,0,0,2344,0,2344,G
2-PB1,263,1,2322,0,3,2326,T
2-PB1,264,3,0,0,2339,2342,C
2-PB1,265,1,0,0,2350,2351,C
2-PB1,266,0,2323,0,4,2327,T
2-PB1,267,1,4,2323,0,2328,G
2-PB1,268,0,1,2326,0,2327,G
2-PB1,269,2273,0,0,0,2273,A
2-PB1,270,0,4,2318,0,2322,G
2-PB1,271,0,1,2263,0,2264,G
2-PB1,272,2,0,0,2261,2263,C
2-PB1,273,0,2261,0,0,2261,T
2-PB1,274,2270,0,0,0,2270,A
2-PB1,275,0,2267,0,2,2269,T
2-PB1,276,0,1,2265,0,2266,G
2-PB1,277,0,0,2257,0,2257,G
2-PB1,278,1,0,0,2241,2242,C
2-PB1,279,2,0,1,2222,2225,C
2-PB1,280,0,2209,0,1,2210,T
2-PB1,281,0,2322,0,0,2322,T
2-PB1,282,4,0,0,2310,2314,C
2-PB1,283,2,0,0,2325,2327,C
2-PB1,284,0,2326,0,0,2326,T
2-PB1,285,0,2327,0,0,2327,T
2-PB1,286,0,1,2330,0,2331,G
2-PB1,287,2330,0,0,0,2330,A
2-PB1,288,2333,0,0,0,2333,A
2-PB1,289,0,2,2321,0,2323,G
2-PB1,290,2240,0,0,0,2240,A
2-PB1,291,2255,0,1,0,2256,A
2-PB1,292,1,2236,0,0,2237,T
2-PB1,293,9,1,0,2244,2254,C
2-PB1,294,3,0,0,2235,2238,C
2-PB1,295,6,0,0,2231,2237,C
2-PB1,296,2230,1,1,0,2232,A
2-PB1,297,0,0,0,2269,2269,C
2-PB1,298,1,0,0,2268,2269,C
2-PB1,299,4,0,0,2269,2273,C
2-PB1,300,2260,0,0,0,2260,A
2-PB1,301,0,0,2273,0,2273,G
2-PB1,302,0,0,2293,0,2293,G
2-PB1,303,0,2250,0,4,2254,T
2-PB1,304,2294,0,0,0,2294,A
2-PB1,305,0,2293,0,1,2294,T
2-PB1,306,1,0,0,2298,2299,C
2-PB1,307,0,2287,0,8,2295,T
2-PB1,308,0,2309,0,0,2309,T
2-PB1,309,0,2307,0,0,2307,T
2-PB1,310,0,2,2295,0,2297,G
2-PB1,311,2280,0,0,0,2280,A
2-PB1,312,0,5,2277,0,2282,G
2-PB1,313,2257,0,0,0,2257,A
2-PB1,314,2273,0,0,0,2273,A
2-PB1,315,0,0,0,2286,2286,C
2-PB1,316,0,2250,0,1,2251,T
2-PB1,317,6,1,0,2267,2274,C
2-PB1,318,2255,0,0,0,2255,A
2-PB1,319,0,2266,0,0,2266,T
2-PB1,320,0,2,2263,0,2265,G
2-PB1,321,0,0,0,2283,2283,C
2-PB1,322,6,0,0,2289,2295,C
2-PB1,323,1,2279,0,0,2280,T
2-PB1,324,1,2267,0,1,2269,T
2-PB1,325,0,5,2265,0,2270,G
2-PB1,326,2276,0,2,0,2278,A
2-PB1,327,2284,0,2,0,2286,A
2-PB1,328,2286,0,2,0,2288,A
2-PB1,329,0,1,0,2310,2311,C
2-PB1,330,2265,0,2,0,2267,A
2-PB1,331,2286,1,1,0,2288,A
2-PB1,332,0,2286,0,1,2287,T
2-PB1,333,0,2,2288,0,2290,G
2-PB1,334,1,2,2262,0,2265,G
2-PB1,335,2256,0,2,0,2258,A
2-PB1,336,2257,0,2,0,2259,A
2-PB1,337,0,1,2241,0,2242,G
2-PB1,338,1,0,0,2247,2248,C
2-PB1,339,2,0,0,2248,2250,C
2-PB1,340,0,0,2282,0,2282,G
2-PB1,341,0,2253,0,4,2257,T
2-PB1,342,0,2252,0,0,2252,T
2-PB1,343,6,0,0,2284,2290,C
2-PB1,344,2286,0,0,0,2286,A
2-PB1,345,2296,0,4,1,2301,A
2-PB1,346,0,0,0,2316,2316,C
2-PB1,347,2313,0,5,0,2318,A
2-PB1,348,1,7,2315,0,2323,G
2-PB1,349,2285,0,0,0,2285,A
2-PB1,350,0,0,0,2301,2301,C
2-PB1,351,2305,0,0,0,2305,A
2-PB1,352,2303,0,0,0,2303,A
2-PB1,353,2,3,2323,0,2328,G
2-PB1,354,0,2,2298,0,2300,G
2-PB1,355,0,1,2292,0,2293,G
2-PB1,356,0,2208,0,0,2208,T
2-PB1,357,0,4,2251,0,2255,G
2-PB1,358,0,4,2244,0,2248,G
2-PB1,359,2247,1,3,0,2251,A
2-PB1,360,1,0,0,2266,2267,C
2-PB1,361,2219,0,0,0,2219,A
2-PB1,362,2235,0,0,0,2235,A
2-PB1,363,2234,0,2,0,2236,A
2-PB1,364,0,0,0,2234,2234,C
2-PB1,365,0,2225,0,1,2226,T
2-PB1,366,2237,0,1,0,2238,A
2-PB1,367,2242,0,0,0,2242,A
2-PB1,368,0,1,0,2256,2257,C
2-PB1,369,4,0,0,2256,2260,C
2-PB1,370,7,0,0,2263,2270,C
2-PB1,371,2214,0,0,0,2214,A
2-PB1,372,2209,0,0,0,2209,A
2-PB1,373,0,3,2204,1,2208,G
2-PB1,374,0,2,2203,0,2205,G
2-PB1,375,1,2194,0,1,2196,T
2-PB1,376,6,1,0,2208,2215,C
2-PB1,377,0,1,2202,0,2203,G
2-PB1,378,0,2,0,2201,2203,C
2-PB1,379,2,1,0,2211,2214,C
2-PB1,380,2219,0,0,0,2219,A
2-PB1,381,0,7,2249,0,2256,G
2-PB1,382,2266,0,0,0,2266,A
2-PB1,383,0,0,0,2277,2277,C
2-PB1,384,0,2266,0,1,2267,T
2-PB1,385,0,2255,0,1,2256,T
2-PB1,386,2256,0,0,0,2256,A
2-PB1,387,0,2264,0,1,2265,T
2-PB1,388,2,6,2264,0,2272,G
2-PB1,389,2250,0,0,0,2250,A
2-PB1,390,0,2226,0,1,2227,T
2-PB1,391,0,2163,0,0,2163,T
2-PB1,392,1,1,2157,0,2159,G
2-PB1,393,0,5,2152,0,2157,G
2-PB1,394,2168,1,1,0,2170,A
2-PB1,395,0,0,0,2182,2182,C
2-PB1,396,2171,0,0,0,2171,A
2-PB1,397,0,2153,0,0,2153,T
2-PB1,398,0,2167,0,0,2167,T
2-PB1,399,2186,0,0,0,2186,A
2-PB1,400,2172,0,1,0,2173,A
2-PB1,401,2182,0,1,0,2183,A
2-PB1,402,0,0,0,2191,2191,C
2-PB1,403,2159,0,0,0,2159,A
2-PB1,404,0,3,2157,0,2160,G
2-PB1,405,2166,0,0,0,2166,A
2-PB1,406,2171,0,1,0,2172,A
2-PB1,407,2165,0,1,0,2166,A
2-PB1,408,1,2123,0,1,2125,T
2-PB1,409,5,0,0,2147,2152,C
2-PB1,410,2158,0,0,0,2158,A
2-PB1,411,2141,0,0,0,2141,A
2-PB1,412,0,2,0,2150,2152,C
2-PB1,413,2,2,0,2133,2137,C
2-PB1,414,1,2,2136,0,2139,G
2-PB1,415,0,0,2136,0,2136,G
2-PB1,416,1,1,0,2150,2152,C
2-PB1,417,2159,0,0,0,2159,A
2-PB1,418,1,1,2149,0,2151,G
2-PB1,419,0,0,0,2175,2175,C
2-PB1,420,2182,0,0,0,2182,A
2-PB1,421,2181,0,0,0,2181,A
2-PB1,422,0,0,0,2187,2187,C
2-PB1,423,1,2148,0,2,2151,T
2-PB1,424,0,0,2229,1,2230,G
2-PB1,425,0,1,0,2228,2229,C
2-PB1,426,2227,0,0,0,2227,A
2-PB1,427,0,2223,0,2,2225,T
2-PB1,428,0,2200,0,0,2200,T
2-PB1,429,2296,0,0,0,2296,A
2-PB1,430,0,0,2270,0,2270,G
2-PB1,431,2,3,0,2261,2266,C
2-PB1,432,0,0,0,2280,2280,C
2-PB1,433,2183,1,0,0,2184,A
2-PB1,434,2202,0,0,0,2202,A
2-PB1,435,0,1,0,2215,2216,C
2-PB1,436,2193,0,0,0,2193,A
2-PB1,437,0,1,0,2255,2256,C
2-PB1,438,1,0,1,2099,2101,C
2-PB1,439,2090,0,0,0,2090,A
2-PB1,440,0,2083,0,1,2084,T
2-PB1,441,2096,0,0,0,2096,A
2-PB1,442,1,1,2085,0,2087,G
2-PB1,443,2069,0,0,0,2069,A
2-PB1,444,2044,0,0,0,2044,A
2-PB1,445,0,0,2058,0,2058,G
2-PB1,446,0,1975,0,2,1977,T
2-PB1,447,0,1968,0,1,1969,T
2-PB1,448,0,1993,0,1,1994,T
2-PB1,449,0,1998,0,1,1999,T
2-PB1,450,1,1992,0,2,1995,T
2-PB1,451,1994,0,1,0,1995,A
2-PB1,452,1,1,1987,0,1989,G
2-PB1,453,1982,0,2,0,1984,A
2-PB1,454,0,1964,0,0,1964,T
2-PB1,455,4,1,0,1940,1945,C
2-PB1,456,0,6,1947,0,1953,G
2-PB1,457,1953,0,0,0,1953,A
2-PB1,458,1951,2,1,0,1954,A
2-PB1,459,0,4,0,1958,1962,C
2-PB1,460,1,3,1962,0,1966,G
2-PB1,461,0,2,2046,0,2048,G
2-PB1,462,2040,0,0,0,2040,A
2-PB1,463,0,2046,0,0,2046,T
2-PB1,464,0,2048,0,1,2049,T
2-PB1,465,2032,0,7,0,2039,A
2-PB1,466,2042,0,0,1,2043,A
2-PB1,467,0,0,0,2056,2056,C
2-PB1,468,2041,0,0,0,2041,A
2-PB1,469,0,1,2044,0,2045,G
2-PB1,470,0,0,0,1983,1983,C
2-PB1,471,0,1987,0,0,1987,T
2-PB1,472,1993,0,1,0,1994,A
2-PB1,473,1989,0,0,1,1990,A
2-PB1,474,0,1992,0,1,1993,T
2-PB1,475,0,7,2010,0,2017,G
2-PB1,476,2008,0,0,0,2008,A
2-PB1,477,2011,0,0,0,2011,A
2-PB1,478,0,1966,0,1,1967,T
2-PB1,479,3,0,0,1972,1975,C
2-PB1,480,1974,0,3,0,1977,A
2-PB1,481,1,0,1976,0,1977,G
2-PB1,482,0,2,1967,0,1969,G
2-PB1,483,1966,0,0,0,1966,A
2-PB1,484,1947,0,1,1,1949,A
2-PB1,485,1,0,2015,0,2016,G
2-PB1,486,0,0,2012,0,2012,G
2-PB1,487,0,0,0,2021,2021,C
2-PB1,488,0,2019,0,0,2019,T
2-PB1,489,2027,0,1,0,2028,A
2-PB1,490,2034,0,0,0,2034,A
2-PB1,491,0,2034,0,0,2034,T
2-PB1,492,2037,0,0,0,2037,A
2-PB1,493,0,5,2045,0,2050,G
2-PB1,494,1956,0,1,0,1957,A
2-PB1,495,1,1943,0,0,1944,T
2-PB1,496,0,1941,0,1,1942,T
2-PB1,497,0,1918,0,0,1918,T
2-PB1,498,1,0,0,1977,1978,C
2-PB1,499,2,0,0,1984,1986,C
2-PB1,500,0,1983,0,2,1985,T
2-PB1,501,1,0,0,2005,2006,C
2-PB1,502,2003,0,0,0,2003,A
2-PB1,503,2008,0,1,0,2009,A
2-PB1,504,0,2,2016,0,2018,G
2-PB1,505,0,6,2036,0,2042,G
2-PB1,506,2030,0,0,0,2030,A
2-PB1,507,0,1973,0,0,1973,T
2-PB1,508,0,0,1985,0,1985,G
2-PB1,509,0,1986,1,1,1988,T
2-PB1,510,2,3,2005,0,2010,G
2-PB1,511,1995,1,17,0,2013,A
2-PB1,512,0,2000,0,1,2001,T
2-PB1,513,0,2,1987,0,1989,G
2-PB1,514,0,3,1987,0,1990,G
2-PB1,515,1991,0,0,0,1991,A
2-PB1,516,1992,0,1,0,1993,A
2-PB1,517,1,1937,0,0,1938,T
2-PB1,518,4,0,0,1966,1970,C
2-PB1,519,1948,1,0,0,1949,A
2-PB1,520,1949,0,0,0,1949,A
2-PB1,521,0,1956,0,0,1956,T
2-PB1,522,0,4,1970,0,1974,G
2-PB1,523,1,2,1978,0,1981,G
2-PB1,524,1970,0,2,0,1972,A
2-PB1,525,0,1969,0,0,1969,T
2-PB1,526,1978,0,0,0,1978,A
2-PB1,527,1970,0,0,0,1970,A
2-PB1,528,1963,0,1,1,1965,A
2-PB1,529,0,2,1979,0,1981,G
2-PB1,530,1968,0,0,0,1968,A
2-PB1,531,0,1,1951,0,1952,G
2-PB1,532,0,1,1966,0,1967,G
2-PB1,533,1956,0,0,0,1956,A
2-PB1,534,1962,0,0,0,1962,A
2-PB1,535,1972,0,0,0,1972,A
2-PB1,536,0,1955,0,0,1955,T
2-PB1,537,1,2,1984,0,1987,G
2-PB1,538,0,2,1983,0,1985,G
2-PB1,539,1967,1,2,0,1970,A
2-PB1,540,0,2,1977,0,1979,G
2-PB1,541,1958,0,0,0,1958,A
2-PB1,542,0,1974,0,0,1974,T
2-PB1,543,1983,0,0,0,1983,A
2-PB1,544,2002,1,1,0,2004,A
2-PB1,545,1,1,0,2007,2009,C
2-PB1,546,1980,0,0,0,1980,A
2-PB1,547,1976,1,1,0,1978,A
2-PB1,548,1,1,0,1961,1963,C
2-PB1,549,1954,1,2,0,1957,A
2-PB1,550,0,1,0,1946,1947,C
2-PB1,551,1918,0,0,0,1918,A
2-PB1,552,0,0,0,1923,1923,C
2-PB1,553,0,1887,0,3,1890,T
2-PB1,554,0,1880,0,1,1881,T
2-PB1,555,0,1880,0,1,1881,T
2-PB1,556,6,0,0,1892,1898,C
2-PB1,557,1905,0,0,1,1906,A
2-PB1,558,1914,0,0,0,1914,A
2-PB1,559,1916,0,0,0,1916,A
2-PB1,560,0,2,1911,1,1914,G
2-PB1,561,1902,0,0,0,1902,A
2-PB1,562,1905,0,0,0,1905,A
2-PB1,563,1906,0,0,0,1906,A
2-PB1,564,1906,0,2,0,1908,A
2-PB1,565,1907,0,1,0,1908,A
2-PB1,566,1,2,1902,0,1905,G
2-PB1,567,0,4,1895,0,1899,G
2-PB1,568,1886,0,1,0,1887,A
2-PB1,569,0,6,1911,0,1917,G
2-PB1,570,1911,1,5,1,1918,A
2-PB1,571,0,0,1970,0,1970,G
2-PB1,572,0,1953,0,0,1953,T
2-PB1,573,1973,0,0,0,1973,A
2-PB1,574,1971,0,1,0,1972,A
2-PB1,575,1,3,1962,0,1966,G
2-PB1,576,0,5,1972,0,1977,G
2-PB1,577,1,3,1964,0,1968,G
2-PB1,578,1956,0,1,0,1957,A
2-PB1,579,0,0,0,1951,1951,C
2-PB1,580,1930,0,1,0,1931,A
2-PB1,581,1945,0,0,0,1945,A
2-PB1,582,1,0,0,1923,1924,C
2-PB1,583,1927,0,1,0,1928,A
2-PB1,584,0,1907,0,0,1907,T
2-PB1,585,1,7,1891,0,1899,G
2-PB1,586,1894,0,0,0,1894,A
2-PB1,587,1,0,0,1879,1880,C
2-PB1,588,4,0,0,1864,1868,C
2-PB1,589,1873,0,0,0,1873,A
2-PB1,590,1874,0,0,0,1874,A
2-PB1,591,0,1,1880,0,1881,G
2-PB1,592,1883,0,0,0,1883,A
2-PB1,593,1880,0,0,1,1881,A
2-PB1,594,1865,0,0,0,1865,A
2-PB1,595,1861,0,0,1,1862,A
2-PB1,596,0,1868,0,1,1869,T
2-PB1,597,0,3,1867,0,1870,G
2-PB1,598,0,0,1881,0,1881,G
2-PB1,599,0,1860,0,1,1861,T
2-PB1,600,8,0,0,1847,1855,C
2-PB1,601,1875,0,0,0,1875,A
2-PB1,602,0,2,0,2096,2098,C
2-PB1,603,2171,0,1,0,2172,A
2-PB1,604,1,0,0,2196,2197,C
2-PB1,605,2204,0,1,0,2205,A
2-PB1,606,2332,0,0,0,2332,A
2-PB1,607,2328,1,0,0,2329,A
2-PB1,608,0,6,2533,0,2539,G
2-PB1,609,2537,0,2,0,2539,A
2-PB1,610,2565,0,3,0,2568,A
2-PB1,611,0,0,0,2686,2686,C
2-PB1,612,2656,0,0,0,2656,A
2-PB1,613,2688,1,0,0,2689,A
2-PB1,614,0,2669,0,0,2669,T
2-PB1,615,2660,0,2,0,2662,A
2-PB1,616,0,4,2657,0,2661,G
2-PB1,617,0,5,2597,0,2602,G
2-PB1,618,0,2,2603,0,2605,G
2-PB1,619,2594,1,7,0,2602,A
2-PB1,620,2602,0,1,0,2603,A
2-PB1,621,0,3,2645,0,2648,G
2-PB1,622,2650,0,0,0,2650,A
2-PB1,623,2651,1,0,0,2652,A
2-PB1,624,2668,0,0,0,2668,A
2-PB1,625,2683,0,1,0,2684,A
2-PB1,626,2740,0,1,0,2741,A
2-PB1,627,2746,0,1,0,2747,A
2-PB1,628,0,0,0,2756,2756,C
2-PB1,629,2754,0,1,0,2755,A
2-PB1,630,2748,0,0,0,2748,A
2-PB1,631,2736,0,0,0,2736,A
2-PB1,632,0,5,2796,0,2801,G
2-PB1,633,2808,0,0,0,2808,A
2-PB1,634,1,1,2942,0,2944,G
2-PB1,635,0,2888,0,0,2888,T
2-PB1,636,1,10,3481,1,3493,G
2-PB1,637,3509,0,4,0,3513,A
2-PB1,638,3524,0,0,0,3524,A
2-PB1,639,0,3600,1,0,3601,T
2-PB1,640,3619,0,0,0,3619,A
2-PB1,641,3635,0,3,1,3639,A
2-PB1,642,0,4,3651,0,3655,G
2-PB1,643,3586,0,2,0,3588,A
2-PB1,644,0,7,3608,0,3615,G
2-PB1,645,3519,0,4,0,3523,A
2-PB1,646,0,2,3550,1,3553,G
2-PB1,647,0,3,3545,0,3548,G
2-PB1,648,0,1,0,3547,3548,C
2-PB1,649,0,3536,0,5,3541,T
2-PB1,650,3685,1,0,0,3686,A
2-PB1,651,1,0,0,3937,3938,C
2-PB1,652,6,0,0,3945,3951,C
2-PB1,653,1,4003,0,3,4007,T
2-PB1,654,4172,0,1,0,4173,A
2-PB1,655,4172,1,0,0,4173,A
2-PB1,656,0,4172,0,0,4172,T
2-PB1,657,4178,0,0,0,4178,A
2-PB1,658,4173,0,1,0,4174,A
2-PB1,659,5,8,4178,0,4191,G
2-PB1,660,4083,0,15,0,4098,A
2-PB1,661,1,0,4124,0,4125,G
2-PB1,662,1,0,0,4148,4149,C
2-PB1,663,0,4112,1,4,4117,T
2-PB1,664,1,4153,0,1,4155,T
2-PB1,665,0,4161,0,0,4161,T
2-PB1,666,0,11,4145,1,4157,G
2-PB1,667,4230,1,9,1,4241,A
2-PB1,668,1,0,0,4267,4268,C
2-PB1,669,4274,0,1,0,4275,A
2-PB1,670,0,4250,0,0,4250,T
2-PB1,671,0,4243,0,0,4243,T
2-PB1,672,3,14,4341,0,4358,G
2-PB1,673,4348,0,3,0,4351,A
2-PB1,674,4352,0,5,1,4358,A
2-PB1,675,0,1,0,4371,4372,C
2-PB1,676,4380,0,2,0,4382,A
2-PB1,677,0,3,0,4381,4384,C
2-PB1,678,0,5,4378,1,4384,G
2-PB1,679,4380,1,3,0,4384,A
2-PB1,680,0,4377,0,1,4378,T
2-PB1,681,1,24,4465,1,4491,G
2-PB1,682,4484,1,7,0,4492,A
2-PB1,683,0,0,0,4510,4510,C
2-PB1,684,11,2,1,4517,4531,C
2-PB1,685,4532,0,0,0,4532,A
2-PB1,686,4596,0,1,0,4597,A
2-PB1,687,4600,1,3,0,4604,A
2-PB1,688,0,4,4705,0,4709,G
2-PB1,689,4760,0,0,1,4761,A
2-PB1,690,0,4762,0,0,4762,T
2-PB1,691,2,2,4783,0,4787,G
2-PB1,692,2,1,0,4747,4750,C
2-PB1,693,4762,0,1,0,4763,A
2-PB1,694,0,5,4798,0,4803,G
2-PB1,695,4791,0,1,0,4792,A
2-PB1,696,0,11,4789,0,4800,G
2-PB1,697,4694,0,1,0,4695,A
2-PB1,698,2,3,4691,0,4696,G
2-PB1,699,4648,1,6,0,4655,A
2-PB1,700,1,7,4653,0,4661,G
2-PB1,701,1,5,4643,0,4649,G
2-PB1,702,0,1,1,4666,4668,C
2-PB1,703,4653,0,0,0,4653,A
2-PB1,704,4668,0,1,0,4669,A
2-PB1,705,4677,0,0,1,4678,A
2-PB1,706,0,4695,0,1,4696,T
2-PB1,707,0,4703,0,0,4703,T
2-PB1,708,4690,1,3,0,4694,A
2-PB1,709,4697,0,0,1,4698,A
2-PB1,710,4688,0,2,1,4691,A
2-PB1,711,4721,1,1,2,4725,A
2-PB1,712,4714,0,1,1,4716,A
2-PB1,713,2,0,4721,0,4723,G
2-PB1,714,4664,0,1,0,4665,A
2-PB1,715,4680,0,1,1,4682,A
2-PB1,716,1,7,4744,0,4752,G
2-PB1,717,0,1,4816,0,4817,G
2-PB1,718,0,2,4816,0,4818,G
2-PB1,719,4,0,0,4877,4881,C
2-PB1,720,0,4886,0,0,4886,T
2-PB1,721,4924,0,1,0,4925,A
2-PB1,722,0,5004,0,2,5006,T
2-PB1,723,0,5004,1,2,5007,T
2-PB1,724,4,3,5050,0,5057,G
2-PB1,725,4,2,0,5031,5037,C
2-PB1,726,4935,1,13,0,4949,A
2-PB1,727,4929,0,3,0,4932,A
2-PB1,728,1,1,0,4952,4954,C
2-PB1,729,4945,0,3,0,4948,A
2-PB1,730,2,1,0,4988,4991,C
2-PB1,731,7,1,0,4903,4911,C
2-PB1,732,6,2,1,4889,4898,C
2-PB1,733,1,18,4871,0,4890,G
2-PB1,734,0,5,4899,0,4904,G
2-PB1,735,2,7,4901,0,4910,G
2-PB1,736,4920,0,0,0,4920,A
2-PB1,737,2,4874,1,2,4879,T
2-PB1,738,1,1,4929,0,4931,G
2-PB1,739,4,2,0,4905,4911,C
2-PB1,740,5001,0,2,0,5003,A
2-PB1,741,5082,0,3,0,5085,A
2-PB1,742,5131,0,0,0,5131,A
2-PB1,743,0,5123,1,28,5152,T
2-PB1,744,0,5156,1,0,5157,T
2-PB1,745,5122,0,0,1,5123,A
2-PB1,746,1,2,5126,0,5129,G
2-PB1,747,5085,0,5,1,5091,A
2-PB1,748,1,14,5115,0,5130,G
2-PB1,749,0,11,5029,1,5041,G
2-PB1,750,1,3,5144,0,5148,G
2-PB1,751,0,5114,0,4,5118,T
2-PB1,752,0,5180,0,2,5182,T
2-PB1,753,16,0,1,5189,5206,C
2-PB1,754,4,2,5274,0,5280,G
2-PB1,755,1,5263,0,2,5266,T
2-PB1,756,0,0,5283,0,5283,G
2-PB1,757,1,5255,0,1,5257,T
2-PB1,758,5233,0,0,1,5234,A
2-PB1,759,0,0,0,5241,5241,C
2-PB1,760,0,5017,0,1,5018,T
2-PB1,761,2,5027,0,2,5031,T
2-PB1,762,5,1,0,5035,5041,C
2-PB1,763,4,0,4983,0,4987,G
2-PB1,764,0,4987,0,3,4990,T
2-PB1,765,0,4982,0,12,4994,T
2-PB1,766,0,12,4970,0,4982,G
2-PB1,767,4950,0,0,0,4950,A
2-PB1,768,4971,0,2,0,4973,A
2-PB1,769,5017,0,2,1,5020,A
2-PB1,770,1,0,0,5047,5048,C
2-PB1,771,0,5004,3,1,5008,T
2-PB1,772,1,4992,0,0,4993,T
2-PB1,773,0,4990,0,3,4993,T
2-PB1,774,5081,0,4,0,5085,A
2-PB1,775,0,0,5093,0,5093,G
2-PB1,776,1,1,0,5092,5094,C
2-PB1,777,0,5110,0,1,5111,T
2-PB1,778,5051,1,2,1,5055,A
2-PB1,779,1,2,5061,0,5064,G
2-PB1,780,5045,1,0,0,5046,A
2-PB1,781,5045,0,1,0,5046,A
2-PB1,782,0,2,5062,0,5064,G
2-PB1,783,0,1,0,4977,4978,C
2-PB1,784,4981,0,1,0,4982,A
2-PB1,785,0,4974,0,0,4974,T
2-PB1,786,1,4973,0,0,4974,T
2-PB1,787,1,4986,0,1,4988,T
2-PB1,788,2,3,4975,0,4980,G
2-PB1,789,0,3,0,4982,4985,C
2-PB1,790,3,11,4981,0,4995,G
2-PB1,791,4972,1,0,0,4973,A
2-PB1,792,4943,0,18,0,4961,A
2-PB1,793,4977,0,2,0,4979,A
2-PB1,794,5107,0,1,0,5108,A
2-PB1,795,0,0,5151,0,5151,G
2-PB1,796,1,0,0,5166,5167,C
2-PB1,797,0,5166,1,4,5171,T
2-PB1,798,0,5172,0,3,5175,T
2-PB1,799,2,21,5152,1,5176,G
2-PB1,800,5158,0,3,0,5161,A
2-PB1,801,5168,0,1,0,5169,A
2-PB1,802,0,2,0,5202,5204,C
2-PB1,803,5121,0,2,0,5123,A
2-PB1,804,1,3,5636,0,5640,G
2-PB1,805,0,5594,0,10,5604,T
2-PB1,806,10,1,0,5617,5628,C
2-PB1,807,0,5645,0,7,5652,T
2-PB1,808,1,5,5640,0,5646,G
2-PB1,809,3,15,5630,0,5648,G
2-PB1,810,5639,0,2,1,5642,A
2-PB1,811,2,2,0,5683,5687,C
2-PB1,812,0,5462,0,1,5463,T
2-PB1,813,0,5150,0,0,5150,T
2-PB1,814,1,1,0,5160,5162,C
2-PB1,815,4,3,0,5139,5146,C
2-PB1,816,1,4,5171,0,5176,G
2-PB1,817,30,2,5165,0,5197,G
2-PB1,818,1,5156,0,2,5159,T
2-PB1,819,0,5186,0,1,5187,T
2-PB1,820,0,8,5148,0,5156,G
2-PB1,821,0,1,5185,0,5186,G
2-PB1,822,0,9,5201,0,5210,G
2-PB1,823,0,8,5203,0,5211,G
2-PB1,824,1,2,5249,0,5252,G
2-PB1,825,0,5162,0,5,5167,T
2-PB1,826,5204,0,0,0,5204,A
2-PB1,827,5233,0,2,0,5235,A
2-PB1,828,0,5250,0,1,5251,T
2-PB1,829,1,12,5246,0,5259,G
2-PB1,830,5208,0,0,0,5208,A
2-PB1,831,5175,0,0,0,5175,A
2-PB1,832,5182,0,0,1,5183,A
2-PB1,833,5142,0,1,0,5143,A
2-PB1,834,0,2,5138,1,5141,G
2-PB1,835,5108,0,1,0,5109,A
2-PB1,836,5064,0,4,0,5068,A
2-PB1,837,1,4,5087,0,5092,G
2-PB1,838,1,2,5052,0,5055,G
2-PB1,839,2,2,0,5058,5062,C
2-PB1,840,3,1,0,5068,5072,C
2-PB1,841,5085,0,2,0,5087,A
2-PB1,842,5089,0,0,1,5090,A
2-PB1,843,5084,0,0,0,5084,A
2-PB1,844,1,2,0,5112,5115,C
2-PB1,845,0,5102,1,0,5103,T
2-PB1,846,1,12,5163,0,5176,G
2-PB1,847,4,1,5160,0,5165,G
2-PB1,848,0,1,0,5170,5171,C
2-PB1,849,5187,0,0,0,5187,A
2-PB1,850,5176,0,1,0,5177,A
2-PB1,851,5176,0,0,1,5177,A
2-PB1,852,0,5209,0,0,5209,T
2-PB1,853,3,1,5207,0,5211,G
2-PB1,854,0,5179,0,2,5181,T
2-PB1,855,0,5102,0,1,5103,T
2-PB1,856,1,1,5105,0,5107,G
2-PB1,857,0,5060,0,1,5061,T
2-PB1,858,0,13,5095,0,5108,G
2-PB1,859,5108,0,3,0,5111,A
2-PB1,860,1,8,5115,0,5124,G
2-PB1,861,5112,0,1,0,5113,A
2-PB1,862,5070,13,1,0,5084,A
2-PB1,863,5085,0,0,0,5085,A
2-PB1,864,5094,0,3,0,5097,A
2-PB1,865,5102,0,1,0,5103,A
2-PB1,866,0,5079,0,7,5086,T
2-PB1,867,7,12,5069,0,5088,G
2-PB1,868,5075,0,4,0,5079,A
2-PB1,869,0,5034,0,5,5039,T
2-PB1,870,1,11,5065,0,5077,G
2-PB1,871,5049,1,6,0,5056,A
2-PB1,872,0,0,0,5113,5113,C
2-PB1,873,0,5093,1,2,5096,T
2-PB1,874,5096,0,4,0,5100,A
2-PB1,875,5155,1,0,0,5156,A
2-PB1,876,1,5133,0,1,5135,T
2-PB1,877,0,5191,0,1,5192,T
2-PB1,878,23,0,0,5209,5232,C
2-PB1,879,5224,0,3,0,5227,A
2-PB1,880,0,0,1,5256,5257,C
2-PB1,881,5185,1,1,0,5187,A
2-PB1,882,5178,0,5,0,5183,A
2-PB1,883,1,4,5192,0,5197,G
2-PB1,884,5268,1,8,0,5277,A
2-PB1,885,3,2,1,5275,5281,C
2-PB1,886,5211,2,3,1,5217,A
2-PB1,887,1,0,0,5218,5219,C
2-PB1,888,5160,0,3,0,5163,A
2-PB1,889,0,6,5195,0,5201,G
2-PB1,890,5162,1,6,0,5169,A
2-PB1,891,1,0,5156,0,5157,G
2-PB1,892,3,1,0,5137,5141,C
2-PB1,893,1,5036,0,6,5043,T
2-PB1,894,1,5132,0,1,5134,T
2-PB1,895,0,5132,0,2,5134,T
2-PB1,896,10,1,0,5161,5172,C
2-PB1,897,0,5168,0,2,5170,T
2-PB1,898,0,5157,0,1,5158,T
2-PB1,899,0,5155,0,1,5156,T
2-PB1,900,15,2,0,5152,5169,C
2-PB1,901,5143,1,2,0,5146,A
2-PB1,902,2,0,0,5183,5185,C
2-PB1,903,5123,0,2,0,5125,A
2-PB1,904,5142,0,0,0,5142,A
2-PB1,905,0,5185,0,0,5185,T
2-PB1,906,13,0,0,5261,5274,C
2-PB1,907,5258,0,1,0,5259,A
2-PB1,908,5,0,0,5319,5324,C
2-PB1,909,0,5286,1,2,5289,T
2-PB1,910,3,8,5334,0,5345,G
2-PB1,911,0,3,5291,0,5294,G
2-PB1,912,1,8,5427,0,5436,G
2-PB1,913,0,14,5412,0,5426,G
2-PB1,914,5322,1,5,0,5328,A
2-PB1,915,0,0,1,5157,5158,C
2-PB1,916,5206,2,3,0,5211,A
2-PB1,917,5487,1,7,0,5495,A
2-PB1,918,2,1,0,5537,5540,C
2-PB1,919,5509,1,2,0,5512,A
2-PB1,920,1,0,0,5520,5521,C
2-PB1,921,2,5291,0,1,5294,T
2-PB1,922,5327,0,4,0,5331,A
2-PB1,923,5313,0,2,1,5316,A
2-PB1,924,1,3,5328,0,5332,G
2-PB1,925,1,5281,0,1,5283,T
2-PB1,926,0,5,4972,0,4977,G
2-PB1,927,1,16,4925,1,4943,G
2-PB1,928,4929,0,1,0,4930,A
2-PB1,929,4947,2,5,0,4954,A
2-PB1,930,0,4957,0,1,4958,T
2-PB1,931,1,9,4931,0,4941,G
2-PB1,932,4936,0,1,1,4938,A
2-PB1,933,4910,0,1,1,4912,A
2-PB1,934,4923,0,4,1,4928,A
2-PB1,935,4941,0,0,0,4941,A
2-PB1,936,0,4901,0,0,4901,T
2-PB1,937,21,1,0,4909,4931,C
2-PB1,938,4937,0,0,2,4939,A
2-PB1,939,4922,1,3,0,4926,A
2-PB1,940,4910,1,1,0,4912,A
2-PB1,941,4871,0,2,0,4873,A
2-PB1,942,0,1,0,4937,4938,C
2-PB1,943,11,1,0,4892,4904,C
2-PB1,944,8,0,0,4886,4894,C
2-PB1,945,1,4867,1,4,4873,T
2-PB1,946,4,1,0,4905,4910,C
2-PB1,947,2,15,4886,0,4903,G
2-PB1,948,4898,0,1,1,4900,A
2-PB1,949,4903,0,0,2,4905,A
2-PB1,950,0,4911,0,0,4911,T
2-PB1,951,0,2,4929,0,4931,G
2-PB1,952,0,4868,1,9,4878,T
2-PB1,953,1,4872,0,1,4874,T
2-PB1,954,0,4896,0,0,4896,T
2-PB1,955,1,4879,0,1,4881,T
2-PB1,956,0,4887,1,0,4888,T
2-PB1,957,1,7,4875,0,4883,G
2-PB1,958,1,4,4842,0,4847,G
2-PB1,959,3,3,0,4849,4855,C
2-PB1,960,1,7,4848,1,4857,G
2-PB1,961,4839,0,0,1,4840,A
2-PB1,962,0,5009,0,2,5011,T
2-PB1,963,0,13,5173,0,5186,G
2-PB1,964,5444,0,0,0,5444,A
2-PB1,965,0,5465,0,0,5465,T
2-PB1,966,0,5467,0,0,5467,T
2-PB1,967,5500,0,5,1,5506,A
2-PB1,968,2,3,0,5513,5518,C
2-PB1,969,5539,0,0,0,5539,A
2-PB1,970,1,5529,0,1,5531,T
2-PB1,971,5303,0,0,1,5304,A
2-PB1,972,0,3,0,5357,5360,C
2-PB1,973,4996,1,0,0,4997,A
2-PB1,974,0,4987,1,2,4990,T
2-PB1,975,11,0,0,4982,4993,C
2-PB1,976,4951,1,1,0,4953,A
2-PB1,977,0,0,0,4977,4977,C
2-PB1,978,4967,0,0,0,4967,A
2-PB1,979,4963,0,0,0,4963,A
2-PB1,980,4940,0,0,0,4940,A
2-PB1,981,2,11,4818,0,4831,G
2-PB1,982,4996,0,1,0,4997,A
2-PB1,983,5005,0,1,0,5006,A
2-PB1,984,0,4991,0,1,4992,T
2-PB1,985,17,2,0,4993,5012,C
2-PB1,986,5062,0,1,0,5063,A
2-PB1,987,5051,0,1,0,5052,A
2-PB1,988,1,0,0,5077,5078,C
2-PB1,989,5,1,0,5085,5091,C
2-PB1,990,0,4896,0,2,4898,T
2-PB1,991,0,11,4934,0,4945,G
2-PB1,992,4923,0,2,1,4926,A
2-PB1,993,0,1,4941,0,4942,G
2-PB1,994,0,4907,0,2,4909,T
2-PB1,995,1,15,4827,0,4843,G
2-PB1,996,0,0,5124,0,5124,G
2-PB1,997,1,5097,0,3,5101,T
2-PB1,998,1,5095,1,2,5099,T
2-PB1,999,15,0,1,5103,5119,C
2-PB1,1000,5085,0,0,0,5085,A
2-PB1,1001,1,12,5145,0,5158,G
2-PB1,1002,5157,0,0,0,5157,A
2-PB1,1003,5168,0,0,0,5168,A
2-PB1,1004,5140,0,2,0,5142,A
2-PB1,1005,0,0,0,4794,4794,C
2-PB1,1006,4832,0,2,0,4834,A
2-PB1,1007,0,4803,0,0,4803,T
2-PB1,1008,7,1,0,4871,4879,C
2-PB1,1009,8,0,0,4886,4894,C
2-PB1,1010,0,4775,1,1,4777,T
2-PB1,1011,2,18,4777,0,4797,G
2-PB1,1012,4777,0,1,0,4778,A
2-PB1,1013,1,1,4800,0,4802,G
2-PB1,1014,1,3,0,4796,4800,C
2-PB1,1015,4691,0,0,0,4691,A
2-PB1,1016,0,4697,0,0,4697,T
2-PB1,1017,2,3,0,4657,4662,C
2-PB1,1018,1,1,4678,0,4680,G
2-PB1,1019,2,1,1,4830,4834,C
2-PB1,1020,4849,0,3,0,4852,A
2-PB1,1021,1,26,0,4924,4951,C
2-PB1,1022,9,0,0,4971,4980,C
2-PB1,1023,4991,1,0,1,4993,A
2-PB1,1024,5036,0,0,0,5036,A
2-PB1,1025,1,5040,0,2,5043,T
2-PB1,1026,5042,1,1,0,5044,A
2-PB1,1027,5017,0,0,0,5017,A
2-PB1,1028,0,4872,0,0,4872,T
2-PB1,1029,3,0,4908,0,4911,G
2-PB1,1030,1,4788,0,1,4790,T
2-PB1,1031,0,4747,0,2,4749,T
2-PB1,1032,14,0,0,4770,4784,C
2-PB1,1033,0,4767,0,1,4768,T
2-PB1,1034,13,0,0,4766,4779,C
2-PB1,1035,4787,0,2,0,4789,A
2-PB1,1036,4786,0,3,0,4789,A
2-PB1,1037,4777,0,2,0,4779,A
2-PB1,1038,1,0,0,4801,4802,C
2-PB1,1039,4789,0,3,0,4792,A
2-PB1,1040,4789,0,0,0,4789,A
2-PB1,1041,4778,0,1,0,4779,A
2-PB1,1042,4786,0,1,0,4787,A
2-PB1,1043,1,4801,0,2,4804,T
2-PB1,1044,4,13,4780,0,4797,G
2-PB1,1045,2,1,4764,0,4767,G
2-PB1,1046,2,0,0,4778,4780,C
2-PB1,1047,4778,0,4,0,4782,A
2-PB1,1048,4795,0,2,0,4797,A
2-PB1,1049,0,11,4780,0,4791,G
2-PB1,1050,4763,0,1,0,4764,A
2-PB1,1051,1,4737,0,0,4738,T
2-PB1,1052,0,4851,0,1,4852,T
2-PB1,1053,1,6,4860,0,4867,G
2-PB1,1054,1,4,4856,1,4862,G
2-PB1,1055,51,8,4841,0,4900,G
2-PB1,1056,4898,1,1,0,4900,A
2-PB1,1057,4907,0,0,0,4907,A
2-PB1,1058,4870,0,2,0,4872,A
2-PB1,1059,4842,0,2,0,4844,A
2-PB1,1060,2,6,4953,0,4961,G
2-PB1,1061,0,5,4963,0,4968,G
2-PB1,1062,4961,0,2,1,4964,A
2-PB1,1063,0,4948,0,1,4949,T
2-PB1,1064,4953,0,1,0,4954,A
2-PB1,1065,0,1,0,4963,4964,C
2-PB1,1066,5005,0,1,0,5006,A
2-PB1,1067,0,4984,0,0,4984,T
2-PB1,1068,0,2,5039,0,5041,G
2-PB1,1069,0,4956,0,0,4956,T
2-PB1,1070,0,4958,0,0,4958,T
2-PB1,1071,20,1,0,4925,4946,C
2-PB1,1072,2,9,4956,0,4967,G
2-PB1,1073,4936,0,0,0,4936,A
2-PB1,1074,1,5,5058,0,5064,G
2-PB1,1075,4970,0,4,0,4974,A
2-PB1,1076,0,1,5056,0,5057,G
2-PB1,1077,0,5010,0,0,5010,T
2-PB1,1078,5017,0,0,0,5017,A
2-PB1,1079,4997,0,34,0,5031,A
2-PB1,1080,0,8,5045,0,5053,G
2-PB1,1081,5033,0,4,0,5037,A
2-PB1,1082,0,9,5102,0,5111,G
2-PB1,1083,4967,0,4,0,4971,A
2-PB1,1084,5002,0,3,0,5005,A
2-PB1,1085,0,4943,0,0,4943,T
2-PB1,1086,2,9,4929,0,4940,G
2-PB1,1087,4927,0,7,0,4934,A
2-PB1,1088,4897,0,2,0,4899,A
2-PB1,1089,0,1,4917,0,4918,G
2-PB1,1090,2,0,0,4889,4891,C
2-PB1,1091,0,4804,0,4,4808,T
2-PB1,1092,12,0,0,4830,4842,C
2-PB1,1093,8,2,0,4829,4839,C
2-PB1,1094,2,4,4853,0,4859,G
2-PB1,1095,0,13,4857,0,4870,G
2-PB1,1096,4870,0,5,0,4875,A
2-PB1,1097,1,1,1,4941,4944,C
2-PB1,1098,4942,0,0,0,4942,A
2-PB1,1099,1,1,0,5012,5014,C
2-PB1,1100,4997,1,0,1,4999,A
2-PB1,1101,5000,1,2,0,5003,A
2-PB1,1102,4989,0,0,1,4990,A
2-PB1,1103,0,4986,0,1,4987,T
2-PB1,1104,4975,1,0,0,4976,A
2-PB1,1105,4,2,0,4984,4990,C
2-PB1,1106,3,0,0,4948,4951,C
2-PB1,1107,0,4903,2,3,4908,T
2-PB1,1108,1,2,4931,1,4935,G
2-PB1,1109,1,0,0,4946,4947,C
2-PB1,1110,4951,0,2,0,4953,A
2-PB1,1111,0,6,4943,0,4949,G
2-PB1,1112,4926,0,1,0,4927,A
2-PB1,1113,4925,0,1,0,4926,A
2-PB1,1114,4951,0,0,0,4951,A
2-PB1,1115,0,4919,0,0,4919,T
2-PB1,1116,0,2,4939,0,4941,G
2-PB1,1117,4,0,0,4914,4918,C
2-PB1,1118,0,4914,0,9,4923,T
2-PB1,1119,5007,0,4,0,5011,A
2-PB1,1120,1,0,4993,0,4994,G
2-PB1,1121,0,0,0,4983,4983,C
2-PB1,1122,4996,0,2,0,4998,A
2-PB1,1123,4995,0,2,0,4997,A
2-PB1,1124,0,0,4950,0,4950,G
2-PB1,1125,2,0,0,4952,4954,C
2-PB1,1126,4878,1,1,0,4880,A
2-PB1,1127,1,4961,0,0,4962,T
2-PB1,1128,1,4978,0,1,4980,T
2-PB1,1129,1,22,5105,0,5128,G
2-PB1,1130,5163,0,1,0,5164,A
2-PB1,1131,1,2,0,5135,5138,C
2-PB1,1132,7,0,0,5160,5167,C
2-PB1,1133,0,5072,0,7,5079,T
2-PB1,1134,0,7,5146,1,5154,G
2-PB1,1135,5174,1,0,0,5175,A
2-PB1,1136,5181,1,1,0,5183,A
2-PB1,1137,0,1,5237,0,5238,G
2-PB1,1138,0,5073,1,3,5077,T
2-PB1,1139,5114,0,1,0,5115,A
2-PB1,1140,0,5091,0,1,5092,T
2-PB1,1141,0,5090,0,0,5090,T
2-PB1,1142,1,5073,0,0,5074,T
2-PB1,1143,11,2,0,5046,5059,C
2-PB1,1144,5029,0,3,0,5032,A
2-PB1,1145,5036,0,1,0,5037,A
2-PB1,1146,0,4974,0,1,4975,T
2-PB1,1147,1,16,4971,0,4988,G
2-PB1,1148,4972,0,1,0,4973,A
2-PB1,1149,4988,1,1,0,4990,A
2-PB1,1150,0,4965,0,0,4965,T
2-PB1,1151,19,1,0,4984,5004,C
2-PB1,1152,5016,2,0,0,5018,A
2-PB1,1153,5020,1,1,0,5022,A
2-PB1,1154,0,0,0,5027,5027,C
2-PB1,1155,5023,0,1,0,5024,A
2-PB1,1156,4991,0,0,0,4991,A
2-PB1,1157,0,6,4982,0,4988,G
2-PB1,1158,7,4,4978,0,4989,G
2-PB1,1159,4970,0,1,0,4971,A
2-PB1,1160,4968,2,2,0,4972,A
2-PB1,1161,0,12,4967,0,4979,G
2-PB1,1162,4954,0,1,0,4955,A
2-PB1,1163,4956,0,0,0,4956,A
2-PB1,1164,4918,0,42,0,4960,A
2-PB1,1165,4959,0,0,0,4959,A
2-PB1,1166,1,4927,1,0,4929,T
2-PB1,1167,0,4902,0,0,4902,T
2-PB1,1168,0,10,4901,0,4911,G
2-PB1,1169,4896,0,0,1,4897,A
2-PB1,1170,4911,1,0,0,4912,A
2-PB1,1171,4917,0,0,0,4917,A
2-PB1,1172,4937,0,0,0,4937,A
2-PB1,1173,4975,0,1,0,4976,A
2-PB1,1174,4970,0,0,0,4970,A
2-PB1,1175,1,4961,0,0,4962,T
2-PB1,1176,4982,0,0,0,4982,A
2-PB1,1177,4979,0,1,0,4980,A
2-PB1,1178,0,4,4981,0,4985,G
2-PB1,1179,0,4,4960,0,4964,G
2-PB1,1180,2,16,0,4914,4932,C
2-PB1,1181,5,1,0,4942,4948,C
2-PB1,1182,1,4911,0,4,4916,T
2-PB1,1183,8,0,0,5534,5542,C
2-PB1,1184,0,5604,0,2,5606,T
2-PB1,1185,0,5595,1,1,5597,T
2-PB1,1186,6,0,0,5706,5712,C
2-PB1,1187,0,5711,1,2,5714,T
2-PB1,1188,5736,0,1,0,5737,A
2-PB1,1189,5743,0,1,0,5744,A
2-PB1,1190,0,5730,0,0,5730,T
2-PB1,1191,5814,0,0,0,5814,A
2-PB1,1192,2,4,5675,0,5681,G
2-PB1,1193,5210,0,1,0,5211,A
2-PB1,1194,1,5200,0,5,5206,T
2-PB1,1195,1,13,5105,0,5119,G
2-PB1,1196,1,2,5163,0,5166,G
2-PB1,1197,3,1,1,5186,5191,C
2-PB1,1198,5192,0,2,0,5194,A
2-PB1,1199,2,1,0,5213,5216,C
2-PB1,1200,5126,1,4,0,5131,A
2-PB1,1201,1,1,5299,0,5301,G
2-PB1,1202,2,2,0,5279,5283,C
2-PB1,1203,5291,0,2,0,5293,A
2-PB1,1204,4,5402,0,2,5408,T
2-PB1,1205,10,0,0,5332,5342,C
2-PB1,1206,5383,0,1,0,5384,A
2-PB1,1207,1,5379,0,0,5380,T
2-PB1,1208,0,5343,0,0,5343,T
2-PB1,1209,0,10,5327,0,5337,G
2-PB1,1210,5141,0,6,0,5147,A
2-PB1,1211,0,1,5285,1,5287,G
2-PB1,1212,4,0,0,5259,5263,C
2-PB1,1213,4,1,0,5170,5175,C
2-PB1,1214,10,2,0,5244,5256,C
2-PB1,1215,0,5236,0,6,5242,T
2-PB1,1216,0,4,5463,0,5467,G
2-PB1,1217,0,4,5535,0,5539,G
2-PB1,1218,5510,1,6,0,5517,A
2-PB1,1219,5658,1,0,0,5659,A
2-PB1,1220,0,5514,0,1,5515,T
2-PB1,1221,1,7,5627,1,5636,G
2-PB1,1222,5675,0,2,0,5677,A
2-PB1,1223,0,5691,0,3,5694,T
2-PB1,1224,0,14,5697,0,5711,G
2-PB1,1225,5633,2,4,0,5639,A
2-PB1,1226,1,5585,0,0,5586,T
2-PB1,1227,1,14,5568,1,5584,G
2-PB1,1228,3,8,5608,0,5619,G
2-PB1,1229,1,0,5622,0,5623,G
2-PB1,1230,1,0,0,5579,5580,C
2-PB1,1231,5604,0,0,0,5604,A
2-PB1,1232,0,5621,0,0,5621,T
2-PB1,1233,0,4,5788,0,5792,G
2-PB1,1234,0,5782,0,7,5789,T
2-PB1,1235,2,5801,0,2,5805,T
2-PB1,1236,18,2,1,5801,5822,C
2-PB1,1237,5782,0,0,0,5782,A
2-PB1,1238,5786,0,1,0,5787,A
2-PB1,1239,1,1,0,5793,5795,C
2-PB1,1240,5811,1,1,0,5813,A
2-PB1,1241,0,5807,0,1,5808,T
2-PB1,1242,1,0,5833,0,5834,G
2-PB1,1243,1,2,1,5826,5830,C
2-PB1,1244,0,5858,0,1,5859,T
2-PB1,1245,5914,0,0,0,5914,A
2-PB1,1246,5891,0,0,0,5891,A
2-PB1,1247,1,1,6013,0,6015,G
2-PB1,1248,0,5974,0,1,5975,T
2-PB1,1249,5963,0,0,0,5963,A
2-PB1,1250,0,2,0,5979,5981,C
2-PB1,1251,0,5,5978,0,5983,G
2-PB1,1252,0,0,6244,0,6244,G
2-PB1,1253,0,6229,1,2,6232,T
2-PB1,1254,0,6203,0,1,6204,T
2-PB1,1255,0,6216,0,1,6217,T
2-PB1,1256,0,6196,0,1,6197,T
2-PB1,1257,6224,0,8,1,6233,A
2-PB1,1258,0,6,6197,0,6203,G
2-PB1,1259,1,9,6193,0,6203,G
2-PB1,1260,6074,0,5,0,6079,A
2-PB1,1261,0,1,6053,0,6054,G
2-PB1,1262,0,6003,1,2,6006,T
2-PB1,1263,18,0,0,6001,6019,C
2-PB1,1264,2,6034,1,1,6038,T
2-PB1,1265,17,1,0,6010,6028,C
2-PB1,1266,0,10,6036,0,6046,G
2-PB1,1267,6010,0,0,0,6010,A
2-PB1,1268,0,6020,0,2,6022,T
2-PB1,1269,7,0,0,5942,5949,C
2-PB1,1270,12,3,0,6141,6156,C
2-PB1,1271,2,6162,0,11,6175,T
2-PB1,1272,1,11,6166,0,6178,G
2-PB1,1273,6178,0,1,1,6180,A
2-PB1,1274,6217,0,0,0,6217,A
2-PB1,1275,0,6235,0,0,6235,T
2-PB1,1276,13,0,0,6137,6150,C
2-PB1,1277,0,6137,0,2,6139,T
2-PB1,1278,0,6125,1,0,6126,T
2-PB1,1279,1,14,6109,1,6125,G
2-PB1,1280,1,10,6099,1,6111,G
2-PB1,1281,6099,0,7,0,6106,A
2-PB1,1282,1,0,0,6132,6133,C
2-PB1,1283,6077,0,0,0,6077,A
2-PB1,1284,6099,0,0,0,6099,A
2-PB1,1285,6111,1,1,0,6113,A
2-PB1,1286,6129,1,9,0,6139,A
2-PB1,1287,0,12,6201,0,6213,G
2-PB1,1288,6229,0,1,0,6230,A
2-PB1,1289,6236,0,0,0,6236,A
2-PB1,1290,6233,0,1,0,6234,A
2-PB1,1291,0,6226,0,0,6226,T
2-PB1,1292,6243,0,2,0,6245,A
2-PB1,1293,1,1,0,6392,6394,C
2-PB1,1294,6319,0,4,0,6323,A
2-PB1,1295,0,7,0,6372,6379,C
2-PB1,1296,5,2,0,6320,6327,C
2-PB1,1297,6318,1,2,0,6321,A
2-PB1,1298,6383,0,0,0,6383,A
2-PB1,1299,0,11,6519,0,6530,G
2-PB1,1300,6586,0,1,0,6587,A
2-PB1,1301,0,2,0,6670,6672,C
2-PB1,1302,6531,0,1,0,6532,A
2-PB1,1303,6660,1,3,0,6664,A
2-PB1,1304,2,1,0,6692,6695,C
2-PB1,1305,6753,0,1,0,6754,A
2-PB1,1306,1,6784,0,0,6785,T
2-PB1,1307,6730,0,2,0,6732,A
2-PB1,1308,2,1,0,6778,6781,C
2-PB1,1309,0,6592,0,2,6594,T
2-PB1,1310,1,5,6692,0,6698,G
2-PB1,1311,2,0,6689,0,6691,G
2-PB1,1312,0,6500,0,3,6503,T
2-PB1,1313,1,17,6508,0,6526,G
2-PB1,1314,2,8,6451,1,6462,G
2-PB1,1315,1,7,6503,0,6511,G
2-PB1,1316,6491,1,11,0,6503,A
2-PB1,1317,0,6434,0,4,6438,T
2-PB1,1318,0,17,6393,0,6410,G
2-PB1,1319,2,13,6278,0,6293,G
2-PB1,1320,6250,0,4,1,6255,A
2-PB1,1321,1,1,0,6432,6434,C
2-PB1,1322,0,6419,1,6,6426,T
2-PB1,1323,7,0,0,6497,6504,C
2-PB1,1324,8,1,0,6483,6492,C
2-PB1,1325,6494,0,2,1,6497,A
2-PB1,1326,6466,0,1,0,6467,A
2-PB1,1327,0,6448,0,0,6448,T
2-PB1,1328,18,0,1,6397,6416,C
2-PB1,1329,11,0,0,6389,6400,C
2-PB1,1330,1,6317,0,3,6321,T
2-PB1,1331,5,0,0,6303,6308,C
2-PB1,1332,5,1,0,6319,6325,C
2-PB1,1333,2,11,6342,0,6355,G
2-PB1,1334,6311,0,0,0,6311,A
2-PB1,1335,1,6292,0,0,6293,T
2-PB1,1336,0,23,6335,0,6358,G
2-PB1,1337,6370,0,0,0,6370,A
2-PB1,1338,0,6347,0,1,6348,T
2-PB1,1339,0,6348,0,0,6348,T
2-PB1,1340,1,6330,1,3,6335,T
2-PB1,1341,1,6352,0,2,6355,T
2-PB1,1342,1,4,6356,0,6361,G
2-PB1,1343,2,6,0,6372,6380,C
2-PB1,1344,5,2,2,6344,6353,C
2-PB1,1345,15,1,1,6539,6556,C
2-PB1,1346,0,6507,0,10,6517,T
2-PB1,1347,9,1,0,6778,6788,C
2-PB1,1348,6818,0,1,1,6820,A
2-PB1,1349,0,6856,0,1,6857,T
2-PB1,1350,6867,0,0,0,6867,A
2-PB1,1351,2,0,6969,1,6972,G
2-PB1,1352,0,6884,0,2,6886,T
2-PB1,1353,0,19,6915,0,6934,G
2-PB1,1354,6757,0,2,0,6759,A
2-PB1,1355,6752,0,0,0,6752,A
2-PB1,1356,33,6420,0,0,6453,T
2-PB1,1357,0,6,6443,0,6449,G
2-PB1,1358,1,1,1,6466,6469,C
2-PB1,1359,6458,1,3,0,6462,A
2-PB1,1360,0,1,0,6493,6494,C
2-PB1,1361,9,1,1,6435,6446,C
2-PB1,1362,6432,0,0,0,6432,A
2-PB1,1363,6425,0,0,0,6425,A
2-PB1,1364,6394,1,2,0,6397,A
2-PB1,1365,0,6272,0,0,6272,T
2-PB1,1366,26,1,0,6429,6456,C
2-PB1,1367,6451,0,3,0,6454,A
2-PB1,1368,0,6469,0,0,6469,T
2-PB1,1369,2,7,6455,0,6464,G
2-PB1,1370,6464,0,7,0,6471,A
2-PB1,1371,2,13,6479,0,6494,G
2-PB1,1372,1,8,6457,1,6467,G
2-PB1,1373,2,16,6470,0,6488,G
2-PB1,1374,6444,1,4,0,6449,A
2-PB1,1375,6555,1,1,0,6557,A
2-PB1,1376,0,6577,0,1,6578,T
2-PB1,1377,6564,1,2,0,6567,A
2-PB1,1378,1,2,0,6579,6582,C
2-PB1,1379,6623,2,2,1,6628,A
2-PB1,1380,6607,0,9,0,6616,A
2-PB1,1381,0,1,6568,0,6569,G
2-PB1,1382,3,0,0,6533,6536,C
2-PB1,1383,6508,0,0,0,6508,A
2-PB1,1384,2,3,6575,0,6580,G
2-PB1,1385,0,14,6601,0,6615,G
2-PB1,1386,6700,0,28,0,6728,A
2-PB1,1387,0,5,6822,0,6827,G
2-PB1,1388,0,6704,0,1,6705,T
2-PB1,1389,4,14,6755,0,6773,G
2-PB1,1390,1459,6,5279,1,6745,G
2-PB1,1391,6744,0,2,0,6746,A
2-PB1,1392,0,6761,0,0,6761,T
2-PB1,1393,6678,0,3,0,6681,A
2-PB1,1394,0,14,6691,0,6705,G
2-PB1,1395,6518,0,0,0,6518,A
2-PB1,1396,1,6487,0,0,6488,T
2-PB1,1397,1,6433,0,1,6435,T
2-PB1,1398,9,1,1,6580,6591,C
2-PB1,1399,1,6569,0,1,6571,T
2-PB1,1400,6565,0,1,0,6566,A
2-PB1,1401,0,0,0,6572,6572,C
2-PB1,1402,6434,2,2,0,6438,A
2-PB1,1403,2,6,6442,0,6450,G
2-PB1,1404,18,17,6293,0,6328,G
2-PB1,1405,6385,0,2,0,6387,A
2-PB1,1406,3,0,0,6365,6368,C
2-PB1,1407,4,2,0,6239,6245,C
2-PB1,1408,4,6190,0,11,6205,T
2-PB1,1409,2,1,6221,0,6224,G
2-PB1,1410,0,1,0,6227,6228,C
2-PB1,1411,6236,0,1,0,6237,A
2-PB1,1412,6271,0,0,0,6271,A
2-PB1,1413,0,1,6289,0,6290,G
2-PB1,1414,0,6187,0,3,6190,T
2-PB1,1415,0,6208,0,1,6209,T
2-PB1,1416,6132,1,3,0,6136,A
2-PB1,1417,1,0,6144,0,6145,G
2-PB1,1418,1,6102,0,3,6106,T
2-PB1,1419,0,7,6095,0,6102,G
2-PB1,1420,1,4,6096,0,6101,G
2-PB1,1421,2,8,6123,0,6133,G
2-PB1,1422,6114,0,2,0,6116,A
2-PB1,1423,6129,1,1,0,6131,A
2-PB1,1424,1,6098,0,1,6100,T
2-PB1,1425,18,0,0,6113,6131,C
2-PB1,1426,6130,0,3,0,6133,A
2-PB1,1427,6132,1,3,0,6136,A
2-PB1,1428,2,2,0,6119,6123,C
2-PB1,1429,6115,1,0,0,6116,A
2-PB1,1430,0,5951,0,1,5952,T
2-PB1,1431,0,19,5971,0,5990,G
2-PB1,1432,5958,0,8,0,5966,A
2-PB1,1433,1,0,6018,0,6019,G
2-PB1,1434,1,4,0,5979,5984,C
2-PB1,1435,5990,0,0,0,5990,A
2-PB1,1436,5997,0,3,0,6000,A
2-PB1,1437,6003,1,0,0,6004,A
2-PB1,1438,6042,0,1,0,6043,A
2-PB1,1439,6026,0,1,0,6027,A
2-PB1,1440,0,5,6011,0,6016,G
2-PB1,1441,5954,0,3,0,5957,A
2-PB1,1442,5895,0,4,0,5899,A
2-PB1,1443,2,2,6061,0,6065,G
2-PB1,1444,0,6029,0,3,6032,T
2-PB1,1445,12,0,2,6028,6042,C
2-PB1,1446,10,0,0,6068,6078,C
2-PB1,1447,0,6067,0,1,6068,T
2-PB1,1448,6147,0,0,0,6147,A
2-PB1,1449,0,6134,1,1,6136,T
2-PB1,1450,6152,0,0,0,6152,A
2-PB1,1451,0,6137,0,2,6139,T
2-PB1,1452,6031,0,0,0,6031,A
2-PB1,1453,6027,0,0,0,6027,A
2-PB1,1454,6014,0,0,0,6014,A
2-PB1,1455,0,6003,0,0,6003,T
2-PB1,1456,5961,0,0,0,5961,A
2-PB1,1457,5936,0,1,1,5938,A
2-PB1,1458,5962,0,0,0,5962,A
2-PB1,1459,5932,0,5,0,5937,A
2-PB1,1460,2,0,0,5943,5945,C
2-PB1,1461,5723,0,0,0,5723,A
2-PB1,1462,1,5,5719,0,5725,G
2-PB1,1463,0,10,5707,0,5717,G
2-PB1,1464,13,11,5691,1,5716,G
2-PB1,1465,5698,0,8,0,5706,A
2-PB1,1466,0,0,0,5735,5735,C
2-PB1,1467,5680,0,3,0,5683,A
2-PB1,1468,0,5720,0,2,5722,T
2-PB1,1469,0,5703,1,4,5708,T
2-PB1,1470,0,5717,0,0,5717,T
2-PB1,1471,0,21,5698,0,5719,G
2-PB1,1472,5677,0,1,0,5678,A
2-PB1,1473,5693,0,1,0,5694,A
2-PB1,1474,0,5695,0,1,5696,T
2-PB1,1475,1,5562,0,2,5565,T
2-PB1,1476,15,0,0,5586,5601,C
2-PB1,1477,5516,0,2,0,5518,A
2-PB1,1478,0,2,0,5543,5545,C
2-PB1,1479,1,5548,0,3,5552,T
2-PB1,1480,5561,0,0,0,5561,A
2-PB1,1481,0,1,5545,0,5546,G
2-PB1,1482,0,1,0,5523,5524,C
2-PB1,1483,0,5494,0,2,5496,T
2-PB1,1484,0,5553,0,1,5554,T
2-PB1,1485,0,5524,0,1,5525,T
2-PB1,1486,1,5534,0,0,5535,T
2-PB1,1487,0,5540,0,0,5540,T
2-PB1,1488,1,5540,0,0,5541,T
2-PB1,1489,0,5535,0,1,5536,T
2-PB1,1490,5509,0,0,0,5509,A
2-PB1,1491,0,5485,0,1,5486,T
2-PB1,1492,11,0,0,5505,5516,C
2-PB1,1493,1,8,5554,1,5564,G
2-PB1,1494,5719,0,0,0,5719,A
2-PB1,1495,0,5715,0,2,5717,T
2-PB1,1496,5733,0,0,0,5733,A
2-PB1,1497,0,5763,0,0,5763,T
2-PB1,1498,1,20,5714,0,5735,G
2-PB1,1499,2,11,5743,0,5756,G
2-PB1,1500,5760,0,0,0,5760,A
2-PB1,1501,0,5705,1,1,5707,T
2-PB1,1502,1,5662,0,0,5663,T
2-PB1,1503,1,5480,1,0,5482,T
2-PB1,1504,1,0,5485,0,5486,G
2-PB1,1505,1,5441,0,3,5445,T
2-PB1,1506,0,7,5452,0,5459,G
2-PB1,1507,1,1,5434,0,5436,G
2-PB1,1508,3,2,0,5350,5355,C
2-PB1,1509,0,5403,0,1,5404,T
2-PB1,1510,5417,0,0,0,5417,A
2-PB1,1511,5441,0,0,0,5441,A
2-PB1,1512,0,5482,1,0,5483,T
2-PB1,1513,0,5478,0,0,5478,T
2-PB1,1514,0,5482,1,0,5483,T
2-PB1,1515,0,5488,0,0,5488,T
2-PB1,1516,5491,0,4,0,5495,A
2-PB1,1517,0,0,5506,0,5506,G
2-PB1,1518,0,1,0,5510,5511,C
2-PB1,1519,5505,1,2,0,5508,A
2-PB1,1520,2,5452,0,4,5458,T
2-PB1,1521,0,3,5389,0,5392,G
2-PB1,1522,0,5,5444,0,5449,G
2-PB1,1523,5431,1,0,1,5433,A
2-PB1,1524,1,1,5425,0,5427,G
2-PB1,1525,0,1,0,5371,5372,C
2-PB1,1526,0,5325,0,0,5325,T
2-PB1,1527,0,0,5353,0,5353,G
2-PB1,1528,0,3,0,5297,5300,C
2-PB1,1529,8,1,0,5308,5317,C
2-PB1,1530,8,2,0,5357,5367,C
2-PB1,1531,5220,1,2,0,5223,A
2-PB1,1532,0,1,5412,0,5413,G
2-PB1,1533,0,5405,0,1,5406,T
2-PB1,1534,0,5393,1,1,5395,T
2-PB1,1535,0,5408,0,1,5409,T
2-PB1,1536,0,5367,0,0,5367,T
2-PB1,1537,0,7,5345,0,5352,G
2-PB1,1538,0,9,5326,0,5335,G
2-PB1,1539,5320,0,3,0,5323,A
2-PB1,1540,1,2,5345,0,5348,G
2-PB1,1541,0,4918,0,1,4919,T
2-PB1,1542,2,3,5092,0,5097,G
2-PB1,1543,3,5042,0,10,5055,T
2-PB1,1544,15,0,0,5045,5060,C
2-PB1,1545,0,5081,0,2,5083,T
2-PB1,1546,1,5,5097,0,5103,G
2-PB1,1547,1,5,5122,0,5128,G
2-PB1,1548,5127,1,0,0,5128,A
2-PB1,1549,5146,0,3,0,5149,A
2-PB1,1550,0,5115,0,0,5115,T
2-PB1,1551,4677,0,2,0,4679,A
2-PB1,1552,4674,0,1,0,4675,A
2-PB1,1553,4665,0,2,0,4667,A
2-PB1,1554,0,3,0,4668,4671,C
2-PB1,1555,0,10,4600,0,4610,G
2-PB1,1556,4553,0,1,0,4554,A
2-PB1,1557,0,0,4549,0,4549,G
2-PB1,1558,1,4521,0,1,4523,T
2-PB1,1559,17,1,0,4541,4559,C
2-PB1,1560,4552,0,5,0,4557,A
2-PB1,1561,1,1,4581,0,4583,G
2-PB1,1562,1,1,0,4579,4581,C
2-PB1,1563,0,4560,0,19,4579,T
2-PB1,1564,1,5,4685,0,4691,G
2-PB1,1565,4632,0,1,0,4633,A
2-PB1,1566,0,4645,0,1,4646,T
2-PB1,1567,4644,0,6,0,4650,A
2-PB1,1568,0,4566,0,0,4566,T
2-PB1,1569,3,19,4562,0,4584,G
2-PB1,1570,4388,0,2,0,4390,A
2-PB1,1571,1,4,4435,0,4440,G
2-PB1,1572,3,2,1,4433,4439,C
2-PB1,1573,4141,0,1,0,4142,A
2-PB1,1574,0,4128,0,0,4128,T
2-PB1,1575,0,4128,0,1,4129,T
2-PB1,1576,5,3,4166,1,4175,G
2-PB1,1577,0,7,4283,0,4290,G
2-PB1,1578,4208,1,6,0,4215,A
2-PB1,1579,1,3,4223,0,4227,G
2-PB1,1580,0,4032,1,3,4036,T
2-PB1,1581,4038,0,0,0,4038,A
2-PB1,1582,4029,0,0,0,4029,A
2-PB1,1583,2,1,0,4043,4046,C
2-PB1,1584,4008,0,0,0,4008,A
2-PB1,1585,1,0,4065,0,4066,G
2-PB1,1586,0,3593,0,0,3593,T
2-PB1,1587,0,12,3610,0,3622,G
2-PB1,1588,3637,0,4,0,3641,A
2-PB1,1589,1,3640,0,0,3641,T
2-PB1,1590,3621,0,0,0,3621,A
2-PB1,1591,3617,0,0,1,3618,A
2-PB1,1592,3509,0,5,0,3514,A
2-PB1,1593,0,12,3525,0,3537,G
2-PB1,1594,3384,0,0,0,3384,A
2-PB1,1595,3367,0,0,0,3367,A
2-PB1,1596,0,1,0,3372,3373,C
2-PB1,1597,3250,0,0,0,3250,A
2-PB1,1598,3281,1,1,0,3283,A
2-PB1,1599,0,1,0,3305,3306,C
2-PB1,1600,3329,0,2,0,3331,A
2-PB1,1601,0,3307,4,2,3313,T
2-PB1,1602,2,3,3225,0,3230,G
2-PB1,1603,3223,0,1,1,3225,A
2-PB1,1604,0,3215,0,0,3215,T
2-PB1,1605,3188,0,1,0,3189,A
2-PB1,1606,3211,0,0,0,3211,A
2-PB1,1607,3160,0,1,0,3161,A
2-PB1,1608,0,1,0,3167,3168,C
2-PB1,1609,3006,0,0,0,3006,A
2-PB1,1610,2995,0,1,0,2996,A
2-PB1,1611,0,2900,0,0,2900,T
2-PB1,1612,2,10,2895,0,2907,G
2-PB1,1613,2944,0,2,0,2946,A
2-PB1,1614,0,0,0,2982,2982,C
2-PB1,1615,1,1,0,2925,2927,C
2-PB1,1616,0,2801,0,1,2802,T
2-PB1,1617,0,2717,0,1,2718,T
2-PB1,1618,0,4,2732,0,2736,G
2-PB1,1619,1,5,2741,0,2747,G
2-PB1,1620,2768,0,1,0,2769,A
2-PB1,1621,0,0,0,2775,2775,C
2-PB1,1622,4,2,0,2743,2749,C
2-PB1,1623,2732,0,1,0,2733,A
2-PB1,1624,0,0,2767,0,2767,G
2-PB1,1625,0,0,0,2780,2780,C
2-PB1,1626,2781,0,1,0,2782,A
2-PB1,1627,2776,0,0,0,2776,A
2-PB1,1628,0,0,0,2760,2760,C
2-PB1,1629,2738,0,1,0,2739,A
2-PB1,1630,3,0,2786,1,2790,G
2-PB1,1631,3,1,0,2785,2789,C
2-PB1,1632,2,0,0,2802,2804,C
2-PB1,1633,7,0,0,2803,2810,C
2-PB1,1634,2818,0,0,0,2818,A
2-PB1,1635,2812,1,1,0,2814,A
2-PB1,1636,2805,0,0,0,2805,A
2-PB1,1637,1,2789,0,0,2790,T
2-PB1,1638,0,7,2786,0,2793,G
2-PB1,1639,0,1,2744,0,2745,G
2-PB1,1640,1,1,0,2761,2763,C
2-PB1,1641,0,2744,1,2,2747,T
2-PB1,1642,4,0,0,2832,2836,C
2-PB1,1643,0,2828,0,2,2830,T
2-PB1,1644,5,0,0,2843,2848,C
2-PB1,1645,5,0,0,2865,2870,C
2-PB1,1646,2878,0,0,0,2878,A
2-PB1,1647,2872,0,0,0,2872,A
2-PB1,1648,0,2848,0,0,2848,T
2-PB1,1649,1,2846,0,0,2847,T
2-PB1,1650,0,1,2859,0,2860,G
2-PB1,1651,0,2799,0,3,2802,T
2-PB1,1652,0,2790,0,4,2794,T
2-PB1,1653,12,4,0,2795,2811,C
2-PB1,1654,2811,0,1,0,2812,A
2-PB1,1655,0,2787,0,4,2791,T
2-PB1,1656,4,1,0,2803,2808,C
2-PB1,1657,2822,0,1,0,2823,A
2-PB1,1658,2806,0,2,0,2808,A
2-PB1,1659,2816,0,1,0,2817,A
2-PB1,1660,0,7,2864,0,2871,G
2-PB1,1661,2865,0,0,0,2865,A
2-PB1,1662,0,2866,0,1,2867,T
2-PB1,1663,0,2879,0,0,2879,T
2-PB1,1664,2885,0,2,0,2887,A
2-PB1,1665,0,0,0,2949,2949,C
2-PB1,1666,2956,0,1,0,2957,A
2-PB1,1667,0,3,2994,0,2997,G
2-PB1,1668,2987,0,2,1,2990,A
2-PB1,1669,0,3117,0,0,3117,T
2-PB1,1670,3133,0,3,0,3136,A
2-PB1,1671,0,0,0,3306,3306,C
2-PB1,1672,3385,0,1,0,3386,A
2-PB1,1673,38,0,0,3545,3583,C
2-PB1,1674,3540,0,0,0,3540,A
2-PB1,1675,0,3563,0,1,3564,T
2-PB1,1676,3552,0,0,1,3553,A
2-PB1,1677,0,3534,0,0,3534,T
2-PB1,1678,3437,1,0,0,3438,A
2-PB1,1679,0,6,3428,0,3434,G
2-PB1,1680,0,2,3423,0,3425,G
2-PB1,1681,0,3283,1,3,3287,T
2-PB1,1682,0,0,3288,0,3288,G
2-PB1,1683,3,0,0,3362,3365,C
2-PB1,1684,4,0,0,3379,3383,C
2-PB1,1685,3414,0,4,0,3418,A
2-PB1,1686,0,3423,0,1,3424,T
2-PB1,1687,3428,0,0,0,3428,A
2-PB1,1688,0,0,3429,0,3429,G
2-PB1,1689,3367,0,1,0,3368,A
2-PB1,1690,1,1,3402,0,3404,G
2-PB1,1691,0,3,3400,0,3403,G
2-PB1,1692,3301,2,2,0,3305,A
2-PB1,1693,0,7,3310,0,3317,G
2-PB1,1694,3290,0,3,0,3293,A
2-PB1,1695,1,0,0,3313,3314,C
2-PB1,1696,3306,0,2,0,3308,A
2-PB1,1697,1,0,0,3325,3326,C
2-PB1,1698,3333,1,1,1,3336,A
2-PB1,1699,0,3,0,3329,3332,C
2-PB1,1700,3318,0,0,0,3318,A
2-PB1,1701,3313,0,3,0,3316,A
2-PB1,1702,3304,0,1,0,3305,A
2-PB1,1703,0,3298,0,1,3299,T
2-PB1,1704,8,1,0,3305,3314,C
2-PB1,1705,9,0,0,3315,3324,C
2-PB1,1706,3310,0,1,0,3311,A
2-PB1,1707,3291,0,3,0,3294,A
2-PB1,1708,3298,0,0,1,3299,A
2-PB1,1709,1,0,0,3331,3332,C
2-PB1,1710,0,15,3323,0,3338,G
2-PB1,1711,3307,1,0,0,3308,A
2-PB1,1712,0,9,3308,0,3317,G
2-PB1,1713,3327,1,2,1,3331,A
2-PB1,1714,3330,0,0,0,3330,A
2-PB1,1715,1,4,3336,0,3341,G
2-PB1,1716,3326,0,2,0,3328,A
2-PB1,1717,0,3323,1,2,3326,T
2-PB1,1718,8,1,0,3303,3312,C
2-PB1,1719,3317,0,0,0,3317,A
2-PB1,1720,0,3292,0,1,3293,T
2-PB1,1721,0,3295,0,0,3295,T
2-PB1,1722,3,1,0,3301,3305,C
2-PB1,1723,1,5,3303,1,3310,G
2-PB1,1724,3274,0,2,0,3276,A
2-PB1,1725,0,4,3291,0,3295,G
2-PB1,1726,3251,0,1,0,3252,A
2-PB1,1727,0,3352,0,0,3352,T
2-PB1,1728,3373,0,2,0,3375,A
2-PB1,1729,3381,0,0,1,3382,A
2-PB1,1730,3377,0,0,0,3377,A
2-PB1,1731,0,3,3373,0,3376,G
2-PB1,1732,3386,1,0,0,3387,A
2-PB1,1733,3291,0,1,0,3292,A
2-PB1,1734,0,1,3306,0,3307,G
2-PB1,1735,0,0,0,3303,3303,C
2-PB1,1736,0,3284,0,0,3284,T
2-PB1,1737,1,1,3306,0,3308,G
2-PB1,1738,0,3282,0,1,3283,T
2-PB1,1739,0,8,3284,0,3292,G
2-PB1,1740,1,4,3290,0,3295,G
2-PB1,1741,0,4,3316,0,3320,G
2-PB1,1742,3332,0,3,0,3335,A
2-PB1,1743,1,3306,0,0,3307,T
2-PB1,1744,7,1,0,3284,3292,C
2-PB1,1745,3303,0,1,0,3304,A
2-PB1,1746,3314,0,1,0,3315,A
2-PB1,1747,3313,0,2,0,3315,A
2-PB1,1748,0,1,0,3322,3323,C
2-PB1,1749,1,0,0,3299,3300,C
2-PB1,1750,7,0,0,3295,3302,C
2-PB1,1751,3299,0,0,0,3299,A
2-PB1,1752,3337,0,0,0,3337,A
2-PB1,1753,0,3320,0,0,3320,T
2-PB1,1754,9,0,0,3343,3352,C
2-PB1,1755,3330,0,1,0,3331,A
2-PB1,1756,3305,0,1,0,3306,A
2-PB1,1757,0,5,3327,0,3332,G
2-PB1,1758,0,2,3316,0,3318,G
2-PB1,1759,2,1,3312,0,3315,G
2-PB1,1760,1,2,0,3320,3323,C
2-PB1,1761,3273,0,2,2,3277,A
2-PB1,1762,0,6,3329,0,3335,G
2-PB1,1763,0,6,3352,0,3358,G
2-PB1,1764,3367,0,2,0,3369,A
2-PB1,1765,1,0,0,3405,3406,C
2-PB1,1766,0,3353,0,1,3354,T
2-PB1,1767,3458,0,0,0,3458,A
2-PB1,1768,0,3451,0,1,3452,T
2-PB1,1769,0,3450,0,0,3450,T
2-PB1,1770,0,7,3453,0,3460,G
2-PB1,1771,2,4,3462,0,3468,G
2-PB1,1772,0,3391,1,0,3392,T
2-PB1,1773,3413,0,1,1,3415,A
2-PB1,1774,0,3370,0,2,3372,T
2-PB1,1775,6,2,0,3376,3384,C
2-PB1,1776,3332,0,0,0,3332,A
2-PB1,1777,0,4,3359,0,3363,G
2-PB1,1778,3346,0,0,0,3346,A
2-PB1,1779,0,3325,0,0,3325,T
2-PB1,1780,20,7,3209,1,3237,G
2-PB1,1781,1,2,3238,0,3241,G
2-PB1,1782,17,6,3206,1,3230,G
2-PB1,1783,0,3,3214,0,3217,G
2-PB1,1784,0,8,3216,0,3224,G
2-PB1,1785,3174,0,28,0,3202,A
2-PB1,1786,1,1,0,3195,3197,C
2-PB1,1787,5,1,0,3179,3185,C
2-PB1,1788,3195,0,0,1,3196,A
2-PB1,1789,3361,0,0,0,3361,A
2-PB1,1790,3381,0,1,0,3382,A
2-PB1,1791,1,0,0,3455,3456,C
2-PB1,1792,0,3432,0,2,3434,T
2-PB1,1793,0,3424,0,0,3424,T
2-PB1,1794,3446,0,0,0,3446,A
2-PB1,1795,0,3450,0,1,3451,T
2-PB1,1796,3454,1,1,0,3456,A
2-PB1,1797,0,0,0,3465,3465,C
2-PB1,1798,3239,0,0,1,3240,A
2-PB1,1799,3245,0,1,0,3246,A
2-PB1,1800,0,3194,0,0,3194,T
2-PB1,1801,3222,0,0,0,3222,A
2-PB1,1802,1,3212,0,0,3213,T
2-PB1,1803,3,2,0,3210,3215,C
2-PB1,1804,4,2,0,3211,3217,C
2-PB1,1805,2,2,3212,0,3216,G
2-PB1,1806,2,10,3216,0,3228,G
2-PB1,1807,3215,0,0,0,3215,A
2-PB1,1808,3216,0,2,0,3218,A
2-PB1,1809,0,3214,0,0,3214,T
2-PB1,1810,8,0,0,3210,3218,C
2-PB1,1811,1,3197,0,4,3202,T
2-PB1,1812,0,3211,0,3,3214,T
2-PB1,1813,1,0,0,3213,3214,C
2-PB1,1814,3220,0,2,0,3222,A
2-PB1,1815,0,1,0,3231,3232,C
2-PB1,1816,3219,0,0,0,3219,A
2-PB1,1817,0,3430,0,1,3431,T
2-PB1,1818,4,0,0,3435,3439,C
2-PB1,1819,5,1,0,3407,3413,C
2-PB1,1820,7,0,0,3445,3452,C
2-PB1,1821,1,3443,0,1,3445,T
2-PB1,1822,1,2,3447,0,3450,G
2-PB1,1823,3423,0,1,0,3424,A
2-PB1,1824,3415,0,1,0,3416,A
2-PB1,1825,0,0,3434,0,3434,G
2-PB1,1826,0,3237,0,1,3238,T
2-PB1,1827,10,2,0,3254,3266,C
2-PB1,1828,0,3199,0,1,3200,T
2-PB1,1829,0,1,3255,0,3256,G
2-PB1,1830,0,0,0,3249,3249,C
2-PB1,1831,0,3251,0,11,3262,T
2-PB1,1832,0,3272,1,0,3273,T
2-PB1,1833,3269,0,0,0,3269,A
2-PB1,1834,3275,0,0,0,3275,A
2-PB1,1835,3270,0,1,0,3271,A
2-PB1,1836,3184,0,0,5,3189,A
2-PB1,1837,0,3217,0,0,3217,T
2-PB1,1838,1,5,3202,0,3208,G
2-PB1,1839,0,7,3191,0,3198,G
2-PB1,1840,3,6,3186,0,3195,G
2-PB1,1841,3187,0,3,0,3190,A
2-PB1,1842,0,1,3212,0,3213,G
2-PB1,1843,4,0,0,3193,3197,C
2-PB1,1844,0,3198,0,3,3201,T
2-PB1,1845,0,6,3208,1,3215,G
2-PB1,1846,3191,0,2,0,3193,A
2-PB1,1847,0,3208,0,0,3208,T
2-PB1,1848,0,2,3228,0,3230,G
2-PB1,1849,1,1,3224,0,3226,G
2-PB1,1850,3199,0,3,0,3202,A
2-PB1,1851,0,3214,0,1,3215,T
2-PB1,1852,0,8,3210,0,3218,G
2-PB1,1853,3179,1,2,0,3182,A
2-PB1,1854,0,10,3212,0,3222,G
2-PB1,1855,3231,0,0,1,3232,A
2-PB1,1856,3236,0,1,0,3237,A
2-PB1,1857,0,3210,0,0,3210,T
2-PB1,1858,0,3206,0,0,3206,T
2-PB1,1859,3209,0,0,0,3209,A
2-PB1,1860,0,3200,0,0,3200,T
2-PB1,1861,2,2,0,3198,3202,C
2-PB1,1862,3,1,3201,0,3205,G
2-PB1,1863,0,3,3150,0,3153,G
2-PB1,1864,1,5,3161,1,3168,G
2-PB1,1865,0,0,3177,0,3177,G
2-PB1,1866,3169,0,1,0,3170,A
2-PB1,1867,3177,0,3,0,3180,A
2-PB1,1868,0,7,3195,0,3202,G
2-PB1,1869,3194,0,2,0,3196,A
2-PB1,1870,0,0,0,3220,3220,C
2-PB1,1871,0,3198,1,0,3199,T
2-PB1,1872,0,3243,0,1,3244,T
2-PB1,1873,0,3252,0,0,3252,T
2-PB1,1874,0,0,3265,0,3265,G
2-PB1,1875,1,3269,0,0,3270,T
2-PB1,1876,3259,0,1,0,3260,A
2-PB1,1877,3246,0,0,0,3246,A
2-PB1,1878,0,3185,0,0,3185,T
2-PB1,1879,2,0,0,3192,3194,C
2-PB1,1880,1,0,0,3193,3194,C
2-PB1,1881,7,1,0,3147,3155,C
2-PB1,1882,0,0,0,3181,3181,C
2-PB1,1883,1,3181,0,1,3183,T
2-PB1,1884,0,12,3170,0,3182,G
2-PB1,1885,3173,0,0,0,3173,A
2-PB1,1886,3182,0,0,0,3182,A
2-PB1,1887,0,3183,0,0,3183,T
2-PB1,1888,6,0,0,3164,3170,C
2-PB1,1889,7,0,0,3153,3160,C
2-PB1,1890,6,1,0,3131,3138,C
2-PB1,1891,0,3142,0,9,3151,T
2-PB1,1892,0,3169,0,0,3169,T
2-PB1,1893,2,3159,0,0,3161,T
2-PB1,1894,0,2,3166,0,3168,G
2-PB1,1895,0,3139,1,2,3142,T
2-PB1,1896,10,1,0,3129,3140,C
2-PB1,1897,3125,0,3,0,3128,A
2-PB1,1898,0,0,3154,0,3154,G
2-PB1,1899,2,1,0,3143,3146,C
2-PB1,1900,4,2,0,3153,3159,C
2-PB1,1901,3164,0,1,0,3165,A
2-PB1,1902,1,3168,0,1,3170,T
2-PB1,1903,3167,0,1,0,3168,A
2-PB1,1904,3172,0,0,0,3172,A
2-PB1,1905,3168,0,1,0,3169,A
2-PB1,1906,0,6,3189,0,3195,G
2-PB1,1907,3131,1,1,0,3133,A
2-PB1,1908,3143,0,1,0,3144,A
2-PB1,1909,3143,0,1,0,3144,A
2-PB1,1910,0,3127,0,0,3127,T
2-PB1,1911,0,3128,0,0,3128,T
2-PB1,1912,0,8,3123,0,3131,G
2-PB1,1913,3103,0,1,0,3104,A
2-PB1,1914,0,0,3135,0,3135,G
2-PB1,1915,1,3129,0,1,3131,T
2-PB1,1916,6,0,0,3144,3150,C
2-PB1,1917,0,3137,0,9,3146,T
2-PB1,1918,0,0,3199,0,3199,G
2-PB1,1919,1,3183,0,2,3186,T
2-PB1,1920,3226,0,1,0,3227,A
2-PB1,1921,3221,0,4,0,3225,A
2-PB1,1922,3218,0,1,0,3219,A
2-PB1,1923,1,2,0,3225,3228,C
2-PB1,1924,3157,0,1,0,3158,A
2-PB1,1925,3211,0,0,0,3211,A
2-PB1,1926,0,3183,0,0,3183,T
2-PB1,1927,0,2,3183,0,3185,G
2-PB1,1928,1,0,0,3183,3184,C
2-PB1,1929,0,3147,0,1,3148,T
2-PB1,1930,1,0,3252,0,3253,G
2-PB1,1931,1,3223,0,9,3233,T
2-PB1,1932,3289,0,1,0,3290,A
2-PB1,1933,0,1,3287,0,3288,G
2-PB1,1934,0,3194,0,0,3194,T
2-PB1,1935,3196,0,0,0,3196,A
2-PB1,1936,3144,0,1,0,3145,A
2-PB1,1937,0,3117,0,2,3119,T
2-PB1,1938,0,1,3091,0,3092,G
2-PB1,1939,1,0,0,3049,3050,C
2-PB1,1940,2,0,0,3012,3014,C
2-PB1,1941,2981,1,5,0,2987,A
2-PB1,1942,1,0,3023,1,3025,G
2-PB1,1943,2,2,0,3034,3038,C
2-PB1,1944,5,0,0,3057,3062,C
2-PB1,1945,4,0,0,3056,3060,C
2-PB1,1946,3041,0,1,1,3043,A
2-PB1,1947,0,3051,1,3,3055,T
2-PB1,1948,1,3,3049,0,3053,G
2-PB1,1949,1,0,3089,0,3090,G
2-PB1,1950,0,3050,0,1,3051,T
2-PB1,1951,11,0,0,2976,2987,C
2-PB1,1952,8,0,0,2941,2949,C
2-PB1,1953,0,2927,0,4,2931,T
2-PB1,1954,0,0,2982,0,2982,G
2-PB1,1955,2,1,0,2941,2944,C
2-PB1,1956,5,0,1,2966,2972,C
2-PB1,1957,2983,0,1,0,2984,A
2-PB1,1958,2921,0,0,0,2921,A
2-PB1,1959,2940,0,0,0,2940,A
2-PB1,1960,2944,0,1,0,2945,A
2-PB1,1961,0,0,2973,0,2973,G
2-PB1,1962,0,2921,0,0,2921,T
2-PB1,1963,2930,0,0,0,2930,A
2-PB1,1964,1,2921,0,0,2922,T
2-PB1,1965,0,2,2922,0,2924,G
2-PB1,1966,0,5,2958,0,2963,G
2-PB1,1967,2963,1,0,0,2964,A
2-PB1,1968,2983,0,1,0,2984,A
2-PB1,1969,1,2967,0,0,2968,T
2-PB1,1970,2941,0,0,0,2941,A
2-PB1,1971,0,2927,0,1,2928,T
2-PB1,1972,0,3,2917,0,2920,G
2-PB1,1973,2912,1,2,0,2915,A
2-PB1,1974,0,2897,0,0,2897,T
2-PB1,1975,0,0,2821,0,2821,G
2-PB1,1976,0,0,0,2809,2809,C
2-PB1,1977,2,0,0,2806,2808,C
2-PB1,1978,1,1,2828,0,2830,G
2-PB1,1979,0,2818,0,0,2818,T
2-PB1,1980,0,2822,0,1,2823,T
2-PB1,1981,0,1,2824,0,2825,G
2-PB1,1982,2,0,0,2868,2870,C
2-PB1,1983,2887,0,0,0,2887,A
2-PB1,1984,2907,0,0,0,2907,A
2-PB1,1985,2,0,0,2919,2921,C
2-PB1,1986,0,2886,0,0,2886,T
2-PB1,1987,2900,0,0,0,2900,A
2-PB1,1988,2,0,0,2897,2899,C
2-PB1,1989,2877,1,1,0,2879,A
2-PB1,1990,0,1,0,2893,2894,C
2-PB1,1991,2777,0,0,1,2778,A
2-PB1,1992,0,0,0,2975,2975,C
2-PB1,1993,1,2863,0,1,2865,T
2-PB1,1994,4,0,0,2915,2919,C
2-PB1,1995,4,0,0,2924,2928,C
2-PB1,1996,0,2895,0,9,2904,T
2-PB1,1997,0,2,2908,0,2910,G
2-PB1,1998,1,8,2905,0,2914,G
2-PB1,1999,2915,0,0,0,2915,A
2-PB1,2000,0,2907,0,0,2907,T
2-PB1,2001,0,2595,0,0,2595,T
2-PB1,2002,4,0,0,2648,2652,C
2-PB1,2003,2,0,0,2627,2629,C
2-PB1,2004,2,0,0,2632,2634,C
2-PB1,2005,2649,0,0,1,2650,A
2-PB1,2006,2640,0,1,0,2641,A
2-PB1,2007,0,2,2648,0,2650,G
2-PB1,2008,2630,0,2,0,2632,A
2-PB1,2009,1,2,2624,0,2627,G
2-PB1,2010,1,4,2620,0,2625,G
2-PB1,2011,2598,0,4,0,2602,A
2-PB1,2012,2598,0,3,0,2601,A
2-PB1,2013,1,1,0,2590,2592,C
2-PB1,2014,2,0,0,2565,2567,C
2-PB1,2015,1,0,2589,0,2590,G
2-PB1,2016,1,0,0,2587,2588,C
2-PB1,2017,1,2588,0,0,2589,T
2-PB1,2018,8,0,0,2581,2589,C
2-PB1,2019,0,2584,0,0,2584,T
2-PB1,2020,2747,0,0,0,2747,A
2-PB1,2021,0,2733,1,1,2735,T
2-PB1,2022,0,2730,0,0,2730,T
2-PB1,2023,2,0,0,2760,2762,C
2-PB1,2024,0,2674,0,1,2675,T
2-PB1,2025,2683,0,2,0,2685,A
2-PB1,2026,2679,0,0,0,2679,A
2-PB1,2027,2677,0,0,0,2677,A
2-PB1,2028,0,0,0,2682,2682,C
2-PB1,2029,2517,0,0,0,2517,A
2-PB1,2030,0,0,0,2523,2523,C
2-PB1,2031,2491,0,0,0,2491,A
2-PB1,2032,2503,0,4,0,2507,A
2-PB1,2033,0,1,2511,0,2512,G
2-PB1,2034,2,0,0,2496,2498,C
2-PB1,2035,3,1,0,2516,2520,C
2-PB1,2036,2498,0,1,0,2499,A
2-PB1,2037,2502,0,0,0,2502,A
2-PB1,2038,2495,1,4,0,2500,A
2-PB1,2039,0,7,2509,0,2516,G
2-PB1,2040,0,4,2502,0,2506,G
2-PB1,2041,1,0,2477,1,2479,G
2-PB1,2042,1,4,2473,0,2478,G
2-PB1,2043,2459,0,1,0,2460,A
2-PB1,2044,2475,0,0,0,2475,A
2-PB1,2045,0,2440,0,36,2476,T
2-PB1,2046,0,2475,0,0,2475,T
2-PB1,2047,4,0,0,2478,2482,C
2-PB1,2048,0,2470,0,1,2471,T
2-PB1,2049,1,2472,0,0,2473,T
2-PB1,2050,0,0,2475,0,2475,G
2-PB1,2051,2468,0,2,0,2470,A
2-PB1,2052,1,2,2471,0,2474,G
2-PB1,2053,0,2,2478,0,2480,G
2-PB1,2054,2465,0,1,0,2466,A
2-PB1,2055,0,2457,0,0,2457,T
2-PB1,2056,0,7,2462,0,2469,G
2-PB1,2057,2466,0,3,0,2469,A
2-PB1,2058,2466,0,0,0,2466,A
2-PB1,2059,1,1,0,2479,2481,C
2-PB1,2060,2458,0,0,0,2458,A
2-PB1,2061,0,1,2493,0,2494,G
2-PB1,2062,2486,1,0,1,2488,A
2-PB1,2063,0,2477,0,2,2479,T
2-PB1,2064,1,0,2484,0,2485,G
2-PB1,2065,0,2515,0,0,2515,T
2-PB1,2066,2524,0,2,0,2526,A
2-PB1,2067,0,1,0,2522,2523,C
2-PB1,2068,7,1,0,2494,2502,C
2-PB1,2069,2461,0,1,0,2462,A
2-PB1,2070,0,1,2423,0,2424,G
2-PB1,2071,2389,0,1,0,2390,A
2-PB1,2072,2383,0,0,0,2383,A
2-PB1,2073,0,1,2389,0,2390,G
2-PB1,2074,0,2241,1,0,2242,T
2-PB1,2075,0,1,2254,0,2255,G
2-PB1,2076,2,2,0,2232,2236,C
2-PB1,2077,0,2242,0,4,2246,T
2-PB1,2078,0,0,2252,0,2252,G
2-PB1,2079,1,0,0,2230,2231,C
2-PB1,2080,2238,0,0,0,2238,A
2-PB1,2081,2225,0,3,1,2229,A
2-PB1,2082,1,0,0,2207,2208,C
2-PB1,2083,0,2202,0,0,2202,T
2-PB1,2084,0,2176,0,0,2176,T
2-PB1,2085,0,0,2170,0,2170,G
2-PB1,2086,0,2165,0,1,2166,T
2-PB1,2087,0,2157,0,1,2158,T
2-PB1,2088,4,0,1,2161,2166,C
2-PB1,2089,35,3,2134,0,2172,G
2-PB1,2090,2165,1,1,0,2167,A
2-PB1,2091,0,8,2154,0,2162,G
2-PB1,2092,2162,0,0,0,2162,A
2-PB1,2093,2168,0,0,0,2168,A
2-PB1,2094,2161,0,1,0,2162,A
2-PB1,2095,0,2149,0,0,2149,T
2-PB1,2096,0,2160,0,0,2160,T
2-PB1,2097,0,2156,0,0,2156,T
2-PB1,2098,0,2161,0,0,2161,T
2-PB1,2099,0,2146,0,0,2146,T
2-PB1,2100,4,1,0,2139,2144,C
2-PB1,2101,2,1,0,2144,2147,C
2-PB1,2102,6,1,0,2152,2159,C
2-PB1,2103,0,2157,0,0,2157,T
2-PB1,2104,2163,0,0,0,2163,A
2-PB1,2105,1,0,2172,0,2173,G
2-PB1,2106,0,2164,0,1,2165,T
2-PB1,2107,2181,0,1,0,2182,A
2-PB1,2108,0,0,2195,0,2195,G
2-PB1,2109,0,2171,0,1,2172,T
2-PB1,2110,0,2243,0,1,2244,T
2-PB1,2111,19,0,0,2224,2243,C
2-PB1,2112,2272,0,0,0,2272,A
2-PB1,2113,1,2267,0,0,2268,T
2-PB1,2114,2273,0,0,0,2273,A
2-PB1,2115,0,2266,0,0,2266,T
2-PB1,2116,2194,0,1,0,2195,A
2-PB1,2117,0,2,2177,0,2179,G
2-PB1,2118,0,4,2164,0,2168,G
2-PB1,2119,1967,0,0,0,1967,A
2-PB1,2120,0,2,1966,0,1968,G
2-PB1,2121,1864,0,2,0,1866,A
2-PB1,2122,1,0,0,1861,1862,C
2-PB1,2123,9,0,0,1790,1799,C
2-PB1,2124,0,3,1799,0,1802,G
2-PB1,2125,1798,0,0,0,1798,A
2-PB1,2126,0,1788,0,0,1788,T
2-PB1,2127,0,1794,0,1,1795,T
2-PB1,2128,1,4,1785,0,1790,G
2-PB1,2129,0,7,1785,0,1792,G
2-PB1,2130,1788,0,1,0,1789,A
2-PB1,2131,1791,0,0,0,1791,A
2-PB1,2132,0,1777,0,0,1777,T
2-PB1,2133,1,1782,0,0,1783,T
2-PB1,2134,0,1787,0,0,1787,T
2-PB1,2135,4,1,0,1784,1789,C
2-PB1,2136,0,1787,0,1,1788,T
2-PB1,2137,1781,0,0,0,1781,A
2-PB1,2138,0,1,1778,0,1779,G
2-PB1,2139,0,0,0,1777,1777,C
2-PB1,2140,1772,1,1,0,1774,A
2-PB1,2141,0,1770,0,0,1770,T
2-PB1,2142,0,1,1732,0,1733,G
2-PB1,2143,0,1,1776,0,1777,G
2-PB1,2144,0,1771,0,0,1771,T
2-PB1,2145,1,1,1767,0,1769,G
2-PB1,2146,0,2,1765,0,1767,G
2-PB1,2147,1730,0,3,0,1733,A
2-PB1,2148,0,1,1734,0,1735,G
2-PB1,2149,0,1,1726,0,1727,G
2-PB1,2150,1,1,0,1686,1688,C
2-PB1,2151,3,1,0,1696,1700,C
2-PB1,2152,1573,0,1,0,1574,A
2-PB1,2153,0,1563,1,2,1566,T
2-PB1,2154,0,4,1572,0,1576,G
2-PB1,2155,0,0,1590,0,1590,G
2-PB1,2156,0,1558,0,0,1558,T
2-PB1,2157,2,0,1568,0,1570,G
2-PB1,2158,1,1550,0,0,1551,T
2-PB1,2159,2,0,0,1528,1530,C
2-PB1,2160,0,1539,0,0,1539,T
2-PB1,2161,1515,0,0,0,1515,A
2-PB1,2162,0,1,1509,0,1510,G
2-PB1,2163,0,3,1472,0,1475,G
2-PB1,2164,0,0,1443,0,1443,G
2-PB1,2165,0,0,0,1413,1413,C
2-PB1,2166,5,0,0,1328,1333,C
2-PB1,2167,0,1,0,1323,1324,C
2-PB1,2168,1,2,1320,0,1323,G
2-PB1,2169,1,0,1330,0,1331,G
2-PB1,2170,1329,0,1,0,1330,A
2-PB1,2171,0,1325,0,1,1326,T
2-PB1,2172,0,1270,0,0,1270,T
2-PB1,2173,0,1,1261,0,1262,G
2-PB1,2174,1253,0,0,0,1253,A
2-PB1,2175,0,1252,0,0,1252,T
2-PB1,2176,0,0,1248,0,1248,G
2-PB1,2177,0,0,0,1245,1245,C
2-PB1,2178,4,0,0,1233,1237,C
2-PB1,2179,1237,0,0,0,1237,A
2-PB1,2180,0,1,1238,0,1239,G
2-PB1,2181,1245,0,0,0,1245,A
2-PB1,2182,1242,0,0,0,1242,A
2-PB1,2183,0,1235,0,2,1237,T
2-PB1,2184,0,1215,0,0,1215,T
2-PB1,2185,1,6,1203,0,1210,G
2-PB1,2186,1197,0,0,0,1197,A
2-PB1,2187,0,0,0,1197,1197,C
2-PB1,2188,0,1194,0,0,1194,T
2-PB1,2189,0,1181,0,1,1182,T
2-PB1,2190,2,0,0,1181,1183,C
2-PB1,2191,0,3,1183,0,1186,G
2-PB1,2192,1176,0,0,0,1176,A
2-PB1,2193,6,0,1155,0,1161,G
2-PB1,2194,0,1166,0,0,1166,T
2-PB1,2195,2,0,0,1167,1169,C
2-PB1,2196,0,1167,0,1,1168,T
2-PB1,2197,0,1,1172,0,1173,G
2-PB1,2198,0,1,1170,0,1171,G
2-PB1,2199,1169,0,0,0,1169,A
2-PB1,2200,1073,0,0,0,1073,A
2-PB1,2201,0,1,1072,0,1073,G
2-PB1,2202,0,0,1089,0,1089,G
2-PB1,2203,1089,0,1,0,1090,A
2-PB1,2204,0,1073,0,13,1086,T
2-PB1,2205,0,1085,0,0,1085,T
2-PB1,2206,1081,0,1,0,1082,A
2-PB1,2207,1087,0,1,0,1088,A
2-PB1,2208,0,1,1085,0,1086,G
2-PB1,2209,1075,0,0,0,1075,A
2-PB1,2210,1060,0,0,0,1060,A
2-PB1,2211,938,1,6,0,945,A
2-PB1,2212,0,0,950,0,950,G
2-PB1,2213,949,0,0,0,949,A
2-PB1,2214,948,0,1,0,949,A
2-PB1,2215,1,2,942,0,945,G
2-PB1,2216,880,0,0,0,880,A
2-PB1,2217,0,0,883,0,883,G
2-PB1,2218,0,842,0,0,842,T
2-PB1,2219,0,840,0,0,840,T
2-PB1,2220,4,0,1,839,844,C
2-PB1,2221,0,827,0,0,827,T
2-PB1,2222,2,0,0,828,830,C
2-PB1,2223,0,832,0,0,832,T
2-PB1,2224,0,0,824,0,824,G
2-PB1,2225,812,0,0,0,812,A
2-PB1,2226,0,1,795,0,796,G
2-PB1,2227,789,0,0,0,789,A
2-PB1,2228,0,759,0,0,759,T
2-PB1,2229,2,0,0,714,716,C
2-PB1,2230,713,0,0,0,713,A
2-PB1,2231,0,712,0,1,713,T
2-PB1,2232,0,1,712,0,713,G
2-PB1,2233,708,0,0,0,708,A
2-PB1,2234,700,1,2,0,703,A
2-PB1,2235,0,0,688,0,688,G
2-PB1,2236,674,0,1,0,675,A
2-PB1,2237,0,662,0,0,662,T
2-PB1,2238,0,0,0,659,659,C
2-PB1,2239,0,624,0,0,624,T
2-PB1,2240,1,0,625,0,626,G
2-PB1,2241,0,622,0,0,622,T
2-PB1,2242,0,620,0,0,620,T
2-PB1,2243,6,0,1,600,607,C
2-PB1,2244,1,0,0,580,581,C
2-PB1,2245,578,0,0,0,578,A
2-PB1,2246,0,0,0,578,578,C
2-PB1,2247,0,0,0,550,550,C
2-PB1,2248,536,0,0,0,536,A
2-PB1,2249,0,494,0,0,494,T
2-PB1,2250,0,474,0,0,474,T
2-PB1,2251,0,1,474,0,475,G
2-PB1,2252,473,0,0,0,473,A
2-PB1,2253,471,0,1,0,472,A
2-PB1,2254,0,0,471,0,471,G
2-PB1,2255,412,0,1,0,413,A
2-PB1,2256,410,0,0,0,410,A
2-PB1,2257,0,0,0,405,405,C
2-PB1,2258,0,385,0,0,385,T
2-PB1,2259,2,0,0,382,384,C
2-PB1,2260,373,0,0,0,373,A
2-PB1,2261,0,0,372,0,372,G
2-PB1,2262,370,0,2,0,372,A
2-PB1,2263,0,0,0,352,352,C
2-PB1,2264,1,1,343,0,345,G
2-PB1,2265,1,0,331,0,332,G
2-PB1,2266,0,0,0,324,324,C
2-PB1,2267,325,0,0,0,325,A
2-PB1,2268,323,0,0,0,323,A
2-PB1,2269,323,0,0,0,323,A
2-PB1,2270,322,0,1,0,323,A
2-PB1,2271,319,0,0,0,319,A
2-PB1,2272,0,311,0,0,311,T
2-PB1,2273,306,0,0,0,306,A
2-PB1,2274,307,0,0,0,307,A
3-PA,1,35,0,0,0,35,A
3-PA,2,0,36,0,0,36,T
3-PA,3,0,0,40,0,40,G
3-PA,4,0,0,42,0,42,G
3-PA,5,42,0,0,0,42,A
3-PA,6,42,0,0,0,42,A
3-PA,7,0,0,42,0,42,G
3-PA,8,43,0,0,0,43,A
3-PA,9,0,44,0,0,44,T
3-PA,10,0,44,0,0,44,T
3-PA,11,0,45,0,0,45,T
3-PA,12,0,45,0,0,45,T
3-PA,13,0,0,47,0,47,G
3-PA,14,0,46,0,0,46,T
3-PA,15,0,0,47,0,47,G
3-PA,16,0,0,0,49,49,C
3-PA,17,0,0,49,0,49,G
3-PA,18,55,0,0,0,55,A
3-PA,19,0,0,0,56,56,C
3-PA,20,56,0,0,0,56,A
3-PA,21,57,0,0,0,57,A
3-PA,22,0,58,0,0,58,T
3-PA,23,0,0,73,0,73,G
3-PA,24,0,0,0,77,77,C
3-PA,25,0,76,0,0,76,T
3-PA,26,0,77,0,0,77,T
3-PA,27,0,0,0,78,78,C
3-PA,28,79,0,0,0,79,A
3-PA,29,82,0,0,0,82,A
3-PA,30,0,0,0,87,87,C
3-PA,31,1,0,0,87,88,C
3-PA,32,0,0,0,88,88,C
3-PA,33,0,0,87,0,87,G
3-PA,34,90,0,0,0,90,A
3-PA,35,0,91,0,0,91,T
3-PA,36,0,0,90,0,90,G
3-PA,37,95,0,0,0,95,A
3-PA,38,0,96,0,0,96,T
3-PA,39,0,96,0,0,96,T
3-PA,40,0,1,97,0,98,G
3-PA,41,0,96,0,1,97,T
3-PA,42,0,0,0,99,99,C
3-PA,43,0,1,97,0,98,G
3-PA,44,100,0,0,0,100,A
3-PA,45,100,0,0,0,100,A
3-PA,46,0,0,0,101,101,C
3-PA,47,0,102,0,0,102,T
3-PA,48,0,102,0,0,102,T
3-PA,49,0,0,103,0,103,G
3-PA,50,0,0,0,103,103,C
3-PA,51,105,0,0,0,105,A
3-PA,52,0,0,106,0,106,G
3-PA,53,105,0,0,0,105,A
3-PA,54,104,0,0,0,104,A
3-PA,55,105,0,0,0,105,A
3-PA,56,107,0,0,0,107,A
3-PA,57,109,0,0,0,109,A
3-PA,58,0,0,109,0,109,G
3-PA,59,0,0,0,113,113,C
3-PA,60,114,0,0,0,114,A
3-PA,61,123,0,0,0,123,A
3-PA,62,0,123,0,0,123,T
3-PA,63,0,0,127,0,127,G
3-PA,64,126,0,0,0,126,A
3-PA,65,127,0,0,0,127,A
3-PA,66,126,0,0,0,126,A
3-PA,67,0,1,131,0,132,G
3-PA,68,139,0,0,0,139,A
3-PA,69,0,0,161,0,161,G
3-PA,70,0,158,0,0,158,T
3-PA,71,161,0,0,0,161,A
3-PA,72,0,163,0,0,163,T
3-PA,73,0,0,164,1,165,G
3-PA,74,0,0,162,0,162,G
3-PA,75,0,0,165,0,165,G
3-PA,76,0,1,164,0,165,G
3-PA,77,162,0,0,0,162,A
3-PA,78,0,2,163,0,165,G
3-PA,79,0,0,167,0,167,G
3-PA,80,167,0,0,0,167,A
3-PA,81,0,172,0,0,172,T
3-PA,82,1,1,0,169,171,C
3-PA,83,0,170,0,0,170,T
3-PA,84,0,0,171,0,171,G
3-PA,85,169,0,0,0,169,A
3-PA,86,171,0,0,0,171,A
3-PA,87,170,0,0,0,170,A
3-PA,88,170,0,0,0,170,A
3-PA,89,0,169,0,0,169,T
3-PA,90,0,170,0,0,170,T
3-PA,91,0,0,170,0,170,G
3-PA,92,170,0,0,0,170,A
3-PA,93,169,0,0,0,169,A
3-PA,94,169,0,0,0,169,A
3-PA,95,0,0,0,169,169,C
3-PA,96,169,0,0,0,169,A
3-PA,97,171,0,0,0,171,A
3-PA,98,170,0,0,0,170,A
3-PA,99,0,0,0,171,171,C
3-PA,100,171,0,0,0,171,A
3-PA,101,173,0,0,0,173,A
3-PA,102,174,0,0,0,174,A
3-PA,103,0,174,0,0,174,T
3-PA,104,0,177,0,0,177,T
3-PA,105,0,176,0,0,176,T
3-PA,106,0,0,177,0,177,G
3-PA,107,0,0,0,176,176,C
3-PA,108,177,0,0,0,177,A
3-PA,109,0,0,183,0,183,G
3-PA,110,0,0,0,181,181,C
3-PA,111,195,0,0,0,195,A
3-PA,112,196,0,0,0,196,A
3-PA,113,0,198,0,0,198,T
3-PA,114,206,0,0,0,206,A
3-PA,115,0,205,0,0,205,T
3-PA,116,0,0,207,0,207,G
3-PA,117,0,0,0,204,204,C
3-PA,118,207,0,0,0,207,A
3-PA,119,0,0,0,207,207,C
3-PA,120,0,204,0,0,204,T
3-PA,121,2,0,0,235,237,C
3-PA,122,239,0,0,0,239,A
3-PA,123,0,0,0,240,240,C
3-PA,124,0,241,0,0,241,T
3-PA,125,0,240,0,0,240,T
3-PA,126,0,0,242,0,242,G
3-PA,127,0,1,246,0,247,G
3-PA,128,242,0,0,0,242,A
3-PA,129,0,0,252,0,252,G
3-PA,130,0,1,246,0,247,G
3-PA,131,0,237,0,0,237,T
3-PA,132,0,0,251,0,251,G
3-PA,133,0,251,0,0,251,T
3-PA,134,0,0,260,0,260,G
3-PA,135,0,257,0,0,257,T
3-PA,136,0,260,0,0,260,T
3-PA,137,0,258,0,0,258,T
3-PA,138,0,0,0,257,257,C
3-PA,139,256,0,0,0,256,A
3-PA,140,0,257,0,0,257,T
3-PA,141,0,0,263,0,263,G
3-PA,142,0,259,0,0,259,T
3-PA,143,263,0,0,0,263,A
3-PA,144,0,259,0,0,259,T
3-PA,145,0,262,0,0,262,T
3-PA,146,1,0,0,260,261,C
3-PA,147,262,0,0,0,262,A
3-PA,148,1,0,260,0,261,G
3-PA,149,263,0,0,0,263,A
3-PA,150,0,263,0,0,263,T
3-PA,151,0,263,0,0,263,T
3-PA,152,0,260,0,0,260,T
3-PA,153,0,0,0,261,261,C
3-PA,154,0,1,0,266,267,C
3-PA,155,266,0,1,0,267,A
3-PA,156,0,267,0,1,268,T
3-PA,157,0,268,0,0,268,T
3-PA,158,0,270,0,0,270,T
3-PA,159,2,1,0,266,269,C
3-PA,160,269,1,0,0,270,A
3-PA,161,0,274,0,0,274,T
3-PA,162,0,0,0,275,275,C
3-PA,163,274,0,0,0,274,A
3-PA,164,276,0,0,0,276,A
3-PA,165,0,278,0,0,278,T
3-PA,166,0,3,280,0,283,G
3-PA,167,285,0,1,0,286,A
3-PA,168,284,0,1,0,285,A
3-PA,169,0,0,0,287,287,C
3-PA,170,288,0,0,0,288,A
3-PA,171,285,1,0,0,286,A
3-PA,172,0,0,288,0,288,G
3-PA,173,0,1,287,0,288,G
3-PA,174,283,0,0,0,283,A
3-PA,175,0,0,296,0,296,G
3-PA,176,307,0,0,0,307,A
3-PA,177,310,0,0,0,310,A
3-PA,178,0,309,0,0,309,T
3-PA,179,0,0,0,311,311,C
3-PA,180,310,0,0,0,310,A
3-PA,181,312,0,0,0,312,A
3-PA,182,0,314,0,0,314,T
3-PA,183,311,0,0,0,311,A
3-PA,184,0,1,314,0,315,G
3-PA,185,0,311,0,0,311,T
3-PA,186,0,1,315,0,316,G
3-PA,187,0,0,316,0,316,G
3-PA,188,0,315,0,0,315,T
3-PA,189,315,0,0,0,315,A
3-PA,190,0,2,316,0,318,G
3-PA,191,321,0,0,0,321,A
3-PA,192,322,0,0,0,322,A
3-PA,193,0,0,0,322,322,C
3-PA,194,0,316,0,0,316,T
3-PA,195,0,315,0,0,315,T
3-PA,196,0,1,314,0,315,G
3-PA,197,317,0,0,0,317,A
3-PA,198,0,0,0,316,316,C
3-PA,199,0,0,312,0,312,G
3-PA,200,315,0,0,0,315,A
3-PA,201,0,322,0,0,322,T
3-PA,202,1,0,0,322,323,C
3-PA,203,1,0,0,327,328,C
3-PA,204,325,0,0,0,325,A
3-PA,205,331,0,0,0,331,A
3-PA,206,329,0,0,1,330,A
3-PA,207,0,333,0,0,333,T
3-PA,208,0,0,334,0,334,G
3-PA,209,0,0,0,328,328,C
3-PA,210,329,0,0,0,329,A
3-PA,211,0,0,0,339,339,C
3-PA,212,0,333,0,0,333,T
3-PA,213,0,0,393,0,393,G
3-PA,214,0,397,0,0,397,T
3-PA,215,0,393,0,0,393,T
3-PA,216,394,0,0,0,394,A
3-PA,217,394,0,0,0,394,A
3-PA,218,394,0,0,0,394,A
3-PA,219,0,2,392,0,394,G
3-PA,220,0,0,0,390,390,C
3-PA,221,385,0,0,0,385,A
3-PA,222,0,0,0,378,378,C
3-PA,223,369,0,0,0,369,A
3-PA,224,0,0,382,0,382,G
3-PA,225,374,0,0,0,374,A
3-PA,226,0,377,0,0,377,T
3-PA,227,0,378,0,0,378,T
3-PA,228,0,379,0,0,379,T
3-PA,229,0,2,374,0,376,G
3-PA,230,381,0,0,0,381,A
3-PA,231,380,0,0,0,380,A
3-PA,232,382,0,0,0,382,A
3-PA,233,0,380,0,0,380,T
3-PA,234,382,0,0,0,382,A
3-PA,235,378,0,0,0,378,A
3-PA,236,0,382,0,0,382,T
3-PA,237,0,381,0,0,381,T
3-PA,238,0,0,383,0,383,G
3-PA,239,379,0,0,0,379,A
3-PA,240,0,0,388,0,388,G
3-PA,241,0,1,389,0,390,G
3-PA,242,2,0,384,0,386,G
3-PA,243,0,0,382,0,382,G
3-PA,244,385,0,0,0,385,A
3-PA,245,0,1,388,0,389,G
3-PA,246,401,0,0,0,401,A
3-PA,247,0,0,404,0,404,G
3-PA,248,407,0,0,0,407,A
3-PA,249,0,0,0,409,409,C
3-PA,250,401,0,1,0,402,A
3-PA,251,0,2,408,0,410,G
3-PA,252,407,0,0,0,407,A
3-PA,253,415,0,2,0,417,A
3-PA,254,0,0,0,415,415,C
3-PA,255,397,0,0,0,397,A
3-PA,256,393,0,0,0,393,A
3-PA,257,0,393,0,0,393,T
3-PA,258,1,0,416,0,417,G
3-PA,259,0,0,417,0,417,G
3-PA,260,0,0,0,411,411,C
3-PA,261,0,0,0,414,414,C
3-PA,262,0,414,0,0,414,T
3-PA,263,0,0,423,0,423,G
3-PA,264,0,5,414,0,419,G
3-PA,265,418,0,0,0,418,A
3-PA,266,0,1,0,423,424,C
3-PA,267,411,0,0,0,411,A
3-PA,268,0,0,452,0,452,G
3-PA,269,0,453,0,1,454,T
3-PA,270,464,0,0,0,464,A
3-PA,271,0,0,463,0,463,G
3-PA,272,0,451,0,0,451,T
3-PA,273,456,0,0,0,456,A
3-PA,274,455,0,0,0,455,A
3-PA,275,452,0,0,0,452,A
3-PA,276,0,0,0,461,461,C
3-PA,277,437,0,0,0,437,A
3-PA,278,0,0,447,0,447,G
3-PA,279,0,440,0,0,440,T
3-PA,280,446,0,0,0,446,A
3-PA,281,0,445,0,0,445,T
3-PA,282,1,0,0,451,452,C
3-PA,283,0,452,0,0,452,T
3-PA,284,0,0,452,0,452,G
3-PA,285,0,0,0,452,452,C
3-PA,286,449,0,0,0,449,A
3-PA,287,447,0,1,0,448,A
3-PA,288,0,0,0,451,451,C
3-PA,289,447,1,0,0,448,A
3-PA,290,0,0,0,470,470,C
3-PA,291,0,466,0,0,466,T
3-PA,292,465,0,0,0,465,A
3-PA,293,0,0,0,467,467,C
3-PA,294,0,465,0,0,465,T
3-PA,295,0,0,466,0,466,G
3-PA,296,0,1,468,0,469,G
3-PA,297,465,0,1,0,466,A
3-PA,298,0,0,470,0,470,G
3-PA,299,0,0,0,452,452,C
3-PA,300,1,460,0,0,461,T
3-PA,301,0,1,460,0,461,G
3-PA,302,0,0,460,0,460,G
3-PA,303,0,0,460,0,460,G
3-PA,304,462,0,0,0,462,A
3-PA,305,460,0,0,0,460,A
3-PA,306,461,0,0,0,461,A
3-PA,307,0,0,0,459,459,C
3-PA,308,4,0,0,459,463,C
3-PA,309,1,1,461,0,463,G
3-PA,310,461,0,0,0,461,A
3-PA,311,462,0,0,0,462,A
3-PA,312,0,0,469,0,469,G
3-PA,313,0,466,0,0,466,T
3-PA,314,0,467,0,0,467,T
3-PA,315,0,464,0,0,464,T
3-PA,316,0,0,0,467,467,C
3-PA,317,0,467,0,0,467,T
3-PA,318,464,0,0,0,464,A
3-PA,319,0,0,0,464,464,C
3-PA,320,2,0,0,463,465,C
3-PA,321,464,0,0,0,464,A
3-PA,322,0,0,473,0,473,G
3-PA,323,472,0,0,0,472,A
3-PA,324,0,473,0,0,473,T
3-PA,325,0,469,0,0,469,T
3-PA,326,0,472,0,0,472,T
3-PA,327,1,1,469,0,471,G
3-PA,328,0,475,0,0,475,T
3-PA,329,474,0,1,0,475,A
3-PA,330,0,474,0,0,474,T
3-PA,331,0,2,471,0,473,G
3-PA,332,496,0,0,0,496,A
3-PA,333,0,496,0,0,496,T
3-PA,334,0,496,0,1,497,T
3-PA,335,497,0,0,0,497,A
3-PA,336,0,0,0,497,497,C
3-PA,337,495,0,0,0,495,A
3-PA,338,495,0,0,0,495,A
3-PA,339,4,0,488,0,492,G
3-PA,340,0,1,493,0,494,G
3-PA,341,474,0,0,0,474,A
3-PA,342,0,0,479,0,479,G
3-PA,343,482,0,2,0,484,A
3-PA,344,482,0,0,0,482,A
3-PA,345,0,0,0,487,487,C
3-PA,346,478,0,0,0,478,A
3-PA,347,0,0,479,0,479,G
3-PA,348,474,0,0,0,474,A
3-PA,349,0,475,0,0,475,T
3-PA,350,0,475,0,0,475,T
3-PA,351,0,0,1,471,472,C
3-PA,352,470,0,0,0,470,A
3-PA,353,0,468,0,0,468,T
3-PA,354,1,0,0,470,471,C
3-PA,355,0,0,472,0,472,G
3-PA,356,473,0,0,0,473,A
3-PA,357,474,0,0,0,474,A
3-PA,358,475,0,0,0,475,A
3-PA,359,0,476,0,0,476,T
3-PA,360,0,476,0,0,476,T
3-PA,361,0,1,476,0,477,G
3-PA,362,0,1,469,0,470,G
3-PA,363,0,0,474,0,474,G
3-PA,364,0,0,479,0,479,G
3-PA,365,0,469,0,0,469,T
3-PA,366,0,3,478,1,482,G
3-PA,367,486,0,0,0,486,A
3-PA,368,0,0,0,492,492,C
3-PA,369,495,0,0,0,495,A
3-PA,370,496,0,0,0,496,A
3-PA,371,1,1,503,0,505,G
3-PA,372,0,0,500,0,500,G
3-PA,373,496,1,0,0,497,A
3-PA,374,0,0,502,0,502,G
3-PA,375,490,0,0,0,490,A
3-PA,376,0,0,488,0,488,G
3-PA,377,485,0,0,0,485,A
3-PA,378,491,0,0,0,491,A
3-PA,379,0,0,497,0,497,G
3-PA,380,0,485,0,0,485,T
3-PA,381,1,0,0,487,488,C
3-PA,382,1,0,0,489,490,C
3-PA,383,500,0,0,0,500,A
3-PA,384,0,0,0,509,509,C
3-PA,385,527,0,0,0,527,A
3-PA,386,0,538,0,0,538,T
3-PA,387,546,0,0,0,546,A
3-PA,388,0,539,0,0,539,T
3-PA,389,534,0,0,0,534,A
3-PA,390,0,528,0,0,528,T
3-PA,391,0,529,0,0,529,T
3-PA,392,536,0,3,0,539,A
3-PA,393,0,0,0,537,537,C
3-PA,394,0,0,0,522,522,C
3-PA,395,0,518,0,0,518,T
3-PA,396,0,507,0,0,507,T
3-PA,397,0,1,508,0,509,G
3-PA,398,508,0,0,0,508,A
3-PA,399,509,0,0,0,509,A
3-PA,400,505,0,1,0,506,A
3-PA,401,488,0,0,0,488,A
3-PA,402,0,0,490,0,490,G
3-PA,403,0,0,493,0,493,G
3-PA,404,0,1,0,491,492,C
3-PA,405,1,0,0,496,497,C
3-PA,406,496,0,0,0,496,A
3-PA,407,492,0,0,0,492,A
3-PA,408,0,496,0,0,496,T
3-PA,409,495,0,0,0,495,A
3-PA,410,497,0,0,0,497,A
3-PA,411,0,1,501,0,502,G
3-PA,412,496,0,0,0,496,A
3-PA,413,0,493,0,0,493,T
3-PA,414,0,497,0,0,497,T
3-PA,415,496,0,0,0,496,A
3-PA,416,494,0,0,0,494,A
3-PA,417,501,0,0,0,501,A
3-PA,418,0,497,0,0,497,T
3-PA,419,3,0,0,498,501,C
3-PA,420,0,495,0,0,495,T
3-PA,421,0,0,497,0,497,G
3-PA,422,497,0,2,0,499,A
3-PA,423,0,4,496,0,500,G
3-PA,424,500,0,0,0,500,A
3-PA,425,501,0,0,0,501,A
3-PA,426,0,0,0,501,501,C
3-PA,427,501,0,0,0,501,A
3-PA,428,0,1,0,505,506,C
3-PA,429,504,0,0,0,504,A
3-PA,430,0,0,0,505,505,C
3-PA,431,505,0,0,0,505,A
3-PA,432,0,484,0,4,488,T
3-PA,433,516,0,0,0,516,A
3-PA,434,0,513,0,0,513,T
3-PA,435,0,514,0,1,515,T
3-PA,436,2,1,0,511,514,C
3-PA,437,508,0,0,0,508,A
3-PA,438,0,0,0,516,516,C
3-PA,439,509,0,0,0,509,A
3-PA,440,0,511,0,0,511,T
3-PA,441,0,506,0,0,506,T
3-PA,442,0,508,0,0,508,T
3-PA,443,0,508,0,0,508,T
3-PA,444,0,0,1,515,516,C
3-PA,445,0,511,0,0,511,T
3-PA,446,2,0,0,512,514,C
3-PA,447,517,0,2,0,519,A
3-PA,448,0,518,0,0,518,T
3-PA,449,0,522,0,0,522,T
3-PA,450,1,0,0,521,522,C
3-PA,451,516,0,0,0,516,A
3-PA,452,0,0,0,520,520,C
3-PA,453,0,519,0,1,520,T
3-PA,454,0,2,522,0,524,G
3-PA,455,0,1,516,0,517,G
3-PA,456,509,0,0,0,509,A
3-PA,457,0,0,522,0,522,G
3-PA,458,521,0,1,0,522,A
3-PA,459,0,0,525,0,525,G
3-PA,460,0,0,525,0,525,G
3-PA,461,521,0,0,0,521,A
3-PA,462,524,0,0,0,524,A
3-PA,463,513,0,0,0,513,A
3-PA,464,0,507,0,0,507,T
3-PA,465,0,0,504,0,504,G
3-PA,466,0,0,497,0,497,G
3-PA,467,0,0,0,502,502,C
3-PA,468,4,0,0,497,501,C
3-PA,469,508,0,0,0,508,A
3-PA,470,0,0,0,511,511,C
3-PA,471,508,0,0,0,508,A
3-PA,472,508,0,0,0,508,A
3-PA,473,505,0,1,0,506,A
3-PA,474,0,2,503,0,505,G
3-PA,475,1,0,503,0,504,G
3-PA,476,0,0,0,508,508,C
3-PA,477,509,0,0,0,509,A
3-PA,478,0,1,516,0,517,G
3-PA,479,518,0,0,0,518,A
3-PA,480,1,3,0,525,529,C
3-PA,481,0,531,0,1,532,T
3-PA,482,523,0,1,0,524,A
3-PA,483,0,0,0,520,520,C
3-PA,484,518,0,0,0,518,A
3-PA,485,0,0,0,521,521,C
3-PA,486,0,510,0,0,510,T
3-PA,487,1,0,0,517,518,C
3-PA,488,0,512,0,0,512,T
3-PA,489,0,0,0,510,510,C
3-PA,490,1,0,510,0,511,G
3-PA,491,508,0,0,0,508,A
3-PA,492,0,0,0,507,507,C
3-PA,493,0,0,512,0,512,G
3-PA,494,512,0,0,0,512,A
3-PA,495,0,0,507,0,507,G
3-PA,496,0,1,507,0,508,G
3-PA,497,508,0,1,0,509,A
3-PA,498,511,0,1,0,512,A
3-PA,499,514,0,0,0,514,A
3-PA,500,0,0,514,0,514,G
3-PA,501,0,0,0,512,512,C
3-PA,502,509,0,0,0,509,A
3-PA,503,0,1,517,0,518,G
3-PA,504,0,1,517,0,518,G
3-PA,505,0,0,517,0,517,G
3-PA,506,0,0,0,518,518,C
3-PA,507,0,519,0,1,520,T
3-PA,508,517,0,1,0,518,A
3-PA,509,0,0,523,1,524,G
3-PA,510,0,2,544,0,546,G
3-PA,511,542,0,0,0,542,A
3-PA,512,0,532,0,0,532,T
3-PA,513,0,526,0,0,526,T
3-PA,514,526,0,0,0,526,A
3-PA,515,525,0,0,0,525,A
3-PA,516,0,1,524,0,525,G
3-PA,517,521,0,0,0,521,A
3-PA,518,0,0,0,523,523,C
3-PA,519,0,0,0,485,485,C
3-PA,520,480,0,0,0,480,A
3-PA,521,0,0,480,0,480,G
3-PA,522,0,0,478,0,478,G
3-PA,523,0,0,0,484,484,C
3-PA,524,0,480,0,0,480,T
3-PA,525,1,0,493,0,494,G
3-PA,526,0,493,0,1,494,T
3-PA,527,0,494,0,0,494,T
3-PA,528,0,498,0,0,498,T
3-PA,529,493,0,0,0,493,A
3-PA,530,0,0,0,497,497,C
3-PA,531,1,0,0,492,493,C
3-PA,532,489,0,0,0,489,A
3-PA,533,0,490,0,0,490,T
3-PA,534,469,0,0,0,469,A
3-PA,535,470,0,0,0,470,A
3-PA,536,0,0,474,0,474,G
3-PA,537,473,0,0,0,473,A
3-PA,538,0,0,0,473,473,C
3-PA,539,459,0,1,0,460,A
3-PA,540,464,0,1,0,465,A
3-PA,541,0,1,467,0,468,G
3-PA,542,469,0,0,0,469,A
3-PA,543,469,0,0,0,469,A
3-PA,544,467,0,0,0,467,A
3-PA,545,0,455,0,0,455,T
3-PA,546,0,1,457,0,458,G
3-PA,547,0,0,458,0,458,G
3-PA,548,0,0,0,455,455,C
3-PA,549,1,0,0,454,455,C
3-PA,550,453,0,1,0,454,A
3-PA,551,460,0,0,0,460,A
3-PA,552,0,0,0,457,457,C
3-PA,553,459,0,0,0,459,A
3-PA,554,0,0,454,0,454,G
3-PA,555,442,0,0,0,442,A
3-PA,556,0,1,445,0,446,G
3-PA,557,0,0,456,0,456,G
3-PA,558,0,0,0,456,456,C
3-PA,559,0,0,0,459,459,C
3-PA,560,0,452,0,0,452,T
3-PA,561,451,0,0,0,451,A
3-PA,562,0,454,0,0,454,T
3-PA,563,0,1,451,0,452,G
3-PA,564,0,1,458,0,459,G
3-PA,565,0,1,436,0,437,G
3-PA,566,435,0,0,0,435,A
3-PA,567,0,429,0,0,429,T
3-PA,568,0,425,0,0,425,T
3-PA,569,3,0,0,511,514,C
3-PA,570,0,0,0,518,518,C
3-PA,571,0,522,0,0,522,T
3-PA,572,1,524,0,0,525,T
3-PA,573,0,524,0,0,524,T
3-PA,574,0,2,0,533,535,C
3-PA,575,0,0,536,0,536,G
3-PA,576,0,538,0,0,538,T
3-PA,577,0,0,0,541,541,C
3-PA,578,531,0,0,0,531,A
3-PA,579,0,0,640,0,640,G
3-PA,580,0,643,0,0,643,T
3-PA,581,0,0,0,643,643,C
3-PA,582,2,2,0,647,651,C
3-PA,583,0,0,658,0,658,G
3-PA,584,648,0,1,0,649,A
3-PA,585,657,0,0,0,657,A
3-PA,586,657,0,1,0,658,A
3-PA,587,0,0,669,0,669,G
3-PA,588,663,0,0,0,663,A
3-PA,589,0,0,683,0,683,G
3-PA,590,0,0,683,0,683,G
3-PA,591,1,0,0,680,681,C
3-PA,592,0,1,682,0,683,G
3-PA,593,682,0,0,0,682,A
3-PA,594,694,0,1,0,695,A
3-PA,595,0,2,694,0,696,G
3-PA,596,703,0,0,0,703,A
3-PA,597,706,0,0,0,706,A
3-PA,598,698,0,0,0,698,A
3-PA,599,0,0,0,711,711,C
3-PA,600,707,0,0,0,707,A
3-PA,601,709,0,0,0,709,A
3-PA,602,0,712,0,0,712,T
3-PA,603,0,710,0,0,710,T
3-PA,604,1,1,705,0,707,G
3-PA,605,706,0,0,0,706,A
3-PA,606,710,0,0,0,710,A
3-PA,607,0,0,710,0,710,G
3-PA,608,712,0,0,0,712,A
3-PA,609,711,0,0,0,711,A
3-PA,610,708,0,0,0,708,A
3-PA,611,710,0,0,0,710,A
3-PA,612,715,0,0,0,715,A
3-PA,613,0,721,0,0,721,T
3-PA,614,0,721,1,0,722,T
3-PA,615,0,724,0,0,724,T
3-PA,616,0,0,722,0,722,G
3-PA,617,715,0,0,0,715,A
3-PA,618,727,0,0,0,727,A
3-PA,619,726,0,1,0,727,A
3-PA,620,0,744,0,0,744,T
3-PA,621,2,0,0,816,818,C
3-PA,622,816,0,1,0,817,A
3-PA,623,0,1,0,838,839,C
3-PA,624,838,1,0,0,839,A
3-PA,625,0,2,874,0,876,G
3-PA,626,0,2,915,0,917,G
3-PA,627,955,0,0,0,955,A
3-PA,628,973,0,0,0,973,A
3-PA,629,1,0,0,996,997,C
3-PA,630,0,964,0,0,964,T
3-PA,631,1078,0,0,0,1078,A
3-PA,632,0,1101,0,0,1101,T
3-PA,633,0,0,1151,0,1151,G
3-PA,634,0,0,0,1145,1145,C
3-PA,635,0,0,1138,0,1138,G
3-PA,636,1,1132,0,0,1133,T
3-PA,637,1129,0,0,0,1129,A
3-PA,638,1,2,1118,0,1121,G
3-PA,639,0,0,1127,0,1127,G
3-PA,640,0,0,0,1122,1122,C
3-PA,641,0,1112,0,0,1112,T
3-PA,642,0,1098,0,0,1098,T
3-PA,643,0,0,1099,0,1099,G
3-PA,644,0,0,0,1100,1100,C
3-PA,645,1,1,0,1106,1108,C
3-PA,646,0,4,1113,0,1117,G
3-PA,647,1124,0,0,0,1124,A
3-PA,648,0,0,0,1136,1136,C
3-PA,649,2,0,0,1129,1131,C
3-PA,650,1141,0,0,0,1141,A
3-PA,651,1147,0,0,0,1147,A
3-PA,652,1139,1,1,0,1141,A
3-PA,653,0,0,1173,0,1173,G
3-PA,654,0,1169,0,0,1169,T
3-PA,655,3,0,0,1167,1170,C
3-PA,656,0,1166,0,1,1167,T
3-PA,657,2,0,0,1176,1178,C
3-PA,658,2,0,0,1186,1188,C
3-PA,659,1,2,0,1189,1192,C
3-PA,660,1192,0,0,0,1192,A
3-PA,661,0,0,0,1203,1203,C
3-PA,662,0,0,0,1193,1193,C
3-PA,663,0,4,1195,0,1199,G
3-PA,664,1220,0,0,0,1220,A
3-PA,665,1216,0,0,0,1216,A
3-PA,666,0,0,0,1241,1241,C
3-PA,667,0,1229,0,0,1229,T
3-PA,668,0,1257,0,1,1258,T
3-PA,669,3,0,0,1285,1288,C
3-PA,670,0,1279,0,0,1279,T
3-PA,671,1,0,0,1290,1291,C
3-PA,672,0,0,0,1294,1294,C
3-PA,673,0,1283,0,0,1283,T
3-PA,674,0,2,1298,0,1300,G
3-PA,675,0,0,0,1295,1295,C
3-PA,676,0,0,0,1306,1306,C
3-PA,677,0,1300,0,1,1301,T
3-PA,678,0,1290,0,0,1290,T
3-PA,679,0,4,1287,0,1291,G
3-PA,680,1283,1,1,0,1285,A
3-PA,681,0,7,1301,0,1308,G
3-PA,682,1297,0,0,0,1297,A
3-PA,683,1322,0,0,1,1323,A
3-PA,684,0,1350,0,0,1350,T
3-PA,685,0,1347,1,0,1348,T
3-PA,686,0,1351,1,2,1354,T
3-PA,687,0,1358,0,0,1358,T
3-PA,688,1351,0,1,0,1352,A
3-PA,689,1,1,1354,0,1356,G
3-PA,690,1337,0,4,0,1341,A
3-PA,691,0,0,1399,0,1399,G
3-PA,692,0,1,0,1402,1403,C
3-PA,693,1,0,0,1417,1418,C
3-PA,694,0,1456,0,0,1456,T
3-PA,695,1532,0,0,0,1532,A
3-PA,696,0,1541,0,1,1542,T
3-PA,697,0,1,1548,0,1549,G
3-PA,698,0,1539,0,1,1540,T
3-PA,699,0,1,1550,0,1551,G
3-PA,700,0,3,1531,0,1534,G
3-PA,701,1521,0,3,0,1524,A
3-PA,702,0,1519,0,2,1521,T
3-PA,703,0,2,1503,0,1505,G
3-PA,704,1,4,1562,0,1567,G
3-PA,705,1566,0,0,0,1566,A
3-PA,706,1,1562,0,0,1563,T
3-PA,707,0,1564,0,1,1565,T
3-PA,708,4,0,0,1556,1560,C
3-PA,709,81,3,1480,0,1564,G
3-PA,710,1573,0,1,0,1574,A
3-PA,711,1576,0,1,0,1577,A
3-PA,712,0,2,0,1579,1581,C
3-PA,713,2,0,0,1555,1557,C
3-PA,714,1,3,1559,0,1563,G
3-PA,715,1558,0,0,0,1558,A
3-PA,716,1561,0,1,0,1562,A
3-PA,717,0,3,0,1579,1582,C
3-PA,718,0,4,1574,0,1578,G
3-PA,719,0,0,1617,0,1617,G
3-PA,720,1,0,0,1626,1627,C
3-PA,721,0,1619,0,2,1621,T
3-PA,722,3,1,1677,0,1681,G
3-PA,723,0,0,0,1682,1682,C
3-PA,724,1698,0,0,0,1698,A
3-PA,725,2,1695,0,1,1698,T
3-PA,726,0,1690,0,0,1690,T
3-PA,727,0,2,1690,0,1692,G
3-PA,728,1658,0,5,0,1663,A
3-PA,729,0,4,1676,0,1680,G
3-PA,730,0,0,1676,0,1676,G
3-PA,731,1,0,1655,0,1656,G
3-PA,732,1,1,0,1659,1661,C
3-PA,733,1659,0,0,0,1659,A
3-PA,734,1660,0,1,0,1661,A
3-PA,735,0,0,1669,1,1670,G
3-PA,736,1,0,0,1683,1684,C
3-PA,737,0,1684,0,0,1684,T
3-PA,738,0,1685,0,0,1685,T
3-PA,739,0,1691,0,1,1692,T
3-PA,740,5,0,0,1696,1701,C
3-PA,741,0,1700,0,0,1700,T
3-PA,742,3,0,0,1706,1709,C
3-PA,743,1705,0,1,0,1706,A
3-PA,744,1704,0,0,0,1704,A
3-PA,745,1698,0,1,0,1699,A
3-PA,746,0,1693,0,0,1693,T
3-PA,747,0,0,1748,0,1748,G
3-PA,748,0,1738,0,1,1739,T
3-PA,749,4,0,0,1773,1777,C
3-PA,750,5,0,0,1775,1780,C
3-PA,751,1775,0,1,0,1776,A
3-PA,752,1779,0,1,0,1780,A
3-PA,753,1786,0,0,0,1786,A
3-PA,754,0,2,1809,0,1811,G
3-PA,755,1802,0,1,0,1803,A
3-PA,756,1774,0,2,0,1776,A
3-PA,757,0,0,1789,0,1789,G
3-PA,758,0,1768,0,0,1768,T
3-PA,759,0,5,1765,0,1770,G
3-PA,760,1770,0,1,0,1771,A
3-PA,761,1768,0,0,0,1768,A
3-PA,762,0,1776,0,0,1776,T
3-PA,763,1,1,1768,1,1771,G
3-PA,764,0,0,0,1775,1775,C
3-PA,765,3,0,0,1781,1784,C
3-PA,766,0,0,0,1782,1782,C
3-PA,767,1792,0,0,0,1792,A
3-PA,768,1802,0,0,0,1802,A
3-PA,769,1810,0,0,0,1810,A
3-PA,770,0,1808,0,0,1808,T
3-PA,771,0,1809,0,0,1809,T
3-PA,772,1,8,1805,0,1814,G
3-PA,773,1797,0,1,0,1798,A
3-PA,774,1794,0,0,0,1794,A
3-PA,775,0,0,0,1799,1799,C
3-PA,776,2,0,0,1799,1801,C
3-PA,777,0,1775,0,1,1776,T
3-PA,778,1,1812,0,0,1813,T
3-PA,779,0,1826,0,0,1826,T
3-PA,780,0,1864,0,0,1864,T
3-PA,781,5,1,0,1857,1863,C
3-PA,782,0,1865,0,0,1865,T
3-PA,783,0,2,1865,0,1867,G
3-PA,784,1864,0,0,0,1864,A
3-PA,785,1885,0,0,0,1885,A
3-PA,786,0,1,1906,0,1907,G
3-PA,787,1880,0,0,0,1880,A
3-PA,788,0,0,0,1885,1885,C
3-PA,789,1867,0,2,0,1869,A
3-PA,790,1873,0,2,0,1875,A
3-PA,791,1,1,0,2082,2084,C
3-PA,792,2082,0,0,0,2082,A
3-PA,793,2,1,0,2093,2096,C
3-PA,794,1,0,0,2069,2070,C
3-PA,795,2071,0,4,0,2075,A
3-PA,796,2071,0,1,0,2072,A
3-PA,797,1,6,2077,0,2084,G
3-PA,798,2071,0,1,0,2072,A
3-PA,799,2,0,0,2081,2083,C
3-PA,800,4,0,0,1933,1937,C
3-PA,801,1929,0,0,0,1929,A
3-PA,802,1924,0,1,0,1925,A
3-PA,803,0,1940,0,1,1941,T
3-PA,804,4,0,0,1941,1945,C
3-PA,805,1938,0,0,0,1938,A
3-PA,806,1933,0,1,0,1934,A
3-PA,807,1923,0,0,0,1923,A
3-PA,808,0,0,0,1965,1965,C
3-PA,809,0,1937,0,0,1937,T
3-PA,810,0,1943,0,1,1944,T
3-PA,811,2,0,0,1960,1962,C
3-PA,812,1,0,0,1964,1965,C
3-PA,813,0,5,1962,0,1967,G
3-PA,814,1959,0,0,0,1959,A
3-PA,815,3,0,1948,0,1951,G
3-PA,816,1,1964,0,0,1965,T
3-PA,817,1,2,1962,0,1965,G
3-PA,818,0,3,1972,0,1975,G
3-PA,819,1983,0,0,0,1983,A
3-PA,820,0,7,0,1996,2003,C
3-PA,821,2,0,0,1991,1993,C
3-PA,822,0,2041,0,0,2041,T
3-PA,823,1,1,0,2091,2093,C
3-PA,824,3,0,0,2093,2096,C
3-PA,825,0,2098,0,0,2098,T
3-PA,826,0,2111,0,1,2112,T
3-PA,827,0,0,2216,0,2216,G
3-PA,828,0,2196,0,1,2197,T
3-PA,829,0,2201,0,2,2203,T
3-PA,830,2187,0,0,0,2187,A
3-PA,831,0,2119,0,0,2119,T
3-PA,832,2,1,0,2109,2112,C
3-PA,833,2079,0,0,0,2079,A
3-PA,834,0,0,2079,0,2079,G
3-PA,835,0,0,0,2065,2065,C
3-PA,836,0,1,2007,0,2008,G
3-PA,837,0,0,2052,0,2052,G
3-PA,838,1,2047,0,3,2051,T
3-PA,839,6,1,0,2058,2065,C
3-PA,840,9,0,0,2061,2070,C
3-PA,841,2077,0,0,0,2077,A
3-PA,842,2078,0,1,0,2079,A
3-PA,843,2092,0,0,0,2092,A
3-PA,844,0,2087,0,0,2087,T
3-PA,845,0,2085,0,0,2085,T
3-PA,846,8,0,0,2068,2076,C
3-PA,847,1,2,0,2082,2085,C
3-PA,848,0,2068,0,2,2070,T
3-PA,849,1,0,0,2100,2101,C
3-PA,850,1,0,0,2096,2097,C
3-PA,851,2,2084,0,3,2089,T
3-PA,852,0,2,2111,0,2113,G
3-PA,853,2101,0,2,0,2103,A
3-PA,854,0,2105,0,0,2105,T
3-PA,855,0,6,2087,0,2093,G
3-PA,856,1,1,2069,0,2071,G
3-PA,857,2055,1,2,0,2058,A
3-PA,858,0,2066,0,0,2066,T
3-PA,859,0,2,2063,0,2065,G
3-PA,860,0,0,0,2152,2152,C
3-PA,861,0,2141,0,0,2141,T
3-PA,862,0,2152,0,2,2154,T
3-PA,863,0,2160,0,0,2160,T
3-PA,864,2160,0,0,0,2160,A
3-PA,865,2167,0,0,0,2167,A
3-PA,866,2161,0,0,0,2161,A
3-PA,867,2168,0,1,0,2169,A
3-PA,868,0,2167,0,0,2167,T
3-PA,869,0,2050,0,0,2050,T
3-PA,870,0,11,2035,0,2046,G
3-PA,871,2030,0,2,0,2032,A
3-PA,872,0,0,2049,0,2049,G
3-PA,873,0,1,0,2061,2062,C
3-PA,874,2060,0,0,0,2060,A
3-PA,875,0,2116,0,0,2116,T
3-PA,876,0,2110,1,1,2112,T
3-PA,877,0,4,2096,0,2100,G
3-PA,878,2102,0,1,0,2103,A
3-PA,879,2089,1,5,0,2095,A
3-PA,880,1,2,2099,0,2102,G
3-PA,881,2057,0,2,0,2059,A
3-PA,882,0,0,0,2098,2098,C
3-PA,883,2,0,0,2086,2088,C
3-PA,884,5,0,0,2064,2069,C
3-PA,885,2055,0,1,0,2056,A
3-PA,886,2070,0,3,0,2073,A
3-PA,887,0,0,2097,0,2097,G
3-PA,888,0,2103,0,0,2103,T
3-PA,889,5,0,0,2106,2111,C
3-PA,890,2117,0,1,0,2118,A
3-PA,891,0,0,0,2105,2105,C
3-PA,892,0,0,2113,0,2113,G
3-PA,893,2127,0,0,0,2127,A
3-PA,894,2137,0,1,1,2139,A
3-PA,895,0,0,2210,0,2210,G
3-PA,896,0,3,2199,0,2202,G
3-PA,897,2183,0,2,0,2185,A
3-PA,898,1,1,2204,0,2206,G
3-PA,899,2200,0,2,0,2202,A
3-PA,900,2206,0,0,0,2206,A
3-PA,901,0,4,2199,0,2203,G
3-PA,902,0,3,2160,0,2163,G
3-PA,903,0,3,2168,0,2171,G
3-PA,904,2125,0,0,0,2125,A
3-PA,905,1,2131,0,0,2132,T
3-PA,906,8,0,0,2133,2141,C
3-PA,907,0,0,0,2311,2311,C
3-PA,908,3,0,0,2340,2343,C
3-PA,909,2369,1,1,0,2371,A
3-PA,910,1,2379,0,0,2380,T
3-PA,911,0,2404,0,0,2404,T
3-PA,912,2456,0,1,0,2457,A
3-PA,913,0,2455,0,0,2455,T
3-PA,914,2435,0,20,0,2455,A
3-PA,915,0,2433,0,2,2435,T
3-PA,916,0,3,2254,0,2257,G
3-PA,917,2248,0,0,1,2249,A
3-PA,918,0,2226,0,0,2226,T
3-PA,919,1,1,2221,1,2224,G
3-PA,920,1,3,0,2203,2207,C
3-PA,921,0,6,2196,0,2202,G
3-PA,922,2213,0,0,0,2213,A
3-PA,923,0,2205,0,2,2207,T
3-PA,924,6,0,0,2216,2222,C
3-PA,925,2214,0,1,0,2215,A
3-PA,926,2196,0,1,0,2197,A
3-PA,927,0,0,2214,0,2214,G
3-PA,928,0,2192,0,2,2194,T
3-PA,929,0,0,2213,0,2213,G
3-PA,930,0,0,0,2219,2219,C
3-PA,931,2209,0,1,0,2210,A
3-PA,932,0,2224,0,0,2224,T
3-PA,933,2222,0,0,0,2222,A
3-PA,934,2245,1,0,0,2246,A
3-PA,935,2246,0,0,0,2246,A
3-PA,936,2231,0,0,0,2231,A
3-PA,937,2227,0,1,0,2228,A
3-PA,938,0,2,0,2235,2237,C
3-PA,939,2206,0,0,0,2206,A
3-PA,940,0,2210,0,2,2212,T
3-PA,941,0,2213,0,0,2213,T
3-PA,942,3,0,0,2222,2225,C
3-PA,943,0,2220,0,0,2220,T
3-PA,944,0,2213,0,1,2214,T
3-PA,945,0,2207,0,0,2207,T
3-PA,946,0,5,2214,0,2219,G
3-PA,947,0,3,2222,0,2225,G
3-PA,948,2203,0,2,0,2205,A
3-PA,949,0,2204,1,1,2206,T
3-PA,950,0,6,2228,0,2234,G
3-PA,951,2,4,2254,0,2260,G
3-PA,952,2276,0,0,0,2276,A
3-PA,953,2278,1,0,0,2279,A
3-PA,954,2282,0,2,0,2284,A
3-PA,955,0,8,2284,0,2292,G
3-PA,956,2268,1,1,0,2270,A
3-PA,957,2462,0,1,0,2463,A
3-PA,958,2,0,0,2489,2491,C
3-PA,959,1,0,1,2486,2488,C
3-PA,960,0,2475,0,0,2475,T
3-PA,961,0,2540,0,1,2541,T
3-PA,962,2561,0,1,0,2562,A
3-PA,963,0,2561,0,2,2563,T
3-PA,964,2555,0,1,0,2556,A
3-PA,965,1,2590,0,0,2591,T
3-PA,966,2434,0,0,0,2434,A
3-PA,967,1,1,2432,0,2434,G
3-PA,968,1,2423,0,0,2424,T
3-PA,969,12,0,0,2407,2419,C
3-PA,970,2403,0,0,0,2403,A
3-PA,971,2408,0,0,0,2408,A
3-PA,972,2400,0,1,0,2401,A
3-PA,973,0,0,0,2423,2423,C
3-PA,974,4,1,0,2398,2403,C
3-PA,975,2388,0,1,0,2389,A
3-PA,976,1,0,0,2407,2408,C
3-PA,977,2408,0,2,0,2410,A
3-PA,978,2,2,0,2417,2421,C
3-PA,979,0,7,2419,0,2426,G
3-PA,980,2394,0,0,0,2394,A
3-PA,981,2413,0,0,0,2413,A
3-PA,982,2411,0,1,0,2412,A
3-PA,983,2403,1,2,0,2406,A
3-PA,984,0,5,2418,0,2423,G
3-PA,985,1,2,2403,0,2406,G
3-PA,986,2,3,2408,0,2413,G
3-PA,987,2403,0,20,0,2423,A
3-PA,988,2435,0,1,0,2436,A
3-PA,989,0,2433,0,0,2433,T
3-PA,990,2426,0,0,0,2426,A
3-PA,991,2431,0,0,0,2431,A
3-PA,992,2432,0,0,0,2432,A
3-PA,993,0,2435,0,0,2435,T
3-PA,994,0,2419,0,1,2420,T
3-PA,995,12,0,0,2425,2437,C
3-PA,996,2443,0,1,1,2445,A
3-PA,997,2441,0,0,0,2441,A
3-PA,998,2441,0,0,0,2441,A
3-PA,999,1,2441,0,1,2443,T
3-PA,1000,0,2451,0,0,2451,T
3-PA,1001,2456,1,1,0,2458,A
3-PA,1002,0,2,0,2463,2465,C
3-PA,1003,2,0,0,2472,2474,C
3-PA,1004,0,2459,0,0,2459,T
3-PA,1005,0,0,2480,0,2480,G
3-PA,1006,0,0,0,2474,2474,C
3-PA,1007,0,2485,0,1,2486,T
3-PA,1008,0,0,2524,0,2524,G
3-PA,1009,0,2522,0,1,2523,T
3-PA,1010,10,0,0,2529,2539,C
3-PA,1011,2538,0,4,0,2542,A
3-PA,1012,0,2547,0,1,2548,T
3-PA,1013,0,5,2543,0,2548,G
3-PA,1014,0,1,2536,0,2537,G
3-PA,1015,2538,0,0,0,2538,A
3-PA,1016,2585,0,5,0,2590,A
3-PA,1017,1,1,2575,0,2577,G
3-PA,1018,2,2,0,2573,2577,C
3-PA,1019,2570,0,1,0,2571,A
3-PA,1020,2581,0,2,0,2583,A
3-PA,1021,0,2,2590,0,2592,G
3-PA,1022,1,2575,0,0,2576,T
3-PA,1023,2595,0,0,0,2595,A
3-PA,1024,0,0,0,2600,2600,C
3-PA,1025,1,2566,0,2,2569,T
3-PA,1026,0,0,2594,0,2594,G
3-PA,1027,1,2567,0,5,2573,T
3-PA,1028,3,0,0,2587,2590,C
3-PA,1029,2591,0,1,0,2592,A
3-PA,1030,1,11,2593,0,2605,G
3-PA,1031,2602,0,1,0,2603,A
3-PA,1032,2606,0,0,0,2606,A
3-PA,1033,0,2621,0,0,2621,T
3-PA,1034,0,2610,0,0,2610,T
3-PA,1035,0,1,2604,0,2605,G
3-PA,1036,0,3,0,2592,2595,C
3-PA,1037,2597,1,2,0,2600,A
3-PA,1038,1,4,2592,0,2597,G
3-PA,1039,1,2,2552,0,2555,G
3-PA,1040,2564,0,1,0,2565,A
3-PA,1041,1,0,0,2547,2548,C
3-PA,1042,0,0,2517,1,2518,G
3-PA,1043,0,2562,0,1,2563,T
3-PA,1044,0,2581,0,2,2583,T
3-PA,1045,1,7,2587,0,2595,G
3-PA,1046,2575,0,1,0,2576,A
3-PA,1047,2596,0,1,0,2597,A
3-PA,1048,2586,0,1,0,2587,A
3-PA,1049,2574,0,1,0,2575,A
3-PA,1050,0,2590,0,0,2590,T
3-PA,1051,0,4,2600,0,2604,G
3-PA,1052,2560,1,20,0,2581,A
3-PA,1053,0,2,2603,0,2605,G
3-PA,1054,0,4,2594,0,2598,G
3-PA,1055,2574,0,1,0,2575,A
3-PA,1056,0,0,2609,0,2609,G
3-PA,1057,2596,0,1,1,2598,A
3-PA,1058,2599,0,1,0,2600,A
3-PA,1059,0,2,2598,0,2600,G
3-PA,1060,0,0,2564,0,2564,G
3-PA,1061,0,2651,0,0,2651,T
3-PA,1062,0,2671,0,1,2672,T
3-PA,1063,7,0,0,2656,2663,C
3-PA,1064,5,0,0,2665,2670,C
3-PA,1065,2681,0,0,0,2681,A
3-PA,1066,2669,0,1,0,2670,A
3-PA,1067,1,3,2676,0,2680,G
3-PA,1068,0,5,2707,0,2712,G
3-PA,1069,2651,0,0,1,2652,A
3-PA,1070,0,0,0,2674,2674,C
3-PA,1071,0,2670,0,1,2671,T
3-PA,1072,2681,0,1,0,2682,A
3-PA,1073,2676,0,0,0,2676,A
3-PA,1074,2690,0,0,0,2690,A
3-PA,1075,2688,0,0,0,2688,A
3-PA,1076,2680,0,0,0,2680,A
3-PA,1077,0,1,0,2668,2669,C
3-PA,1078,2657,1,1,0,2659,A
3-PA,1079,0,2642,0,2,2644,T
3-PA,1080,0,2,2666,0,2668,G
3-PA,1081,2666,1,0,0,2667,A
3-PA,1082,2670,0,1,0,2671,A
3-PA,1083,0,4,2691,0,2695,G
3-PA,1084,2685,0,0,0,2685,A
3-PA,1085,2690,0,0,0,2690,A
3-PA,1086,2679,0,0,0,2679,A
3-PA,1087,2675,0,0,0,2675,A
3-PA,1088,0,0,0,2690,2690,C
3-PA,1089,1,6,2668,0,2675,G
3-PA,1090,2686,0,2,0,2688,A
3-PA,1091,0,2,2674,0,2676,G
3-PA,1092,0,2669,1,1,2671,T
3-PA,1093,15,0,1,2712,2728,C
3-PA,1094,2742,0,0,0,2742,A
3-PA,1095,2762,0,0,0,2762,A
3-PA,1096,0,1,0,2768,2769,C
3-PA,1097,0,2758,0,0,2758,T
3-PA,1098,0,3,2794,0,2797,G
3-PA,1099,2786,0,0,0,2786,A
3-PA,1100,2780,0,1,0,2781,A
3-PA,1101,0,0,2797,0,2797,G
3-PA,1102,0,2726,0,0,2726,T
3-PA,1103,0,9,2726,0,2735,G
3-PA,1104,1,8,2700,0,2709,G
3-PA,1105,1,3,2724,0,2728,G
3-PA,1106,1,0,0,2733,2734,C
3-PA,1107,0,2711,0,1,2712,T
3-PA,1108,9,0,0,2732,2741,C
3-PA,1109,0,2741,0,0,2741,T
3-PA,1110,1,2740,0,0,2741,T
3-PA,1111,1,2,2802,0,2805,G
3-PA,1112,1,0,2812,0,2813,G
3-PA,1113,1,2783,0,2,2786,T
3-PA,1114,1,9,2792,0,2802,G
3-PA,1115,2776,0,0,0,2776,A
3-PA,1116,2798,0,1,0,2799,A
3-PA,1117,2765,0,1,0,2766,A
3-PA,1118,2774,0,0,1,2775,A
3-PA,1119,1,0,0,2777,2778,C
3-PA,1120,2726,0,2,0,2728,A
3-PA,1121,1,2712,0,0,2713,T
3-PA,1122,1,2,2715,0,2718,G
3-PA,1123,0,0,2732,0,2732,G
3-PA,1124,0,0,0,2746,2746,C
3-PA,1125,2735,0,2,0,2737,A
3-PA,1126,1,0,0,2743,2744,C
3-PA,1127,4,1,0,2755,2760,C
3-PA,1128,2798,0,1,0,2799,A
3-PA,1129,0,1,2829,0,2830,G
3-PA,1130,2810,0,3,0,2813,A
3-PA,1131,1,3,2843,0,2847,G
3-PA,1132,2829,0,0,0,2829,A
3-PA,1133,2811,0,0,0,2811,A
3-PA,1134,0,5,2818,0,2823,G
3-PA,1135,0,1,2810,0,2811,G
3-PA,1136,0,2762,0,3,2765,T
3-PA,1137,2747,0,1,0,2748,A
3-PA,1138,0,6,2743,0,2749,G
3-PA,1139,2735,0,1,0,2736,A
3-PA,1140,0,29,0,2720,2749,C
3-PA,1141,0,2706,0,1,2707,T
3-PA,1142,0,2711,0,1,2712,T
3-PA,1143,0,2711,0,1,2712,T
3-PA,1144,0,10,2706,0,2716,G
3-PA,1145,2718,0,0,0,2718,A
3-PA,1146,2722,1,1,0,2724,A
3-PA,1147,2713,0,0,1,2714,A
3-PA,1148,2694,0,0,0,2694,A
3-PA,1149,0,0,0,2772,2772,C
3-PA,1150,0,2743,0,1,2744,T
3-PA,1151,0,2,2786,0,2788,G
3-PA,1152,2,1,1,2775,2779,C
3-PA,1153,2788,0,1,0,2789,A
3-PA,1154,1,1,2785,0,2787,G
3-PA,1155,2775,0,1,1,2777,A
3-PA,1156,0,7,2865,0,2872,G
3-PA,1157,2865,1,3,1,2870,A
3-PA,1158,2,0,0,2836,2838,C
3-PA,1159,2836,0,3,1,2840,A
3-PA,1160,0,2818,0,1,2819,T
3-PA,1161,2810,0,17,0,2827,A
3-PA,1162,2823,0,8,3,2834,A
3-PA,1163,2,2,2814,0,2818,G
3-PA,1164,0,1,0,2803,2804,C
3-PA,1165,0,6,2767,0,2773,G
3-PA,1166,2800,0,1,1,2802,A
3-PA,1167,0,2786,0,0,2786,T
3-PA,1168,0,2796,0,0,2796,T
3-PA,1169,0,2802,0,0,2802,T
3-PA,1170,0,6,2801,0,2807,G
3-PA,1171,2806,1,7,1,2815,A
3-PA,1172,2800,0,4,1,2805,A
3-PA,1173,0,2,2823,0,2825,G
3-PA,1174,0,1,0,2868,2869,C
3-PA,1175,2826,0,0,0,2826,A
3-PA,1176,2995,0,0,0,2995,A
3-PA,1177,0,3003,0,0,3003,T
3-PA,1178,3019,0,1,0,3020,A
3-PA,1179,0,3021,0,0,3021,T
3-PA,1180,1,5,3026,0,3032,G
3-PA,1181,3057,0,3,1,3061,A
3-PA,1182,0,3043,0,0,3043,T
3-PA,1183,2977,0,1,1,2979,A
3-PA,1184,1,1,2980,0,2982,G
3-PA,1185,0,2863,0,1,2864,T
3-PA,1186,0,10,2863,0,2873,G
3-PA,1187,2857,0,4,1,2862,A
3-PA,1188,3,2,0,2833,2838,C
3-PA,1189,0,10,2834,0,2844,G
3-PA,1190,2852,0,1,1,2854,A
3-PA,1191,2864,0,1,1,2866,A
3-PA,1192,1,0,0,2870,2871,C
3-PA,1193,2,1,0,2882,2885,C
3-PA,1194,0,2883,0,1,2884,T
3-PA,1195,1,5,2954,0,2960,G
3-PA,1196,2949,0,1,2,2952,A
3-PA,1197,2959,0,1,1,2961,A
3-PA,1198,0,2962,0,0,2962,T
3-PA,1199,0,2923,0,0,2923,T
3-PA,1200,2915,0,0,1,2916,A
3-PA,1201,2894,0,0,1,2895,A
3-PA,1202,1,5,2891,0,2897,G
3-PA,1203,0,0,2896,1,2897,G
3-PA,1204,1,2837,1,3,2842,T
3-PA,1205,14,0,0,2843,2857,C
3-PA,1206,2844,0,0,0,2844,A
3-PA,1207,0,0,0,2923,2923,C
3-PA,1208,0,2929,0,3,2932,T
3-PA,1209,0,2929,1,0,2930,T
3-PA,1210,0,2923,0,2,2925,T
3-PA,1211,5,0,0,2922,2927,C
3-PA,1212,2925,0,2,0,2927,A
3-PA,1213,2921,0,4,1,2926,A
3-PA,1214,0,0,2957,0,2957,G
3-PA,1215,1,0,0,2958,2959,C
3-PA,1216,0,2907,0,0,2907,T
3-PA,1217,1,7,2968,0,2976,G
3-PA,1218,1,1,2979,0,2981,G
3-PA,1219,3022,1,2,0,3025,A
3-PA,1220,0,3052,0,0,3052,T
3-PA,1221,3043,1,0,0,3044,A
3-PA,1222,0,0,0,3064,3064,C
3-PA,1223,3022,0,2,0,3024,A
3-PA,1224,0,3,3045,0,3048,G
3-PA,1225,3035,0,1,0,3036,A
3-PA,1226,2973,0,0,0,2973,A
3-PA,1227,1,2946,0,0,2947,T
3-PA,1228,0,12,2937,0,2949,G
3-PA,1229,2896,0,36,0,2932,A
3-PA,1230,0,0,2971,0,2971,G
3-PA,1231,0,2952,1,0,2953,T
3-PA,1232,0,2936,0,2,2938,T
3-PA,1233,17,1,0,2952,2970,C
3-PA,1234,2993,0,2,0,2995,A
3-PA,1235,2996,0,1,0,2997,A
3-PA,1236,1,0,0,2988,2989,C
3-PA,1237,2962,0,0,0,2962,A
3-PA,1238,2960,0,0,0,2960,A
3-PA,1239,0,1,2934,0,2935,G
3-PA,1240,1,1,2950,0,2952,G
3-PA,1241,2,0,0,2965,2967,C
3-PA,1242,2,0,0,2955,2957,C
3-PA,1243,0,2938,0,4,2942,T
3-PA,1244,0,0,2974,0,2974,G
3-PA,1245,0,2967,0,0,2967,T
3-PA,1246,0,6,2991,0,2997,G
3-PA,1247,3000,1,2,0,3003,A
3-PA,1248,0,1,2998,0,2999,G
3-PA,1249,1,0,0,2976,2977,C
3-PA,1250,0,2948,1,1,2950,T
3-PA,1251,3011,0,0,0,3011,A
3-PA,1252,3010,0,1,0,3011,A
3-PA,1253,0,0,0,3018,3018,C
3-PA,1254,0,2996,0,1,2997,T
3-PA,1255,1,7,2988,1,2997,G
3-PA,1256,2982,0,0,0,2982,A
3-PA,1257,1,2962,1,0,2964,T
3-PA,1258,0,2988,0,0,2988,T
3-PA,1259,7,2,0,2987,2996,C
3-PA,1260,3056,1,0,0,3057,A
3-PA,1261,0,2,3112,0,3114,G
3-PA,1262,0,3090,0,1,3091,T
3-PA,1263,12,0,0,3090,3102,C
3-PA,1264,0,3087,0,1,3088,T
3-PA,1265,0,1,3174,0,3175,G
3-PA,1266,0,5,3175,0,3180,G
3-PA,1267,3187,1,0,0,3188,A
3-PA,1268,0,3186,0,1,3187,T
3-PA,1269,3020,0,1,0,3021,A
3-PA,1270,0,5,3002,0,3007,G
3-PA,1271,2959,0,2,0,2961,A
3-PA,1272,0,0,2957,0,2957,G
3-PA,1273,1,0,0,2930,2931,C
3-PA,1274,0,2879,0,0,2879,T
3-PA,1275,2,0,0,2890,2892,C
3-PA,1276,0,1,2909,0,2910,G
3-PA,1277,2924,0,0,0,2924,A
3-PA,1278,0,2916,0,0,2916,T
3-PA,1279,2,11,2900,0,2913,G
3-PA,1280,2946,0,0,0,2946,A
3-PA,1281,2949,0,0,0,2949,A
3-PA,1282,2951,0,0,0,2951,A
3-PA,1283,0,2931,0,0,2931,T
3-PA,1284,0,2943,0,0,2943,T
3-PA,1285,0,1,2970,0,2971,G
3-PA,1286,0,6,2952,0,2958,G
3-PA,1287,2946,1,2,0,2949,A
3-PA,1288,0,2,2951,0,2953,G
3-PA,1289,2912,0,2,0,2914,A
3-PA,1290,0,7,2932,0,2939,G
3-PA,1291,1,5,2939,0,2945,G
3-PA,1292,2992,0,1,0,2993,A
3-PA,1293,2,0,0,3000,3002,C
3-PA,1294,2,0,2983,0,2985,G
3-PA,1295,0,2982,0,1,2983,T
3-PA,1296,3015,0,1,0,3016,A
3-PA,1297,0,0,3022,0,3022,G
3-PA,1298,2,2,1,3014,3019,C
3-PA,1299,0,1,1,2979,2981,C
3-PA,1300,2,0,0,2963,2965,C
3-PA,1301,5,0,0,2991,2996,C
3-PA,1302,2997,0,1,0,2998,A
3-PA,1303,3084,0,0,0,3084,A
3-PA,1304,0,3074,0,0,3074,T
3-PA,1305,1,3062,0,0,3063,T
3-PA,1306,0,9,3046,1,3056,G
3-PA,1307,3017,0,0,0,3017,A
3-PA,1308,1,0,3021,0,3022,G
3-PA,1309,2,1,0,3009,3012,C
3-PA,1310,2996,1,0,0,2997,A
3-PA,1311,0,0,0,3060,3060,C
3-PA,1312,2987,0,0,0,2987,A
3-PA,1313,0,3061,0,0,3061,T
3-PA,1314,0,3063,0,0,3063,T
3-PA,1315,1,1,3067,0,3069,G
3-PA,1316,1,1,0,3057,3059,C
3-PA,1317,3057,0,0,0,3057,A
3-PA,1318,3061,1,1,0,3063,A
3-PA,1319,0,1,3058,0,3059,G
3-PA,1320,0,0,0,3002,3002,C
3-PA,1321,3004,0,0,0,3004,A
3-PA,1322,0,2923,0,0,2923,T
3-PA,1323,0,8,2926,0,2934,G
3-PA,1324,2929,1,2,0,2932,A
3-PA,1325,0,1,2940,0,2941,G
3-PA,1326,2944,0,0,0,2944,A
3-PA,1327,2935,0,0,0,2935,A
3-PA,1328,2,2,2918,0,2922,G
3-PA,1329,0,4,2908,0,2912,G
3-PA,1330,2921,0,2,0,2923,A
3-PA,1331,2914,0,1,0,2915,A
3-PA,1332,0,2908,0,0,2908,T
3-PA,1333,0,2907,0,0,2907,T
3-PA,1334,2904,0,0,0,2904,A
3-PA,1335,0,2924,0,0,2924,T
3-PA,1336,0,2921,0,1,2922,T
3-PA,1337,0,2915,0,0,2915,T
3-PA,1338,10,1,0,2881,2892,C
3-PA,1339,2881,1,2,0,2884,A
3-PA,1340,0,1,0,2955,2956,C
3-PA,1341,2944,0,0,0,2944,A
3-PA,1342,1,0,2952,0,2953,G
3-PA,1343,0,0,0,2948,2948,C
3-PA,1344,2924,0,0,0,2924,A
3-PA,1345,0,1,2945,0,2946,G
3-PA,1346,2923,0,0,0,2923,A
3-PA,1347,0,2,2934,0,2936,G
3-PA,1348,1,1,2948,0,2950,G
3-PA,1349,0,2845,1,1,2847,T
3-PA,1350,1,2,2905,0,2908,G
3-PA,1351,1,2861,1,2,2865,T
3-PA,1352,7,1,0,2860,2868,C
3-PA,1353,4,0,0,2890,2894,C
3-PA,1354,7,1,0,2871,2879,C
3-PA,1355,2917,0,0,0,2917,A
3-PA,1356,0,2924,0,11,2935,T
3-PA,1357,0,2929,0,0,2929,T
3-PA,1358,1,0,2937,0,2938,G
3-PA,1359,0,2879,1,0,2880,T
3-PA,1360,2847,0,0,0,2847,A
3-PA,1361,0,4,2838,0,2842,G
3-PA,1362,2783,0,0,0,2783,A
3-PA,1363,1,0,2781,0,2782,G
3-PA,1364,0,0,0,2745,2745,C
3-PA,1365,2,0,1,2697,2700,C
3-PA,1366,2735,0,2,0,2737,A
3-PA,1367,1,0,0,2745,2746,C
3-PA,1368,0,2737,0,0,2737,T
3-PA,1369,1,3,2730,0,2734,G
3-PA,1370,2710,0,0,0,2710,A
3-PA,1371,2657,0,1,0,2658,A
3-PA,1372,0,2710,0,0,2710,T
3-PA,1373,2732,0,0,0,2732,A
3-PA,1374,0,1,0,2750,2751,C
3-PA,1375,2686,1,0,0,2687,A
3-PA,1376,1,2695,0,0,2696,T
3-PA,1377,2681,0,0,0,2681,A
3-PA,1378,2673,0,0,0,2673,A
3-PA,1379,0,2660,0,13,2673,T
3-PA,1380,0,2,2625,0,2627,G
3-PA,1381,2620,0,0,0,2620,A
3-PA,1382,2561,1,2,0,2564,A
3-PA,1383,0,5,2559,0,2564,G
3-PA,1384,0,5,2536,0,2541,G
3-PA,1385,1,5,2563,0,2569,G
3-PA,1386,0,2,2572,0,2574,G
3-PA,1387,1,0,2597,0,2598,G
3-PA,1388,0,2567,0,2,2569,T
3-PA,1389,2588,0,0,0,2588,A
3-PA,1390,0,2601,0,0,2601,T
3-PA,1391,2607,0,0,0,2607,A
3-PA,1392,1,0,0,2825,2826,C
3-PA,1393,2770,0,0,0,2770,A
3-PA,1394,0,2703,0,2,2705,T
3-PA,1395,0,2686,0,1,2687,T
3-PA,1396,2650,0,0,0,2650,A
3-PA,1397,2701,1,1,0,2703,A
3-PA,1398,2,14,0,2678,2694,C
3-PA,1399,2636,0,0,0,2636,A
3-PA,1400,0,0,0,2644,2644,C
3-PA,1401,0,2368,0,0,2368,T
3-PA,1402,1,0,2455,0,2456,G
3-PA,1403,1,2,0,2427,2430,C
3-PA,1404,5,1,0,2424,2430,C
3-PA,1405,0,0,1,2440,2441,C
3-PA,1406,0,2383,0,0,2383,T
3-PA,1407,1,1,2454,0,2456,G
3-PA,1408,0,0,0,2457,2457,C
3-PA,1409,1,2453,0,1,2455,T
3-PA,1410,7,1,0,2539,2547,C
3-PA,1411,2447,0,1,0,2448,A
3-PA,1412,2466,0,0,0,2466,A
3-PA,1413,0,2467,0,1,2468,T
3-PA,1414,0,1,2470,0,2471,G
3-PA,1415,2,2,0,2461,2465,C
3-PA,1416,2414,0,0,0,2414,A
3-PA,1417,0,2404,0,3,2407,T
3-PA,1418,7,0,0,2393,2400,C
3-PA,1419,0,0,0,2426,2426,C
3-PA,1420,0,2342,0,0,2342,T
3-PA,1421,1,0,2405,0,2406,G
3-PA,1422,0,2397,0,1,2398,T
3-PA,1423,0,0,2387,0,2387,G
3-PA,1424,0,1,0,2389,2390,C
3-PA,1425,2355,0,1,0,2356,A
3-PA,1426,0,0,2366,0,2366,G
3-PA,1427,0,0,0,2366,2366,C
3-PA,1428,2334,0,0,1,2335,A
3-PA,1429,2330,0,0,0,2330,A
3-PA,1430,0,2233,0,0,2233,T
3-PA,1431,0,3,2229,0,2232,G
3-PA,1432,0,2,2232,0,2234,G
3-PA,1433,2225,1,12,0,2238,A
3-PA,1434,0,1,0,2228,2229,C
3-PA,1435,0,12,2203,0,2215,G
3-PA,1436,2230,0,0,0,2230,A
3-PA,1437,0,2224,0,1,2225,T
3-PA,1438,0,2221,0,0,2221,T
3-PA,1439,0,2218,0,0,2218,T
3-PA,1440,0,2214,0,0,2214,T
3-PA,1441,2,1,0,2225,2228,C
3-PA,1442,2235,0,0,0,2235,A
3-PA,1443,2235,0,2,0,2237,A
3-PA,1444,0,1,0,2238,2239,C
3-PA,1445,0,2216,0,0,2216,T
3-PA,1446,2209,0,0,0,2209,A
3-PA,1447,2202,0,0,0,2202,A
3-PA,1448,0,2202,0,0,2202,T
3-PA,1449,0,2181,0,1,2182,T
3-PA,1450,5,0,0,2200,2205,C
3-PA,1451,3,0,0,2199,2202,C
3-PA,1452,7,0,0,2202,2209,C
3-PA,1453,2203,1,1,0,2205,A
3-PA,1454,0,2244,0,3,2247,T
3-PA,1455,1,5,2243,0,2249,G
3-PA,1456,2253,0,0,0,2253,A
3-PA,1457,0,2240,0,0,2240,T
3-PA,1458,2235,0,0,0,2235,A
3-PA,1459,2233,0,1,0,2234,A
3-PA,1460,1,0,2225,0,2226,G
3-PA,1461,1,0,1,2215,2217,C
3-PA,1462,2216,0,0,1,2217,A
3-PA,1463,2141,0,3,0,2144,A
3-PA,1464,0,1,2161,0,2162,G
3-PA,1465,0,2148,0,0,2148,T
3-PA,1466,0,0,2149,0,2149,G
3-PA,1467,1,0,0,2139,2140,C
3-PA,1468,2120,1,0,0,2121,A
3-PA,1469,0,6,2131,0,2137,G
3-PA,1470,2129,1,0,0,2130,A
3-PA,1471,2157,1,0,0,2158,A
3-PA,1472,1,0,0,2158,2159,C
3-PA,1473,0,2092,0,1,2093,T
3-PA,1474,2111,0,0,0,2111,A
3-PA,1475,2109,1,1,0,2111,A
3-PA,1476,2114,0,0,0,2114,A
3-PA,1477,0,2,2118,0,2120,G
3-PA,1478,2042,0,2,0,2044,A
3-PA,1479,0,9,2031,0,2040,G
3-PA,1480,0,2,1987,0,1989,G
3-PA,1481,0,1,1981,0,1982,G
3-PA,1482,1967,0,2,0,1969,A
3-PA,1483,1935,0,2,0,1937,A
3-PA,1484,1,0,1930,1,1932,G
3-PA,1485,0,0,1922,0,1922,G
3-PA,1486,1,1,0,1912,1914,C
3-PA,1487,1,8,1925,0,1934,G
3-PA,1488,1920,0,0,0,1920,A
3-PA,1489,1927,0,0,0,1927,A
3-PA,1490,1922,0,0,0,1922,A
3-PA,1491,1925,1,0,0,1926,A
3-PA,1492,1917,0,2,0,1919,A
3-PA,1493,0,0,0,1916,1916,C
3-PA,1494,6,0,0,1904,1910,C
3-PA,1495,1906,0,0,0,1906,A
3-PA,1496,1919,0,0,0,1919,A
3-PA,1497,0,1922,0,0,1922,T
3-PA,1498,0,1916,0,0,1916,T
3-PA,1499,0,1922,0,3,1925,T
3-PA,1500,1822,0,103,0,1925,A
3-PA,1501,0,1919,1,0,1920,T
3-PA,1502,1922,0,1,0,1923,A
3-PA,1503,0,1908,0,0,1908,T
3-PA,1504,0,3,1897,0,1900,G
3-PA,1505,1,2,1871,0,1874,G
3-PA,1506,1869,0,0,0,1869,A
3-PA,1507,0,1853,0,1,1854,T
3-PA,1508,0,1824,0,1,1825,T
3-PA,1509,9,2,0,1805,1816,C
3-PA,1510,1826,0,1,0,1827,A
3-PA,1511,0,1836,0,1,1837,T
3-PA,1512,4,2,0,1833,1839,C
3-PA,1513,1845,0,0,0,1845,A
3-PA,1514,0,1820,0,2,1822,T
3-PA,1515,1806,1,0,0,1807,A
3-PA,1516,1808,0,0,0,1808,A
3-PA,1517,1800,0,3,0,1803,A
3-PA,1518,0,2,1778,0,1780,G
3-PA,1519,0,2,1744,0,1746,G
3-PA,1520,0,0,1715,0,1715,G
3-PA,1521,1700,0,0,0,1700,A
3-PA,1522,1678,0,0,0,1678,A
3-PA,1523,0,1,1674,0,1675,G
3-PA,1524,1666,0,0,0,1666,A
3-PA,1525,0,1663,0,0,1663,T
3-PA,1526,3,0,1,1653,1657,C
3-PA,1527,1,1623,1,1,1626,T
3-PA,1528,4,0,0,1645,1649,C
3-PA,1529,1645,0,0,0,1645,A
3-PA,1530,0,1636,0,0,1636,T
3-PA,1531,0,1632,0,0,1632,T
3-PA,1532,0,1614,0,0,1614,T
3-PA,1533,1603,0,0,0,1603,A
3-PA,1534,1601,0,2,0,1603,A
3-PA,1535,0,1,1597,0,1598,G
3-PA,1536,0,4,1594,0,1598,G
3-PA,1537,1508,0,0,0,1508,A
3-PA,1538,1514,0,0,0,1514,A
3-PA,1539,1,1502,4,0,1507,T
3-PA,1540,2,2,1510,0,1514,G
3-PA,1541,1540,1,0,0,1541,A
3-PA,1542,1,0,0,1535,1536,C
3-PA,1543,1520,1,1,0,1522,A
3-PA,1544,0,0,0,1524,1524,C
3-PA,1545,1459,0,1,0,1460,A
3-PA,1546,0,0,1469,0,1469,G
3-PA,1547,1460,0,0,0,1460,A
3-PA,1548,0,1,0,1436,1437,C
3-PA,1549,0,0,1420,0,1420,G
3-PA,1550,0,1277,0,0,1277,T
3-PA,1551,0,2,1267,0,1269,G
3-PA,1552,0,0,1278,1,1279,G
3-PA,1553,0,1282,0,1,1283,T
3-PA,1554,1280,0,0,0,1280,A
3-PA,1555,1247,0,0,0,1247,A
3-PA,1556,1249,0,0,0,1249,A
3-PA,1557,0,1248,0,0,1248,T
3-PA,1558,0,1217,0,0,1217,T
3-PA,1559,0,1212,0,7,1219,T
3-PA,1560,0,1198,0,0,1198,T
3-PA,1561,0,0,1204,0,1204,G
3-PA,1562,0,1181,0,2,1183,T
3-PA,1563,0,5,1180,0,1185,G
3-PA,1564,1166,0,0,0,1166,A
3-PA,1565,0,0,1166,0,1166,G
3-PA,1566,1,0,0,1147,1148,C
3-PA,1567,1151,0,0,0,1151,A
3-PA,1568,0,1146,0,0,1146,T
3-PA,1569,0,0,1150,0,1150,G
3-PA,1570,0,1,1150,0,1151,G
3-PA,1571,1151,0,0,0,1151,A
3-PA,1572,0,0,1146,0,1146,G
3-PA,1573,0,1136,0,0,1136,T
3-PA,1574,0,1117,0,2,1119,T
3-PA,1575,0,1116,0,1,1117,T
3-PA,1576,0,1115,0,1,1116,T
3-PA,1577,6,0,0,1117,1123,C
3-PA,1578,0,1115,1,0,1116,T
3-PA,1579,3,0,0,1104,1107,C
3-PA,1580,0,1073,0,2,1075,T
3-PA,1581,4,0,0,1060,1064,C
3-PA,1582,1066,0,0,0,1066,A
3-PA,1583,0,0,0,1061,1061,C
3-PA,1584,0,1011,0,0,1011,T
3-PA,1585,0,4,1007,0,1011,G
3-PA,1586,992,1,1,0,994,A
3-PA,1587,2,0,0,991,993,C
3-PA,1588,0,0,0,986,986,C
3-PA,1589,3,0,0,974,977,C
3-PA,1590,3,1,970,0,974,G
3-PA,1591,965,0,3,1,969,A
3-PA,1592,0,2,972,0,974,G
3-PA,1593,968,1,0,0,969,A
3-PA,1594,0,0,0,927,927,C
3-PA,1595,0,907,0,0,907,T
3-PA,1596,0,836,0,0,836,T
3-PA,1597,0,1,828,0,829,G
3-PA,1598,826,0,0,0,826,A
3-PA,1599,0,0,829,0,829,G
3-PA,1600,0,1,0,820,821,C
3-PA,1601,0,0,0,772,772,C
3-PA,1602,764,0,0,0,764,A
3-PA,1603,0,0,0,763,763,C
3-PA,1604,767,0,0,0,767,A
3-PA,1605,0,760,0,0,760,T
3-PA,1606,748,0,0,0,748,A
3-PA,1607,740,0,0,0,740,A
3-PA,1608,735,0,0,0,735,A
3-PA,1609,0,716,0,0,716,T
3-PA,1610,0,0,718,0,718,G
3-PA,1611,0,0,604,0,604,G
3-PA,1612,0,0,590,0,590,G
3-PA,1613,577,0,0,0,577,A
3-PA,1614,0,0,565,0,565,G
3-PA,1615,552,0,0,0,552,A
3-PA,1616,531,0,1,0,532,A
3-PA,1617,533,0,0,0,533,A
3-PA,1618,0,526,0,0,526,T
3-PA,1619,512,0,1,0,513,A
3-PA,1620,0,0,0,512,512,C
3-PA,1621,0,280,0,0,280,T
3-PA,1622,0,1,275,0,276,G
3-PA,1623,0,132,0,0,132,T
3-PA,1624,0,0,126,0,126,G
3-PA,1625,0,112,0,0,112,T
3-PA,1626,0,0,0,52,52,C
3-PA,1627,0,0,0,44,44,C
3-PA,1628,0,33,0,0,33,T
3-PA,1629,0,34,0,0,34,T
3-PA,1630,0,1,34,0,35,G
3-PA,1631,33,0,0,0,33,A
3-PA,1632,0,0,33,0,33,G
3-PA,1633,31,0,0,0,31,A
3-PA,1634,0,29,0,0,29,T
3-PA,1635,31,0,0,0,31,A
3-PA,1636,0,0,31,0,31,G
3-PA,1637,0,0,31,0,31,G
3-PA,1638,31,0,0,0,31,A
3-PA,1639,0,0,31,0,31,G
3-PA,1640,29,0,0,0,29,A
3-PA,1641,0,30,0,0,30,T
3-PA,1642,30,0,0,0,30,A
3-PA,1643,0,30,0,0,30,T
3-PA,1644,0,0,31,0,31,G
3-PA,1645,0,31,0,0,31,T
3-PA,1646,0,31,0,0,31,T
3-PA,1647,32,0,0,0,32,A
3-PA,1648,0,0,0,32,32,C
3-PA,1649,0,31,0,0,31,T
3-PA,1650,32,0,0,0,32,A
3-PA,1651,30,0,0,0,30,A
3-PA,1652,0,0,32,0,32,G
3-PA,1653,32,0,0,0,32,A
3-PA,1654,30,0,0,0,30,A
3-PA,1655,0,0,30,0,30,G
3-PA,1656,0,30,0,0,30,T
3-PA,1657,0,0,31,0,31,G
3-PA,1658,0,0,0,30,30,C
3-PA,1659,0,0,0,31,31,C
3-PA,1660,31,0,0,0,31,A
3-PA,1661,0,31,0,0,31,T
3-PA,1662,30,0,0,0,30,A
3-PA,1663,0,0,29,0,29,G
3-PA,1664,0,0,29,0,29,G
3-PA,1665,0,0,0,29,29,C
3-PA,1666,0,0,0,30,30,C
3-PA,1667,30,0,0,0,30,A
3-PA,1668,30,0,0,0,30,A
3-PA,1669,29,0,0,0,29,A
3-PA,1670,0,30,0,0,30,T
3-PA,1671,0,29,0,0,29,T
3-PA,1672,0,30,0,0,30,T
3-PA,1673,1,0,0,29,30,C
3-PA,1674,27,0,0,0,27,A
3-PA,1675,26,0,0,0,26,A
3-PA,1676,0,0,28,0,28,G
3-PA,1677,0,0,28,0,28,G
3-PA,1678,0,0,0,28,28,C
3-PA,1679,0,0,0,28,28,C
3-PA,1680,27,0,0,0,27,A
3-PA,1681,31,0,0,0,31,A
3-PA,1682,0,31,0,0,31,T
3-PA,1683,0,0,33,0,33,G
3-PA,1684,0,32,0,0,32,T
3-PA,1685,0,33,0,0,33,T
3-PA,1686,0,0,0,34,34,C
3-PA,1687,0,35,0,0,35,T
3-PA,1688,0,36,0,0,36,T
3-PA,1689,34,0,0,0,34,A
3-PA,1690,0,34,0,0,34,T
3-PA,1691,34,0,0,0,34,A
3-PA,1692,0,34,0,0,34,T
3-PA,1693,0,0,33,0,33,G
3-PA,1694,0,32,0,0,32,T
3-PA,1695,0,0,31,0,31,G
3-PA,1696,27,0,0,0,27,A
3-PA,1697,0,1,26,0,27,G
3-PA,1698,0,0,27,0,27,G
3-PA,1699,28,0,0,0,28,A
3-PA,1700,0,0,0,28,28,C
3-PA,1701,28,0,0,0,28,A
3-PA,1702,28,0,0,0,28,A
3-PA,1703,28,0,0,0,28,A
3-PA,1704,0,0,0,27,27,C
3-PA,1705,0,0,26,0,26,G
3-PA,1706,0,0,25,0,25,G
3-PA,1707,26,0,0,0,26,A
3-PA,1708,28,0,0,0,28,A
3-PA,1709,0,0,0,28,28,C
3-PA,1710,28,0,0,0,28,A
3-PA,1711,0,28,0,0,28,T
3-PA,1712,0,0,0,28,28,C
3-PA,1713,28,0,0,0,28,A
3-PA,1714,27,0,0,0,27,A
3-PA,1715,26,0,0,0,26,A
3-PA,1716,0,0,29,0,29,G
3-PA,1717,0,0,30,0,30,G
3-PA,1718,0,30,0,0,30,T
3-PA,1719,0,0,0,30,30,C
3-PA,1720,30,0,0,0,30,A
3-PA,1721,30,0,0,0,30,A
3-PA,1722,29,0,0,0,29,A
3-PA,1723,30,0,0,0,30,A
3-PA,1724,0,30,0,0,30,T
3-PA,1725,0,0,30,0,30,G
3-PA,1726,30,0,0,0,30,A
3-PA,1727,30,0,0,0,30,A
3-PA,1728,30,0,0,0,30,A
3-PA,1729,0,30,0,0,30,T
3-PA,1730,0,0,29,0,29,G
3-PA,1731,0,0,30,0,30,G
3-PA,1732,1,0,28,0,29,G
3-PA,1733,0,0,30,0,30,G
3-PA,1734,29,0,0,0,29,A
3-PA,1735,29,0,0,0,29,A
3-PA,1736,0,29,0,0,29,T
3-PA,1737,0,0,30,0,30,G
3-PA,1738,0,1,29,0,30,G
3-PA,1739,29,0,0,0,29,A
3-PA,1740,0,0,30,0,30,G
3-PA,1741,30,0,0,0,30,A
3-PA,1742,0,29,0,0,29,T
3-PA,1743,0,0,30,0,30,G
3-PA,1744,30,0,0,0,30,A
3-PA,1745,0,0,30,0,30,G
3-PA,1746,29,0,0,0,29,A
3-PA,1747,0,0,0,29,29,C
3-PA,1748,0,0,29,0,29,G
3-PA,1749,0,28,0,0,28,T
3-PA,1750,0,27,0,0,27,T
3-PA,1751,0,0,29,0,29,G
3-PA,1752,0,0,0,29,29,C
3-PA,1753,1,0,0,28,29,C
3-PA,1754,0,29,0,0,29,T
3-PA,1755,0,0,0,29,29,C
3-PA,1756,0,0,0,30,30,C
3-PA,1757,0,29,0,0,29,T
3-PA,1758,0,30,0,0,30,T
3-PA,1759,0,0,0,30,30,C
3-PA,1760,30,0,0,0,30,A
3-PA,1761,0,0,30,0,30,G
3-PA,1762,0,29,0,0,29,T
3-PA,1763,0,0,0,29,29,C
3-PA,1764,28,0,0,0,28,A
3-PA,1765,0,0,0,30,30,C
3-PA,1766,0,29,0,0,29,T
3-PA,1767,0,0,0,31,31,C
3-PA,1768,0,0,0,31,31,C
3-PA,1769,31,0,0,0,31,A
3-PA,1770,0,0,31,0,31,G
3-PA,1771,0,0,0,32,32,C
3-PA,1772,32,0,0,0,32,A
3-PA,1773,0,0,32,0,32,G
3-PA,1774,32,0,0,0,32,A
3-PA,1775,0,32,0,0,32,T
3-PA,1776,0,0,0,32,32,C
3-PA,1777,0,0,32,0,32,G
3-PA,1778,32,0,0,0,32,A
3-PA,1779,0,0,32,0,32,G
3-PA,1780,31,0,0,0,31,A
3-PA,1781,0,0,31,0,31,G
3-PA,1782,0,0,0,31,31,C
3-PA,1783,30,0,0,0,30,A
3-PA,1784,0,31,0,0,31,T
3-PA,1785,0,0,32,0,32,G
3-PA,1786,34,0,0,0,34,A
3-PA,1787,0,34,0,0,34,T
3-PA,1788,0,34,0,0,34,T
3-PA,1789,0,0,34,0,34,G
3-PA,1790,33,0,0,0,33,A
3-PA,1791,32,0,0,0,32,A
3-PA,1792,0,0,33,0,33,G
3-PA,1793,0,0,0,33,33,C
3-PA,1794,0,0,0,33,33,C
3-PA,1795,0,0,33,0,33,G
3-PA,1796,33,0,0,0,33,A
3-PA,1797,0,0,34,0,34,G
3-PA,1798,0,32,0,0,32,T
3-PA,1799,0,0,0,34,34,C
3-PA,1800,0,0,0,34,34,C
3-PA,1801,0,33,0,0,33,T
3-PA,1802,0,0,0,34,34,C
3-PA,1803,0,0,34,0,34,G
3-PA,1804,0,0,36,0,36,G
3-PA,1805,0,36,0,0,36,T
3-PA,1806,0,35,0,0,35,T
3-PA,1807,35,0,0,0,35,A
3-PA,1808,34,0,0,0,34,A
3-PA,1809,35,0,0,0,35,A
3-PA,1810,0,0,35,0,35,G
3-PA,1811,36,0,0,0,36,A
3-PA,1812,0,0,35,0,35,G
3-PA,1813,35,0,0,0,35,A
3-PA,1814,36,0,0,0,36,A
3-PA,1815,35,0,0,0,35,A
3-PA,1816,0,0,36,0,36,G
3-PA,1817,35,0,0,0,35,A
3-PA,1818,0,0,0,36,36,C
3-PA,1819,35,0,0,0,35,A
3-PA,1820,0,35,0,0,35,T
3-PA,1821,0,0,35,0,35,G
3-PA,1822,35,0,0,0,35,A
3-PA,1823,0,0,0,36,36,C
3-PA,1824,1,0,0,34,35,C
3-PA,1825,36,0,0,0,36,A
3-PA,1826,36,0,0,0,36,A
3-PA,1827,36,0,0,0,36,A
3-PA,1828,0,0,35,0,35,G
3-PA,1829,36,0,0,0,36,A
3-PA,1830,0,0,36,0,36,G
3-PA,1831,0,34,0,0,34,T
3-PA,1832,0,35,0,0,35,T
3-PA,1833,0,35,0,0,35,T
3-PA,1834,0,34,0,0,34,T
3-PA,1835,0,35,0,0,35,T
3-PA,1836,0,35,0,0,35,T
3-PA,1837,0,0,35,0,35,G
3-PA,1838,34,0,0,0,34,A
3-PA,1839,0,0,35,0,35,G
3-PA,1840,35,0,0,0,35,A
3-PA,1841,34,0,0,0,34,A
3-PA,1842,0,35,0,0,35,T
3-PA,1843,35,0,0,0,35,A
3-PA,1844,35,0,0,0,35,A
3-PA,1845,35,0,0,0,35,A
3-PA,1846,0,35,0,0,35,T
3-PA,1847,0,0,0,35,35,C
3-PA,1848,35,0,0,0,35,A
3-PA,1849,0,0,35,0,35,G
3-PA,1850,35,0,0,0,35,A
3-PA,1851,37,0,0,0,37,A
3-PA,1852,0,0,37,0,37,G
3-PA,1853,0,0,0,36,36,C
3-PA,1854,37,0,0,0,37,A
3-PA,1855,0,37,0,0,37,T
3-PA,1856,0,0,37,0,37,G
3-PA,1857,0,0,37,0,37,G
3-PA,1858,0,0,0,37,37,C
3-PA,1859,0,0,0,36,36,C
3-PA,1860,0,0,0,37,37,C
3-PA,1861,37,0,0,0,37,A
3-PA,1862,0,36,0,0,36,T
3-PA,1863,0,36,0,0,36,T
3-PA,1864,0,0,36,0,36,G
3-PA,1865,0,0,36,0,36,G
3-PA,1866,0,0,33,0,33,G
3-PA,1867,0,0,33,0,33,G
3-PA,1868,31,0,0,0,31,A
3-PA,1869,0,0,32,0,32,G
3-PA,1870,0,31,0,0,31,T
3-PA,1871,0,0,0,31,31,C
3-PA,1872,0,0,0,32,32,C
3-PA,1873,0,0,0,33,33,C
3-PA,1874,0,0,0,32,32,C
3-PA,1875,0,0,0,33,33,C
3-PA,1876,33,0,0,0,33,A
3-PA,1877,33,0,0,0,33,A
3-PA,1878,1,0,32,0,33,G
3-PA,1879,0,0,33,0,33,G
3-PA,1880,0,0,33,0,33,G
3-PA,1881,33,0,0,0,33,A
3-PA,1882,0,0,32,0,32,G
3-PA,1883,0,33,0,0,33,T
3-PA,1884,0,0,33,0,33,G
3-PA,1885,0,0,33,0,33,G
3-PA,1886,33,0,0,0,33,A
3-PA,1887,33,0,0,0,33,A
3-PA,1888,0,0,33,0,33,G
3-PA,1889,33,0,0,0,33,A
3-PA,1890,34,0,0,0,34,A
3-PA,1891,0,0,33,0,33,G
3-PA,1892,0,0,34,0,34,G
3-PA,1893,0,34,0,0,34,T
3-PA,1894,0,33,0,0,33,T
3-PA,1895,0,0,0,33,33,C
3-PA,1896,0,0,0,33,33,C
3-PA,1897,33,0,0,0,33,A
3-PA,1898,0,33,0,0,33,T
3-PA,1899,0,33,0,0,33,T
3-PA,1900,0,0,34,0,34,G
3-PA,1901,0,0,33,0,33,G
3-PA,1902,0,0,34,0,34,G
3-PA,1903,34,0,0,0,34,A
3-PA,1904,34,0,0,0,34,A
3-PA,1905,34,0,0,0,34,A
3-PA,1906,0,0,34,0,34,G
3-PA,1907,0,32,0,0,32,T
3-PA,1908,32,0,0,1,33,A
3-PA,1909,0,35,0,0,35,T
3-PA,1910,0,0,34,0,34,G
3-PA,1911,0,35,0,0,35,T
3-PA,1912,35,0,0,0,35,A
3-PA,1913,0,0,34,0,34,G
3-PA,1914,0,0,35,0,35,G
3-PA,1915,34,0,0,0,34,A
3-PA,1916,0,0,0,33,33,C
3-PA,1917,0,33,0,0,33,T
3-PA,1918,0,0,0,36,36,C
3-PA,1919,0,36,0,0,36,T
3-PA,1920,36,0,0,0,36,A
3-PA,1921,0,35,0,0,35,T
3-PA,1922,0,34,0,0,34,T
3-PA,1923,0,0,36,0,36,G
3-PA,1924,0,0,35,0,35,G
3-PA,1925,0,0,0,35,35,C
3-PA,1926,0,35,0,1,36,T
3-PA,1927,33,0,0,0,33,A
3-PA,1928,34,0,0,0,34,A
3-PA,1929,0,0,34,0,34,G
3-PA,1930,0,33,0,0,33,T
3-PA,1931,0,0,0,33,33,C
3-PA,1932,34,0,0,0,34,A
3-PA,1933,0,0,34,0,34,G
3-PA,1934,0,33,0,0,33,T
3-PA,1935,34,0,0,0,34,A
3-PA,1936,0,34,0,0,34,T
3-PA,1937,0,33,0,0,33,T
3-PA,1938,0,0,0,34,34,C
3-PA,1939,34,0,0,0,34,A
3-PA,1940,34,0,0,0,34,A
3-PA,1941,0,33,0,0,33,T
3-PA,1942,33,0,0,0,33,A
3-PA,1943,0,0,34,0,34,G
3-PA,1944,0,0,0,34,34,C
3-PA,1945,0,0,0,34,34,C
3-PA,1946,0,33,0,0,33,T
3-PA,1947,0,0,33,0,33,G
3-PA,1948,0,34,0,0,34,T
3-PA,1949,34,0,0,0,34,A
3-PA,1950,0,34,0,0,34,T
3-PA,1951,0,0,33,0,33,G
3-PA,1952,0,0,0,34,34,C
3-PA,1953,34,0,0,0,34,A
3-PA,1954,0,34,0,0,34,T
3-PA,1955,0,0,0,34,34,C
3-PA,1956,32,0,0,0,32,A
3-PA,1957,0,0,0,33,33,C
3-PA,1958,0,0,0,34,34,C
3-PA,1959,33,0,0,0,33,A
3-PA,1960,0,0,0,34,34,C
3-PA,1961,33,0,0,0,33,A
3-PA,1962,34,0,0,0,34,A
3-PA,1963,0,34,0,0,34,T
3-PA,1964,0,32,0,0,32,T
3-PA,1965,0,0,31,0,31,G
3-PA,1966,0,0,32,0,32,G
3-PA,1967,31,0,0,0,31,A
3-PA,1968,32,0,0,0,32,A
3-PA,1969,0,0,31,0,31,G
3-PA,1970,0,0,31,0,31,G
3-PA,1971,31,0,0,0,31,A
3-PA,1972,0,31,0,0,31,T
3-PA,1973,0,31,0,0,31,T
3-PA,1974,0,31,0,0,31,T
3-PA,1975,0,31,0,0,31,T
3-PA,1976,0,0,0,31,31,C
3-PA,1977,31,0,0,0,31,A
3-PA,1978,0,0,31,0,31,G
3-PA,1979,0,0,0,31,31,C
3-PA,1980,0,0,31,0,31,G
3-PA,1981,0,1,30,0,31,G
3-PA,1982,31,0,0,0,31,A
3-PA,1983,0,0,31,0,31,G
3-PA,1984,0,31,0,0,31,T
3-PA,1985,0,0,0,31,31,C
3-PA,1986,31,0,0,0,31,A
3-PA,1987,31,0,0,0,31,A
3-PA,1988,0,0,31,0,31,G
3-PA,1989,31,0,0,0,31,A
3-PA,1990,31,0,0,0,31,A
3-PA,1991,31,0,0,0,31,A
3-PA,1992,28,0,0,0,28,A
3-PA,1993,0,0,0,28,28,C
3-PA,1994,0,28,0,0,28,T
3-PA,1995,0,0,28,0,28,G
3-PA,1996,0,0,0,28,28,C
3-PA,1997,0,29,0,0,29,T
3-PA,1998,0,0,0,29,29,C
3-PA,1999,0,0,0,29,29,C
3-PA,2000,0,28,0,0,28,T
3-PA,2001,0,28,0,0,28,T
3-PA,2002,0,0,28,0,28,G
3-PA,2003,0,28,0,0,28,T
3-PA,2004,0,28,0,0,28,T
3-PA,2005,0,0,29,0,29,G
3-PA,2006,0,29,0,0,29,T
3-PA,2007,0,29,0,0,29,T
3-PA,2008,0,0,0,29,29,C
3-PA,2009,29,0,0,0,29,A
3-PA,2010,0,0,30,0,30,G
3-PA,2011,0,0,30,0,30,G
3-PA,2012,0,0,0,30,30,C
3-PA,2013,0,30,0,0,30,T
3-PA,2014,0,0,0,30,30,C
3-PA,2015,0,30,0,0,30,T
3-PA,2016,0,30,0,0,30,T
3-PA,2017,30,0,0,0,30,A
3-PA,2018,0,0,30,0,30,G
3-PA,2019,0,0,30,0,30,G
3-PA,2020,0,0,30,0,30,G
3-PA,2021,30,0,0,0,30,A
3-PA,2022,0,0,0,30,30,C
3-PA,2023,30,0,0,0,30,A
3-PA,2024,31,0,0,0,31,A
3-PA,2025,0,0,0,31,31,C
3-PA,2026,0,0,0,31,31,C
3-PA,2027,0,31,0,0,31,T
3-PA,2028,0,0,0,31,31,C
3-PA,2029,0,0,31,0,31,G
3-PA,2030,31,0,0,0,31,A
3-PA,2031,31,0,0,0,31,A
3-PA,2032,0,0,0,31,31,C
3-PA,2033,0,0,0,31,31,C
3-PA,2034,0,32,0,0,32,T
3-PA,2035,0,0,32,0,32,G
3-PA,2036,0,0,32,0,32,G
3-PA,2037,0,0,32,0,32,G
3-PA,2038,31,0,0,0,31,A
3-PA,2039,0,0,0,33,33,C
3-PA,2040,0,0,0,34,34,C
3-PA,2041,0,33,0,0,33,T
3-PA,2042,0,34,0,0,34,T
3-PA,2043,0,34,0,0,34,T
3-PA,2044,0,0,34,0,34,G
3-PA,2045,34,0,0,0,34,A
3-PA,2046,0,34,0,0,34,T
3-PA,2047,0,0,0,34,34,C
3-PA,2048,0,32,0,0,32,T
3-PA,2049,0,32,0,0,32,T
3-PA,2050,0,0,32,0,32,G
3-PA,2051,0,0,31,0,31,G
3-PA,2052,0,0,31,0,31,G
3-PA,2053,0,2,27,0,29,G
3-PA,2054,0,0,31,0,31,G
3-PA,2055,0,0,30,0,30,G
3-PA,2056,0,0,0,31,31,C
3-PA,2057,0,31,0,0,31,T
3-PA,2058,31,0,0,0,31,A
3-PA,2059,0,31,0,0,31,T
3-PA,2060,31,0,0,0,31,A
3-PA,2061,0,31,0,0,31,T
3-PA,2062,0,0,31,0,31,G
3-PA,2063,31,0,0,0,31,A
3-PA,2064,30,0,0,0,30,A
3-PA,2065,0,0,30,0,30,G
3-PA,2066,0,0,0,30,30,C
3-PA,2067,30,0,0,0,30,A
3-PA,2068,30,0,0,0,30,A
3-PA,2069,0,30,0,0,30,T
3-PA,2070,0,30,0,0,30,T
3-PA,2071,0,0,30,0,30,G
3-PA,2072,30,0,0,0,30,A
3-PA,2073,0,0,30,0,30,G
3-PA,2074,0,0,30,0,30,G
3-PA,2075,29,0,0,0,29,A
3-PA,2076,0,0,29,0,29,G
3-PA,2077,0,28,0,0,28,T
3-PA,2078,0,0,28,0,28,G
3-PA,2079,0,0,0,28,28,C
3-PA,2080,0,0,0,28,28,C
3-PA,2081,0,28,0,0,28,T
3-PA,2082,0,0,28,0,28,G
3-PA,2083,28,0,0,0,28,A
3-PA,2084,0,28,0,0,28,T
3-PA,2085,0,27,0,0,27,T
3-PA,2086,27,0,0,0,27,A
3-PA,2087,27,0,0,0,27,A
3-PA,2088,0,27,0,0,27,T
3-PA,2089,0,1,26,0,27,G
3-PA,2090,27,0,0,0,27,A
3-PA,2091,0,25,0,0,25,T
3-PA,2092,0,0,0,25,25,C
3-PA,2093,0,0,0,25,25,C
3-PA,2094,0,0,0,25,25,C
3-PA,2095,0,25,0,0,25,T
3-PA,2096,0,0,25,0,25,G
3-PA,2097,0,0,25,0,25,G
3-PA,2098,0,0,25,0,25,G
3-PA,2099,0,25,0,0,25,T
3-PA,2100,0,20,0,0,20,T
3-PA,2101,0,20,0,0,20,T
3-PA,2102,0,20,0,0,20,T
3-PA,2103,0,0,20,0,20,G
3-PA,2104,0,0,0,20,20,C
3-PA,2105,0,20,0,0,20,T
3-PA,2106,0,0,0,20,20,C
3-PA,2107,20,0,0,0,20,A
3-PA,2108,20,0,0,0,20,A
3-PA,2109,0,20,0,0,20,T
3-PA,2110,0,0,20,0,20,G
3-PA,2111,0,0,0,20,20,C
3-PA,2112,0,0,20,0,20,G
3-PA,2113,0,20,0,0,20,T
3-PA,2114,0,0,0,20,20,C
3-PA,2115,0,20,0,0,20,T
3-PA,2116,0,20,0,0,20,T
3-PA,2117,0,0,17,0,17,G
3-PA,2118,0,0,17,0,17,G
3-PA,2119,0,16,0,0,16,T
3-PA,2120,0,16,0,0,16,T
3-PA,2121,0,0,0,16,16,C
3-PA,2122,15,0,0,0,15,A
3-PA,2123,15,0,0,0,15,A
3-PA,2124,0,0,0,15,15,C
3-PA,2125,0,15,0,0,15,T
3-PA,2126,0,0,0,15,15,C
3-PA,2127,0,0,0,15,15,C
3-PA,2128,0,15,0,0,15,T
3-PA,2129,0,15,0,0,15,T
3-PA,2130,0,0,0,15,15,C
3-PA,2131,0,0,0,15,15,C
3-PA,2132,0,15,0,0,15,T
3-PA,2133,0,0,15,0,15,G
3-PA,2134,15,0,0,0,15,A
3-PA,2135,0,0,0,15,15,C
3-PA,2136,14,0,0,0,14,A
3-PA,2137,0,0,0,14,14,C
3-PA,2138,14,0,0,0,14,A
3-PA,2139,0,13,0,0,13,T
3-PA,2140,0,0,13,0,13,G
3-PA,2141,0,0,0,13,13,C
3-PA,2142,12,0,0,0,12,A
3-PA,2143,0,12,0,0,12,T
3-PA,2144,0,10,0,0,10,T
3-PA,2145,10,0,0,0,10,A
3-PA,2146,10,0,0,0,10,A
3-PA,2147,10,0,0,0,10,A
3-PA,2148,10,0,0,0,10,A
3-PA,2149,0,9,0,0,9,T
3-PA,2150,7,0,0,0,7,A
3-PA,2151,0,0,7,0,7,G
4-HA,1,85,0,0,0,85,A
4-HA,2,0,83,0,0,83,T
4-HA,3,0,0,86,0,86,G
4-HA,4,86,0,0,0,86,A
4-HA,5,89,0,0,0,89,A
4-HA,6,0,0,102,0,102,G
4-HA,7,103,0,1,0,104,A
4-HA,8,0,0,0,110,110,C
4-HA,9,0,110,0,0,110,T
4-HA,10,115,0,0,0,115,A
4-HA,11,0,124,0,0,124,T
4-HA,12,0,0,0,123,123,C
4-HA,13,123,0,0,0,123,A
4-HA,14,0,123,0,0,123,T
4-HA,15,0,124,0,0,124,T
4-HA,16,0,0,137,0,137,G
4-HA,17,0,0,0,138,138,C
4-HA,18,0,138,0,0,138,T
4-HA,19,0,139,0,0,139,T
4-HA,20,0,138,0,0,138,T
4-HA,21,0,0,144,0,144,G
4-HA,22,142,0,0,1,143,A
4-HA,23,0,0,147,0,147,G
4-HA,24,0,0,0,149,149,C
4-HA,25,0,151,0,0,151,T
4-HA,26,158,0,0,0,158,A
4-HA,27,0,0,0,160,160,C
4-HA,28,158,0,0,0,158,A
4-HA,29,0,175,0,0,175,T
4-HA,30,0,175,0,0,175,T
4-HA,31,0,0,0,177,177,C
4-HA,32,0,178,0,0,178,T
4-HA,33,184,0,0,0,184,A
4-HA,34,0,184,0,0,184,T
4-HA,35,0,0,188,0,188,G
4-HA,36,0,187,0,0,187,T
4-HA,37,1,0,0,186,187,C
4-HA,38,0,186,0,0,186,T
4-HA,39,0,0,186,0,186,G
4-HA,40,0,0,187,0,187,G
4-HA,41,0,185,0,0,185,T
4-HA,42,0,189,0,0,189,T
4-HA,43,0,190,0,0,190,T
4-HA,44,0,190,0,0,190,T
4-HA,45,0,0,0,190,190,C
4-HA,46,0,0,190,0,190,G
4-HA,47,0,0,0,190,190,C
4-HA,48,0,187,0,1,188,T
4-HA,49,1,0,0,190,191,C
4-HA,50,193,0,0,0,193,A
4-HA,51,193,0,0,0,193,A
4-HA,52,193,0,0,0,193,A
4-HA,53,192,0,0,0,192,A
4-HA,54,195,0,0,0,195,A
4-HA,55,1,0,0,194,195,C
4-HA,56,0,195,0,0,195,T
4-HA,57,0,194,0,0,194,T
4-HA,58,0,0,0,193,193,C
4-HA,59,0,0,0,195,195,C
4-HA,60,0,195,0,0,195,T
4-HA,61,0,0,196,0,196,G
4-HA,62,0,0,200,0,200,G
4-HA,63,199,0,0,0,199,A
4-HA,64,205,0,0,0,205,A
4-HA,65,207,0,0,0,207,A
4-HA,66,0,211,0,0,211,T
4-HA,67,0,1,211,0,212,G
4-HA,68,211,0,1,0,212,A
4-HA,69,0,0,0,214,214,C
4-HA,70,214,0,0,0,214,A
4-HA,71,214,0,0,0,214,A
4-HA,72,0,0,0,219,219,C
4-HA,73,217,0,1,0,218,A
4-HA,74,0,0,220,0,220,G
4-HA,75,0,0,0,220,220,C
4-HA,76,219,0,1,0,220,A
4-HA,77,0,0,0,229,229,C
4-HA,78,0,0,228,0,228,G
4-HA,79,0,0,231,0,231,G
4-HA,80,0,0,0,233,233,C
4-HA,81,233,0,0,0,233,A
4-HA,82,238,0,0,0,238,A
4-HA,83,0,0,0,239,239,C
4-HA,84,0,1,240,0,241,G
4-HA,85,0,0,0,243,243,C
4-HA,86,0,242,0,0,242,T
4-HA,87,1,0,243,0,244,G
4-HA,88,0,244,0,0,244,T
4-HA,89,0,1,249,0,250,G
4-HA,90,0,1,0,248,249,C
4-HA,91,0,0,0,258,258,C
4-HA,92,0,257,0,0,257,T
4-HA,93,0,257,0,0,257,T
4-HA,94,0,0,259,0,259,G
4-HA,95,0,0,256,0,256,G
4-HA,96,0,0,262,0,262,G
4-HA,97,0,0,0,262,262,C
4-HA,98,258,0,0,0,258,A
4-HA,99,0,0,0,268,268,C
4-HA,100,0,0,0,266,266,C
4-HA,101,295,0,0,0,295,A
4-HA,102,0,297,0,0,297,T
4-HA,103,0,0,297,0,297,G
4-HA,104,1,0,0,297,298,C
4-HA,105,295,0,2,0,297,A
4-HA,106,0,0,313,0,313,G
4-HA,107,0,313,0,0,313,T
4-HA,108,313,0,0,0,313,A
4-HA,109,1,0,0,310,311,C
4-HA,110,0,0,0,304,304,C
4-HA,111,302,0,0,0,302,A
4-HA,112,303,0,0,0,303,A
4-HA,113,303,0,0,0,303,A
4-HA,114,0,0,0,304,304,C
4-HA,115,0,0,301,0,301,G
4-HA,116,0,2,305,0,307,G
4-HA,117,303,0,0,0,303,A
4-HA,118,306,0,0,0,306,A
4-HA,119,0,0,0,307,307,C
4-HA,120,0,0,309,0,309,G
4-HA,121,322,0,0,0,322,A
4-HA,122,0,319,0,0,319,T
4-HA,123,327,0,0,0,327,A
4-HA,124,0,0,327,0,327,G
4-HA,125,0,324,0,0,324,T
4-HA,126,0,3,325,0,328,G
4-HA,127,325,0,1,0,326,A
4-HA,128,329,0,0,0,329,A
4-HA,129,326,0,1,0,327,A
4-HA,130,325,1,0,0,326,A
4-HA,131,0,0,0,335,335,C
4-HA,132,335,0,0,0,335,A
4-HA,133,333,0,1,0,334,A
4-HA,134,0,334,0,0,334,T
4-HA,135,0,1,0,334,335,C
4-HA,136,336,0,0,0,336,A
4-HA,137,0,0,0,342,342,C
4-HA,138,0,2,338,0,340,G
4-HA,139,339,0,0,0,339,A
4-HA,140,338,0,0,0,338,A
4-HA,141,0,337,0,0,337,T
4-HA,142,0,2,333,0,335,G
4-HA,143,338,0,0,0,338,A
4-HA,144,0,0,0,338,338,C
4-HA,145,0,0,0,339,339,C
4-HA,146,340,0,0,0,340,A
4-HA,147,341,0,0,0,341,A
4-HA,148,344,0,0,0,344,A
4-HA,149,0,345,0,0,345,T
4-HA,150,0,344,0,0,344,T
4-HA,151,0,0,346,0,346,G
4-HA,152,339,0,1,0,340,A
4-HA,153,344,0,0,0,344,A
4-HA,154,0,0,346,0,346,G
4-HA,155,0,346,0,1,347,T
4-HA,156,0,362,0,0,362,T
4-HA,157,366,0,0,0,366,A
4-HA,158,0,0,0,369,369,C
4-HA,159,0,370,0,0,370,T
4-HA,160,369,0,0,0,369,A
4-HA,161,375,0,0,0,375,A
4-HA,162,0,377,0,0,377,T
4-HA,163,0,1,378,0,379,G
4-HA,164,0,0,0,393,393,C
4-HA,165,0,392,0,0,392,T
4-HA,166,393,0,0,0,393,A
4-HA,167,0,0,0,392,392,C
4-HA,168,0,392,0,0,392,T
4-HA,169,1,1,393,0,395,G
4-HA,170,389,0,0,0,389,A
4-HA,171,0,0,391,0,391,G
4-HA,172,0,0,0,393,393,C
4-HA,173,0,383,0,0,383,T
4-HA,174,0,1,393,0,394,G
4-HA,175,0,0,406,0,406,G
4-HA,176,0,406,0,0,406,T
4-HA,177,0,407,0,0,407,T
4-HA,178,0,0,0,405,405,C
4-HA,179,407,0,0,0,407,A
4-HA,180,0,3,407,0,410,G
4-HA,181,410,0,0,0,410,A
4-HA,182,0,0,417,0,417,G
4-HA,183,0,411,0,0,411,T
4-HA,184,0,410,0,0,410,T
4-HA,185,0,0,0,413,413,C
4-HA,186,0,0,0,412,412,C
4-HA,187,0,413,0,0,413,T
4-HA,188,2,0,0,409,411,C
4-HA,189,406,0,2,0,408,A
4-HA,190,412,0,0,0,412,A
4-HA,191,0,0,0,414,414,C
4-HA,192,404,0,0,0,404,A
4-HA,193,3,1,409,0,413,G
4-HA,194,3,0,406,0,409,G
4-HA,195,0,409,0,0,409,T
4-HA,196,0,0,411,0,411,G
4-HA,197,411,0,0,0,411,A
4-HA,198,411,0,0,0,411,A
4-HA,199,418,0,1,0,419,A
4-HA,200,0,418,0,0,418,T
4-HA,201,426,0,0,0,426,A
4-HA,202,0,416,0,0,416,T
4-HA,203,0,0,414,0,414,G
4-HA,204,0,1,0,416,417,C
4-HA,205,1,1,417,0,419,G
4-HA,206,417,0,0,0,417,A
4-HA,207,0,0,0,416,416,C
4-HA,208,410,0,0,0,410,A
4-HA,209,0,0,433,0,433,G
4-HA,210,0,431,0,0,431,T
4-HA,211,1,0,0,431,432,C
4-HA,212,0,0,0,434,434,C
4-HA,213,0,434,0,0,434,T
4-HA,214,0,0,0,436,436,C
4-HA,215,438,0,0,0,438,A
4-HA,216,0,438,0,0,438,T
4-HA,217,1,0,0,438,439,C
4-HA,218,416,0,0,0,416,A
4-HA,219,0,0,419,0,419,G
4-HA,220,417,0,0,0,417,A
4-HA,221,0,421,0,0,421,T
4-HA,222,1,1,0,415,417,C
4-HA,223,4,0,0,412,416,C
4-HA,224,0,412,0,0,412,T
4-HA,225,0,414,0,0,414,T
4-HA,226,0,1,413,0,414,G
4-HA,227,411,0,0,0,411,A
4-HA,228,0,412,0,0,412,T
4-HA,229,0,0,411,0,411,G
4-HA,230,0,0,410,0,410,G
4-HA,231,411,0,0,0,411,A
4-HA,232,410,0,0,0,410,A
4-HA,233,411,0,0,0,411,A
4-HA,234,409,0,0,0,409,A
4-HA,235,411,0,0,0,411,A
4-HA,236,412,0,0,0,412,A
4-HA,237,0,0,0,413,413,C
4-HA,238,0,410,0,0,410,T
4-HA,239,0,0,413,0,413,G
4-HA,240,0,0,0,414,414,C
4-HA,241,411,0,0,0,411,A
4-HA,242,0,0,0,424,424,C
4-HA,243,422,0,1,0,423,A
4-HA,244,0,0,0,479,479,C
4-HA,245,0,476,0,0,476,T
4-HA,246,482,0,1,0,483,A
4-HA,247,483,0,0,0,483,A
4-HA,248,0,479,0,0,479,T
4-HA,249,479,3,0,0,482,A
4-HA,250,0,1,481,0,482,G
4-HA,251,471,0,0,0,471,A
4-HA,252,0,461,0,0,461,T
4-HA,253,0,0,446,0,446,G
4-HA,254,0,0,0,455,455,C
4-HA,255,0,454,0,0,454,T
4-HA,256,1,0,0,484,485,C
4-HA,257,0,483,0,0,483,T
4-HA,258,497,0,0,0,497,A
4-HA,259,0,501,0,0,501,T
4-HA,260,0,499,0,0,499,T
4-HA,261,0,1,506,0,507,G
4-HA,262,1,1,502,0,504,G
4-HA,263,0,2,516,0,518,G
4-HA,264,514,0,1,0,515,A
4-HA,265,0,2,516,0,518,G
4-HA,266,511,0,0,0,511,A
4-HA,267,0,0,1,593,594,C
4-HA,268,0,0,0,622,622,C
4-HA,269,0,1,0,626,627,C
4-HA,270,0,629,0,0,629,T
4-HA,271,1,1,0,652,654,C
4-HA,272,653,0,0,0,653,A
4-HA,273,0,0,718,0,718,G
4-HA,274,0,718,0,0,718,T
4-HA,275,0,1,727,0,728,G
4-HA,276,0,714,0,0,714,T
4-HA,277,0,1,712,0,713,G
4-HA,278,712,2,0,0,714,A
4-HA,279,0,713,0,0,713,T
4-HA,280,0,1,705,0,706,G
4-HA,281,0,0,710,0,710,G
4-HA,282,0,0,0,715,715,C
4-HA,283,0,716,0,0,716,T
4-HA,284,0,711,0,1,712,T
4-HA,285,0,0,0,716,716,C
4-HA,286,5,0,0,712,717,C
4-HA,287,718,0,0,0,718,A
4-HA,288,721,0,0,0,721,A
4-HA,289,720,0,0,0,720,A
4-HA,290,723,0,0,0,723,A
4-HA,291,0,733,0,0,733,T
4-HA,292,735,0,0,0,735,A
4-HA,293,734,0,0,0,734,A
4-HA,294,0,0,736,0,736,G
4-HA,295,741,0,1,0,742,A
4-HA,296,745,0,0,0,745,A
4-HA,297,748,0,0,0,748,A
4-HA,298,0,750,0,0,750,T
4-HA,299,0,1,745,0,746,G
4-HA,300,0,0,741,0,741,G
4-HA,301,1,1,742,0,744,G
4-HA,302,739,0,1,0,740,A
4-HA,303,1,0,0,754,755,C
4-HA,304,0,0,0,751,751,C
4-HA,305,0,767,0,1,768,T
4-HA,306,0,769,0,1,770,T
4-HA,307,0,767,0,0,767,T
4-HA,308,0,776,0,0,776,T
4-HA,309,0,779,0,0,779,T
4-HA,310,0,0,783,0,783,G
4-HA,311,0,785,0,0,785,T
4-HA,312,0,781,0,2,783,T
4-HA,313,1,1,775,0,777,G
4-HA,314,778,0,0,1,779,A
4-HA,315,777,0,0,0,777,A
4-HA,316,0,0,0,781,781,C
4-HA,317,0,1,775,0,776,G
4-HA,318,0,1,0,783,784,C
4-HA,319,785,0,0,0,785,A
4-HA,320,0,0,794,0,794,G
4-HA,321,0,0,0,793,793,C
4-HA,322,790,0,1,0,791,A
4-HA,323,792,0,1,0,793,A
4-HA,324,789,0,0,0,789,A
4-HA,325,0,0,818,0,818,G
4-HA,326,1,0,0,821,822,C
4-HA,327,0,0,0,815,815,C
4-HA,328,0,0,0,810,810,C
4-HA,329,816,0,0,0,816,A
4-HA,330,0,0,0,837,837,C
4-HA,331,833,0,1,0,834,A
4-HA,332,0,0,840,0,840,G
4-HA,333,0,0,0,842,842,C
4-HA,334,830,0,0,0,830,A
4-HA,335,842,0,0,0,842,A
4-HA,336,1,0,0,873,874,C
4-HA,337,0,876,0,0,876,T
4-HA,338,0,0,874,0,874,G
4-HA,339,0,865,0,0,865,T
4-HA,340,0,867,0,0,867,T
4-HA,341,866,0,0,0,866,A
4-HA,342,0,0,0,950,950,C
4-HA,343,3,0,0,950,953,C
4-HA,344,0,0,0,983,983,C
4-HA,345,0,966,0,0,966,T
4-HA,346,0,964,0,0,964,T
4-HA,347,967,0,0,0,967,A
4-HA,348,0,961,0,0,961,T
4-HA,349,0,4,960,0,964,G
4-HA,350,963,0,0,0,963,A
4-HA,351,0,897,0,0,897,T
4-HA,352,4,1,914,0,919,G
4-HA,353,0,912,0,0,912,T
4-HA,354,6,0,901,0,907,G
4-HA,355,0,1,0,902,903,C
4-HA,356,2,6,0,905,913,C
4-HA,357,1,1,935,0,937,G
4-HA,358,0,3,948,0,951,G
4-HA,359,946,0,0,0,946,A
4-HA,360,0,953,0,0,953,T
4-HA,361,0,935,0,0,935,T
4-HA,362,944,0,0,0,944,A
4-HA,363,0,946,0,0,946,T
4-HA,364,1,1,945,0,947,G
4-HA,365,1,4,0,941,946,C
4-HA,366,2,0,0,933,935,C
4-HA,367,0,945,0,1,946,T
4-HA,368,2,0,0,995,997,C
4-HA,369,1,0,0,1001,1002,C
4-HA,370,5,0,0,1003,1008,C
4-HA,371,0,1001,0,0,1001,T
4-HA,372,0,1006,0,0,1006,T
4-HA,373,1000,0,0,0,1000,A
4-HA,374,0,1,1034,0,1035,G
4-HA,375,0,1,1031,0,1032,G
4-HA,376,0,1023,0,0,1023,T
4-HA,377,0,0,0,1013,1013,C
4-HA,378,1007,0,2,0,1009,A
4-HA,379,0,0,0,1034,1034,C
4-HA,380,0,1038,0,0,1038,T
4-HA,381,1034,0,0,0,1034,A
4-HA,382,0,0,1030,0,1030,G
4-HA,383,0,1020,0,1,1021,T
4-HA,384,0,1017,0,0,1017,T
4-HA,385,0,1,1034,0,1035,G
4-HA,386,0,0,0,1029,1029,C
4-HA,387,2,0,0,1025,1027,C
4-HA,388,0,1021,0,1,1022,T
4-HA,389,3,0,0,1028,1031,C
4-HA,390,1074,0,0,0,1074,A
4-HA,391,0,1076,0,0,1076,T
4-HA,392,2,0,0,1074,1076,C
4-HA,393,1,2,0,1079,1082,C
4-HA,394,0,0,1073,0,1073,G
4-HA,395,0,0,1073,0,1073,G
4-HA,396,1,0,0,1074,1075,C
4-HA,397,1085,0,0,0,1085,A
4-HA,398,0,0,0,1102,1102,C
4-HA,399,1074,0,0,0,1074,A
4-HA,400,0,0,0,1077,1077,C
4-HA,401,0,1075,0,0,1075,T
4-HA,402,0,0,1080,0,1080,G
4-HA,403,0,1,1081,0,1082,G
4-HA,404,1082,0,1,0,1083,A
4-HA,405,0,0,1100,0,1100,G
4-HA,406,0,1080,0,0,1080,T
4-HA,407,0,1077,0,1,1078,T
4-HA,408,0,1081,0,6,1087,T
4-HA,409,1089,0,0,0,1089,A
4-HA,410,1089,0,1,0,1090,A
4-HA,411,0,0,0,1089,1089,C
4-HA,412,1075,0,0,0,1075,A
4-HA,413,1073,0,1,0,1074,A
4-HA,414,1,1065,0,0,1066,T
4-HA,415,0,2,1065,0,1067,G
4-HA,416,1065,0,0,0,1065,A
4-HA,417,1068,0,1,0,1069,A
4-HA,418,1066,0,0,0,1066,A
4-HA,419,0,0,1066,0,1066,G
4-HA,420,0,0,0,1067,1067,C
4-HA,421,0,1067,0,1,1068,T
4-HA,422,0,1067,0,0,1067,T
4-HA,423,4,0,0,1078,1082,C
4-HA,424,1085,0,1,0,1086,A
4-HA,425,1084,0,0,0,1084,A
4-HA,426,0,1086,0,0,1086,T
4-HA,427,0,1092,0,0,1092,T
4-HA,428,0,0,1104,0,1104,G
4-HA,429,0,4,1120,0,1124,G
4-HA,430,1116,1,1,0,1118,A
4-HA,431,0,0,0,1125,1125,C
4-HA,432,0,1121,0,2,1123,T
4-HA,433,0,0,1125,0,1125,G
4-HA,434,0,1,1127,0,1128,G
4-HA,435,1117,0,4,0,1121,A
4-HA,436,0,0,1131,0,1131,G
4-HA,437,0,1106,0,0,1106,T
4-HA,438,3,1,1,1086,1091,C
4-HA,439,1111,0,0,0,1111,A
4-HA,440,0,0,0,1116,1116,C
4-HA,441,0,1110,0,0,1110,T
4-HA,442,2,0,0,1110,1112,C
4-HA,443,1105,1,0,0,1106,A
4-HA,444,1112,0,0,0,1112,A
4-HA,445,1113,0,0,0,1113,A
4-HA,446,1112,0,0,0,1112,A
4-HA,447,0,2,0,1116,1118,C
4-HA,448,0,0,1112,0,1112,G
4-HA,449,0,2,1125,0,1127,G
4-HA,450,1122,0,1,0,1123,A
4-HA,451,1124,0,0,0,1124,A
4-HA,452,0,0,0,1128,1128,C
4-HA,453,1123,0,0,0,1123,A
4-HA,454,1135,0,1,0,1136,A
4-HA,455,0,0,1137,0,1137,G
4-HA,456,0,0,0,1141,1141,C
4-HA,457,0,1139,0,0,1139,T
4-HA,458,1,0,0,1151,1152,C
4-HA,459,0,1146,0,0,1146,T
4-HA,460,0,0,1150,0,1150,G
4-HA,461,0,1,0,1148,1149,C
4-HA,462,0,1147,0,2,1149,T
4-HA,463,0,1191,0,1,1192,T
4-HA,464,0,0,1208,0,1208,G
4-HA,465,0,0,0,1219,1219,C
4-HA,466,1221,0,0,0,1221,A
4-HA,467,0,1206,0,0,1206,T
4-HA,468,1201,0,0,0,1201,A
4-HA,469,1194,0,0,0,1194,A
4-HA,470,0,1,1195,0,1196,G
4-HA,471,0,3,1190,0,1193,G
4-HA,472,1149,0,0,0,1149,A
4-HA,473,0,1,1143,0,1144,G
4-HA,474,1130,0,1,0,1131,A
4-HA,475,0,1157,0,1,1158,T
4-HA,476,3,0,0,1171,1174,C
4-HA,477,0,1170,0,0,1170,T
4-HA,478,1173,0,0,0,1173,A
4-HA,479,1169,0,0,0,1169,A
4-HA,480,1159,1,0,0,1160,A
4-HA,481,1166,0,0,0,1166,A
4-HA,482,1160,0,0,0,1160,A
4-HA,483,1,0,0,1172,1173,C
4-HA,484,1149,1,0,0,1150,A
4-HA,485,0,0,1156,0,1156,G
4-HA,486,0,1140,0,0,1140,T
4-HA,487,0,1166,0,0,1166,T
4-HA,488,0,1166,0,0,1166,T
4-HA,489,5,0,0,1185,1190,C
4-HA,490,0,1191,0,0,1191,T
4-HA,491,0,1200,0,0,1200,T
4-HA,492,0,1198,0,0,1198,T
4-HA,493,1200,0,0,0,1200,A
4-HA,494,0,0,1197,0,1197,G
4-HA,495,0,1194,0,0,1194,T
4-HA,496,1188,0,1,0,1189,A
4-HA,497,1,1,1184,0,1186,G
4-HA,498,1167,0,10,0,1177,A
4-HA,499,0,1175,0,0,1175,T
4-HA,500,0,1175,0,0,1175,T
4-HA,501,0,2,1194,0,1196,G
4-HA,502,1195,0,0,0,1195,A
4-HA,503,1199,0,0,0,1199,A
4-HA,504,0,1203,0,0,1203,T
4-HA,505,0,1189,0,0,1189,T
4-HA,506,5,0,1189,0,1194,G
4-HA,507,0,0,1192,0,1192,G
4-HA,508,0,1198,0,1,1199,T
4-HA,509,0,1199,0,0,1199,T
4-HA,510,0,1,1183,0,1184,G
4-HA,511,1193,0,1,0,1194,A
4-HA,512,0,0,0,1191,1191,C
4-HA,513,2,0,0,1187,1189,C
4-HA,514,0,0,0,1219,1219,C
4-HA,515,1212,0,1,1,1214,A
4-HA,516,0,0,0,1220,1220,C
4-HA,517,0,1231,0,0,1231,T
4-HA,518,0,1229,0,1,1230,T
4-HA,519,1232,0,0,0,1232,A
4-HA,520,1219,0,0,0,1219,A
4-HA,521,1216,0,0,1,1217,A
4-HA,522,0,0,0,1196,1196,C
4-HA,523,0,1224,0,0,1224,T
4-HA,524,0,1231,0,0,1231,T
4-HA,525,4,0,0,1238,1242,C
4-HA,526,1246,0,0,0,1246,A
4-HA,527,1245,0,0,0,1245,A
4-HA,528,1246,0,0,0,1246,A
4-HA,529,0,1242,0,1,1243,T
4-HA,530,1265,0,0,0,1265,A
4-HA,531,1,0,0,1278,1279,C
4-HA,532,1,0,0,1256,1257,C
4-HA,533,1,0,0,1262,1263,C
4-HA,534,1258,0,2,0,1260,A
4-HA,535,0,1,1311,0,1312,G
4-HA,536,0,1,0,1309,1310,C
4-HA,537,1309,0,1,0,1310,A
4-HA,538,0,1318,0,0,1318,T
4-HA,539,0,1295,0,0,1295,T
4-HA,540,0,5,1327,0,1332,G
4-HA,541,1335,0,0,0,1335,A
4-HA,542,1332,1,2,0,1335,A
4-HA,543,1,0,0,1335,1336,C
4-HA,544,7,0,1297,0,1304,G
4-HA,545,0,1325,0,0,1325,T
4-HA,546,1,4,1326,0,1331,G
4-HA,547,1321,1,0,0,1322,A
4-HA,548,0,0,0,1338,1338,C
4-HA,549,0,1293,0,4,1297,T
4-HA,550,1327,0,0,0,1327,A
4-HA,551,0,1325,0,1,1326,T
4-HA,552,0,1,1335,1,1337,G
4-HA,553,0,0,0,1335,1335,C
4-HA,554,1,0,1,1321,1323,C
4-HA,555,1318,0,0,0,1318,A
4-HA,556,1309,0,0,0,1309,A
4-HA,557,1339,0,0,0,1339,A
4-HA,558,0,0,0,1346,1346,C
4-HA,559,1317,0,0,0,1317,A
4-HA,560,1320,0,0,0,1320,A
4-HA,561,0,1314,0,0,1314,T
4-HA,562,0,9,1300,0,1309,G
4-HA,563,1315,0,3,0,1318,A
4-HA,564,1315,0,1,0,1316,A
4-HA,565,1,0,0,1301,1302,C
4-HA,566,1305,0,0,0,1305,A
4-HA,567,1313,0,0,0,1313,A
4-HA,568,0,1313,0,0,1313,T
4-HA,569,0,1306,0,0,1306,T
4-HA,570,0,1308,0,3,1311,T
4-HA,571,0,4,1306,0,1310,G
4-HA,572,1312,0,0,0,1312,A
4-HA,573,0,0,0,1312,1312,C
4-HA,574,1320,0,0,0,1320,A
4-HA,575,1322,1,0,0,1323,A
4-HA,576,1340,0,0,0,1340,A
4-HA,577,0,1350,0,1,1351,T
4-HA,578,0,1348,0,0,1348,T
4-HA,579,20,0,1331,0,1351,G
4-HA,580,0,1353,0,0,1353,T
4-HA,581,1350,0,1,0,1351,A
4-HA,582,0,0,0,1377,1377,C
4-HA,583,1375,0,1,0,1376,A
4-HA,584,0,1397,0,0,1397,T
4-HA,585,0,1373,0,0,1373,T
4-HA,586,0,1374,0,0,1374,T
4-HA,587,0,2,1370,0,1372,G
4-HA,588,0,2,1360,0,1362,G
4-HA,589,0,1,1360,0,1361,G
4-HA,590,0,2,1359,0,1361,G
4-HA,591,1,3,1343,0,1347,G
4-HA,592,0,1,1381,0,1382,G
4-HA,593,0,1370,0,3,1373,T
4-HA,594,0,1374,0,0,1374,T
4-HA,595,6,0,0,1365,1371,C
4-HA,596,1361,0,0,0,1361,A
4-HA,597,0,1,0,1374,1375,C
4-HA,598,1,0,0,1375,1376,C
4-HA,599,1373,0,0,0,1373,A
4-HA,600,0,0,0,1395,1395,C
4-HA,601,0,0,0,1378,1378,C
4-HA,602,1,0,1,1370,1372,C
4-HA,603,0,2,1371,0,1373,G
4-HA,604,0,1,1409,0,1410,G
4-HA,605,0,1,1410,0,1411,G
4-HA,606,0,1396,0,0,1396,T
4-HA,607,1403,0,0,0,1403,A
4-HA,608,0,1,0,1401,1402,C
4-HA,609,0,0,1393,0,1393,G
4-HA,610,0,5,1407,0,1412,G
4-HA,611,1420,0,0,0,1420,A
4-HA,612,0,0,0,1419,1419,C
4-HA,613,1379,0,0,0,1379,A
4-HA,614,1375,0,0,0,1375,A
4-HA,615,1369,0,0,1,1370,A
4-HA,616,0,5,1376,0,1381,G
4-HA,617,1382,0,0,0,1382,A
4-HA,618,1,0,0,1386,1387,C
4-HA,619,1,0,0,1372,1373,C
4-HA,620,1374,0,0,0,1374,A
4-HA,621,1376,0,0,0,1376,A
4-HA,622,1387,0,0,0,1387,A
4-HA,623,0,1375,0,0,1375,T
4-HA,624,5,0,0,1398,1403,C
4-HA,625,0,1346,0,0,1346,T
4-HA,626,0,1327,0,0,1327,T
4-HA,627,2,1,0,1350,1353,C
4-HA,628,2,1,0,1361,1364,C
4-HA,629,0,1351,1,0,1352,T
4-HA,630,0,0,1360,0,1360,G
4-HA,631,0,1346,0,0,1346,T
4-HA,632,1356,0,0,0,1356,A
4-HA,633,0,1354,0,1,1355,T
4-HA,634,0,0,1359,0,1359,G
4-HA,635,0,0,0,1361,1361,C
4-HA,636,0,1352,0,1,1353,T
4-HA,637,4,2,0,1357,1363,C
4-HA,638,1361,0,2,0,1363,A
4-HA,639,1354,0,0,0,1354,A
4-HA,640,1,0,1344,0,1345,G
4-HA,641,1,0,0,1359,1360,C
4-HA,642,1359,0,1,0,1360,A
4-HA,643,0,1336,0,0,1336,T
4-HA,644,6,0,0,1332,1338,C
4-HA,645,1329,0,2,0,1331,A
4-HA,646,1,1,1351,0,1353,G
4-HA,647,0,2,1346,0,1348,G
4-HA,648,1345,1,0,0,1346,A
4-HA,649,1346,0,1,0,1347,A
4-HA,650,0,7,1350,0,1357,G
4-HA,651,1359,0,0,0,1359,A
4-HA,652,1374,1,1,0,1376,A
4-HA,653,0,1389,0,0,1389,T
4-HA,654,4,0,0,1385,1389,C
4-HA,655,1379,0,0,0,1379,A
4-HA,656,0,1,0,1380,1381,C
4-HA,657,1380,0,1,0,1381,A
4-HA,658,0,0,1402,0,1402,G
4-HA,659,0,1372,0,1,1373,T
4-HA,660,3,1,0,1388,1392,C
4-HA,661,0,1374,0,0,1374,T
4-HA,662,0,1,0,1407,1408,C
4-HA,663,1,1406,0,0,1407,T
4-HA,664,1415,0,0,0,1415,A
4-HA,665,0,0,0,1415,1415,C
4-HA,666,3,1,0,1416,1420,C
4-HA,667,1400,0,2,0,1402,A
4-HA,668,1405,0,0,1,1406,A
4-HA,669,1395,0,0,0,1395,A
4-HA,670,1396,2,0,1,1399,A
4-HA,671,1,2,1391,0,1394,G
4-HA,672,1366,0,1,0,1367,A
4-HA,673,1366,0,1,0,1367,A
4-HA,674,0,0,1354,0,1354,G
4-HA,675,0,1,0,1347,1348,C
4-HA,676,1,0,1,1365,1367,C
4-HA,677,1367,0,0,0,1367,A
4-HA,678,1366,0,0,0,1366,A
4-HA,679,0,0,0,1370,1370,C
4-HA,680,1374,0,0,0,1374,A
4-HA,681,1375,0,0,0,1375,A
4-HA,682,1370,0,0,0,1370,A
4-HA,683,1,0,0,1405,1406,C
4-HA,684,0,1397,1,0,1398,T
4-HA,685,0,0,1404,0,1404,G
4-HA,686,0,1400,0,0,1400,T
4-HA,687,1405,0,0,0,1405,A
4-HA,688,1405,0,7,0,1412,A
4-HA,689,0,1391,0,0,1391,T
4-HA,690,1,0,0,1413,1414,C
4-HA,691,0,1,0,1406,1407,C
4-HA,692,0,0,0,1377,1377,C
4-HA,693,0,2,1382,0,1384,G
4-HA,694,1376,0,0,0,1376,A
4-HA,695,1378,0,1,0,1379,A
4-HA,696,0,1382,1,0,1383,T
4-HA,697,1390,0,0,0,1390,A
4-HA,698,0,1373,0,0,1373,T
4-HA,699,0,1,0,1382,1383,C
4-HA,700,2,3,1371,0,1376,G
4-HA,701,0,3,1408,0,1411,G
4-HA,702,1412,0,0,0,1412,A
4-HA,703,1,1419,0,0,1420,T
4-HA,704,4,0,0,1426,1430,C
4-HA,705,0,1425,0,1,1426,T
4-HA,706,1426,0,0,0,1426,A
4-HA,707,0,2,1430,0,1432,G
4-HA,708,1427,0,3,0,1430,A
4-HA,709,0,0,0,1432,1432,C
4-HA,710,0,0,0,1396,1396,C
4-HA,711,2,0,0,1404,1406,C
4-HA,712,1396,0,0,0,1396,A
4-HA,713,0,0,1464,0,1464,G
4-HA,714,1469,0,0,1,1470,A
4-HA,715,0,1,1485,0,1486,G
4-HA,716,0,1470,0,0,1470,T
4-HA,717,1463,0,0,0,1463,A
4-HA,718,1463,0,1,0,1464,A
4-HA,719,0,3,1479,0,1482,G
4-HA,720,0,1,1483,0,1484,G
4-HA,721,1464,0,0,0,1464,A
4-HA,722,1381,0,1,0,1382,A
4-HA,723,0,1367,0,0,1367,T
4-HA,724,1377,0,0,0,1377,A
4-HA,725,0,1370,0,0,1370,T
4-HA,726,2,0,0,1378,1380,C
4-HA,727,4,0,0,1375,1379,C
4-HA,728,2,0,0,1356,1358,C
4-HA,729,0,1359,0,0,1359,T
4-HA,730,1364,0,0,0,1364,A
4-HA,731,1,0,1367,0,1368,G
4-HA,732,2,1,0,1367,1370,C
4-HA,733,1331,0,0,0,1331,A
4-HA,734,0,3,1357,0,1360,G
4-HA,735,1338,0,0,0,1338,A
4-HA,736,1340,0,0,0,1340,A
4-HA,737,1,1343,0,0,1344,T
4-HA,738,1344,0,0,0,1344,A
4-HA,739,1341,0,1,0,1342,A
4-HA,740,0,0,1341,0,1341,G
4-HA,741,0,0,0,1349,1349,C
4-HA,742,1356,0,0,0,1356,A
4-HA,743,0,1317,0,1,1318,T
4-HA,744,3,0,0,1384,1387,C
4-HA,745,1,1388,0,0,1389,T
4-HA,746,1390,0,0,1,1391,A
4-HA,747,1,1387,0,0,1388,T
4-HA,748,0,1373,0,1,1374,T
4-HA,749,0,6,1380,0,1386,G
4-HA,750,2,1,1384,0,1387,G
4-HA,751,1380,0,0,0,1380,A
4-HA,752,0,0,0,1380,1380,C
4-HA,753,1281,0,0,0,1281,A
4-HA,754,1305,0,0,0,1305,A
4-HA,755,0,1375,0,0,1375,T
4-HA,756,1387,0,1,0,1388,A
4-HA,757,0,2,1398,0,1400,G
4-HA,758,0,1385,0,1,1386,T
4-HA,759,1387,0,1,0,1388,A
4-HA,760,1397,0,0,0,1397,A
4-HA,761,1430,1,1,0,1432,A
4-HA,762,1441,0,0,0,1441,A
4-HA,763,0,0,0,1462,1462,C
4-HA,764,0,1,0,1413,1414,C
4-HA,765,2,5,1403,0,1410,G
4-HA,766,1,5,1424,0,1430,G
4-HA,767,0,2,1440,0,1442,G
4-HA,768,1448,0,0,0,1448,A
4-HA,769,0,2,1460,0,1462,G
4-HA,770,1491,0,1,0,1492,A
4-HA,771,0,0,0,1495,1495,C
4-HA,772,1494,0,2,1,1497,A
4-HA,773,0,1498,0,0,1498,T
4-HA,774,1497,0,0,0,1497,A
4-HA,775,1,0,0,1543,1544,C
4-HA,776,0,1524,0,0,1524,T
4-HA,777,1,1546,1,0,1548,T
4-HA,778,0,1552,1,0,1553,T
4-HA,779,0,1552,0,0,1552,T
4-HA,780,1,3,1563,0,1567,G
4-HA,781,1575,0,0,0,1575,A
4-HA,782,1,1573,0,0,1574,T
4-HA,783,0,1637,0,1,1638,T
4-HA,784,1635,0,0,0,1635,A
4-HA,785,1655,0,1,1,1657,A
4-HA,786,0,2,0,1689,1691,C
4-HA,787,1688,0,0,0,1688,A
4-HA,788,5,0,1759,0,1764,G
4-HA,789,0,0,0,1762,1762,C
4-HA,790,1748,1,0,1,1750,A
4-HA,791,0,3,0,1780,1783,C
4-HA,792,1760,0,2,0,1762,A
4-HA,793,0,1,1790,0,1791,G
4-HA,794,0,4,1778,0,1782,G
4-HA,795,0,6,1843,0,1849,G
4-HA,796,1837,0,1,0,1838,A
4-HA,797,1856,0,1,0,1857,A
4-HA,798,0,1859,0,0,1859,T
4-HA,799,3,0,0,1857,1860,C
4-HA,800,0,1881,0,0,1881,T
4-HA,801,1886,0,0,0,1886,A
4-HA,802,1879,0,0,0,1879,A
4-HA,803,0,1873,0,0,1873,T
4-HA,804,0,1841,0,0,1841,T
4-HA,805,0,1,1870,0,1871,G
4-HA,806,1,0,0,1953,1954,C
4-HA,807,0,2019,0,0,2019,T
4-HA,808,3,0,0,2097,2100,C
4-HA,809,3,0,0,2105,2108,C
4-HA,810,0,2105,0,0,2105,T
4-HA,811,2108,0,0,0,2108,A
4-HA,812,0,2,2117,0,2119,G
4-HA,813,2,4,2144,0,2150,G
4-HA,814,0,6,2142,0,2148,G
4-HA,815,0,0,2127,0,2127,G
4-HA,816,0,2102,0,0,2102,T
4-HA,817,0,2091,0,0,2091,T
4-HA,818,2090,0,1,0,2091,A
4-HA,819,0,0,0,2130,2130,C
4-HA,820,0,2127,0,2,2129,T
4-HA,821,1,2148,0,1,2150,T
4-HA,822,1,0,0,2139,2140,C
4-HA,823,2142,0,0,0,2142,A
4-HA,824,2145,0,0,0,2145,A
4-HA,825,2150,0,0,0,2150,A
4-HA,826,2175,0,0,0,2175,A
4-HA,827,0,2173,0,2,2175,T
4-HA,828,2168,0,1,0,2169,A
4-HA,829,0,2,0,2172,2174,C
4-HA,830,1,4,2165,0,2170,G
4-HA,831,2164,0,1,0,2165,A
4-HA,832,2168,0,0,1,2169,A
4-HA,833,0,0,2209,0,2209,G
4-HA,834,0,2182,0,3,2185,T
4-HA,835,0,3,2223,0,2226,G
4-HA,836,2,7,2217,0,2226,G
4-HA,837,0,6,2233,0,2239,G
4-HA,838,2238,0,0,0,2238,A
4-HA,839,2237,0,0,0,2237,A
4-HA,840,2246,0,1,0,2247,A
4-HA,841,2235,0,1,0,2236,A
4-HA,842,0,0,2279,0,2279,G
4-HA,843,1,0,0,2278,2279,C
4-HA,844,0,2262,0,0,2262,T
4-HA,845,3,1,0,2313,2317,C
4-HA,846,2321,0,1,0,2322,A
4-HA,847,2347,0,0,0,2347,A
4-HA,848,0,2350,0,0,2350,T
4-HA,849,2375,0,0,0,2375,A
4-HA,850,2372,0,0,0,2372,A
4-HA,851,0,2348,0,0,2348,T
4-HA,852,0,5,2349,0,2354,G
4-HA,853,2349,0,1,0,2350,A
4-HA,854,1,5,2417,0,2423,G
4-HA,855,2416,0,0,0,2416,A
4-HA,856,0,2396,0,2,2398,T
4-HA,857,3,0,0,2452,2455,C
4-HA,858,2449,0,1,0,2450,A
4-HA,859,0,3,2506,0,2509,G
4-HA,860,2513,0,0,0,2513,A
4-HA,861,0,2507,0,1,2508,T
4-HA,862,0,1,2501,0,2502,G
4-HA,863,0,0,0,2470,2470,C
4-HA,864,2459,0,3,0,2462,A
4-HA,865,0,0,0,2534,2534,C
4-HA,866,2,0,1,2503,2506,C
4-HA,867,7,1,0,2511,2519,C
4-HA,868,2484,0,0,0,2484,A
4-HA,869,0,2479,0,1,2480,T
4-HA,870,0,2477,0,2,2479,T
4-HA,871,0,1,2512,0,2513,G
4-HA,872,0,0,2493,0,2493,G
4-HA,873,16,3,0,2489,2508,C
4-HA,874,2480,0,0,0,2480,A
4-HA,875,2479,0,0,0,2479,A
4-HA,876,2519,0,0,0,2519,A
4-HA,877,0,2525,0,1,2526,T
4-HA,878,0,1,2523,0,2524,G
4-HA,879,0,0,0,2526,2526,C
4-HA,880,2510,0,0,0,2510,A
4-HA,881,2594,0,0,0,2594,A
4-HA,882,0,2588,0,1,2589,T
4-HA,883,0,2609,0,0,2609,T
4-HA,884,7,0,1,2617,2625,C
4-HA,885,0,2576,0,2,2578,T
4-HA,886,0,0,2630,1,2631,G
4-HA,887,2627,0,0,0,2627,A
4-HA,888,2646,0,0,0,2646,A
4-HA,889,0,2639,0,0,2639,T
4-HA,890,0,0,2617,0,2617,G
4-HA,891,0,0,0,2645,2645,C
4-HA,892,2639,0,1,0,2640,A
4-HA,893,1,2645,0,1,2647,T
4-HA,894,3,0,0,2635,2638,C
4-HA,895,2633,0,0,0,2633,A
4-HA,896,0,0,0,2742,2742,C
4-HA,897,0,2721,0,2,2723,T
4-HA,898,6,0,0,2738,2744,C
4-HA,899,3,1,1,2732,2737,C
4-HA,900,2768,0,0,0,2768,A
4-HA,901,2761,0,0,0,2761,A
4-HA,902,2764,0,2,0,2766,A
4-HA,903,0,2695,0,0,2695,T
4-HA,904,0,5,2709,0,2714,G
4-HA,905,15,1,2700,0,2716,G
4-HA,906,2716,0,1,0,2717,A
4-HA,907,2722,0,2,0,2724,A
4-HA,908,0,1,2724,0,2725,G
4-HA,909,3,1,0,2688,2692,C
4-HA,910,2686,0,0,0,2686,A
4-HA,911,0,2700,0,0,2700,T
4-HA,912,0,2686,0,1,2687,T
4-HA,913,3,1,0,2765,2769,C
4-HA,914,4,0,0,2765,2769,C
4-HA,915,4,0,1,2765,2770,C
4-HA,916,2772,0,0,0,2772,A
4-HA,917,2813,0,1,0,2814,A
4-HA,918,0,2861,0,0,2861,T
4-HA,919,0,9,2856,0,2865,G
4-HA,920,2851,0,2,0,2853,A
4-HA,921,1,0,0,2864,2865,C
4-HA,922,2803,0,1,0,2804,A
4-HA,923,2810,0,0,0,2810,A
4-HA,924,2786,0,1,0,2787,A
4-HA,925,0,0,0,2811,2811,C
4-HA,926,6,0,0,2772,2778,C
4-HA,927,2745,0,0,0,2745,A
4-HA,928,0,2750,0,0,2750,T
4-HA,929,1,2731,0,0,2732,T
4-HA,930,3,0,0,2746,2749,C
4-HA,931,2,0,1,2757,2760,C
4-HA,932,2760,0,0,0,2760,A
4-HA,933,2761,0,1,0,2762,A
4-HA,934,2759,0,0,0,2759,A
4-HA,935,2797,0,0,0,2797,A
4-HA,936,1,2786,0,1,2788,T
4-HA,937,14,1,2786,0,2801,G
4-HA,938,0,2799,0,0,2799,T
4-HA,939,2817,1,0,0,2818,A
4-HA,940,2814,0,1,0,2815,A
4-HA,941,2800,0,2,0,2802,A
4-HA,942,0,0,0,2822,2822,C
4-HA,943,2785,1,0,0,2786,A
4-HA,944,0,6,2801,0,2807,G
4-HA,945,0,5,2803,0,2808,G
4-HA,946,2876,0,1,0,2877,A
4-HA,947,0,2869,0,1,2870,T
4-HA,948,13,0,1,2898,2912,C
4-HA,949,2921,0,3,0,2924,A
4-HA,950,4,1,0,3027,3032,C
4-HA,951,3040,0,0,0,3040,A
4-HA,952,1,3143,0,0,3144,T
4-HA,953,3063,1,1,0,3065,A
4-HA,954,1,4,0,3048,3053,C
4-HA,955,2,3,2969,0,2974,G
4-HA,956,1,3,2923,0,2927,G
4-HA,957,0,1,2908,0,2909,G
4-HA,958,0,2,2907,0,2909,G
4-HA,959,1,1,0,2864,2866,C
4-HA,960,6,0,0,2875,2881,C
4-HA,961,1,2825,1,2,2829,T
4-HA,962,0,0,3098,0,3098,G
4-HA,963,0,3110,1,2,3113,T
4-HA,964,7,0,0,3118,3125,C
4-HA,965,5,2,0,3125,3132,C
4-HA,966,3,0,0,3137,3140,C
4-HA,967,3125,1,9,7,3142,A
4-HA,968,1,3,3159,1,3164,G
4-HA,969,3155,0,1,0,3156,A
4-HA,970,0,3148,0,0,3148,T
4-HA,971,2926,0,0,0,2926,A
4-HA,972,0,2871,1,7,2879,T
4-HA,973,0,0,2905,0,2905,G
4-HA,974,1,2891,0,1,2893,T
4-HA,975,1,2875,0,0,2876,T
4-HA,976,2901,0,1,0,2902,A
4-HA,977,2860,0,1,0,2861,A
4-HA,978,0,1,2891,0,2892,G
4-HA,979,0,0,0,2883,2883,C
4-HA,980,2850,0,0,0,2850,A
4-HA,981,2843,0,0,0,2843,A
4-HA,982,2812,0,1,0,2813,A
4-HA,983,2813,0,1,1,2815,A
4-HA,984,0,0,0,2814,2814,C
4-HA,985,2779,0,0,0,2779,A
4-HA,986,0,0,0,2809,2809,C
4-HA,987,0,2789,0,1,2790,T
4-HA,988,4,0,0,2809,2813,C
4-HA,989,0,2810,1,0,2811,T
4-HA,990,1,5,2832,0,2838,G
4-HA,991,2828,1,0,0,2829,A
4-HA,992,2831,0,0,0,2831,A
4-HA,993,2825,0,0,0,2825,A
4-HA,994,0,2820,0,0,2820,T
4-HA,995,0,2811,0,0,2811,T
4-HA,996,2,7,2819,0,2828,G
4-HA,997,2,0,2820,1,2823,G
4-HA,998,3,0,0,2837,2840,C
4-HA,999,2831,0,1,0,2832,A
4-HA,1000,2832,1,0,0,2833,A
4-HA,1001,1,0,0,2840,2841,C
4-HA,1002,2824,0,0,0,2824,A
4-HA,1003,0,1,2853,1,2855,G
4-HA,1004,0,4,2838,0,2842,G
4-HA,1005,12,6,2834,0,2852,G
4-HA,1006,2854,0,3,1,2858,A
4-HA,1007,0,2842,0,0,2842,T
4-HA,1008,0,1,2854,0,2855,G
4-HA,1009,1,1,0,2848,2850,C
4-HA,1010,37,9,2834,0,2880,G
4-HA,1011,2899,0,0,0,2899,A
4-HA,1012,2868,1,0,0,2869,A
4-HA,1013,2899,0,0,0,2899,A
4-HA,1014,0,2878,1,0,2879,T
4-HA,1015,0,1,2921,0,2922,G
4-HA,1016,0,2904,0,0,2904,T
4-HA,1017,2901,0,0,0,2901,A
4-HA,1018,2,1,0,2907,2910,C
4-HA,1019,6,0,0,2891,2897,C
4-HA,1020,2850,1,0,0,2851,A
4-HA,1021,0,5,2841,0,2846,G
4-HA,1022,2786,0,0,0,2786,A
4-HA,1023,0,5,2815,0,2820,G
4-HA,1024,2796,0,2,0,2798,A
4-HA,1025,2784,0,0,0,2784,A
4-HA,1026,2792,0,1,1,2794,A
4-HA,1027,0,0,0,2804,2804,C
4-HA,1028,2792,0,1,0,2793,A
4-HA,1029,2854,0,0,0,2854,A
4-HA,1030,2834,0,1,0,2835,A
4-HA,1031,0,0,0,2873,2873,C
4-HA,1032,0,2848,0,0,2848,T
4-HA,1033,2835,0,0,0,2835,A
4-HA,1034,0,4,2840,0,2844,G
4-HA,1035,2823,0,2,0,2825,A
4-HA,1036,0,2,2878,0,2880,G
4-HA,1037,0,2,2864,0,2866,G
4-HA,1038,2,0,0,2829,2831,C
4-HA,1039,2851,0,1,0,2852,A
4-HA,1040,0,2854,0,0,2854,T
4-HA,1041,2893,0,0,0,2893,A
4-HA,1042,0,2883,0,0,2883,T
4-HA,1043,0,2884,0,0,2884,T
4-HA,1044,0,2879,0,0,2879,T
4-HA,1045,0,4,2829,0,2833,G
4-HA,1046,0,1,2829,0,2830,G
4-HA,1047,1,1,0,2821,2823,C
4-HA,1048,1,1,2832,0,2834,G
4-HA,1049,2,0,0,2813,2815,C
4-HA,1050,2784,0,0,0,2784,A
4-HA,1051,2815,0,0,0,2815,A
4-HA,1052,0,2787,0,23,2810,T
4-HA,1053,2,2,0,2818,2822,C
4-HA,1054,1,3,2823,0,2827,G
4-HA,1055,1,3,0,2800,2804,C
4-HA,1056,1,7,2817,0,2825,G
4-HA,1057,0,4,2831,0,2835,G
4-HA,1058,0,0,2858,0,2858,G
4-HA,1059,0,2829,0,0,2829,T
4-HA,1060,0,2818,0,0,2818,T
4-HA,1061,0,2828,0,1,2829,T
4-HA,1062,7,1,0,2818,2826,C
4-HA,1063,2835,0,1,0,2836,A
4-HA,1064,0,2833,0,3,2836,T
4-HA,1065,2842,0,0,0,2842,A
4-HA,1066,0,1,2866,0,2867,G
4-HA,1067,2808,0,2,0,2810,A
4-HA,1068,2835,0,1,0,2836,A
4-HA,1069,2818,0,0,0,2818,A
4-HA,1070,2837,0,0,0,2837,A
4-HA,1071,0,2826,0,1,2827,T
4-HA,1072,0,2,2850,0,2852,G
4-HA,1073,0,0,2873,0,2873,G
4-HA,1074,0,2830,0,0,2830,T
4-HA,1075,1,2821,0,1,2823,T
4-HA,1076,2,9,2806,0,2817,G
4-HA,1077,0,4,2849,0,2853,G
4-HA,1078,0,4,2860,0,2864,G
4-HA,1079,2834,0,4,0,2838,A
4-HA,1080,0,5,2862,0,2867,G
4-HA,1081,0,1,2847,0,2848,G
4-HA,1082,1,7,2890,1,2899,G
4-HA,1083,2883,0,2,0,2885,A
4-HA,1084,2908,0,1,0,2909,A
4-HA,1085,0,2907,0,0,2907,T
4-HA,1086,0,4,2923,1,2928,G
4-HA,1087,0,0,3003,0,3003,G
4-HA,1088,0,2945,0,1,2946,T
4-HA,1089,1,5,2960,0,2966,G
4-HA,1090,1,1,2954,0,2956,G
4-HA,1091,2894,0,0,0,2894,A
4-HA,1092,0,2918,0,0,2918,T
4-HA,1093,1,7,2944,0,2952,G
4-HA,1094,0,0,2984,0,2984,G
4-HA,1095,0,2924,0,0,2924,T
4-HA,1096,0,2856,0,1,2857,T
4-HA,1097,1,6,2848,0,2855,G
4-HA,1098,1,1,2903,0,2905,G
4-HA,1099,0,2873,0,1,2874,T
4-HA,1100,2896,0,0,0,2896,A
4-HA,1101,0,2,0,2783,2785,C
4-HA,1102,0,5,2812,0,2817,G
4-HA,1103,0,0,2906,0,2906,G
4-HA,1104,0,2897,0,1,2898,T
4-HA,1105,0,2907,0,0,2907,T
4-HA,1106,0,2896,0,0,2896,T
4-HA,1107,3,0,0,2866,2869,C
4-HA,1108,2862,1,4,1,2868,A
4-HA,1109,0,4,2858,0,2862,G
4-HA,1110,0,1,2858,1,2860,G
4-HA,1111,2,2,0,2852,2856,C
4-HA,1112,2772,0,0,0,2772,A
4-HA,1113,0,2784,0,1,2785,T
4-HA,1114,6,1,0,2805,2812,C
4-HA,1115,2823,0,1,0,2824,A
4-HA,1116,2814,0,0,0,2814,A
4-HA,1117,2820,0,0,0,2820,A
4-HA,1118,2835,0,0,0,2835,A
4-HA,1119,0,2826,0,0,2826,T
4-HA,1120,0,2792,0,42,2834,T
4-HA,1121,7,0,0,2826,2833,C
4-HA,1122,3,2827,0,0,2830,T
4-HA,1123,0,3,2828,0,2831,G
4-HA,1124,2813,0,4,0,2817,A
4-HA,1125,1,2,2825,0,2828,G
4-HA,1126,0,2,2832,0,2834,G
4-HA,1127,0,4,2863,0,2867,G
4-HA,1128,2858,0,0,0,2858,A
4-HA,1129,2860,0,1,0,2861,A
4-HA,1130,0,1,2838,0,2839,G
4-HA,1131,2870,1,2,0,2873,A
4-HA,1132,0,1,2900,0,2901,G
4-HA,1133,0,3,2900,0,2903,G
4-HA,1134,2896,1,2,0,2899,A
4-HA,1135,0,0,0,2907,2907,C
4-HA,1136,2893,0,0,0,2893,A
4-HA,1137,2880,0,3,1,2884,A
4-HA,1138,0,2,2892,0,2894,G
4-HA,1139,0,3,0,2894,2897,C
4-HA,1140,2879,0,0,1,2880,A
4-HA,1141,0,1,2880,0,2881,G
4-HA,1142,0,0,0,2887,2887,C
4-HA,1143,2886,1,0,0,2887,A
4-HA,1144,1,4,2912,0,2917,G
4-HA,1145,2886,0,0,0,2886,A
4-HA,1146,0,2964,0,0,2964,T
4-HA,1147,5,0,0,2983,2988,C
4-HA,1148,1,2971,0,1,2973,T
4-HA,1149,5,0,0,3013,3018,C
4-HA,1150,3006,0,0,0,3006,A
4-HA,1151,3004,0,0,0,3004,A
4-HA,1152,3003,0,1,0,3004,A
4-HA,1153,2960,0,1,0,2961,A
4-HA,1154,0,3,2952,0,2955,G
4-HA,1155,0,0,0,2908,2908,C
4-HA,1156,2891,0,1,0,2892,A
4-HA,1157,1,1,0,2943,2945,C
4-HA,1158,0,2923,0,2,2925,T
4-HA,1159,9,1,1,2936,2947,C
4-HA,1160,2952,0,1,1,2954,A
4-HA,1161,3011,0,3,0,3014,A
4-HA,1162,1,3,3015,0,3019,G
4-HA,1163,0,2,0,3018,3020,C
4-HA,1164,2989,0,0,0,2989,A
4-HA,1165,0,2,2982,0,2984,G
4-HA,1166,0,2,0,2941,2943,C
4-HA,1167,2950,0,2,0,2952,A
4-HA,1168,2943,0,0,0,2943,A
4-HA,1169,0,2913,0,0,2913,T
4-HA,1170,7,3,0,2846,2856,C
4-HA,1171,0,8,2846,0,2854,G
4-HA,1172,2844,0,0,0,2844,A
4-HA,1173,0,2821,0,2,2823,T
4-HA,1174,13,1,0,2824,2838,C
4-HA,1175,2828,0,0,0,2828,A
4-HA,1176,2868,0,0,0,2868,A
4-HA,1177,2870,0,0,0,2870,A
4-HA,1178,0,2848,0,0,2848,T
4-HA,1179,14,0,0,2856,2870,C
4-HA,1180,2830,0,1,0,2831,A
4-HA,1181,2845,0,3,0,2848,A
4-HA,1182,1,2853,0,1,2855,T
4-HA,1183,0,2,2856,0,2858,G
4-HA,1184,0,1,2853,0,2854,G
4-HA,1185,0,4,2820,0,2824,G
4-HA,1186,2828,0,0,0,2828,A
4-HA,1187,2827,0,2,0,2829,A
4-HA,1188,0,1,2875,0,2876,G
4-HA,1189,1,0,0,2863,2864,C
4-HA,1190,0,2856,1,4,2861,T
4-HA,1191,0,7,2968,0,2975,G
4-HA,1192,2974,0,2,0,2976,A
4-HA,1193,2971,0,0,0,2971,A
4-HA,1194,0,2975,0,0,2975,T
4-HA,1195,2909,0,0,0,2909,A
4-HA,1196,0,3,2912,0,2915,G
4-HA,1197,2743,0,0,1,2744,A
4-HA,1198,0,2749,0,0,2749,T
4-HA,1199,0,2764,0,0,2764,T
4-HA,1200,27,7,2735,0,2769,G
4-HA,1201,2779,0,0,0,2779,A
4-HA,1202,1,2754,0,0,2755,T
4-HA,1203,7,1,0,2765,2773,C
4-HA,1204,2,1,2758,0,2761,G
4-HA,1205,0,5,2737,0,2742,G
4-HA,1206,36,3,2723,0,2762,G
4-HA,1207,2753,0,0,0,2753,A
4-HA,1208,2759,0,0,0,2759,A
4-HA,1209,2734,0,3,1,2738,A
4-HA,1210,2725,1,1,0,2727,A
4-HA,1211,0,0,1,2741,2742,C
4-HA,1212,3,1,0,2739,2743,C
4-HA,1213,2734,0,0,0,2734,A
4-HA,1214,2731,1,0,0,2732,A
4-HA,1215,3,1,0,2732,2736,C
4-HA,1216,0,8,2740,0,2748,G
4-HA,1217,2741,0,0,0,2741,A
4-HA,1218,0,5,2732,0,2737,G
4-HA,1219,2737,0,0,0,2737,A
4-HA,1220,2738,0,0,0,2738,A
4-HA,1221,2727,0,2,0,2729,A
4-HA,1222,0,2724,0,0,2724,T
4-HA,1223,0,2718,0,4,2722,T
4-HA,1224,9,0,0,2716,2725,C
4-HA,1225,3,1,0,2738,2742,C
4-HA,1226,2732,0,0,0,2732,A
4-HA,1227,0,2721,0,1,2722,T
4-HA,1228,2,0,0,2731,2733,C
4-HA,1229,2712,0,2,0,2714,A
4-HA,1230,0,2,2741,0,2743,G
4-HA,1231,2715,0,0,0,2715,A
4-HA,1232,0,2718,0,0,2718,T
4-HA,1233,0,2709,0,0,2709,T
4-HA,1234,0,6,2713,0,2719,G
4-HA,1235,2722,0,0,0,2722,A
4-HA,1236,2727,0,0,0,2727,A
4-HA,1237,2727,0,1,0,2728,A
4-HA,1238,2727,0,0,0,2727,A
4-HA,1239,2700,0,1,0,2701,A
4-HA,1240,0,6,2692,0,2698,G
4-HA,1241,2684,0,1,0,2685,A
4-HA,1242,2696,0,0,0,2696,A
4-HA,1243,0,2637,0,1,2638,T
4-HA,1244,1,2633,0,0,2634,T
4-HA,1245,9,0,0,2650,2659,C
4-HA,1246,0,2657,0,0,2657,T
4-HA,1247,3,0,0,2649,2652,C
4-HA,1248,2651,0,3,0,2654,A
4-HA,1249,0,3,2652,0,2655,G
4-HA,1250,2644,0,2,0,2646,A
4-HA,1251,2631,1,1,0,2633,A
4-HA,1252,0,1,2672,0,2673,G
4-HA,1253,0,2616,0,0,2616,T
4-HA,1254,4,1,0,2638,2643,C
4-HA,1255,0,0,2644,0,2644,G
4-HA,1256,2634,0,3,0,2637,A
4-HA,1257,2653,0,3,0,2656,A
4-HA,1258,0,7,2641,0,2648,G
4-HA,1259,0,5,2662,0,2667,G
4-HA,1260,1,4,2665,0,2670,G
4-HA,1261,2611,0,3,0,2614,A
4-HA,1262,0,4,2618,0,2622,G
4-HA,1263,2616,0,0,0,2616,A
4-HA,1264,2732,0,0,0,2732,A
4-HA,1265,0,2730,0,1,2731,T
4-HA,1266,0,2724,0,0,2724,T
4-HA,1267,4,0,0,2725,2729,C
4-HA,1268,2673,1,2,0,2676,A
4-HA,1269,0,1,2688,0,2689,G
4-HA,1270,0,4,2691,1,2696,G
4-HA,1271,2677,1,2,0,2680,A
4-HA,1272,2,1,0,2684,2687,C
4-HA,1273,2,0,0,2506,2508,C
4-HA,1274,0,2483,0,1,2484,T
4-HA,1275,1,2437,0,59,2497,T
4-HA,1276,0,4,2506,0,2510,G
4-HA,1277,2508,0,0,0,2508,A
4-HA,1278,0,3,2541,0,2544,G
4-HA,1279,2527,0,0,1,2528,A
4-HA,1280,2372,1,0,0,2373,A
4-HA,1281,2359,0,0,0,2359,A
4-HA,1282,0,2332,0,0,2332,T
4-HA,1283,2397,0,2,0,2399,A
4-HA,1284,0,2383,0,0,2383,T
4-HA,1285,0,1,2411,0,2412,G
4-HA,1286,0,2407,0,0,2407,T
4-HA,1287,0,2348,0,0,2348,T
4-HA,1288,0,2,2360,0,2362,G
4-HA,1289,2314,0,2,1,2317,A
4-HA,1290,1,2,2366,0,2369,G
4-HA,1291,0,2,2362,0,2364,G
4-HA,1292,2337,0,2,0,2339,A
4-HA,1293,2,1,0,2412,2415,C
4-HA,1294,2370,0,0,0,2370,A
4-HA,1295,0,0,0,2370,2370,C
4-HA,1296,0,2359,0,1,2360,T
4-HA,1297,2455,1,0,0,2456,A
4-HA,1298,2479,0,0,0,2479,A
4-HA,1299,2490,0,0,0,2490,A
4-HA,1300,2500,0,0,0,2500,A
4-HA,1301,1,2499,0,0,2500,T
4-HA,1302,2396,0,0,0,2396,A
4-HA,1303,0,5,2397,0,2402,G
4-HA,1304,2355,0,3,0,2358,A
4-HA,1305,0,2363,0,1,2364,T
4-HA,1306,0,0,0,2364,2364,C
4-HA,1307,0,2325,0,1,2326,T
4-HA,1308,3,0,0,2393,2396,C
4-HA,1309,0,2392,0,0,2392,T
4-HA,1310,0,2,2450,0,2452,G
4-HA,1311,0,2,2504,0,2506,G
4-HA,1312,0,2479,0,2,2481,T
4-HA,1313,8,2,0,2488,2498,C
4-HA,1314,2512,0,0,0,2512,A
4-HA,1315,0,2516,0,0,2516,T
4-HA,1316,2518,0,0,0,2518,A
4-HA,1317,0,0,0,2513,2513,C
4-HA,1318,2435,0,1,0,2436,A
4-HA,1319,2440,1,10,0,2451,A
4-HA,1320,1,9,0,2364,2374,C
4-HA,1321,0,2,2355,0,2357,G
4-HA,1322,0,1,0,2366,2367,C
4-HA,1323,0,3,2356,0,2359,G
4-HA,1324,0,3,2354,0,2357,G
4-HA,1325,2345,0,1,0,2346,A
4-HA,1326,0,1,2389,0,2390,G
4-HA,1327,0,0,0,2382,2382,C
4-HA,1328,0,2375,1,2,2378,T
4-HA,1329,0,2379,1,2,2382,T
4-HA,1330,3,0,1,2391,2395,C
4-HA,1331,0,2408,0,0,2408,T
4-HA,1332,2,2410,0,0,2412,T
4-HA,1333,0,0,2410,0,2410,G
4-HA,1334,0,2384,0,2,2386,T
4-HA,1335,0,2360,0,0,2360,T
4-HA,1336,0,0,2400,0,2400,G
4-HA,1337,1,0,0,2402,2403,C
4-HA,1338,4,0,0,2391,2395,C
4-HA,1339,5,0,0,2398,2403,C
4-HA,1340,0,2389,0,2,2391,T
4-HA,1341,1,0,2440,0,2441,G
4-HA,1342,0,0,2432,0,2432,G
4-HA,1343,2433,0,0,0,2433,A
4-HA,1344,0,6,2448,0,2454,G
4-HA,1345,2408,0,2,0,2410,A
4-HA,1346,2412,0,0,0,2412,A
4-HA,1347,3,1,0,2434,2438,C
4-HA,1348,1,1,0,2437,2439,C
4-HA,1349,2446,1,0,0,2447,A
4-HA,1350,2553,0,0,0,2553,A
4-HA,1351,2,0,0,2569,2571,C
4-HA,1352,2582,0,0,0,2582,A
4-HA,1353,1,2571,0,1,2573,T
4-HA,1354,2558,0,0,0,2558,A
4-HA,1355,0,1,0,2612,2613,C
4-HA,1356,2574,0,0,0,2574,A
4-HA,1357,2566,1,0,0,2567,A
4-HA,1358,1,2548,0,0,2549,T
4-HA,1359,1,2476,0,3,2480,T
4-HA,1360,0,11,2515,0,2526,G
4-HA,1361,2525,0,1,0,2526,A
4-HA,1362,1,2528,0,1,2530,T
4-HA,1363,3,1,0,2538,2542,C
4-HA,1364,1,2516,0,1,2518,T
4-HA,1365,2546,0,1,0,2547,A
4-HA,1366,2546,0,0,0,2546,A
4-HA,1367,0,0,0,2532,2532,C
4-HA,1368,0,2531,0,0,2531,T
4-HA,1369,0,12,2514,0,2526,G
4-HA,1370,2531,0,0,0,2531,A
4-HA,1371,0,1,0,2526,2527,C
4-HA,1372,1,2508,0,1,2510,T
4-HA,1373,7,0,1,2526,2534,C
4-HA,1374,2530,0,1,0,2531,A
4-HA,1375,1,5,2567,0,2573,G
4-HA,1376,2566,0,0,0,2566,A
4-HA,1377,2570,0,0,0,2570,A
4-HA,1378,2563,0,0,0,2563,A
4-HA,1379,0,2544,0,0,2544,T
4-HA,1380,0,15,2554,0,2569,G
4-HA,1381,2567,0,2,0,2569,A
4-HA,1382,2574,0,3,0,2577,A
4-HA,1383,2,1,0,2564,2567,C
4-HA,1384,2540,0,2,0,2542,A
4-HA,1385,2538,0,0,1,2539,A
4-HA,1386,2520,0,0,0,2520,A
4-HA,1387,1,0,0,2535,2536,C
4-HA,1388,0,2511,0,0,2511,T
4-HA,1389,2,2,2526,0,2530,G
4-HA,1390,0,2501,0,0,2501,T
4-HA,1391,1,2509,0,0,2510,T
4-HA,1392,0,2506,0,1,2507,T
4-HA,1393,0,7,2510,1,2518,G
4-HA,1394,2511,0,0,0,2511,A
4-HA,1395,2521,0,0,0,2521,A
4-HA,1396,2508,0,0,0,2508,A
4-HA,1397,2511,0,1,0,2512,A
4-HA,1398,2480,0,1,0,2481,A
4-HA,1399,2500,0,1,1,2502,A
4-HA,1400,1,0,0,2509,2510,C
4-HA,1401,2497,1,1,0,2499,A
4-HA,1402,2504,0,1,0,2505,A
4-HA,1403,2499,0,0,0,2499,A
4-HA,1404,0,3,2502,0,2505,G
4-HA,1405,2516,0,0,0,2516,A
4-HA,1406,2514,0,1,0,2515,A
4-HA,1407,0,2,2504,0,2506,G
4-HA,1408,0,0,0,2505,2505,C
4-HA,1409,2510,0,1,0,2511,A
4-HA,1410,2516,0,3,0,2519,A
4-HA,1411,2,0,0,2518,2520,C
4-HA,1412,0,2504,0,1,2505,T
4-HA,1413,0,2,2540,0,2542,G
4-HA,1414,2518,0,0,0,2518,A
4-HA,1415,0,6,2526,0,2532,G
4-HA,1416,0,3,2529,0,2532,G
4-HA,1417,0,5,2542,0,2547,G
4-HA,1418,2549,0,1,0,2550,A
4-HA,1419,2531,0,0,0,2531,A
4-HA,1420,2526,0,0,0,2526,A
4-HA,1421,2543,0,0,0,2543,A
4-HA,1422,0,2524,0,1,2525,T
4-HA,1423,0,1,2541,0,2542,G
4-HA,1424,1,0,0,2529,2530,C
4-HA,1425,0,2527,0,0,2527,T
4-HA,1426,0,4,2531,0,2535,G
4-HA,1427,2526,0,1,0,2527,A
4-HA,1428,1,4,2618,0,2623,G
4-HA,1429,2,2,2652,0,2656,G
4-HA,1430,2633,0,0,0,2633,A
4-HA,1431,0,2622,0,0,2622,T
4-HA,1432,2611,0,0,0,2611,A
4-HA,1433,0,2589,0,1,2590,T
4-HA,1434,1,7,2606,0,2614,G
4-HA,1435,1,2,2627,0,2630,G
4-HA,1436,4,0,2619,0,2623,G
4-HA,1437,1,0,0,2520,2521,C
4-HA,1438,2485,0,0,0,2485,A
4-HA,1439,2485,0,0,0,2485,A
4-HA,1440,0,2469,0,1,2470,T
4-HA,1441,0,4,2476,0,2480,G
4-HA,1442,0,0,2475,0,2475,G
4-HA,1443,0,2434,0,0,2434,T
4-HA,1444,0,2395,0,0,2395,T
4-HA,1445,0,0,2400,0,2400,G
4-HA,1446,0,2425,0,1,2426,T
4-HA,1447,0,2429,0,1,2430,T
4-HA,1448,0,2431,0,1,2432,T
4-HA,1449,5,0,0,2445,2450,C
4-HA,1450,2445,0,0,0,2445,A
4-HA,1451,2391,0,0,56,2447,A
4-HA,1452,2449,0,1,0,2450,A
4-HA,1453,2460,0,0,0,2460,A
4-HA,1454,0,2448,0,0,2448,T
4-HA,1455,2424,0,1,0,2425,A
4-HA,1456,0,2427,0,0,2427,T
4-HA,1457,2402,0,1,0,2403,A
4-HA,1458,1,0,0,2435,2436,C
4-HA,1459,3,2,0,2420,2425,C
4-HA,1460,2424,0,0,0,2424,A
4-HA,1461,0,0,0,2430,2430,C
4-HA,1462,2430,0,0,0,2430,A
4-HA,1463,2434,0,1,0,2435,A
4-HA,1464,2433,0,0,0,2433,A
4-HA,1465,0,2425,0,1,2426,T
4-HA,1466,0,0,2448,0,2448,G
4-HA,1467,1,2404,0,4,2409,T
4-HA,1468,1,8,2424,0,2433,G
4-HA,1469,2434,0,1,0,2435,A
4-HA,1470,0,0,0,2431,2431,C
4-HA,1471,2396,0,0,0,2396,A
4-HA,1472,2392,0,0,0,2392,A
4-HA,1473,0,2412,0,2,2414,T
4-HA,1474,0,1,2430,0,2431,G
4-HA,1475,1,1,0,2395,2397,C
4-HA,1476,1,1,0,2415,2417,C
4-HA,1477,0,2401,0,0,2401,T
4-HA,1478,0,1,2470,0,2471,G
4-HA,1479,2,0,0,2465,2467,C
4-HA,1480,2475,0,0,0,2475,A
4-HA,1481,0,2479,0,0,2479,T
4-HA,1482,2397,0,0,0,2397,A
4-HA,1483,2,0,2391,0,2393,G
4-HA,1484,0,0,2382,0,2382,G
4-HA,1485,2348,1,21,0,2370,A
4-HA,1486,1,2349,0,0,2350,T
4-HA,1487,5,0,0,2247,2252,C
4-HA,1488,2257,0,0,0,2257,A
4-HA,1489,2261,0,1,0,2262,A
4-HA,1490,0,2254,0,0,2254,T
4-HA,1491,8,0,0,2251,2259,C
4-HA,1492,2235,0,1,0,2236,A
4-HA,1493,0,5,2244,0,2249,G
4-HA,1494,2246,0,0,0,2246,A
4-HA,1495,2241,0,1,0,2242,A
4-HA,1496,2241,1,0,0,2242,A
4-HA,1497,0,2226,0,1,2227,T
4-HA,1498,0,0,2209,0,2209,G
4-HA,1499,0,9,2207,0,2216,G
4-HA,1500,2210,0,0,0,2210,A
4-HA,1501,2224,0,0,0,2224,A
4-HA,1502,0,0,0,2219,2219,C
4-HA,1503,0,2187,0,0,2187,T
4-HA,1504,0,2214,0,0,2214,T
4-HA,1505,2218,0,0,0,2218,A
4-HA,1506,0,2211,0,0,2211,T
4-HA,1507,0,11,2200,0,2211,G
4-HA,1508,2209,0,1,0,2210,A
4-HA,1509,0,0,0,2205,2205,C
4-HA,1510,7,0,0,2178,2185,C
4-HA,1511,2185,0,2,0,2187,A
4-HA,1512,0,0,0,2233,2233,C
4-HA,1513,0,4,2288,0,2292,G
4-HA,1514,2326,0,2,0,2328,A
4-HA,1515,0,2350,0,1,2351,T
4-HA,1516,0,1,2408,0,2409,G
4-HA,1517,0,2390,0,0,2390,T
4-HA,1518,2480,0,0,0,2480,A
4-HA,1519,0,2475,0,0,2475,T
4-HA,1520,2469,0,0,0,2469,A
4-HA,1521,0,0,0,2464,2464,C
4-HA,1522,2204,0,0,18,2222,A
4-HA,1523,0,5,2223,0,2228,G
4-HA,1524,2096,0,1,0,2097,A
4-HA,1525,0,1,2030,0,2031,G
4-HA,1526,2028,0,0,0,2028,A
4-HA,1527,0,1835,0,1,1836,T
4-HA,1528,0,1,1828,0,1829,G
4-HA,1529,1824,0,1,0,1825,A
4-HA,1530,1817,1,0,0,1818,A
4-HA,1531,0,2,1857,0,1859,G
4-HA,1532,1,0,0,1825,1826,C
4-HA,1533,1817,0,0,0,1817,A
4-HA,1534,0,1800,0,0,1800,T
4-HA,1535,0,1799,0,0,1799,T
4-HA,1536,1802,0,1,0,1803,A
4-HA,1537,1802,0,0,0,1802,A
4-HA,1538,1804,0,1,0,1805,A
4-HA,1539,1,0,0,1802,1803,C
4-HA,1540,1737,0,0,0,1737,A
4-HA,1541,1731,0,0,0,1731,A
4-HA,1542,1,0,0,1739,1740,C
4-HA,1543,2,1,0,1731,1734,C
4-HA,1544,1,3,1718,0,1722,G
4-HA,1545,0,1,1740,0,1741,G
4-HA,1546,0,1740,0,0,1740,T
4-HA,1547,0,1734,0,0,1734,T
4-HA,1548,0,1699,0,0,1699,T
4-HA,1549,1,0,0,1721,1722,C
4-HA,1550,1723,0,1,0,1724,A
4-HA,1551,2,6,1726,0,1734,G
4-HA,1552,1732,0,0,0,1732,A
4-HA,1553,0,1722,0,0,1722,T
4-HA,1554,6,0,0,1674,1680,C
4-HA,1555,1672,0,0,0,1672,A
4-HA,1556,1680,0,0,0,1680,A
4-HA,1557,0,2,1675,0,1677,G
4-HA,1558,0,1,1676,0,1677,G
4-HA,1559,0,4,1664,0,1668,G
4-HA,1560,1599,1,4,0,1604,A
4-HA,1561,0,0,1628,0,1628,G
4-HA,1562,0,1631,0,0,1631,T
4-HA,1563,0,1625,0,0,1625,T
4-HA,1564,0,0,1639,0,1639,G
4-HA,1565,1627,0,0,0,1627,A
4-HA,1566,0,0,1632,0,1632,G
4-HA,1567,0,1,0,1630,1631,C
4-HA,1568,0,1605,0,2,1607,T
4-HA,1569,0,0,1614,0,1614,G
4-HA,1570,1603,0,1,0,1604,A
4-HA,1571,1608,0,2,0,1610,A
4-HA,1572,0,0,1612,0,1612,G
4-HA,1573,1,1564,0,0,1565,T
4-HA,1574,9,0,0,1571,1580,C
4-HA,1575,1553,0,0,0,1553,A
4-HA,1576,0,3,1549,0,1552,G
4-HA,1577,0,2,1545,0,1547,G
4-HA,1578,0,0,1515,0,1515,G
4-HA,1579,1,1568,0,1,1570,T
4-HA,1580,1562,0,0,0,1562,A
4-HA,1581,1,0,0,1566,1567,C
4-HA,1582,1565,0,0,0,1565,A
4-HA,1583,1566,0,0,0,1566,A
4-HA,1584,1559,0,1,0,1560,A
4-HA,1585,0,4,1551,0,1555,G
4-HA,1586,1511,0,0,0,1511,A
4-HA,1587,0,1450,0,0,1450,T
4-HA,1588,1,1440,0,0,1441,T
4-HA,1589,1,3,1438,0,1442,G
4-HA,1590,0,2,1427,0,1429,G
4-HA,1591,1433,0,2,0,1435,A
4-HA,1592,0,1434,0,0,1434,T
4-HA,1593,3,0,0,1424,1427,C
4-HA,1594,1,0,0,1414,1415,C
4-HA,1595,0,1408,0,0,1408,T
4-HA,1596,1414,0,0,0,1414,A
4-HA,1597,0,1418,0,0,1418,T
4-HA,1598,1,4,1408,1,1414,G
4-HA,1599,0,3,1412,0,1415,G
4-HA,1600,1384,0,0,0,1384,A
4-HA,1601,0,1383,0,1,1384,T
4-HA,1602,0,1367,0,0,1367,T
4-HA,1603,0,1360,0,1,1361,T
4-HA,1604,1,0,0,1352,1353,C
4-HA,1605,4,0,0,1350,1354,C
4-HA,1606,0,1334,0,1,1335,T
4-HA,1607,0,1333,0,0,1333,T
4-HA,1608,0,1324,0,0,1324,T
4-HA,1609,0,0,1328,0,1328,G
4-HA,1610,0,0,0,1327,1327,C
4-HA,1611,6,1,0,1324,1331,C
4-HA,1612,1307,0,0,0,1307,A
4-HA,1613,0,1302,0,1,1303,T
4-HA,1614,1305,0,0,0,1305,A
4-HA,1615,0,1298,0,1,1299,T
4-HA,1616,6,0,0,1299,1305,C
4-HA,1617,1301,1,0,0,1302,A
4-HA,1618,0,1287,1,0,1288,T
4-HA,1619,0,0,1292,0,1292,G
4-HA,1620,0,1282,0,0,1282,T
4-HA,1621,0,1253,0,0,1253,T
4-HA,1622,0,1264,0,0,1264,T
4-HA,1623,0,1230,0,0,1230,T
4-HA,1624,1,1222,0,0,1223,T
4-HA,1625,0,1222,0,1,1223,T
4-HA,1626,16,1,1203,0,1220,G
4-HA,1627,1,1,0,1206,1208,C
4-HA,1628,0,1195,0,0,1195,T
4-HA,1629,0,1194,0,0,1194,T
4-HA,1630,0,1193,0,0,1193,T
4-HA,1631,0,0,1208,0,1208,G
4-HA,1632,0,1209,0,1,1210,T
4-HA,1633,0,0,1207,0,1207,G
4-HA,1634,0,1206,0,2,1208,T
4-HA,1635,0,1180,0,0,1180,T
4-HA,1636,0,0,1180,0,1180,G
4-HA,1637,0,0,0,1168,1168,C
4-HA,1638,0,1164,0,1,1165,T
4-HA,1639,0,1177,0,0,1177,T
4-HA,1640,0,1082,0,22,1104,T
4-HA,1641,0,1,1114,0,1115,G
4-HA,1642,0,1104,0,1,1105,T
4-HA,1643,0,1104,0,0,1104,T
4-HA,1644,1,1,1106,0,1108,G
4-HA,1645,1,2,1066,0,1069,G
4-HA,1646,0,0,1053,0,1053,G
4-HA,1647,0,0,1060,0,1060,G
4-HA,1648,0,1029,0,0,1029,T
4-HA,1649,0,1022,0,0,1022,T
4-HA,1650,2,0,0,999,1001,C
4-HA,1651,989,1,0,0,990,A
4-HA,1652,0,983,0,0,983,T
4-HA,1653,6,1,0,974,981,C
4-HA,1654,976,0,0,0,976,A
4-HA,1655,0,947,0,0,947,T
4-HA,1656,0,0,941,0,941,G
4-HA,1657,0,918,0,2,920,T
4-HA,1658,0,0,908,0,908,G
4-HA,1659,0,1,880,0,881,G
4-HA,1660,0,0,871,0,871,G
4-HA,1661,1,0,1,832,834,C
4-HA,1662,0,0,0,818,818,C
4-HA,1663,0,793,0,2,795,T
4-HA,1664,0,0,787,0,787,G
4-HA,1665,1,1,0,781,783,C
4-HA,1666,1,0,0,789,790,C
4-HA,1667,794,0,0,0,794,A
4-HA,1668,785,0,0,0,785,A
4-HA,1669,787,0,0,0,787,A
4-HA,1670,787,0,0,0,787,A
4-HA,1671,787,0,1,0,788,A
4-HA,1672,0,0,782,0,782,G
4-HA,1673,1,1,749,0,751,G
4-HA,1674,0,0,0,744,744,C
4-HA,1675,741,0,0,0,741,A
4-HA,1676,742,0,0,0,742,A
4-HA,1677,1,0,0,739,740,C
4-HA,1678,740,0,0,0,740,A
4-HA,1679,1,732,0,0,733,T
4-HA,1680,0,734,0,0,734,T
4-HA,1681,714,0,0,0,714,A
4-HA,1682,0,1,707,0,708,G
4-HA,1683,0,1,705,0,706,G
4-HA,1684,1,672,0,0,673,T
4-HA,1685,0,0,607,0,607,G
4-HA,1686,1,0,0,577,578,C
4-HA,1687,577,0,0,0,577,A
4-HA,1688,574,0,0,0,574,A
4-HA,1689,0,0,0,575,575,C
4-HA,1690,569,0,0,0,569,A
4-HA,1691,0,557,0,0,557,T
4-HA,1692,0,517,0,0,517,T
4-HA,1693,0,519,0,0,519,T
4-HA,1694,0,0,518,0,518,G
4-HA,1695,0,1,0,512,513,C
4-HA,1696,506,0,0,0,506,A
4-HA,1697,0,475,0,0,475,T
4-HA,1698,0,461,0,0,461,T
4-HA,1699,0,435,0,0,435,T
4-HA,1700,0,0,432,0,432,G
4-HA,1701,417,0,0,0,417,A
5-NP,1,67,0,0,0,67,A
5-NP,2,0,66,0,0,66,T
5-NP,3,0,0,68,0,68,G
5-NP,4,0,0,67,0,67,G
5-NP,5,0,0,0,67,67,C
5-NP,6,0,0,71,0,71,G
5-NP,7,0,75,0,0,75,T
5-NP,8,0,0,0,77,77,C
5-NP,9,0,0,0,78,78,C
5-NP,10,0,0,0,78,78,C
5-NP,11,79,0,0,0,79,A
5-NP,12,78,0,0,0,78,A
5-NP,13,0,0,79,0,79,G
5-NP,14,0,0,89,0,89,G
5-NP,15,0,0,0,90,90,C
5-NP,16,90,0,0,0,90,A
5-NP,17,0,0,0,90,90,C
5-NP,18,0,0,0,90,90,C
5-NP,19,93,0,0,0,93,A
5-NP,20,92,0,0,0,92,A
5-NP,21,92,0,0,0,92,A
5-NP,22,0,0,0,93,93,C
5-NP,23,0,0,94,0,94,G
5-NP,24,0,0,100,0,100,G
5-NP,25,0,103,0,0,103,T
5-NP,26,0,0,0,114,114,C
5-NP,27,0,114,0,0,114,T
5-NP,28,0,116,0,0,116,T
5-NP,29,116,0,0,0,116,A
5-NP,30,0,116,0,0,116,T
5-NP,31,0,0,118,0,118,G
5-NP,32,119,0,0,0,119,A
5-NP,33,118,1,0,0,119,A
5-NP,34,0,0,0,119,119,C
5-NP,35,117,0,0,0,117,A
5-NP,36,0,0,131,0,131,G
5-NP,37,129,0,0,0,129,A
5-NP,38,0,130,0,0,130,T
5-NP,39,0,0,131,0,131,G
5-NP,40,0,0,128,0,128,G
5-NP,41,127,0,0,0,127,A
5-NP,42,131,0,0,0,131,A
5-NP,43,129,0,0,0,129,A
5-NP,44,0,0,0,135,135,C
5-NP,45,0,134,0,0,134,T
5-NP,46,0,0,136,0,136,G
5-NP,47,132,0,0,0,132,A
5-NP,48,0,134,0,0,134,T
5-NP,49,0,1,134,0,135,G
5-NP,50,0,0,137,0,137,G
5-NP,51,0,0,138,0,138,G
5-NP,52,0,0,137,0,137,G
5-NP,53,137,0,0,0,137,A
5-NP,54,0,135,0,0,135,T
5-NP,55,0,0,0,137,137,C
5-NP,56,0,0,136,0,136,G
5-NP,57,1,0,0,138,139,C
5-NP,58,0,0,1,139,140,C
5-NP,59,138,0,0,0,138,A
5-NP,60,0,0,140,0,140,G
5-NP,61,137,0,0,0,137,A
5-NP,62,138,0,0,0,138,A
5-NP,63,0,137,0,0,137,T
5-NP,64,0,0,139,0,139,G
5-NP,65,0,0,0,144,144,C
5-NP,66,144,0,0,0,144,A
5-NP,67,145,0,0,0,145,A
5-NP,68,1,0,0,146,147,C
5-NP,69,0,147,0,0,147,T
5-NP,70,0,2,143,0,145,G
5-NP,71,148,0,0,0,148,A
5-NP,72,0,0,161,0,161,G
5-NP,73,159,0,0,0,159,A
5-NP,74,0,156,0,0,156,T
5-NP,75,0,158,0,0,158,T
5-NP,76,157,0,0,0,157,A
5-NP,77,0,0,158,0,158,G
5-NP,78,0,0,159,0,159,G
5-NP,79,0,0,160,0,160,G
5-NP,80,0,0,0,158,158,C
5-NP,81,150,0,0,0,150,A
5-NP,82,0,155,0,1,156,T
5-NP,83,0,0,0,157,157,C
5-NP,84,0,0,0,156,156,C
5-NP,85,0,0,157,0,157,G
5-NP,86,0,157,0,0,157,T
5-NP,87,0,0,0,158,158,C
5-NP,88,0,1,158,0,159,G
5-NP,89,0,0,160,0,160,G
5-NP,90,0,0,158,0,158,G
5-NP,91,156,0,0,0,156,A
5-NP,92,159,0,0,0,159,A
5-NP,93,0,0,162,0,162,G
5-NP,94,156,0,1,0,157,A
5-NP,95,0,159,0,0,159,T
5-NP,96,0,1,159,0,160,G
5-NP,97,159,0,0,0,159,A
5-NP,98,0,159,0,0,159,T
5-NP,99,0,156,0,0,156,T
5-NP,100,1,0,158,0,159,G
5-NP,101,159,0,1,0,160,A
5-NP,102,0,159,0,0,159,T
5-NP,103,0,1,158,0,159,G
5-NP,104,0,0,164,0,164,G
5-NP,105,163,0,0,0,163,A
5-NP,106,164,0,0,0,164,A
5-NP,107,0,162,0,0,162,T
5-NP,108,0,164,0,0,164,T
5-NP,109,0,0,166,0,166,G
5-NP,110,0,0,163,0,163,G
5-NP,111,0,1,163,0,164,G
5-NP,112,162,0,0,0,162,A
5-NP,113,0,0,165,0,165,G
5-NP,114,169,0,0,0,169,A
5-NP,115,0,169,0,0,169,T
5-NP,116,0,171,0,0,171,T
5-NP,117,0,0,0,171,171,C
5-NP,118,0,171,0,0,171,T
5-NP,119,173,0,0,0,173,A
5-NP,120,0,0,0,173,173,C
5-NP,121,175,0,0,0,175,A
5-NP,122,0,176,0,0,176,T
5-NP,123,0,0,0,174,174,C
5-NP,124,0,0,0,174,174,C
5-NP,125,173,0,0,0,173,A
5-NP,126,174,0,0,0,174,A
5-NP,127,176,0,0,0,176,A
5-NP,128,0,172,0,0,172,T
5-NP,129,0,0,173,0,173,G
5-NP,130,0,169,0,0,169,T
5-NP,131,0,0,167,0,167,G
5-NP,132,0,0,0,168,168,C
5-NP,133,169,0,0,0,169,A
5-NP,134,0,0,0,169,169,C
5-NP,135,0,168,0,0,168,T
5-NP,136,0,1,173,0,174,G
5-NP,137,174,0,0,0,174,A
5-NP,138,178,0,0,0,178,A
5-NP,139,0,0,0,180,180,C
5-NP,140,0,181,0,0,181,T
5-NP,141,0,180,0,0,180,T
5-NP,142,181,0,0,0,181,A
5-NP,143,181,0,0,0,181,A
5-NP,144,183,0,0,0,183,A
5-NP,145,2,0,0,184,186,C
5-NP,146,0,182,0,0,182,T
5-NP,147,1,0,0,179,180,C
5-NP,148,180,0,0,0,180,A
5-NP,149,0,0,181,0,181,G
5-NP,150,0,181,0,0,181,T
5-NP,151,0,3,180,0,183,G
5-NP,152,187,0,0,0,187,A
5-NP,153,0,188,0,0,188,T
5-NP,154,0,0,0,188,188,C
5-NP,155,189,1,0,0,190,A
5-NP,156,0,190,0,0,190,T
5-NP,157,0,0,192,0,192,G
5-NP,158,190,0,0,0,190,A
5-NP,159,192,1,0,0,193,A
5-NP,160,0,0,192,0,192,G
5-NP,161,0,0,192,0,192,G
5-NP,162,0,0,190,0,190,G
5-NP,163,1,0,0,188,189,C
5-NP,164,0,3,188,0,191,G
5-NP,165,0,0,191,0,191,G
5-NP,166,0,191,0,0,191,T
5-NP,167,0,192,0,0,192,T
5-NP,168,0,0,193,0,193,G
5-NP,169,213,0,0,0,213,A
5-NP,170,0,211,0,0,211,T
5-NP,171,0,0,0,216,216,C
5-NP,172,0,1,0,215,216,C
5-NP,173,214,0,0,0,214,A
5-NP,174,0,2,213,0,215,G
5-NP,175,211,1,0,0,212,A
5-NP,176,215,0,0,0,215,A
5-NP,177,0,0,0,219,219,C
5-NP,178,205,0,0,0,205,A
5-NP,179,0,0,204,0,204,G
5-NP,180,0,0,0,205,205,C
5-NP,181,0,202,0,0,202,T
5-NP,182,0,206,0,0,206,T
5-NP,183,0,2,208,0,210,G
5-NP,184,213,0,0,0,213,A
5-NP,185,0,0,0,214,214,C
5-NP,186,212,0,0,0,212,A
5-NP,187,213,0,0,0,213,A
5-NP,188,0,212,0,0,212,T
5-NP,189,210,0,0,0,210,A
5-NP,190,0,0,212,0,212,G
5-NP,191,208,0,0,0,208,A
5-NP,192,0,0,210,0,210,G
5-NP,193,209,0,0,0,209,A
5-NP,194,217,0,0,0,217,A
5-NP,195,215,0,0,0,215,A
5-NP,196,221,0,0,0,221,A
5-NP,197,0,221,0,0,221,T
5-NP,198,0,0,220,0,220,G
5-NP,199,0,0,218,0,218,G
5-NP,200,1,219,0,0,220,T
5-NP,201,216,0,0,0,216,A
5-NP,202,0,0,0,221,221,C
5-NP,203,0,221,0,0,221,T
5-NP,204,0,0,0,228,228,C
5-NP,205,0,222,0,0,222,T
5-NP,206,1,0,0,224,225,C
5-NP,207,0,224,0,0,224,T
5-NP,208,0,0,224,0,224,G
5-NP,209,0,0,0,224,224,C
5-NP,210,0,225,0,0,225,T
5-NP,211,0,225,0,0,225,T
5-NP,212,0,225,0,0,225,T
5-NP,213,0,224,0,0,224,T
5-NP,214,0,0,225,0,225,G
5-NP,215,221,0,0,1,222,A
5-NP,216,0,224,0,0,224,T
5-NP,217,0,1,222,0,223,G
5-NP,218,224,0,0,0,224,A
5-NP,219,223,0,0,0,223,A
5-NP,220,224,0,0,0,224,A
5-NP,221,0,0,222,0,222,G
5-NP,222,224,0,0,0,224,A
5-NP,223,223,0,0,0,223,A
5-NP,224,0,0,223,0,223,G
5-NP,225,0,0,227,0,227,G
5-NP,226,229,0,0,0,229,A
5-NP,227,229,0,0,0,229,A
5-NP,228,0,229,0,0,229,T
5-NP,229,232,0,0,0,232,A
5-NP,230,231,0,0,0,231,A
5-NP,231,233,0,0,0,233,A
5-NP,232,0,234,0,0,234,T
5-NP,233,233,0,0,0,233,A
5-NP,234,0,0,0,234,234,C
5-NP,235,1,0,0,232,233,C
5-NP,236,0,230,0,0,230,T
5-NP,237,0,1,232,0,233,G
5-NP,238,0,0,234,0,234,G
5-NP,239,233,0,0,0,233,A
5-NP,240,235,0,0,0,235,A
5-NP,241,0,2,235,0,237,G
5-NP,242,237,0,0,0,237,A
5-NP,243,234,0,0,0,234,A
5-NP,244,0,0,0,236,236,C
5-NP,245,238,0,0,0,238,A
5-NP,246,1,0,0,241,242,C
5-NP,247,0,0,0,238,238,C
5-NP,248,0,0,0,236,236,C
5-NP,249,0,0,0,236,236,C
5-NP,250,235,0,0,0,235,A
5-NP,251,0,0,235,0,235,G
5-NP,252,0,0,0,236,236,C
5-NP,253,0,1,232,0,233,G
5-NP,254,0,0,0,232,232,C
5-NP,255,0,0,230,0,230,G
5-NP,256,0,0,232,0,232,G
5-NP,257,0,0,232,0,232,G
5-NP,258,0,0,235,0,235,G
5-NP,259,236,0,0,0,236,A
5-NP,260,236,0,0,0,236,A
5-NP,261,236,0,0,0,236,A
5-NP,262,0,0,238,0,238,G
5-NP,263,233,0,0,0,233,A
5-NP,264,0,232,0,0,232,T
5-NP,265,1,0,0,229,230,C
5-NP,266,0,0,0,232,232,C
5-NP,267,0,0,0,234,234,C
5-NP,268,235,0,0,0,235,A
5-NP,269,234,0,0,0,234,A
5-NP,270,0,1,236,0,237,G
5-NP,271,236,0,0,0,236,A
5-NP,272,240,0,0,0,240,A
5-NP,273,240,0,0,0,240,A
5-NP,274,241,0,0,0,241,A
5-NP,275,0,0,0,242,242,C
5-NP,276,0,239,0,0,239,T
5-NP,277,0,0,239,0,239,G
5-NP,278,0,0,240,0,240,G
5-NP,279,0,0,238,0,238,G
5-NP,280,0,0,237,0,237,G
5-NP,281,0,1,239,0,240,G
5-NP,282,0,1,242,0,243,G
5-NP,283,0,0,0,255,255,C
5-NP,284,1,0,0,255,256,C
5-NP,285,0,0,1,253,254,C
5-NP,286,284,1,0,0,285,A
5-NP,287,0,285,0,0,285,T
5-NP,288,298,0,0,0,298,A
5-NP,289,0,297,0,0,297,T
5-NP,290,295,0,0,0,295,A
5-NP,291,0,0,0,297,297,C
5-NP,292,280,0,0,0,280,A
5-NP,293,0,0,281,0,281,G
5-NP,294,0,1,281,0,282,G
5-NP,295,264,0,0,0,264,A
5-NP,296,0,1,267,0,268,G
5-NP,297,254,0,0,0,254,A
5-NP,298,255,0,0,0,255,A
5-NP,299,0,260,0,0,260,T
5-NP,300,260,0,0,0,260,A
5-NP,301,0,0,263,0,263,G
5-NP,302,255,0,0,0,255,A
5-NP,303,0,259,0,0,259,T
5-NP,304,0,0,256,0,256,G
5-NP,305,0,0,254,0,254,G
5-NP,306,252,0,0,0,252,A
5-NP,307,255,0,0,0,255,A
5-NP,308,2,0,249,0,251,G
5-NP,309,251,0,0,0,251,A
5-NP,310,0,248,0,1,249,T
5-NP,311,0,0,257,0,257,G
5-NP,312,0,0,254,0,254,G
5-NP,313,255,0,0,0,255,A
5-NP,314,0,254,0,0,254,T
5-NP,315,0,0,257,0,257,G
5-NP,316,252,0,0,0,252,A
5-NP,317,0,0,254,0,254,G
5-NP,318,0,0,256,0,256,G
5-NP,319,0,0,274,0,274,G
5-NP,320,316,0,0,0,316,A
5-NP,321,327,0,0,0,327,A
5-NP,322,0,0,0,385,385,C
5-NP,323,0,387,0,0,387,T
5-NP,324,0,0,0,430,430,C
5-NP,325,0,0,463,0,463,G
5-NP,326,0,494,0,0,494,T
5-NP,327,0,0,0,523,523,C
5-NP,328,1,0,0,837,838,C
5-NP,329,0,838,0,0,838,T
5-NP,330,0,863,0,0,863,T
5-NP,331,0,862,0,0,862,T
5-NP,332,873,0,0,0,873,A
5-NP,333,0,884,0,0,884,T
5-NP,334,0,6,878,0,884,G
5-NP,335,906,0,2,0,908,A
5-NP,336,0,2,0,917,919,C
5-NP,337,912,0,0,0,912,A
5-NP,338,923,0,0,0,923,A
5-NP,339,937,0,0,0,937,A
5-NP,340,0,1,1093,0,1094,G
5-NP,341,1087,0,0,0,1087,A
5-NP,342,1098,0,0,0,1098,A
5-NP,343,0,0,1298,0,1298,G
5-NP,344,1322,0,1,0,1323,A
5-NP,345,1347,0,2,0,1349,A
5-NP,346,1345,0,0,0,1345,A
5-NP,347,0,1355,0,0,1355,T
5-NP,348,1359,0,1,0,1360,A
5-NP,349,1364,1,0,1,1366,A
5-NP,350,0,2,1415,0,1417,G
5-NP,351,0,0,1404,0,1404,G
5-NP,352,1,0,0,1416,1417,C
5-NP,353,1,4,1407,1,1413,G
5-NP,354,1446,0,0,0,1446,A
5-NP,355,1519,0,0,0,1519,A
5-NP,356,0,1534,0,0,1534,T
5-NP,357,1,0,0,1536,1537,C
5-NP,358,0,1538,0,0,1538,T
5-NP,359,1,4,1545,0,1550,G
5-NP,360,0,0,1539,0,1539,G
5-NP,361,0,1,0,1560,1561,C
5-NP,362,0,1,1550,0,1551,G
5-NP,363,0,0,0,1560,1560,C
5-NP,364,2,0,0,1567,1569,C
5-NP,365,1582,0,0,0,1582,A
5-NP,366,1640,0,0,0,1640,A
5-NP,367,0,1,1715,0,1716,G
5-NP,368,0,0,0,1724,1724,C
5-NP,369,4,0,1,1770,1775,C
5-NP,370,1770,0,1,0,1771,A
5-NP,371,1833,1,0,0,1834,A
5-NP,372,1,0,0,1883,1884,C
5-NP,373,1889,0,0,0,1889,A
5-NP,374,1981,0,0,0,1981,A
5-NP,375,0,1991,0,1,1992,T
5-NP,376,0,4,2103,0,2107,G
5-NP,377,0,2,2095,0,2097,G
5-NP,378,0,2087,0,1,2088,T
5-NP,379,0,3,2110,0,2113,G
5-NP,380,2108,0,0,0,2108,A
5-NP,381,0,3,2223,0,2226,G
5-NP,382,0,4,2225,0,2229,G
5-NP,383,2288,0,0,0,2288,A
5-NP,384,0,2702,0,0,2702,T
5-NP,385,4,2,2781,0,2787,G
5-NP,386,0,0,0,2817,2817,C
5-NP,387,0,2835,0,1,2836,T
5-NP,388,2875,0,0,0,2875,A
5-NP,389,0,0,0,2973,2973,C
5-NP,390,2992,0,0,0,2992,A
5-NP,391,0,3008,0,0,3008,T
5-NP,392,2,0,0,2997,2999,C
5-NP,393,0,2950,0,7,2957,T
5-NP,394,1,2,3117,0,3120,G
5-NP,395,2,1,3233,0,3236,G
5-NP,396,0,3222,1,5,3228,T
5-NP,397,5,0,0,3254,3259,C
5-NP,398,0,3242,0,5,3247,T
5-NP,399,3336,0,0,0,3336,A
5-NP,400,3347,0,0,0,3347,A
5-NP,401,0,0,0,3400,3400,C
5-NP,402,0,3405,0,0,3405,T
5-NP,403,7,1,0,3481,3489,C
5-NP,404,3499,0,2,0,3501,A
5-NP,405,1,0,0,3712,3713,C
5-NP,406,3717,0,0,0,3717,A
5-NP,407,0,3746,1,0,3747,T
5-NP,408,3727,0,1,0,3728,A
5-NP,409,3730,0,1,0,3731,A
5-NP,410,0,3757,1,2,3760,T
5-NP,411,0,10,3813,0,3823,G
5-NP,412,3817,0,0,0,3817,A
5-NP,413,0,3799,0,0,3799,T
5-NP,414,0,3794,0,0,3794,T
5-NP,415,0,3796,0,1,3797,T
5-NP,416,0,8,3762,0,3770,G
5-NP,417,0,1,3775,0,3776,G
5-NP,418,0,1,0,3782,3783,C
5-NP,419,3791,0,2,0,3793,A
5-NP,420,0,3814,0,0,3814,T
5-NP,421,0,3817,0,2,3819,T
5-NP,422,5,0,0,3805,3810,C
5-NP,423,1,0,1,3826,3828,C
5-NP,424,3928,0,0,0,3928,A
5-NP,425,3934,1,2,0,3937,A
5-NP,426,0,3937,0,0,3937,T
5-NP,427,0,3939,0,3,3942,T
5-NP,428,0,3941,0,1,3942,T
5-NP,429,1,15,3964,0,3980,G
5-NP,430,3969,0,0,1,3970,A
5-NP,431,3977,0,0,0,3977,A
5-NP,432,0,4021,1,1,4023,T
5-NP,433,0,11,3998,0,4009,G
5-NP,434,4233,0,2,0,4235,A
5-NP,435,0,4261,0,0,4261,T
5-NP,436,0,2,4277,0,4279,G
5-NP,437,1,0,0,4429,4430,C
5-NP,438,4408,1,3,1,4413,A
5-NP,439,4651,0,2,0,4653,A
5-NP,440,2,1,0,4664,4667,C
5-NP,441,4751,0,0,0,4751,A
5-NP,442,0,4894,0,0,4894,T
5-NP,443,4829,0,0,0,4829,A
5-NP,444,1,1,0,4920,4922,C
5-NP,445,2,0,0,4911,4913,C
5-NP,446,4850,0,2,1,4853,A
5-NP,447,0,3,4923,0,4926,G
5-NP,448,4836,0,6,0,4842,A
5-NP,449,1,8,4984,0,4993,G
5-NP,450,0,17,4961,0,4978,G
5-NP,451,4972,0,0,0,4972,A
5-NP,452,0,0,0,5031,5031,C
5-NP,453,4993,1,3,0,4997,A
5-NP,454,4980,0,8,0,4988,A
5-NP,455,0,12,4993,0,5005,G
5-NP,456,4950,0,6,0,4956,A
5-NP,457,0,0,5003,0,5003,G
5-NP,458,0,0,0,4988,4988,C
5-NP,459,0,4974,0,7,4981,T
5-NP,460,5,0,0,5000,5005,C
5-NP,461,0,4995,0,0,4995,T
5-NP,462,1,5028,0,0,5029,T
5-NP,463,1,1,5045,0,5047,G
5-NP,464,0,5019,0,1,5020,T
5-NP,465,0,5021,0,4,5025,T
5-NP,466,16,1,0,5010,5027,C
5-NP,467,3,25,4999,0,5027,G
5-NP,468,5134,0,0,0,5134,A
5-NP,469,5163,1,1,0,5165,A
5-NP,470,1,2,0,5211,5214,C
5-NP,471,0,5211,0,0,5211,T
5-NP,472,1,3,5297,0,5301,G
5-NP,473,2,9,5297,0,5308,G
5-NP,474,5294,1,2,0,5297,A
5-NP,475,5312,0,3,0,5315,A
5-NP,476,0,5319,1,0,5320,T
5-NP,477,0,8,5316,0,5324,G
5-NP,478,1,4,5341,1,5347,G
5-NP,479,5417,0,4,0,5421,A
5-NP,480,0,5510,0,0,5510,T
5-NP,481,5,1,0,5539,5545,C
5-NP,482,5,2,0,5559,5566,C
5-NP,483,8,2,1,5590,5601,C
5-NP,484,5567,0,2,73,5642,A
5-NP,485,0,15,5687,0,5702,G
5-NP,486,5698,0,0,0,5698,A
5-NP,487,5706,1,1,0,5708,A
5-NP,488,0,5676,0,1,5677,T
5-NP,489,1,3,5715,0,5719,G
5-NP,490,0,5671,0,2,5673,T
5-NP,491,4,1,5716,0,5721,G
5-NP,492,4,0,0,5739,5743,C
5-NP,493,0,5728,0,9,5737,T
5-NP,494,9,0,0,6082,6091,C
5-NP,495,0,6063,0,0,6063,T
5-NP,496,7,2,0,6345,6354,C
5-NP,497,0,6352,0,0,6352,T
5-NP,498,0,6,6382,0,6388,G
5-NP,499,6419,0,1,0,6420,A
5-NP,500,1,6361,0,33,6395,T
5-NP,501,1,3,6408,0,6412,G
5-NP,502,1,1,0,6410,6412,C
5-NP,503,6276,3,5,0,6284,A
5-NP,504,0,11,6436,0,6447,G
5-NP,505,1,7,6314,1,6323,G
5-NP,506,1,0,6412,0,6413,G
5-NP,507,1,0,1,6429,6431,C
5-NP,508,0,6403,0,2,6405,T
5-NP,509,10,2,0,6475,6487,C
5-NP,510,5,24,6437,1,6467,G
5-NP,511,6546,0,3,0,6549,A
5-NP,512,1,0,0,6580,6581,C
5-NP,513,0,6538,0,2,6540,T
5-NP,514,9,0,0,6869,6878,C
5-NP,515,1,6843,0,2,6846,T
5-NP,516,9,3,1,7791,7804,C
5-NP,517,6,1,0,7817,7824,C
5-NP,518,13,0,0,7827,7840,C
5-NP,519,0,7844,0,2,7846,T
5-NP,520,7823,0,0,1,7824,A
5-NP,521,1,8,7787,0,7796,G
5-NP,522,7773,0,0,0,7773,A
5-NP,523,7610,0,3,1,7614,A
5-NP,524,1,15,7625,0,7641,G
5-NP,525,1,4,7538,0,7543,G
5-NP,526,0,7474,0,1,7475,T
5-NP,527,7,0,0,7534,7541,C
5-NP,528,14,4,2,7508,7528,C
5-NP,529,2,12,7534,0,7548,G
5-NP,530,0,13,7553,0,7566,G
5-NP,531,7544,0,2,0,7546,A
5-NP,532,0,1,7650,0,7651,G
5-NP,533,0,1,0,7680,7681,C
5-NP,534,0,7623,0,7,7630,T
5-NP,535,1,2,7643,1,7647,G
5-NP,536,1,1,1,7680,7683,C
5-NP,537,7657,4,20,0,7681,A
5-NP,538,0,2,7710,0,7712,G
5-NP,539,1,6,7720,0,7727,G
5-NP,540,1,7622,0,0,7623,T
5-NP,541,0,7,7688,0,7695,G
5-NP,542,3,1,0,7719,7723,C
5-NP,543,0,7713,1,10,7724,T
5-NP,544,5,6,7751,0,7762,G
5-NP,545,3,1,0,7741,7745,C
5-NP,546,7841,0,1,0,7842,A
5-NP,547,0,2,7996,0,7998,G
5-NP,548,1,7937,0,2,7940,T
5-NP,549,17,1,0,7966,7984,C
5-NP,550,7967,0,1,0,7968,A
5-NP,551,7948,1,4,0,7953,A
5-NP,552,7946,1,11,0,7958,A
5-NP,553,0,9,7998,0,8007,G
5-NP,554,0,22,8013,0,8035,G
5-NP,555,7999,0,0,0,7999,A
5-NP,556,7980,0,1,0,7981,A
5-NP,557,1,7982,0,1,7984,T
5-NP,558,9,3,1,7995,8008,C
5-NP,559,2,10,7985,1,7998,G
5-NP,560,1,14,8179,0,8194,G
5-NP,561,1,18,8216,1,8236,G
5-NP,562,8166,0,4,0,8170,A
5-NP,563,1,2,0,8228,8231,C
5-NP,564,8163,1,1,0,8165,A
5-NP,565,8380,0,8,0,8388,A
5-NP,566,0,8452,0,0,8452,T
5-NP,567,2,13,8485,0,8500,G
5-NP,568,0,5,8564,1,8570,G
5-NP,569,0,8355,1,0,8356,T
5-NP,570,1,13,8490,0,8504,G
5-NP,571,8441,1,3,0,8445,A
5-NP,572,0,8483,0,4,8487,T
5-NP,573,0,15,8492,0,8507,G
5-NP,574,2,23,8600,0,8625,G
5-NP,575,8570,0,3,0,8573,A
5-NP,576,8626,4,4,0,8634,A
5-NP,577,2,0,0,8572,8574,C
5-NP,578,1,8517,0,0,8518,T
5-NP,579,8496,0,1,0,8497,A
5-NP,580,8884,1,0,0,8885,A
5-NP,581,0,8894,1,1,8896,T
5-NP,582,16,3,2,8913,8934,C
5-NP,583,8739,1,1,0,8741,A
5-NP,584,25,15,8847,2,8889,G
5-NP,585,8807,1,2,0,8810,A
5-NP,586,8822,0,3,0,8825,A
5-NP,587,0,8863,0,0,8863,T
5-NP,588,2,14,8787,0,8803,G
5-NP,589,2,3,8869,0,8874,G
5-NP,590,0,8849,1,11,8861,T
5-NP,591,18,0,0,8873,8891,C
5-NP,592,8905,0,1,0,8906,A
5-NP,593,8876,0,1,1,8878,A
5-NP,594,8898,0,4,0,8902,A
5-NP,595,0,4,0,8900,8904,C
5-NP,596,1,16,8874,0,8891,G
5-NP,597,0,11,8868,0,8879,G
5-NP,598,3,26,8797,0,8826,G
5-NP,599,2,8,8852,1,8863,G
5-NP,600,2,20,8859,0,8881,G
5-NP,601,8884,0,7,0,8891,A
5-NP,602,0,8809,0,1,8810,T
5-NP,603,26,3,1,8842,8872,C
5-NP,604,8879,1,4,0,8884,A
5-NP,605,8864,0,5,0,8869,A
5-NP,606,2,1,0,8806,8809,C
5-NP,607,0,27,8737,0,8764,G
5-NP,608,8728,0,1,0,8729,A
5-NP,609,0,8686,1,3,8690,T
5-NP,610,22,3,0,8734,8759,C
5-NP,611,1,10,8759,0,8770,G
5-NP,612,8682,2,28,0,8712,A
5-NP,613,8730,0,1,1,8732,A
5-NP,614,8737,0,0,1,8738,A
5-NP,615,0,8842,0,1,8843,T
5-NP,616,1,8868,0,0,8869,T
5-NP,617,0,8861,0,0,8861,T
5-NP,618,0,8893,1,0,8894,T
5-NP,619,0,8902,1,1,8904,T
5-NP,620,2,11,8887,0,8900,G
5-NP,621,0,20,8868,0,8888,G
5-NP,622,8812,2,14,0,8828,A
5-NP,623,0,12,8893,0,8905,G
5-NP,624,8773,0,1,2,8776,A
5-NP,625,0,10,9108,1,9119,G
5-NP,626,2,2,9140,0,9144,G
5-NP,627,1,9027,0,8,9036,T
5-NP,628,1,22,9140,0,9163,G
5-NP,629,9129,2,7,1,9139,A
5-NP,630,3,19,9199,0,9221,G
5-NP,631,9175,1,5,0,9181,A
5-NP,632,9186,0,7,0,9193,A
5-NP,633,0,9183,1,0,9184,T
5-NP,634,1,11,8894,0,8906,G
5-NP,635,1,16,8822,0,8839,G
5-NP,636,8735,0,12,0,8747,A
5-NP,637,3,4,0,8749,8756,C
5-NP,638,3,17,8758,1,8779,G
5-NP,639,1,13,8895,0,8909,G
5-NP,640,8874,0,0,1,8875,A
5-NP,641,8884,0,3,0,8887,A
5-NP,642,8964,1,4,0,8969,A
5-NP,643,8979,1,6,1,8987,A
5-NP,644,0,1,0,9068,9069,C
5-NP,645,9046,0,2,1,9049,A
5-NP,646,9028,0,2,1,9031,A
5-NP,647,2,12,9022,1,9037,G
5-NP,648,8819,0,2,0,8821,A
5-NP,649,8854,0,4,1,8859,A
5-NP,650,0,0,8962,0,8962,G
5-NP,651,0,8891,0,1,8892,T
5-NP,652,2,1,9307,0,9310,G
5-NP,653,0,8,0,9238,9246,C
5-NP,654,0,9283,0,2,9285,T
5-NP,655,1,9357,0,5,9363,T
5-NP,656,9864,1,1,1,9867,A
5-NP,657,0,9957,1,3,9961,T
5-NP,658,0,18,9942,0,9960,G
5-NP,659,9834,0,9,0,9843,A
5-NP,660,0,9329,6,0,9335,T
5-NP,661,9475,0,2,0,9477,A
5-NP,662,1,14,9506,1,9522,G
5-NP,663,9525,1,0,1,9527,A
5-NP,664,9625,0,1,0,9626,A
5-NP,665,0,9160,1,0,9161,T
5-NP,666,2,0,9229,0,9231,G
5-NP,667,1,9110,0,3,9114,T
5-NP,668,6,5,9128,0,9139,G
5-NP,669,3,0,2,9156,9161,C
5-NP,670,9146,1,2,0,9149,A
5-NP,671,9158,0,7,0,9165,A
5-NP,672,6,1,0,9132,9139,C
5-NP,673,9068,0,0,0,9068,A
5-NP,674,1,9091,1,1,9094,T
5-NP,675,1,8997,1,6,9005,T
5-NP,676,22,0,0,9010,9032,C
5-NP,677,0,9017,0,1,9018,T
5-NP,678,1,9023,0,7,9031,T
5-NP,679,9032,2,2,0,9036,A
5-NP,680,8999,2,0,0,9001,A
5-NP,681,8995,0,2,0,8997,A
5-NP,682,0,6,8988,0,8994,G
5-NP,683,1,20,8941,0,8962,G
5-NP,684,8963,0,2,0,8965,A
5-NP,685,8955,0,0,0,8955,A
5-NP,686,8959,1,0,0,8960,A
5-NP,687,9049,0,1,0,9050,A
5-NP,688,1,9043,0,1,9045,T
5-NP,689,0,9054,0,0,9054,T
5-NP,690,0,9056,0,1,9057,T
5-NP,691,23,2,1,9059,9085,C
5-NP,692,9102,0,3,0,9105,A
5-NP,693,9072,0,2,0,9074,A
5-NP,694,9075,0,5,0,9080,A
5-NP,695,1,1,0,9196,9198,C
5-NP,696,9119,0,1,0,9120,A
5-NP,697,0,3,9289,0,9292,G
5-NP,698,1,0,0,9288,9289,C
5-NP,699,1,9262,0,1,9264,T
5-NP,700,3,2,9442,1,9448,G
5-NP,701,0,1,0,9419,9420,C
5-NP,702,9468,0,14,0,9482,A
5-NP,703,1,1,0,9500,9502,C
5-NP,704,9450,1,2,0,9453,A
5-NP,705,9473,1,5,0,9479,A
5-NP,706,9256,0,7,0,9263,A
5-NP,707,1,18,9535,0,9554,G
5-NP,708,9509,0,6,0,9515,A
5-NP,709,14,1,9502,0,9517,G
5-NP,710,4,5,1,9499,9509,C
5-NP,711,9501,0,0,0,9501,A
5-NP,712,9781,0,2,0,9783,A
5-NP,713,0,9802,1,2,9805,T
5-NP,714,1,15,9803,0,9819,G
5-NP,715,2,1,9826,0,9829,G
5-NP,716,1,9521,0,2,9524,T
5-NP,717,1,16,9585,1,9603,G
5-NP,718,0,23,9582,0,9605,G
5-NP,719,9609,1,8,0,9618,A
5-NP,720,0,9609,0,1,9610,T
5-NP,721,28,3,1,9316,9348,C
5-NP,722,9397,0,2,0,9399,A
5-NP,723,9475,1,1,0,9477,A
5-NP,724,1,1,9544,1,9547,G
5-NP,725,1,9445,0,0,9446,T
5-NP,726,2,13,9457,0,9472,G
5-NP,727,9378,1,8,0,9387,A
5-NP,728,2,19,9401,0,9422,G
5-NP,729,9420,0,5,0,9425,A
5-NP,730,0,14,9405,0,9419,G
5-NP,731,9344,0,1,0,9345,A
5-NP,732,9143,1,3,1,9148,A
5-NP,733,9163,1,5,1,9170,A
5-NP,734,0,3,9173,0,9176,G
5-NP,735,1,9115,0,0,9116,T
5-NP,736,22,5,0,9155,9182,C
5-NP,737,5,10,9113,1,9129,G
5-NP,738,1,16,9118,0,9135,G
5-NP,739,9170,0,1,0,9171,A
5-NP,740,9158,1,1,0,9160,A
5-NP,741,2,1,0,9222,9225,C
5-NP,742,9,0,0,9160,9169,C
5-NP,743,12,2,0,9179,9193,C
5-NP,744,9162,2,4,1,9169,A
5-NP,745,1,5,9185,0,9191,G
5-NP,746,10,19,9148,0,9177,G
5-NP,747,9169,2,1,0,9172,A
5-NP,748,9168,0,0,0,9168,A
5-NP,749,9106,0,4,2,9112,A
5-NP,750,0,3,0,9125,9128,C
5-NP,751,0,5,9083,0,9088,G
5-NP,752,2,1,1,9080,9084,C
5-NP,753,1,9026,0,6,9033,T
5-NP,754,1,13,9074,0,9088,G
5-NP,755,9019,0,3,0,9022,A
5-NP,756,1,19,9158,0,9178,G
5-NP,757,9171,1,2,0,9174,A
5-NP,758,1,9097,0,1,9099,T
5-NP,759,18,3,1,9076,9098,C
5-NP,760,0,12,9112,0,9124,G
5-NP,761,9095,0,1,0,9096,A
5-NP,762,9086,0,1,0,9087,A
5-NP,763,0,7,9107,0,9114,G
5-NP,764,9123,0,0,0,9123,A
5-NP,765,1,9055,0,1,9057,T
5-NP,766,8,2,0,9091,9101,C
5-NP,767,0,9116,0,1,9117,T
5-NP,768,24,1,1,9113,9139,C
5-NP,769,9163,0,3,0,9166,A
5-NP,770,1,9129,0,0,9130,T
5-NP,771,9173,0,0,1,9174,A
5-NP,772,0,9150,0,0,9150,T
5-NP,773,0,9127,0,1,9128,T
5-NP,774,0,9115,0,1,9116,T
5-NP,775,0,9037,0,1,9038,T
5-NP,776,0,9032,0,2,9034,T
5-NP,777,9068,0,2,0,9070,A
5-NP,778,2,2,9047,0,9051,G
5-NP,779,3,2,0,9061,9066,C
5-NP,780,9046,0,1,0,9047,A
5-NP,781,9004,0,1,0,9005,A
5-NP,782,0,22,9282,0,9304,G
5-NP,783,9257,1,0,0,9258,A
5-NP,784,0,9237,0,1,9238,T
5-NP,785,13,0,0,9340,9353,C
5-NP,786,0,9276,9,4,9289,T
5-NP,787,3,7,9493,0,9503,G
5-NP,788,0,1,0,9538,9539,C
5-NP,789,9532,0,2,0,9534,A
5-NP,790,0,9633,1,2,9636,T
5-NP,791,0,9349,1,0,9350,T
5-NP,792,0,23,9855,1,9879,G
5-NP,793,10033,1,3,0,10037,A
5-NP,794,0,10039,0,2,10041,T
5-NP,795,10062,1,2,0,10065,A
5-NP,796,0,9855,0,1,9856,T
5-NP,797,1,9799,0,2,9802,T
5-NP,798,0,23,9855,0,9878,G
5-NP,799,9761,0,5,0,9766,A
5-NP,800,2,8,9844,0,9854,G
5-NP,801,9378,0,7,0,9385,A
5-NP,802,1,10,9176,0,9187,G
5-NP,803,1,15,9294,0,9310,G
5-NP,804,9270,0,1,0,9271,A
5-NP,805,2,9191,0,2,9195,T
5-NP,806,21,0,0,9279,9300,C
5-NP,807,9232,0,4,0,9236,A
5-NP,808,2,2,9293,0,9297,G
5-NP,809,1,9270,0,0,9271,T
5-NP,810,0,9211,0,1,9212,T
5-NP,811,1,3,9198,1,9203,G
5-NP,812,1,1,0,9133,9135,C
5-NP,813,0,9135,0,6,9141,T
5-NP,814,32,1,1,9170,9204,C
5-NP,815,9211,0,3,0,9214,A
5-NP,816,3,0,0,9235,9238,C
5-NP,817,9245,0,3,0,9248,A
5-NP,818,9298,0,3,0,9301,A
5-NP,819,9250,0,0,0,9250,A
5-NP,820,1,9190,0,0,9191,T
5-NP,821,20,4,1,9258,9283,C
5-NP,822,0,9262,0,4,9266,T
5-NP,823,0,9244,0,1,9245,T
5-NP,824,1,4,9265,0,9270,G
5-NP,825,2,3,0,9236,9241,C
5-NP,826,11,3,1,9326,9341,C
5-NP,827,0,9376,1,3,9380,T
5-NP,828,9308,2,2,0,9312,A
5-NP,829,4,1,0,9402,9407,C
5-NP,830,10,1,0,9420,9431,C
5-NP,831,2,9387,0,4,9393,T
5-NP,832,3,3,9508,1,9515,G
5-NP,833,0,0,0,9457,9457,C
5-NP,834,5,0,0,9508,9513,C
5-NP,835,0,9388,0,4,9392,T
5-NP,836,0,0,9553,0,9553,G
5-NP,837,0,9466,0,6,9472,T
5-NP,838,0,3,9659,0,9662,G
5-NP,839,20,5,3,9687,9715,C
5-NP,840,5,0,9848,0,9853,G
5-NP,841,0,9710,0,2,9712,T
5-NP,842,9720,0,1,1,9722,A
5-NP,843,0,9706,0,1,9707,T
5-NP,844,1,13,9684,1,9699,G
5-NP,845,1,15,9964,0,9980,G
5-NP,846,9892,0,11,0,9903,A
5-NP,847,4,2,0,9738,9744,C
5-NP,848,8,0,0,9709,9717,C
5-NP,849,1,9546,0,5,9552,T
5-NP,850,2,3,9936,0,9941,G
5-NP,851,2,1,1,9951,9955,C
5-NP,852,9985,1,5,0,9991,A
5-NP,853,0,0,10122,0,10122,G
5-NP,854,0,9730,1,0,9731,T
5-NP,855,10124,0,1,0,10125,A
5-NP,856,0,10066,1,9,10076,T
5-NP,857,18,1,0,10043,10062,C
5-NP,858,12,0,2,10105,10119,C
5-NP,859,9718,0,2,0,9720,A
5-NP,860,3,1,9779,0,9783,G
5-NP,861,2,9698,1,2,9703,T
5-NP,862,1,15,9811,0,9827,G
5-NP,863,3,8,9764,0,9775,G
5-NP,864,1,0,9609,0,9610,G
5-NP,865,2,9608,0,6,9616,T
5-NP,866,9624,1,2,1,9628,A
5-NP,867,2,7,0,9581,9590,C
5-NP,868,3,35,9525,0,9563,G
5-NP,869,9516,0,1,0,9517,A
5-NP,870,5,1,0,9545,9551,C
5-NP,871,0,9322,1,0,9323,T
5-NP,872,0,9320,1,2,9323,T
5-NP,873,9,5,1,9325,9340,C
5-NP,874,1,19,9321,0,9341,G
5-NP,875,9310,2,2,1,9315,A
5-NP,876,9353,0,1,1,9355,A
5-NP,877,9380,0,1,0,9381,A
5-NP,878,9363,0,3,0,9366,A
5-NP,879,9323,1,5,1,9330,A
5-NP,880,1,2,9378,0,9381,G
5-NP,881,9325,0,9,0,9334,A
5-NP,882,0,16,9357,0,9373,G
5-NP,883,0,22,9409,0,9431,G
5-NP,884,1,11,9461,0,9473,G
5-NP,885,9470,0,2,1,9473,A
5-NP,886,0,9472,1,4,9477,T
5-NP,887,9561,0,0,2,9563,A
5-NP,888,1,9535,0,4,9540,T
5-NP,889,0,9576,1,0,9577,T
5-NP,890,23,1,0,9634,9658,C
5-NP,891,4,1,1,9603,9609,C
5-NP,892,1,9503,0,2,9506,T
5-NP,893,1,9519,0,3,9523,T
5-NP,894,0,12,9628,0,9640,G
5-NP,895,2,3,9676,0,9681,G
5-NP,896,3,9586,0,5,9594,T
5-NP,897,2,12,9591,0,9605,G
5-NP,898,2,5,9554,0,9561,G
5-NP,899,9,18,9914,0,9941,G
5-NP,900,9935,1,4,0,9940,A
5-NP,901,9961,2,1,1,9965,A
5-NP,902,0,9968,1,2,9971,T
5-NP,903,9804,0,0,1,9805,A
5-NP,904,2,16,9766,0,9784,G
5-NP,905,9654,0,9,0,9663,A
5-NP,906,7,3,0,9633,9643,C
5-NP,907,18,0,1,9519,9538,C
5-NP,908,22,0,0,9421,9443,C
5-NP,909,0,9505,0,11,9516,T
5-NP,910,1,9519,0,4,9524,T
5-NP,911,0,9532,0,4,9536,T
5-NP,912,16,0,0,9535,9551,C
5-NP,913,9528,0,1,0,9529,A
5-NP,914,9530,1,2,0,9533,A
5-NP,915,9490,0,3,0,9493,A
5-NP,916,1,0,0,9497,9498,C
5-NP,917,0,9302,1,0,9303,T
5-NP,918,9214,0,1,1,9216,A
5-NP,919,2,51,0,9277,9330,C
5-NP,920,0,9269,0,2,9271,T
5-NP,921,0,9234,0,2,9236,T
5-NP,922,17,1,0,9297,9315,C
5-NP,923,9304,0,2,0,9306,A
5-NP,924,9313,0,2,1,9316,A
5-NP,925,9283,0,1,0,9284,A
5-NP,926,9279,0,0,0,9279,A
5-NP,927,1,9191,0,0,9192,T
5-NP,928,9083,1,1,1,9086,A
5-NP,929,0,0,9163,0,9163,G
5-NP,930,2,0,0,9156,9158,C
5-NP,931,10,1,1,9272,9284,C
5-NP,932,9300,0,2,1,9303,A
5-NP,933,9318,0,2,1,9321,A
5-NP,934,9560,0,0,0,9560,A
5-NP,935,0,9575,1,1,9577,T
5-NP,936,9633,1,2,0,9636,A
5-NP,937,0,9629,0,2,9631,T
5-NP,938,9495,0,3,0,9498,A
5-NP,939,2,0,0,9517,9519,C
5-NP,940,9343,1,5,0,9349,A
5-NP,941,0,1,9557,0,9558,G
5-NP,942,4,2,0,9534,9540,C
5-NP,943,0,9311,0,6,9317,T
5-NP,944,1,9406,0,0,9407,T
5-NP,945,9411,1,0,1,9413,A
5-NP,946,9433,1,0,1,9435,A
5-NP,947,1,9393,0,2,9396,T
5-NP,948,18,1,0,9387,9406,C
5-NP,949,9205,0,0,1,9206,A
5-NP,950,0,22,9231,1,9254,G
5-NP,951,9201,3,2,0,9206,A
5-NP,952,3,2,1,9278,9284,C
5-NP,953,14,0,1,9227,9242,C
5-NP,954,0,9143,0,3,9146,T
5-NP,955,9228,0,4,1,9233,A
5-NP,956,9214,0,0,0,9214,A
5-NP,957,2,2,3,9240,9247,C
5-NP,958,1,17,9239,0,9257,G
5-NP,959,9070,0,3,1,9074,A
5-NP,960,0,25,9045,0,9070,G
5-NP,961,8998,0,3,0,9001,A
5-NP,962,9070,1,0,0,9071,A
5-NP,963,1,9025,1,1,9028,T
5-NP,964,17,2,2,8934,8955,C
5-NP,965,16,2,0,8967,8985,C
5-NP,966,8751,0,5,1,8757,A
5-NP,967,0,3,8801,0,8804,G
5-NP,968,3,0,1,8775,8779,C
5-NP,969,8815,1,1,0,8817,A
5-NP,970,1,1,0,8879,8881,C
5-NP,971,8746,3,3,1,8753,A
5-NP,972,0,3,0,8782,8785,C
5-NP,973,8793,0,4,1,8798,A
5-NP,974,8816,0,2,1,8819,A
5-NP,975,0,17,8825,0,8842,G
5-NP,976,8738,0,5,1,8744,A
5-NP,977,0,1,8745,0,8746,G
5-NP,978,0,8539,0,3,8542,T
5-NP,979,24,1,0,8514,8539,C
5-NP,980,8535,0,9,1,8545,A
5-NP,981,0,1,8528,0,8529,G
5-NP,982,2,1,0,8513,8516,C
5-NP,983,0,8450,0,2,8452,T
5-NP,984,0,6,8491,0,8497,G
5-NP,985,1,1,8530,0,8532,G
5-NP,986,0,8491,0,0,8491,T
5-NP,987,1,1,8567,1,8570,G
5-NP,988,0,8439,1,2,8442,T
5-NP,989,1,12,8412,1,8426,G
5-NP,990,1,7,8399,0,8407,G
5-NP,991,8336,2,5,0,8343,A
5-NP,992,0,8363,0,3,8366,T
5-NP,993,0,5,8025,2,8032,G
5-NP,994,1,2,7972,0,7975,G
5-NP,995,3,3,0,7945,7951,C
5-NP,996,7898,0,1,0,7899,A
5-NP,997,0,7895,0,3,7898,T
5-NP,998,4,3,7820,0,7827,G
5-NP,999,0,1,1,7834,7836,C
5-NP,1000,14,2,1,7877,7894,C
5-NP,1001,7931,0,1,0,7932,A
5-NP,1002,0,7888,0,0,7888,T
5-NP,1003,0,7787,0,1,7788,T
5-NP,1004,26,1,0,7812,7839,C
5-NP,1005,0,7783,0,1,7784,T
5-NP,1006,1,1,7766,0,7768,G
5-NP,1007,3,0,1,7749,7753,C
5-NP,1008,3,7565,0,4,7572,T
5-NP,1009,1,0,7596,1,7598,G
5-NP,1010,5,0,0,7475,7480,C
5-NP,1011,7482,0,1,1,7484,A
5-NP,1012,0,7501,0,2,7503,T
5-NP,1013,0,7425,1,2,7428,T
5-NP,1014,0,7437,0,1,7438,T
5-NP,1015,1,11,7406,1,7419,G
5-NP,1016,7404,0,2,0,7406,A
5-NP,1017,7414,0,6,0,7420,A
5-NP,1018,3,16,7423,0,7442,G
5-NP,1019,7406,1,0,0,7407,A
5-NP,1020,0,7377,0,1,7378,T
5-NP,1021,0,7377,1,1,7379,T
5-NP,1022,0,7388,0,0,7388,T
5-NP,1023,7388,1,2,0,7391,A
5-NP,1024,7393,1,4,0,7398,A
5-NP,1025,0,9,7375,0,7384,G
5-NP,1026,7368,0,1,0,7369,A
5-NP,1027,3,7337,0,0,7340,T
5-NP,1028,2,7208,0,0,7210,T
5-NP,1029,1,4,7236,1,7242,G
5-NP,1030,1,7235,0,3,7239,T
5-NP,1031,0,7242,1,0,7243,T
5-NP,1032,7243,1,1,0,7245,A
5-NP,1033,7242,0,0,0,7242,A
5-NP,1034,0,2,7228,0,7230,G
5-NP,1035,1,0,0,7253,7254,C
5-NP,1036,0,7117,2,6,7125,T
5-NP,1037,0,7144,0,1,7145,T
5-NP,1038,17,1,0,7129,7147,C
5-NP,1039,7146,1,2,0,7149,A
5-NP,1040,0,7106,0,2,7108,T
5-NP,1041,10,2,0,7127,7139,C
5-NP,1042,7046,0,0,0,7046,A
5-NP,1043,0,6,7031,0,7037,G
5-NP,1044,6939,0,5,1,6945,A
5-NP,1045,0,10,6937,1,6948,G
5-NP,1046,0,14,6885,0,6899,G
5-NP,1047,1,12,6838,1,6852,G
5-NP,1048,6848,1,8,0,6857,A
5-NP,1049,2,0,0,6858,6860,C
5-NP,1050,6874,0,1,0,6875,A
5-NP,1051,6878,1,2,1,6882,A
5-NP,1052,6883,2,0,0,6885,A
5-NP,1053,6890,0,4,0,6894,A
5-NP,1054,1,3,6895,0,6899,G
5-NP,1055,0,6695,0,1,6696,T
5-NP,1056,6671,0,0,0,6671,A
5-NP,1057,0,6608,1,3,6612,T
5-NP,1058,10,0,0,6600,6610,C
5-NP,1059,1,6521,0,2,6524,T
5-NP,1060,17,0,0,6539,6556,C
5-NP,1061,9,0,0,6501,6510,C
5-NP,1062,0,6410,0,1,6411,T
5-NP,1063,9,1,0,6442,6452,C
5-NP,1064,0,7,6434,0,6441,G
5-NP,1065,0,8,6457,0,6465,G
5-NP,1066,0,11,6463,0,6474,G
5-NP,1067,1,7,6419,1,6428,G
5-NP,1068,2,8,6428,0,6438,G
5-NP,1069,6283,1,1,0,6285,A
5-NP,1070,6278,0,3,0,6281,A
5-NP,1071,6265,2,5,0,6272,A
5-NP,1072,2,1,0,6283,6286,C
5-NP,1073,0,6260,0,0,6260,T
5-NP,1074,3,1,6269,0,6273,G
5-NP,1075,0,6221,0,2,6223,T
5-NP,1076,19,0,1,6215,6235,C
5-NP,1077,6306,1,1,1,6309,A
5-NP,1078,6328,0,0,0,6328,A
5-NP,1079,1,0,0,6333,6334,C
5-NP,1080,0,6313,0,1,6314,T
5-NP,1081,6182,1,0,0,6183,A
5-NP,1082,0,2,6189,0,6191,G
5-NP,1083,6031,0,7,0,6038,A
5-NP,1084,1,1,6050,0,6052,G
5-NP,1085,1,16,6028,0,6045,G
5-NP,1086,5720,0,4,0,5724,A
5-NP,1087,1,0,5756,0,5757,G
5-NP,1088,0,5668,1,1,5670,T
5-NP,1089,5673,0,5,0,5678,A
5-NP,1090,2,2,0,5679,5683,C
5-NP,1091,5622,0,2,0,5624,A
5-NP,1092,5600,1,1,0,5602,A
5-NP,1093,5547,0,1,0,5548,A
5-NP,1094,0,5479,0,1,5480,T
5-NP,1095,0,5438,0,1,5439,T
5-NP,1096,1,2,5264,0,5267,G
5-NP,1097,0,1,0,5185,5186,C
5-NP,1098,0,5165,3,3,5171,T
5-NP,1099,1,5164,2,1,5168,T
5-NP,1100,7,0,0,5175,5182,C
5-NP,1101,5198,0,0,0,5198,A
5-NP,1102,5198,0,2,0,5200,A
5-NP,1103,5193,0,1,0,5194,A
5-NP,1104,1,5184,1,2,5188,T
5-NP,1105,0,10,5192,0,5202,G
5-NP,1106,5099,0,4,0,5103,A
5-NP,1107,0,10,5108,0,5118,G
5-NP,1108,5112,0,2,0,5114,A
5-NP,1109,5089,1,1,0,5091,A
5-NP,1110,2,1,1,5093,5097,C
5-NP,1111,5032,0,1,0,5033,A
5-NP,1112,0,5018,2,0,5020,T
5-NP,1113,0,8,5032,0,5040,G
5-NP,1114,0,5,5030,0,5035,G
5-NP,1115,5029,1,3,0,5033,A
5-NP,1116,0,4897,1,0,4898,T
5-NP,1117,4846,1,0,0,4847,A
5-NP,1118,4977,0,0,0,4977,A
5-NP,1119,0,4831,1,0,4832,T
5-NP,1120,4830,1,0,0,4831,A
5-NP,1121,0,4779,1,0,4780,T
5-NP,1122,0,5,4455,0,4460,G
5-NP,1123,0,10,4350,0,4360,G
5-NP,1124,0,8,4324,0,4332,G
5-NP,1125,4293,0,0,0,4293,A
5-NP,1126,1,4271,1,1,4274,T
5-NP,1127,6,2,0,3317,3325,C
5-NP,1128,1,4,3321,0,3326,G
5-NP,1129,3306,1,0,0,3307,A
5-NP,1130,1,0,3308,0,3309,G
5-NP,1131,3,1,0,3290,3294,C
5-NP,1132,3240,0,1,0,3241,A
5-NP,1133,1,0,0,3341,3342,C
5-NP,1134,0,3283,0,0,3283,T
5-NP,1135,14,0,0,3311,3325,C
5-NP,1136,0,3314,1,1,3316,T
5-NP,1137,0,3255,0,2,3257,T
5-NP,1138,3,12,3245,0,3260,G
5-NP,1139,3241,0,0,0,3241,A
5-NP,1140,3262,0,0,0,3262,A
5-NP,1141,0,0,0,3242,3242,C
5-NP,1142,0,2437,1,0,2438,T
5-NP,1143,0,7,2449,0,2456,G
5-NP,1144,2352,0,0,0,2352,A
5-NP,1145,1,1,2367,0,2369,G
5-NP,1146,2370,0,0,0,2370,A
5-NP,1147,2310,0,0,0,2310,A
5-NP,1148,0,1,2325,0,2326,G
5-NP,1149,1,0,1,2249,2251,C
5-NP,1150,0,3,2252,0,2255,G
5-NP,1151,0,3,2239,0,2242,G
5-NP,1152,0,2,2166,0,2168,G
5-NP,1153,0,2144,0,0,2144,T
5-NP,1154,2073,0,0,0,2073,A
5-NP,1155,0,0,0,2082,2082,C
5-NP,1156,1,1567,0,0,1568,T
5-NP,1157,0,1,1529,0,1530,G
5-NP,1158,0,0,1486,0,1486,G
5-NP,1159,1,0,1462,0,1463,G
5-NP,1160,0,0,0,1422,1422,C
5-NP,1161,2,0,0,1329,1331,C
5-NP,1162,1336,0,0,0,1336,A
5-NP,1163,0,1340,0,0,1340,T
5-NP,1164,1336,0,0,0,1336,A
5-NP,1165,1334,0,2,0,1336,A
5-NP,1166,0,2,1321,0,1323,G
5-NP,1167,0,6,1340,0,1346,G
5-NP,1168,1310,0,0,0,1310,A
5-NP,1169,0,0,0,1312,1312,C
5-NP,1170,1,0,0,1316,1317,C
5-NP,1171,1314,0,0,0,1314,A
5-NP,1172,0,1,1341,0,1342,G
5-NP,1173,0,3,1344,0,1347,G
5-NP,1174,1339,0,0,0,1339,A
5-NP,1175,0,0,1354,0,1354,G
5-NP,1176,0,1299,0,1,1300,T
5-NP,1177,0,0,1309,0,1309,G
5-NP,1178,0,1,1321,0,1322,G
5-NP,1179,1314,0,0,0,1314,A
5-NP,1180,0,4,1327,0,1331,G
5-NP,1181,0,2,1302,1,1305,G
5-NP,1182,1307,0,0,0,1307,A
5-NP,1183,1314,0,0,0,1314,A
5-NP,1184,1305,0,1,0,1306,A
5-NP,1185,0,1,0,1313,1314,C
5-NP,1186,1309,0,0,0,1309,A
5-NP,1187,0,0,0,1340,1340,C
5-NP,1188,0,1314,0,0,1314,T
5-NP,1189,1357,0,0,0,1357,A
5-NP,1190,1345,0,0,0,1345,A
5-NP,1191,0,1346,0,0,1346,T
5-NP,1192,4,0,0,1363,1367,C
5-NP,1193,1356,0,0,0,1356,A
5-NP,1194,1376,0,1,0,1377,A
5-NP,1195,0,0,0,1385,1385,C
5-NP,1196,1361,0,0,0,1361,A
5-NP,1197,0,2,1332,0,1334,G
5-NP,1198,1307,0,3,0,1310,A
5-NP,1199,0,6,1317,0,1323,G
5-NP,1200,0,0,1337,0,1337,G
5-NP,1201,0,1,1332,0,1333,G
5-NP,1202,0,0,0,1331,1331,C
5-NP,1203,1,0,0,1324,1325,C
5-NP,1204,0,1307,0,0,1307,T
5-NP,1205,0,0,0,1322,1322,C
5-NP,1206,2,1,0,1336,1339,C
5-NP,1207,1,0,1328,0,1329,G
5-NP,1208,0,0,0,1330,1330,C
5-NP,1209,1318,0,1,0,1319,A
5-NP,1210,1,4,1352,0,1357,G
5-NP,1211,2,1,1347,0,1350,G
5-NP,1212,1,0,0,1355,1356,C
5-NP,1213,4,0,0,1360,1364,C
5-NP,1214,1349,0,0,0,1349,A
5-NP,1215,1353,0,0,0,1353,A
5-NP,1216,1354,0,0,0,1354,A
5-NP,1217,1,0,0,1352,1353,C
5-NP,1218,1,0,0,1364,1365,C
5-NP,1219,1296,0,0,0,1296,A
5-NP,1220,0,0,1320,0,1320,G
5-NP,1221,0,1305,1,0,1306,T
5-NP,1222,0,0,1324,0,1324,G
5-NP,1223,0,1310,1,0,1311,T
5-NP,1224,1,1,1320,0,1322,G
5-NP,1225,2,0,0,1309,1311,C
5-NP,1226,1309,0,1,0,1310,A
5-NP,1227,1329,0,1,0,1330,A
5-NP,1228,0,0,0,1332,1332,C
5-NP,1229,0,0,0,1323,1323,C
5-NP,1230,0,1310,0,1,1311,T
5-NP,1231,1306,0,1,0,1307,A
5-NP,1232,2,0,0,1303,1305,C
5-NP,1233,0,1,1299,0,1300,G
5-NP,1234,0,1293,1,2,1296,T
5-NP,1235,0,1316,1,0,1317,T
5-NP,1236,0,1294,1,0,1295,T
5-NP,1237,0,1291,1,0,1292,T
5-NP,1238,2,0,0,1285,1287,C
5-NP,1239,0,1277,0,0,1277,T
5-NP,1240,0,0,1297,0,1297,G
5-NP,1241,1,1291,0,0,1292,T
5-NP,1242,1296,2,0,0,1298,A
5-NP,1243,1,0,9,1296,1306,C
5-NP,1244,1292,0,0,0,1292,A
5-NP,1245,1299,0,0,1,1300,A
5-NP,1246,1296,0,0,0,1296,A
5-NP,1247,0,4,1297,0,1301,G
5-NP,1248,1296,0,0,0,1296,A
5-NP,1249,1272,0,0,0,1272,A
5-NP,1250,1263,0,1,0,1264,A
5-NP,1251,0,0,0,1268,1268,C
5-NP,1252,2,1,0,1253,1256,C
5-NP,1253,0,1246,0,0,1246,T
5-NP,1254,1,0,0,1262,1263,C
5-NP,1255,3,0,0,1249,1252,C
5-NP,1256,1,0,2,1250,1253,C
5-NP,1257,1257,0,0,0,1257,A
5-NP,1258,0,1257,0,0,1257,T
5-NP,1259,0,1259,0,0,1259,T
5-NP,1260,0,1258,0,1,1259,T
5-NP,1261,1,2,1259,0,1262,G
5-NP,1262,1259,0,1,0,1260,A
5-NP,1263,1259,0,2,0,1261,A
5-NP,1264,1264,0,0,0,1264,A
5-NP,1265,1254,0,1,0,1255,A
5-NP,1266,0,0,1271,0,1271,G
5-NP,1267,0,1249,0,0,1249,T
5-NP,1268,9,0,0,1253,1262,C
5-NP,1269,1265,0,0,0,1265,A
5-NP,1270,1258,0,2,0,1260,A
5-NP,1271,1,0,0,1262,1263,C
5-NP,1272,2,0,0,1266,1268,C
5-NP,1273,1271,0,0,0,1271,A
5-NP,1274,0,1268,0,1,1269,T
5-NP,1275,1,1,0,1266,1268,C
5-NP,1276,1262,0,0,0,1262,A
5-NP,1277,0,1265,0,0,1265,T
5-NP,1278,1,0,1267,0,1268,G
5-NP,1279,0,0,1267,0,1267,G
5-NP,1280,0,0,0,1268,1268,C
5-NP,1281,1252,0,1,0,1253,A
5-NP,1282,0,0,1251,0,1251,G
5-NP,1283,0,0,0,1241,1241,C
5-NP,1284,1247,0,0,0,1247,A
5-NP,1285,0,1236,0,1,1237,T
5-NP,1286,0,1229,0,0,1229,T
5-NP,1287,8,0,0,1218,1226,C
5-NP,1288,1224,1,0,0,1225,A
5-NP,1289,1,0,0,1228,1229,C
5-NP,1290,0,1210,0,1,1211,T
5-NP,1291,0,0,1215,0,1215,G
5-NP,1292,0,1,1206,0,1207,G
5-NP,1293,1198,0,0,0,1198,A
5-NP,1294,1196,0,0,0,1196,A
5-NP,1295,1200,0,0,0,1200,A
5-NP,1296,0,1185,0,0,1185,T
5-NP,1297,1186,0,0,0,1186,A
5-NP,1298,0,0,0,1185,1185,C
5-NP,1299,0,2,1168,0,1170,G
5-NP,1300,1,0,1170,0,1171,G
5-NP,1301,1164,0,0,0,1164,A
5-NP,1302,1148,0,1,0,1149,A
5-NP,1303,0,0,1164,0,1164,G
5-NP,1304,0,2,1158,0,1160,G
5-NP,1305,1166,0,0,0,1166,A
5-NP,1306,1165,0,0,1,1166,A
5-NP,1307,0,6,1157,0,1163,G
5-NP,1308,1164,0,1,0,1165,A
5-NP,1309,1159,0,1,0,1160,A
5-NP,1310,2,0,0,1166,1168,C
5-NP,1311,0,1158,0,1,1159,T
5-NP,1312,0,1172,0,0,1172,T
5-NP,1313,1,0,0,1169,1170,C
5-NP,1314,1170,0,1,0,1171,A
5-NP,1315,0,3,1172,0,1175,G
5-NP,1316,1171,0,0,0,1171,A
5-NP,1317,1,0,0,1173,1174,C
5-NP,1318,1161,0,0,0,1161,A
5-NP,1319,0,1140,0,0,1140,T
5-NP,1320,0,1,1144,0,1145,G
5-NP,1321,1120,0,0,0,1120,A
5-NP,1322,0,3,1124,0,1127,G
5-NP,1323,0,0,1128,0,1128,G
5-NP,1324,1,0,1123,0,1124,G
5-NP,1325,0,0,0,1125,1125,C
5-NP,1326,1125,0,0,0,1125,A
5-NP,1327,0,1,1125,0,1126,G
5-NP,1328,1125,0,0,0,1125,A
5-NP,1329,1131,0,0,0,1131,A
5-NP,1330,1130,0,0,0,1130,A
5-NP,1331,0,1113,0,0,1113,T
5-NP,1332,7,0,0,1108,1115,C
5-NP,1333,1116,0,0,0,1116,A
5-NP,1334,0,1112,0,0,1112,T
5-NP,1335,1118,0,0,0,1118,A
5-NP,1336,1112,0,0,0,1112,A
5-NP,1337,0,1,1128,0,1129,G
5-NP,1338,1111,0,0,0,1111,A
5-NP,1339,1121,0,0,0,1121,A
5-NP,1340,1,1093,0,0,1094,T
5-NP,1341,0,0,1092,0,1092,G
5-NP,1342,1094,0,0,0,1094,A
5-NP,1343,1,1089,0,0,1090,T
5-NP,1344,1,2,1093,0,1096,G
5-NP,1345,0,4,1092,0,1096,G
5-NP,1346,1080,0,0,0,1080,A
5-NP,1347,1082,0,0,0,1082,A
5-NP,1348,1053,0,0,0,1053,A
5-NP,1349,1,0,1063,0,1064,G
5-NP,1350,0,1059,0,0,1059,T
5-NP,1351,0,0,1060,0,1060,G
5-NP,1352,1,0,0,1057,1058,C
5-NP,1353,1064,0,1,0,1065,A
5-NP,1354,1059,1,1,0,1061,A
5-NP,1355,1064,0,0,0,1064,A
5-NP,1356,1074,0,1,0,1075,A
5-NP,1357,0,0,0,1074,1074,C
5-NP,1358,1,0,0,1061,1062,C
5-NP,1359,1048,0,0,0,1048,A
5-NP,1360,0,3,1048,0,1051,G
5-NP,1361,1054,0,0,0,1054,A
5-NP,1362,1052,0,0,0,1052,A
5-NP,1363,1,3,1050,0,1054,G
5-NP,1364,1046,0,0,0,1046,A
5-NP,1365,1024,0,0,0,1024,A
5-NP,1366,0,0,1038,0,1038,G
5-NP,1367,0,1022,0,0,1022,T
5-NP,1368,0,0,1033,0,1033,G
5-NP,1369,0,1015,0,2,1017,T
5-NP,1370,4,0,0,1020,1024,C
5-NP,1371,1028,0,0,0,1028,A
5-NP,1372,0,1037,0,0,1037,T
5-NP,1373,0,1027,0,1,1028,T
5-NP,1374,3,0,0,1033,1036,C
5-NP,1375,1,0,0,1012,1013,C
5-NP,1376,0,1,1019,0,1020,G
5-NP,1377,992,0,1,0,993,A
5-NP,1378,0,3,1003,0,1006,G
5-NP,1379,0,2,1007,0,1009,G
5-NP,1380,0,1,1009,0,1010,G
5-NP,1381,984,0,1,0,985,A
5-NP,1382,0,0,985,0,985,G
5-NP,1383,0,2,980,0,982,G
5-NP,1384,0,0,973,0,973,G
5-NP,1385,0,4,980,0,984,G
5-NP,1386,968,0,1,0,969,A
5-NP,1387,0,0,968,0,968,G
5-NP,1388,0,946,0,1,947,T
5-NP,1389,1,0,0,943,944,C
5-NP,1390,0,950,0,0,950,T
5-NP,1391,0,945,0,0,945,T
5-NP,1392,1,0,0,959,960,C
5-NP,1393,2,1,951,0,954,G
5-NP,1394,955,0,0,0,955,A
5-NP,1395,0,0,993,0,993,G
5-NP,1396,0,0,0,963,963,C
5-NP,1397,0,965,0,1,966,T
5-NP,1398,0,0,0,965,965,C
5-NP,1399,0,954,0,0,954,T
5-NP,1400,2,0,0,966,968,C
5-NP,1401,965,0,1,0,966,A
5-NP,1402,0,2,965,0,967,G
5-NP,1403,967,0,0,0,967,A
5-NP,1404,0,0,0,960,960,C
5-NP,1405,0,3,961,0,964,G
5-NP,1406,942,0,1,0,943,A
5-NP,1407,0,1,943,0,944,G
5-NP,1408,938,0,1,0,939,A
5-NP,1409,936,0,0,0,936,A
5-NP,1410,2,3,932,0,937,G
5-NP,1411,0,0,933,0,933,G
5-NP,1412,0,0,0,931,931,C
5-NP,1413,928,0,1,0,929,A
5-NP,1414,932,0,0,1,933,A
5-NP,1415,7,1,0,921,929,C
5-NP,1416,0,2,928,0,930,G
5-NP,1417,935,0,0,0,935,A
5-NP,1418,933,0,0,0,933,A
5-NP,1419,0,0,0,935,935,C
5-NP,1420,2,0,0,922,924,C
5-NP,1421,2,0,0,909,911,C
5-NP,1422,0,4,913,0,917,G
5-NP,1423,913,0,0,0,913,A
5-NP,1424,0,917,0,0,917,T
5-NP,1425,2,0,0,901,903,C
5-NP,1426,1,0,906,0,907,G
5-NP,1427,0,896,0,0,896,T
5-NP,1428,1,0,898,0,899,G
5-NP,1429,0,0,0,886,886,C
5-NP,1430,3,3,0,883,889,C
5-NP,1431,1,0,0,890,891,C
5-NP,1432,0,873,0,3,876,T
5-NP,1433,1,0,0,921,922,C
5-NP,1434,0,915,0,0,915,T
5-NP,1435,0,914,0,0,914,T
5-NP,1436,0,910,0,0,910,T
5-NP,1437,0,903,0,0,903,T
5-NP,1438,0,2,913,0,915,G
5-NP,1439,909,0,0,0,909,A
5-NP,1440,0,906,0,1,907,T
5-NP,1441,903,0,0,0,903,A
5-NP,1442,0,783,0,0,783,T
5-NP,1443,0,3,788,0,791,G
5-NP,1444,788,0,0,0,788,A
5-NP,1445,0,1,790,0,791,G
5-NP,1446,0,792,0,0,792,T
5-NP,1447,769,0,0,0,769,A
5-NP,1448,772,2,0,0,774,A
5-NP,1449,0,771,0,0,771,T
5-NP,1450,0,1,768,0,769,G
5-NP,1451,770,0,0,0,770,A
5-NP,1452,680,0,1,0,681,A
5-NP,1453,0,2,675,0,677,G
5-NP,1454,0,1,638,0,639,G
5-NP,1455,635,0,0,0,635,A
5-NP,1456,0,632,0,0,632,T
5-NP,1457,3,0,0,627,630,C
5-NP,1458,0,623,0,0,623,T
5-NP,1459,0,625,0,0,625,T
5-NP,1460,626,0,0,0,626,A
5-NP,1461,0,620,0,0,620,T
5-NP,1462,0,614,0,0,614,T
5-NP,1463,0,606,0,0,606,T
5-NP,1464,1,0,0,596,597,C
5-NP,1465,0,565,0,0,565,T
5-NP,1466,0,563,0,0,563,T
5-NP,1467,0,0,0,563,563,C
5-NP,1468,0,0,557,0,557,G
5-NP,1469,0,1,561,0,562,G
5-NP,1470,558,0,0,0,558,A
5-NP,1471,0,0,561,0,561,G
5-NP,1472,558,0,0,0,558,A
5-NP,1473,0,0,0,545,545,C
5-NP,1474,510,0,1,0,511,A
5-NP,1475,512,0,0,0,512,A
5-NP,1476,0,510,0,0,510,T
5-NP,1477,0,0,510,0,510,G
5-NP,1478,1,0,0,507,508,C
5-NP,1479,491,0,0,0,491,A
5-NP,1480,0,1,490,0,491,G
5-NP,1481,489,0,0,0,489,A
5-NP,1482,460,0,0,0,460,A
5-NP,1483,0,0,460,0,460,G
5-NP,1484,326,0,0,0,326,A
5-NP,1485,0,0,325,0,325,G
5-NP,1486,0,301,0,0,301,T
5-NP,1487,298,0,0,0,298,A
5-NP,1488,0,263,0,0,263,T
5-NP,1489,0,1,258,0,259,G
5-NP,1490,264,0,0,0,264,A
5-NP,1491,0,0,0,261,261,C
5-NP,1492,188,0,0,0,188,A
5-NP,1493,185,0,0,0,185,A
5-NP,1494,0,130,0,0,130,T
5-NP,1495,0,119,0,0,119,T
5-NP,1496,117,0,0,0,117,A
5-NP,1497,115,0,0,0,115,A
6-NA,1,37,0,0,0,37,A
6-NA,2,0,38,0,0,38,T
6-NA,3,0,0,38,0,38,G
6-NA,4,38,0,0,0,38,A
6-NA,5,41,0,0,0,41,A
6-NA,6,0,41,0,0,41,T
6-NA,7,0,0,0,41,41,C
6-NA,8,0,0,0,41,41,C
6-NA,9,42,0,0,0,42,A
6-NA,10,43,0,0,0,43,A
6-NA,11,42,0,0,0,42,A
6-NA,12,0,44,0,0,44,T
6-NA,13,0,0,0,44,44,C
6-NA,14,44,0,0,0,44,A
6-NA,15,46,0,0,0,46,A
6-NA,16,46,0,0,0,46,A
6-NA,17,48,0,0,0,48,A
6-NA,18,0,0,52,0,52,G
6-NA,19,52,0,0,0,52,A
6-NA,20,0,52,0,0,52,T
6-NA,21,52,0,0,0,52,A
6-NA,22,52,0,0,0,52,A
6-NA,23,0,52,0,0,52,T
6-NA,24,52,0,0,0,52,A
6-NA,25,52,0,0,0,52,A
6-NA,26,0,0,0,56,56,C
6-NA,27,0,0,57,0,57,G
6-NA,28,56,0,0,0,56,A
6-NA,29,0,57,0,0,57,T
6-NA,30,0,56,0,0,56,T
6-NA,31,0,0,57,0,57,G
6-NA,32,0,0,62,0,62,G
6-NA,33,0,0,0,62,62,C
6-NA,34,0,63,0,0,63,T
6-NA,35,0,0,0,63,63,C
6-NA,36,0,64,0,0,64,T
6-NA,37,0,0,67,0,67,G
6-NA,38,0,68,0,0,68,T
6-NA,39,0,68,0,0,68,T
6-NA,40,0,71,0,0,71,T
6-NA,41,0,0,0,72,72,C
6-NA,42,0,72,0,0,72,T
6-NA,43,0,0,0,72,72,C
6-NA,44,0,73,0,0,73,T
6-NA,45,0,0,0,73,73,C
6-NA,46,73,0,0,0,73,A
6-NA,47,0,0,0,80,80,C
6-NA,48,0,0,0,81,81,C
6-NA,49,81,0,0,0,81,A
6-NA,50,0,83,0,0,83,T
6-NA,51,1,84,0,0,85,T
6-NA,52,0,85,0,0,85,T
6-NA,53,0,0,0,88,88,C
6-NA,54,0,0,0,89,89,C
6-NA,55,92,0,0,0,92,A
6-NA,56,0,0,0,102,102,C
6-NA,57,101,0,0,0,101,A
6-NA,58,107,0,0,0,107,A
6-NA,59,0,107,0,0,107,T
6-NA,60,108,0,0,0,108,A
6-NA,61,0,108,0,0,108,T
6-NA,62,0,0,107,0,107,G
6-NA,63,0,0,0,108,108,C
6-NA,64,0,108,0,0,108,T
6-NA,65,0,110,0,0,110,T
6-NA,66,0,0,0,110,110,C
6-NA,67,0,109,0,0,109,T
6-NA,68,0,108,0,0,108,T
6-NA,69,0,0,0,108,108,C
6-NA,70,107,0,0,0,107,A
6-NA,71,0,108,0,0,108,T
6-NA,72,0,0,109,0,109,G
6-NA,73,0,0,0,111,111,C
6-NA,74,110,0,0,0,110,A
6-NA,75,111,0,0,0,111,A
6-NA,76,112,0,0,0,112,A
6-NA,77,0,114,0,0,114,T
6-NA,78,0,114,0,0,114,T
6-NA,79,0,0,113,0,113,G
6-NA,80,0,0,0,113,113,C
6-NA,81,0,0,0,114,114,C
6-NA,82,115,0,0,0,115,A
6-NA,83,0,114,0,0,114,T
6-NA,84,0,0,0,130,130,C
6-NA,85,0,130,0,0,130,T
6-NA,86,0,129,0,0,129,T
6-NA,87,0,1,134,0,135,G
6-NA,88,132,0,0,0,132,A
6-NA,89,0,137,0,0,137,T
6-NA,90,136,0,0,0,136,A
6-NA,91,137,0,1,0,138,A
6-NA,92,0,0,0,162,162,C
6-NA,93,0,160,0,0,160,T
6-NA,94,161,0,0,0,161,A
6-NA,95,0,0,0,164,164,C
6-NA,96,0,166,0,0,166,T
6-NA,97,0,0,169,0,169,G
6-NA,98,0,169,0,0,169,T
6-NA,99,170,0,0,0,170,A
6-NA,100,174,0,0,0,174,A
6-NA,101,0,0,0,174,174,C
6-NA,102,172,0,0,0,172,A
6-NA,103,1,172,0,0,173,T
6-NA,104,0,171,0,0,171,T
6-NA,105,0,1,170,0,171,G
6-NA,106,0,0,0,169,169,C
6-NA,107,174,0,0,0,174,A
6-NA,108,0,174,0,0,174,T
6-NA,109,0,174,0,0,174,T
6-NA,110,0,174,0,0,174,T
6-NA,111,0,0,0,174,174,C
6-NA,112,176,0,0,0,176,A
6-NA,113,174,0,1,0,175,A
6-NA,114,0,0,176,0,176,G
6-NA,115,0,0,0,174,174,C
6-NA,116,176,0,0,0,176,A
6-NA,117,182,0,0,0,182,A
6-NA,118,0,187,0,0,187,T
6-NA,119,184,0,3,0,187,A
6-NA,120,0,188,0,0,188,T
6-NA,121,0,0,197,0,197,G
6-NA,122,195,0,0,0,195,A
6-NA,123,197,0,0,0,197,A
6-NA,124,0,198,0,0,198,T
6-NA,125,0,199,0,0,199,T
6-NA,126,1,1,0,197,199,C
6-NA,127,196,0,0,0,196,A
6-NA,128,198,0,0,0,198,A
6-NA,129,0,0,0,197,197,C
6-NA,130,0,192,0,0,192,T
6-NA,131,0,0,0,195,195,C
6-NA,132,0,0,0,194,194,C
6-NA,133,0,0,0,198,198,C
6-NA,134,0,0,0,201,201,C
6-NA,135,0,0,0,199,199,C
6-NA,136,0,0,1,201,202,C
6-NA,137,0,0,0,206,206,C
6-NA,138,205,0,0,0,205,A
6-NA,139,205,0,0,0,205,A
6-NA,140,205,0,0,0,205,A
6-NA,141,0,0,0,208,208,C
6-NA,142,202,0,0,0,202,A
6-NA,143,207,0,0,0,207,A
6-NA,144,0,0,0,206,206,C
6-NA,145,2,0,0,201,203,C
6-NA,146,209,0,0,0,209,A
6-NA,147,209,0,0,0,209,A
6-NA,148,0,0,214,0,214,G
6-NA,149,0,210,0,0,210,T
6-NA,150,0,0,213,0,213,G
6-NA,151,222,0,0,0,222,A
6-NA,152,0,222,0,0,222,T
6-NA,153,0,0,221,0,221,G
6-NA,154,0,0,0,220,220,C
6-NA,155,0,220,0,0,220,T
6-NA,156,1,0,234,0,235,G
6-NA,157,0,233,0,0,233,T
6-NA,158,0,0,233,0,233,G
6-NA,159,0,232,0,1,233,T
6-NA,160,0,1,233,0,234,G
6-NA,161,237,0,0,0,237,A
6-NA,162,237,0,0,0,237,A
6-NA,163,1,0,0,234,235,C
6-NA,164,1,0,0,232,233,C
6-NA,165,231,0,0,0,231,A
6-NA,166,232,0,0,0,232,A
6-NA,167,0,0,0,241,241,C
6-NA,168,240,0,0,0,240,A
6-NA,169,244,0,0,0,244,A
6-NA,170,0,242,0,0,242,T
6-NA,171,243,0,0,0,243,A
6-NA,172,242,0,0,0,242,A
6-NA,173,0,246,0,0,246,T
6-NA,174,246,0,0,0,246,A
6-NA,175,0,1,248,0,249,G
6-NA,176,243,0,0,0,243,A
6-NA,177,245,0,1,0,246,A
6-NA,178,243,0,0,0,243,A
6-NA,179,0,0,244,0,244,G
6-NA,180,242,0,0,0,242,A
6-NA,181,245,0,0,0,245,A
6-NA,182,252,0,0,0,252,A
6-NA,183,0,0,0,256,256,C
6-NA,184,253,0,0,0,253,A
6-NA,185,0,258,0,0,258,T
6-NA,186,260,0,0,0,260,A
6-NA,187,259,0,0,0,259,A
6-NA,188,0,1,0,260,261,C
6-NA,189,256,5,0,0,261,A
6-NA,190,0,0,267,0,267,G
6-NA,191,263,0,0,0,263,A
6-NA,192,0,0,263,0,263,G
6-NA,193,259,0,0,0,259,A
6-NA,194,0,275,0,0,275,T
6-NA,195,276,0,0,0,276,A
6-NA,196,1,0,280,0,281,G
6-NA,197,0,280,0,0,280,T
6-NA,198,0,0,287,0,287,G
6-NA,199,0,286,0,0,286,T
6-NA,200,281,0,0,0,281,A
6-NA,201,0,284,0,0,284,T
6-NA,202,0,0,0,283,283,C
6-NA,203,0,277,0,0,277,T
6-NA,204,0,2,281,0,283,G
6-NA,205,283,0,0,0,283,A
6-NA,206,0,0,0,285,285,C
6-NA,207,0,0,0,285,285,C
6-NA,208,286,0,0,0,286,A
6-NA,209,294,0,0,0,294,A
6-NA,210,0,0,0,300,300,C
6-NA,211,296,0,0,0,296,A
6-NA,212,0,0,0,306,306,C
6-NA,213,0,0,0,305,305,C
6-NA,214,318,0,0,0,318,A
6-NA,215,0,0,0,329,329,C
6-NA,216,0,0,0,327,327,C
6-NA,217,328,0,0,0,328,A
6-NA,218,0,327,0,0,327,T
6-NA,219,327,0,0,0,327,A
6-NA,220,0,0,330,0,330,G
6-NA,221,326,0,0,0,326,A
6-NA,222,0,0,339,0,339,G
6-NA,223,333,0,0,0,333,A
6-NA,224,329,0,0,0,329,A
6-NA,225,0,0,332,0,332,G
6-NA,226,0,1,330,0,331,G
6-NA,227,326,0,0,0,326,A
6-NA,228,333,0,0,0,333,A
6-NA,229,331,0,0,0,331,A
6-NA,230,0,334,0,0,334,T
6-NA,231,332,0,0,0,332,A
6-NA,232,1,330,0,0,331,T
6-NA,233,1,1,329,0,331,G
6-NA,234,0,0,0,329,329,C
6-NA,235,1,0,0,328,329,C
6-NA,236,0,0,0,330,330,C
6-NA,237,1,0,0,335,336,C
6-NA,238,334,0,0,0,334,A
6-NA,239,342,0,0,0,342,A
6-NA,240,343,0,0,0,343,A
6-NA,241,0,0,0,339,339,C
6-NA,242,0,341,0,0,341,T
6-NA,243,339,0,0,0,339,A
6-NA,244,0,0,340,0,340,G
6-NA,245,1,11,0,327,339,C
6-NA,246,340,0,0,0,340,A
6-NA,247,0,1,344,0,345,G
6-NA,248,344,0,0,0,344,A
6-NA,249,357,0,0,0,357,A
6-NA,250,0,357,0,0,357,T
6-NA,251,356,0,0,0,356,A
6-NA,252,0,0,0,359,359,C
6-NA,253,357,0,0,0,357,A
6-NA,254,0,0,361,0,361,G
6-NA,255,359,0,0,0,359,A
6-NA,256,358,0,0,0,358,A
6-NA,257,358,0,0,0,358,A
6-NA,258,0,349,0,0,349,T
6-NA,259,0,351,0,0,351,T
6-NA,260,0,0,349,0,349,G
6-NA,261,0,0,348,0,348,G
6-NA,262,0,348,0,0,348,T
6-NA,263,2,0,0,349,351,C
6-NA,264,354,0,0,0,354,A
6-NA,265,357,0,0,0,357,A
6-NA,266,357,0,0,0,357,A
6-NA,267,0,0,354,0,354,G
6-NA,268,0,0,0,357,357,C
6-NA,269,0,0,0,357,357,C
6-NA,270,0,0,357,0,357,G
6-NA,271,0,0,0,361,361,C
6-NA,272,358,0,0,0,358,A
6-NA,273,364,0,0,0,364,A
6-NA,274,0,365,0,0,365,T
6-NA,275,1,0,371,0,372,G
6-NA,276,0,368,0,0,368,T
6-NA,277,0,1,365,0,366,G
6-NA,278,370,0,0,0,370,A
6-NA,279,0,0,0,377,377,C
6-NA,280,388,0,0,0,388,A
6-NA,281,0,395,0,0,395,T
6-NA,282,0,391,0,0,391,T
6-NA,283,392,0,0,0,392,A
6-NA,284,0,0,0,393,393,C
6-NA,285,392,0,0,0,392,A
6-NA,286,0,0,390,0,390,G
6-NA,287,0,1,386,0,387,G
6-NA,288,0,0,373,0,373,G
6-NA,289,0,377,0,0,377,T
6-NA,290,0,378,0,0,378,T
6-NA,291,0,380,0,0,380,T
6-NA,292,1,0,378,0,379,G
6-NA,293,0,0,0,381,381,C
6-NA,294,380,0,1,0,381,A
6-NA,295,0,0,0,384,384,C
6-NA,296,1,0,0,383,384,C
6-NA,297,1,379,0,0,380,T
6-NA,298,0,380,0,0,380,T
6-NA,299,0,383,0,1,384,T
6-NA,300,0,385,0,0,385,T
6-NA,301,0,391,0,0,391,T
6-NA,302,0,0,0,395,395,C
6-NA,303,0,388,0,0,388,T
6-NA,304,389,0,0,0,389,A
6-NA,305,390,0,0,0,390,A
6-NA,306,0,0,394,0,394,G
6-NA,307,0,1,393,0,394,G
6-NA,308,389,0,0,0,389,A
6-NA,309,0,0,0,393,393,C
6-NA,310,391,0,0,0,391,A
6-NA,311,389,0,0,0,389,A
6-NA,312,0,389,0,0,389,T
6-NA,313,0,386,0,0,386,T
6-NA,314,2,0,0,396,398,C
6-NA,315,0,1,397,0,398,G
6-NA,316,398,0,1,0,399,A
6-NA,317,0,400,0,0,400,T
6-NA,318,0,398,0,0,398,T
6-NA,319,398,0,0,0,398,A
6-NA,320,1,0,399,0,400,G
6-NA,321,0,0,400,0,400,G
6-NA,322,0,0,0,401,401,C
6-NA,323,0,394,0,0,394,T
6-NA,324,0,395,0,0,395,T
6-NA,325,0,396,0,0,396,T
6-NA,326,1,0,0,394,395,C
6-NA,327,0,0,0,395,395,C
6-NA,328,0,0,395,0,395,G
6-NA,329,0,0,0,396,396,C
6-NA,330,0,389,0,0,389,T
6-NA,331,0,0,401,0,401,G
6-NA,332,0,0,398,0,398,G
6-NA,333,0,398,0,0,398,T
6-NA,334,0,1,400,0,401,G
6-NA,335,0,0,395,0,395,G
6-NA,336,0,0,397,0,397,G
6-NA,337,0,0,400,0,400,G
6-NA,338,394,0,0,0,394,A
6-NA,339,0,0,0,405,405,C
6-NA,340,400,0,0,0,400,A
6-NA,341,0,396,0,0,396,T
6-NA,342,0,0,0,398,398,C
6-NA,343,0,400,0,0,400,T
6-NA,344,0,0,399,0,399,G
6-NA,345,0,0,398,0,398,G
6-NA,346,0,0,403,0,403,G
6-NA,347,0,400,0,0,400,T
6-NA,348,0,3,394,0,397,G
6-NA,349,395,0,0,0,395,A
6-NA,350,0,0,1,398,399,C
6-NA,351,401,0,0,0,401,A
6-NA,352,400,0,0,0,400,A
6-NA,353,0,1,403,0,404,G
6-NA,354,402,0,0,0,402,A
6-NA,355,0,0,410,0,410,G
6-NA,356,414,0,0,0,414,A
6-NA,357,431,0,0,0,431,A
6-NA,358,0,0,0,476,476,C
6-NA,359,1,0,0,497,498,C
6-NA,360,0,499,0,0,499,T
6-NA,361,0,503,0,0,503,T
6-NA,362,505,0,0,0,505,A
6-NA,363,0,504,0,0,504,T
6-NA,364,0,1,521,0,522,G
6-NA,365,0,523,0,1,524,T
6-NA,366,0,0,528,0,528,G
6-NA,367,0,521,0,0,521,T
6-NA,368,1,0,0,518,519,C
6-NA,369,520,1,0,0,521,A
6-NA,370,0,521,0,0,521,T
6-NA,371,0,0,521,0,521,G
6-NA,372,0,0,0,520,520,C
6-NA,373,1,1,514,0,516,G
6-NA,374,565,0,0,0,565,A
6-NA,375,0,563,0,0,563,T
6-NA,376,2,0,0,569,571,C
6-NA,377,1,0,0,569,570,C
6-NA,378,0,582,0,0,582,T
6-NA,379,0,2,580,0,582,G
6-NA,380,584,0,0,0,584,A
6-NA,381,0,0,0,585,585,C
6-NA,382,583,0,0,0,583,A
6-NA,383,558,0,0,1,559,A
6-NA,384,1,0,577,0,578,G
6-NA,385,0,578,0,0,578,T
6-NA,386,0,0,583,0,583,G
6-NA,387,0,584,0,0,584,T
6-NA,388,0,580,0,0,580,T
6-NA,389,583,0,0,0,583,A
6-NA,390,0,584,0,0,584,T
6-NA,391,0,0,0,588,588,C
6-NA,392,583,1,0,0,584,A
6-NA,393,581,0,0,0,581,A
6-NA,394,0,577,0,0,577,T
6-NA,395,0,574,0,0,574,T
6-NA,396,0,577,0,0,577,T
6-NA,397,0,0,577,0,577,G
6-NA,398,0,0,0,602,602,C
6-NA,399,2,0,0,602,604,C
6-NA,400,0,0,0,601,601,C
6-NA,401,0,599,0,0,599,T
6-NA,402,0,604,0,0,604,T
6-NA,403,1,1,612,0,614,G
6-NA,404,0,1,608,0,609,G
6-NA,405,615,0,0,0,615,A
6-NA,406,0,0,0,618,618,C
6-NA,407,597,0,0,0,597,A
6-NA,408,1,1,604,0,606,G
6-NA,409,0,0,608,0,608,G
6-NA,410,0,3,627,0,630,G
6-NA,411,628,0,1,0,629,A
6-NA,412,624,0,0,0,624,A
6-NA,413,1,1,0,628,630,C
6-NA,414,629,0,0,0,629,A
6-NA,415,680,0,0,0,680,A
6-NA,416,0,0,0,686,686,C
6-NA,417,678,0,0,0,678,A
6-NA,418,0,0,0,684,684,C
6-NA,419,0,674,1,0,675,T
6-NA,420,681,0,0,0,681,A
6-NA,421,682,0,0,0,682,A
6-NA,422,687,0,0,0,687,A
6-NA,423,0,0,0,690,690,C
6-NA,424,662,0,0,0,662,A
6-NA,425,674,0,0,0,674,A
6-NA,426,0,0,0,676,676,C
6-NA,427,1,0,674,0,675,G
6-NA,428,0,674,0,0,674,T
6-NA,429,670,0,0,0,670,A
6-NA,430,0,0,0,692,692,C
6-NA,431,690,0,2,0,692,A
6-NA,432,0,691,0,0,691,T
6-NA,433,0,692,0,0,692,T
6-NA,434,2,0,1,733,736,C
6-NA,435,744,0,0,0,744,A
6-NA,436,751,0,0,0,751,A
6-NA,437,748,0,0,0,748,A
6-NA,438,1,748,0,0,749,T
6-NA,439,744,0,0,0,744,A
6-NA,440,764,0,0,0,764,A
6-NA,441,0,0,0,772,772,C
6-NA,442,768,0,0,0,768,A
6-NA,443,0,0,0,775,775,C
6-NA,444,759,0,0,0,759,A
6-NA,445,0,0,884,0,884,G
6-NA,446,0,883,0,0,883,T
6-NA,447,899,0,0,0,899,A
6-NA,448,0,0,0,908,908,C
6-NA,449,0,1,905,0,906,G
6-NA,450,0,947,0,0,947,T
6-NA,451,0,1,951,0,952,G
6-NA,452,953,0,0,0,953,A
6-NA,453,0,966,0,0,966,T
6-NA,454,895,0,0,0,895,A
6-NA,455,0,2,894,0,896,G
6-NA,456,0,1,886,0,887,G
6-NA,457,892,0,0,0,892,A
6-NA,458,0,0,0,915,915,C
6-NA,459,1,0,0,898,899,C
6-NA,460,1,5,1,916,923,C
6-NA,461,2,15,0,903,920,C
6-NA,462,0,929,0,0,929,T
6-NA,463,0,936,0,0,936,T
6-NA,464,939,0,0,0,939,A
6-NA,465,0,936,0,0,936,T
6-NA,466,0,0,0,936,936,C
6-NA,467,0,1,928,0,929,G
6-NA,468,0,1,921,0,922,G
6-NA,469,927,0,0,0,927,A
6-NA,470,0,0,0,925,925,C
6-NA,471,0,0,0,918,918,C
6-NA,472,4,0,0,952,956,C
6-NA,473,0,957,0,0,957,T
6-NA,474,972,0,1,0,973,A
6-NA,475,0,971,0,0,971,T
6-NA,476,0,977,0,0,977,T
6-NA,477,0,2,978,0,980,G
6-NA,478,975,0,1,1,977,A
6-NA,479,0,982,0,0,982,T
6-NA,480,4,4,974,0,982,G
6-NA,481,956,0,0,0,956,A
6-NA,482,960,0,0,0,960,A
6-NA,483,0,957,0,0,957,T
6-NA,484,1,1,975,0,977,G
6-NA,485,981,0,0,0,981,A
6-NA,486,0,1,998,0,999,G
6-NA,487,0,999,0,0,999,T
6-NA,488,0,1000,0,0,1000,T
6-NA,489,1007,0,0,0,1007,A
6-NA,490,0,1,1011,0,1012,G
6-NA,491,0,1,999,0,1000,G
6-NA,492,0,994,0,0,994,T
6-NA,493,0,0,1000,0,1000,G
6-NA,494,0,989,0,0,989,T
6-NA,495,0,994,0,0,994,T
6-NA,496,4,1,0,985,990,C
6-NA,497,3,0,0,987,990,C
6-NA,498,3,0,0,986,989,C
6-NA,499,0,1008,1,0,1009,T
6-NA,500,0,1017,0,1,1018,T
6-NA,501,1,1009,0,0,1010,T
6-NA,502,3,0,0,1019,1022,C
6-NA,503,1020,0,0,0,1020,A
6-NA,504,0,1044,0,0,1044,T
6-NA,505,1,0,0,1040,1041,C
6-NA,506,0,1027,0,0,1027,T
6-NA,507,0,3,1021,1,1025,G
6-NA,508,0,1,1024,0,1025,G
6-NA,509,0,2,1006,0,1008,G
6-NA,510,0,4,1019,0,1023,G
6-NA,511,1028,0,1,0,1029,A
6-NA,512,0,0,0,1049,1049,C
6-NA,513,0,0,0,1037,1037,C
6-NA,514,1054,0,0,0,1054,A
6-NA,515,1058,0,0,0,1058,A
6-NA,516,0,0,1062,0,1062,G
6-NA,517,0,0,0,1069,1069,C
6-NA,518,1071,0,0,0,1071,A
6-NA,519,1083,0,3,0,1086,A
6-NA,520,0,1,1091,0,1092,G
6-NA,521,0,1080,0,0,1080,T
6-NA,522,0,0,1100,0,1100,G
6-NA,523,0,1095,0,0,1095,T
6-NA,524,0,2,1108,0,1110,G
6-NA,525,1,0,0,1114,1115,C
6-NA,526,1111,0,0,0,1111,A
6-NA,527,0,1117,0,0,1117,T
6-NA,528,1107,0,0,0,1107,A
6-NA,529,0,0,1128,0,1128,G
6-NA,530,1,0,0,1126,1127,C
6-NA,531,1117,0,0,0,1117,A
6-NA,532,0,1117,0,0,1117,T
6-NA,533,0,0,1082,0,1082,G
6-NA,534,0,0,1196,0,1196,G
6-NA,535,0,1200,0,1,1201,T
6-NA,536,2,0,0,1202,1204,C
6-NA,537,0,0,0,1241,1241,C
6-NA,538,1267,0,1,0,1268,A
6-NA,539,0,0,1398,2,1400,G
6-NA,540,0,0,0,1411,1411,C
6-NA,541,0,1410,0,1,1411,T
6-NA,542,6,0,0,1415,1421,C
6-NA,543,1399,0,0,0,1399,A
6-NA,544,1434,0,1,0,1435,A
6-NA,545,0,1,1450,0,1451,G
6-NA,546,0,1476,1,1,1478,T
6-NA,547,0,1477,0,1,1478,T
6-NA,548,0,1,1488,0,1489,G
6-NA,549,0,1486,0,1,1487,T
6-NA,550,6,1,0,1476,1483,C
6-NA,551,1482,0,4,0,1486,A
6-NA,552,0,0,0,1520,1520,C
6-NA,553,0,1,1523,0,1524,G
6-NA,554,1547,0,1,0,1548,A
6-NA,555,0,1570,0,0,1570,T
6-NA,556,0,2,1633,0,1635,G
6-NA,557,0,2,1647,0,1649,G
6-NA,558,1655,0,1,0,1656,A
6-NA,559,1659,0,0,0,1659,A
6-NA,560,1698,0,0,0,1698,A
6-NA,561,1694,0,4,0,1698,A
6-NA,562,1,2,1733,0,1736,G
6-NA,563,0,0,0,1741,1741,C
6-NA,564,1739,0,2,0,1741,A
6-NA,565,0,1745,0,0,1745,T
6-NA,566,1,4,1777,0,1782,G
6-NA,567,0,0,1784,0,1784,G
6-NA,568,0,1,0,1833,1834,C
6-NA,569,0,1826,0,2,1828,T
6-NA,570,1,1,1851,0,1853,G
6-NA,571,0,0,0,1847,1847,C
6-NA,572,1862,0,0,0,1862,A
6-NA,573,0,1981,0,0,1981,T
6-NA,574,0,2,1997,0,1999,G
6-NA,575,0,2048,0,0,2048,T
6-NA,576,0,2136,0,2,2138,T
6-NA,577,0,2142,0,2,2144,T
6-NA,578,0,0,2314,1,2315,G
6-NA,579,2,2290,0,0,2292,T
6-NA,580,2318,0,0,0,2318,A
6-NA,581,0,2332,0,0,2332,T
6-NA,582,2315,0,0,0,2315,A
6-NA,583,2329,0,1,0,2330,A
6-NA,584,1,1,0,2323,2325,C
6-NA,585,0,3,2315,0,2318,G
6-NA,586,0,1,2331,0,2332,G
6-NA,587,0,3,2307,0,2310,G
6-NA,588,0,3,2326,1,2330,G
6-NA,589,0,6,2331,0,2337,G
6-NA,590,2320,0,3,0,2323,A
6-NA,591,0,2351,0,0,2351,T
6-NA,592,0,7,2363,0,2370,G
6-NA,593,2391,1,0,0,2392,A
6-NA,594,0,2407,0,1,2408,T
6-NA,595,2402,0,1,0,2403,A
6-NA,596,2419,0,1,0,2420,A
6-NA,597,2439,0,1,1,2441,A
6-NA,598,2439,0,0,1,2440,A
6-NA,599,2453,0,0,0,2453,A
6-NA,600,1,2453,0,1,2455,T
6-NA,601,1,3,2461,0,2465,G
6-NA,602,0,1,0,2460,2461,C
6-NA,603,2459,1,1,0,2461,A
6-NA,604,2473,0,5,0,2478,A
6-NA,605,1,0,0,2519,2520,C
6-NA,606,0,2515,0,15,2530,T
6-NA,607,0,2,2544,0,2546,G
6-NA,608,0,0,0,2546,2546,C
6-NA,609,0,2558,0,0,2558,T
6-NA,610,2557,0,1,0,2558,A
6-NA,611,0,0,2569,0,2569,G
6-NA,612,0,0,0,2607,2607,C
6-NA,613,0,2606,0,4,2610,T
6-NA,614,0,2611,0,0,2611,T
6-NA,615,9,0,0,2638,2647,C
6-NA,616,2657,0,0,0,2657,A
6-NA,617,0,2668,0,0,2668,T
6-NA,618,0,2683,0,0,2683,T
6-NA,619,0,2687,0,0,2687,T
6-NA,620,2701,0,0,0,2701,A
6-NA,621,0,2,0,2721,2723,C
6-NA,622,2709,0,0,0,2709,A
6-NA,623,2732,0,0,0,2732,A
6-NA,624,0,2733,0,0,2733,T
6-NA,625,0,4,2757,0,2761,G
6-NA,626,0,6,2761,0,2767,G
6-NA,627,0,9,2752,0,2761,G
6-NA,628,2728,0,4,0,2732,A
6-NA,629,2730,0,1,0,2731,A
6-NA,630,0,0,2911,0,2911,G
6-NA,631,0,0,0,3249,3249,C
6-NA,632,0,3279,0,1,3280,T
6-NA,633,0,3352,0,0,3352,T
6-NA,634,0,1,3377,0,3378,G
6-NA,635,0,3364,0,1,3365,T
6-NA,636,3450,0,1,0,3451,A
6-NA,637,1,8,3477,0,3486,G
6-NA,638,3469,1,1,0,3471,A
6-NA,639,0,3484,0,0,3484,T
6-NA,640,3312,0,0,0,3312,A
6-NA,641,0,0,3319,0,3319,G
6-NA,642,1,3279,0,0,3280,T
6-NA,643,0,1,3254,0,3255,G
6-NA,644,0,3451,0,0,3451,T
6-NA,645,0,3455,0,1,3456,T
6-NA,646,1,1,3517,0,3519,G
6-NA,647,0,3512,0,2,3514,T
6-NA,648,0,3514,0,3,3517,T
6-NA,649,0,3526,0,2,3528,T
6-NA,650,7,0,0,3486,3493,C
6-NA,651,3491,2,1,1,3495,A
6-NA,652,0,3468,0,2,3470,T
6-NA,653,0,8,3467,0,3475,G
6-NA,654,0,2,3695,0,3697,G
6-NA,655,0,3683,0,2,3685,T
6-NA,656,4,0,1,3689,3694,C
6-NA,657,8,1,0,3696,3705,C
6-NA,658,3725,0,2,0,3727,A
6-NA,659,3742,0,2,0,3744,A
6-NA,660,3752,0,3,0,3755,A
6-NA,661,0,3,3773,0,3776,G
6-NA,662,3762,1,1,0,3764,A
6-NA,663,3692,0,1,0,3693,A
6-NA,664,3700,0,0,1,3701,A
6-NA,665,0,3699,0,0,3699,T
6-NA,666,8,0,0,3797,3805,C
6-NA,667,9,1,0,3803,3813,C
6-NA,668,0,3803,0,2,3805,T
6-NA,669,3,0,0,3813,3816,C
6-NA,670,3799,1,2,1,3803,A
6-NA,671,0,7,3829,0,3836,G
6-NA,672,0,10,3826,0,3836,G
6-NA,673,3956,1,3,0,3960,A
6-NA,674,3,0,0,3946,3949,C
6-NA,675,6,4,0,3883,3893,C
6-NA,676,2,0,0,3925,3927,C
6-NA,677,3910,1,2,0,3913,A
6-NA,678,0,2,3942,0,3944,G
6-NA,679,0,12,3943,1,3956,G
6-NA,680,3941,1,1,0,3943,A
6-NA,681,0,0,4023,1,4024,G
6-NA,682,0,3958,0,2,3960,T
6-NA,683,7,0,0,3968,3975,C
6-NA,684,3973,0,7,0,3980,A
6-NA,685,0,4,4019,0,4023,G
6-NA,686,4004,1,2,1,4008,A
6-NA,687,4004,0,1,0,4005,A
6-NA,688,0,3999,0,0,3999,T
6-NA,689,0,1,4017,0,4018,G
6-NA,690,2,1,0,4015,4018,C
6-NA,691,1,0,4058,0,4059,G
6-NA,692,1,4029,0,2,4032,T
6-NA,693,1,4046,0,1,4048,T
6-NA,694,0,4047,0,0,4047,T
6-NA,695,1,1,4081,0,4083,G
6-NA,696,0,4095,0,2,4097,T
6-NA,697,4098,0,1,1,4100,A
6-NA,698,0,4082,0,2,4084,T
6-NA,699,11,2,1,4094,4108,C
6-NA,700,4128,0,0,0,4128,A
6-NA,701,4121,0,0,0,4121,A
6-NA,702,0,4121,1,2,4124,T
6-NA,703,0,8,4109,0,4117,G
6-NA,704,0,11,4131,0,4142,G
6-NA,705,4239,1,2,0,4242,A
6-NA,706,4256,0,1,0,4257,A
6-NA,707,1,1,0,4292,4294,C
6-NA,708,0,4347,0,1,4348,T
6-NA,709,0,4342,0,1,4343,T
6-NA,710,2,1,4496,0,4499,G
6-NA,711,0,4476,0,2,4478,T
6-NA,712,4495,0,2,0,4497,A
6-NA,713,0,1,0,4552,4553,C
6-NA,714,4453,0,1,0,4454,A
6-NA,715,0,1,4798,1,4800,G
6-NA,716,0,4780,0,0,4780,T
6-NA,717,4986,0,2,0,4988,A
6-NA,718,0,4,5020,0,5024,G
6-NA,719,0,4957,0,0,4957,T
6-NA,720,4960,1,0,0,4961,A
6-NA,721,4954,0,0,0,4954,A
6-NA,722,0,4976,0,0,4976,T
6-NA,723,1,21,4978,0,5000,G
6-NA,724,4910,0,2,0,4912,A
6-NA,725,3,2,1,4963,4969,C
6-NA,726,0,4851,0,0,4851,T
6-NA,727,0,11,4878,1,4890,G
6-NA,728,4836,0,14,1,4851,A
6-NA,729,0,4901,0,1,4902,T
6-NA,730,0,6,4890,0,4896,G
6-NA,731,1,3,4875,0,4879,G
6-NA,732,0,16,4886,0,4902,G
6-NA,733,4822,0,2,1,4825,A
6-NA,734,0,0,4854,0,4854,G
6-NA,735,0,4827,1,1,4829,T
6-NA,736,2,3,4874,0,4879,G
6-NA,737,1,0,0,4951,4952,C
6-NA,738,0,4949,0,0,4949,T
6-NA,739,0,4947,0,0,4947,T
6-NA,740,4,0,0,4951,4955,C
6-NA,741,4941,0,8,0,4949,A
6-NA,742,1,7,4988,0,4996,G
6-NA,743,0,8,4972,0,4980,G
6-NA,744,4971,0,1,0,4972,A
6-NA,745,4947,0,3,0,4950,A
6-NA,746,4898,2,0,1,4901,A
6-NA,747,4920,0,3,0,4923,A
6-NA,748,0,1,4944,0,4945,G
6-NA,749,1,0,0,4947,4948,C
6-NA,750,0,4933,0,1,4934,T
6-NA,751,0,9,4925,0,4934,G
6-NA,752,4923,0,0,0,4923,A
6-NA,753,1,4992,0,1,4994,T
6-NA,754,5008,0,0,0,5008,A
6-NA,755,1,2,0,5223,5226,C
6-NA,756,1,5227,0,0,5228,T
6-NA,757,5233,0,1,0,5234,A
6-NA,758,5240,0,1,0,5241,A
6-NA,759,5237,0,3,0,5240,A
6-NA,760,5364,1,0,0,5365,A
6-NA,761,0,5376,0,0,5376,T
6-NA,762,5349,0,1,0,5350,A
6-NA,763,1,0,0,5385,5386,C
6-NA,764,2,5250,0,0,5252,T
6-NA,765,5347,0,0,0,5347,A
6-NA,766,0,5324,0,3,5327,T
6-NA,767,1,5589,0,1,5591,T
6-NA,768,12,1,0,5603,5616,C
6-NA,769,5549,0,0,0,5549,A
6-NA,770,0,5546,0,2,5548,T
6-NA,771,0,5546,1,1,5548,T
6-NA,772,0,7,5559,0,5566,G
6-NA,773,5514,1,0,0,5515,A
6-NA,774,1,0,5535,0,5536,G
6-NA,775,2,9,5513,0,5524,G
6-NA,776,5339,1,1,0,5341,A
6-NA,777,1,6,5446,0,5453,G
6-NA,778,0,10,5437,0,5447,G
6-NA,779,1,6,5432,0,5439,G
6-NA,780,1,12,5445,0,5458,G
6-NA,781,5430,0,3,0,5433,A
6-NA,782,5464,0,0,0,5464,A
6-NA,783,5465,0,1,0,5466,A
6-NA,784,5440,0,3,0,5443,A
6-NA,785,0,5445,0,0,5445,T
6-NA,786,19,0,0,5409,5428,C
6-NA,787,1,1,5489,0,5491,G
6-NA,788,0,5458,1,0,5459,T
6-NA,789,0,5464,0,3,5467,T
6-NA,790,21,2,0,5452,5475,C
6-NA,791,5466,0,1,0,5467,A
6-NA,792,0,5807,0,2,5809,T
6-NA,793,5791,0,3,0,5794,A
6-NA,794,2,0,0,5850,5852,C
6-NA,795,0,5835,0,0,5835,T
6-NA,796,5827,0,7,0,5834,A
6-NA,797,1,0,5829,0,5830,G
6-NA,798,1,1,0,5825,5827,C
6-NA,799,5826,0,2,0,5828,A
6-NA,800,0,1,0,5852,5853,C
6-NA,801,5660,0,1,0,5661,A
6-NA,802,0,5725,0,29,5754,T
6-NA,803,0,5745,0,0,5745,T
6-NA,804,2,0,6158,0,6160,G
6-NA,805,0,6135,0,4,6139,T
6-NA,806,22,1,0,6115,6138,C
6-NA,807,6108,1,8,0,6117,A
6-NA,808,2,8,6121,0,6131,G
6-NA,809,1,10,6120,0,6131,G
6-NA,810,6120,0,0,0,6120,A
6-NA,811,6044,0,4,0,6048,A
6-NA,812,0,0,6134,1,6135,G
6-NA,813,1,5823,0,0,5824,T
6-NA,814,2,2,5875,0,5879,G
6-NA,815,2,1,0,5873,5876,C
6-NA,816,0,5905,0,3,5908,T
6-NA,817,17,0,0,5884,5901,C
6-NA,818,5897,1,0,0,5898,A
6-NA,819,5796,1,3,0,5800,A
6-NA,820,1,31,0,5854,5886,C
6-NA,821,5938,0,2,0,5940,A
6-NA,822,0,5946,0,1,5947,T
6-NA,823,2,0,6107,1,6110,G
6-NA,824,0,6087,0,4,6091,T
6-NA,825,12,1,1,6088,6102,C
6-NA,826,1,10,6100,1,6112,G
6-NA,827,6073,1,4,0,6078,A
6-NA,828,1,10,6078,0,6089,G
6-NA,829,0,14,6072,0,6086,G
6-NA,830,6034,0,1,0,6035,A
6-NA,831,26,0,6067,0,6093,G
6-NA,832,1,5980,0,2,5983,T
6-NA,833,2,3,6001,0,6006,G
6-NA,834,2,3,0,6099,6104,C
6-NA,835,0,6076,0,6,6082,T
6-NA,836,14,0,0,6096,6110,C
6-NA,837,6,1,1,6132,6140,C
6-NA,838,2,6130,0,2,6134,T
6-NA,839,1,0,6161,0,6162,G
6-NA,840,0,1,1,6109,6111,C
6-NA,841,0,6084,0,2,6086,T
6-NA,842,6158,1,0,0,6159,A
6-NA,843,0,6059,0,0,6059,T
6-NA,844,6,8,0,6073,6087,C
6-NA,845,13,0,0,6078,6091,C
6-NA,846,0,6066,1,1,6068,T
6-NA,847,11,2,0,6143,6156,C
6-NA,848,0,12,6146,0,6158,G
6-NA,849,6183,1,2,0,6186,A
6-NA,850,0,6205,0,0,6205,T
6-NA,851,6206,0,0,0,6206,A
6-NA,852,0,6155,0,1,6156,T
6-NA,853,5,0,0,6180,6185,C
6-NA,854,13,1,0,6177,6191,C
6-NA,855,1,6156,1,1,6159,T
6-NA,856,1,6,6143,0,6150,G
6-NA,857,0,0,6162,0,6162,G
6-NA,858,0,6218,0,2,6220,T
6-NA,859,0,0,6270,0,6270,G
6-NA,860,0,6239,0,1,6240,T
6-NA,861,33,0,0,6209,6242,C
6-NA,862,6238,0,2,2,6242,A
6-NA,863,1,4,6239,0,6244,G
6-NA,864,6232,3,5,0,6240,A
6-NA,865,0,6216,0,0,6216,T
6-NA,866,2,1,6223,0,6226,G
6-NA,867,1,6125,0,1,6127,T
6-NA,868,0,1,6140,3,6144,G
6-NA,869,0,6127,0,3,6130,T
6-NA,870,18,0,0,6148,6166,C
6-NA,871,1,6138,0,7,6146,T
6-NA,872,2,1,6153,1,6157,G
6-NA,873,0,1,0,6157,6158,C
6-NA,874,6143,0,2,0,6145,A
6-NA,875,1,9,6145,1,6156,G
6-NA,876,5994,0,0,0,5994,A
6-NA,877,0,8,6019,3,6030,G
6-NA,878,5987,1,4,0,5992,A
6-NA,879,2,1,0,6048,6051,C
6-NA,880,6049,0,4,0,6053,A
6-NA,881,6069,3,3,0,6075,A
6-NA,882,2,0,0,6102,6104,C
6-NA,883,0,6106,0,2,6108,T
6-NA,884,2,5,6137,0,6144,G
6-NA,885,1,9,6112,0,6122,G
6-NA,886,6094,0,2,0,6096,A
6-NA,887,6101,0,3,0,6104,A
6-NA,888,5959,0,5,0,5964,A
6-NA,889,0,10,5925,0,5935,G
6-NA,890,0,14,5850,0,5864,G
6-NA,891,5757,0,3,1,5761,A
6-NA,892,0,5921,0,1,5922,T
6-NA,893,10,0,0,5980,5990,C
6-NA,894,5,3,0,6106,6114,C
6-NA,895,6129,0,1,0,6130,A
6-NA,896,6127,1,0,0,6128,A
6-NA,897,0,6117,0,1,6118,T
6-NA,898,5965,0,4,0,5969,A
6-NA,899,0,4,5932,0,5936,G
6-NA,900,0,3,5918,0,5921,G
6-NA,901,2,2,1,5917,5922,C
6-NA,902,5,0,0,5894,5899,C
6-NA,903,8,2,1,5725,5736,C
6-NA,904,5767,0,1,0,5768,A
6-NA,905,0,5794,2,2,5798,T
6-NA,906,8,1,0,5831,5840,C
6-NA,907,2,1,5859,1,5863,G
6-NA,908,1,5838,0,0,5839,T
6-NA,909,5700,1,5,0,5706,A
6-NA,910,3,4,5815,0,5822,G
6-NA,911,5831,0,0,0,5831,A
6-NA,912,1,5875,0,0,5876,T
6-NA,913,5736,0,1,1,5738,A
6-NA,914,1,5692,0,0,5693,T
6-NA,915,5671,0,2,0,5673,A
6-NA,916,5658,0,1,0,5659,A
6-NA,917,5777,0,5,1,5783,A
6-NA,918,3,1,0,5915,5919,C
6-NA,919,5796,1,1,0,5798,A
6-NA,920,0,5781,0,1,5782,T
6-NA,921,5776,0,0,0,5776,A
6-NA,922,5770,0,1,0,5771,A
6-NA,923,5756,0,2,0,5758,A
6-NA,924,0,7,5801,0,5808,G
6-NA,925,0,12,5836,0,5848,G
6-NA,926,5677,0,0,1,5678,A
6-NA,927,0,5647,0,2,5649,T
6-NA,928,17,1,0,5653,5671,C
6-NA,929,5703,0,4,1,5708,A
6-NA,930,0,5727,0,0,5727,T
6-NA,931,5705,0,2,0,5707,A
6-NA,932,0,1,5724,1,5726,G
6-NA,933,1,27,0,5628,5656,C
6-NA,934,5559,0,0,0,5559,A
6-NA,935,0,5370,0,2,5372,T
6-NA,936,1,5409,0,1,5411,T
6-NA,937,2,2,5493,0,5497,G
6-NA,938,0,5473,1,1,5475,T
6-NA,939,0,5484,0,1,5485,T
6-NA,940,1,5461,0,0,5462,T
6-NA,941,8,1,1,5417,5427,C
6-NA,942,3,0,0,5426,5429,C
6-NA,943,5445,0,0,0,5445,A
6-NA,944,0,1,5519,0,5520,G
6-NA,945,1,5504,0,2,5507,T
6-NA,946,0,5436,0,0,5436,T
6-NA,947,5429,0,0,0,5429,A
6-NA,948,1,5375,0,0,5376,T
6-NA,949,0,5292,0,0,5292,T
6-NA,950,0,5325,0,0,5325,T
6-NA,951,0,0,5353,0,5353,G
6-NA,952,1,5335,1,1,5338,T
6-NA,953,2,0,5433,0,5435,G
6-NA,954,0,5418,0,6,5424,T
6-NA,955,1,5409,0,1,5411,T
6-NA,956,16,1,0,5393,5410,C
6-NA,957,5396,0,4,0,5400,A
6-NA,958,1,13,5418,0,5432,G
6-NA,959,0,10,5409,0,5419,G
6-NA,960,5385,0,1,0,5386,A
6-NA,961,2,0,0,5416,5418,C
6-NA,962,0,5346,0,0,5346,T
6-NA,963,1,5379,0,1,5381,T
6-NA,964,1,0,5588,1,5590,G
6-NA,965,0,5574,0,1,5575,T
6-NA,966,0,5587,0,3,5590,T
6-NA,967,1,1,5550,0,5552,G
6-NA,968,2,12,5539,1,5554,G
6-NA,969,5556,0,9,0,5565,A
6-NA,970,1,9,5579,1,5590,G
6-NA,971,5558,0,3,2,5563,A
6-NA,972,2,0,0,5574,5576,C
6-NA,973,5402,0,1,0,5403,A
6-NA,974,0,1,0,5466,5467,C
6-NA,975,5460,0,2,0,5462,A
6-NA,976,0,3,0,5481,5484,C
6-NA,977,13,1,1,5443,5458,C
6-NA,978,4,0,0,5459,5463,C
6-NA,979,5465,1,2,0,5468,A
6-NA,980,23,11,5454,0,5488,G
6-NA,981,5467,0,0,0,5467,A
6-NA,982,5522,0,0,0,5522,A
6-NA,983,5485,0,0,0,5485,A
6-NA,984,5456,0,1,1,5458,A
6-NA,985,5414,0,1,0,5415,A
6-NA,986,5408,0,1,1,5410,A
6-NA,987,1,1,0,5446,5448,C
6-NA,988,1,26,5399,0,5426,G
6-NA,989,5404,0,3,0,5407,A
6-NA,990,0,3,0,5395,5398,C
6-NA,991,5392,0,3,0,5395,A
6-NA,992,0,1,5428,0,5429,G
6-NA,993,1,0,0,5627,5628,C
6-NA,994,1,5567,0,4,5572,T
6-NA,995,9,3,0,5625,5637,C
6-NA,996,11,1,1,5628,5641,C
6-NA,997,5651,1,5,0,5657,A
6-NA,998,4,0,5706,0,5710,G
6-NA,999,0,1,0,5702,5703,C
6-NA,1000,5687,0,3,0,5690,A
6-NA,1001,1,1,5718,0,5720,G
6-NA,1002,0,5516,0,0,5516,T
6-NA,1003,5516,0,1,0,5517,A
6-NA,1004,3,3,5526,1,5533,G
6-NA,1005,1,2,0,5533,5536,C
6-NA,1006,8,12,1,5532,5553,C
6-NA,1007,5500,0,0,0,5500,A
6-NA,1008,0,5498,0,0,5498,T
6-NA,1009,0,5518,0,0,5518,T
6-NA,1010,0,1,5629,0,5630,G
6-NA,1011,0,5587,0,0,5587,T
6-NA,1012,0,5563,0,0,5563,T
6-NA,1013,1,5563,0,1,5565,T
6-NA,1014,1,14,5503,0,5518,G
6-NA,1015,1,6,5552,0,5559,G
6-NA,1016,5536,0,0,0,5536,A
6-NA,1017,0,5605,0,2,5607,T
6-NA,1018,6,0,0,5620,5626,C
6-NA,1019,4,0,0,5573,5577,C
6-NA,1020,5,5579,0,2,5586,T
6-NA,1021,5589,0,3,1,5593,A
6-NA,1022,5602,0,4,0,5606,A
6-NA,1023,2,3,0,5695,5700,C
6-NA,1024,5607,1,1,0,5609,A
6-NA,1025,5686,0,0,0,5686,A
6-NA,1026,0,5672,0,0,5672,T
6-NA,1027,1,6,5666,1,5674,G
6-NA,1028,5593,2,5,0,5600,A
6-NA,1029,3,8,5444,1,5456,G
6-NA,1030,0,4,5560,0,5564,G
6-NA,1031,5522,0,2,0,5524,A
6-NA,1032,5561,0,4,0,5565,A
6-NA,1033,1,5,5592,0,5598,G
6-NA,1034,0,1,5619,0,5620,G
6-NA,1035,0,5520,1,0,5521,T
6-NA,1036,0,18,5558,0,5576,G
6-NA,1037,43,4,5641,0,5688,G
6-NA,1038,1,5587,0,3,5591,T
6-NA,1039,16,1,0,5598,5615,C
6-NA,1040,5607,0,1,2,5610,A
6-NA,1041,0,5617,0,2,5619,T
6-NA,1042,1,15,5575,0,5591,G
6-NA,1043,2,10,5537,0,5549,G
6-NA,1044,1,5,5368,0,5374,G
6-NA,1045,0,0,5619,0,5619,G
6-NA,1046,0,5598,0,4,5602,T
6-NA,1047,0,8,5612,0,5620,G
6-NA,1048,5593,0,0,0,5593,A
6-NA,1049,5606,0,1,0,5607,A
6-NA,1050,5627,0,3,0,5630,A
6-NA,1051,1,2,5659,1,5663,G
6-NA,1052,0,0,5600,0,5600,G
6-NA,1053,0,0,1,5601,5602,C
6-NA,1054,0,5496,0,5,5501,T
6-NA,1055,3,1,5493,0,5497,G
6-NA,1056,2,5,5490,0,5497,G
6-NA,1057,1,0,5552,0,5553,G
6-NA,1058,1,0,0,5521,5522,C
6-NA,1059,7,0,0,5551,5558,C
6-NA,1060,0,5493,0,5,5498,T
6-NA,1061,0,5499,0,3,5502,T
6-NA,1062,0,5537,1,1,5539,T
6-NA,1063,4,5,5547,0,5556,G
6-NA,1064,5519,0,0,0,5519,A
6-NA,1065,0,5505,0,2,5507,T
6-NA,1066,0,7,5421,0,5428,G
6-NA,1067,5352,1,1,0,5354,A
6-NA,1068,1,5385,0,1,5387,T
6-NA,1069,1,5,5395,0,5401,G
6-NA,1070,0,9,5444,0,5453,G
6-NA,1071,5412,0,0,0,5412,A
6-NA,1072,5411,0,1,0,5412,A
6-NA,1073,5414,1,1,1,5417,A
6-NA,1074,0,5413,0,1,5414,T
6-NA,1075,0,10,5451,0,5461,G
6-NA,1076,5419,0,7,0,5426,A
6-NA,1077,0,2,0,5443,5445,C
6-NA,1078,0,1,5480,0,5481,G
6-NA,1079,0,5327,0,1,5328,T
6-NA,1080,0,1,5393,0,5394,G
6-NA,1081,1,5366,0,2,5369,T
6-NA,1082,0,8,5389,0,5397,G
6-NA,1083,1,2,5423,0,5426,G
6-NA,1084,5366,0,0,0,5366,A
6-NA,1085,1,5388,0,0,5389,T
6-NA,1086,1,6,5389,0,5396,G
6-NA,1087,0,3,5374,0,5377,G
6-NA,1088,1,11,5402,0,5414,G
6-NA,1089,5365,0,2,0,5367,A
6-NA,1090,5373,0,0,0,5373,A
6-NA,1091,3,6,5374,0,5383,G
6-NA,1092,5312,0,0,0,5312,A
6-NA,1093,5305,0,3,0,5308,A
6-NA,1094,1,2,0,5308,5311,C
6-NA,1095,1,11,5296,0,5308,G
6-NA,1096,5262,1,4,0,5267,A
6-NA,1097,0,5196,0,1,5197,T
6-NA,1098,10,2,0,5212,5224,C
6-NA,1099,5232,0,4,0,5236,A
6-NA,1100,0,1,5254,0,5255,G
6-NA,1101,2,3,0,5235,5240,C
6-NA,1102,2,13,5231,0,5246,G
6-NA,1103,5213,0,0,0,5213,A
6-NA,1104,0,5,5231,0,5236,G
6-NA,1105,5226,0,1,0,5227,A
6-NA,1106,5251,0,0,0,5251,A
6-NA,1107,0,1,5279,0,5280,G
6-NA,1108,0,5233,0,3,5236,T
6-NA,1109,16,0,0,5222,5238,C
6-NA,1110,5200,0,4,0,5204,A
6-NA,1111,0,1,0,5347,5348,C
6-NA,1112,0,5,5360,0,5365,G
6-NA,1113,1,0,0,5344,5345,C
6-NA,1114,0,5324,0,1,5325,T
6-NA,1115,0,5363,0,1,5364,T
6-NA,1116,5301,1,2,0,5304,A
6-NA,1117,0,10,5482,0,5492,G
6-NA,1118,1,9,5460,0,5470,G
6-NA,1119,1,2,5560,0,5563,G
6-NA,1120,0,5234,0,0,5234,T
6-NA,1121,5257,0,0,1,5258,A
6-NA,1122,0,5247,0,2,5249,T
6-NA,1123,2,13,5241,0,5256,G
6-NA,1124,5235,1,2,0,5238,A
6-NA,1125,5241,0,3,0,5244,A
6-NA,1126,5018,0,2,1,5021,A
6-NA,1127,1,0,0,5055,5056,C
6-NA,1128,6,2,0,4991,4999,C
6-NA,1129,0,4937,0,18,4955,T
6-NA,1130,0,4941,0,2,4943,T
6-NA,1131,3,1,0,4957,4961,C
6-NA,1132,4974,0,2,1,4977,A
6-NA,1133,4973,0,2,0,4975,A
6-NA,1134,4961,1,3,0,4965,A
6-NA,1135,0,0,5015,0,5015,G
6-NA,1136,1,4916,0,2,4919,T
6-NA,1137,23,0,0,4908,4931,C
6-NA,1138,5035,2,0,0,5037,A
6-NA,1139,1,5035,0,2,5038,T
6-NA,1140,0,5047,0,1,5048,T
6-NA,1141,0,4,5048,1,5053,G
6-NA,1142,5035,0,1,0,5036,A
6-NA,1143,5051,0,5,1,5057,A
6-NA,1144,0,6,5249,0,5255,G
6-NA,1145,0,3,5264,0,5267,G
6-NA,1146,1,1,0,5260,5262,C
6-NA,1147,0,5147,0,4,5151,T
6-NA,1148,0,6,5188,0,5194,G
6-NA,1149,0,1,5288,0,5289,G
6-NA,1150,2,5257,0,5,5264,T
6-NA,1151,7,0,1,5238,5246,C
6-NA,1152,12,5,0,5229,5246,C
6-NA,1153,5245,0,2,1,5248,A
6-NA,1154,5269,0,1,0,5270,A
6-NA,1155,1,2,0,5274,5277,C
6-NA,1156,6,1,0,5273,5280,C
6-NA,1157,12,0,1,5264,5277,C
6-NA,1158,0,5122,0,1,5123,T
6-NA,1159,5147,0,0,0,5147,A
6-NA,1160,5127,0,5,0,5132,A
6-NA,1161,0,2,5164,0,5166,G
6-NA,1162,1,5106,0,3,5110,T
6-NA,1163,11,1,0,5117,5129,C
6-NA,1164,8,8,0,5046,5062,C
6-NA,1165,5076,0,0,0,5076,A
6-NA,1166,5065,1,0,0,5066,A
6-NA,1167,5070,0,1,0,5071,A
6-NA,1168,0,5069,0,0,5069,T
6-NA,1169,0,5070,0,0,5070,T
6-NA,1170,3,3,5063,0,5069,G
6-NA,1171,2,1,0,5030,5033,C
6-NA,1172,5030,0,6,0,5036,A
6-NA,1173,1,7,5040,0,5048,G
6-NA,1174,5049,1,0,1,5051,A
6-NA,1175,0,5134,0,0,5134,T
6-NA,1176,5149,0,0,0,5149,A
6-NA,1177,5134,0,1,0,5135,A
6-NA,1178,5135,1,2,0,5138,A
6-NA,1179,1,5108,0,0,5109,T
6-NA,1180,5114,0,1,1,5116,A
6-NA,1181,0,5,5111,0,5116,G
6-NA,1182,1,3,5075,0,5079,G
6-NA,1183,2,2,0,5065,5069,C
6-NA,1184,4984,0,1,0,4985,A
6-NA,1185,5021,1,3,0,5025,A
6-NA,1186,0,0,5062,0,5062,G
6-NA,1187,0,5034,0,5,5039,T
6-NA,1188,23,2,0,5020,5045,C
6-NA,1189,5072,1,1,0,5074,A
6-NA,1190,0,5074,0,0,5074,T
6-NA,1191,5161,0,1,0,5162,A
6-NA,1192,0,1,5190,0,5191,G
6-NA,1193,1,5186,0,1,5188,T
6-NA,1194,1,5048,0,1,5050,T
6-NA,1195,1,16,4996,0,5013,G
6-NA,1196,4994,0,1,0,4995,A
6-NA,1197,1,2,0,4989,4992,C
6-NA,1198,4923,0,0,0,4923,A
6-NA,1199,0,6,4986,0,4992,G
6-NA,1200,4941,0,4,0,4945,A
6-NA,1201,0,5,5158,0,5163,G
6-NA,1202,0,1,5166,0,5167,G
6-NA,1203,0,5132,0,0,5132,T
6-NA,1204,5149,0,3,0,5152,A
6-NA,1205,5145,0,1,0,5146,A
6-NA,1206,0,5140,0,1,5141,T
6-NA,1207,5118,0,3,0,5121,A
6-NA,1208,0,8,5048,0,5056,G
6-NA,1209,1,0,4971,0,4972,G
6-NA,1210,0,4716,0,2,4718,T
6-NA,1211,14,0,0,4695,4709,C
6-NA,1212,10,3,0,4720,4733,C
6-NA,1213,4,2,4744,1,4751,G
6-NA,1214,0,2,4769,0,4771,G
6-NA,1215,0,4759,1,4,4764,T
6-NA,1216,0,4766,0,0,4766,T
6-NA,1217,4747,0,3,0,4750,A
6-NA,1218,0,4708,1,0,4709,T
6-NA,1219,0,4710,0,0,4710,T
6-NA,1220,11,0,0,4690,4701,C
6-NA,1221,0,4633,0,2,4635,T
6-NA,1222,1,2,4668,0,4671,G
6-NA,1223,1,1,4696,0,4698,G
6-NA,1224,2,4673,0,1,4676,T
6-NA,1225,4690,0,0,0,4690,A
6-NA,1226,1,4610,1,15,4627,T
6-NA,1227,1,4625,1,6,4633,T
6-NA,1228,1,4637,0,5,4643,T
6-NA,1229,0,4657,0,4,4661,T
6-NA,1230,7,0,0,4668,4675,C
6-NA,1231,0,4602,0,16,4618,T
6-NA,1232,5,0,0,4652,4657,C
6-NA,1233,0,4627,0,2,4629,T
6-NA,1234,0,0,4730,0,4730,G
6-NA,1235,0,4720,0,3,4723,T
6-NA,1236,0,4679,0,1,4680,T
6-NA,1237,0,3,4682,0,4685,G
6-NA,1238,4639,0,2,0,4641,A
6-NA,1239,4629,1,8,0,4638,A
6-NA,1240,0,5,4684,0,4689,G
6-NA,1241,1,1,4651,0,4653,G
6-NA,1242,2,0,1,4660,4663,C
6-NA,1243,4588,1,2,0,4591,A
6-NA,1244,4571,0,24,0,4595,A
6-NA,1245,4612,0,2,0,4614,A
6-NA,1246,4623,0,4,0,4627,A
6-NA,1247,2,0,4608,0,4610,G
6-NA,1248,1,4,0,4612,4617,C
6-NA,1249,0,4553,0,8,4561,T
6-NA,1250,0,2,4614,0,4616,G
6-NA,1251,1,1,0,4610,4612,C
6-NA,1252,4627,0,0,1,4628,A
6-NA,1253,1,4585,0,2,4588,T
6-NA,1254,3,0,0,4563,4566,C
6-NA,1255,4562,1,1,0,4564,A
6-NA,1256,4561,0,0,0,4561,A
6-NA,1257,0,4542,1,0,4543,T
6-NA,1258,13,0,0,4562,4575,C
6-NA,1259,1,6,4512,0,4519,G
6-NA,1260,1,1,4578,0,4580,G
6-NA,1261,0,4567,1,0,4568,T
6-NA,1262,0,1,4585,0,4586,G
6-NA,1263,1,0,0,4591,4592,C
6-NA,1264,0,4581,0,6,4587,T
6-NA,1265,0,4642,0,1,4643,T
6-NA,1266,0,4649,0,0,4649,T
6-NA,1267,0,4655,0,0,4655,T
6-NA,1268,4696,0,0,0,4696,A
6-NA,1269,0,4556,0,0,4556,T
6-NA,1270,1,0,4561,0,4562,G
6-NA,1271,0,4507,0,6,4513,T
6-NA,1272,0,5,4472,0,4477,G
6-NA,1273,0,8,4518,0,4526,G
6-NA,1274,4431,0,1,0,4432,A
6-NA,1275,0,0,4487,0,4487,G
6-NA,1276,0,4461,1,1,4463,T
6-NA,1277,0,4421,0,6,4427,T
6-NA,1278,0,6,4460,0,4466,G
6-NA,1279,4464,0,0,0,4464,A
6-NA,1280,0,4466,0,0,4466,T
6-NA,1281,4445,0,0,1,4446,A
6-NA,1282,4307,1,3,0,4311,A
6-NA,1283,0,2,4340,0,4342,G
6-NA,1284,2,7,4259,0,4268,G
6-NA,1285,4,7,4226,1,4238,G
6-NA,1286,0,6,4221,0,4227,G
6-NA,1287,4171,0,2,0,4173,A
6-NA,1288,4167,0,2,0,4169,A
6-NA,1289,1,9,4203,1,4214,G
6-NA,1290,4206,0,2,0,4208,A
6-NA,1291,4208,0,1,0,4209,A
6-NA,1292,4166,0,1,0,4167,A
6-NA,1293,4088,0,2,0,4090,A
6-NA,1294,0,12,4086,0,4098,G
6-NA,1295,4052,0,3,0,4055,A
6-NA,1296,0,1,4045,0,4046,G
6-NA,1297,0,7,4045,0,4052,G
6-NA,1298,3997,0,2,1,4000,A
6-NA,1299,3998,0,2,0,4000,A
6-NA,1300,3983,1,1,0,3985,A
6-NA,1301,0,0,0,4011,4011,C
6-NA,1302,0,3997,0,2,3999,T
6-NA,1303,2,6,4004,0,4012,G
6-NA,1304,4003,0,0,0,4003,A
6-NA,1305,3990,0,3,0,3993,A
6-NA,1306,3,0,4035,0,4038,G
6-NA,1307,0,3981,0,3,3984,T
6-NA,1308,13,0,0,4030,4043,C
6-NA,1309,0,4011,0,7,4018,T
6-NA,1310,0,3990,2,4,3996,T
6-NA,1311,0,1,4005,0,4006,G
6-NA,1312,3,3981,0,6,3990,T
6-NA,1313,2,6,3970,0,3978,G
6-NA,1314,0,6,3970,0,3976,G
6-NA,1315,3892,0,3,0,3895,A
6-NA,1316,1,1,0,3895,3897,C
6-NA,1317,9,0,0,3812,3821,C
6-NA,1318,0,3824,2,4,3830,T
6-NA,1319,3,0,0,3837,3840,C
6-NA,1320,3865,1,2,0,3868,A
6-NA,1321,3864,0,0,0,3864,A
6-NA,1322,3859,1,3,0,3863,A
6-NA,1323,1,0,0,3890,3891,C
6-NA,1324,3796,0,0,0,3796,A
6-NA,1325,0,2,3807,0,3809,G
6-NA,1326,0,3757,0,2,3759,T
6-NA,1327,3746,0,0,0,3746,A
6-NA,1328,0,3729,0,1,3730,T
6-NA,1329,0,3655,0,1,3656,T
6-NA,1330,3,2,3689,0,3694,G
6-NA,1331,0,3672,0,2,3674,T
6-NA,1332,0,3553,1,1,3555,T
6-NA,1333,1,0,3562,0,3563,G
6-NA,1334,0,3372,0,4,3376,T
6-NA,1335,1,0,3398,0,3399,G
6-NA,1336,2,3374,1,0,3377,T
6-NA,1337,0,3335,0,0,3335,T
6-NA,1338,0,3328,0,1,3329,T
6-NA,1339,0,3246,0,0,3246,T
6-NA,1340,0,1,3254,0,3255,G
6-NA,1341,0,3195,42,4,3241,T
6-NA,1342,1,1,3219,0,3221,G
6-NA,1343,1,0,3210,0,3211,G
6-NA,1344,1,0,0,3143,3144,C
6-NA,1345,3108,0,0,0,3108,A
6-NA,1346,2,1,0,3135,3138,C
6-NA,1347,7,1,0,3117,3125,C
6-NA,1348,0,3121,0,0,3121,T
6-NA,1349,1,1,0,3134,3136,C
6-NA,1350,3130,0,4,1,3135,A
6-NA,1351,0,3,3164,0,3167,G
6-NA,1352,0,2,3166,0,3168,G
6-NA,1353,0,3135,0,5,3140,T
6-NA,1354,3115,0,0,0,3115,A
6-NA,1355,3,0,0,2967,2970,C
6-NA,1356,2905,0,33,0,2938,A
6-NA,1357,2,2936,0,0,2938,T
6-NA,1358,2847,0,18,0,2865,A
6-NA,1359,0,2849,0,0,2849,T
6-NA,1360,1,2,2682,0,2685,G
6-NA,1361,0,2,2674,0,2676,G
6-NA,1362,2638,1,2,0,2641,A
6-NA,1363,2602,0,1,0,2603,A
6-NA,1364,1,0,0,2568,2569,C
6-NA,1365,2173,0,1,0,2174,A
6-NA,1366,0,1,2172,0,2173,G
6-NA,1367,0,1,2158,1,2160,G
6-NA,1368,0,1,0,2142,2143,C
6-NA,1369,1,2164,0,3,2168,T
6-NA,1370,10,1,0,2048,2059,C
6-NA,1371,2039,0,2,0,2041,A
6-NA,1372,0,2043,0,3,2046,T
6-NA,1373,0,0,2041,0,2041,G
6-NA,1374,0,1,2031,0,2032,G
6-NA,1375,1,0,0,1964,1965,C
6-NA,1376,1,3,0,1943,1947,C
6-NA,1377,0,1841,0,1,1842,T
6-NA,1378,0,0,1835,0,1835,G
6-NA,1379,1835,0,0,0,1835,A
6-NA,1380,0,1838,0,0,1838,T
6-NA,1381,1,3,1798,0,1802,G
6-NA,1382,0,0,1757,0,1757,G
6-NA,1383,0,1,1667,0,1668,G
6-NA,1384,0,0,1668,0,1668,G
6-NA,1385,1,1,1,1613,1616,C
6-NA,1386,1,0,1631,0,1632,G
6-NA,1387,0,1,1609,0,1610,G
6-NA,1388,1571,0,3,0,1574,A
6-NA,1389,0,0,0,1563,1563,C
6-NA,1390,1564,0,0,0,1564,A
6-NA,1391,0,1540,0,1,1541,T
6-NA,1392,2,1,0,1508,1511,C
6-NA,1393,1511,1,1,0,1513,A
6-NA,1394,1517,0,0,0,1517,A
6-NA,1395,0,1503,0,1,1504,T
6-NA,1396,2,1,0,1475,1478,C
6-NA,1397,1,1423,1,0,1425,T
6-NA,1398,3,1,0,1230,1234,C
6-NA,1399,1227,0,1,0,1228,A
6-NA,1400,0,1220,0,0,1220,T
6-NA,1401,0,0,1218,0,1218,G
6-NA,1402,0,1,1,1204,1206,C
6-NA,1403,6,1,0,1155,1162,C
6-NA,1404,0,1044,0,0,1044,T
6-NA,1405,1033,0,1,0,1034,A
6-NA,1406,0,1030,0,0,1030,T
6-NA,1407,1014,0,0,0,1014,A
6-NA,1408,0,1014,0,0,1014,T
6-NA,1409,932,0,0,0,932,A
6-NA,1410,884,0,0,0,884,A
7-M,1,35,0,0,0,35,A
7-M,2,0,36,0,0,36,T
7-M,3,0,0,36,0,36,G
7-M,4,36,0,0,0,36,A
7-M,5,0,0,40,0,40,G
7-M,6,0,0,0,42,42,C
7-M,7,0,0,0,41,41,C
7-M,8,0,58,0,0,58,T
7-M,9,0,60,0,0,60,T
7-M,10,0,0,0,60,60,C
7-M,11,0,60,0,0,60,T
7-M,12,63,0,0,0,63,A
7-M,13,63,0,0,0,63,A
7-M,14,0,0,0,63,63,C
7-M,15,0,0,0,63,63,C
7-M,16,0,0,63,0,63,G
7-M,17,63,0,0,0,63,A
7-M,18,0,1,63,0,64,G
7-M,19,0,0,64,0,64,G
7-M,20,0,65,0,0,65,T
7-M,21,0,0,0,68,68,C
7-M,22,0,0,67,0,67,G
7-M,23,76,0,0,0,76,A
7-M,24,76,0,0,0,76,A
7-M,25,77,0,0,0,77,A
7-M,26,0,0,0,87,87,C
7-M,27,0,0,88,0,88,G
7-M,28,0,88,0,0,88,T
7-M,29,90,0,0,0,90,A
7-M,30,0,89,0,0,89,T
7-M,31,0,0,89,0,89,G
7-M,32,0,91,0,0,91,T
7-M,33,0,97,0,0,97,T
7-M,34,0,0,0,101,101,C
7-M,35,0,101,0,0,101,T
7-M,36,0,0,0,106,106,C
7-M,37,0,106,0,0,106,T
7-M,38,0,0,0,115,115,C
7-M,39,0,115,0,0,115,T
7-M,40,115,0,0,0,115,A
7-M,41,0,114,0,0,114,T
7-M,42,0,0,0,117,117,C
7-M,43,0,0,120,0,120,G
7-M,44,0,122,0,0,122,T
7-M,45,0,122,0,0,122,T
7-M,46,0,0,1,125,126,C
7-M,47,0,0,0,133,133,C
7-M,48,133,0,0,0,133,A
7-M,49,0,134,0,0,134,T
7-M,50,0,0,0,134,134,C
7-M,51,133,0,0,0,133,A
7-M,52,0,0,134,0,134,G
7-M,53,0,0,133,0,133,G
7-M,54,0,0,0,134,134,C
7-M,55,1,0,0,135,136,C
7-M,56,0,0,0,136,136,C
7-M,57,0,0,0,139,139,C
7-M,58,0,0,0,141,141,C
7-M,59,0,140,0,0,140,T
7-M,60,1,0,0,140,141,C
7-M,61,140,0,1,0,141,A
7-M,62,141,0,0,0,141,A
7-M,63,138,0,0,0,138,A
7-M,64,0,0,144,0,144,G
7-M,65,0,0,0,144,144,C
7-M,66,0,0,0,144,144,C
7-M,67,0,0,143,0,143,G
7-M,68,146,0,0,0,146,A
7-M,69,0,0,143,0,143,G
7-M,70,145,0,0,0,145,A
7-M,71,0,147,0,0,147,T
7-M,72,0,0,0,146,146,C
7-M,73,0,0,145,0,145,G
7-M,74,1,0,0,147,148,C
7-M,75,0,0,146,0,146,G
7-M,76,1,0,0,148,149,C
7-M,77,150,0,0,0,150,A
7-M,78,0,1,150,0,151,G
7-M,79,150,0,0,0,150,A
7-M,80,0,2,155,0,157,G
7-M,81,156,0,0,0,156,A
7-M,82,0,0,0,162,162,C
7-M,83,0,161,0,0,161,T
7-M,84,0,162,0,0,162,T
7-M,85,0,0,163,0,163,G
7-M,86,162,0,0,0,162,A
7-M,87,161,0,1,0,162,A
7-M,88,0,1,163,0,164,G
7-M,89,160,0,0,0,160,A
7-M,90,0,161,0,0,161,T
7-M,91,0,0,164,0,164,G
7-M,92,0,164,0,0,164,T
7-M,93,0,0,0,163,163,C
7-M,94,0,165,0,0,165,T
7-M,95,0,165,0,0,165,T
7-M,96,0,166,0,0,166,T
7-M,97,0,0,165,0,165,G
7-M,98,0,0,0,166,166,C
7-M,99,0,166,0,0,166,T
7-M,100,0,0,165,0,165,G
7-M,101,0,0,163,0,163,G
7-M,102,162,0,0,0,162,A
7-M,103,169,0,0,0,169,A
7-M,104,169,0,0,0,169,A
7-M,105,171,0,0,0,171,A
7-M,106,170,0,0,0,170,A
7-M,107,174,0,0,0,174,A
7-M,108,0,0,0,173,173,C
7-M,109,172,0,0,0,172,A
7-M,110,0,0,0,173,173,C
7-M,111,173,0,0,0,173,A
7-M,112,0,0,176,0,176,G
7-M,113,179,0,0,0,179,A
7-M,114,0,179,0,0,179,T
7-M,115,0,0,0,182,182,C
7-M,116,0,181,0,1,182,T
7-M,117,0,179,0,0,179,T
7-M,118,0,1,181,0,182,G
7-M,119,180,0,0,0,180,A
7-M,120,0,0,183,0,183,G
7-M,121,0,0,181,0,181,G
7-M,122,0,0,0,183,183,C
7-M,123,0,182,0,0,182,T
7-M,124,0,0,0,197,197,C
7-M,125,0,196,0,0,196,T
7-M,126,1,0,0,198,199,C
7-M,127,198,0,0,0,198,A
7-M,128,0,199,0,0,199,T
7-M,129,0,0,201,0,201,G
7-M,130,0,0,201,0,201,G
7-M,131,200,0,0,0,200,A
7-M,132,201,0,0,0,201,A
7-M,133,0,195,0,0,195,T
7-M,134,0,1,202,1,204,G
7-M,135,0,0,209,0,209,G
7-M,136,0,0,0,212,212,C
7-M,137,0,214,0,0,214,T
7-M,138,212,0,0,0,212,A
7-M,139,211,0,0,0,211,A
7-M,140,211,0,0,0,211,A
7-M,141,0,1,213,0,214,G
7-M,142,213,0,0,0,213,A
7-M,143,0,0,0,211,211,C
7-M,144,205,0,0,0,205,A
7-M,145,201,0,0,0,201,A
7-M,146,0,0,206,0,206,G
7-M,147,208,0,0,0,208,A
7-M,148,0,0,0,210,210,C
7-M,149,1,0,0,208,209,C
7-M,150,206,0,0,0,206,A
7-M,151,207,0,0,0,207,A
7-M,152,0,206,0,0,206,T
7-M,153,0,208,0,0,208,T
7-M,154,2,0,0,209,211,C
7-M,155,0,210,0,0,210,T
7-M,156,0,0,210,0,210,G
7-M,157,0,211,0,0,211,T
7-M,158,1,0,0,210,211,C
7-M,159,213,0,0,0,213,A
7-M,160,0,0,0,214,214,C
7-M,161,0,0,0,215,215,C
7-M,162,0,215,0,0,215,T
7-M,163,0,0,0,216,216,C
7-M,164,0,216,0,0,216,T
7-M,165,0,1,216,0,217,G
7-M,166,218,0,0,0,218,A
7-M,167,0,0,0,219,219,C
7-M,168,0,218,0,0,218,T
7-M,169,216,0,0,0,216,A
7-M,170,214,0,0,0,214,A
7-M,171,215,0,0,0,215,A
7-M,172,0,0,216,0,216,G
7-M,173,0,0,217,0,217,G
7-M,174,0,1,218,0,219,G
7-M,175,219,0,0,0,219,A
7-M,176,0,221,0,0,221,T
7-M,177,0,221,0,0,221,T
7-M,178,0,221,0,0,221,T
7-M,179,0,221,0,0,221,T
7-M,180,1,1,219,0,221,G
7-M,181,0,1,220,0,221,G
7-M,182,0,0,223,0,223,G
7-M,183,0,0,224,0,224,G
7-M,184,0,220,0,0,220,T
7-M,185,0,224,0,0,224,T
7-M,186,0,224,0,0,224,T
7-M,187,0,0,229,0,229,G
7-M,188,0,232,0,0,232,T
7-M,189,0,0,233,0,233,G
7-M,190,0,236,0,0,236,T
7-M,191,0,235,0,0,235,T
7-M,192,1,0,0,236,237,C
7-M,193,237,0,0,0,237,A
7-M,194,1,0,0,239,240,C
7-M,195,0,1,238,0,239,G
7-M,196,0,0,0,240,240,C
7-M,197,0,240,0,0,240,T
7-M,198,0,0,0,244,244,C
7-M,199,247,0,0,0,247,A
7-M,200,0,0,0,248,248,C
7-M,201,1,0,0,244,245,C
7-M,202,0,0,248,0,248,G
7-M,203,0,251,0,0,251,T
7-M,204,0,0,250,0,250,G
7-M,205,0,0,0,249,249,C
7-M,206,0,0,0,251,251,C
7-M,207,0,0,0,250,250,C
7-M,208,248,0,0,0,248,A
7-M,209,0,0,252,0,252,G
7-M,210,1,251,0,0,252,T
7-M,211,0,3,250,0,253,G
7-M,212,258,0,0,0,258,A
7-M,213,0,0,260,0,260,G
7-M,214,0,0,0,260,260,C
7-M,215,0,0,260,0,260,G
7-M,216,256,0,0,0,256,A
7-M,217,0,1,257,0,258,G
7-M,218,0,1,255,0,256,G
7-M,219,256,0,1,0,257,A
7-M,220,0,0,0,267,267,C
7-M,221,0,264,0,0,264,T
7-M,222,0,1,264,0,265,G
7-M,223,1,0,0,262,263,C
7-M,224,265,0,0,0,265,A
7-M,225,0,0,266,0,266,G
7-M,226,0,0,0,267,267,C
7-M,227,0,0,266,0,266,G
7-M,228,0,263,0,1,264,T
7-M,229,262,0,0,0,262,A
7-M,230,0,0,261,0,261,G
7-M,231,259,0,0,0,259,A
7-M,232,0,0,0,263,263,C
7-M,233,0,0,262,0,262,G
7-M,234,1,0,0,261,262,C
7-M,235,0,256,0,0,256,T
7-M,236,0,262,0,0,262,T
7-M,237,0,261,0,0,261,T
7-M,238,0,0,264,0,264,G
7-M,239,0,267,0,0,267,T
7-M,240,3,0,0,263,266,C
7-M,241,1,0,0,267,268,C
7-M,242,267,0,0,0,267,A
7-M,243,268,0,0,0,268,A
7-M,244,266,0,0,0,266,A
7-M,245,266,0,0,0,266,A
7-M,246,0,265,0,0,265,T
7-M,247,0,0,262,0,262,G
7-M,248,0,0,0,261,261,C
7-M,249,1,0,0,262,263,C
7-M,250,0,0,0,266,266,C
7-M,251,0,266,0,0,266,T
7-M,252,0,0,0,272,272,C
7-M,253,270,0,0,0,270,A
7-M,254,272,0,0,0,272,A
7-M,255,0,292,0,0,292,T
7-M,256,0,0,291,0,291,G
7-M,257,0,0,290,0,290,G
7-M,258,0,277,0,0,277,T
7-M,259,294,0,0,0,294,A
7-M,260,295,0,0,0,295,A
7-M,261,0,300,0,0,300,T
7-M,262,0,0,296,0,296,G
7-M,263,0,0,296,0,296,G
7-M,264,295,0,0,0,295,A
7-M,265,0,1,294,0,295,G
7-M,266,291,0,0,0,291,A
7-M,267,0,0,0,288,288,C
7-M,268,0,0,0,298,298,C
7-M,269,0,0,0,302,302,C
7-M,270,307,0,0,0,307,A
7-M,271,304,0,0,0,304,A
7-M,272,305,0,0,0,305,A
7-M,273,0,307,0,1,308,T
7-M,274,313,0,0,0,313,A
7-M,275,314,0,0,0,314,A
7-M,276,0,0,0,313,313,C
7-M,277,310,0,0,0,310,A
7-M,278,0,310,0,0,310,T
7-M,279,0,0,308,0,308,G
7-M,280,0,1,305,0,306,G
7-M,281,306,0,0,0,306,A
7-M,282,0,0,0,306,306,C
7-M,283,302,1,0,0,303,A
7-M,284,303,0,0,0,303,A
7-M,285,303,0,0,0,303,A
7-M,286,0,0,305,0,305,G
7-M,287,0,0,0,316,316,C
7-M,288,313,0,0,0,313,A
7-M,289,0,0,320,0,320,G
7-M,290,0,319,0,0,319,T
7-M,291,0,319,0,0,319,T
7-M,292,322,0,0,0,322,A
7-M,293,317,0,0,0,317,A
7-M,294,320,0,0,0,320,A
7-M,295,0,0,0,325,325,C
7-M,296,0,317,0,1,318,T
7-M,297,0,0,348,0,348,G
7-M,298,0,346,0,0,346,T
7-M,299,349,0,0,0,349,A
7-M,300,0,348,0,0,348,T
7-M,301,345,0,0,0,345,A
7-M,302,0,0,348,0,348,G
7-M,303,0,1,346,0,347,G
7-M,304,340,0,0,0,340,A
7-M,305,345,0,0,0,345,A
7-M,306,330,0,0,0,330,A
7-M,307,0,0,0,335,335,C
7-M,308,0,332,0,0,332,T
7-M,309,0,336,0,0,336,T
7-M,310,335,0,0,0,335,A
7-M,311,332,0,0,0,332,A
7-M,312,0,0,336,0,336,G
7-M,313,331,0,0,0,331,A
7-M,314,0,1,332,0,333,G
7-M,315,0,0,328,0,328,G
7-M,316,0,0,326,0,326,G
7-M,317,329,0,0,0,329,A
7-M,318,0,0,330,0,330,G
7-M,319,328,0,1,0,329,A
7-M,320,0,331,0,0,331,T
7-M,321,333,0,0,0,333,A
7-M,322,335,0,1,0,336,A
7-M,323,0,0,0,335,335,C
7-M,324,0,0,333,0,333,G
7-M,325,0,334,0,0,334,T
7-M,326,0,331,0,1,332,T
7-M,327,1,0,0,337,338,C
7-M,328,0,0,0,335,335,C
7-M,329,335,0,0,0,335,A
7-M,330,0,336,0,0,336,T
7-M,331,0,0,330,0,330,G
7-M,332,0,0,331,0,331,G
7-M,333,0,0,326,0,326,G
7-M,334,0,0,328,0,328,G
7-M,335,0,0,0,328,328,C
7-M,336,0,0,0,327,327,C
7-M,337,329,0,0,0,329,A
7-M,338,330,0,1,0,331,A
7-M,339,330,0,0,0,330,A
7-M,340,1,1,332,0,334,G
7-M,341,335,0,0,0,335,A
7-M,342,335,0,0,0,335,A
7-M,343,335,0,0,0,335,A
7-M,344,0,337,0,0,337,T
7-M,345,338,0,0,0,338,A
7-M,346,0,0,336,0,336,G
7-M,347,0,0,0,336,336,C
7-M,348,0,333,0,0,333,T
7-M,349,0,0,0,334,334,C
7-M,350,0,334,0,0,334,T
7-M,351,1,0,0,341,342,C
7-M,352,341,0,0,0,341,A
7-M,353,0,0,342,0,342,G
7-M,354,0,339,0,0,339,T
7-M,355,0,340,0,0,340,T
7-M,356,343,0,0,0,343,A
7-M,357,0,341,0,1,342,T
7-M,358,0,339,0,0,339,T
7-M,359,4,0,0,335,339,C
7-M,360,0,337,0,0,337,T
7-M,361,0,0,338,0,338,G
7-M,362,0,0,0,336,336,C
7-M,363,0,337,0,0,337,T
7-M,364,0,0,332,0,332,G
7-M,365,0,0,336,0,336,G
7-M,366,0,336,0,0,336,T
7-M,367,0,0,334,0,334,G
7-M,368,0,0,0,334,334,C
7-M,369,333,0,0,0,333,A
7-M,370,0,0,0,335,335,C
7-M,371,0,331,0,0,331,T
7-M,372,0,333,0,0,333,T
7-M,373,0,0,333,0,333,G
7-M,374,0,0,0,331,331,C
7-M,375,1,0,0,330,331,C
7-M,376,332,0,0,0,332,A
7-M,377,0,0,337,0,337,G
7-M,378,0,334,0,0,334,T
7-M,379,1,329,0,0,330,T
7-M,380,0,1,335,0,336,G
7-M,381,0,1,0,332,333,C
7-M,382,329,0,1,0,330,A
7-M,383,0,328,0,0,328,T
7-M,384,0,0,330,0,330,G
7-M,385,0,0,331,0,331,G
7-M,386,0,0,332,0,332,G
7-M,387,0,0,0,335,335,C
7-M,388,1,0,0,341,342,C
7-M,389,0,341,0,0,341,T
7-M,390,1,0,0,345,346,C
7-M,391,360,0,0,0,360,A
7-M,392,0,364,0,0,364,T
7-M,393,368,0,0,0,368,A
7-M,394,0,363,0,0,363,T
7-M,395,357,0,0,0,357,A
7-M,396,0,0,0,381,381,C
7-M,397,367,0,0,0,367,A
7-M,398,370,0,0,0,370,A
7-M,399,0,371,0,0,371,T
7-M,400,360,0,0,0,360,A
7-M,401,0,1,364,0,365,G
7-M,402,0,0,361,0,361,G
7-M,403,355,0,0,0,355,A
7-M,404,0,359,0,0,359,T
7-M,405,0,0,333,0,333,G
7-M,406,0,1,333,0,334,G
7-M,407,0,0,330,0,330,G
7-M,408,0,0,329,0,329,G
7-M,409,0,0,330,0,330,G
7-M,410,0,0,0,330,330,C
7-M,411,0,331,0,0,331,T
7-M,412,0,0,332,0,332,G
7-M,413,0,332,0,0,332,T
7-M,414,333,0,0,0,333,A
7-M,415,331,0,0,0,331,A
7-M,416,0,0,0,327,327,C
7-M,417,0,0,0,322,322,C
7-M,418,320,0,0,0,320,A
7-M,419,0,0,0,323,323,C
7-M,420,0,324,0,0,324,T
7-M,421,0,1,322,0,323,G
7-M,422,319,0,1,0,320,A
7-M,423,316,0,0,0,316,A
7-M,424,0,0,321,0,321,G
7-M,425,0,317,0,0,317,T
7-M,426,0,1,319,0,320,G
7-M,427,0,0,317,0,317,G
7-M,428,0,1,0,315,316,C
7-M,429,317,0,0,0,317,A
7-M,430,0,319,0,0,319,T
7-M,431,0,318,0,0,318,T
7-M,432,0,318,0,0,318,T
7-M,433,0,1,320,0,321,G
7-M,434,0,0,320,0,320,G
7-M,435,0,0,0,318,318,C
7-M,436,2,0,0,318,320,C
7-M,437,0,312,0,0,312,T
7-M,438,0,0,330,0,330,G
7-M,439,0,0,331,0,331,G
7-M,440,0,326,0,0,326,T
7-M,441,339,0,0,0,339,A
7-M,442,0,326,0,0,326,T
7-M,443,0,0,335,0,335,G
7-M,444,0,335,0,1,336,T
7-M,445,0,1,334,0,335,G
7-M,446,0,0,0,333,333,C
7-M,447,323,0,0,0,323,A
7-M,448,328,0,0,0,328,A
7-M,449,0,0,0,332,332,C
7-M,450,333,0,0,0,333,A
7-M,451,0,332,0,0,332,T
7-M,452,0,0,332,0,332,G
7-M,453,0,324,0,0,324,T
7-M,454,0,1,325,0,326,G
7-M,455,323,0,0,0,323,A
7-M,456,0,0,325,0,325,G
7-M,457,0,0,0,323,323,C
7-M,458,320,0,0,0,320,A
7-M,459,0,0,323,0,323,G
7-M,460,321,0,0,0,321,A
7-M,461,0,315,0,0,315,T
7-M,462,0,315,0,0,315,T
7-M,463,0,0,315,0,315,G
7-M,464,0,0,0,317,317,C
7-M,465,0,318,0,0,318,T
7-M,466,0,1,316,0,317,G
7-M,467,318,1,0,0,319,A
7-M,468,0,0,0,335,335,C
7-M,469,0,337,0,0,337,T
7-M,470,0,0,0,340,340,C
7-M,471,0,0,0,339,339,C
7-M,472,0,0,0,345,345,C
7-M,473,345,0,0,0,345,A
7-M,474,0,0,348,0,348,G
7-M,475,0,0,0,345,345,C
7-M,476,346,0,0,0,346,A
7-M,477,0,0,0,344,344,C
7-M,478,323,0,0,0,323,A
7-M,479,0,0,326,0,326,G
7-M,480,0,0,326,0,326,G
7-M,481,0,322,0,3,325,T
7-M,482,0,0,0,338,338,C
7-M,483,0,335,0,0,335,T
7-M,484,0,0,0,338,338,C
7-M,485,339,0,1,0,340,A
7-M,486,0,339,0,3,342,T
7-M,487,343,0,0,0,343,A
7-M,488,0,0,333,0,333,G
7-M,489,0,0,329,0,329,G
7-M,490,0,0,0,331,331,C
7-M,491,319,0,0,0,319,A
7-M,492,0,0,315,0,315,G
7-M,493,321,0,0,0,321,A
7-M,494,0,324,0,0,324,T
7-M,495,0,1,323,0,324,G
7-M,496,0,0,323,0,323,G
7-M,497,0,323,0,1,324,T
7-M,498,0,0,325,0,325,G
7-M,499,0,0,326,0,326,G
7-M,500,0,0,0,326,326,C
7-M,501,326,0,0,0,326,A
7-M,502,326,0,0,0,326,A
7-M,503,0,0,0,324,324,C
7-M,504,321,0,0,0,321,A
7-M,505,321,0,0,0,321,A
7-M,506,0,0,0,323,323,C
7-M,507,0,0,0,315,315,C
7-M,508,310,0,1,0,311,A
7-M,509,309,0,0,0,309,A
7-M,510,0,309,0,0,309,T
7-M,511,0,0,0,310,310,C
7-M,512,2,0,0,306,308,C
7-M,513,309,0,0,0,309,A
7-M,514,0,308,0,0,308,T
7-M,515,0,310,0,0,310,T
7-M,516,312,0,0,0,312,A
7-M,517,312,0,0,0,312,A
7-M,518,0,313,0,0,313,T
7-M,519,312,0,0,0,312,A
7-M,520,310,0,0,0,310,A
7-M,521,307,0,0,0,307,A
7-M,522,309,0,0,0,309,A
7-M,523,0,0,0,315,315,C
7-M,524,315,0,0,0,315,A
7-M,525,0,313,0,0,313,T
7-M,526,0,1,313,0,314,G
7-M,527,312,0,0,0,312,A
7-M,528,0,0,316,0,316,G
7-M,529,314,1,0,0,315,A
7-M,530,315,0,0,0,315,A
7-M,531,1,0,0,318,319,C
7-M,532,313,0,0,0,313,A
7-M,533,0,0,319,0,319,G
7-M,534,319,0,0,0,319,A
7-M,535,318,0,0,0,318,A
7-M,536,0,314,0,0,314,T
7-M,537,0,0,312,0,312,G
7-M,538,0,0,312,0,312,G
7-M,539,0,314,0,0,314,T
7-M,540,0,307,0,0,307,T
7-M,541,0,312,0,0,312,T
7-M,542,0,316,0,0,316,T
7-M,543,0,0,318,0,318,G
7-M,544,0,0,321,0,321,G
7-M,545,0,0,0,321,321,C
7-M,546,1,0,0,319,320,C
7-M,547,312,0,0,0,312,A
7-M,548,0,0,320,0,320,G
7-M,549,0,0,0,325,325,C
7-M,550,326,0,0,0,326,A
7-M,551,0,0,0,327,327,C
7-M,552,0,323,0,1,324,T
7-M,553,323,0,0,0,323,A
7-M,554,0,0,0,330,330,C
7-M,555,326,0,0,0,326,A
7-M,556,0,0,328,0,328,G
7-M,557,0,0,0,319,319,C
7-M,558,0,309,0,0,309,T
7-M,559,313,0,1,0,314,A
7-M,560,304,0,0,0,304,A
7-M,561,0,1,307,0,308,G
7-M,562,0,0,308,0,308,G
7-M,563,0,0,0,312,312,C
7-M,564,0,291,0,0,291,T
7-M,565,292,0,0,0,292,A
7-M,566,0,291,0,0,291,T
7-M,567,0,1,290,0,291,G
7-M,568,0,1,291,0,292,G
7-M,569,281,0,0,0,281,A
7-M,570,0,1,284,0,285,G
7-M,571,1,0,0,283,284,C
7-M,572,282,0,0,0,282,A
7-M,573,280,0,1,0,281,A
7-M,574,274,0,0,0,274,A
7-M,575,0,278,0,0,278,T
7-M,576,0,0,279,0,279,G
7-M,577,0,0,275,0,275,G
7-M,578,0,0,0,278,278,C
7-M,579,0,274,0,0,274,T
7-M,580,0,0,276,0,276,G
7-M,581,0,0,279,0,279,G
7-M,582,281,0,0,0,281,A
7-M,583,0,277,0,0,277,T
7-M,584,2,0,0,274,276,C
7-M,585,277,0,0,0,277,A
7-M,586,282,0,0,0,282,A
7-M,587,0,0,281,0,281,G
7-M,588,0,282,0,0,282,T
7-M,589,0,0,284,0,284,G
7-M,590,283,0,0,0,283,A
7-M,591,276,0,0,0,276,A
7-M,592,0,0,0,280,280,C
7-M,593,281,0,0,0,281,A
7-M,594,0,0,280,0,280,G
7-M,595,0,0,281,0,281,G
7-M,596,0,0,0,283,283,C
7-M,597,280,0,0,0,280,A
7-M,598,0,0,282,0,282,G
7-M,599,0,0,0,279,279,C
7-M,600,0,1,278,0,279,G
7-M,601,0,0,279,0,279,G
7-M,602,279,0,0,0,279,A
7-M,603,0,0,281,0,281,G
7-M,604,0,0,276,0,276,G
7-M,605,0,0,0,279,279,C
7-M,606,0,0,0,280,280,C
7-M,607,279,0,0,0,279,A
7-M,608,0,278,1,0,279,T
7-M,609,0,0,282,0,282,G
7-M,610,0,0,283,0,283,G
7-M,611,280,1,0,0,281,A
7-M,612,0,0,286,0,286,G
7-M,613,280,0,0,0,280,A
7-M,614,0,286,0,0,286,T
7-M,615,0,287,0,0,287,T
7-M,616,0,1,286,0,287,G
7-M,617,0,1,0,283,284,C
7-M,618,0,287,0,0,287,T
7-M,619,292,0,0,0,292,A
7-M,620,0,0,291,0,291,G
7-M,621,0,290,0,0,290,T
7-M,622,2,0,0,288,290,C
7-M,623,283,0,0,0,283,A
7-M,624,0,0,288,0,288,G
7-M,625,0,0,282,0,282,G
7-M,626,0,0,0,289,289,C
7-M,627,1,0,0,289,290,C
7-M,628,287,0,0,0,287,A
7-M,629,0,0,293,0,293,G
7-M,630,0,0,289,0,289,G
7-M,631,0,0,0,293,293,C
7-M,632,294,0,0,0,294,A
7-M,633,0,0,290,0,290,G
7-M,634,286,0,0,0,286,A
7-M,635,0,290,0,0,290,T
7-M,636,0,0,287,0,287,G
7-M,637,0,0,299,0,299,G
7-M,638,0,291,0,0,291,T
7-M,639,0,0,295,0,295,G
7-M,640,0,0,0,293,293,C
7-M,641,290,0,4,0,294,A
7-M,642,0,0,299,0,299,G
7-M,643,0,0,299,0,299,G
7-M,644,1,0,0,303,304,C
7-M,645,300,0,0,0,300,A
7-M,646,288,0,0,0,288,A
7-M,647,0,285,0,0,285,T
7-M,648,0,0,283,0,283,G
7-M,649,283,0,0,0,283,A
7-M,650,0,0,286,0,286,G
7-M,651,274,0,0,0,274,A
7-M,652,0,0,280,0,280,G
7-M,653,0,4,0,275,279,C
7-M,654,1,0,0,282,283,C
7-M,655,280,0,0,0,280,A
7-M,656,0,285,0,0,285,T
7-M,657,0,284,0,0,284,T
7-M,658,0,1,280,0,281,G
7-M,659,0,1,282,0,283,G
7-M,660,0,0,281,0,281,G
7-M,661,282,0,0,0,282,A
7-M,662,0,0,0,279,279,C
7-M,663,0,266,0,0,266,T
7-M,664,0,0,0,266,266,C
7-M,665,265,0,0,0,265,A
7-M,666,0,272,0,0,272,T
7-M,667,1,0,0,271,272,C
7-M,668,0,0,0,273,273,C
7-M,669,0,269,0,0,269,T
7-M,670,271,0,0,0,271,A
7-M,671,0,0,276,0,276,G
7-M,672,0,293,0,0,293,T
7-M,673,0,290,0,0,290,T
7-M,674,0,0,0,289,289,C
7-M,675,0,0,0,282,282,C
7-M,676,280,0,0,0,280,A
7-M,677,0,0,283,0,283,G
7-M,678,0,283,0,0,283,T
7-M,679,284,0,0,0,284,A
7-M,680,0,0,0,283,283,C
7-M,681,0,268,0,0,268,T
7-M,682,0,1,283,0,284,G
7-M,683,0,0,283,0,283,G
7-M,684,0,280,0,0,280,T
7-M,685,0,270,0,0,270,T
7-M,686,0,272,0,0,272,T
7-M,687,273,0,0,0,273,A
7-M,688,273,0,0,0,273,A
7-M,689,0,3,274,0,277,G
7-M,690,268,0,0,0,268,A
7-M,691,0,0,261,0,261,G
7-M,692,255,0,0,0,255,A
7-M,693,0,253,0,1,254,T
7-M,694,0,1,255,0,256,G
7-M,695,255,0,0,0,255,A
7-M,696,0,251,0,0,251,T
7-M,697,2,0,0,254,256,C
7-M,698,0,253,0,0,253,T
7-M,699,0,250,0,0,250,T
7-M,700,0,0,0,252,252,C
7-M,701,1,248,0,1,250,T
7-M,702,0,248,0,3,251,T
7-M,703,0,0,252,0,252,G
7-M,704,249,0,0,0,249,A
7-M,705,250,0,0,0,250,A
7-M,706,250,0,0,0,250,A
7-M,707,250,0,0,0,250,A
7-M,708,0,248,0,0,248,T
7-M,709,0,250,0,0,250,T
7-M,710,0,249,0,0,249,T
7-M,711,0,0,248,0,248,G
7-M,712,0,0,0,249,249,C
7-M,713,250,0,0,0,250,A
7-M,714,0,2,251,0,253,G
7-M,715,252,0,0,0,252,A
7-M,716,0,0,0,254,254,C
7-M,717,0,0,0,255,255,C
7-M,718,0,252,0,0,252,T
7-M,719,257,0,0,0,257,A
7-M,720,0,257,0,0,257,T
7-M,721,1,0,0,257,258,C
7-M,722,256,1,0,0,257,A
7-M,723,0,0,258,0,258,G
7-M,724,255,0,0,0,255,A
7-M,725,244,0,0,0,244,A
7-M,726,245,0,0,0,245,A
7-M,727,0,0,0,245,245,C
7-M,728,0,0,242,0,242,G
7-M,729,238,0,0,0,238,A
7-M,730,238,0,0,0,238,A
7-M,731,0,239,0,0,239,T
7-M,732,0,1,239,0,240,G
7-M,733,0,0,239,0,239,G
7-M,734,1,0,237,0,238,G
7-M,735,0,0,239,0,239,G
7-M,736,1,0,239,0,240,G
7-M,737,0,232,0,0,232,T
7-M,738,0,0,228,0,228,G
7-M,739,0,0,0,229,229,C
7-M,740,229,0,0,0,229,A
7-M,741,0,0,229,0,229,G
7-M,742,223,0,0,0,223,A
7-M,743,0,225,0,0,225,T
7-M,744,0,0,226,0,226,G
7-M,745,0,0,0,227,227,C
7-M,746,225,0,0,0,225,A
7-M,747,224,0,0,0,224,A
7-M,748,0,0,0,228,228,C
7-M,749,0,0,230,0,230,G
7-M,750,232,0,0,0,232,A
7-M,751,0,229,0,0,229,T
7-M,752,0,230,0,0,230,T
7-M,753,1,0,0,230,231,C
7-M,754,231,0,0,0,231,A
7-M,755,228,0,2,0,230,A
7-M,756,0,0,231,0,231,G
7-M,757,0,229,0,0,229,T
7-M,758,4,0,226,0,230,G
7-M,759,224,0,0,0,224,A
7-M,760,1,0,0,225,226,C
7-M,761,0,0,0,227,227,C
7-M,762,0,0,0,225,225,C
7-M,763,1,0,226,0,227,G
7-M,764,0,0,0,228,228,C
7-M,765,0,229,0,0,229,T
7-M,766,0,228,0,0,228,T
7-M,767,0,0,227,0,227,G
7-M,768,0,226,0,0,226,T
7-M,769,0,225,0,0,225,T
7-M,770,0,0,226,0,226,G
7-M,771,0,215,0,0,215,T
7-M,772,0,214,0,0,214,T
7-M,773,0,0,212,0,212,G
7-M,774,0,0,0,210,210,C
7-M,775,0,0,0,211,211,C
7-M,776,1,0,214,0,215,G
7-M,777,0,1,0,212,213,C
7-M,778,0,1,214,0,215,G
7-M,779,214,0,0,0,214,A
7-M,780,216,0,0,0,216,A
7-M,781,0,219,0,0,219,T
7-M,782,219,0,0,0,219,A
7-M,783,0,221,0,0,221,T
7-M,784,2,0,0,223,225,C
7-M,785,225,0,0,0,225,A
7-M,786,0,226,0,0,226,T
7-M,787,0,222,0,0,222,T
7-M,788,0,0,223,0,223,G
7-M,789,0,0,223,0,223,G
7-M,790,0,2,220,0,222,G
7-M,791,223,0,0,0,223,A
7-M,792,0,219,0,0,219,T
7-M,793,0,2,0,212,214,C
7-M,794,0,213,0,1,214,T
7-M,795,0,211,0,1,212,T
7-M,796,0,0,212,0,212,G
7-M,797,0,0,0,215,215,C
7-M,798,216,0,0,0,216,A
7-M,799,0,0,0,213,213,C
7-M,800,0,211,0,0,211,T
7-M,801,0,212,0,0,212,T
7-M,802,0,0,214,0,214,G
7-M,803,218,0,0,0,218,A
7-M,804,0,216,0,0,216,T
7-M,805,212,0,0,0,212,A
7-M,806,0,211,0,0,211,T
7-M,807,0,212,0,0,212,T
7-M,808,0,0,213,0,213,G
7-M,809,0,212,0,0,212,T
7-M,810,0,0,205,0,205,G
7-M,811,0,0,207,0,207,G
7-M,812,204,0,0,0,204,A
7-M,813,0,202,0,0,202,T
7-M,814,0,204,0,0,204,T
7-M,815,1,0,0,205,206,C
7-M,816,0,203,0,0,203,T
7-M,817,0,203,0,1,204,T
7-M,818,0,0,203,0,203,G
7-M,819,200,0,0,0,200,A
7-M,820,0,198,0,0,198,T
7-M,821,1,0,0,197,198,C
7-M,822,0,0,197,0,197,G
7-M,823,0,197,0,0,197,T
7-M,824,0,0,0,196,196,C
7-M,825,0,194,0,0,194,T
7-M,826,0,195,0,0,195,T
7-M,827,0,197,0,0,197,T
7-M,828,0,196,0,0,196,T
7-M,829,0,196,0,0,196,T
7-M,830,0,196,0,0,196,T
7-M,831,0,195,0,0,195,T
7-M,832,0,0,0,195,195,C
7-M,833,193,0,0,0,193,A
7-M,834,195,0,0,0,195,A
7-M,835,195,0,0,0,195,A
7-M,836,0,192,0,0,192,T
7-M,837,0,0,190,0,190,G
7-M,838,0,0,0,190,190,C
7-M,839,0,0,193,0,193,G
7-M,840,0,197,0,0,197,T
7-M,841,0,0,0,193,193,C
7-M,842,0,196,0,0,196,T
7-M,843,197,0,0,0,197,A
7-M,844,0,192,0,3,195,T
7-M,845,0,0,0,195,195,C
7-M,846,0,2,193,0,195,G
7-M,847,192,0,0,0,192,A
7-M,848,0,0,0,189,189,C
7-M,849,0,186,0,1,187,T
7-M,850,0,0,0,190,190,C
7-M,851,0,188,0,1,189,T
7-M,852,0,189,0,0,189,T
7-M,853,0,0,0,190,190,C
7-M,854,191,0,0,0,191,A
7-M,855,189,0,0,0,189,A
7-M,856,188,0,0,0,188,A
7-M,857,0,0,1,189,190,C
7-M,858,188,0,0,0,188,A
7-M,859,0,0,0,178,178,C
7-M,860,0,0,176,0,176,G
7-M,861,0,0,181,0,181,G
7-M,862,0,0,0,180,180,C
7-M,863,0,0,0,178,178,C
7-M,864,0,177,0,0,177,T
7-M,865,0,177,0,0,177,T
7-M,866,177,0,0,0,177,A
7-M,867,179,0,0,0,179,A
7-M,868,180,0,0,0,180,A
7-M,869,178,0,0,0,178,A
7-M,870,0,0,176,0,176,G
7-M,871,148,0,0,0,148,A
7-M,872,0,0,148,0,148,G
7-M,873,0,0,145,0,145,G
7-M,874,0,0,0,146,146,C
7-M,875,0,0,0,145,145,C
7-M,876,1,0,0,146,147,C
7-M,877,1,147,0,0,148,T
7-M,878,0,150,0,0,150,T
7-M,879,0,0,0,148,148,C
7-M,880,0,151,0,0,151,T
7-M,881,148,0,0,0,148,A
7-M,882,0,0,0,149,149,C
7-M,883,0,0,145,0,145,G
7-M,884,0,0,146,0,146,G
7-M,885,142,0,1,0,143,A
7-M,886,143,0,0,0,143,A
7-M,887,0,0,138,0,138,G
7-M,888,0,0,138,0,138,G
7-M,889,134,0,0,0,134,A
7-M,890,0,0,135,0,135,G
7-M,891,0,135,0,0,135,T
7-M,892,135,0,0,0,135,A
7-M,893,0,0,0,134,134,C
7-M,894,0,0,0,135,135,C
7-M,895,0,130,0,0,130,T
7-M,896,0,0,130,0,130,G
7-M,897,122,0,0,0,122,A
7-M,898,0,0,123,0,123,G
7-M,899,0,117,0,0,117,T
7-M,900,0,0,0,118,118,C
7-M,901,0,113,0,0,113,T
7-M,902,113,0,0,0,113,A
7-M,903,0,112,0,0,112,T
7-M,904,0,0,112,0,112,G
7-M,905,109,0,0,0,109,A
7-M,906,0,1,107,0,108,G
7-M,907,0,0,103,0,103,G
7-M,908,0,0,103,0,103,G
7-M,909,104,0,0,0,104,A
7-M,910,100,0,0,0,100,A
7-M,911,0,0,102,0,102,G
7-M,912,100,0,0,0,100,A
7-M,913,102,0,0,0,102,A
7-M,914,0,100,0,0,100,T
7-M,915,94,0,0,0,94,A
7-M,916,0,94,0,0,94,T
7-M,917,0,3,0,89,92,C
7-M,918,0,1,91,0,92,G
7-M,919,92,0,1,0,93,A
7-M,920,91,0,0,0,91,A
7-M,921,89,0,0,0,89,A
7-M,922,0,0,88,0,88,G
7-M,923,0,1,90,0,91,G
7-M,924,88,0,0,0,88,A
7-M,925,89,0,0,0,89,A
7-M,926,0,1,0,88,89,C
7-M,927,87,0,0,0,87,A
7-M,928,0,0,87,0,87,G
7-M,929,0,0,0,87,87,C
7-M,930,83,0,0,2,85,A
7-M,931,0,0,85,0,85,G
7-M,932,82,0,0,0,82,A
7-M,933,82,0,0,0,82,A
7-M,934,0,82,0,0,82,T
7-M,935,0,0,78,0,78,G
7-M,936,0,0,0,78,78,C
7-M,937,0,74,0,0,74,T
7-M,938,0,0,75,0,75,G
7-M,939,0,75,0,0,75,T
7-M,940,0,0,75,0,75,G
7-M,941,0,0,74,0,74,G
7-M,942,74,0,0,0,74,A
7-M,943,0,75,0,0,75,T
7-M,944,0,0,70,0,70,G
7-M,945,0,0,0,69,69,C
7-M,946,0,68,0,0,68,T
7-M,947,0,0,68,0,68,G
7-M,948,68,0,0,0,68,A
7-M,949,0,0,0,66,66,C
7-M,950,0,0,66,0,66,G
7-M,951,67,0,0,0,67,A
7-M,952,0,0,0,66,66,C
7-M,953,64,0,0,0,64,A
7-M,954,0,0,65,0,65,G
7-M,955,0,65,0,0,65,T
7-M,956,1,0,0,63,64,C
7-M,957,64,0,0,0,64,A
7-M,958,0,64,0,0,64,T
7-M,959,0,64,0,0,64,T
7-M,960,0,63,0,0,63,T
7-M,961,0,62,0,0,62,T
7-M,962,0,0,62,0,62,G
7-M,963,0,61,0,0,61,T
7-M,964,0,0,0,62,62,C
7-M,965,62,0,0,0,62,A
7-M,966,0,0,62,0,62,G
7-M,967,0,0,0,62,62,C
7-M,968,62,0,0,0,62,A
7-M,969,0,62,0,0,62,T
7-M,970,61,0,0,0,61,A
7-M,971,0,0,61,0,61,G
7-M,972,61,0,0,0,61,A
7-M,973,0,0,61,0,61,G
7-M,974,0,61,0,0,61,T
7-M,975,0,36,0,0,36,T
7-M,976,0,0,35,0,35,G
7-M,977,0,0,35,0,35,G
7-M,978,35,0,0,0,35,A
7-M,979,0,0,35,0,35,G
7-M,980,0,23,0,0,23,T
7-M,981,23,0,0,0,23,A
7-M,982,23,0,0,0,23,A
8-NS,1,1136,0,0,0,1136,A
8-NS,2,0,1142,0,0,1142,T
8-NS,3,0,0,1231,0,1231,G
8-NS,4,0,1,1330,1,1332,G
8-NS,5,1395,0,0,0,1395,A
8-NS,6,0,2433,0,0,2433,T
8-NS,7,0,2435,0,1,2436,T
8-NS,8,1,0,0,2477,2478,C
8-NS,9,1,0,0,2492,2493,C
8-NS,10,2491,0,1,0,2492,A
8-NS,11,2525,0,1,1,2527,A
8-NS,12,0,0,0,2540,2540,C
8-NS,13,2534,0,1,0,2535,A
8-NS,14,0,0,0,2632,2632,C
8-NS,15,0,2635,0,0,2635,T
8-NS,16,0,0,2633,0,2633,G
8-NS,17,0,2631,0,2,2633,T
8-NS,18,2638,0,0,0,2638,A
8-NS,19,0,3124,0,1,3125,T
8-NS,20,7,0,0,3128,3135,C
8-NS,21,3138,0,1,0,3139,A
8-NS,22,3135,0,0,0,3135,A
8-NS,23,0,1,3168,0,3169,G
8-NS,24,0,3258,0,0,3258,T
8-NS,25,0,3258,0,0,3258,T
8-NS,26,0,3290,0,2,3292,T
8-NS,27,3,0,0,3286,3289,C
8-NS,28,0,0,0,3307,3307,C
8-NS,29,3298,0,1,0,3299,A
8-NS,30,1,7,3334,0,3342,G
8-NS,31,1,2,3341,0,3344,G
8-NS,32,0,3319,0,0,3319,T
8-NS,33,3354,0,1,0,3355,A
8-NS,34,0,9,3381,0,3390,G
8-NS,35,3389,0,0,0,3389,A
8-NS,36,0,3409,0,0,3409,T
8-NS,37,0,3412,0,0,3412,T
8-NS,38,0,1,3451,0,3452,G
8-NS,39,0,0,0,3435,3435,C
8-NS,40,0,3446,2,6,3454,T
8-NS,41,0,3493,0,1,3494,T
8-NS,42,0,3524,0,0,3524,T
8-NS,43,4,0,0,3595,3599,C
8-NS,44,0,3592,2,2,3596,T
8-NS,45,0,3592,0,0,3592,T
8-NS,46,1,3590,0,1,3592,T
8-NS,47,2,13,3631,0,3646,G
8-NS,48,1,1,3618,0,3620,G
8-NS,49,2,0,0,3644,3646,C
8-NS,50,3639,0,0,0,3639,A
8-NS,51,0,3652,0,1,3653,T
8-NS,52,3696,0,1,0,3697,A
8-NS,53,0,3800,0,1,3801,T
8-NS,54,0,0,0,3809,3809,C
8-NS,55,6,5,0,3794,3805,C
8-NS,56,1,2,3805,0,3808,G
8-NS,57,1,8,3802,0,3811,G
8-NS,58,3815,0,0,0,3815,A
8-NS,59,3846,0,2,0,3848,A
8-NS,60,3855,0,1,0,3856,A
8-NS,61,0,0,0,3874,3874,C
8-NS,62,3869,0,0,0,3869,A
8-NS,63,3864,0,2,1,3867,A
8-NS,64,0,0,4003,0,4003,G
8-NS,65,0,4018,0,1,4019,T
8-NS,66,0,4025,0,2,4027,T
8-NS,67,2,0,4036,0,4038,G
8-NS,68,0,4032,0,1,4033,T
8-NS,69,4041,0,2,0,4043,A
8-NS,70,0,13,4042,0,4055,G
8-NS,71,4252,0,3,0,4255,A
8-NS,72,0,0,0,4303,4303,C
8-NS,73,6,0,0,4266,4272,C
8-NS,74,4281,0,1,0,4282,A
8-NS,75,4278,0,0,0,4278,A
8-NS,76,2,12,4432,0,4446,G
8-NS,77,4454,0,0,0,4454,A
8-NS,78,4493,1,1,0,4495,A
8-NS,79,1,0,0,4507,4508,C
8-NS,80,0,4411,0,0,4411,T
8-NS,81,0,15,4460,0,4475,G
8-NS,82,4417,1,4,0,4422,A
8-NS,83,0,0,4569,0,4569,G
8-NS,84,0,4582,0,2,4584,T
8-NS,85,0,7,4497,0,4504,G
8-NS,86,4539,0,1,0,4540,A
8-NS,87,1,4540,0,1,4542,T
8-NS,88,1,2,4600,0,4603,G
8-NS,89,1,0,0,4675,4676,C
8-NS,90,3,1,0,4676,4680,C
8-NS,91,4,0,0,4706,4710,C
8-NS,92,9,1,0,4677,4687,C
8-NS,93,4704,0,0,1,4705,A
8-NS,94,0,4776,0,3,4779,T
8-NS,95,1,4839,0,1,4841,T
8-NS,96,10,1,0,4845,4856,C
8-NS,97,6,1,0,4835,4842,C
8-NS,98,1,4833,0,6,4840,T
8-NS,99,0,4807,0,3,4810,T
8-NS,100,0,14,4782,0,4796,G
8-NS,101,4776,1,0,1,4778,A
8-NS,102,0,4787,0,4,4791,T
8-NS,103,9,3,0,4753,4765,C
8-NS,104,1,5,4721,0,4727,G
8-NS,105,1,2,4753,0,4756,G
8-NS,106,0,0,0,4796,4796,C
8-NS,107,0,4767,0,1,4768,T
8-NS,108,0,4805,0,1,4806,T
8-NS,109,9,3,0,4800,4812,C
8-NS,110,0,1,4808,0,4809,G
8-NS,111,3,6,0,4807,4816,C
8-NS,112,4,2,1,4829,4836,C
8-NS,113,2,1,4851,0,4854,G
8-NS,114,4760,0,0,1,4761,A
8-NS,115,1,12,4968,0,4981,G
8-NS,116,4973,0,1,1,4975,A
8-NS,117,0,5014,0,0,5014,T
8-NS,118,10,0,0,5000,5010,C
8-NS,119,4998,0,4,0,5002,A
8-NS,120,0,3,5017,0,5020,G
8-NS,121,4980,0,2,0,4982,A
8-NS,122,0,9,4999,0,5008,G
8-NS,123,1,2,5054,0,5057,G
8-NS,124,1,5088,0,3,5092,T
8-NS,125,5,0,0,5370,5375,C
8-NS,126,7,0,0,5413,5420,C
8-NS,127,2,0,0,5452,5454,C
8-NS,128,0,5461,0,1,5462,T
8-NS,129,5473,0,0,1,5474,A
8-NS,130,5450,1,5,1,5457,A
8-NS,131,2,6,5498,0,5506,G
8-NS,132,0,9,5473,1,5483,G
8-NS,133,0,7,5429,0,5436,G
8-NS,134,0,5,5327,1,5333,G
8-NS,135,5284,0,3,1,5288,A
8-NS,136,5289,0,3,0,5292,A
8-NS,137,0,5,5329,3,5337,G
8-NS,138,5418,0,3,1,5422,A
8-NS,139,1,5,5483,0,5489,G
8-NS,140,0,3,5473,0,5476,G
8-NS,141,3,1,0,5491,5495,C
8-NS,142,5477,0,3,1,5481,A
8-NS,143,5505,1,0,1,5507,A
8-NS,144,0,5524,0,0,5524,T
8-NS,145,5564,0,1,1,5566,A
8-NS,146,1,2,0,5644,5647,C
8-NS,147,0,5531,0,3,5534,T
8-NS,148,7,0,1,5519,5527,C
8-NS,149,0,5459,1,2,5462,T
8-NS,150,10,2,0,5487,5499,C
8-NS,151,2,12,5554,1,5569,G
8-NS,152,0,3,5848,0,5851,G
8-NS,153,0,5829,0,2,5831,T
8-NS,154,12,0,0,5868,5880,C
8-NS,155,0,5838,0,3,5841,T
8-NS,156,5913,0,3,1,5917,A
8-NS,157,1,17,5900,0,5918,G
8-NS,158,5903,1,4,1,5909,A
8-NS,159,1,2,0,6061,6064,C
8-NS,160,5824,0,2,99,5925,A
8-NS,161,0,5782,0,2,5784,T
8-NS,162,5,2,0,5755,5762,C
8-NS,163,5756,2,0,1,5759,A
8-NS,164,5758,0,0,0,5758,A
8-NS,165,5702,0,4,0,5706,A
8-NS,166,0,3,5700,1,5704,G
8-NS,167,0,3,0,5733,5736,C
8-NS,168,5633,0,6,1,5640,A
8-NS,169,1,1,5649,0,5651,G
8-NS,170,0,1,0,5650,5651,C
8-NS,171,6,1,0,5687,5694,C
8-NS,172,5702,1,0,1,5704,A
8-NS,173,2,0,0,5801,5803,C
8-NS,174,14,0,0,5777,5791,C
8-NS,175,11,0,0,5782,5793,C
8-NS,176,5643,194,1,1,5839,A
8-NS,177,0,5844,0,0,5844,T
8-NS,178,0,1,5852,0,5853,G
8-NS,179,0,5836,1,3,5840,T
8-NS,180,0,5840,0,4,5844,T
8-NS,181,2,12,5641,0,5655,G
8-NS,182,1,5,5607,0,5613,G
8-NS,183,5573,0,1,0,5574,A
8-NS,184,5606,0,0,1,5607,A
8-NS,185,5541,0,4,0,5545,A
8-NS,186,1,0,5564,0,5565,G
8-NS,187,2,1,0,5557,5560,C
8-NS,188,5561,0,0,0,5561,A
8-NS,189,5545,1,3,0,5549,A
8-NS,190,5528,0,1,0,5529,A
8-NS,191,1,5609,0,0,5610,T
8-NS,192,0,5607,0,0,5607,T
8-NS,193,4,2,5664,0,5670,G
8-NS,194,1,5648,0,2,5651,T
8-NS,195,5653,0,1,0,5654,A
8-NS,196,1,10,5641,0,5652,G
8-NS,197,5640,0,0,0,5640,A
8-NS,198,5636,0,0,0,5636,A
8-NS,199,5640,0,0,0,5640,A
8-NS,200,5618,0,4,0,5622,A
8-NS,201,0,11,5631,0,5642,G
8-NS,202,5602,1,2,0,5605,A
8-NS,203,0,5614,0,1,5615,T
8-NS,204,0,5635,1,0,5636,T
8-NS,205,11,0,1,5630,5642,C
8-NS,206,0,5643,0,0,5643,T
8-NS,207,1,6,5634,0,5641,G
8-NS,208,5632,0,0,0,5632,A
8-NS,209,5633,0,0,0,5633,A
8-NS,210,5612,1,2,0,5615,A
8-NS,211,0,7,5615,0,5622,G
8-NS,212,5607,0,1,0,5608,A
8-NS,213,5611,1,2,0,5614,A
8-NS,214,3,9,5646,0,5658,G
8-NS,215,5679,1,1,0,5681,A
8-NS,216,5720,3,1,0,5724,A
8-NS,217,1,5732,0,0,5733,T
8-NS,218,15,0,0,5778,5793,C
8-NS,219,0,5777,0,0,5777,T
8-NS,220,76,9,5722,0,5807,G
8-NS,221,5799,0,4,0,5803,A
8-NS,222,1,5789,0,1,5791,T
8-NS,223,1,14,5748,0,5763,G
8-NS,224,5708,1,4,0,5713,A
8-NS,225,0,16,5664,0,5680,G
8-NS,226,2,2,5674,1,5679,G
8-NS,227,2,0,1,5675,5678,C
8-NS,228,5679,0,4,1,5684,A
8-NS,229,0,0,0,5837,5837,C
8-NS,230,0,5824,0,0,5824,T
8-NS,231,0,5863,0,1,5864,T
8-NS,232,5893,0,1,0,5894,A
8-NS,233,5916,0,0,0,5916,A
8-NS,234,5909,0,2,0,5911,A
8-NS,235,5887,0,5,1,5893,A
8-NS,236,0,5891,0,1,5892,T
8-NS,237,0,18,5897,0,5915,G
8-NS,238,5911,1,4,0,5916,A
8-NS,239,0,2,0,5914,5916,C
8-NS,240,5,1,0,5900,5906,C
8-NS,241,5918,0,1,0,5919,A
8-NS,242,1,5887,0,2,5890,T
8-NS,243,2,10,6047,0,6059,G
8-NS,244,0,3,6171,0,6174,G
8-NS,245,0,6139,0,4,6143,T
8-NS,246,20,3,0,6339,6362,C
8-NS,247,0,6333,0,9,6342,T
8-NS,248,8,0,0,6408,6416,C
8-NS,249,8,1,0,6444,6453,C
8-NS,250,6470,0,2,0,6472,A
8-NS,251,1,1,0,6471,6473,C
8-NS,252,6347,0,0,0,6347,A
8-NS,253,1,6008,0,8,6017,T
8-NS,254,4,0,0,6110,6114,C
8-NS,255,0,6106,0,2,6108,T
8-NS,256,0,2,6127,0,6129,G
8-NS,257,1,0,0,6074,6075,C
8-NS,258,0,6014,0,10,6024,T
8-NS,259,1,6059,1,2,6063,T
8-NS,260,5,1,0,6041,6047,C
8-NS,261,1,2,6060,0,6063,G
8-NS,262,2,9,0,6055,6066,C
8-NS,263,2,12,6067,0,6081,G
8-NS,264,6308,1,0,0,6309,A
8-NS,265,0,6309,0,3,6312,T
8-NS,266,6448,0,5,0,6453,A
8-NS,267,1,0,0,6475,6476,C
8-NS,268,6462,1,2,0,6465,A
8-NS,269,0,6592,0,1,6593,T
8-NS,270,6563,0,1,0,6564,A
8-NS,271,6577,1,1,0,6579,A
8-NS,272,3,0,0,6592,6595,C
8-NS,273,0,6424,0,1,6425,T
8-NS,274,1,14,6482,0,6497,G
8-NS,275,6386,3,3,0,6392,A
8-NS,276,1,3,0,6427,6431,C
8-NS,277,6410,0,4,0,6414,A
8-NS,278,1,6345,0,4,6350,T
8-NS,279,1,27,6346,0,6374,G
8-NS,280,6349,1,1,0,6351,A
8-NS,281,0,0,0,6490,6490,C
8-NS,282,0,6475,0,4,6479,T
8-NS,283,6581,0,0,0,6581,A
8-NS,284,1,6540,0,0,6541,T
8-NS,285,0,6517,0,1,6518,T
8-NS,286,1,11,6518,0,6530,G
8-NS,287,6485,0,6,0,6491,A
8-NS,288,21,9,6437,0,6467,G
8-NS,289,1,21,6446,0,6468,G
8-NS,290,6339,0,1,0,6340,A
8-NS,291,6380,0,2,0,6382,A
8-NS,292,1,6275,0,0,6276,T
8-NS,293,2,6278,0,0,6280,T
8-NS,294,2,2,6337,0,6341,G
8-NS,295,0,6338,0,3,6341,T
8-NS,296,24,1,0,6343,6368,C
8-NS,297,6364,0,1,0,6365,A
8-NS,298,6369,1,1,0,6371,A
8-NS,299,3,14,6349,0,6366,G
8-NS,300,6374,2,0,0,6376,A
8-NS,301,6380,0,2,0,6382,A
8-NS,302,6359,0,7,0,6366,A
8-NS,303,1,0,0,6377,6378,C
8-NS,304,0,6317,0,1,6318,T
8-NS,305,1,15,6400,0,6416,G
8-NS,306,1,2,6496,0,6499,G
8-NS,307,2,6500,1,0,6503,T
8-NS,308,0,6475,2,4,6481,T
8-NS,309,15,1,0,6445,6461,C
8-NS,310,6475,0,4,0,6479,A
8-NS,311,1,6573,0,3,6577,T
8-NS,312,0,6,6594,0,6600,G
8-NS,313,2,0,1,6638,6641,C
8-NS,314,0,6592,0,5,6597,T
8-NS,315,6528,0,6,0,6534,A
8-NS,316,6733,0,0,0,6733,A
8-NS,317,0,6771,0,0,6771,T
8-NS,318,1,3,6763,1,6768,G
8-NS,319,4,3,0,6727,6734,C
8-NS,320,6,0,0,6621,6627,C
8-NS,321,7,0,0,6614,6621,C
8-NS,322,6631,0,2,0,6633,A
8-NS,323,6640,0,1,0,6641,A
8-NS,324,3,1,6661,0,6665,G
8-NS,325,2,2,0,6670,6674,C
8-NS,326,6659,0,2,0,6661,A
8-NS,327,0,11,6699,0,6710,G
8-NS,328,6687,0,3,1,6691,A
8-NS,329,6690,0,2,0,6692,A
8-NS,330,6695,0,2,0,6697,A
8-NS,331,6626,1,0,0,6627,A
8-NS,332,0,6698,0,1,6699,T
8-NS,333,0,4,6730,0,6734,G
8-NS,334,0,9,6716,0,6725,G
8-NS,335,6703,1,3,1,6708,A
8-NS,336,6653,2,2,1,6658,A
8-NS,337,0,15,6632,1,6648,G
8-NS,338,0,9,6647,1,6657,G
8-NS,339,6647,0,4,0,6651,A
8-NS,340,3,0,0,6677,6680,C
8-NS,341,4,0,0,6690,6694,C
8-NS,342,0,6652,0,3,6655,T
8-NS,343,3,0,0,6757,6760,C
8-NS,344,0,6779,0,1,6780,T
8-NS,345,0,6789,0,1,6790,T
8-NS,346,1,6797,0,3,6801,T
8-NS,347,3,3,6762,0,6768,G
8-NS,348,4,2,0,6828,6834,C
8-NS,349,6805,0,2,0,6807,A
8-NS,350,2,6795,2,4,6803,T
8-NS,351,12,1,0,6816,6829,C
8-NS,352,6881,0,0,0,6881,A
8-NS,353,0,19,7026,0,7045,G
8-NS,354,7020,0,0,1,7021,A
8-NS,355,7013,0,1,0,7014,A
8-NS,356,0,6992,0,0,6992,T
8-NS,357,1,15,6923,0,6939,G
8-NS,358,6,12,6992,0,7010,G
8-NS,359,7008,0,2,0,7010,A
8-NS,360,3,6,0,6965,6974,C
8-NS,361,5,1,0,6872,6878,C
8-NS,362,6745,1,7,0,6753,A
8-NS,363,1,2,6814,0,6817,G
8-NS,364,3,1,6794,0,6798,G
8-NS,365,2,0,0,6841,6843,C
8-NS,366,6801,0,2,0,6803,A
8-NS,367,6796,0,0,0,6796,A
8-NS,368,1,6764,0,1,6766,T
8-NS,369,21,2,0,6769,6792,C
8-NS,370,6797,0,2,0,6799,A
8-NS,371,0,6759,1,3,6763,T
8-NS,372,1,12,6690,0,6703,G
8-NS,373,0,9,6700,0,6709,G
8-NS,374,6664,0,4,0,6668,A
8-NS,375,1,19,6714,1,6735,G
8-NS,376,6633,1,1,1,6636,A
8-NS,377,6644,0,0,1,6645,A
8-NS,378,6652,0,1,0,6653,A
8-NS,379,6649,0,1,0,6650,A
8-NS,380,6657,1,3,0,6661,A
8-NS,381,0,0,0,6691,6691,C
8-NS,382,6659,0,0,0,6659,A
8-NS,383,0,6605,1,2,6608,T
8-NS,384,7,0,1,6604,6612,C
8-NS,385,6605,1,3,0,6609,A
8-NS,386,0,6607,1,1,6609,T
8-NS,387,1,1,6638,0,6640,G
8-NS,388,0,6639,1,7,6647,T
8-NS,389,0,6605,0,0,6605,T
8-NS,390,0,9,6600,1,6610,G
8-NS,391,6572,0,2,0,6574,A
8-NS,392,6570,0,2,0,6572,A
8-NS,393,6549,0,15,1,6565,A
8-NS,394,0,0,6580,0,6580,G
8-NS,395,0,2,0,6561,6563,C
8-NS,396,0,19,6557,0,6576,G
8-NS,397,6551,0,6,0,6557,A
8-NS,398,6581,0,0,0,6581,A
8-NS,399,0,6528,1,1,6530,T
8-NS,400,0,6545,1,2,6548,T
8-NS,401,0,6531,1,1,6533,T
8-NS,402,15,0,0,6559,6574,C
8-NS,403,6534,0,1,0,6535,A
8-NS,404,1,2,6555,0,6558,G
8-NS,405,0,6521,1,5,6527,T
8-NS,406,1,0,6529,0,6530,G
8-NS,407,1,6488,1,6,6496,T
8-NS,408,1,14,6521,0,6536,G
8-NS,409,6559,0,0,0,6559,A
8-NS,410,1,6539,1,1,6542,T
8-NS,411,0,6555,1,0,6556,T
8-NS,412,1,6544,1,0,6546,T
8-NS,413,0,6513,1,1,6515,T
8-NS,414,0,6541,0,3,6544,T
8-NS,415,0,19,6518,0,6537,G
8-NS,416,6517,0,5,0,6522,A
8-NS,417,0,1,0,6513,6514,C
8-NS,418,8,2,0,6474,6484,C
8-NS,419,2,19,6508,0,6529,G
8-NS,420,6895,0,0,0,6895,A
8-NS,421,1,1,0,7008,7010,C
8-NS,422,1,7023,0,1,7025,T
8-NS,423,7068,0,1,0,7069,A
8-NS,424,0,10,7046,1,7057,G
8-NS,425,7049,0,10,2,7061,A
8-NS,426,2,17,7087,0,7106,G
8-NS,427,7082,0,5,1,7088,A
8-NS,428,0,1,0,7233,7234,C
8-NS,429,15,0,0,6888,6903,C
8-NS,430,6705,0,2,0,6707,A
8-NS,431,1,7027,0,3,7031,T
8-NS,432,6975,0,5,0,6980,A
8-NS,433,0,1,7378,0,7379,G
8-NS,434,1,7329,0,1,7331,T
8-NS,435,7329,0,1,0,7330,A
8-NS,436,0,7309,1,1,7311,T
8-NS,437,0,7143,0,1,7144,T
8-NS,438,7347,1,0,1,7349,A
8-NS,439,2,1,0,7362,7365,C
8-NS,440,0,7061,0,1,7062,T
8-NS,441,7048,0,3,0,7051,A
8-NS,442,6486,0,0,1,6487,A
8-NS,443,1,13,6496,1,6511,G
8-NS,444,0,10,6483,0,6493,G
8-NS,445,2,1,6451,0,6454,G
8-NS,446,0,1,0,6415,6416,C
8-NS,447,0,6321,0,12,6333,T
8-NS,448,1,6332,0,3,6336,T
8-NS,449,1,6417,0,1,6419,T
8-NS,450,18,3,0,6459,6480,C
8-NS,451,6517,1,3,2,6523,A
8-NS,452,0,0,1,6549,6550,C
8-NS,453,2,3,0,6476,6481,C
8-NS,454,0,3,6504,0,6507,G
8-NS,455,6424,0,0,1,6425,A
8-NS,456,6454,2,3,0,6459,A
8-NS,457,1,4,6496,0,6501,G
8-NS,458,6409,0,5,1,6415,A
8-NS,459,0,12,6467,0,6479,G
8-NS,460,0,10,6385,0,6395,G
8-NS,461,2,19,6392,0,6413,G
8-NS,462,6391,0,5,0,6396,A
8-NS,463,2,3,6394,0,6399,G
8-NS,464,3,1,0,6387,6391,C
8-NS,465,6402,0,0,1,6403,A
8-NS,466,6399,1,2,1,6403,A
8-NS,467,0,6425,0,1,6426,T
8-NS,468,0,6401,0,2,6403,T
8-NS,469,2,3,6398,0,6403,G
8-NS,470,0,6310,0,0,6310,T
8-NS,471,0,6303,0,3,6306,T
8-NS,472,1,7,6307,0,6315,G
8-NS,473,3,3,6281,0,6287,G
8-NS,474,0,2,0,6310,6312,C
8-NS,475,0,10,6327,0,6337,G
8-NS,476,6313,1,1,2,6317,A
8-NS,477,6366,0,1,1,6368,A
8-NS,478,6369,0,1,1,6371,A
8-NS,479,1,6390,0,0,6391,T
8-NS,480,11,0,0,6391,6402,C
8-NS,481,0,6344,0,5,6349,T
8-NS,482,16,2,0,6361,6379,C
8-NS,483,6375,0,4,0,6379,A
8-NS,484,2,1,0,6394,6397,C
8-NS,485,15,0,0,6395,6410,C
8-NS,486,6365,0,1,0,6366,A
8-NS,487,1,6350,0,2,6353,T
8-NS,488,0,6321,0,1,6322,T
8-NS,489,0,0,6329,0,6329,G
8-NS,490,3,0,1,6309,6313,C
8-NS,491,5,0,0,6310,6315,C
8-NS,492,2,6318,0,7,6327,T
8-NS,493,1,6283,0,3,6287,T
8-NS,494,5,2,0,6335,6342,C
8-NS,495,0,6333,1,1,6335,T
8-NS,496,1,6328,0,1,6330,T
8-NS,497,1,6439,1,2,6443,T
8-NS,498,0,6385,0,1,6386,T
8-NS,499,13,2,0,6387,6402,C
8-NS,500,3,1,0,6411,6415,C
8-NS,501,6409,7,3,0,6419,A
8-NS,502,1,10,6463,1,6475,G
8-NS,503,0,9,6445,0,6454,G
8-NS,504,6580,1,1,1,6583,A
8-NS,505,2,1,0,6561,6564,C
8-NS,506,6550,0,1,0,6551,A
8-NS,507,0,6565,0,5,6570,T
8-NS,508,6558,0,2,2,6562,A
8-NS,509,2,0,0,6931,6933,C
8-NS,510,0,6912,0,2,6914,T
8-NS,511,6892,0,0,0,6892,A
8-NS,512,0,6846,0,0,6846,T
8-NS,513,0,6666,0,0,6666,T
8-NS,514,1,3,6662,0,6666,G
8-NS,515,6416,1,3,2,6422,A
8-NS,516,1,6,6431,0,6438,G
8-NS,517,0,3,6427,0,6430,G
8-NS,518,5963,0,1,0,5964,A
8-NS,519,0,5990,1,2,5993,T
8-NS,520,0,1,5931,0,5932,G
8-NS,521,1,5889,0,5,5895,T
8-NS,522,11,0,1,5919,5931,C
8-NS,523,5950,0,4,2,5956,A
8-NS,524,5956,0,0,1,5957,A
8-NS,525,5948,0,1,0,5949,A
8-NS,526,5920,0,0,0,5920,A
8-NS,527,5930,0,0,0,5930,A
8-NS,528,0,5915,0,0,5915,T
8-NS,529,3,1,5901,0,5905,G
8-NS,530,1,0,0,5953,5954,C
8-NS,531,5948,0,0,1,5949,A
8-NS,532,5936,0,0,0,5936,A
8-NS,533,0,5958,0,0,5958,T
8-NS,534,0,5976,0,1,5977,T
8-NS,535,2,4,5961,0,5967,G
8-NS,536,3,8,5874,1,5886,G
8-NS,537,0,4,5883,0,5887,G
8-NS,538,1,0,5963,0,5964,G
8-NS,539,0,5882,0,9,5891,T
8-NS,540,8,0,0,5890,5898,C
8-NS,541,7,0,0,5913,5920,C
8-NS,542,1,5935,1,5,5942,T
8-NS,543,14,2,0,5974,5990,C
8-NS,544,5996,0,1,0,5997,A
8-NS,545,0,5953,0,2,5955,T
8-NS,546,7,2,0,6010,6019,C
8-NS,547,1,3,5975,0,5979,G
8-NS,548,0,4,5969,0,5973,G
8-NS,549,5872,0,2,1,5875,A
8-NS,550,0,2,5886,0,5888,G
8-NS,551,1,10,5898,0,5909,G
8-NS,552,5787,0,1,0,5788,A
8-NS,553,1,2,0,5847,5850,C
8-NS,554,0,5858,1,1,5860,T
8-NS,555,0,5855,0,3,5858,T
8-NS,556,2,17,5873,1,5893,G
8-NS,557,5863,0,2,1,5866,A
8-NS,558,5869,0,2,1,5872,A
8-NS,559,1,5863,0,0,5864,T
8-NS,560,2,10,5786,0,5798,G
8-NS,561,1,7,5845,0,5853,G
8-NS,562,5763,0,5,0,5768,A
8-NS,563,5826,0,3,0,5829,A
8-NS,564,1,6040,0,0,6041,T
8-NS,565,0,8,6071,0,6079,G
8-NS,566,6084,2,1,1,6088,A
8-NS,567,0,6086,0,1,6087,T
8-NS,568,6083,0,2,1,6086,A
8-NS,569,6103,0,2,1,6106,A
8-NS,570,2,0,0,6024,6026,C
8-NS,571,5930,0,0,1,5931,A
8-NS,572,2,0,0,5941,5943,C
8-NS,573,5505,1,1,1,5508,A
8-NS,574,0,0,5562,1,5563,G
8-NS,575,1,5511,0,8,5520,T
8-NS,576,0,5474,0,0,5474,T
8-NS,577,23,0,0,5502,5525,C
8-NS,578,1,20,5471,0,5492,G
8-NS,579,5454,0,3,1,5458,A
8-NS,580,0,1,5474,0,5475,G
8-NS,581,0,5427,0,2,5429,T
8-NS,582,10,1,0,5420,5431,C
8-NS,583,0,5331,0,7,5338,T
8-NS,584,9,1,0,5350,5360,C
8-NS,585,2,5398,0,2,5402,T
8-NS,586,5404,0,0,1,5405,A
8-NS,587,5401,0,1,2,5404,A
8-NS,588,5385,0,0,2,5387,A
8-NS,589,5423,0,1,2,5426,A
8-NS,590,5430,0,2,1,5433,A
8-NS,591,0,5366,0,0,5366,T
8-NS,592,3,1,0,5434,5438,C
8-NS,593,0,5396,0,1,5397,T
8-NS,594,5422,1,2,1,5426,A
8-NS,595,0,0,0,5426,5426,C
8-NS,596,5415,0,1,1,5417,A
8-NS,597,0,7,5419,0,5426,G
8-NS,598,5307,0,6,0,5313,A
8-NS,599,0,7,5311,1,5319,G
8-NS,600,5303,0,0,1,5304,A
8-NS,601,1,5258,0,4,5263,T
8-NS,602,2,5233,0,1,5236,T
8-NS,603,16,2,0,5260,5278,C
8-NS,604,2,0,5294,0,5296,G
8-NS,605,0,0,0,5265,5265,C
8-NS,606,0,5242,0,4,5246,T
8-NS,607,1,5290,0,1,5292,T
8-NS,608,2,10,5252,0,5264,G
8-NS,609,1,8,5276,0,5285,G
8-NS,610,5269,1,5,0,5275,A
8-NS,611,0,7,5293,0,5300,G
8-NS,612,5256,0,1,1,5258,A
8-NS,613,5211,0,1,0,5212,A
8-NS,614,3,0,5272,0,5275,G
8-NS,615,1,1,0,5271,5273,C
8-NS,616,5284,0,2,0,5286,A
8-NS,617,0,1,5377,0,5378,G
8-NS,618,1,5329,0,1,5331,T
8-NS,619,5372,0,0,0,5372,A
8-NS,620,5362,2,1,0,5365,A
8-NS,621,1,5330,0,1,5332,T
8-NS,622,2,14,5358,0,5374,G
8-NS,623,5181,1,3,0,5185,A
8-NS,624,0,10,5232,0,5242,G
8-NS,625,5214,0,2,0,5216,A
8-NS,626,4981,0,1,0,4982,A
8-NS,627,0,4969,1,0,4970,T
8-NS,628,1,4,4927,1,4933,G
8-NS,629,1,2,4931,0,4934,G
8-NS,630,1,3,4903,0,4907,G
8-NS,631,0,1,4867,0,4868,G
8-NS,632,1,0,4877,0,4878,G
8-NS,633,4714,0,0,0,4714,A
8-NS,634,1,4589,0,3,4593,T
8-NS,635,10,1,0,4726,4737,C
8-NS,636,0,4714,0,5,4719,T
8-NS,637,4,0,0,4730,4734,C
8-NS,638,3,0,0,4768,4771,C
8-NS,639,4781,2,0,0,4783,A
8-NS,640,2,1,1,4765,4769,C
8-NS,641,0,4672,2,5,4679,T
8-NS,642,0,4644,0,2,4646,T
8-NS,643,4546,0,2,0,4548,A
8-NS,644,0,1,0,4572,4573,C
8-NS,645,0,4485,1,2,4488,T
8-NS,646,10,2,0,4500,4512,C
8-NS,647,4,3,0,4490,4497,C
8-NS,648,4473,0,0,1,4474,A
8-NS,649,4486,0,1,0,4487,A
8-NS,650,4476,0,1,0,4477,A
8-NS,651,4480,0,0,2,4482,A
8-NS,652,0,0,0,4482,4482,C
8-NS,653,4371,0,1,0,4372,A
8-NS,654,0,7,4373,0,4380,G
8-NS,655,4372,0,1,0,4373,A
8-NS,656,4365,0,2,0,4367,A
8-NS,657,4360,0,2,0,4362,A
8-NS,658,1,2,0,4354,4357,C
8-NS,659,0,5,4357,0,4362,G
8-NS,660,1,5,4352,0,4358,G
8-NS,661,0,6,4363,0,4369,G
8-NS,662,4359,2,1,0,4362,A
8-NS,663,4352,0,0,0,4352,A
8-NS,664,4353,0,3,1,4357,A
8-NS,665,0,4335,0,0,4335,T
8-NS,666,0,9,4369,0,4378,G
8-NS,667,3,0,4345,0,4348,G
8-NS,668,2,1,0,4327,4330,C
8-NS,669,2,4,4357,0,4363,G
8-NS,670,4334,0,4,0,4338,A
8-NS,671,0,15,4356,0,4371,G
8-NS,672,4369,0,0,0,4369,A
8-NS,673,4358,0,0,0,4358,A
8-NS,674,3,2,1,4367,4373,C
8-NS,675,4276,0,6,0,4282,A
8-NS,676,0,1,4258,1,4260,G
8-NS,677,0,1,0,4238,4239,C
8-NS,678,0,4258,1,2,4261,T
8-NS,679,4242,0,3,0,4245,A
8-NS,680,0,10,4169,0,4179,G
8-NS,681,0,1,4198,0,4199,G
8-NS,682,0,4130,0,4,4134,T
8-NS,683,17,2,0,4087,4106,C
8-NS,684,4116,0,0,0,4116,A
8-NS,685,4095,0,0,0,4095,A
8-NS,686,4107,0,1,0,4108,A
8-NS,687,4112,0,0,0,4112,A
8-NS,688,1,1,4114,0,4116,G
8-NS,689,0,4023,1,1,4025,T
8-NS,690,0,4014,1,1,4016,T
8-NS,691,0,4028,1,0,4029,T
8-NS,692,1,8,4030,0,4039,G
8-NS,693,4042,0,6,0,4048,A
8-NS,694,4046,0,0,1,4047,A
8-NS,695,0,6,4055,0,4061,G
8-NS,696,3970,0,1,0,3971,A
8-NS,697,0,5,3976,0,3981,G
8-NS,698,3973,0,0,0,3973,A
8-NS,699,0,3976,0,0,3976,T
8-NS,700,3982,0,0,0,3982,A
8-NS,701,3957,1,3,0,3961,A
8-NS,702,0,1,3961,0,3962,G
8-NS,703,3678,1,3,0,3682,A
8-NS,704,0,3665,1,0,3666,T
8-NS,705,2,8,3680,0,3690,G
8-NS,706,0,2,3665,0,3667,G
8-NS,707,2,1,0,3646,3649,C
8-NS,708,0,3669,0,1,3670,T
8-NS,709,3670,1,0,0,3671,A
8-NS,710,3662,0,0,1,3663,A
8-NS,711,0,3675,0,0,3675,T
8-NS,712,0,3664,0,1,3665,T
8-NS,713,1,7,3664,0,3672,G
8-NS,714,3624,0,0,2,3626,A
8-NS,715,3618,0,2,0,3620,A
8-NS,716,3,4,3592,1,3600,G
8-NS,717,3615,0,0,0,3615,A
8-NS,718,3541,0,3,0,3544,A
8-NS,719,1,0,3580,0,3581,G
8-NS,720,1,3491,1,0,3493,T
8-NS,721,1,6,3499,1,3507,G
8-NS,722,3474,0,4,0,3478,A
8-NS,723,0,10,3465,0,3475,G
8-NS,724,3478,0,7,0,3485,A
8-NS,725,2,0,0,3436,3438,C
8-NS,726,3399,0,2,0,3401,A
8-NS,727,2,0,0,3402,3404,C
8-NS,728,3164,0,1,0,3165,A
8-NS,729,0,4,3209,0,3213,G
8-NS,730,3202,0,1,0,3203,A
8-NS,731,0,3171,1,3,3175,T
8-NS,732,0,3160,0,2,3162,T
8-NS,733,3165,1,0,0,3166,A
8-NS,734,3153,0,0,0,3153,A
8-NS,735,3151,0,0,0,3151,A
8-NS,736,3145,0,1,0,3146,A
8-NS,737,3141,0,2,1,3144,A
8-NS,738,0,0,0,3035,3035,C
8-NS,739,2880,0,1,0,2881,A
8-NS,740,2881,0,1,0,2882,A
8-NS,741,1,0,0,2890,2891,C
8-NS,742,0,2873,0,1,2874,T
8-NS,743,0,8,2873,0,2881,G
8-NS,744,2878,0,0,0,2878,A
8-NS,745,2878,1,0,0,2879,A
8-NS,746,2878,0,0,0,2878,A
8-NS,747,2836,1,0,0,2837,A
8-NS,748,0,2820,0,0,2820,T
8-NS,749,2772,0,2,0,2774,A
8-NS,750,0,1,2776,0,2777,G
8-NS,751,3,0,0,2776,2779,C
8-NS,752,0,2717,0,3,2720,T
8-NS,753,0,2729,0,0,2729,T
8-NS,754,1,2694,0,0,2695,T
8-NS,755,1,12,2696,0,2709,G
8-NS,756,2704,0,2,0,2706,A
8-NS,757,2710,0,0,0,2710,A
8-NS,758,0,0,0,2712,2712,C
8-NS,759,2645,0,0,0,2645,A
8-NS,760,2654,1,0,0,2655,A
8-NS,761,2660,0,0,0,2660,A
8-NS,762,2,2649,0,1,2652,T
8-NS,763,2649,0,0,0,2649,A
8-NS,764,2611,0,0,0,2611,A
8-NS,765,0,2,0,2604,2606,C
8-NS,766,2600,0,0,0,2600,A
8-NS,767,0,2533,0,0,2533,T
8-NS,768,0,2462,0,0,2462,T
8-NS,769,7,0,0,2437,2444,C
8-NS,770,2430,0,0,0,2430,A
8-NS,771,0,2408,0,0,2408,T
8-NS,772,1,1,2408,0,2410,G
8-NS,773,1,1,0,2361,2363,C
8-NS,774,2344,0,0,0,2344,A
8-NS,775,2327,0,1,0,2328,A
8-NS,776,1,0,2315,0,2316,G
8-NS,777,2,2,0,2327,2331,C
8-NS,778,2296,0,0,0,2296,A
8-NS,779,0,2291,0,0,2291,T
8-NS,780,0,2271,0,1,2272,T
8-NS,781,2266,0,3,0,2269,A
8-NS,782,1,0,0,2273,2274,C
8-NS,783,2249,0,1,0,2250,A
8-NS,784,2202,0,0,0,2202,A
8-NS,785,0,0,0,2182,2182,C
8-NS,786,0,1865,0,1,1866,T
8-NS,787,0,1,1873,0,1874,G
8-NS,788,0,0,0,1830,1830,C
8-NS,789,0,1787,0,0,1787,T
8-NS,790,0,0,1790,0,1790,G
8-NS,791,0,1758,0,1,1759,T
8-NS,792,1,1755,0,0,1756,T
8-NS,793,0,1759,0,0,1759,T
8-NS,794,2,2,1729,0,1733,G
8-NS,795,1740,0,2,0,1742,A
8-NS,796,1704,1,0,0,1705,A
8-NS,797,0,0,1700,0,1700,G
8-NS,798,0,1680,1,1,1682,T
8-NS,799,0,3,1616,0,1619,G
8-NS,800,0,5,1620,0,1625,G
8-NS,801,1620,0,2,0,1622,A
8-NS,802,1624,0,1,0,1625,A
8-NS,803,1,1,0,1613,1615,C
8-NS,804,1574,0,0,0,1574,A
8-NS,805,0,0,1575,0,1575,G
8-NS,806,0,0,1537,0,1537,G
8-NS,807,1511,0,1,0,1512,A
8-NS,808,7,3,1493,0,1503,G
8-NS,809,1246,0,1,0,1247,A
8-NS,810,0,1236,1,0,1237,T
8-NS,811,1234,0,0,0,1234,A
8-NS,812,1223,0,0,0,1223,A
8-NS,813,0,5,1222,0,1227,G
8-NS,814,1060,0,0,0,1060,A
8-NS,815,1038,0,0,0,1038,A
8-NS,816,0,0,0,1027,1027,C
8-NS,817,0,885,0,0,885,T
8-NS,818,0,873,0,0,873,T
8-NS,819,0,869,0,1,870,T
8-NS,820,2,0,0,869,871,C
8-NS,821,0,840,0,0,840,T
8-NS,822,1,0,0,827,828,C
8-NS,823,805,0,0,0,805,A
8-NS,824,0,798,0,0,798,T
8-NS,825,0,788,0,0,788,T
8-NS,826,0,777,0,0,777,T
8-NS,827,4,0,0,778,782,C
8-NS,828,753,0,0,0,753,A
8-NS,829,0,1,748,0,749,G
8-NS,830,0,0,0,746,746,C
8-NS,831,0,693,0,1,694,T
8-NS,832,0,688,0,0,688,T
8-NS,833,656,0,0,0,656,A
8-NS,834,0,652,0,0,652,T
8-NS,835,0,648,0,0,648,T
8-NS,836,0,644,0,0,644,T
8-NS,837,620,0,0,0,620,A
8-NS,838,602,0,0,0,602,A
8-NS,839,0,584,0,0,584,T
8-NS,840,0,0,576,0,576,G
8-NS,841,562,0,0,0,562,A
8-NS,842,0,501,0,0,501,T
8-NS,843,495,0,0,0,495,A
8-NS,844,494,0,0,0,494,A
8-NS,845,494,0,0,0,494,A
8-NS,846,495,0,0,0,495,A
8-NS,847,481,0,1,0,482,A
8-NS,848,473,0,0,0,473,A
8-NS,849,0,0,0,475,475,C
8-NS,850,398,0,0,0,398,A
8-NS,851,0,0,0,420,420,C
8-NS,852,0,0,0,399,399,C
8-NS,853,4,0,0,383,387,C
8-NS,854,0,361,0,0,361,T
8-NS,855,0,347,0,0,347,T
8-NS,856,0,1,350,0,351,G
8-NS,857,0,333,0,0,333,T
8-NS,858,0,326,0,0,326,T
8-NS,859,0,314,0,0,314,T
8-NS,860,0,0,0,118,118,C
8-NS,861,0,82,0,0,82,T
8-NS,862,66,0,0,0,66,A
8-NS,863,0,0,0,66,66,C
