Gene,Position,A,T,G,C,Coverage,Consensus
1-PB2,1,859,0,0,0,859,A
1-PB2,2,0,868,0,0,868,T
1-PB2,3,0,0,899,0,899,G
1-PB2,4,0,0,898,0,898,G
1-PB2,5,892,1,0,0,893,A
1-PB2,6,895,0,1,0,896,A
1-PB2,7,897,0,0,0,897,A
1-PB2,8,1,1,1000,0,1002,G
1-PB2,9,999,0,1,0,1000,A
1-PB2,10,1010,0,1,0,1011,A
1-PB2,11,0,1037,0,0,1037,T
1-PB2,12,1039,0,0,0,1039,A
1-PB2,13,1044,0,0,0,1044,A
1-PB2,14,1047,0,0,0,1047,A
1-PB2,15,1046,0,2,1,1049,A
1-PB2,16,0,3,1075,0,1078,G
1-PB2,17,1074,0,0,0,1074,A
1-PB2,18,1079,0,1,0,1080,A
1-PB2,19,0,0,0,1104,1104,C
1-PB2,20,1,1105,0,0,1106,T
1-PB2,21,1121,1,0,0,1122,A
1-PB2,22,0,0,0,1126,1126,C
1-PB2,23,3,2,1125,0,1130,G
1-PB2,24,0,3,1146,0,1149,G
1-PB2,25,1151,0,0,0,1151,A
1-PB2,26,1198,0,0,0,1198,A
1-PB2,27,0,1208,0,0,1208,T
1-PB2,28,0,0,0,1216,1216,C
1-PB2,29,0,1218,0,1,1219,T
1-PB2,30,0,2,1234,0,1236,G
1-PB2,31,1236,0,2,0,1238,A
1-PB2,32,0,1243,0,0,1243,T
1-PB2,33,1,0,1244,0,1245,G
1-PB2,34,0,1266,0,5,1271,T
1-PB2,35,1,0,0,1270,1271,C
1-PB2,36,2,0,1263,0,1265,G
1-PB2,37,0,2,0,1266,1268,C
1-PB2,38,1273,0,0,0,1273,A
1-PB2,39,0,0,1339,0,1339,G
1-PB2,40,0,1336,0,2,1338,T
1-PB2,41,1,1,0,1340,1342,C
1-PB2,42,0,1329,0,8,1337,T
1-PB2,43,1,1,0,1355,1357,C
1-PB2,44,4,1,1339,0,1344,G
1-PB2,45,0,1,0,1356,1357,C
1-PB2,46,1359,0,1,0,1360,A
1-PB2,47,0,0,0,1378,1378,C
1-PB2,48,1,1359,0,1,1361,T
1-PB2,49,2,2,0,1405,1409,C
1-PB2,50,0,0,1412,0,1412,G
1-PB2,51,2,1,0,1406,1409,C
1-PB2,52,0,3,1412,0,1415,G
1-PB2,53,1401,0,2,0,1403,A
1-PB2,54,0,2,1424,0,1426,G
1-PB2,55,1458,0,2,0,1460,A
1-PB2,56,0,1458,0,0,1458,T
1-PB2,57,1462,0,0,0,1462,A
1-PB2,58,0,2,0,1467,1469,C
1-PB2,59,0,1456,0,2,1458,T
1-PB2,60,1,2,1481,0,1484,G
1-PB2,61,1487,0,2,0,1489,A
1-PB2,62,0,1,0,1503,1504,C
1-PB2,63,1505,0,0,0,1505,A
1-PB2,64,1497,0,2,0,1499,A
1-PB2,65,1510,0,1,0,1511,A
1-PB2,66,1540,0,0,0,1540,A
1-PB2,67,1540,0,0,0,1540,A
1-PB2,68,1,0,0,1559,1560,C
1-PB2,69,3,0,0,1553,1556,C
1-PB2,70,1594,0,0,0,1594,A
1-PB2,71,0,0,0,1626,1626,C
1-PB2,72,1619,0,1,0,1620,A
1-PB2,73,0,0,1676,0,1676,G
1-PB2,74,0,1657,0,0,1657,T
1-PB2,75,0,0,1728,0,1728,G
1-PB2,76,0,3,1729,0,1732,G
1-PB2,77,1735,1,1,0,1737,A
1-PB2,78,0,0,0,1826,1826,C
1-PB2,79,4,0,0,1825,1829,C
1-PB2,80,1845,0,1,0,1846,A
1-PB2,81,0,1846,0,0,1846,T
1-PB2,82,1825,0,0,0,1825,A
1-PB2,83,0,1820,0,2,1822,T
1-PB2,84,1,1,1826,0,1828,G
1-PB2,85,1,0,1838,0,1839,G
1-PB2,86,0,0,0,1841,1841,C
1-PB2,87,1,4,0,1820,1825,C
1-PB2,88,1825,0,1,0,1826,A
1-PB2,89,0,1943,0,1,1944,T
1-PB2,90,1949,0,0,0,1949,A
1-PB2,91,2039,1,0,0,2040,A
1-PB2,92,0,2050,0,0,2050,T
1-PB2,93,0,2046,0,0,2046,T
1-PB2,94,2075,0,0,0,2075,A
1-PB2,95,2060,0,1,1,2062,A
1-PB2,96,0,3,2110,0,2113,G
1-PB2,97,2098,0,2,0,2100,A
1-PB2,98,2055,0,0,0,2055,A
1-PB2,99,2,0,2128,0,2130,G
1-PB2,100,0,2113,0,3,2116,T
1-PB2,101,2124,0,0,0,2124,A
1-PB2,102,0,1,0,2142,2143,C
1-PB2,103,2149,0,4,0,2153,A
1-PB2,104,0,3,0,2187,2190,C
1-PB2,105,2178,0,0,0,2178,A
1-PB2,106,1,2178,0,1,2180,T
1-PB2,107,0,1,0,2198,2199,C
1-PB2,108,3,5,2162,1,2171,G
1-PB2,109,0,3,2163,0,2166,G
1-PB2,110,0,2,2156,0,2158,G
1-PB2,111,0,2,2155,0,2157,G
1-PB2,112,2167,0,1,0,2168,A
1-PB2,113,2,5,2170,0,2177,G
1-PB2,114,2168,1,2,0,2171,A
1-PB2,115,0,1,0,2189,2190,C
1-PB2,116,2171,0,5,0,2176,A
1-PB2,117,1,1,2212,0,2214,G
1-PB2,118,0,2,2242,0,2244,G
1-PB2,119,2246,0,0,0,2246,A
1-PB2,120,2250,0,0,0,2250,A
1-PB2,121,2250,0,3,0,2253,A
1-PB2,122,2239,0,5,0,2244,A
1-PB2,123,3,2,2234,0,2239,G
1-PB2,124,2229,0,2,0,2231,A
1-PB2,125,2246,0,4,1,2251,A
1-PB2,126,0,0,0,2236,2236,C
1-PB2,127,0,0,0,2225,2225,C
1-PB2,128,3,2,0,2228,2233,C
1-PB2,129,22,0,2213,0,2235,G
1-PB2,130,1,2215,0,4,2220,T
1-PB2,131,2,1,0,2235,2238,C
1-PB2,132,2255,0,0,0,2255,A
1-PB2,133,1,1,0,2264,2266,C
1-PB2,134,0,2268,1,1,2270,T
1-PB2,135,0,2271,0,0,2271,T
1-PB2,136,2270,0,2,0,2272,A
1-PB2,137,0,3,2300,0,2303,G
1-PB2,138,0,1,2299,0,2300,G
1-PB2,139,2293,0,1,1,2295,A
1-PB2,140,0,2297,0,0,2297,T
1-PB2,141,2,4,2319,0,2325,G
1-PB2,142,2358,0,1,0,2359,A
1-PB2,143,2366,0,1,0,2367,A
1-PB2,144,2371,1,3,0,2375,A
1-PB2,145,0,2370,0,1,2371,T
1-PB2,146,3,3,2367,0,2373,G
1-PB2,147,0,1,2388,0,2389,G
1-PB2,148,2390,0,1,0,2391,A
1-PB2,149,0,2400,0,1,2401,T
1-PB2,150,0,2,2385,0,2387,G
1-PB2,151,2355,0,2,0,2357,A
1-PB2,152,0,2370,0,1,2371,T
1-PB2,153,3,4,2366,0,2373,G
1-PB2,154,1,0,2368,0,2369,G
1-PB2,155,0,0,0,2380,2380,C
1-PB2,156,2362,0,0,0,2362,A
1-PB2,157,2393,0,0,0,2393,A
1-PB2,158,0,2398,0,1,2399,T
1-PB2,159,0,2,2463,0,2465,G
1-PB2,160,2463,0,0,0,2463,A
1-PB2,161,2459,0,0,0,2459,A
1-PB2,162,2458,0,6,0,2464,A
1-PB2,163,1,2472,0,1,2474,T
1-PB2,164,2497,0,0,0,2497,A
1-PB2,165,1,1,0,2525,2527,C
1-PB2,166,3,1,0,2508,2512,C
1-PB2,167,1,1,0,2524,2526,C
1-PB2,168,2517,0,3,0,2520,A
1-PB2,169,2509,0,0,0,2509,A
1-PB2,170,0,2502,0,3,2505,T
1-PB2,171,2,0,0,2511,2513,C
1-PB2,172,2510,0,0,0,2510,A
1-PB2,173,1,0,0,2562,2563,C
1-PB2,174,0,2541,0,0,2541,T
1-PB2,175,5,0,2546,0,2551,G
1-PB2,176,0,0,0,2544,2544,C
1-PB2,177,0,2541,0,1,2542,T
1-PB2,178,1,2,2551,0,2554,G
1-PB2,179,2534,0,8,0,2542,A
1-PB2,180,0,3,0,2572,2575,C
1-PB2,181,2575,0,0,0,2575,A
1-PB2,182,2541,0,0,0,2541,A
1-PB2,183,2555,0,2,0,2557,A
1-PB2,184,2529,0,11,0,2540,A
1-PB2,185,2,3,2566,0,2571,G
1-PB2,186,0,0,2573,0,2573,G
1-PB2,187,2563,0,2,0,2565,A
1-PB2,188,0,2573,0,1,2574,T
1-PB2,189,2565,0,2,0,2567,A
1-PB2,190,2582,0,2,1,2585,A
1-PB2,191,1,0,0,2596,2597,C
1-PB2,192,2593,0,1,0,2594,A
1-PB2,193,3,2,2600,0,2605,G
1-PB2,194,2578,0,0,0,2578,A
1-PB2,195,2585,0,0,0,2585,A
1-PB2,196,2579,0,0,0,2579,A
1-PB2,197,0,2583,0,1,2584,T
1-PB2,198,2,5,2570,0,2577,G
1-PB2,199,1,0,2629,0,2630,G
1-PB2,200,0,2600,0,2,2602,T
1-PB2,201,0,2611,0,1,2612,T
1-PB2,202,5,0,0,2602,2607,C
1-PB2,203,0,0,0,2612,2612,C
1-PB2,204,2612,0,1,0,2613,A
1-PB2,205,0,3,2632,0,2635,G
1-PB2,206,2628,0,5,0,2633,A
1-PB2,207,0,7,2642,0,2649,G
1-PB2,208,2615,1,3,0,2619,A
1-PB2,209,3,0,2665,0,2668,G
1-PB2,210,2653,1,2,0,2656,A
1-PB2,211,2663,1,0,0,2664,A
1-PB2,212,2668,0,1,0,2669,A
1-PB2,213,0,2654,0,0,2654,T
1-PB2,214,0,8,2674,0,2682,G
1-PB2,215,2680,0,4,0,2684,A
1-PB2,216,2674,0,3,0,2677,A
1-PB2,217,0,2,0,2673,2675,C
1-PB2,218,2662,0,0,0,2662,A
1-PB2,219,2661,0,6,0,2667,A
1-PB2,220,1,4,2692,0,2697,G
1-PB2,221,0,3,2724,0,2727,G
1-PB2,222,2733,0,5,0,2738,A
1-PB2,223,0,1,0,2734,2735,C
1-PB2,224,2739,0,1,0,2740,A
1-PB2,225,2740,0,1,0,2741,A
1-PB2,226,2845,0,1,0,2846,A
1-PB2,227,0,0,0,2878,2878,C
1-PB2,228,0,2851,1,2,2854,T
1-PB2,229,2,0,0,2891,2893,C
1-PB2,230,1,2845,0,4,2850,T
1-PB2,231,2861,0,0,0,2861,A
1-PB2,232,0,2859,0,0,2859,T
1-PB2,233,1,2,2868,0,2871,G
1-PB2,234,1,6,2938,0,2945,G
1-PB2,235,2822,1,5,1,2829,A
1-PB2,236,0,0,2860,0,2860,G
1-PB2,237,1,2847,0,1,2849,T
1-PB2,238,2844,0,0,0,2844,A
1-PB2,239,2851,0,3,0,2854,A
1-PB2,240,2846,0,3,0,2849,A
1-PB2,241,2845,0,1,0,2846,A
1-PB2,242,0,2830,0,1,2831,T
1-PB2,243,2,7,2829,0,2838,G
1-PB2,244,2786,0,10,0,2796,A
1-PB2,245,1,0,2806,0,2807,G
1-PB2,246,0,2781,0,4,2785,T
1-PB2,247,0,3,2792,0,2795,G
1-PB2,248,2875,0,2,0,2877,A
1-PB2,249,0,2891,0,0,2891,T
1-PB2,250,3,3,2888,0,2894,G
1-PB2,251,1,1,0,2874,2876,C
1-PB2,252,0,2882,0,4,2886,T
1-PB2,253,0,3,2959,0,2962,G
1-PB2,254,1,3,2962,0,2966,G
1-PB2,255,2998,0,1,0,2999,A
1-PB2,256,0,3004,1,2,3007,T
1-PB2,257,8,1,0,2985,2994,C
1-PB2,258,3015,0,3,0,3018,A
1-PB2,259,1,0,3098,0,3099,G
1-PB2,260,3087,1,3,0,3091,A
1-PB2,261,0,3101,0,0,3101,T
1-PB2,262,3018,0,2,0,3020,A
1-PB2,263,3,6,3078,0,3087,G
1-PB2,264,3062,0,7,0,3069,A
1-PB2,265,0,1,3107,0,3108,G
1-PB2,266,0,3052,0,0,3052,T
1-PB2,267,0,2,3042,0,3044,G
1-PB2,268,3002,0,9,0,3011,A
1-PB2,269,0,3008,0,3,3011,T
1-PB2,270,3,2,3065,0,3070,G
1-PB2,271,2,0,3093,0,3095,G
1-PB2,272,0,3037,0,6,3043,T
1-PB2,273,3036,0,4,0,3040,A
1-PB2,274,0,3006,0,3,3009,T
1-PB2,275,0,3,0,3015,3018,C
1-PB2,276,3045,0,4,0,3049,A
1-PB2,277,0,3,0,3140,3143,C
1-PB2,278,2,0,0,3144,3146,C
1-PB2,279,0,3096,0,5,3101,T
1-PB2,280,0,3071,0,0,3071,T
1-PB2,281,0,3078,0,2,3080,T
1-PB2,282,0,1,3120,0,3121,G
1-PB2,283,0,0,3110,1,3111,G
1-PB2,284,2,1,0,3145,3148,C
1-PB2,285,0,3117,0,5,3122,T
1-PB2,286,3,0,3123,0,3126,G
1-PB2,287,0,3140,0,1,3141,T
1-PB2,288,3140,0,2,0,3142,A
1-PB2,289,3155,1,4,0,3160,A
1-PB2,290,0,1,0,3153,3154,C
1-PB2,291,3116,1,2,0,3119,A
1-PB2,292,0,3114,0,1,3115,T
1-PB2,293,1,4,3079,0,3084,G
1-PB2,294,1,0,3142,0,3143,G
1-PB2,295,0,3093,0,3,3096,T
1-PB2,296,0,1,3102,0,3103,G
1-PB2,297,0,3,3131,0,3134,G
1-PB2,298,3129,0,3,0,3132,A
1-PB2,299,3144,0,0,0,3144,A
1-PB2,300,0,3147,0,0,3147,T
1-PB2,301,3151,0,1,0,3152,A
1-PB2,302,1,3,3198,0,3202,G
1-PB2,303,3188,0,1,0,3189,A
1-PB2,304,3182,0,4,0,3186,A
1-PB2,305,3183,1,0,0,3184,A
1-PB2,306,0,3115,0,0,3115,T
1-PB2,307,1,5,3099,0,3105,G
1-PB2,308,0,2,3097,0,3099,G
1-PB2,309,3096,0,1,0,3097,A
1-PB2,310,1,0,0,3104,3105,C
1-PB2,311,1,1,0,3076,3078,C
1-PB2,312,4,0,0,3080,3084,C
1-PB2,313,3,0,3101,0,3104,G
1-PB2,314,0,3121,0,4,3125,T
1-PB2,315,0,2,3190,0,3192,G
1-PB2,316,3185,0,2,0,3187,A
1-PB2,317,2,0,0,3201,3203,C
1-PB2,318,3198,0,7,0,3205,A
1-PB2,319,3189,0,3,0,3192,A
1-PB2,320,3,0,3271,0,3274,G
1-PB2,321,0,3264,0,2,3266,T
1-PB2,322,3261,0,1,0,3262,A
1-PB2,323,1,4,0,3251,3256,C
1-PB2,324,0,7,3199,0,3206,G
1-PB2,325,2,2,3265,0,3269,G
1-PB2,326,0,3260,0,1,3261,T
1-PB2,327,6,298,0,2971,3275,C
1-PB2,328,3,1,0,3281,3285,C
1-PB2,329,3253,1,2,0,3256,A
1-PB2,330,0,3269,0,5,3274,T
1-PB2,331,0,3263,0,5,3268,T
1-PB2,332,3338,0,1,0,3339,A
1-PB2,333,0,0,0,3347,3347,C
1-PB2,334,1,1,0,3270,3272,C
1-PB2,335,4,1,0,3262,3267,C
1-PB2,336,3241,0,0,0,3241,A
1-PB2,337,3247,0,1,0,3248,A
1-PB2,338,3245,0,0,0,3245,A
1-PB2,339,3216,1,5,1,3223,A
1-PB2,340,0,0,3279,0,3279,G
1-PB2,341,0,3147,0,4,3151,T
1-PB2,342,2,0,3236,0,3238,G
1-PB2,343,0,3235,0,1,3236,T
1-PB2,344,3237,1,2,0,3240,A
1-PB2,345,2,0,0,3236,3238,C
1-PB2,346,3235,0,2,0,3237,A
1-PB2,347,3237,0,2,0,3239,A
1-PB2,348,0,5,3270,0,3275,G
1-PB2,349,3242,0,3,0,3245,A
1-PB2,350,0,0,0,3247,3247,C
1-PB2,351,0,3209,0,5,3214,T
1-PB2,352,1,3237,0,1,3239,T
1-PB2,353,3232,0,0,0,3232,A
1-PB2,354,0,3237,0,2,3239,T
1-PB2,355,0,3236,2,1,3239,T
1-PB2,356,1,3213,0,3,3217,T
1-PB2,357,3,1,1,3208,3213,C
1-PB2,358,3,3,3208,0,3214,G
1-PB2,359,3199,2,2,0,3203,A
1-PB2,360,1,0,0,3214,3215,C
1-PB2,361,3196,1,0,0,3197,A
1-PB2,362,3194,0,1,0,3195,A
1-PB2,363,3183,0,3,0,3186,A
1-PB2,364,1,1,3217,0,3219,G
1-PB2,365,0,3197,0,1,3198,T
1-PB2,366,9,0,0,3209,3218,C
1-PB2,367,1,2,3222,0,3225,G
1-PB2,368,3214,0,3,0,3217,A
1-PB2,369,3204,0,4,0,3208,A
1-PB2,370,3212,0,5,1,3218,A
1-PB2,371,0,1,3307,0,3308,G
1-PB2,372,2,0,3322,0,3324,G
1-PB2,373,0,3309,0,0,3309,T
1-PB2,374,0,3310,1,0,3311,T
1-PB2,375,3309,0,3,0,3312,A
1-PB2,376,3317,0,4,0,3321,A
1-PB2,377,3322,0,1,1,3324,A
1-PB2,378,3345,0,3,0,3348,A
1-PB2,379,0,0,0,3358,3358,C
1-PB2,380,3282,0,3,0,3285,A
1-PB2,381,0,3259,1,0,3260,T
1-PB2,382,1,3,3262,0,3266,G
1-PB2,383,3,5,3241,0,3249,G
1-PB2,384,3256,0,2,0,3258,A
1-PB2,385,3270,0,2,1,3273,A
1-PB2,386,2,1,0,3340,3343,C
1-PB2,387,7,1,0,3385,3393,C
1-PB2,388,0,3345,0,4,3349,T
1-PB2,389,0,3352,0,3,3355,T
1-PB2,390,1,3349,0,3,3353,T
1-PB2,391,3,4,3334,0,3341,G
1-PB2,392,2,6,3322,0,3330,G
1-PB2,393,1,1,0,3336,3338,C
1-PB2,394,7,0,0,3315,3322,C
1-PB2,395,3,10,0,3311,3324,C
1-PB2,396,1,3238,0,2,3241,T
1-PB2,397,2,0,3263,0,3265,G
1-PB2,398,0,3255,0,6,3261,T
1-PB2,399,0,3240,0,23,3263,T
1-PB2,400,9,0,0,3262,3271,C
1-PB2,401,3235,0,0,0,3235,A
1-PB2,402,1,3242,0,2,3245,T
1-PB2,403,0,3248,0,0,3248,T
1-PB2,404,0,3251,0,0,3251,T
1-PB2,405,0,3251,0,1,3252,T
1-PB2,406,3209,0,3,0,3212,A
1-PB2,407,1,0,3196,0,3197,G
1-PB2,408,3191,1,1,0,3193,A
1-PB2,409,3205,0,1,1,3207,A
1-PB2,410,3206,0,0,4,3210,A
1-PB2,411,0,3180,2,0,3182,T
1-PB2,412,4,0,0,3190,3194,C
1-PB2,413,3194,0,0,0,3194,A
1-PB2,414,3201,0,3,0,3204,A
1-PB2,415,1,1,3225,0,3227,G
1-PB2,416,0,3214,0,2,3216,T
1-PB2,417,9,0,0,3218,3227,C
1-PB2,418,3249,0,3,0,3252,A
1-PB2,419,3258,0,3,0,3261,A
1-PB2,420,4,2,3250,0,3256,G
1-PB2,421,3248,0,6,0,3254,A
1-PB2,422,0,3247,0,0,3247,T
1-PB2,423,3285,0,3,0,3288,A
1-PB2,424,1,0,0,3259,3260,C
1-PB2,425,0,0,3258,0,3258,G
1-PB2,426,2,0,0,3264,3266,C
1-PB2,427,3241,0,3,0,3244,A
1-PB2,428,0,1,3275,0,3276,G
1-PB2,429,3261,0,1,1,3263,A
1-PB2,430,3278,0,3,0,3281,A
1-PB2,431,1,1,3336,0,3338,G
1-PB2,432,3254,0,5,0,3259,A
1-PB2,433,4,0,3288,0,3292,G
1-PB2,434,1,3260,0,0,3261,T
1-PB2,435,3242,0,4,0,3246,A
1-PB2,436,2,2,3285,0,3289,G
1-PB2,437,3284,0,7,0,3291,A
1-PB2,438,0,0,0,3397,3397,C
1-PB2,439,3344,0,2,0,3346,A
1-PB2,440,1,3297,0,1,3299,T
1-PB2,441,3284,0,0,1,3285,A
1-PB2,442,3275,0,1,0,3276,A
1-PB2,443,3279,0,3,0,3282,A
1-PB2,444,0,0,0,3314,3314,C
1-PB2,445,1,1,0,3265,3267,C
1-PB2,446,4,1,0,3228,3233,C
1-PB2,447,0,3086,0,5,3091,T
1-PB2,448,4,2,3119,0,3125,G
1-PB2,449,2,1,3177,0,3180,G
1-PB2,450,1,3153,0,6,3160,T
1-PB2,451,15,1,0,3156,3172,C
1-PB2,452,3186,0,1,0,3187,A
1-PB2,453,0,3175,1,4,3180,T
1-PB2,454,4,0,3199,0,3203,G
1-PB2,455,0,0,0,3194,3194,C
1-PB2,456,3174,0,3,0,3177,A
1-PB2,457,1,5,3206,0,3212,G
1-PB2,458,3135,0,2,0,3137,A
1-PB2,459,1,1,0,3175,3177,C
1-PB2,460,4,0,0,3161,3165,C
1-PB2,461,0,3098,0,6,3104,T
1-PB2,462,3,1,0,3128,3132,C
1-PB2,463,3108,0,5,1,3114,A
1-PB2,464,1,0,3158,0,3159,G
1-PB2,465,0,3150,0,3,3153,T
1-PB2,466,0,0,3154,1,3155,G
1-PB2,467,0,2,0,3137,3139,C
1-PB2,468,4,2,0,3127,3133,C
1-PB2,469,3131,0,3,0,3134,A
1-PB2,470,3126,0,2,0,3128,A
1-PB2,471,3123,0,7,0,3130,A
1-PB2,472,0,1,3121,0,3122,G
1-PB2,473,3061,1,3,0,3065,A
1-PB2,474,0,3,3078,0,3081,G
1-PB2,475,0,3,3068,0,3071,G
1-PB2,476,1,0,0,3070,3071,C
1-PB2,477,3070,0,5,0,3075,A
1-PB2,478,1,1,0,3083,3085,C
1-PB2,479,3083,1,3,0,3087,A
1-PB2,480,3132,0,5,0,3137,A
1-PB2,481,0,4,3175,0,3179,G
1-PB2,482,3203,1,4,0,3208,A
1-PB2,483,0,3192,0,1,3193,T
1-PB2,484,1,1,3191,0,3193,G
1-PB2,485,0,3175,0,1,3176,T
1-PB2,486,3196,0,1,0,3197,A
1-PB2,487,3201,0,1,0,3202,A
1-PB2,488,0,3211,0,0,3211,T
1-PB2,489,0,3110,0,0,3110,T
1-PB2,490,3091,0,1,0,3092,A
1-PB2,491,0,3011,0,1,3012,T
1-PB2,492,0,1,3012,0,3013,G
1-PB2,493,0,2,3005,0,3007,G
1-PB2,494,2980,0,0,0,2980,A
1-PB2,495,2964,0,2,0,2966,A
1-PB2,496,1,2,2976,0,2979,G
1-PB2,497,0,2950,0,2,2952,T
1-PB2,498,1,2957,0,0,2958,T
1-PB2,499,2,0,2969,0,2971,G
1-PB2,500,0,2950,0,4,2954,T
1-PB2,501,0,2962,0,2,2964,T
1-PB2,502,0,2959,0,2,2961,T
1-PB2,503,0,2955,0,0,2955,T
1-PB2,504,0,2960,0,1,2961,T
1-PB2,505,1,0,1,2954,2956,C
1-PB2,506,3,1,0,2961,2965,C
1-PB2,507,1,3,0,2982,2986,C
1-PB2,508,2959,0,3,1,2963,A
1-PB2,509,2969,0,0,0,2969,A
1-PB2,510,0,2988,0,0,2988,T
1-PB2,511,0,2,2998,0,3000,G
1-PB2,512,3001,0,0,1,3002,A
1-PB2,513,2983,0,5,0,2988,A
1-PB2,514,1,0,3014,0,3015,G
1-PB2,515,0,2988,0,1,2989,T
1-PB2,516,1,11,2972,0,2984,G
1-PB2,517,1,3,2967,0,2971,G
1-PB2,518,1,3,2967,0,2971,G
1-PB2,519,2980,1,12,0,2993,A
1-PB2,520,2,0,2964,0,2966,G
1-PB2,521,1,2,0,2948,2951,C
1-PB2,522,0,0,0,2996,2996,C
1-PB2,523,2994,1,2,0,2997,A
1-PB2,524,0,5,3047,0,3052,G
1-PB2,525,4,1,3051,0,3056,G
1-PB2,526,3070,0,3,0,3073,A
1-PB2,527,0,3070,0,0,3070,T
1-PB2,528,3083,0,2,0,3085,A
1-PB2,529,2,1,0,3066,3069,C
1-PB2,530,0,3066,0,4,3070,T
1-PB2,531,3069,0,1,0,3070,A
1-PB2,532,3056,0,2,0,3058,A
1-PB2,533,0,0,1,3069,3070,C
1-PB2,534,3016,0,0,0,3016,A
1-PB2,535,0,2970,0,4,2974,T
1-PB2,536,2,0,0,2981,2983,C
1-PB2,537,2956,0,2,0,2958,A
1-PB2,538,3,1,2974,0,2978,G
1-PB2,539,2978,0,1,0,2979,A
1-PB2,540,2977,0,1,0,2978,A
1-PB2,541,0,2966,0,3,2969,T
1-PB2,542,4,4,0,2910,2918,C
1-PB2,543,2916,0,0,0,2916,A
1-PB2,544,0,0,0,2957,2957,C
1-PB2,545,2956,1,2,0,2959,A
1-PB2,546,2973,0,0,1,2974,A
1-PB2,547,2,2931,0,0,2933,T
1-PB2,548,0,2948,1,0,2949,T
1-PB2,549,2961,1,0,0,2962,A
1-PB2,550,2964,0,4,0,2968,A
1-PB2,551,0,0,0,2978,2978,C
1-PB2,552,2958,1,0,0,2959,A
1-PB2,553,2923,1,1,0,2925,A
1-PB2,554,0,2963,1,1,2965,T
1-PB2,555,2947,0,2,0,2949,A
1-PB2,556,2948,0,2,0,2950,A
1-PB2,557,0,1,0,2954,2955,C
1-PB2,558,1,2949,0,0,2950,T
1-PB2,559,2942,0,0,0,2942,A
1-PB2,560,2913,1,2,2,2918,A
1-PB2,561,2915,0,11,0,2926,A
1-PB2,562,0,5,2924,0,2929,G
1-PB2,563,2878,1,3,0,2882,A
1-PB2,564,3,4,2902,0,2909,G
1-PB2,565,2894,0,2,0,2896,A
1-PB2,566,2898,0,0,0,2898,A
1-PB2,567,2893,0,3,0,2896,A
1-PB2,568,2894,0,1,0,2895,A
1-PB2,569,2914,0,0,0,2914,A
1-PB2,570,2907,0,1,0,2908,A
1-PB2,571,2,2,2908,0,2912,G
1-PB2,572,2910,0,2,0,2912,A
1-PB2,573,2886,0,0,0,2886,A
1-PB2,574,0,4,2890,0,2894,G
1-PB2,575,2886,0,3,0,2889,A
1-PB2,576,2878,0,6,0,2884,A
1-PB2,577,0,0,0,2915,2915,C
1-PB2,578,0,2838,2,5,2845,T
1-PB2,579,4,0,0,2895,2899,C
1-PB2,580,2,0,0,2888,2890,C
1-PB2,581,1,2,2897,0,2900,G
1-PB2,582,2893,1,0,0,2894,A
1-PB2,583,0,0,2892,0,2892,G
1-PB2,584,2873,0,4,0,2877,A
1-PB2,585,1,2859,0,0,2860,T
1-PB2,586,0,2842,0,0,2842,T
1-PB2,587,0,0,2861,0,2861,G
1-PB2,588,0,1,0,2845,2846,C
1-PB2,589,2864,0,1,0,2865,A
1-PB2,590,2863,0,2,0,2865,A
1-PB2,591,2864,1,1,0,2866,A
1-PB2,592,2874,0,0,0,2874,A
1-PB2,593,0,2863,0,0,2863,T
1-PB2,594,0,2842,0,2,2844,T
1-PB2,595,0,2839,1,1,2841,T
1-PB2,596,2,0,0,2846,2848,C
1-PB2,597,0,2816,0,8,2824,T
1-PB2,598,4,0,0,2951,2955,C
1-PB2,599,4,0,0,2957,2961,C
1-PB2,600,5,2,0,3097,3104,C
1-PB2,601,1,3086,0,6,3093,T
1-PB2,602,0,3142,0,2,3144,T
1-PB2,603,1,2,3154,0,3157,G
1-PB2,604,3156,0,3,0,3159,A
1-PB2,605,1,3194,0,0,3195,T
1-PB2,606,1,8,3218,0,3227,G
1-PB2,607,1,1,3433,0,3435,G
1-PB2,608,0,3479,0,5,3484,T
1-PB2,609,0,3453,1,1,3455,T
1-PB2,610,5,0,3609,0,3614,G
1-PB2,611,1,1,2,3620,3624,C
1-PB2,612,3669,0,6,0,3675,A
1-PB2,613,0,3687,0,4,3691,T
1-PB2,614,3698,0,2,2,3702,A
1-PB2,615,2,1,0,3846,3849,C
1-PB2,616,4143,1,2,5,4151,A
1-PB2,617,1,4234,0,4,4239,T
1-PB2,618,5,0,4385,0,4390,G
1-PB2,619,0,4326,0,8,4334,T
1-PB2,620,0,4332,0,2,4334,T
1-PB2,621,4320,0,4,0,4324,A
1-PB2,622,0,9,4309,0,4318,G
1-PB2,623,4374,0,5,0,4379,A
1-PB2,624,1,8,4386,0,4395,G
1-PB2,625,4202,0,3,1,4206,A
1-PB2,626,3,5,4213,0,4221,G
1-PB2,627,4146,2,9,1,4158,A
1-PB2,628,1,4,4164,0,4169,G
1-PB2,629,4174,0,7,0,4181,A
1-PB2,630,4174,0,3,0,4177,A
1-PB2,631,0,2,0,4204,4206,C
1-PB2,632,0,4178,2,7,4187,T
1-PB2,633,0,4164,0,1,4165,T
1-PB2,634,1,0,4168,0,4169,G
1-PB2,635,0,4152,0,4,4156,T
1-PB2,636,4160,0,2,1,4163,A
1-PB2,637,2,1,0,4140,4143,C
1-PB2,638,1,7,4127,0,4135,G
1-PB2,639,4133,0,2,1,4136,A
1-PB2,640,4128,0,0,1,4129,A
1-PB2,641,4165,0,1,0,4166,A
1-PB2,642,4177,0,0,0,4177,A
1-PB2,643,4166,1,5,2,4174,A
1-PB2,644,0,0,0,4183,4183,C
1-PB2,645,4183,0,0,0,4183,A
1-PB2,646,4193,1,2,0,4196,A
1-PB2,647,2,5,4224,0,4231,G
1-PB2,648,4229,0,0,0,4229,A
1-PB2,649,0,4236,2,4,4242,T
1-PB2,650,1,4214,0,2,4217,T
1-PB2,651,2,4212,0,7,4221,T
1-PB2,652,2,0,0,4244,4246,C
1-PB2,653,0,4241,1,6,4248,T
1-PB2,654,5,2,0,4240,4247,C
1-PB2,655,2,2,0,4237,4241,C
1-PB2,656,5,2,0,4244,4251,C
1-PB2,657,4250,0,3,0,4253,A
1-PB2,658,2,1,4283,0,4286,G
1-PB2,659,0,4285,0,2,4287,T
1-PB2,660,1,4285,0,0,4286,T
1-PB2,661,1,0,4284,0,4285,G
1-PB2,662,1,4,1,4260,4266,C
1-PB2,663,1,4268,1,6,4276,T
1-PB2,664,0,1,4292,0,4293,G
1-PB2,665,1,1,4269,0,4271,G
1-PB2,666,0,2,1,4264,4267,C
1-PB2,667,2,1,4269,0,4272,G
1-PB2,668,0,6,4309,0,4315,G
1-PB2,669,4310,0,2,0,4312,A
1-PB2,670,4312,0,5,0,4317,A
1-PB2,671,0,1,0,4318,4319,C
1-PB2,672,4344,0,6,0,4350,A
1-PB2,673,4345,0,4,0,4349,A
1-PB2,674,3,2,4501,0,4506,G
1-PB2,675,3,0,0,4594,4597,C
1-PB2,676,4618,0,4,0,4622,A
1-PB2,677,5,1,5505,0,5511,G
1-PB2,678,1,5475,0,9,5485,T
1-PB2,679,5518,0,8,0,5526,A
1-PB2,680,0,5528,0,5,5533,T
1-PB2,681,5525,0,7,0,5532,A
1-PB2,682,0,5517,0,4,5521,T
1-PB2,683,5415,0,1,0,5416,A
1-PB2,684,1,1,0,5455,5457,C
1-PB2,685,5171,0,1,0,5172,A
1-PB2,686,0,4853,0,2,4855,T
1-PB2,687,0,4679,0,0,4679,T
1-PB2,688,0,6,4665,0,4671,G
1-PB2,689,4666,2,2,1,4671,A
1-PB2,690,4650,0,3,0,4653,A
1-PB2,691,3,0,4702,0,4705,G
1-PB2,692,0,4672,0,2,4674,T
1-PB2,693,0,4620,0,12,4632,T
1-PB2,694,0,4635,0,5,4640,T
1-PB2,695,0,4651,0,3,4654,T
1-PB2,696,4677,0,5,0,4682,A
1-PB2,697,0,1,0,4713,4714,C
1-PB2,698,4720,0,1,0,4721,A
1-PB2,699,0,4701,0,5,4706,T
1-PB2,700,0,4663,0,0,4663,T
1-PB2,701,0,4670,1,1,4672,T
1-PB2,702,2,21,4691,0,4714,G
1-PB2,703,4727,0,2,0,4729,A
1-PB2,704,1,0,0,4757,4758,C
1-PB2,705,2,4707,0,2,4711,T
1-PB2,706,7,0,0,4737,4744,C
1-PB2,707,4722,0,2,2,4726,A
1-PB2,708,5,3,4694,1,4703,G
1-PB2,709,0,5,4765,0,4770,G
1-PB2,710,0,7,4783,0,4790,G
1-PB2,711,4798,0,6,0,4804,A
1-PB2,712,4787,1,9,2,4799,A
1-PB2,713,0,1,0,4796,4797,C
1-PB2,714,2,1,4805,0,4808,G
1-PB2,715,0,4776,0,2,4778,T
1-PB2,716,1,0,4817,0,4818,G
1-PB2,717,0,4775,0,5,4780,T
1-PB2,718,0,4778,0,2,4780,T
1-PB2,719,4,9,4779,0,4792,G
1-PB2,720,1,5,4786,0,4792,G
1-PB2,721,2,6,4805,0,4813,G
1-PB2,722,4793,0,4,0,4797,A
1-PB2,723,4778,0,7,0,4785,A
1-PB2,724,0,0,0,4890,4890,C
1-PB2,725,4863,0,0,0,4863,A
1-PB2,726,4986,0,4,0,4990,A
1-PB2,727,5000,0,1,0,5001,A
1-PB2,728,0,5010,2,1,5013,T
1-PB2,729,4,1,5076,0,5081,G
1-PB2,730,0,5026,0,6,5032,T
1-PB2,731,5042,0,3,0,5045,A
1-PB2,732,1,2,0,5065,5068,C
1-PB2,733,4968,0,4,0,4972,A
1-PB2,734,3,1,0,4972,4976,C
1-PB2,735,0,4827,0,5,4832,T
1-PB2,736,7,1,1,5158,5167,C
1-PB2,737,2,0,0,5177,5179,C
1-PB2,738,5230,1,7,0,5238,A
1-PB2,739,2,2,5291,0,5295,G
1-PB2,740,2,1,5385,0,5388,G
1-PB2,741,2,5328,1,4,5335,T
1-PB2,742,2,11,5380,0,5393,G
1-PB2,743,3,5,5250,0,5258,G
1-PB2,744,5167,1,13,0,5181,A
1-PB2,745,3,3,5220,0,5226,G
1-PB2,746,1,11,5210,0,5222,G
1-PB2,747,5131,0,8,0,5139,A
1-PB2,748,0,0,5183,0,5183,G
1-PB2,749,1,5055,0,3,5059,T
1-PB2,750,1,3,5111,0,5115,G
1-PB2,751,5113,0,7,0,5120,A
1-PB2,752,1,6,5117,0,5124,G
1-PB2,753,1,9,5140,0,5150,G
1-PB2,754,5111,1,2,0,5114,A
1-PB2,755,5107,0,3,0,5110,A
1-PB2,756,0,5101,0,2,5103,T
1-PB2,757,2,7,5079,0,5088,G
1-PB2,758,5063,1,6,0,5070,A
1-PB2,759,0,5,0,5044,5049,C
1-PB2,760,3,3,5043,0,5049,G
1-PB2,761,5091,0,3,0,5094,A
1-PB2,762,0,5070,0,1,5071,T
1-PB2,763,0,0,5096,0,5096,G
1-PB2,764,0,5077,0,5,5082,T
1-PB2,765,0,5038,0,4,5042,T
1-PB2,766,0,8,5075,0,5083,G
1-PB2,767,5059,2,14,0,5075,A
1-PB2,768,0,4,0,5069,5073,C
1-PB2,769,11,0,1,5056,5068,C
1-PB2,770,5026,0,3,0,5029,A
1-PB2,771,5037,0,1,0,5038,A
1-PB2,772,5023,0,4,1,5028,A
1-PB2,773,0,1,5125,0,5126,G
1-PB2,774,0,0,0,5127,5127,C
1-PB2,775,3,0,0,5126,5129,C
1-PB2,776,1,5138,1,5,5145,T
1-PB2,777,5150,0,0,0,5150,A
1-PB2,778,5147,0,4,0,5151,A
1-PB2,779,0,5150,0,2,5152,T
1-PB2,780,0,5133,0,1,5134,T
1-PB2,781,5080,0,1,0,5081,A
1-PB2,782,0,4952,0,3,4955,T
1-PB2,783,1,4938,0,2,4941,T
1-PB2,784,1,0,4936,0,4937,G
1-PB2,785,2,2,0,4901,4905,C
1-PB2,786,10,8,4888,0,4906,G
1-PB2,787,0,1,4962,0,4963,G
1-PB2,788,1,2,0,4945,4948,C
1-PB2,789,2,5,0,4963,4970,C
1-PB2,790,4970,0,4,0,4974,A
1-PB2,791,3,4,5024,0,5031,G
1-PB2,792,0,7,5064,1,5072,G
1-PB2,793,5053,0,6,0,5059,A
1-PB2,794,5075,1,11,0,5087,A
1-PB2,795,0,1,0,5109,5110,C
1-PB2,796,5031,1,8,0,5040,A
1-PB2,797,0,5122,0,4,5126,T
1-PB2,798,5173,0,7,0,5180,A
1-PB2,799,3,0,5211,0,5214,G
1-PB2,800,1,5148,0,1,5150,T
1-PB2,801,5102,0,10,1,5113,A
1-PB2,802,5100,0,1,0,5101,A
1-PB2,803,0,1,5106,0,5107,G
1-PB2,804,5077,0,3,1,5081,A
1-PB2,805,4975,2,2,0,4979,A
1-PB2,806,3,4,4954,0,4961,G
1-PB2,807,4814,1,9,1,4825,A
1-PB2,808,0,0,4825,0,4825,G
1-PB2,809,0,3,0,4814,4817,C
1-PB2,810,4,8,1,4807,4820,C
1-PB2,811,2,1,4823,1,4827,G
1-PB2,812,0,1,0,4861,4862,C
1-PB2,813,4889,0,5,0,4894,A
1-PB2,814,3,0,5136,0,5139,G
1-PB2,815,0,5097,0,3,5100,T
1-PB2,816,5138,0,1,0,5139,A
1-PB2,817,0,5097,0,4,5101,T
1-PB2,818,7,3,0,5128,5138,C
1-PB2,819,5126,1,3,0,5130,A
1-PB2,820,0,0,5129,0,5129,G
1-PB2,821,1,1,0,5107,5109,C
1-PB2,822,4913,0,3,0,4916,A
1-PB2,823,1,3,4838,0,4842,G
1-PB2,824,4846,1,5,0,4852,A
1-PB2,825,1,4821,0,7,4829,T
1-PB2,826,9,1,0,4838,4848,C
1-PB2,827,7,0,0,4849,4856,C
1-PB2,828,4848,1,1,1,4851,A
1-PB2,829,2,0,0,4870,4872,C
1-PB2,830,0,4851,0,3,4854,T
1-PB2,831,4868,1,3,0,4872,A
1-PB2,832,3,0,4843,0,4846,G
1-PB2,833,2,1,0,4793,4796,C
1-PB2,834,4780,0,1,0,4781,A
1-PB2,835,0,4777,0,3,4780,T
1-PB2,836,5,0,0,4804,4809,C
1-PB2,837,0,4789,0,4,4793,T
1-PB2,838,0,4861,0,3,4864,T
1-PB2,839,0,4884,0,4,4888,T
1-PB2,840,4869,0,1,0,4870,A
1-PB2,841,0,4877,0,2,4879,T
1-PB2,842,0,4849,0,3,4852,T
1-PB2,843,8,3,4843,0,4854,G
1-PB2,844,0,5,4826,0,4831,G
1-PB2,845,4727,1,2,0,4730,A
1-PB2,846,6,4,4725,0,4735,G
1-PB2,847,4648,0,1,1,4650,A
1-PB2,848,0,4601,0,1,4602,T
1-PB2,849,2,0,4668,0,4670,G
1-PB2,850,1,4654,0,4,4659,T
1-PB2,851,1,0,4670,0,4671,G
1-PB2,852,1,3,0,4658,4662,C
1-PB2,853,10,1,0,4647,4658,C
1-PB2,854,4641,1,4,0,4646,A
1-PB2,855,0,6,0,4646,4652,C
1-PB2,856,4585,0,1,1,4587,A
1-PB2,857,3,2,4622,0,4627,G
1-PB2,858,2,0,0,4508,4510,C
1-PB2,859,4489,0,5,0,4494,A
1-PB2,860,1,4,0,4485,4490,C
1-PB2,861,4479,1,7,0,4487,A
1-PB2,862,1,1,0,4512,4514,C
1-PB2,863,4494,0,1,0,4495,A
1-PB2,864,4487,0,4,0,4491,A
1-PB2,865,4479,0,2,1,4482,A
1-PB2,866,0,4334,0,0,4334,T
1-PB2,867,0,4341,0,0,4341,T
1-PB2,868,1,7,4322,0,4330,G
1-PB2,869,1,0,4315,0,4316,G
1-PB2,870,1,5,0,4301,4307,C
1-PB2,871,4,3,4257,0,4264,G
1-PB2,872,5,5,4313,0,4323,G
1-PB2,873,7,2,4317,0,4326,G
1-PB2,874,4256,1,3,0,4260,A
1-PB2,875,3,0,0,4280,4283,C
1-PB2,876,4270,0,4,0,4274,A
1-PB2,877,4318,1,11,0,4330,A
1-PB2,878,3,10,4281,0,4294,G
1-PB2,879,1,5,4369,0,4375,G
1-PB2,880,4250,0,6,0,4256,A
1-PB2,881,0,4067,0,2,4069,T
1-PB2,882,4,7,4014,0,4025,G
1-PB2,883,2,0,4072,0,4074,G
1-PB2,884,0,3856,0,3,3859,T
1-PB2,885,2,4,3995,0,4001,G
1-PB2,886,5,6,3971,0,3982,G
1-PB2,887,3765,0,3,0,3768,A
1-PB2,888,0,5,1,3829,3835,C
1-PB2,889,3769,0,2,0,3771,A
1-PB2,890,0,4136,0,1,4137,T
1-PB2,891,0,4133,0,1,4134,T
1-PB2,892,5,0,1,4070,4076,C
1-PB2,893,0,4047,0,1,4048,T
1-PB2,894,0,4067,0,4,4071,T
1-PB2,895,4031,0,0,0,4031,A
1-PB2,896,1,5,4034,0,4040,G
1-PB2,897,4019,0,7,0,4026,A
1-PB2,898,0,2,0,4018,4020,C
1-PB2,899,3085,0,2,0,3087,A
1-PB2,900,4,4,3095,0,3103,G
1-PB2,901,3077,0,5,0,3082,A
1-PB2,902,3127,0,2,0,3129,A
1-PB2,903,2,5,0,3022,3029,C
1-PB2,904,4,0,0,3125,3129,C
1-PB2,905,3,1,0,3134,3138,C
1-PB2,906,3,4,3065,0,3072,G
1-PB2,907,3062,1,2,0,3065,A
1-PB2,908,0,0,0,3115,3115,C
1-PB2,909,3,3094,0,2,3099,T
1-PB2,910,2,1,3123,0,3126,G
1-PB2,911,3076,0,5,1,3082,A
1-PB2,912,3138,0,2,1,3141,A
1-PB2,913,0,6,3134,0,3140,G
1-PB2,914,3101,0,3,0,3104,A
1-PB2,915,3139,0,2,0,3141,A
1-PB2,916,0,1,0,3094,3095,C
1-PB2,917,3107,0,2,0,3109,A
1-PB2,918,3152,0,4,0,3156,A
1-PB2,919,1,1,3114,0,3116,G
1-PB2,920,2,1,0,3152,3155,C
1-PB2,921,1,3152,0,2,3155,T
1-PB2,922,2,0,3222,0,3224,G
1-PB2,923,1,3166,0,0,3167,T
1-PB2,924,2,4,3269,0,3275,G
1-PB2,925,0,2,3395,0,3397,G
1-PB2,926,3312,0,4,0,3316,A
1-PB2,927,0,3347,0,4,3351,T
1-PB2,928,3370,0,0,0,3370,A
1-PB2,929,0,3297,0,3,3300,T
1-PB2,930,3423,1,4,0,3428,A
1-PB2,931,1,3364,0,3,3368,T
1-PB2,932,3,0,3345,0,3348,G
1-PB2,933,1,1,0,3305,3307,C
1-PB2,934,3182,0,4,0,3186,A
1-PB2,935,3202,1,5,1,3209,A
1-PB2,936,3,1,3184,0,3188,G
1-PB2,937,2,1,3212,0,3215,G
1-PB2,938,2,0,0,3189,3191,C
1-PB2,939,3,3126,0,3,3132,T
1-PB2,940,2,1,3150,0,3153,G
1-PB2,941,0,1,0,3147,3148,C
1-PB2,942,3169,1,2,1,3173,A
1-PB2,943,3191,0,1,0,3192,A
1-PB2,944,0,3146,0,0,3146,T
1-PB2,945,3,9,3142,0,3154,G
1-PB2,946,0,2,3161,0,3163,G
1-PB2,947,0,2,3182,0,3184,G
1-PB2,948,3099,0,8,0,3107,A
1-PB2,949,1,3127,0,5,3133,T
1-PB2,950,0,3158,0,0,3158,T
1-PB2,951,1,3,3149,0,3153,G
1-PB2,952,3138,0,4,0,3142,A
1-PB2,953,1,3,3174,0,3178,G
1-PB2,954,3155,0,5,0,3160,A
1-PB2,955,3138,0,1,0,3139,A
1-PB2,956,0,3055,0,1,3056,T
1-PB2,957,6,1,0,3101,3108,C
1-PB2,958,3113,0,8,0,3121,A
1-PB2,959,0,1,3113,0,3114,G
1-PB2,960,0,4,0,3110,3114,C
1-PB2,961,1,3072,0,5,3078,T
1-PB2,962,11,0,0,3077,3088,C
1-PB2,963,3073,0,1,0,3074,A
1-PB2,964,0,3127,0,4,3131,T
1-PB2,965,2,0,0,3158,3160,C
1-PB2,966,2,0,0,3181,3183,C
1-PB2,967,0,3150,0,7,3157,T
1-PB2,968,0,3140,0,5,3145,T
1-PB2,969,4,0,0,3150,3154,C
1-PB2,970,3153,1,4,0,3158,A
1-PB2,971,0,1,3183,0,3184,G
1-PB2,972,2,4,0,3166,3172,C
1-PB2,973,0,3133,0,5,3138,T
1-PB2,974,1,3157,0,0,3158,T
1-PB2,975,1,3138,1,1,3141,T
1-PB2,976,4,2,3130,0,3136,G
1-PB2,977,5,1,3134,0,3140,G
1-PB2,978,0,3088,0,9,3097,T
1-PB2,979,1,9,3149,0,3159,G
1-PB2,980,0,1,3155,0,3156,G
1-PB2,981,3,2,3189,0,3194,G
1-PB2,982,0,3125,0,3,3128,T
1-PB2,983,1,3174,0,1,3176,T
1-PB2,984,0,3174,0,5,3179,T
1-PB2,985,3190,0,3,0,3193,A
1-PB2,986,1,1,0,3207,3209,C
1-PB2,987,3212,1,2,0,3215,A
1-PB2,988,1,3211,0,1,3213,T
1-PB2,989,1,3129,2,2,3134,T
1-PB2,990,0,3128,0,0,3128,T
1-PB2,991,3118,1,0,0,3119,A
1-PB2,992,3119,0,4,0,3123,A
1-PB2,993,3121,1,3,0,3125,A
1-PB2,994,3105,0,3,0,3108,A
1-PB2,995,4,7,3102,1,3114,G
1-PB2,996,3100,1,2,0,3103,A
1-PB2,997,3097,1,5,0,3103,A
1-PB2,998,0,1,0,3117,3118,C
1-PB2,999,3115,0,1,0,3116,A
1-PB2,1000,3106,1,1,0,3108,A
1-PB2,1001,5,0,3095,0,3100,G
1-PB2,1002,1,7,0,3091,3099,C
1-PB2,1003,3,7,3084,0,3094,G
1-PB2,1004,2,2,3115,0,3119,G
1-PB2,1005,2,2,3107,0,3111,G
1-PB2,1006,1,3094,0,2,3097,T
1-PB2,1007,5,1,0,3114,3120,C
1-PB2,1008,3123,0,4,0,3127,A
1-PB2,1009,0,3098,0,3,3101,T
1-PB2,1010,4,0,0,3114,3118,C
1-PB2,1011,3115,0,2,0,3117,A
1-PB2,1012,4,0,3197,0,3201,G
1-PB2,1013,0,3147,0,2,3149,T
1-PB2,1014,8,0,1,3157,3166,C
1-PB2,1015,3164,3,0,0,3167,A
1-PB2,1016,3192,0,1,0,3193,A
1-PB2,1017,3198,0,0,0,3198,A
1-PB2,1018,3194,0,0,0,3194,A
1-PB2,1019,3198,0,2,0,3200,A
1-PB2,1020,3193,0,11,0,3204,A
1-PB2,1021,1,1,3211,0,3213,G
1-PB2,1022,3198,1,2,1,3202,A
1-PB2,1023,3191,0,3,0,3194,A
1-PB2,1024,1,2,3184,0,3187,G
1-PB2,1025,3179,0,0,0,3179,A
1-PB2,1026,3094,0,11,1,3106,A
1-PB2,1027,0,6,3101,0,3107,G
1-PB2,1028,3097,0,2,0,3099,A
1-PB2,1029,5,2,3096,0,3103,G
1-PB2,1030,0,0,3153,0,3153,G
1-PB2,1031,0,3128,0,1,3129,T
1-PB2,1032,0,1,3213,0,3214,G
1-PB2,1033,1,2,0,3231,3234,C
1-PB2,1034,0,3213,1,12,3226,T
1-PB2,1035,0,3242,1,6,3249,T
1-PB2,1036,3237,0,2,0,3239,A
1-PB2,1037,0,0,0,3230,3230,C
1-PB2,1038,3212,0,3,1,3216,A
1-PB2,1039,0,1,3224,0,3225,G
1-PB2,1040,1,0,3216,0,3217,G
1-PB2,1041,0,0,0,3163,3163,C
1-PB2,1042,3133,1,0,0,3134,A
1-PB2,1043,3140,1,4,0,3145,A
1-PB2,1044,0,3195,0,3,3198,T
1-PB2,1045,3,0,0,3220,3223,C
1-PB2,1046,0,3190,0,5,3195,T
1-PB2,1047,3,0,2,3206,3211,C
1-PB2,1048,2,2,0,3203,3207,C
1-PB2,1049,3210,0,0,1,3211,A
1-PB2,1050,3206,0,3,0,3209,A
1-PB2,1051,3210,1,1,0,3212,A
1-PB2,1052,1,0,0,3217,3218,C
1-PB2,1053,3137,0,1,0,3138,A
1-PB2,1054,0,3106,0,1,3107,T
1-PB2,1055,0,3084,0,3,3087,T
1-PB2,1056,1,4,3124,0,3129,G
1-PB2,1057,3117,0,2,0,3119,A
1-PB2,1058,3152,0,6,0,3158,A
1-PB2,1059,3166,0,1,0,3167,A
1-PB2,1060,3159,0,0,0,3159,A
1-PB2,1061,0,3171,0,0,3171,T
1-PB2,1062,3177,0,2,0,3179,A
1-PB2,1063,3175,0,4,0,3179,A
1-PB2,1064,1,4,3221,0,3226,G
1-PB2,1065,3173,0,6,0,3179,A
1-PB2,1066,3,0,3280,0,3283,G
1-PB2,1067,0,3218,0,0,3218,T
1-PB2,1068,3251,0,2,0,3253,A
1-PB2,1069,0,1,1,3351,3353,C
1-PB2,1070,3331,1,3,0,3335,A
1-PB2,1071,0,3326,0,0,3326,T
1-PB2,1072,3,4,3339,0,3346,G
1-PB2,1073,3264,0,9,0,3273,A
1-PB2,1074,1,10,3296,1,3308,G
1-PB2,1075,2,8,3296,0,3306,G
1-PB2,1076,3,2,3465,0,3470,G
1-PB2,1077,1,2,3502,1,3506,G
1-PB2,1078,0,3407,1,2,3410,T
1-PB2,1079,3450,0,2,0,3452,A
1-PB2,1080,1,3440,0,1,3442,T
1-PB2,1081,3,0,3459,0,3462,G
1-PB2,1082,3452,0,4,0,3456,A
1-PB2,1083,1,2,3436,0,3439,G
1-PB2,1084,0,1,3388,0,3389,G
1-PB2,1085,3195,0,1,1,3197,A
1-PB2,1086,3,3,3276,0,3282,G
1-PB2,1087,0,3275,0,7,3282,T
1-PB2,1088,1,3389,0,6,3396,T
1-PB2,1089,11,1,0,3403,3415,C
1-PB2,1090,3414,0,4,1,3419,A
1-PB2,1091,1,0,0,3427,3428,C
1-PB2,1092,3409,1,1,0,3411,A
1-PB2,1093,3398,0,5,0,3403,A
1-PB2,1094,0,3409,0,3,3412,T
1-PB2,1095,1,5,3331,0,3337,G
1-PB2,1096,1,1,3366,0,3368,G
1-PB2,1097,2,3253,0,0,3255,T
1-PB2,1098,0,5,3307,0,3312,G
1-PB2,1099,1,4,3291,0,3296,G
1-PB2,1100,3,4,3294,0,3301,G
1-PB2,1101,1,3,3332,0,3336,G
1-PB2,1102,3319,0,1,0,3320,A
1-PB2,1103,3328,0,2,0,3330,A
1-PB2,1104,3316,0,0,0,3316,A
1-PB2,1105,3256,0,5,0,3261,A
1-PB2,1106,0,4,3270,0,3274,G
1-PB2,1107,3251,0,4,0,3255,A
1-PB2,1108,0,0,3276,0,3276,G
1-PB2,1109,0,1,0,3259,3260,C
1-PB2,1110,3236,2,2,2,3242,A
1-PB2,1111,3239,0,3,0,3242,A
1-PB2,1112,0,0,0,3337,3337,C
1-PB2,1113,3336,0,0,0,3336,A
1-PB2,1114,2,0,3395,0,3397,G
1-PB2,1115,0,0,0,3368,3368,C
1-PB2,1116,0,3359,0,4,3363,T
1-PB2,1117,3492,0,0,0,3492,A
1-PB2,1118,1,3489,0,5,3495,T
1-PB2,1119,3505,0,4,0,3509,A
1-PB2,1120,2,0,0,3511,3513,C
1-PB2,1121,0,3373,1,1,3375,T
1-PB2,1122,3384,0,0,1,3385,A
1-PB2,1123,3328,0,3,1,3332,A
1-PB2,1124,0,4,3325,0,3329,G
1-PB2,1125,3325,0,3,1,3329,A
1-PB2,1126,3233,0,2,1,3236,A
1-PB2,1127,3233,0,2,1,3236,A
1-PB2,1128,3207,0,7,0,3214,A
1-PB2,1129,0,0,3215,0,3215,G
1-PB2,1130,2,2,0,3206,3210,C
1-PB2,1131,3211,1,4,0,3216,A
1-PB2,1132,3214,0,2,0,3216,A
1-PB2,1133,0,2,0,3232,3234,C
1-PB2,1134,3,0,0,3225,3228,C
1-PB2,1135,3233,0,5,0,3238,A
1-PB2,1136,1,2,3258,0,3261,G
1-PB2,1137,3249,0,1,1,3251,A
1-PB2,1138,3250,1,1,1,3253,A
1-PB2,1139,0,3,3280,0,3283,G
1-PB2,1140,3264,0,1,1,3266,A
1-PB2,1141,0,3260,1,1,3262,T
1-PB2,1142,1,3242,0,2,3245,T
1-PB2,1143,0,5,3245,0,3250,G
1-PB2,1144,0,0,3322,0,3322,G
1-PB2,1145,1,3297,0,8,3306,T
1-PB2,1146,0,3286,0,3,3289,T
1-PB2,1147,6,0,0,3310,3316,C
1-PB2,1148,3362,0,4,0,3366,A
1-PB2,1149,1,0,3498,0,3499,G
1-PB2,1150,0,1,1,3514,3516,C
1-PB2,1151,0,3507,0,5,3512,T
1-PB2,1152,8,1,0,3528,3537,C
1-PB2,1153,3455,0,59,0,3514,A
1-PB2,1154,0,3512,0,4,3516,T
1-PB2,1155,3532,0,0,0,3532,A
1-PB2,1156,0,2,3542,0,3544,G
1-PB2,1157,0,3365,0,2,3367,T
1-PB2,1158,2,9,3376,0,3387,G
1-PB2,1159,3296,1,5,0,3302,A
1-PB2,1160,2,0,3354,0,3356,G
1-PB2,1161,0,3334,0,2,3336,T
1-PB2,1162,2,6,3321,0,3329,G
1-PB2,1163,2,5,3352,0,3359,G
1-PB2,1164,3341,1,2,0,3344,A
1-PB2,1165,3333,2,4,0,3339,A
1-PB2,1166,1,7,3349,1,3358,G
1-PB2,1167,3302,0,3,0,3305,A
1-PB2,1168,1,4,3333,0,3338,G
1-PB2,1169,3289,0,8,0,3297,A
1-PB2,1170,1,0,1,3294,3296,C
1-PB2,1171,1,11,3292,0,3304,G
1-PB2,1172,3281,0,1,0,3282,A
1-PB2,1173,3296,0,2,0,3298,A
1-PB2,1174,0,1,0,3303,3304,C
1-PB2,1175,3290,1,2,0,3293,A
1-PB2,1176,2,1,3445,0,3448,G
1-PB2,1177,1,3413,0,2,3416,T
1-PB2,1178,8,2,0,3412,3422,C
1-PB2,1179,3447,0,0,0,3447,A
1-PB2,1180,3436,0,2,0,3438,A
1-PB2,1181,0,3432,0,0,3432,T
1-PB2,1182,3421,1,3,0,3425,A
1-PB2,1183,2,2,3410,0,3414,G
1-PB2,1184,1,0,0,3399,3400,C
1-PB2,1185,3,2,0,3309,3314,C
1-PB2,1186,1,2,3295,0,3298,G
1-PB2,1187,3293,0,2,0,3295,A
1-PB2,1188,3293,0,5,1,3299,A
1-PB2,1189,0,2,3325,2,3329,G
1-PB2,1190,3,2,0,3392,3397,C
1-PB2,1191,3406,0,1,0,3407,A
1-PB2,1192,3402,0,3,0,3405,A
1-PB2,1193,0,3403,0,0,3403,T
1-PB2,1194,3410,0,2,0,3412,A
1-PB2,1195,3447,0,0,0,3447,A
1-PB2,1196,1,3440,0,0,3441,T
1-PB2,1197,2,1,0,3437,3440,C
1-PB2,1198,1,1,3424,1,3427,G
1-PB2,1199,0,3355,0,5,3360,T
1-PB2,1200,3,3,3355,0,3361,G
1-PB2,1201,1,2,3371,0,3374,G
1-PB2,1202,2,3,0,3383,3388,C
1-PB2,1203,4,0,0,3392,3396,C
1-PB2,1204,3370,0,0,0,3370,A
1-PB2,1205,0,3364,1,1,3366,T
1-PB2,1206,5,3,3368,0,3376,G
1-PB2,1207,1,0,3427,0,3428,G
1-PB2,1208,0,3318,0,2,3320,T
1-PB2,1209,5,0,3400,0,3405,G
1-PB2,1210,0,3326,0,1,3327,T
1-PB2,1211,0,3349,1,5,3355,T
1-PB2,1212,0,3364,0,6,3370,T
1-PB2,1213,0,3367,0,7,3374,T
1-PB2,1214,4,0,0,3451,3455,C
1-PB2,1215,3447,0,1,0,3448,A
1-PB2,1216,0,0,0,3935,3935,C
1-PB2,1217,3886,0,0,4,3890,A
1-PB2,1218,4038,0,2,0,4040,A
1-PB2,1219,1,5,4090,0,4096,G
1-PB2,1220,4012,1,5,0,4018,A
1-PB2,1221,495,2,3614,0,4111,G
1-PB2,1222,1,5,4171,1,4178,G
1-PB2,1223,4133,0,6,0,4139,A
1-PB2,1224,0,4168,0,2,4170,T
1-PB2,1225,1,4148,0,0,4149,T
1-PB2,1226,0,0,4150,0,4150,G
1-PB2,1227,0,1,0,4078,4079,C
1-PB2,1228,4120,0,6,0,4126,A
1-PB2,1229,1,4164,0,1,4166,T
1-PB2,1230,2,6,4376,0,4384,G
1-PB2,1231,4410,0,2,0,4412,A
1-PB2,1232,0,4456,0,0,4456,T
1-PB2,1233,4443,0,0,0,4443,A
1-PB2,1234,4439,0,2,0,4441,A
1-PB2,1235,4442,0,3,0,4445,A
1-PB2,1236,4467,0,8,0,4475,A
1-PB2,1237,1,0,4477,0,4478,G
1-PB2,1238,0,4,0,4590,4594,C
1-PB2,1239,4748,0,2,0,4750,A
1-PB2,1240,3,0,4953,0,4956,G
1-PB2,1241,1,4942,0,3,4946,T
1-PB2,1242,0,4954,0,2,4956,T
1-PB2,1243,4960,0,4,0,4964,A
1-PB2,1244,2,6,4972,0,4980,G
1-PB2,1245,4946,1,9,0,4956,A
1-PB2,1246,0,3,4958,0,4961,G
1-PB2,1247,3,1,4931,1,4936,G
1-PB2,1248,1,4758,0,4,4763,T
1-PB2,1249,2,14,4811,0,4827,G
1-PB2,1250,4855,0,5,0,4860,A
1-PB2,1251,0,3,0,4877,4880,C
1-PB2,1252,1,0,0,4899,4900,C
1-PB2,1253,2,4876,1,8,4887,T
1-PB2,1254,1,6,4898,0,4905,G
1-PB2,1255,4876,0,3,0,4879,A
1-PB2,1256,4898,0,0,0,4898,A
1-PB2,1257,1,4917,0,2,4920,T
1-PB2,1258,0,5001,0,2,5003,T
1-PB2,1259,0,5016,0,2,5018,T
1-PB2,1260,5,0,0,5009,5014,C
1-PB2,1261,3,0,5018,0,5021,G
1-PB2,1262,1,4994,0,2,4997,T
1-PB2,1263,8,5,0,5007,5020,C
1-PB2,1264,5021,1,1,0,5023,A
1-PB2,1265,5021,0,1,0,5022,A
1-PB2,1266,0,5,0,5024,5029,C
1-PB2,1267,4961,0,1,0,4962,A
1-PB2,1268,2,7,5055,0,5064,G
1-PB2,1269,5000,0,8,0,5008,A
1-PB2,1270,3,0,5033,0,5036,G
1-PB2,1271,3,0,0,5039,5042,C
1-PB2,1272,5046,1,2,0,5049,A
1-PB2,1273,5096,0,2,0,5098,A
1-PB2,1274,5086,0,2,0,5088,A
1-PB2,1275,0,5084,0,0,5084,T
1-PB2,1276,1,2,0,5100,5103,C
1-PB2,1277,5069,0,4,0,5073,A
1-PB2,1278,3,2,5054,0,5059,G
1-PB2,1279,1,2,0,5075,5078,C
1-PB2,1280,0,4,5085,0,5089,G
1-PB2,1281,2,1,5332,0,5335,G
1-PB2,1282,0,5291,0,4,5295,T
1-PB2,1283,0,5319,0,1,5320,T
1-PB2,1284,1,10,5306,0,5317,G
1-PB2,1285,5305,0,8,0,5313,A
1-PB2,1286,5365,0,5,0,5370,A
1-PB2,1287,0,5,0,5411,5416,C
1-PB2,1288,5,0,0,5379,5384,C
1-PB2,1289,4,3,0,5405,5412,C
1-PB2,1290,11,1,0,5321,5333,C
1-PB2,1291,5341,0,5,0,5346,A
1-PB2,1292,1,5359,1,4,5365,T
1-PB2,1293,2,1,5373,0,5376,G
1-PB2,1294,1,0,0,5392,5393,C
1-PB2,1295,5355,1,1,1,5358,A
1-PB2,1296,1,5331,0,10,5342,T
1-PB2,1297,5,0,0,5328,5333,C
1-PB2,1298,5300,0,5,0,5305,A
1-PB2,1299,4,1,5377,0,5382,G
1-PB2,1300,0,1,0,5409,5410,C
1-PB2,1301,0,5400,1,5,5406,T
1-PB2,1302,0,5413,0,2,5415,T
1-PB2,1303,0,5409,0,3,5412,T
1-PB2,1304,1,5401,0,3,5405,T
1-PB2,1305,5412,0,1,0,5413,A
1-PB2,1306,5396,1,10,0,5407,A
1-PB2,1307,2,3,5387,0,5392,G
1-PB2,1308,2,2,5380,0,5384,G
1-PB2,1309,0,1,0,5354,5355,C
1-PB2,1310,5344,0,2,0,5346,A
1-PB2,1311,2,5366,0,1,5369,T
1-PB2,1312,0,5382,0,2,5384,T
1-PB2,1313,0,5401,0,3,5404,T
1-PB2,1314,0,5399,0,6,5405,T
1-PB2,1315,1,2,0,5408,5411,C
1-PB2,1316,5407,0,2,0,5409,A
1-PB2,1317,1,3,5408,0,5412,G
1-PB2,1318,5394,0,0,0,5394,A
1-PB2,1319,5398,0,1,0,5399,A
1-PB2,1320,5378,0,8,0,5386,A
1-PB2,1321,0,2,5401,0,5403,G
1-PB2,1322,5425,0,2,0,5427,A
1-PB2,1323,0,5420,0,4,5424,T
1-PB2,1324,2,1,5446,0,5449,G
1-PB2,1325,2,3,1,5422,5428,C
1-PB2,1326,2,7,5444,0,5453,G
1-PB2,1327,5410,1,5,0,5416,A
1-PB2,1328,5446,1,2,0,5449,A
1-PB2,1329,5451,0,5,0,5456,A
1-PB2,1330,4,1,5461,0,5466,G
1-PB2,1331,0,5375,1,2,5378,T
1-PB2,1332,1,3,5400,0,5404,G
1-PB2,1333,1,2,0,5384,5387,C
1-PB2,1334,0,5404,2,2,5408,T
1-PB2,1335,0,5407,1,1,5409,T
1-PB2,1336,0,5421,1,1,5423,T
1-PB2,1337,1,5436,0,0,5437,T
1-PB2,1338,0,5399,0,2,5401,T
1-PB2,1339,5,0,0,5423,5428,C
1-PB2,1340,5424,0,1,0,5425,A
1-PB2,1341,5437,0,3,0,5440,A
1-PB2,1342,5423,0,3,0,5426,A
1-PB2,1343,5450,0,0,0,5450,A
1-PB2,1344,1,5445,1,1,5448,T
1-PB2,1345,0,5452,1,1,5454,T
1-PB2,1346,1,11,5446,0,5458,G
1-PB2,1347,0,11,5434,1,5446,G
1-PB2,1348,4,2,5438,0,5444,G
1-PB2,1349,0,4,5519,0,5523,G
1-PB2,1350,5491,2,3,0,5496,A
1-PB2,1351,3,0,5586,0,5589,G
1-PB2,1352,1,5566,0,5,5572,T
1-PB2,1353,0,5582,2,4,5588,T
1-PB2,1354,4,19,5582,1,5606,G
1-PB2,1355,5582,1,16,0,5599,A
1-PB2,1356,5584,0,10,0,5594,A
1-PB2,1357,1,1,0,5718,5720,C
1-PB2,1358,5647,1,5,0,5653,A
1-PB2,1359,1,1,0,5824,5826,C
1-PB2,1360,5703,0,3,1,5707,A
1-PB2,1361,1,5715,1,3,5720,T
1-PB2,1362,4,3,0,5760,5767,C
1-PB2,1363,5,4,5748,0,5757,G
1-PB2,1364,5758,0,1,0,5759,A
1-PB2,1365,0,2,0,5756,5758,C
1-PB2,1366,5606,0,1,0,5607,A
1-PB2,1367,2,0,5778,1,5781,G
1-PB2,1368,0,5665,1,2,5668,T
1-PB2,1369,5,0,5762,0,5767,G
1-PB2,1370,0,5726,2,1,5729,T
1-PB2,1371,9,5,5744,0,5758,G
1-PB2,1372,5745,2,5,0,5752,A
1-PB2,1373,0,5728,0,2,5730,T
1-PB2,1374,2,9,5749,0,5760,G
1-PB2,1375,0,4,5735,0,5739,G
1-PB2,1376,2,7,5683,0,5692,G
1-PB2,1377,5612,0,18,0,5630,A
1-PB2,1378,5583,0,2,0,5585,A
1-PB2,1379,0,5597,0,2,5599,T
1-PB2,1380,2,7,5642,0,5651,G
1-PB2,1381,5668,0,3,0,5671,A
1-PB2,1382,0,5667,0,0,5667,T
1-PB2,1383,0,5651,0,6,5657,T
1-PB2,1384,2,3,5631,0,5636,G
1-PB2,1385,2,4,5754,0,5760,G
1-PB2,1386,5701,0,14,0,5715,A
1-PB2,1387,0,0,5802,0,5802,G
1-PB2,1388,1,5727,0,1,5729,T
1-PB2,1389,5766,1,4,0,5771,A
1-PB2,1390,0,5800,0,3,5803,T
1-PB2,1391,0,5881,0,1,5882,T
1-PB2,1392,5933,0,15,0,5948,A
1-PB2,1393,4,1,0,5954,5959,C
1-PB2,1394,6,5,0,5891,5902,C
1-PB2,1395,5849,0,5,1,5855,A
1-PB2,1396,3,2,5877,0,5882,G
1-PB2,1397,5999,1,2,0,6002,A
1-PB2,1398,0,5963,0,5,5968,T
1-PB2,1399,5908,0,5,0,5913,A
1-PB2,1400,3,5852,0,3,5858,T
1-PB2,1401,3,20,5811,0,5834,G
1-PB2,1402,5838,0,5,0,5843,A
1-PB2,1403,1,0,0,5868,5869,C
1-PB2,1404,0,5820,0,7,5827,T
1-PB2,1405,3,0,0,5827,5830,C
1-PB2,1406,6,0,0,5758,5764,C
1-PB2,1407,5802,0,4,0,5806,A
1-PB2,1408,5828,1,5,1,5835,A
1-PB2,1409,3,2,5950,1,5956,G
1-PB2,1410,1,0,0,5938,5939,C
1-PB2,1411,5915,0,2,0,5917,A
1-PB2,1412,0,0,0,5905,5905,C
1-PB2,1413,5864,0,10,0,5874,A
1-PB2,1414,2,4,5893,0,5899,G
1-PB2,1415,5864,0,3,0,5867,A
1-PB2,1416,7,2,5904,1,5914,G
1-PB2,1417,5924,0,5,0,5929,A
1-PB2,1418,2,5776,0,3,5781,T
1-PB2,1419,2,3,5861,0,5866,G
1-PB2,1420,1,5811,0,8,5820,T
1-PB2,1421,10,1,0,5812,5823,C
1-PB2,1422,5852,0,2,0,5854,A
1-PB2,1423,5829,2,4,0,5835,A
1-PB2,1424,0,5819,1,1,5821,T
1-PB2,1425,7,11,5804,0,5822,G
1-PB2,1426,5762,0,8,0,5770,A
1-PB2,1427,4,7,5773,0,5784,G
1-PB2,1428,5683,0,13,0,5696,A
1-PB2,1429,2,1,5720,0,5723,G
1-PB2,1430,4,8,5968,0,5980,G
1-PB2,1431,5960,0,1,0,5961,A
1-PB2,1432,5969,0,6,2,5977,A
1-PB2,1433,1,5967,1,0,5969,T
1-PB2,1434,5965,0,3,0,5968,A
1-PB2,1435,5953,0,6,0,5959,A
1-PB2,1436,5,7,5952,0,5964,G
1-PB2,1437,5940,0,4,0,5944,A
1-PB2,1438,9,0,5934,0,5943,G
1-PB2,1439,1,5680,0,2,5683,T
1-PB2,1440,12,4,1,5702,5719,C
1-PB2,1441,5703,0,15,1,5719,A
1-PB2,1442,0,1,5764,0,5765,G
1-PB2,1443,3,1,0,5768,5772,C
1-PB2,1444,5785,0,1,0,5786,A
1-PB2,1445,5790,0,1,0,5791,A
1-PB2,1446,5775,1,4,0,5780,A
1-PB2,1447,5778,0,7,0,5785,A
1-PB2,1448,0,5774,1,1,5776,T
1-PB2,1449,3,12,5798,0,5813,G
1-PB2,1450,1,5,5798,0,5804,G
1-PB2,1451,1,2,5835,0,5838,G
1-PB2,1452,0,5755,0,5,5760,T
1-PB2,1453,3,3,5802,1,5809,G
1-PB2,1454,0,5772,1,4,5777,T
1-PB2,1455,1,5,5809,0,5815,G
1-PB2,1456,1,1,5889,0,5891,G
1-PB2,1457,5872,0,0,0,5872,A
1-PB2,1458,1,5857,1,1,5860,T
1-PB2,1459,0,7,5884,0,5891,G
1-PB2,1460,5843,0,6,0,5849,A
1-PB2,1461,5876,0,11,0,5887,A
1-PB2,1462,0,5869,0,0,5869,T
1-PB2,1463,5794,1,3,0,5798,A
1-PB2,1464,1,1,0,6162,6164,C
1-PB2,1465,2,6041,0,8,6051,T
1-PB2,1466,12,2,0,6146,6160,C
1-PB2,1467,5,1,0,6178,6184,C
1-PB2,1468,6170,0,5,0,6175,A
1-PB2,1469,5,1,6420,1,6427,G
1-PB2,1470,0,6374,1,2,6377,T
1-PB2,1471,6428,0,1,0,6429,A
1-PB2,1472,1,2,0,6462,6465,C
1-PB2,1473,6034,0,4,1,6039,A
1-PB2,1474,1,5,6074,0,6080,G
1-PB2,1475,5938,0,7,0,5945,A
1-PB2,1476,2,5,5999,0,6006,G
1-PB2,1477,5803,2,11,0,5816,A
1-PB2,1478,2,15,5704,0,5721,G
1-PB2,1479,3,6,5704,0,5713,G
1-PB2,1480,1,2,5716,0,5719,G
1-PB2,1481,0,5580,1,9,5590,T
1-PB2,1482,1,9,5624,0,5634,G
1-PB2,1483,2,1,5654,0,5657,G
1-PB2,1484,0,5558,0,2,5560,T
1-PB2,1485,2,3,5742,0,5747,G
1-PB2,1486,2,1,5739,0,5742,G
1-PB2,1487,1,5662,0,2,5665,T
1-PB2,1488,0,5680,0,4,5684,T
1-PB2,1489,5627,0,3,0,5630,A
1-PB2,1490,1,1,5644,0,5646,G
1-PB2,1491,0,1,0,5630,5631,C
1-PB2,1492,5617,0,1,0,5618,A
1-PB2,1493,0,5612,0,2,5614,T
1-PB2,1494,0,5393,0,0,5393,T
1-PB2,1495,0,5,5381,0,5386,G
1-PB2,1496,5346,0,1,0,5347,A
1-PB2,1497,0,5349,0,2,5351,T
1-PB2,1498,10,2,1,5376,5389,C
1-PB2,1499,2,5,5349,0,5356,G
1-PB2,1500,0,0,5433,0,5433,G
1-PB2,1501,0,5388,1,5,5394,T
1-PB2,1502,0,5410,0,3,5413,T
1-PB2,1503,0,5409,1,1,5411,T
1-PB2,1504,0,5419,1,1,5421,T
1-PB2,1505,0,5431,0,1,5432,T
1-PB2,1506,1,8,5422,0,5431,G
1-PB2,1507,5414,0,7,0,5421,A
1-PB2,1508,0,3,5427,0,5430,G
1-PB2,1509,5274,0,4,0,5278,A
1-PB2,1510,1,0,5330,0,5331,G
1-PB2,1511,0,5307,1,3,5311,T
1-PB2,1512,0,5299,0,2,5301,T
1-PB2,1513,8,0,0,5324,5332,C
1-PB2,1514,4,5,5335,0,5344,G
1-PB2,1515,5338,0,9,0,5347,A
1-PB2,1516,1,11,5341,0,5353,G
1-PB2,1517,5339,0,7,0,5346,A
1-PB2,1518,2,0,0,5331,5333,C
1-PB2,1519,5,1,1,5309,5316,C
1-PB2,1520,5288,0,5,0,5293,A
1-PB2,1521,5358,1,8,1,5368,A
1-PB2,1522,0,1,0,5398,5399,C
1-PB2,1523,3,0,5416,0,5419,G
1-PB2,1524,0,5373,0,2,5375,T
1-PB2,1525,2,6,5379,0,5387,G
1-PB2,1526,4,5,5396,1,5406,G
1-PB2,1527,2,7,5409,0,5418,G
1-PB2,1528,5365,0,7,0,5372,A
1-PB2,1529,5399,1,1,0,5401,A
1-PB2,1530,0,5257,0,0,5257,T
1-PB2,1531,1,1,5532,0,5534,G
1-PB2,1532,1,5486,1,11,5499,T
1-PB2,1533,5539,0,2,1,5542,A
1-PB2,1534,1,5552,0,1,5554,T
1-PB2,1535,0,5506,0,0,5506,T
1-PB2,1536,5604,0,2,0,5606,A
1-PB2,1537,0,5555,0,4,5559,T
1-PB2,1538,0,5523,0,2,5525,T
1-PB2,1539,5512,0,1,0,5513,A
1-PB2,1540,1,5077,0,2,5080,T
1-PB2,1541,2,1,0,5358,5361,C
1-PB2,1542,0,5268,0,6,5274,T
1-PB2,1543,8,0,0,5333,5341,C
1-PB2,1544,5,2,0,5338,5345,C
1-PB2,1545,1,5236,1,3,5241,T
1-PB2,1546,3,5,5263,0,5271,G
1-PB2,1547,5230,2,5,0,5237,A
1-PB2,1548,4,6,5244,0,5254,G
1-PB2,1549,0,1,5227,0,5228,G
1-PB2,1550,4801,0,8,0,4809,A
1-PB2,1551,1,4,4866,0,4871,G
1-PB2,1552,0,0,4845,0,4845,G
1-PB2,1553,1,4708,0,1,4710,T
1-PB2,1554,7,2,1,4725,4735,C
1-PB2,1555,4691,0,10,0,4701,A
1-PB2,1556,3,1,4771,0,4775,G
1-PB2,1557,1,4760,0,2,4763,T
1-PB2,1558,1,5,4767,0,4773,G
1-PB2,1559,4772,0,3,0,4775,A
1-PB2,1560,4634,0,3,1,4638,A
1-PB2,1561,4661,0,5,0,4666,A
1-PB2,1562,1,0,0,4670,4671,C
1-PB2,1563,4652,0,4,1,4657,A
1-PB2,1564,0,2,0,4651,4653,C
1-PB2,1565,4548,1,2,0,4551,A
1-PB2,1566,3,8,4562,1,4574,G
1-PB2,1567,6,1,4565,0,4572,G
1-PB2,1568,2,6,4630,0,4638,G
1-PB2,1569,4613,1,6,0,4620,A
1-PB2,1570,4586,0,5,0,4591,A
1-PB2,1571,0,2,0,4627,4629,C
1-PB2,1572,0,4592,0,1,4593,T
1-PB2,1573,4,6,4581,1,4592,G
1-PB2,1574,4563,0,5,0,4568,A
1-PB2,1575,0,2,4583,0,4585,G
1-PB2,1576,4522,0,6,1,4529,A
1-PB2,1577,1,8,4381,0,4390,G
1-PB2,1578,4373,0,4,0,4377,A
1-PB2,1579,1,1,0,4381,4383,C
1-PB2,1580,0,4260,0,0,4260,T
1-PB2,1581,1,8,4347,0,4356,G
1-PB2,1582,4338,2,9,0,4349,A
1-PB2,1583,0,3,0,4378,4381,C
1-PB2,1584,4359,0,2,0,4361,A
1-PB2,1585,4351,2,2,0,4355,A
1-PB2,1586,0,4365,0,0,4365,T
1-PB2,1587,4423,0,0,0,4423,A
1-PB2,1588,4407,1,8,0,4416,A
1-PB2,1589,1,2,0,4467,4470,C
1-PB2,1590,2,4306,1,1,4310,T
1-PB2,1591,0,4282,0,3,4285,T
1-PB2,1592,4265,0,0,1,4266,A
1-PB2,1593,0,4248,0,4,4252,T
1-PB2,1594,1,4252,0,2,4255,T
1-PB2,1595,8,1,1,4233,4243,C
1-PB2,1596,4099,0,1,0,4100,A
1-PB2,1597,0,4097,0,2,4099,T
1-PB2,1598,5,2,0,4036,4043,C
1-PB2,1599,3,0,4045,0,4048,G
1-PB2,1600,1,4064,0,5,4070,T
1-PB2,1601,5,2,0,4036,4043,C
1-PB2,1602,4,2,4028,0,4034,G
1-PB2,1603,4039,0,2,0,4041,A
1-PB2,1604,0,4035,0,2,4037,T
1-PB2,1605,2,2,4056,0,4060,G
1-PB2,1606,4080,1,4,0,4085,A
1-PB2,1607,0,4090,0,2,4092,T
1-PB2,1608,2,0,4106,0,4108,G
1-PB2,1609,0,4011,2,1,4014,T
1-PB2,1610,2,4,4014,0,4020,G
1-PB2,1611,1,1,4015,1,4018,G
1-PB2,1612,1,4,4008,0,4013,G
1-PB2,1613,3965,1,7,0,3973,A
1-PB2,1614,1,0,3980,0,3981,G
1-PB2,1615,3842,0,0,0,3842,A
1-PB2,1616,0,3790,0,2,3792,T
1-PB2,1617,0,3763,0,0,3763,T
1-PB2,1618,3746,0,1,0,3747,A
1-PB2,1619,3745,0,4,0,3749,A
1-PB2,1620,0,3,0,3733,3736,C
1-PB2,1621,1,3,3651,0,3655,G
1-PB2,1622,1,0,3700,0,3701,G
1-PB2,1623,0,3586,0,3,3589,T
1-PB2,1624,7,2,0,3559,3568,C
1-PB2,1625,6,0,0,3580,3586,C
1-PB2,1626,0,3493,0,3,3496,T
1-PB2,1627,1,4,3525,0,3530,G
1-PB2,1628,3519,1,2,0,3522,A
1-PB2,1629,2,0,3545,0,3547,G
1-PB2,1630,0,3535,0,1,3536,T
1-PB2,1631,12,0,0,3435,3447,C
1-PB2,1632,0,4,3432,0,3436,G
1-PB2,1633,1,4,3475,0,3480,G
1-PB2,1634,0,3448,0,4,3452,T
1-PB2,1635,0,3473,0,0,3473,T
1-PB2,1636,0,3474,1,1,3476,T
1-PB2,1637,0,3470,0,0,3470,T
1-PB2,1638,1,6,3507,0,3514,G
1-PB2,1639,0,0,3558,0,3558,G
1-PB2,1640,1,3514,0,4,3519,T
1-PB2,1641,10,2,0,3548,3560,C
1-PB2,1642,3499,0,1,0,3500,A
1-PB2,1643,3603,0,1,0,3604,A
1-PB2,1644,1,3609,0,0,3610,T
1-PB2,1645,3595,1,1,0,3597,A
1-PB2,1646,1,1,1,3674,3677,C
1-PB2,1647,3,3,0,3593,3599,C
1-PB2,1648,1,3565,2,4,3572,T
1-PB2,1649,3610,0,1,0,3611,A
1-PB2,1650,0,3614,0,0,3614,T
1-PB2,1651,1,0,0,3626,3627,C
1-PB2,1652,3493,0,1,0,3494,A
1-PB2,1653,3504,0,0,0,3504,A
1-PB2,1654,0,3474,0,0,3474,T
1-PB2,1655,1,2,3371,0,3374,G
1-PB2,1656,1,3,3374,0,3378,G
1-PB2,1657,3327,2,2,0,3331,A
1-PB2,1658,0,3272,0,2,3274,T
1-PB2,1659,5,0,0,3248,3253,C
1-PB2,1660,3271,1,1,0,3273,A
1-PB2,1661,0,3269,0,1,3270,T
1-PB2,1662,2,2,0,3277,3281,C
1-PB2,1663,3291,0,0,0,3291,A
1-PB2,1664,0,0,3305,0,3305,G
1-PB2,1665,3293,0,1,0,3294,A
1-PB2,1666,3294,0,1,0,3295,A
1-PB2,1667,3288,0,4,0,3292,A
1-PB2,1668,1,3298,0,1,3300,T
1-PB2,1669,0,3281,0,0,3281,T
1-PB2,1670,3,4,3259,0,3266,G
1-PB2,1671,6,2,3256,1,3265,G
1-PB2,1672,1,1,3251,0,3253,G
1-PB2,1673,3256,0,1,0,3257,A
1-PB2,1674,3251,0,1,0,3252,A
1-PB2,1675,0,0,3220,0,3220,G
1-PB2,1676,0,1,0,3231,3232,C
1-PB2,1677,0,3235,0,2,3237,T
1-PB2,1678,0,0,3269,0,3269,G
1-PB2,1679,0,3247,0,2,3249,T
1-PB2,1680,3,1,0,3261,3265,C
1-PB2,1681,3273,0,1,0,3274,A
1-PB2,1682,3278,1,0,0,3279,A
1-PB2,1683,3279,1,0,0,3280,A
1-PB2,1684,3299,0,0,1,3300,A
1-PB2,1685,0,3300,0,0,3300,T
1-PB2,1686,0,3290,1,0,3291,T
1-PB2,1687,6,0,1,3277,3284,C
1-PB2,1688,3269,0,2,0,3271,A
1-PB2,1689,3264,0,3,0,3267,A
1-PB2,1690,0,3266,0,2,3268,T
1-PB2,1691,1,5,3264,0,3270,G
1-PB2,1692,0,1,3290,0,3291,G
1-PB2,1693,0,3347,0,3,3350,T
1-PB2,1694,7,3,0,3369,3379,C
1-PB2,1695,1,3376,0,5,3382,T
1-PB2,1696,2,1,0,3389,3392,C
1-PB2,1697,3398,0,1,0,3399,A
1-PB2,1698,2,3,3408,0,3413,G
1-PB2,1699,3411,0,1,0,3412,A
1-PB2,1700,3423,0,0,0,3423,A
1-PB2,1701,0,3367,0,0,3367,T
1-PB2,1702,5,0,0,3309,3314,C
1-PB2,1703,4,0,0,3308,3312,C
1-PB2,1704,1,3303,0,3,3307,T
1-PB2,1705,4,1,3306,0,3311,G
1-PB2,1706,1,1,0,3313,3315,C
1-PB2,1707,3322,0,0,0,3322,A
1-PB2,1708,3356,0,0,0,3356,A
1-PB2,1709,0,3303,0,1,3304,T
1-PB2,1710,2,0,3394,0,3396,G
1-PB2,1711,0,3406,1,2,3409,T
1-PB2,1712,0,3339,0,1,3340,T
1-PB2,1713,1,0,3364,0,3365,G
1-PB2,1714,1,3348,0,3,3352,T
1-PB2,1715,3352,1,2,0,3355,A
1-PB2,1716,0,0,0,3364,3364,C
1-PB2,1717,3316,0,0,0,3316,A
1-PB2,1718,3337,0,1,0,3338,A
1-PB2,1719,0,0,0,3300,3300,C
1-PB2,1720,3232,0,0,1,3233,A
1-PB2,1721,3238,0,2,0,3240,A
1-PB2,1722,3191,0,1,0,3192,A
1-PB2,1723,3192,0,0,1,3193,A
1-PB2,1724,0,3188,0,0,3188,T
1-PB2,1725,1,4,3171,1,3177,G
1-PB2,1726,1,3,3187,0,3191,G
1-PB2,1727,3170,0,0,0,3170,A
1-PB2,1728,3204,0,0,0,3204,A
1-PB2,1729,0,3204,0,0,3204,T
1-PB2,1730,0,3195,0,0,3195,T
1-PB2,1731,0,3204,0,0,3204,T
1-PB2,1732,1,3,3185,0,3189,G
1-PB2,1733,3191,0,3,0,3194,A
1-PB2,1734,3182,0,5,0,3187,A
1-PB2,1735,0,1,0,3183,3184,C
1-PB2,1736,2,0,0,3164,3166,C
1-PB2,1737,3195,0,1,1,3197,A
1-PB2,1738,0,3230,0,0,3230,T
1-PB2,1739,1,3226,0,2,3229,T
1-PB2,1740,0,3218,1,0,3219,T
1-PB2,1741,3,0,0,3229,3232,C
1-PB2,1742,3238,0,2,0,3240,A
1-PB2,1743,3241,1,1,0,3243,A
1-PB2,1744,0,3237,2,0,3239,T
1-PB2,1745,3,3,0,3267,3273,C
1-PB2,1746,0,3235,1,2,3238,T
1-PB2,1747,0,3242,0,0,3242,T
1-PB2,1748,1,3242,0,0,3243,T
1-PB2,1749,3260,0,0,0,3260,A
1-PB2,1750,1,0,3247,0,3248,G
1-PB2,1751,0,3237,0,4,3241,T
1-PB2,1752,8,0,0,3308,3316,C
1-PB2,1753,6,2,0,3308,3316,C
1-PB2,1754,5,1,0,3294,3300,C
1-PB2,1755,7,2,0,3298,3307,C
1-PB2,1756,3286,0,3,0,3289,A
1-PB2,1757,3296,0,4,0,3300,A
1-PB2,1758,0,2,3325,0,3327,G
1-PB2,1759,3,0,3310,0,3313,G
1-PB2,1760,2,1,0,3317,3320,C
1-PB2,1761,5,0,0,3272,3277,C
1-PB2,1762,3298,0,2,0,3300,A
1-PB2,1763,0,3345,0,0,3345,T
1-PB2,1764,0,3349,0,0,3349,T
1-PB2,1765,3357,0,1,0,3358,A
1-PB2,1766,6,2,3338,0,3346,G
1-PB2,1767,3293,1,1,0,3295,A
1-PB2,1768,3399,0,4,1,3404,A
1-PB2,1769,0,1,3436,0,3437,G
1-PB2,1770,2,1,0,3421,3424,C
1-PB2,1771,4,0,0,3446,3450,C
1-PB2,1772,3416,0,1,0,3417,A
1-PB2,1773,3456,0,1,0,3457,A
1-PB2,1774,0,3468,0,1,3469,T
1-PB2,1775,3482,0,0,0,3482,A
1-PB2,1776,0,0,0,3511,3511,C
1-PB2,1777,3270,1,2,0,3273,A
1-PB2,1778,2,1,3281,0,3284,G
1-PB2,1779,1,3210,1,1,3213,T
1-PB2,1780,0,6,3234,0,3240,G
1-PB2,1781,0,1,3232,0,3233,G
1-PB2,1782,0,1,3215,0,3216,G
1-PB2,1783,0,3171,1,2,3174,T
1-PB2,1784,0,3157,0,1,3158,T
1-PB2,1785,0,3171,1,0,3172,T
1-PB2,1786,0,0,3206,0,3206,G
1-PB2,1787,0,3180,0,4,3184,T
1-PB2,1788,8,2,0,3185,3195,C
1-PB2,1789,3165,1,4,0,3170,A
1-PB2,1790,3,4,3173,0,3180,G
1-PB2,1791,3158,0,2,0,3160,A
1-PB2,1792,3152,0,0,0,3152,A
1-PB2,1793,0,2,0,3152,3154,C
1-PB2,1794,0,3072,0,7,3079,T
1-PB2,1795,5,1,0,3147,3153,C
1-PB2,1796,0,3170,0,0,3170,T
1-PB2,1797,3180,0,0,0,3180,A
1-PB2,1798,0,3181,0,2,3183,T
1-PB2,1799,0,3148,0,3,3151,T
1-PB2,1800,3,2,0,3144,3149,C
1-PB2,1801,1,2,0,3150,3153,C
1-PB2,1802,3132,0,1,0,3133,A
1-PB2,1803,3134,0,3,0,3137,A
1-PB2,1804,0,0,0,3144,3144,C
1-PB2,1805,3116,0,1,0,3117,A
1-PB2,1806,3117,0,0,0,3117,A
1-PB2,1807,3108,0,1,0,3109,A
1-PB2,1808,1,3121,0,0,3122,T
1-PB2,1809,0,2,3125,0,3127,G
1-PB2,1810,3097,1,6,0,3104,A
1-PB2,1811,1,2,3115,0,3118,G
1-PB2,1812,3088,0,4,0,3092,A
1-PB2,1813,1,2,3097,0,3100,G
1-PB2,1814,3085,0,6,0,3091,A
1-PB2,1815,0,3,0,3078,3081,C
1-PB2,1816,4,1,3096,0,3101,G
1-PB2,1817,0,3102,0,0,3102,T
1-PB2,1818,3133,0,1,0,3134,A
1-PB2,1819,1,0,0,3152,3153,C
1-PB2,1820,0,3128,0,0,3128,T
1-PB2,1821,0,3123,1,2,3126,T
1-PB2,1822,1,2,3109,0,3112,G
1-PB2,1823,2,5,3104,0,3111,G
1-PB2,1824,1,2,3108,0,3111,G
1-PB2,1825,3077,0,3,0,3080,A
1-PB2,1826,0,1,0,3094,3095,C
1-PB2,1827,3113,0,1,0,3114,A
1-PB2,1828,0,3118,0,2,3120,T
1-PB2,1829,0,3128,0,2,3130,T
1-PB2,1830,0,3123,0,2,3125,T
1-PB2,1831,3,7,3110,1,3121,G
1-PB2,1832,3129,0,4,0,3133,A
1-PB2,1833,1,0,0,3140,3141,C
1-PB2,1834,3109,0,2,0,3111,A
1-PB2,1835,1,2,0,3134,3137,C
1-PB2,1836,8,0,0,3070,3078,C
1-PB2,1837,3095,0,0,0,3095,A
1-PB2,1838,0,126,0,2987,3113,C
1-PB2,1839,4,2,0,3124,3130,C
1-PB2,1840,5,1,0,3128,3134,C
1-PB2,1841,3129,0,0,0,3129,A
1-PB2,1842,2,3,3185,0,3190,G
1-PB2,1843,3175,0,1,0,3176,A
1-PB2,1844,0,3267,0,0,3267,T
1-PB2,1845,3221,0,2,0,3223,A
1-PB2,1846,3189,0,1,0,3190,A
1-PB2,1847,0,3182,0,0,3182,T
1-PB2,1848,3174,0,1,0,3175,A
1-PB2,1849,3171,0,0,0,3171,A
1-PB2,1850,3149,0,1,0,3150,A
1-PB2,1851,1,1,3154,0,3156,G
1-PB2,1852,0,2,0,3126,3128,C
1-PB2,1853,0,3021,0,3,3024,T
1-PB2,1854,0,3011,0,2,3013,T
1-PB2,1855,1,0,0,3042,3043,C
1-PB2,1856,0,3010,0,6,3016,T
1-PB2,1857,8,1,0,3073,3082,C
1-PB2,1858,4,2,0,3067,3073,C
1-PB2,1859,3,0,1,3107,3111,C
1-PB2,1860,0,3102,0,7,3109,T
1-PB2,1861,0,3108,0,1,3109,T
1-PB2,1862,0,3099,0,1,3100,T
1-PB2,1863,0,3102,0,0,3102,T
1-PB2,1864,1,0,3105,0,3106,G
1-PB2,1865,2,2,0,3098,3102,C
1-PB2,1866,3058,0,4,0,3062,A
1-PB2,1867,2,2,3053,0,3057,G
1-PB2,1868,0,0,1,3042,3043,C
1-PB2,1869,0,3025,2,4,3031,T
1-PB2,1870,0,3,3033,0,3036,G
1-PB2,1871,1,1,1,3037,3040,C
1-PB2,1872,0,3002,0,2,3004,T
1-PB2,1873,2,1,0,3057,3060,C
1-PB2,1874,3,0,0,3078,3081,C
1-PB2,1875,3073,1,3,0,3077,A
1-PB2,1876,1,0,0,3101,3102,C
1-PB2,1877,2,0,0,3103,3105,C
1-PB2,1878,3088,0,0,1,3089,A
1-PB2,1879,3095,0,1,1,3097,A
1-PB2,1880,3087,0,4,1,3092,A
1-PB2,1881,0,0,3112,0,3112,G
1-PB2,1882,2,0,0,3098,3100,C
1-PB2,1883,3070,0,1,1,3072,A
1-PB2,1884,3070,0,2,0,3072,A
1-PB2,1885,3064,0,7,1,3072,A
1-PB2,1886,1,0,3094,0,3095,G
1-PB2,1887,0,1,0,3104,3105,C
1-PB2,1888,3085,0,0,1,3086,A
1-PB2,1889,0,2,3109,0,3111,G
1-PB2,1890,3072,1,0,0,3073,A
1-PB2,1891,3120,0,0,0,3120,A
1-PB2,1892,0,3119,0,0,3119,T
1-PB2,1893,0,1,3114,0,3115,G
1-PB2,1894,1,0,0,3121,3122,C
1-PB2,1895,3083,0,1,2,3086,A
1-PB2,1896,2,2,3116,0,3120,G
1-PB2,1897,0,3109,0,2,3111,T
1-PB2,1898,0,3199,0,1,3200,T
1-PB2,1899,10,0,1,3204,3215,C
1-PB2,1900,0,3179,0,5,3184,T
1-PB2,1901,5,1,0,3219,3225,C
1-PB2,1902,0,3214,2,9,3225,T
1-PB2,1903,0,3221,0,3,3224,T
1-PB2,1904,3,0,0,3245,3248,C
1-PB2,1905,3219,0,1,0,3220,A
1-PB2,1906,1,1,0,3231,3233,C
1-PB2,1907,0,3114,0,4,3118,T
1-PB2,1908,1,4,3150,0,3155,G
1-PB2,1909,3121,0,2,0,3123,A
1-PB2,1910,0,1,0,3198,3199,C
1-PB2,1911,0,3157,0,2,3159,T
1-PB2,1912,1,0,3198,0,3199,G
1-PB2,1913,1,3175,0,0,3176,T
1-PB2,1914,4,5,3202,1,3212,G
1-PB2,1915,3196,0,5,0,3201,A
1-PB2,1916,3225,0,0,0,3225,A
1-PB2,1917,1,3161,0,0,3162,T
1-PB2,1918,1,0,3166,0,3167,G
1-PB2,1919,0,3092,0,0,3092,T
1-PB2,1920,1,1,3108,0,3110,G
1-PB2,1921,3037,0,6,0,3043,A
1-PB2,1922,1,5,3064,0,3070,G
1-PB2,1923,1,0,3025,0,3026,G
1-PB2,1924,3,3,3000,0,3006,G
1-PB2,1925,1,2,3100,0,3103,G
1-PB2,1926,3087,0,3,0,3090,A
1-PB2,1927,0,3072,0,0,3072,T
1-PB2,1928,3,1,0,3086,3090,C
1-PB2,1929,3091,0,5,0,3096,A
1-PB2,1930,2,2,3125,0,3129,G
1-PB2,1931,1,2,3131,0,3134,G
1-PB2,1932,3,1,3132,0,3136,G
1-PB2,1933,3133,0,0,0,3133,A
1-PB2,1934,0,2945,0,1,2946,T
1-PB2,1935,0,3,2959,0,2962,G
1-PB2,1936,2929,0,1,0,2930,A
1-PB2,1937,2,3,3017,0,3022,G
1-PB2,1938,3006,1,0,0,3007,A
1-PB2,1939,2948,0,1,0,2949,A
1-PB2,1940,1,2974,0,0,2975,T
1-PB2,1941,2958,0,1,0,2959,A
1-PB2,1942,0,0,0,2995,2995,C
1-PB2,1943,1,2965,0,1,2967,T
1-PB2,1944,0,2963,0,1,2964,T
1-PB2,1945,2,0,2966,0,2968,G
1-PB2,1946,0,2891,0,2,2893,T
1-PB2,1947,2887,0,1,0,2888,A
1-PB2,1948,2871,0,3,0,2874,A
1-PB2,1949,2,2,2830,0,2834,G
1-PB2,1950,0,4,2827,0,2831,G
1-PB2,1951,2,2,2776,0,2780,G
1-PB2,1952,0,0,2794,0,2794,G
1-PB2,1953,0,1,2,2810,2813,C
1-PB2,1954,2809,1,1,0,2811,A
1-PB2,1955,2840,0,2,0,2842,A
1-PB2,1956,0,2857,0,0,2857,T
1-PB2,1957,0,2851,0,1,2852,T
1-PB2,1958,2,4,0,2892,2898,C
1-PB2,1959,0,2840,0,4,2844,T
1-PB2,1960,3,1,0,2879,2883,C
1-PB2,1961,0,0,0,2888,2888,C
1-PB2,1962,2,2867,0,4,2873,T
1-PB2,1963,2,0,2915,0,2917,G
1-PB2,1964,2,2856,0,2,2860,T
1-PB2,1965,2879,0,1,0,2880,A
1-PB2,1966,0,2878,0,1,2879,T
1-PB2,1967,0,2825,0,1,2826,T
1-PB2,1968,4,1,0,2838,2843,C
1-PB2,1969,2821,0,1,0,2822,A
1-PB2,1970,2850,0,1,0,2851,A
1-PB2,1971,1,2,0,2866,2869,C
1-PB2,1972,0,2816,0,2,2818,T
1-PB2,1973,2822,1,0,1,2824,A
1-PB2,1974,0,2,0,2902,2904,C
1-PB2,1975,2896,0,0,0,2896,A
1-PB2,1976,2879,0,1,0,2880,A
1-PB2,1977,0,1,0,2886,2887,C
1-PB2,1978,2862,0,1,0,2863,A
1-PB2,1979,2825,0,2,0,2827,A
1-PB2,1980,0,4,2820,1,2825,G
1-PB2,1981,2813,0,3,1,2817,A
1-PB2,1982,0,0,0,2833,2833,C
1-PB2,1983,5,2,0,2762,2769,C
1-PB2,1984,2766,0,4,0,2770,A
1-PB2,1985,0,1,0,2840,2841,C
1-PB2,1986,0,2843,0,2,2845,T
1-PB2,1987,2841,0,0,0,2841,A
1-PB2,1988,2827,0,1,0,2828,A
1-PB2,1989,2820,0,1,0,2821,A
1-PB2,1990,2822,0,0,0,2822,A
1-PB2,1991,0,4,2840,0,2844,G
1-PB2,1992,2801,0,3,0,2804,A
1-PB2,1993,0,0,0,2818,2818,C
1-PB2,1994,0,2755,0,2,2757,T
1-PB2,1995,2761,0,2,1,2764,A
1-PB2,1996,2752,0,1,0,2753,A
1-PB2,1997,0,0,0,2771,2771,C
1-PB2,1998,2765,0,0,0,2765,A
1-PB2,1999,2750,0,2,0,2752,A
1-PB2,2000,0,2690,0,0,2690,T
1-PB2,2001,0,2693,0,2,2695,T
1-PB2,2002,5,0,0,2710,2715,C
1-PB2,2003,0,2672,0,1,2673,T
1-PB2,2004,5,1,0,2714,2720,C
1-PB2,2005,0,2,2714,0,2716,G
1-PB2,2006,1,7,2715,0,2723,G
1-PB2,2007,2702,0,0,0,2702,A
1-PB2,2008,2707,0,0,0,2707,A
1-PB2,2009,2717,0,1,0,2718,A
1-PB2,2010,2706,0,4,0,2710,A
1-PB2,2011,1,0,2705,0,2706,G
1-PB2,2012,2709,0,2,0,2711,A
1-PB2,2013,1,2704,0,0,2705,T
1-PB2,2014,2,0,2703,0,2705,G
1-PB2,2015,0,1,0,2691,2692,C
1-PB2,2016,0,4,0,2705,2709,C
1-PB2,2017,3,4,2696,1,2704,G
1-PB2,2018,2,0,2690,0,2692,G
1-PB2,2019,0,0,0,2708,2708,C
1-PB2,2020,2685,0,2,0,2687,A
1-PB2,2021,0,0,0,2767,2767,C
1-PB2,2022,0,2762,0,2,2764,T
1-PB2,2023,0,2767,0,0,2767,T
1-PB2,2024,0,2772,0,0,2772,T
1-PB2,2025,2764,0,1,0,2765,A
1-PB2,2026,2784,0,1,0,2785,A
1-PB2,2027,0,2774,0,2,2776,T
1-PB2,2028,0,2777,0,0,2777,T
1-PB2,2029,0,0,2776,0,2776,G
1-PB2,2030,2711,0,2,0,2713,A
1-PB2,2031,2715,0,2,0,2717,A
1-PB2,2032,0,9,2706,0,2715,G
1-PB2,2033,2721,0,1,0,2722,A
1-PB2,2034,1,0,0,2721,2722,C
1-PB2,2035,7,0,0,2701,2708,C
1-PB2,2036,2703,0,2,2,2707,A
1-PB2,2037,2720,0,2,0,2722,A
1-PB2,2038,1,4,2769,0,2774,G
1-PB2,2039,2767,0,4,0,2771,A
1-PB2,2040,0,2765,0,0,2765,T
1-PB2,2041,2,0,2765,0,2767,G
1-PB2,2042,2735,0,5,0,2740,A
1-PB2,2043,2729,0,1,0,2730,A
1-PB2,2044,2741,0,3,0,2744,A
1-PB2,2045,2,0,2734,0,2736,G
1-PB2,2046,1,0,0,2731,2732,C
1-PB2,2047,2674,0,3,0,2677,A
1-PB2,2048,0,1,0,2728,2729,C
1-PB2,2049,2717,0,0,2,2719,A
1-PB2,2050,0,2689,1,0,2690,T
1-PB2,2051,1,1,0,2735,2737,C
1-PB2,2052,1,5,0,2729,2735,C
1-PB2,2053,3,2,2750,0,2755,G
1-PB2,2054,0,4,2765,0,2769,G
1-PB2,2055,2747,0,0,0,2747,A
1-PB2,2056,1,0,2771,0,2772,G
1-PB2,2057,0,2707,0,3,2710,T
1-PB2,2058,0,2,2707,0,2709,G
1-PB2,2059,1,3,2700,0,2704,G
1-PB2,2060,2679,0,4,0,2683,A
1-PB2,2061,2,0,2679,0,2681,G
1-PB2,2062,0,2627,1,3,2631,T
1-PB2,2063,5,0,0,2621,2626,C
1-PB2,2064,6,1,0,2626,2633,C
1-PB2,2065,1,0,2620,0,2621,G
1-PB2,2066,0,3,0,2611,2614,C
1-PB2,2067,5,1,2,2606,2614,C
1-PB2,2068,1,1,2672,0,2674,G
1-PB2,2069,0,2644,0,2,2646,T
1-PB2,2070,4,1,0,2677,2682,C
1-PB2,2071,0,2665,1,2,2668,T
1-PB2,2072,0,2689,1,0,2690,T
1-PB2,2073,2,2,2687,0,2691,G
1-PB2,2074,2665,0,2,0,2667,A
1-PB2,2075,0,1,2678,0,2679,G
1-PB2,2076,2658,0,8,0,2666,A
1-PB2,2077,1,3,2553,0,2557,G
1-PB2,2078,1,2,2558,0,2561,G
1-PB2,2079,2,1,2545,0,2548,G
1-PB2,2080,1,2526,0,4,2531,T
1-PB2,2081,0,2520,0,1,2521,T
1-PB2,2082,0,2541,0,2,2543,T
1-PB2,2083,5,0,0,2550,2555,C
1-PB2,2084,0,2545,1,1,2547,T
1-PB2,2085,4,0,0,2614,2618,C
1-PB2,2086,2599,0,2,0,2601,A
1-PB2,2087,1,2572,0,1,2574,T
1-PB2,2088,0,2568,0,3,2571,T
1-PB2,2089,2562,1,0,0,2563,A
1-PB2,2090,0,2572,1,0,2573,T
1-PB2,2091,2529,0,0,0,2529,A
1-PB2,2092,1,2,2546,0,2549,G
1-PB2,2093,3,0,2559,0,2562,G
1-PB2,2094,0,2438,0,2,2440,T
1-PB2,2095,2461,0,0,0,2461,A
1-PB2,2096,2422,0,2,0,2424,A
1-PB2,2097,3,2,2430,0,2435,G
1-PB2,2098,0,0,2443,0,2443,G
1-PB2,2099,2424,0,0,0,2424,A
1-PB2,2100,2389,0,1,0,2390,A
1-PB2,2101,1,2,2373,0,2376,G
1-PB2,2102,2340,1,8,0,2349,A
1-PB2,2103,0,1,0,2365,2366,C
1-PB2,2104,2340,0,2,1,2343,A
1-PB2,2105,0,3,2345,0,2348,G
1-PB2,2106,2342,0,3,0,2345,A
1-PB2,2107,2322,0,0,0,2322,A
1-PB2,2108,2,0,2321,0,2323,G
1-PB2,2109,2322,0,1,0,2323,A
1-PB2,2110,0,2299,0,1,2300,T
1-PB2,2111,2294,0,0,0,2294,A
1-PB2,2112,0,2,0,2297,2299,C
1-PB2,2113,2,1,2274,0,2277,G
1-PB2,2114,2,1,2301,1,2305,G
1-PB2,2115,2298,0,2,0,2300,A
1-PB2,2116,1,2,0,2270,2273,C
1-PB2,2117,1,0,0,2278,2279,C
1-PB2,2118,2239,0,7,1,2247,A
1-PB2,2119,0,1,2325,0,2326,G
1-PB2,2120,0,1,0,2308,2309,C
1-PB2,2121,2322,0,1,0,2323,A
1-PB2,2122,0,2317,0,2,2319,T
1-PB2,2123,0,2233,0,0,2233,T
1-PB2,2124,2241,0,1,0,2242,A
1-PB2,2125,2234,0,1,0,2235,A
1-PB2,2126,1,0,2238,0,2239,G
1-PB2,2127,0,3,0,2231,2234,C
1-PB2,2128,2108,0,0,0,2108,A
1-PB2,2129,0,2146,0,0,2146,T
1-PB2,2130,2,1,0,2143,2146,C
1-PB2,2131,2157,1,0,0,2158,A
1-PB2,2132,2163,0,0,0,2163,A
1-PB2,2133,0,2152,0,1,2153,T
1-PB2,2134,2,9,2153,0,2164,G
1-PB2,2135,2140,0,0,0,2140,A
1-PB2,2136,2140,0,2,0,2142,A
1-PB2,2137,0,1,0,2156,2157,C
1-PB2,2138,0,2050,0,0,2050,T
1-PB2,2139,0,4,2095,0,2099,G
1-PB2,2140,2087,0,2,0,2089,A
1-PB2,2141,0,0,2093,0,2093,G
1-PB2,2142,0,2085,0,1,2086,T
1-PB2,2143,2059,0,0,0,2059,A
1-PB2,2144,2043,0,1,0,2044,A
1-PB2,2145,0,0,0,2062,2062,C
1-PB2,2146,2,0,0,2020,2022,C
1-PB2,2147,0,1998,0,3,2001,T
1-PB2,2148,0,1951,0,1,1952,T
1-PB2,2149,1,1,1947,0,1949,G
1-PB2,2150,0,2,0,1945,1947,C
1-PB2,2151,1954,0,1,0,1955,A
1-PB2,2152,1948,1,1,0,1950,A
1-PB2,2153,1932,0,0,0,1932,A
1-PB2,2154,1896,0,2,0,1898,A
1-PB2,2155,0,3,1904,0,1907,G
1-PB2,2156,0,3,1897,0,1900,G
1-PB2,2157,1,1,1894,0,1896,G
1-PB2,2158,1,0,1901,0,1902,G
1-PB2,2159,1904,0,1,0,1905,A
1-PB2,2160,1907,0,0,0,1907,A
1-PB2,2161,1902,0,1,0,1903,A
1-PB2,2162,1907,0,6,0,1913,A
1-PB2,2163,1,1,1914,0,1916,G
1-PB2,2164,0,0,1894,0,1894,G
1-PB2,2165,1,0,1,1892,1894,C
1-PB2,2166,0,1895,0,0,1895,T
1-PB2,2167,1892,0,0,0,1892,A
1-PB2,2168,1896,0,1,0,1897,A
1-PB2,2169,0,1891,0,0,1891,T
1-PB2,2170,1,1,1907,0,1909,G
1-PB2,2171,0,1841,1,3,1845,T
1-PB2,2172,0,0,1841,0,1841,G
1-PB2,2173,0,1,0,1828,1829,C
1-PB2,2174,0,1825,0,3,1828,T
1-PB2,2175,1840,0,0,0,1840,A
1-PB2,2176,1835,0,1,0,1836,A
1-PB2,2177,0,1815,0,1,1816,T
1-PB2,2178,1,2,0,1812,1815,C
1-PB2,2179,2,3,1759,0,1764,G
1-PB2,2180,1,0,1765,0,1766,G
1-PB2,2181,1,0,1761,1,1763,G
1-PB2,2182,0,1,0,1747,1748,C
1-PB2,2183,1760,0,2,1,1763,A
1-PB2,2184,1764,0,0,0,1764,A
1-PB2,2185,0,3,1755,0,1758,G
1-PB2,2186,1,2,1760,0,1763,G
1-PB2,2187,1750,0,3,0,1753,A
1-PB2,2188,0,2,1747,0,1749,G
1-PB2,2189,1687,0,2,0,1689,A
1-PB2,2190,2,1,0,1687,1690,C
1-PB2,2191,0,0,1700,0,1700,G
1-PB2,2192,0,1684,0,2,1686,T
1-PB2,2193,1,0,1685,0,1686,G
1-PB2,2194,2,0,1692,0,1694,G
1-PB2,2195,0,1673,0,1,1674,T
1-PB2,2196,1,0,1685,0,1686,G
1-PB2,2197,0,1644,0,1,1645,T
1-PB2,2198,0,1637,0,0,1637,T
1-PB2,2199,1,0,1630,0,1631,G
1-PB2,2200,1,1,1624,0,1626,G
1-PB2,2201,0,1623,0,1,1624,T
1-PB2,2202,1576,0,0,0,1576,A
1-PB2,2203,1527,0,0,0,1527,A
1-PB2,2204,0,1490,0,0,1490,T
1-PB2,2205,0,2,1471,0,1473,G
1-PB2,2206,1469,0,1,0,1470,A
1-PB2,2207,1460,0,0,0,1460,A
1-PB2,2208,1446,0,0,0,1446,A
1-PB2,2209,0,1,0,1433,1434,C
1-PB2,2210,0,1,1440,0,1441,G
1-PB2,2211,1435,0,0,0,1435,A
1-PB2,2212,1434,0,0,0,1434,A
1-PB2,2213,1438,0,0,0,1438,A
1-PB2,2214,1430,0,1,1,1432,A
1-PB2,2215,2,1,0,1437,1440,C
1-PB2,2216,2,2,1424,0,1428,G
1-PB2,2217,1,0,1425,0,1426,G
1-PB2,2218,1,1,1420,0,1422,G
1-PB2,2219,1419,0,4,0,1423,A
1-PB2,2220,0,1,0,1439,1440,C
1-PB2,2221,0,1403,0,2,1405,T
1-PB2,2222,1,0,0,1432,1433,C
1-PB2,2223,0,1440,0,1,1441,T
1-PB2,2224,1438,0,0,0,1438,A
1-PB2,2225,0,0,1438,0,1438,G
1-PB2,2226,1,0,0,1402,1403,C
1-PB2,2227,1405,0,0,0,1405,A
1-PB2,2228,0,1383,0,0,1383,T
1-PB2,2229,1319,0,1,0,1320,A
1-PB2,2230,0,1,0,1334,1335,C
1-PB2,2231,0,1184,0,1,1185,T
1-PB2,2232,0,1177,0,1,1178,T
1-PB2,2233,1143,0,1,0,1144,A
1-PB2,2234,0,0,0,1140,1140,C
1-PB2,2235,0,1128,0,1,1129,T
1-PB2,2236,0,1,1125,0,1126,G
1-PB2,2237,1105,0,1,0,1106,A
1-PB2,2238,1,0,0,1102,1103,C
1-PB2,2239,1012,0,1,0,1013,A
1-PB2,2240,0,0,1013,0,1013,G
1-PB2,2241,0,0,0,1001,1001,C
1-PB2,2242,3,0,0,1006,1009,C
1-PB2,2243,998,0,2,0,1000,A
1-PB2,2244,0,0,999,0,999,G
1-PB2,2245,989,0,1,0,990,A
1-PB2,2246,1,0,0,991,992,C
1-PB2,2247,908,0,2,0,910,A
1-PB2,2248,0,0,905,0,905,G
1-PB2,2249,0,0,0,851,851,C
1-PB2,2250,0,0,859,0,859,G
1-PB2,2251,846,0,2,0,848,A
1-PB2,2252,0,0,0,842,842,C
1-PB2,2253,2,0,0,852,854,C
1-PB2,2254,855,0,0,0,855,A
1-PB2,2255,858,0,0,0,858,A
1-PB2,2256,853,0,1,0,854,A
1-PB2,2257,850,0,0,0,850,A
1-PB2,2258,0,1,848,0,849,G
1-PB2,2259,815,0,0,0,815,A
1-PB2,2260,815,0,0,0,815,A
1-PB2,2261,0,800,0,0,800,T
1-PB2,2262,1,799,0,0,800,T
1-PB2,2263,1,1,0,808,810,C
1-PB2,2264,0,0,798,0,798,G
1-PB2,2265,1,1,789,0,791,G
1-PB2,2266,793,0,0,0,793,A
1-PB2,2267,0,768,0,0,768,T
1-PB2,2268,0,0,767,0,767,G
1-PB2,2269,0,0,756,0,756,G
1-PB2,2270,0,0,0,756,756,C
1-PB2,2271,2,0,0,762,764,C
1-PB2,2272,761,0,1,0,762,A
1-PB2,2273,0,758,0,2,760,T
1-PB2,2274,0,2,0,754,756,C
1-PB2,2275,756,0,0,0,756,A
1-PB2,2276,753,0,0,0,753,A
1-PB2,2277,0,745,0,1,746,T
1-PB2,2278,0,661,0,0,661,T
1-PB2,2279,635,0,0,0,635,A
1-PB2,2280,623,0,0,0,623,A
2-PB1,1,290,0,0,0,290,A
2-PB1,2,0,290,0,0,290,T
2-PB1,3,0,0,298,0,298,G
2-PB1,4,1,0,311,0,312,G
2-PB1,5,354,0,0,0,354,A
2-PB1,6,0,387,0,0,387,T
2-PB1,7,0,0,394,0,394,G
2-PB1,8,1,391,0,0,392,T
2-PB1,9,0,1,0,447,448,C
2-PB1,10,450,0,0,0,450,A
2-PB1,11,484,0,0,0,484,A
2-PB1,12,0,483,0,0,483,T
2-PB1,13,0,0,0,487,487,C
2-PB1,14,0,0,0,491,491,C
2-PB1,15,1,4,490,0,495,G
2-PB1,16,510,0,1,0,511,A
2-PB1,17,0,0,0,515,515,C
2-PB1,18,0,517,0,0,517,T
2-PB1,19,0,0,0,519,519,C
2-PB1,20,0,518,0,0,518,T
2-PB1,21,0,0,518,0,518,G
2-PB1,22,0,0,0,515,515,C
2-PB1,23,1,516,0,0,517,T
2-PB1,24,518,1,0,0,519,A
2-PB1,25,0,694,0,0,694,T
2-PB1,26,0,691,0,0,691,T
2-PB1,27,1,0,0,688,689,C
2-PB1,28,1,0,0,689,690,C
2-PB1,29,0,830,0,0,830,T
2-PB1,30,837,0,0,0,837,A
2-PB1,31,833,0,0,0,833,A
2-PB1,32,837,0,1,0,838,A
2-PB1,33,0,1,843,0,844,G
2-PB1,34,0,1,843,0,844,G
2-PB1,35,0,841,0,1,842,T
2-PB1,36,0,846,0,2,848,T
2-PB1,37,1,0,0,849,850,C
2-PB1,38,1,0,0,854,855,C
2-PB1,39,855,0,3,0,858,A
2-PB1,40,0,1,865,0,866,G
2-PB1,41,0,0,0,870,870,C
2-PB1,42,1,0,870,0,871,G
2-PB1,43,0,0,0,882,882,C
2-PB1,44,881,0,0,0,881,A
2-PB1,45,881,0,0,0,881,A
2-PB1,46,883,0,0,0,883,A
2-PB1,47,888,0,0,0,888,A
2-PB1,48,0,892,0,0,892,T
2-PB1,49,0,1,925,0,926,G
2-PB1,50,0,0,0,939,939,C
2-PB1,51,1,0,0,947,948,C
2-PB1,52,946,0,1,0,947,A
2-PB1,53,0,953,0,0,953,T
2-PB1,54,1027,0,1,0,1028,A
2-PB1,55,1026,0,1,0,1027,A
2-PB1,56,0,0,1070,0,1070,G
2-PB1,57,0,0,0,1073,1073,C
2-PB1,58,1068,0,1,0,1069,A
2-PB1,59,1,1,0,1105,1107,C
2-PB1,60,1104,0,0,0,1104,A
2-PB1,61,1176,0,0,0,1176,A
2-PB1,62,0,0,0,1183,1183,C
2-PB1,63,1180,1,0,0,1181,A
2-PB1,64,0,1193,0,0,1193,T
2-PB1,65,0,1185,0,1,1186,T
2-PB1,66,2,1,0,1453,1456,C
2-PB1,67,0,0,0,1462,1462,C
2-PB1,68,2,0,0,1470,1472,C
2-PB1,69,0,1472,0,3,1475,T
2-PB1,70,0,1471,0,0,1471,T
2-PB1,71,1622,0,0,0,1622,A
2-PB1,72,0,1624,0,0,1624,T
2-PB1,73,1630,0,0,0,1630,A
2-PB1,74,0,0,0,1651,1651,C
2-PB1,75,0,1604,0,2,1606,T
2-PB1,76,0,0,1629,0,1629,G
2-PB1,77,1,5,1617,0,1623,G
2-PB1,78,1623,2,3,0,1628,A
2-PB1,79,1,2,1633,0,1636,G
2-PB1,80,1640,0,1,0,1641,A
2-PB1,81,0,1646,0,0,1646,T
2-PB1,82,1,1,0,1750,1752,C
2-PB1,83,0,3,0,1758,1761,C
2-PB1,84,0,1769,0,5,1774,T
2-PB1,85,1,0,0,1887,1888,C
2-PB1,86,0,1,0,1881,1882,C
2-PB1,87,1903,0,1,0,1904,A
2-PB1,88,0,1900,0,3,1903,T
2-PB1,89,1901,0,0,0,1901,A
2-PB1,90,0,1,0,1912,1913,C
2-PB1,91,1890,0,3,0,1893,A
2-PB1,92,0,0,1983,0,1983,G
2-PB1,93,0,1,0,1994,1995,C
2-PB1,94,0,1,0,1986,1987,C
2-PB1,95,1987,1,0,0,1988,A
2-PB1,96,0,1988,0,2,1990,T
2-PB1,97,1,1,1986,0,1988,G
2-PB1,98,0,6,2085,0,2091,G
2-PB1,99,2111,0,3,0,2114,A
2-PB1,100,2117,0,2,0,2119,A
2-PB1,101,1,0,0,2128,2129,C
2-PB1,102,2111,0,0,0,2111,A
2-PB1,103,1,1,2164,0,2166,G
2-PB1,104,0,5,2189,0,2194,G
2-PB1,105,2187,0,2,0,2189,A
2-PB1,106,2206,0,2,0,2208,A
2-PB1,107,0,1,0,2223,2224,C
2-PB1,108,2227,0,2,0,2229,A
2-PB1,109,0,1,2478,0,2479,G
2-PB1,110,2,5,2468,0,2475,G
2-PB1,111,0,1,2511,0,2512,G
2-PB1,112,2,2492,0,3,2497,T
2-PB1,113,2519,0,1,0,2520,A
2-PB1,114,1,0,0,2547,2548,C
2-PB1,115,2639,0,1,0,2640,A
2-PB1,116,0,1,0,2745,2746,C
2-PB1,117,1,0,0,2725,2726,C
2-PB1,118,2662,0,3,0,2665,A
2-PB1,119,0,2657,0,2,2659,T
2-PB1,120,2,5,2665,0,2672,G
2-PB1,121,0,5,2666,0,2671,G
2-PB1,122,2665,1,6,0,2672,A
2-PB1,123,0,0,0,2681,2681,C
2-PB1,124,2655,1,4,0,2660,A
2-PB1,125,0,1,0,2710,2711,C
2-PB1,126,2700,0,1,0,2701,A
2-PB1,127,1,1,2757,0,2759,G
2-PB1,128,0,2751,0,3,2754,T
2-PB1,129,1,1,0,2821,2823,C
2-PB1,130,2824,0,0,0,2824,A
2-PB1,131,2841,0,7,0,2848,A
2-PB1,132,1,2,0,2851,2854,C
2-PB1,133,2845,0,1,0,2846,A
2-PB1,134,2,6,2870,0,2878,G
2-PB1,135,2848,0,2,0,2850,A
2-PB1,136,2845,0,3,0,2848,A
2-PB1,137,0,0,0,2854,2854,C
2-PB1,138,2825,2,5,0,2832,A
2-PB1,139,0,1,0,2905,2906,C
2-PB1,140,2901,0,0,1,2902,A
2-PB1,141,0,1,0,3025,3026,C
2-PB1,142,4,0,0,3030,3034,C
2-PB1,143,3028,0,0,0,3028,A
2-PB1,144,3040,0,2,0,3042,A
2-PB1,145,1,3128,0,0,3129,T
2-PB1,146,3218,0,0,0,3218,A
2-PB1,147,0,3212,0,1,3213,T
2-PB1,148,0,3189,0,1,3190,T
2-PB1,149,3,0,0,3190,3193,C
2-PB1,150,3145,0,1,0,3146,A
2-PB1,151,0,3,3148,1,3152,G
2-PB1,152,3117,0,3,0,3120,A
2-PB1,153,0,2,3130,0,3132,G
2-PB1,154,3050,0,5,1,3056,A
2-PB1,155,2,2,3032,0,3036,G
2-PB1,156,0,5,3018,0,3023,G
2-PB1,157,1,3,3119,0,3123,G
2-PB1,158,0,3,3123,0,3126,G
2-PB1,159,0,3,3142,0,3145,G
2-PB1,160,3143,0,1,0,3144,A
2-PB1,161,3158,0,5,0,3163,A
2-PB1,162,3,0,3181,0,3184,G
2-PB1,163,0,3107,0,2,3109,T
2-PB1,164,3,5,3134,0,3142,G
2-PB1,165,0,3,3128,1,3132,G
2-PB1,166,3119,1,6,1,3127,A
2-PB1,167,0,0,0,3156,3156,C
2-PB1,168,1,8,3151,0,3160,G
2-PB1,169,3182,0,2,0,3184,A
2-PB1,170,0,1,0,3200,3201,C
2-PB1,171,3195,0,5,1,3201,A
2-PB1,172,3198,1,3,0,3202,A
2-PB1,173,3216,1,1,0,3218,A
2-PB1,174,0,3242,0,1,3243,T
2-PB1,175,3261,0,1,0,3262,A
2-PB1,176,2,0,1,3268,3271,C
2-PB1,177,3245,1,2,0,3248,A
2-PB1,178,0,4,3254,0,3258,G
2-PB1,179,3237,0,1,0,3238,A
2-PB1,180,3274,0,1,0,3275,A
2-PB1,181,3261,0,2,0,3263,A
2-PB1,182,0,0,0,3285,3285,C
2-PB1,183,0,3211,0,0,3211,T
2-PB1,184,1,6,3210,0,3217,G
2-PB1,185,0,2,3182,1,3185,G
2-PB1,186,1,4,3160,0,3165,G
2-PB1,187,5,0,3169,0,3174,G
2-PB1,188,2,1,0,3211,3214,C
2-PB1,189,3211,0,4,0,3215,A
2-PB1,190,1,0,0,3335,3336,C
2-PB1,191,4,0,0,3311,3315,C
2-PB1,192,7,2,0,3318,3327,C
2-PB1,193,8,0,0,3328,3336,C
2-PB1,194,3335,0,5,0,3340,A
2-PB1,195,3358,0,1,0,3359,A
2-PB1,196,0,0,0,3354,3354,C
2-PB1,197,0,3341,0,1,3342,T
2-PB1,198,5,0,0,3353,3358,C
2-PB1,199,3281,0,2,1,3284,A
2-PB1,200,3331,0,1,1,3333,A
2-PB1,201,0,1,0,3339,3340,C
2-PB1,202,5,2,0,3321,3328,C
2-PB1,203,3,0,0,3333,3336,C
2-PB1,204,3320,0,1,0,3321,A
2-PB1,205,3332,0,2,0,3334,A
2-PB1,206,0,3356,0,0,3356,T
2-PB1,207,0,3362,0,0,3362,T
2-PB1,208,1,4,3353,0,3358,G
2-PB1,209,3320,0,1,0,3321,A
2-PB1,210,0,3324,0,1,3325,T
2-PB1,211,2,2,3321,0,3325,G
2-PB1,212,1,7,3338,1,3347,G
2-PB1,213,3372,0,6,0,3378,A
2-PB1,214,1,3,0,3393,3397,C
2-PB1,215,5,1,0,3386,3392,C
2-PB1,216,3388,0,4,0,3392,A
2-PB1,217,0,1,0,3463,3464,C
2-PB1,218,1,3453,0,0,3454,T
2-PB1,219,3517,2,2,0,3521,A
2-PB1,220,0,0,0,3570,3570,C
2-PB1,221,3,0,0,3540,3543,C
2-PB1,222,0,3493,0,3,3496,T
2-PB1,223,2,3,3516,0,3521,G
2-PB1,224,3480,0,8,0,3488,A
2-PB1,225,3,2,3526,0,3531,G
2-PB1,226,1,5,3518,0,3524,G
2-PB1,227,3524,1,2,1,3528,A
2-PB1,228,0,3515,0,1,3516,T
2-PB1,229,3475,0,2,0,3477,A
2-PB1,230,3467,0,4,0,3471,A
2-PB1,231,1,3473,0,0,3474,T
2-PB1,232,4,8,3462,0,3474,G
2-PB1,233,3468,0,6,0,3474,A
2-PB1,234,3451,0,3,0,3454,A
2-PB1,235,0,0,0,3472,3472,C
2-PB1,236,2,0,0,3418,3420,C
2-PB1,237,3438,0,0,0,3438,A
2-PB1,238,3432,0,0,0,3432,A
2-PB1,239,2,0,3448,0,3450,G
2-PB1,240,0,3424,1,1,3426,T
2-PB1,241,0,0,3446,0,3446,G
2-PB1,242,0,2,3490,0,3492,G
2-PB1,243,3484,2,1,0,3487,A
2-PB1,244,0,3474,0,2,3476,T
2-PB1,245,3498,0,2,1,3501,A
2-PB1,246,0,3531,0,1,3532,T
2-PB1,247,3,0,3552,0,3555,G
2-PB1,248,0,0,0,3549,3549,C
2-PB1,249,3538,1,4,0,3543,A
2-PB1,250,0,0,0,3630,3630,C
2-PB1,251,3579,0,1,0,3580,A
2-PB1,252,3626,0,5,0,3631,A
2-PB1,253,3624,0,2,0,3626,A
2-PB1,254,0,1,0,3632,3633,C
2-PB1,255,3567,0,1,0,3568,A
2-PB1,256,1,3,3575,0,3579,G
2-PB1,257,3560,1,2,0,3563,A
2-PB1,258,0,0,0,3580,3580,C
2-PB1,259,1,3470,0,4,3475,T
2-PB1,260,1,1,3543,0,3545,G
2-PB1,261,0,3467,0,3,3470,T
2-PB1,262,3,0,3644,0,3647,G
2-PB1,263,0,3638,0,3,3641,T
2-PB1,264,2,1,0,3655,3658,C
2-PB1,265,2,2,0,3669,3673,C
2-PB1,266,0,3639,0,6,3645,T
2-PB1,267,1,6,3639,0,3646,G
2-PB1,268,0,4,3631,0,3635,G
2-PB1,269,3579,0,4,0,3583,A
2-PB1,270,1,3,3641,0,3645,G
2-PB1,271,2,0,3576,0,3578,G
2-PB1,272,2,1,0,3571,3574,C
2-PB1,273,0,3571,0,0,3571,T
2-PB1,274,3567,0,2,0,3569,A
2-PB1,275,0,3558,0,0,3558,T
2-PB1,276,0,2,3575,0,3577,G
2-PB1,277,0,0,3546,0,3546,G
2-PB1,278,0,1,0,3551,3552,C
2-PB1,279,3,1,0,3530,3534,C
2-PB1,280,0,3523,0,2,3525,T
2-PB1,281,1,3674,0,0,3675,T
2-PB1,282,3,2,0,3662,3667,C
2-PB1,283,3,0,0,3679,3682,C
2-PB1,284,0,3686,2,2,3690,T
2-PB1,285,0,3680,0,3,3683,T
2-PB1,286,4,4,3693,0,3701,G
2-PB1,287,3680,2,1,0,3683,A
2-PB1,288,3689,0,2,0,3691,A
2-PB1,289,0,4,3691,0,3695,G
2-PB1,290,3571,1,2,0,3574,A
2-PB1,291,3587,0,7,0,3594,A
2-PB1,292,0,3588,0,1,3589,T
2-PB1,293,3,2,0,3589,3594,C
2-PB1,294,4,1,0,3561,3566,C
2-PB1,295,6,0,0,3558,3564,C
2-PB1,296,3552,0,2,0,3554,A
2-PB1,297,2,1,0,3590,3593,C
2-PB1,298,6,1,0,3581,3588,C
2-PB1,299,9,0,0,3593,3602,C
2-PB1,300,3572,1,5,0,3578,A
2-PB1,301,0,1,3605,0,3606,G
2-PB1,302,2,0,3605,0,3607,G
2-PB1,303,1,3554,0,1,3556,T
2-PB1,304,3629,0,2,0,3631,A
2-PB1,305,0,3604,0,1,3605,T
2-PB1,306,3,3,0,3624,3630,C
2-PB1,307,0,3610,0,5,3615,T
2-PB1,308,0,3619,0,2,3621,T
2-PB1,309,1,3622,0,3,3626,T
2-PB1,310,1,11,3606,0,3618,G
2-PB1,311,3580,1,12,0,3593,A
2-PB1,312,7,11,3572,0,3590,G
2-PB1,313,3551,0,2,0,3553,A
2-PB1,314,3564,1,2,0,3567,A
2-PB1,315,3,0,0,3599,3602,C
2-PB1,316,0,3565,1,4,3570,T
2-PB1,317,3,0,0,3582,3585,C
2-PB1,318,3579,0,3,0,3582,A
2-PB1,319,2,3568,0,4,3574,T
2-PB1,320,2,2,3578,0,3582,G
2-PB1,321,0,1,0,3628,3629,C
2-PB1,322,2,0,0,3634,3636,C
2-PB1,323,0,3616,0,5,3621,T
2-PB1,324,0,3590,0,2,3592,T
2-PB1,325,0,3,3604,0,3607,G
2-PB1,326,3602,0,0,0,3602,A
2-PB1,327,3613,1,2,0,3616,A
2-PB1,328,3602,0,5,0,3607,A
2-PB1,329,0,1,1,3641,3643,C
2-PB1,330,3572,0,0,0,3572,A
2-PB1,331,3578,0,0,0,3578,A
2-PB1,332,0,3583,1,1,3585,T
2-PB1,333,2,4,3582,0,3588,G
2-PB1,334,2,2,3564,0,3568,G
2-PB1,335,3513,0,5,0,3518,A
2-PB1,336,3514,0,3,0,3517,A
2-PB1,337,3,0,3523,0,3526,G
2-PB1,338,2,0,0,3524,3526,C
2-PB1,339,3,0,0,3487,3490,C
2-PB1,340,4,1,3529,0,3534,G
2-PB1,341,0,3511,0,2,3513,T
2-PB1,342,2,3508,0,3,3513,T
2-PB1,343,10,2,0,3538,3550,C
2-PB1,344,3541,0,1,1,3543,A
2-PB1,345,3590,0,1,1,3592,A
2-PB1,346,1,4,0,3594,3599,C
2-PB1,347,3604,1,4,0,3609,A
2-PB1,348,2,4,3629,0,3635,G
2-PB1,349,3586,0,5,0,3591,A
2-PB1,350,1,0,0,3608,3609,C
2-PB1,351,3612,0,1,0,3613,A
2-PB1,352,3620,0,4,0,3624,A
2-PB1,353,0,3,3645,0,3648,G
2-PB1,354,0,2,3606,0,3608,G
2-PB1,355,5,2,3606,0,3613,G
2-PB1,356,1,3458,1,1,3461,T
2-PB1,357,1,7,3518,0,3526,G
2-PB1,358,0,6,3518,0,3524,G
2-PB1,359,3502,1,13,1,3517,A
2-PB1,360,0,0,0,3540,3540,C
2-PB1,361,3489,0,1,0,3490,A
2-PB1,362,3528,0,2,0,3530,A
2-PB1,363,3531,0,0,0,3531,A
2-PB1,364,2,0,0,3537,3539,C
2-PB1,365,0,3517,0,2,3519,T
2-PB1,366,3532,0,2,1,3535,A
2-PB1,367,3505,0,1,1,3507,A
2-PB1,368,0,1,0,3552,3553,C
2-PB1,369,0,0,0,3547,3547,C
2-PB1,370,4,1,0,3559,3564,C
2-PB1,371,3479,0,4,0,3483,A
2-PB1,372,3467,0,3,0,3470,A
2-PB1,373,0,2,3463,0,3465,G
2-PB1,374,2,0,3468,0,3470,G
2-PB1,375,0,3396,0,2,3398,T
2-PB1,376,8,2,0,3426,3436,C
2-PB1,377,4,1,3424,0,3429,G
2-PB1,378,2,4,0,3406,3412,C
2-PB1,379,3,0,0,3450,3453,C
2-PB1,380,3449,0,0,0,3449,A
2-PB1,381,1,3,3502,0,3506,G
2-PB1,382,3516,0,4,1,3521,A
2-PB1,383,0,1,0,3547,3548,C
2-PB1,384,1,3520,1,4,3526,T
2-PB1,385,0,3532,0,0,3532,T
2-PB1,386,3532,0,0,2,3534,A
2-PB1,387,2,3529,0,4,3535,T
2-PB1,388,0,6,3535,1,3542,G
2-PB1,389,3519,1,1,0,3521,A
2-PB1,390,0,3470,0,2,3472,T
2-PB1,391,0,3376,0,0,3376,T
2-PB1,392,1,3,3353,0,3357,G
2-PB1,393,0,6,3343,0,3349,G
2-PB1,394,3389,0,3,0,3392,A
2-PB1,395,1,0,0,3388,3389,C
2-PB1,396,3353,0,0,0,3353,A
2-PB1,397,0,3321,0,1,3322,T
2-PB1,398,0,3354,0,0,3354,T
2-PB1,399,3381,0,0,0,3381,A
2-PB1,400,3364,0,1,0,3365,A
2-PB1,401,3370,0,1,0,3371,A
2-PB1,402,0,0,0,3374,3374,C
2-PB1,403,3329,0,2,1,3332,A
2-PB1,404,0,1,3338,0,3339,G
2-PB1,405,3323,0,3,1,3327,A
2-PB1,406,3327,1,3,0,3331,A
2-PB1,407,3332,0,3,0,3335,A
2-PB1,408,0,3283,0,3,3286,T
2-PB1,409,5,1,0,3317,3323,C
2-PB1,410,3319,0,0,1,3320,A
2-PB1,411,3019,0,280,0,3299,A
2-PB1,412,0,1,0,3300,3301,C
2-PB1,413,3,0,0,3297,3300,C
2-PB1,414,2,0,3284,0,3286,G
2-PB1,415,5,0,3269,0,3274,G
2-PB1,416,1,1,0,3281,3283,C
2-PB1,417,3276,0,2,1,3279,A
2-PB1,418,1,0,3263,0,3264,G
2-PB1,419,2,0,0,3292,3294,C
2-PB1,420,3301,0,2,0,3303,A
2-PB1,421,3301,1,3,0,3305,A
2-PB1,422,4,1,0,3307,3312,C
2-PB1,423,1,3275,0,3,3279,T
2-PB1,424,1,2,3383,0,3386,G
2-PB1,425,0,0,0,3386,3386,C
2-PB1,426,3383,1,0,0,3384,A
2-PB1,427,1,3371,0,1,3373,T
2-PB1,428,0,3325,0,0,3325,T
2-PB1,429,3481,0,4,2,3487,A
2-PB1,430,0,0,3456,0,3456,G
2-PB1,431,0,1,1,3434,3436,C
2-PB1,432,4,1,0,3457,3462,C
2-PB1,433,3375,0,3,0,3378,A
2-PB1,434,3388,0,3,0,3391,A
2-PB1,435,1,0,0,3427,3428,C
2-PB1,436,3393,1,2,0,3396,A
2-PB1,437,1,0,0,3500,3501,C
2-PB1,438,3,0,0,3291,3294,C
2-PB1,439,3275,0,4,0,3279,A
2-PB1,440,1,3264,0,5,3270,T
2-PB1,441,3290,0,1,0,3291,A
2-PB1,442,0,2,3275,0,3277,G
2-PB1,443,3258,2,0,0,3260,A
2-PB1,444,3213,0,3,0,3216,A
2-PB1,445,1,0,3225,0,3226,G
2-PB1,446,0,3142,0,1,3143,T
2-PB1,447,1,3150,0,0,3151,T
2-PB1,448,1,3164,0,2,3167,T
2-PB1,449,0,3175,0,1,3176,T
2-PB1,450,0,3172,0,0,3172,T
2-PB1,451,3163,0,1,0,3164,A
2-PB1,452,0,0,3164,0,3164,G
2-PB1,453,3145,0,1,0,3146,A
2-PB1,454,1,3127,0,1,3129,T
2-PB1,455,6,2,0,3101,3109,C
2-PB1,456,2,5,3103,0,3110,G
2-PB1,457,3092,0,2,0,3094,A
2-PB1,458,3099,0,4,0,3103,A
2-PB1,459,1,1,1,3135,3138,C
2-PB1,460,2,2,3121,0,3125,G
2-PB1,461,2,4,3261,0,3267,G
2-PB1,462,3252,0,1,0,3253,A
2-PB1,463,0,3249,0,0,3249,T
2-PB1,464,0,3266,0,1,3267,T
2-PB1,465,3242,1,7,0,3250,A
2-PB1,466,3238,0,6,0,3244,A
2-PB1,467,1,2,0,3266,3269,C
2-PB1,468,3251,0,1,0,3252,A
2-PB1,469,0,0,3266,0,3266,G
2-PB1,470,3,0,0,3150,3153,C
2-PB1,471,0,3135,1,4,3140,T
2-PB1,472,3158,0,1,0,3159,A
2-PB1,473,3150,0,2,1,3153,A
2-PB1,474,0,3155,0,0,3155,T
2-PB1,475,1,4,3163,0,3168,G
2-PB1,476,3155,1,2,0,3158,A
2-PB1,477,3157,0,3,0,3160,A
2-PB1,478,0,3109,0,2,3111,T
2-PB1,479,3,1,0,3136,3140,C
2-PB1,480,3104,1,4,0,3109,A
2-PB1,481,0,1,3097,0,3098,G
2-PB1,482,2,2,3083,0,3087,G
2-PB1,483,3085,0,4,0,3089,A
2-PB1,484,3044,0,4,0,3048,A
2-PB1,485,2,1,3131,0,3134,G
2-PB1,486,1,0,3115,0,3116,G
2-PB1,487,3,0,0,3137,3140,C
2-PB1,488,0,3139,0,5,3144,T
2-PB1,489,3144,0,1,0,3145,A
2-PB1,490,3143,0,6,0,3149,A
2-PB1,491,0,3150,0,0,3150,T
2-PB1,492,3150,0,2,0,3152,A
2-PB1,493,0,4,3161,0,3165,G
2-PB1,494,2960,0,0,0,2960,A
2-PB1,495,0,2937,1,5,2943,T
2-PB1,496,0,2923,0,1,2924,T
2-PB1,497,0,2888,0,1,2889,T
2-PB1,498,3,1,0,2970,2974,C
2-PB1,499,1,2,1,2978,2982,C
2-PB1,500,1,2948,0,5,2954,T
2-PB1,501,0,2,0,3006,3008,C
2-PB1,502,2991,0,1,0,2992,A
2-PB1,503,3007,0,0,0,3007,A
2-PB1,504,3,3,3008,0,3014,G
2-PB1,505,1,2,3045,0,3048,G
2-PB1,506,3043,0,3,0,3046,A
2-PB1,507,0,2961,0,2,2963,T
2-PB1,508,1,0,2992,0,2993,G
2-PB1,509,0,2977,1,5,2983,T
2-PB1,510,1,6,3009,0,3016,G
2-PB1,511,3004,0,5,0,3009,A
2-PB1,512,0,2995,1,2,2998,T
2-PB1,513,1,4,2977,0,2982,G
2-PB1,514,0,8,2952,0,2960,G
2-PB1,515,2972,1,2,0,2975,A
2-PB1,516,2971,0,4,0,2975,A
2-PB1,517,0,2902,0,4,2906,T
2-PB1,518,5,2,0,2921,2928,C
2-PB1,519,2906,0,0,0,2906,A
2-PB1,520,2901,0,1,0,2902,A
2-PB1,521,0,2909,0,6,2915,T
2-PB1,522,0,3,2936,1,2940,G
2-PB1,523,7,2,2944,0,2953,G
2-PB1,524,2928,0,2,0,2930,A
2-PB1,525,0,2938,0,0,2938,T
2-PB1,526,2937,0,0,0,2937,A
2-PB1,527,2924,0,2,0,2926,A
2-PB1,528,2923,0,1,0,2924,A
2-PB1,529,2,2,2939,0,2943,G
2-PB1,530,2916,0,4,0,2920,A
2-PB1,531,0,6,2897,0,2903,G
2-PB1,532,0,1,2879,0,2880,G
2-PB1,533,2868,1,2,0,2871,A
2-PB1,534,2883,0,2,0,2885,A
2-PB1,535,2895,0,1,0,2896,A
2-PB1,536,0,2891,1,0,2892,T
2-PB1,537,1,4,2931,0,2936,G
2-PB1,538,0,1,2931,0,2932,G
2-PB1,539,2892,1,3,0,2896,A
2-PB1,540,2,2,2927,0,2931,G
2-PB1,541,2904,0,3,0,2907,A
2-PB1,542,0,2950,0,0,2950,T
2-PB1,543,2955,0,1,0,2956,A
2-PB1,544,2973,0,0,0,2973,A
2-PB1,545,0,1,0,2985,2986,C
2-PB1,546,2946,0,1,0,2947,A
2-PB1,547,2950,1,2,0,2953,A
2-PB1,548,1,0,0,2948,2949,C
2-PB1,549,2917,0,5,0,2922,A
2-PB1,550,0,0,0,2935,2935,C
2-PB1,551,2863,1,2,0,2866,A
2-PB1,552,0,0,0,2898,2898,C
2-PB1,553,0,2869,1,4,2874,T
2-PB1,554,0,2865,1,1,2867,T
2-PB1,555,0,2868,0,1,2869,T
2-PB1,556,3,0,0,2888,2891,C
2-PB1,557,2892,0,0,0,2892,A
2-PB1,558,2887,0,2,1,2890,A
2-PB1,559,2893,0,2,0,2895,A
2-PB1,560,0,2,2929,0,2931,G
2-PB1,561,2891,0,0,0,2891,A
2-PB1,562,2896,0,0,0,2896,A
2-PB1,563,2896,0,3,0,2899,A
2-PB1,564,2906,0,2,0,2908,A
2-PB1,565,2894,0,10,0,2904,A
2-PB1,566,0,1,2909,0,2910,G
2-PB1,567,0,8,2902,0,2910,G
2-PB1,568,2881,1,2,0,2884,A
2-PB1,569,1,4,2910,0,2915,G
2-PB1,570,2900,0,8,0,2908,A
2-PB1,571,1,1,2990,0,2992,G
2-PB1,572,0,2979,0,1,2980,T
2-PB1,573,3005,0,1,0,3006,A
2-PB1,574,3004,0,9,0,3013,A
2-PB1,575,3,2,2989,0,2994,G
2-PB1,576,2,2,2987,0,2991,G
2-PB1,577,1,1,2980,0,2982,G
2-PB1,578,2973,1,4,0,2978,A
2-PB1,579,3,3,0,2989,2995,C
2-PB1,580,2912,0,1,0,2913,A
2-PB1,581,2925,0,4,0,2929,A
2-PB1,582,0,0,0,2920,2920,C
2-PB1,583,2917,0,1,0,2918,A
2-PB1,584,0,2857,1,0,2858,T
2-PB1,585,1,11,2836,0,2848,G
2-PB1,586,2839,0,5,0,2844,A
2-PB1,587,0,1,0,2819,2820,C
2-PB1,588,4,1,0,2792,2797,C
2-PB1,589,2816,0,0,0,2816,A
2-PB1,590,2811,1,0,0,2812,A
2-PB1,591,0,3,2834,0,2837,G
2-PB1,592,2833,0,0,0,2833,A
2-PB1,593,2832,0,1,0,2833,A
2-PB1,594,2817,0,0,0,2817,A
2-PB1,595,2811,0,0,0,2811,A
2-PB1,596,2,2795,0,1,2798,T
2-PB1,597,0,4,2813,0,2817,G
2-PB1,598,0,1,2803,0,2804,G
2-PB1,599,0,2776,0,2,2778,T
2-PB1,600,9,1,0,2769,2779,C
2-PB1,601,2781,0,2,1,2784,A
2-PB1,602,0,2,0,2942,2944,C
2-PB1,603,2983,0,2,0,2985,A
2-PB1,604,0,2,0,3001,3003,C
2-PB1,605,3000,0,2,0,3002,A
2-PB1,606,3073,0,2,1,3076,A
2-PB1,607,3056,2,4,1,3063,A
2-PB1,608,2,6,3203,1,3212,G
2-PB1,609,3214,0,2,0,3216,A
2-PB1,610,3227,0,4,0,3231,A
2-PB1,611,0,0,0,3288,3288,C
2-PB1,612,3227,0,1,0,3228,A
2-PB1,613,3255,0,2,0,3257,A
2-PB1,614,1,3219,1,0,3221,T
2-PB1,615,3213,0,4,0,3217,A
2-PB1,616,2,7,3195,0,3204,G
2-PB1,617,1,7,3124,1,3133,G
2-PB1,618,1,3,3136,0,3140,G
2-PB1,619,3122,0,1,0,3123,A
2-PB1,620,3101,1,4,1,3107,A
2-PB1,621,1,4,3120,0,3125,G
2-PB1,622,3105,0,0,1,3106,A
2-PB1,623,3122,0,0,0,3122,A
2-PB1,624,3144,0,0,0,3144,A
2-PB1,625,3168,0,1,0,3169,A
2-PB1,626,3216,0,4,0,3220,A
2-PB1,627,3213,0,6,0,3219,A
2-PB1,628,1,0,0,3219,3220,C
2-PB1,629,3224,0,1,0,3225,A
2-PB1,630,3224,0,0,0,3224,A
2-PB1,631,3188,1,8,0,3197,A
2-PB1,632,1,11,3239,0,3251,G
2-PB1,633,3262,0,1,0,3263,A
2-PB1,634,0,0,3364,0,3364,G
2-PB1,635,0,3279,0,2,3281,T
2-PB1,636,0,9,3758,0,3767,G
2-PB1,637,3786,0,5,0,3791,A
2-PB1,638,3794,1,1,0,3796,A
2-PB1,639,0,3851,0,0,3851,T
2-PB1,640,3863,0,1,0,3864,A
2-PB1,641,3864,0,4,0,3868,A
2-PB1,642,4,5,3853,0,3862,G
2-PB1,643,3775,1,7,0,3783,A
2-PB1,644,1,2,3784,0,3787,G
2-PB1,645,3593,0,7,0,3600,A
2-PB1,646,0,8,3600,1,3609,G
2-PB1,647,0,1,3599,0,3600,G
2-PB1,648,1,1,0,3586,3588,C
2-PB1,649,0,3587,0,3,3590,T
2-PB1,650,3693,2,2,0,3697,A
2-PB1,651,0,3,0,3866,3869,C
2-PB1,652,7,0,0,3892,3899,C
2-PB1,653,0,3892,0,3,3895,T
2-PB1,654,4009,0,0,0,4009,A
2-PB1,655,3995,0,1,0,3996,A
2-PB1,656,0,4004,0,3,4007,T
2-PB1,657,3997,1,2,0,4000,A
2-PB1,658,3984,0,2,0,3986,A
2-PB1,659,1,9,3954,0,3964,G
2-PB1,660,3825,0,10,0,3835,A
2-PB1,661,3,1,3844,0,3848,G
2-PB1,662,0,0,0,3866,3866,C
2-PB1,663,0,3795,0,7,3802,T
2-PB1,664,0,3823,0,1,3824,T
2-PB1,665,0,3828,0,3,3831,T
2-PB1,666,3,6,3831,0,3840,G
2-PB1,667,3874,1,7,0,3882,A
2-PB1,668,0,2,0,3884,3886,C
2-PB1,669,3896,0,0,0,3896,A
2-PB1,670,0,3866,0,5,3871,T
2-PB1,671,0,3854,1,4,3859,T
2-PB1,672,0,11,3907,0,3918,G
2-PB1,673,3918,0,7,0,3925,A
2-PB1,674,3919,0,5,0,3924,A
2-PB1,675,0,2,0,3911,3913,C
2-PB1,676,3901,0,3,0,3904,A
2-PB1,677,0,0,0,3902,3902,C
2-PB1,678,5,1,3892,0,3898,G
2-PB1,679,3892,0,3,0,3895,A
2-PB1,680,0,3919,1,2,3922,T
2-PB1,681,2,16,3930,0,3948,G
2-PB1,682,3958,0,6,0,3964,A
2-PB1,683,0,2,0,3972,3974,C
2-PB1,684,10,0,0,3967,3977,C
2-PB1,685,3992,0,3,0,3995,A
2-PB1,686,4024,1,2,1,4028,A
2-PB1,687,4017,2,6,0,4025,A
2-PB1,688,4,6,4104,1,4115,G
2-PB1,689,4141,0,6,1,4148,A
2-PB1,690,0,4089,0,5,4094,T
2-PB1,691,4,1,4107,1,4113,G
2-PB1,692,2,4,0,4072,4078,C
2-PB1,693,4101,0,9,1,4111,A
2-PB1,694,0,2,4129,0,4131,G
2-PB1,695,4092,0,3,0,4095,A
2-PB1,696,1,6,4098,0,4105,G
2-PB1,697,3997,0,3,1,4001,A
2-PB1,698,0,2,3964,0,3966,G
2-PB1,699,3919,0,10,0,3929,A
2-PB1,700,1,3,3930,0,3934,G
2-PB1,701,2,0,3921,0,3923,G
2-PB1,702,0,0,0,3934,3934,C
2-PB1,703,3911,0,1,0,3912,A
2-PB1,704,3908,0,1,0,3909,A
2-PB1,705,3937,0,1,0,3938,A
2-PB1,706,0,3955,0,0,3955,T
2-PB1,707,0,3954,1,0,3955,T
2-PB1,708,3968,2,1,0,3971,A
2-PB1,709,3951,1,2,0,3954,A
2-PB1,710,3961,0,2,0,3963,A
2-PB1,711,3965,0,2,0,3967,A
2-PB1,712,3957,1,0,0,3958,A
2-PB1,713,1,3,3954,0,3958,G
2-PB1,714,3931,0,1,0,3932,A
2-PB1,715,3911,0,5,0,3916,A
2-PB1,716,2,6,3951,0,3959,G
2-PB1,717,1,2,4032,0,4035,G
2-PB1,718,2,3,4018,0,4023,G
2-PB1,719,1,1,0,4064,4066,C
2-PB1,720,1,4063,0,1,4065,T
2-PB1,721,4111,0,0,0,4111,A
2-PB1,722,0,4152,1,7,4160,T
2-PB1,723,0,4160,1,0,4161,T
2-PB1,724,1,1,4192,0,4194,G
2-PB1,725,2,3,0,4146,4151,C
2-PB1,726,4073,1,14,0,4088,A
2-PB1,727,4084,0,5,0,4089,A
2-PB1,728,1,2,0,4061,4064,C
2-PB1,729,4037,0,2,0,4039,A
2-PB1,730,2,2,0,4049,4053,C
2-PB1,731,10,1,0,3985,3996,C
2-PB1,732,3,2,0,3990,3995,C
2-PB1,733,2,7,3982,0,3991,G
2-PB1,734,1,2,3997,0,4000,G
2-PB1,735,0,0,3999,0,3999,G
2-PB1,736,4009,0,5,0,4014,A
2-PB1,737,0,3989,1,0,3990,T
2-PB1,738,1,0,4026,0,4027,G
2-PB1,739,1,0,0,4005,4006,C
2-PB1,740,4064,0,4,1,4069,A
2-PB1,741,4129,0,5,0,4134,A
2-PB1,742,4156,0,0,0,4156,A
2-PB1,743,0,4142,2,1,4145,T
2-PB1,744,0,4148,0,2,4150,T
2-PB1,745,4125,0,1,0,4126,A
2-PB1,746,1,1,4123,0,4125,G
2-PB1,747,4070,2,11,1,4084,A
2-PB1,748,0,5,4101,0,4106,G
2-PB1,749,1,3,4035,0,4039,G
2-PB1,750,1,1,4112,0,4114,G
2-PB1,751,0,4065,1,5,4071,T
2-PB1,752,1,4085,0,5,4091,T
2-PB1,753,10,1,0,4090,4101,C
2-PB1,754,1,2,4141,0,4144,G
2-PB1,755,0,4133,0,7,4140,T
2-PB1,756,3,3,4147,0,4153,G
2-PB1,757,1,4129,0,5,4135,T
2-PB1,758,4110,0,2,0,4112,A
2-PB1,759,0,3,0,4106,4109,C
2-PB1,760,1,3925,0,2,3928,T
2-PB1,761,0,3944,0,0,3944,T
2-PB1,762,6,2,0,3911,3919,C
2-PB1,763,4,0,3887,0,3891,G
2-PB1,764,0,3885,0,3,3888,T
2-PB1,765,0,3879,0,7,3886,T
2-PB1,766,1,3,3882,0,3886,G
2-PB1,767,3866,0,2,0,3868,A
2-PB1,768,3881,0,3,0,3884,A
2-PB1,769,3901,1,1,1,3904,A
2-PB1,770,0,0,0,3919,3919,C
2-PB1,771,0,3887,0,0,3887,T
2-PB1,772,0,3878,0,2,3880,T
2-PB1,773,0,3880,0,2,3882,T
2-PB1,774,3953,0,3,0,3956,A
2-PB1,775,0,2,3957,0,3959,G
2-PB1,776,0,0,0,3968,3968,C
2-PB1,777,0,3965,0,4,3969,T
2-PB1,778,3945,0,4,0,3949,A
2-PB1,779,0,4,3941,0,3945,G
2-PB1,780,3930,1,2,0,3933,A
2-PB1,781,3937,0,4,0,3941,A
2-PB1,782,1,0,3949,0,3950,G
2-PB1,783,0,1,0,3859,3860,C
2-PB1,784,3873,0,1,0,3874,A
2-PB1,785,0,3862,0,0,3862,T
2-PB1,786,0,3870,1,2,3873,T
2-PB1,787,0,3865,0,2,3867,T
2-PB1,788,1,1,3874,1,3877,G
2-PB1,789,0,2,0,3865,3867,C
2-PB1,790,2,4,3877,0,3883,G
2-PB1,791,3868,0,1,0,3869,A
2-PB1,792,3859,0,2,0,3861,A
2-PB1,793,3866,0,0,0,3866,A
2-PB1,794,3940,0,3,0,3943,A
2-PB1,795,2,1,3984,0,3987,G
2-PB1,796,1,0,0,3991,3992,C
2-PB1,797,0,3984,1,6,3991,T
2-PB1,798,0,3999,0,3,4002,T
2-PB1,799,2,10,3990,0,4002,G
2-PB1,800,4001,0,8,0,4009,A
2-PB1,801,3998,1,4,1,4004,A
2-PB1,802,0,2,0,4022,4024,C
2-PB1,803,3947,0,3,0,3950,A
2-PB1,804,1,1,4238,0,4240,G
2-PB1,805,1,4185,0,1,4187,T
2-PB1,806,3,1,0,4210,4214,C
2-PB1,807,0,4210,0,4,4214,T
2-PB1,808,2,7,4211,0,4220,G
2-PB1,809,2,4,4201,0,4207,G
2-PB1,810,4210,0,3,0,4213,A
2-PB1,811,0,0,0,4244,4244,C
2-PB1,812,0,4146,0,9,4155,T
2-PB1,813,1,3957,0,3,3961,T
2-PB1,814,2,2,1,3950,3955,C
2-PB1,815,2,4,0,3954,3960,C
2-PB1,816,1,3,3989,0,3993,G
2-PB1,817,24,1,3970,0,3995,G
2-PB1,818,0,3946,0,4,3950,T
2-PB1,819,0,3974,0,2,3976,T
2-PB1,820,4,7,3946,0,3957,G
2-PB1,821,1,3,3968,0,3972,G
2-PB1,822,1,3,3992,0,3996,G
2-PB1,823,2,2,3992,0,3996,G
2-PB1,824,2,0,4011,0,4013,G
2-PB1,825,0,3962,0,4,3966,T
2-PB1,826,3989,0,1,0,3990,A
2-PB1,827,4013,0,3,0,4016,A
2-PB1,828,0,4024,0,3,4027,T
2-PB1,829,2,7,4033,0,4042,G
2-PB1,830,3993,0,2,0,3995,A
2-PB1,831,3935,0,7,0,3942,A
2-PB1,832,3953,0,1,0,3954,A
2-PB1,833,3930,1,5,0,3936,A
2-PB1,834,1,0,3935,0,3936,G
2-PB1,835,3894,0,0,0,3894,A
2-PB1,836,3854,0,5,0,3859,A
2-PB1,837,0,1,3858,0,3859,G
2-PB1,838,4,0,3815,0,3819,G
2-PB1,839,0,0,0,3824,3824,C
2-PB1,840,7,1,0,3831,3839,C
2-PB1,841,3856,0,3,0,3859,A
2-PB1,842,3855,0,2,0,3857,A
2-PB1,843,3850,0,3,0,3853,A
2-PB1,844,1,0,0,3864,3865,C
2-PB1,845,0,3853,0,5,3858,T
2-PB1,846,1,5,3892,0,3898,G
2-PB1,847,2,0,3887,1,3890,G
2-PB1,848,0,1,0,3900,3901,C
2-PB1,849,3900,1,3,1,3905,A
2-PB1,850,3887,0,2,1,3890,A
2-PB1,851,3902,1,2,0,3905,A
2-PB1,852,0,3917,0,0,3917,T
2-PB1,853,0,0,3928,0,3928,G
2-PB1,854,1,3909,0,5,3915,T
2-PB1,855,0,3851,0,0,3851,T
2-PB1,856,2,0,3851,0,3853,G
2-PB1,857,0,3824,0,3,3827,T
2-PB1,858,0,4,3851,0,3855,G
2-PB1,859,3851,1,3,0,3855,A
2-PB1,860,0,1,3870,0,3871,G
2-PB1,861,3847,0,2,0,3849,A
2-PB1,862,3837,1,1,1,3840,A
2-PB1,863,3829,0,4,0,3833,A
2-PB1,864,3836,1,1,0,3838,A
2-PB1,865,3847,0,2,0,3849,A
2-PB1,866,0,3838,0,5,3843,T
2-PB1,867,4,4,3846,0,3854,G
2-PB1,868,3839,0,8,0,3847,A
2-PB1,869,1,3800,0,1,3802,T
2-PB1,870,5,16,3805,0,3826,G
2-PB1,871,3806,0,5,2,3813,A
2-PB1,872,0,1,0,3841,3842,C
2-PB1,873,0,3840,1,7,3848,T
2-PB1,874,3854,0,1,0,3855,A
2-PB1,875,3876,0,3,0,3879,A
2-PB1,876,0,3861,1,1,3863,T
2-PB1,877,0,3896,0,5,3901,T
2-PB1,878,2,1,0,3921,3924,C
2-PB1,879,3903,0,2,0,3905,A
2-PB1,880,0,0,0,3925,3925,C
2-PB1,881,3861,0,3,0,3864,A
2-PB1,882,3865,0,6,0,3871,A
2-PB1,883,2,2,3880,0,3884,G
2-PB1,884,3910,1,4,0,3915,A
2-PB1,885,0,0,0,3913,3913,C
2-PB1,886,3888,0,1,0,3889,A
2-PB1,887,0,0,0,3886,3886,C
2-PB1,888,3837,0,4,0,3841,A
2-PB1,889,1,5,3860,0,3866,G
2-PB1,890,3854,0,4,1,3859,A
2-PB1,891,1,0,3860,0,3861,G
2-PB1,892,0,0,0,3843,3843,C
2-PB1,893,0,3787,0,10,3797,T
2-PB1,894,0,3840,0,3,3843,T
2-PB1,895,0,3820,0,5,3825,T
2-PB1,896,2,0,0,3861,3863,C
2-PB1,897,0,3839,1,5,3845,T
2-PB1,898,0,3826,0,4,3830,T
2-PB1,899,0,3820,0,8,3828,T
2-PB1,900,3,1,0,3840,3844,C
2-PB1,901,3823,0,3,0,3826,A
2-PB1,902,0,1,1,3857,3859,C
2-PB1,903,3809,0,4,0,3813,A
2-PB1,904,3814,0,6,0,3820,A
2-PB1,905,1,3835,0,5,3841,T
2-PB1,906,8,1,0,3889,3898,C
2-PB1,907,3900,1,2,0,3903,A
2-PB1,908,1,2,0,3931,3934,C
2-PB1,909,0,3905,0,5,3910,T
2-PB1,910,3,3,3941,0,3947,G
2-PB1,911,3,8,3916,0,3927,G
2-PB1,912,2,4,3997,0,4003,G
2-PB1,913,0,6,3989,0,3995,G
2-PB1,914,3913,1,8,0,3922,A
2-PB1,915,2,2,0,3788,3792,C
2-PB1,916,3825,0,9,0,3834,A
2-PB1,917,4027,0,4,1,4032,A
2-PB1,918,0,0,0,4083,4083,C
2-PB1,919,4049,0,4,0,4053,A
2-PB1,920,1,0,0,4073,4074,C
2-PB1,921,0,3915,0,2,3917,T
2-PB1,922,3944,0,0,0,3944,A
2-PB1,923,3930,0,7,0,3937,A
2-PB1,924,3,0,3954,0,3957,G
2-PB1,925,1,3912,0,2,3915,T
2-PB1,926,3,4,3645,0,3652,G
2-PB1,927,2,1,3608,0,3611,G
2-PB1,928,3598,0,1,0,3599,A
2-PB1,929,3606,0,4,0,3610,A
2-PB1,930,0,3603,0,1,3604,T
2-PB1,931,2,2,3597,0,3601,G
2-PB1,932,3597,0,0,0,3597,A
2-PB1,933,3555,0,2,0,3557,A
2-PB1,934,3569,0,1,0,3570,A
2-PB1,935,3587,0,2,0,3589,A
2-PB1,936,0,3554,0,1,3555,T
2-PB1,937,9,1,0,3565,3575,C
2-PB1,938,3573,0,1,0,3574,A
2-PB1,939,3570,0,3,0,3573,A
2-PB1,940,3552,0,3,1,3556,A
2-PB1,941,3537,0,3,1,3541,A
2-PB1,942,0,0,0,3578,3578,C
2-PB1,943,4,0,0,3559,3563,C
2-PB1,944,6,1,0,3544,3551,C
2-PB1,945,0,3541,0,1,3542,T
2-PB1,946,4,1,1,3559,3565,C
2-PB1,947,4,5,3561,0,3570,G
2-PB1,948,3552,0,1,0,3553,A
2-PB1,949,3546,2,2,0,3550,A
2-PB1,950,0,3561,0,1,3562,T
2-PB1,951,3,0,3573,0,3576,G
2-PB1,952,0,3536,3,3,3542,T
2-PB1,953,0,3538,0,2,3540,T
2-PB1,954,0,3554,0,1,3555,T
2-PB1,955,0,3541,0,2,3543,T
2-PB1,956,0,3552,0,0,3552,T
2-PB1,957,1,2,3541,0,3544,G
2-PB1,958,1,3,3506,0,3510,G
2-PB1,959,1,2,0,3504,3507,C
2-PB1,960,0,1,3491,1,3493,G
2-PB1,961,3491,0,2,0,3493,A
2-PB1,962,0,3593,0,3,3596,T
2-PB1,963,3,4,3696,0,3703,G
2-PB1,964,3858,1,5,0,3864,A
2-PB1,965,0,3868,1,10,3879,T
2-PB1,966,0,3873,0,2,3875,T
2-PB1,967,3894,0,5,0,3899,A
2-PB1,968,3,0,0,3906,3909,C
2-PB1,969,3926,0,3,1,3930,A
2-PB1,970,0,3913,0,5,3918,T
2-PB1,971,3717,0,2,1,3720,A
2-PB1,972,0,1,0,3731,3732,C
2-PB1,973,3364,0,0,0,3364,A
2-PB1,974,0,3344,0,4,3348,T
2-PB1,975,6,0,0,3340,3346,C
2-PB1,976,3306,0,3,0,3309,A
2-PB1,977,0,3,0,3334,3337,C
2-PB1,978,3308,0,0,2,3310,A
2-PB1,979,3310,0,3,0,3313,A
2-PB1,980,3305,0,2,0,3307,A
2-PB1,981,3,5,3176,0,3184,G
2-PB1,982,3313,0,2,0,3315,A
2-PB1,983,3308,0,3,0,3311,A
2-PB1,984,0,3290,0,1,3291,T
2-PB1,985,5,1,0,3306,3312,C
2-PB1,986,3316,1,6,0,3323,A
2-PB1,987,3299,0,3,0,3302,A
2-PB1,988,0,0,0,3324,3324,C
2-PB1,989,4,0,0,3328,3332,C
2-PB1,990,0,3173,0,3,3176,T
2-PB1,991,1,7,3197,0,3205,G
2-PB1,992,3180,1,3,1,3185,A
2-PB1,993,2,0,3189,0,3191,G
2-PB1,994,0,3177,0,0,3177,T
2-PB1,995,2,6,3096,0,3104,G
2-PB1,996,1,0,3243,0,3244,G
2-PB1,997,0,3234,0,6,3240,T
2-PB1,998,0,3221,0,2,3223,T
2-PB1,999,8,1,0,3241,3250,C
2-PB1,1000,3213,0,1,0,3214,A
2-PB1,1001,1,0,3263,0,3264,G
2-PB1,1002,3262,0,1,0,3263,A
2-PB1,1003,3263,0,3,0,3266,A
2-PB1,1004,3241,0,2,0,3243,A
2-PB1,1005,0,1,0,2929,2930,C
2-PB1,1006,2934,0,1,1,2936,A
2-PB1,1007,1,2894,0,2,2897,T
2-PB1,1008,0,1,0,2955,2956,C
2-PB1,1009,4,1,0,2951,2956,C
2-PB1,1010,0,2871,0,5,2876,T
2-PB1,1011,2,3,2876,0,2881,G
2-PB1,1012,2861,0,2,0,2863,A
2-PB1,1013,1,0,2865,0,2866,G
2-PB1,1014,0,1,0,2852,2853,C
2-PB1,1015,2765,1,0,0,2766,A
2-PB1,1016,0,2761,0,2,2763,T
2-PB1,1017,2,1,0,2760,2763,C
2-PB1,1018,2,0,2755,0,2757,G
2-PB1,1019,1,0,0,2830,2831,C
2-PB1,1020,2820,1,5,0,2826,A
2-PB1,1021,0,1,0,2887,2888,C
2-PB1,1022,4,2,0,2883,2889,C
2-PB1,1023,2900,0,1,0,2901,A
2-PB1,1024,2911,0,8,1,2920,A
2-PB1,1025,0,2928,0,1,2929,T
2-PB1,1026,2930,0,1,0,2931,A
2-PB1,1027,2923,0,1,0,2924,A
2-PB1,1028,0,2829,0,1,2830,T
2-PB1,1029,0,0,2843,0,2843,G
2-PB1,1030,1,2763,0,2,2766,T
2-PB1,1031,2,2755,0,3,2760,T
2-PB1,1032,5,3,0,2769,2777,C
2-PB1,1033,1,2750,0,3,2754,T
2-PB1,1034,4,1,0,2758,2763,C
2-PB1,1035,2773,0,0,0,2773,A
2-PB1,1036,2763,0,4,0,2767,A
2-PB1,1037,2773,0,1,0,2774,A
2-PB1,1038,0,0,0,2785,2785,C
2-PB1,1039,2776,0,2,0,2778,A
2-PB1,1040,2773,0,0,0,2773,A
2-PB1,1041,2752,0,2,0,2754,A
2-PB1,1042,2764,0,3,0,2767,A
2-PB1,1043,0,2789,0,3,2792,T
2-PB1,1044,0,1,2791,0,2792,G
2-PB1,1045,2,0,2774,0,2776,G
2-PB1,1046,1,2,0,2789,2792,C
2-PB1,1047,2780,2,3,0,2785,A
2-PB1,1048,2777,0,4,0,2781,A
2-PB1,1049,1,2,2799,0,2802,G
2-PB1,1050,2804,0,2,0,2806,A
2-PB1,1051,0,0,0,2822,2822,C
2-PB1,1052,0,2769,0,1,2770,T
2-PB1,1053,4,4,2812,0,2820,G
2-PB1,1054,2,2,2813,0,2817,G
2-PB1,1055,0,4,2832,0,2836,G
2-PB1,1056,2827,2,1,0,2830,A
2-PB1,1057,2830,0,2,0,2832,A
2-PB1,1058,2821,0,3,0,2824,A
2-PB1,1059,2805,0,7,0,2812,A
2-PB1,1060,0,2,2878,0,2880,G
2-PB1,1061,0,3,2876,0,2879,G
2-PB1,1062,2861,0,6,0,2867,A
2-PB1,1063,0,2858,0,0,2858,T
2-PB1,1064,2838,1,1,0,2840,A
2-PB1,1065,0,1,0,2855,2856,C
2-PB1,1066,2885,0,0,0,2885,A
2-PB1,1067,0,2879,0,1,2880,T
2-PB1,1068,0,0,2886,0,2886,G
2-PB1,1069,2,2820,0,5,2827,T
2-PB1,1070,2,2826,0,0,2828,T
2-PB1,1071,12,1,0,2816,2829,C
2-PB1,1072,2,3,2835,0,2840,G
2-PB1,1073,2820,0,1,0,2821,A
2-PB1,1074,1,4,2871,0,2876,G
2-PB1,1075,2833,0,5,0,2838,A
2-PB1,1076,0,1,2859,0,2860,G
2-PB1,1077,0,2818,0,2,2820,T
2-PB1,1078,2827,0,0,0,2827,A
2-PB1,1079,2840,0,5,0,2845,A
2-PB1,1080,1,2,2852,0,2855,G
2-PB1,1081,2848,0,2,0,2850,A
2-PB1,1082,0,3,2884,0,2887,G
2-PB1,1083,2833,1,6,0,2840,A
2-PB1,1084,2846,0,2,0,2848,A
2-PB1,1085,0,2824,0,1,2825,T
2-PB1,1086,2,5,2816,0,2823,G
2-PB1,1087,2808,0,6,1,2815,A
2-PB1,1088,2791,0,7,0,2798,A
2-PB1,1089,4,1,2789,0,2794,G
2-PB1,1090,0,0,0,2790,2790,C
2-PB1,1091,0,2752,0,3,2755,T
2-PB1,1092,7,0,1,2775,2783,C
2-PB1,1093,3,1,0,2770,2774,C
2-PB1,1094,0,1,2787,0,2788,G
2-PB1,1095,3,3,2784,0,2790,G
2-PB1,1096,2805,0,1,0,2806,A
2-PB1,1097,0,0,0,2839,2839,C
2-PB1,1098,2834,1,1,0,2836,A
2-PB1,1099,0,0,0,2856,2856,C
2-PB1,1100,2858,0,2,0,2860,A
2-PB1,1101,2861,0,3,0,2864,A
2-PB1,1102,2853,0,2,0,2855,A
2-PB1,1103,0,2860,0,0,2860,T
2-PB1,1104,2832,0,1,0,2833,A
2-PB1,1105,0,0,0,2848,2848,C
2-PB1,1106,2,0,0,2833,2835,C
2-PB1,1107,0,2804,0,3,2807,T
2-PB1,1108,1,0,2815,0,2816,G
2-PB1,1109,1,1,0,2816,2818,C
2-PB1,1110,2819,0,2,1,2822,A
2-PB1,1111,0,2,2820,0,2822,G
2-PB1,1112,2801,0,0,0,2801,A
2-PB1,1113,2801,0,2,0,2803,A
2-PB1,1114,2802,0,0,0,2802,A
2-PB1,1115,0,2789,0,0,2789,T
2-PB1,1116,2,2,2794,0,2798,G
2-PB1,1117,0,0,0,2784,2784,C
2-PB1,1118,0,2782,0,4,2786,T
2-PB1,1119,2818,0,3,0,2821,A
2-PB1,1120,1,0,2816,0,2817,G
2-PB1,1121,1,0,1,2819,2821,C
2-PB1,1122,2820,0,1,1,2822,A
2-PB1,1123,2807,0,4,0,2811,A
2-PB1,1124,1,1,2788,0,2790,G
2-PB1,1125,1,0,0,2783,2784,C
2-PB1,1126,2772,1,0,0,2773,A
2-PB1,1127,0,2810,0,1,2811,T
2-PB1,1128,1,2817,0,2,2820,T
2-PB1,1129,1,5,2892,0,2898,G
2-PB1,1130,2926,0,2,0,2928,A
2-PB1,1131,1,0,0,2915,2916,C
2-PB1,1132,3,1,0,2931,2935,C
2-PB1,1133,0,2870,2,4,2876,T
2-PB1,1134,1,2,2926,0,2929,G
2-PB1,1135,2933,0,1,0,2934,A
2-PB1,1136,2940,0,6,1,2947,A
2-PB1,1137,1,0,2983,0,2984,G
2-PB1,1138,0,2892,0,2,2894,T
2-PB1,1139,2919,0,0,0,2919,A
2-PB1,1140,0,2895,0,4,2899,T
2-PB1,1141,0,2885,0,4,2889,T
2-PB1,1142,1,2892,0,1,2894,T
2-PB1,1143,2,1,0,2865,2868,C
2-PB1,1144,2854,0,2,0,2856,A
2-PB1,1145,2855,0,0,0,2855,A
2-PB1,1146,0,2820,0,2,2822,T
2-PB1,1147,1,12,2821,0,2834,G
2-PB1,1148,2828,0,2,0,2830,A
2-PB1,1149,2837,1,0,1,2839,A
2-PB1,1150,0,2822,0,3,2825,T
2-PB1,1151,3,1,0,2839,2843,C
2-PB1,1152,2845,0,4,0,2849,A
2-PB1,1153,2846,0,1,0,2847,A
2-PB1,1154,0,0,0,2847,2847,C
2-PB1,1155,2839,1,1,0,2841,A
2-PB1,1156,2824,0,3,0,2827,A
2-PB1,1157,3,3,2826,0,2832,G
2-PB1,1158,1,0,2854,0,2855,G
2-PB1,1159,2835,1,2,0,2838,A
2-PB1,1160,2827,0,5,1,2833,A
2-PB1,1161,3,0,2839,0,2842,G
2-PB1,1162,2833,0,1,0,2834,A
2-PB1,1163,2844,0,1,0,2845,A
2-PB1,1164,2845,0,2,0,2847,A
2-PB1,1165,2839,0,1,0,2840,A
2-PB1,1166,0,2836,0,0,2836,T
2-PB1,1167,0,2817,0,0,2817,T
2-PB1,1168,1,9,2809,0,2819,G
2-PB1,1169,2813,0,2,0,2815,A
2-PB1,1170,1,2,2818,0,2821,G
2-PB1,1171,2812,0,1,0,2813,A
2-PB1,1172,2844,0,1,0,2845,A
2-PB1,1173,2890,0,0,0,2890,A
2-PB1,1174,2885,1,0,0,2886,A
2-PB1,1175,0,2886,0,1,2887,T
2-PB1,1176,2891,0,1,1,2893,A
2-PB1,1177,2886,2,4,1,2893,A
2-PB1,1178,2,0,2891,0,2893,G
2-PB1,1179,2,0,2889,0,2891,G
2-PB1,1180,0,3,0,2869,2872,C
2-PB1,1181,1,0,0,2884,2885,C
2-PB1,1182,1,2836,0,8,2845,T
2-PB1,1183,6,2,0,3198,3206,C
2-PB1,1184,0,3234,0,3,3237,T
2-PB1,1185,1,3257,0,1,3259,T
2-PB1,1186,5,3,0,3320,3328,C
2-PB1,1187,0,3324,0,2,3326,T
2-PB1,1188,3333,0,0,0,3333,A
2-PB1,1189,3323,0,6,0,3329,A
2-PB1,1190,0,3329,0,0,3329,T
2-PB1,1191,3363,0,4,0,3367,A
2-PB1,1192,1,0,3278,0,3279,G
2-PB1,1193,3040,0,2,0,3042,A
2-PB1,1194,0,3041,0,2,3043,T
2-PB1,1195,0,4,2997,1,3002,G
2-PB1,1196,3,0,3031,0,3034,G
2-PB1,1197,2,0,0,3039,3041,C
2-PB1,1198,3030,0,2,0,3032,A
2-PB1,1199,2,1,0,3052,3055,C
2-PB1,1200,3012,1,2,0,3015,A
2-PB1,1201,1,1,3081,1,3084,G
2-PB1,1202,2,0,0,3086,3088,C
2-PB1,1203,3094,0,4,1,3099,A
2-PB1,1204,1,3162,0,0,3163,T
2-PB1,1205,2,2,0,3134,3138,C
2-PB1,1206,3163,1,1,0,3165,A
2-PB1,1207,0,3161,0,1,3162,T
2-PB1,1208,1,3140,0,0,3141,T
2-PB1,1209,2,8,3126,0,3136,G
2-PB1,1210,3039,1,9,0,3049,A
2-PB1,1211,0,1,3095,0,3096,G
2-PB1,1212,1,3,0,3081,3085,C
2-PB1,1213,3,0,0,3050,3053,C
2-PB1,1214,1,0,0,3113,3114,C
2-PB1,1215,0,3102,0,6,3108,T
2-PB1,1216,0,1,3447,0,3448,G
2-PB1,1217,0,1,3524,0,3525,G
2-PB1,1218,3512,1,4,0,3517,A
2-PB1,1219,3653,0,2,0,3655,A
2-PB1,1220,0,3582,0,1,3583,T
2-PB1,1221,3,4,3701,0,3708,G
2-PB1,1222,3786,0,6,0,3792,A
2-PB1,1223,0,3813,0,4,3817,T
2-PB1,1224,0,3,3822,0,3825,G
2-PB1,1225,3778,0,5,1,3784,A
2-PB1,1226,1,3761,0,0,3762,T
2-PB1,1227,1,9,3758,1,3769,G
2-PB1,1228,0,7,3805,0,3812,G
2-PB1,1229,4,0,3814,0,3818,G
2-PB1,1230,0,1,0,3806,3807,C
2-PB1,1231,3814,0,3,1,3818,A
2-PB1,1232,0,3840,0,2,3842,T
2-PB1,1233,1,0,3982,0,3983,G
2-PB1,1234,0,3983,0,6,3989,T
2-PB1,1235,0,4019,0,2,4021,T
2-PB1,1236,3,1,0,4032,4036,C
2-PB1,1237,4015,0,4,0,4019,A
2-PB1,1238,4026,1,8,1,4036,A
2-PB1,1239,0,1,0,4036,4037,C
2-PB1,1240,4065,0,2,0,4067,A
2-PB1,1241,0,4063,0,2,4065,T
2-PB1,1242,0,0,4123,1,4124,G
2-PB1,1243,0,3,0,4125,4128,C
2-PB1,1244,0,4142,0,0,4142,T
2-PB1,1245,4179,1,3,0,4183,A
2-PB1,1246,4170,0,1,0,4171,A
2-PB1,1247,1,2,4234,0,4237,G
2-PB1,1248,0,4189,0,7,4196,T
2-PB1,1249,4208,0,0,0,4208,A
2-PB1,1250,1,1,0,4234,4236,C
2-PB1,1251,5,5,4259,2,4271,G
2-PB1,1252,2,0,4526,0,4528,G
2-PB1,1253,0,4491,0,1,4492,T
2-PB1,1254,0,4496,0,1,4497,T
2-PB1,1255,0,4513,0,1,4514,T
2-PB1,1256,0,4502,0,1,4503,T
2-PB1,1257,4512,0,1,0,4513,A
2-PB1,1258,1,6,4486,0,4493,G
2-PB1,1259,1,5,4475,0,4481,G
2-PB1,1260,4427,1,3,1,4432,A
2-PB1,1261,0,2,4395,0,4397,G
2-PB1,1262,0,4487,0,3,4490,T
2-PB1,1263,8,0,0,4495,4503,C
2-PB1,1264,1,4509,0,5,4515,T
2-PB1,1265,4,5,0,4520,4529,C
2-PB1,1266,0,5,4531,1,4537,G
2-PB1,1267,4652,0,1,0,4653,A
2-PB1,1268,0,4672,0,1,4673,T
2-PB1,1269,4682,2,1,0,4685,A
2-PB1,1270,1,0,0,4691,4692,C
2-PB1,1271,0,4623,1,7,4631,T
2-PB1,1272,3,7,4620,0,4630,G
2-PB1,1273,4620,0,3,0,4623,A
2-PB1,1274,4686,0,2,0,4688,A
2-PB1,1275,0,4690,0,6,4696,T
2-PB1,1276,3,1,0,4640,4644,C
2-PB1,1277,0,4619,0,5,4624,T
2-PB1,1278,0,4592,0,3,4595,T
2-PB1,1279,1,6,4604,0,4611,G
2-PB1,1280,0,3,4583,0,4586,G
2-PB1,1281,4577,1,7,0,4585,A
2-PB1,1282,1,1,0,4595,4597,C
2-PB1,1283,4553,0,0,0,4553,A
2-PB1,1284,4584,0,1,0,4585,A
2-PB1,1285,4595,0,1,1,4597,A
2-PB1,1286,4608,0,12,0,4620,A
2-PB1,1287,2,3,4715,0,4720,G
2-PB1,1288,4738,0,4,1,4743,A
2-PB1,1289,4725,0,10,0,4735,A
2-PB1,1290,4739,0,3,0,4742,A
2-PB1,1291,0,4730,0,3,4733,T
2-PB1,1292,4743,1,1,0,4745,A
2-PB1,1293,1,1,0,4904,4906,C
2-PB1,1294,4863,0,4,0,4867,A
2-PB1,1295,0,0,0,4992,4992,C
2-PB1,1296,4,6,0,4948,4958,C
2-PB1,1297,4957,1,2,0,4960,A
2-PB1,1298,5020,1,2,0,5023,A
2-PB1,1299,174,3,4995,0,5172,G
2-PB1,1300,5223,0,4,0,5227,A
2-PB1,1301,0,0,0,5305,5305,C
2-PB1,1302,5200,3,6,1,5210,A
2-PB1,1303,5346,1,4,1,5352,A
2-PB1,1304,1,2,0,5364,5367,C
2-PB1,1305,5419,1,4,0,5424,A
2-PB1,1306,0,5450,0,1,5451,T
2-PB1,1307,5410,1,5,0,5416,A
2-PB1,1308,0,2,0,5531,5533,C
2-PB1,1309,1,5408,0,5,5414,T
2-PB1,1310,2,6,5506,0,5514,G
2-PB1,1311,2,4,5500,0,5506,G
2-PB1,1312,0,5366,0,0,5366,T
2-PB1,1313,4,9,5382,0,5395,G
2-PB1,1314,3,8,5345,2,5358,G
2-PB1,1315,1,4,5393,0,5398,G
2-PB1,1316,5356,0,2,0,5358,A
2-PB1,1317,0,5277,0,6,5283,T
2-PB1,1318,2,13,5286,0,5301,G
2-PB1,1319,2,3,5273,0,5278,G
2-PB1,1320,3,5,5287,7,5302,G
2-PB1,1321,0,4,1,5356,5361,C
2-PB1,1322,1,5339,0,10,5350,T
2-PB1,1323,1,1,1,5390,5393,C
2-PB1,1324,2,2,0,5393,5397,C
2-PB1,1325,5402,0,3,0,5405,A
2-PB1,1326,5391,0,2,0,5393,A
2-PB1,1327,1,5380,0,4,5385,T
2-PB1,1328,2,1,3,5353,5359,C
2-PB1,1329,9,1,0,5324,5334,C
2-PB1,1330,0,5294,1,6,5301,T
2-PB1,1331,4,1,0,5288,5293,C
2-PB1,1332,1,1,0,5298,5300,C
2-PB1,1333,0,5,5300,1,5306,G
2-PB1,1334,5286,0,1,0,5287,A
2-PB1,1335,0,3,1,5307,5311,C
2-PB1,1336,2,5,5319,0,5326,G
2-PB1,1337,5302,0,1,0,5303,A
2-PB1,1338,0,5317,1,4,5322,T
2-PB1,1339,0,5330,1,2,5333,T
2-PB1,1340,2,5317,0,3,5322,T
2-PB1,1341,0,5328,0,4,5332,T
2-PB1,1342,4,6,5341,0,5351,G
2-PB1,1343,1,3,0,5354,5358,C
2-PB1,1344,13,3,0,5327,5343,C
2-PB1,1345,9,2,0,5524,5535,C
2-PB1,1346,1,5499,0,9,5509,T
2-PB1,1347,3,1,0,5727,5731,C
2-PB1,1348,5761,0,1,0,5762,A
2-PB1,1349,0,5789,0,5,5794,T
2-PB1,1350,5789,1,2,0,5792,A
2-PB1,1351,1,3,5847,1,5852,G
2-PB1,1352,0,5779,0,5,5784,T
2-PB1,1353,1,7,5817,0,5825,G
2-PB1,1354,5675,1,3,1,5680,A
2-PB1,1355,5682,0,6,1,5689,A
2-PB1,1356,0,5442,0,3,5445,T
2-PB1,1357,0,2,5448,0,5450,G
2-PB1,1358,1,3,0,5487,5491,C
2-PB1,1359,5475,1,8,0,5484,A
2-PB1,1360,1,2,0,5495,5498,C
2-PB1,1361,7,0,0,5458,5465,C
2-PB1,1362,5444,0,0,1,5445,A
2-PB1,1363,5450,0,3,0,5453,A
2-PB1,1364,5420,0,3,0,5423,A
2-PB1,1365,1,5321,0,4,5326,T
2-PB1,1366,7,3,0,5498,5508,C
2-PB1,1367,5492,0,4,0,5496,A
2-PB1,1368,0,5510,0,2,5512,T
2-PB1,1369,5,7,5504,0,5516,G
2-PB1,1370,5523,0,8,2,5533,A
2-PB1,1371,0,5,5580,0,5585,G
2-PB1,1372,0,2,5570,0,5572,G
2-PB1,1373,3,11,5571,0,5585,G
2-PB1,1374,5549,0,8,0,5557,A
2-PB1,1375,5639,0,6,1,5646,A
2-PB1,1376,0,5672,0,1,5673,T
2-PB1,1377,5672,0,4,0,5676,A
2-PB1,1378,2,2,0,5700,5704,C
2-PB1,1379,5717,0,5,0,5722,A
2-PB1,1380,5703,1,8,0,5712,A
2-PB1,1381,3,0,5690,0,5693,G
2-PB1,1382,0,3,0,5666,5669,C
2-PB1,1383,5616,0,4,1,5621,A
2-PB1,1384,2,4,5667,0,5673,G
2-PB1,1385,1,11,5659,0,5671,G
2-PB1,1386,5616,0,2,0,5618,A
2-PB1,1387,3,3,5675,0,5681,G
2-PB1,1388,1,5582,0,4,5587,T
2-PB1,1389,0,5,5648,0,5653,G
2-PB1,1390,3,5,5673,0,5681,G
2-PB1,1391,5652,0,5,1,5658,A
2-PB1,1392,1,5652,0,0,5653,T
2-PB1,1393,5565,1,2,0,5568,A
2-PB1,1394,2,3,5613,0,5618,G
2-PB1,1395,5693,0,5,0,5698,A
2-PB1,1396,1,5696,0,4,5701,T
2-PB1,1397,0,5686,0,2,5688,T
2-PB1,1398,7,3,0,5842,5852,C
2-PB1,1399,0,5825,0,4,5829,T
2-PB1,1400,5827,0,1,0,5828,A
2-PB1,1401,0,2,0,5828,5830,C
2-PB1,1402,5717,1,11,1,5730,A
2-PB1,1403,4,11,5711,0,5726,G
2-PB1,1404,3,11,5621,0,5635,G
2-PB1,1405,5689,0,6,0,5695,A
2-PB1,1406,1,1,1,5696,5699,C
2-PB1,1407,3,0,0,5615,5618,C
2-PB1,1408,1,5544,1,13,5559,T
2-PB1,1409,3,2,5578,1,5584,G
2-PB1,1410,1,0,0,5578,5579,C
2-PB1,1411,5584,0,4,0,5588,A
2-PB1,1412,5603,0,7,0,5610,A
2-PB1,1413,4,1,5630,0,5635,G
2-PB1,1414,1,5526,1,1,5529,T
2-PB1,1415,0,5560,0,3,5563,T
2-PB1,1416,5503,0,3,0,5506,A
2-PB1,1417,1,4,5513,0,5518,G
2-PB1,1418,0,5459,0,5,5464,T
2-PB1,1419,2,12,5474,0,5488,G
2-PB1,1420,2,2,5459,0,5463,G
2-PB1,1421,5,14,5491,0,5510,G
2-PB1,1422,5466,2,7,0,5475,A
2-PB1,1423,5507,0,2,0,5509,A
2-PB1,1424,0,5493,0,4,5497,T
2-PB1,1425,14,0,0,5507,5521,C
2-PB1,1426,5518,0,5,0,5523,A
2-PB1,1427,5532,0,4,0,5536,A
2-PB1,1428,1,1,0,5503,5505,C
2-PB1,1429,5512,0,2,0,5514,A
2-PB1,1430,0,5431,0,0,5431,T
2-PB1,1431,0,20,5437,0,5457,G
2-PB1,1432,5441,1,4,1,5447,A
2-PB1,1433,2,2,5462,0,5466,G
2-PB1,1434,1,1,0,5457,5459,C
2-PB1,1435,5469,0,0,0,5469,A
2-PB1,1436,5476,1,2,0,5479,A
2-PB1,1437,5465,1,4,0,5470,A
2-PB1,1438,5508,0,7,0,5515,A
2-PB1,1439,5517,0,6,0,5523,A
2-PB1,1440,1,2,5498,0,5501,G
2-PB1,1441,5459,1,4,0,5464,A
2-PB1,1442,5412,0,4,0,5416,A
2-PB1,1443,0,0,5601,0,5601,G
2-PB1,1444,0,5568,0,5,5573,T
2-PB1,1445,4,0,0,5601,5605,C
2-PB1,1446,8,1,0,5615,5624,C
2-PB1,1447,0,5622,0,10,5632,T
2-PB1,1448,5708,1,1,0,5710,A
2-PB1,1449,0,5702,0,0,5702,T
2-PB1,1450,5705,0,6,0,5711,A
2-PB1,1451,0,5712,0,0,5712,T
2-PB1,1452,5647,1,2,0,5650,A
2-PB1,1453,5661,0,3,1,5665,A
2-PB1,1454,5639,0,2,0,5641,A
2-PB1,1455,2,5637,0,1,5640,T
2-PB1,1456,5601,0,1,0,5602,A
2-PB1,1457,5592,0,4,1,5597,A
2-PB1,1458,5617,0,4,0,5621,A
2-PB1,1459,5605,0,4,1,5610,A
2-PB1,1460,2,1,0,5623,5626,C
2-PB1,1461,5423,1,2,0,5426,A
2-PB1,1462,2,12,5415,0,5429,G
2-PB1,1463,2,6,5419,0,5427,G
2-PB1,1464,0,6,5429,0,5435,G
2-PB1,1465,5401,1,11,0,5413,A
2-PB1,1466,1,0,0,5453,5454,C
2-PB1,1467,5429,0,3,0,5432,A
2-PB1,1468,0,5448,0,2,5450,T
2-PB1,1469,1,5453,0,4,5458,T
2-PB1,1470,0,5460,0,0,5460,T
2-PB1,1471,1,6,5462,0,5469,G
2-PB1,1472,5418,0,8,0,5426,A
2-PB1,1473,5446,0,0,0,5446,A
2-PB1,1474,0,5437,0,1,5438,T
2-PB1,1475,0,5338,0,3,5341,T
2-PB1,1476,12,1,0,5353,5366,C
2-PB1,1477,5299,0,1,2,5302,A
2-PB1,1478,0,1,0,5329,5330,C
2-PB1,1479,0,5332,0,1,5333,T
2-PB1,1480,5349,0,1,0,5350,A
2-PB1,1481,1,3,5326,0,5330,G
2-PB1,1482,1,0,0,5333,5334,C
2-PB1,1483,0,5271,0,8,5279,T
2-PB1,1484,0,5358,0,2,5360,T
2-PB1,1485,0,5356,0,5,5361,T
2-PB1,1486,0,5362,0,3,5365,T
2-PB1,1487,0,5357,0,4,5361,T
2-PB1,1488,0,5364,0,1,5365,T
2-PB1,1489,0,5350,0,0,5350,T
2-PB1,1490,5338,0,2,1,5341,A
2-PB1,1491,2,5315,0,1,5318,T
2-PB1,1492,4,2,0,5345,5351,C
2-PB1,1493,3,4,5365,0,5372,G
2-PB1,1494,5551,1,0,0,5552,A
2-PB1,1495,0,5562,0,0,5562,T
2-PB1,1496,5571,1,1,0,5573,A
2-PB1,1497,0,5590,0,4,5594,T
2-PB1,1498,3,8,5561,0,5572,G
2-PB1,1499,1,8,5587,0,5596,G
2-PB1,1500,5597,0,2,0,5599,A
2-PB1,1501,0,5553,0,2,5555,T
2-PB1,1502,0,5536,0,1,5537,T
2-PB1,1503,0,5425,0,1,5426,T
2-PB1,1504,3,0,5441,0,5444,G
2-PB1,1505,1,5405,0,3,5409,T
2-PB1,1506,3,8,5397,0,5408,G
2-PB1,1507,2,1,5378,1,5382,G
2-PB1,1508,1,2,0,5338,5341,C
2-PB1,1509,1,5389,0,9,5399,T
2-PB1,1510,5416,0,0,0,5416,A
2-PB1,1511,5449,0,1,0,5450,A
2-PB1,1512,1,5482,0,1,5484,T
2-PB1,1513,0,5489,0,1,5490,T
2-PB1,1514,0,5486,0,1,5487,T
2-PB1,1515,0,5493,0,2,5495,T
2-PB1,1516,5520,0,5,0,5525,A
2-PB1,1517,0,1,5523,0,5524,G
2-PB1,1518,1,5,0,5535,5541,C
2-PB1,1519,5514,1,4,0,5519,A
2-PB1,1520,1,5478,0,3,5482,T
2-PB1,1521,2,5,5412,0,5419,G
2-PB1,1522,1,6,5499,0,5506,G
2-PB1,1523,5483,0,5,0,5488,A
2-PB1,1524,2,0,5504,0,5506,G
2-PB1,1525,0,0,0,5458,5458,C
2-PB1,1526,0,5440,0,4,5444,T
2-PB1,1527,2,1,5454,0,5457,G
2-PB1,1528,1,2,0,5419,5422,C
2-PB1,1529,7,4,0,5426,5437,C
2-PB1,1530,9,0,0,5471,5480,C
2-PB1,1531,5401,0,3,0,5404,A
2-PB1,1532,4,0,5606,0,5610,G
2-PB1,1533,1,5570,1,4,5576,T
2-PB1,1534,0,5601,0,1,5602,T
2-PB1,1535,0,5603,1,1,5605,T
2-PB1,1536,1,5556,0,9,5566,T
2-PB1,1537,1,6,5552,0,5559,G
2-PB1,1538,3,5,5542,0,5550,G
2-PB1,1539,5524,0,9,0,5533,A
2-PB1,1540,2,1,5547,0,5550,G
2-PB1,1541,1,5269,0,4,5274,T
2-PB1,1542,4,0,5485,0,5489,G
2-PB1,1543,0,5459,0,5,5464,T
2-PB1,1544,10,3,0,5462,5475,C
2-PB1,1545,0,5493,0,5,5498,T
2-PB1,1546,2,1,5511,0,5514,G
2-PB1,1547,3,10,5566,0,5579,G
2-PB1,1548,5586,1,2,0,5589,A
2-PB1,1549,5590,0,6,0,5596,A
2-PB1,1550,0,5579,0,2,5581,T
2-PB1,1551,5236,0,1,0,5237,A
2-PB1,1552,5227,1,2,0,5230,A
2-PB1,1553,5209,0,6,3,5218,A
2-PB1,1554,0,3,1,5230,5234,C
2-PB1,1555,3,3,5183,0,5189,G
2-PB1,1556,5144,0,3,0,5147,A
2-PB1,1557,2,0,5130,0,5132,G
2-PB1,1558,0,5099,0,3,5102,T
2-PB1,1559,10,0,0,5139,5149,C
2-PB1,1560,5154,1,4,1,5160,A
2-PB1,1561,0,1,5208,0,5209,G
2-PB1,1562,0,2,1,5218,5221,C
2-PB1,1563,1,5209,1,4,5215,T
2-PB1,1564,2,4,5348,0,5354,G
2-PB1,1565,5327,0,4,0,5331,A
2-PB1,1566,0,5337,0,2,5339,T
2-PB1,1567,5349,0,1,0,5350,A
2-PB1,1568,0,5278,0,2,5280,T
2-PB1,1569,5,7,5301,0,5313,G
2-PB1,1570,5120,0,10,0,5130,A
2-PB1,1571,1,1,5189,0,5191,G
2-PB1,1572,1,2,4,5194,5201,C
2-PB1,1573,4986,0,5,1,4992,A
2-PB1,1574,0,4975,0,4,4979,T
2-PB1,1575,0,4988,0,3,4991,T
2-PB1,1576,2,3,5043,1,5049,G
2-PB1,1577,3,7,5210,0,5220,G
2-PB1,1578,5161,0,5,0,5166,A
2-PB1,1579,2,0,5180,0,5182,G
2-PB1,1580,0,5032,1,3,5036,T
2-PB1,1581,5027,2,3,0,5032,A
2-PB1,1582,5028,1,8,0,5037,A
2-PB1,1583,1,1,0,5058,5060,C
2-PB1,1584,5037,0,3,0,5040,A
2-PB1,1585,0,1,5144,0,5145,G
2-PB1,1586,1,4686,1,3,4691,T
2-PB1,1587,3,13,4736,1,4753,G
2-PB1,1588,4805,0,8,0,4813,A
2-PB1,1589,0,4801,1,3,4805,T
2-PB1,1590,4804,0,1,0,4805,A
2-PB1,1591,4805,0,0,0,4805,A
2-PB1,1592,4695,0,16,0,4711,A
2-PB1,1593,0,8,4740,0,4748,G
2-PB1,1594,4580,0,3,0,4583,A
2-PB1,1595,4580,0,7,0,4587,A
2-PB1,1596,2,1,0,4596,4599,C
2-PB1,1597,4465,0,4,0,4469,A
2-PB1,1598,4516,0,4,0,4520,A
2-PB1,1599,2,2,0,4545,4549,C
2-PB1,1600,4600,0,6,0,4606,A
2-PB1,1601,0,4585,8,2,4595,T
2-PB1,1602,1,4,4546,0,4551,G
2-PB1,1603,4545,1,2,0,4548,A
2-PB1,1604,1,4538,0,3,4542,T
2-PB1,1605,4525,0,0,0,4525,A
2-PB1,1606,4554,0,5,0,4559,A
2-PB1,1607,4524,1,5,1,4531,A
2-PB1,1608,1,3,0,4553,4557,C
2-PB1,1609,4436,0,2,0,4438,A
2-PB1,1610,4422,0,4,0,4426,A
2-PB1,1611,2,4356,0,3,4361,T
2-PB1,1612,1,9,4364,0,4374,G
2-PB1,1613,4435,1,4,0,4440,A
2-PB1,1614,2,0,0,4500,4502,C
2-PB1,1615,9,1,0,4446,4456,C
2-PB1,1616,0,4356,1,6,4363,T
2-PB1,1617,0,4306,1,3,4310,T
2-PB1,1618,3,9,4312,1,4325,G
2-PB1,1619,2,11,4337,0,4350,G
2-PB1,1620,4386,0,4,0,4390,A
2-PB1,1621,1,1,0,4379,4381,C
2-PB1,1622,4,2,0,4314,4320,C
2-PB1,1623,4289,1,4,0,4294,A
2-PB1,1624,4,1,4324,0,4329,G
2-PB1,1625,1,3,0,4327,4331,C
2-PB1,1626,4347,1,0,0,4348,A
2-PB1,1627,4333,0,3,0,4336,A
2-PB1,1628,4,0,0,4325,4329,C
2-PB1,1629,4293,0,2,0,4295,A
2-PB1,1630,3,0,4352,0,4355,G
2-PB1,1631,1,0,0,4331,4332,C
2-PB1,1632,3,2,1,4345,4351,C
2-PB1,1633,14,1,0,4349,4364,C
2-PB1,1634,4367,0,3,0,4370,A
2-PB1,1635,4365,0,1,0,4366,A
2-PB1,1636,4371,0,0,0,4371,A
2-PB1,1637,0,4358,0,1,4359,T
2-PB1,1638,0,2,4354,0,4356,G
2-PB1,1639,1,0,4296,0,4297,G
2-PB1,1640,1,0,1,4312,4314,C
2-PB1,1641,0,4287,0,12,4299,T
2-PB1,1642,3,0,0,4373,4376,C
2-PB1,1643,0,4371,0,4,4375,T
2-PB1,1644,6,0,0,4390,4396,C
2-PB1,1645,9,0,0,4410,4419,C
2-PB1,1646,4433,1,1,0,4435,A
2-PB1,1647,4416,0,2,0,4418,A
2-PB1,1648,0,4393,0,3,4396,T
2-PB1,1649,0,4372,0,0,4372,T
2-PB1,1650,1,0,4369,1,4371,G
2-PB1,1651,0,4287,0,8,4295,T
2-PB1,1652,0,4281,0,5,4286,T
2-PB1,1653,10,2,0,4289,4301,C
2-PB1,1654,4284,0,4,1,4289,A
2-PB1,1655,0,4277,0,5,4282,T
2-PB1,1656,3,12,0,4286,4301,C
2-PB1,1657,4311,0,2,0,4313,A
2-PB1,1658,4312,0,3,0,4315,A
2-PB1,1659,4290,0,6,0,4296,A
2-PB1,1660,2,4,4388,0,4394,G
2-PB1,1661,4379,1,2,0,4382,A
2-PB1,1662,0,4403,0,1,4404,T
2-PB1,1663,0,4408,0,2,4410,T
2-PB1,1664,4414,1,6,0,4421,A
2-PB1,1665,1,0,0,4498,4499,C
2-PB1,1666,4482,2,7,0,4491,A
2-PB1,1667,3,2,4551,0,4556,G
2-PB1,1668,4531,0,5,0,4536,A
2-PB1,1669,0,4614,1,1,4616,T
2-PB1,1670,4631,1,5,0,4637,A
2-PB1,1671,1,1,0,4846,4848,C
2-PB1,1672,4934,1,7,0,4942,A
2-PB1,1673,0,0,0,5271,5271,C
2-PB1,1674,5193,1,4,0,5198,A
2-PB1,1675,0,5239,0,0,5239,T
2-PB1,1676,5203,0,3,0,5206,A
2-PB1,1677,0,5184,0,3,5187,T
2-PB1,1678,5048,2,3,0,5053,A
2-PB1,1679,1,3,5052,0,5056,G
2-PB1,1680,1,1,4998,0,5000,G
2-PB1,1681,1,4749,0,4,4754,T
2-PB1,1682,1,1,4713,0,4715,G
2-PB1,1683,2,4,0,4888,4894,C
2-PB1,1684,7,1,0,4909,4917,C
2-PB1,1685,4975,1,3,1,4980,A
2-PB1,1686,0,4993,1,1,4995,T
2-PB1,1687,4984,0,4,0,4988,A
2-PB1,1688,2,7,4984,0,4993,G
2-PB1,1689,4879,0,7,1,4887,A
2-PB1,1690,2,5,4910,0,4917,G
2-PB1,1691,0,10,4886,0,4896,G
2-PB1,1692,4719,2,4,0,4725,A
2-PB1,1693,1,6,4739,0,4746,G
2-PB1,1694,4694,1,7,2,4704,A
2-PB1,1695,1,1,0,4716,4718,C
2-PB1,1696,4701,0,7,0,4708,A
2-PB1,1697,0,1,0,4748,4749,C
2-PB1,1698,4738,0,3,1,4742,A
2-PB1,1699,1,0,0,4748,4749,C
2-PB1,1700,4720,0,2,1,4723,A
2-PB1,1701,4731,0,3,0,4734,A
2-PB1,1702,4746,2,3,0,4751,A
2-PB1,1703,1,4746,0,0,4747,T
2-PB1,1704,3,1,0,4750,4754,C
2-PB1,1705,5,1,0,4738,4744,C
2-PB1,1706,4693,0,6,0,4699,A
2-PB1,1707,1,2,4700,0,4703,G
2-PB1,1708,4697,0,3,0,4700,A
2-PB1,1709,0,3,0,4736,4739,C
2-PB1,1710,4,6,4716,0,4726,G
2-PB1,1711,4683,0,2,0,4685,A
2-PB1,1712,4,8,4686,0,4698,G
2-PB1,1713,4696,0,5,0,4701,A
2-PB1,1714,4690,2,5,0,4697,A
2-PB1,1715,1,4,4709,0,4714,G
2-PB1,1716,4699,0,8,0,4707,A
2-PB1,1717,0,4693,0,9,4702,T
2-PB1,1718,7,1,1,4671,4680,C
2-PB1,1719,4690,1,0,0,4691,A
2-PB1,1720,1,4673,0,0,4674,T
2-PB1,1721,0,4658,0,3,4661,T
2-PB1,1722,6,1,1,4688,4696,C
2-PB1,1723,5,6,4681,0,4692,G
2-PB1,1724,4657,0,3,0,4660,A
2-PB1,1725,2,2,4670,0,4674,G
2-PB1,1726,4633,0,4,0,4637,A
2-PB1,1727,0,4774,0,1,4775,T
2-PB1,1728,4786,0,3,0,4789,A
2-PB1,1729,4801,0,2,0,4803,A
2-PB1,1730,4798,0,6,0,4804,A
2-PB1,1731,4,4,4801,0,4809,G
2-PB1,1732,4806,0,3,0,4809,A
2-PB1,1733,4699,0,8,0,4707,A
2-PB1,1734,9,1,4714,0,4724,G
2-PB1,1735,1,2,0,4736,4739,C
2-PB1,1736,0,4695,0,2,4697,T
2-PB1,1737,4,1,4731,0,4736,G
2-PB1,1738,0,4691,1,7,4699,T
2-PB1,1739,3,8,4696,0,4707,G
2-PB1,1740,0,6,4697,0,4703,G
2-PB1,1741,2,6,4726,0,4734,G
2-PB1,1742,4754,0,5,0,4759,A
2-PB1,1743,0,4714,0,3,4717,T
2-PB1,1744,8,1,0,4692,4701,C
2-PB1,1745,4695,0,1,0,4696,A
2-PB1,1746,4724,0,3,0,4727,A
2-PB1,1747,4731,0,2,0,4733,A
2-PB1,1748,2,3,0,4732,4737,C
2-PB1,1749,5,0,0,4717,4722,C
2-PB1,1750,11,1,1,4712,4725,C
2-PB1,1751,4734,0,1,1,4736,A
2-PB1,1752,4800,0,5,0,4805,A
2-PB1,1753,1,4774,0,1,4776,T
2-PB1,1754,5,2,1,4800,4808,C
2-PB1,1755,4776,0,0,0,4776,A
2-PB1,1756,4739,0,5,0,4744,A
2-PB1,1757,1,8,4782,0,4791,G
2-PB1,1758,1,12,4761,0,4774,G
2-PB1,1759,2,0,4766,0,4768,G
2-PB1,1760,0,2,0,4785,4787,C
2-PB1,1761,4740,0,7,0,4747,A
2-PB1,1762,2,5,4834,0,4841,G
2-PB1,1763,2,3,4868,3,4876,G
2-PB1,1764,4891,0,5,0,4896,A
2-PB1,1765,0,1,0,4975,4976,C
2-PB1,1766,0,4889,0,2,4891,T
2-PB1,1767,4980,3,0,0,4983,A
2-PB1,1768,0,4964,0,8,4972,T
2-PB1,1769,0,4984,0,2,4986,T
2-PB1,1770,6,10,5002,0,5018,G
2-PB1,1771,3,0,5018,0,5021,G
2-PB1,1772,0,4914,0,6,4920,T
2-PB1,1773,4967,1,1,0,4969,A
2-PB1,1774,0,4888,0,4,4892,T
2-PB1,1775,7,0,0,4903,4910,C
2-PB1,1776,4824,0,2,1,4827,A
2-PB1,1777,5,2,4854,0,4861,G
2-PB1,1778,4832,0,6,0,4838,A
2-PB1,1779,0,4809,0,3,4812,T
2-PB1,1780,3,8,4654,0,4665,G
2-PB1,1781,4,11,4648,0,4663,G
2-PB1,1782,5,6,4647,0,4658,G
2-PB1,1783,0,7,4659,1,4667,G
2-PB1,1784,2,7,4661,0,4670,G
2-PB1,1785,4634,1,4,0,4639,A
2-PB1,1786,0,1,1,4644,4646,C
2-PB1,1787,4,1,0,4616,4621,C
2-PB1,1788,4652,0,3,1,4656,A
2-PB1,1789,4919,0,5,1,4925,A
2-PB1,1790,4897,0,6,0,4903,A
2-PB1,1791,1,1,0,5025,5027,C
2-PB1,1792,0,4988,0,8,4996,T
2-PB1,1793,0,4978,0,3,4981,T
2-PB1,1794,4994,0,3,0,4997,A
2-PB1,1795,1,4992,0,1,4994,T
2-PB1,1796,4982,1,5,0,4988,A
2-PB1,1797,1,2,0,5000,5003,C
2-PB1,1798,4664,0,2,0,4666,A
2-PB1,1799,4676,0,0,0,4676,A
2-PB1,1800,0,4563,0,3,4566,T
2-PB1,1801,4628,0,1,0,4629,A
2-PB1,1802,1,4629,0,2,4632,T
2-PB1,1803,3,3,0,4629,4635,C
2-PB1,1804,8,3,0,4597,4608,C
2-PB1,1805,3,7,4617,1,4628,G
2-PB1,1806,4,5,4619,0,4628,G
2-PB1,1807,4635,0,2,0,4637,A
2-PB1,1808,4645,0,1,0,4646,A
2-PB1,1809,0,4631,0,1,4632,T
2-PB1,1810,1,1,1,4665,4668,C
2-PB1,1811,1,4631,0,5,4637,T
2-PB1,1812,0,4650,0,5,4655,T
2-PB1,1813,4,0,0,4647,4651,C
2-PB1,1814,4639,0,5,0,4644,A
2-PB1,1815,0,5,0,4665,4670,C
2-PB1,1816,4650,0,2,0,4652,A
2-PB1,1817,0,4883,0,7,4890,T
2-PB1,1818,4,3,0,4898,4905,C
2-PB1,1819,6,3,0,4876,4885,C
2-PB1,1820,8,1,0,4902,4911,C
2-PB1,1821,1,4915,0,9,4925,T
2-PB1,1822,0,5,4923,0,4928,G
2-PB1,1823,4908,0,4,0,4912,A
2-PB1,1824,4884,0,3,1,4888,A
2-PB1,1825,2,1,4904,0,4907,G
2-PB1,1826,0,4649,1,5,4655,T
2-PB1,1827,4,1,0,4688,4693,C
2-PB1,1828,0,4621,0,1,4622,T
2-PB1,1829,0,1,4708,0,4709,G
2-PB1,1830,0,0,0,4726,4726,C
2-PB1,1831,0,4722,0,6,4728,T
2-PB1,1832,0,4733,0,2,4735,T
2-PB1,1833,4714,0,2,0,4716,A
2-PB1,1834,4717,0,4,0,4721,A
2-PB1,1835,4718,0,2,3,4723,A
2-PB1,1836,2,0,4755,0,4757,G
2-PB1,1837,0,4683,0,2,4685,T
2-PB1,1838,4,8,4611,0,4623,G
2-PB1,1839,3,2,4596,0,4601,G
2-PB1,1840,3,1,4625,0,4629,G
2-PB1,1841,4602,0,10,1,4613,A
2-PB1,1842,1,1,4628,0,4630,G
2-PB1,1843,2,3,0,4625,4630,C
2-PB1,1844,0,4623,0,1,4624,T
2-PB1,1845,3,4,4624,0,4631,G
2-PB1,1846,4597,1,2,0,4600,A
2-PB1,1847,1,4608,0,1,4610,T
2-PB1,1848,7,4,4629,0,4640,G
2-PB1,1849,0,4,4618,0,4622,G
2-PB1,1850,4599,0,2,0,4601,A
2-PB1,1851,0,4604,0,4,4608,T
2-PB1,1852,1,7,4598,0,4606,G
2-PB1,1853,4562,0,5,0,4567,A
2-PB1,1854,5,6,4614,0,4625,G
2-PB1,1855,4620,0,6,0,4626,A
2-PB1,1856,4627,0,2,0,4629,A
2-PB1,1857,1,4587,0,1,4589,T
2-PB1,1858,0,4591,0,3,4594,T
2-PB1,1859,4589,0,1,0,4590,A
2-PB1,1860,0,4581,0,2,4583,T
2-PB1,1861,5,2,0,4588,4595,C
2-PB1,1862,4,9,4572,0,4585,G
2-PB1,1863,1,7,4523,0,4531,G
2-PB1,1864,1,4,4530,0,4535,G
2-PB1,1865,0,2,4526,0,4528,G
2-PB1,1866,4515,1,3,0,4519,A
2-PB1,1867,4524,0,10,1,4535,A
2-PB1,1868,1,2,4567,0,4570,G
2-PB1,1869,4549,2,4,0,4555,A
2-PB1,1870,0,1,0,4605,4606,C
2-PB1,1871,0,4556,0,7,4563,T
2-PB1,1872,1,4630,0,3,4634,T
2-PB1,1873,0,4646,0,1,4647,T
2-PB1,1874,2,1,4680,1,4684,G
2-PB1,1875,0,4674,0,5,4679,T
2-PB1,1876,4649,0,3,0,4652,A
2-PB1,1877,4637,0,1,0,4638,A
2-PB1,1878,0,4567,0,2,4569,T
2-PB1,1879,5,1,0,4593,4599,C
2-PB1,1880,7,1,0,4576,4584,C
2-PB1,1881,7,1,0,4552,4560,C
2-PB1,1882,7,2,2,4568,4579,C
2-PB1,1883,0,4561,0,8,4569,T
2-PB1,1884,2,10,4559,0,4571,G
2-PB1,1885,4565,1,1,0,4567,A
2-PB1,1886,4576,0,0,0,4576,A
2-PB1,1887,1,4564,0,4,4569,T
2-PB1,1888,6,1,0,4548,4555,C
2-PB1,1889,4,2,0,4545,4551,C
2-PB1,1890,5,1,0,4511,4517,C
2-PB1,1891,0,4498,0,11,4509,T
2-PB1,1892,0,4518,0,3,4521,T
2-PB1,1893,0,4512,0,1,4513,T
2-PB1,1894,0,0,4527,0,4527,G
2-PB1,1895,1,4493,0,5,4499,T
2-PB1,1896,10,0,0,4493,4503,C
2-PB1,1897,4458,1,4,0,4463,A
2-PB1,1898,1,1,4516,0,4518,G
2-PB1,1899,1,1,0,4480,4482,C
2-PB1,1900,0,2,0,4495,4497,C
2-PB1,1901,4509,0,1,0,4510,A
2-PB1,1902,0,4519,0,9,4528,T
2-PB1,1903,4532,0,2,0,4534,A
2-PB1,1904,4532,1,4,0,4537,A
2-PB1,1905,4525,0,8,0,4533,A
2-PB1,1906,0,4,4589,0,4593,G
2-PB1,1907,4480,0,2,0,4482,A
2-PB1,1908,4486,1,1,0,4488,A
2-PB1,1909,4491,0,4,0,4495,A
2-PB1,1910,0,4469,0,1,4470,T
2-PB1,1911,1,4471,0,3,4475,T
2-PB1,1912,1,3,4469,0,4473,G
2-PB1,1913,4433,1,8,0,4442,A
2-PB1,1914,2,2,4483,0,4487,G
2-PB1,1915,1,4457,0,2,4460,T
2-PB1,1916,9,1,0,4482,4492,C
2-PB1,1917,2,4499,0,3,4504,T
2-PB1,1918,2,0,4583,0,4585,G
2-PB1,1919,1,4578,0,4,4583,T
2-PB1,1920,4659,0,2,0,4661,A
2-PB1,1921,4650,0,3,0,4653,A
2-PB1,1922,4635,0,3,1,4639,A
2-PB1,1923,1,3,0,4659,4663,C
2-PB1,1924,4540,0,2,0,4542,A
2-PB1,1925,4605,0,1,0,4606,A
2-PB1,1926,0,4598,0,0,4598,T
2-PB1,1927,2,2,4575,0,4579,G
2-PB1,1928,0,1,1,4594,4596,C
2-PB1,1929,1,4549,1,5,4556,T
2-PB1,1930,3,0,4702,0,4705,G
2-PB1,1931,2,4694,0,4,4700,T
2-PB1,1932,4753,0,1,0,4754,A
2-PB1,1933,15,1,4746,0,4762,G
2-PB1,1934,0,4648,0,0,4648,T
2-PB1,1935,4634,0,2,0,4636,A
2-PB1,1936,4583,0,1,0,4584,A
2-PB1,1937,0,4546,0,1,4547,T
2-PB1,1938,3,0,4536,0,4539,G
2-PB1,1939,1,2,0,4459,4462,C
2-PB1,1940,5,3,0,4429,4437,C
2-PB1,1941,4350,0,2,0,4352,A
2-PB1,1942,0,3,4386,0,4389,G
2-PB1,1943,0,0,0,4457,4457,C
2-PB1,1944,2,1,0,4436,4439,C
2-PB1,1945,3,2,0,4436,4441,C
2-PB1,1946,4436,0,1,0,4437,A
2-PB1,1947,1,4433,0,1,4435,T
2-PB1,1948,1,6,4416,0,4423,G
2-PB1,1949,0,2,4432,0,4434,G
2-PB1,1950,0,4394,0,2,4396,T
2-PB1,1951,7,0,0,4364,4371,C
2-PB1,1952,6,6,1,4232,4245,C
2-PB1,1953,5,5,4265,0,4275,G
2-PB1,1954,1,0,4262,0,4263,G
2-PB1,1955,0,0,0,4243,4243,C
2-PB1,1956,3,0,0,4274,4277,C
2-PB1,1957,4292,1,2,0,4295,A
2-PB1,1958,4279,0,0,0,4279,A
2-PB1,1959,4280,1,4,2,4287,A
2-PB1,1960,4295,0,4,0,4299,A
2-PB1,1961,1,0,4351,0,4352,G
2-PB1,1962,0,4234,0,0,4234,T
2-PB1,1963,4273,0,1,0,4274,A
2-PB1,1964,1,4268,0,1,4270,T
2-PB1,1965,2,5,4272,0,4279,G
2-PB1,1966,3,3,4344,0,4350,G
2-PB1,1967,4299,0,3,0,4302,A
2-PB1,1968,4346,1,3,0,4350,A
2-PB1,1969,0,4319,0,1,4320,T
2-PB1,1970,4277,0,1,0,4278,A
2-PB1,1971,0,4273,0,2,4275,T
2-PB1,1972,7,4,4233,0,4244,G
2-PB1,1973,4235,0,3,0,4238,A
2-PB1,1974,0,4219,0,3,4222,T
2-PB1,1975,2,1,4108,0,4111,G
2-PB1,1976,2,2,0,4094,4098,C
2-PB1,1977,4,1,1,4082,4088,C
2-PB1,1978,5,1,4093,0,4099,G
2-PB1,1979,0,4087,0,2,4089,T
2-PB1,1980,0,4071,0,3,4074,T
2-PB1,1981,3,0,4081,0,4084,G
2-PB1,1982,2,1,0,4148,4151,C
2-PB1,1983,4157,1,4,0,4162,A
2-PB1,1984,4201,1,5,0,4207,A
2-PB1,1985,2,1,0,4221,4224,C
2-PB1,1986,0,4183,0,5,4188,T
2-PB1,1987,4194,0,1,0,4195,A
2-PB1,1988,1,3,0,4193,4197,C
2-PB1,1989,4178,1,1,0,4180,A
2-PB1,1990,0,0,0,4188,4188,C
2-PB1,1991,3998,0,3,1,4002,A
2-PB1,1992,1,2,0,4246,4249,C
2-PB1,1993,0,4139,0,6,4145,T
2-PB1,1994,6,1,0,4174,4181,C
2-PB1,1995,5,4,0,4175,4184,C
2-PB1,1996,1,4131,0,8,4140,T
2-PB1,1997,2,0,4157,0,4159,G
2-PB1,1998,4,0,4150,0,4154,G
2-PB1,1999,4145,0,1,0,4146,A
2-PB1,2000,0,4137,0,5,4142,T
2-PB1,2001,1,3784,0,4,3789,T
2-PB1,2002,6,0,1,3829,3836,C
2-PB1,2003,2,0,0,3820,3822,C
2-PB1,2004,9,0,0,3826,3835,C
2-PB1,2005,3844,0,2,0,3846,A
2-PB1,2006,3836,0,3,0,3839,A
2-PB1,2007,0,4,3845,0,3849,G
2-PB1,2008,3819,0,6,1,3826,A
2-PB1,2009,0,3,3823,0,3826,G
2-PB1,2010,1,7,3821,0,3829,G
2-PB1,2011,3780,0,2,0,3782,A
2-PB1,2012,3773,1,5,0,3779,A
2-PB1,2013,0,3,0,3758,3761,C
2-PB1,2014,3,0,0,3737,3740,C
2-PB1,2015,2,1,3773,0,3776,G
2-PB1,2016,0,1,0,3770,3771,C
2-PB1,2017,0,3765,0,4,3769,T
2-PB1,2018,4,1,0,3777,3782,C
2-PB1,2019,0,3756,0,4,3760,T
2-PB1,2020,3968,0,1,0,3969,A
2-PB1,2021,0,3957,0,7,3964,T
2-PB1,2022,0,3952,0,2,3954,T
2-PB1,2023,2,1,0,3976,3979,C
2-PB1,2024,0,3836,1,2,3839,T
2-PB1,2025,3838,0,1,0,3839,A
2-PB1,2026,3842,0,0,0,3842,A
2-PB1,2027,3815,0,2,0,3817,A
2-PB1,2028,1,1,0,3821,3823,C
2-PB1,2029,3588,0,1,0,3589,A
2-PB1,2030,1,3,0,3597,3601,C
2-PB1,2031,3542,0,3,0,3545,A
2-PB1,2032,3569,0,11,0,3580,A
2-PB1,2033,1,1,3581,0,3583,G
2-PB1,2034,0,3,0,3577,3580,C
2-PB1,2035,2,0,0,3599,3601,C
2-PB1,2036,3547,0,5,1,3553,A
2-PB1,2037,3535,1,2,1,3539,A
2-PB1,2038,3534,1,10,1,3546,A
2-PB1,2039,0,3,3565,0,3568,G
2-PB1,2040,0,2,3561,0,3563,G
2-PB1,2041,1,3,3505,0,3509,G
2-PB1,2042,3,1,3516,0,3520,G
2-PB1,2043,3493,0,3,0,3496,A
2-PB1,2044,3509,0,1,0,3510,A
2-PB1,2045,0,3517,0,0,3517,T
2-PB1,2046,0,3525,0,0,3525,T
2-PB1,2047,7,1,0,3511,3519,C
2-PB1,2048,0,3492,1,5,3498,T
2-PB1,2049,0,3491,0,3,3494,T
2-PB1,2050,3,2,3495,0,3500,G
2-PB1,2051,3509,0,5,0,3514,A
2-PB1,2052,0,4,3502,0,3506,G
2-PB1,2053,1,5,3493,0,3499,G
2-PB1,2054,3499,1,1,0,3501,A
2-PB1,2055,0,3482,0,3,3485,T
2-PB1,2056,1,7,3492,0,3500,G
2-PB1,2057,3499,0,3,0,3502,A
2-PB1,2058,3493,0,4,0,3497,A
2-PB1,2059,3,1,0,3507,3511,C
2-PB1,2060,3482,0,3,0,3485,A
2-PB1,2061,0,7,3508,0,3515,G
2-PB1,2062,3498,0,2,0,3500,A
2-PB1,2063,0,3478,0,2,3480,T
2-PB1,2064,3,2,3481,0,3486,G
2-PB1,2065,0,3491,0,2,3493,T
2-PB1,2066,3483,1,4,0,3488,A
2-PB1,2067,1,0,0,3484,3485,C
2-PB1,2068,9,4,0,3471,3484,C
2-PB1,2069,3458,0,1,0,3459,A
2-PB1,2070,2,2,3415,0,3419,G
2-PB1,2071,3378,0,0,0,3378,A
2-PB1,2072,3357,0,4,0,3361,A
2-PB1,2073,2,1,3364,0,3367,G
2-PB1,2074,0,3143,0,2,3145,T
2-PB1,2075,0,1,3145,0,3146,G
2-PB1,2076,0,0,0,3143,3143,C
2-PB1,2077,1,3144,0,5,3150,T
2-PB1,2078,1,1,3147,0,3149,G
2-PB1,2079,0,0,1,3141,3142,C
2-PB1,2080,3145,0,1,0,3146,A
2-PB1,2081,3129,0,0,0,3129,A
2-PB1,2082,1,1,0,3092,3094,C
2-PB1,2083,0,3090,0,2,3092,T
2-PB1,2084,0,3052,1,1,3054,T
2-PB1,2085,1,0,3054,0,3055,G
2-PB1,2086,0,3054,0,1,3055,T
2-PB1,2087,0,3045,0,1,3046,T
2-PB1,2088,9,0,0,3039,3048,C
2-PB1,2089,0,4,3046,0,3050,G
2-PB1,2090,3036,0,0,0,3036,A
2-PB1,2091,1,2,3035,0,3038,G
2-PB1,2092,3042,0,2,0,3044,A
2-PB1,2093,3040,0,1,0,3041,A
2-PB1,2094,3043,0,1,0,3044,A
2-PB1,2095,0,3013,0,0,3013,T
2-PB1,2096,0,3029,0,0,3029,T
2-PB1,2097,0,3028,0,1,3029,T
2-PB1,2098,0,3034,0,3,3037,T
2-PB1,2099,0,3022,0,0,3022,T
2-PB1,2100,1,1,0,3019,3021,C
2-PB1,2101,2,3,0,3031,3036,C
2-PB1,2102,6,0,0,3045,3051,C
2-PB1,2103,0,3047,0,3,3050,T
2-PB1,2104,3043,0,1,0,3044,A
2-PB1,2105,0,1,3061,0,3062,G
2-PB1,2106,1,3042,0,2,3045,T
2-PB1,2107,3075,0,0,0,3075,A
2-PB1,2108,0,1,3094,0,3095,G
2-PB1,2109,2,3043,0,5,3050,T
2-PB1,2110,1,3117,0,4,3122,T
2-PB1,2111,11,1,0,3145,3157,C
2-PB1,2112,3190,0,1,0,3191,A
2-PB1,2113,0,3191,0,2,3193,T
2-PB1,2114,3186,0,0,1,3187,A
2-PB1,2115,0,3188,0,3,3191,T
2-PB1,2116,3076,0,2,0,3078,A
2-PB1,2117,1,2,3053,0,3056,G
2-PB1,2118,3,2,3032,0,3037,G
2-PB1,2119,2676,0,9,0,2685,A
2-PB1,2120,0,5,2689,0,2694,G
2-PB1,2121,2511,1,3,0,2515,A
2-PB1,2122,0,0,0,2497,2497,C
2-PB1,2123,4,0,0,2397,2401,C
2-PB1,2124,2,5,2387,0,2394,G
2-PB1,2125,2395,0,1,0,2396,A
2-PB1,2126,0,2376,0,0,2376,T
2-PB1,2127,0,2387,0,0,2387,T
2-PB1,2128,1,2,2380,0,2383,G
2-PB1,2129,0,1,2376,0,2377,G
2-PB1,2130,2374,0,3,0,2377,A
2-PB1,2131,2374,0,0,0,2374,A
2-PB1,2132,0,2365,0,1,2366,T
2-PB1,2133,0,2370,0,1,2371,T
2-PB1,2134,0,2366,1,0,2367,T
2-PB1,2135,3,1,0,2369,2373,C
2-PB1,2136,0,2373,0,2,2375,T
2-PB1,2137,2366,0,1,0,2367,A
2-PB1,2138,2,0,2376,0,2378,G
2-PB1,2139,2,1,0,2359,2362,C
2-PB1,2140,2360,0,0,0,2360,A
2-PB1,2141,0,2356,0,0,2356,T
2-PB1,2142,0,2,2323,0,2325,G
2-PB1,2143,0,0,2384,0,2384,G
2-PB1,2144,0,2383,0,0,2383,T
2-PB1,2145,0,3,2375,0,2378,G
2-PB1,2146,0,0,2367,0,2367,G
2-PB1,2147,2347,0,8,0,2355,A
2-PB1,2148,0,0,2364,0,2364,G
2-PB1,2149,1,0,2347,0,2348,G
2-PB1,2150,0,0,0,2293,2293,C
2-PB1,2151,2,2,0,2291,2295,C
2-PB1,2152,2136,0,4,0,2140,A
2-PB1,2153,0,2143,0,1,2144,T
2-PB1,2154,3,1,2148,0,2152,G
2-PB1,2155,3,0,2163,0,2166,G
2-PB1,2156,0,2118,0,3,2121,T
2-PB1,2157,0,0,2134,0,2134,G
2-PB1,2158,0,2081,0,5,2086,T
2-PB1,2159,2,0,0,2066,2068,C
2-PB1,2160,1,2060,0,5,2066,T
2-PB1,2161,2034,0,2,0,2036,A
2-PB1,2162,1,3,2027,0,2031,G
2-PB1,2163,0,0,1980,0,1980,G
2-PB1,2164,2,1,1949,0,1952,G
2-PB1,2165,0,0,1,1883,1884,C
2-PB1,2166,2,1,0,1803,1806,C
2-PB1,2167,2,1,1,1810,1814,C
2-PB1,2168,2,1,1819,0,1822,G
2-PB1,2169,1,1,1826,0,1828,G
2-PB1,2170,1825,0,0,0,1825,A
2-PB1,2171,0,1810,0,0,1810,T
2-PB1,2172,0,1759,0,0,1759,T
2-PB1,2173,0,0,1750,0,1750,G
2-PB1,2174,1738,0,2,0,1740,A
2-PB1,2175,0,1734,0,1,1735,T
2-PB1,2176,0,0,1725,0,1725,G
2-PB1,2177,0,1,0,1718,1719,C
2-PB1,2178,3,0,1,1714,1718,C
2-PB1,2179,1705,0,0,1,1706,A
2-PB1,2180,1,2,1708,0,1711,G
2-PB1,2181,1709,0,0,0,1709,A
2-PB1,2182,1705,0,0,0,1705,A
2-PB1,2183,0,1693,0,3,1696,T
2-PB1,2184,0,1669,0,0,1669,T
2-PB1,2185,1,3,1669,0,1673,G
2-PB1,2186,1658,0,2,0,1660,A
2-PB1,2187,0,1,0,1658,1659,C
2-PB1,2188,0,1649,0,2,1651,T
2-PB1,2189,0,1632,0,0,1632,T
2-PB1,2190,2,1,0,1633,1636,C
2-PB1,2191,0,2,1631,0,1633,G
2-PB1,2192,1629,0,0,0,1629,A
2-PB1,2193,1,1,1607,0,1609,G
2-PB1,2194,0,1617,0,2,1619,T
2-PB1,2195,2,1,0,1625,1628,C
2-PB1,2196,0,1629,0,5,1634,T
2-PB1,2197,1,1,1632,0,1634,G
2-PB1,2198,0,0,1632,0,1632,G
2-PB1,2199,1628,0,1,0,1629,A
2-PB1,2200,1482,1,0,0,1483,A
2-PB1,2201,0,1,1480,0,1481,G
2-PB1,2202,0,1,1489,0,1490,G
2-PB1,2203,1493,0,5,0,1498,A
2-PB1,2204,0,1478,0,0,1478,T
2-PB1,2205,0,1491,0,0,1491,T
2-PB1,2206,1480,0,1,0,1481,A
2-PB1,2207,1484,0,0,0,1484,A
2-PB1,2208,1,1,1485,0,1487,G
2-PB1,2209,1473,0,4,0,1477,A
2-PB1,2210,1403,1,3,0,1407,A
2-PB1,2211,0,2,1293,0,1295,G
2-PB1,2212,1,2,1285,0,1288,G
2-PB1,2213,1289,0,1,1,1291,A
2-PB1,2214,1286,0,4,0,1290,A
2-PB1,2215,0,1,1289,0,1290,G
2-PB1,2216,1221,0,1,0,1222,A
2-PB1,2217,2,0,1217,0,1219,G
2-PB1,2218,0,1159,0,1,1160,T
2-PB1,2219,0,1136,0,4,1140,T
2-PB1,2220,0,0,0,1161,1161,C
2-PB1,2221,0,1124,1,3,1128,T
2-PB1,2222,3,1,0,1136,1140,C
2-PB1,2223,0,1133,0,1,1134,T
2-PB1,2224,0,1,1130,0,1131,G
2-PB1,2225,1095,0,1,0,1096,A
2-PB1,2226,0,0,1086,0,1086,G
2-PB1,2227,1067,0,2,0,1069,A
2-PB1,2228,0,1035,0,0,1035,T
2-PB1,2229,0,0,0,973,973,C
2-PB1,2230,974,0,2,0,976,A
2-PB1,2231,0,975,0,0,975,T
2-PB1,2232,1,0,973,0,974,G
2-PB1,2233,969,0,2,0,971,A
2-PB1,2234,966,0,3,0,969,A
2-PB1,2235,0,2,951,0,953,G
2-PB1,2236,933,0,1,0,934,A
2-PB1,2237,0,917,0,3,920,T
2-PB1,2238,3,0,0,907,910,C
2-PB1,2239,0,848,0,0,848,T
2-PB1,2240,0,0,853,0,853,G
2-PB1,2241,0,842,0,2,844,T
2-PB1,2242,0,835,0,1,836,T
2-PB1,2243,2,0,0,837,839,C
2-PB1,2244,2,0,0,782,784,C
2-PB1,2245,784,0,2,0,786,A
2-PB1,2246,0,0,0,789,789,C
2-PB1,2247,1,0,0,759,760,C
2-PB1,2248,736,0,2,0,738,A
2-PB1,2249,0,681,0,0,681,T
2-PB1,2250,0,658,0,1,659,T
2-PB1,2251,0,1,661,0,662,G
2-PB1,2252,663,0,0,0,663,A
2-PB1,2253,659,0,0,0,659,A
2-PB1,2254,0,0,656,0,656,G
2-PB1,2255,565,0,1,0,566,A
2-PB1,2256,564,0,1,0,565,A
2-PB1,2257,0,0,0,560,560,C
2-PB1,2258,0,536,0,0,536,T
2-PB1,2259,0,1,0,537,538,C
2-PB1,2260,506,0,0,0,506,A
2-PB1,2261,0,1,505,0,506,G
2-PB1,2262,500,0,1,0,501,A
2-PB1,2263,0,0,0,491,491,C
2-PB1,2264,0,0,481,0,481,G
2-PB1,2265,1,0,476,0,477,G
2-PB1,2266,1,0,0,470,471,C
2-PB1,2267,473,0,0,0,473,A
2-PB1,2268,472,0,0,0,472,A
2-PB1,2269,466,0,0,0,466,A
2-PB1,2270,465,0,1,0,466,A
2-PB1,2271,465,1,0,0,466,A
2-PB1,2272,0,458,0,0,458,T
2-PB1,2273,446,0,0,0,446,A
2-PB1,2274,442,0,0,0,442,A
3-PA,1,145,0,0,0,145,A
3-PA,2,0,147,0,0,147,T
3-PA,3,0,0,160,0,160,G
3-PA,4,0,0,161,0,161,G
3-PA,5,158,0,0,0,158,A
3-PA,6,157,0,1,0,158,A
3-PA,7,1,0,160,0,161,G
3-PA,8,167,0,0,0,167,A
3-PA,9,0,171,0,0,171,T
3-PA,10,0,171,0,0,171,T
3-PA,11,0,182,0,0,182,T
3-PA,12,0,184,0,0,184,T
3-PA,13,1,0,187,0,188,G
3-PA,14,0,188,0,0,188,T
3-PA,15,0,0,189,0,189,G
3-PA,16,0,0,0,196,196,C
3-PA,17,0,2,197,0,199,G
3-PA,18,222,0,0,0,222,A
3-PA,19,0,1,0,225,226,C
3-PA,20,224,0,0,0,224,A
3-PA,21,225,0,0,0,225,A
3-PA,22,0,242,0,0,242,T
3-PA,23,0,0,274,0,274,G
3-PA,24,0,0,0,281,281,C
3-PA,25,0,285,0,0,285,T
3-PA,26,0,287,0,0,287,T
3-PA,27,0,0,0,287,287,C
3-PA,28,293,0,1,0,294,A
3-PA,29,301,0,1,0,302,A
3-PA,30,0,0,0,311,311,C
3-PA,31,0,0,0,309,309,C
3-PA,32,1,1,0,308,310,C
3-PA,33,0,0,318,0,318,G
3-PA,34,311,0,0,0,311,A
3-PA,35,0,320,0,0,320,T
3-PA,36,0,1,322,0,323,G
3-PA,37,327,0,0,0,327,A
3-PA,38,0,339,0,0,339,T
3-PA,39,0,339,0,0,339,T
3-PA,40,0,0,342,0,342,G
3-PA,41,0,336,0,4,340,T
3-PA,42,0,0,0,341,341,C
3-PA,43,0,0,341,0,341,G
3-PA,44,339,0,0,0,339,A
3-PA,45,343,0,1,0,344,A
3-PA,46,0,0,0,340,340,C
3-PA,47,0,344,0,0,344,T
3-PA,48,0,345,0,0,345,T
3-PA,49,0,0,345,0,345,G
3-PA,50,0,0,0,347,347,C
3-PA,51,346,0,1,0,347,A
3-PA,52,0,0,349,0,349,G
3-PA,53,349,0,0,0,349,A
3-PA,54,349,0,0,0,349,A
3-PA,55,352,0,0,0,352,A
3-PA,56,352,0,0,0,352,A
3-PA,57,355,0,2,0,357,A
3-PA,58,0,0,363,0,363,G
3-PA,59,0,0,0,380,380,C
3-PA,60,382,0,0,0,382,A
3-PA,61,410,0,0,0,410,A
3-PA,62,0,413,0,0,413,T
3-PA,63,0,0,420,0,420,G
3-PA,64,423,1,0,0,424,A
3-PA,65,427,0,1,0,428,A
3-PA,66,431,0,0,0,431,A
3-PA,67,0,0,469,0,469,G
3-PA,68,485,0,2,0,487,A
3-PA,69,0,0,570,0,570,G
3-PA,70,0,570,0,0,570,T
3-PA,71,581,0,0,0,581,A
3-PA,72,0,580,0,0,580,T
3-PA,73,0,1,584,0,585,G
3-PA,74,1,2,586,0,589,G
3-PA,75,0,1,591,0,592,G
3-PA,76,0,1,593,0,594,G
3-PA,77,582,0,1,0,583,A
3-PA,78,6,2,575,0,583,G
3-PA,79,0,0,594,0,594,G
3-PA,80,588,0,1,0,589,A
3-PA,81,0,599,0,0,599,T
3-PA,82,0,1,0,600,601,C
3-PA,83,0,596,0,2,598,T
3-PA,84,2,1,602,0,605,G
3-PA,85,599,0,0,0,599,A
3-PA,86,599,0,0,0,599,A
3-PA,87,606,0,0,0,606,A
3-PA,88,602,0,1,0,603,A
3-PA,89,0,604,0,1,605,T
3-PA,90,0,598,0,0,598,T
3-PA,91,1,2,600,0,603,G
3-PA,92,602,0,0,0,602,A
3-PA,93,603,0,0,0,603,A
3-PA,94,606,0,0,0,606,A
3-PA,95,0,0,0,606,606,C
3-PA,96,607,0,0,0,607,A
3-PA,97,609,0,0,0,609,A
3-PA,98,603,1,2,0,606,A
3-PA,99,0,0,0,609,609,C
3-PA,100,610,0,0,0,610,A
3-PA,101,613,0,0,0,613,A
3-PA,102,616,0,0,0,616,A
3-PA,103,0,619,0,0,619,T
3-PA,104,0,621,0,0,621,T
3-PA,105,0,624,0,0,624,T
3-PA,106,0,0,619,0,619,G
3-PA,107,0,1,0,622,623,C
3-PA,108,624,0,0,0,624,A
3-PA,109,1,0,637,0,638,G
3-PA,110,0,1,0,646,647,C
3-PA,111,691,0,0,0,691,A
3-PA,112,707,0,0,0,707,A
3-PA,113,0,713,0,0,713,T
3-PA,114,735,0,0,0,735,A
3-PA,115,0,736,0,0,736,T
3-PA,116,0,0,748,0,748,G
3-PA,117,0,1,0,745,746,C
3-PA,118,742,0,2,0,744,A
3-PA,119,0,1,0,755,756,C
3-PA,120,0,755,0,1,756,T
3-PA,121,1,0,0,903,904,C
3-PA,122,928,0,0,0,928,A
3-PA,123,0,1,0,954,955,C
3-PA,124,0,954,0,2,956,T
3-PA,125,0,954,0,3,957,T
3-PA,126,0,0,959,0,959,G
3-PA,127,0,2,966,0,968,G
3-PA,128,955,0,1,0,956,A
3-PA,129,0,3,978,0,981,G
3-PA,130,1,0,980,0,981,G
3-PA,131,0,954,0,1,955,T
3-PA,132,1,0,1002,0,1003,G
3-PA,133,0,998,0,0,998,T
3-PA,134,1,0,1021,0,1022,G
3-PA,135,0,1022,0,4,1026,T
3-PA,136,0,1025,0,2,1027,T
3-PA,137,1,1032,0,0,1033,T
3-PA,138,4,0,0,1048,1052,C
3-PA,139,1049,0,1,0,1050,A
3-PA,140,0,1053,0,1,1054,T
3-PA,141,1,0,1067,0,1068,G
3-PA,142,0,1055,0,0,1055,T
3-PA,143,1063,0,2,0,1065,A
3-PA,144,0,1062,0,1,1063,T
3-PA,145,0,1066,0,0,1066,T
3-PA,146,1,0,0,1066,1067,C
3-PA,147,1062,0,3,0,1065,A
3-PA,148,0,0,1089,0,1089,G
3-PA,149,1085,0,0,0,1085,A
3-PA,150,0,1080,0,1,1081,T
3-PA,151,0,1082,0,1,1083,T
3-PA,152,0,1082,0,1,1083,T
3-PA,153,0,0,0,1075,1075,C
3-PA,154,1,0,0,1094,1095,C
3-PA,155,1094,1,0,0,1095,A
3-PA,156,0,1100,0,2,1102,T
3-PA,157,0,1093,0,2,1095,T
3-PA,158,0,1098,0,0,1098,T
3-PA,159,0,0,0,1098,1098,C
3-PA,160,1092,0,6,4,1102,A
3-PA,161,0,1130,0,2,1132,T
3-PA,162,0,0,0,1134,1134,C
3-PA,163,1130,0,1,0,1131,A
3-PA,164,1137,0,0,0,1137,A
3-PA,165,0,1133,0,1,1134,T
3-PA,166,0,4,1160,0,1164,G
3-PA,167,1168,0,0,0,1168,A
3-PA,168,1168,0,2,0,1170,A
3-PA,169,1,0,0,1168,1169,C
3-PA,170,1156,0,1,0,1157,A
3-PA,171,1172,0,0,0,1172,A
3-PA,172,0,0,1174,0,1174,G
3-PA,173,0,0,1170,0,1170,G
3-PA,174,2,1,0,1178,1181,C
3-PA,175,14,6,1145,0,1165,G
3-PA,176,1216,0,0,0,1216,A
3-PA,177,1222,0,3,0,1225,A
3-PA,178,0,1224,0,1,1225,T
3-PA,179,2,0,0,1233,1235,C
3-PA,180,1233,0,1,0,1234,A
3-PA,181,1232,0,0,0,1232,A
3-PA,182,1,1245,0,0,1246,T
3-PA,183,1240,0,0,0,1240,A
3-PA,184,2,0,1265,0,1267,G
3-PA,185,0,1262,1,4,1267,T
3-PA,186,1,3,1278,0,1282,G
3-PA,187,0,0,1282,0,1282,G
3-PA,188,0,1279,0,1,1280,T
3-PA,189,1275,0,2,0,1277,A
3-PA,190,2,0,1292,0,1294,G
3-PA,191,1285,0,3,0,1288,A
3-PA,192,1289,0,2,0,1291,A
3-PA,193,0,0,0,1294,1294,C
3-PA,194,0,1276,0,2,1278,T
3-PA,195,0,1278,0,0,1278,T
3-PA,196,0,2,1271,0,1273,G
3-PA,197,1266,0,4,0,1270,A
3-PA,198,0,0,0,1275,1275,C
3-PA,199,0,1,1265,0,1266,G
3-PA,200,1286,0,0,0,1286,A
3-PA,201,0,1303,0,3,1306,T
3-PA,202,2,0,0,1320,1322,C
3-PA,203,5,0,0,1341,1346,C
3-PA,204,1337,0,0,0,1337,A
3-PA,205,1337,0,1,0,1338,A
3-PA,206,1349,0,2,0,1351,A
3-PA,207,0,1345,0,0,1345,T
3-PA,208,0,0,1353,0,1353,G
3-PA,209,1,0,0,1341,1342,C
3-PA,210,1340,0,0,0,1340,A
3-PA,211,0,1,0,1374,1375,C
3-PA,212,0,1348,0,0,1348,T
3-PA,213,1,0,1527,0,1528,G
3-PA,214,0,1533,0,2,1535,T
3-PA,215,0,1534,0,0,1534,T
3-PA,216,1534,0,1,0,1535,A
3-PA,217,1529,0,0,1,1530,A
3-PA,218,1529,0,1,0,1530,A
3-PA,219,0,0,1532,0,1532,G
3-PA,220,0,2,0,1519,1521,C
3-PA,221,1497,0,2,0,1499,A
3-PA,222,0,0,0,1497,1497,C
3-PA,223,1441,0,1,0,1442,A
3-PA,224,0,0,1492,0,1492,G
3-PA,225,1491,0,0,0,1491,A
3-PA,226,0,1491,0,0,1491,T
3-PA,227,0,1494,0,0,1494,T
3-PA,228,0,1489,0,0,1489,T
3-PA,229,0,1,1493,0,1494,G
3-PA,230,1491,0,0,0,1491,A
3-PA,231,1492,0,2,0,1494,A
3-PA,232,1492,0,3,0,1495,A
3-PA,233,0,1464,0,0,1464,T
3-PA,234,1453,0,2,0,1455,A
3-PA,235,1491,0,0,0,1491,A
3-PA,236,0,1486,0,0,1486,T
3-PA,237,3,2,0,1482,1487,C
3-PA,238,2,2,1490,0,1494,G
3-PA,239,1480,0,1,0,1481,A
3-PA,240,0,1,1503,0,1504,G
3-PA,241,1,3,1517,0,1521,G
3-PA,242,0,2,1518,0,1520,G
3-PA,243,0,1,1516,0,1517,G
3-PA,244,1497,0,5,0,1502,A
3-PA,245,0,4,1513,0,1517,G
3-PA,246,1552,0,1,0,1553,A
3-PA,247,0,5,1551,0,1556,G
3-PA,248,1554,0,1,0,1555,A
3-PA,249,0,0,0,1568,1568,C
3-PA,250,1551,0,1,0,1552,A
3-PA,251,0,4,1565,0,1569,G
3-PA,252,1571,0,2,0,1573,A
3-PA,253,1584,0,3,0,1587,A
3-PA,254,0,1,0,1588,1589,C
3-PA,255,1536,0,0,0,1536,A
3-PA,256,1540,0,0,0,1540,A
3-PA,257,1,1536,0,1,1538,T
3-PA,258,1,0,1578,0,1579,G
3-PA,259,0,1,1586,0,1587,G
3-PA,260,0,1,1,1570,1572,C
3-PA,261,1,0,0,1583,1584,C
3-PA,262,0,1573,0,3,1576,T
3-PA,263,0,2,1614,0,1616,G
3-PA,264,1,0,1608,0,1609,G
3-PA,265,1618,0,1,0,1619,A
3-PA,266,0,0,0,1630,1630,C
3-PA,267,1579,0,1,0,1580,A
3-PA,268,2,2,1749,0,1753,G
3-PA,269,0,1744,0,0,1744,T
3-PA,270,1783,0,2,0,1785,A
3-PA,271,0,0,1784,0,1784,G
3-PA,272,0,1759,0,0,1759,T
3-PA,273,1773,1,0,0,1774,A
3-PA,274,1773,0,1,0,1774,A
3-PA,275,1754,0,2,1,1757,A
3-PA,276,0,0,0,1777,1777,C
3-PA,277,1680,0,0,0,1680,A
3-PA,278,0,0,1717,0,1717,G
3-PA,279,0,1704,0,0,1704,T
3-PA,280,1730,0,0,0,1730,A
3-PA,281,0,1715,0,2,1717,T
3-PA,282,1,0,0,1754,1755,C
3-PA,283,0,1751,0,0,1751,T
3-PA,284,1,1,1752,0,1754,G
3-PA,285,0,0,0,1751,1751,C
3-PA,286,1738,0,1,0,1739,A
3-PA,287,1732,0,2,0,1734,A
3-PA,288,0,0,0,1745,1745,C
3-PA,289,1723,0,3,0,1726,A
3-PA,290,0,0,0,1795,1795,C
3-PA,291,0,1770,0,1,1771,T
3-PA,292,1786,0,0,0,1786,A
3-PA,293,0,1,0,1777,1778,C
3-PA,294,3,1769,0,5,1777,T
3-PA,295,2,0,1772,0,1774,G
3-PA,296,0,3,1762,0,1765,G
3-PA,297,1756,0,0,0,1756,A
3-PA,298,1,0,1757,0,1758,G
3-PA,299,1,2,0,1715,1718,C
3-PA,300,0,1712,1,8,1721,T
3-PA,301,1,1,1711,0,1713,G
3-PA,302,0,0,1723,0,1723,G
3-PA,303,1715,0,1,0,1716,A
3-PA,304,1722,0,0,0,1722,A
3-PA,305,1713,0,1,0,1714,A
3-PA,306,1718,0,3,0,1721,A
3-PA,307,0,0,0,1723,1723,C
3-PA,308,0,1,0,1718,1719,C
3-PA,309,0,1,1722,0,1723,G
3-PA,310,1716,1,0,0,1717,A
3-PA,311,1718,0,2,0,1720,A
3-PA,312,0,0,1736,0,1736,G
3-PA,313,0,1728,0,1,1729,T
3-PA,314,0,1741,0,0,1741,T
3-PA,315,1,1736,0,0,1737,T
3-PA,316,4,0,0,1757,1761,C
3-PA,317,0,1770,0,1,1771,T
3-PA,318,1778,0,0,0,1778,A
3-PA,319,0,2,0,1765,1767,C
3-PA,320,0,1,0,1768,1769,C
3-PA,321,1770,0,2,0,1772,A
3-PA,322,0,2,1763,0,1765,G
3-PA,323,1760,1,2,0,1763,A
3-PA,324,0,0,0,1738,1738,C
3-PA,325,0,1773,0,3,1776,T
3-PA,326,1,1782,0,2,1785,T
3-PA,327,1,0,1799,2,1802,G
3-PA,328,0,1802,0,1,1803,T
3-PA,329,1802,0,3,0,1805,A
3-PA,330,0,1807,0,0,1807,T
3-PA,331,1,2,1792,0,1795,G
3-PA,332,1869,0,1,0,1870,A
3-PA,333,0,1846,0,1,1847,T
3-PA,334,1,1853,0,0,1854,T
3-PA,335,1851,0,1,0,1852,A
3-PA,336,0,0,0,1852,1852,C
3-PA,337,1856,0,0,0,1856,A
3-PA,338,1852,0,1,0,1853,A
3-PA,339,1,0,1863,0,1864,G
3-PA,340,0,5,1869,0,1874,G
3-PA,341,1816,0,2,0,1818,A
3-PA,342,0,5,1822,0,1827,G
3-PA,343,1816,0,3,0,1819,A
3-PA,344,1818,1,6,0,1825,A
3-PA,345,0,0,0,1827,1827,C
3-PA,346,1804,0,2,0,1806,A
3-PA,347,2,1,1800,0,1803,G
3-PA,348,1782,0,2,0,1784,A
3-PA,349,0,1759,0,0,1759,T
3-PA,350,0,1759,0,1,1760,T
3-PA,351,1,2,0,1744,1747,C
3-PA,352,1741,0,0,0,1741,A
3-PA,353,0,1737,0,1,1738,T
3-PA,354,2,1,0,1739,1742,C
3-PA,355,0,2,1739,0,1741,G
3-PA,356,1747,0,0,0,1747,A
3-PA,357,1752,0,1,0,1753,A
3-PA,358,1759,0,0,0,1759,A
3-PA,359,0,1752,0,1,1753,T
3-PA,360,0,1748,0,0,1748,T
3-PA,361,0,4,1754,0,1758,G
3-PA,362,1,4,1743,0,1748,G
3-PA,363,1,0,1743,1,1745,G
3-PA,364,0,0,1746,0,1746,G
3-PA,365,0,1718,1,4,1723,T
3-PA,366,0,4,1757,0,1761,G
3-PA,367,1761,0,0,0,1761,A
3-PA,368,0,0,0,1782,1782,C
3-PA,369,1784,0,0,0,1784,A
3-PA,370,1776,0,2,0,1778,A
3-PA,371,0,2,1804,0,1806,G
3-PA,372,0,2,1810,0,1812,G
3-PA,373,1787,0,1,0,1788,A
3-PA,374,1,1,1785,0,1787,G
3-PA,375,1774,0,1,0,1775,A
3-PA,376,0,1,1777,0,1778,G
3-PA,377,1748,0,3,0,1751,A
3-PA,378,1746,0,2,0,1748,A
3-PA,379,3,0,1787,0,1790,G
3-PA,380,0,1757,0,0,1757,T
3-PA,381,8,1,0,1772,1781,C
3-PA,382,3,0,0,1787,1790,C
3-PA,383,1801,0,1,0,1802,A
3-PA,384,0,0,0,1838,1838,C
3-PA,385,1869,0,1,0,1870,A
3-PA,386,0,1894,0,2,1896,T
3-PA,387,1916,0,1,0,1917,A
3-PA,388,0,1858,0,0,1858,T
3-PA,389,1848,0,0,0,1848,A
3-PA,390,0,1815,0,3,1818,T
3-PA,391,0,1812,0,0,1812,T
3-PA,392,1856,0,1,0,1857,A
3-PA,393,1,0,0,1857,1858,C
3-PA,394,1,0,0,1813,1814,C
3-PA,395,0,1781,0,2,1783,T
3-PA,396,0,1753,1,1,1755,T
3-PA,397,0,1,1766,1,1768,G
3-PA,398,1767,0,0,0,1767,A
3-PA,399,1764,0,2,0,1766,A
3-PA,400,1772,0,1,0,1773,A
3-PA,401,1690,1,1,0,1692,A
3-PA,402,0,3,1703,0,1706,G
3-PA,403,0,0,1699,0,1699,G
3-PA,404,0,0,0,1705,1705,C
3-PA,405,1,0,0,1710,1711,C
3-PA,406,1710,0,2,0,1712,A
3-PA,407,1710,0,0,0,1710,A
3-PA,408,1,1707,0,0,1708,T
3-PA,409,1707,0,0,0,1707,A
3-PA,410,1711,0,1,0,1712,A
3-PA,411,0,0,1731,0,1731,G
3-PA,412,1722,0,2,0,1724,A
3-PA,413,0,1713,0,2,1715,T
3-PA,414,1,1714,0,0,1715,T
3-PA,415,1717,0,0,0,1717,A
3-PA,416,1718,0,0,1,1719,A
3-PA,417,1724,0,0,1,1725,A
3-PA,418,0,1726,0,1,1727,T
3-PA,419,0,1,0,1735,1736,C
3-PA,420,0,1692,0,0,1692,T
3-PA,421,0,0,1709,0,1709,G
3-PA,422,1708,1,2,0,1711,A
3-PA,423,3,3,1723,0,1729,G
3-PA,424,1728,0,2,0,1730,A
3-PA,425,1731,0,0,0,1731,A
3-PA,426,0,0,0,1727,1727,C
3-PA,427,1712,0,1,0,1713,A
3-PA,428,0,3,0,1717,1720,C
3-PA,429,1713,0,2,0,1715,A
3-PA,430,0,1,0,1727,1728,C
3-PA,431,1711,0,4,0,1715,A
3-PA,432,0,1,0,1741,1742,C
3-PA,433,1738,0,0,0,1738,A
3-PA,434,1,1735,0,0,1736,T
3-PA,435,2,1731,0,3,1736,T
3-PA,436,7,0,0,1739,1746,C
3-PA,437,1731,0,2,0,1733,A
3-PA,438,0,0,0,1746,1746,C
3-PA,439,1738,0,0,0,1738,A
3-PA,440,0,1723,0,0,1723,T
3-PA,441,0,1678,0,1,1679,T
3-PA,442,1,1693,0,0,1694,T
3-PA,443,0,1692,0,1,1693,T
3-PA,444,1,1,0,1710,1712,C
3-PA,445,0,1696,0,1,1697,T
3-PA,446,8,1,0,1705,1714,C
3-PA,447,1707,0,0,0,1707,A
3-PA,448,1,1699,0,0,1700,T
3-PA,449,0,1711,0,2,1713,T
3-PA,450,3,0,0,1713,1716,C
3-PA,451,1695,0,0,0,1695,A
3-PA,452,0,1,0,1713,1714,C
3-PA,453,0,1694,1,1,1696,T
3-PA,454,1,1,1726,0,1728,G
3-PA,455,0,4,1722,0,1726,G
3-PA,456,1,0,1721,0,1722,G
3-PA,457,0,0,1725,0,1725,G
3-PA,458,1714,0,0,0,1714,A
3-PA,459,1,2,1709,0,1712,G
3-PA,460,0,0,1724,0,1724,G
3-PA,461,1705,0,0,0,1705,A
3-PA,462,1716,0,0,0,1716,A
3-PA,463,1688,0,3,0,1691,A
3-PA,464,0,1670,0,0,1670,T
3-PA,465,0,2,1678,0,1680,G
3-PA,466,0,1,1669,0,1670,G
3-PA,467,0,1,0,1672,1673,C
3-PA,468,0,1,1,1679,1681,C
3-PA,469,1674,0,1,0,1675,A
3-PA,470,0,0,0,1674,1674,C
3-PA,471,1678,0,0,1,1679,A
3-PA,472,1687,1,1,0,1689,A
3-PA,473,1683,0,0,0,1683,A
3-PA,474,0,0,1694,0,1694,G
3-PA,475,0,0,1678,0,1678,G
3-PA,476,1,2,0,1693,1696,C
3-PA,477,1696,0,1,0,1697,A
3-PA,478,0,2,1722,0,1724,G
3-PA,479,1717,0,5,0,1722,A
3-PA,480,0,0,0,1744,1744,C
3-PA,481,0,1729,0,1,1730,T
3-PA,482,1725,0,2,0,1727,A
3-PA,483,3,0,0,1721,1724,C
3-PA,484,1704,0,0,0,1704,A
3-PA,485,2,0,0,1719,1721,C
3-PA,486,0,1674,0,0,1674,T
3-PA,487,1,0,0,1686,1687,C
3-PA,488,0,1671,0,0,1671,T
3-PA,489,4,0,0,1656,1660,C
3-PA,490,1,1,1657,0,1659,G
3-PA,491,1648,0,0,0,1648,A
3-PA,492,0,1,0,1647,1648,C
3-PA,493,1,3,1653,0,1657,G
3-PA,494,1638,0,2,0,1640,A
3-PA,495,7,2,1642,0,1651,G
3-PA,496,0,0,1645,0,1645,G
3-PA,497,1640,1,0,0,1641,A
3-PA,498,1646,0,3,0,1649,A
3-PA,499,1642,0,2,0,1644,A
3-PA,500,0,0,1646,0,1646,G
3-PA,501,1,0,0,1644,1645,C
3-PA,502,1635,0,0,0,1635,A
3-PA,503,2,2,1656,0,1660,G
3-PA,504,0,0,1667,0,1667,G
3-PA,505,1,0,1657,0,1658,G
3-PA,506,1,0,0,1652,1653,C
3-PA,507,0,1646,0,0,1646,T
3-PA,508,1645,0,2,1,1648,A
3-PA,509,2,1,1677,0,1680,G
3-PA,510,1,1,1735,0,1737,G
3-PA,511,1744,0,1,0,1745,A
3-PA,512,0,1711,0,0,1711,T
3-PA,513,0,1680,0,1,1681,T
3-PA,514,1676,0,1,0,1677,A
3-PA,515,1678,0,4,0,1682,A
3-PA,516,0,2,1687,0,1689,G
3-PA,517,1671,0,2,0,1673,A
3-PA,518,0,0,0,1675,1675,C
3-PA,519,0,2,0,1558,1560,C
3-PA,520,1537,0,1,1,1539,A
3-PA,521,0,1,1550,0,1551,G
3-PA,522,0,0,1543,0,1543,G
3-PA,523,0,0,0,1557,1557,C
3-PA,524,0,1484,0,3,1487,T
3-PA,525,2,0,1515,0,1517,G
3-PA,526,0,1503,0,3,1506,T
3-PA,527,0,1505,0,0,1505,T
3-PA,528,0,1507,0,0,1507,T
3-PA,529,1505,0,0,0,1505,A
3-PA,530,1,1,0,1537,1539,C
3-PA,531,4,1,0,1502,1507,C
3-PA,532,1501,0,0,0,1501,A
3-PA,533,0,1499,0,0,1499,T
3-PA,534,1426,0,1,0,1427,A
3-PA,535,1427,0,2,0,1429,A
3-PA,536,1,0,1442,0,1443,G
3-PA,537,1434,0,2,0,1436,A
3-PA,538,0,0,0,1434,1434,C
3-PA,539,1404,0,1,0,1405,A
3-PA,540,1398,0,1,0,1399,A
3-PA,541,0,3,1415,0,1418,G
3-PA,542,1404,0,0,0,1404,A
3-PA,543,1409,0,2,0,1411,A
3-PA,544,1390,0,2,0,1392,A
3-PA,545,1,1344,0,0,1345,T
3-PA,546,1,1,1376,0,1378,G
3-PA,547,0,1,1366,0,1367,G
3-PA,548,0,1,0,1360,1361,C
3-PA,549,1,1,0,1368,1370,C
3-PA,550,1367,0,0,0,1367,A
3-PA,551,1402,0,0,0,1402,A
3-PA,552,1,1,0,1402,1404,C
3-PA,553,1402,0,0,0,1402,A
3-PA,554,1,1,1387,0,1389,G
3-PA,555,1369,0,0,0,1369,A
3-PA,556,0,1,1363,0,1364,G
3-PA,557,1,0,1357,0,1358,G
3-PA,558,1,0,0,1360,1361,C
3-PA,559,1,0,0,1385,1386,C
3-PA,560,0,1370,0,2,1372,T
3-PA,561,0,0,0,1372,1372,C
3-PA,562,0,1376,0,1,1377,T
3-PA,563,1,0,1380,0,1381,G
3-PA,564,1,1,1363,0,1365,G
3-PA,565,0,0,1371,0,1371,G
3-PA,566,1355,0,1,0,1356,A
3-PA,567,0,1306,0,3,1309,T
3-PA,568,0,1296,0,1,1297,T
3-PA,569,4,0,0,1423,1427,C
3-PA,570,1,1,0,1426,1428,C
3-PA,571,0,1432,0,2,1434,T
3-PA,572,0,1428,0,0,1428,T
3-PA,573,0,1436,0,0,1436,T
3-PA,574,2,0,0,1438,1440,C
3-PA,575,0,0,1453,0,1453,G
3-PA,576,0,1438,0,0,1438,T
3-PA,577,3,1,0,1441,1445,C
3-PA,578,1421,0,1,0,1422,A
3-PA,579,0,0,1597,0,1597,G
3-PA,580,0,1594,0,1,1595,T
3-PA,581,3,0,0,1591,1594,C
3-PA,582,0,1,0,1607,1608,C
3-PA,583,3,2,1618,0,1623,G
3-PA,584,1612,0,3,1,1616,A
3-PA,585,1625,1,0,0,1626,A
3-PA,586,1627,0,1,1,1629,A
3-PA,587,0,1,1670,0,1671,G
3-PA,588,1597,0,0,0,1597,A
3-PA,589,0,1,1617,0,1618,G
3-PA,590,0,0,1612,0,1612,G
3-PA,591,1,0,0,1619,1620,C
3-PA,592,2,3,1611,0,1616,G
3-PA,593,1618,0,0,0,1618,A
3-PA,594,1615,0,2,0,1617,A
3-PA,595,1,3,1635,0,1639,G
3-PA,596,1626,0,1,0,1627,A
3-PA,597,1631,1,2,0,1634,A
3-PA,598,1620,1,2,0,1623,A
3-PA,599,0,0,0,1641,1641,C
3-PA,600,1634,0,0,0,1634,A
3-PA,601,1636,0,0,0,1636,A
3-PA,602,0,1638,0,0,1638,T
3-PA,603,0,1639,0,0,1639,T
3-PA,604,1,1,1630,0,1632,G
3-PA,605,1627,0,2,0,1629,A
3-PA,606,1628,0,0,0,1628,A
3-PA,607,0,3,1629,0,1632,G
3-PA,608,1625,0,1,0,1626,A
3-PA,609,1632,0,1,0,1633,A
3-PA,610,1626,0,0,0,1626,A
3-PA,611,1632,0,1,0,1633,A
3-PA,612,1637,0,0,0,1637,A
3-PA,613,0,1637,1,0,1638,T
3-PA,614,0,1639,0,0,1639,T
3-PA,615,0,1644,0,0,1644,T
3-PA,616,2,1,1637,0,1640,G
3-PA,617,1635,0,0,0,1635,A
3-PA,618,1640,0,0,0,1640,A
3-PA,619,1644,0,0,0,1644,A
3-PA,620,0,1666,0,1,1667,T
3-PA,621,3,0,0,1849,1852,C
3-PA,622,1846,0,0,0,1846,A
3-PA,623,0,0,0,1876,1876,C
3-PA,624,1867,0,2,0,1869,A
3-PA,625,2,3,1909,0,1914,G
3-PA,626,3,8,1955,0,1966,G
3-PA,627,2011,0,3,0,2014,A
3-PA,628,2046,0,1,0,2047,A
3-PA,629,0,0,0,2061,2061,C
3-PA,630,0,1994,0,1,1995,T
3-PA,631,2152,0,0,0,2152,A
3-PA,632,0,2171,0,2,2173,T
3-PA,633,0,1,2254,0,2255,G
3-PA,634,0,1,1,2237,2239,C
3-PA,635,3,2,2212,0,2217,G
3-PA,636,1,2198,0,0,2199,T
3-PA,637,2186,1,0,0,2187,A
3-PA,638,0,3,2207,0,2210,G
3-PA,639,1,0,2176,0,2177,G
3-PA,640,1,0,0,2179,2180,C
3-PA,641,0,2152,0,1,2153,T
3-PA,642,0,2123,0,1,2124,T
3-PA,643,2,1,2104,0,2107,G
3-PA,644,0,2,0,2113,2115,C
3-PA,645,1,0,0,2125,2126,C
3-PA,646,0,7,2130,0,2137,G
3-PA,647,2139,0,2,0,2141,A
3-PA,648,1,1,0,2159,2161,C
3-PA,649,5,1,0,2153,2159,C
3-PA,650,2169,0,4,0,2173,A
3-PA,651,2180,0,0,0,2180,A
3-PA,652,2169,0,1,0,2170,A
3-PA,653,0,0,2207,0,2207,G
3-PA,654,1,2187,0,2,2190,T
3-PA,655,4,0,0,2218,2222,C
3-PA,656,0,2210,0,2,2212,T
3-PA,657,7,2,0,2221,2230,C
3-PA,658,4,1,0,2225,2230,C
3-PA,659,5,1,0,2226,2232,C
3-PA,660,2233,0,1,0,2234,A
3-PA,661,1,0,0,2249,2250,C
3-PA,662,2,1,1,2231,2235,C
3-PA,663,4,2,2238,0,2244,G
3-PA,664,2273,0,0,0,2273,A
3-PA,665,2271,0,3,0,2274,A
3-PA,666,2,1,0,2291,2294,C
3-PA,667,0,2274,1,5,2280,T
3-PA,668,0,2317,0,5,2322,T
3-PA,669,0,0,0,2348,2348,C
3-PA,670,0,2326,0,6,2332,T
3-PA,671,4,0,0,2350,2354,C
3-PA,672,1,0,0,2333,2334,C
3-PA,673,0,2317,0,4,2321,T
3-PA,674,0,1,2339,0,2340,G
3-PA,675,0,0,0,2331,2331,C
3-PA,676,2,2,0,2338,2342,C
3-PA,677,1,2322,0,3,2326,T
3-PA,678,0,2324,0,2,2326,T
3-PA,679,0,3,2327,0,2330,G
3-PA,680,2321,0,1,0,2322,A
3-PA,681,0,2,2362,0,2364,G
3-PA,682,2356,0,1,0,2357,A
3-PA,683,2368,0,1,0,2369,A
3-PA,684,0,2432,0,1,2433,T
3-PA,685,0,2444,0,1,2445,T
3-PA,686,0,2432,0,1,2433,T
3-PA,687,0,2451,0,0,2451,T
3-PA,688,2435,0,6,0,2441,A
3-PA,689,0,3,2436,0,2439,G
3-PA,690,2413,0,3,0,2416,A
3-PA,691,1,1,2484,0,2486,G
3-PA,692,0,2,0,2478,2480,C
3-PA,693,0,1,0,2508,2509,C
3-PA,694,0,2577,0,3,2580,T
3-PA,695,2680,3,1,0,2684,A
3-PA,696,0,2691,0,1,2692,T
3-PA,697,3,1,2705,0,2709,G
3-PA,698,0,2692,0,0,2692,T
3-PA,699,0,7,2693,0,2700,G
3-PA,700,2,1,2663,0,2666,G
3-PA,701,2640,1,7,0,2648,A
3-PA,702,1,2619,0,0,2620,T
3-PA,703,1,4,2585,0,2590,G
3-PA,704,1,5,2617,0,2623,G
3-PA,705,2624,0,0,0,2624,A
3-PA,706,0,2618,0,0,2618,T
3-PA,707,0,2608,0,2,2610,T
3-PA,708,3,1,0,2615,2619,C
3-PA,709,0,9,2600,0,2609,G
3-PA,710,2616,0,2,0,2618,A
3-PA,711,2618,0,0,0,2618,A
3-PA,712,0,0,0,2637,2637,C
3-PA,713,3,2,0,2592,2597,C
3-PA,714,2,5,2599,1,2607,G
3-PA,715,2592,0,0,0,2592,A
3-PA,716,2590,0,2,0,2592,A
3-PA,717,0,7,0,2612,2619,C
3-PA,718,0,3,2598,0,2601,G
3-PA,719,0,1,2647,0,2648,G
3-PA,720,0,2,0,2666,2668,C
3-PA,721,0,2649,0,4,2653,T
3-PA,722,1,1,2714,0,2716,G
3-PA,723,2,0,0,2726,2728,C
3-PA,724,2766,0,1,1,2768,A
3-PA,725,0,2763,0,2,2765,T
3-PA,726,0,2739,0,2,2741,T
3-PA,727,2,4,2731,0,2737,G
3-PA,728,2674,1,4,0,2679,A
3-PA,729,3,4,2705,0,2712,G
3-PA,730,0,7,2705,0,2712,G
3-PA,731,2,0,2697,0,2699,G
3-PA,732,1,1,0,2690,2692,C
3-PA,733,2675,0,0,0,2675,A
3-PA,734,2671,1,5,0,2677,A
3-PA,735,1,0,2697,0,2698,G
3-PA,736,0,0,0,2707,2707,C
3-PA,737,0,2717,0,2,2719,T
3-PA,738,1,2717,0,1,2719,T
3-PA,739,0,2731,0,1,2732,T
3-PA,740,3,0,0,2726,2729,C
3-PA,741,0,2722,0,5,2727,T
3-PA,742,5,1,0,2740,2746,C
3-PA,743,2734,1,1,1,2737,A
3-PA,744,2717,0,1,0,2718,A
3-PA,745,2723,0,0,0,2723,A
3-PA,746,0,2724,0,0,2724,T
3-PA,747,4,0,2796,0,2800,G
3-PA,748,1,2775,0,3,2779,T
3-PA,749,1,1,0,2806,2808,C
3-PA,750,3,0,0,2812,2815,C
3-PA,751,2814,0,1,0,2815,A
3-PA,752,2812,0,2,0,2814,A
3-PA,753,2813,0,2,0,2815,A
3-PA,754,1,0,2842,0,2843,G
3-PA,755,2833,0,4,0,2837,A
3-PA,756,2782,1,4,0,2787,A
3-PA,757,1,0,2802,0,2803,G
3-PA,758,0,2766,0,4,2770,T
3-PA,759,1,6,2770,0,2777,G
3-PA,760,2757,0,5,0,2762,A
3-PA,761,2755,0,4,0,2759,A
3-PA,762,1,2765,0,0,2766,T
3-PA,763,2,1,2754,0,2757,G
3-PA,764,2,1,0,2765,2768,C
3-PA,765,2,1,0,2767,2770,C
3-PA,766,4,1,0,2765,2770,C
3-PA,767,2768,0,0,0,2768,A
3-PA,768,2795,0,0,0,2795,A
3-PA,769,2818,0,1,0,2819,A
3-PA,770,1,2804,0,0,2805,T
3-PA,771,0,2810,0,0,2810,T
3-PA,772,3,6,2804,0,2813,G
3-PA,773,2798,0,2,0,2800,A
3-PA,774,2776,0,3,0,2779,A
3-PA,775,0,0,0,2795,2795,C
3-PA,776,6,1,0,2790,2797,C
3-PA,777,1,2755,0,10,2766,T
3-PA,778,0,2837,0,0,2837,T
3-PA,779,0,2845,0,0,2845,T
3-PA,780,0,2910,0,4,2914,T
3-PA,781,4,0,0,2928,2932,C
3-PA,782,0,2913,0,3,2916,T
3-PA,783,3,2,2922,0,2927,G
3-PA,784,2906,0,4,0,2910,A
3-PA,785,2945,0,2,0,2947,A
3-PA,786,0,6,2952,0,2958,G
3-PA,787,2904,0,4,0,2908,A
3-PA,788,0,0,0,2923,2923,C
3-PA,789,2874,0,0,0,2874,A
3-PA,790,2895,0,1,0,2896,A
3-PA,791,1,2,0,3154,3157,C
3-PA,792,3150,0,5,0,3155,A
3-PA,793,0,1,0,3168,3169,C
3-PA,794,1,0,0,3131,3132,C
3-PA,795,3125,0,1,0,3126,A
3-PA,796,3121,1,9,0,3131,A
3-PA,797,1,1,3135,0,3137,G
3-PA,798,3117,0,3,0,3120,A
3-PA,799,1,0,0,3131,3132,C
3-PA,800,5,0,0,2921,2926,C
3-PA,801,2905,0,1,0,2906,A
3-PA,802,2917,0,2,0,2919,A
3-PA,803,0,2909,0,2,2911,T
3-PA,804,2,2,0,2903,2907,C
3-PA,805,2921,0,0,0,2921,A
3-PA,806,2910,0,0,0,2910,A
3-PA,807,2900,0,3,0,2903,A
3-PA,808,0,0,0,2944,2944,C
3-PA,809,0,2904,0,1,2905,T
3-PA,810,0,2908,0,2,2910,T
3-PA,811,1,0,0,2931,2932,C
3-PA,812,2,1,0,2933,2936,C
3-PA,813,1,5,2952,0,2958,G
3-PA,814,2958,0,1,0,2959,A
3-PA,815,2958,0,0,0,2958,A
3-PA,816,0,2951,0,1,2952,T
3-PA,817,3,3,2943,0,2949,G
3-PA,818,1,2,2932,0,2935,G
3-PA,819,2947,0,4,0,2951,A
3-PA,820,0,0,0,2978,2978,C
3-PA,821,6,0,0,2958,2964,C
3-PA,822,0,3040,0,3,3043,T
3-PA,823,1,0,1,3131,3133,C
3-PA,824,3,0,0,3142,3145,C
3-PA,825,0,3143,0,2,3145,T
3-PA,826,0,3151,0,1,3152,T
3-PA,827,3,0,3276,0,3279,G
3-PA,828,0,3246,0,2,3248,T
3-PA,829,0,3247,0,1,3248,T
3-PA,830,3239,0,1,0,3240,A
3-PA,831,0,3137,0,1,3138,T
3-PA,832,2,1,0,3121,3124,C
3-PA,833,3031,1,0,0,3032,A
3-PA,834,1,0,3026,0,3027,G
3-PA,835,0,0,0,3014,3014,C
3-PA,836,4,2,2904,0,2910,G
3-PA,837,2,0,2985,0,2987,G
3-PA,838,0,2963,0,6,2969,T
3-PA,839,4,0,0,3003,3007,C
3-PA,840,4,0,0,3003,3007,C
3-PA,841,3025,0,3,0,3028,A
3-PA,842,3024,0,0,0,3024,A
3-PA,843,3028,1,0,0,3029,A
3-PA,844,0,3018,0,1,3019,T
3-PA,845,0,3019,0,0,3019,T
3-PA,846,2,0,0,2997,2999,C
3-PA,847,1,1,0,2948,2950,C
3-PA,848,0,2937,0,5,2942,T
3-PA,849,1,0,0,2958,2959,C
3-PA,850,2,0,0,2975,2977,C
3-PA,851,0,2964,0,3,2967,T
3-PA,852,3,0,2984,0,2987,G
3-PA,853,2974,0,2,0,2976,A
3-PA,854,0,2978,0,1,2979,T
3-PA,855,3,4,2940,0,2947,G
3-PA,856,1,2,2914,0,2917,G
3-PA,857,2900,0,1,0,2901,A
3-PA,858,1,2875,0,0,2876,T
3-PA,859,4,0,2889,0,2893,G
3-PA,860,0,0,1,2978,2979,C
3-PA,861,0,2969,1,3,2973,T
3-PA,862,0,2982,0,1,2983,T
3-PA,863,1,2986,0,0,2987,T
3-PA,864,2974,1,0,0,2975,A
3-PA,865,2999,0,0,0,2999,A
3-PA,866,2980,0,2,0,2982,A
3-PA,867,2999,0,1,0,3000,A
3-PA,868,0,2991,0,0,2991,T
3-PA,869,0,2771,0,0,2771,T
3-PA,870,1,12,2771,0,2784,G
3-PA,871,2758,0,3,0,2761,A
3-PA,872,0,1,2790,0,2791,G
3-PA,873,3,1,0,2802,2806,C
3-PA,874,2800,0,1,0,2801,A
3-PA,875,0,2854,0,0,2854,T
3-PA,876,0,2850,1,0,2851,T
3-PA,877,2,1,2839,0,2842,G
3-PA,878,2858,0,0,0,2858,A
3-PA,879,2821,0,12,0,2833,A
3-PA,880,1,2,2834,0,2837,G
3-PA,881,2767,0,3,0,2770,A
3-PA,882,1,0,0,2788,2789,C
3-PA,883,3,0,1,2775,2779,C
3-PA,884,10,1,0,2730,2741,C
3-PA,885,2727,0,2,0,2729,A
3-PA,886,2742,0,1,0,2743,A
3-PA,887,1,2,2754,0,2757,G
3-PA,888,0,2746,0,6,2752,T
3-PA,889,4,1,0,2766,2771,C
3-PA,890,2760,1,2,0,2763,A
3-PA,891,0,2,0,2777,2779,C
3-PA,892,2,2,2769,0,2773,G
3-PA,893,2793,0,0,0,2793,A
3-PA,894,2793,1,4,0,2798,A
3-PA,895,3,3,2879,0,2885,G
3-PA,896,0,4,2869,0,2873,G
3-PA,897,2844,0,5,0,2849,A
3-PA,898,1,2,2883,0,2886,G
3-PA,899,2879,0,2,0,2881,A
3-PA,900,2879,0,5,0,2884,A
3-PA,901,2,2,2886,0,2890,G
3-PA,902,2,2,2844,1,2849,G
3-PA,903,2,1,2858,0,2861,G
3-PA,904,2792,0,3,0,2795,A
3-PA,905,1,2808,0,5,2814,T
3-PA,906,2,1,0,2822,2825,C
3-PA,907,2,0,0,3035,3037,C
3-PA,908,8,1,0,3072,3081,C
3-PA,909,3125,0,1,0,3126,A
3-PA,910,0,3134,3,0,3137,T
3-PA,911,0,3150,0,1,3151,T
3-PA,912,3212,0,0,0,3212,A
3-PA,913,1,3204,0,0,3205,T
3-PA,914,3204,0,1,0,3205,A
3-PA,915,0,3178,1,4,3183,T
3-PA,916,2,6,2895,0,2903,G
3-PA,917,2897,0,2,0,2899,A
3-PA,918,0,2862,0,1,2863,T
3-PA,919,0,0,2876,0,2876,G
3-PA,920,1,3,0,2854,2858,C
3-PA,921,3,6,2856,0,2865,G
3-PA,922,2860,0,2,0,2862,A
3-PA,923,0,2870,1,1,2872,T
3-PA,924,10,1,0,2882,2893,C
3-PA,925,2874,2,1,0,2877,A
3-PA,926,2852,1,7,0,2860,A
3-PA,927,0,0,2871,0,2871,G
3-PA,928,1,2838,1,1,2841,T
3-PA,929,0,1,2874,0,2875,G
3-PA,930,1,1,0,2878,2880,C
3-PA,931,2862,0,3,0,2865,A
3-PA,932,0,2882,0,2,2884,T
3-PA,933,2882,0,0,0,2882,A
3-PA,934,2902,0,2,0,2904,A
3-PA,935,2907,0,2,0,2909,A
3-PA,936,2898,0,2,0,2900,A
3-PA,937,2892,0,1,0,2893,A
3-PA,938,0,0,0,2898,2898,C
3-PA,939,2864,0,0,0,2864,A
3-PA,940,0,2868,0,2,2870,T
3-PA,941,0,2868,0,1,2869,T
3-PA,942,5,0,1,2883,2889,C
3-PA,943,0,2871,0,0,2871,T
3-PA,944,0,2861,0,1,2862,T
3-PA,945,0,2866,0,0,2866,T
3-PA,946,0,4,2854,0,2858,G
3-PA,947,2,1,2845,1,2849,G
3-PA,948,2839,2,3,0,2844,A
3-PA,949,0,2849,0,1,2850,T
3-PA,950,2,2,2865,0,2869,G
3-PA,951,0,2,2934,0,2936,G
3-PA,952,2941,0,2,0,2943,A
3-PA,953,2956,0,1,0,2957,A
3-PA,954,2958,0,1,0,2959,A
3-PA,955,3,1,2966,0,2970,G
3-PA,956,2959,0,2,0,2961,A
3-PA,957,3243,0,2,0,3245,A
3-PA,958,1,0,0,3295,3296,C
3-PA,959,2,1,0,3304,3307,C
3-PA,960,1,3288,1,3,3293,T
3-PA,961,0,3354,0,2,3356,T
3-PA,962,3382,0,1,0,3383,A
3-PA,963,1,3366,0,0,3367,T
3-PA,964,3353,0,2,0,3355,A
3-PA,965,0,3404,0,3,3407,T
3-PA,966,3188,0,1,1,3190,A
3-PA,967,1,1,3211,0,3213,G
3-PA,968,0,3159,1,5,3165,T
3-PA,969,6,0,0,3169,3175,C
3-PA,970,3143,0,3,0,3146,A
3-PA,971,3141,0,3,0,3144,A
3-PA,972,3150,0,0,1,3151,A
3-PA,973,0,0,0,3160,3160,C
3-PA,974,3,2,0,3116,3121,C
3-PA,975,3078,0,2,0,3080,A
3-PA,976,0,2,0,3107,3109,C
3-PA,977,3104,0,5,0,3109,A
3-PA,978,0,5,0,3118,3123,C
3-PA,979,1,4,3118,0,3123,G
3-PA,980,3085,0,0,0,3085,A
3-PA,981,3105,0,6,0,3111,A
3-PA,982,3106,0,1,0,3107,A
3-PA,983,3096,0,7,0,3103,A
3-PA,984,1,6,3135,0,3142,G
3-PA,985,0,2,3107,1,3110,G
3-PA,986,1,1,3114,0,3116,G
3-PA,987,3109,0,5,0,3114,A
3-PA,988,3120,1,0,1,3122,A
3-PA,989,0,3131,0,0,3131,T
3-PA,990,3127,0,1,0,3128,A
3-PA,991,3134,0,0,0,3134,A
3-PA,992,3132,0,0,0,3132,A
3-PA,993,0,3117,0,0,3117,T
3-PA,994,1,3112,0,0,3113,T
3-PA,995,5,1,0,3128,3134,C
3-PA,996,3139,0,0,0,3139,A
3-PA,997,3141,0,3,0,3144,A
3-PA,998,3151,0,0,1,3152,A
3-PA,999,0,3151,0,2,3153,T
3-PA,1000,0,3163,0,0,3163,T
3-PA,1001,3170,0,1,0,3171,A
3-PA,1002,0,1,0,3178,3179,C
3-PA,1003,2,0,0,3175,3177,C
3-PA,1004,0,3129,0,4,3133,T
3-PA,1005,4,0,3155,0,3159,G
3-PA,1006,0,2,0,3159,3161,C
3-PA,1007,0,3153,0,4,3157,T
3-PA,1008,1,0,3222,0,3223,G
3-PA,1009,1,3221,0,1,3223,T
3-PA,1010,8,0,0,3227,3235,C
3-PA,1011,3238,2,0,0,3240,A
3-PA,1012,2,3241,0,7,3250,T
3-PA,1013,1,6,3243,0,3250,G
3-PA,1014,2,1,3230,0,3233,G
3-PA,1015,3239,0,4,0,3243,A
3-PA,1016,3309,0,1,0,3310,A
3-PA,1017,4,0,3272,0,3276,G
3-PA,1018,0,1,0,3289,3290,C
3-PA,1019,3282,0,3,0,3285,A
3-PA,1020,3287,0,2,0,3289,A
3-PA,1021,2,1,3301,0,3304,G
3-PA,1022,0,3300,0,1,3301,T
3-PA,1023,3295,0,1,0,3296,A
3-PA,1024,0,1,0,3309,3310,C
3-PA,1025,0,3247,0,1,3248,T
3-PA,1026,1,1,3284,0,3286,G
3-PA,1027,0,3248,0,5,3253,T
3-PA,1028,4,1,0,3276,3281,C
3-PA,1029,3261,0,3,0,3264,A
3-PA,1030,1,7,3279,1,3288,G
3-PA,1031,3277,0,0,0,3277,A
3-PA,1032,3282,0,0,0,3282,A
3-PA,1033,0,3339,0,1,3340,T
3-PA,1034,0,3324,0,0,3324,T
3-PA,1035,0,0,3313,1,3314,G
3-PA,1036,0,1,1,3317,3319,C
3-PA,1037,3314,2,5,0,3321,A
3-PA,1038,0,4,3319,0,3323,G
3-PA,1039,2,4,3298,0,3304,G
3-PA,1040,3318,0,2,0,3320,A
3-PA,1041,1,2,0,3335,3338,C
3-PA,1042,3301,0,4,0,3305,A
3-PA,1043,0,3324,0,1,3325,T
3-PA,1044,0,3336,0,4,3340,T
3-PA,1045,0,4,3351,0,3355,G
3-PA,1046,3349,1,1,0,3351,A
3-PA,1047,3353,0,0,0,3353,A
3-PA,1048,3335,0,2,0,3337,A
3-PA,1049,3341,0,1,0,3342,A
3-PA,1050,0,3312,0,0,3312,T
3-PA,1051,3,2,3335,0,3340,G
3-PA,1052,3305,0,5,0,3310,A
3-PA,1053,2,2,3347,1,3352,G
3-PA,1054,0,4,3351,0,3355,G
3-PA,1055,3316,0,3,0,3319,A
3-PA,1056,1,1,3354,0,3356,G
3-PA,1057,3346,0,2,0,3348,A
3-PA,1058,3342,0,6,0,3348,A
3-PA,1059,0,1,3345,0,3346,G
3-PA,1060,5,0,3292,0,3297,G
3-PA,1061,1,3369,0,4,3374,T
3-PA,1062,0,3394,0,5,3399,T
3-PA,1063,2,0,0,3406,3408,C
3-PA,1064,3,1,0,3418,3422,C
3-PA,1065,3421,1,4,0,3426,A
3-PA,1066,3411,0,3,0,3414,A
3-PA,1067,0,4,3443,0,3447,G
3-PA,1068,2,4,3485,0,3491,G
3-PA,1069,3431,0,4,0,3435,A
3-PA,1070,0,1,0,3461,3462,C
3-PA,1071,0,3455,0,1,3456,T
3-PA,1072,3464,0,1,0,3465,A
3-PA,1073,3457,1,2,0,3460,A
3-PA,1074,3464,1,2,0,3467,A
3-PA,1075,3468,0,2,0,3470,A
3-PA,1076,3451,0,2,2,3455,A
3-PA,1077,1,0,0,3409,3410,C
3-PA,1078,3398,0,0,0,3398,A
3-PA,1079,1,3379,1,0,3381,T
3-PA,1080,2,2,3419,0,3423,G
3-PA,1081,3410,0,3,0,3413,A
3-PA,1082,3419,0,1,1,3421,A
3-PA,1083,1,1,3446,0,3448,G
3-PA,1084,3442,0,0,0,3442,A
3-PA,1085,3443,0,2,0,3445,A
3-PA,1086,3429,0,4,0,3433,A
3-PA,1087,3413,0,3,0,3416,A
3-PA,1088,0,1,0,3430,3431,C
3-PA,1089,2,2,3423,1,3428,G
3-PA,1090,3425,0,4,0,3429,A
3-PA,1091,3,1,3419,0,3423,G
3-PA,1092,1,3399,0,2,3402,T
3-PA,1093,8,0,0,3465,3473,C
3-PA,1094,3497,0,2,0,3499,A
3-PA,1095,3530,0,0,0,3530,A
3-PA,1096,0,2,0,3533,3535,C
3-PA,1097,0,3526,0,5,3531,T
3-PA,1098,2,4,3588,0,3594,G
3-PA,1099,3580,0,3,0,3583,A
3-PA,1100,3598,0,2,0,3600,A
3-PA,1101,0,2,3612,0,3614,G
3-PA,1102,0,3478,0,2,3480,T
3-PA,1103,3,7,3507,0,3517,G
3-PA,1104,0,3,3492,0,3495,G
3-PA,1105,0,2,3506,0,3508,G
3-PA,1106,1,0,0,3498,3499,C
3-PA,1107,1,3487,0,6,3494,T
3-PA,1108,4,1,0,3527,3532,C
3-PA,1109,0,3535,1,2,3538,T
3-PA,1110,0,3550,0,1,3551,T
3-PA,1111,0,3,3664,0,3667,G
3-PA,1112,0,1,3692,0,3693,G
3-PA,1113,0,3665,0,5,3670,T
3-PA,1114,3,7,3665,1,3676,G
3-PA,1115,3672,0,4,1,3677,A
3-PA,1116,3729,0,5,1,3735,A
3-PA,1117,3723,0,5,0,3728,A
3-PA,1118,3759,0,0,0,3759,A
3-PA,1119,0,3,0,3795,3798,C
3-PA,1120,3754,1,1,0,3756,A
3-PA,1121,0,3751,0,2,3753,T
3-PA,1122,10,3,3744,0,3757,G
3-PA,1123,1,2,3801,0,3804,G
3-PA,1124,0,3,0,3846,3849,C
3-PA,1125,3833,0,5,5,3843,A
3-PA,1126,1,1,0,3875,3877,C
3-PA,1127,6,1,0,3904,3911,C
3-PA,1128,3979,1,1,0,3981,A
3-PA,1129,0,5,4057,0,4062,G
3-PA,1130,4026,1,2,0,4029,A
3-PA,1131,6,3,4089,0,4098,G
3-PA,1132,4127,1,5,0,4133,A
3-PA,1133,4142,1,4,0,4147,A
3-PA,1134,1,3,4184,0,4188,G
3-PA,1135,1,0,4160,0,4161,G
3-PA,1136,1,4056,0,5,4062,T
3-PA,1137,4118,0,3,0,4121,A
3-PA,1138,1,6,4110,0,4117,G
3-PA,1139,4110,1,3,0,4114,A
3-PA,1140,1,1,0,4157,4159,C
3-PA,1141,0,4128,0,4,4132,T
3-PA,1142,0,4122,1,2,4125,T
3-PA,1143,1,4140,1,0,4142,T
3-PA,1144,2,2,4140,0,4144,G
3-PA,1145,4129,0,7,2,4138,A
3-PA,1146,4148,0,0,0,4148,A
3-PA,1147,4140,0,4,0,4144,A
3-PA,1148,4142,1,1,0,4144,A
3-PA,1149,0,1,0,4236,4237,C
3-PA,1150,1,4221,0,2,4224,T
3-PA,1151,0,0,4287,1,4288,G
3-PA,1152,1,2,0,4276,4279,C
3-PA,1153,4280,0,4,0,4284,A
3-PA,1154,2,0,4279,0,4281,G
3-PA,1155,4274,0,5,0,4279,A
3-PA,1156,1,5,4462,0,4468,G
3-PA,1157,4465,0,4,0,4469,A
3-PA,1158,2,0,0,4456,4458,C
3-PA,1159,4460,0,6,0,4466,A
3-PA,1160,0,4452,0,1,4453,T
3-PA,1161,4455,0,3,0,4458,A
3-PA,1162,4451,0,1,1,4453,A
3-PA,1163,0,0,4455,0,4455,G
3-PA,1164,2,1,1,4430,4434,C
3-PA,1165,1,6,4393,0,4400,G
3-PA,1166,4489,0,2,0,4491,A
3-PA,1167,1,4464,0,2,4467,T
3-PA,1168,0,4484,0,1,4485,T
3-PA,1169,0,4489,0,2,4491,T
3-PA,1170,5,3,4484,0,4492,G
3-PA,1171,4501,0,4,0,4505,A
3-PA,1172,4494,0,6,1,4501,A
3-PA,1173,1,2,4528,0,4531,G
3-PA,1174,4,0,1,4620,4625,C
3-PA,1175,4601,0,1,0,4602,A
3-PA,1176,4903,1,3,0,4907,A
3-PA,1177,0,4917,0,0,4917,T
3-PA,1178,4932,0,3,0,4935,A
3-PA,1179,0,4963,0,2,4965,T
3-PA,1180,5,10,4981,0,4996,G
3-PA,1181,5030,0,8,0,5038,A
3-PA,1182,1,5017,0,4,5022,T
3-PA,1183,4910,0,3,0,4913,A
3-PA,1184,3,2,4909,0,4914,G
3-PA,1185,0,4763,0,5,4768,T
3-PA,1186,0,9,4785,0,4794,G
3-PA,1187,4764,0,11,0,4775,A
3-PA,1188,1,0,0,4750,4751,C
3-PA,1189,3,8,4713,0,4724,G
3-PA,1190,4767,1,2,0,4770,A
3-PA,1191,4759,0,5,0,4764,A
3-PA,1192,1,1,0,4792,4794,C
3-PA,1193,2,0,0,4808,4810,C
3-PA,1194,1,4796,0,6,4803,T
3-PA,1195,4,8,4960,0,4972,G
3-PA,1196,4937,0,4,0,4941,A
3-PA,1197,4981,0,1,0,4982,A
3-PA,1198,0,4975,0,2,4977,T
3-PA,1199,1,4954,1,4,4960,T
3-PA,1200,4957,0,2,0,4959,A
3-PA,1201,4908,0,8,0,4916,A
3-PA,1202,2,6,4933,0,4941,G
3-PA,1203,0,1,4948,0,4949,G
3-PA,1204,2,4832,0,9,4843,T
3-PA,1205,17,2,0,4847,4866,C
3-PA,1206,4840,0,4,0,4844,A
3-PA,1207,1,0,0,5040,5041,C
3-PA,1208,1,5043,0,7,5051,T
3-PA,1209,2,5042,0,7,5051,T
3-PA,1210,1,5051,0,4,5056,T
3-PA,1211,0,0,1,5049,5050,C
3-PA,1212,5053,0,3,2,5058,A
3-PA,1213,5050,0,1,0,5051,A
3-PA,1214,0,2,5117,0,5119,G
3-PA,1215,1,0,0,5110,5111,C
3-PA,1216,1,5054,0,2,5057,T
3-PA,1217,1,7,5198,0,5206,G
3-PA,1218,4,4,5217,0,5225,G
3-PA,1219,5308,1,5,0,5314,A
3-PA,1220,0,5346,0,1,5347,T
3-PA,1221,5342,0,4,0,5346,A
3-PA,1222,0,1,0,5401,5402,C
3-PA,1223,5344,1,3,0,5348,A
3-PA,1224,1,7,5413,0,5421,G
3-PA,1225,5412,0,8,0,5420,A
3-PA,1226,5333,0,4,0,5337,A
3-PA,1227,0,5290,0,1,5291,T
3-PA,1228,1,8,5321,0,5330,G
3-PA,1229,5272,0,7,0,5279,A
3-PA,1230,0,1,5372,0,5373,G
3-PA,1231,0,5337,1,7,5345,T
3-PA,1232,1,5295,1,2,5299,T
3-PA,1233,9,2,0,5422,5433,C
3-PA,1234,5467,1,5,0,5473,A
3-PA,1235,5481,0,2,0,5483,A
3-PA,1236,0,2,1,5473,5476,C
3-PA,1237,5418,1,4,0,5423,A
3-PA,1238,5411,1,6,0,5418,A
3-PA,1239,5,5,5419,0,5429,G
3-PA,1240,1,0,5430,0,5431,G
3-PA,1241,0,0,0,5450,5450,C
3-PA,1242,2,4,0,5467,5473,C
3-PA,1243,2,5432,0,5,5439,T
3-PA,1244,1,0,5509,1,5511,G
3-PA,1245,0,5486,0,2,5488,T
3-PA,1246,3,11,5551,0,5565,G
3-PA,1247,5567,1,8,1,5577,A
3-PA,1248,16,1,5540,0,5557,G
3-PA,1249,0,5,0,5538,5543,C
3-PA,1250,0,5516,1,5,5522,T
3-PA,1251,5657,0,2,0,5659,A
3-PA,1252,5658,1,0,0,5659,A
3-PA,1253,1,0,0,5667,5668,C
3-PA,1254,0,5636,0,3,5639,T
3-PA,1255,2,17,5666,1,5686,G
3-PA,1256,5656,0,2,0,5658,A
3-PA,1257,0,5642,0,0,5642,T
3-PA,1258,0,5649,0,4,5653,T
3-PA,1259,10,0,0,5683,5693,C
3-PA,1260,5831,3,2,0,5836,A
3-PA,1261,1,0,5987,0,5988,G
3-PA,1262,0,5955,0,5,5960,T
3-PA,1263,13,1,0,5978,5992,C
3-PA,1264,1,5956,1,5,5963,T
3-PA,1265,0,6,6179,0,6185,G
3-PA,1266,1,4,6187,0,6192,G
3-PA,1267,6196,0,6,0,6202,A
3-PA,1268,0,6209,0,7,6216,T
3-PA,1269,5984,1,2,0,5987,A
3-PA,1270,2,5,5976,0,5983,G
3-PA,1271,5911,0,8,2,5921,A
3-PA,1272,1,1,5941,0,5943,G
3-PA,1273,1,1,0,5928,5930,C
3-PA,1274,0,5856,0,5,5861,T
3-PA,1275,6,0,0,5893,5899,C
3-PA,1276,3,6,5917,0,5926,G
3-PA,1277,5919,0,5,0,5924,A
3-PA,1278,1,5935,0,0,5936,T
3-PA,1279,6,3,5925,0,5934,G
3-PA,1280,6006,0,5,0,6011,A
3-PA,1281,6015,0,3,1,6019,A
3-PA,1282,6039,0,0,0,6039,A
3-PA,1283,0,6014,0,3,6017,T
3-PA,1284,0,6024,0,2,6026,T
3-PA,1285,2,6,6065,0,6073,G
3-PA,1286,1,6,6047,0,6054,G
3-PA,1287,6065,0,8,0,6073,A
3-PA,1288,5,8,6064,0,6077,G
3-PA,1289,6004,1,4,0,6009,A
3-PA,1290,3,3,6026,0,6032,G
3-PA,1291,0,3,6056,0,6059,G
3-PA,1292,6124,0,3,0,6127,A
3-PA,1293,1,4,0,6140,6145,C
3-PA,1294,2,0,6109,0,6111,G
3-PA,1295,0,6123,0,2,6125,T
3-PA,1296,6156,0,4,0,6160,A
3-PA,1297,1,2,6204,2,6209,G
3-PA,1298,1,1,0,6214,6216,C
3-PA,1299,3,3,0,6176,6182,C
3-PA,1300,11,3,0,6147,6161,C
3-PA,1301,6,3,0,6182,6191,C
3-PA,1302,6204,0,1,1,6206,A
3-PA,1303,6373,0,1,0,6374,A
3-PA,1304,0,6335,0,2,6337,T
3-PA,1305,0,6337,0,1,6338,T
3-PA,1306,1,11,6315,0,6327,G
3-PA,1307,6234,1,9,0,6244,A
3-PA,1308,4,2,6250,0,6256,G
3-PA,1309,1,4,0,6236,6241,C
3-PA,1310,6230,1,4,0,6235,A
3-PA,1311,0,1,0,6370,6371,C
3-PA,1312,6246,0,0,0,6246,A
3-PA,1313,0,6396,0,10,6406,T
3-PA,1314,0,6390,0,6,6396,T
3-PA,1315,4,0,6403,0,6407,G
3-PA,1316,1,2,0,6386,6389,C
3-PA,1317,6391,0,6,0,6397,A
3-PA,1318,6391,1,6,0,6398,A
3-PA,1319,2,1,6398,0,6401,G
3-PA,1320,0,1,1,6321,6323,C
3-PA,1321,6325,0,9,0,6334,A
3-PA,1322,0,6193,0,5,6198,T
3-PA,1323,1,11,6194,0,6206,G
3-PA,1324,6166,2,4,1,6173,A
3-PA,1325,3,10,6199,0,6212,G
3-PA,1326,6200,1,5,0,6206,A
3-PA,1327,6203,1,8,0,6212,A
3-PA,1328,4,5,6198,0,6207,G
3-PA,1329,0,6,6219,0,6225,G
3-PA,1330,6240,0,3,0,6243,A
3-PA,1331,6224,0,2,1,6227,A
3-PA,1332,1,6186,0,51,6238,T
3-PA,1333,1,6236,0,3,6240,T
3-PA,1334,6260,0,0,0,6260,A
3-PA,1335,0,6273,0,2,6275,T
3-PA,1336,1,6263,0,1,6265,T
3-PA,1337,1,6256,0,2,6259,T
3-PA,1338,8,2,0,6194,6204,C
3-PA,1339,6181,0,13,0,6194,A
3-PA,1340,2,0,0,6300,6302,C
3-PA,1341,6274,0,6,0,6280,A
3-PA,1342,1,0,6334,0,6335,G
3-PA,1343,2,1,0,6311,6314,C
3-PA,1344,6292,0,7,1,6300,A
3-PA,1345,1,6,6340,1,6348,G
3-PA,1346,6301,1,7,0,6309,A
3-PA,1347,4,7,6350,0,6361,G
3-PA,1348,1,1,6366,0,6368,G
3-PA,1349,0,6201,0,8,6209,T
3-PA,1350,5,3,6303,0,6311,G
3-PA,1351,0,6267,0,18,6285,T
3-PA,1352,7,3,0,6278,6288,C
3-PA,1353,4,2,0,6342,6348,C
3-PA,1354,20,0,1,6311,6332,C
3-PA,1355,6387,1,2,1,6391,A
3-PA,1356,0,6484,0,4,6488,T
3-PA,1357,1,6465,1,7,6474,T
3-PA,1358,1,1,6505,0,6507,G
3-PA,1359,0,6413,0,0,6413,T
3-PA,1360,6321,0,2,0,6323,A
3-PA,1361,1,4,6300,0,6305,G
3-PA,1362,6164,0,5,1,6170,A
3-PA,1363,0,1,6193,0,6194,G
3-PA,1364,0,2,0,6133,6135,C
3-PA,1365,11,0,0,6057,6068,C
3-PA,1366,6140,1,9,0,6150,A
3-PA,1367,0,0,0,6160,6160,C
3-PA,1368,0,6149,0,4,6153,T
3-PA,1369,0,5,6143,0,6148,G
3-PA,1370,6140,0,2,0,6142,A
3-PA,1371,6046,1,3,0,6050,A
3-PA,1372,0,6206,0,1,6207,T
3-PA,1373,6280,1,5,0,6286,A
3-PA,1374,0,5,0,6344,6349,C
3-PA,1375,6218,0,4,0,6222,A
3-PA,1376,2,6265,0,4,6271,T
3-PA,1377,6211,0,4,0,6215,A
3-PA,1378,6203,0,4,0,6207,A
3-PA,1379,0,6204,0,1,6205,T
3-PA,1380,1,3,6112,0,6116,G
3-PA,1381,6086,0,3,0,6089,A
3-PA,1382,5981,0,5,0,5986,A
3-PA,1383,5,11,5988,0,6004,G
3-PA,1384,3,12,5961,0,5976,G
3-PA,1385,2,10,6027,0,6039,G
3-PA,1386,2,6,6059,0,6067,G
3-PA,1387,2,2,6107,0,6111,G
3-PA,1388,0,5992,0,1,5993,T
3-PA,1389,6047,0,8,0,6055,A
3-PA,1390,0,6105,0,7,6112,T
3-PA,1391,6173,0,6,0,6179,A
3-PA,1392,2,11,0,6667,6680,C
3-PA,1393,6475,0,0,1,6476,A
3-PA,1394,1,6355,0,2,6358,T
3-PA,1395,1,6304,0,3,6308,T
3-PA,1396,6243,1,1,0,6245,A
3-PA,1397,6386,0,3,0,6389,A
3-PA,1398,1,1,0,6367,6369,C
3-PA,1399,6264,1,3,1,6269,A
3-PA,1400,0,3,0,6295,6298,C
3-PA,1401,0,5728,0,6,5734,T
3-PA,1402,4,3,5994,0,6001,G
3-PA,1403,2,6,0,5956,5964,C
3-PA,1404,6,1,0,5971,5978,C
3-PA,1405,8,161,0,5835,6004,C
3-PA,1406,0,5873,0,7,5880,T
3-PA,1407,1,0,6040,1,6042,G
3-PA,1408,1,0,0,6030,6031,C
3-PA,1409,1,6004,0,10,6015,T
3-PA,1410,15,3,0,6154,6172,C
3-PA,1411,5934,0,1,0,5935,A
3-PA,1412,5952,1,5,0,5958,A
3-PA,1413,0,5968,0,5,5973,T
3-PA,1414,3,1,5944,0,5948,G
3-PA,1415,1,2,1,5930,5934,C
3-PA,1416,5876,0,5,0,5881,A
3-PA,1417,2,5858,0,10,5870,T
3-PA,1418,3,1,0,5855,5859,C
3-PA,1419,8,1,0,5883,5892,C
3-PA,1420,1,5696,0,4,5701,T
3-PA,1421,2,0,5826,0,5828,G
3-PA,1422,1,5795,0,5,5801,T
3-PA,1423,4,2,5784,0,5790,G
3-PA,1424,3,2,0,5786,5791,C
3-PA,1425,5720,0,7,0,5727,A
3-PA,1426,3,1,5768,1,5773,G
3-PA,1427,1,0,0,5749,5750,C
3-PA,1428,5685,0,2,1,5688,A
3-PA,1429,5677,1,0,0,5678,A
3-PA,1430,0,5509,0,1,5510,T
3-PA,1431,3,6,5507,0,5516,G
3-PA,1432,1,6,5494,0,5501,G
3-PA,1433,5512,1,12,0,5525,A
3-PA,1434,1,3,0,5497,5501,C
3-PA,1435,0,7,5480,0,5487,G
3-PA,1436,5517,1,0,0,5518,A
3-PA,1437,0,5517,0,3,5520,T
3-PA,1438,0,5530,0,1,5531,T
3-PA,1439,0,5518,0,2,5520,T
3-PA,1440,0,5507,0,1,5508,T
3-PA,1441,7,3,0,5520,5530,C
3-PA,1442,5544,0,4,0,5548,A
3-PA,1443,5572,0,0,0,5572,A
3-PA,1444,1,1,1,5597,5600,C
3-PA,1445,0,5532,0,1,5533,T
3-PA,1446,5548,0,1,0,5549,A
3-PA,1447,5542,1,1,0,5544,A
3-PA,1448,0,5536,0,1,5537,T
3-PA,1449,1,4476,0,1040,5517,T
3-PA,1450,4,3,2,5550,5559,C
3-PA,1451,8,2,0,5543,5553,C
3-PA,1452,5,5,0,5530,5540,C
3-PA,1453,5479,0,5,1,5485,A
3-PA,1454,0,5521,0,3,5524,T
3-PA,1455,2,7,5528,0,5537,G
3-PA,1456,5507,1,2,0,5510,A
3-PA,1457,0,5496,0,3,5499,T
3-PA,1458,5477,0,7,0,5484,A
3-PA,1459,5476,1,9,0,5486,A
3-PA,1460,5,1,5462,0,5468,G
3-PA,1461,0,1,0,5472,5473,C
3-PA,1462,5444,0,4,0,5448,A
3-PA,1463,5290,0,6,0,5296,A
3-PA,1464,1,0,5351,0,5352,G
3-PA,1465,0,5312,1,4,5317,T
3-PA,1466,4,3,5309,0,5316,G
3-PA,1467,0,4,0,5309,5313,C
3-PA,1468,5263,2,12,0,5277,A
3-PA,1469,2,6,5328,0,5336,G
3-PA,1470,5323,0,2,0,5325,A
3-PA,1471,5378,0,3,0,5381,A
3-PA,1472,2,3,0,5383,5388,C
3-PA,1473,0,5284,0,2,5286,T
3-PA,1474,5312,0,1,0,5313,A
3-PA,1475,5319,0,0,0,5319,A
3-PA,1476,5296,2,8,0,5306,A
3-PA,1477,0,5,5316,0,5321,G
3-PA,1478,5155,1,8,0,5164,A
3-PA,1479,4,7,5152,0,5163,G
3-PA,1480,0,4,5041,0,5045,G
3-PA,1481,1,2,5030,1,5034,G
3-PA,1482,4984,0,10,0,4994,A
3-PA,1483,4930,0,4,0,4934,A
3-PA,1484,2,3,4931,0,4936,G
3-PA,1485,5,0,4908,0,4913,G
3-PA,1486,3,3,0,4917,4923,C
3-PA,1487,3,3,4933,0,4939,G
3-PA,1488,4927,1,0,0,4928,A
3-PA,1489,4927,1,2,0,4930,A
3-PA,1490,4931,0,2,0,4933,A
3-PA,1491,4939,0,2,1,4942,A
3-PA,1492,4924,0,7,4,4935,A
3-PA,1493,4,0,0,4929,4933,C
3-PA,1494,10,1,0,4908,4919,C
3-PA,1495,4920,0,2,1,4923,A
3-PA,1496,4959,0,2,0,4961,A
3-PA,1497,1,4954,0,1,4956,T
3-PA,1498,1,4952,0,0,4953,T
3-PA,1499,0,4971,0,1,4972,T
3-PA,1500,4992,0,0,0,4992,A
3-PA,1501,0,4979,0,3,4982,T
3-PA,1502,4963,2,7,0,4972,A
3-PA,1503,1,4941,0,3,4945,T
3-PA,1504,1,6,4908,0,4915,G
3-PA,1505,2,5,4877,0,4884,G
3-PA,1506,4895,0,0,0,4895,A
3-PA,1507,0,4859,0,3,4862,T
3-PA,1508,0,4810,0,2,4812,T
3-PA,1509,14,2,0,4796,4812,C
3-PA,1510,4818,0,4,0,4822,A
3-PA,1511,0,4842,0,10,4852,T
3-PA,1512,4,0,1,4864,4869,C
3-PA,1513,4863,0,3,0,4866,A
3-PA,1514,1,4840,0,2,4843,T
3-PA,1515,4804,0,4,0,4808,A
3-PA,1516,4806,1,1,0,4808,A
3-PA,1517,4789,0,10,1,4800,A
3-PA,1518,1,9,4785,0,4795,G
3-PA,1519,0,2,4715,1,4718,G
3-PA,1520,2,2,4678,0,4682,G
3-PA,1521,4640,0,4,0,4644,A
3-PA,1522,4592,0,5,0,4597,A
3-PA,1523,1,5,4614,0,4620,G
3-PA,1524,4597,0,2,0,4599,A
3-PA,1525,0,4584,0,5,4589,T
3-PA,1526,6,0,0,4572,4578,C
3-PA,1527,1,4511,0,6,4518,T
3-PA,1528,6,0,0,4613,4619,C
3-PA,1529,4615,1,5,0,4621,A
3-PA,1530,0,4611,0,0,4611,T
3-PA,1531,0,4619,0,0,4619,T
3-PA,1532,0,4566,0,0,4566,T
3-PA,1533,4556,0,0,0,4556,A
3-PA,1534,4548,2,5,0,4555,A
3-PA,1535,0,1,4550,0,4551,G
3-PA,1536,0,2,4577,0,4579,G
3-PA,1537,4379,0,2,1,4382,A
3-PA,1538,4387,0,2,0,4389,A
3-PA,1539,1,4381,2,0,4384,T
3-PA,1540,2,7,4392,0,4401,G
3-PA,1541,4482,0,7,0,4489,A
3-PA,1542,1,4,0,4494,4499,C
3-PA,1543,4462,0,9,0,4471,A
3-PA,1544,1,3,0,4458,4462,C
3-PA,1545,4352,0,8,1,4361,A
3-PA,1546,1,5,4392,0,4398,G
3-PA,1547,4358,0,7,0,4365,A
3-PA,1548,1,1,0,4319,4321,C
3-PA,1549,2,0,4274,0,4276,G
3-PA,1550,0,3999,1,4,4004,T
3-PA,1551,0,3,4019,0,4022,G
3-PA,1552,0,0,4045,0,4045,G
3-PA,1553,0,4037,0,1,4038,T
3-PA,1554,4040,0,1,0,4041,A
3-PA,1555,3989,0,0,0,3989,A
3-PA,1556,3985,0,1,0,3986,A
3-PA,1557,0,3969,0,3,3972,T
3-PA,1558,0,3920,0,1,3921,T
3-PA,1559,0,3916,0,1,3917,T
3-PA,1560,0,3893,0,1,3894,T
3-PA,1561,1,0,3892,0,3893,G
3-PA,1562,0,3846,0,5,3851,T
3-PA,1563,4,13,3847,0,3864,G
3-PA,1564,3847,1,3,0,3851,A
3-PA,1565,1,0,3847,0,3848,G
3-PA,1566,1,1,0,3815,3817,C
3-PA,1567,3837,0,1,0,3838,A
3-PA,1568,0,3834,0,4,3838,T
3-PA,1569,2,7,3832,0,3841,G
3-PA,1570,1,0,3861,0,3862,G
3-PA,1571,3851,0,7,0,3858,A
3-PA,1572,2,0,3866,0,3868,G
3-PA,1573,0,3813,1,3,3817,T
3-PA,1574,0,3775,0,5,3780,T
3-PA,1575,0,3817,0,4,3821,T
3-PA,1576,0,3809,0,3,3812,T
3-PA,1577,1,1,0,3820,3822,C
3-PA,1578,1,3809,1,3,3814,T
3-PA,1579,5,1,0,3807,3813,C
3-PA,1580,1,3739,0,9,3749,T
3-PA,1581,2,3,0,3739,3744,C
3-PA,1582,3721,0,5,0,3726,A
3-PA,1583,1,2,0,3739,3742,C
3-PA,1584,0,3660,0,0,3660,T
3-PA,1585,1,7,3656,0,3664,G
3-PA,1586,3652,0,4,0,3656,A
3-PA,1587,1,0,0,3668,3669,C
3-PA,1588,1,3,0,3647,3651,C
3-PA,1589,5,5,0,3619,3629,C
3-PA,1590,2,2,3609,1,3614,G
3-PA,1591,3598,0,7,0,3605,A
3-PA,1592,0,2,3626,0,3628,G
3-PA,1593,3627,0,6,0,3633,A
3-PA,1594,1,0,1,3553,3555,C
3-PA,1595,0,3498,0,2,3500,T
3-PA,1596,0,3371,0,2,3373,T
3-PA,1597,0,5,3370,1,3376,G
3-PA,1598,3349,0,4,0,3353,A
3-PA,1599,1,1,3362,0,3364,G
3-PA,1600,0,1,2,3341,3344,C
3-PA,1601,6,0,0,3280,3286,C
3-PA,1602,3318,0,1,0,3319,A
3-PA,1603,0,3,0,3329,3332,C
3-PA,1604,3328,0,6,0,3334,A
3-PA,1605,0,3327,0,0,3327,T
3-PA,1606,3316,0,1,0,3317,A
3-PA,1607,3303,0,0,0,3303,A
3-PA,1608,3279,1,1,0,3281,A
3-PA,1609,0,3254,0,0,3254,T
3-PA,1610,2,3,3248,0,3253,G
3-PA,1611,0,0,3065,0,3065,G
3-PA,1612,0,3,3050,0,3053,G
3-PA,1613,3003,0,2,0,3005,A
3-PA,1614,1,1,3028,0,3030,G
3-PA,1615,2994,1,2,0,2997,A
3-PA,1616,2993,0,2,0,2995,A
3-PA,1617,3017,1,0,0,3018,A
3-PA,1618,0,3004,0,2,3006,T
3-PA,1619,2962,0,0,0,2962,A
3-PA,1620,3,1962,1,902,2868,T
3-PA,1621,1,2464,0,0,2465,T
3-PA,1622,0,2,2448,0,2450,G
3-PA,1623,1,2222,0,3,2226,T
3-PA,1624,2,0,2253,0,2255,G
3-PA,1625,1,2177,0,0,2178,T
3-PA,1626,3,0,1,2059,2063,C
3-PA,1627,3,0,0,2050,2053,C
3-PA,1628,0,2019,0,2,2021,T
3-PA,1629,0,2040,1,0,2041,T
3-PA,1630,2,3,2042,1,2048,G
3-PA,1631,2059,0,3,0,2062,A
3-PA,1632,0,0,2088,1,2089,G
3-PA,1633,2044,0,2,0,2046,A
3-PA,1634,0,2047,0,1,2048,T
3-PA,1635,2021,0,0,0,2021,A
3-PA,1636,0,0,2091,0,2091,G
3-PA,1637,0,2,2102,0,2104,G
3-PA,1638,2083,0,3,0,2086,A
3-PA,1639,0,1,2092,0,2093,G
3-PA,1640,2060,0,1,1,2062,A
3-PA,1641,0,2050,0,0,2050,T
3-PA,1642,2068,1,6,0,2075,A
3-PA,1643,0,2080,0,1,2081,T
3-PA,1644,1,0,2101,0,2102,G
3-PA,1645,0,2082,0,3,2085,T
3-PA,1646,0,2076,0,0,2076,T
3-PA,1647,2126,0,0,0,2126,A
3-PA,1648,1,3,0,2115,2119,C
3-PA,1649,0,2100,0,0,2100,T
3-PA,1650,2117,0,1,0,2118,A
3-PA,1651,2094,0,0,0,2094,A
3-PA,1652,0,2,2118,1,2121,G
3-PA,1653,2090,0,0,0,2090,A
3-PA,1654,2040,0,1,2,2043,A
3-PA,1655,4,0,1987,0,1991,G
3-PA,1656,0,1979,0,2,1981,T
3-PA,1657,1,1,2024,0,2026,G
3-PA,1658,0,0,1,2021,2022,C
3-PA,1659,3,1,0,2038,2042,C
3-PA,1660,2044,0,2,0,2046,A
3-PA,1661,0,2023,0,0,2023,T
3-PA,1662,2027,1,1,0,2029,A
3-PA,1663,0,2,2021,0,2023,G
3-PA,1664,2,0,2007,0,2009,G
3-PA,1665,1,2,0,1998,2001,C
3-PA,1666,1,2,0,1994,1997,C
3-PA,1667,2002,0,0,0,2002,A
3-PA,1668,1998,0,0,0,1998,A
3-PA,1669,2002,0,0,0,2002,A
3-PA,1670,0,2030,0,0,2030,T
3-PA,1671,0,1999,0,0,1999,T
3-PA,1672,1,1997,1,1,2000,T
3-PA,1673,2,0,0,2020,2022,C
3-PA,1674,2002,1,1,0,2004,A
3-PA,1675,2002,0,4,0,2006,A
3-PA,1676,1,0,2011,0,2012,G
3-PA,1677,0,0,2012,0,2012,G
3-PA,1678,1,0,0,1987,1988,C
3-PA,1679,3,1,0,1967,1971,C
3-PA,1680,3,0,1985,0,1988,G
3-PA,1681,2019,0,0,0,2019,A
3-PA,1682,0,2021,0,0,2021,T
3-PA,1683,0,0,2073,0,2073,G
3-PA,1684,0,2075,0,0,2075,T
3-PA,1685,0,2117,0,2,2119,T
3-PA,1686,5,1,0,2143,2149,C
3-PA,1687,0,2139,0,3,2142,T
3-PA,1688,0,2166,0,0,2166,T
3-PA,1689,0,1,2174,0,2175,G
3-PA,1690,0,2127,0,1,2128,T
3-PA,1691,2137,0,2,0,2139,A
3-PA,1692,0,2094,0,2,2096,T
3-PA,1693,1,0,2099,0,2100,G
3-PA,1694,0,2042,0,1,2043,T
3-PA,1695,2,6,2037,0,2045,G
3-PA,1696,2015,1,6,0,2022,A
3-PA,1697,1,2,2024,0,2027,G
3-PA,1698,0,2,2031,0,2033,G
3-PA,1699,2037,0,2,0,2039,A
3-PA,1700,0,0,0,2037,2037,C
3-PA,1701,2014,0,2,0,2016,A
3-PA,1702,2007,0,5,0,2012,A
3-PA,1703,2022,0,2,0,2024,A
3-PA,1704,0,1,0,2022,2023,C
3-PA,1705,2,3,2018,0,2023,G
3-PA,1706,0,2,2022,0,2024,G
3-PA,1707,1998,0,3,0,2001,A
3-PA,1708,1998,0,3,0,2001,A
3-PA,1709,1,4,0,2007,2012,C
3-PA,1710,2016,0,2,0,2018,A
3-PA,1711,0,2013,0,0,2013,T
3-PA,1712,1,1,0,2008,2010,C
3-PA,1713,2003,0,0,0,2003,A
3-PA,1714,1991,1,0,0,1992,A
3-PA,1715,1971,0,1,0,1972,A
3-PA,1716,0,2,2001,0,2003,G
3-PA,1717,2,1,2002,0,2005,G
3-PA,1718,0,1981,0,0,1981,T
3-PA,1719,1991,0,0,0,1991,A
3-PA,1720,1999,0,1,0,2000,A
3-PA,1721,2004,1,1,0,2006,A
3-PA,1722,2006,0,1,0,2007,A
3-PA,1723,2011,1,0,0,2012,A
3-PA,1724,0,2011,0,0,2011,T
3-PA,1725,2,3,2011,0,2016,G
3-PA,1726,2000,0,1,0,2001,A
3-PA,1727,2000,0,0,0,2000,A
3-PA,1728,1997,0,3,0,2000,A
3-PA,1729,0,2001,2,2,2005,T
3-PA,1730,0,4,2012,0,2016,G
3-PA,1731,0,3,2013,0,2016,G
3-PA,1732,3,1,2021,1,2026,G
3-PA,1733,0,2,2037,0,2039,G
3-PA,1734,2018,1,3,0,2022,A
3-PA,1735,2040,0,2,0,2042,A
3-PA,1736,1,2044,0,0,2045,T
3-PA,1737,1,2,2056,0,2059,G
3-PA,1738,0,0,2068,0,2068,G
3-PA,1739,2038,1,3,0,2042,A
3-PA,1740,0,0,2074,0,2074,G
3-PA,1741,2054,0,1,1,2056,A
3-PA,1742,0,2028,0,0,2028,T
3-PA,1743,0,1,2035,0,2036,G
3-PA,1744,2008,0,5,0,2013,A
3-PA,1745,0,6,2029,0,2035,G
3-PA,1746,2022,1,2,0,2025,A
3-PA,1747,1,0,0,2001,2002,C
3-PA,1748,1,0,2006,0,2007,G
3-PA,1749,0,1980,0,0,1980,T
3-PA,1750,0,1981,0,2,1983,T
3-PA,1751,1,1,1988,0,1990,G
3-PA,1752,1,0,0,1987,1988,C
3-PA,1753,1,0,0,1991,1992,C
3-PA,1754,1,2002,2,3,2008,T
3-PA,1755,3,0,0,2042,2045,C
3-PA,1756,1,0,0,2051,2052,C
3-PA,1757,0,2043,1,2,2046,T
3-PA,1758,0,2039,13,3,2055,T
3-PA,1759,0,1,0,2055,2056,C
3-PA,1760,2044,0,1,0,2045,A
3-PA,1761,1,1,2047,0,2049,G
3-PA,1762,0,2033,0,2,2035,T
3-PA,1763,7,0,0,2028,2035,C
3-PA,1764,1984,0,1,0,1985,A
3-PA,1765,0,0,0,2054,2054,C
3-PA,1766,0,2046,0,4,2050,T
3-PA,1767,3,0,0,2057,2060,C
3-PA,1768,2,1,0,2070,2073,C
3-PA,1769,2064,1,3,1,2069,A
3-PA,1770,5,0,2061,0,2066,G
3-PA,1771,1,0,1,2067,2069,C
3-PA,1772,2043,0,1,0,2044,A
3-PA,1773,0,3,2051,0,2054,G
3-PA,1774,1973,0,2,0,1975,A
3-PA,1775,1,1971,0,1,1973,T
3-PA,1776,1,0,0,1970,1971,C
3-PA,1777,3,3,1965,0,1971,G
3-PA,1778,1954,1,1,0,1956,A
3-PA,1779,5,0,1973,0,1978,G
3-PA,1780,1956,0,5,0,1961,A
3-PA,1781,0,0,1984,0,1984,G
3-PA,1782,3,1,0,1960,1964,C
3-PA,1783,1963,0,0,0,1963,A
3-PA,1784,0,1968,0,2,1970,T
3-PA,1785,1,3,2002,0,2006,G
3-PA,1786,2017,0,1,0,2018,A
3-PA,1787,0,2015,0,0,2015,T
3-PA,1788,0,2014,0,1,2015,T
3-PA,1789,1,2,2012,0,2015,G
3-PA,1790,1995,0,2,0,1997,A
3-PA,1791,1991,0,3,0,1994,A
3-PA,1792,3,0,1996,0,1999,G
3-PA,1793,1,0,0,1984,1985,C
3-PA,1794,2,2,0,1961,1965,C
3-PA,1795,1,4,1959,0,1964,G
3-PA,1796,1950,0,2,0,1952,A
3-PA,1797,1,0,1960,0,1961,G
3-PA,1798,0,1953,0,0,1953,T
3-PA,1799,2,0,0,1958,1960,C
3-PA,1800,1,0,0,1956,1957,C
3-PA,1801,0,1927,0,0,1927,T
3-PA,1802,2,1,0,1966,1969,C
3-PA,1803,3,1,1971,0,1975,G
3-PA,1804,1,2,2044,0,2047,G
3-PA,1805,0,2038,0,1,2039,T
3-PA,1806,1,2021,0,1,2023,T
3-PA,1807,2029,0,0,0,2029,A
3-PA,1808,2025,0,0,0,2025,A
3-PA,1809,2019,0,3,0,2022,A
3-PA,1810,0,5,2061,0,2066,G
3-PA,1811,2042,0,0,0,2042,A
3-PA,1812,0,2,2045,0,2047,G
3-PA,1813,1994,0,4,0,1998,A
3-PA,1814,1986,0,2,0,1988,A
3-PA,1815,1997,0,4,0,2001,A
3-PA,1816,0,2,2016,0,2018,G
3-PA,1817,1990,0,1,0,1991,A
3-PA,1818,0,0,0,2012,2012,C
3-PA,1819,1973,0,2,0,1975,A
3-PA,1820,0,1965,0,0,1965,T
3-PA,1821,2,6,1958,0,1966,G
3-PA,1822,1959,1,3,0,1963,A
3-PA,1823,0,1,0,1967,1968,C
3-PA,1824,5,1,0,1959,1965,C
3-PA,1825,1957,0,1,0,1958,A
3-PA,1826,1958,0,0,0,1958,A
3-PA,1827,1955,0,2,0,1957,A
3-PA,1828,0,3,1963,0,1966,G
3-PA,1829,1941,0,1,1,1943,A
3-PA,1830,0,0,1959,0,1959,G
3-PA,1831,0,1922,0,2,1924,T
3-PA,1832,0,1921,0,1,1922,T
3-PA,1833,0,1923,0,0,1923,T
3-PA,1834,0,1926,0,0,1926,T
3-PA,1835,0,1932,0,1,1933,T
3-PA,1836,1,1935,0,0,1936,T
3-PA,1837,0,0,1933,0,1933,G
3-PA,1838,1931,0,0,0,1931,A
3-PA,1839,0,2,1950,0,1952,G
3-PA,1840,1945,0,1,0,1946,A
3-PA,1841,1941,0,0,0,1941,A
3-PA,1842,0,1945,0,0,1945,T
3-PA,1843,1948,0,1,0,1949,A
3-PA,1844,1991,0,0,0,1991,A
3-PA,1845,1993,0,2,0,1995,A
3-PA,1846,0,1985,0,0,1985,T
3-PA,1847,4,0,0,2000,2004,C
3-PA,1848,1989,0,3,0,1992,A
3-PA,1849,2,2,1998,0,2002,G
3-PA,1850,1999,1,0,0,2000,A
3-PA,1851,2007,0,2,0,2009,A
3-PA,1852,1,0,2010,0,2011,G
3-PA,1853,0,0,0,1974,1974,C
3-PA,1854,1966,0,0,0,1966,A
3-PA,1855,0,1945,0,2,1947,T
3-PA,1856,1,0,1961,0,1962,G
3-PA,1857,1,0,1968,0,1969,G
3-PA,1858,1,0,0,1946,1947,C
3-PA,1859,1,0,0,1982,1983,C
3-PA,1860,3,0,0,1989,1992,C
3-PA,1861,2037,0,0,0,2037,A
3-PA,1862,0,2025,0,1,2026,T
3-PA,1863,0,2035,0,1,2036,T
3-PA,1864,0,3,2046,0,2049,G
3-PA,1865,0,3,2031,0,2034,G
3-PA,1866,0,0,2018,0,2018,G
3-PA,1867,0,2,2014,0,2016,G
3-PA,1868,1945,0,0,0,1945,A
3-PA,1869,1,0,1963,0,1964,G
3-PA,1870,0,1914,0,6,1920,T
3-PA,1871,1,0,0,1911,1912,C
3-PA,1872,0,1888,0,6,1894,T
3-PA,1873,4,0,1,2045,2050,C
3-PA,1874,1,0,0,2038,2039,C
3-PA,1875,3,1,0,2047,2051,C
3-PA,1876,2064,0,1,0,2065,A
3-PA,1877,2056,0,2,0,2058,A
3-PA,1878,0,4,2050,0,2054,G
3-PA,1879,1,2,2022,0,2025,G
3-PA,1880,0,3,2031,0,2034,G
3-PA,1881,1869,0,3,0,1872,A
3-PA,1882,0,0,1900,0,1900,G
3-PA,1883,0,1886,0,0,1886,T
3-PA,1884,1,1,1893,0,1895,G
3-PA,1885,0,4,1898,0,1902,G
3-PA,1886,1898,0,2,0,1900,A
3-PA,1887,1900,0,3,0,1903,A
3-PA,1888,0,1,1898,0,1899,G
3-PA,1889,1887,0,2,0,1889,A
3-PA,1890,1889,0,2,0,1891,A
3-PA,1891,0,0,1875,0,1875,G
3-PA,1892,0,1,1873,0,1874,G
3-PA,1893,0,1847,0,0,1847,T
3-PA,1894,0,1836,0,4,1840,T
3-PA,1895,3,0,0,1846,1849,C
3-PA,1896,1,0,0,1857,1858,C
3-PA,1897,1863,0,0,0,1863,A
3-PA,1898,0,1865,0,0,1865,T
3-PA,1899,0,1858,0,3,1861,T
3-PA,1900,0,1,1869,0,1870,G
3-PA,1901,1,1,1856,0,1858,G
3-PA,1902,1,3,1859,0,1863,G
3-PA,1903,1863,0,1,0,1864,A
3-PA,1904,1854,0,1,1,1856,A
3-PA,1905,1855,1,0,0,1856,A
3-PA,1906,7,0,1878,0,1885,G
3-PA,1907,0,1868,0,1,1869,T
3-PA,1908,1,0,0,1899,1900,C
3-PA,1909,0,1896,0,0,1896,T
3-PA,1910,1,1,1905,0,1907,G
3-PA,1911,0,1903,0,2,1905,T
3-PA,1912,1903,0,1,0,1904,A
3-PA,1913,2,1,1906,0,1909,G
3-PA,1914,0,1,1869,0,1870,G
3-PA,1915,1817,0,2,0,1819,A
3-PA,1916,0,0,0,1829,1829,C
3-PA,1917,1,1796,0,3,1800,T
3-PA,1918,1,1,0,1883,1885,C
3-PA,1919,0,1891,0,1,1892,T
3-PA,1920,1896,0,0,0,1896,A
3-PA,1921,0,1888,0,1,1889,T
3-PA,1922,0,1878,0,0,1878,T
3-PA,1923,0,3,1904,0,1907,G
3-PA,1924,0,0,1893,0,1893,G
3-PA,1925,0,0,0,1892,1892,C
3-PA,1926,0,1888,0,0,1888,T
3-PA,1927,1773,0,2,0,1775,A
3-PA,1928,1786,0,0,0,1786,A
3-PA,1929,0,0,1797,0,1797,G
3-PA,1930,0,1785,0,1,1786,T
3-PA,1931,5,0,0,1788,1793,C
3-PA,1932,1753,0,1,0,1754,A
3-PA,1933,2,0,1816,0,1818,G
3-PA,1934,0,1813,0,1,1814,T
3-PA,1935,1872,1,0,0,1873,A
3-PA,1936,0,1874,0,1,1875,T
3-PA,1937,0,1874,0,1,1875,T
3-PA,1938,1,0,0,1883,1884,C
3-PA,1939,1870,0,0,0,1870,A
3-PA,1940,1861,1,1,0,1863,A
3-PA,1941,0,1865,0,0,1865,T
3-PA,1942,1810,0,1,0,1811,A
3-PA,1943,1,0,1836,0,1837,G
3-PA,1944,1,0,0,1812,1813,C
3-PA,1945,1,10,0,1829,1840,C
3-PA,1946,1,1788,0,3,1792,T
3-PA,1947,0,0,1846,0,1846,G
3-PA,1948,0,1844,0,0,1844,T
3-PA,1949,1854,0,3,0,1857,A
3-PA,1950,0,1848,0,1,1849,T
3-PA,1951,2,0,1799,0,1801,G
3-PA,1952,0,1,0,1796,1797,C
3-PA,1953,1760,0,1,0,1761,A
3-PA,1954,0,1748,0,2,1750,T
3-PA,1955,3,1,0,1746,1750,C
3-PA,1956,1696,0,1,0,1697,A
3-PA,1957,2,1,0,1723,1726,C
3-PA,1958,2,0,0,1715,1717,C
3-PA,1959,1706,1,1,0,1708,A
3-PA,1960,0,0,1,1732,1733,C
3-PA,1961,1717,0,0,0,1717,A
3-PA,1962,1721,1,0,0,1722,A
3-PA,1963,1,1708,0,0,1709,T
3-PA,1964,0,1715,0,0,1715,T
3-PA,1965,0,0,1711,0,1711,G
3-PA,1966,1,0,1695,0,1696,G
3-PA,1967,1691,0,1,0,1692,A
3-PA,1968,1691,0,1,0,1692,A
3-PA,1969,0,1,1661,0,1662,G
3-PA,1970,0,1,1667,0,1668,G
3-PA,1971,1667,0,1,0,1668,A
3-PA,1972,0,1660,0,1,1661,T
3-PA,1973,0,1666,0,1,1667,T
3-PA,1974,0,1667,0,0,1667,T
3-PA,1975,0,1653,0,2,1655,T
3-PA,1976,2,0,0,1666,1668,C
3-PA,1977,1661,0,3,0,1664,A
3-PA,1978,0,2,1658,0,1660,G
3-PA,1979,0,1,0,1652,1653,C
3-PA,1980,1,1,1655,0,1657,G
3-PA,1981,0,0,1662,0,1662,G
3-PA,1982,1655,0,1,0,1656,A
3-PA,1983,1,1,1670,0,1672,G
3-PA,1984,0,1678,0,0,1678,T
3-PA,1985,6,0,0,1682,1688,C
3-PA,1986,1688,0,0,0,1688,A
3-PA,1987,1680,1,7,1,1689,A
3-PA,1988,0,1,1691,0,1692,G
3-PA,1989,1686,0,1,0,1687,A
3-PA,1990,1682,0,1,0,1683,A
3-PA,1991,1680,0,0,0,1680,A
3-PA,1992,1638,0,3,1,1642,A
3-PA,1993,0,0,0,1651,1651,C
3-PA,1994,0,1630,0,0,1630,T
3-PA,1995,0,0,1630,0,1630,G
3-PA,1996,0,1,0,1614,1615,C
3-PA,1997,1,1623,0,2,1626,T
3-PA,1998,5,0,0,1621,1626,C
3-PA,1999,1,0,0,1626,1627,C
3-PA,2000,1,1644,1,0,1646,T
3-PA,2001,0,1648,0,1,1649,T
3-PA,2002,0,0,1649,0,1649,G
3-PA,2003,0,1651,0,0,1651,T
3-PA,2004,0,1640,0,1,1641,T
3-PA,2005,1,0,1656,0,1657,G
3-PA,2006,0,1647,0,2,1649,T
3-PA,2007,0,1630,0,2,1632,T
3-PA,2008,5,2,0,1638,1645,C
3-PA,2009,1609,0,3,0,1612,A
3-PA,2010,0,0,1617,0,1617,G
3-PA,2011,0,0,1617,0,1617,G
3-PA,2012,1,0,0,1611,1612,C
3-PA,2013,0,1604,0,2,1606,T
3-PA,2014,2,1,0,1649,1652,C
3-PA,2015,0,1643,0,1,1644,T
3-PA,2016,0,1652,0,0,1652,T
3-PA,2017,1653,1,0,0,1654,A
3-PA,2018,1,1,1646,0,1648,G
3-PA,2019,1,2,1628,0,1631,G
3-PA,2020,0,4,1622,0,1626,G
3-PA,2021,1588,0,1,0,1589,A
3-PA,2022,0,2,0,1586,1588,C
3-PA,2023,1498,0,1,0,1499,A
3-PA,2024,1499,0,4,0,1503,A
3-PA,2025,0,0,0,1514,1514,C
3-PA,2026,1,0,0,1519,1520,C
3-PA,2027,0,1511,0,1,1512,T
3-PA,2028,2,1,0,1503,1506,C
3-PA,2029,1,4,1509,0,1514,G
3-PA,2030,1511,0,0,0,1511,A
3-PA,2031,1506,0,2,0,1508,A
3-PA,2032,0,0,0,1508,1508,C
3-PA,2033,0,1,0,1479,1480,C
3-PA,2034,1,1459,0,0,1460,T
3-PA,2035,0,0,1451,0,1451,G
3-PA,2036,0,2,1454,0,1456,G
3-PA,2037,2,3,1450,0,1455,G
3-PA,2038,1444,0,4,0,1448,A
3-PA,2039,0,0,0,1444,1444,C
3-PA,2040,1423,0,0,0,1423,A
3-PA,2041,0,1429,0,0,1429,T
3-PA,2042,0,1428,0,0,1428,T
3-PA,2043,0,1435,0,0,1435,T
3-PA,2044,0,3,1437,0,1440,G
3-PA,2045,1437,0,1,0,1438,A
3-PA,2046,0,1429,0,0,1429,T
3-PA,2047,1,0,0,1439,1440,C
3-PA,2048,0,1422,0,0,1422,T
3-PA,2049,0,1406,0,1,1407,T
3-PA,2050,0,3,1403,0,1406,G
3-PA,2051,4,2,1398,0,1404,G
3-PA,2052,0,1,1407,0,1408,G
3-PA,2053,0,0,1413,0,1413,G
3-PA,2054,1,2,1386,0,1389,G
3-PA,2055,1,0,1388,0,1389,G
3-PA,2056,0,0,0,1371,1371,C
3-PA,2057,0,1375,1,0,1376,T
3-PA,2058,1408,0,0,0,1408,A
3-PA,2059,0,1404,0,2,1406,T
3-PA,2060,1401,0,1,0,1402,A
3-PA,2061,0,1401,0,1,1402,T
3-PA,2062,0,1,1335,0,1336,G
3-PA,2063,1324,1,1,0,1326,A
3-PA,2064,1300,0,2,0,1302,A
3-PA,2065,0,0,1299,0,1299,G
3-PA,2066,2,0,0,1309,1311,C
3-PA,2067,1250,0,1,0,1251,A
3-PA,2068,1281,0,1,0,1282,A
3-PA,2069,0,1284,1,0,1285,T
3-PA,2070,0,1285,0,0,1285,T
3-PA,2071,0,2,1279,0,1281,G
3-PA,2072,1267,0,2,0,1269,A
3-PA,2073,0,1,1266,0,1267,G
3-PA,2074,1,2,1263,0,1266,G
3-PA,2075,1196,0,1,0,1197,A
3-PA,2076,0,0,1210,0,1210,G
3-PA,2077,1,1120,0,0,1121,T
3-PA,2078,0,0,1123,0,1123,G
3-PA,2079,1,0,0,1111,1112,C
3-PA,2080,0,0,0,1110,1110,C
3-PA,2081,0,1114,1,1,1116,T
3-PA,2082,0,3,1126,0,1129,G
3-PA,2083,1126,0,0,0,1126,A
3-PA,2084,0,1131,0,1,1132,T
3-PA,2085,0,1089,0,1,1090,T
3-PA,2086,1081,0,1,0,1082,A
3-PA,2087,1076,0,1,0,1077,A
3-PA,2088,0,1069,0,0,1069,T
3-PA,2089,0,1,1071,0,1072,G
3-PA,2090,1058,0,1,0,1059,A
3-PA,2091,0,1015,0,2,1017,T
3-PA,2092,2,0,0,1007,1009,C
3-PA,2093,3,0,0,998,1001,C
3-PA,2094,1,2,0,1001,1004,C
3-PA,2095,0,1005,0,1,1006,T
3-PA,2096,0,1,1004,0,1005,G
3-PA,2097,0,0,1005,0,1005,G
3-PA,2098,0,0,1013,0,1013,G
3-PA,2099,0,999,0,2,1001,T
3-PA,2100,0,964,0,1,965,T
3-PA,2101,0,961,0,0,961,T
3-PA,2102,0,951,0,0,951,T
3-PA,2103,0,0,953,0,953,G
3-PA,2104,0,1,0,946,947,C
3-PA,2105,1,949,0,0,950,T
3-PA,2106,3,0,0,949,952,C
3-PA,2107,922,0,0,0,922,A
3-PA,2108,925,0,0,0,925,A
3-PA,2109,0,925,0,0,925,T
3-PA,2110,0,0,920,0,920,G
3-PA,2111,0,1,0,921,922,C
3-PA,2112,0,0,908,0,908,G
3-PA,2113,0,899,0,4,903,T
3-PA,2114,0,0,0,903,903,C
3-PA,2115,0,903,0,0,903,T
3-PA,2116,0,902,0,0,902,T
3-PA,2117,0,2,884,0,886,G
3-PA,2118,0,0,887,0,887,G
3-PA,2119,0,884,0,1,885,T
3-PA,2120,0,870,0,0,870,T
3-PA,2121,5,0,0,860,865,C
3-PA,2122,853,0,0,0,853,A
3-PA,2123,850,0,0,0,850,A
3-PA,2124,0,1,0,852,853,C
3-PA,2125,0,838,0,3,841,T
3-PA,2126,2,0,0,838,840,C
3-PA,2127,0,0,0,815,815,C
3-PA,2128,0,809,0,1,810,T
3-PA,2129,0,810,0,1,811,T
3-PA,2130,0,0,0,811,811,C
3-PA,2131,0,0,0,810,810,C
3-PA,2132,0,790,1,2,793,T
3-PA,2133,0,2,790,0,792,G
3-PA,2134,786,0,2,0,788,A
3-PA,2135,0,0,0,765,765,C
3-PA,2136,713,0,1,0,714,A
3-PA,2137,0,1,0,678,679,C
3-PA,2138,669,0,1,0,670,A
3-PA,2139,0,662,0,1,663,T
3-PA,2140,1,0,658,0,659,G
3-PA,2141,0,0,0,657,657,C
3-PA,2142,637,0,0,0,637,A
3-PA,2143,0,634,0,0,634,T
3-PA,2144,0,618,0,1,619,T
3-PA,2145,616,0,0,0,616,A
3-PA,2146,615,0,0,0,615,A
3-PA,2147,614,0,0,1,615,A
3-PA,2148,611,0,0,0,611,A
3-PA,2149,0,607,0,0,607,T
3-PA,2150,499,0,0,0,499,A
3-PA,2151,0,0,498,0,498,G
4-HA,1,317,0,0,0,317,A
4-HA,2,0,324,0,0,324,T
4-HA,3,0,0,334,0,334,G
4-HA,4,335,0,0,0,335,A
4-HA,5,340,0,2,0,342,A
4-HA,6,1,0,370,0,371,G
4-HA,7,368,0,0,0,368,A
4-HA,8,0,0,0,402,402,C
4-HA,9,0,405,0,0,405,T
4-HA,10,416,0,1,0,417,A
4-HA,11,0,448,0,0,448,T
4-HA,12,0,0,0,448,448,C
4-HA,13,447,0,0,0,447,A
4-HA,14,0,447,0,1,448,T
4-HA,15,0,446,0,0,446,T
4-HA,16,0,0,487,0,487,G
4-HA,17,0,0,0,487,487,C
4-HA,18,0,492,0,0,492,T
4-HA,19,0,492,0,0,492,T
4-HA,20,0,490,0,0,490,T
4-HA,21,0,1,514,0,515,G
4-HA,22,523,0,0,0,523,A
4-HA,23,0,0,536,0,536,G
4-HA,24,1,0,0,540,541,C
4-HA,25,0,543,0,0,543,T
4-HA,26,598,0,0,0,598,A
4-HA,27,0,0,0,608,608,C
4-HA,28,619,0,0,0,619,A
4-HA,29,0,660,0,0,660,T
4-HA,30,0,659,0,1,660,T
4-HA,31,0,0,0,668,668,C
4-HA,32,0,665,0,0,665,T
4-HA,33,675,0,0,0,675,A
4-HA,34,0,673,0,1,674,T
4-HA,35,0,0,674,0,674,G
4-HA,36,1,672,0,1,674,T
4-HA,37,0,0,0,676,676,C
4-HA,38,0,672,0,1,673,T
4-HA,39,0,1,672,0,673,G
4-HA,40,0,0,671,0,671,G
4-HA,41,0,669,0,1,670,T
4-HA,42,0,665,0,1,666,T
4-HA,43,0,671,0,1,672,T
4-HA,44,0,672,0,0,672,T
4-HA,45,1,0,0,669,670,C
4-HA,46,2,0,667,0,669,G
4-HA,47,0,1,0,679,680,C
4-HA,48,0,681,0,0,681,T
4-HA,49,2,0,0,680,682,C
4-HA,50,685,0,0,0,685,A
4-HA,51,687,0,0,0,687,A
4-HA,52,685,0,0,0,685,A
4-HA,53,684,0,1,0,685,A
4-HA,54,687,0,0,0,687,A
4-HA,55,0,1,0,691,692,C
4-HA,56,0,685,0,1,686,T
4-HA,57,0,689,0,2,691,T
4-HA,58,0,0,0,689,689,C
4-HA,59,0,0,0,690,690,C
4-HA,60,0,692,0,0,692,T
4-HA,61,1,0,696,0,697,G
4-HA,62,0,2,694,0,696,G
4-HA,63,694,0,0,0,694,A
4-HA,64,710,0,0,0,710,A
4-HA,65,710,0,0,0,710,A
4-HA,66,0,728,0,0,728,T
4-HA,67,0,2,728,0,730,G
4-HA,68,728,0,1,0,729,A
4-HA,69,0,1,0,742,743,C
4-HA,70,743,0,1,0,744,A
4-HA,71,747,0,0,0,747,A
4-HA,72,0,0,0,766,766,C
4-HA,73,763,0,1,0,764,A
4-HA,74,0,0,762,0,762,G
4-HA,75,0,0,0,764,764,C
4-HA,76,767,0,3,0,770,A
4-HA,77,1,0,0,781,782,C
4-HA,78,0,1,780,0,781,G
4-HA,79,2,0,782,0,784,G
4-HA,80,0,0,0,789,789,C
4-HA,81,787,0,0,0,787,A
4-HA,82,795,0,0,0,795,A
4-HA,83,0,3,0,798,801,C
4-HA,84,0,1,801,0,802,G
4-HA,85,0,0,0,808,808,C
4-HA,86,0,802,0,1,803,T
4-HA,87,0,0,812,0,812,G
4-HA,88,0,813,0,0,813,T
4-HA,89,1,0,831,0,832,G
4-HA,90,0,2,0,845,847,C
4-HA,91,0,1,0,862,863,C
4-HA,92,0,861,0,1,862,T
4-HA,93,0,858,0,0,858,T
4-HA,94,0,3,876,0,879,G
4-HA,95,0,2,872,0,874,G
4-HA,96,2,0,879,0,881,G
4-HA,97,0,0,0,887,887,C
4-HA,98,881,0,2,0,883,A
4-HA,99,0,1,0,890,891,C
4-HA,100,2,0,0,886,888,C
4-HA,101,954,0,1,0,955,A
4-HA,102,0,959,1,1,961,T
4-HA,103,1,0,962,0,963,G
4-HA,104,0,0,0,962,962,C
4-HA,105,952,0,1,0,953,A
4-HA,106,1,1,998,1,1001,G
4-HA,107,0,1005,0,0,1005,T
4-HA,108,1002,0,0,0,1002,A
4-HA,109,0,0,0,1004,1004,C
4-HA,110,3,0,0,975,978,C
4-HA,111,982,0,2,0,984,A
4-HA,112,978,0,0,0,978,A
4-HA,113,983,0,1,0,984,A
4-HA,114,0,1,0,985,986,C
4-HA,115,0,1,973,0,974,G
4-HA,116,0,1,998,0,999,G
4-HA,117,991,0,2,0,993,A
4-HA,118,991,0,3,0,994,A
4-HA,119,1,1,0,992,994,C
4-HA,120,987,0,0,0,987,A
4-HA,121,998,0,0,0,998,A
4-HA,122,0,1001,0,0,1001,T
4-HA,123,1017,0,0,0,1017,A
4-HA,124,0,0,1018,0,1018,G
4-HA,125,1,986,1,0,988,T
4-HA,126,0,2,1000,0,1002,G
4-HA,127,1003,0,0,0,1003,A
4-HA,128,1006,0,0,0,1006,A
4-HA,129,1004,0,1,0,1005,A
4-HA,130,1005,0,1,0,1006,A
4-HA,131,0,0,0,1025,1025,C
4-HA,132,1023,0,0,0,1023,A
4-HA,133,1018,0,1,0,1019,A
4-HA,134,0,1021,0,1,1022,T
4-HA,135,0,0,0,1026,1026,C
4-HA,136,1020,0,2,0,1022,A
4-HA,137,0,0,0,1027,1027,C
4-HA,138,0,1,1029,0,1030,G
4-HA,139,1025,0,0,0,1025,A
4-HA,140,1023,0,1,0,1024,A
4-HA,141,0,1022,1,0,1023,T
4-HA,142,1,2,1020,0,1023,G
4-HA,143,1026,0,0,0,1026,A
4-HA,144,0,0,0,1029,1029,C
4-HA,145,2,0,0,1033,1035,C
4-HA,146,1045,0,1,0,1046,A
4-HA,147,1048,0,0,0,1048,A
4-HA,148,1048,0,0,0,1048,A
4-HA,149,0,1048,0,0,1048,T
4-HA,150,0,1051,0,0,1051,T
4-HA,151,1,2,1055,0,1058,G
4-HA,152,1049,0,0,0,1049,A
4-HA,153,1052,0,4,0,1056,A
4-HA,154,1,0,1061,0,1062,G
4-HA,155,1,1055,0,0,1056,T
4-HA,156,0,1089,0,0,1089,T
4-HA,157,1098,0,1,0,1099,A
4-HA,158,0,1,0,1107,1108,C
4-HA,159,1,1107,0,0,1108,T
4-HA,160,1108,0,1,0,1109,A
4-HA,161,1134,0,0,0,1134,A
4-HA,162,0,1134,0,0,1134,T
4-HA,163,0,1,1129,0,1130,G
4-HA,164,0,2,0,1178,1180,C
4-HA,165,0,1168,0,4,1172,T
4-HA,166,1181,0,0,0,1181,A
4-HA,167,1,0,0,1176,1177,C
4-HA,168,0,1174,0,1,1175,T
4-HA,169,1,0,1178,0,1179,G
4-HA,170,1177,0,0,0,1177,A
4-HA,171,0,0,1183,0,1183,G
4-HA,172,0,1,0,1178,1179,C
4-HA,173,0,1159,1,4,1164,T
4-HA,174,0,1,1182,0,1183,G
4-HA,175,0,0,1207,0,1207,G
4-HA,176,0,1207,0,0,1207,T
4-HA,177,0,1213,0,1,1214,T
4-HA,178,2,1,0,1212,1215,C
4-HA,179,1210,0,2,0,1212,A
4-HA,180,0,4,1211,0,1215,G
4-HA,181,1213,0,1,0,1214,A
4-HA,182,2,0,1232,0,1234,G
4-HA,183,0,1229,0,1,1230,T
4-HA,184,0,1212,0,0,1212,T
4-HA,185,3,0,0,1225,1228,C
4-HA,186,0,0,0,1228,1228,C
4-HA,187,0,1223,0,3,1226,T
4-HA,188,1,0,0,1228,1229,C
4-HA,189,1226,0,1,0,1227,A
4-HA,190,1230,0,0,0,1230,A
4-HA,191,0,0,0,1237,1237,C
4-HA,192,1216,0,0,0,1216,A
4-HA,193,1,2,1225,0,1228,G
4-HA,194,0,1,1224,0,1225,G
4-HA,195,0,1204,0,0,1204,T
4-HA,196,0,1,1223,0,1224,G
4-HA,197,1230,0,1,0,1231,A
4-HA,198,1231,0,0,0,1231,A
4-HA,199,1256,0,2,0,1258,A
4-HA,200,0,1251,0,0,1251,T
4-HA,201,1258,0,0,0,1258,A
4-HA,202,0,1246,0,0,1246,T
4-HA,203,0,0,1241,0,1241,G
4-HA,204,0,0,0,1244,1244,C
4-HA,205,1,2,1241,0,1244,G
4-HA,206,1238,0,3,0,1241,A
4-HA,207,0,0,0,1245,1245,C
4-HA,208,1234,0,0,0,1234,A
4-HA,209,0,0,1299,0,1299,G
4-HA,210,0,1290,0,0,1290,T
4-HA,211,2,0,0,1301,1303,C
4-HA,212,3,0,0,1301,1304,C
4-HA,213,1,1298,0,4,1303,T
4-HA,214,1,0,0,1322,1323,C
4-HA,215,1322,0,1,0,1323,A
4-HA,216,0,1320,0,1,1321,T
4-HA,217,2,0,0,1324,1326,C
4-HA,218,1281,0,0,0,1281,A
4-HA,219,0,1,1289,0,1290,G
4-HA,220,1276,0,0,0,1276,A
4-HA,221,0,1276,0,0,1276,T
4-HA,222,2,0,0,1285,1287,C
4-HA,223,0,0,0,1285,1285,C
4-HA,224,0,1289,0,0,1289,T
4-HA,225,0,1290,0,0,1290,T
4-HA,226,1,0,1295,0,1296,G
4-HA,227,1291,1,2,0,1294,A
4-HA,228,0,1299,0,0,1299,T
4-HA,229,1,1,1323,0,1325,G
4-HA,230,1,1,1322,0,1324,G
4-HA,231,1303,0,2,0,1305,A
4-HA,232,0,2,1308,0,1310,G
4-HA,233,1289,0,4,0,1293,A
4-HA,234,1,1,1285,0,1287,G
4-HA,235,1314,0,2,0,1316,A
4-HA,236,1325,1,0,0,1326,A
4-HA,237,0,2,0,1328,1330,C
4-HA,238,0,1308,0,0,1308,T
4-HA,239,1,0,1317,0,1318,G
4-HA,240,0,0,0,1316,1316,C
4-HA,241,1310,0,0,0,1310,A
4-HA,242,0,1,0,1356,1357,C
4-HA,243,1340,0,1,0,1341,A
4-HA,244,1,0,0,1503,1504,C
4-HA,245,0,1497,0,0,1497,T
4-HA,246,1505,3,1,0,1509,A
4-HA,247,1507,0,1,0,1508,A
4-HA,248,0,1513,0,0,1513,T
4-HA,249,1505,0,0,0,1505,A
4-HA,250,1,1,1501,0,1503,G
4-HA,251,1473,0,0,0,1473,A
4-HA,252,0,1453,0,1,1454,T
4-HA,253,2,0,1399,0,1401,G
4-HA,254,0,0,0,1414,1414,C
4-HA,255,0,1405,0,1,1406,T
4-HA,256,2,0,0,1512,1514,C
4-HA,257,0,1512,1,0,1513,T
4-HA,258,1567,0,0,0,1567,A
4-HA,259,0,1568,0,0,1568,T
4-HA,260,0,1556,0,1,1557,T
4-HA,261,0,0,1579,0,1579,G
4-HA,262,2,1,1587,0,1590,G
4-HA,263,2,2,1595,0,1599,G
4-HA,264,1580,0,0,0,1580,A
4-HA,265,1,2,1566,0,1569,G
4-HA,266,1548,0,2,0,1550,A
4-HA,267,0,1,0,1782,1783,C
4-HA,268,1,1,1,1855,1858,C
4-HA,269,2,1,0,1889,1892,C
4-HA,270,1,1900,0,3,1904,T
4-HA,271,2,0,1,1964,1967,C
4-HA,272,1966,0,0,0,1966,A
4-HA,273,1444,0,627,0,2071,A
4-HA,274,0,2128,0,0,2128,T
4-HA,275,1,2,2157,0,2160,G
4-HA,276,0,2148,0,4,2152,T
4-HA,277,2,3,2147,0,2152,G
4-HA,278,2143,3,2,0,2148,A
4-HA,279,0,2148,0,1,2149,T
4-HA,280,0,4,2130,0,2134,G
4-HA,281,0,0,2126,0,2126,G
4-HA,282,0,0,0,2140,2140,C
4-HA,283,1,2129,0,3,2133,T
4-HA,284,0,2132,0,2,2134,T
4-HA,285,1,0,0,2141,2142,C
4-HA,286,2,0,0,2145,2147,C
4-HA,287,2153,0,0,0,2153,A
4-HA,288,2154,0,0,0,2154,A
4-HA,289,2156,0,2,0,2158,A
4-HA,290,2163,0,1,1,2165,A
4-HA,291,0,2181,0,0,2181,T
4-HA,292,2177,0,1,0,2178,A
4-HA,293,2183,0,2,0,2185,A
4-HA,294,2,0,2195,0,2197,G
4-HA,295,2209,0,2,0,2211,A
4-HA,296,2216,0,1,2,2219,A
4-HA,297,2218,1,0,0,2219,A
4-HA,298,0,2223,0,0,2223,T
4-HA,299,1,7,2212,0,2220,G
4-HA,300,0,7,2191,0,2198,G
4-HA,301,1,4,2200,0,2205,G
4-HA,302,2192,0,1,0,2193,A
4-HA,303,1,1,0,2232,2234,C
4-HA,304,4,1,0,2232,2237,C
4-HA,305,0,2275,0,5,2280,T
4-HA,306,0,2287,0,4,2291,T
4-HA,307,0,2292,0,2,2294,T
4-HA,308,0,2313,0,1,2314,T
4-HA,309,0,2318,0,0,2318,T
4-HA,310,0,0,2329,0,2329,G
4-HA,311,0,2318,0,1,2319,T
4-HA,312,0,2313,0,3,2316,T
4-HA,313,2,4,2314,0,2320,G
4-HA,314,2299,0,1,0,2300,A
4-HA,315,2312,1,1,0,2314,A
4-HA,316,0,0,0,2315,2315,C
4-HA,317,1,0,2302,0,2303,G
4-HA,318,0,1,0,2332,2333,C
4-HA,319,2330,0,3,0,2333,A
4-HA,320,4,0,2351,0,2355,G
4-HA,321,1,3,1,2348,2353,C
4-HA,322,2361,0,1,0,2362,A
4-HA,323,2358,0,0,0,2358,A
4-HA,324,2359,0,1,1,2361,A
4-HA,325,0,2,2481,0,2483,G
4-HA,326,1,0,0,2472,2473,C
4-HA,327,1,0,0,2486,2487,C
4-HA,328,1,2490,0,0,2491,T
4-HA,329,2494,0,0,0,2494,A
4-HA,330,0,0,0,2525,2525,C
4-HA,331,2518,0,4,0,2522,A
4-HA,332,2,0,2507,0,2509,G
4-HA,333,2,0,0,2499,2501,C
4-HA,334,2460,0,0,0,2460,A
4-HA,335,2473,0,2,0,2475,A
4-HA,336,0,0,0,2584,2584,C
4-HA,337,0,2574,0,0,2574,T
4-HA,338,1,0,2585,0,2586,G
4-HA,339,0,2565,0,2,2567,T
4-HA,340,0,2571,0,1,2572,T
4-HA,341,2563,0,4,0,2567,A
4-HA,342,1,2,0,2779,2782,C
4-HA,343,0,2,0,2794,2796,C
4-HA,344,4,0,0,2865,2869,C
4-HA,345,1,2808,0,4,2813,T
4-HA,346,0,2818,0,2,2820,T
4-HA,347,2834,0,0,0,2834,A
4-HA,348,0,2839,0,0,2839,T
4-HA,349,0,4,2829,0,2833,G
4-HA,350,2819,0,3,0,2822,A
4-HA,351,0,2679,0,0,2679,T
4-HA,352,2,0,2720,0,2722,G
4-HA,353,0,2667,0,1,2668,T
4-HA,354,0,1,2665,0,2666,G
4-HA,355,1,0,0,2670,2671,C
4-HA,356,1,1,0,2654,2656,C
4-HA,357,0,0,2711,0,2711,G
4-HA,358,1,3,2738,0,2742,G
4-HA,359,2728,0,0,0,2728,A
4-HA,360,0,2744,0,1,2745,T
4-HA,361,0,2729,0,0,2729,T
4-HA,362,2739,0,2,0,2741,A
4-HA,363,0,2732,0,2,2734,T
4-HA,364,3,3,2725,0,2731,G
4-HA,365,0,1,0,2725,2726,C
4-HA,366,1,0,0,2721,2722,C
4-HA,367,0,2755,0,5,2760,T
4-HA,368,3,0,0,2899,2902,C
4-HA,369,3,1,0,2920,2924,C
4-HA,370,3,1,0,2926,2930,C
4-HA,371,0,2927,0,2,2929,T
4-HA,372,0,2933,0,0,2933,T
4-HA,373,2930,0,3,0,2933,A
4-HA,374,0,2,2968,0,2970,G
4-HA,375,1,1,2980,1,2983,G
4-HA,376,1,2945,0,2,2948,T
4-HA,377,8,3,0,2891,2902,C
4-HA,378,2866,0,1,0,2867,A
4-HA,379,1,0,0,2954,2955,C
4-HA,380,0,2955,0,0,2955,T
4-HA,381,2956,0,1,0,2957,A
4-HA,382,3,0,2940,0,2943,G
4-HA,383,1,2915,0,2,2918,T
4-HA,384,0,2914,0,0,2914,T
4-HA,385,0,0,2956,0,2956,G
4-HA,386,0,2,0,2951,2953,C
4-HA,387,3,2,0,2957,2962,C
4-HA,388,1,2922,1,6,2930,T
4-HA,389,6,1,0,2955,2962,C
4-HA,390,3055,0,1,0,3056,A
4-HA,391,0,3060,0,2,3062,T
4-HA,392,2,1,0,3064,3067,C
4-HA,393,1,12,0,3055,3068,C
4-HA,394,2,7,3028,1,3038,G
4-HA,395,6,0,3046,0,3052,G
4-HA,396,0,1,0,3062,3063,C
4-HA,397,3077,0,2,0,3079,A
4-HA,398,2,0,0,3118,3120,C
4-HA,399,3069,0,2,0,3071,A
4-HA,400,1,1,0,3100,3102,C
4-HA,401,0,3090,0,2,3092,T
4-HA,402,3,1,3109,0,3113,G
4-HA,403,2,5,3145,0,3152,G
4-HA,404,3136,0,1,0,3137,A
4-HA,405,1,0,3177,0,3178,G
4-HA,406,0,3137,0,2,3139,T
4-HA,407,0,3132,0,1,3133,T
4-HA,408,1,3142,0,1,3144,T
4-HA,409,3133,1,2,0,3136,A
4-HA,410,3131,0,5,0,3136,A
4-HA,411,0,1,0,3153,3154,C
4-HA,412,3112,0,0,0,3112,A
4-HA,413,3095,0,2,0,3097,A
4-HA,414,0,3105,0,1,3106,T
4-HA,415,0,4,3087,0,3091,G
4-HA,416,3093,0,0,0,3093,A
4-HA,417,3094,1,0,1,3096,A
4-HA,418,3090,0,7,0,3097,A
4-HA,419,10,0,3081,0,3091,G
4-HA,420,0,0,0,3119,3119,C
4-HA,421,0,3110,0,1,3111,T
4-HA,422,0,3118,0,0,3118,T
4-HA,423,6,0,0,3150,3156,C
4-HA,424,3159,0,3,1,3163,A
4-HA,425,3168,0,0,0,3168,A
4-HA,426,0,3167,0,0,3167,T
4-HA,427,0,3163,1,0,3164,T
4-HA,428,4,7,3209,1,3221,G
4-HA,429,1,6,3264,0,3271,G
4-HA,430,3264,1,2,0,3267,A
4-HA,431,0,1,0,3280,3281,C
4-HA,432,0,3251,1,2,3254,T
4-HA,433,1,3,3256,0,3260,G
4-HA,434,1,6,3264,0,3271,G
4-HA,435,3239,0,5,0,3244,A
4-HA,436,1,0,3263,0,3264,G
4-HA,437,0,3216,0,2,3218,T
4-HA,438,16,1,0,3186,3203,C
4-HA,439,3238,0,2,1,3241,A
4-HA,440,0,1,0,3252,3253,C
4-HA,441,1,3243,1,3,3248,T
4-HA,442,4,0,0,3254,3258,C
4-HA,443,3229,0,0,0,3229,A
4-HA,444,3268,0,1,0,3269,A
4-HA,445,3252,0,2,0,3254,A
4-HA,446,3254,0,6,1,3261,A
4-HA,447,0,2,0,3270,3272,C
4-HA,448,3,3,3225,0,3231,G
4-HA,449,2,10,3244,0,3256,G
4-HA,450,3265,0,4,1,3270,A
4-HA,451,3266,1,0,2,3269,A
4-HA,452,0,0,0,3289,3289,C
4-HA,453,3275,0,0,0,3275,A
4-HA,454,3281,0,3,0,3284,A
4-HA,455,2,1,3296,0,3299,G
4-HA,456,0,0,0,3303,3303,C
4-HA,457,0,3268,0,8,3276,T
4-HA,458,5,2,0,3313,3320,C
4-HA,459,1,3311,0,1,3313,T
4-HA,460,3,0,3323,0,3326,G
4-HA,461,3,0,0,3326,3329,C
4-HA,462,0,3321,0,8,3329,T
4-HA,463,0,3387,0,1,3388,T
4-HA,464,0,0,3445,0,3445,G
4-HA,465,1,0,1,3472,3474,C
4-HA,466,3472,0,1,0,3473,A
4-HA,467,0,3453,0,4,3457,T
4-HA,468,3459,0,3,0,3462,A
4-HA,469,3431,0,3,1,3435,A
4-HA,470,0,1,3432,0,3433,G
4-HA,471,2,5,3418,0,3425,G
4-HA,472,3333,0,3,2,3338,A
4-HA,473,2,0,3318,1,3321,G
4-HA,474,3288,0,4,0,3292,A
4-HA,475,0,3438,0,0,3438,T
4-HA,476,0,0,0,3464,3464,C
4-HA,477,0,3474,0,2,3476,T
4-HA,478,3478,0,0,0,3478,A
4-HA,479,3474,0,0,0,3474,A
4-HA,480,0,3475,0,4,3479,T
4-HA,481,3463,0,3,0,3466,A
4-HA,482,3431,0,0,0,3431,A
4-HA,483,0,1,0,3446,3447,C
4-HA,484,3320,0,1,1,3322,A
4-HA,485,2,1,3369,0,3372,G
4-HA,486,0,3310,1,1,3312,T
4-HA,487,1,3374,0,0,3375,T
4-HA,488,0,3370,0,2,3372,T
4-HA,489,2,0,0,3433,3435,C
4-HA,490,0,3426,0,2,3428,T
4-HA,491,0,3445,0,0,3445,T
4-HA,492,0,3436,0,2,3438,T
4-HA,493,3427,0,1,0,3428,A
4-HA,494,1,0,3428,0,3429,G
4-HA,495,0,3400,0,2,3402,T
4-HA,496,3419,0,1,0,3420,A
4-HA,497,3,1,3424,0,3428,G
4-HA,498,3376,0,3,0,3379,A
4-HA,499,0,3382,0,0,3382,T
4-HA,500,1,3371,0,3,3375,T
4-HA,501,2,6,3424,0,3432,G
4-HA,502,3427,1,1,0,3429,A
4-HA,503,3434,0,1,1,3436,A
4-HA,504,2,3434,0,0,3436,T
4-HA,505,0,3411,0,0,3411,T
4-HA,506,3,3,3445,0,3451,G
4-HA,507,1,1,3448,0,3450,G
4-HA,508,0,3435,0,5,3440,T
4-HA,509,2,3437,0,5,3444,T
4-HA,510,0,8,3392,0,3400,G
4-HA,511,3393,0,4,0,3397,A
4-HA,512,0,3,0,3382,3385,C
4-HA,513,2,3,0,3372,3377,C
4-HA,514,5,1,0,3397,3403,C
4-HA,515,3400,0,3,0,3403,A
4-HA,516,1,0,1,3425,3427,C
4-HA,517,0,3430,1,4,3435,T
4-HA,518,0,3442,1,1,3444,T
4-HA,519,3440,0,1,0,3441,A
4-HA,520,3436,0,1,0,3437,A
4-HA,521,3439,0,0,0,3439,A
4-HA,522,3439,1,4,0,3444,A
4-HA,523,0,3501,0,0,3501,T
4-HA,524,1,3493,0,1,3495,T
4-HA,525,7,2,0,3495,3504,C
4-HA,526,3500,0,3,0,3503,A
4-HA,527,3498,0,2,0,3500,A
4-HA,528,3505,0,0,0,3505,A
4-HA,529,0,3500,0,1,3501,T
4-HA,530,3558,0,1,0,3559,A
4-HA,531,0,1,0,3579,3580,C
4-HA,532,1,0,0,3514,3515,C
4-HA,533,5,2,0,3513,3520,C
4-HA,534,3515,1,3,2,3521,A
4-HA,535,1,0,3661,0,3662,G
4-HA,536,0,1,0,3679,3680,C
4-HA,537,3676,0,1,0,3677,A
4-HA,538,0,3654,0,2,3656,T
4-HA,539,1,3570,0,1,3572,T
4-HA,540,7,8,3665,2,3682,G
4-HA,541,3676,0,12,0,3688,A
4-HA,542,3700,0,3,0,3703,A
4-HA,543,2,1,0,3702,3705,C
4-HA,544,2,1,3619,0,3622,G
4-HA,545,0,3630,0,1,3631,T
4-HA,546,4,7,3644,0,3655,G
4-HA,547,3649,2,5,0,3656,A
4-HA,548,2,2,0,3655,3659,C
4-HA,549,0,3587,0,2,3589,T
4-HA,550,3675,0,0,0,3675,A
4-HA,551,0,3670,0,2,3672,T
4-HA,552,2,1,3687,0,3690,G
4-HA,553,1,2,0,3666,3669,C
4-HA,554,4,0,0,3652,3656,C
4-HA,555,3663,0,1,0,3664,A
4-HA,556,3652,0,1,1,3654,A
4-HA,557,3698,0,3,0,3701,A
4-HA,558,0,0,0,3722,3722,C
4-HA,559,3648,0,0,1,3649,A
4-HA,560,3655,0,1,0,3656,A
4-HA,561,0,3626,0,2,3628,T
4-HA,562,3,9,3621,1,3634,G
4-HA,563,3629,0,3,0,3632,A
4-HA,564,3635,0,3,0,3638,A
4-HA,565,0,0,0,3586,3586,C
4-HA,566,3606,0,1,0,3607,A
4-HA,567,3630,0,1,0,3631,A
4-HA,568,1,3612,0,0,3613,T
4-HA,569,1,3612,0,1,3614,T
4-HA,570,0,3628,0,1,3629,T
4-HA,571,2,7,3607,1,3617,G
4-HA,572,3621,2,3,0,3626,A
4-HA,573,1,0,0,3629,3630,C
4-HA,574,3632,0,0,0,3632,A
4-HA,575,3632,0,1,0,3633,A
4-HA,576,3678,0,0,0,3678,A
4-HA,577,0,3707,0,0,3707,T
4-HA,578,1,3700,1,1,3703,T
4-HA,579,1,0,3723,0,3724,G
4-HA,580,0,3716,0,2,3718,T
4-HA,581,3719,2,3,0,3724,A
4-HA,582,0,1,0,3802,3803,C
4-HA,583,3796,0,0,0,3796,A
4-HA,584,0,3857,0,0,3857,T
4-HA,585,0,3799,0,1,3800,T
4-HA,586,0,3808,0,1,3809,T
4-HA,587,1,4,3788,1,3794,G
4-HA,588,1,6,3759,0,3766,G
4-HA,589,2,10,3735,1,3748,G
4-HA,590,1,6,3755,0,3762,G
4-HA,591,0,4,3701,0,3705,G
4-HA,592,0,1,3788,0,3789,G
4-HA,593,0,3751,0,3,3754,T
4-HA,594,0,3772,1,2,3775,T
4-HA,595,10,0,0,3769,3779,C
4-HA,596,3768,0,11,0,3779,A
4-HA,597,1,4,0,3795,3800,C
4-HA,598,3,2,0,3782,3787,C
4-HA,599,3766,0,3,0,3769,A
4-HA,600,0,1,0,3834,3835,C
4-HA,601,4,0,0,3795,3799,C
4-HA,602,4,3,0,3752,3759,C
4-HA,603,4,4,3768,1,3777,G
4-HA,604,0,2,3913,0,3915,G
4-HA,605,3,0,3927,0,3930,G
4-HA,606,0,3882,0,1,3883,T
4-HA,607,3917,0,2,0,3919,A
4-HA,608,2,4,0,3894,3900,C
4-HA,609,2,4,3871,0,3877,G
4-HA,610,1,8,3906,0,3915,G
4-HA,611,3903,0,3,1,3907,A
4-HA,612,0,3,0,3916,3919,C
4-HA,613,3757,0,2,0,3759,A
4-HA,614,3757,0,2,0,3759,A
4-HA,615,0,3766,0,0,3766,T
4-HA,616,2,14,3790,0,3806,G
4-HA,617,3793,2,6,0,3801,A
4-HA,618,0,0,0,3802,3802,C
4-HA,619,8,1,0,3766,3775,C
4-HA,620,3779,0,0,0,3779,A
4-HA,621,3775,0,2,0,3777,A
4-HA,622,3830,0,1,0,3831,A
4-HA,623,0,3786,0,0,3786,T
4-HA,624,2,0,0,3853,3855,C
4-HA,625,1,3733,0,4,3738,T
4-HA,626,1,3689,0,5,3695,T
4-HA,627,1,1,0,3772,3774,C
4-HA,628,4,1,0,3788,3793,C
4-HA,629,0,3776,0,4,3780,T
4-HA,630,3,0,3812,0,3815,G
4-HA,631,0,3767,0,4,3771,T
4-HA,632,3807,0,1,0,3808,A
4-HA,633,1,3775,0,3,3779,T
4-HA,634,2,0,3811,0,3813,G
4-HA,635,0,0,0,3792,3792,C
4-HA,636,0,3766,0,8,3774,T
4-HA,637,7,2,0,3778,3787,C
4-HA,638,3803,0,1,0,3804,A
4-HA,639,3781,1,2,0,3784,A
4-HA,640,2,0,3783,0,3785,G
4-HA,641,1,0,0,3809,3810,C
4-HA,642,3814,0,2,0,3816,A
4-HA,643,0,3757,0,4,3761,T
4-HA,644,4,0,0,3771,3775,C
4-HA,645,3766,0,9,0,3775,A
4-HA,646,0,2,3793,0,3795,G
4-HA,647,0,3,3795,0,3798,G
4-HA,648,3781,0,5,0,3786,A
4-HA,649,3762,0,5,0,3767,A
4-HA,650,2,4,3828,0,3834,G
4-HA,651,3835,0,1,0,3836,A
4-HA,652,3868,0,4,0,3872,A
4-HA,653,1,3874,1,2,3878,T
4-HA,654,5,1,0,3874,3880,C
4-HA,655,3843,0,3,0,3846,A
4-HA,656,1,1,0,3848,3850,C
4-HA,657,3840,1,2,0,3843,A
4-HA,658,0,1,3902,0,3903,G
4-HA,659,0,3820,2,4,3826,T
4-HA,660,3,1,0,3868,3872,C
4-HA,661,0,3827,0,5,3832,T
4-HA,662,5,0,0,3901,3906,C
4-HA,663,0,3906,0,1,3907,T
4-HA,664,3929,0,3,0,3932,A
4-HA,665,0,2,0,3943,3945,C
4-HA,666,6,3,0,3936,3945,C
4-HA,667,3893,0,1,0,3894,A
4-HA,668,3894,0,3,1,3898,A
4-HA,669,3869,0,0,0,3869,A
4-HA,670,3867,0,6,0,3873,A
4-HA,671,0,1,3867,0,3868,G
4-HA,672,3792,0,1,0,3793,A
4-HA,673,3774,0,2,0,3776,A
4-HA,674,1,0,3773,0,3774,G
4-HA,675,0,0,0,3777,3777,C
4-HA,676,3,0,0,3799,3802,C
4-HA,677,3814,0,3,0,3817,A
4-HA,678,3799,8,2,0,3809,A
4-HA,679,1,2,0,3818,3821,C
4-HA,680,3827,0,0,0,3827,A
4-HA,681,3807,0,1,8,3816,A
4-HA,682,3809,0,1,0,3810,A
4-HA,683,1,1,0,3875,3877,C
4-HA,684,0,3861,0,1,3862,T
4-HA,685,3,0,3876,0,3879,G
4-HA,686,0,3858,0,2,3860,T
4-HA,687,3867,0,1,0,3868,A
4-HA,688,3872,1,1,0,3874,A
4-HA,689,0,3828,0,2,3830,T
4-HA,690,3,0,0,3861,3864,C
4-HA,691,2,0,0,3852,3854,C
4-HA,692,5,4,0,3799,3808,C
4-HA,693,1,6,3814,0,3821,G
4-HA,694,3810,0,4,0,3814,A
4-HA,695,3820,0,0,0,3820,A
4-HA,696,3,3825,0,1,3829,T
4-HA,697,3832,0,0,0,3832,A
4-HA,698,1,3775,0,2,3778,T
4-HA,699,4,2,0,3786,3792,C
4-HA,700,5,6,3772,0,3783,G
4-HA,701,1,7,3856,0,3864,G
4-HA,702,3868,0,1,0,3869,A
4-HA,703,0,3890,0,0,3890,T
4-HA,704,2,0,0,3884,3886,C
4-HA,705,0,3879,0,2,3881,T
4-HA,706,3869,0,6,0,3875,A
4-HA,707,0,5,3877,0,3882,G
4-HA,708,3871,1,7,0,3879,A
4-HA,709,0,4,0,3875,3879,C
4-HA,710,4,1,0,3764,3769,C
4-HA,711,5,2,0,3777,3784,C
4-HA,712,3761,0,1,1,3763,A
4-HA,713,0,7,3956,0,3963,G
4-HA,714,3963,0,2,0,3965,A
4-HA,715,2,0,4003,0,4005,G
4-HA,716,0,3976,1,1,3978,T
4-HA,717,3955,0,0,0,3955,A
4-HA,718,3956,1,6,0,3963,A
4-HA,719,0,6,4019,0,4025,G
4-HA,720,3,5,4043,0,4051,G
4-HA,721,3986,0,0,2,3988,A
4-HA,722,3668,0,0,1,3669,A
4-HA,723,0,3664,0,2,3666,T
4-HA,724,3647,0,1,0,3648,A
4-HA,725,0,3618,0,3,3621,T
4-HA,726,4,1,0,3647,3652,C
4-HA,727,4,1,0,3642,3647,C
4-HA,728,5,0,0,3589,3594,C
4-HA,729,0,3568,1,2,3571,T
4-HA,730,3593,0,1,0,3594,A
4-HA,731,3,1,3590,0,3594,G
4-HA,732,2,2,0,3585,3589,C
4-HA,733,3505,0,0,0,3505,A
4-HA,734,2,3,3588,0,3593,G
4-HA,735,3539,0,2,1,3542,A
4-HA,736,3544,0,0,0,3544,A
4-HA,737,0,3553,0,0,3553,T
4-HA,738,3554,0,0,0,3554,A
4-HA,739,3560,1,4,0,3565,A
4-HA,740,0,1,3546,0,3547,G
4-HA,741,1,0,1,3554,3556,C
4-HA,742,3559,1,0,0,3560,A
4-HA,743,0,3448,0,1,3449,T
4-HA,744,2,0,0,3625,3627,C
4-HA,745,0,3614,0,0,3614,T
4-HA,746,3647,1,0,0,3648,A
4-HA,747,0,3642,0,2,3644,T
4-HA,748,0,3620,0,1,3621,T
4-HA,749,1,4,3636,0,3641,G
4-HA,750,0,6,3617,0,3623,G
4-HA,751,3625,2,3,0,3630,A
4-HA,752,0,2,0,3623,3625,C
4-HA,753,3416,1,1,0,3418,A
4-HA,754,3471,0,2,0,3473,A
4-HA,755,0,3615,0,0,3615,T
4-HA,756,3636,0,2,0,3638,A
4-HA,757,1,1,3661,0,3663,G
4-HA,758,1,3627,0,0,3628,T
4-HA,759,3641,0,1,0,3642,A
4-HA,760,3632,0,1,0,3633,A
4-HA,761,3681,0,4,1,3686,A
4-HA,762,3683,0,4,0,3687,A
4-HA,763,0,0,0,3718,3718,C
4-HA,764,6,4,0,3567,3577,C
4-HA,765,4,8,3554,0,3566,G
4-HA,766,0,1,3561,0,3562,G
4-HA,767,0,5,3598,0,3603,G
4-HA,768,3601,0,3,0,3604,A
4-HA,769,0,7,3626,0,3633,G
4-HA,770,3666,0,4,0,3670,A
4-HA,771,0,0,0,3671,3671,C
4-HA,772,3652,0,5,2,3659,A
4-HA,773,1,3665,0,2,3668,T
4-HA,774,3647,0,2,2,3651,A
4-HA,775,0,2,0,3718,3720,C
4-HA,776,0,3690,0,4,3694,T
4-HA,777,1,3709,0,2,3712,T
4-HA,778,0,3732,0,3,3735,T
4-HA,779,1,3717,1,3,3722,T
4-HA,780,0,6,3749,0,3755,G
4-HA,781,3746,1,1,0,3748,A
4-HA,782,0,3747,0,1,3748,T
4-HA,783,0,3837,0,1,3838,T
4-HA,784,3806,1,5,0,3812,A
4-HA,785,3844,0,1,0,3845,A
4-HA,786,0,0,0,3892,3892,C
4-HA,787,3866,1,3,0,3870,A
4-HA,788,3,0,4015,0,4018,G
4-HA,789,2,0,0,3999,4001,C
4-HA,790,3999,0,1,0,4000,A
4-HA,791,0,1,0,4023,4024,C
4-HA,792,3963,1,8,0,3972,A
4-HA,793,1,5,4010,0,4016,G
4-HA,794,1,2,4000,0,4003,G
4-HA,795,0,7,4105,0,4112,G
4-HA,796,4088,0,3,0,4091,A
4-HA,797,4057,0,5,1,4063,A
4-HA,798,2,4072,0,4,4078,T
4-HA,799,4,0,0,4085,4089,C
4-HA,800,2,4116,0,2,4120,T
4-HA,801,4118,1,2,0,4121,A
4-HA,802,4099,0,0,0,4099,A
4-HA,803,0,4093,0,1,4094,T
4-HA,804,0,3974,0,3,3977,T
4-HA,805,1,2,4014,0,4017,G
4-HA,806,1,0,0,4100,4101,C
4-HA,807,0,4185,0,5,4190,T
4-HA,808,8,2,0,4307,4317,C
4-HA,809,1,1,0,4302,4304,C
4-HA,810,2,4297,0,4,4303,T
4-HA,811,4303,0,1,0,4304,A
4-HA,812,2,5,4312,0,4319,G
4-HA,813,1,8,4339,0,4348,G
4-HA,814,4,2,4346,0,4352,G
4-HA,815,1,3,4306,0,4310,G
4-HA,816,0,4219,0,0,4219,T
4-HA,817,0,4193,0,1,4194,T
4-HA,818,4205,0,0,0,4205,A
4-HA,819,0,3,0,4252,4255,C
4-HA,820,1,4233,0,2,4236,T
4-HA,821,0,4254,0,0,4254,T
4-HA,822,7,1,0,4247,4255,C
4-HA,823,4235,0,1,0,4236,A
4-HA,824,4241,0,2,0,4243,A
4-HA,825,4239,0,0,0,4239,A
4-HA,826,4259,1,1,0,4261,A
4-HA,827,0,4251,0,1,4252,T
4-HA,828,4221,0,1,0,4222,A
4-HA,829,1,0,0,4227,4228,C
4-HA,830,3,5,4217,0,4225,G
4-HA,831,4206,0,0,0,4206,A
4-HA,832,4199,0,6,0,4205,A
4-HA,833,2,0,4275,0,4277,G
4-HA,834,0,4249,0,2,4251,T
4-HA,835,4,4,4281,0,4289,G
4-HA,836,4,2,4280,0,4286,G
4-HA,837,1,5,4306,0,4312,G
4-HA,838,4304,1,5,0,4310,A
4-HA,839,4304,0,4,0,4308,A
4-HA,840,4308,0,5,1,4314,A
4-HA,841,4283,0,8,0,4291,A
4-HA,842,2,1,4355,1,4359,G
4-HA,843,3,0,0,4336,4339,C
4-HA,844,0,4324,0,3,4327,T
4-HA,845,8,0,0,4381,4389,C
4-HA,846,4390,0,3,0,4393,A
4-HA,847,4436,2,2,0,4440,A
4-HA,848,0,4445,0,0,4445,T
4-HA,849,4485,0,1,0,4486,A
4-HA,850,4485,1,1,0,4487,A
4-HA,851,0,4401,0,1,4402,T
4-HA,852,1,9,4413,0,4423,G
4-HA,853,4381,0,5,0,4386,A
4-HA,854,3,5,4505,0,4513,G
4-HA,855,4503,0,3,0,4506,A
4-HA,856,0,4467,0,2,4469,T
4-HA,857,2,4,0,4542,4548,C
4-HA,858,4527,0,2,0,4529,A
4-HA,859,1,2,4604,0,4607,G
4-HA,860,4609,0,1,0,4610,A
4-HA,861,0,4578,0,4,4582,T
4-HA,862,1,2,4571,0,4574,G
4-HA,863,1,0,0,4508,4509,C
4-HA,864,4496,0,5,0,4501,A
4-HA,865,3,0,0,4589,4592,C
4-HA,866,5,2,0,4557,4564,C
4-HA,867,5,1,1,4557,4564,C
4-HA,868,4516,0,0,0,4516,A
4-HA,869,0,4485,0,3,4488,T
4-HA,870,0,4486,1,6,4493,T
4-HA,871,0,6,4540,2,4548,G
4-HA,872,0,0,4531,1,4532,G
4-HA,873,0,1,0,4544,4545,C
4-HA,874,4477,0,0,0,4477,A
4-HA,875,4466,0,5,0,4471,A
4-HA,876,4516,0,1,0,4517,A
4-HA,877,0,4521,0,3,4524,T
4-HA,878,4,1,4507,0,4512,G
4-HA,879,1,0,0,4514,4515,C
4-HA,880,4486,1,0,0,4487,A
4-HA,881,4580,0,4,1,4585,A
4-HA,882,0,4582,0,1,4583,T
4-HA,883,0,4602,0,2,4604,T
4-HA,884,4,2,0,4623,4629,C
4-HA,885,0,4552,0,8,4560,T
4-HA,886,0,2,4606,0,4608,G
4-HA,887,4585,0,2,0,4587,A
4-HA,888,4604,0,1,0,4605,A
4-HA,889,0,4600,0,1,4601,T
4-HA,890,4,0,4526,0,4530,G
4-HA,891,5,3,0,4536,4544,C
4-HA,892,4532,0,2,0,4534,A
4-HA,893,1,4514,0,4,4519,T
4-HA,894,5,2,0,4522,4529,C
4-HA,895,4513,1,2,0,4516,A
4-HA,896,1,3,0,4677,4681,C
4-HA,897,0,4624,0,9,4633,T
4-HA,898,1,1,0,4674,4676,C
4-HA,899,5,2,0,4649,4656,C
4-HA,900,4701,1,2,0,4704,A
4-HA,901,4691,0,1,0,4692,A
4-HA,902,4678,0,5,1,4684,A
4-HA,903,0,4525,0,2,4527,T
4-HA,904,0,2,4554,0,4556,G
4-HA,905,0,3,4562,0,4565,G
4-HA,906,4558,0,2,0,4560,A
4-HA,907,4536,0,6,0,4542,A
4-HA,908,0,0,4568,0,4568,G
4-HA,909,2,1,0,4517,4520,C
4-HA,910,4512,1,0,0,4513,A
4-HA,911,0,4514,0,4,4518,T
4-HA,912,0,4487,0,0,4487,T
4-HA,913,4,1,0,4655,4660,C
4-HA,914,2,1,0,4640,4643,C
4-HA,915,8,1,0,4656,4665,C
4-HA,916,4648,0,3,0,4651,A
4-HA,917,4690,0,6,6,4702,A
4-HA,918,1,4778,0,4,4783,T
4-HA,919,1,11,4771,0,4783,G
4-HA,920,4756,0,6,0,4762,A
4-HA,921,0,2,0,4763,4765,C
4-HA,922,4636,0,0,0,4636,A
4-HA,923,4641,0,2,0,4643,A
4-HA,924,4595,0,3,1,4599,A
4-HA,925,0,0,0,4648,4648,C
4-HA,926,7,1,0,4595,4603,C
4-HA,927,4542,0,6,0,4548,A
4-HA,928,0,4555,0,7,4562,T
4-HA,929,0,4539,2,6,4547,T
4-HA,930,5,2,0,4575,4582,C
4-HA,931,7,0,0,4573,4580,C
4-HA,932,4583,0,1,0,4584,A
4-HA,933,4569,1,0,0,4570,A
4-HA,934,4559,0,1,0,4560,A
4-HA,935,4626,0,0,0,4626,A
4-HA,936,0,4605,0,1,4606,T
4-HA,937,2,1,4608,0,4611,G
4-HA,938,0,4578,0,0,4578,T
4-HA,939,1,4561,0,3,4565,T
4-HA,940,4641,0,4,0,4645,A
4-HA,941,4648,0,1,0,4649,A
4-HA,942,0,1,0,4656,4657,C
4-HA,943,4631,0,4,0,4635,A
4-HA,944,1,4,4634,0,4639,G
4-HA,945,4,4,4647,0,4655,G
4-HA,946,4741,0,7,0,4748,A
4-HA,947,0,4738,1,1,4740,T
4-HA,948,7,5,0,4795,4807,C
4-HA,949,4837,0,5,0,4842,A
4-HA,950,0,2,0,5065,5067,C
4-HA,951,5082,0,1,0,5083,A
4-HA,952,0,5179,0,0,5179,T
4-HA,953,5092,0,2,0,5094,A
4-HA,954,1,3,0,5034,5038,C
4-HA,955,3,7,4842,0,4852,G
4-HA,956,3,4,4827,0,4834,G
4-HA,957,1,6,4748,0,4755,G
4-HA,958,9,1,4755,0,4765,G
4-HA,959,0,1,0,4693,4694,C
4-HA,960,6,2,0,4674,4682,C
4-HA,961,1,4648,0,4,4653,T
4-HA,962,1,1,4645,0,4647,G
4-HA,963,0,0,1,4590,4591,C
4-HA,964,6,1,0,4790,4797,C
4-HA,965,15,4,1,4806,4826,C
4-HA,966,8,3,0,4853,4864,C
4-HA,967,4864,0,3,0,4867,A
4-HA,968,0,2,4937,1,4940,G
4-HA,969,4907,0,3,0,4910,A
4-HA,970,0,4916,0,4,4920,T
4-HA,971,4800,0,3,0,4803,A
4-HA,972,0,4660,0,3,4663,T
4-HA,973,1,3,4676,0,4680,G
4-HA,974,0,4658,0,2,4660,T
4-HA,975,0,4594,0,0,4594,T
4-HA,976,4614,2,1,0,4617,A
4-HA,977,4545,0,2,0,4547,A
4-HA,978,0,2,4567,0,4569,G
4-HA,979,0,0,0,4570,4570,C
4-HA,980,4524,0,1,0,4525,A
4-HA,981,4518,0,0,0,4518,A
4-HA,982,4467,0,5,0,4472,A
4-HA,983,4493,0,2,0,4495,A
4-HA,984,0,0,0,4505,4505,C
4-HA,985,4425,1,0,0,4426,A
4-HA,986,1,0,0,4489,4490,C
4-HA,987,2,4389,0,2,4393,T
4-HA,988,5,1,0,4414,4420,C
4-HA,989,0,4414,0,2,4416,T
4-HA,990,2,6,4458,0,4466,G
4-HA,991,4450,0,1,0,4451,A
4-HA,992,4452,1,2,0,4455,A
4-HA,993,4456,0,0,1,4457,A
4-HA,994,0,4433,0,0,4433,T
4-HA,995,0,4394,0,1,4395,T
4-HA,996,1,5,4412,0,4418,G
4-HA,997,1,1,4395,0,4397,G
4-HA,998,0,2,1,4419,4422,C
4-HA,999,4395,1,0,1,4397,A
4-HA,1000,4386,1,6,0,4393,A
4-HA,1001,0,1,0,4397,4398,C
4-HA,1002,4388,0,3,2,4393,A
4-HA,1003,0,8,4411,0,4419,G
4-HA,1004,1,4,4388,0,4393,G
4-HA,1005,2,3,4384,0,4389,G
4-HA,1006,4361,0,7,0,4368,A
4-HA,1007,1,4350,1,0,4352,T
4-HA,1008,2,0,4359,0,4361,G
4-HA,1009,1,4,0,4358,4363,C
4-HA,1010,4,5,4370,0,4379,G
4-HA,1011,4404,0,2,0,4406,A
4-HA,1012,4330,0,3,0,4333,A
4-HA,1013,4356,0,4,0,4360,A
4-HA,1014,0,4316,0,0,4316,T
4-HA,1015,5,1,4380,0,4386,G
4-HA,1016,1,4376,0,1,4378,T
4-HA,1017,4362,1,5,0,4368,A
4-HA,1018,1,1,0,4369,4371,C
4-HA,1019,6,1,0,4351,4358,C
4-HA,1020,4306,0,1,0,4307,A
4-HA,1021,0,6,4296,0,4302,G
4-HA,1022,4247,0,2,0,4249,A
4-HA,1023,2,4,4267,0,4273,G
4-HA,1024,4229,0,4,0,4233,A
4-HA,1025,4203,0,4,0,4207,A
4-HA,1026,4206,0,11,0,4217,A
4-HA,1027,3,0,0,4207,4210,C
4-HA,1028,4218,0,2,1,4221,A
4-HA,1029,4270,0,1,0,4271,A
4-HA,1030,4241,1,1,0,4243,A
4-HA,1031,1,1,0,4289,4291,C
4-HA,1032,1,4250,0,0,4251,T
4-HA,1033,4227,2,0,0,4229,A
4-HA,1034,0,3,4232,0,4235,G
4-HA,1035,4193,0,9,0,4202,A
4-HA,1036,2,3,4266,0,4271,G
4-HA,1037,1,0,4258,0,4259,G
4-HA,1038,1,3,0,4186,4190,C
4-HA,1039,4201,0,1,0,4202,A
4-HA,1040,0,4215,0,2,4217,T
4-HA,1041,4241,1,1,0,4243,A
4-HA,1042,0,4215,1,1,4217,T
4-HA,1043,0,4203,0,1,4204,T
4-HA,1044,0,4204,0,3,4207,T
4-HA,1045,1,8,4078,0,4087,G
4-HA,1046,0,4,4089,0,4093,G
4-HA,1047,0,6,1,4059,4066,C
4-HA,1048,7,0,4074,1,4082,G
4-HA,1049,0,0,0,4050,4050,C
4-HA,1050,4027,0,1,0,4028,A
4-HA,1051,4060,0,0,2,4062,A
4-HA,1052,0,4049,0,1,4050,T
4-HA,1053,6,2,0,4063,4071,C
4-HA,1054,3,0,4084,0,4087,G
4-HA,1055,2,1,1,4056,4060,C
4-HA,1056,2,7,4075,1,4085,G
4-HA,1057,0,2,4085,0,4087,G
4-HA,1058,1,0,4107,0,4108,G
4-HA,1059,0,4073,0,2,4075,T
4-HA,1060,0,4052,0,1,4053,T
4-HA,1061,0,4050,0,2,4052,T
4-HA,1062,3,2,0,4058,4063,C
4-HA,1063,4072,0,3,0,4075,A
4-HA,1064,0,4080,0,2,4082,T
4-HA,1065,4071,0,3,0,4074,A
4-HA,1066,3,3,4101,0,4107,G
4-HA,1067,4015,0,2,0,4017,A
4-HA,1068,4032,0,1,0,4033,A
4-HA,1069,4025,0,2,0,4027,A
4-HA,1070,4026,0,2,0,4028,A
4-HA,1071,0,4022,1,0,4023,T
4-HA,1072,2,5,4048,0,4055,G
4-HA,1073,1,1,4059,0,4061,G
4-HA,1074,1,4029,0,2,4032,T
4-HA,1075,1,4010,0,3,4014,T
4-HA,1076,0,6,4002,0,4008,G
4-HA,1077,2,3,4012,0,4017,G
4-HA,1078,3,5,4020,0,4028,G
4-HA,1079,3979,0,4,2,3985,A
4-HA,1080,2,9,4003,0,4014,G
4-HA,1081,1,4,3952,0,3957,G
4-HA,1082,5,3,4003,0,4011,G
4-HA,1083,3992,0,6,0,3998,A
4-HA,1084,4042,0,4,0,4046,A
4-HA,1085,0,4052,0,2,4054,T
4-HA,1086,3,8,4022,0,4033,G
4-HA,1087,3,0,4068,0,4071,G
4-HA,1088,0,4013,0,4,4017,T
4-HA,1089,5,5,4033,0,4043,G
4-HA,1090,4,2,4010,0,4016,G
4-HA,1091,3908,0,6,0,3914,A
4-HA,1092,1,3933,1,4,3939,T
4-HA,1093,1,6,3959,0,3966,G
4-HA,1094,2,3,4016,0,4021,G
4-HA,1095,0,3938,0,2,3940,T
4-HA,1096,0,3854,0,4,3858,T
4-HA,1097,4,6,3851,0,3861,G
4-HA,1098,3,0,3913,0,3916,G
4-HA,1099,0,3877,0,3,3880,T
4-HA,1100,3891,0,0,1,3892,A
4-HA,1101,1,1,0,3707,3709,C
4-HA,1102,2,3,3736,0,3741,G
4-HA,1103,0,1,3817,0,3818,G
4-HA,1104,0,3802,0,8,3810,T
4-HA,1105,0,3802,0,2,3804,T
4-HA,1106,0,3791,1,2,3794,T
4-HA,1107,3,2,0,3754,3759,C
4-HA,1108,3751,1,1,0,3753,A
4-HA,1109,1,2,3751,1,3755,G
4-HA,1110,1,0,3741,0,3742,G
4-HA,1111,1,0,1,3736,3738,C
4-HA,1112,3631,0,1,0,3632,A
4-HA,1113,1,3635,0,1,3637,T
4-HA,1114,3,0,0,3651,3654,C
4-HA,1115,3659,0,2,0,3661,A
4-HA,1116,3656,0,3,0,3659,A
4-HA,1117,3655,0,1,0,3656,A
4-HA,1118,3679,0,0,0,3679,A
4-HA,1119,0,3670,0,3,3673,T
4-HA,1120,0,3659,0,4,3663,T
4-HA,1121,7,0,0,3669,3676,C
4-HA,1122,0,3643,0,2,3645,T
4-HA,1123,1,1,3638,0,3640,G
4-HA,1124,3628,0,0,0,3628,A
4-HA,1125,3599,0,3,0,3602,A
4-HA,1126,1,2,3625,0,3628,G
4-HA,1127,1,2,3672,0,3675,G
4-HA,1128,3666,1,1,0,3668,A
4-HA,1129,3668,0,4,0,3672,A
4-HA,1130,1,5,3628,0,3634,G
4-HA,1131,3666,0,8,0,3674,A
4-HA,1132,1,6,3687,0,3694,G
4-HA,1133,1,1,3706,0,3708,G
4-HA,1134,3696,0,6,0,3702,A
4-HA,1135,1,1,0,3696,3698,C
4-HA,1136,3680,0,4,0,3684,A
4-HA,1137,3677,1,4,0,3682,A
4-HA,1138,0,0,3670,0,3670,G
4-HA,1139,2,1,0,3672,3675,C
4-HA,1140,3664,1,2,0,3667,A
4-HA,1141,1,1,3654,0,3656,G
4-HA,1142,3,1,0,3640,3644,C
4-HA,1143,3640,1,4,0,3645,A
4-HA,1144,0,4,3668,0,3672,G
4-HA,1145,3651,0,1,0,3652,A
4-HA,1146,0,3713,0,5,3718,T
4-HA,1147,2,0,0,3746,3748,C
4-HA,1148,0,3716,0,9,3725,T
4-HA,1149,5,3,0,3760,3768,C
4-HA,1150,3755,1,0,1,3757,A
4-HA,1151,3757,0,2,0,3759,A
4-HA,1152,3760,0,1,1,3762,A
4-HA,1153,3677,1,8,0,3686,A
4-HA,1154,1,0,3681,0,3682,G
4-HA,1155,1,1,0,3616,3618,C
4-HA,1156,3598,0,0,0,3598,A
4-HA,1157,0,1,0,3668,3669,C
4-HA,1158,1,3622,0,7,3630,T
4-HA,1159,5,1,0,3641,3647,C
4-HA,1160,3663,1,1,0,3665,A
4-HA,1161,3725,1,4,0,3730,A
4-HA,1162,2,0,3722,1,3725,G
4-HA,1163,0,3,0,3714,3717,C
4-HA,1164,3714,0,1,0,3715,A
4-HA,1165,2,1,3712,0,3715,G
4-HA,1166,1,0,0,3660,3661,C
4-HA,1167,3664,0,2,1,3667,A
4-HA,1168,3659,0,0,0,3659,A
4-HA,1169,0,3623,0,1,3624,T
4-HA,1170,1,2,0,3559,3562,C
4-HA,1171,7,11,3551,0,3569,G
4-HA,1172,3545,1,2,0,3548,A
4-HA,1173,1,3528,0,7,3536,T
4-HA,1174,11,1,1,3523,3536,C
4-HA,1175,3535,0,2,0,3537,A
4-HA,1176,3595,1,3,0,3599,A
4-HA,1177,3605,0,0,0,3605,A
4-HA,1178,0,3581,0,1,3582,T
4-HA,1179,4,1,0,3602,3607,C
4-HA,1180,3566,0,1,0,3567,A
4-HA,1181,3586,0,0,1,3587,A
4-HA,1182,0,3579,0,2,3581,T
4-HA,1183,0,5,3587,0,3592,G
4-HA,1184,3,3,3570,0,3576,G
4-HA,1185,2,3,3531,0,3536,G
4-HA,1186,3534,1,2,1,3538,A
4-HA,1187,3535,0,4,0,3539,A
4-HA,1188,1,0,3585,0,3586,G
4-HA,1189,1,0,0,3578,3579,C
4-HA,1190,0,3560,0,5,3565,T
4-HA,1191,4,4,3701,0,3709,G
4-HA,1192,3695,0,1,0,3696,A
4-HA,1193,3693,0,2,0,3695,A
4-HA,1194,0,3704,0,0,3704,T
4-HA,1195,3624,0,1,0,3625,A
4-HA,1196,3,4,3608,0,3615,G
4-HA,1197,3335,2,9,1,3347,A
4-HA,1198,0,3351,0,3,3354,T
4-HA,1199,0,3370,0,1,3371,T
4-HA,1200,2,7,3365,1,3375,G
4-HA,1201,3343,0,1,1,3345,A
4-HA,1202,0,3328,0,2,3330,T
4-HA,1203,4,4,0,3340,3348,C
4-HA,1204,3,8,3330,0,3341,G
4-HA,1205,2,1,3311,1,3315,G
4-HA,1206,3,3,3342,0,3348,G
4-HA,1207,3325,0,5,0,3330,A
4-HA,1208,3334,0,3,1,3338,A
4-HA,1209,3304,0,8,0,3312,A
4-HA,1210,3308,0,0,0,3308,A
4-HA,1211,0,1,0,3317,3318,C
4-HA,1212,7,1,0,3323,3331,C
4-HA,1213,3301,0,1,0,3302,A
4-HA,1214,3298,1,1,0,3300,A
4-HA,1215,1,1,1,3295,3298,C
4-HA,1216,3,4,3319,0,3326,G
4-HA,1217,3309,0,3,0,3312,A
4-HA,1218,0,1,3314,0,3315,G
4-HA,1219,3300,0,3,0,3303,A
4-HA,1220,3308,0,1,0,3309,A
4-HA,1221,3311,0,3,0,3314,A
4-HA,1222,0,3302,0,3,3305,T
4-HA,1223,1,3268,0,1,3270,T
4-HA,1224,3,0,1,3294,3298,C
4-HA,1225,2,3,0,3294,3299,C
4-HA,1226,3294,0,3,0,3297,A
4-HA,1227,1,3269,0,3,3273,T
4-HA,1228,10,0,0,3286,3296,C
4-HA,1229,3276,1,2,0,3279,A
4-HA,1230,2,3,3283,0,3288,G
4-HA,1231,3266,0,1,1,3268,A
4-HA,1232,0,3264,0,3,3267,T
4-HA,1233,0,3247,0,2,3249,T
4-HA,1234,0,11,3250,0,3261,G
4-HA,1235,3263,0,2,0,3265,A
4-HA,1236,3268,0,3,0,3271,A
4-HA,1237,3269,0,1,0,3270,A
4-HA,1238,3262,0,0,1,3263,A
4-HA,1239,3236,0,0,0,3236,A
4-HA,1240,2,2,3237,0,3241,G
4-HA,1241,3221,1,5,0,3227,A
4-HA,1242,3220,0,2,1,3223,A
4-HA,1243,0,3159,0,2,3161,T
4-HA,1244,0,3154,0,1,3155,T
4-HA,1245,5,1,0,3172,3178,C
4-HA,1246,0,3170,0,1,3171,T
4-HA,1247,2,0,0,3163,3165,C
4-HA,1248,3163,0,3,0,3166,A
4-HA,1249,3,2,3164,0,3169,G
4-HA,1250,3156,0,1,0,3157,A
4-HA,1251,3134,1,3,1,3139,A
4-HA,1252,2,2,3169,0,3173,G
4-HA,1253,2,3102,0,3,3107,T
4-HA,1254,5,2,0,3146,3153,C
4-HA,1255,3,2,3146,0,3151,G
4-HA,1256,3140,0,4,1,3145,A
4-HA,1257,3147,0,4,0,3151,A
4-HA,1258,1,2,3144,0,3147,G
4-HA,1259,1,4,3150,0,3155,G
4-HA,1260,2,2,3155,0,3159,G
4-HA,1261,3075,0,6,0,3081,A
4-HA,1262,0,4,3084,0,3088,G
4-HA,1263,3077,2,4,1,3084,A
4-HA,1264,3208,0,0,0,3208,A
4-HA,1265,2,3200,1,1,3204,T
4-HA,1266,1,3199,0,3,3203,T
4-HA,1267,6,1,0,3207,3214,C
4-HA,1268,3112,1,14,0,3127,A
4-HA,1269,7,0,3142,0,3149,G
4-HA,1270,2,2,3128,0,3132,G
4-HA,1271,3098,0,3,0,3101,A
4-HA,1272,1,1,0,3115,3117,C
4-HA,1273,3,1,0,2889,2893,C
4-HA,1274,0,2870,0,3,2873,T
4-HA,1275,0,2768,0,119,2887,T
4-HA,1276,1,2,2909,1,2913,G
4-HA,1277,2902,0,2,0,2904,A
4-HA,1278,5,1,3001,0,3007,G
4-HA,1279,2961,0,3,0,2964,A
4-HA,1280,2566,0,2,0,2568,A
4-HA,1281,2369,0,170,0,2539,A
4-HA,1282,0,2528,0,0,2528,T
4-HA,1283,2581,0,2,0,2583,A
4-HA,1284,0,2565,0,0,2565,T
4-HA,1285,4,0,2578,0,2582,G
4-HA,1286,0,2559,0,3,2562,T
4-HA,1287,1,2448,0,0,2449,T
4-HA,1288,1,2,2443,0,2446,G
4-HA,1289,2426,0,0,0,2426,A
4-HA,1290,2,1,2462,0,2465,G
4-HA,1291,1,6,2445,0,2452,G
4-HA,1292,2387,0,4,0,2391,A
4-HA,1293,0,1,0,2439,2440,C
4-HA,1294,2397,1,4,0,2402,A
4-HA,1295,0,0,0,2482,2482,C
4-HA,1296,3,1,0,2484,2488,C
4-HA,1297,2495,0,1,0,2496,A
4-HA,1298,2546,0,0,0,2546,A
4-HA,1299,2541,1,2,1,2545,A
4-HA,1300,2570,0,1,0,2571,A
4-HA,1301,0,2558,0,1,2559,T
4-HA,1302,2518,0,0,0,2518,A
4-HA,1303,1,1,2527,0,2529,G
4-HA,1304,2484,0,0,0,2484,A
4-HA,1305,0,2496,0,2,2498,T
4-HA,1306,0,0,1,2509,2510,C
4-HA,1307,1,2466,0,3,2470,T
4-HA,1308,2,0,0,2513,2515,C
4-HA,1309,0,2513,0,1,2514,T
4-HA,1310,0,3,2559,0,2562,G
4-HA,1311,1,1,2605,0,2607,G
4-HA,1312,0,2594,0,4,2598,T
4-HA,1313,6,1,0,2595,2602,C
4-HA,1314,2608,1,2,0,2611,A
4-HA,1315,1,2624,0,0,2625,T
4-HA,1316,2624,0,1,0,2625,A
4-HA,1317,0,0,0,2623,2623,C
4-HA,1318,2548,0,5,0,2553,A
4-HA,1319,2559,0,2,0,2561,A
4-HA,1320,0,0,0,2488,2488,C
4-HA,1321,2,0,2469,0,2471,G
4-HA,1322,1,0,0,2483,2484,C
4-HA,1323,2,5,2457,0,2464,G
4-HA,1324,0,3,2460,0,2463,G
4-HA,1325,2475,0,2,0,2477,A
4-HA,1326,3,1,2500,0,2504,G
4-HA,1327,0,4,0,2489,2493,C
4-HA,1328,0,2486,0,4,2490,T
4-HA,1329,0,2489,4,8,2501,T
4-HA,1330,0,1,0,2515,2516,C
4-HA,1331,1,2531,0,1,2533,T
4-HA,1332,0,2523,0,3,2526,T
4-HA,1333,0,0,2524,0,2524,G
4-HA,1334,0,2501,0,1,2502,T
4-HA,1335,0,2460,0,1,2461,T
4-HA,1336,2,2,2495,0,2499,G
4-HA,1337,2,4,1,2477,2484,C
4-HA,1338,1,0,0,2478,2479,C
4-HA,1339,7,1,0,2477,2485,C
4-HA,1340,1,2489,0,4,2494,T
4-HA,1341,2,1,2526,0,2529,G
4-HA,1342,0,2,2532,0,2534,G
4-HA,1343,2528,0,1,0,2529,A
4-HA,1344,0,2,2534,0,2536,G
4-HA,1345,2500,0,1,0,2501,A
4-HA,1346,2500,0,3,0,2503,A
4-HA,1347,0,1,0,2511,2512,C
4-HA,1348,4,3,0,2508,2515,C
4-HA,1349,2507,0,4,0,2511,A
4-HA,1350,2564,0,3,0,2567,A
4-HA,1351,0,0,0,2584,2584,C
4-HA,1352,2595,0,2,0,2597,A
4-HA,1353,0,2590,0,3,2593,T
4-HA,1354,2585,0,0,0,2585,A
4-HA,1355,0,1,0,2621,2622,C
4-HA,1356,2590,0,1,0,2591,A
4-HA,1357,2587,0,1,0,2588,A
4-HA,1358,1,2566,0,1,2568,T
4-HA,1359,0,2485,0,2,2487,T
4-HA,1360,2,5,2521,0,2528,G
4-HA,1361,2512,0,2,0,2514,A
4-HA,1362,0,2500,1,1,2502,T
4-HA,1363,0,0,0,2518,2518,C
4-HA,1364,0,2462,1,2,2465,T
4-HA,1365,2478,0,0,0,2478,A
4-HA,1366,2476,0,0,0,2476,A
4-HA,1367,0,1,0,2473,2474,C
4-HA,1368,0,2453,0,3,2456,T
4-HA,1369,1,6,2444,0,2451,G
4-HA,1370,2450,1,3,0,2454,A
4-HA,1371,0,0,0,2451,2451,C
4-HA,1372,0,2432,0,4,2436,T
4-HA,1373,2,1,0,2456,2459,C
4-HA,1374,2442,0,3,0,2445,A
4-HA,1375,2,3,2491,0,2496,G
4-HA,1376,2496,0,0,0,2496,A
4-HA,1377,2494,0,2,0,2496,A
4-HA,1378,2494,0,1,1,2496,A
4-HA,1379,0,2476,1,0,2477,T
4-HA,1380,0,5,2500,1,2506,G
4-HA,1381,2506,0,3,0,2509,A
4-HA,1382,2501,0,5,0,2506,A
4-HA,1383,0,0,0,2514,2514,C
4-HA,1384,2465,0,1,0,2466,A
4-HA,1385,2465,0,1,0,2466,A
4-HA,1386,2462,0,2,0,2464,A
4-HA,1387,1,0,0,2476,2477,C
4-HA,1388,0,2442,0,0,2442,T
4-HA,1389,2,2,2461,0,2465,G
4-HA,1390,0,2431,0,2,2433,T
4-HA,1391,0,2442,0,1,2443,T
4-HA,1392,1,2447,0,0,2448,T
4-HA,1393,0,3,2440,0,2443,G
4-HA,1394,2437,0,0,0,2437,A
4-HA,1395,2447,0,0,0,2447,A
4-HA,1396,2437,0,0,0,2437,A
4-HA,1397,2444,0,0,0,2444,A
4-HA,1398,2419,0,2,0,2421,A
4-HA,1399,2431,0,1,1,2433,A
4-HA,1400,0,0,0,2434,2434,C
4-HA,1401,2437,0,0,1,2438,A
4-HA,1402,2425,1,1,0,2427,A
4-HA,1403,2427,1,1,1,2430,A
4-HA,1404,1,1,2433,0,2435,G
4-HA,1405,2425,0,1,0,2426,A
4-HA,1406,2419,0,1,0,2420,A
4-HA,1407,0,0,2413,0,2413,G
4-HA,1408,2,0,0,2418,2420,C
4-HA,1409,2432,0,2,1,2435,A
4-HA,1410,2440,2,1,0,2443,A
4-HA,1411,1,2,0,2442,2445,C
4-HA,1412,0,2433,0,0,2433,T
4-HA,1413,2436,0,2,0,2438,A
4-HA,1414,2442,0,1,0,2443,A
4-HA,1415,0,5,2451,0,2456,G
4-HA,1416,1,3,2453,0,2457,G
4-HA,1417,0,4,2472,0,2476,G
4-HA,1418,2441,0,4,0,2445,A
4-HA,1419,2434,0,0,0,2434,A
4-HA,1420,2425,0,2,0,2427,A
4-HA,1421,2448,0,2,0,2450,A
4-HA,1422,0,2442,0,1,2443,T
4-HA,1423,1,1,2454,0,2456,G
4-HA,1424,0,0,0,2442,2442,C
4-HA,1425,0,2422,0,1,2423,T
4-HA,1426,2,3,2434,0,2439,G
4-HA,1427,2441,0,1,0,2442,A
4-HA,1428,2,0,2540,0,2542,G
4-HA,1429,0,1,2582,0,2583,G
4-HA,1430,2552,0,0,0,2552,A
4-HA,1431,0,2541,0,0,2541,T
4-HA,1432,2524,0,3,0,2527,A
4-HA,1433,0,2516,0,0,2516,T
4-HA,1434,5,5,2535,0,2545,G
4-HA,1435,1,3,2566,0,2570,G
4-HA,1436,3,0,2562,0,2565,G
4-HA,1437,0,1,0,2470,2471,C
4-HA,1438,2402,0,1,0,2403,A
4-HA,1439,2401,0,3,0,2404,A
4-HA,1440,0,2406,0,2,2408,T
4-HA,1441,0,3,2412,0,2415,G
4-HA,1442,0,2,2414,1,2417,G
4-HA,1443,0,2372,1,1,2374,T
4-HA,1444,0,2330,0,0,2330,T
4-HA,1445,1,0,2336,0,2337,G
4-HA,1446,0,2342,0,1,2343,T
4-HA,1447,0,2346,0,0,2346,T
4-HA,1448,0,2341,0,2,2343,T
4-HA,1449,4,0,0,2349,2353,C
4-HA,1450,2349,0,0,0,2349,A
4-HA,1451,2350,0,0,0,2350,A
4-HA,1452,2355,0,0,0,2355,A
4-HA,1453,2383,0,0,0,2383,A
4-HA,1454,0,2371,1,1,2373,T
4-HA,1455,2355,1,1,0,2357,A
4-HA,1456,0,2357,0,1,2358,T
4-HA,1457,2332,0,2,0,2334,A
4-HA,1458,0,0,0,2373,2373,C
4-HA,1459,0,0,0,2357,2357,C
4-HA,1460,2359,0,1,0,2360,A
4-HA,1461,1,1,0,2368,2370,C
4-HA,1462,2373,0,0,0,2373,A
4-HA,1463,2377,0,2,0,2379,A
4-HA,1464,2373,0,0,0,2373,A
4-HA,1465,0,2376,0,1,2377,T
4-HA,1466,1,1,2381,0,2383,G
4-HA,1467,1,2360,0,2,2363,T
4-HA,1468,0,5,2369,0,2374,G
4-HA,1469,2371,0,6,0,2377,A
4-HA,1470,0,2,0,2370,2372,C
4-HA,1471,2348,0,2,0,2350,A
4-HA,1472,2337,0,0,0,2337,A
4-HA,1473,0,2363,0,0,2363,T
4-HA,1474,3,0,2378,0,2381,G
4-HA,1475,1,0,0,2357,2358,C
4-HA,1476,0,0,0,2368,2368,C
4-HA,1477,1,2351,0,2,2354,T
4-HA,1478,3,1,2435,1,2440,G
4-HA,1479,0,1,0,2435,2436,C
4-HA,1480,2442,0,2,0,2444,A
4-HA,1481,0,2442,0,0,2442,T
4-HA,1482,2358,1,4,0,2363,A
4-HA,1483,0,5,2369,0,2374,G
4-HA,1484,2,3,2360,0,2365,G
4-HA,1485,2350,0,3,0,2353,A
4-HA,1486,1,2342,0,0,2343,T
4-HA,1487,1,1,0,2244,2246,C
4-HA,1488,2240,0,0,0,2240,A
4-HA,1489,2244,0,0,0,2244,A
4-HA,1490,0,2239,0,2,2241,T
4-HA,1491,2,2,0,2243,2247,C
4-HA,1492,2208,0,1,0,2209,A
4-HA,1493,0,2,2228,0,2230,G
4-HA,1494,2228,0,1,0,2229,A
4-HA,1495,2230,0,1,0,2231,A
4-HA,1496,2230,0,2,0,2232,A
4-HA,1497,0,2225,0,2,2227,T
4-HA,1498,1,2,2204,0,2207,G
4-HA,1499,0,7,2211,0,2218,G
4-HA,1500,2211,1,2,0,2214,A
4-HA,1501,2223,0,2,0,2225,A
4-HA,1502,0,1,0,2237,2238,C
4-HA,1503,0,2200,0,6,2206,T
4-HA,1504,0,2221,0,0,2221,T
4-HA,1505,2217,0,1,0,2218,A
4-HA,1506,1,2218,0,1,2220,T
4-HA,1507,6,10,2204,0,2220,G
4-HA,1508,2213,0,5,0,2218,A
4-HA,1509,0,0,0,2210,2210,C
4-HA,1510,3,0,0,2200,2203,C
4-HA,1511,2193,0,1,0,2194,A
4-HA,1512,0,1,0,2248,2249,C
4-HA,1513,1,0,2304,0,2305,G
4-HA,1514,2345,1,4,0,2350,A
4-HA,1515,0,2361,0,2,2363,T
4-HA,1516,0,0,2458,0,2458,G
4-HA,1517,0,2435,0,2,2437,T
4-HA,1518,2501,0,5,0,2506,A
4-HA,1519,0,2496,0,1,2497,T
4-HA,1520,2485,0,1,0,2486,A
4-HA,1521,0,2,0,2483,2485,C
4-HA,1522,2262,0,0,0,2262,A
4-HA,1523,1,1,2276,0,2278,G
4-HA,1524,2134,0,1,0,2135,A
4-HA,1525,2,2,2039,0,2043,G
4-HA,1526,2019,0,1,0,2020,A
4-HA,1527,0,1868,1,0,1869,T
4-HA,1528,1,1,1865,0,1867,G
4-HA,1529,1856,0,0,0,1856,A
4-HA,1530,1844,1,5,0,1850,A
4-HA,1531,0,0,1883,1,1884,G
4-HA,1532,0,0,0,1849,1849,C
4-HA,1533,1843,0,0,0,1843,A
4-HA,1534,0,1833,0,1,1834,T
4-HA,1535,0,1829,0,1,1830,T
4-HA,1536,1838,0,1,0,1839,A
4-HA,1537,1837,0,1,0,1838,A
4-HA,1538,1836,0,3,0,1839,A
4-HA,1539,0,0,0,1833,1833,C
4-HA,1540,1765,0,1,0,1766,A
4-HA,1541,1768,0,1,0,1769,A
4-HA,1542,1,0,0,1770,1771,C
4-HA,1543,5,3,0,1751,1759,C
4-HA,1544,0,2,1755,0,1757,G
4-HA,1545,2,0,1788,0,1790,G
4-HA,1546,0,1788,0,0,1788,T
4-HA,1547,0,1779,0,3,1782,T
4-HA,1548,8,1,0,1775,1784,C
4-HA,1549,1,0,0,1785,1786,C
4-HA,1550,1764,0,2,2,1768,A
4-HA,1551,0,1,1778,0,1779,G
4-HA,1552,1786,0,0,1,1787,A
4-HA,1553,0,1777,0,1,1778,T
4-HA,1554,2,0,0,1709,1711,C
4-HA,1555,1699,0,2,0,1701,A
4-HA,1556,1697,0,2,0,1699,A
4-HA,1557,0,4,1703,0,1707,G
4-HA,1558,0,1,1696,0,1697,G
4-HA,1559,0,3,1687,0,1690,G
4-HA,1560,1638,1,5,0,1644,A
4-HA,1561,0,0,1645,0,1645,G
4-HA,1562,0,1647,0,0,1647,T
4-HA,1563,0,1645,0,2,1647,T
4-HA,1564,1,1,1655,0,1657,G
4-HA,1565,1638,0,0,0,1638,A
4-HA,1566,1,0,1643,0,1644,G
4-HA,1567,0,0,0,1636,1636,C
4-HA,1568,0,1621,0,6,1627,T
4-HA,1569,0,1,1638,0,1639,G
4-HA,1570,1630,0,1,0,1631,A
4-HA,1571,1639,0,2,0,1641,A
4-HA,1572,0,0,1640,0,1640,G
4-HA,1573,0,1618,0,3,1621,T
4-HA,1574,3,0,0,1614,1617,C
4-HA,1575,1597,0,0,0,1597,A
4-HA,1576,1,0,1592,0,1593,G
4-HA,1577,0,1,1588,1,1590,G
4-HA,1578,0,0,1566,0,1566,G
4-HA,1579,0,1605,0,0,1605,T
4-HA,1580,1601,0,0,0,1601,A
4-HA,1581,0,1,0,1609,1610,C
4-HA,1582,1605,0,0,0,1605,A
4-HA,1583,1607,0,1,0,1608,A
4-HA,1584,1603,0,2,0,1605,A
4-HA,1585,0,0,1610,0,1610,G
4-HA,1586,1555,0,0,0,1555,A
4-HA,1587,0,1508,0,0,1508,T
4-HA,1588,0,1491,0,0,1491,T
4-HA,1589,1,3,1484,0,1488,G
4-HA,1590,1,1,1483,0,1485,G
4-HA,1591,1476,0,1,0,1477,A
4-HA,1592,0,1488,0,0,1488,T
4-HA,1593,1,1,0,1483,1485,C
4-HA,1594,2,0,0,1453,1455,C
4-HA,1595,0,1435,0,0,1435,T
4-HA,1596,1448,0,2,0,1450,A
4-HA,1597,0,1451,0,1,1452,T
4-HA,1598,0,2,1446,0,1448,G
4-HA,1599,0,3,1447,0,1450,G
4-HA,1600,1408,0,0,0,1408,A
4-HA,1601,0,1395,0,6,1401,T
4-HA,1602,0,1394,0,0,1394,T
4-HA,1603,0,1380,1,4,1385,T
4-HA,1604,1,0,0,1383,1384,C
4-HA,1605,1,0,0,1381,1382,C
4-HA,1606,0,1363,0,2,1365,T
4-HA,1607,0,1365,0,0,1365,T
4-HA,1608,0,1359,0,1,1360,T
4-HA,1609,1,1,1366,0,1368,G
4-HA,1610,0,0,0,1359,1359,C
4-HA,1611,2,0,0,1359,1361,C
4-HA,1612,1344,0,1,0,1345,A
4-HA,1613,0,1334,0,0,1334,T
4-HA,1614,1340,1,1,0,1342,A
4-HA,1615,0,1333,0,2,1335,T
4-HA,1616,0,0,0,1326,1326,C
4-HA,1617,1325,0,0,0,1325,A
4-HA,1618,0,1314,0,1,1315,T
4-HA,1619,2,0,1312,0,1314,G
4-HA,1620,0,1298,0,0,1298,T
4-HA,1621,0,1286,0,0,1286,T
4-HA,1622,0,1284,0,2,1286,T
4-HA,1623,0,1259,0,0,1259,T
4-HA,1624,0,1258,0,0,1258,T
4-HA,1625,0,1255,0,0,1255,T
4-HA,1626,0,0,1260,0,1260,G
4-HA,1627,0,0,1,1245,1246,C
4-HA,1628,0,1212,0,3,1215,T
4-HA,1629,0,1229,0,0,1229,T
4-HA,1630,0,1223,0,0,1223,T
4-HA,1631,2,1,1240,0,1243,G
4-HA,1632,0,1238,0,1,1239,T
4-HA,1633,1,0,1238,0,1239,G
4-HA,1634,0,1237,0,2,1239,T
4-HA,1635,0,1217,0,1,1218,T
4-HA,1636,0,0,1223,0,1223,G
4-HA,1637,0,0,0,1224,1224,C
4-HA,1638,0,1215,0,3,1218,T
4-HA,1639,0,1222,0,0,1222,T
4-HA,1640,0,1155,0,0,1155,T
4-HA,1641,0,0,1156,0,1156,G
4-HA,1642,0,1155,0,0,1155,T
4-HA,1643,0,1157,0,0,1157,T
4-HA,1644,0,1,1152,0,1153,G
4-HA,1645,0,0,1134,0,1134,G
4-HA,1646,1,3,1121,0,1125,G
4-HA,1647,0,0,1125,0,1125,G
4-HA,1648,0,1104,0,2,1106,T
4-HA,1649,0,1105,0,0,1105,T
4-HA,1650,5,0,0,1086,1091,C
4-HA,1651,1071,0,0,0,1071,A
4-HA,1652,0,1071,1,1,1073,T
4-HA,1653,0,0,0,1073,1073,C
4-HA,1654,1057,0,1,0,1058,A
4-HA,1655,1,1022,0,3,1026,T
4-HA,1656,1,0,1021,0,1022,G
4-HA,1657,0,1006,0,0,1006,T
4-HA,1658,1,0,991,0,992,G
4-HA,1659,0,0,968,0,968,G
4-HA,1660,0,0,956,0,956,G
4-HA,1661,0,2,0,936,938,C
4-HA,1662,3,0,0,912,915,C
4-HA,1663,0,874,0,2,876,T
4-HA,1664,2,0,872,0,874,G
4-HA,1665,1,1,0,865,867,C
4-HA,1666,2,0,0,870,872,C
4-HA,1667,877,0,0,0,877,A
4-HA,1668,868,0,0,0,868,A
4-HA,1669,868,0,0,0,868,A
4-HA,1670,870,0,0,0,870,A
4-HA,1671,864,0,0,0,864,A
4-HA,1672,0,0,857,0,857,G
4-HA,1673,0,0,834,0,834,G
4-HA,1674,0,0,0,825,825,C
4-HA,1675,822,0,1,0,823,A
4-HA,1676,828,0,2,0,830,A
4-HA,1677,1,0,0,830,831,C
4-HA,1678,829,0,1,0,830,A
4-HA,1679,0,827,0,0,827,T
4-HA,1680,0,822,0,1,823,T
4-HA,1681,798,0,3,0,801,A
4-HA,1682,0,0,795,0,795,G
4-HA,1683,0,0,791,0,791,G
4-HA,1684,0,755,0,1,756,T
4-HA,1685,0,0,702,0,702,G
4-HA,1686,0,0,0,667,667,C
4-HA,1687,652,1,1,0,654,A
4-HA,1688,649,0,3,0,652,A
4-HA,1689,0,1,0,649,650,C
4-HA,1690,644,0,1,0,645,A
4-HA,1691,0,637,0,1,638,T
4-HA,1692,0,595,0,0,595,T
4-HA,1693,0,598,0,0,598,T
4-HA,1694,0,0,594,0,594,G
4-HA,1695,0,0,0,590,590,C
4-HA,1696,588,0,0,0,588,A
4-HA,1697,0,553,0,1,554,T
4-HA,1698,0,534,0,1,535,T
4-HA,1699,0,522,0,0,522,T
4-HA,1700,0,0,517,0,517,G
4-HA,1701,498,0,0,0,498,A
5-NP,1,613,0,0,0,613,A
5-NP,2,0,607,0,0,607,T
5-NP,3,0,0,607,0,607,G
5-NP,4,0,1,611,0,612,G
5-NP,5,0,1,0,619,620,C
5-NP,6,0,0,641,0,641,G
5-NP,7,0,681,0,1,682,T
5-NP,8,1,0,0,688,689,C
5-NP,9,1,0,0,690,691,C
5-NP,10,0,0,0,697,697,C
5-NP,11,693,0,2,0,695,A
5-NP,12,699,0,0,0,699,A
5-NP,13,1,1,695,0,697,G
5-NP,14,1,0,710,0,711,G
5-NP,15,0,0,0,722,722,C
5-NP,16,722,0,0,0,722,A
5-NP,17,0,0,0,729,729,C
5-NP,18,1,0,0,727,728,C
5-NP,19,730,0,0,0,730,A
5-NP,20,734,0,1,0,735,A
5-NP,21,735,0,1,0,736,A
5-NP,22,0,1,0,736,737,C
5-NP,23,0,0,739,0,739,G
5-NP,24,0,0,807,0,807,G
5-NP,25,0,799,0,2,801,T
5-NP,26,2,0,0,875,877,C
5-NP,27,0,875,0,1,876,T
5-NP,28,0,886,0,0,886,T
5-NP,29,893,0,0,0,893,A
5-NP,30,0,889,0,0,889,T
5-NP,31,0,2,892,0,894,G
5-NP,32,893,0,1,0,894,A
5-NP,33,873,0,0,0,873,A
5-NP,34,0,0,0,884,884,C
5-NP,35,866,0,1,0,867,A
5-NP,36,0,1,920,0,921,G
5-NP,37,900,0,1,0,901,A
5-NP,38,0,920,0,0,920,T
5-NP,39,0,2,920,0,922,G
5-NP,40,0,0,916,0,916,G
5-NP,41,914,0,2,0,916,A
5-NP,42,929,0,0,0,929,A
5-NP,43,932,1,0,1,934,A
5-NP,44,0,0,0,971,971,C
5-NP,45,0,967,1,0,968,T
5-NP,46,0,1,976,0,977,G
5-NP,47,964,0,1,0,965,A
5-NP,48,0,979,0,2,981,T
5-NP,49,0,1,979,0,980,G
5-NP,50,0,1,984,0,985,G
5-NP,51,0,0,988,0,988,G
5-NP,52,2,0,976,0,978,G
5-NP,53,976,0,3,0,979,A
5-NP,54,0,977,0,0,977,T
5-NP,55,0,0,0,989,989,C
5-NP,56,0,1,984,0,985,G
5-NP,57,0,0,0,1002,1002,C
5-NP,58,1,0,0,999,1000,C
5-NP,59,1009,0,0,0,1009,A
5-NP,60,0,1,1019,0,1020,G
5-NP,61,1011,0,2,0,1013,A
5-NP,62,1025,0,0,0,1025,A
5-NP,63,0,1024,0,0,1024,T
5-NP,64,0,0,1028,0,1028,G
5-NP,65,0,0,0,1032,1032,C
5-NP,66,1022,0,0,0,1022,A
5-NP,67,1035,0,2,0,1037,A
5-NP,68,0,0,0,1036,1036,C
5-NP,69,0,1033,0,1,1034,T
5-NP,70,0,0,1047,0,1047,G
5-NP,71,1059,0,0,0,1059,A
5-NP,72,0,0,1109,0,1109,G
5-NP,73,1106,0,0,0,1106,A
5-NP,74,0,1110,0,1,1111,T
5-NP,75,0,1114,0,0,1114,T
5-NP,76,1108,0,0,0,1108,A
5-NP,77,0,2,1108,0,1110,G
5-NP,78,1,1,1106,0,1108,G
5-NP,79,1,0,1099,1,1101,G
5-NP,80,1,2,0,1092,1095,C
5-NP,81,1089,0,1,0,1090,A
5-NP,82,0,1092,0,4,1096,T
5-NP,83,1,1,0,1104,1106,C
5-NP,84,2,0,0,1103,1105,C
5-NP,85,0,0,1117,0,1117,G
5-NP,86,0,1110,0,1,1111,T
5-NP,87,4,0,0,1108,1112,C
5-NP,88,1,3,1114,0,1118,G
5-NP,89,2,0,1116,0,1118,G
5-NP,90,1,1,1122,0,1124,G
5-NP,91,1113,0,0,0,1113,A
5-NP,92,1112,0,3,0,1115,A
5-NP,93,0,0,1124,1,1125,G
5-NP,94,1108,0,2,0,1110,A
5-NP,95,0,1124,0,2,1126,T
5-NP,96,0,0,1129,0,1129,G
5-NP,97,1129,0,2,0,1131,A
5-NP,98,0,1134,0,0,1134,T
5-NP,99,0,1136,0,0,1136,T
5-NP,100,0,0,1133,0,1133,G
5-NP,101,1126,0,2,0,1128,A
5-NP,102,0,1130,0,0,1130,T
5-NP,103,0,2,1129,0,1131,G
5-NP,104,1,1,1122,0,1124,G
5-NP,105,0,0,1117,0,1117,G
5-NP,106,1179,0,1,0,1180,A
5-NP,107,0,1183,0,0,1183,T
5-NP,108,0,1189,0,1,1190,T
5-NP,109,1,0,1193,1,1195,G
5-NP,110,0,0,1195,0,1195,G
5-NP,111,0,0,1202,0,1202,G
5-NP,112,1200,0,0,0,1200,A
5-NP,113,0,0,1199,0,1199,G
5-NP,114,1192,0,0,0,1192,A
5-NP,115,0,1216,0,0,1216,T
5-NP,116,0,1220,0,0,1220,T
5-NP,117,2,0,0,1221,1223,C
5-NP,118,0,1219,0,2,1221,T
5-NP,119,1244,0,1,0,1245,A
5-NP,120,0,0,0,1243,1243,C
5-NP,121,1273,0,0,0,1273,A
5-NP,122,0,1281,0,1,1282,T
5-NP,123,0,1,0,1280,1281,C
5-NP,124,0,0,0,1287,1287,C
5-NP,125,1290,0,1,0,1291,A
5-NP,126,1326,0,0,0,1326,A
5-NP,127,1323,0,0,0,1323,A
5-NP,128,0,1316,0,1,1317,T
5-NP,129,0,1,1324,0,1325,G
5-NP,130,0,1307,0,2,1309,T
5-NP,131,0,0,1321,0,1321,G
5-NP,132,0,2,0,1315,1317,C
5-NP,133,1313,0,0,0,1313,A
5-NP,134,0,0,0,1318,1318,C
5-NP,135,1,1294,0,2,1297,T
5-NP,136,0,0,1370,0,1370,G
5-NP,137,1388,0,1,0,1389,A
5-NP,138,1413,0,2,0,1415,A
5-NP,139,0,0,0,1432,1432,C
5-NP,140,0,1424,0,3,1427,T
5-NP,141,0,1428,0,3,1431,T
5-NP,142,1435,0,0,0,1435,A
5-NP,143,1433,0,1,0,1434,A
5-NP,144,1428,0,2,0,1430,A
5-NP,145,1,0,0,1437,1438,C
5-NP,146,0,1402,0,0,1402,T
5-NP,147,1,1,0,1414,1416,C
5-NP,148,1406,0,2,0,1408,A
5-NP,149,0,0,1422,0,1422,G
5-NP,150,0,1421,0,4,1425,T
5-NP,151,4,5,1424,0,1433,G
5-NP,152,1462,0,1,0,1463,A
5-NP,153,0,1463,0,0,1463,T
5-NP,154,1,0,0,1481,1482,C
5-NP,155,1491,0,1,0,1492,A
5-NP,156,0,1489,0,2,1491,T
5-NP,157,1,3,1493,0,1497,G
5-NP,158,1489,0,0,0,1489,A
5-NP,159,1477,1,6,0,1484,A
5-NP,160,1,4,1482,0,1487,G
5-NP,161,0,1,1465,0,1466,G
5-NP,162,1,2,1464,0,1467,G
5-NP,163,0,0,0,1449,1449,C
5-NP,164,0,3,1463,0,1466,G
5-NP,165,0,0,1473,0,1473,G
5-NP,166,0,1464,0,2,1466,T
5-NP,167,0,1472,0,1,1473,T
5-NP,168,1,3,1469,0,1473,G
5-NP,169,1591,0,1,0,1592,A
5-NP,170,0,1588,0,0,1588,T
5-NP,171,2,1,0,1590,1593,C
5-NP,172,1,2,1,1586,1590,C
5-NP,173,1578,0,0,0,1578,A
5-NP,174,2,3,1579,0,1584,G
5-NP,175,1575,0,0,0,1575,A
5-NP,176,1585,0,0,0,1585,A
5-NP,177,0,1,0,1592,1593,C
5-NP,178,1504,0,0,0,1504,A
5-NP,179,1,0,1518,0,1519,G
5-NP,180,0,1,0,1514,1515,C
5-NP,181,0,1520,0,1,1521,T
5-NP,182,0,1534,0,0,1534,T
5-NP,183,3,3,1524,0,1530,G
5-NP,184,1535,1,1,0,1537,A
5-NP,185,1,0,0,1539,1540,C
5-NP,186,1537,0,1,0,1538,A
5-NP,187,1547,0,1,0,1548,A
5-NP,188,0,1536,0,0,1536,T
5-NP,189,1534,0,0,0,1534,A
5-NP,190,0,4,1536,0,1540,G
5-NP,191,1527,0,2,0,1529,A
5-NP,192,0,1,1538,0,1539,G
5-NP,193,1530,0,1,0,1531,A
5-NP,194,1556,0,1,0,1557,A
5-NP,195,1555,0,1,0,1556,A
5-NP,196,1574,0,1,0,1575,A
5-NP,197,0,1584,0,0,1584,T
5-NP,198,1,3,1580,0,1584,G
5-NP,199,0,1,1582,0,1583,G
5-NP,200,0,1576,0,0,1576,T
5-NP,201,1545,0,0,0,1545,A
5-NP,202,2,0,0,1557,1559,C
5-NP,203,0,1560,0,1,1561,T
5-NP,204,1,0,0,1593,1594,C
5-NP,205,0,1550,0,5,1555,T
5-NP,206,1,0,0,1575,1576,C
5-NP,207,0,1566,0,2,1568,T
5-NP,208,1,0,1583,0,1584,G
5-NP,209,0,0,0,1575,1575,C
5-NP,210,0,1573,0,4,1577,T
5-NP,211,0,1582,0,0,1582,T
5-NP,212,0,1578,0,0,1578,T
5-NP,213,1,1561,0,0,1562,T
5-NP,214,0,4,1561,0,1565,G
5-NP,215,1556,0,1,1,1558,A
5-NP,216,0,1564,0,0,1564,T
5-NP,217,1,0,1563,0,1564,G
5-NP,218,1552,0,3,0,1555,A
5-NP,219,1559,0,1,0,1560,A
5-NP,220,1554,0,1,0,1555,A
5-NP,221,0,1,1566,0,1567,G
5-NP,222,1558,0,2,0,1560,A
5-NP,223,1559,0,1,0,1560,A
5-NP,224,1,1,1574,0,1576,G
5-NP,225,2,3,1623,0,1628,G
5-NP,226,1625,0,2,0,1627,A
5-NP,227,1636,0,2,0,1638,A
5-NP,228,0,1629,0,0,1629,T
5-NP,229,1635,1,3,0,1639,A
5-NP,230,1637,0,0,0,1637,A
5-NP,231,1635,0,0,0,1635,A
5-NP,232,0,1620,0,0,1620,T
5-NP,233,1617,0,0,1,1618,A
5-NP,234,0,2,0,1644,1646,C
5-NP,235,1,1,0,1621,1623,C
5-NP,236,0,1619,0,2,1621,T
5-NP,237,1,1,1629,0,1631,G
5-NP,238,1,1,1654,0,1656,G
5-NP,239,1661,0,0,0,1661,A
5-NP,240,1648,0,2,0,1650,A
5-NP,241,0,2,1671,0,1673,G
5-NP,242,1664,0,2,0,1666,A
5-NP,243,1658,0,2,0,1660,A
5-NP,244,0,0,0,1658,1658,C
5-NP,245,1650,0,3,0,1653,A
5-NP,246,0,0,0,1703,1703,C
5-NP,247,1,1,0,1694,1696,C
5-NP,248,2,0,0,1685,1687,C
5-NP,249,4,2,0,1688,1694,C
5-NP,250,1680,0,0,0,1680,A
5-NP,251,0,1,1682,0,1683,G
5-NP,252,1,0,0,1673,1674,C
5-NP,253,0,0,1680,0,1680,G
5-NP,254,0,5,0,1672,1677,C
5-NP,255,2,4,1655,0,1661,G
5-NP,256,1,2,1674,0,1677,G
5-NP,257,0,2,1677,0,1679,G
5-NP,258,0,3,1681,0,1684,G
5-NP,259,1675,0,1,1,1677,A
5-NP,260,1690,0,1,0,1691,A
5-NP,261,1680,0,3,0,1683,A
5-NP,262,0,1,1679,0,1680,G
5-NP,263,1666,0,2,0,1668,A
5-NP,264,0,1656,0,0,1656,T
5-NP,265,0,0,0,1659,1659,C
5-NP,266,2,0,0,1651,1653,C
5-NP,267,1,0,0,1671,1672,C
5-NP,268,1673,0,0,0,1673,A
5-NP,269,1666,0,1,0,1667,A
5-NP,270,0,0,1672,0,1672,G
5-NP,271,1674,0,0,0,1674,A
5-NP,272,1677,0,0,0,1677,A
5-NP,273,1679,0,0,0,1679,A
5-NP,274,1670,0,4,0,1674,A
5-NP,275,0,1,0,1680,1681,C
5-NP,276,0,1661,0,0,1661,T
5-NP,277,0,3,1660,0,1663,G
5-NP,278,0,1,1669,0,1670,G
5-NP,279,1,1,1662,0,1664,G
5-NP,280,0,2,1663,0,1665,G
5-NP,281,0,2,1667,0,1669,G
5-NP,282,0,1,1685,0,1686,G
5-NP,283,1,1,0,1792,1794,C
5-NP,284,1,0,0,1796,1797,C
5-NP,285,8,1,0,1800,1809,C
5-NP,286,2036,0,1,1,2038,A
5-NP,287,0,2041,0,1,2042,T
5-NP,288,2140,0,0,0,2140,A
5-NP,289,0,2136,0,0,2136,T
5-NP,290,2105,0,0,0,2105,A
5-NP,291,0,0,0,2126,2126,C
5-NP,292,1985,0,1,0,1986,A
5-NP,293,1,1,2001,0,2003,G
5-NP,294,0,3,1992,0,1995,G
5-NP,295,1829,0,2,0,1831,A
5-NP,296,0,2,1858,0,1860,G
5-NP,297,1758,1,2,0,1761,A
5-NP,298,1,1,1808,0,1810,G
5-NP,299,0,1796,0,0,1796,T
5-NP,300,1794,0,0,0,1794,A
5-NP,301,0,1,1801,0,1802,G
5-NP,302,1765,0,5,0,1770,A
5-NP,303,0,1772,0,2,1774,T
5-NP,304,1,4,1764,0,1769,G
5-NP,305,2,1,1771,0,1774,G
5-NP,306,1765,0,2,0,1767,A
5-NP,307,1747,0,1,0,1748,A
5-NP,308,1742,0,1,0,1743,A
5-NP,309,1746,0,1,0,1747,A
5-NP,310,0,1744,0,0,1744,T
5-NP,311,0,3,1755,0,1758,G
5-NP,312,0,2,1758,0,1760,G
5-NP,313,1752,0,1,0,1753,A
5-NP,314,0,1752,0,1,1753,T
5-NP,315,1,0,1753,0,1754,G
5-NP,316,1752,0,3,0,1755,A
5-NP,317,0,1,1767,0,1768,G
5-NP,318,0,1,1759,0,1760,G
5-NP,319,2,5,1759,0,1766,G
5-NP,320,1770,0,2,0,1772,A
5-NP,321,1781,1,0,0,1782,A
5-NP,322,0,0,0,1804,1804,C
5-NP,323,0,1788,0,7,1795,T
5-NP,324,3,0,0,1815,1818,C
5-NP,325,2,1,1822,1,1826,G
5-NP,326,0,1829,0,4,1833,T
5-NP,327,0,1,0,1832,1833,C
5-NP,328,4,0,0,1951,1955,C
5-NP,329,0,1963,0,1,1964,T
5-NP,330,0,1972,0,4,1976,T
5-NP,331,0,1973,0,0,1973,T
5-NP,332,1975,0,0,0,1975,A
5-NP,333,0,1972,0,2,1974,T
5-NP,334,1,6,1967,0,1974,G
5-NP,335,1978,2,4,0,1984,A
5-NP,336,0,2,1,1984,1987,C
5-NP,337,1968,0,0,0,1968,A
5-NP,338,1969,0,0,0,1969,A
5-NP,339,1971,0,4,0,1975,A
5-NP,340,3,2,2031,0,2036,G
5-NP,341,2027,0,0,0,2027,A
5-NP,342,2034,0,1,0,2035,A
5-NP,343,0,1,2092,0,2093,G
5-NP,344,2089,0,5,0,2094,A
5-NP,345,2101,0,1,0,2102,A
5-NP,346,2100,0,1,0,2101,A
5-NP,347,0,2093,0,1,2094,T
5-NP,348,2091,0,3,0,2094,A
5-NP,349,2083,0,4,0,2087,A
5-NP,350,0,1,2105,0,2106,G
5-NP,351,1,0,2096,0,2097,G
5-NP,352,1,2,0,2074,2077,C
5-NP,353,2,5,2078,0,2085,G
5-NP,354,2086,0,0,0,2086,A
5-NP,355,2110,0,0,0,2110,A
5-NP,356,0,2113,0,1,2114,T
5-NP,357,1,0,0,2113,2114,C
5-NP,358,0,2128,0,3,2131,T
5-NP,359,0,0,2122,0,2122,G
5-NP,360,2,1,2128,0,2131,G
5-NP,361,0,0,0,2127,2127,C
5-NP,362,0,0,2135,0,2135,G
5-NP,363,0,0,0,2127,2127,C
5-NP,364,3,0,0,2124,2127,C
5-NP,365,2137,0,0,0,2137,A
5-NP,366,2169,0,0,0,2169,A
5-NP,367,0,0,2213,0,2213,G
5-NP,368,0,0,0,2216,2216,C
5-NP,369,2,2,1,2233,2238,C
5-NP,370,2236,0,6,1,2243,A
5-NP,371,2275,0,0,0,2275,A
5-NP,372,0,0,0,2296,2296,C
5-NP,373,2301,0,1,0,2302,A
5-NP,374,2322,0,2,0,2324,A
5-NP,375,0,2309,0,0,2309,T
5-NP,376,1,1,2342,0,2344,G
5-NP,377,1,0,2345,0,2346,G
5-NP,378,0,2317,0,1,2318,T
5-NP,379,1,3,2325,0,2329,G
5-NP,380,2312,1,2,0,2315,A
5-NP,381,1,3,2355,0,2359,G
5-NP,382,0,1,2360,0,2361,G
5-NP,383,2373,0,1,0,2374,A
5-NP,384,0,2527,0,0,2527,T
5-NP,385,2,0,2566,0,2568,G
5-NP,386,1,0,0,2561,2562,C
5-NP,387,0,2571,1,1,2573,T
5-NP,388,2582,1,3,0,2586,A
5-NP,389,0,0,0,2614,2614,C
5-NP,390,2596,0,0,0,2596,A
5-NP,391,1,2583,1,1,2586,T
5-NP,392,2,0,0,2570,2572,C
5-NP,393,0,2459,0,4,2463,T
5-NP,394,0,4,2534,0,2538,G
5-NP,395,0,1,2577,0,2578,G
5-NP,396,0,2562,0,5,2567,T
5-NP,397,4,1,0,2571,2576,C
5-NP,398,0,2548,0,4,2552,T
5-NP,399,2590,0,1,0,2591,A
5-NP,400,2593,0,0,0,2593,A
5-NP,401,1,0,0,2608,2609,C
5-NP,402,0,2603,0,6,2609,T
5-NP,403,3,1,0,2617,2621,C
5-NP,404,2586,0,2,0,2588,A
5-NP,405,1,1,0,2665,2667,C
5-NP,406,2664,0,3,0,2667,A
5-NP,407,0,2673,0,3,2676,T
5-NP,408,2651,0,1,0,2652,A
5-NP,409,2667,0,2,0,2669,A
5-NP,410,0,2688,0,2,2690,T
5-NP,411,1,7,2715,0,2723,G
5-NP,412,2701,0,1,0,2702,A
5-NP,413,0,2680,0,0,2680,T
5-NP,414,0,2638,0,1,2639,T
5-NP,415,0,2642,0,1,2643,T
5-NP,416,0,1,2635,0,2636,G
5-NP,417,2,0,2637,0,2639,G
5-NP,418,1,0,0,2641,2642,C
5-NP,419,2634,1,0,0,2635,A
5-NP,420,0,2635,0,0,2635,T
5-NP,421,0,2620,0,8,2628,T
5-NP,422,3,0,1,2625,2629,C
5-NP,423,2,0,0,2641,2643,C
5-NP,424,2688,0,0,0,2688,A
5-NP,425,2693,0,1,0,2694,A
5-NP,426,0,2690,0,0,2690,T
5-NP,427,0,2690,0,0,2690,T
5-NP,428,0,2687,0,0,2687,T
5-NP,429,0,3,2695,0,2698,G
5-NP,430,2693,0,3,0,2696,A
5-NP,431,2698,0,0,1,2699,A
5-NP,432,0,2720,0,0,2720,T
5-NP,433,0,2,2703,1,2706,G
5-NP,434,2818,0,3,0,2821,A
5-NP,435,0,2820,0,2,2822,T
5-NP,436,1,1,2848,0,2850,G
5-NP,437,2,2,0,2907,2911,C
5-NP,438,2909,0,3,0,2912,A
5-NP,439,3027,0,2,0,3029,A
5-NP,440,0,2,0,3036,3038,C
5-NP,441,3072,0,2,0,3074,A
5-NP,442,0,3142,1,1,3144,T
5-NP,443,3077,0,5,0,3082,A
5-NP,444,1,2,0,3120,3123,C
5-NP,445,0,0,0,3124,3124,C
5-NP,446,3056,0,3,0,3059,A
5-NP,447,0,2,3081,0,3083,G
5-NP,448,3017,0,8,0,3025,A
5-NP,449,0,1,3100,0,3101,G
5-NP,450,0,5,3086,0,3091,G
5-NP,451,3060,1,2,0,3063,A
5-NP,452,2,2,0,3084,3088,C
5-NP,453,3071,0,3,0,3074,A
5-NP,454,3074,0,6,1,3081,A
5-NP,455,1,5,3086,0,3092,G
5-NP,456,3058,0,4,0,3062,A
5-NP,457,0,2,3078,0,3080,G
5-NP,458,0,2,0,3069,3071,C
5-NP,459,0,3045,0,13,3058,T
5-NP,460,6,0,0,3069,3075,C
5-NP,461,0,3056,0,5,3061,T
5-NP,462,0,3066,0,2,3068,T
5-NP,463,0,3,3078,0,3081,G
5-NP,464,0,3069,0,2,3071,T
5-NP,465,0,3062,0,2,3064,T
5-NP,466,5,1,0,3051,3057,C
5-NP,467,0,3,3039,1,3043,G
5-NP,468,3094,1,0,0,3095,A
5-NP,469,3087,0,4,0,3091,A
5-NP,470,2,0,0,3114,3116,C
5-NP,471,0,3111,0,3,3114,T
5-NP,472,0,4,3149,1,3154,G
5-NP,473,0,2,3168,0,3170,G
5-NP,474,3161,0,1,0,3162,A
5-NP,475,3175,0,4,0,3179,A
5-NP,476,0,3157,0,0,3157,T
5-NP,477,0,7,3142,0,3149,G
5-NP,478,0,2,3139,0,3141,G
5-NP,479,3159,0,3,0,3162,A
5-NP,480,0,3193,0,2,3195,T
5-NP,481,0,3,0,3206,3209,C
5-NP,482,1,0,0,3229,3230,C
5-NP,483,5,2,1,3264,3272,C
5-NP,484,3306,0,2,0,3308,A
5-NP,485,1,2,3363,0,3366,G
5-NP,486,3379,1,1,0,3381,A
5-NP,487,3368,0,0,0,3368,A
5-NP,488,1,3356,0,0,3357,T
5-NP,489,1,0,3429,0,3430,G
5-NP,490,0,3397,1,2,3400,T
5-NP,491,0,0,3429,0,3429,G
5-NP,492,1,0,0,3432,3433,C
5-NP,493,1,3416,0,4,3421,T
5-NP,494,7,0,1,3713,3721,C
5-NP,495,0,3694,0,5,3699,T
5-NP,496,2,0,0,3895,3897,C
5-NP,497,1,3889,0,11,3901,T
5-NP,498,0,3,3935,0,3938,G
5-NP,499,3979,0,3,0,3982,A
5-NP,500,0,3959,0,1,3960,T
5-NP,501,0,0,3964,0,3964,G
5-NP,502,0,2,0,3965,3967,C
5-NP,503,3859,0,5,0,3864,A
5-NP,504,7,4,3928,0,3939,G
5-NP,505,1,7,3859,1,3868,G
5-NP,506,1,1,3907,0,3909,G
5-NP,507,0,1,0,3906,3907,C
5-NP,508,0,3892,0,5,3897,T
5-NP,509,7,1,0,3915,3923,C
5-NP,510,3,10,3913,0,3926,G
5-NP,511,3975,0,4,0,3979,A
5-NP,512,0,0,0,4005,4005,C
5-NP,513,0,3962,0,3,3965,T
5-NP,514,7,1,0,4183,4191,C
5-NP,515,0,4172,0,11,4183,T
5-NP,516,5,1,0,4769,4775,C
5-NP,517,3,3,1,4784,4791,C
5-NP,518,7,0,0,4805,4812,C
5-NP,519,0,4805,0,5,4810,T
5-NP,520,4778,0,1,0,4779,A
5-NP,521,3,5,4763,0,4771,G
5-NP,522,4759,0,0,0,4759,A
5-NP,523,4646,0,5,1,4652,A
5-NP,524,0,4,4650,0,4654,G
5-NP,525,1,0,4581,0,4582,G
5-NP,526,0,4505,0,4,4509,T
5-NP,527,9,1,0,4546,4556,C
5-NP,528,5,6,0,4537,4548,C
5-NP,529,5,6,4540,0,4551,G
5-NP,530,1,4,4566,0,4571,G
5-NP,531,4564,0,2,0,4566,A
5-NP,532,1,1,4637,0,4639,G
5-NP,533,2,0,0,4655,4657,C
5-NP,534,1,4625,0,7,4633,T
5-NP,535,4,2,4644,0,4650,G
5-NP,536,1,1,0,4664,4666,C
5-NP,537,4652,0,6,0,4658,A
5-NP,538,0,1,4669,0,4670,G
5-NP,539,1,2,4679,0,4682,G
5-NP,540,0,4601,0,4,4605,T
5-NP,541,2,0,4648,0,4650,G
5-NP,542,0,0,0,4644,4644,C
5-NP,543,0,4646,0,8,4654,T
5-NP,544,3,0,4670,0,4673,G
5-NP,545,3,2,0,4660,4665,C
5-NP,546,4712,0,1,0,4713,A
5-NP,547,1,1,4844,0,4846,G
5-NP,548,0,4804,0,6,4810,T
5-NP,549,10,0,0,4826,4836,C
5-NP,550,4834,0,2,1,4837,A
5-NP,551,4824,0,3,0,4827,A
5-NP,552,4827,0,4,0,4831,A
5-NP,553,0,4,4865,0,4869,G
5-NP,554,2,11,4866,0,4879,G
5-NP,555,4842,0,3,0,4845,A
5-NP,556,4842,0,4,0,4846,A
5-NP,557,0,4835,0,3,4838,T
5-NP,558,7,0,0,4849,4856,C
5-NP,559,5,11,4831,0,4847,G
5-NP,560,1,9,4926,0,4936,G
5-NP,561,1,8,4946,0,4955,G
5-NP,562,4917,2,7,1,4927,A
5-NP,563,1,0,0,4961,4962,C
5-NP,564,4908,0,1,0,4909,A
5-NP,565,5029,0,0,0,5029,A
5-NP,566,0,5046,0,2,5048,T
5-NP,567,2,9,5080,0,5091,G
5-NP,568,3,1,5199,0,5203,G
5-NP,569,0,5133,0,8,5141,T
5-NP,570,1,5,5219,0,5225,G
5-NP,571,5194,2,6,1,5203,A
5-NP,572,1,5212,1,1,5215,T
5-NP,573,3,3,5223,0,5229,G
5-NP,574,2,9,5237,0,5248,G
5-NP,575,5191,1,9,1,5202,A
5-NP,576,5247,0,3,1,5251,A
5-NP,577,1,1,0,5248,5250,C
5-NP,578,0,5128,0,1,5129,T
5-NP,579,2,9,5387,0,5398,G
5-NP,580,5344,0,4,0,5348,A
5-NP,581,0,5387,0,0,5387,T
5-NP,582,5,0,0,5398,5403,C
5-NP,583,5322,0,2,0,5324,A
5-NP,584,2,4,5568,0,5574,G
5-NP,585,5518,1,1,0,5520,A
5-NP,586,5532,1,3,0,5536,A
5-NP,587,0,5558,0,2,5560,T
5-NP,588,3,3,5456,1,5463,G
5-NP,589,5,2,5516,0,5523,G
5-NP,590,1,5482,1,12,5496,T
5-NP,591,18,2,0,5525,5545,C
5-NP,592,5552,1,0,0,5553,A
5-NP,593,5505,0,1,1,5507,A
5-NP,594,5522,0,1,0,5523,A
5-NP,595,2,3,1,5534,5540,C
5-NP,596,3,8,5523,1,5535,G
5-NP,597,3,10,5564,1,5578,G
5-NP,598,1,6,5531,0,5538,G
5-NP,599,2,5,5538,1,5546,G
5-NP,600,221,8,5341,0,5570,G
5-NP,601,5531,1,15,0,5547,A
5-NP,602,0,5526,0,5,5531,T
5-NP,603,10,0,0,5567,5577,C
5-NP,604,5574,0,6,0,5580,A
5-NP,605,5579,0,6,0,5585,A
5-NP,606,1,4,0,5539,5544,C
5-NP,607,3,4,5501,0,5508,G
5-NP,608,5471,1,2,0,5474,A
5-NP,609,0,5469,0,1,5470,T
5-NP,610,7,4,0,5474,5485,C
5-NP,611,3,4,5503,1,5511,G
5-NP,612,5453,0,0,0,5453,A
5-NP,613,5468,0,3,0,5471,A
5-NP,614,5485,1,0,0,5486,A
5-NP,615,1,5546,0,0,5547,T
5-NP,616,0,5558,0,0,5558,T
5-NP,617,1,5551,0,1,5553,T
5-NP,618,0,5562,0,3,5565,T
5-NP,619,0,5586,0,1,5587,T
5-NP,620,3,5,5592,0,5600,G
5-NP,621,3,7,5570,0,5580,G
5-NP,622,5516,0,3,1,5520,A
5-NP,623,1,7,5578,0,5586,G
5-NP,624,5484,0,5,0,5489,A
5-NP,625,3,3,5750,0,5756,G
5-NP,626,2,0,5775,1,5778,G
5-NP,627,2,5658,0,4,5664,T
5-NP,628,0,14,5776,0,5790,G
5-NP,629,5744,1,10,0,5755,A
5-NP,630,0,9,5802,1,5812,G
5-NP,631,5782,0,7,0,5789,A
5-NP,632,5766,0,4,1,5771,A
5-NP,633,0,5775,0,2,5777,T
5-NP,634,2,19,5642,0,5663,G
5-NP,635,1,6,5577,0,5584,G
5-NP,636,1,4,5583,0,5588,G
5-NP,637,2,2,0,5557,5561,C
5-NP,638,4,3,5607,0,5614,G
5-NP,639,2,6,5632,0,5640,G
5-NP,640,5613,0,2,0,5615,A
5-NP,641,5633,1,2,0,5636,A
5-NP,642,5737,0,0,0,5737,A
5-NP,643,5741,1,11,2,5755,A
5-NP,644,3,2,0,5791,5796,C
5-NP,645,5780,0,1,1,5782,A
5-NP,646,5743,1,5,0,5749,A
5-NP,647,4,1,5755,1,5761,G
5-NP,648,5628,0,5,0,5633,A
5-NP,649,5672,0,1,0,5673,A
5-NP,650,1,1,5800,0,5802,G
5-NP,651,0,5739,0,0,5739,T
5-NP,652,1,0,6010,0,6011,G
5-NP,653,2,2,0,5984,5988,C
5-NP,654,0,6008,1,10,6019,T
5-NP,655,1,6052,0,2,6055,T
5-NP,656,6119,0,2,0,6121,A
5-NP,657,0,6125,0,3,6128,T
5-NP,658,1,8,6152,0,6161,G
5-NP,659,6042,0,18,1,6061,A
5-NP,660,4,7,6083,0,6094,G
5-NP,661,5842,1,8,0,5851,A
5-NP,662,3,3,5884,0,5890,G
5-NP,663,5876,0,3,0,5879,A
5-NP,664,5929,0,3,0,5932,A
5-NP,665,0,5869,0,1,5870,T
5-NP,666,0,2,5960,0,5962,G
5-NP,667,1,5902,1,3,5907,T
5-NP,668,1,1,5962,0,5964,G
5-NP,669,1,4,0,5948,5953,C
5-NP,670,5933,0,8,0,5941,A
5-NP,671,5945,0,4,1,5950,A
5-NP,672,1,1,0,5941,5943,C
5-NP,673,5888,0,2,1,5891,A
5-NP,674,0,5908,0,3,5911,T
5-NP,675,0,5821,0,8,5829,T
5-NP,676,7,1,1,5867,5876,C
5-NP,677,0,5871,0,3,5874,T
5-NP,678,0,5876,0,3,5879,T
5-NP,679,5878,0,0,1,5879,A
5-NP,680,5864,0,1,0,5865,A
5-NP,681,5864,0,4,0,5868,A
5-NP,682,1,3,5873,0,5877,G
5-NP,683,3,3,5853,0,5859,G
5-NP,684,5851,0,5,0,5856,A
5-NP,685,5848,0,0,1,5849,A
5-NP,686,5856,0,2,0,5858,A
5-NP,687,5922,0,2,0,5924,A
5-NP,688,1,5914,0,1,5916,T
5-NP,689,0,5914,0,1,5915,T
5-NP,690,0,5912,1,1,5914,T
5-NP,691,5,2,0,5921,5928,C
5-NP,692,5938,0,2,0,5940,A
5-NP,693,5928,1,3,2,5934,A
5-NP,694,5924,2,4,0,5930,A
5-NP,695,0,1,0,5986,5987,C
5-NP,696,5951,0,2,0,5953,A
5-NP,697,0,2,6040,0,6042,G
5-NP,698,1,3,0,6037,6041,C
5-NP,699,0,6026,0,4,6030,T
5-NP,700,4,1,6132,0,6137,G
5-NP,701,1,5,0,6114,6120,C
5-NP,702,6164,0,5,0,6169,A
5-NP,703,2,3,0,6153,6158,C
5-NP,704,6136,0,1,1,6138,A
5-NP,705,6130,0,6,0,6136,A
5-NP,706,6013,0,9,1,6023,A
5-NP,707,1,11,6213,0,6225,G
5-NP,708,6203,1,12,1,6217,A
5-NP,709,3,1,6299,0,6303,G
5-NP,710,1,5,0,6317,6323,C
5-NP,711,6303,1,1,0,6305,A
5-NP,712,6474,0,7,0,6481,A
5-NP,713,0,6483,0,1,6484,T
5-NP,714,3,9,6491,0,6503,G
5-NP,715,1,2,6512,0,6515,G
5-NP,716,0,6367,0,8,6375,T
5-NP,717,2,6,6409,0,6417,G
5-NP,718,1,8,6429,0,6438,G
5-NP,719,6440,0,9,0,6449,A
5-NP,720,1,6411,0,7,6419,T
5-NP,721,14,1,0,6288,6303,C
5-NP,722,6324,0,2,0,6326,A
5-NP,723,6374,0,7,0,6381,A
5-NP,724,8,0,6407,0,6415,G
5-NP,725,1,6346,0,2,6349,T
5-NP,726,6,7,6347,0,6360,G
5-NP,727,6322,1,16,0,6339,A
5-NP,728,1,13,6337,0,6351,G
5-NP,729,6336,0,12,1,6349,A
5-NP,730,2,5,6333,0,6340,G
5-NP,731,6317,1,4,0,6322,A
5-NP,732,6209,1,1,0,6211,A
5-NP,733,6209,0,15,1,6225,A
5-NP,734,3,1,6240,0,6244,G
5-NP,735,0,6167,0,3,6170,T
5-NP,736,7,4,1,6199,6211,C
5-NP,737,4,3,6189,0,6196,G
5-NP,738,4,10,6171,1,6186,G
5-NP,739,6219,2,3,0,6224,A
5-NP,740,6231,0,4,0,6235,A
5-NP,741,3,1,0,6269,6273,C
5-NP,742,9,1,1,6215,6226,C
5-NP,743,8,1,0,6256,6265,C
5-NP,744,6264,0,1,0,6265,A
5-NP,745,1,2,6278,0,6281,G
5-NP,746,0,3,6262,0,6265,G
5-NP,747,6272,0,3,1,6276,A
5-NP,748,6269,0,1,0,6270,A
5-NP,749,6230,0,7,0,6237,A
5-NP,750,0,2,0,6241,6243,C
5-NP,751,2,3,6230,0,6235,G
5-NP,752,1,3,0,6230,6234,C
5-NP,753,2,6220,0,3,6225,T
5-NP,754,2,9,6252,0,6263,G
5-NP,755,6231,0,4,0,6235,A
5-NP,756,0,6,6307,0,6313,G
5-NP,757,6324,0,6,1,6331,A
5-NP,758,0,6268,0,2,6270,T
5-NP,759,10,4,0,6250,6264,C
5-NP,760,11,3,6279,0,6293,G
5-NP,761,6263,0,3,0,6266,A
5-NP,762,6266,0,5,1,6272,A
5-NP,763,2,4,6275,0,6281,G
5-NP,764,6277,1,4,0,6282,A
5-NP,765,0,6251,0,2,6253,T
5-NP,766,2,0,0,6243,6245,C
5-NP,767,2,6243,3,9,6257,T
5-NP,768,12,2,1,6320,6335,C
5-NP,769,6358,0,3,0,6361,A
5-NP,770,0,6346,0,5,6351,T
5-NP,771,6376,2,0,0,6378,A
5-NP,772,0,6344,0,2,6346,T
5-NP,773,1,6323,0,1,6325,T
5-NP,774,0,6303,0,0,6303,T
5-NP,775,0,6239,0,2,6241,T
5-NP,776,0,6243,1,3,6247,T
5-NP,777,6277,0,3,0,6280,A
5-NP,778,0,2,6250,0,6252,G
5-NP,779,1,2,1,6271,6275,C
5-NP,780,6277,0,0,0,6277,A
5-NP,781,6240,0,4,1,6245,A
5-NP,782,4,4,6424,0,6432,G
5-NP,783,6421,0,2,0,6423,A
5-NP,784,0,6419,0,2,6421,T
5-NP,785,4,1,0,6489,6494,C
5-NP,786,0,6448,3,4,6455,T
5-NP,787,3,0,6602,0,6605,G
5-NP,788,1,4,0,6619,6624,C
5-NP,789,6628,0,4,2,6634,A
5-NP,790,0,6705,0,3,6708,T
5-NP,791,0,6530,0,2,6532,T
5-NP,792,6,7,6861,0,6874,G
5-NP,793,6990,1,4,1,6996,A
5-NP,794,0,6970,1,2,6973,T
5-NP,795,7001,0,1,1,7003,A
5-NP,796,0,6914,0,1,6915,T
5-NP,797,1,6862,0,2,6865,T
5-NP,798,2,8,6900,0,6910,G
5-NP,799,6824,0,10,0,6834,A
5-NP,800,3,5,6873,0,6881,G
5-NP,801,6567,0,8,0,6575,A
5-NP,802,4,8,6475,0,6487,G
5-NP,803,4,6,6549,0,6559,G
5-NP,804,6553,1,3,0,6557,A
5-NP,805,0,6481,0,7,6488,T
5-NP,806,14,0,1,6541,6556,C
5-NP,807,6521,0,3,0,6524,A
5-NP,808,2,0,6541,0,6543,G
5-NP,809,2,6498,0,3,6503,T
5-NP,810,1,6473,0,3,6477,T
5-NP,811,3,2,6469,0,6474,G
5-NP,812,1,2,0,6395,6398,C
5-NP,813,1,6387,0,8,6396,T
5-NP,814,18,1,0,6408,6427,C
5-NP,815,6416,3,6,2,6427,A
5-NP,816,1,1,0,6445,6447,C
5-NP,817,6459,0,1,0,6460,A
5-NP,818,6494,0,1,0,6495,A
5-NP,819,6464,0,2,0,6466,A
5-NP,820,0,6441,0,1,6442,T
5-NP,821,3,0,0,6467,6470,C
5-NP,822,0,6457,0,4,6461,T
5-NP,823,1,6433,0,1,6435,T
5-NP,824,1,0,6475,1,6477,G
5-NP,825,1,3,0,6468,6472,C
5-NP,826,4,3,0,6497,6504,C
5-NP,827,2,6529,0,2,6533,T
5-NP,828,6457,0,2,1,6460,A
5-NP,829,2,0,0,6546,6548,C
5-NP,830,7,2,0,6538,6547,C
5-NP,831,1,6529,0,4,6534,T
5-NP,832,2,3,6638,0,6643,G
5-NP,833,0,1,0,6584,6585,C
5-NP,834,5,1,0,6628,6634,C
5-NP,835,0,6546,0,8,6554,T
5-NP,836,2,3,6646,0,6651,G
5-NP,837,1,6570,0,5,6576,T
5-NP,838,1,1,6669,0,6671,G
5-NP,839,1,2,1,6688,6692,C
5-NP,840,7,1,6791,0,6799,G
5-NP,841,1,6711,0,3,6715,T
5-NP,842,6706,0,3,0,6709,A
5-NP,843,1,6703,0,3,6707,T
5-NP,844,2,10,6689,0,6701,G
5-NP,845,0,10,6877,0,6887,G
5-NP,846,6859,0,3,0,6862,A
5-NP,847,0,3,0,6736,6739,C
5-NP,848,5,1,0,6733,6739,C
5-NP,849,4,6660,1,7,6672,T
5-NP,850,2,0,6886,1,6889,G
5-NP,851,0,1,0,6896,6897,C
5-NP,852,6922,1,10,0,6933,A
5-NP,853,1,1,7041,0,7043,G
5-NP,854,0,6799,0,10,6809,T
5-NP,855,7021,0,1,0,7022,A
5-NP,856,0,6984,0,7,6991,T
5-NP,857,3,3,1,6970,6977,C
5-NP,858,5,1,0,6985,6991,C
5-NP,859,6720,0,2,1,6723,A
5-NP,860,1,4,6740,0,6745,G
5-NP,861,0,6698,0,2,6700,T
5-NP,862,3,12,6705,0,6720,G
5-NP,863,2,8,6695,1,6706,G
5-NP,864,3,3,6637,0,6643,G
5-NP,865,1,6595,1,4,6601,T
5-NP,866,6621,0,2,0,6623,A
5-NP,867,0,7,1,6576,6584,C
5-NP,868,4,17,6555,0,6576,G
5-NP,869,6524,0,3,0,6527,A
5-NP,870,190,0,0,6331,6521,C
5-NP,871,0,6360,1,7,6368,T
5-NP,872,0,6375,0,3,6378,T
5-NP,873,9,4,1,6364,6378,C
5-NP,874,1,3,6353,0,6357,G
5-NP,875,6344,0,1,1,6346,A
5-NP,876,6355,0,1,0,6356,A
5-NP,877,6376,1,1,1,6379,A
5-NP,878,6365,0,1,0,6366,A
5-NP,879,6344,0,4,0,6348,A
5-NP,880,0,4,6362,0,6366,G
5-NP,881,6337,1,9,0,6347,A
5-NP,882,1,10,6372,0,6383,G
5-NP,883,1,6,6405,0,6412,G
5-NP,884,2,3,6417,0,6422,G
5-NP,885,6431,1,12,0,6444,A
5-NP,886,0,6426,0,6,6432,T
5-NP,887,6470,1,2,0,6473,A
5-NP,888,0,6453,0,5,6458,T
5-NP,889,1,6464,0,0,6465,T
5-NP,890,7,0,0,6518,6525,C
5-NP,891,9,1,0,6484,6494,C
5-NP,892,0,6404,0,2,6406,T
5-NP,893,0,6406,0,2,6408,T
5-NP,894,1,9,6462,0,6472,G
5-NP,895,4,0,6495,0,6499,G
5-NP,896,0,6421,2,6,6429,T
5-NP,897,3,6,6414,0,6423,G
5-NP,898,1,5,6398,0,6404,G
5-NP,899,2,6,6619,0,6627,G
5-NP,900,6629,2,3,1,6635,A
5-NP,901,6630,0,6,0,6636,A
5-NP,902,0,6649,0,1,6650,T
5-NP,903,6548,0,7,1,6556,A
5-NP,904,2,13,6542,1,6558,G
5-NP,905,6451,1,8,0,6460,A
5-NP,906,0,0,0,6483,6483,C
5-NP,907,6,1,0,6386,6393,C
5-NP,908,10,2,0,6267,6279,C
5-NP,909,2,6324,0,10,6336,T
5-NP,910,0,6331,0,4,6335,T
5-NP,911,0,6326,0,2,6328,T
5-NP,912,8,0,0,6334,6342,C
5-NP,913,6333,0,0,0,6333,A
5-NP,914,6327,0,2,0,6329,A
5-NP,915,6313,0,2,0,6315,A
5-NP,916,1,1,0,6318,6320,C
5-NP,917,0,6170,0,2,6172,T
5-NP,918,6117,1,2,1,6121,A
5-NP,919,0,1,1,6168,6170,C
5-NP,920,0,6122,1,6,6129,T
5-NP,921,0,6104,0,2,6106,T
5-NP,922,3,1,0,6149,6153,C
5-NP,923,6131,0,0,0,6131,A
5-NP,924,6136,0,3,0,6139,A
5-NP,925,6107,0,0,0,6107,A
5-NP,926,6102,0,3,0,6105,A
5-NP,927,0,6048,1,1,6050,T
5-NP,928,5967,0,2,0,5969,A
5-NP,929,1,0,6032,0,6033,G
5-NP,930,2,2,0,6044,6048,C
5-NP,931,11,4,0,6093,6108,C
5-NP,932,6109,0,0,0,6109,A
5-NP,933,6128,0,1,0,6129,A
5-NP,934,6287,1,1,0,6289,A
5-NP,935,0,6298,0,0,6298,T
5-NP,936,6326,2,3,0,6331,A
5-NP,937,0,6323,0,4,6327,T
5-NP,938,6202,0,7,0,6209,A
5-NP,939,0,2,0,6227,6229,C
5-NP,940,6087,1,8,0,6096,A
5-NP,941,0,1,6219,0,6220,G
5-NP,942,2,1,0,6194,6197,C
5-NP,943,0,6027,1,7,6035,T
5-NP,944,0,6088,0,0,6088,T
5-NP,945,6133,2,1,0,6136,A
5-NP,946,6135,0,2,0,6137,A
5-NP,947,3,6115,1,2,6121,T
5-NP,948,12,0,0,6118,6130,C
5-NP,949,5939,0,6,0,5945,A
5-NP,950,2,8,5976,0,5986,G
5-NP,951,5958,0,6,0,5964,A
5-NP,952,1,0,0,5999,6000,C
5-NP,953,6,1,0,5955,5962,C
5-NP,954,0,5879,0,5,5884,T
5-NP,955,5948,0,1,0,5949,A
5-NP,956,5930,0,1,1,5932,A
5-NP,957,1,3,1,5967,5972,C
5-NP,958,0,14,5959,0,5973,G
5-NP,959,5876,0,2,0,5878,A
5-NP,960,0,4,5866,0,5870,G
5-NP,961,5827,0,8,0,5835,A
5-NP,962,5861,0,3,0,5864,A
5-NP,963,1,5841,0,7,5849,T
5-NP,964,6,1,1,5786,5794,C
5-NP,965,3,0,0,5802,5805,C
5-NP,966,5629,0,5,0,5634,A
5-NP,967,1,2,5648,0,5651,G
5-NP,968,1,0,0,5638,5639,C
5-NP,969,5661,1,6,0,5668,A
5-NP,970,0,0,0,5713,5713,C
5-NP,971,5626,0,7,2,5635,A
5-NP,972,1,1,0,5670,5672,C
5-NP,973,5662,0,1,1,5664,A
5-NP,974,5659,1,10,0,5670,A
5-NP,975,2,6,5669,0,5677,G
5-NP,976,5592,0,6,1,5599,A
5-NP,977,1,2,5599,0,5602,G
5-NP,978,0,5487,0,3,5490,T
5-NP,979,12,0,0,5454,5466,C
5-NP,980,5431,0,5,1,5437,A
5-NP,981,3,0,5430,0,5433,G
5-NP,982,0,2,0,5417,5419,C
5-NP,983,1,5365,0,6,5372,T
5-NP,984,0,7,5414,0,5421,G
5-NP,985,2,1,5446,1,5450,G
5-NP,986,0,5383,0,4,5387,T
5-NP,987,1,0,5438,0,5439,G
5-NP,988,1,5345,1,8,5355,T
5-NP,989,0,10,5337,1,5348,G
5-NP,990,2,2,5321,0,5325,G
5-NP,991,5260,0,5,0,5265,A
5-NP,992,1,5262,0,4,5267,T
5-NP,993,4,9,5016,0,5029,G
5-NP,994,1,0,4977,0,4978,G
5-NP,995,1,0,0,4973,4974,C
5-NP,996,4907,1,6,0,4914,A
5-NP,997,0,4896,4,4,4904,T
5-NP,998,1,0,4864,0,4865,G
5-NP,999,0,1,0,4875,4876,C
5-NP,1000,2,1,0,4896,4899,C
5-NP,1001,4906,0,1,0,4907,A
5-NP,1002,0,4877,0,2,4879,T
5-NP,1003,0,4800,0,3,4803,T
5-NP,1004,4,1,0,4826,4831,C
5-NP,1005,0,4742,0,5,4747,T
5-NP,1006,2,0,4726,0,4728,G
5-NP,1007,1,1,0,4726,4728,C
5-NP,1008,0,4539,1,11,4551,T
5-NP,1009,1,0,4578,1,4580,G
5-NP,1010,2,2,0,4475,4479,C
5-NP,1011,4491,1,1,0,4493,A
5-NP,1012,0,4486,0,2,4488,T
5-NP,1013,0,4438,0,4,4442,T
5-NP,1014,0,4443,0,1,4444,T
5-NP,1015,2,1,4436,0,4439,G
5-NP,1016,4441,0,1,1,4443,A
5-NP,1017,4427,0,3,0,4430,A
5-NP,1018,1,2,4477,0,4480,G
5-NP,1019,4441,0,2,0,4443,A
5-NP,1020,0,4440,0,1,4441,T
5-NP,1021,0,4439,0,0,4439,T
5-NP,1022,1,4444,0,0,4445,T
5-NP,1023,4435,0,1,0,4436,A
5-NP,1024,4439,1,1,1,4442,A
5-NP,1025,0,2,4442,0,4444,G
5-NP,1026,4439,0,2,0,4441,A
5-NP,1027,0,4427,0,1,4428,T
5-NP,1028,1,4360,0,0,4361,T
5-NP,1029,0,0,4392,0,4392,G
5-NP,1030,0,4383,0,5,4388,T
5-NP,1031,0,4391,0,1,4392,T
5-NP,1032,4401,0,2,1,4404,A
5-NP,1033,4385,0,5,0,4390,A
5-NP,1034,0,2,4388,0,4390,G
5-NP,1035,0,1,0,4399,4400,C
5-NP,1036,0,4284,0,4,4288,T
5-NP,1037,0,4309,0,3,4312,T
5-NP,1038,2,0,0,4323,4325,C
5-NP,1039,4316,0,5,0,4321,A
5-NP,1040,1,4317,0,0,4318,T
5-NP,1041,3,2,0,4326,4331,C
5-NP,1042,4287,0,2,0,4289,A
5-NP,1043,0,4,4274,0,4278,G
5-NP,1044,4210,2,6,0,4218,A
5-NP,1045,3,9,4213,1,4226,G
5-NP,1046,2,5,4209,0,4216,G
5-NP,1047,0,4,4183,0,4187,G
5-NP,1048,4184,0,6,0,4190,A
5-NP,1049,1,3,0,4206,4210,C
5-NP,1050,4218,0,1,1,4220,A
5-NP,1051,4218,0,1,1,4220,A
5-NP,1052,4239,0,4,1,4244,A
5-NP,1053,4252,1,5,0,4258,A
5-NP,1054,1,0,4281,0,4282,G
5-NP,1055,0,4177,0,2,4179,T
5-NP,1056,4160,0,7,0,4167,A
5-NP,1057,0,4133,1,9,4143,T
5-NP,1058,3,10,0,4134,4147,C
5-NP,1059,0,4095,0,7,4102,T
5-NP,1060,8,0,0,4133,4141,C
5-NP,1061,1,0,0,4110,4111,C
5-NP,1062,0,4058,0,2,4060,T
5-NP,1063,4,1,1,4101,4107,C
5-NP,1064,2,2,4093,0,4097,G
5-NP,1065,2,6,4088,0,4096,G
5-NP,1066,1,10,4082,0,4093,G
5-NP,1067,2,4,4082,0,4088,G
5-NP,1068,5,2,4085,1,4093,G
5-NP,1069,4033,1,4,1,4039,A
5-NP,1070,4041,0,1,0,4042,A
5-NP,1071,4038,0,7,1,4046,A
5-NP,1072,2,0,0,4069,4071,C
5-NP,1073,0,4061,0,1,4062,T
5-NP,1074,1,0,4088,0,4089,G
5-NP,1075,0,4050,0,4,4054,T
5-NP,1076,8,2,0,4051,4061,C
5-NP,1077,4120,0,4,1,4125,A
5-NP,1078,4126,0,2,0,4128,A
5-NP,1079,0,0,0,4152,4152,C
5-NP,1080,0,4148,0,2,4150,T
5-NP,1081,4089,0,1,0,4090,A
5-NP,1082,0,1,4101,0,4102,G
5-NP,1083,4030,0,2,0,4032,A
5-NP,1084,4,9,4015,0,4028,G
5-NP,1085,0,3,4021,0,4024,G
5-NP,1086,3866,1,5,0,3872,A
5-NP,1087,2,0,3971,0,3973,G
5-NP,1088,1,3920,0,2,3923,T
5-NP,1089,3922,0,4,0,3926,A
5-NP,1090,1,2,0,3925,3928,C
5-NP,1091,3895,0,0,0,3895,A
5-NP,1092,3890,0,2,0,3892,A
5-NP,1093,3868,0,0,0,3868,A
5-NP,1094,1,3818,0,3,3822,T
5-NP,1095,0,3793,0,0,3793,T
5-NP,1096,0,1,3724,0,3725,G
5-NP,1097,0,0,0,3681,3681,C
5-NP,1098,0,3670,1,5,3676,T
5-NP,1099,3,3668,0,1,3672,T
5-NP,1100,4,1,0,3673,3678,C
5-NP,1101,3685,0,0,0,3685,A
5-NP,1102,3696,0,0,0,3696,A
5-NP,1103,3702,0,2,0,3704,A
5-NP,1104,0,3711,0,0,3711,T
5-NP,1105,0,2,3715,0,3717,G
5-NP,1106,3637,0,6,0,3643,A
5-NP,1107,1,3,3670,0,3674,G
5-NP,1108,3676,0,6,1,3683,A
5-NP,1109,3669,0,3,0,3672,A
5-NP,1110,2,3,0,3693,3698,C
5-NP,1111,3665,0,1,0,3666,A
5-NP,1112,0,3669,0,3,3672,T
5-NP,1113,1,7,3732,0,3740,G
5-NP,1114,3,1,3763,0,3767,G
5-NP,1115,3747,1,7,0,3755,A
5-NP,1116,0,3704,0,1,3705,T
5-NP,1117,3674,0,1,2,3677,A
5-NP,1118,3829,0,1,1,3831,A
5-NP,1119,0,3769,0,1,3770,T
5-NP,1120,3748,1,1,0,3750,A
5-NP,1121,0,3728,0,0,3728,T
5-NP,1122,5,4,3546,0,3555,G
5-NP,1123,2,1,3514,0,3517,G
5-NP,1124,3,2,3509,0,3514,G
5-NP,1125,3546,1,3,0,3550,A
5-NP,1126,0,3529,0,2,3531,T
5-NP,1127,1,0,0,3255,3256,C
5-NP,1128,0,3214,1,3,3218,T
5-NP,1129,3237,1,1,0,3239,A
5-NP,1130,0,0,3239,0,3239,G
5-NP,1131,0,2,0,3223,3225,C
5-NP,1132,3182,1,1,0,3184,A
5-NP,1133,1,0,0,3245,3246,C
5-NP,1134,0,3126,0,1,3127,T
5-NP,1135,3,0,0,3177,3180,C
5-NP,1136,0,3164,0,3,3167,T
5-NP,1137,0,3157,0,0,3157,T
5-NP,1138,0,6,3168,0,3174,G
5-NP,1139,3154,0,2,1,3157,A
5-NP,1140,3153,0,1,0,3154,A
5-NP,1141,0,0,0,3162,3162,C
5-NP,1142,0,2988,0,2,2990,T
5-NP,1143,7,2,2998,1,3008,G
5-NP,1144,2941,0,4,0,2945,A
5-NP,1145,2,1,2981,0,2984,G
5-NP,1146,3082,0,3,0,3085,A
5-NP,1147,3184,0,0,0,3184,A
5-NP,1148,1,0,3190,0,3191,G
5-NP,1149,1,2,0,3153,3156,C
5-NP,1150,835,6,2320,0,3161,G
5-NP,1151,0,1,3244,0,3245,G
5-NP,1152,1,0,3262,0,3263,G
5-NP,1153,0,3223,0,1,3224,T
5-NP,1154,3172,1,1,0,3174,A
5-NP,1155,1,0,0,3165,3166,C
5-NP,1156,0,2723,0,0,2723,T
5-NP,1157,2,5,2706,0,2713,G
5-NP,1158,0,2,2692,0,2694,G
5-NP,1159,0,0,2707,0,2707,G
5-NP,1160,0,2,0,2685,2687,C
5-NP,1161,5,1,0,2635,2641,C
5-NP,1162,2634,0,1,0,2635,A
5-NP,1163,0,2654,0,0,2654,T
5-NP,1164,2654,0,1,0,2655,A
5-NP,1165,2649,0,2,0,2651,A
5-NP,1166,0,1,2630,0,2631,G
5-NP,1167,5,4,2670,0,2679,G
5-NP,1168,2608,0,2,0,2610,A
5-NP,1169,0,2,0,2615,2617,C
5-NP,1170,3,1,0,2623,2627,C
5-NP,1171,2612,0,2,0,2614,A
5-NP,1172,0,5,2655,1,2661,G
5-NP,1173,2,2,2663,0,2667,G
5-NP,1174,2636,0,3,1,2640,A
5-NP,1175,0,0,2666,0,2666,G
5-NP,1176,0,2566,0,1,2567,T
5-NP,1177,1,1,2590,0,2592,G
5-NP,1178,0,5,2602,1,2608,G
5-NP,1179,2581,0,2,0,2583,A
5-NP,1180,1,2,2598,0,2601,G
5-NP,1181,2,6,2568,0,2576,G
5-NP,1182,2550,0,0,0,2550,A
5-NP,1183,2572,0,1,0,2573,A
5-NP,1184,2562,0,3,0,2565,A
5-NP,1185,0,0,0,2576,2576,C
5-NP,1186,2559,0,2,0,2561,A
5-NP,1187,0,1,0,2607,2608,C
5-NP,1188,0,2555,0,0,2555,T
5-NP,1189,2624,0,0,0,2624,A
5-NP,1190,2622,0,1,0,2623,A
5-NP,1191,0,2614,0,1,2615,T
5-NP,1192,6,1,0,2630,2637,C
5-NP,1193,2628,0,2,0,2630,A
5-NP,1194,2644,0,0,0,2644,A
5-NP,1195,2,1,0,2653,2656,C
5-NP,1196,2599,0,1,0,2600,A
5-NP,1197,0,3,2584,0,2587,G
5-NP,1198,2531,0,4,0,2535,A
5-NP,1199,9,5,2529,0,2543,G
5-NP,1200,0,2,2538,0,2540,G
5-NP,1201,1,0,2520,0,2521,G
5-NP,1202,1,2,0,2499,2502,C
5-NP,1203,0,0,0,2515,2515,C
5-NP,1204,0,2460,0,3,2463,T
5-NP,1205,2,0,0,2497,2499,C
5-NP,1206,3,0,0,2499,2502,C
5-NP,1207,1,0,2499,0,2500,G
5-NP,1208,0,2,0,2492,2494,C
5-NP,1209,2463,0,4,0,2467,A
5-NP,1210,1,3,2517,0,2521,G
5-NP,1211,0,0,2515,0,2515,G
5-NP,1212,0,1,0,2523,2524,C
5-NP,1213,2,3,0,2529,2534,C
5-NP,1214,2524,0,1,0,2525,A
5-NP,1215,2535,1,0,0,2536,A
5-NP,1216,2525,0,2,0,2527,A
5-NP,1217,0,1,0,2531,2532,C
5-NP,1218,0,2438,0,0,2438,T
5-NP,1219,2466,0,0,0,2466,A
5-NP,1220,0,1,2475,0,2476,G
5-NP,1221,0,2460,0,0,2460,T
5-NP,1222,1,0,2487,1,2489,G
5-NP,1223,0,2432,0,3,2435,T
5-NP,1224,1,0,2455,0,2456,G
5-NP,1225,0,0,0,2443,2443,C
5-NP,1226,2423,0,1,0,2424,A
5-NP,1227,2452,0,1,0,2453,A
5-NP,1228,0,0,0,2425,2425,C
5-NP,1229,2,0,0,2448,2450,C
5-NP,1230,0,2440,0,0,2440,T
5-NP,1231,2435,0,1,0,2436,A
5-NP,1232,2,0,1,2421,2424,C
5-NP,1233,0,0,2441,0,2441,G
5-NP,1234,1,2420,0,1,2422,T
5-NP,1235,0,2431,0,2,2433,T
5-NP,1236,0,2412,0,3,2415,T
5-NP,1237,0,2386,0,1,2387,T
5-NP,1238,1,1,0,2389,2391,C
5-NP,1239,0,2364,0,3,2367,T
5-NP,1240,1,1,2419,0,2421,G
5-NP,1241,0,2405,0,0,2405,T
5-NP,1242,2414,0,1,0,2415,A
5-NP,1243,0,1,0,2425,2426,C
5-NP,1244,2403,0,1,0,2404,A
5-NP,1245,2405,0,1,0,2406,A
5-NP,1246,2407,0,0,0,2407,A
5-NP,1247,0,3,2406,0,2409,G
5-NP,1248,2397,0,2,0,2399,A
5-NP,1249,2333,1,2,0,2336,A
5-NP,1250,2325,0,4,0,2329,A
5-NP,1251,2,0,0,2327,2329,C
5-NP,1252,3,0,0,2321,2324,C
5-NP,1253,0,2297,0,2,2299,T
5-NP,1254,0,0,0,2307,2307,C
5-NP,1255,4,0,0,2304,2308,C
5-NP,1256,4,0,0,2297,2301,C
5-NP,1257,2306,0,2,0,2308,A
5-NP,1258,0,2314,2,0,2316,T
5-NP,1259,0,2313,0,0,2313,T
5-NP,1260,0,2313,0,2,2315,T
5-NP,1261,3,2,2309,0,2314,G
5-NP,1262,2303,0,1,0,2304,A
5-NP,1263,2308,0,0,0,2308,A
5-NP,1264,2304,1,1,0,2306,A
5-NP,1265,2296,0,5,0,2301,A
5-NP,1266,1,0,2318,0,2319,G
5-NP,1267,0,2297,0,1,2298,T
5-NP,1268,9,2,0,2294,2305,C
5-NP,1269,2312,0,3,0,2315,A
5-NP,1270,2313,0,4,0,2317,A
5-NP,1271,1,1,0,2307,2309,C
5-NP,1272,2,0,0,2336,2338,C
5-NP,1273,2335,0,0,1,2336,A
5-NP,1274,0,2315,0,0,2315,T
5-NP,1275,5,0,0,2313,2318,C
5-NP,1276,2288,0,1,0,2289,A
5-NP,1277,0,2292,0,1,2293,T
5-NP,1278,0,1,2303,1,2305,G
5-NP,1279,1,0,2296,0,2297,G
5-NP,1280,0,2,0,2296,2298,C
5-NP,1281,2246,0,4,0,2250,A
5-NP,1282,1,0,2253,0,2254,G
5-NP,1283,0,0,0,2237,2237,C
5-NP,1284,2251,0,0,0,2251,A
5-NP,1285,0,2245,0,0,2245,T
5-NP,1286,0,2225,0,1,2226,T
5-NP,1287,3,2,0,2225,2230,C
5-NP,1288,2220,0,1,0,2221,A
5-NP,1289,0,0,0,2234,2234,C
5-NP,1290,0,2236,0,1,2237,T
5-NP,1291,2,1,2248,0,2251,G
5-NP,1292,0,1,2263,0,2264,G
5-NP,1293,2247,0,1,0,2248,A
5-NP,1294,2243,0,2,0,2245,A
5-NP,1295,2249,0,1,0,2250,A
5-NP,1296,0,2217,0,2,2219,T
5-NP,1297,2230,0,0,0,2230,A
5-NP,1298,0,1,0,2224,2225,C
5-NP,1299,2,1,2183,0,2186,G
5-NP,1300,0,1,2195,0,2196,G
5-NP,1301,2117,0,0,0,2117,A
5-NP,1302,1,7,2115,0,2123,G
5-NP,1303,0,2,2116,0,2118,G
5-NP,1304,1,2,2116,0,2119,G
5-NP,1305,2118,0,1,0,2119,A
5-NP,1306,2113,0,2,0,2115,A
5-NP,1307,1,2,2107,0,2110,G
5-NP,1308,2112,0,2,0,2114,A
5-NP,1309,2095,0,2,0,2097,A
5-NP,1310,2,0,0,2122,2124,C
5-NP,1311,0,2088,0,3,2091,T
5-NP,1312,0,2109,0,0,2109,T
5-NP,1313,2,2,0,2103,2107,C
5-NP,1314,2114,0,2,0,2116,A
5-NP,1315,0,4,2114,0,2118,G
5-NP,1316,2104,0,1,0,2105,A
5-NP,1317,0,0,0,2113,2113,C
5-NP,1318,2092,0,1,0,2093,A
5-NP,1319,0,2044,0,2,2046,T
5-NP,1320,0,0,2054,0,2054,G
5-NP,1321,2017,0,2,0,2019,A
5-NP,1322,1,2,2022,0,2025,G
5-NP,1323,0,2,2020,0,2022,G
5-NP,1324,0,1,2011,0,2012,G
5-NP,1325,1,1,0,2023,2025,C
5-NP,1326,1992,0,3,0,1995,A
5-NP,1327,2,1,1996,0,1999,G
5-NP,1328,1997,0,0,0,1997,A
5-NP,1329,1992,0,2,0,1994,A
5-NP,1330,1993,0,0,0,1993,A
5-NP,1331,0,1960,0,3,1963,T
5-NP,1332,5,1,0,1973,1979,C
5-NP,1333,1975,0,1,0,1976,A
5-NP,1334,0,1968,0,0,1968,T
5-NP,1335,1974,0,2,0,1976,A
5-NP,1336,1966,0,1,0,1967,A
5-NP,1337,0,0,1982,0,1982,G
5-NP,1338,1950,0,0,0,1950,A
5-NP,1339,1970,0,0,0,1970,A
5-NP,1340,0,1930,0,0,1930,T
5-NP,1341,0,1,1938,0,1939,G
5-NP,1342,1927,0,4,1,1932,A
5-NP,1343,0,1934,0,3,1937,T
5-NP,1344,1,5,1932,0,1938,G
5-NP,1345,1,2,1930,0,1933,G
5-NP,1346,1888,1,2,0,1891,A
5-NP,1347,1873,0,1,0,1874,A
5-NP,1348,0,1,1814,0,1815,G
5-NP,1349,1,0,1830,0,1831,G
5-NP,1350,0,1810,0,1,1811,T
5-NP,1351,0,1,1809,0,1810,G
5-NP,1352,0,0,0,1803,1803,C
5-NP,1353,1812,0,0,0,1812,A
5-NP,1354,1811,0,3,0,1814,A
5-NP,1355,1814,0,0,0,1814,A
5-NP,1356,1820,0,1,0,1821,A
5-NP,1357,0,0,0,1827,1827,C
5-NP,1358,5,0,0,1798,1803,C
5-NP,1359,1760,0,1,0,1761,A
5-NP,1360,0,1,1775,0,1776,G
5-NP,1361,1772,0,2,0,1774,A
5-NP,1362,1777,0,0,0,1777,A
5-NP,1363,0,0,1777,0,1777,G
5-NP,1364,1758,0,0,0,1758,A
5-NP,1365,1728,0,1,0,1729,A
5-NP,1366,0,0,1749,0,1749,G
5-NP,1367,0,1722,0,3,1725,T
5-NP,1368,0,1,1733,0,1734,G
5-NP,1369,0,1696,0,3,1699,T
5-NP,1370,1,1,0,1716,1718,C
5-NP,1371,1714,0,1,0,1715,A
5-NP,1372,0,1729,0,0,1729,T
5-NP,1373,0,1722,0,0,1722,T
5-NP,1374,1,0,0,1738,1739,C
5-NP,1375,4,2,1,1715,1722,C
5-NP,1376,3,1,1705,0,1709,G
5-NP,1377,0,3,1717,0,1720,G
5-NP,1378,0,3,1715,0,1718,G
5-NP,1379,0,1,1716,0,1717,G
5-NP,1380,2,1,1710,0,1713,G
5-NP,1381,1654,0,2,0,1656,A
5-NP,1382,0,3,1655,0,1658,G
5-NP,1383,0,4,1656,0,1660,G
5-NP,1384,0,1,1651,0,1652,G
5-NP,1385,0,5,1653,0,1658,G
5-NP,1386,1640,0,1,0,1641,A
5-NP,1387,0,0,1647,0,1647,G
5-NP,1388,0,1626,0,0,1626,T
5-NP,1389,0,1619,0,3,1622,T
5-NP,1390,0,1626,0,0,1626,T
5-NP,1391,0,1623,0,0,1623,T
5-NP,1392,2,3,0,1621,1626,C
5-NP,1393,0,4,1626,0,1630,G
5-NP,1394,1612,2,2,0,1616,A
5-NP,1395,0,0,1637,0,1637,G
5-NP,1396,1,0,1,1612,1614,C
5-NP,1397,0,1622,0,4,1626,T
5-NP,1398,2,0,0,1629,1631,C
5-NP,1399,0,1628,0,0,1628,T
5-NP,1400,2,0,0,1630,1632,C
5-NP,1401,1633,1,1,0,1635,A
5-NP,1402,1,2,1639,0,1642,G
5-NP,1403,1639,1,1,0,1641,A
5-NP,1404,0,0,0,1636,1636,C
5-NP,1405,0,2,1627,0,1629,G
5-NP,1406,1596,1,3,0,1600,A
5-NP,1407,0,1,1601,0,1602,G
5-NP,1408,1586,0,1,0,1587,A
5-NP,1409,1577,0,0,0,1577,A
5-NP,1410,0,1,1572,0,1573,G
5-NP,1411,0,0,1554,0,1554,G
5-NP,1412,1,1,0,1551,1553,C
5-NP,1413,1553,0,1,0,1554,A
5-NP,1414,1544,0,5,0,1549,A
5-NP,1415,1,0,0,1543,1544,C
5-NP,1416,1,3,1536,0,1540,G
5-NP,1417,1540,0,0,0,1540,A
5-NP,1418,1525,0,3,0,1528,A
5-NP,1419,0,2,0,1524,1526,C
5-NP,1420,2,1,0,1518,1521,C
5-NP,1421,3,2,0,1513,1518,C
5-NP,1422,1,2,1521,0,1524,G
5-NP,1423,1519,0,1,0,1520,A
5-NP,1424,0,1520,0,0,1520,T
5-NP,1425,4,2,0,1491,1497,C
5-NP,1426,0,0,1497,0,1497,G
5-NP,1427,0,1482,0,1,1483,T
5-NP,1428,0,0,1483,0,1483,G
5-NP,1429,2,1,0,1468,1471,C
5-NP,1430,2,2,1,1458,1463,C
5-NP,1431,5,0,0,1475,1480,C
5-NP,1432,0,1449,0,2,1451,T
5-NP,1433,1,0,0,1494,1495,C
5-NP,1434,0,1485,0,2,1487,T
5-NP,1435,1,1487,0,2,1490,T
5-NP,1436,0,1495,0,0,1495,T
5-NP,1437,0,1475,0,0,1475,T
5-NP,1438,0,1,1481,0,1482,G
5-NP,1439,1474,0,0,0,1474,A
5-NP,1440,0,1444,0,0,1444,T
5-NP,1441,1439,0,1,0,1440,A
5-NP,1442,0,1216,0,1,1217,T
5-NP,1443,0,0,1233,0,1233,G
5-NP,1444,1219,0,2,0,1221,A
5-NP,1445,0,0,1230,0,1230,G
5-NP,1446,0,1222,0,1,1223,T
5-NP,1447,1194,0,2,0,1196,A
5-NP,1448,1198,0,2,0,1200,A
5-NP,1449,0,1190,0,2,1192,T
5-NP,1450,0,3,1191,0,1194,G
5-NP,1451,1192,0,0,0,1192,A
5-NP,1452,1057,0,2,0,1059,A
5-NP,1453,0,2,1054,0,1056,G
5-NP,1454,1,0,983,0,984,G
5-NP,1455,971,0,1,0,972,A
5-NP,1456,0,961,0,3,964,T
5-NP,1457,0,1,0,960,961,C
5-NP,1458,0,954,0,2,956,T
5-NP,1459,0,948,0,0,948,T
5-NP,1460,951,0,0,0,951,A
5-NP,1461,0,941,0,0,941,T
5-NP,1462,0,936,0,0,936,T
5-NP,1463,0,921,0,0,921,T
5-NP,1464,1,0,0,900,901,C
5-NP,1465,0,864,0,0,864,T
5-NP,1466,0,860,0,0,860,T
5-NP,1467,2,1,1,858,862,C
5-NP,1468,0,0,857,0,857,G
5-NP,1469,1,1,857,0,859,G
5-NP,1470,851,0,0,0,851,A
5-NP,1471,1,0,858,0,859,G
5-NP,1472,849,0,0,0,849,A
5-NP,1473,0,0,0,838,838,C
5-NP,1474,792,0,0,0,792,A
5-NP,1475,788,0,1,0,789,A
5-NP,1476,0,787,0,0,787,T
5-NP,1477,3,0,786,0,789,G
5-NP,1478,0,0,1,788,789,C
5-NP,1479,761,0,3,0,764,A
5-NP,1480,0,0,764,0,764,G
5-NP,1481,760,0,0,0,760,A
5-NP,1482,701,0,1,0,702,A
5-NP,1483,1,0,697,0,698,G
5-NP,1484,451,0,2,0,453,A
5-NP,1485,1,0,455,0,456,G
5-NP,1486,0,407,0,0,407,T
5-NP,1487,404,0,1,0,405,A
5-NP,1488,1,1,0,404,406,C
5-NP,1489,0,0,369,0,369,G
5-NP,1490,367,0,0,0,367,A
5-NP,1491,0,0,0,363,363,C
5-NP,1492,255,0,0,0,255,A
5-NP,1493,253,0,1,0,254,A
5-NP,1494,0,207,0,0,207,T
5-NP,1495,0,201,0,0,201,T
5-NP,1496,201,0,0,0,201,A
5-NP,1497,191,0,0,0,191,A
6-NA,1,122,0,0,0,122,A
6-NA,2,0,123,0,0,123,T
6-NA,3,0,0,124,0,124,G
6-NA,4,126,0,0,0,126,A
6-NA,5,133,0,0,0,133,A
6-NA,6,0,130,0,1,131,T
6-NA,7,0,0,0,132,132,C
6-NA,8,0,0,0,132,132,C
6-NA,9,132,0,0,0,132,A
6-NA,10,142,0,0,0,142,A
6-NA,11,138,0,0,0,138,A
6-NA,12,0,144,0,0,144,T
6-NA,13,0,0,0,144,144,C
6-NA,14,144,0,0,0,144,A
6-NA,15,143,0,1,0,144,A
6-NA,16,148,0,0,0,148,A
6-NA,17,156,0,0,0,156,A
6-NA,18,0,0,167,0,167,G
6-NA,19,172,0,0,0,172,A
6-NA,20,0,179,0,0,179,T
6-NA,21,179,0,0,0,179,A
6-NA,22,180,0,0,0,180,A
6-NA,23,0,181,0,0,181,T
6-NA,24,180,0,0,0,180,A
6-NA,25,180,0,1,0,181,A
6-NA,26,0,0,0,185,185,C
6-NA,27,0,0,190,0,190,G
6-NA,28,187,0,0,0,187,A
6-NA,29,0,187,0,1,188,T
6-NA,30,0,186,0,0,186,T
6-NA,31,0,0,185,0,185,G
6-NA,32,0,0,207,0,207,G
6-NA,33,0,0,0,212,212,C
6-NA,34,0,209,0,0,209,T
6-NA,35,0,0,0,220,220,C
6-NA,36,0,223,0,1,224,T
6-NA,37,0,0,231,0,231,G
6-NA,38,0,231,0,1,232,T
6-NA,39,0,235,0,2,237,T
6-NA,40,0,249,0,2,251,T
6-NA,41,0,0,0,254,254,C
6-NA,42,0,255,0,1,256,T
6-NA,43,0,0,0,259,259,C
6-NA,44,0,255,0,2,257,T
6-NA,45,0,0,0,256,256,C
6-NA,46,256,0,1,0,257,A
6-NA,47,0,0,0,275,275,C
6-NA,48,0,0,0,277,277,C
6-NA,49,275,0,0,0,275,A
6-NA,50,0,280,0,0,280,T
6-NA,51,0,289,0,1,290,T
6-NA,52,0,292,0,0,292,T
6-NA,53,0,0,0,302,302,C
6-NA,54,1,0,0,303,304,C
6-NA,55,303,0,2,0,305,A
6-NA,56,0,0,0,321,321,C
6-NA,57,318,0,1,0,319,A
6-NA,58,331,0,0,0,331,A
6-NA,59,0,330,0,0,330,T
6-NA,60,348,0,1,0,349,A
6-NA,61,1,348,0,1,350,T
6-NA,62,1,0,353,0,354,G
6-NA,63,0,0,0,352,352,C
6-NA,64,0,352,0,1,353,T
6-NA,65,0,354,0,0,354,T
6-NA,66,1,0,0,354,355,C
6-NA,67,0,356,0,0,356,T
6-NA,68,0,358,0,0,358,T
6-NA,69,0,0,0,357,357,C
6-NA,70,358,0,0,0,358,A
6-NA,71,0,360,0,0,360,T
6-NA,72,2,1,357,0,360,G
6-NA,73,0,0,0,361,361,C
6-NA,74,362,0,0,0,362,A
6-NA,75,363,0,0,0,363,A
6-NA,76,362,0,0,0,362,A
6-NA,77,0,368,0,0,368,T
6-NA,78,0,368,0,0,368,T
6-NA,79,1,1,366,0,368,G
6-NA,80,0,0,0,370,370,C
6-NA,81,0,1,0,370,371,C
6-NA,82,369,0,0,0,369,A
6-NA,83,0,370,0,2,372,T
6-NA,84,0,0,0,408,408,C
6-NA,85,0,412,0,1,413,T
6-NA,86,0,413,0,0,413,T
6-NA,87,0,0,426,0,426,G
6-NA,88,422,0,0,0,422,A
6-NA,89,0,428,0,0,428,T
6-NA,90,428,0,0,0,428,A
6-NA,91,430,0,0,0,430,A
6-NA,92,0,0,0,493,493,C
6-NA,93,0,489,0,1,490,T
6-NA,94,502,0,0,0,502,A
6-NA,95,0,0,0,522,522,C
6-NA,96,0,519,0,1,520,T
6-NA,97,0,1,524,0,525,G
6-NA,98,0,524,0,2,526,T
6-NA,99,523,0,0,0,523,A
6-NA,100,526,0,1,0,527,A
6-NA,101,0,0,0,515,515,C
6-NA,102,506,0,0,0,506,A
6-NA,103,0,507,0,0,507,T
6-NA,104,0,506,0,0,506,T
6-NA,105,0,0,508,0,508,G
6-NA,106,0,0,0,504,504,C
6-NA,107,514,0,0,0,514,A
6-NA,108,0,516,0,0,516,T
6-NA,109,0,518,0,0,518,T
6-NA,110,0,516,0,0,516,T
6-NA,111,0,0,0,516,516,C
6-NA,112,512,0,2,0,514,A
6-NA,113,519,0,1,0,520,A
6-NA,114,0,0,522,0,522,G
6-NA,115,0,0,0,519,519,C
6-NA,116,522,0,0,0,522,A
6-NA,117,543,0,0,0,543,A
6-NA,118,0,549,0,0,549,T
6-NA,119,551,0,0,0,551,A
6-NA,120,1,552,0,0,553,T
6-NA,121,0,4,558,0,562,G
6-NA,122,559,0,1,0,560,A
6-NA,123,569,0,1,0,570,A
6-NA,124,0,572,0,1,573,T
6-NA,125,0,570,0,1,571,T
6-NA,126,0,0,0,570,570,C
6-NA,127,566,0,0,0,566,A
6-NA,128,572,0,0,0,572,A
6-NA,129,0,0,0,567,567,C
6-NA,130,0,562,0,1,563,T
6-NA,131,2,0,0,557,559,C
6-NA,132,0,0,0,561,561,C
6-NA,133,1,0,0,578,579,C
6-NA,134,0,0,0,579,579,C
6-NA,135,0,0,0,582,582,C
6-NA,136,0,0,0,582,582,C
6-NA,137,2,0,0,587,589,C
6-NA,138,595,0,0,0,595,A
6-NA,139,595,0,0,0,595,A
6-NA,140,592,0,1,0,593,A
6-NA,141,0,0,0,606,606,C
6-NA,142,603,0,0,0,603,A
6-NA,143,623,0,1,0,624,A
6-NA,144,0,1,0,627,628,C
6-NA,145,0,0,0,627,627,C
6-NA,146,645,0,1,0,646,A
6-NA,147,641,0,0,0,641,A
6-NA,148,0,0,652,0,652,G
6-NA,149,0,648,0,0,648,T
6-NA,150,0,2,645,0,647,G
6-NA,151,1,0,641,0,642,G
6-NA,152,0,685,0,2,687,T
6-NA,153,0,0,691,0,691,G
6-NA,154,0,0,0,691,691,C
6-NA,155,0,686,0,2,688,T
6-NA,156,1,1,758,0,760,G
6-NA,157,0,751,0,1,752,T
6-NA,158,0,0,756,0,756,G
6-NA,159,0,757,0,0,757,T
6-NA,160,0,0,752,0,752,G
6-NA,161,751,0,2,0,753,A
6-NA,162,759,0,1,1,761,A
6-NA,163,1,1,0,756,758,C
6-NA,164,0,0,0,762,762,C
6-NA,165,744,0,0,0,744,A
6-NA,166,756,0,0,0,756,A
6-NA,167,1,0,0,772,773,C
6-NA,168,776,0,0,0,776,A
6-NA,169,780,0,0,0,780,A
6-NA,170,0,785,0,0,785,T
6-NA,171,783,0,0,0,783,A
6-NA,172,778,0,2,0,780,A
6-NA,173,0,779,0,0,779,T
6-NA,174,783,0,0,0,783,A
6-NA,175,0,2,781,0,783,G
6-NA,176,767,0,1,0,768,A
6-NA,177,774,0,0,0,774,A
6-NA,178,774,0,0,0,774,A
6-NA,179,0,1,778,0,779,G
6-NA,180,790,0,1,0,791,A
6-NA,181,792,0,0,1,793,A
6-NA,182,826,0,3,0,829,A
6-NA,183,0,0,0,834,834,C
6-NA,184,836,0,0,0,836,A
6-NA,185,0,849,0,0,849,T
6-NA,186,861,0,0,0,861,A
6-NA,187,861,0,0,0,861,A
6-NA,188,1,0,0,862,863,C
6-NA,189,860,0,0,0,860,A
6-NA,190,1,0,890,0,891,G
6-NA,191,882,1,2,0,885,A
6-NA,192,1,1,885,0,887,G
6-NA,193,889,0,0,0,889,A
6-NA,194,0,934,0,0,934,T
6-NA,195,929,0,1,0,930,A
6-NA,196,0,0,944,0,944,G
6-NA,197,0,939,0,0,939,T
6-NA,198,0,0,958,0,958,G
6-NA,199,0,934,0,2,936,T
6-NA,200,949,0,0,0,949,A
6-NA,201,0,946,0,1,947,T
6-NA,202,0,0,0,950,950,C
6-NA,203,0,933,0,1,934,T
6-NA,204,4,3,944,0,951,G
6-NA,205,952,0,1,0,953,A
6-NA,206,0,0,0,957,957,C
6-NA,207,1,0,0,949,950,C
6-NA,208,949,0,1,0,950,A
6-NA,209,945,0,0,0,945,A
6-NA,210,943,0,0,0,943,A
6-NA,211,954,0,2,0,956,A
6-NA,212,1,0,0,969,970,C
6-NA,213,0,0,0,965,965,C
6-NA,214,977,0,0,0,977,A
6-NA,215,0,0,0,1003,1003,C
6-NA,216,0,0,0,1004,1004,C
6-NA,217,1009,0,2,0,1011,A
6-NA,218,0,1009,0,0,1009,T
6-NA,219,1017,0,0,0,1017,A
6-NA,220,1,2,1014,0,1017,G
6-NA,221,1010,0,1,0,1011,A
6-NA,222,0,1,1022,0,1023,G
6-NA,223,1021,0,1,0,1022,A
6-NA,224,1014,0,0,0,1014,A
6-NA,225,0,1,1022,0,1023,G
6-NA,226,0,0,1026,0,1026,G
6-NA,227,1029,0,0,0,1029,A
6-NA,228,1033,0,0,0,1033,A
6-NA,229,1028,0,1,1,1030,A
6-NA,230,0,1025,0,0,1025,T
6-NA,231,1023,0,0,0,1023,A
6-NA,232,0,1014,0,0,1014,T
6-NA,233,0,0,1017,0,1017,G
6-NA,234,0,1,0,1015,1016,C
6-NA,235,0,1,0,1007,1008,C
6-NA,236,3,1,0,1014,1018,C
6-NA,237,0,0,0,1014,1014,C
6-NA,238,1020,0,0,0,1020,A
6-NA,239,1047,0,0,0,1047,A
6-NA,240,1042,0,1,0,1043,A
6-NA,241,1,1,0,1042,1044,C
6-NA,242,0,1040,0,1,1041,T
6-NA,243,1036,0,1,0,1037,A
6-NA,244,0,1,1044,0,1045,G
6-NA,245,0,1,0,1040,1041,C
6-NA,246,1039,0,2,0,1041,A
6-NA,247,1,1,1049,0,1051,G
6-NA,248,1045,0,0,0,1045,A
6-NA,249,1075,0,1,1,1077,A
6-NA,250,0,1076,0,0,1076,T
6-NA,251,1071,0,1,0,1072,A
6-NA,252,0,0,0,1075,1075,C
6-NA,253,1075,0,0,0,1075,A
6-NA,254,0,3,1073,0,1076,G
6-NA,255,1073,0,0,0,1073,A
6-NA,256,1068,0,0,0,1068,A
6-NA,257,1065,0,2,0,1067,A
6-NA,258,0,1052,0,1,1053,T
6-NA,259,0,1053,0,0,1053,T
6-NA,260,0,0,1057,0,1057,G
6-NA,261,0,0,1046,0,1046,G
6-NA,262,0,1048,0,1,1049,T
6-NA,263,4,0,0,1055,1059,C
6-NA,264,1056,0,0,0,1056,A
6-NA,265,1058,0,0,0,1058,A
6-NA,266,1058,0,2,0,1060,A
6-NA,267,0,0,1059,0,1059,G
6-NA,268,1,1,0,1055,1057,C
6-NA,269,2,0,0,1053,1055,C
6-NA,270,1,1,1052,0,1054,G
6-NA,271,0,0,0,1060,1060,C
6-NA,272,1062,0,0,0,1062,A
6-NA,273,1066,0,1,0,1067,A
6-NA,274,0,1064,0,0,1064,T
6-NA,275,1,2,1058,0,1061,G
6-NA,276,0,0,0,1062,1062,C
6-NA,277,0,3,1062,0,1065,G
6-NA,278,1081,0,2,0,1083,A
6-NA,279,0,0,0,1090,1090,C
6-NA,280,1100,0,1,0,1101,A
6-NA,281,0,1121,0,0,1121,T
6-NA,282,0,1124,0,1,1125,T
6-NA,283,1126,1,0,0,1127,A
6-NA,284,0,0,0,1128,1128,C
6-NA,285,1118,1,2,0,1121,A
6-NA,286,0,0,1129,0,1129,G
6-NA,287,0,2,1117,0,1119,G
6-NA,288,1124,0,0,0,1124,A
6-NA,289,0,1108,0,0,1108,T
6-NA,290,0,1104,0,0,1104,T
6-NA,291,0,1103,0,1,1104,T
6-NA,292,0,0,1102,0,1102,G
6-NA,293,0,1,0,1097,1098,C
6-NA,294,1095,0,0,0,1095,A
6-NA,295,1,0,0,1103,1104,C
6-NA,296,1,0,0,1101,1102,C
6-NA,297,0,1103,0,2,1105,T
6-NA,298,0,1101,0,0,1101,T
6-NA,299,0,1117,0,0,1117,T
6-NA,300,0,1116,0,1,1117,T
6-NA,301,0,1139,0,0,1139,T
6-NA,302,0,0,0,1143,1143,C
6-NA,303,0,1139,0,0,1139,T
6-NA,304,1138,0,0,0,1138,A
6-NA,305,1133,1,1,0,1135,A
6-NA,306,1,1,1146,0,1148,G
6-NA,307,0,3,1137,0,1140,G
6-NA,308,1134,0,2,0,1136,A
6-NA,309,0,1,0,1137,1138,C
6-NA,310,1132,0,0,0,1132,A
6-NA,311,1135,0,0,0,1135,A
6-NA,312,0,1128,0,0,1128,T
6-NA,313,0,1123,0,0,1123,T
6-NA,314,1,0,0,1143,1144,C
6-NA,315,0,2,1132,0,1134,G
6-NA,316,1128,0,1,0,1129,A
6-NA,317,0,1132,0,0,1132,T
6-NA,318,0,0,0,1127,1127,C
6-NA,319,1133,0,1,0,1134,A
6-NA,320,0,0,1138,0,1138,G
6-NA,321,0,0,1137,0,1137,G
6-NA,322,0,0,0,1142,1142,C
6-NA,323,0,1142,0,1,1143,T
6-NA,324,1,1141,0,1,1143,T
6-NA,325,0,1141,0,0,1141,T
6-NA,326,1,0,0,1144,1145,C
6-NA,327,2,0,0,1147,1149,C
6-NA,328,1,0,1143,0,1144,G
6-NA,329,1,0,0,1141,1142,C
6-NA,330,0,1129,0,0,1129,T
6-NA,331,0,1,1161,0,1162,G
6-NA,332,0,1,1164,0,1165,G
6-NA,333,0,1157,0,1,1158,T
6-NA,334,0,1,1169,0,1170,G
6-NA,335,0,2,1158,0,1160,G
6-NA,336,0,1,1162,0,1163,G
6-NA,337,0,1,1164,0,1165,G
6-NA,338,1158,0,2,0,1160,A
6-NA,339,0,1,0,1179,1180,C
6-NA,340,1161,0,0,0,1161,A
6-NA,341,0,1153,0,1,1154,T
6-NA,342,1,0,0,1158,1159,C
6-NA,343,0,1156,0,0,1156,T
6-NA,344,1,2,1155,0,1158,G
6-NA,345,0,1,1159,0,1160,G
6-NA,346,0,0,1168,0,1168,G
6-NA,347,0,1161,0,1,1162,T
6-NA,348,0,2,1145,0,1147,G
6-NA,349,1149,0,1,0,1150,A
6-NA,350,0,3,0,1164,1167,C
6-NA,351,1164,0,1,0,1165,A
6-NA,352,1216,0,0,0,1216,A
6-NA,353,0,0,1243,0,1243,G
6-NA,354,1238,0,1,0,1239,A
6-NA,355,0,0,1298,0,1298,G
6-NA,356,1325,0,2,2,1329,A
6-NA,357,1419,0,2,0,1421,A
6-NA,358,0,0,0,1796,1796,C
6-NA,359,1,1,0,1981,1983,C
6-NA,360,0,1980,0,1,1981,T
6-NA,361,0,2005,0,1,2006,T
6-NA,362,2008,0,0,0,2008,A
6-NA,363,0,2015,0,2,2017,T
6-NA,364,0,1,2157,0,2158,G
6-NA,365,0,2166,0,1,2167,T
6-NA,366,1,1,2259,0,2261,G
6-NA,367,0,2246,0,3,2249,T
6-NA,368,4,0,0,2224,2228,C
6-NA,369,2246,2,1,26,2275,A
6-NA,370,0,2272,0,5,2277,T
6-NA,371,0,1,2275,0,2276,G
6-NA,372,0,0,0,2274,2274,C
6-NA,373,6,2,2260,1,2269,G
6-NA,374,2632,0,2,0,2634,A
6-NA,375,0,2636,0,1,2637,T
6-NA,376,1,0,0,2704,2705,C
6-NA,377,6,1,0,2690,2697,C
6-NA,378,0,2769,1,4,2774,T
6-NA,379,3,7,2809,0,2819,G
6-NA,380,2818,1,2,0,2821,A
6-NA,381,2,1,0,2823,2826,C
6-NA,382,2824,1,3,0,2828,A
6-NA,383,2790,0,2,0,2792,A
6-NA,384,1,0,2919,0,2920,G
6-NA,385,0,2909,0,0,2909,T
6-NA,386,4,0,2965,0,2969,G
6-NA,387,0,2952,0,5,2957,T
6-NA,388,0,2956,1,3,2960,T
6-NA,389,2963,0,2,0,2965,A
6-NA,390,0,2961,0,4,2965,T
6-NA,391,4,0,0,3016,3020,C
6-NA,392,3015,0,0,0,3015,A
6-NA,393,3002,0,2,0,3004,A
6-NA,394,0,2987,0,1,2988,T
6-NA,395,0,2980,1,1,2982,T
6-NA,396,0,2983,0,1,2984,T
6-NA,397,3,3,2992,0,2998,G
6-NA,398,0,1,0,3203,3204,C
6-NA,399,3,0,0,3205,3208,C
6-NA,400,3,0,0,3212,3215,C
6-NA,401,0,3205,0,5,3210,T
6-NA,402,0,3211,0,4,3215,T
6-NA,403,3,4,3269,0,3276,G
6-NA,404,1,11,3270,0,3282,G
6-NA,405,3291,0,3,0,3294,A
6-NA,406,1,0,0,3303,3304,C
6-NA,407,3251,0,5,0,3256,A
6-NA,408,1,5,3346,0,3352,G
6-NA,409,1,3,3332,0,3336,G
6-NA,410,2,4,3436,0,3442,G
6-NA,411,3432,1,1,0,3434,A
6-NA,412,3435,0,5,0,3440,A
6-NA,413,0,2,0,3472,3474,C
6-NA,414,3420,0,1,0,3421,A
6-NA,415,3778,0,4,0,3782,A
6-NA,416,0,1,0,3819,3820,C
6-NA,417,3812,0,3,0,3815,A
6-NA,418,0,4,0,3865,3869,C
6-NA,419,0,3834,0,4,3838,T
6-NA,420,3878,0,1,1,3880,A
6-NA,421,3865,0,4,0,3869,A
6-NA,422,3880,0,1,2,3883,A
6-NA,423,0,2,0,3888,3890,C
6-NA,424,3770,0,2,0,3772,A
6-NA,425,3779,0,5,0,3784,A
6-NA,426,0,5,0,3782,3787,C
6-NA,427,2,1,3789,0,3792,G
6-NA,428,0,3767,0,1,3768,T
6-NA,429,2,0,3779,0,3781,G
6-NA,430,0,1,0,3796,3797,C
6-NA,431,3809,0,2,1,3812,A
6-NA,432,0,3827,0,2,3829,T
6-NA,433,0,3836,0,1,3837,T
6-NA,434,3,1,0,3905,3909,C
6-NA,435,3988,0,3,0,3991,A
6-NA,436,4013,0,1,0,4014,A
6-NA,437,4022,0,5,0,4027,A
6-NA,438,0,4038,1,1,4040,T
6-NA,439,6,16,4018,0,4040,G
6-NA,440,4112,0,6,1,4119,A
6-NA,441,2,0,0,4117,4119,C
6-NA,442,4100,0,6,1,4107,A
6-NA,443,1,3,0,4209,4213,C
6-NA,444,4152,0,3,2,4157,A
6-NA,445,1,1,5099,0,5101,G
6-NA,446,2,5078,0,6,5086,T
6-NA,447,5203,0,1,1,5205,A
6-NA,448,2,3,0,5227,5232,C
6-NA,449,3,0,5223,0,5226,G
6-NA,450,0,5362,0,6,5368,T
6-NA,451,1,8,5425,0,5434,G
6-NA,452,5433,0,4,1,5438,A
6-NA,453,0,5464,0,0,5464,T
6-NA,454,5083,1,14,0,5098,A
6-NA,455,1,2,5078,0,5081,G
6-NA,456,2,11,5018,0,5031,G
6-NA,457,5080,0,6,1,5087,A
6-NA,458,3,1,0,5168,5172,C
6-NA,459,6,0,0,5091,5097,C
6-NA,460,7,1,0,5175,5183,C
6-NA,461,16,1,0,5187,5204,C
6-NA,462,0,5237,1,14,5252,T
6-NA,463,0,5317,0,1,5318,T
6-NA,464,5354,0,1,2,5357,A
6-NA,465,0,5351,0,0,5351,T
6-NA,466,4,3,0,5345,5352,C
6-NA,467,4,8,5299,0,5311,G
6-NA,468,2,8,5279,0,5289,G
6-NA,469,5293,0,3,0,5296,A
6-NA,470,0,0,0,5365,5365,C
6-NA,471,6,1,0,5345,5352,C
6-NA,472,11,1,0,5616,5628,C
6-NA,473,3,5626,0,5,5634,T
6-NA,474,5722,0,0,2,5724,A
6-NA,475,1,5732,0,0,5733,T
6-NA,476,0,5746,0,0,5746,T
6-NA,477,7,6,5754,0,5767,G
6-NA,478,5762,1,0,1,5764,A
6-NA,479,0,5772,0,4,5776,T
6-NA,480,1,9,5778,0,5788,G
6-NA,481,5614,1,4,1,5620,A
6-NA,482,5646,1,3,1,5651,A
6-NA,483,0,5661,0,3,5664,T
6-NA,484,1,8,5751,0,5760,G
6-NA,485,5760,1,6,1,5768,A
6-NA,486,2,1,5906,0,5909,G
6-NA,487,0,5864,0,5,5869,T
6-NA,488,0,5906,0,3,5909,T
6-NA,489,5903,0,8,0,5911,A
6-NA,490,3,6,5909,1,5919,G
6-NA,491,3,0,5926,0,5929,G
6-NA,492,0,5881,0,8,5889,T
6-NA,493,7,0,5887,0,5894,G
6-NA,494,1,5855,0,11,5867,T
6-NA,495,1,5839,1,5,5846,T
6-NA,496,10,0,0,5901,5911,C
6-NA,497,5,2,0,5949,5956,C
6-NA,498,0,5923,1,18,5942,T
6-NA,499,0,5952,0,4,5956,T
6-NA,500,0,5943,0,7,5950,T
6-NA,501,0,5946,0,1,5947,T
6-NA,502,3,0,1,5982,5986,C
6-NA,503,5953,0,4,1,5958,A
6-NA,504,1,6140,0,1,6142,T
6-NA,505,4,0,0,6138,6142,C
6-NA,506,0,6077,0,4,6081,T
6-NA,507,3,7,6062,0,6072,G
6-NA,508,5,11,6016,0,6032,G
6-NA,509,2,10,5995,0,6007,G
6-NA,510,2,18,6077,0,6097,G
6-NA,511,6107,0,13,0,6120,A
6-NA,512,2,0,0,6176,6178,C
6-NA,513,5,0,0,6153,6158,C
6-NA,514,6220,2,1,0,6223,A
6-NA,515,6237,0,0,0,6237,A
6-NA,516,6,3,6237,0,6246,G
6-NA,517,1,0,0,6271,6272,C
6-NA,518,6265,0,1,0,6266,A
6-NA,519,6333,0,9,0,6342,A
6-NA,520,1,1,6413,0,6415,G
6-NA,521,0,6363,0,1,6364,T
6-NA,522,1,2,6555,0,6558,G
6-NA,523,0,6507,0,3,6510,T
6-NA,524,3,0,6734,0,6737,G
6-NA,525,2,2,1,6735,6740,C
6-NA,526,6748,0,3,0,6751,A
6-NA,527,0,6827,0,4,6831,T
6-NA,528,6734,1,3,0,6738,A
6-NA,529,5,0,6884,0,6889,G
6-NA,530,2,4,1,6863,6870,C
6-NA,531,6773,1,5,0,6779,A
6-NA,532,0,6783,0,3,6786,T
6-NA,533,2,16,6649,0,6667,G
6-NA,534,0,1,7009,0,7010,G
6-NA,535,1,6996,0,10,7007,T
6-NA,536,3,2,0,6985,6990,C
6-NA,537,5,3,0,6996,7004,C
6-NA,538,7017,0,5,0,7022,A
6-NA,539,0,4,7215,0,7219,G
6-NA,540,2,1,0,7218,7221,C
6-NA,541,0,7229,0,12,7241,T
6-NA,542,9,1,0,7252,7262,C
6-NA,543,7129,0,2,0,7131,A
6-NA,544,7170,1,4,0,7175,A
6-NA,545,1,1,7204,0,7206,G
6-NA,546,0,7234,0,4,7238,T
6-NA,547,0,7222,0,5,7227,T
6-NA,548,4,0,7231,0,7235,G
6-NA,549,0,7192,0,7,7199,T
6-NA,550,12,1,0,7198,7211,C
6-NA,551,7218,0,4,1,7223,A
6-NA,552,2,2,0,7263,7267,C
6-NA,553,3,3,7267,1,7274,G
6-NA,554,7304,0,4,0,7308,A
6-NA,555,0,7379,0,5,7384,T
6-NA,556,3,5,7474,0,7482,G
6-NA,557,2,8,7483,0,7493,G
6-NA,558,7497,2,9,0,7508,A
6-NA,559,7518,0,3,0,7521,A
6-NA,560,7570,0,10,0,7580,A
6-NA,561,7570,0,6,0,7576,A
6-NA,562,1,3,7625,0,7629,G
6-NA,563,0,0,1,7625,7626,C
6-NA,564,7607,0,9,0,7616,A
6-NA,565,2,7604,1,2,7609,T
6-NA,566,4,5,7652,0,7661,G
6-NA,567,4,3,7634,0,7641,G
6-NA,568,1,0,1,7733,7735,C
6-NA,569,0,7710,0,10,7720,T
6-NA,570,2,3,7760,1,7766,G
6-NA,571,2,2,0,7734,7738,C
6-NA,572,7771,0,5,0,7776,A
6-NA,573,0,8014,0,3,8017,T
6-NA,574,5,1,8037,0,8043,G
6-NA,575,1,8076,1,2,8080,T
6-NA,576,0,8247,0,9,8256,T
6-NA,577,1,8246,0,8,8255,T
6-NA,578,2,1,8645,0,8648,G
6-NA,579,1,8581,0,10,8592,T
6-NA,580,8648,1,4,1,8654,A
6-NA,581,0,8686,0,3,8689,T
6-NA,582,8541,0,8,0,8549,A
6-NA,583,8586,0,10,0,8596,A
6-NA,584,1,8,2,8528,8539,C
6-NA,585,46,23,8405,1,8475,G
6-NA,586,8,12,8476,0,8496,G
6-NA,587,3,14,8336,1,8354,G
6-NA,588,6,6,8368,0,8380,G
6-NA,589,1,4,8416,0,8421,G
6-NA,590,8323,2,9,0,8334,A
6-NA,591,0,8396,0,9,8405,T
6-NA,592,4,5,8416,0,8425,G
6-NA,593,8426,1,14,0,8441,A
6-NA,594,0,8497,0,1,8498,T
6-NA,595,8484,0,5,0,8489,A
6-NA,596,8618,1,1,0,8620,A
6-NA,597,8635,0,5,0,8640,A
6-NA,598,8610,1,5,0,8616,A
6-NA,599,8634,2,5,0,8641,A
6-NA,600,0,8629,0,1,8630,T
6-NA,601,3,5,8620,1,8629,G
6-NA,602,1,2,0,8613,8616,C
6-NA,603,8622,0,7,0,8629,A
6-NA,604,8622,0,6,0,8628,A
6-NA,605,0,3,0,8713,8716,C
6-NA,606,1,8685,0,5,8691,T
6-NA,607,1,1,8748,0,8750,G
6-NA,608,1,3,0,8736,8740,C
6-NA,609,0,8759,0,2,8761,T
6-NA,610,8759,0,5,0,8764,A
6-NA,611,3,4,8771,0,8778,G
6-NA,612,2,1,0,8848,8851,C
6-NA,613,1,8853,0,10,8864,T
6-NA,614,1,8839,0,5,8845,T
6-NA,615,10,3,0,8925,8938,C
6-NA,616,8982,1,1,0,8984,A
6-NA,617,0,8984,2,4,8990,T
6-NA,618,0,9020,0,4,9024,T
6-NA,619,0,9058,1,3,9062,T
6-NA,620,9099,0,4,0,9103,A
6-NA,621,2,3,0,9156,9161,C
6-NA,622,9120,0,1,0,9121,A
6-NA,623,9176,0,11,0,9187,A
6-NA,624,0,9159,0,4,9163,T
6-NA,625,5,16,9112,0,9133,G
6-NA,626,2,5,9078,2,9087,G
6-NA,627,3,7,9087,1,9098,G
6-NA,628,9011,1,18,0,9030,A
6-NA,629,3,7,9272,0,9282,G
6-NA,630,3,0,9372,0,9375,G
6-NA,631,1,0,1,9837,9839,C
6-NA,632,0,9868,2,16,9886,T
6-NA,633,0,9994,1,4,9999,T
6-NA,634,5,2,10069,0,10076,G
6-NA,635,0,10018,1,3,10022,T
6-NA,636,10193,1,11,0,10205,A
6-NA,637,4,7,10232,0,10243,G
6-NA,638,10078,0,10,0,10088,A
6-NA,639,1,10123,0,2,10126,T
6-NA,640,9458,0,2,1,9461,A
6-NA,641,3,1,9482,0,9486,G
6-NA,642,2,9326,0,9,9337,T
6-NA,643,3,0,9246,1,9250,G
6-NA,644,0,9591,0,6,9597,T
6-NA,645,0,9645,0,2,9647,T
6-NA,646,4,1,9802,0,9807,G
6-NA,647,1,9742,2,17,9762,T
6-NA,648,0,9799,0,6,9805,T
6-NA,649,0,9796,1,7,9804,T
6-NA,650,13,2,0,9671,9686,C
6-NA,651,9664,2,7,2,9675,A
6-NA,652,0,9625,0,4,9629,T
6-NA,653,3,28,9600,0,9631,G
6-NA,654,7,1,10060,0,10068,G
6-NA,655,0,9959,0,11,9970,T
6-NA,656,14,1,0,9957,9972,C
6-NA,657,9,3,0,9990,10002,C
6-NA,658,10037,0,3,0,10040,A
6-NA,659,10084,1,13,0,10098,A
6-NA,660,10094,1,9,5,10109,A
6-NA,661,2,6,10144,0,10152,G
6-NA,662,10127,0,5,0,10132,A
6-NA,663,9840,1,5,0,9846,A
6-NA,664,9852,0,9,0,9861,A
6-NA,665,0,9806,0,3,9809,T
6-NA,666,9,2,0,10070,10081,C
6-NA,667,8,2,0,10087,10097,C
6-NA,668,0,10057,0,7,10064,T
6-NA,669,10,7,0,10080,10097,C
6-NA,670,10069,1,9,0,10079,A
6-NA,671,4,6,10099,0,10109,G
6-NA,672,3,15,10087,0,10105,G
6-NA,673,10300,0,7,1,10308,A
6-NA,674,2,1,0,10314,10317,C
6-NA,675,12,5,1,10141,10159,C
6-NA,676,14,3,0,10178,10195,C
6-NA,677,10185,1,4,0,10190,A
6-NA,678,2,5,10244,0,10251,G
6-NA,679,5,13,10250,1,10269,G
6-NA,680,10193,1,14,0,10208,A
6-NA,681,2,2,10348,0,10352,G
6-NA,682,0,10167,1,4,10172,T
6-NA,683,23,2,0,10203,10228,C
6-NA,684,10228,0,8,0,10236,A
6-NA,685,4,10,10310,0,10324,G
6-NA,686,10274,0,14,0,10288,A
6-NA,687,10271,0,3,1,10275,A
6-NA,688,0,10264,0,3,10267,T
6-NA,689,1,2,10321,0,10324,G
6-NA,690,2,9,0,10263,10274,C
6-NA,691,6,1,10357,1,10365,G
6-NA,692,1,10305,3,7,10316,T
6-NA,693,0,10337,0,7,10344,T
6-NA,694,1,10304,0,4,10309,T
6-NA,695,3,3,10403,1,10410,G
6-NA,696,0,10381,0,12,10393,T
6-NA,697,10422,0,3,1,10426,A
6-NA,698,1,10363,0,4,10368,T
6-NA,699,9,2,1,10410,10422,C
6-NA,700,10442,0,2,1,10445,A
6-NA,701,10431,0,3,0,10434,A
6-NA,702,0,10437,0,4,10441,T
6-NA,703,5,13,10434,2,10454,G
6-NA,704,3,19,10457,0,10479,G
6-NA,705,10630,1,5,0,10636,A
6-NA,706,10636,1,15,0,10652,A
6-NA,707,1,2,0,10741,10744,C
6-NA,708,1,10811,0,13,10825,T
6-NA,709,0,10825,1,3,10829,T
6-NA,710,7,3,11120,0,11130,G
6-NA,711,0,11113,1,3,11117,T
6-NA,712,11100,1,13,0,11114,A
6-NA,713,2,2,0,11277,11281,C
6-NA,714,11078,1,6,1,11086,A
6-NA,715,6,1,11810,0,11817,G
6-NA,716,1,11723,2,2,11728,T
6-NA,717,12201,0,11,0,12212,A
6-NA,718,32,2,12245,0,12279,G
6-NA,719,2,12040,0,7,12049,T
6-NA,720,12064,1,2,1,12068,A
6-NA,721,12057,0,1,0,12058,A
6-NA,722,0,11989,1,3,11993,T
6-NA,723,6,33,11994,0,12033,G
6-NA,724,11753,1,11,0,11765,A
6-NA,725,2,2,0,11866,11870,C
6-NA,726,0,11583,3,5,11591,T
6-NA,727,5,6,11641,0,11652,G
6-NA,728,11561,0,20,0,11581,A
6-NA,729,1,11649,1,13,11664,T
6-NA,730,7,25,11644,0,11676,G
6-NA,731,2,12,11585,0,11599,G
6-NA,732,1,15,11609,0,11625,G
6-NA,733,11401,1,15,1,11418,A
6-NA,734,4,2,11473,0,11479,G
6-NA,735,2,11389,0,7,11398,T
6-NA,736,5,3,11431,0,11439,G
6-NA,737,2,2,0,11430,11434,C
6-NA,738,2,11388,1,7,11398,T
6-NA,739,0,11388,2,3,11393,T
6-NA,740,8,1,0,11411,11420,C
6-NA,741,8,12,11369,2,11391,G
6-NA,742,12,4,11434,0,11450,G
6-NA,743,4,8,11471,0,11483,G
6-NA,744,11450,0,12,0,11462,A
6-NA,745,11395,1,6,0,11402,A
6-NA,746,11375,1,5,0,11381,A
6-NA,747,11406,0,11,0,11417,A
6-NA,748,1,2,11440,0,11443,G
6-NA,749,1,3,0,11455,11459,C
6-NA,750,0,11402,0,2,11404,T
6-NA,751,3,2,11406,0,11411,G
6-NA,752,11350,0,10,0,11360,A
6-NA,753,0,11465,0,6,11471,T
6-NA,754,11411,1,10,1,11423,A
6-NA,755,2,2,0,11431,11435,C
6-NA,756,10,3,0,11341,11354,C
6-NA,757,11740,0,3,2,11745,A
6-NA,758,11798,0,2,0,11800,A
6-NA,759,11790,0,2,0,11792,A
6-NA,760,12038,0,7,1,12046,A
6-NA,761,0,12053,0,3,12056,T
6-NA,762,11962,3,3,1,11969,A
6-NA,763,2,2,0,12066,12070,C
6-NA,764,1,11818,0,9,11828,T
6-NA,765,11931,1,3,0,11935,A
6-NA,766,1,11872,0,12,11885,T
6-NA,767,0,12666,1,5,12672,T
6-NA,768,21,25,1,12798,12845,C
6-NA,769,12662,2,2,0,12666,A
6-NA,770,0,12640,0,4,12644,T
6-NA,771,1,12647,0,1,12649,T
6-NA,772,12476,1,5,0,12482,A
6-NA,773,12505,0,3,1,12509,A
6-NA,774,6,11,12569,0,12586,G
6-NA,775,2,15,12565,0,12582,G
6-NA,776,11855,3,15,0,11873,A
6-NA,777,6,12,11986,0,12004,G
6-NA,778,0,22,11985,0,12007,G
6-NA,779,5,6,11981,0,11992,G
6-NA,780,4,9,12010,0,12023,G
6-NA,781,11978,0,13,0,11991,A
6-NA,782,12042,0,5,0,12047,A
6-NA,783,12010,0,7,0,12017,A
6-NA,784,11962,1,3,1,11967,A
6-NA,785,1,11921,0,2,11924,T
6-NA,786,16,3,0,11948,11967,C
6-NA,787,5,2,12060,0,12067,G
6-NA,788,2,12019,0,3,12024,T
6-NA,789,0,11967,2,43,12012,T
6-NA,790,34,2,0,12015,12051,C
6-NA,791,12054,0,4,0,12058,A
6-NA,792,1,12757,0,3,12761,T
6-NA,793,12703,0,4,0,12707,A
6-NA,794,0,1,0,12813,12814,C
6-NA,795,0,12759,0,15,12774,T
6-NA,796,12761,1,6,0,12768,A
6-NA,797,8,4,12742,0,12754,G
6-NA,798,3,5,0,12714,12722,C
6-NA,799,12706,1,11,0,12718,A
6-NA,800,1,2,1,12770,12774,C
6-NA,801,12306,0,3,2,12311,A
6-NA,802,0,12500,0,1,12501,T
6-NA,803,0,12476,0,6,12482,T
6-NA,804,3,2,13198,0,13203,G
6-NA,805,0,13124,0,13,13137,T
6-NA,806,25,5,0,13113,13143,C
6-NA,807,13104,2,17,1,13124,A
6-NA,808,8,8,13104,1,13121,G
6-NA,809,3,15,13122,0,13140,G
6-NA,810,13075,0,1,0,13076,A
6-NA,811,12918,2,9,0,12929,A
6-NA,812,1,1,13030,0,13032,G
6-NA,813,1,12399,0,11,12411,T
6-NA,814,4,2,12465,0,12471,G
6-NA,815,2,2,0,12433,12437,C
6-NA,816,0,12487,0,14,12501,T
6-NA,817,18,4,3,12497,12522,C
6-NA,818,12499,0,6,1,12506,A
6-NA,819,4,0,12527,0,12531,G
6-NA,820,1,2,0,12540,12543,C
6-NA,821,12501,0,8,0,12509,A
6-NA,822,0,12514,0,6,12520,T
6-NA,823,5,1,12804,0,12810,G
6-NA,824,1,12760,0,13,12774,T
6-NA,825,27,4,0,12770,12801,C
6-NA,826,2,6,12785,0,12793,G
6-NA,827,12664,0,8,1,12673,A
6-NA,828,7,10,12690,0,12707,G
6-NA,829,3,21,12682,0,12706,G
6-NA,830,12588,0,7,1,12596,A
6-NA,831,7,1,12716,0,12724,G
6-NA,832,2,12409,0,4,12415,T
6-NA,833,5,4,12428,0,12437,G
6-NA,834,3,5,0,12593,12601,C
6-NA,835,1,12585,0,16,12602,T
6-NA,836,26,3,0,12663,12692,C
6-NA,837,8,6,0,12720,12734,C
6-NA,838,2,12718,1,3,12724,T
6-NA,839,8,3,12761,0,12772,G
6-NA,840,1,4,0,12706,12711,C
6-NA,841,0,12659,1,10,12670,T
6-NA,842,12710,0,4,0,12714,A
6-NA,843,0,12453,0,10,12463,T
6-NA,844,5,3,1,12538,12547,C
6-NA,845,10,3,0,12498,12511,C
6-NA,846,0,12464,0,9,12473,T
6-NA,847,8,4,0,12575,12587,C
6-NA,848,9,12,12543,1,12565,G
6-NA,849,12606,0,4,0,12610,A
6-NA,850,1,12630,1,10,12642,T
6-NA,851,12590,0,7,1,12598,A
6-NA,852,0,12588,1,4,12593,T
6-NA,853,11,5,5,12537,12558,C
6-NA,854,8,0,1,12542,12551,C
6-NA,855,2,12475,0,13,12490,T
6-NA,856,2,11,12528,0,12541,G
6-NA,857,9,1,12538,0,12548,G
6-NA,858,0,12641,1,15,12657,T
6-NA,859,6,3,12721,1,12731,G
6-NA,860,0,12617,0,16,12633,T
6-NA,861,30,1,0,12618,12649,C
6-NA,862,12621,1,12,2,12636,A
6-NA,863,10,5,12622,1,12638,G
6-NA,864,12648,2,10,0,12660,A
6-NA,865,3,12542,0,8,12553,T
6-NA,866,4,2,12568,1,12575,G
6-NA,867,0,12317,0,6,12323,T
6-NA,868,6,1,12379,2,12388,G
6-NA,869,2,12319,2,18,12341,T
6-NA,870,21,5,1,12363,12390,C
6-NA,871,3,12342,1,18,12364,T
6-NA,872,5,0,12352,0,12357,G
6-NA,873,2,6,2,12335,12345,C
6-NA,874,12323,1,12,0,12336,A
6-NA,875,2,7,12327,1,12337,G
6-NA,876,12046,1,16,1,12064,A
6-NA,877,4,12,12068,2,12086,G
6-NA,878,12026,0,13,1,12040,A
6-NA,879,3,2,0,12081,12086,C
6-NA,880,12060,0,8,0,12068,A
6-NA,881,12064,2,4,2,12072,A
6-NA,882,2,9,0,12143,12154,C
6-NA,883,0,12148,0,3,12151,T
6-NA,884,4,5,12127,0,12136,G
6-NA,885,0,10,12096,1,12107,G
6-NA,886,12049,1,8,0,12058,A
6-NA,887,12021,0,23,0,12044,A
6-NA,888,11761,1,21,0,11783,A
6-NA,889,5,8,11870,0,11883,G
6-NA,890,4,4,11811,0,11819,G
6-NA,891,4,3,1,11781,11789,C
6-NA,892,1,11704,0,16,11721,T
6-NA,893,12,4,0,11936,11952,C
6-NA,894,16,6,0,12063,12085,C
6-NA,895,12106,0,8,2,12116,A
6-NA,896,12090,1,4,0,12095,A
6-NA,897,3,12105,0,2,12110,T
6-NA,898,11696,0,4,0,11700,A
6-NA,899,9,4,11634,0,11647,G
6-NA,900,8,2,11612,1,11623,G
6-NA,901,5,6,0,11601,11612,C
6-NA,902,12,0,0,11362,11374,C
6-NA,903,24,4,0,11232,11260,C
6-NA,904,11331,0,1,0,11332,A
6-NA,905,1,11383,0,10,11394,T
6-NA,906,13,3,0,11459,11475,C
6-NA,907,5,2,11504,0,11511,G
6-NA,908,1,11430,0,5,11436,T
6-NA,909,11206,0,4,0,11210,A
6-NA,910,4,5,11407,0,11416,G
6-NA,911,11390,2,8,0,11400,A
6-NA,912,0,11469,0,0,11469,T
6-NA,913,11194,0,3,0,11197,A
6-NA,914,0,11089,0,4,11093,T
6-NA,915,11086,0,5,0,11091,A
6-NA,916,11054,0,6,1,11061,A
6-NA,917,11220,1,6,3,11230,A
6-NA,918,3,5,1,11432,11441,C
6-NA,919,11096,1,3,0,11100,A
6-NA,920,1,11069,0,1,11071,T
6-NA,921,10988,1,2,0,10991,A
6-NA,922,10995,1,6,0,11002,A
6-NA,923,10978,2,15,0,10995,A
6-NA,924,7,11,11033,0,11051,G
6-NA,925,2,12,11143,0,11157,G
6-NA,926,10738,0,11,0,10749,A
6-NA,927,1,10660,0,4,10665,T
6-NA,928,16,2,0,10680,10698,C
6-NA,929,10772,1,10,0,10783,A
6-NA,930,1,10779,0,2,10782,T
6-NA,931,10780,0,7,0,10787,A
6-NA,932,2,3,10794,0,10799,G
6-NA,933,4,2,0,10674,10680,C
6-NA,934,10506,0,5,0,10511,A
6-NA,935,0,10212,0,3,10215,T
6-NA,936,1,10255,0,3,10259,T
6-NA,937,3,2,10555,0,10560,G
6-NA,938,0,10507,0,6,10513,T
6-NA,939,0,10659,0,6,10665,T
6-NA,940,1,10631,2,7,10641,T
6-NA,941,7,3,0,10609,10619,C
6-NA,942,3,8,0,10659,10670,C
6-NA,943,10749,1,7,2,10759,A
6-NA,944,5,0,10882,0,10887,G
6-NA,945,0,10828,1,12,10841,T
6-NA,946,0,10523,1,3,10527,T
6-NA,947,10554,1,0,0,10555,A
6-NA,948,1,10388,2,3,10394,T
6-NA,949,7,2,10428,0,10437,G
6-NA,950,2,10287,0,10,10299,T
6-NA,951,6,3,10361,0,10370,G
6-NA,952,2,10060,0,7,10069,T
6-NA,953,1,0,10274,0,10275,G
6-NA,954,0,10239,0,10,10249,T
6-NA,955,1,10174,9,5,10189,T
6-NA,956,27,7,2,10183,10219,C
6-NA,957,10119,2,11,1,10133,A
6-NA,958,7,8,10167,0,10182,G
6-NA,959,1,8,10145,0,10154,G
6-NA,960,10042,0,10,0,10052,A
6-NA,961,0,3,1,10096,10100,C
6-NA,962,0,9835,0,8,9843,T
6-NA,963,0,9874,1,2,9877,T
6-NA,964,3,0,10190,0,10193,G
6-NA,965,3,10145,0,15,10163,T
6-NA,966,1,10184,1,9,10195,T
6-NA,967,1,7,10141,0,10149,G
6-NA,968,2,12,10081,0,10095,G
6-NA,969,10047,1,23,0,10071,A
6-NA,970,0,15,10093,0,10108,G
6-NA,971,10051,0,13,1,10065,A
6-NA,972,0,7,0,10014,10021,C
6-NA,973,9679,0,13,1,9693,A
6-NA,974,1,7,1,9687,9696,C
6-NA,975,9675,1,16,2,9694,A
6-NA,976,2,5,0,9722,9729,C
6-NA,977,7,2,0,9620,9629,C
6-NA,978,17,4,1,9675,9697,C
6-NA,979,9659,2,9,0,9670,A
6-NA,980,4,5,9713,0,9722,G
6-NA,981,9694,0,4,0,9698,A
6-NA,982,9752,0,1,0,9753,A
6-NA,983,9692,2,3,2,9699,A
6-NA,984,9667,0,3,3,9673,A
6-NA,985,9611,0,8,0,9619,A
6-NA,986,9602,0,7,4,9613,A
6-NA,987,2,3,0,9629,9634,C
6-NA,988,2,25,9557,0,9584,G
6-NA,989,9545,1,2,1,9549,A
6-NA,990,0,1,0,9586,9587,C
6-NA,991,9566,1,12,2,9581,A
6-NA,992,2,1,9635,1,9639,G
6-NA,993,2,2,0,9813,9817,C
6-NA,994,1,9756,0,11,9768,T
6-NA,995,12,2,0,9813,9827,C
6-NA,996,7,3,0,9858,9868,C
6-NA,997,9883,0,7,0,9890,A
6-NA,998,10,1,9969,1,9981,G
6-NA,999,4,3,2,9962,9971,C
6-NA,1000,9922,1,4,1,9928,A
6-NA,1001,2,0,9940,0,9942,G
6-NA,1002,0,9602,1,4,9607,T
6-NA,1003,9569,2,9,0,9580,A
6-NA,1004,5,2,9604,0,9611,G
6-NA,1005,3,3,0,9548,9554,C
6-NA,1006,10,3,0,9585,9598,C
6-NA,1007,9489,0,11,2,9502,A
6-NA,1008,0,9475,0,2,9477,T
6-NA,1009,1,9490,0,3,9494,T
6-NA,1010,6,1,9654,0,9661,G
6-NA,1011,0,9589,1,10,9600,T
6-NA,1012,1,9576,0,7,9584,T
6-NA,1013,5,9552,1,3,9561,T
6-NA,1014,6,13,9467,0,9486,G
6-NA,1015,12,6,9545,1,9564,G
6-NA,1016,9521,2,4,1,9528,A
6-NA,1017,1,9533,1,8,9543,T
6-NA,1018,7,3,1,9520,9531,C
6-NA,1019,10,4,0,9383,9397,C
6-NA,1020,7,9449,1,5,9462,T
6-NA,1021,9463,0,17,0,9480,A
6-NA,1022,9486,0,6,0,9492,A
6-NA,1023,1,2,0,9595,9598,C
6-NA,1024,9392,2,2,1,9397,A
6-NA,1025,9487,1,4,2,9494,A
6-NA,1026,0,9498,0,2,9500,T
6-NA,1027,5,8,9578,0,9591,G
6-NA,1028,9532,2,7,0,9541,A
6-NA,1029,9440,0,26,0,9466,A
6-NA,1030,10,9,9509,0,9528,G
6-NA,1031,9445,1,8,1,9455,A
6-NA,1032,9227,0,10,0,9237,A
6-NA,1033,3,8,9277,0,9288,G
6-NA,1034,3,1,9270,0,9274,G
6-NA,1035,0,9063,0,2,9065,T
6-NA,1036,7,4,9100,0,9111,G
6-NA,1037,2,2,9294,0,9298,G
6-NA,1038,0,9182,0,11,9193,T
6-NA,1039,35,4,0,9192,9231,C
6-NA,1040,9225,0,2,1,9228,A
6-NA,1041,0,9194,1,12,9207,T
6-NA,1042,6,7,9203,0,9216,G
6-NA,1043,2,15,9260,0,9277,G
6-NA,1044,9177,1,7,1,9186,A
6-NA,1045,0,2,9399,0,9401,G
6-NA,1046,2,9071,0,4,9077,T
6-NA,1047,2,10,9084,1,9097,G
6-NA,1048,9033,0,5,3,9041,A
6-NA,1049,9057,0,2,0,9059,A
6-NA,1050,9059,1,17,2,9079,A
6-NA,1051,0,9,9078,1,9088,G
6-NA,1052,3,1,9017,0,9021,G
6-NA,1053,0,0,0,8987,8987,C
6-NA,1054,2,8770,0,6,8778,T
6-NA,1055,4,5,8797,0,8806,G
6-NA,1056,4,5,8783,0,8792,G
6-NA,1057,0,1,8837,0,8838,G
6-NA,1058,1,3,0,8795,8799,C
6-NA,1059,9,2,0,8817,8828,C
6-NA,1060,1,8743,0,24,8768,T
6-NA,1061,1,8791,0,8,8800,T
6-NA,1062,0,8821,0,3,8824,T
6-NA,1063,0,9,8847,0,8856,G
6-NA,1064,8805,1,8,0,8814,A
6-NA,1065,0,8768,0,2,8770,T
6-NA,1066,5,10,8618,0,8633,G
6-NA,1067,8508,0,6,0,8514,A
6-NA,1068,0,8539,1,2,8542,T
6-NA,1069,3,11,8524,0,8538,G
6-NA,1070,5,6,8591,1,8603,G
6-NA,1071,8578,1,5,0,8584,A
6-NA,1072,8584,0,3,0,8587,A
6-NA,1073,8578,0,6,0,8584,A
6-NA,1074,0,8556,1,1,8558,T
6-NA,1075,1,12,8585,1,8599,G
6-NA,1076,8546,0,8,0,8554,A
6-NA,1077,0,4,1,8527,8532,C
6-NA,1078,8,0,8593,0,8601,G
6-NA,1079,0,8420,1,6,8427,T
6-NA,1080,2,1,8479,0,8482,G
6-NA,1081,0,8444,1,8,8453,T
6-NA,1082,5,10,8458,0,8473,G
6-NA,1083,4,2,8498,0,8504,G
6-NA,1084,8427,0,9,0,8436,A
6-NA,1085,2,8461,0,5,8468,T
6-NA,1086,5,16,8418,0,8439,G
6-NA,1087,4,6,8399,1,8410,G
6-NA,1088,1,6,8436,0,8443,G
6-NA,1089,8361,0,4,0,8365,A
6-NA,1090,8348,0,4,1,8353,A
6-NA,1091,1,11,8349,0,8361,G
6-NA,1092,8219,0,9,0,8228,A
6-NA,1093,8221,0,5,1,8227,A
6-NA,1094,2,6,0,8185,8193,C
6-NA,1095,2,11,8148,0,8161,G
6-NA,1096,8109,0,1,0,8110,A
6-NA,1097,2,7930,0,4,7936,T
6-NA,1098,11,1,0,7978,7990,C
6-NA,1099,7973,0,6,0,7979,A
6-NA,1100,2,0,8016,0,8018,G
6-NA,1101,6,2,0,7981,7989,C
6-NA,1102,5,13,7978,0,7996,G
6-NA,1103,7965,1,10,0,7976,A
6-NA,1104,4,3,7985,1,7993,G
6-NA,1105,7980,0,16,0,7996,A
6-NA,1106,7963,0,4,0,7967,A
6-NA,1107,2,0,8003,0,8005,G
6-NA,1108,0,7904,0,6,7910,T
6-NA,1109,23,8,0,7864,7895,C
6-NA,1110,7866,0,4,0,7870,A
6-NA,1111,0,4,0,8039,8043,C
6-NA,1112,1,3,8034,1,8039,G
6-NA,1113,2,1,1,8040,8044,C
6-NA,1114,0,8000,0,5,8005,T
6-NA,1115,0,8013,1,1,8015,T
6-NA,1116,7936,1,5,0,7942,A
6-NA,1117,2,5,8053,0,8060,G
6-NA,1118,0,6,8036,0,8042,G
6-NA,1119,2,3,8157,0,8162,G
6-NA,1120,0,7753,1,3,7757,T
6-NA,1121,7767,0,6,0,7773,A
6-NA,1122,0,7741,0,8,7749,T
6-NA,1123,1,13,7726,0,7740,G
6-NA,1124,7729,0,6,0,7735,A
6-NA,1125,7718,0,2,0,7720,A
6-NA,1126,7290,0,12,0,7302,A
6-NA,1127,1,0,0,7318,7319,C
6-NA,1128,9,2,0,7139,7150,C
6-NA,1129,0,7011,1,5,7017,T
6-NA,1130,1,7005,0,3,7009,T
6-NA,1131,2,2,0,7033,7037,C
6-NA,1132,7043,0,2,1,7046,A
6-NA,1133,7038,0,1,0,7039,A
6-NA,1134,7023,3,1,0,7027,A
6-NA,1135,4,0,7053,0,7057,G
6-NA,1136,3,6908,0,3,6914,T
6-NA,1137,17,1,0,6939,6957,C
6-NA,1138,7060,2,3,0,7065,A
6-NA,1139,0,7060,0,6,7066,T
6-NA,1140,1,7074,0,1,7076,T
6-NA,1141,3,3,7075,0,7081,G
6-NA,1142,7049,0,5,1,7055,A
6-NA,1143,7039,1,16,0,7056,A
6-NA,1144,1,4,7001,0,7006,G
6-NA,1145,2,1,6957,1,6961,G
6-NA,1146,3,2,0,6947,6952,C
6-NA,1147,0,6717,0,6,6723,T
6-NA,1148,3,8,6740,0,6751,G
6-NA,1149,1,1,6837,0,6839,G
6-NA,1150,0,6772,0,10,6782,T
6-NA,1151,11,0,0,6758,6769,C
6-NA,1152,4,1,0,6770,6775,C
6-NA,1153,6733,0,7,0,6740,A
6-NA,1154,6751,0,3,1,6755,A
6-NA,1155,0,2,1,6785,6788,C
6-NA,1156,5,0,0,6790,6795,C
6-NA,1157,20,2,0,6743,6765,C
6-NA,1158,0,6514,0,5,6519,T
6-NA,1159,6495,1,0,0,6496,A
6-NA,1160,6494,0,4,0,6498,A
6-NA,1161,2,2,6518,0,6522,G
6-NA,1162,0,6437,0,5,6442,T
6-NA,1163,6,2,0,6437,6445,C
6-NA,1164,8,1,0,6324,6333,C
6-NA,1165,6304,1,3,1,6309,A
6-NA,1166,6301,0,2,0,6303,A
6-NA,1167,6305,1,2,0,6308,A
6-NA,1168,2,6264,0,6,6272,T
6-NA,1169,0,6297,0,1,6298,T
6-NA,1170,1,2,6244,0,6247,G
6-NA,1171,1,3,0,6202,6206,C
6-NA,1172,6218,0,6,1,6225,A
6-NA,1173,1,3,6242,0,6246,G
6-NA,1174,6241,1,0,0,6242,A
6-NA,1175,0,6315,0,1,6316,T
6-NA,1176,6327,0,1,0,6328,A
6-NA,1177,6310,0,1,0,6311,A
6-NA,1178,6312,0,5,0,6317,A
6-NA,1179,1,6268,0,0,6269,T
6-NA,1180,6243,0,1,0,6244,A
6-NA,1181,0,3,6239,0,6242,G
6-NA,1182,1,1,6201,0,6203,G
6-NA,1183,1,0,0,6167,6168,C
6-NA,1184,5965,0,4,2,5971,A
6-NA,1185,5977,1,6,0,5984,A
6-NA,1186,4,2,6034,0,6040,G
6-NA,1187,1,5999,0,10,6010,T
6-NA,1188,16,0,0,6005,6021,C
6-NA,1189,6037,1,4,0,6042,A
6-NA,1190,0,6021,0,2,6023,T
6-NA,1191,6027,5,7,0,6039,A
6-NA,1192,3,2,6049,0,6054,G
6-NA,1193,0,6050,0,2,6052,T
6-NA,1194,0,5810,0,2,5812,T
6-NA,1195,1,14,5700,0,5715,G
6-NA,1196,5643,2,12,0,5657,A
6-NA,1197,0,1,1,5652,5654,C
6-NA,1198,5561,0,2,1,5564,A
6-NA,1199,2,2,5603,0,5607,G
6-NA,1200,5509,0,13,0,5522,A
6-NA,1201,2,0,5639,0,5641,G
6-NA,1202,2,1,5644,0,5647,G
6-NA,1203,0,5593,0,4,5597,T
6-NA,1204,5577,0,3,0,5580,A
6-NA,1205,5560,0,3,0,5563,A
6-NA,1206,0,5556,0,0,5556,T
6-NA,1207,5521,0,12,0,5533,A
6-NA,1208,1,1,5322,0,5324,G
6-NA,1209,0,0,5121,0,5121,G
6-NA,1210,0,4500,0,3,4503,T
6-NA,1211,7,0,0,4441,4448,C
6-NA,1212,6,4,0,4414,4424,C
6-NA,1213,4,4,4434,0,4442,G
6-NA,1214,1,1,4446,0,4448,G
6-NA,1215,0,4431,1,1,4433,T
6-NA,1216,0,4411,0,1,4412,T
6-NA,1217,4342,1,1,0,4344,A
6-NA,1218,0,4201,0,0,4201,T
6-NA,1219,0,4212,0,1,4213,T
6-NA,1220,5,0,1,4188,4194,C
6-NA,1221,0,3992,0,1,3993,T
6-NA,1222,2,7,3989,0,3998,G
6-NA,1223,0,1,3995,0,3996,G
6-NA,1224,0,3972,0,5,3977,T
6-NA,1225,3985,0,0,0,3985,A
6-NA,1226,0,3899,0,6,3905,T
6-NA,1227,0,3922,0,5,3927,T
6-NA,1228,0,3916,0,3,3919,T
6-NA,1229,2,3913,0,4,3919,T
6-NA,1230,5,0,0,3929,3934,C
6-NA,1231,1,3848,0,6,3855,T
6-NA,1232,4,1,0,3896,3901,C
6-NA,1233,0,3884,1,1,3886,T
6-NA,1234,2,0,3942,0,3944,G
6-NA,1235,0,3929,0,5,3934,T
6-NA,1236,1,3900,0,1,3902,T
6-NA,1237,1,1,3910,0,3912,G
6-NA,1238,3859,1,3,0,3863,A
6-NA,1239,3845,0,12,0,3857,A
6-NA,1240,1,5,3881,0,3887,G
6-NA,1241,2,0,3860,1,3863,G
6-NA,1242,0,2,0,3861,3863,C
6-NA,1243,3801,1,0,1,3803,A
6-NA,1244,3811,0,5,0,3816,A
6-NA,1245,3830,0,3,0,3833,A
6-NA,1246,3821,0,3,0,3824,A
6-NA,1247,1,2,3810,0,3813,G
6-NA,1248,0,0,0,3808,3808,C
6-NA,1249,1,3742,1,6,3750,T
6-NA,1250,0,0,3790,0,3790,G
6-NA,1251,1,1,0,3780,3782,C
6-NA,1252,3793,0,0,0,3793,A
6-NA,1253,0,3754,0,1,3755,T
6-NA,1254,3,2,0,3746,3751,C
6-NA,1255,3746,0,2,0,3748,A
6-NA,1256,3751,0,2,0,3753,A
6-NA,1257,0,3716,0,1,3717,T
6-NA,1258,2,0,0,3746,3748,C
6-NA,1259,2,1,3711,0,3714,G
6-NA,1260,0,0,3768,0,3768,G
6-NA,1261,0,3746,0,1,3747,T
6-NA,1262,1,1,3752,0,3754,G
6-NA,1263,2,0,0,3755,3757,C
6-NA,1264,1,3732,0,8,3741,T
6-NA,1265,0,3782,1,1,3784,T
6-NA,1266,0,3776,1,4,3781,T
6-NA,1267,0,3799,0,1,3800,T
6-NA,1268,3809,1,1,0,3811,A
6-NA,1269,1,3666,0,3,3670,T
6-NA,1270,1,0,3684,0,3685,G
6-NA,1271,0,3628,0,5,3633,T
6-NA,1272,1,5,3596,0,3602,G
6-NA,1273,1,3,3638,0,3642,G
6-NA,1274,3559,1,1,0,3561,A
6-NA,1275,0,1,3597,0,3598,G
6-NA,1276,0,3580,0,0,3580,T
6-NA,1277,0,3548,0,4,3552,T
6-NA,1278,2,2,3580,0,3584,G
6-NA,1279,3573,1,1,0,3575,A
6-NA,1280,0,3573,0,1,3574,T
6-NA,1281,3555,0,1,0,3556,A
6-NA,1282,3441,1,3,0,3445,A
6-NA,1283,3,7,3455,0,3465,G
6-NA,1284,0,6,3396,0,3402,G
6-NA,1285,2,3,3367,0,3372,G
6-NA,1286,2,4,3364,0,3370,G
6-NA,1287,3315,0,0,0,3315,A
6-NA,1288,3295,1,9,0,3305,A
6-NA,1289,0,4,3323,0,3327,G
6-NA,1290,3324,0,0,1,3325,A
6-NA,1291,3321,0,1,1,3323,A
6-NA,1292,3287,0,2,0,3289,A
6-NA,1293,3222,1,2,0,3225,A
6-NA,1294,1,2,3220,0,3223,G
6-NA,1295,3186,0,3,0,3189,A
6-NA,1296,2,6,3180,0,3188,G
6-NA,1297,2,4,3180,0,3186,G
6-NA,1298,3152,0,0,0,3152,A
6-NA,1299,3150,0,2,0,3152,A
6-NA,1300,3145,0,1,0,3146,A
6-NA,1301,0,0,0,3154,3154,C
6-NA,1302,0,3148,0,0,3148,T
6-NA,1303,1,4,3153,0,3158,G
6-NA,1304,3144,1,3,0,3148,A
6-NA,1305,3136,0,3,0,3139,A
6-NA,1306,0,0,3149,0,3149,G
6-NA,1307,0,3127,0,1,3128,T
6-NA,1308,5,3,0,3147,3155,C
6-NA,1309,0,3132,1,7,3140,T
6-NA,1310,0,3121,0,2,3123,T
6-NA,1311,2,0,3134,0,3136,G
6-NA,1312,0,3118,0,1,3119,T
6-NA,1313,1,0,3121,0,3122,G
6-NA,1314,0,1,3122,0,3123,G
6-NA,1315,3070,0,1,0,3071,A
6-NA,1316,3,1,0,3062,3066,C
6-NA,1317,5,1,0,2979,2985,C
6-NA,1318,0,2975,0,8,2983,T
6-NA,1319,6,0,0,2990,2996,C
6-NA,1320,9,4,2985,0,2998,G
6-NA,1321,3010,0,2,0,3012,A
6-NA,1322,3013,1,2,0,3016,A
6-NA,1323,0,2,0,3022,3024,C
6-NA,1324,2963,0,4,0,2967,A
6-NA,1325,1,0,3044,0,3045,G
6-NA,1326,0,3022,0,0,3022,T
6-NA,1327,3027,0,0,0,3027,A
6-NA,1328,0,3023,0,2,3025,T
6-NA,1329,0,2953,0,1,2954,T
6-NA,1330,3,0,2982,0,2985,G
6-NA,1331,0,2971,0,5,2976,T
6-NA,1332,0,2888,0,2,2890,T
6-NA,1333,0,0,2895,0,2895,G
6-NA,1334,0,2640,0,3,2643,T
6-NA,1335,3,0,2659,0,2662,G
6-NA,1336,0,2634,0,2,2636,T
6-NA,1337,0,2597,1,0,2598,T
6-NA,1338,0,2601,0,1,2602,T
6-NA,1339,0,2544,0,1,2545,T
6-NA,1340,0,1,2554,0,2555,G
6-NA,1341,0,2547,0,1,2548,T
6-NA,1342,1,2,2518,0,2521,G
6-NA,1343,0,0,2516,0,2516,G
6-NA,1344,1,0,0,2479,2480,C
6-NA,1345,2456,0,2,1,2459,A
6-NA,1346,1,0,0,2490,2491,C
6-NA,1347,5,3,0,2476,2484,C
6-NA,1348,1,2477,0,2,2480,T
6-NA,1349,5,0,0,2483,2488,C
6-NA,1350,2480,0,2,0,2482,A
6-NA,1351,9,3,2490,0,2502,G
6-NA,1352,1,1,2494,0,2496,G
6-NA,1353,0,2488,0,0,2488,T
6-NA,1354,2480,0,0,0,2480,A
6-NA,1355,0,2,0,2365,2367,C
6-NA,1356,2346,0,0,0,2346,A
6-NA,1357,1,2337,0,1,2339,T
6-NA,1358,2270,0,8,0,2278,A
6-NA,1359,0,2262,0,0,2262,T
6-NA,1360,1,4,2108,0,2113,G
6-NA,1361,0,3,2113,0,2116,G
6-NA,1362,2101,0,1,0,2102,A
6-NA,1363,2060,0,1,0,2061,A
6-NA,1364,0,1,0,2046,2047,C
6-NA,1365,1663,0,3,0,1666,A
6-NA,1366,0,0,1656,0,1656,G
6-NA,1367,0,1,1644,0,1645,G
6-NA,1368,1,0,0,1640,1641,C
6-NA,1369,0,1640,0,2,1642,T
6-NA,1370,4,0,0,1564,1568,C
6-NA,1371,1563,0,1,0,1564,A
6-NA,1372,0,1555,1,3,1559,T
6-NA,1373,0,2,1555,0,1557,G
6-NA,1374,1,0,1550,0,1551,G
6-NA,1375,0,0,0,1489,1489,C
6-NA,1376,2,0,0,1466,1468,C
6-NA,1377,0,1391,0,0,1391,T
6-NA,1378,1,1,1389,0,1391,G
6-NA,1379,1389,0,1,0,1390,A
6-NA,1380,0,1380,0,0,1380,T
6-NA,1381,0,3,1361,0,1364,G
6-NA,1382,0,3,1328,0,1331,G
6-NA,1383,0,0,1261,0,1261,G
6-NA,1384,0,0,1258,0,1258,G
6-NA,1385,2,0,0,1222,1224,C
6-NA,1386,0,1,1227,0,1228,G
6-NA,1387,1,1,1215,0,1217,G
6-NA,1388,1197,1,2,0,1200,A
6-NA,1389,0,1,0,1188,1189,C
6-NA,1390,1191,0,0,0,1191,A
6-NA,1391,0,1180,0,1,1181,T
6-NA,1392,1,1,0,1149,1151,C
6-NA,1393,1153,0,1,0,1154,A
6-NA,1394,1153,0,0,0,1153,A
6-NA,1395,0,1146,0,0,1146,T
6-NA,1396,0,0,0,1101,1101,C
6-NA,1397,0,1071,0,1,1072,T
6-NA,1398,3,1,0,912,916,C
6-NA,1399,913,0,4,0,917,A
6-NA,1400,0,915,0,0,915,T
6-NA,1401,0,0,911,0,911,G
6-NA,1402,0,0,0,897,897,C
6-NA,1403,2,0,0,863,865,C
6-NA,1404,0,770,0,0,770,T
6-NA,1405,753,0,2,0,755,A
6-NA,1406,0,760,0,2,762,T
6-NA,1407,748,0,0,0,748,A
6-NA,1408,0,748,0,0,748,T
6-NA,1409,683,0,0,0,683,A
6-NA,1410,649,0,0,0,649,A
7-M,1,404,0,0,0,404,A
7-M,2,0,410,0,0,410,T
7-M,3,0,0,408,0,408,G
7-M,4,415,0,0,0,415,A
7-M,5,0,0,446,0,446,G
7-M,6,0,0,0,476,476,C
7-M,7,0,0,0,500,500,C
7-M,8,0,651,0,2,653,T
7-M,9,0,650,0,1,651,T
7-M,10,0,0,0,659,659,C
7-M,11,0,659,0,0,659,T
7-M,12,670,0,0,0,670,A
7-M,13,673,0,1,0,674,A
7-M,14,0,0,1,672,673,C
7-M,15,0,0,0,673,673,C
7-M,16,0,0,675,0,675,G
7-M,17,675,0,0,0,675,A
7-M,18,0,1,689,0,690,G
7-M,19,0,0,714,0,714,G
7-M,20,0,716,0,0,716,T
7-M,21,1,0,0,722,723,C
7-M,22,0,0,717,0,717,G
7-M,23,731,0,0,0,731,A
7-M,24,740,0,1,0,741,A
7-M,25,743,0,1,0,744,A
7-M,26,0,0,0,793,793,C
7-M,27,1,0,812,0,813,G
7-M,28,0,814,0,0,814,T
7-M,29,819,0,0,0,819,A
7-M,30,0,825,0,0,825,T
7-M,31,1,0,832,0,833,G
7-M,32,0,838,0,1,839,T
7-M,33,0,932,0,1,933,T
7-M,34,1,0,0,970,971,C
7-M,35,0,970,0,3,973,T
7-M,36,0,1,0,1017,1018,C
7-M,37,0,1017,0,2,1019,T
7-M,38,0,0,0,1062,1062,C
7-M,39,0,1060,0,1,1061,T
7-M,40,1074,0,1,0,1075,A
7-M,41,0,1081,0,1,1082,T
7-M,42,1,0,0,1090,1091,C
7-M,43,4,0,1100,0,1104,G
7-M,44,1,1113,0,1,1115,T
7-M,45,0,1114,0,3,1117,T
7-M,46,1,0,0,1151,1152,C
7-M,47,4,1,0,1192,1197,C
7-M,48,1213,0,1,0,1214,A
7-M,49,0,1207,1,1,1209,T
7-M,50,1,0,0,1212,1213,C
7-M,51,1206,0,1,0,1207,A
7-M,52,0,1,1219,0,1220,G
7-M,53,0,1,1211,0,1212,G
7-M,54,0,0,0,1222,1222,C
7-M,55,0,1,0,1231,1232,C
7-M,56,4,0,0,1218,1222,C
7-M,57,2,0,0,1264,1266,C
7-M,58,1,1,0,1278,1280,C
7-M,59,0,1267,0,5,1272,T
7-M,60,0,1,0,1289,1290,C
7-M,61,1284,0,1,0,1285,A
7-M,62,1293,0,1,0,1294,A
7-M,63,1311,0,2,0,1313,A
7-M,64,0,0,1337,0,1337,G
7-M,65,0,2,0,1340,1342,C
7-M,66,0,1,0,1328,1329,C
7-M,67,0,2,1335,0,1337,G
7-M,68,1340,0,0,1,1341,A
7-M,69,0,1,1349,0,1350,G
7-M,70,1358,0,0,0,1358,A
7-M,71,1,1368,0,1,1370,T
7-M,72,3,1,0,1351,1355,C
7-M,73,1,0,1366,0,1367,G
7-M,74,0,0,0,1364,1364,C
7-M,75,2,0,1367,0,1369,G
7-M,76,1,1,0,1368,1370,C
7-M,77,1367,0,1,0,1368,A
7-M,78,0,5,1379,0,1384,G
7-M,79,1365,0,2,0,1367,A
7-M,80,0,1,1456,0,1457,G
7-M,81,1450,0,2,0,1452,A
7-M,82,0,1,0,1469,1470,C
7-M,83,0,1479,0,0,1479,T
7-M,84,0,1478,0,2,1480,T
7-M,85,0,0,1481,0,1481,G
7-M,86,1479,0,1,0,1480,A
7-M,87,1481,0,2,0,1483,A
7-M,88,0,0,1487,0,1487,G
7-M,89,1464,0,1,0,1465,A
7-M,90,0,1481,0,0,1481,T
7-M,91,2,0,1504,0,1506,G
7-M,92,0,1490,0,4,1494,T
7-M,93,3,0,0,1504,1507,C
7-M,94,0,1504,0,0,1504,T
7-M,95,0,1506,0,2,1508,T
7-M,96,0,1505,0,0,1505,T
7-M,97,0,0,1503,0,1503,G
7-M,98,0,0,0,1507,1507,C
7-M,99,0,1498,0,0,1498,T
7-M,100,1,3,1498,0,1502,G
7-M,101,0,1,1494,0,1495,G
7-M,102,0,2,1528,0,1530,G
7-M,103,1518,0,1,0,1519,A
7-M,104,1533,0,0,0,1533,A
7-M,105,1538,0,1,0,1539,A
7-M,106,1537,0,0,0,1537,A
7-M,107,1550,1,3,0,1554,A
7-M,108,0,0,0,1569,1569,C
7-M,109,1560,0,3,0,1563,A
7-M,110,0,0,0,1574,1574,C
7-M,111,1557,0,0,0,1557,A
7-M,112,1,4,1603,0,1608,G
7-M,113,1627,0,2,0,1629,A
7-M,114,0,1675,0,0,1675,T
7-M,115,1,0,0,1686,1687,C
7-M,116,0,1685,0,3,1688,T
7-M,117,0,1682,0,1,1683,T
7-M,118,0,1,1681,0,1682,G
7-M,119,1678,0,4,0,1682,A
7-M,120,0,2,1680,0,1682,G
7-M,121,1,0,1680,0,1681,G
7-M,122,0,1,0,1694,1695,C
7-M,123,0,1689,0,1,1690,T
7-M,124,2,1,0,1874,1877,C
7-M,125,0,1871,0,0,1871,T
7-M,126,2,1,0,1888,1891,C
7-M,127,1880,0,4,0,1884,A
7-M,128,2,1890,0,3,1895,T
7-M,129,2,6,1890,0,1898,G
7-M,130,1,4,1896,0,1901,G
7-M,131,1888,0,0,0,1888,A
7-M,132,1882,0,4,0,1886,A
7-M,133,0,1834,0,0,1834,T
7-M,134,1,2,1913,1,1917,G
7-M,135,1,1,1984,0,1986,G
7-M,136,0,0,0,1998,1998,C
7-M,137,0,1992,0,2,1994,T
7-M,138,1999,0,1,0,2000,A
7-M,139,1992,0,0,0,1992,A
7-M,140,2020,0,1,1,2022,A
7-M,141,0,0,2050,0,2050,G
7-M,142,2046,0,1,0,2047,A
7-M,143,0,0,0,2042,2042,C
7-M,144,1997,0,3,0,2000,A
7-M,145,1996,0,3,0,1999,A
7-M,146,1,1,2031,0,2033,G
7-M,147,2041,0,2,0,2043,A
7-M,148,0,0,0,2049,2049,C
7-M,149,2,0,0,2035,2037,C
7-M,150,2027,0,0,0,2027,A
7-M,151,2069,0,1,0,2070,A
7-M,152,0,2074,0,1,2075,T
7-M,153,1,2081,0,0,2082,T
7-M,154,2,0,0,2094,2096,C
7-M,155,1,2083,0,2,2086,T
7-M,156,4,0,2088,0,2092,G
7-M,157,0,2084,0,2,2086,T
7-M,158,10,1,0,2082,2093,C
7-M,159,2095,0,1,0,2096,A
7-M,160,1,1,1,2146,2149,C
7-M,161,1,1,0,2146,2148,C
7-M,162,0,2132,0,5,2137,T
7-M,163,0,0,0,2154,2154,C
7-M,164,0,2142,0,1,2143,T
7-M,165,0,4,2193,0,2197,G
7-M,166,2191,0,0,0,2191,A
7-M,167,0,0,0,2210,2210,C
7-M,168,0,2207,0,0,2207,T
7-M,169,2171,0,3,0,2174,A
7-M,170,2155,0,6,0,2161,A
7-M,171,0,3,2169,0,2172,G
7-M,172,0,2,2164,1,2167,G
7-M,173,0,1,2176,0,2177,G
7-M,174,1,5,2168,0,2174,G
7-M,175,2185,0,3,0,2188,A
7-M,176,0,2202,0,1,2203,T
7-M,177,0,2208,0,1,2209,T
7-M,178,0,2205,0,0,2205,T
7-M,179,0,2211,0,0,2211,T
7-M,180,1,2,2203,0,2206,G
7-M,181,1,4,2204,1,2210,G
7-M,182,2,4,2200,0,2206,G
7-M,183,1,0,2212,0,2213,G
7-M,184,0,2166,0,0,2166,T
7-M,185,0,2182,0,3,2185,T
7-M,186,1,2187,0,3,2191,T
7-M,187,0,0,2244,0,2244,G
7-M,188,0,2231,0,4,2235,T
7-M,189,1,0,2244,0,2245,G
7-M,190,2,2251,0,0,2253,T
7-M,191,0,2249,0,4,2253,T
7-M,192,4,0,0,2263,2267,C
7-M,193,2258,0,2,0,2260,A
7-M,194,0,0,0,2304,2304,C
7-M,195,1,0,2279,0,2280,G
7-M,196,1,0,0,2292,2293,C
7-M,197,0,2195,0,3,2198,T
7-M,198,6,1,0,2242,2249,C
7-M,199,2264,1,0,0,2265,A
7-M,200,0,0,0,2288,2288,C
7-M,201,0,3,0,2285,2288,C
7-M,202,2,0,2288,0,2290,G
7-M,203,0,2292,2,1,2295,T
7-M,204,0,0,2299,0,2299,G
7-M,205,1,3,1,2304,2309,C
7-M,206,3,0,0,2297,2300,C
7-M,207,5,2,0,2294,2301,C
7-M,208,2270,1,2,1,2274,A
7-M,209,0,0,2308,0,2308,G
7-M,210,0,2291,0,1,2292,T
7-M,211,0,5,2312,0,2317,G
7-M,212,2335,0,2,0,2337,A
7-M,213,1,1,2343,1,2346,G
7-M,214,1,0,0,2338,2339,C
7-M,215,0,3,2346,0,2349,G
7-M,216,2330,0,2,0,2332,A
7-M,217,1,3,2359,0,2363,G
7-M,218,2,2,2362,0,2366,G
7-M,219,2351,0,2,0,2353,A
7-M,220,0,0,0,2401,2401,C
7-M,221,0,2371,0,4,2375,T
7-M,222,0,1,2383,0,2384,G
7-M,223,0,0,0,2379,2379,C
7-M,224,2377,0,3,0,2380,A
7-M,225,2,0,2425,0,2427,G
7-M,226,2,0,0,2415,2417,C
7-M,227,3,0,2438,0,2441,G
7-M,228,0,2434,0,1,2435,T
7-M,229,2415,0,2,1,2418,A
7-M,230,1,4,2417,0,2422,G
7-M,231,2407,0,2,0,2409,A
7-M,232,0,2,0,2420,2422,C
7-M,233,0,1,2421,0,2422,G
7-M,234,0,0,0,2409,2409,C
7-M,235,0,2373,0,1,2374,T
7-M,236,0,2389,0,0,2389,T
7-M,237,0,2381,0,0,2381,T
7-M,238,2,0,2450,0,2452,G
7-M,239,1,2441,0,5,2447,T
7-M,240,0,1,0,2448,2449,C
7-M,241,0,3,0,2451,2454,C
7-M,242,2461,0,0,0,2461,A
7-M,243,2458,0,1,0,2459,A
7-M,244,2465,0,0,0,2465,A
7-M,245,2459,0,3,0,2462,A
7-M,246,0,2455,0,0,2455,T
7-M,247,2,0,2439,2,2443,G
7-M,248,0,0,0,2425,2425,C
7-M,249,4,0,0,2411,2415,C
7-M,250,2,1,0,2458,2461,C
7-M,251,0,2460,0,3,2463,T
7-M,252,4,0,0,2539,2543,C
7-M,253,2548,0,0,0,2548,A
7-M,254,2566,0,1,0,2567,A
7-M,255,0,2582,0,1,2583,T
7-M,256,3,1,2597,0,2601,G
7-M,257,3,0,2621,0,2624,G
7-M,258,2,3,2643,0,2648,G
7-M,259,2638,0,2,1,2641,A
7-M,260,2636,0,1,0,2637,A
7-M,261,0,2578,0,0,2578,T
7-M,262,1,2,2579,0,2582,G
7-M,263,1,2,2571,0,2574,G
7-M,264,2516,0,4,0,2520,A
7-M,265,1,4,2505,0,2510,G
7-M,266,2487,0,1,0,2488,A
7-M,267,0,7,0,2458,2465,C
7-M,268,4,0,0,2570,2574,C
7-M,269,2,1,0,2606,2609,C
7-M,270,2647,0,0,0,2647,A
7-M,271,2639,0,7,0,2646,A
7-M,272,2638,0,0,0,2638,A
7-M,273,0,2657,0,1,2658,T
7-M,274,2735,0,0,0,2735,A
7-M,275,2736,1,1,0,2738,A
7-M,276,0,0,0,2692,2692,C
7-M,277,2664,0,2,1,2667,A
7-M,278,0,2660,0,2,2662,T
7-M,279,0,5,2700,0,2705,G
7-M,280,1,4,2700,0,2705,G
7-M,281,2691,0,3,0,2694,A
7-M,282,0,0,0,2708,2708,C
7-M,283,2661,0,1,0,2662,A
7-M,284,2666,0,1,0,2667,A
7-M,285,2652,0,3,1,2656,A
7-M,286,2,0,2686,1,2689,G
7-M,287,1,0,0,2744,2745,C
7-M,288,2719,0,0,0,2719,A
7-M,289,1,0,2750,0,2751,G
7-M,290,0,2747,0,3,2750,T
7-M,291,0,2752,0,1,2753,T
7-M,292,2771,1,0,0,2772,A
7-M,293,2755,0,1,1,2757,A
7-M,294,2762,0,4,0,2766,A
7-M,295,0,1,0,2776,2777,C
7-M,296,1,2695,0,4,2700,T
7-M,297,0,0,2914,0,2914,G
7-M,298,0,2883,0,1,2884,T
7-M,299,2905,0,0,0,2905,A
7-M,300,0,2909,0,1,2910,T
7-M,301,2882,0,0,0,2882,A
7-M,302,0,1,2879,0,2880,G
7-M,303,2723,0,1,0,2724,A
7-M,304,2737,0,1,0,2738,A
7-M,305,2737,0,2,0,2739,A
7-M,306,2790,0,4,0,2794,A
7-M,307,1,1,0,2847,2849,C
7-M,308,0,2828,0,1,2829,T
7-M,309,1,2834,0,1,2836,T
7-M,310,2833,1,1,0,2835,A
7-M,311,2828,1,1,0,2830,A
7-M,312,2,2,2833,1,2838,G
7-M,313,2816,0,2,1,2819,A
7-M,314,0,4,2818,0,2822,G
7-M,315,0,5,2836,0,2841,G
7-M,316,0,1,2850,0,2851,G
7-M,317,2851,2,5,0,2858,A
7-M,318,1,1,2879,0,2881,G
7-M,319,2904,0,7,0,2911,A
7-M,320,0,2909,0,3,2912,T
7-M,321,2914,1,1,0,2916,A
7-M,322,2936,1,2,0,2939,A
7-M,323,1,0,0,2954,2955,C
7-M,324,3,0,2928,0,2931,G
7-M,325,1,2917,0,2,2920,T
7-M,326,0,2902,0,2,2904,T
7-M,327,3,1,1,2933,2938,C
7-M,328,1,1,0,2932,2934,C
7-M,329,2932,0,3,0,2935,A
7-M,330,0,2937,0,3,2940,T
7-M,331,1,6,2911,0,2918,G
7-M,332,1,2,2908,0,2911,G
7-M,333,0,1,2920,0,2921,G
7-M,334,3,1,2917,0,2921,G
7-M,335,0,3,0,2905,2908,C
7-M,336,3,2,0,2925,2930,C
7-M,337,2945,0,1,1,2947,A
7-M,338,2955,0,2,0,2957,A
7-M,339,2944,0,1,0,2945,A
7-M,340,0,2,2990,0,2992,G
7-M,341,2994,1,1,0,2996,A
7-M,342,2982,0,0,0,2982,A
7-M,343,2974,0,1,0,2975,A
7-M,344,0,2964,0,2,2966,T
7-M,345,2969,0,4,1,2974,A
7-M,346,0,0,2977,0,2977,G
7-M,347,0,0,0,2970,2970,C
7-M,348,1,2955,0,6,2962,T
7-M,349,3,0,0,2980,2983,C
7-M,350,0,2942,0,3,2945,T
7-M,351,5,1,0,3040,3046,C
7-M,352,3050,0,1,0,3051,A
7-M,353,0,1,3045,0,3046,G
7-M,354,0,3026,0,3,3029,T
7-M,355,0,3068,0,1,3069,T
7-M,356,3087,0,0,0,3087,A
7-M,357,0,3081,0,0,3081,T
7-M,358,0,3066,0,1,3067,T
7-M,359,4,0,0,3100,3104,C
7-M,360,0,3021,0,3,3024,T
7-M,361,1,2,3057,0,3060,G
7-M,362,1,0,0,3061,3062,C
7-M,363,0,3060,0,1,3061,T
7-M,364,0,3,3060,0,3063,G
7-M,365,2,0,3053,0,3055,G
7-M,366,0,3051,0,4,3055,T
7-M,367,1,0,3075,0,3076,G
7-M,368,1,0,0,3066,3067,C
7-M,369,3057,0,2,0,3059,A
7-M,370,0,2,0,3072,3074,C
7-M,371,0,3066,0,0,3066,T
7-M,372,0,3093,0,2,3095,T
7-M,373,0,0,3096,0,3096,G
7-M,374,0,1,0,3085,3086,C
7-M,375,2,0,0,3091,3093,C
7-M,376,3078,0,5,0,3083,A
7-M,377,4,0,3099,0,3103,G
7-M,378,0,3121,0,3,3124,T
7-M,379,1,3120,0,0,3121,T
7-M,380,3,0,3135,0,3138,G
7-M,381,0,1,0,3099,3100,C
7-M,382,3106,0,2,0,3108,A
7-M,383,0,3099,0,5,3104,T
7-M,384,2,5,3098,0,3105,G
7-M,385,0,1,3083,1,3085,G
7-M,386,0,1,3072,0,3073,G
7-M,387,1,3029,0,3,3033,T
7-M,388,2,0,0,3333,3335,C
7-M,389,0,3338,0,7,3345,T
7-M,390,5,0,1,3405,3411,C
7-M,391,3504,0,2,0,3506,A
7-M,392,0,3512,0,1,3513,T
7-M,393,3587,0,2,0,3589,A
7-M,394,1,3529,0,0,3530,T
7-M,395,3471,0,1,0,3472,A
7-M,396,1,0,0,3707,3708,C
7-M,397,3531,0,2,0,3533,A
7-M,398,3548,0,2,0,3550,A
7-M,399,0,3503,0,3,3506,T
7-M,400,3447,0,1,0,3448,A
7-M,401,3,6,3496,1,3506,G
7-M,402,1,0,3497,0,3498,G
7-M,403,3459,0,6,0,3465,A
7-M,404,0,3483,0,0,3483,T
7-M,405,1,4,3313,0,3318,G
7-M,406,2,4,3298,0,3304,G
7-M,407,2,6,3284,0,3292,G
7-M,408,0,1,3324,0,3325,G
7-M,409,3,0,3334,0,3337,G
7-M,410,0,1,0,3326,3327,C
7-M,411,0,3298,1,3,3302,T
7-M,412,5,1,3307,0,3313,G
7-M,413,1,3314,0,3,3318,T
7-M,414,3325,0,2,0,3327,A
7-M,415,3316,0,2,1,3319,A
7-M,416,1,2,0,3312,3315,C
7-M,417,4,0,0,3288,3292,C
7-M,418,3254,0,0,0,3254,A
7-M,419,0,1,0,3262,3263,C
7-M,420,0,3253,0,2,3255,T
7-M,421,1,0,3268,0,3269,G
7-M,422,3237,0,0,0,3237,A
7-M,423,3234,0,5,0,3239,A
7-M,424,3,0,3255,0,3258,G
7-M,425,0,3227,0,4,3231,T
7-M,426,0,3,3220,0,3223,G
7-M,427,4,2,3217,0,3223,G
7-M,428,1,0,0,3250,3251,C
7-M,429,3252,0,2,0,3254,A
7-M,430,0,3241,0,1,3242,T
7-M,431,0,3239,0,1,3240,T
7-M,432,0,3242,1,1,3244,T
7-M,433,0,6,3287,0,3293,G
7-M,434,0,1,3286,0,3287,G
7-M,435,1,0,0,3285,3286,C
7-M,436,4,0,0,3298,3302,C
7-M,437,0,3273,0,5,3278,T
7-M,438,0,4,3383,0,3387,G
7-M,439,0,0,3418,0,3418,G
7-M,440,0,3411,0,2,3413,T
7-M,441,3447,0,1,0,3448,A
7-M,442,0,3319,0,2,3321,T
7-M,443,3,2,3378,0,3383,G
7-M,444,1,3387,1,5,3394,T
7-M,445,3,1,3391,0,3395,G
7-M,446,0,0,0,3392,3392,C
7-M,447,3315,0,0,0,3315,A
7-M,448,3307,0,2,0,3309,A
7-M,449,0,1,0,3334,3335,C
7-M,450,3326,0,1,0,3327,A
7-M,451,0,3329,0,1,3330,T
7-M,452,1,0,3313,1,3315,G
7-M,453,0,3246,0,1,3247,T
7-M,454,0,8,3248,0,3256,G
7-M,455,3227,1,1,0,3229,A
7-M,456,1,1,3232,0,3234,G
7-M,457,0,1,1,3227,3229,C
7-M,458,3172,0,0,0,3172,A
7-M,459,0,1,3189,0,3190,G
7-M,460,3161,0,2,0,3163,A
7-M,461,0,3174,0,3,3177,T
7-M,462,1,3176,0,1,3178,T
7-M,463,0,0,3188,1,3189,G
7-M,464,0,3,1,3185,3189,C
7-M,465,0,3166,0,6,3172,T
7-M,466,0,3,3173,0,3176,G
7-M,467,3163,0,3,0,3166,A
7-M,468,0,0,0,3284,3284,C
7-M,469,0,3292,1,2,3295,T
7-M,470,5,0,0,3284,3289,C
7-M,471,3,0,0,3275,3278,C
7-M,472,8,2,0,3280,3290,C
7-M,473,3288,0,2,0,3290,A
7-M,474,0,0,3310,0,3310,G
7-M,475,1,0,1,3302,3304,C
7-M,476,3311,0,0,0,3311,A
7-M,477,0,0,0,3312,3312,C
7-M,478,3115,0,8,0,3123,A
7-M,479,0,3,3172,0,3175,G
7-M,480,0,0,3175,0,3175,G
7-M,481,0,3163,0,2,3165,T
7-M,482,8,3,0,3243,3254,C
7-M,483,0,3217,0,10,3227,T
7-M,484,10,1,0,3242,3253,C
7-M,485,3252,0,0,1,3253,A
7-M,486,0,3247,0,0,3247,T
7-M,487,3248,0,3,0,3251,A
7-M,488,2,1,3196,0,3199,G
7-M,489,2,0,3167,1,3170,G
7-M,490,0,1,0,3176,3177,C
7-M,491,3081,0,1,0,3082,A
7-M,492,1,2,3046,0,3049,G
7-M,493,3066,0,7,0,3073,A
7-M,494,0,3081,0,2,3083,T
7-M,495,0,2,3085,0,3087,G
7-M,496,4,0,3084,0,3088,G
7-M,497,0,3033,0,2,3035,T
7-M,498,1,3,3082,0,3086,G
7-M,499,0,1,3061,0,3062,G
7-M,500,2,0,0,3085,3087,C
7-M,501,3069,0,2,1,3072,A
7-M,502,3071,0,1,0,3072,A
7-M,503,0,2,0,3098,3100,C
7-M,504,3101,0,0,0,3101,A
7-M,505,3090,0,1,0,3091,A
7-M,506,0,1,0,3101,3102,C
7-M,507,3,4,0,3075,3082,C
7-M,508,3044,0,1,1,3046,A
7-M,509,3045,0,2,0,3047,A
7-M,510,0,3043,0,1,3044,T
7-M,511,2,0,0,3054,3056,C
7-M,512,2,0,1,3028,3031,C
7-M,513,2999,0,1,0,3000,A
7-M,514,0,2989,0,2,2991,T
7-M,515,2,2997,1,0,3000,T
7-M,516,3008,1,1,0,3010,A
7-M,517,3009,0,0,0,3009,A
7-M,518,0,3003,0,3,3006,T
7-M,519,2986,0,0,0,2986,A
7-M,520,2984,0,0,1,2985,A
7-M,521,2945,0,0,0,2945,A
7-M,522,2958,0,4,0,2962,A
7-M,523,0,0,0,3018,3018,C
7-M,524,3015,0,2,0,3017,A
7-M,525,0,2994,0,0,2994,T
7-M,526,0,4,3009,0,3013,G
7-M,527,2993,1,5,0,2999,A
7-M,528,1,7,3016,0,3024,G
7-M,529,3007,0,7,0,3014,A
7-M,530,3012,0,1,2,3015,A
7-M,531,0,2,0,3027,3029,C
7-M,532,2952,1,4,0,2957,A
7-M,533,1,3,2988,0,2992,G
7-M,534,2968,0,4,0,2972,A
7-M,535,2983,0,4,0,2987,A
7-M,536,0,2967,0,0,2967,T
7-M,537,0,3,2941,0,2944,G
7-M,538,1,1,2954,0,2956,G
7-M,539,0,2913,1,1,2915,T
7-M,540,1,2879,0,3,2883,T
7-M,541,0,2925,0,0,2925,T
7-M,542,0,2937,2,4,2943,T
7-M,543,1,3,2955,1,2960,G
7-M,544,1,0,2949,0,2950,G
7-M,545,2,1,0,2934,2937,C
7-M,546,4,0,0,2957,2961,C
7-M,547,2920,0,4,0,2924,A
7-M,548,1,0,2986,0,2987,G
7-M,549,1,1,1,2979,2982,C
7-M,550,3010,0,0,1,3011,A
7-M,551,1,0,0,3063,3064,C
7-M,552,0,3034,0,1,3035,T
7-M,553,3037,0,2,0,3039,A
7-M,554,1,1,0,3079,3081,C
7-M,555,3105,0,10,0,3115,A
7-M,556,1,0,3162,0,3163,G
7-M,557,1,1,0,3076,3078,C
7-M,558,0,3041,0,2,3043,T
7-M,559,3035,0,0,0,3035,A
7-M,560,2985,0,4,2,2991,A
7-M,561,1,1,3030,0,3032,G
7-M,562,0,0,3022,0,3022,G
7-M,563,1,2,0,3016,3019,C
7-M,564,0,2919,0,2,2921,T
7-M,565,2912,0,0,0,2912,A
7-M,566,0,2905,0,3,2908,T
7-M,567,0,1,2918,0,2919,G
7-M,568,1,6,2929,0,2936,G
7-M,569,2877,0,1,0,2878,A
7-M,570,0,1,2890,0,2891,G
7-M,571,2,1,0,2843,2846,C
7-M,572,2850,0,0,0,2850,A
7-M,573,2837,0,0,0,2837,A
7-M,574,2821,0,2,1,2824,A
7-M,575,0,2849,0,1,2850,T
7-M,576,0,1,2856,0,2857,G
7-M,577,1,1,2837,0,2839,G
7-M,578,0,1,0,2808,2809,C
7-M,579,0,2818,0,2,2820,T
7-M,580,1,3,2826,0,2830,G
7-M,581,1,5,2839,0,2845,G
7-M,582,2826,0,0,0,2826,A
7-M,583,0,2822,0,1,2823,T
7-M,584,5,1,0,2803,2809,C
7-M,585,2812,0,1,0,2813,A
7-M,586,2837,0,3,0,2840,A
7-M,587,1,0,2861,0,2862,G
7-M,588,0,2833,0,1,2834,T
7-M,589,2,5,2850,0,2857,G
7-M,590,2785,0,3,1,2789,A
7-M,591,0,0,2804,1,2805,G
7-M,592,3,1,0,2789,2793,C
7-M,593,2798,0,3,0,2801,A
7-M,594,0,1,2812,0,2813,G
7-M,595,1,0,2779,0,2780,G
7-M,596,0,1,0,2781,2782,C
7-M,597,2777,0,4,0,2781,A
7-M,598,5,0,2812,0,2817,G
7-M,599,0,4,0,2802,2806,C
7-M,600,1,3,2809,0,2813,G
7-M,601,2,0,2790,0,2792,G
7-M,602,2775,0,4,0,2779,A
7-M,603,1,2,2806,0,2809,G
7-M,604,2,0,2812,0,2814,G
7-M,605,1,0,0,2809,2810,C
7-M,606,3,0,0,2831,2834,C
7-M,607,2805,0,3,0,2808,A
7-M,608,0,2808,1,2,2811,T
7-M,609,0,0,2825,0,2825,G
7-M,610,0,1,2838,0,2839,G
7-M,611,2800,0,1,0,2801,A
7-M,612,0,2,2820,0,2822,G
7-M,613,2758,1,2,0,2761,A
7-M,614,0,2799,0,0,2799,T
7-M,615,1,2796,0,1,2798,T
7-M,616,1,0,2798,0,2799,G
7-M,617,1,0,1,2792,2794,C
7-M,618,0,2803,0,1,2804,T
7-M,619,2807,0,0,0,2807,A
7-M,620,6,2,2798,0,2806,G
7-M,621,0,2782,0,4,2786,T
7-M,622,5,3,0,2787,2795,C
7-M,623,2727,0,3,0,2730,A
7-M,624,0,5,2750,1,2756,G
7-M,625,0,0,2747,0,2747,G
7-M,626,0,0,0,2743,2743,C
7-M,627,5,0,0,2746,2751,C
7-M,628,2738,0,5,0,2743,A
7-M,629,0,4,2761,0,2765,G
7-M,630,4,1,2759,0,2764,G
7-M,631,2,1,0,2765,2768,C
7-M,632,2766,1,3,0,2770,A
7-M,633,1,1,2750,0,2752,G
7-M,634,2724,0,4,1,2729,A
7-M,635,0,2732,0,0,2732,T
7-M,636,2,5,2737,0,2744,G
7-M,637,1,0,2809,0,2810,G
7-M,638,0,2761,0,1,2762,T
7-M,639,1,0,2780,0,2781,G
7-M,640,0,2,0,2754,2756,C
7-M,641,2769,0,2,0,2771,A
7-M,642,1,1,2807,0,2809,G
7-M,643,3,0,2787,0,2790,G
7-M,644,4,1,1,2797,2803,C
7-M,645,2794,1,3,0,2798,A
7-M,646,2757,0,0,0,2757,A
7-M,647,0,2727,0,0,2727,T
7-M,648,0,5,2730,0,2735,G
7-M,649,2715,0,3,0,2718,A
7-M,650,0,3,2731,0,2734,G
7-M,651,2637,0,7,0,2644,A
7-M,652,0,0,2658,0,2658,G
7-M,653,0,1,1,2670,2672,C
7-M,654,2,3,0,2729,2734,C
7-M,655,2746,0,3,0,2749,A
7-M,656,0,2748,0,1,2749,T
7-M,657,1,2751,0,4,2756,T
7-M,658,0,6,2755,1,2762,G
7-M,659,1,4,2729,0,2734,G
7-M,660,3,7,2744,0,2754,G
7-M,661,2742,0,2,0,2744,A
7-M,662,0,1,1,2708,2710,C
7-M,663,0,2641,0,4,2645,T
7-M,664,7,0,0,2644,2651,C
7-M,665,2674,0,1,0,2675,A
7-M,666,0,2740,0,3,2743,T
7-M,667,1,1,0,2773,2775,C
7-M,668,3,0,0,2769,2772,C
7-M,669,0,2760,0,1,2761,T
7-M,670,2759,0,1,0,2760,A
7-M,671,1,0,2789,0,2790,G
7-M,672,1,3033,0,0,3034,T
7-M,673,1,2996,0,6,3003,T
7-M,674,2,0,0,2984,2986,C
7-M,675,1,2,0,2921,2924,C
7-M,676,2907,0,0,0,2907,A
7-M,677,2,0,2963,0,2965,G
7-M,678,0,2956,0,0,2956,T
7-M,679,2949,0,1,0,2950,A
7-M,680,1,0,0,2946,2947,C
7-M,681,0,2627,0,2,2629,T
7-M,682,2,3,2724,0,2729,G
7-M,683,1,1,2782,1,2785,G
7-M,684,0,2769,0,3,2772,T
7-M,685,6,1,0,2778,2785,C
7-M,686,0,2747,0,0,2747,T
7-M,687,2747,0,0,0,2747,A
7-M,688,2734,0,3,0,2737,A
7-M,689,0,1,2773,0,2774,G
7-M,690,2736,0,2,0,2738,A
7-M,691,1,2,2677,0,2680,G
7-M,692,2549,0,2,0,2551,A
7-M,693,0,2532,0,5,2537,T
7-M,694,3,2,2542,0,2547,G
7-M,695,2537,1,2,0,2540,A
7-M,696,0,2520,0,2,2522,T
7-M,697,4,0,0,2534,2538,C
7-M,698,0,2503,0,0,2503,T
7-M,699,0,2521,0,0,2521,T
7-M,700,0,0,0,2518,2518,C
7-M,701,1,2516,1,0,2518,T
7-M,702,0,2527,0,0,2527,T
7-M,703,3,2,2522,0,2527,G
7-M,704,2518,0,0,0,2518,A
7-M,705,2506,1,1,0,2508,A
7-M,706,2508,0,0,0,2508,A
7-M,707,2519,0,0,1,2520,A
7-M,708,1,2513,0,0,2514,T
7-M,709,0,2526,0,2,2528,T
7-M,710,0,2530,0,0,2530,T
7-M,711,0,0,2527,0,2527,G
7-M,712,0,2,0,2521,2523,C
7-M,713,2525,0,4,0,2529,A
7-M,714,0,1,2530,0,2531,G
7-M,715,2510,0,3,0,2513,A
7-M,716,0,0,0,2575,2575,C
7-M,717,1,1,0,2552,2554,C
7-M,718,0,2552,0,1,2553,T
7-M,719,2589,0,1,0,2590,A
7-M,720,0,2575,0,2,2577,T
7-M,721,3,2,0,2584,2589,C
7-M,722,2579,0,2,0,2581,A
7-M,723,2,1,2580,0,2583,G
7-M,724,2578,0,1,0,2579,A
7-M,725,2483,0,1,0,2484,A
7-M,726,2482,0,1,1,2484,A
7-M,727,1,1,0,2493,2495,C
7-M,728,1,4,2482,0,2487,G
7-M,729,2459,0,3,0,2462,A
7-M,730,2470,0,4,0,2474,A
7-M,731,0,2474,1,1,2476,T
7-M,732,2,0,2478,0,2480,G
7-M,733,2,1,2490,0,2493,G
7-M,734,1,4,2493,1,2499,G
7-M,735,1,3,2481,0,2485,G
7-M,736,0,1,2501,0,2502,G
7-M,737,0,2432,0,4,2436,T
7-M,738,2,0,2438,1,2441,G
7-M,739,0,2,0,2445,2447,C
7-M,740,2448,0,4,0,2452,A
7-M,741,0,2,2471,0,2473,G
7-M,742,2445,0,2,0,2447,A
7-M,743,0,2421,0,2,2423,T
7-M,744,2,0,2405,0,2407,G
7-M,745,1,1,2,2391,2395,C
7-M,746,2390,0,3,0,2393,A
7-M,747,2382,0,1,0,2383,A
7-M,748,0,3,0,2404,2407,C
7-M,749,1,6,2392,0,2399,G
7-M,750,2408,0,0,0,2408,A
7-M,751,0,2398,0,0,2398,T
7-M,752,0,2400,1,1,2402,T
7-M,753,3,2,0,2409,2414,C
7-M,754,2395,0,1,1,2397,A
7-M,755,2388,0,1,0,2389,A
7-M,756,0,0,2400,0,2400,G
7-M,757,0,2354,0,1,2355,T
7-M,758,0,5,2351,0,2356,G
7-M,759,2333,0,1,0,2334,A
7-M,760,0,2,0,2326,2328,C
7-M,761,0,1,0,2329,2330,C
7-M,762,8,0,0,2324,2332,C
7-M,763,5,1,2322,0,2328,G
7-M,764,0,0,0,2338,2338,C
7-M,765,0,2346,0,3,2349,T
7-M,766,0,2354,0,2,2356,T
7-M,767,1,1,2356,0,2358,G
7-M,768,0,2338,0,4,2342,T
7-M,769,0,2341,0,2,2343,T
7-M,770,1,0,2343,0,2344,G
7-M,771,0,2305,0,2,2307,T
7-M,772,0,2295,0,1,2296,T
7-M,773,3,1,2286,0,2290,G
7-M,774,1,4,1,2254,2260,C
7-M,775,1,1,0,2265,2267,C
7-M,776,2,0,2284,0,2286,G
7-M,777,2,0,0,2265,2267,C
7-M,778,2,2,2299,0,2303,G
7-M,779,2289,0,1,0,2290,A
7-M,780,2301,0,0,0,2301,A
7-M,781,0,2318,0,1,2319,T
7-M,782,2319,0,0,0,2319,A
7-M,783,0,2333,0,3,2336,T
7-M,784,3,1,0,2338,2342,C
7-M,785,2341,0,1,1,2343,A
7-M,786,1,2340,0,1,2342,T
7-M,787,0,2317,0,2,2319,T
7-M,788,2,4,2307,0,2313,G
7-M,789,1,2,2293,0,2296,G
7-M,790,0,3,2305,0,2308,G
7-M,791,2284,0,2,0,2286,A
7-M,792,0,2253,0,1,2254,T
7-M,793,2,1,0,2233,2236,C
7-M,794,0,2231,0,4,2235,T
7-M,795,1,2226,0,4,2231,T
7-M,796,1,1,2250,0,2252,G
7-M,797,2,2,0,2242,2246,C
7-M,798,2238,0,1,0,2239,A
7-M,799,2,2,0,2255,2259,C
7-M,800,0,2219,0,2,2221,T
7-M,801,1,2229,0,2,2232,T
7-M,802,0,1,2226,0,2227,G
7-M,803,2236,0,4,0,2240,A
7-M,804,0,2245,0,1,2246,T
7-M,805,2178,0,0,0,2178,A
7-M,806,0,2173,0,3,2176,T
7-M,807,0,2143,0,1,2144,T
7-M,808,1,0,2149,0,2150,G
7-M,809,0,2134,0,1,2135,T
7-M,810,1,9,2109,0,2119,G
7-M,811,0,2,2113,0,2115,G
7-M,812,2048,0,1,0,2049,A
7-M,813,0,2049,0,1,2050,T
7-M,814,0,2053,1,1,2055,T
7-M,815,0,0,0,2038,2038,C
7-M,816,0,2044,0,3,2047,T
7-M,817,0,2018,0,0,2018,T
7-M,818,1,3,2016,0,2020,G
7-M,819,1999,1,0,0,2000,A
7-M,820,0,1998,0,0,1998,T
7-M,821,1,1,0,1994,1996,C
7-M,822,0,0,1985,0,1985,G
7-M,823,2,1965,0,3,1970,T
7-M,824,2,0,0,1965,1967,C
7-M,825,0,1952,0,3,1955,T
7-M,826,0,1981,0,0,1981,T
7-M,827,0,1979,0,0,1979,T
7-M,828,0,1980,0,1,1981,T
7-M,829,0,1984,0,0,1984,T
7-M,830,0,1983,1,2,1986,T
7-M,831,0,1984,0,1,1985,T
7-M,832,4,0,0,1979,1983,C
7-M,833,1973,0,1,0,1974,A
7-M,834,1973,0,0,0,1973,A
7-M,835,1970,0,0,0,1970,A
7-M,836,0,1963,0,0,1963,T
7-M,837,1,0,1976,0,1977,G
7-M,838,0,0,0,1966,1966,C
7-M,839,2,0,1954,1,1957,G
7-M,840,0,1988,0,2,1990,T
7-M,841,1,0,0,1982,1983,C
7-M,842,0,1992,0,0,1992,T
7-M,843,1989,0,0,0,1989,A
7-M,844,0,1984,0,3,1987,T
7-M,845,0,1,1,1976,1978,C
7-M,846,1,1,1978,0,1980,G
7-M,847,1953,3,3,0,1959,A
7-M,848,0,0,0,1966,1966,C
7-M,849,0,1904,0,1,1905,T
7-M,850,4,1,0,1935,1940,C
7-M,851,0,1928,0,3,1931,T
7-M,852,0,1925,0,2,1927,T
7-M,853,2,1,0,1927,1930,C
7-M,854,1931,0,1,0,1932,A
7-M,855,1937,0,0,0,1937,A
7-M,856,1917,0,1,0,1918,A
7-M,857,0,1,0,1912,1913,C
7-M,858,1884,0,1,0,1885,A
7-M,859,0,0,0,1835,1835,C
7-M,860,1,5,1792,0,1798,G
7-M,861,0,0,1856,0,1856,G
7-M,862,1,2,0,1842,1845,C
7-M,863,3,1,0,1859,1863,C
7-M,864,0,1854,0,3,1857,T
7-M,865,0,1867,0,2,1869,T
7-M,866,1878,0,1,0,1879,A
7-M,867,1882,0,0,0,1882,A
7-M,868,1875,0,0,0,1875,A
7-M,869,1862,0,2,0,1864,A
7-M,870,0,0,1845,0,1845,G
7-M,871,1594,2,4,0,1600,A
7-M,872,1,1,1594,0,1596,G
7-M,873,0,0,1577,0,1577,G
7-M,874,0,1,0,1578,1579,C
7-M,875,1,0,0,1548,1549,C
7-M,876,1,0,0,1563,1564,C
7-M,877,0,1563,0,4,1567,T
7-M,878,0,1570,0,0,1570,T
7-M,879,3,1,0,1571,1575,C
7-M,880,0,1580,0,0,1580,T
7-M,881,1581,0,1,0,1582,A
7-M,882,0,3,0,1579,1582,C
7-M,883,0,1,1547,1,1549,G
7-M,884,0,2,1548,0,1550,G
7-M,885,1499,0,1,0,1500,A
7-M,886,1492,0,0,0,1492,A
7-M,887,0,0,1486,0,1486,G
7-M,888,1,3,1478,0,1482,G
7-M,889,1459,0,2,0,1461,A
7-M,890,0,1,1461,0,1462,G
7-M,891,0,1453,0,0,1453,T
7-M,892,1454,0,1,1,1456,A
7-M,893,0,1,0,1453,1454,C
7-M,894,1,0,0,1453,1454,C
7-M,895,0,1425,0,4,1429,T
7-M,896,2,2,1430,0,1434,G
7-M,897,1379,0,0,0,1379,A
7-M,898,0,0,1392,0,1392,G
7-M,899,0,1338,0,1,1339,T
7-M,900,2,1,0,1325,1328,C
7-M,901,0,1303,0,1,1304,T
7-M,902,1301,0,0,0,1301,A
7-M,903,0,1298,0,1,1299,T
7-M,904,0,1,1300,0,1301,G
7-M,905,1270,0,4,0,1274,A
7-M,906,1,2,1264,0,1267,G
7-M,907,0,0,1175,0,1175,G
7-M,908,0,1,1172,0,1173,G
7-M,909,1159,0,0,0,1159,A
7-M,910,1143,0,2,0,1145,A
7-M,911,0,3,1144,0,1147,G
7-M,912,1140,0,0,0,1140,A
7-M,913,1137,0,0,0,1137,A
7-M,914,0,1127,0,0,1127,T
7-M,915,1102,0,1,0,1103,A
7-M,916,0,1100,0,0,1100,T
7-M,917,1,3,0,1082,1086,C
7-M,918,0,1,1088,0,1089,G
7-M,919,1081,0,0,0,1081,A
7-M,920,1066,0,1,0,1067,A
7-M,921,1069,0,1,0,1070,A
7-M,922,0,0,1054,0,1054,G
7-M,923,1,3,1064,0,1068,G
7-M,924,1052,0,1,0,1053,A
7-M,925,1049,0,5,0,1054,A
7-M,926,0,1,0,1054,1055,C
7-M,927,1028,0,3,0,1031,A
7-M,928,1,0,1035,0,1036,G
7-M,929,0,0,0,1035,1035,C
7-M,930,1027,0,1,0,1028,A
7-M,931,0,1,1025,0,1026,G
7-M,932,963,0,0,0,963,A
7-M,933,961,0,1,0,962,A
7-M,934,0,957,0,2,959,T
7-M,935,0,0,931,0,931,G
7-M,936,1,1,0,931,933,C
7-M,937,0,899,0,0,899,T
7-M,938,0,0,899,0,899,G
7-M,939,0,889,0,0,889,T
7-M,940,0,2,882,0,884,G
7-M,941,0,0,876,0,876,G
7-M,942,846,0,3,0,849,A
7-M,943,0,849,0,0,849,T
7-M,944,1,0,828,0,829,G
7-M,945,1,0,0,810,811,C
7-M,946,0,776,0,0,776,T
7-M,947,0,0,767,0,767,G
7-M,948,766,0,3,0,769,A
7-M,949,3,1,0,762,766,C
7-M,950,0,1,760,0,761,G
7-M,951,751,0,1,0,752,A
7-M,952,0,1,0,748,749,C
7-M,953,708,0,3,0,711,A
7-M,954,1,0,710,0,711,G
7-M,955,0,707,0,1,708,T
7-M,956,4,0,0,690,694,C
7-M,957,696,0,0,0,696,A
7-M,958,0,691,0,0,691,T
7-M,959,0,687,0,1,688,T
7-M,960,0,684,0,0,684,T
7-M,961,0,680,0,0,680,T
7-M,962,0,0,676,0,676,G
7-M,963,0,641,0,0,641,T
7-M,964,2,0,0,639,641,C
7-M,965,602,0,2,0,604,A
7-M,966,0,0,601,0,601,G
7-M,967,0,0,0,601,601,C
7-M,968,598,0,0,0,598,A
7-M,969,0,599,0,1,600,T
7-M,970,570,0,2,0,572,A
7-M,971,0,1,572,0,573,G
7-M,972,557,0,0,0,557,A
7-M,973,0,0,558,0,558,G
7-M,974,0,551,0,0,551,T
7-M,975,0,365,0,0,365,T
7-M,976,0,0,365,0,365,G
7-M,977,0,0,360,0,360,G
7-M,978,357,0,0,0,357,A
7-M,979,0,0,356,0,356,G
7-M,980,0,227,0,0,227,T
7-M,981,219,0,0,0,219,A
7-M,982,211,0,0,0,211,A
8-NS,1,409,0,0,0,409,A
8-NS,2,0,412,0,0,412,T
8-NS,3,0,0,451,0,451,G
8-NS,4,0,3,526,0,529,G
8-NS,5,703,0,0,0,703,A
8-NS,6,0,965,0,0,965,T
8-NS,7,1,968,0,0,969,T
8-NS,8,1,0,0,965,966,C
8-NS,9,862,0,0,102,964,A
8-NS,10,1006,0,0,1,1007,A
8-NS,11,1013,0,0,0,1013,A
8-NS,12,0,0,0,1013,1013,C
8-NS,13,1020,0,0,0,1020,A
8-NS,14,0,0,0,1046,1046,C
8-NS,15,0,1046,0,1,1047,T
8-NS,16,1,0,1181,0,1182,G
8-NS,17,0,1184,0,3,1187,T
8-NS,18,0,0,1206,0,1206,G
8-NS,19,1,1199,0,6,1206,T
8-NS,20,2,1,0,1205,1208,C
8-NS,21,1212,0,0,0,1212,A
8-NS,22,1211,0,0,0,1211,A
8-NS,23,1,0,1232,0,1233,G
8-NS,24,0,1257,0,3,1260,T
8-NS,25,0,1269,0,1,1270,T
8-NS,26,0,1283,0,2,1285,T
8-NS,27,0,4,0,1278,1282,C
8-NS,28,1,0,0,1291,1292,C
8-NS,29,1288,2,2,0,1292,A
8-NS,30,0,1,1309,0,1310,G
8-NS,31,0,1,1317,0,1318,G
8-NS,32,0,1284,0,2,1286,T
8-NS,33,1328,0,0,0,1328,A
8-NS,34,1,0,1333,0,1334,G
8-NS,35,1326,0,0,0,1326,A
8-NS,36,0,1346,0,0,1346,T
8-NS,37,0,1343,0,0,1343,T
8-NS,38,2,0,1351,0,1353,G
8-NS,39,0,0,0,1357,1357,C
8-NS,40,0,1358,0,1,1359,T
8-NS,41,0,1366,0,0,1366,T
8-NS,42,0,1382,0,4,1386,T
8-NS,43,3,0,0,1408,1411,C
8-NS,44,0,1408,0,0,1408,T
8-NS,45,0,1404,0,0,1404,T
8-NS,46,0,1400,0,1,1401,T
8-NS,47,0,3,1418,0,1421,G
8-NS,48,0,0,1417,0,1417,G
8-NS,49,0,0,0,1427,1427,C
8-NS,50,1426,0,1,0,1427,A
8-NS,51,0,1430,0,2,1432,T
8-NS,52,1440,0,2,0,1442,A
8-NS,53,0,1470,0,0,1470,T
8-NS,54,0,1,0,1472,1473,C
8-NS,55,1,0,0,1475,1476,C
8-NS,56,1,3,1469,0,1473,G
8-NS,57,1,1,1476,4,1482,G
8-NS,58,1476,1,0,0,1477,A
8-NS,59,1484,0,1,0,1485,A
8-NS,60,1487,0,3,0,1490,A
8-NS,61,1,0,0,1523,1524,C
8-NS,62,1518,0,0,0,1518,A
8-NS,63,1523,0,1,0,1524,A
8-NS,64,0,0,1603,0,1603,G
8-NS,65,0,1595,0,1,1596,T
8-NS,66,0,1601,0,0,1601,T
8-NS,67,2,3,1597,1,1603,G
8-NS,68,1,1599,0,4,1604,T
8-NS,69,1602,0,2,0,1604,A
8-NS,70,2,5,1601,0,1608,G
8-NS,71,1704,0,2,0,1706,A
8-NS,72,0,1,0,1721,1722,C
8-NS,73,1,1,0,1709,1711,C
8-NS,74,1708,0,1,0,1709,A
8-NS,75,1713,0,1,0,1714,A
8-NS,76,0,3,1824,0,1827,G
8-NS,77,1820,0,1,0,1821,A
8-NS,78,1847,3,1,0,1851,A
8-NS,79,0,2,0,1846,1848,C
8-NS,80,0,1824,0,0,1824,T
8-NS,81,6,3,1831,0,1840,G
8-NS,82,1826,0,5,0,1831,A
8-NS,83,0,1,1850,0,1851,G
8-NS,84,0,1843,0,5,1848,T
8-NS,85,2,0,1839,0,1841,G
8-NS,86,1842,1,5,0,1848,A
8-NS,87,0,1841,0,2,1843,T
8-NS,88,0,2,1863,0,1865,G
8-NS,89,1,1,0,1889,1891,C
8-NS,90,4,0,0,1896,1900,C
8-NS,91,6,1,0,1905,1912,C
8-NS,92,3,0,0,1907,1910,C
8-NS,93,1917,0,0,5,1922,A
8-NS,94,0,1954,0,0,1954,T
8-NS,95,0,1988,0,1,1989,T
8-NS,96,2,2,0,2001,2005,C
8-NS,97,4,1,0,2001,2006,C
8-NS,98,0,1996,0,2,1998,T
8-NS,99,0,1995,0,1,1996,T
8-NS,100,2,5,1986,1,1994,G
8-NS,101,1975,0,0,0,1975,A
8-NS,102,0,1996,0,1,1997,T
8-NS,103,5,0,0,1990,1995,C
8-NS,104,0,2,1978,0,1980,G
8-NS,105,2,0,1985,0,1987,G
8-NS,106,1,2,0,1997,2000,C
8-NS,107,0,1996,0,5,2001,T
8-NS,108,0,2008,0,0,2008,T
8-NS,109,2,0,0,2015,2017,C
8-NS,110,1,0,2020,0,2021,G
8-NS,111,0,0,0,2021,2021,C
8-NS,112,4,0,0,2020,2024,C
8-NS,113,2,1,2029,0,2032,G
8-NS,114,2003,0,0,0,2003,A
8-NS,115,0,0,2088,0,2088,G
8-NS,116,2080,0,1,0,2081,A
8-NS,117,0,2099,0,0,2099,T
8-NS,118,3,0,0,2099,2102,C
8-NS,119,2091,1,4,0,2096,A
8-NS,120,2,1,2099,1,2103,G
8-NS,121,2093,0,1,1,2095,A
8-NS,122,6,3,2100,0,2109,G
8-NS,123,0,0,2134,0,2134,G
8-NS,124,0,2157,0,4,2161,T
8-NS,125,0,0,0,2301,2301,C
8-NS,126,3,5,0,2306,2314,C
8-NS,127,1,2,0,2360,2363,C
8-NS,128,0,2358,0,4,2362,T
8-NS,129,2370,0,0,2,2372,A
8-NS,130,2362,0,0,0,2362,A
8-NS,131,36,5,2358,0,2399,G
8-NS,132,1,4,2394,0,2399,G
8-NS,133,2,4,2377,0,2383,G
8-NS,134,0,2,2346,0,2348,G
8-NS,135,2311,0,1,0,2312,A
8-NS,136,2318,0,3,0,2321,A
8-NS,137,0,4,2332,0,2336,G
8-NS,138,2383,0,2,0,2385,A
8-NS,139,1,3,2409,0,2413,G
8-NS,140,0,3,2403,0,2406,G
8-NS,141,0,0,0,2432,2432,C
8-NS,142,2418,0,1,0,2419,A
8-NS,143,2420,0,8,0,2428,A
8-NS,144,0,2438,0,3,2441,T
8-NS,145,2460,0,1,1,2462,A
8-NS,146,0,0,0,2495,2495,C
8-NS,147,0,2459,0,6,2465,T
8-NS,148,4,0,0,2460,2464,C
8-NS,149,0,2436,0,1,2437,T
8-NS,150,1,2,0,2467,2470,C
8-NS,151,1,3,2486,0,2490,G
8-NS,152,2,1,2605,0,2608,G
8-NS,153,0,2600,0,2,2602,T
8-NS,154,3,3,0,2634,2640,C
8-NS,155,0,2623,0,2,2625,T
8-NS,156,2654,0,5,1,2660,A
8-NS,157,3,0,2656,0,2659,G
8-NS,158,2649,1,6,0,2656,A
8-NS,159,0,3,0,2713,2716,C
8-NS,160,2674,0,0,0,2674,A
8-NS,161,0,2638,0,1,2639,T
8-NS,162,0,0,0,2628,2628,C
8-NS,163,2627,0,3,0,2630,A
8-NS,164,2630,0,0,0,2630,A
8-NS,165,2603,0,7,0,2610,A
8-NS,166,4,0,2603,0,2607,G
8-NS,167,0,1,0,2619,2620,C
8-NS,168,2601,0,2,0,2603,A
8-NS,169,0,2,2621,0,2623,G
8-NS,170,0,2,0,2618,2620,C
8-NS,171,7,4,0,2622,2633,C
8-NS,172,2633,0,0,0,2633,A
8-NS,173,0,1,0,2679,2680,C
8-NS,174,2,4,0,2678,2684,C
8-NS,175,5,3,0,2678,2686,C
8-NS,176,2718,2,4,0,2724,A
8-NS,177,0,2728,0,1,2729,T
8-NS,178,1,2,2722,0,2725,G
8-NS,179,0,2702,0,15,2717,T
8-NS,180,0,2714,0,11,2725,T
8-NS,181,3,2,2714,0,2719,G
8-NS,182,0,1,2709,0,2710,G
8-NS,183,2681,0,2,0,2683,A
8-NS,184,2697,0,0,0,2697,A
8-NS,185,2654,0,3,1,2658,A
8-NS,186,0,0,2680,0,2680,G
8-NS,187,0,1,0,2685,2686,C
8-NS,188,2679,0,2,0,2681,A
8-NS,189,2678,0,1,0,2679,A
8-NS,190,2665,0,1,0,2666,A
8-NS,191,0,2697,0,1,2698,T
8-NS,192,5,2686,0,1,2692,T
8-NS,193,2,0,2725,0,2727,G
8-NS,194,0,2716,0,1,2717,T
8-NS,195,2713,0,4,0,2717,A
8-NS,196,0,3,2716,1,2720,G
8-NS,197,2725,0,0,0,2725,A
8-NS,198,2709,0,9,0,2718,A
8-NS,199,2715,0,2,0,2717,A
8-NS,200,2702,0,8,0,2710,A
8-NS,201,1,3,2720,0,2724,G
8-NS,202,2688,0,0,0,2688,A
8-NS,203,0,2687,0,0,2687,T
8-NS,204,0,2695,0,1,2696,T
8-NS,205,2,2,0,2694,2698,C
8-NS,206,0,2692,0,3,2695,T
8-NS,207,2,2,2697,0,2701,G
8-NS,208,2699,0,0,0,2699,A
8-NS,209,2702,0,0,0,2702,A
8-NS,210,2691,0,2,0,2693,A
8-NS,211,1,1,2693,0,2695,G
8-NS,212,2684,0,0,0,2684,A
8-NS,213,2694,0,5,0,2699,A
8-NS,214,0,5,2713,0,2718,G
8-NS,215,2736,0,3,0,2739,A
8-NS,216,2744,0,4,0,2748,A
8-NS,217,0,2750,0,0,2750,T
8-NS,218,3,0,0,2768,2771,C
8-NS,219,0,2757,0,10,2767,T
8-NS,220,2,6,2776,0,2784,G
8-NS,221,2769,0,5,0,2774,A
8-NS,222,0,2783,0,1,2784,T
8-NS,223,1,0,2770,0,2771,G
8-NS,224,2746,0,4,0,2750,A
8-NS,225,1,6,2737,1,2745,G
8-NS,226,3,1,2752,0,2756,G
8-NS,227,1,1,0,2761,2763,C
8-NS,228,2772,0,2,0,2774,A
8-NS,229,0,0,0,2838,2838,C
8-NS,230,1,2824,0,2,2827,T
8-NS,231,1,2845,1,0,2847,T
8-NS,232,2866,0,0,0,2866,A
8-NS,233,2873,0,0,0,2873,A
8-NS,234,2873,0,0,0,2873,A
8-NS,235,2860,0,2,2,2864,A
8-NS,236,0,2875,0,0,2875,T
8-NS,237,1,10,2875,0,2886,G
8-NS,238,2885,1,3,0,2889,A
8-NS,239,0,2,0,2899,2901,C
8-NS,240,2,0,1,2889,2892,C
8-NS,241,2889,0,3,0,2892,A
8-NS,242,1,2871,0,4,2876,T
8-NS,243,1,1,2958,0,2960,G
8-NS,244,0,0,2994,0,2994,G
8-NS,245,2,2999,0,11,3012,T
8-NS,246,6,1,0,3115,3122,C
8-NS,247,0,3086,0,5,3091,T
8-NS,248,3,1,0,3145,3149,C
8-NS,249,2,0,0,3151,3153,C
8-NS,250,3146,0,11,0,3157,A
8-NS,251,0,3,1,3189,3193,C
8-NS,252,3142,0,1,0,3143,A
8-NS,253,0,1,0,3167,3168,C
8-NS,254,2,8,0,3135,3145,C
8-NS,255,0,3032,0,4,3036,T
8-NS,256,1,0,3058,0,3059,G
8-NS,257,1,1,0,3040,3042,C
8-NS,258,1,3012,1,5,3019,T
8-NS,259,0,3036,0,1,3037,T
8-NS,260,1,3,0,3047,3051,C
8-NS,261,2,0,3045,0,3047,G
8-NS,262,1,2,0,3048,3051,C
8-NS,263,1,4,3049,0,3054,G
8-NS,264,3175,0,10,0,3185,A
8-NS,265,0,3190,0,1,3191,T
8-NS,266,3299,2,3,0,3304,A
8-NS,267,1,2,0,3315,3318,C
8-NS,268,3302,1,3,6,3312,A
8-NS,269,0,3403,0,1,3404,T
8-NS,270,3378,0,13,2,3393,A
8-NS,271,3406,0,1,0,3407,A
8-NS,272,0,1,0,3411,3412,C
8-NS,273,1,3333,0,4,3338,T
8-NS,274,2,7,3368,0,3377,G
8-NS,275,3327,0,7,0,3334,A
8-NS,276,1,0,0,3346,3347,C
8-NS,277,3332,0,7,1,3340,A
8-NS,278,0,3321,0,0,3321,T
8-NS,279,1,7,3314,0,3322,G
8-NS,280,3306,0,7,0,3313,A
8-NS,281,1,0,0,3400,3401,C
8-NS,282,0,3391,0,1,3392,T
8-NS,283,3433,0,8,0,3441,A
8-NS,284,0,3415,1,3,3419,T
8-NS,285,0,3416,0,0,3416,T
8-NS,286,1,3,3417,0,3421,G
8-NS,287,3396,1,6,0,3403,A
8-NS,288,8,5,3384,0,3397,G
8-NS,289,0,6,3392,0,3398,G
8-NS,290,3311,0,2,0,3313,A
8-NS,291,3329,0,0,0,3329,A
8-NS,292,7,3279,0,2,3288,T
8-NS,293,0,3288,0,2,3290,T
8-NS,294,1,0,3358,0,3359,G
8-NS,295,0,3349,0,2,3351,T
8-NS,296,6,1,0,3359,3366,C
8-NS,297,3358,0,2,0,3360,A
8-NS,298,3364,0,1,0,3365,A
8-NS,299,2,6,3367,0,3375,G
8-NS,300,3379,0,6,1,3386,A
8-NS,301,3366,0,10,0,3376,A
8-NS,302,3377,0,1,0,3378,A
8-NS,303,2,0,1,3377,3380,C
8-NS,304,0,3345,1,0,3346,T
8-NS,305,1,5,3374,0,3380,G
8-NS,306,0,1,3430,0,3431,G
8-NS,307,0,3430,0,3,3433,T
8-NS,308,0,3426,0,4,3430,T
8-NS,309,11,0,0,3413,3424,C
8-NS,310,3432,0,7,0,3439,A
8-NS,311,0,3472,0,6,3478,T
8-NS,312,2,2,3491,0,3495,G
8-NS,313,3,2,1,3507,3513,C
8-NS,314,0,3485,0,2,3487,T
8-NS,315,3442,1,2,5,3450,A
8-NS,316,3474,0,4,0,3478,A
8-NS,317,0,3505,0,2,3507,T
8-NS,318,0,0,3510,1,3511,G
8-NS,319,0,0,0,3483,3483,C
8-NS,320,0,1,0,3454,3455,C
8-NS,321,5,0,0,3457,3462,C
8-NS,322,3474,0,0,0,3474,A
8-NS,323,3481,0,3,0,3484,A
8-NS,324,1,0,3499,0,3500,G
8-NS,325,1,0,1,3502,3504,C
8-NS,326,3496,0,4,0,3500,A
8-NS,327,5,3,3508,0,3516,G
8-NS,328,3482,0,1,0,3483,A
8-NS,329,3499,0,4,1,3504,A
8-NS,330,3492,0,4,0,3496,A
8-NS,331,4,0,3544,0,3548,G
8-NS,332,0,3504,1,1,3506,T
8-NS,333,2,4,3514,0,3520,G
8-NS,334,1,1,3508,0,3510,G
8-NS,335,3510,0,5,7,3522,A
8-NS,336,3497,7,4,0,3508,A
8-NS,337,0,3,3496,0,3499,G
8-NS,338,1,4,3508,0,3513,G
8-NS,339,3500,0,1,4,3505,A
8-NS,340,0,0,0,3500,3500,C
8-NS,341,5,0,0,3493,3498,C
8-NS,342,0,3503,0,3,3506,T
8-NS,343,1,1,0,3545,3547,C
8-NS,344,0,3557,0,2,3559,T
8-NS,345,1,3564,0,1,3566,T
8-NS,346,0,3562,0,2,3564,T
8-NS,347,2,0,3558,2,3562,G
8-NS,348,0,7,0,3585,3592,C
8-NS,349,3564,0,11,0,3575,A
8-NS,350,0,3563,1,2,3566,T
8-NS,351,4,26,0,3546,3576,C
8-NS,352,3612,0,1,0,3613,A
8-NS,353,0,3,3709,0,3712,G
8-NS,354,3687,0,1,4,3692,A
8-NS,355,3700,0,0,0,3700,A
8-NS,356,1,3679,0,1,3681,T
8-NS,357,1,3,3650,0,3654,G
8-NS,358,6,8,3662,2,3678,G
8-NS,359,3663,0,3,0,3666,A
8-NS,360,2,1,0,3653,3656,C
8-NS,361,1,2,0,3589,3592,C
8-NS,362,3534,0,7,0,3541,A
8-NS,363,0,5,3568,0,3573,G
8-NS,364,5,2,3541,0,3548,G
8-NS,365,1,2,0,3571,3574,C
8-NS,366,3562,0,1,0,3563,A
8-NS,367,3561,0,4,0,3565,A
8-NS,368,0,3545,0,2,3547,T
8-NS,369,14,0,0,3542,3556,C
8-NS,370,3551,0,4,0,3555,A
8-NS,371,0,3539,0,0,3539,T
8-NS,372,0,5,3496,1,3502,G
8-NS,373,1,1,3515,0,3517,G
8-NS,374,3490,0,4,0,3494,A
8-NS,375,0,10,3519,0,3529,G
8-NS,376,3481,0,4,0,3485,A
8-NS,377,3492,0,0,0,3492,A
8-NS,378,3483,1,13,0,3497,A
8-NS,379,3489,1,2,0,3492,A
8-NS,380,3500,0,5,0,3505,A
8-NS,381,0,0,0,3520,3520,C
8-NS,382,3500,1,1,0,3502,A
8-NS,383,0,3478,0,1,3479,T
8-NS,384,4,0,0,3473,3477,C
8-NS,385,3477,0,3,0,3480,A
8-NS,386,0,3482,0,0,3482,T
8-NS,387,10,2,3479,0,3491,G
8-NS,388,1,3473,0,7,3481,T
8-NS,389,0,3455,0,3,3458,T
8-NS,390,0,3,3455,0,3458,G
8-NS,391,3432,0,2,0,3434,A
8-NS,392,3449,0,1,0,3450,A
8-NS,393,3449,0,2,0,3451,A
8-NS,394,0,1,3450,0,3451,G
8-NS,395,2,1,0,3415,3418,C
8-NS,396,2,7,3414,0,3423,G
8-NS,397,3422,0,1,1,3424,A
8-NS,398,3423,1,3,0,3427,A
8-NS,399,0,3411,0,2,3413,T
8-NS,400,0,3385,2,18,3405,T
8-NS,401,0,3411,1,1,3413,T
8-NS,402,1,0,0,3430,3431,C
8-NS,403,3385,0,8,1,3394,A
8-NS,404,1,0,3400,0,3401,G
8-NS,405,0,3397,0,3,3400,T
8-NS,406,3,0,3403,0,3406,G
8-NS,407,0,3395,0,1,3396,T
8-NS,408,0,3,3414,0,3417,G
8-NS,409,3429,1,2,0,3432,A
8-NS,410,0,3424,0,1,3425,T
8-NS,411,0,3429,0,1,3430,T
8-NS,412,0,3427,0,0,3427,T
8-NS,413,1,3420,0,4,3425,T
8-NS,414,0,3425,0,2,3427,T
8-NS,415,3,15,3392,0,3410,G
8-NS,416,3395,0,3,0,3398,A
8-NS,417,1,0,0,3387,3388,C
8-NS,418,5,1,0,3363,3369,C
8-NS,419,1,3,3389,0,3393,G
8-NS,420,3586,0,5,0,3591,A
8-NS,421,0,5,0,3641,3646,C
8-NS,422,0,3650,0,8,3658,T
8-NS,423,3661,0,8,1,3670,A
8-NS,424,2,3,3661,0,3666,G
8-NS,425,3658,0,8,0,3666,A
8-NS,426,0,5,3682,0,3687,G
8-NS,427,3660,0,9,0,3669,A
8-NS,428,5,1,0,3753,3759,C
8-NS,429,5,6,0,3588,3599,C
8-NS,430,3498,0,2,5,3505,A
8-NS,431,0,3685,0,2,3687,T
8-NS,432,3669,0,7,0,3676,A
8-NS,433,7,1,3889,0,3897,G
8-NS,434,0,3855,0,7,3862,T
8-NS,435,3844,0,0,0,3844,A
8-NS,436,0,3827,0,3,3830,T
8-NS,437,0,3758,0,2,3760,T
8-NS,438,3860,0,3,0,3863,A
8-NS,439,1,9,0,3853,3863,C
8-NS,440,0,3706,0,5,3711,T
8-NS,441,3700,0,1,0,3701,A
8-NS,442,3395,0,5,0,3400,A
8-NS,443,2,6,3398,0,3406,G
8-NS,444,0,4,3387,0,3391,G
8-NS,445,1,0,3370,0,3371,G
8-NS,446,0,1,0,3349,3350,C
8-NS,447,0,3296,2,13,3311,T
8-NS,448,0,3303,0,1,3304,T
8-NS,449,0,3352,0,2,3354,T
8-NS,450,1,0,0,3372,3373,C
8-NS,451,3384,0,2,1,3387,A
8-NS,452,0,1,0,3409,3410,C
8-NS,453,2,3,0,3381,3386,C
8-NS,454,2,2,3387,0,3391,G
8-NS,455,3364,0,0,0,3364,A
8-NS,456,3363,1,3,0,3367,A
8-NS,457,0,3,3384,0,3387,G
8-NS,458,3346,0,4,0,3350,A
8-NS,459,1,3,3345,0,3349,G
8-NS,460,1,1,3298,0,3300,G
8-NS,461,2,8,3310,0,3320,G
8-NS,462,3281,1,4,0,3286,A
8-NS,463,2,1,3310,0,3313,G
8-NS,464,1,2,0,3290,3293,C
8-NS,465,3293,0,3,0,3296,A
8-NS,466,3294,1,5,0,3300,A
8-NS,467,1,3293,0,0,3294,T
8-NS,468,0,3285,0,1,3286,T
8-NS,469,0,0,3287,0,3287,G
8-NS,470,0,3257,0,2,3259,T
8-NS,471,0,3249,0,1,3250,T
8-NS,472,1,3,3244,0,3248,G
8-NS,473,3,0,3226,0,3229,G
8-NS,474,0,1,0,3243,3244,C
8-NS,475,0,3,3251,1,3255,G
8-NS,476,3251,0,0,0,3251,A
8-NS,477,3261,0,1,0,3262,A
8-NS,478,3269,1,1,0,3271,A
8-NS,479,0,3289,0,3,3292,T
8-NS,480,1,6,0,3283,3290,C
8-NS,481,0,3266,0,4,3270,T
8-NS,482,6,2,0,3264,3272,C
8-NS,483,3277,0,5,0,3282,A
8-NS,484,0,0,0,3282,3282,C
8-NS,485,5,0,0,3274,3279,C
8-NS,486,3267,0,1,0,3268,A
8-NS,487,0,3245,0,2,3247,T
8-NS,488,0,3218,0,2,3220,T
8-NS,489,0,2,3227,0,3229,G
8-NS,490,1,0,0,3195,3196,C
8-NS,491,1,0,0,3195,3196,C
8-NS,492,2,3196,0,6,3204,T
8-NS,493,0,3186,0,1,3187,T
8-NS,494,4,1,1,3192,3198,C
8-NS,495,0,3189,1,5,3195,T
8-NS,496,0,3213,0,1,3214,T
8-NS,497,0,3252,0,4,3256,T
8-NS,498,0,3231,0,4,3235,T
8-NS,499,6,1,1,3242,3250,C
8-NS,500,2,0,0,3245,3247,C
8-NS,501,3233,1,6,0,3240,A
8-NS,502,2,2,3261,0,3265,G
8-NS,503,0,4,3246,0,3250,G
8-NS,504,3295,0,3,0,3298,A
8-NS,505,0,2,0,3306,3308,C
8-NS,506,3314,0,1,0,3315,A
8-NS,507,0,3322,0,1,3323,T
8-NS,508,3319,0,3,0,3322,A
8-NS,509,0,0,0,3518,3518,C
8-NS,510,0,3510,0,3,3513,T
8-NS,511,3491,0,2,0,3493,A
8-NS,512,4,3477,0,2,3483,T
8-NS,513,0,3359,0,3,3362,T
8-NS,514,4,3,3369,0,3376,G
8-NS,515,3257,0,3,0,3260,A
8-NS,516,2,4,3263,0,3269,G
8-NS,517,1,3,3252,0,3256,G
8-NS,518,2993,0,0,0,2993,A
8-NS,519,1,2987,0,1,2989,T
8-NS,520,1,0,2987,1,2989,G
8-NS,521,0,2953,0,3,2956,T
8-NS,522,6,1,0,2977,2984,C
8-NS,523,2996,0,2,0,2998,A
8-NS,524,2990,0,0,0,2990,A
8-NS,525,2987,0,1,0,2988,A
8-NS,526,2980,0,0,0,2980,A
8-NS,527,2991,1,0,0,2992,A
8-NS,528,0,2974,0,1,2975,T
8-NS,529,3,0,2968,1,2972,G
8-NS,530,1,0,0,2987,2988,C
8-NS,531,2990,0,1,0,2991,A
8-NS,532,2994,0,1,0,2995,A
8-NS,533,0,2997,0,1,2998,T
8-NS,534,0,3006,0,2,3008,T
8-NS,535,2,8,2984,0,2994,G
8-NS,536,1,10,2960,0,2971,G
8-NS,537,3,3,2955,0,2961,G
8-NS,538,2,1,2971,0,2974,G
8-NS,539,0,2944,0,6,2950,T
8-NS,540,6,0,0,2948,2954,C
8-NS,541,1,1,0,2956,2958,C
8-NS,542,0,2958,0,1,2959,T
8-NS,543,4,1,0,2973,2978,C
8-NS,544,2973,0,0,0,2973,A
8-NS,545,0,2962,0,2,2964,T
8-NS,546,1,0,0,2983,2984,C
8-NS,547,3,1,2956,0,2960,G
8-NS,548,0,4,2950,0,2954,G
8-NS,549,2902,0,5,0,2907,A
8-NS,550,0,3,2893,0,2896,G
8-NS,551,23,5,2874,1,2903,G
8-NS,552,2857,0,6,1,2864,A
8-NS,553,0,2,0,2895,2897,C
8-NS,554,0,2890,0,2,2892,T
8-NS,555,0,2895,0,4,2899,T
8-NS,556,1,4,2905,0,2910,G
8-NS,557,2888,0,1,0,2889,A
8-NS,558,2884,0,5,0,2889,A
8-NS,559,0,2883,0,1,2884,T
8-NS,560,0,1,2836,0,2837,G
8-NS,561,0,2,2863,0,2865,G
8-NS,562,2832,0,3,1,2836,A
8-NS,563,2853,0,1,1,2855,A
8-NS,564,0,2968,0,1,2969,T
8-NS,565,0,4,2982,0,2986,G
8-NS,566,2989,0,1,0,2990,A
8-NS,567,0,2980,0,2,2982,T
8-NS,568,2978,0,6,0,2984,A
8-NS,569,2996,0,3,0,2999,A
8-NS,570,0,1,0,2955,2956,C
8-NS,571,2914,2,0,0,2916,A
8-NS,572,0,0,0,2937,2937,C
8-NS,573,2697,0,2,0,2699,A
8-NS,574,0,0,2720,0,2720,G
8-NS,575,0,2704,0,1,2705,T
8-NS,576,1,2691,0,1,2693,T
8-NS,577,6,1,0,2692,2699,C
8-NS,578,1,4,2687,0,2692,G
8-NS,579,2678,2,2,0,2682,A
8-NS,580,1,1,2688,0,2690,G
8-NS,581,0,2648,0,3,2651,T
8-NS,582,2,0,0,2668,2670,C
8-NS,583,1,2613,0,3,2617,T
8-NS,584,2,0,0,2619,2621,C
8-NS,585,0,2642,0,2,2644,T
8-NS,586,2645,0,3,0,2648,A
8-NS,587,2643,0,0,1,2644,A
8-NS,588,2641,0,1,1,2643,A
8-NS,589,2659,0,2,0,2661,A
8-NS,590,2666,0,0,3,2669,A
8-NS,591,0,2638,0,0,2638,T
8-NS,592,0,2,0,2649,2651,C
8-NS,593,0,2627,0,2,2629,T
8-NS,594,2629,0,2,0,2631,A
8-NS,595,0,0,0,2635,2635,C
8-NS,596,2627,2,4,0,2633,A
8-NS,597,0,5,2629,0,2634,G
8-NS,598,2585,0,0,0,2585,A
8-NS,599,1,3,2579,0,2583,G
8-NS,600,2582,0,1,0,2583,A
8-NS,601,0,2543,0,2,2545,T
8-NS,602,0,2551,0,2,2553,T
8-NS,603,0,0,0,2548,2548,C
8-NS,604,0,0,2557,0,2557,G
8-NS,605,1,0,0,2554,2555,C
8-NS,606,0,2537,0,2,2539,T
8-NS,607,0,2552,0,2,2554,T
8-NS,608,2,1,2539,0,2542,G
8-NS,609,0,1,2551,0,2552,G
8-NS,610,2541,1,4,0,2546,A
8-NS,611,2,2,2549,0,2553,G
8-NS,612,2535,1,0,0,2536,A
8-NS,613,2515,0,3,0,2518,A
8-NS,614,0,1,2535,0,2536,G
8-NS,615,1,0,0,2544,2545,C
8-NS,616,2538,1,3,0,2542,A
8-NS,617,0,0,2573,0,2573,G
8-NS,618,0,2554,1,2,2557,T
8-NS,619,2576,0,1,1,2578,A
8-NS,620,2578,0,2,0,2580,A
8-NS,621,0,2564,0,0,2564,T
8-NS,622,1,6,2571,0,2578,G
8-NS,623,2490,0,2,0,2492,A
8-NS,624,1,2,2534,0,2537,G
8-NS,625,2515,0,1,0,2516,A
8-NS,626,2412,0,2,3,2417,A
8-NS,627,0,2409,0,1,2410,T
8-NS,628,0,5,2372,0,2377,G
8-NS,629,1,5,2369,0,2375,G
8-NS,630,2,4,2365,0,2371,G
8-NS,631,1,4,2353,0,2358,G
8-NS,632,0,2,2367,0,2369,G
8-NS,633,2292,0,2,0,2294,A
8-NS,634,1,1,0,2291,2293,C
8-NS,635,3,2,0,2294,2299,C
8-NS,636,0,2217,0,2,2219,T
8-NS,637,1,0,0,2217,2218,C
8-NS,638,2,0,0,2246,2248,C
8-NS,639,2235,1,1,0,2237,A
8-NS,640,1,1,0,2240,2242,C
8-NS,641,0,2193,0,4,2197,T
8-NS,642,0,2188,0,2,2190,T
8-NS,643,2137,0,1,0,2138,A
8-NS,644,0,0,0,2147,2147,C
8-NS,645,0,2131,0,3,2134,T
8-NS,646,3,15,0,2108,2126,C
8-NS,647,0,2,0,2122,2124,C
8-NS,648,2108,0,0,0,2108,A
8-NS,649,2139,0,0,0,2139,A
8-NS,650,2139,0,1,1,2141,A
8-NS,651,2140,0,1,1,2142,A
8-NS,652,1,0,0,2141,2142,C
8-NS,653,2109,1,1,0,2111,A
8-NS,654,0,1,2108,0,2109,G
8-NS,655,2106,0,0,0,2106,A
8-NS,656,2107,0,2,0,2109,A
8-NS,657,2107,0,1,0,2108,A
8-NS,658,0,2,0,2103,2105,C
8-NS,659,0,1,2109,0,2110,G
8-NS,660,0,2,2107,0,2109,G
8-NS,661,13,1,2103,0,2117,G
8-NS,662,2111,0,1,0,2112,A
8-NS,663,2100,1,0,0,2101,A
8-NS,664,2093,1,2,0,2096,A
8-NS,665,0,2085,0,2,2087,T
8-NS,666,0,0,2096,0,2096,G
8-NS,667,0,0,2087,0,2087,G
8-NS,668,0,6,0,2067,2073,C
8-NS,669,1,2,2085,0,2088,G
8-NS,670,2086,0,1,0,2087,A
8-NS,671,1,2,2089,0,2092,G
8-NS,672,2095,0,0,0,2095,A
8-NS,673,2084,0,1,0,2085,A
8-NS,674,0,2,0,2087,2089,C
8-NS,675,2049,0,1,0,2050,A
8-NS,676,1,1,2031,0,2033,G
8-NS,677,0,1,0,2026,2027,C
8-NS,678,0,2036,0,0,2036,T
8-NS,679,2037,0,0,0,2037,A
8-NS,680,0,1,2008,0,2009,G
8-NS,681,0,1,2005,0,2006,G
8-NS,682,0,1986,0,2,1988,T
8-NS,683,7,0,0,1974,1981,C
8-NS,684,1983,0,0,0,1983,A
8-NS,685,1975,0,2,0,1977,A
8-NS,686,1974,1,0,0,1975,A
8-NS,687,1980,0,1,0,1981,A
8-NS,688,2,0,1976,0,1978,G
8-NS,689,0,1938,0,0,1938,T
8-NS,690,0,1934,0,1,1935,T
8-NS,691,0,1939,0,7,1946,T
8-NS,692,1,2,1948,0,1951,G
8-NS,693,1952,1,0,0,1953,A
8-NS,694,1951,0,2,0,1953,A
8-NS,695,0,0,1964,0,1964,G
8-NS,696,1922,1,2,0,1925,A
8-NS,697,0,0,1924,0,1924,G
8-NS,698,1913,0,5,0,1918,A
8-NS,699,0,1921,0,1,1922,T
8-NS,700,1928,0,0,0,1928,A
8-NS,701,1915,0,1,0,1916,A
8-NS,702,0,0,1910,0,1910,G
8-NS,703,1770,0,3,0,1773,A
8-NS,704,0,1758,0,1,1759,T
8-NS,705,2,0,1771,0,1773,G
8-NS,706,1,0,1765,0,1766,G
8-NS,707,0,0,0,1757,1757,C
8-NS,708,0,1746,0,1,1747,T
8-NS,709,1751,0,0,0,1751,A
8-NS,710,1756,0,0,0,1756,A
8-NS,711,1,1751,0,0,1752,T
8-NS,712,0,1744,0,1,1745,T
8-NS,713,0,0,1750,0,1750,G
8-NS,714,1723,0,0,0,1723,A
8-NS,715,1717,0,4,0,1721,A
8-NS,716,1,1,1723,0,1725,G
8-NS,717,1725,1,0,0,1726,A
8-NS,718,1697,1,0,0,1698,A
8-NS,719,0,0,1716,0,1716,G
8-NS,720,0,1690,0,1,1691,T
8-NS,721,1,0,1697,0,1698,G
8-NS,722,1693,0,5,0,1698,A
8-NS,723,2,1,1685,0,1688,G
8-NS,724,1685,0,1,0,1686,A
8-NS,725,1,0,0,1664,1665,C
8-NS,726,1651,0,3,2,1656,A
8-NS,727,0,0,0,1660,1660,C
8-NS,728,1558,0,2,0,1560,A
8-NS,729,0,0,1592,0,1592,G
8-NS,730,1589,0,0,0,1589,A
8-NS,731,0,1572,0,2,1574,T
8-NS,732,0,1572,0,2,1574,T
8-NS,733,1578,0,0,0,1578,A
8-NS,734,1572,1,1,0,1574,A
8-NS,735,1571,0,0,0,1571,A
8-NS,736,1566,0,0,0,1566,A
8-NS,737,1563,0,0,0,1563,A
8-NS,738,0,1,0,1493,1494,C
8-NS,739,1421,0,0,0,1421,A
8-NS,740,1429,0,0,0,1429,A
8-NS,741,2,0,0,1425,1427,C
8-NS,742,1,1407,0,0,1408,T
8-NS,743,2,2,1416,0,1420,G
8-NS,744,1414,1,0,0,1415,A
8-NS,745,1424,0,0,0,1424,A
8-NS,746,1422,0,0,0,1422,A
8-NS,747,1394,0,5,0,1399,A
8-NS,748,0,1390,0,1,1391,T
8-NS,749,1356,0,1,0,1357,A
8-NS,750,0,2,1364,0,1366,G
8-NS,751,0,0,0,1366,1366,C
8-NS,752,0,1337,1,0,1338,T
8-NS,753,0,1345,0,2,1347,T
8-NS,754,0,1335,0,0,1335,T
8-NS,755,1,3,1334,0,1338,G
8-NS,756,1334,0,1,0,1335,A
8-NS,757,1344,0,0,0,1344,A
8-NS,758,0,0,0,1338,1338,C
8-NS,759,1304,0,1,0,1305,A
8-NS,760,1306,0,2,0,1308,A
8-NS,761,1302,0,3,0,1305,A
8-NS,762,0,1296,0,0,1296,T
8-NS,763,1300,0,0,0,1300,A
8-NS,764,1269,0,2,0,1271,A
8-NS,765,0,0,0,1269,1269,C
8-NS,766,1267,1,0,0,1268,A
8-NS,767,0,1250,0,0,1250,T
8-NS,768,1,1218,0,0,1219,T
8-NS,769,1,2,0,1209,1212,C
8-NS,770,1208,0,1,0,1209,A
8-NS,771,0,1197,0,0,1197,T
8-NS,772,1,0,1197,0,1198,G
8-NS,773,1,1,0,1179,1181,C
8-NS,774,1180,0,1,0,1181,A
8-NS,775,1172,0,3,0,1175,A
8-NS,776,0,0,1156,0,1156,G
8-NS,777,0,1,0,1176,1177,C
8-NS,778,1151,0,0,0,1151,A
8-NS,779,0,1153,0,1,1154,T
8-NS,780,1,1148,0,2,1151,T
8-NS,781,1152,0,1,0,1153,A
8-NS,782,0,0,0,1154,1154,C
8-NS,783,1147,0,0,0,1147,A
8-NS,784,1131,0,0,0,1131,A
8-NS,785,0,0,0,1116,1116,C
8-NS,786,1,972,0,0,973,T
8-NS,787,0,0,972,0,972,G
8-NS,788,0,1,0,953,954,C
8-NS,789,0,902,0,0,902,T
8-NS,790,1,0,895,1,897,G
8-NS,791,1,885,0,0,886,T
8-NS,792,0,888,0,0,888,T
8-NS,793,0,885,0,2,887,T
8-NS,794,0,0,879,0,879,G
8-NS,795,871,0,4,0,875,A
8-NS,796,857,0,0,0,857,A
8-NS,797,0,0,856,0,856,G
8-NS,798,0,851,0,1,852,T
8-NS,799,0,0,819,0,819,G
8-NS,800,0,2,824,0,826,G
8-NS,801,824,0,1,0,825,A
8-NS,802,823,0,3,0,826,A
8-NS,803,0,0,0,824,824,C
8-NS,804,801,0,4,0,805,A
8-NS,805,1,0,803,0,804,G
8-NS,806,0,1,791,0,792,G
8-NS,807,771,0,3,0,774,A
8-NS,808,0,0,771,0,771,G
8-NS,809,646,1,2,0,649,A
8-NS,810,0,642,0,1,643,T
8-NS,811,641,0,0,0,641,A
8-NS,812,635,0,2,0,637,A
8-NS,813,2,2,627,0,631,G
8-NS,814,555,0,1,0,556,A
8-NS,815,554,0,0,0,554,A
8-NS,816,1,0,0,542,543,C
8-NS,817,0,487,0,0,487,T
8-NS,818,0,475,0,0,475,T
8-NS,819,0,472,0,0,472,T
8-NS,820,0,0,0,470,470,C
8-NS,821,0,461,0,0,461,T
8-NS,822,0,0,0,453,453,C
8-NS,823,438,0,0,0,438,A
8-NS,824,0,437,0,0,437,T
8-NS,825,0,429,0,1,430,T
8-NS,826,1,432,0,0,433,T
8-NS,827,1,1,0,426,428,C
8-NS,828,410,1,1,0,412,A
8-NS,829,0,0,411,0,411,G
8-NS,830,0,0,0,409,409,C
8-NS,831,0,389,0,0,389,T
8-NS,832,0,382,0,0,382,T
8-NS,833,369,0,0,0,369,A
8-NS,834,0,370,0,0,370,T
8-NS,835,0,367,0,0,367,T
8-NS,836,0,366,0,0,366,T
8-NS,837,348,0,0,0,348,A
8-NS,838,334,0,0,0,334,A
8-NS,839,0,326,0,0,326,T
8-NS,840,0,2,318,0,320,G
8-NS,841,310,0,0,0,310,A
8-NS,842,0,282,0,0,282,T
8-NS,843,275,0,0,0,275,A
8-NS,844,275,0,0,0,275,A
8-NS,845,273,0,0,0,273,A
8-NS,846,273,0,1,0,274,A
8-NS,847,273,0,0,0,273,A
8-NS,848,264,0,1,0,265,A
8-NS,849,0,0,0,264,264,C
8-NS,850,224,0,0,0,224,A
8-NS,851,1,0,0,224,225,C
8-NS,852,1,0,0,216,217,C
8-NS,853,1,0,0,205,206,C
8-NS,854,0,184,0,0,184,T
8-NS,855,0,179,0,0,179,T
8-NS,856,0,1,179,0,180,G
8-NS,857,0,169,0,0,169,T
8-NS,858,0,162,0,0,162,T
8-NS,859,0,161,0,0,161,T
8-NS,860,0,0,0,59,59,C
8-NS,861,0,43,0,0,43,T
8-NS,862,35,0,0,0,35,A
8-NS,863,0,0,0,35,35,C
