Gene,Position,A,T,G,C,Coverage,Consensus
1-PB2,-14,0,477,0,0,477,T
1-PB2,-13,0,0,0,483,483,C
1-PB2,-12,470,0,0,0,470,A
1-PB2,-11,470,0,0,0,470,A
1-PB2,-10,480,0,0,0,480,A
1-PB2,-9,0,499,0,0,499,T
1-PB2,-8,489,0,0,0,489,A
1-PB2,-7,0,504,0,0,504,T
1-PB2,-6,504,0,0,0,504,A
1-PB2,-5,0,492,0,0,492,T
1-PB2,-4,0,493,0,0,493,T
1-PB2,-3,0,0,0,491,491,C
1-PB2,-2,499,0,0,0,499,A
1-PB2,-1,501,0,0,0,501,A
1-PB2,0,0,502,0,0,502,T
1-PB2,1,499,0,0,0,499,A
1-PB2,2,0,506,0,0,506,T
1-PB2,3,0,0,495,0,495,G
1-PB2,4,0,0,492,0,492,G
1-PB2,5,490,1,0,0,491,A
1-PB2,6,0,0,495,0,495,G
1-PB2,7,499,0,0,0,499,A
1-PB2,8,0,1,495,0,496,G
1-PB2,9,492,0,0,0,492,A
1-PB2,10,485,0,1,0,486,A
1-PB2,11,0,475,0,3,478,T
1-PB2,12,446,0,0,0,446,A
1-PB2,13,449,0,0,0,449,A
1-PB2,14,452,0,0,0,452,A
1-PB2,15,449,0,0,0,449,A
1-PB2,16,0,0,486,0,486,G
1-PB2,17,457,0,0,0,457,A
1-PB2,18,462,0,0,0,462,A
1-PB2,19,0,1,0,491,492,C
1-PB2,20,0,514,0,0,514,T
1-PB2,21,1,0,517,0,518,G
1-PB2,22,518,0,0,0,518,A
1-PB2,23,0,0,517,0,517,G
1-PB2,24,514,0,0,0,514,A
1-PB2,25,0,0,513,1,514,G
1-PB2,26,514,0,0,0,514,A
1-PB2,27,0,517,0,0,517,T
1-PB2,28,0,1,0,517,518,C
1-PB2,29,0,514,0,2,516,T
1-PB2,30,520,0,0,0,520,A
1-PB2,31,524,0,0,0,524,A
1-PB2,32,0,525,0,0,525,T
1-PB2,33,0,0,522,0,522,G
1-PB2,34,0,519,0,3,522,T
1-PB2,35,0,0,0,523,523,C
1-PB2,36,1,0,525,0,526,G
1-PB2,37,0,0,0,527,527,C
1-PB2,38,527,0,0,0,527,A
1-PB2,39,0,0,524,0,524,G
1-PB2,40,0,521,0,0,521,T
1-PB2,41,0,0,0,506,506,C
1-PB2,42,0,0,0,504,504,C
1-PB2,43,0,0,0,504,504,C
1-PB2,44,0,0,522,0,522,G
1-PB2,45,0,0,0,514,514,C
1-PB2,46,526,0,0,0,526,A
1-PB2,47,0,0,0,524,524,C
1-PB2,48,0,527,0,0,527,T
1-PB2,49,0,0,0,529,529,C
1-PB2,50,0,0,528,0,528,G
1-PB2,51,0,0,0,526,526,C
1-PB2,52,0,0,528,0,528,G
1-PB2,53,526,0,2,0,528,A
1-PB2,54,0,0,528,0,528,G
1-PB2,55,528,0,0,0,528,A
1-PB2,56,0,525,0,0,525,T
1-PB2,57,525,0,0,0,525,A
1-PB2,58,0,1,0,524,525,C
1-PB2,59,0,526,0,0,526,T
1-PB2,60,0,0,0,526,526,C
1-PB2,61,528,0,0,0,528,A
1-PB2,62,0,0,0,527,527,C
1-PB2,63,0,522,0,0,522,T
1-PB2,64,520,0,0,0,520,A
1-PB2,65,519,0,0,0,519,A
1-PB2,66,0,0,523,0,523,G
1-PB2,67,518,0,2,0,520,A
1-PB2,68,0,0,0,519,519,C
1-PB2,69,0,0,0,519,519,C
1-PB2,70,525,0,0,0,525,A
1-PB2,71,0,0,0,525,525,C
1-PB2,72,0,525,0,0,525,T
1-PB2,73,0,0,521,0,521,G
1-PB2,74,0,522,0,0,522,T
1-PB2,75,0,0,519,0,519,G
1-PB2,76,0,0,519,0,519,G
1-PB2,77,517,0,1,0,518,A
1-PB2,78,0,0,0,520,520,C
1-PB2,79,0,0,0,519,519,C
1-PB2,80,526,0,0,0,526,A
1-PB2,81,0,526,0,0,526,T
1-PB2,82,526,0,0,0,526,A
1-PB2,83,0,525,0,0,525,T
1-PB2,84,1,0,522,0,523,G
1-PB2,85,0,129,396,0,525,G
1-PB2,86,0,1,0,524,525,C
1-PB2,87,0,0,0,526,526,C
1-PB2,88,527,0,0,0,527,A
1-PB2,89,0,523,0,0,523,T
1-PB2,90,523,0,0,0,523,A
1-PB2,91,521,0,0,0,521,A
1-PB2,92,0,524,0,0,524,T
1-PB2,93,1,0,0,521,522,C
1-PB2,94,451,0,0,0,451,A
1-PB2,95,452,0,0,0,452,A
1-PB2,96,451,0,0,1,452,A
1-PB2,97,449,0,0,0,449,A
1-PB2,98,449,0,0,0,449,A
1-PB2,99,0,0,499,0,499,G
1-PB2,100,0,513,0,0,513,T
1-PB2,101,482,0,0,0,482,A
1-PB2,102,0,0,0,521,521,C
1-PB2,103,526,0,0,1,527,A
1-PB2,104,0,0,0,531,531,C
1-PB2,105,531,0,0,0,531,A
1-PB2,106,0,531,0,0,531,T
1-PB2,107,0,0,0,531,531,C
1-PB2,108,528,0,1,0,529,A
1-PB2,109,0,0,520,0,520,G
1-PB2,110,0,0,520,0,520,G
1-PB2,111,520,0,0,0,520,A
1-PB2,112,521,0,0,0,521,A
1-PB2,113,0,0,526,0,526,G
1-PB2,114,0,0,526,0,526,G
1-PB2,115,0,0,0,530,530,C
1-PB2,116,530,0,0,0,530,A
1-PB2,117,531,0,0,0,531,A
1-PB2,118,0,0,532,0,532,G
1-PB2,119,532,0,0,0,532,A
1-PB2,120,0,0,530,0,530,G
1-PB2,121,526,0,0,0,526,A
1-PB2,122,524,0,0,0,524,A
1-PB2,123,0,0,524,0,524,G
1-PB2,124,477,0,1,0,478,A
1-PB2,125,478,0,0,0,478,A
1-PB2,126,0,1,0,430,431,C
1-PB2,127,0,0,0,430,430,C
1-PB2,128,0,0,0,436,436,C
1-PB2,129,0,0,0,433,433,C
1-PB2,130,0,0,480,0,480,G
1-PB2,131,0,0,0,485,485,C
1-PB2,132,543,0,0,0,543,A
1-PB2,133,0,0,0,546,546,C
1-PB2,134,0,548,0,0,548,T
1-PB2,135,0,0,0,554,554,C
1-PB2,136,554,0,0,0,554,A
1-PB2,137,1,0,558,0,559,G
1-PB2,138,561,0,0,0,561,A
1-PB2,139,564,0,0,0,564,A
1-PB2,140,0,565,0,0,565,T
1-PB2,141,0,0,563,0,563,G
1-PB2,142,560,0,0,0,560,A
1-PB2,143,561,0,0,0,561,A
1-PB2,144,2,0,561,0,563,G
1-PB2,145,0,567,0,0,567,T
1-PB2,146,0,0,566,0,566,G
1-PB2,147,1,0,565,0,566,G
1-PB2,148,566,0,0,0,566,A
1-PB2,149,0,570,0,0,570,T
1-PB2,150,0,0,571,0,571,G
1-PB2,151,570,0,1,0,571,A
1-PB2,152,0,570,0,2,572,T
1-PB2,153,0,0,572,0,572,G
1-PB2,154,0,0,571,0,571,G
1-PB2,155,0,0,0,570,570,C
1-PB2,156,570,0,0,0,570,A
1-PB2,157,570,0,0,0,570,A
1-PB2,158,0,570,0,0,570,T
1-PB2,159,0,0,568,0,568,G
1-PB2,160,568,0,0,0,568,A
1-PB2,161,0,0,563,2,565,G
1-PB2,162,565,0,0,0,565,A
1-PB2,163,0,559,0,0,559,T
1-PB2,164,559,0,0,0,559,A
1-PB2,165,0,1,0,544,545,C
1-PB2,166,0,0,0,543,543,C
1-PB2,167,0,0,0,543,543,C
1-PB2,168,558,0,0,0,558,A
1-PB2,169,560,0,0,0,560,A
1-PB2,170,0,555,0,0,555,T
1-PB2,171,0,554,0,0,554,T
1-PB2,172,553,0,0,0,553,A
1-PB2,173,0,0,0,558,558,C
1-PB2,174,561,0,0,0,561,A
1-PB2,175,0,0,565,0,565,G
1-PB2,176,0,0,0,565,565,C
1-PB2,177,566,0,0,0,566,A
1-PB2,178,0,0,564,0,564,G
1-PB2,179,563,0,0,0,563,A
1-PB2,180,0,0,0,563,563,C
1-PB2,181,561,0,0,0,561,A
1-PB2,182,560,0,0,0,560,A
1-PB2,183,0,0,561,0,561,G
1-PB2,184,562,0,0,0,562,A
1-PB2,185,0,0,562,0,562,G
1-PB2,186,556,0,1,0,557,A
1-PB2,187,557,0,0,0,557,A
1-PB2,188,0,556,0,0,556,T
1-PB2,189,560,0,0,0,560,A
1-PB2,190,560,0,0,0,560,A
1-PB2,191,0,561,0,0,561,T
1-PB2,192,0,0,559,0,559,G
1-PB2,193,0,0,561,0,561,G
1-PB2,194,563,0,1,0,564,A
1-PB2,195,0,0,0,566,566,C
1-PB2,196,565,0,0,1,566,A
1-PB2,197,0,565,0,0,565,T
1-PB2,198,0,0,564,0,564,G
1-PB2,199,563,0,0,0,563,A
1-PB2,200,0,557,0,0,557,T
1-PB2,201,0,557,0,0,557,T
1-PB2,202,0,0,0,558,558,C
1-PB2,203,0,0,0,558,558,C
1-PB2,204,563,0,0,0,563,A
1-PB2,205,1,0,562,0,563,G
1-PB2,206,562,1,0,0,563,A
1-PB2,207,0,0,562,0,562,G
1-PB2,208,559,0,1,0,560,A
1-PB2,209,0,0,557,0,557,G
1-PB2,210,0,0,557,0,557,G
1-PB2,211,559,0,0,0,559,A
1-PB2,212,560,0,0,0,560,A
1-PB2,213,0,561,0,0,561,T
1-PB2,214,0,0,551,0,551,G
1-PB2,215,545,0,0,0,545,A
1-PB2,216,544,0,1,0,545,A
1-PB2,217,0,0,0,545,545,C
1-PB2,218,542,0,0,0,542,A
1-PB2,219,542,0,1,0,543,A
1-PB2,220,0,0,540,0,540,G
1-PB2,221,0,0,539,0,539,G
1-PB2,222,532,0,1,0,533,A
1-PB2,223,0,0,0,523,523,C
1-PB2,224,488,0,0,0,488,A
1-PB2,225,474,0,0,0,474,A
1-PB2,226,473,0,0,0,473,A
1-PB2,227,0,0,0,454,454,C
1-PB2,228,0,0,0,445,445,C
1-PB2,229,0,0,0,455,455,C
1-PB2,230,0,491,0,0,491,T
1-PB2,231,0,0,0,468,468,C
1-PB2,232,0,499,0,0,499,T
1-PB2,233,0,0,498,0,498,G
1-PB2,234,0,0,498,0,498,G
1-PB2,235,499,0,0,0,499,A
1-PB2,236,0,0,494,0,494,G
1-PB2,237,0,0,0,490,490,C
1-PB2,238,434,0,0,0,434,A
1-PB2,239,437,0,0,0,437,A
1-PB2,240,437,0,0,0,437,A
1-PB2,241,436,0,0,0,436,A
1-PB2,242,0,0,0,489,489,C
1-PB2,243,416,0,0,0,416,A
1-PB2,244,419,0,0,0,419,A
1-PB2,245,422,0,1,0,423,A
1-PB2,246,0,0,0,505,505,C
1-PB2,247,1,0,526,0,527,G
1-PB2,248,523,0,0,0,523,A
1-PB2,249,0,541,0,0,541,T
1-PB2,250,0,0,541,0,541,G
1-PB2,251,0,0,0,546,546,C
1-PB2,252,0,547,0,0,547,T
1-PB2,253,0,1,547,0,548,G
1-PB2,254,0,0,545,0,545,G
1-PB2,255,546,0,0,0,546,A
1-PB2,256,0,546,0,0,546,T
1-PB2,257,0,0,0,546,546,C
1-PB2,258,546,0,0,0,546,A
1-PB2,259,0,0,546,0,546,G
1-PB2,260,543,0,0,0,543,A
1-PB2,261,0,0,0,541,541,C
1-PB2,262,0,0,0,541,541,C
1-PB2,263,0,0,544,0,544,G
1-PB2,264,544,0,1,0,545,A
1-PB2,265,0,0,545,0,545,G
1-PB2,266,0,545,0,0,545,T
1-PB2,267,0,0,545,0,545,G
1-PB2,268,544,0,1,0,545,A
1-PB2,269,0,543,0,1,544,T
1-PB2,270,0,0,540,0,540,G
1-PB2,271,0,0,540,0,540,G
1-PB2,272,0,541,0,0,541,T
1-PB2,273,539,0,0,0,539,A
1-PB2,274,0,541,0,0,541,T
1-PB2,275,0,0,0,534,534,C
1-PB2,276,520,0,0,0,520,A
1-PB2,277,0,0,0,518,518,C
1-PB2,278,0,1,0,516,517,C
1-PB2,279,0,529,0,0,529,T
1-PB2,280,0,0,0,532,532,C
1-PB2,281,0,532,0,0,532,T
1-PB2,282,0,0,442,0,442,G
1-PB2,283,0,0,440,0,440,G
1-PB2,284,0,0,0,440,440,C
1-PB2,285,0,1,0,441,442,C
1-PB2,286,0,0,441,0,441,G
1-PB2,287,0,434,0,0,434,T
1-PB2,288,429,0,0,0,429,A
1-PB2,289,429,0,0,0,429,A
1-PB2,290,0,0,0,437,437,C
1-PB2,291,432,0,1,0,433,A
1-PB2,292,0,432,0,0,432,T
1-PB2,293,0,0,429,0,429,G
1-PB2,294,0,0,429,0,429,G
1-PB2,295,0,428,0,0,428,T
1-PB2,296,0,0,417,0,417,G
1-PB2,297,0,0,417,0,417,G
1-PB2,298,411,0,0,0,411,A
1-PB2,299,411,0,0,0,411,A
1-PB2,300,0,413,0,0,413,T
1-PB2,301,410,0,0,0,410,A
1-PB2,302,0,0,412,0,412,G
1-PB2,303,0,0,412,0,412,G
1-PB2,304,414,0,0,0,414,A
1-PB2,305,411,0,0,0,411,A
1-PB2,306,0,412,0,0,412,T
1-PB2,307,0,0,407,0,407,G
1-PB2,308,0,0,406,0,406,G
1-PB2,309,0,0,0,397,397,C
1-PB2,310,0,0,0,393,393,C
1-PB2,311,0,0,0,395,395,C
1-PB2,312,395,0,0,0,395,A
1-PB2,313,377,0,0,0,377,A
1-PB2,314,0,0,0,322,322,C
1-PB2,315,362,0,0,0,362,A
1-PB2,316,364,0,0,0,364,A
1-PB2,317,0,0,0,374,374,C
1-PB2,318,384,0,0,0,384,A
1-PB2,319,384,0,0,0,384,A
1-PB2,320,0,0,388,0,388,G
1-PB2,321,0,388,0,0,388,T
1-PB2,322,388,0,0,0,388,A
1-PB2,323,0,1,0,388,389,C
1-PB2,324,390,0,0,0,390,A
1-PB2,325,0,0,389,0,389,G
1-PB2,326,0,388,0,0,388,T
1-PB2,327,0,386,0,1,387,T
1-PB2,328,0,0,0,386,386,C
1-PB2,329,386,0,0,0,386,A
1-PB2,330,0,385,0,0,385,T
1-PB2,331,0,382,0,0,382,T
1-PB2,332,376,0,0,0,376,A
1-PB2,333,0,0,0,367,367,C
1-PB2,334,0,0,0,366,366,C
1-PB2,335,0,0,0,364,364,C
1-PB2,336,0,366,0,0,366,T
1-PB2,337,365,0,0,0,365,A
1-PB2,338,366,0,0,0,366,A
1-PB2,339,0,0,363,0,363,G
1-PB2,340,0,0,363,0,363,G
1-PB2,341,0,362,0,0,362,T
1-PB2,342,361,0,0,0,361,A
1-PB2,343,0,361,0,0,361,T
1-PB2,344,329,0,0,0,329,A
1-PB2,345,0,333,0,0,333,T
1-PB2,346,298,0,0,0,298,A
1-PB2,347,300,0,0,0,300,A
1-PB2,348,288,0,0,0,288,A
1-PB2,349,259,0,0,0,259,A
1-PB2,350,0,0,0,262,262,C
1-PB2,351,0,231,0,0,231,T
1-PB2,352,0,235,0,0,235,T
1-PB2,353,256,0,0,0,256,A
1-PB2,354,0,264,0,0,264,T
1-PB2,355,0,264,0,0,264,T
1-PB2,356,0,265,0,0,265,T
1-PB2,357,0,0,0,271,271,C
1-PB2,358,0,0,271,0,271,G
1-PB2,359,259,0,0,0,259,A
1-PB2,360,261,0,0,0,261,A
1-PB2,361,262,0,0,0,262,A
1-PB2,362,263,0,0,0,263,A
1-PB2,363,0,0,269,0,269,G
1-PB2,364,0,0,269,0,269,G
1-PB2,365,0,271,0,0,271,T
1-PB2,366,0,0,0,272,272,C
1-PB2,367,0,0,270,0,270,G
1-PB2,368,249,0,0,0,249,A
1-PB2,369,245,0,1,0,246,A
1-PB2,370,248,0,0,0,248,A
1-PB2,371,0,0,274,0,274,G
1-PB2,372,0,0,274,0,274,G
1-PB2,373,0,279,0,0,279,T
1-PB2,374,0,280,0,0,280,T
1-PB2,375,0,0,279,0,279,G
1-PB2,376,278,0,1,0,279,A
1-PB2,377,278,0,0,0,278,A
1-PB2,378,279,0,0,0,279,A
1-PB2,379,0,0,0,281,281,C
1-PB2,380,283,0,0,0,283,A
1-PB2,381,0,285,0,0,285,T
1-PB2,382,0,0,285,0,285,G
1-PB2,383,0,0,285,0,285,G
1-PB2,384,0,284,0,0,284,T
1-PB2,385,283,0,0,0,283,A
1-PB2,386,0,0,0,284,284,C
1-PB2,387,0,0,0,284,284,C
1-PB2,388,0,284,0,0,284,T
1-PB2,389,0,284,0,0,284,T
1-PB2,390,0,0,0,279,279,C
1-PB2,391,0,0,285,0,285,G
1-PB2,392,0,0,285,0,285,G
1-PB2,393,0,0,0,278,278,C
1-PB2,394,0,0,0,279,279,C
1-PB2,395,0,1,0,282,283,C
1-PB2,396,0,295,0,0,295,T
1-PB2,397,0,0,295,0,295,G
1-PB2,398,0,295,0,0,295,T
1-PB2,399,0,0,0,295,295,C
1-PB2,400,0,0,0,295,295,C
1-PB2,401,295,0,0,0,295,A
1-PB2,402,0,0,0,296,296,C
1-PB2,403,0,296,0,0,296,T
1-PB2,404,0,299,0,0,299,T
1-PB2,405,0,0,0,298,298,C
1-PB2,406,296,0,0,0,296,A
1-PB2,407,0,0,297,0,297,G
1-PB2,408,288,0,0,0,288,A
1-PB2,409,293,0,0,0,293,A
1-PB2,410,296,0,0,0,296,A
1-PB2,411,0,304,0,0,304,T
1-PB2,412,0,0,0,303,303,C
1-PB2,413,289,0,0,0,289,A
1-PB2,414,288,0,2,0,290,A
1-PB2,415,0,0,305,0,305,G
1-PB2,416,0,301,0,0,301,T
1-PB2,417,0,300,0,0,300,T
1-PB2,418,271,0,0,0,271,A
1-PB2,419,272,0,0,0,272,A
1-PB2,420,272,0,0,0,272,A
1-PB2,421,272,0,0,0,272,A
1-PB2,422,0,300,0,0,300,T
1-PB2,423,293,0,0,0,293,A
1-PB2,424,294,0,0,0,294,A
1-PB2,425,0,0,300,0,300,G
1-PB2,426,0,0,300,0,300,G
1-PB2,427,302,0,0,0,302,A
1-PB2,428,0,0,299,0,299,G
1-PB2,429,0,0,302,0,302,G
1-PB2,430,304,0,0,0,304,A
1-PB2,431,0,0,307,0,307,G
1-PB2,432,307,0,0,0,307,A
1-PB2,433,0,0,309,0,309,G
1-PB2,434,0,310,0,0,310,T
1-PB2,435,0,311,0,0,311,T
1-PB2,436,0,0,312,0,312,G
1-PB2,437,314,0,0,0,314,A
1-PB2,438,0,315,0,0,315,T
1-PB2,439,308,0,0,0,308,A
1-PB2,440,0,0,0,299,299,C
1-PB2,441,279,0,0,0,279,A
1-PB2,442,277,0,0,0,277,A
1-PB2,443,278,0,0,0,278,A
1-PB2,444,0,2,0,301,303,C
1-PB2,445,0,0,0,301,301,C
1-PB2,446,0,0,0,326,326,C
1-PB2,447,0,340,0,0,340,T
1-PB2,448,0,0,342,0,342,G
1-PB2,449,0,0,342,0,342,G
1-PB2,450,0,0,0,343,343,C
1-PB2,451,0,0,0,343,343,C
1-PB2,452,355,0,0,0,355,A
1-PB2,453,0,360,0,1,361,T
1-PB2,454,2,0,360,0,362,G
1-PB2,455,0,0,0,362,362,C
1-PB2,456,364,0,0,0,364,A
1-PB2,457,0,0,365,0,365,G
1-PB2,458,365,0,0,0,365,A
1-PB2,459,0,364,0,0,364,T
1-PB2,460,1,0,0,363,364,C
1-PB2,461,0,366,0,0,366,T
1-PB2,462,0,0,0,366,366,C
1-PB2,463,369,0,0,0,369,A
1-PB2,464,0,0,369,0,369,G
1-PB2,465,0,369,0,0,369,T
1-PB2,466,0,0,371,0,371,G
1-PB2,467,0,0,0,369,369,C
1-PB2,468,0,0,0,369,369,C
1-PB2,469,368,0,0,0,368,A
1-PB2,470,369,0,0,0,369,A
1-PB2,471,0,0,372,0,372,G
1-PB2,472,0,0,371,0,371,G
1-PB2,473,370,0,1,0,371,A
1-PB2,474,0,0,373,0,373,G
1-PB2,475,0,0,372,0,372,G
1-PB2,476,0,0,0,371,371,C
1-PB2,477,369,0,0,0,369,A
1-PB2,478,0,0,0,370,370,C
1-PB2,479,368,0,0,0,368,A
1-PB2,480,0,0,367,0,367,G
1-PB2,481,0,0,367,0,367,G
1-PB2,482,373,0,0,0,373,A
1-PB2,483,0,374,0,0,374,T
1-PB2,484,0,0,373,0,373,G
1-PB2,485,0,373,0,0,373,T
1-PB2,486,0,0,373,0,373,G
1-PB2,487,377,0,0,0,377,A
1-PB2,488,0,374,0,0,374,T
1-PB2,489,0,374,0,0,374,T
1-PB2,490,376,0,0,0,376,A
1-PB2,491,0,379,0,0,379,T
1-PB2,492,0,0,379,0,379,G
1-PB2,493,0,0,382,0,382,G
1-PB2,494,381,0,0,0,381,A
1-PB2,495,384,0,0,0,384,A
1-PB2,496,0,0,381,0,381,G
1-PB2,497,0,343,0,0,343,T
1-PB2,498,0,339,0,0,339,T
1-PB2,499,0,0,357,0,357,G
1-PB2,500,0,343,0,0,343,T
1-PB2,501,0,349,0,0,349,T
1-PB2,502,0,354,0,0,354,T
1-PB2,503,0,354,0,0,354,T
1-PB2,504,0,1,0,373,374,C
1-PB2,505,0,0,0,366,366,C
1-PB2,506,0,0,0,375,375,C
1-PB2,507,383,0,0,0,383,A
1-PB2,508,382,0,0,0,382,A
1-PB2,509,383,0,0,0,383,A
1-PB2,510,0,393,0,0,393,T
1-PB2,511,0,0,391,0,391,G
1-PB2,512,386,0,0,0,386,A
1-PB2,513,383,0,1,0,384,A
1-PB2,514,0,0,314,0,314,G
1-PB2,515,0,386,0,0,386,T
1-PB2,516,0,0,329,0,329,G
1-PB2,517,0,0,333,0,333,G
1-PB2,518,0,1,339,0,340,G
1-PB2,519,0,0,340,0,340,G
1-PB2,520,0,0,341,0,341,G
1-PB2,521,0,0,0,421,421,C
1-PB2,522,426,0,0,0,426,A
1-PB2,523,437,0,0,0,437,A
1-PB2,524,1,0,444,0,445,G
1-PB2,525,458,0,0,0,458,A
1-PB2,526,463,0,0,0,463,A
1-PB2,527,0,470,0,0,470,T
1-PB2,528,472,0,1,0,473,A
1-PB2,529,0,0,0,483,483,C
1-PB2,530,0,483,0,0,483,T
1-PB2,531,0,0,483,0,483,G
1-PB2,532,482,0,0,0,482,A
1-PB2,533,0,0,0,480,480,C
1-PB2,534,481,0,0,0,481,A
1-PB2,535,1,0,480,0,481,G
1-PB2,536,0,0,0,486,486,C
1-PB2,537,486,0,0,0,486,A
1-PB2,538,0,0,486,0,486,G
1-PB2,539,489,0,0,0,489,A
1-PB2,540,0,0,489,0,489,G
1-PB2,541,0,489,0,0,489,T
1-PB2,542,0,0,0,488,488,C
1-PB2,543,485,0,1,0,486,A
1-PB2,544,0,0,0,486,486,C
1-PB2,545,485,0,1,0,486,A
1-PB2,546,0,0,490,0,490,G
1-PB2,547,0,0,0,488,488,C
1-PB2,548,0,489,0,0,489,T
1-PB2,549,0,0,488,0,488,G
1-PB2,550,0,0,490,0,490,G
1-PB2,551,0,0,0,492,492,C
1-PB2,552,492,0,0,0,492,A
1-PB2,553,494,0,0,0,494,A
1-PB2,554,0,490,0,0,490,T
1-PB2,555,466,0,0,0,466,A
1-PB2,556,467,0,0,0,467,A
1-PB2,557,0,1,0,483,484,C
1-PB2,558,473,0,0,0,473,A
1-PB2,559,476,0,0,0,476,A
1-PB2,560,476,0,0,0,476,A
1-PB2,561,476,0,1,0,477,A
1-PB2,562,1,0,499,0,500,G
1-PB2,563,499,0,0,0,499,A
1-PB2,564,0,0,504,0,504,G
1-PB2,565,506,0,0,0,506,A
1-PB2,566,507,0,0,0,507,A
1-PB2,567,0,0,514,0,514,G
1-PB2,568,497,0,1,0,498,A
1-PB2,569,500,0,0,0,500,A
1-PB2,570,500,0,0,0,500,A
1-PB2,571,0,0,519,0,519,G
1-PB2,572,519,0,0,0,519,A
1-PB2,573,518,0,0,0,518,A
1-PB2,574,1,0,522,0,523,G
1-PB2,575,523,0,0,0,523,A
1-PB2,576,0,0,522,0,522,G
1-PB2,577,0,0,0,523,523,C
1-PB2,578,0,517,0,0,517,T
1-PB2,579,0,0,0,517,517,C
1-PB2,580,0,0,0,519,519,C
1-PB2,581,518,0,2,0,520,A
1-PB2,582,0,0,521,0,521,G
1-PB2,583,0,0,525,0,525,G
1-PB2,584,528,0,0,0,528,A
1-PB2,585,0,527,0,0,527,T
1-PB2,586,0,523,0,0,523,T
1-PB2,587,1,0,512,0,513,G
1-PB2,588,0,498,1,0,499,T
1-PB2,589,473,0,0,0,473,A
1-PB2,590,476,0,0,0,476,A
1-PB2,591,476,0,0,0,476,A
1-PB2,592,479,0,0,0,479,A
1-PB2,593,0,519,0,0,519,T
1-PB2,594,0,518,0,0,518,T
1-PB2,595,0,0,528,0,528,G
1-PB2,596,0,0,0,516,516,C
1-PB2,597,0,526,0,0,526,T
1-PB2,598,0,0,0,498,498,C
1-PB2,599,0,1,0,490,491,C
1-PB2,600,0,0,0,499,499,C
1-PB2,601,0,526,0,0,526,T
1-PB2,602,0,526,0,0,526,T
1-PB2,603,1,0,536,0,537,G
1-PB2,604,538,0,1,0,539,A
1-PB2,605,0,538,0,0,538,T
1-PB2,606,0,0,537,0,537,G
1-PB2,607,0,0,538,0,538,G
1-PB2,608,0,538,0,0,538,T
1-PB2,609,1,0,542,0,543,G
1-PB2,610,0,0,541,0,541,G
1-PB2,611,0,0,0,545,545,C
1-PB2,612,0,0,549,0,549,G
1-PB2,613,0,550,0,1,551,T
1-PB2,614,550,0,1,0,551,A
1-PB2,615,0,1,0,549,550,C
1-PB2,616,551,0,0,1,552,A
1-PB2,617,0,553,0,0,553,T
1-PB2,618,0,0,553,0,553,G
1-PB2,619,0,0,0,553,553,C
1-PB2,620,0,553,0,0,553,T
1-PB2,621,551,0,0,0,551,A
1-PB2,622,0,2,550,0,552,G
1-PB2,623,538,0,0,0,538,A
1-PB2,624,537,0,0,0,537,A
1-PB2,625,536,0,1,0,537,A
1-PB2,626,0,2,545,0,547,G
1-PB2,627,547,1,0,0,548,A
1-PB2,628,0,0,550,0,550,G
1-PB2,629,551,0,0,0,551,A
1-PB2,630,553,0,0,0,553,A
1-PB2,631,0,550,0,1,551,T
1-PB2,632,0,551,0,1,552,T
1-PB2,633,0,0,550,0,550,G
1-PB2,634,0,0,551,0,551,G
1-PB2,635,0,550,0,0,550,T
1-PB2,636,0,0,0,549,549,C
1-PB2,637,0,0,0,546,546,C
1-PB2,638,0,0,534,0,534,G
1-PB2,639,0,520,0,0,520,T
1-PB2,640,502,0,0,0,502,A
1-PB2,641,506,0,0,0,506,A
1-PB2,642,509,0,0,0,509,A
1-PB2,643,509,0,0,0,509,A
1-PB2,644,0,0,0,528,528,C
1-PB2,645,517,0,0,0,517,A
1-PB2,646,522,0,0,0,522,A
1-PB2,647,1,0,521,0,522,G
1-PB2,648,0,0,521,0,521,G
1-PB2,649,0,516,0,0,516,T
1-PB2,650,0,514,0,1,515,T
1-PB2,651,0,527,0,0,527,T
1-PB2,652,0,0,0,531,531,C
1-PB2,653,0,548,0,0,548,T
1-PB2,654,0,0,0,546,546,C
1-PB2,655,0,2,0,548,550,C
1-PB2,656,0,0,0,548,548,C
1-PB2,657,576,0,0,0,576,A
1-PB2,658,1,0,578,0,579,G
1-PB2,659,0,579,0,0,579,T
1-PB2,660,578,0,0,0,578,A
1-PB2,661,0,0,577,0,577,G
1-PB2,662,0,0,0,574,574,C
1-PB2,663,0,0,0,572,572,C
1-PB2,664,0,0,572,0,572,G
1-PB2,665,1,0,569,0,570,G
1-PB2,666,0,0,0,572,572,C
1-PB2,667,0,0,570,0,570,G
1-PB2,668,0,0,575,0,575,G
1-PB2,669,573,0,0,0,573,A
1-PB2,670,574,0,0,0,574,A
1-PB2,671,0,0,0,575,575,C
1-PB2,672,577,0,0,0,577,A
1-PB2,673,0,0,576,0,576,G
1-PB2,674,2,0,574,0,576,G
1-PB2,675,0,1,0,578,579,C
1-PB2,676,587,0,1,0,588,A
1-PB2,677,0,0,589,0,589,G
1-PB2,678,0,582,0,0,582,T
1-PB2,679,0,0,576,0,576,G
1-PB2,680,0,564,0,0,564,T
1-PB2,681,0,564,0,0,564,T
1-PB2,682,0,571,0,0,571,T
1-PB2,683,590,0,0,0,590,A
1-PB2,684,0,588,0,0,588,T
1-PB2,685,595,0,0,0,595,A
1-PB2,686,0,595,0,0,595,T
1-PB2,687,0,592,0,0,592,T
1-PB2,688,0,0,590,0,590,G
1-PB2,689,590,0,0,0,590,A
1-PB2,690,592,0,1,0,593,A
1-PB2,691,0,0,594,0,594,G
1-PB2,692,0,595,0,0,595,T
1-PB2,693,0,0,587,0,587,G
1-PB2,694,0,587,0,0,587,T
1-PB2,695,0,585,0,1,586,T
1-PB2,696,0,0,591,0,591,G
1-PB2,697,0,0,0,591,591,C
1-PB2,698,581,0,1,0,582,A
1-PB2,699,0,1,0,549,550,C
1-PB2,700,0,563,0,0,563,T
1-PB2,701,0,564,0,0,564,T
1-PB2,702,563,0,0,0,563,A
1-PB2,703,564,0,0,0,564,A
1-PB2,704,0,0,0,556,556,C
1-PB2,705,0,0,0,554,554,C
1-PB2,706,0,1,0,549,550,C
1-PB2,707,566,0,0,0,566,A
1-PB2,708,567,0,0,0,567,A
1-PB2,709,0,0,571,0,571,G
1-PB2,710,0,0,568,0,568,G
1-PB2,711,1,0,569,0,570,G
1-PB2,712,576,0,3,0,579,A
1-PB2,713,0,0,0,580,580,C
1-PB2,714,0,0,571,0,571,G
1-PB2,715,0,582,0,0,582,T
1-PB2,716,0,0,585,0,585,G
1-PB2,717,1,0,0,584,585,C
1-PB2,718,0,586,0,0,586,T
1-PB2,719,0,0,566,0,566,G
1-PB2,720,0,0,565,0,565,G
1-PB2,721,2,0,563,0,565,G
1-PB2,722,580,0,2,0,582,A
1-PB2,723,0,0,584,0,584,G
1-PB2,724,0,0,0,588,588,C
1-PB2,725,588,0,0,0,588,A
1-PB2,726,0,0,589,0,589,G
1-PB2,727,590,0,0,0,590,A
1-PB2,728,0,589,0,2,591,T
1-PB2,729,0,0,591,0,591,G
1-PB2,730,0,591,0,0,591,T
1-PB2,731,590,0,0,0,590,A
1-PB2,732,0,0,0,591,591,C
1-PB2,733,587,0,0,0,587,A
1-PB2,734,0,0,0,586,586,C
1-PB2,735,0,587,0,0,587,T
1-PB2,736,0,0,0,585,585,C
1-PB2,737,0,0,0,587,587,C
1-PB2,738,578,0,0,0,578,A
1-PB2,739,0,0,576,0,576,G
1-PB2,740,0,0,576,0,576,G
1-PB2,741,578,0,0,0,578,A
1-PB2,742,0,0,577,0,577,G
1-PB2,743,0,0,573,0,573,G
1-PB2,744,571,0,0,0,571,A
1-PB2,745,3,0,572,0,575,G
1-PB2,746,576,0,0,0,576,A
1-PB2,747,577,0,0,0,577,A
1-PB2,748,0,0,575,0,575,G
1-PB2,749,0,574,0,0,574,T
1-PB2,750,0,0,548,0,548,G
1-PB2,751,464,0,1,0,465,A
1-PB2,752,454,0,0,0,454,A
1-PB2,753,462,0,0,0,462,A
1-PB2,754,468,0,0,0,468,A
1-PB2,755,470,0,0,0,470,A
1-PB2,756,0,572,0,0,572,T
1-PB2,757,0,0,579,0,579,G
1-PB2,758,584,0,1,0,585,A
1-PB2,759,0,588,0,0,588,T
1-PB2,760,1,0,585,0,586,G
1-PB2,761,587,0,0,0,587,A
1-PB2,762,0,587,0,0,587,T
1-PB2,763,0,0,587,0,587,G
1-PB2,764,0,586,0,0,586,T
1-PB2,765,0,583,0,0,583,T
1-PB2,766,0,0,584,0,584,G
1-PB2,767,576,0,0,0,576,A
1-PB2,768,0,0,0,572,572,C
1-PB2,769,0,0,0,569,569,C
1-PB2,770,549,0,0,0,549,A
1-PB2,771,550,0,0,0,550,A
1-PB2,772,552,0,0,0,552,A
1-PB2,773,0,0,553,1,554,G
1-PB2,774,0,532,0,0,532,T
1-PB2,775,0,532,0,0,532,T
1-PB2,776,0,530,0,1,531,T
1-PB2,777,0,0,575,0,575,G
1-PB2,778,576,0,0,0,576,A
1-PB2,779,0,579,0,0,579,T
1-PB2,780,0,579,0,1,580,T
1-PB2,781,581,0,0,0,581,A
1-PB2,782,0,583,0,0,583,T
1-PB2,783,0,0,0,583,583,C
1-PB2,784,0,0,579,0,579,G
1-PB2,785,0,0,0,579,579,C
1-PB2,786,0,579,0,0,579,T
1-PB2,787,0,0,579,0,579,G
1-PB2,788,0,0,0,574,574,C
1-PB2,789,0,573,0,0,573,T
1-PB2,790,565,0,0,0,565,A
1-PB2,791,0,0,563,0,563,G
1-PB2,792,549,0,0,0,549,A
1-PB2,793,547,0,0,0,547,A
1-PB2,794,549,0,0,0,549,A
1-PB2,795,0,0,0,564,564,C
1-PB2,796,564,0,1,0,565,A
1-PB2,797,0,570,0,0,570,T
1-PB2,798,572,0,0,0,572,A
1-PB2,799,0,0,568,0,568,G
1-PB2,800,0,563,0,0,563,T
1-PB2,801,558,0,0,0,558,A
1-PB2,802,558,0,1,0,559,A
1-PB2,803,0,0,567,0,567,G
1-PB2,804,570,0,0,0,570,A
1-PB2,805,575,0,0,0,575,A
1-PB2,806,0,0,578,0,578,G
1-PB2,807,580,0,1,0,581,A
1-PB2,808,0,0,583,0,583,G
1-PB2,809,0,0,0,584,584,C
1-PB2,810,589,0,0,0,589,A
1-PB2,811,0,0,589,0,589,G
1-PB2,812,0,0,0,585,585,C
1-PB2,813,585,0,0,0,585,A
1-PB2,814,0,0,587,0,587,G
1-PB2,815,0,586,0,1,587,T
1-PB2,816,0,0,585,0,585,G
1-PB2,817,0,584,0,1,585,T
1-PB2,818,0,0,0,583,583,C
1-PB2,819,585,0,0,0,585,A
1-PB2,820,0,0,588,0,588,G
1-PB2,821,0,0,0,588,588,C
1-PB2,822,587,0,0,0,587,A
1-PB2,823,0,0,584,0,584,G
1-PB2,824,577,0,0,0,577,A
1-PB2,825,0,0,0,559,559,C
1-PB2,826,0,0,0,562,562,C
1-PB2,827,0,0,0,560,560,C
1-PB2,828,587,0,0,0,587,A
1-PB2,829,0,583,0,0,583,T
1-PB2,830,0,584,0,0,584,T
1-PB2,831,583,0,0,0,583,A
1-PB2,832,0,0,589,0,589,G
1-PB2,833,0,0,0,589,589,C
1-PB2,834,590,0,0,0,590,A
1-PB2,835,0,586,0,0,586,T
1-PB2,836,0,0,0,587,587,C
1-PB2,837,0,582,0,0,582,T
1-PB2,838,0,0,0,580,580,C
1-PB2,839,0,575,0,0,575,T
1-PB2,840,0,0,0,574,574,C
1-PB2,841,0,568,0,0,568,T
1-PB2,842,0,565,0,1,566,T
1-PB2,843,0,0,549,0,549,G
1-PB2,844,0,0,549,0,549,G
1-PB2,845,517,0,0,0,517,A
1-PB2,846,512,0,1,0,513,A
1-PB2,847,519,0,0,0,519,A
1-PB2,848,0,563,0,0,563,T
1-PB2,849,0,0,569,0,569,G
1-PB2,850,0,574,0,1,575,T
1-PB2,851,0,0,571,0,571,G
1-PB2,852,0,0,0,576,576,C
1-PB2,853,0,0,0,576,576,C
1-PB2,854,576,0,0,0,576,A
1-PB2,855,0,0,0,576,576,C
1-PB2,856,575,0,0,0,575,A
1-PB2,857,0,0,578,0,578,G
1-PB2,858,0,0,0,575,575,C
1-PB2,859,574,0,3,0,577,A
1-PB2,860,0,1,0,575,576,C
1-PB2,861,569,0,1,0,570,A
1-PB2,862,0,1,0,569,570,C
1-PB2,863,569,0,0,0,569,A
1-PB2,864,0,0,568,0,568,G
1-PB2,865,568,0,0,0,568,A
1-PB2,866,0,565,0,0,565,T
1-PB2,867,0,561,0,0,561,T
1-PB2,868,0,0,559,0,559,G
1-PB2,869,0,0,553,0,553,G
1-PB2,870,558,0,0,0,558,A
1-PB2,871,1,0,558,0,559,G
1-PB2,872,0,0,556,0,556,G
1-PB2,873,558,0,1,0,559,A
1-PB2,874,0,0,562,0,562,G
1-PB2,875,0,566,0,0,566,T
1-PB2,876,565,0,0,0,565,A
1-PB2,877,565,0,0,0,565,A
1-PB2,878,1,0,561,0,562,G
1-PB2,879,1,0,563,0,564,G
1-PB2,880,564,0,0,0,564,A
1-PB2,881,0,567,0,0,567,T
1-PB2,882,0,0,565,0,565,G
1-PB2,883,0,0,567,0,567,G
1-PB2,884,0,569,0,1,570,T
1-PB2,885,0,0,574,1,575,G
1-PB2,886,0,0,576,0,576,G
1-PB2,887,573,0,3,0,576,A
1-PB2,888,0,0,0,580,580,C
1-PB2,889,581,0,0,0,581,A
1-PB2,890,0,579,0,0,579,T
1-PB2,891,0,0,0,571,571,C
1-PB2,892,0,3,0,566,569,C
1-PB2,893,0,563,0,0,563,T
1-PB2,894,0,560,0,0,560,T
1-PB2,895,566,0,0,0,566,A
1-PB2,896,0,0,570,0,570,G
1-PB2,897,574,0,1,0,575,A
1-PB2,898,0,0,0,574,574,C
1-PB2,899,571,0,0,0,571,A
1-PB2,900,0,0,570,0,570,G
1-PB2,901,570,0,0,0,570,A
1-PB2,902,570,0,0,0,570,A
1-PB2,903,0,573,0,0,573,T
1-PB2,904,0,0,0,567,567,C
1-PB2,905,0,0,0,566,566,C
1-PB2,906,559,0,0,0,559,A
1-PB2,907,559,0,0,0,559,A
1-PB2,908,0,0,0,559,559,C
1-PB2,909,0,566,0,0,566,T
1-PB2,910,0,0,562,0,562,G
1-PB2,911,562,0,0,0,562,A
1-PB2,912,0,0,555,0,555,G
1-PB2,913,0,0,558,0,558,G
1-PB2,914,554,0,0,0,554,A
1-PB2,915,553,0,1,0,554,A
1-PB2,916,0,0,0,561,561,C
1-PB2,917,560,0,0,0,560,A
1-PB2,918,561,0,1,1,563,A
1-PB2,919,0,0,564,0,564,G
1-PB2,920,0,0,0,565,565,C
1-PB2,921,0,1,0,558,559,C
1-PB2,922,0,0,558,0,558,G
1-PB2,923,0,556,0,0,556,T
1-PB2,924,561,0,0,0,561,A
1-PB2,925,0,0,566,0,566,G
1-PB2,926,567,0,0,0,567,A
1-PB2,927,0,0,0,566,566,C
1-PB2,928,568,0,0,0,568,A
1-PB2,929,0,566,0,0,566,T
1-PB2,930,564,0,1,0,565,A
1-PB2,931,0,565,0,0,565,T
1-PB2,932,0,0,562,0,562,G
1-PB2,933,0,0,0,544,544,C
1-PB2,934,546,0,0,0,546,A
1-PB2,935,547,0,0,0,547,A
1-PB2,936,1,0,546,0,547,G
1-PB2,937,0,0,546,0,546,G
1-PB2,938,0,0,0,547,547,C
1-PB2,939,541,0,4,0,545,A
1-PB2,940,0,0,537,0,537,G
1-PB2,941,0,0,0,534,534,C
1-PB2,942,531,0,0,0,531,A
1-PB2,943,529,0,0,1,530,A
1-PB2,944,0,520,0,0,520,T
1-PB2,945,506,0,0,0,506,A
1-PB2,946,0,0,482,0,482,G
1-PB2,947,0,0,479,0,479,G
1-PB2,948,0,0,488,0,488,G
1-PB2,949,0,492,1,0,493,T
1-PB2,950,0,493,0,0,493,T
1-PB2,951,0,1,496,0,497,G
1-PB2,952,512,0,1,0,513,A
1-PB2,953,0,0,516,0,516,G
1-PB2,954,0,0,517,0,517,G
1-PB2,955,518,0,0,0,518,A
1-PB2,956,1,513,0,0,514,T
1-PB2,957,0,516,0,0,516,T
1-PB2,958,515,0,0,0,515,A
1-PB2,959,0,0,517,0,517,G
1-PB2,960,0,0,0,516,516,C
1-PB2,961,0,514,0,1,515,T
1-PB2,962,0,0,0,515,515,C
1-PB2,963,514,0,0,0,514,A
1-PB2,964,0,506,0,0,506,T
1-PB2,965,0,0,0,511,511,C
1-PB2,966,0,489,0,0,489,T
1-PB2,967,0,486,0,0,486,T
1-PB2,968,0,481,0,1,482,T
1-PB2,969,0,0,0,489,489,C
1-PB2,970,488,0,1,0,489,A
1-PB2,971,0,0,474,0,474,G
1-PB2,972,0,447,0,0,447,T
1-PB2,973,0,444,0,0,444,T
1-PB2,974,0,432,0,0,432,T
1-PB2,975,0,430,0,0,430,T
1-PB2,976,0,0,419,0,419,G
1-PB2,977,0,0,414,0,414,G
1-PB2,978,0,415,0,0,415,T
1-PB2,979,0,0,438,0,438,G
1-PB2,980,0,0,436,0,436,G
1-PB2,981,0,0,440,0,440,G
1-PB2,982,0,445,0,0,445,T
1-PB2,983,0,446,0,0,446,T
1-PB2,984,0,0,0,453,453,C
1-PB2,985,451,0,0,0,451,A
1-PB2,986,0,0,0,446,446,C
1-PB2,987,0,424,0,0,424,T
1-PB2,988,0,428,0,0,428,T
1-PB2,989,0,428,0,1,429,T
1-PB2,990,0,1,0,449,450,C
1-PB2,991,423,0,0,0,423,A
1-PB2,992,424,0,0,0,424,A
1-PB2,993,423,0,0,0,423,A
1-PB2,994,423,0,0,0,423,A
1-PB2,995,0,0,433,0,433,G
1-PB2,996,0,0,433,0,433,G
1-PB2,997,401,0,0,0,401,A
1-PB2,998,0,0,0,445,445,C
1-PB2,999,446,0,0,0,446,A
1-PB2,1000,447,0,0,0,447,A
1-PB2,1001,0,0,446,0,446,G
1-PB2,1002,0,0,0,446,446,C
1-PB2,1003,0,0,443,0,443,G
1-PB2,1004,0,0,443,0,443,G
1-PB2,1005,447,0,0,0,447,A
1-PB2,1006,0,452,0,0,452,T
1-PB2,1007,0,4,0,447,451,C
1-PB2,1008,453,0,0,0,453,A
1-PB2,1009,0,453,0,0,453,T
1-PB2,1010,0,0,0,454,454,C
1-PB2,1011,455,0,0,0,455,A
1-PB2,1012,0,0,457,0,457,G
1-PB2,1013,0,458,0,0,458,T
1-PB2,1014,0,0,0,459,459,C
1-PB2,1015,457,0,0,0,457,A
1-PB2,1016,455,0,0,0,455,A
1-PB2,1017,0,0,453,0,453,G
1-PB2,1018,447,0,0,0,447,A
1-PB2,1019,447,0,0,0,447,A
1-PB2,1020,447,0,0,0,447,A
1-PB2,1021,0,0,451,0,451,G
1-PB2,1022,443,0,1,0,444,A
1-PB2,1023,1,0,446,0,447,G
1-PB2,1024,0,0,450,0,450,G
1-PB2,1025,449,0,0,0,449,A
1-PB2,1026,451,0,0,0,451,A
1-PB2,1027,0,0,453,0,453,G
1-PB2,1028,451,0,0,0,451,A
1-PB2,1029,451,0,0,0,451,A
1-PB2,1030,0,0,449,0,449,G
1-PB2,1031,0,449,0,0,449,T
1-PB2,1032,0,0,451,0,451,G
1-PB2,1033,0,0,0,448,448,C
1-PB2,1034,0,439,0,0,439,T
1-PB2,1035,430,0,0,0,430,A
1-PB2,1036,420,0,0,0,420,A
1-PB2,1037,0,0,0,420,420,C
1-PB2,1038,0,0,391,0,391,G
1-PB2,1039,0,0,390,0,390,G
1-PB2,1040,0,0,392,0,392,G
1-PB2,1041,0,0,0,418,418,C
1-PB2,1042,405,0,0,0,405,A
1-PB2,1043,405,0,0,0,405,A
1-PB2,1044,0,0,0,397,397,C
1-PB2,1045,0,0,0,396,396,C
1-PB2,1046,0,421,0,1,422,T
1-PB2,1047,0,0,0,424,424,C
1-PB2,1048,0,0,0,429,429,C
1-PB2,1049,420,0,0,0,420,A
1-PB2,1050,419,0,0,0,419,A
1-PB2,1051,425,0,0,0,425,A
1-PB2,1052,0,0,0,431,431,C
1-PB2,1053,436,0,0,0,436,A
1-PB2,1054,0,0,0,442,442,C
1-PB2,1055,0,442,0,0,442,T
1-PB2,1056,0,0,441,0,441,G
1-PB2,1057,416,0,0,0,416,A
1-PB2,1058,418,0,0,0,418,A
1-PB2,1059,417,0,0,0,417,A
1-PB2,1060,417,0,0,0,417,A
1-PB2,1061,0,442,0,0,442,T
1-PB2,1062,412,0,0,0,412,A
1-PB2,1063,418,0,0,0,418,A
1-PB2,1064,0,0,449,0,449,G
1-PB2,1065,461,0,0,0,461,A
1-PB2,1066,0,0,469,0,469,G
1-PB2,1067,0,468,0,0,468,T
1-PB2,1068,466,0,0,0,466,A
1-PB2,1069,0,0,0,467,467,C
1-PB2,1070,466,0,0,0,466,A
1-PB2,1071,0,466,0,0,466,T
1-PB2,1072,0,0,465,0,465,G
1-PB2,1073,459,0,1,0,460,A
1-PB2,1074,457,0,0,0,457,A
1-PB2,1075,0,0,448,0,448,G
1-PB2,1076,0,0,450,0,450,G
1-PB2,1077,0,0,447,0,447,G
1-PB2,1078,0,457,0,0,457,T
1-PB2,1079,457,0,0,0,457,A
1-PB2,1080,0,457,0,1,458,T
1-PB2,1081,0,0,455,0,455,G
1-PB2,1082,453,0,0,0,453,A
1-PB2,1083,456,0,0,0,456,A
1-PB2,1084,0,0,458,0,458,G
1-PB2,1085,455,0,0,0,455,A
1-PB2,1086,455,0,0,0,455,A
1-PB2,1087,0,455,0,0,455,T
1-PB2,1088,0,456,0,0,456,T
1-PB2,1089,0,0,0,461,461,C
1-PB2,1090,458,0,0,0,458,A
1-PB2,1091,0,0,0,457,457,C
1-PB2,1092,458,0,0,0,458,A
1-PB2,1093,456,0,2,0,458,A
1-PB2,1094,0,453,0,0,453,T
1-PB2,1095,0,0,437,0,437,G
1-PB2,1096,0,0,438,0,438,G
1-PB2,1097,0,449,0,0,449,T
1-PB2,1098,0,443,0,1,444,T
1-PB2,1099,0,0,423,0,423,G
1-PB2,1100,2,0,422,0,424,G
1-PB2,1101,0,0,429,0,429,G
1-PB2,1102,452,0,0,0,452,A
1-PB2,1103,0,0,441,0,441,G
1-PB2,1104,457,0,0,0,457,A
1-PB2,1105,460,0,0,0,460,A
1-PB2,1106,0,0,468,0,468,G
1-PB2,1107,469,0,1,0,470,A
1-PB2,1108,0,0,472,0,472,G
1-PB2,1109,0,1,0,470,471,C
1-PB2,1110,469,0,0,0,469,A
1-PB2,1111,469,0,0,0,469,A
1-PB2,1112,0,0,0,470,470,C
1-PB2,1113,474,0,0,0,474,A
1-PB2,1114,0,0,474,0,474,G
1-PB2,1115,0,0,0,474,474,C
1-PB2,1116,0,469,0,0,469,T
1-PB2,1117,466,0,0,0,466,A
1-PB2,1118,0,461,0,0,461,T
1-PB2,1119,0,461,0,0,461,T
1-PB2,1120,0,0,0,477,477,C
1-PB2,1121,0,482,0,0,482,T
1-PB2,1122,0,0,0,482,482,C
1-PB2,1123,483,0,0,0,483,A
1-PB2,1124,0,0,495,0,495,G
1-PB2,1125,479,0,0,0,479,A
1-PB2,1126,477,0,0,0,477,A
1-PB2,1127,479,0,0,0,479,A
1-PB2,1128,0,0,490,0,490,G
1-PB2,1129,0,0,491,0,491,G
1-PB2,1130,0,0,0,495,495,C
1-PB2,1131,490,0,1,0,491,A
1-PB2,1132,493,0,0,0,493,A
1-PB2,1133,0,0,0,496,496,C
1-PB2,1134,0,0,0,496,496,C
1-PB2,1135,504,0,0,0,504,A
1-PB2,1136,0,0,504,0,504,G
1-PB2,1137,1,0,505,0,506,G
1-PB2,1138,512,0,0,0,512,A
1-PB2,1139,1,0,510,0,511,G
1-PB2,1140,514,0,0,0,514,A
1-PB2,1141,0,512,0,0,512,T
1-PB2,1142,0,508,0,0,508,T
1-PB2,1143,0,0,509,0,509,G
1-PB2,1144,513,0,1,0,514,A
1-PB2,1145,0,515,0,0,515,T
1-PB2,1146,0,1,0,511,512,C
1-PB2,1147,0,0,0,511,511,C
1-PB2,1148,515,0,0,0,515,A
1-PB2,1149,0,0,512,0,512,G
1-PB2,1150,0,511,0,0,511,T
1-PB2,1151,0,507,0,0,507,T
1-PB2,1152,1,0,509,0,510,G
1-PB2,1153,514,0,0,0,514,A
1-PB2,1154,0,514,0,0,514,T
1-PB2,1155,513,0,0,0,513,A
1-PB2,1156,0,0,512,0,512,G
1-PB2,1157,0,509,0,0,509,T
1-PB2,1158,506,0,0,0,506,A
1-PB2,1159,509,0,0,0,509,A
1-PB2,1160,0,0,509,0,509,G
1-PB2,1161,0,1,0,508,509,C
1-PB2,1162,0,0,491,0,491,G
1-PB2,1163,0,0,491,0,491,G
1-PB2,1164,0,0,494,0,494,G
1-PB2,1165,508,0,0,0,508,A
1-PB2,1166,0,0,510,0,510,G
1-PB2,1167,513,0,0,0,513,A
1-PB2,1168,0,0,512,0,512,G
1-PB2,1169,512,0,2,0,514,A
1-PB2,1170,0,0,0,514,514,C
1-PB2,1171,0,0,514,0,514,G
1-PB2,1172,516,0,0,0,516,A
1-PB2,1173,0,0,517,0,517,G
1-PB2,1174,0,0,0,518,518,C
1-PB2,1175,520,0,0,0,520,A
1-PB2,1176,2,0,519,0,521,G
1-PB2,1177,0,517,0,1,518,T
1-PB2,1178,0,0,0,517,517,C
1-PB2,1179,513,0,0,0,513,A
1-PB2,1180,514,0,0,0,514,A
1-PB2,1181,0,518,0,0,518,T
1-PB2,1182,0,516,0,0,516,T
1-PB2,1183,0,0,517,0,517,G
1-PB2,1184,0,0,0,516,516,C
1-PB2,1185,0,516,0,0,516,T
1-PB2,1186,0,0,517,0,517,G
1-PB2,1187,512,4,0,0,516,A
1-PB2,1188,0,0,516,0,516,G
1-PB2,1189,0,0,509,0,509,G
1-PB2,1190,0,0,0,507,507,C
1-PB2,1191,504,0,1,0,505,A
1-PB2,1192,506,0,0,0,506,A
1-PB2,1193,0,498,0,0,498,T
1-PB2,1194,478,0,0,0,478,A
1-PB2,1195,478,0,0,0,478,A
1-PB2,1196,0,484,0,0,484,T
1-PB2,1197,0,481,0,0,481,T
1-PB2,1198,0,0,483,0,483,G
1-PB2,1199,0,481,0,0,481,T
1-PB2,1200,0,0,475,0,475,G
1-PB2,1201,0,0,473,0,473,G
1-PB2,1202,1,0,0,468,469,C
1-PB2,1203,0,0,0,464,464,C
1-PB2,1204,474,0,0,0,474,A
1-PB2,1205,0,474,0,0,474,T
1-PB2,1206,0,0,463,0,463,G
1-PB2,1207,2,0,458,0,460,G
1-PB2,1208,0,455,0,1,456,T
1-PB2,1209,462,0,0,0,462,A
1-PB2,1210,0,471,0,0,471,T
1-PB2,1211,0,472,0,0,472,T
1-PB2,1212,0,1,0,472,473,C
1-PB2,1213,0,475,0,0,475,T
1-PB2,1214,0,0,0,476,476,C
1-PB2,1215,473,0,0,0,473,A
1-PB2,1216,0,0,0,472,472,C
1-PB2,1217,466,0,0,0,466,A
1-PB2,1218,465,0,0,0,465,A
1-PB2,1219,0,0,467,0,467,G
1-PB2,1220,476,0,0,0,476,A
1-PB2,1221,0,0,476,0,476,G
1-PB2,1222,0,0,477,0,477,G
1-PB2,1223,478,0,0,0,478,A
1-PB2,1224,0,477,0,0,477,T
1-PB2,1225,0,475,0,0,475,T
1-PB2,1226,0,0,476,0,476,G
1-PB2,1227,0,0,0,475,475,C
1-PB2,1228,475,0,0,0,475,A
1-PB2,1229,0,474,0,0,474,T
1-PB2,1230,0,0,473,0,473,G
1-PB2,1231,473,0,0,0,473,A
1-PB2,1232,0,473,0,0,473,T
1-PB2,1233,0,0,0,457,457,C
1-PB2,1234,452,0,0,0,452,A
1-PB2,1235,451,0,0,0,451,A
1-PB2,1236,0,0,452,0,452,G
1-PB2,1237,0,0,451,0,451,G
1-PB2,1238,0,0,0,454,454,C
1-PB2,1239,450,0,0,0,450,A
1-PB2,1240,0,0,434,0,434,G
1-PB2,1241,0,437,0,0,437,T
1-PB2,1242,0,417,0,0,417,T
1-PB2,1243,397,0,0,0,397,A
1-PB2,1244,2,0,341,0,343,G
1-PB2,1245,0,0,348,0,348,G
1-PB2,1246,0,0,346,0,346,G
1-PB2,1247,0,0,344,0,344,G
1-PB2,1248,0,0,0,416,416,C
1-PB2,1249,0,0,414,0,414,G
1-PB2,1250,426,0,0,0,426,A
1-PB2,1251,0,426,0,1,427,T
1-PB2,1252,0,0,0,427,427,C
1-PB2,1253,0,425,0,2,427,T
1-PB2,1254,0,0,426,0,426,G
1-PB2,1255,420,0,0,0,420,A
1-PB2,1256,421,0,0,0,421,A
1-PB2,1257,0,0,0,422,422,C
1-PB2,1258,0,408,0,0,408,T
1-PB2,1259,0,410,0,0,410,T
1-PB2,1260,0,410,0,0,410,T
1-PB2,1261,0,0,424,0,424,G
1-PB2,1262,0,426,0,0,426,T
1-PB2,1263,0,0,0,425,425,C
1-PB2,1264,428,0,0,0,428,A
1-PB2,1265,430,0,0,0,430,A
1-PB2,1266,0,430,0,0,430,T
1-PB2,1267,429,0,0,0,429,A
1-PB2,1268,0,0,424,0,424,G
1-PB2,1269,0,0,424,0,424,G
1-PB2,1270,0,0,423,0,423,G
1-PB2,1271,0,0,0,424,424,C
1-PB2,1272,416,0,0,0,416,A
1-PB2,1273,415,0,0,0,415,A
1-PB2,1274,415,0,0,0,415,A
1-PB2,1275,0,0,0,410,410,C
1-PB2,1276,0,0,0,409,409,C
1-PB2,1277,395,0,0,0,395,A
1-PB2,1278,0,0,412,0,412,G
1-PB2,1279,0,0,0,412,412,C
1-PB2,1280,0,0,413,0,413,G
1-PB2,1281,412,0,0,0,412,A
1-PB2,1282,0,0,0,411,411,C
1-PB2,1283,0,410,0,0,410,T
1-PB2,1284,0,0,404,0,404,G
1-PB2,1285,361,0,1,0,362,A
1-PB2,1286,363,0,0,0,363,A
1-PB2,1287,0,3,0,323,326,C
1-PB2,1288,0,0,0,324,324,C
1-PB2,1289,0,0,0,335,335,C
1-PB2,1290,0,0,0,332,332,C
1-PB2,1291,392,0,0,0,392,A
1-PB2,1292,0,399,0,0,399,T
1-PB2,1293,1,0,398,0,399,G
1-PB2,1294,0,0,0,399,399,C
1-PB2,1295,390,0,0,0,390,A
1-PB2,1296,0,0,0,388,388,C
1-PB2,1297,0,0,0,390,390,C
1-PB2,1298,395,0,0,0,395,A
1-PB2,1299,397,0,0,0,397,A
1-PB2,1300,0,1,0,398,399,C
1-PB2,1301,0,399,0,0,399,T
1-PB2,1302,0,0,0,400,400,C
1-PB2,1303,0,399,0,1,400,T
1-PB2,1304,0,402,0,0,402,T
1-PB2,1305,0,0,404,0,404,G
1-PB2,1306,396,0,0,0,396,A
1-PB2,1307,0,0,392,0,392,G
1-PB2,1308,0,0,391,0,391,G
1-PB2,1309,0,0,0,396,396,C
1-PB2,1310,392,0,0,0,392,A
1-PB2,1311,0,366,0,0,366,T
1-PB2,1312,0,363,0,0,363,T
1-PB2,1313,0,363,0,0,363,T
1-PB2,1314,0,0,0,374,374,C
1-PB2,1315,0,0,0,372,372,C
1-PB2,1316,299,0,0,0,299,A
1-PB2,1317,301,0,0,0,301,A
1-PB2,1318,302,0,0,0,302,A
1-PB2,1319,299,0,0,0,299,A
1-PB2,1320,298,0,0,0,298,A
1-PB2,1321,0,0,377,0,377,G
1-PB2,1322,352,0,1,0,353,A
1-PB2,1323,0,419,0,0,419,T
1-PB2,1324,0,0,416,0,416,G
1-PB2,1325,0,0,0,416,416,C
1-PB2,1326,395,0,0,0,395,A
1-PB2,1327,396,0,0,0,396,A
1-PB2,1328,398,0,0,0,398,A
1-PB2,1329,402,0,0,0,402,A
1-PB2,1330,0,0,416,0,416,G
1-PB2,1331,0,418,0,0,418,T
1-PB2,1332,1,0,420,0,421,G
1-PB2,1333,0,2,0,410,412,C
1-PB2,1334,0,390,0,0,390,T
1-PB2,1335,0,387,0,0,387,T
1-PB2,1336,0,390,0,0,390,T
1-PB2,1337,0,387,0,0,387,T
1-PB2,1338,0,0,0,406,406,C
1-PB2,1339,0,0,0,406,406,C
1-PB2,1340,435,0,0,0,435,A
1-PB2,1341,0,0,437,0,437,G
1-PB2,1342,435,0,1,0,436,A
1-PB2,1343,436,0,0,0,436,A
1-PB2,1344,0,0,0,437,437,C
1-PB2,1345,0,436,0,0,436,T
1-PB2,1346,0,0,395,0,395,G
1-PB2,1347,0,0,397,0,397,G
1-PB2,1348,0,0,397,0,397,G
1-PB2,1349,0,0,399,0,399,G
1-PB2,1350,440,0,0,0,440,A
1-PB2,1351,441,0,0,0,441,A
1-PB2,1352,0,451,0,0,451,T
1-PB2,1353,0,450,0,1,451,T
1-PB2,1354,0,0,455,0,455,G
1-PB2,1355,455,0,0,0,455,A
1-PB2,1356,457,0,1,0,458,A
1-PB2,1357,0,461,0,0,461,T
1-PB2,1358,0,1,0,464,465,C
1-PB2,1359,0,0,0,465,465,C
1-PB2,1360,470,0,0,0,470,A
1-PB2,1361,0,473,0,0,473,T
1-PB2,1362,0,0,0,471,471,C
1-PB2,1363,0,0,473,0,473,G
1-PB2,1364,475,0,0,0,475,A
1-PB2,1365,0,0,0,475,475,C
1-PB2,1366,479,0,0,0,479,A
1-PB2,1367,480,0,0,0,480,A
1-PB2,1368,0,480,0,0,480,T
1-PB2,1369,0,0,479,0,479,G
1-PB2,1370,0,479,0,0,479,T
1-PB2,1371,0,0,478,0,478,G
1-PB2,1372,482,0,0,0,482,A
1-PB2,1373,0,479,0,0,479,T
1-PB2,1374,0,0,466,0,466,G
1-PB2,1375,1,0,463,0,464,G
1-PB2,1376,1,0,462,0,463,G
1-PB2,1377,472,0,0,0,472,A
1-PB2,1378,473,0,0,0,473,A
1-PB2,1379,0,482,0,0,482,T
1-PB2,1380,0,0,482,0,482,G
1-PB2,1381,482,0,0,0,482,A
1-PB2,1382,0,482,0,0,482,T
1-PB2,1383,0,0,0,478,478,C
1-PB2,1384,0,0,477,0,477,G
1-PB2,1385,0,0,478,0,478,G
1-PB2,1386,476,0,0,0,476,A
1-PB2,1387,473,0,2,0,475,A
1-PB2,1388,0,476,0,0,476,T
1-PB2,1389,475,0,0,0,475,A
1-PB2,1390,0,0,0,479,479,C
1-PB2,1391,0,472,1,0,473,T
1-PB2,1392,1,0,469,0,470,G
1-PB2,1393,0,0,0,434,434,C
1-PB2,1394,0,0,0,430,430,C
1-PB2,1395,0,0,0,429,429,C
1-PB2,1396,1,0,451,0,452,G
1-PB2,1397,460,0,0,0,460,A
1-PB2,1398,0,1,0,458,459,C
1-PB2,1399,467,0,0,0,467,A
1-PB2,1400,0,464,0,2,466,T
1-PB2,1401,0,0,458,0,458,G
1-PB2,1402,432,0,0,0,432,A
1-PB2,1403,0,0,0,399,399,C
1-PB2,1404,0,0,0,398,398,C
1-PB2,1405,0,0,0,395,395,C
1-PB2,1406,0,0,0,394,394,C
1-PB2,1407,450,0,0,0,450,A
1-PB2,1408,448,0,1,0,449,A
1-PB2,1409,0,0,458,0,458,G
1-PB2,1410,0,0,0,462,462,C
1-PB2,1411,464,0,0,0,464,A
1-PB2,1412,0,0,0,462,462,C
1-PB2,1413,1,0,463,0,464,G
1-PB2,1414,0,0,466,0,466,G
1-PB2,1415,471,0,0,0,471,A
1-PB2,1416,0,0,472,0,472,G
1-PB2,1417,472,0,0,0,472,A
1-PB2,1418,0,474,0,0,474,T
1-PB2,1419,0,0,475,0,475,G
1-PB2,1420,0,472,0,0,472,T
1-PB2,1421,0,0,0,472,472,C
1-PB2,1422,0,0,471,0,471,G
1-PB2,1423,0,0,0,472,472,C
1-PB2,1424,0,473,0,0,473,T
1-PB2,1425,0,0,475,0,475,G
1-PB2,1426,473,0,1,0,474,A
1-PB2,1427,1,0,468,0,469,G
1-PB2,1428,466,0,0,1,467,A
1-PB2,1429,0,0,440,0,440,G
1-PB2,1430,1,0,441,0,442,G
1-PB2,1431,0,0,442,0,442,G
1-PB2,1432,461,0,2,0,463,A
1-PB2,1433,0,466,0,0,466,T
1-PB2,1434,462,0,1,0,463,A
1-PB2,1435,467,0,0,0,467,A
1-PB2,1436,0,0,474,0,474,G
1-PB2,1437,474,0,1,0,475,A
1-PB2,1438,0,0,475,0,475,G
1-PB2,1439,0,476,0,0,476,T
1-PB2,1440,0,0,0,477,477,C
1-PB2,1441,480,0,0,0,480,A
1-PB2,1442,0,0,480,0,480,G
1-PB2,1443,0,0,0,473,473,C
1-PB2,1444,446,0,0,0,446,A
1-PB2,1445,447,0,0,0,447,A
1-PB2,1446,450,0,0,0,450,A
1-PB2,1447,449,0,0,0,449,A
1-PB2,1448,0,470,0,0,470,T
1-PB2,1449,0,0,459,0,459,G
1-PB2,1450,1,0,455,0,456,G
1-PB2,1451,1,1,455,0,457,G
1-PB2,1452,470,0,0,0,470,A
1-PB2,1453,0,0,471,0,471,G
1-PB2,1454,0,474,0,1,475,T
1-PB2,1455,473,0,0,0,473,A
1-PB2,1456,0,0,475,0,475,G
1-PB2,1457,474,0,0,0,474,A
1-PB2,1458,0,474,0,0,474,T
1-PB2,1459,0,0,473,0,473,G
1-PB2,1460,472,0,1,0,473,A
1-PB2,1461,472,0,1,0,473,A
1-PB2,1462,0,474,0,0,474,T
1-PB2,1463,473,0,0,0,473,A
1-PB2,1464,0,0,0,469,469,C
1-PB2,1465,0,463,0,0,463,T
1-PB2,1466,0,1,0,458,459,C
1-PB2,1467,0,0,0,459,459,C
1-PB2,1468,466,0,0,0,466,A
1-PB2,1469,0,0,467,0,467,G
1-PB2,1470,0,0,0,467,467,C
1-PB2,1471,467,0,0,0,467,A
1-PB2,1472,0,0,0,466,466,C
1-PB2,1473,0,0,465,0,465,G
1-PB2,1474,0,0,463,0,463,G
1-PB2,1475,465,0,0,0,465,A
1-PB2,1476,0,0,465,0,465,G
1-PB2,1477,465,0,0,0,465,A
1-PB2,1478,1,0,464,0,465,G
1-PB2,1479,465,0,1,0,466,A
1-PB2,1480,0,0,467,0,467,G
1-PB2,1481,0,467,0,0,467,T
1-PB2,1482,1,0,465,0,466,G
1-PB2,1483,0,0,464,0,464,G
1-PB2,1484,0,465,0,0,465,T
1-PB2,1485,470,0,0,0,470,A
1-PB2,1486,0,0,472,0,472,G
1-PB2,1487,0,470,0,0,470,T
1-PB2,1488,0,0,468,0,468,G
1-PB2,1489,469,0,1,0,470,A
1-PB2,1490,0,0,472,0,472,G
1-PB2,1491,0,470,0,0,470,T
1-PB2,1492,462,0,0,0,462,A
1-PB2,1493,0,458,0,0,458,T
1-PB2,1494,0,454,0,0,454,T
1-PB2,1495,0,0,453,0,453,G
1-PB2,1496,452,0,0,0,452,A
1-PB2,1497,0,0,0,446,446,C
1-PB2,1498,0,0,0,444,444,C
1-PB2,1499,0,0,431,0,431,G
1-PB2,1500,407,0,0,0,407,A
1-PB2,1501,0,310,0,0,310,T
1-PB2,1502,0,308,0,0,308,T
1-PB2,1503,0,311,0,0,311,T
1-PB2,1504,0,308,0,0,308,T
1-PB2,1505,0,310,0,0,310,T
1-PB2,1506,359,0,0,0,359,A
1-PB2,1507,357,0,0,0,357,A
1-PB2,1508,0,0,403,0,403,G
1-PB2,1509,0,0,399,0,399,G
1-PB2,1510,0,0,403,0,403,G
1-PB2,1511,0,379,1,0,380,T
1-PB2,1512,0,376,0,0,376,T
1-PB2,1513,419,0,0,0,419,A
1-PB2,1514,2,0,430,0,432,G
1-PB2,1515,444,0,0,0,444,A
1-PB2,1516,0,0,444,0,444,G
1-PB2,1517,443,0,0,0,443,A
1-PB2,1518,0,443,0,0,443,T
1-PB2,1519,0,1,0,445,446,C
1-PB2,1520,433,0,0,0,433,A
1-PB2,1521,435,0,0,0,435,A
1-PB2,1522,434,0,0,0,434,A
1-PB2,1523,0,0,442,0,442,G
1-PB2,1524,441,0,0,0,441,A
1-PB2,1525,0,0,437,0,437,G
1-PB2,1526,0,0,436,0,436,G
1-PB2,1527,0,0,438,0,438,G
1-PB2,1528,453,0,0,0,453,A
1-PB2,1529,453,0,0,0,453,A
1-PB2,1530,0,0,0,458,458,C
1-PB2,1531,2,0,457,0,459,G
1-PB2,1532,0,458,0,1,459,T
1-PB2,1533,463,0,0,0,463,A
1-PB2,1534,0,0,0,463,463,C
1-PB2,1535,0,461,0,0,461,T
1-PB2,1536,461,0,0,0,461,A
1-PB2,1537,0,457,0,0,457,T
1-PB2,1538,0,455,0,0,455,T
1-PB2,1539,0,0,456,0,456,G
1-PB2,1540,0,454,0,3,457,T
1-PB2,1541,0,0,0,445,445,C
1-PB2,1542,0,445,0,0,445,T
1-PB2,1543,0,0,0,423,423,C
1-PB2,1544,0,0,0,423,423,C
1-PB2,1545,0,1,0,426,427,C
1-PB2,1546,0,0,449,0,449,G
1-PB2,1547,461,0,0,0,461,A
1-PB2,1548,464,0,0,0,464,A
1-PB2,1549,2,0,462,0,464,G
1-PB2,1550,465,0,0,0,465,A
1-PB2,1551,466,0,0,0,466,A
1-PB2,1552,0,0,470,0,470,G
1-PB2,1553,0,469,0,0,469,T
1-PB2,1554,0,0,0,470,470,C
1-PB2,1555,470,0,1,0,471,A
1-PB2,1556,0,0,471,0,471,G
1-PB2,1557,0,469,0,1,470,T
1-PB2,1558,0,0,473,0,473,G
1-PB2,1559,448,0,0,0,448,A
1-PB2,1560,451,0,0,0,451,A
1-PB2,1561,452,0,0,0,452,A
1-PB2,1562,0,0,0,469,469,C
1-PB2,1563,0,0,480,0,480,G
1-PB2,1564,0,0,0,481,481,C
1-PB2,1565,476,0,2,0,478,A
1-PB2,1566,478,0,0,0,478,A
1-PB2,1567,0,0,477,0,477,G
1-PB2,1568,0,0,476,0,476,G
1-PB2,1569,483,0,0,0,483,A
1-PB2,1570,484,0,0,0,484,A
1-PB2,1571,0,0,0,485,485,C
1-PB2,1572,0,487,0,0,487,T
1-PB2,1573,0,0,485,0,485,G
1-PB2,1574,482,0,0,0,482,A
1-PB2,1575,0,0,480,0,480,G
1-PB2,1576,478,0,0,0,478,A
1-PB2,1577,480,0,0,0,480,A
1-PB2,1578,1,0,483,0,484,G
1-PB2,1579,0,479,0,0,479,T
1-PB2,1580,0,478,0,0,478,T
1-PB2,1581,0,0,487,0,487,G
1-PB2,1582,485,0,0,0,485,A
1-PB2,1583,0,0,0,490,490,C
1-PB2,1584,480,0,0,0,480,A
1-PB2,1585,482,0,0,0,482,A
1-PB2,1586,0,482,0,0,482,T
1-PB2,1587,479,0,0,0,479,A
1-PB2,1588,479,0,0,0,479,A
1-PB2,1589,0,1,0,480,481,C
1-PB2,1590,0,475,0,0,475,T
1-PB2,1591,0,474,0,0,474,T
1-PB2,1592,477,0,0,0,477,A
1-PB2,1593,0,479,0,0,479,T
1-PB2,1594,0,481,0,0,481,T
1-PB2,1595,0,1,0,484,485,C
1-PB2,1596,0,0,483,0,483,G
1-PB2,1597,0,486,1,0,487,T
1-PB2,1598,0,0,0,485,485,C
1-PB2,1599,489,0,0,0,489,A
1-PB2,1600,0,488,0,0,488,T
1-PB2,1601,0,0,0,488,488,C
1-PB2,1602,490,0,0,0,490,A
1-PB2,1603,492,0,0,0,492,A
1-PB2,1604,0,493,0,0,493,T
1-PB2,1605,0,0,492,0,492,G
1-PB2,1606,493,0,0,0,493,A
1-PB2,1607,0,493,0,0,493,T
1-PB2,1608,0,0,486,0,486,G
1-PB2,1609,0,489,0,0,489,T
1-PB2,1610,0,1,458,0,459,G
1-PB2,1611,0,0,460,0,460,G
1-PB2,1612,0,0,460,0,460,G
1-PB2,1613,490,0,0,0,490,A
1-PB2,1614,0,0,492,0,492,G
1-PB2,1615,499,0,0,0,499,A
1-PB2,1616,0,497,0,1,498,T
1-PB2,1617,0,0,0,498,498,C
1-PB2,1618,497,0,0,0,497,A
1-PB2,1619,495,0,2,0,497,A
1-PB2,1620,0,496,0,0,496,T
1-PB2,1621,0,0,492,0,492,G
1-PB2,1622,0,0,488,0,488,G
1-PB2,1623,0,0,0,470,470,C
1-PB2,1624,0,0,0,468,468,C
1-PB2,1625,0,0,0,474,474,C
1-PB2,1626,0,496,0,0,496,T
1-PB2,1627,0,0,498,0,498,G
1-PB2,1628,501,0,0,0,501,A
1-PB2,1629,0,0,502,0,502,G
1-PB2,1630,0,499,0,1,500,T
1-PB2,1631,0,0,0,500,500,C
1-PB2,1632,499,0,0,0,499,A
1-PB2,1633,0,0,500,0,500,G
1-PB2,1634,0,502,0,0,502,T
1-PB2,1635,0,0,502,0,502,G
1-PB2,1636,0,0,0,502,502,C
1-PB2,1637,0,502,0,0,502,T
1-PB2,1638,503,0,0,0,503,A
1-PB2,1639,0,0,506,0,506,G
1-PB2,1640,0,507,0,0,507,T
1-PB2,1641,0,0,0,506,506,C
1-PB2,1642,504,0,0,0,504,A
1-PB2,1643,502,0,0,0,502,A
1-PB2,1644,0,1,0,501,502,C
1-PB2,1645,503,0,0,0,503,A
1-PB2,1646,0,0,0,500,500,C
1-PB2,1647,0,497,0,0,497,T
1-PB2,1648,0,497,0,0,497,T
1-PB2,1649,499,0,0,0,499,A
1-PB2,1650,0,503,0,0,503,T
1-PB2,1651,0,0,0,502,502,C
1-PB2,1652,510,0,0,0,510,A
1-PB2,1653,511,0,0,0,511,A
1-PB2,1654,0,511,0,0,511,T
1-PB2,1655,0,0,506,0,506,G
1-PB2,1656,0,0,504,0,504,G
1-PB2,1657,500,0,0,0,500,A
1-PB2,1658,0,501,0,0,501,T
1-PB2,1659,501,0,0,0,501,A
1-PB2,1660,503,0,0,0,503,A
1-PB2,1661,0,502,0,0,502,T
1-PB2,1662,2,0,0,501,503,C
1-PB2,1663,497,0,0,0,497,A
1-PB2,1664,0,0,493,0,493,G
1-PB2,1665,0,0,492,0,492,G
1-PB2,1666,496,0,0,0,496,A
1-PB2,1667,496,0,0,0,496,A
1-PB2,1668,0,0,0,496,496,C
1-PB2,1669,1,498,0,0,499,T
1-PB2,1670,0,0,490,0,490,G
1-PB2,1671,0,0,484,0,484,G
1-PB2,1672,0,0,488,0,488,G
1-PB2,1673,477,0,0,0,477,A
1-PB2,1674,475,0,1,0,476,A
1-PB2,1675,478,0,0,0,478,A
1-PB2,1676,0,491,0,0,491,T
1-PB2,1677,0,487,0,0,487,T
1-PB2,1678,0,0,489,0,489,G
1-PB2,1679,0,481,0,1,482,T
1-PB2,1680,0,0,483,0,483,G
1-PB2,1681,452,0,0,0,452,A
1-PB2,1682,448,0,0,0,448,A
1-PB2,1683,449,0,0,0,449,A
1-PB2,1684,451,0,0,0,451,A
1-PB2,1685,0,477,0,0,477,T
1-PB2,1686,0,477,0,0,477,T
1-PB2,1687,0,0,0,481,481,C
1-PB2,1688,482,0,0,0,482,A
1-PB2,1689,481,0,1,0,482,A
1-PB2,1690,0,483,0,0,483,T
1-PB2,1691,0,0,477,0,477,G
1-PB2,1692,0,0,475,0,475,G
1-PB2,1693,0,475,0,1,476,T
1-PB2,1694,0,0,0,476,476,C
1-PB2,1695,475,0,0,0,475,A
1-PB2,1696,0,0,0,475,475,C
1-PB2,1697,474,0,0,0,474,A
1-PB2,1698,474,0,0,0,474,A
1-PB2,1699,0,1,475,0,476,G
1-PB2,1700,474,1,0,0,475,A
1-PB2,1701,0,471,0,0,471,T
1-PB2,1702,0,0,0,458,458,C
1-PB2,1703,0,0,0,457,457,C
1-PB2,1704,0,3,0,454,457,C
1-PB2,1705,469,0,0,0,469,A
1-PB2,1706,0,0,0,465,465,C
1-PB2,1707,469,0,0,0,469,A
1-PB2,1708,470,0,0,0,470,A
1-PB2,1709,0,469,0,0,469,T
1-PB2,1710,0,0,464,0,464,G
1-PB2,1711,0,456,0,0,456,T
1-PB2,1712,0,457,0,0,457,T
1-PB2,1713,458,0,0,0,458,A
1-PB2,1714,0,460,0,0,460,T
1-PB2,1715,458,0,0,0,458,A
1-PB2,1716,0,0,0,457,457,C
1-PB2,1717,449,0,0,0,449,A
1-PB2,1718,447,0,0,0,447,A
1-PB2,1719,0,1,0,453,454,C
1-PB2,1720,415,0,0,0,415,A
1-PB2,1721,415,0,0,0,415,A
1-PB2,1722,412,0,0,0,412,A
1-PB2,1723,410,0,1,0,411,A
1-PB2,1724,0,456,0,0,456,T
1-PB2,1725,0,0,444,0,444,G
1-PB2,1726,0,0,443,0,443,G
1-PB2,1727,441,0,0,0,441,A
1-PB2,1728,441,0,0,0,441,A
1-PB2,1729,0,432,0,0,432,T
1-PB2,1730,0,430,0,0,430,T
1-PB2,1731,0,433,0,0,433,T
1-PB2,1732,0,0,446,0,446,G
1-PB2,1733,447,0,0,0,447,A
1-PB2,1734,448,0,2,0,450,A
1-PB2,1735,0,1,0,451,452,C
1-PB2,1736,0,1,0,447,448,C
1-PB2,1737,443,0,0,0,443,A
1-PB2,1738,0,432,0,0,432,T
1-PB2,1739,0,428,0,0,428,T
1-PB2,1740,0,429,0,0,429,T
1-PB2,1741,0,0,0,437,437,C
1-PB2,1742,441,0,0,0,441,A
1-PB2,1743,0,0,442,0,442,G
1-PB2,1744,0,440,0,1,441,T
1-PB2,1745,0,0,0,437,437,C
1-PB2,1746,0,434,0,1,435,T
1-PB2,1747,0,0,0,434,434,C
1-PB2,1748,0,431,0,2,433,T
1-PB2,1749,0,432,0,0,432,T
1-PB2,1750,0,0,431,0,431,G
1-PB2,1751,0,429,0,0,429,T
1-PB2,1752,0,0,0,420,420,C
1-PB2,1753,0,0,0,418,418,C
1-PB2,1754,0,0,0,419,419,C
1-PB2,1755,0,423,0,1,424,T
1-PB2,1756,424,0,0,0,424,A
1-PB2,1757,424,0,0,0,424,A
1-PB2,1758,0,0,428,0,428,G
1-PB2,1759,0,0,424,0,424,G
1-PB2,1760,0,0,0,425,425,C
1-PB2,1761,421,0,0,0,421,A
1-PB2,1762,420,0,0,0,420,A
1-PB2,1763,0,2,0,417,419,C
1-PB2,1764,0,0,0,416,416,C
1-PB2,1765,417,0,0,0,417,A
1-PB2,1766,0,0,418,0,418,G
1-PB2,1767,415,0,0,0,415,A
1-PB2,1768,415,0,0,0,415,A
1-PB2,1769,0,0,417,0,417,G
1-PB2,1770,0,0,0,416,416,C
1-PB2,1771,0,0,0,416,416,C
1-PB2,1772,0,0,414,0,414,G
1-PB2,1773,0,0,410,0,410,G
1-PB2,1774,0,412,0,0,412,T
1-PB2,1775,413,0,1,0,414,A
1-PB2,1776,0,0,0,415,415,C
1-PB2,1777,414,0,0,0,414,A
1-PB2,1778,0,0,412,0,412,G
1-PB2,1779,0,411,0,1,412,T
1-PB2,1780,0,0,413,0,413,G
1-PB2,1781,0,0,411,0,411,G
1-PB2,1782,409,0,0,0,409,A
1-PB2,1783,0,407,0,0,407,T
1-PB2,1784,0,406,0,0,406,T
1-PB2,1785,0,0,0,406,406,C
1-PB2,1786,0,0,406,0,406,G
1-PB2,1787,0,403,0,0,403,T
1-PB2,1788,403,0,0,0,403,A
1-PB2,1789,404,0,0,0,404,A
1-PB2,1790,1,0,405,0,406,G
1-PB2,1791,0,0,405,0,405,G
1-PB2,1792,406,0,0,0,406,A
1-PB2,1793,0,0,0,406,406,C
1-PB2,1794,404,0,0,0,404,A
1-PB2,1795,0,0,0,407,407,C
1-PB2,1796,0,405,0,0,405,T
1-PB2,1797,0,0,402,0,402,G
1-PB2,1798,0,395,0,0,395,T
1-PB2,1799,0,395,0,0,395,T
1-PB2,1800,0,0,0,398,398,C
1-PB2,1801,1,0,0,397,398,C
1-PB2,1802,400,0,1,0,401,A
1-PB2,1803,0,2,395,0,397,G
1-PB2,1804,0,0,0,395,395,C
1-PB2,1805,391,0,0,0,391,A
1-PB2,1806,389,0,0,0,389,A
1-PB2,1807,392,0,0,0,392,A
1-PB2,1808,0,400,0,1,401,T
1-PB2,1809,0,0,395,0,395,G
1-PB2,1810,0,4,0,392,396,C
1-PB2,1811,0,0,386,0,386,G
1-PB2,1812,0,0,389,0,389,G
1-PB2,1813,0,0,388,0,388,G
1-PB2,1814,394,0,0,0,394,A
1-PB2,1815,0,397,0,0,397,T
1-PB2,1816,0,0,397,0,397,G
1-PB2,1817,0,397,0,0,397,T
1-PB2,1818,0,0,394,0,394,G
1-PB2,1819,0,0,0,391,391,C
1-PB2,1820,0,390,0,0,390,T
1-PB2,1821,0,389,0,0,389,T
1-PB2,1822,0,0,366,0,366,G
1-PB2,1823,0,0,364,0,364,G
1-PB2,1824,0,0,363,0,363,G
1-PB2,1825,380,0,0,0,380,A
1-PB2,1826,0,1,0,380,381,C
1-PB2,1827,380,0,0,0,380,A
1-PB2,1828,0,366,0,0,366,T
1-PB2,1829,0,366,0,0,366,T
1-PB2,1830,0,365,0,0,365,T
1-PB2,1831,0,0,374,0,374,G
1-PB2,1832,374,0,0,0,374,A
1-PB2,1833,0,0,0,374,374,C
1-PB2,1834,377,0,0,0,377,A
1-PB2,1835,0,0,0,376,376,C
1-PB2,1836,0,372,0,0,372,T
1-PB2,1837,0,0,369,0,369,G
1-PB2,1838,0,366,0,1,367,T
1-PB2,1839,0,0,0,362,362,C
1-PB2,1840,0,0,0,359,359,C
1-PB2,1841,322,0,0,0,322,A
1-PB2,1842,319,0,0,0,319,A
1-PB2,1843,296,0,0,0,296,A
1-PB2,1844,0,297,0,0,297,T
1-PB2,1845,259,0,0,0,259,A
1-PB2,1846,259,0,0,0,259,A
1-PB2,1847,0,280,0,0,280,T
1-PB2,1848,266,0,0,0,266,A
1-PB2,1849,266,0,0,0,266,A
1-PB2,1850,255,0,0,0,255,A
1-PB2,1851,253,0,0,0,253,A
1-PB2,1852,0,0,0,271,271,C
1-PB2,1853,0,284,0,0,284,T
1-PB2,1854,0,284,0,0,284,T
1-PB2,1855,0,0,0,268,268,C
1-PB2,1856,0,265,0,0,265,T
1-PB2,1857,0,0,0,254,254,C
1-PB2,1858,0,0,0,254,254,C
1-PB2,1859,0,0,0,257,257,C
1-PB2,1860,0,0,0,257,257,C
1-PB2,1861,0,280,0,0,280,T
1-PB2,1862,0,276,0,1,277,T
1-PB2,1863,0,290,0,0,290,T
1-PB2,1864,0,0,303,0,303,G
1-PB2,1865,0,0,0,307,307,C
1-PB2,1866,0,308,0,0,308,T
1-PB2,1867,0,0,306,0,306,G
1-PB2,1868,0,0,0,305,305,C
1-PB2,1869,0,305,0,0,305,T
1-PB2,1870,0,0,304,0,304,G
1-PB2,1871,0,0,0,302,302,C
1-PB2,1872,0,303,0,0,303,T
1-PB2,1873,0,0,0,300,300,C
1-PB2,1874,0,0,0,301,301,C
1-PB2,1875,305,0,0,0,305,A
1-PB2,1876,0,0,0,309,309,C
1-PB2,1877,0,1,0,313,314,C
1-PB2,1878,315,0,0,0,315,A
1-PB2,1879,0,0,320,0,320,G
1-PB2,1880,315,0,0,0,315,A
1-PB2,1881,315,0,0,0,315,A
1-PB2,1882,0,0,0,322,322,C
1-PB2,1883,324,0,0,0,324,A
1-PB2,1884,0,0,323,0,323,G
1-PB2,1885,322,0,0,0,322,A
1-PB2,1886,0,0,321,0,321,G
1-PB2,1887,0,322,0,0,322,T
1-PB2,1888,320,0,0,0,320,A
1-PB2,1889,0,0,318,0,318,G
1-PB2,1890,0,0,316,0,316,G
1-PB2,1891,316,0,0,0,316,A
1-PB2,1892,0,319,0,0,319,T
1-PB2,1893,1,0,316,0,317,G
1-PB2,1894,0,1,0,314,315,C
1-PB2,1895,310,0,0,0,310,A
1-PB2,1896,310,0,0,0,310,A
1-PB2,1897,0,299,0,0,299,T
1-PB2,1898,0,298,0,0,298,T
1-PB2,1899,0,297,0,0,297,T
1-PB2,1900,0,297,0,0,297,T
1-PB2,1901,0,1,0,301,302,C
1-PB2,1902,0,0,0,303,303,C
1-PB2,1903,0,295,0,1,296,T
1-PB2,1904,0,0,0,330,330,C
1-PB2,1905,348,0,0,0,348,A
1-PB2,1906,0,349,0,0,349,T
1-PB2,1907,0,353,0,0,353,T
1-PB2,1908,0,0,360,0,360,G
1-PB2,1909,365,0,0,0,365,A
1-PB2,1910,0,0,0,368,368,C
1-PB2,1911,0,370,0,0,370,T
1-PB2,1912,0,0,370,0,370,G
1-PB2,1913,0,369,0,0,369,T
1-PB2,1914,0,0,369,0,369,G
1-PB2,1915,367,0,1,0,368,A
1-PB2,1916,369,0,0,0,369,A
1-PB2,1917,0,370,0,0,370,T
1-PB2,1918,0,0,369,0,369,G
1-PB2,1919,0,370,0,0,370,T
1-PB2,1920,0,0,369,0,369,G
1-PB2,1921,370,0,0,0,370,A
1-PB2,1922,0,0,369,0,369,G
1-PB2,1923,368,0,1,0,369,A
1-PB2,1924,0,0,365,0,365,G
1-PB2,1925,0,0,363,0,363,G
1-PB2,1926,366,0,0,0,366,A
1-PB2,1927,0,368,0,0,368,T
1-PB2,1928,0,0,0,370,370,C
1-PB2,1929,363,0,0,0,363,A
1-PB2,1930,0,0,350,0,350,G
1-PB2,1931,0,0,345,0,345,G
1-PB2,1932,0,0,346,0,346,G
1-PB2,1933,0,344,0,0,344,T
1-PB2,1934,0,343,0,0,343,T
1-PB2,1935,0,0,334,0,334,G
1-PB2,1936,358,0,0,0,358,A
1-PB2,1937,0,0,369,0,369,G
1-PB2,1938,0,0,372,0,372,G
1-PB2,1939,376,0,0,0,376,A
1-PB2,1940,0,378,0,0,378,T
1-PB2,1941,379,0,0,0,379,A
1-PB2,1942,0,0,0,379,379,C
1-PB2,1943,0,376,0,1,377,T
1-PB2,1944,0,0,373,0,373,G
1-PB2,1945,0,0,373,0,373,G
1-PB2,1946,0,373,0,0,373,T
1-PB2,1947,372,0,0,0,372,A
1-PB2,1948,375,0,0,0,375,A
1-PB2,1949,1,0,375,0,376,G
1-PB2,1950,378,0,0,0,378,A
1-PB2,1951,0,0,384,1,385,G
1-PB2,1952,0,0,386,0,386,G
1-PB2,1953,0,0,0,386,386,C
1-PB2,1954,381,0,0,0,381,A
1-PB2,1955,381,0,0,0,381,A
1-PB2,1956,0,378,0,0,378,T
1-PB2,1957,0,377,0,1,378,T
1-PB2,1958,0,0,0,385,385,C
1-PB2,1959,0,396,0,0,396,T
1-PB2,1960,0,0,0,396,396,C
1-PB2,1961,0,0,0,395,395,C
1-PB2,1962,403,0,0,0,403,A
1-PB2,1963,0,0,404,0,404,G
1-PB2,1964,0,403,0,0,403,T
1-PB2,1965,405,0,0,0,405,A
1-PB2,1966,0,405,0,0,405,T
1-PB2,1967,0,405,0,0,405,T
1-PB2,1968,0,0,0,408,408,C
1-PB2,1969,406,0,0,0,406,A
1-PB2,1970,406,0,0,0,406,A
1-PB2,1971,0,405,0,0,405,T
1-PB2,1972,0,405,0,0,405,T
1-PB2,1973,410,0,0,0,410,A
1-PB2,1974,0,0,0,411,411,C
1-PB2,1975,409,0,0,0,409,A
1-PB2,1976,407,0,0,0,407,A
1-PB2,1977,0,0,0,407,407,C
1-PB2,1978,406,0,0,0,406,A
1-PB2,1979,407,0,0,0,407,A
1-PB2,1980,1,0,407,0,408,G
1-PB2,1981,1,0,407,0,408,G
1-PB2,1982,0,0,0,412,412,C
1-PB2,1983,390,0,0,0,390,A
1-PB2,1984,386,0,2,0,388,A
1-PB2,1985,0,0,0,366,366,C
1-PB2,1986,0,0,0,366,366,C
1-PB2,1987,331,0,0,0,331,A
1-PB2,1988,333,0,0,0,333,A
1-PB2,1989,358,0,0,0,358,A
1-PB2,1990,0,0,0,411,411,C
1-PB2,1991,0,0,415,0,415,G
1-PB2,1992,432,0,0,0,432,A
1-PB2,1993,0,0,0,428,428,C
1-PB2,1994,0,425,0,0,425,T
1-PB2,1995,0,423,0,0,423,T
1-PB2,1996,433,0,0,0,433,A
1-PB2,1997,0,0,0,448,448,C
1-PB2,1998,449,0,0,0,449,A
1-PB2,1999,0,0,443,0,443,G
1-PB2,2000,0,443,0,0,443,T
1-PB2,2001,0,441,0,0,441,T
1-PB2,2002,0,0,0,465,465,C
1-PB2,2003,0,469,0,0,469,T
1-PB2,2004,0,473,0,0,473,T
1-PB2,2005,0,0,468,0,468,G
1-PB2,2006,0,0,468,0,468,G
1-PB2,2007,438,0,0,0,438,A
1-PB2,2008,439,0,0,0,439,A
1-PB2,2009,440,0,0,0,440,A
1-PB2,2010,437,0,1,0,438,A
1-PB2,2011,0,0,522,0,522,G
1-PB2,2012,543,0,0,0,543,A
1-PB2,2013,0,587,0,0,587,T
1-PB2,2014,0,0,588,0,588,G
1-PB2,2015,0,0,0,591,591,C
1-PB2,2016,586,0,0,0,586,A
1-PB2,2017,0,0,587,0,587,G
1-PB2,2018,0,0,587,0,587,G
1-PB2,2019,0,593,0,1,594,T
1-PB2,2020,0,0,600,0,600,G
1-PB2,2021,0,0,0,603,603,C
1-PB2,2022,603,0,0,0,603,A
1-PB2,2023,0,603,0,0,603,T
1-PB2,2024,0,602,0,0,602,T
1-PB2,2025,1,0,602,0,603,G
1-PB2,2026,606,0,0,0,606,A
1-PB2,2027,0,0,0,607,607,C
1-PB2,2028,1,605,0,1,607,T
1-PB2,2029,0,0,607,0,607,G
1-PB2,2030,605,0,1,0,606,A
1-PB2,2031,605,0,1,0,606,A
1-PB2,2032,0,0,608,0,608,G
1-PB2,2033,606,0,0,0,606,A
1-PB2,2034,0,605,0,0,605,T
1-PB2,2035,1,0,0,602,603,C
1-PB2,2036,0,0,0,604,604,C
1-PB2,2037,607,0,0,0,607,A
1-PB2,2038,0,0,607,0,607,G
1-PB2,2039,600,0,0,0,600,A
1-PB2,2040,0,598,0,1,599,T
1-PB2,2041,1,0,588,0,589,G
1-PB2,2042,579,0,0,0,579,A
1-PB2,2043,579,0,1,0,580,A
1-PB2,2044,0,0,582,0,582,G
1-PB2,2045,0,0,581,0,581,G
1-PB2,2046,0,0,1,580,581,C
1-PB2,2047,581,0,0,0,581,A
1-PB2,2048,0,0,0,580,580,C
1-PB2,2049,579,0,0,0,579,A
1-PB2,2050,0,578,1,0,579,T
1-PB2,2051,0,0,0,570,570,C
1-PB2,2052,0,555,0,2,557,T
1-PB2,2053,1,0,514,0,515,G
1-PB2,2054,0,0,517,0,517,G
1-PB2,2055,1,0,519,0,520,G
1-PB2,2056,0,0,506,0,506,G
1-PB2,2057,0,524,0,0,524,T
1-PB2,2058,0,0,509,0,509,G
1-PB2,2059,0,0,515,0,515,G
1-PB2,2060,545,0,0,0,545,A
1-PB2,2061,1,0,557,0,558,G
1-PB2,2062,0,557,0,0,557,T
1-PB2,2063,0,0,0,558,558,C
1-PB2,2064,0,558,0,0,558,T
1-PB2,2065,0,0,560,0,560,G
1-PB2,2066,0,0,0,560,560,C
1-PB2,2067,1,560,0,0,561,T
1-PB2,2068,0,0,559,0,559,G
1-PB2,2069,0,558,0,0,558,T
1-PB2,2070,1,0,0,558,559,C
1-PB2,2071,0,0,0,560,560,C
1-PB2,2072,0,561,0,1,562,T
1-PB2,2073,0,0,562,0,562,G
1-PB2,2074,567,0,0,0,567,A
1-PB2,2075,0,0,567,0,567,G
1-PB2,2076,565,0,1,0,566,A
1-PB2,2077,0,0,565,0,565,G
1-PB2,2078,0,0,564,0,564,G
1-PB2,2079,561,0,0,0,561,A
1-PB2,2080,0,485,0,0,485,T
1-PB2,2081,0,483,0,0,483,T
1-PB2,2082,0,482,0,0,482,T
1-PB2,2083,0,0,0,559,559,C
1-PB2,2084,0,557,0,1,558,T
1-PB2,2085,1,0,0,562,563,C
1-PB2,2086,528,0,0,0,528,A
1-PB2,2087,0,401,0,0,401,T
1-PB2,2088,0,400,0,0,400,T
1-PB2,2089,0,387,0,1,388,T
1-PB2,2090,0,388,0,0,388,T
1-PB2,2091,1,0,384,0,385,G
1-PB2,2092,0,0,388,0,388,G
1-PB2,2093,1,0,411,0,412,G
1-PB2,2094,1,0,0,603,604,C
1-PB2,2095,536,0,0,0,536,A
1-PB2,2096,547,0,0,0,547,A
1-PB2,2097,550,0,1,0,551,A
1-PB2,2098,0,0,640,0,640,G
1-PB2,2099,640,0,0,0,640,A
1-PB2,2100,650,0,1,0,651,A
1-PB2,2101,0,0,665,0,665,G
1-PB2,2102,666,0,1,0,667,A
1-PB2,2103,0,0,0,671,671,C
1-PB2,2104,671,0,0,0,671,A
1-PB2,2105,671,0,0,0,671,A
1-PB2,2106,1,0,673,0,674,G
1-PB2,2107,675,0,0,0,675,A
1-PB2,2108,0,0,675,0,675,G
1-PB2,2109,676,0,0,0,676,A
1-PB2,2110,0,679,0,0,679,T
1-PB2,2111,678,0,0,0,678,A
1-PB2,2112,0,677,0,0,677,T
1-PB2,2113,0,0,670,0,670,G
1-PB2,2114,1,0,669,0,670,G
1-PB2,2115,2,1,0,634,637,C
1-PB2,2116,0,0,0,639,639,C
1-PB2,2117,0,0,0,642,642,C
1-PB2,2118,673,0,1,0,674,A
1-PB2,2119,0,0,676,0,676,G
1-PB2,2120,0,0,0,676,676,C
1-PB2,2121,675,0,0,0,675,A
1-PB2,2122,0,663,0,0,663,T
1-PB2,2123,0,662,0,0,662,T
1-PB2,2124,660,0,2,0,662,A
1-PB2,2125,662,0,1,0,663,A
1-PB2,2126,1,0,680,0,681,G
1-PB2,2127,0,0,0,684,684,C
1-PB2,2128,685,0,0,0,685,A
1-PB2,2129,0,685,0,0,685,T
1-PB2,2130,0,0,0,683,683,C
1-PB2,2131,683,0,0,0,683,A
1-PB2,2132,683,0,0,0,683,A
1-PB2,2133,0,684,0,0,684,T
1-PB2,2134,0,0,681,0,681,G
1-PB2,2135,675,0,0,0,675,A
1-PB2,2136,674,0,0,0,674,A
1-PB2,2137,0,0,0,673,673,C
1-PB2,2138,1,680,0,0,681,T
1-PB2,2139,0,0,683,0,683,G
1-PB2,2140,683,0,1,0,684,A
1-PB2,2141,1,0,684,0,685,G
1-PB2,2142,0,0,0,681,681,C
1-PB2,2143,678,0,0,0,678,A
1-PB2,2144,677,0,0,0,677,A
1-PB2,2145,0,674,0,0,674,T
1-PB2,2146,0,0,0,667,667,C
1-PB2,2147,0,658,0,1,659,T
1-PB2,2148,0,659,0,0,659,T
1-PB2,2149,0,0,660,0,660,G
1-PB2,2150,0,0,0,661,661,C
1-PB2,2151,609,0,0,0,609,A
1-PB2,2152,610,0,0,0,610,A
1-PB2,2153,608,0,0,0,608,A
1-PB2,2154,608,0,0,0,608,A
1-PB2,2155,0,0,652,0,652,G
1-PB2,2156,0,0,652,0,652,G
1-PB2,2157,650,0,2,0,652,A
1-PB2,2158,0,0,656,0,656,G
1-PB2,2159,645,0,0,0,645,A
1-PB2,2160,0,0,652,0,652,G
1-PB2,2161,637,0,0,0,637,A
1-PB2,2162,637,0,0,0,637,A
1-PB2,2163,633,0,4,0,637,A
1-PB2,2164,0,2,659,0,661,G
1-PB2,2165,0,0,0,665,665,C
1-PB2,2166,0,658,0,0,658,T
1-PB2,2167,656,0,0,0,656,A
1-PB2,2168,656,0,0,0,656,A
1-PB2,2169,0,665,0,0,665,T
1-PB2,2170,0,0,665,0,665,G
1-PB2,2171,0,666,0,0,666,T
1-PB2,2172,0,0,665,0,665,G
1-PB2,2173,0,0,0,663,663,C
1-PB2,2174,0,662,0,0,662,T
1-PB2,2175,650,0,2,0,652,A
1-PB2,2176,653,0,0,0,653,A
1-PB2,2177,0,644,0,0,644,T
1-PB2,2178,3,641,0,0,644,T
1-PB2,2179,0,0,615,0,615,G
1-PB2,2180,0,0,614,0,614,G
1-PB2,2181,2,0,614,0,616,G
1-PB2,2182,0,0,0,659,659,C
1-PB2,2183,655,0,1,0,656,A
1-PB2,2184,658,0,0,0,658,A
1-PB2,2185,2,1,636,0,639,G
1-PB2,2186,0,0,641,0,641,G
1-PB2,2187,1,0,642,0,643,G
1-PB2,2188,0,0,644,0,644,G
1-PB2,2189,669,0,0,0,669,A
1-PB2,2190,0,1,0,668,669,C
1-PB2,2191,0,0,664,0,664,G
1-PB2,2192,0,665,0,0,665,T
1-PB2,2193,663,0,2,0,665,A
1-PB2,2194,0,0,667,0,667,G
1-PB2,2195,0,665,0,0,665,T
1-PB2,2196,1,0,658,0,659,G
1-PB2,2197,0,657,0,1,658,T
1-PB2,2198,0,659,0,0,659,T
1-PB2,2199,0,0,665,0,665,G
1-PB2,2200,0,0,664,0,664,G
1-PB2,2201,0,663,0,0,663,T
1-PB2,2202,665,0,0,0,665,A
1-PB2,2203,667,0,0,0,667,A
1-PB2,2204,0,663,0,0,663,T
1-PB2,2205,1,0,653,0,654,G
1-PB2,2206,573,0,0,0,573,A
1-PB2,2207,573,0,0,0,573,A
1-PB2,2208,574,0,0,0,574,A
1-PB2,2209,0,0,0,635,635,C
1-PB2,2210,0,0,619,0,619,G
1-PB2,2211,613,0,3,0,616,A
1-PB2,2212,618,0,0,0,618,A
1-PB2,2213,623,0,0,0,623,A
1-PB2,2214,622,0,0,0,622,A
1-PB2,2215,0,0,0,649,649,C
1-PB2,2216,1,0,636,0,637,G
1-PB2,2217,2,0,638,0,640,G
1-PB2,2218,1,0,641,0,642,G
1-PB2,2219,666,0,0,0,666,A
1-PB2,2220,0,0,0,676,676,C
1-PB2,2221,0,677,0,0,677,T
1-PB2,2222,0,0,0,678,678,C
1-PB2,2223,0,677,0,0,677,T
1-PB2,2224,679,0,0,0,679,A
1-PB2,2225,3,0,676,0,679,G
1-PB2,2226,0,0,0,679,679,C
1-PB2,2227,678,0,1,0,679,A
1-PB2,2228,0,677,0,0,677,T
1-PB2,2229,676,0,1,0,677,A
1-PB2,2230,0,0,0,676,676,C
1-PB2,2231,0,664,0,0,664,T
1-PB2,2232,0,664,0,0,664,T
1-PB2,2233,663,0,0,0,663,A
1-PB2,2234,0,0,0,672,672,C
1-PB2,2235,1,673,1,0,675,T
1-PB2,2236,0,0,678,0,678,G
1-PB2,2237,675,0,1,1,677,A
1-PB2,2238,1,0,0,677,678,C
1-PB2,2239,677,0,0,0,677,A
1-PB2,2240,0,0,675,0,675,G
1-PB2,2241,0,0,0,672,672,C
1-PB2,2242,0,0,0,673,673,C
1-PB2,2243,676,1,0,0,677,A
1-PB2,2244,0,0,675,0,675,G
1-PB2,2245,676,0,0,0,676,A
1-PB2,2246,0,0,0,676,676,C
1-PB2,2247,672,0,0,1,673,A
1-PB2,2248,0,0,673,0,673,G
1-PB2,2249,0,0,0,648,648,C
1-PB2,2250,0,0,645,0,645,G
1-PB2,2251,549,0,2,0,551,A
1-PB2,2252,0,0,0,597,597,C
1-PB2,2253,0,0,0,598,598,C
1-PB2,2254,606,0,0,0,606,A
1-PB2,2255,608,0,0,0,608,A
1-PB2,2256,612,0,0,0,612,A
1-PB2,2257,610,0,0,0,610,A
1-PB2,2258,2,0,642,0,644,G
1-PB2,2259,635,0,0,0,635,A
1-PB2,2260,641,0,0,0,641,A
1-PB2,2261,0,649,0,0,649,T
1-PB2,2262,0,649,0,0,649,T
1-PB2,2263,0,0,0,665,665,C
1-PB2,2264,0,0,665,0,665,G
1-PB2,2265,1,0,668,0,669,G
1-PB2,2266,671,0,0,0,671,A
1-PB2,2267,0,668,0,0,668,T
1-PB2,2268,1,0,660,0,661,G
1-PB2,2269,0,0,661,0,661,G
1-PB2,2270,0,0,0,666,666,C
1-PB2,2271,1,0,0,665,666,C
1-PB2,2272,672,0,0,0,672,A
1-PB2,2273,0,671,0,0,671,T
1-PB2,2274,0,1,0,669,670,C
1-PB2,2275,669,0,0,0,669,A
1-PB2,2276,670,0,0,0,670,A
1-PB2,2277,0,665,0,0,665,T
1-PB2,2278,0,666,0,0,666,T
1-PB2,2279,669,0,0,0,669,A
1-PB2,2280,0,0,674,0,674,G
1-PB2,2281,0,674,0,0,674,T
1-PB2,2282,0,0,670,0,670,G
1-PB2,2283,0,667,0,0,667,T
1-PB2,2284,0,0,0,662,662,C
1-PB2,2285,0,0,655,0,655,G
1-PB2,2286,649,0,0,0,649,A
1-PB2,2287,647,0,0,0,647,A
1-PB2,2288,0,565,0,0,565,T
1-PB2,2289,0,546,0,0,546,T
1-PB2,2290,0,0,587,0,587,G
1-PB2,2291,0,566,0,0,566,T
1-PB2,2292,0,531,0,0,531,T
1-PB2,2293,0,531,0,0,531,T
1-PB2,2294,465,0,0,0,465,A
1-PB2,2295,464,0,0,0,464,A
1-PB2,2296,477,0,0,0,477,A
1-PB2,2297,464,0,0,0,464,A
1-PB2,2298,460,0,0,0,460,A
1-PB2,2299,0,0,0,537,537,C
1-PB2,2300,0,0,591,0,591,G
1-PB2,2301,597,0,0,0,597,A
2-PB1,-11,0,0,0,242,242,C
2-PB1,-10,221,0,0,0,221,A
2-PB1,-9,220,0,0,0,220,A
2-PB1,-8,222,0,0,0,222,A
2-PB1,-7,0,1,0,231,232,C
2-PB1,-6,0,0,0,234,234,C
2-PB1,-5,243,0,0,0,243,A
2-PB1,-4,0,235,0,0,235,T
2-PB1,-3,0,234,0,0,234,T
2-PB1,-2,0,236,0,0,236,T
2-PB1,-1,0,0,247,0,247,G
2-PB1,0,247,0,0,0,247,A
2-PB1,1,248,0,0,0,248,A
2-PB1,2,0,252,0,0,252,T
2-PB1,3,0,0,251,0,251,G
2-PB1,4,1,0,251,0,252,G
2-PB1,5,253,0,0,0,253,A
2-PB1,6,0,254,0,0,254,T
2-PB1,7,0,0,254,0,254,G
2-PB1,8,0,253,0,0,253,T
2-PB1,9,0,0,0,254,254,C
2-PB1,10,251,0,0,0,251,A
2-PB1,11,251,0,0,0,251,A
2-PB1,12,0,250,0,0,250,T
2-PB1,13,0,0,0,250,250,C
2-PB1,14,0,0,0,251,251,C
2-PB1,15,0,0,253,0,253,G
2-PB1,16,253,0,0,0,253,A
2-PB1,17,0,0,0,252,252,C
2-PB1,18,0,253,0,1,254,T
2-PB1,19,0,0,0,254,254,C
2-PB1,20,0,249,0,1,250,T
2-PB1,21,248,0,0,0,248,A
2-PB1,22,0,0,0,245,245,C
2-PB1,23,0,220,0,0,220,T
2-PB1,24,0,218,0,0,218,T
2-PB1,25,0,218,0,0,218,T
2-PB1,26,0,218,0,0,218,T
2-PB1,27,0,0,0,242,242,C
2-PB1,28,0,0,0,240,240,C
2-PB1,29,0,204,0,0,204,T
2-PB1,30,194,0,0,0,194,A
2-PB1,31,197,0,0,0,197,A
2-PB1,32,197,0,0,0,197,A
2-PB1,33,196,0,0,0,196,A
2-PB1,34,195,0,0,0,195,A
2-PB1,35,0,228,0,0,228,T
2-PB1,36,0,229,0,0,229,T
2-PB1,37,0,0,0,247,247,C
2-PB1,38,0,0,0,246,246,C
2-PB1,39,252,0,0,0,252,A
2-PB1,40,0,0,253,0,253,G
2-PB1,41,0,2,0,249,251,C
2-PB1,42,0,0,248,0,248,G
2-PB1,43,0,0,0,249,249,C
2-PB1,44,230,0,0,0,230,A
2-PB1,45,233,0,0,0,233,A
2-PB1,46,235,0,0,0,235,A
2-PB1,47,233,1,0,0,234,A
2-PB1,48,0,251,1,0,252,T
2-PB1,49,0,0,253,0,253,G
2-PB1,50,0,0,0,255,255,C
2-PB1,51,0,0,0,255,255,C
2-PB1,52,256,0,1,0,257,A
2-PB1,53,0,256,1,0,257,T
2-PB1,54,257,0,0,0,257,A
2-PB1,55,256,0,1,0,257,A
2-PB1,56,0,0,258,0,258,G
2-PB1,57,0,0,0,258,258,C
2-PB1,58,259,0,0,0,259,A
2-PB1,59,0,1,0,257,258,C
2-PB1,60,0,0,0,258,258,C
2-PB1,61,258,0,0,0,258,A
2-PB1,62,0,0,0,258,258,C
2-PB1,63,257,0,0,0,257,A
2-PB1,64,0,253,0,0,253,T
2-PB1,65,0,253,0,0,253,T
2-PB1,66,0,0,0,249,249,C
2-PB1,67,0,0,0,249,249,C
2-PB1,68,0,0,0,249,249,C
2-PB1,69,0,252,0,0,252,T
2-PB1,70,0,252,0,0,252,T
2-PB1,71,254,0,0,0,254,A
2-PB1,72,0,259,0,0,259,T
2-PB1,73,259,0,0,0,259,A
2-PB1,74,0,0,0,259,259,C
2-PB1,75,0,259,0,0,259,T
2-PB1,76,0,0,258,0,258,G
2-PB1,77,0,0,258,0,258,G
2-PB1,78,257,0,1,0,258,A
2-PB1,79,0,0,259,0,259,G
2-PB1,80,259,0,0,0,259,A
2-PB1,81,0,258,0,0,258,T
2-PB1,82,0,0,0,258,258,C
2-PB1,83,0,0,0,257,257,C
2-PB1,84,0,257,0,0,257,T
2-PB1,85,0,0,0,256,256,C
2-PB1,86,0,0,0,256,256,C
2-PB1,87,259,0,0,0,259,A
2-PB1,88,0,261,0,0,261,T
2-PB1,89,262,0,0,0,262,A
2-PB1,90,0,0,0,262,262,C
2-PB1,91,262,0,0,0,262,A
2-PB1,92,0,0,262,0,262,G
2-PB1,93,0,0,0,262,262,C
2-PB1,94,0,0,0,262,262,C
2-PB1,95,262,0,0,0,262,A
2-PB1,96,0,261,0,0,261,T
2-PB1,97,0,0,259,0,259,G
2-PB1,98,0,0,259,0,259,G
2-PB1,99,259,0,0,0,259,A
2-PB1,100,260,0,0,0,260,A
2-PB1,101,0,0,0,260,260,C
2-PB1,102,263,0,0,0,263,A
2-PB1,103,0,0,263,0,263,G
2-PB1,104,0,0,262,0,262,G
2-PB1,105,261,0,0,0,261,A
2-PB1,106,259,0,2,0,261,A
2-PB1,107,0,0,0,261,261,C
2-PB1,108,263,0,0,0,263,A
2-PB1,109,0,0,264,0,264,G
2-PB1,110,0,0,264,0,264,G
2-PB1,111,264,0,0,0,264,A
2-PB1,112,0,266,0,0,266,T
2-PB1,113,266,0,0,0,266,A
2-PB1,114,0,0,0,266,266,C
2-PB1,115,265,0,1,0,266,A
2-PB1,116,0,0,0,267,267,C
2-PB1,117,0,0,0,267,267,C
2-PB1,118,266,0,0,0,266,A
2-PB1,119,0,266,0,0,266,T
2-PB1,120,0,0,265,0,265,G
2-PB1,121,0,0,265,0,265,G
2-PB1,122,265,0,0,0,265,A
2-PB1,123,0,0,0,265,265,C
2-PB1,124,265,0,0,0,265,A
2-PB1,125,0,0,0,265,265,C
2-PB1,126,264,0,0,0,264,A
2-PB1,127,0,0,262,0,262,G
2-PB1,128,0,258,0,0,258,T
2-PB1,129,242,0,0,0,242,A
2-PB1,130,242,0,0,0,242,A
2-PB1,131,242,0,0,0,242,A
2-PB1,132,0,0,0,253,253,C
2-PB1,133,257,0,0,0,257,A
2-PB1,134,0,0,261,0,261,G
2-PB1,135,259,0,0,0,259,A
2-PB1,136,259,0,0,0,259,A
2-PB1,137,0,0,0,259,259,C
2-PB1,138,261,0,0,0,261,A
2-PB1,139,0,0,0,261,261,C
2-PB1,140,259,0,0,0,259,A
2-PB1,141,0,0,0,259,259,C
2-PB1,142,0,0,0,259,259,C
2-PB1,143,261,0,0,0,261,A
2-PB1,144,260,0,0,0,260,A
2-PB1,145,0,259,0,0,259,T
2-PB1,146,260,0,0,0,260,A
2-PB1,147,0,0,0,260,260,C
2-PB1,148,0,260,0,0,260,T
2-PB1,149,0,0,0,259,259,C
2-PB1,150,249,0,0,0,249,A
2-PB1,151,0,0,251,0,251,G
2-PB1,152,226,0,0,0,226,A
2-PB1,153,230,0,0,0,230,A
2-PB1,154,227,0,0,0,227,A
2-PB1,155,227,0,0,0,227,A
2-PB1,156,0,0,236,0,236,G
2-PB1,157,0,0,234,0,234,G
2-PB1,158,0,0,249,0,249,G
2-PB1,159,226,0,0,0,226,A
2-PB1,160,214,0,0,0,214,A
2-PB1,161,214,0,0,0,214,A
2-PB1,162,0,0,237,0,237,G
2-PB1,163,0,261,0,0,261,T
2-PB1,164,0,0,262,0,262,G
2-PB1,165,0,0,262,0,262,G
2-PB1,166,263,0,0,0,263,A
2-PB1,167,0,0,0,264,264,C
2-PB1,168,0,0,265,0,265,G
2-PB1,169,265,0,0,0,265,A
2-PB1,170,0,0,0,269,269,C
2-PB1,171,264,0,0,0,264,A
2-PB1,172,264,0,0,0,264,A
2-PB1,173,263,0,2,0,265,A
2-PB1,174,0,0,0,271,271,C
2-PB1,175,271,0,0,0,271,A
2-PB1,176,0,0,0,272,272,C
2-PB1,177,272,0,0,0,272,A
2-PB1,178,0,0,272,0,272,G
2-PB1,179,272,0,0,0,272,A
2-PB1,180,0,0,272,0,272,G
2-PB1,181,272,0,0,0,272,A
2-PB1,182,0,0,0,272,272,C
2-PB1,183,0,271,0,0,271,T
2-PB1,184,0,0,270,0,270,G
2-PB1,185,0,0,270,0,270,G
2-PB1,186,0,271,0,0,271,T
2-PB1,187,0,0,271,0,271,G
2-PB1,188,0,0,0,259,259,C
2-PB1,189,263,0,0,0,263,A
2-PB1,190,0,0,0,243,243,C
2-PB1,191,0,0,0,244,244,C
2-PB1,192,0,0,0,244,244,C
2-PB1,193,0,0,0,244,244,C
2-PB1,194,268,0,1,0,269,A
2-PB1,195,1,0,270,0,271,G
2-PB1,196,0,0,0,271,271,C
2-PB1,197,0,271,0,0,271,T
2-PB1,198,0,0,0,269,269,C
2-PB1,199,270,0,0,0,270,A
2-PB1,200,270,0,0,0,270,A
2-PB1,201,0,0,0,262,262,C
2-PB1,202,0,0,0,258,258,C
2-PB1,203,0,1,0,260,261,C
2-PB1,204,0,0,269,0,269,G
2-PB1,205,277,0,0,0,277,A
2-PB1,206,0,276,0,0,276,T
2-PB1,207,0,276,0,0,276,T
2-PB1,208,0,0,277,0,277,G
2-PB1,209,278,0,0,0,278,A
2-PB1,210,0,279,0,0,279,T
2-PB1,211,1,0,279,0,280,G
2-PB1,212,0,0,280,0,280,G
2-PB1,213,281,0,0,0,281,A
2-PB1,214,0,0,0,281,281,C
2-PB1,215,0,0,0,281,281,C
2-PB1,216,282,0,0,0,282,A
2-PB1,217,0,1,0,281,282,C
2-PB1,218,0,282,0,0,282,T
2-PB1,219,280,0,0,0,280,A
2-PB1,220,0,0,0,281,281,C
2-PB1,221,0,0,0,282,282,C
2-PB1,222,0,284,0,0,284,T
2-PB1,223,0,0,285,0,285,G
2-PB1,224,285,0,0,0,285,A
2-PB1,225,1,0,284,0,285,G
2-PB1,226,1,0,284,0,285,G
2-PB1,227,285,0,0,0,285,A
2-PB1,228,0,285,0,0,285,T
2-PB1,229,283,0,0,0,283,A
2-PB1,230,283,0,0,0,283,A
2-PB1,231,0,283,0,0,283,T
2-PB1,232,0,0,281,0,281,G
2-PB1,233,277,0,0,0,277,A
2-PB1,234,277,0,0,0,277,A
2-PB1,235,0,0,0,277,277,C
2-PB1,236,0,0,0,277,277,C
2-PB1,237,279,0,0,0,279,A
2-PB1,238,279,0,0,0,279,A
2-PB1,239,0,0,277,0,277,G
2-PB1,240,0,281,0,0,281,T
2-PB1,241,0,0,272,0,272,G
2-PB1,242,0,0,272,0,272,G
2-PB1,243,0,0,273,0,273,G
2-PB1,244,0,279,0,0,279,T
2-PB1,245,278,0,0,0,278,A
2-PB1,246,0,279,0,0,279,T
2-PB1,247,0,0,278,0,278,G
2-PB1,248,0,1,0,278,279,C
2-PB1,249,279,0,0,0,279,A
2-PB1,250,0,0,0,276,276,C
2-PB1,251,266,0,0,0,266,A
2-PB1,252,263,0,0,0,263,A
2-PB1,253,263,0,0,0,263,A
2-PB1,254,0,0,0,271,271,C
2-PB1,255,271,0,0,0,271,A
2-PB1,256,0,0,277,0,277,G
2-PB1,257,277,0,0,0,277,A
2-PB1,258,0,0,0,277,277,C
2-PB1,259,0,278,0,0,278,T
2-PB1,260,0,0,277,0,277,G
2-PB1,261,0,275,0,0,275,T
2-PB1,262,0,0,275,0,275,G
2-PB1,263,0,275,0,0,275,T
2-PB1,264,0,275,0,0,275,T
2-PB1,265,0,0,0,275,275,C
2-PB1,266,0,275,0,0,275,T
2-PB1,267,275,0,0,0,275,A
2-PB1,268,0,0,275,0,275,G
2-PB1,269,274,0,0,0,274,A
2-PB1,270,0,0,274,0,274,G
2-PB1,271,0,0,274,0,274,G
2-PB1,272,0,0,0,274,274,C
2-PB1,273,0,276,0,0,276,T
2-PB1,274,275,0,0,0,275,A
2-PB1,275,0,275,0,0,275,T
2-PB1,276,0,0,274,0,274,G
2-PB1,277,0,0,272,0,272,G
2-PB1,278,0,0,0,270,270,C
2-PB1,279,0,258,0,0,258,T
2-PB1,280,0,249,0,0,249,T
2-PB1,281,0,249,0,0,249,T
2-PB1,282,0,0,0,251,251,C
2-PB1,283,0,0,0,251,251,C
2-PB1,284,0,243,0,0,243,T
2-PB1,285,0,244,0,0,244,T
2-PB1,286,0,0,247,0,247,G
2-PB1,287,246,0,0,0,246,A
2-PB1,288,245,0,0,0,245,A
2-PB1,289,0,0,240,0,240,G
2-PB1,290,237,0,0,0,237,A
2-PB1,291,236,0,0,0,236,A
2-PB1,292,0,238,0,0,238,T
2-PB1,293,0,0,0,227,227,C
2-PB1,294,0,0,0,218,218,C
2-PB1,295,0,0,0,207,207,C
2-PB1,296,210,0,0,0,210,A
2-PB1,297,0,0,0,184,184,C
2-PB1,298,0,0,0,185,185,C
2-PB1,299,0,0,0,183,183,C
2-PB1,300,219,0,0,0,219,A
2-PB1,301,0,0,217,0,217,G
2-PB1,302,0,0,217,0,217,G
2-PB1,303,218,0,0,0,218,A
2-PB1,304,217,0,0,0,217,A
2-PB1,305,0,222,0,0,222,T
2-PB1,306,223,0,0,0,223,A
2-PB1,307,0,221,0,0,221,T
2-PB1,308,0,221,0,0,221,T
2-PB1,309,0,223,0,0,223,T
2-PB1,310,0,0,230,0,230,G
2-PB1,311,230,0,2,0,232,A
2-PB1,312,0,0,233,0,233,G
2-PB1,313,235,0,0,0,235,A
2-PB1,314,236,0,0,0,236,A
2-PB1,315,0,235,0,0,235,T
2-PB1,316,0,235,0,0,235,T
2-PB1,317,0,0,0,235,235,C
2-PB1,318,240,0,0,0,240,A
2-PB1,319,0,240,0,0,240,T
2-PB1,320,0,0,238,0,238,G
2-PB1,321,0,1,0,236,237,C
2-PB1,322,0,0,0,237,237,C
2-PB1,323,0,237,0,0,237,T
2-PB1,324,0,237,0,0,237,T
2-PB1,325,0,0,236,0,236,G
2-PB1,326,229,0,0,0,229,A
2-PB1,327,226,0,0,0,226,A
2-PB1,328,223,0,2,0,225,A
2-PB1,329,0,0,0,224,224,C
2-PB1,330,220,0,0,1,221,A
2-PB1,331,221,0,0,0,221,A
2-PB1,332,0,221,0,0,221,T
2-PB1,333,0,0,217,0,217,G
2-PB1,334,0,0,218,0,218,G
2-PB1,335,213,0,1,0,214,A
2-PB1,336,214,0,0,0,214,A
2-PB1,337,1,0,211,0,212,G
2-PB1,338,0,215,0,0,215,T
2-PB1,339,0,215,0,0,215,T
2-PB1,340,0,0,215,0,215,G
2-PB1,341,0,213,0,0,213,T
2-PB1,342,0,210,0,0,210,T
2-PB1,343,0,0,0,210,210,C
2-PB1,344,205,0,0,0,205,A
2-PB1,345,187,0,0,0,187,A
2-PB1,346,0,0,0,177,177,C
2-PB1,347,164,0,0,0,164,A
2-PB1,348,163,0,0,0,163,A
2-PB1,349,166,0,0,0,166,A
2-PB1,350,0,0,0,186,186,C
2-PB1,351,181,0,0,0,181,A
2-PB1,352,187,0,0,0,187,A
2-PB1,353,0,0,184,0,184,G
2-PB1,354,0,0,183,0,183,G
2-PB1,355,1,0,184,0,185,G
2-PB1,356,0,191,0,0,191,T
2-PB1,357,194,0,0,0,194,A
2-PB1,358,0,0,189,0,189,G
2-PB1,359,198,0,0,0,198,A
2-PB1,360,0,201,0,0,201,T
2-PB1,361,195,0,0,0,195,A
2-PB1,362,195,0,0,0,195,A
2-PB1,363,194,0,1,0,195,A
2-PB1,364,0,0,0,201,201,C
2-PB1,365,0,201,0,0,201,T
2-PB1,366,201,0,0,0,201,A
2-PB1,367,201,0,1,0,202,A
2-PB1,368,0,0,0,203,203,C
2-PB1,369,0,202,0,0,202,T
2-PB1,370,0,0,0,202,202,C
2-PB1,371,201,0,0,0,201,A
2-PB1,372,201,0,0,0,201,A
2-PB1,373,0,0,202,0,202,G
2-PB1,374,0,0,202,0,202,G
2-PB1,375,0,206,0,0,206,T
2-PB1,376,0,0,0,205,205,C
2-PB1,377,0,0,203,0,203,G
2-PB1,378,0,0,0,204,204,C
2-PB1,379,0,0,0,204,204,C
2-PB1,380,204,0,0,0,204,A
2-PB1,381,0,0,206,0,206,G
2-PB1,382,206,0,0,0,206,A
2-PB1,383,0,0,0,206,206,C
2-PB1,384,0,206,0,0,206,T
2-PB1,385,0,206,0,0,206,T
2-PB1,386,208,0,0,0,208,A
2-PB1,387,0,210,0,0,210,T
2-PB1,388,0,0,210,0,210,G
2-PB1,389,210,0,0,0,210,A
2-PB1,390,0,210,0,0,210,T
2-PB1,391,0,210,0,0,210,T
2-PB1,392,0,0,210,0,210,G
2-PB1,393,0,0,210,0,210,G
2-PB1,394,210,0,0,0,210,A
2-PB1,395,0,0,0,211,211,C
2-PB1,396,210,0,0,0,210,A
2-PB1,397,0,207,0,0,207,T
2-PB1,398,0,206,0,0,206,T
2-PB1,399,203,0,0,0,203,A
2-PB1,400,203,0,0,0,203,A
2-PB1,401,202,0,0,0,202,A
2-PB1,402,0,0,0,204,204,C
2-PB1,403,189,0,0,0,189,A
2-PB1,404,0,0,200,0,200,G
2-PB1,405,199,0,0,0,199,A
2-PB1,406,199,0,0,0,199,A
2-PB1,407,201,0,0,0,201,A
2-PB1,408,0,207,0,0,207,T
2-PB1,409,0,0,0,207,207,C
2-PB1,410,187,0,0,0,187,A
2-PB1,411,188,0,0,0,188,A
2-PB1,412,0,0,0,188,188,C
2-PB1,413,0,0,0,188,188,C
2-PB1,414,0,0,205,0,205,G
2-PB1,415,0,0,205,0,205,G
2-PB1,416,0,0,0,210,210,C
2-PB1,417,211,0,0,0,211,A
2-PB1,418,0,0,211,0,211,G
2-PB1,419,0,0,0,211,211,C
2-PB1,420,211,0,0,0,211,A
2-PB1,421,211,0,0,0,211,A
2-PB1,422,0,0,0,212,212,C
2-PB1,423,0,212,0,0,212,T
2-PB1,424,0,0,212,0,212,G
2-PB1,425,0,0,0,212,212,C
2-PB1,426,213,0,0,0,213,A
2-PB1,427,0,212,0,0,212,T
2-PB1,428,0,211,0,0,211,T
2-PB1,429,0,0,209,0,209,G
2-PB1,430,0,0,210,0,210,G
2-PB1,431,0,0,0,209,209,C
2-PB1,432,0,0,0,209,209,C
2-PB1,433,205,0,0,0,205,A
2-PB1,434,205,0,0,0,205,A
2-PB1,435,0,1,0,205,206,C
2-PB1,436,210,0,0,0,210,A
2-PB1,437,0,0,0,208,208,C
2-PB1,438,0,0,0,208,208,C
2-PB1,439,212,0,0,0,212,A
2-PB1,440,0,213,0,0,213,T
2-PB1,441,213,0,0,0,213,A
2-PB1,442,0,0,213,0,213,G
2-PB1,443,212,0,0,0,212,A
2-PB1,444,215,0,0,0,215,A
2-PB1,445,0,0,216,0,216,G
2-PB1,446,0,210,0,0,210,T
2-PB1,447,0,0,0,213,213,C
2-PB1,448,0,206,0,0,206,T
2-PB1,449,0,205,0,0,205,T
2-PB1,450,0,204,0,0,204,T
2-PB1,451,206,0,0,0,206,A
2-PB1,452,0,0,208,0,208,G
2-PB1,453,209,0,0,0,209,A
2-PB1,454,0,209,0,0,209,T
2-PB1,455,0,0,0,210,210,C
2-PB1,456,2,0,207,0,209,G
2-PB1,457,209,0,0,0,209,A
2-PB1,458,210,0,0,0,210,A
2-PB1,459,0,209,0,0,209,T
2-PB1,460,0,0,205,0,205,G
2-PB1,461,2,0,203,0,205,G
2-PB1,462,0,0,0,205,205,C
2-PB1,463,0,0,0,205,205,C
2-PB1,464,0,205,0,0,205,T
2-PB1,465,207,0,0,0,207,A
2-PB1,466,207,0,0,0,207,A
2-PB1,467,0,0,0,206,206,C
2-PB1,468,205,0,1,0,206,A
2-PB1,469,0,0,207,0,207,G
2-PB1,470,0,0,0,207,207,C
2-PB1,471,0,207,0,0,207,T
2-PB1,472,207,0,0,0,207,A
2-PB1,473,209,0,0,0,209,A
2-PB1,474,0,211,0,0,211,T
2-PB1,475,0,0,211,0,211,G
2-PB1,476,209,0,2,0,211,A
2-PB1,477,0,0,211,0,211,G
2-PB1,478,0,210,0,0,210,T
2-PB1,479,0,0,0,209,209,C
2-PB1,480,203,0,1,0,204,A
2-PB1,481,0,0,201,0,201,G
2-PB1,482,0,0,200,0,200,G
2-PB1,483,198,0,0,0,198,A
2-PB1,484,198,0,0,0,198,A
2-PB1,485,0,0,199,0,199,G
2-PB1,486,1,0,197,0,198,G
2-PB1,487,1,0,0,199,200,C
2-PB1,488,0,200,0,0,200,T
2-PB1,489,200,0,0,0,200,A
2-PB1,490,199,0,0,0,199,A
2-PB1,491,0,198,0,0,198,T
2-PB1,492,195,0,1,0,196,A
2-PB1,493,0,0,196,0,196,G
2-PB1,494,190,0,0,0,190,A
2-PB1,495,0,169,0,0,169,T
2-PB1,496,0,169,0,0,169,T
2-PB1,497,0,170,0,0,170,T
2-PB1,498,0,0,0,186,186,C
2-PB1,499,0,176,0,0,176,T
2-PB1,500,0,177,0,0,177,T
2-PB1,501,180,0,0,0,180,A
2-PB1,502,180,0,0,0,180,A
2-PB1,503,183,0,0,0,183,A
2-PB1,504,0,0,190,0,190,G
2-PB1,505,0,0,191,0,191,G
2-PB1,506,188,0,1,0,189,A
2-PB1,507,0,193,0,0,193,T
2-PB1,508,0,0,194,0,194,G
2-PB1,509,0,193,0,0,193,T
2-PB1,510,194,0,0,0,194,A
2-PB1,511,194,0,0,0,194,A
2-PB1,512,0,196,0,0,196,T
2-PB1,513,0,0,195,0,195,G
2-PB1,514,1,0,196,0,197,G
2-PB1,515,196,0,0,0,196,A
2-PB1,516,198,0,0,0,198,A
2-PB1,517,0,198,0,0,198,T
2-PB1,518,0,0,0,199,199,C
2-PB1,519,198,0,0,0,198,A
2-PB1,520,198,0,0,0,198,A
2-PB1,521,0,199,0,0,199,T
2-PB1,522,0,0,199,0,199,G
2-PB1,523,196,0,0,0,196,A
2-PB1,524,193,0,0,0,193,A
2-PB1,525,0,0,0,195,195,C
2-PB1,526,193,0,0,0,193,A
2-PB1,527,193,0,0,0,193,A
2-PB1,528,193,0,0,0,193,A
2-PB1,529,0,0,197,0,197,G
2-PB1,530,192,0,1,0,193,A
2-PB1,531,0,0,197,0,197,G
2-PB1,532,0,0,197,0,197,G
2-PB1,533,193,0,0,0,193,A
2-PB1,534,194,0,0,0,194,A
2-PB1,535,194,0,1,0,195,A
2-PB1,536,0,198,0,0,198,T
2-PB1,537,197,0,0,0,197,A
2-PB1,538,0,0,199,0,199,G
2-PB1,539,198,0,0,0,198,A
2-PB1,540,0,0,203,0,203,G
2-PB1,541,204,0,0,0,204,A
2-PB1,542,0,204,0,0,204,T
2-PB1,543,202,0,0,0,202,A
2-PB1,544,201,0,1,0,202,A
2-PB1,545,0,0,0,200,200,C
2-PB1,546,201,0,0,0,201,A
2-PB1,547,201,0,0,0,201,A
2-PB1,548,0,1,0,189,190,C
2-PB1,549,0,0,0,191,191,C
2-PB1,550,0,0,0,191,191,C
2-PB1,551,202,0,0,0,202,A
2-PB1,552,0,0,0,199,199,C
2-PB1,553,0,187,0,0,187,T
2-PB1,554,0,182,0,0,182,T
2-PB1,555,0,182,0,0,182,T
2-PB1,556,0,0,0,201,201,C
2-PB1,557,142,0,0,0,142,A
2-PB1,558,145,0,0,0,145,A
2-PB1,559,144,0,0,0,144,A
2-PB1,560,0,0,187,0,187,G
2-PB1,561,141,0,0,0,141,A
2-PB1,562,142,0,0,0,142,A
2-PB1,563,142,0,0,0,142,A
2-PB1,564,142,0,0,0,142,A
2-PB1,565,144,0,0,0,144,A
2-PB1,566,0,0,202,0,202,G
2-PB1,567,0,0,203,0,203,G
2-PB1,568,215,0,0,0,215,A
2-PB1,569,0,0,233,0,233,G
2-PB1,570,239,0,0,0,239,A
2-PB1,571,0,0,243,0,243,G
2-PB1,572,0,242,0,0,242,T
2-PB1,573,244,0,0,0,244,A
2-PB1,574,244,0,0,0,244,A
2-PB1,575,0,0,246,0,246,G
2-PB1,576,247,0,1,0,248,A
2-PB1,577,0,0,249,0,249,G
2-PB1,578,249,0,0,0,249,A
2-PB1,579,1,0,0,245,246,C
2-PB1,580,247,0,0,0,247,A
2-PB1,581,247,0,0,0,247,A
2-PB1,582,0,0,0,247,247,C
2-PB1,583,250,0,0,0,250,A
2-PB1,584,0,251,0,0,251,T
2-PB1,585,0,0,252,0,252,G
2-PB1,586,250,0,0,0,250,A
2-PB1,587,0,0,0,247,247,C
2-PB1,588,0,0,0,247,247,C
2-PB1,589,248,0,0,0,248,A
2-PB1,590,248,0,0,0,248,A
2-PB1,591,0,0,250,0,250,G
2-PB1,592,251,0,0,0,251,A
2-PB1,593,252,0,0,0,252,A
2-PB1,594,0,0,252,0,252,G
2-PB1,595,252,0,0,0,252,A
2-PB1,596,0,251,0,0,251,T
2-PB1,597,0,0,250,0,250,G
2-PB1,598,0,0,251,0,251,G
2-PB1,599,0,252,0,0,252,T
2-PB1,600,0,0,0,251,251,C
2-PB1,601,251,0,0,0,251,A
2-PB1,602,0,0,0,253,253,C
2-PB1,603,0,0,253,0,253,G
2-PB1,604,0,0,0,252,252,C
2-PB1,605,241,0,0,0,241,A
2-PB1,606,243,0,0,0,243,A
2-PB1,607,244,0,0,0,244,A
2-PB1,608,0,0,249,0,249,G
2-PB1,609,244,0,0,0,244,A
2-PB1,610,245,0,0,0,245,A
2-PB1,611,0,0,0,249,249,C
2-PB1,612,249,0,0,0,249,A
2-PB1,613,250,0,0,0,250,A
2-PB1,614,0,248,0,0,248,T
2-PB1,615,243,0,0,0,243,A
2-PB1,616,0,0,241,0,241,G
2-PB1,617,0,0,237,0,237,G
2-PB1,618,0,0,239,0,239,G
2-PB1,619,207,0,0,0,207,A
2-PB1,620,192,0,0,0,192,A
2-PB1,621,0,0,207,0,207,G
2-PB1,622,134,0,0,0,134,A
2-PB1,623,142,0,0,0,142,A
2-PB1,624,149,0,0,0,149,A
2-PB1,625,150,0,0,0,150,A
2-PB1,626,149,0,0,0,149,A
2-PB1,627,149,0,0,0,149,A
2-PB1,628,0,1,0,213,214,C
2-PB1,629,212,0,0,0,212,A
2-PB1,630,229,0,0,0,229,A
2-PB1,631,232,0,0,0,232,A
2-PB1,632,0,0,274,0,274,G
2-PB1,633,268,0,0,0,268,A
2-PB1,634,0,0,0,280,280,C
2-PB1,635,0,282,0,0,282,T
2-PB1,636,0,0,279,0,279,G
2-PB1,637,277,0,3,0,280,A
2-PB1,638,280,0,0,0,280,A
2-PB1,639,0,278,0,0,278,T
2-PB1,640,278,0,0,0,278,A
2-PB1,641,276,0,0,0,276,A
2-PB1,642,0,0,277,0,277,G
2-PB1,643,278,0,0,0,278,A
2-PB1,644,0,0,279,0,279,G
2-PB1,645,279,0,0,0,279,A
2-PB1,646,0,0,280,0,280,G
2-PB1,647,0,0,280,0,280,G
2-PB1,648,0,0,0,282,282,C
2-PB1,649,0,281,0,0,281,T
2-PB1,650,279,0,0,0,279,A
2-PB1,651,0,279,0,0,279,T
2-PB1,652,0,0,0,278,278,C
2-PB1,653,0,277,0,0,277,T
2-PB1,654,278,0,0,0,278,A
2-PB1,655,278,0,0,0,278,A
2-PB1,656,0,272,0,0,272,T
2-PB1,657,271,0,0,0,271,A
2-PB1,658,273,0,0,0,273,A
2-PB1,659,0,0,276,0,276,G
2-PB1,660,277,0,1,0,278,A
2-PB1,661,0,0,278,0,278,G
2-PB1,662,0,0,0,277,277,C
2-PB1,663,273,0,0,0,273,A
2-PB1,664,0,0,0,273,273,C
2-PB1,665,0,274,0,0,274,T
2-PB1,666,0,0,277,0,277,G
2-PB1,667,275,0,1,1,277,A
2-PB1,668,0,0,0,279,279,C
2-PB1,669,278,0,0,0,278,A
2-PB1,670,0,272,0,0,272,T
2-PB1,671,0,272,0,0,272,T
2-PB1,672,261,0,0,0,261,A
2-PB1,673,263,0,0,0,263,A
2-PB1,674,263,0,0,0,263,A
2-PB1,675,0,273,0,0,273,T
2-PB1,676,271,0,0,0,271,A
2-PB1,677,0,0,0,275,275,C
2-PB1,678,0,0,277,0,277,G
2-PB1,679,274,0,0,0,274,A
2-PB1,680,0,274,0,1,275,T
2-PB1,681,0,0,275,0,275,G
2-PB1,682,271,0,0,0,271,A
2-PB1,683,0,0,0,271,271,C
2-PB1,684,0,0,0,271,271,C
2-PB1,685,261,0,0,0,261,A
2-PB1,686,262,0,0,0,262,A
2-PB1,687,266,0,0,0,266,A
2-PB1,688,1,0,275,0,276,G
2-PB1,689,274,0,0,0,274,A
2-PB1,690,0,276,0,0,276,T
2-PB1,691,0,0,276,0,276,G
2-PB1,692,0,0,0,279,279,C
2-PB1,693,279,0,0,0,279,A
2-PB1,694,0,0,279,0,279,G
2-PB1,695,274,0,0,0,274,A
2-PB1,696,0,0,273,0,273,G
2-PB1,697,271,0,0,0,271,A
2-PB1,698,0,0,271,0,271,G
2-PB1,699,269,0,1,0,270,A
2-PB1,700,0,0,267,0,267,G
2-PB1,701,0,0,265,0,265,G
2-PB1,702,0,0,0,266,266,C
2-PB1,703,246,0,0,0,246,A
2-PB1,704,239,0,0,0,239,A
2-PB1,705,0,0,251,0,251,G
2-PB1,706,0,221,0,0,221,T
2-PB1,707,0,224,0,0,224,T
2-PB1,708,196,0,0,0,196,A
2-PB1,709,196,0,0,0,196,A
2-PB1,710,203,0,0,0,203,A
2-PB1,711,200,0,0,0,200,A
2-PB1,712,202,0,0,0,202,A
2-PB1,713,0,0,234,0,234,G
2-PB1,714,243,0,0,0,243,A
2-PB1,715,266,0,0,0,266,A
2-PB1,716,0,0,275,0,275,G
2-PB1,717,0,0,277,0,277,G
2-PB1,718,0,0,278,0,278,G
2-PB1,719,0,0,0,292,292,C
2-PB1,720,0,292,0,0,292,T
2-PB1,721,296,0,0,0,296,A
2-PB1,722,0,298,0,0,298,T
2-PB1,723,0,0,0,296,296,C
2-PB1,724,0,0,297,0,297,G
2-PB1,725,0,0,0,295,295,C
2-PB1,726,294,0,0,0,294,A
2-PB1,727,295,0,0,0,295,A
2-PB1,728,0,1,0,297,298,C
2-PB1,729,297,0,0,0,297,A
2-PB1,730,0,0,0,295,295,C
2-PB1,731,0,0,0,294,294,C
2-PB1,732,0,295,0,1,296,T
2-PB1,733,0,0,295,0,295,G
2-PB1,734,0,0,294,0,294,G
2-PB1,735,0,0,297,0,297,G
2-PB1,736,300,0,1,0,301,A
2-PB1,737,0,303,0,0,303,T
2-PB1,738,0,0,303,0,303,G
2-PB1,739,0,0,0,302,302,C
2-PB1,740,301,0,0,0,301,A
2-PB1,741,0,0,301,0,301,G
2-PB1,742,301,0,0,0,301,A
2-PB1,743,0,301,0,0,301,T
2-PB1,744,0,298,0,0,298,T
2-PB1,745,298,0,0,0,298,A
2-PB1,746,0,0,299,0,299,G
2-PB1,747,295,0,0,0,295,A
2-PB1,748,0,0,291,0,291,G
2-PB1,749,0,0,291,0,291,G
2-PB1,750,0,286,0,0,286,T
2-PB1,751,0,284,0,0,284,T
2-PB1,752,0,285,0,0,285,T
2-PB1,753,0,0,0,295,295,C
2-PB1,754,0,0,293,0,293,G
2-PB1,755,0,291,0,0,291,T
2-PB1,756,291,0,0,0,291,A
2-PB1,757,0,287,0,0,287,T
2-PB1,758,283,0,0,0,283,A
2-PB1,759,0,0,0,283,283,C
2-PB1,760,0,270,0,0,270,T
2-PB1,761,0,269,0,0,269,T
2-PB1,762,0,270,0,0,270,T
2-PB1,763,0,0,283,0,283,G
2-PB1,764,0,285,0,0,285,T
2-PB1,765,0,282,0,1,283,T
2-PB1,766,0,0,294,0,294,G
2-PB1,767,288,0,0,0,288,A
2-PB1,768,288,0,0,0,288,A
2-PB1,769,290,0,0,0,290,A
2-PB1,770,0,0,0,297,297,C
2-PB1,771,0,288,0,0,288,T
2-PB1,772,0,284,0,0,284,T
2-PB1,773,0,284,0,0,284,T
2-PB1,774,285,0,0,0,285,A
2-PB1,775,1,0,295,0,296,G
2-PB1,776,0,0,0,293,293,C
2-PB1,777,0,290,0,0,290,T
2-PB1,778,288,0,0,0,288,A
2-PB1,779,0,0,289,0,289,G
2-PB1,780,0,0,293,0,293,G
2-PB1,781,294,0,0,0,294,A
2-PB1,782,0,0,294,0,294,G
2-PB1,783,0,0,0,294,294,C
2-PB1,784,295,0,0,0,295,A
2-PB1,785,0,284,0,0,284,T
2-PB1,786,0,284,0,0,284,T
2-PB1,787,0,284,0,0,284,T
2-PB1,788,0,0,296,0,296,G
2-PB1,789,0,0,0,297,297,C
2-PB1,790,0,0,290,0,290,G
2-PB1,791,281,0,0,0,281,A
2-PB1,792,281,0,0,0,281,A
2-PB1,793,281,0,0,0,281,A
2-PB1,794,280,0,0,0,280,A
2-PB1,795,0,0,292,0,292,G
2-PB1,796,0,0,0,295,295,C
2-PB1,797,0,295,0,0,295,T
2-PB1,798,0,295,0,0,295,T
2-PB1,799,0,0,300,0,300,G
2-PB1,800,299,0,0,0,299,A
2-PB1,801,299,0,0,0,299,A
2-PB1,802,0,1,0,298,299,C
2-PB1,803,300,0,0,0,300,A
2-PB1,804,0,0,299,0,299,G
2-PB1,805,0,299,0,0,299,T
2-PB1,806,0,1,0,300,301,C
2-PB1,807,0,301,0,0,301,T
2-PB1,808,0,0,298,0,298,G
2-PB1,809,0,0,298,0,298,G
2-PB1,810,1,0,297,0,298,G
2-PB1,811,0,0,0,292,292,C
2-PB1,812,0,294,0,1,295,T
2-PB1,813,0,0,0,280,280,C
2-PB1,814,0,0,0,280,280,C
2-PB1,815,0,0,0,279,279,C
2-PB1,816,290,0,0,0,290,A
2-PB1,817,0,0,258,0,258,G
2-PB1,818,0,287,0,0,287,T
2-PB1,819,266,0,0,0,266,A
2-PB1,820,0,0,207,0,207,G
2-PB1,821,0,0,207,0,207,G
2-PB1,822,0,0,208,0,208,G
2-PB1,823,0,0,207,0,207,G
2-PB1,824,0,0,208,0,208,G
2-PB1,825,0,0,0,283,283,C
2-PB1,826,288,0,0,0,288,A
2-PB1,827,290,0,0,0,290,A
2-PB1,828,0,292,0,0,292,T
2-PB1,829,0,0,290,0,290,G
2-PB1,830,282,0,0,0,282,A
2-PB1,831,284,0,0,0,284,A
2-PB1,832,282,0,1,0,283,A
2-PB1,833,280,0,0,0,280,A
2-PB1,834,0,0,286,0,286,G
2-PB1,835,275,0,0,0,275,A
2-PB1,836,278,0,0,0,278,A
2-PB1,837,0,0,286,0,286,G
2-PB1,838,0,0,283,0,283,G
2-PB1,839,0,0,0,281,281,C
2-PB1,840,0,0,0,283,283,C
2-PB1,841,264,0,0,0,264,A
2-PB1,842,260,0,0,0,260,A
2-PB1,843,258,0,0,0,258,A
2-PB1,844,0,0,0,281,281,C
2-PB1,845,0,287,0,0,287,T
2-PB1,846,0,0,287,0,287,G
2-PB1,847,0,0,288,0,288,G
2-PB1,848,0,0,0,291,291,C
2-PB1,849,278,0,0,0,278,A
2-PB1,850,278,0,0,0,278,A
2-PB1,851,280,0,0,0,280,A
2-PB1,852,0,294,0,1,295,T
2-PB1,853,0,0,292,0,292,G
2-PB1,854,0,298,0,0,298,T
2-PB1,855,0,299,0,0,299,T
2-PB1,856,0,0,300,0,300,G
2-PB1,857,0,303,0,1,304,T
2-PB1,858,0,0,306,0,306,G
2-PB1,859,304,0,0,0,304,A
2-PB1,860,0,0,308,0,308,G
2-PB1,861,300,0,0,0,300,A
2-PB1,862,300,0,0,0,300,A
2-PB1,863,299,0,0,0,299,A
2-PB1,864,0,0,308,0,308,G
2-PB1,865,310,0,0,0,310,A
2-PB1,866,0,313,0,0,313,T
2-PB1,867,0,0,312,0,312,G
2-PB1,868,312,0,0,0,312,A
2-PB1,869,0,311,0,1,312,T
2-PB1,870,0,0,312,0,312,G
2-PB1,871,312,0,1,0,313,A
2-PB1,872,0,1,0,312,313,C
2-PB1,873,0,311,0,0,311,T
2-PB1,874,310,0,0,0,310,A
2-PB1,875,312,0,0,0,312,A
2-PB1,876,0,310,0,0,310,T
2-PB1,877,0,310,0,0,310,T
2-PB1,878,0,0,0,311,311,C
2-PB1,879,309,0,0,0,309,A
2-PB1,880,0,0,0,308,308,C
2-PB1,881,305,0,0,0,305,A
2-PB1,882,305,0,0,0,305,A
2-PB1,883,0,0,305,0,305,G
2-PB1,884,305,0,0,0,305,A
2-PB1,885,0,0,0,305,305,C
2-PB1,886,304,0,0,0,304,A
2-PB1,887,0,0,0,304,304,C
2-PB1,888,304,0,1,0,305,A
2-PB1,889,0,0,306,0,306,G
2-PB1,890,306,0,0,0,306,A
2-PB1,891,0,0,305,0,305,G
2-PB1,892,300,0,1,0,301,A
2-PB1,893,0,268,0,0,268,T
2-PB1,894,0,265,0,0,265,T
2-PB1,895,0,264,0,0,264,T
2-PB1,896,0,0,0,292,292,C
2-PB1,897,0,251,0,0,251,T
2-PB1,898,0,261,0,0,261,T
2-PB1,899,0,267,0,0,267,T
2-PB1,900,0,0,0,303,303,C
2-PB1,901,311,0,0,0,311,A
2-PB1,902,0,0,0,319,319,C
2-PB1,903,317,0,0,0,317,A
2-PB1,904,319,0,0,0,319,A
2-PB1,905,0,320,0,0,320,T
2-PB1,906,0,0,0,320,320,C
2-PB1,907,321,0,0,0,321,A
2-PB1,908,0,0,0,323,323,C
2-PB1,909,0,323,0,0,323,T
2-PB1,910,0,0,288,0,288,G
2-PB1,911,0,0,290,0,290,G
2-PB1,912,0,0,293,0,293,G
2-PB1,913,0,0,294,0,294,G
2-PB1,914,313,0,1,0,314,A
2-PB1,915,0,0,0,321,321,C
2-PB1,916,320,0,0,0,320,A
2-PB1,917,320,0,0,0,320,A
2-PB1,918,0,1,0,321,322,C
2-PB1,919,326,0,0,0,326,A
2-PB1,920,0,0,0,327,327,C
2-PB1,921,0,327,0,0,327,T
2-PB1,922,328,0,0,0,328,A
2-PB1,923,330,0,0,0,330,A
2-PB1,924,0,0,329,0,329,G
2-PB1,925,0,331,0,0,331,T
2-PB1,926,0,0,327,0,327,G
2-PB1,927,0,0,327,0,327,G
2-PB1,928,323,0,0,0,323,A
2-PB1,929,324,0,0,0,324,A
2-PB1,930,0,326,0,0,326,T
2-PB1,931,0,0,319,0,319,G
2-PB1,932,294,0,0,0,294,A
2-PB1,933,296,0,0,0,296,A
2-PB1,934,298,0,0,0,298,A
2-PB1,935,297,0,0,0,297,A
2-PB1,936,0,322,0,0,322,T
2-PB1,937,0,0,0,316,316,C
2-PB1,938,286,0,0,0,286,A
2-PB1,939,288,0,0,0,288,A
2-PB1,940,288,0,0,0,288,A
2-PB1,941,288,0,0,0,288,A
2-PB1,942,0,318,0,0,318,T
2-PB1,943,0,2,0,312,314,C
2-PB1,944,0,1,0,315,316,C
2-PB1,945,0,318,0,0,318,T
2-PB1,946,0,0,0,321,321,C
2-PB1,947,0,0,321,0,321,G
2-PB1,948,321,0,0,0,321,A
2-PB1,949,320,0,0,0,320,A
2-PB1,950,0,319,0,0,319,T
2-PB1,951,0,0,318,0,318,G
2-PB1,952,0,314,0,0,314,T
2-PB1,953,0,314,0,0,314,T
2-PB1,954,0,0,0,318,318,C
2-PB1,955,0,0,0,318,318,C
2-PB1,956,0,321,0,0,321,T
2-PB1,957,1,0,315,0,316,G
2-PB1,958,1,0,315,0,316,G
2-PB1,959,0,0,0,317,317,C
2-PB1,960,0,0,317,0,317,G
2-PB1,961,319,0,0,0,319,A
2-PB1,962,0,320,0,0,320,T
2-PB1,963,0,0,320,0,320,G
2-PB1,964,319,0,0,0,319,A
2-PB1,965,0,318,0,0,318,T
2-PB1,966,1,317,0,0,318,T
2-PB1,967,320,0,0,0,320,A
2-PB1,968,0,0,0,319,319,C
2-PB1,969,313,0,2,0,315,A
2-PB1,970,0,315,0,0,315,T
2-PB1,971,315,0,0,0,315,A
2-PB1,972,0,311,0,0,311,T
2-PB1,973,311,0,0,0,311,A
2-PB1,974,0,311,0,0,311,T
2-PB1,975,0,0,0,311,311,C
2-PB1,976,309,0,0,0,309,A
2-PB1,977,0,0,0,309,309,C
2-PB1,978,0,0,0,308,308,C
2-PB1,979,304,0,0,0,304,A
2-PB1,980,0,0,306,0,306,G
2-PB1,981,293,0,0,0,293,A
2-PB1,982,294,0,0,0,294,A
2-PB1,983,293,0,0,0,293,A
2-PB1,984,0,307,0,0,307,T
2-PB1,985,0,0,0,299,299,C
2-PB1,986,299,0,0,0,299,A
2-PB1,987,300,0,0,0,300,A
2-PB1,988,0,0,0,297,297,C
2-PB1,989,0,0,0,293,293,C
2-PB1,990,0,0,0,296,296,C
2-PB1,991,0,0,305,0,305,G
2-PB1,992,308,0,0,0,308,A
2-PB1,993,0,0,308,0,308,G
2-PB1,994,0,306,0,0,306,T
2-PB1,995,0,0,297,0,297,G
2-PB1,996,0,0,297,0,297,G
2-PB1,997,0,296,0,0,296,T
2-PB1,998,0,295,0,0,295,T
2-PB1,999,0,0,0,299,299,C
2-PB1,1000,295,0,0,0,295,A
2-PB1,1001,0,0,293,0,293,G
2-PB1,1002,273,0,0,0,273,A
2-PB1,1003,274,0,0,0,274,A
2-PB1,1004,274,0,0,0,274,A
2-PB1,1005,0,0,0,289,289,C
2-PB1,1006,290,0,0,0,290,A
2-PB1,1007,0,291,0,0,291,T
2-PB1,1008,0,0,0,290,290,C
2-PB1,1009,0,0,0,291,291,C
2-PB1,1010,0,293,0,0,293,T
2-PB1,1011,0,0,294,0,294,G
2-PB1,1012,294,0,0,0,294,A
2-PB1,1013,3,0,291,0,294,G
2-PB1,1014,0,0,0,294,294,C
2-PB1,1015,294,0,0,0,294,A
2-PB1,1016,0,295,0,0,295,T
2-PB1,1017,0,0,290,0,290,G
2-PB1,1018,1,0,289,0,290,G
2-PB1,1019,0,0,0,282,282,C
2-PB1,1020,283,0,0,0,283,A
2-PB1,1021,0,1,0,269,270,C
2-PB1,1022,0,0,0,269,269,C
2-PB1,1023,0,0,0,268,268,C
2-PB1,1024,284,0,0,0,284,A
2-PB1,1025,0,283,0,0,283,T
2-PB1,1026,283,0,0,0,283,A
2-PB1,1027,285,0,0,0,285,A
2-PB1,1028,0,288,0,0,288,T
2-PB1,1029,0,0,287,0,287,G
2-PB1,1030,0,284,0,0,284,T
2-PB1,1031,0,281,0,2,283,T
2-PB1,1032,0,0,0,284,284,C
2-PB1,1033,0,282,0,0,282,T
2-PB1,1034,0,0,0,279,279,C
2-PB1,1035,256,0,0,0,256,A
2-PB1,1036,254,0,0,0,254,A
2-PB1,1037,251,0,0,0,251,A
2-PB1,1038,0,0,0,267,267,C
2-PB1,1039,258,0,0,0,258,A
2-PB1,1040,259,0,0,0,259,A
2-PB1,1041,259,0,0,0,259,A
2-PB1,1042,258,0,0,0,258,A
2-PB1,1043,0,275,0,0,275,T
2-PB1,1044,0,0,275,0,275,G
2-PB1,1045,0,0,274,0,274,G
2-PB1,1046,0,0,0,274,274,C
2-PB1,1047,273,0,0,0,273,A
2-PB1,1048,275,0,0,0,275,A
2-PB1,1049,0,0,276,0,276,G
2-PB1,1050,275,0,0,0,275,A
2-PB1,1051,0,0,0,275,275,C
2-PB1,1052,0,273,0,0,273,T
2-PB1,1053,262,0,0,0,262,A
2-PB1,1054,0,0,234,0,234,G
2-PB1,1055,0,0,234,0,234,G
2-PB1,1056,0,0,241,0,241,G
2-PB1,1057,272,0,0,0,272,A
2-PB1,1058,272,0,0,0,272,A
2-PB1,1059,277,0,0,0,277,A
2-PB1,1060,0,0,269,0,269,G
2-PB1,1061,0,0,267,0,267,G
2-PB1,1062,0,0,269,0,269,G
2-PB1,1063,0,286,0,1,287,T
2-PB1,1064,289,0,0,0,289,A
2-PB1,1065,0,0,0,289,289,C
2-PB1,1066,292,0,0,0,292,A
2-PB1,1067,0,294,0,0,294,T
2-PB1,1068,0,0,290,0,290,G
2-PB1,1069,0,295,0,0,295,T
2-PB1,1070,0,292,0,0,292,T
2-PB1,1071,0,0,0,294,294,C
2-PB1,1072,0,0,291,0,291,G
2-PB1,1073,291,0,0,0,291,A
2-PB1,1074,0,0,291,0,291,G
2-PB1,1075,288,0,0,0,288,A
2-PB1,1076,0,0,296,0,296,G
2-PB1,1077,0,288,0,0,288,T
2-PB1,1078,277,0,0,0,277,A
2-PB1,1079,277,0,0,0,277,A
2-PB1,1080,283,0,0,0,283,A
2-PB1,1081,282,0,0,0,282,A
2-PB1,1082,0,0,302,0,302,G
2-PB1,1083,300,0,0,0,300,A
2-PB1,1084,303,0,0,0,303,A
2-PB1,1085,0,311,0,0,311,T
2-PB1,1086,0,0,313,0,313,G
2-PB1,1087,312,0,0,0,312,A
2-PB1,1088,311,0,1,0,312,A
2-PB1,1089,0,0,313,0,313,G
2-PB1,1090,314,0,0,0,314,A
2-PB1,1091,0,312,0,0,312,T
2-PB1,1092,0,311,0,0,311,T
2-PB1,1093,0,0,0,312,312,C
2-PB1,1094,0,0,312,0,312,G
2-PB1,1095,310,0,0,0,310,A
2-PB1,1096,310,0,0,0,310,A
2-PB1,1097,0,0,0,310,310,C
2-PB1,1098,305,0,0,0,305,A
2-PB1,1099,0,0,0,312,312,C
2-PB1,1100,303,0,0,0,303,A
2-PB1,1101,303,0,0,0,303,A
2-PB1,1102,306,0,0,0,306,A
2-PB1,1103,0,318,0,0,318,T
2-PB1,1104,311,0,0,0,311,A
2-PB1,1105,0,0,0,315,315,C
2-PB1,1106,0,0,0,316,316,C
2-PB1,1107,320,0,0,0,320,A
2-PB1,1108,0,0,320,0,320,G
2-PB1,1109,0,0,0,318,318,C
2-PB1,1110,317,0,0,0,317,A
2-PB1,1111,0,0,319,0,319,G
2-PB1,1112,313,0,0,0,313,A
2-PB1,1113,315,0,0,0,315,A
2-PB1,1114,316,0,0,0,316,A
2-PB1,1115,0,322,0,0,322,T
2-PB1,1116,0,0,323,0,323,G
2-PB1,1117,0,0,0,324,324,C
2-PB1,1118,0,324,0,0,324,T
2-PB1,1119,324,0,0,0,324,A
2-PB1,1120,0,0,324,0,324,G
2-PB1,1121,0,1,0,323,324,C
2-PB1,1122,322,0,0,0,322,A
2-PB1,1123,322,0,0,0,322,A
2-PB1,1124,2,0,321,0,323,G
2-PB1,1125,0,0,0,323,323,C
2-PB1,1126,321,0,0,0,321,A
2-PB1,1127,0,320,0,0,320,T
2-PB1,1128,0,319,0,0,319,T
2-PB1,1129,1,0,319,0,320,G
2-PB1,1130,314,0,1,0,315,A
2-PB1,1131,0,0,0,314,314,C
2-PB1,1132,0,0,0,313,313,C
2-PB1,1133,0,317,0,0,317,T
2-PB1,1134,1,0,315,0,316,G
2-PB1,1135,314,0,0,1,315,A
2-PB1,1136,314,0,0,0,314,A
2-PB1,1137,2,0,314,0,316,G
2-PB1,1138,0,316,0,0,316,T
2-PB1,1139,316,0,0,0,316,A
2-PB1,1140,0,0,0,318,318,C
2-PB1,1141,0,316,0,0,316,T
2-PB1,1142,0,315,0,0,315,T
2-PB1,1143,0,0,0,314,314,C
2-PB1,1144,317,0,0,0,317,A
2-PB1,1145,318,0,0,0,318,A
2-PB1,1146,0,320,0,0,320,T
2-PB1,1147,0,0,319,0,319,G
2-PB1,1148,316,0,0,0,316,A
2-PB1,1149,315,0,0,0,315,A
2-PB1,1150,0,315,0,0,315,T
2-PB1,1151,0,0,0,316,316,C
2-PB1,1152,308,0,0,0,308,A
2-PB1,1153,300,0,0,0,300,A
2-PB1,1154,0,0,0,298,298,C
2-PB1,1155,281,0,0,0,281,A
2-PB1,1156,281,0,0,0,281,A
2-PB1,1157,282,0,0,0,282,A
2-PB1,1158,0,0,287,0,287,G
2-PB1,1159,262,0,0,0,262,A
2-PB1,1160,261,0,0,0,261,A
2-PB1,1161,0,0,283,0,283,G
2-PB1,1162,258,0,0,0,258,A
2-PB1,1163,257,0,0,0,257,A
2-PB1,1164,255,0,0,0,255,A
2-PB1,1165,257,0,0,0,257,A
2-PB1,1166,0,285,0,0,285,T
2-PB1,1167,0,281,0,0,281,T
2-PB1,1168,0,0,290,0,290,G
2-PB1,1169,270,0,0,0,270,A
2-PB1,1170,0,0,280,0,280,G
2-PB1,1171,246,0,1,0,247,A
2-PB1,1172,247,0,0,0,247,A
2-PB1,1173,248,0,0,0,248,A
2-PB1,1174,252,0,0,0,252,A
2-PB1,1175,0,290,0,0,290,T
2-PB1,1176,281,0,0,0,281,A
2-PB1,1177,289,0,0,0,289,A
2-PB1,1178,0,0,298,0,298,G
2-PB1,1179,0,0,298,0,298,G
2-PB1,1180,0,0,0,307,307,C
2-PB1,1181,0,0,0,306,306,C
2-PB1,1182,0,309,0,0,309,T
2-PB1,1183,0,0,0,308,308,C
2-PB1,1184,0,311,0,0,311,T
2-PB1,1185,0,313,0,0,313,T
2-PB1,1186,0,0,0,317,317,C
2-PB1,1187,0,316,0,0,316,T
2-PB1,1188,320,0,0,0,320,A
2-PB1,1189,320,0,0,0,320,A
2-PB1,1190,0,327,0,0,327,T
2-PB1,1191,327,0,0,0,327,A
2-PB1,1192,0,0,331,0,331,G
2-PB1,1193,331,0,0,0,331,A
2-PB1,1194,0,332,0,0,332,T
2-PB1,1195,0,0,332,0,332,G
2-PB1,1196,0,0,331,0,331,G
2-PB1,1197,0,0,0,333,333,C
2-PB1,1198,330,0,2,0,332,A
2-PB1,1199,0,0,0,332,332,C
2-PB1,1200,333,0,0,0,333,A
2-PB1,1201,1,0,334,0,335,G
2-PB1,1202,0,0,0,335,335,C
2-PB1,1203,337,0,0,0,337,A
2-PB1,1204,0,337,0,0,337,T
2-PB1,1205,0,0,0,340,340,C
2-PB1,1206,340,0,0,0,340,A
2-PB1,1207,0,1,0,339,340,C
2-PB1,1208,0,340,0,0,340,T
2-PB1,1209,0,0,340,0,340,G
2-PB1,1210,338,0,0,0,338,A
2-PB1,1211,0,0,339,0,339,G
2-PB1,1212,0,339,0,0,339,T
2-PB1,1213,0,0,0,336,336,C
2-PB1,1214,0,0,0,334,334,C
2-PB1,1215,0,334,0,0,334,T
2-PB1,1216,0,0,329,0,329,G
2-PB1,1217,0,0,331,0,331,G
2-PB1,1218,0,0,328,0,328,G
2-PB1,1219,336,0,0,0,336,A
2-PB1,1220,0,337,0,0,337,T
2-PB1,1221,0,0,339,0,339,G
2-PB1,1222,339,0,0,0,339,A
2-PB1,1223,0,339,0,0,339,T
2-PB1,1224,0,0,336,0,336,G
2-PB1,1225,336,0,0,0,336,A
2-PB1,1226,0,336,0,0,336,T
2-PB1,1227,0,0,324,0,324,G
2-PB1,1228,0,0,325,0,325,G
2-PB1,1229,0,0,326,0,326,G
2-PB1,1230,0,0,0,336,336,C
2-PB1,1231,337,0,0,0,337,A
2-PB1,1232,0,335,0,0,335,T
2-PB1,1233,0,0,330,0,330,G
2-PB1,1234,0,327,0,0,327,T
2-PB1,1235,0,325,1,0,326,T
2-PB1,1236,0,0,0,326,326,C
2-PB1,1237,327,0,0,0,327,A
2-PB1,1238,328,0,0,0,328,A
2-PB1,1239,0,0,0,327,327,C
2-PB1,1240,330,0,0,0,330,A
2-PB1,1241,0,331,0,0,331,T
2-PB1,1242,0,0,329,0,329,G
2-PB1,1243,0,0,0,326,326,C
2-PB1,1244,0,323,0,0,323,T
2-PB1,1245,318,0,0,0,318,A
2-PB1,1246,319,0,0,0,319,A
2-PB1,1247,0,0,319,0,319,G
2-PB1,1248,0,322,0,0,322,T
2-PB1,1249,318,0,1,0,319,A
2-PB1,1250,0,0,0,318,318,C
2-PB1,1251,0,0,317,0,317,G
2-PB1,1252,0,0,318,0,318,G
2-PB1,1253,0,318,0,0,318,T
2-PB1,1254,0,0,0,321,321,C
2-PB1,1255,0,313,0,0,313,T
2-PB1,1256,0,314,0,0,314,T
2-PB1,1257,0,0,309,0,309,G
2-PB1,1258,1,0,307,0,308,G
2-PB1,1259,0,0,309,0,309,G
2-PB1,1260,315,0,0,0,315,A
2-PB1,1261,0,0,316,0,316,G
2-PB1,1262,0,316,0,0,316,T
2-PB1,1263,0,0,0,315,315,C
2-PB1,1264,0,316,0,0,316,T
2-PB1,1265,0,0,0,315,315,C
2-PB1,1266,0,0,316,0,316,G
2-PB1,1267,316,0,0,0,316,A
2-PB1,1268,0,314,0,0,314,T
2-PB1,1269,313,0,0,0,313,A
2-PB1,1270,0,0,0,313,313,C
2-PB1,1271,0,315,0,0,315,T
2-PB1,1272,0,0,316,0,316,G
2-PB1,1273,312,0,0,0,312,A
2-PB1,1274,310,0,0,0,310,A
2-PB1,1275,0,307,0,0,307,T
2-PB1,1276,0,0,0,300,300,C
2-PB1,1277,0,297,0,0,297,T
2-PB1,1278,0,295,0,0,295,T
2-PB1,1279,0,0,286,0,286,G
2-PB1,1280,0,0,284,0,284,G
2-PB1,1281,256,0,1,0,257,A
2-PB1,1282,0,1,0,271,272,C
2-PB1,1283,228,0,0,0,228,A
2-PB1,1284,229,0,0,0,229,A
2-PB1,1285,228,0,0,0,228,A
2-PB1,1286,227,0,0,0,227,A
2-PB1,1287,0,0,257,0,257,G
2-PB1,1288,232,0,0,0,232,A
2-PB1,1289,239,0,0,0,239,A
2-PB1,1290,242,0,0,0,242,A
2-PB1,1291,0,276,0,0,276,T
2-PB1,1292,270,0,0,0,270,A
2-PB1,1293,0,0,0,277,277,C
2-PB1,1294,274,0,0,0,274,A
2-PB1,1295,0,0,0,279,279,C
2-PB1,1296,0,0,0,280,280,C
2-PB1,1297,282,0,0,0,282,A
2-PB1,1298,282,0,0,0,282,A
2-PB1,1299,0,0,286,0,286,G
2-PB1,1300,284,0,0,0,284,A
2-PB1,1301,0,0,0,285,285,C
2-PB1,1302,285,0,0,0,285,A
2-PB1,1303,0,0,283,0,283,G
2-PB1,1304,0,286,0,0,286,T
2-PB1,1305,286,0,0,0,286,A
2-PB1,1306,0,288,0,0,288,T
2-PB1,1307,287,0,0,0,287,A
2-PB1,1308,0,0,0,287,287,C
2-PB1,1309,0,285,0,0,285,T
2-PB1,1310,0,0,278,0,278,G
2-PB1,1311,0,0,276,0,276,G
2-PB1,1312,0,280,0,0,280,T
2-PB1,1313,0,0,277,0,277,G
2-PB1,1314,0,0,279,0,279,G
2-PB1,1315,0,0,277,0,277,G
2-PB1,1316,288,0,0,0,288,A
2-PB1,1317,0,288,0,0,288,T
2-PB1,1318,0,0,286,0,286,G
2-PB1,1319,0,0,287,0,287,G
2-PB1,1320,281,0,3,0,284,A
2-PB1,1321,0,0,0,285,285,C
2-PB1,1322,0,285,0,0,285,T
2-PB1,1323,0,1,0,283,284,C
2-PB1,1324,0,0,0,283,283,C
2-PB1,1325,283,0,0,0,283,A
2-PB1,1326,282,0,0,0,282,A
2-PB1,1327,0,284,0,0,284,T
2-PB1,1328,0,1,0,280,281,C
2-PB1,1329,279,0,0,0,279,A
2-PB1,1330,1,276,0,0,277,T
2-PB1,1331,0,0,0,274,274,C
2-PB1,1332,0,0,0,273,273,C
2-PB1,1333,0,0,274,0,274,G
2-PB1,1334,274,0,0,0,274,A
2-PB1,1335,0,0,0,273,273,C
2-PB1,1336,1,0,272,0,273,G
2-PB1,1337,270,0,0,0,270,A
2-PB1,1338,0,240,0,0,240,T
2-PB1,1339,0,240,0,0,240,T
2-PB1,1340,0,238,0,0,238,T
2-PB1,1341,0,240,0,0,240,T
2-PB1,1342,0,0,271,0,271,G
2-PB1,1343,0,0,0,275,275,C
2-PB1,1344,0,277,0,0,277,T
2-PB1,1345,0,0,0,276,276,C
2-PB1,1346,0,277,0,0,277,T
2-PB1,1347,0,0,0,279,279,C
2-PB1,1348,278,0,0,0,278,A
2-PB1,1349,0,277,0,0,277,T
2-PB1,1350,276,0,1,0,277,A
2-PB1,1351,0,0,279,0,279,G
2-PB1,1352,0,278,0,0,278,T
2-PB1,1353,0,0,272,0,272,G
2-PB1,1354,267,0,0,0,267,A
2-PB1,1355,267,0,0,0,267,A
2-PB1,1356,0,271,0,0,271,T
2-PB1,1357,0,0,270,0,270,G
2-PB1,1358,0,0,0,269,269,C
2-PB1,1359,256,0,0,0,256,A
2-PB1,1360,0,0,0,256,256,C
2-PB1,1361,0,0,0,256,256,C
2-PB1,1362,248,0,0,0,248,A
2-PB1,1363,245,0,0,0,245,A
2-PB1,1364,251,0,0,0,251,A
2-PB1,1365,0,0,0,255,255,C
2-PB1,1366,0,1,0,254,255,C
2-PB1,1367,261,0,0,0,261,A
2-PB1,1368,0,265,0,0,265,T
2-PB1,1369,0,0,258,0,258,G
2-PB1,1370,263,0,0,0,263,A
2-PB1,1371,0,0,257,0,257,G
2-PB1,1372,0,0,255,0,255,G
2-PB1,1373,0,0,254,0,254,G
2-PB1,1374,258,0,0,0,258,A
2-PB1,1375,258,0,0,0,258,A
2-PB1,1376,0,264,0,0,264,T
2-PB1,1377,263,0,0,0,263,A
2-PB1,1378,0,0,0,265,265,C
2-PB1,1379,262,0,0,0,262,A
2-PB1,1380,262,0,0,0,262,A
2-PB1,1381,0,0,262,0,262,G
2-PB1,1382,0,0,0,263,263,C
2-PB1,1383,264,0,0,0,264,A
2-PB1,1384,0,0,262,0,262,G
2-PB1,1385,0,0,261,0,261,G
2-PB1,1386,262,0,0,0,262,A
2-PB1,1387,0,0,260,0,260,G
2-PB1,1388,0,263,0,0,263,T
2-PB1,1389,0,0,259,0,259,G
2-PB1,1390,0,0,259,0,259,G
2-PB1,1391,257,0,0,0,257,A
2-PB1,1392,0,0,0,261,261,C
2-PB1,1393,260,0,0,0,260,A
2-PB1,1394,0,0,260,0,260,G
2-PB1,1395,258,0,0,0,258,A
2-PB1,1396,0,258,0,0,258,T
2-PB1,1397,0,259,0,0,259,T
2-PB1,1398,0,0,0,258,258,C
2-PB1,1399,0,259,0,0,259,T
2-PB1,1400,259,0,0,0,259,A
2-PB1,1401,0,0,0,259,259,C
2-PB1,1402,257,0,0,0,257,A
2-PB1,1403,0,0,255,0,255,G
2-PB1,1404,0,0,253,0,253,G
2-PB1,1405,252,0,0,0,252,A
2-PB1,1406,0,0,0,251,251,C
2-PB1,1407,0,0,0,250,250,C
2-PB1,1408,0,251,0,3,254,T
2-PB1,1409,0,0,254,0,254,G
2-PB1,1410,0,0,0,252,252,C
2-PB1,1411,249,0,0,0,249,A
2-PB1,1412,248,0,0,0,248,A
2-PB1,1413,0,0,248,0,248,G
2-PB1,1414,0,246,0,0,246,T
2-PB1,1415,0,246,0,0,246,T
2-PB1,1416,249,0,0,0,249,A
2-PB1,1417,0,0,245,0,245,G
2-PB1,1418,0,250,0,0,250,T
2-PB1,1419,0,0,242,0,242,G
2-PB1,1420,0,0,242,0,242,G
2-PB1,1421,0,0,242,0,242,G
2-PB1,1422,248,0,0,0,248,A
2-PB1,1423,247,0,0,0,247,A
2-PB1,1424,0,249,0,0,249,T
2-PB1,1425,0,0,0,248,248,C
2-PB1,1426,242,0,0,0,242,A
2-PB1,1427,241,0,0,0,241,A
2-PB1,1428,0,0,0,240,240,C
2-PB1,1429,243,0,0,0,243,A
2-PB1,1430,0,243,0,0,243,T
2-PB1,1431,0,0,240,0,240,G
2-PB1,1432,240,0,0,0,240,A
2-PB1,1433,0,0,240,0,240,G
2-PB1,1434,0,0,0,234,234,C
2-PB1,1435,172,0,0,0,172,A
2-PB1,1436,169,0,0,0,169,A
2-PB1,1437,170,0,0,0,170,A
2-PB1,1438,171,0,0,0,171,A
2-PB1,1439,171,0,0,0,171,A
2-PB1,1440,0,0,213,0,213,G
2-PB1,1441,195,0,1,0,196,A
2-PB1,1442,209,0,0,0,209,A
2-PB1,1443,0,0,231,0,231,G
2-PB1,1444,0,231,0,0,231,T
2-PB1,1445,0,0,0,232,232,C
2-PB1,1446,0,0,0,231,231,C
2-PB1,1447,0,231,0,0,231,T
2-PB1,1448,233,0,0,0,233,A
2-PB1,1449,0,233,0,0,233,T
2-PB1,1450,227,0,0,0,227,A
2-PB1,1451,0,225,0,0,225,T
2-PB1,1452,217,0,0,0,217,A
2-PB1,1453,219,0,0,0,219,A
2-PB1,1454,220,0,0,0,220,A
2-PB1,1455,0,234,0,0,234,T
2-PB1,1456,230,0,0,0,230,A
2-PB1,1457,232,0,0,0,232,A
2-PB1,1458,0,0,239,0,239,G
2-PB1,1459,240,0,1,0,241,A
2-PB1,1460,0,0,0,242,242,C
2-PB1,1461,240,0,0,0,240,A
2-PB1,1462,0,0,236,0,236,G
2-PB1,1463,0,0,236,0,236,G
2-PB1,1464,0,0,234,0,234,G
2-PB1,1465,238,0,0,0,238,A
2-PB1,1466,0,0,0,238,238,C
2-PB1,1467,237,0,0,0,237,A
2-PB1,1468,0,225,0,0,225,T
2-PB1,1469,0,224,0,0,224,T
2-PB1,1470,0,223,0,0,223,T
2-PB1,1471,0,0,233,0,233,G
2-PB1,1472,230,0,0,0,230,A
2-PB1,1473,231,0,0,0,231,A
2-PB1,1474,0,231,0,0,231,T
2-PB1,1475,0,230,0,0,230,T
2-PB1,1476,0,0,0,227,227,C
2-PB1,1477,224,0,0,0,224,A
2-PB1,1478,0,0,0,220,220,C
2-PB1,1479,217,0,0,0,217,A
2-PB1,1480,217,0,0,0,217,A
2-PB1,1481,0,0,209,0,209,G
2-PB1,1482,0,2,0,180,182,C
2-PB1,1483,0,67,0,2,69,T
2-PB1,1484,0,75,0,0,75,T
2-PB1,1485,0,88,0,0,88,T
2-PB1,1486,0,88,0,0,88,T
2-PB1,1487,0,89,0,0,89,T
2-PB1,1488,0,74,0,0,74,T
2-PB1,1489,0,69,0,0,69,T
2-PB1,1490,163,0,0,0,163,A
2-PB1,1491,0,158,0,0,158,T
2-PB1,1492,0,0,0,216,216,C
2-PB1,1493,0,0,217,0,217,G
2-PB1,1494,0,0,0,219,219,C
2-PB1,1495,0,219,0,0,219,T
2-PB1,1496,220,0,0,0,220,A
2-PB1,1497,0,220,0,0,220,T
2-PB1,1498,0,0,222,0,222,G
2-PB1,1499,0,0,224,0,224,G
2-PB1,1500,228,0,0,0,228,A
2-PB1,1501,0,219,0,0,219,T
2-PB1,1502,0,219,0,0,219,T
2-PB1,1503,0,217,0,0,217,T
2-PB1,1504,0,0,225,0,225,G
2-PB1,1505,0,228,0,0,228,T
2-PB1,1506,0,0,230,0,230,G
2-PB1,1507,0,0,229,0,229,G
2-PB1,1508,0,0,0,227,227,C
2-PB1,1509,0,221,0,0,221,T
2-PB1,1510,219,0,0,0,219,A
2-PB1,1511,219,0,0,0,219,A
2-PB1,1512,0,211,0,0,211,T
2-PB1,1513,0,212,0,0,212,T
2-PB1,1514,0,213,0,0,213,T
2-PB1,1515,0,213,0,0,213,T
2-PB1,1516,229,0,0,0,229,A
2-PB1,1517,0,0,238,0,238,G
2-PB1,1518,0,1,0,240,241,C
2-PB1,1519,241,0,0,0,241,A
2-PB1,1520,0,241,0,0,241,T
2-PB1,1521,0,0,238,0,238,G
2-PB1,1522,0,0,238,0,238,G
2-PB1,1523,240,0,0,0,240,A
2-PB1,1524,0,0,240,0,240,G
2-PB1,1525,0,0,0,238,238,C
2-PB1,1526,0,241,0,0,241,T
2-PB1,1527,239,0,0,0,239,A
2-PB1,1528,0,0,0,233,233,C
2-PB1,1529,0,0,0,233,233,C
2-PB1,1530,0,0,0,234,234,C
2-PB1,1531,241,0,0,0,241,A
2-PB1,1532,0,0,241,0,241,G
2-PB1,1533,0,1,0,240,241,C
2-PB1,1534,0,231,0,0,231,T
2-PB1,1535,0,231,0,0,231,T
2-PB1,1536,0,231,0,0,231,T
2-PB1,1537,0,0,244,0,244,G
2-PB1,1538,0,0,243,0,243,G
2-PB1,1539,247,0,1,0,248,A
2-PB1,1540,0,0,248,0,248,G
2-PB1,1541,0,245,0,0,245,T
2-PB1,1542,0,0,249,0,249,G
2-PB1,1543,0,251,0,0,251,T
2-PB1,1544,0,0,0,255,255,C
2-PB1,1545,0,256,0,0,256,T
2-PB1,1546,0,1,251,0,252,G
2-PB1,1547,0,0,252,0,252,G
2-PB1,1548,249,0,0,0,249,A
2-PB1,1549,0,0,248,0,248,G
2-PB1,1550,0,247,0,0,247,T
2-PB1,1551,240,0,0,0,240,A
2-PB1,1552,239,0,0,0,239,A
2-PB1,1553,243,0,0,0,243,A
2-PB1,1554,0,264,0,0,264,T
2-PB1,1555,0,0,268,0,268,G
2-PB1,1556,270,0,0,0,270,A
2-PB1,1557,274,0,0,0,274,A
2-PB1,1558,0,275,0,0,275,T
2-PB1,1559,0,0,0,273,273,C
2-PB1,1560,269,0,2,0,271,A
2-PB1,1561,0,0,272,0,272,G
2-PB1,1562,0,0,0,271,271,C
2-PB1,1563,0,272,0,0,272,T
2-PB1,1564,0,0,271,0,271,G
2-PB1,1565,272,0,0,0,272,A
2-PB1,1566,0,0,0,274,274,C
2-PB1,1567,274,0,1,0,275,A
2-PB1,1568,0,276,0,0,276,T
2-PB1,1569,1,0,273,0,274,G
2-PB1,1570,274,0,1,0,275,A
2-PB1,1571,3,0,273,0,276,G
2-PB1,1572,0,275,0,0,275,T
2-PB1,1573,275,0,0,0,275,A
2-PB1,1574,0,276,0,0,276,T
2-PB1,1575,0,275,0,0,275,T
2-PB1,1576,1,0,272,0,273,G
2-PB1,1577,0,0,275,0,275,G
2-PB1,1578,277,0,0,0,277,A
2-PB1,1579,0,0,281,0,281,G
2-PB1,1580,0,277,0,0,277,T
2-PB1,1581,278,0,0,0,278,A
2-PB1,1582,279,0,0,0,279,A
2-PB1,1583,0,0,0,281,281,C
2-PB1,1584,282,0,0,0,282,A
2-PB1,1585,0,0,283,0,283,G
2-PB1,1586,0,287,0,0,287,T
2-PB1,1587,0,0,285,0,285,G
2-PB1,1588,284,0,0,0,284,A
2-PB1,1589,0,280,0,0,280,T
2-PB1,1590,273,0,0,0,273,A
2-PB1,1591,273,0,0,0,273,A
2-PB1,1592,263,0,0,0,263,A
2-PB1,1593,0,0,265,0,265,G
2-PB1,1594,260,0,0,0,260,A
2-PB1,1595,258,0,1,0,259,A
2-PB1,1596,0,0,0,265,265,C
2-PB1,1597,262,0,0,0,262,A
2-PB1,1598,261,0,0,0,261,A
2-PB1,1599,0,0,0,263,263,C
2-PB1,1600,265,0,0,0,265,A
2-PB1,1601,0,265,0,0,265,T
2-PB1,1602,1,2,258,0,261,G
2-PB1,1603,260,0,0,0,260,A
2-PB1,1604,0,257,0,0,257,T
2-PB1,1605,247,0,0,0,247,A
2-PB1,1606,246,0,0,0,246,A
2-PB1,1607,248,0,0,0,248,A
2-PB1,1608,0,0,0,260,260,C
2-PB1,1609,262,0,0,0,262,A
2-PB1,1610,264,0,0,0,264,A
2-PB1,1611,0,267,0,0,267,T
2-PB1,1612,1,0,266,0,267,G
2-PB1,1613,267,0,0,0,267,A
2-PB1,1614,0,0,0,265,265,C
2-PB1,1615,0,0,0,265,265,C
2-PB1,1616,0,264,0,0,264,T
2-PB1,1617,0,262,0,0,262,T
2-PB1,1618,1,0,263,0,264,G
2-PB1,1619,0,0,264,0,264,G
2-PB1,1620,266,0,0,0,266,A
2-PB1,1621,0,0,0,267,267,C
2-PB1,1622,0,0,0,267,267,C
2-PB1,1623,0,269,0,0,269,T
2-PB1,1624,0,0,269,0,269,G
2-PB1,1625,0,0,0,267,267,C
2-PB1,1626,263,0,0,0,263,A
2-PB1,1627,262,0,1,0,263,A
2-PB1,1628,0,0,0,260,260,C
2-PB1,1629,0,0,264,0,264,G
2-PB1,1630,0,0,264,0,264,G
2-PB1,1631,0,0,0,256,256,C
2-PB1,1632,0,0,0,257,257,C
2-PB1,1633,0,0,0,257,257,C
2-PB1,1634,270,0,0,0,270,A
2-PB1,1635,0,0,272,0,272,G
2-PB1,1636,272,0,1,0,273,A
2-PB1,1637,0,274,0,0,274,T
2-PB1,1638,0,0,271,0,271,G
2-PB1,1639,0,0,270,0,270,G
2-PB1,1640,0,0,0,271,271,C
2-PB1,1641,0,267,0,2,269,T
2-PB1,1642,0,0,0,265,265,C
2-PB1,1643,0,264,0,1,265,T
2-PB1,1644,0,268,0,0,268,T
2-PB1,1645,0,0,0,270,270,C
2-PB1,1646,274,0,0,0,274,A
2-PB1,1647,274,0,0,0,274,A
2-PB1,1648,0,272,0,0,272,T
2-PB1,1649,0,272,0,0,272,T
2-PB1,1650,0,1,270,0,271,G
2-PB1,1651,0,270,0,0,270,T
2-PB1,1652,0,270,0,0,270,T
2-PB1,1653,0,0,0,273,273,C
2-PB1,1654,275,0,0,0,275,A
2-PB1,1655,0,276,0,0,276,T
2-PB1,1656,0,0,0,275,275,C
2-PB1,1657,262,0,0,0,262,A
2-PB1,1658,263,0,0,0,263,A
2-PB1,1659,260,0,4,0,264,A
2-PB1,1660,0,0,275,0,275,G
2-PB1,1661,274,0,0,0,274,A
2-PB1,1662,0,0,0,274,274,C
2-PB1,1663,0,270,0,0,270,T
2-PB1,1664,269,0,0,0,269,A
2-PB1,1665,0,0,0,269,269,C
2-PB1,1666,268,0,0,0,268,A
2-PB1,1667,0,0,269,0,269,G
2-PB1,1668,268,0,0,0,268,A
2-PB1,1669,0,269,0,0,269,T
2-PB1,1670,267,0,0,0,267,A
2-PB1,1671,0,0,0,267,267,C
2-PB1,1672,266,0,0,0,266,A
2-PB1,1673,0,0,0,266,266,C
2-PB1,1674,270,0,2,0,272,A
2-PB1,1675,0,272,0,0,272,T
2-PB1,1676,272,0,0,0,272,A
2-PB1,1677,0,269,0,0,269,T
2-PB1,1678,266,0,0,0,266,A
2-PB1,1679,0,0,265,0,265,G
2-PB1,1680,0,0,264,0,264,G
2-PB1,1681,0,263,0,0,263,T
2-PB1,1682,0,0,262,0,262,G
2-PB1,1683,0,0,0,265,265,C
2-PB1,1684,0,0,0,265,265,C
2-PB1,1685,265,0,0,0,265,A
2-PB1,1686,0,258,0,0,258,T
2-PB1,1687,250,0,0,0,250,A
2-PB1,1688,0,0,200,0,200,G
2-PB1,1689,0,0,200,0,200,G
2-PB1,1690,0,0,202,0,202,G
2-PB1,1691,0,0,201,0,201,G
2-PB1,1692,251,0,0,0,251,A
2-PB1,1693,0,0,243,0,243,G
2-PB1,1694,260,0,1,0,261,A
2-PB1,1695,0,0,0,259,259,C
2-PB1,1696,257,0,1,0,258,A
2-PB1,1697,0,0,0,256,256,C
2-PB1,1698,255,0,0,0,255,A
2-PB1,1699,0,0,0,258,258,C
2-PB1,1700,233,0,0,0,233,A
2-PB1,1701,238,0,0,0,238,A
2-PB1,1702,239,0,0,0,239,A
2-PB1,1703,0,253,0,0,253,T
2-PB1,1704,0,253,0,0,253,T
2-PB1,1705,0,0,0,257,257,C
2-PB1,1706,260,0,0,0,260,A
2-PB1,1707,0,0,262,0,262,G
2-PB1,1708,261,0,0,0,261,A
2-PB1,1709,0,0,0,260,260,C
2-PB1,1710,0,0,262,0,262,G
2-PB1,1711,262,0,0,0,262,A
2-PB1,1712,0,0,260,0,260,G
2-PB1,1713,260,0,0,0,260,A
2-PB1,1714,256,0,4,0,260,A
2-PB1,1715,0,0,261,0,261,G
2-PB1,1716,258,0,0,0,258,A
2-PB1,1717,0,260,0,0,260,T
2-PB1,1718,2,0,0,254,256,C
2-PB1,1719,257,0,0,0,257,A
2-PB1,1720,0,247,0,0,247,T
2-PB1,1721,0,246,0,0,246,T
2-PB1,1722,0,245,0,0,245,T
2-PB1,1723,0,0,257,0,257,G
2-PB1,1724,255,0,0,0,255,A
2-PB1,1725,0,0,257,0,257,G
2-PB1,1726,0,252,0,0,252,T
2-PB1,1727,0,251,0,0,251,T
2-PB1,1728,243,0,0,0,243,A
2-PB1,1729,244,0,0,0,244,A
2-PB1,1730,247,0,0,0,247,A
2-PB1,1731,0,0,254,0,254,G
2-PB1,1732,251,0,1,0,252,A
2-PB1,1733,251,0,0,0,251,A
2-PB1,1734,0,0,254,0,254,G
2-PB1,1735,0,0,0,254,254,C
2-PB1,1736,0,255,0,0,255,T
2-PB1,1737,0,0,251,0,251,G
2-PB1,1738,0,252,0,0,252,T
2-PB1,1739,0,0,230,0,230,G
2-PB1,1740,0,0,228,0,228,G
2-PB1,1741,0,0,228,0,228,G
2-PB1,1742,247,0,0,0,247,A
2-PB1,1743,0,250,0,0,250,T
2-PB1,1744,0,0,0,241,241,C
2-PB1,1745,219,0,0,0,219,A
2-PB1,1746,216,0,0,0,216,A
2-PB1,1747,216,0,0,0,216,A
2-PB1,1748,0,0,0,227,227,C
2-PB1,1749,0,1,0,217,218,C
2-PB1,1750,0,0,0,226,226,C
2-PB1,1751,230,0,0,0,230,A
2-PB1,1752,229,0,1,0,230,A
2-PB1,1753,0,244,0,0,244,T
2-PB1,1754,0,0,0,241,241,C
2-PB1,1755,221,0,0,0,221,A
2-PB1,1756,217,0,0,0,217,A
2-PB1,1757,219,0,0,0,219,A
2-PB1,1758,0,0,220,0,220,G
2-PB1,1759,0,0,220,0,220,G
2-PB1,1760,0,230,0,0,230,T
2-PB1,1761,226,0,0,0,226,A
2-PB1,1762,0,0,223,0,223,G
2-PB1,1763,0,0,223,0,223,G
2-PB1,1764,0,0,221,0,221,G
2-PB1,1765,0,0,0,227,227,C
2-PB1,1766,0,224,0,0,224,T
2-PB1,1767,220,0,0,0,220,A
2-PB1,1768,0,215,0,0,215,T
2-PB1,1769,0,215,0,0,215,T
2-PB1,1770,217,0,0,0,217,A
2-PB1,1771,0,0,220,0,220,G
2-PB1,1772,0,221,0,0,221,T
2-PB1,1773,224,0,0,0,224,A
2-PB1,1774,0,225,0,0,225,T
2-PB1,1775,0,0,0,225,225,C
2-PB1,1776,224,0,0,0,224,A
2-PB1,1777,0,0,224,0,224,G
2-PB1,1778,223,0,0,0,223,A
2-PB1,1779,0,223,0,0,223,T
2-PB1,1780,0,0,220,0,220,G
2-PB1,1781,0,0,219,0,219,G
2-PB1,1782,218,0,0,0,218,A
2-PB1,1783,0,0,218,0,218,G
2-PB1,1784,0,0,216,0,216,G
2-PB1,1785,207,0,0,0,207,A
2-PB1,1786,0,1,0,210,211,C
2-PB1,1787,0,0,0,213,213,C
2-PB1,1788,215,0,0,0,215,A
2-PB1,1789,228,0,0,0,228,A
2-PB1,1790,228,0,0,0,228,A
2-PB1,1791,0,0,0,235,235,C
2-PB1,1792,0,235,0,0,235,T
2-PB1,1793,0,234,0,0,234,T
2-PB1,1794,236,0,0,0,236,A
2-PB1,1795,0,238,0,0,238,T
2-PB1,1796,243,0,0,0,243,A
2-PB1,1797,0,0,0,244,244,C
2-PB1,1798,243,0,0,0,243,A
2-PB1,1799,243,0,0,0,243,A
2-PB1,1800,0,245,0,0,245,T
2-PB1,1801,245,0,0,0,245,A
2-PB1,1802,0,246,0,0,246,T
2-PB1,1803,247,0,0,0,247,A
2-PB1,1804,0,0,0,245,245,C
2-PB1,1805,0,0,245,0,245,G
2-PB1,1806,0,0,245,0,245,G
2-PB1,1807,249,1,0,0,250,A
2-PB1,1808,249,0,0,0,249,A
2-PB1,1809,0,252,0,0,252,T
2-PB1,1810,0,0,0,254,254,C
2-PB1,1811,0,254,0,0,254,T
2-PB1,1812,0,252,0,0,252,T
2-PB1,1813,0,0,0,253,253,C
2-PB1,1814,254,0,0,0,254,A
2-PB1,1815,0,0,0,255,255,C
2-PB1,1816,255,0,0,0,255,A
2-PB1,1817,0,254,0,0,254,T
2-PB1,1818,0,254,0,0,254,T
2-PB1,1819,0,0,0,255,255,C
2-PB1,1820,0,0,0,255,255,C
2-PB1,1821,0,262,0,0,262,T
2-PB1,1822,0,0,262,0,262,G
2-PB1,1823,259,0,0,0,259,A
2-PB1,1824,259,0,0,0,259,A
2-PB1,1825,0,0,259,0,259,G
2-PB1,1826,0,259,0,0,259,T
2-PB1,1827,0,0,0,257,257,C
2-PB1,1828,0,253,0,0,253,T
2-PB1,1829,0,0,254,0,254,G
2-PB1,1830,0,0,0,253,253,C
2-PB1,1831,0,237,0,0,237,T
2-PB1,1832,0,235,0,0,235,T
2-PB1,1833,224,0,0,0,224,A
2-PB1,1834,224,0,0,0,224,A
2-PB1,1835,232,0,0,0,232,A
2-PB1,1836,231,0,0,0,231,A
2-PB1,1837,0,246,0,0,246,T
2-PB1,1838,0,0,240,0,240,G
2-PB1,1839,0,0,240,0,240,G
2-PB1,1840,0,0,241,0,241,G
2-PB1,1841,242,0,1,0,243,A
2-PB1,1842,0,0,247,0,247,G
2-PB1,1843,0,0,0,259,259,C
2-PB1,1844,0,258,0,0,258,T
2-PB1,1845,260,0,0,0,260,A
2-PB1,1846,259,0,0,0,259,A
2-PB1,1847,0,262,0,0,262,T
2-PB1,1848,0,0,260,0,260,G
2-PB1,1849,0,0,259,0,259,G
2-PB1,1850,256,0,2,0,258,A
2-PB1,1851,0,259,0,0,259,T
2-PB1,1852,0,0,258,0,258,G
2-PB1,1853,256,0,0,0,256,A
2-PB1,1854,0,255,0,0,255,T
2-PB1,1855,0,0,252,0,252,G
2-PB1,1856,250,0,0,0,250,A
2-PB1,1857,0,249,0,0,249,T
2-PB1,1858,0,248,0,0,248,T
2-PB1,1859,245,0,0,0,245,A
2-PB1,1860,0,234,0,0,234,T
2-PB1,1861,0,0,0,220,220,C
2-PB1,1862,0,0,205,0,205,G
2-PB1,1863,0,0,204,0,204,G
2-PB1,1864,0,0,209,0,209,G
2-PB1,1865,0,0,211,0,211,G
2-PB1,1866,223,0,0,0,223,A
2-PB1,1867,223,0,0,0,223,A
2-PB1,1868,0,0,230,0,230,G
2-PB1,1869,231,0,0,0,231,A
2-PB1,1870,0,0,0,227,227,C
2-PB1,1871,0,218,0,0,218,T
2-PB1,1872,0,215,0,0,215,T
2-PB1,1873,0,214,0,0,214,T
2-PB1,1874,0,0,226,0,226,G
2-PB1,1875,0,220,0,0,220,T
2-PB1,1876,224,0,0,0,224,A
2-PB1,1877,225,0,0,0,225,A
2-PB1,1878,0,224,0,0,224,T
2-PB1,1879,0,0,0,210,210,C
2-PB1,1880,0,0,0,210,210,C
2-PB1,1881,0,0,0,210,210,C
2-PB1,1882,0,0,0,211,211,C
2-PB1,1883,0,226,0,0,226,T
2-PB1,1884,0,0,232,0,232,G
2-PB1,1885,231,0,0,0,231,A
2-PB1,1886,229,0,2,0,231,A
2-PB1,1887,0,222,0,0,222,T
2-PB1,1888,0,0,0,224,224,C
2-PB1,1889,0,0,0,223,223,C
2-PB1,1890,1,0,0,224,225,C
2-PB1,1891,0,219,0,0,219,T
2-PB1,1892,0,219,0,0,219,T
2-PB1,1893,0,227,0,0,227,T
2-PB1,1894,0,0,248,0,248,G
2-PB1,1895,0,252,0,0,252,T
2-PB1,1896,0,0,0,259,259,C
2-PB1,1897,260,0,0,0,260,A
2-PB1,1898,2,0,259,0,261,G
2-PB1,1899,0,259,0,1,260,T
2-PB1,1900,0,1,0,259,260,C
2-PB1,1901,254,0,1,0,255,A
2-PB1,1902,0,253,0,0,253,T
2-PB1,1903,243,0,0,0,243,A
2-PB1,1904,243,0,0,0,243,A
2-PB1,1905,250,0,0,0,250,A
2-PB1,1906,0,0,263,0,263,G
2-PB1,1907,263,0,0,0,263,A
2-PB1,1908,0,0,269,0,269,G
2-PB1,1909,269,0,0,0,269,A
2-PB1,1910,0,269,0,0,269,T
2-PB1,1911,0,268,0,0,268,T
2-PB1,1912,0,0,267,0,267,G
2-PB1,1913,268,0,0,0,268,A
2-PB1,1914,0,267,0,0,267,T
2-PB1,1915,0,263,0,0,263,T
2-PB1,1916,0,0,0,264,264,C
2-PB1,1917,0,264,0,0,264,T
2-PB1,1918,0,0,264,0,264,G
2-PB1,1919,0,260,0,0,260,T
2-PB1,1920,253,0,0,0,253,A
2-PB1,1921,255,0,0,0,255,A
2-PB1,1922,272,0,0,0,272,A
2-PB1,1923,0,0,0,282,282,C
2-PB1,1924,280,0,0,0,280,A
2-PB1,1925,282,0,0,0,282,A
2-PB1,1926,0,289,0,0,289,T
2-PB1,1927,0,0,290,0,290,G
2-PB1,1928,0,0,0,290,290,C
2-PB1,1929,0,290,0,0,290,T
2-PB1,1930,0,0,290,0,290,G
2-PB1,1931,0,289,0,1,290,T
2-PB1,1932,0,0,286,0,286,G
2-PB1,1933,1,0,284,0,285,G
2-PB1,1934,0,286,0,2,288,T
2-PB1,1935,288,0,0,0,288,A
2-PB1,1936,289,0,0,0,289,A
2-PB1,1937,0,291,0,0,291,T
2-PB1,1938,0,2,288,0,290,G
2-PB1,1939,0,0,0,292,292,C
2-PB1,1940,0,0,0,292,292,C
2-PB1,1941,293,0,0,0,293,A
2-PB1,1942,0,0,290,0,290,G
2-PB1,1943,0,0,0,285,285,C
2-PB1,1944,0,0,0,284,284,C
2-PB1,1945,0,0,0,286,286,C
2-PB1,1946,291,0,0,0,291,A
2-PB1,1947,0,292,0,0,292,T
2-PB1,1948,0,0,290,0,290,G
2-PB1,1949,0,0,290,0,290,G
2-PB1,1950,0,290,0,0,290,T
2-PB1,1951,0,0,0,287,287,C
2-PB1,1952,0,0,0,288,288,C
2-PB1,1953,289,0,0,0,289,A
2-PB1,1954,0,0,290,0,290,G
2-PB1,1955,0,0,0,287,287,C
2-PB1,1956,2,1,0,284,287,C
2-PB1,1957,279,0,0,0,279,A
2-PB1,1958,279,0,0,0,279,A
2-PB1,1959,279,0,0,0,279,A
2-PB1,1960,279,0,0,0,279,A
2-PB1,1961,0,0,289,0,289,G
2-PB1,1962,0,0,0,289,289,C
2-PB1,1963,289,0,0,0,289,A
2-PB1,1964,0,289,0,0,289,T
2-PB1,1965,0,0,287,0,287,G
2-PB1,1966,0,0,287,0,287,G
2-PB1,1967,287,0,0,0,287,A
2-PB1,1968,289,0,0,0,289,A
2-PB1,1969,0,287,0,0,287,T
2-PB1,1970,290,0,0,0,290,A
2-PB1,1971,0,290,0,0,290,T
2-PB1,1972,0,0,289,0,289,G
2-PB1,1973,289,0,0,0,289,A
2-PB1,1974,0,289,0,0,289,T
2-PB1,1975,0,0,286,0,286,G
2-PB1,1976,0,0,0,285,285,C
2-PB1,1977,0,0,0,282,282,C
2-PB1,1978,0,0,277,0,277,G
2-PB1,1979,0,276,0,0,276,T
2-PB1,1980,0,277,0,0,277,T
2-PB1,1981,0,0,277,0,277,G
2-PB1,1982,0,0,0,277,277,C
2-PB1,1983,277,0,0,0,277,A
2-PB1,1984,277,0,0,0,277,A
2-PB1,1985,0,0,0,277,277,C
2-PB1,1986,0,279,0,0,279,T
2-PB1,1987,279,0,0,0,279,A
2-PB1,1988,0,0,0,279,279,C
2-PB1,1989,279,0,0,0,279,A
2-PB1,1990,0,0,0,279,279,C
2-PB1,1991,276,0,1,0,277,A
2-PB1,1992,0,275,0,0,275,T
2-PB1,1993,0,273,0,1,274,T
2-PB1,1994,0,0,0,271,271,C
2-PB1,1995,0,0,0,270,270,C
2-PB1,1996,0,268,0,0,268,T
2-PB1,1997,0,0,268,0,268,G
2-PB1,1998,0,0,267,0,267,G
2-PB1,1999,264,0,2,0,266,A
2-PB1,2000,0,265,0,0,265,T
2-PB1,2001,0,265,0,0,265,T
2-PB1,2002,0,0,0,262,262,C
2-PB1,2003,0,0,0,261,261,C
2-PB1,2004,0,0,0,262,262,C
2-PB1,2005,264,0,0,0,264,A
2-PB1,2006,266,0,0,0,266,A
2-PB1,2007,0,0,266,0,266,G
2-PB1,2008,263,0,0,0,263,A
2-PB1,2009,0,0,264,0,264,G
2-PB1,2010,0,0,264,0,264,G
2-PB1,2011,266,0,0,0,266,A
2-PB1,2012,266,0,0,0,266,A
2-PB1,2013,0,267,0,0,267,T
2-PB1,2014,0,0,0,268,268,C
2-PB1,2015,0,0,266,0,266,G
2-PB1,2016,0,266,0,0,266,T
2-PB1,2017,0,265,0,0,265,T
2-PB1,2018,0,0,0,268,268,C
2-PB1,2019,0,267,0,0,267,T
2-PB1,2020,265,0,0,0,265,A
2-PB1,2021,0,263,0,0,263,T
2-PB1,2022,0,263,0,0,263,T
2-PB1,2023,0,0,0,267,267,C
2-PB1,2024,0,269,0,0,269,T
2-PB1,2025,0,0,0,268,268,C
2-PB1,2026,267,0,0,0,267,A
2-PB1,2027,267,0,0,0,267,A
2-PB1,2028,0,0,0,266,266,C
2-PB1,2029,268,0,0,0,268,A
2-PB1,2030,0,0,0,267,267,C
2-PB1,2031,267,0,0,0,267,A
2-PB1,2032,267,0,0,0,267,A
2-PB1,2033,0,0,267,0,267,G
2-PB1,2034,0,0,0,266,266,C
2-PB1,2035,0,0,0,265,265,C
2-PB1,2036,247,0,0,0,247,A
2-PB1,2037,243,0,0,0,243,A
2-PB1,2038,242,0,0,0,242,A
2-PB1,2039,0,0,242,0,242,G
2-PB1,2040,0,0,243,0,243,G
2-PB1,2041,0,0,242,0,242,G
2-PB1,2042,0,0,244,0,244,G
2-PB1,2043,254,0,0,0,254,A
2-PB1,2044,253,0,0,0,253,A
2-PB1,2045,0,261,0,0,261,T
2-PB1,2046,0,260,0,0,260,T
2-PB1,2047,0,0,0,263,263,C
2-PB1,2048,0,264,0,0,264,T
2-PB1,2049,0,266,0,0,266,T
2-PB1,2050,0,0,272,0,272,G
2-PB1,2051,272,0,1,0,273,A
2-PB1,2052,0,0,274,0,274,G
2-PB1,2053,0,0,275,0,275,G
2-PB1,2054,277,0,0,0,277,A
2-PB1,2055,0,278,0,1,279,T
2-PB1,2056,0,0,279,0,279,G
2-PB1,2057,277,0,1,0,278,A
2-PB1,2058,278,0,0,0,278,A
2-PB1,2059,0,0,0,278,278,C
2-PB1,2060,279,0,0,0,279,A
2-PB1,2061,0,0,279,0,279,G
2-PB1,2062,279,0,0,0,279,A
2-PB1,2063,0,279,0,0,279,T
2-PB1,2064,0,0,277,0,277,G
2-PB1,2065,0,277,0,0,277,T
2-PB1,2066,276,0,0,0,276,A
2-PB1,2067,0,0,0,276,276,C
2-PB1,2068,0,0,0,276,276,C
2-PB1,2069,274,0,0,0,274,A
2-PB1,2070,0,0,274,0,274,G
2-PB1,2071,273,0,0,0,273,A
2-PB1,2072,273,0,0,0,273,A
2-PB1,2073,0,0,273,0,273,G
2-PB1,2074,0,273,0,0,273,T
2-PB1,2075,0,0,273,0,273,G
2-PB1,2076,0,0,0,273,273,C
2-PB1,2077,0,273,0,0,273,T
2-PB1,2078,0,0,271,0,271,G
2-PB1,2079,0,0,0,271,271,C
2-PB1,2080,271,0,0,0,271,A
2-PB1,2081,272,0,0,0,272,A
2-PB1,2082,0,272,0,0,272,T
2-PB1,2083,0,0,0,272,272,C
2-PB1,2084,0,272,0,0,272,T
2-PB1,2085,272,0,0,0,272,A
2-PB1,2086,0,272,0,0,272,T
2-PB1,2087,0,271,0,1,272,T
2-PB1,2088,0,0,0,272,272,C
2-PB1,2089,0,0,272,0,272,G
2-PB1,2090,264,0,0,0,264,A
2-PB1,2091,0,0,266,0,266,G
2-PB1,2092,258,0,0,0,258,A
2-PB1,2093,252,0,0,0,252,A
2-PB1,2094,251,0,2,0,253,A
2-PB1,2095,0,217,0,0,217,T
2-PB1,2096,0,219,0,0,219,T
2-PB1,2097,0,226,0,0,226,T
2-PB1,2098,0,223,0,0,223,T
2-PB1,2099,0,222,0,0,222,T
2-PB1,2100,0,0,0,243,243,C
2-PB1,2101,0,0,0,244,244,C
2-PB1,2102,0,0,0,245,245,C
2-PB1,2103,0,249,0,0,249,T
2-PB1,2104,261,0,0,0,261,A
2-PB1,2105,0,0,262,0,262,G
2-PB1,2106,0,0,0,263,263,C
2-PB1,2107,262,0,0,0,262,A
2-PB1,2108,0,0,258,0,258,G
2-PB1,2109,0,258,0,0,258,T
2-PB1,2110,0,258,0,0,258,T
2-PB1,2111,0,0,0,263,263,C
2-PB1,2112,263,0,0,0,263,A
2-PB1,2113,0,263,0,0,263,T
2-PB1,2114,262,0,0,0,262,A
2-PB1,2115,0,261,0,0,261,T
2-PB1,2116,261,0,0,0,261,A
2-PB1,2117,0,0,264,0,264,G
2-PB1,2118,0,0,265,0,265,G
2-PB1,2119,264,0,0,0,264,A
2-PB1,2120,0,0,263,0,263,G
2-PB1,2121,258,0,0,0,258,A
2-PB1,2122,0,0,0,255,255,C
2-PB1,2123,0,0,0,256,256,C
2-PB1,2124,0,0,257,0,257,G
2-PB1,2125,0,0,257,0,257,G
2-PB1,2126,0,261,0,0,261,T
2-PB1,2127,0,260,0,0,260,T
2-PB1,2128,0,0,264,0,264,G
2-PB1,2129,0,0,264,0,264,G
2-PB1,2130,263,0,0,0,263,A
2-PB1,2131,263,0,0,0,263,A
2-PB1,2132,0,252,0,0,252,T
2-PB1,2133,0,252,0,0,252,T
2-PB1,2134,0,254,0,0,254,T
2-PB1,2135,0,0,0,267,267,C
2-PB1,2136,0,267,0,0,267,T
2-PB1,2137,268,0,0,0,268,A
2-PB1,2138,0,0,269,0,269,G
2-PB1,2139,0,0,0,269,269,C
2-PB1,2140,269,0,0,0,269,A
2-PB1,2141,0,269,0,0,269,T
2-PB1,2142,0,0,265,0,265,G
2-PB1,2143,0,0,265,0,265,G
2-PB1,2144,0,263,0,0,263,T
2-PB1,2145,0,0,263,0,263,G
2-PB1,2146,0,0,262,0,262,G
2-PB1,2147,264,0,0,0,264,A
2-PB1,2148,0,0,267,0,267,G
2-PB1,2149,0,0,268,0,268,G
2-PB1,2150,0,0,0,269,269,C
2-PB1,2151,0,0,0,269,269,C
2-PB1,2152,269,0,0,0,269,A
2-PB1,2153,0,271,0,0,271,T
2-PB1,2154,0,0,267,0,267,G
2-PB1,2155,0,0,267,0,267,G
2-PB1,2156,1,269,0,0,270,T
2-PB1,2157,0,0,273,0,273,G
2-PB1,2158,0,273,0,0,273,T
2-PB1,2159,0,0,0,273,273,C
2-PB1,2160,0,273,0,0,273,T
2-PB1,2161,273,0,0,0,273,A
2-PB1,2162,0,0,271,0,271,G
2-PB1,2163,0,0,269,0,269,G
2-PB1,2164,0,0,269,0,269,G
2-PB1,2165,0,0,0,265,265,C
2-PB1,2166,0,0,0,264,264,C
2-PB1,2167,0,0,0,265,265,C
2-PB1,2168,1,0,269,0,270,G
2-PB1,2169,0,0,270,0,270,G
2-PB1,2170,272,0,0,1,273,A
2-PB1,2171,0,274,0,0,274,T
2-PB1,2172,0,274,0,0,274,T
2-PB1,2173,0,0,276,0,276,G
2-PB1,2174,276,0,0,0,276,A
2-PB1,2175,0,277,0,0,277,T
2-PB1,2176,0,0,276,0,276,G
2-PB1,2177,0,0,0,276,276,C
2-PB1,2178,0,0,0,276,276,C
2-PB1,2179,274,0,0,0,274,A
2-PB1,2180,0,0,268,0,268,G
2-PB1,2181,0,0,268,0,268,G
2-PB1,2182,0,0,269,0,269,G
2-PB1,2183,0,274,0,0,274,T
2-PB1,2184,0,0,0,278,278,C
2-PB1,2185,2,0,276,0,278,G
2-PB1,2186,277,0,0,0,277,A
2-PB1,2187,0,0,0,277,277,C
2-PB1,2188,0,277,0,0,277,T
2-PB1,2189,0,277,0,0,277,T
2-PB1,2190,0,0,0,278,278,C
2-PB1,2191,0,0,278,0,278,G
2-PB1,2192,278,0,0,0,278,A
2-PB1,2193,1,0,277,0,278,G
2-PB1,2194,0,277,0,0,277,T
2-PB1,2195,0,0,0,277,277,C
2-PB1,2196,0,277,0,0,277,T
2-PB1,2197,0,0,275,0,275,G
2-PB1,2198,0,0,275,0,275,G
2-PB1,2199,277,0,0,0,277,A
2-PB1,2200,0,0,0,276,276,C
2-PB1,2201,0,0,273,0,273,G
2-PB1,2202,0,0,273,0,273,G
2-PB1,2203,275,0,0,0,275,A
2-PB1,2204,0,276,0,0,276,T
2-PB1,2205,0,0,0,276,276,C
2-PB1,2206,269,0,0,0,269,A
2-PB1,2207,267,0,1,0,268,A
2-PB1,2208,0,0,272,0,272,G
2-PB1,2209,257,0,0,0,257,A
2-PB1,2210,256,0,0,0,256,A
2-PB1,2211,254,0,1,0,255,A
2-PB1,2212,1,0,270,0,271,G
2-PB1,2213,268,0,0,0,268,A
2-PB1,2214,271,0,0,0,271,A
2-PB1,2215,0,0,275,0,275,G
2-PB1,2216,276,0,1,0,277,A
2-PB1,2217,0,0,278,0,278,G
2-PB1,2218,0,278,0,0,278,T
2-PB1,2219,0,277,0,0,277,T
2-PB1,2220,1,0,0,275,276,C
2-PB1,2221,0,277,0,0,277,T
2-PB1,2222,0,0,0,279,279,C
2-PB1,2223,0,279,0,0,279,T
2-PB1,2224,0,0,279,0,279,G
2-PB1,2225,278,0,0,0,278,A
2-PB1,2226,0,0,278,0,278,G
2-PB1,2227,278,0,0,0,278,A
2-PB1,2228,0,276,0,1,277,T
2-PB1,2229,0,0,0,278,278,C
2-PB1,2230,277,0,0,0,277,A
2-PB1,2231,0,277,0,0,277,T
2-PB1,2232,0,0,274,0,274,G
2-PB1,2233,274,0,0,0,274,A
2-PB1,2234,275,0,0,0,275,A
2-PB1,2235,0,0,278,0,278,G
2-PB1,2236,275,0,0,0,275,A
2-PB1,2237,0,275,0,0,275,T
2-PB1,2238,0,0,0,276,276,C
2-PB1,2239,0,275,0,0,275,T
2-PB1,2240,0,0,276,0,276,G
2-PB1,2241,0,276,0,0,276,T
2-PB1,2242,0,275,0,1,276,T
2-PB1,2243,0,0,0,275,275,C
2-PB1,2244,0,0,0,274,274,C
2-PB1,2245,272,0,0,0,272,A
2-PB1,2246,0,0,0,270,270,C
2-PB1,2247,0,0,0,270,270,C
2-PB1,2248,277,0,0,0,277,A
2-PB1,2249,0,277,0,0,277,T
2-PB1,2250,0,277,0,0,277,T
2-PB1,2251,0,0,276,0,276,G
2-PB1,2252,272,0,0,0,272,A
2-PB1,2253,272,0,0,1,273,A
2-PB1,2254,0,0,275,0,275,G
2-PB1,2255,272,0,0,0,272,A
2-PB1,2256,273,0,0,0,273,A
2-PB1,2257,0,0,0,272,272,C
2-PB1,2258,0,275,0,0,275,T
2-PB1,2259,0,0,0,277,277,C
2-PB1,2260,276,0,1,0,277,A
2-PB1,2261,0,0,274,0,274,G
2-PB1,2262,277,0,0,0,277,A
2-PB1,2263,0,0,0,274,274,C
2-PB1,2264,0,0,271,0,271,G
2-PB1,2265,0,0,269,0,269,G
2-PB1,2266,0,0,0,267,267,C
2-PB1,2267,234,0,1,0,235,A
2-PB1,2268,235,0,0,0,235,A
2-PB1,2269,234,0,0,0,234,A
2-PB1,2270,231,0,0,0,231,A
2-PB1,2271,228,0,0,0,228,A
2-PB1,2272,0,260,0,0,260,T
2-PB1,2273,257,0,1,0,258,A
2-PB1,2274,262,0,0,0,262,A
2-PB1,2275,0,266,0,0,266,T
2-PB1,2276,1,0,261,0,262,G
2-PB1,2277,255,0,0,0,255,A
2-PB1,2278,256,0,0,0,256,A
2-PB1,2279,0,243,0,0,243,T
2-PB1,2280,0,243,0,0,243,T
2-PB1,2281,0,245,0,0,245,T
2-PB1,2282,259,0,0,0,259,A
2-PB1,2283,258,0,0,0,258,A
2-PB1,2284,0,0,0,260,260,C
2-PB1,2285,0,259,0,1,260,T
2-PB1,2286,0,262,0,0,262,T
2-PB1,2287,0,0,261,0,261,G
2-PB1,2288,0,258,0,0,258,T
2-PB1,2289,0,0,0,258,258,C
2-PB1,2290,0,0,0,258,258,C
2-PB1,2291,1,260,0,0,261,T
2-PB1,2292,0,258,0,0,258,T
2-PB1,2293,0,0,0,265,265,C
2-PB1,2294,265,0,0,0,265,A
2-PB1,2295,0,262,0,0,262,T
2-PB1,2296,1,0,242,0,243,G
2-PB1,2297,178,0,1,0,179,A
2-PB1,2298,181,0,0,0,181,A
2-PB1,2299,180,0,0,0,180,A
2-PB1,2300,180,0,0,0,180,A
2-PB1,2301,179,0,0,0,179,A
2-PB1,2302,179,0,0,0,179,A
2-PB1,2303,1,257,0,0,258,T
2-PB1,2304,0,0,262,0,262,G
2-PB1,2305,0,0,0,255,255,C
2-PB1,2306,2,0,0,255,257,C
2-PB1,2307,0,243,0,0,243,T
2-PB1,2308,0,242,1,0,243,T
2-PB1,2309,1,0,252,1,254,G
2-PB1,2310,0,243,0,0,243,T
2-PB1,2311,0,246,0,0,246,T
2-PB1,2312,0,248,0,0,248,T
2-PB1,2313,0,0,0,266,266,C
2-PB1,2314,0,263,0,0,263,T
2-PB1,2315,264,0,0,0,264,A
2-PB1,2316,0,0,0,264,264,C
2-PB1,2317,0,266,0,0,266,T
2-PB1,2318,0,0,265,0,265,G
3-PA,-11,0,645,0,0,645,T
3-PA,-10,655,0,0,0,655,A
3-PA,-9,0,0,0,660,660,C
3-PA,-8,0,669,0,0,669,T
3-PA,-7,0,0,674,0,674,G
3-PA,-6,673,0,0,0,673,A
3-PA,-5,0,664,0,0,664,T
3-PA,-4,0,0,0,662,662,C
3-PA,-3,0,0,0,662,662,C
3-PA,-2,609,0,0,0,609,A
3-PA,-1,609,0,0,0,609,A
3-PA,0,607,0,0,0,607,A
3-PA,1,605,0,0,0,605,A
3-PA,2,0,668,0,1,669,T
3-PA,3,0,0,655,0,655,G
3-PA,4,0,0,656,0,656,G
3-PA,5,656,0,0,0,656,A
3-PA,6,656,0,1,0,657,A
3-PA,7,0,0,663,0,663,G
3-PA,8,665,0,0,0,665,A
3-PA,9,0,0,0,668,668,C
3-PA,10,0,635,0,0,635,T
3-PA,11,0,638,0,0,638,T
3-PA,12,0,637,0,0,637,T
3-PA,13,0,0,666,0,666,G
3-PA,14,0,649,0,0,649,T
3-PA,15,0,0,680,0,680,G
3-PA,16,0,0,0,680,680,C
3-PA,17,0,0,681,0,681,G
3-PA,18,682,0,1,0,683,A
3-PA,19,0,0,0,680,680,C
3-PA,20,682,0,0,0,682,A
3-PA,21,681,0,2,0,683,A
3-PA,22,0,685,0,0,685,T
3-PA,23,0,0,684,0,684,G
3-PA,24,0,1,0,678,679,C
3-PA,25,0,674,0,1,675,T
3-PA,26,0,674,0,0,674,T
3-PA,27,0,1,0,681,682,C
3-PA,28,683,0,0,0,683,A
3-PA,29,682,0,0,0,682,A
3-PA,30,0,682,0,0,682,T
3-PA,31,0,0,0,681,681,C
3-PA,32,0,1,0,681,682,C
3-PA,33,685,0,0,0,685,A
3-PA,34,683,0,0,0,683,A
3-PA,35,0,683,0,0,683,T
3-PA,36,2,0,681,0,683,G
3-PA,37,685,0,0,0,685,A
3-PA,38,0,685,0,0,685,T
3-PA,39,0,1,0,683,684,C
3-PA,40,0,0,683,0,683,G
3-PA,41,0,684,0,1,685,T
3-PA,42,1,0,0,682,683,C
3-PA,43,0,0,683,0,683,G
3-PA,44,684,0,0,0,684,A
3-PA,45,0,0,685,0,685,G
3-PA,46,0,0,0,685,685,C
3-PA,47,0,680,0,1,681,T
3-PA,48,0,682,0,0,682,T
3-PA,49,0,0,684,0,684,G
3-PA,50,0,0,0,679,679,C
3-PA,51,0,0,664,0,664,G
3-PA,52,1,0,664,0,665,G
3-PA,53,646,0,0,0,646,A
3-PA,54,644,0,0,0,644,A
3-PA,55,628,0,0,0,628,A
3-PA,56,628,0,1,0,629,A
3-PA,57,0,0,645,0,645,G
3-PA,58,1,0,643,0,644,G
3-PA,59,0,0,0,667,667,C
3-PA,60,675,0,1,0,676,A
3-PA,61,678,0,0,0,678,A
3-PA,62,0,678,0,0,678,T
3-PA,63,0,0,672,0,672,G
3-PA,64,647,0,0,0,647,A
3-PA,65,646,0,0,0,646,A
3-PA,66,643,0,0,0,643,A
3-PA,67,1,0,659,0,660,G
3-PA,68,629,0,0,0,629,A
3-PA,69,631,0,0,0,631,A
3-PA,70,0,658,0,0,658,T
3-PA,71,656,0,0,0,656,A
3-PA,72,0,661,0,0,661,T
3-PA,73,0,0,571,0,571,G
3-PA,74,1,0,571,0,572,G
3-PA,75,0,0,569,0,569,G
3-PA,76,0,0,566,0,566,G
3-PA,77,617,0,1,0,618,A
3-PA,78,618,0,0,0,618,A
3-PA,79,0,0,614,0,614,G
3-PA,80,648,0,0,0,648,A
3-PA,81,0,656,0,0,656,T
3-PA,82,0,0,0,648,648,C
3-PA,83,0,0,0,650,650,C
3-PA,84,0,0,650,0,650,G
3-PA,85,637,0,0,0,637,A
3-PA,86,638,0,0,0,638,A
3-PA,87,641,0,0,0,641,A
3-PA,88,640,0,0,0,640,A
3-PA,89,0,659,0,0,659,T
3-PA,90,0,0,0,659,659,C
3-PA,91,0,0,658,0,658,G
3-PA,92,636,0,0,0,636,A
3-PA,93,636,0,0,0,636,A
3-PA,94,636,0,0,0,636,A
3-PA,95,0,0,0,653,653,C
3-PA,96,0,653,0,1,654,T
3-PA,97,617,0,0,0,617,A
3-PA,98,613,0,0,0,613,A
3-PA,99,0,1,0,648,649,C
3-PA,100,657,0,0,0,657,A
3-PA,101,658,0,0,0,658,A
3-PA,102,0,0,661,0,661,G
3-PA,103,0,658,0,0,658,T
3-PA,104,0,659,0,0,659,T
3-PA,105,0,659,0,0,659,T
3-PA,106,0,0,677,0,677,G
3-PA,107,0,0,0,678,678,C
3-PA,108,0,678,0,0,678,T
3-PA,109,0,0,679,0,679,G
3-PA,110,0,0,0,680,680,C
3-PA,111,679,0,0,0,679,A
3-PA,112,680,0,0,0,680,A
3-PA,113,0,681,0,0,681,T
3-PA,114,680,0,0,0,680,A
3-PA,115,0,682,0,0,682,T
3-PA,116,1,0,681,0,682,G
3-PA,117,0,0,0,681,681,C
3-PA,118,680,0,0,0,680,A
3-PA,119,0,0,0,680,680,C
3-PA,120,680,0,0,0,680,A
3-PA,121,0,0,0,680,680,C
3-PA,122,679,0,0,0,679,A
3-PA,123,0,644,0,0,644,T
3-PA,124,0,644,0,0,644,T
3-PA,125,0,647,0,0,647,T
3-PA,126,0,0,667,0,667,G
3-PA,127,0,0,667,0,667,G
3-PA,128,669,0,0,0,669,A
3-PA,129,667,0,0,0,667,A
3-PA,130,0,0,671,0,671,G
3-PA,131,0,661,0,0,661,T
3-PA,132,0,663,0,0,663,T
3-PA,133,0,664,0,0,664,T
3-PA,134,1,0,665,0,666,G
3-PA,135,0,619,0,2,621,T
3-PA,136,0,623,0,0,623,T
3-PA,137,0,627,0,0,627,T
3-PA,138,0,1,0,676,677,C
3-PA,139,691,0,0,0,691,A
3-PA,140,0,697,0,0,697,T
3-PA,141,0,0,696,0,696,G
3-PA,142,0,694,0,0,694,T
3-PA,143,698,0,0,0,698,A
3-PA,144,0,699,0,0,699,T
3-PA,145,0,697,0,0,697,T
3-PA,146,0,0,0,697,697,C
3-PA,147,0,0,698,0,698,G
3-PA,148,0,0,697,0,697,G
3-PA,149,696,0,0,0,696,A
3-PA,150,0,673,0,0,673,T
3-PA,151,0,675,1,0,676,T
3-PA,152,0,675,0,0,675,T
3-PA,153,0,0,0,691,691,C
3-PA,154,0,0,0,691,691,C
3-PA,155,696,0,0,0,696,A
3-PA,156,1,676,0,1,678,T
3-PA,157,0,678,0,0,678,T
3-PA,158,1,676,0,1,678,T
3-PA,159,0,1,0,694,695,C
3-PA,160,697,0,0,0,697,A
3-PA,161,0,696,0,1,697,T
3-PA,162,0,0,0,697,697,C
3-PA,163,0,0,697,0,697,G
3-PA,164,693,0,0,0,693,A
3-PA,165,0,0,0,693,693,C
3-PA,166,0,0,672,0,672,G
3-PA,167,686,0,0,0,686,A
3-PA,168,679,0,0,0,679,A
3-PA,169,0,0,0,670,670,C
3-PA,170,0,1,635,0,636,G
3-PA,171,1,0,634,0,635,G
3-PA,172,0,0,624,0,624,G
3-PA,173,0,0,622,0,622,G
3-PA,174,0,655,0,0,655,T
3-PA,175,1,0,667,0,668,G
3-PA,176,678,0,2,0,680,A
3-PA,177,681,0,0,0,681,A
3-PA,178,0,684,0,0,684,T
3-PA,179,0,0,0,687,687,C
3-PA,180,685,0,0,0,685,A
3-PA,181,681,0,1,0,682,A
3-PA,182,0,680,0,0,680,T
3-PA,183,686,0,0,0,686,A
3-PA,184,685,0,0,0,685,A
3-PA,185,0,682,0,0,682,T
3-PA,186,0,682,0,0,682,T
3-PA,187,0,0,683,0,683,G
3-PA,188,0,686,0,1,687,T
3-PA,189,691,0,0,0,691,A
3-PA,190,0,0,692,0,692,G
3-PA,191,692,0,0,0,692,A
3-PA,192,692,0,0,0,692,A
3-PA,193,0,695,0,0,695,T
3-PA,194,0,0,0,695,695,C
3-PA,195,0,691,0,0,691,T
3-PA,196,0,0,680,0,680,G
3-PA,197,0,0,680,0,680,G
3-PA,198,0,684,0,0,684,T
3-PA,199,0,0,688,0,688,G
3-PA,200,675,0,3,0,678,A
3-PA,201,0,0,0,622,622,C
3-PA,202,0,0,0,614,614,C
3-PA,203,0,1,0,614,615,C
3-PA,204,0,0,639,0,639,G
3-PA,205,680,0,0,0,680,A
3-PA,206,634,0,1,0,635,A
3-PA,207,0,641,0,0,641,T
3-PA,208,0,0,641,0,641,G
3-PA,209,0,1,0,641,642,C
3-PA,210,643,0,0,0,643,A
3-PA,211,0,0,0,645,645,C
3-PA,212,0,645,0,0,645,T
3-PA,213,645,0,0,0,645,A
3-PA,214,0,643,0,1,644,T
3-PA,215,0,644,0,0,644,T
3-PA,216,0,0,644,0,644,G
3-PA,217,643,0,0,0,643,A
3-PA,218,643,0,1,0,644,A
3-PA,219,0,0,644,0,644,G
3-PA,220,0,0,0,644,644,C
3-PA,221,638,0,0,0,638,A
3-PA,222,0,0,0,633,633,C
3-PA,223,0,0,0,632,632,C
3-PA,224,0,0,633,0,633,G
3-PA,225,647,0,0,0,647,A
3-PA,226,0,608,0,0,608,T
3-PA,227,0,609,0,0,609,T
3-PA,228,0,607,0,0,607,T
3-PA,229,1,0,647,0,648,G
3-PA,230,650,0,0,0,650,A
3-PA,231,0,0,653,0,653,G
3-PA,232,653,0,0,0,653,A
3-PA,233,0,653,0,0,653,T
3-PA,234,650,0,1,0,651,A
3-PA,235,649,0,0,0,649,A
3-PA,236,0,648,0,0,648,T
3-PA,237,0,650,0,0,650,T
3-PA,238,0,0,654,0,654,G
3-PA,239,650,0,0,0,650,A
3-PA,240,651,0,0,0,651,A
3-PA,241,0,0,643,0,643,G
3-PA,242,0,0,643,0,643,G
3-PA,243,643,0,0,0,643,A
3-PA,244,643,0,0,0,643,A
3-PA,245,1,1,649,0,651,G
3-PA,246,656,0,0,0,656,A
3-PA,247,0,0,657,0,657,G
3-PA,248,653,0,2,0,655,A
3-PA,249,0,0,0,640,640,C
3-PA,250,1,0,0,634,635,C
3-PA,251,0,0,634,0,634,G
3-PA,252,646,0,0,0,646,A
3-PA,253,647,0,0,0,647,A
3-PA,254,0,653,0,0,653,T
3-PA,255,0,0,0,654,654,C
3-PA,256,654,0,0,0,654,A
3-PA,257,0,654,0,0,654,T
3-PA,258,0,0,650,0,650,G
3-PA,259,0,0,650,0,650,G
3-PA,260,0,0,0,649,649,C
3-PA,261,0,1,0,648,649,C
3-PA,262,0,648,0,1,649,T
3-PA,263,0,0,647,0,647,G
3-PA,264,0,0,646,0,646,G
3-PA,265,645,0,1,0,646,A
3-PA,266,0,0,0,652,652,C
3-PA,267,652,0,1,0,653,A
3-PA,268,0,0,654,0,654,G
3-PA,269,0,654,0,0,654,T
3-PA,270,0,0,644,0,644,G
3-PA,271,6,0,637,0,643,G
3-PA,272,0,641,0,0,641,T
3-PA,273,1,0,643,0,644,G
3-PA,274,638,0,1,0,639,A
3-PA,275,638,0,0,0,638,A
3-PA,276,0,0,0,642,642,C
3-PA,277,645,0,0,0,645,A
3-PA,278,0,0,645,0,645,G
3-PA,279,0,645,0,0,645,T
3-PA,280,643,0,0,0,643,A
3-PA,281,0,640,0,0,640,T
3-PA,282,642,0,0,0,642,A
3-PA,283,0,644,0,0,644,T
3-PA,284,0,0,636,0,636,G
3-PA,285,0,635,0,0,635,T
3-PA,286,629,0,0,0,629,A
3-PA,287,628,0,1,0,629,A
3-PA,288,1,0,0,625,626,C
3-PA,289,621,0,1,0,622,A
3-PA,290,0,0,0,619,619,C
3-PA,291,612,0,0,0,612,A
3-PA,292,612,0,0,0,612,A
3-PA,293,0,0,0,610,610,C
3-PA,294,603,0,0,0,603,A
3-PA,295,0,0,573,0,573,G
3-PA,296,0,0,573,0,573,G
3-PA,297,1,0,539,0,540,G
3-PA,298,0,0,542,0,542,G
3-PA,299,0,543,0,0,543,T
3-PA,300,563,0,0,0,563,A
3-PA,301,0,0,532,0,532,G
3-PA,302,558,0,0,0,558,A
3-PA,303,0,0,556,0,556,G
3-PA,304,556,0,0,0,556,A
3-PA,305,554,0,1,0,555,A
3-PA,306,0,0,553,0,553,G
3-PA,307,0,0,0,548,548,C
3-PA,308,0,0,0,547,547,C
3-PA,309,0,532,0,0,532,T
3-PA,310,512,0,0,0,512,A
3-PA,311,477,0,0,0,477,A
3-PA,312,481,0,0,0,481,A
3-PA,313,0,449,0,0,449,T
3-PA,314,0,446,0,0,446,T
3-PA,315,0,429,0,0,429,T
3-PA,316,0,0,0,454,454,C
3-PA,317,0,359,0,0,359,T
3-PA,318,0,368,0,0,368,T
3-PA,319,0,0,0,435,435,C
3-PA,320,0,0,0,433,433,C
3-PA,321,0,469,0,0,469,T
3-PA,322,0,0,471,0,471,G
3-PA,323,470,0,0,0,470,A
3-PA,324,0,459,0,0,459,T
3-PA,325,0,460,0,0,460,T
3-PA,326,0,460,0,0,460,T
3-PA,327,0,0,466,0,466,G
3-PA,328,0,463,0,0,463,T
3-PA,329,466,0,0,0,466,A
3-PA,330,0,466,0,0,466,T
3-PA,331,0,0,467,0,467,G
3-PA,332,465,0,0,2,467,A
3-PA,333,0,460,0,0,460,T
3-PA,334,0,459,0,0,459,T
3-PA,335,454,1,0,1,456,A
3-PA,336,0,0,0,458,458,C
3-PA,337,433,0,0,0,433,A
3-PA,338,437,0,0,0,437,A
3-PA,339,431,0,0,0,431,A
3-PA,340,0,0,449,0,449,G
3-PA,341,422,0,0,0,422,A
3-PA,342,0,0,439,0,439,G
3-PA,343,441,0,0,0,441,A
3-PA,344,441,0,0,0,441,A
3-PA,345,0,2,0,437,439,C
3-PA,346,0,0,0,441,441,C
3-PA,347,0,0,433,0,433,G
3-PA,348,1,0,436,0,437,G
3-PA,349,0,432,0,1,433,T
3-PA,350,0,429,0,0,429,T
3-PA,351,0,0,0,442,442,C
3-PA,352,443,0,1,0,444,A
3-PA,353,0,444,0,0,444,T
3-PA,354,0,443,0,1,444,T
3-PA,355,0,0,437,0,437,G
3-PA,356,413,0,0,0,413,A
3-PA,357,420,0,0,0,420,A
3-PA,358,421,0,0,0,421,A
3-PA,359,0,443,0,0,443,T
3-PA,360,0,443,0,0,443,T
3-PA,361,0,0,442,0,442,G
3-PA,362,0,0,443,0,443,G
3-PA,363,442,0,1,0,443,A
3-PA,364,0,0,442,0,442,G
3-PA,365,0,437,0,0,437,T
3-PA,366,437,0,0,0,437,A
3-PA,367,437,0,0,0,437,A
3-PA,368,0,1,0,438,439,C
3-PA,369,436,0,1,0,437,A
3-PA,370,0,0,0,432,432,C
3-PA,371,0,1,420,0,421,G
3-PA,372,0,0,411,0,411,G
3-PA,373,412,0,0,0,412,A
3-PA,374,0,0,404,0,404,G
3-PA,375,0,0,408,0,408,G
3-PA,376,0,0,409,0,409,G
3-PA,377,418,0,1,0,419,A
3-PA,378,418,0,0,0,418,A
3-PA,379,0,0,410,0,410,G
3-PA,380,0,415,0,0,415,T
3-PA,381,0,0,0,410,410,C
3-PA,382,0,0,0,410,410,C
3-PA,383,410,0,0,0,410,A
3-PA,384,0,0,0,406,406,C
3-PA,385,408,0,0,0,408,A
3-PA,386,0,406,0,0,406,T
3-PA,387,392,0,0,0,392,A
3-PA,388,0,388,0,0,388,T
3-PA,389,389,0,0,0,389,A
3-PA,390,0,386,0,0,386,T
3-PA,391,0,383,0,0,383,T
3-PA,392,380,0,0,0,380,A
3-PA,393,0,0,0,375,375,C
3-PA,394,0,0,0,375,375,C
3-PA,395,0,371,0,0,371,T
3-PA,396,368,0,0,0,368,A
3-PA,397,0,1,367,0,368,G
3-PA,398,342,0,0,0,342,A
3-PA,399,0,0,327,0,327,G
3-PA,400,306,0,0,0,306,A
3-PA,401,302,0,0,0,302,A
3-PA,402,294,0,0,0,294,A
3-PA,403,0,0,304,0,304,G
3-PA,404,0,0,0,295,295,C
3-PA,405,0,0,0,293,293,C
3-PA,406,291,0,0,0,291,A
3-PA,407,267,0,0,0,267,A
3-PA,408,0,0,0,267,267,C
3-PA,409,202,0,0,0,202,A
3-PA,410,204,0,0,0,204,A
3-PA,411,204,0,0,0,204,A
3-PA,412,203,0,0,0,203,A
3-PA,413,0,264,0,0,264,T
3-PA,414,234,0,0,0,234,A
3-PA,415,247,0,0,0,247,A
3-PA,416,252,0,0,0,252,A
3-PA,417,251,0,0,0,251,A
3-PA,418,0,294,0,0,294,T
3-PA,419,0,0,0,300,300,C
3-PA,420,0,310,0,0,310,T
3-PA,421,0,0,315,0,315,G
3-PA,422,317,0,0,0,317,A
3-PA,423,0,0,321,0,321,G
3-PA,424,324,0,0,0,324,A
3-PA,425,325,0,0,0,325,A
3-PA,426,0,0,328,0,328,G
3-PA,427,328,0,0,0,328,A
3-PA,428,0,0,0,329,329,C
3-PA,429,329,0,0,0,329,A
3-PA,430,1,0,0,328,329,C
3-PA,431,328,0,0,1,329,A
3-PA,432,0,0,0,328,328,C
3-PA,433,331,0,0,0,331,A
3-PA,434,0,327,0,0,327,T
3-PA,435,0,327,0,0,327,T
3-PA,436,0,0,0,326,326,C
3-PA,437,328,0,1,0,329,A
3-PA,438,0,0,0,329,329,C
3-PA,439,330,0,0,0,330,A
3-PA,440,0,307,0,0,307,T
3-PA,441,0,0,0,330,330,C
3-PA,442,0,315,0,0,315,T
3-PA,443,0,319,0,0,319,T
3-PA,444,0,321,0,0,321,T
3-PA,445,0,320,0,0,320,T
3-PA,446,0,0,0,346,346,C
3-PA,447,354,0,0,0,354,A
3-PA,448,0,343,0,0,343,T
3-PA,449,0,343,0,0,343,T
3-PA,450,0,1,0,346,347,C
3-PA,451,347,0,0,0,347,A
3-PA,452,0,0,0,348,348,C
3-PA,453,0,348,0,0,348,T
3-PA,454,0,0,344,0,344,G
3-PA,455,0,0,345,0,345,G
3-PA,456,345,0,1,0,346,A
3-PA,457,0,0,345,0,345,G
3-PA,458,344,0,0,2,346,A
3-PA,459,0,0,346,0,346,G
3-PA,460,0,0,347,0,347,G
3-PA,461,348,0,0,0,348,A
3-PA,462,0,0,349,0,349,G
3-PA,463,349,0,0,0,349,A
3-PA,464,0,348,0,0,348,T
3-PA,465,0,0,347,0,347,G
3-PA,466,0,0,347,0,347,G
3-PA,467,0,0,0,345,345,C
3-PA,468,0,0,0,344,344,C
3-PA,469,339,0,0,0,339,A
3-PA,470,0,0,0,345,345,C
3-PA,471,0,0,0,346,346,C
3-PA,472,335,0,0,0,335,A
3-PA,473,333,0,0,0,333,A
3-PA,474,333,0,0,0,333,A
3-PA,475,0,0,356,0,356,G
3-PA,476,0,0,0,360,360,C
3-PA,477,0,0,360,0,360,G
3-PA,478,0,0,362,0,362,G
3-PA,479,364,0,0,0,364,A
3-PA,480,0,0,0,364,364,C
3-PA,481,0,365,0,0,365,T
3-PA,482,366,0,0,0,366,A
3-PA,483,0,0,0,355,355,C
3-PA,484,358,0,0,0,358,A
3-PA,485,0,0,0,347,347,C
3-PA,486,0,0,0,350,350,C
3-PA,487,0,0,0,358,358,C
3-PA,488,0,370,0,0,370,T
3-PA,489,0,369,0,0,369,T
3-PA,490,0,0,385,0,385,G
3-PA,491,386,0,0,0,386,A
3-PA,492,0,0,0,388,388,C
3-PA,493,0,0,390,0,390,G
3-PA,494,387,0,0,0,387,A
3-PA,495,391,0,0,0,391,A
3-PA,496,0,0,395,0,395,G
3-PA,497,392,0,0,0,392,A
3-PA,498,0,0,393,0,393,G
3-PA,499,393,0,0,0,393,A
3-PA,500,2,0,391,0,393,G
3-PA,501,0,0,0,392,392,C
3-PA,502,390,1,0,0,391,A
3-PA,503,0,0,387,0,387,G
3-PA,504,0,0,387,0,387,G
3-PA,505,0,0,386,0,386,G
3-PA,506,0,0,0,384,384,C
3-PA,507,382,0,1,0,383,A
3-PA,508,385,0,0,0,385,A
3-PA,509,0,0,384,0,384,G
3-PA,510,384,0,0,0,384,A
3-PA,511,385,0,0,0,385,A
3-PA,512,0,385,0,0,385,T
3-PA,513,0,0,0,384,384,C
3-PA,514,374,0,0,0,374,A
3-PA,515,371,0,0,0,371,A
3-PA,516,371,0,0,0,371,A
3-PA,517,371,0,0,0,371,A
3-PA,518,0,0,0,383,383,C
3-PA,519,0,387,0,0,387,T
3-PA,520,382,0,0,0,382,A
3-PA,521,0,0,388,0,388,G
3-PA,522,0,0,388,0,388,G
3-PA,523,0,0,0,384,384,C
3-PA,524,0,361,0,0,361,T
3-PA,525,1,362,0,1,364,T
3-PA,526,0,363,0,0,363,T
3-PA,527,0,364,0,0,364,T
3-PA,528,0,0,0,386,386,C
3-PA,529,396,0,0,0,396,A
3-PA,530,0,0,0,397,397,C
3-PA,531,0,396,0,0,396,T
3-PA,532,397,0,0,0,397,A
3-PA,533,0,397,0,0,397,T
3-PA,534,399,0,0,0,399,A
3-PA,535,398,0,0,0,398,A
3-PA,536,0,0,402,0,402,G
3-PA,537,401,0,0,0,401,A
3-PA,538,0,0,0,400,400,C
3-PA,539,379,0,0,0,379,A
3-PA,540,382,0,0,0,382,A
3-PA,541,0,0,393,0,393,G
3-PA,542,392,0,0,0,392,A
3-PA,543,393,0,0,1,394,A
3-PA,544,394,0,0,0,394,A
3-PA,545,0,402,0,0,402,T
3-PA,546,0,0,401,0,401,G
3-PA,547,0,0,401,0,401,G
3-PA,548,0,0,0,399,399,C
3-PA,549,0,0,0,400,400,C
3-PA,550,403,0,0,0,403,A
3-PA,551,0,0,405,0,405,G
3-PA,552,0,402,0,0,402,T
3-PA,553,404,0,0,0,404,A
3-PA,554,0,0,405,0,405,G
3-PA,555,1,0,406,0,407,G
3-PA,556,410,0,0,0,410,A
3-PA,557,0,0,410,0,410,G
3-PA,558,0,410,0,0,410,T
3-PA,559,0,0,0,413,413,C
3-PA,560,0,413,0,0,413,T
3-PA,561,413,0,0,0,413,A
3-PA,562,0,412,1,0,413,T
3-PA,563,0,0,407,0,407,G
3-PA,564,0,0,407,0,407,G
3-PA,565,0,0,405,0,405,G
3-PA,566,410,0,0,0,410,A
3-PA,567,0,394,0,0,394,T
3-PA,568,0,393,0,0,393,T
3-PA,569,0,0,0,399,399,C
3-PA,570,0,0,0,400,400,C
3-PA,571,0,369,0,0,369,T
3-PA,572,0,367,0,0,367,T
3-PA,573,0,367,0,0,367,T
3-PA,574,0,0,0,399,399,C
3-PA,575,0,0,409,0,409,G
3-PA,576,0,413,0,0,413,T
3-PA,577,0,0,0,417,417,C
3-PA,578,415,0,0,0,415,A
3-PA,579,0,0,415,0,415,G
3-PA,580,0,416,0,0,416,T
3-PA,581,0,0,0,416,416,C
3-PA,582,1,0,0,412,413,C
3-PA,583,0,0,414,0,414,G
3-PA,584,410,0,0,0,410,A
3-PA,585,410,0,0,0,410,A
3-PA,586,410,0,0,0,410,A
3-PA,587,0,0,418,0,418,G
3-PA,588,415,0,2,0,417,A
3-PA,589,0,0,420,0,420,G
3-PA,590,0,0,420,0,420,G
3-PA,591,0,0,0,419,419,C
3-PA,592,0,0,421,0,421,G
3-PA,593,421,0,0,0,421,A
3-PA,594,423,0,2,0,425,A
3-PA,595,0,0,429,0,429,G
3-PA,596,430,0,0,0,430,A
3-PA,597,0,0,430,0,430,G
3-PA,598,428,0,1,0,429,A
3-PA,599,1,0,0,425,426,C
3-PA,600,424,0,0,0,424,A
3-PA,601,423,0,0,0,423,A
3-PA,602,0,421,0,0,421,T
3-PA,603,0,420,0,0,420,T
3-PA,604,0,0,419,0,419,G
3-PA,605,355,0,0,0,355,A
3-PA,606,346,0,1,0,347,A
3-PA,607,1,0,413,0,414,G
3-PA,608,319,0,2,1,322,A
3-PA,609,322,0,0,0,322,A
3-PA,610,322,0,0,0,322,A
3-PA,611,313,0,0,0,313,A
3-PA,612,317,0,0,0,317,A
3-PA,613,0,399,0,0,399,T
3-PA,614,0,401,0,0,401,T
3-PA,615,0,406,0,0,406,T
3-PA,616,0,0,434,0,434,G
3-PA,617,439,1,0,0,440,A
3-PA,618,1,0,440,0,441,G
3-PA,619,442,0,1,0,443,A
3-PA,620,0,439,0,0,439,T
3-PA,621,0,439,0,0,439,T
3-PA,622,435,0,0,0,435,A
3-PA,623,0,0,0,440,440,C
3-PA,624,437,0,2,0,439,A
3-PA,625,0,0,439,0,439,G
3-PA,626,0,0,440,0,440,G
3-PA,627,434,0,0,0,434,A
3-PA,628,433,0,0,0,433,A
3-PA,629,0,0,0,436,436,C
3-PA,630,0,439,0,0,439,T
3-PA,631,443,0,0,0,443,A
3-PA,632,0,443,0,0,443,T
3-PA,633,0,0,443,0,443,G
3-PA,634,0,0,0,438,438,C
3-PA,635,0,0,441,0,441,G
3-PA,636,0,0,0,441,441,C
3-PA,637,437,0,0,0,437,A
3-PA,638,436,0,1,0,437,A
3-PA,639,0,0,437,0,437,G
3-PA,640,0,0,0,440,440,C
3-PA,641,0,438,0,0,438,T
3-PA,642,0,434,0,0,434,T
3-PA,643,0,0,432,0,432,G
3-PA,644,0,1,0,430,431,C
3-PA,645,0,0,0,431,431,C
3-PA,646,0,0,429,0,429,G
3-PA,647,424,0,0,0,424,A
3-PA,648,0,0,0,427,427,C
3-PA,649,0,0,0,426,426,C
3-PA,650,415,0,1,0,416,A
3-PA,651,414,0,0,0,414,A
3-PA,652,415,0,0,0,415,A
3-PA,653,0,0,428,0,428,G
3-PA,654,0,428,0,1,429,T
3-PA,655,0,0,0,424,424,C
3-PA,656,0,422,0,0,422,T
3-PA,657,0,0,0,406,406,C
3-PA,658,1,0,0,404,405,C
3-PA,659,1,0,0,402,403,C
3-PA,660,424,0,0,0,424,A
3-PA,661,0,0,0,415,415,C
3-PA,662,0,0,0,419,419,C
3-PA,663,0,0,427,0,427,G
3-PA,664,432,0,0,0,432,A
3-PA,665,433,0,0,0,433,A
3-PA,666,0,0,0,433,433,C
3-PA,667,0,437,0,0,437,T
3-PA,668,0,433,0,1,434,T
3-PA,669,0,1,0,433,434,C
3-PA,670,0,428,0,0,428,T
3-PA,671,0,0,0,429,429,C
3-PA,672,0,0,0,429,429,C
3-PA,673,428,0,0,1,429,A
3-PA,674,0,0,428,0,428,G
3-PA,675,0,0,0,421,421,C
3-PA,676,0,0,0,420,420,C
3-PA,677,0,422,0,0,422,T
3-PA,678,0,421,0,0,421,T
3-PA,679,0,0,423,0,423,G
3-PA,680,402,0,0,0,402,A
3-PA,681,402,0,0,0,402,A
3-PA,682,390,0,0,0,390,A
3-PA,683,387,0,0,0,387,A
3-PA,684,0,0,0,404,404,C
3-PA,685,0,401,0,0,401,T
3-PA,686,0,399,0,0,399,T
3-PA,687,0,407,0,0,407,T
3-PA,688,417,0,0,0,417,A
3-PA,689,0,0,434,0,434,G
3-PA,690,441,0,0,0,441,A
3-PA,691,0,0,442,0,442,G
3-PA,692,0,0,0,441,441,C
3-PA,693,0,0,0,441,441,C
3-PA,694,0,441,0,0,441,T
3-PA,695,444,0,0,0,444,A
3-PA,696,0,444,0,0,444,T
3-PA,697,0,0,444,0,444,G
3-PA,698,0,444,0,0,444,T
3-PA,699,445,0,0,0,445,A
3-PA,700,0,0,452,0,452,G
3-PA,701,453,0,0,0,453,A
3-PA,702,0,453,0,0,453,T
3-PA,703,0,0,452,0,452,G
3-PA,704,0,0,451,0,451,G
3-PA,705,452,0,0,0,452,A
3-PA,706,0,450,0,0,450,T
3-PA,707,0,448,0,1,449,T
3-PA,708,0,1,0,448,449,C
3-PA,709,0,0,450,0,450,G
3-PA,710,450,0,0,0,450,A
3-PA,711,0,0,450,0,450,G
3-PA,712,0,1,0,445,446,C
3-PA,713,0,0,0,446,446,C
3-PA,714,0,0,445,0,445,G
3-PA,715,447,0,0,0,447,A
3-PA,716,447,0,0,0,447,A
3-PA,717,0,0,0,446,446,C
3-PA,718,0,0,447,0,447,G
3-PA,719,0,0,446,0,446,G
3-PA,720,0,2,0,447,449,C
3-PA,721,0,450,0,0,450,T
3-PA,722,0,0,447,0,447,G
3-PA,723,0,0,0,446,446,C
3-PA,724,445,0,0,0,445,A
3-PA,725,0,443,0,0,443,T
3-PA,726,0,441,0,0,441,T
3-PA,727,0,0,432,0,432,G
3-PA,728,431,0,0,0,431,A
3-PA,729,0,0,402,0,402,G
3-PA,730,0,0,399,0,399,G
3-PA,731,0,0,397,0,397,G
3-PA,732,0,0,0,426,426,C
3-PA,733,424,0,0,0,424,A
3-PA,734,422,0,1,0,423,A
3-PA,735,0,0,423,0,423,G
3-PA,736,0,0,0,412,412,C
3-PA,737,0,408,0,0,408,T
3-PA,738,0,403,0,0,403,T
3-PA,739,0,403,0,0,403,T
3-PA,740,0,1,0,399,400,C
3-PA,741,0,0,0,392,392,C
3-PA,742,0,0,0,398,398,C
3-PA,743,402,0,0,0,402,A
3-PA,744,400,0,0,0,400,A
3-PA,745,401,0,0,0,401,A
3-PA,746,0,410,0,1,411,T
3-PA,747,0,0,411,0,411,G
3-PA,748,0,410,0,0,410,T
3-PA,749,0,0,0,407,407,C
3-PA,750,374,0,0,0,374,A
3-PA,751,376,0,0,0,376,A
3-PA,752,375,0,0,0,375,A
3-PA,753,367,0,0,0,367,A
3-PA,754,0,0,385,0,385,G
3-PA,755,349,0,0,0,349,A
3-PA,756,353,0,0,0,353,A
3-PA,757,0,0,383,0,383,G
3-PA,758,0,383,0,0,383,T
3-PA,759,0,0,387,0,387,G
3-PA,760,386,0,1,0,387,A
3-PA,761,385,0,3,0,388,A
3-PA,762,0,0,0,386,386,C
3-PA,763,1,0,383,0,384,G
3-PA,764,0,0,0,379,379,C
3-PA,765,0,0,0,377,377,C
3-PA,766,367,0,0,0,367,A
3-PA,767,369,0,0,0,369,A
3-PA,768,367,0,0,0,367,A
3-PA,769,370,0,0,0,370,A
3-PA,770,0,377,0,0,377,T
3-PA,771,0,374,0,0,374,T
3-PA,772,0,0,375,0,375,G
3-PA,773,369,0,0,0,369,A
3-PA,774,368,0,2,0,370,A
3-PA,775,0,1,0,370,371,C
3-PA,776,0,0,0,365,365,C
3-PA,777,361,0,0,0,361,A
3-PA,778,0,359,0,0,359,T
3-PA,779,0,359,0,0,359,T
3-PA,780,0,0,0,356,356,C
3-PA,781,0,351,0,0,351,T
3-PA,782,0,350,0,0,350,T
3-PA,783,0,0,353,0,353,G
3-PA,784,351,0,0,0,351,A
3-PA,785,0,0,352,0,352,G
3-PA,786,0,0,348,0,348,G
3-PA,787,354,0,0,0,354,A
3-PA,788,0,0,0,355,355,C
3-PA,789,0,0,353,0,353,G
3-PA,790,352,0,1,0,353,A
3-PA,791,0,0,0,351,351,C
3-PA,792,348,0,1,0,349,A
3-PA,793,0,0,0,347,347,C
3-PA,794,0,0,0,344,344,C
3-PA,795,338,0,0,0,338,A
3-PA,796,0,0,0,288,288,C
3-PA,797,0,0,319,0,319,G
3-PA,798,0,0,0,258,258,C
3-PA,799,0,0,0,257,257,C
3-PA,800,0,0,0,259,259,C
3-PA,801,0,0,0,257,257,C
3-PA,802,0,0,0,255,255,C
3-PA,803,0,315,0,0,315,T
3-PA,804,0,0,0,285,285,C
3-PA,805,340,0,0,0,340,A
3-PA,806,0,0,340,0,340,G
3-PA,807,337,0,0,0,337,A
3-PA,808,0,337,0,0,337,T
3-PA,809,0,333,0,0,333,T
3-PA,810,0,0,336,0,336,G
3-PA,811,0,0,0,337,337,C
3-PA,812,0,0,0,339,339,C
3-PA,813,0,339,0,0,339,T
3-PA,814,0,0,339,0,339,G
3-PA,815,339,0,0,0,339,A
3-PA,816,0,338,0,1,339,T
3-PA,817,0,0,331,0,331,G
3-PA,818,0,0,330,0,330,G
3-PA,819,0,0,331,0,331,G
3-PA,820,0,0,0,333,333,C
3-PA,821,0,0,0,335,335,C
3-PA,822,0,325,0,0,325,T
3-PA,823,0,0,0,329,329,C
3-PA,824,0,317,0,0,317,T
3-PA,825,0,316,0,0,316,T
3-PA,826,0,319,0,0,319,T
3-PA,827,0,0,338,0,338,G
3-PA,828,0,0,0,341,341,C
3-PA,829,0,0,0,342,342,C
3-PA,830,340,0,0,0,340,A
3-PA,831,0,340,0,0,340,T
3-PA,832,0,0,0,338,338,C
3-PA,833,338,0,0,0,338,A
3-PA,834,0,0,337,0,337,G
3-PA,835,0,0,0,333,333,C
3-PA,836,0,0,327,0,327,G
3-PA,837,0,0,328,0,328,G
3-PA,838,0,328,0,0,328,T
3-PA,839,0,0,0,329,329,C
3-PA,840,314,0,0,0,314,A
3-PA,841,314,0,0,0,314,A
3-PA,842,315,0,0,0,315,A
3-PA,843,0,0,324,0,324,G
3-PA,844,0,323,0,0,323,T
3-PA,845,0,321,0,0,321,T
3-PA,846,0,0,0,321,321,C
3-PA,847,0,0,0,320,320,C
3-PA,848,0,322,0,0,322,T
3-PA,849,0,0,320,0,320,G
3-PA,850,0,0,0,319,319,C
3-PA,851,0,319,0,0,319,T
3-PA,852,0,0,320,0,320,G
3-PA,853,319,0,0,0,319,A
3-PA,854,0,320,0,0,320,T
3-PA,855,0,0,320,0,320,G
3-PA,856,0,0,321,0,321,G
3-PA,857,321,0,0,0,321,A
3-PA,858,0,321,0,0,321,T
3-PA,859,0,0,317,0,317,G
3-PA,860,0,0,0,317,317,C
3-PA,861,0,318,0,0,318,T
3-PA,862,0,0,0,316,316,C
3-PA,863,0,314,0,2,316,T
3-PA,864,0,0,311,0,311,G
3-PA,865,302,0,0,0,302,A
3-PA,866,297,0,0,0,297,A
3-PA,867,297,0,0,0,297,A
3-PA,868,0,298,0,0,298,T
3-PA,869,0,297,0,0,297,T
3-PA,870,282,0,0,1,283,A
3-PA,871,283,0,1,0,284,A
3-PA,872,0,0,295,0,295,G
3-PA,873,0,292,0,0,292,T
3-PA,874,299,0,0,0,299,A
3-PA,875,0,298,0,0,298,T
3-PA,876,0,299,0,0,299,T
3-PA,877,0,0,299,0,299,G
3-PA,878,296,0,0,0,296,A
3-PA,879,296,0,0,0,296,A
3-PA,880,0,0,297,0,297,G
3-PA,881,296,0,0,0,296,A
3-PA,882,0,0,0,286,286,C
3-PA,883,0,0,0,282,282,C
3-PA,884,0,0,0,279,279,C
3-PA,885,0,0,289,0,289,G
3-PA,886,294,0,0,0,294,A
3-PA,887,0,0,294,0,294,G
3-PA,888,0,294,0,0,294,T
3-PA,889,0,0,0,294,294,C
3-PA,890,291,0,0,0,291,A
3-PA,891,0,0,0,287,287,C
3-PA,892,0,0,245,0,245,G
3-PA,893,258,0,0,0,258,A
3-PA,894,0,0,189,0,189,G
3-PA,895,0,0,190,0,190,G
3-PA,896,0,0,190,0,190,G
3-PA,897,0,0,189,0,189,G
3-PA,898,0,0,186,0,186,G
3-PA,899,254,0,0,0,254,A
3-PA,900,0,0,205,0,205,G
3-PA,901,0,0,219,0,219,G
3-PA,902,0,0,223,0,223,G
3-PA,903,293,0,0,0,293,A
3-PA,904,297,0,0,0,297,A
3-PA,905,0,312,0,0,312,T
3-PA,906,313,0,0,0,313,A
3-PA,907,0,0,0,314,314,C
3-PA,908,0,0,0,311,311,C
3-PA,909,320,0,0,0,320,A
3-PA,910,0,0,0,323,323,C
3-PA,911,0,322,0,0,322,T
3-PA,912,323,0,0,0,323,A
3-PA,913,0,324,0,0,324,T
3-PA,914,323,0,0,0,323,A
3-PA,915,0,323,1,0,324,T
3-PA,916,0,0,320,0,320,G
3-PA,917,320,0,0,0,320,A
3-PA,918,0,320,0,0,320,T
3-PA,919,0,0,317,0,317,G
3-PA,920,0,0,0,317,317,C
3-PA,921,317,0,0,0,317,A
3-PA,922,317,0,1,0,318,A
3-PA,923,0,319,0,0,319,T
3-PA,924,0,0,0,317,317,C
3-PA,925,304,0,0,0,304,A
3-PA,926,305,0,0,0,305,A
3-PA,927,305,0,0,0,305,A
3-PA,928,0,319,0,0,319,T
3-PA,929,0,0,316,0,316,G
3-PA,930,0,0,0,317,317,C
3-PA,931,319,0,0,0,319,A
3-PA,932,0,318,0,0,318,T
3-PA,933,0,0,316,0,316,G
3-PA,934,316,0,0,0,316,A
3-PA,935,314,0,1,0,315,A
3-PA,936,0,0,319,0,319,G
3-PA,937,319,0,0,0,319,A
3-PA,938,0,0,0,319,319,C
3-PA,939,323,0,0,0,323,A
3-PA,940,0,301,0,0,301,T
3-PA,941,0,296,0,0,296,T
3-PA,942,0,0,0,305,305,C
3-PA,943,0,289,0,0,289,T
3-PA,944,0,293,0,0,293,T
3-PA,945,0,290,0,0,290,T
3-PA,946,0,0,320,0,320,G
3-PA,947,0,0,320,0,320,G
3-PA,948,0,1,0,328,329,C
3-PA,949,0,329,0,0,329,T
3-PA,950,0,0,325,0,325,G
3-PA,951,0,0,327,0,327,G
3-PA,952,327,0,0,0,327,A
3-PA,953,326,0,0,0,326,A
3-PA,954,327,0,0,0,327,A
3-PA,955,0,0,334,0,334,G
3-PA,956,333,0,0,0,333,A
3-PA,957,1,0,337,0,338,G
3-PA,958,0,1,0,336,337,C
3-PA,959,0,0,0,336,336,C
3-PA,960,0,331,0,0,331,T
3-PA,961,328,0,0,0,328,A
3-PA,962,327,0,0,0,327,A
3-PA,963,0,0,0,330,330,C
3-PA,964,338,0,0,0,338,A
3-PA,965,0,339,0,0,339,T
3-PA,966,339,0,0,0,339,A
3-PA,967,0,0,339,0,339,G
3-PA,968,0,337,0,0,337,T
3-PA,969,0,0,0,336,336,C
3-PA,970,322,0,0,0,322,A
3-PA,971,318,0,0,0,318,A
3-PA,972,317,0,0,0,317,A
3-PA,973,0,0,0,335,335,C
3-PA,974,0,0,0,335,335,C
3-PA,975,332,0,0,1,333,A
3-PA,976,0,1,0,343,344,C
3-PA,977,345,0,0,0,345,A
3-PA,978,0,344,0,0,344,T
3-PA,979,0,0,339,0,339,G
3-PA,980,335,0,1,0,336,A
3-PA,981,0,0,340,0,340,G
3-PA,982,327,0,0,0,327,A
3-PA,983,326,0,0,0,326,A
3-PA,984,328,0,0,0,328,A
3-PA,985,0,0,341,0,341,G
3-PA,986,0,0,342,0,342,G
3-PA,987,0,0,0,345,345,C
3-PA,988,341,0,0,0,341,A
3-PA,989,0,344,0,0,344,T
3-PA,990,326,0,0,0,326,A
3-PA,991,326,0,0,0,326,A
3-PA,992,325,0,0,0,325,A
3-PA,993,0,338,0,0,338,T
3-PA,994,1,0,0,329,330,C
3-PA,995,0,0,0,332,332,C
3-PA,996,0,0,0,333,333,C
3-PA,997,348,0,0,0,348,A
3-PA,998,348,0,0,0,348,A
3-PA,999,0,342,0,0,342,T
3-PA,1000,0,340,0,0,340,T
3-PA,1001,340,0,0,0,340,A
3-PA,1002,0,0,0,342,342,C
3-PA,1003,0,0,0,344,344,C
3-PA,1004,0,348,0,0,348,T
3-PA,1005,0,0,0,352,352,C
3-PA,1006,351,0,0,0,351,A
3-PA,1007,0,352,0,0,352,T
3-PA,1008,0,0,350,0,350,G
3-PA,1009,0,0,350,0,350,G
3-PA,1010,0,0,0,351,351,C
3-PA,1011,0,349,0,0,349,T
3-PA,1012,0,349,0,0,349,T
3-PA,1013,0,0,348,0,348,G
3-PA,1014,0,0,347,0,347,G
3-PA,1015,349,0,0,0,349,A
3-PA,1016,347,0,0,1,348,A
3-PA,1017,0,0,352,0,352,G
3-PA,1018,0,0,0,354,354,C
3-PA,1019,353,0,0,0,353,A
3-PA,1020,0,0,353,0,353,G
3-PA,1021,0,0,353,0,353,G
3-PA,1022,0,355,0,0,355,T
3-PA,1023,0,0,356,0,356,G
3-PA,1024,0,0,0,354,354,C
3-PA,1025,0,355,0,0,355,T
3-PA,1026,355,0,0,0,355,A
3-PA,1027,0,0,357,0,357,G
3-PA,1028,0,0,0,356,356,C
3-PA,1029,358,0,0,0,358,A
3-PA,1030,0,0,358,0,358,G
3-PA,1031,359,0,0,0,359,A
3-PA,1032,0,0,359,0,359,G
3-PA,1033,0,0,0,360,360,C
3-PA,1034,0,359,0,1,360,T
3-PA,1035,360,0,0,0,360,A
3-PA,1036,0,0,0,360,360,C
3-PA,1037,358,0,0,0,358,A
3-PA,1038,0,0,356,0,356,G
3-PA,1039,0,0,356,0,356,G
3-PA,1040,357,0,0,0,357,A
3-PA,1041,0,1,0,355,356,C
3-PA,1042,358,0,0,0,358,A
3-PA,1043,0,357,0,0,357,T
3-PA,1044,0,354,0,0,354,T
3-PA,1045,0,0,354,0,354,G
3-PA,1046,337,0,0,0,337,A
3-PA,1047,337,0,0,0,337,A
3-PA,1048,337,0,0,0,337,A
3-PA,1049,337,0,0,0,337,A
3-PA,1050,0,349,0,0,349,T
3-PA,1051,0,0,349,0,349,G
3-PA,1052,346,0,0,0,346,A
3-PA,1053,346,0,0,0,346,A
3-PA,1054,0,0,346,0,346,G
3-PA,1055,342,0,0,0,342,A
3-PA,1056,0,0,346,0,346,G
3-PA,1057,342,0,0,0,342,A
3-PA,1058,341,0,1,0,342,A
3-PA,1059,0,0,339,0,339,G
3-PA,1060,330,0,0,0,330,A
3-PA,1061,0,330,0,0,330,T
3-PA,1062,0,0,0,323,323,C
3-PA,1063,0,0,0,322,322,C
3-PA,1064,0,0,0,322,322,C
3-PA,1065,330,0,0,0,330,A
3-PA,1066,329,0,0,0,329,A
3-PA,1067,0,0,330,0,330,G
3-PA,1068,0,0,331,0,331,G
3-PA,1069,328,0,0,0,328,A
3-PA,1070,0,0,0,330,330,C
3-PA,1071,314,0,0,0,314,A
3-PA,1072,314,0,0,0,314,A
3-PA,1073,314,0,1,0,315,A
3-PA,1074,0,0,328,0,328,G
3-PA,1075,323,0,0,0,323,A
3-PA,1076,327,0,0,0,327,A
3-PA,1077,0,0,0,329,329,C
3-PA,1078,334,0,0,0,334,A
3-PA,1079,0,334,0,0,334,T
3-PA,1080,0,0,335,0,335,G
3-PA,1081,333,0,0,0,333,A
3-PA,1082,332,0,1,0,333,A
3-PA,1083,0,0,334,0,334,G
3-PA,1084,336,0,0,0,336,A
3-PA,1085,0,0,337,0,337,G
3-PA,1086,334,0,0,0,334,A
3-PA,1087,333,0,0,0,333,A
3-PA,1088,0,0,0,332,332,C
3-PA,1089,332,0,0,0,332,A
3-PA,1090,334,0,0,0,334,A
3-PA,1091,0,3,329,0,332,G
3-PA,1092,0,0,0,322,322,C
3-PA,1093,0,0,0,321,321,C
3-PA,1094,318,0,0,0,318,A
3-PA,1095,318,0,0,0,318,A
3-PA,1096,0,316,0,0,316,T
3-PA,1097,0,312,0,1,313,T
3-PA,1098,0,0,314,0,314,G
3-PA,1099,313,0,0,0,313,A
3-PA,1100,314,0,0,0,314,A
3-PA,1101,0,0,310,0,310,G
3-PA,1102,0,316,0,1,317,T
3-PA,1103,0,0,312,0,312,G
3-PA,1104,0,0,311,0,311,G
3-PA,1105,0,0,310,0,310,G
3-PA,1106,0,0,0,315,315,C
3-PA,1107,316,0,0,0,316,A
3-PA,1108,0,0,0,316,316,C
3-PA,1109,0,316,0,0,316,T
3-PA,1110,0,0,0,316,316,C
3-PA,1111,0,0,317,0,317,G
3-PA,1112,0,0,317,0,317,G
3-PA,1113,0,317,0,0,317,T
3-PA,1114,0,0,316,0,316,G
3-PA,1115,298,0,0,0,298,A
3-PA,1116,298,0,0,0,298,A
3-PA,1117,297,0,0,0,297,A
3-PA,1118,296,0,0,0,296,A
3-PA,1119,0,312,0,0,312,T
3-PA,1120,302,0,0,0,302,A
3-PA,1121,0,312,0,1,313,T
3-PA,1122,0,0,312,0,312,G
3-PA,1123,0,0,311,0,311,G
3-PA,1124,0,0,0,311,311,C
3-PA,1125,308,0,0,0,308,A
3-PA,1126,0,1,0,303,304,C
3-PA,1127,0,0,0,303,303,C
3-PA,1128,240,0,0,0,240,A
3-PA,1129,0,0,285,0,285,G
3-PA,1130,216,0,0,0,216,A
3-PA,1131,217,0,0,0,217,A
3-PA,1132,221,0,0,0,221,A
3-PA,1133,218,0,0,0,218,A
3-PA,1134,218,0,0,0,218,A
3-PA,1135,0,0,294,0,294,G
3-PA,1136,0,309,0,0,309,T
3-PA,1137,304,0,0,0,304,A
3-PA,1138,0,0,324,0,324,G
3-PA,1139,326,0,0,0,326,A
3-PA,1140,0,0,0,327,327,C
3-PA,1141,0,310,0,1,311,T
3-PA,1142,0,311,0,0,311,T
3-PA,1143,0,318,0,0,318,T
3-PA,1144,0,0,339,0,339,G
3-PA,1145,343,0,0,0,343,A
3-PA,1146,0,345,0,0,345,T
3-PA,1147,0,0,344,0,344,G
3-PA,1148,344,0,0,0,344,A
3-PA,1149,0,0,0,345,345,C
3-PA,1150,0,345,0,1,346,T
3-PA,1151,0,0,345,0,345,G
3-PA,1152,0,0,0,344,344,C
3-PA,1153,344,0,0,0,344,A
3-PA,1154,344,0,0,0,344,A
3-PA,1155,344,0,0,0,344,A
3-PA,1156,0,0,349,0,349,G
3-PA,1157,350,0,0,0,350,A
3-PA,1158,0,349,0,0,349,T
3-PA,1159,0,0,346,0,346,G
3-PA,1160,0,343,0,0,343,T
3-PA,1161,0,344,0,0,344,T
3-PA,1162,0,0,340,0,340,G
3-PA,1163,0,0,339,0,339,G
3-PA,1164,346,0,0,0,346,A
3-PA,1165,0,0,345,0,345,G
3-PA,1166,341,0,0,0,341,A
3-PA,1167,0,0,0,346,346,C
3-PA,1168,0,0,0,340,340,C
3-PA,1169,0,340,0,0,340,T
3-PA,1170,0,338,0,0,338,T
3-PA,1171,345,0,0,0,345,A
3-PA,1172,344,0,0,0,344,A
3-PA,1173,347,0,0,0,347,A
3-PA,1174,0,0,0,361,361,C
3-PA,1175,370,0,0,0,370,A
3-PA,1176,0,0,374,0,374,G
3-PA,1177,0,374,0,0,374,T
3-PA,1178,376,0,0,0,376,A
3-PA,1179,0,377,0,0,377,T
3-PA,1180,1,0,375,0,376,G
3-PA,1181,378,0,0,0,378,A
3-PA,1182,0,0,0,380,380,C
3-PA,1183,382,0,0,0,382,A
3-PA,1184,0,0,381,0,381,G
3-PA,1185,0,382,0,0,382,T
3-PA,1186,0,0,381,0,381,G
3-PA,1187,381,0,0,0,381,A
3-PA,1188,0,382,0,0,382,T
3-PA,1189,1,0,380,0,381,G
3-PA,1190,379,0,1,0,380,A
3-PA,1191,0,0,380,0,380,G
3-PA,1192,2,0,0,375,377,C
3-PA,1193,0,4,0,372,376,C
3-PA,1194,378,0,0,0,378,A
3-PA,1195,0,0,377,0,377,G
3-PA,1196,376,0,0,0,376,A
3-PA,1197,0,0,377,0,377,G
3-PA,1198,0,0,0,365,365,C
3-PA,1199,0,0,0,364,364,C
3-PA,1200,0,0,0,364,364,C
3-PA,1201,376,0,0,0,376,A
3-PA,1202,0,0,376,0,376,G
3-PA,1203,376,0,1,0,377,A
3-PA,1204,0,376,0,0,376,T
3-PA,1205,0,0,0,375,375,C
3-PA,1206,0,375,0,0,375,T
3-PA,1207,0,0,0,376,376,C
3-PA,1208,0,376,0,0,376,T
3-PA,1209,375,0,0,0,375,A
3-PA,1210,0,0,377,0,377,G
3-PA,1211,0,1,0,373,374,C
3-PA,1212,373,0,0,0,373,A
3-PA,1213,374,0,0,0,374,A
3-PA,1214,0,0,377,0,377,G
3-PA,1215,0,0,0,378,378,C
3-PA,1216,2,371,0,0,373,T
3-PA,1217,0,0,359,0,359,G
3-PA,1218,0,0,358,0,358,G
3-PA,1219,0,0,360,0,360,G
3-PA,1220,0,367,0,1,368,T
3-PA,1221,0,0,0,371,371,C
3-PA,1222,0,0,0,372,372,C
3-PA,1223,354,0,0,0,354,A
3-PA,1224,357,0,0,0,357,A
3-PA,1225,357,0,0,0,357,A
3-PA,1226,356,0,1,0,357,A
3-PA,1227,0,377,0,0,377,T
3-PA,1228,0,0,383,0,383,G
3-PA,1229,385,0,0,0,385,A
3-PA,1230,389,0,0,0,389,A
3-PA,1231,0,388,0,0,388,T
3-PA,1232,0,388,0,0,388,T
3-PA,1233,0,0,0,390,390,C
3-PA,1234,390,0,0,0,390,A
3-PA,1235,393,0,0,0,393,A
3-PA,1236,0,393,0,0,393,T
3-PA,1237,393,0,0,0,393,A
3-PA,1238,393,0,0,0,393,A
3-PA,1239,0,0,396,0,396,G
3-PA,1240,0,0,397,0,397,G
3-PA,1241,0,0,0,400,400,C
3-PA,1242,406,0,0,0,406,A
3-PA,1243,0,405,0,0,405,T
3-PA,1244,0,0,405,0,405,G
3-PA,1245,0,405,0,0,405,T
3-PA,1246,0,0,403,0,403,G
3-PA,1247,399,0,0,0,399,A
3-PA,1248,399,0,0,0,399,A
3-PA,1249,0,399,0,0,399,T
3-PA,1250,0,399,0,0,399,T
3-PA,1251,0,0,404,0,404,G
3-PA,1252,406,0,0,0,406,A
3-PA,1253,0,0,0,408,408,C
3-PA,1254,0,410,0,1,411,T
3-PA,1255,0,0,410,0,410,G
3-PA,1256,411,0,0,0,411,A
3-PA,1257,0,408,0,0,408,T
3-PA,1258,0,408,0,0,408,T
3-PA,1259,0,0,0,408,408,C
3-PA,1260,409,0,0,0,409,A
3-PA,1261,407,0,1,0,408,A
3-PA,1262,0,0,411,0,411,G
3-PA,1263,0,0,0,414,414,C
3-PA,1264,0,414,0,0,414,T
3-PA,1265,0,0,411,0,411,G
3-PA,1266,0,0,412,0,412,G
3-PA,1267,412,0,0,0,412,A
3-PA,1268,0,414,0,0,414,T
3-PA,1269,413,0,0,0,413,A
3-PA,1270,0,0,411,0,411,G
3-PA,1271,415,0,0,0,415,A
3-PA,1272,414,0,1,0,415,A
3-PA,1273,0,0,0,416,416,C
3-PA,1274,0,418,0,0,418,T
3-PA,1275,0,417,0,0,417,T
3-PA,1276,0,0,418,0,418,G
3-PA,1277,420,0,0,0,420,A
3-PA,1278,0,421,0,0,421,T
3-PA,1279,0,0,415,0,415,G
3-PA,1280,401,0,0,0,401,A
3-PA,1281,403,0,0,0,403,A
3-PA,1282,404,0,0,0,404,A
3-PA,1283,0,416,0,0,416,T
3-PA,1284,410,0,0,0,410,A
3-PA,1285,0,0,412,0,412,G
3-PA,1286,0,0,413,0,413,G
3-PA,1287,410,0,0,0,410,A
3-PA,1288,0,0,409,0,409,G
3-PA,1289,408,0,0,0,408,A
3-PA,1290,409,0,1,1,411,A
3-PA,1291,0,1,414,0,415,G
3-PA,1292,414,0,0,0,414,A
3-PA,1293,0,413,0,0,413,T
3-PA,1294,0,0,410,0,410,G
3-PA,1295,0,408,0,0,408,T
3-PA,1296,0,406,0,0,406,T
3-PA,1297,0,0,401,0,401,G
3-PA,1298,0,0,0,356,356,C
3-PA,1299,0,0,0,359,359,C
3-PA,1300,0,0,0,353,353,C
3-PA,1301,0,0,0,353,353,C
3-PA,1302,0,0,388,0,388,G
3-PA,1303,407,0,0,1,408,A
3-PA,1304,0,417,0,0,417,T
3-PA,1305,0,415,0,0,415,T
3-PA,1306,0,0,419,0,419,G
3-PA,1307,418,0,1,0,419,A
3-PA,1308,420,0,1,0,421,A
3-PA,1309,0,0,0,422,422,C
3-PA,1310,421,0,0,0,421,A
3-PA,1311,0,422,0,1,423,T
3-PA,1312,424,0,0,0,424,A
3-PA,1313,0,425,0,0,425,T
3-PA,1314,0,0,0,424,424,C
3-PA,1315,0,0,425,0,425,G
3-PA,1316,0,0,0,420,420,C
3-PA,1317,418,0,0,0,418,A
3-PA,1318,419,0,0,0,419,A
3-PA,1319,0,0,421,0,421,G
3-PA,1320,0,0,0,417,417,C
3-PA,1321,418,0,0,0,418,A
3-PA,1322,0,418,0,0,418,T
3-PA,1323,0,0,417,0,417,G
3-PA,1324,414,0,0,1,415,A
3-PA,1325,1,0,408,0,409,G
3-PA,1326,0,0,405,0,405,G
3-PA,1327,405,0,1,0,406,A
3-PA,1328,0,0,417,0,417,G
3-PA,1329,0,0,421,0,421,G
3-PA,1330,425,0,0,0,425,A
3-PA,1331,427,0,0,0,427,A
3-PA,1332,0,0,0,430,430,C
3-PA,1333,0,401,0,0,401,T
3-PA,1334,424,0,0,0,424,A
3-PA,1335,0,364,0,0,364,T
3-PA,1336,0,363,0,0,363,T
3-PA,1337,1,362,0,0,363,T
3-PA,1338,0,364,0,0,364,T
3-PA,1339,414,0,0,0,414,A
3-PA,1340,0,0,0,440,440,C
3-PA,1341,449,0,0,0,449,A
3-PA,1342,0,0,448,0,448,G
3-PA,1343,0,0,0,446,446,C
3-PA,1344,445,0,0,0,445,A
3-PA,1345,0,0,447,0,447,G
3-PA,1346,447,0,0,0,447,A
3-PA,1347,449,0,0,0,449,A
3-PA,1348,0,0,449,0,449,G
3-PA,1349,0,451,0,1,452,T
3-PA,1350,0,0,455,0,455,G
3-PA,1351,0,451,0,1,452,T
3-PA,1352,0,0,0,447,447,C
3-PA,1353,0,0,0,447,447,C
3-PA,1354,0,0,0,448,448,C
3-PA,1355,459,0,0,0,459,A
3-PA,1356,0,0,0,461,461,C
3-PA,1357,0,460,0,0,460,T
3-PA,1358,0,0,460,0,460,G
3-PA,1359,0,0,0,460,460,C
3-PA,1360,460,0,0,0,460,A
3-PA,1361,1,0,446,0,447,G
3-PA,1362,0,0,448,0,448,G
3-PA,1363,0,0,449,0,449,G
3-PA,1364,0,0,0,462,462,C
3-PA,1365,0,466,0,0,466,T
3-PA,1366,468,0,0,0,468,A
3-PA,1367,0,0,0,470,470,C
3-PA,1368,0,472,0,0,472,T
3-PA,1369,0,0,472,0,472,G
3-PA,1370,474,0,0,0,474,A
3-PA,1371,474,0,0,0,474,A
3-PA,1372,0,473,0,0,473,T
3-PA,1373,474,0,0,0,474,A
3-PA,1374,0,0,0,475,475,C
3-PA,1375,479,0,0,0,479,A
3-PA,1376,0,475,0,0,475,T
3-PA,1377,464,0,0,0,464,A
3-PA,1378,465,0,0,0,465,A
3-PA,1379,0,466,0,0,466,T
3-PA,1380,0,0,458,0,458,G
3-PA,1381,453,0,0,0,453,A
3-PA,1382,454,0,0,0,454,A
3-PA,1383,0,0,436,0,436,G
3-PA,1384,0,0,440,0,440,G
3-PA,1385,0,0,443,0,443,G
3-PA,1386,460,0,3,0,463,A
3-PA,1387,0,0,464,0,464,G
3-PA,1388,0,469,0,0,469,T
3-PA,1389,0,0,472,0,472,G
3-PA,1390,0,472,0,0,472,T
3-PA,1391,472,0,0,0,472,A
3-PA,1392,0,0,0,472,472,C
3-PA,1393,460,0,0,0,460,A
3-PA,1394,0,460,0,0,460,T
3-PA,1395,449,0,0,0,449,A
3-PA,1396,450,0,0,0,450,A
3-PA,1397,451,0,0,0,451,A
3-PA,1398,0,469,0,0,469,T
3-PA,1399,461,0,0,0,461,A
3-PA,1400,0,0,0,468,468,C
3-PA,1401,0,0,460,0,460,G
3-PA,1402,2,0,458,0,460,G
3-PA,1403,0,2,0,459,461,C
3-PA,1404,0,1,0,459,460,C
3-PA,1405,0,465,0,0,465,T
3-PA,1406,0,465,0,0,465,T
3-PA,1407,0,0,470,0,470,G
3-PA,1408,0,0,0,476,476,C
3-PA,1409,0,476,0,1,477,T
3-PA,1410,0,0,0,477,477,C
3-PA,1411,474,0,0,0,474,A
3-PA,1412,477,0,0,0,477,A
3-PA,1413,0,479,0,0,479,T
3-PA,1414,0,0,482,0,482,G
3-PA,1415,0,0,0,482,482,C
3-PA,1416,482,0,0,0,482,A
3-PA,1417,0,477,0,0,477,T
3-PA,1418,0,0,0,474,474,C
3-PA,1419,0,1,0,472,473,C
3-PA,1420,0,477,1,0,478,T
3-PA,1421,1,0,477,0,478,G
3-PA,1422,0,479,0,0,479,T
3-PA,1423,0,0,479,0,479,G
3-PA,1424,0,0,0,480,480,C
3-PA,1425,481,0,0,0,481,A
3-PA,1426,0,0,483,0,483,G
3-PA,1427,0,1,0,483,484,C
3-PA,1428,0,0,0,485,485,C
3-PA,1429,486,0,0,0,486,A
3-PA,1430,0,486,0,0,486,T
3-PA,1431,0,0,481,0,481,G
3-PA,1432,0,0,482,0,482,G
3-PA,1433,483,0,1,0,484,A
3-PA,1434,0,487,0,0,487,T
3-PA,1435,1,0,487,0,488,G
3-PA,1436,495,0,0,0,495,A
3-PA,1437,0,0,0,488,488,C
3-PA,1438,0,459,0,1,460,T
3-PA,1439,0,460,0,0,460,T
3-PA,1440,0,463,0,0,463,T
3-PA,1441,0,0,0,489,489,C
3-PA,1442,495,0,0,0,495,A
3-PA,1443,0,0,497,0,497,G
3-PA,1444,0,0,0,496,496,C
3-PA,1445,0,494,0,1,495,T
3-PA,1446,0,0,497,0,497,G
3-PA,1447,502,0,0,0,502,A
3-PA,1448,0,502,0,0,502,T
3-PA,1449,0,0,0,490,490,C
3-PA,1450,0,0,0,486,486,C
3-PA,1451,0,0,0,488,488,C
3-PA,1452,496,0,0,0,496,A
3-PA,1453,494,0,0,0,494,A
3-PA,1454,0,498,0,0,498,T
3-PA,1455,0,0,497,0,497,G
3-PA,1456,495,0,0,0,495,A
3-PA,1457,0,491,0,0,491,T
3-PA,1458,489,0,1,0,490,A
3-PA,1459,494,0,0,0,494,A
3-PA,1460,0,0,498,0,498,G
3-PA,1461,0,0,0,498,498,C
3-PA,1462,478,0,0,0,478,A
3-PA,1463,477,0,0,1,478,A
3-PA,1464,477,0,0,0,477,A
3-PA,1465,0,492,0,0,492,T
3-PA,1466,0,0,494,0,494,G
3-PA,1467,0,491,0,0,491,T
3-PA,1468,488,0,0,0,488,A
3-PA,1469,0,0,485,0,485,G
3-PA,1470,0,0,483,0,483,G
3-PA,1471,482,0,0,0,482,A
3-PA,1472,0,0,0,474,474,C
3-PA,1473,0,0,0,474,474,C
3-PA,1474,459,0,0,0,459,A
3-PA,1475,457,0,0,0,457,A
3-PA,1476,458,0,0,0,458,A
3-PA,1477,0,0,466,0,466,G
3-PA,1478,455,0,0,0,455,A
3-PA,1479,456,0,0,0,456,A
3-PA,1480,0,0,463,0,463,G
3-PA,1481,0,0,464,0,464,G
3-PA,1482,465,0,0,0,465,A
3-PA,1483,464,0,0,0,464,A
3-PA,1484,0,0,464,0,464,G
3-PA,1485,458,0,0,0,458,A
3-PA,1486,0,0,0,461,461,C
3-PA,1487,0,0,436,0,436,G
3-PA,1488,0,0,441,0,441,G
3-PA,1489,403,0,0,0,403,A
3-PA,1490,404,0,0,0,404,A
3-PA,1491,408,0,0,0,408,A
3-PA,1492,407,0,0,0,407,A
3-PA,1493,0,0,0,433,433,C
3-PA,1494,420,0,0,0,420,A
3-PA,1495,419,0,0,0,419,A
3-PA,1496,420,0,0,0,420,A
3-PA,1497,0,0,0,437,437,C
3-PA,1498,0,0,0,438,438,C
3-PA,1499,0,448,0,0,448,T
3-PA,1500,1,0,449,0,450,G
3-PA,1501,0,449,0,0,449,T
3-PA,1502,451,0,0,0,451,A
3-PA,1503,0,448,0,0,448,T
3-PA,1504,0,0,439,0,439,G
3-PA,1505,0,0,437,0,437,G
3-PA,1506,0,0,439,0,439,G
3-PA,1507,0,442,0,0,442,T
3-PA,1508,0,440,0,0,440,T
3-PA,1509,0,0,0,441,441,C
3-PA,1510,436,0,0,0,436,A
3-PA,1511,0,430,0,0,430,T
3-PA,1512,0,431,0,0,431,T
3-PA,1513,420,0,0,0,420,A
3-PA,1514,0,432,0,0,432,T
3-PA,1515,407,0,0,0,407,A
3-PA,1516,409,0,0,0,409,A
3-PA,1517,413,0,0,0,413,A
3-PA,1518,412,0,0,0,412,A
3-PA,1519,0,0,438,0,438,G
3-PA,1520,0,0,437,0,437,G
3-PA,1521,436,0,0,0,436,A
3-PA,1522,439,0,0,0,439,A
3-PA,1523,0,0,458,0,458,G
3-PA,1524,0,0,458,0,458,G
3-PA,1525,0,466,0,0,466,T
3-PA,1526,0,0,0,466,466,C
3-PA,1527,0,466,0,0,466,T
3-PA,1528,0,0,0,467,467,C
3-PA,1529,466,0,0,0,466,A
3-PA,1530,0,447,0,0,447,T
3-PA,1531,0,449,0,0,449,T
3-PA,1532,0,448,0,0,448,T
3-PA,1533,0,0,473,0,473,G
3-PA,1534,474,0,0,0,474,A
3-PA,1535,0,0,478,0,478,G
3-PA,1536,470,0,0,0,470,A
3-PA,1537,473,0,0,0,473,A
3-PA,1538,471,0,0,0,471,A
3-PA,1539,0,480,0,0,480,T
3-PA,1540,0,0,482,0,482,G
3-PA,1541,484,0,1,0,485,A
3-PA,1542,0,485,0,0,485,T
3-PA,1543,485,0,0,0,485,A
3-PA,1544,0,0,0,485,485,C
3-PA,1545,0,484,0,0,484,T
3-PA,1546,0,0,487,0,487,G
3-PA,1547,487,0,0,0,487,A
3-PA,1548,0,486,0,0,486,T
3-PA,1549,0,0,489,0,489,G
3-PA,1550,0,485,0,0,485,T
3-PA,1551,0,0,487,0,487,G
3-PA,1552,0,0,485,0,485,G
3-PA,1553,0,483,0,0,483,T
3-PA,1554,0,0,483,0,483,G
3-PA,1555,479,0,0,0,479,A
3-PA,1556,480,0,0,0,480,A
3-PA,1557,0,0,0,480,480,C
3-PA,1558,0,463,0,0,463,T
3-PA,1559,0,461,0,0,461,T
3-PA,1560,0,462,0,2,464,T
3-PA,1561,0,0,485,0,485,G
3-PA,1562,0,475,1,0,476,T
3-PA,1563,480,0,0,0,480,A
3-PA,1564,479,0,0,0,479,A
3-PA,1565,0,0,482,0,482,G
3-PA,1566,0,486,0,0,486,T
3-PA,1567,486,0,0,0,486,A
3-PA,1568,0,485,0,0,485,T
3-PA,1569,0,0,483,0,483,G
3-PA,1570,0,0,486,0,486,G
3-PA,1571,486,0,0,0,486,A
3-PA,1572,0,0,484,0,484,G
3-PA,1573,0,482,0,0,482,T
3-PA,1574,0,484,0,0,484,T
3-PA,1575,0,0,0,489,489,C
3-PA,1576,0,489,0,0,489,T
3-PA,1577,0,0,0,488,488,C
3-PA,1578,489,0,0,0,489,A
3-PA,1579,0,0,0,488,488,C
3-PA,1580,0,491,0,0,491,T
3-PA,1581,0,0,0,489,489,C
3-PA,1582,492,0,0,0,492,A
3-PA,1583,0,0,0,489,489,C
3-PA,1584,0,488,0,0,488,T
3-PA,1585,0,0,485,0,485,G
3-PA,1586,472,0,1,0,473,A
3-PA,1587,0,1,0,460,461,C
3-PA,1588,0,1,0,461,462,C
3-PA,1589,0,0,0,464,464,C
3-PA,1590,0,0,483,0,483,G
3-PA,1591,489,1,0,0,490,A
3-PA,1592,0,0,491,0,491,G
3-PA,1593,489,0,0,0,489,A
3-PA,1594,0,0,0,489,489,C
3-PA,1595,0,486,0,0,486,T
3-PA,1596,0,0,484,0,484,G
3-PA,1597,0,0,483,0,483,G
3-PA,1598,482,0,0,0,482,A
3-PA,1599,1,0,476,0,477,G
3-PA,1600,0,0,0,474,474,C
3-PA,1601,0,2,0,470,472,C
3-PA,1602,469,0,0,0,469,A
3-PA,1603,0,0,0,466,466,C
3-PA,1604,453,0,0,0,453,A
3-PA,1605,0,0,0,446,446,C
3-PA,1606,406,0,0,0,406,A
3-PA,1607,402,0,1,0,403,A
3-PA,1608,398,0,0,2,400,A
3-PA,1609,0,428,0,0,428,T
3-PA,1610,0,0,416,0,416,G
3-PA,1611,0,0,397,0,397,G
3-PA,1612,0,0,397,0,397,G
3-PA,1613,330,0,0,0,330,A
3-PA,1614,332,0,0,0,332,A
3-PA,1615,340,0,0,0,340,A
3-PA,1616,338,0,0,0,338,A
3-PA,1617,336,0,0,0,336,A
3-PA,1618,0,415,0,0,415,T
3-PA,1619,338,0,0,0,338,A
3-PA,1620,0,0,0,427,427,C
3-PA,1621,0,428,0,0,428,T
3-PA,1622,1,0,426,0,427,G
3-PA,1623,0,426,0,0,426,T
3-PA,1624,0,0,423,0,423,G
3-PA,1625,0,418,0,0,418,T
3-PA,1626,0,415,0,0,415,T
3-PA,1627,0,0,0,421,421,C
3-PA,1628,0,430,0,0,430,T
3-PA,1629,0,430,0,0,430,T
3-PA,1630,0,0,426,0,426,G
3-PA,1631,414,0,0,0,414,A
3-PA,1632,414,0,0,0,414,A
3-PA,1633,414,0,0,0,414,A
3-PA,1634,0,429,0,0,429,T
3-PA,1635,434,0,0,0,434,A
3-PA,1636,1,0,436,0,437,G
3-PA,1637,0,0,440,0,440,G
3-PA,1638,438,0,0,0,438,A
3-PA,1639,0,0,435,0,435,G
3-PA,1640,433,0,1,0,434,A
3-PA,1641,0,0,0,432,432,C
3-PA,1642,435,0,0,0,435,A
3-PA,1643,0,435,0,0,435,T
3-PA,1644,0,0,433,0,433,G
3-PA,1645,0,0,0,432,432,C
3-PA,1646,1,427,0,0,428,T
3-PA,1647,0,0,0,426,426,C
3-PA,1648,0,424,0,0,424,T
3-PA,1649,0,425,0,0,425,T
3-PA,1650,0,0,424,0,424,G
3-PA,1651,425,0,0,0,425,A
3-PA,1652,0,0,429,0,429,G
3-PA,1653,0,0,428,0,428,G
3-PA,1654,427,0,0,0,427,A
3-PA,1655,0,0,0,427,427,C
3-PA,1656,1,426,0,0,427,T
3-PA,1657,0,0,427,0,427,G
3-PA,1658,0,0,0,426,426,C
3-PA,1659,0,0,426,0,426,G
3-PA,1660,426,0,0,0,426,A
3-PA,1661,0,425,0,0,425,T
3-PA,1662,424,0,0,0,424,A
3-PA,1663,0,0,426,0,426,G
3-PA,1664,0,0,422,0,422,G
3-PA,1665,0,0,0,419,419,C
3-PA,1666,0,0,0,418,418,C
3-PA,1667,415,0,1,0,416,A
3-PA,1668,415,0,0,0,415,A
3-PA,1669,0,0,418,0,418,G
3-PA,1670,0,419,0,0,419,T
3-PA,1671,0,0,417,0,417,G
3-PA,1672,0,418,0,0,418,T
3-PA,1673,0,0,0,428,428,C
3-PA,1674,0,0,427,0,427,G
3-PA,1675,424,0,0,1,425,A
3-PA,1676,0,0,422,0,422,G
3-PA,1677,0,0,422,0,422,G
3-PA,1678,0,0,0,418,418,C
3-PA,1679,0,0,0,413,413,C
3-PA,1680,0,1,0,417,418,C
3-PA,1681,443,0,0,0,443,A
3-PA,1682,0,443,0,0,443,T
3-PA,1683,0,0,437,0,437,G
3-PA,1684,0,433,0,0,433,T
3-PA,1685,0,432,0,0,432,T
3-PA,1686,0,0,0,433,433,C
3-PA,1687,0,0,0,433,433,C
3-PA,1688,0,434,0,0,434,T
3-PA,1689,437,0,0,0,437,A
3-PA,1690,0,440,0,0,440,T
3-PA,1691,439,0,0,0,439,A
3-PA,1692,0,437,0,1,438,T
3-PA,1693,0,0,434,0,434,G
3-PA,1694,0,439,0,0,439,T
3-PA,1695,0,0,438,0,438,G
3-PA,1696,435,0,0,0,435,A
3-PA,1697,0,0,435,0,435,G
3-PA,1698,426,0,0,0,426,A
3-PA,1699,426,0,0,0,426,A
3-PA,1700,0,0,0,432,432,C
3-PA,1701,0,0,0,431,431,C
3-PA,1702,445,0,0,0,445,A
3-PA,1703,446,0,0,0,446,A
3-PA,1704,0,448,0,0,448,T
3-PA,1705,0,0,441,0,441,G
3-PA,1706,0,0,441,0,441,G
3-PA,1707,429,0,0,0,429,A
3-PA,1708,429,0,0,0,429,A
3-PA,1709,0,1,0,432,433,C
3-PA,1710,0,1,0,431,432,C
3-PA,1711,0,465,0,0,465,T
3-PA,1712,0,0,0,474,474,C
3-PA,1713,0,0,0,474,474,C
3-PA,1714,475,0,0,0,475,A
3-PA,1715,478,0,0,0,478,A
3-PA,1716,0,0,479,0,479,G
3-PA,1717,483,0,0,0,483,A
3-PA,1718,0,487,0,0,487,T
3-PA,1719,0,0,0,486,486,C
3-PA,1720,483,0,0,0,483,A
3-PA,1721,483,0,0,0,483,A
3-PA,1722,0,0,485,0,485,G
3-PA,1723,481,0,0,0,481,A
3-PA,1724,0,479,0,0,479,T
3-PA,1725,0,0,477,0,477,G
3-PA,1726,466,0,0,0,466,A
3-PA,1727,466,0,0,0,466,A
3-PA,1728,466,0,0,0,466,A
3-PA,1729,0,478,0,0,478,T
3-PA,1730,0,1,445,0,446,G
3-PA,1731,0,0,444,0,444,G
3-PA,1732,0,1,442,0,443,G
3-PA,1733,0,1,441,0,442,G
3-PA,1734,0,1,0,468,469,C
3-PA,1735,469,0,0,0,469,A
3-PA,1736,0,472,0,0,472,T
3-PA,1737,4,0,463,0,467,G
3-PA,1738,0,0,470,0,470,G
3-PA,1739,456,0,0,0,456,A
3-PA,1740,457,0,0,0,457,A
3-PA,1741,460,0,0,0,460,A
3-PA,1742,0,473,0,0,473,T
3-PA,1743,0,0,469,0,469,G
3-PA,1744,462,0,0,0,462,A
3-PA,1745,0,0,460,0,460,G
3-PA,1746,0,0,460,0,460,G
3-PA,1747,0,0,0,464,464,C
3-PA,1748,0,0,462,0,462,G
3-PA,1749,0,0,0,461,461,C
3-PA,1750,0,460,1,0,461,T
3-PA,1751,0,0,460,0,460,G
3-PA,1752,0,0,0,459,459,C
3-PA,1753,0,0,0,460,460,C
3-PA,1754,0,461,0,0,461,T
3-PA,1755,0,455,0,0,455,T
3-PA,1756,0,1,0,451,452,C
3-PA,1757,0,453,0,0,453,T
3-PA,1758,0,455,0,0,455,T
3-PA,1759,0,0,0,465,465,C
3-PA,1760,465,0,0,0,465,A
3-PA,1761,0,0,464,0,464,G
3-PA,1762,0,465,0,0,465,T
3-PA,1763,0,0,0,464,464,C
3-PA,1764,0,460,0,1,461,T
3-PA,1765,0,0,0,461,461,C
3-PA,1766,0,458,0,1,459,T
3-PA,1767,0,461,0,0,461,T
3-PA,1768,0,0,0,462,462,C
3-PA,1769,461,0,3,0,464,A
3-PA,1770,0,0,464,0,464,G
3-PA,1771,0,0,0,463,463,C
3-PA,1772,463,0,0,0,463,A
3-PA,1773,0,0,462,0,462,G
3-PA,1774,463,0,0,0,463,A
3-PA,1775,0,464,0,0,464,T
3-PA,1776,0,463,0,0,463,T
3-PA,1777,0,0,461,0,461,G
3-PA,1778,460,0,0,0,460,A
3-PA,1779,0,0,460,0,460,G
3-PA,1780,458,0,0,0,458,A
3-PA,1781,0,0,448,0,448,G
3-PA,1782,0,0,0,448,448,C
3-PA,1783,448,0,0,0,448,A
3-PA,1784,0,450,0,0,450,T
3-PA,1785,0,0,454,0,454,G
3-PA,1786,454,0,0,0,454,A
3-PA,1787,0,455,0,0,455,T
3-PA,1788,0,457,0,0,457,T
3-PA,1789,0,0,448,0,448,G
3-PA,1790,447,0,1,0,448,A
3-PA,1791,0,0,444,0,444,G
3-PA,1792,0,0,456,0,456,G
3-PA,1793,0,1,0,458,459,C
3-PA,1794,0,0,0,451,451,C
3-PA,1795,0,0,454,0,454,G
3-PA,1796,454,0,0,0,454,A
3-PA,1797,0,0,452,0,452,G
3-PA,1798,0,446,0,0,446,T
3-PA,1799,0,0,0,444,444,C
3-PA,1800,0,431,0,0,431,T
3-PA,1801,0,428,0,1,429,T
3-PA,1802,0,0,0,422,422,C
3-PA,1803,0,427,0,0,427,T
3-PA,1804,0,0,426,0,426,G
3-PA,1805,0,420,0,0,420,T
3-PA,1806,0,0,0,416,416,C
3-PA,1807,377,0,0,0,377,A
3-PA,1808,369,0,0,0,369,A
3-PA,1809,363,0,0,0,363,A
3-PA,1810,0,0,378,0,378,G
3-PA,1811,360,0,0,0,360,A
3-PA,1812,0,0,379,0,379,G
3-PA,1813,370,0,0,0,370,A
3-PA,1814,371,0,0,0,371,A
3-PA,1815,370,0,1,0,371,A
3-PA,1816,0,0,380,0,380,G
3-PA,1817,378,0,1,0,379,A
3-PA,1818,0,0,0,380,380,C
3-PA,1819,379,0,0,0,379,A
3-PA,1820,0,379,0,0,379,T
3-PA,1821,0,0,377,0,377,G
3-PA,1822,368,0,1,0,369,A
3-PA,1823,0,0,0,364,364,C
3-PA,1824,0,0,0,363,363,C
3-PA,1825,365,0,1,0,366,A
3-PA,1826,366,0,0,0,366,A
3-PA,1827,0,0,367,0,367,G
3-PA,1828,0,0,367,0,367,G
3-PA,1829,376,0,0,0,376,A
3-PA,1830,375,0,0,0,375,A
3-PA,1831,0,338,0,0,338,T
3-PA,1832,0,317,0,0,317,T
3-PA,1833,0,0,0,356,356,C
3-PA,1834,0,280,0,0,280,T
3-PA,1835,0,283,0,0,283,T
3-PA,1836,0,286,0,0,286,T
3-PA,1837,0,1,336,0,337,G
3-PA,1838,292,0,1,0,293,A
3-PA,1839,316,0,0,0,316,A
3-PA,1840,336,0,0,0,336,A
3-PA,1841,338,0,0,0,338,A
3-PA,1842,0,0,0,404,404,C
3-PA,1843,347,0,0,0,347,A
3-PA,1844,355,0,0,0,355,A
3-PA,1845,360,0,0,0,360,A
3-PA,1846,0,462,0,0,462,T
3-PA,1847,0,0,0,467,467,C
3-PA,1848,0,0,469,0,469,G
3-PA,1849,0,0,469,0,469,G
3-PA,1850,465,0,0,0,465,A
3-PA,1851,464,0,0,0,464,A
3-PA,1852,466,0,0,0,466,A
3-PA,1853,0,0,0,479,479,C
3-PA,1854,482,0,1,0,483,A
3-PA,1855,0,486,0,0,486,T
3-PA,1856,0,0,486,0,486,G
3-PA,1857,0,0,487,0,487,G
3-PA,1858,0,0,0,490,490,C
3-PA,1859,0,0,0,489,489,C
3-PA,1860,488,0,0,1,489,A
3-PA,1861,490,0,0,0,490,A
3-PA,1862,0,492,0,0,492,T
3-PA,1863,0,0,0,492,492,C
3-PA,1864,1,0,493,0,494,G
3-PA,1865,0,0,596,0,596,G
3-PA,1866,594,0,0,0,594,A
3-PA,1867,0,0,593,0,593,G
3-PA,1868,594,0,1,0,595,A
3-PA,1869,0,0,593,0,593,G
3-PA,1870,0,591,0,1,592,T
3-PA,1871,0,0,0,575,575,C
3-PA,1872,589,0,1,0,590,A
3-PA,1873,0,0,0,577,577,C
3-PA,1874,0,0,0,575,575,C
3-PA,1875,0,0,0,580,580,C
3-PA,1876,592,0,1,0,593,A
3-PA,1877,0,0,576,0,576,G
3-PA,1878,0,0,581,0,581,G
3-PA,1879,0,0,584,0,584,G
3-PA,1880,0,0,584,0,584,G
3-PA,1881,605,0,1,0,606,A
3-PA,1882,0,0,599,0,599,G
3-PA,1883,0,614,0,0,614,T
3-PA,1884,0,0,614,0,614,G
3-PA,1885,0,0,617,0,617,G
3-PA,1886,618,0,0,0,618,A
3-PA,1887,0,0,611,0,611,G
3-PA,1888,0,0,612,0,612,G
3-PA,1889,612,0,0,0,612,A
3-PA,1890,611,0,0,0,611,A
3-PA,1891,0,0,620,0,620,G
3-PA,1892,0,0,618,0,618,G
3-PA,1893,0,0,0,624,624,C
3-PA,1894,0,622,0,0,622,T
3-PA,1895,0,0,0,619,619,C
3-PA,1896,0,617,0,0,617,T
3-PA,1897,614,0,0,0,614,A
3-PA,1898,0,618,0,0,618,T
3-PA,1899,1,617,0,0,618,T
3-PA,1900,0,0,612,0,612,G
3-PA,1901,0,0,611,0,611,G
3-PA,1902,0,0,613,0,613,G
3-PA,1903,606,0,0,0,606,A
3-PA,1904,606,0,0,0,606,A
3-PA,1905,608,0,1,0,609,A
3-PA,1906,0,0,625,0,625,G
3-PA,1907,0,643,0,0,643,T
3-PA,1908,0,0,651,0,651,G
3-PA,1909,0,652,0,0,652,T
3-PA,1910,0,0,654,0,654,G
3-PA,1911,0,1,0,653,654,C
3-PA,1912,653,0,0,0,653,A
3-PA,1913,0,0,652,0,652,G
3-PA,1914,1,0,651,0,652,G
3-PA,1915,649,0,0,0,649,A
3-PA,1916,0,0,0,649,649,C
3-PA,1917,1,0,0,646,647,C
3-PA,1918,0,643,0,0,643,T
3-PA,1919,0,642,0,0,642,T
3-PA,1920,644,0,0,0,644,A
3-PA,1921,0,2,0,649,651,C
3-PA,1922,0,650,0,0,650,T
3-PA,1923,0,0,649,0,649,G
3-PA,1924,0,0,647,0,647,G
3-PA,1925,0,0,0,647,647,C
3-PA,1926,631,0,0,0,631,A
3-PA,1927,635,0,0,0,635,A
3-PA,1928,636,0,0,0,636,A
3-PA,1929,635,0,0,0,635,A
3-PA,1930,0,654,0,0,654,T
3-PA,1931,0,0,0,655,655,C
3-PA,1932,0,655,0,0,655,T
3-PA,1933,0,0,651,0,651,G
3-PA,1934,0,651,0,0,651,T
3-PA,1935,651,0,0,0,651,A
3-PA,1936,0,653,0,0,653,T
3-PA,1937,0,652,0,0,652,T
3-PA,1938,0,0,0,649,649,C
3-PA,1939,646,0,0,0,646,A
3-PA,1940,648,0,0,0,648,A
3-PA,1941,0,0,0,651,651,C
3-PA,1942,653,0,0,0,653,A
3-PA,1943,0,0,655,0,655,G
3-PA,1944,0,654,0,0,654,T
3-PA,1945,0,0,0,653,653,C
3-PA,1946,0,647,0,0,647,T
3-PA,1947,646,0,0,0,646,A
3-PA,1948,0,646,0,0,646,T
3-PA,1949,645,0,0,0,645,A
3-PA,1950,0,644,0,1,645,T
3-PA,1951,1,0,644,0,645,G
3-PA,1952,0,1,0,642,643,C
3-PA,1953,0,0,643,0,643,G
3-PA,1954,0,640,0,1,641,T
3-PA,1955,0,0,0,641,641,C
3-PA,1956,0,639,0,0,639,T
3-PA,1957,1,0,0,630,631,C
3-PA,1958,0,0,0,629,629,C
3-PA,1959,629,0,0,0,629,A
3-PA,1960,0,0,0,634,634,C
3-PA,1961,633,0,0,0,633,A
3-PA,1962,628,0,0,0,628,A
3-PA,1963,0,0,0,629,629,C
3-PA,1964,0,626,0,0,626,T
3-PA,1965,0,625,0,0,625,T
3-PA,1966,6,0,575,0,581,G
3-PA,1967,583,0,0,0,583,A
3-PA,1968,0,0,502,0,502,G
3-PA,1969,0,0,507,0,507,G
3-PA,1970,0,0,502,0,502,G
3-PA,1971,1,0,498,0,499,G
3-PA,1972,0,547,1,1,549,T
3-PA,1973,0,548,0,0,548,T
3-PA,1974,0,575,0,0,575,T
3-PA,1975,0,574,0,0,574,T
3-PA,1976,0,0,0,596,596,C
3-PA,1977,0,0,573,0,573,G
3-PA,1978,0,0,586,0,586,G
3-PA,1979,0,0,0,610,610,C
3-PA,1980,0,611,0,1,612,T
3-PA,1981,0,0,613,0,613,G
3-PA,1982,612,0,0,0,612,A
3-PA,1983,610,0,0,0,610,A
3-PA,1984,0,617,0,0,617,T
3-PA,1985,0,0,0,617,617,C
3-PA,1986,0,2,613,0,615,G
3-PA,1987,605,0,0,0,605,A
3-PA,1988,0,0,620,0,620,G
3-PA,1989,598,0,0,0,598,A
3-PA,1990,599,0,0,0,599,A
3-PA,1991,599,0,0,0,599,A
3-PA,1992,599,0,0,0,599,A
3-PA,1993,0,629,0,0,629,T
3-PA,1994,0,628,0,0,628,T
3-PA,1995,0,0,635,0,635,G
3-PA,1996,0,0,0,634,634,C
3-PA,1997,0,634,0,2,636,T
3-PA,1998,0,635,0,0,635,T
3-PA,1999,0,1,0,635,636,C
3-PA,2000,1,636,0,0,637,T
3-PA,2001,0,0,0,636,636,C
3-PA,2002,634,0,0,0,634,A
3-PA,2003,0,632,0,0,632,T
3-PA,2004,1,629,0,0,630,T
3-PA,2005,0,0,622,0,622,G
3-PA,2006,0,623,0,0,623,T
3-PA,2007,0,625,0,0,625,T
3-PA,2008,0,0,0,634,634,C
3-PA,2009,635,0,1,0,636,A
3-PA,2010,0,0,637,0,637,G
3-PA,2011,1,0,636,0,637,G
3-PA,2012,0,0,0,637,637,C
3-PA,2013,636,0,1,0,637,A
3-PA,2014,1,0,0,633,634,C
3-PA,2015,0,632,0,0,632,T
3-PA,2016,0,634,0,0,634,T
3-PA,2017,631,0,1,0,632,A
3-PA,2018,0,0,629,0,629,G
3-PA,2019,0,0,629,0,629,G
3-PA,2020,0,0,629,0,629,G
3-PA,2021,632,0,0,0,632,A
3-PA,2022,0,0,0,636,636,C
3-PA,2023,631,0,0,0,631,A
3-PA,2024,631,0,0,0,631,A
3-PA,2025,0,0,0,633,633,C
3-PA,2026,0,1,0,631,632,C
3-PA,2027,0,637,0,1,638,T
3-PA,2028,0,0,636,0,636,G
3-PA,2029,0,0,636,0,636,G
3-PA,2030,633,0,0,0,633,A
3-PA,2031,631,0,0,0,631,A
3-PA,2032,0,4,0,629,633,C
3-PA,2033,0,0,0,633,633,C
3-PA,2034,0,632,0,4,636,T
3-PA,2035,0,0,639,0,639,G
3-PA,2036,0,0,639,0,639,G
3-PA,2037,640,0,0,0,640,A
3-PA,2038,639,0,1,0,640,A
3-PA,2039,0,0,0,639,639,C
3-PA,2040,0,6,0,630,636,C
3-PA,2041,1,638,0,0,639,T
3-PA,2042,0,638,0,0,638,T
3-PA,2043,0,0,0,640,640,C
3-PA,2044,0,0,640,0,640,G
3-PA,2045,641,0,0,0,641,A
3-PA,2046,0,629,0,0,629,T
3-PA,2047,0,0,0,616,616,C
3-PA,2048,0,584,0,0,584,T
3-PA,2049,0,584,0,0,584,T
3-PA,2050,0,0,461,0,461,G
3-PA,2051,0,0,464,0,464,G
3-PA,2052,0,0,481,0,481,G
3-PA,2053,0,0,481,0,481,G
3-PA,2054,0,0,467,0,467,G
3-PA,2055,0,0,461,3,464,G
3-PA,2056,0,0,3,639,642,C
3-PA,2057,0,655,0,0,655,T
3-PA,2058,667,0,0,0,667,A
3-PA,2059,0,668,0,0,668,T
3-PA,2060,669,0,0,0,669,A
3-PA,2061,0,669,0,0,669,T
3-PA,2062,0,0,664,0,664,G
3-PA,2063,662,0,0,0,662,A
3-PA,2064,660,0,1,0,661,A
3-PA,2065,3,0,665,0,668,G
3-PA,2066,0,0,0,669,669,C
3-PA,2067,669,0,0,0,669,A
3-PA,2068,669,0,0,0,669,A
3-PA,2069,0,668,0,0,668,T
3-PA,2070,0,0,0,669,669,C
3-PA,2071,0,0,669,0,669,G
3-PA,2072,664,0,0,0,664,A
3-PA,2073,0,0,660,0,660,G
3-PA,2074,0,0,661,0,661,G
3-PA,2075,667,0,0,0,667,A
3-PA,2076,0,0,670,0,670,G
3-PA,2077,0,669,0,1,670,T
3-PA,2078,0,0,670,0,670,G
3-PA,2079,0,0,0,667,667,C
3-PA,2080,0,2,0,666,668,C
3-PA,2081,0,668,0,0,668,T
3-PA,2082,0,0,670,0,670,G
3-PA,2083,667,0,0,0,667,A
3-PA,2084,0,659,0,0,659,T
3-PA,2085,0,659,0,1,660,T
3-PA,2086,661,0,0,0,661,A
3-PA,2087,660,0,1,0,661,A
3-PA,2088,0,669,0,0,669,T
3-PA,2089,0,0,669,0,669,G
3-PA,2090,667,0,0,0,667,A
3-PA,2091,0,667,0,0,667,T
3-PA,2092,0,0,0,646,646,C
3-PA,2093,0,1,0,620,621,C
3-PA,2094,0,0,0,619,619,C
3-PA,2095,0,568,0,2,570,T
3-PA,2096,0,0,578,0,578,G
3-PA,2097,0,0,562,0,562,G
3-PA,2098,0,0,563,0,563,G
3-PA,2099,0,576,0,0,576,T
3-PA,2100,0,576,0,1,577,T
3-PA,2101,0,605,0,0,605,T
3-PA,2102,0,605,0,0,605,T
3-PA,2103,0,0,644,0,644,G
3-PA,2104,0,0,0,653,653,C
3-PA,2105,0,646,0,0,646,T
3-PA,2106,0,648,0,0,648,T
3-PA,2107,650,0,0,0,650,A
3-PA,2108,651,0,0,0,651,A
3-PA,2109,0,657,0,0,657,T
3-PA,2110,0,0,659,0,659,G
3-PA,2111,0,0,0,658,658,C
3-PA,2112,656,0,0,0,656,A
3-PA,2113,0,654,0,1,655,T
3-PA,2114,0,1,0,648,649,C
3-PA,2115,0,644,0,0,644,T
3-PA,2116,0,642,0,0,642,T
3-PA,2117,0,0,638,0,638,G
3-PA,2118,0,0,639,0,639,G
3-PA,2119,0,635,0,0,635,T
3-PA,2120,0,633,0,0,633,T
3-PA,2121,0,0,0,645,645,C
3-PA,2122,647,0,0,0,647,A
3-PA,2123,646,0,0,0,646,A
3-PA,2124,0,0,0,644,644,C
3-PA,2125,0,645,0,0,645,T
3-PA,2126,0,0,0,638,638,C
3-PA,2127,0,0,0,638,638,C
3-PA,2128,0,638,0,1,639,T
3-PA,2129,0,639,0,0,639,T
3-PA,2130,0,0,0,642,642,C
3-PA,2131,0,0,0,642,642,C
3-PA,2132,0,654,0,1,655,T
3-PA,2133,0,0,0,657,657,C
3-PA,2134,656,0,1,0,657,A
3-PA,2135,0,0,0,659,659,C
3-PA,2136,663,0,0,0,663,A
3-PA,2137,0,0,0,664,664,C
3-PA,2138,662,0,1,0,663,A
3-PA,2139,0,664,0,0,664,T
3-PA,2140,0,0,660,0,660,G
3-PA,2141,0,0,0,661,661,C
3-PA,2142,657,0,1,0,658,A
3-PA,2143,0,0,0,658,658,C
3-PA,2144,0,657,0,0,657,T
3-PA,2145,0,0,654,0,654,G
3-PA,2146,650,0,1,0,651,A
3-PA,2147,650,0,0,0,650,A
3-PA,2148,0,0,656,0,656,G
3-PA,2149,0,653,0,0,653,T
3-PA,2150,655,0,0,0,655,A
3-PA,2151,0,0,648,0,648,G
3-PA,2152,0,648,0,0,648,T
3-PA,2153,0,649,0,0,649,T
3-PA,2154,0,0,652,0,652,G
3-PA,2155,0,653,0,0,653,T
3-PA,2156,1,0,650,0,651,G
3-PA,2157,0,0,648,0,648,G
3-PA,2158,0,0,0,652,652,C
3-PA,2159,652,0,0,0,652,A
3-PA,2160,654,0,0,0,654,A
3-PA,2161,0,660,0,0,660,T
3-PA,2162,0,0,660,0,660,G
3-PA,2163,0,0,0,661,661,C
3-PA,2164,0,660,0,0,660,T
3-PA,2165,655,0,0,0,655,A
3-PA,2166,0,0,0,654,654,C
3-PA,2167,0,631,0,0,631,T
3-PA,2168,645,0,0,0,645,A
3-PA,2169,0,613,0,0,613,T
3-PA,2170,0,611,0,0,611,T
3-PA,2171,0,613,0,0,613,T
3-PA,2172,0,0,645,0,645,G
3-PA,2173,0,1,0,646,647,C
3-PA,2174,0,648,0,1,649,T
3-PA,2175,647,0,0,0,647,A
3-PA,2176,0,642,0,0,642,T
3-PA,2177,0,0,0,641,641,C
3-PA,2178,0,1,0,640,641,C
3-PA,2179,647,0,0,0,647,A
3-PA,2180,0,645,0,0,645,T
3-PA,2181,642,0,0,0,642,A
3-PA,2182,0,0,0,639,639,C
3-PA,2183,0,634,0,0,634,T
3-PA,2184,0,0,615,0,615,G
3-PA,2185,0,585,0,0,585,T
3-PA,2186,0,0,0,525,525,C
3-PA,2187,0,0,0,523,523,C
3-PA,2188,322,0,0,0,322,A
3-PA,2189,324,0,1,0,325,A
3-PA,2190,329,0,0,0,329,A
3-PA,2191,326,0,0,0,326,A
3-PA,2192,319,0,0,0,319,A
3-PA,2193,318,0,0,0,318,A
3-PA,2194,0,0,518,2,520,G
3-PA,2195,0,527,0,0,527,T
3-PA,2196,602,0,0,0,602,A
3-PA,2197,0,0,0,593,593,C
3-PA,2198,0,0,0,596,596,C
3-PA,2199,0,565,0,0,565,T
3-PA,2200,0,561,0,0,561,T
3-PA,2201,0,0,606,0,606,G
3-PA,2202,0,585,0,0,585,T
3-PA,2203,0,592,0,0,592,T
3-PA,2204,0,593,0,0,593,T
3-PA,2205,0,0,0,628,628,C
3-PA,2206,0,630,0,0,630,T
3-PA,2207,630,0,0,0,630,A
3-PA,2208,0,0,0,628,628,C
4-HA,-19,0,0,230,0,230,G
4-HA,-18,0,0,228,0,228,G
4-HA,-17,234,0,0,0,234,A
4-HA,-16,234,0,0,0,234,A
4-HA,-15,247,0,0,0,247,A
4-HA,-14,246,0,1,0,247,A
4-HA,-13,0,0,0,263,263,C
4-HA,-12,218,0,0,0,218,A
4-HA,-11,224,0,0,0,224,A
4-HA,-10,223,0,0,0,223,A
4-HA,-9,221,0,0,0,221,A
4-HA,-8,0,0,275,0,275,G
4-HA,-7,0,0,0,294,294,C
4-HA,-6,292,0,0,0,292,A
4-HA,-5,289,0,0,0,289,A
4-HA,-4,0,1,0,288,289,C
4-HA,-3,252,0,0,0,252,A
4-HA,-2,254,0,0,0,254,A
4-HA,-1,255,0,0,0,255,A
4-HA,0,254,0,0,0,254,A
4-HA,1,256,0,0,0,256,A
4-HA,2,0,291,0,0,291,T
4-HA,3,0,0,291,0,291,G
4-HA,4,292,0,0,0,292,A
4-HA,5,293,0,3,0,296,A
4-HA,6,0,0,296,0,296,G
4-HA,7,0,0,295,0,295,G
4-HA,8,0,0,0,296,296,C
4-HA,9,295,0,0,0,295,A
4-HA,10,296,0,0,0,296,A
4-HA,11,0,300,0,0,300,T
4-HA,12,300,0,0,0,300,A
4-HA,13,0,0,0,304,304,C
4-HA,14,0,306,0,0,306,T
4-HA,15,307,0,0,0,307,A
4-HA,16,0,0,307,0,307,G
4-HA,17,0,308,0,0,308,T
4-HA,18,308,0,0,0,308,A
4-HA,19,0,0,307,0,307,G
4-HA,20,0,307,0,0,307,T
4-HA,21,0,299,0,1,300,T
4-HA,22,1,0,0,300,301,C
4-HA,23,0,300,0,0,300,T
4-HA,24,0,0,306,0,306,G
4-HA,25,0,0,0,306,306,C
4-HA,26,0,305,0,0,305,T
4-HA,27,307,0,0,0,307,A
4-HA,28,0,308,0,0,308,T
4-HA,29,307,0,0,0,307,A
4-HA,30,0,307,0,0,307,T
4-HA,31,305,0,0,0,305,A
4-HA,32,0,0,0,305,305,C
4-HA,33,304,0,0,0,304,A
4-HA,34,0,293,0,0,293,T
4-HA,35,0,295,0,0,295,T
4-HA,36,0,293,0,0,293,T
4-HA,37,0,0,301,0,301,G
4-HA,38,0,1,0,300,301,C
4-HA,39,300,0,0,0,300,A
4-HA,40,300,0,0,0,300,A
4-HA,41,0,0,0,296,296,C
4-HA,42,0,1,0,292,293,C
4-HA,43,0,0,294,0,294,G
4-HA,44,0,0,0,294,294,C
4-HA,45,286,0,0,0,286,A
4-HA,46,287,0,0,0,287,A
4-HA,47,286,0,0,0,286,A
4-HA,48,0,299,0,0,299,T
4-HA,49,0,0,302,0,302,G
4-HA,50,0,0,0,305,305,C
4-HA,51,302,0,3,0,305,A
4-HA,52,0,0,305,0,305,G
4-HA,53,307,0,0,0,307,A
4-HA,54,0,0,0,309,309,C
4-HA,55,308,0,0,0,308,A
4-HA,56,0,0,0,307,307,C
4-HA,57,305,0,0,0,305,A
4-HA,58,0,304,0,0,304,T
4-HA,59,0,304,0,0,304,T
4-HA,60,304,0,0,0,304,A
4-HA,61,0,307,0,0,307,T
4-HA,62,0,0,308,0,308,G
4-HA,63,0,308,0,0,308,T
4-HA,64,307,0,0,0,307,A
4-HA,65,0,308,0,0,308,T
4-HA,66,309,0,0,0,309,A
4-HA,67,0,0,306,0,306,G
4-HA,68,1,0,307,0,308,G
4-HA,69,0,306,0,0,306,T
4-HA,70,0,305,0,0,305,T
4-HA,71,304,0,0,0,304,A
4-HA,72,0,305,0,0,305,T
4-HA,73,0,0,0,305,305,C
4-HA,74,307,0,0,0,307,A
4-HA,75,0,310,0,0,310,T
4-HA,76,0,0,310,0,310,G
4-HA,77,0,1,0,305,306,C
4-HA,78,0,0,300,0,300,G
4-HA,79,297,0,0,0,297,A
4-HA,80,300,0,0,0,300,A
4-HA,81,0,0,0,297,297,C
4-HA,82,302,0,0,0,302,A
4-HA,83,303,0,0,0,303,A
4-HA,84,0,303,0,0,303,T
4-HA,85,0,303,0,0,303,T
4-HA,86,0,0,0,304,304,C
4-HA,87,304,0,0,0,304,A
4-HA,88,309,0,0,0,309,A
4-HA,89,0,0,0,309,309,C
4-HA,90,310,0,0,0,310,A
4-HA,91,0,0,311,0,311,G
4-HA,92,311,0,0,0,311,A
4-HA,93,0,0,0,311,311,C
4-HA,94,310,0,0,0,310,A
4-HA,95,0,0,0,310,310,C
4-HA,96,0,309,1,0,310,T
4-HA,97,0,0,311,0,311,G
4-HA,98,0,311,0,0,311,T
4-HA,99,310,0,0,0,310,A
4-HA,100,0,0,309,0,309,G
4-HA,101,309,0,0,0,309,A
4-HA,102,0,0,0,309,309,C
4-HA,103,311,0,0,0,311,A
4-HA,104,0,0,0,311,311,C
4-HA,105,311,0,0,0,311,A
4-HA,106,1,0,310,0,311,G
4-HA,107,0,309,0,0,309,T
4-HA,108,309,0,0,0,309,A
4-HA,109,0,0,0,308,308,C
4-HA,110,0,308,0,0,308,T
4-HA,111,302,0,0,0,302,A
4-HA,112,0,0,304,0,304,G
4-HA,113,293,0,0,0,293,A
4-HA,114,293,0,0,0,293,A
4-HA,115,292,0,0,0,292,A
4-HA,116,290,0,0,0,290,A
4-HA,117,0,0,301,0,301,G
4-HA,118,285,0,0,0,285,A
4-HA,119,290,0,0,0,290,A
4-HA,120,0,302,0,0,302,T
4-HA,121,0,0,305,0,305,G
4-HA,122,0,305,0,0,305,T
4-HA,123,303,0,0,0,303,A
4-HA,124,303,0,0,0,303,A
4-HA,125,0,1,0,303,304,C
4-HA,126,306,0,0,0,306,A
4-HA,127,0,0,305,0,305,G
4-HA,128,0,304,0,0,304,T
4-HA,129,299,0,0,0,299,A
4-HA,130,300,0,0,0,300,A
4-HA,131,0,1,0,301,302,C
4-HA,132,305,0,1,0,306,A
4-HA,133,0,0,0,307,307,C
4-HA,134,307,0,0,0,307,A
4-HA,135,0,0,0,307,307,C
4-HA,136,0,306,0,1,307,T
4-HA,137,0,0,0,307,307,C
4-HA,138,0,306,0,0,306,T
4-HA,139,0,0,301,0,301,G
4-HA,140,0,299,0,0,299,T
4-HA,141,0,298,0,0,298,T
4-HA,142,292,0,0,0,292,A
4-HA,143,292,0,0,0,292,A
4-HA,144,0,1,0,294,295,C
4-HA,145,0,0,0,295,295,C
4-HA,146,0,297,0,0,297,T
4-HA,147,0,297,0,0,297,T
4-HA,148,0,1,0,298,299,C
4-HA,149,0,302,0,0,302,T
4-HA,150,301,0,0,0,301,A
4-HA,151,0,0,301,0,301,G
4-HA,152,299,0,1,0,300,A
4-HA,153,299,0,0,0,299,A
4-HA,154,0,0,301,0,301,G
4-HA,155,302,0,0,0,302,A
4-HA,156,0,0,0,303,303,C
4-HA,157,303,0,0,0,303,A
4-HA,158,303,0,0,0,303,A
4-HA,159,0,0,304,0,304,G
4-HA,160,0,0,0,304,304,C
4-HA,161,301,0,0,0,301,A
4-HA,162,0,298,0,0,298,T
4-HA,163,291,0,1,0,292,A
4-HA,164,291,0,0,0,291,A
4-HA,165,0,0,0,289,289,C
4-HA,166,0,0,278,0,278,G
4-HA,167,1,0,275,0,276,G
4-HA,168,0,0,276,0,276,G
4-HA,169,281,0,0,0,281,A
4-HA,170,281,0,0,0,281,A
4-HA,171,282,0,0,0,282,A
4-HA,172,0,0,0,291,291,C
4-HA,173,0,291,0,0,291,T
4-HA,174,286,0,0,0,286,A
4-HA,175,0,290,0,0,290,T
4-HA,176,0,0,289,0,289,G
4-HA,177,0,0,0,289,289,C
4-HA,178,280,0,0,0,280,A
4-HA,179,280,0,0,0,280,A
4-HA,180,280,0,0,0,280,A
4-HA,181,0,0,0,286,286,C
4-HA,182,0,283,0,1,284,T
4-HA,183,269,0,0,0,269,A
4-HA,184,269,0,0,0,269,A
4-HA,185,0,0,275,0,275,G
4-HA,186,278,0,0,0,278,A
4-HA,187,0,0,260,0,260,G
4-HA,188,0,0,259,0,259,G
4-HA,189,0,0,259,0,259,G
4-HA,190,0,0,258,0,258,G
4-HA,191,0,278,0,0,278,T
4-HA,192,282,0,1,0,283,A
4-HA,193,0,0,259,0,259,G
4-HA,194,0,0,0,251,251,C
4-HA,195,0,1,0,251,252,C
4-HA,196,0,0,0,251,251,C
4-HA,197,0,0,0,251,251,C
4-HA,198,284,0,0,0,284,A
4-HA,199,0,292,0,0,292,T
4-HA,200,0,299,0,2,301,T
4-HA,201,0,0,302,0,302,G
4-HA,202,0,0,0,304,304,C
4-HA,203,303,0,0,0,303,A
4-HA,204,0,286,0,0,286,T
4-HA,205,0,285,0,0,285,T
4-HA,206,0,287,0,0,287,T
4-HA,207,0,0,304,0,304,G
4-HA,208,0,0,303,0,303,G
4-HA,209,0,0,306,0,306,G
4-HA,210,0,304,0,0,304,T
4-HA,211,308,0,0,0,308,A
4-HA,212,312,0,0,0,312,A
4-HA,213,312,0,0,0,312,A
4-HA,214,0,315,0,0,315,T
4-HA,215,0,0,317,0,317,G
4-HA,216,0,317,0,0,317,T
4-HA,217,319,0,0,0,319,A
4-HA,218,319,0,0,0,319,A
4-HA,219,0,0,0,319,319,C
4-HA,220,321,0,0,0,321,A
4-HA,221,0,323,0,0,323,T
4-HA,222,0,323,0,0,323,T
4-HA,223,0,0,323,0,323,G
4-HA,224,0,0,0,323,323,C
4-HA,225,0,323,0,0,323,T
4-HA,226,0,0,323,0,323,G
4-HA,227,1,0,322,0,323,G
4-HA,228,0,0,0,322,322,C
4-HA,229,0,322,0,0,322,T
4-HA,230,0,0,320,0,320,G
4-HA,231,0,0,319,0,319,G
4-HA,232,321,0,0,0,321,A
4-HA,233,0,322,0,0,322,T
4-HA,234,0,0,0,322,322,C
4-HA,235,0,1,0,320,321,C
4-HA,236,0,321,0,0,321,T
4-HA,237,0,0,305,0,305,G
4-HA,238,0,0,306,0,306,G
4-HA,239,0,0,306,0,306,G
4-HA,240,317,0,0,0,317,A
4-HA,241,317,0,0,0,317,A
4-HA,242,320,0,0,0,320,A
4-HA,243,0,328,0,0,328,T
4-HA,244,0,2,0,326,328,C
4-HA,245,0,0,0,329,329,C
4-HA,246,329,0,1,0,330,A
4-HA,247,0,0,331,0,331,G
4-HA,248,334,0,1,0,335,A
4-HA,249,0,0,335,0,335,G
4-HA,250,0,335,0,0,335,T
4-HA,251,0,0,335,0,335,G
4-HA,252,0,334,0,1,335,T
4-HA,253,0,0,335,0,335,G
4-HA,254,335,0,0,0,335,A
4-HA,255,335,0,0,0,335,A
4-HA,256,0,333,0,2,335,T
4-HA,257,0,0,0,337,337,C
4-HA,258,337,0,0,0,337,A
4-HA,259,0,0,0,337,337,C
4-HA,260,0,337,0,0,337,T
4-HA,261,0,0,0,337,337,C
4-HA,262,0,337,0,0,337,T
4-HA,263,0,0,0,336,336,C
4-HA,264,0,0,0,338,338,C
4-HA,265,339,0,1,0,340,A
4-HA,266,0,0,0,340,340,C
4-HA,267,341,0,0,0,341,A
4-HA,268,0,0,341,0,341,G
4-HA,269,0,0,0,339,339,C
4-HA,270,339,0,0,0,339,A
4-HA,271,339,0,0,0,339,A
4-HA,272,0,0,341,0,341,G
4-HA,273,0,0,0,341,341,C
4-HA,274,0,339,0,1,340,T
4-HA,275,0,0,0,340,340,C
4-HA,276,338,0,0,1,339,A
4-HA,277,0,337,0,0,337,T
4-HA,278,2,0,333,0,335,G
4-HA,279,0,0,334,0,334,G
4-HA,280,0,335,0,0,335,T
4-HA,281,0,0,0,332,332,C
4-HA,282,0,0,0,332,332,C
4-HA,283,0,335,0,0,335,T
4-HA,284,338,0,0,0,338,A
4-HA,285,0,0,0,337,337,C
4-HA,286,335,0,0,0,335,A
4-HA,287,0,333,0,0,333,T
4-HA,288,0,334,0,0,334,T
4-HA,289,0,0,335,0,335,G
4-HA,290,0,336,0,0,336,T
4-HA,291,0,0,334,0,334,G
4-HA,292,0,0,334,0,334,G
4-HA,293,324,0,0,0,324,A
4-HA,294,318,0,0,0,318,A
4-HA,295,317,0,0,0,317,A
4-HA,296,0,0,0,324,324,C
4-HA,297,325,0,0,0,325,A
4-HA,298,0,332,0,1,333,T
4-HA,299,0,0,0,335,335,C
4-HA,300,0,334,0,0,334,T
4-HA,301,335,0,1,0,336,A
4-HA,302,0,0,336,0,336,G
4-HA,303,0,336,0,0,336,T
4-HA,304,0,337,0,0,337,T
4-HA,305,0,1,0,337,338,C
4-HA,306,339,0,0,0,339,A
4-HA,307,0,0,339,0,339,G
4-HA,308,341,0,0,0,341,A
4-HA,309,0,0,0,340,340,C
4-HA,310,339,0,0,0,339,A
4-HA,311,339,0,0,0,339,A
4-HA,312,0,340,0,0,340,T
4-HA,313,0,0,342,0,342,G
4-HA,314,0,0,348,0,348,G
4-HA,315,344,0,0,0,344,A
4-HA,316,345,0,0,0,345,A
4-HA,317,0,0,0,344,344,C
4-HA,318,0,0,346,0,346,G
4-HA,319,0,346,0,0,346,T
4-HA,320,1,0,345,0,346,G
4-HA,321,0,341,0,1,342,T
4-HA,322,0,340,0,0,340,T
4-HA,323,337,0,0,0,337,A
4-HA,324,0,2,0,328,330,C
4-HA,325,0,0,0,327,327,C
4-HA,326,0,0,0,327,327,C
4-HA,327,336,0,0,0,336,A
4-HA,328,1,0,333,0,334,G
4-HA,329,0,0,333,0,333,G
4-HA,330,336,0,0,0,336,A
4-HA,331,0,0,335,0,335,G
4-HA,332,334,0,0,0,334,A
4-HA,333,0,321,0,0,321,T
4-HA,334,0,319,0,0,319,T
4-HA,335,0,321,0,0,321,T
4-HA,336,0,1,0,336,337,C
4-HA,337,337,0,0,0,337,A
4-HA,338,0,337,0,0,337,T
4-HA,339,0,0,0,336,336,C
4-HA,340,0,0,336,0,336,G
4-HA,341,336,0,0,0,336,A
4-HA,342,0,336,0,0,336,T
4-HA,343,0,334,0,1,335,T
4-HA,344,334,0,0,0,334,A
4-HA,345,0,332,0,0,332,T
4-HA,346,0,0,331,0,331,G
4-HA,347,325,0,0,0,325,A
4-HA,348,0,0,322,0,322,G
4-HA,349,0,1,319,0,320,G
4-HA,350,324,0,0,0,324,A
4-HA,351,0,0,327,0,327,G
4-HA,352,0,0,0,329,329,C
4-HA,353,0,327,0,0,327,T
4-HA,354,325,0,1,0,326,A
4-HA,355,327,0,0,0,327,A
4-HA,356,0,0,329,0,329,G
4-HA,357,328,0,0,0,328,A
4-HA,358,0,0,328,0,328,G
4-HA,359,327,0,0,0,327,A
4-HA,360,0,0,324,0,324,G
4-HA,361,0,0,0,323,323,C
4-HA,362,327,0,0,0,327,A
4-HA,363,325,0,3,0,328,A
4-HA,364,0,329,0,0,329,T
4-HA,365,0,329,0,0,329,T
4-HA,366,0,0,330,0,330,G
4-HA,367,329,0,1,0,330,A
4-HA,368,0,0,330,0,330,G
4-HA,369,0,0,0,329,329,C
4-HA,370,0,328,0,1,329,T
4-HA,371,0,0,0,328,328,C
4-HA,372,328,0,0,0,328,A
4-HA,373,0,0,328,0,328,G
4-HA,374,0,327,0,0,327,T
4-HA,375,0,0,327,0,327,G
4-HA,376,0,324,0,2,326,T
4-HA,377,0,0,0,326,326,C
4-HA,378,328,0,0,0,328,A
4-HA,379,0,325,0,0,325,T
4-HA,380,0,0,0,318,318,C
4-HA,381,308,0,0,0,308,A
4-HA,382,0,275,0,0,275,T
4-HA,383,0,273,0,0,273,T
4-HA,384,0,272,0,0,272,T
4-HA,385,0,0,288,0,288,G
4-HA,386,267,0,0,0,267,A
4-HA,387,257,0,0,0,257,A
4-HA,388,258,0,0,0,258,A
4-HA,389,0,0,252,0,252,G
4-HA,390,0,0,252,0,252,G
4-HA,391,0,232,0,0,232,T
4-HA,392,0,231,0,0,231,T
4-HA,393,0,233,0,0,233,T
4-HA,394,0,0,247,0,247,G
4-HA,395,245,0,0,0,245,A
4-HA,396,0,0,242,0,242,G
4-HA,397,242,0,0,0,242,A
4-HA,398,0,235,0,0,235,T
4-HA,399,233,0,1,0,234,A
4-HA,400,0,230,0,0,230,T
4-HA,401,0,229,0,0,229,T
4-HA,402,0,0,0,228,228,C
4-HA,403,0,0,0,227,227,C
4-HA,404,0,0,0,228,228,C
4-HA,405,224,0,0,0,224,A
4-HA,406,225,0,0,0,225,A
4-HA,407,227,0,0,0,227,A
4-HA,408,0,0,232,0,232,G
4-HA,409,204,0,0,0,204,A
4-HA,410,0,0,0,233,233,C
4-HA,411,235,0,0,0,235,A
4-HA,412,235,0,0,0,235,A
4-HA,413,0,0,236,0,236,G
4-HA,414,0,236,0,0,236,T
4-HA,415,0,236,0,0,236,T
4-HA,416,0,0,0,236,236,C
4-HA,417,236,0,0,0,236,A
4-HA,418,0,236,0,0,236,T
4-HA,419,0,0,235,0,235,G
4-HA,420,0,0,235,0,235,G
4-HA,421,0,0,0,231,231,C
4-HA,422,0,0,0,232,232,C
4-HA,423,0,0,0,232,232,C
4-HA,424,235,0,0,0,235,A
4-HA,425,236,0,0,0,236,A
4-HA,426,0,236,0,0,236,T
4-HA,427,0,0,0,236,236,C
4-HA,428,236,0,0,0,236,A
4-HA,429,0,236,0,0,236,T
4-HA,430,0,0,237,0,237,G
4-HA,431,239,0,0,0,239,A
4-HA,432,0,0,0,239,239,C
4-HA,433,0,238,0,0,238,T
4-HA,434,0,1,0,238,239,C
4-HA,435,0,0,239,0,239,G
4-HA,436,235,0,0,0,235,A
4-HA,437,233,0,0,0,233,A
4-HA,438,0,0,0,233,233,C
4-HA,439,223,0,0,0,223,A
4-HA,440,220,0,0,0,220,A
4-HA,441,220,0,0,0,220,A
4-HA,442,0,0,224,0,224,G
4-HA,443,0,0,226,0,226,G
4-HA,444,0,227,0,0,227,T
4-HA,445,0,0,218,0,218,G
4-HA,446,0,212,0,0,212,T
4-HA,447,205,0,0,0,205,A
4-HA,448,205,0,0,0,205,A
4-HA,449,0,0,0,206,206,C
4-HA,450,0,0,205,0,205,G
4-HA,451,0,0,204,0,204,G
4-HA,452,0,0,0,205,205,C
4-HA,453,207,0,0,0,207,A
4-HA,454,0,0,207,0,207,G
4-HA,455,0,0,0,208,208,C
4-HA,456,208,0,0,0,208,A
4-HA,457,0,208,0,0,208,T
4-HA,458,0,0,206,0,206,G
4-HA,459,0,204,0,0,204,T
4-HA,460,0,0,0,204,204,C
4-HA,461,0,0,0,203,203,C
4-HA,462,0,200,0,0,200,T
4-HA,463,0,0,0,196,196,C
4-HA,464,196,0,0,0,196,A
4-HA,465,0,196,0,0,196,T
4-HA,466,0,0,192,0,192,G
4-HA,467,0,0,0,191,191,C
4-HA,468,0,188,0,1,189,T
4-HA,469,0,0,183,0,183,G
4-HA,470,0,0,183,0,183,G
4-HA,471,183,0,0,0,183,A
4-HA,472,0,0,175,0,175,G
4-HA,473,0,0,0,171,171,C
4-HA,474,126,0,0,0,126,A
4-HA,475,129,0,0,0,129,A
4-HA,476,129,0,0,0,129,A
4-HA,477,129,0,0,0,129,A
4-HA,478,125,0,0,0,125,A
4-HA,479,0,0,157,0,157,G
4-HA,480,0,0,0,160,160,C
4-HA,481,0,160,0,0,160,T
4-HA,482,0,161,0,0,161,T
4-HA,483,0,0,0,162,162,C
4-HA,484,0,161,0,0,161,T
4-HA,485,119,0,0,0,119,A
4-HA,486,0,0,0,149,149,C
4-HA,487,103,0,0,0,103,A
4-HA,488,106,0,0,0,106,A
4-HA,489,107,0,0,0,107,A
4-HA,490,106,0,0,0,106,A
4-HA,491,106,0,0,0,106,A
4-HA,492,0,147,0,0,147,T
4-HA,493,0,145,0,0,145,T
4-HA,494,0,156,0,0,156,T
4-HA,495,151,0,0,0,151,A
4-HA,496,152,0,0,0,152,A
4-HA,497,0,160,0,0,160,T
4-HA,498,164,0,0,0,164,A
4-HA,499,0,166,0,0,166,T
4-HA,500,0,0,166,0,166,G
4-HA,501,0,0,167,0,167,G
4-HA,502,0,0,0,168,168,C
4-HA,503,0,166,0,0,166,T
4-HA,504,136,0,0,0,136,A
4-HA,505,0,0,164,0,164,G
4-HA,506,0,139,0,0,139,T
4-HA,507,0,141,0,0,141,T
4-HA,508,84,1,0,0,85,A
4-HA,509,88,0,0,0,88,A
4-HA,510,95,0,0,0,95,A
4-HA,511,96,0,0,0,96,A
4-HA,512,93,0,0,0,93,A
4-HA,513,92,0,3,0,95,A
4-HA,514,0,0,150,0,150,G
4-HA,515,0,0,150,0,150,G
4-HA,516,175,0,0,0,175,A
4-HA,517,171,0,0,0,171,A
4-HA,518,173,0,0,0,173,A
4-HA,519,0,211,0,0,211,T
4-HA,520,0,214,0,0,214,T
4-HA,521,0,0,0,226,226,C
4-HA,522,230,0,0,0,230,A
4-HA,523,0,230,0,0,230,T
4-HA,524,224,0,0,0,224,A
4-HA,525,0,0,0,223,223,C
4-HA,526,1,0,0,223,224,C
4-HA,527,0,0,0,225,225,C
4-HA,528,222,0,0,0,222,A
4-HA,529,220,0,0,0,220,A
4-HA,530,223,0,0,0,223,A
4-HA,531,1,0,234,0,235,G
4-HA,532,0,0,0,240,240,C
4-HA,533,0,241,0,0,241,T
4-HA,534,0,0,0,241,241,C
4-HA,535,241,0,0,0,241,A
4-HA,536,0,0,241,0,241,G
4-HA,537,0,0,0,240,240,C
4-HA,538,234,0,0,0,234,A
4-HA,539,234,0,0,0,234,A
4-HA,540,234,0,0,0,234,A
4-HA,541,0,239,0,0,239,T
4-HA,542,0,0,0,239,239,C
4-HA,543,0,0,0,240,240,C
4-HA,544,0,243,0,0,243,T
4-HA,545,242,0,0,0,242,A
4-HA,546,0,0,0,242,242,C
4-HA,547,241,0,0,0,241,A
4-HA,548,0,238,0,0,238,T
4-HA,549,0,237,0,0,237,T
4-HA,550,240,0,0,0,240,A
4-HA,551,240,0,0,0,240,A
4-HA,552,0,241,0,0,241,T
4-HA,553,1,0,239,0,240,G
4-HA,554,235,0,0,0,235,A
4-HA,555,0,236,0,0,236,T
4-HA,556,206,0,0,0,206,A
4-HA,557,201,0,0,0,201,A
4-HA,558,204,0,0,0,204,A
4-HA,559,0,0,226,0,226,G
4-HA,560,0,0,224,0,224,G
4-HA,561,0,0,235,0,235,G
4-HA,562,221,0,0,0,221,A
4-HA,563,222,0,0,0,222,A
4-HA,564,232,0,0,0,232,A
4-HA,565,0,0,249,0,249,G
4-HA,566,257,0,0,0,257,A
4-HA,567,266,0,0,0,266,A
4-HA,568,0,0,272,0,272,G
4-HA,569,0,271,0,0,271,T
4-HA,570,0,0,0,272,272,C
4-HA,571,0,0,0,273,273,C
4-HA,572,0,276,0,0,276,T
4-HA,573,0,1,0,278,279,C
4-HA,574,0,0,282,0,282,G
4-HA,575,0,281,0,0,281,T
4-HA,576,0,0,281,0,281,G
4-HA,577,0,0,0,279,279,C
4-HA,578,0,281,0,0,281,T
4-HA,579,282,0,0,0,282,A
4-HA,580,0,279,0,0,279,T
4-HA,581,0,1,256,0,257,G
4-HA,582,0,0,256,0,256,G
4-HA,583,0,0,258,0,258,G
4-HA,584,0,0,257,1,258,G
4-HA,585,0,0,0,282,282,C
4-HA,586,286,0,0,0,286,A
4-HA,587,0,285,0,0,285,T
4-HA,588,0,284,0,0,284,T
4-HA,589,0,0,0,285,285,C
4-HA,590,285,0,0,0,285,A
4-HA,591,0,0,0,286,286,C
4-HA,592,0,0,0,288,288,C
4-HA,593,289,0,0,0,289,A
4-HA,594,0,286,0,0,286,T
4-HA,595,0,0,0,285,285,C
4-HA,596,1,0,0,280,281,C
4-HA,597,283,0,0,0,283,A
4-HA,598,0,283,0,0,283,T
4-HA,599,0,0,0,282,282,C
4-HA,600,0,282,0,0,282,T
4-HA,601,282,0,0,0,282,A
4-HA,602,0,0,0,281,281,C
4-HA,603,0,277,0,0,277,T
4-HA,604,277,0,0,0,277,A
4-HA,605,1,0,276,0,277,G
4-HA,606,0,277,0,0,277,T
4-HA,607,0,0,279,0,279,G
4-HA,608,0,0,0,278,278,C
4-HA,609,0,277,0,0,277,T
4-HA,610,0,0,278,0,278,G
4-HA,611,273,0,0,0,273,A
4-HA,612,0,0,0,272,272,C
4-HA,613,0,0,0,272,272,C
4-HA,614,270,0,0,0,270,A
4-HA,615,270,0,0,0,270,A
4-HA,616,0,0,0,276,276,C
4-HA,617,264,0,0,0,264,A
4-HA,618,261,0,3,0,264,A
4-HA,619,264,0,0,0,264,A
4-HA,620,0,0,278,0,278,G
4-HA,621,0,279,0,0,279,T
4-HA,622,0,0,0,280,280,C
4-HA,623,0,281,0,0,281,T
4-HA,624,0,0,0,280,280,C
4-HA,625,0,281,0,0,281,T
4-HA,626,281,0,0,0,281,A
4-HA,627,0,280,0,0,280,T
4-HA,628,0,0,0,279,279,C
4-HA,629,278,0,0,0,278,A
4-HA,630,1,0,280,0,281,G
4-HA,631,280,0,0,0,280,A
4-HA,632,280,0,0,0,280,A
4-HA,633,0,282,0,0,282,T
4-HA,634,0,0,280,0,280,G
4-HA,635,0,0,0,280,280,C
4-HA,636,281,0,0,0,281,A
4-HA,637,0,0,280,0,280,G
4-HA,638,280,0,0,0,280,A
4-HA,639,0,279,0,0,279,T
4-HA,640,0,0,278,0,278,G
4-HA,641,0,0,0,281,281,C
4-HA,642,282,0,0,0,282,A
4-HA,643,0,281,0,0,281,T
4-HA,644,279,0,0,0,279,A
4-HA,645,0,215,0,0,215,T
4-HA,646,0,1,222,0,223,G
4-HA,647,0,184,3,0,187,T
4-HA,648,0,187,0,0,187,T
4-HA,649,0,199,0,0,199,T
4-HA,650,0,196,0,0,196,T
4-HA,651,0,193,1,0,194,T
4-HA,652,0,0,224,0,224,G
4-HA,653,0,242,0,0,242,T
4-HA,654,0,0,237,0,237,G
4-HA,655,0,0,240,0,240,G
4-HA,656,0,0,241,0,241,G
4-HA,657,1,0,242,0,243,G
4-HA,658,268,0,0,0,268,A
4-HA,659,0,0,0,291,291,C
4-HA,660,297,0,0,0,297,A
4-HA,661,0,298,0,0,298,T
4-HA,662,0,0,0,299,299,C
4-HA,663,299,0,0,0,299,A
4-HA,664,299,0,0,0,299,A
4-HA,665,0,0,298,0,298,G
4-HA,666,298,0,0,0,298,A
4-HA,667,0,298,0,0,298,T
4-HA,668,298,0,1,0,299,A
4-HA,669,0,0,0,298,298,C
4-HA,670,297,0,0,0,297,A
4-HA,671,0,0,296,0,296,G
4-HA,672,0,0,0,296,296,C
4-HA,673,296,0,0,0,296,A
4-HA,674,295,0,0,0,295,A
4-HA,675,0,0,296,0,296,G
4-HA,676,295,0,0,0,295,A
4-HA,677,293,0,1,0,294,A
4-HA,678,0,0,294,0,294,G
4-HA,679,0,294,0,0,294,T
4-HA,680,0,295,0,0,295,T
4-HA,681,0,0,0,296,296,C
4-HA,682,295,0,0,0,295,A
4-HA,683,291,0,0,0,291,A
4-HA,684,0,0,290,0,290,G
4-HA,685,0,0,0,288,288,C
4-HA,686,0,1,0,286,287,C
4-HA,687,0,0,285,0,285,G
4-HA,688,0,0,284,0,284,G
4-HA,689,282,0,0,0,282,A
4-HA,690,284,0,0,0,284,A
4-HA,691,287,0,0,0,287,A
4-HA,692,0,294,0,0,294,T
4-HA,693,290,0,0,0,290,A
4-HA,694,0,0,291,0,291,G
4-HA,695,0,0,0,291,291,C
4-HA,696,285,1,0,0,286,A
4-HA,697,285,0,0,0,285,A
4-HA,698,0,286,0,0,286,T
4-HA,699,284,0,0,0,284,A
4-HA,700,281,0,0,0,281,A
4-HA,701,0,0,281,0,281,G
4-HA,702,274,0,0,0,274,A
4-HA,703,0,2,0,266,268,C
4-HA,704,0,0,0,267,267,C
4-HA,705,0,0,0,266,266,C
4-HA,706,268,0,0,0,268,A
4-HA,707,268,0,0,0,268,A
4-HA,708,270,0,0,0,270,A
4-HA,709,0,0,278,0,278,G
4-HA,710,0,277,0,0,277,T
4-HA,711,0,0,272,0,272,G
4-HA,712,277,0,0,0,277,A
4-HA,713,0,0,269,0,269,G
4-HA,714,0,0,266,0,266,G
4-HA,715,0,1,269,0,270,G
4-HA,716,274,0,0,0,274,A
4-HA,717,0,275,0,0,275,T
4-HA,718,0,0,0,274,274,C
4-HA,719,273,0,1,0,274,A
4-HA,720,274,0,0,0,274,A
4-HA,721,0,0,272,0,272,G
4-HA,722,273,0,0,0,273,A
4-HA,723,275,0,0,0,275,A
4-HA,724,0,0,268,0,268,G
4-HA,725,0,0,269,0,269,G
4-HA,726,0,0,271,0,271,G
4-HA,727,273,0,0,0,273,A
4-HA,728,0,0,275,0,275,G
4-HA,729,277,0,0,0,277,A
4-HA,730,277,0,0,0,277,A
4-HA,731,0,276,0,0,276,T
4-HA,732,0,0,274,0,274,G
4-HA,733,275,0,0,0,275,A
4-HA,734,274,0,0,0,274,A
4-HA,735,0,0,0,273,273,C
4-HA,736,0,272,0,0,272,T
4-HA,737,270,0,0,0,270,A
4-HA,738,0,258,0,0,258,T
4-HA,739,0,257,0,0,257,T
4-HA,740,256,0,0,0,256,A
4-HA,741,0,0,0,268,268,C
4-HA,742,0,268,0,0,268,T
4-HA,743,1,0,264,0,265,G
4-HA,744,0,0,267,0,267,G
4-HA,745,267,0,0,0,267,A
4-HA,746,0,1,0,267,268,C
4-HA,747,266,0,0,0,266,A
4-HA,748,0,0,0,265,265,C
4-HA,749,0,263,0,0,263,T
4-HA,750,264,0,0,0,264,A
4-HA,751,0,0,265,0,265,G
4-HA,752,0,263,0,0,263,T
4-HA,753,262,0,0,0,262,A
4-HA,754,0,0,262,0,262,G
4-HA,755,256,0,4,0,260,A
4-HA,756,0,0,256,0,256,G
4-HA,757,0,0,0,255,255,C
4-HA,758,0,0,0,253,253,C
4-HA,759,0,0,248,0,248,G
4-HA,760,0,0,248,0,248,G
4-HA,761,0,0,250,0,250,G
4-HA,762,248,0,0,0,248,A
4-HA,763,0,0,245,0,245,G
4-HA,764,240,0,2,0,242,A
4-HA,765,0,0,0,244,244,C
4-HA,766,227,0,0,0,227,A
4-HA,767,228,0,0,0,228,A
4-HA,768,227,0,0,0,227,A
4-HA,769,228,0,0,0,228,A
4-HA,770,0,240,0,0,240,T
4-HA,771,224,0,0,0,224,A
4-HA,772,228,0,0,0,228,A
4-HA,773,0,0,0,250,250,C
4-HA,774,252,0,0,0,252,A
4-HA,775,0,253,0,0,253,T
4-HA,776,0,250,0,0,250,T
4-HA,777,0,0,0,251,251,C
4-HA,778,2,0,243,0,245,G
4-HA,779,248,0,0,0,248,A
4-HA,780,245,0,0,0,245,A
4-HA,781,0,0,245,0,245,G
4-HA,782,0,0,0,243,243,C
4-HA,783,242,0,0,0,242,A
4-HA,784,239,0,2,0,241,A
4-HA,785,0,0,0,241,241,C
4-HA,786,0,240,0,0,240,T
4-HA,787,0,0,235,0,235,G
4-HA,788,0,0,235,0,235,G
4-HA,789,236,0,0,0,236,A
4-HA,790,237,0,0,0,237,A
4-HA,791,239,0,0,0,239,A
4-HA,792,0,238,0,0,238,T
4-HA,793,0,0,0,237,237,C
4-HA,794,0,237,0,0,237,T
4-HA,795,233,0,0,0,233,A
4-HA,796,0,0,232,0,232,G
4-HA,797,0,234,0,0,234,T
4-HA,798,0,0,233,0,233,G
4-HA,799,0,0,230,0,230,G
4-HA,800,0,228,0,0,228,T
4-HA,801,229,0,0,0,229,A
4-HA,802,0,0,0,223,223,C
4-HA,803,0,0,0,223,223,C
4-HA,804,0,0,225,0,225,G
4-HA,805,225,2,0,0,227,A
4-HA,806,3,0,225,0,228,G
4-HA,807,231,0,0,0,231,A
4-HA,808,0,229,0,0,229,T
4-HA,809,229,0,0,0,229,A
4-HA,810,0,232,0,0,232,T
4-HA,811,1,0,228,0,229,G
4-HA,812,0,0,0,229,229,C
4-HA,813,228,0,0,0,228,A
4-HA,814,0,223,0,0,223,T
4-HA,815,0,222,0,0,222,T
4-HA,816,1,0,0,221,222,C
4-HA,817,0,0,218,0,218,G
4-HA,818,0,0,0,221,221,C
4-HA,819,221,0,0,0,221,A
4-HA,820,224,0,0,0,224,A
4-HA,821,0,223,0,1,224,T
4-HA,822,0,0,214,0,214,G
4-HA,823,0,0,213,0,213,G
4-HA,824,195,0,0,0,195,A
4-HA,825,195,0,0,0,195,A
4-HA,826,196,0,0,0,196,A
4-HA,827,0,0,217,0,217,G
4-HA,828,197,0,0,0,197,A
4-HA,829,203,0,0,0,203,A
4-HA,830,203,0,0,0,203,A
4-HA,831,0,227,0,0,227,T
4-HA,832,0,0,227,0,227,G
4-HA,833,0,0,0,229,229,C
4-HA,834,0,230,0,0,230,T
4-HA,835,0,0,230,0,230,G
4-HA,836,0,0,232,0,232,G
4-HA,837,232,0,0,0,232,A
4-HA,838,0,234,0,0,234,T
4-HA,839,0,0,0,233,233,C
4-HA,840,0,234,0,0,234,T
4-HA,841,0,0,230,0,230,G
4-HA,842,0,0,232,0,232,G
4-HA,843,0,234,0,0,234,T
4-HA,844,234,0,0,0,234,A
4-HA,845,0,234,0,0,234,T
4-HA,846,0,233,0,0,233,T
4-HA,847,234,0,0,0,234,A
4-HA,848,0,236,0,0,236,T
4-HA,849,0,0,0,236,236,C
4-HA,850,239,0,0,0,239,A
4-HA,851,0,225,0,0,225,T
4-HA,852,0,224,0,0,224,T
4-HA,853,0,225,0,0,225,T
4-HA,854,0,0,0,229,229,C
4-HA,855,232,0,0,0,232,A
4-HA,856,2,0,230,0,232,G
4-HA,857,234,0,0,0,234,A
4-HA,858,0,231,0,0,231,T
4-HA,859,232,0,0,0,232,A
4-HA,860,0,0,0,232,232,C
4-HA,861,230,0,0,0,230,A
4-HA,862,0,0,0,229,229,C
4-HA,863,0,0,0,225,225,C
4-HA,864,227,0,0,0,227,A
4-HA,865,0,0,226,0,226,G
4-HA,866,0,222,0,0,222,T
4-HA,867,0,0,0,220,220,C
4-HA,868,0,0,0,219,219,C
4-HA,869,221,0,0,0,221,A
4-HA,870,0,1,0,220,221,C
4-HA,871,0,0,220,0,220,G
4-HA,872,222,0,0,0,222,A
4-HA,873,0,222,0,0,222,T
4-HA,874,0,220,0,0,220,T
4-HA,875,0,0,222,0,222,G
4-HA,876,0,0,0,222,222,C
4-HA,877,221,0,0,0,221,A
4-HA,878,223,0,0,0,223,A
4-HA,879,0,224,0,0,224,T
4-HA,880,224,0,0,0,224,A
4-HA,881,0,1,0,225,226,C
4-HA,882,222,0,0,0,222,A
4-HA,883,223,0,0,0,223,A
4-HA,884,0,0,0,222,222,C
4-HA,885,0,220,0,0,220,T
4-HA,886,0,220,0,0,220,T
4-HA,887,0,0,221,0,221,G
4-HA,888,0,221,0,0,221,T
4-HA,889,0,0,0,222,222,C
4-HA,890,223,0,0,0,223,A
4-HA,891,0,0,220,0,220,G
4-HA,892,222,0,0,0,222,A
4-HA,893,0,0,0,221,221,C
4-HA,894,217,0,0,0,217,A
4-HA,895,0,0,0,211,211,C
4-HA,896,0,0,0,212,212,C
4-HA,897,0,0,0,213,213,C
4-HA,898,219,0,0,0,219,A
4-HA,899,219,0,0,0,219,A
4-HA,900,0,0,213,0,213,G
4-HA,901,0,0,208,0,208,G
4-HA,902,0,0,209,0,209,G
4-HA,903,0,213,0,1,214,T
4-HA,904,0,0,214,0,214,G
4-HA,905,0,0,0,219,219,C
4-HA,906,0,220,0,0,220,T
4-HA,907,221,0,0,0,221,A
4-HA,908,0,218,0,0,218,T
4-HA,909,204,0,0,0,204,A
4-HA,910,202,0,0,0,202,A
4-HA,911,203,0,0,0,203,A
4-HA,912,0,0,0,216,216,C
4-HA,913,210,0,0,0,210,A
4-HA,914,0,0,0,217,217,C
4-HA,915,0,0,0,216,216,C
4-HA,916,218,0,0,0,218,A
4-HA,917,0,0,217,0,217,G
4-HA,918,0,0,0,215,215,C
4-HA,919,0,0,0,214,214,C
4-HA,920,0,214,0,0,214,T
4-HA,921,0,0,0,205,205,C
4-HA,922,0,0,0,205,205,C
4-HA,923,0,0,0,205,205,C
4-HA,924,217,0,0,0,217,A
4-HA,925,0,207,0,0,207,T
4-HA,926,0,209,0,0,209,T
4-HA,927,0,210,0,0,210,T
4-HA,928,0,0,0,222,222,C
4-HA,929,223,0,0,0,223,A
4-HA,930,0,0,224,0,224,G
4-HA,931,224,0,0,0,224,A
4-HA,932,228,0,0,0,228,A
4-HA,933,0,231,0,0,231,T
4-HA,934,236,0,0,0,236,A
4-HA,935,0,236,0,0,236,T
4-HA,936,237,0,0,0,237,A
4-HA,937,0,0,0,238,238,C
4-HA,938,241,0,0,0,241,A
4-HA,939,0,239,0,0,239,T
4-HA,940,0,0,0,239,239,C
4-HA,941,0,0,0,240,240,C
4-HA,942,0,0,243,0,243,G
4-HA,943,248,0,0,0,248,A
4-HA,944,0,250,0,0,250,T
4-HA,945,0,0,0,249,249,C
4-HA,946,248,0,0,0,248,A
4-HA,947,0,0,0,249,249,C
4-HA,948,249,0,0,0,249,A
4-HA,949,251,0,0,0,251,A
4-HA,950,0,250,0,0,250,T
4-HA,951,0,249,0,0,249,T
4-HA,952,0,0,243,0,243,G
4-HA,953,1,0,242,0,243,G
4-HA,954,218,0,1,0,219,A
4-HA,955,222,0,0,0,222,A
4-HA,956,222,0,0,0,222,A
4-HA,957,224,0,0,0,224,A
4-HA,958,0,248,0,0,248,T
4-HA,959,0,0,255,0,255,G
4-HA,960,0,254,0,0,254,T
4-HA,961,0,0,0,252,252,C
4-HA,962,0,0,0,254,254,C
4-HA,963,232,0,0,0,232,A
4-HA,964,233,0,0,0,233,A
4-HA,965,232,0,0,0,232,A
4-HA,966,237,0,0,0,237,A
4-HA,967,0,259,0,0,259,T
4-HA,968,247,0,0,0,247,A
4-HA,969,0,265,0,0,265,T
4-HA,970,0,1,258,0,259,G
4-HA,971,0,236,0,0,236,T
4-HA,972,189,0,0,0,189,A
4-HA,973,188,0,0,0,188,A
4-HA,974,192,0,0,0,192,A
4-HA,975,192,0,0,0,192,A
4-HA,976,195,0,0,0,195,A
4-HA,977,0,0,251,0,251,G
4-HA,978,0,0,0,265,265,C
4-HA,979,262,0,0,0,262,A
4-HA,980,0,0,0,268,268,C
4-HA,981,244,0,0,0,244,A
4-HA,982,247,0,0,0,247,A
4-HA,983,250,0,0,0,250,A
4-HA,984,252,0,0,0,252,A
4-HA,985,0,271,0,0,271,T
4-HA,986,0,274,0,0,274,T
4-HA,987,0,0,278,0,278,G
4-HA,988,279,0,0,0,279,A
4-HA,989,0,0,282,0,282,G
4-HA,990,283,0,0,0,283,A
4-HA,991,0,0,0,285,285,C
4-HA,992,0,285,0,0,285,T
4-HA,993,0,0,284,0,284,G
4-HA,994,0,0,284,0,284,G
4-HA,995,0,0,0,283,283,C
4-HA,996,0,0,0,282,282,C
4-HA,997,285,0,0,0,285,A
4-HA,998,0,0,0,287,287,C
4-HA,999,287,0,0,0,287,A
4-HA,1000,0,0,288,0,288,G
4-HA,1001,0,0,291,0,291,G
4-HA,1002,292,0,0,0,292,A
4-HA,1003,0,293,0,0,293,T
4-HA,1004,0,293,0,0,293,T
4-HA,1005,0,0,292,0,292,G
4-HA,1006,293,0,0,0,293,A
4-HA,1007,0,0,293,0,293,G
4-HA,1008,0,0,295,0,295,G
4-HA,1009,294,0,0,0,294,A
4-HA,1010,294,0,0,0,294,A
4-HA,1011,0,295,0,0,295,T
4-HA,1012,0,0,291,0,291,G
4-HA,1013,0,294,0,2,296,T
4-HA,1014,0,0,0,287,287,C
4-HA,1015,0,0,0,286,286,C
4-HA,1016,0,0,0,290,290,C
4-HA,1017,0,0,296,0,296,G
4-HA,1018,0,300,0,0,300,T
4-HA,1019,0,0,0,296,296,C
4-HA,1020,0,303,0,0,303,T
4-HA,1021,306,0,0,0,306,A
4-HA,1022,0,308,0,0,308,T
4-HA,1023,0,307,0,1,308,T
4-HA,1024,0,0,0,308,308,C
4-HA,1025,306,0,0,0,306,A
4-HA,1026,317,0,1,0,318,A
4-HA,1027,0,318,0,0,318,T
4-HA,1028,0,0,0,320,320,C
4-HA,1029,0,320,0,0,320,T
4-HA,1030,324,0,0,0,324,A
4-HA,1031,0,0,323,0,323,G
4-HA,1032,324,0,0,0,324,A
4-HA,1033,0,0,321,0,321,G
4-HA,1034,0,0,321,0,321,G
4-HA,1035,0,0,0,319,319,C
4-HA,1036,0,0,0,319,319,C
4-HA,1037,0,317,0,0,317,T
4-HA,1038,319,0,0,0,319,A
4-HA,1039,0,302,0,0,302,T
4-HA,1040,0,297,0,0,297,T
4-HA,1041,0,295,0,0,295,T
4-HA,1042,0,0,273,0,273,G
4-HA,1043,0,0,278,0,278,G
4-HA,1044,0,0,279,0,279,G
4-HA,1045,0,0,275,0,275,G
4-HA,1046,0,0,0,306,306,C
4-HA,1047,0,0,0,309,309,C
4-HA,1048,316,0,0,0,316,A
4-HA,1049,0,314,0,0,314,T
4-HA,1050,0,316,0,0,316,T
4-HA,1051,0,0,314,0,314,G
4-HA,1052,0,1,0,302,303,C
4-HA,1053,0,0,0,303,303,C
4-HA,1054,1,0,283,0,284,G
4-HA,1055,0,0,285,0,285,G
4-HA,1056,0,263,0,0,263,T
4-HA,1057,0,253,0,0,253,T
4-HA,1058,0,255,0,0,255,T
4-HA,1059,0,0,0,302,302,C
4-HA,1060,312,0,0,0,312,A
4-HA,1061,0,312,0,0,312,T
4-HA,1062,0,313,0,0,313,T
4-HA,1063,0,0,297,0,297,G
4-HA,1064,270,0,0,0,270,A
4-HA,1065,270,0,0,0,270,A
4-HA,1066,0,0,179,0,179,G
4-HA,1067,0,0,180,0,180,G
4-HA,1068,0,0,185,0,185,G
4-HA,1069,0,0,185,0,185,G
4-HA,1070,0,0,186,0,186,G
4-HA,1071,242,0,7,0,249,A
4-HA,1072,0,324,0,0,324,T
4-HA,1073,0,0,330,0,330,G
4-HA,1074,1,0,330,0,331,G
4-HA,1075,334,0,0,0,334,A
4-HA,1076,0,1,0,339,340,C
4-HA,1077,343,0,0,0,343,A
4-HA,1078,0,0,330,0,330,G
4-HA,1079,0,0,332,0,332,G
4-HA,1080,0,0,338,0,338,G
4-HA,1081,348,0,1,0,349,A
4-HA,1082,0,351,0,0,351,T
4-HA,1083,0,0,350,0,350,G
4-HA,1084,0,0,352,0,352,G
4-HA,1085,0,353,0,0,353,T
4-HA,1086,355,0,0,0,355,A
4-HA,1087,0,0,355,0,355,G
4-HA,1088,355,0,0,0,355,A
4-HA,1089,0,353,0,0,353,T
4-HA,1090,0,0,352,0,352,G
4-HA,1091,0,0,351,0,351,G
4-HA,1092,349,0,0,0,349,A
4-HA,1093,0,351,0,0,351,T
4-HA,1094,0,0,349,0,349,G
4-HA,1095,0,0,350,0,350,G
4-HA,1096,0,351,0,0,351,T
4-HA,1097,352,0,0,0,352,A
4-HA,1098,0,0,0,351,351,C
4-HA,1099,0,0,347,0,347,G
4-HA,1100,0,0,349,0,349,G
4-HA,1101,0,348,0,0,348,T
4-HA,1102,0,348,0,0,348,T
4-HA,1103,353,0,0,0,353,A
4-HA,1104,0,359,0,0,359,T
4-HA,1105,0,0,0,359,359,C
4-HA,1106,360,0,0,0,360,A
4-HA,1107,0,0,0,361,361,C
4-HA,1108,0,0,0,363,363,C
4-HA,1109,365,0,0,0,365,A
4-HA,1110,0,365,0,0,365,T
4-HA,1111,0,0,0,354,354,C
4-HA,1112,318,0,0,0,318,A
4-HA,1113,315,0,0,0,315,A
4-HA,1114,310,0,0,0,310,A
4-HA,1115,309,0,0,0,309,A
4-HA,1116,0,352,0,0,352,T
4-HA,1117,0,0,356,0,356,G
4-HA,1118,362,0,1,0,363,A
4-HA,1119,0,0,365,0,365,G
4-HA,1120,0,0,0,365,365,C
4-HA,1121,352,0,0,0,352,A
4-HA,1122,0,0,309,0,309,G
4-HA,1123,0,1,309,0,310,G
4-HA,1124,0,0,311,0,311,G
4-HA,1125,1,0,307,0,308,G
4-HA,1126,0,327,0,0,327,T
4-HA,1127,0,0,0,348,348,C
4-HA,1128,354,0,0,0,354,A
4-HA,1129,0,0,352,0,352,G
4-HA,1130,0,0,352,0,352,G
4-HA,1131,351,0,0,0,351,A
4-HA,1132,0,352,0,0,352,T
4-HA,1133,352,0,0,0,352,A
4-HA,1134,0,352,0,0,352,T
4-HA,1135,0,0,351,0,351,G
4-HA,1136,0,0,0,350,350,C
4-HA,1137,346,0,0,0,346,A
4-HA,1138,0,0,346,0,346,G
4-HA,1139,2,0,0,337,339,C
4-HA,1140,0,0,0,341,341,C
4-HA,1141,0,0,338,0,338,G
4-HA,1142,336,0,0,0,336,A
4-HA,1143,0,0,0,335,335,C
4-HA,1144,0,0,0,336,336,C
4-HA,1145,0,342,0,0,342,T
4-HA,1146,1,1,340,0,342,G
4-HA,1147,339,0,0,0,339,A
4-HA,1148,337,0,0,0,337,A
4-HA,1149,0,0,338,0,338,G
4-HA,1150,340,0,0,0,340,A
4-HA,1151,0,0,342,0,342,G
4-HA,1152,0,0,0,343,343,C
4-HA,1153,343,0,0,0,343,A
4-HA,1154,0,0,0,343,343,C
4-HA,1155,341,0,0,0,341,A
4-HA,1156,0,0,0,341,341,C
4-HA,1157,341,0,0,0,341,A
4-HA,1158,0,0,337,0,337,G
4-HA,1159,337,0,0,0,337,A
4-HA,1160,336,0,0,0,336,A
4-HA,1161,1,335,0,0,336,T
4-HA,1162,0,0,338,0,338,G
4-HA,1163,0,0,0,336,336,C
4-HA,1164,0,0,0,336,336,C
4-HA,1165,330,0,0,0,330,A
4-HA,1166,0,330,0,0,330,T
4-HA,1167,0,331,0,0,331,T
4-HA,1168,0,0,340,0,340,G
4-HA,1169,339,0,0,0,339,A
4-HA,1170,0,0,0,339,339,C
4-HA,1171,1,0,338,0,339,G
4-HA,1172,340,0,0,0,340,A
4-HA,1173,0,0,340,0,340,G
4-HA,1174,340,0,0,0,340,A
4-HA,1175,0,336,0,0,336,T
4-HA,1176,0,336,0,0,336,T
4-HA,1177,334,0,0,0,334,A
4-HA,1178,0,0,0,332,332,C
4-HA,1179,0,325,0,0,325,T
4-HA,1180,320,0,0,0,320,A
4-HA,1181,288,0,0,0,288,A
4-HA,1182,0,0,0,276,276,C
4-HA,1183,229,0,0,0,229,A
4-HA,1184,229,0,0,0,229,A
4-HA,1185,231,0,0,0,231,A
4-HA,1186,0,0,258,0,258,G
4-HA,1187,0,261,0,0,261,T
4-HA,1188,243,0,0,0,243,A
4-HA,1189,238,0,0,0,238,A
4-HA,1190,240,0,0,0,240,A
4-HA,1191,0,256,0,0,256,T
4-HA,1192,0,256,0,0,256,T
4-HA,1193,0,0,0,258,258,C
4-HA,1194,0,259,0,0,259,T
4-HA,1195,0,0,261,0,261,G
4-HA,1196,0,241,0,0,241,T
4-HA,1197,0,240,0,1,241,T
4-HA,1198,241,0,0,0,241,A
4-HA,1199,0,254,0,0,254,T
4-HA,1200,0,251,0,0,251,T
4-HA,1201,0,0,250,0,250,G
4-HA,1202,238,0,0,0,238,A
4-HA,1203,238,0,0,0,238,A
4-HA,1204,238,0,0,0,238,A
4-HA,1205,237,0,0,0,237,A
4-HA,1206,0,0,249,0,249,G
4-HA,1207,239,0,2,0,241,A
4-HA,1208,0,252,0,0,252,T
4-HA,1209,0,0,251,0,251,G
4-HA,1210,251,0,0,0,251,A
4-HA,1211,251,0,0,0,251,A
4-HA,1212,0,252,0,0,252,T
4-HA,1213,252,0,0,0,252,A
4-HA,1214,0,0,0,252,252,C
4-HA,1215,252,0,0,0,252,A
4-HA,1216,0,0,0,252,252,C
4-HA,1217,251,0,0,0,251,A
4-HA,1218,0,0,248,0,248,G
4-HA,1219,0,248,0,0,248,T
4-HA,1220,0,248,0,0,248,T
4-HA,1221,0,0,0,248,248,C
4-HA,1222,249,0,0,0,249,A
4-HA,1223,0,0,0,249,249,C
4-HA,1224,249,0,0,0,249,A
4-HA,1225,0,0,248,0,248,G
4-HA,1226,0,0,0,248,248,C
4-HA,1227,246,0,0,0,246,A
4-HA,1228,0,0,246,0,246,G
4-HA,1229,0,245,0,0,245,T
4-HA,1230,241,0,0,0,241,A
4-HA,1231,1,0,239,0,240,G
4-HA,1232,0,0,238,0,238,G
4-HA,1233,0,234,0,0,234,T
4-HA,1234,229,0,0,0,229,A
4-HA,1235,228,0,0,0,228,A
4-HA,1236,228,0,0,0,228,A
4-HA,1237,0,0,234,0,234,G
4-HA,1238,230,0,0,0,230,A
4-HA,1239,0,0,228,0,228,G
4-HA,1240,0,226,0,1,227,T
4-HA,1241,0,225,0,0,225,T
4-HA,1242,0,0,0,221,221,C
4-HA,1243,203,0,0,0,203,A
4-HA,1244,202,0,1,0,203,A
4-HA,1245,0,0,0,195,195,C
4-HA,1246,0,0,0,188,188,C
4-HA,1247,175,0,0,0,175,A
4-HA,1248,0,0,0,172,172,C
4-HA,1249,0,0,0,172,172,C
4-HA,1250,0,174,0,0,174,T
4-HA,1251,0,0,157,0,157,G
4-HA,1252,0,0,157,0,157,G
4-HA,1253,94,0,0,0,94,A
4-HA,1254,97,0,0,0,97,A
4-HA,1255,100,0,0,0,100,A
4-HA,1256,98,0,0,0,98,A
4-HA,1257,95,0,0,0,95,A
4-HA,1258,94,0,0,0,94,A
4-HA,1259,0,0,120,0,120,G
4-HA,1260,82,0,0,0,82,A
4-HA,1261,97,0,0,0,97,A
4-HA,1262,0,137,0,0,137,T
4-HA,1263,135,0,1,0,136,A
4-HA,1264,0,0,136,0,136,G
4-HA,1265,136,0,0,0,136,A
4-HA,1266,0,0,137,0,137,G
4-HA,1267,131,0,0,0,131,A
4-HA,1268,130,0,0,0,130,A
4-HA,1269,0,128,0,0,128,T
4-HA,1270,0,125,0,0,125,T
4-HA,1271,0,125,0,0,125,T
4-HA,1272,107,0,0,0,107,A
4-HA,1273,101,0,0,0,101,A
4-HA,1274,93,0,0,0,93,A
4-HA,1275,0,86,0,0,86,T
4-HA,1276,78,0,0,0,78,A
4-HA,1277,88,0,0,0,88,A
4-HA,1278,90,0,0,0,90,A
4-HA,1279,88,0,0,0,88,A
4-HA,1280,88,0,0,0,88,A
4-HA,1281,0,0,120,0,120,G
4-HA,1282,0,0,176,0,176,G
4-HA,1283,0,199,0,0,199,T
4-HA,1284,0,202,0,0,202,T
4-HA,1285,0,0,205,0,205,G
4-HA,1286,207,0,0,0,207,A
4-HA,1287,0,209,0,0,209,T
4-HA,1288,0,0,208,0,208,G
4-HA,1289,208,0,0,0,208,A
4-HA,1290,0,205,0,0,205,T
4-HA,1291,0,0,206,0,206,G
4-HA,1292,0,0,206,0,206,G
4-HA,1293,0,203,0,0,203,T
4-HA,1294,0,202,0,0,202,T
4-HA,1295,0,202,0,0,202,T
4-HA,1296,0,0,0,207,207,C
4-HA,1297,0,0,0,208,208,C
4-HA,1298,0,217,0,1,218,T
4-HA,1299,0,0,219,0,219,G
4-HA,1300,0,0,218,0,218,G
4-HA,1301,218,0,0,0,218,A
4-HA,1302,0,0,0,220,220,C
4-HA,1303,220,0,0,0,220,A
4-HA,1304,0,216,0,0,216,T
4-HA,1305,0,214,0,0,214,T
4-HA,1306,0,213,0,0,213,T
4-HA,1307,0,0,224,0,224,G
4-HA,1308,0,0,224,0,224,G
4-HA,1309,223,0,1,0,224,A
4-HA,1310,0,0,0,224,224,C
4-HA,1311,0,222,0,0,222,T
4-HA,1312,0,222,0,0,222,T
4-HA,1313,223,0,0,0,223,A
4-HA,1314,0,0,0,226,226,C
4-HA,1315,225,0,0,0,225,A
4-HA,1316,225,0,0,0,225,A
4-HA,1317,0,225,0,0,225,T
4-HA,1318,0,0,224,0,224,G
4-HA,1319,0,0,0,222,222,C
4-HA,1320,0,0,0,222,222,C
4-HA,1321,0,0,223,0,223,G
4-HA,1322,225,0,0,0,225,A
4-HA,1323,225,0,0,0,225,A
4-HA,1324,0,0,0,225,225,C
4-HA,1325,0,223,0,0,223,T
4-HA,1326,0,0,222,0,222,G
4-HA,1327,0,218,0,0,218,T
4-HA,1328,0,218,0,0,218,T
4-HA,1329,0,0,219,0,219,G
4-HA,1330,0,0,219,0,219,G
4-HA,1331,0,222,0,0,222,T
4-HA,1332,0,219,0,0,219,T
4-HA,1333,0,0,0,220,220,C
4-HA,1334,0,219,0,0,219,T
4-HA,1335,222,0,0,0,222,A
4-HA,1336,0,223,0,0,223,T
4-HA,1337,0,219,0,0,219,T
4-HA,1338,0,0,218,0,218,G
4-HA,1339,0,0,218,0,218,G
4-HA,1340,214,0,0,0,214,A
4-HA,1341,213,0,0,0,213,A
4-HA,1342,213,0,0,0,213,A
4-HA,1343,210,0,1,1,212,A
4-HA,1344,0,219,0,0,219,T
4-HA,1345,0,0,221,0,221,G
4-HA,1346,209,0,0,0,209,A
4-HA,1347,209,0,0,0,209,A
4-HA,1348,209,0,0,0,209,A
4-HA,1349,0,0,224,0,224,G
4-HA,1350,221,0,0,0,221,A
4-HA,1351,223,0,0,0,223,A
4-HA,1352,0,0,0,225,225,C
4-HA,1353,0,223,0,0,223,T
4-HA,1354,0,223,0,0,223,T
4-HA,1355,0,223,0,0,223,T
4-HA,1356,0,0,224,0,224,G
4-HA,1357,0,0,224,0,224,G
4-HA,1358,224,0,0,0,224,A
4-HA,1359,0,0,0,224,224,C
4-HA,1360,0,225,0,0,225,T
4-HA,1361,222,0,0,0,222,A
4-HA,1362,0,3,0,219,222,C
4-HA,1363,0,0,0,221,221,C
4-HA,1364,224,0,0,0,224,A
4-HA,1365,0,0,0,224,224,C
4-HA,1366,0,0,223,0,223,G
4-HA,1367,223,0,0,0,223,A
4-HA,1368,0,223,0,0,223,T
4-HA,1369,0,223,0,0,223,T
4-HA,1370,0,0,0,222,222,C
4-HA,1371,214,0,0,0,214,A
4-HA,1372,214,0,0,0,214,A
4-HA,1373,213,0,0,0,213,A
4-HA,1374,0,221,0,0,221,T
4-HA,1375,0,0,220,0,220,G
4-HA,1376,0,220,0,0,220,T
4-HA,1377,0,0,220,0,220,G
4-HA,1378,221,0,0,0,221,A
4-HA,1379,221,0,0,0,221,A
4-HA,1380,0,0,221,0,221,G
4-HA,1381,221,0,0,0,221,A
4-HA,1382,221,0,0,0,221,A
4-HA,1383,0,0,0,221,221,C
4-HA,1384,0,222,0,0,222,T
4-HA,1385,0,220,0,0,220,T
4-HA,1386,217,0,0,0,217,A
4-HA,1387,0,217,0,0,217,T
4-HA,1388,217,0,0,0,217,A
4-HA,1389,0,217,0,0,217,T
4-HA,1390,0,0,216,0,216,G
4-HA,1391,206,0,0,0,206,A
4-HA,1392,207,0,0,0,207,A
4-HA,1393,203,0,0,0,203,A
4-HA,1394,203,0,0,0,203,A
4-HA,1395,0,0,207,0,207,G
4-HA,1396,0,0,201,0,201,G
4-HA,1397,0,192,0,0,192,T
4-HA,1398,172,0,0,0,172,A
4-HA,1399,171,0,0,0,171,A
4-HA,1400,0,0,188,0,188,G
4-HA,1401,191,0,0,0,191,A
4-HA,1402,192,0,0,0,192,A
4-HA,1403,0,0,192,0,192,G
4-HA,1404,0,0,0,192,192,C
4-HA,1405,0,0,0,192,192,C
4-HA,1406,109,0,0,0,109,A
4-HA,1407,0,0,185,0,185,G
4-HA,1408,0,105,0,4,109,T
4-HA,1409,0,130,0,0,130,T
4-HA,1410,80,25,0,0,105,A
4-HA,1411,90,0,0,0,90,A
4-HA,1412,94,0,0,0,94,A
4-HA,1413,93,0,0,0,93,A
4-HA,1414,93,0,0,0,93,A
4-HA,1415,96,0,0,0,96,A
4-HA,1416,0,0,0,175,175,C
4-HA,1417,206,0,0,0,206,A
4-HA,1418,230,0,0,0,230,A
4-HA,1419,0,287,0,0,287,T
4-HA,1420,0,0,297,0,297,G
4-HA,1421,0,0,0,298,298,C
4-HA,1422,0,0,0,299,299,C
4-HA,1423,299,0,0,0,299,A
4-HA,1424,308,0,0,0,308,A
4-HA,1425,0,0,328,0,328,G
4-HA,1426,0,0,328,0,328,G
4-HA,1427,324,0,0,0,324,A
4-HA,1428,324,0,0,0,324,A
4-HA,1429,324,0,0,0,324,A
4-HA,1430,0,344,0,0,344,T
4-HA,1431,0,344,0,0,344,T
4-HA,1432,0,0,340,0,340,G
4-HA,1433,0,0,341,0,341,G
4-HA,1434,332,0,0,0,332,A
4-HA,1435,331,0,0,0,331,A
4-HA,1436,332,0,0,0,332,A
4-HA,1437,0,0,0,347,347,C
4-HA,1438,0,0,351,0,351,G
4-HA,1439,0,0,353,0,353,G
4-HA,1440,0,0,0,355,355,C
4-HA,1441,0,355,0,0,355,T
4-HA,1442,1,0,354,0,355,G
4-HA,1443,0,0,0,355,355,C
4-HA,1444,0,346,0,1,347,T
4-HA,1445,0,345,0,0,345,T
4-HA,1446,0,345,0,0,345,T
4-HA,1447,2,0,353,0,355,G
4-HA,1448,355,0,0,0,355,A
4-HA,1449,355,0,0,0,355,A
4-HA,1450,0,347,0,0,347,T
4-HA,1451,0,346,0,0,346,T
4-HA,1452,0,347,0,0,347,T
4-HA,1453,0,348,0,0,348,T
4-HA,1454,360,0,0,0,360,A
4-HA,1455,0,0,0,364,364,C
4-HA,1456,0,2,0,364,366,C
4-HA,1457,364,0,0,0,364,A
4-HA,1458,0,0,0,367,367,C
4-HA,1459,344,0,0,0,344,A
4-HA,1460,347,0,0,0,347,A
4-HA,1461,346,0,0,0,346,A
4-HA,1462,0,373,0,0,373,T
4-HA,1463,0,0,374,0,374,G
4-HA,1464,0,0,0,378,378,C
4-HA,1465,0,0,378,0,378,G
4-HA,1466,378,0,0,0,378,A
4-HA,1467,0,377,0,0,377,T
4-HA,1468,376,0,0,0,376,A
4-HA,1469,376,0,0,0,376,A
4-HA,1470,0,0,0,377,377,C
4-HA,1471,379,0,0,0,379,A
4-HA,1472,0,0,0,379,379,C
4-HA,1473,0,0,379,0,379,G
4-HA,1474,0,379,0,0,379,T
4-HA,1475,1,0,377,0,378,G
4-HA,1476,0,0,0,378,378,C
4-HA,1477,378,0,0,0,378,A
4-HA,1478,0,378,0,0,378,T
4-HA,1479,0,0,377,0,377,G
4-HA,1480,0,0,377,0,377,G
4-HA,1481,367,0,0,0,367,A
4-HA,1482,366,0,0,0,366,A
4-HA,1483,365,0,0,0,365,A
4-HA,1484,0,0,371,0,371,G
4-HA,1485,0,371,0,0,371,T
4-HA,1486,0,0,370,0,370,G
4-HA,1487,0,369,0,0,369,T
4-HA,1488,0,0,0,363,363,C
4-HA,1489,331,0,0,0,331,A
4-HA,1490,330,0,0,0,330,A
4-HA,1491,333,0,0,0,333,A
4-HA,1492,333,0,0,0,333,A
4-HA,1493,332,0,0,0,332,A
4-HA,1494,0,366,0,0,366,T
4-HA,1495,1,0,352,0,353,G
4-HA,1496,0,0,355,0,355,G
4-HA,1497,0,0,355,0,355,G
4-HA,1498,371,0,1,0,372,A
4-HA,1499,0,0,0,370,370,C
4-HA,1500,0,367,0,0,367,T
4-HA,1501,0,367,0,0,367,T
4-HA,1502,372,0,0,0,372,A
4-HA,1503,0,377,0,0,377,T
4-HA,1504,0,0,376,0,376,G
4-HA,1505,375,0,1,0,376,A
4-HA,1506,0,1,0,372,373,C
4-HA,1507,0,375,0,0,375,T
4-HA,1508,359,0,0,0,359,A
4-HA,1509,0,0,0,366,366,C
4-HA,1510,0,1,0,365,366,C
4-HA,1511,0,0,0,367,367,C
4-HA,1512,363,0,0,0,363,A
4-HA,1513,363,0,0,0,363,A
4-HA,1514,364,0,0,0,364,A
4-HA,1515,361,0,0,0,361,A
4-HA,1516,0,368,0,0,368,T
4-HA,1517,366,0,0,0,366,A
4-HA,1518,0,0,0,372,372,C
4-HA,1519,0,373,0,0,373,T
4-HA,1520,0,0,0,372,372,C
4-HA,1521,372,0,0,0,372,A
4-HA,1522,0,0,372,0,372,G
4-HA,1523,371,0,0,0,371,A
4-HA,1524,0,0,367,0,367,G
4-HA,1525,0,0,367,0,367,G
4-HA,1526,368,0,0,0,368,A
4-HA,1527,368,0,0,0,368,A
4-HA,1528,0,0,370,0,370,G
4-HA,1529,0,0,0,370,370,C
4-HA,1530,343,0,0,0,343,A
4-HA,1531,343,0,0,0,343,A
4-HA,1532,338,0,0,0,338,A
4-HA,1533,337,0,0,0,337,A
4-HA,1534,0,347,0,0,347,T
4-HA,1535,0,346,0,0,346,T
4-HA,1536,322,0,0,0,322,A
4-HA,1537,324,0,0,0,324,A
4-HA,1538,330,0,0,0,330,A
4-HA,1539,0,0,0,366,366,C
4-HA,1540,372,0,0,0,372,A
4-HA,1541,0,0,374,0,374,G
4-HA,1542,374,0,0,0,374,A
4-HA,1543,0,0,372,0,372,G
4-HA,1544,367,0,0,0,367,A
4-HA,1545,363,0,2,0,365,A
4-HA,1546,0,0,373,0,373,G
4-HA,1547,371,0,0,0,371,A
4-HA,1548,371,0,0,0,371,A
4-HA,1549,371,0,0,0,371,A
4-HA,1550,0,374,0,0,374,T
4-HA,1551,374,0,0,0,374,A
4-HA,1552,0,0,374,0,374,G
4-HA,1553,374,0,0,0,374,A
4-HA,1554,0,373,0,0,373,T
4-HA,1555,1,0,365,0,366,G
4-HA,1556,0,0,366,0,366,G
4-HA,1557,0,0,367,0,367,G
4-HA,1558,0,0,366,0,366,G
4-HA,1559,0,369,0,0,369,T
4-HA,1560,365,0,0,0,365,A
4-HA,1561,364,0,0,0,364,A
4-HA,1562,365,0,0,0,365,A
4-HA,1563,1,0,360,0,361,G
4-HA,1564,0,0,0,372,372,C
4-HA,1565,0,373,0,1,374,T
4-HA,1566,0,0,375,0,375,G
4-HA,1567,0,0,376,0,376,G
4-HA,1568,375,0,1,0,376,A
4-HA,1569,374,0,2,0,376,A
4-HA,1570,0,376,0,0,376,T
4-HA,1571,1,0,0,375,376,C
4-HA,1572,376,0,0,0,376,A
4-HA,1573,376,0,0,0,376,A
4-HA,1574,0,0,0,374,374,C
4-HA,1575,372,0,0,0,372,A
4-HA,1576,372,0,0,0,372,A
4-HA,1577,0,0,373,0,373,G
4-HA,1578,0,0,373,0,373,G
4-HA,1579,374,0,0,0,374,A
4-HA,1580,0,363,0,0,363,T
4-HA,1581,0,361,0,0,361,T
4-HA,1582,0,361,0,1,362,T
4-HA,1583,371,0,0,0,371,A
4-HA,1584,0,0,0,376,376,C
4-HA,1585,0,0,0,378,378,C
4-HA,1586,381,0,0,0,381,A
4-HA,1587,0,0,380,0,380,G
4-HA,1588,379,0,0,0,379,A
4-HA,1589,0,372,0,0,372,T
4-HA,1590,0,374,0,0,374,T
4-HA,1591,0,374,0,0,374,T
4-HA,1592,0,374,0,0,374,T
4-HA,1593,0,0,383,0,383,G
4-HA,1594,0,0,383,0,383,G
4-HA,1595,0,0,0,387,387,C
4-HA,1596,1,0,387,0,388,G
4-HA,1597,388,0,0,0,388,A
4-HA,1598,0,388,0,0,388,T
4-HA,1599,0,0,0,388,388,C
4-HA,1600,0,388,0,0,388,T
4-HA,1601,388,0,0,0,388,A
4-HA,1602,0,387,0,0,387,T
4-HA,1603,0,387,0,0,387,T
4-HA,1604,0,0,0,387,387,C
4-HA,1605,383,0,0,0,383,A
4-HA,1606,383,0,0,0,383,A
4-HA,1607,0,1,0,382,383,C
4-HA,1608,0,388,0,0,388,T
4-HA,1609,0,0,388,0,388,G
4-HA,1610,0,388,0,0,388,T
4-HA,1611,0,0,0,388,388,C
4-HA,1612,0,0,388,0,388,G
4-HA,1613,0,1,0,384,385,C
4-HA,1614,0,0,0,384,384,C
4-HA,1615,383,0,0,0,383,A
4-HA,1616,0,0,384,0,384,G
4-HA,1617,0,386,0,0,386,T
4-HA,1618,0,385,0,0,385,T
4-HA,1619,0,0,0,387,387,C
4-HA,1620,387,0,0,0,387,A
4-HA,1621,0,388,0,0,388,T
4-HA,1622,0,388,0,0,388,T
4-HA,1623,0,0,386,0,386,G
4-HA,1624,0,0,386,0,386,G
4-HA,1625,0,386,0,0,386,T
4-HA,1626,388,0,0,0,388,A
4-HA,1627,0,0,0,388,388,C
4-HA,1628,0,388,0,0,388,T
4-HA,1629,0,0,386,0,386,G
4-HA,1630,0,0,384,0,384,G
4-HA,1631,0,383,0,0,383,T
4-HA,1632,384,0,0,0,384,A
4-HA,1633,0,0,384,0,384,G
4-HA,1634,0,381,0,1,382,T
4-HA,1635,0,0,0,373,373,C
4-HA,1636,0,378,0,0,378,T
4-HA,1637,0,0,0,357,357,C
4-HA,1638,0,0,0,356,356,C
4-HA,1639,1,0,0,357,358,C
4-HA,1640,0,374,0,0,374,T
4-HA,1641,0,0,358,0,358,G
4-HA,1642,2,0,360,0,362,G
4-HA,1643,0,0,361,0,361,G
4-HA,1644,0,0,361,0,361,G
4-HA,1645,0,0,360,0,360,G
4-HA,1646,0,0,0,384,384,C
4-HA,1647,384,0,0,0,384,A
4-HA,1648,386,0,0,0,386,A
4-HA,1649,0,388,0,0,388,T
4-HA,1650,0,0,0,388,388,C
4-HA,1651,388,0,0,0,388,A
4-HA,1652,0,0,386,0,386,G
4-HA,1653,0,382,0,1,383,T
4-HA,1654,0,382,1,0,383,T
4-HA,1655,0,383,0,0,383,T
4-HA,1656,0,0,0,390,390,C
4-HA,1657,0,390,0,0,390,T
4-HA,1658,0,0,389,0,389,G
4-HA,1659,0,0,388,0,388,G
4-HA,1660,389,0,0,0,389,A
4-HA,1661,0,392,0,0,392,T
4-HA,1662,1,0,391,0,392,G
4-HA,1663,0,392,0,0,392,T
4-HA,1664,0,0,392,0,392,G
4-HA,1665,0,0,0,391,391,C
4-HA,1666,0,391,0,0,391,T
4-HA,1667,0,0,0,390,390,C
4-HA,1668,0,387,0,0,387,T
4-HA,1669,387,0,0,0,387,A
4-HA,1670,387,0,0,0,387,A
4-HA,1671,0,386,0,0,386,T
4-HA,1672,0,0,379,0,379,G
4-HA,1673,0,0,377,0,377,G
4-HA,1674,0,0,376,0,376,G
4-HA,1675,0,384,0,0,384,T
4-HA,1676,0,0,0,387,387,C
4-HA,1677,0,387,0,0,387,T
4-HA,1678,0,0,0,387,387,C
4-HA,1679,0,386,0,0,386,T
4-HA,1680,386,0,0,0,386,A
4-HA,1681,0,0,0,386,386,C
4-HA,1682,387,0,0,0,387,A
4-HA,1683,0,0,389,0,389,G
4-HA,1684,0,387,0,1,388,T
4-HA,1685,0,0,387,0,387,G
4-HA,1686,0,385,0,2,387,T
4-HA,1687,388,0,0,0,388,A
4-HA,1688,0,0,388,0,388,G
4-HA,1689,386,0,0,0,386,A
4-HA,1690,385,0,1,0,386,A
4-HA,1691,0,385,0,0,385,T
4-HA,1692,386,0,0,0,386,A
4-HA,1693,0,388,0,0,388,T
4-HA,1694,1,0,386,0,387,G
4-HA,1695,0,378,0,0,378,T
4-HA,1696,382,0,0,0,382,A
4-HA,1697,0,373,0,0,373,T
4-HA,1698,0,372,0,0,372,T
4-HA,1699,0,372,0,0,372,T
4-HA,1700,374,0,0,0,374,A
4-HA,1701,372,0,0,0,372,A
4-HA,1702,0,0,0,381,381,C
4-HA,1703,378,0,0,0,378,A
4-HA,1704,0,375,0,0,375,T
4-HA,1705,0,375,0,0,375,T
4-HA,1706,375,0,0,0,375,A
4-HA,1707,0,0,379,0,379,G
4-HA,1708,0,0,381,0,381,G
4-HA,1709,380,0,0,0,380,A
4-HA,1710,0,368,0,0,368,T
4-HA,1711,0,368,0,0,368,T
4-HA,1712,0,368,0,0,368,T
4-HA,1713,0,0,0,379,379,C
4-HA,1714,377,0,0,0,377,A
4-HA,1715,0,0,381,0,381,G
4-HA,1716,380,0,0,0,380,A
4-HA,1717,378,0,0,0,378,A
4-HA,1718,0,0,378,0,378,G
4-HA,1719,0,0,0,381,381,C
4-HA,1720,381,0,0,0,381,A
4-HA,1721,0,378,0,0,378,T
4-HA,1722,0,0,372,0,372,G
4-HA,1723,311,0,0,0,311,A
4-HA,1724,0,0,315,0,315,G
4-HA,1725,139,0,0,0,139,A
4-HA,1726,140,0,0,0,140,A
4-HA,1727,140,0,0,0,140,A
4-HA,1728,138,0,0,0,138,A
4-HA,1729,135,0,0,0,135,A
4-HA,1730,1,0,0,216,217,C
4-HA,1731,338,0,0,0,338,A
4-HA,1732,0,0,0,332,332,C
4-HA,1733,0,0,2,330,332,C
4-HA,1734,0,0,0,336,336,C
4-HA,1735,0,341,0,0,341,T
4-HA,1736,0,335,0,0,335,T
4-HA,1737,1,0,356,0,357,G
4-HA,1738,0,338,0,0,338,T
4-HA,1739,0,342,0,0,342,T
4-HA,1740,0,343,0,0,343,T
4-HA,1741,0,0,0,367,367,C
4-HA,1742,0,367,0,0,367,T
4-HA,1743,367,0,0,0,367,A
4-HA,1744,0,0,0,367,367,C
4-HA,1745,0,373,0,0,373,T
5-NP,-32,0,0,440,0,440,G
5-NP,-31,0,445,0,0,445,T
5-NP,-30,450,0,0,0,450,A
5-NP,-29,0,0,451,0,451,G
5-NP,-28,458,0,0,0,458,A
5-NP,-27,0,454,0,0,454,T
5-NP,-26,455,0,0,0,455,A
5-NP,-25,456,0,0,0,456,A
5-NP,-24,0,462,0,0,462,T
5-NP,-23,0,0,0,464,464,C
5-NP,-22,464,0,0,0,464,A
5-NP,-21,0,0,0,464,464,C
5-NP,-20,0,463,0,0,463,T
5-NP,-19,0,0,0,463,463,C
5-NP,-18,464,0,0,0,464,A
5-NP,-17,463,1,0,0,464,A
5-NP,-16,0,464,0,0,464,T
5-NP,-15,0,0,464,0,464,G
5-NP,-14,463,0,0,0,463,A
5-NP,-13,0,0,463,0,463,G
5-NP,-12,0,461,0,2,463,T
5-NP,-11,0,0,464,0,464,G
5-NP,-10,463,0,0,0,463,A
5-NP,-9,0,0,1,462,463,C
5-NP,-8,464,0,0,0,464,A
5-NP,-7,0,464,0,0,464,T
5-NP,-6,0,0,0,464,464,C
5-NP,-5,0,0,464,0,464,G
5-NP,-4,464,0,0,0,464,A
5-NP,-3,464,0,0,0,464,A
5-NP,-2,0,0,464,0,464,G
5-NP,-1,0,0,0,461,461,C
5-NP,0,0,0,0,461,461,C
5-NP,1,461,0,0,0,461,A
5-NP,2,1,458,0,0,459,T
5-NP,3,1,0,459,0,460,G
5-NP,4,0,0,460,0,460,G
5-NP,5,0,0,0,463,463,C
5-NP,6,0,0,461,0,461,G
5-NP,7,0,461,0,0,461,T
5-NP,8,0,0,0,462,462,C
5-NP,9,0,463,0,0,463,T
5-NP,10,0,0,0,352,352,C
5-NP,11,273,0,0,0,273,A
5-NP,12,271,0,0,0,271,A
5-NP,13,0,0,270,0,270,G
5-NP,14,0,0,269,0,269,G
5-NP,15,0,0,0,340,340,C
5-NP,16,303,0,0,0,303,A
5-NP,17,0,0,0,256,256,C
5-NP,18,4,0,0,131,135,C
5-NP,19,93,0,0,0,93,A
5-NP,20,93,0,0,2,95,A
5-NP,21,94,0,0,0,94,A
5-NP,22,0,0,1,94,95,C
5-NP,23,0,0,106,0,106,G
5-NP,24,99,0,0,0,99,A
5-NP,25,0,93,0,0,93,T
5-NP,26,0,0,0,89,89,C
5-NP,27,93,0,0,0,93,A
5-NP,28,0,150,0,0,150,T
5-NP,29,176,0,0,0,176,A
5-NP,30,0,175,0,0,175,T
5-NP,31,0,0,163,0,163,G
5-NP,32,145,0,0,0,145,A
5-NP,33,144,0,0,0,144,A
5-NP,34,0,0,0,148,148,C
5-NP,35,122,0,0,0,122,A
5-NP,36,122,0,0,0,122,A
5-NP,37,128,0,0,0,128,A
5-NP,38,0,199,0,0,199,T
5-NP,39,0,0,199,0,199,G
5-NP,40,0,0,200,0,200,G
5-NP,41,199,0,0,0,199,A
5-NP,42,0,0,200,0,200,G
5-NP,43,204,0,0,0,204,A
5-NP,44,0,0,0,205,205,C
5-NP,45,0,205,0,0,205,T
5-NP,46,0,0,198,0,198,G
5-NP,47,0,0,194,0,194,G
5-NP,48,0,202,0,1,203,T
5-NP,49,0,0,184,0,184,G
5-NP,50,0,0,186,0,186,G
5-NP,51,0,0,186,0,186,G
5-NP,52,2,0,184,0,186,G
5-NP,53,210,0,0,0,210,A
5-NP,54,0,0,202,0,202,G
5-NP,55,0,0,0,217,217,C
5-NP,56,0,0,217,0,217,G
5-NP,57,0,1,0,212,213,C
5-NP,58,0,0,0,213,213,C
5-NP,59,214,0,0,0,214,A
5-NP,60,0,0,216,0,216,G
5-NP,61,0,0,219,0,219,G
5-NP,62,221,0,0,0,221,A
5-NP,63,0,224,0,0,224,T
5-NP,64,0,0,224,0,224,G
5-NP,65,0,2,0,222,224,C
5-NP,66,0,0,0,224,224,C
5-NP,67,226,0,0,0,226,A
5-NP,68,0,0,0,226,226,C
5-NP,69,224,0,0,0,224,A
5-NP,70,0,0,224,0,224,G
5-NP,71,208,0,0,0,208,A
5-NP,72,208,0,0,0,208,A
5-NP,73,209,0,0,0,209,A
5-NP,74,0,231,0,0,231,T
5-NP,75,0,0,0,233,233,C
5-NP,76,234,0,0,0,234,A
5-NP,77,1,2,231,0,234,G
5-NP,78,235,0,0,0,235,A
5-NP,79,0,0,236,0,236,G
5-NP,80,0,0,0,236,236,C
5-NP,81,232,0,4,0,236,A
5-NP,82,0,236,0,0,236,T
5-NP,83,0,0,0,236,236,C
5-NP,84,0,236,0,0,236,T
5-NP,85,0,0,236,0,236,G
5-NP,86,0,237,0,0,237,T
5-NP,87,0,0,0,234,234,C
5-NP,88,1,0,231,0,232,G
5-NP,89,0,0,232,0,232,G
5-NP,90,234,0,0,0,234,A
5-NP,91,234,0,0,0,234,A
5-NP,92,0,0,237,0,237,G
5-NP,93,237,0,0,0,237,A
5-NP,94,238,0,0,0,238,A
5-NP,95,0,239,0,0,239,T
5-NP,96,0,0,239,0,239,G
5-NP,97,239,0,0,0,239,A
5-NP,98,0,237,0,0,237,T
5-NP,99,0,238,0,0,238,T
5-NP,100,1,0,237,0,238,G
5-NP,101,1,0,237,0,238,G
5-NP,102,0,244,0,0,244,T
5-NP,103,1,0,243,0,244,G
5-NP,104,0,0,243,0,243,G
5-NP,105,243,0,0,0,243,A
5-NP,106,244,0,0,0,244,A
5-NP,107,0,245,0,0,245,T
5-NP,108,0,0,0,244,244,C
5-NP,109,0,0,238,0,238,G
5-NP,110,0,1,238,0,239,G
5-NP,111,0,0,239,0,239,G
5-NP,112,246,0,0,0,246,A
5-NP,113,0,0,249,0,249,G
5-NP,114,253,0,0,0,253,A
5-NP,115,0,253,0,0,253,T
5-NP,116,0,251,0,0,251,T
5-NP,117,0,3,0,248,251,C
5-NP,118,0,252,0,0,252,T
5-NP,119,253,0,0,0,253,A
5-NP,120,0,0,0,254,254,C
5-NP,121,254,0,0,0,254,A
5-NP,122,0,255,0,0,255,T
5-NP,123,0,0,0,253,253,C
5-NP,124,0,0,0,253,253,C
5-NP,125,236,0,0,0,236,A
5-NP,126,237,0,0,0,237,A
5-NP,127,236,0,0,0,236,A
5-NP,128,0,254,2,0,256,T
5-NP,129,0,0,258,0,258,G
5-NP,130,0,262,0,0,262,T
5-NP,131,0,0,262,0,262,G
5-NP,132,0,0,0,262,262,C
5-NP,133,262,0,0,0,262,A
5-NP,134,0,0,0,262,262,C
5-NP,135,0,262,0,0,262,T
5-NP,136,0,0,262,0,262,G
5-NP,137,260,0,0,0,260,A
5-NP,138,260,0,0,0,260,A
5-NP,139,0,0,0,259,259,C
5-NP,140,0,261,0,1,262,T
5-NP,141,0,0,1,259,260,C
5-NP,142,237,0,0,0,237,A
5-NP,143,235,0,0,0,235,A
5-NP,144,239,0,0,0,239,A
5-NP,145,0,0,0,250,250,C
5-NP,146,0,269,0,0,269,T
5-NP,147,0,0,0,280,280,C
5-NP,148,280,0,0,0,280,A
5-NP,149,0,0,281,0,281,G
5-NP,150,0,281,0,0,281,T
5-NP,151,0,0,281,0,281,G
5-NP,152,281,0,0,0,281,A
5-NP,153,0,280,0,0,280,T
5-NP,154,0,280,0,0,280,T
5-NP,155,280,0,0,0,280,A
5-NP,156,0,282,0,0,282,T
5-NP,157,1,0,282,0,283,G
5-NP,158,283,0,0,0,283,A
5-NP,159,0,283,0,0,283,T
5-NP,160,1,0,282,0,283,G
5-NP,161,0,0,283,0,283,G
5-NP,162,283,0,0,0,283,A
5-NP,163,0,0,0,284,284,C
5-NP,164,0,0,284,0,284,G
5-NP,165,282,0,0,0,282,A
5-NP,166,0,0,0,284,284,C
5-NP,167,0,282,0,0,282,T
5-NP,168,282,0,0,0,282,A
5-NP,169,282,0,0,0,282,A
5-NP,170,0,283,0,0,283,T
5-NP,171,0,0,0,283,283,C
5-NP,172,0,0,0,283,283,C
5-NP,173,282,0,0,0,282,A
5-NP,174,0,0,282,0,282,G
5-NP,175,282,0,0,0,282,A
5-NP,176,282,0,0,0,282,A
5-NP,177,0,282,0,0,282,T
5-NP,178,282,0,0,0,282,A
5-NP,179,0,0,282,0,282,G
5-NP,180,0,0,0,282,282,C
5-NP,181,280,0,0,1,281,A
5-NP,182,0,281,0,0,281,T
5-NP,183,277,0,0,0,277,A
5-NP,184,274,0,0,0,274,A
5-NP,185,0,0,0,273,273,C
5-NP,186,278,0,0,0,278,A
5-NP,187,278,0,0,0,278,A
5-NP,188,0,281,0,0,281,T
5-NP,189,282,0,0,0,282,A
5-NP,190,0,0,282,0,282,G
5-NP,191,281,0,1,0,282,A
5-NP,192,0,0,282,0,282,G
5-NP,193,280,0,0,0,280,A
5-NP,194,0,0,273,0,273,G
5-NP,195,0,0,272,0,272,G
5-NP,196,274,0,0,0,274,A
5-NP,197,0,275,0,1,276,T
5-NP,198,0,0,272,0,272,G
5-NP,199,0,0,272,0,272,G
5-NP,200,0,272,0,0,272,T
5-NP,201,0,0,271,0,271,G
5-NP,202,0,0,0,269,269,C
5-NP,203,0,224,0,0,224,T
5-NP,204,0,226,0,0,226,T
5-NP,205,0,226,0,0,226,T
5-NP,206,0,0,0,257,257,C
5-NP,207,0,241,0,0,241,T
5-NP,208,0,0,254,0,254,G
5-NP,209,0,0,0,256,256,C
5-NP,210,0,208,0,0,208,T
5-NP,211,0,208,0,0,208,T
5-NP,212,0,208,1,0,209,T
5-NP,213,0,208,0,0,208,T
5-NP,214,0,0,256,0,256,G
5-NP,215,264,0,0,0,264,A
5-NP,216,0,269,0,0,269,T
5-NP,217,0,0,270,0,270,G
5-NP,218,270,0,0,0,270,A
5-NP,219,1,0,265,0,266,G
5-NP,220,267,0,0,0,267,A
5-NP,221,0,0,265,0,265,G
5-NP,222,260,0,0,0,260,A
5-NP,223,256,0,1,0,257,A
5-NP,224,0,0,262,0,262,G
5-NP,225,229,0,2,0,231,A
5-NP,226,228,0,0,0,228,A
5-NP,227,227,0,0,1,228,A
5-NP,228,0,265,0,0,265,T
5-NP,229,255,0,0,0,255,A
5-NP,230,251,0,0,0,251,A
5-NP,231,253,0,0,0,253,A
5-NP,232,0,271,0,0,271,T
5-NP,233,269,0,0,0,269,A
5-NP,234,0,0,0,277,277,C
5-NP,235,0,0,0,276,276,C
5-NP,236,0,278,0,0,278,T
5-NP,237,276,0,0,0,276,A
5-NP,238,0,0,279,0,279,G
5-NP,239,279,0,0,0,279,A
5-NP,240,280,0,0,0,280,A
5-NP,241,0,0,280,0,280,G
5-NP,242,282,0,0,0,282,A
5-NP,243,0,0,284,0,284,G
5-NP,244,0,0,0,284,284,C
5-NP,245,284,0,0,0,284,A
5-NP,246,0,284,0,0,284,T
5-NP,247,0,1,0,272,273,C
5-NP,248,0,0,0,273,273,C
5-NP,249,0,0,0,273,273,C
5-NP,250,281,0,0,0,281,A
5-NP,251,0,0,280,0,280,G
5-NP,252,0,280,0,0,280,T
5-NP,253,0,0,280,0,280,G
5-NP,254,0,1,0,278,279,C
5-NP,255,0,277,0,0,277,T
5-NP,256,0,0,252,0,252,G
5-NP,257,0,0,254,0,254,G
5-NP,258,1,0,254,0,255,G
5-NP,259,278,0,0,0,278,A
5-NP,260,278,0,0,0,278,A
5-NP,261,0,0,277,0,277,G
5-NP,262,0,0,277,0,277,G
5-NP,263,279,0,2,0,281,A
5-NP,264,0,2,0,277,279,C
5-NP,265,0,0,0,279,279,C
5-NP,266,0,0,0,279,279,C
5-NP,267,0,278,0,0,278,T
5-NP,268,243,0,0,0,243,A
5-NP,269,242,0,0,0,242,A
5-NP,270,0,0,266,0,266,G
5-NP,271,268,0,0,0,268,A
5-NP,272,272,0,0,0,272,A
5-NP,273,273,0,0,0,273,A
5-NP,274,267,0,2,0,269,A
5-NP,275,0,0,0,274,274,C
5-NP,276,263,0,0,0,263,A
5-NP,277,0,0,279,0,279,G
5-NP,278,0,0,280,0,280,G
5-NP,279,284,0,0,0,284,A
5-NP,280,0,0,297,0,297,G
5-NP,281,0,0,298,0,298,G
5-NP,282,301,0,0,0,301,A
5-NP,283,0,0,0,300,300,C
5-NP,284,0,0,0,300,300,C
5-NP,285,0,0,0,302,302,C
5-NP,286,309,0,0,0,309,A
5-NP,287,0,311,0,0,311,T
5-NP,288,310,0,0,0,310,A
5-NP,289,0,310,0,0,310,T
5-NP,290,311,0,0,0,311,A
5-NP,291,0,312,0,0,312,T
5-NP,292,313,0,0,0,313,A
5-NP,293,0,0,313,0,313,G
5-NP,294,313,0,0,0,313,A
5-NP,295,313,0,0,0,313,A
5-NP,296,0,0,313,0,313,G
5-NP,297,313,0,0,0,313,A
5-NP,298,312,0,0,0,312,A
5-NP,299,0,316,0,0,316,T
5-NP,300,316,0,0,0,316,A
5-NP,301,0,0,316,0,316,G
5-NP,302,314,0,0,0,314,A
5-NP,303,0,0,0,316,316,C
5-NP,304,0,0,311,0,311,G
5-NP,305,0,0,311,0,311,G
5-NP,306,273,0,0,0,273,A
5-NP,307,273,0,0,0,273,A
5-NP,308,273,0,0,0,273,A
5-NP,309,0,0,311,0,311,G
5-NP,310,0,316,0,1,317,T
5-NP,311,0,0,315,0,315,G
5-NP,312,0,0,315,0,315,G
5-NP,313,313,0,0,0,313,A
5-NP,314,0,313,0,0,313,T
5-NP,315,0,0,312,0,312,G
5-NP,316,311,0,1,0,312,A
5-NP,317,0,0,312,0,312,G
5-NP,318,312,0,0,0,312,A
5-NP,319,0,0,313,0,313,G
5-NP,320,311,0,0,0,311,A
5-NP,321,311,0,0,0,311,A
5-NP,322,0,0,0,310,310,C
5-NP,323,0,304,0,1,305,T
5-NP,324,0,0,0,300,300,C
5-NP,325,298,0,0,0,298,A
5-NP,326,0,287,0,4,291,T
5-NP,327,0,0,0,277,277,C
5-NP,328,0,0,0,278,278,C
5-NP,329,0,268,0,0,268,T
5-NP,330,0,258,0,0,258,T
5-NP,331,0,259,0,0,259,T
5-NP,332,265,0,0,0,265,A
5-NP,333,0,282,0,0,282,T
5-NP,334,0,0,285,0,285,G
5-NP,335,286,0,0,0,286,A
5-NP,336,0,0,0,290,290,C
5-NP,337,280,0,0,0,280,A
5-NP,338,281,0,0,0,281,A
5-NP,339,282,0,0,0,282,A
5-NP,340,0,0,289,0,289,G
5-NP,341,269,0,0,0,269,A
5-NP,342,271,0,1,0,272,A
5-NP,343,0,0,299,0,299,G
5-NP,344,290,0,0,0,290,A
5-NP,345,292,0,0,0,292,A
5-NP,346,292,0,0,0,292,A
5-NP,347,0,315,0,0,315,T
5-NP,348,314,0,0,0,314,A
5-NP,349,318,0,0,0,318,A
5-NP,350,0,0,327,0,327,G
5-NP,351,0,0,327,0,327,G
5-NP,352,342,0,0,0,342,A
5-NP,353,0,0,345,0,345,G
5-NP,354,346,0,0,0,346,A
5-NP,355,0,0,340,0,340,G
5-NP,356,0,328,0,0,328,T
5-NP,357,0,327,0,0,327,T
5-NP,358,0,330,0,0,330,T
5-NP,359,0,0,354,0,354,G
5-NP,360,0,0,353,0,353,G
5-NP,361,0,0,0,377,377,C
5-NP,362,0,0,383,0,383,G
5-NP,363,0,1,0,384,385,C
5-NP,364,0,0,0,385,385,C
5-NP,365,386,1,0,0,387,A
5-NP,366,388,0,0,0,388,A
5-NP,367,0,0,390,0,390,G
5-NP,368,0,0,0,400,400,C
5-NP,369,381,0,0,0,381,A
5-NP,370,383,0,0,0,383,A
5-NP,371,385,0,0,0,385,A
5-NP,372,0,0,0,409,409,C
5-NP,373,414,0,0,0,414,A
5-NP,374,418,0,1,0,419,A
5-NP,375,0,422,0,0,422,T
5-NP,376,1,0,421,0,422,G
5-NP,377,1,0,422,0,423,G
5-NP,378,0,0,0,422,422,C
5-NP,379,0,0,422,0,422,G
5-NP,380,427,0,0,0,427,A
5-NP,381,431,0,0,0,431,A
5-NP,382,0,0,435,0,435,G
5-NP,383,435,0,1,0,436,A
5-NP,384,0,437,0,0,437,T
5-NP,385,0,0,437,0,437,G
5-NP,386,0,0,0,439,439,C
5-NP,387,436,0,1,0,437,A
5-NP,388,437,0,0,0,437,A
5-NP,389,0,0,0,437,437,C
5-NP,390,443,0,0,0,443,A
5-NP,391,0,0,444,0,444,G
5-NP,392,0,0,0,444,444,C
5-NP,393,445,0,0,0,445,A
5-NP,394,0,0,445,0,445,G
5-NP,395,0,0,445,0,445,G
5-NP,396,0,445,0,0,445,T
5-NP,397,0,0,0,442,442,C
5-NP,398,0,439,0,0,439,T
5-NP,399,0,438,0,0,438,T
5-NP,400,441,0,0,0,441,A
5-NP,401,1,0,0,445,446,C
5-NP,402,0,447,0,1,448,T
5-NP,403,0,0,0,448,448,C
5-NP,404,450,0,0,0,450,A
5-NP,405,0,449,0,0,449,T
5-NP,406,448,0,0,0,448,A
5-NP,407,0,447,0,0,447,T
5-NP,408,0,0,0,447,447,C
5-NP,409,447,0,0,0,447,A
5-NP,410,0,448,0,0,448,T
5-NP,411,0,0,447,0,447,G
5-NP,412,443,1,0,0,444,A
5-NP,413,1,408,0,0,409,T
5-NP,414,0,406,0,0,406,T
5-NP,415,0,408,0,0,408,T
5-NP,416,0,0,448,0,448,G
5-NP,417,0,0,448,0,448,G
5-NP,418,0,0,0,454,454,C
5-NP,419,456,0,0,0,456,A
5-NP,420,0,453,0,0,453,T
5-NP,421,0,454,0,0,454,T
5-NP,422,0,0,0,453,453,C
5-NP,423,0,0,0,452,452,C
5-NP,424,441,0,0,0,441,A
5-NP,425,445,0,0,0,445,A
5-NP,426,0,0,0,447,447,C
5-NP,427,0,0,0,447,447,C
5-NP,428,0,459,0,0,459,T
5-NP,429,0,0,464,0,464,G
5-NP,430,465,0,0,0,465,A
5-NP,431,465,0,0,0,465,A
5-NP,432,0,466,0,0,466,T
5-NP,433,0,0,465,0,465,G
5-NP,434,464,0,2,0,466,A
5-NP,435,0,466,0,0,466,T
5-NP,436,0,0,468,0,468,G
5-NP,437,0,0,0,467,467,C
5-NP,438,0,0,0,466,466,C
5-NP,439,465,0,1,0,466,A
5-NP,440,0,0,0,466,466,C
5-NP,441,468,0,0,0,468,A
5-NP,442,0,469,0,0,469,T
5-NP,443,470,0,0,0,470,A
5-NP,444,0,470,0,0,470,T
5-NP,445,0,0,0,470,470,C
5-NP,446,471,0,0,0,471,A
5-NP,447,0,0,471,0,471,G
5-NP,448,472,0,0,0,472,A
5-NP,449,0,0,471,0,471,G
5-NP,450,466,0,1,0,467,A
5-NP,451,467,0,0,0,467,A
5-NP,452,0,0,0,465,465,C
5-NP,453,466,0,0,0,466,A
5-NP,454,465,0,0,0,465,A
5-NP,455,0,0,467,0,467,G
5-NP,456,471,0,0,0,471,A
5-NP,457,0,0,472,0,472,G
5-NP,458,0,0,0,472,472,C
5-NP,459,0,469,0,1,470,T
5-NP,460,0,0,0,467,467,C
5-NP,461,0,462,0,0,462,T
5-NP,462,0,461,0,0,461,T
5-NP,463,1,0,460,0,461,G
5-NP,464,0,459,0,0,459,T
5-NP,465,0,462,0,0,462,T
5-NP,466,0,0,0,470,470,C
5-NP,467,0,0,474,0,474,G
5-NP,468,0,0,0,479,479,C
5-NP,469,468,0,0,0,468,A
5-NP,470,0,0,0,457,457,C
5-NP,471,1,0,0,457,458,C
5-NP,472,0,0,457,0,457,G
5-NP,473,0,0,460,0,460,G
5-NP,474,482,0,1,0,483,A
5-NP,475,483,0,0,0,483,A
5-NP,476,0,486,0,0,486,T
5-NP,477,0,0,485,0,485,G
5-NP,478,0,0,485,0,485,G
5-NP,479,485,0,0,0,485,A
5-NP,480,0,483,0,0,483,T
5-NP,481,1,0,0,452,453,C
5-NP,482,0,0,0,454,454,C
5-NP,483,0,1,0,459,460,C
5-NP,484,488,0,0,0,488,A
5-NP,485,0,0,491,0,491,G
5-NP,486,493,0,0,0,493,A
5-NP,487,494,0,0,0,494,A
5-NP,488,0,497,0,0,497,T
5-NP,489,1,0,492,0,493,G
5-NP,490,0,493,0,0,493,T
5-NP,491,0,0,493,0,493,G
5-NP,492,0,0,0,494,494,C
5-NP,493,0,494,0,0,494,T
5-NP,494,0,0,0,493,493,C
5-NP,495,0,493,0,0,493,T
5-NP,496,0,0,0,491,491,C
5-NP,497,0,490,0,0,490,T
5-NP,498,489,0,0,0,489,A
5-NP,499,491,0,0,0,491,A
5-NP,500,0,494,0,0,494,T
5-NP,501,0,0,495,0,495,G
5-NP,502,0,0,0,494,494,C
5-NP,503,494,0,0,0,494,A
5-NP,504,494,0,0,0,494,A
5-NP,505,1,0,488,0,489,G
5-NP,506,0,0,488,0,488,G
5-NP,507,0,490,0,0,490,T
5-NP,508,0,489,0,0,489,T
5-NP,509,0,0,0,494,494,C
5-NP,510,495,0,0,0,495,A
5-NP,511,497,0,0,0,497,A
5-NP,512,0,0,0,497,497,C
5-NP,513,497,0,0,0,497,A
5-NP,514,0,0,0,482,482,C
5-NP,515,0,489,0,0,489,T
5-NP,516,0,490,0,0,490,T
5-NP,517,0,0,0,483,483,C
5-NP,518,0,1,0,480,481,C
5-NP,519,0,0,0,484,484,C
5-NP,520,498,0,0,0,498,A
5-NP,521,0,0,494,0,494,G
5-NP,522,491,0,0,0,491,A
5-NP,523,491,0,0,0,491,A
5-NP,524,0,0,492,0,492,G
5-NP,525,0,0,490,0,490,G
5-NP,526,0,497,0,0,497,T
5-NP,527,0,0,0,497,497,C
5-NP,528,0,496,0,0,496,T
5-NP,529,2,0,493,0,495,G
5-NP,530,0,0,495,0,495,G
5-NP,531,0,496,0,1,497,T
5-NP,532,0,0,498,0,498,G
5-NP,533,0,0,0,499,499,C
5-NP,534,1,3,0,495,499,C
5-NP,535,1,0,498,0,499,G
5-NP,536,0,0,0,499,499,C
5-NP,537,503,0,0,0,503,A
5-NP,538,0,0,500,0,500,G
5-NP,539,0,0,500,0,500,G
5-NP,540,0,501,0,0,501,T
5-NP,541,0,0,503,0,503,G
5-NP,542,0,0,0,504,504,C
5-NP,543,0,504,0,0,504,T
5-NP,544,0,0,504,0,504,G
5-NP,545,0,0,0,501,501,C
5-NP,546,0,0,499,0,499,G
5-NP,547,0,0,500,0,500,G
5-NP,548,0,505,0,0,505,T
5-NP,549,0,0,507,0,507,G
5-NP,550,491,0,0,0,491,A
5-NP,551,489,0,0,0,489,A
5-NP,552,488,0,1,0,489,A
5-NP,553,2,0,500,0,502,G
5-NP,554,0,0,503,0,503,G
5-NP,555,505,0,0,0,505,A
5-NP,556,1,0,501,0,502,G
5-NP,557,0,500,0,0,500,T
5-NP,558,0,502,0,0,502,T
5-NP,559,0,0,504,0,504,G
5-NP,560,1,0,500,0,501,G
5-NP,561,497,0,2,0,499,A
5-NP,562,501,0,0,0,501,A
5-NP,563,0,0,0,504,504,C
5-NP,564,507,0,0,0,507,A
5-NP,565,508,0,0,0,508,A
5-NP,566,0,508,0,0,508,T
5-NP,567,509,0,0,0,509,A
5-NP,568,0,0,512,0,512,G
5-NP,569,0,0,0,511,511,C
5-NP,570,515,0,0,0,515,A
5-NP,571,517,0,0,0,517,A
5-NP,572,0,517,0,0,517,T
5-NP,573,0,0,509,0,509,G
5-NP,574,0,0,508,0,508,G
5-NP,575,505,0,0,0,505,A
5-NP,576,502,0,0,0,502,A
5-NP,577,0,498,0,0,498,T
5-NP,578,0,500,0,0,500,T
5-NP,579,505,0,0,0,505,A
5-NP,580,505,0,0,0,505,A
5-NP,581,0,524,0,0,524,T
5-NP,582,0,0,0,524,524,C
5-NP,583,525,0,0,1,526,A
5-NP,584,0,0,525,0,525,G
5-NP,585,522,0,0,0,522,A
5-NP,586,523,0,0,0,523,A
5-NP,587,0,521,0,0,521,T
5-NP,588,0,0,525,0,525,G
5-NP,589,524,0,1,0,525,A
5-NP,590,0,522,0,0,522,T
5-NP,591,0,3,0,517,520,C
5-NP,592,505,0,0,0,505,A
5-NP,593,507,0,0,0,507,A
5-NP,594,509,0,0,0,509,A
5-NP,595,0,0,0,518,518,C
5-NP,596,0,0,518,0,518,G
5-NP,597,0,518,0,0,518,T
5-NP,598,0,0,516,0,516,G
5-NP,599,0,0,517,0,517,G
5-NP,600,514,0,0,0,514,A
5-NP,601,515,0,0,0,515,A
5-NP,602,0,518,0,0,518,T
5-NP,603,0,1,0,517,518,C
5-NP,604,516,0,0,0,516,A
5-NP,605,515,0,0,0,515,A
5-NP,606,0,509,0,1,510,T
5-NP,607,0,0,507,0,507,G
5-NP,608,479,0,1,0,480,A
5-NP,609,0,0,0,493,493,C
5-NP,610,0,0,0,490,490,C
5-NP,611,0,0,484,0,484,G
5-NP,612,462,0,0,0,462,A
5-NP,613,451,0,0,0,451,A
5-NP,614,457,0,0,0,457,A
5-NP,615,0,461,0,0,461,T
5-NP,616,0,462,0,0,462,T
5-NP,617,0,468,0,0,468,T
5-NP,618,0,1,0,500,501,C
5-NP,619,0,494,0,0,494,T
5-NP,620,0,0,426,0,426,G
5-NP,621,0,0,400,0,400,G
5-NP,622,435,0,0,0,435,A
5-NP,623,0,0,375,0,375,G
5-NP,624,1,0,373,0,374,G
5-NP,625,0,0,381,0,381,G
5-NP,626,0,0,385,0,385,G
5-NP,627,0,450,0,0,450,T
5-NP,628,0,0,489,0,489,G
5-NP,629,466,0,0,0,466,A
5-NP,630,469,0,0,0,469,A
5-NP,631,471,0,0,0,471,A
5-NP,632,474,0,0,0,474,A
5-NP,633,0,520,0,0,520,T
5-NP,634,0,0,529,0,529,G
5-NP,635,3,0,530,0,533,G
5-NP,636,534,0,1,0,535,A
5-NP,637,0,0,1,534,535,C
5-NP,638,0,0,525,0,525,G
5-NP,639,522,0,1,0,523,A
5-NP,640,523,0,0,0,523,A
5-NP,641,0,0,533,0,533,G
5-NP,642,1,0,533,0,534,G
5-NP,643,535,0,4,0,539,A
5-NP,644,0,0,0,544,544,C
5-NP,645,533,0,3,0,536,A
5-NP,646,536,0,0,0,536,A
5-NP,647,0,0,522,0,522,G
5-NP,648,0,0,519,0,519,G
5-NP,649,0,0,518,0,518,G
5-NP,650,0,529,0,0,529,T
5-NP,651,0,523,0,0,523,T
5-NP,652,0,0,536,0,536,G
5-NP,653,0,0,0,540,540,C
5-NP,654,0,533,0,0,533,T
5-NP,655,0,529,0,0,529,T
5-NP,656,535,0,0,0,535,A
5-NP,657,0,544,0,0,544,T
5-NP,658,0,0,544,0,544,G
5-NP,659,529,0,0,0,529,A
5-NP,660,532,0,0,0,532,A
5-NP,661,536,0,0,0,536,A
5-NP,662,0,0,551,0,551,G
5-NP,663,548,0,0,0,548,A
5-NP,664,551,0,0,0,551,A
5-NP,665,0,557,0,0,557,T
5-NP,666,0,0,553,0,553,G
5-NP,667,0,553,0,0,553,T
5-NP,668,0,0,546,0,546,G
5-NP,669,0,0,0,544,544,C
5-NP,670,546,0,0,0,546,A
5-NP,671,549,0,0,0,549,A
5-NP,672,0,550,0,0,550,T
5-NP,673,550,0,0,0,550,A
5-NP,674,0,549,0,1,550,T
5-NP,675,0,0,0,541,541,C
5-NP,676,0,0,0,539,539,C
5-NP,677,0,533,0,1,534,T
5-NP,678,0,0,0,524,524,C
5-NP,679,474,0,0,0,474,A
5-NP,680,474,0,0,0,474,A
5-NP,681,471,0,1,0,472,A
5-NP,682,0,0,513,0,513,G
5-NP,683,1,0,512,0,513,G
5-NP,684,473,0,0,0,473,A
5-NP,685,472,0,1,0,473,A
5-NP,686,476,0,0,0,476,A
5-NP,687,478,0,0,0,478,A
5-NP,688,0,495,0,0,495,T
5-NP,689,0,490,0,0,490,T
5-NP,690,0,496,0,0,496,T
5-NP,691,0,0,0,525,525,C
5-NP,692,505,0,0,0,505,A
5-NP,693,508,0,0,0,508,A
5-NP,694,510,0,0,0,510,A
5-NP,695,0,0,0,524,524,C
5-NP,696,532,0,0,0,532,A
5-NP,697,0,0,543,0,543,G
5-NP,698,1,0,0,536,537,C
5-NP,699,0,538,0,0,538,T
5-NP,700,1,0,534,0,535,G
5-NP,701,1,2,0,515,518,C
5-NP,702,0,0,0,514,514,C
5-NP,703,0,0,0,513,513,C
5-NP,704,527,0,0,0,527,A
5-NP,705,0,0,522,0,522,G
5-NP,706,527,0,0,0,527,A
5-NP,707,0,0,514,0,514,G
5-NP,708,0,0,522,0,522,G
5-NP,709,2,0,522,0,524,G
5-NP,710,0,0,0,537,537,C
5-NP,711,536,0,1,0,537,A
5-NP,712,539,0,0,0,539,A
5-NP,713,0,542,0,0,542,T
5-NP,714,0,0,533,0,533,G
5-NP,715,528,0,0,0,528,A
5-NP,716,0,525,0,0,525,T
5-NP,717,0,0,520,0,520,G
5-NP,718,1,0,521,0,522,G
5-NP,719,519,0,0,0,519,A
5-NP,720,0,517,0,0,517,T
5-NP,721,0,0,0,517,517,C
5-NP,722,515,0,0,0,515,A
5-NP,723,516,0,0,0,516,A
5-NP,724,0,0,512,0,512,G
5-NP,725,0,514,0,0,514,T
5-NP,726,509,0,0,0,509,A
5-NP,727,512,0,0,0,512,A
5-NP,728,0,0,517,0,517,G
5-NP,729,506,0,0,0,506,A
5-NP,730,0,0,515,0,515,G
5-NP,731,501,0,0,0,501,A
5-NP,732,495,0,0,0,495,A
5-NP,733,499,0,1,0,500,A
5-NP,734,0,0,507,0,507,G
5-NP,735,0,510,0,0,510,T
5-NP,736,0,0,0,491,491,C
5-NP,737,0,0,492,0,492,G
5-NP,738,463,0,0,0,463,A
5-NP,739,453,0,0,0,453,A
5-NP,740,452,0,0,0,452,A
5-NP,741,0,0,0,467,467,C
5-NP,742,0,0,0,463,463,C
5-NP,743,0,0,0,466,466,C
5-NP,744,472,0,0,0,472,A
5-NP,745,0,0,479,0,479,G
5-NP,746,0,0,478,0,478,G
5-NP,747,464,0,2,0,466,A
5-NP,748,465,0,0,0,465,A
5-NP,749,467,0,1,0,468,A
5-NP,750,0,4,0,481,485,C
5-NP,751,0,0,485,0,485,G
5-NP,752,0,0,0,503,503,C
5-NP,753,0,503,0,0,503,T
5-NP,754,0,0,501,0,501,G
5-NP,755,499,0,0,0,499,A
5-NP,756,0,0,497,0,497,G
5-NP,757,493,0,0,0,493,A
5-NP,758,0,489,0,0,489,T
5-NP,759,0,488,0,0,488,T
5-NP,760,0,0,489,0,489,G
5-NP,761,487,0,0,0,487,A
5-NP,762,487,0,0,0,487,A
5-NP,763,0,0,489,0,489,G
5-NP,764,481,0,1,0,482,A
5-NP,765,0,0,0,483,483,C
5-NP,766,0,0,0,477,477,C
5-NP,767,0,481,0,0,481,T
5-NP,768,0,0,0,477,477,C
5-NP,769,470,0,0,0,470,A
5-NP,770,0,393,0,0,393,T
5-NP,771,0,388,0,0,388,T
5-NP,772,0,388,0,0,388,T
5-NP,773,0,388,0,0,388,T
5-NP,774,0,0,0,443,443,C
5-NP,775,0,0,0,442,442,C
5-NP,776,0,460,0,0,460,T
5-NP,777,0,0,467,0,467,G
5-NP,778,2,0,466,0,468,G
5-NP,779,0,0,0,467,467,C
5-NP,780,464,0,0,0,464,A
5-NP,781,0,0,0,463,463,C
5-NP,782,2,0,460,0,462,G
5-NP,783,0,0,462,0,462,G
5-NP,784,0,464,0,0,464,T
5-NP,785,0,4,0,463,467,C
5-NP,786,466,0,0,0,466,A
5-NP,787,0,0,466,0,466,G
5-NP,788,0,0,0,468,468,C
5-NP,789,472,0,0,0,472,A
5-NP,790,0,0,0,475,475,C
5-NP,791,0,474,0,0,474,T
5-NP,792,0,0,0,476,476,C
5-NP,793,474,0,0,0,474,A
5-NP,794,0,472,0,0,472,T
5-NP,795,0,469,0,0,469,T
5-NP,796,0,0,0,467,467,C
5-NP,797,0,461,0,0,461,T
5-NP,798,0,0,446,0,446,G
5-NP,799,441,0,1,0,442,A
5-NP,800,0,0,391,0,391,G
5-NP,801,0,0,392,0,392,G
5-NP,802,0,0,399,0,399,G
5-NP,803,0,0,398,0,398,G
5-NP,804,454,0,0,0,454,A
5-NP,805,0,469,0,0,469,T
5-NP,806,0,0,0,463,463,C
5-NP,807,463,0,0,0,463,A
5-NP,808,0,0,458,0,458,G
5-NP,809,0,458,0,1,459,T
5-NP,810,0,452,0,0,452,T
5-NP,811,0,0,461,0,461,G
5-NP,812,0,0,0,460,460,C
5-NP,813,456,0,2,0,458,A
5-NP,814,0,0,0,460,460,C
5-NP,815,448,0,0,0,448,A
5-NP,816,0,443,0,0,443,T
5-NP,817,415,0,0,0,415,A
5-NP,818,417,0,0,0,417,A
5-NP,819,416,0,0,0,416,A
5-NP,820,0,452,0,0,452,T
5-NP,821,0,0,0,448,448,C
5-NP,822,0,0,0,447,447,C
5-NP,823,0,446,0,0,446,T
5-NP,824,0,0,446,0,446,G
5-NP,825,0,0,0,443,443,C
5-NP,826,0,0,0,443,443,C
5-NP,827,0,442,0,0,442,T
5-NP,828,0,0,437,0,437,G
5-NP,829,0,0,0,436,436,C
5-NP,830,0,0,0,437,437,C
5-NP,831,0,438,0,0,438,T
5-NP,832,0,0,443,0,443,G
5-NP,833,0,0,0,441,441,C
5-NP,834,0,439,0,0,439,T
5-NP,835,0,439,0,0,439,T
5-NP,836,0,0,441,0,441,G
5-NP,837,0,442,0,0,442,T
5-NP,838,0,0,444,0,444,G
5-NP,839,0,446,0,0,446,T
5-NP,840,0,0,444,0,444,G
5-NP,841,0,443,0,0,443,T
5-NP,842,438,0,0,0,438,A
5-NP,843,0,438,0,0,438,T
5-NP,844,0,0,427,0,427,G
5-NP,845,0,0,427,0,427,G
5-NP,846,0,0,427,0,427,G
5-NP,847,0,0,0,436,436,C
5-NP,848,0,433,0,0,433,T
5-NP,849,0,432,0,0,432,T
5-NP,850,0,0,430,0,430,G
5-NP,851,1,0,0,430,431,C
5-NP,852,434,0,0,0,434,A
5-NP,853,0,0,435,0,435,G
5-NP,854,0,432,0,0,432,T
5-NP,855,429,0,0,0,429,A
5-NP,856,0,0,430,0,430,G
5-NP,857,0,0,0,426,426,C
5-NP,858,422,0,0,0,422,A
5-NP,859,427,0,1,0,428,A
5-NP,860,0,0,427,0,427,G
5-NP,861,0,427,0,0,427,T
5-NP,862,0,0,415,0,415,G
5-NP,863,0,4,412,0,416,G
5-NP,864,0,0,418,0,418,G
5-NP,865,0,1,0,423,424,C
5-NP,866,424,0,0,0,424,A
5-NP,867,0,424,0,0,424,T
5-NP,868,0,0,419,0,419,G
5-NP,869,418,0,0,0,418,A
5-NP,870,0,0,0,414,414,C
5-NP,871,0,404,0,0,404,T
5-NP,872,0,401,0,0,401,T
5-NP,873,0,394,0,0,394,T
5-NP,874,0,0,406,0,406,G
5-NP,875,381,0,0,0,381,A
5-NP,876,370,0,0,0,370,A
5-NP,877,372,0,0,0,372,A
5-NP,878,0,0,373,0,373,G
5-NP,879,0,0,359,0,359,G
5-NP,880,0,0,361,0,361,G
5-NP,881,354,0,0,0,354,A
5-NP,882,355,0,0,0,355,A
5-NP,883,0,0,362,0,362,G
5-NP,884,0,0,365,0,365,G
5-NP,885,0,0,373,0,373,G
5-NP,886,0,388,0,0,388,T
5-NP,887,393,0,0,0,393,A
5-NP,888,0,0,0,394,394,C
5-NP,889,0,392,0,1,393,T
5-NP,890,0,0,0,392,392,C
5-NP,891,396,0,0,0,396,A
5-NP,892,0,0,0,395,395,C
5-NP,893,0,396,0,0,396,T
5-NP,894,0,0,392,0,392,G
5-NP,895,0,0,394,0,394,G
5-NP,896,0,394,0,0,394,T
5-NP,897,1,0,0,387,388,C
5-NP,898,5,0,375,0,380,G
5-NP,899,0,0,379,0,379,G
5-NP,900,0,0,384,0,384,G
5-NP,901,394,0,0,0,394,A
5-NP,902,0,397,0,0,397,T
5-NP,903,398,0,0,0,398,A
5-NP,904,0,0,398,0,398,G
5-NP,905,392,0,2,0,394,A
5-NP,906,0,0,0,382,382,C
5-NP,907,0,1,0,380,381,C
5-NP,908,0,0,0,383,383,C
5-NP,909,399,0,0,0,399,A
5-NP,910,0,393,0,0,393,T
5-NP,911,0,391,0,0,391,T
5-NP,912,0,1,0,388,389,C
5-NP,913,380,0,0,0,380,A
5-NP,914,379,0,0,0,379,A
5-NP,915,380,0,0,0,380,A
5-NP,916,0,382,0,0,382,T
5-NP,917,0,380,1,0,381,T
5-NP,918,368,0,0,0,368,A
5-NP,919,0,0,0,381,381,C
5-NP,920,0,376,0,1,377,T
5-NP,921,0,0,0,371,371,C
5-NP,922,0,0,0,371,371,C
5-NP,923,356,0,0,0,356,A
5-NP,924,360,0,0,0,360,A
5-NP,925,355,0,0,0,355,A
5-NP,926,355,0,0,0,355,A
5-NP,927,0,0,0,365,365,C
5-NP,928,364,0,0,0,364,A
5-NP,929,0,0,382,0,382,G
5-NP,930,0,1,0,378,379,C
5-NP,931,0,0,0,380,380,C
5-NP,932,379,0,0,0,379,A
5-NP,933,380,0,0,0,380,A
5-NP,934,0,0,386,0,386,G
5-NP,935,0,384,0,0,384,T
5-NP,936,0,0,381,0,381,G
5-NP,937,0,0,382,0,382,G
5-NP,938,0,380,0,2,382,T
5-NP,939,0,0,0,384,384,C
5-NP,940,383,0,0,0,383,A
5-NP,941,0,0,381,0,381,G
5-NP,942,0,0,0,381,381,C
5-NP,943,0,0,0,381,381,C
5-NP,944,0,381,0,1,382,T
5-NP,945,0,0,383,0,383,G
5-NP,946,382,0,0,0,382,A
5-NP,947,0,382,0,0,382,T
5-NP,948,0,0,382,0,382,G
5-NP,949,380,0,0,0,380,A
5-NP,950,0,0,380,0,380,G
5-NP,951,374,0,2,0,376,A
5-NP,952,0,0,0,376,376,C
5-NP,953,0,0,0,375,375,C
5-NP,954,368,0,0,0,368,A
5-NP,955,367,0,0,0,367,A
5-NP,956,367,0,0,0,367,A
5-NP,957,0,374,0,0,374,T
5-NP,958,0,0,371,0,371,G
5-NP,959,350,0,0,0,350,A
5-NP,960,349,0,0,0,349,A
5-NP,961,325,0,0,0,325,A
5-NP,962,324,0,0,0,324,A
5-NP,963,0,0,0,308,308,C
5-NP,964,0,0,0,307,307,C
5-NP,965,0,0,0,314,314,C
5-NP,966,325,0,2,0,327,A
5-NP,967,0,0,361,0,361,G
5-NP,968,0,0,0,358,358,C
5-NP,969,0,359,0,0,359,T
5-NP,970,0,0,0,357,357,C
5-NP,971,359,0,0,0,359,A
5-NP,972,0,0,0,359,359,C
5-NP,973,357,0,0,0,357,A
5-NP,974,357,0,0,0,357,A
5-NP,975,0,0,355,0,355,G
5-NP,976,355,0,2,0,357,A
5-NP,977,0,0,357,0,357,G
5-NP,978,0,357,0,0,357,T
5-NP,979,0,0,0,357,357,C
5-NP,980,351,0,0,0,351,A
5-NP,981,351,0,0,0,351,A
5-NP,982,0,350,0,0,350,T
5-NP,983,0,350,0,0,350,T
5-NP,984,0,0,349,0,349,G
5-NP,985,0,0,347,0,347,G
5-NP,986,0,347,0,0,347,T
5-NP,987,0,0,349,0,349,G
5-NP,988,0,351,0,0,351,T
5-NP,989,0,0,351,0,351,G
5-NP,990,0,0,351,0,351,G
5-NP,991,352,0,0,0,352,A
5-NP,992,0,357,0,0,357,T
5-NP,993,1,0,355,0,356,G
5-NP,994,0,0,356,0,356,G
5-NP,995,0,0,0,356,356,C
5-NP,996,356,0,0,0,356,A
5-NP,997,2,354,0,0,356,T
5-NP,998,0,0,357,0,357,G
5-NP,999,0,0,0,357,357,C
5-NP,1000,0,0,0,357,357,C
5-NP,1001,358,0,0,0,358,A
5-NP,1002,0,0,0,357,357,C
5-NP,1003,0,357,0,0,357,T
5-NP,1004,1,0,0,356,357,C
5-NP,1005,0,357,0,0,357,T
5-NP,1006,0,0,357,0,357,G
5-NP,1007,0,0,0,359,359,C
5-NP,1008,0,359,0,0,359,T
5-NP,1009,0,0,358,0,358,G
5-NP,1010,0,0,0,357,357,C
5-NP,1011,347,0,0,0,347,A
5-NP,1012,0,323,0,0,323,T
5-NP,1013,0,321,0,0,321,T
5-NP,1014,0,321,0,0,321,T
5-NP,1015,0,0,339,0,339,G
5-NP,1016,337,0,0,0,337,A
5-NP,1017,337,0,0,0,337,A
5-NP,1018,0,0,337,0,337,G
5-NP,1019,333,0,0,0,333,A
5-NP,1020,0,320,0,0,320,T
5-NP,1021,0,318,0,0,318,T
5-NP,1022,0,318,0,0,318,T
5-NP,1023,323,0,0,0,323,A
5-NP,1024,323,0,0,0,323,A
5-NP,1025,0,0,329,0,329,G
5-NP,1026,330,0,1,0,331,A
5-NP,1027,0,0,332,0,332,G
5-NP,1028,0,331,0,0,331,T
5-NP,1029,331,0,0,0,331,A
5-NP,1030,0,330,0,0,330,T
5-NP,1031,0,0,0,327,327,C
5-NP,1032,325,0,0,0,325,A
5-NP,1033,325,0,0,0,325,A
5-NP,1034,0,0,321,0,321,G
5-NP,1035,0,306,0,0,306,T
5-NP,1036,0,304,0,0,304,T
5-NP,1037,0,302,0,0,302,T
5-NP,1038,0,0,0,318,318,C
5-NP,1039,318,0,0,0,318,A
5-NP,1040,0,318,0,0,318,T
5-NP,1041,316,0,0,0,316,A
5-NP,1042,313,0,0,0,313,A
5-NP,1043,0,0,306,0,306,G
5-NP,1044,285,0,0,0,285,A
5-NP,1045,0,0,252,0,252,G
5-NP,1046,0,0,251,0,251,G
5-NP,1047,232,0,0,0,232,A
5-NP,1048,230,0,0,0,230,A
5-NP,1049,230,0,0,0,230,A
5-NP,1050,0,0,255,0,255,G
5-NP,1051,244,0,0,0,244,A
5-NP,1052,243,0,0,0,243,A
5-NP,1053,244,0,0,0,244,A
5-NP,1054,0,0,258,0,258,G
5-NP,1055,0,260,0,0,260,T
5-NP,1056,1,0,259,0,260,G
5-NP,1057,257,0,1,0,258,A
5-NP,1058,0,255,0,0,255,T
5-NP,1059,0,255,0,0,255,T
5-NP,1060,0,0,0,251,251,C
5-NP,1061,0,0,0,251,251,C
5-NP,1062,249,0,1,0,250,A
5-NP,1063,250,0,0,0,250,A
5-NP,1064,0,0,247,0,247,G
5-NP,1065,229,0,0,0,229,A
5-NP,1066,0,0,237,0,237,G
5-NP,1067,0,0,238,0,238,G
5-NP,1068,249,0,0,0,249,A
5-NP,1069,249,0,0,0,249,A
5-NP,1070,256,0,0,0,256,A
5-NP,1071,0,0,272,0,272,G
5-NP,1072,0,0,0,277,277,C
5-NP,1073,0,284,0,0,284,T
5-NP,1074,0,264,0,1,265,T
5-NP,1075,0,266,0,0,266,T
5-NP,1076,0,0,0,260,260,C
5-NP,1077,1,0,0,258,259,C
5-NP,1078,281,0,0,0,281,A
5-NP,1079,0,0,0,289,289,C
5-NP,1080,289,0,0,0,289,A
5-NP,1081,289,0,0,0,289,A
5-NP,1082,0,0,281,0,281,G
5-NP,1083,339,0,0,0,339,A
5-NP,1084,0,0,325,0,325,G
5-NP,1085,0,0,328,0,328,G
5-NP,1086,0,0,360,0,360,G
5-NP,1087,0,0,361,0,361,G
5-NP,1088,0,397,0,1,398,T
5-NP,1089,0,0,0,410,410,C
5-NP,1090,0,1,0,412,413,C
5-NP,1091,418,0,0,0,418,A
5-NP,1092,1,0,418,0,419,G
5-NP,1093,418,0,0,0,418,A
5-NP,1094,0,418,0,0,418,T
5-NP,1095,0,418,0,0,418,T
5-NP,1096,0,0,422,0,422,G
5-NP,1097,0,0,0,426,426,C
5-NP,1098,0,433,0,1,434,T
5-NP,1099,0,433,0,0,433,T
5-NP,1100,0,0,0,432,432,C
5-NP,1101,420,0,0,0,420,A
5-NP,1102,422,0,0,0,422,A
5-NP,1103,424,0,0,0,424,A
5-NP,1104,0,439,0,0,439,T
5-NP,1105,1,0,441,0,442,G
5-NP,1106,449,0,0,0,449,A
5-NP,1107,0,0,449,0,449,G
5-NP,1108,446,0,1,0,447,A
5-NP,1109,447,0,0,0,447,A
5-NP,1110,0,447,0,0,447,T
5-NP,1111,0,0,446,0,446,G
5-NP,1112,0,448,0,0,448,T
5-NP,1113,0,0,447,0,447,G
5-NP,1114,0,0,446,0,446,G
5-NP,1115,425,0,0,0,425,A
5-NP,1116,420,0,0,0,420,A
5-NP,1117,422,0,0,0,422,A
5-NP,1118,0,0,0,455,455,C
5-NP,1119,2,0,0,450,452,C
5-NP,1120,471,0,0,0,471,A
5-NP,1121,0,479,0,0,479,T
5-NP,1122,1,0,476,0,477,G
5-NP,1123,0,0,476,0,476,G
5-NP,1124,477,0,0,0,477,A
5-NP,1125,0,0,0,479,479,C
5-NP,1126,0,481,0,0,481,T
5-NP,1127,0,1,0,482,483,C
5-NP,1128,0,0,0,483,483,C
5-NP,1129,483,0,0,0,483,A
5-NP,1130,484,0,0,0,484,A
5-NP,1131,0,486,0,0,486,T
5-NP,1132,476,0,0,0,476,A
5-NP,1133,0,0,0,475,475,C
5-NP,1134,0,0,0,475,475,C
5-NP,1135,0,0,0,488,488,C
5-NP,1136,0,491,0,1,492,T
5-NP,1137,0,0,492,0,492,G
5-NP,1138,0,0,495,0,495,G
5-NP,1139,492,0,0,0,492,A
5-NP,1140,493,0,0,0,493,A
5-NP,1141,0,2,0,486,488,C
5-NP,1142,0,482,0,0,482,T
5-NP,1143,475,0,0,0,475,A
5-NP,1144,477,0,0,0,477,A
5-NP,1145,0,0,485,0,485,G
5-NP,1146,494,0,0,0,494,A
5-NP,1147,496,0,0,0,496,A
5-NP,1148,4,0,495,0,499,G
5-NP,1149,0,0,0,502,502,C
5-NP,1150,501,0,0,0,501,A
5-NP,1151,0,0,501,0,501,G
5-NP,1152,500,0,0,0,500,A
5-NP,1153,0,500,0,0,500,T
5-NP,1154,499,0,0,0,499,A
5-NP,1155,0,2,0,498,500,C
5-NP,1156,0,501,0,0,501,T
5-NP,1157,0,0,497,0,497,G
5-NP,1158,1,0,496,0,497,G
5-NP,1159,0,0,498,0,498,G
5-NP,1160,0,0,0,499,499,C
5-NP,1161,0,0,0,499,499,C
5-NP,1162,499,0,0,0,499,A
5-NP,1163,0,497,0,0,497,T
5-NP,1164,493,0,0,0,493,A
5-NP,1165,493,0,0,0,493,A
5-NP,1166,0,0,495,0,495,G
5-NP,1167,0,0,493,0,493,G
5-NP,1168,494,0,0,0,494,A
5-NP,1169,0,0,0,493,493,C
5-NP,1170,0,0,0,494,494,C
5-NP,1171,497,0,0,0,497,A
5-NP,1172,0,0,494,0,494,G
5-NP,1173,0,0,493,0,493,G
5-NP,1174,495,0,0,0,495,A
5-NP,1175,0,0,494,0,494,G
5-NP,1176,0,488,0,0,488,T
5-NP,1177,0,0,485,0,485,G
5-NP,1178,0,0,482,0,482,G
5-NP,1179,467,0,0,0,467,A
5-NP,1180,0,0,487,0,487,G
5-NP,1181,0,0,489,0,489,G
5-NP,1182,478,0,0,0,478,A
5-NP,1183,474,0,0,0,474,A
5-NP,1184,475,0,0,0,475,A
5-NP,1185,0,487,0,0,487,T
5-NP,1186,483,0,0,0,483,A
5-NP,1187,0,1,0,479,480,C
5-NP,1188,0,0,0,479,479,C
5-NP,1189,473,0,0,0,473,A
5-NP,1190,473,0,0,0,473,A
5-NP,1191,0,476,0,0,476,T
5-NP,1192,0,1,0,480,481,C
5-NP,1193,451,0,0,0,451,A
5-NP,1194,438,0,0,0,438,A
5-NP,1195,0,0,0,482,482,C
5-NP,1196,425,0,0,0,425,A
5-NP,1197,426,0,0,0,426,A
5-NP,1198,422,0,1,0,423,A
5-NP,1199,425,0,1,0,426,A
5-NP,1200,0,0,494,0,494,G
5-NP,1201,0,0,492,0,492,G
5-NP,1202,0,0,0,513,513,C
5-NP,1203,513,0,0,0,513,A
5-NP,1204,0,511,1,0,512,T
5-NP,1205,0,0,0,513,513,C
5-NP,1206,0,0,0,513,513,C
5-NP,1207,0,0,515,0,515,G
5-NP,1208,0,1,0,516,517,C
5-NP,1209,515,0,1,0,516,A
5-NP,1210,0,0,516,0,516,G
5-NP,1211,0,0,516,0,516,G
5-NP,1212,0,0,0,517,517,C
5-NP,1213,0,0,0,517,517,C
5-NP,1214,516,0,1,0,517,A
5-NP,1215,0,0,517,0,517,G
5-NP,1216,517,0,0,0,517,A
5-NP,1217,0,516,0,1,517,T
5-NP,1218,0,0,0,517,517,C
5-NP,1219,516,0,0,0,516,A
5-NP,1220,0,0,516,0,516,G
5-NP,1221,0,515,0,0,515,T
5-NP,1222,0,0,515,0,515,G
5-NP,1223,0,515,0,0,515,T
5-NP,1224,0,0,515,0,515,G
5-NP,1225,0,0,0,513,513,C
5-NP,1226,513,0,0,0,513,A
5-NP,1227,0,0,513,0,513,G
5-NP,1228,0,0,0,514,514,C
5-NP,1229,0,0,0,514,514,C
5-NP,1230,0,514,0,0,514,T
5-NP,1231,514,0,0,0,514,A
5-NP,1232,0,0,0,510,510,C
5-NP,1233,507,0,0,1,508,A
5-NP,1234,0,507,0,0,507,T
5-NP,1235,0,506,1,0,507,T
5-NP,1236,0,0,0,507,507,C
5-NP,1237,0,508,0,0,508,T
5-NP,1238,0,0,0,508,508,C
5-NP,1239,508,0,0,0,508,A
5-NP,1240,0,0,508,0,508,G
5-NP,1241,0,507,0,0,507,T
5-NP,1242,0,0,506,0,506,G
5-NP,1243,0,0,0,505,505,C
5-NP,1244,503,0,2,0,505,A
5-NP,1245,0,0,503,0,503,G
5-NP,1246,0,1,0,489,490,C
5-NP,1247,0,0,487,0,487,G
5-NP,1248,417,0,0,0,417,A
5-NP,1249,418,0,0,0,418,A
5-NP,1250,417,0,0,0,417,A
5-NP,1251,0,474,0,0,474,T
5-NP,1252,0,0,0,407,407,C
5-NP,1253,0,369,0,0,369,T
5-NP,1254,0,0,0,426,426,C
5-NP,1255,0,0,0,411,411,C
5-NP,1256,0,0,0,420,420,C
5-NP,1257,0,413,0,0,413,T
5-NP,1258,0,412,0,0,412,T
5-NP,1259,0,424,0,0,424,T
5-NP,1260,0,422,0,0,422,T
5-NP,1261,0,0,464,0,464,G
5-NP,1262,457,0,0,0,457,A
5-NP,1263,462,0,0,0,462,A
5-NP,1264,463,0,0,0,463,A
5-NP,1265,0,0,478,0,478,G
5-NP,1266,472,0,1,0,473,A
5-NP,1267,0,0,485,0,485,G
5-NP,1268,0,0,0,482,482,C
5-NP,1269,482,0,0,0,482,A
5-NP,1270,483,0,0,0,483,A
5-NP,1271,0,0,0,478,478,C
5-NP,1272,0,0,0,475,475,C
5-NP,1273,1,0,477,0,478,G
5-NP,1274,0,483,0,0,483,T
5-NP,1275,0,482,0,0,482,T
5-NP,1276,494,0,0,0,494,A
5-NP,1277,0,498,0,0,498,T
5-NP,1278,0,0,498,0,498,G
5-NP,1279,0,0,499,0,499,G
5-NP,1280,0,0,0,499,499,C
5-NP,1281,499,0,0,0,499,A
5-NP,1282,0,0,500,0,500,G
5-NP,1283,0,1,0,499,500,C
5-NP,1284,496,0,0,0,496,A
5-NP,1285,0,496,0,0,496,T
5-NP,1286,0,495,0,0,495,T
5-NP,1287,0,0,0,498,498,C
5-NP,1288,497,0,0,1,498,A
5-NP,1289,1,0,484,0,485,G
5-NP,1290,0,0,0,492,492,C
5-NP,1291,0,0,483,0,483,G
5-NP,1292,0,0,485,0,485,G
5-NP,1293,0,0,485,0,485,G
5-NP,1294,500,0,0,0,500,A
5-NP,1295,499,0,1,0,500,A
5-NP,1296,0,1,0,503,504,C
5-NP,1297,504,0,0,0,504,A
5-NP,1298,506,0,0,0,506,A
5-NP,1299,0,504,0,0,504,T
5-NP,1300,0,0,490,0,490,G
5-NP,1301,483,0,1,0,484,A
5-NP,1302,484,0,0,0,484,A
5-NP,1303,0,0,491,0,491,G
5-NP,1304,0,0,491,0,491,G
5-NP,1305,515,0,0,0,515,A
5-NP,1306,0,1,0,518,519,C
5-NP,1307,0,0,518,0,518,G
5-NP,1308,0,0,518,0,518,G
5-NP,1309,520,0,1,0,521,A
5-NP,1310,0,0,0,524,524,C
5-NP,1311,526,0,0,0,526,A
5-NP,1312,0,524,0,0,524,T
5-NP,1313,0,0,0,515,515,C
5-NP,1314,0,0,0,514,514,C
5-NP,1315,0,0,515,0,515,G
5-NP,1316,519,0,0,0,519,A
5-NP,1317,0,0,0,520,520,C
5-NP,1318,519,0,0,0,519,A
5-NP,1319,0,519,0,0,519,T
5-NP,1320,0,0,519,0,519,G
5-NP,1321,0,0,0,519,519,C
5-NP,1322,2,0,515,0,517,G
5-NP,1323,516,0,0,0,516,A
5-NP,1324,516,0,0,0,516,A
5-NP,1325,0,0,0,517,517,C
5-NP,1326,516,0,0,0,516,A
5-NP,1327,0,0,516,0,516,G
5-NP,1328,513,0,0,0,513,A
5-NP,1329,512,0,0,0,512,A
5-NP,1330,1,0,507,0,508,G
5-NP,1331,0,506,0,0,506,T
5-NP,1332,0,504,0,1,505,T
5-NP,1333,505,0,0,0,505,A
5-NP,1334,0,510,0,0,510,T
5-NP,1335,509,0,0,0,509,A
5-NP,1336,509,0,0,0,509,A
5-NP,1337,0,0,512,0,512,G
5-NP,1338,509,0,0,0,509,A
5-NP,1339,509,0,0,0,509,A
5-NP,1340,0,511,0,0,511,T
5-NP,1341,0,0,512,0,512,G
5-NP,1342,512,0,0,0,512,A
5-NP,1343,0,512,0,0,512,T
5-NP,1344,0,0,510,0,510,G
5-NP,1345,1,0,509,0,510,G
5-NP,1346,492,0,0,0,492,A
5-NP,1347,490,0,0,0,490,A
5-NP,1348,489,0,0,0,489,A
5-NP,1349,0,0,496,0,496,G
5-NP,1350,0,496,0,0,496,T
5-NP,1351,0,0,497,0,497,G
5-NP,1352,0,0,0,498,498,C
5-NP,1353,487,0,0,0,487,A
5-NP,1354,485,0,2,0,487,A
5-NP,1355,486,0,1,0,487,A
5-NP,1356,0,0,493,0,493,G
5-NP,1357,0,0,0,491,491,C
5-NP,1358,0,0,0,491,491,C
5-NP,1359,490,0,0,0,490,A
5-NP,1360,0,0,489,1,490,G
5-NP,1361,486,0,0,0,486,A
5-NP,1362,486,0,0,0,486,A
5-NP,1363,0,0,487,0,487,G
5-NP,1364,482,0,1,0,483,A
5-NP,1365,0,462,0,0,462,T
5-NP,1366,0,461,0,0,461,T
5-NP,1367,0,460,0,0,460,T
5-NP,1368,0,0,483,0,483,G
5-NP,1369,0,478,0,0,478,T
5-NP,1370,0,0,0,474,474,C
5-NP,1371,0,0,0,473,473,C
5-NP,1372,0,471,0,1,472,T
5-NP,1373,0,471,0,0,471,T
5-NP,1374,0,0,0,475,475,C
5-NP,1375,0,0,0,470,470,C
5-NP,1376,463,0,1,0,464,A
5-NP,1377,0,0,404,0,404,G
5-NP,1378,0,0,407,0,407,G
5-NP,1379,0,0,412,0,412,G
5-NP,1380,0,0,409,0,409,G
5-NP,1381,0,0,0,463,463,C
5-NP,1382,0,0,448,0,448,G
5-NP,1383,0,0,451,0,451,G
5-NP,1384,0,0,454,0,454,G
5-NP,1385,1,0,454,0,455,G
5-NP,1386,480,0,1,0,481,A
5-NP,1387,0,0,481,0,481,G
5-NP,1388,0,479,0,1,480,T
5-NP,1389,0,0,0,484,484,C
5-NP,1390,0,491,0,0,491,T
5-NP,1391,0,491,0,0,491,T
5-NP,1392,0,0,0,494,494,C
5-NP,1393,0,0,492,0,492,G
5-NP,1394,492,0,0,0,492,A
5-NP,1395,0,0,492,0,492,G
5-NP,1396,0,0,0,490,490,C
5-NP,1397,0,494,0,0,494,T
5-NP,1398,0,0,0,494,494,C
5-NP,1399,0,494,0,0,494,T
5-NP,1400,0,0,0,491,491,C
5-NP,1401,0,0,485,0,485,G
5-NP,1402,0,0,485,0,485,G
5-NP,1403,477,0,0,0,477,A
5-NP,1404,0,0,0,485,485,C
5-NP,1405,0,0,483,0,483,G
5-NP,1406,463,0,0,0,463,A
5-NP,1407,463,0,0,0,463,A
5-NP,1408,462,0,0,0,462,A
5-NP,1409,461,0,1,1,463,A
5-NP,1410,0,0,488,0,488,G
5-NP,1411,0,0,488,0,488,G
5-NP,1412,0,0,0,498,498,C
5-NP,1413,490,0,0,0,490,A
5-NP,1414,488,0,2,0,490,A
5-NP,1415,0,0,0,482,482,C
5-NP,1416,0,0,495,0,495,G
5-NP,1417,489,0,1,0,490,A
5-NP,1418,490,0,0,0,490,A
5-NP,1419,1,0,0,482,483,C
5-NP,1420,0,1,0,483,484,C
5-NP,1421,0,0,0,487,487,C
5-NP,1422,0,0,494,0,494,G
5-NP,1423,499,0,0,0,499,A
5-NP,1424,0,500,0,0,500,T
5-NP,1425,0,0,0,499,499,C
5-NP,1426,0,0,502,0,502,G
5-NP,1427,0,501,0,0,501,T
5-NP,1428,0,0,500,0,500,G
5-NP,1429,0,2,0,487,489,C
5-NP,1430,0,0,0,490,490,C
5-NP,1431,0,472,0,2,474,T
5-NP,1432,0,474,0,0,474,T
5-NP,1433,0,0,0,486,486,C
5-NP,1434,0,0,0,487,487,C
5-NP,1435,0,481,0,0,481,T
5-NP,1436,0,480,0,0,480,T
5-NP,1437,0,482,0,0,482,T
5-NP,1438,0,0,505,0,505,G
5-NP,1439,506,0,0,0,506,A
5-NP,1440,0,0,0,508,508,C
5-NP,1441,510,0,0,0,510,A
5-NP,1442,0,510,0,0,510,T
5-NP,1443,0,0,509,0,509,G
5-NP,1444,505,0,3,0,508,A
5-NP,1445,0,0,507,0,507,G
5-NP,1446,0,504,0,0,504,T
5-NP,1447,503,0,0,0,503,A
5-NP,1448,505,0,0,0,505,A
5-NP,1449,0,508,0,0,508,T
5-NP,1450,0,0,500,0,500,G
5-NP,1451,506,0,0,0,506,A
5-NP,1452,506,0,0,0,506,A
5-NP,1453,0,0,492,0,492,G
5-NP,1454,0,0,491,0,491,G
5-NP,1455,0,0,489,0,489,G
5-NP,1456,0,502,0,0,502,T
5-NP,1457,0,0,0,506,506,C
5-NP,1458,0,489,0,0,489,T
5-NP,1459,0,486,0,0,486,T
5-NP,1460,507,0,0,0,507,A
5-NP,1461,0,478,0,0,478,T
5-NP,1462,0,475,0,0,475,T
5-NP,1463,0,473,0,0,473,T
5-NP,1464,0,0,0,494,494,C
5-NP,1465,0,495,0,0,495,T
5-NP,1466,0,500,0,0,500,T
5-NP,1467,0,0,0,501,501,C
5-NP,1468,0,0,506,0,506,G
5-NP,1469,0,0,508,0,508,G
5-NP,1470,507,0,1,0,508,A
5-NP,1471,0,0,511,0,511,G
5-NP,1472,506,0,0,0,506,A
5-NP,1473,0,0,0,508,508,C
5-NP,1474,508,0,0,0,508,A
5-NP,1475,508,0,1,0,509,A
5-NP,1476,0,511,0,0,511,T
5-NP,1477,0,0,513,0,513,G
5-NP,1478,0,0,0,512,512,C
5-NP,1479,513,0,0,0,513,A
5-NP,1480,0,0,511,0,511,G
5-NP,1481,511,0,1,0,512,A
5-NP,1482,1,0,509,0,510,G
5-NP,1483,0,0,510,0,510,G
5-NP,1484,509,0,1,0,510,A
5-NP,1485,0,0,511,0,511,G
5-NP,1486,0,512,0,0,512,T
5-NP,1487,512,0,0,0,512,A
5-NP,1488,0,514,0,0,514,T
5-NP,1489,0,0,514,0,514,G
5-NP,1490,511,0,2,0,513,A
5-NP,1491,0,0,0,513,513,C
5-NP,1492,512,0,0,0,512,A
5-NP,1493,1,0,507,0,508,G
5-NP,1494,0,506,0,0,506,T
5-NP,1495,0,502,0,1,503,T
5-NP,1496,0,0,498,0,498,G
5-NP,1497,480,0,0,0,480,A
5-NP,1498,0,0,463,0,463,G
5-NP,1499,7,0,452,0,459,G
5-NP,1500,343,0,1,0,344,A
5-NP,1501,342,0,0,0,342,A
5-NP,1502,343,0,0,0,343,A
5-NP,1503,337,0,0,0,337,A
5-NP,1504,331,0,0,0,331,A
5-NP,1505,0,470,0,0,470,T
5-NP,1506,480,0,0,0,480,A
5-NP,1507,0,0,0,474,474,C
6-NA,-8,330,0,0,0,330,A
6-NA,-7,0,0,330,0,330,G
6-NA,-6,0,312,0,0,312,T
6-NA,-5,0,307,0,0,307,T
6-NA,-4,0,307,0,0,307,T
6-NA,-3,312,0,0,0,312,A
6-NA,-2,313,0,0,0,313,A
6-NA,-1,323,0,0,0,323,A
6-NA,0,323,0,0,0,323,A
6-NA,1,0,335,0,0,335,T
6-NA,2,0,0,353,0,353,G
6-NA,3,356,0,0,0,356,A
6-NA,4,357,0,0,0,357,A
6-NA,5,0,350,0,0,350,T
6-NA,6,0,0,0,347,347,C
6-NA,7,0,0,0,347,347,C
6-NA,8,330,0,0,0,330,A
6-NA,9,325,0,0,0,325,A
6-NA,10,331,0,0,0,331,A
6-NA,11,0,0,0,335,335,C
6-NA,12,0,0,0,335,335,C
6-NA,13,312,0,0,0,312,A
6-NA,14,314,0,0,0,314,A
6-NA,15,312,0,0,1,313,A
6-NA,16,312,0,0,0,312,A
6-NA,17,0,0,343,0,343,G
6-NA,18,329,0,0,0,329,A
6-NA,19,0,350,0,0,350,T
6-NA,20,349,0,0,0,349,A
6-NA,21,348,0,0,0,348,A
6-NA,22,0,349,0,0,349,T
6-NA,23,345,0,0,0,345,A
6-NA,24,348,0,0,0,348,A
6-NA,25,0,1,0,350,351,C
6-NA,26,0,0,0,351,351,C
6-NA,27,353,0,0,0,353,A
6-NA,28,0,352,0,0,352,T
6-NA,29,0,352,0,0,352,T
6-NA,30,0,0,347,0,347,G
6-NA,31,0,0,347,0,347,G
6-NA,32,0,345,0,1,346,T
6-NA,33,0,343,0,1,344,T
6-NA,34,0,0,0,349,349,C
6-NA,35,0,0,350,0,350,G
6-NA,36,0,0,351,0,351,G
6-NA,37,0,353,0,0,353,T
6-NA,38,0,0,0,359,359,C
6-NA,39,0,360,0,0,360,T
6-NA,40,0,0,360,0,360,G
6-NA,41,0,358,0,0,358,T
6-NA,42,359,0,0,0,359,A
6-NA,43,0,359,0,0,359,T
6-NA,44,0,0,359,0,359,G
6-NA,45,355,0,1,0,356,A
6-NA,46,0,1,0,354,355,C
6-NA,47,354,0,0,0,354,A
6-NA,48,356,0,0,0,356,A
6-NA,49,0,356,0,0,356,T
6-NA,50,0,356,0,0,356,T
6-NA,51,0,0,355,0,355,G
6-NA,52,1,0,354,0,355,G
6-NA,53,354,0,0,0,354,A
6-NA,54,355,0,0,0,355,A
6-NA,55,0,358,0,0,358,T
6-NA,56,0,0,360,0,360,G
6-NA,57,0,0,361,0,361,G
6-NA,58,0,0,0,358,358,C
6-NA,59,0,357,0,0,357,T
6-NA,60,355,0,0,0,355,A
6-NA,61,355,0,0,0,355,A
6-NA,62,0,0,0,356,356,C
6-NA,63,0,354,0,0,354,T
6-NA,64,0,354,0,0,354,T
6-NA,65,355,0,0,0,355,A
6-NA,66,353,0,0,0,353,A
6-NA,67,0,356,0,0,356,T
6-NA,68,355,0,0,0,355,A
6-NA,69,0,358,0,0,358,T
6-NA,70,0,358,0,0,358,T
6-NA,71,359,0,0,0,359,A
6-NA,72,0,0,0,361,361,C
6-NA,73,356,0,0,0,356,A
6-NA,74,356,0,0,0,356,A
6-NA,75,356,0,0,0,356,A
6-NA,76,0,360,0,0,360,T
6-NA,77,0,360,0,0,360,T
6-NA,78,0,0,353,0,353,G
6-NA,79,0,0,353,0,353,G
6-NA,80,349,0,0,0,349,A
6-NA,81,346,0,2,0,348,A
6-NA,82,352,0,0,0,352,A
6-NA,83,0,1,0,358,359,C
6-NA,84,351,0,0,0,351,A
6-NA,85,0,354,0,0,354,T
6-NA,86,355,0,0,0,355,A
6-NA,87,357,0,0,0,357,A
6-NA,88,0,362,0,0,362,T
6-NA,89,0,0,0,362,362,C
6-NA,90,0,363,0,1,364,T
6-NA,91,0,0,0,364,364,C
6-NA,92,363,0,0,0,363,A
6-NA,93,363,0,0,0,363,A
6-NA,94,0,363,0,0,363,T
6-NA,95,362,0,0,0,362,A
6-NA,96,0,365,0,0,365,T
6-NA,97,0,0,362,0,362,G
6-NA,98,0,0,362,0,362,G
6-NA,99,363,0,0,0,363,A
6-NA,100,0,367,0,0,367,T
6-NA,101,0,367,0,0,367,T
6-NA,102,365,0,2,0,367,A
6-NA,103,0,0,364,0,364,G
6-NA,104,0,0,0,363,363,C
6-NA,105,0,0,0,363,363,C
6-NA,106,365,0,0,0,365,A
6-NA,107,1,1,0,364,366,C
6-NA,108,0,367,0,0,367,T
6-NA,109,0,0,0,367,367,C
6-NA,110,366,0,0,0,366,A
6-NA,111,366,0,0,0,366,A
6-NA,112,0,366,0,0,366,T
6-NA,113,0,366,0,0,366,T
6-NA,114,0,0,0,367,367,C
6-NA,115,364,0,0,0,364,A
6-NA,116,364,0,0,0,364,A
6-NA,117,0,0,0,363,363,C
6-NA,118,0,363,0,0,363,T
6-NA,119,0,363,0,0,363,T
6-NA,120,0,0,352,0,352,G
6-NA,121,0,0,352,0,352,G
6-NA,122,0,0,352,0,352,G
6-NA,123,368,0,0,0,368,A
6-NA,124,368,0,0,0,368,A
6-NA,125,0,370,0,0,370,T
6-NA,126,0,0,0,372,372,C
6-NA,127,356,0,0,0,356,A
6-NA,128,356,0,0,0,356,A
6-NA,129,354,0,0,0,354,A
6-NA,130,354,0,0,0,354,A
6-NA,131,0,369,0,0,369,T
6-NA,132,0,0,0,373,373,C
6-NA,133,373,0,0,0,373,A
6-NA,134,0,0,373,0,373,G
6-NA,135,372,0,0,0,372,A
6-NA,136,0,371,0,1,372,T
6-NA,137,0,374,0,0,374,T
6-NA,138,0,0,375,0,375,G
6-NA,139,364,0,0,0,364,A
6-NA,140,363,0,0,0,363,A
6-NA,141,360,0,1,0,361,A
6-NA,142,0,0,0,367,367,C
6-NA,143,366,0,0,0,366,A
6-NA,144,0,375,0,0,375,T
6-NA,145,0,0,375,0,375,G
6-NA,146,0,0,0,374,374,C
6-NA,147,374,0,0,0,374,A
6-NA,148,374,0,0,0,374,A
6-NA,149,0,375,0,0,375,T
6-NA,150,0,0,0,374,374,C
6-NA,151,361,0,0,0,361,A
6-NA,152,359,0,0,0,359,A
6-NA,153,361,0,0,0,361,A
6-NA,154,0,0,372,0,372,G
6-NA,155,0,1,0,373,374,C
6-NA,156,0,0,374,0,374,G
6-NA,157,0,373,0,1,374,T
6-NA,158,0,0,0,374,374,C
6-NA,159,374,0,0,0,374,A
6-NA,160,0,370,0,0,370,T
6-NA,161,0,370,0,0,370,T
6-NA,162,370,0,0,0,370,A
6-NA,163,0,0,0,365,365,C
6-NA,164,0,361,0,0,361,T
6-NA,165,0,361,0,0,361,T
6-NA,166,361,0,0,0,361,A
6-NA,167,0,362,0,0,362,T
6-NA,168,0,0,349,0,349,G
6-NA,169,316,0,0,0,316,A
6-NA,170,315,0,0,1,316,A
6-NA,171,313,0,0,0,313,A
6-NA,172,311,0,0,0,311,A
6-NA,173,0,0,0,340,340,C
6-NA,174,323,0,0,0,323,A
6-NA,175,331,0,0,0,331,A
6-NA,176,0,0,0,360,360,C
6-NA,177,362,0,0,2,364,A
6-NA,178,0,0,0,370,370,C
6-NA,179,0,366,0,0,366,T
6-NA,180,0,370,1,0,371,T
6-NA,181,0,1,355,0,356,G
6-NA,182,0,0,357,0,357,G
6-NA,183,0,0,365,0,365,G
6-NA,184,0,379,0,0,379,T
6-NA,185,380,0,0,0,380,A
6-NA,186,379,0,0,0,379,A
6-NA,187,381,0,0,0,381,A
6-NA,188,0,392,0,0,392,T
6-NA,189,0,0,0,393,393,C
6-NA,190,395,0,0,0,395,A
6-NA,191,0,0,395,0,395,G
6-NA,192,395,0,0,0,395,A
6-NA,193,0,6,0,389,395,C
6-NA,194,395,0,0,0,395,A
6-NA,195,0,394,1,0,395,T
6-NA,196,395,0,0,0,395,A
6-NA,197,0,396,0,0,396,T
6-NA,198,0,0,395,0,395,G
6-NA,199,0,391,0,0,391,T
6-NA,200,0,391,0,0,391,T
6-NA,201,398,0,0,0,398,A
6-NA,202,398,0,0,0,398,A
6-NA,203,0,0,0,401,401,C
6-NA,204,403,0,0,0,403,A
6-NA,205,0,403,0,0,403,T
6-NA,206,0,0,0,401,401,C
6-NA,207,401,0,0,0,401,A
6-NA,208,2,0,397,0,399,G
6-NA,209,0,0,0,398,398,C
6-NA,210,397,0,0,0,397,A
6-NA,211,396,0,0,0,396,A
6-NA,212,0,0,0,395,395,C
6-NA,213,391,0,0,0,391,A
6-NA,214,0,0,0,394,394,C
6-NA,215,0,0,0,397,397,C
6-NA,216,394,0,0,0,394,A
6-NA,217,392,0,0,0,392,A
6-NA,218,0,0,0,396,396,C
6-NA,219,0,392,0,0,392,T
6-NA,220,0,392,0,0,392,T
6-NA,221,0,393,0,0,393,T
6-NA,222,0,0,405,0,405,G
6-NA,223,0,0,0,406,406,C
6-NA,224,0,407,0,0,407,T
6-NA,225,0,0,407,0,407,G
6-NA,226,0,1,0,403,404,C
6-NA,227,0,403,0,0,403,T
6-NA,228,0,0,404,0,404,G
6-NA,229,0,0,404,0,404,G
6-NA,230,404,0,0,0,404,A
6-NA,231,0,0,0,405,405,C
6-NA,232,405,0,0,0,405,A
6-NA,233,0,0,406,0,406,G
6-NA,234,0,405,0,0,405,T
6-NA,235,0,0,0,404,404,C
6-NA,236,404,0,0,0,404,A
6-NA,237,0,0,404,0,404,G
6-NA,238,0,400,0,0,400,T
6-NA,239,0,0,391,0,391,G
6-NA,240,0,0,390,0,390,G
6-NA,241,0,375,0,0,375,T
6-NA,242,0,370,0,0,370,T
6-NA,243,0,376,0,0,376,T
6-NA,244,0,0,0,389,389,C
6-NA,245,0,0,0,387,387,C
6-NA,246,0,0,408,0,408,G
6-NA,247,0,405,0,0,405,T
6-NA,248,0,0,408,0,408,G
6-NA,249,409,0,0,0,409,A
6-NA,250,0,0,406,0,406,G
6-NA,251,406,0,0,0,406,A
6-NA,252,0,397,0,0,397,T
6-NA,253,0,398,0,0,398,T
6-NA,254,395,0,0,0,395,A
6-NA,255,0,0,405,0,405,G
6-NA,256,0,0,0,415,415,C
6-NA,257,0,0,402,0,402,G
6-NA,258,0,0,402,0,402,G
6-NA,259,0,0,405,0,405,G
6-NA,260,0,1,0,417,418,C
6-NA,261,415,0,0,0,415,A
6-NA,262,416,0,0,0,416,A
6-NA,263,0,414,0,0,414,T
6-NA,264,0,414,0,0,414,T
6-NA,265,0,0,0,410,410,C
6-NA,266,0,0,0,410,410,C
6-NA,267,0,410,0,2,412,T
6-NA,268,0,0,0,414,414,C
6-NA,269,0,417,0,0,417,T
6-NA,270,0,1,0,416,417,C
6-NA,271,0,417,0,0,417,T
6-NA,272,0,0,0,417,417,C
6-NA,273,0,417,0,0,417,T
6-NA,274,0,0,417,0,417,G
6-NA,275,0,0,0,407,407,C
6-NA,276,0,1,0,405,406,C
6-NA,277,0,0,0,406,406,C
6-NA,278,1,416,0,0,417,T
6-NA,279,1,0,412,0,413,G
6-NA,280,0,417,0,0,417,T
6-NA,281,0,418,0,0,418,T
6-NA,282,420,0,0,0,420,A
6-NA,283,0,0,422,0,422,G
6-NA,284,0,420,0,0,420,T
6-NA,285,0,0,423,0,423,G
6-NA,286,0,0,422,0,422,G
6-NA,287,424,0,0,0,424,A
6-NA,288,0,425,0,0,425,T
6-NA,289,0,0,412,0,412,G
6-NA,290,0,0,413,0,413,G
6-NA,291,0,0,413,0,413,G
6-NA,292,0,0,0,426,426,C
6-NA,293,0,426,0,0,426,T
6-NA,294,426,0,0,0,426,A
6-NA,295,0,426,0,0,426,T
6-NA,296,427,0,0,0,427,A
6-NA,297,0,426,0,0,426,T
6-NA,298,425,0,0,0,425,A
6-NA,299,0,0,0,424,424,C
6-NA,300,421,0,0,0,421,A
6-NA,301,0,0,418,0,418,G
6-NA,302,0,405,0,0,405,T
6-NA,303,395,0,0,0,395,A
6-NA,304,394,0,0,0,394,A
6-NA,305,396,0,0,0,396,A
6-NA,306,0,0,411,0,411,G
6-NA,307,403,0,0,0,403,A
6-NA,308,0,0,0,411,411,C
6-NA,309,413,0,0,0,413,A
6-NA,310,412,0,0,0,412,A
6-NA,311,0,0,0,413,413,C
6-NA,312,412,0,0,0,412,A
6-NA,313,0,0,411,0,411,G
6-NA,314,0,411,0,0,411,T
6-NA,315,407,0,0,0,407,A
6-NA,316,0,408,0,0,408,T
6-NA,317,400,0,0,0,400,A
6-NA,318,399,0,0,0,399,A
6-NA,319,0,0,403,0,403,G
6-NA,320,407,0,0,0,407,A
6-NA,321,406,0,0,0,406,A
6-NA,322,0,402,0,0,402,T
6-NA,323,0,0,0,397,397,C
6-NA,324,0,0,381,0,381,G
6-NA,325,0,0,379,0,379,G
6-NA,326,0,366,0,0,366,T
6-NA,327,0,366,0,0,366,T
6-NA,328,0,0,0,378,378,C
6-NA,329,0,0,0,378,378,C
6-NA,330,361,0,0,0,361,A
6-NA,331,363,0,0,0,363,A
6-NA,332,0,0,317,0,317,G
6-NA,333,0,0,312,0,312,G
6-NA,334,0,0,318,0,318,G
6-NA,335,0,0,315,0,315,G
6-NA,336,1,0,314,0,315,G
6-NA,337,354,0,0,0,354,A
6-NA,338,0,359,0,0,359,T
6-NA,339,0,0,358,0,358,G
6-NA,340,0,350,0,0,350,T
6-NA,341,0,0,357,0,357,G
6-NA,342,0,335,0,1,336,T
6-NA,343,0,341,0,0,341,T
6-NA,344,0,343,0,0,343,T
6-NA,345,0,0,368,0,368,G
6-NA,346,0,361,0,0,361,T
6-NA,347,0,0,0,366,366,C
6-NA,348,365,0,0,0,365,A
6-NA,349,0,355,0,0,355,T
6-NA,350,354,0,0,0,354,A
6-NA,351,355,0,0,0,355,A
6-NA,352,0,0,362,0,362,G
6-NA,353,0,0,359,0,359,G
6-NA,354,0,0,360,0,360,G
6-NA,355,360,0,1,0,361,A
6-NA,356,362,0,0,0,362,A
6-NA,357,0,0,0,369,369,C
6-NA,358,0,0,0,370,370,C
6-NA,359,374,0,0,0,374,A
6-NA,360,0,375,0,0,375,T
6-NA,361,0,375,0,0,375,T
6-NA,362,0,0,0,378,378,C
6-NA,363,380,0,0,0,380,A
6-NA,364,0,381,0,0,381,T
6-NA,365,379,0,1,0,380,A
6-NA,366,0,379,0,1,380,T
6-NA,367,0,0,0,379,379,C
6-NA,368,379,0,0,0,379,A
6-NA,369,0,379,0,0,379,T
6-NA,370,1,0,377,0,378,G
6-NA,371,0,0,0,376,376,C
6-NA,372,0,376,0,0,376,T
6-NA,373,0,0,0,360,360,C
6-NA,374,0,368,0,1,369,T
6-NA,375,0,0,0,354,354,C
6-NA,376,0,0,0,353,353,C
6-NA,377,0,0,0,354,354,C
6-NA,378,0,373,0,1,374,T
6-NA,379,0,374,0,0,374,T
6-NA,380,0,0,381,0,381,G
6-NA,381,0,0,381,0,381,G
6-NA,382,381,0,0,0,381,A
6-NA,383,381,0,0,0,381,A
6-NA,384,0,383,0,0,383,T
6-NA,385,0,0,384,0,384,G
6-NA,386,0,0,0,383,383,C
6-NA,387,382,0,0,0,382,A
6-NA,388,0,0,380,0,380,G
6-NA,389,376,0,0,0,376,A
6-NA,390,376,0,0,0,376,A
6-NA,391,0,0,0,374,374,C
6-NA,392,0,0,0,374,374,C
6-NA,393,0,375,0,0,375,T
6-NA,394,0,349,0,0,349,T
6-NA,395,0,0,0,311,311,C
6-NA,396,0,307,0,0,307,T
6-NA,397,0,306,0,0,306,T
6-NA,398,0,0,0,329,329,C
6-NA,399,0,340,0,0,340,T
6-NA,400,0,349,0,0,349,T
6-NA,401,0,0,352,0,352,G
6-NA,402,352,0,0,0,352,A
6-NA,403,0,0,0,354,354,C
6-NA,404,0,355,0,0,355,T
6-NA,405,0,0,0,355,355,C
6-NA,406,339,0,0,0,339,A
6-NA,407,339,0,0,0,339,A
6-NA,408,1,0,280,0,281,G
6-NA,409,0,0,287,0,287,G
6-NA,410,0,0,290,0,290,G
6-NA,411,0,0,290,0,290,G
6-NA,412,0,0,0,361,361,C
6-NA,413,0,0,0,361,361,C
6-NA,414,0,392,0,0,392,T
6-NA,415,0,393,0,0,393,T
6-NA,416,0,0,396,0,396,G
6-NA,417,0,0,0,394,394,C
6-NA,418,0,392,0,0,392,T
6-NA,419,387,0,0,0,387,A
6-NA,420,388,0,0,0,388,A
6-NA,421,391,0,0,0,391,A
6-NA,422,0,403,0,0,403,T
6-NA,423,0,0,405,0,405,G
6-NA,424,397,0,3,0,400,A
6-NA,425,0,0,0,400,400,C
6-NA,426,383,0,0,0,383,A
6-NA,427,383,0,0,1,384,A
6-NA,428,383,0,0,0,383,A
6-NA,429,0,0,0,406,406,C
6-NA,430,410,0,0,0,410,A
6-NA,431,0,412,0,0,412,T
6-NA,432,0,413,0,0,413,T
6-NA,433,0,0,0,414,414,C
6-NA,434,0,0,0,414,414,C
6-NA,435,416,0,0,0,416,A
6-NA,436,416,0,0,0,416,A
6-NA,437,0,416,0,0,416,T
6-NA,438,0,0,408,0,408,G
6-NA,439,0,0,408,0,408,G
6-NA,440,406,0,0,0,406,A
6-NA,441,406,0,0,0,406,A
6-NA,442,0,0,0,401,401,C
6-NA,443,0,1,0,401,402,C
6-NA,444,367,0,0,0,367,A
6-NA,445,0,387,0,1,388,T
6-NA,446,0,388,0,0,388,T
6-NA,447,378,0,0,0,378,A
6-NA,448,374,0,0,0,374,A
6-NA,449,384,0,0,0,384,A
6-NA,450,0,0,405,0,405,G
6-NA,451,396,0,0,0,396,A
6-NA,452,0,0,0,401,401,C
6-NA,453,402,0,0,0,402,A
6-NA,454,0,0,402,0,402,G
6-NA,455,0,0,402,0,402,G
6-NA,456,403,0,1,0,404,A
6-NA,457,0,0,407,0,407,G
6-NA,458,0,1,0,402,403,C
6-NA,459,0,0,0,405,405,C
6-NA,460,0,0,0,407,407,C
6-NA,461,417,0,1,0,418,A
6-NA,462,0,416,0,0,416,T
6-NA,463,418,0,0,0,418,A
6-NA,464,0,419,0,0,419,T
6-NA,465,0,0,0,411,411,C
6-NA,466,0,0,419,0,419,G
6-NA,467,414,0,0,0,414,A
6-NA,468,415,0,0,0,415,A
6-NA,469,0,0,0,411,411,C
6-NA,470,0,1,0,408,409,C
6-NA,471,0,0,0,415,415,C
6-NA,472,0,417,0,1,418,T
6-NA,473,418,0,1,0,419,A
6-NA,474,417,0,0,0,417,A
6-NA,475,0,423,0,0,423,T
6-NA,476,0,0,424,0,424,G
6-NA,477,426,0,0,0,426,A
6-NA,478,0,0,427,0,427,G
6-NA,479,1,0,0,425,426,C
6-NA,480,0,427,0,0,427,T
6-NA,481,0,0,427,0,427,G
6-NA,482,0,427,0,0,427,T
6-NA,483,0,0,0,424,424,C
6-NA,484,0,0,0,423,423,C
6-NA,485,0,419,0,0,419,T
6-NA,486,420,0,0,0,420,A
6-NA,487,0,409,0,0,409,T
6-NA,488,0,407,0,1,408,T
6-NA,489,0,0,406,0,406,G
6-NA,490,0,0,406,0,406,G
6-NA,491,0,407,0,1,408,T
6-NA,492,0,0,411,0,411,G
6-NA,493,409,1,0,0,410,A
6-NA,494,408,0,0,0,408,A
6-NA,495,0,0,408,0,408,G
6-NA,496,0,405,0,0,405,T
6-NA,497,0,408,0,0,408,T
6-NA,498,0,0,0,392,392,C
6-NA,499,0,0,0,391,391,C
6-NA,500,0,0,0,395,395,C
6-NA,501,0,412,0,1,413,T
6-NA,502,0,0,0,411,411,C
6-NA,503,0,417,0,0,417,T
6-NA,504,0,0,0,416,416,C
6-NA,505,0,0,0,417,417,C
6-NA,506,426,0,0,1,427,A
6-NA,507,0,427,0,0,427,T
6-NA,508,429,0,0,0,429,A
6-NA,509,0,0,0,425,425,C
6-NA,510,426,0,0,0,426,A
6-NA,511,426,0,0,0,426,A
6-NA,512,0,0,0,426,426,C
6-NA,513,0,428,0,0,428,T
6-NA,514,0,0,0,430,430,C
6-NA,515,430,0,0,0,430,A
6-NA,516,431,0,0,0,431,A
6-NA,517,1,0,433,0,434,G
6-NA,518,433,0,0,0,433,A
6-NA,519,0,424,0,0,424,T
6-NA,520,0,426,0,0,426,T
6-NA,521,0,426,0,1,427,T
6-NA,522,0,0,440,0,440,G
6-NA,523,446,0,0,0,446,A
6-NA,524,2,0,447,0,449,G
6-NA,525,0,448,0,1,449,T
6-NA,526,0,1,0,448,449,C
6-NA,527,448,0,0,0,448,A
6-NA,528,0,0,449,0,449,G
6-NA,529,0,449,0,0,449,T
6-NA,530,0,0,0,450,450,C
6-NA,531,0,0,449,0,449,G
6-NA,532,0,0,0,447,447,C
6-NA,533,0,446,0,0,446,T
6-NA,534,0,446,0,0,446,T
6-NA,535,0,0,446,0,446,G
6-NA,536,0,0,447,0,447,G
6-NA,537,0,448,0,0,448,T
6-NA,538,0,0,0,451,451,C
6-NA,539,452,0,0,0,452,A
6-NA,540,0,0,453,0,453,G
6-NA,541,0,0,0,451,451,C
6-NA,542,451,0,0,0,451,A
6-NA,543,450,0,1,0,451,A
6-NA,544,0,0,451,0,451,G
6-NA,545,0,456,0,0,456,T
6-NA,546,1,0,456,0,457,G
6-NA,547,0,0,0,454,454,C
6-NA,548,0,449,0,2,451,T
6-NA,549,0,453,0,0,453,T
6-NA,550,0,0,455,0,455,G
6-NA,551,0,457,0,0,457,T
6-NA,552,0,0,0,460,460,C
6-NA,553,459,0,1,0,460,A
6-NA,554,0,460,0,0,460,T
6-NA,555,0,0,463,0,463,G
6-NA,556,463,0,0,0,463,A
6-NA,557,0,462,0,0,462,T
6-NA,558,0,0,462,0,462,G
6-NA,559,0,0,463,0,463,G
6-NA,560,0,0,0,463,463,C
6-NA,561,466,0,0,0,466,A
6-NA,562,0,468,0,0,468,T
6-NA,563,0,0,0,466,466,C
6-NA,564,464,0,0,0,464,A
6-NA,565,464,0,0,0,464,A
6-NA,566,0,463,0,0,463,T
6-NA,567,0,463,0,0,463,T
6-NA,568,0,0,465,0,465,G
6-NA,569,0,0,465,0,465,G
6-NA,570,0,1,0,467,468,C
6-NA,571,0,455,0,1,456,T
6-NA,572,453,0,0,0,453,A
6-NA,573,452,0,0,0,452,A
6-NA,574,0,0,0,459,459,C
6-NA,575,464,0,0,0,464,A
6-NA,576,466,0,0,0,466,A
6-NA,577,0,464,0,0,464,T
6-NA,578,0,464,0,0,464,T
6-NA,579,0,0,466,0,466,G
6-NA,580,0,0,465,0,465,G
6-NA,581,457,0,0,0,457,A
6-NA,582,456,0,0,0,456,A
6-NA,583,0,434,0,0,434,T
6-NA,584,0,429,0,0,429,T
6-NA,585,0,430,0,0,430,T
6-NA,586,0,0,0,456,456,C
6-NA,587,0,463,0,0,463,T
6-NA,588,0,0,458,0,458,G
6-NA,589,0,0,459,0,459,G
6-NA,590,0,0,0,439,439,C
6-NA,591,0,0,0,443,443,C
6-NA,592,0,0,0,444,444,C
6-NA,593,469,1,0,0,470,A
6-NA,594,0,0,472,0,472,G
6-NA,595,476,0,1,0,477,A
6-NA,596,0,0,0,478,478,C
6-NA,597,477,0,0,0,477,A
6-NA,598,477,0,0,0,477,A
6-NA,599,0,477,0,0,477,T
6-NA,600,0,0,472,0,472,G
6-NA,601,0,0,472,0,472,G
6-NA,602,462,0,8,0,470,A
6-NA,603,1,0,475,0,476,G
6-NA,604,0,0,0,479,479,C
6-NA,605,479,0,2,0,481,A
6-NA,606,1,0,480,0,481,G
6-NA,607,0,481,0,0,481,T
6-NA,608,0,0,484,0,484,G
6-NA,609,0,0,485,0,485,G
6-NA,610,0,0,0,490,490,C
6-NA,611,0,491,0,0,491,T
6-NA,612,1,0,486,0,487,G
6-NA,613,0,485,0,0,485,T
6-NA,614,0,0,479,0,479,G
6-NA,615,0,470,0,0,470,T
6-NA,616,0,472,0,0,472,T
6-NA,617,468,0,0,0,468,A
6-NA,618,468,0,0,0,468,A
6-NA,619,477,0,0,0,477,A
6-NA,620,0,0,489,0,489,G
6-NA,621,0,488,0,1,489,T
6-NA,622,488,0,0,0,488,A
6-NA,623,0,1,0,488,489,C
6-NA,624,489,0,0,0,489,A
6-NA,625,491,0,3,0,494,A
6-NA,626,0,1,0,491,492,C
6-NA,627,1,0,490,0,491,G
6-NA,628,0,0,491,0,491,G
6-NA,629,0,0,0,496,496,C
6-NA,630,489,0,0,0,489,A
6-NA,631,0,486,0,0,486,T
6-NA,632,486,0,0,0,486,A
6-NA,633,490,0,0,0,490,A
6-NA,634,0,491,0,0,491,T
6-NA,635,486,0,0,0,486,A
6-NA,636,493,0,0,0,493,A
6-NA,637,0,0,0,501,501,C
6-NA,638,504,0,0,0,504,A
6-NA,639,0,0,503,0,503,G
6-NA,640,500,0,0,0,500,A
6-NA,641,1,0,0,501,502,C
6-NA,642,505,0,0,0,505,A
6-NA,643,0,0,0,502,502,C
6-NA,644,0,501,0,0,501,T
6-NA,645,497,0,0,0,497,A
6-NA,646,0,497,0,0,497,T
6-NA,647,2,0,0,492,494,C
6-NA,648,487,0,0,1,488,A
6-NA,649,491,0,1,0,492,A
6-NA,650,0,0,496,0,496,G
6-NA,651,500,0,0,0,500,A
6-NA,652,1,0,487,0,488,G
6-NA,653,0,484,0,0,484,T
6-NA,654,0,481,0,0,481,T
6-NA,655,0,0,484,0,484,G
6-NA,656,0,0,484,0,484,G
6-NA,657,488,0,0,0,488,A
6-NA,658,0,0,496,0,496,G
6-NA,659,494,0,0,0,494,A
6-NA,660,494,0,0,0,494,A
6-NA,661,495,0,1,0,496,A
6-NA,662,0,0,0,501,501,C
6-NA,663,511,0,0,0,511,A
6-NA,664,520,0,0,0,520,A
6-NA,665,0,524,0,0,524,T
6-NA,666,489,0,29,0,518,A
6-NA,667,0,516,0,0,516,T
6-NA,668,519,0,0,0,519,A
6-NA,669,0,520,0,0,520,T
6-NA,670,0,514,0,0,514,T
6-NA,671,0,0,513,0,513,G
6-NA,672,518,0,1,0,519,A
6-NA,673,0,0,515,0,515,G
6-NA,674,517,0,1,0,518,A
6-NA,675,519,0,0,0,519,A
6-NA,676,0,0,0,522,522,C
6-NA,677,520,0,0,0,520,A
6-NA,678,0,0,0,520,520,C
6-NA,679,526,0,0,0,526,A
6-NA,680,527,0,0,0,527,A
6-NA,681,0,0,524,0,524,G
6-NA,682,527,0,0,0,527,A
6-NA,683,1,0,527,0,528,G
6-NA,684,0,529,0,0,529,T
6-NA,685,1,0,0,529,530,C
6-NA,686,0,523,0,0,523,T
6-NA,687,0,0,524,0,524,G
6-NA,688,525,0,0,0,525,A
6-NA,689,527,0,0,0,527,A
6-NA,690,3,524,0,0,527,T
6-NA,691,0,0,525,0,525,G
6-NA,692,0,525,0,1,526,T
6-NA,693,0,0,527,0,527,G
6-NA,694,0,0,0,525,525,C
6-NA,695,524,1,0,0,525,A
6-NA,696,0,527,0,0,527,T
6-NA,697,0,0,527,0,527,G
6-NA,698,0,527,0,0,527,T
6-NA,699,0,0,521,0,521,G
6-NA,700,0,514,0,0,514,T
6-NA,701,491,0,0,0,491,A
6-NA,702,491,0,0,0,491,A
6-NA,703,491,0,0,0,491,A
6-NA,704,0,515,0,0,515,T
6-NA,705,1,0,501,0,502,G
6-NA,706,0,0,504,0,504,G
6-NA,707,0,501,0,0,501,T
6-NA,708,0,490,0,0,490,T
6-NA,709,0,0,0,497,497,C
6-NA,710,0,497,0,0,497,T
6-NA,711,0,494,0,0,494,T
6-NA,712,0,0,502,0,502,G
6-NA,713,0,0,0,497,497,C
6-NA,714,0,466,0,0,466,T
6-NA,715,0,467,0,0,467,T
6-NA,716,0,468,0,0,468,T
6-NA,717,496,0,0,0,496,A
6-NA,718,0,1,0,500,501,C
6-NA,719,0,500,0,0,500,T
6-NA,720,0,0,502,0,502,G
6-NA,721,0,496,0,0,496,T
6-NA,722,487,0,0,0,487,A
6-NA,723,484,0,0,0,484,A
6-NA,724,0,485,0,0,485,T
6-NA,725,0,0,477,0,477,G
6-NA,726,473,0,1,0,474,A
6-NA,727,0,0,0,473,473,C
6-NA,728,0,0,0,469,469,C
6-NA,729,1,0,471,0,472,G
6-NA,730,470,0,0,0,470,A
6-NA,731,0,475,0,1,476,T
6-NA,732,0,0,472,0,472,G
6-NA,733,0,0,472,0,472,G
6-NA,734,466,0,2,0,468,A
6-NA,735,0,0,0,463,463,C
6-NA,736,0,0,0,462,462,C
6-NA,737,463,0,0,0,463,A
6-NA,738,464,0,0,0,464,A
6-NA,739,0,0,470,0,470,G
6-NA,740,0,470,0,0,470,T
6-NA,741,1,1,462,0,464,G
6-NA,742,465,0,1,0,466,A
6-NA,743,0,466,0,0,466,T
6-NA,744,0,0,465,0,465,G
6-NA,745,0,0,465,0,465,G
6-NA,746,462,0,1,0,463,A
6-NA,747,0,0,0,462,462,C
6-NA,748,461,0,1,0,462,A
6-NA,749,0,0,458,0,458,G
6-NA,750,0,0,460,0,460,G
6-NA,751,0,0,1,459,460,C
6-NA,752,0,0,0,459,459,C
6-NA,753,0,458,0,0,458,T
6-NA,754,0,0,0,461,461,C
6-NA,755,463,0,0,0,463,A
6-NA,756,0,464,0,0,464,T
6-NA,757,464,0,0,0,464,A
6-NA,758,0,0,0,462,462,C
6-NA,759,460,0,0,0,460,A
6-NA,760,462,0,0,0,462,A
6-NA,761,0,0,460,0,460,G
6-NA,762,461,0,0,0,461,A
6-NA,763,0,462,0,0,462,T
6-NA,764,0,0,0,460,460,C
6-NA,765,0,454,0,0,454,T
6-NA,766,0,454,0,0,454,T
6-NA,767,0,0,0,452,452,C
6-NA,768,452,0,0,0,452,A
6-NA,769,0,0,450,0,450,G
6-NA,770,445,0,0,0,445,A
6-NA,771,442,0,0,0,442,A
6-NA,772,0,440,0,0,440,T
6-NA,773,427,0,0,0,427,A
6-NA,774,0,0,428,0,428,G
6-NA,775,403,0,0,0,403,A
6-NA,776,401,0,0,0,401,A
6-NA,777,399,0,0,0,399,A
6-NA,778,401,0,1,0,402,A
6-NA,779,0,0,413,0,413,G
6-NA,780,0,0,406,0,406,G
6-NA,781,0,0,411,0,411,G
6-NA,782,381,0,0,0,381,A
6-NA,783,380,0,0,0,380,A
6-NA,784,384,0,1,0,385,A
6-NA,785,1,0,416,0,417,G
6-NA,786,421,0,0,0,421,A
6-NA,787,0,429,0,1,430,T
6-NA,788,428,0,0,0,428,A
6-NA,789,0,0,429,0,429,G
6-NA,790,0,426,0,2,428,T
6-NA,791,0,0,0,426,426,C
6-NA,792,423,0,0,0,423,A
6-NA,793,421,0,0,0,421,A
6-NA,794,419,0,0,0,419,A
6-NA,795,0,422,0,0,422,T
6-NA,796,0,2,0,418,420,C
6-NA,797,420,0,0,0,420,A
6-NA,798,0,0,418,0,418,G
6-NA,799,0,417,0,0,417,T
6-NA,800,0,0,0,416,416,C
6-NA,801,0,0,413,0,413,G
6-NA,802,400,0,0,0,400,A
6-NA,803,401,0,0,0,401,A
6-NA,804,401,0,0,0,401,A
6-NA,805,0,414,0,0,414,T
6-NA,806,0,0,410,0,410,G
6-NA,807,409,0,0,0,409,A
6-NA,808,408,0,0,0,408,A
6-NA,809,0,404,0,0,404,T
6-NA,810,0,0,399,0,399,G
6-NA,811,0,0,0,355,355,C
6-NA,812,0,0,0,354,354,C
6-NA,813,0,0,0,353,353,C
6-NA,814,0,0,0,355,355,C
6-NA,815,2,383,0,0,385,T
6-NA,816,389,0,0,0,389,A
6-NA,817,392,0,0,0,392,A
6-NA,818,0,396,0,0,396,T
6-NA,819,0,390,0,0,390,T
6-NA,820,397,0,0,0,397,A
6-NA,821,0,396,0,0,396,T
6-NA,822,0,0,0,397,397,C
6-NA,823,401,0,0,0,401,A
6-NA,824,0,0,0,398,398,C
6-NA,825,0,396,0,0,396,T
6-NA,826,396,0,0,0,396,A
6-NA,827,0,396,0,0,396,T
6-NA,828,0,0,392,0,392,G
6-NA,829,389,0,1,0,390,A
6-NA,830,0,0,384,0,384,G
6-NA,831,0,0,384,0,384,G
6-NA,832,381,0,2,0,383,A
6-NA,833,381,0,0,0,381,A
6-NA,834,0,385,0,0,385,T
6-NA,835,0,0,386,0,386,G
6-NA,836,0,0,0,384,384,C
6-NA,837,0,383,0,0,383,T
6-NA,838,0,0,0,379,379,C
6-NA,839,0,0,0,380,380,C
6-NA,840,0,382,0,0,382,T
6-NA,841,0,0,380,0,380,G
6-NA,842,0,377,0,0,377,T
6-NA,843,0,374,0,0,374,T
6-NA,844,373,0,0,0,373,A
6-NA,845,0,372,0,0,372,T
6-NA,846,0,0,0,372,372,C
6-NA,847,0,0,0,373,373,C
6-NA,848,0,373,0,0,373,T
6-NA,849,0,0,375,0,375,G
6-NA,850,375,0,0,0,375,A
6-NA,851,0,375,0,0,375,T
6-NA,852,0,374,0,0,374,T
6-NA,853,0,0,0,373,373,C
6-NA,854,0,372,0,0,372,T
6-NA,855,371,0,0,0,371,A
6-NA,856,0,0,372,0,372,G
6-NA,857,0,372,0,0,372,T
6-NA,858,0,0,371,0,371,G
6-NA,859,363,0,0,0,363,A
6-NA,860,363,0,0,0,363,A
6-NA,861,362,0,1,0,363,A
6-NA,862,0,367,0,0,367,T
6-NA,863,0,0,0,367,367,C
6-NA,864,369,0,0,0,369,A
6-NA,865,0,0,0,369,369,C
6-NA,866,368,0,0,0,368,A
6-NA,867,0,368,0,0,368,T
6-NA,868,0,0,368,0,368,G
6-NA,869,0,367,0,0,367,T
6-NA,870,0,0,366,0,366,G
6-NA,871,0,366,0,0,366,T
6-NA,872,0,0,366,0,366,G
6-NA,873,0,366,0,0,366,T
6-NA,874,0,0,361,0,361,G
6-NA,875,0,0,0,361,361,C
6-NA,876,357,0,1,0,358,A
6-NA,877,0,0,334,0,334,G
6-NA,878,0,0,332,0,332,G
6-NA,879,0,0,329,0,329,G
6-NA,880,345,0,0,0,345,A
6-NA,881,0,348,0,0,348,T
6-NA,882,351,0,0,0,351,A
6-NA,883,352,0,0,0,352,A
6-NA,884,0,3,0,351,354,C
6-NA,885,0,353,0,0,353,T
6-NA,886,0,0,352,0,352,G
6-NA,887,1,0,351,0,352,G
6-NA,888,0,0,0,350,350,C
6-NA,889,347,0,1,0,348,A
6-NA,890,0,348,0,0,348,T
6-NA,891,0,0,346,0,346,G
6-NA,892,0,0,346,0,346,G
6-NA,893,0,1,0,345,346,C
6-NA,894,0,344,0,0,344,T
6-NA,895,1,0,0,342,343,C
6-NA,896,0,0,342,0,342,G
6-NA,897,341,0,0,0,341,A
6-NA,898,342,0,0,0,342,A
6-NA,899,0,342,0,0,342,T
6-NA,900,0,2,0,337,339,C
6-NA,901,0,0,336,0,336,G
6-NA,902,330,0,0,0,330,A
6-NA,903,0,0,0,327,327,C
6-NA,904,0,1,0,325,326,C
6-NA,905,0,0,325,0,325,G
6-NA,906,0,326,0,1,327,T
6-NA,907,0,0,318,0,318,G
6-NA,908,0,0,320,0,320,G
6-NA,909,1,0,337,0,338,G
6-NA,910,0,350,0,0,350,T
6-NA,911,0,0,348,0,348,G
6-NA,912,0,336,0,2,338,T
6-NA,913,0,0,0,350,350,C
6-NA,914,0,339,0,0,339,T
6-NA,915,0,336,0,2,338,T
6-NA,916,0,339,0,0,339,T
6-NA,917,0,0,0,345,345,C
6-NA,918,353,0,0,0,353,A
6-NA,919,363,0,0,0,363,A
6-NA,920,0,0,0,378,378,C
6-NA,921,0,0,0,378,378,C
6-NA,922,382,0,0,0,382,A
6-NA,923,0,0,409,0,409,G
6-NA,924,411,0,0,0,411,A
6-NA,925,412,0,0,0,412,A
6-NA,926,0,422,0,0,422,T
6-NA,927,0,0,0,425,425,C
6-NA,928,0,428,0,0,428,T
6-NA,929,0,0,427,0,427,G
6-NA,930,0,0,428,0,428,G
6-NA,931,435,0,0,0,435,A
6-NA,932,435,0,0,0,435,A
6-NA,933,0,445,0,0,445,T
6-NA,934,451,0,0,0,451,A
6-NA,935,0,453,0,0,453,T
6-NA,936,0,0,0,453,453,C
6-NA,937,458,0,0,0,458,A
6-NA,938,0,0,459,0,459,G
6-NA,939,460,0,0,0,460,A
6-NA,940,0,459,0,0,459,T
6-NA,941,459,0,0,0,459,A
6-NA,942,0,0,457,0,457,G
6-NA,943,0,0,458,0,458,G
6-NA,944,461,0,0,0,461,A
6-NA,945,0,462,0,0,462,T
6-NA,946,462,0,0,0,462,A
6-NA,947,0,0,0,462,462,C
6-NA,948,462,0,0,0,462,A
6-NA,949,0,461,0,0,461,T
6-NA,950,459,0,1,0,460,A
6-NA,951,0,458,0,0,458,T
6-NA,952,0,0,458,0,458,G
6-NA,953,0,0,0,458,458,C
6-NA,954,458,0,0,0,458,A
6-NA,955,0,0,450,0,450,G
6-NA,956,0,455,0,0,455,T
6-NA,957,0,0,435,0,435,G
6-NA,958,0,0,434,0,434,G
6-NA,959,0,0,433,0,433,G
6-NA,960,449,0,0,0,449,A
6-NA,961,0,414,0,0,414,T
6-NA,962,0,411,0,0,411,T
6-NA,963,0,410,0,0,410,T
6-NA,964,0,409,0,0,409,T
6-NA,965,0,0,0,451,451,C
6-NA,966,1,0,464,0,465,G
6-NA,967,0,0,474,0,474,G
6-NA,968,476,0,0,0,476,A
6-NA,969,0,0,480,0,480,G
6-NA,970,477,0,1,1,479,A
6-NA,971,0,0,0,475,475,C
6-NA,972,474,0,0,0,474,A
6-NA,973,474,0,0,0,474,A
6-NA,974,0,475,0,0,475,T
6-NA,975,0,0,0,479,479,C
6-NA,976,0,0,0,478,478,C
6-NA,977,479,0,0,0,479,A
6-NA,978,0,0,0,457,457,C
6-NA,979,0,0,481,0,481,G
6-NA,980,0,0,0,458,458,C
6-NA,981,0,0,0,458,458,C
6-NA,982,0,1,0,456,457,C
6-NA,983,0,477,0,0,477,T
6-NA,984,487,0,0,0,487,A
6-NA,985,492,0,0,0,492,A
6-NA,986,0,494,0,0,494,T
6-NA,987,0,0,493,0,493,G
6-NA,988,491,0,0,0,491,A
6-NA,989,0,486,0,0,486,T
6-NA,990,478,0,0,0,478,A
6-NA,991,479,0,0,0,479,A
6-NA,992,0,0,485,0,485,G
6-NA,993,489,0,0,0,489,A
6-NA,994,0,0,0,491,491,C
6-NA,995,491,0,1,0,492,A
6-NA,996,0,0,493,0,493,G
6-NA,997,1,0,491,0,492,G
6-NA,998,0,0,0,491,491,C
6-NA,999,489,0,0,0,489,A
6-NA,1000,0,0,485,0,485,G
6-NA,1001,0,484,0,1,485,T
6-NA,1002,0,485,0,0,485,T
6-NA,1003,0,0,487,0,487,G
6-NA,1004,0,489,0,0,489,T
6-NA,1005,1,0,488,0,489,G
6-NA,1006,0,0,488,0,488,G
6-NA,1007,0,487,0,0,487,T
6-NA,1008,0,0,0,488,488,C
6-NA,1009,0,0,0,487,487,C
6-NA,1010,487,0,1,0,488,A
6-NA,1011,0,0,488,0,488,G
6-NA,1012,0,487,0,1,488,T
6-NA,1013,488,0,0,0,488,A
6-NA,1014,0,488,0,0,488,T
6-NA,1015,0,0,0,486,486,C
6-NA,1016,1,0,484,0,485,G
6-NA,1017,0,485,0,0,485,T
6-NA,1018,0,0,0,485,485,C
6-NA,1019,0,483,0,0,483,T
6-NA,1020,481,0,0,0,481,A
6-NA,1021,482,0,0,0,482,A
6-NA,1022,0,483,0,0,483,T
6-NA,1023,0,0,479,0,479,G
6-NA,1024,1,0,477,0,478,G
6-NA,1025,478,0,0,0,478,A
6-NA,1026,0,0,478,0,478,G
6-NA,1027,0,0,0,473,473,C
6-NA,1028,448,0,0,0,448,A
6-NA,1029,446,0,0,0,446,A
6-NA,1030,444,0,0,0,444,A
6-NA,1031,0,452,0,0,452,T
6-NA,1032,0,0,452,0,452,G
6-NA,1033,0,0,452,0,452,G
6-NA,1034,401,0,0,0,401,A
6-NA,1035,0,0,417,0,417,G
6-NA,1036,0,404,0,0,404,T
6-NA,1037,375,0,0,0,375,A
6-NA,1038,376,0,0,0,376,A
6-NA,1039,383,0,0,0,383,A
6-NA,1040,379,0,1,0,380,A
6-NA,1041,0,0,414,0,414,G
6-NA,1042,0,0,414,0,414,G
6-NA,1043,400,0,0,0,400,A
6-NA,1044,0,407,0,0,407,T
6-NA,1045,0,407,0,0,407,T
6-NA,1046,0,409,0,0,409,T
6-NA,1047,0,412,0,0,412,T
6-NA,1048,0,0,0,434,434,C
6-NA,1049,430,0,0,0,430,A
6-NA,1050,0,433,0,0,433,T
6-NA,1051,0,433,0,0,433,T
6-NA,1052,0,0,0,438,438,C
6-NA,1053,433,0,0,0,433,A
6-NA,1054,434,0,0,0,434,A
6-NA,1055,436,0,0,0,436,A
6-NA,1056,0,438,0,0,438,T
6-NA,1057,436,0,0,0,436,A
6-NA,1058,0,1,0,437,438,C
6-NA,1059,0,0,439,0,439,G
6-NA,1060,0,0,439,0,439,G
6-NA,1061,0,0,0,439,439,C
6-NA,1062,438,0,0,0,438,A
6-NA,1063,438,0,0,0,438,A
6-NA,1064,0,436,0,2,438,T
6-NA,1065,0,0,437,0,437,G
6-NA,1066,0,0,435,0,435,G
6-NA,1067,0,415,0,1,416,T
6-NA,1068,0,0,429,0,429,G
6-NA,1069,0,425,0,0,425,T
6-NA,1070,0,426,0,2,428,T
6-NA,1071,0,427,0,0,427,T
6-NA,1072,0,0,432,0,432,G
6-NA,1073,0,0,432,0,432,G
6-NA,1074,433,0,0,0,433,A
6-NA,1075,0,431,0,0,431,T
6-NA,1076,431,0,0,0,431,A
6-NA,1077,1,0,422,0,423,G
6-NA,1078,1,0,421,0,422,G
6-NA,1079,0,0,422,0,422,G
6-NA,1080,419,0,0,0,419,A
6-NA,1081,0,0,407,0,407,G
6-NA,1082,365,0,0,0,365,A
6-NA,1083,347,0,0,0,347,A
6-NA,1084,0,0,0,411,411,C
6-NA,1085,0,405,0,0,405,T
6-NA,1086,398,0,0,0,398,A
6-NA,1087,403,0,0,0,403,A
6-NA,1088,414,0,0,0,414,A
6-NA,1089,413,0,1,0,414,A
6-NA,1090,0,0,432,0,432,G
6-NA,1091,0,0,0,435,435,C
6-NA,1092,433,0,0,0,433,A
6-NA,1093,0,424,0,0,424,T
6-NA,1094,0,426,0,0,426,T
6-NA,1095,426,0,0,0,426,A
6-NA,1096,0,0,431,0,431,G
6-NA,1097,0,431,0,0,431,T
6-NA,1098,0,431,0,0,431,T
6-NA,1099,0,0,0,436,436,C
6-NA,1100,433,0,0,0,433,A
6-NA,1101,433,0,0,0,433,A
6-NA,1102,0,0,437,0,437,G
6-NA,1103,425,0,0,0,425,A
6-NA,1104,425,0,0,0,425,A
6-NA,1105,426,0,0,0,426,A
6-NA,1106,0,0,0,429,429,C
6-NA,1107,0,0,419,0,419,G
6-NA,1108,2,0,419,0,421,G
6-NA,1109,0,420,0,0,420,T
6-NA,1110,0,419,0,0,419,T
6-NA,1111,0,422,0,0,422,T
6-NA,1112,0,421,0,0,421,T
6-NA,1113,0,0,440,0,440,G
6-NA,1114,442,0,1,0,443,A
6-NA,1115,0,0,443,0,443,G
6-NA,1116,443,0,0,0,443,A
6-NA,1117,0,443,0,0,443,T
6-NA,1118,0,0,443,0,443,G
6-NA,1119,443,0,0,0,443,A
6-NA,1120,0,437,0,0,437,T
6-NA,1121,0,438,0,0,438,T
6-NA,1122,0,439,0,0,439,T
6-NA,1123,0,0,454,0,454,G
6-NA,1124,0,0,454,0,454,G
6-NA,1125,0,0,461,0,461,G
6-NA,1126,460,0,1,0,461,A
6-NA,1127,0,457,0,0,457,T
6-NA,1128,0,0,0,456,456,C
6-NA,1129,0,0,0,456,456,C
6-NA,1130,2,0,453,0,455,G
6-NA,1131,455,0,0,0,455,A
6-NA,1132,456,0,0,0,456,A
6-NA,1133,0,0,0,457,457,C
6-NA,1134,0,0,459,0,459,G
6-NA,1135,0,0,460,0,460,G
6-NA,1136,460,0,0,0,460,A
6-NA,1137,0,460,0,0,460,T
6-NA,1138,0,0,461,0,461,G
6-NA,1139,0,0,461,0,461,G
6-NA,1140,461,0,0,0,461,A
6-NA,1141,0,0,0,461,461,C
6-NA,1142,0,461,0,0,461,T
6-NA,1143,0,0,449,0,449,G
6-NA,1144,0,0,447,0,447,G
6-NA,1145,0,0,447,0,447,G
6-NA,1146,453,0,0,0,453,A
6-NA,1147,0,0,0,451,451,C
6-NA,1148,450,0,0,0,450,A
6-NA,1149,0,0,449,1,450,G
6-NA,1150,448,0,1,0,449,A
6-NA,1151,0,1,0,443,444,C
6-NA,1152,441,0,0,0,441,A
6-NA,1153,438,0,0,0,438,A
6-NA,1154,0,431,0,1,432,T
6-NA,1155,427,0,0,0,427,A
6-NA,1156,424,0,0,0,424,A
6-NA,1157,0,0,0,425,425,C
6-NA,1158,0,428,0,0,428,T
6-NA,1159,0,430,0,0,430,T
6-NA,1160,0,0,0,433,433,C
6-NA,1161,0,435,0,0,435,T
6-NA,1162,0,0,0,434,434,C
6-NA,1163,425,0,0,0,425,A
6-NA,1164,421,0,0,0,421,A
6-NA,1165,0,420,0,0,420,T
6-NA,1166,413,0,0,0,413,A
6-NA,1167,414,0,0,0,414,A
6-NA,1168,414,0,0,0,414,A
6-NA,1169,0,0,434,0,434,G
6-NA,1170,0,0,0,436,436,C
6-NA,1171,433,0,2,0,435,A
6-NA,1172,435,0,0,0,435,A
6-NA,1173,0,0,435,0,435,G
6-NA,1174,436,0,0,0,436,A
6-NA,1175,0,436,0,0,436,T
6-NA,1176,436,0,0,0,436,A
6-NA,1177,0,437,0,0,437,T
6-NA,1178,0,0,0,437,437,C
6-NA,1179,0,0,436,0,436,G
6-NA,1180,0,436,0,0,436,T
6-NA,1181,435,0,1,0,436,A
6-NA,1182,0,0,435,0,435,G
6-NA,1183,0,0,435,0,435,G
6-NA,1184,433,0,0,0,433,A
6-NA,1185,429,0,0,0,429,A
6-NA,1186,0,431,0,0,431,T
6-NA,1187,419,0,0,0,419,A
6-NA,1188,419,0,0,0,419,A
6-NA,1189,423,0,0,0,423,A
6-NA,1190,0,437,0,0,437,T
6-NA,1191,0,0,437,0,437,G
6-NA,1192,437,0,0,0,437,A
6-NA,1193,0,0,436,0,436,G
6-NA,1194,0,435,0,1,436,T
6-NA,1195,0,0,432,0,432,G
6-NA,1196,1,0,432,0,433,G
6-NA,1197,0,433,0,0,433,T
6-NA,1198,0,0,0,437,437,C
6-NA,1199,435,0,0,0,435,A
6-NA,1200,0,0,434,0,434,G
6-NA,1201,0,0,434,0,434,G
6-NA,1202,435,0,0,0,435,A
6-NA,1203,0,436,0,0,436,T
6-NA,1204,435,0,0,0,435,A
6-NA,1205,0,433,0,0,433,T
6-NA,1206,433,0,0,0,433,A
6-NA,1207,0,0,432,0,432,G
6-NA,1208,0,0,0,432,432,C
6-NA,1209,1,0,421,0,422,G
6-NA,1210,0,0,420,0,420,G
6-NA,1211,2,0,419,0,421,G
6-NA,1212,421,0,0,0,421,A
6-NA,1213,0,0,398,0,398,G
6-NA,1214,0,374,0,0,374,T
6-NA,1215,0,375,0,0,375,T
6-NA,1216,0,375,0,0,375,T
6-NA,1217,0,374,0,0,374,T
6-NA,1218,1,0,406,0,407,G
6-NA,1219,0,400,0,0,400,T
6-NA,1220,0,405,0,0,405,T
6-NA,1221,0,0,0,415,415,C
6-NA,1222,418,0,0,0,418,A
6-NA,1223,0,0,418,0,418,G
6-NA,1224,0,0,0,418,418,C
6-NA,1225,418,0,0,0,418,A
6-NA,1226,0,417,0,0,417,T
6-NA,1227,0,0,0,416,416,C
6-NA,1228,0,0,0,416,416,C
6-NA,1229,417,0,0,0,417,A
6-NA,1230,0,0,416,0,416,G
6-NA,1231,413,0,0,0,413,A
6-NA,1232,415,0,0,0,415,A
6-NA,1233,0,0,0,414,414,C
6-NA,1234,0,416,0,0,416,T
6-NA,1235,411,0,1,1,413,A
6-NA,1236,414,0,0,0,414,A
6-NA,1237,0,0,0,414,414,C
6-NA,1238,418,0,0,0,418,A
6-NA,1239,0,0,417,0,417,G
6-NA,1240,0,0,417,0,417,G
6-NA,1241,0,0,417,0,417,G
6-NA,1242,0,0,0,420,420,C
6-NA,1243,0,420,0,0,420,T
6-NA,1244,0,0,420,0,420,G
6-NA,1245,0,0,419,0,419,G
6-NA,1246,419,0,0,0,419,A
6-NA,1247,0,419,0,0,419,T
6-NA,1248,0,419,0,0,419,T
6-NA,1249,0,0,419,0,419,G
6-NA,1250,0,418,0,1,419,T
6-NA,1251,419,0,0,0,419,A
6-NA,1252,0,419,0,0,419,T
6-NA,1253,417,0,0,0,417,A
6-NA,1254,417,0,0,0,417,A
6-NA,1255,0,0,417,0,417,G
6-NA,1256,416,0,1,0,417,A
6-NA,1257,0,0,0,415,415,C
6-NA,1258,0,0,0,414,414,C
6-NA,1259,0,414,0,1,415,T
6-NA,1260,0,413,0,2,415,T
6-NA,1261,0,0,417,0,417,G
6-NA,1262,0,0,0,417,417,C
6-NA,1263,0,417,0,0,417,T
6-NA,1264,0,417,0,1,418,T
6-NA,1265,0,0,0,417,417,C
6-NA,1266,0,416,0,0,416,T
6-NA,1267,1,0,410,0,411,G
6-NA,1268,0,0,409,0,409,G
6-NA,1269,0,0,409,0,409,G
6-NA,1270,0,414,0,0,414,T
6-NA,1271,0,414,0,0,414,T
6-NA,1272,0,0,415,0,415,G
6-NA,1273,416,0,0,0,416,A
6-NA,1274,414,0,0,0,414,A
6-NA,1275,0,0,0,415,415,C
6-NA,1276,0,413,0,0,413,T
6-NA,1277,413,0,0,0,413,A
6-NA,1278,413,0,0,0,413,A
6-NA,1279,0,416,0,0,416,T
6-NA,1280,0,0,0,415,415,C
6-NA,1281,414,0,0,0,414,A
6-NA,1282,0,0,410,0,410,G
6-NA,1283,408,0,2,0,410,A
6-NA,1284,1,0,400,0,401,G
6-NA,1285,0,0,400,0,400,G
6-NA,1286,0,0,400,0,400,G
6-NA,1287,0,0,0,405,405,C
6-NA,1288,0,0,407,0,407,G
6-NA,1289,399,0,0,1,400,A
6-NA,1290,0,0,0,400,400,C
6-NA,1291,0,0,0,400,400,C
6-NA,1292,0,0,0,401,401,C
6-NA,1293,401,0,0,0,401,A
6-NA,1294,399,0,0,0,399,A
6-NA,1295,399,0,0,0,399,A
6-NA,1296,0,0,407,0,407,G
6-NA,1297,404,0,0,0,404,A
6-NA,1298,0,0,407,0,407,G
6-NA,1299,406,0,0,0,406,A
6-NA,1300,407,0,0,0,407,A
6-NA,1301,0,0,0,407,407,C
6-NA,1302,406,0,0,0,406,A
6-NA,1303,0,0,0,408,408,C
6-NA,1304,410,0,0,0,410,A
6-NA,1305,410,0,0,0,410,A
6-NA,1306,0,410,0,0,410,T
6-NA,1307,0,0,0,410,410,C
6-NA,1308,0,409,1,0,410,T
6-NA,1309,0,0,409,0,409,G
6-NA,1310,0,0,409,0,409,G
6-NA,1311,411,0,0,0,411,A
6-NA,1312,0,0,0,410,410,C
6-NA,1313,0,411,0,0,411,T
6-NA,1314,408,0,0,0,408,A
6-NA,1315,1,0,402,0,403,G
6-NA,1316,0,0,0,404,404,C
6-NA,1317,0,0,397,0,397,G
6-NA,1318,0,0,398,0,398,G
6-NA,1319,0,0,399,0,399,G
6-NA,1320,400,0,0,0,400,A
6-NA,1321,0,0,404,0,404,G
6-NA,1322,0,1,0,403,404,C
6-NA,1323,404,0,0,0,404,A
6-NA,1324,0,0,404,0,404,G
6-NA,1325,0,0,0,404,404,C
6-NA,1326,404,0,0,0,404,A
6-NA,1327,0,403,0,0,403,T
6-NA,1328,398,0,0,0,398,A
6-NA,1329,0,385,0,1,386,T
6-NA,1330,0,0,0,391,391,C
6-NA,1331,0,0,0,392,392,C
6-NA,1332,0,377,0,0,377,T
6-NA,1333,0,376,0,0,376,T
6-NA,1334,0,376,0,0,376,T
6-NA,1335,0,377,0,0,377,T
6-NA,1336,0,0,397,0,397,G
6-NA,1337,0,395,0,0,395,T
6-NA,1338,0,0,394,0,394,G
6-NA,1339,0,0,396,0,396,G
6-NA,1340,0,395,0,2,397,T
6-NA,1341,0,0,398,0,398,G
6-NA,1342,0,393,0,0,393,T
6-NA,1343,385,0,0,0,385,A
6-NA,1344,386,0,0,0,386,A
6-NA,1345,388,0,0,0,388,A
6-NA,1346,0,0,0,397,397,C
6-NA,1347,400,0,0,0,400,A
6-NA,1348,0,0,402,0,402,G
6-NA,1349,0,402,0,0,402,T
6-NA,1350,0,0,403,0,403,G
6-NA,1351,403,0,0,0,403,A
6-NA,1352,0,0,0,403,403,C
6-NA,1353,402,0,0,0,402,A
6-NA,1354,0,0,0,402,402,C
6-NA,1355,0,402,0,0,402,T
6-NA,1356,0,0,397,0,397,G
6-NA,1357,0,398,0,1,399,T
6-NA,1358,0,0,392,0,392,G
6-NA,1359,0,0,393,0,393,G
6-NA,1360,1,0,391,0,392,G
6-NA,1361,0,398,0,0,398,T
6-NA,1362,0,398,0,0,398,T
6-NA,1363,0,0,405,0,405,G
6-NA,1364,0,0,405,0,405,G
6-NA,1365,0,403,0,1,404,T
6-NA,1366,0,0,0,405,405,C
6-NA,1367,0,406,0,0,406,T
6-NA,1368,0,405,0,1,406,T
6-NA,1369,0,0,408,0,408,G
6-NA,1370,0,0,408,0,408,G
6-NA,1371,0,0,0,407,407,C
6-NA,1372,0,0,0,406,406,C
6-NA,1373,404,0,0,0,404,A
6-NA,1374,1,0,407,0,408,G
6-NA,1375,408,0,0,0,408,A
6-NA,1376,0,0,0,407,407,C
6-NA,1377,0,0,402,0,402,G
6-NA,1378,0,0,402,0,402,G
6-NA,1379,0,403,0,0,403,T
6-NA,1380,0,0,411,0,411,G
6-NA,1381,0,0,0,412,412,C
6-NA,1382,0,409,0,1,410,T
6-NA,1383,0,0,407,0,407,G
6-NA,1384,406,0,0,0,406,A
6-NA,1385,0,0,406,0,406,G
6-NA,1386,0,408,0,0,408,T
6-NA,1387,0,405,0,2,407,T
6-NA,1388,0,0,406,0,406,G
6-NA,1389,0,0,0,405,405,C
6-NA,1390,0,0,0,406,406,C
6-NA,1391,405,0,0,0,405,A
6-NA,1392,0,397,0,0,397,T
6-NA,1393,0,399,0,0,399,T
6-NA,1394,0,399,0,0,399,T
6-NA,1395,404,0,0,0,404,A
6-NA,1396,0,0,0,405,405,C
6-NA,1397,0,0,0,408,408,C
6-NA,1398,407,0,0,0,407,A
6-NA,1399,0,404,0,0,404,T
6-NA,1400,0,401,0,0,401,T
6-NA,1401,0,0,405,0,405,G
6-NA,1402,403,0,0,0,403,A
6-NA,1403,0,0,0,405,405,C
6-NA,1404,406,0,0,0,406,A
6-NA,1405,405,0,0,0,405,A
6-NA,1406,0,0,404,0,404,G
6-NA,1407,0,388,0,0,388,T
6-NA,1408,393,0,0,0,393,A
6-NA,1409,393,0,0,0,393,A
6-NA,1410,0,385,0,0,385,T
6-NA,1411,0,385,0,0,385,T
6-NA,1412,0,385,0,0,385,T
6-NA,1413,0,0,399,0,399,G
6-NA,1414,0,389,0,0,389,T
6-NA,1415,0,383,0,0,383,T
6-NA,1416,0,0,0,368,368,C
6-NA,1417,262,0,0,1,263,A
6-NA,1418,265,0,0,0,265,A
6-NA,1419,266,0,0,0,266,A
6-NA,1420,267,0,0,0,267,A
6-NA,1421,264,0,0,0,264,A
6-NA,1422,265,0,0,0,265,A
6-NA,1423,0,0,0,330,330,C
6-NA,1424,0,376,0,0,376,T
6-NA,1425,0,0,0,386,386,C
6-NA,1426,0,0,0,387,387,C
6-NA,1427,0,384,0,0,384,T
6-NA,1428,0,383,0,0,383,T
6-NA,1429,0,0,396,0,396,G
6-NA,1430,0,385,0,0,385,T
6-NA,1431,0,388,0,0,388,T
6-NA,1432,0,390,0,0,390,T
6-NA,1433,0,0,0,404,404,C
6-NA,1434,0,407,0,0,407,T
6-NA,1435,405,0,0,0,405,A
6-NA,1436,0,0,0,404,404,C
6-NA,1437,0,405,0,0,405,T
7-M,-24,332,0,0,0,332,A
7-M,-23,0,0,336,0,336,G
7-M,-22,0,0,0,337,337,C
7-M,-21,86,0,241,0,327,G
7-M,-20,327,0,0,0,327,A
7-M,-19,325,0,0,0,325,A
7-M,-18,324,0,0,0,324,A
7-M,-17,3,0,331,2,336,G
7-M,-16,1,0,0,393,394,C
7-M,-15,395,0,0,0,395,A
7-M,-14,0,0,388,0,388,G
7-M,-13,0,0,389,0,389,G
7-M,-12,0,389,0,1,390,T
7-M,-11,389,0,0,0,389,A
7-M,-10,0,0,392,0,392,G
7-M,-9,397,0,0,0,397,A
7-M,-8,0,391,0,0,391,T
7-M,-7,384,0,0,0,384,A
7-M,-6,0,365,0,0,365,T
7-M,-5,0,343,0,0,343,T
7-M,-4,0,344,0,0,344,T
7-M,-3,332,0,0,0,332,A
7-M,-2,330,0,0,0,330,A
7-M,-1,332,0,0,0,332,A
7-M,0,0,0,369,0,369,G
7-M,1,363,0,0,0,363,A
7-M,2,0,400,0,0,400,T
7-M,3,0,0,404,0,404,G
7-M,4,404,0,0,0,404,A
7-M,5,0,0,403,0,403,G
7-M,6,0,401,0,1,402,T
7-M,7,0,0,0,403,403,C
7-M,8,0,403,0,0,403,T
7-M,9,0,404,0,0,404,T
7-M,10,0,0,0,405,405,C
7-M,11,0,392,0,0,392,T
7-M,12,386,0,0,0,386,A
7-M,13,386,0,1,0,387,A
7-M,14,0,0,0,386,386,C
7-M,15,0,0,0,385,385,C
7-M,16,0,0,405,0,405,G
7-M,17,399,0,0,0,399,A
7-M,18,0,0,397,0,397,G
7-M,19,0,0,397,0,397,G
7-M,20,0,404,0,0,404,T
7-M,21,0,0,0,395,395,C
7-M,22,0,0,386,0,386,G
7-M,23,372,0,0,0,372,A
7-M,24,372,0,0,0,372,A
7-M,25,374,0,0,0,374,A
7-M,26,0,0,0,385,385,C
7-M,27,0,0,397,0,397,G
7-M,28,0,403,0,0,403,T
7-M,29,385,0,0,0,385,A
7-M,30,0,0,0,397,397,C
7-M,31,1,0,394,0,395,G
7-M,32,0,388,0,0,388,T
7-M,33,0,387,0,0,387,T
7-M,34,0,0,0,398,398,C
7-M,35,0,389,0,0,389,T
7-M,36,0,390,0,0,390,T
7-M,37,0,388,0,0,388,T
7-M,38,0,0,0,405,405,C
7-M,39,0,396,0,0,396,T
7-M,40,409,0,0,0,409,A
7-M,41,0,407,0,2,409,T
7-M,42,0,0,0,409,409,C
7-M,43,408,0,1,0,409,A
7-M,44,0,406,0,0,406,T
7-M,45,0,0,0,379,379,C
7-M,46,0,2,0,377,379,C
7-M,47,0,0,0,378,378,C
7-M,48,0,0,395,0,395,G
7-M,49,0,396,0,0,396,T
7-M,50,0,0,0,344,344,C
7-M,51,367,0,0,0,367,A
7-M,52,0,0,356,0,356,G
7-M,53,0,0,359,0,359,G
7-M,54,0,0,0,284,284,C
7-M,55,0,0,0,286,286,C
7-M,56,0,1,0,285,286,C
7-M,57,0,0,0,282,282,C
7-M,58,0,0,0,274,274,C
7-M,59,0,333,0,0,333,T
7-M,60,0,0,0,256,256,C
7-M,61,340,0,0,0,340,A
7-M,62,335,0,1,0,336,A
7-M,63,343,0,0,0,343,A
7-M,64,0,0,360,0,360,G
7-M,65,0,0,0,372,372,C
7-M,66,0,0,0,380,380,C
7-M,67,0,0,386,0,386,G
7-M,68,399,0,0,0,399,A
7-M,69,0,0,400,0,400,G
7-M,70,401,0,0,0,401,A
7-M,71,0,403,0,0,403,T
7-M,72,0,0,0,402,402,C
7-M,73,0,0,402,0,402,G
7-M,74,0,1,0,401,402,C
7-M,75,0,0,402,0,402,G
7-M,76,0,0,0,403,403,C
7-M,77,402,0,0,0,402,A
7-M,78,0,0,402,0,402,G
7-M,79,401,1,0,0,402,A
7-M,80,1,0,401,0,402,G
7-M,81,401,0,0,0,401,A
7-M,82,0,0,0,399,399,C
7-M,83,0,399,0,0,399,T
7-M,84,0,0,393,0,393,G
7-M,85,0,0,394,0,394,G
7-M,86,376,0,0,0,376,A
7-M,87,375,0,0,0,375,A
7-M,88,376,0,0,0,376,A
7-M,89,0,0,383,0,383,G
7-M,90,0,390,0,0,390,T
7-M,91,0,0,390,0,390,G
7-M,92,0,382,0,0,382,T
7-M,93,0,0,0,388,388,C
7-M,94,0,370,0,2,372,T
7-M,95,0,373,0,0,373,T
7-M,96,0,371,0,0,371,T
7-M,97,1,0,393,0,394,G
7-M,98,0,0,0,397,397,C
7-M,99,395,0,0,0,395,A
7-M,100,0,0,391,0,391,G
7-M,101,0,0,391,0,391,G
7-M,102,377,0,0,0,377,A
7-M,103,378,0,0,0,378,A
7-M,104,375,0,1,0,376,A
7-M,105,0,0,393,0,393,G
7-M,106,379,0,0,0,379,A
7-M,107,383,0,0,0,383,A
7-M,108,0,0,0,399,399,C
7-M,109,405,0,0,0,405,A
7-M,110,1,0,0,407,408,C
7-M,111,409,0,0,0,409,A
7-M,112,0,2,408,0,410,G
7-M,113,410,0,0,0,410,A
7-M,114,0,410,0,0,410,T
7-M,115,0,0,0,405,405,C
7-M,116,0,402,0,0,402,T
7-M,117,0,401,0,2,403,T
7-M,118,0,0,410,0,410,G
7-M,119,413,0,0,0,413,A
7-M,120,0,0,413,0,413,G
7-M,121,0,0,412,0,412,G
7-M,122,0,0,0,412,412,C
7-M,123,0,410,0,2,412,T
7-M,124,0,0,0,412,412,C
7-M,125,0,413,0,0,413,T
7-M,126,0,0,0,413,413,C
7-M,127,413,0,0,0,413,A
7-M,128,0,412,0,0,412,T
7-M,129,0,0,407,0,407,G
7-M,130,0,0,406,0,406,G
7-M,131,404,0,0,0,404,A
7-M,132,404,0,0,0,404,A
7-M,133,0,409,0,0,409,T
7-M,134,0,0,410,0,410,G
7-M,135,0,0,411,0,411,G
7-M,136,0,1,0,411,412,C
7-M,137,0,404,0,0,404,T
7-M,138,384,0,0,0,384,A
7-M,139,382,0,0,0,382,A
7-M,140,380,0,0,0,380,A
7-M,141,0,0,404,0,404,G
7-M,142,397,0,0,0,397,A
7-M,143,0,0,0,408,408,C
7-M,144,401,0,0,0,401,A
7-M,145,401,0,0,0,401,A
7-M,146,0,0,400,0,400,G
7-M,147,397,0,1,0,398,A
7-M,148,0,1,0,397,398,C
7-M,149,0,0,0,398,398,C
7-M,150,408,0,0,0,408,A
7-M,151,408,0,0,0,408,A
7-M,152,0,407,0,0,407,T
7-M,153,0,0,0,408,408,C
7-M,154,0,406,0,0,406,T
7-M,155,0,406,0,0,406,T
7-M,156,0,0,408,0,408,G
7-M,157,0,409,0,0,409,T
7-M,158,0,0,0,409,409,C
7-M,159,407,0,0,0,407,A
7-M,160,0,0,0,407,407,C
7-M,161,0,0,0,407,407,C
7-M,162,0,408,0,0,408,T
7-M,163,0,0,0,409,409,C
7-M,164,0,409,0,0,409,T
7-M,165,0,0,408,0,408,G
7-M,166,407,0,0,0,407,A
7-M,167,0,0,0,407,407,C
7-M,168,0,400,0,0,400,T
7-M,169,390,0,0,0,390,A
7-M,170,390,0,0,0,390,A
7-M,171,0,0,367,0,367,G
7-M,172,0,0,359,0,359,G
7-M,173,0,0,362,0,362,G
7-M,174,377,0,0,0,377,A
7-M,175,374,0,0,0,374,A
7-M,176,0,371,0,0,371,T
7-M,177,0,371,0,0,371,T
7-M,178,0,365,0,0,365,T
7-M,179,0,363,0,0,363,T
7-M,180,373,0,0,0,373,A
7-M,181,0,0,384,0,384,G
7-M,182,0,0,382,0,382,G
7-M,183,395,0,0,0,395,A
7-M,184,0,369,0,0,369,T
7-M,185,0,374,0,0,374,T
7-M,186,0,375,0,0,375,T
7-M,187,0,0,410,0,410,G
7-M,188,0,400,0,1,401,T
7-M,189,0,0,422,0,422,G
7-M,190,0,424,0,0,424,T
7-M,191,0,430,0,1,431,T
7-M,192,0,1,0,435,436,C
7-M,193,441,0,0,0,441,A
7-M,194,0,1,0,440,441,C
7-M,195,0,0,441,0,441,G
7-M,196,0,0,0,442,442,C
7-M,197,0,440,0,0,440,T
7-M,198,0,1,0,439,440,C
7-M,199,437,0,0,0,437,A
7-M,200,0,0,0,434,434,C
7-M,201,0,0,0,435,435,C
7-M,202,0,0,437,0,437,G
7-M,203,0,439,0,0,439,T
7-M,204,0,0,441,0,441,G
7-M,205,0,0,0,425,425,C
7-M,206,1,0,0,425,426,C
7-M,207,0,0,0,426,426,C
7-M,208,444,0,1,0,445,A
7-M,209,0,0,445,0,445,G
7-M,210,0,446,0,0,446,T
7-M,211,0,0,447,0,447,G
7-M,212,447,0,0,0,447,A
7-M,213,1,0,446,0,447,G
7-M,214,0,0,0,446,446,C
7-M,215,0,0,446,0,446,G
7-M,216,445,0,0,0,445,A
7-M,217,0,0,443,0,443,G
7-M,218,0,0,444,0,444,G
7-M,219,446,0,0,0,446,A
7-M,220,0,0,0,447,447,C
7-M,221,0,447,0,0,447,T
7-M,222,0,0,447,0,447,G
7-M,223,0,0,0,446,446,C
7-M,224,447,0,0,0,447,A
7-M,225,0,0,447,0,447,G
7-M,226,0,0,0,448,448,C
7-M,227,0,0,452,0,452,G
7-M,228,0,452,0,0,452,T
7-M,229,452,0,0,0,452,A
7-M,230,0,0,452,0,452,G
7-M,231,452,0,0,0,452,A
7-M,232,0,0,0,451,451,C
7-M,233,0,0,446,0,446,G
7-M,234,0,0,0,444,444,C
7-M,235,0,424,0,1,425,T
7-M,236,0,420,0,0,420,T
7-M,237,0,417,0,0,417,T
7-M,238,1,0,423,0,424,G
7-M,239,0,403,0,0,403,T
7-M,240,0,1,0,407,408,C
7-M,241,0,0,0,408,408,C
7-M,242,403,0,0,0,403,A
7-M,243,402,0,0,0,402,A
7-M,244,400,0,0,0,400,A
7-M,245,395,0,0,0,395,A
7-M,246,0,403,0,2,405,T
7-M,247,0,0,405,0,405,G
7-M,248,0,0,0,399,399,C
7-M,249,0,1,0,395,396,C
7-M,250,0,0,0,399,399,C
7-M,251,0,400,0,0,400,T
7-M,252,387,0,0,0,387,A
7-M,253,382,0,0,0,382,A
7-M,254,382,0,0,0,382,A
7-M,255,0,391,0,0,391,T
7-M,256,0,0,389,0,389,G
7-M,257,0,0,387,0,387,G
7-M,258,1,0,385,0,386,G
7-M,259,389,0,0,0,389,A
7-M,260,390,0,0,0,390,A
7-M,261,0,392,0,0,392,T
7-M,262,0,0,365,0,365,G
7-M,263,0,0,366,0,366,G
7-M,264,0,0,360,0,360,G
7-M,265,0,0,361,0,361,G
7-M,266,370,0,0,0,370,A
7-M,267,0,0,0,376,376,C
7-M,268,0,0,0,368,368,C
7-M,269,0,0,0,369,369,C
7-M,270,0,0,352,0,352,G
7-M,271,377,0,0,0,377,A
7-M,272,371,0,0,0,371,A
7-M,273,0,0,0,362,362,C
7-M,274,375,0,0,0,375,A
7-M,275,377,0,2,0,379,A
7-M,276,0,0,0,385,385,C
7-M,277,395,0,0,0,395,A
7-M,278,0,397,0,0,397,T
7-M,279,0,0,397,0,397,G
7-M,280,0,0,398,0,398,G
7-M,281,402,0,1,0,403,A
7-M,282,0,403,0,0,403,T
7-M,283,401,0,0,0,401,A
7-M,284,0,0,401,0,401,G
7-M,285,401,0,1,0,402,A
7-M,286,0,0,402,0,402,G
7-M,287,0,1,0,401,402,C
7-M,288,405,0,0,0,405,A
7-M,289,0,0,400,0,400,G
7-M,290,0,394,0,0,394,T
7-M,291,0,395,0,0,395,T
7-M,292,392,0,0,0,392,A
7-M,293,387,0,0,0,387,A
7-M,294,390,0,0,0,390,A
7-M,295,0,0,0,400,400,C
7-M,296,0,406,0,0,406,T
7-M,297,400,0,0,0,400,A
7-M,298,0,406,0,0,406,T
7-M,299,407,0,0,0,407,A
7-M,300,0,0,0,406,406,C
7-M,301,407,0,0,0,407,A
7-M,302,407,0,0,0,407,A
7-M,303,0,0,407,0,407,G
7-M,304,402,0,0,0,402,A
7-M,305,403,0,0,0,403,A
7-M,306,0,0,403,0,403,G
7-M,307,0,0,0,401,401,C
7-M,308,0,401,0,1,402,T
7-M,309,0,1,0,398,399,C
7-M,310,371,0,1,0,372,A
7-M,311,374,0,0,0,374,A
7-M,312,374,0,0,0,374,A
7-M,313,372,0,0,1,373,A
7-M,314,0,0,388,0,388,G
7-M,315,351,0,0,0,351,A
7-M,316,0,0,383,0,383,G
7-M,317,375,0,0,0,375,A
7-M,318,374,0,0,0,374,A
7-M,319,372,0,2,0,374,A
7-M,320,0,384,0,0,384,T
7-M,321,368,0,2,0,370,A
7-M,322,369,0,0,0,369,A
7-M,323,0,0,0,372,372,C
7-M,324,0,0,371,0,371,G
7-M,325,0,360,0,0,360,T
7-M,326,0,362,0,0,362,T
7-M,327,0,0,0,363,363,C
7-M,328,0,0,0,359,359,C
7-M,329,366,0,0,0,366,A
7-M,330,0,371,0,0,371,T
7-M,331,0,0,354,0,354,G
7-M,332,0,0,350,0,350,G
7-M,333,0,0,348,0,348,G
7-M,334,0,0,351,0,351,G
7-M,335,0,0,0,375,375,C
7-M,336,0,0,0,375,375,C
7-M,337,386,0,0,0,386,A
7-M,338,389,0,0,0,389,A
7-M,339,0,0,387,0,387,G
7-M,340,0,0,387,0,387,G
7-M,341,393,0,1,0,394,A
7-M,342,0,0,397,0,397,G
7-M,343,0,0,397,0,397,G
7-M,344,0,403,0,0,403,T
7-M,345,1,0,406,0,407,G
7-M,346,0,409,0,0,409,T
7-M,347,0,0,0,409,409,C
7-M,348,410,0,0,0,410,A
7-M,349,0,2,0,409,411,C
7-M,350,0,409,0,0,409,T
7-M,351,408,0,0,0,408,A
7-M,352,408,0,0,0,408,A
7-M,353,0,0,416,0,416,G
7-M,354,0,0,0,419,419,C
7-M,355,0,417,0,0,417,T
7-M,356,410,0,0,0,410,A
7-M,357,0,409,0,0,409,T
7-M,358,0,409,0,0,409,T
7-M,359,0,0,0,419,419,C
7-M,360,419,0,0,0,419,A
7-M,361,418,0,0,0,418,A
7-M,362,0,0,0,418,418,C
7-M,363,0,420,0,0,420,T
7-M,364,0,1,422,0,423,G
7-M,365,0,0,426,0,426,G
7-M,366,0,425,0,0,425,T
7-M,367,0,0,425,0,425,G
7-M,368,0,0,0,423,423,C
7-M,369,425,0,0,0,425,A
7-M,370,0,0,0,425,425,C
7-M,371,0,425,0,0,425,T
7-M,372,0,425,0,0,425,T
7-M,373,0,0,427,0,427,G
7-M,374,0,0,0,430,430,C
7-M,375,0,1,0,430,431,C
7-M,376,432,0,0,0,432,A
7-M,377,0,0,435,0,435,G
7-M,378,0,435,0,0,435,T
7-M,379,0,434,0,0,434,T
7-M,380,0,0,435,0,435,G
7-M,381,0,0,0,434,434,C
7-M,382,435,0,0,0,435,A
7-M,383,0,429,0,0,429,T
7-M,384,0,0,415,0,415,G
7-M,385,0,0,415,0,415,G
7-M,386,0,0,415,1,416,G
7-M,387,0,0,0,426,426,C
7-M,388,0,0,0,425,425,C
7-M,389,0,426,0,0,426,T
7-M,390,0,0,0,425,425,C
7-M,391,426,0,0,0,426,A
7-M,392,0,427,0,0,427,T
7-M,393,426,0,0,0,426,A
7-M,394,0,425,0,1,426,T
7-M,395,420,0,0,0,420,A
7-M,396,0,0,0,417,417,C
7-M,397,413,0,0,0,413,A
7-M,398,412,0,2,0,414,A
7-M,399,0,0,0,413,413,C
7-M,400,409,0,0,0,409,A
7-M,401,0,0,412,0,412,G
7-M,402,408,0,1,0,409,A
7-M,403,413,0,1,0,414,A
7-M,404,0,414,0,0,414,T
7-M,405,0,0,399,0,399,G
7-M,406,0,0,398,0,398,G
7-M,407,0,0,395,0,395,G
7-M,408,410,0,0,0,410,A
7-M,409,409,0,0,0,409,A
7-M,410,0,1,0,411,412,C
7-M,411,419,0,0,0,419,A
7-M,412,1,0,419,0,420,G
7-M,413,0,419,0,0,419,T
7-M,414,0,0,421,0,421,G
7-M,415,416,0,1,0,417,A
7-M,416,0,0,0,416,416,C
7-M,417,0,0,0,416,416,C
7-M,418,420,0,0,0,420,A
7-M,419,0,0,0,422,422,C
7-M,420,417,0,0,0,417,A
7-M,421,0,0,417,0,417,G
7-M,422,416,0,0,0,416,A
7-M,423,416,0,0,0,416,A
7-M,424,0,0,417,0,417,G
7-M,425,0,0,0,416,416,C
7-M,426,0,413,0,1,414,T
7-M,427,0,0,411,0,411,G
7-M,428,0,3,0,401,404,C
7-M,429,0,369,0,4,373,T
7-M,430,0,374,0,0,374,T
7-M,431,0,374,0,0,374,T
7-M,432,0,374,0,0,374,T
7-M,433,0,0,401,0,401,G
7-M,434,0,0,399,0,399,G
7-M,435,0,383,0,0,383,T
7-M,436,0,1,0,406,407,C
7-M,437,0,408,0,0,408,T
7-M,438,408,0,0,0,408,A
7-M,439,0,0,410,0,410,G
7-M,440,0,408,0,0,408,T
7-M,441,0,0,405,0,405,G
7-M,442,0,405,0,0,405,T
7-M,443,0,0,408,0,408,G
7-M,444,0,408,0,0,408,T
7-M,445,0,0,407,0,407,G
7-M,446,0,0,0,408,408,C
7-M,447,0,1,0,407,408,C
7-M,448,407,0,0,0,407,A
7-M,449,0,0,0,404,404,C
7-M,450,0,404,0,2,406,T
7-M,451,0,407,0,0,407,T
7-M,452,0,0,411,0,411,G
7-M,453,0,408,0,0,408,T
7-M,454,0,0,405,0,405,G
7-M,455,402,0,0,0,402,A
7-M,456,404,0,0,0,404,A
7-M,457,0,0,0,406,406,C
7-M,458,407,0,0,0,407,A
7-M,459,0,0,411,0,411,G
7-M,460,410,0,0,0,410,A
7-M,461,0,410,0,0,410,T
7-M,462,0,409,0,0,409,T
7-M,463,0,0,410,0,410,G
7-M,464,0,1,0,409,410,C
7-M,465,0,410,0,0,410,T
7-M,466,0,0,408,0,408,G
7-M,467,408,0,0,0,408,A
7-M,468,0,407,0,0,407,T
7-M,469,0,404,0,0,404,T
7-M,470,0,2,0,405,407,C
7-M,471,408,0,0,0,408,A
7-M,472,0,0,0,412,412,C
7-M,473,424,0,0,0,424,A
7-M,474,0,0,459,0,459,G
7-M,475,0,0,0,460,460,C
7-M,476,462,0,0,0,462,A
7-M,477,0,460,0,0,460,T
7-M,478,0,0,0,454,454,C
7-M,479,0,0,450,0,450,G
7-M,480,0,0,448,0,448,G
7-M,481,0,447,0,0,447,T
7-M,482,0,0,0,446,446,C
7-M,483,0,447,0,0,447,T
7-M,484,0,0,0,445,445,C
7-M,485,443,0,0,0,443,A
7-M,486,0,0,0,441,441,C
7-M,487,429,0,2,0,431,A
7-M,488,0,0,421,0,421,G
7-M,489,403,0,1,1,405,A
7-M,490,1,0,0,401,402,C
7-M,491,387,0,0,0,387,A
7-M,492,386,0,0,0,386,A
7-M,493,392,0,0,0,392,A
7-M,494,0,415,0,0,415,T
7-M,495,0,0,418,0,418,G
7-M,496,0,0,422,0,422,G
7-M,497,0,0,0,422,422,C
7-M,498,0,422,0,0,422,T
7-M,499,425,0,0,0,425,A
7-M,500,0,0,0,427,427,C
7-M,501,0,429,0,0,429,T
7-M,502,429,0,0,0,429,A
7-M,503,0,0,0,423,423,C
7-M,504,0,0,0,419,419,C
7-M,505,415,0,0,0,415,A
7-M,506,0,0,0,426,426,C
7-M,507,0,0,0,430,430,C
7-M,508,436,0,0,0,436,A
7-M,509,436,0,0,0,436,A
7-M,510,0,436,0,0,436,T
7-M,511,0,1,0,438,439,C
7-M,512,0,0,0,440,440,C
7-M,513,440,0,0,0,440,A
7-M,514,0,0,0,442,442,C
7-M,515,0,441,0,0,441,T
7-M,516,441,0,0,0,441,A
7-M,517,443,0,0,0,443,A
7-M,518,0,443,0,0,443,T
7-M,519,0,0,0,443,443,C
7-M,520,441,0,0,0,441,A
7-M,521,0,0,442,0,442,G
7-M,522,0,0,442,0,442,G
7-M,523,0,0,0,441,441,C
7-M,524,443,0,0,0,443,A
7-M,525,0,441,0,0,441,T
7-M,526,0,0,438,0,438,G
7-M,527,413,0,0,0,413,A
7-M,528,414,0,0,0,414,A
7-M,529,415,0,1,0,416,A
7-M,530,413,0,0,0,413,A
7-M,531,1,0,0,433,434,C
7-M,532,436,0,0,0,436,A
7-M,533,0,0,448,0,448,G
7-M,534,447,0,0,0,447,A
7-M,535,451,0,0,0,451,A
7-M,536,0,450,0,0,450,T
7-M,537,0,0,452,0,452,G
7-M,538,0,0,453,0,453,G
7-M,539,0,462,0,0,462,T
7-M,540,0,0,463,0,463,G
7-M,541,0,0,0,464,464,C
7-M,542,0,469,0,0,469,T
7-M,543,1,0,467,0,468,G
7-M,544,0,0,470,0,470,G
7-M,545,0,1,0,475,476,C
7-M,546,0,478,0,0,478,T
7-M,547,478,0,0,0,478,A
7-M,548,0,0,479,0,479,G
7-M,549,0,0,0,480,480,C
7-M,550,478,0,0,0,478,A
7-M,551,0,0,0,479,479,C
7-M,552,0,478,0,0,478,T
7-M,553,477,0,0,0,477,A
7-M,554,0,0,0,477,477,C
7-M,555,0,0,480,0,480,G
7-M,556,1,0,479,0,480,G
7-M,557,0,0,0,483,483,C
7-M,558,475,0,0,0,475,A
7-M,559,474,0,1,0,475,A
7-M,560,475,0,0,0,475,A
7-M,561,0,0,484,0,484,G
7-M,562,0,0,485,0,485,G
7-M,563,0,0,0,488,488,C
7-M,564,0,486,0,0,486,T
7-M,565,487,0,0,0,487,A
7-M,566,0,488,0,0,488,T
7-M,567,0,0,485,0,485,G
7-M,568,1,0,485,0,486,G
7-M,569,487,0,0,0,487,A
7-M,570,484,0,3,0,487,A
7-M,571,0,0,0,497,497,C
7-M,572,497,0,0,0,497,A
7-M,573,0,0,496,0,496,G
7-M,574,496,0,0,0,496,A
7-M,575,0,497,0,0,497,T
7-M,576,0,0,494,0,494,G
7-M,577,1,0,494,0,495,G
7-M,578,0,0,0,506,506,C
7-M,579,0,505,0,0,505,T
7-M,580,0,0,503,0,503,G
7-M,581,0,0,503,0,503,G
7-M,582,507,0,0,0,507,A
7-M,583,0,511,0,0,511,T
7-M,584,0,0,0,512,512,C
7-M,585,1,0,511,0,512,G
7-M,586,509,0,0,0,509,A
7-M,587,0,0,508,0,508,G
7-M,588,0,509,0,0,509,T
7-M,589,0,0,503,0,503,G
7-M,590,503,0,0,0,503,A
7-M,591,504,0,0,0,504,A
7-M,592,0,0,0,509,509,C
7-M,593,518,0,0,0,518,A
7-M,594,0,0,520,0,520,G
7-M,595,0,0,520,0,520,G
7-M,596,0,0,0,524,524,C
7-M,597,524,0,1,0,525,A
7-M,598,0,0,525,0,525,G
7-M,599,0,0,0,526,526,C
7-M,600,524,0,0,0,524,A
7-M,601,0,0,523,0,523,G
7-M,602,523,0,1,0,524,A
7-M,603,0,0,525,0,525,G
7-M,604,1,0,524,0,525,G
7-M,605,0,1,0,523,524,C
7-M,606,0,1,0,522,523,C
7-M,607,525,0,0,0,525,A
7-M,608,0,527,0,0,527,T
7-M,609,0,0,524,0,524,G
7-M,610,0,0,523,0,523,G
7-M,611,521,0,0,0,521,A
7-M,612,0,0,510,0,510,G
7-M,613,0,0,510,0,510,G
7-M,614,0,511,0,0,511,T
7-M,615,0,510,0,2,512,T
7-M,616,0,0,521,0,521,G
7-M,617,0,1,0,523,524,C
7-M,618,1,520,0,0,521,T
7-M,619,521,0,0,0,521,A
7-M,620,522,0,0,0,522,A
7-M,621,0,527,0,0,527,T
7-M,622,0,0,0,527,527,C
7-M,623,525,0,0,0,525,A
7-M,624,0,0,526,0,526,G
7-M,625,527,0,0,0,527,A
7-M,626,0,0,0,528,528,C
7-M,627,0,528,0,0,528,T
7-M,628,521,0,0,0,521,A
7-M,629,0,0,522,0,522,G
7-M,630,0,0,522,0,522,G
7-M,631,0,0,0,522,522,C
7-M,632,521,0,2,0,523,A
7-M,633,0,0,522,0,522,G
7-M,634,522,0,0,0,522,A
7-M,635,0,522,0,0,522,T
7-M,636,0,0,519,0,519,G
7-M,637,0,0,520,0,520,G
7-M,638,0,519,0,0,519,T
7-M,639,522,0,0,0,522,A
7-M,640,0,0,0,525,525,C
7-M,641,525,0,0,0,525,A
7-M,642,0,526,0,0,526,T
7-M,643,0,0,525,0,525,G
7-M,644,0,0,0,523,523,C
7-M,645,517,0,0,0,517,A
7-M,646,518,0,0,0,518,A
7-M,647,0,519,0,0,519,T
7-M,648,0,0,519,0,519,G
7-M,649,516,0,1,0,517,A
7-M,650,0,0,513,0,513,G
7-M,651,499,0,0,0,499,A
7-M,652,501,0,0,0,501,A
7-M,653,0,0,0,509,509,C
7-M,654,0,505,0,0,505,T
7-M,655,503,0,0,0,503,A
7-M,656,0,497,0,0,497,T
7-M,657,0,494,1,0,495,T
7-M,658,0,0,485,0,485,G
7-M,659,1,0,482,0,483,G
7-M,660,1,0,483,0,484,G
7-M,661,493,0,0,0,493,A
7-M,662,0,0,0,495,495,C
7-M,663,0,495,0,0,495,T
7-M,664,0,0,0,494,494,C
7-M,665,495,0,0,0,495,A
7-M,666,0,494,0,0,494,T
7-M,667,0,0,0,483,483,C
7-M,668,0,0,0,481,481,C
7-M,669,0,481,0,0,481,T
7-M,670,482,0,0,0,482,A
7-M,671,0,0,483,0,483,G
7-M,672,0,0,0,480,480,C
7-M,673,0,474,0,2,476,T
7-M,674,0,0,0,474,474,C
7-M,675,0,1,0,473,474,C
7-M,676,476,0,0,0,476,A
7-M,677,2,0,475,0,477,G
7-M,678,0,477,0,0,477,T
7-M,679,0,0,473,0,473,G
7-M,680,0,0,0,472,472,C
7-M,681,0,468,0,2,470,T
7-M,682,0,0,461,0,461,G
7-M,683,1,0,458,0,459,G
7-M,684,0,459,0,0,459,T
7-M,685,0,0,0,458,458,C
7-M,686,0,454,0,0,454,T
7-M,687,0,0,448,0,448,G
7-M,688,427,0,0,0,427,A
7-M,689,424,0,0,0,424,A
7-M,690,423,0,0,0,423,A
7-M,691,0,0,445,0,445,G
7-M,692,437,0,0,0,437,A
7-M,693,0,439,0,0,439,T
7-M,694,0,0,437,0,437,G
7-M,695,430,0,2,0,432,A
7-M,696,0,0,0,422,422,C
7-M,697,0,0,0,422,422,C
7-M,698,0,418,0,0,418,T
7-M,699,0,412,0,0,412,T
7-M,700,0,0,0,423,423,C
7-M,701,0,426,0,0,426,T
7-M,702,0,427,1,0,428,T
7-M,703,0,0,428,0,428,G
7-M,704,423,0,0,0,423,A
7-M,705,426,0,0,0,426,A
7-M,706,421,0,0,0,421,A
7-M,707,422,2,0,0,424,A
7-M,708,0,408,0,0,408,T
7-M,709,0,407,0,0,407,T
7-M,710,0,411,0,0,411,T
7-M,711,0,0,437,0,437,G
7-M,712,0,0,0,439,439,C
7-M,713,436,0,1,0,437,A
7-M,714,0,0,436,0,436,G
7-M,715,0,0,436,0,436,G
7-M,716,0,3,0,424,427,C
7-M,717,1,0,0,426,427,C
7-M,718,0,429,0,0,429,T
7-M,719,436,0,0,0,436,A
7-M,720,0,1,0,438,439,C
7-M,721,0,0,0,439,439,C
7-M,722,440,0,0,0,440,A
7-M,723,0,0,440,0,440,G
7-M,724,441,0,0,0,441,A
7-M,725,438,0,1,0,439,A
7-M,726,0,0,439,0,439,G
7-M,727,0,0,0,438,438,C
7-M,728,1,0,436,0,437,G
7-M,729,437,0,0,0,437,A
7-M,730,436,0,1,0,437,A
7-M,731,0,434,0,0,434,T
7-M,732,0,0,420,0,420,G
7-M,733,1,0,420,0,421,G
7-M,734,0,0,421,0,421,G
7-M,735,434,0,1,0,435,A
7-M,736,0,0,431,0,431,G
7-M,737,0,438,0,0,438,T
7-M,738,0,0,437,0,437,G
7-M,739,0,1,0,440,441,C
7-M,740,438,0,0,0,438,A
7-M,741,0,1,438,0,439,G
7-M,742,440,0,0,0,440,A
7-M,743,0,439,0,1,440,T
7-M,744,0,0,439,0,439,G
7-M,745,0,1,0,438,439,C
7-M,746,439,0,0,0,439,A
7-M,747,0,0,439,0,439,G
7-M,748,0,0,0,439,439,C
7-M,749,0,0,439,0,439,G
7-M,750,439,0,0,0,439,A
7-M,751,0,439,0,0,439,T
7-M,752,0,439,0,0,439,T
7-M,753,0,0,0,438,438,C
7-M,754,436,0,0,0,436,A
7-M,755,436,0,0,0,436,A
7-M,756,0,0,439,0,439,G
7-M,757,0,439,0,0,439,T
7-M,758,0,0,438,0,438,G
7-M,759,435,0,3,0,438,A
7-M,760,0,435,0,0,435,T
7-M,761,0,0,0,431,431,C
7-M,762,0,1,0,428,429,C
7-M,763,0,427,0,1,428,T
7-M,764,0,0,0,429,429,C
7-M,765,0,429,0,0,429,T
7-M,766,0,1,0,427,428,C
7-M,767,0,0,429,0,429,G
7-M,768,0,428,0,1,429,T
7-M,769,0,1,0,430,431,C
7-M,770,429,0,0,0,429,A
7-M,771,0,429,0,0,429,T
7-M,772,0,428,0,0,428,T
7-M,773,0,0,429,0,429,G
7-M,774,0,0,0,429,429,C
7-M,775,428,0,0,0,428,A
7-M,776,0,0,426,0,426,G
7-M,777,0,0,0,421,421,C
7-M,778,390,0,0,0,390,A
7-M,779,391,0,0,0,391,A
7-M,780,389,0,0,0,389,A
7-M,781,0,417,0,0,417,T
7-M,782,418,0,0,0,418,A
7-M,783,0,417,0,4,421,T
7-M,784,0,0,0,421,421,C
7-M,785,421,0,0,0,421,A
7-M,786,0,419,0,0,419,T
7-M,787,0,419,0,0,419,T
7-M,788,0,0,400,0,400,G
7-M,789,0,0,398,0,398,G
7-M,790,0,0,401,0,401,G
7-M,791,415,0,0,0,415,A
7-M,792,0,417,0,0,417,T
7-M,793,0,0,0,417,417,C
7-M,794,0,414,1,0,415,T
7-M,795,0,415,0,0,415,T
7-M,796,0,0,416,0,416,G
7-M,797,0,0,0,415,415,C
7-M,798,415,0,0,0,415,A
7-M,799,0,0,0,414,414,C
7-M,800,1,0,0,413,414,C
7-M,801,0,416,0,0,416,T
7-M,802,1,0,415,0,416,G
7-M,803,416,0,0,0,416,A
7-M,804,0,413,0,0,413,T
7-M,805,411,0,0,0,411,A
7-M,806,0,411,0,0,411,T
7-M,807,0,411,0,0,411,T
7-M,808,0,0,411,0,411,G
7-M,809,0,407,0,2,409,T
7-M,810,1,0,403,0,404,G
7-M,811,0,0,404,0,404,G
7-M,812,405,0,0,0,405,A
7-M,813,0,407,0,0,407,T
7-M,814,0,409,0,0,409,T
7-M,815,408,0,0,0,408,A
7-M,816,0,0,0,409,409,C
7-M,817,0,406,0,0,406,T
7-M,818,0,0,402,0,402,G
7-M,819,402,0,0,0,402,A
7-M,820,0,400,0,0,400,T
7-M,821,0,0,0,386,386,C
7-M,822,0,0,375,0,375,G
7-M,823,0,137,0,0,137,T
7-M,824,0,1,0,293,294,C
7-M,825,0,117,0,4,121,T
7-M,826,0,145,0,0,145,T
7-M,827,0,193,0,0,193,T
7-M,828,0,194,0,0,194,T
7-M,829,0,193,0,0,193,T
7-M,830,0,169,0,0,169,T
7-M,831,0,135,0,4,139,T
7-M,832,0,3,0,329,332,C
7-M,833,331,0,0,0,331,A
7-M,834,339,0,0,0,339,A
7-M,835,349,0,0,0,349,A
7-M,836,0,364,0,0,364,T
7-M,837,0,0,363,0,363,G
7-M,838,0,353,0,0,353,T
7-M,839,368,0,0,0,368,A
7-M,840,0,358,0,0,358,T
7-M,841,0,357,0,0,357,T
7-M,842,0,354,0,0,354,T
7-M,843,371,0,0,0,371,A
7-M,844,0,374,0,0,374,T
7-M,845,0,0,0,375,375,C
7-M,846,0,0,374,0,374,G
7-M,847,0,374,0,1,375,T
7-M,848,0,0,0,375,375,C
7-M,849,0,0,370,0,370,G
7-M,850,0,0,0,366,366,C
7-M,851,0,353,0,0,353,T
7-M,852,0,350,0,0,350,T
7-M,853,0,350,0,0,350,T
7-M,854,346,0,0,0,346,A
7-M,855,341,0,0,0,341,A
7-M,856,338,0,0,0,338,A
7-M,857,0,315,0,0,315,T
7-M,858,346,0,1,0,347,A
7-M,859,0,0,0,359,359,C
7-M,860,0,0,350,0,350,G
7-M,861,0,0,351,0,351,G
7-M,862,0,329,0,1,330,T
7-M,863,0,330,0,0,330,T
7-M,864,0,330,0,0,330,T
7-M,865,0,0,338,0,338,G
7-M,866,316,0,0,0,316,A
7-M,867,316,0,0,0,316,A
7-M,868,320,0,0,0,320,A
7-M,869,322,0,0,0,322,A
7-M,870,0,0,324,0,324,G
7-M,871,360,0,0,0,360,A
7-M,872,1,0,363,0,364,G
7-M,873,0,0,364,0,364,G
7-M,874,1,0,367,0,368,G
7-M,875,0,0,0,365,365,C
7-M,876,0,0,0,367,367,C
7-M,877,0,371,0,0,371,T
7-M,878,0,370,0,0,370,T
7-M,879,0,0,0,389,389,C
7-M,880,0,402,0,0,402,T
7-M,881,402,0,0,0,402,A
7-M,882,0,0,0,403,403,C
7-M,883,402,0,0,0,402,A
7-M,884,1,0,402,0,403,G
7-M,885,401,0,0,0,401,A
7-M,886,404,0,0,0,404,A
7-M,887,0,0,406,0,406,G
7-M,888,0,0,405,0,405,G
7-M,889,408,0,0,0,408,A
7-M,890,0,0,410,0,410,G
7-M,891,0,411,0,0,411,T
7-M,892,0,0,414,0,414,G
7-M,893,0,0,0,409,409,C
7-M,894,0,0,0,411,411,C
7-M,895,0,410,0,3,413,T
7-M,896,0,0,417,0,417,G
7-M,897,419,0,0,0,419,A
7-M,898,0,0,418,0,418,G
7-M,899,0,411,0,1,412,T
7-M,900,0,0,0,412,412,C
7-M,901,0,0,0,411,411,C
7-M,902,417,0,0,0,417,A
7-M,903,0,415,0,0,415,T
7-M,904,0,0,398,0,398,G
7-M,905,409,0,0,0,409,A
7-M,906,0,0,404,0,404,G
7-M,907,0,1,396,0,397,G
7-M,908,0,0,401,0,401,G
7-M,909,406,0,0,0,406,A
7-M,910,405,0,0,0,405,A
7-M,911,0,0,412,0,412,G
7-M,912,411,0,1,0,412,A
7-M,913,411,0,1,0,412,A
7-M,914,0,420,0,0,420,T
7-M,915,421,0,1,0,422,A
7-M,916,0,421,0,0,421,T
7-M,917,0,0,0,421,421,C
7-M,918,416,0,0,0,416,A
7-M,919,416,0,0,0,416,A
7-M,920,0,0,0,414,414,C
7-M,921,411,0,0,0,411,A
7-M,922,0,0,411,0,411,G
7-M,923,2,0,410,0,412,G
7-M,924,422,0,0,0,422,A
7-M,925,422,0,0,0,422,A
7-M,926,0,0,0,422,422,C
7-M,927,424,0,1,0,425,A
7-M,928,1,0,424,0,425,G
7-M,929,0,1,0,428,429,C
7-M,930,427,0,0,0,427,A
7-M,931,0,0,426,0,426,G
7-M,932,425,0,0,0,425,A
7-M,933,0,0,426,0,426,G
7-M,934,0,427,0,0,427,T
7-M,935,0,0,426,0,426,G
7-M,936,0,0,0,428,428,C
7-M,937,0,427,0,0,427,T
7-M,938,0,0,421,0,421,G
7-M,939,0,422,0,1,423,T
7-M,940,1,0,420,0,421,G
7-M,941,0,0,420,0,420,G
7-M,942,420,0,0,0,420,A
7-M,943,0,415,0,0,415,T
7-M,944,0,0,407,0,407,G
7-M,945,0,407,0,0,407,T
7-M,946,0,406,0,0,406,T
7-M,947,0,0,421,0,421,G
7-M,948,423,0,2,0,425,A
7-M,949,0,0,0,425,425,C
7-M,950,0,0,423,0,423,G
7-M,951,419,0,1,0,420,A
7-M,952,0,419,0,0,419,T
7-M,953,0,0,414,0,414,G
7-M,954,0,0,415,0,415,G
7-M,955,0,414,0,0,414,T
7-M,956,0,0,0,416,416,C
7-M,957,413,0,0,0,413,A
7-M,958,1,355,0,0,356,T
7-M,959,0,358,0,0,358,T
7-M,960,0,358,0,0,358,T
7-M,961,0,358,1,0,359,T
7-M,962,1,1,411,0,413,G
7-M,963,0,415,0,0,415,T
7-M,964,0,0,0,425,425,C
7-M,965,424,0,0,0,424,A
7-M,966,423,0,0,0,423,A
7-M,967,0,0,0,424,424,C
7-M,968,430,0,0,0,430,A
7-M,969,0,430,0,0,430,T
7-M,970,430,0,0,0,430,A
7-M,971,0,0,430,0,430,G
7-M,972,427,0,1,0,428,A
7-M,973,0,0,425,0,425,G
7-M,974,0,0,0,419,419,C
7-M,975,1,416,0,0,417,T
7-M,976,396,0,0,0,396,A
7-M,977,0,0,384,0,384,G
7-M,978,320,0,0,0,320,A
7-M,979,0,0,336,0,336,G
7-M,980,0,292,0,0,292,T
7-M,981,177,0,0,0,177,A
7-M,982,185,0,0,0,185,A
7-M,983,191,0,0,0,191,A
7-M,984,190,0,0,0,190,A
7-M,985,184,0,0,0,184,A
7-M,986,178,0,0,1,179,A
7-M,987,0,0,0,269,269,C
7-M,988,1,324,0,0,325,T
7-M,989,379,0,0,1,380,A
7-M,990,0,0,0,363,363,C
7-M,991,0,0,0,368,368,C
7-M,992,0,354,0,0,354,T
7-M,993,0,353,0,0,353,T
7-M,994,0,0,399,0,399,G
7-M,995,0,368,0,0,368,T
7-M,996,0,373,0,0,373,T
7-M,997,0,376,0,0,376,T
7-M,998,0,0,0,414,414,C
7-M,999,0,421,0,0,421,T
7-M,1000,422,0,0,0,422,A
7-M,1001,0,0,0,422,422,C
7-M,1002,0,424,0,0,424,T
7-M,1003,0,0,423,0,423,G
8-NS,-25,824,0,0,0,824,A
8-NS,-24,0,0,823,0,823,G
8-NS,-23,0,0,0,825,825,C
8-NS,-22,252,0,511,0,763,G
8-NS,-21,827,0,0,0,827,A
8-NS,-20,833,0,0,0,833,A
8-NS,-19,820,0,1,0,821,A
8-NS,-18,1,0,887,0,888,G
8-NS,-17,0,0,0,925,925,C
8-NS,-16,926,0,1,0,927,A
8-NS,-15,0,0,853,0,853,G
8-NS,-14,0,0,847,0,847,G
8-NS,-13,0,0,841,0,841,G
8-NS,-12,0,882,0,1,883,T
8-NS,-11,0,0,818,0,818,G
8-NS,-10,892,1,2,0,895,A
8-NS,-9,1,0,0,891,892,C
8-NS,-8,697,1,0,1,699,A
8-NS,-7,702,0,0,0,702,A
8-NS,-6,705,0,0,0,705,A
8-NS,-5,689,0,0,0,689,A
8-NS,-4,688,0,0,0,688,A
8-NS,-3,0,0,0,804,804,C
8-NS,-2,754,0,0,0,754,A
8-NS,-1,0,876,0,0,876,T
8-NS,0,875,0,0,0,875,A
8-NS,1,889,0,1,0,890,A
8-NS,2,0,921,0,0,921,T
8-NS,3,0,0,907,0,907,G
8-NS,4,0,0,907,0,907,G
8-NS,5,918,0,0,0,918,A
8-NS,6,0,0,0,930,930,C
8-NS,7,0,935,0,0,935,T
8-NS,8,0,0,0,926,926,C
8-NS,9,0,0,0,928,928,C
8-NS,10,874,0,2,0,876,A
8-NS,11,877,0,0,0,877,A
8-NS,12,0,0,0,880,880,C
8-NS,13,897,0,2,0,899,A
8-NS,14,0,0,0,909,909,C
8-NS,15,0,2,0,906,908,C
8-NS,16,951,0,0,0,951,A
8-NS,17,0,956,0,0,956,T
8-NS,18,0,0,952,0,952,G
8-NS,19,0,953,0,2,955,T
8-NS,20,0,0,0,954,954,C
8-NS,21,944,0,0,0,944,A
8-NS,22,942,0,0,0,942,A
8-NS,23,0,0,940,0,940,G
8-NS,24,0,0,0,935,935,C
8-NS,25,0,878,0,0,878,T
8-NS,26,0,876,0,0,876,T
8-NS,27,0,875,0,0,875,T
8-NS,28,0,0,0,929,929,C
8-NS,29,937,0,0,0,937,A
8-NS,30,0,0,927,0,927,G
8-NS,31,1,0,924,0,925,G
8-NS,32,0,926,0,1,927,T
8-NS,33,941,0,0,0,941,A
8-NS,34,0,0,931,0,931,G
8-NS,35,945,0,0,0,945,A
8-NS,36,0,0,0,953,953,C
8-NS,37,0,950,0,0,950,T
8-NS,38,0,0,930,0,930,G
8-NS,39,0,850,1,2,853,T
8-NS,40,0,844,1,1,846,T
8-NS,41,0,848,0,0,848,T
8-NS,42,0,0,0,854,854,C
8-NS,43,0,0,0,853,853,C
8-NS,44,0,705,0,0,705,T
8-NS,45,0,698,0,0,698,T
8-NS,46,0,707,0,0,707,T
8-NS,47,0,0,890,0,890,G
8-NS,48,0,0,887,0,887,G
8-NS,49,1,0,0,943,944,C
8-NS,50,947,0,0,0,947,A
8-NS,51,0,953,0,0,953,T
8-NS,52,950,0,0,0,950,A
8-NS,53,0,948,0,0,948,T
8-NS,54,0,0,0,937,937,C
8-NS,55,0,1,0,936,937,C
8-NS,56,0,0,940,0,940,G
8-NS,57,0,0,0,936,936,C
8-NS,58,937,0,0,0,937,A
8-NS,59,938,0,1,0,939,A
8-NS,60,0,0,948,0,948,G
8-NS,61,0,0,0,953,953,C
8-NS,62,0,0,957,0,957,G
8-NS,63,951,0,0,0,951,A
8-NS,64,0,916,0,0,916,T
8-NS,65,0,913,0,0,913,T
8-NS,66,0,910,0,0,910,T
8-NS,67,0,0,951,0,951,G
8-NS,68,0,2,0,951,953,C
8-NS,69,955,0,2,0,957,A
8-NS,70,0,0,959,0,959,G
8-NS,71,956,0,1,0,957,A
8-NS,72,0,0,0,953,953,C
8-NS,73,954,0,0,0,954,A
8-NS,74,952,0,0,0,952,A
8-NS,75,0,950,0,0,950,T
8-NS,76,0,0,942,0,942,G
8-NS,77,0,0,944,0,944,G
8-NS,78,943,0,0,0,943,A
8-NS,79,0,942,0,0,942,T
8-NS,80,0,942,0,0,942,T
8-NS,81,1,0,886,0,887,G
8-NS,82,0,0,864,0,864,G
8-NS,83,0,0,863,0,863,G
8-NS,84,0,879,0,2,881,T
8-NS,85,0,0,879,0,879,G
8-NS,86,924,0,0,0,924,A
8-NS,87,0,933,0,0,933,T
8-NS,88,0,0,931,0,931,G
8-NS,89,0,0,0,866,866,C
8-NS,90,0,0,0,866,866,C
8-NS,91,0,0,0,865,865,C
8-NS,92,0,0,0,861,861,C
8-NS,93,902,0,0,0,902,A
8-NS,94,0,889,0,0,889,T
8-NS,95,0,890,0,1,891,T
8-NS,96,0,0,0,889,889,C
8-NS,97,0,0,0,887,887,C
8-NS,98,0,898,1,1,900,T
8-NS,99,0,902,0,0,902,T
8-NS,100,0,0,923,0,923,G
8-NS,101,925,0,0,0,925,A
8-NS,102,0,924,0,0,924,T
8-NS,103,0,0,0,921,921,C
8-NS,104,1,0,919,0,920,G
8-NS,105,0,0,919,0,919,G
8-NS,106,0,2,0,917,919,C
8-NS,107,0,911,0,2,913,T
8-NS,108,0,0,0,901,901,C
8-NS,109,0,1,0,902,903,C
8-NS,110,0,0,904,0,904,G
8-NS,111,0,2,0,892,894,C
8-NS,112,0,0,0,892,892,C
8-NS,113,0,0,893,0,893,G
8-NS,114,900,0,0,0,900,A
8-NS,115,0,2,901,0,903,G
8-NS,116,907,0,0,0,907,A
8-NS,117,0,908,0,1,909,T
8-NS,118,0,2,0,907,909,C
8-NS,119,846,0,0,0,846,A
8-NS,120,846,0,0,0,846,A
8-NS,121,841,0,0,0,841,A
8-NS,122,837,0,0,0,837,A
8-NS,123,0,0,879,0,879,G
8-NS,124,0,867,0,0,867,T
8-NS,125,0,1,0,860,861,C
8-NS,126,0,1,0,860,861,C
8-NS,127,0,836,0,1,837,T
8-NS,128,0,836,0,0,836,T
8-NS,129,798,0,0,0,798,A
8-NS,130,798,0,0,0,798,A
8-NS,131,793,0,0,0,793,A
8-NS,132,791,0,2,0,793,A
8-NS,133,0,0,806,0,806,G
8-NS,134,0,0,806,0,806,G
8-NS,135,760,0,0,0,760,A
8-NS,136,755,0,1,0,756,A
8-NS,137,1,0,836,0,837,G
8-NS,138,848,0,2,0,850,A
8-NS,139,0,0,859,0,859,G
8-NS,140,0,0,857,0,857,G
8-NS,141,0,1,0,863,864,C
8-NS,142,858,0,1,0,859,A
8-NS,143,859,0,1,0,860,A
8-NS,144,0,0,0,861,861,C
8-NS,145,864,0,0,0,864,A
8-NS,146,0,0,0,854,854,C
8-NS,147,0,0,0,848,848,C
8-NS,148,1,0,0,854,855,C
8-NS,149,0,842,0,0,842,T
8-NS,150,0,841,0,0,841,T
8-NS,151,0,0,846,0,846,G
8-NS,152,0,0,848,0,848,G
8-NS,153,0,0,0,875,875,C
8-NS,154,1,0,0,874,875,C
8-NS,155,0,874,0,2,876,T
8-NS,156,2,1,0,871,874,C
8-NS,157,0,0,876,0,876,G
8-NS,158,874,0,0,1,875,A
8-NS,159,0,876,0,0,876,T
8-NS,160,874,0,0,0,874,A
8-NS,161,0,874,0,0,874,T
8-NS,162,0,0,0,872,872,C
8-NS,163,0,0,865,0,865,G
8-NS,164,807,0,0,0,807,A
8-NS,165,793,0,0,0,793,A
8-NS,166,788,0,1,0,789,A
8-NS,167,0,0,0,819,819,C
8-NS,168,839,0,0,0,839,A
8-NS,169,0,0,864,0,864,G
8-NS,170,0,0,0,866,866,C
8-NS,171,0,1,0,866,867,C
8-NS,172,865,0,0,0,865,A
8-NS,173,0,1,0,859,860,C
8-NS,174,0,856,0,0,856,T
8-NS,175,0,0,0,842,842,C
8-NS,176,0,828,0,0,828,T
8-NS,177,0,816,0,0,816,T
8-NS,178,1,0,799,0,800,G
8-NS,179,0,799,0,0,799,T
8-NS,180,0,815,0,0,815,T
8-NS,181,0,0,809,0,809,G
8-NS,182,0,0,790,0,790,G
8-NS,183,0,0,801,0,801,G
8-NS,184,749,0,0,0,749,A
8-NS,185,733,0,0,0,733,A
8-NS,186,737,0,0,0,737,A
8-NS,187,0,0,0,778,778,C
8-NS,188,698,0,0,0,698,A
8-NS,189,723,0,0,0,723,A
8-NS,190,742,0,0,0,742,A
8-NS,191,0,854,0,0,854,T
8-NS,192,0,2,0,854,856,C
8-NS,193,0,0,857,0,857,G
8-NS,194,0,855,0,0,855,T
8-NS,195,0,0,846,0,846,G
8-NS,196,0,0,846,0,846,G
8-NS,197,848,0,0,0,848,A
8-NS,198,848,0,0,0,848,A
8-NS,199,0,856,0,0,856,T
8-NS,200,0,0,856,0,856,G
8-NS,201,0,0,855,0,855,G
8-NS,202,856,0,0,0,856,A
8-NS,203,0,859,0,0,859,T
8-NS,204,0,0,0,858,858,C
8-NS,205,0,854,0,2,856,T
8-NS,206,0,853,0,0,853,T
8-NS,207,0,0,842,0,842,G
8-NS,208,798,0,0,0,798,A
8-NS,209,797,0,0,0,797,A
8-NS,210,798,0,0,0,798,A
8-NS,211,0,0,841,0,841,G
8-NS,212,810,0,0,0,810,A
8-NS,213,0,0,845,0,845,G
8-NS,214,0,0,847,0,847,G
8-NS,215,854,0,0,0,854,A
8-NS,216,852,0,1,1,854,A
8-NS,217,0,856,0,0,856,T
8-NS,218,0,0,0,852,852,C
8-NS,219,0,0,0,851,851,C
8-NS,220,854,1,0,0,855,A
8-NS,221,1,0,859,0,860,G
8-NS,222,0,0,0,860,860,C
8-NS,223,0,0,859,0,859,G
8-NS,224,858,0,0,0,858,A
8-NS,225,0,0,859,0,859,G
8-NS,226,859,0,0,0,859,A
8-NS,227,1,2,0,857,860,C
8-NS,228,850,0,1,0,851,A
8-NS,229,0,0,0,845,845,C
8-NS,230,0,836,0,0,836,T
8-NS,231,0,839,0,0,839,T
8-NS,232,842,0,0,0,842,A
8-NS,233,0,0,856,0,856,G
8-NS,234,859,0,0,0,859,A
8-NS,235,860,0,0,0,860,A
8-NS,236,0,857,0,2,859,T
8-NS,237,1,0,859,0,860,G
8-NS,238,860,0,0,0,860,A
8-NS,239,0,0,0,860,860,C
8-NS,240,856,0,0,0,856,A
8-NS,241,858,0,0,0,858,A
8-NS,242,0,855,0,0,855,T
8-NS,243,0,850,0,0,850,T
8-NS,244,1,0,851,0,852,G
8-NS,245,0,0,0,851,851,C
8-NS,246,850,0,0,0,850,A
8-NS,247,0,850,0,0,850,T
8-NS,248,0,0,0,848,848,C
8-NS,249,0,848,0,0,848,T
8-NS,250,0,0,846,0,846,G
8-NS,251,0,838,0,0,838,T
8-NS,252,820,0,0,0,820,A
8-NS,253,0,0,0,818,818,C
8-NS,254,0,0,0,819,819,C
8-NS,255,0,830,0,0,830,T
8-NS,256,829,0,0,0,829,A
8-NS,257,2,0,0,826,828,C
8-NS,258,0,824,0,0,824,T
8-NS,259,0,823,0,1,824,T
8-NS,260,0,0,0,824,824,C
8-NS,261,0,0,825,0,825,G
8-NS,262,0,0,0,824,824,C
8-NS,263,0,0,819,0,819,G
8-NS,264,0,0,0,816,816,C
8-NS,265,0,808,0,1,809,T
8-NS,266,786,0,0,0,786,A
8-NS,267,0,0,0,752,752,C
8-NS,268,0,0,0,753,753,C
8-NS,269,0,727,0,1,728,T
8-NS,270,0,726,0,0,726,T
8-NS,271,0,734,0,0,734,T
8-NS,272,0,0,0,770,770,C
8-NS,273,0,767,0,0,767,T
8-NS,274,1,0,783,0,784,G
8-NS,275,784,0,0,0,784,A
8-NS,276,0,0,0,783,783,C
8-NS,277,785,0,1,0,786,A
8-NS,278,0,783,0,1,784,T
8-NS,279,0,0,774,0,774,G
8-NS,280,754,0,1,0,755,A
8-NS,281,0,1,0,706,707,C
8-NS,282,0,0,0,706,706,C
8-NS,283,0,0,0,706,706,C
8-NS,284,0,747,0,0,747,T
8-NS,285,1,0,0,724,725,C
8-NS,286,0,0,728,0,728,G
8-NS,287,702,0,0,0,702,A
8-NS,288,0,0,643,0,643,G
8-NS,289,1,0,642,0,643,G
8-NS,290,565,0,0,0,565,A
8-NS,291,561,0,0,0,561,A
8-NS,292,564,0,0,0,564,A
8-NS,293,0,677,0,0,677,T
8-NS,294,0,0,690,0,690,G
8-NS,295,0,689,0,1,690,T
8-NS,296,0,1,0,690,691,C
8-NS,297,689,0,1,0,690,A
8-NS,298,0,0,0,687,687,C
8-NS,299,0,0,687,0,687,G
8-NS,300,687,0,0,0,687,A
8-NS,301,0,0,687,0,687,G
8-NS,302,685,0,1,0,686,A
8-NS,303,0,2,0,686,688,C
8-NS,304,0,688,0,0,688,T
8-NS,305,1,0,674,0,675,G
8-NS,306,0,0,675,0,675,G
8-NS,307,0,674,0,0,674,T
8-NS,308,0,674,0,0,674,T
8-NS,309,0,0,0,677,677,C
8-NS,310,681,0,0,0,681,A
8-NS,311,0,680,0,0,680,T
8-NS,312,0,0,679,0,679,G
8-NS,313,0,1,0,679,680,C
8-NS,314,0,679,0,1,680,T
8-NS,315,0,0,0,680,680,C
8-NS,316,680,0,0,0,680,A
8-NS,317,0,680,0,0,680,T
8-NS,318,0,0,680,0,680,G
8-NS,319,0,0,0,675,675,C
8-NS,320,0,0,0,672,672,C
8-NS,321,0,669,0,0,669,T
8-NS,322,666,0,0,0,666,A
8-NS,323,0,0,660,0,660,G
8-NS,324,0,0,651,0,651,G
8-NS,325,0,0,0,614,614,C
8-NS,326,483,0,0,0,483,A
8-NS,327,481,0,0,0,481,A
8-NS,328,471,0,0,0,471,A
8-NS,329,466,0,0,0,466,A
8-NS,330,0,0,506,0,506,G
8-NS,331,383,0,0,0,383,A
8-NS,332,0,479,0,0,479,T
8-NS,333,478,0,0,0,478,A
8-NS,334,479,0,0,0,479,A
8-NS,335,0,487,0,0,487,T
8-NS,336,486,0,1,0,487,A
8-NS,337,0,0,485,0,485,G
8-NS,338,0,0,486,0,486,G
8-NS,339,0,0,0,479,479,C
8-NS,340,0,0,0,477,477,C
8-NS,341,0,0,0,476,476,C
8-NS,342,0,471,0,0,471,T
8-NS,343,0,0,0,437,437,C
8-NS,344,0,448,0,0,448,T
8-NS,345,0,450,0,0,450,T
8-NS,346,0,452,0,0,452,T
8-NS,347,0,0,474,0,474,G
8-NS,348,0,0,0,472,472,C
8-NS,349,0,0,471,0,471,G
8-NS,350,0,471,0,1,472,T
8-NS,351,0,0,471,0,471,G
8-NS,352,0,0,0,472,472,C
8-NS,353,0,0,471,0,471,G
8-NS,354,473,0,0,0,473,A
8-NS,355,0,470,0,0,470,T
8-NS,356,0,470,0,0,470,T
8-NS,357,0,0,470,0,470,G
8-NS,358,0,0,469,0,469,G
8-NS,359,469,0,0,0,469,A
8-NS,360,0,0,0,468,468,C
8-NS,361,0,0,0,468,468,C
8-NS,362,468,0,0,0,468,A
8-NS,363,0,0,468,0,468,G
8-NS,364,0,0,464,0,464,G
8-NS,365,0,0,0,461,461,C
8-NS,366,0,0,446,0,446,G
8-NS,367,0,0,440,0,440,G
8-NS,368,0,440,0,0,440,T
8-NS,369,0,0,0,441,441,C
8-NS,370,439,0,1,0,440,A
8-NS,371,0,436,0,0,436,T
8-NS,372,0,0,421,0,421,G
8-NS,373,0,0,421,0,421,G
8-NS,374,372,0,0,0,372,A
8-NS,375,370,0,0,0,370,A
8-NS,376,362,0,0,0,362,A
8-NS,377,291,0,0,0,291,A
8-NS,378,0,0,287,0,287,G
8-NS,379,202,0,0,0,202,A
8-NS,380,209,0,0,0,209,A
8-NS,381,0,0,0,282,282,C
8-NS,382,294,0,0,0,294,A
8-NS,383,0,299,0,0,299,T
8-NS,384,303,0,0,0,303,A
8-NS,385,0,0,306,0,306,G
8-NS,386,0,308,0,0,308,T
8-NS,387,313,0,0,0,313,A
8-NS,388,0,0,0,319,319,C
8-NS,389,0,318,0,0,318,T
8-NS,390,0,0,313,0,313,G
8-NS,391,294,0,0,0,294,A
8-NS,392,295,0,0,0,295,A
8-NS,393,294,0,0,0,294,A
8-NS,394,1,0,309,0,310,G
8-NS,395,0,0,0,310,310,C
8-NS,396,0,0,310,0,310,G
8-NS,397,307,0,0,0,307,A
8-NS,398,306,0,0,0,306,A
8-NS,399,0,1,0,309,310,C
8-NS,400,0,313,0,0,313,T
8-NS,401,0,312,0,1,313,T
8-NS,402,0,0,0,313,313,C
8-NS,403,311,0,0,0,311,A
8-NS,404,0,0,310,0,310,G
8-NS,405,0,309,0,0,309,T
8-NS,406,0,1,307,0,308,G
8-NS,407,0,306,0,0,306,T
8-NS,408,301,0,0,0,301,A
8-NS,409,300,0,0,0,300,A
8-NS,410,0,277,0,0,277,T
8-NS,411,0,0,0,300,300,C
8-NS,412,0,294,0,0,294,T
8-NS,413,0,291,0,0,291,T
8-NS,414,0,292,0,0,292,T
8-NS,415,300,0,0,0,300,A
8-NS,416,300,0,0,0,300,A
8-NS,417,0,0,0,314,314,C
8-NS,418,0,1,0,312,313,C
8-NS,419,0,0,318,0,318,G
8-NS,420,323,0,0,0,323,A
8-NS,421,0,327,0,0,327,T
8-NS,422,0,329,0,0,329,T
8-NS,423,336,0,0,0,336,A
8-NS,424,0,0,340,0,340,G
8-NS,425,339,0,0,0,339,A
8-NS,426,0,0,339,0,339,G
8-NS,427,337,0,0,0,337,A
8-NS,428,2,0,0,333,335,C
8-NS,429,0,0,0,335,335,C
8-NS,430,0,336,0,0,336,T
8-NS,431,0,335,0,0,335,T
8-NS,432,0,0,337,0,337,G
8-NS,433,339,0,0,0,339,A
8-NS,434,0,337,0,0,337,T
8-NS,435,336,0,1,0,337,A
8-NS,436,0,0,0,337,337,C
8-NS,437,0,336,0,0,336,T
8-NS,438,336,0,0,0,336,A
8-NS,439,0,0,0,336,336,C
8-NS,440,0,332,0,0,332,T
8-NS,441,325,0,0,0,325,A
8-NS,442,325,0,0,0,325,A
8-NS,443,4,0,310,0,314,G
8-NS,444,0,0,312,0,312,G
8-NS,445,0,0,313,0,313,G
8-NS,446,0,0,0,334,334,C
8-NS,447,0,331,0,0,331,T
8-NS,448,0,326,0,0,326,T
8-NS,449,0,321,0,0,321,T
8-NS,450,0,0,0,325,325,C
8-NS,451,324,0,0,0,324,A
8-NS,452,0,0,0,325,325,C
8-NS,453,0,325,0,0,325,T
8-NS,454,0,0,315,0,315,G
8-NS,455,308,0,0,0,308,A
8-NS,456,0,0,274,0,274,G
8-NS,457,0,0,268,0,268,G
8-NS,458,297,0,0,0,297,A
8-NS,459,0,0,290,0,290,G
8-NS,460,0,0,291,0,291,G
8-NS,461,0,0,291,0,291,G
8-NS,462,308,0,1,0,309,A
8-NS,463,0,1,307,0,308,G
8-NS,464,0,0,0,309,309,C
8-NS,465,311,0,0,0,311,A
8-NS,466,311,0,0,0,311,A
8-NS,467,0,312,0,0,312,T
8-NS,468,315,0,0,0,315,A
8-NS,469,0,0,316,0,316,G
8-NS,470,0,314,0,0,314,T
8-NS,471,0,315,0,0,315,T
8-NS,472,0,0,310,0,310,G
8-NS,473,0,0,308,0,308,G
8-NS,474,274,0,0,0,274,A
8-NS,475,0,0,313,0,313,G
8-NS,476,318,0,0,0,318,A
8-NS,477,317,0,0,0,317,A
8-NS,478,322,0,0,0,322,A
8-NS,479,0,326,0,0,326,T
8-NS,480,0,325,0,0,325,T
8-NS,481,0,327,0,0,327,T
8-NS,482,0,0,0,346,346,C
8-NS,483,343,0,1,0,344,A
8-NS,484,0,0,0,347,347,C
8-NS,485,0,0,0,348,348,C
8-NS,486,357,0,0,0,357,A
8-NS,487,0,355,0,0,355,T
8-NS,488,0,358,0,0,358,T
8-NS,489,368,0,0,0,368,A
8-NS,490,0,0,0,368,368,C
8-NS,491,0,0,0,373,373,C
8-NS,492,0,384,0,1,385,T
8-NS,493,0,385,0,0,385,T
8-NS,494,0,0,0,399,399,C
8-NS,495,0,403,0,0,403,T
8-NS,496,0,1,0,403,404,C
8-NS,497,0,406,0,0,406,T
8-NS,498,0,412,0,0,412,T
8-NS,499,0,1,0,419,420,C
8-NS,500,0,0,0,421,421,C
8-NS,501,427,0,0,0,427,A
8-NS,502,0,1,424,0,425,G
8-NS,503,0,0,426,0,426,G
8-NS,504,429,0,0,0,429,A
8-NS,505,0,1,0,438,439,C
8-NS,506,440,0,0,2,442,A
8-NS,507,0,443,0,0,443,T
8-NS,508,448,0,0,0,448,A
8-NS,509,0,0,0,443,443,C
8-NS,510,0,442,0,0,442,T
8-NS,511,0,444,0,0,444,T
8-NS,512,456,0,0,0,456,A
8-NS,513,0,458,0,1,459,T
8-NS,514,0,0,463,0,463,G
8-NS,515,463,0,0,0,463,A
8-NS,516,0,0,462,0,462,G
8-NS,517,0,0,462,0,462,G
8-NS,518,462,0,0,0,462,A
8-NS,519,0,462,0,0,462,T
8-NS,520,0,0,461,0,461,G
8-NS,521,0,458,0,1,459,T
8-NS,522,1,0,0,456,457,C
8-NS,523,413,0,0,1,414,A
8-NS,524,414,0,0,0,414,A
8-NS,525,414,0,0,0,414,A
8-NS,526,413,0,0,0,413,A
8-NS,527,412,0,0,0,412,A
8-NS,528,0,472,0,0,472,T
8-NS,529,0,0,476,0,476,G
8-NS,530,0,1,0,474,475,C
8-NS,531,476,0,0,0,476,A
8-NS,532,0,0,439,0,439,G
8-NS,533,0,483,0,0,483,T
8-NS,534,0,485,0,0,485,T
8-NS,535,0,0,476,0,476,G
8-NS,536,0,0,478,0,478,G
8-NS,537,0,0,485,0,485,G
8-NS,538,0,0,487,0,487,G
8-NS,539,0,509,0,2,511,T
8-NS,540,1,0,0,517,518,C
8-NS,541,0,0,0,524,524,C
8-NS,542,0,538,0,0,538,T
8-NS,543,0,0,0,571,571,C
8-NS,544,589,0,0,0,589,A
8-NS,545,0,589,0,0,589,T
8-NS,546,0,0,0,590,590,C
8-NS,547,0,0,591,0,591,G
8-NS,548,0,0,591,0,591,G
8-NS,549,596,0,1,0,597,A
8-NS,550,0,0,599,0,599,G
8-NS,551,0,0,602,0,602,G
8-NS,552,604,0,0,0,604,A
8-NS,553,0,0,0,598,598,C
8-NS,554,0,598,0,2,600,T
8-NS,555,0,601,0,0,601,T
8-NS,556,0,0,617,0,617,G
8-NS,557,616,0,0,0,616,A
8-NS,558,616,0,0,0,616,A
8-NS,559,0,617,0,0,617,T
8-NS,560,0,0,615,0,615,G
8-NS,561,0,0,614,0,614,G
8-NS,562,610,2,2,0,614,A
8-NS,563,613,0,1,0,614,A
8-NS,564,0,612,0,0,612,T
8-NS,565,0,0,594,0,594,G
8-NS,566,0,0,593,0,593,G
8-NS,567,0,588,0,0,588,T
8-NS,568,604,0,0,0,604,A
8-NS,569,620,0,1,0,621,A
8-NS,570,0,0,0,628,628,C
8-NS,571,633,0,1,0,634,A
8-NS,572,0,0,0,635,635,C
8-NS,573,1,0,628,0,629,G
8-NS,574,0,0,629,0,629,G
8-NS,575,0,633,0,0,633,T
8-NS,576,0,631,0,1,632,T
8-NS,577,0,0,0,649,649,C
8-NS,578,0,0,650,0,650,G
8-NS,579,651,0,1,0,652,A
8-NS,580,0,0,649,0,649,G
8-NS,581,0,649,0,0,649,T
8-NS,582,0,0,0,645,645,C
8-NS,583,0,646,0,0,646,T
8-NS,584,0,0,0,645,645,C
8-NS,585,0,646,0,0,646,T
8-NS,586,1,0,643,0,644,G
8-NS,587,611,0,0,0,611,A
8-NS,588,613,0,0,0,613,A
8-NS,589,616,0,0,0,616,A
8-NS,590,615,0,0,0,615,A
8-NS,591,0,650,0,0,650,T
8-NS,592,643,0,1,0,644,A
8-NS,593,0,661,0,0,661,T
8-NS,594,660,0,0,0,660,A
8-NS,595,0,1,0,660,661,C
8-NS,596,663,0,0,0,663,A
8-NS,597,0,0,664,0,664,G
8-NS,598,662,0,0,0,662,A
8-NS,599,0,0,663,0,663,G
8-NS,600,661,0,1,0,662,A
8-NS,601,0,659,0,0,659,T
8-NS,602,0,657,0,0,657,T
8-NS,603,0,0,0,657,657,C
8-NS,604,0,0,661,0,661,G
8-NS,605,1,0,0,655,656,C
8-NS,606,0,646,0,0,646,T
8-NS,607,0,645,1,0,646,T
8-NS,608,1,0,641,0,642,G
8-NS,609,0,0,642,0,642,G
8-NS,610,638,0,0,0,638,A
8-NS,611,0,0,656,0,656,G
8-NS,612,646,0,0,0,646,A
8-NS,613,643,0,0,0,643,A
8-NS,614,645,0,1,0,646,A
8-NS,615,0,0,0,660,660,C
8-NS,616,0,662,0,0,662,T
8-NS,617,1,0,662,0,663,G
8-NS,618,0,664,0,1,665,T
8-NS,619,0,0,666,0,666,G
8-NS,620,666,0,0,0,666,A
8-NS,621,0,665,0,0,665,T
8-NS,622,1,0,664,0,665,G
8-NS,623,662,0,0,0,662,A
8-NS,624,0,0,660,0,660,G
8-NS,625,658,0,0,0,658,A
8-NS,626,652,0,0,0,652,A
8-NS,627,0,640,0,0,640,T
8-NS,628,0,0,581,0,581,G
8-NS,629,0,0,581,0,581,G
8-NS,630,0,0,583,0,583,G
8-NS,631,658,0,0,0,658,A
8-NS,632,0,0,659,0,659,G
8-NS,633,651,0,0,0,651,A
8-NS,634,0,0,0,636,636,C
8-NS,635,0,0,0,636,636,C
8-NS,636,0,639,0,0,639,T
8-NS,637,0,639,0,0,639,T
8-NS,638,0,0,0,659,659,C
8-NS,639,664,0,2,0,666,A
8-NS,640,0,0,0,665,665,C
8-NS,641,0,663,0,0,663,T
8-NS,642,659,0,0,0,659,A
8-NS,643,0,0,0,652,652,C
8-NS,644,0,0,0,648,648,C
8-NS,645,0,647,0,0,647,T
8-NS,646,0,0,0,651,651,C
8-NS,647,0,0,0,655,655,C
8-NS,648,667,0,1,0,668,A
8-NS,649,0,0,670,0,670,G
8-NS,650,669,0,0,0,669,A
8-NS,651,0,0,669,0,669,G
8-NS,652,0,0,0,669,669,C
8-NS,653,664,0,0,0,664,A
8-NS,654,0,0,667,0,667,G
8-NS,655,639,0,0,0,639,A
8-NS,656,638,0,0,0,638,A
8-NS,657,637,0,0,0,637,A
8-NS,658,0,666,0,0,666,T
8-NS,659,0,0,656,0,656,G
8-NS,660,620,0,0,0,620,A
8-NS,661,621,0,0,0,621,A
8-NS,662,625,0,0,0,625,A
8-NS,663,624,0,0,0,624,A
8-NS,664,0,0,661,0,661,G
8-NS,665,0,666,0,0,666,T
8-NS,666,2,0,667,0,669,G
8-NS,667,0,0,671,0,671,G
8-NS,668,0,0,0,674,674,C
8-NS,669,0,0,674,0,674,G
8-NS,670,675,0,0,0,675,A
8-NS,671,0,0,676,0,676,G
8-NS,672,676,0,0,0,676,A
8-NS,673,0,0,676,0,676,G
8-NS,674,0,0,0,675,675,C
8-NS,675,614,0,0,0,614,A
8-NS,676,616,0,0,0,616,A
8-NS,677,0,610,0,0,610,T
8-NS,678,0,603,0,0,603,T
8-NS,679,0,0,640,0,640,G
8-NS,680,0,0,640,0,640,G
8-NS,681,0,0,656,0,656,G
8-NS,682,665,0,2,0,667,A
8-NS,683,0,0,0,669,669,C
8-NS,684,601,0,0,0,601,A
8-NS,685,0,0,653,0,653,G
8-NS,686,614,0,0,0,614,A
8-NS,687,590,0,0,0,590,A
8-NS,688,595,0,0,0,595,A
8-NS,689,0,501,0,0,501,T
8-NS,690,0,509,0,0,509,T
8-NS,691,0,506,0,0,506,T
8-NS,692,0,0,646,0,646,G
8-NS,693,583,0,1,0,584,A
8-NS,694,0,0,659,0,659,G
8-NS,695,0,0,658,0,658,G
8-NS,696,560,0,0,0,560,A
8-NS,697,559,0,0,0,559,A
8-NS,698,563,0,0,0,563,A
8-NS,699,0,667,0,0,667,T
8-NS,700,666,0,0,0,666,A
8-NS,701,666,0,0,0,666,A
8-NS,702,0,0,669,0,669,G
8-NS,703,0,0,666,0,666,G
8-NS,704,0,668,0,1,669,T
8-NS,705,1,0,662,0,663,G
8-NS,706,0,0,664,0,664,G
8-NS,707,0,657,0,0,657,T
8-NS,708,0,654,0,1,655,T
8-NS,709,670,0,0,0,670,A
8-NS,710,671,0,0,0,671,A
8-NS,711,0,678,0,0,678,T
8-NS,712,0,677,0,0,677,T
8-NS,713,0,0,682,0,682,G
8-NS,714,666,0,0,0,666,A
8-NS,715,670,0,0,0,670,A
8-NS,716,0,0,685,0,685,G
8-NS,717,620,0,0,0,620,A
8-NS,718,619,0,0,0,619,A
8-NS,719,618,0,0,0,618,A
8-NS,720,0,673,0,0,673,T
8-NS,721,0,0,696,0,696,G
8-NS,722,0,0,0,698,698,C
8-NS,723,5,0,691,0,696,G
8-NS,724,0,0,698,0,698,G
8-NS,725,2,0,0,705,707,C
8-NS,726,705,0,0,0,705,A
8-NS,727,0,0,0,706,706,C
8-NS,728,707,0,0,1,708,A
8-NS,729,2,0,706,0,708,G
8-NS,730,703,0,1,0,704,A
8-NS,731,0,688,0,0,688,T
8-NS,732,0,684,0,1,685,T
8-NS,733,0,0,687,0,687,G
8-NS,734,656,0,1,0,657,A
8-NS,735,655,0,0,0,655,A
8-NS,736,651,0,3,0,654,A
8-NS,737,0,0,701,0,701,G
8-NS,738,0,1,0,713,714,C
8-NS,739,0,0,716,0,716,G
8-NS,740,713,0,3,0,716,A
8-NS,741,0,0,0,716,716,C
8-NS,742,715,0,0,0,715,A
8-NS,743,0,0,715,0,715,G
8-NS,744,713,0,0,0,713,A
8-NS,745,0,0,713,0,713,G
8-NS,746,707,0,0,0,707,A
8-NS,747,705,0,0,0,705,A
8-NS,748,0,626,0,1,627,T
8-NS,749,691,0,1,0,692,A
8-NS,750,0,0,656,0,656,G
8-NS,751,0,640,0,0,640,T
8-NS,752,0,627,0,0,627,T
8-NS,753,0,633,0,0,633,T
8-NS,754,0,0,0,635,635,C
8-NS,755,0,0,618,0,618,G
8-NS,756,553,0,0,0,553,A
8-NS,757,548,0,0,0,548,A
8-NS,758,0,0,0,629,629,C
8-NS,759,634,0,0,0,634,A
8-NS,760,636,0,0,1,637,A
8-NS,761,639,0,0,0,639,A
8-NS,762,0,689,0,0,689,T
8-NS,763,692,0,0,0,692,A
8-NS,764,696,0,0,0,696,A
8-NS,765,0,0,0,721,721,C
8-NS,766,726,0,0,0,726,A
8-NS,767,0,673,0,0,673,T
8-NS,768,0,675,0,0,675,T
8-NS,769,0,676,0,0,676,T
8-NS,770,717,0,0,0,717,A
8-NS,771,0,727,0,0,727,T
8-NS,772,0,0,727,0,727,G
8-NS,773,0,0,0,727,727,C
8-NS,774,704,0,2,0,706,A
8-NS,775,695,0,0,0,695,A
8-NS,776,0,0,697,0,697,G
8-NS,777,0,0,0,706,706,C
8-NS,778,0,0,0,722,722,C
8-NS,779,0,716,0,0,716,T
8-NS,780,0,713,0,0,713,T
8-NS,781,709,0,0,0,709,A
8-NS,782,0,0,0,724,724,C
8-NS,783,724,0,0,0,724,A
8-NS,784,724,0,0,0,724,A
8-NS,785,0,0,0,723,723,C
8-NS,786,0,732,0,0,732,T
8-NS,787,733,0,0,0,733,A
8-NS,788,0,0,0,738,738,C
8-NS,789,0,736,0,0,736,T
8-NS,790,0,0,726,0,726,G
8-NS,791,0,0,0,705,705,C
8-NS,792,0,690,0,1,691,T
8-NS,793,0,691,0,0,691,T
8-NS,794,0,0,697,0,697,G
8-NS,795,717,0,0,0,717,A
8-NS,796,728,0,0,0,728,A
8-NS,797,0,1,702,0,703,G
8-NS,798,0,704,0,0,704,T
8-NS,799,697,0,0,0,697,A
8-NS,800,1,0,726,0,727,G
8-NS,801,677,0,1,1,679,A
8-NS,802,681,0,1,0,682,A
8-NS,803,0,0,0,688,688,C
8-NS,804,732,0,0,0,732,A
8-NS,805,734,0,1,0,735,A
8-NS,806,0,0,743,0,743,G
8-NS,807,746,0,0,0,746,A
8-NS,808,0,0,745,0,745,G
8-NS,809,732,0,0,0,732,A
8-NS,810,0,729,0,0,729,T
8-NS,811,729,0,0,0,729,A
8-NS,812,732,0,0,0,732,A
8-NS,813,0,0,737,0,737,G
8-NS,814,707,0,1,0,708,A
8-NS,815,0,0,694,0,694,G
8-NS,816,0,0,0,695,695,C
8-NS,817,0,640,0,0,640,T
8-NS,818,0,642,0,0,642,T
8-NS,819,0,626,0,1,627,T
8-NS,820,0,0,0,669,669,C
8-NS,821,0,595,0,0,595,T
8-NS,822,0,0,0,682,682,C
8-NS,823,1,0,682,0,683,G
8-NS,824,0,632,0,0,632,T
8-NS,825,0,629,0,0,629,T
8-NS,826,0,628,0,0,628,T
8-NS,827,0,0,0,701,701,C
8-NS,828,695,0,0,0,695,A
8-NS,829,0,0,642,0,642,G
8-NS,830,0,0,0,635,635,C
8-NS,831,0,481,0,0,481,T
8-NS,832,0,492,0,0,492,T
8-NS,833,532,0,0,0,532,A
8-NS,834,0,606,0,0,606,T
8-NS,835,0,602,0,0,602,T
8-NS,836,0,602,0,0,602,T
8-NS,837,639,0,1,0,640,A
8-NS,838,632,0,0,0,632,A
8-NS,839,0,595,0,0,595,T
8-NS,840,0,0,571,0,571,G
8-NS,841,337,0,0,0,337,A
8-NS,842,0,472,0,0,472,T
8-NS,843,313,3,0,0,316,A
8-NS,844,344,0,0,0,344,A
8-NS,845,361,0,0,0,361,A
8-NS,846,360,0,0,0,360,A
8-NS,847,286,0,0,0,286,A
8-NS,848,279,0,0,0,279,A
8-NS,849,0,0,0,308,308,C
8-NS,850,510,0,1,0,511,A
8-NS,851,0,0,0,554,554,C
8-NS,852,0,0,0,474,474,C
8-NS,853,0,0,0,481,481,C
8-NS,854,0,414,0,0,414,T
8-NS,855,0,414,0,0,414,T
8-NS,856,0,0,633,0,633,G
8-NS,857,0,590,0,0,590,T
8-NS,858,0,602,0,0,602,T
8-NS,859,0,603,0,0,603,T
8-NS,860,0,1,0,698,699,C
8-NS,861,0,710,0,0,710,T
8-NS,862,709,0,0,1,710,A
8-NS,863,0,0,0,711,711,C
8-NS,864,0,712,0,0,712,T
